isim;toplam;ortalamadt;erkek;kadin
MEHMET;1654547;13.09.1967;1654494;53
FATMA;1216833;10.02.1962;48;1216785
MUSTAFA;976926;23.05.1967;976890;36
AYSE;958027;2.03.1965;28;957999
ALI;835233;3.12.1964;835210;23
AHMET;811489;10.02.1968;811466;23
EMINE;784220;6.01.1965;48;784172
HATICE;684256;27.05.1966;22;684234
HASAN;569961;14.01.1964;569950;11
HUSEYIN;550756;12.10.1963;550739;17
IBRAHIM;440142;16.05.1966;440126;16
MURAT;417070;29.2.1977;417022;48
ISMAIL;413250;1.02.1966;413246;4
ZEYNEP;328213;4.05.1965;15;328198
OSMAN;304679;8.10.1962;304674;5
RAMAZAN;283749;4.09.1967;283710;39
OMER;274298;10.11.1967;274289;9
HALIL;265844;22.06.1964;265832;12
YUSUF;247309;4.01.1966;247306;3
MERYEM;217950;6.03.1964;8;217942
ELIF;212567;3.08.1969;22;212545
SULEYMAN;211808;8.11.1963;211803;5
ABDULLAH;200287;21.09.1965;200278;9
SULTAN;178968;28.10.1964;3365;175603
HULYA;168032;5.03.1979;7;168025
YASAR;166296;5.01.1964;147116;19180
MAHMUT;166090;18.07.1963;166080;10
SEVIM;165614;19.11.1967;191;165423
SERIFE;163317;17.01.1960;9;163308
FATIH;162900;11.08.1982;162881;19
RECEP;161775;14.09.1967;161771;4
FADIME;160129;28.03.1964;3;160126
OZLEM;159995;7.09.1984;300;159695
HANIFE;154646;3.06.1961;19;154627
AYSEL;153224;14.01.1972;10;153214
KEMAL;149425;8.12.1962;149371;54
METIN;148205;20.06.1973;148107;98
ADEM;147001;14.12.1973;146995;6
HACER;146311;3.03.1968;35;146276
YASEMIN;146240;1.03.1981;36;146204
HAKAN;145829;10.06.1981;145807;22
HAVVA;145104;27.12.1962;3;145101
DILEK;145020;18.10.1981;301;144719
ZEHRA;142857;29.07.1966;3;142854
AYNUR;135972;11.10.1973;248;135724
LEYLA;135791;23.03.1974;4;135787
SALIH;134832;7.03.1963;134820;12
KADIR;133560;29.09.1967;133485;75
SONGUL;131608;17.06.1978;13;131595
ORHAN;130842;30.12.1972;130834;8
ZELIHA;130131;20.01.1963;4;130127
FILIZ;123946;5.08.1978;185;123761
CEMILE;122793;25.12.1960;4;122789
BAYRAM;120914;24.10.1966;120204;710
KADRIYE;119672;18.02.1966;3;119669
MELEK;117938;25.07.1969;378;117560
SERKAN;115696;18.12.1983;115661;35
SELMA;115335;28.04.1976;7;115328
AYTEN;114970;13.06.1968;13;114957
SEVGI;112756;10.07.1975;124;112632
AYHAN;108873;16.03.1972;96921;11952
GOKHAN;106408;14.10.1984;106352;56
YILMAZ;102708;28.03.1969;102608;100
TURKAN;100587;26.08.1967;142;100445
SIBEL;99427;23.10.1982;9;99418
SEMRA;99290;1.03.1978;5;99285
HAYRIYE;99185;8.01.1958;7;99178
BEKIR;97752;23.05.1962;97749;3
YUKSEL;97140;30.12.1967;54475;42665
HALIME;96759;14.12.1965;4;96755
DERYA;96596;28.08.1983;2195;94401
UGUR;96392;5.04.1981;94912;1480
SUKRAN;95134;7.03.1970;61;95073
ESRA;94705;24.05.1986;8;94697
MUSA;94638;30.05.1967;94633;5
GULSUM;94269;19.02.1964;4;94265
ARZU;94164;26.12.1978;29;94135
SERPIL;93960;14.04.1977;22;93938
GULSEN;92800;5.06.1971;16;92784
EROL;92427;24.06.1971;92420;7
BULENT;92118;3.09.1975;92010;108
NURAY;91779;8.03.1976;590;91189
ERKAN;91310;28.07.1980;91277;33
CEMAL;91136;22.10.1961;90968;168
ASIYE;90433;28.09.1962;2;90431
ISMET;89440;15.02.1960;78218;11222
NURCAN;88957;8.11.1978;472;88485
HACI;87987;15.09.1961;86894;1093
DONDU;87202;3.03.1961;2;87200
NURTEN;87150;8.03.1968;14;87136
GULAY;87146;24.05.1975;50;87096
DURSUN;87044;10.03.1959;71821;15223
ERCAN;86799;24.04.1979;86542;257
CENGIZ;86162;3.05.1973;86149;13
MESUT;85450;26.06.1977;85398;52
ERDAL;82548;3.10.1976;82497;51
KENAN;81659;30.03.1973;81650;9
AYDIN;81076;30.06.1971;80661;415
MUZAFFER;80854;28.05.1962;73832;7022
MUHAMMET;80332;25.12.1975;80328;4
GONUL;80113;18.05.1972;120;79993
KEZIBAN;79893;20.07.1961;0;79893
ARIF;79659;28.06.1965;79573;86
CIGDEM;78309;24.08.1982;6;78303
HAVA;77993;25.12.1959;2;77991
SABAN;77903;16.09.1964;77901;2
RUKIYE;77758;23.12.1967;0;77758
YUNUS;77340;26.07.1974;77335;5
GULER;77299;20.06.1970;188;77111
SUKRU;77177;3.03.1961;77162;15
MERAL;76331;11.03.1975;187;76144
SANIYE;76169;23.03.1960;2;76167
SINAN;75938;11.03.1978;75845;93
UMIT;75272;8.06.1979;69453;5819
GULTEN;75207;2.07.1969;3;75204
NURIYE;75021;5.11.1959;2;75019
PINAR;74887;20.05.1985;83;74804
TUGBA;74757;20.04.1987;18;74739
NACIYE;74369;22.12.1958;4;74365
HANIM;73033;26.11.1959;1;73032
YAKUP;72985;30.06.1968;72982;3
ZEKI;72870;24.12.1966;72852;18
SEDAT;72826;9.03.1976;72741;85
SELAHATTIN;72684;17.02.1964;72682;2
AYSEGUL;72491;14.11.1980;2;72489
YILDIZ;72457;27.09.1971;407;72050
REMZIYE;72408;2.04.1965;5;72403
ZEKIYE;72394;11.11.1959;4;72390
SEHER;72275;21.01.1966;18;72257
CELAL;72212;11.06.1962;72211;1
NECLA;71430;25.04.1970;1;71429
SERDAR;71352;5.05.1981;71262;90
PERIHAN;69895;27.02.1967;3;69892
ENGIN;69754;10.09.1978;68378;1376
NIHAT;69492;23.10.1968;69463;29
YETER;69238;22.07.1962;550;68688
HIKMET;69093;30.06.1963;49296;19797
TULAY;68789;26.01.1976;56;68733
ABDURRAHMAN;68594;19.12.1965;68593;1
EMEL;68461;21.11.1977;75;68386
MUHARREM;68131;27.10.1965;68034;97
HURIYE;67987;9.12.1959;1;67986
SAFIYE;67939;10.04.1962;0;67939
EMRAH;67884;7.09.1986;67413;471
NAZMIYE;67818;24.01.1959;1;67817
ESMA;67599;12.09.1968;1;67598
EBRU;67589;10.10.1984;3;67586
MAKBULE;67429;13.01.1959;3;67426
DENIZ;67298;16.04.1982;28623;38675
SEMA;67014;15.09.1977;116;66898
SERAP;66805;19.02.1981;28;66777
ISA;66514;30.08.1971;66511;3
EKREM;65947;3.06.1967;65939;8
NURAN;65804;5.09.1970;349;65455
EMIN;65770;5.05.1964;65478;292
ADNAN;65586;7.07.1971;65568;18
YASIN;65582;25.02.1980;65550;32
CANAN;65148;13.01.1980;1315;63833
BILAL;65042;28.12.1970;65039;3
MEVLUT;64642;11.10.1962;64497;145
NERMIN;64608;14.02.1967;37;64571
SENGUL;64474;3.11.1971;70;64404
MUNEVVER;64346;18.01.1963;56;64290
SEVDA;63769;13.10.1981;9;63760
RABIA;63748;21.08.1964;3;63745
AYFER;63718;11.04.1975;180;63538
NURETTIN;63454;12.08.1965;63449;5
SALIHA;63244;11.08.1965;0;63244
NESLIHAN;62916;18.12.1978;2;62914
HAMIDE;62774;30.03.1960;1;62773
FERIDE;62581;11.07.1962;1;62580
ZUBEYDE;62387;27.07.1970;5;62382
CEMIL;62169;12.08.1964;62154;15
MELIHA;62164;13.05.1961;5;62159
GULLU;61807;17.05.1959;39;61768
ILHAN;61274;14.09.1971;57839;3435
OZGUR;60899;24.11.1982;56160;4739
ERHAN;60851;21.05.1980;60736;115
RAHIME;60825;8.08.1962;0;60825
IRFAN;60748;7.02.1970;59372;1376
NURI;60612;28.07.1961;59611;1001
NERIMAN;60534;27.04.1965;5;60529
KAZIM;60253;28.08.1959;60248;5
EMRE;60224;4.12.1986;59188;1036
NECATI;60148;27.03.1961;60140;8
HARUN;60004;19.09.1974;59995;9
ILKNUR;59960;1.09.1979;68;59892
IHSAN;59817;22.02.1964;58764;1053
KAMIL;59627;15.10.1962;59569;58
MEDINE;59535;14.08.1967;7;59528
SAADET;59349;7.09.1962;450;58899
GULCAN;59109;5.08.1978;61;59048
MUZEYYEN;57447;5.02.1964;7;57440
VELI;56563;5.03.1962;56561;2
FERHAT;56532;18.09.1974;56467;65
ABDULKADIR;55799;4.11.1968;55798;1
FARUK;55303;23.10.1973;55299;4
HEDIYE;55168;14.06.1965;2;55166
ARIFE;55047;1.02.1964;11;55036
ZAFER;54917;17.02.1976;53510;1407
SABRI;54390;13.11.1960;54320;70
GULSEREN;53538;24.11.1968;5;53533
ERDOGAN;52695;10.08.1968;52674;21
SELIM;52549;5.10.1971;52438;111
SAHIN;51947;7.09.1970;51473;474
SADIYE;51792;26.07.1963;0;51792
HALIT;51738;16.11.1964;51734;4
MELAHAT;51710;1.10.1961;3;51707
AYSUN;51510;15.03.1980;137;51373
DURMUS;51237;6.06.1960;51151;86
ILYAS;51169;27.06.1967;51165;4
MUAMMER;51001;19.02.1967;49398;1603
BURCU;50523;8.06.1987;18;50505
VEYSEL;50501;5.01.1969;50470;31
FIKRET;50171;14.07.1967;47015;3156
ZAHIDE;50097;26.05.1963;1;50096
LEVENT;50000;3.06.1978;49845;155
OZCAN;49942;1.10.1974;46360;3582
NAZIFE;49932;1.05.1961;2;49930
MERVE;49848;11.01.1989;25;49823
NIMET;49846;4.06.1964;3935;45911
TUNCAY;49840;30.05.1977;48882;958
ONUR;49728;23.02.1985;48994;734
BURHAN;49669;27.06.1971;49663;6
DUDU;49471;15.07.1958;3;49468
NESRIN;49158;18.10.1973;26;49132
FIKRIYE;48819;24.04.1958;2;48817
BIRGUL;48357;27.02.1977;4;48353
ELMAS;48274;25.04.1960;646;47628
CENNET;48029;2.06.1962;27;48002
AZIZ;47790;28.08.1964;47774;16
NEVZAT;47724;4.02.1966;46912;812
SADIK;47710;15.01.1963;47693;17
SATI;47613;20.01.1960;3750;43863
YAVUZ;47504;13.07.1976;47493;11
SELCUK;47172;12.07.1979;47074;98
NAZLI;47131;28.10.1970;20;47111
VEDAT;46794;1.10.1974;46622;172
HAFIZE;46679;5.09.1961;4;46675
MEMET;46508;15.02.1953;46507;1
REYHAN;46334;22.06.1972;1526;44808
KEZBAN;46001;9.06.1963;0;46001
HABIBE;45611;16.06.1965;3;45608
NEVIN;45333;4.11.1968;25;45308
NURGUL;45235;28.03.1978;4;45231
SEBAHAT;45202;24.11.1962;10;45192
RAZIYE;45199;17.02.1962;0;45199
BARIS;45170;3.12.1983;44812;358
NIHAL;45133;13.11.1973;75;45058
SAMI;44782;1.04.1963;44651;131
REMZI;44722;1.03.1962;44697;25
SUKRIYE;44649;7.04.1960;1;44648
BEDRIYE;44351;23.05.1961;2;44349
LUTFIYE;44205;8.05.1958;0;44205
TURAN;43884;26.12.1966;43611;273
ERSIN;43587;13.04.1980;42147;1440
VOLKAN;43410;7.08.1984;43394;16
SUNA;43317;1.01.1971;10;43307
BAHAR;43246;16.09.1976;148;43098
CIHAN;43198;24.12.1977;37248;5950
NEBAHAT;42864;20.01.1965;2;42862
SEMIHA;42208;19.01.1965;2;42206
CETIN;42192;18.08.1972;42178;14
OZKAN;41972;8.04.1980;41855;117
ENVER;41864;3.08.1965;41825;39
EYUP;41840;2.07.1971;41836;4
SEDA;41545;24.03.1986;89;41456
TUBA;41101;6.04.1986;22;41079
KIYMET;41089;15.02.1964;23;41066
SUAT;40982;23.09.1973;38528;2454
HAKKI;40872;7.09.1961;40868;4
SENAY;40724;22.05.1975;766;39958
NILGUN;40577;19.10.1974;0;40577
SERVET;40568;20.08.1970;29891;10677
NIYAZI;40444;1.10.1959;40434;10
MEHTAP;40344;15.01.1982;37;40307
DOGAN;40254;25.03.1972;40177;77
SELDA;39888;1.02.1982;3;39885
HAMZA;39887;12.02.1968;39885;2
TAHSIN;39765;2.03.1964;39764;1
CUMA;39703;8.02.1966;39460;243
DUYGU;39630;15.01.1986;216;39414
HAYDAR;39591;4.05.1962;39590;1
IDRIS;39583;20.07.1969;39578;5
BIRSEN;39573;17.01.1970;57;39516
ALIYE;39407;6.02.1963;1;39406
ASLI;39398;10.08.1976;21;39377
HATUN;39395;17.10.1962;2;39393
NESE;39292;22.07.1976;15;39277
MINE;39222;26.08.1974;0;39222
SENOL;38917;26.03.1975;37799;1118
DAVUT;38841;26.01.1968;38840;1
CAFER;38578;26.02.1963;38576;2
SABRIYE;38247;26.07.1960;1;38246
UMMU;37996;17.04.1961;8;37988
NEJLA;37908;25.11.1971;2;37906
SUZAN;37701;23.02.1970;73;37628
SAKINE;37650;28.07.1963;1;37649
GULUZAR;37520;5.05.1960;1;37519
RIZA;37517;23.12.1960;37512;5
FEVZI;37382;20.01.1963;37359;23
GAMZE;37361;7.08.1986;0;37361
DONE;37109;25.07.1961;3;37106
BURAK;36797;15.03.1987;36764;33
YELIZ;36504;9.07.1984;0;36504
PAKIZE;36238;16.07.1959;1;36237
HAYRETTIN;35808;15.04.1966;35807;1
OKTAY;35770;19.07.1975;35768;2
YALCIN;35683;7.05.1972;35668;15
GULHAN;35670;12.03.1974;1122;34548
SEVKET;35644;16.06.1961;35529;115
KAMILE;35259;30.09.1961;3;35256
SEVIL;35146;25.06.1975;50;35096
AZIZE;35076;24.07.1966;2;35074
TURGUT;34966;29.09.1969;34960;6
SONER;34926;11.05.1981;34225;701
MUHAMMED;34776;21.07.1983;34776;0
ADIL;34678;9.02.1965;34667;11
OZNUR;34649;12.07.1979;536;34113
NEZAHAT;34632;13.08.1965;1;34631
NURSEN;34488;22.03.1971;48;34440
AYLA;34468;3.11.1970;3;34465
HASIBE;34443;20.10.1961;1;34442
IZZET;34410;29.07.1963;33706;704
HAMIT;34379;7.10.1963;34371;8
NURSEL;34002;21.09.1973;268;33734
SAIME;34000;30.03.1963;2;33998
SALIM;33898;11.05.1962;33894;4
YUCEL;33658;3.10.1972;29615;4043
SAZIYE;33589;7.07.1957;0;33589
KUBRA;33443;8.01.1985;7;33436
UFUK;33351;24.02.1980;31607;1744
SAIT;33277;21.05.1964;33277;0
SEVINC;33270;28.05.1971;368;32902
BETUL;33236;17.06.1982;15;33221
NAIME;33190;26.06.1962;1;33189
TANER;33156;29.06.1979;33071;85
NURHAN;32975;22.02.1971;1736;31239
FUAT;32969;6.04.1971;32967;2
HAMDI;32573;12.11.1960;32568;5
GUL;32513;12.11.1975;367;32146
HILAL;32414;24.05.1982;873;31541
TAHIR;32329;19.12.1963;32327;2
RIDVAN;32285;25.09.1978;32239;46
FUNDA;32175;15.01.1982;18;32157
ADILE;31977;19.05.1963;1;31976
FAHRI;31672;14.09.1964;31624;48
FAHRETTIN;31512;16.03.1965;31510;2
FAHRIYE;31493;20.10.1959;0;31493
ZIYA;31454;10.04.1963;31451;3
SERIF;31295;13.04.1962;25902;5393
SEFIKA;31278;6.04.1960;1;31277
TURGAY;31025;9.02.1977;31003;22
ERDEM;30794;25.05.1979;29883;911
SAVAS;30790;18.08.1979;30729;61
ZULEYHA;30741;1.05.1974;0;30741
NILUFER;30720;3.08.1974;2;30718
CEVDET;30569;27.12.1964;30559;10
CEM;30466;14.12.1980;30452;14
ELIFE;30305;2.05.1957;1;30304
ZUHAL;30242;17.04.1975;32;30210
UNAL;29978;9.05.1971;29616;362
SERHAT;29580;7.11.1982;28991;589
ZEKERIYA;29477;30.12.1966;29459;18
MEVLUDE;29470;4.06.1961;1;29469
FIGEN;29441;6.01.1978;4;29437
SABIHA;29400;12.11.1960;0;29400
GULBAHAR;29386;21.12.1969;12;29374
DURAN;29310;2.02.1962;27488;1822
SEYHAN;29237;3.06.1973;5249;23988
ILKER;29213;17.12.1979;28902;311
MELTEM;28863;7.06.1983;4;28859
KASIM;28774;2.10.1965;28768;6
EDA;28664;18.07.1983;4;28660
DEMET;28636;5.07.1982;8;28628
ERGUN;28584;16.01.1972;28183;401
OZGE;28561;20.11.1987;192;28369
YAHYA;28556;25.02.1968;28553;3
GULIZAR;28510;22.12.1963;2;28508
SINEM;28379;4.09.1978;8;28371
MUHITTIN;28230;17.07.1963;28227;3
UMUT;28229;12.07.1981;26791;1438
FIDAN;28203;26.12.1966;52;28151
DILBER;28193;14.01.1967;34;28159
ONDER;28175;2.10.1977;28140;35
SENEM;28123;16.01.1968;2;28121
BEYHAN;28074;13.04.1970;2712;25362
RESUL;28069;5.07.1971;28066;3
NECMETTIN;27811;26.05.1966;27810;1
HIDAYET;27691;15.04.1963;17060;10631
DURDANE;27523;2.04.1962;3;27520
YESIM;27496;25.08.1982;4;27492
SELAMI;27484;14.07.1970;27469;15
FATIME;27467;23.01.1959;1;27466
SAKIR;27266;3.02.1963;27257;9
GULSAH;27136;9.02.1983;6;27130
SUHEYLA;27061;21.04.1967;1;27060
MUKADDES;27060;14.01.1965;75;26985
SEBAHATTIN;27050;6.10.1965;27025;25
HILMI;27030;14.02.1963;27027;3
NECDET;27015;5.01.1965;26907;108
SEREF;26922;21.01.1968;26137;785
COSKUN;26899;11.06.1973;26868;31
SIDIKA;26889;11.03.1961;2;26887
UMMUHAN;26860;17.07.1965;1;26859
MELIKE;26777;21.01.1978;2;26775
OGUZ;26612;22.05.1978;26610;2
KEVSER;26534;29.10.1970;33;26501
RIFAT;26489;20.12.1963;26483;6
HUSNIYE;26423;12.09.1960;2;26421
NAZIM;26393;23.02.1962;26380;13
TEVFIK;26366;20.10.1961;26363;3
SEVAL;26365;29.12.1976;307;26058
BEHIYE;26279;12.10.1960;1;26278
KERIM;26226;4.03.1967;26221;5
ASUMAN;25764;8.11.1972;117;25647
SEVILAY;25726;22.02.1978;6;25720
GUNAY;25571;18.02.1969;7788;17783
BIROL;25570;8.04.1975;25510;60
BAHATTIN;25523;9.12.1966;25522;1
HUSNU;25436;27.07.1961;25216;220
ALPER;25393;18.07.1982;25301;92
ESME;25225;17.07.1958;3;25222
IPEK;25185;10.07.1971;228;24957
KUDRET;25151;23.10.1965;5825;19326
HUSNE;25125;14.11.1959;2;25123
VESILE;25125;9.12.1961;1;25124
NAZAN;24937;8.07.1978;3;24934
RASIM;24877;1.10.1961;24877;0
NECMIYE;24542;27.07.1958;2;24540
SEYIT;24541;28.11.1964;24292;249
NAZIRE;24531;19.03.1959;1;24530
SERAFETTIN;24475;29.03.1962;24473;2
KADER;24471;11.01.1983;1693;22778
MUAZZEZ;24348;30.06.1962;4;24344
DURDU;24293;19.01.1960;8054;16239
ULKU;24285;16.03.1970;1302;22983
NIGAR;24226;16.01.1965;3;24223
TOLGA;24191;26.08.1984;24139;52
FIRDEVS;24078;30.04.1963;5;24073
AZIME;23950;14.07.1962;2;23948
BAHRIYE;23860;16.06.1958;7;23853
CUNEYT;23699;11.03.1981;23694;5
OKAN;23649;5.01.1982;23639;10
HALISE;23621;4.08.1964;0;23621
SEYFETTIN;23615;20.05.1965;23615;0
INCI;23484;26.10.1969;3;23481
NURDAN;23374;3.08.1976;74;23300
SELIME;23357;1.07.1961;1;23356
SATILMIS;23347;3.07.1962;23241;106
NAILE;23302;19.04.1962;1;23301
BAHRI;23221;2.05.1962;23201;20
MUHSIN;23192;30.12.1966;23175;17
GULDANE;23130;24.09.1965;1;23129
NAZMI;23121;27.09.1962;23114;7
ATILLA;23058;23.11.1971;23032;26
VILDAN;23003;7.09.1974;78;22925
MEDIHA;22948;14.09.1959;1;22947
SAMET;22865;14.03.1986;22813;52
GULCIN;22723;21.09.1974;7;22716
MUSLUM;22702;6.09.1970;22689;13
HAYRI;22641;26.03.1963;22598;43
FEHMI;22615;25.09.1963;22599;16
TARIK;22541;10.06.1979;22539;2
HALIS;22405;24.10.1963;22380;25
SEZGIN;22283;15.08.1977;20326;1957
ALIME;22272;30.09.1959;0;22272
FIRAT;22212;7.05.1983;22160;52
SEMIH;22181;27.12.1979;22159;22
LUTFI;22061;27.12.1961;22048;13
TAMER;21986;23.11.1975;21978;8
SUREYYA;21944;4.01.1969;3819;18125
NEDIM;21840;6.02.1968;21832;8
ZOHRE;21808;15.01.1959;1;21807
CAHIT;21765;5.07.1968;21760;5
HANDAN;21318;30.06.1976;23;21295
ESIN;21271;21.02.1975;477;20794
UMMUGULSUM;21262;2.10.1963;0;21262
TAYFUN;21038;28.11.1979;21016;22
ERTUGRUL;20951;10.09.1971;20949;2
RAHMI;20823;5.11.1963;20674;149
SABAHAT;20817;1.07.1958;7;20810
RABIYE;20701;16.12.1963;1;20700
SEFER;20616;21.09.1963;20475;141
OZGUL;20551;24.12.1975;266;20285
NACI;20550;26.08.1964;20524;26
ERTAN;20515;24.03.1974;20416;99
EYYUP;20511;23.07.1968;20510;1
AYLIN;20492;21.12.1980;24;20468
SADETTIN;20443;20.11.1964;20435;8
SULE;20236;25.05.1979;0;20236
MUSERREF;20196;30.05.1959;109;20087
BUNYAMIN;20161;13.07.1974;20155;6
SEBIHA;20159;6.08.1965;1;20158
AYSEN;20088;28.10.1969;6;20082
CEVAT;20022;7.03.1962;20020;2
AKIF;20014;21.05.1968;20012;2
ESREF;20011;20.04.1966;19753;258
AYKUT;19925;30.10.1981;19858;67
LATIFE;19925;6.06.1961;1;19924
NAFIYE;19745;26.11.1960;3;19742
HADICE;19734;8.08.1955;0;19734
NEZAKET;19694;4.01.1961;18;19676
CEVRIYE;19674;8.05.1960;0;19674
SEHRI;19568;26.04.1962;325;19243
GUNER;19567;5.03.1962;4811;14756
FERDI;19495;19.12.1983;19481;14
HAMDIYE;19355;13.10.1963;1;19354
NAHIDE;19131;26.05.1963;0;19131
GULISTAN;19104;20.03.1971;75;19029
NAGIHAN;19077;12.05.1981;22;19055
HAYATI;19045;3.05.1967;18916;129
GULSER;18954;3.11.1961;36;18918
VAHIDE;18895;12.04.1962;0;18895
GULNAZ;18885;30.12.1964;2;18883
UMRAN;18880;8.02.1975;1976;16904
FIKRI;18872;3.01.1961;18839;33
FETHIYE;18868;15.12.1958;0;18868
NESIBE;18832;4.04.1965;1;18831
FERIT;18826;20.11.1970;18818;8
ILKAY;18734;14.02.1979;5991;12743
SEVCAN;18726;27.04.1979;188;18538
YURDAGUL;18689;22.03.1968;25;18664
SERCAN;18671;21.11.1985;16253;2418
ILHAMI;18625;6.10.1968;18601;24
SEZAI;18556;14.10.1968;18534;22
FEVZIYE;18446;1.11.1959;0;18446
ERDINC;18400;16.10.1974;18396;4
ZULFIYE;18343;11.12.1961;0;18343
CAN;18343;1.12.1978;17855;488
SELVER;18183;3.05.1962;588;17595
BEDIA;18170;18.07.1966;2;18168
NADIRE;18131;2.10.1959;2;18129
EMRULLAH;18121;5.09.1972;18114;7
MAHIR;18081;2.10.1967;18065;16
KEREM;18055;10.12.1973;18046;9
RAFET;17956;13.05.1962;17377;579
BELGIN;17917;5.02.1975;103;17814
MUNIRE;17912;25.11.1958;0;17912
NIZAMETTIN;17780;22.07.1964;17780;0
NURULLAH;17667;1.01.1974;17659;8
SABAHATTIN;17655;4.01.1965;17635;20
ADALET;17640;19.11.1966;562;17078
LEMAN;17501;22.01.1962;4;17497
ASIM;17468;4.03.1963;17466;2
FAIK;17468;26.04.1962;17465;3
NUSRET;17370;15.10.1965;16619;751
BERNA;17348;8.07.1981;8;17340
SIRIN;17343;30.05.1969;1923;15420
GULDEN;17328;10.12.1976;1;17327
AKIN;17173;25.08.1976;17122;51
NEZIHA;17094;29.11.1960;0;17094
NALAN;17093;14.06.1975;0;17093
CEYLAN;17038;18.11.1981;2079;14959
SEFA;17036;17.07.1977;13902;3134
ESE;17036;7.03.1958;497;16539
CICEK;17021;24.05.1966;11;17010
SEYHMUS;17013;7.05.1968;17013;0
NURHAYAT;17012;3.03.1967;31;16981
ELVAN;17006;19.06.1976;4406;12600
BUSRA;16975;7.12.1987;14;16961
ALAATTIN;16892;13.06.1968;16891;1
NECIP;16880;18.04.1964;16872;8
AYGUL;16842;29.2.1977;32;16810
CANER;16739;16.09.1982;16636;103
NECMI;16704;5.03.1965;16675;29
OLCAY;16667;1.12.1976;11080;5587
CUMALI;16656;3.05.1969;16586;70
ZEYNEL;16615;2.08.1967;16533;82
SERDAL;16570;2.10.1979;16335;235
VEYSI;16545;3.05.1975;16541;4
OYA;16536;2.09.1973;1;16535
NAIL;16490;10.09.1963;16480;10
FEHIME;16472;15.06.1961;1;16471
HUSAMETTIN;16418;11.09.1964;16418;0
DIDEM;16260;5.07.1984;0;16260
SIDDIKA;16201;14.12.1959;0;16201
CEMALETTIN;16098;6.06.1965;16096;2
TEKIN;16052;4.01.1973;15995;57
GUNGOR;16048;29.12.1963;9899;6149
MURUVVET;16040;4.12.1958;26;16014
EMIR;16005;16.02.1967;7721;8284
GURKAN;15984;30.04.1980;15841;143
GULHANIM;15970;17.05.1959;0;15970
SELVI;15952;2.05.1964;42;15910
FIRDES;15888;29.01.1961;2;15886
BANU;15884;27.02.1981;2;15882
HIDIR;15825;14.07.1962;15825;0
BIRCAN;15823;30.08.1977;2517;13306
REFIK;15783;20.02.1963;15780;3
HALIM;15631;28.10.1963;14475;1156
TESLIME;15608;2.03.1962;0;15608
MESUDE;15589;1.06.1966;0;15589
TALIP;15580;24.02.1968;15578;2
MUTLU;15549;7.01.1980;12698;2851
HAMIYET;15547;30.10.1965;0;15547
OGUZHAN;15528;1.07.1983;15526;2
NEFISE;15524;15.11.1959;1;15523
CAHIDE;15462;26.12.1966;0;15462
ZARIFE;15316;7.04.1960;2;15314
BERRIN;15281;10.01.1972;7;15274
FETHI;15233;14.06.1964;15228;5
MUMIN;15232;14.11.1962;15082;150
BAKI;15229;11.11.1965;15220;9
GOZDE;15151;29.11.1987;4;15147
HASIM;15125;28.06.1965;15123;2
TULIN;15033;16.04.1971;6;15027
GURBET;15023;10.12.1979;249;14774
MUKERREM;14984;10.01.1960;1929;13055
ALEV;14960;29.12.1979;252;14708
HALIDE;14955;13.11.1963;1;14954
HANIFI;14946;24.02.1968;14917;29
SEHRIBAN;14930;30.2.1963;2;14928
GULUMSER;14919;24.10.1966;1;14918
UMMAHAN;14914;2.05.1961;2;14912
MENEKSE;14902;21.10.1968;2;14900
ATIYE;14845;18.04.1961;33;14812
PELIN;14749;1.08.1984;2;14747
MIYASE;14732;30.11.1961;1;14731
RASIT;14709;3.07.1964;14709;0
GIZEM;14638;1.02.1989;0;14638
GALIP;14637;13.07.1964;14629;8
ABDULKERIM;14632;3.04.1967;14631;1
SENEL;14606;16.07.1965;5916;8690
SEVKI;14579;2.07.1960;14469;110
EREN;14574;21.09.1982;13763;811
GULBEYAZ;14514;10.01.1963;0;14514
RESIT;14489;14.06.1963;14485;4
RESAT;14436;3.03.1966;14429;7
NADIR;14380;10.10.1965;14067;313
OZAN;14348;12.04.1984;14303;45
GURSEL;14229;12.02.1970;11698;2531
MURVET;14179;28.03.1961;83;14096
SERMIN;14176;5.06.1970;25;14151
ERGIN;14173;17.06.1975;14053;120
SAIM;14131;4.01.1966;14127;4
YADIGAR;14130;18.05.1967;1558;12572
SEMSI;14117;10.12.1958;1363;12754
NECIBE;14026;23.09.1960;0;14026
GUNES;13987;18.06.1973;1002;12985
BINNAZ;13846;20.06.1960;18;13828
TUGCE;13836;23.04.1989;5;13831
MUKADDER;13788;8.12.1964;1145;12643
GUVEN;13766;1.02.1976;13173;593
LALE;13756;16.04.1972;3;13753
MIKAIL;13720;11.02.1975;13704;16
CAVIT;13635;19.05.1962;13631;4
SENNUR;13575;22.03.1973;46;13529
KERIME;13516;4.04.1962;1;13515
SEMSETTIN;13515;18.04.1964;13512;3
LOKMAN;13485;12.10.1976;13483;2
OMUR;13456;13.10.1976;7630;5826
MENSURE;13449;15.02.1964;0;13449
ASLAN;13437;23.08.1967;13399;38
NERGIZ;13346;1.09.1971;13;13333
ENDER;13338;15.03.1974;12598;740
NAZIME;13327;25.10.1963;2;13325
ASLIHAN;13279;5.04.1977;18;13261
SECIL;13211;11.06.1982;122;13089
ABDURRAHIM;13124;30.2.1971;13123;1
MURSEL;13114;2.12.1967;12344;770
MUJGAN;13049;21.09.1966;2;13047
HALUK;13026;12.04.1970;13025;1
HURU;12997;3.06.1961;0;12997
PERVIN;12987;21.07.1970;3;12984
BILGE;12956;27.08.1975;930;12026
NUR;12942;5.09.1977;654;12288
KADRI;12942;7.11.1966;12934;8
GAZI;12930;10.09.1965;12799;131
CANSU;12910;25.02.1989;136;12774
SENER;12900;4.09.1971;11560;1340
OZDEN;12887;6.08.1970;2991;9896
SABIRE;12880;18.11.1958;3;12877
REFIKA;12862;19.12.1958;0;12862
KIRAZ;12804;2.01.1962;8;12796
GULSUN;12794;4.01.1972;1;12793
SEYMA;12790;19.10.1985;0;12790
GULPERI;12705;30.04.1963;1;12704
BEHICE;12574;27.04.1963;0;12574
TEMEL;12560;13.08.1961;12520;40
NAIM;12515;10.04.1968;12507;8
KAMURAN;12496;23.09.1969;7029;5467
MITHAT;12486;2.03.1968;12479;7
ESAT;12462;17.01.1967;12454;8
ABIDIN;12432;27.03.1966;12430;2
TURHAN;12426;21.06.1963;12332;94
OZER;12423;18.04.1972;12249;174
MUALLA;12416;20.12.1959;6;12410
ZERRIN;12377;28.07.1972;9;12368
UZEYIR;12276;3.10.1967;12268;8
AYTEKIN;12232;16.08.1972;12049;183
SUKRUYE;12212;6.05.1960;0;12212
FAZLI;12197;15.05.1962;12191;6
AYISE;12136;21.08.1948;0;12136
HURI;12097;27.06.1960;9;12088
ETHEM;12073;29.07.1965;12069;4
ARSLAN;11940;16.12.1960;11915;25
SAMIYE;11901;13.05.1959;0;11901
EZGI;11876;9.02.1988;53;11823
SUNAY;11860;20.11.1973;2614;9246
SEZER;11780;29.05.1976;8063;3717
KORAY;11738;7.06.1981;11668;70
ULVIYE;11699;8.02.1959;0;11699
BUKET;11697;28.01.1983;2;11695
MERT;11636;12.07.1985;11634;2
ERGUL;11591;7.08.1970;4657;6934
SELIN;11589;8.09.1986;2;11587
RUSTEM;11585;27.09.1964;11580;5
MUCAHIT;11583;19.07.1977;11565;18
GONCA;11536;1.10.1981;3;11533
NEVRIYE;11465;3.07.1960;0;11465
ESENGUL;11455;28.10.1977;0;11455
AVNI;11448;3.12.1961;11447;1
SARIYE;11422;22.05.1965;0;11422
NAZIF;11308;16.07.1962;11191;117
BAHADIR;11257;18.02.1979;11254;3
SAFFET;11254;6.05.1962;9051;2203
TUNCER;11237;5.07.1969;11198;39
LATIF;11185;6.11.1965;11173;12
EVREN;11167;5.09.1983;9315;1852
ABBAS;11163;2.01.1963;11163;0
FAZILET;11147;2.11.1968;18;11129
SEYDA;11139;27.03.1981;151;10988
SELMAN;11129;24.07.1975;10156;973
ABUZER;11123;28.09.1962;11115;8
ALTUN;11000;10.03.1964;233;10767
MECIT;10980;18.08.1962;10979;1
RESMIYE;10963;6.01.1958;1;10962
GUZEL;10955;3.03.1962;925;10030
SUNDUS;10903;8.10.1962;8;10895
EMRIYE;10902;20.09.1961;2;10900
SADI;10870;20.05.1965;10769;101
VAHIT;10865;27.07.1965;10861;4
NAZIK;10843;10.03.1961;16;10827
IMRAN;10811;14.01.1971;2065;8746
FATMANA;10802;3.06.1960;0;10802
MELIH;10797;12.01.1977;10756;41
NUH;10744;29.12.1970;10743;1
SEFIK;10741;9.09.1963;10726;15
FEYZULLAH;10730;21.01.1967;10730;0
HICRAN;10725;20.11.1975;98;10627
CELALETTIN;10705;8.09.1966;10703;2
MURADIYE;10635;10.09.1965;1;10634
RECAI;10632;23.01.1967;10627;5
CEVAHIR;10628;29.05.1960;720;9908
DURIYE;10612;3.06.1958;0;10612
ISLIM;10588;10.11.1965;3;10585
EDIBE;10574;26.03.1966;1;10573
SEVGUL;10571;3.03.1974;8;10563
SADET;10565;1.10.1962;741;9824
GOKSEL;10526;17.02.1974;9024;1502
UNZILE;10452;22.06.1963;0;10452
BEHCET;10429;1.09.1965;10421;8
AYSER;10417;22.07.1963;3;10414
MUHTEREM;10410;10.12.1965;4942;5468
EYLEM;10407;28.04.1983;306;10101
HULUSI;10388;16.09.1962;10386;2
TALAT;10364;8.07.1964;10306;58
YILDIRIM;10343;30.07.1971;10327;16
GULESER;10227;19.08.1963;1;10226
BURCIN;10221;6.11.1983;1687;8534
CELIL;10197;11.07.1966;10192;5
GULTEKIN;10195;22.10.1968;9105;1090
CAGLAR;10160;28.02.1983;9452;708
BEYTULLAH;10143;3.08.1973;10113;30
SOLMAZ;10139;22.07.1965;221;9918
MUYESSER;10125;16.10.1960;10;10115
FEYZI;10061;1.03.1961;10052;9
SEYFI;10055;9.12.1965;10030;25
IKBAL;10055;22.07.1960;248;9807
NADIYE;10018;28.10.1959;0;10018
CIHAT;9958;30.10.1974;9936;22
NILAY;9949;20.04.1981;0;9949
ISKENDER;9949;27.02.1969;9947;2
GULNUR;9938;27.03.1975;1;9937
ERSAN;9926;8.01.1976;9825;101
KOKSAL;9922;27.02.1972;9855;67
HAZAL;9913;13.02.1968;16;9897
SAFAK;9900;27.09.1977;6482;3418
KIBAR;9890;23.11.1963;777;9113
AYTAC;9889;26.05.1978;8733;1156
VASFIYE;9885;26.02.1957;0;9885
ISHAK;9873;24.06.1969;9873;0
ALAETTIN;9866;19.12.1959;9866;0
ERAY;9830;28.08.1981;9470;360
FERDA;9811;10.12.1975;1047;8764
ATILA;9794;29.09.1966;9764;30
ULKER;9772;27.12.1962;440;9332
DERVIS;9747;9.01.1963;9735;12
HASRET;9733;27.08.1977;1222;8511
ENES;9726;7.07.1985;9692;34
MIHRIBAN;9708;18.05.1970;3;9705
AYCAN;9677;9.11.1978;1530;8147
DURKADIN;9676;25.10.1958;0;9676
CUMHUR;9659;27.07.1972;9539;120
OKKES;9564;26.10.1967;9564;0
BAHTIYAR;9554;18.12.1968;7203;2351
SEDEF;9542;18.05.1975;13;9529
NEJDET;9528;15.07.1968;9507;21
HUSNA;9519;19.04.1965;6;9513
ESEN;9509;21.02.1975;832;8677
JALE;9491;22.03.1969;0;9491
FERIHA;9486;10.04.1957;0;9486
ABDULAZIZ;9469;5.12.1966;9469;0
SECKIN;9437;28.01.1977;7643;1794
GULUSTAN;9436;16.07.1964;37;9399
SUMEYRA;9429;21.02.1986;0;9429
HAYRULLAH;9413;5.09.1966;9408;5
FATIMA;9381;7.09.1961;0;9381
NEBIYE;9353;11.06.1960;0;9353
IMDAT;9352;30.08.1969;9284;68
NEZIHE;9333;25.08.1958;0;9333
MUGE;9312;2.05.1981;0;9312
FERHAN;9299;24.01.1971;3902;5397
BASRI;9275;27.06.1964;9271;4
TENZILE;9212;6.07.1963;0;9212
SIDDIK;9188;3.08.1964;8937;251
BEDRI;9133;23.06.1964;8917;216
ATIKE;9130;6.07.1961;0;9130
YILDIRAY;9091;10.11.1976;9055;36
HABIP;9062;6.09.1969;9053;9
NAMIK;9060;14.12.1965;9058;2
TUFAN;9033;29.03.1973;9000;33
SEHMUS;9018;30.07.1971;9018;0
HANDE;8997;10.11.1983;0;8997
NEDIME;8972;12.02.1958;1;8971
SITKI;8968;19.10.1962;8963;5
MEMNUNE;8904;18.09.1956;0;8904
ABDULBAKI;8895;27.03.1966;8894;1
SADULLAH;8893;15.11.1966;8892;1
HIMMET;8878;3.10.1961;8825;53
MUMINE;8831;1.08.1961;0;8831
DAMLA;8817;17.10.1987;0;8817
IZZETTIN;8801;30.05.1967;8796;5
TACETTIN;8793;28.08.1967;8792;1
SEYRAN;8760;1.06.1965;199;8561
KAYA;8730;27.07.1962;8007;723
CENK;8721;20.09.1980;8721;0
ANIL;8702;1.03.1986;7459;1243
EDIP;8683;11.06.1970;8679;4
FULYA;8678;5.01.1981;1;8677
GULLUZAR;8646;17.01.1960;0;8646
GURCAN;8607;24.09.1973;6458;2149
GULFIDAN;8590;17.08.1966;1;8589
ZUHRE;8556;12.02.1961;1;8555
NECAT;8505;29.01.1966;8335;170
NEBI;8427;16.07.1966;8412;15
GAZAL;8423;20.09.1963;59;8364
MULKIYE;8372;13.10.1973;1;8371
GOKCE;8362;26.05.1984;907;7455
SARE;8345;16.03.1964;2;8343
BIRSEL;8297;26.10.1971;85;8212
RAIF;8283;6.07.1962;8282;1
SACIDE;8277;12.12.1964;0;8277
FERIDUN;8270;20.01.1968;8265;5
NADIDE;8264;14.10.1957;0;8264
ISIL;8188;15.07.1977;40;8148
KAHRAMAN;8175;24.07.1969;8167;8
MASALLAH;8170;18.12.1974;4994;3176
FERDANE;8130;27.11.1961;0;8130
MERCAN;8097;18.10.1965;317;7780
YAGMUR;8096;7.01.1988;416;7680
SALIHE;8079;17.09.1965;1;8078
MENDERES;8078;15.07.1973;8073;5
BESIR;8036;6.12.1964;8032;4
NARIN;7999;12.11.1966;41;7958
PENBE;7993;19.05.1955;0;7993
YENER;7989;1.05.1974;7910;79
BEYAZ;7967;19.01.1962;83;7884
LUTFU;7965;28.06.1963;7960;5
SATIYE;7960;30.03.1961;0;7960
HAKIME;7920;21.06.1965;0;7920
ASKIN;7905;15.05.1978;6553;1352
EBUBEKIR;7902;16.02.1974;7902;0
KAMER;7870;30.05.1962;1502;6368
ABDULVAHAP;7860;5.08.1969;7860;0
SEYDI;7832;5.06.1965;7604;228
FADILE;7797;1.03.1970;2;7795
ESMER;7783;15.07.1967;50;7733
UNZULE;7778;27.11.1962;0;7778
BEKTAS;7769;6.02.1964;7768;1
SAIDE;7750;16.02.1962;1;7749
ZINNET;7688;1.09.1962;0;7688
ALIM;7688;24.08.1967;7557;131
NUMAN;7671;4.08.1970;7656;15
GULDEREN;7582;16.04.1968;1;7581
ALPASLAN;7539;13.10.1975;7539;0
VEHBI;7539;24.04.1965;7534;5
GOKMEN;7535;7.09.1979;7274;261
SEBILE;7474;17.05.1964;0;7474
SEBNEM;7455;1.03.1978;1;7454
CEYHUN;7452;6.06.1979;7274;178
GANIME;7435;20.05.1959;0;7435
SINASI;7427;25.06.1965;7420;7
BASAK;7425;10.05.1984;69;7356
CEYHAN;7374;20.02.1974;3914;3460
ECE;7374;10.02.1984;10;7364
RAHIM;7371;18.01.1964;7038;333
MEMIS;7359;29.08.1960;7349;10
SUMEYYE;7358;28.08.1986;2;7356
FATOS;7357;3.01.1978;1;7356
NAZILE;7314;25.09.1960;0;7314
NEVIM;7311;6.04.1968;9;7302
CEYDA;7310;18.06.1981;0;7310
CEREN;7295;8.12.1986;66;7229
CEBRAIL;7278;12.12.1975;7277;1
ESER;7269;16.12.1977;5059;2210
SENIHA;7242;23.02.1960;1;7241
BEDIHA;7233;15.10.1967;1;7232
NESET;7228;6.12.1963;7182;46
SEZEN;7195;8.10.1979;291;6904
KAAN;7156;23.11.1982;7155;1
BURHANETTIN;7148;23.10.1964;7148;0
REFIYE;7087;27.06.1957;0;7087
MURUVET;7081;21.03.1960;21;7060
SAFINAZ;7078;29.09.1959;0;7078
FADIMANA;7059;1.03.1968;0;7059
GULFER;7058;3.09.1969;3;7055
AYSENUR;7033;1.04.1982;0;7033
NEZIR;7025;23.10.1966;7018;7
IKRAM;6972;13.04.1968;4062;2910
HALE;6969;2.01.1975;1;6968
METE;6965;27.05.1973;6953;12
MUHSINE;6963;2.08.1964;0;6963
SEVDIYE;6940;23.03.1963;0;6940
BILGIN;6919;5.12.1971;4324;2595
SONAY;6911;16.07.1978;427;6484
ISMIHAN;6899;23.12.1962;56;6843
HACIRE;6898;25.11.1971;0;6898
MUHLIS;6882;11.12.1963;6876;6
RUHI;6876;11.02.1963;6827;49
ALTAN;6871;15.01.1971;6681;190
SUAYIP;6819;24.11.1968;6818;1
VURAL;6814;4.12.1972;6809;5
ZENNURE;6803;19.07.1962;0;6803
MECBURE;6802;10.12.1963;0;6802
IMAM;6791;17.10.1963;6782;9
FUSUN;6782;4.01.1970;3;6779
MUBERRA;6754;16.01.1967;0;6754
AYCA;6727;5.01.1983;7;6720
ASYA;6713;5.05.1967;5;6708
SARA;6679;23.12.1968;6;6673
SAHIDE;6676;18.07.1964;0;6676
GURBUZ;6666;24.11.1967;6416;250
TANJU;6643;26.11.1979;6443;200
SABIT;6636;17.01.1963;6633;3
ERMAN;6605;10.04.1982;6501;104
CAGRI;6573;8.06.1986;5938;635
MUNISE;6561;1.11.1961;0;6561
GULI;6544;26.04.1955;141;6403
PEMBE;6530;13.10.1964;1;6529
TUGRUL;6513;23.06.1977;6509;4
ENIS;6483;28.04.1976;6399;84
IREM;6481;28.12.1984;143;6338
BATTAL;6456;15.02.1965;6456;0
ETEM;6454;12.06.1963;6447;7
ISLAM;6437;9.05.1972;6417;20
HADIYE;6414;19.12.1957;0;6414
HABIB;6412;19.03.1971;6407;5
MEMDUH;6405;29.07.1963;6391;14
OZAY;6404;16.05.1975;4851;1553
FESIH;6387;23.03.1975;6385;2
RAIFE;6377;12.07.1961;1;6376
BELMA;6333;21.02.1973;0;6333
AYDAN;6325;16.06.1976;265;6060
SEMAHAT;6296;5.09.1960;29;6267
DILAVER;6294;20.06.1966;5984;310
EMIS;6289;27.08.1957;2;6287
GUZIDE;6282;25.11.1961;0;6282
SEHRIYE;6259;10.04.1956;0;6259
NIHAN;6242;14.02.1982;56;6186
BESRA;6233;21.04.1968;1;6232
VAHAP;6218;1.11.1965;6216;2
GULCIHAN;6189;17.06.1968;3;6186
SEYFULLAH;6169;14.04.1969;6169;0
HUMEYRA;6166;30.01.1980;1;6165
ISMAHAN;6147;16.01.1962;0;6147
FEYZA;6140;30.06.1981;10;6130
AKILE;6131;6.12.1959;1;6130
SALAHATTIN;6109;24.09.1955;6108;1
ABDULHAMIT;6108;9.12.1967;6108;0
RUSTU;6090;17.02.1960;6089;1
ATAKAN;6067;24.08.1980;6063;4
ALAADDIN;6061;21.02.1968;6061;0
PENPE;6059;20.07.1956;0;6059
BORA;6045;29.06.1979;6034;11
ONER;6023;7.03.1976;5976;47
ZEKAI;6021;21.01.1967;6017;4
SELVINAZ;6012;23.12.1962;1;6011
YUNIS;6005;14.06.1966;6005;0
KURSAT;6002;3.06.1980;5996;6
SUPHI;6000;8.09.1966;5998;2
NURDANE;5998;12.04.1968;0;5998
TELLI;5994;2.11.1960;112;5882
ALICAN;5974;3.10.1977;5972;2
SERHAN;5972;30.2.1979;5496;476
BEDRETTIN;5945;20.12.1967;5944;1
HAYAT;5940;22.01.1969;233;5707
ZULKUF;5932;20.05.1971;5887;45
MURSIDE;5926;19.07.1964;1;5925
SOHRET;5906;26.03.1960;59;5847
ZINET;5893;11.08.1961;5;5888
ABDI;5892;26.12.1960;5891;1
KUBILAY;5876;13.06.1977;5863;13
BELKIS;5868;11.07.1970;0;5868
YURDANUR;5839;2.11.1961;98;5741
EMSAL;5782;24.04.1965;501;5281
ZULFU;5779;9.07.1963;3783;1996
ULAS;5776;1.04.1983;5735;41
GURCU;5767;25.11.1960;19;5748
HAMDULLAH;5730;11.02.1976;5727;3
KEMALETTIN;5716;25.10.1961;5716;0
FERAY;5710;11.12.1976;139;5571
MEDENI;5707;3.10.1973;5696;11
MENEVSE;5701;25.03.1959;1;5700
AZMI;5701;7.04.1962;5698;3
DINCER;5691;28.01.1974;5679;12
SADUMAN;5688;23.02.1967;101;5587
MUNIR;5677;6.01.1964;5651;26
NESIME;5637;17.06.1962;6;5631
EVRIM;5618;29.07.1982;904;4714
FURKAN;5611;4.05.1987;5516;95
SUNDUZ;5603;1.07.1967;11;5592
AFIFE;5578;26.05.1960;0;5578
ISRAFIL;5571;21.09.1970;5569;2
BINALI;5545;24.06.1958;5432;113
SEYITHAN;5501;21.02.1973;5498;3
ZULBIYE;5492;16.10.1960;0;5492
HILMIYE;5477;12.05.1955;0;5477
FAZIL;5473;4.07.1966;5468;5
VAHDETTIN;5468;11.11.1966;5468;0
BAKIYE;5468;28.01.1958;1;5467
SAYIME;5465;21.02.1966;0;5465
NAFIZ;5452;9.03.1963;5435;17
UNSAL;5451;4.06.1971;5095;356
BESIME;5447;20.02.1963;0;5447
SEVTAP;5443;18.10.1976;7;5436
GULLER;5441;12.01.1960;2;5439
FADIK;5413;27.01.1958;4;5409
SATU;5410;3.12.1959;40;5370
SAKIRE;5383;24.01.1959;3;5380
TUNA;5381;1.02.1977;3641;1740
ZEYCAN;5366;7.07.1965;28;5338
GULEN;5360;16.01.1966;34;5326
ERSOY;5350;21.10.1976;5346;4
SEHNAZ;5343;28.08.1973;3;5340
MUJDAT;5319;12.02.1978;5300;19
BILGI;5318;5.08.1968;556;4762
HASINE;5317;3.05.1961;1;5316
SEMSE;5286;2.04.1964;0;5286
HAVANA;5284;15.11.1960;1;5283
AKGUL;5277;20.10.1960;134;5143
UMMUHANI;5274;30.06.1964;0;5274
FETIYE;5255;15.07.1960;0;5255
GULUSAN;5244;7.10.1961;23;5221
YIGIT;5236;17.04.1984;5235;1
PAMUK;5208;29.2.1957;9;5199
DEVRIM;5204;20.05.1978;3310;1894
BERAT;5202;21.02.1980;4012;1190
FERUDUN;5200;6.10.1968;5196;4
CAGDAS;5198;25.07.1985;5048;150
SEVKIYE;5180;15.12.1957;1;5179
SALIME;5178;15.10.1964;0;5178
CIHANGIR;5125;19.09.1973;5114;11
TIMUR;5111;13.07.1974;5109;2
MELIHAT;5102;6.04.1960;0;5102
ZUMRUT;5079;14.11.1969;137;4942
ALIRIZA;5076;14.01.1963;5076;0
ALPARSLAN;5055;21.08.1976;5055;0
MURTAZA;5042;21.09.1963;5039;3
SUPHIYE;5041;6.08.1963;2;5039
ERDI;5040;20.07.1989;5035;5
UMMUGUL;5037;11.06.1959;0;5037
KERIMAN;5001;13.12.1959;3;4998
NAZIKE;4993;11.10.1958;0;4993
DILARA;4991;26.11.1983;0;4991
FAYSAL;4976;14.07.1975;4970;6
BEDIR;4958;7.07.1965;4771;187
HESNA;4947;23.01.1959;1;4946
ULFET;4918;25.05.1959;928;3990
GULEY;4906;11.03.1955;2;4904
FADIL;4882;8.05.1966;4788;94
GARIP;4871;8.12.1969;3705;1166
RAMADAN;4866;8.09.1958;4866;0
RASIME;4860;6.06.1962;0;4860
HIZIR;4856;26.08.1966;4854;2
MUJDE;4851;15.05.1982;17;4834
BINNUR;4848;2.02.1975;6;4842
GURAY;4839;23.10.1975;4509;330
GULGUN;4836;16.09.1968;5;4831
RUSEN;4835;30.04.1967;2652;2183
GUZIN;4819;7.04.1964;2;4817
ZUBEYIR;4791;2.09.1969;4784;7
FADIMA;4785;5.02.1965;0;4785
CAGLA;4776;6.02.1986;46;4730
ERCUMENT;4774;29.12.1971;4762;12
SERTAC;4762;6.02.1982;4609;153
NEDRET;4761;6.09.1963;1063;3698
ZEYNAL;4758;26.04.1967;4752;6
FERAT;4757;10.03.1974;4743;14
DONUS;4750;1.03.1965;8;4742
PERISAN;4747;14.05.1959;11;4736
MACIDE;4725;17.01.1960;0;4725
IFAKAT;4709;21.02.1954;2;4707
ABIDE;4702;14.03.1963;1;4701
SURIYE;4701;6.01.1959;21;4680
NEJAT;4700;6.03.1964;4678;22
NURCIHAN;4700;15.05.1970;31;4669
MUNURE;4698;11.05.1962;0;4698
ARMAGAN;4680;2.05.1975;2473;2207
YELDA;4660;13.04.1980;0;4660
ELCIN;4646;24.04.1982;208;4438
HURRIYET;4636;13.01.1971;582;4054
TUNAY;4614;14.12.1973;3116;1498
GURHAN;4596;6.08.1976;4412;184
SEVIYE;4593;4.05.1961;0;4593
DURALI;4583;25.08.1961;4583;0
TEZCAN;4570;14.10.1974;2775;1795
AYGUN;4565;5.06.1972;1237;3328
MEYREM;4553;14.12.1969;0;4553
HURSIT;4551;22.07.1964;4494;57
DILSAH;4540;1.11.1964;3;4537
CILEM;4524;11.12.1984;7;4517
ENISE;4488;18.12.1970;0;4488
SAADETTIN;4455;14.06.1964;4451;4
MUCELLA;4455;25.02.1967;3;4452
KURTULUS;4449;30.09.1975;4224;225
TURKER;4441;30.11.1974;4370;71
NETICE;4437;24.07.1973;0;4437
TAYLAN;4434;18.04.1979;4328;106
SALMAN;4427;23.01.1965;4415;12
OLGUN;4426;4.08.1977;4398;28
KADIRIYE;4421;15.06.1968;0;4421
CANDAN;4419;8.10.1974;676;3743
DURSUNE;4415;27.11.1958;0;4415
GORKEM;4407;21.09.1986;3238;1169
KAFIYE;4371;28.06.1960;1;4370
TARKAN;4371;23.04.1978;4370;1
MAHMURE;4371;22.08.1955;0;4371
EMIRE;4368;9.05.1962;2;4366
KAYHAN;4367;3.06.1976;4341;26
BELGUZAR;4359;26.06.1961;157;4202
NEZIRE;4350;7.07.1962;0;4350
MAHIDE;4349;13.12.1964;0;4349
GOKCEN;4342;6.04.1977;704;3638
BEGUM;4335;27.11.1985;1;4334
FAZILE;4322;11.01.1961;0;4322
KATIBE;4316;12.06.1963;0;4316
IMREN;4307;1.01.1976;167;4140
MUHAMMER;4297;6.10.1970;4216;81
GULZADE;4290;29.08.1960;3;4287
ABDULHAKIM;4289;30.01.1974;4289;0
HERDEM;4282;23.12.1970;28;4254
SEMIYE;4276;27.02.1964;0;4276
ADLE;4274;21.01.1958;0;4274
MUBECCEL;4263;4.09.1951;1;4262
ZEKERIYE;4245;21.09.1968;4233;12
ABDULHALIM;4245;18.06.1970;4245;0
YAZGUL;4244;21.02.1975;0;4244
ZIHNI;4231;6.11.1961;4199;32
SELAHADDIN;4212;19.08.1960;4212;0
ARZI;4203;8.04.1955;0;4203
ISMIGUL;4185;17.11.1964;1;4184
PASA;4181;28.04.1961;4014;167
ABDIL;4176;30.09.1963;4176;0
NAFIA;4154;21.11.1954;2;4152
NESIM;4153;7.11.1970;4117;36
FERAH;4150;30.07.1973;295;3855
RAHMIYE;4140;26.03.1958;0;4140
AMINE;4140;25.08.1979;1;4139
KISMET;4134;17.11.1975;403;3731
CAGATAY;4131;19.12.1982;4127;4
FERIHAN;4129;1.06.1960;5;4124
ADEVIYE;4101;25.07.1959;0;4101
MAKSUT;4092;6.11.1962;4087;5
HADI;4083;30.10.1966;4070;13
SEMIRE;4080;11.11.1972;0;4080
MUTEBER;4077;30.10.1956;23;4054
INAYET;4063;23.03.1964;733;3330
TEVHIDE;4059;1.02.1958;0;4059
ISIK;4049;14.12.1969;1022;3027
SIRMA;4040;23.07.1959;1;4039
OZDEMIR;4037;6.04.1964;4034;3
FEHIM;4034;4.10.1963;4030;4
TAYFUR;4027;21.11.1974;4022;5
ICLAL;4024;11.09.1965;6;4018
ABUBEKIR;4024;22.09.1968;4023;1
ARDA;4015;26.06.1983;3771;244
AYTUL;4013;13.05.1974;15;3998
ZEYTUN;4003;14.10.1962;9;3994
ALPAY;3987;26.03.1977;3978;9
YOSMA;3980;5.11.1956;15;3965
FETTAH;3958;30.04.1964;3955;3
ZULFIKAR;3950;27.05.1968;3675;275
KADIN;3934;27.03.1953;0;3934
GULSEVIM;3912;18.07.1963;0;3912
SAHABETTIN;3912;11.01.1968;3911;1
ERSEN;3904;27.06.1976;3691;213
NEFIZE;3904;14.07.1960;0;3904
ABDUL;3899;17.05.1967;3892;7
NAIF;3899;17.04.1966;3895;4
KUTBETTIN;3887;6.09.1969;3887;0
MUFIDE;3881;13.08.1959;0;3881
MUHTEBER;3874;30.01.1968;12;3862
NEVAL;3867;24.10.1970;12;3855
RAGIP;3865;10.10.1966;3862;3
TAYYAR;3861;8.10.1965;3859;2
KANIYE;3860;17.04.1956;0;3860
SEKER;3858;3.11.1956;368;3490
SAHINDE;3853;29.01.1956;0;3853
GULENDAM;3836;10.07.1962;0;3836
BILGEN;3832;12.11.1978;97;3735
INAN;3827;30.03.1981;3731;96
VAKKAS;3815;15.10.1964;3815;0
NASIBE;3809;22.10.1964;0;3809
SELEN;3795;9.06.1984;15;3780
SULTANI;3789;18.03.1961;0;3789
GUNNUR;3788;2.05.1972;30;3758
ABDULMECIT;3778;6.10.1964;3778;0
YONCA;3760;10.10.1981;0;3760
SEZAYI;3753;28.05.1968;3739;14
TASKIN;3752;3.01.1975;3733;19
IRAZ;3744;30.11.1960;1;3743
GULSAN;3742;25.09.1962;10;3732
FEYYAZ;3742;25.08.1977;3731;11
ASIR;3735;26.01.1962;3699;36
BEYZA;3734;17.10.1981;8;3726
YADIKAR;3728;19.11.1965;243;3485
OZEN;3725;20.12.1969;1036;2689
SENIYE;3725;3.01.1957;0;3725
ABDULSELAM;3717;11.11.1975;3717;0
SULBIYE;3714;24.05.1957;0;3714
TEVRAT;3713;11.12.1963;1020;2693
RAMIS;3702;12.05.1963;3693;9
RESIDE;3692;14.12.1960;2;3690
FATMAGUL;3691;19.05.1967;1;3690
CELILE;3681;16.02.1966;0;3681
BELKIZ;3671;30.06.1972;0;3671
GOKAY;3668;5.06.1981;3580;88
DEMIR;3666;12.06.1958;3658;8
BERIVAN;3665;25.09.1984;0;3665
AYDOGAN;3658;5.10.1969;3567;91
ATALAY;3652;10.05.1971;3652;0
ARAP;3648;13.08.1959;3175;473
ELVEDA;3615;20.03.1965;12;3603
NUREDDIN;3611;24.11.1961;3611;0
ORCUN;3610;8.10.1984;3604;6
MEHRIBAN;3603;24.11.1966;2;3601
UTKU;3590;9.02.1983;3424;166
CEZMI;3588;4.04.1967;3552;36
ABDURAHMAN;3585;7.06.1961;3585;0
HORU;3578;21.11.1956;0;3578
AISE;3577;16.12.1950;2;3575
AYSAN;3576;12.12.1960;83;3493
RAHSAN;3575;27.01.1980;6;3569
MELIS;3574;8.11.1984;5;3569
ALP;3560;22.06.1977;3558;2
SELVET;3550;5.09.1961;1015;2535
MENICE;3545;14.01.1974;1;3544
MUMTAZ;3539;24.06.1963;3523;16
BESNA;3538;24.04.1971;0;3538
ZAIDE;3530;30.04.1961;0;3530
MUMUNE;3509;8.07.1961;0;3509
GUROL;3507;3.11.1971;3499;8
NAGEHAN;3499;25.12.1981;5;3494
ASIYA;3497;4.10.1962;2;3495
SELCAN;3488;24.07.1983;100;3388
MIKDAT;3475;13.10.1958;3475;0
CESIM;3473;14.05.1974;3470;3
SAYIM;3460;6.02.1968;3426;34
SELAHITTIN;3453;28.03.1957;3453;0
FELEK;3435;24.10.1972;59;3376
NAZIYE;3431;3.02.1958;0;3431
MUKREMIN;3427;5.11.1968;3407;20
UMMEHAN;3427;11.08.1959;0;3427
SELAMET;3412;2.06.1972;1050;2362
ZEMZEM;3408;24.11.1968;2;3406
ZOZAN;3398;3.04.1971;7;3391
ECEVIT;3388;6.05.1977;3387;1
MEHMETALI;3377;15.08.1962;3377;0
FADIM;3369;21.04.1964;0;3369
CIMEN;3364;12.08.1978;18;3346
TULUN;3362;17.11.1967;2;3360
CAVIDE;3344;8.06.1957;0;3344
MUTTALIP;3340;8.12.1966;3340;0
AHU;3337;28.05.1982;2;3335
HATEM;3331;17.06.1964;986;2345
EJDER;3329;18.12.1971;3321;8
MENDUH;3318;3.08.1971;3297;21
MAZLUM;3315;28.09.1972;3168;147
BESIM;3311;24.08.1963;3293;18
MELDA;3306;21.05.1978;1;3305
MAHINUR;3306;22.11.1959;0;3306
RAMIZ;3304;25.08.1957;3301;3
FATIM;3304;23.11.1952;10;3294
AFET;3293;22.02.1957;87;3206
UMMET;3292;12.12.1969;3274;18
NAHIT;3289;28.07.1966;3278;11
BARAN;3288;24.05.1980;2403;885
RAFIYE;3286;19.03.1962;0;3286
DEDE;3286;11.04.1957;3284;2
HAKIM;3280;29.01.1973;3272;8
NEBILE;3270;15.02.1964;1;3269
NUSRETTIN;3259;14.02.1963;3259;0
KANI;3256;29.11.1962;3249;7
GIYASETTIN;3251;2.06.1969;3251;0
RUVEYDE;3251;17.11.1961;0;3251
POLAT;3234;7.09.1973;3233;1
OZHAN;3230;23.06.1979;3172;58
BEHZAT;3226;1.08.1964;3210;16
ABDULLATIF;3226;24.11.1966;3225;1
MITAT;3225;14.11.1967;3224;1
SALIYE;3223;24.12.1962;0;3223
MELEHAT;3217;17.02.1964;0;3217
UMMIYE;3210;9.10.1962;0;3210
ZERIFE;3209;7.05.1965;1;3208
MAHSUM;3208;14.10.1980;3206;2
FINDIK;3203;1.05.1957;26;3177
ZUHRA;3203;14.02.1960;0;3203
AKKIZ;3201;4.01.1959;0;3201
MUSLUME;3199;16.08.1964;0;3199
NIHAYET;3199;7.06.1968;86;3113
NURAL;3198;22.07.1964;768;2430
CESUR;3188;30.09.1978;3183;5
ZULAL;3188;10.04.1971;275;2913
SAZIMET;3186;11.09.1957;0;3186
OZGUN;3182;5.05.1980;2080;1102
KADIFE;3177;17.05.1959;0;3177
BARBAROS;3170;17.04.1975;3169;1
VEYIS;3157;29.04.1963;3152;5
YASARIYE;3156;27.10.1964;1;3155
GULKIZ;3151;29.10.1959;0;3151
NIGMET;3145;19.08.1967;78;3067
MIHRICAN;3133;22.04.1978;1;3132
GUNDUZ;3130;8.09.1967;2456;674
UMUS;3128;12.11.1960;0;3128
MEKIYE;3127;19.04.1975;0;3127
FEDAI;3124;3.12.1970;3102;22
HASIP;3123;23.10.1966;3117;6
NERGIS;3122;25.08.1975;3;3119
FERRUH;3118;9.08.1966;2964;154
AYSIN;3116;19.10.1973;28;3088
ZIYNET;3111;17.11.1966;3;3108
SERVER;3101;3.03.1956;856;2245
TUGAY;3092;7.08.1981;3071;21
DELAL;3089;19.06.1966;117;2972
SADAN;3083;14.11.1962;1377;1706
SADRETTIN;3082;18.08.1966;3082;0
NASUH;3080;22.05.1961;3080;0
MUHYETTIN;3078;6.10.1967;3078;0
ORKUN;3074;11.04.1983;3071;3
MUHBET;3067;25.04.1968;1;3066
RUHIYE;3061;10.08.1960;0;3061
MEDET;3059;22.09.1970;2957;102
KUMRU;3052;19.10.1961;9;3043
MALIK;3047;13.01.1970;3039;8
FAIZE;3042;29.11.1958;0;3042
IFFET;3031;14.02.1960;18;3013
HACERE;3030;5.11.1956;0;3030
NIDA;3028;5.06.1981;322;2706
FATI;3027;8.08.1956;68;2959
ZULFI;3024;12.06.1958;1420;1604
NULUFER;3016;26.11.1974;1;3015
HAMI;3014;17.06.1964;2665;349
ATIF;3000;21.09.1965;2997;3
GANI;2999;28.02.1964;2988;11
SEKINE;2997;16.10.1960;0;2997
BESEY;2991;27.04.1952;0;2991
OMRIYE;2986;30.06.1959;1;2985
ORUC;2982;24.01.1967;1952;1030
MUHLISE;2979;6.05.1963;0;2979
FETI;2970;23.04.1964;2841;129
ERKUT;2954;3.12.1978;2954;0
ABIT;2949;10.11.1965;2949;0
ATA;2948;16.09.1968;2938;10
MUNUR;2945;3.06.1966;2915;30
ANAKIZ;2945;30.2.1958;0;2945
SONA;2942;2.05.1957;0;2942
MIRAY;2940;10.09.1983;52;2888
ABDULGANI;2936;19.09.1968;2936;0
TURKAY;2936;4.08.1969;2151;785
SAFURE;2925;16.07.1961;0;2925
GULFIYE;2904;21.01.1964;0;2904
FAIKA;2897;8.10.1955;0;2897
ALATTIN;2893;13.06.1967;2892;1
BIRKAN;2893;15.01.1981;2651;242
BERKAN;2892;29.01.1983;2853;39
HAZIM;2889;7.10.1963;2850;39
ENSAR;2883;22.07.1975;2869;14
PEMPE;2882;14.12.1961;1;2881
ZUHTU;2880;10.11.1960;2880;0
HABIL;2880;1.08.1966;2874;6
HAZEL;2875;5.08.1968;29;2846
GULLIZAR;2865;20.08.1957;0;2865
SENA;2863;16.06.1983;165;2698
ZAKIR;2858;18.04.1965;2855;3
NESAT;2840;19.09.1964;2832;8
MAHI;2837;4.04.1958;13;2824
SIRRI;2836;6.03.1962;2831;5
SEMANUR;2835;7.09.1979;0;2835
ALISAN;2833;14.04.1964;2822;11
TELAT;2832;7.07.1968;2830;2
MEMDUHA;2828;21.06.1955;0;2828
MAZHAR;2823;25.09.1965;2817;6
ZAHRA;2821;21.08.1965;0;2821
BESIRE;2818;18.09.1963;0;2818
TAHA;2818;28.02.1981;2795;23
VICDAN;2814;1.03.1962;67;2747
KEBIRE;2800;27.02.1960;0;2800
RUVEYDA;2794;24.04.1975;3;2791
FEHMIYE;2793;22.05.1957;0;2793
MELIK;2792;17.02.1978;2667;125
ZEKINE;2785;16.01.1964;2;2783
HAFIZA;2775;22.03.1955;0;2775
NURITTIN;2775;28.05.1958;2775;0
HUSNUYE;2772;29.01.1960;0;2772
MAHIRE;2769;1.06.1959;0;2769
SEYIDE;2759;22.09.1958;0;2759
ZUBEYDA;2757;3.12.1972;0;2757
EVIN;2757;23.06.1983;15;2742
MAHIYE;2753;24.06.1959;1;2752
MEHRI;2745;25.11.1959;24;2721
KIYASETTIN;2745;25.05.1966;2745;0
OZTURK;2743;12.07.1971;2737;6
OZGEN;2735;4.12.1975;1206;1529
TEOMAN;2734;27.02.1969;2729;5
FERMAN;2729;30.07.1969;2516;213
ELA;2726;9.02.1984;1;2725
MUSLIM;2725;11.02.1965;2718;7
SAMIL;2721;12.06.1968;2711;10
ZAHIR;2721;25.03.1967;2465;256
NAVRUZ;2718;5.07.1962;203;2515
TAYYIBE;2684;22.11.1960;0;2684
MUMUN;2684;10.09.1961;2681;3
DILAN;2679;25.05.1988;19;2660
FITNET;2673;15.12.1954;0;2673
NUKET;2656;11.06.1970;16;2640
SERGUL;2656;26.03.1974;7;2649
NIL;2653;30.05.1977;12;2641
IMMIHAN;2650;26.06.1959;0;2650
NIZAM;2634;29.09.1969;2623;11
NAIDE;2632;8.05.1963;1;2631
RANA;2630;7.11.1973;13;2617
BESI;2630;30.01.1948;3;2627
SUMEYYA;2627;3.11.1984;1;2626
SITTI;2626;15.07.1957;1;2625
ZINI;2626;13.11.1954;6;2620
LAMIA;2623;6.02.1962;0;2623
CELEBI;2623;22.05.1965;2601;22
GAYE;2621;29.06.1979;6;2615
MAKSUDE;2614;25.06.1960;0;2614
GUNEY;2612;14.04.1975;1886;726
BILGEHAN;2611;1.03.1981;1429;1182
CINAR;2610;6.05.1978;1100;1510
ZULFUKAR;2607;5.09.1964;2573;34
HAMIYE;2606;12.06.1962;0;2606
ZAKIRE;2592;15.12.1959;0;2592
FETHULLAH;2585;25.09.1975;2585;0
RUZIYE;2582;18.05.1957;0;2582
SAHIBE;2579;18.06.1964;0;2579
KADEM;2575;24.06.1964;1563;1012
MERIC;2574;14.01.1979;1654;920
NASIDE;2572;26.04.1964;0;2572
SERTAN;2569;24.12.1980;2558;11
SELVA;2560;17.08.1972;1;2559
CAKIR;2558;1.09.1963;556;2002
DEVLET;2552;17.08.1970;556;1996
KIVANC;2533;2.12.1981;2360;173
VEYSAL;2532;26.01.1967;2531;1
ISMINAZ;2529;1.06.1963;0;2529
PERIZADE;2518;17.11.1963;0;2518
ALAEDDIN;2517;22.11.1960;2517;0
OKAY;2509;27.02.1977;2488;21
HALDUN;2508;10.10.1972;2508;0
UMAHAN;2501;15.11.1959;0;2501
BUGRA;2500;15.06.1986;2402;98
MEVLUDIYE;2499;20.05.1963;1;2498
KAMBER;2495;10.09.1966;2479;16
HASBI;2484;21.05.1961;2481;3
SADEGUL;2479;21.07.1971;0;2479
VECIHE;2478;1.05.1959;1;2477
NASIR;2475;24.08.1969;2473;2
SEFIYE;2465;2.11.1956;0;2465
BESTAMI;2461;2.05.1975;2461;0
URKIYE;2456;7.06.1958;0;2456
BERK;2451;12.11.1985;2449;2
SIFA;2451;11.04.1979;278;2173
MIHRIYE;2449;12.08.1955;0;2449
ABDULBARI;2445;13.06.1964;2445;0
INSAF;2444;4.08.1958;9;2435
ZAHIRE;2444;25.12.1958;0;2444
VASFI;2442;15.06.1963;2439;3
ZARIF;2440;16.05.1961;941;1499
GULSUME;2440;14.10.1963;0;2440
ABDULCELIL;2436;30.06.1970;2436;0
MESTAN;2433;17.07.1959;2400;33
MUESSER;2433;25.10.1961;10;2423
CASIM;2432;26.03.1966;2431;1
GULSEVEN;2430;15.01.1969;1;2429
CIDEM;2429;12.01.1978;3;2426
FISUN;2422;20.12.1970;0;2422
KIFAYET;2419;18.04.1964;8;2411
FERISTAH;2418;10.02.1957;13;2405
FAYIK;2415;18.08.1965;2415;0
AYSU;2414;14.01.1977;9;2405
GAZALI;2411;1.05.1960;29;2382
SADIFE;2411;8.09.1956;0;2411
MANSUR;2409;18.06.1969;2406;3
OGUN;2407;8.02.1977;2366;41
DUNDAR;2402;9.03.1969;2371;31
FITNAT;2402;21.12.1955;0;2402
GULENDER;2390;12.08.1966;2;2388
TAMAM;2388;18.07.1957;5;2383
BAHADDIN;2386;6.01.1964;2386;0
ABDULHALIK;2386;10.05.1970;2386;0
EGEMEN;2385;21.01.1984;2293;92
TEYFIK;2384;25.02.1968;2384;0
SIMGE;2381;18.05.1987;2;2379
KERZIBAN;2377;6.11.1967;0;2377
HANEFI;2377;5.07.1963;2357;20
KANBER;2375;2.10.1961;2362;13
SELBI;2375;22.04.1965;2;2373
GULBIN;2373;4.06.1974;0;2373
BEDIRHAN;2361;1.09.1967;2332;29
TANSEL;2359;27.07.1974;1772;587
BATUHAN;2354;3.02.1987;2352;2
VAROL;2353;19.01.1971;2347;6
MIRAC;2351;11.08.1982;1734;617
EFENDI;2349;12.07.1963;2349;0
SENIZ;2339;24.10.1975;71;2268
DURAK;2338;26.07.1961;2335;3
MUSLIME;2330;5.07.1963;0;2330
TURKIYE;2329;14.06.1959;4;2325
CEVHER;2328;22.06.1967;1326;1002
CENGIZHAN;2320;26.09.1979;2319;1
GANIMET;2320;8.01.1964;33;2287
SAYNUR;2317;6.11.1971;5;2312
IDIRIS;2309;9.02.1966;2309;0
SAHSENEM;2303;18.03.1960;0;2303
SERAY;2300;25.09.1979;83;2217
MAHFUZ;2297;22.03.1975;2293;4
HUDAVERDI;2295;8.02.1964;2167;128
RUKEN;2294;18.11.1984;17;2277
NAFIZE;2292;25.06.1959;0;2292
MACIT;2291;30.11.1963;2291;0
CANSEL;2287;15.07.1979;140;2147
NEZIHAT;2284;2.10.1964;0;2284
SAHIZER;2277;7.06.1962;0;2277
CAGLAYAN;2276;2.05.1979;1581;695
SAFA;2272;20.10.1975;1984;288
GULIZ;2271;29.04.1979;1;2270
MIKTAT;2265;25.02.1962;2265;0
HARIKA;2259;18.08.1975;8;2251
NECMEDDIN;2245;30.01.1964;2245;0
UMMIHAN;2244;20.09.1964;1;2243
ABDULMUTTALIP;2243;26.03.1973;2243;0
HEYBET;2243;13.05.1974;813;1430
GULPASA;2243;19.03.1959;202;2041
MUFIT;2233;8.01.1966;2232;1
KURBAN;2232;21.06.1961;2217;15
HAZIME;2228;1.05.1964;0;2228
SEKERNAZ;2226;1.07.1964;0;2226
ZULFINAZ;2225;20.11.1960;0;2225
NEVRUZ;2225;11.12.1966;553;1672
SAHINAZ;2225;10.09.1961;0;2225
ABDULHADI;2222;18.06.1965;2221;1
FEYZIYE;2217;21.09.1962;0;2217
SONMEZ;2216;20.01.1972;1546;670
MENSUR;2209;12.10.1968;1155;1054
MERIH;2207;14.10.1969;813;1394
MUHIDDIN;2205;23.09.1959;2205;0
RESMIGUL;2203;11.04.1964;1;2202
ZEYNI;2203;8.02.1964;1083;1120
ULVI;2202;14.03.1967;2192;10
SEYHO;2200;10.12.1954;2195;5
BOZAN;2193;21.01.1965;2100;93
RAUF;2191;4.06.1967;2191;0
DOGUKAN;2187;21.02.1988;2186;1
ABDULMENAF;2184;9.07.1973;2184;0
YAPRAK;2183;4.01.1985;0;2183
HATIP;2182;3.04.1968;2180;2
RAHMAN;2175;29.03.1976;2114;61
FADEN;2173;12.10.1960;0;2173
ADVIYE;2169;21.05.1955;0;2169
GULSEHER;2164;6.07.1965;0;2164
YASEMEN;2163;1.06.1972;1;2162
MEMIK;2158;16.09.1962;2156;2
BAGDAT;2150;24.05.1962;56;2094
ABDULGAFUR;2150;14.03.1968;2150;0
BENGU;2141;4.02.1981;20;2121
GULIN;2130;3.12.1977;32;2098
SUMBUL;2119;16.01.1971;11;2108
HURMUZ;2119;20.07.1954;57;2062
RUHAN;2118;22.02.1969;532;1586
TUNC;2116;23.12.1976;2110;6
ALKAN;2115;5.06.1978;2107;8
AYDEMIR;2114;29.11.1966;2105;9
BAGDAGUL;2110;5.03.1967;0;2110
OKKAS;2110;20.10.1954;2109;1
TALHA;2108;18.05.1982;2091;17
ABDULSAMET;2106;11.03.1983;2106;0
NADIME;2103;9.02.1961;0;2103
GULCEMAL;2103;1.06.1961;126;1977
KORHAN;2101;2.07.1979;2099;2
HAVVANA;2101;22.11.1961;0;2101
ZEKAYI;2090;20.11.1968;2090;0
MAHBUP;2089;7.11.1957;50;2039
SITTIKA;2087;26.02.1955;0;2087
SUNBUL;2087;8.11.1960;14;2073
EFE;2083;18.04.1984;2078;5
RIFKI;2082;23.01.1960;2081;1
FERZENDE;2081;22.04.1962;2077;4
CABIR;2079;20.02.1969;2078;1
HALEF;2078;23.06.1961;2068;10
MUHABBET;2077;29.05.1967;71;2006
NEHIR;2073;1.07.1978;299;1774
REZZAN;2070;10.05.1971;71;1999
ZUMRETE;2068;26.02.1965;32;2036
AYNI;2064;5.11.1955;15;2049
BERKAY;2064;6.03.1986;1997;67
TAYBET;2063;20.05.1974;0;2063
SAHA;2063;13.08.1966;3;2060
ANSA;2056;2.01.1950;1;2055
CAVIDAN;2049;29.02.1964;5;2044
SEZIN;2037;9.07.1979;39;1998
NURE;2037;22.07.1958;0;2037
BURCAK;2033;6.05.1983;288;1745
SACIT;2031;8.05.1967;2028;3
PEYRUZE;2031;14.01.1960;0;2031
KUMRI;2031;11.10.1958;0;2031
EMETI;2031;6.07.1958;0;2031
GULTER;2028;21.01.1957;14;2014
GOKSAL;2028;5.03.1974;1899;129
HICABI;2026;2.01.1964;2023;3
MINIRE;2024;5.02.1960;0;2024
NURA;2022;10.01.1964;0;2022
SAYIT;2018;18.05.1964;2018;0
METEHAN;2015;25.04.1983;2015;0
DURUYE;2008;25.06.1958;0;2008
NESLI;2008;21.08.1967;23;1985
MEHDI;2008;21.03.1971;2005;3
ALTIN;2004;9.04.1967;20;1984
NERGUL;2002;12.04.1972;1;2001
BINGUL;2002;14.09.1965;9;1993
ABDUSSELAM;2000;7.05.1968;2000;0
ZEMINE;2000;20.05.1961;0;2000
AKKADIN;1994;3.07.1955;1;1993
GULLI;1993;15.01.1957;9;1984
NURDAGUL;1992;18.10.1971;1;1991
PERI;1992;24.10.1958;0;1992
SADIKA;1992;4.07.1954;0;1992
EFKAN;1991;9.01.1976;1986;5
ZIVER;1985;2.11.1967;1748;237
NAFI;1983;25.01.1964;1960;23
BESER;1983;13.06.1952;98;1885
ULGER;1980;8.12.1965;13;1967
FERYAL;1979;6.06.1972;6;1973
REZAN;1977;6.01.1965;186;1791
GOKNUR;1975;25.08.1981;36;1939
SURMELI;1972;14.07.1960;981;991
KURSAD;1966;24.04.1980;1964;2
ERBIL;1966;10.11.1974;1810;156
RUYA;1963;13.02.1982;8;1955
MAIDE;1961;22.05.1965;0;1961
MAVIS;1960;4.07.1962;4;1956
CEMALI;1945;4.06.1962;1895;50
TALIYE;1943;19.02.1961;1;1942
NEZIH;1940;28.06.1968;1911;29
MARUF;1934;29.10.1970;1930;4
SUDIYE;1926;12.09.1960;0;1926
UMMAHANI;1926;3.02.1961;1;1925
CANIP;1921;30.10.1964;1921;0
GENCAY;1916;28.12.1978;1848;68
FETULLAH;1910;24.03.1974;1910;0
SAHINDER;1906;12.01.1960;7;1899
ISMI;1904;6.08.1956;27;1877
DURNA;1899;22.09.1963;27;1872
SERACETTIN;1894;24.05.1969;1894;0
SADRIYE;1890;27.09.1958;0;1890
SONNUR;1887;16.11.1978;6;1881
SAYESTE;1886;10.10.1957;0;1886
HAYRUNNISA;1884;13.05.1961;0;1884
HAYAL;1883;25.04.1973;24;1859
ERKIN;1877;2.09.1976;1868;9
CESMINAZ;1876;6.10.1958;0;1876
MERDIYE;1873;7.01.1966;0;1873
FARIS;1871;28.04.1965;1868;3
JULIDE;1866;16.08.1972;0;1866
DEVRAN;1865;7.05.1982;1120;745
MESRURE;1862;21.05.1953;0;1862
SIRAC;1861;17.01.1973;1858;3
ECEM;1859;20.11.1989;4;1855
BAHIRE;1856;27.07.1957;0;1856
AYTAN;1852;16.01.1967;56;1796
MULKINAZ;1852;9.05.1964;0;1852
REMEZAN;1849;16.12.1958;1849;0
METHIYE;1846;21.08.1964;0;1846
ADUL;1845;11.08.1961;5;1840
BULUT;1844;14.09.1982;1650;194
SAHSINE;1842;13.06.1956;0;1842
NURDOGAN;1840;11.09.1968;1293;547
NEFIYE;1839;22.01.1961;0;1839
GULSEMIN;1834;4.06.1980;0;1834
CABBAR;1834;8.07.1966;1834;0
SABIYE;1832;14.01.1960;1;1831
SUSAN;1832;1.01.1965;0;1832
ZAHIT;1828;13.01.1965;1824;4
DIDAR;1828;18.05.1964;9;1819
NILGUL;1822;12.01.1971;0;1822
RAHILE;1822;12.03.1964;0;1822
KUCUK;1818;18.11.1958;1191;627
ASSIYE;1812;23.06.1966;0;1812
MIHDIYE;1810;17.07.1966;0;1810
NAZIR;1802;4.10.1960;1786;16
ALAITTIN;1791;16.03.1958;1791;0
SEMIR;1790;27.09.1972;1785;5
RAKIBE;1784;12.07.1960;0;1784
SATIA;1784;14.03.1952;0;1784
ISAK;1783;8.10.1966;1782;1
GUNSEL;1780;8.06.1957;32;1748
EMIRHAN;1780;9.02.1979;1689;91
YETKIN;1777;23.10.1977;1641;136
CENAN;1774;5.09.1964;842;932
HACICE;1768;15.11.1967;1;1767
SADIMAN;1767;27.04.1965;30;1737
TURKMEN;1766;22.10.1961;285;1481
MEHDIYE;1762;30.03.1966;1;1761
ANTIKA;1760;15.06.1970;2;1758
SEVIN;1757;9.01.1972;33;1724
FELEKNAZ;1756;3.03.1965;0;1756
GULBIYE;1751;14.05.1961;0;1751
SELVIHAN;1750;19.07.1979;2;1748
IFAKET;1739;14.06.1957;0;1739
HASENE;1739;2.07.1955;0;1739
SEHRINAZ;1731;13.11.1958;0;1731
SEHERNAZ;1729;16.05.1963;0;1729
VAHDET;1729;21.01.1973;1691;38
HARBIYE;1727;3.10.1965;7;1720
ULKIYE;1720;3.02.1968;0;1720
TOLGAHAN;1717;27.12.1986;1717;0
SERFINAZ;1715;23.12.1958;1;1714
NEBIHA;1709;22.07.1962;0;1709
SUPHAN;1707;9.12.1971;547;1160
ERSEL;1707;22.05.1977;1609;98
DUZGUN;1701;11.08.1971;1695;6
SAHAP;1700;7.03.1965;1698;2
SUMER;1700;10.08.1961;658;1042
FEDIME;1699;14.09.1957;0;1699
NECATTIN;1697;19.07.1962;1696;1
TALIHA;1690;19.04.1966;6;1684
TIMUCIN;1683;11.08.1978;1682;1
VEFA;1680;9.08.1975;1449;231
TAHIRE;1680;21.04.1960;0;1680
ESMEHAN;1680;13.06.1963;0;1680
SELFINAZ;1678;30.09.1960;0;1678
DICLE;1675;28.11.1983;74;1601
RADIYE;1675;12.05.1962;1;1674
SELVIYE;1675;1.03.1964;0;1675
RUMEYSA;1672;1.09.1984;1;1671
GULHATUN;1671;12.05.1960;0;1671
BISAR;1668;8.11.1966;1662;6
VEZIR;1666;16.01.1965;1637;29
SEREN;1662;19.01.1984;120;1542
SARAY;1656;7.01.1962;4;1652
CILER;1656;9.06.1976;4;1652
RIHAN;1656;2.12.1959;19;1637
NABI;1654;21.11.1964;1652;2
SAIBE;1652;7.12.1958;0;1652
KORKMAZ;1651;13.12.1970;1651;0
YASARE;1649;24.05.1958;0;1649
EMETULLAH;1647;30.09.1955;6;1641
AYVAZ;1644;27.05.1968;1634;10
SIH;1640;5.02.1959;1635;5
GOKSEN;1640;1.10.1974;233;1407
TANSU;1640;11.09.1979;1283;357
ABDULCEBBAR;1632;25.07.1968;1632;0
VATHA;1631;16.07.1964;1;1630
NAMI;1628;2.03.1963;1613;15
GULNIHAL;1628;26.10.1973;0;1628
HELIME;1627;27.12.1959;0;1627
BERKANT;1625;5.08.1979;1623;2
ZABIT;1625;19.02.1966;1624;1
SAHURE;1618;8.07.1959;0;1618
MUHIBE;1617;1.10.1956;0;1617
DURSIYE;1617;22.10.1965;0;1617
AHSEN;1616;3.05.1972;216;1400
BASAR;1615;25.06.1979;1595;20
EMBIYE;1614;16.02.1962;43;1571
SUHA;1611;11.09.1969;1500;111
DURSUNALI;1611;5.10.1959;1611;0
TEKMILE;1611;26.03.1960;0;1611
KUDDUSI;1610;23.08.1962;1608;2
MEZIYET;1608;8.01.1960;47;1561
OMRUYE;1608;1.09.1963;0;1608
LEYLI;1607;30.12.1953;7;1600
KALENDER;1607;12.02.1966;1589;18
HEDLE;1603;14.03.1959;0;1603
FELEMEZ;1600;7.09.1967;1590;10
KERAMETTIN;1599;1.11.1965;1599;0
ZIKRI;1596;16.01.1961;1595;1
IMIHAN;1591;8.12.1955;0;1591
RACI;1590;26.02.1965;1589;1
MALIKE;1589;4.10.1962;4;1585
MIYESE;1588;13.01.1963;0;1588
SEKURE;1587;17.05.1955;0;1587
AYYUS;1585;20.01.1958;0;1585
NAYIME;1577;30.07.1965;0;1577
MEFARET;1577;12.07.1967;2;1575
ORAL;1575;6.03.1973;1568;7
IBIS;1574;11.11.1954;1570;4
SABAH;1569;12.01.1970;486;1083
ERDEN;1568;11.06.1966;1450;118
MURTEZA;1568;9.05.1960;1562;6
KIBARIYE;1565;17.05.1966;0;1565
FEZILE;1564;14.03.1963;0;1564
NAME;1562;11.01.1968;4;1558
FADIMEANA;1556;22.10.1964;0;1556
GULHIZAR;1552;2.11.1959;0;1552
NESIMI;1551;13.03.1967;1543;8
AKIFE;1550;2.12.1963;0;1550
FERAMUZ;1548;3.10.1962;1547;1
ASKER;1539;29.04.1964;1538;1
SEDRETTIN;1538;29.05.1965;1538;0
RAMIZE;1535;3.07.1954;0;1535
SIRVAN;1532;24.11.1978;131;1401
ASUR;1529;21.04.1959;1391;138
KIYAFET;1528;6.11.1959;4;1524
BILSEN;1527;15.08.1967;4;1523
PERUZE;1527;7.11.1952;0;1527
TEMAM;1525;29.04.1960;0;1525
HORI;1523;26.11.1953;0;1523
BEYAZIT;1522;7.12.1971;1520;2
KIBRIYE;1522;11.05.1960;0;1522
IRMAK;1521;13.10.1985;217;1304
SEMINE;1519;25.05.1968;0;1519
MESKURE;1518;17.04.1955;0;1518
AYDA;1517;19.02.1973;8;1509
NEBAT;1517;11.08.1958;2;1515
AYSA;1517;5.11.1947;7;1510
TAYYIP;1513;25.11.1963;1513;0
GUNSELI;1511;22.01.1965;0;1511
NARGUL;1511;12.05.1970;1;1510
IMHAN;1511;19.10.1963;1;1510
ADIFE;1511;28.09.1962;1;1510
ALTUG;1509;6.10.1979;1491;18
BUSE;1508;15.12.1988;0;1508
SUHEDA;1506;12.11.1974;28;1478
ASIME;1502;25.07.1965;0;1502
NULIFER;1502;21.08.1977;0;1502
OZEL;1500;10.02.1969;1009;491
TAYIBE;1499;9.06.1965;0;1499
TUNAHAN;1498;7.02.1986;1468;30
SEMSEDDIN;1496;7.05.1963;1496;0
FEYRUZ;1495;26.03.1969;317;1178
ZEHNI;1492;3.03.1957;1469;23
SEMIRA;1492;18.01.1972;0;1492
MULAYIM;1491;28.12.1962;1246;245
AGIT;1490;8.06.1974;1489;1
GULAYSE;1486;1.02.1959;0;1486
ILTER;1480;29.03.1973;1124;356
AMSE;1480;15.07.1959;2;1478
EKIN;1477;14.12.1984;620;857
ZERIN;1477;7.04.1970;6;1471
RIZVAN;1470;18.01.1962;1410;60
HURREM;1469;11.02.1963;834;635
ZILFI;1469;23.04.1959;109;1360
AVAS;1467;28.07.1958;18;1449
GULSENEM;1467;6.01.1965;0;1467
KAGAN;1466;6.08.1982;1466;0
SALISE;1465;2.11.1958;0;1465
MIRZA;1461;9.08.1965;1458;3
HURIYET;1459;24.12.1967;110;1349
TIJEN;1457;17.12.1972;2;1455
DILAY;1457;17.03.1985;5;1452
VEHBIYE;1457;13.09.1967;0;1457
NUKHET;1457;19.10.1974;4;1453
HICRET;1452;13.03.1978;325;1127
HUNKAR;1449;2.01.1966;526;923
SABIR;1447;2.12.1969;562;885
GOGERCIN;1443;15.08.1962;0;1443
BADEGUL;1440;10.10.1973;0;1440
TURSUN;1440;9.04.1950;750;690
NEBIHE;1438;26.08.1964;0;1438
RASIDE;1433;26.07.1967;0;1433
FECRIYE;1431;2.09.1963;0;1431
SEBAT;1430;7.11.1956;64;1366
MUZEYEN;1430;2.01.1969;0;1430
BAHTISEN;1429;29.11.1967;42;1387
ALIHAN;1428;8.11.1970;1424;4
DIGDEM;1426;18.01.1984;0;1426
SAHSENE;1426;13.07.1957;0;1426
INANC;1423;12.08.1982;1164;259
MULLA;1422;26.05.1962;1344;78
ABDURREZAK;1422;8.04.1968;1422;0
ZERGA;1421;1.01.1966;0;1421
ADIGUZEL;1416;24.08.1961;1328;88
SAKIN;1416;21.11.1971;1333;83
BERIN;1411;12.03.1969;3;1408
UYGAR;1409;12.07.1983;1374;35
BENGUL;1408;26.08.1978;0;1408
NEZIFE;1407;15.01.1961;0;1407
GOKBEN;1406;24.02.1982;32;1374
ILMIYE;1404;26.05.1956;1;1403
AKIDE;1401;11.12.1968;0;1401
SIYAMI;1401;11.05.1965;1399;2
ASAF;1400;1.05.1964;1400;0
CUMAALI;1399;21.01.1969;1399;0
GAFURE;1393;16.06.1962;0;1393
FATMAANA;1393;27.05.1955;0;1393
ABDULMUTALIP;1392;25.08.1978;1391;1
ARAFAT;1392;6.04.1974;1376;16
ANIS;1391;15.06.1958;12;1379
BAHAETTIN;1390;22.05.1955;1390;0
FERUZE;1389;19.06.1956;0;1389
HATIME;1388;11.05.1963;0;1388
FATMANUR;1387;19.01.1984;0;1387
AYSEDUDU;1386;8.12.1960;0;1386
TALIA;1385;26.12.1961;0;1385
ELFIDE;1380;7.11.1959;0;1380
HASIME;1380;13.10.1957;0;1380
SIRACETTIN;1376;10.03.1972;1376;0
SELAHETTIN;1375;27.10.1954;1375;0
HANIMI;1375;27.01.1956;0;1375
TURABI;1374;9.04.1968;1373;1
ZEKERIYYA;1374;17.12.1963;1374;0
SEFIKE;1373;10.03.1964;0;1373
DURCAN;1366;13.06.1967;137;1229
ILKE;1363;7.07.1983;312;1051
DILER;1363;16.05.1975;107;1256
GULDESTE;1361;29.09.1960;0;1361
SIHO;1360;7.04.1957;1358;2
YAYLA;1360;3.10.1964;87;1273
MAVIYE;1359;22.09.1961;7;1352
NARIYE;1358;22.07.1961;0;1358
YETIS;1355;26.05.1976;1294;61
BULBUL;1353;30.11.1961;27;1326
SILA;1351;11.06.1986;25;1326
REIS;1351;23.07.1972;1351;0
UMMUS;1349;22.10.1957;0;1349
NERMAN;1348;14.10.1966;38;1310
MEHMED;1348;10.12.1966;1348;0
DEVRIS;1344;20.01.1965;1342;2
SEVDET;1343;21.07.1972;64;1279
NEZIYE;1343;13.04.1960;0;1343
IDIL;1342;22.04.1981;7;1335
NURTAC;1341;9.02.1977;196;1145
ABDULSEMET;1337;1.12.1973;1337;0
SEVDE;1332;8.11.1983;0;1332
TEMUR;1331;18.12.1955;1330;1
MEBRURE;1330;6.01.1953;0;1330
SENTURK;1330;7.08.1970;1316;14
NAZLIYE;1329;30.09.1962;0;1329
NAKIYE;1328;5.04.1956;0;1328
MAVUS;1325;2.10.1956;1;1324
AKAN;1324;16.02.1978;1318;6
ZUHRIYE;1320;27.06.1963;0;1320
FEYAT;1319;3.04.1975;1315;4
MIYESER;1315;16.11.1969;0;1315
SAKIP;1315;30.10.1963;1310;5
MUNEVER;1313;25.09.1967;2;1311
NURGUN;1312;21.09.1967;53;1259
AYSETE;1312;10.07.1971;0;1312
HASGUL;1311;15.12.1967;341;970
FAIME;1310;11.09.1970;0;1310
NESIP;1309;20.01.1966;1284;25
HASBIYE;1308;2.02.1958;0;1308
MESURE;1307;20.05.1966;0;1307
GOZEL;1306;13.03.1955;100;1206
GULDALI;1306;17.01.1961;13;1293
MASUM;1306;27.04.1973;1297;9
SAFET;1305;13.03.1964;972;333
GULE;1302;3.08.1961;0;1302
MEVLIDE;1300;7.01.1968;0;1300
URKUS;1299;15.12.1954;2;1297
HANSE;1298;14.07.1964;1;1297
SALIC;1298;4.08.1960;1;1297
ASKERI;1297;4.12.1970;1296;1
ZIYAETTIN;1296;2.07.1958;1296;0
MAHBUBE;1295;13.08.1960;0;1295
HAYREDDIN;1295;15.11.1963;1295;0
EDIZ;1293;15.03.1978;1264;29
BUNYAMI;1287;2.02.1970;1286;1
GUVERCIN;1287;11.01.1968;0;1287
USTUN;1286;22.11.1968;1146;140
KASIF;1283;10.12.1959;1282;1
UBEYDULLAH;1282;9.06.1974;1282;0
RENGIN;1280;27.11.1971;32;1248
YONUS;1280;22.10.1959;1280;0
MURAD;1277;2.01.1971;1277;0
BESTE;1276;19.01.1985;5;1271
ASYE;1274;19.04.1963;0;1274
OKSAN;1271;4.06.1973;94;1177
TEFIK;1270;2.05.1965;1270;0
ZOHRA;1269;28.12.1956;0;1269
HANIMSAH;1269;4.09.1969;0;1269
FIGAN;1267;25.11.1972;15;1252
CAZIYE;1267;9.01.1968;0;1267
ISMEHAN;1267;25.06.1958;0;1267
REHA;1266;18.12.1972;1165;101
MEHPARE;1265;10.04.1964;1;1264
ANAKADIN;1264;25.04.1957;0;1264
KADIRE;1261;6.11.1954;0;1261
AYKAN;1260;1.06.1978;1205;55
GEVRI;1258;21.10.1956;1;1257
FERIZE;1255;28.12.1960;0;1255
GULCICEK;1254;28.12.1965;0;1254
APTULLAH;1252;2.11.1961;1252;0
SULHATTIN;1251;5.04.1963;1251;0
SEYH;1248;10.03.1961;1247;1
KOCER;1247;30.10.1965;186;1061
SEMSIYE;1247;7.03.1960;0;1247
EFRAHIM;1247;9.03.1963;1245;2
PEHLUL;1245;23.11.1963;1243;2
DUNYA;1244;10.04.1974;74;1170
HADRA;1244;26.11.1964;2;1242
AZIM;1243;5.08.1970;1231;12
SENDOGAN;1242;25.12.1970;1142;100
ZERNISAN;1241;28.08.1954;1;1240
RADIFE;1240;30.01.1965;0;1240
KESER;1240;9.03.1967;37;1203
AGA;1238;15.02.1956;1238;0
SEYDO;1238;10.09.1956;1236;2
ELVIDE;1237;28.11.1958;0;1237
GULHAYAT;1234;9.06.1970;1;1233
HALILIBRAHIM;1234;7.11.1965;1234;0
HANI;1232;11.03.1946;44;1188
LALIHAN;1232;14.01.1969;0;1232
HUDAYI;1228;26.05.1966;1187;41
ZIYATTIN;1228;18.04.1963;1228;0
BERIL;1228;24.04.1981;0;1228
SULTANE;1226;3.11.1963;0;1226
UYSAL;1226;9.06.1969;1016;210
ZATIYE;1226;6.05.1955;0;1226
ZEYNETTIN;1225;23.09.1973;1137;88
NILIFER;1225;28.05.1970;0;1225
HULISI;1223;24.07.1966;1223;0
GULTAZE;1222;11.03.1962;0;1222
MARZIYE;1221;30.2.1961;0;1221
ABDURREZZAK;1220;24.12.1971;1220;0
SEYYARE;1218;17.06.1954;1;1217
NASIF;1217;11.12.1963;1215;2
OZAL;1214;2.12.1985;1201;13
VIJDAN;1214;8.08.1970;42;1172
GULDAN;1212;29.12.1970;4;1208
GAZEL;1210;10.07.1965;125;1085
ERSUN;1205;4.10.1974;1129;76
IDE;1204;25.04.1963;1;1203
CENAP;1204;9.06.1971;1188;16
SABITE;1202;23.04.1960;0;1202
MUCEVHER;1202;24.04.1959;10;1192
NAZIKAR;1201;28.01.1959;2;1199
SEMSIHAN;1200;16.06.1969;12;1188
LUTFULLAH;1199;20.03.1970;1199;0
ANZILHA;1198;24.11.1968;1;1197
NAZI;1198;9.02.1953;83;1115
DONER;1197;9.08.1973;21;1176
ATANUR;1195;27.12.1971;1131;64
ALISEYDI;1194;21.04.1961;1194;0
ZEYNELABIDIN;1194;9.06.1968;1194;0
SANEM;1194;7.02.1981;0;1194
GONCAGUL;1193;22.06.1980;0;1193
CUNEYIT;1193;27.11.1975;1191;2
YAZGULU;1190;10.02.1966;0;1190
GULFEM;1187;6.10.1968;0;1187
MERDAN;1186;4.03.1970;1161;25
MUSTAN;1186;6.07.1960;1184;2
HAFIZ;1185;13.05.1961;1171;14
GUNNAZ;1185;7.04.1964;0;1185
ATTILA;1181;22.04.1965;1180;1
SALTANAT;1178;28.10.1959;3;1175
BEDI;1177;30.07.1962;1151;26
RUSAN;1176;10.06.1964;934;242
INCILAY;1175;15.03.1974;1;1174
BAHITTIN;1175;12.12.1964;1175;0
TAZEGUL;1173;27.01.1964;1;1172
NAZDAR;1173;8.01.1967;1;1172
ILHAM;1172;10.04.1972;842;330
KEZZIBAN;1171;18.03.1965;0;1171
SADUN;1171;5.01.1969;1170;1
ERCIN;1170;13.05.1978;1059;111
FATIS;1169;19.02.1956;0;1169
AHMED;1168;30.08.1971;1168;0
KONCA;1167;2.07.1970;0;1167
EZEL;1165;22.04.1973;164;1001
SUVEYLA;1165;16.10.1969;0;1165
HAMDIN;1164;30.01.1973;1164;0
NEZAHET;1163;6.09.1955;0;1163
EDNAN;1163;19.04.1962;1162;1
ZULKIF;1162;5.11.1966;1155;7
BEDEVI;1161;2.10.1964;41;1120
SENCAN;1161;29.02.1968;224;937
BIHTER;1159;20.07.1982;2;1157
DAGISTAN;1158;19.06.1965;1157;1
RECAYI;1157;22.03.1967;1156;1
MIRZE;1157;16.02.1962;1157;0
HANEY;1156;18.07.1948;0;1156
HURMET;1155;23.03.1966;129;1026
MENDUHA;1154;20.05.1963;0;1154
FEDILE;1154;30.11.1966;0;1154
HAKI;1153;28.05.1967;1149;4
SEYCAN;1153;26.03.1973;43;1110
BERRAK;1153;2.12.1980;16;1137
BIRNAZ;1151;13.04.1966;0;1151
REFIA;1150;3.12.1950;0;1150
KUPRA;1149;19.01.1962;0;1149
ZELAL;1148;27.01.1984;1;1147
SAHZADE;1146;25.09.1958;180;966
GULSADE;1146;4.01.1963;0;1146
VACIDE;1145;26.12.1957;0;1145
NISAN;1144;11.06.1967;428;716
KARANFIL;1142;21.06.1963;111;1031
HUSMEN;1142;7.10.1957;1140;2
ABDULVAHIT;1139;23.02.1967;1139;0
ZELIHAN;1137;16.04.1965;1;1136
SAHNAZ;1137;30.08.1965;1;1136
EFRAIM;1136;21.06.1965;1136;0
YENIGUL;1135;10.01.1973;0;1135
GULEFER;1132;2.01.1964;1;1131
FAHREDDIN;1131;16.10.1960;1131;0
ALIOSMAN;1131;15.12.1960;1131;0
GURDAL;1130;15.10.1975;1052;78
IHSANIYE;1130;15.01.1960;1;1129
GULBEN;1129;12.10.1976;1;1128
SAMIME;1129;9.10.1962;0;1129
MELIHE;1128;24.11.1964;0;1128
ABDO;1127;22.04.1956;1127;0
SEHEL;1127;18.09.1964;4;1123
YEMLIHA;1123;9.09.1967;1013;110
MEKKIYE;1123;22.06.1973;0;1123
BIRNUR;1122;17.12.1972;1;1121
FINCAN;1122;11.06.1961;1;1121
CIVAN;1121;26.03.1969;511;610
YASA;1117;30.06.1957;301;816
MIHRI;1116;3.06.1957;54;1062
YEKTA;1116;11.01.1971;762;354
NEVRA;1115;5.02.1980;4;1111
ALPEREN;1114;6.08.1987;1109;5
SEVGIN;1113;23.07.1973;536;577
MIYASER;1113;8.05.1970;1;1112
ASUDE;1113;29.11.1974;0;1113
NADI;1112;1.10.1963;1092;20
MARIYE;1108;8.01.1968;0;1108
YUSRA;1108;8.09.1981;1;1107
GULISAN;1106;28.11.1962;2;1104
VECIDE;1105;3.08.1965;0;1105
FILIT;1103;15.07.1965;1102;1
SAMED;1102;23.02.1988;1102;0
FERUZAN;1102;29.2.1958;118;984
MEVHIBE;1100;11.09.1965;0;1100
ERDIN;1100;17.10.1970;1079;21
SERMET;1099;26.05.1967;1033;66
HORIYE;1099;30.05.1958;0;1099
NURCIN;1097;4.05.1978;6;1091
AGAH;1096;8.03.1967;1096;0
BENAN;1095;16.10.1973;286;809
LEZGIN;1095;1.04.1975;1089;6
NOFA;1093;2.04.1961;0;1093
YAZI;1093;16.10.1962;7;1086
AJDA;1092;23.03.1981;0;1092
GUNAYDIN;1091;1.01.1962;601;490
SAFIYA;1089;27.06.1965;0;1089
MUVEDDET;1082;21.06.1950;2;1080
SIYASET;1082;28.06.1969;8;1074
MUZAFER;1081;27.12.1968;1017;64
MARIFET;1081;17.02.1972;7;1074
NURSAN;1081;26.12.1971;28;1053
NIMETULLAH;1079;23.02.1975;1055;24
SEYFEDDIN;1078;13.04.1964;1078;0
SEVNUR;1078;11.08.1976;7;1071
SAHRE;1078;24.02.1967;0;1078
FEDAYI;1077;7.04.1970;1058;19
SEHIDE;1077;27.11.1959;0;1077
SARI;1076;5.10.1951;151;925
DURDIYE;1075;13.08.1956;0;1075
MEHLIKA;1074;28.01.1968;0;1074
TUNCEL;1073;16.09.1965;1037;36
ZEYNEB;1070;30.06.1966;0;1070
ZIKRIYE;1070;14.10.1956;0;1070
RUKKIYE;1068;5.06.1962;0;1068
NAYIF;1068;13.03.1963;1066;2
ERBAY;1066;25.07.1973;1065;1
PAKIZER;1064;19.04.1967;0;1064
FEZA;1063;4.08.1971;204;859
AYBEN;1061;19.07.1978;4;1057
NEBIBE;1061;16.03.1957;0;1061
MENCI;1059;9.01.1954;6;1053
SAID;1057;28.10.1975;1056;1
OZDEM;1057;22.05.1976;257;800
SAHISMAIL;1057;21.06.1960;1057;0
HASMET;1056;20.05.1964;1049;7
ISILAY;1056;17.11.1978;41;1015
VELIYE;1056;6.09.1956;0;1056
ATIFE;1055;22.08.1961;2;1053
YEMEN;1053;10.09.1967;637;416
SEHIME;1053;21.01.1956;0;1053
HAMIDIYE;1052;16.11.1962;1;1051
REYHANE;1052;19.12.1959;0;1052
HUDAI;1051;17.02.1969;1036;15
TORUN;1050;23.01.1961;453;597
GAFUR;1049;25.07.1965;1049;0
ISIN;1046;21.11.1972;103;943
NADIM;1046;2.01.1961;1040;6
MIYESSER;1046;12.12.1969;0;1046
SIDKI;1043;23.12.1957;1042;1
GARIBE;1043;15.10.1970;0;1043
CISEM;1042;3.10.1987;0;1042
KEKLIK;1039;30.2.1964;2;1037
AKLIME;1038;21.03.1968;0;1038
PERINAZ;1036;12.04.1963;0;1036
ZISAN;1035;16.06.1965;60;975
ALIEKBER;1034;14.03.1969;1034;0
GOKAN;1034;18.02.1983;1033;1
GUREL;1032;15.09.1967;948;84
IKLIME;1031;18.07.1961;1;1030
GULDEM;1031;22.07.1976;1;1030
ZULFUYE;1029;14.04.1964;0;1029
CELALEDDIN;1029;11.09.1967;1029;0
UMMUYE;1029;27.06.1965;0;1029
BESSI;1027;24.10.1952;1;1026
KADIRYE;1027;20.06.1968;0;1027
SAHIRE;1024;5.01.1962;0;1024
ESMERAY;1024;29.06.1980;4;1020
NISA;1023;5.11.1978;6;1017
BEHLUL;1023;10.11.1972;998;25
GUMUS;1023;28.04.1959;37;986
ALADDIN;1022;20.09.1968;1022;0
AREFE;1021;21.01.1966;92;929
NAMIYE;1021;15.05.1960;0;1021
UMMUGULSUN;1020;7.09.1969;0;1020
SAFI;1019;22.10.1963;889;130
ILKIN;1018;12.05.1973;366;652
SEVGILI;1018;6.10.1960;11;1007
NASIP;1018;26.04.1968;651;367
ISMINUR;1017;17.09.1973;0;1017
CIHAD;1017;13.04.1984;1013;4
AVNIYE;1016;23.07.1958;0;1016
VECDI;1015;16.01.1966;1014;1
MUNIBE;1013;11.07.1956;0;1013
NEJMI;1012;24.06.1969;1012;0
IJLAL;1012;26.01.1968;0;1012
ESSE;1012;16.03.1955;1;1011
SAH;1010;7.03.1963;949;61
HUMMET;1010;4.06.1966;1005;5
SAHIZE;1009;29.08.1967;0;1009
GULENDEM;1008;6.11.1963;0;1008
AYSEHAN;1007;21.10.1956;0;1007
ZAYIDE;1005;9.05.1962;0;1005
AYCIN;1005;11.09.1981;28;977
URFET;1005;28.01.1959;372;633
ZERIF;1004;4.01.1957;5;999
NASRETTIN;1004;23.06.1967;1004;0
ASIL;1004;11.09.1976;966;38
FATIK;1003;7.04.1954;1;1002
NIYMET;1003;26.10.1966;18;985
GEVHER;1002;2.01.1958;10;992
ALYE;1001;3.11.1958;0;1001
EFTAL;1000;7.09.1973;883;117
MAHSUN;997;17.08.1982;989;8
SERAYI;996;24.05.1961;0;996
DINDAR;995;11.12.1971;783;212
MIKAYIL;994;1.06.1974;993;1
GULNAME;994;17.09.1959;1;993
GULSEFA;993;1.05.1963;0;993
KADIM;991;27.05.1964;977;14
GUHER;989;2.02.1958;8;981
SELMIN;989;9.03.1970;3;986
RAKIYE;987;14.04.1969;0;987
ZEKERYA;986;23.01.1966;984;2
IZETTIN;986;13.04.1971;986;0
MEVA;986;7.07.1963;2;984
GULU;984;10.08.1956;12;972
UCLER;984;5.03.1968;983;1
RAFIA;978;11.02.1959;0;978
SELAMETTIN;978;18.08.1966;978;0
HACILE;978;14.06.1962;0;978
M.;976;19.05.1950;975;1
FERHUNDE;976;22.04.1957;0;976
SERDA;974;1.10.1976;72;902
BAKIR;974;14.03.1968;973;1
GULSEVER;972;12.11.1968;0;972
DONAY;972;6.03.1979;3;969
NUBAR;972;13.11.1968;113;859
BEDIRIYE;971;17.02.1964;0;971
AYDANUR;971;2.02.1974;7;964
NERMIYE;970;7.12.1960;0;970
OCAL;970;28.06.1969;959;11
TUMAY;969;29.2.1975;384;585
GULDENIZ;969;6.01.1979;8;961
MELISA;969;3.07.1985;0;969
GUNAL;969;17.06.1961;602;367
SAHIZAR;967;13.04.1952;0;967
GULSEL;966;28.09.1959;19;947
SECIM;963;7.05.1969;553;410
MURSIT;963;22.07.1967;850;113
ULFIYE;963;5.07.1961;0;963
MECNUN;962;3.02.1977;879;83
VAHYETTIN;961;19.03.1970;961;0
GOKALP;960;17.02.1978;959;1
MERVA;960;16.06.1983;34;926
GURSOY;959;12.02.1976;946;13
BAHA;959;18.07.1968;946;13
CEZAYIR;958;16.05.1965;785;173
BILLUR;958;13.08.1973;3;955
KADIME;956;21.11.1961;3;953
BELKIZE;954;15.07.1969;0;954
BILENT;953;30.09.1972;945;8
AYSI;953;12.03.1946;0;953
MESUDIYE;952;30.11.1966;0;952
ELMAST;952;2.09.1957;0;952
BIRTEN;951;10.01.1970;5;946
SEYDE;951;29.01.1960;1;950
SEKIBE;950;11.04.1956;0;950
SADRI;949;17.03.1962;949;0
VETHA;946;15.07.1967;0;946
NEBIL;946;27.03.1969;935;11
SEREFETTIN;945;15.06.1965;945;0
MUNUSE;944;15.02.1962;0;944
BESSEY;943;14.09.1954;0;943
HALIMI;943;2.08.1950;1;942
HURMUS;943;27.10.1957;4;939
NEJMETTIN;942;9.03.1970;942;0
MEVLIT;941;21.01.1966;932;9
ZEHIDE;941;14.11.1964;0;941
SIDIK;937;12.11.1963;930;7
VEDIA;937;25.05.1953;1;936
RABIYA;935;6.11.1973;0;935
SEVCIHAN;933;7.06.1969;0;933
REMAZAN;933;26.03.1961;933;0
ALPTEKIN;933;19.09.1974;933;0
BEYTIYE;933;6.07.1957;0;933
GULNAR;933;15.01.1966;5;928
IMIS;932;7.02.1958;0;932
NEJMIYE;931;27.01.1968;0;931
SECGUL;931;17.02.1974;10;921
AYNIZELIHA;930;29.10.1966;0;930
KUTLAY;929;7.07.1974;794;135
HURINAZ;928;25.06.1963;0;928
SEVGICAN;927;16.09.1970;4;923
NOKTA;927;23.02.1956;1;926
TOMRIS;926;13.10.1955;18;908
SEBAHITTIN;926;1.09.1960;925;1
GIRAY;925;30.11.1978;892;33
EZINE;925;26.04.1963;0;925
MULAZIM;924;15.06.1961;924;0
GENCER;919;25.12.1977;915;4
SELCEN;919;6.07.1982;0;919
AZEM;919;8.01.1969;893;26
MAHIZER;916;19.11.1961;1;915
HALISA;916;4.12.1960;0;916
BAYRAMALI;916;12.09.1961;916;0
GAFFAR;915;28.02.1967;914;1
ZENURE;915;5.11.1966;0;915
UMUR;914;29.06.1978;864;50
HAZINE;914;27.09.1969;2;912
MUZEHHER;913;25.07.1956;1;912
GULGEZ;912;1.03.1959;0;912
SAZIME;909;8.06.1962;0;909
SAHAN;906;25.12.1964;747;159
ALTAY;905;19.02.1971;895;10
REBIYE;904;19.01.1960;0;904
RAMI;904;2.05.1961;900;4
HEVES;904;16.11.1964;84;820
NAKI;903;20.02.1967;893;10
GAZANFER;903;18.01.1967;885;18
ARMAN;903;8.08.1974;871;32
HURSUT;902;3.09.1956;881;21
YURDA;902;27.05.1970;41;861
MIZGIN;902;24.12.1985;127;775
KAZI;900;8.04.1960;305;595
FERYAT;900;28.09.1978;433;467
UBEYIT;899;9.04.1968;897;2
DESTE;898;26.11.1964;1;897
SULHIYE;898;30.12.1955;0;898
NADILE;898;28.02.1970;0;898
SENAR;898;22.10.1974;625;273
TENNUR;897;6.08.1968;13;884
CANSER;897;10.03.1971;134;763
NARDANE;897;20.01.1964;0;897
MAYA;897;17.05.1958;1;896
ISKAN;897;7.12.1971;871;26
HALAF;897;21.06.1960;897;0
PETEK;897;9.05.1970;3;894
MUNIFE;896;30.06.1962;0;896
VEHIBE;896;9.03.1962;0;896
MUKRIME;896;9.05.1962;0;896
SALAHADDIN;895;12.12.1958;895;0
ABDULVEHAP;895;9.06.1968;895;0
SAHAR;893;18.12.1952;12;881
BELKISA;893;7.11.1962;0;893
NESIDE;893;7.08.1963;0;893
SEZA;892;20.04.1964;86;806
BERGUZAR;891;2.07.1952;12;879
RECEBIYE;890;4.12.1959;0;890
ZEYTIN;889;29.11.1970;3;886
HAFISE;889;3.03.1967;0;889
TURCAN;888;8.04.1967;365;523
HAVIZE;887;8.02.1965;0;887
SALLI;886;27.12.1953;9;877
ZENNUR;885;1.12.1968;70;815
MEFTUN;883;22.08.1972;650;233
KUTAY;882;11.04.1982;862;20
NAYIM;879;10.02.1968;876;3
SEYYIDE;879;29.03.1955;1;878
CERKEZ;879;6.07.1961;786;93
ALETTIN;878;12.12.1961;878;0
NIRGUL;878;18.02.1974;0;878
HAMAIL;878;20.01.1960;2;876
SEADET;877;5.04.1952;8;869
GURGIN;876;4.01.1969;875;1
MAHIGUL;874;29.03.1962;0;874
KURTCA;873;19.02.1962;873;0
BINGOL;872;28.12.1967;87;785
SABAHADDIN;871;2.05.1961;871;0
GULAFER;871;3.03.1962;6;865
SEMSINUR;870;13.08.1966;4;866
SEDIYE;870;21.04.1959;0;870
SEKIP;870;14.01.1963;868;2
MUHUBBET;869;17.08.1959;0;869
KOCERI;869;12.04.1956;8;861
KORKUT;868;3.12.1973;866;2
ISMAYIL;866;17.12.1965;866;0
SEBAHADDIN;864;23.11.1960;864;0
ERTUNC;863;7.02.1978;863;0
CANSEVER;863;14.02.1971;194;669
NESIH;861;12.07.1977;860;1
APDULLAH;858;26.05.1961;858;0
SENAL;858;15.12.1966;309;549
GULCUN;857;29.02.1964;0;857
SEBIHE;857;21.08.1958;0;857
DURGUT;857;27.02.1953;855;2
HEKIM;857;17.05.1978;854;3
CEMALIYE;857;16.09.1960;1;856
DURSEN;856;4.08.1965;15;841
ENBIYE;856;8.08.1956;29;827
KEVI;854;21.01.1956;0;854
ROJDA;853;11.03.1986;23;830
GULTAN;853;8.05.1966;1;852
DOGUS;852;24.01.1987;803;49
EMRA;852;18.12.1981;340;512
SANI;851;15.05.1964;788;63
ABDURRAZAK;850;25.02.1965;850;0
HAFIFE;848;15.01.1963;0;848
GULFIZAR;845;8.11.1960;0;845
RASIH;844;14.04.1960;844;0
HUSREV;843;4.05.1965;842;1
URAL;842;8.07.1969;841;1
GULYETER;842;21.05.1965;0;842
NECIFE;842;3.08.1962;0;842
SUZEN;841;9.08.1964;15;826
NEVCIHAN;841;20.08.1966;22;819
GUSSUN;840;27.11.1967;0;840
HASIYE;839;27.06.1962;4;835
UNVER;837;28.07.1964;755;82
ILKSEN;836;12.02.1976;45;791
ELANUR;835;21.08.1983;2;833
ILYAZ;835;22.10.1964;834;1
MUJGEN;832;9.04.1971;0;832
BAYKAL;832;20.02.1977;815;17
GOKTUG;830;22.03.1985;824;6
VASIF;829;20.12.1962;829;0
UGURCAN;828;22.08.1982;785;43
NARINC;828;25.03.1968;1;827
IKRAMIYE;827;17.12.1960;2;825
ZINNUR;826;22.08.1969;521;305
YURDAKUL;825;29.05.1961;475;350
KIYAS;824;1.07.1962;821;3
DILSA;823;26.08.1963;0;823
ERTAC;823;16.06.1976;820;3
SENAYI;823;29.06.1968;715;108
GULVEREN;823;26.10.1969;0;823
AYSELI;819;30.2.1958;0;819
SAHINUR;816;5.12.1960;5;811
BIRDAL;815;9.06.1976;484;331
MEFTUNE;815;1.02.1962;1;814
RAGIBE;815;6.05.1958;0;815
GOKSU;815;1.02.1986;233;582
VADHA;815;7.04.1960;0;815
ATRA;815;1.04.1954;0;815
SEYFITTIN;813;11.07.1956;813;0
FECRI;812;4.02.1980;731;81
ERTEKIN;812;8.06.1971;811;1
SAYGIN;812;7.04.1981;762;50
AKGUN;811;1.01.1968;610;201
FENER;811;14.06.1974;40;771
ALLAHVERDI;810;14.04.1961;810;0
ZAKINE;809;8.09.1964;0;809
IZZEDDIN;809;14.07.1969;809;0
AYETULLAH;809;17.10.1983;809;0
AYBUKE;809;5.11.1986;0;809
BENGI;807;12.07.1976;66;741
BIRHAN;806;12.03.1975;523;283
GULABI;806;12.09.1970;799;7
NAZLIHAN;805;21.04.1972;0;805
RESIME;805;9.01.1963;0;805
BELGIZAR;804;15.01.1966;1;803
ONAL;804;7.04.1965;793;11
MAHPERI;804;3.08.1973;0;804
AYSEANA;803;1.06.1954;0;803
ORDEK;802;8.02.1957;0;802
ZEYDIN;802;22.05.1971;802;0
GULSIYE;802;1.04.1961;0;802
ENSARI;800;19.11.1974;800;0
ZELHA;800;23.07.1956;0;800
NEZEHAT;798;11.04.1968;0;798
SUKUR;798;29.01.1967;711;87
TAYIP;797;16.01.1965;796;1
SUSAM;795;2.11.1966;9;786
YAMAN;794;22.10.1968;770;24
SAFYA;794;22.10.1964;0;794
LETIFE;792;22.01.1961;1;791
DERMAN;792;6.04.1976;222;570
ASLIYE;791;8.06.1968;0;791
BASRA;791;17.05.1961;1;790
YENAL;790;10.02.1977;778;12
CAIZE;790;5.11.1967;0;790
DURHASAN;790;29.05.1961;790;0
EMET;790;6.09.1962;8;782
SEREFNAZ;789;27.02.1965;0;789
ZUMRIYE;789;8.07.1958;0;789
HUDAVER;789;24.12.1961;586;203
HURISER;788;5.06.1955;0;788
SAHIME;788;23.12.1958;0;788
ANSE;788;15.08.1952;0;788
SAHVER;787;29.01.1956;10;777
SELEHATTIN;786;10.04.1964;786;0
FATME;786;6.05.1955;0;786
HULKI;785;19.07.1959;779;6
SAMIM;785;30.10.1964;782;3
MAVI;785;5.04.1959;38;747
SEFINE;785;19.07.1958;0;785
IMMI;784;23.12.1955;0;784
MIHRINAZ;784;16.07.1960;0;784
SEVER;781;4.04.1971;291;490
PIRUZE;781;1.08.1963;0;781
SULEYHA;779;27.09.1971;1;778
HUDA;778;19.10.1977;180;598
HAVISE;777;28.09.1964;0;777
MERZUKA;777;5.05.1956;0;777
AYTUG;777;18.11.1979;672;105
SAHHANIM;776;22.06.1954;0;776
EMISE;776;2.11.1957;0;776
KARIP;775;17.06.1956;755;20
SAHIKA;775;24.09.1977;0;775
VELIT;775;24.06.1978;775;0
SEVLI;775;1.12.1963;3;772
FERYA;774;13.03.1979;6;768
ENDAM;774;20.01.1966;16;758
ERTURK;774;16.01.1974;774;0
YAVER;773;26.07.1965;767;6
CIYDEM;773;28.01.1974;0;773
ZUMBUL;772;13.06.1958;3;769
BOSTAN;772;13.05.1958;391;381
BIRDANE;771;4.04.1972;1;770
RAKIP;771;3.02.1967;771;0
SEMSEY;771;16.08.1960;0;771
KAYMAK;771;23.06.1959;11;760
GUSSUM;770;6.07.1963;0;770
TURNA;769;14.03.1972;3;766
SEDEN;769;19.02.1982;10;759
FENDIYE;769;16.01.1960;0;769
DILSAT;768;19.09.1971;40;728
SEYHUN;768;5.10.1972;581;187
ASENA;766;13.09.1984;4;762
SUEDA;766;28.01.1962;2;764
SERRA;766;7.08.1982;0;766
GUVENC;765;21.09.1978;721;44
MEHTI;765;1.10.1967;761;4
KANIME;764;10.06.1958;0;764
BEHIRE;763;15.10.1953;0;763
SAMIRE;763;22.01.1974;1;762
AYSANA;762;2.04.1955;0;762
KUTLU;761;24.08.1971;589;172
MENEMSE;760;22.04.1959;0;760
SOYLEMEZ;760;30.2.1976;3;757
BEHRAM;759;14.04.1963;755;4
ABDULHEKIM;758;21.07.1975;758;0
SAKIBE;754;16.04.1958;0;754
FERDAG;754;9.02.1977;78;676
CAPAN;754;9.01.1964;754;0
NOMAN;753;7.11.1961;752;1
ARZIYE;752;26.03.1955;0;752
MASUK;751;16.08.1973;749;2
GULCE;750;21.09.1979;3;747
SERINGUL;750;19.04.1967;0;750
MUNTEHA;749;10.02.1964;10;739
ABDULLA;749;23.05.1960;749;0
MUCAHIDE;748;20.03.1977;0;748
MUHAMET;746;24.08.1969;746;0
MERYAM;745;30.08.1965;0;745
MERYEMANA;745;19.03.1965;0;745
ILGIN;744;11.07.1981;215;529
RAYIF;744;21.12.1963;742;2
FEDEN;744;22.12.1961;0;744
NAZENDE;742;11.07.1958;0;742
SERIYE;742;22.03.1958;0;742
ZUBIDE;742;26.04.1955;0;742
TUKEZ;742;22.12.1959;0;742
KAZIME;740;3.12.1954;0;740
BEDRAN;739;23.10.1970;725;14
REHIME;739;4.04.1955;0;739
ZEYNETI;739;22.09.1955;1;738
SEHMUZ;736;1.04.1977;735;1
RAMIYE;736;5.10.1959;0;736
NURSAH;736;17.12.1984;62;674
BILGIHAN;735;25.04.1976;310;425
ELVIN;735;26.08.1981;14;721
MEVLIYE;735;30.03.1963;1;734
OZLEN;734;21.02.1974;60;674
VEZIRE;734;15.02.1964;0;734
SAVER;731;27.05.1956;12;719
HUMA;730;10.04.1963;2;728
SARIGUL;730;20.07.1966;0;730
TERCAN;729;3.02.1972;406;323
BINEFS;729;12.02.1963;0;729
HAZAR;728;21.07.1973;284;444
ATAMAN;728;13.08.1969;721;7
MUHTESEM;728;10.08.1968;449;279
VAHIBE;728;25.06.1961;0;728
CEBBAR;728;18.09.1962;720;8
OYKU;727;14.10.1985;34;693
VEYSIYE;727;30.11.1976;0;727
ERENGUL;726;14.03.1974;3;723
BERTAN;725;7.07.1979;686;39
SERIN;724;10.03.1966;54;670
HUSNI;724;20.11.1959;614;110
LEBIBE;724;9.01.1956;0;724
SURETHAN;724;12.06.1972;0;724
FARIZ;722;21.05.1967;715;7
MUGDAT;722;11.11.1974;722;0
MUAZEZ;722;5.03.1972;0;722
MUNEVVERE;722;21.08.1954;0;722
FASIH;722;7.03.1970;722;0
HEVA;722;9.08.1966;0;722
FIRUZAN;722;6.09.1967;44;678
YUDUM;721;21.01.1986;2;719
SERVINAZ;720;16.03.1954;0;720
FURUZAN;720;30.01.1965;46;674
NASIYE;720;20.09.1959;0;720
SEHAR;720;16.06.1955;0;720
URFAN;718;27.01.1964;682;36
MUNIP;718;25.12.1961;718;0
SEMRAN;718;19.02.1968;7;711
HANIMZER;717;20.01.1960;0;717
LUTFUYE;716;25.06.1957;0;716
SERAFET;716;15.10.1956;536;180
NECMITTIN;716;4.09.1955;716;0
MERSIYE;715;1.04.1960;0;715
SELAM;715;25.10.1969;686;29
HIFZI;714;15.02.1957;713;1
SADE;714;16.01.1965;8;706
TACEDDIN;714;24.01.1962;714;0
KARABEY;713;22.10.1956;713;0
KELIME;712;21.12.1967;0;712
KAPLAN;712;27.03.1960;710;2
AYPER;712;19.10.1965;30;682
CEMRE;712;18.06.1988;146;566
ERKAL;711;17.05.1967;711;0
SEMSA;711;21.04.1966;0;711
HAZNE;711;24.07.1958;0;711
AGGUL;710;7.11.1962;9;701
SENAI;710;21.01.1964;703;7
FETIH;708;24.07.1970;707;1
HAZNI;708;26.09.1960;396;312
HUSNUGUL;708;17.10.1968;0;708
MECIDE;706;26.06.1959;0;706
ALIBEY;705;7.12.1960;705;0
SERBULENT;705;4.07.1978;681;24
ELVIDA;705;15.02.1960;1;704
RUHIGUL;704;25.11.1958;0;704
RAFI;703;17.12.1963;700;3
DILA;702;20.04.1987;1;701
KUBAR;702;21.09.1968;1;701
HURUYE;701;30.03.1961;1;700
ABDUSSAMET;700;21.10.1977;700;0
BALLI;700;12.01.1953;22;678
ESMAHAN;699;14.10.1964;0;699
SEVGINAR;699;20.08.1973;0;699
ANAHANIM;699;10.06.1951;1;698
GOHER;698;1.03.1953;0;698
CANGUL;698;4.11.1978;1;697
SELIHA;697;13.11.1967;0;697
RINDI;697;26.06.1957;0;697
DORUK;697;19.04.1986;665;32
NEZAFET;697;4.12.1955;21;676
NAZEN;696;6.10.1962;2;694
NAFILE;696;17.05.1967;0;696
HANIME;696;1.03.1960;0;696
DILSAD;695;30.07.1979;36;659
MEMIHAN;695;2.01.1968;2;693
FERAHNAZ;694;22.02.1964;1;693
SAFIRE;694;7.03.1964;0;694
SAHINE;694;14.06.1959;0;694
SIHMEHMET;694;12.12.1967;694;0
MASIDE;693;28.05.1984;0;693
SELATTIN;691;5.10.1960;686;5
NEVZET;691;25.11.1968;654;37
ESVET;691;14.11.1968;350;341
FUGEN;689;22.10.1960;1;688
MUHTAR;689;10.10.1958;688;1
SEFURE;689;9.05.1963;0;689
ELFIDA;686;12.02.1963;0;686
HUSAMEDDIN;686;8.07.1961;686;0
MEHRICAN;684;18.04.1977;0;684
HAMRA;684;27.01.1964;1;683
AYBIKE;683;26.01.1985;0;683
GULPER;683;9.06.1968;0;683
HIKMIYE;683;15.03.1969;0;683
EVSEN;682;1.02.1972;8;674
FERZIYE;680;20.12.1961;0;680
GULUM;679;28.02.1969;52;627
FERMUDE;678;19.04.1956;0;678
IRAN;677;21.04.1970;5;672
ZURIYE;676;19.04.1959;14;662
GULBEDEN;676;2.03.1964;1;675
REVASIYE;676;4.05.1963;0;676
SEDRIYE;675;14.12.1962;1;674
ILKAN;675;27.01.1982;590;85
GULCEHRE;675;16.06.1961;0;675
SIDAR;674;12.09.1984;329;345
AZIMET;674;26.06.1957;536;138
LEMIYE;674;20.07.1960;0;674
OZGU;674;29.04.1982;146;528
SEREFNUR;674;13.09.1959;8;666
ATAY;673;20.08.1967;668;5
YASER;673;14.11.1978;600;73
AKAY;672;27.09.1973;634;38
ORHUN;672;14.08.1984;668;4
HEVI;672;5.02.1953;5;667
SALICE;672;27.03.1954;0;672
ABDURRAZZAK;671;17.10.1967;671;0
HACIKADIN;671;12.11.1959;0;671
FECIRE;670;15.02.1954;0;670
ASIRE;670;4.12.1960;0;670
GOKER;669;29.02.1980;661;8
SEFERIYE;669;26.10.1958;2;667
BILEN;669;18.12.1974;526;143
ALAHATTIN;669;23.11.1966;669;0
HASARI;668;12.02.1972;665;3
ALIS;668;19.12.1957;342;326
TANZER;668;14.08.1970;572;96
MEFKURE;667;17.07.1956;0;667
KATIP;667;16.06.1963;666;1
SUMMANI;667;20.11.1963;665;2
HAFIYE;666;1.10.1958;0;666
NISBET;666;2.06.1962;12;654
GURSUN;666;20.03.1969;7;659
SEVEN;665;30.06.1977;169;496
TALET;665;4.06.1966;661;4
SUREYA;665;11.08.1972;40;625
VAHITTIN;664;22.10.1958;664;0
EFRAIL;664;10.08.1965;663;1
SUMRU;663;10.03.1966;1;662
ZIHNIYE;663;11.09.1956;0;663
ALAIDDIN;662;14.07.1959;662;0
CAMAL;661;28.09.1956;655;6
MINEVVER;660;1.07.1968;0;660
SENGUN;660;11.04.1957;81;579
BERATIYE;659;7.06.1967;0;659
ASHAN;658;19.05.1953;11;647
SEVGIL;658;27.04.1968;0;658
MUTIA;657;24.09.1956;0;657
SERIBAN;656;21.01.1968;0;656
DESTEGUL;656;11.11.1969;0;656
SABIHE;656;12.08.1961;0;656
NASUF;656;23.08.1961;656;0
CUMAZIYE;656;30.11.1965;0;656
ESET;655;17.08.1961;653;2
NECIM;655;20.01.1965;653;2
NEVREZ;654;2.08.1964;171;483
CIMSIT;653;6.08.1959;653;0
LAMIYE;653;23.06.1959;0;653
KIMET;652;11.01.1965;0;652
FIRUZE;651;19.11.1975;0;651
YASIR;650;14.08.1985;650;0
NIZAMEDDIN;650;6.11.1963;650;0
KABIL;650;13.11.1964;648;2
ASEF;649;12.12.1961;648;1
MAHSUNI;649;28.05.1977;648;1
TUMER;648;30.2.1970;647;1
AFIYET;648;5.02.1963;8;640
ZADE;646;20.07.1957;37;609
GULALI;646;3.09.1959;646;0
NURTAN;645;10.02.1966;22;623
KUMRIYE;645;30.09.1962;0;645
CAVAT;645;25.05.1961;645;0
DURMUSALI;645;15.01.1959;645;0
MEFHARET;644;12.08.1958;1;643
DIYADIN;644;8.06.1975;644;0
ZEYNAP;644;17.02.1962;0;644
SOSUN;644;24.02.1961;30;614
NURKAN;643;23.03.1974;269;374
ATIK;643;25.05.1966;596;47
MUNE;642;28.07.1978;0;642
GULSIMA;641;24.05.1970;0;641
EKBER;641;6.05.1967;622;19
OLGA;641;19.10.1973;23;618
NURKADIN;641;29.2.1961;0;641
SAHRA;638;5.01.1975;9;629
HAVAGUL;638;10.07.1968;0;638
BEDIYE;638;15.01.1967;0;638
CEZAIR;638;20.05.1960;529;109
GULSERIN;638;25.02.1959;0;638
SABETTIN;635;17.10.1966;635;0
MUKAIL;635;17.04.1976;633;2
GULSEVIN;635;6.02.1969;0;635
MUHUTTIN;634;14.11.1964;634;0
YASAGUL;633;4.03.1969;0;633
ACELYA;632;25.10.1986;0;632
SERAFEDDIN;632;12.09.1958;632;0
CINDI;632;22.09.1964;631;1
FADLI;631;21.04.1964;630;1
FIDDA;631;21.12.1959;1;630
SOYDAN;630;9.01.1978;571;59
NEVIL;630;21.03.1969;4;626
MANOLYA;630;8.08.1981;1;629
MUSAMETTIN;630;7.03.1963;630;0
ZINETI;630;23.06.1952;0;630
HAKTAN;629;30.04.1981;605;24
UVEYS;629;16.02.1959;73;556
HORMET;628;4.04.1958;17;611
OZMEN;628;29.10.1976;540;88
ALMAST;628;17.01.1960;0;628
BAISE;627;9.12.1952;0;627
FERIYE;626;1.03.1956;0;626
NUSRAT;625;8.06.1956;621;4
BERRA;625;6.09.1965;3;622
CEYRAN;625;4.01.1954;2;623
FERISTE;625;3.01.1956;1;624
SITKIYE;624;12.12.1957;0;624
REGAIP;624;28.10.1975;398;226
DEMIRHAN;624;24.02.1968;468;156
BESNE;624;14.08.1961;0;624
SAILE;624;23.09.1969;0;624
YURDAL;623;12.06.1971;594;29
ONAY;622;14.10.1973;408;214
ABDULNASIR;622;22.10.1974;622;0
ENBIYA;622;2.08.1965;498;124
BIRTAN;621;12.11.1976;461;160
RUFAT;621;22.03.1958;616;5
BILMEZ;621;28.08.1979;7;614
BEYCAN;620;1.03.1972;437;183
TERFE;620;20.01.1967;0;620
HAVAHAN;619;18.02.1960;0;619
HAKVERDI;619;26.09.1964;598;21
DEFNE;619;26.03.1979;0;619
SECGIN;619;2.11.1972;377;242
NURSAL;618;14.02.1968;163;455
LALIZER;618;17.03.1957;1;617
GEVI;616;19.12.1953;0;616
SAFURA;615;1.07.1962;0;615
ELENA;615;4.07.1972;0;615
CEMANUR;614;12.04.1964;1;613
EYLUL;613;19.08.1986;39;574
NADIRIYE;612;16.07.1963;0;612
EMEK;612;3.02.1980;200;412
ABDULRAHIM;612;14.12.1974;612;0
BEREKET;612;3.02.1968;540;72
FERZAN;611;16.01.1968;212;399
HACCA;611;24.01.1955;0;611
GULFE;611;20.04.1960;0;611
NAKSIYE;610;24.05.1959;0;610
SIHMUS;609;3.08.1964;609;0
SELBINAZ;608;5.05.1965;0;608
NESEGUL;608;8.02.1975;0;608
SEMIA;608;2.05.1961;0;608
KUDBETTIN;608;13.06.1972;608;0
NEBIHAT;608;16.06.1961;0;608
RASUL;608;12.01.1968;608;0
HASKIZ;608;4.01.1961;0;608
BESRAYI;607;29.2.1965;0;607
HALIYE;607;21.08.1962;1;606
CAFIYE;606;21.10.1969;0;606
ULGEN;605;5.03.1971;142;463
BASARAN;604;20.08.1974;597;7
FERZIMELEK;604;13.09.1958;0;604
GOKCAN;604;17.09.1976;308;296
SEZGI;604;10.11.1981;89;515
VEDA;604;8.05.1977;39;565
COMERT;604;6.02.1971;603;1
TALIHE;603;3.05.1963;0;603
VECIHA;603;26.07.1961;0;603
ATNAN;603;2.04.1967;603;0
TUTKU;602;19.07.1986;213;389
CILLI;602;6.11.1958;0;602
GENCAGA;602;7.02.1961;602;0
SIMA;601;15.10.1971;2;599
UMMI;601;7.12.1960;4;597
SUMERYA;601;26.10.1985;0;601
GURSEN;601;9.05.1964;40;561
ZERI;600;6.10.1950;3;597
SOHBET;600;3.09.1973;13;587
YAGIZ;598;14.06.1987;597;1
NEVRES;598;2.12.1957;234;364
SEMET;598;7.07.1967;578;20
NECIME;598;12.02.1965;0;598
GEVEZ;598;15.07.1957;0;598
AZAT;595;30.03.1982;555;40
ABDULBASIT;595;9.06.1977;595;0
EGE;595;26.05.1983;368;227
BEYTI;595;25.08.1962;571;24
MUSLU;595;13.08.1959;591;4
DURHANIM;595;13.05.1958;0;595
NURSIN;594;13.02.1978;80;514
MINEVER;594;8.02.1968;2;592
ELEM;594;23.03.1983;5;589
VEDIHA;593;21.06.1968;0;593
ISTEK;593;9.02.1983;50;543
SEYHDAVUT;593;14.01.1970;593;0
CAZIBE;592;16.06.1956;0;592
SELFET;592;9.08.1963;252;340
SALI;591;6.11.1962;572;19
ILAYDA;591;29.12.1988;0;591
NACIDE;591;10.06.1960;0;591
RUCHAN;590;10.06.1970;326;264
MUHUBET;590;4.09.1965;1;589
M.EMIN;590;4.02.1952;590;0
GULNAZIK;590;1.01.1959;0;590
ZELIFE;589;30.01.1961;0;589
MELIKSAH;589;25.12.1976;553;36
NILHAN;589;15.10.1977;11;578
NIZAMI;588;30.03.1962;585;3
DENIZHAN;588;22.01.1981;521;67
SEVDIN;588;12.07.1967;587;1
ATIFET;588;23.08.1956;1;587
TOLGAY;587;4.02.1982;578;9
ABDULMELIK;587;6.11.1975;587;0
FARAC;587;15.05.1962;587;0
FEVKIYE;587;20.12.1952;0;587
MEYASE;586;2.04.1966;0;586
CEMALEDDIN;586;1.11.1962;586;0
EMBIYA;586;5.10.1967;474;112
BAYAZIT;586;14.03.1961;585;1
ZENNUP;585;5.09.1959;0;585
NEFIDE;585;13.02.1961;0;585
BAHTINUR;584;29.12.1974;33;551
SAMIH;583;23.05.1965;579;4
IDI;583;15.02.1956;3;580
ALIIHSAN;582;24.09.1963;582;0
HUZEYFE;581;11.10.1978;550;31
SERBAY;581;8.05.1985;574;7
SIMAY;581;25.11.1984;23;558
RABIHA;581;10.04.1969;0;581
MAHISEKER;581;12.03.1963;0;581
VERDI;580;21.12.1959;67;513
BEHIC;580;5.04.1966;576;4
MEVLANA;579;9.12.1978;491;88
CEZMINUR;579;2.04.1959;1;578
HATIN;579;14.05.1964;0;579
MEBRUKE;579;4.05.1958;0;579
SUBHAN;578;2.06.1969;88;490
SEBIYE;578;7.02.1961;0;578
MELIKA;577;14.10.1970;1;576
FEYAZ;577;28.04.1981;567;10
BERKER;577;23.07.1986;577;0
GULSEVIL;576;28.05.1967;0;576
GUNEL;576;29.12.1962;87;489
IFTAR;576;19.05.1969;6;570
SEVGIYE;575;30.03.1966;0;575
SADIKE;575;7.02.1965;0;575
NEMIDE;574;1.03.1959;0;574
BINEVS;574;12.12.1966;0;574
NAZENGUL;574;21.04.1962;0;574
BABA;573;22.01.1957;573;0
MAYNUR;572;26.04.1966;0;572
BAYRAMIYE;572;7.06.1974;0;572
MARI;572;13.10.1951;1;571
OZDAL;571;16.02.1975;511;60
TEVFIKA;571;3.12.1950;0;571
YONIS;571;20.04.1963;571;0
HASKAR;570;2.07.1957;0;570
RUHSAR;570;24.12.1958;13;557
TEFIDE;570;11.12.1958;0;570
HAVANE;570;3.01.1963;0;570
DURSADE;570;25.03.1962;0;570
BEHSAT;568;4.11.1968;568;0
BEZAR;568;3.07.1958;0;568
FERHA;568;20.04.1962;1;567
MERVAN;567;8.06.1983;532;35
DIDARE;567;25.09.1958;0;567
GULENAY;567;27.08.1975;1;566
RECEB;567;21.02.1963;567;0
DURGUL;567;26.07.1971;3;564
AYTUN;566;16.05.1972;351;215
MECBURIYE;566;29.02.1964;0;566
AGCA;565;11.04.1956;74;491
GULCIMEN;565;2.05.1971;0;565
CILE;564;2.12.1978;7;557
GULACTI;564;2.05.1966;0;564
SANCAR;564;17.02.1978;559;5
MENIFE;564;19.06.1967;0;564
GULUS;563;27.05.1962;0;563
GULFIRAZ;563;19.09.1958;0;563
BARIKA;563;2.01.1967;0;563
SEMI;562;22.02.1965;421;141
FASLA;562;19.12.1959;0;562
MIHRAC;561;5.08.1980;367;194
VATAN;561;9.11.1974;423;138
OYTUN;561;11.01.1983;509;52
ERTUG;561;29.12.1980;560;1
MAMO;559;7.05.1944;558;1
ARKIN;559;26.05.1980;556;3
NURSEVEN;559;23.02.1974;4;555
UMRIYE;559;7.12.1960;0;559
HENIFE;558;20.06.1949;0;558
AKIL;557;30.07.1958;545;12
SAHNUR;556;18.10.1968;29;527
AYBERK;556;10.11.1984;520;36
GULYAZ;556;13.02.1967;1;555
ZAIM;556;8.04.1960;556;0
NESIFE;555;9.11.1966;0;555
CEVZET;555;25.01.1973;555;0
KEMALIYE;555;24.08.1965;1;554
HELIM;555;12.01.1963;535;20
MAMURE;554;8.05.1950;0;554
KUTSAL;553;14.02.1976;450;103
EFSUN;553;29.05.1981;6;547
REBIA;552;20.03.1958;0;552
KALBIYE;552;10.07.1966;0;552
DOGA;551;1.02.1985;351;200
VALIDE;550;10.06.1974;0;550
RITVAN;550;29.03.1969;545;5
OGUR;550;22.08.1974;540;10
SAFIGUL;549;25.06.1962;0;549
MUSTAK;548;11.10.1959;547;1
KARTAL;548;29.2.1981;548;0
LATIFA;548;10.01.1953;0;548
FEYRUZE;548;16.09.1969;0;548
ESEF;547;9.11.1968;545;2
SENNAZ;547;10.05.1969;1;546
HULKIYE;547;10.07.1961;0;547
MEKIN;547;29.02.1980;546;1
FIRDOS;546;14.08.1965;0;546
GULFIKAR;546;21.11.1956;0;546
FATIMI;546;18.01.1948;0;546
GULSEM;545;19.01.1972;0;545
SEN;544;22.11.1954;111;433
NEVAF;544;26.05.1970;544;0
VENHAR;544;28.02.1972;8;536
MAZLUME;544;3.12.1955;0;544
BALI;543;28.05.1963;522;21
SAHIP;543;11.10.1968;538;5
ANI;542;27.12.1961;7;535
YEMLIHAN;541;8.06.1966;463;78
ZERO;541;1.07.1952;3;538
NASIT;541;25.05.1963;539;2
SAHMETTIN;540;6.02.1961;540;0
EDEVIYE;540;2.04.1960;0;540
TURKEN;540;17.01.1960;9;531
SAIP;539;19.11.1961;539;0
ERTAS;539;12.10.1975;539;0
MUNADIYE;537;15.02.1959;0;537
RUKUYE;537;9.09.1959;0;537
BELKISE;537;3.12.1961;0;537
ZIYADDIN;537;16.08.1962;537;0
SENCER;536;9.07.1977;514;22
MERTCAN;536;22.03.1989;536;0
EFDAL;534;23.11.1971;472;62
FEYSEL;534;13.04.1974;533;1
ABDULHALUK;532;24.02.1977;532;0
BIRSAN;532;6.07.1964;32;500
HUDEYDA;532;13.07.1963;527;5
SURA;531;3.05.1972;13;518
MESTURE;531;11.12.1950;0;531
GULBEY;531;12.06.1965;511;20
ADIKE;531;11.04.1961;0;531
BILHAN;530;9.02.1972;246;284
GULAGA;530;17.10.1959;528;2
PEMBEGUL;530;30.05.1974;0;530
COSGUN;529;9.10.1967;529;0
RAZ;529;18.06.1956;0;529
GULSEV;528;21.07.1971;1;527
GULFEN;528;9.05.1966;2;526
MELEKSAH;528;16.02.1978;35;493
GULAHMET;527;8.02.1963;527;0
BENAL;526;12.02.1966;117;409
BELKIZA;526;21.01.1967;0;526
MESERRET;526;3.04.1951;0;526
ZEYNUR;525;12.11.1976;58;467
SEBATI;525;23.04.1962;509;16
HIFZULLAH;525;6.12.1972;525;0
M;524;13.08.1953;523;1
NURSEFA;524;11.08.1972;36;488
RUHSEN;523;7.04.1966;93;430
FERIK;521;13.03.1959;256;265
BIRAY;521;18.10.1975;121;400
SITTIYE;521;27.09.1964;0;521
MUCAHID;521;1.11.1984;521;0
YURDAER;520;28.09.1965;518;2
SEYNUR;520;27.12.1975;16;504
HAMO;519;13.03.1946;507;12
SERPIN;519;7.02.1961;1;518
TERLAN;519;1.01.1960;3;516
NURBANU;519;15.07.1986;0;519
ULYA;518;11.08.1964;1;517
IMRAL;518;7.12.1967;121;397
GURCI;518;27.08.1959;1;517
HANSI;518;24.05.1952;0;518
ZELFI;518;4.01.1965;0;518
NURIDDIN;518;16.02.1955;518;0
REVZETE;517;11.07.1969;0;517
DEMIRALI;517;10.09.1954;517;0
TASTAN;517;10.05.1955;436;81
MERGUL;517;26.05.1975;0;517
GULLUHAN;516;28.09.1966;0;516
HACIKIZ;516;9.05.1959;0;516
GULDAL;515;22.08.1970;15;500
ATIL;515;30.05.1974;511;4
KIMYA;515;8.06.1966;10;505
GULINAZ;515;13.10.1956;0;515
DIREN;514;7.06.1984;170;344
NUREN;514;21.08.1961;5;509
HICAZIYE;514;16.01.1963;0;514
BEDIH;513;26.02.1969;508;5
KARANI;513;16.04.1963;513;0
AZER;513;18.07.1978;182;331
ZUMEYRAN;513;10.07.1969;0;513
LINDA;513;1.02.1977;0;513
MUBIN;512;5.04.1967;372;140
FAMILE;512;28.09.1968;0;512
MUYESER;512;5.04.1967;1;511
ABDURAHIM;512;4.11.1967;511;1
GULFINAZ;512;23.02.1962;0;512
ERIM;512;2.04.1975;499;13
MIHRALI;511;28.10.1954;509;2
RATIBE;511;18.01.1957;0;511
FAKI;511;1.11.1962;507;4
GENCO;510;6.04.1966;507;3
PAYAM;510;23.06.1972;1;509
FIKRETTIN;509;26.12.1958;507;2
SINO;509;23.05.1948;501;8
ABDILKADIR;509;1.06.1965;509;0
TEYYAR;508;29.01.1966;507;1
ATES;508;1.02.1968;487;21
SABAHITTIN;508;7.04.1960;508;0
SEDANUR;507;25.02.1984;0;507
MENFIYE;507;11.11.1968;0;507
YASIME;507;2.11.1962;0;507
BERFI;506;17.07.1957;0;506
GULPINAR;506;25.12.1980;0;506
MAKUL;506;13.10.1969;7;499
ZEYNEDDIN;505;6.07.1973;505;0
HABES;505;3.02.1966;504;1
HACIBEY;505;20.06.1958;505;0
REDIFE;504;5.10.1961;0;504
RAHMA;504;24.05.1961;0;504
SERBET;504;2.02.1968;5;499
DELLE;503;6.06.1965;0;503
BERHAN;502;13.03.1977;400;102
ELMAZ;502;10.02.1962;70;432
VASVIYE;502;29.06.1961;0;502
KARA;501;20.12.1958;469;32
FERDIYE;501;20.01.1958;0;501
KAYAHAN;500;6.03.1980;492;8
FULDEN;500;15.11.1984;0;500
PERIZAT;500;22.02.1959;0;500
MARIA;500;1.11.1966;1;499
KAMIRAN;500;24.04.1958;228;272
VERDA;499;14.01.1973;0;499
ATACAN;499;3.02.1979;495;4
NAFIYA;499;8.04.1966;0;499
TOSUN;499;1.07.1955;484;15
SEFANUR;499;11.06.1976;3;496
CEMAYNUR;499;23.02.1967;0;499
SERA;498;28.02.1982;5;493
SEMDIN;498;2.10.1966;498;0
MUHUBE;498;25.07.1964;1;497
GULUFER;497;20.11.1971;0;497
SAVCI;496;28.02.1976;496;0
NAZHANIM;496;1.06.1952;0;496
SUKUFE;495;27.06.1950;0;495
NURTEKIN;495;6.11.1969;434;61
MERZIYE;495;10.09.1959;0;495
MEDIYE;495;6.07.1960;1;494
ERTEN;495;30.04.1960;353;142
GULENAZ;495;10.10.1957;1;494
ZALE;494;26.06.1959;0;494
NAFIS;494;12.09.1966;481;13
GULCAY;493;23.07.1976;5;488
MEHRIYE;493;6.06.1958;0;493
GUNDOGAN;493;7.01.1965;444;49
SEYHAT;493;16.06.1962;64;429
SEYLAN;493;13.03.1970;77;416
ARAS;493;15.05.1983;468;25
ABDURREHIM;492;21.07.1965;492;0
SITTIK;491;29.04.1961;408;83
VUSLAT;491;25.05.1972;35;456
GULSEMA;491;23.10.1973;0;491
SAIRE;491;4.04.1963;0;491
ASIFE;491;8.02.1961;0;491
HELIN;490;5.06.1985;1;489
ALYA;490;21.08.1962;0;490
TALIH;490;15.04.1973;418;72
YADIN;489;19.09.1968;489;0
KELES;489;2.04.1958;474;15
MERYEMA;489;21.07.1972;0;489
ILHAME;488;8.07.1957;0;488
MUTALIP;487;27.07.1974;487;0
HADIME;487;5.02.1962;0;487
SEVI;487;15.05.1968;1;486
FATTUM;487;2.10.1950;0;487
MUSKINAZ;487;2.07.1951;0;487
ZEMZEME;486;9.07.1968;0;486
RAHMETULLAH;485;25.12.1976;484;1
MINNET;485;9.01.1960;64;421
MUBEYYEN;485;1.01.1959;0;485
NESLISAH;485;26.05.1980;5;480
DIYAP;485;13.06.1963;485;0
DANYAL;485;5.10.1970;485;0
BALKIZ;485;14.01.1962;0;485
BERATI;485;29.09.1974;473;12
ALTINAY;485;12.01.1973;111;374
CANSIN;484;22.02.1986;219;265
TAYBE;484;29.01.1961;0;484
NEVIDE;483;19.05.1962;0;483
GULLUSAN;483;7.12.1968;0;483
AYTUNC;483;12.05.1979;480;3
SERVI;483;27.02.1950;2;481
SAMMAS;483;11.08.1965;482;1
NAZENTE;482;21.06.1960;0;482
EMOS;481;25.03.1949;1;480
SAYAN;481;4.10.1961;40;441
MURATHAN;481;20.09.1980;481;0
LAZGIN;481;21.10.1975;481;0
SALAHITTIN;481;22.05.1951;481;0
FATEY;480;18.05.1944;0;480
SEYRANI;480;28.06.1969;348;132
LEYLAN;480;28.10.1960;0;480
SETTAR;480;1.02.1966;474;6
MEYRAM;480;24.10.1966;0;480
SEBIHAT;479;3.09.1961;0;479
AYSEM;479;2.08.1976;2;477
SEVILCAN;479;26.07.1976;9;470
DEGER;478;24.07.1976;248;230
GUNHAN;477;1.10.1968;369;108
HAZRET;477;16.09.1972;348;129
ATIKA;477;1.03.1960;1;476
IMMEHAN;477;5.04.1958;0;477
NAZGUL;476;10.03.1972;0;476
NUROL;475;3.08.1971;356;119
ABDULGAFFAR;474;18.01.1968;474;0
MIRAN;474;28.04.1964;79;395
BEYLER;474;1.09.1960;473;1
FERIZAN;474;18.04.1963;30;444
CANPASA;473;30.03.1954;3;470
OZENC;473;15.10.1978;268;205
SAHANDER;473;24.03.1961;9;464
ZERGE;473;16.05.1959;0;473
IHSANE;473;23.07.1954;0;473
FIRDEVIS;473;11.10.1964;0;473
ZEFURE;473;21.08.1956;0;473
HATAYI;472;11.04.1955;13;459
MUHYEDDIN;472;7.09.1966;472;0
DERDIYE;472;17.09.1962;0;472
NEZETE;472;4.02.1971;0;472
GULYASAR;471;23.11.1965;4;467
MAILE;471;29.10.1959;0;471
MUHABET;471;3.05.1972;3;468
AKISE;471;17.12.1971;0;471
AFRA;471;17.08.1971;0;471
EDAVIYE;470;6.11.1958;0;470
MINA;470;25.03.1970;11;459
ZIKRULLAH;470;2.01.1972;470;0
BERFIN;469;30.08.1985;2;467
ARZUM;469;16.08.1976;10;459
TUBAY;468;6.08.1985;26;442
GULVER;468;20.09.1968;0;468
HANGUL;468;27.06.1966;0;468
ABDULALIM;468;11.08.1971;468;0
SUKRI;468;3.10.1961;468;0
NEHIRE;468;23.05.1954;0;468
KIVILCIM;467;25.06.1980;89;378
BEDIRYE;466;15.09.1966;0;466
ADULE;466;5.02.1964;0;466
ISMIYE;466;27.07.1956;0;466
NERIME;466;15.03.1952;0;466
EBEDIN;465;8.02.1970;465;0
ULFER;465;23.05.1967;5;460
AYINZELIHA;465;27.04.1968;0;465
YAFES;465;18.08.1971;461;4
KEZIK;465;15.03.1954;0;465
HACCE;464;30.07.1955;0;464
BURC;464;29.12.1981;448;16
MEHMETEMIN;464;15.10.1967;464;0
GEVRIYE;464;9.05.1962;181;283
UMMANI;464;15.07.1958;25;439
HATUNCUK;464;15.12.1950;0;464
SENIHE;463;15.11.1962;0;463
GULADIYE;463;10.11.1968;0;463
IFTADIYE;463;27.01.1956;0;463
FIRAZ;462;22.05.1964;65;397
NESIHAT;462;3.01.1975;1;461
BAHTIYE;462;11.08.1956;0;462
HICRI;461;10.11.1966;449;12
ZIYNETI;461;12.04.1958;0;461
BILOR;461;4.09.1957;9;452
NARINGUL;461;13.11.1964;0;461
ALAY;461;19.02.1959;460;1
MISKAL;460;20.02.1962;0;460
HACIM;460;25.09.1970;457;3
SADIN;460;13.05.1968;457;3
SIDRET;460;19.02.1960;2;458
SECAATTIN;460;1.01.1963;460;0
GULFERI;460;3.07.1958;0;460
AZAD;459;19.05.1984;450;9
HACIHANIM;459;14.11.1962;0;459
AYTEK;458;16.01.1981;435;23
FERRAH;457;28.04.1974;28;429
VEJDI;456;8.12.1971;456;0
AYNIMAH;456;16.12.1954;0;456
NURAYET;455;7.11.1967;2;453
BILGIYE;455;9.11.1969;0;455
EMANET;455;17.06.1968;175;280
FAIKE;455;20.11.1965;0;455
TAN;455;25.12.1975;435;20
AFITAP;454;15.05.1962;1;453
VATFA;454;4.07.1958;0;454
SEBEHAT;453;3.12.1963;0;453
SERTIF;453;20.03.1969;453;0
NURSEMA;453;1.06.1977;1;452
LERZAN;453;14.01.1966;5;448
AZZET;452;17.09.1962;3;449
GUCLU;452;18.12.1978;443;9
DOGU;452;3.12.1977;431;21
ESTER;452;14.03.1950;10;442
SAHIR;451;19.02.1962;404;47
DURRIYE;451;5.10.1961;0;451
HASI;451;10.03.1955;6;445
FEDAKAR;451;15.10.1968;330;121
EVLIYA;450;23.08.1972;392;58
HEDIBE;450;23.10.1973;0;450
HANZADE;450;15.03.1965;5;445
MENNAN;448;10.09.1965;445;3
ORBAY;448;16.06.1977;448;0
SEHRISTAN;448;17.08.1976;0;448
BESRAI;448;25.04.1966;0;448
EFLATUN;447;26.07.1962;405;42
MAFIYE;447;26.05.1961;0;447
HAMET;447;1.02.1962;446;1
KADUN;447;15.04.1954;0;447
PERIZE;446;2.03.1960;0;446
CANBERK;446;19.12.1988;446;0
SILAN;446;24.10.1987;4;442
FERDUN;446;16.02.1966;444;2
TENZIRE;446;14.06.1970;0;446
SEYRI;446;13.01.1951;0;446
KINYAS;446;24.11.1973;442;4
SAYME;445;27.11.1968;0;445
ESHAT;445;23.01.1976;444;1
HAYIRLI;445;22.12.1961;18;427
HIKMETULLAH;445;22.07.1971;443;2
TAYGUN;445;2.11.1988;444;1
RAYIFE;443;22.01.1964;0;443
FEVZULLAH;443;6.06.1970;443;0
CAVUS;443;24.05.1965;441;2
MAHFUZE;443;25.03.1970;0;443
EMMUN;443;2.08.1952;0;443
LULUFER;442;24.09.1968;0;442
AMIL;442;10.05.1963;441;1
GOKTURK;442;6.08.1981;442;0
BENAY;442;11.02.1980;3;439
ZATI;442;22.05.1963;431;11
SEMISTAN;442;22.01.1960;442;0
FERZI;441;18.04.1961;168;273
GULAN;441;23.02.1970;12;429
SIHEM;441;12.04.1978;1;440
MEBRULE;441;1.12.1959;0;441
ABDULCABBAR;441;9.03.1967;441;0
ESHABIL;441;26.12.1977;440;1
RAILE;440;19.03.1965;0;440
FERYAZ;439;17.12.1961;36;403
NEYTULLAH;439;25.03.1976;439;0
GARIPSAH;439;29.2.1979;2;437
DURRI;439;9.08.1953;11;428
NIHARI;438;8.09.1966;2;436
FEYZAN;437;1.07.1971;24;413
CUMHURIYET;437;25.05.1971;81;356
MAIL;437;23.07.1961;421;16
FATIN;437;29.04.1965;417;20
LIMON;436;21.07.1965;2;434
FEREMEZ;436;6.04.1970;436;0
KAHRIMAN;436;2.05.1952;427;9
BAYKAN;435;6.03.1974;404;31
HAMSI;435;7.05.1953;0;435
IMOS;435;28.08.1945;0;435
HALIFE;434;23.03.1962;330;104
EMRAN;434;3.04.1976;210;224
NUREL;434;13.01.1966;44;390
ANNA;434;16.08.1961;0;434
AYNO;433;27.02.1949;0;433
LEYMUN;433;20.11.1968;0;433
SEMIN;433;30.08.1970;62;371
BAHISE;433;14.03.1959;0;433
MINTEHA;432;20.01.1962;0;432
AKSEL;432;18.04.1972;222;210
FIRYAZ;432;9.09.1964;0;432
ILIMDAR;432;4.07.1963;430;2
PARLAK;432;2.08.1954;5;427
BEDREDDIN;431;25.03.1966;431;0
OMERUL;431;4.09.1965;431;0
KEMILE;431;4.04.1969;1;430
AFIDE;431;22.08.1958;0;431
MILAZIM;430;30.2.1964;429;1
NAHSEN;430;8.07.1970;430;0
SEMAM;429;19.04.1965;0;429
HATIKE;429;23.11.1958;0;429
VAHIP;429;22.07.1961;429;0
FERGUL;428;9.11.1975;4;424
TURAL;428;28.01.1971;425;3
GULUSEN;428;26.12.1964;0;428
NEFIKA;428;1.01.1960;0;428
HAVLE;426;22.08.1959;0;426
SELHATTIN;426;15.03.1973;426;0
HEMI;426;14.06.1956;14;412
SADAKAT;426;22.08.1954;4;422
MERDANE;426;1.10.1962;10;416
DURANA;426;25.04.1959;0;426
SELAATTIN;425;16.04.1962;425;0
KARAKAS;425;22.10.1964;9;416
ZILFINAZ;424;9.08.1956;0;424
BEYTUL;424;21.07.1976;166;258
SURURI;424;30.11.1959;419;5
NURSEMIN;424;18.11.1980;0;424
BASRIYE;424;9.12.1964;0;424
OZLER;424;14.07.1973;153;271
AMIR;424;1.10.1966;424;0
SIHMUSLUM;424;8.10.1963;424;0
GULUSUM;423;23.04.1966;0;423
TACI;423;1.08.1964;375;48
GOKCEK;422;13.08.1961;12;410
INCISER;422;18.04.1960;0;422
GULSERI;422;26.03.1957;0;422
SEDIKA;422;13.08.1966;0;422
BEYSIM;422;22.03.1963;422;0
AYSEMA;421;24.06.1973;0;421
ASALET;421;17.12.1971;101;320
SERCIN;421;14.11.1978;56;365
URHAN;421;30.04.1951;413;8
GAZALE;421;5.05.1964;0;421
SARPER;419;21.12.1979;418;1
MEHDIN;419;4.09.1972;419;0
SARIBAN;419;14.04.1962;0;419
ABDUSSEMET;419;22.06.1964;419;0
MEHRALI;419;7.05.1957;418;1
VAHDI;419;8.04.1961;419;0
MUCIZE;419;23.12.1970;0;419
YURDAN;418;7.09.1966;17;401
SEYYIT;418;25.11.1967;414;4
EDHEM;418;17.07.1964;418;0
MUBAREK;418;3.12.1979;303;115
BOLAT;418;26.08.1965;418;0
MOLLA;418;22.11.1959;272;146
MUZAFFERE;418;7.05.1948;0;418
NAZ;417;18.07.1981;1;416
FAYIKA;416;20.07.1961;0;416
TACITTIN;416;6.07.1958;416;0
SERNAZ;416;13.08.1966;2;414
HACIALI;416;24.05.1966;416;0
YAKUT;416;21.11.1967;80;336
HATAY;416;26.05.1959;232;184
LAMI;416;11.12.1965;413;3
ZIYADE;416;8.02.1960;5;411
MELIHAN;416;18.01.1963;3;413
MAHMURIYE;416;18.11.1956;0;416
HUDAYET;416;19.05.1961;288;128
KAMAL;415;23.10.1956;415;0
UMMUSEN;415;3.11.1965;0;415
SELAHATDIN;414;23.08.1960;414;0
ERINC;414;25.03.1981;316;98
DURAY;414;15.04.1970;227;187
BORAN;414;17.05.1979;390;24
SIVI;414;10.02.1955;0;414
RIZKIYE;414;27.01.1968;0;414
HADISE;413;15.06.1962;0;413
BESTI;413;8.01.1954;0;413
GULSIN;412;8.03.1974;1;411
SUSEN;412;26.06.1961;0;412
A.;412;8.05.1952;394;18
ZUMRAL;412;15.07.1972;0;412
METHI;412;15.10.1972;412;0
CANTURK;411;7.12.1977;408;3
ASU;411;24.12.1980;0;411
MEVLIDIYE;411;7.05.1966;0;411
ILVE;411;2.11.1958;0;411
SEHABETTIN;410;9.01.1962;409;1
MEZHER;410;25.07.1971;410;0
KANIA;410;25.08.1979;0;410
AVSAR;410;25.10.1971;334;76
SEYITALI;410;30.11.1959;410;0
ABDULCEBAR;409;23.04.1972;409;0
KASIDE;409;9.08.1961;0;409
MUHDIYE;409;4.07.1963;0;409
ZUBEYIT;409;29.12.1966;409;0
AFIYE;409;5.08.1962;0;409
ENEZ;408;15.11.1983;407;1
MUKADES;408;23.07.1974;1;407
ASKIM;408;20.08.1975;112;296
BADE;408;27.08.1974;1;407
HAVVANUR;408;19.04.1984;0;408
KUTBEDDIN;408;2.06.1969;408;0
FARIKA;408;11.04.1968;0;408
NEVZIYE;408;23.12.1961;0;408
SEMAHA;407;6.02.1969;0;407
REVSAN;407;12.11.1977;15;392
NEHIDE;407;28.12.1959;0;407
NEJDAT;407;16.03.1965;406;1
DESTAN;407;22.01.1967;238;169
FERID;407;22.01.1966;407;0
SAMILE;407;16.02.1961;0;407
ADELET;406;3.03.1969;8;398
LIMAN;406;23.09.1960;110;296
BILLOR;406;20.08.1957;3;403
EFRAYIM;406;11.01.1967;406;0
AYGEN;406;15.11.1971;66;340
AGABEY;406;20.01.1954;403;3
SELALE;405;1.02.1976;0;405
KARACA;405;24.05.1963;393;12
NAMET;404;23.01.1975;373;31
NAYILE;403;8.12.1964;0;403
HAMID;402;12.12.1968;402;0
DEMIREL;402;16.08.1968;397;5
NASIHAT;402;13.10.1972;1;401
LIBAS;402;5.09.1956;1;401
EBUZER;401;26.07.1974;396;5
CAZIM;401;20.01.1960;401;0
MEKKE;401;22.02.1971;29;372
SEHEM;401;11.12.1966;0;401
CEVALE;401;12.08.1960;0;401
NIKAR;400;16.11.1958;0;400
SAZIMENT;400;20.04.1954;1;399
SAMETTIN;400;2.10.1961;400;0
UBEYT;399;3.04.1969;399;0
SARP;399;18.12.1981;395;4
KOROGLU;399;14.06.1963;399;0
RAMISE;399;3.09.1957;0;399
SISI;399;6.09.1952;0;399
VERDE;399;20.07.1962;0;399
TUTIYE;399;17.03.1954;1;398
DURDUNAZ;399;23.10.1962;0;399
MAHMUD;398;8.06.1975;398;0
AYBARS;398;6.06.1980;397;1
HAYRITTIN;398;14.02.1955;398;0
HATIYCE;398;21.09.1963;0;398
HAFURE;397;5.01.1965;0;397
MIRCAN;397;2.08.1968;33;364
ANDAC;397;28.07.1982;320;77
LISAN;397;27.08.1963;282;115
DURHAN;397;11.04.1960;352;45
NESLEHAN;397;5.10.1960;0;397
AYFEL;396;21.08.1965;1;395
DOGANAY;396;19.12.1978;297;99
OZBEY;396;15.01.1971;396;0
OMURLU;396;2.10.1963;185;211
NAYLE;395;28.06.1964;0;395
HARBINAZ;395;11.07.1966;0;395
BINGUZEL;395;11.05.1964;1;394
GULENBER;394;24.08.1957;0;394
HAKIYE;394;9.05.1957;0;394
ILKGUL;394;20.09.1975;0;394
SUSENBER;394;14.09.1952;0;394
ASURE;393;13.01.1964;0;393
HAZAN;393;16.08.1980;12;381
ZUMRA;393;21.06.1981;2;391
TARFA;393;9.02.1961;0;393
ZULFUNAZ;392;2.06.1963;0;392
BURHANEDDIN;392;16.03.1965;392;0
HAMSA;392;20.04.1957;0;392
SEFAAT;392;19.05.1974;63;329
FAHRITTIN;392;8.06.1953;392;0
MAVISE;392;23.08.1961;0;392
TUNCA;392;15.08.1975;321;71
KURBANI;391;17.05.1962;391;0
SEMIHAT;391;7.10.1961;0;391
ACAR;391;28.04.1963;289;102
LEMA;391;5.07.1964;0;391
NUZHET;391;7.03.1953;178;213
APTI;391;8.10.1959;391;0
TEZER;390;2.07.1962;217;173
PULLU;390;17.09.1953;1;389
NAYIL;390;6.04.1966;390;0
KOCALI;390;8.10.1961;390;0
TUKEZBAN;390;25.01.1959;0;390
HAZBIYE;389;20.02.1962;0;389
IKLIMA;389;19.04.1973;0;389
ZAIT;389;14.10.1961;388;1
MIHDI;389;19.01.1969;389;0
TARHAN;389;27.09.1968;367;22
ZUNBUL;389;20.12.1950;0;389
HARIS;388;20.05.1966;382;6
ASIF;388;13.05.1966;388;0
HAZNIYE;388;30.05.1965;0;388
BUBO;388;8.06.1957;388;0
MUSTECEP;388;8.06.1957;388;0
MUKADDIS;388;16.08.1957;0;388
HUSEM;388;26.12.1963;385;3
MUSIDE;387;21.06.1960;0;387
ERALP;387;30.04.1980;387;0
ILVAN;387;27.03.1968;139;248
TEYMUR;387;15.08.1962;387;0
NEVCIVAN;387;26.08.1957;64;323
BIZAR;387;3.12.1952;1;386
ADLA;387;17.05.1957;0;387
NUTFIYE;386;22.08.1959;0;386
NURDEN;386;15.09.1964;2;384
SEBAHETTIN;386;15.04.1957;385;1
SEVDANUR;386;23.09.1977;0;386
SUSLU;385;18.04.1967;44;341
IKSAN;385;23.12.1970;368;17
BEDII;385;5.09.1967;385;0
ZURBIYE;385;24.06.1961;0;385
NESIL;384;30.07.1978;80;304
GULAYDIN;384;20.06.1962;61;323
BINNAS;384;8.03.1954;2;382
SERENGUL;383;20.12.1974;0;383
SEVE;383;2.02.1960;0;383
SADEDDIN;383;20.01.1964;383;0
HATIYE;383;29.12.1956;0;383
RACIYE;383;12.07.1957;0;383
ATILAY;383;25.05.1968;377;6
H.;382;25.11.1948;374;8
FERAYI;382;12.12.1966;18;364
LACIN;382;13.09.1959;204;178
MESUD;381;13.08.1974;380;1
RUFET;381;27.06.1962;374;7
FAHIRE;381;17.01.1953;0;381
KEJI;381;22.04.1956;0;381
BAYAR;381;19.08.1964;372;9
SERHAD;380;12.04.1979;374;6
NECDAT;380;15.08.1963;379;1
NUSREDDIN;380;27.05.1962;380;0
SAYMA;380;11.09.1965;0;380
SUADE;380;8.03.1960;0;380
TAHIRHAN;380;16.04.1971;380;0
MUNUFE;379;20.08.1965;0;379
GUNDOGDU;379;22.08.1963;305;74
ROZA;379;7.02.1965;1;378
TACDIN;379;27.01.1964;379;0
DURSEL;379;9.07.1967;25;354
SAHRIYE;379;3.08.1963;0;379
NIYAZ;379;3.07.1960;253;126
SUNKAR;379;26.09.1962;4;375
NAZLIM;378;23.07.1966;288;90
FEYIME;378;7.12.1961;0;378
DURDANIYE;378;21.08.1960;0;378
NURHAK;377;13.07.1983;218;159
ZALIHA;377;28.05.1969;0;377
COSAR;377;12.07.1972;365;12
HAYRUNISA;377;13.08.1965;0;377
ZEREN;377;8.10.1976;17;360
HALID;377;17.12.1973;376;1
NAZO;377;6.03.1952;1;376
FAYAT;377;2.05.1968;377;0
NAHSAN;376;25.12.1965;375;1
RAHMET;376;6.10.1979;87;289
VACIP;376;19.09.1966;376;0
FIRKAT;375;15.03.1954;13;362
MEDIHE;375;25.02.1954;0;375
RAVIYE;375;20.02.1954;0;375
HERDEMCAN;375;27.07.1967;0;375
ERDENER;374;16.10.1973;374;0
ZEYNO;374;10.11.1960;32;342
HULFA;374;10.11.1960;0;374
HIKMETE;374;17.04.1953;0;374
HIDAYE;374;20.04.1957;1;373
SELAHA;373;16.01.1966;0;373
SUHEYL;373;21.07.1973;361;12
ERGULU;373;3.02.1972;363;10
SEFAI;373;19.03.1969;320;53
ZEYDAN;373;21.06.1973;363;10
SEYLA;373;8.02.1969;0;373
MAVILI;373;4.07.1960;0;373
EDANUR;372;19.08.1988;0;372
SAHISTE;372;15.06.1963;5;367
CEMAIL;372;1.01.1952;371;1
BILNAZ;371;3.06.1975;0;371
VELAT;371;4.11.1984;349;22
PERO;371;8.02.1947;4;367
SEKVAN;371;10.05.1978;371;0
NARIME;371;13.11.1961;0;371
CISELI;371;24.11.1957;0;371
NARHANIM;371;4.02.1955;0;371
GAFFARI;370;1.01.1977;367;3
HANNAN;370;14.09.1964;354;16
OBEN;370;5.08.1979;250;120
MENAF;370;16.11.1975;370;0
NURBAY;370;16.04.1970;365;5
FEYHAN;369;13.10.1964;9;360
SEBATTIN;369;9.07.1962;368;1
SUBHI;369;20.08.1961;369;0
HAVVAANA;369;6.02.1964;0;369
SAMIR;368;3.12.1975;364;4
CANDAS;368;18.05.1979;348;20
GULEREN;368;12.05.1961;0;368
MUKERREME;368;18.12.1956;0;368
TACIM;367;27.08.1964;366;1
DILFURUZ;367;22.08.1961;0;367
RUHAT;367;2.10.1964;141;226
ARABI;367;4.12.1955;57;310
RIME;367;28.02.1962;0;367
ERDENIZ;367;8.02.1978;352;15
BENAZIR;366;25.05.1990;0;366
KONCAGUL;366;28.11.1967;0;366
SEHURE;366;10.12.1953;0;366
ZULFE;366;4.01.1959;1;365
MUTI;366;6.10.1961;360;6
AGOP;366;10.04.1949;366;0
ELLEZ;365;7.12.1960;365;0
UMMUSUN;365;14.07.1959;0;365
BANI;365;2.04.1956;1;364
MISRI;365;7.07.1958;0;365
EBU;364;17.09.1977;353;11
AYDAGUL;364;2.09.1974;1;363
RUHSAN;364;19.02.1967;46;318
SANVER;364;27.09.1968;343;21
MELEKE;364;26.11.1951;0;364
CERCIS;363;11.03.1963;363;0
SARAYI;363;21.05.1959;0;363
SEMIHE;363;12.04.1960;0;363
SIMIZAR;363;6.12.1954;0;363
SEKIRNAZ;363;17.05.1968;0;363
SEBAHA;362;7.08.1965;0;362
TEMIR;362;2.08.1961;360;2
CELIK;362;22.05.1954;360;2
MUSEBBIYE;362;23.09.1954;0;362
IMMAHAN;362;7.08.1960;0;362
KUDURET;361;16.02.1967;90;271
MUSFIKA;361;27.02.1951;0;361
CANAY;361;23.11.1975;93;268
SAYIBE;361;16.02.1961;0;361
MUHACIR;361;25.08.1965;325;36
ORKIDE;360;11.11.1979;0;360
SILVA;360;20.01.1956;0;360
EDALET;359;8.08.1954;7;352
NURETDIN;359;4.05.1962;359;0
METIYE;359;2.01.1961;0;359
SEYDOS;359;23.12.1968;359;0
AZMIYE;358;16.06.1956;0;358
TEVHIT;358;15.10.1963;358;0
ELBEYI;358;2.03.1956;358;0
MERIS;358;17.05.1958;1;357
ZEKAVET;358;7.04.1955;16;342
ZURIYET;358;19.01.1956;3;355
SEYITAHMET;358;2.01.1964;358;0
YESIL;357;28.04.1974;102;255
OZBAY;357;23.01.1976;356;1
NURALI;357;28.11.1967;354;3
DINAR;357;11.09.1976;96;261
AZAMET;357;29.01.1962;179;178
MEYMUNE;357;6.09.1960;0;357
ZARIYE;357;20.10.1958;0;357
NURGUZEL;357;2.03.1974;0;357
SUVAT;356;15.05.1971;350;6
ILAY;356;11.11.1985;15;341
SUBHIYE;356;18.12.1957;0;356
ITIR;356;13.05.1980;0;356
MASHAR;356;3.03.1968;356;0
NADRIYE;355;22.09.1964;0;355
HACAR;355;10.03.1965;4;351
SITI;355;21.11.1959;0;355
CANSEN;355;27.12.1965;15;340
GEZAL;355;10.08.1963;2;353
YEGANE;355;14.03.1959;1;354
NAZIKER;355;2.06.1969;0;355
MELIYE;355;9.04.1960;0;355
ALIHAYDAR;355;5.11.1959;355;0
MELAHA;354;8.08.1964;0;354
DILRUBA;354;17.12.1980;0;354
GOKSUN;354;3.12.1980;128;226
HEYBETULLAH;354;27.04.1973;310;44
NECATIN;354;30.11.1963;354;0
SUSIN;354;20.04.1969;0;354
SEHA;353;30.06.1976;80;273
MERHABA;353;13.05.1962;2;351
ERTURUL;352;3.11.1965;352;0
TURAY;352;1.06.1972;294;58
NESIHA;352;17.09.1971;0;352
FIKRAN;352;23.01.1964;10;342
YOLCU;352;24.06.1964;345;7
FERAHI;352;29.04.1961;46;306
CENKER;352;24.02.1980;352;0
ERCIHAN;351;24.02.1968;302;49
ABDULFETTAH;351;27.01.1964;351;0
URFIYE;351;6.03.1960;0;351
KITAN;351;14.07.1958;0;351
AMBER;350;8.01.1970;10;340
SAYIDE;350;15.02.1962;0;350
RIFA;350;27.04.1961;0;350
DIYAR;350;29.06.1984;239;111
ZELA;350;10.08.1959;0;350
KARAKIZ;350;19.01.1954;0;350
RENGINAR;350;25.08.1974;2;348
SAHESTE;349;24.09.1962;1;348
OZBEK;349;10.08.1971;342;7
RAHME;349;28.04.1962;0;349
TARIFE;349;3.09.1954;0;349
HAFI;348;14.05.1948;41;307
AFSIN;348;28.10.1979;333;15
TEKGUL;348;21.03.1974;1;347
SUAYP;348;23.03.1976;348;0
BESILE;348;25.03.1965;0;348
FAIDE;348;1.03.1966;0;348
MUSADE;348;18.08.1966;5;343
KEVKEP;348;12.03.1966;5;343
AYDENIZ;348;26.01.1975;116;232
BAYHAN;347;27.06.1966;220;127
GULDENUR;347;9.01.1966;1;346
RUFIYE;347;8.06.1960;0;347
FAZILA;347;26.12.1955;1;346
ZEYNET;347;1.12.1964;50;297
SUHAM;347;4.09.1967;1;346
DONSEL;346;16.09.1977;1;345
MEVRA;346;1.11.1984;6;340
VECIYE;346;1.01.1960;0;346
IRINA;346;20.02.1973;0;346
SENAN;346;4.01.1972;225;121
SERFIRAZ;346;3.09.1953;23;323
ESMAN;346;20.12.1961;203;143
LILIFER;345;10.09.1966;0;345
NOYAN;345;9.03.1975;319;26
HASANALI;345;26.09.1963;345;0
NAZEGUL;345;18.07.1961;0;345
SEYID;344;22.05.1970;343;1
NURSEREN;344;7.11.1961;0;344
HAMIS;344;2.01.1957;304;40
AFER;344;30.07.1960;305;39
SEDAKAT;344;26.12.1958;8;336
BEGI;343;2.10.1945;22;321
NEVZER;343;12.10.1956;5;338
BERFO;343;18.02.1957;0;343
HASEM;343;28.01.1979;341;2
MUNZUR;342;6.12.1952;342;0
FATIMANA;342;2.05.1960;0;342
PERMIN;341;30.06.1968;0;341
KABIRE;341;3.03.1958;0;341
SULHETTIN;341;29.08.1961;341;0
ERSAL;341;26.09.1971;329;12
LALIZAR;341;15.11.1951;0;341
FIRDEVSI;341;19.11.1962;47;294
GUZUN;340;24.05.1964;0;340
ZENNUBE;340;14.02.1961;0;340
BADEM;340;25.01.1965;10;330
RUMI;339;23.03.1958;321;18
HASANHUSEYIN;339;5.03.1964;339;0
KIBRIYA;339;8.09.1959;3;336
EYUPHAN;339;14.03.1977;337;2
GOZI;339;1.11.1954;0;339
SAMIRA;339;17.04.1974;0;339
GUNERI;339;21.03.1966;289;50
MIREM;339;13.10.1955;0;339
NIMETI;339;21.05.1956;3;336
HARIYE;339;16.05.1956;0;339
VESIM;339;2.10.1974;339;0
SITEM;338;4.08.1982;34;304
FAKIYE;338;24.11.1959;0;338
CELALI;338;14.11.1963;334;4
LETIF;337;11.02.1964;334;3
OYLUM;337;17.12.1982;0;337
BULEND;337;12.05.1967;334;3
SEMRAY;337;26.04.1970;0;337
SEVILE;337;26.08.1969;0;337
VERDEK;337;19.03.1962;0;337
SAIZE;337;27.01.1966;0;337
GENC;336;7.04.1968;335;1
SEMRAL;336;6.07.1965;9;327
DILDAR;336;3.08.1961;29;307
OZTEKIN;336;13.07.1970;334;2
SETENAY;336;2.12.1983;1;335
BEHREM;336;19.12.1966;336;0
CAHFER;336;25.06.1973;336;0
NATALIA;336;15.04.1976;0;336
MARYAM;336;20.02.1945;0;336
TAKI;335;5.11.1965;335;0
RUHANE;335;6.07.1965;0;335
ABDULREZZAK;335;4.09.1975;335;0
OLKAN;335;6.08.1983;333;2
DIVAN;335;11.02.1968;33;302
NECAATTIN;335;13.05.1961;335;0
FIDASE;335;4.12.1962;0;335
HAVVALI;335;2.06.1957;0;335
DOLUNAY;334;7.08.1978;59;275
REFET;334;18.10.1949;314;20
SUHBET;334;30.01.1969;2;332
SEFKET;334;7.01.1962;331;3
HAYRET;334;17.10.1959;61;273
MAZEZ;334;15.12.1963;0;334
SULEYBE;334;17.03.1958;0;334
SELAY;333;12.09.1983;8;325
ZUHEYLA;333;27.09.1972;0;333
SEHRIBANI;333;25.07.1959;0;333
NAZLIGUL;332;15.06.1974;0;332
EMRAL;332;4.06.1973;130;202
DURU;332;29.06.1963;38;294
HACIR;332;28.07.1969;10;322
GURCIYE;332;14.06.1961;0;332
SELAHIDDIN;332;27.11.1954;332;0
GULENDAN;331;28.11.1963;0;331
SEHERGUL;331;16.08.1963;0;331
KILIC;331;29.05.1962;330;1
KIRKOR;331;2.11.1948;331;0
SANER;331;19.04.1975;283;48
SAMIHA;331;4.06.1957;0;331
NESRULLAH;331;11.09.1975;330;1
BEYAN;331;11.11.1964;14;317
TIBET;330;16.06.1977;274;56
MERYEME;330;20.06.1971;0;330
GULBANI;330;20.06.1961;0;330
YOLDAS;330;28.01.1982;306;24
GULFIDE;330;15.12.1956;0;330
DURDALI;330;26.01.1962;330;0
GILMAN;329;14.02.1957;10;319
FAYIME;329;10.06.1970;0;329
SINE;329;1.10.1964;2;327
GULZAR;329;2.03.1949;0;329
BERFU;328;9.05.1983;3;325
MUCESSEM;328;10.02.1955;0;328
SEVGINAZ;328;11.07.1968;0;328
RASIYE;328;3.10.1958;0;328
VECIHI;328;3.04.1959;327;1
SERVIN;327;13.09.1970;7;320
SELVIN;327;4.01.1977;5;322
MEHMETCAN;327;8.03.1980;327;0
REVSI;327;6.04.1952;0;327
SURME;327;22.06.1959;1;326
ESABIL;327;27.04.1974;320;7
ZEDEF;327;16.01.1961;1;326
GONEN;327;1.11.1967;163;164
ERNUR;326;20.10.1970;172;154
ISRAIL;325;3.11.1958;325;0
ZIYAEDDIN;325;23.01.1961;325;0
BARKIN;325;21.11.1983;313;12
SAFER;325;2.08.1954;172;153
SAFIA;325;13.04.1975;0;325
MARAL;325;8.11.1969;5;320
SAFVET;325;22.12.1948;201;124
EYYUB;324;13.09.1973;324;0
TEVRIZ;324;19.09.1959;12;312
SUHEYLE;324;12.06.1969;0;324
IRFANIYE;324;3.08.1957;0;324
MUKIME;324;30.2.1952;0;324
MUAZ;323;7.01.1983;323;0
BILCAN;323;14.10.1979;21;302
CILEK;323;11.04.1980;0;323
SERTIP;323;22.10.1965;321;2
JANET;323;3.06.1958;0;323
INAL;322;6.11.1966;270;52
RISALET;322;4.03.1961;66;256
HAMDUSENA;322;24.10.1980;272;50
FILIS;322;15.01.1970;1;321
BARBOROS;322;4.03.1976;322;0
NASRA;321;8.01.1966;0;321
NECILE;321;1.04.1958;0;321
OLGU;320;24.08.1985;171;149
OZGECAN;320;5.09.1986;28;292
SABHA;320;16.02.1960;0;320
BEHTIYE;320;23.10.1957;0;320
TEMER;320;29.08.1966;320;0
ANBER;320;29.04.1962;13;307
ADELI;320;14.07.1962;0;320
SELFIRAZ;319;15.04.1957;0;319
SUZI;319;4.01.1963;210;109
ZINE;319;15.01.1962;0;319
HUNER;319;8.01.1970;81;238
HARBI;319;16.06.1974;297;22
MUKADER;318;22.06.1974;6;312
GULOREN;318;11.11.1955;0;318
ZULEYHAN;318;17.10.1977;0;318
GURGUN;318;5.12.1969;276;42
SUHEYDA;318;14.02.1971;3;315
HATIRA;318;30.04.1973;15;303
DURSUNIYE;318;18.01.1968;0;318
PIRIL;318;1.12.1978;0;318
CAGIL;318;26.12.1985;136;182
SVETLANA;318;23.03.1972;0;318
SAFTER;318;30.08.1976;308;10
UGRAS;317;11.05.1981;297;20
CIHANGUL;317;27.03.1968;6;311
SEVDAGUL;317;23.07.1976;0;317
SEVIME;317;11.01.1958;0;317
RIVAYET;317;10.04.1958;9;308
ULBIYE;317;22.06.1964;0;317
DIYADDIN;317;5.05.1978;317;0
MIRSEVDIN;317;13.06.1965;317;0
MUSAB;316;7.07.1988;316;0
BILGINUR;316;23.01.1967;0;316
SERTAP;316;27.08.1977;23;293
SEFKAT;316;6.07.1959;32;284
SULHADDIN;316;17.08.1964;316;0
HEDI;316;24.08.1950;16;300
VECIH;316;21.09.1964;314;2
KIBARE;316;15.10.1954;0;316
HAKIBAR;316;17.08.1959;0;316
HATCE;315;21.10.1955;0;315
ANTIKE;315;22.12.1970;0;315
GOKSIN;314;2.11.1978;137;177
KUBULAY;314;30.09.1972;311;3
GUNSER;314;3.02.1954;13;301
DILFIRAZ;314;24.12.1956;0;314
SAHENDER;314;19.02.1955;2;312
BERAAT;314;11.07.1977;117;197
AYSEFATMA;314;11.10.1959;0;314
DURKIZ;314;19.05.1955;0;314
ELFESIYA;314;25.03.1976;150;164
H.IBRAHIM;313;10.01.1950;313;0
TANKUT;313;26.10.1974;312;1
SIYAR;313;25.04.1984;300;13
MEVLUD;313;13.12.1964;308;5
SOSIN;313;2.04.1965;4;309
UMMEHANI;313;15.08.1955;0;313
AZBIYE;313;29.06.1955;0;313
ZILHA;313;2.02.1957;0;313
ALAMETTIN;313;12.02.1972;313;0
FAHRUNNISA;312;11.10.1952;0;312
MUZEHER;312;12.06.1963;3;309
FAHIR;312;4.09.1963;308;4
GULKADIN;312;7.04.1957;0;312
SERAT;311;22.09.1977;269;42
GULSIME;311;23.06.1973;0;311
UNER;311;17.11.1960;252;59
HIYASETTIN;311;28.04.1964;311;0
GULDEMET;311;23.08.1977;0;311
NESRA;311;29.12.1978;0;311
DIBA;311;10.05.1976;0;311
ENSER;311;10.06.1968;301;10
LETAFET;311;1.11.1951;2;309
ADLAN;310;13.07.1973;302;8
ARAFA;310;21.10.1966;235;75
OKYAY;310;8.02.1970;310;0
HEKMET;310;6.03.1959;212;98
MUNUBE;310;4.04.1963;0;310
RESMI;310;11.03.1960;170;140
SUNIYE;310;2.08.1962;0;310
BEYBUN;310;15.12.1967;0;310
FATO;309;16.12.1947;0;309
GULFATMA;309;30.09.1960;0;309
DONDUYE;309;2.04.1958;0;309
MEHRINAZ;308;2.02.1961;0;308
HUMAYUN;308;7.06.1953;5;303
REFIKE;308;2.08.1962;0;308
DAIMI;308;12.01.1974;308;0
RAIME;308;18.10.1961;0;308
SEYMEN;308;29.07.1972;271;37
LEFIKA;308;27.01.1962;0;308
SEVAN;308;21.03.1975;240;68
PURUZE;308;4.06.1960;0;308
MEYREMA;308;3.12.1972;0;308
USAME;307;5.07.1984;299;8
SEHZADE;307;25.12.1961;34;273
ERTEM;307;29.04.1973;288;19
HADRE;307;26.07.1963;0;307
REBIHA;307;9.03.1967;0;307
SUAVI;306;2.07.1961;304;2
FEDLI;306;12.05.1972;305;1
SEMINUR;306;11.01.1967;1;305
ZEBIDE;306;28.01.1971;0;306
DILIF;306;2.09.1954;0;306
NESMIYE;306;1.10.1968;0;306
ZUBEYT;306;26.12.1967;305;1
SEVGINUR;306;11.03.1972;0;306
ATAHAN;306;9.02.1983;306;0
BELKIZAR;306;23.04.1964;0;306
ZERBAP;306;8.07.1952;0;306
ZULKAR;306;15.11.1957;300;6
MUSLIMAT;305;13.05.1956;0;305
HEZAR;305;1.07.1963;0;305
ABDULMENAV;305;20.11.1976;304;1
MUHAREM;305;4.12.1971;305;0
HUSRET;305;4.01.1973;287;18
DILBAR;304;8.08.1960;1;303
SERAL;304;15.09.1975;54;250
ERDAN;304;28.05.1964;286;18
AYSIM;304;3.10.1975;0;304
NEBEHAT;304;18.03.1965;0;304
INZILE;304;23.09.1964;0;304
MARIFE;304;23.08.1963;1;303
SUDE;304;25.08.1968;0;304
UZEYME;304;20.08.1957;1;303
SELAHI;304;29.07.1964;298;6
SEVKINAZ;304;5.10.1957;0;304
MESRUR;303;2.10.1960;273;30
NEZIHI;303;30.07.1962;301;2
M.ALI;303;14.11.1949;303;0
KUTFETTIN;303;23.08.1964;303;0
NAZAR;302;10.02.1974;171;131
ALIASKER;302;23.11.1965;302;0
SEMIHAN;302;20.12.1967;1;301
AHMETALI;302;4.01.1962;302;0
IMAHAN;302;2.11.1963;0;302
ZELKIF;302;19.10.1963;301;1
HICRIYE;301;15.03.1956;0;301
NEVRESTE;301;6.10.1955;0;301
YURDUSEN;300;8.05.1964;40;260
HAZER;300;13.04.1971;92;208
HIZNI;300;17.07.1955;188;112
HATICA;300;2.12.1949;0;300
ZULALI;300;30.04.1957;205;95
YAGUP;299;29.03.1966;299;0
KAMRAN;299;22.09.1967;212;87
AZRA;299;20.04.1978;4;295
ALIYAR;299;21.12.1954;299;0
SIHAM;299;25.04.1971;2;297
HUBRIYE;299;11.05.1958;0;299
SAFFETTIN;299;8.09.1960;298;1
MEYSE;299;17.06.1958;0;299
LEMIA;299;9.06.1965;0;299
ESIYE;299;22.01.1968;0;299
MUSEMMA;299;2.02.1970;2;297
TATIANA;299;24.03.1974;0;299
BURKAY;298;10.09.1984;295;3
SALATIN;298;18.07.1949;19;279
GULGULE;298;27.08.1956;0;298
SAYGI;298;5.11.1971;158;140
SEZAN;298;29.06.1970;32;266
KEMALI;297;5.09.1961;149;148
SUVEYDA;297;4.04.1968;0;297
ZUFER;297;20.01.1960;293;4
SELIMA;297;19.12.1968;1;296
HAKKAN;297;13.06.1979;297;0
HEDLA;297;20.06.1967;0;297
IDA;297;16.12.1963;2;295
FERICE;297;4.09.1960;0;297
RESADIYE;297;9.11.1960;0;297
ANIFE;297;4.03.1961;0;297
KAFUR;296;10.04.1969;295;1
SAHBETTIN;296;12.12.1970;296;0
MEHIBE;296;10.04.1965;0;296
DELALI;296;18.09.1957;18;278
HINAR;296;18.03.1966;0;296
INCE;295;26.01.1962;56;239
GULLUNAZ;295;7.09.1960;0;295
NILDA;295;4.03.1981;0;295
CANDEMIR;295;7.07.1973;295;0
UYGUN;295;17.09.1971;247;48
NIGER;295;9.02.1966;0;295
ZEHRE;294;26.02.1955;0;294
NADYA;294;13.07.1962;0;294
SAFINUR;294;23.01.1967;0;294
AHAT;294;26.10.1969;271;23
NARGUZEL;294;26.10.1961;0;294
ZIYETTIN;294;20.11.1960;294;0
NUVIT;293;21.05.1963;176;117
MEVLANE;293;11.11.1974;165;128
KUTLUHAN;293;19.12.1980;289;4
IRFANI;293;11.09.1960;285;8
SIRINI;293;29.06.1958;0;293
AYET;293;21.03.1964;242;51
ARTIN;293;3.09.1948;293;0
TEKMIL;293;7.03.1962;9;284
MERTER;292;28.10.1980;291;1
UZAY;292;18.10.1976;215;77
VEZIRI;292;22.02.1956;0;292
NUFEL;292;26.05.1968;237;55
FAZIYE;292;4.09.1959;0;292
VELITTIN;292;23.01.1958;292;0
MAVER;291;5.01.1965;0;291
BIRGUN;291;8.01.1970;41;250
NASIHA;291;10.04.1964;1;290
TALIN;291;5.08.1971;0;291
MURIDE;291;12.03.1958;0;291
ATLAS;291;20.04.1963;5;286
HURMA;290;19.12.1961;0;290
MUBAHAT;290;23.07.1953;5;285
TERFA;290;24.03.1972;0;290
ISMETE;290;25.10.1951;0;290
ARGUN;290;18.12.1965;286;4
LEYLIFER;290;10.05.1958;0;290
ABDULREZAK;289;27.02.1971;289;0
SEZCAN;289;3.01.1978;106;183
PEYMAN;289;29.11.1963;10;279
GULISE;289;30.12.1968;0;289
OZDE;289;5.01.1987;9;280
TURCIHAN;289;13.02.1962;3;286
SAHRIBAN;288;26.05.1967;0;288
ZEKARIYA;288;9.01.1967;288;0
ALISEN;288;16.04.1969;283;5
ALMAS;288;7.10.1961;0;288
GULUNAZ;288;26.03.1962;0;288
SONAT;288;10.06.1979;227;61
DURSUNHATUN;288;26.09.1958;0;288
ZEMZEMA;288;8.10.1970;0;288
MARZIYA;287;19.08.1964;0;287
HACO;287;25.11.1950;187;100
ATILGAN;287;25.11.1976;286;1
MINCIYE;287;27.01.1959;0;287
SERFE;287;11.10.1962;0;287
EFIL;287;27.07.1968;7;280
SERAN;286;29.10.1975;46;240
OZBEN;286;6.02.1980;74;212
SUAL;286;9.12.1968;6;280
OVUNC;286;15.01.1984;246;40
AKTAN;286;8.10.1970;255;31
SANLI;286;8.11.1971;260;26
SAHAMETTIN;286;20.05.1951;286;0
ASLIGUL;286;16.06.1977;0;286
CANSET;286;27.12.1972;11;275
SURET;286;11.01.1963;6;280
GANIYE;286;26.03.1959;0;286
SERKANT;286;19.04.1977;286;0
SAZI;285;12.04.1958;236;49
SAHIYE;285;28.06.1963;0;285
CUNEYD;285;3.11.1976;285;0
HUKMIYE;285;28.01.1964;0;285
ZEZI;285;25.01.1952;0;285
AFIRE;285;9.02.1962;0;285
ILBEYI;285;28.04.1956;285;0
BAYCAN;285;9.05.1977;267;18
MUNASIP;285;25.03.1975;50;235
KAYSER;285;5.04.1971;21;264
EYUB;284;21.01.1970;284;0
FEYIM;284;20.10.1966;283;1
YAKUB;284;25.12.1968;284;0
ADNEN;284;12.11.1965;283;1
ALIPASA;284;12.02.1961;284;0
HALENUR;284;1.01.1979;0;284
ELMAZIYE;284;25.03.1963;0;284
HABIBULLAH;284;18.11.1969;284;0
EMIRZADE;284;1.02.1953;6;278
KIFAYE;283;7.11.1954;0;283
ZEYNALABIDIN;283;26.12.1971;283;0
UMUGULSUM;283;30.04.1960;0;283
CAYAN;283;8.01.1981;253;30
ONCEL;283;21.03.1970;190;93
ZIYAFETTIN;283;6.12.1961;283;0
HASHATUN;283;9.01.1955;0;283
SAHAVET;283;7.09.1953;2;281
SONYA;282;11.02.1977;0;282
SAYIMA;282;15.10.1964;0;282
FEYYAT;282;5.09.1969;280;2
ATILE;282;10.06.1963;217;65
OLGAY;281;2.08.1982;271;10
AYMELEK;281;5.10.1958;1;280
MUTULLAH;281;6.12.1963;281;0
NABAHAT;281;29.08.1969;0;281
ORKAN;281;12.06.1981;278;3
SIMSEK;281;8.07.1964;243;38
FERDAN;281;25.09.1969;81;200
RIFKIYE;280;22.03.1953;0;280
ZULALE;280;17.10.1953;0;280
MELAHET;280;28.09.1952;0;280
FINCI;280;29.12.1951;0;280
ECMEL;279;12.03.1969;98;181
SEBIL;279;21.03.1980;25;254
HESIBE;279;15.05.1961;0;279
IDRIZ;279;10.01.1963;279;0
EMISEN;279;9.04.1953;0;279
GOCER;278;1.08.1961;20;258
GULLUSAH;278;13.02.1971;0;278
GALIBE;278;22.05.1965;0;278
SEYRO;278;24.02.1950;0;278
SABAHETTIN;278;13.02.1959;278;0
HASSI;278;13.05.1955;7;271
ESNA;277;5.07.1971;0;277
GULKAN;277;14.07.1975;78;199
BINAY;277;7.05.1966;43;234
RINDIYE;277;15.04.1970;0;277
HALIDUN;277;17.12.1960;277;0
HEMIDE;277;4.08.1958;0;277
GULERMAN;277;13.04.1965;11;266
SARUHAN;277;7.03.1968;265;12
SAMITTIN;277;11.04.1962;277;0
ONCU;277;7.07.1981;220;57
SUBIYE;276;8.02.1959;0;276
BERLIN;276;2.07.1972;4;272
BEYZADE;276;20.04.1957;168;108
MAHFUZA;276;15.04.1974;0;276
LEMYE;276;20.04.1957;0;276
DELIL;276;21.01.1985;272;4
BEYZAT;276;27.05.1961;272;4
UMUSUN;276;3.12.1961;0;276
MAHIZAR;276;12.01.1957;0;276
TAMARA;276;19.07.1964;0;276
SIHLI;276;19.02.1960;276;0
ABID;275;19.05.1965;275;0
SEVIDE;275;27.02.1966;0;275
MUAZZES;275;19.04.1967;0;275
SEMIYA;275;23.01.1969;0;275
VELIME;275;7.01.1970;0;275
FETIHA;274;19.11.1962;0;274
GULTAC;274;28.09.1975;10;264
SAVKI;274;4.04.1957;272;2
SADIME;274;3.09.1961;0;274
ERDIL;274;15.09.1974;256;18
YASANUR;274;17.08.1973;84;190
FIKRINAZ;274;20.01.1956;0;274
RUHINAZ;274;4.04.1956;0;274
PERUZA;274;6.02.1957;0;274
AYSENA;274;29.10.1954;0;274
OVGU;273;10.09.1984;29;244
KAPTAN;273;2.06.1962;273;0
NASIFE;273;6.06.1966;0;273
PIROZ;273;29.01.1962;0;273
MUVAFFAK;273;2.09.1959;266;7
MEFAIL;273;1.08.1959;263;10
MEMILI;273;11.01.1959;272;1
RAZI;273;25.12.1959;226;47
GULEBE;273;24.09.1960;0;273
ELIFHAN;272;13.08.1963;0;272
UMUHAN;272;2.06.1959;0;272
GULDOGAN;272;6.12.1965;48;224
BERKIN;272;22.02.1985;251;21
ASIK;272;30.09.1973;248;24
KIZYETER;272;24.05.1956;0;272
SATIFE;272;5.04.1962;0;272
DURBABA;272;11.08.1955;272;0
KIZHANIM;271;15.09.1949;0;271
SUKRULLAH;271;2.07.1975;270;1
IFET;271;22.09.1964;1;270
NAYME;271;12.04.1967;0;271
ELMA;271;18.08.1967;1;270
CANI;271;12.12.1963;15;256
NURCAY;271;13.04.1974;9;262
SELMANI;271;21.05.1976;262;9
BEHRA;271;26.09.1956;0;271
VACIT;271;12.09.1960;269;2
DERDI;271;17.12.1944;0;271
TESLIM;270;19.02.1965;262;8
GOKNIL;270;18.03.1980;5;265
VAKIF;270;22.05.1967;269;1
FERASET;270;9.05.1959;35;235
SERIHAN;270;6.03.1969;4;266
ABIDDIN;270;9.01.1974;270;0
SIBER;270;20.12.1971;3;267
PENBEGUL;269;15.05.1963;0;269
SIDDI;269;21.02.1961;1;268
ZUBEYR;269;2.06.1972;269;0
FETANET;269;19.05.1956;12;257
HANISE;269;18.10.1961;0;269
KUDBEDDIN;269;28.01.1975;269;0
RABIS;269;3.09.1951;0;269
MEYMENET;269;21.07.1961;0;269
ZEYNULLAH;269;18.05.1958;269;0
EMIRAYSE;269;3.05.1952;0;269
PEHLIVAN;268;19.04.1967;267;1
NARI;268;17.09.1954;5;263
YETGIN;268;5.11.1971;233;35
HAFIDE;268;7.10.1960;0;268
VEHAP;268;4.08.1964;267;1
CEYLANI;268;28.07.1973;260;8
TEFARIK;268;28.12.1952;0;268
ELFIYE;268;22.04.1960;0;268
DASTAN;268;12.07.1958;229;39
MEYLI;268;14.09.1962;6;262
ISMUHAN;267;22.10.1954;1;266
SAHER;267;15.10.1949;1;266
SEHRA;267;18.11.1967;0;267
ESRANUR;267;5.09.1986;0;267
SELAHAT;267;11.10.1974;5;262
NUTIYE;267;23.01.1961;0;267
HASNA;267;30.08.1945;0;267
MENCE;267;3.11.1959;0;267
AYNULHAYAT;267;5.08.1964;0;267
EYVAZ;267;29.03.1964;264;3
ABTULLAH;267;28.03.1963;267;0
MERIYE;267;10.11.1960;0;267
SIMLA;267;20.02.1981;0;267
SADELI;267;9.11.1958;0;267
MISTIK;266;22.09.1954;266;0
NURPER;266;14.09.1969;0;266
LAYIKA;266;8.11.1961;0;266
SUAYYIP;266;11.04.1961;266;0
SALIF;266;7.01.1966;265;1
KESKIN;266;3.07.1966;240;26
BENGISU;266;19.01.1985;3;263
GULDER;265;19.07.1967;1;264
SEZAR;265;4.10.1972;245;20
NECAETTIN;265;30.07.1954;265;0
FIDAYE;265;13.03.1955;0;265
REFAETTIN;265;15.04.1960;265;0
KERZIK;265;17.02.1956;0;265
GULFIZE;265;23.06.1961;0;265
SERMIYE;264;29.09.1964;0;264
YAZE;264;19.07.1963;0;264
SAMRA;264;30.09.1958;0;264
SARYA;264;11.03.1968;0;264
ECVET;264;14.10.1970;264;0
FIRUZ;263;15.12.1963;200;63
MEYMO;263;30.01.1954;0;263
NECVA;263;22.02.1970;0;263
SARIYA;263;11.10.1967;0;263
TUTYA;263;13.11.1956;0;263
HANIF;262;3.07.1961;155;107
ASILE;262;23.11.1969;0;262
ABDULRAHMAN;262;2.02.1971;262;0
UVEYIS;262;22.02.1958;36;226
SULEYLA;262;12.06.1971;0;262
SAHMURAT;262;13.11.1958;262;0
ALPTUG;262;8.12.1985;262;0
M.SALIH;262;22.02.1954;262;0
KELSUME;262;17.03.1975;0;262
ZEHIYE;262;15.04.1965;0;262
SEHAVET;262;23.01.1949;0;262
BAYSE;262;10.11.1964;0;262
HAMAYIL;262;15.08.1963;0;262
OZUM;261;22.03.1986;33;228
HURIHAN;261;19.11.1962;0;261
SUAD;261;14.05.1964;112;149
NESLIN;261;1.01.1978;2;259
RENAN;261;28.05.1967;102;159
ISMETULLAH;261;3.11.1969;259;2
VEZIHA;260;8.10.1963;0;260
NACAR;260;10.12.1955;13;247
ZIYAFET;260;18.01.1962;66;194
HAMIRE;260;4.09.1957;0;260
MURUFET;260;18.02.1964;0;260
DURSUNA;260;13.07.1954;0;260
HUROL;260;5.05.1973;258;2
KINALI;260;6.03.1959;1;259
RUKUS;260;10.01.1946;0;260
HOSNE;260;13.08.1955;0;260
IFAGAT;259;15.08.1961;0;259
ZAYDE;259;26.08.1963;0;259
SUNULLAH;259;7.10.1970;259;0
GARBI;259;18.09.1980;258;1
LALI;259;7.06.1952;0;259
NASIH;259;23.04.1969;258;1
NAZE;259;19.03.1957;0;259
ICABI;259;19.07.1965;258;1
ELFIDAN;259;9.11.1965;0;259
ZIYAATTIN;259;9.10.1960;259;0
UTKAN;259;18.03.1981;246;13
BEYDA;259;15.08.1978;1;258
EMSEL;259;28.08.1961;2;257
MERI;258;22.06.1962;41;217
TACISER;258;27.08.1961;2;256
VAKAS;258;29.07.1949;258;0
NURSIDE;258;16.04.1970;0;258
SELMIYE;258;9.09.1962;0;258
LEMI;258;23.10.1966;256;2
HANUME;258;28.12.1957;0;258
ZEHER;258;15.11.1959;2;256
PORSOR;258;3.03.1958;0;258
BAHAEDDIN;257;28.10.1958;257;0
YALIN;257;30.08.1981;244;13
NESLIGUL;257;20.05.1977;0;257
ELAATTIN;257;14.09.1959;257;0
GULCEN;257;19.06.1968;2;255
ITIBAR;257;2.06.1960;3;254
KANIMET;257;12.02.1961;4;253
TAMAY;257;18.06.1968;81;176
EYSE;257;2.02.1959;1;256
MUSEREF;256;25.01.1969;3;253
MIHTAT;256;20.03.1967;256;0
MERAY;256;28.06.1975;13;243
PAPATYA;256;19.09.1975;0;256
FERUZ;256;7.12.1959;159;97
SAHILE;256;4.12.1967;1;255
MEKI;256;24.01.1978;253;3
IDAN;256;2.04.1963;238;18
ATINC;256;23.11.1976;255;1
AYPERI;256;12.11.1970;0;256
CURIYE;256;4.12.1969;0;256
GULUN;255;10.03.1971;15;240
GULBIYAZ;255;11.02.1960;0;255
MUCIP;255;8.02.1967;254;1
HAYDER;255;17.03.1959;255;0
MOHTEBER;255;7.01.1964;0;255
TOPCU;255;12.04.1964;255;0
RAIM;255;9.11.1961;254;1
YETARE;255;7.01.1959;0;255
SERVAN;254;29.05.1983;215;39
ENDEM;254;15.01.1966;18;236
MUDUR;254;10.10.1963;254;0
BEHICAN;254;18.06.1971;2;252
AFIF;254;24.04.1970;233;21
BINYAMIN;254;25.01.1970;254;0
YUNUZ;254;15.09.1966;254;0
SEYDAHMET;254;3.05.1965;254;0
SAHSIYE;254;20.01.1958;0;254
GULENDEN;253;10.05.1964;0;253
ZEYNE;253;29.07.1961;4;249
HAYRANI;253;24.12.1967;250;3
ASRIYE;253;26.11.1962;0;253
MERDIN;253;8.04.1968;140;113
TAVUS;253;14.06.1958;2;251
RETIBE;253;22.08.1959;0;253
GULYA;252;29.02.1972;0;252
POYRAZ;252;24.07.1980;240;12
BUGRAHAN;252;7.06.1987;250;2
MUHRIBAN;252;1.07.1973;0;252
SAMIA;252;8.02.1964;0;252
SEVDAG;252;27.10.1977;0;252
HEVAL;252;22.11.1982;76;176
SAHABEDDIN;252;26.02.1966;252;0
NEZAT;252;11.11.1960;19;233
SELVARE;252;7.02.1956;0;252
MECIDIYE;252;13.12.1956;0;252
DILEM;251;10.08.1987;1;250
REYYAN;251;4.09.1983;12;239
ZIBA;251;22.05.1958;0;251
RUZGAR;251;26.04.1977;97;154
KARIN;251;12.11.1974;1;250
MAHMUDIYE;251;14.09.1959;1;250
NEVSE;251;17.12.1963;0;251
RUSDU;251;5.03.1955;251;0
URKE;251;16.04.1950;0;251
SINA;250;30.07.1976;175;75
BENNUR;250;13.10.1975;11;239
HAZARI;250;13.05.1954;1;249
ALEDDIN;250;12.11.1961;250;0
SEMIRAN;250;15.05.1966;0;250
VETFA;250;27.10.1967;0;250
HAVER;250;18.07.1961;16;234
CANKAT;250;21.02.1981;241;9
BELIZ;250;2.01.1983;0;250
AGAVNI;250;7.11.1946;0;250
EZIME;249;19.04.1959;0;249
DAVUD;249;10.05.1971;249;0
MURSELIN;249;22.08.1975;112;137
EYMEN;249;27.11.1982;155;94
M.ZEKI;249;4.04.1954;249;0
FURAT;249;4.08.1979;247;2
IFTADE;249;24.04.1958;9;240
MURFET;249;20.10.1963;11;238
TUCE;249;29.05.1988;0;249
RECEPALI;249;30.04.1965;249;0
ERKAM;248;23.03.1987;248;0
YUZGUL;248;17.06.1980;1;247
MIZBAH;248;12.07.1974;248;0
SEMSITTIN;248;22.12.1954;248;0
HANNA;248;30.07.1951;221;27
RASEL;248;14.08.1947;0;248
ABDUSSAMED;248;12.09.1985;248;0
ATABEY;248;21.06.1968;248;0
TEYYIBE;247;14.12.1959;0;247
ASSIYA;247;13.11.1964;0;247
FERAHDIBA;247;30.12.1972;0;247
MISBAH;247;30.09.1962;237;10
NECLE;247;7.12.1964;0;247
YUCE;247;29.08.1971;202;45
SEYAT;247;16.08.1972;232;15
TASIA;247;17.03.1966;0;247
NAZIKTER;247;25.01.1954;0;247
SALIHAN;247;25.05.1968;1;246
ZUBUDE;247;17.01.1962;0;247
KIBRA;246;23.04.1965;0;246
GURAL;246;6.07.1967;224;22
TURUNC;246;26.07.1962;6;240
ULKAY;246;28.11.1973;52;194
ECEHAN;246;3.08.1983;16;230
ABDULILAH;246;23.09.1973;246;0
GIYASEDDIN;246;14.01.1971;246;0
DUMAN;246;15.11.1959;119;127
CEHVER;246;8.07.1968;236;10
OGULCAN;246;19.07.1988;244;2
ULKUYE;245;23.10.1970;0;245
GULSELI;245;20.09.1964;0;245
MEMETALI;245;20.01.1958;245;0
HAVANUR;245;2.08.1981;0;245
EKIM;245;5.06.1981;153;92
GEYLANI;245;22.07.1977;243;2
NAHILE;245;20.06.1965;0;245
SEVILEN;245;13.02.1975;6;239
SAPHA;245;27.02.1960;0;245
HECER;245;13.08.1970;93;152
SERKIS;245;24.06.1949;244;1
NEVFEL;245;9.03.1964;243;2
HOSNAZ;245;28.02.1957;0;245
MENES;245;25.02.1959;2;243
GULNIGAR;244;11.10.1967;0;244
FERAMUS;244;30.07.1964;242;2
ESMIHAN;244;29.08.1969;0;244
BAYSAL;244;30.03.1969;229;15
FERIZAT;244;30.03.1959;2;242
HAMSIYE;244;3.11.1963;0;244
AYCE;244;2.07.1973;1;243
HAMISE;244;10.07.1963;0;244
DURI;244;4.04.1955;2;242
VECHIYE;244;28.05.1953;0;244
ZUHDU;244;4.12.1955;244;0
NAKIHAN;244;3.09.1967;1;243
MUMTAZE;244;26.10.1953;0;244
CAGIN;244;22.12.1985;206;38
ARET;244;13.12.1973;243;1
EMLIK;244;28.03.1957;0;244
MEVSIM;243;27.05.1980;21;222
ERDIHAN;243;3.02.1974;15;228
YIGITCAN;243;20.09.1989;243;0
DILSAN;243;25.02.1966;0;243
MEHBUP;243;15.07.1960;4;239
NURIBAN;243;15.01.1966;0;243
MINES;243;4.07.1954;2;241
TAMASA;243;19.05.1947;1;242
SALAHETTIN;243;22.08.1951;243;0
FAIZ;242;18.12.1960;241;1
SITDIKA;242;18.07.1958;0;242
SAYIP;242;19.03.1962;242;0
SALTUK;242;7.10.1982;240;2
CANTEKIN;242;25.03.1982;241;1
NAIMA;241;4.08.1962;1;240
KORCAN;241;27.08.1982;231;10
ABDULSAMED;241;17.01.1986;241;0
SIT;241;15.09.1965;240;1
AYSEMIN;241;15.07.1978;0;241
UMMAN;241;18.05.1967;65;176
MIZRAP;241;28.05.1963;240;1
RUSKAT;241;28.02.1968;6;235
REHAN;241;28.10.1961;15;226
ROJBIN;241;26.02.1986;10;231
DELILA;241;3.07.1970;0;241
BIRCE;241;28.10.1985;3;238
PAMBUK;241;30.05.1958;0;241
ENGUL;240;17.02.1970;9;231
KALIP;240;30.07.1960;240;0
TANGUL;240;23.05.1967;2;238
YASAM;240;26.09.1984;87;153
BILDANE;240;28.07.1978;0;240
RENGUL;240;20.11.1968;0;240
TAJDIN;240;2.08.1970;240;0
RINDE;240;12.03.1964;0;240
MUNTAZ;240;13.05.1967;238;2
MAAZ;240;13.01.1973;240;0
VECHETTIN;240;20.01.1972;240;0
ALKIN;240;6.11.1978;233;7
NENE;240;6.11.1950;0;240
HURDES;240;14.12.1962;0;240
GUZUDE;239;15.12.1963;0;239
MIKTAD;239;22.07.1962;239;0
SUREYYE;239;7.10.1968;12;227
AZIZA;239;17.09.1965;0;239
NEZIHET;239;4.06.1963;0;239
AYLAN;239;20.05.1968;16;223
HINDIYE;239;28.05.1956;0;239
MARINA;239;20.01.1973;0;239
HIYAL;239;30.07.1963;3;236
GUNIZ;239;27.03.1971;4;235
SAZER;239;21.07.1958;0;239
UMMUSU;239;5.06.1963;0;239
AYNA;238;5.02.1953;0;238
NURVET;238;19.05.1968;18;220
DILARE;238;15.07.1971;1;237
FEVZETTIN;238;20.12.1979;238;0
GULISAH;238;23.12.1975;1;237
GULHADIYE;238;15.12.1958;0;238
SEBAHI;238;16.09.1959;114;124
RUSIT;238;16.03.1956;237;1
FEDVA;238;11.06.1968;0;238
SONGUN;237;28.10.1971;3;234
EYIP;237;10.01.1967;237;0
ISMIGUZEL;237;28.09.1960;7;230
FEHIMA;237;1.06.1966;0;237
HAMZE;237;4.12.1963;234;3
ATMAN;237;7.12.1962;172;65
KERZI;237;24.03.1958;0;237
ESRAF;237;16.03.1962;233;4
VAYSAL;237;13.08.1964;237;0
SIRINSAH;236;8.06.1963;0;236
PEYAMI;236;7.08.1967;232;4
LUKMAN;236;22.01.1973;236;0
EMIRCAN;236;27.01.1985;225;11
UYGUR;236;17.07.1972;231;5
FEZAIL;236;2.01.1962;235;1
BICAN;236;6.01.1961;191;45
SATIGUL;235;9.09.1976;0;235
TOLUNAY;235;17.03.1971;112;123
GUZEYDE;235;15.09.1959;0;235
SAHZENE;235;20.06.1955;0;235
YADIGER;234;9.09.1968;51;183
SUNER;234;6.04.1967;100;134
HEKIME;234;19.11.1971;0;234
DANIS;234;26.04.1972;227;7
PORTAKAL;234;24.03.1962;0;234
BENER;234;24.01.1973;222;12
TASVIR;234;17.01.1954;0;234
OHANNES;234;17.06.1952;234;0
GULENDE;233;9.04.1965;0;233
LEVEND;233;29.12.1968;232;1
NURDAL;233;29.07.1972;55;178
MUHAMED;233;14.08.1979;233;0
DURMAZ;233;22.10.1978;229;4
FATTUMA;233;2.05.1952;0;233
AZAM;233;28.04.1966;226;7
ELYAS;233;8.01.1958;231;2
FEDAIL;233;18.02.1962;233;0
FIYET;233;5.02.1963;1;232
ZUMRE;232;25.11.1970;12;220
HEDO;232;12.01.1950;3;229
YUMMA;232;14.12.1955;0;232
HAMAMI;232;7.05.1956;0;232
MESHUDE;232;21.11.1961;0;232
NOFE;232;3.08.1956;0;232
HILVA;232;15.04.1961;0;232
KAHLE;232;26.05.1954;0;232
MUBERRAH;232;9.01.1957;0;232
NURIFE;232;5.01.1958;0;232
PEYAM;232;29.10.1974;1;231
CEVRI;231;10.05.1959;163;68
NAIFE;231;30.11.1964;0;231
SEVKAN;231;30.11.1978;132;99
REHSAN;231;22.12.1980;2;229
MESHURE;231;4.09.1959;0;231
HUDE;231;4.09.1979;1;230
TANYA;231;12.12.1975;0;231
ECIR;231;21.07.1965;227;4
ISFENDIYAR;231;6.08.1960;230;1
SAHBENDER;231;8.01.1952;230;1
GULSEREF;231;1.09.1958;0;231
MUHIDE;230;3.04.1961;0;230
BINAZ;230;8.09.1966;0;230
M.SAIT;230;22.08.1952;230;0
KEKO;230;2.05.1944;230;0
ANZELIHA;230;24.03.1967;0;230
RUHUGUL;230;16.10.1961;0;230
AYLE;230;26.11.1969;0;230
TEZGUL;230;11.11.1973;1;229
BERAY;230;4.03.1979;21;209
NAFISE;230;6.12.1968;0;230
BERIKA;230;26.08.1966;0;230
BURCE;230;4.11.1984;5;225
KURT;230;13.04.1952;205;25
GUNTAY;230;22.07.1978;223;7
MERGUBE;230;17.08.1956;0;230
SERIKE;230;22.01.1950;0;230
BABUR;230;24.12.1969;229;1
AYNZELIHA;230;6.08.1972;0;230
KESIM;229;28.03.1963;196;33
HAYEL;229;2.12.1977;2;227
ALEM;229;26.08.1967;94;135
TAIBE;229;30.10.1963;0;229
FARHA;229;10.12.1952;2;227
CEYLA;229;15.04.1976;0;229
FAHIME;229;23.11.1967;0;229
SAHZIYE;229;1.07.1953;0;229
IMAN;229;3.10.1969;48;181
HAVVAGUL;229;23.11.1974;0;229
ENIZ;229;29.01.1979;207;22
CANFER;229;29.01.1965;208;21
GULFUZ;229;8.03.1955;0;229
SEBLA;229;25.04.1981;0;229
HANPERI;229;4.09.1956;0;229
DANIYE;228;23.10.1955;3;225
FERIZ;228;20.10.1962;170;58
IZET;228;6.10.1964;206;22
SOYKAN;228;26.05.1984;224;4
SAKI;228;29.08.1966;212;16
NASREDDIN;228;21.04.1967;228;0
HAMSE;228;15.12.1958;0;228
LAMIH;228;3.08.1974;227;1
TURKUT;228;28.10.1963;228;0
HUZEYME;228;15.04.1966;2;226
SUAY;228;8.09.1968;44;184
ZULAY;227;28.12.1973;0;227
FAKIDE;227;14.10.1965;0;227
ANA;227;9.02.1961;0;227
GULSABAH;227;1.04.1967;0;227
TEBERIK;227;28.02.1962;3;224
CACAN;227;2.06.1958;174;53
BILNUR;227;16.03.1975;2;225
CAIDE;227;15.04.1963;0;227
NIDAYI;227;13.12.1967;224;3
SEH;226;25.03.1958;221;5
ONAT;226;28.12.1982;226;0
BESRIYE;226;11.12.1969;0;226
KEMALE;226;5.11.1956;0;226
URFI;226;21.12.1962;222;4
ELIZ;226;4.11.1976;0;226
ILGI;226;22.08.1976;21;205
MIRHAN;226;17.01.1971;202;24
ATIYA;226;4.12.1962;2;224
NUHI;226;13.03.1962;225;1
NIDAI;226;7.09.1962;224;2
REBIS;226;27.08.1954;0;226
SISE;226;20.07.1949;1;225
BARLAS;226;11.07.1977;225;1
NAZEY;225;28.09.1956;0;225
SELME;225;3.01.1964;1;224
ARZUHAN;225;2.06.1977;4;221
KOPUK;225;13.05.1956;1;224
JIYAN;225;7.02.1989;50;175
ZEYNIYE;225;25.08.1959;0;225
IHTIBAR;225;30.10.1963;0;225
EHLINAZ;225;25.06.1956;0;225
MELEHE;225;29.10.1959;0;225
ORAY;224;21.01.1978;215;9
HEMENGUL;224;29.03.1968;0;224
NAMUK;224;13.02.1962;224;0
GURSU;224;21.12.1975;142;82
KEMALEDDIN;224;18.07.1959;224;0
ZIYADIN;224;30.03.1968;224;0
MINADIYE;224;11.05.1964;0;224
IMGE;224;3.07.1986;4;220
SEVIMGUL;224;18.04.1966;0;224
NURVER;224;26.01.1966;13;211
HUSRAN;224;20.01.1971;13;211
SANIHA;224;16.03.1963;0;224
SURUYE;224;20.04.1959;11;213
ADIYE;224;15.11.1958;0;224
AHIZER;224;12.01.1965;0;224
SULLU;224;19.03.1954;220;4
NILCAN;224;27.11.1981;0;224
GULLALE;224;26.11.1964;0;224
NAMAZ;224;15.01.1954;219;5
NURSELIN;223;19.01.1977;6;217
BELDA;223;21.02.1979;7;216
LALEHAN;223;3.06.1972;0;223
SUDI;223;18.05.1964;212;11
SEFANIYE;223;27.06.1959;0;223
RUKYETE;223;4.07.1976;0;223
ZATINUR;223;25.02.1962;3;220
HAVUS;223;1.09.1951;0;223
SEKHA;223;14.08.1967;0;223
RESAN;222;4.05.1975;5;217
GUFER;222;12.06.1964;2;220
ABUZAR;222;21.09.1960;221;1
HAVLA;222;11.05.1962;0;222
ALBERT;222;13.03.1957;222;0
FADIS;222;19.01.1960;0;222
GULDANIYE;222;30.2.1961;0;222
FERDANIYE;222;30.06.1957;0;222
PERDANE;222;6.05.1959;0;222
OGUZCAN;222;25.04.1987;222;0
BERGEN;221;9.02.1989;3;218
MARIYA;221;15.06.1967;0;221
SABUHA;221;29.03.1982;0;221
NURU;221;11.01.1955;197;24
GOKCER;221;8.11.1982;208;13
NURFER;220;5.04.1968;4;216
HANSA;220;26.03.1966;0;220
VEHIP;220;1.01.1969;220;0
KAZIBE;220;19.11.1957;0;220
RAHIMA;220;27.10.1959;0;220
MEHMETSAH;220;25.01.1973;220;0
TUGBERK;220;16.06.1987;215;5
NEZIF;220;11.09.1971;216;4
GERCEK;220;2.08.1979;149;71
MUSELMA;220;19.02.1974;0;220
SIMAL;219;20.04.1982;32;187
YASEF;219;23.10.1953;219;0
MIYASA;219;17.01.1962;0;219
MELICE;219;4.08.1966;0;219
LALES;219;19.06.1982;0;219
SERBEST;219;25.07.1978;185;34
MAHKUM;219;11.10.1980;218;1
MULKUNAZ;219;8.10.1965;0;219
FERSAT;219;29.08.1962;216;3
SULUN;219;24.11.1962;8;211
OMURCAN;219;30.09.1977;154;65
SERIFNAZ;219;16.02.1954;0;219
SEFADE;219;3.06.1957;0;219
KUTUK;219;4.07.1960;173;46
NURSEVIM;218;9.02.1972;0;218
GORGUN;218;5.11.1969;185;33
RABIE;218;8.10.1958;0;218
GOKTAN;218;10.01.1978;211;7
GULTANE;218;3.11.1962;0;218
TANDOGAN;218;12.07.1969;218;0
MIMAR;218;29.04.1978;217;1
DIKRAN;218;29.03.1961;216;2
DAHIL;218;11.11.1955;218;0
NALIN;218;7.09.1987;0;218
RUFI;218;5.04.1959;216;2
ILKEM;218;25.05.1985;44;174
GOVERCIN;218;28.06.1965;0;218
TAVUZ;218;14.11.1959;1;217
BAHATDIN;217;21.02.1963;217;0
SAHADET;217;2.12.1963;29;188
SABILE;217;14.04.1961;0;217
MIHRAP;217;7.01.1984;24;193
SUNAR;217;28.06.1969;75;142
ATLAN;217;13.09.1968;215;2
FEDA;217;17.05.1970;85;132
SONEL;217;6.09.1974;128;89
MERSIN;217;13.01.1963;162;55
ILMIHAN;217;7.01.1968;20;197
BOZI;217;15.02.1955;14;203
HUZNA;217;27.06.1964;0;217
REDDE;217;16.08.1962;0;217
ABDULLETIF;217;6.03.1965;217;0
MEKKI;217;12.06.1970;211;6
MIRYEM;217;30.09.1957;0;217
DAGHAN;217;22.12.1982;217;0
KERAMI;217;30.04.1969;217;0
NUGMAN;217;4.09.1969;217;0
BEDEL;217;10.02.1966;207;10
KISMIS;217;13.06.1964;0;217
BULDUK;217;17.06.1955;212;5
SEVAY;216;28.05.1974;4;212
INCIGUL;216;6.11.1973;0;216
INTIZAR;216;2.06.1964;1;215
TAHIDE;216;23.10.1964;0;216
GURLER;216;13.01.1971;194;22
SELATIN;216;29.07.1953;156;60
GURUR;216;22.02.1987;173;43
SULFIYE;216;1.07.1957;0;216
HACERA;216;21.06.1971;0;216
ALEMDAR;216;8.12.1967;215;1
SUKRET;216;25.09.1964;116;100
SEVIKE;216;14.07.1963;0;216
SELMINAZ;216;28.01.1960;0;216
NERGUZEL;216;1.11.1958;0;216
RITA;216;22.08.1961;0;216
OZDOGAN;216;20.01.1968;215;1
MEMNUNIYE;216;23.01.1961;0;216
SAIZER;216;20.01.1966;0;216
ZEHURE;216;2.10.1956;0;216
HAMIYYET;216;29.09.1957;0;216
KIZBES;216;26.09.1952;0;216
CAMIYE;216;25.04.1978;0;216
HISMAN;216;19.12.1964;215;1
GEYIK;215;16.08.1955;0;215
ULKE;215;25.04.1961;15;200
EBIDE;215;21.05.1963;0;215
FILIK;215;17.02.1954;9;206
ABDURREHMAN;215;6.08.1954;215;0
SABAHNUR;215;22.08.1974;1;214
MUTIYE;215;3.08.1960;0;215
BATU;215;3.12.1981;211;4
ESMANI;215;27.11.1958;210;5
CAGAN;215;5.02.1984;200;15
UMAY;215;24.10.1978;5;210
KAZIBAN;215;14.02.1963;0;215
GULMEHMET;215;18.05.1965;215;0
MUCAIT;214;27.08.1969;213;1
SEYDULLAH;214;9.07.1968;214;0
ULKUHAN;214;18.03.1982;5;209
ERDIM;214;26.04.1976;203;11
SELVE;214;9.02.1969;2;212
EFECAN;214;3.07.1989;214;0
SULTANIYE;214;8.04.1960;0;214
ZUMRUYE;214;24.02.1961;0;214
SABEN;214;1.08.1967;209;5
SEBEHE;214;19.08.1954;0;214
AVRAM;214;14.08.1944;214;0
NESRIYE;213;27.01.1969;0;213
MUCTEBA;213;16.07.1965;200;13
ZENNURIYE;213;7.06.1962;0;213
SABIH;213;17.10.1966;209;4
ZAMAN;213;5.09.1970;157;56
IZLEM;213;20.01.1984;5;208
NURSABAH;213;3.01.1967;0;213
NATIK;213;21.02.1962;212;1
SELDAG;213;6.06.1974;0;213
BERC;213;8.07.1954;212;1
KATIFE;213;7.09.1952;0;213
ARIFIYE;213;28.01.1965;0;213
URKUYA;213;27.02.1962;0;213
SAMAMA;213;1.06.1951;0;213
SUHENDAN;212;9.01.1962;1;211
ILKIM;212;10.01.1982;21;191
UMRAL;212;4.04.1965;51;161
MINTA;212;9.08.1961;0;212
ZUMRAY;212;20.08.1975;0;212
ESYE;212;2.06.1969;0;212
HATUNI;212;23.08.1955;0;212
INCIFER;212;4.08.1968;0;212
GURSAN;212;27.01.1971;149;63
GULYUZ;212;29.06.1964;2;210
ZEKIR;212;25.06.1955;198;14
YASIYE;212;25.03.1967;0;212
ABDULMETIN;211;26.01.1973;211;0
ABDULSELIM;211;10.03.1973;211;0
ZULUHA;211;19.12.1963;0;211
BOZKURT;211;1.03.1961;211;0
DURSALIYE;211;7.03.1965;0;211
YAZEY;211;1.07.1958;0;211
NUFER;210;6.10.1965;176;34
REYHANI;210;16.01.1974;145;65
CANEL;210;9.01.1976;125;85
GOLI;210;2.08.1950;16;194
MEYREME;210;30.04.1975;0;210
SADDAM;210;23.08.1990;210;0
ZEYHAN;210;11.04.1967;22;188
MENEFSE;210;11.10.1949;0;210
EBAZER;210;9.03.1958;206;4
YADIKER;210;9.07.1971;7;203
EHLIMAN;210;17.02.1958;131;79
SEVENGUL;210;21.09.1974;0;210
MUKAFAT;210;11.10.1958;8;202
YONUZ;210;18.05.1960;210;0
AYNIYE;209;11.12.1957;0;209
BENLI;209;19.09.1961;55;154
GUN;209;8.11.1970;118;91
SEMIRAY;209;21.07.1973;2;207
MASITE;209;9.12.1984;0;209
CANGIR;209;8.03.1965;209;0
NEVROZ;209;27.11.1982;66;143
MIRARI;209;23.11.1954;0;209
BEHIDE;209;21.01.1959;0;209
NURHANIM;209;24.12.1966;0;209
BALAHANIM;209;19.04.1946;0;209
M.SIDDIK;209;28.11.1949;209;0
BESBINE;209;8.06.1960;0;209
AYNEY;209;16.11.1952;0;209
VETHAN;208;16.01.1964;0;208
CANDEGER;208;14.06.1967;26;182
KARAMAN;208;8.06.1958;198;10
SEBA;208;14.07.1969;11;197
MAHSUK;208;23.01.1978;207;1
AHMEDI;208;27.12.1963;208;0
MEYMENE;208;25.01.1959;0;208
NAYIDE;208;5.03.1964;0;208
FERMANI;208;13.03.1963;206;2
HEVVA;208;14.01.1956;0;208
FERIS;208;26.02.1956;16;192
IMADETTIN;208;11.07.1963;208;0
BEGIHAN;208;6.05.1965;1;207
AYBER;207;5.03.1972;51;156
RUKSAN;207;13.06.1958;1;206
FIRAR;207;25.01.1965;207;0
SAHGUL;207;9.03.1957;0;207
IBADET;207;20.07.1963;13;194
KARAHAN;207;18.12.1971;205;2
UMMULU;207;12.02.1960;0;207
FERMUDIYE;207;23.07.1960;0;207
DURGADIN;207;25.12.1959;0;207
FERFURI;206;5.10.1951;0;206
SOLEN;206;23.07.1978;19;187
REFAH;206;18.11.1968;92;114
GULBARI;206;8.12.1963;2;204
GULFERAH;206;6.11.1961;0;206
MIRAL;206;25.07.1964;28;178
NASRULLAH;206;3.07.1970;206;0
ONURCAN;206;15.02.1989;205;1
AZADE;206;14.09.1967;1;205
SEMEN;206;28.12.1963;10;196
BENZIGUL;206;21.01.1970;0;206
ELAETTIN;205;2.05.1951;205;0
SEMRAH;205;17.02.1969;2;203
MAHBUB;205;18.01.1961;17;188
ERSON;205;19.01.1972;203;2
ESMANUR;205;11.03.1986;0;205
CUDI;205;15.06.1974;197;8
VEHPI;205;9.02.1966;204;1
KAVAS;205;29.2.1963;204;1
NABIYE;205;26.02.1955;0;205
SADEM;205;15.03.1965;164;41
PIRI;205;19.06.1954;178;27
DEMIRCAN;205;14.04.1969;201;4
RIHANI;205;13.05.1953;2;203
AYNILHAYAT;205;21.10.1963;0;205
HAZARE;205;3.02.1956;0;205
MAKPULE;205;4.08.1959;0;205
MISKET;205;8.08.1965;7;198
AYAN;205;27.06.1964;157;48
HEMSILE;205;17.11.1964;0;205
TASVIRE;205;22.11.1950;0;205
SEYDIHAN;205;29.05.1970;198;7
MATRA;205;5.08.1959;0;205
BANIYE;204;6.12.1954;0;204
ELIS;204;22.11.1980;2;202
GULBEYAN;204;26.02.1967;0;204
SUSEM;204;8.04.1965;2;202
DAVIT;204;17.05.1954;204;0
YILDIRAN;204;14.05.1968;202;2
GOKBERK;204;28.04.1988;204;0
BILSER;204;5.03.1963;3;201
MUKATTER;204;28.03.1961;34;170
EMSILE;204;9.01.1956;0;204
SAHENDE;204;9.02.1954;0;204
ESALETTIN;204;20.07.1966;203;1
HAFEY;203;26.01.1954;0;203
BENSU;203;14.07.1983;0;203
HUR;203;9.01.1971;187;16
HURMIYE;203;8.06.1962;0;203
ALAATDIN;203;2.04.1966;203;0
SUMEYE;203;25.12.1986;0;203
MENFIAT;203;8.08.1975;0;203
EMZADE;203;17.06.1956;0;203
NURTOP;203;24.09.1966;4;199
SEYYAR;203;27.11.1959;139;64
ALAHITTIN;203;3.12.1962;203;0
ZEYYAT;202;2.06.1967;202;0
ZEYNEBE;202;26.10.1973;0;202
TURKES;202;27.02.1970;199;3
KEZIBE;202;27.04.1963;0;202
TEYBET;202;18.09.1974;0;202
ABDULKAHAR;202;12.09.1974;202;0
MALIYE;202;23.02.1965;0;202
ABAS;202;24.07.1962;202;0
AMIRE;202;9.12.1970;0;202
AYIS;202;5.02.1958;1;201
VIKTORYA;202;13.07.1948;0;202
EVGIN;202;6.02.1982;182;20
SEFRE;202;7.03.1958;0;202
SAHBAZ;202;21.05.1958;178;24
MUKADDEM;202;25.09.1961;100;102
HUDAYE;202;29.10.1955;10;192
EMIC;202;11.11.1953;0;202
EDALI;202;26.01.1957;0;202
TUMEY;202;2.10.1957;0;202
EZO;201;30.06.1976;4;197
FEYTULLAH;201;11.01.1977;201;0
FERDAL;201;19.07.1975;118;83
RASAN;201;2.10.1977;2;199
ABDIN;201;8.01.1974;201;0
RUKNETTIN;201;8.11.1960;201;0
HASNIYE;201;5.06.1957;0;201
ZEKERRIYA;201;30.2.1964;201;0
MEMURE;201;1.01.1960;0;201
BAYRAKTAR;201;15.05.1961;201;0
TESRIFE;201;26.01.1950;0;201
MAVIGUL;201;11.09.1965;0;201
SAHSET;201;17.01.1967;186;15
HAMMA;201;16.10.1957;0;201
ADLIYE;200;24.03.1958;0;200
BESIYE;200;20.10.1967;0;200
M.SERIF;200;26.08.1952;200;0
MEKAN;200;16.10.1978;154;46
GEMRA;200;8.02.1967;0;200
MELEKSAN;200;15.08.1962;0;200
HATI;200;19.12.1947;0;200
NECLAN;200;6.07.1973;1;199
NAZIRA;200;19.01.1957;0;200
GEJI;200;16.06.1957;0;200
BASIRE;200;11.12.1956;0;200
ERDOGDU;200;26.03.1964;198;2
ZEYKIR;200;21.04.1961;16;184
MEZBURE;200;29.06.1951;0;200
EFRUZ;200;8.10.1956;15;185
KIRMAN;200;24.04.1957;194;6
MUHITDIN;199;15.03.1960;199;0
KOCA;199;26.11.1958;199;0
HURCAN;199;27.07.1975;102;97
MAYIDE;199;15.01.1964;0;199
HUSAM;199;27.05.1962;199;0
RAFIK;199;2.11.1959;198;1
TAYYIBET;199;4.06.1970;0;199
HACIRA;199;23.11.1967;0;199
PIROZE;199;12.01.1962;0;199
ZAMIR;199;28.12.1961;199;0
ZALHA;199;7.11.1950;0;199
UGURHAN;199;20.03.1978;196;3
MUARREM;199;6.10.1971;198;1
NERKIZ;199;28.08.1957;0;199
ZUMRAN;199;1.02.1972;0;199
KUREYS;198;27.11.1967;197;1
GUNDAY;198;3.07.1977;174;24
HANIMKIZ;198;7.08.1954;0;198
SEMUN;198;9.12.1957;198;0
ABDULKUDUS;198;15.11.1969;198;0
EFGAN;198;20.12.1971;195;3
GOKSENIN;198;30.03.1977;130;68
MULKU;198;17.12.1960;152;46
KADIRCAN;198;2.10.1977;198;0
HILDA;198;29.03.1969;0;198
MAMURIYE;198;3.12.1952;0;198
SEVDI;198;30.01.1969;79;119
EMUR;198;11.08.1961;175;23
BENEK;198;23.06.1974;0;198
ASMIN;198;14.04.1969;1;197
HAFIT;198;29.08.1967;198;0
SEYHAMIT;197;27.12.1966;197;0
BENHUR;197;10.10.1974;168;29
TURAP;197;17.01.1966;195;2
DOYDUK;197;20.05.1957;1;196
ERKUL;197;1.11.1972;191;6
ASKI;197;4.01.1963;182;15
IKBALE;197;3.11.1958;0;197
ESALET;197;2.08.1965;74;123
MENZILE;197;11.04.1968;0;197
FAYIZE;197;14.03.1964;0;197
GUSUN;197;7.08.1962;0;197
SALHA;197;2.07.1954;0;197
AKMAN;197;28.12.1963;177;20
MURATCAN;197;1.01.1987;197;0
NAHIYE;197;4.09.1957;1;196
URGIYE;197;2.12.1963;0;197
MERIYEM;197;22.02.1966;0;197
MAZLUMA;197;20.01.1958;0;197
HANZEY;196;13.01.1955;0;196
ZUBER;196;23.04.1959;188;8
BAVER;196;1.08.1987;180;16
MURIVET;196;21.09.1963;1;195
TEYFUR;196;28.10.1960;196;0
MANSURE;196;13.10.1967;0;196
GULUSAH;196;7.10.1965;0;196
NEVIYE;196;7.03.1962;0;196
BEDIHE;196;29.05.1958;0;196
GANIM;196;30.09.1964;185;11
HIZRET;196;25.07.1970;16;180
GULAMI;196;28.07.1974;196;0
SEHRIMAN;196;2.12.1962;3;193
LALEZAR;196;11.07.1959;0;196
YASARGUL;196;8.12.1966;0;196
FEYME;196;23.01.1963;0;196
HADIKA;196;20.07.1963;0;196
EHSAN;195;12.09.1959;161;34
SEZAY;195;24.02.1980;156;39
INCINUR;195;25.05.1976;0;195
BAHIR;195;18.08.1963;193;2
AYSANI;195;27.11.1953;0;195
SEMRE;195;18.11.1961;7;188
IMAT;195;21.02.1965;133;62
JAK;195;24.08.1953;195;0
HEZNI;195;4.08.1965;1;194
MUSTEBA;195;13.02.1964;180;15
ARTUN;195;20.12.1977;193;2
SADEF;195;4.06.1956;1;194
SUHRET;195;4.09.1953;4;191
MUKATDES;195;28.10.1964;0;195
MINTAZE;195;7.10.1961;0;195
AYBALA;194;26.07.1983;2;192
AJLAN;194;18.02.1970;163;31
BERCEM;194;19.04.1986;4;190
GULENGUL;194;25.11.1969;0;194
SEYYID;194;4.07.1982;194;0
TAKYEDDIN;194;27.01.1971;194;0
HAFSI;194;30.04.1952;0;194
HAZMI;194;29.10.1955;90;104
LADIGAR;194;17.01.1969;14;180
FARETTIN;194;6.02.1962;194;0
EMRECAN;194;19.10.1988;193;1
NERCIVAN;194;24.06.1962;10;184
HANIMCIK;194;16.05.1954;0;194
BERKE;194;15.12.1983;160;34
FADLIYE;194;5.12.1954;0;194
TACIDE;194;17.01.1966;0;194
HATIBE;193;14.07.1969;0;193
MEZIDE;193;22.02.1957;0;193
ALANUR;193;20.03.1965;3;190
ZELIYHA;193;21.12.1963;0;193
CANSEV;193;24.05.1980;12;181
NESIYE;193;16.02.1965;0;193
GULIYE;193;27.09.1961;0;193
MUFTAH;193;15.01.1968;193;0
ANISE;193;16.04.1961;0;193
FATIHA;193;29.07.1972;1;192
ZELIS;193;24.10.1974;0;193
EMREHAN;193;3.04.1985;165;28
YURDASEN;193;5.11.1959;22;171
NAMIGAR;193;11.10.1953;0;193
IMMIGULSUM;192;15.05.1963;0;192
EYSEL;192;20.05.1967;1;191
NASRI;192;8.01.1964;185;7
SEVKAT;192;6.09.1965;16;176
KARABET;192;1.11.1944;192;0
BAHREM;192;18.02.1970;191;1
BENGIN;192;9.08.1979;170;22
AMSI;192;23.09.1953;1;191
SURMI;192;16.09.1955;0;192
NAGAHAN;192;14.10.1975;0;192
TOKAY;192;2.09.1966;188;4
EKMEL;192;8.08.1966;166;26
EMIRSAH;192;18.01.1970;190;2
SEYHMUSLUM;192;22.01.1960;192;0
OKHAN;191;22.03.1978;191;0
CARIYE;191;30.06.1967;0;191
SEVBAN;191;1.04.1982;116;75
NEBAHET;191;17.06.1957;0;191
TAYIBET;191;2.07.1973;0;191
SEBAHET;191;11.11.1952;0;191
PERIZA;191;20.01.1966;0;191
ILBEY;191;10.11.1976;191;0
NEZEHE;191;27.01.1959;0;191
VESFIYE;191;24.07.1964;0;191
ABIL;191;19.03.1965;191;0
MAFIRE;191;1.12.1956;0;191
GULBOY;191;8.09.1964;1;190
NURDA;190;19.12.1975;12;178
MUKATTES;190;5.09.1963;0;190
MESADET;190;24.12.1953;0;190
ROJHAT;190;3.08.1984;137;53
HUNAF;190;30.08.1955;0;190
GULSINEM;190;15.02.1975;0;190
NISFICIHAN;190;15.06.1961;0;190
ERVIN;190;15.03.1980;144;46
NAZENIN;190;22.04.1966;0;190
CEVCET;190;20.09.1964;190;0
SACETTIN;190;4.01.1968;189;1
ELMIRA;190;22.08.1970;0;190
DEREN;190;4.09.1981;19;171
SEMAGUL;190;8.02.1974;0;190
PUNPUL;190;1.12.1951;0;190
ALEN;190;15.05.1979;187;3
UBEYDE;189;14.03.1971;75;114
SITIYE;189;15.02.1968;0;189
SEHNUR;189;13.12.1971;10;179
KEZI;189;5.05.1948;0;189
RAFIKA;189;28.11.1960;0;189
MUSUDE;189;8.02.1963;0;189
ULKEN;189;19.12.1967;44;145
AYNIL;189;14.06.1975;0;189
ZANA;189;16.10.1984;161;28
NURSEVIL;189;19.09.1973;0;189
ZEYIT;189;8.02.1974;189;0
ISHAN;189;11.05.1978;186;3
ABDUSELAM;189;25.11.1967;189;0
NURPERI;189;13.05.1973;0;189
ELMASIYE;189;2.09.1956;0;189
SENYURT;189;1.03.1968;101;88
MINEL;189;14.01.1982;6;183
SEVRIYE;189;24.10.1960;1;188
CALIBE;189;12.05.1956;0;189
MUSLIH;189;26.04.1964;189;0
NUREY;188;4.04.1955;0;188
ERASLAN;188;8.08.1972;188;0
TECELLI;188;22.09.1972;170;18
PILTAN;188;2.06.1966;19;169
ARZUMAN;188;1.03.1965;58;130
ADAVIYE;188;13.02.1956;0;188
VELIDE;188;16.02.1971;0;188
VEJDIN;188;10.11.1980;188;0
TANSER;188;21.02.1972;116;72
ABDULAZIM;188;29.11.1963;188;0
IREP;188;10.11.1962;0;188
KORAL;188;1.04.1976;186;2
NURUS;188;18.10.1957;2;186
SERBAN;188;14.06.1961;1;187
NERMI;188;18.07.1958;38;150
HETEM;187;6.08.1969;183;4
MUHTESIM;187;16.11.1974;180;7
GONENC;187;6.05.1978;127;60
MUSRIKA;187;9.07.1965;1;186
ISABET;187;1.06.1958;8;179
SIRINE;187;23.07.1970;0;187
SEMAVI;187;9.03.1971;165;22
MUNCIYE;187;12.02.1952;0;187
KINNI;187;16.11.1954;0;187
HANE;187;25.09.1955;1;186
GULHAS;187;27.06.1959;1;186
FEREC;187;26.09.1962;187;0
TUMEN;187;19.07.1971;120;67
GULBADE;187;23.10.1963;0;187
ESELI;187;7.06.1960;0;187
MEHMEDI;187;28.12.1959;187;0
URGUYA;187;11.09.1963;0;187
UMUGUL;187;14.04.1959;0;187
NURCIYE;187;3.02.1963;0;187
ALIKEMAL;187;19.11.1970;187;0
BALABEY;187;23.09.1952;187;0
CANA;187;14.12.1975;3;184
DIRAYET;187;12.08.1971;10;177
OZDILEK;186;30.12.1966;112;74
SUHAT;186;7.09.1972;175;11
MURSUDE;186;16.03.1964;0;186
MUZZEYEN;186;11.06.1975;0;186
ISTIKLAL;186;9.04.1967;108;78
GULSUMA;186;13.04.1968;0;186
CANKUT;186;24.11.1980;186;0
SEBAP;186;26.09.1958;177;9
PEVRUL;186;27.10.1969;178;8
HAYRAN;186;27.01.1962;89;97
NADIFE;186;30.01.1965;0;186
EMIRALI;186;28.08.1961;186;0
GULUNDAN;186;5.05.1969;0;186
VEIS;185;26.09.1963;185;0
BERGIN;185;9.04.1966;14;171
SUEYLA;185;13.01.1965;0;185
RAMZIYE;185;21.09.1972;0;185
PIRAN;185;21.11.1966;176;9
DERVISE;185;5.07.1952;0;185
EMRI;185;7.12.1965;177;8
SUVEYBE;185;14.05.1974;0;185
NAZENDER;185;26.03.1958;0;185
ZIYAVER;185;13.02.1959;6;179
BAGI;185;30.03.1964;169;16
SEFERI;185;14.05.1963;156;29
ERGUVEN;185;2.08.1968;180;5
RUSTIYE;185;27.01.1956;0;185
NECMIDDIN;185;15.03.1956;185;0
UMUTCAN;185;12.12.1988;183;2
BIGE;185;7.11.1976;1;184
REZIYE;185;10.07.1956;0;185
HEDISE;185;16.12.1955;0;185
MAHSEKER;184;7.10.1955;0;184
BINA;184;12.08.1956;13;171
VELID;184;13.10.1978;184;0
FAILE;184;17.12.1964;0;184
MUSKUNAZ;184;27.12.1958;0;184
URKUC;184;30.10.1956;0;184
MINTAHA;184;6.01.1964;0;184
HICAZ;184;21.06.1965;32;152
ZIYAMET;184;12.12.1954;0;184
GARBIS;184;16.03.1958;184;0
GULKIBAR;183;10.02.1965;0;183
SIDAL;183;28.08.1981;25;158
ULMIYE;183;19.06.1964;0;183
BENDI;183;16.07.1955;4;179
SEHREBAN;183;29.2.1963;0;183
MEVLAN;183;6.03.1984;163;20
KEBIZ;183;5.09.1959;1;182
GUNNAR;183;7.01.1963;0;183
BOGAC;183;22.12.1978;182;1
DEVLETHAN;183;14.08.1972;6;177
MUSIKA;183;19.04.1953;0;183
KUMRAL;182;11.11.1974;21;161
DOGANCAN;182;6.04.1991;182;0
MUJDET;182;11.03.1968;124;58
ADI;182;21.06.1949;45;137
MELEKNAZ;182;26.02.1965;0;182
NECAH;182;1.06.1969;5;177
CANPOLAT;182;18.06.1975;182;0
RIMA;182;19.02.1968;0;182
DIRBAZ;182;26.12.1963;182;0
APDIL;182;1.12.1961;182;0
SEVLA;182;4.11.1972;0;182
URFANI;182;14.03.1963;178;4
HUKUMDAR;182;28.07.1965;182;0
EZGIN;181;23.12.1983;112;69
FEHIMAN;181;4.07.1961;2;179
ASLINUR;181;24.03.1985;0;181
ELIFCAN;181;29.05.1988;0;181
RAHIBE;181;23.12.1960;0;181
SILVAN;181;3.07.1976;21;160
SUBUTAY;181;27.11.1971;180;1
ADDUL;181;12.01.1962;0;181
TALI;181;6.09.1953;65;116
LIDER;181;25.03.1982;155;26
SANCAK;181;15.07.1973;176;5
HAMUT;181;28.07.1958;181;0
SEVGIHAN;181;22.12.1972;0;181
SENDA;181;2.02.1973;1;180
SENDUR;181;13.01.1967;52;129
KAYALI;181;30.07.1958;91;90
ANIK;181;24.02.1946;0;181
HUKMU;181;21.09.1956;181;0
KEVSIRE;181;29.01.1971;0;181
SENBAHAR;181;24.12.1966;1;180
BIRTANE;180;25.08.1974;0;180
ONGUL;180;26.12.1968;0;180
SERENAY;180;25.05.1985;1;179
SUFEYLA;180;15.11.1967;0;180
HULUSU;180;30.04.1960;180;0
ONURSAL;180;7.03.1977;173;7
AKAR;180;29.12.1973;159;21
BATIKAN;180;17.08.1988;176;4
GULNARA;180;21.10.1970;0;180
ZIRI;180;19.12.1953;0;180
VASILE;180;10.10.1959;0;180
ZEMIRE;180;21.07.1960;0;180
HAYRINISA;180;23.01.1961;0;180
FANI;180;5.10.1957;85;95
SANSER;179;1.11.1972;115;64
SOZEN;179;5.05.1968;17;162
BATUR;179;25.06.1979;178;1
SEHLA;179;12.02.1968;0;179
FARHAN;179;10.11.1955;179;0
MUEYYET;179;10.11.1952;33;146
NURLU;179;27.05.1966;5;174
ADIVIYE;179;7.09.1959;0;179
PERTEV;179;7.04.1961;174;5
PIRAYE;179;20.09.1960;0;179
MISTAN;179;29.01.1955;179;0
HAYIM;179;10.06.1949;179;0
ZERUK;179;13.03.1970;1;178
ELEY;178;15.03.1942;1;177
GAFARI;178;28.01.1973;176;2
SEHBAL;178;30.01.1967;1;177
ILDA;178;22.03.1967;1;177
PIROZHAN;178;19.12.1959;0;178
SABA;178;28.11.1973;10;168
AYBENIZ;178;18.09.1971;0;178
GEVRE;178;6.02.1963;0;178
VAHDEDDIN;178;8.05.1963;178;0
KIYASEDDIN;178;14.11.1966;178;0
ZELIHE;178;29.01.1956;0;178
BIRIVAN;178;16.07.1975;0;178
ALIN;178;25.09.1971;9;169
TOYGUN;178;9.01.1980;175;3
PERRAN;178;27.01.1956;1;177
ENZEL;178;25.10.1963;5;173
PUPUS;178;15.05.1949;0;178
FERINAZ;178;10.05.1963;0;178
ALPHAN;178;21.08.1979;178;0
SERAB;177;8.03.1969;1;176
FERAMIZ;177;11.07.1965;176;1
TEYIBE;177;2.05.1967;0;177
SEYMAN;177;20.05.1976;18;159
ILIM;177;5.04.1977;90;87
SUKRETTIN;177;1.12.1963;176;1
MUEDDET;177;9.10.1953;0;177
ESSUM;177;13.04.1962;2;175
RATIP;177;24.03.1961;177;0
DUDUS;177;17.06.1954;0;177
SEBAAT;177;11.07.1960;0;177
SAYGUL;177;8.03.1975;3;174
TAMCIHAN;177;12.06.1973;0;177
ASIBE;177;29.11.1964;0;177
ERNAIL;177;17.07.1968;177;0
NIZAMITTIN;177;18.10.1957;177;0
NURSEV;177;25.03.1972;2;175
MERTKAN;177;7.02.1983;177;0
DILHAN;177;5.12.1976;19;158
HACIK;177;17.06.1954;169;8
MENENDI;177;22.04.1956;1;176
ARIKAN;176;2.12.1974;168;8
HERGUL;176;27.01.1969;17;159
LEZGI;176;23.05.1959;176;0
VEDHA;176;3.01.1964;0;176
DUNYAMIN;176;30.06.1968;175;1
BAHAITTIN;176;11.02.1954;176;0
ILGAZ;176;4.05.1974;144;32
ZELFINAZ;176;29.02.1960;0;176
AYSIL;176;6.06.1970;0;176
RAYIME;176;15.06.1961;0;176
KAFFAR;175;29.09.1962;175;0
EBUTALIP;175;14.02.1976;175;0
YURTSEVER;175;5.01.1975;129;46
YAVUZHAN;175;2.07.1983;175;0
SUNGUR;175;8.07.1964;162;13
HAVAS;175;13.06.1958;37;138
MELES;175;28.01.1968;0;175
NAFYA;175;9.05.1964;0;175
SELHAN;175;9.11.1972;115;60
NEDIYE;175;9.08.1966;0;175
HALIDIYE;175;29.05.1959;0;175
HENIFI;175;10.08.1960;175;0
SIMSIR;175;22.02.1957;0;175
NIHADE;175;14.02.1953;0;175
BIRBEN;175;27.11.1972;1;174
BELKIYE;175;2.02.1954;13;162
HUSNUCEMAL;175;4.10.1963;0;175
SURAHI;175;5.12.1956;3;172
ESMAPERI;175;28.02.1959;0;175
UMMUSAN;175;4.02.1960;0;175
AMINA;174;26.04.1964;0;174
MIRSAT;174;26.06.1982;172;2
LAMIHA;174;18.04.1971;0;174
HORE;174;16.03.1952;0;174
CECAN;174;29.06.1968;114;60
MEHTIYE;174;23.08.1959;0;174
KEFSER;174;18.09.1967;0;174
ULUS;174;8.11.1974;158;16
GULSEHRI;174;6.12.1955;0;174
DEHA;174;4.02.1981;149;25
REYIS;174;11.04.1973;174;0
ESMANPERI;174;14.02.1957;0;174
DILVIN;173;3.11.1980;0;173
LILUFER;173;30.06.1967;0;173
REFA;173;9.04.1964;82;91
HEREMSI;173;1.08.1966;0;173
HAZNA;173;29.11.1960;0;173
MELESI;173;6.08.1956;0;173
NIHAD;173;24.01.1962;170;3
HERMAN;173;9.01.1967;172;1
SEMIRAMIS;173;2.02.1959;1;172
ELMAN;173;7.12.1963;132;41
ERGUDER;173;29.11.1966;173;0
YESIDE;173;5.11.1962;0;173
SALDIRAY;173;8.09.1968;173;0
SERINAZ;173;11.12.1963;0;173
AYNE;172;14.10.1957;0;172
AYATULLAH;172;23.10.1982;171;1
NEZIME;172;1.08.1959;1;171
SEFIRE;172;18.02.1959;0;172
SUADIYE;172;4.01.1966;0;172
CANET;172;17.09.1965;5;167
SEMILE;172;23.01.1966;0;172
EMIRA;172;6.03.1972;1;171
HAMRI;172;13.05.1962;2;170
EMETE;172;24.03.1958;2;170
NATALI;172;23.06.1982;0;172
NEYLAN;172;22.01.1971;7;165
UMMIGUL;172;19.09.1961;0;172
MIRIYE;172;30.09.1954;0;172
ULUC;172;16.06.1980;170;2
NECIB;172;6.08.1959;172;0
DURAL;172;1.04.1973;165;7
AYUS;172;12.04.1953;0;172
YAYLAGUL;172;9.12.1972;0;172
HADIN;172;25.06.1969;171;1
ACIBE;172;22.03.1958;0;172
ABDULGAZI;171;16.10.1963;171;0
SELBIHAN;171;29.03.1979;0;171
HUZUR;171;30.03.1980;88;83
AYSECIK;171;9.05.1973;0;171
DEMIRAY;171;23.10.1965;163;8
YILDAN;171;8.05.1975;17;154
ILGUN;171;6.05.1970;10;161
SADREDDIN;171;19.05.1965;171;0
DEHAM;171;1.12.1970;169;2
NEDA;171;21.01.1974;5;166
HAVAANA;171;13.11.1964;0;171
SUMRAN;171;12.07.1967;1;170
ALMILA;171;30.03.1978;0;171
YASETTIN;171;13.12.1963;171;0
SUFYAN;171;23.11.1968;167;4
BINYAMI;171;21.01.1966;170;1
NEYRAN;171;21.12.1968;0;171
OMRAL;171;19.05.1970;143;28
AHTER;171;27.09.1963;19;152
ALTINGUL;171;9.06.1966;0;171
RAGUP;170;3.03.1964;170;0
DILFIROZ;170;20.09.1965;0;170
MEVRE;170;26.02.1985;1;169
SERDIN;170;8.06.1968;167;3
ZUZAN;170;13.02.1979;0;170
TAKYETTIN;170;12.12.1971;170;0
SABUR;170;19.04.1957;30;140
SEYHA;170;8.09.1971;7;163
KESRA;170;1.08.1971;12;158
FEYSAL;170;23.06.1967;168;2
NURULHUDA;170;26.09.1965;4;166
HAVZULLAH;170;9.05.1981;170;0
TUGRAN;170;9.04.1969;168;2
TUNCAR;170;7.05.1965;164;6
MUCAYIT;170;22.01.1969;169;1
RUBEYDE;170;12.07.1971;0;170
SERTER;170;13.09.1980;170;0
SECMEN;170;11.02.1972;93;77
SETA;170;12.01.1952;1;169
MUSLAHATTIN;170;21.11.1960;170;0
NISANGUL;170;18.04.1972;0;170
BACI;169;28.09.1956;0;169
SORGUL;169;30.12.1970;0;169
AKSEN;169;2.06.1969;37;132
EBRAR;169;13.03.1983;62;107
RAHMETE;169;12.07.1976;1;168
SABIRA;169;24.03.1960;0;169
ARAM;169;20.12.1960;169;0
YESER;169;6.08.1975;16;153
NISANI;169;21.10.1967;73;96
RUMIYE;169;21.09.1959;0;169
TEKLIFE;169;4.01.1973;0;169
REHIM;169;27.04.1959;163;6
MUAMER;169;6.03.1971;163;6
NEZRIFE;169;4.02.1965;0;169
EREM;169;13.12.1980;126;43
SEDAD;169;6.02.1970;169;0
KELAMI;169;15.02.1967;169;0
EVRAN;169;24.04.1976;140;29
BEKTES;169;13.01.1958;169;0
HALET;169;17.06.1956;82;87
LIYADIN;169;15.09.1974;169;0
MUNCUBE;169;27.10.1958;0;169
NUREFSAN;168;12.11.1980;0;168
MUHIBBET;168;4.06.1955;2;166
MEJBURE;168;18.12.1966;0;168
REFIDE;168;14.04.1958;0;168
SADAT;168;14.10.1968;152;16
NICME;168;24.07.1960;0;168
MEHVES;168;9.01.1971;0;168
CORC;168;27.05.1966;168;0
YAZGI;168;20.10.1985;13;155
FIRDEZ;168;4.05.1963;0;168
OLENA;168;12.11.1974;0;168
MEVRIYE;168;25.06.1957;0;168
CAGFER;168;4.03.1959;168;0
ESEMEN;168;21.03.1959;0;168
GUNFER;167;22.05.1962;10;157
MUNUFER;167;18.10.1972;0;167
AYSEREN;167;14.09.1964;0;167
ARI;167;8.01.1979;161;6
DURRA;167;19.04.1962;0;167
RISKIYE;167;1.02.1972;0;167
MUSURE;167;30.09.1956;0;167
ADIVE;167;25.06.1963;0;167
RAFETTIN;167;23.09.1960;165;2
TEVEKKUL;167;13.09.1965;66;101
GULESEN;167;3.10.1965;0;167
KANSU;167;13.08.1982;157;10
BERHEM;167;2.01.1975;166;1
ZADIFE;167;7.12.1962;0;167
ZULFIGAR;166;6.07.1963;151;15
DEDO;166;12.01.1946;165;1
MUNA;166;21.07.1974;0;166
LEYLUFER;166;19.05.1954;0;166
FEHAMET;166;5.11.1945;4;162
SURAY;166;14.02.1978;110;56
NURSER;166;9.09.1959;2;164
SIRZAT;166;30.09.1967;164;2
PIRO;166;11.07.1957;165;1
SALAH;166;18.07.1961;164;2
DAIME;166;29.04.1965;1;165
GOZE;166;7.03.1970;2;164
UMMIGULSUM;166;8.03.1973;0;166
SEKNA;166;17.07.1969;0;166
VIDAT;166;14.06.1961;11;155
MENICA;166;12.12.1970;0;166
SEFKI;166;19.01.1962;166;0
VILAYET;166;28.04.1971;47;119
NECEF;166;30.07.1964;140;26
ORCIN;166;19.10.1983;149;17
DURDAGI;166;20.10.1956;166;0
TOYGAR;165;8.05.1979;164;1
SADISE;165;23.03.1955;0;165
TESMIYE;165;29.05.1954;0;165
NUDIYE;165;11.08.1961;0;165
ESIM;165;21.05.1971;21;144
SERYA;165;21.06.1977;2;163
GALIYE;165;12.11.1959;0;165
DIKMEN;165;8.10.1963;59;106
GULMISAL;165;11.09.1974;0;165
HUZNI;165;5.02.1959;140;25
KESSUME;165;1.01.1967;0;165
CECANI;165;27.12.1959;0;165
DALYAN;165;17.05.1975;156;9
NEZILE;165;13.01.1962;0;165
GOKCIN;165;22.10.1974;61;104
HANASLI;165;28.09.1957;0;165
CISEL;164;26.01.1984;0;164
ODUL;164;25.12.1983;39;125
SUHAN;164;18.06.1973;76;88
ELHAN;164;30.2.1966;72;92
SAHDIYE;164;26.07.1969;0;164
AYSAL;164;30.10.1962;8;156
BALKAN;164;1.02.1979;158;6
FIDEL;164;30.08.1981;104;60
GUNUL;164;9.01.1976;0;164
ATILIM;164;18.06.1983;151;13
GULZEMIN;164;22.07.1966;1;163
CAZI;164;2.01.1953;1;163
RIYAD;164;18.08.1971;161;3
SIDE;164;9.01.1962;0;164
SEYFIYE;164;28.03.1956;0;164
NATALYA;164;24.09.1974;0;164
MUSTAKIME;164;15.01.1959;0;164
HAVSE;164;13.05.1964;0;164
RUHSAT;164;22.01.1952;14;150
KEHRIBAR;164;6.01.1967;0;164
ERTURAN;164;6.04.1963;164;0
HAMDUNE;164;30.10.1954;0;164
ZEBIK;164;24.12.1960;0;164
RASIK;163;16.09.1967;163;0
AYSON;163;6.07.1969;8;155
NERGIHAN;163;30.01.1980;0;163
MAHPARE;163;26.03.1959;0;163
VAHID;163;28.02.1967;163;0
GULUZ;163;22.08.1969;0;163
SIRRIYE;163;22.03.1950;0;163
NAGI;163;15.04.1967;161;2
AFFAN;163;21.11.1965;160;3
MUZEFFER;163;17.09.1959;141;22
GULSU;163;5.08.1971;0;163
SIFI;163;28.05.1952;0;163
GULSIRIN;163;11.07.1973;1;162
ZEKIYA;163;13.03.1967;1;162
FEYRUSAH;163;1.04.1974;31;132
ATAULLAH;163;10.10.1964;163;0
NAIT;163;6.08.1964;161;2
FETIHE;163;21.10.1959;0;163
NEZIDE;163;27.05.1957;0;163
SELMI;163;26.07.1963;28;135
YAMEN;163;28.12.1960;157;6
DUR;163;4.03.1957;142;21
ILKCAN;163;29.07.1982;77;86
DINC;163;4.11.1969;163;0
CAGKAN;163;27.05.1989;163;0
HUBRI;163;26.02.1945;0;163
HAPPA;163;6.10.1951;0;163
SABIA;162;23.04.1958;0;162
SAVET;162;10.02.1960;12;150
HILKAT;162;29.11.1957;25;137
MURRUVET;162;9.07.1955;0;162
DIYAEDDIN;162;17.06.1976;162;0
SADICE;162;11.06.1966;1;161
BEHIYYE;162;11.06.1958;0;162
MEVLA;162;26.11.1977;24;138
DIANA;162;27.02.1977;0;162
BILDAN;162;17.09.1969;2;160
SUBYAN;162;7.09.1957;2;160
DURUKAN;162;4.01.1984;159;3
HATUS;162;11.06.1951;0;162
FERAMIS;162;9.01.1968;162;0
SEMAT;162;18.06.1966;41;121
UNSIYE;162;19.09.1955;0;162
ALTUNAY;162;18.11.1968;43;119
MERDALI;162;23.09.1955;162;0
HOSROF;162;21.09.1966;162;0
CEMALINUR;162;3.09.1958;1;161
IZEDDIN;161;10.10.1968;161;0
MUSEBIYE;161;27.07.1960;0;161
ARKAN;161;14.03.1976;161;0
GARIBI;161;10.07.1958;0;161
BEDIYA;161;1.06.1974;0;161
HURSIDE;161;19.06.1960;0;161
HILALE;161;3.04.1962;0;161
YASASIN;161;13.12.1970;130;31
MUJKAN;161;6.09.1953;0;161
VAIDE;161;28.01.1959;0;161
SULHI;161;13.06.1958;159;2
SUNNU;161;7.02.1955;3;158
SELNUR;161;9.08.1974;1;160
ZULKARNI;161;15.07.1966;161;0
NURCEMAL;161;24.10.1973;30;131
MUYESSE;161;3.03.1964;0;161
DEMIRE;161;2.02.1950;0;161
ADILIYE;160;19.11.1962;0;160
KIYMAT;160;14.10.1964;1;159
TATLI;160;8.07.1959;82;78
HAYALI;160;11.04.1965;157;3
SUHAL;160;28.09.1967;6;154
NESIRIN;160;14.06.1967;0;160
SUDAN;160;5.04.1973;14;146
MIDHAT;160;22.05.1957;160;0
SELVAN;160;3.05.1978;19;141
NIYAZE;160;19.07.1954;0;160
SEYDIYE;160;22.11.1956;0;160
TASIN;160;29.06.1964;158;2
MUTALLIP;160;16.06.1964;160;0
SEYDALI;159;29.09.1962;159;0
NEZENGUL;159;19.09.1967;0;159
HORIHAN;159;10.04.1957;0;159
HAFSA;159;19.05.1981;0;159
GULRUH;159;5.12.1959;0;159
KEVORK;159;29.11.1953;158;1
FUAD;159;2.04.1963;159;0
AYDEN;159;17.05.1968;5;154
SEFI;159;27.05.1958;33;126
SEZAIR;159;26.07.1969;158;1
MUHDI;159;4.04.1970;159;0
KUDDUS;159;26.08.1961;146;13
SAIMA;159;24.10.1964;1;158
ABAMUSLIM;159;13.06.1956;159;0
GULSISE;159;3.04.1954;0;159
YILGOR;159;18.10.1964;108;51
IFTARIYE;159;16.08.1964;0;159
RUJDI;159;23.06.1964;159;0
TEKBIR;158;1.07.1977;14;144
TUBANUR;158;15.05.1985;0;158
EYHAN;158;25.06.1968;27;131
KURBET;158;21.07.1976;22;136
MERESE;158;7.11.1954;0;158
SEYHMUZ;158;2.11.1970;158;0
RAIZE;158;13.07.1970;0;158
AILE;158;24.03.1963;1;157
BEYNUR;158;1.06.1974;112;46
EFNAN;158;27.04.1978;27;131
CEDIDE;158;7.09.1956;0;158
SUSUN;158;28.10.1968;0;158
MUSLIMET;158;10.06.1955;0;158
GOGUS;158;1.01.1956;18;140
FENISE;158;7.08.1965;0;158
VEDIYE;157;14.09.1959;0;157
HACIBAYRAM;157;2.04.1967;157;0
LEVIN;157;23.12.1967;12;145
SOSI;157;3.08.1948;0;157
TAHIBE;157;11.03.1964;0;157
IMMUHAN;157;25.05.1959;0;157
TANYEL;157;22.01.1972;87;70
LUTFETTIN;157;6.04.1962;157;0
KUTLUAY;157;22.12.1971;124;33
BILKAY;157;9.06.1971;35;122
FUNDAGUL;157;2.07.1986;0;157
TONGUC;157;24.12.1973;156;1
BASI;157;11.02.1952;3;154
NURSUN;157;30.05.1967;1;156
SERI;157;11.07.1956;2;155
DURRE;157;13.08.1953;0;157
DONDIYE;157;1.06.1954;0;157
HEMAIL;157;21.01.1957;1;156
RUKIYA;156;23.03.1966;0;156
NURAYDIN;156;21.04.1968;87;69
BILGUN;156;5.12.1971;3;153
SOZER;156;16.01.1971;118;38
OMRUM;156;6.05.1986;23;133
SEMO;156;2.11.1950;111;45
FUZULI;156;10.08.1967;152;4
LAIKA;156;19.07.1964;0;156
HUMERYA;156;4.08.1979;0;156
SEBILA;156;14.03.1972;0;156
MAHBULE;156;19.04.1962;0;156
ZULIHA;156;19.03.1961;0;156
FERZANE;156;21.12.1960;0;156
TUGCAN;156;17.04.1984;124;32
EMINEGUL;156;6.11.1965;0;156
TEMINDAR;156;12.04.1959;156;0
NESECAN;156;4.12.1964;1;155
NECIBA;156;26.01.1968;0;156
YELIS;155;24.01.1981;0;155
GULBUN;155;21.02.1962;2;153
SAYIN;155;1.03.1966;138;17
MELEHA;155;12.10.1962;0;155
HEZAL;155;5.08.1959;0;155
SUAYB;155;6.01.1980;155;0
ALKIM;155;16.07.1982;90;65
HURKAN;155;30.12.1979;143;12
ATTILLA;155;17.04.1969;154;1
GELENGUL;155;23.05.1968;0;155
MUBINE;155;17.09.1960;0;155
KERIMA;155;18.07.1967;0;155
CETINER;155;22.09.1962;155;0
ZERGUL;155;7.07.1968;1;154
IGDE;155;3.11.1976;0;155
GULPEMBE;155;29.06.1972;0;155
NEVVAF;155;15.04.1960;155;0
ZEVCAN;155;15.07.1965;6;149
GULBARIN;155;17.12.1968;0;155
SUMME;155;10.06.1960;0;155
TALIBE;155;26.07.1964;0;155
ALEATTIN;155;24.11.1967;155;0
ARZUGUL;155;3.08.1975;0;155
YAKO;155;13.12.1943;155;0
FERCAN;155;3.04.1975;56;99
NOGMAN;155;1.03.1965;155;0
SEBANUR;155;18.03.1975;0;155
MERTOL;155;29.09.1973;155;0
IMRANE;155;8.01.1969;0;155
CANNUR;155;21.07.1975;9;146
PASALI;155;28.10.1955;141;14
NEVBAHAR;155;16.09.1964;0;155
MENSURIYE;155;24.06.1963;0;155
BUDAK;155;7.06.1968;149;6
FETANE;155;5.04.1961;0;155
MAHLI;155;4.10.1965;155;0
KESKI;154;19.07.1958;1;153
BURCAY;154;24.11.1980;111;43
FADIYE;154;1.05.1967;0;154
GULEM;154;1.10.1973;6;148
VAHTI;154;19.08.1963;154;0
MURSIDIYE;154;27.10.1959;0;154
CEBELI;154;13.06.1965;152;2
SEVICAN;154;29.09.1970;1;153
GUNCE;154;24.02.1986;11;143
HAFSAT;154;8.11.1956;0;154
IKRAMI;154;24.06.1965;131;23
PERIN;154;26.08.1967;0;154
ELIZABET;154;8.12.1966;0;154
REDIYE;154;21.08.1955;0;154
RAYIM;154;10.11.1963;152;2
MUKATDER;154;8.05.1964;15;139
GULBUZ;154;23.05.1964;5;149
KERME;154;8.08.1953;0;154
NURYA;154;21.03.1973;0;154
BIRAN;154;28.01.1973;46;108
KUKUS;154;21.12.1951;0;154
VARTUHI;154;7.01.1946;0;154
EBIS;154;10.08.1956;0;154
MUKTEDIR;153;22.04.1966;141;12
GOKSAN;153;23.08.1978;122;31
TEYBE;153;4.01.1961;0;153
SUZER;153;9.06.1970;16;137
MARIANA;153;11.05.1974;0;153
BERRAN;153;4.08.1967;2;151
NEHIBE;153;26.07.1967;0;153
GURSES;153;18.07.1971;127;26
BERCES;153;16.12.1964;152;1
SAHALI;153;21.03.1966;152;1
GULDURSUN;153;26.07.1956;0;153
PERUZAT;153;1.09.1950;0;153
DURBEY;153;14.06.1966;153;0
FEHMINAZ;153;3.01.1958;0;153
ELENI;153;20.08.1946;0;153
HALUDUN;152;9.01.1964;152;0
ACER;152;7.09.1965;8;144
SIVE;152;22.02.1963;0;152
ZULKARNEYN;152;22.12.1963;151;1
EDIB;152;20.06.1965;152;0
NUSHET;152;18.06.1958;67;85
JAKLIN;152;26.01.1966;0;152
HAVIYE;152;15.01.1959;0;152
NAFIDE;152;23.03.1960;0;152
SERAFETDIN;152;21.07.1959;152;0
SEBAHATDIN;152;30.03.1962;152;0
MUSAVAT;152;26.04.1960;11;141
PIRAGA;152;22.05.1958;152;0
SAHESER;151;10.05.1966;9;142
GULAL;151;25.03.1960;14;137
KEZIBA;151;20.06.1959;0;151
ACEM;151;13.09.1964;121;30
GUSUM;151;26.05.1959;0;151
BERDAN;151;28.05.1972;110;41
ONURHAN;151;16.03.1988;149;2
NURHAT;151;11.10.1977;97;54
SAHIT;151;3.01.1967;150;1
RAFIDE;151;2.01.1972;0;151
ZEKO;151;8.04.1948;3;148
HAKIF;151;18.05.1966;150;1
MUATTAR;151;8.06.1959;0;151
BERZAN;151;16.05.1978;130;21
MENICAN;151;1.03.1973;0;151
CEMALITTIN;151;23.06.1962;151;0
SEBIHAN;151;4.01.1964;0;151
BAGIYE;151;6.06.1970;0;151
BEDIRNAZ;151;14.10.1955;0;151
MESIHA;151;13.09.1961;14;137
VASVI;151;6.09.1967;151;0
BINNET;151;23.05.1958;149;2
SAYALI;151;4.04.1950;2;149
SAHHAYDAR;151;22.03.1962;151;0
VEKIL;151;22.05.1967;150;1
ZERRUK;151;21.01.1967;0;151
NAZIRIYE;150;10.10.1962;0;150
ABDULTALIP;150;18.03.1973;150;0
OZEYIR;150;19.04.1961;147;3
TENZIL;150;10.09.1957;13;137
MEHBARE;150;15.11.1971;0;150
HAYRETDIN;150;19.10.1962;150;0
DOGUHAN;150;2.10.1987;150;0
SAREY;150;9.04.1949;0;150
SEMAYE;150;6.12.1967;0;150
YILDIR;150;26.03.1965;147;3
KAYAHANIM;150;3.03.1969;0;150
BIRINCI;150;13.05.1963;4;146
MUSEYIP;149;12.05.1958;149;0
MEHMETNURI;149;29.04.1972;149;0
SERMIL;149;6.09.1972;1;148
GURSAT;149;13.11.1974;148;1
BEDILE;149;19.09.1961;0;149
SONBAHAR;149;19.03.1975;1;148
MIHAN;149;9.07.1976;9;140
RIYAT;149;22.04.1976;148;1
SULTANA;149;6.08.1941;0;149
NEZEHET;149;19.05.1967;0;149
KUTSIYE;149;24.03.1961;0;149
KERAMET;149;6.09.1972;71;78
BARISCAN;149;27.09.1989;149;0
NURBEN;149;2.02.1975;0;149
RECIYE;149;2.08.1958;0;149
HAVIS;149;4.07.1955;0;149
ZABITE;148;14.01.1964;0;148
FETTULLAH;148;6.09.1976;148;0
GULRU;148;26.07.1979;0;148
LALA;148;13.01.1952;3;145
GOKTEN;148;12.03.1975;101;47
NESIN;148;2.06.1974;56;92
SIVAN;148;7.07.1983;125;23
MUSLUH;148;10.04.1973;148;0
FARIYE;148;25.06.1957;0;148
MERAN;148;20.04.1968;114;34
EZNUR;148;21.05.1966;8;140
LADIFE;148;13.01.1962;0;148
MAYIL;148;15.08.1966;148;0
KAZANFER;148;10.03.1963;147;1
BAHALI;148;27.02.1957;0;148
ALIKSAN;148;24.01.1966;148;0
YEMOS;148;24.01.1958;0;148
TULU;148;5.10.1968;24;124
FARIA;147;30.2.1969;0;147
ZEKARIYE;147;28.02.1967;143;4
UGURTAN;147;7.08.1970;136;11
SADETDIN;147;4.01.1963;147;0
REFREF;147;15.01.1966;1;146
MUSIRE;147;6.12.1948;0;147
ASO;147;8.10.1939;2;145
HUNKER;147;9.09.1962;12;135
MUHTALIP;147;14.10.1973;147;0
VECDIN;147;14.10.1977;147;0
AFFET;147;24.03.1960;6;141
MAHMUDE;147;23.04.1961;0;147
GULYAR;147;10.04.1966;0;147
NEVCAN;147;8.10.1972;4;143
VALENTINA;147;2.08.1972;0;147
TAMAR;147;15.01.1972;3;144
NURFET;147;13.09.1967;6;141
SABBER;147;3.07.1954;0;147
SEYFALI;147;27.01.1958;147;0
HAVILI;147;9.06.1962;0;147
ZIBET;146;9.05.1958;1;145
NEZAHA;146;5.04.1964;0;146
M.SIRIN;146;16.12.1957;145;1
EDEBIYE;146;4.06.1956;0;146
OZALP;146;1.01.1968;146;0
SEFAHAT;146;19.04.1968;8;138
SERTAS;146;30.09.1981;141;5
ORCAN;146;28.08.1975;128;18
ABDULHAK;146;15.05.1968;146;0
ESAD;146;16.01.1977;146;0
DURSINE;146;27.04.1968;0;146
GULHIS;146;23.11.1960;0;146
SELIMAN;146;13.08.1959;41;105
SEZAYIR;146;22.10.1971;140;6
SALAHIDDIN;146;19.06.1954;146;0
BESBINAZ;146;1.05.1966;0;146
SEVKIYAT;146;18.04.1971;1;145
TELCE;146;30.01.1962;0;146
IBO;145;21.04.1946;145;0
UNSEL;145;27.10.1957;25;120
ABDULMUHSIN;145;27.03.1967;145;0
NAHIME;145;11.03.1961;0;145
SEVLIYE;145;21.11.1969;0;145
KUTRET;145;7.02.1965;72;73
LAMAN;145;3.02.1962;3;142
NAZIHE;145;17.07.1959;0;145
GULSEDA;145;3.08.1983;0;145
ZEYNEBA;145;17.12.1973;0;145
SOYSAL;145;19.05.1971;136;9
DELALE;145;10.02.1955;0;145
MAAS;145;7.08.1970;145;0
SANIHE;145;9.01.1969;0;145
DURSAN;145;3.03.1963;45;100
KANCO;145;1.04.1959;133;12
SAHINET;145;14.12.1973;0;145
KANDEMIR;145;1.01.1971;145;0
FESIHE;145;16.03.1970;0;145
SIRACEDDIN;145;27.09.1971;145;0
HACIYE;145;27.06.1961;0;145
SAKIYE;145;13.07.1955;0;145
NEVRUZE;145;10.02.1959;0;145
KUZEY;145;25.02.1979;133;12
FECIR;145;28.01.1968;67;78
NAIP;145;14.05.1956;145;0
SAHIL;145;13.11.1975;65;80
FERUZA;145;3.03.1960;1;144
NEFARET;145;2.04.1966;0;145
FEHME;145;15.10.1957;0;145
FERAL;144;12.01.1968;24;120
ELGIN;144;12.01.1977;31;113
FIRINCE;144;22.07.1960;0;144
ULKEM;144;4.10.1980;29;115
IDAYET;144;15.04.1967;45;99
BERAN;144;16.10.1977;98;46
SEBIH;144;27.06.1979;140;4
HOHI;144;25.09.1953;0;144
HAMILE;144;10.04.1966;0;144
MEFA;144;25.11.1966;83;61
MUNAVER;144;12.05.1976;3;141
GULNAS;144;7.09.1966;0;144
PERVER;144;21.06.1971;44;100
ASIMAN;144;11.11.1967;3;141
KAROLIN;144;16.11.1978;0;144
HIFSI;144;23.08.1966;122;22
NEFI;144;12.03.1962;131;13
HAYRINNISA;144;3.04.1956;0;144
UGUZ;144;3.08.1961;144;0
NEHAR;144;30.2.1966;44;100
RISALE;144;16.03.1962;0;144
GULICI;144;29.03.1964;0;144
LIVAZE;144;12.10.1962;0;144
BENZER;144;12.10.1967;30;114
HADDUC;144;1.12.1947;0;144
ESEFATMA;143;30.04.1955;0;143
GULSIMET;143;3.01.1972;0;143
BARANSEL;143;1.11.1983;141;2
FELIT;143;10.04.1967;143;0
ERZAN;143;9.02.1969;42;101
GULRIZ;143;10.10.1970;0;143
ASRI;143;16.10.1962;122;21
CIHANSAH;143;13.06.1960;140;3
ZAHRIYE;143;25.09.1959;0;143
SIDIKE;143;28.01.1963;0;143
KINI;143;10.01.1958;0;143
FERFUR;143;20.02.1950;0;143
RAHIYE;143;25.01.1958;0;143
RUKIYETE;143;6.02.1976;0;143
HUSEYN;143;18.04.1941;143;0
CEMBELI;143;15.04.1966;143;0
BANUR;143;8.09.1981;0;143
GULBANU;143;7.06.1977;0;143
ALIMAN;143;16.02.1955;100;43
ONEM;143;7.10.1977;48;95
TURCEN;143;23.12.1959;0;143
YUNUSEMRE;142;1.09.1987;142;0
GULESIN;142;30.11.1974;0;142
SIRET;142;26.02.1962;68;74
SARFINAZ;142;8.06.1957;0;142
FAHRETDIN;142;26.06.1961;142;0
FERICAN;142;28.04.1974;1;141
MUHIBET;142;29.03.1962;0;142
TATAR;142;26.03.1959;106;36
MENIS;142;29.10.1959;0;142
VADETTIN;142;3.04.1965;142;0
NAZIMA;142;2.10.1957;0;142
ADDULE;142;1.06.1959;0;142
DAHAM;142;30.2.1970;142;0
SEDRI;142;8.11.1963;141;1
EMO;142;19.01.1946;6;136
GUMRAH;142;29.08.1974;90;52
GULFAN;142;8.05.1967;2;140
SALE;142;15.08.1966;7;135
PEKCAN;142;30.2.1976;113;29
BAHDIYAR;142;29.04.1968;107;35
BAKIZE;142;24.01.1958;0;142
SINAY;142;1.10.1967;28;114
SANSAL;142;16.06.1971;134;8
FERAN;142;16.08.1970;60;82
SEROL;142;25.01.1974;135;7
HIMAYE;142;24.08.1969;0;142
CAHID;141;21.11.1971;140;1
BUYUK;141;2.04.1949;65;76
BESE;141;22.07.1952;9;132
HUCCET;141;27.11.1959;114;27
OMERALI;141;28.03.1963;141;0
NURDANUR;141;16.09.1968;0;141
FANIYE;141;16.01.1969;0;141
FERAHAT;141;3.05.1971;9;132
FERUH;141;14.03.1965;134;7
AYDOGDU;141;7.05.1961;93;48
GALINA;141;24.10.1971;0;141
NEZLA;141;30.11.1963;0;141
IRMA;141;30.11.1960;0;141
HURAY;141;23.03.1976;30;111
ZEHRAGUL;141;25.06.1964;0;141
MELEKSIMA;141;8.10.1962;0;141
CANFEDA;141;14.10.1966;7;134
SAYAT;141;17.05.1970;100;41
CAVRES;141;14.03.1960;0;141
LEON;141;23.06.1952;141;0
ZEBEY;140;22.11.1943;0;140
HAKIFE;140;27.12.1959;0;140
NESIRE;140;11.09.1965;0;140
ATAMER;140;8.01.1968;138;2
YURTSEVEN;140;25.07.1969;97;43
HAPA;140;13.10.1952;0;140
HUMRA;140;25.05.1959;0;140
MUNAVVER;140;28.12.1975;4;136
NESIHE;140;5.06.1972;0;140
NEZIHAN;140;16.04.1963;1;139
MEHMETSALIH;140;13.10.1973;140;0
TOGAY;140;28.04.1981;138;2
HEMDIYE;140;19.05.1961;0;140
NADIRSAH;140;18.08.1971;12;128
MUZBAH;140;5.11.1973;140;0
SABIHAT;140;13.02.1959;0;140
BIRICIK;140;15.12.1974;1;139
YIGITHAN;140;13.10.1987;140;0
SERNUR;140;22.03.1973;2;138
AKCA;140;26.04.1959;46;94
GIYAS;140;7.10.1967;139;1
SIYABENT;140;13.09.1968;139;1
RAKKUS;140;22.03.1961;0;140
IKLIM;139;29.05.1982;4;135
TUGBAY;139;19.07.1979;97;42
ALMAZ;139;5.04.1965;2;137
SEBILAY;139;4.06.1977;0;139
ICRAN;139;21.07.1976;6;133
SEMAI;139;26.06.1964;84;55
ROJIN;139;27.01.1986;1;138
ZARA;139;17.10.1972;2;137
AZNIF;139;13.11.1948;3;136
BERFIYE;139;22.06.1969;0;139
DIYAETTIN;139;16.05.1972;139;0
MUAZZEM;139;14.05.1970;32;107
MELISSA;139;7.12.1984;0;139
SEMEHAT;139;11.06.1963;0;139
ILHAMIYE;139;25.07.1961;0;139
ZILA;139;24.09.1959;0;139
GORSEV;139;7.04.1970;13;126
HAVALI;139;16.06.1958;0;139
NARKADIN;139;8.05.1958;0;139
MELEKBER;139;15.05.1966;0;139
NURZADE;139;13.04.1966;1;138
SELA;138;24.11.1963;22;116
RUHIDE;138;27.04.1960;0;138
YASIYA;138;10.08.1962;0;138
FEYZETTIN;138;23.09.1975;138;0
GURSELEN;138;29.09.1971;0;138
BENIAN;138;25.09.1969;8;130
HEBIBE;138;11.10.1961;0;138
LEVIZE;138;25.06.1961;0;138
ELIZE;138;13.10.1968;0;138
KALIME;138;10.01.1960;0;138
MINTIHA;138;13.02.1962;0;138
MEMNUN;138;5.01.1967;20;118
PERIZAN;138;17.01.1961;0;138
UCAR;138;15.06.1966;130;8
MAYISE;138;29.11.1968;0;138
TUNTUL;138;17.12.1949;0;138
ZUHTIYE;138;2.11.1952;0;138
BAHCELI;138;23.08.1964;138;0
SELBIYE;138;25.03.1966;0;138
ELDIVAS;138;7.06.1961;138;0
GAMER;138;19.06.1962;2;136
HANARZU;138;18.05.1960;0;138
RESIL;138;18.08.1954;138;0
ENUS;138;4.06.1964;130;8
DELEL;138;5.02.1968;0;138
NULFER;137;9.09.1972;1;136
MISAL;137;10.03.1975;6;131
SEVVAL;137;25.04.1974;8;129
IZAMETTIN;137;18.02.1958;137;0
TURKI;137;22.01.1959;104;33
GULNAZI;137;28.09.1956;0;137
GAZIYE;137;16.08.1962;0;137
ZEMRETE;137;25.02.1970;0;137
BUHARI;137;16.11.1966;60;77
FERSENDE;137;3.05.1973;137;0
HASE;137;7.07.1953;3;134
FELAT;137;27.11.1980;135;2
HASNE;137;30.01.1957;0;137
SERMAN;137;1.06.1969;32;105
NIHAR;137;23.07.1961;17;120
NURSELI;137;24.02.1969;3;134
CEMAFER;137;21.04.1957;7;130
GULAC;137;14.05.1971;3;134
OKSANA;137;29.01.1976;0;137
SEDIFE;137;16.12.1963;0;137
ZALIF;137;6.01.1965;124;13
SERIDE;137;26.03.1960;0;137
ZEBO;137;30.03.1949;0;137
YAMIN;137;6.02.1958;137;0
LARA;137;1.07.1984;1;136
HASHANIM;136;29.03.1957;0;136
YUKSELEN;136;26.10.1965;41;95
MUHIP;136;3.07.1959;118;18
TANIL;136;3.12.1976;132;4
MARIF;136;5.02.1967;135;1
SIMTEN;136;20.02.1970;0;136
ATFIYE;136;5.03.1961;0;136
MAHFUS;136;12.01.1979;136;0
BULUNMAZ;136;8.09.1953;0;136
KAMLE;136;23.02.1955;0;136
SAHVERDI;136;18.05.1962;130;6
NEVILE;136;12.11.1966;0;136
MUNIS;136;9.03.1957;60;76
ALGUL;136;19.02.1966;0;136
HAFZULLAH;136;6.02.1977;136;0
BARIYE;136;23.05.1957;0;136
ZUHER;136;28.09.1969;113;23
M.SELIM;136;24.07.1953;136;0
RENDI;136;5.04.1956;1;135
TUGRA;136;21.04.1985;99;37
NEZRIYE;136;24.06.1965;0;136
CESARETTIN;136;11.07.1967;136;0
SITARE;136;9.05.1963;0;136
SAZIVER;136;10.05.1954;1;135
GEDIZ;136;7.04.1977;105;31
SUMEYA;135;19.11.1983;0;135
NIYET;135;2.10.1974;72;63
SEHDIYE;135;19.03.1968;0;135
ILGEN;135;18.02.1976;8;127
USKUDAR;135;15.05.1964;45;90
SIRANUS;135;30.04.1949;0;135
FELEKI;135;4.04.1961;0;135
ERIS;135;23.11.1974;114;21
SANAY;135;27.10.1963;15;120
CILI;135;30.04.1955;0;135
NOFEL;135;13.09.1961;127;8
MEHMETSIRIN;135;13.12.1974;135;0
SEHARE;135;28.05.1952;0;135
NURSIYE;135;28.11.1969;0;135
ZEHNIYE;135;28.02.1954;0;135
ERDUN;135;7.07.1965;133;2
ZOHTU;135;8.08.1951;135;0
BEYSEFA;135;21.06.1963;132;3
LADIGER;135;17.12.1972;2;133
IMMIHANI;135;25.05.1957;0;135
MAHNUR;135;24.10.1960;0;135
ISAF;134;8.09.1965;0;134
SEYMANUR;134;2.01.1989;0;134
ZAHID;134;2.04.1973;133;1
BEHRIYE;134;7.04.1958;0;134
SEMAH;134;22.08.1968;2;132
OMRAN;134;16.11.1968;55;79
SELAHEDDIN;134;15.04.1952;134;0
BEKI;134;18.10.1951;4;130
NILFER;134;29.08.1967;0;134
BAHRETTIN;134;18.02.1964;134;0
SEFKIYE;134;22.10.1955;0;134
BAYISE;134;20.01.1958;0;134
ZALIYE;134;10.11.1961;0;134
HAKIKAT;134;17.12.1959;4;130
TEBERNUS;134;10.07.1967;131;3
BATURAY;134;17.11.1984;134;0
LUUP;134;23.08.1964;0;134
SUKREN;133;30.09.1963;0;133
GULSA;133;12.10.1970;0;133
GOZDEM;133;17.11.1985;1;132
OZAYDIN;133;30.09.1971;133;0
MERIHAN;133;17.05.1965;0;133
MILAYIM;133;21.11.1962;80;53
PERVANE;133;28.07.1965;3;130
SEZGUL;133;14.04.1977;3;130
REHBER;133;30.06.1972;106;27
MASAR;133;30.07.1962;132;1
TEKNUR;133;2.12.1972;5;128
SATHIYE;133;3.10.1953;0;133
NUKTE;133;23.01.1979;0;133
ELBEGI;133;9.09.1953;133;0
MIHMAN;133;5.10.1957;17;116
TUGHAN;133;12.11.1981;132;1
KADIRI;133;16.07.1963;131;2
CISIL;133;11.10.1986;0;133
DILFIRUZ;132;11.11.1963;0;132
ESLIHAN;132;18.06.1973;0;132
GULMEZ;132;4.06.1964;10;122
GULTEREN;132;17.05.1956;0;132
MUNUP;132;21.02.1964;132;0
ZILIF;132;11.11.1961;1;131
ABDUREZAK;132;13.08.1964;132;0
ADDULI;132;22.02.1953;0;132
HALIMA;132;18.11.1963;0;132
MIHAIL;132;12.03.1957;132;0
HASIB;132;15.09.1961;131;1
SEYFIDDIN;132;1.09.1957;132;0
MUBETCEL;132;21.07.1958;1;131
KASIFE;132;6.04.1956;0;132
SECAETTIN;132;6.10.1956;132;0
ONGUN;132;26.02.1977;114;18
VEDIDE;132;13.01.1956;0;132
LAYIHA;132;18.01.1965;0;132
SEBBOY;132;2.08.1960;0;132
VASIP;131;15.12.1968;131;0
MAHSUME;131;18.04.1971;0;131
BAKAN;131;29.01.1978;130;1
H.MEHMET;131;20.05.1950;131;0
MISLI;131;20.03.1956;9;122
GULUSER;131;25.01.1962;0;131
FERSI;131;14.12.1955;0;131
ISMAN;131;23.03.1960;28;103
DANIELA;131;28.08.1976;0;131
AYDI;131;25.07.1964;1;130
SELIMIYE;131;9.10.1963;0;131
SEMAY;131;14.01.1971;3;128
NEZUK;131;15.08.1965;0;131
ZUFRE;131;23.11.1965;0;131
FILDAN;131;16.02.1971;0;131
SERVIYE;131;8.12.1952;0;131
KUBLAY;131;5.12.1962;129;2
UMIDE;131;29.07.1966;0;131
CILNAZ;131;24.07.1964;0;131
MIRZEYDIN;131;27.11.1968;131;0
GULDUNYA;131;13.06.1979;0;131
FEDIM;131;27.07.1954;6;125
VERJIN;131;11.12.1949;0;131
SEVGISON;131;1.02.1974;0;131
SERACEDDIN;130;11.09.1963;130;0
SILO;130;29.04.1939;130;0
AYDINER;130;12.11.1971;122;8
SUER;130;1.01.1964;104;26
TULUNAY;130;11.08.1967;10;120
NAYLA;130;21.12.1962;0;130
ABUHAYAT;130;19.04.1958;3;127
SEYDANUR;130;13.10.1987;0;130
ILFAN;130;23.02.1969;78;52
SEYFINAZ;130;24.03.1960;1;129
SEDIK;130;27.12.1969;128;2
GUHAR;130;8.09.1957;0;130
SIMON;130;11.06.1962;126;4
OLCAN;130;17.10.1972;81;49
REYZAN;130;29.06.1964;5;125
MUKDAT;130;22.12.1956;130;0
KIYMETI;130;27.11.1955;0;130
HUVEYDA;130;10.06.1972;4;126
NERGUZE;130;8.05.1959;0;130
OZTEN;130;5.12.1956;8;122
KUTSI;130;16.10.1970;127;3
BEHMAN;130;1.09.1959;129;1
IPRAHIM;130;9.07.1962;130;0
HACET;130;8.07.1958;87;43
KUNTAY;130;22.05.1980;130;0
CEFAIR;130;14.01.1967;7;123
MAZIYE;130;6.03.1961;0;130
PULLI;130;1.11.1951;1;129
MUKAYIL;130;13.04.1972;130;0
BIRIM;130;18.03.1970;25;105
SEVGISER;130;6.05.1961;3;127
BAYBARS;129;30.09.1976;129;0
DANIYAL;129;29.01.1962;129;0
ILDENIZ;129;1.02.1977;57;72
GULSAFA;129;14.01.1957;0;129
ABDULBAHRI;129;11.06.1960;129;0
NARINCI;129;5.07.1960;0;129
AYAZ;129;25.08.1977;113;16
SADO;129;16.12.1945;121;8
MENAL;129;8.11.1985;16;113
DILSEN;129;2.05.1971;0;129
TACIDDIN;129;7.05.1958;129;0
MUSADIYE;129;8.02.1971;0;129
NAZELI;129;10.04.1961;0;129
SAAT;129;23.10.1950;44;85
ERBAKAN;129;27.01.1977;129;0
SUTIYE;129;13.05.1970;0;129
MUNUS;129;10.01.1957;7;122
ZERDI;129;22.04.1950;0;129
HAVVANE;129;30.12.1958;0;129
ALADIN;128;7.04.1964;128;0
NEMIKA;128;10.02.1950;0;128
ABDULBASIR;128;17.12.1974;128;0
FIRYAL;128;10.04.1975;0;128
SAFIYYE;128;6.05.1970;0;128
HISAMETTIN;128;10.05.1966;128;0
SISIN;128;30.2.1964;0;128
GERDAN;128;16.12.1972;1;127
HEYCAN;128;17.06.1965;16;112
SELAMIYE;128;15.07.1963;0;128
HAFIF;128;26.06.1963;29;99
ELVER;128;12.02.1957;56;72
FERIZA;128;12.03.1966;0;128
MUZIYEN;128;17.07.1961;0;128
ZEBURE;128;8.12.1951;0;128
CANFIDAN;128;3.12.1961;0;128
ERDUGAN;128;6.04.1956;127;1
DARCIN;128;28.05.1970;2;126
SAHVELET;128;24.11.1950;126;2
SIMANPERI;128;8.08.1965;0;128
MELICAN;128;4.10.1972;13;115
VADULLAH;128;8.02.1968;128;0
MEHEMET;128;17.07.1946;128;0
DURUS;128;29.09.1959;23;105
TEVABIL;127;7.02.1965;122;5
NURSAC;127;25.11.1984;2;125
BAHIDDIN;127;3.10.1962;127;0
HISAR;127;28.04.1974;119;8
CAMIA;127;23.07.1974;0;127
TASIHA;127;21.11.1974;1;126
SIDKIYE;127;29.04.1954;0;127
SARO;127;30.01.1964;55;72
NICMI;127;4.09.1951;2;125
ZOZANI;127;23.03.1959;0;127
NEVEL;127;20.04.1964;1;126
VEDI;127;29.10.1960;126;1
MUNIF;127;21.05.1963;127;0
BEDROS;127;12.09.1952;127;0
OLCA;127;6.02.1977;14;113
SEYFET;127;13.07.1958;123;4
SEDAYI;127;11.12.1967;111;16
MUTLUHAN;127;6.06.1981;113;14
MUFUDE;127;1.02.1965;0;127
TEVIDE;127;10.08.1960;0;127
ARIZE;127;26.10.1956;0;127
SEHIBE;127;1.04.1963;0;127
FERYAN;127;8.05.1965;1;126
SEMRIYE;127;10.09.1968;0;127
NAZIGUL;127;11.01.1966;0;127
TEZEL;127;17.07.1966;40;87
YUSA;127;20.03.1981;122;5
NURICAN;127;10.10.1968;87;40
ASIKAR;127;8.05.1966;10;117
NATALIYA;127;24.11.1973;0;127
ALISIR;127;12.01.1960;126;1
PANTUS;127;11.12.1949;0;127
BERTAL;127;15.01.1957;127;0
HASBIKE;127;25.03.1964;0;127
CECI;127;21.02.1948;0;127
ZULKER;127;2.07.1962;124;3
TUKAZ;127;28.10.1962;0;127
AKHANIM;127;5.09.1953;0;127
MAHO;127;23.08.1951;126;1
MUYESE;126;8.02.1962;0;126
FODUL;126;22.10.1961;0;126
RAVZA;126;12.04.1980;0;126
NEGIHAN;126;13.05.1979;0;126
ALIGUL;126;7.02.1965;126;0
MENUS;126;9.01.1956;0;126
SURYAL;126;20.12.1955;0;126
RAHIL;126;2.01.1965;9;117
NERGUN;126;14.01.1968;5;121
GULEK;126;6.09.1966;95;31
SAMAHAT;126;6.01.1956;1;125
CAYIT;126;1.01.1964;126;0
ERAL;126;12.05.1973;96;30
MUSUR;126;14.08.1962;122;4
VASFETTIN;126;5.06.1969;126;0
ZAYIT;126;14.08.1963;126;0
CANFIDE;126;23.10.1962;0;126
BADDAL;126;7.06.1965;126;0
TANFER;126;30.2.1971;111;15
AYDILEK;126;3.03.1969;8;118
TAYAR;126;6.07.1971;126;0
FIKIR;126;8.05.1962;48;78
GUNNAME;126;28.02.1964;1;125
VADE;126;25.05.1963;0;126
YURDUSEV;126;3.11.1953;17;109
BEYSUN;126;25.01.1969;11;115
SIMIN;126;5.01.1973;0;126
KAREN;126;20.10.1964;57;69
AKSU;125;4.06.1978;34;91
ELIFI;125;16.08.1953;0;125
SAHMERDAN;125;16.06.1959;124;1
KAFI;125;25.01.1963;57;68
MILCAN;125;22.05.1973;62;63
BUKE;125;3.06.1984;5;120
LINA;125;27.08.1969;0;125
FATMI;125;21.01.1949;0;125
SITTO;125;11.09.1948;0;125
SELAH;125;12.09.1962;121;4
SUHEM;125;14.04.1970;0;125
ALIYA;125;28.07.1966;0;125
VAHIDDIN;125;8.05.1954;125;0
MAHA;125;16.10.1961;0;125
LUSI;125;12.02.1956;0;125
ISAMETTIN;125;6.02.1967;125;0
ERAN;125;24.04.1971;116;9
NEYIR;125;2.09.1968;22;103
SUMBULE;125;9.09.1959;0;125
SEVINUR;125;14.03.1973;0;125
FEYIZ;125;23.08.1967;101;24
RUBASA;125;18.10.1972;0;125
BALHANIM;125;18.08.1953;0;125
FETAHNA;125;27.02.1958;0;125
HATUK;125;22.11.1957;0;125
HAPKA;125;24.09.1951;0;125
HACIMEHMET;124;18.11.1964;124;0
ASEY;124;1.01.1939;0;124
SUAYIB;124;28.07.1972;124;0
IFTIHAR;124;3.11.1964;6;118
SEDREDDIN;124;24.03.1963;124;0
FATIMATUZZEHRA;124;8.03.1974;0;124
EFIDE;124;22.01.1963;0;124
LUSIN;124;7.02.1959;0;124
KARDELEN;124;10.01.1988;3;121
FATUS;124;25.11.1957;0;124
MECID;124;3.07.1960;124;0
PERDE;124;12.12.1967;0;124
MILKIYE;124;25.04.1970;0;124
GAYDE;124;8.05.1961;0;124
MIHRAN;124;10.05.1960;88;36
NESILE;124;17.05.1971;0;124
MAHSUDE;124;3.03.1969;0;124
MELKI;124;24.07.1950;123;1
HAVIL;124;18.06.1958;11;113
REHIMA;124;21.08.1961;0;124
NEZAAT;124;25.04.1964;0;124
ZEKERYE;124;30.10.1965;124;0
YAREN;124;8.11.1980;34;90
TEZAY;124;27.04.1980;28;96
KIRAMI;124;4.12.1959;124;0
DURANIYE;124;4.04.1965;1;123
ALAYBEY;124;23.07.1958;124;0
DINCEL;124;14.01.1969;116;8
NURDANIYE;124;2.09.1966;0;124
HUZEYCA;124;29.05.1968;0;124
ZULFER;124;25.02.1961;75;49
KAYIHAN;124;18.11.1965;122;2
BAYRAMSAH;124;5.04.1958;7;117
BAGDA;124;27.12.1960;0;124
ZERICAN;124;13.09.1969;1;123
MIRHAC;124;3.04.1974;122;2
RINDIHAN;124;18.12.1962;0;124
SEMAN;123;9.03.1961;36;87
YILDIZHAN;123;10.11.1969;28;95
NURSIMA;123;25.12.1976;0;123
GULAVER;123;26.02.1961;4;119
ORSAN;123;23.09.1981;119;4
GULBAY;123;16.01.1962;44;79
FERAI;123;17.04.1963;11;112
LERIMAN;123;13.05.1961;0;123
GULIS;123;11.02.1966;1;122
NEBIH;123;2.11.1965;123;0
FETEHNA;123;21.05.1956;0;123
HANO;123;12.10.1941;12;111
EKRAM;123;2.12.1963;123;0
ATASOY;123;22.08.1971;123;0
HUZNU;123;20.09.1967;116;7
MAYGUL;123;9.02.1974;0;123
MISEL;123;18.04.1962;112;11
GULDIYAR;123;27.09.1965;0;123
KEVZER;123;24.12.1972;0;123
MELAT;123;11.01.1959;2;121
RUSTI;123;4.04.1957;123;0
GULHANE;123;21.07.1967;1;122
NEVSIN;123;10.03.1970;3;120
ELIFNUR;123;14.12.1986;0;123
ERSAY;123;10.04.1975;118;5
ZELE;123;8.11.1958;0;123
KURTBEY;123;12.07.1960;123;0
ZULAHI;123;3.03.1954;1;122
FEVZEDDIN;123;27.04.1984;123;0
DUNYAMALI;123;30.09.1956;122;1
SEYITHANIM;123;9.01.1959;0;123
ARA;123;11.10.1958;121;2
REGAYIP;122;6.02.1976;85;37
NEVSIYE;122;7.01.1967;0;122
FARIZE;122;4.12.1963;0;122
BALA;122;3.01.1968;36;86
MIHRACE;122;22.07.1974;2;120
SADDET;122;13.01.1974;2;120
MEYSUN;122;9.05.1962;3;119
BEGO;122;20.10.1947;92;30
LAIKE;122;16.06.1971;0;122
MIRALI;122;19.03.1960;121;1
ABDULGAFAR;122;20.10.1968;122;0
ADLI;122;27.01.1954;27;95
NEBATI;122;3.02.1965;101;21
ZINAR;122;9.11.1979;114;8
NESRI;122;7.07.1967;63;59
METANET;122;3.03.1970;3;119
MUCEVVER;122;8.10.1957;1;121
ERAYDIN;122;13.03.1966;122;0
UNAY;122;21.07.1965;60;62
SEZAVER;122;12.08.1958;3;119
NURFIYE;122;5.06.1969;0;122
MEKSUT;122;16.03.1965;122;0
FATMATUZZEHRA;122;14.08.1958;0;122
ERZADE;122;28.09.1962;104;18
GULSINAN;122;17.09.1965;1;121
PANBUK;122;28.12.1956;0;122
KEKIL;122;16.06.1938;122;0
SADINAZ;122;4.10.1960;0;122
FEDAN;122;4.10.1958;2;120
NECMETDIN;121;16.02.1962;121;0
TANAY;121;4.01.1973;74;47
SINCAR;121;18.02.1966;121;0
HATICETUL;121;3.01.1975;1;120
SELAME;121;6.05.1960;2;119
AFFE;121;30.07.1961;0;121
ENNUR;121;21.02.1982;11;110
SEBAATTIN;121;15.05.1962;121;0
NIKET;121;26.05.1961;2;119
VERA;121;24.10.1966;0;121
MIHAELA;121;13.05.1975;0;121
DIJLE;121;10.09.1979;2;119
ABDULSAMAT;121;11.06.1972;121;0
SEYAHAT;121;18.02.1971;6;115
ZUHEYIR;121;9.09.1969;118;3
MARIN;121;19.01.1954;0;121
NEBIHAN;121;10.11.1969;7;114
ATICE;121;7.03.1971;0;121
MELISE;121;6.01.1976;0;121
NAZIFER;121;19.02.1965;0;121
SECIYE;121;8.04.1956;0;121
TOROS;121;23.06.1967;120;1
HACIAHMET;121;20.06.1963;121;0
APDI;121;20.08.1960;121;0
NEDIFE;121;30.05.1970;0;121
DURUL;121;19.06.1977;107;14
ELFIZE;121;17.07.1956;0;121
ERCIVAN;121;15.06.1963;108;13
CELADIN;121;5.04.1963;121;0
SEMAIL;120;1.05.1957;39;81
NIDAL;120;18.06.1981;75;45
MAKBUL;120;4.04.1963;41;79
INONU;120;12.09.1967;120;0
SEDDAR;120;16.07.1969;118;2
TALIB;120;28.12.1967;119;1
NIFSICIHAN;120;18.11.1963;0;120
SEVDAL;120;20.04.1973;33;87
TAHMINE;120;7.02.1972;0;120
JAN;120;12.11.1965;107;13
RAYHAN;120;6.08.1961;47;73
BEYICE;120;27.02.1960;0;120
BELKIYA;120;11.09.1959;49;71
BAHANUR;120;20.02.1984;2;118
AHIZAR;120;5.06.1957;0;120
NEZMI;120;18.09.1971;120;0
SERIMAN;120;14.02.1965;1;119
ZALIKE;120;2.06.1964;0;120
PAMIR;120;7.01.1973;93;27
BAYTEKIN;120;27.08.1967;120;0
ADLEN;120;28.09.1970;106;14
SEYBET;120;22.06.1979;0;120
ABDULMENAP;120;21.10.1977;120;0
KONYA;120;14.10.1962;0;120
KAKIL;120;14.03.1956;84;36
HASSE;120;21.12.1957;0;120
MUSTUK;120;12.09.1956;120;0
AYLAR;119;13.06.1965;5;114
IMMIGUL;119;19.08.1962;0;119
TUZUN;119;17.08.1963;18;101
KUDDISI;119;26.02.1967;119;0
ARAL;119;13.05.1977;109;10
ABUTALIP;119;1.10.1966;119;0
SEHTAP;119;19.01.1980;2;117
GARIBAN;119;2.06.1979;10;109
GULSE;119;4.10.1962;0;119
ANUDE;119;22.06.1975;0;119
HILVE;119;4.11.1956;0;119
CICEGI;119;5.09.1954;0;119
MEDINA;119;7.06.1968;0;119
SEVSEN;119;1.10.1977;2;117
AKLIMA;119;30.05.1969;0;119
NURBAHAR;119;11.10.1978;0;119
MORIS;119;8.04.1963;118;1
ULCAY;119;16.01.1954;6;113
HACELI;119;12.03.1971;119;0
NAZEL;119;9.02.1967;0;119
AYSEHANIM;119;1.01.1963;0;119
MASUKA;119;8.09.1955;0;119
BENEVSE;119;22.04.1950;0;119
NAKIFE;119;13.04.1957;0;119
SEDAI;119;10.04.1969;115;4
OKTEM;119;20.10.1973;114;5
GOZEN;119;26.06.1971;3;116
KOCAK;119;11.07.1961;119;0
SABAHIDDIN;119;8.11.1963;119;0
HAFSET;119;30.12.1957;0;119
HEDILE;119;7.01.1963;0;119
MURUFE;119;13.10.1955;0;119
MUSERREFE;119;21.04.1948;0;119
LEMYA;119;16.02.1959;0;119
SUMEYRE;118;25.10.1986;0;118
ALHAS;118;3.09.1958;118;0
NERMINE;118;22.05.1960;0;118
BESAT;118;23.05.1965;117;1
MIYESSE;118;2.10.1965;0;118
FIRGAT;118;14.07.1957;1;117
NERKIS;118;1.04.1952;0;118
MUHIT;118;25.03.1963;117;1
TETYANA;118;6.07.1973;0;118
METTIN;118;21.05.1973;118;0
GULIFER;118;24.07.1971;0;118
NAHIBE;118;25.08.1959;0;118
SEFIA;118;29.11.1963;0;118
TEYYIP;118;24.10.1963;118;0
NAMAN;118;23.08.1968;118;0
MUNTAZE;118;5.01.1958;0;118
ABUZEYIT;118;26.04.1966;118;0
SURI;118;9.09.1963;76;42
SIHAN;118;23.09.1973;48;70
YEKBUN;118;23.02.1983;4;114
NARMAN;118;19.09.1962;32;86
FERYADI;118;2.01.1971;113;5
DEMIRSAH;118;8.08.1950;81;37
GULERAY;118;19.08.1966;0;118
NECDETTIN;118;5.10.1956;118;0
TEKSIN;118;13.11.1973;35;83
FIKNET;118;5.12.1962;1;117
CELALETDIN;118;14.10.1966;118;0
MUZEKKA;118;26.06.1953;109;9
HACEL;118;16.06.1969;1;117
NERGIN;118;1.02.1974;18;100
KIYASI;118;9.03.1959;118;0
PEYKER;118;7.10.1961;6;112
HICABIYE;118;24.08.1952;0;118
GULDONE;118;29.06.1964;0;118
EBEKIZ;118;26.08.1954;0;118
SAPRI;118;26.09.1957;118;0
NEDRIYE;117;1.08.1963;0;117
MILHAN;117;2.12.1963;6;111
ERKAY;117;9.11.1980;117;0
FERIYA;117;19.11.1966;0;117
BENDE;117;26.09.1956;2;115
KOCERE;117;22.05.1959;1;116
BILGUL;117;5.02.1969;1;116
HEDIYETULLAH;117;24.07.1978;112;5
ABDULHAMID;117;4.11.1977;117;0
ESLEM;117;19.11.1984;25;92
CEVAD;117;14.03.1956;117;0
HIFZIYE;117;14.11.1943;0;117
GORGIN;117;23.03.1960;117;0
MEVLIYA;117;17.12.1970;1;116
HUZUME;117;4.11.1960;1;116
PUREN;117;18.02.1980;0;117
ZAYIM;117;4.05.1961;117;0
SERGUN;117;7.05.1970;45;72
RESAI;117;22.03.1965;117;0
DILDARE;117;13.04.1959;0;117
CAFERIYE;117;18.02.1951;0;117
PELUZE;117;12.01.1953;0;117
NEHAT;117;4.05.1953;115;2
MEHNUR;117;4.02.1971;12;105
ADINAZ;117;23.07.1958;0;117
HARSI;117;18.02.1948;0;117
SADBER;117;13.05.1950;0;117
NECBIYE;116;14.02.1957;0;116
MUSFIK;116;21.02.1968;114;2
SAYLAN;116;4.03.1970;53;63
SERHAP;116;1.10.1974;3;113
DIRENC;116;14.01.1983;102;14
OZLEYIS;116;5.06.1980;15;101
BERIA;116;2.03.1954;0;116
CACANI;116;13.03.1955;0;116
MEDYA;116;24.12.1988;0;116
SIHA;116;8.10.1967;0;116
GALI;116;9.07.1959;11;105
MUNIFER;116;18.08.1970;0;116
JOZEF;116;30.07.1952;116;0
DORUKHAN;116;20.10.1988;115;1
SECATTIN;116;24.05.1966;116;0
HURISEL;116;25.10.1963;0;116
GULMEN;116;28.08.1960;1;115
CAYIDE;116;14.04.1965;0;116
ZINNURE;116;21.09.1960;1;115
MUHENDIS;116;27.08.1969;116;0
SEVINAZ;116;27.10.1967;0;116
BINNIYE;116;24.01.1961;0;116
MUHRIYE;116;13.12.1954;0;116
DURMUSA;116;29.09.1957;1;115
VILDANE;116;19.08.1966;0;116
MEYSER;116;25.01.1961;6;110
GEVHAR;116;4.11.1955;0;116
ZINNETE;115;20.06.1955;0;115
SANAZ;115;4.04.1968;0;115
ALO;115;9.07.1938;113;2
MEYDAN;115;8.03.1959;109;6
AZIZIYE;115;2.07.1958;0;115
SUVEYDE;115;28.04.1964;0;115
ICLA;115;26.03.1972;0;115
ASHABIL;115;23.11.1973;115;0
HACCI;115;30.09.1951;43;72
HULYE;115;14.12.1973;0;115
HENE;115;20.12.1967;0;115
ULKAN;115;3.11.1968;13;102
MINAS;115;19.01.1958;71;44
KUDDUSU;115;11.02.1962;114;1
NEHAL;115;21.10.1958;2;113
AYTOP;115;24.08.1960;6;109
PEVRIL;115;9.02.1967;91;24
MERVENUR;115;22.03.1990;0;115
ILAMI;115;29.08.1964;113;2
CANFES;115;13.09.1960;1;114
INCILA;115;3.03.1956;0;115
GULZARI;115;12.09.1957;0;115
DAIM;115;9.10.1967;114;1
SUHULE;115;4.03.1963;0;115
NURTANE;115;12.02.1969;0;115
YASIRE;115;2.01.1963;0;115
KURTHANIM;115;7.10.1957;0;115
NAZANGUL;115;14.02.1970;0;115
YANKI;115;15.11.1982;64;51
MINTAZ;115;14.12.1969;109;6
HUDAYIM;115;21.05.1962;115;0
HAZEMI;115;24.08.1961;1;114
MAYSEKER;115;29.05.1966;0;115
ILMETTIN;115;14.02.1967;115;0
MEYRI;114;24.11.1951;0;114
HACIBEKIR;114;1.09.1963;113;1
SEYFETULLAH;114;22.08.1979;114;0
BELGEN;114;26.08.1986;0;114
TULGA;114;12.03.1966;95;19
NECETTIN;114;13.06.1963;114;0
BESSE;114;4.05.1959;0;114
SIYAHMET;114;30.2.1968;114;0
FADILA;114;4.12.1956;1;113
FERHO;114;18.03.1946;109;5
HAPSE;114;24.01.1960;0;114
ZIYAT;114;24.03.1968;111;3
ABDULAH;114;27.09.1967;114;0
VESFA;114;15.05.1976;0;114
RENA;114;24.02.1970;0;114
GURI;114;6.03.1953;111;3
DONSER;114;14.12.1979;0;114
RUBIYE;114;3.03.1958;0;114
SAHSETTIN;114;29.04.1962;114;0
HUSREF;114;10.12.1958;113;1
MUCEYLA;114;17.04.1966;0;114
YEZDAN;114;28.10.1970;18;96
JANSET;114;20.02.1975;1;113
ASLANIYE;114;16.08.1970;0;114
EFRUZE;114;14.07.1953;0;114
EPRUZ;114;7.11.1954;0;114
SEYYAL;113;3.11.1971;3;110
DURDUHAN;113;4.01.1957;3;110
MUTAHHAR;113;14.09.1953;75;38
SABINE;113;24.05.1974;0;113
HAZIRAN;113;5.09.1966;38;75
SAHISTAN;113;13.03.1960;62;51
INCIHAN;113;23.07.1974;1;112
KANAT;113;2.01.1975;101;12
GAMI;113;7.04.1952;2;111
BILSEL;113;29.07.1956;8;105
RADI;113;9.07.1964;107;6
UZLIFET;113;2.03.1969;0;113
GULO;113;25.05.1956;21;92
MEKAIL;113;5.11.1976;112;1
ABDULKUDDUS;113;27.12.1964;113;0
CEPRAIL;113;28.01.1974;113;0
FERIDIYE;113;8.03.1957;0;113
CEFAYIR;113;9.01.1968;12;101
MUHTAT;113;10.07.1961;113;0
SEVIC;113;14.01.1968;4;109
ARDAHAN;113;12.01.1979;103;10
LAYIKE;113;5.04.1969;0;113
ADILSAH;113;18.03.1970;8;105
FEREHNAZ;113;25.09.1953;0;113
ARCAN;113;6.12.1976;106;7
NUTKIYE;113;20.11.1954;0;113
SATIYYE;113;12.10.1958;0;113
ZULBUYE;113;4.12.1962;0;113
HICAZI;113;30.04.1965;109;4
APIL;113;11.06.1960;111;2
MERTALI;113;22.03.1953;113;0
SUDET;113;13.12.1973;0;113
SELDEN;113;4.09.1964;1;112
HUBRA;113;5.01.1962;0;113
FIRDOVS;113;19.10.1958;0;113
DUDUHAN;113;25.03.1959;0;113
BEYNA;113;13.01.1959;0;113
BEHZET;112;23.05.1968;112;0
BIRSU;112;21.03.1981;4;108
RAHAN;112;2.06.1962;12;100
NULGUN;112;1.11.1972;0;112
IFAGET;112;15.12.1957;0;112
OMERI;112;24.11.1965;112;0
HANZI;112;28.08.1948;0;112
MASUME;112;9.05.1959;1;111
ZELIKE;112;19.08.1967;0;112
GOVHER;112;20.10.1954;0;112
CEVAYIR;112;15.11.1965;13;99
SERDAG;112;5.03.1975;23;89
BURAKHAN;112;23.06.1988;112;0
EBUZEYT;112;20.06.1968;112;0
SITTE;112;24.11.1953;0;112
ABDAL;112;7.03.1951;112;0
REVSEN;112;4.03.1977;0;112
ZAHIYE;112;28.10.1958;0;112
HAMDO;112;27.06.1955;106;6
ABDUSSAMAT;112;4.03.1966;112;0
FETAH;112;30.04.1971;112;0
SINI;112;8.12.1962;1;111
KATRIYE;112;9.11.1958;0;112
SENDAG;112;29.07.1972;14;98
ULKI;112;4.07.1965;16;96
SERDEN;112;5.01.1978;72;40
ALIHSAN;112;10.07.1965;112;0
LALEGUL;112;17.05.1970;0;112
ERTUN;112;19.03.1968;112;0
REFIGUL;112;6.11.1955;0;112
OMERCAN;112;15.08.1988;112;0
ELDA;112;27.05.1976;1;111
SEVILA;112;11.06.1971;1;111
ANARGUL;112;29.01.1978;0;112
MENZEHER;112;8.04.1976;112;0
SALEHE;112;2.03.1966;0;112
GULEBATIN;112;21.08.1948;0;112
HATEME;111;16.07.1952;0;111
BOZO;111;5.12.1951;111;0
SANSEL;111;27.06.1970;20;91
NIYASE;111;23.05.1958;0;111
KUBRANUR;111;13.08.1989;0;111
FENDI;111;14.08.1966;107;4
FESIHA;111;7.10.1966;1;110
KEFAYET;111;5.10.1952;1;110
NAFYE;111;30.08.1957;0;111
ZEHRIYE;111;7.04.1958;0;111
ZOHRIYE;111;13.12.1968;0;111
SURYA;111;24.11.1968;7;104
TURAC;111;28.04.1976;87;24
SEFAK;111;16.09.1972;50;61
APTA;111;28.01.1955;0;111
SABO;111;12.10.1951;107;4
SOMER;111;6.03.1969;101;10
PERIYAN;111;3.12.1960;0;111
GULKADEM;111;25.05.1958;0;111
SEYFETDIN;111;16.08.1962;111;0
SADENUR;111;13.08.1975;0;111
SEVINAY;111;3.09.1967;0;111
NAFER;111;20.07.1969;98;13
TUYGUN;111;19.05.1956;32;79
ATLEN;111;12.03.1968;109;2
SUKAN;111;9.06.1978;104;7
DUZALI;111;14.11.1956;111;0
CEVAHIRE;111;16.08.1949;0;111
AYNEL;110;13.12.1971;0;110
SAHIMERDAN;110;27.05.1962;109;1
MIHDAT;110;16.01.1965;110;0
YAZBAHAR;110;18.05.1965;0;110
KILINC;110;20.01.1956;110;0
VEDAD;110;24.04.1968;102;8
NEBAHATTIN;110;30.12.1962;104;6
IMIRZE;110;17.11.1961;110;0
FERIDON;110;21.10.1954;110;0
NURSELEN;110;21.01.1972;1;109
HATUNE;110;30.10.1955;0;110
ERVA;110;2.09.1984;3;107
EVRIN;110;4.11.1980;11;99
SAMYA;110;16.05.1971;0;110
RICAI;110;23.10.1959;109;1
SANAYI;110;21.10.1969;100;10
ROHAT;110;21.10.1982;79;31
NARAN;110;30.10.1961;2;108
YALDIZ;110;24.04.1958;2;108
MUHAMMETALI;110;30.06.1980;110;0
APTURRAHMAN;110;23.09.1954;110;0
NILSU;110;16.09.1982;0;110
SAHNIGAR;110;22.10.1951;0;110
ERTUL;110;16.09.1969;94;16
TUREL;110;15.04.1961;72;38
CANIBE;110;13.06.1958;0;110
GURER;110;10.02.1963;99;11
OZGENUR;110;21.06.1989;0;110
AHMETCAN;110;13.10.1977;110;0
SAHURA;110;6.02.1963;0;110
MUSINE;110;8.05.1961;0;110
SENUR;110;4.05.1970;11;99
GUNSU;110;4.09.1976;4;106
NAHAT;110;24.07.1956;110;0
OZDER;110;23.12.1967;74;36
GULFERIZ;110;5.09.1963;1;109
TEYMEN;110;18.11.1972;108;2
TAMAME;110;14.01.1956;1;109
VECIBE;110;11.10.1962;0;110
KEMAN;110;5.12.1956;4;106
SULEHA;110;6.11.1955;0;110
SABRINAZ;110;30.03.1963;0;110
HAMSEY;110;23.12.1964;0;110
SEVGILLI;109;21.12.1957;0;109
NACETTIN;109;29.04.1961;109;0
H.HUSEYIN;109;12.06.1948;109;0
SEBEHATTIN;109;5.12.1965;109;0
PERIYE;109;9.02.1954;0;109
SUNAL;109;19.05.1969;53;56
ERHUN;109;23.02.1977;109;0
ZILFO;109;22.11.1948;87;22
NISE;109;18.10.1958;0;109
PAKISTAN;109;21.08.1977;7;102
FEDIYE;109;1.11.1964;0;109
CAZYA;109;22.06.1958;0;109
SEREFHAN;109;4.07.1975;108;1
AMSA;109;19.07.1963;0;109
NECME;109;13.12.1958;2;107
RUFAI;109;15.02.1971;109;0
BAHYETTIN;109;27.10.1973;109;0
ZEHRANUR;109;21.01.1983;0;109
NEVRIZE;109;6.02.1962;0;109
AZIMA;109;12.09.1965;0;109
MAHSIMA;109;28.04.1975;0;109
SADEN;109;3.10.1961;18;91
TEVFIDE;109;1.10.1959;0;109
HAZIRET;109;29.07.1971;106;3
GURKAY;109;28.08.1982;108;1
ZULKIFLI;109;22.06.1961;104;5
SIGNEM;109;15.05.1982;0;109
NURINISA;109;26.10.1958;0;109
ALTUNA;109;14.08.1960;1;108
GENCALI;109;21.03.1961;109;0
SAFFAT;109;1.05.1957;96;13
NUTULLAH;109;6.02.1968;109;0
EFRUMIYE;109;16.05.1959;0;109
ESHET;109;5.01.1971;109;0
SUTI;109;10.07.1947;1;108
IMRE;109;28.02.1972;22;87
ISPIR;108;9.03.1958;80;28
SADDIK;108;3.10.1971;108;0
MEYESE;108;20.01.1966;0;108
SACIYE;108;15.11.1964;0;108
NESIBA;108;5.11.1966;0;108
ZERCAN;108;12.01.1964;0;108
BEYCE;108;11.11.1964;1;107
FEZAIR;108;18.10.1952;108;0
FADIGUL;108;18.10.1961;0;108
SEMSUL;108;19.05.1949;0;108
GULIHAN;108;16.05.1965;5;103
GAFAR;108;15.05.1966;106;2
HURUYET;108;15.04.1966;13;95
RUKAN;108;19.04.1982;27;81
BILGER;108;13.04.1965;13;95
SAKIFE;108;12.09.1968;0;108
KESUME;108;17.09.1971;0;108
SUNBULE;108;16.02.1954;0;108
ABDULKAHHAR;108;14.12.1970;108;0
SONGUR;108;22.07.1969;64;44
BESGUL;108;26.09.1972;2;106
SAFETTIN;108;19.06.1962;108;0
SELINAY;108;13.05.1987;1;107
MINNAZ;108;8.01.1961;0;108
LALIFER;108;8.10.1960;0;108
ZULKARNEYIN;108;20.08.1961;108;0
GULUMAN;108;22.07.1962;1;107
GULSADIYE;108;8.11.1960;0;108
MIRAT;108;21.04.1958;39;69
HUSEN;108;3.05.1952;105;3
GOKKIZ;108;17.03.1957;0;108
MESULE;108;24.01.1964;0;108
DERDE;108;27.03.1952;57;51
AVDET;108;6.03.1977;2;106
FEYFURE;108;30.04.1972;0;108
FIRE;108;19.10.1955;0;108
ALATDIN;107;6.12.1960;107;0
ERSOZ;107;19.11.1968;107;0
SERIM;107;20.06.1972;39;68
MUNTAHA;107;14.08.1964;1;106
EMREN;107;19.02.1976;65;42
ZUMRET;107;11.05.1964;28;79
ESRIN;107;8.05.1979;4;103
UMRE;107;11.05.1986;12;95
SENDEGUL;107;13.02.1976;0;107
EDIS;107;17.04.1973;89;18
ABDURAZAK;107;24.12.1962;107;0
EBRIZE;107;12.04.1966;0;107
GULAYET;107;30.10.1963;0;107
FARIKE;107;28.03.1971;0;107
FERFURE;107;3.10.1965;0;107
RIHANE;107;7.01.1954;0;107
MISRA;107;11.01.1984;0;107
DANIEL;107;27.01.1979;106;1
CARULLAH;107;7.01.1972;107;0
YILDA;107;11.03.1979;3;104
GURCIHAN;107;7.11.1966;11;96
ABDULSETTAR;107;7.05.1971;107;0
ANGELA;107;6.10.1972;0;107
MUCDAT;107;5.07.1974;107;0
SERBIL;107;27.10.1970;2;105
FERIKA;107;20.06.1957;0;107
VAHTETTIN;107;13.02.1963;107;0
SIHAT;107;13.04.1966;30;77
YURT;107;12.03.1970;92;15
KUMAS;107;7.03.1957;0;107
KANER;107;26.02.1977;96;11
BETIGUL;107;8.04.1964;0;107
ABUT;107;11.03.1959;107;0
METIHA;107;7.05.1971;0;107
CAMI;107;5.05.1966;104;3
ZEMIRHAN;107;4.02.1970;107;0
RIZKAT;107;26.06.1970;0;107
MELIN;107;18.06.1980;11;96
DERDINAZ;107;13.05.1972;0;107
BENIDE;107;17.04.1961;0;107
TAZEBEY;107;4.05.1961;107;0
HATTUC;107;23.07.1949;0;107
ZEKIRE;106;13.12.1964;0;106
AYISEHAN;106;29.08.1947;0;106
IRSAT;106;30.05.1975;95;11
H;106;23.05.1947;105;1
NAZAHAT;106;10.11.1971;0;106
MAKBULA;106;21.10.1961;0;106
NECIBIYE;106;12.09.1963;0;106
CUMHURIYE;106;11.01.1959;0;106
NAZIMET;106;27.06.1955;0;106
NAMIDE;106;1.11.1968;0;106
ELDEGUL;106;28.12.1969;0;106
NEBAAT;106;1.06.1961;1;105
CIBRAIL;106;18.07.1970;106;0
BEYLETE;106;4.03.1978;0;106
SERINI;106;16.09.1959;0;106
KESIRE;106;19.09.1970;0;106
GUGERCIN;106;4.03.1961;0;106
DIYANET;106;4.11.1985;8;98
KINA;106;13.12.1959;0;106
UFTADE;106;19.04.1952;2;104
NILDEN;106;7.05.1981;0;106
AYGUZEL;106;22.08.1972;1;105
SERGULEN;106;28.10.1973;89;17
OXANA;106;14.08.1977;0;106
OSMANNURI;106;23.04.1964;106;0
MEHEMMET;106;21.12.1962;106;0
ZILEYHA;106;3.08.1960;0;106
ZALIFE;106;15.04.1961;1;105
MIRBEY;106;9.07.1965;104;2
URYAN;105;29.07.1965;86;19
GURSUM;105;1.08.1962;0;105
SEMIRAL;105;30.09.1961;12;93
LALEZER;105;15.09.1955;0;105
DUHAN;105;4.07.1982;82;23
MEHMETHAN;105;6.08.1979;105;0
MUZAFFERIYE;105;29.05.1947;0;105
BERCIN;105;22.11.1982;12;93
IRFET;105;22.06.1964;18;87
ELFESIYE;105;19.07.1976;10;95
NESRETTIN;105;16.11.1964;105;0
MUNIRA;105;16.07.1962;0;105
FATUMA;105;25.01.1967;0;105
ELI;105;28.06.1957;73;32
ISTEM;105;25.06.1982;11;94
MUDRIKE;105;24.05.1971;1;104
FADI;105;3.09.1958;18;87
REFAI;105;13.10.1972;104;1
M.NURI;105;14.10.1953;105;0
SIYAHAN;105;12.12.1972;0;105
YASIYAN;105;11.03.1969;0;105
VECDET;105;27.05.1957;92;13
APDURRAHMAN;105;13.03.1960;105;0
ULUFER;105;3.04.1963;2;103
ZULKADE;105;22.07.1956;2;103
ZELVI;105;21.03.1957;1;104
TUGSAN;105;13.08.1982;103;2
OGUL;105;25.12.1978;81;24
NUHBEY;105;6.05.1964;105;0
GULCEHER;105;16.03.1956;0;105
MESME;105;27.12.1953;0;105
TEKNAZ;105;20.06.1970;0;105
MESRULE;105;8.08.1962;0;105
TOPGUL;105;12.08.1965;1;104
ZEYREK;105;19.05.1969;105;0
NAZIHA;104;17.02.1957;0;104
ESHAN;104;29.07.1966;45;59
GORAL;104;17.01.1967;79;25
ILBAY;104;15.03.1974;102;2
OLCAYTO;104;5.05.1972;103;1
MIGDAT;104;2.02.1964;104;0
KEYFO;104;11.12.1949;102;2
MEMED;104;15.07.1963;104;0
FERSAN;104;26.04.1968;51;53
TURKOZ;104;6.04.1956;34;70
HAVVAS;104;14.03.1967;99;5
HASINA;104;20.12.1961;0;104
MARYA;104;15.04.1970;0;104
BAKIRE;104;14.09.1958;0;104
SEHZAT;104;30.03.1958;94;10
SABINA;104;18.12.1977;0;104
ERGEN;104;4.02.1968;99;5
FIAT;104;2.03.1968;7;97
DILNEVAZ;104;5.11.1972;0;104
GULCIVAN;104;13.02.1963;0;104
PERYAN;104;29.09.1961;0;104
IRADE;104;23.04.1972;4;100
BAHIDE;104;11.05.1960;0;104
ELIDE;104;12.12.1959;0;104
NANIFER;104;4.02.1965;0;104
GULMINE;104;13.02.1968;0;104
PIR;104;7.03.1961;99;5
NINA;104;23.06.1969;0;104
IBADULLAH;104;5.11.1965;104;0
ALIBAZ;104;4.05.1956;104;0
ZINNURI;104;19.02.1963;98;6
GEZER;104;25.07.1959;14;90
BIRINAZ;104;9.03.1969;0;104
TOPI;104;29.05.1956;1;103
MULKIBAR;104;23.09.1963;0;104
ZEMMO;104;11.03.1959;0;104
ARIN;103;5.09.1982;60;43
REZIKA;103;26.11.1968;0;103
TELHA;103;26.07.1969;99;4
ALAETDIN;103;6.04.1958;103;0
NACIFE;103;24.06.1959;0;103
RUYAM;103;17.03.1977;4;99
ANITA;103;7.05.1971;0;103
MAHITAP;103;15.11.1958;0;103
CEFA;103;7.11.1969;67;36
ESMAGUL;103;5.10.1978;0;103
GURAN;103;25.11.1967;81;22
BERRAH;103;2.03.1970;3;100
FEYFURI;103;30.03.1965;0;103
NUREDIN;103;22.01.1970;103;0
NECUDE;103;25.09.1953;0;103
KEJJI;103;4.06.1952;0;103
MUHSUN;103;28.12.1965;102;1
SEVDAT;103;8.02.1970;47;56
HAZRA;103;21.04.1962;0;103
NIDEM;103;17.11.1983;0;103
RAZIYA;103;26.03.1954;0;103
TAHSINE;103;12.09.1952;0;103
LIZA;103;8.01.1968;0;103
OSKAN;103;7.05.1980;101;2
SOFU;103;4.04.1959;103;0
IFAZE;103;1.08.1953;0;103
CEMAZIYE;103;8.03.1954;0;103
MUSLUMAT;103;6.07.1960;0;103
NEVBER;103;4.05.1950;0;103
MUSALIYE;103;20.11.1957;0;103
GULVADE;103;25.02.1959;0;103
NILSEN;103;6.12.1972;0;103
RAIKA;103;19.06.1957;0;103
BEREN;103;5.09.1987;8;95
ARSEN;103;16.07.1969;81;22
GUNAR;103;17.04.1957;9;94
ALISE;103;17.07.1958;0;103
URUN;103;14.01.1982;26;77
ILKKAN;103;5.12.1984;97;6
DURDUGUL;103;17.06.1963;0;103
SOSAN;103;5.01.1957;6;97
OYKUM;103;11.09.1985;6;97
BEKDAS;102;27.10.1957;102;0
HATCA;102;22.09.1954;0;102
SEYNAZ;102;4.04.1973;0;102
MIRO;102;20.06.1945;84;18
RADOS;102;3.02.1972;0;102
DURKAYA;102;4.04.1965;102;0
LUTVIYE;102;26.04.1962;0;102
SEMAYI;102;11.02.1966;50;52
IKNUR;102;4.04.1975;0;102
MERAM;102;20.09.1972;9;93
SIYABE;102;30.01.1963;0;102
ZELIH;102;23.08.1951;0;102
FERAYE;102;1.03.1969;0;102
MEJNUN;102;23.07.1976;99;3
NAKSI;102;19.10.1963;67;35
SUUT;102;14.01.1978;100;2
ZUMEYRA;102;29.02.1976;0;102
ZERE;102;17.01.1960;0;102
KEVE;102;1.04.1961;0;102
ILFET;102;2.05.1967;30;72
REVA;102;12.04.1982;9;93
EMIL;102;1.06.1969;79;23
ILDEM;102;11.02.1983;6;96
GAZELE;102;2.08.1961;0;102
SENIH;102;18.09.1968;102;0
MUKREM;102;16.09.1961;99;3
FATIYE;102;30.2.1960;2;100
COSKU;102;12.12.1986;78;24
MAVISEN;102;28.06.1963;0;102
TUDU;102;29.10.1949;0;102
AYZER;102;11.01.1969;5;97
FERAMI;102;29.11.1970;102;0
SEYYAT;102;15.11.1967;93;9
ERMAHAN;102;20.11.1970;4;98
BAYRAMHAN;102;10.07.1957;1;101
KURTMAN;102;1.06.1964;102;0
NESEM;102;25.11.1979;0;102
ALPAN;102;18.03.1972;96;6
BOGACHAN;102;25.06.1981;102;0
TAHSIM;102;10.08.1974;102;0
GEHVER;102;16.02.1956;0;102
FADILI;102;3.10.1961;4;98
FERNAZ;101;3.04.1966;0;101
REZZAK;101;18.02.1965;100;1
MUKTAT;101;4.05.1957;101;0
OLTAN;101;20.10.1983;101;0
SUAYUP;101;13.10.1963;101;0
NEVGUL;101;3.06.1970;0;101
NEZMIYE;101;4.09.1962;0;101
GUNAN;101;9.06.1967;70;31
MUZZEYYEN;101;8.06.1975;0;101
ELFESYA;101;11.10.1975;43;58
MEDI;101;5.05.1951;15;86
SOFI;101;15.11.1953;60;41
AVVAS;101;15.04.1959;4;97
KARI;101;30.05.1946;2;99
HEDIYA;101;24.04.1971;0;101
EFSER;101;25.02.1967;6;95
HAYIC;101;14.01.1959;0;101
ALAMEDDIN;101;12.02.1971;101;0
FEDAT;101;12.04.1970;99;2
FECRA;101;2.01.1969;0;101
BAHDISEN;101;14.04.1966;5;96
UZEYFE;101;1.08.1968;65;36
CALE;101;15.10.1962;0;101
LUDMILA;101;17.07.1972;0;101
HUSRA;101;4.12.1984;2;99
DANE;101;17.06.1970;1;100
YENEL;101;24.02.1969;91;10
NEZIK;101;13.09.1961;3;98
HANLAR;101;17.01.1957;100;1
ILMINUR;101;5.03.1975;1;100
SASINE;101;5.08.1958;0;101
TEYIP;101;10.09.1965;101;0
BERTUG;101;18.10.1985;98;3
SERGEN;101;17.08.1983;90;11
IRSADI;101;13.12.1965;101;0
ADISAH;101;30.12.1951;0;101
OGAN;101;16.02.1977;100;1
KALEMZER;101;21.06.1958;0;101
MILKINAZ;101;9.11.1968;0;101
TARLAN;101;20.01.1953;5;96
ERMAGAN;101;3.03.1958;14;87
ARUS;101;26.10.1953;8;93
FEYZANUR;100;1.10.1985;0;100
GOZDENUR;100;15.08.1988;0;100
MEHLIKE;100;2.07.1978;0;100
HAVI;100;24.01.1950;6;94
SAFYE;100;5.03.1964;0;100
RENGIGUL;100;12.01.1966;0;100
RABI;100;13.05.1967;86;14
BEZI;100;5.08.1946;1;99
HUZNIYE;100;16.10.1965;0;100
PORI;100;18.06.1948;0;100
SAGI;100;13.06.1953;5;95
RUHSEL;100;10.06.1958;6;94
SABAHI;100;27.04.1959;57;43
ROBERT;100;5.11.1972;100;0
SEHRAZAT;100;15.09.1970;1;99
NAKIP;100;23.09.1962;99;1
SEVLAY;100;15.07.1973;1;99
FAHRET;100;8.12.1963;99;1
MUNESSER;100;20.08.1959;1;99
SIVEKAR;100;10.07.1947;0;100
TURKKAN;100;20.04.1963;33;67
SIRMALI;100;5.10.1962;1;99
CAGLIYAN;100;27.03.1973;57;43
INCIFE;100;30.11.1959;0;100
NAHIRE;100;9.06.1957;0;100
FAMIL;100;25.01.1966;98;2
BEKDES;100;1.05.1960;100;0
SULTANPERI;100;13.12.1967;0;100
HAVADUDU;100;13.11.1959;0;100
CELEN;100;26.01.1965;4;96
HABBA;100;14.06.1950;0;100
TASFIR;100;4.12.1953;0;100
FIRDANE;99;21.07.1961;0;99
OZKAY;99;12.10.1973;96;3
SAIKA;99;3.07.1966;0;99
KUMSAL;99;27.05.1984;15;84
KALI;99;20.11.1952;95;4
MUKRUME;99;17.10.1961;0;99
UCGUL;99;18.04.1968;0;99
FATIMETUZZEHRA;99;23.01.1966;0;99
BILAY;99;26.07.1974;19;80
ZILAN;99;14.09.1984;35;64
BASER;99;14.03.1972;97;2
HADIS;99;10.05.1973;84;15
ILKIZ;99;20.12.1973;12;87
GULYAN;99;7.07.1965;1;98
NAZLIFE;99;9.03.1961;0;99
ABDULHALIT;99;10.09.1971;99;0
ADULI;99;20.03.1957;0;99
DICLEHAN;99;22.05.1975;1;98
NEHIYE;99;20.07.1958;0;99
AHMETHAN;99;11.08.1973;99;0
BERADIYE;99;23.07.1965;0;99
RUKUYA;99;18.04.1957;0;99
SAIR;99;3.08.1965;93;6
ALLI;99;23.08.1962;0;99
NAIBE;99;4.09.1957;0;99
CAKMAK;99;25.01.1955;99;0
SAHINDAR;99;13.07.1948;0;99
BAGIS;99;16.07.1980;86;13
OZGUC;99;29.05.1984;97;2
KOREL;99;10.02.1974;95;4
NURDEM;99;6.12.1975;10;89
ILTERIS;99;29.03.1979;94;5
HUSAMETDIN;99;12.11.1961;99;0
AYNURE;99;11.01.1963;0;99
RUBIL;99;24.12.1964;99;0
GULLIYE;99;17.09.1966;0;99
PUMPUL;99;20.08.1950;0;99
BIRGEN;99;21.10.1968;7;92
ANAHIT;99;6.01.1946;0;99
AZEL;99;8.09.1963;1;98
GULPAZE;99;1.12.1960;0;99
MEHMETZEKI;99;6.05.1966;99;0
ERSAH;99;5.03.1986;96;3
MIRAZ;99;13.10.1969;94;5
IZAK;99;21.08.1958;99;0
ONNIK;99;16.12.1951;99;0
BERCIS;98;3.12.1962;0;98
ISINSU;98;21.03.1978;0;98
NILSUN;98;2.08.1976;0;98
FEHRI;98;16.06.1960;17;81
BURKAN;98;26.10.1980;93;5
SUKRANE;98;16.02.1954;0;98
CEBIR;98;30.01.1965;98;0
AYSANE;98;6.08.1954;0;98
TOMBUL;98;26.03.1960;3;95
RAHIDE;98;19.08.1960;0;98
RUKIYYE;98;18.01.1978;0;98
SAYCAN;98;29.11.1965;63;35
MESIH;98;18.10.1971;98;0
HELMI;98;14.11.1958;98;0
VELDA;98;28.08.1973;0;98
SAHI;98;8.09.1953;45;53
SEVIS;98;30.03.1937;70;28
NURINNISA;98;5.05.1957;0;98
GULNIHAR;98;8.03.1953;3;95
ENGINAR;98;3.09.1971;0;98
MUZGAN;98;6.07.1960;1;97
FAMI;98;6.05.1965;95;3
RUVIDE;98;12.06.1952;0;98
CUMHURE;98;8.10.1954;0;98
ILMI;98;20.04.1956;90;8
KUSUM;98;12.06.1961;0;98
TOTOS;98;28.07.1955;0;98
EMINDUDU;98;26.08.1958;0;98
FEDIMA;98;2.03.1963;0;98
NAZENI;98;25.07.1951;0;98
TEVCIDE;98;30.11.1952;0;98
BUNYEMIN;97;18.05.1972;96;1
ZAFIRE;97;22.07.1960;0;97
MINURE;97;13.07.1965;0;97
HAKIDE;97;2.02.1960;0;97
OKYAR;97;5.04.1964;96;1
AYLER;97;6.10.1971;0;97
EREL;97;14.01.1969;66;31
NUSIN;97;23.05.1970;5;92
MUKEREM;97;17.12.1970;18;79
HAYATTIN;97;24.02.1966;97;0
MEDIA;97;8.10.1959;0;97
SEVGULU;97;28.03.1963;0;97
SABAHET;97;5.09.1951;0;97
CERRAH;97;10.12.1961;97;0
CAFERI;97;5.12.1964;96;1
ZULKANI;97;4.11.1964;97;0
NEDIHA;97;14.09.1966;0;97
ATIYYE;97;20.02.1961;6;91
HAYRO;97;26.12.1950;50;47
GULIZER;97;7.07.1968;0;97
HANIMA;97;2.04.1955;0;97
RAGIB;97;14.01.1970;96;1
MELEKI;97;6.04.1960;0;97
H.AHMET;97;15.02.1951;97;0
HILAY;97;21.03.1983;2;95
ANTER;97;24.05.1965;97;0
SAYDAN;97;5.06.1966;77;20
RIZAN;97;3.09.1962;27;70
NURISE;97;11.10.1960;0;97
SERKIZ;97;5.02.1951;97;0
NIZAR;97;4.03.1977;94;3
UGURLU;97;5.02.1959;66;31
ORDU;97;4.09.1969;85;12
NEZAYET;97;7.06.1961;0;97
NISANUR;97;20.12.1980;0;97
MEVSURE;97;21.07.1966;0;97
MUHAMBER;97;30.2.1967;93;4
HATIM;97;14.01.1965;87;10
TEFIKA;97;4.07.1964;0;97
VADET;97;27.07.1967;89;8
BILGENUR;97;14.05.1982;0;97
SAYGUN;97;11.09.1974;84;13
SAHMERAN;97;5.08.1960;75;22
GULFIZ;97;28.02.1965;0;97
FURGAN;97;23.02.1983;81;16
MUECCEL;97;19.10.1953;0;97
MIHRIMAH;97;2.07.1970;0;97
ILMUHAN;97;3.12.1960;2;95
NESTEREN;97;10.05.1968;0;97
ENDERCAN;97;30.2.1968;94;3
MUHTESIN;97;29.08.1975;97;0
FERZENDER;97;18.11.1961;97;0
ULGAR;97;13.12.1970;60;37
NASAN;97;30.05.1952;95;2
TAKUHI;97;23.12.1947;0;97
BEDEV;96;18.01.1971;0;96
ABDULHAY;96;14.01.1963;96;0
NAZIDE;96;28.05.1959;0;96
MUFERRAH;96;20.06.1955;4;92
RAYET;96;21.01.1966;46;50
MAHDUME;96;14.04.1954;0;96
ZILFIYE;96;7.04.1960;0;96
NECMEDIN;96;11.06.1969;96;0
VECHEDDIN;96;30.09.1972;96;0
ZAHRE;96;22.05.1964;0;96
PIRUZ;96;6.09.1960;0;96
NISMIYE;96;16.09.1976;0;96
HELEN;96;13.02.1974;0;96
SONI;96;24.04.1958;1;95
MALIKI;96;1.10.1970;78;18
NECIL;96;3.07.1960;95;1
UMUSE;96;23.09.1959;0;96
REKABI;96;7.01.1971;96;0
BAYEZIT;96;8.04.1955;96;0
BAGDEGUL;96;17.05.1975;0;96
IDIRIZ;96;6.12.1962;96;0
UMUSEN;96;2.01.1961;0;96
DUDIYE;96;2.03.1952;0;96
GULCUK;96;4.06.1963;0;96
BUMIN;96;27.09.1970;96;0
GULGUL;96;19.03.1963;0;96
NADEJDA;96;13.03.1970;0;96
MUZELLEF;96;22.05.1958;89;7
YASADDIN;96;28.11.1958;96;0
CEYLIN;96;18.05.1986;2;94
NAMIKA;96;25.07.1952;0;96
RUHNAZ;96;24.04.1959;0;96
UMID;96;1.04.1968;82;14
SIYAHAL;96;4.12.1966;0;96
HURRUYET;96;19.09.1968;13;83
NORIYE;96;1.03.1959;0;96
ZEMINGUL;96;2.05.1963;0;96
MIGIRDIC;96;19.02.1950;96;0
NEVRIDE;95;1.02.1953;0;95
ILYA;95;13.10.1960;42;53
YURDAY;95;24.06.1970;48;47
SENDAL;95;29.09.1969;31;64
SUNGUL;95;22.10.1973;1;94
BUSEYNE;95;28.09.1969;0;95
NEDIMAN;95;3.08.1957;0;95
HASPIKE;95;25.07.1964;0;95
GULCAHAN;95;10.08.1965;0;95
GULMINNET;95;18.07.1960;0;95
SEFINAZ;95;6.02.1963;0;95
FAZLIYE;95;15.02.1953;0;95
LENA;95;25.02.1980;0;95
RUBEYDA;95;7.07.1976;0;95
SUBAY;95;16.12.1970;95;0
SEREFEDDIN;95;18.11.1958;95;0
NASIBA;95;7.05.1957;0;95
LORA;95;15.09.1977;0;95
UMRA;95;2.12.1983;4;91
ASIMA;95;4.07.1961;0;95
MEYRAMA;95;20.03.1970;0;95
NASIHE;95;21.01.1968;0;95
SANDRA;95;7.10.1975;0;95
DURA;95;30.12.1959;2;93
ANJEL;95;22.10.1948;0;95
HUSSAM;95;18.11.1954;95;0
GULKADER;95;1.11.1980;0;95
AYDIL;95;5.10.1968;28;67
SAMMAZ;95;26.01.1966;95;0
GUNSEN;95;2.03.1956;0;95
ZAHLE;95;26.11.1959;0;95
ORHANGAZI;95;9.09.1972;95;0
APTULKADIR;95;4.05.1960;95;0
TULYA;95;16.02.1971;0;95
GULEC;95;16.09.1963;14;81
SVITLANA;95;6.11.1973;0;95
SABANALI;95;28.03.1965;95;0
ILKBAHAR;95;26.02.1969;0;95
NESENUR;95;2.11.1969;0;95
GUNTEKIN;95;18.10.1966;93;2
EMINEHATUN;95;6.07.1967;0;95
SATMAN;95;20.02.1966;0;95
ABIDET;95;29.10.1960;0;95
VATANGUL;95;11.01.1971;0;95
GULSAY;95;5.03.1971;0;95
GULSEKER;95;5.01.1959;0;95
TUTUYA;95;26.09.1959;0;95
FINTOZ;95;20.03.1951;0;95
ABDULGAFFUR;95;11.10.1972;95;0
HUNAV;95;15.06.1963;0;95
MURAZ;95;11.05.1969;83;12
KARIBAR;95;20.01.1969;0;95
MAKFIRE;95;16.06.1955;0;95
NORI;95;24.09.1956;93;2
NURBIYE;95;25.06.1968;0;95
RESLAN;95;19.08.1970;94;1
BAGNU;94;3.12.1977;0;94
KALO;94;24.07.1942;79;15
YALIM;94;22.06.1976;92;2
FIDOS;94;22.05.1945;0;94
MELEKNUR;94;29.06.1974;0;94
NEVA;94;16.09.1976;2;92
ILKGUN;94;15.05.1975;2;92
AFI;94;18.06.1954;10;84
NEFILE;94;7.04.1964;0;94
HEYSEM;94;27.08.1978;90;4
BERFE;94;20.04.1965;0;94
SIYAMET;94;20.01.1974;90;4
VESILA;94;19.10.1969;0;94
LEYLE;94;22.06.1964;0;94
AKIYE;94;25.11.1959;0;94
IMER;94;13.07.1970;24;70
ALTUNGUL;94;29.01.1963;0;94
MUSBAH;94;10.08.1967;93;1
MADLEN;94;24.03.1957;0;94
SEMYA;94;1.11.1976;0;94
TURK;94;16.05.1956;87;7
CAGTAY;94;10.05.1985;94;0
SAFINE;94;6.06.1959;0;94
MESSUT;94;19.01.1972;94;0
GOKCEHAN;94;6.10.1984;47;47
ZIYEDDIN;94;26.01.1958;94;0
BAHTIGUL;94;14.09.1972;0;94
SONUC;94;9.07.1974;19;75
HAVES;93;5.07.1968;3;90
SURBIYE;93;8.09.1962;0;93
AIDE;93;27.03.1965;0;93
HUKMET;93;7.03.1972;57;36
HEMRA;93;17.01.1968;0;93
GUFRAN;93;29.08.1978;29;64
MERNUS;93;11.10.1969;30;63
NASUHI;93;14.07.1964;93;0
ETI;93;28.11.1957;7;86
MAGFIRET;93;21.09.1964;3;90
USAMETTIN;93;22.11.1968;93;0
MELAL;93;30.09.1960;20;73
TANRIVERDI;93;21.01.1963;91;2
BARIKE;93;22.04.1968;0;93
SARISTAN;93;15.07.1972;2;91
HEVE;93;8.12.1953;0;93
BERMAL;93;6.07.1984;0;93
NESLIYE;93;29.05.1958;0;93
TAYIR;93;19.11.1968;93;0
EVCAN;93;30.06.1961;9;84
HATICEANA;93;15.05.1949;0;93
KEREP;93;28.03.1968;93;0
ASINE;93;11.11.1964;0;93
ERIBE;93;19.06.1953;0;93
APDULKADIR;93;12.04.1960;93;0
HASPI;93;11.05.1963;93;0
SADILE;93;24.01.1961;1;92
SURUR;93;3.08.1952;32;61
NECBETTIN;93;14.01.1960;93;0
GADIR;93;27.12.1965;93;0
ERSU;93;14.10.1978;72;21
SAFILE;93;26.08.1959;0;93
ZEHRI;93;7.01.1958;9;84
NECIHA;93;20.03.1955;0;93
CEMIYET;93;1.03.1965;1;92
MAHMUR;93;28.04.1956;3;90
PAMIS;93;26.06.1957;0;93
VESIDE;93;29.05.1955;0;93
KAYAKIZ;93;23.09.1952;0;93
TAGI;93;23.02.1962;93;0
SANIYA;93;28.02.1967;0;93
MEVCUDE;93;30.08.1962;0;93
BARTU;93;14.12.1986;93;0
ZUMBULE;93;16.12.1960;0;93
SIDDIYKA;93;8.02.1947;0;93
CENI;93;8.07.1957;0;93
KUTBEDIN;92;8.03.1970;92;0
PASO;92;28.12.1949;86;6
TEMUCIN;92;29.04.1971;92;0
BELEMIR;92;22.07.1990;7;85
SERMA;92;17.07.1968;0;92
NEVRIZ;92;13.06.1964;23;69
ELEN;92;5.03.1978;1;91
NEJLET;92;1.11.1970;90;2
MELIHSAH;92;4.11.1982;82;10
CENANI;92;15.07.1964;89;3
MUNURIYE;92;27.03.1961;0;92
NERZAN;92;3.10.1964;3;89
FATIGUL;92;1.06.1957;0;92
CEBRIYE;92;23.03.1961;0;92
MISKINE;92;7.04.1983;0;92
NESEP;92;23.06.1963;0;92
GARBIYE;92;13.06.1973;0;92
NOFI;92;21.08.1951;2;90
EVINDAR;92;14.01.1987;22;70
EFEKAN;92;4.06.1985;91;1
NEDYE;92;14.06.1975;0;92
FURUZE;92;30.10.1960;0;92
ELIFA;92;7.08.1970;0;92
ESEM;92;20.12.1981;15;77
RAGDA;92;28.08.1960;0;92
RUSDIYE;92;26.04.1953;0;92
MOSE;92;4.07.1958;92;0
GULTOP;92;1.03.1963;0;92
ECDER;92;18.10.1968;92;0
TALA;92;15.08.1968;8;84
ZERAFET;92;25.07.1961;0;92
MUCAHITTIN;92;12.08.1966;92;0
NURLAN;92;9.07.1970;6;86
ABDUS;92;12.01.1967;92;0
EBAMUSLUM;92;12.08.1967;92;0
MIRBAHATTIN;92;29.03.1971;92;0
ZALA;92;12.09.1961;0;92
IRYNA;92;15.12.1973;0;92
EFILE;92;5.09.1964;0;92
ZEMZE;92;27.11.1961;0;92
MUZEKKER;92;28.06.1952;53;39
NERDANE;92;8.01.1963;0;92
DERIN;92;3.07.1979;47;45
COSAN;92;29.03.1976;84;8
GEVER;92;29.05.1959;0;92
MEMICAN;92;26.01.1972;0;92
SIHI;92;24.05.1961;84;8
LEVON;92;24.07.1956;92;0
SATUT;91;28.03.1951;0;91
ABO;91;16.06.1946;91;0
MUZDELIFE;91;11.03.1964;0;91
BEDRIZAMAN;91;14.06.1965;1;90
MUAMMERE;91;11.11.1945;0;91
HULIS;91;30.06.1964;88;3
SIAHMET;91;9.02.1970;91;0
ILKHAN;91;19.07.1980;83;8
GAZENFER;91;22.10.1969;90;1
GUNTAC;91;22.11.1979;85;6
NEFYE;91;7.05.1959;0;91
ABDULSEMED;91;21.01.1977;91;0
SEMAAT;91;14.02.1959;4;87
CEMILA;91;18.01.1966;0;91
HECI;91;25.11.1941;11;80
ZERKA;91;12.06.1958;0;91
M.RESIT;91;11.11.1952;91;0
NURULHUDE;91;30.11.1973;0;91
BAZIT;91;21.08.1965;91;0
CAZYE;91;18.04.1965;0;91
PIRUZHAN;91;6.01.1955;1;90
NASIRE;91;10.09.1965;0;91
DAVID;91;2.04.1972;91;0
HAYRUL;91;16.04.1967;81;10
NARE;91;19.01.1958;0;91
MUAMMET;91;12.08.1973;91;0
HOKKES;91;22.09.1965;91;0
GOKCEM;91;26.03.1984;19;72
BEHTI;91;24.10.1965;91;0
MUBERYA;91;30.07.1977;0;91
SEFIDE;91;3.05.1958;0;91
MAFIDE;91;14.10.1956;0;91
GULSEVI;91;1.04.1967;0;91
LOMAN;91;15.08.1965;90;1
NACIHAN;91;19.02.1972;2;89
PERUZ;91;2.11.1951;15;76
SONSEN;91;20.04.1976;0;91
SEFAYI;91;8.07.1965;60;31
SEVDAKAR;91;7.10.1958;91;0
AKDOGAN;91;13.10.1955;90;1
GULACAR;91;10.07.1968;0;91
SILAY;91;27.05.1981;5;86
BEHINAZ;91;2.03.1954;0;91
VISALI;91;1.10.1965;91;0
PIRALI;91;4.10.1961;91;0
GULMEMET;91;14.04.1959;91;0
HUHI;91;8.11.1956;0;91
RUHAVZA;91;3.04.1965;0;91
ZAMANHAN;91;7.09.1959;91;0
INCINAZ;91;9.04.1965;0;91
BIRET;91;1.02.1974;89;2
BAHSI;91;11.09.1957;91;0
NUSBET;91;5.01.1975;1;90
EMENTI;91;15.01.1969;0;91
ULFETTIN;91;11.12.1961;91;0
RAIKE;91;4.04.1959;0;91
GULTERIYE;91;3.02.1953;0;91
NURSEDA;90;9.11.1985;0;90
MAKSUDIYE;90;22.06.1958;0;90
HEPSEN;90;18.08.1970;2;88
GULUFE;90;8.06.1964;0;90
SEYIBE;90;24.08.1961;0;90
NEVSAL;90;26.12.1964;2;88
NURSAT;90;24.04.1972;37;53
MEYSERE;90;10.05.1963;8;82
GULCEHAN;90;24.09.1962;0;90
ZUFTU;90;5.06.1964;90;0
ZERGI;90;28.07.1954;0;90
CANO;90;15.05.1960;80;10
AFACAN;90;27.05.1973;90;0
ELIZA;90;1.04.1955;0;90
RAHEL;90;6.09.1953;0;90
ZULFET;90;30.2.1959;16;74
REBI;90;8.05.1964;80;10
BELGIZ;90;25.08.1965;0;90
NACIYA;90;6.07.1966;0;90
AYZIN;90;20.03.1965;0;90
NERIN;90;22.08.1966;5;85
MURTAZ;90;10.03.1962;89;1
ZELIYE;90;17.01.1961;0;90
HUSAMITTIN;90;9.02.1958;90;0
SELAADDIN;90;3.12.1963;90;0
MUGADDES;90;6.01.1966;1;89
UMMIGULSUN;90;14.07.1974;0;90
CAVID;90;6.01.1959;90;0
TORAMAN;90;29.2.1961;89;1
SEMSIDDIN;90;4.07.1960;90;0
ALEYNA;90;9.04.1983;0;90
GULFERE;90;24.09.1955;0;90
NEYYIRE;90;22.07.1956;0;90
SULAY;90;4.03.1974;1;89
ELMAYI;90;30.07.1956;0;90
URHUC;90;28.11.1962;0;90
HAMDINE;90;12.01.1962;0;90
CUMAN;90;22.07.1967;88;2
RIZBAR;90;2.04.1960;0;90
GISVER;90;23.05.1973;0;90
NURCIVAN;90;10.09.1964;5;85
MAZULE;90;13.06.1965;0;90
SUCA;90;6.03.1961;88;2
GULZERIN;90;11.05.1971;0;90
SEHNE;90;8.04.1949;0;90
DIBE;90;5.05.1948;0;90
NURBAKI;89;5.12.1976;79;10
SERDEM;89;30.03.1981;29;60
CEVDAT;89;12.02.1968;89;0
CEMALE;89;20.10.1959;1;88
USLU;89;23.07.1962;47;42
CIHANSER;89;25.08.1966;22;67
ZIRAF;89;4.03.1958;0;89
RANE;89;17.01.1960;0;89
YEKTANE;89;13.03.1960;0;89
CAGNUR;89;22.07.1981;2;87
KOC;89;8.09.1958;89;0
KULU;89;30.01.1953;85;4
GULNAHAR;89;19.08.1958;0;89
NEPTUN;89;13.07.1963;14;75
GULEMBER;89;12.05.1960;0;89
RIFAI;89;16.12.1974;88;1
NALEN;89;8.03.1970;0;89
NAZLICAN;89;21.06.1985;0;89
NADIA;89;2.03.1965;0;89
CELATTIN;89;9.09.1966;89;0
MUGADDER;89;10.02.1965;17;72
IBADIYE;89;29.09.1962;0;89
SORAY;89;28.03.1977;7;82
YEKDA;89;4.07.1974;69;20
SEDAKET;89;7.09.1957;13;76
HALIZE;89;27.11.1959;0;89
GULBEYI;89;8.03.1961;85;4
BEDIRE;89;17.06.1955;0;89
RIZKULLAH;89;16.08.1963;89;0
ILGAR;89;25.08.1967;85;4
SIRINAZ;89;19.03.1972;0;89
FAHRINAZ;89;26.01.1961;0;89
GOKHUN;89;12.07.1984;89;0
KUCUKHANIM;89;20.01.1954;0;89
MESIM;89;23.01.1958;89;0
BEYSAFA;89;25.10.1959;89;0
BEDEVIYE;89;18.12.1970;0;89
SUHEL;89;14.12.1967;31;58
SABRULLAH;89;27.12.1981;89;0
CANSEVEN;89;27.10.1969;12;77
RAHCAN;89;10.04.1969;0;89
IDEY;89;27.11.1957;0;89
TURFA;89;15.01.1962;0;89
KAFAR;88;22.12.1956;88;0
ISRA;88;29.08.1981;1;87
KAMZE;88;8.03.1976;0;88
SEMAHATTIN;88;4.07.1958;86;2
MAISE;88;10.07.1968;0;88
VEFIK;88;19.04.1965;88;0
NAFIE;88;12.09.1959;0;88
MINAVER;88;10.08.1970;0;88
AMAC;88;3.04.1982;85;3
NURSEVER;88;3.09.1973;0;88
SEHLIYE;88;2.08.1969;0;88
SONCAY;88;4.08.1981;47;41
LAMA;88;7.02.1959;0;88
HULIYE;88;5.11.1967;0;88
IDO;88;16.04.1960;81;7
ZUHEYR;88;15.03.1972;88;0
MERGUP;88;6.12.1968;88;0
MURUDE;88;20.05.1961;0;88
DANIYEL;88;10.11.1969;86;2
VATHAN;88;17.11.1960;1;87
HALILE;88;19.09.1961;0;88
RABISE;88;10.04.1950;0;88
CUMASIYE;88;29.07.1966;0;88
SENYIL;88;24.05.1966;10;78
BEYNABI;88;4.08.1957;88;0
ZELVISAN;88;15.09.1956;0;88
YUCENUR;88;3.02.1971;0;88
CAIT;88;13.03.1961;88;0
DINCAY;88;18.09.1975;82;6
SEYRA;88;12.09.1979;0;88
BIRSENGUL;88;27.07.1971;0;88
VADI;88;3.12.1972;80;8
FAMIS;88;23.03.1951;0;88
PAMUS;88;19.08.1947;0;88
ASALETTIN;88;24.04.1969;88;0
SACLI;88;1.08.1952;1;87
KUTI;88;11.08.1938;1;87
HIZIM;88;16.07.1958;0;88
SATIHANIM;88;24.10.1966;0;88
VEFIYE;88;15.08.1957;0;88
MERAK;88;27.06.1976;2;86
MARIKA;88;16.10.1947;0;88
MIHRINUR;87;14.11.1964;0;87
SUAIP;87;2.03.1971;87;0
MUSAP;87;12.06.1987;87;0
EVA;87;6.08.1960;0;87
MEMO;87;15.01.1955;87;0
LARISA;87;4.08.1972;0;87
BEDIZ;87;18.04.1968;10;77
GULSAT;87;7.07.1969;8;79
MUHIYETTIN;87;21.03.1965;87;0
FIRASET;87;21.04.1968;8;79
HURRIYE;87;3.08.1967;0;87
NECADDIN;87;23.04.1957;87;0
TONBUL;87;13.07.1962;3;84
ZULUF;87;13.08.1967;0;87
ISAN;87;17.01.1962;37;50
NEFEL;87;17.08.1978;33;54
NAMETULLAH;87;21.01.1977;87;0
SEYIDHAN;87;11.02.1976;87;0
YASAMIN;87;23.09.1976;0;87
FERIHE;87;27.12.1964;0;87
BENEFSE;87;25.05.1947;0;87
SAYHAN;87;21.04.1968;36;51
LIDYA;87;22.01.1973;0;87
BAPIR;87;6.09.1957;87;0
NECIMA;87;29.04.1971;0;87
EMINEANA;87;28.09.1954;0;87
MERKUBE;87;16.11.1951;0;87
NEVIZE;87;15.02.1964;0;87
LUT;87;6.02.1974;86;1
IMINE;87;11.09.1960;0;87
GULNAZIYE;87;22.07.1962;0;87
FEIME;87;2.12.1960;0;87
GURCAY;87;2.03.1974;67;20
CISE;87;17.05.1983;0;87
MURIFE;87;4.10.1953;0;87
OZKUL;87;1.08.1969;81;6
VIKTORIYA;87;17.08.1973;0;87
ULUHAN;87;4.04.1980;84;3
MINISE;87;8.10.1965;0;87
CEMALETDIN;87;16.05.1959;87;0
EFSANE;87;28.06.1981;3;84
ERDEMIR;87;17.05.1968;87;0
ZULEHA;87;21.05.1962;0;87
NAHIL;87;3.10.1966;85;2
SALIMET;87;25.12.1956;1;86
AGUS;87;14.11.1946;73;14
KADDAFI;87;11.10.1984;87;0
NESLINUR;87;7.05.1979;0;87
MISLIHAN;87;2.03.1973;3;84
DUDI;87;12.09.1949;2;85
YULIYA;87;19.06.1977;0;87
HIVZULLAH;87;7.01.1976;87;0
HUMRISAN;87;26.03.1964;0;87
DERDO;87;19.11.1952;0;87
HUCUZ;87;4.11.1963;0;87
REBEKA;87;25.06.1940;0;87
MENZIL;86;3.06.1974;5;81
SEMSIBAN;86;4.08.1963;0;86
AZET;86;2.05.1965;13;73
ZEMCI;86;7.01.1964;86;0
GULSANI;86;6.04.1964;3;83
TURUL;86;12.08.1967;78;8
ZELEYHA;86;17.09.1952;0;86
ASINA;86;7.07.1978;1;85
GUDRET;86;25.02.1968;35;51
RAGBET;86;11.07.1957;2;84
PERRIN;86;23.07.1971;0;86
GAMZEGUL;86;1.12.1986;0;86
FERHAD;86;26.04.1972;86;0
MAGBULE;86;11.06.1965;0;86
SATUK;86;19.09.1974;80;6
ZULGANI;86;24.08.1971;86;0
NEFYA;86;5.10.1964;0;86
TARZAN;86;23.12.1970;86;0
MEYSO;86;4.07.1962;0;86
ABDU;86;25.12.1957;86;0
SEVKA;86;19.05.1955;0;86
YAZAR;86;22.09.1978;61;25
ZIYAADDIN;86;15.11.1962;86;0
MEDIN;86;18.06.1969;83;3
MESIDE;86;23.06.1965;0;86
ERGANI;86;11.01.1976;86;0
HAVZE;86;6.07.1969;0;86
NEDAI;86;16.04.1966;86;0
TASDEMIR;86;10.06.1954;86;0
OZTAN;86;1.01.1968;69;17
OZLENEN;86;3.12.1973;12;74
SEMUDE;86;21.04.1963;0;86
BALKIS;86;12.01.1959;0;86
NURYE;86;27.12.1964;0;86
ALA;86;4.05.1970;11;75
SEFRA;86;27.10.1971;0;86
SUSE;86;11.01.1947;0;86
NURGEN;86;25.05.1969;0;86
FIKAR;86;1.06.1952;1;85
HAKINE;86;9.09.1962;0;86
BELINDA;86;16.04.1978;0;86
REFIYA;86;15.10.1967;0;86
SENTENET;86;28.11.1973;0;86
GULEMIR;86;29.2.1967;83;3
AVAT;86;19.12.1961;86;0
DURSADIYE;86;30.08.1964;0;86
HAYATIN;85;4.09.1962;83;2
BILALI;85;7.02.1975;85;0
GULSELIN;85;3.03.1970;0;85
MUNIRIYE;85;5.11.1961;0;85
SAYDAM;85;11.02.1961;75;10
BARI;85;8.01.1958;85;0
YASINE;85;22.10.1975;0;85
SAFIKA;85;5.09.1955;0;85
BEHYE;85;29.06.1966;0;85
MENIRE;85;5.07.1961;0;85
FAHIDE;85;30.01.1967;0;85
VASIL;85;2.01.1956;85;0
ZILKADE;85;5.05.1957;0;85
SULHAN;85;18.12.1965;50;35
SEDI;85;25.11.1959;67;18
HINDISTAN;85;29.01.1978;4;81
ZARUHI;85;20.11.1944;0;85
PERIHA;85;30.09.1955;0;85
MENDUFE;85;12.07.1962;0;85
NEDIRET;85;15.05.1965;12;73
AZINE;85;6.08.1962;0;85
FERDIN;85;15.10.1972;81;4
SURIYA;85;6.01.1964;9;76
NERVIN;85;24.03.1967;3;82
YESEREN;85;26.08.1977;1;84
CETINKAYA;85;29.2.1947;84;1
KLARA;85;22.03.1949;0;85
NURIYA;85;29.03.1964;0;85
NURMELEK;85;16.02.1975;0;85
GULNEHAR;85;7.04.1955;4;81
SEVMIYE;85;26.02.1954;0;85
ELBEY;85;29.12.1966;85;0
KARAR;85;16.11.1959;5;80
HURUNAZ;85;2.04.1963;0;85
AY;85;12.12.1953;15;70
ATANER;85;2.11.1969;85;0
ENVERIYE;85;26.12.1949;0;85
KUDDIS;85;25.04.1963;85;0
AHYA;85;15.03.1963;85;0
RUHEVZA;85;22.02.1963;0;85
SAFII;85;18.04.1974;85;0
BENEFS;85;25.06.1956;0;85
GULBAKI;85;27.04.1953;11;74
MUZELFE;85;10.05.1963;0;85
ABUSEYF;84;17.12.1958;84;0
MAHSUT;84;11.07.1968;84;0
MUHUDDIN;84;5.05.1962;84;0
GABRIELA;84;8.12.1976;2;82
SAHANDE;84;8.03.1958;0;84
NURTAS;84;3.01.1975;19;65
MUCIBE;84;3.11.1956;0;84
BENEVS;84;11.11.1966;0;84
KAFER;84;18.12.1964;84;0
HEDYE;84;19.06.1972;0;84
NUCUDE;84;28.03.1960;0;84
YAZIYE;84;29.01.1968;0;84
ADO;84;14.07.1942;43;41
FAYSEL;84;12.03.1973;81;3
HACE;84;24.04.1952;8;76
MARTA;84;16.07.1957;0;84
UGURAY;84;5.03.1979;67;17
NEJDI;84;25.02.1964;84;0
LAHDO;84;7.05.1960;84;0
BAHTI;84;6.01.1964;50;34
SEVDAN;84;2.06.1970;16;68
ABDURRAKIP;84;30.09.1970;84;0
GULMINAZ;84;26.08.1958;0;84
ILBEGI;84;28.01.1950;84;0
KAYACAN;84;26.07.1980;84;0
SEVIKA;84;5.03.1963;0;84
ALAYITTIN;84;15.05.1963;84;0
NUKRETTIN;84;25.12.1961;84;0
SELAETTIN;84;24.02.1953;84;0
MUHIBBE;84;29.09.1949;0;84
MENSURI;84;30.11.1971;84;0
BILGESU;84;28.12.1987;3;81
SELFI;84;8.06.1961;2;82
SATIMEHMET;84;1.10.1960;84;0
IZDIHAR;84;26.06.1968;0;84
BAYBORA;84;23.07.1978;84;0
SUNDAY;84;29.2.1971;70;14
KIBARA;84;18.09.1957;0;84
FATILI;84;9.01.1959;0;84
BIBI;84;23.05.1964;0;84
HIVDA;84;4.08.1987;0;84
HANSEY;84;8.03.1957;0;84
MAVA;84;23.12.1958;0;84
CIMENGUL;84;14.06.1970;0;84
GASSAN;84;8.11.1965;84;0
HAGOP;84;13.05.1961;84;0
SADIR;83;6.11.1963;80;3
TULGAY;83;27.07.1970;79;4
MAHIBE;83;8.01.1963;0;83
IMI;83;24.03.1940;0;83
MEKSELINA;83;4.12.1969;54;29
MUGRIYE;83;10.07.1948;0;83
BAHTISAN;83;9.12.1968;2;81
SAHTURNA;83;11.03.1977;0;83
SEHAP;83;20.07.1959;69;14
NUBER;83;12.10.1958;1;82
SERIFA;83;28.09.1970;0;83
KEDER;83;23.11.1980;13;70
RAKKIYE;83;30.04.1969;0;83
CEBRI;83;6.10.1966;83;0
MEKIYA;83;10.04.1977;0;83
AVIS;83;12.12.1951;2;81
PELDA;83;2.08.1989;0;83
REHMI;83;2.08.1957;64;19
GURCIN;83;19.10.1965;11;72
FETIN;83;24.11.1965;79;4
BAZI;83;25.03.1966;61;22
SALIBE;83;30.06.1961;2;81
NARGIHAN;83;7.09.1979;0;83
TARUK;83;9.04.1969;83;0
NESLAN;83;2.06.1959;0;83
NURSES;83;29.09.1972;14;69
ZULUFE;83;6.06.1962;0;83
MEYDIN;83;19.01.1958;83;0
HATICEGUL;83;10.02.1964;0;83
RUHSET;83;3.08.1955;10;73
GULNISAN;83;8.10.1957;0;83
OZGENC;83;9.09.1976;82;1
AYTURK;83;6.12.1971;66;17
SULIYE;83;23.01.1964;0;83
ZUMRU;83;10.05.1958;17;66
HURISAN;83;30.01.1962;7;76
ELVIRA;83;21.01.1973;0;83
NERDIN;83;12.08.1967;13;70
SAHINER;83;20.08.1965;33;50
UMRUYE;83;18.08.1960;0;83
DONMEZ;83;27.11.1966;70;13
BEDIRETTIN;83;21.03.1969;83;0
BIKEM;83;25.07.1978;0;83
GULAV;83;8.04.1965;0;83
LIYATTIN;83;11.12.1967;83;0
MUGDET;83;5.09.1965;82;1
IRIS;83;20.07.1975;1;82
KAMERIYE;83;15.02.1955;0;83
M.KEMAL;83;13.01.1946;83;0
SENGULER;83;25.12.1962;2;81
HANKIYE;83;28.04.1951;0;83
ALTEY;82;29.12.1949;0;82
VEHIDE;82;7.08.1955;0;82
REFIGA;82;26.08.1960;0;82
VISAL;82;16.02.1963;6;76
HANIMGUL;82;8.06.1965;0;82
RUHSER;82;24.07.1951;0;82
NURHAL;82;25.12.1964;10;72
TUGBANUR;82;3.08.1988;0;82
GULENNUR;82;4.03.1970;0;82
HATAI;82;14.11.1942;1;81
NASIME;82;16.08.1965;1;81
PERHAN;82;15.04.1968;2;80
BESRI;82;30.05.1967;72;10
ZUBIYDE;82;2.05.1960;0;82
TOPRAK;82;20.04.1983;53;29
FARAH;82;19.07.1976;2;80
MUSRIKE;82;4.08.1966;0;82
DIYATTIN;82;1.05.1977;82;0
SANYA;82;14.05.1971;0;82
REDDA;82;10.03.1968;0;82
REYYA;82;29.09.1962;0;82
MAHREM;82;16.07.1967;79;3
AYYUCE;82;24.05.1985;1;81
SEMIME;82;4.06.1956;0;82
UMREN;82;12.05.1970;3;79
UMIHAN;82;24.05.1971;0;82
VERGUL;82;28.07.1969;5;77
SIMAMPERI;82;14.08.1969;0;82
MESKULE;82;8.08.1961;0;82
KABIYE;82;9.07.1969;0;82
ZORBA;82;14.05.1952;81;1
TURKCAN;82;25.09.1968;57;25
ZEYKIYE;82;20.03.1966;0;82
TUZIN;82;13.05.1966;0;82
GULNAZLI;82;29.06.1961;0;82
GULDUREN;82;28.10.1958;0;82
SACID;82;25.03.1976;82;0
IBAT;82;29.01.1961;81;1
SUMERAY;82;12.12.1967;0;82
TESBIRE;82;29.06.1955;0;82
ISTEMI;82;24.03.1974;76;6
FILIZAN;82;11.11.1963;2;80
SERTEL;82;4.09.1969;78;4
SALEH;82;5.06.1963;81;1
PAYENDE;82;20.02.1953;0;82
MISAK;82;15.11.1952;82;0
FERANAZ;82;10.02.1959;0;82
YURDACAN;82;1.10.1962;46;36
NURSENA;82;12.06.1982;0;82
YASATTIN;82;14.10.1959;82;0
YAZDAN;82;29.05.1964;78;4
ILTIFAT;82;12.03.1964;3;79
SAFYETE;82;18.12.1966;0;82
SUKURNAZ;82;18.08.1962;0;82
SONCAN;82;16.07.1978;8;74
MABER;82;30.07.1950;0;82
AHCIK;82;4.07.1952;0;82
BILUN;82;23.01.1979;0;82
SEKRA;82;7.11.1964;0;82
SARVEN;82;18.07.1979;82;0
REMIYE;82;14.01.1956;0;82
BERCUHI;82;24.10.1938;0;82
ISMIHANI;82;27.06.1958;0;82
CEZANUR;81;2.08.1968;1;80
ISMICAN;81;9.10.1969;2;79
BESIN;81;6.12.1971;58;23
CEVIDE;81;21.02.1963;0;81
GURSER;81;23.03.1963;7;74
GULBER;81;2.09.1966;0;81
FATIHE;81;28.12.1973;0;81
EBUZEYIT;81;15.01.1961;81;0
SELAMEDDIN;81;10.11.1965;81;0
HADLE;81;30.12.1957;0;81
NUHAT;81;10.07.1979;18;63
AKIME;81;9.06.1959;0;81
SAFIYET;81;14.11.1962;3;78
NEDIRE;81;8.05.1960;0;81
GABRIEL;81;29.05.1983;81;0
DIBO;81;6.08.1961;79;2
ABITTER;81;7.05.1969;81;0
ERGUT;81;21.01.1961;81;0
GULICAN;81;5.08.1967;43;38
GIYASI;81;22.12.1969;81;0
SUKRUNAZ;81;5.11.1955;0;81
GULUMAY;81;6.08.1964;0;81
RUHANI;81;28.09.1973;68;13
ELYASA;81;9.11.1973;79;2
NEYIRE;81;2.10.1959;0;81
MUKIM;81;21.10.1957;80;1
AKCAN;81;15.03.1973;57;24
HACIHAN;81;17.01.1955;2;79
BILGAY;81;19.10.1973;24;57
MELIZ;81;7.12.1981;0;81
AFIZE;81;19.02.1959;0;81
TURIYE;81;3.05.1956;0;81
SERIFALI;81;1.02.1963;81;0
TORE;81;22.05.1981;55;26
NAZIGE;81;20.03.1948;0;81
TATYANA;81;1.09.1973;0;81
SEBIYA;81;1.12.1967;0;81
SEVKE;81;11.10.1961;0;81
AYKIZ;81;12.02.1970;0;81
SEMEHE;81;16.08.1958;0;81
KULI;81;23.11.1937;18;63
ENTIKA;81;24.05.1966;0;81
FERRUHA;81;5.03.1955;0;81
APTIL;81;1.08.1962;81;0
SEVGUZEL;81;24.02.1970;0;81
MAHTUME;81;21.04.1950;0;81
CEMIYLE;80;1.02.1962;0;80
ZELISAN;80;10.02.1966;0;80
ELAADDIN;80;26.10.1954;80;0
SABATTIN;80;26.12.1963;79;1
SOSEY;80;6.11.1954;0;80
CERAN;80;4.04.1963;7;73
MESERET;80;13.12.1960;1;79
ETER;80;30.09.1960;0;80
BAHADIRHAN;80;28.11.1984;80;0
INNA;80;24.05.1975;0;80
SEMSINAZ;80;4.04.1958;0;80
BIRSIN;80;4.05.1963;16;64
MELIYHA;80;30.12.1961;0;80
MUSEVVER;80;24.01.1954;0;80
KAMELYA;80;19.04.1976;0;80
EYTAN;80;11.06.1976;16;64
CESARET;80;1.03.1971;66;14
GULFILIZ;80;14.11.1968;0;80
GAZALEY;80;18.06.1960;0;80
SAKINA;80;4.05.1965;0;80
HAMAME;80;11.04.1954;0;80
GEZI;80;28.04.1950;1;79
ZUMRUTE;80;15.06.1969;0;80
SAMIRAN;80;17.10.1967;3;77
HILIYE;80;10.10.1959;0;80
CELADDIN;80;3.08.1968;80;0
KUDRETTIN;80;13.10.1967;79;1
MIHAL;80;17.02.1968;36;44
SEBIA;80;18.09.1958;0;80
SANIZE;80;12.05.1960;0;80
SENAM;80;24.01.1961;0;80
HANIMNAZ;80;4.02.1962;0;80
MUDAHIR;80;3.05.1964;80;0
HAYRIDDIN;80;14.05.1956;80;0
ZUVER;80;27.01.1962;75;5
BEHRI;80;25.02.1955;69;11
NURAYAN;80;10.01.1966;1;79
SEKIFE;80;18.03.1953;0;80
SAYINUR;80;24.07.1960;0;80
YASIM;80;8.04.1965;71;9
MELEMSE;80;15.02.1960;0;80
GOKTAY;80;8.10.1976;80;0
VESIYE;80;17.02.1969;0;80
ESBENDER;80;6.03.1953;80;0
HANPASA;80;23.12.1951;0;80
GULMELEK;80;4.11.1969;0;80
YEDIGUL;80;15.04.1967;0;80
FUHAT;80;7.01.1970;80;0
OKTAR;80;10.12.1964;80;0
BERA;80;28.12.1970;18;62
KIYAM;80;19.01.1960;79;1
MUTLUAY;80;16.02.1977;50;30
TAKSIME;80;24.02.1968;0;80
NENEHANIM;80;24.05.1944;0;80
YENIDUNYA;80;10.01.1969;1;79
HEYECAN;80;1.05.1968;12;68
HEYIFHAN;80;17.10.1972;0;80
FECER;80;12.11.1970;0;80
MEHMETSIDDIK;80;13.02.1969;80;0
MAIZER;80;28.01.1937;0;80
LEMZIYE;80;6.10.1956;0;80
ROBER;80;4.09.1963;80;0
ZELLUH;80;12.07.1954;0;80
ESO;79;6.08.1953;5;74
HUMEYRE;79;30.04.1957;0;79
MENZURE;79;3.10.1960;0;79
ZEMHANUR;79;11.06.1958;0;79
CEZMIYE;79;3.11.1960;0;79
OMERULFARUK;79;20.01.1965;79;0
TUGKAN;79;5.04.1985;79;0
SELADDIN;79;13.09.1960;78;1
BATURALP;79;29.03.1987;79;0
FIRGANI;79;17.05.1959;79;0
MAYIR;79;30.10.1964;78;1
ABDULMENNAN;79;13.03.1967;79;0
UBEYD;79;11.02.1977;79;0
SIYAM;79;26.07.1975;27;52
FIDAYET;79;10.12.1963;26;53
SARAFETTIN;79;22.08.1969;79;0
NESIMA;79;25.05.1968;0;79
FERAC;79;8.02.1960;79;0
ELHAM;79;19.09.1976;13;66
VELICAN;79;12.05.1981;59;20
ERSAT;79;3.01.1985;79;0
SIBLI;79;10.02.1962;79;0
NADIYA;79;23.11.1966;0;79
ARFE;79;19.12.1965;0;79
SUULE;79;17.10.1970;0;79
HALITTIN;79;17.11.1954;79;0
MERIBAN;79;18.07.1966;0;79
MESURIYE;79;1.01.1965;0;79
SUHAYIP;79;4.03.1971;79;0
MAVIZER;79;29.03.1964;0;79
SALISAR;79;28.08.1959;0;79
SECILAY;79;9.05.1984;0;79
GURBEY;79;26.05.1985;78;1
ZUHURI;79;7.04.1958;79;0
ASLIM;79;18.02.1969;5;74
NURMEHMET;79;11.03.1971;79;0
MESIRE;79;21.05.1964;0;79
ONCAY;79;7.04.1974;61;18
IRADET;79;24.05.1957;4;75
GUZADE;79;18.05.1959;0;79
SEFAATTIN;79;26.12.1964;76;3
MULISE;79;23.11.1965;0;79
MAYDA;79;13.10.1961;0;79
KILICASLAN;79;9.03.1966;79;0
CEMALIFER;79;21.11.1956;0;79
EVSAL;79;21.08.1965;68;11
YERVANT;79;25.03.1954;79;0
NAHAR;79;10.09.1962;17;62
NEVSER;79;1.06.1963;1;78
CIMSIDE;79;26.06.1970;0;79
MISRIHAN;79;3.06.1970;0;79
REYNA;79;19.06.1955;0;79
MIRDESI;79;25.04.1957;0;79
YADULLAH;79;16.08.1959;79;0
ZINYET;79;24.03.1959;0;79
ANZELHA;79;12.12.1966;0;79
YUDA;79;27.11.1947;77;2
HAYRINAZ;79;30.07.1962;0;79
ZEHTE;79;10.09.1954;0;79
TOZAK;79;8.03.1960;2;77
ASA;78;9.03.1944;1;77
ALIATTIN;78;17.04.1963;78;0
BATTALGAZI;78;24.06.1972;78;0
MUSAVET;78;16.08.1968;5;73
ABAMUSLUM;78;15.03.1962;78;0
ARTEMIZ;78;3.02.1965;16;62
NESLIHA;78;7.05.1971;0;78
GULLUSTAN;78;7.07.1966;0;78
AYKURT;78;3.07.1969;74;4
NURUYE;78;2.08.1958;0;78
MAKBULIYE;78;3.02.1960;0;78
FILIZE;78;3.12.1964;0;78
H.ALI;78;26.10.1951;78;0
ESMEGUL;78;28.06.1974;0;78
KANDIL;78;2.07.1978;15;63
PERVIL;78;6.03.1970;38;40
NURIHAN;78;8.01.1961;4;74
AYTAS;78;10.02.1974;61;17
SENNURE;78;25.03.1964;0;78
SOHEYLA;78;23.08.1966;0;78
DILCAN;78;24.06.1978;2;76
SEHADET;78;2.03.1970;10;68
GULEYHAN;78;17.10.1972;2;76
ABDULMANAF;78;16.12.1972;78;0
DIRRI;78;20.12.1946;3;75
ZULFA;78;16.04.1969;0;78
ZENNUN;78;22.04.1963;74;4
VIYAN;78;3.09.1986;0;78
HANA;78;23.05.1953;1;77
REVAN;78;9.09.1979;15;63
AYSALI;78;28.11.1955;0;78
DUNYAMIL;78;23.08.1965;78;0
MESGULE;78;2.03.1966;0;78
EFTADE;78;13.05.1956;0;78
MESUR;78;5.12.1968;40;38
APUL;78;13.11.1951;78;0
RESET;78;19.12.1964;77;1
SAHIGUL;78;9.06.1961;0;78
NEVIRE;78;15.11.1956;0;78
YESIRE;78;4.03.1963;0;78
NECAITTIN;78;28.11.1953;78;0
SEIDE;78;3.12.1956;0;78
TUGFAN;78;18.10.1978;78;0
AYTUR;78;4.12.1972;46;32
YARKIN;78;25.08.1982;75;3
VELIDDIN;78;26.08.1955;78;0
NERIM;78;22.11.1959;35;43
ABDULKASIM;78;10.06.1964;78;0
BILTEN;78;22.09.1974;0;78
EVSEL;78;6.09.1960;35;43
ELFAZ;78;25.03.1954;71;7
MELEKPER;78;10.01.1958;0;78
CENNETIYE;78;25.10.1964;0;78
TIMURHAN;78;21.05.1976;78;0
MUAFFAK;78;11.10.1964;77;1
SARIKIZ;78;12.10.1959;1;77
URGUC;78;8.06.1962;0;78
NURSU;78;29.07.1976;1;77
TASDAN;78;1.11.1956;51;27
MOHBET;78;3.12.1964;0;78
SEVDINAZ;78;14.07.1967;0;78
UZUM;78;5.10.1956;0;78
ASIMET;78;14.04.1959;1;77
ZURUYE;78;27.06.1959;7;71
ORKUT;78;16.12.1982;78;0
M.HANIFI;78;30.07.1954;78;0
BEGLIYE;78;20.10.1949;0;78
DERIH;78;24.05.1973;78;0
VENUS;78;12.07.1973;4;74
RABEY;78;25.01.1949;0;78
ENIZE;77;14.01.1971;0;77
HEZO;77;18.11.1953;0;77
ALAADIN;77;24.11.1969;77;0
AHENK;77;24.02.1981;2;75
GAMBER;77;16.12.1967;77;0
AYCEN;77;7.07.1973;4;73
NURDENIZ;77;16.08.1978;2;75
GULSAHAR;77;9.08.1960;0;77
MEHMETHANIFI;77;18.02.1971;77;0
SAZIDE;77;23.02.1962;0;77
OZGER;77;30.01.1971;65;12
VARLIK;77;14.08.1972;49;28
MARDIYE;77;9.05.1974;0;77
MENAN;77;29.10.1970;68;9
MIR;77;21.08.1965;75;2
MOMINE;77;29.01.1958;0;77
CERKES;77;4.08.1948;71;6
MEZIYYET;77;17.12.1946;1;76
MULTEZIM;77;26.01.1970;19;58
DERSIM;77;5.05.1980;24;53
LILIANA;77;30.2.1973;0;77
ADAM;77;7.03.1971;77;0
NECIYE;77;11.08.1963;0;77
MUREN;77;28.11.1966;40;37
CEVHERE;77;10.02.1956;0;77
HAMIL;77;21.11.1958;66;11
SEYDAN;77;20.11.1972;58;19
SABI;77;26.12.1960;69;8
METINER;77;29.11.1957;77;0
TERKAN;77;4.04.1976;74;3
SERIFANA;77;22.09.1962;0;77
HATIC;77;4.09.1964;0;77
NARKIZ;77;13.09.1960;0;77
MAFER;77;2.01.1962;17;60
KITABIYE;77;19.07.1966;0;77
SEMSETDIN;77;3.10.1963;76;1
NURCAHAN;77;6.09.1968;0;77
SALATTIN;77;25.06.1956;74;3
SEKERIYE;77;22.02.1964;0;77
TANEL;77;14.09.1971;66;11
HAVACAN;77;11.05.1969;0;77
PENPEGUL;77;5.11.1973;0;77
BADESER;77;22.04.1967;0;77
SAGIP;77;1.10.1966;77;0
BADIYE;77;13.07.1961;0;77
OZGEHAN;77;10.01.1986;21;56
VAIT;77;12.09.1963;77;0
BASKIN;77;17.04.1968;77;0
BEZAT;77;24.07.1969;76;1
TUNER;77;1.03.1968;66;11
NIFSI;77;4.05.1967;4;73
MUHTULLAH;77;27.06.1974;77;0
KARABALIK;77;10.05.1958;77;0
GULVESIN;77;9.03.1968;0;77
SUCETTIN;77;4.11.1968;77;0
ELSINET;77;14.06.1973;2;75
DIMITRI;77;22.12.1949;77;0
ALISAH;77;5.01.1964;76;1
SURMIYE;77;24.10.1964;0;77
MECDI;76;23.09.1958;76;0
SEBATIN;76;1.05.1960;75;1
GURTAN;76;3.01.1969;57;19
FEYMAN;76;8.06.1971;5;71
ALIFUAT;76;30.09.1967;76;0
ECENUR;76;9.09.1989;0;76
ESYA;76;27.12.1957;0;76
SABEDIN;76;16.01.1964;76;0
IHYA;76;24.02.1965;56;20
HAYRUN;76;13.07.1975;8;68
KADIRHAN;76;29.10.1975;67;9
GULPENBE;76;15.01.1958;0;76
ONURALP;76;7.03.1986;76;0
AZIZHAN;76;11.03.1976;76;0
HAN;76;10.09.1956;39;37
GULNIHAN;76;26.07.1977;0;76
IZAFET;76;8.07.1963;2;74
ABDULRAZAK;76;11.03.1967;76;0
DARA;76;21.11.1975;71;5
NEVRAN;76;29.12.1974;7;69
NEDE;76;5.03.1968;0;76
HANNI;76;29.07.1956;8;68
NECET;76;12.02.1966;68;8
GULGEN;76;3.06.1974;2;74
CENGAVER;76;21.11.1970;76;0
HAZIN;76;16.04.1974;41;35
GULAZEM;76;16.07.1966;0;76
NEYFEL;76;27.08.1976;74;2
UNLU;76;8.11.1959;52;24
ZINEP;76;18.04.1948;0;76
MUKBIL;76;30.10.1960;72;4
NAMEGUL;76;22.10.1970;0;76
SEVIK;76;18.03.1961;65;11
ZULHAN;76;25.02.1968;21;55
GULSAHIN;76;15.02.1960;7;69
RAKIM;76;27.07.1959;75;1
ILKBAL;76;5.01.1977;7;69
FIKREN;76;28.06.1965;6;70
ONEL;76;10.02.1962;54;22
HASKADIN;76;28.06.1958;0;76
HURDOGAN;76;14.03.1972;75;1
HULIYA;76;19.11.1970;0;76
FEHIDE;76;22.06.1969;0;76
MELODI;76;4.06.1987;0;76
NURGIL;76;3.07.1973;0;76
KADINSAH;76;21.10.1951;0;76
FERUZAT;76;5.05.1952;0;76
KURBANALI;76;7.10.1960;76;0
TOPALAK;76;9.03.1967;0;76
MUTEZIM;76;9.12.1974;0;76
ABDULMUTALLIP;76;15.01.1977;76;0
PAKI;76;15.11.1962;70;6
HOSKADEM;76;20.12.1965;0;76
GULLABIYE;76;9.04.1958;0;76
SUDRET;76;22.07.1960;0;76
SUCAATTIN;76;23.08.1958;76;0
ERCE;76;28.03.1983;71;5
OLGAC;76;5.02.1983;75;1
HACEY;75;6.08.1944;0;75
EYYUPHAN;75;27.03.1976;75;0
GUR;75;21.02.1966;69;6
NURZAT;75;23.05.1969;73;2
MIYASSER;75;17.11.1973;0;75
AYSEVIL;75;9.06.1974;0;75
CEFAKAR;75;29.05.1974;63;12
RUSKET;75;12.10.1966;0;75
SEHIT;75;22.07.1970;72;3
EBEDDIN;75;4.10.1973;75;0
MESHUT;75;27.04.1969;75;0
RONAYI;75;8.05.1981;5;70
ABDULVAHHAP;75;21.02.1966;75;0
EMINI;75;26.04.1948;0;75
UTMAN;75;17.01.1967;75;0
ABDURRAUF;75;1.12.1963;75;0
BERIHAN;75;11.10.1960;0;75
KANDILE;75;7.12.1969;0;75
HILYA;75;30.11.1958;0;75
SERINE;75;15.12.1964;0;75
CIHANNUR;75;29.10.1973;6;69
NECDIYE;75;25.02.1963;0;75
AYNAZ;75;10.08.1976;0;75
MEHBUBE;75;2.08.1958;0;75
MURFIDE;75;7.06.1964;0;75
SILVIA;75;21.06.1972;0;75
NURHILAL;75;17.03.1975;1;74
EFKAR;75;22.06.1975;46;29
HULVIYE;75;4.12.1960;0;75
GORCEK;75;21.06.1962;0;75
SAVRAN;75;8.11.1962;72;3
GIYMET;75;16.07.1963;0;75
LEYMUNE;75;2.04.1956;0;75
NIZAMETDIN;75;26.12.1961;75;0
MUBERA;75;2.01.1966;0;75
AYSEKADIN;75;12.07.1956;0;75
TACIYE;75;13.05.1962;0;75
BETRIYE;75;9.02.1958;0;75
MORGUL;75;4.05.1970;0;75
UFTADIYE;75;9.10.1949;0;75
FERKAN;75;18.03.1981;66;9
GULBAHCE;75;11.11.1964;0;75
NECIDE;75;15.10.1959;0;75
CIHANKER;75;11.06.1965;73;2
AYBEK;75;14.05.1973;56;19
HANIMZADE;75;7.06.1955;0;75
FERMIN;75;8.11.1967;1;74
ISTEMIHAN;75;5.04.1972;71;4
ARSLANIYE;75;7.09.1969;0;75
MEVHIDE;75;15.05.1967;0;75
BASOL;75;12.08.1969;74;1
VEKILE;75;12.12.1971;0;75
NAFEL;75;7.08.1972;75;0
MENZER;75;6.03.1956;5;70
TUTUYE;75;23.01.1955;0;75
AZEMET;75;17.05.1956;47;28
ZILKIF;75;28.06.1963;72;3
NARGIZ;75;7.02.1967;0;75
NENI;75;17.06.1951;0;75
SIMIZER;75;17.07.1951;0;75
OMURIYE;75;5.04.1967;0;75
NAZIKTAR;75;18.11.1952;0;75
AKSOY;75;2.09.1970;73;2
SESIL;75;7.10.1982;0;75
BEGEY;75;30.01.1956;0;75
AYIT;75;10.11.1966;75;0
JULYET;74;17.04.1962;0;74
MERDAL;74;14.05.1972;61;13
GEVREY;74;1.03.1945;0;74
HANAN;74;27.01.1968;34;40
SUHANDAN;74;17.09.1958;0;74
AMMAR;74;23.05.1984;74;0
HANBEY;74;8.08.1960;73;1
ZERIHAN;74;19.03.1963;0;74
SEVNAZ;74;16.08.1972;0;74
GULLIHAN;74;10.04.1965;1;73
NURETIN;74;20.12.1967;74;0
ECO;74;3.01.1944;4;70
CENET;74;7.08.1968;1;73
SAZIMAN;74;5.08.1953;18;56
AFAN;74;28.04.1969;73;1
MESHUR;74;17.08.1965;20;54
MENISE;74;20.03.1965;0;74
SUDA;74;8.07.1967;1;73
MERYEMHAN;74;6.10.1970;0;74
ZUHDIYE;74;12.02.1954;0;74
RAVSAN;74;5.04.1978;37;37
TELI;74;23.09.1972;10;64
DINA;74;10.11.1966;1;73
DORA;74;17.03.1965;23;51
HATMIYE;74;18.05.1956;0;74
KAZIMET;74;7.08.1954;0;74
RUSDEM;74;6.09.1965;74;0
LOMEN;74;26.12.1964;74;0
MUDDET;74;19.04.1961;51;23
NECLET;74;28.12.1968;72;2
SEGAH;74;15.09.1985;8;66
SAZEN;74;1.12.1953;6;68
ZENNIBE;74;15.07.1956;0;74
OMURHAN;74;12.07.1977;47;27
HUVEYLA;74;28.06.1960;0;74
PULAT;74;7.06.1952;74;0
MUSELLIM;74;1.03.1961;71;3
MESSURE;74;16.03.1966;0;74
IMEHAN;74;4.10.1957;0;74
GURMAN;74;8.09.1970;73;1
SAZILE;74;17.01.1965;0;74
MIHANE;74;26.08.1953;0;74
BASIRI;74;26.03.1967;74;0
EHAT;74;15.03.1969;71;3
NEVAT;74;19.01.1966;11;63
SERTUG;74;28.11.1983;73;1
SEDET;74;6.09.1966;35;39
GULFIRE;74;12.06.1963;0;74
NEFSE;74;10.01.1964;0;74
ILTAN;74;23.08.1966;52;22
HUBUYAR;74;7.02.1964;74;0
SEFALET;74;20.12.1970;7;67
ABUTEL;74;21.12.1957;0;74
ANAGUL;74;12.10.1967;0;74
VAHAN;74;9.05.1954;74;0
REBII;74;3.10.1960;74;0
CEMGIL;74;14.12.1980;73;1
MISLIYE;74;4.12.1958;0;74
GULFIYET;74;3.04.1960;0;74
YAMAC;74;30.12.1979;71;3
HETIKE;74;4.02.1956;0;74
NEBIYYE;74;7.01.1961;0;74
MADEN;73;22.01.1960;65;8
BELDE;73;11.01.1985;0;73
TUGCEM;73;8.07.1988;3;70
CANIYE;73;9.06.1965;0;73
RAIDE;73;6.05.1969;0;73
BEBEK;73;24.06.1967;24;49
MISTO;73;26.05.1935;73;0
SEHLAN;73;7.12.1964;65;8
DURYE;73;4.01.1964;0;73
SEYITBATTAL;73;18.09.1973;73;0
SEFILE;73;24.11.1965;0;73
SABEDDIN;73;16.11.1968;73;0
ALAATIN;73;3.03.1973;73;0
ZIHNET;73;12.04.1966;3;70
FEDILA;73;13.03.1973;0;73
SERDAN;73;27.07.1975;46;27
ATI;73;25.08.1951;15;58
ARNE;73;15.05.1954;0;73
HADILE;73;5.01.1964;0;73
ABDUREZZAK;73;8.02.1972;73;0
SURYE;73;29.08.1964;0;73
FAHAT;73;2.10.1968;73;0
GURNAZ;73;19.10.1965;0;73
SEVAT;73;4.02.1973;58;15
MENDUFA;73;17.10.1967;0;73
SUBEYDE;73;30.12.1964;0;73
MAVILE;73;16.12.1960;0;73
SEYFUN;73;18.02.1972;58;15
MEDAT;73;27.10.1968;66;7
AIDA;73;20.06.1971;0;73
KEHRIBAN;73;15.11.1963;0;73
HAYDARALI;73;21.02.1960;73;0
GURTEN;73;22.01.1956;0;73
GULFIDA;73;30.06.1961;0;73
HACIMURAT;73;22.07.1966;73;0
ULKAR;73;10.12.1956;2;71
GULKAYA;73;29.11.1969;1;72
FARIK;73;10.01.1963;72;1
BAHARGUL;73;29.11.1971;0;73
NAHICE;73;10.04.1959;0;73
MUZGEN;73;4.05.1963;0;73
LUBA;73;9.12.1964;0;73
MEMI;73;24.12.1946;53;20
SEHRIGUL;73;15.07.1967;0;73
YEMIS;73;8.01.1954;0;73
VEZZUHA;73;19.12.1959;0;73
SERDINC;73;1.07.1982;70;3
NAGME;73;23.03.1978;0;73
SIAR;73;11.06.1982;67;6
ORFI;73;5.06.1967;73;0
HURISIMAN;73;14.11.1966;0;73
SEREFIYE;73;30.08.1960;0;73
DONMUS;73;6.12.1957;0;73
FERZEY;73;21.10.1961;0;73
GAZNEY;73;23.02.1961;0;73
NEYUL;73;11.02.1967;0;73
VAIZ;72;7.01.1961;72;0
EKLIME;72;30.03.1964;0;72
SELINA;72;29.12.1981;0;72
UMIYE;72;6.04.1963;0;72
HEPGUL;72;21.02.1963;0;72
SAHHUSEYIN;72;6.12.1958;71;1
BATURHAN;72;5.10.1984;72;0
ULGUN;72;2.03.1965;6;66
MAHBERI;72;28.08.1976;0;72
ZINETE;72;28.04.1958;0;72
MELHAT;72;20.11.1974;0;72
SERGIN;72;21.07.1973;29;43
GULFEHEM;72;6.07.1968;0;72
BASIR;72;23.05.1961;71;1
SAHZEDE;72;20.05.1963;13;59
SABURE;72;20.03.1961;0;72
NABAT;72;19.10.1954;0;72
YERLI;72;19.10.1954;72;0
NAR;72;2.03.1962;0;72
ZEYTUNE;72;22.10.1967;0;72
KEZZI;72;3.03.1954;0;72
MEMDUHE;72;4.03.1952;0;72
AYSO;72;20.12.1941;0;72
AMIRA;72;1.02.1976;0;72
SUUD;72;17.11.1977;72;0
ILCAN;72;13.03.1974;38;34
SOZAN;72;10.05.1963;1;71
EMMUNE;72;2.06.1951;0;72
HALLI;72;15.01.1950;5;67
MUKRIMA;72;5.10.1966;0;72
SEYRIYE;72;26.02.1964;0;72
TEYAR;72;18.09.1969;72;0
REFAT;72;18.05.1965;70;2
NEDIBE;72;26.12.1959;0;72
ANT;72;20.06.1978;71;1
IKBALIYE;72;19.03.1960;0;72
UFUKTAN;72;14.05.1978;67;5
PAKIZAR;72;2.10.1954;0;72
GULMAN;72;6.03.1959;7;65
RADET;72;3.11.1968;37;35
ILIMAN;72;25.05.1961;0;72
GULNADIYE;72;19.11.1961;0;72
SAHINNAZ;72;17.10.1960;0;72
SUSEMBER;72;9.03.1954;0;72
IRFANE;72;28.09.1949;0;72
NEDRETTIN;72;23.02.1962;70;2
PUSI;72;15.04.1946;0;72
ZAHITTIN;72;14.02.1978;72;0
DURANCA;72;20.04.1958;0;72
NURINAZ;72;3.11.1956;0;72
NIYAZIYE;72;30.04.1952;0;72
ALIMET;72;11.02.1955;0;72
EJDAR;72;17.03.1971;72;0
ACLAN;72;6.06.1959;64;8
SEYFIDAR;72;6.01.1953;71;1
BERKCAN;72;21.02.1988;71;1
MIRINAZ;72;6.08.1961;0;72
FERZAT;72;26.09.1967;29;43
CEFAHIR;72;3.11.1967;4;68
TURKHAN;72;22.09.1961;22;50
TEBRIZE;72;30.04.1964;0;72
FAKIRULLAH;72;29.04.1973;72;0
FAYDAGUL;72;4.04.1967;0;72
GULAMIR;72;29.01.1964;71;1
GEVRISAH;72;8.11.1960;0;72
ETIKE;72;30.03.1961;0;72
SOLEY;72;12.08.1971;3;69
FELEKSAN;72;1.07.1950;0;72
IZAR;72;26.02.1956;1;71
TAMIS;71;30.03.1950;1;70
GORKAN;71;28.04.1983;71;0
TEBER;71;18.02.1966;63;8
ELCIM;71;18.03.1981;2;69
IZZETE;71;12.05.1950;0;71
TURKEL;71;21.01.1964;47;24
SAYNAZ;71;3.07.1971;0;71
TALAN;71;20.06.1968;2;69
HAMMET;71;29.12.1960;71;0
TEMIN;71;23.08.1969;67;4
SEVGUN;71;28.11.1971;15;56
GUVER;71;29.01.1964;1;70
MAARIF;71;19.04.1959;71;0
KEYFI;71;21.08.1967;25;46
MEVZIYE;71;26.04.1966;0;71
GARIPCAN;71;2.07.1976;1;70
SUNAN;71;23.08.1965;17;54
EDIM;71;10.09.1970;68;3
GENDUHA;71;22.08.1966;0;71
NEHYET;71;2.09.1974;68;3
BESRAIL;71;25.06.1961;0;71
GULNARIN;71;21.04.1965;0;71
HUREYRE;71;13.11.1976;30;41
TECRIHAN;71;18.08.1964;2;69
GEBRO;71;12.06.1958;71;0
SARAH;71;11.02.1976;0;71
KRISTIN;71;5.06.1979;0;71
YESRA;71;4.11.1977;0;71
GARABET;71;22.02.1957;71;0
GULISEN;71;21.04.1965;0;71
IMRANIYE;71;8.04.1969;0;71
SADIRETTIN;71;1.08.1964;71;0
ULVAN;71;3.12.1960;23;48
SERVETTIN;71;25.01.1961;71;0
RAFIKE;71;10.09.1965;0;71
SERKUT;71;30.05.1977;71;0
SAHSUVAR;71;6.08.1963;66;5
ERDUVAN;71;21.01.1961;71;0
ERGUNER;71;1.04.1969;59;12
SEMIGUL;71;2.02.1970;0;71
AKTEN;71;4.12.1952;4;67
NEVRIGUL;71;8.05.1962;0;71
CEVIK;71;28.09.1958;69;2
CANBOLAT;71;4.11.1967;71;0
VARTANUS;71;5.04.1946;0;71
YAZILE;71;9.06.1953;0;71
ILGIM;71;4.06.1985;1;70
GULHATMI;71;4.10.1954;0;71
TERKADIN;71;24.09.1957;0;71
TENZULE;71;18.10.1957;0;71
SEVSEM;71;10.10.1980;0;71
IKRAMETTIN;71;18.08.1966;71;0
DUDUYE;71;4.03.1955;0;71
LIYADDIN;71;13.05.1972;71;0
SIMZER;71;25.09.1954;0;71
EBE;71;6.03.1955;0;71
KANIZE;71;2.04.1955;0;71
GENCE;71;13.12.1976;50;21
ISTEPAN;71;28.09.1949;71;0
MINNAS;71;20.09.1959;1;70
RUFE;71;15.11.1957;0;71
RESAD;70;13.08.1965;70;0
ALEADDIN;70;14.11.1964;70;0
INKILAP;70;16.02.1963;48;22
FERHUN;70;7.03.1969;56;14
SAHANE;70;14.12.1965;5;65
MULHIME;70;4.05.1953;0;70
BEDIRI;70;20.06.1964;64;6
SANAL;70;23.12.1957;49;21
NURANI;70;5.02.1965;38;32
SIRAZ;70;8.12.1971;10;60
RESULE;70;2.12.1971;0;70
MUHAMMEDI;70;9.04.1964;70;0
ZULKUFLU;70;14.06.1955;69;1
LEMANUR;70;12.01.1963;0;70
GULSUNA;70;16.06.1967;0;70
KAYIM;70;3.11.1970;70;0
BECET;70;23.01.1972;70;0
ESEL;70;15.04.1967;2;68
NUSAMETTIN;70;22.03.1964;70;0
BATAL;70;3.12.1962;70;0
FILLI;70;2.07.1956;0;70
EVSER;70;28.07.1963;3;67
CANSUN;70;22.08.1976;30;40
SINEMI;70;7.08.1950;0;70
ZENUN;70;15.08.1962;70;0
RUKYA;70;18.11.1963;0;70
NIMETTULLAH;70;19.11.1978;70;0
AMILE;70;2.09.1956;0;70
SARAP;70;16.03.1969;0;70
AYNELHAYAT;70;12.08.1961;0;70
MUZEYIN;70;18.10.1963;1;69
UYAR;70;28.02.1969;62;8
MENDUHE;70;29.04.1963;0;70
SAFIYETE;70;14.12.1970;0;70
SUVAR;70;10.11.1974;65;5
UYAN;70;18.06.1971;32;38
SABRIYA;70;5.12.1962;0;70
NUGRAN;70;22.02.1969;1;69
NAZIVER;70;8.01.1957;0;70
NEVRIS;70;18.08.1956;14;56
ILFER;70;26.11.1970;3;67
MUHUDE;70;25.09.1964;0;70
SEMIYHA;70;28.07.1965;0;70
ABDULGADIR;70;21.11.1965;70;0
ZIBIDE;70;20.04.1957;0;70
SAPRIYE;70;19.10.1959;0;70
SELAT;70;8.01.1964;47;23
NEZIYET;70;8.11.1965;0;70
SIFANUR;70;15.12.1985;1;69
ZIYARET;70;27.11.1954;1;69
FERAMIL;70;28.03.1962;70;0
HAKIKA;70;15.02.1955;0;70
ISMAILHAKKI;70;10.06.1962;70;0
YURDER;70;27.11.1969;69;1
BIRCIHAN;70;27.05.1968;4;66
BORAY;70;30.10.1979;68;2
SECAHATTIN;70;11.05.1969;70;0
SIHHAT;70;16.12.1951;13;57
MUSIR;70;12.12.1951;68;2
ALLA;70;17.11.1971;0;70
SU;70;18.04.1982;1;69
DENIZCAN;70;4.04.1988;58;12
NIRAN;70;14.02.1962;2;68
BAYRAME;70;26.02.1954;0;70
ERARSLAN;70;14.02.1971;70;0
KURTUL;70;19.02.1969;65;5
GIRGIN;70;17.02.1962;65;5
ILAMETTIN;70;24.12.1974;70;0
SIHMUZ;70;24.03.1969;70;0
SABAHATDIN;70;26.01.1959;70;0
ZULKIFIL;70;27.08.1957;70;0
MUCADIYE;70;15.02.1965;0;70
ZILFIZAR;70;4.11.1948;1;69
SANIME;70;12.12.1961;0;70
RASID;70;22.09.1968;70;0
SEMENGUL;70;27.07.1965;0;70
SUCATTIN;70;24.05.1961;70;0
SEMSIDE;70;15.11.1953;0;70
PEDRIYE;70;19.04.1961;0;70
BABLI;70;19.10.1967;65;5
BERGE;70;8.01.1964;5;65
HOPAN;70;16.11.1957;0;70
LEDA;70;21.05.1974;0;70
EMIK;69;25.03.1954;0;69
RISKAT;69;4.01.1974;2;67
AHIDE;69;1.10.1965;0;69
BAHADIN;69;22.02.1964;69;0
MENDIFE;69;29.09.1963;0;69
ERIN;69;12.02.1972;33;36
HURSEL;69;1.03.1963;9;60
DONEY;69;28.09.1952;1;68
BIRANT;69;16.08.1974;46;23
GULUMSE;69;16.07.1968;0;69
FILOR;69;11.11.1945;1;68
DUYSAL;69;7.04.1981;11;58
REKIYE;69;8.04.1963;0;69
SEBRIYE;69;21.11.1965;0;69
RECAIL;69;22.03.1964;69;0
MEKBULE;69;9.03.1961;0;69
NEZAN;69;15.03.1972;5;64
ZEKERI;69;6.08.1962;69;0
VECHI;69;27.04.1964;68;1
ESMERI;69;25.08.1960;2;67
NALIYE;69;3.08.1963;0;69
DANYEL;69;10.09.1971;67;2
TEGMEN;69;6.01.1972;69;0
HEDYETULLAH;69;21.04.1978;66;3
LEVZIYE;69;19.08.1964;0;69
GULFARI;69;24.02.1958;0;69
SEFADIYE;69;6.07.1965;0;69
MAHICAN;69;2.05.1959;0;69
IFDADIYE;69;2.10.1960;0;69
ZADIYE;69;22.09.1961;0;69
BEHIME;69;30.06.1950;0;69
NANE;69;22.05.1964;0;69
SAHANUR;69;24.11.1963;1;68
NESEN;69;25.04.1966;4;65
MUCGAN;69;5.05.1963;0;69
SAHATTIN;69;8.04.1958;69;0
ERDURAN;69;18.06.1961;69;0
RUHET;69;30.09.1946;0;69
NUREVSAN;69;22.07.1983;0;69
URKIYA;69;19.06.1961;0;69
MEYHANIM;69;14.12.1947;0;69
RECIBE;69;8.10.1963;0;69
SUALP;69;21.06.1970;68;1
NEBEHE;69;4.06.1954;0;69
NURANIYE;69;8.03.1965;0;69
NURBIN;69;14.01.1969;4;65
PEREN;69;25.01.1980;0;69
OZUN;69;12.12.1981;18;51
VOLGA;69;21.01.1981;54;15
VARTAN;69;1.10.1956;69;0
AYHATUN;69;29.09.1971;0;69
ARTUR;69;22.05.1976;69;0
USTUNER;69;29.04.1969;67;2
MUSIN;69;26.05.1963;64;5
SEVHAN;69;16.10.1977;12;57
BAKIL;69;7.05.1950;69;0
CAGHAN;69;7.02.1985;68;1
KULIHAN;69;9.04.1961;66;3
KERAM;69;17.11.1967;69;0
HEBIP;69;21.12.1963;69;0
CEMALSAH;69;6.04.1969;0;69
UMMUNAZ;69;26.08.1969;0;69
ARIS;69;20.01.1967;49;20
SEVGULLU;69;29.04.1959;0;69
BURGE;69;2.08.1981;7;62
SEFAYA;69;5.11.1952;0;69
GULSIFA;68;5.04.1960;0;68
MAMA;68;27.04.1958;3;65
EDVIYE;68;20.10.1950;0;68
BILKAN;68;6.05.1974;39;29
MUSRA;68;26.04.1983;0;68
FATMAHAN;68;20.11.1953;0;68
ALIZE;68;23.12.1982;0;68
SUBEL;68;21.09.1972;0;68
IZZETIN;68;12.11.1969;68;0
SAMIYET;68;8.06.1968;0;68
MOHUBE;68;4.10.1958;0;68
SEMURE;68;21.08.1974;3;65
DIYDEM;68;30.05.1983;0;68
ABUZEYT;68;7.07.1964;68;0
SORI;68;28.05.1956;1;67
SEBEKI;68;2.08.1970;68;0
ERCUMEN;68;11.06.1966;52;16
SURREYA;68;4.06.1976;1;67
GULUSE;68;26.11.1959;0;68
ABUZET;68;8.09.1966;68;0
SEKIR;68;23.03.1959;37;31
BEDRE;68;27.10.1950;0;68
SEFE;68;25.01.1967;1;67
HISAM;68;13.02.1971;67;1
BEREKAT;68;13.11.1967;68;0
ZEVAL;68;6.08.1970;29;39
SAHPERI;68;17.02.1965;0;68
ARNA;68;27.03.1959;1;67
NAHIYET;68;20.04.1972;4;64
MEYSI;68;19.01.1955;1;67
SEHILE;68;19.12.1967;0;68
ALBER;68;26.09.1956;65;3
TASIM;68;15.04.1965;68;0
KEHLE;68;30.04.1952;0;68
HODA;68;30.07.1959;0;68
GULSEHIR;68;23.11.1958;0;68
BAHAATTIN;68;21.03.1965;68;0
VAFIYE;68;26.10.1953;0;68
RENGI;68;12.03.1962;11;57
ZEYNIS;68;10.12.1957;0;68
DURSA;68;29.02.1968;0;68
MUVECCEL;68;22.08.1958;0;68
GULNARI;68;24.09.1958;0;68
ZEMIN;68;20.01.1966;53;15
ZEYNUN;68;18.08.1959;68;0
YASABEY;68;13.02.1967;68;0
HAMIDULLAH;68;26.01.1977;66;2
IREBIS;68;28.10.1953;0;68
HURUZE;68;26.07.1959;0;68
GULABIYE;68;12.01.1963;0;68
YESILAY;68;15.06.1976;2;66
SEVINDIK;68;29.01.1962;48;20
REGAIB;68;27.06.1983;65;3
MAHSAR;68;21.02.1963;68;0
GULHIZ;68;8.07.1965;0;68
ZELDA;68;1.08.1961;0;68
EBIL;68;28.12.1959;67;1
EBRUL;68;15.05.1979;3;65
BERIYE;68;5.06.1961;0;68
TEHMINE;68;27.10.1968;0;68
ILKEN;68;4.05.1974;23;45
ZORBEY;68;1.05.1974;68;0
SITDIK;68;19.06.1964;47;21
FEHRAT;68;5.06.1967;68;0
ICIM;68;2.04.1974;1;67
FEVRIYE;68;23.06.1954;0;68
SATRIYE;68;16.02.1965;0;68
GULARA;68;11.07.1966;0;68
ZEYFE;68;19.04.1958;1;67
YURDUN;68;21.09.1966;51;17
RUSDI;68;16.10.1952;68;0
HACIHAS;68;5.04.1961;0;68
NECAN;68;29.08.1965;15;53
SEMS;68;24.12.1969;44;24
EFSAL;68;17.08.1961;58;10
GULABAT;68;22.12.1959;0;68
MUSLI;68;15.01.1957;67;1
SAMIZER;68;23.01.1964;0;68
KADINCIK;68;30.10.1951;0;68
KARER;68;10.08.1966;1;67
YUMNU;68;11.04.1956;67;1
TALHAT;68;25.05.1972;67;1
HONE;68;25.03.1956;0;68
AYTER;68;23.07.1954;3;65
ZEYNAR;68;25.06.1966;67;1
BODI;68;12.12.1952;0;68
ZEHEL;68;4.05.1966;0;68
FETHAN;68;24.07.1962;44;24
NADIN;68;19.01.1975;5;63
MAYRAM;68;26.09.1957;0;68
MATIA;68;21.02.1961;0;68
SEYHHAMIT;67;11.11.1963;67;0
NASIM;67;1.06.1967;66;1
ALIBABA;67;3.02.1965;67;0
IZZETIYE;67;21.12.1955;0;67
SEZI;67;8.05.1977;5;62
MILAY;67;20.05.1975;9;58
LILAY;67;30.09.1977;0;67
ARAFET;67;25.05.1971;63;4
MUAVIYE;67;9.08.1969;28;39
SAHBAN;67;14.03.1971;66;1
MUYASE;67;23.03.1960;0;67
SEVRET;67;1.04.1972;32;35
ISALET;67;25.01.1961;7;60
SAYILE;67;27.11.1965;0;67
RUHUYE;67;24.01.1964;0;67
TELLIYE;67;2.04.1968;0;67
AVSIN;67;19.10.1979;51;16
CEVAIR;67;6.11.1960;11;56
EBA;67;3.12.1968;65;2
KAZIYE;67;1.05.1959;0;67
VARIYET;67;12.04.1975;3;64
MENIFA;67;3.03.1970;0;67
DINDARE;67;26.10.1969;0;67
GADRA;67;25.05.1965;0;67
HISSA;67;14.01.1959;0;67
ABDULFERIT;67;16.08.1970;67;0
FAYIKE;67;5.09.1965;0;67
TAVRAT;67;24.10.1954;3;64
SARAN;67;5.02.1962;15;52
CETO;67;20.10.1957;67;0
DILBERAY;67;14.04.1984;0;67
TERHAN;67;9.11.1964;39;28
GALIB;67;4.12.1961;67;0
YENICE;67;1.05.1976;0;67
ESMEN;67;7.06.1964;20;47
BULUS;67;10.04.1974;45;22
OMERHAN;67;20.11.1977;67;0
METINE;67;14.09.1961;0;67
EBABEKIR;67;12.01.1964;67;0
PAKIYE;67;21.09.1965;0;67
MERTHAN;67;11.12.1983;67;0
SUEL;67;16.01.1964;8;59
NAZIFI;67;22.02.1965;64;3
NESADIYE;67;6.07.1963;0;67
EFILI;67;27.04.1963;0;67
RAMUS;67;8.12.1959;66;1
HAMIZA;67;3.08.1965;67;0
LUTVI;67;21.12.1964;67;0
NURIS;67;24.10.1958;7;60
FILIYET;67;29.02.1960;0;67
YALKIN;67;7.09.1975;63;4
ISKIN;67;29.11.1973;7;60
URUSAN;67;26.08.1960;34;33
BUNYAMIL;67;24.10.1964;67;0
EVRE;67;6.05.1976;11;56
MUJDA;67;14.09.1983;0;67
HULAGU;67;19.12.1962;66;1
SEFIGA;67;20.05.1963;0;67
SELCIN;67;17.08.1981;13;54
GULLINAZ;67;23.11.1949;0;67
GULBAN;67;28.09.1968;3;64
RESIM;67;25.10.1963;62;5
SEVGIM;67;24.09.1975;3;64
MELINE;67;14.08.1949;0;67
ISMIDAL;67;27.12.1964;0;67
FULAY;67;15.08.1970;1;66
MAHPUP;67;19.08.1956;2;65
RUBABE;67;20.04.1954;0;67
NURISER;67;15.03.1953;0;67
NARGILE;67;27.04.1967;0;67
NILGIN;67;8.03.1972;2;65
KACAK;67;15.07.1962;67;0
ZULFO;67;7.09.1946;47;20
HACERIYE;67;13.11.1961;0;67
MENGU;67;5.02.1971;49;18
MIHREM;67;4.05.1959;0;67
GULFERIYE;67;26.07.1958;0;67
ELAME;67;14.06.1958;0;67
NECIVAN;67;4.06.1961;2;65
AYSUDA;67;18.01.1976;0;67
HAYGANUS;67;10.09.1949;0;67
SATEY;66;13.02.1949;0;66
FETAHMET;66;2.02.1963;66;0
KOSE;66;7.12.1955;65;1
NIMMET;66;17.07.1969;12;54
LEVIM;66;13.01.1962;0;66
SURE;66;28.06.1962;0;66
SULBUYE;66;23.05.1966;0;66
HUREYRA;66;12.11.1977;21;45
NEHIME;66;4.09.1960;0;66
CEHIDE;66;21.08.1964;0;66
SEMEHA;66;28.03.1968;0;66
SEHIRNAZ;66;22.02.1961;0;66
SAYDE;66;26.01.1965;0;66
HAYET;66;14.06.1963;2;64
BEYZANUR;66;19.02.1988;0;66
SELAHATIN;66;12.03.1965;66;0
OZ;66;15.07.1965;56;10
JULE;66;25.04.1975;0;66
DUDUGUL;66;24.11.1971;0;66
HALAT;66;10.12.1983;9;57
MALAHAT;66;8.07.1963;0;66
KESSUMA;66;10.12.1971;0;66
SURHAN;66;20.09.1974;31;35
SEMAHET;66;24.06.1952;0;66
MEYRO;66;6.03.1947;0;66
VAHYEDDIN;66;29.08.1967;66;0
KANAAT;66;18.05.1972;9;57
HINDI;66;2.01.1947;4;62
BAHRAM;66;4.06.1963;66;0
ESIME;66;23.10.1965;0;66
GAFFUR;66;10.11.1963;66;0
YUZBIN;66;9.08.1980;0;66
BADEL;66;15.08.1979;0;66
ZELO;66;16.01.1954;0;66
DULBER;66;16.02.1959;0;66
YESARI;66;30.09.1958;66;0
SOYHAN;66;14.11.1979;55;11
GULMAY;66;18.06.1966;0;66
RENGINAZ;66;7.05.1962;0;66
LOGMAN;66;5.10.1962;66;0
MIHRIMAN;66;24.09.1963;0;66
BONCUK;66;4.02.1963;1;65
MUFTU;66;17.05.1961;66;0
ERDA;66;7.08.1982;32;34
HASIRET;66;20.08.1969;13;53
TEBESSUM;66;12.12.1983;0;66
CRISTINA;66;28.11.1977;0;66
GULUCAN;66;8.03.1968;13;53
MUBIYE;66;15.01.1953;0;66
BEDIHAN;66;6.07.1966;6;60
UMUGULSUN;66;23.12.1963;0;66
SEVIYEN;66;20.10.1968;0;66
BELIN;66;19.07.1979;0;66
HUSAME;66;5.04.1975;44;22
ZAFURE;66;11.07.1953;0;66
MAHRUZE;66;16.09.1953;0;66
BEHRIN;66;18.05.1967;9;57
BAHSIS;66;6.01.1954;8;58
HATUNCA;66;7.03.1953;0;66
SEYFURE;66;8.04.1958;0;66
FATIMET;66;10.08.1949;0;66
MUZEFER;66;13.08.1960;53;13
TARCAN;66;10.07.1974;64;2
CEKI;66;14.06.1966;51;15
GULANAZ;66;25.08.1958;0;66
ESSEKADIN;66;19.03.1956;0;66
CEMINE;66;27.04.1959;0;66
AYSHAN;66;5.08.1960;0;66
ILMITTIN;66;13.05.1961;66;0
HAYIK;66;22.07.1949;66;0
HANCER;65;30.01.1938;62;3
MAHZUNI;65;9.03.1975;65;0
TACETDIN;65;28.01.1965;65;0
GOKDENIZ;65;25.06.1981;57;8
ASI;65;4.06.1946;9;56
BILIR;65;22.11.1969;32;33
HAKILE;65;11.11.1959;0;65
PEKER;65;12.12.1960;55;10
MUAZZAM;65;5.07.1961;34;31
YELENA;65;6.07.1974;0;65
HIZBULLAH;65;3.03.1981;65;0
GULPERIN;65;17.05.1971;0;65
GAMRA;65;13.11.1963;0;65
SEHE;65;23.01.1969;0;65
HAFSE;65;17.11.1962;0;65
EMRIHAN;65;15.03.1980;16;49
ASMA;65;30.08.1962;0;65
DELILE;65;15.01.1968;0;65
MEHMETSAIT;65;28.09.1971;65;0
HUSNAVER;65;6.09.1961;1;64
FIRYAS;65;10.06.1965;0;65
GAFER;65;6.02.1961;63;2
FERAHIM;65;2.01.1957;64;1
APTUL;65;19.01.1963;65;0
NEGUL;65;10.11.1969;0;65
TULINAY;65;6.05.1971;0;65
VAYDE;65;22.06.1962;0;65
SAZINE;65;24.09.1960;0;65
FEZAL;65;21.04.1966;2;63
SERRAP;65;21.04.1970;1;64
TEYFIDE;65;20.02.1959;0;65
SEHRAT;65;4.09.1964;8;57
KONURALP;65;17.06.1974;65;0
SAVASKAN;65;23.02.1974;65;0
NURHANE;65;26.04.1963;0;65
MAHSER;65;23.12.1968;51;14
ERKMEN;65;14.04.1977;64;1
GULSOY;65;25.12.1970;7;58
UGURGUL;65;21.05.1978;0;65
OGUZKAN;65;9.11.1977;65;0
FERAHNUR;65;19.03.1971;0;65
TUTER;65;2.07.1962;2;63
ZULFUGAR;65;6.12.1959;62;3
TUTEN;65;9.03.1964;3;62
TOHIT;65;26.08.1969;65;0
CESMI;65;4.09.1957;1;64
RUBBIYE;65;9.04.1959;0;65
SIMEL;65;10.08.1976;0;65
KAYTAN;65;1.05.1956;6;59
YETERGUL;65;25.08.1973;0;65
MOHUBET;65;2.04.1962;1;64
SAHANIM;65;15.09.1955;0;65
NAVREZ;65;7.12.1964;0;65
LAYIHE;65;8.12.1973;0;65
GULLISTAN;65;24.01.1973;0;65
MARYETE;65;13.03.1975;0;65
BILER;65;17.03.1971;16;49
EZEMET;65;27.02.1955;3;62
SEDIRYE;65;30.11.1968;0;65
CIHADIYE;65;20.01.1948;0;65
VESSILE;65;8.02.1955;0;65
GULALEM;65;15.11.1960;4;61
SENAT;65;21.01.1977;57;8
ZERUG;65;30.07.1971;0;65
ACIP;65;19.05.1962;64;1
RUPEN;65;6.11.1953;64;1
EZDIN;64;8.02.1973;64;0
NERIHAN;64;29.03.1964;1;63
RUHSAL;64;10.07.1968;5;59
FATE;64;13.11.1956;2;62
YITER;64;7.04.1962;0;64
KAHIR;64;23.07.1963;64;0
LILIA;64;24.03.1975;0;64
ELBIREN;64;2.05.1983;0;64
ABDULMESIH;64;20.09.1955;64;0
SABRINA;64;5.02.1980;0;64
BUBI;64;26.07.1958;63;1
HIKMETTIN;64;27.07.1966;64;0
BURUCE;64;5.02.1967;0;64
FESLA;64;4.01.1969;0;64
SEYHI;64;29.05.1952;54;10
MELUL;64;14.12.1967;36;28
BARBARA;64;2.01.1961;0;64
GAZELI;64;3.10.1964;5;59
SIDDIKE;64;5.01.1960;0;64
HAMDAN;64;2.10.1958;54;10
ISMUNI;64;15.07.1951;0;64
CAHIZE;64;19.11.1967;0;64
FINDI;64;27.06.1962;54;10
DAVER;64;28.04.1962;64;0
HORINAZ;64;6.10.1966;0;64
BISENK;64;24.03.1986;0;64
HULUSER;64;29.01.1953;0;64
GULENC;64;1.11.1962;11;53
ATLIHAN;64;13.10.1968;61;3
ALAADTIN;64;9.06.1967;64;0
HASANE;64;28.03.1958;0;64
GULPEREN;64;23.06.1965;0;64
SEVILHAN;64;20.05.1978;0;64
MEBUSE;64;25.07.1963;0;64
SEYDEGUL;64;19.04.1959;0;64
SELKAN;64;15.02.1979;57;7
MUHYITTIN;64;28.08.1957;64;0
MAKMULE;64;10.01.1962;0;64
FEDAKER;64;20.05.1969;48;16
GOKCAY;64;14.01.1980;40;24
SADIRE;64;3.01.1957;0;64
BEHRAN;64;2.05.1968;49;15
ZAIFE;64;7.08.1958;0;64
MUSTAKIM;64;22.09.1968;61;3
CENKAY;64;25.12.1984;64;0
EDIFE;64;2.12.1960;0;64
SEFAHATTIN;64;9.02.1959;64;0
MERGUZE;64;27.12.1958;0;64
ZILIFE;64;5.07.1961;0;64
DONSUN;64;11.02.1958;0;64
HUZUN;64;1.05.1976;2;62
BERHO;64;21.02.1949;64;0
MAHACIR;64;25.02.1971;63;1
VERGI;64;23.12.1966;41;23
FERNUR;64;19.03.1970;4;60
FERZO;64;25.05.1949;12;52
HEYRAT;64;2.04.1956;0;64
NEZHE;64;17.07.1956;0;64
UMUSAN;64;3.12.1956;0;64
TALEHE;64;24.09.1963;0;64
MUNCIBE;64;23.02.1954;0;64
ILMIDDIN;64;9.12.1958;64;0
ESMEHEN;64;19.08.1965;0;64
NIVART;64;17.11.1951;0;64
ZERIBAN;63;19.11.1977;0;63
MEHYET;63;18.05.1970;1;62
MERHAMET;63;22.02.1971;8;55
ARAFE;63;30.04.1965;9;54
GULUMEN;63;21.04.1968;0;63
NACIP;63;1.11.1965;62;1
ZEKA;63;4.09.1962;40;23
ZILFIKAR;63;22.05.1961;58;5
FELEKNAS;63;11.11.1965;0;63
HAVE;63;11.04.1966;0;63
SEMSIGUL;63;10.08.1966;0;63
RUKNEDDIN;63;30.10.1966;63;0
ZARI;63;13.08.1950;22;41
SUGAYIP;63;20.03.1967;63;0
SAMINE;63;14.11.1964;1;62
VICTORIA;63;25.10.1975;0;63
EGIT;63;6.03.1965;63;0
SARKIS;63;7.07.1963;62;1
SAHMIRAN;63;28.05.1968;2;61
NUCUT;63;15.01.1959;0;63
HAYRULNISA;63;27.12.1966;0;63
TICEN;63;27.04.1973;0;63
GULANA;63;24.07.1955;0;63
SERCIHAN;63;29.11.1973;16;47
SEIT;63;27.07.1960;63;0
NECAHATTIN;63;5.06.1958;63;0
MENTESE;63;30.09.1948;1;62
SENIL;63;24.09.1969;1;62
BAHTIM;63;18.05.1980;28;35
KUCUKAGA;63;10.05.1955;63;0
BILGINER;63;8.05.1972;56;7
BAHARIYE;63;4.08.1967;0;63
BUSRANUR;63;5.01.1990;0;63
NESLA;63;28.10.1966;0;63
YAHUZA;63;11.06.1957;62;1
ZENNE;63;17.02.1957;0;63
LYUDMYLA;63;21.11.1969;0;63
KABEHAN;63;10.10.1959;0;63
PUPUL;63;22.09.1949;0;63
ATAGUN;63;15.07.1968;63;0
SEMAYA;63;25.06.1971;0;63
GULNISA;63;2.01.1963;0;63
BAHSET;63;20.08.1969;62;1
SOYLA;63;29.03.1968;0;63
ZEKARYA;63;30.04.1962;63;0
MUZEYFE;63;11.07.1956;6;57
GULLISAN;63;9.12.1966;0;63
DOGUCAN;63;5.02.1989;61;2
ESFENDIYAR;63;2.02.1957;62;1
MOHUBBET;63;9.02.1958;0;63
NURFIL;63;7.04.1968;3;60
HORUYE;63;25.11.1959;0;63
VIORICA;63;8.11.1974;0;63
MAARUF;63;5.04.1974;63;0
YUCAL;63;24.02.1965;60;3
SOFIA;63;2.03.1962;0;63
BEKLAN;63;11.01.1975;54;9
BERGUZEL;63;7.12.1958;1;62
EMEY;62;25.08.1944;0;62
SATO;62;19.02.1945;55;7
ABDUSEMET;62;14.05.1963;62;0
SEVGU;62;8.08.1966;0;62
SELEHADDIN;62;16.03.1963;62;0
TEMO;62;10.07.1951;59;3
RUKIYET;62;28.01.1968;0;62
IREN;62;19.05.1977;9;53
ZEHRIN;62;18.05.1963;0;62
SABIRIYE;62;24.03.1964;0;62
TERI;62;14.04.1961;0;62
HATTAP;62;8.01.1976;62;0
RIDA;62;23.08.1971;19;43
HAMZIYE;62;28.06.1968;0;62
GULSELEN;62;25.02.1966;0;62
BEYAZI;62;26.08.1956;3;59
BASHANIM;62;26.03.1973;0;62
VESIYLE;62;27.02.1963;0;62
KEMRAN;62;14.07.1966;30;32
MAFIZE;62;23.10.1960;0;62
MICHAEL;62;6.06.1982;62;0
CIRCIS;62;2.01.1956;62;0
MONIKA;62;12.08.1967;0;62
NURBET;62;1.10.1972;1;61
DUHA;62;13.08.1972;15;47
RIFET;62;5.04.1954;61;1
GULBENIZ;62;14.08.1969;0;62
NURCEN;62;12.08.1967;0;62
LEMIHA;62;4.06.1966;0;62
FERMUS;62;6.05.1958;2;60
ERTURAL;62;26.11.1956;62;0
SEYBE;62;15.07.1962;0;62
MUTU;62;5.06.1956;61;1
NUZIYE;62;17.02.1961;0;62
NESIB;62;26.03.1959;61;1
MENDIZE;62;8.09.1959;0;62
GADRIYE;62;2.11.1964;0;62
MUCAFER;62;14.03.1957;6;56
NEVISE;62;13.09.1964;0;62
ZENIBE;62;5.12.1960;0;62
NUNUS;62;17.10.1948;0;62
SABIHAN;62;23.05.1964;1;61
GULSAHI;62;6.06.1957;0;62
SERMI;62;30.06.1962;7;55
AYBAR;62;27.08.1966;58;4
YURDISEN;62;9.09.1968;7;55
YUSUFCAN;62;3.04.1988;62;0
ETKIN;62;16.04.1981;57;5
REZAK;62;6.08.1962;62;0
HEZIME;62;6.12.1956;0;62
TECRIYE;62;20.03.1959;0;62
ZILE;62;8.12.1961;0;62
HAYRAT;62;10.09.1947;6;56
DOGAC;62;17.10.1985;59;3
RAYME;62;20.11.1963;0;62
BAHETTIN;62;23.09.1958;62;0
ZABITHAN;62;27.10.1963;5;57
ZABEL;62;4.03.1950;0;62
TACIT;62;1.02.1967;62;0
AYSEVEN;62;14.09.1969;0;62
MUMINAT;62;28.04.1961;2;60
NEZI;62;25.11.1961;50;12
BIRA;62;12.11.1944;60;2
BEKO;62;11.06.1941;61;1
SEMYAN;62;5.08.1974;24;38
MEMETEMIN;62;19.07.1961;62;0
IBRAHIMHALIL;62;16.04.1971;62;0
HURMI;62;30.08.1942;1;61
GULRENGI;62;27.02.1956;0;62
TOKER;62;28.09.1967;61;1
NEVRISTE;62;17.01.1958;0;62
MUSTESNA;62;18.01.1966;1;61
HULISER;62;7.06.1957;0;62
FIZZE;62;14.01.1955;0;62
SUUDE;62;14.09.1956;0;62
MUTLUK;62;3.07.1976;62;0
RESIDIYE;62;25.11.1964;0;62
TEYFE;62;26.02.1951;0;62
MAHANUR;62;3.12.1961;0;62
DURASI;62;21.03.1959;62;0
DURDUYE;62;6.11.1956;0;62
MEHIYET;62;18.12.1968;0;62
BEGUL;62;15.06.1983;0;62
BOYRAZ;61;14.08.1957;56;5
SEDAR;61;12.04.1984;51;10
SABIDE;61;12.02.1967;0;61
HIMET;61;29.12.1967;48;13
ESMI;61;11.12.1950;0;61
KAHAN;61;28.10.1977;61;0
BINDAL;61;22.09.1966;33;28
SENSU;61;2.06.1973;5;56
HAMIME;61;18.12.1967;0;61
SACIRE;61;10.10.1972;0;61
ZULIYE;61;8.06.1956;0;61
KOKSEL;61;18.10.1964;43;18
POLATKAN;61;3.05.1975;61;0
BEGALI;61;18.06.1961;61;0
GULHANDAN;61;23.08.1971;0;61
MURSEN;61;10.04.1962;0;61
REVSE;61;16.01.1964;0;61
YAZIYA;61;30.09.1973;0;61
SEMMI;61;7.12.1952;16;45
BURUCA;61;5.02.1970;0;61
ZUBEYYIR;61;7.11.1967;60;1
GALYA;61;2.01.1966;0;61
SAMIHE;61;11.12.1961;0;61
EYYO;61;11.05.1944;61;0
ZEYD;61;18.10.1983;61;0
FAKIHE;61;28.08.1950;0;61
SEHIM;61;18.12.1958;36;25
HIBE;61;19.07.1969;2;59
DURDAN;61;17.08.1961;0;61
KEFE;61;5.02.1961;0;61
RAZAN;61;13.09.1968;7;54
AHO;61;3.11.1957;61;0
NICOLETA;61;6.01.1976;0;61
ABDULCELAL;61;16.07.1965;61;0
IHSANI;61;23.05.1973;58;3
BAHIYE;61;19.08.1959;0;61
BIHAN;61;15.09.1957;10;51
YASMIN;61;17.03.1980;0;61
SABITTIN;61;12.09.1961;61;0
ABTI;61;15.01.1959;61;0
BAYSEL;61;29.09.1965;12;49
MUMUS;61;22.11.1957;1;60
YELDAG;61;20.03.1978;1;60
GOKSER;61;11.07.1967;21;40
NURIYET;61;25.08.1964;2;59
ALTUNE;61;1.09.1956;0;61
SAFURIYE;61;10.04.1961;0;61
NEVRIN;61;16.08.1968;1;60
ULPER;61;2.10.1965;4;57
SONUR;61;14.12.1976;3;58
EMRETTIN;61;9.02.1967;61;0
TUTU;61;24.10.1945;0;61
HURISE;61;11.12.1960;0;61
CELALE;61;16.07.1972;0;61
MEYVES;61;26.11.1955;0;61
MAYDE;61;22.11.1967;0;61
RAHIFE;61;18.04.1959;0;61
HIKMETIYE;61;9.07.1957;0;61
ELFINAZ;61;12.04.1952;0;61
LUIZA;61;27.09.1959;0;61
NEBIDE;61;25.09.1960;0;61
ELZEM;61;15.12.1983;6;55
EBAMUSLIM;61;29.04.1963;61;0
BAYRIYE;61;5.09.1959;0;61
CAHAN;61;27.09.1962;22;39
MUHYIDDIN;61;6.09.1960;61;0
NURNISA;61;1.06.1972;0;61
HILALI;61;17.03.1958;16;45
ROZI;61;10.11.1964;1;60
GULNAM;61;27.02.1971;0;61
MIRDISI;61;5.04.1954;0;61
GULGUZEL;61;5.09.1958;0;61
TICAN;61;14.02.1972;0;61
SUSTEM;61;10.01.1971;0;61
FEIM;61;17.03.1966;61;0
MUVEYLA;61;26.08.1958;0;61
SAZIL;61;30.07.1967;61;0
VEZNE;61;12.11.1962;0;61
ALIONA;61;4.11.1977;0;61
ZEBIHA;61;3.03.1963;0;61
ZULKUFIL;61;2.08.1946;61;0
ALEKS;61;25.10.1980;61;0
ASE;60;5.05.1948;1;59
SELEHA;60;22.09.1967;0;60
EZET;60;27.10.1961;1;59
FIDIS;60;24.04.1948;0;60
AKIBE;60;11.05.1961;0;60
HUREYYA;60;23.05.1972;4;56
HANPUL;60;7.07.1962;0;60
MAHRIYE;60;27.06.1966;0;60
SEHMA;60;12.01.1980;0;60
FERIAL;60;25.10.1956;0;60
FILCAN;60;16.10.1960;0;60
SEMIYET;60;3.11.1970;0;60
ERCUMET;60;4.11.1967;60;0
TOMURCUK;60;14.10.1972;2;58
VECAHAT;60;13.01.1947;6;54
SATIME;60;26.08.1960;0;60
GULUHAN;60;30.2.1966;1;59
FERGUN;60;4.08.1966;15;45
SEHVER;60;17.05.1956;3;57
GULHAT;60;28.05.1980;2;58
ZEYNILABIDIN;60;16.03.1966;60;0
ABDULSEMAT;60;8.01.1976;60;0
SEVDETE;60;10.02.1972;0;60
ABDULRAKIP;60;14.09.1979;60;0
FERZEN;60;14.10.1977;57;3
SEHRIZAN;60;14.05.1960;0;60
KENDAL;60;26.11.1984;48;12
TURKU;60;24.02.1977;8;52
ABDUNNASIR;60;22.09.1969;60;0
GAYDA;60;22.09.1960;0;60
HABIZE;60;6.12.1967;0;60
ZENGIN;60;8.12.1972;48;12
GULEDA;60;30.12.1976;0;60
NAHIR;60;3.11.1968;56;4
SERVA;60;12.02.1969;1;59
HAMMUT;60;11.08.1958;60;0
BAYZAR;60;23.02.1954;0;60
DILGES;60;20.02.1986;36;24
SEVDAR;60;29.10.1966;54;6
ALTAR;60;21.06.1979;60;0
NIGARI;60;17.08.1954;10;50
AFIK;60;1.10.1959;3;57
DONDUK;60;30.03.1952;0;60
ZULKEFIL;60;18.03.1962;60;0
AFE;60;2.04.1963;0;60
FIDAYI;60;1.12.1961;37;23
SINANGUL;60;29.11.1969;1;59
ISILTAN;60;15.07.1978;40;20
MUTLUCAN;60;21.10.1982;52;8
GULDUR;60;30.06.1968;3;57
NEVRETTIN;60;27.11.1962;60;0
GOKEN;60;13.03.1966;36;24
NESLAHAN;60;20.11.1968;0;60
MELEKSEN;60;12.02.1971;0;60
AKTUG;60;4.01.1977;58;2
HANUM;60;25.03.1952;0;60
BIRDEN;60;26.07.1971;7;53
MUCELLAH;60;7.08.1963;0;60
NURKIZ;60;19.11.1964;0;60
BEYSAT;60;3.07.1963;59;1
SAN;60;10.11.1973;47;13
LEZIZ;60;20.12.1960;3;57
YILSEN;60;18.06.1964;0;60
ESENDAL;60;28.02.1969;30;30
SUMRA;60;12.01.1968;0;60
BEHIZE;60;14.09.1955;0;60
HEDLEY;60;6.06.1958;0;60
TULUG;60;1.01.1977;32;28
FERSUN;60;17.05.1970;9;51
ABDULKANI;60;18.11.1963;60;0
ELATTIN;60;10.11.1958;60;0
AYKUN;60;19.07.1981;49;11
AYCICEK;60;15.03.1955;0;60
FATMAHANIM;60;30.06.1962;0;60
SUADA;60;3.06.1951;2;58
OMRE;60;1.04.1981;14;46
HAZIR;60;11.08.1960;49;11
EMILE;60;12.08.1958;0;60
AVDEL;60;12.08.1966;59;1
FAMIA;60;8.10.1975;0;60
TENNURE;60;19.10.1957;0;60
YILAY;60;24.05.1972;27;33
GULYASA;60;8.07.1961;0;60
FETHANE;60;21.11.1964;0;60
REMZE;60;22.03.1949;0;60
AYSERIN;60;12.05.1959;0;60
FADUL;60;10.10.1964;44;16
AKISET;60;23.02.1973;0;60
GUNCEL;60;11.01.1981;36;24
ALIYYE;60;24.09.1954;0;60
GULEBAT;60;26.11.1956;0;60
VIDA;60;26.11.1940;0;60
RIHAYLE;60;30.03.1961;0;60
CEVHERIYE;60;11.09.1949;0;60
ENER;60;28.01.1971;54;6
NIZAMIDDIN;60;3.09.1957;60;0
NIKOLA;60;17.12.1952;59;1
DESPINA;60;24.05.1947;0;60
ZEKVA;60;15.04.1967;0;60
NUFIDE;59;26.11.1965;0;59
UNSER;59;5.04.1954;8;51
NEFSIYE;59;6.12.1960;0;59
SEZANUR;59;10.10.1973;8;51
NEIME;59;5.08.1952;0;59
SEFURA;59;24.01.1968;0;59
SERALP;59;1.06.1970;7;52
SEMATI;59;28.01.1967;58;1
BILGIC;59;17.10.1966;45;14
HUSNIGUL;59;22.07.1970;0;59
RAFIE;59;29.09.1967;0;59
NEYYO;59;29.08.1950;0;59
SEYYITHAN;59;24.10.1970;59;0
ZIRO;59;13.11.1951;2;57
NECMA;59;7.12.1969;0;59
ZIYAP;59;2.10.1966;58;1
GULASER;59;6.03.1969;0;59
MELEZ;59;18.08.1971;0;59
SAMA;59;13.02.1962;1;58
REYYE;59;17.10.1959;0;59
KOCERO;59;15.12.1972;58;1
NURFEL;59;11.10.1974;10;49
FEYZEDDIN;59;26.06.1983;59;0
FERDEVS;59;30.12.1975;0;59
DALYA;59;24.03.1979;0;59
SEGHA;59;8.10.1966;0;59
NAYDE;59;24.06.1968;0;59
ESRAFIL;59;5.01.1971;58;1
BEYKAN;59;29.04.1976;45;14
MIMTAZ;59;16.07.1965;58;1
AFSAR;59;7.08.1966;50;9
KANARYA;59;8.01.1974;0;59
MURSUT;59;17.09.1963;48;11
YENAY;59;9.10.1976;20;39
UKKE;59;19.09.1951;0;59
HACIOSMAN;59;27.05.1961;59;0
DAMLANUR;59;9.05.1984;0;59
NAKIBE;59;21.12.1956;0;59
OKTAN;59;24.04.1970;59;0
DURKUT;59;21.11.1954;59;0
ETNAN;59;26.12.1959;59;0
BEYDULLAH;59;5.09.1969;58;1
SEPNEM;59;13.08.1973;0;59
GULASTI;59;20.02.1964;0;59
EDIYE;59;24.12.1958;0;59
FIRDAS;59;16.03.1962;0;59
FENNUR;59;13.10.1972;7;52
SEVGEN;59;1.03.1970;15;44
MUSTEKIM;59;7.07.1977;54;5
NECDI;59;3.11.1959;59;0
APTURAHMAN;59;3.01.1956;59;0
BELMAN;59;13.07.1955;1;58
TUTIYA;59;16.05.1956;0;59
NURSET;59;24.06.1968;14;45
MUHIBBI;59;14.07.1954;56;3
SUREN;59;22.01.1958;43;16
FAHAMET;59;8.05.1951;2;57
NEZEKET;59;3.03.1966;0;59
GULFEREN;59;26.07.1964;0;59
SAYBE;59;26.02.1967;0;59
HUMEYRAN;59;21.02.1961;0;59
OKSEN;59;23.05.1971;11;48
ABDULVELI;59;30.01.1971;59;0
NUHAN;59;13.05.1974;43;16
ALINA;59;4.12.1978;0;59
NEVESER;59;29.07.1968;1;58
ERMIS;59;13.12.1972;51;8
RUGIYE;59;1.08.1966;0;59
ENGUR;59;27.05.1967;50;9
ILHAMETTIN;59;18.04.1970;59;0
URSEL;59;17.12.1958;3;56
SADIBER;59;27.09.1960;0;59
SADIRIYE;59;13.01.1963;0;59
FINDA;59;24.06.1973;2;57
AYFERI;59;3.01.1966;0;59
GULCUBUK;59;2.07.1952;0;59
RIDVANIYE;59;23.05.1965;0;59
RASIN;59;18.09.1972;58;1
ARZUN;59;30.07.1954;0;59
ETYEMEZ;59;2.02.1970;0;59
TUKEZIBAN;59;19.08.1956;0;59
BABACAN;59;10.10.1974;59;0
GULSINE;59;1.08.1966;0;59
ELDIN;59;4.06.1979;59;0
FAKRIYE;59;10.03.1972;0;59
ANUS;59;23.11.1955;0;59
AYSEVER;59;25.11.1972;1;58
TURUDU;59;28.01.1956;59;0
MUMTAZIYE;59;16.08.1955;0;59
PENBIS;59;4.06.1952;0;59
RUKZAN;59;20.06.1951;0;59
VITALI;59;3.12.1949;59;0
ZELOS;58;1.05.1951;0;58
GAYAL;58;27.06.1939;0;58
ADIGUL;58;30.07.1957;20;38
GULSAD;58;18.02.1976;4;54
BADIN;58;9.07.1970;55;3
SAADEDDIN;58;20.05.1965;58;0
SUMEYHA;58;25.07.1984;0;58
SUBER;58;8.07.1973;2;56
ALATIN;58;22.02.1966;58;0
SUSI;58;10.12.1941;0;58
ALBAY;58;24.07.1967;57;1
HALLO;58;20.08.1936;45;13
MESNET;58;5.10.1957;7;51
ILMAN;58;24.06.1954;13;45
HEMDULLAH;58;8.08.1964;57;1
KUPELI;58;27.03.1955;20;38
NADIHAN;58;30.2.1975;0;58
HOCA;58;28.04.1966;56;2
OGUNC;58;4.12.1983;53;5
HURUHAN;58;12.08.1957;0;58
ERSAVAS;58;10.01.1971;58;0
HASIMET;58;1.06.1965;49;9
GURSAH;58;7.02.1981;29;29
RAGDE;58;4.08.1962;0;58
SEHMIRAN;58;28.04.1967;2;56
HAZNO;58;24.09.1943;0;58
SEBAH;58;15.05.1966;16;42
KADO;58;6.06.1945;57;1
CEVER;58;26.04.1965;50;8
BESIRA;58;10.02.1966;0;58
RAMILE;58;29.03.1968;0;58
INCEGUL;58;24.01.1980;0;58
MUCGEN;58;16.05.1965;0;58
NEDIP;58;7.08.1970;56;2
MUBECEL;58;3.01.1958;0;58
RAIFA;58;16.07.1964;0;58
GULEMDAN;58;2.02.1971;0;58
OZBIL;58;24.09.1976;35;23
KERBELA;58;1.04.1975;58;0
SEMME;58;13.09.1953;0;58
HILAN;58;1.10.1953;1;57
SELI;58;4.06.1972;2;56
MUFID;58;20.06.1965;57;1
BEHMEN;58;22.03.1972;57;1
LULU;58;29.02.1960;0;58
SERVE;58;15.10.1968;0;58
YURTTAS;58;5.09.1968;57;1
DIDE;58;10.09.1979;0;58
SELAMIR;58;19.01.1961;2;56
MESTINAZ;58;26.11.1962;0;58
DONGUL;58;27.11.1974;0;58
NECATTI;58;28.02.1969;58;0
ALIBEKE;58;29.02.1964;58;0
ASABIL;58;15.10.1969;58;0
MERDOL;58;23.01.1967;58;0
EVSUN;58;12.08.1980;3;55
MUHAMER;58;25.04.1963;54;4
ZULFISIYAH;58;10.03.1952;0;58
SEBIRE;58;29.12.1968;0;58
MULUFER;58;4.04.1969;0;58
MULKI;58;21.09.1953;19;39
ARFIYE;58;17.08.1967;0;58
GULBADEM;58;17.08.1964;0;58
NURDIYE;58;29.01.1966;0;58
DURSALE;58;21.07.1965;0;58
YASEMI;58;16.04.1961;5;53
PEMRA;58;17.01.1977;0;58
GAMZENUR;58;4.06.1989;0;58
NURGAN;58;6.05.1955;2;56
SEKERE;58;15.11.1952;0;58
GUNEN;58;8.02.1956;17;41
FERAHIYE;58;22.04.1956;0;58
GUNSAL;58;16.05.1958;12;46
SABRETTIN;58;29.08.1966;58;0
SECER;58;16.10.1974;43;15
LATIFSAH;58;25.08.1960;58;0
SAHINEBAT;58;28.12.1959;0;58
ZENCIYE;58;11.12.1954;0;58
YASEM;58;7.03.1962;43;15
NURFIDAN;58;1.06.1972;0;58
ALBUZ;58;6.03.1965;58;0
TUTCA;58;18.05.1965;0;58
SAHSADE;58;27.11.1963;5;53
MENDUF;58;12.05.1965;57;1
MUHDAT;58;7.06.1962;58;0
BEYLUL;58;25.11.1966;56;2
NEVNIHAL;58;2.10.1955;0;58
BIMAL;58;28.05.1955;58;0
TACIR;58;11.01.1962;55;3
DAVETI;58;20.01.1963;58;0
DALIP;58;12.05.1952;58;0
MERYAMA;58;22.08.1971;0;58
MEHET;58;21.12.1976;8;50
BEYYE;58;3.03.1959;0;58
SEFAYE;58;1.10.1957;0;58
SENI;58;14.06.1965;3;55
SIKAR;58;10.04.1953;1;57
SAYA;58;2.11.1969;7;51
CAGLAN;58;17.02.1980;33;25
BERTA;58;20.12.1957;0;58
BETI;58;19.02.1966;0;58
MERMER;58;17.05.1957;1;57
KEKI;58;30.03.1950;56;2
NEJMEDDIN;57;4.07.1965;57;0
OMERFARUK;57;6.05.1981;57;0
GUNDEM;57;17.11.1980;7;50
NURICIHAN;57;26.01.1956;17;40
BILFER;57;11.08.1976;0;57
SUDUYE;57;4.07.1962;0;57
HURSEHIT;57;21.06.1969;57;0
MEMURIYE;57;15.07.1958;0;57
IFDADE;57;1.05.1958;0;57
TEZEGUL;57;27.11.1961;0;57
TABIYE;57;14.12.1963;0;57
ONSEL;57;27.09.1973;38;19
NECIHAN;57;5.02.1968;0;57
ERKEN;57;8.10.1969;54;3
DIHLE;57;21.06.1958;0;57
SERINCE;57;2.04.1964;0;57
BILAN;57;6.04.1975;43;14
CANE;57;8.08.1973;1;56
MARIYETE;57;11.10.1968;0;57
CAVAHIR;57;26.08.1962;3;54
MOMI;57;23.03.1954;0;57
NAZLISAH;57;19.08.1960;0;57
BEDIE;57;30.04.1963;0;57
ABDULRAUF;57;1.02.1973;57;0
HIZNIYE;57;4.08.1963;0;57
HUSEYYIN;57;24.06.1961;57;0
NADYE;57;21.08.1977;0;57
BEDRA;57;27.04.1966;5;52
BESME;57;9.10.1960;0;57
MELESE;57;12.12.1966;0;57
EMINA;57;9.09.1963;0;57
FERZANDE;57;22.11.1965;55;2
SITAR;57;8.12.1983;53;4
SAMUEL;57;6.07.1958;55;2
KADRETTIN;57;4.02.1963;57;0
ZIYAD;57;17.03.1976;57;0
SANYE;57;12.10.1974;1;56
VAZIFE;57;12.08.1964;0;57
TURKSEN;57;29.01.1956;17;40
GULBAYAN;57;21.09.1960;0;57
BAYAN;57;15.08.1957;0;57
REMIDE;57;7.02.1952;0;57
PERAN;57;10.05.1952;1;56
GONCAFER;57;23.12.1968;0;57
AYCIL;57;20.02.1971;3;54
KUVVET;57;11.08.1965;56;1
NEDAYI;57;10.06.1967;54;3
HASBAL;57;3.05.1959;56;1
HABIYBE;57;28.07.1965;0;57
OVUL;57;1.10.1979;19;38
DOGUSCAN;57;11.02.1988;56;1
TURKYILMAZ;57;9.06.1958;57;0
GOFER;57;29.11.1964;0;57
FEHMETTIN;57;5.07.1960;57;0
HESBI;57;20.09.1959;56;1
BIJEN;57;29.11.1962;11;46
ULKUM;57;26.08.1976;4;53
SEVDICAN;57;28.04.1971;7;50
CENAY;57;22.11.1976;28;29
NAIZE;57;7.01.1964;0;57
FAMIYE;57;29.06.1964;0;57
HURMUSE;57;12.09.1955;0;57
YAYLAGULU;57;17.01.1966;0;57
KALEM;57;5.01.1957;12;45
RACIBE;57;26.09.1964;0;57
MURTAZE;57;6.05.1965;52;5
VILMA;57;6.04.1965;0;57
BERRU;57;1.04.1987;0;57
MEYAN;57;28.08.1972;0;57
ERFE;57;2.12.1965;0;57
GULCINAR;57;1.04.1973;0;57
TEMIME;57;7.03.1963;0;57
BILICAN;57;19.01.1972;1;56
KARKAS;57;17.11.1954;0;57
URFIDE;57;7.01.1959;0;57
UMUHANI;57;10.11.1956;0;57
HICLAL;57;28.02.1970;0;57
UMMUSELIME;57;22.07.1947;0;57
SANISE;57;12.11.1961;0;57
FIZE;57;3.10.1948;0;57
ILKINUR;57;13.03.1969;0;57
USMUGUL;57;16.10.1960;0;57
LULIFER;56;28.07.1966;0;56
GUNTULU;56;13.12.1981;0;56
SUREYHA;56;10.04.1971;0;56
DURYA;56;21.11.1966;1;55
FEZIYE;56;12.10.1967;0;56
MIRCEY;56;18.09.1944;0;56
EMRAY;56;17.02.1980;14;42
CANEY;56;19.11.1956;2;54
ABUS;56;26.08.1950;53;3
HIBA;56;4.04.1969;4;52
NIRGUN;56;29.05.1966;0;56
MAFILE;56;13.01.1968;0;56
SAYIRE;56;14.12.1965;0;56
SEBEHA;56;12.09.1960;0;56
TACIRE;56;14.08.1964;0;56
TUNGA;56;10.12.1971;54;2
ERDENAY;56;14.09.1974;45;11
NAZRIYE;56;4.01.1959;0;56
SEHRIZE;56;10.01.1952;0;56
NURDILEK;56;4.10.1975;0;56
RUHCAN;56;24.05.1967;21;35
NAVAF;56;1.08.1966;56;0
SELANIK;56;29.05.1965;56;0
MURSAL;56;6.03.1963;52;4
ABDULHAFIZ;56;30.05.1968;56;0
ABDULCABAR;56;25.08.1973;56;0
NEFISHAN;56;21.05.1966;0;56
KEMURAN;56;21.04.1974;40;16
MAHIYET;56;8.01.1964;2;54
SERTEM;56;26.05.1974;5;51
ABDULVEHHAP;56;19.10.1963;56;0
YESEMIN;56;5.11.1976;0;56
AREFET;56;27.03.1966;50;6
FEMILE;56;12.06.1967;0;56
SAHRISTAN;56;12.04.1977;1;55
ALEKSANDRA;56;7.06.1958;0;56
HAYLIYE;56;5.03.1962;0;56
BOTAN;56;24.12.1985;53;3
MANSURA;56;22.08.1968;0;56
RASET;56;1.02.1955;16;40
GUNVER;56;17.05.1960;26;30
GABIL;56;7.12.1969;56;0
ZICAN;56;29.05.1953;0;56
MUAMBER;56;6.11.1965;54;2
OMRU;56;18.07.1969;43;13
MERDA;56;14.11.1977;6;50
KERAMEDDIN;56;22.05.1965;56;0
MULKAN;56;11.05.1973;5;51
MUSERRET;56;15.07.1960;3;53
GASIM;56;30.07.1968;56;0
ZEYKIRE;56;16.11.1957;0;56
DURSANE;56;8.10.1963;0;56
ZERIYE;56;12.02.1966;0;56
SELAITTIN;56;29.10.1954;56;0
ALPIN;56;8.08.1981;37;19
SENSES;56;19.03.1965;11;45
EZELHAN;56;20.11.1959;41;15
RAIBE;56;24.01.1961;0;56
DUDUNAZ;56;2.08.1965;0;56
NINO;56;9.05.1967;2;54
BELGUN;56;17.11.1969;2;54
CARMEN;56;27.07.1972;0;56
SEYVAN;56;15.09.1975;53;3
SEMINAY;56;10.10.1973;0;56
ULVE;56;8.07.1951;0;56
FAHRINISA;56;14.07.1957;0;56
BEKAR;56;18.05.1954;42;14
UZUME;56;3.01.1960;0;56
BILSAY;56;20.08.1979;52;4
AHET;56;24.05.1965;55;1
AYSIMA;56;26.03.1983;0;56
SENLIK;56;5.01.1960;49;7
MEKTUP;56;12.06.1971;0;56
PEKAR;56;22.05.1952;3;53
ZEYFI;56;21.09.1961;25;31
ERKUN;56;15.06.1965;55;1
IMZADE;56;11.09.1956;0;56
SAZIBE;56;22.05.1954;0;56
SUSLI;56;25.05.1962;4;52
REFI;56;27.01.1960;44;12
ZAFFER;56;12.07.1972;53;3
KANTAR;56;10.12.1953;1;55
EKLIMA;56;16.11.1972;0;56
NEAM;56;12.09.1958;0;56
MIZRAK;56;6.05.1965;56;0
EMLIHAN;56;21.06.1966;35;21
EDUL;56;14.02.1965;2;54
SENEMGUL;56;23.09.1964;0;56
SERBES;56;17.12.1960;11;45
SENADIN;56;3.04.1967;56;0
FEZAYIR;56;12.06.1959;56;0
SAHADDIN;56;30.2.1961;56;0
IZEL;56;1.09.1976;29;27
URFETTIN;56;24.02.1966;56;0
MAHSEN;56;30.08.1960;55;1
FATINUR;56;23.12.1979;0;56
SAKRA;56;30.10.1954;0;56
TENAY;55;24.11.1970;6;49
NUNUFE;55;13.09.1953;0;55
HANDEGUL;55;24.09.1985;0;55
ULKUNUR;55;9.12.1977;0;55
TUGRULHAN;55;6.12.1985;54;1
NADIRYE;55;27.09.1970;0;55
CEVZAT;55;27.06.1970;55;0
EYSAN;55;5.11.1968;20;35
KOTAN;55;20.11.1957;54;1
SENAZ;55;1.10.1968;1;54
FEREMUZ;55;19.04.1966;55;0
ESMIN;55;9.03.1959;0;55
MEHTAB;55;16.09.1976;0;55
HUSEMETTIN;55;22.02.1967;55;0
MUCIZAT;55;21.06.1960;10;45
UNEL;55;11.09.1957;18;37
ROJAN;55;13.01.1985;7;48
MUHLISA;55;30.2.1956;0;55
RAFFI;55;9.05.1964;53;2
NUFUSA;55;26.12.1965;0;55
SUHEYIL;55;21.11.1967;53;2
HAZARA;55;8.06.1956;0;55
MUNTECEP;55;29.09.1961;55;0
BINEFSE;55;23.09.1953;0;55
KINYAZ;55;19.11.1967;55;0
HUZNE;55;17.10.1961;0;55
SEYME;55;18.07.1968;0;55
ZERIFA;55;29.05.1971;0;55
FERDE;55;8.02.1963;2;53
MUALLE;55;1.04.1968;1;54
CHRISTINE;55;26.06.1964;0;55
VERCIN;55;2.01.1951;1;54
MEHREM;55;25.03.1959;8;47
VILDA;55;5.09.1974;0;55
DIYAADDIN;55;24.11.1976;55;0
FEZULLAH;55;30.05.1966;55;0
SIYAMENT;55;16.05.1977;55;0
BEDRIHAN;55;7.06.1972;36;19
MUHETTIN;55;10.03.1958;55;0
HORO;55;15.06.1950;52;3
ASAN;55;14.04.1968;36;19
DILFERUZ;55;21.11.1957;0;55
ABIZER;55;14.10.1965;52;3
CANKIZ;55;14.04.1965;0;55
LETICE;55;3.02.1960;0;55
MIYREM;55;24.05.1960;0;55
SAYEN;55;3.10.1964;1;54
SERFET;55;12.01.1963;30;25
SAYFINAZ;55;1.08.1962;0;55
CUMAYI;55;15.09.1965;55;0
TANCU;55;19.05.1969;51;4
GULIPEK;55;14.12.1963;1;54
FAYME;55;12.07.1971;0;55
SEBAYI;55;22.12.1969;38;17
MEHCURE;55;24.04.1943;0;55
ALFER;55;19.07.1969;14;41
SUMEN;55;1.05.1970;37;18
NIGDEM;55;1.08.1982;0;55
SUNEL;55;14.07.1965;19;36
NALE;55;21.02.1966;0;55
KILICARSLAN;55;12.03.1969;55;0
MUNEZZER;55;30.11.1961;1;54
OZGAN;55;10.07.1958;31;24
ZERA;55;9.06.1963;0;55
DERYANUR;55;17.12.1975;0;55
NIHANI;55;3.01.1963;54;1
MIRZALI;55;24.06.1961;55;0
GUZELAY;55;26.12.1966;0;55
SAHMEDDIN;55;9.09.1955;55;0
YAVUZER;55;1.10.1972;55;0
GORSEL;55;12.08.1976;42;13
SENIS;55;14.02.1967;7;48
KONCAY;55;22.01.1969;1;54
SEFTANE;55;3.12.1961;0;55
MERKEZ;55;7.11.1958;54;1
VIRGUL;55;6.04.1969;0;55
NEVIT;55;30.2.1959;44;11
GULDEHEN;55;14.08.1965;0;55
ZELIKA;55;23.07.1967;0;55
GUBRA;55;20.10.1970;0;55
MEVCI;55;17.06.1959;54;1
HARE;55;4.08.1977;1;54
BETIL;55;2.08.1966;2;53
OLKE;55;20.12.1960;0;55
ANAR;55;21.11.1974;28;27
IRADA;55;28.04.1970;0;55
MUCDET;55;17.02.1958;31;24
KARAFIL;55;6.04.1962;4;51
KIZILGUL;55;26.08.1961;0;55
FERRAHI;55;14.08.1973;34;21
GUCHAN;55;5.05.1976;55;0
SERHUN;55;20.02.1980;52;3
SEVINGUL;55;25.06.1969;0;55
KOCO;55;27.01.1941;54;1
MUMI;55;25.11.1952;0;55
SAHMARAN;55;14.05.1969;35;20
NECABET;55;7.09.1969;0;55
ZEYDE;55;2.11.1961;1;54
SELEM;55;6.07.1979;8;47
SUPHA;55;25.07.1965;1;54
MESNA;55;4.01.1979;36;19
BEYIYE;55;21.03.1961;0;55
EFRAZIM;55;1.05.1958;55;0
LIYA;55;4.02.1959;36;19
AZIYE;55;14.09.1966;0;55
YETVART;55;2.07.1947;55;0
MITAD;54;12.06.1969;53;1
SAFAT;54;23.04.1965;19;35
YOSUN;54;17.09.1979;3;51
TOKCAN;54;29.07.1976;51;3
CENNEY;54;16.12.1939;0;54
SARIVAN;54;11.01.1958;0;54
HANDENUR;54;5.06.1989;0;54
MEBURE;54;12.10.1959;0;54
BIRAND;54;15.03.1985;49;5
HABIS;54;16.08.1952;1;53
ZINEY;54;5.03.1957;0;54
SELIMHAN;54;6.10.1974;34;20
BAYRAMA;54;1.10.1952;1;53
FINCO;54;19.02.1954;0;54
NEYHAN;54;18.01.1964;4;50
TEKCAN;54;21.07.1978;43;11
NASRADDIN;54;23.11.1966;54;0
ZARE;54;26.05.1963;8;46
NESUH;54;29.03.1970;54;0
MEDHIYE;54;27.12.1951;0;54
HADICI;54;21.12.1955;0;54
FEHRIYE;54;25.01.1958;0;54
VECDIYE;54;7.05.1964;0;54
DAVIYE;54;9.07.1954;0;54
KANAN;54;8.06.1965;54;0
GULENUR;54;15.12.1972;0;54
SEHIRE;54;19.04.1964;0;54
SERAI;54;12.03.1963;0;54
TURGAN;54;2.10.1962;25;29
GUNTER;54;30.03.1973;42;12
NIYAL;54;28.04.1967;2;52
NURSI;54;7.09.1975;51;3
LERMIN;54;30.10.1967;0;54
BAKSEN;54;22.01.1979;2;52
ERDAG;54;23.03.1970;51;3
RAYFE;54;24.01.1963;0;54
NUGDIYE;54;14.09.1958;0;54
ELIFANA;54;7.12.1962;0;54
MUSAMEDDIN;54;3.08.1961;54;0
NEHRIMAN;54;3.11.1948;0;54
MAZES;54;9.07.1967;0;54
MUKADDERE;54;23.12.1946;0;54
GUNGUL;54;13.07.1963;1;53
CELALET;54;27.09.1955;16;38
ASLAR;54;19.06.1954;0;54
NURHANIYE;54;30.09.1965;0;54
RAKIF;54;16.05.1964;54;0
GULVAN;54;3.07.1978;0;54
ALINAZ;54;12.09.1954;48;6
DUMLU;54;27.10.1961;52;2
SEYIME;54;27.07.1959;0;54
SEVIYAN;54;22.11.1965;1;53
AKBEY;54;20.08.1965;53;1
KUDSI;54;2.04.1962;54;0
EMMAR;54;17.01.1975;54;0
AYMER;54;16.08.1970;10;44
PERIM;54;30.05.1974;0;54
SELENAY;54;9.07.1988;0;54
FAKIZE;54;19.09.1956;0;54
MIRACIYE;54;4.01.1963;0;54
UMITCAN;54;28.07.1985;51;3
CAGRIHAN;54;21.08.1986;54;0
HADIKE;54;14.02.1963;0;54
HUMAR;54;1.11.1947;0;54
DOGACAN;54;30.05.1989;51;3
RIBASA;54;13.05.1968;0;54
SEADETTIN;54;18.12.1952;54;0
HACIOMER;54;7.04.1963;54;0
HALIK;54;16.03.1965;52;2
MULKUYE;54;17.06.1969;0;54
AYTUNA;54;4.06.1973;12;42
NERGUZ;54;6.06.1961;1;53
ERKOC;54;19.10.1976;54;0
NAYLAN;54;22.11.1965;0;54
RESUDE;54;8.11.1951;0;54
SENDIL;54;11.06.1963;9;45
GENCEHAN;54;21.05.1981;49;5
SAMIDDIN;54;23.09.1958;54;0
ELTAF;54;7.10.1961;12;42
AGCI;54;12.04.1937;1;53
SIRMI;54;15.04.1956;0;54
FIYAT;54;27.08.1968;8;46
SOYLAN;54;7.01.1972;1;53
ANOS;54;10.10.1948;0;54
SAHZET;54;5.06.1964;48;6
LADIS;54;4.08.1956;0;54
CANDOGAN;54;12.11.1976;53;1
FAHRUNISA;54;27.12.1960;0;54
YILBAY;54;28.12.1976;54;0
GOGI;54;14.11.1950;0;54
MINASE;54;15.04.1962;0;54
GULPES;54;12.12.1962;0;54
TILBE;54;25.09.1988;0;54
ARLET;54;14.12.1968;1;53
ETEL;54;28.06.1976;1;53
HATEY;54;14.11.1943;0;54
BESIRIYE;54;7.04.1968;0;54
CUNEY;54;14.02.1959;8;46
DIBI;54;26.06.1943;0;54
FESUDE;54;25.09.1962;0;54
SABAP;53;22.10.1956;26;27
PEMPEGUL;53;18.09.1976;0;53
ASKAR;53;27.03.1968;52;1
GULTEK;53;1.06.1965;1;52
IMSAL;53;24.05.1963;13;40
NEFER;53;17.10.1974;45;8
ZERGUN;53;25.09.1963;2;51
VAHE;53;13.02.1952;51;2
RASAT;53;12.11.1963;53;0
CEMSIT;53;20.04.1967;52;1
TURKEY;53;30.09.1955;34;19
ABDULSELAMI;53;20.11.1972;53;0
SELVICAN;53;18.06.1976;0;53
URKUYE;53;21.06.1960;0;53
SEFAT;53;28.03.1969;30;23
GUNAC;53;15.09.1958;4;49
NURSEVIN;53;8.10.1974;0;53
BITER;53;6.07.1975;3;50
UMUD;53;26.07.1978;51;2
ZIGNET;53;10.10.1966;0;53
HURYET;53;27.04.1972;4;49
KESUMA;53;18.03.1973;0;53
BASKAN;53;4.11.1972;52;1
MUKKADES;53;28.06.1979;0;53
ASLIN;53;15.05.1980;2;51
MERCIHAN;53;29.09.1967;0;53
MEHMETSERIF;53;4.08.1970;53;0
ZIDAN;53;9.05.1962;53;0
NEVRIM;53;10.05.1974;1;52
SAME;53;18.06.1955;1;52
SADIYA;53;2.03.1966;1;52
SEKMAN;53;18.01.1974;53;0
ELISABETH;53;26.05.1962;0;53
SARKIYE;53;13.05.1968;0;53
TINA;53;17.10.1975;0;53
CLAUDIA;53;2.07.1971;0;53
ANNE;53;3.03.1955;0;53
VIKTOR;53;11.07.1952;42;11
GULHISAR;53;26.08.1960;0;53
RATIFE;53;12.08.1965;0;53
ALMA;53;5.08.1960;0;53
BEHNAN;53;19.03.1970;37;16
MUCEFFER;53;1.02.1959;1;52
CANFIDA;53;26.07.1957;1;52
SERINAY;53;24.12.1977;0;53
SEVIMLI;53;18.11.1946;2;51
BATIYE;53;5.08.1956;0;53
PEKIN;53;25.02.1961;47;6
UZEYYIR;53;18.11.1968;53;0
NURITDIN;53;4.03.1962;53;0
GULDONDU;53;26.02.1970;0;53
SUDAY;53;22.02.1970;6;47
ULGIYE;53;19.04.1967;0;53
SEVINE;53;22.12.1965;0;53
IZNI;53;27.07.1959;53;0
EVKAN;53;10.02.1975;53;0
MEDIHAN;53;29.08.1962;0;53
NEGEHAN;53;8.11.1979;0;53
SEHVAN;53;11.03.1972;49;4
URGUYE;53;10.11.1962;0;53
SAHINAR;53;6.04.1956;0;53
ELMAZE;53;28.07.1953;0;53
GULBERK;53;16.02.1984;0;53
TIMURCIN;53;20.09.1970;53;0
NEFIKE;53;24.12.1953;0;53
MESIME;53;23.07.1958;0;53
HASANCAN;53;8.03.1988;53;0
NAZANI;53;20.04.1954;1;52
GENCEBAY;53;2.07.1981;52;1
MUKTALIP;53;4.11.1969;53;0
ERSEM;53;7.03.1979;40;13
HERDANE;53;9.03.1951;0;53
TANIS;53;8.04.1977;45;8
HESNE;53;1.07.1962;0;53
SAYDA;53;20.12.1963;0;53
MUSLUMET;53;2.09.1963;0;53
BURSEL;53;17.09.1965;3;50
GULLUCAN;53;18.10.1973;0;53
GULAYI;53;13.11.1974;1;52
HUCRET;53;12.11.1963;2;51
SIYAHHAL;53;29.01.1962;0;53
ABDULCEMIL;53;23.06.1958;53;0
ZURBE;53;18.07.1962;53;0
SEDDAT;53;1.02.1978;53;0
MEZYET;53;22.08.1965;43;10
GULZIRIN;53;30.11.1970;0;53
AKSIT;53;29.05.1958;40;13
ATABAY;53;12.03.1963;53;0
HANZE;53;6.03.1967;0;53
SEVDEKAR;53;7.12.1956;52;1
MURTUZ;53;17.02.1953;53;0
CEVADIYE;53;10.08.1961;0;53
BEGUN;53;5.06.1983;0;53
HEVSE;53;10.08.1959;0;53
FERIYAL;53;30.05.1959;0;53
SUZET;53;14.05.1966;0;53
BERKEL;53;16.12.1963;53;0
ARZA;53;19.04.1948;0;53
NURIGAR;53;8.10.1951;0;53
FATMANIM;53;24.05.1963;0;53
SEHERLI;53;4.02.1954;0;53
CIVADE;52;22.12.1957;0;52
AFEY;52;2.04.1944;0;52
NURET;52;16.10.1962;20;32
KAFURE;52;10.12.1958;0;52
BOZE;52;21.09.1965;0;52
CEBAR;52;16.07.1970;47;5
NAYMA;52;5.12.1963;0;52
ALISER;52;29.01.1970;51;1
TURKO;52;10.02.1950;7;45
NADIRET;52;21.09.1956;0;52
NUSET;52;28.03.1959;25;27
SARICE;52;4.12.1978;0;52
ULGU;52;3.08.1954;6;46
TURFAN;52;24.08.1966;48;4
MURET;52;2.08.1969;12;40
BEYAMI;52;14.06.1961;52;0
PAKISE;52;18.10.1964;0;52
GULFEHIM;52;28.11.1963;0;52
AYDE;52;25.08.1972;0;52
GULYAS;52;7.04.1965;1;51
SAMYE;52;2.01.1973;0;52
DELLI;52;3.11.1954;19;33
PERVIZ;52;18.02.1960;40;12
MUZZAFFER;52;18.01.1972;52;0
ABDULATIF;52;12.11.1965;52;0
BESSO;52;10.04.1952;0;52
NEYYULE;52;23.10.1957;0;52
BAHYEDDIN;52;1.07.1967;52;0
HULUS;52;14.10.1954;50;2
ARIFA;52;21.06.1968;4;48
KUDSIYE;52;27.02.1959;0;52
MEYASER;52;29.10.1972;0;52
CEZAIL;52;6.04.1969;52;0
AIT;52;28.10.1959;52;0
NECIBULLAH;52;1.04.1987;52;0
ERVAN;52;13.03.1972;44;8
IZNUR;52;21.03.1977;1;51
NECATE;52;26.11.1980;0;52
FAHRIDDIN;52;12.11.1951;52;0
TALYA;52;25.07.1978;1;51
HAYRATTIN;52;22.11.1959;52;0
PERGUL;52;5.07.1968;1;51
SULEYYA;52;8.12.1964;1;51
ISTIKBAL;52;18.12.1965;27;25
ZATIGUL;52;30.01.1960;0;52
KIRMISIYE;52;16.03.1963;0;52
KURTARAN;52;27.08.1970;48;4
EVRENSEL;52;26.02.1971;34;18
NIKAIL;52;27.11.1970;50;2
NAHIM;52;3.12.1963;52;0
IRAZIYE;52;26.11.1957;0;52
GULBUS;52;2.04.1953;0;52
ALAHADDIN;52;16.06.1964;52;0
METI;52;7.12.1956;44;8
ZEKERIYYE;52;10.08.1964;52;0
DUYGUN;52;5.11.1978;17;35
BUNYAN;52;25.04.1962;41;11
MIRSAD;52;28.04.1980;49;3
SEHMI;52;12.06.1960;50;2
OLKAY;52;27.07.1981;50;2
SABIYA;52;15.02.1963;0;52
TIRAJE;52;4.03.1951;0;52
VESUDE;52;9.06.1955;0;52
FEMIYE;52;19.12.1963;0;52
TEKBIRE;52;22.11.1961;0;52
UVEYDE;52;14.11.1959;0;52
ZULKIYE;52;11.11.1957;0;52
GULBEK;52;2.09.1961;48;4
ATAC;52;14.04.1972;51;1
OZALTIN;52;21.09.1958;0;52
DENIZER;52;27.09.1979;50;2
VANER;52;16.03.1976;52;0
RAHMANI;52;6.11.1973;50;2
FATIMATUZ;52;19.09.1972;0;52
NURGEL;52;1.10.1968;0;52
FAHAMETTIN;52;5.08.1964;52;0
FATMATUZ;52;10.06.1960;0;52
KUNTER;52;29.05.1977;52;0
GULLUSEN;52;15.04.1966;0;52
GULLUYE;52;20.11.1963;0;52
BUROL;52;22.05.1973;51;1
ZAKIYE;52;23.06.1960;0;52
NAKIFER;52;19.07.1955;0;52
IFADE;52;1.01.1951;0;52
BAHARETTIN;52;8.08.1963;52;0
GULSEVINC;52;16.09.1968;0;52
FIRDEST;52;3.04.1960;0;52
AYGUNER;52;6.12.1965;9;43
BAHCEGUL;52;25.01.1964;0;52
MESGURE;52;27.02.1961;0;52
NIYAT;52;23.03.1967;49;3
VAKUR;52;1.01.1970;52;0
ZEVCIYE;52;28.01.1956;0;52
NEVRAZ;52;14.01.1967;20;32
VAKI;52;19.04.1936;4;48
ABDULKAFUR;52;7.02.1968;52;0
IRANE;52;1.12.1966;0;52
CAYIZE;52;25.01.1967;0;52
TEMINE;52;15.12.1962;0;52
CENNETI;52;19.05.1954;0;52
M.SEFIK;52;21.11.1953;52;0
MUADDER;52;6.06.1955;1;51
FARICA;52;7.09.1958;0;52
BESBIN;52;6.08.1969;0;52
RUKNA;52;1.04.1956;0;52
AVDI;52;19.06.1955;52;0
NEJDIYE;52;11.10.1968;0;52
SERIFEANA;52;22.03.1965;0;52
SAHADE;52;14.11.1955;46;6
DURANI;52;24.06.1959;3;49
MUCELLE;51;2.04.1970;0;51
FAKIR;51;13.08.1970;48;3
IMIRZA;51;5.04.1962;51;0
EZER;51;16.10.1969;39;12
RENIN;51;8.09.1970;0;51
RUHULLAH;51;29.01.1986;51;0
RUMEYSE;51;26.02.1979;0;51
SERDIL;51;25.11.1979;23;28
UZER;51;17.10.1961;43;8
GARIB;51;10.10.1963;41;10
AZDIN;51;15.06.1967;51;0
MERICAN;51;13.12.1972;0;51
KERVAN;51;25.11.1977;30;21
VESFI;51;8.09.1970;49;2
FASIHA;51;4.06.1964;0;51
NACIME;51;3.04.1961;0;51
GEMI;51;21.04.1960;0;51
REFKA;51;9.08.1945;0;51
KETRIN;51;20.07.1970;0;51
MELIKAN;51;29.2.1971;12;39
AJDAN;51;4.01.1977;31;20
ZIBO;51;4.03.1951;10;41
OMURAY;51;14.06.1976;17;34
GULERSIN;51;2.01.1969;0;51
TAIP;51;5.07.1957;51;0
LEMIDE;51;25.10.1967;0;51
YASADIYE;51;5.09.1968;0;51
FIDA;51;11.07.1961;13;38
UZETI;51;13.09.1958;0;51
HURYAN;51;10.11.1970;12;39
NUTUYA;51;14.01.1964;0;51
IDEAL;51;30.10.1969;24;27
BILEK;51;22.12.1976;14;37
BURAN;51;19.04.1967;46;5
ARMAHAN;51;9.07.1970;15;36
TAHLIYE;51;23.03.1969;1;50
BESALET;51;11.03.1949;32;19
MAHPEYKER;51;2.01.1959;0;51
GULISER;51;27.10.1961;0;51
NUSRIYE;51;28.05.1962;0;51
PASABEY;51;18.02.1954;51;0
EMRIN;51;20.04.1981;17;34
MEHRIMAN;51;25.09.1963;0;51
EVSAN;51;6.11.1970;8;43
SEVIMSER;51;5.05.1959;0;51
SEREM;51;23.05.1981;4;47
AYFEN;51;25.12.1971;1;50
LUFER;51;10.09.1964;22;29
MINIR;51;15.04.1961;46;5
ORHANETTIN;51;26.10.1956;51;0
OZERK;51;6.03.1981;48;3
GULMIRA;51;23.03.1978;0;51
HAVSA;51;2.05.1966;0;51
HALIYME;51;15.06.1966;0;51
ZELHE;51;30.07.1955;0;51
AKABI;51;24.10.1943;0;51
GORGU;51;16.06.1972;29;22
SOYLER;51;16.11.1970;4;47
BELLA;51;16.11.1959;0;51
GULGES;51;11.08.1976;0;51
LAZIM;51;4.08.1965;51;0
FEYFUR;51;1.12.1961;0;51
ZEMRUT;51;22.02.1966;0;51
RUBASAH;51;16.11.1973;0;51
CENAB;51;29.05.1971;51;0
TONAY;51;21.08.1969;44;7
NAHID;51;27.10.1964;40;11
FETAHNE;51;26.08.1962;0;51
FAHRINNISA;51;15.02.1953;0;51
FERIYAZ;51;7.02.1956;1;50
ZUNBULE;51;10.03.1953;0;51
HAMDUSANA;51;5.11.1980;48;3
NEDAT;51;11.01.1969;45;6
SERIFFADIME;51;1.02.1955;0;51
SEDDI;51;22.09.1955;51;0
ZULKUFUL;51;28.07.1946;51;0
MESSUDE;51;7.11.1964;0;51
MARDIROS;51;12.06.1911;51;0
NESIR;50;6.10.1961;38;12
BILINC;50;19.01.1981;25;25
ZULMAT;50;19.01.1966;50;0
SABAHA;50;26.07.1958;0;50
MAHSUNE;50;2.07.1965;3;47
OZDIL;50;2.08.1970;9;41
EFRASIM;50;17.06.1961;50;0
TURKUZ;50;14.06.1963;6;44
NASRIYE;50;8.12.1965;0;50
GULSANIYE;50;14.02.1965;0;50
CIDE;50;16.10.1953;0;50
TUGCA;50;1.08.1985;13;37
FILYET;50;10.05.1952;0;50
BEHAETTIN;50;6.11.1952;50;0
KUBRAN;50;20.03.1977;14;36
GULCEM;50;11.12.1977;2;48
AYBEGUM;50;15.03.1985;0;50
IKLIL;50;24.11.1968;6;44
AYFET;50;7.02.1969;4;46
ELO;50;13.10.1947;2;48
FULDA;50;14.04.1980;0;50
FIRYEL;50;15.03.1972;1;49
SALIMA;50;29.11.1969;0;50
NEZLISAH;50;12.11.1977;0;50
IZZEDIN;50;22.12.1965;50;0
SUVEYLE;50;9.12.1970;0;50
CAGDA;50;10.01.1984;5;45
NADIL;50;16.11.1967;43;7
MEDIYA;50;6.09.1968;0;50
ASIYAN;50;9.11.1979;1;49
NEHLE;50;22.01.1964;0;50
NEVZETTIN;50;7.04.1957;50;0
SEVRA;50;7.04.1982;0;50
VESVIYE;50;7.10.1961;0;50
ABABEKIR;50;24.06.1963;50;0
MENUSE;50;27.10.1959;0;50
TONI;50;20.01.1975;43;7
JASMIN;50;10.02.1983;1;49
ELIZABETH;50;25.02.1967;0;50
DENIS;50;19.08.1981;34;16
KIRAL;50;9.12.1965;50;0
DOGANER;50;17.10.1974;50;0
NURZIYE;50;11.03.1969;0;50
OMERIL;50;14.01.1967;50;0
MUFRET;50;9.06.1957;12;38
LEZIZE;50;12.02.1955;0;50
SELATDIN;50;4.12.1958;50;0
VAYIDE;50;26.12.1963;0;50
AKBILEK;50;19.11.1963;1;49
INCILI;50;23.03.1958;8;42
MUHTEREME;50;6.01.1952;0;50
BURCAN;50;8.03.1979;15;35
SIRINGUL;50;5.05.1973;0;50
ZUREYHA;50;25.08.1972;0;50
EZHER;50;30.08.1970;19;31
EBRUH;50;17.05.1979;0;50
KETAYIN;50;7.04.1960;0;50
ANASTASIA;50;26.06.1965;0;50
ILMAHAN;50;13.02.1969;0;50
GOKCEL;50;30.07.1967;17;33
BUSEM;50;18.02.1988;1;49
ILKAR;50;22.07.1967;27;23
ATAK;50;23.04.1971;48;2
NURUNNISA;50;10.10.1963;0;50
FERITTIN;50;10.07.1956;50;0
FAHRULLAH;50;24.02.1971;50;0
MANANA;50;28.01.1965;0;50
INGA;50;12.02.1973;0;50
HACULA;50;5.08.1948;0;50
FATULI;50;11.10.1951;0;50
FUTUHAT;50;1.01.1950;0;50
SEZAL;50;8.10.1969;24;26
SEHZANE;50;1.02.1956;0;50
KUCUKBEY;50;3.05.1958;50;0
NURYAN;50;26.04.1967;1;49
MUBAH;50;6.07.1965;25;25
DONDUGUL;50;8.06.1978;0;50
HAZIRE;50;1.04.1955;1;49
MAYSER;50;1.01.1959;0;50
GULSULTAN;50;2.12.1974;0;50
ZENIFE;50;2.09.1958;0;50
SUURI;50;30.06.1958;50;0
SEMANIYE;50;7.07.1966;0;50
MUKMINE;50;3.04.1967;0;50
BAYSER;50;9.01.1959;10;40
TUGYAN;50;20.09.1971;31;19
HASLAR;50;20.05.1955;1;49
DURSANIYE;50;4.08.1966;0;50
GURDOGAN;50;12.11.1971;49;1
APDURAHMAN;50;15.08.1961;50;0
VAZIHA;50;18.08.1953;0;50
ZURA;50;24.02.1958;0;50
BADI;50;20.01.1961;16;34
SEHRAN;50;10.02.1967;12;38
TAKDIR;50;6.01.1973;29;21
ILKI;50;21.02.1967;4;46
SEBAYE;50;10.11.1960;0;50
GOKCENUR;50;21.08.1988;0;50
NUNUFER;50;9.10.1964;0;50
ESAF;50;29.09.1972;47;3
PURZE;50;30.06.1957;0;50
MAHPUS;50;4.09.1977;50;0
MAVISEKER;50;2.09.1960;0;50
SUBAT;50;11.07.1970;43;7
HEYBETE;50;15.01.1973;0;50
NIZBET;50;24.03.1969;0;50
OMURUYE;50;14.03.1964;0;50
NASER;50;1.07.1965;47;3
SUTYA;50;1.02.1970;0;50
KEJE;50;23.07.1962;0;50
MUSEHER;50;18.12.1977;0;50
NURFADIYE;50;25.10.1958;0;50
NEFIS;50;15.08.1962;10;40
DILGE;50;14.11.1985;2;48
MISLINA;50;12.10.1983;12;38
HAYRINUSA;50;19.12.1963;0;50
KEFA;50;27.09.1960;0;50
SAYIL;50;10.01.1968;37;13
ZIHEYYE;50;14.01.1965;0;50
ELDAR;50;3.04.1977;50;0
ANTRANIK;50;7.08.1950;50;0
ABDULSEBUR;49;9.12.1980;49;0
SATUN;49;24.12.1958;2;47
DERDA;49;25.07.1980;38;11
ABDULVAHIP;49;5.04.1964;49;0
PERCEM;49;15.11.1979;4;45
M.MUSTAFA;49;22.03.1955;49;0
MUZZAFER;49;30.06.1973;47;2
HOMAK;49;2.03.1955;0;49
ESRAGUL;49;4.08.1984;0;49
LAURA;49;7.02.1976;0;49
KAHRIBAR;49;18.04.1976;0;49
IRSAD;49;9.12.1981;42;7
BIRGOL;49;11.05.1973;0;49
SERIHA;49;27.01.1962;0;49
GULSANE;49;25.08.1958;0;49
GENCOSMAN;49;21.02.1976;49;0
SIRO;49;5.03.1939;7;42
DILSE;49;29.12.1964;0;49
NEZIRA;49;26.10.1963;0;49
YESRIBE;49;29.02.1980;0;49
TOZAN;49;5.03.1965;11;38
VEKALET;49;30.06.1966;12;37
SARETE;49;6.06.1967;0;49
MEDO;49;8.02.1941;3;46
FEVVAZ;49;29.06.1969;49;0
HALI;49;6.05.1957;31;18
SAMURAY;49;19.12.1973;23;26
FATHULLAH;49;6.04.1974;49;0
ARABE;49;8.09.1961;0;49
DEVRIYE;49;28.05.1958;0;49
YUSRE;49;22.11.1972;0;49
SODE;49;1.10.1954;0;49
CEMET;49;2.01.1964;6;43
HOGIR;49;10.05.1991;49;0
MAIA;49;27.02.1972;0;49
NEYLUFER;49;20.02.1950;0;49
ABDULVASIH;49;30.09.1973;49;0
SAMIT;49;22.10.1962;46;3
HIZNA;49;13.10.1959;2;47
IMISE;49;7.06.1958;0;49
SORES;49;10.12.1983;46;3
SAHBEDDIN;49;23.05.1969;49;0
GERDEN;49;4.05.1974;0;49
BERSAN;49;23.06.1979;20;29
NUGRETTIN;49;28.11.1963;49;0
KADINKIZ;49;22.03.1953;0;49
MEZIHA;49;5.12.1960;0;49
EMINANA;49;24.04.1959;0;49
ANASTASIYA;49;18.10.1956;0;49
NEVILAY;49;10.02.1977;0;49
MAMIK;49;18.03.1956;15;34
ULVER;49;7.03.1964;9;40
SEVRAN;49;15.05.1974;28;21
KONCAFER;49;12.05.1959;0;49
NIME;49;13.04.1915;0;49
SUHEYBE;49;24.07.1974;0;49
HAMMADI;49;23.01.1954;49;0
SUNAM;49;11.03.1965;0;49
ZURRIYE;49;13.03.1954;0;49
HURISEN;49;1.06.1961;0;49
ENGIZ;49;8.11.1974;48;1
GULDURAN;49;20.10.1962;1;48
BELGUZER;49;16.09.1961;2;47
ERDOST;49;26.07.1985;49;0
ZERHAN;49;10.04.1974;10;39
ERGAN;49;7.07.1966;49;0
SEVA;49;26.05.1976;1;48
CAZIP;49;18.10.1961;44;5
ZEDELI;49;20.07.1955;0;49
SAFIDE;49;11.04.1961;0;49
OSKAY;49;20.12.1979;47;2
TAMIRE;49;7.11.1960;0;49
SALIFE;49;11.02.1963;0;49
SARAYNAZ;49;23.06.1958;0;49
HAVVAHATUN;49;12.03.1973;0;49
YEKDANE;49;4.11.1958;0;49
SEDIDE;49;6.06.1962;0;49
MERZUKE;49;5.09.1962;0;49
GUNALTAY;49;23.02.1965;48;1
AYKIN;49;18.05.1973;48;1
SETARET;49;28.04.1949;0;49
DURUCAN;49;23.11.1965;8;41
MOTEBER;49;6.03.1946;0;49
GULANBER;49;15.01.1953;0;49
H.OSMAN;49;12.11.1952;49;0
BEZMI;49;2.12.1957;45;4
MUREVVET;49;10.06.1964;1;48
SADEDTIN;49;28.11.1963;49;0
BALKIYE;49;5.09.1957;1;48
CEZVENUR;49;15.07.1960;0;49
PAKINUR;49;17.11.1958;0;49
SOHRETTIN;49;3.12.1959;48;1
SENKAL;49;13.01.1963;28;21
SEVECEN;49;10.07.1987;2;47
MANTAR;49;12.02.1957;2;47
H.MUSTAFA;49;20.04.1954;49;0
MEVIS;49;4.04.1958;0;49
ELENUR;49;23.05.1975;0;49
ARTUG;49;1.04.1984;49;0
IJLA;49;18.12.1972;0;49
MUNCI;49;28.01.1962;48;1
NECILA;49;28.05.1959;0;49
SACAN;49;15.05.1977;1;48
NURGIN;49;5.07.1969;2;47
SALAHATDIN;49;8.06.1953;49;0
ALMULA;49;14.11.1978;0;49
DURNATEL;49;15.02.1959;0;49
RASI;49;6.04.1964;49;0
BATIN;49;24.10.1981;45;4
MUHBETTIN;49;24.12.1974;48;1
MEHEDDIN;49;7.11.1960;49;0
MIRSADE;49;14.08.1971;0;49
SELAMIN;49;22.04.1968;43;6
IBARE;49;29.07.1966;0;49
VARDE;49;2.12.1965;0;49
BENLIHAN;49;29.10.1965;0;49
MOMIN;49;29.12.1957;47;2
FATIKE;49;21.07.1956;0;49
TAMEY;48;3.06.1953;0;48
SEDIHA;48;13.11.1967;0;48
SEFIL;48;1.05.1962;36;12
KUMI;48;3.09.1932;0;48
ATVIYE;48;9.02.1962;0;48
VAYIT;48;10.09.1962;48;0
SAHADETTIN;48;14.04.1963;48;0
OLGUNAY;48;24.03.1978;5;43
SURREYYA;48;25.09.1972;2;46
MEDAYIN;48;12.05.1963;44;4
ULFU;48;8.02.1963;24;24
ABDULMECID;48;27.07.1972;48;0
ALAN;48;21.12.1974;39;9
BUHAR;48;26.12.1964;5;43
CAVIDEN;48;19.06.1966;0;48
HAMISI;48;3.07.1951;0;48
REVZIYE;48;9.10.1964;0;48
CIRVA;48;6.04.1958;0;48
SOSINI;48;5.01.1951;0;48
HAMRIYE;48;11.06.1965;0;48
ZEKIYYE;48;10.09.1959;0;48
YASIMIN;48;14.07.1969;0;48
HAZBI;48;12.05.1956;48;0
HUSO;48;20.04.1940;48;0
ZAMIRE;48;3.01.1965;0;48
SERCIL;48;5.04.1974;4;44
ICRA;48;3.04.1981;0;48
TERZO;48;29.06.1948;0;48
DENHO;48;3.05.1947;48;0
VEZIHE;48;7.09.1964;0;48
SINCAN;48;24.06.1970;26;22
SUUDIYE;48;14.04.1964;0;48
ZIKRETTIN;48;20.03.1966;48;0
MASIFE;48;25.08.1985;0;48
ESMIYE;48;3.11.1960;0;48
HURSEN;48;19.11.1965;7;41
IMDAD;48;10.09.1970;48;0
TEKSEN;48;1.04.1969;12;36
TURKSEL;48;8.10.1961;25;23
ULFI;48;6.07.1964;39;9
SAMBAZ;48;22.08.1970;48;0
YASIMEN;48;2.08.1974;0;48
ALTINER;48;17.01.1972;47;1
ZULBIYAR;48;9.02.1963;1;47
ZEBUR;48;25.04.1965;37;11
OCALAN;48;9.04.1971;48;0
SAKIRIYE;48;22.01.1959;0;48
LEILA;48;1.05.1967;0;48
HEBIB;48;9.03.1962;48;0
SAGBAN;48;13.04.1964;48;0
SIRAN;48;19.04.1969;7;41
AYBIGE;48;10.03.1982;0;48
SUA;48;29.12.1967;20;28
SELVINAS;48;19.10.1960;0;48
CEYNUR;48;30.11.1974;4;44
MUCAHIDDIN;48;10.10.1962;48;0
MUSADET;48;14.11.1962;0;48
SAHITTIN;48;26.12.1960;48;0
HAS;48;18.10.1960;8;40
MUKADDIM;48;27.10.1955;47;1
ZORLU;48;3.03.1969;47;1
MUYESSERE;48;16.11.1946;0;48
ERCUMEND;48;25.04.1968;47;1
ZULHA;48;21.04.1964;0;48
ZEYNURE;48;3.03.1969;0;48
BOZBEY;48;16.06.1952;48;0
SECAN;48;19.05.1970;5;43
SECIN;48;28.07.1972;17;31
KIBRIS;48;27.06.1972;25;23
BELGI;48;21.01.1973;9;39
REFAKAT;48;10.12.1953;1;47
TAYYIB;48;28.10.1977;48;0
ENHAR;48;15.11.1971;12;36
SEHSUVAR;48;24.08.1961;42;6
BALAMIR;48;25.12.1974;48;0
AYYILDIZ;48;15.07.1962;3;45
ER;48;7.10.1959;47;1
KALSIN;48;7.09.1962;1;47
ESEDULLAH;48;12.10.1965;48;0
DAHIYE;48;19.02.1960;3;45
ISABALI;48;22.04.1955;48;0
SAHZER;48;27.04.1954;2;46
NARISEN;48;12.09.1960;0;48
HATIR;48;19.03.1964;1;47
MUHANMET;48;3.05.1973;48;0
MUTAHHER;48;6.11.1953;16;32
FERIYAN;48;8.11.1960;0;48
SEVILIR;48;16.03.1966;3;45
SEVDIM;48;23.04.1966;26;22
EMER;48;1.09.1960;28;20
DULSAH;48;12.11.1965;0;48
ZEVKIYE;48;13.11.1956;0;48
OMURYE;48;26.04.1964;0;48
SELVISAH;48;9.04.1955;0;48
EBEKADIN;48;20.04.1951;0;48
ZAFERIYE;48;11.08.1961;0;48
USREF;48;1.07.1960;48;0
SEKNO;48;4.04.1942;0;48
GUVENGEZ;48;28.01.1962;42;6
SEFTER;48;19.06.1971;47;1
AYSEI;48;18.10.1952;0;48
FESLIKAN;48;2.05.1963;0;48
MUKER;48;30.12.1959;0;48
EHET;48;15.04.1964;47;1
DADAS;48;2.08.1972;47;1
YURDESEN;48;15.06.1966;6;42
MUSET;48;6.02.1953;7;41
BERKET;48;16.07.1964;48;0
URUBIYE;48;3.02.1945;0;48
HAZNEY;48;30.05.1952;0;48
MEKSEN;48;14.09.1968;48;0
RENCUS;48;26.11.1949;0;48
NIKO;48;29.08.1949;48;0
KATINA;48;10.12.1949;0;48
JULIYET;48;8.01.1918;0;48
DONERCAN;47;18.10.1974;0;47
SUGLE;47;5.03.1969;0;47
ADIBE;47;29.01.1961;1;46
YURTSEV;47;28.12.1971;26;21
NUSEYBE;47;22.03.1983;0;47
NAZIFA;47;28.12.1954;0;47
TEVFIKE;47;3.10.1965;0;47
ENBER;47;5.08.1952;9;38
MUIN;47;25.12.1964;47;0
SEHNAS;47;22.06.1974;0;47
DURRU;47;20.02.1955;17;30
DEMIRKAN;47;27.05.1976;47;0
ASER;47;30.05.1955;11;36
GUZAY;47;26.12.1967;9;38
YUSUFHAN;47;30.04.1973;47;0
ZEMZEMI;47;22.06.1954;0;47
ZEYDA;47;6.05.1972;3;44
MUDDALIP;47;29.07.1964;47;0
SEHLE;47;22.02.1959;0;47
SADA;47;16.03.1957;3;44
SEDIKE;47;10.01.1964;0;47
SERUHAN;47;8.03.1960;45;2
LUSIYE;47;12.11.1953;0;47
FATTAH;47;13.04.1960;47;0
DERBAS;47;25.06.1963;47;0
ABLA;47;21.03.1963;0;47
FINCE;47;25.11.1967;0;47
SEYRE;47;13.10.1957;0;47
NUFUSE;47;23.03.1967;0;47
BAHARI;47;4.07.1951;1;46
MEHMETSELIM;47;25.11.1973;47;0
SEYFEDIN;47;22.02.1969;47;0
HINDE;47;4.06.1968;0;47
ESENER;47;1.05.1980;42;5
MERCANE;47;11.10.1964;0;47
FEDYE;47;20.11.1979;0;47
EVIM;47;15.02.1982;0;47
NATIFE;47;11.05.1960;0;47
EFRIM;47;4.07.1961;47;0
ABRAHAM;47;12.09.1952;47;0
GEYLAN;47;8.10.1973;43;4
SAMAN;47;1.05.1958;23;24
MERIN;47;1.04.1969;3;44
HENA;47;28.06.1973;0;47
HANNE;47;12.02.1962;27;20
ABDULAHAT;47;27.11.1963;47;0
ZUHAT;47;17.06.1981;37;10
NAYET;47;15.04.1957;6;41
YUHANIS;47;22.05.1976;0;47
ZAHIBE;47;21.10.1951;0;47
ABBAZ;47;15.03.1965;47;0
NUHUBE;47;5.01.1970;0;47
ALETDIN;47;11.05.1960;47;0
MUHDEREM;47;1.04.1971;35;12
NAZIL;47;2.06.1969;36;11
GULSEFER;47;21.09.1963;0;47
MURTEZIM;47;6.09.1966;9;38
FERMIDE;47;14.11.1963;0;47
SEFANE;47;8.03.1968;0;47
CABIL;47;10.07.1965;47;0
LIANA;47;7.11.1975;0;47
NEBIA;47;24.10.1965;0;47
EMREM;47;14.07.1973;29;18
SELAYI;47;18.09.1970;40;7
NERCIHAN;47;21.02.1969;1;46
ZURRIYET;47;25.07.1957;0;47
NEZEL;47;21.11.1961;0;47
MURTEZE;47;23.01.1961;43;4
BAYKUL;47;15.06.1977;47;0
RUHISEN;47;2.01.1959;8;39
NAYIT;47;1.04.1964;47;0
NURFEN;47;9.01.1966;2;45
SUZAY;47;18.08.1970;9;38
DEVA;47;8.05.1979;5;42
ZIYANUR;47;17.11.1960;39;8
ULUG;47;11.11.1967;45;2
EMNIYET;47;13.02.1963;13;34
INTIKAM;47;5.10.1969;44;3
SAFAAT;47;5.04.1971;8;39
DURSUNGUL;47;12.08.1962;0;47
MEDAR;47;18.02.1967;40;7
FITRET;47;16.07.1944;5;42
FIRKET;47;11.12.1964;3;44
FATMET;47;12.06.1944;0;47
SEVAHIR;47;5.10.1963;2;45
DASDAN;47;11.09.1950;38;9
DURNEV;47;17.08.1954;2;45
CEVZA;47;24.06.1956;1;46
FEHIMDAR;47;21.05.1958;47;0
BERKHAN;47;18.02.1983;45;2
ESMIRA;47;12.12.1971;0;47
PUNAR;47;15.11.1974;0;47
BERIRE;47;29.01.1968;0;47
NEVVARE;47;5.07.1949;0;47
SADIDE;47;1.12.1957;0;47
UMRANE;47;17.06.1970;1;46
SEHIMA;47;23.03.1981;0;47
SELVERE;47;16.09.1951;0;47
LALENDER;47;20.06.1953;0;47
RUFAYI;47;10.10.1973;47;0
EYICE;47;9.05.1960;0;47
MEHETTIN;47;17.04.1962;47;0
NEVRI;47;3.06.1964;20;27
CILVE;47;30.03.1963;0;47
FEDAYIL;47;5.08.1964;46;1
PILOT;47;18.06.1974;42;5
TUGAN;47;12.02.1975;45;2
ZILHICCE;47;8.02.1960;1;46
EKATERINA;47;14.03.1971;0;47
LISANGUL;47;26.09.1968;0;47
MIRKAN;47;17.05.1982;44;3
SAHYETTIN;47;12.11.1974;47;0
TAMAMZER;47;23.05.1967;0;47
ZEYICAN;47;20.12.1971;0;47
SIRAZI;47;7.03.1972;46;1
YAMI;47;14.08.1970;47;0
MEHMAN;47;5.12.1961;21;26
SUYET;47;20.04.1944;0;47
SAMAZET;47;9.05.1948;0;47
FEYMI;47;28.01.1961;47;0
FAHITE;47;12.02.1960;0;47
EREP;47;10.06.1960;1;46
SAHFET;47;12.08.1963;39;8
HAYRANSA;47;18.11.1950;0;47
TURKIZ;47;6.07.1960;13;34
EKNUR;47;20.06.1962;1;46
DURSIN;47;22.02.1969;5;42
DURSAF;47;16.02.1955;1;46
ICABIYE;47;16.05.1954;0;47
CEZIME;47;3.12.1969;0;47
NAMISER;47;23.01.1959;0;47
ESA;46;9.03.1966;39;7
HASANBASRI;46;26.07.1962;46;0
ESBER;46;7.06.1966;44;2
PIREY;46;21.01.1943;0;46
ZAIRE;46;29.07.1964;0;46
SUMMEYE;46;5.07.1988;0;46
GULMETIN;46;7.12.1950;9;37
HARISE;46;14.11.1962;0;46
MAFIRET;46;13.12.1968;2;44
EGEHAN;46;4.10.1985;43;3
REMO;46;9.03.1941;45;1
MIZAN;46;16.03.1968;18;28
ESENNUR;46;20.06.1977;0;46
CANBEY;46;24.11.1971;46;0
KUTALMIS;46;23.04.1983;46;0
ZUAL;46;29.12.1957;0;46
TUHAN;46;24.05.1980;44;2
MUSABIYE;46;23.09.1962;0;46
PIRLANTA;46;2.11.1961;0;46
ESENAY;46;30.01.1984;0;46
FUL;46;6.11.1968;0;46
CAFFER;46;24.07.1968;46;0
GONULAY;46;28.05.1973;1;45
SALHATTIN;46;27.01.1968;46;0
HASIA;46;30.04.1978;0;46
LAZIME;46;11.01.1957;0;46
RAKIA;46;25.12.1976;0;46
TAYYUP;46;19.10.1960;46;0
SIVEZAT;46;26.08.1949;0;46
SAYMAN;46;7.03.1963;18;28
DAGLAR;46;18.08.1977;37;9
ROZAN;46;1.12.1979;4;42
HEMSI;46;23.01.1949;0;46
SEPHA;46;13.08.1965;0;46
HAVLIYE;46;2.04.1961;0;46
NEMZIYE;46;23.09.1956;0;46
HUCEYLA;46;23.10.1969;0;46
FAHIT;46;23.02.1971;46;0
RAZIME;46;12.12.1968;0;46
NARIMAN;46;16.06.1971;3;43
HACIVELI;46;4.12.1958;46;0
SURAYYA;46;11.08.1971;11;35
RESI;46;21.07.1946;1;45
MENSIYE;46;4.09.1967;0;46
JILDA;46;10.05.1970;0;46
RUDI;46;1.09.1980;45;1
SAHIM;46;19.05.1961;41;5
ELIME;46;18.01.1960;0;46
PEYRUZ;46;18.03.1964;3;43
DENISE;46;18.07.1973;0;46
HUVEYDE;46;16.02.1966;0;46
SAHRI;46;10.12.1959;2;44
LEYA;46;10.06.1948;1;45
NECAR;46;30.07.1957;6;40
HEBIL;46;6.12.1964;43;3
ZEYNIDDIN;46;5.07.1966;46;0
NAVRIZ;46;10.10.1964;1;45
MUSAFFA;46;19.07.1956;5;41
ESEMANA;46;5.09.1961;0;46
AKINER;46;13.10.1978;46;0
SEDAYET;46;22.01.1964;2;44
HUMEYSA;46;24.08.1985;0;46
MERZIKA;46;10.03.1965;0;46
SIPER;46;9.02.1969;5;41
SIFAT;46;25.07.1963;32;14
ERDUR;46;10.03.1962;45;1
ERDIC;46;20.11.1970;46;0
CEBRAYIL;46;4.05.1974;46;0
EMIRIYE;46;4.10.1966;0;46
MUESER;46;20.03.1967;0;46
GOKDEN;46;21.07.1978;28;18
ZENCEFIL;46;4.06.1959;1;45
ATNEN;46;8.08.1966;46;0
SAZIMEN;46;19.12.1962;0;46
GUNTEN;46;23.09.1947;1;45
REFAITTIN;46;22.03.1960;46;0
CEFAIL;46;3.09.1965;6;40
SALISER;46;16.12.1963;0;46
GENCEL;46;5.01.1974;43;3
MAYISER;46;24.02.1964;0;46
FERDAI;46;10.08.1969;43;3
OMURAL;46;17.06.1964;30;16
SEYRAT;46;10.08.1962;6;40
SENEN;46;2.10.1964;12;34
CAHILE;46;7.02.1960;0;46
KOZAN;46;9.05.1974;43;3
NURDIL;46;1.02.1967;0;46
YILSER;46;21.11.1958;2;44
TAIFE;46;20.08.1957;0;46
HEMIT;46;10.02.1955;46;0
ZABIDE;46;20.03.1965;0;46
GULIKA;46;12.08.1952;0;46
AYCIHAN;46;2.10.1969;16;30
FINDIKA;46;28.12.1952;0;46
UFKUN;46;7.06.1984;38;8
REBIHAN;46;5.07.1960;0;46
DERGAH;46;7.03.1986;38;8
FERUNDE;46;14.06.1958;0;46
TURCIYE;46;6.02.1957;0;46
SENGUR;46;9.10.1957;17;29
KUBILAYHAN;46;7.04.1979;46;0
ERK;46;13.04.1977;46;0
MEVCUT;46;17.08.1958;33;13
REHANE;46;26.02.1958;0;46
MONISE;46;12.05.1955;0;46
MECBUR;46;28.07.1958;6;40
OREN;46;9.02.1971;12;34
BEYNAZE;46;20.08.1954;0;46
BEYLAN;46;7.12.1965;11;35
YUKSEK;46;5.10.1960;20;26
URAS;46;23.07.1983;43;3
CILGA;46;9.07.1989;0;46
SAKIZE;46;15.02.1955;0;46
EBUL;46;27.10.1959;46;0
EMIRAL;46;15.01.1965;31;15
VESBIYE;46;22.11.1952;0;46
MUCEFER;46;16.11.1961;0;46
SAYIZER;46;24.08.1960;0;46
KANUNI;46;11.10.1976;46;0
TEKKELI;46;14.08.1949;0;46
BIKE;46;8.09.1975;0;46
ZERBAB;46;5.04.1962;0;46
ABDULKADIM;46;28.03.1968;46;0
NOMEN;46;12.02.1965;46;0
BASEY;46;4.12.1955;0;46
MUFERRA;46;3.02.1959;0;46
MUKRAMIN;46;19.03.1979;45;1
NEVHAN;46;2.12.1974;5;41
MACID;46;21.09.1967;46;0
MEDAIN;46;4.12.1962;43;3
HATIF;46;30.10.1967;46;0
HUSNUFER;46;8.12.1954;0;46
RUSTUYE;46;22.04.1959;1;45
HUREM;46;11.02.1967;33;13
KEREVAN;46;6.08.1969;37;9
HURISIMA;46;6.03.1971;0;46
KULUHAN;46;8.10.1957;46;0
CUVEYRA;46;1.08.1970;0;46
AGMUR;46;28.10.1969;46;0
MEREM;46;10.06.1959;0;46
SEMAL;46;9.09.1972;12;34
LEBIS;46;26.06.1954;0;46
SAHIDIN;46;4.02.1966;45;1
HUDAIM;46;19.11.1959;46;0
NAZLAN;46;2.01.1973;0;46
DILHUN;46;15.06.1976;7;39
AGIM;46;20.08.1962;46;0
SEREBANI;46;25.11.1955;0;46
NEFIYA;46;15.07.1966;0;46
YETERNAZ;46;5.04.1967;0;46
PUPU;46;15.11.1949;0;46
BAGDADE;46;3.05.1963;0;46
FERENAZ;46;3.12.1953;1;45
NESIF;46;26.07.1968;46;0
ERSEV;46;8.02.1980;39;7
LIGAR;46;9.04.1966;0;46
HUDAKAR;46;14.04.1961;4;42
SEZNUR;46;13.04.1978;5;41
HEVIS;46;24.05.1956;0;46
SAHUT;46;10.03.1955;46;0
ANAYIT;46;10.08.1949;0;46
NORA;46;10.05.1973;1;45
ABDULRAZZAK;45;18.07.1971;45;0
FERO;45;10.05.1949;17;28
EMEN;45;6.07.1963;2;43
MUHYEDIN;45;24.04.1964;45;0
SELCUKHAN;45;19.09.1979;45;0
ABU;45;13.05.1962;42;3
FEVZU;45;20.01.1956;45;0
SUTYE;45;3.12.1971;0;45
GENIME;45;19.12.1958;0;45
ZALIHE;45;23.04.1961;0;45
HINCAL;45;21.01.1970;40;5
HUSNEGUL;45;23.10.1976;0;45
SUZIYE;45;4.07.1957;0;45
ABDULHALIL;45;22.04.1975;45;0
KIPRIYE;45;20.04.1962;0;45
ALIYASAR;45;14.02.1964;45;0
MAZUL;45;9.05.1963;45;0
MUTABER;45;15.02.1960;1;44
RESID;45;3.12.1959;45;0
FIZZA;45;20.06.1960;0;45
IDIYE;45;15.10.1963;0;45
SULHEDDIN;45;3.03.1961;45;0
KAINAT;45;28.04.1971;32;13
BAZO;45;30.04.1950;45;0
ADA;45;30.09.1979;8;37
SIDA;45;24.04.1968;3;42
HUT;45;16.10.1970;45;0
MUATTER;45;19.11.1959;0;45
HAVIN;45;4.12.1980;2;43
NECAHAT;45;16.07.1956;9;36
TAKIYE;45;13.08.1951;0;45
PERIVAN;45;8.06.1973;0;45
KRISTINA;45;13.04.1976;0;45
HAVRAN;45;12.10.1964;45;0
LILI;45;17.12.1959;0;45
IMAD;45;6.07.1977;45;0
GULSENE;45;1.05.1968;0;45
RANDI;45;20.06.1950;0;45
SUNNIYE;45;23.07.1960;0;45
KANITE;45;16.08.1969;0;45
RICAL;45;21.03.1958;41;4
SAMMA;45;13.05.1963;31;14
ELVANIYE;45;1.02.1960;0;45
MURSELIM;45;15.12.1968;35;10
UKASE;45;16.06.1956;45;0
NACIT;45;20.08.1963;45;0
NEBAHAR;45;21.10.1966;0;45
GUNNEHAR;45;24.10.1959;0;45
ASEL;45;29.05.1971;4;41
EBAZEL;45;30.2.1954;44;1
RODICA;45;16.07.1973;0;45
GULIFE;45;14.05.1967;0;45
SARIKA;45;21.01.1953;1;44
MUSUKA;45;2.10.1957;0;45
MUHAMMEDALI;45;4.05.1983;45;0
BIRDEM;45;14.10.1981;1;44
SEFFAN;45;11.03.1970;45;0
BURCHAN;45;24.10.1979;44;1
HACIGUL;45;8.10.1961;21;24
TANIN;45;18.03.1972;42;3
EVNUR;45;2.02.1968;0;45
GUZEN;45;27.11.1957;1;44
NILDAN;45;2.04.1975;0;45
OMURDEN;45;16.10.1980;33;12
CILEN;45;20.09.1975;0;45
SAYGIYE;45;30.08.1954;0;45
AFAT;45;9.03.1919;29;16
HUBYAR;45;29.06.1957;42;3
HURISAH;45;21.03.1960;0;45
BELGIYE;45;27.01.1967;2;43
PASIYE;45;9.05.1949;0;45
VASIYE;45;27.02.1959;0;45
FIYAZ;45;10.04.1960;42;3
HANIYE;45;25.05.1962;0;45
UMEYRA;45;13.02.1970;0;45
BORAHAN;45;4.10.1979;45;0
CANLAR;45;12.01.1954;1;44
GUNCER;45;18.05.1962;16;29
SURAT;45;6.11.1963;11;34
SOYLE;45;27.11.1969;0;45
ZEHLE;45;1.11.1959;0;45
CANSARAN;45;19.06.1964;5;40
FERDETTIN;45;9.08.1967;45;0
BELEN;45;27.01.1973;8;37
MENDIRES;45;26.01.1967;45;0
GULHASAN;45;6.05.1955;45;0
HAKIMIYE;45;8.05.1969;0;45
TUGBAHAN;45;29.2.1986;3;42
TUTYE;45;19.01.1955;0;45
SOFIYA;45;2.12.1951;0;45
TALAY;45;12.07.1970;33;12
ASGUL;45;15.06.1957;1;44
TUTEK;45;29.12.1955;0;45
ISMETA;45;19.11.1956;0;45
GUDDUSI;45;8.09.1964;45;0
FURDEVS;45;1.07.1964;0;45
SENGONUL;45;24.11.1952;3;42
ORGUN;45;4.05.1978;41;4
BELCIM;45;28.07.1986;0;45
LILPAR;45;29.04.1961;0;45
SENVER;45;25.09.1971;38;7
KEZIZER;45;21.11.1962;0;45
KUTAS;45;13.10.1967;40;5
DAHA;45;13.12.1974;42;3
SAMEDDIN;45;23.09.1966;45;0
DEREM;45;7.03.1979;1;44
ATUS;45;7.04.1953;0;45
SINEZAR;45;1.12.1955;0;45
SEZEL;45;12.05.1974;6;39
MAHIT;45;8.01.1961;44;1
LAVER;45;24.01.1955;30;15
BISENG;45;28.07.1985;0;45
SULTANALI;45;2.05.1958;45;0
YESEMEN;45;2.07.1963;0;45
GUNALP;45;18.08.1974;45;0
FERZA;45;4.05.1971;2;43
MATILDA;45;14.10.1951;0;45
VILDANIYE;45;4.01.1965;0;45
KAMERE;45;7.01.1960;0;45
VAKIFA;45;11.01.1966;0;45
RABUA;45;25.04.1951;0;45
ARCA;45;29.04.1980;29;16
SELEK;45;25.04.1963;1;44
HATIMET;45;1.09.1918;0;45
HABKA;45;29.07.1949;0;45
SELEHE;45;3.07.1962;0;45
BADAGUL;44;19.05.1970;0;44
GULDA;44;24.07.1982;0;44
TAYRAN;44;18.05.1970;37;7
SELGIN;44;15.01.1980;1;43
ARINC;44;15.03.1984;36;8
EZRAIL;44;30.07.1970;44;0
SEDAGUL;44;20.10.1982;0;44
SALAHAT;44;10.01.1967;0;44
ZULKARI;44;26.11.1960;44;0
ISLIME;44;12.02.1960;0;44
ZORBAY;44;7.04.1975;44;0
YERDEGUL;44;3.01.1971;0;44
SEVLER;44;19.02.1971;0;44
HULBIYE;44;22.02.1956;0;44
PEYKAN;44;4.11.1966;8;36
FATUMETUZZEHRA;44;28.10.1945;0;44
MERHAN;44;5.05.1968;8;36
SABET;44;30.2.1963;29;15
MUHALLA;44;12.05.1960;0;44
DURGUN;44;27.06.1972;36;8
BAHCE;44;18.09.1960;0;44
GULUNAY;44;19.12.1971;0;44
RISVAN;44;18.05.1967;38;6
MELEKHAN;44;13.01.1961;0;44
VAHBIYE;44;21.09.1968;0;44
ZUHRUYE;44;13.03.1962;0;44
EYTEN;44;16.03.1969;0;44
AZETTIN;44;15.06.1966;44;0
SERIVAN;44;16.12.1974;0;44
SIMENSA;44;5.01.1975;0;44
BEYYO;44;7.09.1949;0;44
HEDLI;44;26.05.1951;0;44
FERISE;44;16.06.1951;0;44
KAFYA;44;14.12.1975;0;44
SEMSENUR;44;10.08.1972;0;44
ABITTIN;44;19.04.1964;44;0
MAGFIRE;44;10.02.1956;0;44
NADAN;44;10.01.1972;2;42
TOMRIZ;44;29.12.1949;1;43
SELVINUR;44;6.01.1980;0;44
CORCET;44;12.07.1961;0;44
HEDYA;44;8.04.1969;0;44
KATRIN;44;2.11.1971;0;44
HANEN;44;13.03.1981;12;32
ELHEM;44;22.09.1971;8;36
DURKAN;44;4.05.1978;43;1
TEMIM;44;13.12.1965;44;0
SAHDET;44;29.06.1966;1;43
REFIHA;44;22.01.1961;0;44
MAHSURE;44;12.03.1958;0;44
HULIKA;44;15.09.1961;0;44
BATDAL;44;2.07.1961;44;0
AYSEVIM;44;5.09.1961;0;44
MESIYE;44;17.01.1960;0;44
FERIDAN;44;6.09.1959;22;22
DUNYAMI;44;5.07.1963;44;0
ZINIS;44;9.04.1951;1;43
SEYYIBE;44;28.10.1954;0;44
SAHARE;44;1.06.1956;0;44
FAHMETTIN;44;16.12.1965;44;0
SELAHITDIN;44;10.05.1960;44;0
GUZEY;44;6.02.1963;5;39
LEYHAN;44;23.11.1968;3;41
DOKME;44;2.05.1963;0;44
SEYAR;44;29.09.1971;30;14
GULEYHA;44;1.03.1968;0;44
ERENCAN;44;28.11.1988;44;0
MINER;44;2.12.1964;1;43
MURSID;44;1.11.1974;42;2
NEZAFETTIN;44;7.03.1959;44;0
MANTIK;44;15.05.1963;0;44
SAYISTE;44;24.06.1961;0;44
MENFURE;44;21.12.1959;0;44
TOGAN;44;30.04.1971;43;1
TANYER;44;23.06.1971;28;16
MILLIYET;44;8.06.1979;4;40
SAFFAN;44;22.04.1967;42;2
SAKINUR;44;2.06.1970;0;44
S.AHMET;44;5.08.1951;44;0
GULDEHAN;44;25.07.1980;0;44
MIDAYET;44;29.11.1950;35;9
MENTES;44;25.12.1963;44;0
ERBEY;44;25.08.1966;43;1
SENCAR;44;19.05.1964;39;5
ENFAL;44;13.12.1983;12;32
EYNE;44;2.12.1952;0;44
FEDAHI;44;27.05.1964;43;1
IFTARE;44;9.10.1956;0;44
ALIMERDAN;44;27.09.1960;44;0
MUKADDERAT;44;16.03.1967;11;33
AKHAN;44;22.12.1970;42;2
MEDED;44;10.10.1970;42;2
ALBINA;44;10.02.1980;0;44
MAYILE;44;2.02.1963;0;44
YURDEL;44;26.01.1968;38;6
TOTAY;44;21.01.1955;0;44
MENENT;44;24.01.1963;2;42
FITOS;44;28.01.1950;0;44
AYNIGUL;44;16.04.1964;0;44
SAHDANE;44;16.07.1957;0;44
SEHALI;44;3.12.1956;44;0
FILAY;44;6.11.1977;3;41
CENIBE;44;14.02.1958;0;44
GURDENIZ;44;10.11.1970;44;0
KOSELI;44;8.03.1954;44;0
UREYDE;44;1.02.1962;0;44
NEZGUL;44;28.01.1975;0;44
OZCELIK;44;6.02.1957;44;0
ICTEN;44;21.05.1980;1;43
GILIMAN;44;13.04.1960;0;44
LEVHIYE;44;14.04.1951;0;44
DIVANE;44;15.01.1964;41;3
MUZEYYAN;44;9.08.1965;1;43
SERHENK;44;28.10.1969;44;0
HANIMCAN;44;6.07.1963;0;44
MENFAAT;44;10.03.1962;0;44
VARDEK;44;23.12.1964;0;44
GAILE;44;25.07.1962;0;44
FAZIME;44;12.08.1962;0;44
FEHREMEZ;44;28.01.1956;44;0
HEMAYIL;44;1.08.1957;0;44
ZEMERHAN;44;1.05.1966;44;0
PURI;44;3.06.1959;0;44
VEHRI;44;22.09.1959;0;44
FATMATUL;44;2.03.1976;0;44
SINEMIS;44;25.07.1981;0;44
RAKIFE;44;23.01.1963;0;44
EMINEDUDU;44;26.01.1951;0;44
NERGIZE;44;10.06.1967;0;44
ILMANIYE;44;1.10.1962;0;44
MUMINALI;44;21.08.1955;44;0
IZMIR;44;27.08.1969;1;43
SENIA;44;9.03.1961;0;44
DURANGUL;44;23.12.1961;0;44
AGALI;44;29.07.1944;44;0
NURANGUL;44;17.06.1966;0;44
HASSARI;44;18.03.1969;44;0
SIREN;44;3.02.1967;1;43
MUNTEHE;44;20.05.1963;0;44
ZEYZEFUN;44;1.12.1949;0;44
EZGUL;43;18.04.1973;1;42
EMIHAN;43;15.06.1974;0;43
BURGUL;43;11.06.1975;0;43
SEVLIHAN;43;2.07.1979;0;43
SULENUR;43;14.04.1984;0;43
SECAAT;43;17.12.1952;15;28
HANIK;43;18.09.1952;2;41
SEHO;43;29.03.1951;37;6
GULLISAH;43;28.07.1973;0;43
MINTO;43;28.08.1953;0;43
RAYILE;43;9.01.1962;0;43
BIBER;43;21.02.1958;1;42
ABILE;43;7.10.1956;0;43
ABDURAZZAK;43;18.12.1965;43;0
ZEYNETE;43;29.08.1962;0;43
NISLIHAN;43;18.11.1960;0;43
HABIBA;43;30.09.1963;0;43
FULYE;43;9.01.1973;0;43
HINO;43;14.09.1953;6;37
MEHMETRESIT;43;29.03.1967;43;0
ERZO;43;12.07.1960;1;42
CELILA;43;6.05.1973;0;43
ZUMER;43;12.10.1966;31;12
RAMZI;43;19.04.1967;42;1
AHIN;43;12.12.1977;23;20
MIRVET;43;11.09.1967;1;42
BISRA;43;30.11.1977;0;43
ZAVIYE;43;18.10.1968;0;43
SAHMAN;43;2.09.1959;40;3
CEBRAHIL;43;6.05.1976;43;0
MUINE;43;14.12.1957;0;43
EMMA;43;12.11.1972;0;43
NESRIHAN;43;18.04.1973;0;43
ABDUREHMAN;43;25.03.1955;43;0
TEYSIR;43;2.01.1977;38;5
LILIYA;43;12.08.1973;0;43
SAMIYA;43;14.02.1964;0;43
ISO;43;26.05.1949;41;2
MANUEL;43;1.09.1970;43;0
HENISE;43;6.07.1964;0;43
SEHRE;43;18.09.1960;0;43
SAYIZE;43;13.10.1967;0;43
TAKYEDIN;43;15.05.1973;43;0
ALTEN;43;6.07.1959;8;35
ESINE;43;8.12.1970;0;43
YUSEF;43;26.12.1950;43;0
SABAHEDDIN;43;16.02.1957;43;0
SEBATIYE;43;12.04.1958;0;43
OZENGUL;43;26.09.1970;0;43
IKLIMAN;43;28.03.1963;0;43
TANEM;43;10.04.1983;0;43
HURMUZE;43;24.03.1958;0;43
PIYALE;43;23.06.1962;9;34
SUNAYI;43;19.09.1978;5;38
NERMIL;43;21.03.1973;0;43
KIREZ;43;1.07.1956;0;43
MARYNA;43;15.02.1975;0;43
LIDIA;43;3.09.1967;0;43
ERTUGRAL;43;1.08.1946;43;0
ADILHAN;43;29.04.1965;34;9
MUTLAY;43;8.01.1976;30;13
PERINUR;43;22.08.1962;0;43
AHUZAR;43;25.12.1961;3;40
MESARET;43;29.01.1962;0;43
HAKDAN;43;17.02.1979;42;1
MINUR;43;7.11.1963;31;12
MAHSUR;43;3.08.1972;41;2
INCISEL;43;26.02.1966;0;43
REFAHATTIN;43;21.09.1958;43;0
SENGEZER;43;24.08.1965;28;15
MEHMEDALI;43;1.11.1958;43;0
RUCAN;43;2.10.1965;14;29
YAKAR;43;24.08.1961;25;18
BENDER;43;12.02.1971;36;7
SECDA;43;20.09.1974;2;41
ZUBUS;43;2.02.1952;0;43
ILKBEN;43;18.04.1980;4;39
MEYSUNE;43;19.05.1948;0;43
MEZIYE;43;1.01.1956;0;43
ERTUR;43;8.02.1971;42;1
SEVIRE;43;30.03.1958;0;43
AYSET;43;25.07.1959;1;42
NAMIS;43;21.11.1960;0;43
LEFIYE;43;30.03.1963;0;43
YETTI;43;25.07.1965;0;43
HOSGUL;43;12.11.1968;3;40
BIRGIN;43;1.11.1961;8;35
NEYLA;43;16.10.1968;0;43
MEHMAIL;43;28.06.1963;43;0
HUBAN;43;7.10.1968;0;43
MURZA;43;17.04.1969;42;1
EBULMUHSIN;43;23.02.1962;43;0
BURSEN;43;9.09.1962;0;43
KOCABEY;43;19.11.1956;43;0
SABAT;43;8.09.1956;4;39
ZUBIYE;43;23.07.1957;0;43
MEDIS;43;8.09.1955;1;42
ERYILMAZ;43;25.12.1957;43;0
ERSEVEN;43;30.07.1973;40;3
NEHRIYE;43;23.12.1958;0;43
AKCAY;43;25.03.1978;27;16
AYTU;43;14.06.1978;30;13
SIHALI;43;20.01.1962;43;0
FEHEDA;43;15.01.1954;0;43
CAVSIN;43;23.03.1956;19;24
BEHRUZ;43;12.05.1961;43;0
SAKIRNAZ;43;10.07.1960;0;43
DINO;43;12.02.1947;43;0
TAKSIM;43;21.06.1964;43;0
HICRETE;43;10.01.1970;0;43
SELHADDIN;43;23.02.1969;43;0
MULUK;43;7.01.1969;38;5
GILMEN;43;4.12.1960;0;43
SIRIYE;43;3.08.1958;0;43
ZUBUYDE;43;16.01.1968;0;43
MERINAZ;43;17.11.1962;0;43
TENASUP;43;7.12.1955;0;43
ZATIME;43;4.12.1960;0;43
NAHIZE;43;8.10.1962;0;43
SAGUL;43;19.05.1958;2;41
URGUS;43;19.04.1957;0;43
FERNUSE;43;18.08.1963;0;43
NEFIRE;43;25.06.1960;0;43
MAGRUP;43;18.04.1958;43;0
EMBIE;43;18.11.1967;2;41
HELGA;42;9.04.1958;0;42
SAMO;42;28.01.1956;26;16
FERAHA;42;13.09.1963;0;42
MENAV;42;28.09.1978;41;1
ANSAR;42;6.02.1966;41;1
KIYAN;42;5.02.1970;42;0
SURULLAH;42;25.08.1964;42;0
IMMIGULSUN;42;11.01.1968;0;42
SEVLET;42;25.05.1966;16;26
PERICAN;42;28.05.1971;0;42
SELIHAN;42;29.01.1972;1;41
NAZAKET;42;14.09.1963;0;42
ALEETTIN;42;12.09.1960;42;0
ROJDAN;42;16.04.1984;2;40
AKISA;42;21.12.1963;0;42
BENIYE;42;7.05.1956;0;42
RAKIYA;42;19.12.1964;0;42
ABDULVAHID;42;19.02.1975;42;0
GULSUNE;42;1.02.1968;0;42
FIRTINA;42;18.10.1976;39;3
SEYMUS;42;24.02.1974;42;0
KERIMHAN;42;15.09.1973;40;2
MUTLAK;42;7.07.1966;41;1
NEZLIHAN;42;3.09.1974;0;42
GULSIMAN;42;5.11.1975;0;42
GULDAR;42;9.04.1972;7;35
SAHAB;42;2.04.1971;42;0
CICEKI;42;2.08.1955;0;42
VALAT;42;4.09.1984;35;7
SAZAN;42;18.03.1964;1;41
SEHIYE;42;17.11.1953;0;42
LAMIE;42;22.12.1970;0;42
ILHEM;42;1.01.1980;2;40
INCIYE;42;11.03.1960;0;42
HALINUR;42;17.12.1969;0;42
MARTIN;42;28.10.1980;39;3
TUMA;42;26.01.1961;41;1
MIKDAD;42;18.08.1961;42;0
KUBRIYE;42;17.07.1962;0;42
ARMENUHI;42;29.07.1950;0;42
FERZENT;42;13.07.1965;42;0
MERIHA;42;17.03.1963;1;41
MELHEM;42;5.10.1962;11;31
NARINE;42;13.03.1956;0;42
NURUYA;42;21.02.1964;0;42
KUTTUSI;42;5.07.1966;42;0
SUMENYA;42;28.05.1978;0;42
UMUK;42;6.08.1953;0;42
ABUDDER;42;3.03.1958;42;0
ALGIN;42;24.04.1970;15;27
MUJDEAR;42;29.12.1983;0;42
ZULFINAR;42;29.10.1959;0;42
SERENAT;42;5.03.1981;1;41
NEZIKE;42;29.01.1962;0;42
SAHNEZ;42;7.12.1962;0;42
REFAN;42;28.12.1955;4;38
IBAZEL;42;20.09.1963;24;18
ZULFIZAR;42;3.12.1953;1;41
NEMHATUN;42;28.03.1951;0;42
SEYYAN;42;21.02.1955;1;41
SEBAHIYE;42;29.06.1962;1;41
KURAY;42;18.03.1968;39;3
CELASIN;42;10.02.1965;42;0
GURANI;42;22.07.1978;42;0
SEMRAMIS;42;1.01.1966;0;42
HALILULLAH;42;2.08.1972;42;0
MEKSUDE;42;8.07.1959;0;42
TURKMAN;42;10.01.1957;7;35
AYTEL;42;1.05.1960;2;40
ERDEGUL;42;2.03.1970;0;42
EMINALI;42;13.03.1963;42;0
GULLE;42;23.06.1962;4;38
ELMINUR;42;18.12.1955;0;42
NIHATTIN;42;11.12.1961;42;0
HASLET;42;30.10.1973;9;33
REYAN;42;12.12.1965;2;40
BERKEM;42;8.01.1987;36;6
KAYRA;42;7.07.1982;33;9
GUVENER;42;8.02.1970;41;1
FERIHAT;42;30.06.1960;4;38
MUTENA;42;4.05.1955;1;41
KEBIR;42;22.05.1969;32;10
SAMUL;42;14.01.1963;1;41
ZULFIKIR;42;22.05.1963;42;0
ELGIZ;42;12.01.1973;1;41
EZALETTIN;42;20.06.1961;42;0
ZELFIYE;42;14.04.1968;0;42
DILFEZ;42;29.2.1955;0;42
OLAY;42;13.12.1976;29;13
NACILE;42;26.06.1961;0;42
SULVIYE;42;24.03.1965;0;42
SEYIDI;42;2.01.1963;42;0
MURSET;42;12.10.1964;9;33
SEFAGUL;42;6.10.1973;0;42
ALIRZA;42;6.09.1962;42;0
BEYHANI;42;6.10.1974;39;3
AYGOR;42;1.04.1963;24;18
BIDAYET;42;17.03.1960;17;25
ERGUDEN;42;1.09.1958;42;0
ULUKAN;42;6.08.1978;42;0
ABEDIN;42;14.09.1965;42;0
NESLICAN;42;3.11.1977;0;42
MIHIRNAZ;42;13.01.1973;0;42
MINTAS;42;14.04.1969;37;5
SIMHAZAR;42;21.07.1967;0;42
OZLIFET;42;10.10.1977;0;42
HAYZERAN;42;13.05.1964;0;42
GEZIZER;42;29.09.1960;0;42
REHCAN;42;25.12.1966;0;42
VESME;42;3.10.1957;0;42
NURSAFA;42;28.08.1968;14;28
ESMETULLAH;42;27.10.1978;42;0
TERGUL;42;14.08.1965;0;42
BEYADIN;42;16.05.1953;42;0
GULERGUN;42;30.01.1956;0;42
NURSADE;42;9.03.1974;1;41
ZERIDE;42;30.01.1957;0;42
YESARIYE;42;16.08.1964;0;42
SEFERALI;42;23.03.1961;42;0
DONEM;42;8.09.1982;2;40
MACAR;42;30.06.1962;3;39
ALEMSAH;42;8.11.1961;5;37
GULBIR;42;27.06.1963;0;42
YENIAY;42;16.03.1965;6;36
AYTEMIZ;42;13.05.1969;13;29
ELEDDIN;42;25.10.1957;42;0
ALIABBAS;42;24.01.1963;42;0
ALIDE;42;27.02.1963;0;42
LEBISE;42;6.12.1962;0;42
AVIDAN;42;22.10.1958;1;41
SEVEL;42;2.12.1971;2;40
ERMIN;42;12.01.1968;16;26
RENCUZ;42;8.06.1950;0;42
RAVDA;42;23.01.1968;1;41
HUZEYMA;42;24.02.1971;0;42
AYNIZILHA;42;10.10.1966;0;42
SADBERK;42;10.02.1955;0;42
SEVERCAN;42;19.05.1965;4;38
NAREY;41;17.10.1953;0;41
SAHBANU;41;6.11.1973;1;40
SAYIKA;41;19.03.1960;0;41
TAYLANT;41;23.11.1980;41;0
BIRDAN;41;14.12.1969;5;36
RUHSATI;41;23.08.1968;41;0
MEFTUNI;41;11.09.1968;40;1
EDAGUL;41;14.06.1982;0;41
EZENGUL;41;3.07.1960;0;41
NURSAY;41;12.07.1973;3;38
BARAT;41;21.02.1971;38;3
SIREL;41;18.09.1971;1;40
OKTEN;41;27.01.1970;40;1
GULSEMI;41;4.05.1973;0;41
ENGUN;41;17.05.1965;25;16
DILO;41;25.11.1954;28;13
AYDEM;41;8.04.1976;11;30
VETHIYE;41;6.06.1963;0;41
DILBIRIN;41;7.01.1986;30;11
FERRAHDIBA;41;23.06.1972;0;41
EYFER;41;19.09.1974;1;40
AKSUN;41;25.03.1974;30;11
ZEYAT;41;4.06.1976;41;0
BERHAT;41;20.01.1978;36;5
CIDAN;41;8.04.1963;35;6
SABGATULLAH;41;7.01.1977;41;0
PERZADE;41;26.05.1967;0;41
SIRI;41;6.09.1950;12;29
SUEYDA;41;17.01.1966;0;41
DEHHAM;41;17.11.1970;41;0
RESSI;41;4.11.1947;0;41
GALYE;41;27.07.1965;0;41
KELSUM;41;11.02.1972;0;41
HAMDE;41;20.01.1960;2;39
CUDIYE;41;26.11.1957;0;41
TERFIYE;41;15.06.1963;0;41
CELADET;41;23.02.1954;28;13
NEHRIBAN;41;11.05.1971;0;41
AYNZILHA;41;29.04.1968;0;41
SAHICAN;41;22.07.1962;6;35
KEFIYE;41;27.03.1961;0;41
SALAHEDDIN;41;3.07.1952;41;0
HUSNUMELEK;41;26.12.1958;0;41
ABDULVAHAB;41;2.08.1972;41;0
NEDVA;41;4.11.1969;0;41
RAKIDE;41;9.09.1959;0;41
CHRISTINA;41;26.03.1978;0;41
ZEYNA;41;21.01.1962;2;39
NEZAMETTIN;41;2.03.1964;41;0
SINAZ;41;24.07.1971;3;38
ABDUREHIM;41;9.12.1963;41;0
DURNAZ;41;22.10.1966;1;40
SAIDA;41;4.09.1974;0;41
M.SAKIR;41;2.07.1957;41;0
AKIZE;41;10.09.1969;0;41
BABAOGLAN;41;21.01.1956;41;0
EFTADIYE;41;26.01.1955;0;41
ERCUMAN;41;22.01.1972;39;2
DURHANIYE;41;5.04.1963;0;41
ALGAN;41;20.04.1972;37;4
AYSUMAN;41;27.03.1974;0;41
IRFAT;41;21.04.1964;39;2
SENGUZEL;41;30.01.1970;0;41
SAHSUVER;41;23.12.1963;39;2
NURUL;41;9.04.1974;29;12
SEMIL;41;29.09.1969;29;12
IZNULLAH;41;1.08.1956;40;1
ONURAL;41;28.07.1988;41;0
SADIGUL;41;1.11.1961;3;38
BEYHANE;41;1.06.1955;0;41
BARCIN;41;20.01.1978;21;20
REVIDE;41;3.08.1951;0;41
SEYARE;41;24.08.1955;0;41
MUBESSER;41;27.08.1967;3;38
HUKMINAZ;41;28.07.1952;0;41
MASIKAR;41;27.10.1959;0;41
YASACAN;41;17.06.1971;3;38
ESVED;41;18.01.1972;19;22
SONDEM;41;3.05.1981;2;39
GULISRAF;41;24.03.1951;0;41
KENDINUR;41;22.09.1967;0;41
PELINSU;41;29.2.1990;0;41
SATIMAN;41;6.06.1964;0;41
MUMINET;41;12.12.1956;0;41
TURHAL;41;21.12.1965;37;4
MERYE;41;6.03.1962;0;41
LEMSIYE;41;9.04.1964;0;41
FEHAMETTIN;41;1.12.1956;41;0
NURHAY;41;8.09.1964;5;36
SERDEGUL;41;21.12.1967;0;41
GUNHER;41;10.09.1949;3;38
OZSAN;41;27.03.1966;35;6
MOHYETTIN;41;5.07.1957;41;0
SIRINNAZ;41;25.06.1969;0;41
TUNCAN;41;24.04.1965;25;16
TONYA;41;30.12.1970;0;41
HUDASE;41;14.05.1956;0;41
SEKUFE;41;8.05.1939;0;41
NELLI;41;30.01.1961;0;41
FERIME;41;18.12.1963;0;41
BEYNAZ;41;18.03.1961;1;40
REVAZIYE;41;27.03.1964;0;41
YAGSEMIN;41;17.02.1973;0;41
GUNKUT;41;21.08.1979;40;1
SUFAT;41;2.06.1965;35;6
SENANUR;41;8.04.1985;0;41
FERZINDE;41;17.12.1968;39;2
CANESER;41;7.11.1968;0;41
SIPEL;41;11.04.1975;1;40
ADILA;41;21.05.1964;1;40
ULUER;41;10.03.1963;41;0
RUHISER;41;12.06.1951;0;41
ALLATTIN;41;5.10.1969;41;0
SONSER;41;27.02.1976;3;38
CEMBERI;41;23.12.1968;41;0
BEYALI;41;29.11.1957;41;0
HAVLETE;41;30.05.1968;0;41
SIYAH;41;20.10.1951;29;12
ABDULSITAR;41;1.09.1980;41;0
FIGANI;41;16.05.1967;39;2
ZURAP;41;8.09.1953;41;0
HICARE;41;23.11.1949;0;41
NAGIP;41;18.01.1964;41;0
KULTER;41;15.08.1959;1;40
FERYADE;41;7.04.1955;0;41
VALI;41;26.10.1971;40;1
TOPE;41;24.06.1960;0;41
NURICE;41;22.12.1966;0;41
KAREL;41;19.03.1972;2;39
FENNIYE;41;10.05.1956;0;41
BIRGI;41;20.01.1970;26;15
BEHAN;41;17.02.1959;3;38
LIUDMILA;41;12.03.1974;0;41
DIRGAM;41;19.12.1955;41;0
PERIS;41;2.06.1960;0;41
ETA;41;26.09.1967;39;2
AVER;41;22.12.1955;1;40
SERBANI;41;16.04.1962;0;41
EREBIS;41;12.09.1954;0;41
ALHAN;40;1.06.1960;38;2
MATEM;40;3.04.1965;24;16
MERVEGUL;40;5.03.1990;0;40
NURCUHAN;40;5.05.1971;0;40
SIBGETULLAH;40;20.09.1977;40;0
ABDULMENEF;40;27.12.1968;40;0
NEVGUN;40;10.04.1966;0;40
TELHAT;40;27.06.1971;40;0
SUHEYP;40;12.10.1981;40;0
HASIDE;40;30.01.1961;0;40
SEHRUBAN;40;26.12.1952;0;40
SAHASER;40;20.09.1962;1;39
FURUZ;40;8.08.1969;15;25
SELHA;40;27.09.1966;0;40
KONUR;40;27.08.1972;40;0
KURTAR;40;11.03.1966;38;2
MARINE;40;4.07.1968;0;40
BATIHAN;40;22.10.1986;40;0
BILGISER;40;2.02.1971;0;40
ABDULMUKIT;40;11.11.1973;40;0
ERDEBIL;40;18.11.1967;39;1
PERCIN;40;22.02.1977;31;9
IMRA;40;2.12.1972;2;38
HEDAYE;40;21.04.1957;0;40
AYLANUR;40;19.02.1967;0;40
HALIMET;40;11.02.1955;0;40
SEMSEDIN;40;24.03.1965;40;0
CELENK;40;20.08.1966;15;25
SELMET;40;26.12.1965;31;9
ILIHAN;40;22.09.1963;0;40
FEYRUSE;40;2.05.1974;2;38
LEYLO;40;8.07.1949;2;38
ASIDE;40;19.08.1971;0;40
CAZIME;40;18.03.1960;0;40
ERZIHAN;40;11.04.1967;2;38
LAMIHE;40;22.11.1976;0;40
VASFEDDIN;40;5.09.1973;40;0
CUCI;40;10.10.1947;3;37
MEDIK;40;18.07.1955;2;38
HORIK;40;10.01.1959;36;4
HENVA;40;26.09.1964;0;40
SITTIHAN;40;3.11.1965;0;40
MENSURA;40;11.09.1972;0;40
HELVA;40;19.04.1964;0;40
REFIE;40;5.11.1957;0;40
ABLE;40;21.06.1960;0;40
UZLUFET;40;12.10.1968;1;39
DOGAY;40;7.10.1974;25;15
GULZAMAN;40;3.05.1965;0;40
FEDVE;40;10.07.1968;0;40
TANIR;40;6.09.1972;40;0
SUNYE;40;25.05.1973;0;40
MIHI;40;2.07.1945;40;0
NEVRE;40;26.06.1977;0;40
INCILE;40;29.04.1966;0;40
HEDICE;40;18.11.1943;0;40
BESO;40;26.09.1951;1;39
CEHDI;40;6.11.1956;40;0
EBETTIN;40;10.08.1972;40;0
MARIE;40;14.04.1960;0;40
ILONA;40;22.05.1969;0;40
FEDI;40;2.11.1953;17;23
ABDULALI;40;8.12.1956;40;0
FIKREDDIN;40;18.05.1958;40;0
SULEN;40;3.10.1972;3;37
NEZHET;40;3.02.1957;4;36
SEBGETULLAH;40;12.12.1975;40;0
VELIHAN;40;10.09.1975;33;7
IZZIDDIN;40;15.10.1955;40;0
NARGULE;40;23.12.1969;0;40
SUMENYE;40;13.02.1982;0;40
TEMRAZ;40;19.12.1950;39;1
MUFUT;40;5.05.1967;40;0
MUHMINE;40;13.10.1966;0;40
FETDAH;40;14.05.1969;40;0
OZYURT;40;7.07.1966;34;6
GUNCAY;40;10.04.1972;18;22
KIBRE;40;19.01.1953;0;40
NEHRI;40;3.04.1965;28;12
BIRKIZ;40;20.08.1970;0;40
MINNUR;40;1.12.1968;5;35
GUNNAHAR;40;3.02.1967;0;40
REFAHAT;40;11.06.1957;0;40
SAFINAS;40;27.06.1954;0;40
NIGARE;40;5.05.1950;0;40
HAVIDE;40;12.12.1965;0;40
HEDIKA;40;30.11.1963;0;40
BILSEV;40;13.12.1964;3;37
MUNACETTIN;40;26.03.1969;40;0
FERIMAN;40;10.09.1962;2;38
SERYAN;40;9.08.1969;5;35
FERMIYE;40;26.10.1952;0;40
BUSON;40;20.09.1969;0;40
NEVCET;40;9.07.1957;33;7
TURESIN;40;14.04.1963;35;5
ILKYAZ;40;23.09.1988;2;38
ZIYAFE;40;6.06.1959;0;40
ASEN;40;22.02.1970;6;34
GUNDER;40;29.04.1964;25;15
UZEL;40;29.09.1962;20;20
SAHLAN;40;14.06.1975;37;3
ZERGUZEL;40;28.09.1957;0;40
BERAATTIN;40;18.03.1965;40;0
KADISE;40;9.05.1947;0;40
BEGUMHAN;40;29.06.1985;0;40
FADIMET;40;15.12.1955;0;40
INSEL;40;24.01.1967;6;34
MUSAVVER;40;9.11.1948;1;39
FEYDA;40;30.11.1973;1;39
BERCESTE;40;23.08.1978;0;40
SOLYA;40;2.08.1956;0;40
ERCETIN;40;25.03.1962;40;0
SUKURE;40;26.11.1952;0;40
SAHSEDE;40;20.10.1961;3;37
MURSINE;40;21.10.1963;0;40
SAHBER;40;18.03.1954;3;37
NEZEGUL;40;10.08.1966;0;40
MELIKGAZI;40;26.05.1964;40;0
ISGENDER;40;22.08.1961;40;0
BERI;40;28.06.1969;16;24
ZUHRAP;40;13.10.1956;40;0
FETTANE;40;5.03.1953;1;39
GULBEHAR;40;30.12.1950;0;40
MIHMAIL;40;30.09.1964;39;1
ONCUL;40;4.11.1977;28;12
BOYBEYI;40;18.12.1956;40;0
ERSAGUN;40;7.10.1983;40;0
NILDEM;40;22.04.1982;0;40
LARISSA;40;22.05.1971;0;40
SAVAK;40;30.01.1968;37;3
HEDA;40;21.11.1966;0;40
GELIN;40;13.02.1975;0;40
ZAFIYE;40;11.02.1961;0;40
ERGENC;40;20.10.1978;40;0
EDIN;40;28.10.1975;39;1
ZAFIR;40;9.01.1962;37;3
GULBARAN;40;24.07.1980;0;40
FIRENGIZ;40;9.09.1958;0;40
GULEZER;40;24.06.1959;0;40
ABDULBEKIR;40;3.06.1974;40;0
MUSBET;40;28.07.1967;1;39
CERIDE;40;14.05.1963;0;40
ZEMO;40;20.04.1956;0;40
GULERCAN;40;22.01.1971;1;39
SUVAL;40;11.03.1968;2;38
VEFKI;40;1.05.1952;40;0
DAIL;40;13.12.1955;40;0
TORGUT;40;29.01.1947;40;0
SIRAY;40;18.08.1965;5;35
ALIKAN;40;20.03.1969;40;0
MERIME;40;18.10.1959;0;40
SEDEGUL;40;1.09.1968;0;40
SINEZER;40;28.10.1953;0;40
TEMMUZ;40;23.01.1986;33;7
ILIYAS;40;29.04.1959;40;0
HEDUL;40;5.08.1965;0;40
ATASAY;40;16.10.1971;40;0
NECEDDIN;40;29.09.1961;40;0
TAMARYA;40;25.11.1951;0;40
ZELVINAZ;40;29.04.1961;0;40
SINAR;40;25.11.1975;9;31
ABIDDER;40;13.12.1964;39;1
TELLER;40;3.04.1964;0;40
URBIYE;40;16.06.1953;0;40
TURKIYAN;40;4.11.1966;0;40
MUCEVER;40;19.10.1964;0;40
MOHSIN;40;24.06.1956;40;0
MIRIS;40;27.07.1947;0;40
LIZET;40;20.06.1959;0;40
PERDENESIN;40;4.04.1958;0;40
SEMAHIR;40;8.07.1985;0;40
OCEY;40;7.02.1950;0;40
TAYHA;40;1.07.1961;0;40
NAHLI;40;5.12.1954;0;40
BESIYA;40;25.08.1973;0;40
HAMZI;40;28.12.1959;38;2
GIRAZ;39;22.07.1951;0;39
SIDDIYE;39;6.11.1964;0;39
SERIFHANIM;39;8.11.1968;0;39
HAZIMET;39;8.05.1960;6;33
RUKSEN;39;7.05.1956;7;32
NECAI;39;21.10.1966;39;0
LUMAN;39;25.04.1959;38;1
SIYAT;39;21.05.1958;9;30
LIDA;39;24.06.1972;0;39
ILHAK;39;28.10.1979;37;2
MUVRET;39;26.12.1966;3;36
MERIMAN;39;17.02.1968;1;38
FULIN;39;14.10.1973;0;39
HICAP;39;17.05.1956;12;27
ERBIN;39;5.08.1967;35;4
ELISE;39;1.04.1975;0;39
SALIKE;39;16.11.1961;0;39
ADET;39;11.11.1952;5;34
SERVETE;39;20.05.1953;0;39
MENIHA;39;5.05.1967;0;39
DIRRE;39;26.07.1953;0;39
EVRA;39;15.12.1983;0;39
SILTI;39;18.07.1940;0;39
NERSIN;39;14.09.1972;8;31
MELO;39;27.10.1948;1;38
NURALLAH;39;26.01.1979;39;0
RIDDA;39;2.05.1970;7;32
HUZNUGUL;39;20.04.1974;0;39
ZEZO;39;28.07.1942;0;39
EBEDI;39;18.06.1972;38;1
M.TAHIR;39;10.10.1953;39;0
FERA;39;16.08.1965;3;36
HIZNE;39;24.09.1956;1;38
RUDVAN;39;22.09.1971;39;0
MAMI;39;2.09.1942;25;14
CENG;39;5.05.1981;39;0
SEME;39;26.10.1956;1;38
ABDULILLAH;39;19.07.1976;39;0
LEYMAN;39;16.12.1966;0;39
SABIKA;39;7.03.1964;0;39
CANDAR;39;7.11.1972;37;2
FARIDA;39;25.10.1964;0;39
HADIFE;39;29.06.1959;0;39
SAVMI;39;17.06.1952;39;0
MUBERRE;39;23.10.1961;0;39
FLORENTINA;39;10.05.1974;0;39
ISAM;39;13.06.1970;39;0
SELMETE;39;25.02.1969;0;39
HADIM;39;17.09.1961;29;10
MAVIDE;39;29.07.1968;0;39
SELAL;39;3.09.1976;15;24
MARDIN;39;21.05.1974;7;32
YASEL;39;20.02.1974;20;19
MOHAMMED;39;28.03.1968;39;0
UMMIHANI;39;6.01.1955;0;39
CEYFUN;39;8.05.1975;32;7
GADIRIYE;39;1.11.1965;0;39
TAYYER;39;22.02.1974;38;1
ZUFRIYE;39;7.05.1965;0;39
HURIGUL;39;19.02.1969;0;39
TURYAN;39;9.01.1961;30;9
MERYA;39;10.10.1970;0;39
GEVSER;39;22.06.1959;0;39
APAYDIN;39;26.01.1965;34;5
DOKUL;39;22.01.1967;0;39
SAGIBE;39;30.05.1959;0;39
APDUL;39;3.03.1964;39;0
KUZIDE;39;23.05.1957;0;39
NURIDE;39;30.06.1965;0;39
VERONICA;39;28.05.1974;0;39
ERDANE;39;23.09.1964;2;37
NEZAKER;39;15.02.1963;16;23
MESFIKA;39;11.08.1953;0;39
GULA;39;17.04.1951;12;27
AZAMETTIN;39;4.01.1966;39;0
SENESER;39;12.08.1964;1;38
ALARA;39;4.04.1987;0;39
GULGIN;39;17.04.1970;8;31
REYHA;39;14.02.1963;16;23
RUYAN;39;29.08.1974;13;26
AYSECAN;39;20.07.1977;0;39
UTKUCAN;39;17.12.1989;39;0
MUCIDE;39;17.05.1958;0;39
DAHIR;39;1.04.1962;39;0
NEBAYET;39;2.04.1962;0;39
ABDUSSELIM;39;7.05.1961;39;0
NURANE;39;9.03.1960;0;39
JULYA;39;29.06.1970;0;39
ARSEL;39;29.01.1971;12;27
AKIBET;39;16.06.1973;0;39
GULDANUR;39;30.12.1970;0;39
AKKUS;39;5.11.1956;21;18
TIMOCIN;39;7.10.1959;39;0
SAKINAZ;39;4.09.1967;0;39
SELAHADTIN;39;26.03.1965;39;0
VEZNI;39;15.02.1954;38;1
ZULAHA;39;20.03.1958;0;39
KABLAN;39;29.05.1958;39;0
AYVER;39;26.12.1969;4;35
ESAN;39;10.04.1968;15;24
YETKINER;39;30.12.1972;38;1
NEVRUZIYE;39;8.04.1959;0;39
NECIBETTIN;39;23.11.1960;39;0
DOVLET;39;24.10.1967;6;33
NARDAN;39;12.05.1966;2;37
GOK;39;22.08.1970;26;13
GULDENE;39;13.04.1966;0;39
IRZA;39;7.06.1959;39;0
CAPPAR;39;8.11.1966;39;0
SERRIN;39;2.03.1969;0;39
EMSALETTIN;39;14.09.1960;39;0
EJDA;39;22.05.1978;0;39
GULAFIYE;39;17.02.1962;0;39
BELKAN;39;8.01.1977;30;9
SAHSER;39;1.06.1964;7;32
ZEKKI;39;18.01.1957;39;0
ARAN;39;3.04.1979;33;6
GULAYFER;39;13.04.1972;0;39
GULHAZAR;39;24.01.1969;0;39
SEDULLAH;39;25.05.1968;39;0
MUHFIYE;39;20.09.1947;0;39
SEYITGUL;39;26.06.1972;39;0
SIYAHBENT;39;6.05.1960;39;0
HUSUN;39;22.02.1964;15;24
MUSEVET;39;10.07.1970;1;38
HEDIKE;39;9.03.1960;0;39
BIRSOY;39;18.02.1974;37;2
ESIL;39;8.11.1981;2;37
ETIYE;39;7.05.1961;0;39
SOKET;39;6.01.1953;0;39
MEMETNURI;39;27.10.1963;39;0
NECATIYE;39;14.04.1953;0;39
ATILLAH;39;1.08.1974;39;0
KEKLIFE;39;21.02.1967;0;39
NEFERIYE;39;1.07.1956;0;39
SOYER;39;14.05.1970;39;0
GULDESTAN;39;5.12.1962;0;39
SAHZAT;39;24.07.1950;37;2
NAZARALI;39;11.08.1952;39;0
ZIYAMETTIN;39;11.06.1958;39;0
GULSIRAZ;39;8.02.1953;0;39
ECATERINA;39;2.05.1972;0;39
SERIFNUR;39;3.10.1962;1;38
ATAALLAH;39;30.06.1964;39;0
RABIHAN;39;2.11.1964;0;39
NUVEREN;39;15.05.1972;39;0
SABAHIYE;39;30.01.1959;0;39
MATAR;39;11.11.1959;39;0
ANSARI;39;16.01.1963;39;0
FETENE;39;27.08.1961;0;39
MEVSUR;38;17.09.1968;0;38
MEHRIBE;38;2.01.1969;0;38
MAKBER;38;30.12.1975;0;38
KAVIYE;38;21.06.1961;0;38
IZAHAT;38;25.04.1964;4;34
ESIK;38;23.05.1952;0;38
HANIFIYE;38;5.10.1958;0;38
NEZIYA;38;29.07.1965;0;38
ZEYRA;38;16.08.1966;0;38
MELIHCAN;38;25.11.1987;36;2
KAMO;38;7.06.1943;38;0
CEMHAN;38;12.03.1978;37;1
SAYDIN;38;29.10.1971;38;0
AKKAN;38;27.01.1973;37;1
KAVI;38;13.05.1954;1;37
MEVKURE;38;30.07.1966;0;38
MUCEHHER;38;28.06.1956;0;38
VENSE;38;20.02.1976;0;38
RAKYETE;38;12.08.1975;0;38
TASIHE;38;27.11.1972;0;38
FASLI;38;28.06.1952;0;38
BINEFSI;38;18.12.1957;0;38
KASEM;38;15.08.1959;12;26
ABDUSSEMED;38;10.04.1971;38;0
NEZET;38;5.09.1965;11;27
EYSER;38;11.05.1958;0;38
PEYRUZHAN;38;23.07.1964;1;37
NEJLE;38;20.06.1967;0;38
MESHER;38;4.07.1974;37;1
ZARIFA;38;22.06.1959;0;38
RONA;38;14.07.1970;9;29
NASRATTIN;38;11.05.1959;38;0
SAHYA;38;17.11.1973;0;38
GURSEREN;38;23.01.1969;0;38
MARSEL;38;3.01.1963;26;12
MULKIYET;38;8.09.1978;0;38
HOSGUN;38;15.05.1962;1;37
UBEYTULLAH;38;24.09.1976;38;0
AKBAL;38;17.08.1945;4;34
NAZIHAT;38;7.03.1966;0;38
ABDULMUTELIP;38;27.11.1971;38;0
KOSTANTIN;38;12.01.1950;38;0
VIKTORIA;38;3.08.1967;0;38
THOMAS;38;27.01.1984;38;0
SEMSO;38;10.12.1948;5;33
AYMAN;38;29.12.1965;16;22
NISANE;38;4.11.1962;0;38
LIZ;38;22.09.1972;0;38
ELVIS;38;4.12.1974;24;14
ZAHRETTIN;38;2.12.1968;38;0
FAHIZE;38;2.01.1958;0;38
JULIA;38;2.12.1973;0;38
SOSE;38;3.12.1955;0;38
STELLA;38;19.10.1966;0;38
LISA;38;12.06.1971;1;37
RODI;38;28.01.1980;34;4
GUNAZ;38;30.09.1962;0;38
SELFIYE;38;8.06.1965;0;38
INGRID;38;13.09.1952;0;38
SABITA;38;8.08.1959;0;38
UFFET;38;5.12.1954;1;37
GEORGETA;38;26.11.1970;0;38
GULBES;38;30.05.1957;0;38
MEHMETCIK;38;19.11.1966;38;0
FIRIZAN;38;5.03.1965;1;37
GULEVER;38;23.12.1963;1;37
UKKASE;38;14.11.1956;38;0
ZIYAFER;38;23.01.1961;10;28
SEHINAZ;38;20.02.1965;0;38
ASANA;38;15.05.1955;0;38
ZENUR;38;18.05.1971;17;21
SAHNISE;38;15.06.1960;0;38
NURSANI;38;25.02.1983;38;0
SEVSIN;38;18.08.1975;1;37
NURADIYE;38;13.11.1969;0;38
NUTFI;38;14.11.1960;38;0
SEBAETTIN;38;21.10.1953;38;0
SEVDENUR;38;22.06.1986;0;38
KUKUK;38;19.11.1949;0;38
YILDIZAY;38;29.01.1974;2;36
AYSUHAN;38;30.06.1980;1;37
SENDURAN;38;20.07.1964;28;10
MURCAN;38;30.01.1967;5;33
LADIF;38;27.01.1957;36;2
FERUHA;38;3.09.1952;0;38
PERIMAN;38;1.02.1952;0;38
SECAT;38;21.05.1967;33;5
CAFIDE;38;29.06.1964;0;38
SUDEM;38;14.08.1979;0;38
FARUKA;38;1.07.1963;0;38
NEVARE;38;11.02.1954;0;38
TALIE;38;12.06.1961;0;38
IRVE;38;27.06.1960;0;38
SIFAYET;38;16.06.1970;3;35
NIHMET;38;30.11.1963;11;27
AYFETTIN;38;16.11.1965;38;0
HUKMI;38;14.12.1958;38;0
MUGEN;38;27.01.1979;0;38
MEHMETAKIF;38;4.06.1978;38;0
IZVER;38;14.05.1956;10;28
SAHISER;38;26.04.1962;0;38
SEYIDAHMET;38;21.10.1961;38;0
GULERDEM;38;22.05.1965;0;38
SELMAHAN;38;21.01.1972;0;38
NOBER;38;22.07.1952;0;38
VESIME;38;15.08.1960;0;38
FALIH;38;20.06.1956;37;1
SEMRIN;38;3.09.1972;0;38
MUSRIYE;38;5.09.1955;0;38
CUVEYRIYE;38;25.04.1975;0;38
RAMAN;38;3.04.1964;35;3
HANDA;38;18.07.1985;0;38
RAKUP;38;30.10.1964;38;0
MIHRIBE;38;12.11.1954;0;38
OGEDAY;38;22.01.1983;38;0
HURIZET;38;19.11.1955;0;38
GOZLEM;38;10.05.1985;2;36
MEYSURE;38;20.08.1964;0;38
ZILHAN;38;2.12.1958;8;30
KURAL;38;25.10.1969;37;1
ATEM;38;9.05.1962;18;20
SERTAY;38;26.12.1980;37;1
TAYHAN;38;17.02.1977;37;1
KETE;38;17.01.1951;0;38
MIRIBAN;38;5.07.1958;0;38
RAFIYA;38;27.06.1962;0;38
HAYRUNNUSA;38;9.12.1952;0;38
TURAK;38;21.02.1941;38;0
MAMIL;38;27.04.1957;38;0
FERAMEZ;38;23.09.1968;38;0
HURUSAN;38;4.06.1962;13;25
NADIGAR;38;23.08.1967;0;38
YAYLALI;38;23.03.1954;4;34
GULSEBAH;38;10.04.1964;0;38
SEREMET;38;5.09.1963;35;3
GAYRET;38;13.06.1968;19;19
MAYTAP;38;1.09.1963;0;38
BORGA;38;14.01.1981;38;0
ADRIANA;38;23.08.1971;0;38
FIRKAN;38;18.08.1975;35;3
ALDOGAN;38;23.12.1958;38;0
SAFIK;38;2.01.1959;36;2
RISKI;38;15.05.1974;38;0
ZERKALEM;38;17.02.1953;0;38
EVDEGUL;38;14.03.1973;0;38
SAHNISA;38;20.01.1952;0;38
BASE;38;21.02.1954;0;38
RUJDIYE;38;19.06.1963;0;38
HESIN;38;24.09.1961;38;0
HUCRIYE;38;11.08.1957;0;38
NESRET;38;12.03.1965;22;16
MINIRIYE;38;26.09.1964;0;38
NETIFE;38;13.10.1957;0;38
YANAR;38;21.11.1967;17;21
NALISE;38;27.11.1962;0;38
GUNDAR;38;26.05.1974;33;5
RIBASAH;38;18.06.1968;0;38
FAKET;38;26.09.1953;2;36
MESER;38;5.01.1963;12;26
FERI;38;19.11.1966;2;36
SUBEYDA;38;29.11.1969;0;38
ORTAC;38;14.11.1976;38;0
MUBEHER;38;15.12.1958;0;38
SEFILAY;38;4.09.1975;0;38
TAVAT;38;3.02.1950;0;38
ALISULTAN;38;9.07.1950;38;0
HURIZAT;38;28.02.1953;0;38
MEYDANALI;38;16.07.1953;38;0
GOGE;38;5.10.1961;0;38
CEVRINAZ;38;6.09.1956;0;38
MINNETI;38;23.02.1962;0;38
FERISER;38;21.09.1953;0;38
RIKKAT;38;3.01.1951;0;38
MAHMIRI;38;15.11.1963;0;38
MEDIH;38;3.09.1962;31;7
SIHADE;38;3.01.1957;37;1
LAMISER;38;24.02.1963;0;38
AYSENAZ;38;28.09.1977;0;38
HACARE;37;25.05.1963;0;37
TANZILE;37;3.05.1968;0;37
FIROZ;37;26.12.1960;8;29
KAHIRE;37;30.08.1970;0;37
BURCA;37;18.10.1981;3;34
ADIFET;37;1.09.1961;0;37
ZEYYAD;37;26.06.1972;37;0
SERAFFETTIN;37;6.12.1961;37;0
BOLKAN;37;22.03.1977;37;0
KULHAN;37;28.09.1960;29;8
SUDDU;37;2.12.1954;0;37
TEMURHAN;37;21.02.1958;35;2
HEDIME;37;18.04.1959;0;37
HUMAYIN;37;25.10.1960;0;37
ZILAL;37;14.03.1969;3;34
NAZRIFE;37;22.10.1960;0;37
UGURKAN;37;28.08.1983;37;0
EBUMUSLUM;37;29.10.1973;37;0
HATIRNAZ;37;2.04.1965;1;36
SIFE;37;15.07.1964;3;34
HOZAN;37;5.02.1985;30;7
NEZHAT;37;21.09.1971;0;37
HEZI;37;23.09.1941;3;34
MEYSU;37;24.03.1975;0;37
BILGISAN;37;11.10.1980;1;36
CEVHERI;37;6.09.1975;24;13
SEBRI;37;18.07.1962;25;12
HEVIDAR;37;6.01.1989;1;36
MEZHAR;37;10.10.1968;36;1
SEVAP;37;13.02.1981;8;29
FEYYAD;37;22.12.1963;37;0
MUAZES;37;27.07.1970;0;37
SEHAT;37;22.01.1965;15;22
ABDULLILAH;37;8.05.1979;37;0
SECIDE;37;14.04.1967;0;37
NASRIN;37;30.03.1968;1;36
TANSELI;37;16.11.1965;2;35
ZURE;37;20.04.1956;0;37
HURNAZ;37;6.01.1961;0;37
SAHREBAN;37;11.08.1970;0;37
TAYBA;37;29.10.1961;0;37
ZEYDI;37;8.09.1967;36;1
MULAHIM;37;20.04.1972;37;0
TEODORA;37;7.04.1963;0;37
MARAVGI;37;17.09.1958;37;0
NEHRIN;37;3.03.1980;14;23
MINIRA;37;15.03.1963;0;37
RENDE;37;5.04.1966;0;37
YADEL;37;22.12.1978;2;35
AYNUL;37;21.07.1961;0;37
REBER;37;15.07.1985;34;3
FERIA;37;1.07.1959;0;37
CIBRI;37;24.08.1964;37;0
DILOVAN;37;16.11.1987;11;26
MIRI;37;22.05.1954;33;4
HENEFI;37;30.09.1953;36;1
ESNUR;37;19.08.1975;0;37
HEJA;37;10.06.1986;16;21
ROY;37;26.07.1980;37;0
GULBITER;37;5.05.1973;0;37
SEYAN;37;28.01.1968;5;32
FEMI;37;23.12.1965;37;0
NURKIYE;37;1.12.1963;0;37
MAVUSE;37;9.10.1958;0;37
HABBE;37;13.02.1959;0;37
SAZENUS;37;15.12.1968;32;5
ALAITDIN;37;14.06.1959;37;0
CAGDAN;37;4.04.1983;15;22
HAZIK;37;30.09.1945;36;1
OZGUNER;37;17.07.1970;33;4
GULHEM;37;24.05.1964;0;37
SEBAITTIN;37;19.07.1956;37;0
OZDINC;37;16.05.1974;37;0
SAVURE;37;3.05.1960;0;37
KANUN;37;13.12.1972;33;4
OKDAY;37;8.02.1970;37;0
NIZAMIYE;37;23.09.1957;2;35
GULSENER;37;22.07.1967;1;36
YASEN;37;17.04.1970;10;27
GUNGOREN;37;6.11.1961;12;25
ARTAN;37;10.08.1961;35;2
FEHRINAZ;37;9.11.1959;0;37
ZIKRET;37;8.06.1963;25;12
BALDAN;37;30.09.1970;4;33
BAGCAN;37;16.05.1985;25;12
MUSKAN;37;7.12.1954;1;36
FEVGIYE;37;13.11.1965;0;37
MUSREF;37;13.01.1958;35;2
CEVRES;37;26.05.1961;1;36
BIRIZ;37;4.09.1972;1;36
HURUZIYE;37;11.10.1958;0;37
SEVDIHAN;37;24.12.1973;1;36
CIHANGER;37;26.03.1966;34;3
GANBER;37;17.04.1964;37;0
NURTEL;37;25.08.1963;1;36
CEKER;37;14.02.1954;2;35
AGKIZ;37;8.09.1961;0;37
GUNHAR;37;2.07.1956;1;36
MEHRUZE;37;22.09.1955;0;37
MEMICI;37;2.09.1959;37;0
GULDES;37;20.07.1971;1;36
ZUBEYIDE;37;14.12.1965;0;37
ABDULREHIM;37;21.01.1966;37;0
MUSRET;37;21.12.1965;30;7
URFANIYE;37;5.02.1957;0;37
RASIDIYE;37;1.02.1963;0;37
SELVAY;37;4.08.1971;0;37
OZLE;37;7.05.1979;2;35
NURAYI;37;15.03.1974;1;36
HUSEYINALI;37;3.05.1956;37;0
SEHVAR;37;11.08.1954;1;36
TARANA;37;20.08.1969;0;37
TUGCEN;37;11.12.1986;5;32
NURTAP;37;14.03.1970;0;37
SULUNAY;37;29.09.1967;0;37
BAGNUR;37;7.08.1981;0;37
HURYA;37;26.10.1969;2;35
RUTKAY;37;15.01.1989;37;0
CEMSI;37;3.04.1958;37;0
NEDIMA;37;22.01.1970;0;37
VAHIYETTIN;37;10.08.1967;37;0
NEMETULLAH;37;12.12.1973;37;0
ZEYNELABIDDIN;37;14.01.1970;37;0
SUNI;37;18.06.1956;8;29
TOLI;37;10.10.1959;0;37
RUFKIYE;37;5.09.1955;0;37
ZULBAHAR;37;20.07.1951;31;6
PEVRIN;37;22.09.1966;0;37
OZGULER;37;2.01.1965;12;25
GUNGORDU;37;25.10.1960;13;24
EFRAZ;37;30.09.1950;6;31
ILTEN;37;27.08.1968;0;37
DEHSET;37;4.11.1961;5;32
HACIP;37;15.06.1954;37;0
TEFEKKUL;37;10.02.1962;2;35
CAFET;37;30.10.1962;37;0
SUREL;37;3.11.1961;13;24
GOREN;37;13.05.1965;32;5
MAYISEKER;37;30.01.1963;0;37
AYTAP;37;6.09.1967;1;36
NILSAH;37;12.12.1985;0;37
SERPER;37;16.01.1966;19;18
HISYAR;37;19.10.1976;37;0
FETVA;37;7.05.1967;0;37
TASFIRE;37;4.05.1946;0;37
GULDUDU;37;29.12.1961;0;37
MEHRIBANI;37;14.11.1955;0;37
RUKYE;37;22.02.1961;0;37
ARAPLI;37;13.10.1958;0;37
GULPARE;37;11.07.1959;0;37
SAFILI;37;10.05.1953;0;37
PEKNUR;37;27.08.1960;2;35
ELYASE;37;17.04.1973;22;15
SEYRULLAH;37;25.04.1959;37;0
USTUNGUL;37;10.02.1960;0;37
NAYIMA;37;23.09.1961;0;37
TEYREY;37;9.10.1961;0;37
OMURZAT;37;9.08.1952;0;37
SERENA;37;14.02.1984;0;37
TOLUN;37;7.06.1962;30;7
DIRGAN;37;30.05.1956;37;0
HUMIRE;37;10.03.1953;0;37
MUNZIRE;37;15.09.1972;0;37
AHLEM;37;26.07.1984;0;37
RONI;37;27.10.1980;34;3
URAZ;37;23.03.1985;37;0
CUFERIYE;37;2.10.1957;0;37
HACIIBRAHIM;36;6.02.1969;36;0
RUHAL;36;10.05.1973;3;33
ETEY;36;7.10.1946;0;36
MUSEYYIP;36;23.05.1953;36;0
ABDUSAMET;36;19.05.1978;36;0
GULNARE;36;23.06.1971;0;36
MESINE;36;2.11.1965;1;35
SUHEYB;36;23.03.1984;36;0
ERUL;36;2.11.1951;36;0
CEMALLETTIN;36;22.09.1971;36;0
ALIMURAT;36;25.04.1960;36;0
BIRIYE;36;1.07.1975;0;36
COLPAN;36;10.12.1958;5;31
NUSURET;36;14.02.1964;33;3
MENENGUL;36;18.08.1972;0;36
ILNUR;36;6.11.1972;0;36
MIYASSE;36;14.11.1960;0;36
ELIN;36;14.11.1980;2;34
YAKUPHAN;36;14.05.1983;36;0
ERSEGUN;36;26.02.1977;34;2
KIYMETLI;36;18.01.1960;1;35
KEYFIYE;36;7.08.1975;0;36
NIMETE;36;13.04.1951;0;36
GEDRA;36;8.02.1969;1;35
HEYBETTULLAH;36;29.03.1977;36;0
BEHYA;36;28.03.1967;0;36
FAYDA;36;28.08.1970;0;36
ROZET;36;20.10.1960;0;36
FEREHAN;36;28.06.1966;0;36
SEBO;36;13.12.1953;9;27
ZELHI;36;10.12.1949;0;36
NESREDDIN;36;25.11.1965;36;0
MARUFA;36;26.12.1968;0;36
ABDULBESIR;36;15.06.1971;36;0
MANISA;36;12.02.1970;1;35
NERHAN;36;8.02.1972;6;30
REHMETULLAH;36;7.01.1970;36;0
HENI;36;27.03.1956;10;26
RAYYA;36;17.07.1961;0;36
NAAM;36;29.04.1955;4;32
KINNE;36;2.10.1956;0;36
INTISAR;36;3.05.1978;0;36
HIYAM;36;9.12.1967;0;36
MINAZ;36;7.03.1964;1;35
MIRELA;36;22.11.1974;0;36
HENO;36;10.05.1941;1;35
MADLIN;36;20.11.1968;0;36
HATMAN;36;11.03.1955;2;34
HIDAYETTIN;36;28.10.1957;32;4
SUFIYE;36;15.08.1957;0;36
DILFER;36;21.04.1966;0;36
SIPAN;36;2.09.1983;25;11
FAIT;36;4.01.1963;36;0
SINAS;36;19.02.1968;2;34
BILDEN;36;11.08.1975;2;34
DIVALI;36;28.09.1969;36;0
GURU;36;5.12.1953;36;0
EVLIN;36;14.11.1975;0;36
DEMIRAN;36;3.06.1956;1;35
NAZENTI;36;27.04.1956;0;36
HASPIYE;36;22.09.1956;0;36
UMHAN;36;5.06.1958;0;36
GURGEN;36;10.08.1966;17;19
ZIYNEP;36;22.01.1955;0;36
SEMIDE;36;21.05.1962;0;36
KADINANA;36;27.04.1963;0;36
ERGUR;36;18.08.1965;32;4
HURIZE;36;25.05.1960;0;36
MUHMIN;36;26.06.1961;36;0
CILLE;36;17.08.1959;1;35
ZULFIYA;36;21.11.1970;0;36
BELGIYA;36;7.10.1958;18;18
ASLICAN;36;22.12.1986;0;36
SABIKE;36;1.11.1965;0;36
DURDAGUL;36;24.06.1958;0;36
LEYUZE;36;2.02.1962;0;36
SEBIYAN;36;13.04.1963;0;36
ERGUNAY;36;6.02.1971;31;5
SUREYLA;36;9.08.1967;0;36
ABDULMUMIN;36;5.09.1962;36;0
OLKUN;36;2.02.1972;36;0
NELI;36;12.01.1959;0;36
TASER;36;3.01.1974;36;0
HEDAYET;36;5.10.1964;15;21
NEZLIYE;36;13.06.1959;0;36
BAYER;36;30.12.1961;35;1
SAZUMAN;36;16.07.1966;4;32
MIRGUL;36;2.10.1968;1;35
SENKIZ;36;11.09.1958;0;36
HASANBEY;36;28.03.1957;36;0
ARLIN;36;1.02.1982;0;36
DILAYDA;36;10.03.1988;0;36
GUVENIR;36;5.01.1973;34;2
SAYLA;36;23.08.1967;0;36
ESVER;36;2.07.1969;9;27
HASMIYE;36;15.02.1960;0;36
KEBAHAN;36;8.07.1958;0;36
NURPINAR;36;22.12.1979;0;36
HITAY;36;9.01.1958;12;24
TANZEL;36;7.01.1968;22;14
LUMINITA;36;9.09.1972;0;36
DURSAL;36;16.10.1966;5;31
NEVZI;36;7.01.1964;31;5
SEBRA;36;2.01.1977;0;36
MIMINE;36;27.09.1966;0;36
REYHANIYE;36;15.03.1964;0;36
IREBIYE;36;2.04.1963;0;36
NUMUNE;36;9.12.1965;0;36
NELDA;36;6.02.1979;0;36
GENCAL;36;8.10.1969;36;0
YURDALAN;36;6.04.1970;35;1
SERGUZEL;36;28.03.1955;0;36
SELIMET;36;23.10.1953;0;36
SECAADDIN;36;29.08.1962;36;0
AZILE;36;1.05.1962;0;36
SENNAN;36;15.03.1966;35;1
SEFAETTIN;36;2.08.1961;36;0
GULPESE;36;5.07.1957;0;36
NUCUBE;36;18.03.1961;0;36
PEHLIL;36;19.04.1969;36;0
DEDEBEY;36;10.03.1957;36;0
MADER;36;23.06.1953;0;36
NABILE;36;29.11.1964;0;36
SULUK;36;2.05.1942;35;1
HADIC;36;22.03.1952;0;36
YETERIYE;36;25.04.1964;0;36
BERAET;36;10.02.1958;1;35
MUFRIDE;36;9.02.1965;0;36
SENIM;36;9.12.1972;1;35
MELI;36;18.12.1952;14;22
HALITE;36;12.04.1969;0;36
OVUN;36;24.01.1972;26;10
REMILE;36;27.01.1958;0;36
ZERCIHAN;36;14.11.1959;0;36
BAKO;36;1.10.1931;36;0
MEYVA;36;2.11.1968;0;36
SAYAR;36;26.06.1966;26;10
FELEM;36;22.06.1975;0;36
MISRIYE;36;15.03.1964;0;36
HAILE;36;7.12.1965;0;36
RUZKAT;36;29.07.1962;1;35
AVCI;36;2.07.1968;36;0
SUBET;36;13.11.1974;32;4
REVZET;36;27.11.1966;0;36
NECVE;36;5.10.1968;0;36
GULSIYAH;36;28.10.1958;0;36
SAIFE;36;10.09.1961;0;36
ZEDIFE;36;2.11.1961;0;36
NEVZE;36;28.04.1962;2;34
MUHARREME;36;13.01.1949;0;36
HALAY;36;12.01.1953;32;4
HAYZETE;36;26.10.1973;0;36
MUJDEN;36;10.07.1965;0;36
BEDRISAH;36;30.12.1953;1;35
IMMAN;36;22.05.1957;0;36
MAYIZER;36;4.09.1967;0;36
ZULUYE;36;14.02.1958;0;36
ULFADIYE;36;6.04.1952;0;36
ALEXANDRA;36;3.09.1978;1;35
SEVDANE;36;9.01.1972;0;36
HANUS;36;3.04.1965;1;35
KESKIYE;36;4.10.1970;0;36
FAIRE;36;27.12.1963;0;36
AGADEDE;36;20.09.1943;36;0
MINI;36;4.10.1948;0;36
MURFE;36;18.06.1965;0;36
MEYTI;36;21.07.1974;36;0
CANKAN;36;1.07.1984;32;4
EGAH;36;17.01.1963;36;0
GUTNE;36;10.04.1973;0;36
ZEYTI;36;16.05.1963;33;3
BAYSAN;36;19.05.1963;23;13
MISTIN;36;15.01.1947;36;0
HAMAM;36;19.05.1954;34;2
GULBENK;36;28.10.1954;34;2
ZAHIDDIN;36;28.10.1976;36;0
MUHRIZ;36;19.02.1958;36;0
HARSE;36;2.07.1955;0;36
MECLIS;36;14.12.1962;32;4
ZULGARNI;36;29.12.1970;36;0
KUDUSE;36;3.08.1970;0;36
MUBESSIRE;36;5.01.1951;0;36
ESMINE;36;1.12.1957;0;36
TURAFIYE;36;29.04.1960;0;36
SAHBAL;36;7.08.1957;2;34
YASEDDIN;36;13.01.1963;36;0
IZABEL;35;15.12.1973;0;35
ZEHRIBAN;35;1.11.1976;0;35
UMU;35;13.01.1969;1;34
AKBABA;35;27.07.1963;35;0
ABDULMURAT;35;12.04.1969;35;0
NEZEHA;35;16.07.1965;0;35
SEJDA;35;8.09.1979;0;35
CIHANER;35;6.11.1977;34;1
ZENURIYE;35;22.09.1964;0;35
VADIHA;35;16.02.1967;0;35
CEZVANUR;35;4.04.1962;0;35
MENUH;35;6.07.1963;35;0
SEYBAN;35;14.12.1974;10;25
SEYNA;35;5.01.1977;0;35
FERIDA;35;7.06.1971;0;35
ERHAT;35;26.06.1977;35;0
ZEBIH;35;29.05.1976;35;0
HURYE;35;25.07.1964;0;35
CEVLI;35;9.09.1968;35;0
AYLEN;35;24.11.1968;1;34
TURMUS;35;5.04.1942;33;2
TUMUR;35;10.10.1966;35;0
TUKEL;35;24.02.1951;1;34
SAINUR;35;28.01.1953;0;35
SISAN;35;23.01.1950;0;35
DENGIN;35;13.03.1983;33;2
AYMEN;35;23.11.1977;7;28
MEHRIGUL;35;9.08.1963;0;35
DINER;35;18.02.1975;26;9
BESIMA;35;7.05.1971;0;35
HASO;35;25.07.1939;35;0
FAHMI;35;10.04.1965;35;0
HAYRIYA;35;10.03.1963;0;35
NEHIYET;35;8.07.1973;31;4
FAHRITAC;35;1.04.1962;1;34
RUMEYLA;35;18.12.1974;0;35
RAMMO;35;7.03.1937;35;0
ABDULMALIK;35;23.07.1975;35;0
VEFIKA;35;26.01.1965;0;35
HACCO;35;15.08.1945;5;30
MARUFE;35;11.03.1960;0;35
MELEHET;35;12.01.1961;0;35
ENZILE;35;12.02.1963;0;35
LORIN;35;1.05.1973;0;35
PERU;35;16.11.1945;0;35
RONAY;35;30.04.1986;14;21
BARANI;35;19.02.1965;23;12
ICLAN;35;7.01.1966;0;35
MELIFE;35;28.08.1966;0;35
HEDE;35;16.05.1961;0;35
MANUELA;35;6.06.1972;0;35
BEYHA;35;7.11.1958;1;34
SAITHAN;35;28.12.1970;35;0
MIKAEL;35;18.11.1974;35;0
ANDREA;35;9.04.1968;15;20
ANUDA;35;2.09.1974;0;35
KESERI;35;16.09.1970;0;35
MAHBURE;35;30.11.1957;0;35
SIMONA;35;20.09.1976;0;35
NURSAIT;35;30.09.1973;35;0
KUBAT;35;15.06.1970;35;0
MONA;35;3.12.1975;0;35
RECA;35;8.05.1966;6;29
HASIBA;35;20.12.1960;0;35
FIDE;35;23.01.1971;0;35
DURE;35;23.11.1956;0;35
MIRAS;35;24.07.1977;26;9
MERLIN;35;17.02.1985;2;33
SAHINAS;35;5.07.1965;0;35
MUBECCER;35;14.11.1956;0;35
OLCUN;35;30.07.1981;33;2
ELNUR;35;20.11.1979;11;24
LISANI;35;14.03.1964;34;1
KONCEFER;35;27.08.1956;0;35
GAFFER;35;19.09.1967;35;0
ULUSOY;35;29.03.1975;35;0
SUNKARE;35;22.09.1950;0;35
SABRE;35;21.04.1954;0;35
BARIK;35;2.09.1962;34;1
GURSAL;35;22.09.1967;34;1
OGE;35;4.12.1975;7;28
TURKUN;35;25.12.1963;17;18
SEMMA;35;20.11.1955;0;35
MECMURE;35;7.05.1958;0;35
CELALIYE;35;21.11.1964;0;35
SADED;35;13.02.1961;5;30
NUHNACI;35;10.06.1955;35;0
GONULE;35;7.04.1961;0;35
SECGUN;35;15.04.1965;11;24
ZENNISAN;35;2.06.1961;0;35
BIRICIM;35;12.12.1972;0;35
YURTAL;35;15.04.1958;35;0
ABDURAMAN;35;10.11.1958;35;0
ABDULKAFI;35;11.01.1965;35;0
NURER;35;21.09.1967;31;4
EFRAYIL;35;2.02.1965;35;0
NEVIME;35;13.02.1961;0;35
GEZGIN;35;6.12.1973;26;9
METLUBE;35;11.07.1951;0;35
MURIFET;35;22.11.1961;0;35
ZAMIRA;35;20.11.1972;0;35
SURETTIN;35;28.07.1958;32;3
FATIMATUL;35;2.08.1980;0;35
BERATTIN;35;25.06.1975;34;1
GUPSE;35;20.04.1982;0;35
GURDANE;35;15.02.1971;0;35
MIESSER;35;19.06.1960;1;34
MERYAN;35;29.05.1971;0;35
AYBUKEN;35;18.09.1966;0;35
ATAN;35;25.04.1968;33;2
ULUTAN;35;29.07.1976;35;0
MUDESSIR;35;25.08.1960;29;6
ZENIYE;35;15.03.1959;0;35
SAKUP;35;17.03.1962;34;1
ZULKUFLI;35;17.12.1952;34;1
HAMRET;35;18.08.1948;2;33
SUDER;35;21.01.1960;1;34
VECI;35;27.10.1962;34;1
SERNA;35;30.11.1981;0;35
AGAHAN;35;6.03.1976;35;0
BUGCE;35;13.06.1988;0;35
ATUF;35;14.12.1962;34;1
MEHIDE;35;19.08.1957;0;35
NAHIZER;35;20.03.1961;0;35
MUSAADE;35;22.07.1955;1;34
SUUDI;35;2.09.1969;35;0
BAHARE;35;17.08.1956;0;35
MULFER;35;13.06.1967;2;33
FERIYDE;35;15.10.1963;0;35
SELGUN;35;4.12.1970;7;28
GULBEYDE;35;21.10.1958;0;35
KAHRI;35;25.05.1965;35;0
NESVET;35;13.02.1955;5;30
BADAT;35;4.05.1959;0;35
SAHIFE;35;3.10.1956;0;35
SINEMGUL;35;3.09.1967;0;35
NERIYMAN;35;26.10.1966;0;35
SUIDE;35;20.05.1962;0;35
HAYRENSE;35;14.02.1959;0;35
ZERDAL;35;8.07.1974;28;7
NIGMETULLAH;35;20.11.1971;35;0
ELAEDDIN;35;11.05.1949;35;0
DEMIRTAS;35;20.06.1948;35;0
RUZI;35;27.06.1960;25;10
ZAID;35;11.01.1961;35;0
BEZMIYE;35;21.08.1950;0;35
SEKIRE;35;17.04.1963;0;35
MUHESSER;35;16.05.1959;1;34
USUL;35;11.09.1960;11;24
ABDULHASIM;35;19.11.1978;35;0
FERHATTIN;35;22.10.1960;35;0
ESAMETTIN;35;7.02.1958;35;0
SEMSIMAH;35;16.10.1955;0;35
NEJLAN;35;5.12.1968;0;35
AYSEMEN;35;10.01.1961;0;35
ALENA;35;9.10.1975;0;35
RUZIN;35;21.04.1963;1;34
SEHLEVENT;35;20.07.1968;4;31
EMIRAY;35;10.03.1982;12;23
BEFRO;35;11.07.1956;0;35
TETER;35;27.08.1962;33;2
IHLAS;35;28.11.1978;13;22
HABILE;35;4.05.1961;0;35
MILYAR;35;14.01.1979;4;31
MIHRIBA;35;18.08.1957;1;34
ELFESIYAH;35;14.07.1959;13;22
KAMERUH;35;25.02.1954;0;35
VARDI;35;7.12.1944;0;35
HUDEYDAN;35;21.07.1965;35;0
TULI;35;13.03.1960;0;35
SARACETTIN;35;2.12.1957;35;0
IKMAL;35;23.06.1956;16;19
CANSAH;35;22.08.1959;25;10
SAHVET;35;30.05.1960;20;15
FIKNAT;35;10.07.1963;0;35
MUHTESIME;35;19.07.1962;0;35
BESLER;35;22.07.1964;33;2
GUNDAL;35;10.05.1974;28;7
VEZNA;35;7.07.1974;0;35
KURTCEBE;35;8.10.1966;35;0
ONOL;35;14.09.1963;35;0
SELVENT;35;7.10.1967;18;17
IZGI;35;18.06.1980;8;27
TABIP;35;9.08.1978;34;1
PERVIM;35;29.09.1974;0;35
AMBERE;35;18.02.1963;0;35
ALPAR;35;19.12.1973;34;1
OZKAL;35;24.11.1970;34;1
MEKSEL;35;2.03.1961;31;4
TEVHID;35;12.01.1978;34;1
ERTAY;35;7.03.1971;34;1
GUNDOGMUS;35;16.04.1962;1;34
EMUNE;35;5.04.1950;0;35
NURDOGDU;35;4.07.1962;10;25
ORUCEY;35;18.10.1950;0;35
MESADIYE;35;29.07.1963;0;35
ASILHAN;35;18.04.1980;26;9
AYPAR;35;2.08.1966;11;24
MUHRIBE;35;1.06.1961;0;35
MARTI;35;19.04.1978;2;33
SUKKERIYE;35;1.07.1952;0;35
AYSEMAN;35;26.12.1957;0;35
TENUR;35;17.04.1968;12;23
SEHIRLI;35;7.03.1956;0;35
UNAT;35;14.07.1976;35;0
MUSAFET;35;5.08.1961;20;15
ZAHURE;35;1.11.1961;0;35
MUBEHHER;35;5.08.1949;0;35
OZDES;34;19.03.1981;23;11
SUSANBER;34;23.07.1953;0;34
KINNEY;34;15.06.1945;0;34
MURIVVET;34;9.05.1959;0;34
CENKHAN;34;14.12.1982;34;0
FEHIYE;34;21.08.1962;0;34
EZZET;34;8.06.1961;5;29
REYSAN;34;2.10.1970;1;33
SERPILAY;34;8.10.1972;0;34
VASIFE;34;5.04.1962;0;34
GULVEDA;34;22.05.1973;0;34
EMI;34;29.12.1950;4;30
SELEME;34;17.06.1967;4;30
ERSAHIN;34;28.01.1966;34;0
DERAN;34;12.05.1981;13;21
SAFAHAT;34;18.09.1965;2;32
ABIS;34;15.01.1953;9;25
NURZEN;34;28.02.1965;0;34
YUSUFU;34;26.09.1968;34;0
CAFAR;34;20.11.1958;34;0
CUMAA;34;22.06.1961;34;0
MELIKHAN;34;6.03.1977;29;5
BESEN;34;21.04.1978;12;22
MUBARE;34;10.01.1969;0;34
OZGUNAY;34;15.10.1973;26;8
SIMAN;34;21.11.1972;10;24
YETKI;34;2.10.1975;23;11
KETIBE;34;17.04.1967;0;34
KOMRI;34;27.03.1959;0;34
YAZYA;34;2.06.1973;0;34
FAYIZ;34;27.10.1964;34;0
FERSO;34;9.10.1950;4;30
HISAMEDDIN;34;25.09.1961;34;0
MURADIN;34;2.10.1959;33;1
GAYET;34;25.06.1958;5;29
BEYZE;34;6.01.1957;0;34
SUREYE;34;4.03.1967;3;31
HANIFA;34;23.03.1960;0;34
SANGUL;34;26.12.1969;0;34
VAZHA;34;20.08.1949;0;34
ERZEN;34;5.10.1972;7;27
BILSEM;34;25.10.1975;0;34
SEHEMI;34;29.06.1958;0;34
HADICA;34;15.11.1950;0;34
FAHRIYA;34;28.08.1958;0;34
PAKIZA;34;19.06.1966;0;34
SAHRABAN;34;26.01.1964;0;34
ZEYNEDIN;34;24.03.1974;34;0
IYDE;34;10.04.1960;0;34
MAMIRE;34;9.10.1963;0;34
SIBGATULLAH;34;8.12.1974;34;0
NACIRE;34;6.09.1972;0;34
IMEN;34;3.05.1982;0;34
PATRICIA;34;1.05.1963;0;34
BETULE;34;16.12.1965;0;34
NARINCE;34;24.01.1971;0;34
ESVERI;34;28.10.1973;34;0
TAKDIRE;34;15.08.1954;0;34
MURBET;34;18.05.1965;1;33
HAYRETIN;34;10.04.1969;34;0
BUNYAT;34;15.03.1961;34;0
MERISAN;34;22.01.1971;0;34
GULEYMAN;34;9.06.1966;0;34
GANIMA;34;13.09.1955;0;34
UCMAN;34;2.02.1964;33;1
ESEANA;34;29.05.1955;0;34
TAVIL;34;26.07.1963;34;0
GULCIM;34;3.03.1976;0;34
RUZBIYE;34;7.06.1955;0;34
SEBINE;34;12.08.1978;0;34
SELVIGUL;34;22.06.1972;0;34
SELMIHAN;34;23.08.1970;0;34
GULHANI;34;12.03.1972;12;22
KUTHAN;34;23.03.1975;32;2
MUDEHER;34;24.07.1963;14;20
ALMES;34;3.02.1964;0;34
PELIZAR;34;23.02.1964;0;34
MAFI;34;30.12.1961;7;27
CELALITTIN;34;11.05.1950;34;0
TUTKUN;34;21.11.1980;29;5
BIYAMI;34;26.11.1964;34;0
KUZEYDE;34;7.06.1961;0;34
LIA;34;8.03.1968;0;34
NECDA;34;29.07.1963;1;33
SENCAY;34;10.04.1973;18;16
ALIMA;34;21.12.1962;1;33
EMINCAN;34;18.11.1985;34;0
BERNAR;34;4.09.1974;12;22
HIDAVER;34;16.12.1962;23;11
EYUPCAN;34;3.07.1989;34;0
HATIFE;34;22.04.1957;0;34
SEVLINAZ;34;13.09.1960;0;34
ERTUNGA;34;9.06.1977;34;0
CUMUR;34;13.01.1960;32;2
MIRALAY;34;20.12.1966;30;4
BULET;34;27.09.1972;33;1
BILGIVAR;34;20.11.1962;31;3
GULSARE;34;20.05.1967;0;34
KARAMURAT;34;4.03.1980;34;0
MEFUZE;34;11.02.1957;0;34
UMRAY;34;11.02.1977;2;32
MUYASER;34;28.04.1971;0;34
EBULFEZ;34;20.01.1971;34;0
NURFIDE;34;29.10.1968;0;34
SAYRA;34;19.06.1974;9;25
GOLCIN;34;1.01.1963;0;34
OGUZKAAN;34;30.06.1984;34;0
PERUZET;34;11.01.1950;0;34
BAATTIN;34;11.01.1964;34;0
ERAT;34;27.04.1973;34;0
ZAIME;34;2.07.1953;0;34
SUVADE;34;2.04.1958;0;34
NUVEYDA;34;3.09.1973;0;34
ZAILE;34;5.02.1960;0;34
BUGSE;34;4.03.1990;0;34
FLORA;34;2.11.1965;0;34
ATAM;34;21.12.1958;34;0
UMRANIYE;34;9.05.1976;0;34
GULHEDIYE;34;26.01.1968;0;34
YALCINKAYA;34;24.02.1957;34;0
TULER;34;12.10.1962;3;31
MEYISE;34;29.10.1960;0;34
SUSAMBER;34;22.11.1958;0;34
SECAITTIN;34;23.12.1958;34;0
GULENT;34;17.01.1972;22;12
SERIYFE;34;7.01.1961;0;34
BINHAN;34;18.06.1967;6;28
EDAYE;34;9.05.1958;0;34
ISE;34;24.10.1953;28;6
VAYIS;34;21.05.1958;33;1
KIZLARBEYI;34;21.12.1954;0;34
SAHSEN;34;23.08.1968;10;24
VAHI;34;25.08.1965;33;1
ALPDOGAN;34;13.07.1973;34;0
GONULDEN;34;19.11.1968;0;34
SITEMKAR;34;19.06.1959;27;7
MEYTAP;34;28.03.1974;0;34
ABDULMUHTALIP;34;12.04.1977;34;0
SUNMANI;34;28.09.1963;34;0
NEBO;34;23.03.1938;34;0
SIMZAR;34;6.06.1953;0;34
KIRAS;34;22.01.1959;0;34
TELMAN;34;28.03.1969;21;13
YILGUN;34;2.10.1970;5;29
BEHSET;34;25.05.1960;34;0
GURSAD;34;7.06.1978;33;1
ERCIYAS;34;28.11.1968;31;3
SIFADE;34;2.07.1966;0;34
SEVIYYE;34;19.08.1955;0;34
ELNARA;34;28.12.1978;0;34
BURHANITTIN;34;15.09.1950;34;0
YIGITALP;34;23.08.1987;34;0
YUKSER;34;19.03.1958;4;30
HITAME;34;22.02.1958;0;34
RESIKA;34;23.05.1954;0;34
ILGE;34;6.03.1981;3;31
OKYANUS;34;29.06.1977;27;7
TUNAKAN;34;15.01.1977;34;0
CINI;34;21.08.1958;1;33
ALIHIDIR;34;19.10.1953;34;0
VEYS;34;21.11.1961;34;0
ZEYI;34;24.12.1948;0;34
GULBAR;34;13.09.1962;1;33
MEREZ;34;13.07.1964;0;34
SAFIYETTIN;34;23.11.1962;34;0
AKUT;34;20.11.1973;0;34
MADIYE;34;2.03.1966;0;34
DOKTOR;34;16.01.1966;33;1
MINTAN;34;13.09.1965;0;34
HUDIDA;34;20.02.1953;34;0
GEVE;34;1.02.1954;0;34
ATINA;34;3.09.1958;2;32
BIRSEM;34;27.02.1978;0;34
RISKET;34;4.01.1977;1;33
SEHILA;34;12.06.1968;0;34
ESED;34;15.11.1963;34;0
ABDURKADIR;34;30.09.1957;34;0
HAKIBE;34;1.01.1968;0;34
MANISE;34;6.05.1979;0;34
HEVEHAN;34;4.01.1971;0;34
NILOFER;34;11.12.1948;0;34
SAMAM;34;16.05.1964;0;34
GULFET;34;23.05.1956;2;32
GUNYUZ;34;7.06.1962;2;32
NORETTIN;34;24.03.1959;34;0
MUKMIN;34;2.01.1969;33;1
MILKIBAR;34;12.07.1974;0;34
SECILE;34;24.10.1965;0;34
FUDEYL;34;15.02.1977;34;0
YILNUR;34;20.12.1969;3;31
PAYTON;34;1.02.1951;0;34
ELHAME;34;22.03.1954;0;34
BELHUZAR;34;30.2.1957;0;34
ALEKSAN;34;17.12.1960;34;0
GOKCECICEK;34;8.07.1984;0;34
BUNYAMUN;34;24.03.1969;34;0
PERCIHAN;34;27.06.1963;1;33
SERVENT;34;12.02.1975;29;5
ERNA;34;5.11.1968;1;33
OZGONUL;34;26.02.1949;3;31
BURTAY;34;24.12.1979;25;9
GULSINAM;34;2.03.1965;0;34
BERINAZ;34;15.03.1971;0;34
IMATULLAH;34;28.07.1961;1;33
NEGAHAN;34;8.02.1980;0;34
MILIFER;34;7.03.1966;0;34
MENDOH;34;23.02.1964;34;0
BEDIS;34;4.07.1960;1;33
BEYAMIL;34;4.02.1959;34;0
TUNUS;34;29.12.1954;6;28
OZLAY;34;23.09.1978;2;32
HURUCAN;34;29.06.1970;0;34
EZGICAN;34;22.12.1989;4;30
ADALETTIN;34;11.11.1962;31;3
NERCAN;34;20.06.1974;9;25
ESTERYA;34;29.08.1938;1;33
HODE;34;30.06.1958;0;34
BILEC;34;12.01.1962;34;0
YURDAKAN;34;13.10.1966;34;0
TUVANA;34;23.09.1979;1;33
IMAMBAKIR;34;4.01.1982;34;0
KAZIKLI;34;5.03.1953;34;0
ISEY;33;24.04.1943;0;33
GALENDER;33;27.04.1960;33;0
SEYIDEGUL;33;16.03.1956;0;33
MEYRE;33;2.05.1957;0;33
SAMUR;33;16.10.1957;14;19
URCAN;33;12.07.1966;22;11
GULSEVDI;33;29.03.1964;0;33
KARIBE;33;23.01.1957;0;33
FATIMETUL;33;8.02.1969;0;33
HATUNKIZ;33;11.08.1949;0;33
A;33;16.07.1955;30;3
SALAHA;33;14.08.1954;0;33
AYGUR;33;20.07.1965;9;24
MINEGUL;33;7.10.1978;0;33
CENEY;33;14.12.1950;0;33
ZEMILE;33;16.03.1962;0;33
CANALI;33;8.08.1973;33;0
SEHIL;33;26.07.1972;19;14
MERDI;33;8.01.1962;27;6
LEVET;33;16.04.1972;33;0
GAMMI;33;29.12.1956;0;33
LAMYA;33;16.06.1964;0;33
ABDULMENAN;33;23.09.1962;33;0
FIKIRYE;33;28.09.1963;0;33
EMIRYE;33;22.02.1973;0;33
ICRET;33;10.07.1966;10;23
SAADE;33;5.12.1953;0;33
HEVIN;33;25.06.1987;0;33
BEYAZGUL;33;28.06.1973;0;33
ATTIYE;33;23.10.1964;2;31
KOCI;33;3.10.1946;16;17
HEBRIZE;33;21.02.1966;0;33
IZGUL;33;6.10.1978;0;33
NESEPHAN;33;19.08.1956;0;33
AFITAB;33;1.11.1967;1;32
CALAL;33;17.06.1959;33;0
NUSRA;33;25.09.1977;0;33
RESO;33;16.05.1942;32;1
MUSGAN;33;4.11.1960;0;33
SIMO;33;20.11.1945;29;4
CUNDULLAH;33;20.08.1988;33;0
MEYHAN;33;11.03.1967;1;32
GULVIN;33;6.03.1980;0;33
HUFZULLAH;33;11.09.1968;33;0
ENISA;33;25.02.1972;0;33
A.KADIR;33;18.03.1958;33;0
NASIB;33;2.11.1966;19;14
NUSRATTIN;33;21.10.1957;33;0
RAMIL;33;5.06.1971;33;0
PIYER;33;23.01.1961;32;1
DORIS;33;20.02.1963;2;31
MENSULE;33;30.12.1970;0;33
MEVHUBE;33;30.2.1970;0;33
MEDYEN;33;19.02.1973;31;2
NEZHETE;33;2.06.1958;0;33
HAYFA;33;29.05.1957;0;33
TAHMINA;33;28.07.1983;0;33
BAHAT;33;5.08.1967;30;3
GULSIM;33;13.12.1971;0;33
EMRIYA;33;12.03.1972;11;22
SEBAHEDDIN;33;1.09.1957;33;0
HUZEYIR;33;9.04.1964;33;0
SEFAYET;33;18.01.1965;8;25
MURTEN;33;7.09.1962;2;31
HONKER;33;24.04.1961;19;14
MOHRELI;33;19.02.1959;33;0
SAISTE;33;6.05.1965;1;32
MERTAN;33;3.07.1982;32;1
MIHRAB;33;27.05.1987;2;31
TURE;33;13.11.1962;4;29
SUKRAY;33;3.02.1973;5;28
REFIGE;33;26.01.1958;0;33
TANYELI;33;29.06.1978;8;25
LADIKER;33;18.11.1974;0;33
GULSEMEN;33;15.06.1969;0;33
MEMUNE;33;26.10.1963;0;33
MANUSAK;33;27.03.1944;0;33
MIHRISAH;33;23.09.1972;1;32
LEBIYE;33;24.11.1958;0;33
GULSON;33;7.11.1973;0;33
ZULYA;33;4.01.1970;0;33
SEHRIYAR;33;6.01.1956;5;28
GULDONER;33;21.03.1963;0;33
SELE;33;2.06.1957;0;33
UNUR;33;23.12.1964;26;7
SASEDE;33;29.11.1959;0;33
SEVGIGUL;33;28.03.1972;0;33
MUZIYE;33;11.03.1953;0;33
KURTAY;33;27.06.1973;31;2
ANO;33;17.12.1945;0;33
ERCENK;33;3.11.1979;33;0
GOKKAN;33;28.11.1980;33;0
NANA;33;17.10.1964;0;33
ELETTIN;33;9.05.1956;33;0
FATMAHATUN;33;11.11.1963;0;33
TEKINER;33;28.01.1970;33;0
SEYDIAHMET;33;14.06.1973;33;0
FATULA;33;21.09.1947;0;33
ARHAN;33;8.09.1973;33;0
HAFTANE;33;9.02.1954;0;33
OZGURCAN;33;11.02.1986;32;1
YENILMEZ;33;26.08.1967;33;0
MERTEM;33;14.02.1977;4;29
EVLUDE;33;23.04.1965;0;33
SALIHAT;33;10.06.1952;0;33
GUNSELIN;33;21.07.1967;0;33
ANILCAN;33;5.02.1991;31;2
RANAN;33;6.04.1973;1;32
MINESER;33;2.06.1966;0;33
ATAGUL;33;12.12.1968;13;20
COSKUNER;33;30.10.1969;33;0
FAHRICAN;33;13.09.1972;29;4
ALUS;33;19.03.1956;33;0
DEMIRZADE;33;12.11.1950;0;33
SERIK;33;22.03.1957;2;31
ERVAHI;33;9.08.1962;30;3
PELVER;33;25.05.1959;1;32
GULHAMI;33;29.12.1967;21;12
GIZAY;33;23.01.1989;10;23
NIBIN;33;6.11.1955;0;33
TEVRUZ;33;26.02.1948;0;33
NARDEN;33;21.11.1965;0;33
SEVDALI;33;15.10.1965;26;7
ERDOVAN;33;5.10.1959;33;0
RAISE;33;18.05.1966;0;33
ALPERTUNGA;33;1.04.1980;33;0
MEVLID;33;9.01.1971;32;1
TEBERRUK;33;23.11.1956;0;33
SERDANE;33;24.12.1971;0;33
NABIDER;33;17.04.1966;0;33
KUTUP;33;30.05.1966;32;1
NURBIL;33;15.12.1971;3;30
MENET;33;27.09.1955;0;33
ULVUYE;33;19.04.1960;0;33
BATI;33;21.11.1975;26;7
PARLA;33;13.01.1974;3;30
BEHIZA;33;14.03.1966;0;33
AYHANIM;33;4.07.1967;0;33
NEJDA;33;6.09.1968;0;33
BERAHAT;33;15.01.1961;3;30
GUNDEN;33;16.01.1965;3;30
MAREM;33;19.12.1965;33;0
GULLUFER;33;5.03.1970;0;33
GULINDAN;33;9.02.1962;0;33
CELAT;33;20.03.1967;33;0
SAFYETTIN;33;18.10.1976;33;0
GULAVI;33;1.02.1958;28;5
COLI;33;29.03.1959;33;0
M.SABRI;33;21.12.1944;33;0
FERIH;33;20.04.1966;26;7
HALIP;33;14.01.1964;33;0
MULAIM;33;19.12.1966;33;0
GORAY;33;1.09.1975;28;5
CADIR;33;6.01.1964;32;1
NUHU;33;17.11.1963;31;2
NEVVAL;33;27.06.1954;0;33
SATBER;33;28.02.1944;1;32
AYZEN;33;28.03.1968;4;29
MUSTECAP;33;12.10.1953;32;1
OZBIR;33;1.03.1974;25;8
FIRADE;33;26.02.1956;0;33
KURTIS;33;7.01.1946;33;0
NURIHAYAT;33;10.04.1947;0;33
EYYUBE;33;4.10.1959;0;33
ESREFE;33;18.07.1947;2;31
ERGULER;33;6.04.1962;11;22
COSKAN;33;30.09.1973;33;0
GULTAMAM;33;20.07.1965;0;33
AYIN;33;2.05.1958;1;32
NECVAN;33;22.11.1965;7;26
TUKEZZIBAN;33;17.06.1952;0;33
EBRIKE;33;23.01.1955;0;33
MUHABBER;33;24.12.1956;1;32
HAYRUS;33;8.04.1953;23;10
SEVDIE;33;28.05.1972;0;33
ABIBE;33;21.01.1961;0;33
MAHACAN;33;24.02.1960;0;33
CARE;33;5.03.1984;6;27
NAZILI;33;7.08.1959;2;31
HAVAR;33;4.09.1959;4;29
MENHIYE;33;30.09.1966;0;33
SEBHA;33;10.12.1965;0;33
DURASAN;33;26.01.1962;33;0
AKKA;33;22.06.1951;0;33
GOKSEV;33;12.06.1969;11;22
MATI;33;23.04.1965;22;11
HANNUS;33;21.11.1961;0;33
ELIYA;33;17.06.1950;31;2
SERMAYE;32;2.01.1962;1;31
SECKINER;32;2.08.1978;30;2
TASO;32;4.03.1942;32;0
SICAN;32;24.08.1967;0;32
TACATTIN;32;6.01.1962;32;0
MULVER;32;28.05.1966;0;32
IMAMETTIN;32;8.10.1966;32;0
BARIN;32;18.10.1981;18;14
BASIYE;32;7.08.1961;0;32
TEVRIYE;32;25.03.1960;0;32
KIBARET;32;3.02.1962;0;32
SILEM;32;14.10.1984;1;31
NAZEYKE;32;22.03.1958;0;32
IBIL;32;5.07.1953;32;0
MELEYHA;32;8.09.1964;0;32
HASMETTIN;32;6.01.1960;32;0
DERHAN;32;12.09.1979;25;7
AKASYA;32;9.07.1974;0;32
SEHDAVUT;32;13.05.1968;32;0
VAHAB;32;6.09.1964;32;0
GIYAFET;32;8.05.1963;0;32
MENIHE;32;23.07.1966;0;32
MUSLIYE;32;2.03.1959;0;32
MERALI;32;29.01.1965;32;0
RUKET;32;24.03.1978;1;31
GULBESTE;32;23.07.1963;0;32
TIRHAN;32;13.10.1970;29;3
CEKDAR;32;22.07.1989;32;0
SOZDAR;32;14.11.1989;11;21
JIHAT;32;5.09.1983;31;1
NURDAG;32;30.08.1976;6;26
BUBE;32;12.04.1971;32;0
MUHSUNE;32;13.10.1967;0;32
HALVE;32;14.06.1956;0;32
FARMAN;32;24.12.1951;32;0
ASAT;32;4.06.1959;32;0
ABDULMELEK;32;19.05.1978;32;0
SIBEN;32;12.09.1976;4;28
SELLAHATTIN;32;5.06.1969;32;0
UZEYR;32;30.01.1964;32;0
NERIMEN;32;11.04.1972;0;32
HADLA;32;30.12.1952;0;32
AHAD;32;9.04.1968;27;5
AVVAT;32;21.07.1956;32;0
HELIMA;32;28.11.1953;0;32
HASSO;32;5.10.1940;32;0
MIHO;32;17.08.1942;32;0
TENZILA;32;9.11.1973;0;32
SEHZIYE;32;11.05.1958;0;32
AKILA;32;6.04.1962;0;32
SULHADIN;32;24.12.1960;32;0
VAHILE;32;24.09.1965;0;32
ERTIN;32;20.05.1975;32;0
NAZELIN;32;24.01.1966;0;32
MAHBUBA;32;14.04.1966;0;32
HISNI;32;3.01.1946;3;29
MARY;32;27.07.1962;0;32
ZAKI;32;7.02.1955;31;1
DIYANA;32;25.09.1971;0;32
DERCAN;32;18.01.1978;8;24
KATYA;32;3.11.1976;0;32
DILMEN;32;26.07.1977;5;27
SANA;32;27.12.1962;0;32
EMCET;32;18.03.1964;32;0
ZERRI;32;7.06.1950;0;32
M.SADIK;32;21.11.1956;32;0
NEBIYA;32;21.09.1973;0;32
EBISE;32;23.03.1958;0;32
MUZAMETTIN;32;21.02.1966;32;0
SIFAHATUN;32;22.02.1980;0;32
RABET;32;20.03.1959;2;30
SURYAN;32;14.05.1967;8;24
NUTUYE;32;3.12.1963;0;32
ESLI;32;17.03.1960;0;32
HURUMELEK;32;29.10.1957;0;32
ZELIYA;32;26.09.1961;0;32
HEYHAT;32;18.01.1972;6;26
GULNAMIYE;32;11.10.1968;0;32
DERGUL;32;16.10.1979;0;32
NALIGUL;32;25.04.1956;0;32
SAHSEVER;32;1.03.1966;28;4
EFSAN;32;17.08.1968;7;25
ARKADAS;32;8.09.1980;29;3
ALAHETTIN;32;10.01.1958;32;0
LEBILE;32;19.03.1967;0;32
ESAMET;32;11.06.1959;4;28
YUCEHAN;32;30.2.1985;31;1
ARSUN;32;11.06.1964;17;15
TUKAY;32;22.06.1968;29;3
SEMAYIL;32;20.04.1968;13;19
KONUL;32;6.04.1976;0;32
SITGI;32;19.04.1961;32;0
GULBERI;32;24.07.1964;0;32
CEREM;32;8.10.1987;5;27
BERSU;32;21.09.1987;0;32
SEVDER;32;8.10.1983;30;2
NAFIL;32;10.03.1962;30;2
ALTEMUR;32;15.04.1975;31;1
FERYAD;32;19.11.1980;15;17
NURCA;32;19.12.1963;0;32
NAMZET;32;16.11.1965;14;18
TERMIN;32;7.02.1968;2;30
BALKIR;32;23.12.1970;22;10
SENSOY;32;2.07.1974;28;4
ERCAY;32;13.03.1977;29;3
SABRET;32;16.05.1970;18;14
SAYINAZ;32;28.12.1963;0;32
FEIZA;32;8.03.1983;0;32
REVNAK;32;4.06.1969;4;28
FERIDDIN;32;24.08.1955;32;0
MIRACE;32;3.11.1968;1;31
GULSERE;32;30.07.1959;0;32
AHUNUR;32;16.01.1985;0;32
SAHIDDIN;32;30.01.1966;32;0
FEYZUL;32;1.02.1957;32;0
KURTULAY;32;10.09.1973;29;3
ALCAY;32;29.08.1982;9;23
GIRNE;32;5.02.1976;3;29
SEVDIYAR;32;3.05.1962;0;32
AYGUT;32;17.11.1961;32;0
MUNEFER;32;15.06.1959;0;32
SATIH;32;20.05.1954;4;28
KURSIYE;32;11.05.1948;0;32
IMIGUL;32;14.01.1965;0;32
NURDAHAN;32;21.07.1971;1;31
FERNIYAZ;32;7.04.1948;0;32
APTURRAHIM;32;15.07.1958;32;0
BAKIS;32;24.10.1979;20;12
MUSAFETTIN;32;16.02.1961;32;0
GULAFET;32;1.09.1958;0;32
BANUHAN;32;13.07.1973;0;32
IRABIYE;32;11.10.1957;0;32
MUHTABER;32;30.04.1972;0;32
SEDALI;32;12.08.1959;1;31
MUSGEN;32;16.05.1962;0;32
MILLI;32;11.10.1961;29;3
BIN;32;9.02.1956;32;0
MEDIYNE;32;16.02.1966;0;32
MEHIR;32;16.07.1963;2;30
ESAFIL;32;7.07.1974;31;1
KAHYA;32;15.06.1959;32;0
SEHABEDDIN;32;10.10.1964;32;0
KORUTURK;32;7.09.1976;32;0
ADALI;32;19.11.1950;2;30
LEBRIZ;32;13.12.1976;0;32
ELFEDA;32;1.06.1970;0;32
SEDIRETTIN;32;12.08.1962;32;0
GULAM;32;24.07.1962;29;3
BULTEN;32;1.07.1966;3;29
PUSU;32;20.12.1952;0;32
CAYHAN;32;26.07.1975;23;9
PAPO;32;14.02.1940;0;32
ISLAH;32;1.08.1970;27;5
RIZKI;32;30.08.1965;31;1
NURMEMET;32;29.11.1961;32;0
FIRICE;32;3.04.1969;0;32
ZAMAHAN;32;7.07.1962;32;0
MUSEVVET;32;28.05.1969;0;32
FARICE;32;26.06.1968;0;32
RUMEYZA;32;16.04.1973;0;32
NAZIRET;32;22.07.1964;1;31
CAYDE;32;19.08.1970;0;32
TARIF;32;21.04.1952;7;25
KINE;32;29.01.1964;0;32
FATMIR;32;21.05.1966;32;0
BADIK;32;11.07.1952;0;32
FESILE;32;29.01.1969;0;32
HAVAYI;32;19.02.1964;0;32
BAL;32;23.08.1942;5;27
BEYSIN;32;25.01.1967;32;0
NAKISE;32;19.06.1965;0;32
NURISTAN;32;18.06.1961;0;32
ELSINE;32;13.07.1977;0;32
MUSGUNAZ;32;24.08.1957;0;32
SARICA;32;3.02.1972;0;32
JULUDE;32;2.09.1971;0;32
MELEKSE;32;5.11.1967;0;32
MAYINUR;32;18.10.1958;0;32
ESPENDER;32;16.02.1954;32;0
LIVIDE;32;1.07.1963;0;32
AYISEGUL;32;10.04.1966;0;32
UMGUL;32;6.03.1958;0;32
RUHANIYE;32;30.11.1960;0;32
BALCA;32;5.09.1981;2;30
SULAHI;32;13.09.1955;3;29
GULVIYE;32;17.04.1964;0;32
SIM;32;11.07.1978;1;31
DEBLE;32;5.09.1958;0;32
RINA;32;14.02.1972;0;32
DIZEM;32;18.08.1987;0;32
SEYHMEHMET;32;22.09.1962;32;0
GULPERIYE;32;1.09.1961;0;32
NURANA;32;27.06.1957;0;32
SABAHGUL;32;22.10.1971;0;32
GULZIDE;32;17.07.1954;0;32
ABUSEYIF;31;28.11.1959;31;0
MUJDAN;31;26.03.1965;1;30
SEHHAMIT;31;8.04.1965;31;0
ALICEM;31;9.08.1984;31;0
FADO;31;25.03.1947;0;31
DURUYA;31;3.01.1963;1;30
ULGE;31;24.10.1975;1;30
NAZEKET;31;20.10.1965;0;31
MEYREY;31;19.02.1939;0;31
TABIBE;31;14.08.1964;0;31
BAHATIN;31;14.02.1966;31;0
SEVGULI;31;12.09.1962;0;31
IKRA;31;16.03.1986;5;26
KERMAN;31;2.01.1963;6;25
SEMIYYE;31;10.07.1963;0;31
RASMIYE;31;27.06.1963;0;31
MEHIYE;31;24.01.1964;0;31
GULEMINE;31;1.12.1966;0;31
MERIVAN;31;10.03.1971;2;29
NUHA;31;23.11.1973;2;29
BEDIL;31;15.05.1963;18;13
CIBO;31;21.03.1940;31;0
NUGRIYE;31;5.09.1962;0;31
SUHUDE;31;21.12.1963;0;31
ERBULENT;31;15.05.1976;31;0
NEDIHE;31;22.11.1972;0;31
ZULEYFE;31;28.01.1967;0;31
DURNEL;31;23.04.1963;0;31
RAMIME;31;20.04.1968;0;31
M.TEVFIK;31;30.11.1944;31;0
REMZIYA;31;2.12.1968;0;31
ZERDA;31;26.01.1976;0;31
MAHFIZE;31;23.03.1976;0;31
GEZALI;31;12.10.1961;1;30
RENAS;31;13.01.1983;25;6
SENE;31;17.03.1974;0;31
RANYA;31;7.09.1979;0;31
HODI;31;25.5.1889;0;31
MENEL;31;10.11.1984;0;31
MEVALI;31;21.08.1956;31;0
MUSKIYE;31;27.05.1950;0;31
MECBURA;31;21.04.1965;0;31
BEDO;31;8.02.1948;25;6
HAFSIYE;31;21.05.1970;0;31
FARHO;31;12.01.1938;29;2
BAHIZAR;31;12.01.1954;0;31
SERAC;31;21.03.1972;30;1
BENYAMIN;31;28.04.1970;31;0
FERYAS;31;29.05.1966;1;30
VEDET;31;22.11.1968;17;14
NARCIN;31;12.01.1975;7;24
ABIR;31;26.03.1970;16;15
GULISA;31;3.08.1970;0;31
AYSUL;31;19.08.1970;1;30
SEYNI;31;11.07.1967;18;13
TACET;31;10.12.1962;28;3
GULES;31;17.07.1960;3;28
BURCUM;31;24.02.1985;0;31
NATALIN;31;29.03.1983;0;31
BAGER;31;23.03.1966;1;30
SENIYA;31;17.01.1968;0;31
SIDEM;31;26.07.1986;0;31
OZSEN;31;2.06.1965;6;25
DEMIME;31;16.02.1953;0;31
GULEGUL;31;4.08.1974;0;31
SAHNIZE;31;21.09.1960;0;31
GULBANE;31;6.11.1961;0;31
TUREN;31;21.07.1955;12;19
PAPI;31;8.04.1945;0;31
NUTFULLAH;31;1.07.1961;31;0
ZARAFET;31;13.11.1952;0;31
MEYDI;31;3.07.1961;30;1
MUGATTER;31;3.05.1968;3;28
AYZIT;31;5.10.1961;1;30
OZSOY;31;29.09.1977;30;1
KOKEN;31;3.02.1967;15;16
SEYDAG;31;8.07.1975;2;29
ALISAIT;31;8.05.1964;31;0
HAVZA;31;18.10.1958;0;31
SEBAHIDDIN;31;9.07.1958;31;0
NAZER;31;15.11.1966;2;29
GENCA;31;8.02.1966;31;0
PEHLULDANE;31;21.08.1960;30;1
MUJDELIFE;31;2.08.1975;0;31
ILGIT;31;26.02.1986;5;26
SEVIMAY;31;8.09.1964;0;31
TEBERDAR;31;3.02.1963;31;0
ONURKAN;31;30.11.1984;30;1
YONCAGUL;31;15.02.1983;0;31
EMIRAN;31;2.12.1958;3;28
BATUGHAN;31;8.03.1987;30;1
GULSAR;31;14.04.1960;0;31
ECRIN;31;11.02.1986;10;21
YETIYE;31;27.04.1962;0;31
HUDAVENDIGAR;31;21.05.1961;30;1
MERHAL;31;26.01.1959;1;30
SORET;31;30.12.1962;0;31
GONCAY;31;16.06.1976;1;30
HAVULI;31;6.04.1949;0;31
SAHABE;31;18.04.1960;1;30
DORUKAN;31;20.03.1989;31;0
SENSAL;31;23.02.1965;16;15
FERAHAN;31;23.12.1962;0;31
NUBUVVET;31;3.06.1963;4;27
SEVYAN;31;24.12.1962;0;31
KURTHAN;31;8.01.1969;16;15
KOSAR;31;2.09.1968;29;2
TURKSAN;31;24.02.1965;13;18
ONURAY;31;28.06.1981;19;12
GULGONCA;31;18.05.1971;0;31
DERIYA;31;4.04.1977;1;30
ERGE;31;25.05.1984;15;16
AYBEGUN;31;20.10.1978;0;31
HASIYET;31;7.05.1965;0;31
RENDA;31;3.11.1965;17;14
BURHANETDIN;31;19.10.1959;31;0
EMINET;31;25.08.1954;0;31
AYCELEN;31;6.01.1974;0;31
BERRAT;31;7.07.1972;22;9
EJMEL;31;20.08.1966;8;23
URSULA;31;21.04.1955;0;31
ARSIN;31;3.11.1960;24;7
BEHATTIN;31;2.03.1953;31;0
MUSKET;31;1.08.1957;3;28
NAFIRE;31;16.03.1959;0;31
ZABIYE;31;15.04.1952;0;31
MERUSE;31;28.07.1963;0;31
BERDA;31;14.04.1982;1;30
KEMALETDIN;31;23.02.1963;31;0
MAHCURE;31;18.09.1947;0;31
FECIYE;31;17.09.1963;0;31
NUHIYE;31;8.10.1957;0;31
SIRER;31;26.05.1969;31;0
FATIYAN;31;2.07.1949;0;31
FURDES;31;21.10.1961;0;31
HAMIYDE;31;3.12.1964;0;31
EFO;31;9.04.1943;26;5
NATICE;31;23.01.1972;0;31
GULTUG;31;19.01.1974;0;31
GULZEHRA;31;7.01.1969;0;31
TARIH;31;9.10.1971;29;2
ARMIN;31;15.09.1955;17;14
ABINUR;31;16.04.1959;0;31
NEVSEN;31;25.11.1969;1;30
FARABI;31;5.11.1973;31;0
SEVIBE;31;21.06.1965;0;31
SAFIC;31;21.04.1955;0;31
YUCER;31;4.05.1958;24;7
KENZI;31;11.08.1954;8;23
URSAN;31;23.02.1957;20;11
SULFETTIN;31;12.12.1959;31;0
OSMANIYE;31;12.05.1966;0;31
ESFET;31;14.03.1963;11;20
ESFER;31;12.03.1958;5;26
ACUN;31;19.05.1968;27;4
KAIL;31;2.01.1954;31;0
SELIS;31;10.08.1978;0;31
REKIBE;31;26.05.1956;0;31
ARDAN;31;17.11.1971;25;6
MARGARITA;31;22.05.1961;0;31
ANE;31;14.01.1952;0;31
HITAMI;31;19.11.1960;30;1
OZVER;31;2.07.1974;28;3
ASMIHAN;31;10.03.1967;0;31
MIRBADIN;31;25.04.1961;31;0
EDIME;31;19.07.1965;0;31
TELLIZER;31;9.07.1963;0;31
BISEYNE;31;3.04.1971;0;31
SAHINAT;31;9.10.1971;0;31
BESRAY;31;12.09.1951;0;31
MAMAS;31;4.09.1958;10;21
HUTBETTIN;31;6.07.1969;31;0
AKSA;31;1.02.1970;4;27
HURSI;31;23.04.1947;0;31
OBEYIT;31;10.07.1968;31;0
NAILA;31;6.06.1965;1;30
EMRUS;31;1.02.1954;30;1
ARUZ;31;27.08.1959;2;29
YELIN;31;6.10.1985;0;31
EGLENCE;31;24.07.1955;0;31
MUSLIHITTIN;31;11.10.1963;31;0
SEHIR;31;21.11.1961;4;27
ERGI;31;10.10.1981;23;8
AHIRET;31;30.12.1974;3;28
NISPET;31;5.05.1961;1;30
HATICEI;31;1.05.1953;0;31
GULBIZ;31;15.09.1963;0;31
PURNUR;31;27.05.1967;0;31
EVNI;31;28.09.1957;31;0
RASIHA;31;27.04.1955;0;31
HORISER;31;25.05.1947;0;31
ZIDDIKA;31;21.07.1964;0;31
TEFFIK;31;16.03.1962;31;0
FIRZAN;31;9.08.1964;4;27
ISTIFA;31;25.11.1967;1;30
GURCINAZ;31;22.07.1958;0;31
HAPIS;31;13.05.1951;0;31
MIHRACIYE;31;28.03.1968;0;31
ACALYA;31;17.07.1979;0;31
HIFSIYE;31;27.07.1965;0;31
HUSSEM;31;21.11.1956;31;0
SAMAT;31;19.02.1958;28;3
KAIM;31;20.10.1964;31;0
MUJDEM;31;7.02.1978;1;30
MERA;31;3.08.1952;16;15
BELIGA;31;16.02.1947;0;31
MEMEY;31;30.08.1943;4;27
DURDUCA;31;9.10.1960;0;31
ADEF;31;18.08.1965;0;31
AYBEL;31;25.03.1970;0;31
NUMEN;31;11.04.1953;30;1
VAYSEL;31;24.12.1959;29;2
RAZIK;31;20.04.1964;31;0
IVET;31;11.02.1955;0;31
ZORA;31;9.05.1961;1;30
BAYLAN;31;28.02.1949;2;29
GUNCAN;31;23.09.1966;5;26
CAROLINE;31;29.01.1972;0;31
SENAD;31;25.09.1977;31;0
ZUFRA;31;24.12.1962;0;31
SANCAKTAR;30;17.03.1961;29;1
UMMUHANIM;30;17.09.1963;0;30
INCAZ;30;25.03.1964;1;29
ETIK;30;4.01.1950;9;21
OGEY;30;24.07.1944;0;30
KABE;30;10.03.1974;1;29
AYGULER;30;11.07.1968;1;29
PIRHASAN;30;22.09.1969;30;0
ARZUHAL;30;21.08.1976;0;30
HULUSIYE;30;11.04.1954;0;30
HESBIYE;30;25.06.1956;0;30
MUHAMMEDUL;30;18.10.1978;30;0
SERDARHAN;30;26.07.1979;30;0
SUNDA;30;25.03.1973;8;22
GOLGEN;30;16.08.1982;1;29
ILGUL;30;11.03.1967;0;30
ZULHICE;30;10.11.1961;1;29
BADER;30;1.10.1963;0;30
MUZDAT;30;20.05.1958;30;0
ADNI;30;2.01.1959;13;17
YETGUL;30;13.03.1973;0;30
ERSIL;30;27.04.1973;20;10
HAFARI;30;14.03.1969;21;9
NASLIHAN;30;30.11.1974;0;30
MAHSIME;30;30.01.1976;0;30
HACIHALIL;30;29.05.1956;30;0
SIKRIYE;30;1.04.1967;0;30
SEYRANE;30;1.01.1963;5;25
RAISA;30;22.06.1971;0;30
NARO;30;18.05.1963;1;29
SERO;30;26.03.1948;10;20
GAZZI;30;17.07.1946;0;30
CEZO;30;21.12.1941;28;2
KESKO;30;19.03.1953;7;23
AYDAR;30;27.07.1965;25;5
SULAHATTIN;30;6.06.1962;30;0
ABTULKADIR;30;14.06.1963;30;0
AVIZE;30;5.07.1963;0;30
RUVAYDA;30;7.04.1970;0;30
HASIL;30;6.11.1974;30;0
BEFRI;30;22.01.1955;0;30
SERMED;30;20.10.1968;30;0
VECETTIN;30;26.05.1974;30;0
HAMIM;30;3.08.1969;27;3
VERDIYE;30;27.01.1972;0;30
HARIP;30;29.06.1962;1;29
ABDULMUTI;30;1.11.1970;30;0
ORDAM;30;28.01.1974;0;30
HIKMETTULLAH;30;22.11.1970;30;0
MELIME;30;22.01.1974;0;30
ABDULVASI;30;22.06.1968;30;0
M.NEZIR;30;27.08.1953;30;0
RIZGO;30;10.05.1944;30;0
LUCIA;30;16.09.1968;0;30
METHAT;30;9.12.1958;30;0
HELENA;30;14.07.1980;0;30
TAKIBE;30;28.01.1964;0;30
CAHVER;30;24.01.1970;30;0
MIRE;30;15.03.1953;20;10
SEHIZE;30;14.11.1958;0;30
DILMAN;30;17.02.1977;6;24
HAKKIYE;30;23.04.1961;0;30
HURICAN;30;24.07.1970;0;30
MAHSUMA;30;1.02.1974;0;30
HARFIYE;30;6.11.1956;0;30
GULUYE;30;5.02.1955;0;30
GINA;30;27.03.1971;0;30
NASILE;30;18.05.1967;0;30
NEZER;30;5.04.1970;27;3
MERDIHAN;30;23.06.1977;0;30
GURGAN;30;11.03.1959;18;12
NAVRUZIYE;30;9.09.1957;0;30
MUZEYDE;30;10.08.1960;0;30
USULET;30;13.01.1960;0;30
SIK;30;16.10.1966;29;1
MUCELLIT;30;20.01.1957;30;0
GULSUYE;30;5.09.1961;0;30
NURSELIM;30;24.03.1972;11;19
GULAZE;30;15.09.1965;0;30
KUTTI;30;29.03.1944;0;30
IMAME;30;21.10.1960;0;30
VADIYE;30;26.02.1963;0;30
SIRDAS;30;13.07.1984;29;1
MUZEYIR;30;2.04.1968;22;8
GUDURET;30;25.11.1968;12;18
ILHANI;30;10.06.1971;28;2
SANUR;30;11.05.1967;1;29
SEHERE;30;1.03.1947;0;30
GULBENDE;30;20.04.1965;0;30
GULDUMAN;30;20.01.1972;0;30
AFKAN;30;9.01.1977;30;0
ASGIN;30;15.11.1970;24;6
GURNUR;30;14.01.1965;2;28
EMANULLAH;30;23.08.1972;30;0
EVSIN;30;10.02.1977;9;21
ZULVIYE;30;5.06.1959;0;30
CINAN;30;26.10.1959;7;23
SINAM;30;19.06.1963;1;29
EMRU;30;23.02.1981;9;21
MEFTURE;30;26.12.1953;0;30
OLGAN;30;9.05.1977;25;5
MINEHATUN;30;16.04.1968;0;30
ZENNURI;30;9.07.1955;6;24
NESEVER;30;30.09.1958;0;30
NEYYIR;30;9.03.1956;13;17
TEMAY;30;26.05.1970;6;24
BEKIYE;30;22.03.1953;0;30
KADIRALI;30;4.01.1962;30;0
NUKRIYE;30;19.03.1961;0;30
BENGUHAN;30;13.06.1982;0;30
SAINAZ;30;20.07.1967;0;30
GULEYLA;30;3.01.1967;0;30
DINARA;30;15.03.1977;0;30
SEYIMA;30;5.02.1981;0;30
OKSAL;30;19.08.1970;29;1
ABDULRESIT;30;13.11.1962;30;0
MULEYKE;30;26.03.1987;0;30
NARMIYE;30;30.08.1961;0;30
RABILE;30;18.05.1956;0;30
OLUS;30;24.09.1983;22;8
ERDIS;30;16.12.1971;27;3
FERADIYE;30;17.09.1961;0;30
SEVIMCAN;30;27.07.1965;0;30
MEKINE;30;28.12.1970;0;30
PELIZE;30;6.09.1964;0;30
CEVDETTIN;30;17.11.1955;30;0
ERTAL;30;10.07.1969;29;1
ERGIL;30;14.04.1971;16;14
GIROL;30;18.08.1972;29;1
SEVCEN;30;11.06.1978;0;30
BURHANIYE;30;25.12.1961;1;29
YILCAN;30;6.12.1975;16;14
ILKSEL;30;20.10.1970;3;27
ESBE;30;25.11.1952;0;30
ZARINA;30;26.07.1983;0;30
PEYDA;30;23.09.1983;2;28
ENFIYE;30;10.11.1960;0;30
MUZAHIR;30;29.09.1962;28;2
CEHTI;30;8.05.1958;30;0
SATHI;30;16.08.1953;0;30
NURUFE;30;8.11.1964;0;30
AGUL;30;21.08.1968;3;27
MESGUL;30;6.12.1968;2;28
SELNAZ;30;19.05.1974;0;30
MUKREMIL;30;11.05.1965;30;0
CEFER;30;17.07.1960;28;2
SELIZ;30;26.01.1982;1;29
BOLUKBASI;30;14.02.1964;30;0
LEMIS;30;5.05.1969;0;30
FILYA;30;6.12.1967;0;30
NURUVET;30;8.09.1971;0;30
KUBARE;30;12.08.1958;0;30
SEBIR;30;8.04.1968;3;27
SEYHALI;30;30.11.1963;30;0
ELYESA;30;28.12.1978;29;1
MUESSE;30;8.04.1962;0;30
BEKIRCAN;30;28.01.1984;30;0
MIRKELAM;30;5.10.1981;29;1
REVZA;30;11.01.1973;1;29
MUBEYEN;30;23.02.1960;0;30
BEYZAR;30;19.08.1956;0;30
MAYLA;30;5.05.1959;0;30
MEVLUTHAN;30;12.02.1952;10;20
SERBIN;30;9.04.1961;1;29
SELLI;30;6.01.1965;1;29
FERUZET;30;21.02.1950;0;30
BEHRULLAH;30;3.11.1974;30;0
KORPE;30;21.08.1955;1;29
BERGUZER;30;12.01.1954;0;30
BUHARA;30;19.01.1984;5;25
HURIMELEK;30;20.08.1967;0;30
ERCAG;30;25.04.1986;30;0
GUNDEGUL;30;15.05.1956;0;30
AMANET;30;24.07.1964;5;25
HAYCAN;30;9.07.1950;2;28
PULI;30;4.10.1950;0;30
VECIHAN;30;13.04.1965;0;30
BILGAN;30;11.08.1959;6;24
ORGE;30;6.11.1980;3;27
MIRZAMEHMET;30;2.09.1966;30;0
IZZETHAN;30;11.01.1970;30;0
BINEVFS;30;4.12.1970;0;30
MUSVET;30;8.08.1963;6;24
HEMRI;30;4.05.1955;0;30
NEMUS;30;26.10.1968;0;30
NENO;30;10.11.1950;0;30
OZTUNC;30;2.10.1971;30;0
MIRSEVDI;30;3.03.1959;30;0
MUAZEM;30;12.12.1973;1;29
HAKKARI;30;23.11.1972;30;0
KADAFI;30;18.10.1984;30;0
VEYIZ;30;19.06.1963;30;0
TEMIRHAN;30;28.10.1970;29;1
HINNAR;30;30.09.1961;0;30
CESMINUR;30;12.04.1964;0;30
MISKI;30;2.04.1965;1;29
ZERDISAH;30;4.07.1956;0;30
DESEN;30;9.10.1983;2;28
MELEKSER;30;2.12.1963;0;30
HEDIYYE;30;15.04.1959;0;30
MUDEHHER;30;14.06.1959;10;20
GULFUZAR;30;20.12.1961;0;30
SEDIRIYE;30;17.02.1962;0;30
SEVDINAR;30;9.05.1971;0;30
TENIGUL;30;13.06.1950;0;30
MUCEDDIN;30;14.04.1958;30;0
FERDAH;30;11.11.1969;11;19
ILAHI;30;29.2.1977;17;13
DILNUR;30;17.07.1973;0;30
BIRKAY;30;7.01.1981;14;16
BEYHAT;30;25.05.1963;26;4
AGBILEK;30;19.12.1960;0;30
FERESET;30;24.08.1966;5;25
RENDIHAN;30;5.07.1966;0;30
FERZALI;30;6.06.1950;30;0
DINAYET;30;4.08.1973;7;23
GOLIZAR;30;5.07.1955;0;30
ERTUNA;30;22.04.1978;29;1
ELADDIN;30;6.11.1954;30;0
EDNAIL;30;24.09.1962;30;0
SAHSEDDIN;30;17.06.1959;30;0
CICI;30;21.05.1953;1;29
KUREYIS;30;10.03.1955;30;0
MUSTUL;30;23.12.1962;30;0
IBILI;30;10.11.1954;30;0
SEHRALI;30;19.11.1951;30;0
MERSINE;30;5.10.1960;0;30
MENNURE;30;17.03.1962;0;30
HEDIS;30;21.10.1956;19;11
YAFEZ;30;22.01.1971;30;0
ZAHI;30;23.12.1962;23;7
KANDEFER;30;30.09.1958;0;30
SENIYYE;30;14.08.1959;0;30
TABIDE;30;18.09.1963;0;30
DUGAN;30;19.12.1952;29;1
NELIN;30;30.04.1982;0;30
BESINE;30;25.11.1969;0;30
CELEM;30;6.10.1961;30;0
ERIKA;30;5.06.1953;0;30
MUHITIN;30;25.11.1970;30;0
IRKIYE;30;5.11.1960;0;30
MUZIDE;30;7.05.1959;0;30
FESUL;30;25.02.1964;0;30
PURLEN;30;29.01.1975;0;30
MERYANE;30;16.08.1949;0;30
NAZLIPASA;30;25.07.1951;0;30
ULUN;30;21.10.1956;1;29
SEHMAL;30;20.01.1966;0;30
PERNUR;30;12.04.1970;1;29
HUMEYDI;30;20.01.1957;30;0
SEHMEHMET;30;21.08.1964;30;0
IULIANA;30;16.11.1975;0;30
RUTH;30;13.05.1958;0;30
SENADIYE;30;27.07.1975;0;30
LINET;30;2.07.1966;0;30
MEVLUDUYE;29;26.01.1962;0;29
KIRAMETTIN;29;20.05.1968;29;0
DINIYE;29;19.09.1953;0;29
SERIYA;29;23.05.1971;0;29
GULSEYRAN;29;22.01.1961;0;29
SIDIYE;29;11.03.1963;0;29
EVREM;29;15.04.1980;8;21
MUCEHER;29;7.05.1964;0;29
NAKILE;29;7.08.1952;0;29
GULSENI;29;12.02.1964;3;26
MUSFIKE;29;7.02.1961;0;29
VELIYETTIN;29;2.12.1963;29;0
SONNAZ;29;18.09.1969;0;29
VENHER;29;29.03.1971;2;27
ABA;29;24.12.1964;25;4
H.BAYRAM;29;21.01.1955;29;0
SEYDAGUL;29;21.07.1979;0;29
MUTAHHARE;29;10.12.1954;0;29
ASMAN;29;21.01.1955;2;27
ZIVA;29;3.12.1968;0;29
GULTEZE;29;15.12.1962;0;29
BERSUN;29;7.10.1973;1;28
SIYASI;29;20.04.1960;23;6
BERKMAN;29;26.05.1977;28;1
CAMELIA;29;13.10.1971;0;29
SARHAN;29;13.01.1964;28;1
MAMOS;29;18.06.1956;24;5
KAFARI;29;3.05.1967;28;1
SUPIYE;29;9.06.1957;0;29
ELIHAN;29;2.02.1969;1;28
IZLIFET;29;20.01.1974;0;29
CELALDIN;29;4.08.1965;29;0
NECAYI;29;10.07.1966;28;1
AVAZ;29;28.02.1966;22;7
SARIZE;29;30.11.1969;0;29
HAREMSI;29;19.03.1968;0;29
CEMIA;29;7.07.1976;0;29
TEBRIYE;29;12.04.1963;0;29
GEZO;29;26.09.1951;1;28
DAHILE;29;20.07.1961;0;29
SUMEYLA;29;16.02.1984;0;29
RAHILA;29;19.11.1965;0;29
HURIYYET;29;11.06.1973;1;28
REDA;29;28.05.1972;5;24
SEYFULMULUK;29;19.02.1965;29;0
CIYA;29;7.02.1985;23;6
SELHADIN;29;21.12.1972;29;0
ABDULHELIM;29;5.02.1968;29;0
BAZIGA;29;5.11.1963;0;29
HISIN;29;16.04.1960;8;21
CAMALETTIN;29;7.02.1966;29;0
MEHMETLATIF;29;13.02.1973;29;0
AZRAIL;29;21.01.1979;29;0
GAZALA;29;26.09.1964;0;29
VACIBE;29;4.07.1962;0;29
CASUR;29;6.04.1971;29;0
VERDIHAN;29;6.06.1975;0;29
ZUBEYRA;29;30.09.1971;1;28
FIKAN;29;25.12.1966;0;29
AYFE;29;17.07.1963;0;29
NEVZAD;29;1.10.1959;28;1
M.CEMIL;29;3.02.1947;29;0
FEYZAL;29;7.02.1974;3;26
LIMET;29;4.11.1956;0;29
AYSENE;29;14.05.1961;0;29
MUTASIM;29;5.10.1968;27;2
BEDRIYA;29;17.09.1969;0;29
BINEVSE;29;6.02.1962;0;29
IDEM;29;16.03.1976;4;25
ABDUNNUR;29;15.03.1969;29;0
NESMI;29;5.02.1962;19;10
TIRHI;29;30.06.1965;29;0
MARIO;29;20.10.1964;28;1
MASAALLAH;29;16.11.1972;10;19
NIBEL;29;8.12.1979;0;29
GULDAG;29;24.12.1977;0;29
BEHAT;29;7.10.1955;28;1
MEYNUR;29;30.09.1970;1;28
HESINE;29;22.03.1960;0;29
TOPEL;29;19.01.1969;28;1
NAVIDE;29;9.01.1958;0;29
BADISABAH;29;6.07.1962;0;29
GULASEM;29;20.06.1963;0;29
SEMSET;29;18.07.1955;23;6
SEKUR;29;11.12.1957;22;7
SEBIYLE;29;20.02.1966;0;29
TESLIMA;29;17.07.1971;0;29
PERUZAN;29;10.11.1951;0;29
GULDERE;29;25.04.1968;0;29
SINAL;29;9.12.1972;15;14
MAGFURE;29;4.03.1953;0;29
BELKUZAR;29;11.01.1954;0;29
HUCESTE;29;6.07.1953;0;29
HACIMUSTAFA;29;7.11.1963;29;0
HATMA;29;7.04.1954;0;29
NAYAT;29;3.09.1981;3;26
SEBAYITTIN;29;14.11.1960;29;0
MUBEYRA;29;27.11.1977;0;29
SEVINCE;29;24.05.1968;0;29
HIDAYI;29;3.05.1967;24;5
NETRET;29;12.01.1958;6;23
NEFIL;29;13.10.1966;24;5
NECDED;29;20.04.1964;29;0
BULBIN;29;11.05.1958;0;29
EKSAN;29;7.10.1964;26;3
RICAYI;29;28.03.1961;29;0
KUTMAN;29;27.06.1973;28;1
GUCER;29;7.11.1967;23;6
NURIFER;29;17.08.1953;0;29
TOREN;29;11.05.1957;12;17
HULKU;29;23.05.1959;23;6
TERANE;29;6.10.1971;0;29
URKER;29;18.12.1950;1;28
REMZIE;29;20.10.1970;0;29
EMSARE;29;28.01.1958;0;29
NAGIYE;29;29.07.1973;0;29
OZGURHAN;29;25.01.1983;29;0
MUDERIS;29;28.03.1963;29;0
ALIMDAR;29;20.09.1962;29;0
MAINUR;29;16.02.1948;0;29
AKSAN;29;27.05.1961;12;17
MEVKIYE;29;13.01.1959;0;29
PIRIBEY;29;28.05.1960;29;0
ALINACI;29;1.06.1959;29;0
SADAGAT;29;8.05.1966;0;29
DINNUR;29;29.04.1971;6;23
SIYARE;29;19.02.1958;0;29
HIFSULLAH;29;19.02.1972;29;0
PERAY;29;16.02.1973;0;29
NURISAN;29;5.02.1959;2;27
NURPASA;29;18.05.1958;10;19
GUNUR;29;2.01.1969;4;25
KORMAN;29;18.12.1963;28;1
NAMIKAR;29;10.11.1955;0;29
IRABE;29;21.03.1954;0;29
MUSAMMA;29;14.01.1971;0;29
EYUBE;29;9.11.1965;0;29
REFAIL;29;26.08.1954;29;0
ABDULVAHAT;29;3.11.1975;29;0
BILSIN;29;18.10.1960;1;28
FEVZA;29;12.03.1977;0;29
NAKIZE;29;10.03.1957;0;29
GULSAHAN;29;22.06.1961;0;29
MUSEYNE;29;28.11.1966;0;29
FERSET;29;22.02.1972;28;1
NARTEN;29;21.02.1962;0;29
PIRNAZ;29;27.04.1960;0;29
SEYD;29;5.05.1961;29;0
SAGRA;29;20.01.1979;0;29
BAHIT;29;19.01.1965;11;18
RUSLAN;29;16.06.1983;29;0
SONSEL;29;4.06.1974;2;27
AYNISAH;29;26.09.1957;0;29
NEMIYE;29;10.03.1957;0;29
AKBULUT;29;23.12.1965;28;1
EMSALIYE;29;12.06.1967;0;29
RUHUSEN;29;2.02.1959;6;23
LEFTER;29;2.08.1966;29;0
GULFERIDE;29;8.11.1960;0;29
ILKSAN;29;10.09.1976;15;14
TURCAHAN;29;17.10.1964;1;28
HAYIR;29;6.03.1962;21;8
MENDIHA;29;14.06.1968;0;29
SENIME;29;16.07.1959;0;29
TOPER;29;11.11.1968;27;2
MUHEDDET;29;22.08.1956;0;29
MUAZZER;29;8.04.1968;3;26
CILLER;29;15.04.1987;0;29
NURALE;29;11.07.1969;0;29
MUSLIHA;29;16.01.1957;0;29
NARIDE;29;9.03.1975;0;29
AYDUR;29;17.04.1967;10;19
UMUDIYE;29;4.02.1967;0;29
HUMAY;29;11.04.1974;0;29
ILCIN;29;29.10.1973;7;22
KURES;29;12.12.1961;29;0
MUSAYI;29;11.11.1962;29;0
IMIN;29;3.04.1964;18;11
GULEZAR;29;12.04.1963;0;29
GULENDAME;29;19.03.1960;0;29
IRAHAN;29;15.05.1961;0;29
BELHAN;29;11.07.1961;1;28
YURTEN;29;1.07.1962;0;29
TABIB;29;13.02.1970;29;0
AYTIMUR;29;5.01.1972;29;0
FERAHATTIN;29;24.03.1956;27;2
MUKADDEZ;29;1.05.1968;0;29
GULURUF;29;29.08.1962;0;29
UMUDE;29;26.10.1963;0;29
GULKIRAZ;29;19.08.1965;0;29
GULSEDE;29;9.07.1962;0;29
MIHRIGUL;29;20.10.1969;0;29
AMANULLAH;29;6.02.1968;29;0
DEMETGUL;29;11.12.1973;0;29
NEYZEN;29;8.06.1972;19;10
KAMERRUH;29;11.12.1958;0;29
MUNISER;29;17.11.1961;0;29
AYCAG;29;10.02.1976;2;27
REFHAN;29;7.12.1963;3;26
GURALP;29;26.06.1977;29;0
MEYET;29;20.11.1970;1;28
MEMLI;29;4.07.1953;29;0
ONSAL;29;26.08.1975;26;3
SEVILI;29;21.07.1959;0;29
HAYZARAN;29;1.02.1960;0;29
ZIBAR;29;14.11.1961;0;29
SIYAAHMET;29;27.04.1970;29;0
SAHCAN;29;24.09.1975;3;26
NECMETIN;29;28.11.1970;29;0
CUMAGUL;29;8.06.1971;1;28
SARBAN;29;6.07.1960;0;29
BELCIN;29;7.01.1982;7;22
HUBRE;29;18.09.1956;0;29
MAMER;29;7.05.1964;12;17
EYAZ;29;10.11.1967;29;0
ACIL;29;30.07.1972;24;5
NAZEMIN;29;1.11.1965;0;29
SARET;29;26.12.1962;1;28
RUFEYDE;29;21.02.1980;0;29
NUHMEHMET;29;27.10.1956;29;0
IMADEDDIN;29;23.02.1963;29;0
GULFERA;29;12.01.1962;0;29
BAFIDE;29;7.05.1956;0;29
AKTAS;29;24.06.1949;28;1
SEVIYA;29;3.12.1971;0;29
HAYRUNUSA;29;29.09.1963;0;29
ZULUFER;29;24.05.1972;1;28
UYKURA;29;22.07.1960;0;29
HAPILI;29;30.06.1959;0;29
SAFORE;29;16.03.1954;0;29
ABBASALI;29;2.09.1954;29;0
HAYRIS;29;26.01.1952;13;16
GULHUZAR;29;5.04.1959;0;29
BERFINAZ;29;3.05.1975;0;29
KEBRIYE;29;7.01.1962;0;29
ARSEV;29;23.04.1967;9;20
ALDEMIR;29;13.04.1954;27;2
SINIYE;29;5.10.1962;0;29
NURUFET;29;5.01.1969;0;29
NIMOS;29;11.07.1959;0;29
MAFIZ;29;16.05.1963;24;5
FETINE;29;27.01.1957;0;29
GULFIDAR;29;12.08.1959;0;29
CEMIYE;29;4.09.1965;0;29
BILIM;29;4.06.1975;14;15
ZUBET;29;13.09.1958;27;2
MAHISER;29;21.01.1944;0;29
TELLIHAN;29;24.12.1969;0;29
NAZIMIYE;29;17.05.1960;0;29
HESE;29;6.02.1965;29;0
BURAKCAN;29;30.2.1990;29;0
SUKRANIYE;29;12.08.1956;0;29
HARZEM;29;21.01.1969;14;15
BEYAZID;29;28.12.1978;29;0
FERAYIM;29;10.08.1965;27;2
FESLIHAN;29;26.08.1963;0;29
PURYAN;29;11.03.1960;0;29
SARABANI;29;30.07.1958;0;29
SELMAY;29;1.04.1971;0;29
FETLI;29;20.03.1975;29;0
NEKIFE;29;3.02.1962;0;29
NEVEDA;29;23.05.1959;0;29
MEYLA;29;6.07.1968;0;29
NEVSET;29;27.10.1960;13;16
OVEYS;29;1.09.1958;2;27
HAVADE;29;19.10.1962;0;29
AYSUDE;29;23.07.1972;0;29
KLER;29;18.09.1953;0;29
SEMENTA;29;9.07.1978;0;29
HAYTA;29;6.05.1954;28;1
SULIN;29;19.09.1965;0;29
FEDIS;29;24.09.1954;0;29
BERITAN;29;5.11.1982;12;17
MEDNE;29;20.07.1962;0;29
NAZIKAN;29;19.02.1956;0;29
HUDANUR;29;20.06.1982;0;29
SERARE;29;2.01.1963;1;28
GULSERAN;28;23.10.1970;0;28
SADIM;28;27.11.1960;27;1
FEZANUR;28;10.07.1975;0;28
TIMURLENK;28;10.05.1966;28;0
MEDA;28;22.03.1964;0;28
BERKI;28;17.11.1970;27;1
VEDII;28;22.01.1960;28;0
CADIYE;28;18.03.1958;0;28
ABDULNUR;28;15.09.1969;28;0
FATIMETUZ;28;23.07.1970;0;28
VEDIHE;28;23.07.1958;0;28
SULYA;28;21.10.1970;0;28
VEDHAN;28;9.01.1960;0;28
DALGA;28;19.05.1974;6;22
BERMA;28;24.08.1976;0;28
ZULEYLA;28;12.09.1975;0;28
FAYKA;28;6.03.1961;0;28
ALGUN;28;24.03.1966;9;19
MENI;28;28.12.1947;1;27
HANBEGI;28;22.07.1950;1;27
NURKET;28;17.11.1969;2;26
GOLGE;28;4.05.1978;1;27
SEBIYHA;28;7.05.1966;0;28
FEVKI;28;10.10.1956;28;0
SETDAR;28;6.12.1968;26;2
DILFUROZ;28;8.12.1973;0;28
SEGRA;28;28.10.1964;0;28
HAFSAD;28;30.06.1957;0;28
AKUP;28;12.11.1950;28;0
MUBER;28;26.11.1948;0;28
ASKIYE;28;11.11.1963;0;28
MISKIN;28;19.07.1976;13;15
DILNEVAS;28;4.05.1966;0;28
CEMO;28;15.06.1960;10;18
SIDAN;28;21.12.1978;8;20
SAHITAP;28;6.06.1980;0;28
DODO;28;19.04.1963;20;8
MUHO;28;26.10.1942;28;0
VALIYE;28;3.02.1966;0;28
HASRETTIN;28;24.10.1967;28;0
NURHUDA;28;5.01.1977;3;25
AMIDE;28;5.04.1964;0;28
RUSTAM;28;12.03.1961;28;0
RIZGAR;28;21.08.1987;28;0
NIZAME;28;26.09.1969;0;28
NEYULE;28;10.09.1961;0;28
SELAHADIN;28;22.09.1957;28;0
VEYSETTIN;28;21.11.1966;28;0
ADE;28;30.03.1930;0;28
SECI;28;1.02.1959;26;2
SALHAN;28;8.07.1964;19;9
BIZI;28;22.06.1939;0;28
SADDETTIN;28;20.04.1969;28;0
KAVVAS;28;15.03.1960;28;0
SAHNAS;28;24.01.1975;0;28
NESEBI;28;5.07.1959;0;28
GUZELI;28;5.03.1955;0;28
YUMNI;28;20.05.1959;28;0
MUZAFFAR;28;5.04.1958;26;2
BAHAIDDIN;28;25.05.1956;28;0
OMAR;28;25.08.1959;28;0
SALIBA;28;2.10.1954;26;2
ERVAH;28;12.11.1952;3;25
SEFIYA;28;1.09.1967;0;28
MUCIRE;28;11.12.1964;0;28
SUNYA;28;10.01.1970;0;28
SUSANNE;28;2.02.1972;0;28
POLIN;28;10.08.1965;0;28
GAYIP;28;5.06.1973;27;1
OMREN;28;12.12.1968;13;15
NIMAN;28;22.06.1966;22;6
RAHMATULLAH;28;14.02.1974;28;0
ALCIN;28;7.08.1967;16;12
RAVZETE;28;20.01.1970;0;28
MEYSEL;28;4.06.1970;1;27
ZUHEL;28;14.01.1964;0;28
BEDEVIYA;28;10.11.1974;0;28
METIHE;28;17.11.1965;0;28
RAVIDE;28;28.02.1959;0;28
NEVRISE;28;28.07.1965;0;28
ILLEZ;28;8.02.1960;28;0
GULDE;28;27.10.1974;1;27
NECLIYE;28;15.05.1961;0;28
FERZULLAH;28;3.10.1972;28;0
NERRIN;28;11.06.1964;1;27
NEVAZIYE;28;9.11.1964;0;28
ZUBEYHA;28;16.07.1966;0;28
EHTIBAR;28;3.07.1963;0;28
URZIYE;28;20.06.1960;0;28
IGDIYE;28;24.01.1966;0;28
MOHIBE;28;10.08.1954;0;28
DURSUYE;28;19.01.1966;0;28
MENURE;28;25.04.1971;0;28
MUTAHAR;28;12.03.1954;18;10
HILIME;28;23.08.1955;0;28
NAZBIYE;28;6.05.1953;0;28
SEZAIL;28;2.08.1967;28;0
NAZA;28;9.05.1946;0;28
KERIBAN;28;13.05.1971;0;28
COBAN;28;18.01.1965;28;0
EMRUL;28;22.08.1969;23;5
SEFATTIN;28;18.09.1960;28;0
NATELA;28;3.05.1960;0;28
HASIFE;28;17.03.1957;0;28
SEBAI;28;24.01.1967;21;7
NEVSAN;28;26.03.1967;1;27
RUFIDE;28;24.05.1954;0;28
POTAK;28;4.11.1958;0;28
MEMDUNE;28;21.09.1951;0;28
IKRAN;28;29.11.1966;19;9
GOKSELIN;28;19.10.1981;9;19
SEVUM;28;2.10.1965;0;28
TUGBAG;28;3.01.1975;0;28
YENI;28;19.01.1966;6;22
RUFAN;28;28.06.1967;20;8
UMMUHANE;28;4.11.1949;0;28
BILGUTAY;28;24.03.1970;26;2
SOMAY;28;9.07.1974;5;23
ZIKRAN;28;13.01.1977;2;26
SERMINE;28;12.06.1964;0;28
ZENFIRA;28;2.11.1961;0;28
SEMINA;28;26.09.1980;0;28
HUREYLA;28;6.03.1972;0;28
SEMURAN;28;29.09.1964;0;28
YAKIN;28;27.12.1974;23;5
ONCER;28;11.12.1968;24;4
BAHTISER;28;11.06.1965;0;28
NESLIM;28;2.04.1980;5;23
MAKULE;28;7.12.1963;0;28
FATIHAN;28;8.01.1958;5;23
SONAR;28;2.04.1974;17;11
DILBAZ;28;17.02.1956;2;26
MILAT;28;16.01.1966;19;9
MENGUC;28;20.09.1963;28;0
BESTEGUL;28;29.04.1982;0;28
ANJELA;28;7.10.1969;0;28
GONER;28;20.11.1951;5;23
MIASE;28;12.09.1956;0;28
CALIYE;28;27.09.1955;0;28
GULFADIK;28;16.07.1960;0;28
NURCICEK;28;6.01.1974;0;28
MAHIZE;28;12.03.1960;0;28
BESET;28;4.10.1964;28;0
ISMETIYE;28;17.07.1951;0;28
KORGUN;28;30.10.1977;28;0
KETEN;28;26.04.1952;0;28
MEVEDDET;28;21.12.1945;0;28
KAYS;28;3.01.1972;28;0
SAYENDE;28;11.08.1956;0;28
RIZANUR;28;8.06.1963;28;0
ARSAN;28;10.05.1960;27;1
GULUVER;28;17.11.1968;0;28
KINAYET;28;21.06.1976;0;28
CANTAS;28;9.04.1973;25;3
TACINUR;28;28.01.1970;0;28
ENDA;28;29.01.1982;0;28
GUSSU;28;6.09.1959;0;28
BURAY;28;18.01.1978;18;10
BALER;28;3.03.1969;27;1
NUHAL;28;21.09.1973;8;20
MAZIZ;28;16.02.1957;2;26
USUK;28;23.03.1948;28;0
EKABIR;28;26.03.1963;4;24
HATMI;28;21.03.1963;4;24
BURHANI;28;23.02.1969;28;0
AYNZELHA;28;18.02.1974;0;28
ASET;28;8.07.1955;25;3
SEHRIBANU;28;11.09.1969;0;28
CURI;28;10.06.1959;2;26
GUNNIHAL;28;24.11.1963;1;27
GUMRAN;28;9.07.1964;4;24
EMBER;28;30.10.1966;10;18
SURAYI;28;6.12.1966;10;18
MECNUR;28;27.02.1983;21;7
NURBEYAZ;28;8.08.1969;0;28
ILPER;28;20.02.1978;2;26
KARIYE;28;28.11.1960;0;28
TUTI;28;30.09.1941;0;28
MUSTEKIME;28;23.04.1951;0;28
LIFER;28;13.04.1966;0;28
ADISE;28;15.07.1956;0;28
GULHAR;28;22.04.1958;0;28
BERCAN;28;28.04.1983;16;12
MERTGUN;28;16.02.1976;28;0
NEZLIHA;28;28.12.1959;0;28
MIDRAP;28;22.01.1964;28;0
BAZIN;28;9.05.1963;0;28
AYDIYE;28;12.04.1964;0;28
SIMHEZAR;28;8.02.1970;0;28
BARETTIN;28;21.10.1968;28;0
TACIHAN;28;11.10.1976;4;24
FASILE;28;24.01.1961;0;28
BERGUL;28;12.08.1973;0;28
ZAHAR;28;26.11.1903;25;3
FAYIM;28;27.10.1974;26;2
ELYAZ;28;15.10.1966;28;0
RUKMAN;28;14.10.1948;0;28
MERDEN;28;6.08.1968;25;3
LINUFER;28;11.04.1956;0;28
ABDILMUTTALIP;28;4.01.1970;28;0
SEDE;28;19.11.1960;0;28
SONGUZEL;28;13.02.1974;0;28
NEZEN;28;10.09.1964;0;28
OZGURAY;28;20.12.1979;13;15
GULBAHRI;28;29.12.1961;2;26
FIDANSER;28;5.07.1966;0;28
KELIM;28;13.04.1959;4;24
NARIBAN;28;11.08.1965;0;28
GULNIMET;28;10.01.1965;0;28
MUZBET;28;12.08.1969;0;28
MUSIBET;28;20.02.1978;1;27
TUNAR;28;8.06.1978;24;4
DIYARI;28;28.04.1974;1;27
LALESER;28;5.11.1968;0;28
MAHILE;28;13.06.1966;0;28
VETANUR;28;2.04.1967;1;27
GULBINAZ;28;20.02.1965;0;28
GULUNAR;28;7.12.1961;0;28
TAYANC;28;8.03.1976;28;0
ZIRAV;28;27.11.1962;0;28
SAFIRA;28;29.04.1963;0;28
KOSUN;28;12.02.1956;28;0
GULYAGDI;28;5.09.1952;0;28
KALE;28;23.07.1960;22;6
ZUHUDE;28;29.12.1960;0;28
GUZEDE;28;7.06.1962;0;28
ANKA;28;23.06.1957;3;25
LARYSA;28;4.07.1971;0;28
FATMEGUL;28;8.03.1957;0;28
EVDENUR;28;22.09.1972;0;28
SEMAVER;28;4.10.1966;0;28
TURFANDA;28;28.09.1949;0;28
ZULEL;28;7.12.1968;1;27
KAYTANCI;28;21.06.1952;28;0
GOLHAN;28;26.06.1972;11;17
BENIN;28;26.01.1973;2;26
KIYMA;28;1.09.1952;20;8
ARABEY;28;13.08.1954;0;28
MAHPULE;28;3.02.1963;0;28
EUGENIA;28;17.06.1973;0;28
ERGULEN;28;29.10.1966;9;19
NOFER;28;29.02.1968;26;2
DENGIR;28;29.01.1979;28;0
HAMPARSUN;28;20.12.1951;28;0
MEGI;28;13.06.1975;0;28
BEYIM;28;3.11.1956;1;27
GULOZ;28;14.08.1952;0;28
SIPAHI;28;27.01.1958;27;1
GANNA;28;17.02.1975;0;28
ALTINDAL;28;13.05.1949;0;28
NIBER;27;3.03.1970;0;27
LEYLANUR;27;13.12.1977;0;27
ATIBE;27;18.09.1964;1;26
HAMPUL;27;26.12.1958;0;27
SATIR;27;8.04.1955;26;1
SEREFE;27;11.03.1967;0;27
ILBILGE;27;18.04.1974;0;27
SUKUTI;27;4.12.1953;27;0
NEVHIZ;27;7.04.1954;1;26
ABDULGALIP;27;7.05.1967;27;0
CEHAT;27;1.10.1959;26;1
TUMUCIN;27;23.09.1978;27;0
DAMLAGUL;27;21.01.1984;0;27
MURSIN;27;11.10.1960;22;5
MISLICIHAN;27;7.10.1956;0;27
IKRIME;27;6.03.1973;2;25
GULYE;27;3.10.1970;0;27
GULBENT;27;29.05.1966;1;26
ABDULFARUK;27;18.09.1963;27;0
FEHMEDDIN;27;20.04.1962;27;0
SUMMEYYE;27;4.12.1988;0;27
SITKIYA;27;21.07.1959;0;27
DIJAN;27;27.02.1983;0;27
MUSGUL;27;6.02.1965;5;22
MIZRABI;27;1.01.1971;27;0
MESE;27;18.02.1968;0;27
NEBAHA;27;21.04.1964;0;27
GULACAN;27;6.01.1968;0;27
KULTIGIN;27;16.05.1977;27;0
KEVHER;27;29.09.1946;1;26
ZILIHA;27;4.05.1963;0;27
TELIYE;27;9.02.1972;0;27
AZADI;27;25.12.1980;23;4
M.HALIT;27;7.04.1954;27;0
HUSNUSAH;27;6.07.1954;0;27
AMO;27;16.03.1938;27;0
HURME;27;18.11.1950;0;27
RIFHA;27;12.04.1969;0;27
SEHRIZADE;27;30.07.1969;0;27
HISA;27;17.08.1965;6;21
MESIKA;27;29.08.1961;0;27
HUMUT;27;24.01.1962;27;0
MIRZADE;27;27.08.1965;6;21
AHMI;27;2.04.1955;27;0
SITAM;27;13.03.1962;25;2
SEYYAH;27;4.06.1967;20;7
LAYLA;27;21.10.1977;0;27
SAVAL;27;4.12.1962;2;25
HELI;27;5.12.1946;0;27
MIRICAN;27;27.01.1964;8;19
BERAKAT;27;24.06.1969;27;0
LAYIK;27;14.02.1973;23;4
SEVINCAN;27;22.01.1964;0;27
ABDULMUTTALIB;27;12.01.1978;27;0
NARTANE;27;17.07.1962;0;27
YEDIGAR;27;17.05.1971;6;21
NUBAHAR;27;11.03.1985;0;27
SERE;27;22.08.1961;0;27
PETRA;27;13.07.1970;2;25
FEREDUN;27;14.11.1973;27;0
NAHMET;27;26.04.1979;26;1
MARGARET;27;27.07.1953;0;27
MELANIE;27;21.12.1979;0;27
ANTUVAN;27;20.09.1957;27;0
ERDAS;27;3.04.1965;27;0
GUSEN;27;8.02.1969;0;27
NESLIHAT;27;19.10.1972;0;27
ZINNAR;27;17.02.1975;26;1
DILAR;27;1.07.1972;3;24
SAVKIYE;27;3.08.1956;0;27
SILVIYA;27;25.06.1964;0;27
GIZAL;27;22.08.1965;1;26
RAYIHA;27;26.03.1959;0;27
MOHAMED;27;23.02.1976;27;0
SALHE;27;29.06.1958;0;27
RENATE;27;19.02.1954;0;27
MARIAM;27;5.03.1966;0;27
MIRVAN;27;18.07.1969;19;8
IFAYET;27;14.06.1966;0;27
CAVIYE;27;16.08.1966;0;27
DAHI;27;16.07.1970;27;0
MEVSIME;27;29.08.1966;0;27
NUNA;27;25.01.1954;0;27
YUMAK;27;19.09.1957;0;27
FEDDAH;27;6.10.1964;27;0
ANAGIZ;27;27.07.1959;0;27
NURSIT;27;21.05.1967;22;5
MUKADDESE;27;5.07.1951;0;27
SEFARET;27;11.01.1970;5;22
FEYHA;27;3.08.1965;0;27
ERZIN;27;22.11.1961;12;15
UMYAN;27;5.01.1958;0;27
FITNAZ;27;18.04.1960;0;27
IMAMI;27;10.08.1960;11;16
ISAH;27;14.07.1974;27;0
ERYIGIT;27;13.11.1973;27;0
NACIFER;27;23.05.1964;0;27
SELADIN;27;4.08.1967;25;2
SULMAN;27;1.06.1947;27;0
ULFUYE;27;19.10.1966;0;27
NURIFET;27;27.02.1969;0;27
SAHLE;27;19.12.1960;3;24
NURAHMET;27;1.11.1963;27;0
TULLA;27;23.11.1949;0;27
ASAR;27;25.05.1962;23;4
SERAFITTIN;27;3.02.1953;27;0
EFER;27;10.09.1965;27;0
SEHRUZE;27;21.06.1954;0;27
MAHZAR;27;1.07.1960;26;1
HABIK;27;16.10.1950;0;27
SADIL;27;1.12.1960;26;1
YETAR;27;6.08.1959;0;27
BENGUSU;27;4.01.1983;0;27
ISMUGUL;27;15.03.1959;0;27
EDAT;27;18.02.1976;24;3
OZBER;27;18.05.1971;25;2
KETAYUN;27;29.06.1959;0;27
FARITTIN;27;11.09.1954;27;0
UZEIR;27;12.12.1964;27;0
GULAHMER;27;3.02.1953;0;27
HEYATI;27;25.07.1959;24;3
LIOUDMILA;27;24.11.1972;0;27
ZENNIHAR;27;24.06.1963;0;27
CELA;27;6.05.1960;0;27
ILHANIYE;27;28.05.1963;0;27
MELIYA;27;25.03.1965;0;27
CANTUG;27;30.11.1986;26;1
KINAY;27;9.01.1970;18;9
GELINCIK;27;8.02.1973;0;27
ZULKADEM;27;14.01.1953;0;27
KAYAN;27;26.09.1963;22;5
YELKEN;27;27.02.1977;15;12
GULVERDI;27;3.10.1967;1;26
GUNSERI;27;14.07.1955;0;27
MUTIS;27;14.08.1951;26;1
URIYE;27;30.10.1958;0;27
MUHRELI;27;4.03.1953;27;0
SIDIRET;27;9.02.1958;0;27
GULPEMPE;27;27.03.1972;0;27
SAHASTE;27;17.10.1961;1;26
REHME;27;29.07.1957;0;27
IJLAN;27;5.10.1964;0;27
ASLAHAN;27;6.11.1965;1;26
SURAYA;27;10.06.1966;2;25
INTIMAS;27;6.03.1957;0;27
ORAN;27;8.04.1964;26;1
ZUVEYDE;27;22.11.1954;0;27
FEZMIYE;27;27.09.1961;0;27
ELAHATTIN;27;21.10.1961;27;0
UMMUNUR;27;8.04.1980;0;27
LAMIYA;27;28.05.1971;0;27
GAZIHAN;27;27.11.1973;21;6
ZEBUK;27;15.11.1959;0;27
TERCIHAN;27;24.04.1966;4;23
ZUBEYRE;27;1.01.1962;2;25
HURZEM;27;14.05.1966;18;9
BABIR;27;11.11.1964;26;1
ERIK;27;5.06.1958;3;24
FAZUL;27;29.10.1967;27;0
GULANDEM;27;29.08.1963;0;27
MOHRETTIN;27;16.08.1967;27;0
HAZRETI;27;24.02.1968;25;2
ILKAT;27;3.02.1968;11;16
TECER;27;20.09.1971;25;2
MIHRIZAT;27;18.11.1953;0;27
TAFIL;27;8.05.1954;27;0
DURDUYA;27;10.08.1960;0;27
TOPCA;27;8.02.1965;0;27
MAKSUD;27;9.09.1964;27;0
AFICE;27;29.09.1953;0;27
YASARNURI;27;6.01.1969;27;0
TUCCA;27;28.06.1963;0;27
SAFANUR;27;22.07.1975;3;24
NAMILE;27;24.11.1965;0;27
TEBARIK;27;21.12.1958;2;25
TURSUNE;27;30.03.1943;0;27
CIHANKAR;27;19.01.1960;26;1
AYNER;27;23.09.1970;2;25
KAIME;27;14.11.1949;0;27
FANDI;27;1.01.1961;0;27
ILAN;27;2.11.1962;15;12
HAFFE;27;29.03.1959;0;27
VALENTYNA;27;3.02.1968;0;27
MOHAMMAD;27;11.04.1972;27;0
TUMERKAN;27;22.05.1979;27;0
SONKAN;27;17.02.1984;26;1
BERKEN;27;11.11.1985;14;13
ZEYNEM;27;8.06.1963;0;27
ALAYI;27;22.02.1965;27;0
NELIMA;27;7.01.1974;0;27
TANIYE;27;11.04.1974;0;27
HAMYET;27;26.11.1975;0;27
ARIFET;27;13.03.1968;2;25
NALIHAN;27;1.06.1974;0;27
KAZE;27;7.11.1965;0;27
DALIA;27;9.12.1958;0;27
HALYA;27;12.06.1969;0;27
MESRU;27;27.05.1975;27;0
HUZRET;27;19.01.1974;1;26
SITYA;27;29.11.1968;0;27
BEMAL;27;19.10.1968;21;6
NUFA;27;1.01.1958;0;27
NESDET;27;10.11.1958;27;0
KARAGOZ;27;3.05.1955;14;13
ZENNUNE;27;9.01.1963;0;27
ZULKEF;27;22.10.1958;25;2
FERKI;27;13.10.1952;27;0
RUDIYE;27;24.11.1958;0;27
YORUK;27;25.04.1973;27;0
YESURE;27;25.12.1973;0;27
MAIZE;27;28.10.1954;0;27
ABDILKERIM;27;1.01.1963;27;0
MUSURIYE;27;11.01.1961;0;27
KUSUN;27;30.09.1960;1;26
HOSGUZEL;27;3.08.1963;0;27
ABDIS;27;18.08.1955;27;0
VASIM;27;30.07.1965;27;0
AREFIYE;27;7.01.1965;0;27
ERBABI;27;13.08.1966;27;0
KAYNAK;27;9.03.1965;24;3
ZUHTUYE;27;17.09.1954;0;27
SELETTIN;27;1.10.1960;27;0
YURTSEN;27;25.12.1956;5;22
SENAYET;27;4.05.1978;0;27
YAHSIN;27;1.11.1970;27;0
MEZKURE;27;2.06.1950;0;27
VALA;27;14.05.1963;19;8
DOST;27;22.04.1975;26;1
TANSEV;27;26.06.1970;8;19
TAMARIYE;27;17.04.1959;0;27
GULZER;27;23.11.1959;0;27
JEHAT;27;8.03.1979;27;0
GULSUNAR;27;9.09.1965;0;27
ILKNAZ;27;8.12.1972;0;27
EHLIZAR;27;8.06.1952;1;26
YIGITER;27;8.06.1982;27;0
TURUSAN;27;20.06.1981;27;0
GULSERAP;27;7.02.1972;0;27
YORDAM;27;4.12.1964;1;26
SEVZE;27;24.01.1960;0;27
MEHENDIS;27;9.08.1968;27;0
CALAP;27;28.04.1957;27;0
FERUZIYE;27;25.12.1959;0;27
SALIS;27;28.02.1954;9;18
DUSIZE;27;16.02.1958;0;27
SULUBE;27;6.11.1954;0;27
BAHTIN;27;10.01.1970;23;4
ABDULMUSA;27;11.12.1965;27;0
ALIDEDE;27;20.12.1959;27;0
OZANCAN;27;20.12.1989;27;0
SUSAR;27;3.04.1951;3;24
BEHNUR;27;16.10.1971;17;10
MUTEHER;27;23.05.1961;3;24
ZIKRA;27;19.04.1982;0;27
URAY;27;14.08.1963;20;7
SERCIVAN;27;9.08.1971;3;24
KAYGUSUZ;27;17.05.1974;27;0
BESERIYE;27;9.06.1964;0;27
VAHATTIN;27;14.03.1959;27;0
ASIRET;27;28.05.1968;23;4
SIMHA;27;30.09.1952;0;27
REZZUK;27;5.10.1968;27;0
MUZEYDIN;27;15.03.1969;27;0
AZYA;27;18.03.1969;0;27
MUSEDDET;27;24.04.1978;0;27
NAZLIMA;27;4.04.1956;0;27
OCAK;27;16.09.1964;27;0
SAHYUSUF;27;25.12.1958;27;0
IMKAN;27;25.02.1968;15;12
KATERINA;27;22.10.1952;0;27
KALPTEN;27;29.06.1975;0;27
SEYIDALI;27;7.10.1965;27;0
RIMI;27;27.09.1959;0;27
EBUSEYF;26;12.02.1958;26;0
NEZIRIYE;26;23.06.1968;0;26
MEDAHA;26;9.11.1961;0;26
HURSAN;26;14.02.1972;15;11
EFEY;26;14.08.1942;0;26
ABDULCEMAL;26;5.10.1967;26;0
NERIMA;26;5.01.1969;0;26
EYLEN;26;2.02.1981;1;25
GULSERIF;26;7.10.1972;0;26
HALKAN;26;23.09.1976;26;0
MUTTALIB;26;22.04.1971;26;0
FEZAYI;26;3.02.1973;19;7
KETEVAN;26;22.01.1967;0;26
NARIFE;26;8.05.1971;0;26
BEDIRSAH;26;2.03.1953;15;11
GULMUS;26;4.01.1957;0;26
KURDO;26;9.02.1950;25;1
ALIADDIN;26;19.05.1965;26;0
MENMUNE;26;10.10.1967;0;26
ASIHAN;26;16.07.1958;0;26
ULHAK;26;3.03.1985;26;0
MUKRIMIN;26;25.07.1965;24;2
ERGENEKON;26;3.11.1977;25;1
SIYNEM;26;2.08.1983;0;26
GULENDAR;26;10.12.1963;0;26
NIZAMETIN;26;17.10.1963;26;0
LERMAN;26;27.03.1962;0;26
EHLI;26;10.07.1960;9;17
SEYFO;26;30.07.1949;24;2
BEDIYHA;26;6.11.1965;0;26
GOCERI;26;10.01.1953;17;9
VESIGUL;26;15.02.1962;0;26
LAZAR;26;10.01.1952;26;0
ABDULHAKKI;26;12.06.1973;26;0
TEYYUP;26;7.03.1962;26;0
MUKEDDES;26;9.02.1973;0;26
BIRO;26;19.11.1939;26;0
MEKYA;26;30.11.1973;0;26
NIZAMEDIN;26;16.06.1969;26;0
ISLAMI;26;9.05.1978;26;0
RIM;26;9.09.1978;0;26
FATMAN;26;15.06.1953;0;26
FERHI;26;8.06.1955;11;15
KINEM;26;26.12.1989;0;26
KELSUMA;26;29.10.1965;0;26
MAZIDE;26;24.03.1973;0;26
MUKRI;26;24.08.1967;26;0
GALLI;26;22.08.1959;0;26
SEBGATULLAH;26;18.05.1975;26;0
CECEN;26;5.02.1961;17;9
ANUT;26;20.12.1967;0;26
AYTULLAH;26;4.07.1979;25;1
GARIBA;26;8.03.1972;0;26
SAMER;26;15.08.1971;19;7
SUCAN;26;10.06.1978;5;21
MAHMURA;26;6.07.1957;0;26
SEYHNAZ;26;21.01.1971;0;26
YUMNIYE;26;20.07.1948;0;26
KELTUM;26;11.09.1962;0;26
ALIFE;26;22.11.1966;0;26
PERISANI;26;20.06.1956;0;26
AYETTULLAH;26;12.01.1986;26;0
ZIYNI;26;21.09.1957;9;17
HIYAS;26;16.03.1973;26;0
LORIS;26;10.05.1955;3;23
HELAL;26;3.08.1964;2;24
SEKFAN;26;22.05.1966;26;0
JENNIFER;26;28.07.1978;0;26
MUSLIHAN;26;11.04.1969;0;26
SONIA;26;27.08.1967;0;26
AYNIHAYAT;26;15.04.1955;0;26
SEMYE;26;23.10.1972;0;26
HIYEM;26;13.06.1976;0;26
NESLE;26;7.04.1963;0;26
MIHYETTIN;26;6.02.1962;26;0
PETER;26;10.11.1965;25;1
GULBAG;26;20.12.1971;2;24
SEYTHAN;26;22.10.1976;26;0
HEYFA;26;18.02.1977;0;26
SULALE;26;4.10.1956;1;25
SENASI;26;28.09.1963;25;1
DELEF;26;18.12.1967;4;22
KUTDUSI;26;22.11.1967;26;0
KUDUS;26;30.09.1962;25;1
ULKUNAZ;26;20.09.1968;0;26
GULREYHAN;26;11.04.1959;0;26
EVCIM;26;4.03.1985;2;24
ZOFRE;26;20.04.1966;0;26
BINNAR;26;3.03.1966;1;25
ANKO;26;23.03.1941;0;26
NAZIHAN;26;23.09.1968;0;26
VELIHA;26;2.11.1962;0;26
SAHZIMET;26;1.03.1958;0;26
MUNEZZEH;26;17.02.1958;2;24
REFAKET;26;27.01.1962;1;25
SABAATTIN;26;4.08.1965;26;0
NEVZADE;26;26.07.1947;0;26
FAYMAN;26;26.11.1955;2;24
SELAYITTIN;26;19.11.1958;26;0
BUHRAN;26;29.01.1962;26;0
SALTAN;26;4.02.1963;0;26
OZDENIZ;26;11.12.1978;23;3
FEZAI;26;21.08.1968;23;3
ZULIFE;26;13.01.1955;0;26
ZEKKIYE;26;5.03.1963;0;26
ILK;26;25.04.1975;4;22
MUSAVER;26;17.05.1959;5;21
TAZE;26;26.06.1964;0;26
AKSIN;26;4.07.1970;15;11
BEYIT;26;10.07.1967;25;1
OYKUN;26;9.06.1981;24;2
ULCAN;26;23.06.1964;5;21
AYFUN;26;15.09.1974;12;14
ZIYATALI;26;1.01.1954;26;0
ZAFET;26;24.08.1957;10;16
ERENSOY;26;1.02.1977;26;0
SEZGUN;26;9.01.1966;13;13
MUTEBERE;26;26.02.1942;0;26
NEDAFET;26;21.09.1956;0;26
FERDAYI;26;1.09.1966;26;0
KUZUBEY;26;16.05.1961;26;0
YANA;26;8.12.1978;0;26
NEZARET;26;24.09.1946;2;24
LENUTA;26;4.08.1972;0;26
RECEBALI;26;8.10.1960;26;0
SEVURE;26;24.08.1952;0;26
MINNES;26;25.01.1959;0;26
GULHANUM;26;16.03.1955;0;26
VURKAN;26;15.07.1986;26;0
NECABETTIN;26;2.05.1952;26;0
NURDANGUL;26;26.02.1974;0;26
PEYHAN;26;21.06.1949;1;25
SALAATTIN;26;30.2.1955;26;0
URAN;26;4.11.1955;25;1
AGZEM;26;12.11.1965;26;0
NURIMAN;26;24.08.1959;10;16
ERCIYES;26;4.10.1976;18;8
CANALP;26;19.04.1980;26;0
SELMANUR;26;2.03.1978;0;26
PASAALI;26;17.02.1960;26;0
MURATALI;26;6.08.1973;26;0
ATMACA;26;28.10.1964;26;0
HARUNI;26;7.04.1966;26;0
SAKIME;26;9.07.1962;0;26
YURDUM;26;25.02.1969;15;11
NEKTAR;26;1.07.1955;0;26
NEZDET;26;30.04.1957;26;0
TUSAN;26;19.06.1975;19;7
MUBEYYA;26;11.11.1971;0;26
MUDESSER;26;6.05.1952;5;21
ZULHICCE;26;3.07.1955;0;26
TURALI;26;26.10.1959;25;1
MURTEZ;26;3.06.1958;24;2
SALIYA;26;22.08.1966;0;26
TANNUR;26;16.12.1967;6;20
GULARE;26;10.03.1966;0;26
MERHEM;26;22.07.1959;17;9
REMIN;26;30.12.1964;5;21
PIRZADE;26;12.11.1968;24;2
KAYIS;26;25.02.1959;25;1
SUAYYUP;26;2.04.1950;26;0
TUNAL;26;24.04.1964;23;3
GUGUS;26;14.08.1963;1;25
BEFA;26;14.04.1964;16;10
RUHITTIN;26;4.04.1955;26;0
MEKANET;26;11.06.1962;0;26
VECIHAT;26;26.02.1957;4;22
GULERGUL;26;19.06.1959;0;26
MAKPERI;26;16.02.1980;0;26
ADIGOZEL;26;2.01.1951;23;3
HUBIYAR;26;23.08.1964;20;6
FADMA;26;15.12.1953;0;26
GOZEY;26;18.01.1953;0;26
NAZENIM;26;7.06.1946;0;26
SEHRETTIN;26;21.07.1957;25;1
SIFAI;26;28.05.1967;19;7
GULEVATIN;26;16.03.1946;0;26
BEDIGUL;26;28.06.1965;0;26
ELMIYE;26;6.03.1961;0;26
IOULIA;26;25.03.1976;0;26
MADINA;26;6.09.1972;0;26
BILGECAN;26;16.01.1988;10;16
AYSAT;26;5.07.1979;16;10
MARZI;26;15.01.1951;0;26
ZULHIYE;26;25.07.1960;0;26
SEFURIYE;26;18.01.1966;0;26
MATANAT;26;10.08.1969;0;26
YAYLABEYI;26;23.01.1958;26;0
CEFAKER;26;21.11.1973;20;6
SUMANI;26;24.01.1967;25;1
DURHAMI;26;23.05.1971;24;2
MUZAFIYE;26;24.10.1955;0;26
KAMET;26;21.01.1967;5;21
HASANIYE;26;9.04.1951;0;26
ORPEN;26;29.06.1976;23;3
CESIME;26;16.01.1964;0;26
SEVENDER;26;8.12.1963;1;25
PADI;26;29.02.1948;0;26
SAHSINEM;26;18.06.1957;0;26
MEVTUNE;26;16.01.1973;0;26
MAHZUN;26;8.02.1970;21;5
SEHRIZAT;26;2.07.1959;2;24
BIBIGUL;26;26.06.1969;0;26
SEYBA;26;20.12.1981;0;26
TUNBULA;26;15.12.1958;0;26
HOSOGLAN;26;27.11.1961;26;0
ASRIN;26;15.04.1980;5;21
MILLIYE;26;9.10.1950;0;26
BAYIRE;26;26.11.1964;0;26
GULNAZE;26;21.05.1958;0;26
ESERGUL;26;13.10.1967;0;26
NAREN;26;5.04.1973;2;24
BURANETTIN;26;30.06.1964;26;0
ABULFEZ;26;10.07.1976;26;0
NART;26;16.12.1971;26;0
GULANDAM;26;1.05.1959;0;26
SEFFAT;26;9.09.1972;24;2
SIRALI;26;29.11.1958;26;0
MIRZAT;26;24.10.1961;14;12
RIAYET;26;15.11.1962;0;26
MELEZHAN;26;1.01.1980;0;26
SEMAME;26;22.02.1952;0;26
SEBAB;26;18.02.1962;23;3
GULEDIN;26;1.05.1973;26;0
HEZIM;26;15.04.1959;0;26
NEZIRYE;26;22.06.1972;0;26
NESIHET;26;26.03.1968;0;26
KUMRAN;26;7.02.1970;8;18
ADEMRIZA;26;7.04.1960;26;0
PASAHAN;26;1.07.1959;17;9
TILDA;26;26.01.1968;0;26
LIVA;26;5.06.1969;15;11
ARMUS;26;2.02.1971;0;26
SEDIR;26;28.02.1970;26;0
M.SIDIK;26;29.04.1951;26;0
SIMSAT;26;4.03.1955;1;25
HERAT;26;12.09.1955;0;26
SAADIN;26;11.03.1968;26;0
SUTE;26;21.03.1948;0;26
CATHERINE;26;8.05.1966;0;26
MERZUHA;26;10.07.1966;0;26
MIHRINNISA;26;22.08.1948;0;26
ALIFER;26;4.11.1962;23;3
YAKAN;26;12.02.1970;18;8
TUGGEN;26;19.06.1982;1;25
CANOL;26;18.12.1972;25;1
LEBBE;26;24.10.1951;0;26
EROGLU;26;19.08.1956;26;0
SEKAN;26;7.02.1978;25;1
DENGIZ;26;16.06.1964;24;2
SUDURET;26;24.11.1964;0;26
EMAME;26;29.05.1962;0;26
GULCER;26;21.02.1963;1;25
SAZIM;26;1.04.1961;26;0
NIDE;26;3.02.1961;0;26
SIRAZDIN;26;11.02.1971;26;0
TEYRI;26;9.12.1876;0;26
NEZARETTIN;26;6.11.1961;26;0
TEYCAN;26;2.02.1977;4;22
MUSLAHADDIN;26;28.05.1959;26;0
MUSALI;26;14.06.1963;26;0
HUBU;26;10.03.1954;0;26
GULGIZ;26;12.01.1964;0;26
AYNISAN;26;4.09.1954;0;26
HANNAR;26;28.06.1962;13;13
MINAYE;26;30.08.1972;0;26
TABUR;26;11.02.1957;26;0
ESRAR;26;20.07.1944;2;24
MESUKA;26;6.05.1953;0;26
TABIRE;26;9.04.1967;0;26
NUHUGUL;26;9.05.1958;0;26
NURISEN;26;22.02.1958;1;25
SEHLI;26;4.10.1956;13;13
SEYFIALI;26;30.05.1956;26;0
CEMALNUR;26;3.11.1953;0;26
AURELIA;26;10.10.1973;0;26
GALIME;26;23.05.1964;0;26
NICE;26;22.12.1980;8;18
TAFIDE;26;1.01.1961;0;26
DAYA;26;16.02.1956;0;26
RUSIDE;26;23.02.1957;0;26
SENDI;26;19.09.1983;3;23
VAHIDET;26;15.04.1966;0;26
ABTIL;26;25.04.1966;26;0
UCKUN;26;20.03.1958;22;4
GEZMIS;26;19.06.1979;26;0
AYHUN;26;9.02.1971;20;6
KITMIR;26;12.06.1959;24;2
PAPIS;26;5.12.1941;0;26
ADEVYE;26;27.05.1952;0;26
HERFIYE;26;4.07.1961;0;26
VEZI;26;4.04.1946;1;25
SACMA;26;12.01.1965;0;26
AND;26;7.11.1976;26;0
BRIGITTE;26;11.12.1956;0;26
JANNA;26;7.09.1973;0;26
DURDUS;26;8.09.1951;0;26
CAHVAR;26;19.12.1953;26;0
STELA;26;1.07.1972;0;26
MEVLIDA;26;1.10.1957;0;26
MAHYEDDIN;26;26.10.1963;26;0
AZIYME;26;22.06.1962;0;26
BARKAN;26;18.06.1981;26;0
TERIM;26;24.05.1956;5;21
ELHAMI;26;9.11.1961;24;2
MELEKEY;26;15.09.1937;0;26
NAZARET;26;13.08.1953;24;2
YUCESTE;25;23.11.1963;0;25
MEDEHA;25;23.06.1963;0;25
SONHAYAT;25;5.12.1971;0;25
GULFIGAR;25;3.09.1966;0;25
GURSEV;25;5.04.1970;6;19
MUKKADER;25;10.02.1977;1;24
SAHIB;25;27.08.1972;25;0
IZGEN;25;5.07.1975;2;23
MAHPERE;25;9.10.1966;0;25
EZIZE;25;29.08.1959;0;25
AYBEY;25;17.12.1961;25;0
HACARA;25;10.04.1968;0;25
NAZIBE;25;27.06.1960;0;25
GULSARA;25;16.09.1964;0;25
MENSUDE;25;2.10.1970;0;25
SIDIGA;25;30.06.1960;0;25
SEMNUR;25;7.01.1972;0;25
NALA;25;14.08.1965;0;25
ISITAN;25;3.04.1974;16;9
CAKI;25;12.08.1947;2;23
AZIBE;25;28.08.1963;0;25
KAFFARI;25;17.12.1971;25;0
GOZDEN;25;6.08.1977;2;23
ZAYDA;25;2.12.1958;0;25
MONICA;25;4.07.1972;0;25
AGCE;25;10.03.1954;0;25
YAHYAHAN;25;23.10.1977;25;0
FIRGAN;25;6.01.1962;15;10
HACIHUSEYIN;25;29.11.1963;25;0
ZAHIDIYE;25;13.09.1960;0;25
DENNIS;25;18.08.1983;22;3
ZEYNULABIDIN;25;11.03.1967;25;0
KUDBEDIN;25;29.10.1971;25;0
FEYRUZSAH;25;28.07.1966;13;12
IZGAYRA;25;5.08.1956;0;25
RAVSI;25;25.10.1941;0;25
SEM;25;14.08.1980;18;7
MUZBEH;25;14.03.1975;25;0
NIZAMA;25;26.10.1971;0;25
TAHAR;25;28.11.1965;25;0
MUJDEHAN;25;30.07.1982;0;25
CUNET;25;15.09.1972;22;3
MELKAN;25;9.01.1978;17;8
MUMTAS;25;9.08.1972;25;0
DAHHAM;25;10.03.1968;25;0
HIBETULLAH;25;27.07.1969;18;7
NUVIDE;25;3.07.1959;0;25
NECO;25;28.11.1974;21;4
CAILE;25;9.10.1966;0;25
HACICA;25;4.06.1966;0;25
MAZZEZ;25;10.06.1967;0;25
GULSUMAN;25;6.01.1971;0;25
NEVRIHAN;25;23.12.1967;0;25
SIMUNI;25;29.09.1956;0;25
KADRIYA;25;28.04.1966;0;25
NEBEHET;25;19.05.1967;0;25
VELICE;25;16.06.1971;0;25
MIHYEDDIN;25;14.06.1960;25;0
SODA;25;29.04.1954;0;25
SAADIYE;25;30.06.1964;0;25
SEYFETIN;25;5.10.1971;25;0
EMANUEL;25;14.05.1977;23;2
JOSEF;25;8.09.1971;24;1
NAZMIRE;25;2.07.1960;0;25
LUKSIYE;25;15.04.1981;0;25
FILIP;25;3.12.1969;23;2
SUSANNA;25;14.08.1965;0;25
TOMAS;25;18.02.1969;25;0
FERSAH;25;1.09.1967;9;16
ADAY;25;9.07.1978;23;2
JOZEFIN;25;6.06.1940;0;25
PETRO;25;23.04.1955;25;0
ZEDE;25;25.04.1960;2;23
SONJA;25;20.03.1973;0;25
TANJA;25;14.02.1978;3;22
YOSEF;25;21.03.1958;25;0
SEKIYE;25;21.02.1954;0;25
SINDAR;25;2.01.1989;8;17
YILDIZE;25;25.05.1949;1;24
GURGUL;25;23.02.1965;4;21
ABDULRIZAK;25;5.06.1971;25;0
LELA;25;13.08.1971;0;25
HASRIYE;25;12.08.1958;0;25
SEYFETE;25;18.10.1967;0;25
MERSEL;25;14.08.1965;22;3
BAYGUL;25;25.02.1971;2;23
OLMEZ;25;21.06.1962;10;15
HAYSEL;25;30.11.1959;0;25
GULDEDE;25;20.07.1963;25;0
GORKEN;25;2.09.1979;19;6
DURANALI;25;1.09.1955;25;0
GULEMSER;25;27.12.1962;0;25
MUHLUS;25;8.11.1965;25;0
NUZBIYE;25;21.10.1958;0;25
ABTURRAHMAN;25;11.01.1962;25;0
HECABI;25;17.01.1955;25;0
GULBIYAN;25;24.04.1961;0;25
SANCER;25;1.03.1974;25;0
MEMMUNE;25;15.01.1966;0;25
MELDAG;25;6.08.1974;0;25
SEFAKAT;25;21.03.1954;0;25
ZULAYHA;25;8.08.1976;0;25
RUSAT;25;14.11.1977;21;4
BAYITTIN;25;1.08.1962;25;0
IBRAYIM;25;8.11.1966;25;0
KAYGISIZ;25;15.09.1969;25;0
HAYRUNNAS;25;13.02.1959;20;5
NURSINE;25;25.01.1972;0;25
MURIYE;25;11.01.1962;0;25
MAHMULE;25;9.10.1967;0;25
FAAT;25;22.05.1960;25;0
RAHSEN;25;25.07.1979;0;25
VESALET;25;4.07.1960;13;12
CIHANBEY;25;10.01.1964;25;0
SEMHA;25;27.06.1963;0;25
YUNISE;25;1.10.1960;1;24
GIRAYHAN;25;17.11.1985;25;0
SERKAY;25;16.05.1983;20;5
GULSEVGI;25;23.01.1965;0;25
ZIYAITTIN;25;9.08.1949;25;0
LEYLIYE;25;5.10.1950;0;25
LADIYE;25;22.04.1957;0;25
NAZILA;25;24.03.1964;0;25
MECNUNE;25;8.08.1957;0;25
NAYIP;25;26.10.1962;25;0
NELIMAN;25;21.11.1958;0;25
MUBEYYIN;25;15.07.1951;4;21
NUHIBE;25;19.09.1961;0;25
DEMOKAN;25;12.01.1982;25;0
NURBEY;25;28.12.1971;25;0
GULDEGER;25;28.04.1965;0;25
SEBANIYE;25;1.02.1968;0;25
LAHIKA;25;8.07.1965;0;25
SAYFE;25;22.05.1959;0;25
AYKUL;25;9.08.1975;14;11
YASARCAN;25;11.09.1984;22;3
NUVEYDE;25;4.02.1962;0;25
MUHEMMET;25;19.03.1969;25;0
GULIDE;25;12.09.1968;0;25
SAZENE;25;16.11.1959;0;25
MIMAN;25;25.11.1958;22;3
ZENNEHAR;25;25.06.1959;0;25
NEVRET;25;8.07.1964;10;15
ATILLE;25;25.04.1961;22;3
VUSLET;25;15.08.1948;5;20
SEHRIBAL;25;1.05.1959;0;25
MELEHAN;25;7.03.1966;0;25
UMEHAN;25;26.10.1957;0;25
SEBAYET;25;21.09.1957;1;24
SEVDEGUL;25;13.03.1976;0;25
ORYAL;25;6.01.1963;22;3
NUREYLA;25;14.02.1967;0;25
KRAL;25;12.02.1978;25;0
CANKURT;25;19.03.1977;25;0
SOYDANER;25;15.03.1972;25;0
SULAN;25;18.03.1964;1;24
ASIFER;25;10.11.1952;0;25
BADIGUL;25;24.01.1964;0;25
BINAT;25;20.09.1956;25;0
TINAZ;25;6.05.1971;22;3
HATICETULKUBRA;25;20.12.1960;0;25
YULET;25;22.12.1983;4;21
GULYAMIN;25;30.10.1969;19;6
MERCIVAN;25;18.08.1964;1;24
ILSEN;25;9.01.1970;0;25
DILFIKAR;25;28.09.1957;0;25
SAVIYE;25;21.05.1955;0;25
BAHTISAH;25;10.10.1951;0;25
SERMINAZ;25;20.08.1969;0;25
BIRNAS;25;6.10.1965;0;25
BEY;25;11.01.1960;24;1
ZURFE;25;15.08.1956;0;25
GUZELLA;25;8.02.1975;0;25
SEMSINAR;25;17.02.1964;1;24
LEDIFE;25;19.06.1960;0;25
MIDAT;25;13.11.1963;22;3
SIIR;25;16.03.1973;0;25
NURSAD;25;3.05.1975;7;18
SADENAZ;25;5.04.1963;0;25
GULLABI;25;8.07.1956;3;22
UFKU;25;3.02.1980;21;4
BERRE;25;23.06.1982;0;25
BELKAY;25;15.04.1978;9;16
OZNIL;25;1.11.1983;0;25
TUGCENUR;25;16.09.1990;0;25
HALIDDIN;25;16.06.1958;25;0
SEMSIT;25;24.02.1962;25;0
SEYHANE;25;4.07.1966;0;25
ERGUNAL;25;2.12.1971;25;0
OKCAN;25;13.10.1977;21;4
MAKTURE;25;16.09.1953;0;25
ZULFIDE;25;24.08.1957;0;25
SUCEDDIN;25;25.02.1965;25;0
ELZA;25;11.12.1971;0;25
UBBAT;25;17.01.1964;25;0
H.OMER;25;22.05.1957;25;0
YALCINER;25;29.03.1966;25;0
GUMRU;25;30.2.1964;0;25
IFADIYE;25;12.06.1957;0;25
MELDE;25;21.01.1969;0;25
SERANUS;25;6.01.1945;0;25
YONEL;25;17.04.1971;7;18
GULUMHAN;25;23.10.1965;0;25
MEHRINUR;25;17.11.1965;0;25
HAVILE;25;22.05.1957;0;25
ELVIYE;25;7.09.1954;0;25
PRENSES;25;22.05.1977;0;25
ERSAD;25;3.04.1983;25;0
EZIYE;25;29.03.1975;0;25
BESARET;25;25.03.1954;9;16
MADIMAK;25;22.07.1970;0;25
NEZA;25;23.07.1964;0;25
BABIL;25;3.08.1964;24;1
YURTER;25;15.09.1966;25;0
USMEN;25;19.11.1959;24;1
SEVINJ;25;29.05.1972;0;25
RUHIZE;25;3.08.1960;0;25
CANBULAT;25;15.11.1959;25;0
KERIMULLAH;25;9.03.1981;25;0
ILMEHAN;25;26.10.1967;0;25
EMINKIZ;25;29.03.1956;0;25
SELDE;25;16.04.1977;0;25
IMMET;25;13.04.1966;23;2
FEIZE;25;10.10.1967;0;25
BERNAN;25;18.07.1976;2;23
HURKAL;25;1.03.1977;24;1
EFTUN;25;19.06.1982;10;15
AKANSEL;25;25.11.1979;24;1
MESUME;25;1.08.1959;0;25
VERONIKA;25;4.05.1971;0;25
KIRMIZI;25;2.03.1955;0;25
KITTAN;25;12.03.1949;0;25
MERUSA;25;2.12.1965;0;25
BANGIN;25;1.11.1977;25;0
DUVAN;25;24.01.1961;24;1
ZIBER;25;18.03.1965;10;15
SEYITNUR;25;12.05.1979;24;1
ROKIYE;25;29.07.1960;0;25
SERMENT;25;17.09.1975;24;1
FAHRETIN;25;18.12.1965;25;0
GARIPHAN;25;24.12.1966;23;2
AYNULLAH;25;19.06.1957;24;1
IZEDIN;25;9.07.1962;25;0
KEMER;25;16.05.1962;1;24
MIRZEMEHMET;25;7.11.1966;25;0
HESSIN;25;20.01.1958;25;0
BACIHANIM;25;4.11.1958;0;25
RAYYE;25;13.12.1956;0;25
GULCAG;25;12.08.1983;0;25
FUDAYIL;25;14.10.1968;25;0
ALEKBER;25;12.01.1965;25;0
SURAL;25;8.07.1967;19;6
BAHTUNUR;25;23.12.1971;2;23
NEVSEL;25;8.01.1965;2;23
MUSTAFAALI;25;3.08.1959;25;0
CAHIME;25;10.11.1957;0;25
ZAYFA;25;14.07.1954;0;25
ELHUDA;25;14.04.1965;0;25
ZEYNEGUL;25;9.03.1959;0;25
YURDUGUL;25;26.12.1961;0;25
BUKRE;25;15.05.1986;0;25
HERUN;25;25.04.1966;24;1
ERDUHAN;25;26.06.1940;25;0
NECVET;25;23.09.1958;20;5
FEZILET;25;25.02.1960;0;25
TEBAREK;25;12.07.1960;1;24
RUSEL;25;28.09.1957;2;23
SEMIRAMIZ;25;19.05.1955;0;25
NURALA;25;28.03.1954;0;25
ZEYNUL;25;4.11.1966;18;7
MEZAHIM;25;22.02.1954;25;0
ALPKAN;25;22.11.1983;25;0
MATLUBE;25;9.04.1946;0;25
ARSAL;25;21.08.1969;18;7
BASAT;25;25.03.1975;23;2
SAVASER;25;26.02.1967;25;0
GONCE;25;17.10.1962;0;25
NURDES;25;17.12.1964;0;25
BINNIK;25;16.04.1963;0;25
HEMSA;25;13.12.1958;0;25
SEMSIBANI;25;10.07.1953;0;25
FULDAN;25;27.11.1970;0;25
GULUMZER;25;18.09.1960;0;25
RISALETTIN;25;11.04.1966;25;0
VARGIN;25;10.06.1977;25;0
SEYITMEHMET;25;16.09.1963;25;0
YASARETTIN;25;24.11.1953;23;2
GULCARE;25;8.03.1968;0;25
RAYLE;25;6.03.1973;0;25
VEDFA;25;30.05.1964;0;25
KADI;25;22.08.1959;22;3
REYCAN;25;18.06.1973;1;24
FERUT;25;29.03.1979;25;0
HATICEYI;25;23.03.1960;0;25
VEZIDE;25;10.03.1958;0;25
BESDI;25;22.05.1952;0;25
TOYUZ;25;24.10.1959;0;25
SEMENDER;25;3.05.1953;11;14
MAIR;25;19.07.1966;25;0
TARKIN;25;25.10.1980;25;0
NEVINAZ;25;18.04.1965;0;25
RABIHE;25;8.02.1970;0;25
MUHANBER;25;8.10.1968;25;0
SONDER;25;14.06.1975;22;3
SEYTAP;25;3.08.1969;1;24
SUTMEN;25;4.03.1956;0;25
BIRSUN;25;19.07.1975;1;24
SABBEK;25;20.06.1949;0;25
ELBI;25;8.06.1982;0;25
BELCE;25;7.09.1987;0;25
DOGAL;25;15.12.1981;20;5
KAZMURA;25;1.11.1958;0;25
TENDU;25;2.10.1966;0;25
ZEFIRE;25;15.06.1957;0;25
SALIHCAN;25;5.09.1986;25;0
HEVIYE;25;20.08.1967;0;25
DAYIMI;25;14.09.1973;25;0
ABDUSSETTAR;25;23.03.1959;25;0
TOPEY;25;9.03.1959;0;25
YURDAGUN;25;28.08.1950;6;19
HAKSEVER;24;9.04.1972;14;10
TAYLAND;24;3.06.1981;23;1
BETTAL;24;15.03.1964;24;0
HATEMI;24;12.05.1957;21;3
HAFIRE;24;20.07.1967;0;24
MELAY;24;24.04.1977;0;24
NACIBE;24;16.02.1962;0;24
ALPGIRAY;24;13.12.1978;24;0
SAGBETULLAH;24;4.09.1974;24;0
NEVSI;24;3.03.1954;0;24
MUCERRET;24;16.05.1953;4;20
MUSTO;24;24.02.1940;24;0
GULSENIN;24;5.12.1955;0;24
VAHTEDDIN;24;19.12.1962;24;0
MUADDET;24;5.01.1951;0;24
EBRUHAN;24;29.10.1980;3;21
NIVIT;24;17.08.1968;16;8
ABDULLILLAH;24;17.10.1979;24;0
YONTEM;24;12.06.1978;8;16
NURHANI;24;27.03.1971;13;11
NUSIYE;24;16.10.1960;0;24
NATIKA;24;8.10.1956;0;24
ISI;24;20.07.1940;6;18
HAZIYE;24;17.10.1955;0;24
SENKAN;24;30.07.1970;19;5
NUSIDE;24;27.05.1956;0;24
BORHAN;24;27.02.1968;24;0
NURAYDE;24;14.12.1972;0;24
FODIL;24;12.12.1957;0;24
MAZIZE;24;29.07.1958;0;24
HACIHASAN;24;23.06.1964;24;0
PIRIHAN;24;7.09.1959;0;24
CIHANE;24;22.06.1967;0;24
SAHSI;24;17.03.1965;19;5
SAHMET;24;30.09.1964;20;4
SEHIDA;24;12.03.1972;1;23
ZUHEYRA;24;20.08.1973;0;24
AKIT;24;6.03.1943;24;0
TURCEL;24;6.05.1982;20;4
NAKIF;24;29.12.1973;24;0
EZRA;24;28.10.1971;7;17
ZAHAT;24;2.03.1970;24;0
NEJBIR;24;23.09.1989;2;22
PELVIN;24;9.10.1973;0;24
MEYMI;24;11.04.1943;0;24
BERFA;24;29.2.1957;0;24
EDI;24;13.10.1959;15;9
BAHAADDIN;24;5.08.1970;24;0
ROJA;24;13.12.1984;0;24
ZERU;24;22.07.1944;1;23
ZEYNITTIN;24;2.07.1960;24;0
DIJVAR;24;28.09.1973;24;0
CANVER;24;3.06.1985;24;0
HARBA;24;6.08.1958;0;24
NEFLE;24;19.07.1961;0;24
TACEDIN;24;19.09.1965;24;0
SAGE;24;12.10.1952;0;24
AHDIYE;24;8.07.1967;0;24
SUKRIYA;24;14.03.1973;0;24
FAHREDIN;24;6.09.1964;24;0
VESMIYE;24;3.08.1971;0;24
SURIYYE;24;17.04.1965;1;23
MEHRIVAN;24;6.04.1968;0;24
BENISAADE;24;8.10.1961;0;24
ILHAMEDDIN;24;12.08.1974;24;0
CETTIN;24;5.06.1975;24;0
PERIDE;24;13.01.1965;0;24
COLLO;24;1.07.1954;24;0
NADIHA;24;24.02.1970;0;24
MUHRICAN;24;23.09.1974;0;24
MAMET;24;18.07.1957;24;0
HEZNA;24;17.08.1968;0;24
GULANDAN;24;29.10.1961;0;24
HALO;24;18.01.1940;5;19
NATHALIE;24;10.04.1977;0;24
MARTINA;24;8.02.1976;0;24
YUHANUN;24;22.07.1969;24;0
ISTIR;24;17.12.1949;0;24
ANDREAS;24;23.08.1979;24;0
FEYRUSHAN;24;7.04.1976;0;24
ERDAHAN;24;2.11.1966;13;11
MECDIN;24;30.10.1961;24;0
BILANT;24;25.02.1968;23;1
GURCE;24;7.04.1958;1;23
GEVRIYI;24;26.06.1946;24;0
KEVKEB;24;3.11.1963;1;23
FECRE;24;18.08.1961;0;24
SOSINE;24;11.05.1945;0;24
AYDO;24;27.05.1956;4;20
VEFADIN;24;5.03.1981;24;0
AVES;24;15.03.1961;4;20
KATIYE;24;16.11.1957;0;24
KEBAN;24;25.10.1974;6;18
FATINE;24;19.07.1962;0;24
MUHSIME;24;12.01.1961;0;24
VEYSO;24;22.10.1860;24;0
MEYDIYE;24;16.12.1963;0;24
UMEYYE;24;28.11.1978;0;24
SIFAYI;24;5.05.1966;20;4
MENDIYE;24;11.04.1963;0;24
ERGUC;24;15.08.1970;23;1
LEBIP;24;28.01.1958;21;3
PEVRUZE;24;20.11.1949;0;24
SENOZ;24;5.01.1956;4;20
HADIK;24;21.06.1955;0;24
GULHANIYE;24;14.11.1970;0;24
MEFHAR;24;17.09.1962;22;2
TUYAN;24;25.12.1966;15;9
PEVRIYE;24;13.08.1959;0;24
DEVIR;24;1.07.1977;22;2
ARTUNC;24;1.12.1982;24;0
MUTAHIR;24;8.09.1960;24;0
SOZAY;24;2.10.1972;13;11
HAYTEN;24;8.04.1952;0;24
NURAYSE;24;30.05.1970;0;24
SUNKER;24;5.10.1961;0;24
KEMALITTIN;24;5.01.1950;24;0
HATIK;24;3.03.1958;0;24
BAGLAN;24;13.03.1972;6;18
TAMILA;24;15.08.1966;0;24
GULFI;24;26.12.1963;5;19
CILAY;24;23.05.1977;1;23
GUNNAMI;24;11.01.1967;16;8
YASEMIL;24;8.06.1962;0;24
SUBEYLA;24;18.12.1969;0;24
MUZEYYIN;24;29.07.1959;0;24
MUKTEBER;24;29.04.1965;0;24
ZENGI;24;10.01.1962;16;8
NURGULE;24;13.06.1966;0;24
AYCETIN;24;14.12.1962;24;0
AFIDAN;24;12.10.1967;0;24
ZULFETTIN;24;3.09.1958;24;0
HAZEN;24;16.11.1970;1;23
FIZAN;24;21.09.1960;6;18
NEKIYE;24;22.09.1948;0;24
SAMDAN;24;5.05.1968;2;22
TELLINAZ;24;3.05.1961;0;24
YENIGUN;24;7.01.1970;4;20
SERIZE;24;9.09.1958;0;24
CEYHUNE;24;21.03.1962;0;24
SANAI;24;9.05.1967;23;1
ERKOL;24;5.01.1965;23;1
MEHMETSAKIR;24;16.05.1976;24;0
YASAT;24;22.11.1964;24;0
HISABALI;24;2.12.1941;24;0
KAYABEY;24;21.11.1955;24;0
VAHDEDIN;24;25.09.1969;24;0
ILGIHAN;24;30.08.1974;2;22
SEHVAL;24;9.08.1980;1;23
SECATI;24;5.09.1965;24;0
SINAYI;24;10.08.1973;10;14
YURTALAN;24;3.12.1968;24;0
FIRAZE;24;11.01.1952;0;24
NESUHI;24;18.10.1961;24;0
MALIKA;24;18.03.1960;1;23
NEYIBE;24;20.12.1961;0;24
NERIBAN;24;1.10.1964;0;24
GUGUK;24;3.05.1963;0;24
URUF;24;6.04.1959;3;21
SELMAYE;24;6.05.1963;0;24
NAVIDAN;24;16.04.1959;0;24
TERCUMAN;24;6.07.1971;18;6
BARISHAN;24;19.11.1984;23;1
SEBI;24;2.05.1957;5;19
KAZEL;24;3.09.1953;1;23
SAFALI;24;5.02.1954;11;13
BELIS;24;28.05.1978;0;24
AYDONER;24;14.05.1969;2;22
SELVETTIN;24;8.04.1961;24;0
FAMETTIN;24;20.07.1961;24;0
MAKSURE;24;18.01.1948;0;24
YASEGUL;24;28.08.1975;0;24
AHI;24;28.02.1968;14;10
GOKCEGUL;24;28.06.1984;0;24
KAMILA;24;17.12.1972;0;24
CANSES;24;5.02.1975;3;21
KALEMDER;24;8.07.1960;24;0
MINTAZIYE;24;11.05.1958;0;24
HUMMA;24;11.07.1951;0;24
ZEYID;24;13.02.1982;24;0
ARAFETTIN;24;9.11.1965;24;0
MUHIDIN;24;23.01.1964;24;0
SURUL;24;7.12.1957;2;22
AYBICE;24;11.11.1986;0;24
ASUTAY;24;7.05.1979;21;3
DURDUK;24;21.01.1964;1;23
ILHAMA;24;18.09.1974;0;24
SAYET;24;20.05.1962;8;16
MAHINAZ;24;26.03.1954;0;24
CANAP;24;30.04.1972;23;1
TAC;24;10.09.1959;7;17
MANUS;24;11.10.1945;0;24
MELA;24;25.10.1959;3;21
HEMDI;24;16.04.1961;24;0
IBRAHIMHAKKI;24;17.10.1966;24;0
HAMINE;24;15.06.1964;0;24
FIRGET;24;14.10.1963;0;24
CIM;24;19.09.1966;4;20
MADELET;24;7.08.1949;0;24
MUANMER;24;11.11.1969;24;0
OZDENUR;24;11.09.1981;0;24
VESIKA;24;6.09.1963;0;24
ELFESIYAR;24;25.12.1974;24;0
ZAFERAN;24;13.04.1957;0;24
BEFRA;24;28.01.1968;0;24
MAHYETTIN;24;19.02.1965;24;0
ESASETTIN;24;8.10.1973;24;0
NEZAKAT;24;12.10.1964;0;24
TANCIHAN;24;20.01.1980;0;24
BEHZAD;24;8.10.1959;24;0
FEZLI;24;11.07.1963;23;1
ABDULHABIP;24;21.01.1978;24;0
HANIMZAR;24;30.10.1956;0;24
MEHMETSENA;24;26.04.1978;24;0
CELALEDIN;24;26.12.1962;24;0
KUMRISAN;24;22.10.1958;0;24
OZENDER;24;1.09.1973;24;0
HARON;24;6.03.1967;24;0
M.LATIF;24;6.11.1957;24;0
FIRKIYE;24;12.11.1973;0;24
GOLSEN;24;15.11.1959;0;24
KOKEL;24;19.01.1970;24;0
BALKIZE;24;10.09.1965;0;24
SUKURYE;24;13.01.1970;0;24
MAYLE;24;19.12.1967;0;24
ZEREFSAN;24;13.04.1947;2;22
AKDENIZ;24;10.10.1974;22;2
ELIFIYE;24;21.09.1961;0;24
NURFEZA;24;4.04.1963;1;23
HILALIYE;24;24.03.1954;0;24
TARGAN;24;17.01.1965;24;0
DURUKADIN;24;10.08.1957;0;24
CANTEN;24;20.01.1967;1;23
MUCUDE;24;3.09.1962;0;24
NURSADIYE;24;26.01.1968;0;24
ASKERIYE;24;28.02.1968;1;23
GURKAL;24;10.01.1974;24;0
GULFEDA;24;1.01.1969;0;24
SIRIVAN;24;29.05.1983;0;24
ALSEV;24;12.03.1969;0;24
ZEYBEK;24;29.06.1969;22;2
HUMRAN;24;29.11.1962;1;23
SURSIRIN;24;11.05.1965;0;24
MEHSURE;24;29.12.1967;1;23
EDILE;24;20.05.1957;0;24
GULLUS;24;24.12.1952;0;24
RASEN;24;2.06.1974;0;24
SAFDER;24;21.11.1954;22;2
GUNNAS;24;15.02.1961;0;24
SEDARET;24;8.03.1961;16;8
IYSA;24;21.02.1965;24;0
SUKURU;24;19.11.1958;24;0
ZULGARI;24;5.05.1966;24;0
MURUBET;24;6.11.1962;0;24
DURANSEL;24;19.01.1967;1;23
CINEM;24;15.12.1981;0;24
MUSAIT;24;18.07.1968;24;0
GULBEGI;24;20.09.1961;24;0
PENAH;24;10.05.1962;24;0
NECRIFE;24;15.05.1967;0;24
FEDIL;24;20.06.1972;22;2
FECIRIYE;24;22.10.1968;0;24
NUHO;24;27.06.1952;24;0
SABIBE;24;12.01.1957;0;24
MEHMANI;24;17.03.1964;24;0
BALLAR;24;7.11.1955;1;23
NAFIH;24;30.09.1967;24;0
KEVO;24;19.10.1932;3;21
ERTOGRUL;24;27.07.1957;24;0
ESMENE;24;25.07.1956;0;24
GULSINA;24;5.03.1961;0;24
ULAY;24;26.05.1960;1;23
MENEF;24;16.11.1969;23;1
HAYRANSE;24;15.11.1952;0;24
GOKBORU;24;1.12.1981;24;0
KAFKAS;24;26.09.1978;23;1
TUTUNAZ;24;11.02.1952;0;24
REBIE;24;15.06.1953;0;24
PAYAN;24;19.07.1972;1;23
SALETTIN;24;25.01.1960;24;0
RAIP;24;25.07.1970;24;0
CIHANDAR;24;16.03.1965;24;0
ZERAL;24;27.04.1981;0;24
ZULKARNE;24;12.09.1964;24;0
ERGELDI;24;13.11.1967;24;0
RABBANI;24;4.01.1970;24;0
MAHTI;24;16.02.1960;0;24
SERTEN;24;16.10.1973;12;12
IBRIME;24;6.04.1949;0;24
SEZIL;24;14.06.1984;0;24
HASENA;24;1.06.1965;0;24
GILDA;24;30.10.1972;0;24
MENZILET;24;14.11.1972;1;23
YOLAC;24;1.08.1974;23;1
NOVFEL;24;16.03.1963;24;0
HURGUL;24;7.11.1972;0;24
OZTAS;24;5.06.1964;24;0
MEZYED;24;14.04.1965;23;1
KETI;24;4.03.1939;0;24
HUMEYDE;24;5.10.1956;8;16
KUTLUG;24;16.09.1976;23;1
BOBUS;24;8.01.1957;24;0
VEJDIYE;24;14.10.1968;0;24
FIKIRIYE;24;9.02.1966;0;24
FIRIDES;24;8.01.1966;0;24
ILIZ;24;10.09.1981;0;24
ALICE;24;28.03.1963;5;19
SEVSEL;24;4.12.1981;0;24
GOKU;24;5.03.1960;0;24
SELCE;24;23.11.1961;0;24
HAYCE;24;15.01.1960;0;24
I.HALIL;24;4.07.1965;24;0
SEHBER;24;13.02.1949;0;24
AYDURAN;24;18.07.1967;23;1
ZIYNETTIN;24;4.07.1966;14;10
SERAYIR;24;21.11.1962;0;24
TALIMET;24;12.04.1961;0;24
NEVHIS;24;28.03.1955;0;24
KAMALA;24;2.12.1970;0;24
HASMIK;24;1.11.1954;0;24
ILMIRA;24;16.09.1976;0;24
SEBIT;24;20.07.1959;24;0
RIYAZE;24;4.11.1960;0;24
ZALKIF;24;10.04.1966;24;0
DENNURE;24;6.09.1957;0;24
IZZITTIN;24;14.11.1945;24;0
DEVRANI;23;22.07.1978;23;0
MAHBERE;23;5.01.1956;0;23
BEYZO;23;25.01.1950;16;7
NURSEZA;23;2.10.1978;0;23
MAHMUTHAN;23;5.11.1977;23;0
RESA;23;17.12.1964;4;19
SIMDEN;23;2.06.1977;0;23
ZIDYA;23;1.05.1971;0;23
GULDANI;23;6.09.1959;0;23
TUGTEKIN;23;27.07.1972;23;0
SUZIN;23;17.01.1971;0;23
BUSRAN;23;24.01.1979;0;23
NEZAHATTIN;23;8.10.1956;19;4
KASAP;23;29.01.1959;22;1
ASIGUL;23;27.3.1870;0;23
BILAT;23;9.02.1967;21;2
MUNTIHA;23;29.10.1963;0;23
SUMRAY;23;26.02.1970;0;23
ACURE;23;2.05.1956;0;23
TELHAN;23;10.06.1967;23;0
KEVAR;23;11.03.1947;0;23
BIRSEV;23;22.10.1968;0;23
MUSHAP;23;14.05.1987;23;0
PERUZHAN;23;19.08.1964;17;6
ADAR;23;25.06.1990;16;7
NURSENEM;23;27.05.1981;0;23
SIHHAMIT;23;1.12.1962;23;0
ARDEMIS;23;14.05.1944;0;23
HUD;23;27.01.1970;23;0
HAFZA;23;30.07.1973;0;23
GEVEY;23;18.04.1945;0;23
SITKA;23;9.05.1961;0;23
MEMINE;23;14.03.1961;0;23
SEYDIN;23;23.09.1963;23;0
SERZAT;23;6.04.1979;23;0
ISYAN;23;6.08.1979;11;12
ISVET;23;21.01.1961;8;15
MIRSEL;23;9.01.1975;4;19
EDIBA;23;13.04.1971;0;23
NEFO;23;11.02.1945;0;23
SERZAN;23;6.12.1982;20;3
SEYHE;23;17.10.1966;0;23
PELSIN;23;5.09.1988;0;23
UTTI;23;11.09.1944;0;23
MICHEL;23;8.12.1980;23;0
SILTO;23;9.07.1942;0;23
VADAT;23;26.03.1976;23;0
ABDUSSEMAT;23;9.08.1968;23;0
ICAT;23;15.07.1977;22;1
ABDULVEHAB;23;6.03.1963;23;0
MUKKEREM;23;28.04.1976;8;15
SILTAN;23;25.07.1969;7;16
ISMAT;23;12.10.1948;21;2
MISTAFA;23;16.04.1944;23;0
GELSUME;23;24.01.1967;0;23
IPTISAM;23;28.06.1974;0;23
HAFSO;23;23.05.1954;0;23
ZELLO;23;20.04.1947;0;23
YEHYA;23;5.06.1966;23;0
ROMI;23;24.12.1948;21;2
SILVER;23;6.04.1978;6;17
MIHTAP;23;2.05.1971;1;22
GULZIYE;23;26.12.1961;0;23
SELMEN;23;17.06.1952;15;8
HAYFER;23;22.12.1961;1;22
MUBEYYE;23;21.10.1968;1;22
NECIHE;23;24.06.1955;0;23
ELFI;23;5.01.1963;7;16
MILAN;23;28.01.1973;7;16
SENNAR;23;7.05.1972;14;9
MEMETSIDDIK;23;10.01.1958;23;0
MENIR;23;21.11.1964;23;0
SABRO;23;13.07.1947;6;17
UBET;23;21.04.1960;23;0
ZIYANI;23;25.03.1955;1;22
KASIDA;23;2.01.1951;0;23
MELANI;23;19.02.1981;0;23
HAZMIYE;23;5.03.1960;0;23
HATE;23;30.12.1945;0;23
MUSE;23;25.10.1961;21;2
CEMIS;23;8.09.1959;5;18
HAZME;23;16.03.1963;0;23
MUKRIYE;23;22.01.1967;0;23
RAFIZE;23;9.12.1956;0;23
ZEKAY;23;6.10.1967;20;3
KEVSEL;23;21.09.1974;0;23
ORDEKI;23;23.05.1966;0;23
ABBUT;23;27.07.1953;23;0
EJDAT;23;26.06.1975;23;0
SAHZINE;23;28.12.1955;0;23
SINDA;23;27.12.1988;0;23
HEYMUNE;23;30.07.1960;0;23
NUPELDA;23;12.05.1989;0;23
BEZZAT;23;16.11.1963;23;0
MEYSA;23;3.11.1971;0;23
ALEEDDIN;23;17.05.1962;23;0
OMAY;23;11.12.1976;10;13
SAHAT;23;6.10.1962;18;5
NEZAR;23;12.04.1979;20;3
DESDE;23;10.02.1965;0;23
EMREGUL;23;15.05.1973;0;23
NEZIYHA;23;17.06.1967;0;23
CUMAYA;23;30.2.1969;23;0
NEZAKE;23;1.07.1958;0;23
YASARALI;23;4.03.1965;23;0
BEKIRE;23;8.07.1954;1;22
DEHAN;23;21.11.1976;16;7
AISEHAN;23;21.04.1944;0;23
NEFIGA;23;20.10.1965;0;23
RAFILE;23;26.03.1970;0;23
TEYFIKA;23;18.01.1960;0;23
NESURE;23;30.05.1960;0;23
ZORE;23;20.02.1962;1;22
HULASE;23;23.08.1953;0;23
JALAN;23;5.08.1972;0;23
YALMAN;23;30.10.1962;23;0
INCIR;23;20.11.1958;0;23
PIYAMI;23;16.06.1963;23;0
METECAN;23;30.06.1986;23;0
ERVE;23;13.12.1962;1;22
RECAHI;23;27.07.1960;23;0
DILANUR;23;4.04.1990;0;23
SULA;23;27.07.1964;0;23
SAHURIYE;23;24.06.1962;0;23
FIDAI;23;21.08.1959;15;8
ZENUBE;23;3.09.1956;0;23
CEHRE;23;23.02.1956;1;22
FERDAGUL;23;11.10.1976;0;23
MAVIL;23;2.05.1955;7;16
GUNESER;23;10.10.1958;1;22
NEBIRE;23;18.06.1955;0;23
TOLGACAN;23;15.03.1987;23;0
MELHAN;23;29.04.1959;0;23
MUBEYYAN;23;19.02.1961;0;23
SEBIBE;23;24.03.1964;0;23
ZENCAN;23;19.08.1957;0;23
FETTI;23;22.09.1954;23;0
GULUMSEN;23;12.04.1970;0;23
NAMIRE;23;26.08.1954;0;23
OZBERK;23;7.07.1983;23;0
URKAN;23;29.04.1965;8;15
ZULFIDAN;23;7.06.1969;0;23
MZIA;23;16.03.1966;0;23
BURCUHAN;23;8.01.1982;5;18
CIDDIYE;23;12.07.1953;0;23
FERDANUR;23;22.02.1980;0;23
OZGUVEN;23;25.09.1970;23;0
LYUBOV;23;24.08.1970;0;23
PUPUZE;23;16.01.1951;0;23
FERAIZ;23;5.02.1951;14;9
SEDDET;23;10.07.1949;22;1
VARIS;23;30.07.1968;19;4
AKSER;23;3.03.1962;6;17
MUSUNE;23;4.12.1963;0;23
YASLI;23;21.12.1968;0;23
YAHUZE;23;14.02.1958;17;6
SEMIHCAN;23;20.04.1989;23;0
GULSEZEN;23;9.02.1962;0;23
CEMALET;23;27.09.1964;23;0
YEDER;23;24.08.1961;0;23
NAGILE;23;8.05.1969;0;23
TUDANYA;23;25.06.1989;0;23
RAUP;23;17.02.1968;23;0
BERVIN;23;14.03.1970;0;23
SEDRET;23;16.01.1966;7;16
FULSEN;23;27.12.1977;0;23
SULFI;23;29.01.1964;21;2
CANKAYA;23;1.05.1953;22;1
SIRAL;23;17.11.1962;5;18
ERDAR;23;15.09.1970;23;0
ILKSUN;23;29.01.1978;0;23
AKA;23;10.11.1952;20;3
CANCAN;23;10.02.1972;5;18
HAYRINUR;23;23.07.1955;0;23
GULCEHRI;23;26.01.1957;0;23
PERZAT;23;4.10.1956;1;22
TANGOR;23;9.04.1962;19;4
NESVE;23;5.06.1969;0;23
SELMIHA;23;18.10.1966;0;23
KAYYUM;23;14.08.1957;23;0
GULSAL;23;30.2.1963;1;22
ELVETTIN;23;17.04.1960;23;0
TOREHAN;23;14.04.1984;21;2
RAKIME;23;23.04.1960;0;23
SATINUR;23;28.07.1974;0;23
AKNUR;23;9.07.1971;3;20
FEZIME;23;29.06.1961;0;23
TUGSAL;23;18.01.1973;22;1
SURAN;23;28.09.1967;3;20
SELIHE;23;16.06.1961;0;23
RAFIGA;23;23.11.1958;0;23
MUAREM;23;10.05.1971;23;0
CIGIR;23;3.05.1980;16;7
SARKAN;23;14.08.1981;22;1
ADEFIYE;23;3.10.1962;0;23
MEMMET;23;11.01.1962;23;0
COMART;23;23.03.1957;22;1
PEYKIRE;23;29.11.1957;0;23
YURTGUL;23;22.06.1966;0;23
GULCERE;23;12.01.1964;0;23
ESINGUL;23;20.12.1967;0;23
NANI;23;25.07.1952;1;22
MUDERRIS;23;22.02.1964;23;0
ZULCE;23;4.09.1958;0;23
BAHADUR;23;14.01.1971;22;1
ERMIYE;23;30.08.1961;13;10
HERGUN;23;16.09.1966;13;10
ZAFEREN;23;19.10.1965;1;22
GUNNER;23;1.02.1964;1;22
ZINNETI;23;27.09.1953;0;23
SARGUN;23;29.2.1965;22;1
SIHMAN;23;9.12.1964;23;0
MUTMINE;23;17.03.1962;0;23
AYSUNA;23;12.11.1968;0;23
HURMANIYE;23;25.04.1955;0;23
SEHBAZ;23;26.01.1962;19;4
KUSAT;23;24.04.1967;23;0
SERPILGUL;23;16.05.1967;0;23
MEZUNE;23;7.04.1949;0;23
NESUHA;23;26.06.1968;0;23
VAFIRE;23;24.09.1958;0;23
INDIRA;23;14.12.1973;0;23
GULERYUZ;23;18.02.1964;1;22
SELIYME;23;7.10.1960;0;23
ORGUL;23;1.05.1975;5;18
FERUHAN;23;18.10.1955;0;23
TIJAN;23;14.02.1969;0;23
MERVIN;23;15.04.1984;0;23
GULBITTI;23;5.08.1959;0;23
SEDEM;23;16.10.1983;0;23
SERINCAN;23;5.09.1968;5;18
KAMI;23;13.08.1969;19;4
MOHUP;23;5.02.1960;4;19
BIRHAYAT;23;21.04.1975;0;23
BAYI;23;23.02.1948;23;0
ZEKINA;23;19.01.1965;0;23
CEMEN;23;29.2.1966;0;23
FAYMA;23;21.08.1966;0;23
PORES;23;30.07.1951;0;23
RUHEFZA;23;18.04.1957;0;23
NEHARI;23;16.05.1963;3;20
GULUSOR;23;22.11.1962;0;23
MAISER;23;17.09.1952;0;23
ESMERPERI;23;14.09.1959;0;23
MIHRIVAN;23;3.02.1970;0;23
CEDIH;23;14.01.1970;23;0
GULHEZAR;23;1.05.1965;0;23
RUSKIYE;23;11.07.1966;0;23
EBCET;23;22.12.1977;22;1
RUZKIYE;23;21.11.1964;0;23
HUKUMET;23;30.05.1966;13;10
HAYREDIN;23;8.07.1963;23;0
TURAB;23;24.06.1979;21;2
MUNTAZAM;23;29.08.1975;1;22
RUJBIN;23;9.07.1983;0;23
SALLUH;23;10.07.1957;0;23
ZAKIF;23;18.09.1965;23;0
MEFAHIR;23;20.07.1959;19;4
MUHTIYE;23;17.12.1961;0;23
ISYAR;23;19.10.1971;23;0
DILDAN;23;23.06.1966;0;23
SENADDIN;23;30.03.1975;23;0
NERFIDE;23;25.05.1949;0;23
MAMUR;23;9.10.1959;15;8
ALTINTEN;23;30.03.1944;0;23
YUNUSE;23;10.07.1963;0;23
SABIRYE;23;25.10.1969;0;23
GULBAHRIYE;23;3.04.1961;0;23
SACITTIN;23;23.08.1961;23;0
ZEBIBE;23;6.12.1949;0;23
NUFUSIYE;23;25.09.1979;0;23
MEMETSALIH;23;27.03.1966;23;0
MUSBAHATTIN;23;5.08.1971;23;0
BILET;23;24.09.1971;22;1
VICDANE;23;11.12.1953;1;22
ELDEM;23;24.10.1982;5;18
HASANI;23;9.10.1967;23;0
IMREL;23;15.07.1967;3;20
MICHELLE;23;17.11.1972;0;23
TURKILERI;23;19.03.1961;22;1
CANBEK;23;11.11.1979;23;0
MASUNI;23;14.05.1974;23;0
HAYFETTIN;23;28.04.1971;23;0
NAHI;23;7.05.1962;18;5
MAYUF;23;1.04.1957;23;0
SIMUZER;23;25.07.1945;0;23
ARUN;23;16.06.1969;22;1
GUMRAL;23;15.01.1962;5;18
KEREMCAN;23;13.06.1987;23;0
VICIDAN;23;2.09.1961;0;23
TURKINAZ;23;17.09.1969;0;23
SERECETTIN;23;7.03.1970;23;0
FAIM;23;9.01.1973;23;0
NECRIYE;23;20.01.1969;0;23
KUDUSI;23;23.10.1963;23;0
TOBA;23;14.04.1953;0;23
SAVAT;23;28.10.1964;13;10
FENDISEMAL;23;15.03.1957;0;23
CENBELI;23;30.05.1968;23;0
SAHIBA;23;26.04.1966;0;23
BIRSES;23;7.10.1970;4;19
MIMI;23;8.10.1951;0;23
YASADIN;23;24.02.1957;21;2
MANA;23;8.05.1973;0;23
SAHSIGUL;23;10.08.1973;0;23
SOYLU;23;9.08.1976;13;10
HAPBA;23;9.10.1958;0;23
HULUYA;23;12.08.1969;0;23
SELEDDIN;23;11.03.1962;23;0
SONTAC;23;5.08.1974;4;19
BEDAT;23;15.11.1964;20;3
ZERHANIM;23;20.11.1949;0;23
KOCU;23;6.02.1962;22;1
KIZTAMAM;23;18.10.1957;0;23
TELLIBEY;23;13.05.1962;23;0
EMIRASLAN;23;1.05.1955;23;0
TELET;23;17.12.1966;23;0
GURNUS;23;25.08.1949;0;23
GUVENTURK;23;14.07.1969;23;0
TEMCIT;23;18.06.1956;23;0
NARMINE;23;26.10.1970;0;23
FANTI;23;1.01.1957;1;22
LIVAZIYE;23;6.03.1956;0;23
TUNCAL;23;4.07.1957;22;1
ERDILEK;23;25.01.1973;21;2
FATLIYE;23;14.10.1960;0;23
RAYIBE;23;6.07.1961;0;23
NIGEL;23;19.12.1973;1;22
OYAL;23;4.02.1965;6;17
OKSEL;23;18.08.1959;8;15
BEZER;23;17.01.1957;0;23
YOKSULI;23;24.08.1978;23;0
IMO;23;25.04.1950;4;19
M.HALIL;23;27.06.1953;23;0
BENDA;23;25.12.1973;2;21
DIRSAN;23;19.10.1953;0;23
DEVIN;23;20.10.1982;8;15
ADEVI;23;14.08.1958;0;23
SERTUNC;23;6.12.1979;23;0
SIRMAHAN;23;24.09.1973;0;23
VAHIB;23;22.05.1962;23;0
BEHIN;23;2.11.1947;1;22
FATGUL;23;3.07.1960;0;23
KORALP;23;24.10.1979;23;0
MELEKAN;23;27.11.1953;0;23
BARIDE;23;27.04.1972;0;23
ANBERE;23;12.07.1957;0;23
SERDEST;23;10.02.1984;19;4
FECRETTIN;23;10.09.1963;23;0
INA;23;28.12.1977;1;22
M.IHSAN;23;18.10.1954;23;0
RAMONA;23;12.02.1980;0;23
NAZIKTEN;23;6.01.1963;0;23
HAYGUHI;23;19.10.1945;0;23
HENIS;23;26.08.1963;23;0
ELVANE;23;2.11.1964;0;23
ELBRUZ;23;6.09.1980;23;0
TIMSAL;23;21.02.1959;1;22
HERIDE;23;23.08.1950;0;23
CANDENIZ;23;16.10.1984;20;3
SEDVAN;23;17.05.1963;23;0
DIMITRO;23;13.03.1954;22;1
ANISOARA;23;12.04.1972;0;23
MUHAIL;23;5.04.1938;23;0
HILEN;23;17.11.1959;0;23
PIRIMAN;23;24.12.1960;0;23
UKKAS;22;2.10.1949;22;0
BACEY;22;9.04.1950;0;22
HISIR;22;25.06.1963;0;22
BEDRANA;22;17.09.1981;0;22
HULAY;22;19.06.1973;1;21
MUHAN;22;28.08.1960;17;5
ISBIR;22;7.11.1961;11;11
VARAN;22;8.06.1981;20;2
GULCUM;22;30.10.1965;0;22
BIRDESEN;22;13.10.1973;0;22
CAMAY;22;24.05.1970;3;19
HACIYUSUF;22;15.04.1970;22;0
SERAH;22;3.04.1977;5;17
NURSOY;22;22.03.1972;6;16
AFO;22;14.08.1942;9;13
MURIYET;22;18.12.1964;0;22
SEVTAC;22;19.03.1978;4;18
HIVIDAR;22;13.04.1989;0;22
SEMSETIN;22;2.07.1968;22;0
FITOZ;22;28.01.1953;0;22
NISI;22;29.09.1941;0;22
SEVLIYA;22;28.09.1978;0;22
MUJGE;22;27.02.1984;0;22
KAYOS;22;4.08.1956;0;22
SUMERA;22;21.06.1980;0;22
NABIDE;22;10.09.1951;0;22
YURDANE;22;11.07.1962;0;22
FAHTI;22;27.04.1973;22;0
BAYAZ;22;11.09.1951;0;22
BETULAY;22;12.05.1980;0;22
NURAT;22;4.02.1968;13;9
GULUMPASA;22;9.01.1958;0;22
ILERI;22;7.10.1964;15;7
NURKAYA;22;10.03.1967;14;8
AYSELIN;22;25.04.1978;0;22
GULCUHAN;22;14.06.1974;0;22
MUCETTIN;22;1.11.1968;22;0
SARITE;22;7.04.1968;0;22
GULDAM;22;28.07.1962;0;22
AYSEV;22;24.07.1974;1;21
HACALI;22;19.01.1966;22;0
ESGUL;22;3.04.1967;0;22
TILLI;22;10.10.1950;1;21
NAILI;22;6.04.1957;15;7
MITTAT;22;21.10.1964;22;0
HASILE;22;1.03.1969;0;22
HACIMEMET;22;5.09.1949;22;0
PERAHAN;22;16.11.1960;0;22
SERGENDER;22;8.10.1976;22;0
NARINCIYE;22;17.12.1960;0;22
GAYSE;22;24.12.1973;0;22
BEHIYA;22;27.10.1973;0;22
HEMIYET;22;15.09.1966;0;22
EYCAN;22;10.09.1976;6;16
M.BESIR;22;3.10.1954;22;0
MELIHET;22;5.01.1963;0;22
BEDIRAN;22;25.04.1963;20;2
BEYO;22;7.12.1960;2;20
NESLISAN;22;14.08.1969;0;22
MARAS;22;29.2.1967;15;7
MISKIYE;22;21.03.1961;0;22
MISE;22;14.11.1958;0;22
RADA;22;1.10.1974;6;16
ADULA;22;15.04.1965;1;21
SAVNI;22;29.07.1953;20;2
HEVLA;22;30.2.1963;0;22
DEMO;22;11.05.1968;16;6
MIDYA;22;5.10.1982;0;22
BARIA;22;1.07.1957;0;22
SUHER;22;26.01.1977;1;21
BILGESAN;22;29.01.1983;0;22
ZUHRET;22;28.06.1968;0;22
ILHANE;22;12.05.1960;0;22
HASYA;22;1.12.1972;0;22
FERSENT;22;5.05.1971;22;0
MARYE;22;30.04.1968;0;22
HEYAM;22;7.12.1981;3;19
CIRVE;22;14.04.1949;0;22
NAZMIYA;22;7.10.1960;0;22
CEZYA;22;11.01.1965;0;22
ALAMET;22;28.06.1968;7;15
ZUHDI;22;20.10.1946;22;0
KADIYE;22;30.10.1958;0;22
HUSAMEDIN;22;7.01.1968;22;0
HECO;22;1.09.1943;1;21
SAMAR;22;20.08.1981;2;20
SARIFE;22;30.09.1971;0;22
KEHLA;22;2.03.1967;0;22
SADEDIN;22;17.10.1965;22;0
TERZAN;22;18.08.1972;16;6
RIVA;22;1.12.1970;6;16
CINNET;22;7.11.1970;1;21
SEYAL;22;30.2.1979;0;22
SEKINA;22;16.06.1967;0;22
NUFE;22;29.2.1954;0;22
MINET;22;13.05.1970;1;21
ABDULSABUR;22;14.10.1974;22;0
REHILE;22;9.01.1958;0;22
BEZE;22;8.02.1946;0;22
SENO;22;29.03.1943;2;20
GABRIELE;22;17.09.1961;2;20
MIKRIYE;22;23.05.1967;0;22
ESRE;22;4.03.1976;0;22
MIRYAM;22;18.04.1969;0;22
DIYAB;22;18.04.1957;22;0
SARAC;22;13.02.1971;22;0
KERAMETDIN;22;20.08.1965;22;0
SEVKETTIN;22;17.11.1959;22;0
NACYE;22;27.10.1964;0;22
HASIN;22;22.10.1965;13;9
EZVER;22;14.03.1976;22;0
DILNAVAZ;22;13.09.1966;1;21
SURIYYA;22;5.09.1961;3;19
S.;22;12.05.1956;21;1
NEHILE;22;23.04.1960;0;22
NURFAN;22;26.04.1969;10;12
LINDE;22;19.09.1970;0;22
RIZKIYA;22;12.01.1968;0;22
MERCI;22;30.01.1953;2;20
GULERSUN;22;27.01.1970;0;22
SEDAN;22;13.10.1978;11;11
BEGIM;22;21.10.1953;2;20
KADIS;22;5.09.1948;0;22
SIDTIKA;22;17.02.1963;0;22
NAFIDER;22;18.01.1957;0;22
RUHU;22;3.06.1957;16;6
SADIMEN;22;5.10.1965;0;22
SAKURE;22;25.08.1952;0;22
SUVELYA;22;16.01.1978;0;22
MUKERRER;22;2.07.1954;3;19
MEFAYIL;22;5.06.1968;22;0
FARZIYE;22;27.04.1961;0;22
MUDAYIM;22;14.08.1958;20;2
MUAFAK;22;1.08.1969;21;1
NUTKU;22;21.11.1969;20;2
CEVADE;22;2.06.1953;0;22
HACA;22;9.08.1945;12;10
SEYFITDIN;22;12.01.1960;22;0
NEBIYLE;22;11.09.1965;0;22
REVIYE;22;18.02.1960;0;22
NEJATI;22;28.03.1960;22;0
NIAL;22;25.02.1968;0;22
SEVDIYA;22;13.03.1965;0;22
GULUSDAN;22;25.09.1961;0;22
ZAHIME;22;17.01.1962;0;22
URSEN;22;16.02.1963;9;13
ALAEDTIN;22;2.03.1962;22;0
DERYE;22;29.12.1982;0;22
HULDA;22;21.06.1976;2;20
VURGUN;22;13.07.1979;21;1
SELANUR;22;1.02.1974;0;22
HIRA;22;21.08.1982;5;17
IHBARIYE;22;15.12.1950;0;22
MULUFE;22;16.04.1969;0;22
ZIFER;22;7.09.1960;17;5
YURDASAN;22;15.01.1963;10;12
ENGINAY;22;4.07.1973;4;18
SECAI;22;30.04.1966;21;1
SEYFUL;22;19.08.1964;22;0
RAHIKA;22;13.01.1952;0;22
SELYA;22;16.09.1982;0;22
SUZEL;22;8.12.1962;0;22
MELAAT;22;7.11.1962;0;22
SABANUR;22;8.12.1978;0;22
BERHAM;22;12.08.1976;21;1
RICAIL;22;16.06.1959;22;0
GULETTIN;22;4.12.1971;22;0
SIYAFET;22;12.06.1968;1;21
MELAYET;22;13.02.1949;0;22
RIZMAN;22;15.10.1954;21;1
RIKAP;22;15.07.1950;22;0
HIKAYET;22;18.03.1953;1;21
SEYIF;22;14.04.1951;22;0
AZMETTIN;22;3.05.1960;22;0
ANJELIKA;22;5.06.1974;0;22
HICABE;22;14.07.1956;1;21
AYISER;22;8.05.1958;0;22
GUSAN;22;21.05.1965;3;19
FIDES;22;23.12.1965;0;22
UMURHAN;22;30.10.1976;19;3
SEVILAN;22;7.01.1974;2;20
HESENE;22;8.01.1956;0;22
TOGMAN;22;18.09.1960;22;0
EFRETTIN;22;12.04.1959;22;0
KIYAFETTIN;22;5.09.1961;22;0
MAYSEL;22;9.05.1969;0;22
NILDAG;22;8.11.1981;0;22
NUSEN;22;14.04.1969;0;22
ZAHLA;22;9.07.1954;0;22
REFAEDDIN;22;2.05.1951;22;0
MUNIB;22;22.03.1957;21;1
FUGAN;22;7.05.1966;2;20
GULFAMI;22;8.11.1959;0;22
NASI;22;1.05.1966;15;7
SANDAL;22;1.10.1958;1;21
BENOL;22;29.07.1965;11;11
ZENISAN;22;30.2.1967;0;22
MUELLA;22;18.12.1955;0;22
SAHMELEK;22;9.11.1962;1;21
MAHGUL;22;6.10.1958;1;21
BIRSAL;22;16.04.1969;7;15
ITRIS;22;24.04.1964;22;0
GULYASEMIN;22;17.01.1968;0;22
TUBAG;22;15.12.1978;1;21
ASIYET;22;25.02.1952;0;22
SIDRE;22;3.05.1987;0;22
MECBULE;22;16.09.1966;0;22
NURKAY;22;15.10.1969;17;5
KEMTER;22;26.11.1963;22;0
MELDIYE;22;17.11.1964;0;22
REKIMAN;22;18.08.1943;0;22
KORALTAN;22;14.02.1965;22;0
SEYATI;22;29.03.1966;21;1
TACAN;22;28.06.1968;20;2
KEMALCAN;22;25.03.1985;22;0
UZEYIME;22;10.05.1960;0;22
SAMURAN;22;26.10.1962;5;17
RUHEYDA;22;7.12.1974;0;22
ELIM;22;5.10.1969;12;10
HURUZAT;22;21.03.1954;0;22
PENPIS;22;12.06.1962;0;22
HATIKA;22;29.2.1954;0;22
CEYSUN;22;27.07.1981;13;9
TELIK;22;13.05.1957;0;22
NEZLE;22;8.01.1964;0;22
BESIDE;22;26.05.1967;0;22
RALE;22;6.05.1975;0;22
SAADETDIN;22;25.12.1963;22;0
TURUC;22;6.11.1958;1;21
MURADI;22;30.11.1963;14;8
MINIFE;22;7.11.1966;0;22
HELME;22;21.04.1957;0;22
MAHBIP;22;7.04.1963;0;22
ZIBEL;22;14.06.1973;1;21
SAAP;22;7.03.1965;22;0
H.BEKIR;22;23.03.1952;22;0
SINAZER;22;9.03.1951;0;22
EGLEM;22;24.06.1980;1;21
AZGUL;22;3.11.1971;0;22
PELUZA;22;4.02.1961;0;22
TEBERUK;22;13.09.1954;0;22
MEFRUZE;22;20.01.1959;0;22
SECME;22;11.03.1969;1;21
NECLIHA;22;5.06.1948;0;22
MEHTUN;22;16.09.1976;13;9
IHBAL;22;10.04.1966;0;22
SENSEL;22;1.07.1961;4;18
MERDINSAH;22;28.08.1952;22;0
SERIYYE;22;17.09.1965;0;22
ALPERHAN;22;6.09.1986;22;0
GULSES;22;29.07.1970;0;22
SIYASETTIN;22;26.02.1967;22;0
GULNIYAZ;22;11.08.1960;0;22
MUSENNA;22;6.06.1976;12;10
PARIS;22;26.07.1954;8;14
GULOS;22;23.01.1963;0;22
MEDIHAT;22;12.02.1966;1;21
BAYDUR;22;4.08.1961;22;0
ISTIHAR;22;26.10.1971;0;22
MAHBER;22;23.11.1955;0;22
ZULKARNEY;22;8.02.1966;22;0
MECMETTIN;22;11.08.1967;22;0
TESVIRE;22;15.08.1952;0;22
MINGUL;22;6.11.1966;0;22
ARKUN;22;4.08.1969;22;0
BAYRAK;22;18.06.1956;22;0
AYNIFER;22;30.10.1960;0;22
SANS;22;16.04.1972;14;8
CENKIZ;22;26.07.1962;21;1
MIRA;22;27.08.1965;4;18
FERHANDE;22;30.11.1946;0;22
ABDULRIZA;22;11.06.1973;22;0
BACIYE;22;4.09.1961;0;22
HAYVA;22;6.02.1942;0;22
NESEMI;22;1.08.1967;22;0
PELGUZAR;22;20.01.1963;0;22
TELLO;22;5.07.1946;11;11
AGACAN;22;6.08.1969;22;0
ESRET;22;12.12.1965;14;8
NACIA;22;17.04.1958;0;22
CILO;22;4.02.1945;7;15
MISAFIR;22;25.09.1966;21;1
MISLIME;22;7.07.1966;0;22
RIZKET;22;20.12.1974;0;22
MUTAZIM;22;30.04.1975;4;18
AYNURHAYAT;22;24.03.1967;0;22
ASMI;22;8.10.1954;0;22
MEYSERET;22;26.08.1972;8;14
SEDREDIN;22;5.02.1965;22;0
MUHTAC;22;28.06.1979;17;5
ESADULLAH;22;27.07.1965;22;0
MADISAH;22;13.12.1974;0;22
DIRI;22;14.05.1945;6;16
AYVA;22;13.03.1964;0;22
MELTEN;22;17.05.1976;0;22
FELIHA;22;18.08.1961;0;22
ZENURA;22;19.04.1968;0;22
SAMEDIN;22;6.08.1960;22;0
FIDEM;22;10.02.1979;0;22
FERICA;22;27.01.1956;0;22
ABDULMANAV;22;6.09.1974;22;0
HIZMET;22;27.02.1964;10;12
NEZRETTIN;22;17.02.1968;22;0
YAHYE;22;21.12.1964;22;0
AVISE;22;25.10.1950;0;22
ALTER;22;11.04.1977;21;1
ECLAL;22;17.01.1948;0;22
ZULFUSIYAH;22;24.09.1952;0;22
GULBAKIYE;22;17.11.1957;0;22
CHRISTA;22;28.02.1950;0;22
SEREP;22;8.07.1978;1;21
HANIS;22;11.05.1949;3;19
FEYMA;22;17.03.1972;0;22
AKIYLE;22;24.05.1963;0;22
GULMAHIYE;22;4.06.1950;0;22
SULEYME;22;26.07.1952;0;22
VAHIDETTIN;22;15.01.1947;22;0
HASENIYE;22;25.01.1949;0;22
REMIZE;22;8.04.1958;0;22
NEVALE;22;12.05.1963;0;22
GOVER;22;18.08.1958;2;20
SABIRI;22;4.06.1963;22;0
SERDE;22;20.11.1970;0;22
GULPERIHAN;22;12.07.1962;0;22
GUNNIHAR;22;25.08.1954;0;22
ISLAMIYE;22;13.03.1970;0;22
AYRIYE;22;30.09.1957;0;22
GULSI;22;18.11.1956;1;21
MIRADIYE;22;30.09.1954;0;22
SEBHATTIN;22;24.04.1975;22;0
NEZVER;22;24.02.1965;1;21
SURRIYE;22;24.09.1960;1;21
KERIBAR;22;26.03.1964;0;22
ARDIL;22;11.11.1983;22;0
MENDO;22;28.08.1953;21;1
NECMAN;22;5.04.1967;12;10
IGBAL;22;14.09.1963;6;16
SERICAN;22;28.12.1970;0;22
NAYIFE;22;26.10.1968;0;22
TEKAY;22;2.05.1970;11;11
GUNSEV;22;29.06.1963;1;21
AHDER;22;5.11.1967;0;22
KUDIRET;22;29.05.1966;10;12
PUSTE;22;27.08.1951;0;22
TURNATEL;22;8.08.1962;0;22
FILLE;22;4.09.1958;0;22
SEDAL;22;27.09.1976;13;9
BENGE;22;22.09.1959;0;22
INTIMAZ;22;23.02.1959;0;22
TAHSIME;22;19.01.1973;0;22
FILIZER;22;7.04.1968;1;21
SAHDAN;22;25.05.1964;13;9
ERBUG;22;25.04.1971;22;0
MEHTIN;22;12.04.1972;22;0
AZIZEGUL;22;18.09.1953;0;22
HAVIKE;22;7.07.1947;0;22
SERIFENUR;22;28.07.1976;0;22
ESILE;22;12.04.1973;0;22
BERKEHAN;22;13.11.1982;22;0
FAMET;22;11.11.1967;2;20
FATLI;22;5.11.1958;22;0
DUSUZE;22;10.11.1964;0;22
HALILCAN;22;19.06.1987;22;0
CEYSU;22;12.03.1990;0;22
TURER;22;29.12.1960;17;5
AMIS;22;27.04.1942;20;2
MEYMINE;22;13.01.1962;0;22
YAZGAN;22;14.04.1986;19;3
IMISANA;22;29.08.1959;0;22
ZEBIRHAN;22;3.03.1961;0;22
MIZYAL;22;25.02.1959;0;22
DURRIN;22;23.11.1961;0;22
MIREL;22;21.04.1980;1;21
TAYRIYE;22;8.02.1962;0;22
PAMPAL;22;2.11.1961;0;22
ANACIK;22;16.02.1951;0;22
SIHE;22;29.05.1961;0;22
OFA;22;27.08.1960;0;22
DILAVUZ;22;3.06.1959;0;22
RIDAH;22;24.06.1970;0;22
BERIBAN;22;7.12.1984;0;22
YILMA;22;21.01.1975;19;3
AYIP;22;2.11.1967;22;0
ORYAN;22;13.02.1972;22;0
MUSIKE;22;28.06.1958;0;22
NEVI;22;2.10.1958;5;17
BLEDA;22;25.03.1976;18;4
KAMSIYE;22;25.05.1953;0;22
SAHABET;22;21.10.1968;12;10
NUVEYRAN;22;26.01.1966;22;0
YUNEL;22;3.04.1964;13;9
BIDAR;22;9.07.1962;3;19
TOYCAN;22;25.10.1973;19;3
HAMKA;22;6.02.1951;1;21
EVENUR;22;24.07.1971;0;22
HAYRABET;22;5.05.1952;22;0
ITIDAL;22;15.10.1954;0;22
ULLUYE;22;10.03.1964;0;22
SERMEN;22;5.12.1964;1;21
GALIMAN;22;20.07.1960;0;22
CIGIL;22;22.10.1982;1;21
GEVRISAN;22;29.11.1960;0;22
IBADI;22;30.07.1962;20;2
EBRUNUR;22;19.01.1984;0;22
ESEY;21;26.09.1948;0;21
FIRAS;21;9.10.1980;17;4
VAHDETDIN;21;13.10.1966;21;0
GULALE;21;23.09.1964;0;21
AVIDE;21;19.12.1961;0;21
MASUDE;21;5.09.1972;0;21
MEHRIZAT;21;4.04.1960;0;21
SAMURE;21;7.11.1953;0;21
FATMAI;21;27.09.1944;0;21
RANEY;21;25.11.1952;0;21
GIZLEM;21;20.11.1985;0;21
HAFISA;21;15.09.1954;0;21
MEZRUKA;21;13.05.1947;0;21
NEDIMHAN;21;11.12.1968;1;20
IZZETDIN;21;21.11.1963;21;0
RUHTAN;21;23.01.1967;13;8
SUMERRA;21;23.10.1981;0;21
FARIHA;21;12.12.1967;0;21
DALAL;21;12.03.1957;2;19
ZENAN;21;29.04.1963;0;21
HAFE;21;26.09.1961;0;21
MEDIYHA;21;24.05.1960;0;21
MUKKADDER;21;22.03.1978;0;21
FAKIRE;21;27.06.1960;0;21
SELDAL;21;9.09.1978;14;7
EMRUH;21;4.12.1980;12;9
FIRIZE;21;30.08.1959;0;21
NADA;21;11.11.1970;0;21
SARICAN;21;6.03.1974;4;17
BENI;21;4.05.1970;14;7
ALOS;21;4.10.1946;21;0
SEMIAT;21;22.08.1966;0;21
RESSO;21;28.10.1944;21;0
GUNDENIZ;21;2.01.1971;16;5
IZHAN;21;24.06.1961;19;2
SUMAYYA;21;27.11.1979;0;21
ARAB;21;12.08.1961;17;4
RUVEYLA;21;25.01.1966;0;21
TERFI;21;26.10.1954;1;20
FERIDIN;21;8.07.1966;21;0
ITMAN;21;16.06.1969;21;0
RIYHAN;21;22.02.1957;0;21
FEVAZ;21;29.01.1976;21;0
HUKMETTIN;21;14.11.1958;21;0
BENEFSI;21;6.02.1948;0;21
MESUDA;21;6.12.1966;0;21
ATILKAN;21;2.07.1976;21;0
TEMMO;21;29.01.1947;21;0
DEYER;21;12.08.1971;11;10
EKRIME;21;10.09.1965;0;21
BELHI;21;9.10.1952;0;21
ALIK;21;4.07.1954;21;0
SILTANI;21;26.03.1969;0;21
ZEMI;21;6.03.1959;0;21
MUZAHHER;21;22.05.1951;1;20
SEHI;21;12.12.1951;1;20
ABDULSAMAD;21;26.02.1974;21;0
ZORO;21;1.03.1972;20;1
IZZI;21;5.12.1951;21;0
YESIR;21;22.09.1974;20;1
GULHUN;21;3.10.1974;0;21
PERDI;21;12.07.1956;0;21
SEFYA;21;25.11.1961;0;21
HURE;21;2.12.1948;0;21
SEDO;21;16.02.1949;3;18
MAKIYE;21;10.01.1964;0;21
BUNYAM;21;25.12.1963;21;0
MIYASI;21;23.06.1957;0;21
MECRUM;21;20.10.1977;21;0
KASO;21;16.09.1942;21;0
YESMIN;21;18.04.1962;0;21
STEFAN;21;26.03.1974;21;0
IBRIZE;21;22.01.1969;0;21
HAYATULLAH;21;29.07.1975;21;0
ROBIN;21;15.07.1982;17;4
MECO;21;27.02.1951;14;7
EYNUR;21;24.08.1972;4;17
ELBIR;21;7.02.1969;15;6
YUMNA;21;18.12.1981;0;21
ZIBEYDE;21;14.08.1965;0;21
MUHUTTUN;21;25.04.1969;21;0
MERVET;21;5.07.1975;0;21
LILYAN;21;7.08.1966;0;21
ZINO;21;9.12.1952;1;20
FEYZE;21;16.01.1975;0;21
TEYMAN;21;25.08.1964;19;2
ESIDE;21;30.12.1962;0;21
BILTAN;21;11.02.1965;6;15
ABDULKAHIR;21;1.07.1976;21;0
HAFIZULLAH;21;26.10.1979;21;0
BIRMAN;21;13.05.1964;4;17
DIYAATTIN;21;21.11.1980;21;0
KEDRIYE;21;30.04.1965;0;21
REVIN;21;15.02.1966;9;12
TAYCAN;21;24.09.1982;18;3
SUMA;21;30.04.1966;0;21
GULTEM;21;6.05.1971;0;21
ZUMRETTE;21;29.05.1964;0;21
HACIEMIN;21;4.01.1964;21;0
MURUYET;21;7.07.1963;0;21
NEZIBE;21;2.02.1962;0;21
NEFIA;21;18.12.1965;0;21
SELMIYAN;21;22.12.1953;0;21
DIRAHSAN;21;1.07.1953;0;21
NERGIL;21;10.01.1970;0;21
SUHELA;21;19.12.1960;0;21
HAYTAN;21;2.05.1948;0;21
SAHARNAZ;21;3.06.1951;0;21
HULUSE;21;11.11.1957;0;21
SULUM;21;27.06.1955;0;21
GADEM;21;1.08.1971;4;17
SADIHA;21;29.02.1960;0;21
MUNFER;21;29.08.1963;10;11
APTULLA;21;27.04.1961;21;0
SEHITTIN;21;16.08.1961;21;0
NEJMITTIN;21;10.02.1965;21;0
HUSAMIDDIN;21;25.04.1957;21;0
NUFIL;21;29.09.1960;20;1
MAFIZER;21;25.03.1962;0;21
RENGINUR;21;16.01.1972;0;21
REFAHITTIN;21;22.08.1963;21;0
BAHRULLAH;21;9.08.1964;21;0
M.YASAR;21;18.10.1954;21;0
SABIL;21;29.03.1977;19;2
BELYA;21;12.07.1978;5;16
DURSUNAY;21;11.06.1976;4;17
BELGUZEL;21;22.01.1961;0;21
FEZAYIL;21;4.10.1960;21;0
FAHIM;21;1.09.1960;21;0
GULZADIYE;21;4.05.1961;0;21
KAMILIYE;21;19.01.1960;0;21
SECIA;21;16.07.1966;0;21
GULEZ;21;15.10.1964;0;21
ZEYNETIYE;21;16.08.1955;0;21
MAHPER;21;10.02.1962;0;21
SATUMAN;21;16.05.1953;0;21
UGURSEN;21;21.11.1963;0;21
SONOL;21;18.03.1969;10;11
MUZKAN;21;23.05.1954;0;21
KETAIN;21;4.02.1953;0;21
ULKUCAN;21;27.09.1979;2;19
SAHINEZ;21;15.05.1963;0;21
CAHITTIN;21;30.04.1955;21;0
GULPENPE;21;27.12.1959;0;21
MUZELLIF;21;17.03.1955;21;0
NIMER;21;3.03.1954;1;20
MUHRET;21;10.10.1963;3;18
AKSEMSETTIN;21;18.06.1981;21;0
EMILIA;21;25.11.1971;0;21
HALISER;21;29.07.1972;0;21
ANN;21;19.04.1961;0;21
URESIN;21;13.03.1960;11;10
DURSAGUL;21;28.12.1968;0;21
REVAYET;21;28.03.1962;3;18
FAYZE;21;7.07.1971;0;21
MEVZUNE;21;11.08.1953;0;21
NEIRE;21;9.11.1948;0;21
ARZUNUR;21;15.02.1982;0;21
SIFANAZ;21;15.11.1955;0;21
GULERHAN;21;25.10.1968;0;21
VECAHET;21;19.01.1942;0;21
TAYIFE;21;28.08.1970;0;21
ULFIDE;21;11.05.1945;0;21
ILKSER;21;15.02.1972;3;18
ADINE;21;3.11.1963;1;20
SENGOR;21;1.01.1957;11;10
ELVERDI;21;14.09.1965;9;12
GOKNAR;21;7.12.1974;8;13
NILGUR;21;29.11.1971;0;21
GULBE;21;12.06.1957;2;19
SIRNAZ;21;4.11.1959;2;19
BELGIS;21;20.06.1959;0;21
NARHATUN;21;19.10.1955;0;21
HEMDINE;21;2.05.1968;0;21
MUKSIN;21;3.09.1973;21;0
MEVLUK;21;27.04.1967;0;21
BERKUK;21;11.06.1971;20;1
SERIFENAZ;21;6.06.1972;0;21
ZENNI;21;3.04.1962;0;21
SUNDUSE;21;7.08.1960;0;21
BINAR;21;7.04.1966;5;16
DAUT;21;16.07.1962;21;0
ADNIYE;21;24.09.1962;0;21
SEVRE;21;25.11.1969;0;21
BEYSAN;21;21.06.1965;12;9
NAZAGUL;21;10.03.1967;0;21
NAZUK;21;26.11.1952;0;21
AYTURAN;21;7.10.1961;20;1
AFINAZ;21;12.06.1954;0;21
MUADDEL;21;21.10.1947;0;21
DOGKAN;21;5.01.1989;21;0
CETE;21;9.11.1959;21;0
KARLI;21;2.03.1958;11;10
SELDAN;21;3.01.1976;2;19
NUTKUYA;21;10.07.1968;0;21
SUBUYAN;21;30.05.1961;0;21
UCEL;21;8.01.1961;10;11
MAHPERUZ;21;18.11.1950;0;21
TASBEY;21;5.01.1969;21;0
GULBIKE;21;8.11.1975;0;21
YAYLACI;21;9.12.1960;0;21
CUBUK;21;20.06.1943;1;20
DEFINE;21;17.07.1973;0;21
MUHEYYA;21;2.11.1958;1;20
DEHRI;21;4.08.1965;21;0
ZENGUL;21;24.08.1960;0;21
YELTEKIN;21;17.02.1971;21;0
MITHAD;21;27.08.1970;21;0
EVNIYE;21;7.03.1963;0;21
SAKIF;21;6.11.1972;21;0
APPAS;21;2.09.1956;21;0
EMSALI;21;23.01.1973;12;9
EMATULLAH;21;24.11.1959;0;21
ALEDIN;21;7.10.1968;21;0
TULCAN;21;24.05.1972;2;19
AHUZER;21;4.04.1973;0;21
ABDULKAYYUM;21;1.02.1966;21;0
NARIGUL;21;23.09.1963;0;21
NUFUDE;21;11.12.1961;0;21
IRAS;21;28.05.1960;0;21
TUTAY;21;8.03.1966;12;9
NURUBET;21;4.09.1961;0;21
GULHATIR;21;28.07.1953;0;21
FEYMIYE;21;6.04.1961;0;21
ADIKA;21;29.06.1960;0;21
MALKOC;21;7.10.1971;21;0
MUBERREM;21;29.08.1959;0;21
NEVDA;21;20.11.1977;1;20
SELDANUR;21;29.07.1981;0;21
BERAETTIN;21;6.10.1959;21;0
KURDELE;21;9.05.1966;0;21
NURAYAT;21;10.02.1965;0;21
TUMICIN;21;24.08.1979;21;0
BERKUT;21;3.09.1979;21;0
OGUZALP;21;28.04.1983;21;0
MUHANMER;21;17.06.1972;21;0
KALKAN;21;11.01.1971;21;0
SERISTAN;21;5.06.1965;0;21
SABAAT;21;1.01.1959;1;20
NURSULTAN;21;15.05.1980;0;21
ABOBEKIR;21;22.12.1952;21;0
KALMAN;21;7.11.1945;21;0
MUGATTES;21;3.09.1965;0;21
PEYAL;21;10.03.1967;19;2
MAHFIYE;21;7.04.1970;0;21
MOHSINE;21;29.03.1955;0;21
MUSTERI;21;9.04.1954;8;13
CURO;21;21.12.1950;20;1
HUMRIYE;21;5.03.1961;0;21
KEJO;21;12.01.1953;12;9
AYNALHAYAT;21;25.07.1956;0;21
GULDEMIR;21;21.05.1957;3;18
GULEDDIN;21;12.02.1974;21;0
MENSUBE;21;7.10.1966;0;21
ZUMRETA;21;29.01.1968;0;21
NURGOL;21;9.07.1974;2;19
HAYILE;21;10.01.1966;0;21
GOLLU;21;27.12.1954;2;19
MAFUZ;21;14.04.1974;21;0
GULTERI;21;27.11.1955;0;21
KOFI;21;2.08.1961;0;21
TEVIT;21;22.09.1970;21;0
DIRBAS;21;27.06.1972;21;0
RANIYE;21;8.11.1966;0;21
TEKMAN;21;14.03.1975;18;3
MIRARIHAN;21;20.06.1967;0;21
ZINNOR;21;29.2.1967;20;1
SEHRENAZ;21;15.10.1965;0;21
REZA;21;11.04.1964;14;7
SANAN;21;19.08.1971;14;7
LEYLIHAN;21;5.04.1956;0;21
RAHIZE;21;7.12.1961;0;21
HAZEM;21;28.01.1966;13;8
NIAM;21;4.09.1957;0;21
MEHEMT;21;10.05.1980;21;0
ZERDO;21;1.04.1941;1;20
ALIMCAN;21;23.09.1966;21;0
GULEYCAN;21;11.03.1985;0;21
MIHRINISA;21;22.12.1953;0;21
SEBRULLAH;21;26.04.1981;21;0
NURDIN;21;26.04.1973;16;5
HANIMAYSE;21;26.01.1960;0;21
TAS;21;8.05.1953;18;3
ATIP;21;23.04.1959;21;0
MANI;21;6.01.1965;3;18
JULIE;21;14.03.1972;0;21
MELSA;21;13.12.1983;0;21
SEVGISUN;21;16.12.1954;0;21
BERIHA;21;8.11.1955;0;21
GULBEDDIN;21;22.11.1988;21;0
ERGON;21;24.12.1943;21;0
BEYYI;21;1.11.1947;0;21
GOLER;21;21.03.1961;0;21
OMERIYE;21;13.09.1959;0;21
NICOLE;21;5.01.1977;0;21
HEVISE;21;13.03.1963;0;21
MEHSUT;21;26.09.1971;21;0
CEVATTIN;21;12.06.1965;21;0
NAGAN;21;18.08.1968;0;21
SAIB;21;24.04.1959;21;0
FAKRULLAH;21;6.06.1976;21;0
RABIAT;21;17.08.1942;0;21
NURIZAN;21;30.07.1950;0;21
LILFER;21;16.02.1964;0;21
CANKER;21;11.11.1971;21;0
MUAS;21;14.10.1977;21;0
MUSDAT;21;3.04.1967;19;2
HEREMSIYA;21;4.03.1972;0;21
SERBINAZ;21;17.05.1969;0;21
SEHELNAZ;21;24.11.1976;0;21
BEDRICEMAL;21;26.09.1963;0;21
MURVETE;21;13.02.1967;0;21
M.CAN;21;6.11.1958;21;0
SIRLI;21;30.08.1969;17;4
EMRAIL;21;20.12.1967;20;1
SELPIN;21;11.01.1965;0;21
BOLU;21;20.12.1958;21;0
NEHLA;21;24.10.1964;0;21
DERAL;21;2.12.1975;18;3
TOMRUZ;21;6.07.1953;1;20
ALLAHYAR;21;26.12.1953;21;0
HANNENE;21;22.07.1944;0;21
SEBUHA;21;20.02.1980;0;21
MILKAN;21;2.09.1967;6;15
ZULFALI;21;22.05.1962;21;0
ZEYVER;21;26.11.1951;7;14
NAVRUZALI;21;19.10.1956;21;0
MULKICIHAN;21;6.09.1961;0;21
ZERMAN;21;6.07.1964;0;21
HURUSER;21;24.04.1952;0;21
UTKUN;21;28.06.1982;16;5
BIRGE;21;25.11.1978;4;17
NEDRI;21;7.08.1968;21;0
IMYAN;21;30.2.1956;2;19
ZALLE;21;27.07.1954;0;21
CIHANBIR;21;7.04.1965;21;0
SABRALI;21;15.10.1946;21;0
SABE;21;30.07.1961;1;20
MIHIBE;21;3.10.1967;0;21
KERBI;21;21.12.1958;21;0
AYNISA;21;18.12.1956;0;21
TEHLILE;21;17.03.1956;0;21
ASKAN;21;30.08.1977;14;7
NEBIE;21;2.06.1964;0;21
KERIMCAN;21;19.07.1982;21;0
ALPAGUT;21;28.03.1973;21;0
SEBAHIR;21;19.05.1964;2;19
DURDANA;21;27.04.1967;0;21
NUHCAN;21;7.12.1977;21;0
ESEGUL;21;7.05.1976;0;21
RIKIYE;21;12.03.1958;0;21
MEDENIYET;21;7.04.1968;3;18
FERMI;21;12.08.1946;4;17
SIMITEN;21;19.11.1951;0;21
LEYAL;21;13.11.1972;0;21
BELIT;21;1.02.1982;4;17
MILDAN;21;4.09.1962;5;16
GARRA;21;23.11.1964;0;21
HASSUN;21;12.05.1951;21;0
TEYFUK;21;12.03.1967;21;0
LEYMON;21;2.01.1965;0;21
MANAS;21;21.06.1968;17;4
ZAREMA;21;22.01.1975;0;21
BEATRIS;21;15.04.1954;0;21
MESTURIYE;21;22.10.1964;0;21
MUSAFFE;21;16.03.1957;0;21
FEHIR;21;8.08.1956;4;17
PARASKEVI;21;30.11.1947;0;21
AHILE;21;1.07.1965;0;21
RIFAN;21;28.04.1963;15;6
FIYETLI;21;1.09.1960;0;21
SEY;20;23.03.1970;19;1
MUNUF;20;20.12.1963;19;1
BINAMI;20;1.02.1975;20;0
UGEY;20;5.07.1954;0;20
AHMETTURAN;20;27.10.1962;20;0
SAYIFE;20;29.09.1965;0;20
HARIFE;20;12.02.1965;0;20
OZDAN;20;11.01.1965;6;14
METAN;20;11.10.1966;6;14
YESARE;20;21.08.1967;1;19
RADIF;20;26.03.1971;20;0
KARABABA;20;13.05.1955;20;0
AYDEGUL;20;23.11.1972;0;20
VAHIYE;20;15.07.1964;0;20
BELGE;20;30.08.1969;1;19
GULCEK;20;5.06.1969;0;20
SADETIN;20;7.03.1966;20;0
NONA;20;30.11.1966;0;20
MAHAP;20;4.07.1955;19;1
GULEMDER;20;17.08.1968;0;20
HURSIDIYE;20;4.02.1960;0;20
ABUTTER;20;18.06.1963;20;0
NEZIM;20;21.08.1966;17;3
PEREHAN;20;11.01.1963;0;20
ASMIYE;20;7.04.1967;0;20
GUNOL;20;19.07.1966;14;6
MUSUDIYE;20;25.10.1959;0;20
HERBINAZ;20;27.08.1959;0;20
ASIP;20;26.03.1958;19;1
ABBASE;20;17.10.1958;0;20
SACEDDIN;20;26.05.1962;20;0
NURZAN;20;25.03.1965;1;19
SILE;20;21.03.1973;1;19
USKAN;20;11.11.1972;16;4
EPRU;20;17.03.1978;1;19
TEVIK;20;30.06.1965;20;0
EZIMET;20;3.08.1958;7;13
ECDAT;20;30.07.1973;20;0
ZELEHA;20;18.03.1956;0;20
TAYBAT;20;17.09.1961;0;20
MUSLIMA;20;6.03.1979;0;20
ELBIRE;20;4.03.1970;0;20
ZERGAH;20;15.04.1964;0;20
FERSE;20;3.09.1956;0;20
KEZO;20;16.07.1950;1;19
ABDULRESUL;20;11.09.1966;20;0
SADAM;20;1.10.1989;20;0
MUAYYET;20;18.08.1980;4;16
NECDE;20;20.11.1958;0;20
CUCO;20;22.06.1952;18;2
BAZIGE;20;17.10.1962;0;20
BEYRETE;20;3.11.1978;0;20
AYSETA;20;25.02.1977;0;20
BESRAVI;20;2.04.1962;17;3
FEYZINUR;20;6.12.1969;3;17
REBIH;20;29.10.1972;19;1
KESIBE;20;29.03.1953;0;20
ZERIFI;20;22.09.1950;0;20
SORO;20;17.09.1945;17;3
HUNDA;20;2.08.1982;0;20
FIDEN;20;1.02.1974;0;20
NACYA;20;30.03.1966;0;20
MUYYESSER;20;7.11.1962;0;20
VAFI;20;24.10.1970;20;0
MERICE;20;16.03.1967;0;20
MUAYYEN;20;4.01.1962;2;18
BEHA;20;30.10.1959;13;7
DERVISHAN;20;24.01.1979;19;1
IRHAN;20;5.04.1967;13;7
JANA;20;22.10.1965;0;20
NEHER;20;24.04.1968;1;19
CEZYE;20;29.08.1970;0;20
IZGAYRE;20;9.08.1955;0;20
FIGEL;20;8.09.1971;0;20
NIFER;20;7.12.1965;1;19
GORGIS;20;18.03.1960;20;0
SUMUNI;20;5.04.1948;0;20
ATO;20;19.09.1949;6;14
GULCANAN;20;9.08.1972;0;20
CAKLIN;20;17.06.1969;0;20
MUSATFA;20;8.06.1976;20;0
KIRISTIN;20;30.11.1979;0;20
IMET;20;11.08.1975;19;1
AYSERI;20;23.02.1962;0;20
EMNE;20;30.2.1964;1;19
CANIT;20;24.10.1954;0;20
SEHAN;20;27.03.1970;2;18
USO;20;12.01.1942;20;0
ZIKREDDIN;20;22.01.1972;20;0
GURRI;20;13.04.1951;19;1
NAMIA;20;19.09.1969;0;20
KASIME;20;20.10.1954;0;20
RICA;20;16.02.1964;5;15
HARICE;20;13.08.1971;0;20
POLINA;20;30.08.1969;0;20
CIGERHUN;20;30.10.1983;20;0
SISO;20;4.07.1949;9;11
POLIS;20;10.11.1966;19;1
MENTIHA;20;25.05.1968;0;20
FIRSAT;20;7.12.1981;15;5
SACI;20;11.05.1963;15;5
REDIF;20;2.03.1965;18;2
RONAHI;20;6.12.1982;8;12
AYVAS;20;9.05.1967;20;0
HAME;20;28.08.1954;10;10
GURBIN;20;29.11.1965;0;20
ZARKA;20;3.12.1954;0;20
MUAZZAZ;20;19.09.1967;0;20
DILEVER;20;11.05.1971;18;2
DULSA;20;6.08.1966;0;20
HANIZE;20;3.01.1971;0;20
SAFIE;20;27.12.1974;0;20
HUDIYE;20;5.06.1958;0;20
HUSNAGUL;20;12.12.1978;0;20
HULIKE;20;20.04.1969;0;20
OZGEL;20;17.08.1972;9;11
SEHRICAN;20;11.12.1969;0;20
BUKAY;20;13.12.1965;6;14
FADIMAANA;20;23.09.1960;0;20
PEVRIZE;20;11.04.1961;0;20
SESIN;20;13.09.1978;4;16
BIYAZ;20;17.05.1949;1;19
BURDE;20;14.01.1989;0;20
UFUKCAN;20;12.02.1989;20;0
SEFAIL;20;8.01.1970;16;4
ZIYSAN;20;19.08.1967;1;19
VALERIA;20;9.12.1970;0;20
BAITTIN;20;6.01.1959;20;0
MUEZZEZ;20;7.10.1967;0;20
HATICANA;20;17.02.1945;0;20
MINIFER;20;29.11.1967;0;20
GULACDI;20;4.11.1956;0;20
REFAYITTIN;20;28.03.1964;20;0
CAPBAR;20;3.05.1957;20;0
IKLAMIYE;20;27.09.1958;0;20
MESDURE;20;4.01.1965;0;20
MASUN;20;26.02.1968;18;2
OZET;20;12.11.1960;7;13
SAYMIYE;20;14.06.1960;0;20
HERAN;20;24.12.1965;14;6
EFAKET;20;1.02.1962;0;20
MEJDI;20;22.07.1963;20;0
ARSEVEN;20;2.05.1961;10;10
DILFUZA;20;9.01.1979;0;20
TEYNUR;20;27.07.1969;1;19
NUSIRE;20;15.08.1951;0;20
MELAHAN;20;18.03.1961;0;20
NEZAET;20;13.01.1965;0;20
ADEMALI;20;1.02.1967;20;0
REUF;20;21.01.1951;20;0
MEVAIL;20;21.12.1955;1;19
AZMAN;20;24.05.1961;20;0
RAFFET;20;10.10.1962;19;1
NEGUZEL;20;21.01.1960;0;20
OZCAY;20;25.02.1973;14;6
UMITHAN;20;9.06.1979;16;4
RESULI;20;12.08.1978;20;0
PAULA;20;11.04.1972;0;20
ZILFAN;20;15.03.1968;0;20
SADUL;20;21.12.1970;19;1
ASUHAN;20;28.04.1986;0;20
SIYAMETTIN;20;11.05.1964;20;0
ZEVKI;20;15.03.1961;18;2
MEFRA;20;2.02.1970;1;19
GULHER;20;20.10.1961;0;20
MISET;20;8.10.1958;0;20
FERIZET;20;7.11.1960;0;20
ZELIN;20;25.07.1982;0;20
FIRDEVST;20;27.02.1961;0;20
RUHANNE;20;28.04.1970;0;20
NUREDTIN;20;29.07.1960;20;0
NUHSERI;20;9.04.1949;0;20
MESMURE;20;12.05.1959;0;20
ELAY;20;24.10.1981;3;17
YASEME;20;23.01.1967;0;20
REFAYI;20;8.01.1968;20;0
MUZEYHAN;20;12.04.1968;0;20
MUTUS;20;5.05.1955;19;1
EMAL;20;29.05.1966;4;16
VESAI;20;13.07.1964;20;0
REBIHAT;20;10.05.1958;0;20
NAHSIYE;20;1.10.1957;0;20
KAHREMAN;20;20.09.1950;19;1
RAGIBA;20;24.11.1951;0;20
CAVLAN;20;22.05.1978;13;7
BURCUGUL;20;28.01.1986;0;20
SELIMSAH;20;15.05.1959;0;20
NIGDA;20;26.12.1983;2;18
REMIZ;20;1.10.1962;18;2
ERTUGRULGAZI;20;4.05.1976;20;0
CIDEN;20;26.03.1975;0;20
EMINEI;20;26.09.1938;0;20
FIDRET;20;1.05.1958;0;20
MURVER;20;3.02.1958;0;20
ILEM;20;15.08.1972;1;19
GULESME;20;26.11.1958;0;20
NARDAGUL;20;26.05.1968;0;20
NAMIDAR;20;16.02.1970;13;7
SAIYE;20;15.07.1958;0;20
SERIME;20;5.09.1957;0;20
ELVADA;20;11.08.1964;0;20
LYUDMILA;20;1.11.1972;0;20
NICOLA;20;11.03.1970;1;19
ONAN;20;7.09.1968;17;3
MUESSEL;20;19.03.1959;0;20
LUTFEN;20;15.05.1961;5;15
TEYFIYE;20;17.04.1957;0;20
ULUZGAR;20;22.11.1967;0;20
AYNIHAN;20;13.06.1957;0;20
GULSERER;20;30.10.1959;0;20
GADIM;20;10.11.1966;20;0
SEFALI;20;18.02.1957;8;12
SEYF;20;3.02.1966;20;0
TUCCAR;20;30.12.1969;20;0
SAMUT;20;28.05.1961;15;5
HABI;20;11.10.1964;14;6
BINYALI;20;25.02.1963;20;0
ALPCAN;20;26.09.1983;20;0
HENNE;20;22.09.1947;8;12
KEBIHAN;20;29.11.1966;0;20
OKSAR;20;6.07.1969;11;9
TOYGAN;20;23.03.1978;20;0
SAYBA;20;25.03.1967;0;20
BEZEY;20;1.01.1946;1;19
CLAIRE;20;8.04.1973;0;20
BENZADE;20;1.11.1964;13;7
OZKAYA;20;25.06.1950;20;0
SEFTALI;20;11.10.1960;0;20
CESMENAZ;20;4.02.1966;0;20
YADI;20;27.09.1952;4;16
FIRUZA;20;16.10.1972;0;20
SEDAGAT;20;23.02.1962;0;20
ACILE;20;7.10.1966;0;20
ESIREF;20;25.12.1961;20;0
DIZAR;20;14.04.1955;11;9
BEHRUL;20;18.07.1971;19;1
NEZIAT;20;18.09.1960;0;20
SUNUYE;20;7.06.1958;0;20
GULDEMIN;20;26.06.1962;0;20
I.HAKKI;20;26.07.1942;20;0
APBAS;20;13.07.1953;20;0
HALISET;20;18.05.1961;0;20
CEVZAN;20;25.01.1952;0;20
ATIGE;20;28.04.1958;0;20
VEZIFE;20;19.06.1967;0;20
MURIT;20;22.03.1954;19;1
FERIZADE;20;4.02.1969;0;20
ZEYLA;20;29.06.1968;0;20
ALEY;20;24.01.1957;1;19
MUCELLET;20;24.08.1955;13;7
OLESYA;20;15.08.1980;0;20
BUMINHAN;20;10.12.1978;20;0
HOKMU;20;30.08.1958;20;0
FEDAYET;20;18.08.1966;9;11
BERVAN;20;15.01.1984;3;17
GERDA;20;9.12.1949;0;20
AURICA;20;22.11.1972;0;20
SUVARI;20;4.06.1967;18;2
KULAY;20;24.07.1960;1;19
ERYASAR;20;19.05.1961;20;0
GOHAR;20;5.09.1955;0;20
OZMERT;20;14.03.1978;19;1
AREL;20;10.09.1969;19;1
NATAVAN;20;1.05.1973;0;20
ZHANNA;20;24.05.1974;0;20
SENGI;20;19.06.1947;0;20
AVIZER;20;27.05.1958;17;3
RINDAN;20;15.04.1958;0;20
PIRSULTAN;20;1.06.1961;19;1
SURAHIYE;20;22.09.1965;0;20
SENGAL;20;24.01.1955;2;18
EYYAM;20;30.09.1964;7;13
ERDINAY;20;23.12.1976;18;2
MELEN;20;18.09.1971;9;11
SIYABEND;20;26.01.1981;20;0
MERUSAH;20;25.06.1971;0;20
BEREAT;20;3.09.1970;9;11
MUHFI;20;26.11.1957;19;1
CANOZ;20;23.05.1975;10;10
AZIZCAN;20;30.01.1980;20;0
SERKAR;20;18.09.1981;20;0
GESIM;20;4.01.1965;20;0
HOSRUF;20;28.05.1956;20;0
SELHATIN;20;16.02.1965;20;0
SELBET;20;10.03.1967;0;20
KUDFETTIN;20;27.01.1969;20;0
EZAMET;20;20.01.1958;3;17
ZIYATIN;20;22.03.1965;20;0
BEDIULCEMAL;20;6.11.1949;0;20
MIRZEMEMET;20;15.04.1959;20;0
FAIZER;20;24.01.1961;0;20
TORIYE;20;22.01.1959;0;20
BADIA;20;9.04.1970;0;20
GULAISE;20;22.10.1936;0;20
BASO;20;9.01.1944;20;0
NIFSICAN;20;11.06.1965;0;20
ZEBILE;20;5.10.1962;0;20
NOBAR;20;25.09.1946;11;9
TAMINE;20;24.07.1967;0;20
NEFISA;20;21.01.1975;0;20
SERMELEK;20;5.08.1963;0;20
IZER;20;30.04.1970;16;4
HAFSADA;20;6.06.1956;0;20
SEBETULLAH;20;11.06.1978;20;0
ERMIYA;20;22.10.1966;19;1
NAZEM;20;24.09.1969;2;18
HAFSETE;20;9.11.1973;0;20
FUDEYIL;20;13.03.1971;20;0
AYBIL;20;29.2.1977;3;17
AVANI;20;18.11.1940;20;0
KUFI;20;27.04.1953;2;18
ESFIYE;20;1.12.1963;0;20
FAIMA;20;15.09.1970;0;20
HAKIKE;20;8.11.1955;0;20
MUFTI;20;16.04.1951;20;0
M.BAKI;20;26.02.1954;20;0
SADITTIN;20;9.03.1951;20;0
ELIMAN;20;11.10.1954;7;13
ULKUS;20;20.04.1957;0;20
ZURAFA;20;9.05.1945;0;20
GONULSEN;20;17.08.1953;0;20
SEID;20;1.08.1963;20;0
BERAL;20;23.09.1969;0;20
ERENDIZ;20;9.09.1967;9;11
SUTTI;20;16.04.1951;0;20
HARBINAS;20;13.08.1962;0;20
TUHFE;20;14.02.1961;0;20
ADIN;20;28.08.1955;6;14
EHIL;20;29.01.1967;0;20
PARS;20;20.04.1960;20;0
ULKUMEN;20;4.10.1969;9;11
ZERAY;20;23.11.1977;0;20
NUVEYRE;20;24.01.1953;0;20
YARGI;20;25.09.1984;19;1
GULFAHRI;20;29.06.1948;1;19
RUYET;20;8.05.1955;0;20
OZANT;20;9.11.1967;13;7
YARBAY;20;11.12.1965;20;0
GURTEKIN;20;11.02.1963;20;0
GULDIKEN;20;18.05.1967;1;19
EYVEZ;20;28.12.1958;20;0
ELIGUL;20;5.04.1951;1;19
CEKAN;20;18.02.1986;20;0
MERAKZEMIN;20;22.09.1971;0;20
BEDEVNAZ;20;13.02.1973;0;20
NAFIZA;20;9.06.1950;0;20
SANSIYE;20;2.05.1972;0;20
DIRIH;20;1.08.1958;20;0
NARGIS;20;2.01.1968;0;20
ABDULHAT;20;21.11.1959;20;0
ARABIYE;20;28.04.1951;0;20
BEYDANUR;20;1.05.1979;0;20
SIMEN;20;13.12.1979;0;20
SERVEL;20;28.02.1967;9;11
RUBA;20;1.06.1975;0;20
NIDAR;20;20.12.1971;4;16
CEVDAN;20;30.2.1953;4;16
VENERA;20;18.02.1972;0;20
EKER;20;30.01.1968;20;0
ELIFGUL;20;11.09.1980;0;20
MEHMURE;20;6.07.1957;0;20
EMSELE;20;3.07.1952;0;20
IMREHAN;20;9.12.1966;1;19
SAHPENDER;20;30.03.1953;20;0
NISIYE;20;22.12.1956;0;20
FILI;20;9.12.1946;0;20
BIRDEGUL;20;23.09.1974;0;20
SUNAGUL;20;17.04.1971;0;20
NARISAN;20;27.02.1959;0;20
DILFIRIZ;20;9.10.1970;0;20
ZADET;20;25.09.1955;2;18
ILKSEVEN;20;11.03.1972;1;19
FURIZAN;20;3.07.1970;1;19
SANIE;20;1.12.1968;0;20
BENIL;20;8.01.1982;1;19
EVINC;20;3.05.1963;2;18
ILBAN;20;7.03.1974;14;6
ZUVAL;20;9.11.1967;0;20
SUCAETTIN;20;7.02.1954;20;0
YUNAL;20;22.09.1969;20;0
MERSA;20;25.09.1959;0;20
AZEDIN;20;12.03.1971;20;0
MUHTEDIR;20;6.07.1974;18;2
SERCEN;20;29.01.1984;7;13
DINDI;20;29.03.1951;0;20
HAMEY;20;17.08.1955;11;9
SALIHIYE;20;22.11.1958;0;20
AKBEN;20;15.07.1981;1;19
PANPAL;20;1.05.1952;0;20
HAMADI;20;27.02.1961;20;0
MAVIZE;20;27.02.1953;0;20
YAHSI;20;2.08.1954;14;6
LEBIZE;20;19.11.1961;0;20
GUZIYDE;20;27.10.1962;0;20
ATAGAN;20;13.11.1973;20;0
AYINZILHA;20;20.05.1964;0;20
SAHABITTIN;20;12.12.1962;20;0
AYBIKEM;20;3.07.1971;0;20
SEHADE;20;19.12.1952;15;5
ATULLAH;20;22.05.1967;20;0
ZEKIF;20;5.07.1962;20;0
DILFERIZ;20;30.09.1957;0;20
EFRA;20;2.04.1977;0;20
MAKSUNI;20;13.11.1975;20;0
RUKOS;20;12.02.1956;0;20
ULFEN;20;25.04.1968;8;12
HEMSIYE;20;11.09.1958;0;20
HURGUN;20;13.10.1970;6;14
ACIB;20;30.08.1962;20;0
HOSADA;20;25.11.1957;0;20
NEVUM;20;5.02.1969;1;19
HATICEDUDU;20;5.11.1945;0;20
AVATIF;20;18.02.1964;0;20
OLCUM;20;19.05.1984;16;4
NEJAD;20;8.06.1957;20;0
KIMYE;20;7.03.1956;1;19
BEYRA;20;19.10.1956;0;20
EDLAN;20;10.09.1962;17;3
HANRI;20;11.10.1956;20;0
TEVEKGUL;19;24.05.1971;1;18
HAVEY;19;11.06.1952;0;19
ELISA;19;12.02.1968;2;17
TUGRAL;19;10.10.1960;19;0
LIMUN;19;13.03.1960;0;19
KINEY;19;21.03.1956;0;19
VEJDET;19;1.04.1961;15;4
ISRET;19;30.01.1974;2;17
SELIMCAN;19;9.08.1987;19;0
MISRIKA;19;19.01.1967;0;19
IPAR;19;10.04.1976;0;19
ASFIYE;19;27.05.1962;0;19
GORSEN;19;13.01.1965;2;17
HANDAL;19;21.09.1967;3;16
FEZAN;19;1.01.1972;5;14
GURCUHAN;19;27.11.1971;0;19
ABDULNAFI;19;4.08.1965;19;0
ZUHURIYE;19;13.02.1963;0;19
ZOBEYDE;19;26.12.1970;0;19
ALENUR;19;4.09.1968;0;19
SUMMIYE;19;29.01.1980;0;19
RABIH;19;9.10.1970;17;2
BIRICAN;19;24.10.1975;1;18
MURRUVVET;19;11.08.1955;0;19
PENAHI;19;19.01.1964;18;1
MUKKADDES;19;24.02.1973;0;19
SUHAP;19;28.01.1971;19;0
FERMA;19;10.05.1962;3;16
SANNUR;19;6.04.1969;3;16
BAHCET;19;30.01.1967;19;0
SEBUR;19;19.02.1981;17;2
HEMET;19;4.04.1964;19;0
BASIRET;19;14.06.1969;0;19
BEDA;19;17.11.1974;1;18
MUNIRYE;19;21.03.1968;0;19
ZUHURE;19;3.05.1962;0;19
MEYREMHAN;19;25.12.1972;0;19
NUSRETDIN;19;4.04.1969;19;0
MEVLUDA;19;2.01.1965;0;19
SECADDIN;19;1.08.1965;19;0
LEBIB;19;30.06.1963;19;0
HUSMAN;19;25.06.1963;16;3
GOLTEN;19;7.10.1962;0;19
HAVLET;19;3.10.1965;0;19
GULSEME;19;29.04.1972;0;19
FAYLA;19;9.08.1970;0;19
LIBYA;19;14.08.1978;0;19
CECANE;19;25.09.1966;0;19
LEVHA;19;19.09.1972;0;19
GULCINI;19;28.04.1963;0;19
GADE;19;27.08.1972;0;19
CANUR;19;23.06.1973;6;13
HUCEYLE;19;29.12.1964;0;19
SADATTIN;19;30.11.1969;19;0
HEDRA;19;15.02.1968;0;19
HITTI;19;19.09.1944;0;19
M.HADI;19;11.04.1959;19;0
IKRAME;19;12.05.1961;0;19
DORINA;19;7.09.1974;0;19
NAZLIYA;19;1.05.1959;0;19
SAYFA;19;21.12.1972;0;19
KANIE;19;3.11.1972;0;19
IZHEYYE;19;21.11.1965;0;19
SEHYMUS;19;20.09.1975;19;0
HUSSO;19;29.08.1940;19;0
HABIBI;19;3.03.1970;15;4
MUHUYETTIN;19;1.10.1960;19;0
AZZE;19;18.09.1959;0;19
IBRET;19;12.06.1972;12;7
GABRIYEL;19;9.09.1972;18;1
EFREM;19;9.01.1971;18;1
ZEYLAN;19;3.03.1965;1;18
EFRAM;19;10.06.1955;19;0
TEMIZE;19;25.08.1956;0;19
UZLEM;19;4.09.1982;0;19
MAHIN;19;4.07.1973;11;8
ILMEN;19;21.01.1970;13;6
MARKUS;19;14.08.1982;19;0
MARKOS;19;27.08.1980;19;0
MATTHIAS;19;6.03.1985;19;0
BEDIG;19;13.10.1965;18;1
AMAN;19;4.03.1962;10;9
FARKIYE;19;28.03.1970;0;19
SULYAN;19;23.02.1976;0;19
BOBIL;19;3.09.1965;19;0
NABIL;19;30.01.1968;19;0
GABRIELLA;19;16.10.1975;0;19
BEKKIR;19;29.11.1978;19;0
ANDRE;19;3.11.1971;18;1
SULAYMAN;19;16.01.1966;19;0
MAZI;19;6.07.1964;3;16
NADIHE;19;7.05.1970;0;19
GAYYA;19;25.12.1945;0;19
NADIRA;19;17.01.1959;0;19
BENJAMIN;19;3.01.1975;19;0
VEZNIYE;19;24.12.1953;0;19
FAYIT;19;8.08.1964;19;0
ABDULHEMIT;19;26.11.1962;19;0
HEYAT;19;1.06.1956;3;16
MELEKIYE;19;15.07.1960;0;19
DILVER;19;12.12.1968;5;14
KAHLA;19;8.06.1951;0;19
HEYFE;19;25.08.1970;0;19
DANA;19;15.12.1969;3;16
NEMAN;19;28.11.1963;10;9
NEKTEL;19;3.04.1968;18;1
FENERI;19;28.07.1965;1;18
HUSNET;19;26.03.1953;1;18
UZGUL;19;29.09.1972;0;19
MEFAIR;19;1.04.1962;17;2
CESIKA;19;11.11.1981;0;19
IRIHAN;19;8.09.1960;0;19
LOGMEN;19;2.10.1964;19;0
GUVEL;19;1.03.1966;5;14
DEMIRKAYA;19;12.07.1953;19;0
NESI;19;29.11.1952;0;19
NEZIZE;19;4.05.1959;0;19
GULZAHIDE;19;10.01.1968;0;19
BAHSEN;19;19.11.1975;0;19
RUHTEN;19;24.07.1959;0;19
LIFAT;19;3.11.1965;19;0
ATILYA;19;13.01.1959;19;0
NUHALI;19;21.10.1967;19;0
CEMINUR;19;21.08.1965;0;19
ERKANI;19;3.10.1963;19;0
ZOHDU;19;21.02.1951;19;0
MUBEYLA;19;4.11.1961;0;19
GULFEZA;19;10.05.1963;0;19
SEREL;19;22.12.1985;5;14
ZULCELAL;19;15.12.1965;18;1
TANIA;19;10.04.1970;0;19
VUSALE;19;4.04.1980;0;19
NECATDIN;19;14.06.1961;19;0
YURTAN;19;7.02.1962;2;17
SENSIN;19;12.01.1973;2;17
ERKURT;19;28.02.1968;19;0
SONAL;19;3.01.1969;8;11
MAHMUTALI;19;29.09.1962;19;0
ORFAN;19;15.08.1958;19;0
CECILYA;19;9.12.1987;0;19
CEVALIYE;19;24.02.1966;0;19
FIKRETE;19;30.12.1949;0;19
KILAPTAN;19;15.06.1947;0;19
ELVEDAG;19;6.10.1949;0;19
SENYUZ;19;9.06.1956;2;17
YILDANUR;19;6.06.1962;0;19
UMRUHAN;19;24.09.1976;0;19
KATIBIYE;19;26.08.1964;0;19
MISALI;19;22.05.1963;17;2
MAKGULE;19;18.10.1960;0;19
KULSUM;19;8.12.1947;0;19
KAMIREN;19;18.04.1963;7;12
HUREYDE;19;10.02.1960;2;17
SATICE;19;25.07.1974;0;19
MUHSINIYE;19;22.04.1965;0;19
CEVDED;19;14.03.1962;19;0
SEHIMAN;19;3.02.1963;0;19
AKER;19;8.01.1970;19;0
NIDAYIM;19;22.02.1957;19;0
GULLEYLA;19;6.02.1967;0;19
TUNEL;19;11.04.1969;13;6
SUMERYE;19;25.12.1979;0;19
RIYASETTIN;19;25.02.1960;19;0
FEKIYE;19;27.05.1959;0;19
IZMET;19;16.02.1961;2;17
VAZILET;19;11.08.1956;0;19
OROC;19;30.06.1966;19;0
FERIKE;19;16.07.1953;0;19
GULSELIM;19;12.08.1961;1;18
HINAYET;19;4.02.1973;0;19
HERKUL;19;20.06.1969;18;1
ULUSAL;19;25.12.1974;15;4
BEDAHAT;19;15.04.1948;1;18
NEVIDAN;19;23.11.1967;0;19
MEHRIBAL;19;26.02.1968;0;19
CANIBEY;19;24.01.1964;19;0
GULENDA;19;26.09.1968;0;19
NEIM;19;14.12.1950;17;2
SERUZE;19;25.06.1952;0;19
IFRIGUL;19;18.06.1962;0;19
ELIFNAZ;19;24.04.1969;0;19
VAHITDIN;19;10.09.1960;19;0
SEFERNAZ;19;18.01.1960;0;19
TURKISTAN;19;11.04.1975;5;14
CANANI;19;20.05.1962;19;0
MUKET;19;14.07.1970;0;19
NURHATUN;19;23.08.1970;0;19
NUTVIYE;19;1.01.1955;0;19
NAZINUR;19;5.10.1951;0;19
FERYUZ;19;26.11.1960;19;0
BEDRITTIN;19;14.06.1951;19;0
ILKIYE;19;19.03.1969;0;19
AYETE;19;4.01.1953;0;19
BISLIM;19;12.07.1953;19;0
MUZAFET;19;10.12.1950;1;18
MAKMILE;19;22.01.1955;0;19
SUBIYAN;19;12.12.1959;0;19
OLCAYTUG;19;17.01.1986;19;0
SEYFAN;19;26.09.1965;3;16
ESAY;19;10.06.1970;0;19
SEBAHATIN;19;13.02.1961;19;0
SAHSIMET;19;26.03.1962;0;19
DUNE;19;22.01.1941;0;19
GULNAMI;19;28.04.1962;9;10
KOSMAN;19;27.02.1972;19;0
NURALP;19;11.04.1971;15;4
HECE;19;23.06.1970;0;19
ATAR;19;13.03.1967;18;1
EBRISIM;19;12.11.1955;0;19
UZULE;19;29.11.1966;0;19
TUZEL;19;23.10.1963;7;12
MENSIRE;19;18.05.1965;0;19
AHYET;19;22.05.1964;17;2
ASURA;19;18.11.1955;0;19
MESKURIYE;19;25.06.1953;0;19
ASIYYE;19;30.10.1955;0;19
NEVGIN;19;19.03.1970;3;16
SAYKIYE;19;17.03.1948;0;19
SERVIL;19;29.05.1970;0;19
ZULIDE;19;5.12.1965;0;19
MEZMURE;19;25.11.1954;0;19
HADIDE;19;28.01.1958;0;19
GURYAY;19;23.10.1972;19;0
TEKKESIN;19;29.10.1958;19;0
MAHPUZ;19;23.12.1974;19;0
FERAIM;19;15.04.1959;18;1
HULISE;19;23.07.1971;2;17
ZULUCE;19;24.11.1959;0;19
PERIYHAN;19;17.05.1962;0;19
LAL;19;13.01.1971;1;18
GULOYA;19;16.09.1976;0;19
SAHAMEDDIN;19;20.05.1953;19;0
SUHEYLAN;19;11.07.1962;2;17
YURTTAGUL;19;6.08.1958;0;19
MUSEMBE;19;10.08.1956;0;19
OKSAY;19;6.02.1975;7;12
SENBIR;19;8.08.1970;2;17
BERYA;19;23.02.1978;0;19
MAUS;19;20.10.1959;0;19
ERPIL;19;5.01.1973;5;14
SEMRAGUL;19;4.11.1974;0;19
DONEGUL;19;17.09.1979;0;19
MUSKUL;19;22.12.1969;3;16
ZILKIFLI;19;15.05.1962;19;0
YURUSAN;19;29.05.1969;10;9
SUDEN;19;26.10.1965;0;19
SEFTEN;19;2.05.1955;0;19
ERZEM;19;7.04.1973;2;17
ELMAHAN;19;29.11.1970;0;19
TAHVIL;19;4.06.1957;19;0
DULDANE;19;16.07.1957;0;19
MAZLUMSAH;19;7.06.1949;0;19
GUNGER;19;19.08.1964;5;14
MUHYETIN;19;12.09.1968;19;0
PEHRUL;19;21.05.1967;19;0
MEFFARET;19;13.09.1963;0;19
TAVIT;19;14.04.1956;19;0
SAHDURNA;19;4.01.1971;0;19
PIRENSES;19;19.04.1978;0;19
EYYIP;19;6.01.1964;19;0
EFFAN;19;18.12.1960;9;10
GUNBAY;19;8.10.1959;18;1
CAGMAN;19;3.10.1972;15;4
APTULKERIM;19;30.06.1956;19;0
TUGMAN;19;11.01.1962;19;0
MERMIYE;19;8.09.1952;0;19
SARGIN;19;2.05.1969;17;2
HUBEYB;19;27.09.1985;19;0
YAGIZHAN;19;27.06.1988;19;0
SEYAMI;19;12.10.1965;19;0
SIYRET;19;24.03.1967;10;9
GULAZER;19;12.07.1967;0;19
MEVLAM;19;7.04.1970;12;7
ZULCAN;19;12.02.1961;0;19
AYNURA;19;4.08.1977;0;19
EMIGUL;19;8.03.1965;0;19
OZEM;19;18.12.1980;2;17
SAYRIYE;19;7.07.1967;0;19
BERKIZ;19;30.11.1965;1;18
MIGE;19;20.01.1977;0;19
SAYE;19;11.10.1956;2;17
EGECAN;19;19.09.1989;18;1
SEHEDDIN;19;30.08.1955;19;0
NAIRE;19;21.12.1950;0;19
IZAMET;19;20.09.1950;8;11
NURATTIN;19;9.02.1965;19;0
MAHFURE;19;8.05.1965;0;19
KIZLARHANIM;19;29.08.1955;0;19
SAYICAN;19;16.10.1958;8;11
ZAMBAK;19;7.05.1962;0;19
LASER;19;19.02.1971;11;8
BESMA;19;3.03.1972;0;19
MAHCEBIN;19;18.05.1961;0;19
SINANPERI;19;19.05.1958;0;19
MUYYESER;19;11.05.1966;0;19
KENDI;19;8.12.1967;0;19
NEZIMA;19;3.01.1966;0;19
SABAHATIN;19;4.11.1968;19;0
ABDULVEKIL;19;14.09.1977;19;0
MEHDIYA;19;21.11.1974;0;19
TORIN;19;24.01.1961;18;1
AYLIZ;19;1.07.1981;0;19
FEDIDE;19;23.10.1956;0;19
GUTBETTIN;19;18.09.1967;19;0
SAMIZAR;19;26.01.1957;0;19
SINEMPERI;19;20.04.1969;0;19
CIHANSEL;19;9.03.1970;2;17
MEDISAH;19;4.05.1964;0;19
VASIDE;19;10.04.1957;0;19
HEMSIRE;19;13.11.1971;0;19
SEVIMNAZ;19;4.02.1964;0;19
HIKMI;19;17.04.1959;6;13
KASI;19;20.01.1960;1;18
DILNAZ;19;12.10.1972;0;19
SINEN;19;16.05.1975;4;15
GULCEYLAN;19;2.11.1969;0;19
RAHMETTULLAH;19;5.03.1978;19;0
LETIFSAH;19;29.12.1962;19;0
BEDIN;19;21.03.1976;19;0
ERCEM;19;12.12.1974;19;0
SARABAN;19;12.12.1958;0;19
NEMET;19;28.02.1958;7;12
AYCANUR;19;13.06.1986;0;19
MIHTI;19;19.11.1955;19;0
ZAYIFE;19;5.04.1964;0;19
AHMETSAH;19;9.03.1978;19;0
MEVLIS;19;22.05.1960;0;19
SEIMA;19;20.06.1980;0;19
AZIFE;19;2.09.1965;0;19
MALIHA;19;21.12.1967;1;18
SEZAT;19;26.01.1963;15;4
SAHPAZ;19;6.01.1959;17;2
FISON;19;26.06.1966;0;19
SEVDAI;19;19.03.1953;17;2
GULLUYASA;19;1.02.1961;0;19
GORGUL;19;4.02.1968;2;17
HACRA;19;24.05.1968;0;19
MIMOZA;19;19.07.1975;0;19
ZURAFET;19;4.03.1955;0;19
ORHANIYE;19;25.07.1953;0;19
KIBARI;19;8.11.1948;0;19
MEHUBE;19;11.10.1974;0;19
ALKIZ;19;9.11.1945;0;19
GUNYAMIN;19;24.03.1969;18;1
NAZIYFE;19;7.07.1965;0;19
SEMURA;19;1.03.1969;0;19
GULSIDE;19;18.03.1957;0;19
BEYHUN;19;4.11.1973;15;4
SELGUL;19;2.09.1971;0;19
BAHADIYE;19;21.09.1971;0;19
NEVIKE;19;27.12.1963;0;19
KUTVETTIN;19;10.12.1966;19;0
GULAMBER;19;15.03.1968;0;19
RIZADE;19;22.10.1951;0;19
BUKEM;19;23.05.1978;1;18
MUFREZE;19;4.02.1960;15;4
SAYID;19;15.05.1972;19;0
ILTAC;19;7.12.1978;8;11
NURISAH;19;17.03.1962;7;12
SERIFZADE;19;28.05.1955;0;19
HIDRA;19;21.07.1952;1;18
BILBAY;19;26.04.1976;19;0
ZAKIRIYE;19;13.05.1967;0;19
KUTAN;19;6.12.1973;16;3
AYTURE;19;17.08.1953;0;19
NADIRHAN;19;1.01.1965;19;0
ENNAGI;19;18.11.1962;19;0
EZIZ;19;15.02.1961;9;10
PIRNUR;19;1.10.1969;1;18
EMZADIYE;19;24.08.1954;0;19
CEMALFER;19;17.12.1958;0;19
BEYLEM;19;12.11.1981;1;18
RUBASE;19;26.12.1958;0;19
CEZIRE;19;28.01.1963;0;19
LUSYEN;19;15.01.1964;1;18
SEHLIYA;19;24.04.1979;0;19
GULUZER;19;12.04.1965;0;19
MIYASET;19;14.08.1974;0;19
MUSAVETTIN;19;10.03.1956;19;0
SECMEGUL;19;17.01.1971;0;19
IMRAY;19;17.01.1980;1;18
HAKLIMA;19;15.03.1964;0;19
SEMINER;19;16.06.1970;1;18
KABILE;19;19.04.1970;0;19
IZGE;19;23.06.1983;2;17
NAKIDE;19;16.12.1855;0;19
OYLUN;19;7.09.1977;0;19
LEKER;19;12.07.1959;0;19
IMRAHAN;19;12.09.1972;1;18
FERAD;19;22.08.1963;19;0
RAUFE;19;26.11.1950;0;19
NURGULER;19;30.06.1964;0;19
ERCIMEN;19;23.04.1960;10;9
DENIZAY;19;8.09.1973;6;13
SUNNAH;19;1.06.1958;19;0
MIHMANI;19;7.01.1962;19;0
MENENDE;19;26.11.1956;0;19
BAHCALI;19;8.11.1953;19;0
ENDAN;19;1.11.1969;4;15
SINEHANIM;19;11.08.1948;0;19
HURDA;19;29.07.1951;1;18
SEKIB;19;23.06.1957;19;0
HUKUMRAN;19;17.04.1968;8;11
TAKSIN;19;2.11.1962;19;0
MUSEFFA;19;13.01.1959;0;19
SEVGULEN;19;16.12.1974;13;6
NORAY;19;5.01.1961;17;2
KIRMISIYA;19;23.02.1960;0;19
MERMI;19;20.06.1956;8;11
CAHAT;19;24.08.1957;17;2
GULDILEK;19;23.03.1980;0;19
MEVSUT;19;14.12.1961;19;0
ARAPALI;19;27.01.1964;19;0
KAHMURAN;19;30.10.1962;10;9
PEMBIS;19;4.06.1956;0;19
NERMIGUL;19;12.05.1964;0;19
ELSAN;19;3.09.1971;17;2
IKMET;19;10.02.1958;12;7
ZULUS;19;5.09.1952;0;19
CUVERIYE;19;15.04.1962;0;19
ZIHSAN;19;1.07.1966;0;19
FALIHA;19;2.06.1947;0;19
MUSKA;19;7.10.1945;0;19
MUCELLIP;19;15.02.1966;19;0
FURDOS;19;13.10.1960;0;19
YADE;19;24.03.1980;0;19
DURRUYE;19;7.07.1948;0;19
YUSAH;19;28.03.1975;19;0
KAHRIBAN;19;24.05.1962;0;19
EVLA;19;29.09.1978;1;18
AYTEMUR;19;28.10.1965;16;3
ATAOL;19;25.09.1969;19;0
DAHAR;19;23.09.1964;19;0
UVES;19;21.05.1956;1;18
AVUS;19;1.09.1946;0;19
TARA;19;26.10.1986;0;19
MEKE;19;5.07.1974;0;19
NISIM;19;13.04.1953;19;0
SEL;19;26.10.1970;7;12
SAHHUT;19;8.09.1956;19;0
FERRU;19;7.02.1962;13;6
SEMZIYE;19;28.10.1955;0;19
UHUT;19;7.03.1985;19;0
BEDRIDDIN;19;23.04.1959;19;0
NASEN;19;20.09.1953;15;4
SULUYE;19;7.01.1960;0;19
KEVSERE;19;15.11.1955;0;19
NEIMA;19;9.10.1945;0;19
IRENE;19;1.10.1959;0;19
CORNELIA;19;12.02.1969;0;19
OZDIN;19;29.07.1961;19;0
MELINDA;19;2.09.1983;0;19
EREBIYE;19;10.12.1960;0;19
NUDRET;19;18.11.1960;4;15
ARAKIL;19;19.12.1947;19;0
CEMENDER;19;10.01.1960;19;0
LAIHA;19;1.02.1968;0;19
MIZAM;19;8.06.1966;19;0
RABE;19;11.06.1963;0;19
BURSALI;19;1.05.1959;17;2
VALERIE;19;20.05.1962;0;19
ARTEMIS;19;7.11.1969;2;17
SAFAKNUR;19;18.10.1965;0;19
MEYLIN;19;14.01.1984;0;19
FETNUR;19;26.08.1968;2;17
ZIHNETI;19;23.12.1955;0;19
KURULTAY;19;15.02.1962;15;4
FATHAN;19;10.08.1953;1;18
ISMINAS;19;14.09.1962;0;19
HAFIS;19;26.07.1974;16;3
SILVANA;19;24.12.1971;0;19
SAA;19;4.09.1968;0;19
NURHAYET;18;1.05.1968;0;18
MADET;18;27.05.1971;0;18
ZAIRA;18;20.05.1972;0;18
SUKREDDIN;18;13.08.1954;18;0
HAKSUN;18;29.10.1970;16;2
TURCAY;18;2.10.1975;12;6
BERFEY;18;20.05.1952;0;18
ABDULKAFFAR;18;28.07.1960;18;0
VIOLET;18;21.05.1960;0;18
FATIMEI;18;25.09.1957;0;18
IFRET;18;20.08.1963;3;15
HACIMET;18;9.05.1964;16;2
NURISIK;18;12.04.1977;0;18
GULNIDA;18;19.10.1975;0;18
ABUMUSLUM;18;3.04.1966;18;0
HOYLU;18;2.01.1968;18;0
TOPAL;18;25.02.1943;17;1
MAHBARE;18;5.12.1963;0;18
ILGINAY;18;22.05.1969;0;18
EMINENUR;18;12.10.1980;0;18
AYFAR;18;3.04.1962;3;15
ZULBENT;18;21.04.1970;0;18
BEGE;18;19.07.1957;2;16
MAHFIRUZ;18;9.01.1956;0;18
CANEV;18;27.04.1971;0;18
VIRJIN;18;27.01.1944;0;18
KIZEY;18;20.12.1947;0;18
SAHSIN;18;4.10.1958;13;5
HATIMA;18;29.04.1959;0;18
GULLAR;18;22.04.1962;0;18
MERDINE;18;10.05.1957;0;18
FIRDAN;18;9.09.1962;1;17
MEDYE;18;14.07.1979;0;18
ESIBE;18;17.10.1972;0;18
ABDULVASIF;18;25.02.1969;18;0
AYTON;18;3.04.1967;16;2
HAMILI;18;7.01.1957;4;14
AKI;18;13.05.1955;14;4
AFRE;18;16.01.1966;0;18
MAAZEZ;18;13.10.1975;0;18
REVHIYE;18;21.12.1973;0;18
MIZGINE;18;3.01.1980;0;18
CIHANI;18;23.01.1971;10;8
HELAT;18;22.07.1979;2;16
FELEKE;18;7.10.1966;0;18
ZINAVER;18;6.01.1976;18;0
MAZET;18;23.07.1967;1;17
SACO;18;5.10.1946;4;14
NAHMAN;18;3.01.1965;18;0
KAMAR;18;30.03.1953;6;12
ATTO;18;5.07.1951;11;7
DEVRES;18;14.04.1968;18;0
FARAHDIBA;18;22.09.1971;0;18
ZALI;18;11.01.1958;7;11
MUCVEL;18;21.04.1969;18;0
ARDIHAN;18;13.08.1970;1;17
BUNEYYA;18;14.09.1963;17;1
NACAT;18;19.06.1963;15;3
EYSAL;18;28.11.1964;0;18
GOLE;18;2.11.1956;0;18
CEDAN;18;3.07.1963;18;0
BERHI;18;21.07.1943;4;14
HILVAN;18;25.02.1982;2;16
REMMO;18;6.07.1943;18;0
SADIDDIN;18;15.07.1958;18;0
HARMA;18;2.02.1956;0;18
HATKE;18;12.09.1968;0;18
SALAHADIN;18;3.01.1959;18;0
FERHIYE;18;24.08.1954;0;18
MUNAVVAR;18;13.06.1977;0;18
ASRA;18;6.05.1975;0;18
SOYCAN;18;6.08.1975;9;9
SITO;18;11.08.1949;6;12
VEHHAP;18;19.08.1956;18;0
TAVFIK;18;16.11.1951;18;0
SEFYETE;18;5.01.1973;0;18
MUNNEVER;18;16.06.1968;0;18
DAHUT;18;16.04.1969;18;0
BARZAN;18;13.11.1981;18;0
HELE;18;1.03.1978;0;18
MUEYYED;18;17.06.1964;10;8
NEDVE;18;16.08.1962;0;18
ERZI;18;21.12.1956;2;16
CENAL;18;26.05.1972;14;4
RESHAN;18;25.11.1977;2;16
GAZAP;18;9.06.1949;4;14
SAHO;18;9.11.1945;5;13
GULBIL;18;11.10.1966;1;17
IKREM;18;10.05.1971;9;9
MAYIS;18;2.10.1966;6;12
ERSET;18;9.04.1969;18;0
MESRUDE;18;5.11.1957;0;18
ALEXANDER;18;10.11.1979;18;0
GEORGE;18;3.03.1971;18;0
RADIYA;18;3.11.1973;0;18
AYSENI;18;15.12.1958;0;18
JOHANNES;18;17.06.1986;18;0
GULBIYA;18;27.08.1960;0;18
DALALI;18;26.08.1946;0;18
ISTAYFO;18;7.01.1960;18;0
YAHKO;18;21.03.1961;18;0
RAFAT;18;13.09.1960;17;1
BESSAM;18;16.09.1968;18;0
ROZE;18;28.04.1954;0;18
SUADI;18;28.06.1968;12;6
SUFI;18;28.07.1952;14;4
SEBATULLAH;18;23.10.1977;18;0
SUAYLA;18;17.11.1964;0;18
NISRIN;18;15.11.1979;0;18
CABIRE;18;6.08.1960;0;18
HANZAT;18;14.01.1954;1;17
RAKIYETE;18;1.07.1976;0;18
GAZE;18;24.08.1950;0;18
GUMAN;18;12.03.1970;15;3
NURHEYAT;18;4.10.1957;0;18
MASUT;18;29.10.1969;18;0
HEREMSIYE;18;13.08.1972;0;18
BEHRIVAN;18;2.02.1987;0;18
ZIVI;18;22.03.1954;2;16
VISAM;18;18.08.1970;14;4
ABDULHABIB;18;29.10.1966;18;0
NAKIRE;18;10.06.1960;0;18
MURAYET;18;10.10.1958;0;18
ORU;18;16.10.1953;0;18
FAIL;18;4.08.1954;18;0
GULFANI;18;24.05.1959;1;17
NAMETTIN;18;8.05.1971;18;0
CAVET;18;11.04.1968;18;0
NISARI;18;30.03.1959;18;0
NUF;18;3.08.1973;18;0
DUYGUCAN;18;3.01.1988;2;16
GULFERAY;18;24.06.1977;0;18
GISMET;18;28.01.1971;3;15
MEYDA;18;30.12.1969;0;18
DUYGUNUR;18;5.08.1987;0;18
OKMEN;18;2.02.1974;18;0
SEHRET;18;15.03.1957;1;17
YURTAY;18;30.03.1966;13;5
NECGUL;18;18.03.1968;0;18
IBAZER;18;1.12.1954;18;0
SENDOGDU;18;16.05.1961;14;4
RISAN;18;29.07.1967;2;16
HURUZET;18;18.04.1961;0;18
GADIFE;18;15.06.1962;0;18
NERDEGUL;18;18.01.1970;0;18
CEMALIFE;18;6.04.1956;0;18
SERTHAN;18;6.08.1980;18;0
DUNDU;18;26.04.1960;0;18
MUHAZZEZ;18;22.11.1966;0;18
IKSANE;18;18.08.1968;0;18
ERENAY;18;19.03.1981;7;11
SEREFGUL;18;27.09.1973;0;18
GUZER;18;14.02.1959;4;14
HUNKARE;18;21.10.1950;0;18
BAHITDIN;18;24.06.1965;18;0
LEYLIMAN;18;24.12.1963;0;18
SEBADDIN;18;21.11.1963;18;0
KAFFER;18;30.07.1965;18;0
METAL;18;7.11.1972;13;5
MASUR;18;28.10.1971;18;0
SON;18;14.04.1970;2;16
SERIAT;18;9.08.1970;1;17
BAHADTIN;18;16.08.1968;18;0
BAY;18;2.06.1945;18;0
SECIME;18;26.06.1963;0;18
SELAEDDIN;18;24.02.1948;18;0
TILA;18;20.02.1981;0;18
NEVZAN;18;22.11.1957;2;16
MEZRUFE;18;3.11.1946;0;18
FEYZU;18;29.09.1960;18;0
RACIA;18;13.07.1956;0;18
YUMRU;18;5.01.1960;17;1
MEDAIL;18;8.04.1962;16;2
SUHADE;18;18.04.1962;0;18
AFGAN;18;29.07.1971;18;0
IHSA;18;13.04.1964;14;4
ILKDOGAN;18;15.07.1969;18;0
HATUNA;18;16.12.1965;0;18
MUSENNIF;18;8.10.1964;18;0
SEMAVAT;18;27.09.1965;1;17
ZEYNISAN;18;4.12.1964;0;18
BEICE;18;7.03.1962;0;18
NEMUNE;18;11.04.1959;0;18
SEYFE;18;8.07.1962;1;17
SEZAITTIN;18;12.05.1960;18;0
MUHEMMED;18;26.08.1982;18;0
ALCAN;18;2.09.1974;11;7
OZENAY;18;17.08.1968;3;15
SUFE;18;28.08.1953;0;18
SAHSANE;18;17.11.1960;0;18
ATILLAHAN;18;18.02.1982;18;0
ULU;18;2.12.1958;17;1
GULLEN;18;27.06.1960;1;17
EFREDDIN;18;22.08.1950;18;0
GULSENAY;18;10.10.1976;0;18
BICER;18;4.07.1953;16;2
KURTAN;18;1.08.1966;9;9
IFTAHAR;18;20.12.1972;1;17
ENDEGUL;18;10.12.1974;0;18
MELBA;18;24.06.1967;0;18
OZNER;18;30.07.1966;16;2
IMAYET;18;14.02.1960;1;17
EZGIHAN;18;21.12.1989;1;17
AYTIN;18;11.01.1961;6;12
NURMUHAMMET;18;4.07.1977;18;0
BERGUTAY;18;17.04.1984;18;0
NAIR;18;3.01.1963;17;1
TOMAN;18;24.10.1962;16;2
SEZAHAT;18;14.06.1958;0;18
MAHIPER;18;18.09.1951;0;18
KEZVAN;18;4.08.1975;0;18
NURKEN;18;9.10.1966;2;16
SAABETTIN;18;20.10.1968;18;0
DEREBEY;18;13.04.1961;18;0
MUYASSER;18;14.11.1969;0;18
AYAR;18;22.08.1962;14;4
CAMILE;18;11.09.1960;0;18
EDAMIYE;18;12.11.1967;0;18
EKREME;18;26.02.1954;2;16
NAZMETTIN;18;9.06.1961;18;0
CANSARAY;18;13.02.1965;1;17
BUSRAH;18;11.01.1987;2;16
HIJRAN;18;7.04.1973;0;18
SAITTIN;18;20.03.1962;18;0
FUZUN;18;13.01.1965;0;18
UCKAN;18;12.08.1970;17;1
HEYRAN;18;20.06.1967;2;16
GOZDEGUL;18;4.03.1987;0;18
FADULA;18;15.03.1947;0;18
SEDARETTIN;18;17.07.1964;18;0
ZIKRINAZ;18;26.07.1949;0;18
GULNAZAR;18;28.11.1969;1;17
MELIKIYE;18;13.10.1951;0;18
PERIL;18;7.03.1974;1;17
LADIN;18;12.10.1980;2;16
MUKERRIM;18;26.06.1960;16;2
ZELIF;18;19.09.1966;0;18
MEVTUN;18;3.02.1973;14;4
SELFETTIN;18;1.05.1964;18;0
NIYASER;18;15.04.1962;0;18
HASIYBE;18;26.04.1951;0;18
HURINUR;18;20.10.1973;0;18
MECDIYE;18;13.12.1954;0;18
KABIHAN;18;20.04.1961;0;18
BASET;18;12.07.1967;18;0
SARIK;18;25.09.1964;13;5
FENZILE;18;1.11.1964;0;18
GULFURIYE;18;8.09.1959;0;18
GULFURE;18;25.09.1953;0;18
FEYRUZA;18;1.03.1961;0;18
GONULLU;18;23.06.1959;16;2
EYNEL;18;10.07.1961;0;18
FEZAY;18;30.06.1973;2;16
ATABEK;18;19.06.1974;18;0
ENGINAZ;18;15.04.1966;0;18
ADIME;18;13.09.1962;0;18
MIHTAD;18;28.12.1968;18;0
KADE;18;23.01.1964;0;18
KURCU;18;14.11.1947;0;18
TABIAT;18;27.04.1970;2;16
MUMTEHA;18;20.08.1968;0;18
ZULICE;18;13.05.1952;0;18
NEVZATTIN;18;27.12.1956;18;0
BESLI;18;6.02.1964;11;7
SALTIK;18;14.06.1978;17;1
BILUR;18;16.03.1955;1;17
OCEL;18;18.01.1969;14;4
SEFTAP;18;21.03.1975;0;18
MUAZZET;18;30.11.1957;0;18
MEMUS;18;12.04.1960;10;8
METAY;18;9.03.1976;14;4
BEHZADE;18;4.01.1942;1;17
ZURMUT;18;21.12.1964;0;18
AKIFET;18;24.02.1963;0;18
SER;18;24.07.1970;15;3
UGURSAY;18;9.11.1976;15;3
IMDADIYE;18;28.09.1962;0;18
MERTAY;18;22.04.1983;17;1
KAYDI;18;25.06.1942;18;0
EBABIL;18;7.10.1973;13;5
TAVABIL;18;10.08.1965;16;2
GULTAY;18;24.12.1963;4;14
TULAN;18;1.04.1964;3;15
CENER;18;12.02.1980;17;1
KIYMETE;18;1.03.1956;0;18
TANVER;18;13.10.1962;12;6
NATIKE;18;21.09.1964;0;18
SADIKAN;18;13.07.1957;3;15
ZEYNIL;18;1.04.1965;15;3
SEVBIYE;18;1.09.1967;0;18
NUKTA;18;27.01.1957;0;18
HAVVELI;18;22.03.1963;0;18
SERAF;18;14.05.1974;8;10
FERDAY;18;24.04.1975;12;6
SAHMER;18;25.06.1967;13;5
BALKIZA;18;12.02.1960;0;18
ATILHAN;18;9.03.1972;18;0
ALIBEK;18;26.12.1961;18;0
VEZILE;18;27.04.1959;0;18
PERIGUL;18;3.04.1971;0;18
PASAGUL;18;10.01.1965;0;18
NECAMETTIN;18;6.11.1961;18;0
HUKUM;18;16.10.1964;18;0
UMURCAN;18;9.02.1987;16;2
FEVRI;18;12.02.1954;18;0
SENBIL;18;28.06.1970;0;18
UGURSAL;18;23.10.1968;15;3
EKMEN;18;23.12.1972;15;3
CANSA;18;20.06.1960;14;4
HAMU;18;25.01.1943;17;1
MILVER;18;5.04.1961;0;18
ALIBINAT;18;13.01.1955;18;0
SEVAIL;18;23.06.1963;1;17
HEYAL;18;26.08.1958;0;18
HALISI;18;16.03.1961;17;1
LEBIHA;18;11.08.1970;0;18
HAYDARHAN;18;16.06.1973;18;0
EHYA;18;13.11.1961;17;1
KEVIYE;18;11.04.1957;0;18
HANTEMUR;18;13.06.1962;18;0
TURUN;18;6.11.1962;5;13
M.RESAT;18;15.01.1952;18;0
AZADIN;18;7.06.1968;18;0
HESAM;18;23.06.1964;18;0
MUFRICE;18;13.09.1966;0;18
HAKIMIYET;18;22.10.1968;4;14
BELLI;18;2.02.1951;2;16
SIVDIN;18;24.04.1965;18;0
NURBAN;18;28.02.1974;0;18
MUTTEZIM;18;27.12.1975;1;17
VELYETTIN;18;29.10.1967;18;0
ISMETTULLAH;18;25.09.1968;18;0
ABDULSETAR;18;1.06.1976;18;0
BECICE;18;30.05.1968;0;18
AYAT;18;25.11.1965;9;9
ZUGEYRA;18;17.03.1960;0;18
SANDAN;18;12.02.1974;5;13
BAGIR;18;16.03.1948;18;0
OBEYDULLAH;18;19.11.1965;18;0
HALYAZ;18;18.12.1966;0;18
CERGIZ;18;2.08.1979;18;0
NURSENE;18;24.04.1974;0;18
HARUNRESIT;18;23.02.1974;18;0
SAADDET;18;18.03.1971;0;18
OKKAN;18;30.10.1972;18;0
SELVIM;18;30.07.1974;0;18
AHRET;18;24.01.1967;2;16
SUKURAN;18;20.04.1972;0;18
GULNESE;18;21.02.1969;0;18
SARYE;18;21.04.1969;0;18
ZEMYEZER;18;25.09.1978;0;18
PERIYA;18;7.03.1967;0;18
NECIBITTIN;18;28.11.1956;18;0
FERRUZ;18;26.06.1965;15;3
FERDON;18;12.02.1959;18;0
DERSAN;18;16.05.1985;14;4
MIDEM;18;19.06.1958;0;18
FATMAKADIN;18;20.10.1958;0;18
HUZULI;18;20.01.1968;18;0
GARANI;18;3.08.1976;18;0
RAHA;18;12.06.1954;10;8
BIRGUZEL;18;25.09.1969;0;18
HACURE;18;5.03.1952;0;18
RAYIP;18;12.06.1964;18;0
TENGIZ;18;9.06.1968;17;1
ALIESREF;18;8.12.1967;18;0
MUSAHIT;18;14.06.1960;17;1
SIRHAN;18;13.03.1973;11;7
HAKEM;18;24.08.1964;18;0
BINNASIYE;18;22.04.1959;0;18
NARISAH;18;6.11.1952;0;18
KORTAN;18;26.01.1981;18;0
GULDIYE;18;9.01.1966;0;18
FERZE;18;19.12.1965;0;18
KALBINUR;18;11.03.1981;0;18
ACIRE;18;16.05.1955;0;18
DRITA;18;8.04.1958;0;18
CEHAN;18;4.09.1957;11;7
UMGULSUM;18;8.01.1953;0;18
BUGU;18;10.02.1988;1;17
MERZIDE;18;14.01.1957;0;18
HARIPSAH;18;15.09.1972;0;18
BADEMGUL;18;18.12.1971;0;18
AKIP;18;26.07.1970;18;0
SUHIP;18;17.08.1956;18;0
TULIZ;18;12.08.1971;0;18
GADIME;18;17.03.1964;0;18
SHARON;18;30.05.1970;0;18
REYDA;18;26.05.1977;0;18
DURGUZEL;18;23.12.1965;0;18
BESYA;18;7.06.1971;0;18
DASDEMIR;18;20.12.1943;18;0
IPER;18;25.01.1977;1;17
SITTIYKA;18;7.06.1961;0;18
SINER;18;11.05.1971;5;13
IHTISAM;18;22.10.1960;5;13
DONEN;18;17.07.1972;0;18
TOLGAN;18;12.05.1981;18;0
MAKSUME;18;7.08.1959;0;18
TAYFURE;18;23.08.1963;0;18
TAKIBAT;18;20.07.1956;0;18
REYZE;18;17.03.1953;0;18
MUCESSER;18;10.01.1958;0;18
ZUMEYRE;18;8.02.1977;0;18
HUZIME;18;7.07.1957;0;18
HURUSEN;18;28.05.1968;0;18
BESTEM;18;15.02.1985;0;18
IMARETTIN;18;21.09.1964;18;0
MESUK;18;6.01.1972;18;0
RIBABSAH;18;14.10.1965;0;18
VEYSULLAH;18;11.06.1967;18;0
FUDAYL;18;29.12.1973;18;0
HABIBETE;18;4.10.1962;0;18
ABDULHADIN;18;29.08.1972;18;0
RIZGAN;18;30.12.1965;17;1
HECRIYE;18;24.11.1954;0;18
UZGUN;18;26.11.1975;7;11
KAYSI;18;19.10.1961;9;9
HADCA;18;29.04.1958;0;18
HAKIRE;18;17.12.1957;0;18
SAMIDE;18;24.05.1973;0;18
AYSAANA;18;11.04.1952;0;18
LALUFER;18;18.01.1956;0;18
GULSUNAY;18;14.01.1971;0;18
KUAYBE;18;21.06.1985;0;18
SAYEGAN;18;21.03.1954;0;18
VEZNEGUL;18;8.01.1952;0;18
SEHMUSLUM;18;8.08.1959;18;0
HOSGOR;18;7.07.1963;4;14
AKCAGUL;18;12.10.1966;0;18
AZIZGUL;18;22.02.1956;0;18
CANYURT;18;29.01.1972;18;0
LILIPAR;18;18.02.1965;0;18
TUNCU;18;1.09.1963;4;14
MERBUZE;18;8.03.1958;0;18
TEMIZ;18;9.09.1956;10;8
GULBUKE;18;10.10.1969;0;18
NAKIFET;18;7.10.1960;0;18
NEVINGUL;18;9.03.1970;0;18
GULNISE;18;12.01.1963;0;18
BEYMAN;18;25.05.1965;6;12
RATIF;18;2.04.1963;17;1
TELEY;18;15.08.1957;0;18
ULLIYE;18;21.11.1967;0;18
ILIYA;18;11.05.1950;15;3
SEFARIYE;18;2.03.1965;0;18
LEZIYE;18;24.03.1955;0;18
SEDAFIYE;18;19.07.1960;0;18
EHAD;18;15.02.1981;17;1
GUNERIYE;18;20.07.1967;0;18
SAGOL;18;11.05.1957;17;1
MILENA;18;1.07.1973;0;18
NEZHA;18;18.08.1960;0;18
HEMISE;18;12.10.1947;0;18
PANEY;18;28.10.1946;0;18
MERZUK;18;20.04.1961;15;3
IYIGUN;18;5.09.1966;15;3
TULA;18;24.05.1973;2;16
MISLIM;18;7.03.1964;16;2
KATRE;18;28.02.1969;1;17
ESHAP;18;19.07.1974;18;0
CANSERI;18;5.04.1971;0;18
VERGIN;18;28.04.1960;6;12
CEZAHIR;18;20.03.1967;14;4
FAHRINUSA;18;12.03.1960;0;18
NOYFEL;18;4.02.1975;18;0
SEYLAP;18;27.01.1964;0;18
UMMUGUSSUM;18;21.08.1956;0;18
BERNAY;18;2.09.1981;0;18
NILYA;18;12.09.1975;0;18
SEFKAN;18;30.11.1983;17;1
TEZAL;18;6.01.1965;2;16
FURMA;18;30.2.1966;0;18
HAMZALI;18;29.05.1956;18;0
MEHLI;18;15.06.1963;11;7
BERNUR;18;30.09.1976;0;18
TAYIRE;18;2.07.1956;0;18
RINDA;18;26.02.1973;0;18
HUDAYA;18;18.04.1952;6;12
IRGE;18;25.07.1975;0;18
SUHULET;18;27.01.1957;0;18
TEYRIYE;18;7.05.1966;0;18
UMAN;18;17.03.1970;7;11
M.HANEFI;18;22.06.1948;18;0
EDNA;18;29.08.1970;0;18
NICEL;18;9.11.1980;2;16
IBRAM;18;9.09.1965;16;2
KETRE;18;2.01.1959;0;18
IMAMALI;18;28.04.1961;18;0
BEZEN;18;8.11.1969;0;18
HURDEVS;18;8.02.1972;0;18
MERITA;18;11.05.1972;0;18
YUKSEN;18;23.07.1963;4;14
TECRIBE;18;25.01.1962;0;18
MUSAI;18;26.08.1964;18;0
ZULGARNEYN;18;24.10.1968;18;0
LIUBOV;18;27.01.1971;0;18
ILCIM;18;17.10.1981;0;18
JEAN;18;21.12.1963;17;1
EGESEL;18;25.06.1971;16;2
MIZIRAP;18;27.06.1963;18;0
SUKUT;18;22.12.1962;6;12
GULESE;18;24.12.1962;0;18
SEBNUR;18;16.03.1973;0;18
MEHTUNE;18;19.02.1968;0;18
DINEMIS;18;28.03.1974;0;18
ANNI;18;21.12.1956;0;18
DURRUSEHVAR;18;4.09.1943;0;18
BERKSAN;18;7.09.1981;17;1
YUNUSCAN;18;30.01.1988;18;0
HAVAKADIN;18;16.07.1960;0;18
HULASA;18;22.08.1946;0;18
URMUZ;18;10.10.1952;0;18
BATURMAN;18;22.09.1986;18;0
VEHIT;18;5.05.1951;18;0
RIZK;18;7.04.1954;18;0
UGURAL;17;3.02.1961;17;0
NAZIH;17;25.02.1965;13;4
MUSAYIP;17;30.09.1966;17;0
SALIDE;17;7.03.1961;0;17
ASLISAH;17;29.01.1976;1;16
SERKAL;17;10.06.1978;17;0
BENSON;17;18.12.1967;5;12
BEHADDIN;17;20.11.1953;17;0
YUVA;17;16.12.1964;3;14
DONDUNUR;17;21.09.1980;0;17
TERZIYE;17;21.02.1962;0;17
ULTER;17;5.02.1959;2;15
SAHZAMAN;17;26.12.1959;2;15
FAKIH;17;19.07.1971;17;0
SULFINAZ;17;19.10.1962;0;17
NACIM;17;7.08.1964;17;0
ELHAS;17;25.06.1957;15;2
KIBIRIYE;17;5.07.1964;0;17
AHMETDURAN;17;18.06.1966;17;0
MUDAHHAR;17;10.07.1960;14;3
IBNI;17;29.06.1971;17;0
FEYZO;17;30.11.1947;17;0
DERYAGUL;17;8.05.1980;0;17
ALLO;17;1.05.1937;17;0
ERZAT;17;15.05.1971;17;0
HACRIYE;17;4.06.1961;0;17
HACINAZ;17;15.01.1960;15;2
FIRDEVIZ;17;26.12.1966;0;17
SUHENDAM;17;22.12.1964;0;17
SAADAT;17;10.03.1970;0;17
OZFER;17;18.12.1973;8;9
GULBIBI;17;19.11.1974;0;17
MUGRI;17;4.07.1941;0;17
ILHAMIN;17;27.01.1976;17;0
FETHULLA;17;4.04.1968;17;0
MUDDESIR;17;10.07.1975;15;2
FATTEY;17;23.05.1946;0;17
GOLGEM;17;26.06.1985;0;17
SENEY;17;25.02.1970;1;16
BEDIRYA;17;28.02.1968;0;17
SAHLIYE;17;6.02.1965;0;17
YASAMEN;17;11.08.1967;0;17
MUTSEL;17;1.10.1970;11;6
FAYIDE;17;25.07.1968;0;17
PELKIZAN;17;12.04.1967;0;17
SAHYEDDIN;17;23.03.1973;17;0
RAFA;17;23.05.1951;1;16
OSI;17;30.10.1900;17;0
EYETULLAH;17;16.12.1984;17;0
DEMHAT;17;22.07.1990;14;3
MIHRISAN;17;11.09.1966;0;17
GUKHAN;17;1.06.1986;16;1
SEDAM;17;2.02.1988;17;0
GULKEN;17;20.04.1978;3;14
HALLAC;17;30.04.1961;17;0
SULEYHAN;17;1.07.1974;2;15
RUBAR;17;12.06.1988;7;10
NEHAYET;17;28.05.1946;3;14
BOZA;17;2.05.1967;3;14
HABAT;17;26.07.1984;11;6
RAZIKE;17;26.08.1969;0;17
METRA;17;25.03.1963;0;17
BEKIZE;17;20.12.1957;0;17
GEZZO;17;25.10.1943;0;17
ABDE;17;23.10.1944;13;4
DESTINA;17;6.07.1985;0;17
MERDIYA;17;8.08.1978;0;17
BEZARI;17;16.05.1956;0;17
HEMRIN;17;16.01.1988;0;17
SAKINET;17;9.04.1959;0;17
ZAHIRET;17;5.01.1954;0;17
TIFLI;17;12.02.1946;2;15
MURVAN;17;30.12.1970;16;1
VELAATTIN;17;30.11.1963;17;0
IHSAMETTIN;17;15.07.1967;17;0
FARAHNAZ;17;22.10.1972;0;17
GULSIMEN;17;4.09.1969;0;17
HALIKA;17;28.05.1964;0;17
SAHIZADE;17;5.08.1973;0;17
SUHAYLA;17;22.08.1972;0;17
VIRNA;17;16.12.1978;0;17
ZOHRAP;17;29.08.1964;17;0
YAMANI;17;18.05.1970;6;11
NUBARI;17;10.12.1950;0;17
ANGELINA;17;18.09.1964;0;17
ABDULVALI;17;20.02.1968;17;0
SAHIZA;17;27.11.1960;0;17
ABDUSSAMAD;17;19.05.1966;17;0
FIDDE;17;8.09.1954;0;17
HAZO;17;11.02.1952;1;16
EDVARD;17;17.01.1961;17;0
MELKE;17;20.08.1961;12;5
EVLIYE;17;20.01.1966;5;12
MARVAN;17;9.07.1979;17;0
CIRCO;17;26.04.1936;17;0
MERTE;17;15.08.1960;0;17
OLIVER;17;19.05.1981;17;0
NESO;17;6.02.1953;1;16
SILI;17;11.04.1940;9;8
SAHMETE;17;3.06.1971;0;17
ELBIRAN;17;2.10.1980;0;17
DURYAN;17;4.10.1962;0;17
JORJ;17;9.09.1953;17;0
EDMON;17;26.07.1957;17;0
SEGVAN;17;28.08.1979;17;0
NEFA;17;3.12.1964;10;7
BEHDIN;17;23.08.1968;17;0
M.SIRAC;17;5.02.1953;17;0
SABRA;17;21.07.1959;0;17
ZEMRA;17;19.10.1971;3;14
ERDEMCAN;17;6.08.1966;1;16
BERKAT;17;10.09.1966;17;0
HILFA;17;13.09.1954;0;17
RAKIB;17;27.11.1970;17;0
REKAN;17;23.03.1986;14;3
EDITH;17;5.04.1951;0;17
ASIN;17;3.02.1970;6;11
IMRIYE;17;4.07.1968;0;17
LETIFA;17;20.09.1961;0;17
ZALIM;17;14.10.1969;17;0
HAYRU;17;21.06.1970;3;14
NILVER;17;3.08.1975;2;15
ZIRAVIK;17;2.06.1953;0;17
BASRAVI;17;28.12.1959;17;0
SAYFIYE;17;24.05.1959;0;17
CULYA;17;18.12.1959;0;17
BESNI;17;6.04.1964;0;17
FETO;17;8.09.1946;8;9
EZDIHAR;17;8.11.1965;0;17
IBTISAM;17;11.07.1971;0;17
SARIHA;17;21.07.1962;0;17
HIVZI;17;11.02.1961;17;0
LEFIDE;17;1.12.1962;0;17
ABIDER;17;30.04.1967;12;5
TEZNUR;17;26.12.1971;1;16
GULSARI;17;14.05.1957;0;17
BIGEN;17;7.10.1968;0;17
NIKAYIL;17;16.01.1972;17;0
NEFIN;17;24.12.1977;0;17
ORCAY;17;11.02.1972;11;6
ALEMIN;17;30.08.1965;14;3
SUVADIYE;17;5.09.1966;0;17
ESAMI;17;16.02.1970;14;3
MAHSULE;17;7.12.1962;0;17
NAFIKA;17;8.06.1954;0;17
SAHMI;17;21.09.1963;16;1
ISIM;17;13.08.1964;6;11
SADIRI;17;23.09.1966;16;1
SERGIL;17;19.02.1974;0;17
ERTUZUN;17;25.08.1972;17;0
ESFENDER;17;5.08.1947;17;0
MERIYAN;17;27.01.1965;0;17
LADIM;17;9.02.1964;17;0
RAYIKA;17;13.10.1949;0;17
SERENCAN;17;13.03.1978;1;16
FEZIHA;17;7.08.1960;0;17
SIFAHI;17;13.11.1954;17;0
NURIZE;17;21.08.1965;0;17
NISANIYE;17;9.12.1962;0;17
SAFIRIYE;17;21.09.1966;0;17
UMMUGUSSUN;17;21.06.1966;0;17
RAVASIYE;17;23.08.1967;0;17
MUSABBIYE;17;12.07.1952;0;17
CEVARIYE;17;22.02.1958;0;17
GUSEREN;17;8.07.1970;0;17
ZINIYE;17;19.06.1957;0;17
VETAN;17;1.02.1966;13;4
MUNASE;17;3.09.1953;0;17
BELFU;17;11.09.1984;0;17
ZAITTIN;17;1.08.1973;17;0
YEKANE;17;25.05.1953;5;12
ZULALIYE;17;12.08.1955;0;17
NAILIYE;17;6.09.1958;0;17
BEYZAN;17;8.03.1965;1;16
CEMALIDDIN;17;22.11.1957;17;0
MUBAREKE;17;2.01.1964;0;17
ELVARI;17;28.05.1957;0;17
RUHGUL;17;10.03.1961;0;17
SULUMAN;17;21.07.1961;17;0
HUSAMI;17;16.07.1977;17;0
FAKIHA;17;15.07.1957;0;17
DILEKNUR;17;1.10.1979;0;17
CUMAIL;17;14.11.1969;17;0
YETGUN;17;13.02.1973;7;10
SEFERIYA;17;5.06.1964;1;16
MELEYKE;17;30.06.1960;0;17
MAGUL;17;4.02.1961;0;17
CELEP;17;28.12.1965;16;1
URKEN;17;15.02.1960;0;17
SADIF;17;11.01.1952;4;13
BEDIRAY;17;10.04.1973;6;11
ZEKERRIYYA;17;19.12.1962;17;0
BIRSER;17;26.10.1963;0;17
MEFIBE;17;6.12.1975;0;17
JOANNA;17;24.10.1966;0;17
CEVIT;17;2.06.1969;17;0
SAMIN;17;9.09.1961;15;2
SEFAHI;17;13.02.1962;9;8
ERDENUR;17;8.03.1969;7;10
SITTIKE;17;12.07.1960;0;17
FETEN;17;27.01.1960;0;17
YETENCE;17;3.01.1955;0;17
NAZINE;17;14.10.1958;0;17
ATIKAN;17;17.12.1968;13;4
SEMIM;17;13.01.1965;7;10
PAYIDAR;17;23.10.1964;5;12
BILIMSER;17;27.02.1978;0;17
BINBAL;17;3.05.1954;0;17
SAHINALI;17;8.08.1959;17;0
SEMAYET;17;29.2.1959;0;17
HIMAYET;17;23.11.1965;8;9
ASLANALI;17;23.10.1968;17;0
ONEN;17;5.06.1969;15;2
DEMIRAL;17;6.04.1957;17;0
ZUHTI;17;13.07.1953;17;0
ATOM;17;15.11.1962;17;0
NAHITTIN;17;20.02.1960;17;0
HIZIRALI;17;2.10.1964;17;0
ELMINOR;17;22.04.1951;0;17
NAZIRAN;17;3.07.1963;0;17
SOYTURK;17;24.02.1976;17;0
ILAME;17;9.10.1949;0;17
AYFEDDIN;17;5.04.1961;17;0
ESABI;17;6.08.1970;17;0
ULKUN;17;12.04.1964;6;11
CIVARIYE;17;1.02.1957;0;17
HASMI;17;5.01.1965;17;0
ELVINUR;17;18.12.1833;0;17
OSMANGAZI;17;1.11.1978;17;0
HACIKURT;17;4.09.1960;17;0
MIRANDA;17;4.06.1974;0;17
NIZAFET;17;18.11.1958;0;17
FIDANE;17;3.05.1962;0;17
DURSUNHANIM;17;2.02.1956;0;17
PEMBENUR;17;12.11.1982;0;17
ASKINER;17;11.10.1976;12;5
SEVBIL;17;16.05.1976;0;17
AYDOLU;17;17.09.1983;1;16
GULFIZAN;17;25.02.1965;0;17
DAMRA;17;25.02.1987;9;8
ATIME;17;29.05.1954;0;17
ULIYE;17;28.06.1966;0;17
SEHRIN;17;20.11.1969;2;15
NEVGI;17;22.08.1971;2;15
VAKIYE;17;30.05.1967;0;17
ISILSU;17;9.10.1977;0;17
BINLIK;17;21.04.1964;0;17
ERTUGAY;17;7.07.1975;17;0
ZOYA;17;6.01.1959;1;16
NECAEDDIN;17;26.09.1954;17;0
ERER;17;28.08.1965;13;4
TALE;17;10.09.1961;2;15
SAVASAN;17;19.02.1973;17;0
BAYKARA;17;8.12.1957;17;0
ENTER;17;28.09.1966;17;0
DILFINAZ;17;29.04.1958;0;17
MELISAN;17;8.08.1975;0;17
YESIN;17;20.07.1967;9;8
NEMIRE;17;2.06.1955;0;17
FERMINAZ;17;10.10.1962;0;17
NERMISAN;17;9.11.1972;0;17
BAMBAK;17;22.12.1950;0;17
GURBAN;17;26.05.1968;15;2
NESHE;17;2.04.1965;0;17
FENNI;17;24.01.1964;17;0
RAIBA;17;19.08.1975;0;17
MUALA;17;28.12.1968;0;17
UMIDIYE;17;15.12.1971;0;17
SINAMETTIN;17;10.09.1953;17;0
SELVIYA;17;9.05.1970;0;17
KIBIRE;17;5.03.1956;0;17
ZELFIRAZ;17;20.07.1962;0;17
HULDAN;17;14.05.1968;0;17
ZUDIYE;17;21.07.1955;0;17
ERCUMERT;17;28.08.1966;17;0
BIRTAC;17;10.08.1972;4;13
BINAL;17;25.01.1969;15;2
ZENCEF;17;24.10.1963;0;17
KIPER;17;20.09.1967;17;0
ZAIBE;17;17.07.1955;0;17
MURADIF;17;27.02.1963;17;0
MIRMELEK;17;28.11.1957;17;0
MUDEVVER;17;4.12.1947;0;17
CERIT;17;13.02.1966;17;0
KESIME;17;11.01.1965;0;17
TUBAHAN;17;26.11.1984;0;17
MAHIS;17;10.3.1834;0;17
SEFIGE;17;5.10.1962;0;17
HANEM;17;13.04.1960;0;17
IBADETTIN;17;24.08.1970;17;0
BAGGUL;17;11.08.1969;0;17
DONERGUL;17;21.02.1971;0;17
ABUDUN;17;24.10.1973;17;0
GULEYDE;17;17.01.1973;0;17
GOSEN;17;18.10.1957;2;15
LEYLAGUL;17;4.08.1973;0;17
SUMEYYEN;17;26.01.1983;0;17
GULSENDE;17;5.07.1959;0;17
YETIK;17;18.01.1959;8;9
ADIBAL;17;25.08.1965;16;1
SASUN;17;16.06.1962;5;12
NUTHIYE;17;22.08.1955;0;17
BIRAL;17;17.01.1973;15;2
MAHCEMAL;17;9.12.1840;0;17
NURDEMET;17;20.02.1975;0;17
ZEHNIZAR;17;14.01.1959;0;17
FEVZAN;17;12.04.1966;4;13
SAGDET;17;12.05.1964;1;16
ABDULSEMIH;17;19.01.1980;17;0
ZEHICAN;17;28.06.1962;0;17
AZIZULLAH;17;29.09.1973;17;0
LUSIK;17;30.05.1946;0;17
NUSRETE;17;13.05.1956;0;17
CAMALI;17;25.08.1967;16;1
NURSILE;17;25.11.1977;0;17
SUBUYE;17;24.10.1958;0;17
SEMAHI;17;21.03.1964;7;10
IKBARIYE;17;8.11.1956;0;17
TAYSUN;17;25.06.1976;14;3
SAVETTIN;17;23.06.1967;17;0
TUTUS;17;24.10.1934;0;17
NAGIHA;17;5.11.1968;0;17
BENA;17;10.03.1969;1;16
YARCAN;17;18.06.1968;15;2
KOKHAN;17;29.01.1976;16;1
ZELAHA;17;4.04.1965;0;17
BIRAGA;17;28.10.1959;17;0
HUSNAN;17;29.04.1963;0;17
GUNSEREN;17;29.10.1955;0;17
NAZMITTIN;17;24.07.1953;17;0
TULEN;17;10.05.1964;2;15
MEKANE;17;22.06.1958;0;17
TAYNUR;17;13.12.1963;2;15
FIGAR;17;30.05.1969;0;17
SUDABE;17;1.03.1965;0;17
SELTAP;17;6.01.1984;0;17
TUGCIN;17;14.03.1986;6;11
MUHRUBAN;17;17.07.1962;0;17
REYIZ;17;14.06.1966;17;0
ESRAN;17;26.06.1980;1;16
NAMLI;17;28.07.1957;3;14
MOMUN;17;25.03.1956;17;0
NUCIBE;17;27.09.1949;0;17
PELGIZAR;17;25.05.1959;0;17
HAZERE;17;7.03.1951;0;17
HUMRI;17;13.04.1957;0;17
BILAKS;17;29.07.1966;0;17
MAZICIN;17;20.04.1979;0;17
ZAHFERAN;17;24.11.1974;0;17
KUTAZ;17;25.12.1970;17;0
GULISOR;17;27.10.1955;0;17
BABAHAN;17;2.09.1974;17;0
BAYTAR;17;2.01.1967;16;1
MASALAH;17;3.05.1974;10;7
HAVZI;17;27.10.1945;8;9
SEHRIVAN;17;22.10.1979;0;17
KIRAMET;17;19.06.1978;1;16
HORISIMAN;17;16.12.1971;0;17
MATAN;17;1.03.1960;3;14
SOGUL;17;20.05.1982;0;17
SADYA;17;9.05.1969;0;17
DILEFRUZ;17;9.07.1959;0;17
TECATTIN;17;3.07.1969;17;0
DUHTER;17;15.02.1954;0;17
TEVRET;17;11.04.1973;0;17
FERDAR;17;16.04.1973;13;4
GOLU;17;5.05.1955;3;14
GULADIN;17;15.10.1968;17;0
BENDIGAR;17;27.01.1977;0;17
FIRIDE;17;8.09.1955;0;17
UMMUL;17;30.09.1978;0;17
HURINAS;17;15.09.1964;0;17
ABDULMUTALIB;17;4.05.1979;17;0
SIYAHAHMET;17;4.08.1961;17;0
TEMI;17;3.09.1955;8;9
CELALLETTIN;17;18.04.1965;17;0
AMNE;17;26.03.1955;0;17
INTIFA;17;9.03.1966;0;17
AMADIN;17;7.01.1969;17;0
NAFIK;17;24.10.1960;9;8
MEHMETRESAT;17;1.08.1974;17;0
YENIYURT;17;15.04.1969;9;8
IZDEN;17;8.10.1976;2;15
NISVAN;17;26.03.1966;0;17
PUJAN;17;3.10.1963;0;17
MEMETCAN;17;12.07.1973;17;0
SANO;17;6.03.1957;16;1
BERKIZA;17;28.12.1970;0;17
SIBELCAN;17;17.07.1987;0;17
HAZYETE;17;2.08.1968;0;17
MUHERREM;17;27.07.1961;16;1
NAISE;17;1.12.1955;0;17
NUBUVET;17;6.01.1961;0;17
VELEDDIN;17;25.12.1962;17;0
NURSEREF;17;4.04.1962;1;16
IMALETTIN;17;16.02.1964;17;0
OMURSEN;17;20.11.1967;0;17
ZERDE;17;28.11.1955;0;17
EMRAHAN;17;24.05.1980;10;7
MEYIL;17;22.08.1969;2;15
UYSEL;17;24.11.1956;1;16
HATA;17;21.05.1949;6;11
GULBAYAZ;17;20.08.1962;0;17
SUKURIYE;17;15.01.1964;0;17
AZERHAN;17;10.01.1986;9;8
IZLEN;17;18.01.1981;10;7
MUCEDDET;17;17.05.1958;5;12
NECCAR;17;1.06.1960;17;0
GULKA;17;7.07.1947;0;17
RESADET;17;14.02.1947;1;16
NIFSIYE;17;11.01.1970;0;17
HASANHAN;17;5.12.1959;17;0
MUZEKKAR;17;22.07.1958;17;0
GULCEMET;17;3.12.1969;1;16
HAZIYETE;17;21.03.1964;0;17
ATAS;17;15.09.1955;14;3
NILBERK;17;1.04.1977;0;17
BINNAZIYE;17;17.06.1962;0;17
ZEYNUS;17;24.05.1947;0;17
BINBASI;17;11.04.1956;17;0
ABIDAT;17;5.09.1950;0;17
MAZHER;17;8.07.1960;17;0
ECRIYE;17;29.2.1951;0;17
UMEYME;17;30.04.1956;0;17
BARTUG;17;13.10.1985;17;0
GULOM;17;20.05.1977;0;17
MUJDIYE;17;14.10.1968;0;17
FERIYAT;17;15.11.1967;6;11
RITFAN;17;14.12.1968;16;1
MUNYAMIN;17;14.08.1965;17;0
GULAZIM;17;25.05.1963;1;16
BODE;17;25.06.1956;0;17
NAZIYET;17;22.02.1957;0;17
LAVANTA;17;27.10.1969;0;17
NACITTIN;17;5.01.1960;17;0
SUKRUHAN;17;8.02.1962;4;13
BAHSALI;17;8.05.1952;17;0
MERSUDE;17;24.06.1965;0;17
SENHA;17;20.10.1973;0;17
MURZE;17;16.04.1962;17;0
ZERINAZ;17;4.10.1967;0;17
FIRINAZ;17;11.07.1963;0;17
FARZI;17;20.04.1954;4;13
HUDEYCE;17;22.01.1973;0;17
AMNA;17;23.09.1951;0;17
GULFENER;17;1.02.1977;0;17
VACETTIN;17;9.12.1969;17;0
BEYTAS;17;11.04.1963;16;1
YURDU;17;24.02.1969;3;14
MUSDAN;17;27.11.1969;16;1
ABDULMACIT;17;24.02.1967;17;0
KUCER;17;5.01.1964;4;13
MEHRAN;17;4.01.1970;13;4
CAYMAZ;17;25.02.1970;15;2
LISANIYE;17;4.01.1953;0;17
HATMANA;17;30.07.1963;0;17
BAYKURT;17;1.07.1969;17;0
GURCUYE;17;8.02.1961;0;17
DERVISALI;17;9.02.1958;17;0
ZUREYYA;17;14.05.1971;4;13
GULCARIYE;17;20.08.1958;0;17
BIRTEK;17;30.2.1974;6;11
BALIME;17;16.08.1956;0;17
HINIS;17;14.02.1955;10;7
CAHIDIYE;17;7.03.1961;0;17
FILLIK;17;12.10.1957;0;17
FATHI;17;19.01.1975;17;0
KORE;17;4.03.1955;15;2
HAMISET;17;16.09.1955;0;17
YAVUZA;17;3.10.1962;17;0
SUCAY;17;4.11.1972;12;5
HANBEYI;17;15.10.1958;6;11
MUHRUBE;17;29.03.1960;0;17
NUFERIYE;17;21.04.1965;0;17
TENASIP;17;28.12.1949;0;17
EFES;17;26.03.1975;6;11
MUCAYET;17;17.09.1956;9;8
NAZHAN;17;11.04.1960;2;15
HAMES;17;23.06.1958;13;4
AYTULUN;17;11.09.1970;2;15
FILIZHAN;17;20.03.1973;0;17
IZMIYE;17;7.11.1956;0;17
MUHTERIME;17;23.09.1947;0;17
ZENNUME;17;17.03.1961;0;17
REMEDAN;17;16.12.1945;17;0
SULUS;17;13.03.1952;16;1
ULSER;17;23.08.1957;1;16
SAZIYA;17;19.04.1957;0;17
FIKIRNAZ;17;29.05.1968;0;17
FEDAIM;17;4.02.1962;17;0
SALIMEN;17;17.11.1962;10;7
MASUMA;17;12.09.1963;0;17
ZINEL;17;17.02.1950;16;1
TASKAN;17;23.04.1962;17;0
ELMASE;17;18.01.1943;0;17
CIRAN;17;19.09.1969;1;16
MILLA;17;25.01.1953;15;2
NAZAM;17;6.11.1965;16;1
FERHEY;17;14.01.1958;0;17
AVAD;17;13.08.1958;17;0
HIYASEDDIN;17;11.07.1966;17;0
HEVILA;17;16.01.1972;0;17
IKRIMA;17;28.05.1968;0;17
TULUHAN;17;30.01.1972;12;5
NESAN;17;4.04.1965;1;16
BARHAN;17;27.07.1977;17;0
ROSAN;17;6.09.1979;3;14
BERGUN;17;30.08.1968;3;14
CUMAZE;17;6.07.1966;0;17
GULFURUZ;17;10.10.1962;0;17
KUTAL;17;8.01.1975;16;1
YURDAHAN;17;8.09.1971;11;6
NEBIS;17;3.12.1958;1;16
KUTLAN;17;12.04.1975;15;2
OZLU;17;19.01.1977;6;11
MENZI;17;26.02.1956;0;17
TARDU;17;10.11.1972;17;0
NURYAZ;17;9.09.1971;0;17
EBRULE;17;5.01.1970;0;17
MIYES;17;6.12.1964;0;17
PIRLANTI;17;18.02.1946;0;17
RAHMEY;17;17.05.1950;0;17
LEVZA;17;8.06.1965;0;17
TUGE;17;8.04.1970;1;16
SUTUYE;17;24.11.1963;0;17
TELIHA;17;6.06.1968;0;17
DILFURAZ;17;27.01.1964;0;17
TULEY;17;8.03.1968;0;17
LUUBA;17;18.04.1968;0;17
DILARAM;17;30.09.1968;0;17
ESENGUN;17;10.01.1958;0;17
MINTE;17;26.05.1958;0;17
ZADIN;17;19.10.1964;15;2
RENATA;17;21.01.1967;0;17
MESTO;17;21.03.1938;17;0
TAHVIDE;17;4.12.1969;0;17
JENI;17;14.09.1970;0;17
NEVZAR;17;7.02.1959;3;14
MEYRAN;17;5.08.1967;0;17
GULYAG;17;15.08.1968;0;17
NERSES;17;17.12.1953;16;1
ZEHLA;17;28.05.1958;0;17
TEMENNI;17;20.01.1949;0;17
EDEBALI;17;14.06.1985;17;0
ALIBEKI;17;1.03.1961;17;0
NARFIDAN;17;20.08.1959;0;17
GASIP;17;25.07.1969;17;0
MUHTERREM;17;30.07.1975;6;11
KORAN;17;13.04.1972;17;0
SERIFIYE;17;13.12.1963;0;17
ELIT;17;18.08.1985;3;14
KUTU;17;24.06.1945;2;15
SOHRETE;17;17.01.1967;0;17
GOZEM;17;11.04.1986;0;17
RAKDA;17;4.04.1959;0;17
NESICAN;17;6.01.1952;0;17
HAVVADUDU;17;27.07.1958;0;17
AHMEDIYE;17;6.10.1966;0;17
JANBERK;17;17.04.1984;17;0
MAGRIP;17;24.01.1950;17;0
PAZEN;17;4.06.1955;0;17
GULFIKIR;17;13.09.1963;0;17
BURKE;17;27.01.1983;9;8
EBRAL;17;25.04.1977;12;5
BUGE;17;9.07.1976;2;15
SEBRINAZ;17;22.08.1965;0;17
TACLAN;17;24.07.1970;5;12
KUTLUK;17;30.09.1970;16;1
ARSALOZ;17;27.12.1942;0;17
UKBE;17;19.07.1986;17;0
NIMAT;17;17.11.1960;4;13
MENSER;17;4.01.1972;16;1
MEBRUS;17;9.01.1982;0;17
NECIMSER;17;3.02.1962;0;17
IVON;17;8.10.1952;0;17
ASGAR;16;14.04.1962;16;0
FIKEN;16;18.11.1967;0;16
BILIN;16;2.06.1964;2;14
FUNDAY;16;28.11.1976;0;16
TENGUL;16;27.01.1962;0;16
PEHRIL;16;23.06.1965;16;0
DILFORUZ;16;17.11.1967;0;16
GUNAYI;16;18.12.1972;0;16
SONE;16;7.11.1978;0;16
IMIT;16;22.12.1972;14;2
BENGEY;16;16.04.1950;0;16
UMMUCAN;16;8.11.1969;0;16
RAYFA;16;8.12.1958;0;16
ALISAHIN;16;13.03.1972;16;0
TURUSHAN;16;21.04.1979;15;1
IMIGULSUM;16;6.05.1965;0;16
ASILKAN;16;20.09.1985;15;1
HAVVAHAN;16;3.11.1956;0;16
PUSULU;16;5.04.1945;0;16
ARBIL;16;1.07.1968;2;14
NUROSMAN;16;9.10.1961;16;0
HINDO;16;8.11.1944;7;9
DINAY;16;19.09.1974;5;11
EFRAN;16;20.05.1963;7;9
GOKSEMIN;16;8.10.1977;5;11
SAHAMET;16;17.09.1965;5;11
SENEHA;16;14.02.1964;0;16
AYILE;16;8.01.1964;0;16
AMER;16;6.05.1962;15;1
HIRAT;16;9.06.1949;0;16
MEHSUDE;16;29.11.1967;0;16
ISFENDI;16;1.03.1957;16;0
SEVDIGUL;16;3.02.1968;1;15
MUHDET;16;1.08.1972;11;5
ZABITA;16;10.03.1958;0;16
HACETTIN;16;26.10.1968;16;0
SUHRAP;16;18.05.1963;15;1
FEBRUNIYE;16;19.08.1966;0;16
TAYLA;16;11.03.1961;2;14
GULTEBER;16;22.08.1961;0;16
FEZI;16;1.01.1964;14;2
TURSEL;16;29.08.1961;3;13
ZIYCAN;16;23.09.1956;0;16
GULSEDEF;16;17.08.1978;0;16
SAYGILI;16;3.05.1968;11;5
NEFASET;16;15.07.1954;0;16
HIDAYETULLAH;16;24.09.1967;15;1
DINE;16;29.04.1973;0;16
ZIRAM;16;19.11.1963;16;0
PAZAR;16;19.08.1967;12;4
AKIS;16;24.09.1964;8;8
SEHERIYE;16;13.01.1953;0;16
YIHYA;16;27.11.1967;16;0
HAKMIYE;16;11.10.1976;0;16
MULHIM;16;19.04.1957;15;1
MUKRIMAN;16;17.12.1969;0;16
YASAL;16;10.11.1976;13;3
EZLIFE;16;4.02.1977;0;16
NEYO;16;3.05.1948;0;16
AFITAN;16;28.01.1968;0;16
RADDA;16;9.11.1968;0;16
ADDULA;16;23.11.1962;0;16
SIMENSE;16;9.01.1968;0;16
HUZNIGUL;16;16.06.1967;0;16
NEVRISAN;16;24.05.1964;0;16
BUBU;16;7.06.1943;14;2
HEMO;16;1.08.1942;15;1
BUNEYYE;16;6.02.1963;9;7
HEKSE;16;21.07.1954;0;16
CUVAN;16;26.03.1982;12;4
NECEH;16;22.12.1972;0;16
MERIFE;16;2.10.1958;0;16
CEMALEDIN;16;8.08.1968;16;0
NIHYET;16;9.05.1967;16;0
MUEZZIN;16;23.05.1965;14;2
AMSEY;16;21.03.1947;0;16
ASHAT;16;26.01.1969;16;0
EDISE;16;6.06.1970;0;16
ZARGA;16;30.09.1968;0;16
MIZER;16;4.02.1966;15;1
ESMERHAN;16;5.07.1975;0;16
BASIT;16;18.03.1975;16;0
MUKKERREM;16;8.11.1961;3;13
ECMEN;16;21.01.1971;8;8
ZERAN;16;1.08.1972;0;16
BEDREDIN;16;22.03.1967;16;0
UNVAN;16;14.07.1965;14;2
NACLA;16;15.07.1977;0;16
FAREDDIN;16;1.07.1961;16;0
KEMLE;16;27.02.1956;0;16
RESTEM;16;22.02.1963;16;0
EYFEL;16;4.11.1973;0;16
MEHMUT;16;28.12.1960;16;0
TIFLE;16;22.11.1959;0;16
NESILHAN;16;19.08.1981;0;16
RAZIYET;16;14.06.1954;0;16
NEVERT;16;17.10.1965;0;16
LINE;16;14.09.1976;0;16
HAMIK;16;13.11.1954;15;1
ALEX;16;16.11.1982;16;0
ROBIL;16;10.05.1979;16;0
FEYRUSA;16;28.02.1974;3;13
SAMUN;16;14.12.1952;16;0
SAFO;16;25.10.1951;1;15
NURSIME;16;15.01.1979;0;16
SONYE;16;11.12.1978;0;16
DIANE;16;8.09.1967;0;16
HALA;16;9.01.1967;0;16
LACRAMIOARA;16;6.01.1976;0;16
HEYBETTIN;16;18.11.1972;16;0
MUHEBBET;16;15.07.1962;0;16
CATALINA;16;30.04.1980;0;16
MUASSER;16;29.08.1965;2;14
MAKSO;16;2.11.1950;15;1
MARLEN;16;22.12.1964;0;16
ESEMIN;16;9.10.1975;0;16
ISTAR;16;17.03.1970;0;16
LYDIA;16;25.09.1970;0;16
ELFIN;16;12.08.1978;2;14
MAHBUSE;16;5.12.1968;0;16
EHLIYE;16;10.06.1965;0;16
NERVET;16;8.08.1970;1;15
INZIBAT;16;17.11.1966;16;0
FASIL;16;7.02.1964;7;9
DILVAN;16;2.04.1986;9;7
HALIYA;16;17.04.1966;0;16
RUJIN;16;17.02.1982;0;16
ZEYNU;16;10.05.1951;2;14
OYCAN;16;4.02.1977;4;12
ESNAN;16;17.07.1963;12;4
NEJDED;16;22.09.1964;16;0
IMRAH;16;28.08.1981;9;7
BALO;16;4.04.1951;14;2
SERHET;16;28.04.1975;8;8
RISMIYE;16;19.02.1970;0;16
SAFETULLAH;16;22.04.1980;16;0
FAKA;16;16.11.1964;16;0
BAYSUN;16;11.06.1971;14;2
MIRHAT;16;20.11.1974;15;1
TIMURTAS;16;10.10.1976;16;0
TALAL;16;4.06.1975;16;0
ABDULKUDUZ;16;21.07.1966;16;0
ERDEHAN;16;18.06.1970;11;5
CABRAIL;16;22.07.1975;16;0
BAHDI;16;18.12.1960;13;3
NAZELIM;16;10.03.1964;0;16
REMIHA;16;26.07.1965;0;16
BESMIYE;16;9.11.1961;0;16
HITAM;16;13.09.1964;8;8
HUSMA;16;2.04.1954;0;16
DURDANI;16;21.05.1953;0;16
MEFAYIR;16;6.09.1965;12;4
GULAR;16;4.06.1957;0;16
NAZANDER;16;16.03.1968;0;16
MISNET;16;26.12.1955;0;16
ZULGAR;16;25.03.1966;12;4
ELIYFE;16;13.04.1962;0;16
NECIMETTIN;16;7.09.1964;16;0
PEVIL;16;22.06.1965;15;1
RUZUYE;16;16.09.1962;0;16
MESHURIYE;16;28.09.1960;0;16
ARGUL;16;15.07.1969;0;16
AVZI;16;28.08.1953;15;1
YOKSUNI;16;8.01.1980;16;0
UMMANE;16;2.08.1951;0;16
GULDAY;16;29.01.1979;2;14
MURSUDIYE;16;23.01.1960;0;16
MABUDE;16;14.08.1966;0;16
LEBAHAT;16;23.11.1963;0;16
LAHURI;16;4.12.1961;0;16
SOZGUL;16;20.07.1977;0;16
MUHABER;16;1.06.1953;5;11
URGEN;16;24.10.1974;6;10
BEYDI;16;3.05.1962;16;0
CANDER;16;2.10.1970;2;14
FLORICA;16;20.08.1972;0;16
ZINAIDA;16;11.05.1970;0;16
VELITDIN;16;23.03.1962;16;0
NERCIN;16;23.07.1968;5;11
GULEFENDI;16;2.03.1973;16;0
NECAHITTIN;16;27.09.1952;16;0
LALENUR;16;7.04.1974;0;16
ZEYRIYE;16;13.09.1956;0;16
DILBAHAR;16;3.12.1964;0;16
NECABI;16;5.06.1959;16;0
NECAIL;16;4.06.1958;16;0
DEMINE;16;27.11.1959;0;16
SIDGI;16;24.10.1957;15;1
OMRAY;16;11.08.1975;2;14
BIRGAN;16;8.02.1966;3;13
GUNNAZI;16;24.02.1966;0;16
ZULFIHAN;16;30.03.1964;1;15
LUTFER;16;5.01.1961;6;10
AZIRE;16;17.03.1950;0;16
MURABIYE;16;8.05.1955;0;16
BILALETTIN;16;23.09.1969;16;0
KUSSUM;16;21.08.1953;0;16
SAULE;16;30.10.1974;0;16
EMSALE;16;16.05.1956;0;16
GULTAS;16;17.09.1975;1;15
SOYNUR;16;3.03.1970;0;16
ANSER;16;15.03.1959;6;10
MURSIYE;16;26.06.1963;0;16
SELMANE;16;18.01.1959;0;16
HATIRE;16;7.02.1970;0;16
NIHALE;16;5.12.1961;0;16
NANULI;16;12.10.1956;0;16
SEZGINER;16;7.10.1974;15;1
NECEP;16;9.11.1964;13;3
SAHMAR;16;2.06.1960;15;1
BASBUG;16;24.08.1974;16;0
SUSUKA;16;22.12.1950;0;16
SEVILGUL;16;4.04.1967;0;16
AHSAN;16;16.10.1955;7;9
SAHABBAS;16;3.04.1948;16;0
GULNURAY;16;23.02.1976;0;16
NURSEHER;16;30.01.1974;0;16
MUNIYE;16;12.03.1945;0;16
MEVLUTALI;16;18.10.1965;16;0
ANTONINA;16;12.10.1973;0;16
D.ALI;16;7.06.1942;16;0
MINEDIYE;16;17.05.1969;0;16
HALIBE;16;7.02.1964;0;16
LILAFER;16;24.05.1969;0;16
SARGUL;16;5.06.1969;1;15
HESMA;16;10.09.1952;0;16
MUSTECIP;16;2.10.1953;16;0
VARVARA;16;15.03.1951;0;16
NIDANUR;16;3.04.1989;0;16
MARA;16;13.11.1953;3;13
TUGCEHAN;16;6.05.1989;1;15
ELSA;16;11.06.1975;0;16
SULDAN;16;30.04.1962;3;13
CULIDE;16;20.12.1958;0;16
ALIDURSUN;16;16.09.1959;16;0
ALTUNER;16;15.09.1966;13;3
TEFIYE;16;7.11.1960;0;16
NERGULE;16;5.09.1969;0;16
HACIPIR;16;1.01.1960;16;0
NUSABE;16;7.12.1967;0;16
ZIYARE;16;1.01.1957;0;16
MUJDENUR;16;13.07.1978;0;16
ROMAN;16;25.02.1977;12;4
ATKIN;16;12.09.1965;16;0
CELALETIN;16;23.04.1967;16;0
SELAMETDIN;16;21.05.1959;16;0
GUNCEM;16;19.06.1983;1;15
SEYIP;16;8.05.1966;16;0
GULSERIM;16;28.07.1961;0;16
DURSUNBEY;16;21.09.1961;16;0
MEYRA;16;25.10.1968;0;16
HAVAHATUN;16;6.01.1967;0;16
BAYRAMSA;16;22.06.1958;0;16
ADIFIYE;16;28.01.1962;0;16
MUCADELE;16;3.03.1966;1;15
GULCU;16;1.11.1968;0;16
SEMAHAN;16;26.07.1973;0;16
SAHIDER;16;2.09.1962;6;10
VELETTIN;16;9.02.1957;16;0
APDURRAHIM;16;27.05.1959;16;0
HAC;16;26.12.1959;9;7
SADRET;16;5.03.1966;16;0
ELGUN;16;9.07.1966;8;8
ERSUT;16;12.12.1969;15;1
NEFAKET;16;27.03.1958;0;16
APDULLA;16;9.08.1967;16;0
BENDEGUL;16;19.04.1973;0;16
NUFIYE;16;22.11.1962;0;16
ZAFERHAN;16;13.07.1976;13;3
SERBETHAN;16;19.10.1970;1;15
NIYAR;16;8.12.1958;0;16
SERBANE;16;5.06.1956;0;16
PEYMA;16;19.11.1979;1;15
KOCBEY;16;18.03.1969;16;0
GULNEVIN;16;10.06.1960;0;16
KAZENFER;16;4.12.1962;16;0
SEYDIALI;16;24.05.1959;16;0
NEVINE;16;9.06.1957;0;16
ZEMFIRA;16;20.02.1963;0;16
RUSHAN;16;25.09.1980;2;14
FERDINAZ;16;26.09.1970;2;14
SEMIZAR;16;26.03.1963;0;16
FEYNUR;16;16.12.1970;1;15
SUHENDA;16;30.03.1958;0;16
YAZEL;16;16.12.1979;0;16
HATICENUR;16;30.01.1987;0;16
MUHIDTIN;16;8.05.1966;16;0
SAHISDE;16;4.03.1956;1;15
ATIS;16;28.09.1959;6;10
NURDAY;16;27.09.1974;0;16
KEZZIK;16;11.05.1962;0;16
SESIM;16;10.03.1984;1;15
HUSUK;16;16.10.1945;16;0
LEBUZE;16;6.08.1959;0;16
BEKDEMIR;16;10.04.1955;16;0
LIBER;16;9.04.1964;0;16
DATLI;16;30.07.1957;8;8
PAHALI;16;13.07.1963;1;15
MIHNAZ;16;12.09.1966;0;16
MAKBURE;16;11.08.1958;0;16
SEDIYA;16;22.08.1972;0;16
CEMAYINUR;16;4.12.1956;0;16
MAHZER;16;25.09.1954;13;3
ALIGALIP;16;12.11.1950;16;0
DOGDU;16;25.02.1967;12;4
SEMSUNUR;16;27.05.1957;0;16
ANKINE;16;16.06.1950;0;16
VEZZAHA;16;7.01.1963;0;16
FIRKANI;16;13.11.1959;16;0
BULUTHAN;16;29.12.1982;16;0
KOHER;16;14.06.1947;0;16
KIPRA;16;19.05.1958;0;16
MUHUBBE;16;2.08.1961;0;16
CELLAT;16;22.05.1960;16;0
AGCAGUL;16;14.01.1966;0;16
VAHTET;16;23.12.1973;16;0
KOKER;16;27.05.1962;15;1
GULFUYE;16;11.01.1966;0;16
KUZEYFE;16;4.10.1967;15;1
ILAHE;16;1.09.1977;0;16
NAMUKA;16;29.04.1958;0;16
YASAN;16;16.12.1974;9;7
MUSIDIYE;16;21.02.1963;0;16
NOGAY;16;11.05.1976;13;3
SEMRIHA;16;22.10.1966;0;16
MANSAR;16;25.08.1970;16;0
ERDOGMUS;16;30.10.1960;16;0
TAFIK;16;23.08.1957;16;0
SEDAGET;16;3.07.1962;0;16
CAMAFER;16;29.03.1955;0;16
GUNUZ;16;30.12.1969;0;16
LUGEN;16;18.09.1980;0;16
MEMBER;16;21.04.1969;4;12
ZULKU;16;11.04.1966;14;2
MERDINAZ;16;7.07.1953;0;16
HUDAKER;16;5.07.1966;2;14
MUFTELA;16;5.02.1951;2;14
SADANUR;16;15.05.1950;0;16
LUTFUYA;16;16.02.1967;0;16
FEVZAT;16;17.06.1958;14;2
GUHAN;16;4.03.1967;4;12
VAZIF;16;16.06.1954;16;0
RUGUL;16;11.03.1962;0;16
NEBILA;16;6.07.1968;0;16
VALIDA;16;12.10.1967;0;16
PIRYAN;16;30.06.1952;0;16
MAKBERI;16;27.08.1978;0;16
MUZELLA;16;25.01.1962;0;16
SEDEKAT;16;3.05.1967;0;16
MIRGUN;16;25.03.1964;1;15
YUSUFZIYA;16;26.05.1967;16;0
SENGUNER;16;3.12.1958;1;15
TASGIN;16;28.10.1968;16;0
BETIYE;16;4.02.1963;0;16
TARCIN;16;16.05.1978;3;13
EFSEN;16;24.01.1967;0;16
ESENYEL;16;18.11.1976;0;16
NERMINAZ;16;1.10.1961;0;16
MIMARSINAN;16;18.02.1975;16;0
ESIRE;16;21.05.1966;0;16
SATIN;16;24.12.1962;9;7
FADIMAN;16;12.03.1957;0;16
BAKKI;16;3.12.1959;16;0
ALIDOGAN;16;24.01.1966;16;0
TULAYI;16;10.12.1974;0;16
LELIHAN;16;19.05.1967;0;16
SIZEN;16;24.01.1978;0;16
BAVAN;16;21.04.1957;0;16
MUNURYE;16;14.05.1966;0;16
BEHICA;16;18.11.1968;0;16
ESKENDER;16;12.09.1958;16;0
REVSIYE;16;16.05.1973;0;16
KULILK;16;14.05.1965;0;16
HEFSI;16;22.01.1942;0;16
BAYLOZ;16;3.02.1962;16;0
MUCAIDE;16;26.10.1961;0;16
NORGUL;16;6.05.1970;0;16
ULUCAN;16;27.09.1977;13;3
FESSIH;16;14.06.1970;16;0
SITE;16;28.08.1957;0;16
BENICE;16;18.12.1966;0;16
PERISAH;16;7.05.1975;0;16
MENISA;16;4.01.1978;0;16
FEYROZ;16;2.09.1967;1;15
ABDULSELLAM;16;10.02.1975;16;0
HAKLIME;16;1.07.1970;0;16
NASRET;16;29.04.1958;10;6
NIYMETULLAH;16;5.11.1976;16;0
MUCIB;16;29.04.1978;16;0
TULGEN;16;17.05.1972;0;16
SANEL;16;24.05.1974;6;10
MEFIYE;16;7.05.1974;0;16
ULYE;16;5.03.1967;0;16
GURGI;16;24.12.1969;15;1
ZINNI;16;21.10.1956;1;15
SEVHAT;16;11.05.1977;7;9
BERAK;16;28.03.1983;2;14
GULCIRAY;16;30.2.1974;0;16
HAVSET;16;8.12.1962;0;16
SEMIYAN;16;29.05.1968;2;14
FAYILE;16;20.02.1967;0;16
GULFU;16;28.06.1956;1;15
MERGUZEL;16;21.08.1963;0;16
MUSKILE;16;6.11.1953;0;16
CUNIYET;16;27.05.1971;16;0
BINES;16;1.11.1962;0;16
FAIR;16;27.11.1962;16;0
KAME;16;10.02.1953;0;16
ERNAZ;16;17.04.1969;6;10
IRFIDE;16;3.07.1965;0;16
AYBORA;16;27.09.1974;16;0
GULBITEN;16;28.07.1973;0;16
YOSUF;16;19.09.1966;16;0
HAZILE;16;9.06.1969;0;16
SOFIYE;16;13.06.1955;0;16
SENYILDIZ;16;8.06.1954;1;15
OMURE;16;8.11.1961;0;16
NURDEREN;16;3.03.1964;0;16
MAYANGUL;16;14.10.1966;0;16
UMEYIR;16;12.11.1980;16;0
SEVALE;16;1.03.1945;1;15
LIRIYE;16;20.02.1957;0;16
IMSEL;16;8.01.1971;1;15
RIFGI;16;29.04.1962;16;0
NEVRUS;16;12.04.1965;13;3
ZEMAN;16;5.03.1958;6;10
ZEBI;16;8.11.1947;1;15
ARDIC;16;28.05.1980;11;5
FADILIYE;16;19.11.1955;0;16
ADEVIYA;16;22.08.1963;0;16
SOSIK;16;4.03.1954;0;16
ZEMIYE;16;4.08.1963;0;16
AYNUMAH;16;19.05.1953;0;16
SERCENK;16;12.04.1982;16;0
ESI;16;27.07.1966;1;15
KEFLI;16;13.10.1970;14;2
FERCIHAN;16;10.06.1966;0;16
BERSIN;16;13.08.1975;3;13
HURZADE;16;22.08.1958;1;15
RUYAL;16;21.06.1969;5;11
BAHCIT;16;30.07.1955;0;16
ZUBUDIYE;16;29.11.1960;0;16
NAZIKDER;16;1.03.1959;0;16
BAYSEN;16;30.07.1965;3;13
MUCUBE;16;4.04.1967;0;16
TAMARYE;16;6.02.1964;0;16
CESME;16;6.08.1962;0;16
HOCCET;16;19.01.1971;15;1
GOKUS;16;19.07.1960;4;12
KARBEYAZ;16;14.11.1964;0;16
TAHRIYE;16;12.03.1960;0;16
NURSEM;16;30.03.1973;0;16
VANGUL;16;23.10.1978;0;16
SARINAZ;16;20.07.1962;0;16
HICRA;16;9.02.1978;1;15
FEYAD;16;29.04.1967;16;0
MIDRIKE;16;16.10.1978;0;16
REMI;16;30.03.1965;10;6
REYSI;16;13.01.1970;10;6
GULCEREN;16;17.02.1974;0;16
HUMET;16;25.05.1971;15;1
SAIN;16;2.12.1969;15;1
MOHUR;16;9.04.1957;4;12
MUHUR;16;2.08.1955;9;7
NAZAY;16;29.05.1975;0;16
MEHBUB;16;5.08.1970;1;15
DUDUBAL;16;19.04.1966;0;16
INANIR;16;5.11.1980;14;2
BEKIRHAN;16;23.04.1982;16;0
ROJEN;16;13.04.1982;6;10
NUHTU;16;24.06.1964;15;1
MUHSIDE;16;17.04.1972;0;16
GULNAZIR;16;3.04.1959;0;16
SIRINAY;16;4.07.1978;0;16
MIHRIBANI;16;20.01.1960;0;16
SELAMUN;16;14.02.1973;15;1
SEVRINAZ;16;2.05.1962;0;16
ESBENDIYAR;16;16.02.1956;16;0
BEKTEMUR;16;21.11.1949;16;0
MANSIR;16;5.07.1969;16;0
SEVLAN;16;14.01.1974;0;16
RIZALI;16;23.09.1954;16;0
ARSOY;16;11.10.1973;16;0
NASHANIM;16;19.01.1956;0;16
SONTURK;16;12.01.1976;14;2
GILE;16;23.03.1955;0;16
CABAR;16;8.06.1973;16;0
KEVER;16;21.01.1962;0;16
URFUGUL;16;22.03.1966;0;16
YEGANA;16;5.04.1972;0;16
DESBINE;16;17.09.1953;0;16
HAKNUR;16;18.09.1974;6;10
GULFUNAZ;16;30.11.1963;0;16
SALATA;16;26.05.1954;0;16
ONTURK;16;3.10.1971;16;0
TUTNAZ;16;24.03.1955;0;16
KUBARA;16;8.06.1958;0;16
SEKGUL;16;1.10.1953;0;16
GULCEYHAN;16;12.09.1962;0;16
MAHSUNU;16;9.05.1973;16;0
ZULFAR;16;24.01.1958;13;3
ABAZER;16;4.07.1966;16;0
REMADAN;16;1.07.1947;16;0
SACIDIYE;16;10.09.1959;0;16
ESSIN;16;2.01.1971;1;15
SULEHAN;16;4.06.1970;0;16
CANATAN;16;22.02.1967;16;0
HAYHAN;16;24.03.1957;8;8
YILMAZER;16;11.07.1967;16;0
NEYIDE;16;1.11.1958;0;16
TACKIN;16;11.05.1976;16;0
BELGUL;16;11.12.1975;0;16
CANNAR;16;22.02.1962;0;16
EDIT;16;10.08.1960;1;15
MIYASEL;16;23.12.1970;0;16
BAHRIE;16;5.02.1969;0;16
BATUG;16;24.05.1986;16;0
S.MEHMET;16;8.05.1944;16;0
SELVINAR;16;3.02.1975;0;16
UCAN;16;25.11.1966;13;3
REVDA;16;22.03.1974;0;16
UMMUCE;16;9.01.1954;0;16
SULEYMA;16;12.06.1940;0;16
NEBATIYE;16;14.08.1962;0;16
PIRLAK;16;2.06.1963;1;15
TURGUD;16;1.07.1966;16;0
MUNEVSE;16;1.05.1962;0;16
KAZIBEN;16;23.03.1967;0;16
FESLI;16;13.02.1960;3;13
MUSTENIRE;16;13.06.1945;0;16
VATFE;16;22.06.1946;0;16
BESTAMIN;16;9.12.1982;16;0
M.AKIF;16;28.10.1962;16;0
TANGUT;16;22.11.1966;16;0
DILDA;16;24.10.1979;0;16
EKATERINE;16;16.02.1976;0;16
DILBESTE;16;9.10.1955;0;16
ISLIHAN;16;23.01.1969;0;16
ISAMEDDIN;16;18.06.1967;16;0
ANIBAL;16;24.10.1963;15;1
LULE;16;3.07.1969;0;16
DURKAL;16;7.02.1962;13;3
BAYKUR;16;12.04.1970;16;0
UMEYDE;16;13.08.1958;0;16
SEBIAT;16;14.07.1958;0;16
AYNIZELHA;16;8.08.1967;0;16
RESSUL;16;27.03.1988;16;0
ZIRVE;16;9.10.1984;3;13
UCAL;16;22.11.1964;12;4
SOLIYE;16;12.09.1946;0;16
MELDAN;16;30.07.1966;0;16
HENUS;16;6.10.1969;3;13
AYIZER;16;25.02.1970;0;16
TAVIDE;16;11.10.1971;0;16
SILEN;16;15.08.1981;0;16
MAHBUBIYE;16;28.07.1952;0;16
PISAR;16;7.04.1970;16;0
NAZIKA;16;14.12.1958;0;16
VAIBE;16;20.07.1963;0;16
GULEV;16;26.06.1966;0;16
HAMMI;16;24.06.1945;14;2
SINASIYE;16;9.09.1958;0;16
MINTI;16;12.10.1949;0;16
OHANES;16;22.06.1943;16;0
MUSEDET;16;21.07.1978;0;16
MAHMERI;16;21.06.1959;0;16
TALU;16;23.10.1963;12;4
NEYDIM;16;24.12.1963;8;8
GULISDAN;16;2.11.1965;0;16
NEJDETTIN;16;8.04.1959;16;0
SEDAY;16;30.2.1976;6;10
ANGELIKA;16;14.03.1960;0;16
FARI;16;6.06.1957;16;0
SAFETA;16;22.05.1966;0;16
KATIF;16;5.07.1957;2;14
YASEVIL;16;23.09.1978;0;16
HUSNUZAR;16;9.04.1956;1;15
GALYNA;16;23.12.1966;0;16
YASARI;16;15.12.1962;0;16
MESIL;16;2.11.1979;2;14
OZLIN;16;20.10.1984;1;15
DEBORAH;16;26.06.1967;0;16
KOR;16;22.04.1963;15;1
SOKMEN;16;1.12.1958;16;0
AYKA;16;18.07.1954;4;12
FAKRI;16;24.11.1969;16;0
RUCIYE;16;29.04.1963;0;16
RUGZAN;16;6.03.1968;0;16
AVIKE;16;18.07.1943;0;16
ZIRIFE;16;22.09.1963;0;16
ZEVCET;16;7.11.1955;15;1
MARYEM;15;7.11.1954;0;15
COLAK;15;8.09.1951;15;0
TULGUN;15;3.01.1963;0;15
FERHUNDA;15;4.04.1968;0;15
UBEYID;15;19.11.1973;15;0
GULZEYNEP;15;17.09.1974;0;15
EDINE;15;25.06.1961;6;9
NESADET;15;6.02.1959;0;15
ERCIS;15;18.09.1964;14;1
SIZAN;15;12.04.1967;0;15
YETIM;15;17.09.1955;14;1
SABHATTIN;15;19.11.1975;15;0
MESLIHA;15;3.01.1970;1;14
MULHAK;15;5.07.1964;15;0
ZIMMET;15;29.2.1961;3;12
SEVDIL;15;11.03.1962;8;7
GAFFURE;15;8.12.1965;0;15
SAHINGUL;15;30.01.1965;2;13
MIHIR;15;23.04.1960;0;15
TAVHIDE;15;7.04.1963;0;15
EVAY;15;15.02.1974;0;15
CIMO;15;30.01.1941;15;0
SAMLI;15;8.12.1962;14;1
ERGINER;15;17.12.1958;14;1
SUDYA;15;8.02.1971;0;15
AZO;15;8.02.1950;10;5
SALA;15;13.11.1954;3;12
ABUSEF;15;7.11.1955;15;0
RUJDAN;15;7.02.1972;8;7
EYLAM;15;8.03.1985;0;15
RESME;15;12.12.1958;0;15
MAHAN;15;29.05.1960;1;14
BINUR;15;1.04.1969;0;15
SUNE;15;18.01.1965;0;15
SAROHAN;15;22.11.1954;15;0
HISRI;15;11.05.1937;0;15
RAVZIYE;15;6.04.1958;0;15
ZIGAYRA;15;6.09.1959;0;15
SAMIHAT;15;20.06.1973;0;15
ESHED;15;26.01.1979;15;0
BINAN;15;19.05.1966;13;2
YEKPARE;15;28.08.1961;0;15
ZULFAN;15;22.01.1973;0;15
SABREDDIN;15;2.01.1967;15;0
UNUT;15;26.08.1975;5;10
TEBRIZ;15;11.04.1966;3;12
GANDI;15;27.05.1966;12;3
PERISA;15;9.12.1968;0;15
GURZAP;15;14.05.1979;15;0
ISIMSIZ;15;28.05.1956;14;1
KANIVAR;15;10.08.1989;13;2
VEYSEDDIN;15;27.01.1968;15;0
TEZGIN;15;12.03.1968;9;6
GAZZO;15;17.02.1940;0;15
ZEYNEBI;15;9.05.1956;0;15
HAPSI;15;4.04.1946;0;15
NUJIN;15;11.10.1983;0;15
SAFVAN;15;16.06.1975;15;0
ZEHRETTIN;15;29.10.1969;15;0
KUMRUYE;15;26.04.1966;0;15
GULYEMIN;15;26.09.1978;11;4
FIZA;15;22.02.1973;0;15
SIIDE;15;19.01.1963;0;15
BEYAZE;15;16.12.1943;0;15
VEDILE;15;9.06.1976;0;15
SALMA;15;5.02.1965;0;15
FIDAYIL;15;2.09.1967;15;0
CELIYLE;15;14.07.1962;0;15
MEFIDE;15;22.08.1971;0;15
NUVAR;15;16.03.1965;8;7
SEHREBANI;15;16.04.1957;0;15
AMAL;15;5.01.1969;0;15
SILAHATTIN;15;21.12.1959;15;0
AMIN;15;13.01.1974;12;3
EKRAN;15;24.10.1967;14;1
IZMIRE;15;23.12.1959;0;15
CEZIYE;15;26.12.1967;0;15
SAFRA;15;12.01.1968;0;15
IREMGUL;15;4.02.1986;0;15
RIYAL;15;4.05.1981;6;9
FATHIYE;15;26.03.1957;0;15
DIHAM;15;16.11.1967;13;2
DIRII;15;24.01.1943;15;0
FERSIYE;15;19.11.1963;0;15
ABDURRIZAK;15;7.10.1957;15;0
BEHESTI;15;4.06.1989;9;6
ISMEN;15;1.09.1970;5;10
TABIA;15;20.10.1962;0;15
ORDI;15;16.10.1939;0;15
FIRYAN;15;16.07.1964;1;14
AVGIN;15;9.08.1980;15;0
HACIZE;15;15.03.1964;0;15
TAHLO;15;20.06.1944;14;1
CHRISTIAN;15;11.10.1980;14;1
IDBAN;15;18.06.1982;15;0
MAHABAT;15;18.07.1981;2;13
BITRIS;15;23.10.1947;15;0
SIKRI;15;27.11.1966;14;1
SINCO;15;5.10.1957;15;0
NAHRIN;15;21.08.1985;0;15
HAYFE;15;2.06.1959;0;15
CAG;15;12.11.1980;14;1
NERCIS;15;5.11.1957;0;15
ALBERTO;15;16.05.1957;15;0
MIRIAM;15;30.05.1978;0;15
ACIK;15;26.4.1713;6;9
NARICI;15;21.08.1973;0;15
METIA;15;29.07.1966;0;15
SUMAYA;15;25.07.1972;0;15
KENEDI;15;6.09.1970;15;0
ANTONI;15;2.10.1964;15;0
HOSNUT;15;4.11.1966;8;7
KECEL;15;13.11.1971;15;0
HAZALI;15;3.07.1969;5;10
VESIFE;15;3.04.1969;0;15
TICIR;15;3.05.1967;15;0
HESIP;15;21.11.1957;15;0
BIRKEN;15;6.08.1972;4;11
ANDAN;15;22.01.1973;3;12
HAYNUR;15;17.02.1966;0;15
VAFA;15;8.04.1977;4;11
FEYRUSSAH;15;7.01.1973;3;12
NURMAN;15;14.06.1962;6;9
ZELHAN;15;10.03.1958;0;15
AJNAN;15;3.03.1968;15;0
EZIN;15;24.11.1969;4;11
HASEN;15;18.08.1960;15;0
NAJLA;15;10.04.1971;0;15
HURIYA;15;18.11.1965;1;14
ZUHAR;15;7.09.1966;0;15
SEHRABAN;15;23.10.1958;0;15
FERZANIYE;15;26.03.1951;0;15
REMBIYE;15;29.12.1962;0;15
NEYLIFER;15;27.01.1949;0;15
LEDIME;15;12.02.1967;0;15
ORFIYE;15;18.07.1962;0;15
GULHATICE;15;19.03.1971;0;15
GULAZEN;15;27.06.1958;0;15
GULCEVHER;15;8.05.1964;0;15
GULCENNET;15;1.09.1974;0;15
NEYIM;15;23.09.1960;4;11
LEBUDE;15;15.09.1973;0;15
NESEL;15;29.07.1961;2;13
HEDEF;15;20.10.1973;10;5
SIHOMER;15;3.05.1963;15;0
HURDAL;15;28.04.1972;12;3
GULAMIYE;15;6.03.1968;0;15
BENAR;15;22.01.1967;3;12
ELKAN;15;26.02.1978;15;0
GUREN;15;2.05.1968;10;5
FERDANI;15;9.01.1957;1;14
IKRAMIN;15;29.09.1972;15;0
NAHIFE;15;18.11.1957;0;15
EYYUBI;15;14.02.1971;15;0
MURAL;15;29.11.1972;10;5
GULEMEN;15;1.03.1958;0;15
TECELLIYE;15;3.01.1964;0;15
HURMIS;15;30.03.1958;0;15
TANCA;15;28.02.1969;5;10
SELVISAN;15;23.08.1960;0;15
CEMAYIL;15;4.01.1962;13;2
CIHADE;15;13.06.1963;0;15
GUNNAMIYE;15;4.10.1964;0;15
FIRDEVZ;15;3.02.1967;0;15
NALIZER;15;16.04.1963;0;15
HABIYE;15;17.04.1970;0;15
MUZIYYEN;15;9.05.1964;0;15
DILAZER;15;22.09.1957;2;13
GUZZADE;15;23.04.1965;0;15
CEFAYIL;15;7.07.1967;0;15
SUZIDIL;15;20.01.1972;0;15
FENZIYE;15;10.10.1962;0;15
MUSEP;15;18.10.1960;0;15
RUKNIYE;15;17.01.1964;0;15
DIREM;15;24.01.1985;2;13
BILTEKIN;15;27.03.1968;15;0
MAHUNUR;15;25.04.1959;0;15
SANZER;15;6.11.1967;5;10
MUCALLA;15;2.08.1974;0;15
MUZUYEN;15;20.06.1965;0;15
BIRTANEM;15;4.04.1983;0;15
MAHTURE;15;20.01.1948;0;15
KHATUNA;15;11.07.1971;0;15
BEYBIN;15;14.02.1977;0;15
ABDULMUTTELIP;15;29.08.1969;15;0
FATUMATUZZEHRA;15;18.10.1966;0;15
ONZILE;15;2.05.1962;0;15
BILGINAY;15;24.05.1977;6;9
POLEN;15;29.06.1987;0;15
ERSINE;15;20.10.1970;0;15
RUHHAN;15;9.12.1970;7;8
ABTURAHMAN;15;22.04.1959;15;0
SENDE;15;11.12.1966;2;13
OLGUNER;15;1.10.1972;15;0
NIHAYE;15;20.09.1958;0;15
ONBASI;15;20.07.1961;15;0
NEVHILAL;15;16.01.1955;0;15
MEDIYEN;15;26.07.1969;9;6
RASENDE;15;11.09.1952;0;15
BINAS;15;27.05.1966;0;15
MIHRIBAL;15;20.11.1963;0;15
SALEHA;15;6.04.1958;0;15
MASEKER;15;5.09.1952;0;15
TULE;15;3.07.1964;0;15
CEMSULTAN;15;5.03.1976;13;2
GUNISIGI;15;27.02.1987;3;12
OZCE;15;5.10.1983;0;15
MUNKER;15;3.02.1977;5;10
MUSEBBE;15;20.08.1955;0;15
SIBA;15;18.06.1980;0;15
VUSALA;15;19.11.1981;0;15
BURSAH;15;19.10.1988;1;14
DERGIN;15;9.12.1975;5;10
SUVET;15;7.12.1959;2;13
EBUMUSLIM;15;13.10.1967;15;0
NECAVET;15;19.06.1952;4;11
SEYDUK;15;8.07.1967;15;0
PURCIHAN;15;9.12.1949;0;15
MINENUR;15;12.12.1982;0;15
ZEYNEPGUL;15;26.01.1979;0;15
BIRSAH;15;12.02.1985;7;8
SEZKIN;15;2.11.1963;14;1
NURHADIYE;15;4.11.1972;0;15
AYKAL;15;25.12.1968;13;2
NULAY;15;7.02.1975;0;15
NEMILE;15;23.04.1961;0;15
LEHIME;15;15.07.1956;0;15
NURCE;15;17.12.1980;1;14
OFELYA;15;14.04.1970;0;15
NAZAKAT;15;14.03.1969;0;15
DILISAT;15;6.12.1955;0;15
ILGAY;15;8.05.1969;8;7
BEYSEL;15;7.11.1970;7;8
MIRBAN;15;5.02.1960;1;14
CEVDIYE;15;9.06.1965;0;15
NEMIHA;15;10.02.1962;0;15
ALIKUZU;15;22.08.1965;15;0
PIRINC;15;29.12.1954;0;15
YETEN;15;30.2.1976;2;13
NECAADDIN;15;11.10.1953;15;0
BAHDIYE;15;3.04.1959;0;15
ULUCAY;15;10.10.1954;3;12
OZGEM;15;24.11.1985;1;14
FERDES;15;17.04.1960;0;15
TARIYE;15;2.06.1958;0;15
ESVIYE;15;20.06.1962;0;15
TUNSEL;15;16.12.1965;3;12
ZULEYDE;15;18.04.1963;0;15
NADIGUL;15;8.09.1964;0;15
HASIRE;15;16.05.1962;0;15
GUNEYT;15;21.12.1976;14;1
IKBAR;15;11.01.1955;1;14
CUMAATTIN;15;4.09.1968;13;2
HEZINE;15;22.01.1961;0;15
REGIBE;15;7.08.1954;0;15
GULIMSER;15;28.10.1967;0;15
EMRUHAN;15;16.06.1980;9;6
SAIZAR;15;21.05.1959;0;15
NAMER;15;5.03.1968;5;10
TAHIP;15;6.10.1959;15;0
VICDANI;15;3.12.1961;14;1
SEBAHADTIN;15;26.10.1959;15;0
ECREN;15;28.04.1984;3;12
HUDEN;15;1.03.1983;0;15
NEJDAN;15;21.04.1960;1;14
GUNDENUR;15;13.04.1964;0;15
CANAL;15;26.08.1973;10;5
MEKYE;15;18.11.1967;0;15
FIDET;15;4.02.1962;0;15
PERCAN;15;30.04.1974;1;14
SUVAYIP;15;25.08.1976;15;0
YARIS;15;4.08.1975;15;0
MENE;15;1.02.1962;0;15
ENZILHA;15;19.04.1970;0;15
UZEYRI;15;16.07.1961;15;0
HAVAHANIM;15;3.12.1960;0;15
NANO;15;11.05.1945;0;15
MILTAN;15;30.09.1959;0;15
HAYRUNNAZ;15;6.02.1957;7;8
NEFINE;15;14.11.1964;0;15
MURESTE;15;13.10.1953;0;15
SAVEL;15;13.06.1969;4;11
MUDAFA;15;23.04.1968;10;5
NEDRED;15;8.02.1965;2;13
ARTAC;15;23.03.1972;13;2
MEVLANI;15;17.04.1975;15;0
MEVLUS;15;30.09.1964;0;15
NARIZE;15;19.03.1954;0;15
KOPARAL;15;30.08.1954;15;0
TUGSER;15;15.09.1981;12;3
BAHACAN;15;5.05.1988;13;2
MANSURI;15;29.11.1968;15;0
EMSAR;15;23.03.1969;7;8
ABDULKADRI;15;18.05.1964;15;0
EMIRULLAH;15;28.02.1969;15;0
ASENE;15;15.08.1966;0;15
PARI;15;24.10.1960;2;13
ORKAY;15;19.07.1980;15;0
NAZIFET;15;8.08.1959;0;15
UMMULHAYIR;15;17.10.1957;0;15
TAYIBA;15;20.08.1958;0;15
ABZER;15;25.03.1966;15;0
AKBAY;15;19.01.1963;15;0
HAMZAT;15;2.11.1956;15;0
MUSER;15;26.08.1960;2;13
SABUTAY;15;25.12.1975;15;0
NURYASAR;15;18.03.1967;5;10
CEVRE;15;5.12.1954;1;14
HASME;15;6.06.1958;0;15
RUBI;15;22.10.1970;15;0
CEZNUR;15;2.10.1967;0;15
NACATTIN;15;28.05.1962;15;0
UVEYDA;15;27.05.1973;1;14
NIZAMET;15;30.01.1944;11;4
GULTAP;15;5.02.1979;0;15
NUKRET;15;26.06.1959;10;5
RAZEN;15;2.02.1966;3;12
SEVILNAZ;15;30.03.1969;0;15
LEFIGA;15;26.01.1970;0;15
ALAHATDIN;15;29.06.1963;15;0
FAHIMAN;15;16.09.1955;3;12
ABDULSUKUR;15;10.01.1968;15;0
KEBIRA;15;19.08.1966;0;15
ERBAS;15;27.02.1971;15;0
GULMAYA;15;7.01.1960;0;15
MEHNAZ;15;10.09.1980;0;15
NAFIKAR;15;2.07.1946;0;15
HUSME;15;16.08.1953;0;15
DURAZIYE;15;13.10.1970;0;15
NURMUHAMMED;15;3.02.1978;15;0
CUMAHAN;15;25.07.1969;15;0
HICRIGUL;15;17.03.1967;0;15
ISMISAH;15;12.07.1960;10;5
HORMUS;15;17.11.1960;0;15
MUKIYE;15;24.05.1973;0;15
CIHANGUR;15;11.03.1973;14;1
MAHIRA;15;29.10.1964;0;15
TUMBULA;15;30.09.1949;0;15
EFLAN;15;21.05.1970;1;14
MUFRIT;15;18.03.1977;14;1
ILKFER;15;6.08.1973;4;11
PIRMAN;15;23.01.1966;0;15
SEYKAN;15;6.08.1980;14;1
OYKAN;15;10.05.1976;15;0
ERKUNT;15;29.10.1971;15;0
ULKUME;15;14.05.1961;0;15
SENURE;15;28.06.1958;0;15
SATIKE;15;28.05.1961;0;15
MELIGUL;15;3.04.1977;0;15
SUDABA;15;16.12.1964;0;15
KARINE;15;7.09.1966;0;15
KIRAC;15;9.01.1970;15;0
EDVIN;15;13.03.1976;13;2
ELEONORA;15;23.03.1967;0;15
FERINDE;15;23.05.1957;0;15
SUTFIYE;15;13.09.1950;0;15
FIKRULLAH;15;8.11.1968;15;0
KARHAN;15;28.09.1976;14;1
NAMIKKEMAL;15;12.05.1962;15;0
BIRGIT;15;18.07.1971;1;14
MAHZUNE;15;11.05.1950;0;15
SULU;15;1.10.1948;12;3
ZAHIDA;15;6.02.1969;0;15
HENAR;15;8.06.1953;0;15
GULESMER;15;24.10.1963;0;15
KUHAR;15;18.10.1941;0;15
UKUS;15;24.11.1937;0;15
CANSEVIL;15;25.10.1972;0;15
DILI;15;2.08.1947;0;15
RIZAK;15;15.07.1965;15;0
BEFRIYE;15;7.03.1969;0;15
BEGIYE;15;2.09.1960;0;15
NESIFA;15;22.12.1961;0;15
HAMRAN;15;30.11.1967;3;12
MADI;15;22.06.1963;14;1
SURGUL;15;17.01.1962;0;15
CERCIZ;15;20.02.1968;15;0
IMRIHAN;15;28.04.1974;0;15
GORUS;15;27.02.1983;12;3
MUSANI;15;10.02.1964;1;14
BAHIYETTIN;15;26.12.1969;15;0
HIRATI;15;3.08.1960;0;15
OZLUFET;15;16.11.1976;0;15
SADULAH;15;21.07.1970;15;0
ATTAR;15;3.10.1966;15;0
SIKAL;15;2.04.1963;0;15
MERZE;15;17.05.1953;2;13
NURSA;15;11.04.1972;1;14
PIRMUS;15;9.09.1968;15;0
TAMILE;15;10.01.1972;0;15
CIGDEN;15;6.12.1974;0;15
ELFET;15;16.06.1963;7;8
EZIYET;15;12.10.1973;0;15
MUSEHEL;15;21.12.1978;0;15
MUCIT;15;15.01.1962;15;0
UMUTHAN;15;16.02.1984;15;0
GAIBE;15;10.07.1955;0;15
CERKEZI;15;29.06.1962;0;15
HUSNICEMAL;15;10.03.1968;0;15
SIDIKKA;15;2.07.1967;0;15
ZUHRETE;15;6.01.1970;0;15
ILTEKIN;15;10.04.1963;12;3
SERAFETIN;15;3.05.1966;15;0
MINOS;15;4.03.1962;0;15
IZETIN;15;22.03.1965;15;0
ZEYNAB;15;23.07.1967;0;15
ARAZ;15;9.08.1966;10;5
KUMRAY;15;4.01.1978;1;14
TUMRIS;15;24.03.1952;5;10
SOYDA;15;13.05.1965;3;12
BAGDESER;15;3.11.1975;0;15
ZUBEDE;15;1.03.1965;0;15
MURGUL;15;12.07.1965;0;15
MIRVARI;15;15.01.1955;0;15
SEPAL;15;16.11.1965;0;15
KUMRIHAN;15;25.02.1970;0;15
GULUME;15;27.08.1962;0;15
GULAYTEN;15;16.10.1957;0;15
TAMAMGUL;15;3.06.1962;0;15
M.CEMAL;15;23.01.1949;15;0
GULBENDI;15;24.06.1958;0;15
SUMIYE;15;23.08.1974;0;15
ZEKMAN;15;12.03.1945;15;0
ZULFIRAZ;15;5.08.1954;0;15
ZUMRUGUL;15;18.05.1956;0;15
URIDE;15;30.08.1959;0;15
RUHPER;15;9.01.1957;0;15
TANIK;15;5.04.1974;15;0
EREK;15;11.03.1980;10;5
SABIDIN;15;26.01.1959;15;0
METUS;15;17.08.1955;12;3
TURSAN;15;30.2.1965;11;4
ALTU;15;3.04.1980;14;1
LEBIDE;15;11.08.1956;0;15
EKIP;15;12.02.1977;15;0
HALIDA;15;21.09.1968;0;15
TACITDIN;15;21.02.1953;15;0
PERLIN;15;30.03.1974;0;15
CAVIDIYE;15;4.06.1956;0;15
BENEN;15;11.02.1965;3;12
SAFORA;15;22.12.1957;0;15
ONIZ;15;29.07.1968;7;8
KESGI;15;3.03.1957;0;15
MILFER;15;14.10.1971;0;15
HURAMAN;15;30.11.1967;0;15
KERZIMAN;15;28.02.1964;1;14
NAZLUM;15;22.06.1957;13;2
BULBUN;15;23.07.1946;0;15
ESFAK;15;1.07.1959;14;1
MUNTEZEM;15;14.01.1978;1;14
OZMETIN;15;14.09.1961;15;0
UMURAN;15;26.01.1966;2;13
SUNUR;15;17.06.1964;2;13
HACERI;15;16.01.1964;1;14
HABIBIYE;15;4.01.1965;0;15
MUSAHIDE;15;10.05.1957;0;15
AHIRE;15;20.02.1956;0;15
EMIRZA;15;2.05.1957;15;0
HARZEMIN;15;12.02.1973;0;15
LIBADE;15;14.04.1965;0;15
GOKULU;15;6.11.1963;0;15
GULSOLMAZ;15;22.03.1957;0;15
TEMRA;15;14.04.1971;0;15
YANSUR;15;18.10.1975;15;0
NURSIL;15;5.08.1969;1;14
CANEN;15;4.05.1971;3;12
HURINISA;15;30.11.1959;0;15
TUGSEM;15;29.06.1988;0;15
SABRIE;15;3.10.1976;0;15
CUMATTIN;15;4.06.1970;15;0
EDER;15;11.10.1983;14;1
NESVANE;15;21.02.1965;0;15
FAHRITDIN;15;2.01.1957;15;0
EBRUG;15;23.09.1977;0;15
ZATIFE;15;14.05.1960;0;15
TAZIMET;15;10.08.1957;0;15
HUMBET;15;5.09.1962;15;0
NURBETUL;15;18.06.1987;0;15
VASIH;15;17.10.1977;15;0
OZDENER;15;30.11.1969;14;1
GULEVIN;15;21.05.1978;0;15
HANEFE;15;6.10.1960;0;15
AYISAN;15;14.07.1946;0;15
HAMPERI;15;23.11.1958;0;15
GULMAL;15;26.05.1973;0;15
BEYIC;15;22.01.1965;14;1
GULHABIN;15;22.06.1974;0;15
SIYAMIN;15;18.02.1967;13;2
ALEMETTIN;15;17.11.1965;15;0
NUSHAT;15;21.03.1960;10;5
RADIA;15;14.01.1972;0;15
M.ZIYA;15;27.04.1956;15;0
KUTER;15;14.01.1966;13;2
SECIMGUL;15;3.09.1964;0;15
KADRINUR;15;18.12.1960;1;14
BABURHAN;15;24.02.1980;15;0
SERVIHAN;15;1.11.1969;1;14
MUHUT;15;20.06.1965;15;0
DOTMIR;15;25.07.1975;0;15
HIVA;15;14.07.1985;1;14
GOLLI;15;25.02.1951;1;14
SONGOL;15;12.03.1980;0;15
SAVKU;15;15.08.1960;13;2
MURVIYE;15;24.03.1951;0;15
HAYRINNUSA;15;6.11.1960;0;15
RAIK;15;30.11.1963;15;0
MUZEYAN;15;29.10.1967;0;15
SEYRETTIN;15;21.11.1965;15;0
BILKER;15;27.08.1968;2;13
HULUYE;15;11.01.1971;0;15
ORDUHAN;15;7.09.1969;15;0
SETERET;15;27.01.1961;0;15
ELIMDAR;15;28.08.1967;15;0
MIRHASAN;15;26.03.1957;15;0
URBABA;15;19.05.1952;0;15
MAHYILDIZ;15;16.02.1954;0;15
ULASCAN;15;26.10.1988;15;0
SEYYALE;15;9.12.1960;0;15
NENSI;15;12.10.1983;0;15
ACEMI;15;29.2.1963;1;14
NUNU;15;30.10.1960;0;15
SENSEV;15;13.12.1959;0;15
BILGINAR;15;18.08.1978;1;14
SAYESDE;15;14.02.1964;0;15
SURUYA;15;26.06.1959;4;11
MOHSUN;15;3.06.1959;14;1
YASATURK;15;16.04.1963;15;0
RESMIGUZEL;15;7.09.1959;0;15
RUHINE;15;16.09.1968;0;15
ARIK;15;24.08.1955;10;5
OYMEN;15;30.11.1982;14;1
DONERIYE;15;14.11.1961;0;15
EDAKER;15;18.05.1959;0;15
SAZEDE;15;28.02.1969;1;14
GUBULAY;15;8.12.1968;15;0
APIK;15;27.03.1950;15;0
GULZAHIR;15;19.11.1958;0;15
OGUZKAGAN;15;9.09.1985;15;0
ALTINSER;15;2.06.1963;0;15
MURDES;15;25.03.1955;0;15
TANGUN;15;3.10.1975;14;1
DORUKCAN;15;2.06.1989;15;0
GULIMAN;15;17.10.1960;0;15
NASAT;15;2.08.1959;15;0
VECAT;15;2.05.1956;10;5
SEBAHTIN;15;8.04.1961;15;0
FAKAT;15;11.07.1956;1;14
RAMIZA;15;15.06.1962;0;15
HAYBER;15;21.10.1966;14;1
HAMUS;15;10.09.1952;11;4
FERRIN;15;14.10.1968;2;13
ZEYIDE;15;6.02.1959;0;15
MESLIHAN;15;11.02.1974;0;15
CEBEL;15;17.09.1966;14;1
REYHANEY;15;20.05.1947;0;15
MEZIHAT;15;26.2.1831;0;15
ALBEN;15;3.04.1973;11;4
UMMUSUM;15;4.12.1955;0;15
MEBRUK;15;27.01.1959;15;0
ILCAY;15;22.04.1974;4;11
TUGEN;15;17.12.1977;1;14
FEYAS;15;3.07.1978;15;0
EHLIIMAN;15;28.03.1962;7;8
PEVRILDANE;15;22.04.1971;14;1
CEMNUR;15;15.10.1968;3;12
SIVA;15;24.11.1977;0;15
SIMBER;15;23.01.1967;0;15
ORKUNT;15;28.05.1977;15;0
FILINTA;15;12.11.1979;12;3
MINAY;15;22.12.1974;0;15
GULELIF;15;10.08.1973;0;15
MUJDELEN;15;16.11.1963;0;15
DURANE;15;9.05.1949;0;15
ZEDET;15;24.11.1964;0;15
UMAHANI;15;9.12.1959;0;15
MUTESNA;15;16.01.1972;0;15
NURHAMZA;15;8.01.1963;15;0
FERFURIYE;15;3.02.1961;0;15
KUDDUSE;15;15.11.1960;0;15
GURBAY;15;1.03.1981;15;0
MEKSELNA;15;11.10.1953;15;0
SABAHTIN;15;23.08.1969;15;0
NURULSABAH;15;15.10.1957;0;15
DIRHEM;15;29.06.1984;0;15
PIROS;15;2.1.1825;2;13
SUZANNE;15;1.10.1965;0;15
NEYRA;15;3.02.1971;0;15
SAYINDE;15;27.12.1968;0;15
SIHAR;15;21.12.1974;8;7
YETIME;15;3.10.1965;0;15
SALHI;15;11.11.1963;0;15
HEMSE;15;19.04.1961;0;15
NAMDAR;15;12.11.1964;15;0
BIYAMIN;15;18.02.1965;15;0
SELAATDIN;15;6.04.1959;15;0
HENIYE;15;22.08.1968;0;15
YESRE;15;2.01.1973;0;15
REBIYA;15;13.08.1968;0;15
ARZUYE;15;17.02.1959;0;15
BEYE;15;4.02.1968;0;15
BEDRIE;15;3.12.1966;0;15
GOZIDE;15;3.09.1967;0;15
ROSEN;15;16.01.1972;3;12
EVRIYE;15;24.11.1966;0;15
BAHSER;15;30.08.1961;1;14
ULUNAY;15;9.01.1970;10;5
IRA;15;15.07.1975;0;15
AYDOK;15;13.08.1957;15;0
SERDIYE;15;16.12.1956;0;15
MARIANNE;15;5.02.1948;0;15
MUCELA;15;23.06.1975;0;15
ADEL;15;28.01.1955;4;11
JAMES;15;12.02.1978;15;0
MESURA;15;17.06.1961;0;15
STEPHANIE;15;11.03.1973;0;15
OSMANALI;15;16.08.1959;15;0
BULVIN;15;5.08.1967;0;15
SUET;15;23.10.1950;1;14
SEVAR;15;9.12.1966;4;11
RABUS;15;15.03.1954;0;15
HIMAMI;15;7.08.1954;0;15
FIKRAT;15;2.07.1961;12;3
VOLHA;15;7.07.1977;0;15
YAGIZCAN;15;24.07.1990;15;0
RASILE;15;5.11.1957;0;15
NEVHER;15;12.11.1969;11;4
HERCAN;15;3.05.1967;8;7
SEMIK;15;10.10.1953;1;14
MAHMET;15;2.10.1956;15;0
FATMAYI;15;13.04.1955;0;15
IULIA;15;4.09.1971;0;15
REYLA;15;5.01.1956;0;15
OMCA;15;15.07.1975;0;15
LIBASE;15;7.12.1956;0;15
SARIBEY;15;17.09.1961;15;0
LIOUBOV;15;27.07.1972;0;15
TUVAN;15;25.10.1971;12;3
NICULINA;15;4.01.1969;0;15
SERCEM;15;10.10.1984;7;8
ERLIN;15;5.11.1976;1;14
ANASTAS;15;13.12.1950;15;0
HURFET;15;13.08.1951;1;14
SANSIGUL;15;24.04.1972;0;15
DOGUSHAN;15;12.07.1988;15;0
CIDAL;15;24.01.1963;8;7
FATUMATUL;15;16.12.1974;0;15
ZUHUR;15;12.05.1964;7;8
MULIFER;14;6.05.1972;0;14
ZEYNIK;14;4.02.1944;0;14
MAHAGUL;14;4.07.1962;0;14
AYZE;14;4.02.1969;0;14
SEMRAHAN;14;2.03.1976;0;14
GOLSUM;14;21.09.1966;0;14
DELLAL;14;16.10.1956;2;12
BENNAR;14;9.12.1979;0;14
ALIKAYA;14;1.03.1968;14;0
ELCI;14;13.01.1977;4;10
NUZBET;14;14.02.1973;0;14
ILVIYE;14;24.05.1966;0;14
DAVUTHAN;14;15.08.1982;14;0
TEKMINE;14;9.10.1968;0;14
SEHRAP;14;6.03.1963;3;11
SELMAGUL;14;28.01.1975;0;14
IDARE;14;9.08.1954;8;6
SALAHATIN;14;15.07.1961;14;0
ABDULKAZI;14;11.07.1958;14;0
MEHIN;14;30.2.1966;6;8
LALEN;14;18.03.1971;0;14
DILAL;14;28.08.1976;3;11
GULFIROZ;14;11.06.1966;0;14
TABER;14;28.11.1963;8;6
HUBIYE;14;8.06.1956;0;14
HURHAN;14;30.05.1979;10;4
MEKPARE;14;23.05.1971;0;14
NACATI;14;4.12.1961;14;0
MAHIL;14;17.09.1969;14;0
TECETTIN;14;8.10.1967;14;0
ABDURRAMAN;14;8.11.1964;14;0
GULHA;14;27.10.1968;0;14
TEVIL;14;8.09.1962;14;0
GULLAY;14;19.12.1974;0;14
CAGRIL;14;3.02.1977;14;0
CAFAYIR;14;15.10.1963;0;14
TACER;14;6.09.1972;10;4
SAHDUMAN;14;10.01.1970;7;7
SEVHER;14;22.01.1971;1;13
AYSEYI;14;17.09.1956;0;14
NUSU;14;15.12.1945;0;14
CEMLE;14;7.03.1959;0;14
TASAR;14;1.11.1967;14;0
MUREBBIYE;14;27.10.1957;0;14
DELLO;14;29.08.1944;10;4
HUCI;14;30.06.1938;0;14
LIUBA;14;25.11.1975;0;14
SUVER;14;18.02.1976;3;11
EYGUL;14;19.09.1968;0;14
URUC;14;29.01.1961;7;7
MEYVE;14;18.06.1971;0;14
NEJDE;14;22.09.1968;0;14
SUKRUYAN;14;23.05.1967;0;14
VEHDETTIN;14;13.06.1960;14;0
SEHRINUR;14;30.09.1975;0;14
SURRI;14;9.02.1968;14;0
MESILE;14;29.2.1965;0;14
RECVA;14;17.07.1968;0;14
BABO;14;18.02.1947;14;0
YETSIN;14;20.08.1968;2;12
HICAZE;14;1.12.1961;0;14
KECI;14;28.11.1937;0;14
MERYETE;14;21.07.1969;0;14
MUBEYAN;14;20.08.1964;0;14
DIRRA;14;4.01.1971;0;14
ANVER;14;26.06.1969;14;0
MUNZILE;14;19.09.1961;0;14
RAKYA;14;9.04.1971;0;14
MULKIYA;14;29.02.1976;0;14
ASEMIN;14;15.06.1965;1;13
MUNTAZIM;14;30.01.1973;3;11
FERKIYE;14;26.12.1966;0;14
USAMEDDIN;14;23.07.1967;14;0
RADYA;14;4.01.1981;0;14
SIN;14;12.01.1974;12;2
FUVAT;14;19.10.1969;14;0
MENIRA;14;18.09.1966;0;14
VEZIRA;14;8.04.1966;0;14
FETTUMA;14;1.01.1963;0;14
MUHABAT;14;17.03.1981;3;11
MURIBAN;14;28.03.1967;0;14
NIZAMMETTIN;14;7.11.1975;14;0
ABDULHAN;14;29.2.1969;9;5
DELI;14;15.11.1953;11;3
KAFYE;14;15.11.1964;0;14
FAYYAT;14;24.06.1947;14;0
SANSLI;14;13.08.1977;2;12
BILDEM;14;4.01.1981;0;14
KAMLA;14;9.11.1950;0;14
GEMRE;14;25.12.1953;0;14
ARJEN;14;17.05.1986;13;1
BEDRO;14;29.04.1931;12;2
SEYHMUSA;14;24.07.1967;14;0
RUSA;14;25.09.1978;3;11
RUHEYLA;14;14.04.1967;0;14
LALAN;14;2.01.1969;0;14
HISRET;14;30.06.1974;10;4
HAMSO;14;10.08.1956;2;12
HAMMO;14;5.07.1948;14;0
NECBIR;14;21.06.1990;4;10
TACEDTIN;14;28.08.1967;14;0
HALVA;14;23.01.1949;0;14
HEYYAM;14;6.01.1979;7;7
KERMO;14;8.10.1940;14;0
HERDEN;14;20.11.1963;0;14
NESMIN;14;28.11.1975;1;13
RAVHIYE;14;5.11.1975;0;14
GABI;14;7.04.1969;9;5
SAHIDA;14;1.03.1966;0;14
TALHAN;14;11.10.1977;14;0
TUMAS;14;12.01.1966;14;0
MUNYET;14;15.12.1963;0;14
GOLDEN;14;2.04.1969;1;13
FEHAT;14;8.11.1966;14;0
ERISAN;14;7.11.1966;8;6
ALPTURK;14;29.09.1979;14;0
FATEN;14;22.06.1964;0;14
ABDULVEDUT;14;26.05.1961;14;0
IHLAL;14;6.02.1965;14;0
ASMAHAN;14;22.05.1973;0;14
ZERISAN;14;24.09.1965;0;14
ELFO;14;6.02.1952;0;14
MENCO;14;3.12.1954;0;14
YISRA;14;11.12.1973;0;14
TACADDIN;14;30.01.1965;14;0
ATIFA;14;7.04.1959;0;14
MEYASA;14;17.05.1962;0;14
ROBEL;14;5.11.1975;14;0
NATALIE;14;28.06.1980;0;14
ABDULHAKI;14;24.05.1969;14;0
LUVIZE;14;4.01.1958;0;14
NELA;14;9.10.1969;0;14
ZAHURA;14;15.10.1953;0;14
MATAY;14;27.07.1989;14;0
ISABEL;14;7.03.1979;0;14
COZEF;14;21.09.1961;14;0
KIM;14;25.02.1974;5;9
HARCIYE;14;25.05.1973;0;14
LEZZET;14;24.03.1961;3;11
EMELIN;14;18.03.1953;2;12
LANA;14;3.06.1973;0;14
KRISTINE;14;13.08.1972;0;14
TERESA;14;21.12.1962;0;14
VALIT;14;14.12.1969;14;0
HAFO;14;30.03.1941;2;12
LILYANA;14;5.04.1963;0;14
ANKIN;14;7.05.1952;0;14
REBECCA;14;3.04.1973;0;14
EBUZEYD;14;10.05.1965;14;0
HIND;14;8.07.1967;0;14
MEZIN;14;28.03.1967;8;6
AMANDA;14;11.10.1975;0;14
AHLAM;14;30.2.1978;0;14
EBUZET;14;24.06.1969;14;0
ENUSE;14;14.03.1973;0;14
SEHRO;14;26.03.1947;0;14
NIHET;14;15.10.1967;12;2
SIYA;14;16.09.1965;11;3
ZILFA;14;27.06.1960;1;13
FEYRUZHAN;14;5.10.1956;0;14
JESSICA;14;9.01.1982;0;14
SEHREZAT;14;14.06.1977;0;14
YENGIN;14;25.07.1969;7;7
SIS;14;3.08.1967;3;11
AYISA;14;8.12.1947;0;14
FARUH;14;4.02.1973;14;0
TOFAN;14;19.01.1972;14;0
BELKIZAN;14;3.02.1955;0;14
ARIYE;14;17.12.1959;1;13
SAFFURE;14;9.01.1960;0;14
MEDRIYE;14;29.04.1966;0;14
MAHBET;14;24.01.1973;0;14
ROJAT;14;6.11.1982;6;8
NEZATE;14;30.09.1965;0;14
SEKINET;14;8.01.1961;0;14
HAYATE;14;21.08.1959;2;12
DIYEP;14;10.10.1957;14;0
CEVA;14;15.11.1941;0;14
NORMA;14;13.07.1961;0;14
ZEINAB;14;10.08.1977;0;14
MERCANI;14;19.05.1958;0;14
NEBIAT;14;25.11.1956;0;14
MERISE;14;1.08.1960;0;14
FERRUZE;14;3.07.1957;0;14
OZGULAY;14;23.09.1981;0;14
ZENUNE;14;25.03.1958;0;14
NAIDA;14;24.05.1972;0;14
LELIFER;14;5.12.1958;0;14
FERRAHNAZ;14;6.04.1968;0;14
CANFIZE;14;19.05.1957;0;14
NEZIA;14;26.03.1950;0;14
ILKSIN;14;20.12.1978;4;10
NUTUS;14;6.05.1958;0;14
ZULEYYA;14;27.01.1962;0;14
NEZBIYE;14;30.11.1952;0;14
SAMIDIN;14;16.11.1955;12;2
TASAN;14;24.08.1970;13;1
SEMUNUR;14;15.10.1969;1;13
SUKUNET;14;1.04.1968;3;11
BEHIYCE;14;30.01.1962;0;14
ABDISELAM;14;2.04.1965;13;1
MUKSINE;14;26.09.1966;0;14
GOKSOY;14;17.03.1981;14;0
KUZU;14;6.04.1950;14;0
PELUZAR;14;19.09.1956;0;14
REFAATTIN;14;27.03.1968;14;0
ZUBEYLA;14;11.06.1965;0;14
MAZER;14;25.03.1957;1;13
FILIYE;14;23.12.1957;0;14
YUCELEN;14;21.10.1968;7;7
RUSIYE;14;2.06.1961;0;14
YAZ;14;2.01.1969;2;12
GULENGIN;14;13.11.1968;1;13
MEHRIME;14;1.04.1959;0;14
SIDDET;14;8.03.1964;12;2
DERKAN;14;21.10.1983;14;0
GULUSUN;14;28.01.1966;0;14
NAGLAN;14;9.11.1965;0;14
MUSGINAZ;14;6.05.1956;0;14
KEZIME;14;17.04.1963;0;14
SAADED;14;13.10.1973;0;14
CEVAR;14;25.01.1950;4;10
RUBABA;14;19.04.1960;0;14
GULLUM;14;11.09.1968;0;14
CIGSE;14;10.10.1990;0;14
NURAGUL;14;6.10.1961;0;14
TAYFON;14;24.05.1965;13;1
ALIHA;14;21.12.1961;0;14
MUVETDET;14;27.07.1951;1;13
OGET;14;29.12.1960;2;12
GULUMSUN;14;8.07.1973;0;14
CANDIYER;14;9.11.1969;0;14
AKKUL;14;21.07.1954;2;12
EVCIMEN;14;30.06.1956;1;13
YAGMEN;14;28.08.1957;14;0
NABIA;14;10.11.1958;0;14
HEMIYE;14;19.11.1960;0;14
DANI;14;6.08.1975;14;0
EMINNUR;14;1.01.1964;0;14
MUGTEBER;14;27.04.1952;0;14
COSAY;14;16.11.1982;11;3
TOLAY;14;15.03.1968;7;7
SEBATDIN;14;1.01.1960;14;0
NURTAY;14;5.04.1964;9;5
KAMIYE;14;17.05.1956;0;14
HESIME;14;12.11.1960;0;14
HENNA;14;23.07.1940;12;2
FEZIRE;14;6.08.1952;0;14
MAGMURE;14;10.06.1961;0;14
CEVHAYIR;14;15.06.1966;1;13
HURSID;14;21.10.1961;12;2
SONKIZ;14;8.12.1970;0;14
BERMAN;14;11.04.1975;2;12
AZZEM;14;15.08.1959;14;0
ERBEK;14;9.03.1972;14;0
UMIGUL;14;3.07.1963;0;14
RAHNA;14;12.03.1958;1;13
SAHZANE;14;8.04.1950;0;14
GULZARE;14;10.09.1963;0;14
HALAS;14;18.06.1962;10;4
ZEKAIL;14;11.05.1970;14;0
BAYKAR;14;2.09.1974;14;0
MENGUL;14;8.03.1964;0;14
KIZ;14;18.11.1956;0;14
DINAN;14;7.10.1983;14;0
NEFIGUL;14;26.03.1966;0;14
CEHRI;14;1.05.1958;8;6
ADRIYE;14;18.09.1962;0;14
SAITALI;14;13.03.1965;14;0
MUHLET;14;21.12.1950;1;13
GULALTUN;14;22.10.1962;0;14
SEMSUBAN;14;6.08.1960;0;14
YASE;14;23.12.1963;0;14
RAMIA;14;13.07.1957;0;14
SEKERZADE;14;22.03.1959;0;14
GURCAG;14;6.12.1985;14;0
ATAKHAN;14;22.03.1987;14;0
TURCEHAN;14;6.07.1964;0;14
OCAN;14;18.10.1979;10;4
UNSIYET;14;26.10.1950;0;14
PIRHAN;14;15.02.1968;7;7
ALEF;14;5.04.1979;3;11
SILER;14;13.02.1972;4;10
BARISKAN;14;13.02.1976;13;1
FERRAN;14;12.03.1973;0;14
YURTCAN;14;25.11.1976;14;0
OZTUG;14;20.10.1980;13;1
SAFAHATTIN;14;22.10.1959;13;1
GIZEMNUR;14;16.04.1990;0;14
BELKIN;14;8.12.1968;3;11
HEYRIYE;14;20.03.1950;0;14
NILVAN;14;25.07.1978;1;13
MARASAL;14;19.09.1967;13;1
HUMEYYE;14;24.12.1969;0;14
KILINCARSLAN;14;24.05.1956;14;0
SURIYET;14;14.01.1969;0;14
SEVIHAN;14;2.05.1967;0;14
NECAD;14;22.12.1961;14;0
BENIZ;14;15.11.1976;2;12
BATUKAN;14;28.04.1990;14;0
NIYADE;14;17.09.1953;0;14
SABIYYE;14;23.02.1959;0;14
RAGNA;14;28.07.1949;0;14
ILKLIMA;14;27.10.1981;0;14
VADEGUL;14;12.01.1972;0;14
SEVZIYE;14;7.06.1965;0;14
FIDIYE;14;26.06.1959;0;14
MEHBURE;14;22.08.1959;0;14
MAGRUF;14;4.03.1972;14;0
GULBIHAN;14;25.06.1973;0;14
BADENUR;14;25.01.1977;0;14
NEZDAT;14;29.07.1964;14;0
GUBSE;14;28.08.1984;0;14
NILBAHAR;14;6.08.1974;0;14
SEDAG;14;13.11.1978;0;14
LEYLAHAN;14;6.01.1970;0;14
MIRATI;14;2.04.1969;14;0
NERMIHAN;14;12.06.1965;0;14
SEGMEN;14;23.05.1961;14;0
ERSEVINC;14;20.11.1961;12;2
SERANAT;14;18.03.1978;1;13
SERMIHAN;14;26.06.1972;0;14
ASLANPASA;14;16.05.1952;14;0
SEBAHAN;14;5.10.1966;1;13
GULKONCA;14;25.04.1966;0;14
SEHPER;14;19.10.1948;0;14
SAAVET;14;9.12.1954;0;14
CAROLINA;14;18.02.1974;0;14
ASILTURK;14;13.02.1978;14;0
NAZNUR;14;23.05.1965;0;14
SEDAVET;14;3.01.1965;0;14
DEVRIN;14;27.03.1977;4;10
PEKSEN;14;28.09.1970;5;9
GULUSAR;14;21.10.1959;0;14
SARRA;14;5.04.1971;0;14
ZILIKE;14;14.10.1967;0;14
GULSIYEN;14;25.02.1964;0;14
MUSERREM;14;5.11.1965;0;14
UNKAR;14;27.01.1968;7;7
ELVADE;14;10.07.1959;0;14
BERKUN;14;21.12.1982;13;1
MUDEBBIRE;14;15.04.1944;0;14
SENHAYAT;14;10.07.1958;1;13
MUTAHHARA;14;7.08.1972;0;14
ULVU;14;10.03.1962;14;0
ECMAIN;14;16.06.1968;14;0
SURMELIBEY;14;3.01.1961;14;0
SOHBEN;14;26.09.1957;0;14
HAFIK;14;1.12.1956;4;10
USMAN;14;12.04.1968;14;0
IZZETI;14;23.05.1958;1;13
MUHUP;14;15.01.1960;9;5
NACIZE;14;7.11.1958;0;14
SADALI;14;15.06.1947;0;14
SERSEM;14;26.10.1955;1;13
HOSNAZI;14;6.11.1965;0;14
DURHANI;14;16.04.1959;4;10
AYBANIZ;14;4.12.1966;0;14
ZUBEYRI;14;6.03.1963;13;1
FATIMAT;14;2.03.1946;0;14
BESLEN;14;26.11.1956;13;1
NAZLIME;14;19.11.1960;0;14
EBULKASIM;14;2.01.1963;14;0
GULASLI;14;21.11.1960;0;14
FAIZA;14;11.05.1957;1;13
SAMAYA;14;10.01.1964;0;14
KAYAGUL;14;24.05.1967;0;14
SEMENUR;14;12.10.1974;0;14
HEMEN;14;25.04.1962;0;14
ILAL;14;27.01.1972;5;9
ABDULKAYA;14;20.01.1956;14;0
GOKSAH;14;17.11.1987;11;3
TALETTIN;14;1.03.1964;14;0
NECMET;14;4.04.1955;12;2
EMENTU;14;21.11.1969;0;14
UNGOR;14;20.10.1961;12;2
SONGULER;14;1.03.1969;0;14
SENKAYA;14;18.01.1960;11;3
H.ISMAIL;14;15.11.1942;14;0
ARICAN;14;27.01.1973;12;2
FAYTON;14;11.08.1951;0;14
SEFINUR;14;18.05.1964;0;14
ABDULFEYYAZ;14;12.02.1960;14;0
ABDULFATIH;14;25.07.1973;14;0
SERTAL;14;25.11.1974;14;0
YUZBASI;14;17.04.1959;14;0
EDIBALI;14;30.03.1986;14;0
ALPAGO;14;20.06.1978;14;0
MAVZER;14;26.07.1958;1;13
GULSEZER;14;28.09.1960;0;14
ANETA;14;19.09.1963;0;14
ELMAGUL;14;18.09.1981;0;14
HAKIZE;14;15.06.1951;0;14
ABTUL;14;23.06.1967;14;0
NEVDIYE;14;15.01.1965;0;14
ALICEMAL;14;5.05.1969;14;0
TANERI;14;1.02.1962;14;0
ELFIZAR;14;28.09.1957;0;14
AK;14;29.07.1955;8;6
BEHCETTIN;14;11.06.1959;14;0
KENTURE;14;9.10.1965;0;14
LEYLAFER;14;25.12.1955;0;14
AYSULE;14;10.06.1973;0;14
AKBEL;14;24.01.1979;1;13
ERDESIR;14;2.06.1963;14;0
MISDIK;14;6.12.1948;14;0
MUJDEGUL;14;19.03.1979;0;14
PIRAHMET;14;9.08.1965;14;0
BUKAN;14;25.04.1970;13;1
KURTAGA;14;6.11.1946;14;0
NEYIME;14;5.10.1947;0;14
SERGAN;14;19.04.1975;12;2
NESHAN;14;18.04.1960;1;13
NERCIMAN;14;27.12.1963;0;14
ERTUGRAN;14;18.09.1963;14;0
KATERYNA;14;4.05.1977;0;14
NAZIKET;14;24.04.1956;0;14
TAYYUBE;14;16.06.1956;0;14
HABIR;14;18.08.1970;13;1
ZULFUHAN;14;18.01.1972;1;13
DURSI;14;30.05.1952;0;14
ESRAH;14;10.06.1978;0;14
HANU;14;8.05.1942;1;13
MESUBE;14;18.06.1971;0;14
MUZIHAN;14;18.10.1970;0;14
PIRA;14;21.04.1958;12;2
HILALETTIN;14;15.02.1965;14;0
PAULINE;14;21.09.1956;0;14
NIJAT;14;30.12.1959;13;1
HALILRAHMAN;14;19.07.1971;14;0
NERMINUR;14;5.06.1959;0;14
DERYAMI;14;27.02.1972;14;0
ANZHELA;14;27.12.1971;0;14
EMA;14;2.06.1966;0;14
AGIL;14;10.04.1959;14;0
SUKRUCAN;14;25.01.1975;14;0
DURUHAN;14;4.11.1978;11;3
ERIC;14;28.11.1973;8;6
SERTKAN;14;25.09.1978;14;0
ASIMEN;14;7.05.1963;2;12
KAKO;14;14.06.1937;14;0
PELIR;14;9.10.1953;14;0
BASIME;14;20.06.1960;0;14
MURUT;14;17.07.1961;14;0
HIZAR;14;24.02.1958;1;13
AHIRIYE;14;25.12.1962;0;14
KADIRYA;14;26.09.1972;0;14
SAREBAN;14;26.08.1970;0;14
VECILE;14;22.06.1965;0;14
ENCUMEN;14;27.01.1971;14;0
FARISE;14;14.05.1967;0;14
DAYIM;14;22.12.1972;14;0
SAHISE;14;8.09.1956;0;14
TENI;14;16.05.1978;1;13
SEMDAN;14;10.01.1980;0;14
NISFI;14;13.06.1959;0;14
CEZIR;14;12.07.1968;14;0
OBEYT;14;21.05.1964;14;0
CESIMI;14;19.04.1964;14;0
BEHIBE;14;28.01.1959;0;14
GAYBET;14;14.10.1972;1;13
ZEMZAMA;14;11.05.1967;0;14
IZBAT;14;13.01.1982;14;0
OZCETIN;14;28.10.1954;14;0
HUSNICE;14;16.04.1969;0;14
ZEZE;14;26.07.1946;0;14
PERISIMAN;14;17.11.1961;0;14
MESIHE;14;13.10.1961;0;14
NECRAN;14;21.04.1965;0;14
UKIYE;14;24.06.1954;0;14
EGRICE;14;21.07.1961;0;14
MAHNAZ;14;4.02.1964;0;14
ASKERHAN;14;9.01.1971;14;0
SENTENE;14;27.07.1954;0;14
M.NECATI;14;22.07.1943;14;0
VEHYETTIN;14;9.05.1949;14;0
GULALTIN;14;8.11.1966;1;13
KETAN;14;10.10.1951;0;14
MEREL;14;23.08.1967;0;14
GULGER;14;24.08.1968;0;14
MEHMETBAKI;14;30.04.1971;14;0
ABDULFETAH;14;17.07.1967;14;0
CANDOST;14;21.02.1988;14;0
SIRAT;14;10.09.1969;11;3
TUNCHAN;14;25.06.1975;13;1
AYLEM;14;22.02.1984;0;14
SORAN;14;24.05.1969;5;9
SULHUYE;14;13.10.1967;0;14
SUSENGUL;14;26.11.1970;0;14
MAFARET;14;17.02.1964;0;14
OZMAN;14;27.06.1957;6;8
ENVAR;14;11.11.1967;13;1
MIRNAZ;14;7.05.1958;0;14
EZDER;14;8.11.1964;14;0
BEISE;14;24.06.1963;0;14
RABIL;14;16.01.1960;10;4
HABIRE;14;4.04.1949;0;14
ANABACI;14;25.11.1943;0;14
LEBI;14;4.09.1959;12;2
MUTAHIRE;14;8.09.1959;0;14
DOGANGUL;14;13.10.1965;1;13
SERDER;14;21.03.1968;13;1
MIHRIVER;14;17.09.1955;0;14
ARFA;14;7.03.1960;3;11
NIMETIYE;14;3.12.1960;0;14
SEVITTIN;14;16.11.1963;14;0
SERRAN;14;3.07.1982;1;13
MURACIYE;14;4.05.1969;0;14
GOLKEM;14;23.04.1986;8;6
GUNDOGAR;14;11.08.1962;8;6
ILSU;14;7.01.1985;0;14
ATASEV;14;10.02.1968;14;0
GOKDEMIR;14;5.04.1969;14;0
KESGIN;14;23.06.1957;14;0
FEDAIYE;14;4.04.1954;0;14
TEFIKE;14;20.01.1956;0;14
RUSET;14;9.01.1961;9;5
NIKER;14;9.07.1951;0;14
IZHAR;14;11.03.1955;10;4
SELIHAT;14;25.01.1955;0;14
HAYAZET;14;20.03.1958;0;14
RUSUHI;14;26.02.1947;14;0
NEFFEL;14;27.01.1977;14;0
BIRCIN;14;6.12.1976;0;14
AYIDE;14;25.12.1956;0;14
AKGULU;14;16.05.1967;0;14
KOHAR;14;9.01.1950;0;14
NIRGIZ;14;13.06.1960;0;14
SERENAD;14;22.05.1980;0;14
MIGREM;14;17.07.1952;0;14
GULDANA;14;9.04.1957;0;14
MIFTAR;14;13.12.1954;14;0
ESRAHAN;14;29.06.1981;0;14
TEZHAN;14;8.02.1982;10;4
FEYDULLAH;14;27.05.1969;14;0
OZENIR;14;25.06.1969;0;14
HAYATTI;14;1.01.1975;14;0
ERSEVER;14;4.05.1972;13;1
ALIZIVER;14;8.11.1976;14;0
UKE;14;1.08.1949;1;13
AFIT;14;8.05.1974;14;0
SINECAN;14;26.04.1983;0;14
YURDAGULER;14;7.03.1952;0;14
BISAN;14;18.08.1945;1;13
MUNTEZIM;14;6.03.1970;0;14
MUHANDIS;14;23.09.1967;14;0
FEIDE;14;6.07.1965;0;14
UYANIK;14;29.05.1965;13;1
GULNIKAR;14;10.06.1956;0;14
MEHMETHANEFI;14;15.01.1975;14;0
ARZIGUL;14;4.10.1965;0;14
ASAMETTIN;14;22.01.1962;14;0
VECDETTIN;14;15.08.1960;14;0
TACIL;14;22.05.1962;13;1
MELAHIM;14;23.12.1979;14;0
ZULFELI;14;25.09.1959;14;0
SUTAY;14;5.12.1967;10;4
GOCMEN;14;14.02.1972;7;7
SAYLE;14;23.04.1971;0;14
ABDULSAKIR;14;8.09.1977;14;0
SUVEL;14;24.07.1975;3;11
MUHBEDDIN;14;2.06.1977;14;0
YAFER;14;24.09.1970;12;2
M.HAYRI;14;12.08.1949;14;0
SEVGULE;14;15.05.1956;0;14
RUHUZE;14;7.11.1968;0;14
AKRIME;14;24.09.1965;0;14
DELIBAS;14;2.11.1964;14;0
GULFIYAT;14;12.06.1961;0;14
SUZEM;14;7.04.1975;0;14
NUHBET;14;10.09.1977;2;12
RUHIZER;14;29.02.1964;0;14
ISMIN;14;22.06.1967;0;14
ECEL;14;2.11.1971;8;6
MENTIKA;14;14.10.1973;0;14
ATIN;14;21.01.1967;12;2
EZLIFET;14;2.04.1971;0;14
ERDONMEZ;14;15.11.1967;14;0
MEHIRE;14;29.11.1963;0;14
USLUHAN;14;23.11.1963;3;11
ABDULSITTAR;14;5.03.1974;14;0
FAZLETTIN;14;19.10.1970;14;0
MUZDELIF;14;24.12.1980;3;11
NAZIYA;14;18.01.1966;0;14
SEV;14;8.12.1971;1;13
MEHRIBA;14;6.10.1952;0;14
MEHSIMA;14;9.04.1974;0;14
RIBER;14;2.08.1987;14;0
MIM;14;30.06.1967;13;1
MUHURDAR;14;21.10.1960;14;0
HICIRAN;14;23.03.1972;0;14
EMENTULLAH;14;1.04.1968;0;14
DAYLAN;14;30.2.1977;7;7
TALIYET;14;21.01.1956;0;14
ZINAT;14;19.07.1961;0;14
BABEK;14;8.02.1977;14;0
EFIFE;14;17.07.1960;0;14
MUHADDET;14;14.01.1955;0;14
GUNTAS;14;1.05.1979;12;2
IZAN;14;23.05.1966;10;4
SELVAR;14;20.04.1962;2;12
SELVERIYE;14;26.10.1960;0;14
ARIFCAN;14;14.01.1980;14;0
KAYTEN;14;23.01.1960;0;14
GULANAY;14;18.05.1967;0;14
HEMDEGUL;14;21.12.1967;0;14
KEMANDAR;14;18.06.1963;4;10
SUDYE;14;10.04.1967;0;14
BECAN;14;15.10.1964;7;7
ALAYBEYI;14;27.12.1949;14;0
MOHTEREM;14;27.10.1960;2;12
SERABANI;14;12.07.1951;0;14
AYIFER;14;23.08.1967;0;14
LUBEZE;14;17.03.1949;0;14
CAFERKULU;14;1.01.1951;14;0
AKINCI;14;26.02.1971;13;1
TOPO;14;8.11.1944;11;3
PERTAV;14;7.07.1962;14;0
DONA;14;15.12.1961;0;14
CAGATAYHAN;14;2.04.1982;14;0
HALILDEDE;14;7.03.1958;14;0
CERULLAH;14;17.02.1962;14;0
FIRA;14;30.03.1966;0;14
BELKI;14;9.02.1957;4;10
KADAR;14;22.04.1977;0;14
AZEMIN;14;9.07.1960;0;14
SEDIT;14;19.11.1960;14;0
ZELKADE;14;2.12.1962;0;14
OSEN;14;18.09.1974;2;12
NEVZA;14;4.10.1967;1;13
MUMUNALI;14;12.07.1950;14;0
CUNEYDI;14;13.08.1976;14;0
MUJDAD;14;8.05.1970;13;1
BEYRUL;14;3.11.1959;14;0
GULBESER;14;20.03.1959;0;14
TUGLU;14;11.02.1965;7;7
BERHIN;14;16.12.1971;1;13
AYKUNA;14;8.03.1948;0;14
UREM;14;9.01.1959;3;11
SEHVET;14;15.09.1962;1;13
REBIHE;14;24.08.1961;0;14
SAYUP;14;5.04.1960;14;0
CUHADAR;14;2.08.1966;14;0
ZITTI;14;23.11.1959;0;14
MERIK;14;21.09.1968;2;12
VATFEY;14;17.06.1963;0;14
HAYRE;14;8.12.1962;0;14
RUHUNAZ;14;13.01.1953;0;14
SECILYA;14;20.09.1988;0;14
DELYA;14;24.01.1979;0;14
CUHEYNA;14;13.01.1967;0;14
M.MURAT;14;14.01.1970;14;0
RUHNIYAZ;14;19.04.1952;0;14
RUZGAN;14;1.09.1965;3;11
BEKLEM;14;18.06.1985;1;13
AYTOK;14;1.07.1960;13;1
KUTGUN;14;12.03.1978;12;2
GULENGUN;14;17.10.1962;0;14
VERDAG;14;23.02.1975;0;14
YALGIN;14;25.02.1966;9;5
SEFALETTIN;14;29.05.1965;14;0
NEDIR;14;5.10.1962;13;1
NURULHEDA;14;16.01.1962;0;14
DURGAL;14;19.01.1965;12;2
MEHFARET;14;21.03.1967;0;14
MUJDELIF;14;12.12.1978;0;14
ILTEM;14;9.12.1985;5;9
SAHDI;14;22.03.1961;14;0
TIMURCAN;14;26.08.1974;14;0
HADIBE;14;4.10.1963;0;14
ZERYA;14;30.03.1966;0;14
YILDAY;14;25.09.1972;5;9
RISLEN;14;15.02.1963;14;0
ENVERI;14;19.06.1964;14;0
CANSEREN;14;27.02.1965;4;10
RISLAN;14;27.05.1960;14;0
ITRI;14;14.12.1975;11;3
SUPHANI;14;8.05.1970;12;2
BESEREK;14;5.10.1954;0;14
RENGIZ;14;27.05.1972;2;12
MISBEH;14;11.08.1970;14;0
ABDUSSELAMI;14;17.08.1962;14;0
NUVERAN;14;10.02.1959;14;0
MUHLIF;14;4.02.1962;14;0
ONCAN;14;16.04.1971;7;7
ZEHEYYE;14;12.03.1968;0;14
ORSEL;14;28.10.1975;9;5
YUSRI;14;9.10.1973;14;0
FESI;14;19.07.1967;14;0
FETIME;14;12.06.1958;0;14
BUBAN;14;13.11.1970;14;0
SEYALI;14;19.09.1953;2;12
VASFA;14;2.05.1969;0;14
VETFAN;14;25.12.1970;0;14
EDIKE;14;10.05.1966;0;14
JOANNE;14;28.08.1972;0;14
FERUS;14;2.08.1958;5;9
ANZHELIKA;14;4.01.1975;0;14
SAHEZER;14;23.02.1959;0;14
MARGARETA;14;6.02.1973;0;14
ERBEN;14;26.04.1972;13;1
YOLANDA;14;20.10.1949;0;14
TACIDAR;14;24.05.1957;2;12
REKSAN;14;19.05.1972;3;11
MALIFE;14;12.07.1962;0;14
ENFES;14;15.11.1951;0;14
IDAL;14;15.08.1971;4;10
BELIZAR;14;29.12.1962;0;14
BAHAP;14;4.07.1964;14;0
MAZEN;14;15.12.1963;2;12
AFAG;14;9.09.1969;0;14
MEMDUFA;14;14.10.1960;0;14
APTILKADIR;14;28.11.1965;14;0
HURIDE;14;1.11.1948;0;14
RIMMA;14;15.12.1973;0;14
SEYHATTIN;14;14.09.1960;14;0
CAGIM;14;28.12.1983;9;5
HIZMALI;14;3.02.1955;0;14
NEZRIFA;14;9.07.1961;0;14
GAYEM;14;2.02.1982;0;14
FOVZIYE;14;25.05.1950;0;14
CENGER;14;12.05.1973;14;0
MAYIGUL;14;21.02.1967;0;14
DURIN;14;15.01.1967;0;14
HIRIPSIMA;14;26.12.1946;0;14
RAVIL;14;14.10.1963;14;0
CONSTANTA;14;19.10.1966;0;14
CEMAY;14;14.10.1980;7;7
ERTEMEL;14;30.09.1959;14;0
BIKET;14;18.08.1960;2;12
DEBRA;14;4.05.1973;0;14
MENENDIYE;14;29.04.1954;0;14
HAPIC;14;3.06.1958;0;14
BAYZIT;14;16.10.1949;14;0
ANIT;14;9.05.1977;11;3
SUBUHAN;14;5.09.1973;0;14
DELFIN;14;29.2.1981;0;14
SEVGULER;14;11.02.1974;1;13
ZULUFA;14;19.02.1971;0;14
KERMUS;14;28.05.1946;0;14
ERCU;14;1.08.1980;14;0
ALAYETTIN;14;20.07.1959;14;0
ANCEL;14;5.04.1951;0;14
EDVAR;14;4.02.1958;12;2
JORJET;14;23.01.1950;0;14
BELIR;14;16.11.1969;2;12
BOZBEYLI;13;2.02.1975;13;0
FIYAKA;13;27.09.1972;6;7
CAYDAN;13;28.06.1955;0;13
SATIYA;13;7.12.1950;0;13
SARIHAN;13;25.05.1966;6;7
ZERIHA;13;5.08.1961;0;13
PERYA;13;27.02.1974;0;13
HASARIYE;13;29.05.1973;0;13
KESSAF;13;27.07.1960;13;0
MURISE;13;30.2.1958;0;13
BURYAN;13;2.12.1963;1;12
UZGEN;13;16.02.1975;0;13
DUNAY;13;20.01.1975;4;9
DEVRUS;13;17.02.1960;13;0
SERHA;13;16.12.1970;0;13
IGDEM;13;15.09.1983;0;13
BILENGUL;13;6.09.1974;0;13
NUBIYE;13;25.02.1960;0;13
URFU;13;21.08.1960;10;3
ABDULVESAH;13;19.12.1972;13;0
RAMO;13;11.06.1941;13;0
PEYRAN;13;26.07.1965;0;13
ZURYA;13;5.05.1963;3;10
SEYUP;13;7.11.1977;13;0
MAHFIRET;13;10.09.1976;0;13
MUHIB;13;3.07.1963;13;0
SATIM;13;19.04.1958;12;1
MUHTAD;13;29.05.1965;13;0
BERKUTAY;13;27.12.1983;13;0
YELTEN;13;5.06.1972;2;11
DUCANE;13;28.10.1981;13;0
HULYAM;13;21.12.1974;0;13
SERVINAS;13;11.12.1962;0;13
DENIZE;13;12.07.1977;0;13
SAKILE;13;7.03.1957;0;13
INCAN;13;20.04.1971;0;13
MELIDE;13;26.04.1975;0;13
KAYIME;13;14.06.1955;0;13
CEVET;13;11.04.1971;12;1
NACMIYE;13;22.05.1964;0;13
MUZEYHA;13;18.05.1962;0;13
MUSAYIT;13;17.03.1965;13;0
BURUC;13;21.05.1984;7;6
MAKBILE;13;25.10.1965;0;13
YUHANNA;13;4.07.1955;12;1
PERVAN;13;30.12.1965;0;13
OZBILEN;13;1.12.1977;11;2
PUSAT;13;3.08.1978;13;0
ZULBET;13;19.06.1962;0;13
TUREV;13;22.04.1981;7;6
KILAY;13;3.04.1975;11;2
ISMEY;13;23.10.1947;0;13
ZUBEY;13;26.12.1956;8;5
SIYANET;13;21.03.1983;0;13
TASUA;13;17.04.1977;0;13
SUMMEYA;13;14.05.1986;0;13
SIREC;13;16.11.1968;11;2
IKLAM;13;16.03.1987;4;9
SEROHAN;13;20.03.1945;13;0
HULYAN;13;11.06.1973;0;13
ABDULAHAD;13;14.01.1972;13;0
MAHDIYE;13;19.12.1975;0;13
TEYBAT;13;5.04.1974;0;13
TALIHAN;13;11.03.1973;3;10
HATAP;13;30.12.1979;13;0
FEDO;13;3.06.1953;2;11
UNDER;13;14.03.1972;12;1
UMRULLAH;13;14.05.1983;12;1
NEHICE;13;30.2.1967;0;13
SEMED;13;10.06.1977;13;0
RUKKIYA;13;30.03.1968;0;13
TIFLA;13;22.10.1957;0;13
ABDULLAHAT;13;1.10.1961;13;0
DELSAH;13;19.04.1966;0;13
TEKSAN;13;3.01.1978;8;5
MICVEL;13;30.01.1955;13;0
HIZIMI;13;21.10.1953;0;13
RADDE;13;6.06.1960;0;13
SENANIK;13;10.02.1958;13;0
GULGEC;13;10.05.1978;0;13
FETTUM;13;2.08.1957;0;13
PERIZAR;13;30.01.1963;0;13
HUDADA;13;2.05.1966;11;2
MEMDOH;13;15.05.1951;13;0
TEYIBET;13;9.01.1976;0;13
RONAI;13;4.05.1986;2;11
VARIDE;13;30.05.1954;0;13
MELKIYE;13;13.05.1970;0;13
FEYSER;13;17.11.1973;13;0
MEVLO;13;20.12.1949;3;10
CANDA;13;8.02.1978;2;11
DARAP;13;25.08.1981;13;0
SURKAN;13;3.05.1974;6;7
SEVCIYE;13;4.05.1975;0;13
MENO;13;21.1.1785;0;13
NESIPHAN;13;20.04.1940;0;13
FERCE;13;19.02.1952;1;12
SEVDETI;13;17.10.1962;0;13
DUMER;13;23.08.1965;13;0
MULKUBAR;13;25.09.1971;0;13
AMUS;13;23.11.1958;4;9
SADYE;13;6.04.1970;0;13
ERIHAN;13;2.07.1959;0;13
SETTER;13;2.10.1971;13;0
VASFIYA;13;29.05.1953;0;13
GULSENUR;13;20.05.1971;0;13
HIRANUR;13;30.2.1984;0;13
GAYBI;13;16.06.1967;13;0
LEYMEN;13;16.03.1970;0;13
TAYIS;13;11.11.1966;2;11
COLLU;13;5.01.1958;13;0
FIRYALE;13;29.05.1974;0;13
ABDULFATTAH;13;12.07.1957;13;0
HAZI;13;18.09.1942;0;13
RUMEYDA;13;6.11.1981;0;13
FESULE;13;3.04.1964;0;13
BEYZI;13;13.09.1962;4;9
SEZAYIL;13;21.03.1972;13;0
DAIMA;13;9.07.1967;0;13
CETTO;13;11.11.1953;13;0
MECDEL;13;1.09.1960;13;0
DIREI;13;18.03.1966;13;0
TIDORA;13;26.12.1978;0;13
ELISABET;13;10.07.1973;0;13
MUSEL;13;11.01.1964;10;3
NINOS;13;5.12.1981;12;1
NINVA;13;26.05.1987;0;13
RUBEN;13;5.03.1949;12;1
HAZZO;13;28.01.1956;0;13
JACGUELINE;13;24.01.1969;0;13
NUVER;13;3.05.1953;0;13
BACO;13;17.09.1957;2;11
REGDA;13;1.06.1964;0;13
YAHKUP;13;30.11.1973;13;0
ZAHRI;13;26.11.1952;2;11
NAZAMETTIN;13;30.01.1962;13;0
ILIYO;13;17.10.1939;13;0
SAYIBA;13;24.01.1958;0;13
MESMIA;13;29.02.1980;0;13
RANI;13;12.01.1953;3;10
GEBRIYEL;13;24.08.1983;13;0
KERIMEN;13;30.01.1967;0;13
EDRA;13;28.08.1987;1;12
INAM;13;10.10.1956;9;4
MIKRIMA;13;24.06.1971;0;13
BEZGIN;13;15.11.1979;10;3
SUAP;13;8.08.1966;13;0
AGID;13;13.02.1988;13;0
ISRAYIL;13;14.11.1963;13;0
NECIHAT;13;20.03.1967;5;8
BEGIN;13;16.03.1967;6;7
TEKIYE;13;4.03.1976;0;13
SAFE;13;26.09.1956;1;12
ALVAN;13;15.06.1963;13;0
MUHAMMAD;13;6.12.1978;13;0
SYLVIA;13;22.11.1960;0;13
VAIL;13;21.12.1969;13;0
SUZANE;13;3.06.1961;0;13
RESEN;13;22.05.1976;3;10
IMADDIN;13;10.09.1972;13;0
SIYAN;13;21.12.1960;1;12
SEFVAN;13;28.01.1966;13;0
ALLAATTIN;13;27.05.1973;13;0
HEYET;13;6.01.1976;3;10
M.ARIF;13;23.09.1958;13;0
SINDI;13;28.01.1967;11;2
SEVDAYI;13;10.04.1965;11;2
HAVVANIM;13;16.12.1970;0;13
SAMBAS;13;23.05.1964;13;0
DOVAN;13;22.06.1958;13;0
AYSUR;13;14.10.1969;0;13
GADIN;13;18.10.1961;1;12
UVEYIZ;13;18.07.1964;13;0
GULERSU;13;25.03.1963;0;13
ORKIYE;13;14.09.1952;0;13
MUHADDIS;13;20.08.1959;3;10
NURDEGUL;13;17.05.1957;0;13
GULAMER;13;4.01.1961;0;13
LIFIDE;13;1.02.1963;0;13
BEYLI;13;25.03.1966;9;4
TUREYDE;13;18.10.1956;0;13
UMIGULSUM;13;17.10.1974;0;13
MIHRIBAR;13;25.01.1973;0;13
HUMERRA;13;24.01.1979;0;13
ZEMBIYE;13;9.08.1959;0;13
MEFARE;13;11.07.1964;0;13
GEZIBAN;13;9.10.1956;0;13
BURCI;13;5.08.1983;0;13
ERMETIN;13;24.01.1959;13;0
TENZIYE;13;4.09.1953;0;13
SECDIYE;13;18.07.1971;0;13
VELHAN;13;1.01.1963;1;12
MURSILE;13;23.11.1966;0;13
KALEFIR;13;10.12.1964;0;13
MENDU;13;10.07.1958;11;2
AKDEMIR;13;11.07.1946;13;0
SOYGUL;13;9.05.1975;0;13
HUSNIYET;13;15.07.1967;5;8
MUHMUN;13;2.09.1963;13;0
EDEVI;13;19.09.1962;0;13
DUNYAM;13;9.06.1982;4;9
DURADIYE;13;13.06.1957;0;13
MECMURIYE;13;15.10.1959;0;13
NEBATTIN;13;27.03.1970;13;0
GULFAM;13;25.11.1972;0;13
PINNAZ;13;8.03.1962;0;13
MEDIME;13;27.02.1964;0;13
NOVBER;13;15.03.1952;0;13
NURAYDA;13;25.06.1974;0;13
AYNURAN;13;22.12.1967;0;13
TURGEN;13;28.05.1948;1;12
SEFATI;13;24.08.1966;11;2
KUMRA;13;13.06.1972;0;13
BILSAN;13;25.08.1970;1;12
CIVAR;13;3.06.1958;1;12
NICATI;13;1.02.1959;13;0
MELEKGUL;13;2.11.1967;0;13
COLBEY;13;21.05.1965;13;0
NARGUZAR;13;10.02.1960;0;13
SUPER;13;25.01.1978;1;12
BEHAR;13;19.03.1947;3;10
FIDANGUL;13;3.12.1968;0;13
FIRDOST;13;7.10.1969;0;13
MUNADI;13;20.04.1961;11;2
TALIYA;13;16.11.1970;0;13
SAARE;13;16.02.1962;0;13
GURSIYE;13;7.02.1969;0;13
BAHRITTIN;13;24.05.1946;13;0
FAIGE;13;14.12.1963;0;13
ELIDA;13;4.08.1970;0;13
DAREJAN;13;6.10.1959;0;13
MUGATDES;13;24.04.1961;0;13
CEMIHAN;13;30.12.1963;1;12
CIGSEM;13;18.09.1987;0;13
HUMAYI;13;18.05.1956;0;13
TEKINE;13;26.05.1969;0;13
KULTEN;13;15.01.1949;0;13
SONTEN;13;18.06.1975;0;13
OZKUT;13;28.01.1976;12;1
RUGUYE;13;1.04.1965;1;12
GEZBAN;13;25.08.1954;0;13
SEDAYIL;13;13.11.1960;12;1
MERGULE;13;16.11.1961;0;13
HAYATIYE;13;24.03.1958;0;13
CEVAIL;13;14.09.1966;3;10
BAYANGUL;13;25.12.1966;0;13
ALINUR;13;29.03.1969;11;2
MICAZ;13;3.05.1964;8;5
FATMATUZEHRA;13;25.11.1965;0;13
BEHIZAR;13;21.10.1960;0;13
HESRET;13;5.04.1961;6;7
DOGANBEY;13;5.03.1972;13;0
MUFERIYE;13;20.04.1955;0;13
NURAHAT;13;7.01.1969;0;13
JULIETA;13;26.02.1963;0;13
IZOLDA;13;3.05.1960;0;13
ZUFTIYE;13;30.03.1956;0;13
TEYUP;13;4.04.1960;13;0
YETISIR;13;5.07.1964;3;10
NEZAHAN;13;27.06.1964;0;13
CAVITTIN;13;15.05.1955;13;0
NURIGUL;13;5.02.1957;0;13
MUJDER;13;1.08.1974;8;5
VAGIF;13;18.01.1974;13;0
MUSMULA;13;4.07.1957;0;13
BIRSON;13;22.10.1963;6;7
ZEKICAN;13;12.03.1987;13;0
YASARNUR;13;11.02.1973;1;12
ETERI;13;20.04.1957;0;13
SEZAETTIN;13;18.03.1956;13;0
ALAYDIN;13;9.11.1966;13;0
TECEL;13;6.10.1973;5;8
PERUHAN;13;26.09.1955;0;13
UFKAY;13;11.09.1974;10;3
ULGUYE;13;17.02.1964;0;13
NADIK;13;12.10.1951;3;10
HULYAGUL;13;10.09.1973;0;13
MUSEBBIHA;13;17.08.1941;0;13
BEYDAT;13;18.04.1961;13;0
MUCEHVER;13;14.02.1968;0;13
SIR;13;2.08.1955;11;2
MERIDE;13;2.05.1972;0;13
MUBERHAN;13;28.07.1954;0;13
ZENNIYE;13;9.08.1951;0;13
SERIYAN;13;18.11.1958;0;13
GULHAVA;13;30.03.1967;0;13
BAHIZE;13;9.05.1959;0;13
SAHMEREN;13;8.10.1967;8;5
NURUHAYAT;13;3.12.1953;0;13
GULFIYA;13;13.01.1965;0;13
ERSURAL;13;29.03.1954;13;0
NURBEYAN;13;9.07.1961;0;13
YASAMAN;13;5.02.1972;0;13
MUNUVER;13;14.09.1970;0;13
CESARI;13;2.05.1964;13;0
SEDAIR;13;23.02.1964;13;0
NERGUBE;13;8.03.1968;0;13
KAMILET;13;1.07.1959;0;13
GAZIANFER;13;30.07.1966;13;0
FERIKNAZ;13;17.08.1949;0;13
SAMIE;13;3.10.1957;0;13
ESMERAL;13;26.02.1969;2;11
SIMET;13;7.11.1965;11;2
AYMETIN;13;19.04.1965;13;0
GOVSEN;13;7.01.1967;2;11
TOPAK;13;22.12.1952;0;13
GULUMCAN;13;12.04.1973;0;13
ANSEN;13;25.02.1957;3;10
GONLUM;13;18.11.1981;3;10
SUGRA;13;22.02.1981;0;13
SULIHA;13;1.03.1949;0;13
YASENUR;13;1.03.1985;0;13
YURDAAY;13;24.11.1958;3;10
ASLANBEY;13;10.10.1963;13;0
MAKBUBE;13;30.08.1961;0;13
SUVEDA;13;20.09.1963;0;13
MUMECCEL;13;28.08.1948;0;13
AYBANU;13;27.02.1978;0;13
HADUN;13;10.01.1958;1;12
SAVTEKIN;13;13.10.1971;13;0
ILDEN;13;1.07.1982;2;11
BERKIYE;13;20.11.1952;1;12
GULSERIYE;13;19.11.1963;0;13
GULYAMI;13;26.02.1968;13;0
SAHMERAL;13;14.09.1959;6;7
YAVUZCAN;13;19.12.1986;13;0
CEYDANUR;13;18.09.1986;0;13
MUSADDIK;13;9.08.1957;13;0
NEYRE;13;18.11.1954;0;13
OZCEM;13;30.08.1984;11;2
GOKTEM;13;29.05.1982;9;4
FEYZAT;13;18.05.1963;8;5
GULASDI;13;7.04.1956;0;13
ESVETTIN;13;22.10.1960;13;0
GULLUCE;13;16.12.1961;0;13
KONCE;13;22.09.1955;0;13
ZAKIN;13;1.03.1968;13;0
NESER;13;28.05.1966;2;11
CANSELI;13;13.06.1980;0;13
HANUMCUK;13;10.12.1955;0;13
GULUZARE;13;29.03.1951;0;13
AYLIM;13;2.10.1979;1;12
MAZIN;13;15.04.1966;11;2
VESI;13;19.08.1960;4;9
KUTEY;13;16.03.1945;0;13
BEYA;13;30.2.1942;0;13
AHSEL;13;21.07.1963;1;12
SEYFINUR;13;9.11.1967;5;8
GULBADI;13;2.04.1958;0;13
VAHBI;13;5.08.1960;13;0
D.MEHMET;13;27.07.1949;13;0
KUMEYRE;13;21.02.1953;0;13
UMAR;13;25.12.1970;10;3
ATCE;13;27.12.1956;0;13
SERBILENT;13;22.01.1979;12;1
ADALAT;13;15.01.1966;0;13
VASI;13;27.09.1960;11;2
TEMAN;13;24.02.1963;0;13
MAKPARE;13;12.12.1953;0;13
CEYDAG;13;24.01.1980;0;13
AYSULA;13;8.03.1968;0;13
BECIYE;13;13.10.1960;0;13
LIBABE;13;4.06.1953;0;13
ERSIM;13;20.11.1977;11;2
AYDOGMUS;13;23.02.1955;7;6
YORDAN;13;2.10.1950;9;4
NURBIBI;13;18.07.1963;0;13
GULSEHAR;13;23.03.1955;0;13
MAVSAN;13;3.07.1942;0;13
GULFIRUZ;13;14.03.1972;0;13
ZUBEYYA;13;3.10.1967;0;13
MAHBILE;13;16.02.1967;0;13
AISET;13;13.02.1938;0;13
SEHERGULU;13;30.05.1963;0;13
GULFERUZ;13;2.09.1960;0;13
ASILI;13;18.04.1961;0;13
MEHRISAN;13;16.06.1973;0;13
MUHU;13;27.06.1936;13;0
NESIHAN;13;10.01.1973;0;13
BUNYANI;13;15.06.1966;13;0
AFILE;13;12.01.1959;0;13
MECLUN;13;28.02.1967;13;0
BEYRULLAH;13;10.01.1964;13;0
MIRAM;13;2.07.1958;2;11
NURPEL;13;26.04.1979;0;13
OYANUR;13;1.03.1982;0;13
MUHTELIF;13;8.10.1965;12;1
SAHLI;13;4.02.1951;4;9
NEFIBE;13;8.01.1974;0;13
NEJLIHA;13;10.07.1958;0;13
FANISE;13;2.01.1953;0;13
SEFKINAZ;13;10.08.1960;0;13
BEDRETDIN;13;29.12.1960;13;0
MINIS;13;5.09.1957;0;13
KARABEKIR;13;15.08.1957;13;0
MUVESSER;13;26.07.1956;0;13
URMUS;13;5.07.1946;0;13
MESRURIYE;13;7.12.1953;0;13
MAHSUL;13;22.05.1965;7;6
RABA;13;27.09.1951;0;13
TUKES;13;13.6.1799;0;13
YUZGEN;13;17.05.1977;0;13
DENSIZ;13;18.05.1961;1;12
EMINULLAH;13;18.05.1977;13;0
ZULKARNIN;13;8.12.1958;13;0
NUSURETTIN;13;30.04.1960;13;0
MUSLIHIDDIN;13;30.12.1970;13;0
NACEDDIN;13;30.03.1951;13;0
MUAZZEN;13;19.12.1965;1;12
SEZENGUL;13;25.10.1978;0;13
BUKRA;13;5.01.1987;0;13
NECLAT;13;11.12.1959;13;0
ELVENT;13;8.08.1967;13;0
KAMIRE;13;22.07.1963;1;12
AYBIR;13;7.01.1974;2;11
NATIYE;13;4.11.1961;0;13
HUSNUHAN;13;1.09.1962;0;13
TAMILLA;13;17.09.1963;0;13
RAMEZAN;13;12.10.1962;13;0
ILKINAZ;13;3.10.1964;0;13
TURBAY;13;12.01.1969;13;0
SEYNAN;13;2.10.1976;1;12
CAKICI;13;9.05.1954;13;0
SELAFE;13;28.05.1961;0;13
REIZ;13;9.03.1957;13;0
LAHIYE;13;13.03.1968;0;13
TALIME;13;26.04.1968;0;13
NINE;13;23.07.1950;0;13
SENAYE;13;13.06.1954;1;12
MUKINE;13;28.05.1972;0;13
SEZAHI;13;27.10.1958;12;1
FERIN;13;11.03.1959;4;9
BILGISEN;13;9.05.1977;0;13
YASEVIM;13;10.12.1971;2;11
KHALIDA;13;3.03.1966;0;13
NAHAL;13;26.06.1952;0;13
NUSRAN;13;9.11.1971;0;13
SEVSAY;13;13.07.1967;1;12
UFUKHAN;13;6.02.1982;12;1
NEZZET;13;3.04.1957;7;6
NECAHET;13;20.11.1956;1;12
ABDURSELAM;13;29.10.1960;13;0
HAVAL;13;10.10.1978;3;10
SULTI;13;22.11.1927;0;13
EREFE;13;29.03.1962;0;13
CEMALETIN;13;14.10.1965;13;0
FOVZI;13;9.06.1958;13;0
BEYTULLA;13;23.07.1968;13;0
YEMUS;13;12.01.1942;0;13
ELEMSAH;13;7.07.1965;2;11
SIHHASAN;13;24.08.1952;13;0
ETTEM;13;10.12.1966;13;0
TERVENDE;13;17.06.1952;0;13
REZBAR;13;6.12.1968;0;13
KURGIN;13;15.01.1943;13;0
SANIFE;13;1.05.1970;0;13
BUKIYE;13;19.01.1966;0;13
BANO;13;24.06.1969;0;13
NELIME;13;7.04.1969;0;13
ZENURYE;13;10.12.1974;0;13
GIRMAN;13;23.07.1969;9;4
KISVER;13;25.08.1941;1;12
MUNEDIYA;13;19.04.1977;0;13
AZAR;13;3.07.1965;7;6
MAFIA;13;7.07.1962;0;13
GONGOR;13;4.08.1969;6;7
SAHVAN;13;22.04.1968;13;0
ESMET;13;8.10.1956;7;6
FIET;13;30.07.1965;0;13
ABDULSALIH;13;8.03.1975;13;0
ALISA;13;16.10.1978;2;11
RAIS;13;28.12.1968;13;0
MAHFIRE;13;28.04.1954;0;13
ASEM;13;13.10.1970;13;0
SITYE;13;9.07.1968;0;13
ZUZANI;13;8.10.1973;0;13
MAYFER;13;25.02.1965;0;13
GULILK;13;26.07.1957;0;13
SEBRAN;13;28.08.1977;1;12
MUCEYLAN;13;5.05.1972;0;13
ISFAHAN;13;21.07.1976;2;11
MIRYEMA;13;18.04.1976;0;13
NIBAR;13;15.07.1968;0;13
PIRIZE;13;22.10.1958;0;13
FEDIHA;13;4.02.1958;0;13
NASREDIN;13;4.11.1971;13;0
PURIZE;13;10.11.1963;0;13
RUJHAT;13;3.06.1985;11;2
SEREBAN;13;3.03.1967;0;13
MIRMEHMET;13;5.02.1969;13;0
MALIHE;13;20.09.1963;0;13
MULFIDE;13;3.12.1965;0;13
RUBAB;13;7.07.1961;0;13
HELIZ;13;30.07.1986;0;13
VAHYEDIN;13;21.09.1966;13;0
YADO;13;21.10.1954;12;1
AFYON;13;2.12.1964;0;13
BITIRIM;13;17.01.1970;10;3
MIRSEYDIN;13;1.03.1958;13;0
NAFA;13;5.07.1956;0;13
HAFIYA;13;5.02.1952;0;13
KUTFEDIN;13;13.01.1962;13;0
DOLI;13;28.09.1964;0;13
GULNAY;13;24.04.1968;0;13
SUPHU;13;7.08.1964;13;0
MURDIYE;13;9.03.1959;0;13
BEKLISA;13;26.06.1971;0;13
BELGIZER;13;21.10.1966;0;13
SABAHATULLAH;13;13.05.1981;13;0
SERAV;13;11.03.1982;0;13
GUNGUR;13;24.05.1969;5;8
MIFER;13;5.02.1976;3;10
ELFIYA;13;13.06.1973;0;13
MAHIYETE;13;8.12.1976;0;13
BESRE;13;24.11.1951;0;13
KITAVIN;13;14.09.1951;0;13
MADUME;13;10.07.1953;0;13
BATLIMAN;13;13.05.1950;13;0
TINAY;13;23.07.1977;7;6
BERKALP;13;18.11.1980;11;2
GUNSAN;13;14.03.1962;1;12
RUHBER;13;6.04.1957;0;13
FILIZIYE;13;16.10.1959;0;13
NAKLIYE;13;19.04.1952;0;13
EBRUGUL;13;20.11.1982;0;13
FUHEDA;13;22.06.1959;0;13
RUBEYYA;13;10.05.1984;0;13
IRKAN;13;16.10.1973;13;0
AYNU;13;3.01.1947;0;13
ERYETIS;13;29.08.1969;13;0
MELIYKE;13;15.10.1975;0;13
REYA;13;19.02.1956;1;12
ZULFAKAR;13;20.03.1968;13;0
ONSER;13;7.11.1970;8;5
AYPEREN;13;30.2.1964;1;12
ZADEF;13;12.05.1962;0;13
ZUBIDIYE;13;27.05.1961;0;13
DALISTAN;13;18.08.1961;13;0
VECEDDIN;13;30.10.1971;13;0
GULFIRYAZ;13;11.07.1954;0;13
ACANGUL;13;29.07.1966;0;13
CANBULUT;13;19.11.1963;13;0
SUTTE;13;17.04.1964;0;13
TERVIZ;13;20.02.1952;1;12
SENAVER;13;18.06.1953;1;12
PARVANA;13;2.11.1977;0;13
KEBILE;13;14.08.1970;0;13
OZBAHAR;13;24.06.1973;2;11
GURMEN;13;27.01.1966;13;0
OZVERI;13;23.01.1979;8;5
UKSEL;13;11.03.1960;2;11
GULAVATIN;13;30.08.1950;0;13
KEFAET;13;29.01.1950;0;13
REFKI;13;28.05.1956;13;0
BEHAEDDIN;13;16.06.1955;13;0
IREHME;13;23.01.1962;0;13
HUBEYDE;13;2.02.1974;3;10
TEFEKGUL;13;15.07.1978;0;13
MUSKEN;13;10.02.1952;0;13
AZIR;13;10.02.1952;13;0
M.LUTFI;13;1.10.1950;13;0
HACIBEKTAS;13;17.09.1965;13;0
NEVFER;13;26.11.1962;13;0
NESHET;13;1.04.1961;6;7
GULPEN;13;17.10.1958;0;13
SAHNAR;13;15.06.1944;0;13
CEMZADE;13;20.01.1954;0;13
AYGUNES;13;29.09.1963;1;12
SENGEL;13;16.02.1959;3;10
GOKGU;13;10.06.1961;1;12
SABRICAN;13;20.01.1987;13;0
NIVAL;13;21.02.1965;1;12
ABOS;13;5.10.1957;8;5
AKLIMAN;13;13.05.1966;0;13
LEVKE;13;9.01.1951;0;13
SEVABE;13;26.12.1965;0;13
MEBRIKE;13;7.10.1967;0;13
GUNDES;13;14.08.1970;4;9
SUFADE;13;23.08.1961;0;13
SEGBETULLAH;13;1.07.1974;13;0
RAYIDE;13;1.09.1968;0;13
INCISAR;13;17.06.1954;0;13
SEFFET;13;30.06.1958;8;5
BEDAHET;13;22.09.1947;1;12
FETHATTIN;13;16.04.1968;13;0
YUZDEM;13;15.11.1982;0;13
TIBER;13;15.03.1977;10;3
SURGUN;13;1.03.1964;11;2
VECEDIN;13;13.11.1968;13;0
MUZBAHATTIN;13;30.04.1973;13;0
MILYA;13;22.09.1970;0;13
FINDISEMAL;13;17.07.1966;0;13
GULDEREM;13;1.06.1978;0;13
SERDOGAN;13;10.04.1970;12;1
ECIVET;13;4.04.1973;13;0
MEHMETULLAH;13;4.02.1975;13;0
YUZBINAZ;13;9.02.1979;0;13
MEHMETARIF;13;28.06.1973;13;0
MEHI;13;1.01.1946;12;1
SACET;13;18.03.1965;10;3
ATILSAH;13;16.04.1972;0;13
BAKISE;13;14.12.1956;0;13
MEYESER;13;2.02.1967;0;13
TALIM;13;22.01.1975;12;1
EMREL;13;25.02.1969;3;10
BEYSET;13;5.02.1960;13;0
AYGIN;13;27.09.1976;7;6
HASNI;13;26.09.1961;0;13
M.HUSEYIN;13;6.03.1957;13;0
AYNOR;13;8.08.1961;0;13
M.SAH;13;20.03.1955;13;0
NAMIZAT;13;7.07.1954;6;7
EYVAN;13;2.11.1980;0;13
GAME;13;26.10.1957;0;13
GULDESDE;13;3.07.1964;0;13
KICO;13;6.11.1945;12;1
SEVRI;13;6.06.1961;6;7
REHMAN;13;1.02.1964;12;1
SAM;13;11.04.1974;11;2
HOSO;13;8.04.1949;13;0
MUZGIN;13;28.12.1973;3;10
GULSENA;13;10.05.1977;0;13
BEYAR;13;1.09.1976;10;3
MEHYETTIN;13;13.03.1962;13;0
NURIVET;13;3.04.1968;1;12
OZNAR;13;15.08.1973;3;10
GULDARI;13;24.10.1963;0;13
ZABIHA;13;9.09.1954;0;13
OZSEL;13;26.01.1973;2;11
DEMIRALP;13;21.06.1967;13;0
TABENDE;13;4.09.1953;0;13
SEVENAY;13;24.07.1977;0;13
ZITTIKA;13;14.04.1967;0;13
KUPRAN;13;23.11.1962;0;13
GULMENEKSE;13;23.03.1958;0;13
CESSUR;13;10.08.1961;13;0
AYBILGE;13;29.01.1983;0;13
GULDERYA;13;22.01.1978;0;13
URGUP;13;11.07.1967;13;0
TEVZIYE;13;20.08.1962;0;13
TEZEBEY;13;12.02.1962;13;0
HUSEYINPASA;13;10.07.1943;13;0
BETER;13;2.04.1964;7;6
ROYA;13;1.11.1966;0;13
GULBEDE;13;30.11.1953;0;13
NAVAT;13;17.02.1951;0;13
KAYMAZ;13;21.05.1957;12;1
EFLAT;13;17.06.1945;13;0
SAHNIYAR;13;9.04.1951;0;13
MISA;13;11.09.1967;7;6
ZINIYET;13;25.11.1959;0;13
INAHAT;13;15.11.1963;0;13
RESMINUR;13;26.01.1959;0;13
GULYURT;13;25.08.1960;0;13
MULKICAN;13;16.03.1972;0;13
URGUL;13;8.09.1968;0;13
TURKALAY;13;15.09.1966;13;0
ERBIYE;13;30.09.1964;0;13
CAMES;13;11.07.1970;13;0
EBRUKE;13;6.03.1962;0;13
SONESER;13;2.01.1967;0;13
IBABE;13;28.04.1946;0;13
UCAY;13;19.07.1974;9;4
MUDURIYE;13;23.05.1969;0;13
URUFIYE;13;18.08.1961;0;13
NUHDEDE;13;21.04.1967;13;0
AYPARE;13;26.05.1963;0;13
ZAHEY;13;10.07.1954;0;13
ELIFER;13;7.09.1967;1;12
SANVERDI;13;1.02.1965;10;3
BISER;13;29.05.1972;5;8
HURRU;13;28.04.1950;1;12
NERIHA;13;17.07.1966;0;13
CUMALETTIN;13;17.10.1970;13;0
TELIZE;13;26.08.1968;0;13
ZENIS;13;18.05.1944;0;13
MUVESSEL;13;25.04.1958;0;13
GOKYAY;13;23.07.1970;13;0
GULDUZ;13;16.06.1964;0;13
ANDAY;13;1.01.1982;13;0
RUHICAN;13;26.09.1970;7;6
FATMIRE;13;24.06.1963;0;13
FERE;13;19.09.1957;0;13
MINARA;13;5.10.1968;0;13
MULKIYAN;13;23.12.1977;0;13
TEMEY;13;23.09.1952;0;13
EKEN;13;11.01.1975;12;1
BEYAZEY;13;8.02.1953;0;13
USTUNAY;13;17.09.1974;8;5
IMAMEDDIN;13;10.03.1977;13;0
DINDE;13;8.02.1951;0;13
TORAY;13;15.11.1979;10;3
MUBET;13;18.07.1965;0;13
DALILA;13;9.01.1965;0;13
IZLAL;13;29.05.1954;0;13
URKU;13;3.10.1951;0;13
ILKUT;13;9.03.1977;9;4
FARIBA;13;4.06.1967;0;13
TUGAL;13;13.06.1955;6;7
TANYU;13;30.11.1968;9;4
HILYE;13;15.02.1964;0;13
NEZAY;13;9.07.1974;1;12
BEHLULDANE;13;12.09.1970;13;0
SERNAY;13;21.12.1968;0;13
ATADAN;13;5.10.1967;12;1
TALLAN;13;29.09.1966;0;13
AYSEGUN;13;21.01.1967;0;13
ESMARAY;13;25.01.1979;0;13
FEHNUR;13;20.04.1969;1;12
MEYAH;13;6.03.1967;0;13
NIFIDE;13;3.11.1968;0;13
YILGOREN;13;4.03.1958;10;3
MIKAHIL;13;21.07.1968;13;0
FETEHNE;13;25.05.1963;0;13
SULKIYE;13;7.04.1963;0;13
HUSAMMETTIN;13;8.01.1968;13;0
MAHOS;13;11.7.1795;10;3
FETILE;13;16.11.1962;0;13
ZAIR;13;4.05.1958;12;1
GULNERGIZ;13;22.02.1974;0;13
BEYTIL;13;24.09.1965;1;12
RAHMETHAN;13;3.02.1973;1;12
MIKAILE;13;18.05.1979;0;13
SIHCA;13;18.07.1954;13;0
HAMDUSSENA;13;17.07.1980;12;1
DERAY;13;1.08.1979;3;10
OVGUN;13;11.02.1986;8;5
TIRKIYE;13;27.04.1963;0;13
NEKIBE;13;8.07.1954;0;13
MUKADIS;13;18.11.1955;0;13
NILGEN;13;10.01.1975;1;12
MIAT;13;13.09.1969;11;2
RUSUT;13;24.12.1962;13;0
SULTEY;13;9.06.1943;0;13
AYISEFATMA;13;11.01.1944;0;13
IRAY;13;19.06.1978;7;6
GISSAN;13;9.03.1964;13;0
CAROL;13;2.04.1959;0;13
FETHIYYE;13;29.02.1960;0;13
FIRATCAN;13;3.04.1990;13;0
DERGAN;13;29.11.1962;13;0
KUBBETTIN;13;27.12.1964;13;0
GUVHER;13;20.09.1957;0;13
OZGOR;13;23.06.1964;10;3
AYSEZER;13;1.08.1956;0;13
ZEFRE;13;8.10.1969;0;13
MUSAFE;13;28.10.1962;0;13
FATIR;13;8.02.1966;13;0
GIYASEDIN;13;10.01.1965;13;0
VETHI;13;19.06.1958;2;11
ZULIYHA;13;6.07.1965;0;13
SITIYA;13;13.11.1965;0;13
KUTFEDDIN;13;19.04.1974;13;0
SAKHA;13;13.05.1960;0;13
ANGELICA;13;26.06.1975;0;13
TUMKAN;13;26.10.1978;13;0
CIZEM;13;11.04.1989;0;13
SAMEY;13;22.08.1951;0;13
ZEBIYE;13;26.11.1954;0;13
HAK;13;4.08.1962;13;0
LUVEREN;13;15.09.1964;13;0
ZATIN;13;10.06.1969;13;0
URGEL;13;27.07.1971;0;13
TULHAN;13;15.03.1969;2;11
BUNEVS;13;24.06.1970;0;13
NECRA;13;10.03.1966;0;13
EFZA;13;9.09.1966;0;13
ZEHDE;13;22.08.1963;0;13
YULIA;13;15.09.1974;0;13
HADRI;13;7.10.1959;1;12
KUPRIYE;13;30.12.1954;0;13
AYSAR;13;30.2.1965;3;10
PAPILI;13;7.03.1953;0;13
NEYDE;13;10.05.1962;0;13
GUZEYLA;13;17.04.1970;0;13
TAIBET;13;24.08.1966;0;13
SELEF;13;28.04.1965;7;6
ESLIN;13;23.06.1986;0;13
MAVLI;13;5.10.1963;0;13
STEFANIA;13;23.10.1974;0;13
LEJLA;13;5.12.1972;0;13
UMURIYE;13;15.01.1953;0;13
SEREFITTIN;13;7.04.1944;13;0
NURKUT;13;24.06.1968;8;5
CALIP;13;12.08.1958;12;1
HUBEYIT;13;20.04.1981;13;0
ORMAN;13;30.04.1963;13;0
OZNE;13;12.07.1980;1;12
MUCDE;13;12.04.1969;0;13
ADUVIYE;13;11.09.1941;0;13
AYYUKSEL;13;26.03.1946;0;13
-;13;23.11.1957;5;8
SALKIM;13;18.05.1978;1;12
BERAYET;13;12.12.1966;0;13
AYKENT;13;1.06.1975;13;0
SAFIHA;13;14.01.1963;0;13
BUTAY;13;19.02.1987;12;1
RESTAN;13;13.12.1955;9;4
DUA;13;25.04.1983;2;11
REKIN;13;23.05.1964;12;1
BAHTLI;13;13.05.1957;0;13
BURA;13;12.07.1979;11;2
ONEY;13;30.2.1973;8;5
SIPKAT;13;23.05.1958;12;1
TAZER;13;2.11.1960;4;9
NADIKAR;13;8.07.1962;1;12
KAYUM;13;24.12.1954;13;0
INEZ;13;17.09.1952;0;13
ECEGUL;13;25.09.1980;0;13
GULNARIYE;13;12.11.1962;0;13
NEBATIN;13;19.12.1964;13;0
ASNIYE;13;7.06.1962;0;13
SERPINAZ;13;9.06.1973;0;13
OZEY;13;17.05.1968;3;10
PIJAN;13;15.11.1956;0;13
BASIL;13;9.12.1953;13;0
DUZEY;12;2.12.1942;0;12
MEHPARA;12;24.11.1962;0;12
GOGER;12;19.10.1959;0;12
GURUN;12;24.07.1969;6;6
MUTARE;12;16.06.1969;0;12
MESALE;12;30.01.1974;0;12
GAFIYE;12;22.01.1963;0;12
ZUHRINAZ;12;23.12.1963;0;12
FERYEL;12;23.01.1974;0;12
ASEFE;12;6.03.1941;0;12
GOKTEKIN;12;14.08.1964;10;2
DILFIGAR;12;15.01.1981;0;12
CASIME;12;28.12.1973;0;12
SUKRIYAN;12;4.03.1967;0;12
IMUHAN;12;14.04.1951;0;12
ZIYNETE;12;6.05.1962;0;12
AYSUM;12;6.03.1975;0;12
AIYSE;12;26.01.1960;0;12
HATIS;12;6.01.1952;0;12
CAHIRE;12;15.12.1971;0;12
AZMET;12;13.06.1963;8;4
PEHLEVI;12;8.01.1968;12;0
RAZIA;12;1.02.1974;0;12
NAFIKE;12;19.05.1977;0;12
LEZAN;12;10.01.1963;0;12
VELIBEY;12;16.01.1958;12;0
GUSU;12;21.05.1954;0;12
FEYZULLA;12;1.11.1960;12;0
SUEYUP;12;7.11.1977;12;0
HANBEK;12;29.05.1966;12;0
SEMILAY;12;25.02.1980;1;11
TAKATTIN;12;3.09.1959;12;0
SEFKATI;12;10.10.1951;12;0
NATELLA;12;1.09.1973;0;12
RUHILE;12;28.09.1968;0;12
NURRETTIN;12;23.12.1965;12;0
SUNUSI;12;21.11.1957;12;0
TUMRAL;12;13.07.1961;5;7
SAHDETTIN;12;30.12.1973;12;0
GUZI;12;2.03.1948;0;12
CEVELI;12;11.08.1967;12;0
EMSA;12;4.10.1968;0;12
FENDO;12;15.01.1950;11;1
SACIHAN;12;3.09.1975;2;10
SEYDIBATTAL;12;16.08.1965;12;0
PERKAN;12;8.07.1974;9;3
EVGUL;12;29.05.1971;0;12
NUMINE;12;1.03.1973;0;12
FERGAN;12;14.12.1971;9;3
AYTULU;12;28.02.1969;0;12
ERGEM;12;19.01.1982;1;11
KAN;12;17.11.1984;12;0
BAHOZ;12;7.08.1985;12;0
ADILBEY;12;27.03.1955;11;1
ISBAT;12;29.08.1965;10;2
ILKBAY;12;11.05.1977;8;4
ECER;12;25.01.1971;2;10
GARI;12;22.09.1950;0;12
KIRHO;12;4.05.1945;12;0
KATIA;12;11.05.1977;0;12
RAVSE;12;15.04.1955;0;12
TAYIB;12;5.02.1966;12;0
RIFHAT;12;25.09.1976;12;0
NISFIYE;12;4.08.1968;0;12
HISO;12;8.05.1932;12;0
MIKRIME;12;8.05.1964;0;12
ENDERHAN;12;10.01.1982;12;0
GULSEMET;12;8.04.1973;0;12
HAVLI;12;29.07.1953;0;12
HALAC;12;18.11.1956;12;0
FETUM;12;24.12.1958;0;12
DAYIME;12;22.01.1973;0;12
MARO;12;25.01.1957;2;10
BEDIFE;12;25.07.1964;0;12
GULSENEN;12;13.02.1965;0;12
AFITE;12;16.03.1972;0;12
HUNUS;12;22.07.1951;0;12
ZECRIYE;12;5.03.1960;0;12
MILAHIM;12;17.09.1977;11;1
YUSRAN;12;13.03.1975;1;11
ABDULVEHIT;12;17.04.1964;12;0
FAYDE;12;22.08.1971;0;12
MEAZ;12;29.11.1969;12;0
NEZIRHAN;12;20.03.1982;9;3
SEYYIDHAN;12;28.12.1973;12;0
VAHABETTIN;12;20.11.1957;12;0
NAHYET;12;22.12.1970;8;4
GULISTEN;12;20.12.1967;0;12
HINDA;12;4.03.1970;0;12
ZEVIYE;12;2.02.1955;0;12
ABTA;12;5.07.1957;0;12
FAHRADDIN;12;7.01.1963;12;0
HAZZI;12;27.07.1965;0;12
ZULHIMAR;12;17.09.1957;0;12
HEJAR;12;23.01.1985;10;2
AFTA;12;27.06.1960;0;12
SERVEDDIN;12;14.01.1965;12;0
MIRPENC;12;5.11.1976;12;0
MUHARRAM;12;11.01.1956;12;0
DILEN;12;25.05.1979;1;11
HELIMI;12;11.07.1951;0;12
SALHADIN;12;15.12.1968;12;0
HASUNE;12;21.01.1960;0;12
ZULEYHE;12;17.05.1967;0;12
RUMEYLE;12;10.11.1973;0;12
HILDAN;12;2.06.1980;1;11
HISFE;12;9.12.1954;0;12
HASYE;12;5.11.1972;0;12
MICHIM;12;12.09.1965;12;0
AFYET;12;16.11.1973;2;10
EDULE;12;8.03.1970;0;12
HAYYAM;12;25.02.1967;9;3
ISLAMEDDIN;12;28.12.1971;12;0
TARFE;12;6.07.1956;0;12
UMMUKELSUM;12;22.02.1978;0;12
CEMILI;12;23.02.1960;0;12
REDE;12;30.12.1963;0;12
HABO;12;18.09.1944;3;9
ABDULSALAM;12;2.07.1962;12;0
GONGUR;12;5.03.1981;10;2
ARDAL;12;4.11.1978;12;0
NUTKIYA;12;12.01.1960;0;12
VAHAC;12;5.04.1982;11;1
DAVIYA;12;25.07.1959;0;12
ZEYDEN;12;10.11.1970;12;0
KUDRETI;12;21.01.1949;0;12
TARIKA;12;4.03.1966;0;12
AMANUEL;12;15.05.1983;12;0
HAYLE;12;20.03.1962;0;12
SATTAM;12;9.06.1973;12;0
AYTEC;12;5.08.1973;3;9
NEFICE;12;25.01.1967;0;12
GEVES;12;16.01.1953;0;12
ZULFEKAR;12;25.05.1965;12;0
KURI;12;22.10.1934;7;5
BEDRETIN;12;17.10.1971;12;0
CELLAL;12;23.07.1965;12;0
MASI;12;3.10.1948;2;10
BEYRIYE;12;25.07.1973;0;12
BIRZAN;12;26.06.1967;7;5
HEKMIYE;12;29.11.1971;0;12
ELLEN;12;15.01.1965;0;12
CARSIM;12;5.07.1974;12;0
FARHAT;12;2.07.1975;12;0
MAHSINE;12;3.01.1973;0;12
BARSAVM;12;5.05.1945;12;0
HEMZE;12;28.08.1958;12;0
MIDYAT;12;19.03.1971;7;5
HELENE;12;13.02.1965;0;12
HUNAFI;12;18.02.1957;0;12
KEYNI;12;16.01.1953;0;12
SEYREN;12;17.06.1979;1;11
TAKVA;12;6.05.1973;1;11
NESEB;12;14.12.1961;1;11
SAMIYEL;12;29.12.1969;11;1
NIBAL;12;6.06.1975;0;12
STEFANIE;12;1.08.1982;0;12
SIYEM;12;3.04.1975;0;12
FERDOS;12;21.03.1966;0;12
BASIM;12;23.01.1971;11;1
ZUHA;12;22.05.1963;0;12
KATO;12;21.02.1965;12;0
HANUN;12;26.02.1951;8;4
CHRISTEL;12;19.07.1944;0;12
ABDULGENI;12;12.01.1976;12;0
BEDREN;12;23.12.1958;11;1
ROJE;12;4.06.1968;4;8
TELYA;12;28.10.1975;0;12
KARE;12;12.09.1958;0;12
YEMAME;12;9.04.1959;0;12
SIDER;12;11.10.1982;0;12
AYHANE;12;30.03.1968;0;12
NEYAZ;12;21.01.1967;9;3
TEDARIS;12;8.05.1959;12;0
HAMDUSENE;12;1.04.1985;2;10
RESILE;12;25.08.1960;0;12
SEMLAN;12;1.08.1952;0;12
BERZANI;12;4.07.1974;12;0
ILAMEDDIN;12;13.04.1979;12;0
VAHDIYE;12;25.01.1966;0;12
HASRETE;12;23.04.1958;0;12
REZEN;12;29.12.1968;3;9
FERSIN;12;13.08.1975;6;6
HARBE;12;18.01.1964;0;12
NECETE;12;24.09.1977;0;12
MUKAFET;12;16.12.1969;1;11
ABUZIT;12;23.03.1958;12;0
ZATENUR;12;30.11.1974;0;12
BERMIN;12;30.04.1971;0;12
BIDAT;12;28.09.1957;9;3
NEZO;12;23.03.1967;0;12
PERINAS;12;27.04.1967;0;12
MENAR;12;25.06.1978;1;11
BILGUR;12;12.04.1974;0;12
ZILVER;12;10.09.1966;11;1
NUBE;12;25.08.1968;0;12
ZULBETTIN;12;22.09.1969;12;0
FEYIZE;12;19.09.1964;0;12
CEYBE;12;7.12.1955;0;12
MEVSIR;12;9.07.1967;1;11
SIYIT;12;17.10.1952;12;0
KEFALETTIN;12;3.09.1955;12;0
ZULFUNUR;12;28.09.1978;1;11
MUSTAKIYME;12;15.08.1973;0;12
MELKINAZ;12;5.03.1964;0;12
MEHIL;12;6.09.1966;2;10
NADINE;12;7.10.1977;0;12
ANSANA;12;9.12.1953;0;12
MAHSUBE;12;15.03.1962;0;12
HARUNU;12;18.08.1965;12;0
MUSAKAZIM;12;22.10.1957;12;0
ACI;12;1.07.1948;6;6
ALIMEHMET;12;29.02.1956;12;0
HURIZIYE;12;11.12.1958;0;12
SANBAZ;12;24.08.1964;12;0
MUTAHARE;12;15.08.1959;0;12
SADUS;12;12.11.1951;10;2
NAZZIK;12;6.11.1962;0;12
NAZIYRE;12;30.01.1960;0;12
LIBAZ;12;26.04.1961;0;12
ASIRIYE;12;19.10.1967;0;12
OZKER;12;4.04.1953;6;6
HAZIZE;12;2.08.1956;0;12
EZMIYE;12;18.03.1955;0;12
INCINAR;12;24.07.1967;0;12
EFIYE;12;28.08.1952;0;12
GULMAVI;12;15.05.1961;0;12
SUNGAR;12;12.06.1949;4;8
ZADEM;12;28.08.1967;0;12
TAZI;12;26.02.1947;0;12
ZULKADIR;12;20.11.1963;12;0
PEVRIM;12;5.06.1975;0;12
SALAETTIN;12;22.11.1947;12;0
NIKAT;12;30.10.1961;2;10
MUSAVVAT;12;30.09.1964;2;10
NESIRI;12;24.01.1960;3;9
BILMAN;12;14.07.1954;3;9
TURKIS;12;24.01.1960;4;8
ANIYE;12;10.10.1955;0;12
CINAY;12;26.12.1974;3;9
HIJLAL;12;19.02.1975;0;12
AYDUN;12;24.06.1966;7;5
ERYAMAN;12;6.06.1971;12;0
ELLADA;12;29.06.1971;0;12
DURSINIYE;12;19.08.1967;0;12
SEBAHNUR;12;30.05.1970;0;12
MAFIL;12;3.11.1962;12;0
URHANIYE;12;20.11.1952;0;12
ORHON;12;1.03.1968;12;0
DUYAL;12;16.06.1973;7;5
SAHMUS;12;11.05.1973;12;0
GULENER;12;9.01.1961;6;6
LECLA;12;1.11.1955;0;12
FERAHMUZ;12;27.02.1970;12;0
DILSAZ;12;21.05.1948;1;11
GULTURK;12;10.07.1964;7;5
UMIYAN;12;17.11.1961;0;12
SUBITAY;12;26.10.1971;12;0
GOKSEVER;12;24.09.1977;11;1
NAKIS;12;1.12.1956;2;10
NELLY;12;13.08.1958;0;12
AISEGUL;12;13.01.1971;0;12
SENGIN;12;28.01.1959;6;6
AGIF;12;1.08.1967;12;0
NURTAZE;12;30.05.1979;0;12
ASLIBEY;12;24.06.1968;12;0
MEPTAP;12;1.08.1983;0;12
AYKAR;12;8.02.1960;6;6
RESIYE;12;6.02.1964;0;12
ZUBEYDIYE;12;10.04.1967;0;12
AKAGUNDUZ;12;10.08.1945;12;0
CUZIDE;12;4.08.1968;0;12
AZIGUL;12;6.07.1948;0;12
PIRDAL;12;26.01.1968;11;1
ADFIYE;12;9.05.1964;0;12
BILCEN;12;26.03.1971;0;12
FEZLIYE;12;8.08.1959;0;12
CORINA;12;22.06.1976;0;12
HISMET;12;10.05.1943;8;4
HEMZIYE;12;5.05.1957;0;12
BEHADIR;12;15.01.1943;12;0
NAIRA;12;18.07.1970;0;12
YILDOGAN;12;5.04.1961;11;1
IMTIHAN;12;16.10.1957;1;11
VEYISEL;12;7.12.1959;12;0
DERDIYOK;12;10.11.1953;6;6
OLKER;12;16.02.1946;1;11
MEVLUDIN;12;18.07.1962;12;0
BAHRICAN;12;9.09.1982;11;1
DURMIS;12;24.04.1952;11;1
UZMAN;12;15.07.1976;11;1
KALENFIR;12;13.03.1955;0;12
REJAN;12;15.10.1968;1;11
NURAYDAN;12;28.12.1963;0;12
ALAUDDIN;12;24.03.1971;12;0
NIGAHI;12;4.10.1958;11;1
MUCIBURRAHMAN;12;17.08.1976;12;0
BETULHAN;12;27.03.1983;1;11
BERZAH;12;21.09.1986;4;8
MEHPUP;12;7.05.1968;0;12
GULLICAN;12;27.08.1965;2;10
GENCTURK;12;16.05.1968;12;0
IZANI;12;21.02.1956;12;0
GOKDEM;12;2.01.1980;10;2
FEHBI;12;15.01.1970;12;0
NUKIYE;12;16.02.1958;0;12
SELAIDDIN;12;29.08.1960;12;0
SERAVI;12;11.12.1965;3;9
NEVAY;12;12.10.1974;0;12
ATINE;12;24.08.1969;0;12
SECAEDDIN;12;5.09.1959;12;0
TUNCKAN;12;2.01.1977;12;0
DEMRE;12;28.07.1983;5;7
ROFE;12;1.07.1959;0;12
MUCAVIT;12;8.09.1960;12;0
SAVUN;12;24.08.1975;12;0
SAMUDE;12;12.01.1959;0;12
TANYOLAC;12;30.10.1967;12;0
ZEZAYI;12;20.01.1962;12;0
NECLAHAN;12;22.03.1965;0;12
RUSUDAN;12;9.01.1967;0;12
RUVAYET;12;16.06.1965;0;12
UZEN;12;25.03.1959;1;11
SIRIF;12;20.02.1971;1;11
MURSELE;12;12.12.1964;0;12
FAHRIS;12;17.02.1962;12;0
MAKGUL;12;4.06.1970;0;12
ZURUYET;12;30.12.1961;1;11
ERCIMET;12;17.04.1964;12;0
FURIZE;12;26.12.1968;0;12
VAHDETIN;12;21.07.1963;12;0
MEFALET;12;7.09.1964;0;12
CANFEZ;12;25.08.1964;1;11
DUSUN;12;4.04.1980;6;6
ASLIYA;12;7.01.1972;0;12
SABER;12;10.04.1956;4;8
SIVAL;12;12.04.1975;1;11
MUCAYDE;12;22.07.1967;0;12
AZBI;12;4.12.1953;12;0
GULEMSE;12;4.04.1968;0;12
HURUGUL;12;7.06.1966;0;12
MEHDAP;12;18.02.1978;0;12
MUZAHHAR;12;14.05.1948;2;10
MUTAHIT;12;2.11.1965;12;0
GADER;12;9.01.1975;3;9
NECMITDIN;12;6.10.1956;12;0
HURCIHAN;12;8.02.1963;1;11
BEDRINAZ;12;24.03.1956;0;12
NUKSER;12;5.03.1955;0;12
ZERMIN;12;13.12.1962;0;12
ZEYNALI;12;4.12.1956;10;2
CEZIBE;12;5.01.1961;0;12
IMOC;12;14.06.1948;0;12
BUSENUR;12;28.12.1987;0;12
AVA;12;13.04.1964;0;12
GULEKEN;12;10.07.1960;0;12
FIRDASE;12;12.02.1958;0;12
ELBIYE;12;30.11.1956;0;12
RUMISE;12;13.04.1968;0;12
ZEMIME;12;25.09.1964;0;12
ZUVEYDA;12;30.06.1967;0;12
HUSAMEDTIN;12;5.05.1960;12;0
ZOHRET;12;21.11.1954;0;12
BEYHIYE;12;12.11.1964;0;12
NEJET;12;12.01.1969;10;2
MUCEHIT;12;7.04.1977;12;0
AYCEL;12;19.09.1964;2;10
VENNAZ;12;9.07.1963;0;12
ABDURRAIF;12;23.05.1967;12;0
MUZADIYE;12;19.09.1958;0;12
SEHETTIN;12;8.10.1959;12;0
SELFER;12;1.05.1953;0;12
SERVERE;12;1.03.1939;0;12
BAHTIZAR;12;4.06.1964;0;12
YORGUN;12;10.10.1985;10;2
CENNUR;12;18.03.1973;1;11
RUKSET;12;25.08.1960;1;11
TUGBAN;12;15.07.1977;2;10
EMREDDIN;12;22.09.1972;12;0
CANFIYE;12;6.09.1958;0;12
SAATTIN;12;30.11.1963;12;0
MUTLUGUL;12;25.10.1977;0;12
SIHNAZ;12;30.11.1969;0;12
BEHCAT;12;13.07.1964;12;0
MERZIHAN;12;2.10.1958;0;12
VEZZEHA;12;7.03.1956;0;12
ALKAY;12;17.08.1975;12;0
AHSENE;12;28.04.1960;0;12
NIZAN;12;1.06.1964;7;5
PEZUK;12;26.09.1943;0;12
BELLUR;12;16.08.1971;0;12
MEBRUZE;12;29.03.1963;0;12
KERRAR;12;28.06.1973;12;0
BAYDIN;12;1.02.1961;12;0
TURDU;12;2.04.1938;4;8
DOLBENT;12;25.06.1947;0;12
TOKEZ;12;2.06.1948;0;12
HATUC;12;26.06.1953;0;12
GULHANDE;12;22.05.1972;0;12
NIHAVENT;12;17.03.1966;0;12
HAKTANIR;12;2.11.1971;11;1
ZEKARIYYA;12;21.08.1960;12;0
SEYYIDI;12;7.01.1960;11;1
KEMALLETTIN;12;26.09.1972;12;0
UMMUK;12;16.05.1960;0;12
GULSUMEN;12;25.10.1976;0;12
OSMANI;12;17.05.1961;12;0
MUHRETTIN;12;28.03.1958;12;0
TOMBULA;12;7.06.1953;0;12
RASIMIYE;12;19.11.1965;0;12
MAHSUDIYE;12;10.11.1967;0;12
AKDEN;12;5.05.1970;0;12
ZENNURA;12;11.05.1960;0;12
APO;12;3.03.1952;12;0
SEMIS;12;19.01.1958;2;10
MUFIKA;12;23.07.1946;0;12
IMRANI;12;18.09.1962;7;5
KEMERRUH;12;4.10.1956;0;12
DASBEY;12;19.01.1967;12;0
GIZZEM;12;1.06.1990;0;12
MAKSUM;12;5.02.1963;12;0
ZILFU;12;26.08.1956;1;11
ZALOGLU;12;16.05.1976;12;0
ZULGAYIR;12;28.11.1961;12;0
SUHUBE;12;12.08.1956;0;12
SALADDIN;12;2.12.1958;12;0
LEFIKE;12;19.06.1957;0;12
GURDAN;12;2.12.1963;1;11
AFIC;12;26.02.1963;0;12
ESHER;12;20.04.1958;2;10
HUBEYDA;12;10.04.1981;6;6
MESKUL;12;28.09.1962;1;11
MEVRUKE;12;19.02.1966;0;12
ULKUAY;12;22.07.1970;3;9
ABDULSAMI;12;13.07.1962;12;0
MARION;12;20.03.1958;0;12
SAHZENEM;12;29.09.1956;0;12
NAHYETTIN;12;17.03.1963;12;0
UBEYDA;12;23.09.1976;7;5
AHEN;12;12.01.1963;9;3
NEVASIYE;12;25.05.1960;0;12
HUSNUCAN;12;22.09.1980;10;2
OYMAN;12;5.07.1967;10;2
JOHN;12;23.05.1966;12;0
BERRIYE;12;9.02.1951;0;12
NURNIHAL;12;27.09.1972;0;12
BEDUL;12;13.09.1972;1;11
SEHREGUL;12;16.12.1966;0;12
MEVLANIYE;12;29.09.1969;0;12
KIMIYE;12;3.10.1963;0;12
KEBEHAN;12;2.04.1952;0;12
TIPI;12;30.09.1961;2;10
HARABI;12;18.07.1967;12;0
BINSEL;12;24.02.1965;1;11
MUTAHER;12;6.01.1965;6;6
NUREVSEN;12;2.03.1975;0;12
PIRSEN;12;28.06.1967;0;12
PETRONELA;12;6.06.1975;0;12
SUHRAN;12;25.05.1950;0;12
HAMITTIN;12;16.07.1969;12;0
FEBIHA;12;30.03.1962;0;12
MUAZZIZ;12;1.05.1958;1;11
ZENIRE;12;4.05.1958;0;12
AKINE;12;6.08.1965;0;12
BULLUR;12;18.01.1957;0;12
MESBURE;12;22.08.1961;0;12
GISELA;12;4.02.1952;0;12
ABDULKEREM;12;25.08.1983;12;0
TURGUL;12;2.09.1970;5;7
RAZIHAN;12;25.02.1971;3;9
MAHBEKAR;12;4.12.1951;0;12
GULHATIN;12;24.01.1963;0;12
AJLA;12;22.02.1978;0;12
RUHEN;12;10.02.1968;3;9
MUTLUGUN;12;9.09.1972;4;8
TEMOCIN;12;28.12.1959;12;0
MAHMIHRI;12;7.02.1955;0;12
RENNAN;12;1.06.1957;0;12
A.OSMAN;12;4.03.1949;12;0
HETICE;12;8.04.1970;0;12
HAKIMET;12;11.07.1964;0;12
MAHPEKER;12;12.11.1955;0;12
MESUNE;12;9.03.1957;0;12
SUSEL;12;25.11.1961;0;12
GULAYDA;12;11.10.1976;0;12
BANUGUL;12;22.09.1980;0;12
EFTER;12;29.09.1969;11;1
DILERA;12;20.07.1979;0;12
IHTIYAT;12;4.08.1962;12;0
FIDAL;12;28.06.1977;5;7
MENOS;12;28.03.1959;0;12
EMLIHA;12;14.03.1959;2;10
LILLO;12;17.01.1939;12;0
DERTLI;12;18.01.1958;1;11
TELAL;12;5.10.1964;12;0
FIDI;12;28.10.1941;0;12
ABDULMEVLAN;12;4.09.1981;12;0
HIVIL;12;1.09.1956;12;0
SELAHET;12;20.08.1969;1;11
YAKUDE;12;15.06.1970;0;12
HEYZERAN;12;30.12.1960;0;12
MUHRINAZ;12;8.01.1965;0;12
ZUBEYD;12;10.11.1967;11;1
SUHYETTIN;12;8.02.1969;12;0
FERIBA;12;15.02.1982;0;12
SAISE;12;5.11.1973;0;12
MESKEN;12;13.08.1977;3;9
MANTIKA;12;30.07.1959;0;12
HARI;12;9.03.1948;5;7
DEVALI;12;27.05.1979;12;0
DORI;12;17.03.1955;4;8
HANIMSER;12;16.11.1972;0;12
MOHOBBET;12;6.04.1946;0;12
MISIRI;12;17.03.1958;1;11
MUTEZZIM;12;30.08.1975;0;12
SUFA;12;4.05.1969;5;7
MENICAT;12;16.12.1964;0;12
SUNALP;12;19.08.1985;12;0
UMSUN;12;22.07.1951;0;12
ADINA;12;7.08.1969;1;11
CENIYE;12;27.08.1969;0;12
SAHBEDIN;12;17.10.1973;12;0
GAYBETULLAH;12;12.06.1976;12;0
UMMUT;12;26.01.1978;11;1
MIYYESER;12;14.10.1972;0;12
SOLE;12;8.05.1962;0;12
ABUMUSLIM;12;19.04.1963;12;0
NUSAN;12;12.07.1967;5;7
KIDEM;12;6.06.1982;8;4
SEVKIYET;12;3.09.1967;1;11
CIHANBANI;12;6.02.1962;0;12
APTULAZIZ;12;19.12.1950;12;0
CABIYE;12;20.02.1962;0;12
MEMETSERIF;12;5.12.1951;12;0
GULBACI;12;7.02.1963;0;12
IMIGULSUN;12;2.04.1970;0;12
MUHSINA;12;13.02.1968;0;12
YANER;12;25.12.1982;7;5
MEHMETSABRI;12;9.07.1970;12;0
VESIHAT;12;20.03.1970;0;12
METULLAH;12;10.01.1959;2;10
KIZI;12;17.07.1943;0;12
SEYEHAT;12;25.12.1970;1;11
MULKESIM;12;29.10.1979;0;12
HEPER;12;7.10.1963;11;1
NISTIMAN;12;1.08.1981;1;11
HESINA;12;2.11.1962;0;12
YESRIP;12;15.04.1980;7;5
GAHAR;12;19.02.1964;1;11
ISAHAN;12;2.01.1962;12;0
FERENDE;12;21.09.1947;0;12
HALIKE;12;11.05.1967;0;12
OMURNAZ;12;28.02.1972;0;12
TEFHIDE;12;13.03.1959;0;12
ALIZAR;12;23.02.1958;12;0
NAVER;12;24.08.1966;9;3
GULEMRE;12;2.09.1967;0;12
TURKULER;12;15.01.1986;0;12
EKREMIYE;12;21.10.1959;0;12
MURTEZAN;12;21.11.1958;12;0
MUITTIN;12;30.07.1959;12;0
HOMA;12;6.07.1943;0;12
CAMILA;12;21.03.1940;0;12
VACITTIN;12;18.04.1964;12;0
AYSECIL;12;16.12.1957;0;12
ERIL;12;28.10.1974;10;2
AYFUR;12;1.02.1969;3;9
NICAN;12;6.08.1971;3;9
ASLANPERI;12;26.12.1953;0;12
CURA;12;16.04.1959;11;1
NATIF;12;2.03.1969;11;1
GULERIYE;12;7.12.1963;0;12
MEYRIK;12;5.11.1954;0;12
NISAT;12;24.11.1956;9;3
CIMNAZ;12;28.12.1958;0;12
KUBRIYA;12;15.10.1969;0;12
MUCESSEN;12;30.03.1963;0;12
YASAYAN;12;25.11.1976;3;9
URVIDE;12;5.04.1940;0;12
SEVBEN;12;18.03.1977;4;8
ERBI;12;29.01.1968;2;10
SEMGUL;12;9.09.1971;0;12
TULAL;12;25.08.1962;0;12
MENZUME;12;15.12.1953;0;12
UZMIYE;12;8.04.1966;0;12
CANSAY;12;6.02.1970;9;3
MISLICAN;12;29.11.1958;0;12
NEBAET;12;25.01.1964;0;12
SEBAN;12;29.09.1965;8;4
BELIG;12;20.05.1964;11;1
ZAHTIYE;12;27.03.1958;0;12
MEDAIM;12;23.01.1961;12;0
RUBAHSAH;12;11.02.1975;0;12
DERBAZ;12;13.03.1960;12;0
MUZEYYER;12;19.04.1955;0;12
NURKAT;12;13.05.1967;10;2
GALBIYE;12;26.05.1975;0;12
USNIYE;12;6.06.1964;0;12
MUZAFETTIN;12;20.11.1954;12;0
ELES;12;29.12.1965;11;1
AKIM;12;11.07.1955;11;1
FATEMEH;12;29.03.1964;0;12
GAMSIYE;12;6.03.1962;0;12
SUEYYUP;12;23.09.1968;12;0
SEMIRAH;12;5.05.1962;0;12
MISER;12;30.08.1968;0;12
NEFAHAT;12;15.03.1967;0;12
BIRTEKIN;12;5.12.1971;11;1
PERAL;12;4.07.1975;0;12
FERFUL;12;5.11.1779;1;11
GUNUGUR;12;1.12.1957;6;6
ALME;12;7.10.1955;0;12
LUBEYNE;12;15.05.1981;0;12
SELLALE;12;15.09.1960;0;12
SURYET;12;29.10.1981;0;12
RUFADIYE;12;2.11.1963;0;12
FATMALI;12;5.12.1947;0;12
GULVAR;12;17.01.1960;0;12
MUBIYEN;12;26.01.1972;0;12
ZAMINA;12;2.03.1972;0;12
KIBIRYA;12;13.08.1969;0;12
ARSU;12;5.07.1973;2;10
INCEL;12;5.03.1973;3;9
RAME;12;20.12.1962;0;12
KESI;12;15.03.1957;4;8
MUSEHHIL;12;13.02.1966;0;12
FERUDIN;12;4.07.1964;12;0
APAK;12;18.02.1962;6;6
HILIYA;12;11.04.1960;0;12
MENFIYA;12;21.01.1973;0;12
SEBEL;12;16.12.1973;0;12
GURCUNAZ;12;2.10.1955;0;12
NAHIYETTIN;12;20.05.1961;12;0
HIKIMET;12;24.04.1969;9;3
HIFTAN;12;9.11.1942;0;12
AREP;12;16.05.1955;7;5
VAZFIYE;12;15.12.1965;0;12
NASFIYE;12;9.09.1958;0;12
DAGCAN;12;9.07.1983;10;2
AHIT;12;15.03.1967;10;2
SENATTIN;12;15.07.1971;12;0
IPEKNAZ;12;13.12.1972;0;12
ZILFE;12;1.06.1960;0;12
SAYDIYE;12;1.04.1957;0;12
AYDENUR;12;21.11.1968;0;12
HANIMSA;12;27.01.1973;0;12
SIMER;12;7.11.1977;6;6
HUSRI;12;28.10.1971;8;4
KUDRETULLAH;12;28.05.1965;12;0
SEKRAN;12;12.07.1963;9;3
FIKIRET;12;6.11.1966;10;2
MAHMEHRI;12;17.05.1943;0;12
SAHBETULLAH;12;25.01.1980;12;0
MAZNUN;12;22.11.1969;12;0
M.REFIK;12;15.04.1959;12;0
ABDULVEHHAB;12;17.04.1974;12;0
HEZAKER;12;29.05.1958;0;12
GULENFER;12;6.07.1967;1;11
MAKBARE;12;3.03.1963;0;12
UGRAY;12;3.09.1968;9;3
CULI;12;14.09.1959;9;3
TECIR;12;21.12.1966;12;0
SEMBOL;12;28.09.1968;6;6
OMRUHAN;12;21.08.1977;0;12
ZENO;12;21.01.1952;1;11
KURDIYE;12;19.10.1970;0;12
DARCAN;12;11.04.1976;5;7
ESKAN;12;10.11.1975;10;2
SAFAATTIN;12;4.09.1960;12;0
ESIRAF;12;27.08.1962;11;1
RAHMEN;12;12.11.1965;9;3
SABIYHA;12;18.05.1960;0;12
SUFEYLAN;12;21.09.1962;1;11
DUDUSEN;12;14.12.1965;0;12
ATFET;12;30.07.1944;0;12
HAVVAKADIN;12;13.06.1962;0;12
MASER;12;9.10.1964;10;2
MESUL;12;3.03.1975;10;2
MUSKURE;12;4.04.1955;0;12
ELFINAR;12;21.06.1968;0;12
EMIRKADIN;12;6.03.1952;0;12
ILMAS;12;28.02.1954;2;10
ABBAN;12;24.02.1959;12;0
GULANE;12;8.07.1953;0;12
BEHDIYE;12;25.06.1961;0;12
NUHFEL;12;23.05.1961;12;0
GAVHAR;12;15.07.1958;0;12
UREYZE;12;12.05.1945;0;12
MUZEYYEM;12;26.02.1963;0;12
EPURUZ;12;7.01.1955;0;12
BOLUBEY;12;12.08.1968;12;0
NECIF;12;24.01.1970;12;0
ZEZEY;12;14.08.1959;0;12
AVNULLAH;12;9.05.1959;12;0
AYVAR;12;9.02.1975;7;5
SACILE;12;9.04.1973;0;12
FETALI;12;27.12.1956;12;0
FARIZET;12;28.06.1959;0;12
TOMAY;12;29.08.1971;9;3
GURDAG;12;3.11.1965;11;1
NAHIDA;12;2.12.1962;0;12
TEKMEZ;12;6.04.1959;12;0
NADET;12;3.09.1966;2;10
GULFIZA;12;5.11.1970;0;12
MUSTABA;12;8.02.1968;12;0
AFAK;12;16.02.1975;7;5
MENGUHAN;12;4.04.1971;7;5
PEYKAR;12;26.09.1960;0;12
ERCIL;12;21.07.1976;9;3
SUSA;12;23.02.1949;0;12
HENDEM;12;18.07.1959;0;12
NARMINA;12;12.07.1967;0;12
NAZILLI;12;10.01.1957;2;10
CEMAZEL;12;26.04.1959;6;6
SEVKATI;12;29.05.1961;10;2
MUKDEDIR;12;11.06.1971;12;0
ZIYAETDIN;12;14.09.1961;12;0
EMRALI;12;6.05.1965;12;0
MUNESER;12;26.02.1960;0;12
ZILFAR;12;26.03.1962;11;1
IMIR;12;16.05.1955;7;5
ISMAHIL;12;21.08.1965;12;0
ABIDIYE;12;7.05.1960;0;12
BASARI;12;9.12.1978;10;2
MEYIBE;12;11.03.1963;0;12
GUNIS;12;10.03.1963;0;12
TOHFE;12;22.10.1950;0;12
TURHANIYE;12;19.06.1959;0;12
ASIE;12;12.09.1969;0;12
SEVERIYE;12;5.07.1957;0;12
ERTOK;12;14.07.1960;12;0
RENK;12;24.02.1981;0;12
INTIFAT;12;8.07.1957;0;12
MUBERAH;12;6.03.1959;0;12
SUBIHA;12;10.10.1952;0;12
MERSULE;12;10.01.1958;0;12
NILSER;12;14.12.1972;0;12
GULENSER;12;27.02.1962;0;12
TEYYUBE;12;13.07.1957;0;12
NURDESEN;12;10.05.1970;1;11
URGUN;12;6.12.1960;5;7
MUCEHHEZ;12;7.10.1959;1;11
NUVE;12;13.01.1977;1;11
NURUFER;12;26.11.1960;0;12
SEBLEM;12;15.12.1976;0;12
FERDANA;12;12.05.1968;0;12
ABDULLAZIZ;12;7.08.1974;12;0
ILBARS;12;30.2.1976;11;1
REFIZE;12;25.03.1954;0;12
EMINHAN;12;11.11.1971;9;3
AKAT;12;5.01.1959;10;2
AYCAGUL;12;18.01.1985;0;12
TUHFETULLAH;12;20.05.1970;0;12
BERNIS;12;29.05.1975;0;12
EKINSU;12;3.03.1990;3;9
HATUNEY;12;28.07.1938;0;12
BERKOK;12;1.01.1975;12;0
GAMZA;12;9.07.1982;0;12
SUKUN;12;27.01.1965;1;11
HACIKAYA;12;5.04.1962;12;0
ALLADDIN;12;23.04.1975;12;0
SERHAS;12;22.11.1973;12;0
SAHIDI;12;10.06.1956;11;1
EVEYIK;12;17.11.1957;0;12
BERKOL;12;10.08.1970;12;0
MUSTAFAKEMAL;12;6.06.1971;12;0
SIHEY;12;20.11.1953;12;0
ONCAL;12;2.02.1974;10;2
HALDAN;12;18.01.1972;3;9
VESIA;12;3.03.1963;0;12
GUZEYIN;12;16.12.1961;1;11
RUHSARE;12;19.09.1962;0;12
SAHSEL;12;30.12.1967;1;11
ORFU;12;28.10.1963;12;0
GUNNARI;12;6.08.1962;0;12
BABUS;12;20.12.1962;12;0
DEPREM;12;5.01.1974;8;4
OSAN;12;23.07.1964;7;5
NESUDE;12;15.11.1961;0;12
HALDEN;12;13.10.1972;4;8
BAYINDIR;12;6.06.1967;12;0
BETULLAH;12;21.02.1974;12;0
USTAT;12;22.09.1965;12;0
TELEHE;12;26.09.1956;0;12
MUCEYDE;12;1.10.1970;0;12
IMUS;12;14.02.1945;0;12
FIRDEVSIYE;12;10.06.1957;0;12
ODEK;12;15.02.1969;11;1
MARIYET;12;8.04.1964;0;12
MEMLUKE;12;22.07.1971;0;12
TAYRE;12;29.01.1963;0;12
SALHADDIN;12;19.12.1958;12;0
RIFAYI;12;14.06.1974;12;0
EKINCAN;12;23.02.1990;12;0
ORSEV;12;10.03.1973;1;11
SERLIN;12;27.09.1983;0;12
BAHEDDIN;12;15.08.1954;12;0
UGURSEL;12;13.09.1976;4;8
DILYAR;12;15.03.1969;4;8
MUKEDDER;12;5.03.1971;1;11
OZDAG;12;5.09.1976;10;2
SIVRAN;12;28.05.1972;2;10
SAHSAT;12;29.11.1955;12;0
BABI;12;3.07.1963;11;1
EJDERHAN;12;2.10.1971;11;1
NULGUL;12;20.02.1971;0;12
AYDINAY;12;30.03.1967;7;5
TENURE;12;11.12.1954;0;12
KADIHAN;12;16.08.1964;1;11
MUKRU;12;12.07.1963;12;0
VAYBE;12;21.09.1964;0;12
HAMIDAN;12;9.03.1963;6;6
GIRIYE;12;4.09.1964;0;12
ASATMA;12;18.03.1952;0;12
ARSELI;12;15.04.1977;0;12
FARZEY;12;9.09.1966;0;12
HANNEN;12;14.06.1968;10;2
ISLIMHAN;12;7.04.1969;0;12
SIME;12;9.09.1959;0;12
JUDITH;12;21.01.1958;0;12
ABDULVEDAT;12;7.10.1968;12;0
NECARIYE;12;18.06.1954;0;12
JEYAN;12;5.06.1968;1;11
MULHEM;12;6.03.1974;5;7
AZITTIN;12;15.10.1970;12;0
AKSANA;12;17.02.1976;0;12
INGE;12;25.04.1952;0;12
ZELLE;12;17.09.1961;0;12
MESRURA;12;23.05.1962;0;12
DURUBE;12;4.01.1964;0;12
IZEM;12;9.04.1988;0;12
URFANE;12;28.12.1957;3;9
SEYHMAL;12;14.01.1959;0;12
TOMBAK;12;3.05.1952;0;12
OKTAV;12;20.11.1958;12;0
UZADIYE;12;25.03.1959;0;12
MUHBIRE;12;10.05.1945;0;12
RUZAN;12;5.01.1962;0;12
TILAY;12;20.10.1971;0;12
SAYZER;12;23.07.1970;0;12
BIANCA;12;25.03.1973;0;12
AKTAY;12;25.03.1956;12;0
NEVRUDE;12;20.06.1946;0;12
DAYLAK;12;14.07.1954;0;12
ZARFE;12;6.07.1961;0;12
ULFETE;12;18.07.1946;0;12
ARUSA;12;24.10.1961;0;12
GURPINAR;12;2.12.1968;5;7
NURTEMIZ;12;22.10.1971;0;12
LUIS;12;20.05.1959;3;9
NES;12;20.03.1959;2;10
MUKERREF;12;16.03.1964;2;10
ZULKARIYE;12;17.07.1961;1;11
REHCE;12;9.03.1949;0;12
PEMBI;12;9.03.1964;0;12
LATAFET;12;11.11.1954;0;12
YUSRU;12;25.08.1971;12;0
OSMANCAN;12;16.04.1987;12;0
SAYZE;12;5.02.1969;0;12
SUFEYDA;12;30.01.1974;0;12
BETIN;12;24.09.1957;2;10
CANIK;12;10.09.1959;8;4
VURAN;12;7.02.1966;10;2
KILICHAN;12;12.02.1980;12;0
NIHANGUL;12;16.08.1971;0;12
ALSAN;12;8.05.1971;12;0
ARMANC;12;5.05.1988;10;2
TILSIM;12;4.02.1981;1;11
M.REMZI;12;1.10.1948;12;0
MARINELA;12;5.06.1971;0;12
FERIHAL;12;8.04.1961;0;12
SAHNIK;12;30.09.1950;0;12
MIRDAS;12;29.04.1963;12;0
AYDINAR;12;29.04.1965;0;12
NADEZHDA;12;3.09.1971;0;12
JACQUELINE;12;30.12.1957;0;12
SEVINER;12;28.09.1970;3;9
CISER;12;10.06.1981;0;12
DOLUN;12;14.08.1963;9;3
KEBIRAN;12;26.06.1969;0;12
SUNTER;12;9.03.1953;2;10
DEHEN;12;13.04.1973;0;12
SELMAH;12;9.08.1966;0;12
ZIYNIS;12;2.02.1954;0;12
TESFIYE;12;20.08.1959;0;12
BAIRE;12;17.08.1953;0;12
GULCA;12;26.08.1974;0;12
VECIA;12;29.05.1958;0;12
BINNAZE;12;28.03.1948;0;12
GULBARIYE;12;21.08.1963;0;12
METINCAN;12;24.04.1986;12;0
MAHVER;12;8.12.1955;2;10
PAOLA;12;30.03.1967;0;12
HISAMITTIN;12;9.07.1951;12;0
MEHSER;12;5.06.1973;8;4
RUMAN;11;2.09.1966;7;4
NISEY;11;13.05.1944;0;11
FET;11;6.07.1958;11;0
NURLANA;11;20.04.1973;0;11
ERGUVAN;11;9.09.1966;1;10
SERDAGUL;11;23.12.1978;0;11
SITRET;11;22.01.1954;0;11
MUSERET;11;17.06.1967;0;11
RASHAN;11;16.04.1977;0;11
FATIMEYI;11;23.02.1964;0;11
SELAHE;11;6.06.1953;0;11
KEJEY;11;21.08.1952;0;11
HAKHAN;11;10.02.1977;11;0
ZIFA;11;16.10.1944;0;11
SUPI;11;10.08.1966;11;0
TURABIYE;11;6.11.1965;2;9
FERUDE;11;15.02.1959;0;11
MUZAHIM;11;25.03.1962;6;5
MEDAHAT;11;20.03.1955;0;11
HONKAR;11;17.01.1962;6;5
SEYDAL;11;14.08.1973;9;2
ZULCIHAN;11;6.02.1975;0;11
SURBUYE;11;11.09.1964;0;11
GULBETUL;11;22.06.1976;0;11
NEBRIYE;11;15.06.1972;0;11
HALIF;11;11.12.1964;9;2
OLCAYTU;11;13.12.1980;11;0
SABATDIN;11;29.08.1966;11;0
NILKAN;11;18.06.1983;1;10
HAYDO;11;29.11.1943;11;0
ARAKS;11;13.09.1962;2;9
ALICENGIZ;11;22.03.1963;11;0
SABIYET;11;17.09.1965;0;11
OLGER;11;14.03.1953;1;10
EYLEME;11;7.09.1984;0;11
RAGIYE;11;9.04.1964;0;11
NARSIDE;11;27.12.1957;0;11
NAVRUZE;11;7.04.1958;0;11
SEBAL;11;16.10.1964;0;11
MINAL;11;20.01.1972;3;8
TUNAYDIN;11;14.10.1955;5;6
MATLEN;11;27.12.1964;0;11
AHMETI;11;21.04.1964;11;0
BIR;11;16.10.1973;4;7
KOYUN;11;14.07.1937;1;10
DILAHAN;11;22.12.1986;0;11
BILSEREN;11;23.12.1968;0;11
IRCAN;11;3.08.1969;6;5
KAZAL;11;21.02.1953;1;10
HOREY;11;25.05.1948;0;11
ZIDIYE;11;14.04.1961;0;11
YAR;11;26.06.1959;9;2
BELIHA;11;18.12.1958;0;11
PERIZ;11;14.09.1963;0;11
ABDULRAGIP;11;11.10.1978;11;0
YETMEZ;11;12.07.1970;1;10
RUGES;11;2.02.1986;0;11
ZEKRIYE;11;18.10.1960;0;11
CAYDA;11;25.02.1974;0;11
GAYSA;11;3.07.1973;0;11
SEVLE;11;23.08.1964;0;11
FILDES;11;4.03.1978;0;11
VACIHA;11;25.06.1959;0;11
TONGUL;11;3.08.1976;0;11
HAYDAN;11;15.08.1974;0;11
ELISAN;11;9.12.1979;2;9
DAHAN;11;17.09.1967;11;0
SEFIE;11;12.07.1967;0;11
MULHUM;11;22.08.1968;11;0
NESLIME;11;20.11.1967;0;11
HEVIK;11;25.05.1941;0;11
SUHELYA;11;14.02.1979;0;11
GELSUN;11;6.08.1976;0;11
TIRKO;11;6.04.1954;2;9
NICMA;11;24.05.1959;0;11
ASME;11;3.03.1950;0;11
ABDUNASIR;11;30.11.1971;11;0
RAHFET;11;19.12.1971;11;0
TEKYEDIN;11;25.04.1976;11;0
DAVI;11;9.11.1953;11;0
HAKIMA;11;22.08.1965;0;11
ATIYYA;11;1.03.1954;0;11
FELEDUN;11;17.01.1973;11;0
SONDAL;11;16.02.1977;2;9
TEREZ;11;11.07.1953;0;11
SILYA;11;23.08.1975;0;11
ZIN;11;22.05.1973;0;11
NOMA;11;1.02.1968;0;11
HUTO;11;23.02.1953;1;10
FAMILA;11;3.02.1972;0;11
BASRAYI;11;24.02.1951;0;11
LAILA;11;6.08.1978;0;11
RUVAYDE;11;8.10.1970;0;11
DAVRAN;11;1.03.1979;9;2
NISAL;11;26.04.1961;0;11
DILFURUS;11;27.02.1972;0;11
IPTISEM;11;8.03.1975;0;11
TURKE;11;15.01.1952;1;10
GALIBA;11;14.12.1966;0;11
SIDO;11;15.11.1948;5;6
CEHIT;11;5.10.1966;11;0
LUTFIYYE;11;20.02.1963;0;11
GULSELAM;11;22.08.1964;0;11
YESAR;11;29.03.1960;6;5
HEZZI;11;19.01.1967;0;11
SILAH;11;6.06.1962;11;0
SEHRIMEN;11;30.05.1959;0;11
GULNEVIM;11;29.08.1961;0;11
MEHTEP;11;29.01.1981;0;11
METO;11;1.05.1951;10;1
KITTI;11;8.01.1945;0;11
ABDULNEBI;11;25.02.1971;11;0
SEVKIYA;11;23.08.1969;0;11
GOZELI;11;6.06.1969;0;11
BRUSK;11;29.09.1980;11;0
SEBIB;11;26.03.1962;9;2
BAHMAN;11;28.01.1968;11;0
MULKINAS;11;16.06.1968;0;11
TOZO;11;4.11.1948;9;2
GEYDA;11;7.10.1976;0;11
VETHE;11;28.01.1956;0;11
ESTEL;11;14.04.1978;0;11
BARSOM;11;24.10.1948;11;0
ESMERE;11;14.06.1969;0;11
ANTO;11;29.09.1949;10;1
ZENDIN;11;7.09.1972;11;0
SILVE;11;5.07.1970;0;11
SEMIREN;11;5.05.1962;0;11
LAMYE;11;7.04.1956;0;11
MEZBAH;11;14.07.1978;11;0
HAYLETE;11;14.05.1967;0;11
SEYZA;11;30.06.1973;1;10
MELIZA;11;15.05.1980;0;11
ILYAN;11;10.01.1964;5;6
HATTI;11;2.05.1953;2;9
KULIK;11;5.11.1963;3;8
SHIRLEY;11;3.08.1955;0;11
BIZARI;11;6.04.1963;0;11
RANDA;11;10.10.1976;0;11
HUNEYNE;11;28.06.1971;0;11
SARGON;11;4.04.1979;11;0
EYMAN;11;21.09.1976;4;7
KUME;11;30.03.1932;0;11
EYATULLAH;11;14.08.1985;11;0
NECIRVAN;11;30.07.1989;11;0
TUGBEY;11;20.12.1981;11;0
NURUSSABAH;11;27.04.1960;0;11
GULCINE;11;8.04.1957;0;11
KESIR;11;3.10.1960;10;1
BABEKIR;11;27.12.1953;11;0
KURSUN;11;2.01.1955;9;2
SARIN;11;8.05.1968;1;10
TECRUBE;11;4.02.1960;0;11
NEVILA;11;14.09.1968;0;11
TEKYEDDIN;11;26.10.1970;11;0
KAVA;11;15.07.1982;11;0
FERHAY;11;24.05.1975;3;8
KEVOK;11;11.10.1963;0;11
SUMEYRAN;11;8.12.1979;0;11
LUKUS;11;4.09.1970;0;11
MIRZAN;11;18.05.1961;10;1
MUVAFAK;11;11.06.1967;11;0
BUSAR;11;11.04.1960;11;0
NEZAM;11;27.03.1964;11;0
MEHMETNUR;11;14.06.1977;11;0
CELEBIYE;11;28.07.1949;0;11
BEHYETTIN;11;2.01.1978;11;0
ROZELIN;11;19.11.1984;0;11
ZINUR;11;15.11.1965;7;4
SELEMET;11;26.11.1977;0;11
KIRMIZ;11;28.08.1950;0;11
REMIME;11;27.06.1966;0;11
EDISON;11;20.10.1978;10;1
NASIBET;11;16.01.1973;3;8
ERDIVAN;11;16.12.1959;11;0
HEYHET;11;9.01.1979;0;11
SIYAMEND;11;18.08.1986;11;0
ZULFEN;11;10.02.1967;0;11
MUNICE;11;4.05.1973;0;11
DIMA;11;12.11.1980;1;10
HAJAR;11;13.07.1969;4;7
BAHZET;11;1.09.1969;11;0
ERZUMAN;11;23.10.1962;9;2
MIRNA;11;7.04.1978;0;11
MAYKIL;11;6.10.1982;11;0
RAHIMI;11;19.11.1953;6;5
MEDE;11;12.02.1948;0;11
FARAT;11;27.12.1973;11;0
UZEYLA;11;22.09.1984;0;11
CELILI;11;26.01.1958;1;10
IZIDDIN;11;11.05.1961;11;0
IMZAL;11;15.02.1966;2;9
NADIBE;11;6.10.1963;0;11
BILGIZAR;11;13.12.1969;0;11
GULFERIN;11;5.12.1962;0;11
NUSURAT;11;25.01.1962;11;0
LUTFAN;11;21.03.1964;5;6
MIHNET;11;13.11.1957;0;11
NIKTAR;11;13.07.1950;0;11
YENIYIL;11;1.08.1974;3;8
HUVEL;11;18.06.1978;3;8
SUELLA;11;14.11.1960;0;11
FERMUZ;11;12.07.1962;9;2
SAGRE;11;11.01.1977;0;11
BECIHA;11;2.02.1958;0;11
SORAL;11;25.01.1971;7;4
HIKMETI;11;12.05.1948;1;10
ALFE;11;25.07.1957;0;11
UNUFER;11;24.11.1970;0;11
AKSAY;11;20.09.1978;7;4
M.NIHAT;11;10.07.1948;11;0
SUENDAM;11;23.12.1971;0;11
ISMIAZEM;11;22.08.1975;8;3
MUSAMETDIN;11;9.10.1960;11;0
ISMIYAN;11;20.01.1960;0;11
HILALNUR;11;8.09.1987;0;11
FERU;11;11.01.1940;9;2
MUTEHHER;11;7.07.1954;1;10
TONYUKUK;11;30.12.1975;11;0
CENNETHAN;11;16.01.1959;0;11
KURDI;11;27.07.1949;9;2
AHMER;11;17.08.1967;6;5
RAKILE;11;19.03.1958;0;11
NECADIN;11;26.04.1957;11;0
LADIFER;11;18.06.1962;0;11
MAMIRIYE;11;22.03.1962;0;11
MUSTAFACAN;11;23.10.1986;11;0
BERZAT;11;28.10.1961;10;1
ISFIHAN;11;22.06.1964;1;10
GULAT;11;28.04.1973;4;7
SALAMI;11;21.03.1967;11;0
MENZADE;11;30.04.1954;0;11
HACCANA;11;3.10.1966;0;11
SEFITTIN;11;25.01.1949;11;0
ZENIHA;11;6.01.1965;0;11
EZGINUR;11;17.08.1990;0;11
MEMUK;11;24.01.1954;10;1
MEDINIYE;11;2.12.1969;0;11
MENESE;11;16.03.1961;0;11
MINEFER;11;16.12.1965;0;11
SONVER;11;23.11.1976;4;7
SELATI;11;24.03.1963;11;0
SEMRANUR;11;27.07.1976;0;11
HUSNUSAN;11;30.04.1961;0;11
SEBAIDDIN;11;8.01.1958;11;0
NALI;11;19.12.1960;1;10
GOKDAG;11;23.04.1983;11;0
MAVINUR;11;19.03.1968;0;11
TUNZALE;11;20.02.1972;0;11
NEZAKIYE;11;10.07.1963;0;11
KALBIN;11;9.08.1985;9;2
FERAIL;11;23.02.1959;2;9
SUNGER;11;11.06.1966;1;10
TUNUL;11;19.07.1961;0;11
NAZLU;11;26.10.1950;3;8
MUSVIKA;11;23.07.1954;0;11
ERNIS;11;8.11.1972;4;7
SEDAAT;11;7.11.1964;6;5
SAHBEY;11;30.04.1961;9;2
SELTAN;11;28.06.1974;6;5
HAKKICAN;11;25.07.1986;11;0
VARTUYI;11;27.01.1963;0;11
KADERIYE;11;25.07.1968;0;11
TALUT;11;20.04.1975;11;0
HEYACAN;11;1.03.1964;3;8
AYGOL;11;9.11.1970;0;11
MUSEPBIYE;11;28.04.1954;0;11
MERIYAM;11;5.07.1974;0;11
MUCKAN;11;15.04.1955;0;11
MUCEVFER;11;25.03.1959;0;11
BEYTINUR;11;24.10.1977;1;10
MUSIBE;11;7.01.1951;0;11
NUVEYRA;11;18.03.1952;0;11
MAHMUTCAN;11;8.04.1986;11;0
NURVEN;11;19.06.1972;0;11
GARBIZ;11;13.04.1951;11;0
DUYAR;11;19.12.1967;6;5
MELIKCAN;11;28.04.1987;11;0
KURMAY;11;25.05.1976;11;0
DALCA;11;20.11.1974;2;9
CAGLANUR;11;15.07.1990;0;11
NARGIZA;11;14.06.1973;0;11
NACIBEY;11;7.12.1951;11;0
OZCIHAN;11;21.08.1964;4;7
KADEMALI;11;11.12.1962;11;0
NEVCIYE;11;21.01.1964;0;11
UMMIYAN;11;2.12.1957;0;11
FAME;11;30.03.1944;0;11
RUHEYDE;11;6.05.1962;0;11
NURAYLA;11;19.07.1967;0;11
YETISAN;11;23.04.1972;11;0
SERVIM;11;26.11.1962;1;10
SEZANE;11;27.09.1964;0;11
RESUHI;11;10.05.1953;11;0
DOLAY;11;3.05.1979;5;6
FEIZ;11;10.12.1957;11;0
FUNDUKA;11;27.10.1945;0;11
HANIMSE;11;11.12.1953;0;11
HEMSARE;11;25.04.1960;0;11
SEDAIL;11;12.12.1962;11;0
HURMAN;11;8.01.1964;4;7
TUZE;11;15.10.1973;1;10
ILMIHAL;11;24.07.1969;4;7
SEVCIN;11;22.03.1961;2;9
MURADDIN;11;22.06.1959;11;0
EBRA;11;27.10.1983;0;11
IKSEN;11;16.04.1969;1;10
BIRIN;11;5.03.1964;1;10
ULUVE;11;30.08.1951;0;11
SEFAKET;11;1.09.1959;0;11
AZIZALI;11;8.07.1972;11;0
ABDULAHMET;11;4.12.1972;11;0
KEMALET;11;4.08.1958;3;8
VURALHAN;11;27.12.1987;11;0
ARZIMAN;11;21.01.1959;3;8
FILDANE;11;11.09.1962;0;11
REBAHAT;11;5.12.1967;1;10
MIRIMAN;11;11.02.1954;0;11
HILMAN;11;23.01.1964;3;8
ALOSMAN;11;20.02.1964;11;0
NURDET;11;10.02.1959;5;6
UFDADE;11;26.01.1965;2;9
YENEN;11;21.02.1961;9;2
SERNISAN;11;27.09.1963;0;11
NUHHAN;11;25.08.1978;10;1
OZNURAY;11;24.03.1974;0;11
DOLU;11;6.07.1969;10;1
MAIYE;11;24.09.1955;0;11
UMET;11;8.04.1962;9;2
BEHRIBAN;11;2.09.1969;0;11
ELMINAZ;11;10.05.1952;0;11
SADIC;11;17.10.1964;11;0
YURDASER;11;17.01.1965;1;10
FERHAL;11;16.04.1970;2;9
LILIAN;11;26.05.1956;0;11
AYSEHATUN;11;16.02.1967;0;11
LOLA;11;25.01.1971;0;11
TANSI;11;28.10.1956;5;6
GOZDECAN;11;8.09.1988;0;11
ZINIFER;11;9.08.1952;0;11
SAFINEZ;11;24.02.1963;0;11
IBAL;11;28.01.1968;11;0
GURCEN;11;3.03.1957;4;7
SEKERLI;11;23.03.1953;0;11
ERTAM;11;13.09.1964;11;0
FEDEKAR;11;17.10.1974;8;3
NEYDA;11;29.06.1974;0;11
PERVIZE;11;2.06.1955;0;11
DURHANE;11;14.11.1961;0;11
ZAIKA;11;30.08.1955;0;11
MUAFIYE;11;6.08.1949;0;11
SEVDIK;11;12.04.1961;7;4
HEMIRAN;11;8.07.1956;0;11
MAHIBER;11;12.01.1947;0;11
AYNET;11;1.05.1962;1;10
TUANA;11;20.09.1986;0;11
ZELGUZEL;11;6.02.1950;0;11
SEVDEGER;11;23.11.1967;0;11
ZEYNEPNUR;11;20.10.1987;0;11
NEZIRAN;11;13.12.1956;1;10
SEMRAHA;11;13.04.1965;0;11
MAHIRCAN;11;6.02.1987;11;0
ASUN;11;5.10.1971;3;8
AYCEM;11;14.05.1982;2;9
GULHAY;11;4.04.1969;0;11
MUZEYYET;11;14.02.1951;0;11
GULFAHRIYE;11;13.08.1958;0;11
SENGULAY;11;28.01.1978;0;11
NURBANI;11;22.10.1971;0;11
ACIYE;11;28.01.1951;1;10
SELINAZ;11;13.11.1962;0;11
TEKI;11;8.06.1946;10;1
KORTAY;11;28.07.1984;11;0
GULHAL;11;30.04.1965;3;8
KADDER;11;3.10.1961;1;10
TUSI;11;5.05.1943;0;11
CANBURAK;11;27.05.1985;11;0
KEBIRIYE;11;23.11.1968;0;11
ATASEVEN;11;8.11.1958;11;0
YONET;11;22.08.1972;10;1
RABIKA;11;29.07.1962;0;11
MELEKET;11;8.12.1963;0;11
CENUP;11;28.07.1964;11;0
VENNAS;11;29.08.1974;1;10
FIRTES;11;5.09.1960;0;11
DURIYYE;11;17.04.1960;0;11
NERMIS;11;21.02.1961;1;10
URGUPLU;11;17.06.1970;11;0
AGAGUL;11;21.02.1970;1;10
RAGAYIP;11;30.01.1974;8;3
MIRAYET;11;14.08.1959;1;10
GUNLER;11;29.2.1961;2;9
OSMANPASA;11;11.05.1971;11;0
SEMRI;11;9.08.1960;2;9
HUNGAR;11;16.09.1955;1;10
AZVIYE;11;8.12.1955;0;11
LIGER;11;2.04.1962;0;11
SECGIL;11;7.05.1976;3;8
SAHIDET;11;14.05.1945;0;11
SUKRUN;11;3.11.1976;0;11
YASADI;11;21.06.1973;1;10
KASSIM;11;3.02.1970;11;0
MAZLIM;11;28.10.1973;8;3
NIHAYETTIN;11;28.3.1785;11;0
HAYSER;11;27.12.1954;1;10
SIMAYE;11;13.12.1966;0;11
YELKAN;11;15.04.1976;11;0
HURISAR;11;16.12.1950;0;11
YENIZ;11;3.08.1980;3;8
OMURGUL;11;19.08.1975;0;11
NEFSAL;11;29.12.1959;1;10
SENTEKIN;11;5.10.1963;10;1
ASLIYAN;11;16.01.1956;0;11
USLAT;11;30.01.1964;1;10
NEBUSE;11;4.12.1970;0;11
HATIB;11;28.07.1971;11;0
TOLON;11;16.09.1955;8;3
HAKIK;11;28.01.1956;2;9
DEVLETEN;11;27.07.1958;0;11
KETEYUN;11;22.11.1955;0;11
BUBER;11;3.07.1944;0;11
SEFAYDIN;11;24.09.1971;2;9
SAHBET;11;26.08.1966;5;6
AGCABEY;11;14.09.1956;11;0
MESTANE;11;2.10.1955;2;9
GULBABA;11;13.12.1973;11;0
MINTIHAN;11;6.03.1962;0;11
SURHAY;11;7.09.1966;11;0
ELVANI;11;4.11.1960;3;8
ZENCE;11;16.02.1961;0;11
SEHNA;11;9.07.1973;0;11
ULUSAN;11;13.05.1970;10;1
NARGULU;11;20.01.1966;0;11
YOLCAN;11;17.03.1975;1;10
BURLA;11;11.12.1978;0;11
KABAHAN;11;15.04.1949;0;11
SERRAF;11;20.07.1971;2;9
URGIYA;11;25.01.1955;0;11
TUGSAT;11;16.01.1977;11;0
ANSAGUL;11;27.02.1971;0;11
SECA;11;18.06.1972;3;8
BISMIL;11;11.01.1971;7;4
ESENUR;11;5.06.1980;0;11
BIYAN;11;23.04.1962;3;8
SAHIDIYE;11;5.03.1957;0;11
NIHAYI;11;28.03.1972;11;0
NAZIRYE;11;24.01.1964;0;11
GULFUZE;11;30.06.1961;0;11
NEMIR;11;20.11.1965;7;4
MENEKSEGUL;11;24.03.1975;0;11
SAIL;11;8.06.1966;10;1
GULMINET;11;25.05.1973;0;11
BIRHANIM;11;9.09.1963;0;11
MOHRALI;11;12.08.1965;11;0
GORHAN;11;26.06.1976;10;1
AGDEM;11;21.12.1968;11;0
SEMAVET;11;3.11.1960;1;10
URHUYA;11;26.01.1961;0;11
IMMUGULSUM;11;16.01.1962;0;11
DAGGUL;11;17.06.1978;0;11
KUMRUYA;11;8.12.1963;0;11
SAHAL;11;19.11.1949;1;10
GULAYNUR;11;18.10.1973;0;11
BALIYE;11;29.09.1952;0;11
PATIS;11;18.10.1957;1;10
BIRSEREN;11;24.10.1972;0;11
SEHLEN;11;30.10.1961;11;0
NURCEL;11;6.10.1967;3;8
ZINHAR;11;18.06.1955;6;5
SAZMIYE;11;13.08.1951;0;11
BESSAT;11;17.07.1969;11;0
NEBBE;11;14.12.1951;0;11
ZULKAYIR;11;29.08.1959;11;0
SERBULEND;11;6.10.1973;10;1
USEYIN;11;5.08.1967;11;0
HAMZETTIN;11;16.07.1958;11;0
ILLAZ;11;18.02.1965;11;0
ZEMME;11;24.01.1963;0;11
ILKA;11;21.04.1964;2;9
MUZEYYENE;11;26.09.1936;0;11
CEMI;11;21.07.1964;6;5
GOGSEN;11;8.11.1961;5;6
SATRETTIN;11;9.02.1960;11;0
MUSIYE;11;1.10.1960;0;11
DARIYE;11;13.05.1953;0;11
BILCIHAN;11;7.04.1974;1;10
YUNUSHAN;11;8.12.1986;11;0
MULKEN;11;28.08.1966;0;11
PAKINAZ;11;30.11.1958;0;11
ULCAZ;11;1.11.1959;0;11
VECNI;11;12.11.1963;11;0
MUVETTET;11;9.02.1970;0;11
SENGIL;11;20.12.1957;0;11
SERRAH;11;11.01.1979;0;11
NURCIL;11;16.12.1975;0;11
HURDEM;11;18.06.1973;10;1
MESRIYE;11;12.05.1951;0;11
GULFIGAN;11;11.03.1959;0;11
SAZETTIN;11;6.05.1967;11;0
BELFIN;11;23.03.1985;0;11
GULSIKAR;11;18.11.1959;0;11
FADINE;11;4.01.1965;0;11
GURBUN;11;29.11.1962;0;11
BERCIZ;11;30.10.1961;0;11
SEFERCAN;11;17.01.1986;10;1
KARAHASAN;11;22.03.1957;11;0
NAZIGAR;11;5.10.1956;0;11
RUZEN;11;1.12.1968;1;10
TATSIANA;11;20.10.1973;0;11
FESAHAT;11;28.06.1956;0;11
GULCI;11;13.04.1958;0;11
ISPINAZ;11;26.03.1958;0;11
AYDINE;11;14.01.1960;0;11
MUHRI;11;10.08.1973;8;3
KELAM;11;3.01.1969;10;1
SUKEYNE;11;12.03.1972;0;11
TEYRAN;11;14.10.1962;1;10
SALIHZEKI;11;3.09.1956;11;0
SONCA;11;12.11.1979;1;10
HAMIRAN;11;5.01.1953;1;10
BEMBE;11;3.01.1963;0;11
MINFER;11;22.01.1969;0;11
VIOLETTA;11;18.03.1974;0;11
MUTAHHERE;11;9.01.1953;0;11
MURFIT;11;11.12.1964;11;0
BEHRICAN;11;6.05.1972;0;11
BINTUG;11;26.12.1973;11;0
BELMIN;11;9.10.1969;0;11
EFEHAN;11;19.04.1987;11;0
UFKAN;11;24.12.1975;9;2
SARENUR;11;13.01.1985;0;11
MITHATCAN;11;23.01.1990;11;0
SIMYA;11;30.09.1976;0;11
INTIZAM;11;13.03.1969;10;1
FAHRINUR;11;2.05.1958;0;11
ENSAL;11;20.11.1971;6;5
ILGIZ;11;27.02.1977;3;8
SAMICAN;11;28.02.1986;11;0
SEZENAY;11;2.03.1987;0;11
CETINAY;11;10.03.1964;8;3
HEZEL;11;10.02.1973;2;9
MUZUR;11;21.08.1954;11;0
KALMAM;11;17.05.1958;11;0
GULTEZ;11;2.10.1967;0;11
SERAYE;11;18.06.1967;0;11
ZEDIYE;11;13.07.1960;0;11
RUFEYDA;11;21.08.1981;0;11
SAZAI;11;14.05.1963;11;0
YEMINE;11;3.03.1962;0;11
SAFYEDDIN;11;16.02.1967;11;0
EZIMA;11;30.09.1961;0;11
SANIYECAN;11;30.12.1970;0;11
BUKI;11;27.01.1965;0;11
RIZGIN;11;8.06.1966;11;0
SEDDIKA;11;12.11.1957;0;11
IREC;11;12.08.1980;11;0
SEHMIYE;11;25.08.1955;0;11
HESET;11;26.08.1963;11;0
KARENI;11;10.05.1958;10;1
SEHMAN;11;4.08.1961;5;6
SIREM;11;26.07.1983;0;11
HANTEMIR;11;22.01.1967;11;0
SAREFETTIN;11;30.10.1963;11;0
ETLEZ;11;12.11.1968;0;11
AZAP;11;28.02.1970;9;2
KUTE;11;27.04.1945;0;11
NAMO;11;17.11.1941;9;2
CILINAZ;11;17.08.1957;0;11
HUZEYCE;11;21.09.1965;0;11
MUNNIRE;11;16.08.1970;0;11
MUCAYIDE;11;9.11.1962;0;11
RUKAYYE;11;10.10.1981;0;11
DUNER;11;2.10.1968;3;8
YADIGUL;11;24.05.1976;0;11
MENFI;11;13.11.1969;11;0
ZAMIRHAN;11;5.07.1970;11;0
RISKIYA;11;18.10.1969;0;11
ZARINCI;11;26.07.1968;0;11
NASIA;11;14.01.1962;0;11
ZOHRUYE;11;12.11.1971;0;11
ABETTIN;11;12.07.1977;11;0
EMENULLAH;11;9.01.1973;11;0
MANOS;11;21.03.1956;3;8
GULCEHRA;11;1.03.1969;0;11
MUHBBET;11;3.10.1971;0;11
GOLBAHAR;11;5.09.1972;0;11
MESRUK;11;10.07.1977;11;0
AYETTIN;11;3.04.1966;11;0
ELFAZI;11;12.05.1973;0;11
BAZIYE;11;1.06.1962;0;11
GULBEZ;11;3.02.1964;0;11
GORCI;11;25.11.1948;0;11
SEYFIL;11;21.10.1966;11;0
MUZELIFE;11;23.11.1970;0;11
FILO;11;28.05.1944;4;7
ATLAZ;11;7.06.1953;0;11
NAIB;11;5.07.1959;11;0
GAYILE;11;10.09.1965;0;11
MUTHAT;11;3.01.1958;11;0
SAHZIMAN;11;23.06.1949;3;8
ZULFINAS;11;12.12.1953;0;11
NEVREDDIN;11;27.04.1958;11;0
RUNA;11;4.02.1959;1;10
AISETE;11;9.01.1971;0;11
SOHRAP;11;2.06.1969;11;0
BESILA;11;28.08.1955;0;11
GERIP;11;1.09.1965;6;5
SABADDIN;11;21.08.1959;11;0
NALYA;11;14.11.1974;0;11
LIVAN;11;5.07.1982;7;4
TITAN;11;30.01.1967;11;0
MEBRIYE;11;9.11.1964;0;11
ESREFI;11;17.11.1957;1;10
REKYA;11;7.09.1973;0;11
TAKIYETTIN;11;13.02.1967;11;0
NAVZAT;11;9.02.1978;11;0
KUTIR;11;26.01.1962;0;11
SOYLEM;11;18.06.1984;0;11
AVDAL;11;13.01.1967;4;7
SIMAPERI;11;3.12.1965;0;11
CEVZEL;11;5.04.1978;11;0
HACIBE;11;12.03.1958;1;10
GELAVIJ;11;19.03.1980;0;11
FIYAS;11;5.06.1965;10;1
NEVDET;11;16.03.1968;9;2
GULUNDAR;11;11.09.1978;0;11
KIYASET;11;12.10.1964;0;11
SEDETTIN;11;24.11.1961;11;0
GOLUZAR;11;13.06.1962;0;11
SEIME;11;16.01.1954;0;11
NILNUR;11;6.11.1967;0;11
MEHEBBET;11;22.03.1958;0;11
BENANE;11;10.12.1954;0;11
NASIBIN;11;22.01.1961;3;8
KUDRED;11;24.10.1970;7;4
UMMUSAH;11;19.01.1954;0;11
HASEDIN;11;19.08.1968;11;0
HUMERA;11;16.06.1949;0;11
SUFILE;11;22.10.1966;0;11
AYNURIYE;11;25.01.1951;0;11
ILKTAN;11;13.01.1977;8;3
HALILURRAHMAN;11;11.12.1971;11;0
GOYERCIN;11;2.01.1966;0;11
ELFUDA;11;14.03.1965;0;11
PALAZ;11;5.05.1963;1;10
SULEYMEN;11;3.03.1977;11;0
BUREYDE;11;23.01.1979;4;7
VEDUT;11;7.05.1972;11;0
MUBAR;11;5.03.1969;1;10
NADIKER;11;3.05.1964;0;11
RAHBER;11;20.09.1965;8;3
MAMUT;11;26.02.1959;11;0
GULIZE;11;14.05.1962;0;11
MESRUL;11;11.08.1974;11;0
REHHAN;11;13.03.1970;0;11
SELIHATTIN;11;10.11.1962;11;0
ISEN;11;18.02.1956;4;7
CEMRAN;11;2.01.1974;1;10
MUHAMMETTIN;11;2.05.1972;11;0
SUBYA;11;28.12.1965;0;11
ZINEGUL;11;14.02.1951;0;11
EDIZHUN;11;23.03.1981;11;0
ABDURRAHMEN;11;22.01.1966;11;0
NEKI;11;3.02.1950;11;0
BEYANET;11;18.11.1973;0;11
BEDEVYA;11;22.04.1970;0;11
VESYA;11;22.09.1972;0;11
GOVEN;11;28.02.1963;11;0
NAYIZE;11;30.04.1969;0;11
SADINE;11;26.10.1965;0;11
MAKSIDE;11;22.09.1971;0;11
MURRE;11;21.12.1960;5;6
GONCEFER;11;24.04.1969;0;11
KESFI;11;20.03.1969;11;0
CIDA;11;26.12.1964;1;10
BEBIS;11;16.02.1951;4;7
BINCAN;11;6.07.1973;2;9
BERHA;11;4.09.1960;0;11
MURAY;11;21.04.1965;2;9
CEBIRE;11;27.07.1956;0;11
GULMAHI;11;29.04.1954;0;11
ILVER;11;20.05.1969;3;8
AYSENEM;11;15.04.1972;0;11
SUVALE;11;6.07.1960;0;11
SAGLIK;11;16.04.1960;7;4
ZIMET;11;28.08.1951;0;11
HILAT;11;20.04.1955;8;3
BUHRA;11;26.02.1987;5;6
LILGUL;11;20.04.1968;0;11
TUCAN;11;10.04.1974;6;5
EREZ;11;24.06.1983;9;2
AKSAL;11;30.2.1964;9;2
KAHRIYE;11;30.07.1953;0;11
HABIDE;11;6.01.1959;0;11
ZAHTINUR;11;9.08.1953;0;11
BATUN;11;17.01.1966;5;6
BADTAL;11;14.05.1956;11;0
BULEN;11;15.07.1972;8;3
HILAYDA;11;21.02.1989;0;11
MIYAS;11;6.03.1952;0;11
EMIRGUL;11;20.04.1965;0;11
MECRA;11;25.03.1985;2;9
GUNGUZEL;11;28.04.1950;0;11
GULZIYA;11;8.09.1953;0;11
NECLI;11;15.05.1958;7;4
ZENCEL;11;30.05.1963;1;10
MESUTCAN;11;29.06.1986;11;0
SERIRE;11;13.03.1956;0;11
M.NACI;11;30.04.1960;11;0
SEVZADE;11;3.06.1951;0;11
HICRETTIN;11;14.04.1963;11;0
TAKIN;11;14.09.1966;11;0
NARFIDA;11;18.01.1958;0;11
HUSRETTIN;11;3.06.1967;11;0
ABDILAZIZ;11;27.04.1965;11;0
ESAME;11;1.04.1971;6;5
BEYHUDE;11;8.12.1956;0;11
YUSUFI;11;5.12.1965;11;0
EMIRGAN;11;21.12.1967;2;9
MUHAYYER;11;8.04.1964;1;10
MAAZZEZ;11;18.11.1964;0;11
BENEKSE;11;7.10.1950;0;11
HASRI;11;3.04.1947;0;11
SUHULA;11;27.02.1952;0;11
HABUBE;11;22.11.1966;0;11
ZEBIRE;11;1.09.1973;0;11
SAHRET;11;17.08.1964;1;10
DAVAZ;11;16.07.1957;11;0
ESREFIYE;11;10.11.1956;0;11
PURUZHAN;11;30.03.1954;0;11
FETHETTIN;11;27.12.1968;11;0
AMIYE;11;24.12.1971;0;11
DURAFIYE;11;12.07.1961;0;11
NADISE;11;23.03.1956;0;11
ARSIM;11;2.12.1966;11;0
FIRINCA;11;29.01.1957;0;11
TIRKI;11;11.08.1944;1;10
NEDIDE;11;30.06.1965;0;11
SEMETTIN;11;12.04.1961;11;0
MENSUT;11;23.12.1969;11;0
CENBERI;11;13.07.1968;11;0
NEZEFET;11;1.02.1965;0;11
PAYDAR;11;30.07.1973;5;6
MUTESIM;11;12.08.1971;11;0
ZILFINUR;11;26.07.1967;0;11
CEZMUNUR;11;27.07.1961;0;11
MAHPUBE;11;30.09.1947;0;11
MAHIMEHRI;11;21.11.1949;0;11
HUMIYE;11;13.11.1960;0;11
TOHVE;11;27.01.1952;0;11
MULKIZAR;11;17.02.1962;0;11
MERISAH;11;25.09.1964;0;11
SAHCIHAN;11;16.10.1975;5;6
FERHENK;11;17.01.1973;9;2
SEHAM;11;6.07.1964;1;10
MAKSAT;11;15.06.1983;2;9
NAZINDE;11;3.04.1957;0;11
REKIYA;11;29.2.1967;0;11
BERICAN;11;3.07.1985;0;11
SERIA;11;16.05.1965;0;11
RENDIYE;11;19.02.1967;0;11
SADAKET;11;22.06.1955;0;11
ASALI;11;4.07.1951;0;11
NURHAYAL;11;19.11.1968;0;11
SADIKAR;11;24.01.1971;0;11
ALAIDTIN;11;24.05.1954;11;0
TANSUN;11;23.03.1973;6;5
OREL;11;16.10.1963;11;0
GUFTE;11;1.10.1986;0;11
SEVTAN;11;19.01.1978;1;10
GULIZARE;11;13.11.1933;0;11
MUKMUNE;11;10.04.1959;0;11
SAYAD;11;11.10.1976;8;3
EMRET;11;11.11.1973;9;2
SAHINDIYE;11;2.10.1958;0;11
GULFUS;11;25.03.1948;0;11
MAZAN;11;1.02.1957;10;1
PURUZ;11;9.09.1954;0;11
SALATUN;11;13.04.1959;0;11
NANUS;11;26.11.1950;0;11
OYSAN;11;28.05.1971;3;8
KAMERIYA;11;21.09.1973;0;11
ELFETTIN;11;23.10.1959;11;0
TAMGUL;11;27.09.1970;0;11
TEMASA;11;30.10.1953;0;11
ORGAY;11;28.08.1976;11;0
LALINDER;11;22.08.1950;0;11
SERIL;11;26.07.1972;2;9
GAZIME;11;7.05.1962;0;11
NURESTE;11;20.9.1778;0;11
YURTKAN;11;13.03.1970;10;1
APTULHAMIT;11;29.01.1955;11;0
SEYFAL;11;23.12.1953;11;0
FITTOS;11;4.05.1947;0;11
ALISIH;11;30.03.1959;11;0
USLER;11;17.06.1967;11;0
PEVLUL;11;11.03.1969;11;0
DURANETTIN;11;17.05.1969;11;0
MUTEMET;11;15.07.1970;9;2
HUSNUNUR;11;18.11.1963;0;11
VELIDEDE;11;16.02.1951;11;0
YILAYDIN;11;18.04.1969;11;0
GOGU;11;27.10.1958;0;11
VEYSELKARANI;11;1.10.1977;11;0
USULE;11;30.12.1963;0;11
SEKURIYE;11;3.01.1954;0;11
MILAS;11;12.04.1974;6;5
ZERNUR;11;20.07.1957;0;11
FERGUNDE;11;2.04.1967;0;11
TEVHIDIYE;11;20.12.1951;0;11
GUCEL;11;12.10.1966;5;6
MUTTALLIP;11;1.04.1961;11;0
GULFERAN;11;1.09.1954;0;11
BAHTIGULER;11;3.09.1967;1;10
AYISIL;11;21.04.1970;0;11
SORGUN;11;30.12.1980;9;2
OZE;11;22.01.1984;0;11
ERGAZI;11;25.01.1978;11;0
BEYYAMI;11;22.05.1959;11;0
ADINAN;11;28.01.1962;11;0
UMMUZADE;11;17.01.1941;0;11
SEVDIHA;11;5.04.1973;0;11
NEYCAN;11;5.10.1967;1;10
NURGONUL;11;9.06.1963;0;11
GULMIYE;11;14.01.1953;0;11
SAHAVER;11;18.01.1950;0;11
SANSIGUR;11;19.03.1957;0;11
FATMUS;11;2.05.1944;0;11
RECAYIL;11;7.09.1968;11;0
ISINAY;11;6.12.1965;0;11
SENAYIF;11;11.02.1963;11;0
NEIBE;11;5.04.1958;0;11
GULMUFER;11;18.01.1968;0;11
URUFI;11;22.07.1964;7;4
SEVAYET;11;15.12.1957;0;11
SAYIZAR;11;23.02.1961;0;11
HAYLA;11;20.05.1958;0;11
MENDA;11;5.07.1960;2;9
ASBIYE;11;3.11.1958;0;11
GUNBEY;11;20.01.1967;10;1
SITDI;11;6.08.1961;0;11
MUVIT;11;11.12.1966;8;3
FIRNAZ;11;9.04.1956;0;11
IRAHMA;11;11.10.1954;0;11
GEDRO;11;18.12.1957;11;0
MEVCUDIYE;11;13.01.1955;0;11
RECAN;11;19.11.1970;5;6
MERKAN;11;6.09.1979;8;3
HADIRE;11;10.08.1956;0;11
SEZMAN;11;28.11.1965;0;11
SAYFET;11;23.06.1967;3;8
MENAZIL;11;7.07.1960;11;0
MENLI;11;21.07.1948;0;11
NURDAS;11;18.06.1976;1;10
ERIKAN;11;13.04.1969;7;4
GULECE;11;14.04.1981;0;11
ERKANT;11;7.02.1974;11;0
RABIATUL;11;18.09.1978;0;11
ATILAN;11;15.12.1960;11;0
ULUBEY;11;6.11.1977;11;0
SERYAL;11;14.10.1972;0;11
SAADDIN;11;1.10.1955;11;0
ZEHRILBAN;11;17.05.1947;0;11
HUZUFE;11;14.10.1967;3;8
SAFKI;11;13.09.1967;11;0
GULSEF;11;8.04.1968;0;11
ISMIKAN;11;21.02.1974;0;11
RAHIF;11;18.11.1961;11;0
ZORLUKAN;11;18.07.1967;11;0
COLO;11;23.06.1949;11;0
MUBARIYE;11;22.08.1957;0;11
MUNINE;11;29.12.1959;0;11
VECIDIYE;11;27.03.1960;0;11
ABBASIYE;11;6.10.1961;0;11
MEFAR;11;30.08.1974;7;4
MEYYASE;11;2.03.1956;0;11
SOHEYLE;11;28.04.1966;0;11
HIDEYET;11;27.08.1973;5;6
FELEKTUN;11;23.10.1977;11;0
ODIL;11;25.04.1976;0;11
GOKTAS;11;27.01.1969;11;0
YALE;11;14.01.1977;0;11
SEFIRAZ;11;14.04.1966;1;10
NEZLET;11;30.09.1959;6;5
SENUZ;11;22.07.1969;2;9
SUHILE;11;27.07.1947;0;11
NEVZETE;11;18.04.1968;0;11
SEVYE;11;27.12.1964;0;11
YELDAN;11;23.04.1971;1;10
ZUHEYDE;11;4.12.1971;0;11
NUJEN;11;21.09.1981;0;11
ILYASE;11;29.05.1957;2;9
TUNACAN;11;22.08.1984;11;0
RAYEGAN;11;2.03.1935;0;11
ISFEHAN;11;15.10.1962;4;7
FERIDES;11;21.03.1966;0;11
CANIB;11;13.07.1954;11;0
ELDENUR;11;21.01.1960;0;11
SULUHA;11;3.03.1961;0;11
GOLAY;11;24.01.1961;0;11
FEMIHAN;11;16.12.1957;0;11
GULERDE;11;8.01.1965;0;11
MEKTUBE;11;28.11.1967;0;11
SIHAMIT;11;27.11.1974;11;0
NURDANA;11;4.11.1971;0;11
ELVEN;11;9.05.1967;1;10
SEDDER;11;24.08.1977;10;1
SABATULLAH;11;14.06.1981;11;0
ULGAN;11;23.02.1963;1;10
TURIN;11;10.10.1967;2;9
CICAN;11;6.12.1955;1;10
REDIFA;11;9.04.1963;0;11
EZCAN;11;12.09.1970;2;9
MEMETRESIT;11;14.12.1961;11;0
SEYHZADE;11;17.09.1955;4;7
FETTAN;11;21.06.1948;4;7
VESIHA;11;2.06.1967;0;11
TAMRA;11;26.03.1958;0;11
RIHAL;11;13.11.1956;2;9
REVZE;11;8.01.1961;0;11
SEBEN;11;24.08.1974;3;8
ZERHA;11;23.11.1972;0;11
ADULEY;11;15.02.1951;0;11
IMREM;11;29.01.1976;0;11
YILGUL;11;4.06.1966;1;10
REHIYE;11;18.03.1954;0;11
ZELHEY;11;15.01.1937;0;11
BINZET;11;2.01.1959;5;6
FEDULLAH;11;3.12.1974;11;0
IHTILAL;11;17.01.1974;6;5
TUGBAGUL;11;5.12.1985;0;11
UBAT;11;4.10.1969;11;0
OVEYIS;11;28.06.1958;4;7
TACIZER;11;19.11.1961;0;11
BAHTIGUZEL;11;6.07.1961;0;11
ANDIM;11;26.06.1980;3;8
MISPAH;11;14.08.1974;11;0
METHAN;11;12.07.1969;9;2
ZERAH;11;13.10.1966;0;11
SIRIBAN;11;9.08.1976;0;11
VATIFE;11;19.03.1958;0;11
AKCE;11;8.08.1964;1;10
TAKITTIN;11;12.08.1957;11;0
AYNINUR;11;25.02.1951;0;11
GULEL;11;24.02.1954;0;11
OVAGIM;11;8.08.1950;11;0
SAREN;11;22.02.1968;2;9
INES;11;17.12.1957;0;11
SENRUH;11;16.04.1955;0;11
SEVDEN;11;23.10.1969;0;11
ESMAHANIM;11;15.07.1958;0;11
MELHA;11;5.03.1963;0;11
SEKILE;11;26.01.1952;0;11
SEVEY;11;23.05.1948;0;11
MUNEFFER;11;29.04.1963;0;11
ZAMANI;11;22.02.1977;9;2
MERZIHA;11;24.03.1961;0;11
MEHTER;11;1.03.1970;10;1
BURUSK;11;3.04.1983;11;0
SOPHIE;11;11.11.1974;0;11
KANSAV;11;11.05.1981;11;0
NAZLUMA;11;1.07.1961;0;11
SELEHATDIN;11;15.03.1964;11;0
AYSENER;11;16.02.1974;0;11
M.VEYSI;11;3.08.1956;11;0
FRANCOISE;11;9.01.1955;0;11
ZUMRUD;11;13.09.1969;0;11
SAMINI;11;12.08.1968;11;0
ULKUYA;11;18.07.1962;0;11
HUDANE;11;26.04.1974;0;11
SEFETTIN;11;21.06.1965;11;0
BALGUZEL;11;19.10.1957;0;11
FERRAT;11;27.11.1973;10;1
AYDINCAN;11;19.06.1988;11;0
KEVIN;11;7.06.1987;11;0
MEHVIZE;11;6.09.1960;0;11
SENDER;11;24.04.1965;8;3
BANIS;11;25.07.1940;0;11
KUNT;11;5.01.1967;11;0
YUMLU;11;25.03.1965;11;0
GEORGIANA;11;5.04.1975;0;11
ATAER;11;22.09.1963;11;0
ARUSE;11;28.10.1955;0;11
LUTUF;11;9.07.1974;5;6
HOSADE;11;28.09.1955;0;11
RUVIZE;11;19.07.1941;0;11
SEKIL;11;7.02.1950;1;10
NAKIME;11;8.12.1970;0;11
BEHISE;11;27.12.1960;0;11
KUPLAY;11;8.02.1946;11;0
BERNE;11;17.02.1972;0;11
MUSALETTIN;11;25.11.1966;11;0
OKTUNC;11;16.07.1978;11;0
ASURIYE;11;28.06.1969;0;11
PIKAR;11;15.10.1942;0;11
VENAR;11;17.12.1966;0;11
KOCAGA;11;14.06.1948;11;0
HUZEYFA;11;15.10.1978;9;2
LIRIYA;11;5.03.1954;0;11
REYMAN;11;25.11.1959;5;6
HANNELORE;11;19.02.1949;0;11
MUEDDEP;11;26.07.1951;0;11
ANYA;11;11.01.1976;0;11
RACHEL;11;7.06.1971;0;11
OLESEA;11;25.11.1979;0;11
NATALLIA;11;3.03.1978;0;11
VIGEN;11;16.05.1969;0;11
DILHAYAT;11;29.03.1962;0;11
MATOS;11;9.02.1941;10;1
INCEFER;11;15.04.1960;0;11
OSKAR;11;23.03.1980;11;0
SABIN;11;1.10.1970;3;8
MUHAYYE;11;30.09.1959;0;11
SUBAN;11;24.01.1974;8;3
NELIFER;11;29.03.1960;0;11
RUHANGIZ;11;8.07.1970;0;11
ULUSER;11;6.11.1961;1;10
MIYADE;11;21.10.1951;0;11
OZALTAN;11;12.09.1967;7;4
CUMAFER;11;28.09.1970;7;4
MERGUZ;11;7.06.1963;0;11
ERMIL;11;14.05.1973;9;2
MUIDDIN;11;30.11.1965;11;0
EMVER;11;1.04.1961;11;0
BEKRI;11;5.10.1957;11;0
NASIRA;11;13.11.1964;0;11
SEHID;11;22.02.1961;11;0
VESIH;11;17.12.1974;11;0
MEDHAT;11;20.08.1955;11;0
RIZKALLA;11;26.02.1954;11;0
NIYIR;11;27.06.1952;0;11
OZLENIR;11;30.08.1971;3;8
VIRANI;10;14.01.1965;10;0
HURYASA;10;9.03.1973;9;1
BAHRINUR;10;25.11.1968;2;8
MUFTIYE;10;10.04.1967;0;10
MUTEVER;10;2.09.1975;1;9
DESTI;10;23.06.1956;5;5
MUHRIBA;10;23.01.1964;0;10
AKTURK;10;9.04.1979;10;0
GOLCAN;10;20.12.1980;0;10
MEYRIYE;10;4.10.1963;0;10
HAYETI;10;20.10.1965;8;2
BERFUN;10;1.11.1981;2;8
IMMIHANIM;10;14.08.1963;0;10
BENNAN;10;10.11.1966;3;7
VAHIDA;10;19.10.1959;0;10
BEDAHA;10;28.12.1957;0;10
ALISEYIT;10;20.07.1962;10;0
KUFAYE;10;19.11.1956;0;10
BESTANI;10;23.07.1966;10;0
GULSERAY;10;10.04.1970;1;9
BORTECINE;10;11.02.1982;4;6
ABDULSEMAD;10;11.04.1972;10;0
MUNNEVVER;10;14.02.1971;0;10
VAIZE;10;15.11.1955;0;10
YILGIN;10;16.10.1972;8;2
ESARI;10;6.12.1975;9;1
ABDULKEMAL;10;12.11.1964;10;0
PEKTAS;10;4.09.1964;10;0
SARKIZ;10;2.06.1968;8;2
FAGRETTIN;10;29.07.1961;10;0
OMEROSMAN;10;4.02.1960;10;0
PERIAN;10;23.12.1961;0;10
MENFIA;10;25.07.1973;0;10
HURSEYIT;10;3.10.1966;10;0
EDGE;10;23.11.1984;3;7
ZEYSAN;10;22.06.1960;0;10
MECIHA;10;14.11.1958;0;10
MUCAHATTIN;10;27.05.1961;10;0
BESTAN;10;22.09.1968;9;1
MINEY;10;22.10.1949;0;10
MENEY;10;19.06.1954;0;10
GULGULU;10;13.04.1964;0;10
AMADDIN;10;10.06.1980;10;0
HORSIT;10;7.04.1964;10;0
VAZIHE;10;8.12.1951;0;10
VENDIHA;10;12.12.1963;1;9
DALI;10;14.03.1961;0;10
SIRMAGUL;10;30.08.1974;0;10
MASIME;10;29.08.1967;0;10
BINER;10;3.07.1975;7;3
MUBARA;10;3.03.1970;0;10
SEVET;10;7.09.1974;3;7
SEVDAM;10;21.08.1981;0;10
ARDACAN;10;20.09.1989;10;0
SEFAH;10;24.09.1969;7;3
MAHIRIYE;10;13.09.1958;0;10
OZEREN;10;27.03.1973;10;0
NEZETA;10;13.03.1973;0;10
ZEKERRIYE;10;14.01.1973;10;0
BIRHO;10;15.03.1933;10;0
GELSUM;10;20.05.1979;0;10
MENFIYET;10;4.02.1979;0;10
VENSA;10;10.01.1979;0;10
HACIRI;10;9.01.1956;0;10
ANISA;10;11.02.1967;0;10
MENFO;10;20.04.1951;0;10
MENFEAT;10;12.02.1969;0;10
VELO;10;22.01.1949;10;0
ZERIK;10;3.08.1963;0;10
MUHTELIP;10;14.10.1972;10;0
SEDES;10;12.07.1967;0;10
NAZLISAN;10;11.05.1978;0;10
MENSURET;10;2.06.1977;0;10
BAYIR;10;14.11.1966;10;0
BESSIK;10;17.02.1949;0;10
ZEHO;10;2.08.1957;0;10
HIKMEDDIN;10;30.01.1962;10;0
CAZIYA;10;1.03.1954;0;10
FEREDIN;10;8.05.1972;10;0
FEHET;10;30.01.1964;10;0
IZMIHAN;10;7.03.1967;0;10
SEMILA;10;28.12.1977;0;10
GERIBE;10;22.06.1971;0;10
BEZO;10;9.10.1959;1;9
PEYRUZA;10;5.04.1960;0;10
SUREYHAN;10;20.05.1966;0;10
SEVMI;10;25.09.1960;5;5
RAYE;10;21.05.1963;0;10
MALIN;10;1.12.1982;0;10
USI;10;2.05.1935;10;0
DURDA;10;5.12.1965;2;8
ALAVEDDIN;10;24.07.1975;10;0
SALVA;10;12.01.1968;1;9
SITER;10;8.12.1980;1;9
KADRE;10;5.12.1946;0;10
BESSEM;10;26.11.1973;10;0
HINI;10;23.12.1950;0;10
SITTAM;10;18.05.1965;10;0
RIVEYDA;10;20.08.1967;0;10
GUREYBE;10;25.03.1956;0;10
MAHKUME;10;7.04.1965;0;10
NUCUDA;10;18.12.1962;0;10
REMZO;10;4.08.1960;1;9
MUAMMAR;10;27.04.1964;10;0
ILIYE;10;19.03.1955;10;0
ISMAILHAN;10;8.05.1978;10;0
ERZANI;10;5.07.1938;0;10
ZUHIR;10;22.01.1971;10;0
TAKVE;10;27.01.1986;0;10
ELBIN;10;5.11.1976;1;9
SAAD;10;24.01.1975;8;2
MEHE;10;6.02.1973;1;9
ZOZI;10;7.08.1951;0;10
ZIR;10;13.06.1967;10;0
MURTEDA;10;18.02.1978;8;2
GURO;10;16.02.1947;10;0
HISAN;10;12.02.1967;9;1
BIZO;10;29.04.1955;1;9
TACO;10;13.11.1961;5;5
MAHFERI;10;11.04.1979;0;10
SERFA;10;9.07.1969;0;10
HULFE;10;28.01.1968;0;10
FASLE;10;16.12.1958;0;10
SEMMO;10;26.02.1957;6;4
SAYRAN;10;1.07.1965;1;9
KITSO;10;27.11.1941;0;10
MINTEHE;10;1.08.1964;0;10
CELLI;10;20.03.1955;8;2
TEVFIYE;10;26.01.1964;0;10
PAUL;10;2.10.1977;10;0
ZIGAYRE;10;19.08.1955;0;10
SAHBIYE;10;26.06.1970;0;10
ISTEYFO;10;17.03.1961;10;0
ELBER;10;12.12.1970;9;1
MIKAYEL;10;21.09.1975;10;0
GULBEYEN;10;15.12.1976;0;10
INSALLAH;10;15.04.1981;5;5
SEHDI;10;8.05.1967;9;1
SEKKIR;10;28.02.1961;6;4
CESURE;10;1.01.1967;0;10
JULIANA;10;25.06.1976;0;10
ROZ;10;22.01.1961;1;9
HILI;10;24.05.1947;0;10
LEMIZ;10;25.01.1965;0;10
PATRICK;10;14.01.1979;10;0
KATHLEEN;10;14.09.1958;0;10
ALEKSANDIR;10;2.08.1965;10;0
EYVES;10;7.06.1969;10;0
REYSO;10;11.11.1950;10;0
ZIYE;10;20.09.1963;10;0
VISEM;10;18.04.1979;9;1
MANAL;10;23.02.1981;0;10
SEFRI;10;16.05.1945;1;9
HIRIYE;10;28.01.1956;0;10
MUKADAR;10;29.03.1969;2;8
ABEDDIN;10;27.10.1974;10;0
MALYA;10;25.04.1972;0;10
FENSE;10;27.12.1973;0;10
BEYLATA;10;14.08.1969;2;8
MUHI;10;25.09.1942;10;0
SAMOEL;10;18.12.1937;10;0
BERHUDAN;10;9.10.1990;8;2
FAHRATTIN;10;12.08.1968;10;0
NEZRET;10;27.12.1967;0;10
HEMEDAN;10;12.01.1965;9;1
CIYAN;10;29.06.1986;2;8
SADU;10;20.12.1955;9;1
DIYANE;10;16.12.1977;0;10
ZIVAR;10;15.03.1963;9;1
BEKIM;10;10.11.1971;8;2
ANULA;10;18.05.1962;0;10
HUMEYYA;10;24.04.1981;0;10
BERRI;10;24.07.1953;5;5
ZUNNUR;10;14.02.1969;8;2
ABDULSATTAR;10;21.11.1975;10;0
REHMETE;10;24.02.1972;0;10
MEHA;10;30.12.1974;0;10
ISMIHAL;10;23.12.1968;1;9
CHRISTOPHER;10;5.12.1983;9;1
DEBORA;10;6.01.1975;0;10
GARZI;10;22.11.1961;9;1
NUPEL;10;17.11.1988;0;10
HEMDAN;10;10.08.1959;7;3
SEHADETTIN;10;11.05.1959;10;0
GAYLE;10;3.08.1971;0;10
EKIME;10;19.06.1970;0;10
IPTIHAC;10;28.03.1953;0;10
SARAFEDDIN;10;13.05.1965;10;0
SERAHAN;10;20.09.1973;3;7
SIBAN;10;21.05.1961;6;4
BAADDIN;10;28.04.1961;10;0
GURCEM;10;21.04.1985;1;9
SAMINUR;10;30.08.1957;0;10
MUFTALE;10;17.07.1949;0;10
GUNFERI;10;8.02.1957;0;10
RAHLE;10;8.04.1970;0;10
BETUR;10;29.06.1975;0;10
SAHSIVER;10;5.07.1959;5;5
VAHETTIN;10;8.07.1953;10;0
FIRIZ;10;30.03.1962;0;10
SEBIYAT;10;13.06.1965;0;10
PEVRIZA;10;3.11.1970;0;10
ZAHRET;10;3.02.1954;0;10
URUFE;10;1.11.1963;0;10
MUKATDIS;10;1.10.1961;0;10
ZENGIYE;10;1.08.1966;0;10
ENAM;10;14.12.1975;5;5
ISKEN;10;24.05.1968;8;2
MUJDAR;10;13.07.1983;0;10
MUCELYA;10;20.05.1978;0;10
HADREY;10;19.04.1962;0;10
MAHCUP;10;29.08.1953;5;5
NERZIYE;10;15.01.1955;0;10
BALABAN;10;27.04.1971;9;1
SAHPER;10;23.01.1960;0;10
TACETIN;10;21.08.1965;10;0
MASEN;10;24.09.1962;8;2
VEYSE;10;16.12.1966;3;7
GULBESE;10;27.04.1957;0;10
DUYGUHAN;10;25.08.1985;1;9
GULSIRAY;10;1.02.1971;2;8
MUKADTES;10;17.10.1964;0;10
URFAT;10;16.06.1954;10;0
HIRCIN;10;5.09.1981;8;2
SEBADIYE;10;14.04.1962;0;10
ULFAN;10;25.01.1963;6;4
SULFU;10;28.05.1952;4;6
SEVKETE;10;21.04.1945;0;10
EJMEN;10;7.09.1981;6;4
RUFKI;10;7.09.1952;10;0
ERENTURK;10;14.05.1972;10;0
GULFERIK;10;8.01.1955;0;10
SAHISTER;10;9.06.1971;1;9
NAIMIYE;10;22.04.1957;0;10
HUSAMET;10;25.01.1967;9;1
INZULE;10;17.04.1971;0;10
HAVASIN;10;21.03.1975;0;10
ELMIHAN;10;18.04.1965;2;8
HIZAL;10;17.12.1965;3;7
MENEVIS;10;29.11.1965;0;10
NURSIDIYE;10;23.02.1964;0;10
SITTIGA;10;4.03.1960;0;10
TURSIYE;10;29.03.1953;0;10
TUNCALP;10;29.05.1968;10;0
AYZA;10;29.12.1978;0;10
SAMITDIN;10;2.12.1954;10;0
REFAAT;10;8.08.1955;0;10
MAHUDE;10;16.06.1961;0;10
NANEGUL;10;29.06.1970;0;10
MENEGSE;10;9.05.1950;0;10
GULDESTI;10;23.02.1965;0;10
KUPER;10;15.01.1966;0;10
SAZEL;10;8.12.1951;0;10
YEPIL;10;3.12.1974;0;10
GULDAHAN;10;13.03.1965;0;10
NESIKE;10;1.04.1969;0;10
ZATUNUR;10;21.07.1957;0;10
GULCETIN;10;12.12.1964;10;0
URUFET;10;24.07.1963;8;2
MUDAHHER;10;24.10.1963;7;3
NECBI;10;16.11.1964;10;0
EBULHAYIR;10;18.05.1957;10;0
SEFFA;10;8.02.1972;5;5
GULUNSER;10;7.04.1965;0;10
MEHRUBE;10;15.04.1969;0;10
YEKDAG;10;26.12.1972;9;1
AMALIA;10;22.10.1958;0;10
KILABDAN;10;12.08.1957;0;10
PENBENUR;10;27.09.1969;0;10
NALIFER;10;2.09.1954;0;10
LUVEYDE;10;15.07.1967;0;10
NECLAHA;10;4.10.1954;0;10
MADINE;10;16.09.1963;0;10
MEHLICAN;10;13.08.1976;0;10
NISAR;10;14.03.1963;2;8
HAMLET;10;23.09.1969;5;5
BEHNA;10;25.07.1968;0;10
ILDER;10;30.07.1970;10;0
ILGER;10;15.08.1964;5;5
IKLIMIYE;10;20.10.1954;0;10
UGURSAN;10;9.04.1980;7;3
SEMIRHAN;10;26.02.1969;2;8
UFET;10;22.02.1961;0;10
PELUL;10;20.10.1964;10;0
KITAYUN;10;6.09.1951;0;10
GUNEREN;10;20.07.1959;0;10
DOLGUN;10;19.01.1971;9;1
MUTAT;10;10.05.1964;9;1
REYIME;10;11.12.1958;0;10
BAYNUR;10;17.02.1971;1;9
MUNASIB;10;7.09.1971;1;9
SAHINNUR;10;5.01.1967;1;9
NESETTIN;10;4.05.1956;10;0
NURFELEK;10;5.09.1966;0;10
YERISAN;10;21.04.1959;10;0
SEVINCI;10;28.10.1967;3;7
NIHAKET;10;8.04.1953;0;10
GULEMDAM;10;29.08.1955;0;10
SEVISAN;10;1.07.1956;0;10
EGENUR;10;1.04.1973;0;10
HUSUT;10;26.08.1965;10;0
MUZEYNE;10;10.12.1962;0;10
KERIMALI;10;27.01.1979;10;0
KEHRIBAL;10;16.12.1956;0;10
ZAYRE;10;26.12.1970;0;10
RAIYE;10;24.09.1955;0;10
SEHMINAZ;10;20.01.1965;0;10
TUZER;10;16.10.1953;6;4
NECAAT;10;16.04.1958;4;6
AYTUNER;10;5.10.1961;3;7
ASLINAZ;10;11.12.1974;0;10
MUCEL;10;2.04.1966;1;9
VEJDA;10;6.11.1977;0;10
UMMUGULSEN;10;13.06.1969;0;10
MEMEDALI;10;19.09.1961;10;0
SEYRAP;10;7.10.1965;0;10
MEYASET;10;2.02.1967;0;10
AIGUL;10;18.02.1974;0;10
ZEYRAN;10;12.02.1962;0;10
VILDANUR;10;1.11.1976;0;10
MEYSARE;10;3.04.1965;0;10
BILGINC;10;26.11.1980;6;4
UMAME;10;26.09.1967;0;10
OKUR;10;23.02.1972;10;0
NIGAN;10;30.06.1974;0;10
HISABI;10;7.08.1959;10;0
MAHFER;10;30.07.1964;6;4
RUKE;10;11.01.1949;0;10
SAFIKAR;10;25.09.1956;0;10
SAARA;10;19.02.1979;0;10
ARSLANHAN;10;1.07.1951;0;10
BENBE;10;8.07.1960;0;10
BIRSEMIN;10;5.12.1975;0;10
MEJBURIYE;10;29.2.1966;0;10
ABDULBASRI;10;14.04.1978;10;0
SEREHAN;10;24.09.1970;0;10
SIVEL;10;18.12.1976;0;10
ERGUNES;10;8.03.1970;9;1
TUGPER;10;28.09.1976;2;8
UYUM;10;14.02.1986;1;9
TEYHAN;10;14.07.1960;3;7
SAHZEN;10;6.06.1955;0;10
SECALETTIN;10;25.04.1960;10;0
DUDUYA;10;16.07.1962;0;10
NECBITTIN;10;5.06.1949;10;0
NAZINDER;10;1.11.1958;0;10
ONAR;10;30.11.1969;8;2
SAHINBEY;10;14.01.1960;10;0
HABIT;10;6.11.1962;10;0
GUNEYDE;10;25.02.1965;2;8
SAREGUL;10;1.08.1975;0;10
MUSELIM;10;7.03.1971;9;1
FEHTI;10;9.10.1967;10;0
FERUNDA;10;12.08.1962;0;10
VEDAI;10;3.10.1968;10;0
MUHLIZAR;10;11.11.1946;0;10
ABANOZ;10;21.08.1957;10;0
BEYNAMI;10;5.05.1966;10;0
SERFIYE;10;15.08.1960;0;10
FAHITTIN;10;17.11.1956;10;0
LOREDANA;10;19.09.1980;0;10
ZINNUREYIN;10;25.4.1760;10;0
ESMAUL;10;5.01.1981;0;10
NURTER;10;14.07.1964;0;10
ZEHRET;10;3.06.1958;1;9
MEBRUSE;10;1.05.1957;0;10
GULBANIYE;10;8.07.1960;0;10
SEBAADDIN;10;26.02.1964;10;0
MEZAYIM;10;7.11.1960;10;0
MERDANIYE;10;8.03.1960;0;10
GULFAR;10;7.10.1958;0;10
SEYIM;10;4.05.1959;3;7
ZERIYA;10;28.09.1961;0;10
ISTEMIN;10;26.01.1967;7;3
ARZUCAN;10;30.08.1983;0;10
SEMURAY;10;10.05.1967;0;10
HAYSE;10;30.05.1955;0;10
SONDAGUL;10;23.09.1971;0;10
FERISDAH;10;20.07.1966;0;10
UREN;10;29.12.1948;1;9
MUREVET;10;21.10.1966;0;10
GULNUS;10;2.02.1967;0;10
EROLCAN;10;25.09.1980;10;0
ARCIN;10;27.05.1981;8;2
ESPER;10;8.03.1970;9;1
SEYYAHAT;10;12.04.1951;2;8
OVER;10;10.05.1963;8;2
KURTCE;10;4.08.1943;10;0
BASIRAZ;10;21.02.1950;0;10
SIMAVI;10;7.09.1970;9;1
MINNURE;10;20.08.1967;0;10
NATO;10;30.06.1970;0;10
CAGLAGUL;10;28.12.1986;0;10
SUBEYYA;10;5.09.1975;1;9
NIRVANA;10;14.03.1981;0;10
ZIYACAN;10;17.01.1969;9;1
UMREHAN;10;18.10.1980;0;10
ERDUMAN;10;1.12.1965;9;1
FATUMATUZ;10;17.09.1966;0;10
MURGEN;10;15.02.1968;0;10
AKGIZ;10;9.05.1960;0;10
APDULKERIM;10;12.06.1969;10;0
NURABIYE;10;30.10.1969;0;10
NEZLAN;10;16.10.1966;0;10
ELYA;10;10.11.1967;1;9
EMSIYE;10;7.06.1972;0;10
SEHMINUR;10;22.11.1962;0;10
NURUN;10;10.08.1976;4;6
KISNA;10;16.10.1945;0;10
CEMAN;10;5.01.1963;5;5
NESIDIYE;10;5.08.1961;0;10
VAHDEDTIN;10;23.11.1961;10;0
NEFSER;10;28.10.1958;0;10
BELGIHAN;10;6.09.1980;0;10
SAFETE;10;25.10.1961;0;10
NECMEDTIN;10;12.11.1957;10;0
BERAHATTIN;10;11.02.1968;10;0
UMME;10;19.05.1964;0;10
SEMSICIHAN;10;4.03.1956;0;10
CANDEYER;10;4.11.1958;1;9
KILE;10;1.06.1938;0;10
BENGUN;10;25.10.1970;1;9
ALPERAY;10;13.01.1983;5;5
BAHAUDDIN;10;6.11.1971;10;0
KAMERGUL;10;29.2.1974;0;10
NEPHAN;10;28.07.1968;8;2
EDABIYE;10;3.03.1970;0;10
ZEYYIT;10;7.04.1977;10;0
DIDEN;10;19.04.1976;0;10
KOKSEN;10;7.12.1947;2;8
GUDDUSU;10;14.03.1966;10;0
NEVLIYE;10;28.03.1960;0;10
FUZULU;10;30.01.1968;10;0
H.MEMET;10;8.04.1942;10;0
EFTALIYE;10;26.12.1958;0;10
AYISEL;10;8.02.1964;0;10
MAGUS;10;11.07.1954;0;10
IZA;10;29.12.1962;1;9
EJNAN;10;16.07.1968;10;0
MUKADTER;10;4.06.1968;1;9
YUZUK;10;28.05.1946;0;10
SOVKET;10;27.03.1957;1;9
BEDISAH;10;17.03.1955;0;10
RUEYDA;10;10.02.1970;0;10
TANE;10;17.12.1977;0;10
HUBEYT;10;14.07.1986;10;0
BEDIROS;10;26.05.1944;10;0
SEDAYE;10;18.02.1968;1;9
MAMINE;10;22.08.1950;0;10
TURANSEL;10;10.06.1956;3;7
SIFAYE;10;24.07.1973;1;9
MUTTELIP;10;7.08.1966;10;0
ASIKER;10;30.08.1972;0;10
AYLIL;10;14.12.1976;0;10
ADEMI;10;13.04.1974;9;1
FIRDEVUS;10;27.02.1969;0;10
YEKVART;10;10.01.1954;10;0
MELUDE;10;14.08.1977;0;10
GULSIFE;10;16.05.1963;0;10
GOKSELI;10;14.01.1973;0;10
KERIYME;10;1.01.1970;0;10
KIRMIZIGUL;10;7.10.1955;0;10
MUKADDET;10;3.09.1964;0;10
ERHAYAT;10;12.10.1968;10;0
HOSNAZE;10;24.01.1955;0;10
BENGIHAN;10;20.01.1976;2;8
BESLAN;10;4.04.1954;10;0
SAYKAN;10;2.09.1974;9;1
NEFISET;10;26.05.1964;0;10
FARAMUZ;10;7.05.1961;10;0
ILMAZ;10;20.03.1966;7;3
NEDI;10;3.01.1977;9;1
CIHANDER;10;25.10.1966;8;2
ALEVCAN;10;13.02.1967;2;8
GULESTI;10;27.04.1965;0;10
MUSUT;10;26.07.1968;10;0
SAYMAZ;10;26.05.1961;6;4
BIDIK;10;19.10.1948;0;10
MAHLUP;10;20.04.1949;0;10
RAMIDE;10;8.10.1956;0;10
GULLUCEMAL;10;22.01.1976;0;10
NAYMAN;10;9.06.1950;6;4
SEYHU;10;14.12.1955;10;0
AYTA;10;12.11.1968;4;6
HARIZ;10;28.10.1967;10;0
SEMUNE;10;9.11.1963;1;9
PEYKEL;10;22.9.1764;0;10
ELMAZA;10;24.07.1962;0;10
NAIS;10;24.08.1947;0;10
MAMIS;10;16.04.1961;9;1
HASBEY;10;3.07.1960;10;0
TEMA;10;18.09.1973;3;7
ILKEL;10;23.02.1976;6;4
SERPIM;10;17.03.1963;0;10
SECKUL;10;15.04.1968;0;10
APDULMUTTALIP;10;3.03.1967;10;0
TUBE;10;20.12.1970;0;10
RAHIMET;10;23.12.1751;0;10
INGEBORG;10;23.01.1945;0;10
MENVA;10;23.12.1971;0;10
RUHISAR;10;21.08.1951;0;10
TUSEM;10;24.04.1984;1;9
SATIK;10;16.07.1948;5;5
GULFADEN;10;19.09.1958;0;10
BULSEN;10;21.12.1964;0;10
SIMUZAR;10;30.05.1959;0;10
SAMAIL;10;28.12.1959;3;7
HAKAY;10;21.01.1975;10;0
EZDAR;10;11.02.1964;10;0
UFRAN;10;26.12.1957;3;7
ALINAS;10;18.05.1952;10;0
MAYRIYE;10;22.07.1978;0;10
PEHRIYE;10;23.05.1951;0;10
SADIMET;10;22.09.1953;0;10
AYDAL;10;27.01.1964;8;2
GULDIREN;10;18.04.1960;0;10
AYBEGUL;10;26.05.1984;0;10
NEVIZER;10;26.12.1957;0;10
BIRYAN;10;4.08.1969;2;8
BEBE;10;4.08.1963;3;7
IBEDULLAH;10;28.01.1976;10;0
LIYUZE;10;23.06.1958;0;10
TIFAN;10;30.2.1963;10;0
ZULFUZAR;10;9.08.1954;0;10
SEFERHAN;10;28.05.1952;3;7
YAZMA;10;29.11.1973;0;10
BAYDAR;10;13.07.1952;10;0
HANIMCUK;10;6.09.1948;0;10
GULMIN;10;5.02.1975;0;10
MADIL;10;19.03.1955;3;7
KOKMEN;10;22.07.1971;7;3
MELEKHANIM;10;22.04.1959;0;10
SONBEY;10;18.07.1974;10;0
FERABI;10;21.04.1970;10;0
NAVIDER;10;27.06.1961;0;10
MUJCAN;10;29.2.1965;0;10
ZALIME;10;2.04.1957;0;10
HEBIYE;10;25.05.1964;0;10
DURKAY;10;15.08.1964;10;0
ZEMURE;10;6.02.1952;0;10
NEZMETTIN;10;19.12.1954;10;0
BEDIK;10;6.11.1964;4;6
NUYAN;10;25.10.1945;4;6
ZINNURIYE;10;14.12.1763;0;10
ACEL;10;30.2.1964;7;3
NEDILE;10;19.09.1961;0;10
VEFARET;10;11.05.1971;0;10
TAIF;10;16.08.1964;10;0
ELLA;10;15.07.1973;0;10
VAHTEDIN;10;18.06.1965;10;0
SELMINE;10;1.10.1960;0;10
SUAIB;10;17.07.1968;10;0
GUNVAR;10;30.01.1960;8;2
BENIHAN;10;5.11.1961;0;10
AMINAT;10;27.04.1966;0;10
EFNA;10;16.08.1980;2;8
KURHAN;10;5.05.1973;6;4
NEYZAR;10;19.02.1971;0;10
GIZEN;10;20.05.1985;0;10
SAIBET;10;14.10.1965;0;10
NUVEYLA;10;5.04.1962;0;10
HAZAKER;10;8.05.1961;0;10
ZULFIYYA;10;17.04.1976;0;10
SEVINCER;10;18.10.1961;5;5
NUHRAN;10;26.12.1965;4;6
SUKRANAY;10;30.12.1977;0;10
TANUR;10;22.04.1973;7;3
MADILET;10;7.10.1953;0;10
VAMIK;10;5.11.1951;10;0
SECEATTIN;10;6.11.1971;10;0
GULSAM;10;5.01.1952;0;10
MESRA;10;21.10.1980;0;10
NIGDE;10;14.06.1962;0;10
TESVIYE;10;28.02.1960;0;10
GONCANUR;10;18.04.1986;0;10
HANEDAN;10;3.11.1983;2;8
MASITA;10;22.03.1974;0;10
NEVSUN;10;28.04.1976;0;10
KUHARI;10;12.02.1938;0;10
CINDO;10;18.08.1954;10;0
ZEFI;10;21.07.1943;1;9
IMAMHUSEYIN;10;23.11.1954;10;0
ERENLER;10;24.10.1975;10;0
SOZGUN;10;7.01.1975;3;7
SEMURAL;10;20.12.1962;0;10
KARDES;10;14.09.1972;9;1
FINTOS;10;25.09.1940;0;10
GEKKO;10;8.04.1941;10;0
DILAFER;10;30.09.1967;4;6
FERISTA;10;5.10.1959;0;10
ALICIHAN;10;19.02.1973;10;0
GUNCA;10;10.01.1969;0;10
VELAYET;10;12.06.1976;0;10
CEMBELLI;10;18.04.1966;10;0
SAHZIME;10;21.06.1963;0;10
HIVSI;10;3.10.1969;4;6
MUHURNAZ;10;24.07.1973;0;10
EYVAS;10;27.11.1972;10;0
CERGEZ;10;24.03.1968;9;1
NAKSIN;10;5.09.1979;8;2
CAZE;10;22.09.1949;0;10
EMANETULLAH;10;14.03.1971;9;1
ZIDIYA;10;18.07.1968;0;10
MIRBATTIN;10;6.12.1963;10;0
MUSLUHAN;10;17.08.1977;2;8
SUPHET;10;14.06.1972;1;9
SURATHAN;10;24.10.1963;0;10
SEVIHA;10;29.07.1961;0;10
REVZAN;10;5.10.1961;0;10
FANIYA;10;8.11.1972;0;10
SUEYIP;10;8.09.1963;10;0
SURACETTIN;10;11.02.1959;10;0
BESBINNAZ;10;13.07.1974;0;10
HUSNUCE;10;26.09.1968;0;10
NECETI;10;2.04.1965;10;0
CINNETI;10;26.11.1949;0;10
NISFICAN;10;14.12.1952;0;10
ZUKRULLAH;10;22.12.1980;10;0
SITTIYA;10;1.07.1971;0;10
SIMAGUL;10;1.06.1970;0;10
SERMETE;10;20.05.1976;0;10
OZLIFE;10;30.10.1982;0;10
AYBAS;10;22.10.1955;9;1
IZZETULLAH;10;16.08.1967;10;0
GULAYIM;10;13.10.1954;0;10
ISLAMETTIN;10;30.10.1968;10;0
FAHRISAN;10;14.05.1962;0;10
SEFRAZ;10;6.09.1961;0;10
IDU;10;19.02.1949;1;9
KIYASEDIN;10;1.02.1966;10;0
DIYARHAN;10;7.05.1964;1;9
ZEKRI;10;6.03.1957;10;0
KUTTAS;10;16.06.1968;10;0
NUSRI;10;16.07.1972;8;2
SEYITBATAL;10;23.06.1974;10;0
KUTBETIN;10;2.12.1967;10;0
SAYFER;10;11.11.1972;1;9
MUTTEBER;10;3.08.1964;0;10
MASIYE;10;25.07.1956;0;10
BIRVAN;10;3.10.1975;1;9
MAYISA;10;11.07.1964;0;10
NAZANIN;10;11.04.1960;0;10
HUSAMETIN;10;8.10.1963;10;0
KAMALIYE;10;18.06.1967;0;10
ABDULHAKAN;10;3.01.1978;10;0
M.NEDIM;10;23.11.1958;10;0
KARDAS;10;24.03.1958;10;0
FERIKAT;10;30.09.1964;0;10
HELIYE;10;4.10.1975;0;10
ISMETTIN;10;10.10.1958;10;0
SADAGUL;10;19.06.1967;0;10
ALTANAY;10;8.10.1973;3;7
SAHILA;10;16.03.1974;0;10
LEMIH;10;25.12.1967;10;0
AKSEM;10;13.05.1976;0;10
MAHYETE;10;22.10.1970;0;10
SEVGISAN;10;26.08.1965;0;10
BEDILHAN;10;13.10.1974;10;0
SECIH;10;2.10.1973;10;0
ANDELI;10;30.11.1962;10;0
FEKI;10;5.08.1963;8;2
ZENI;10;15.06.1957;1;9
AFSANEH;10;2.01.1968;0;10
SUKURUYE;10;28.06.1965;0;10
CERI;10;23.03.1963;6;4
RUHAFZA;10;18.12.1960;0;10
VASVETTIN;10;12.01.1971;10;0
SUDAGUL;10;26.09.1967;0;10
DAGDAGUL;10;12.06.1962;0;10
ZUREFA;10;8.01.1946;0;10
EMILIYA;10;18.06.1965;0;10
SADIE;10;4.06.1969;0;10
MEMDU;10;8.07.1964;10;0
BEHZA;10;22.08.1955;0;10
ALIKE;10;9.07.1950;0;10
MESUN;10;17.05.1970;7;3
FARIH;10;22.12.1962;9;1
ILAT;10;26.10.1954;8;2
MURSADE;10;20.06.1961;0;10
SEHIDET;10;12.09.1953;0;10
SEVGAN;10;6.06.1971;1;9
TERBIYE;10;9.07.1960;0;10
SEMAYIR;10;3.04.1964;4;6
HERKAN;10;12.12.1970;10;0
MEDENIYE;10;15.10.1958;0;10
INCIAY;10;3.09.1965;0;10
CUMAETTIN;10;18.09.1965;10;0
MERCIYE;10;18.02.1958;0;10
IPEKTEN;10;30.11.1955;0;10
BINYAZ;10;4.03.1962;0;10
LUVAZE;10;26.03.1963;0;10
NAMIKE;10;5.08.1964;0;10
MOHAMMET;10;2.09.1969;10;0
NEDIRYE;10;13.08.1970;0;10
CUHER;10;29.05.1949;2;8
TUCEN;10;2.07.1979;1;9
CEVRIS;10;3.07.1948;0;10
MERNAZ;10;12.09.1962;0;10
SULEY;10;15.12.1965;1;9
NESAHAT;10;14.05.1969;0;10
CAMEL;10;18.11.1967;8;2
EBILI;10;10.07.1963;0;10
BIRINC;10;20.04.1961;0;10
MUTLUER;10;5.10.1976;10;0
NERIMIN;10;17.09.1962;0;10
NETAFET;10;20.12.1955;0;10
HATIDJE;10;10.05.1968;0;10
SEYER;10;27.02.1967;1;9
SENAYIM;10;1.06.1956;10;0
VERZIL;10;25.06.1969;10;0
NEHIL;10;23.01.1968;2;8
BANUN;10;10.10.1969;2;8
NERGIBE;10;17.10.1960;0;10
ILBER;10;23.08.1968;6;4
IFAZET;10;22.08.1951;0;10
AZME;10;9.03.1959;0;10
ERGUZEL;10;5.06.1964;3;7
RUIDE;10;28.08.1950;0;10
KILMAN;10;6.06.1957;0;10
BERHUDAR;10;20.06.1965;7;3
ERKIL;10;25.09.1982;9;1
SAYINER;10;3.02.1963;9;1
URSIT;10;4.06.1960;10;0
BIHDER;10;30.12.1980;0;10
TALIK;10;14.02.1959;7;3
HIDAYETE;10;18.01.1946;0;10
ARAFIYE;10;28.01.1954;0;10
ELAINE;10;22.10.1960;0;10
GULMEHRI;10;1.05.1968;0;10
EZGIM;10;7.02.1986;1;9
FAYZA;10;10.08.1970;0;10
SEKRIYE;10;15.04.1967;0;10
CANAR;10;12.03.1967;6;4
UMMUSE;10;4.06.1953;0;10
AYDUGAN;10;3.04.1958;10;0
DIGDAR;10;28.03.1978;0;10
TUKEN;10;16.4.1759;0;10
ASILCAN;10;19.08.1989;10;0
UMRAHAN;10;6.04.1977;0;10
MUJELLA;10;11.08.1964;0;10
BETAL;10;21.07.1967;9;1
ISMAGAN;10;13.11.1955;0;10
MAYER;10;16.07.1956;9;1
KIYMAZ;10;6.01.1958;8;2
YOSIF;10;17.01.1966;10;0
SONAD;10;8.12.1975;6;4
SIDTIK;10;1.05.1961;7;3
TURLU;10;21.10.1953;0;10
ELFESIH;10;2.04.1964;8;2
FATIMAI;10;16.06.1961;0;10
ZURI;10;5.11.1957;4;6
ALLAHVEREN;10;1.08.1949;10;0
IKRAR;10;12.09.1972;8;2
SENALP;10;8.05.1965;6;4
VARDAR;10;15.08.1960;9;1
AYKAC;10;4.03.1965;4;6
NURSINEM;10;7.10.1987;0;10
NURIZER;10;18.11.1954;0;10
VEYISI;10;20.05.1970;10;0
UZLIFE;10;18.02.1971;0;10
SUHEYDE;10;10.03.1975;0;10
YERSU;10;19.06.1972;1;9
HERIYE;10;13.12.1958;0;10
KIZE;10;6.04.1949;0;10
SATINE;10;22.07.1965;0;10
KAMERYA;10;23.09.1967;0;10
HALVET;10;1.11.1967;1;9
KULFIYE;10;20.10.1956;0;10
MUSEHIL;10;7.01.1974;1;9
SUHLE;10;26.04.1969;0;10
DELO;10;12.07.1939;6;4
SAHIYET;10;19.12.1968;1;9
YUZER;10;19.12.1967;8;2
TUNCE;10;17.05.1968;3;7
SAHRETTIN;10;5.11.1961;10;0
RUSHAT;10;24.02.1965;3;7
VECHEDIN;10;18.06.1977;10;0
NARISE;10;3.02.1963;0;10
MAYZER;10;1.06.1964;0;10
AYZADE;10;6.04.1970;0;10
ZUMRUDE;10;1.10.1966;0;10
SECETTIN;10;7.01.1970;10;0
REVDET;10;14.02.1969;5;5
CIHATTIN;10;29.04.1961;10;0
ARAPHAN;10;12.01.1953;6;4
NEDAMET;10;22.11.1961;1;9
ZIZI;10;25.03.1951;0;10
SEVIYET;10;18.04.1962;0;10
LEYMUNA;10;26.12.1960;0;10
ZERLIN;10;12.12.1974;0;10
RASIBE;10;15.07.1959;0;10
ZENCI;10;16.11.1956;3;7
SEFO;10;14.08.1950;3;7
CERIHAN;10;6.11.1957;1;9
MELISHAN;10;21.06.1980;0;10
TASDIN;10;25.01.1970;10;0
ZIHAT;10;7.04.1978;10;0
TEMERHAN;10;23.11.1968;10;0
HANEMIR;10;6.05.1961;10;0
MIRTAC;10;11.08.1972;2;8
REHNA;10;15.04.1962;0;10
NAZANDE;10;27.02.1972;0;10
MEYAS;10;24.01.1965;0;10
NEZIFA;10;8.12.1969;0;10
AYSEY;10;2.11.1967;0;10
MAHFIZ;10;28.03.1982;10;0
BURGEHAN;10;14.07.1979;10;0
DOMURCUK;10;7.01.1971;1;9
SALEHATTIN;10;25.04.1957;10;0
MUSLEHATTIN;10;26.07.1965;10;0
MUBERRIN;10;26.03.1962;1;9
TOMUR;10;9.01.1956;6;4
TOLGAR;10;23.02.1979;10;0
YENSUR;10;16.10.1956;10;0
ERIMAN;10;15.08.1952;1;9
GULBATI;10;2.09.1963;0;10
IMAMVERDI;10;14.06.1958;10;0
SAHBAS;10;18.08.1954;10;0
CAHANGIR;10;23.08.1962;10;0
BIRGULE;10;11.07.1959;0;10
SINAZAR;10;20.11.1950;0;10
ERBU;10;9.10.1979;5;5
FESHI;10;11.12.1976;10;0
LEMIN;10;25.11.1965;7;3
TEYZER;10;23.12.1974;1;9
DERHEM;10;25.07.1978;1;9
MAFIYA;10;17.06.1963;0;10
ZEKINAZ;10;18.01.1960;0;10
NANIK;10;27.01.1950;0;10
ERFIDAN;10;5.08.1962;4;6
ALIASLAN;10;23.01.1963;10;0
NERMINGUL;10;3.02.1966;0;10
ERIVAN;10;16.10.1981;1;9
NARMIN;10;28.10.1962;0;10
YOSMAGUL;10;22.06.1969;0;10
SERVEN;10;21.04.1972;7;3
SULAHA;10;15.01.1963;0;10
TUNAN;10;11.03.1974;8;2
SANSIN;10;18.02.1969;3;7
BEKRIYE;10;12.12.1954;0;10
LALAZAR;10;6.07.1951;0;10
LEFKE;10;6.10.1971;0;10
SAFIKE;10;18.10.1960;0;10
SELEHETTIN;10;3.08.1963;10;0
RIHANGUL;10;18.08.1962;0;10
BALSEN;10;14.09.1972;0;10
BAGDASER;10;10.10.1951;0;10
SIYHAT;10;16.09.1960;0;10
GUZEM;10;20.05.1985;0;10
CEMASETTIN;10;24.05.1957;10;0
HASANDEDE;10;1.02.1958;10;0
AYNIS;10;6.11.1966;1;9
MUZADE;10;23.05.1965;0;10
TEVRIZE;10;16.07.1956;0;10
ERDE;10;23.08.1976;4;6
FAZILAT;10;17.09.1961;0;10
PETEN;10;16.01.1946;0;10
IMIRZALI;10;1.01.1965;10;0
MUHUTDIN;10;15.08.1971;10;0
OZLEMNUR;10;7.09.1983;0;10
METIS;10;28.05.1968;3;7
MIHRICIHAN;10;17.11.1953;0;10
TADIL;10;2.12.1951;10;0
MESKAN;10;8.09.1973;7;3
SUDENAZ;10;6.04.1988;0;10
LEHIZA;10;3.12.1961;0;10
TERZI;10;30.04.1953;2;8
ZEKERIA;10;1.08.1970;10;0
MAMIR;10;10.10.1961;4;6
BESDAMI;10;16.07.1973;10;0
SEPNUR;10;20.07.1970;0;10
GUZEMI;10;18.08.1961;0;10
AYCHE;10;16.11.1970;0;10
NIGANE;10;8.11.1954;0;10
GULBUYE;10;5.02.1960;0;10
BEYCET;10;15.09.1960;10;0
FERIKAN;10;29.06.1966;2;8
URMIYE;10;5.10.1950;0;10
DINCOL;10;9.06.1959;10;0
HUDEYDE;10;5.04.1959;0;10
ULYAR;10;14.05.1964;0;10
SAYMUR;10;24.05.1966;0;10
NEFSEN;10;13.02.1970;0;10
NURZET;10;19.07.1966;7;3
HUNZULE;10;19.10.1971;0;10
CANHAN;10;14.06.1977;4;6
DOINA;10;21.04.1973;0;10
SINAP;10;5.10.1963;10;0
NURSEVI;10;10.12.1974;0;10
URVET;10;19.01.1952;0;10
VASVIE;10;5.02.1969;0;10
MEROL;10;24.12.1971;9;1
MUVECEL;10;16.11.1962;0;10
SENNAS;10;27.04.1962;0;10
ZEMEY;10;19.12.1956;0;10
SEYIHAN;10;28.07.1963;5;5
BEGEHAN;10;3.09.1953;0;10
GEVHERI;10;26.04.1950;2;8
UMHANI;10;5.09.1935;0;10
IRGAT;10;8.03.1979;10;0
SERIGUL;10;26.06.1962;0;10
ABDULCENAP;10;5.01.1981;10;0
YAHSAN;10;2.02.1973;6;4
GEVAN;10;29.11.1962;10;0
EVELYN;10;10.08.1965;0;10
HASBETTIN;10;1.08.1960;10;0
ERGEZER;10;4.07.1953;10;0
DURDULU;10;5.07.1954;0;10
GONULHAN;10;6.12.1962;0;10
TAKIDDIN;10;9.06.1964;10;0
SEYIDIYE;10;17.03.1962;0;10
SIRA;10;29.01.1976;0;10
TANYOL;10;17.11.1968;10;0
AYINZELHA;10;12.06.1963;0;10
ALTIOK;10;30.4.1758;8;2
ALICIA;10;26.05.1980;0;10
GONEL;10;4.03.1970;0;10
MUDET;10;17.02.1963;4;6
RAZETTIN;10;13.12.1948;10;0
ANSU;10;18.02.1982;0;10
ALE;10;12.01.1969;0;10
FATUMATU;10;6.08.1969;0;10
TUBAGUL;10;23.02.1987;0;10
YANINA;10;9.10.1976;0;10
KAMERHAN;10;13.03.1973;6;4
ANDA;10;18.05.1979;0;10
AYNERIN;10;6.07.1967;0;10
MUDIYE;10;6.04.1965;0;10
ILMA;10;7.08.1966;0;10
OZANA;10;30.09.1967;0;10
SENUBER;10;30.12.1956;0;10
DOGAKAN;10;29.06.1985;10;0
SELCAY;10;25.10.1977;2;8
YVONNE;10;2.01.1972;0;10
SENDIF;10;29.12.1960;10;0
NURULAH;10;28.10.1981;10;0
DEMSUR;10;19.07.1966;9;1
DURDUHANE;10;2.08.1962;0;10
UMMUSIN;10;21.12.1962;0;10
IMHAL;10;15.04.1961;0;10
MUHIME;10;11.01.1963;0;10
BEYIZE;10;13.12.1947;0;10
SAFRAN;10;15.06.1974;6;4
NIGME;10;26.10.1955;0;10
KIRAMEN;10;30.07.1973;10;0
ZEYT;10;13.03.1978;10;0
SEZAIYE;10;15.08.1947;0;10
TAHIRIYE;10;12.10.1954;0;10
FAYIZA;10;18.01.1959;0;10
HULAKI;10;20.01.1967;10;0
BALKI;10;10.11.1967;3;7
HUTBIYE;10;3.10.1970;0;10
HASSAN;10;3.11.1969;9;1
HOKMIYE;10;20.08.1963;0;10
MANEY;10;30.08.1955;0;10
SEMIHI;10;9.12.1961;9;1
EGMEN;10;2.03.1969;3;7
GULINAY;10;24.08.1982;0;10
PEVRULDANE;10;17.03.1968;9;1
BIRKAL;10;9.04.1974;10;0
MIRET;10;13.09.1968;2;8
TEVEKELLI;10;30.01.1968;10;0
TIBEL;10;11.01.1975;3;7
DUNYAGUL;10;10.06.1979;0;10
GULZAT;10;22.08.1957;1;9
ZALINA;10;21.05.1979;0;10
HALISAN;10;2.09.1966;3;7
RACIHA;10;6.05.1965;0;10
AYTORE;10;8.08.1968;0;10
CAMISAP;10;12.10.1761;10;0
SAMIMI;10;14.06.1959;9;1
MEZUNIYET;10;15.08.1963;0;10
GUNYAMI;10;25.07.1961;10;0
KUTNU;10;21.07.1959;1;9
FARUKE;10;11.08.1965;0;10
ZAFIREN;10;10.02.1962;0;10
MIESE;10;13.12.1954;0;10
HUDO;10;7.05.1961;7;3
SARPAY;10;18.10.1976;9;1
SELENA;10;30.03.1983;0;10
MEHLIVER;10;10.06.1960;0;10
LOUISE;10;8.11.1972;0;10
SEVTAB;10;8.07.1976;0;10
REGINA;10;27.06.1963;0;10
DENNURA;10;7.05.1955;0;10
SENUL;10;26.01.1970;5;5
CEVDEN;10;24.12.1959;4;6
GULZEMAN;10;21.08.1950;0;10
RAMZAN;10;11.05.1976;10;0
SEYBETE;10;29.09.1961;0;10
SELAHTIN;10;3.03.1965;10;0
MUKI;10;17.02.1947;1;9
HEDLAN;10;27.05.1958;0;10
KADERIM;10;21.01.1982;3;7
SEKMEN;10;14.10.1971;10;0
YUSEL;10;4.01.1958;4;6
MAHTAP;10;23.08.1975;0;10
AKKAS;10;19.02.1961;7;3
YASENYA;10;1.02.1991;0;10
ESHAB;10;27.08.1986;9;1
FERFI;10;30.07.1951;0;10
SERBANIYE;10;22.11.1952;0;10
CESMIYE;10;27.03.1967;0;10
EMIRKESUN;10;7.02.1975;0;10
HAMILIYE;10;13.02.1962;0;10
UTE;10;30.03.1961;1;9
FEDAYIM;10;28.09.1958;10;0
ABDULHANAN;10;4.08.1973;10;0
AYISHAN;10;21.02.1945;0;10
TEYHA;10;22.07.1970;0;10
HACIMAHMUT;10;20.04.1970;10;0
INTISAL;10;22.02.1960;0;10
MEVSE;10;14.03.1955;0;10
SEYHIS;10;30.03.1963;10;0
MAYIRE;10;15.09.1958;0;10
ZELIGA;10;12.07.1953;0;10
FIRDUS;10;20.02.1960;0;10
MUSBEH;10;5.05.1968;10;0
SEMSEDTIN;10;28.05.1963;10;0
DERVES;10;12.10.1963;10;0
ISNUR;10;7.01.1972;0;10
ZAIDDIN;10;15.12.1978;10;0
HAMA;10;1.09.1941;3;7
SIDKA;10;11.06.1959;0;10
NEJLIYE;10;23.02.1961;0;10
NECLIHAN;10;13.06.1954;0;10
DIZDAR;10;30.04.1965;9;1
DURGAN;10;9.07.1958;7;3
ABDURRESIT;10;26.08.1943;10;0
RUHIZAN;10;5.07.1960;0;10
BEYSAL;10;6.09.1959;10;0
VACIHE;10;27.05.1963;0;10
RUGAYYE;10;20.04.1977;0;10
ASSA;10;27.05.1944;0;10
MEHAL;10;9.04.1964;0;10
CANTER;10;22.09.1960;0;10
SENDIYE;10;15.03.1964;0;10
EBUZEL;10;29.05.1968;10;0
SYLVIE;10;26.12.1965;0;10
RABIKE;10;26.07.1975;0;10
AZAPAY;10;23.05.1977;0;10
AYNIMA;10;18.02.1962;0;10
GULSAFI;10;11.10.1959;0;10
SONIZ;10;3.11.1967;2;8
SUZULAY;10;28.07.1975;0;10
SAFIREN;10;25.11.1960;0;10
SEYFA;10;17.08.1965;3;7
KARINA;10;1.11.1975;0;10
MUTELLIM;10;22.09.1967;10;0
CLARE;10;5.01.1971;0;10
FERCANI;10;10.04.1955;10;0
OZSEV;10;19.06.1975;3;7
MUZEVVER;10;20.03.1951;0;10
MUZAFFERETTIN;10;18.03.1945;10;0
SELFIDAN;10;12.01.1973;0;10
ELGUL;10;3.09.1960;1;9
MENNUS;10;14.09.1967;3;7
ELISABETA;10;20.06.1973;0;10
FELDA;10;24.03.1977;0;10
BEYSE;10;25.07.1960;1;9
KIYAFE;10;24.04.1958;0;10
HAMPAR;10;30.01.1955;10;0
NARIMA;10;24.09.1958;0;10
ERTU;10;23.04.1974;10;0
ELFAN;10;21.09.1965;7;3
BERHIV;10;7.03.1981;1;9
ISCAN;10;5.12.1964;7;3
BRENDA;10;13.04.1965;0;10
BALABEK;10;22.08.1952;10;0
BENSAN;10;15.04.1971;2;8
GULBU;10;3.11.1971;0;10
LUSYA;10;18.08.1943;0;10
GRETA;10;8.04.1966;0;10
ESTHER;10;21.06.1961;0;10
KARUN;10;17.05.1971;6;4
NERIL;10;1.12.1980;1;9
YILKUT;10;17.05.1967;10;0
UBADE;10;9.12.1983;10;0
EFTAN;10;12.07.1971;7;3
BIREY;10;5.08.1965;4;6
GULHURIYE;10;12.09.1955;0;10
NEZIKA;10;5.11.1962;0;10
FAYDIN;10;23.10.1958;6;4
ARAT;10;22.01.1982;10;0
UGURALP;10;9.01.1981;10;0
BETIM;10;25.09.1985;3;7
MUCADE;10;2.07.1965;0;10
MUNIME;10;2.11.1961;0;10
GULMERAL;10;4.08.1967;0;10
HAKDILER;10;12.08.1981;10;0
YUSSUF;10;6.07.1966;10;0
YANUR;10;18.09.1977;1;9
CANGUR;10;25.02.1970;9;1
BAYEZID;10;30.01.1972;10;0
NEVZADIYE;10;6.12.1956;0;10
ALAHEDDIN;10;27.11.1959;10;0
RAMIHA;10;13.04.1957;0;10
AYATI;10;14.11.1959;10;0
MAMAN;10;17.07.1948;0;10
NIMUS;10;27.12.1949;0;10
MADIHA;10;18.02.1956;0;10
AYYAD;10;28.01.1968;10;0
SERANA;10;18.07.1982;0;10
BEYHAMI;9;16.01.1969;9;0
HADIYA;9;21.12.1963;0;9
MAHAMMET;9;18.08.1963;9;0
BEKAN;9;7.09.1972;8;1
GULSAADET;9;21.07.1958;0;9
RUJDA;9;26.08.1986;1;8
NURCEM;9;19.12.1981;0;9
MUDRIYE;9;4.05.1956;0;9
GULSEVAL;9;12.08.1972;0;9
FATIMETU;9;14.09.1972;0;9
RAMZIYA;9;3.12.1966;0;9
GULEFSAN;9;9.02.1979;0;9
ILYASIN;9;4.03.1969;9;0
SEHAMIT;9;12.01.1971;9;0
HANLI;9;19.03.1954;7;2
KAHINE;9;30.05.1959;0;9
SUZANI;9;27.10.1966;6;3
MUJGEL;9;25.08.1958;0;9
FEREHA;9;29.04.1968;0;9
ENKARI;9;18.11.1976;9;0
KERI;9;19.10.1933;1;8
FATUMETUZ;9;11.12.1942;0;9
ZIYVER;9;1.06.1957;7;2
ORDEGUL;9;22.10.1964;0;9
MEYHUBE;9;16.07.1975;0;9
SENAHA;9;29.2.1967;0;9
SAHARIYE;9;10.04.1955;0;9
YERHAN;9;6.09.1974;8;1
YASSIN;9;21.12.1970;9;0
UMRU;9;22.04.1964;5;4
MADAN;9;14.02.1964;6;3
ISINER;9;17.12.1988;9;0
AYFA;9;9.09.1976;0;9
HURKIYE;9;19.03.1956;0;9
CEBAYIR;9;14.08.1970;1;8
KARAALI;9;20.06.1953;9;0
SENIVER;9;28.09.1962;0;9
YURDEGUL;9;21.07.1960;0;9
ZILFIGAR;9;4.09.1956;9;0
OKCAY;9;5.10.1972;4;5
NAYILA;9;24.09.1962;0;9
HIDO;9;11.04.1936;8;1
AYTUC;9;13.02.1975;9;0
ZERBAN;9;16.06.1972;0;9
MURDANE;9;23.04.1957;0;9
BETTUL;9;21.02.1974;0;9
EDELET;9;9.12.1957;0;9
SERBUN;9;30.2.1987;9;0
IMMIYE;9;6.02.1961;0;9
BERTU;9;12.12.1985;7;2
LEYYA;9;15.01.1979;0;9
HAMITCAN;9;30.12.1986;9;0
URGER;9;29.10.1957;0;9
EFIN;9;20.08.1975;0;9
MANAF;9;13.02.1966;9;0
YEMIN;9;20.01.1964;9;0
GULDEST;9;21.08.1982;0;9
HASAM;9;11.05.1980;9;0
NAVI;9;26.07.1967;8;1
NAHAYET;9;11.03.1973;0;9
SOSUNE;9;21.09.1960;0;9
SURCAN;9;1.06.1977;1;8
MASALLA;9;22.12.1974;0;9
MAROGI;9;12.12.1948;9;0
AVASE;9;1.12.1949;0;9
SILHAN;9;4.07.1971;6;3
KAMILAN;9;16.01.1963;5;4
SAMIK;9;7.04.1947;1;8
CEZAI;9;27.01.1972;9;0
FATAM;9;27.01.1975;0;9
KENCO;9;24.02.1963;8;1
DEYSEM;9;25.11.1974;9;0
HAFSIK;9;19.04.1941;0;9
MURVVET;9;4.05.1985;0;9
VETFIYE;9;24.10.1968;0;9
HOSNAV;9;30.08.1980;9;0
GULICE;9;15.12.1968;0;9
BEYIRE;9;19.09.1953;0;9
INAYETULLAH;9;7.09.1975;9;0
GERIBI;9;21.09.1962;0;9
SAMIYYE;9;28.08.1967;0;9
MIHDO;9;26.08.1946;0;9
VEZIYET;9;11.07.1968;2;7
GULTENE;9;14.09.1947;0;9
HAMDIYA;9;2.11.1969;0;9
ARRUNA;9;18.07.1957;0;9
YUHANIZE;9;20.11.1976;0;9
BUHARE;9;26.03.1961;0;9
CAZO;9;28.11.1932;0;9
DERO;9;13.12.1960;8;1
ZEKIRYA;9;3.01.1972;9;0
GAYRIYE;9;9.04.1958;0;9
SORE;9;30.07.1969;0;9
FAYRIYE;9;8.11.1971;0;9
SAYFETTIN;9;14.04.1968;9;0
INI;9;26.01.1945;0;9
HAZE;9;25.03.1945;0;9
M.MASUM;9;27.07.1964;9;0
FEVAS;9;10.03.1972;9;0
RASIMA;9;29.10.1962;0;9
CELAM;9;14.07.1967;8;1
SELFIC;9;6.05.1950;9;0
HIZNO;9;13.10.1939;0;9
ZEMMI;9;9.08.1954;0;9
VADFA;9;13.06.1953;0;9
<NULL>;9;7.06.1965;5;4
HASMA;9;10.08.1953;0;9
HIFA;9;25.08.1981;0;9
SUPHIYA;9;17.01.1974;0;9
KAHAR;9;18.05.1969;7;2
VESO;9;12.01.1947;0;9
M.SEVKET;9;17.12.1944;9;0
ZUMRUTHAN;9;15.09.1965;0;9
SARDAL;9;12.05.1978;7;2
ERZE;9;11.03.1944;0;9
FEHIT;9;27.06.1968;9;0
NESIYBE;9;26.11.1973;0;9
MUFERREH;9;17.08.1970;3;6
AKRAM;9;17.05.1961;7;2
NEDRE;9;25.10.1952;0;9
NURSAHIN;9;30.10.1973;5;4
NURDENE;9;2.11.1974;0;9
TUBAN;9;1.06.1980;2;7
HIZAME;9;28.06.1955;0;9
SAHRIZA;9;17.07.1958;2;7
ZINDAN;9;2.01.1981;6;3
NURIZ;9;12.11.1970;0;9
CINDIYE;9;5.03.1972;0;9
HAYAM;9;21.10.1980;4;5
SUHAYP;9;20.03.1976;9;0
NURIL;9;1.06.1974;4;5
HIBRI;9;4.03.1948;0;9
ZEBEYDE;9;27.03.1969;0;9
SEBRE;9;10.12.1967;0;9
MIDIYE;9;3.03.1959;0;9
ERZIME;9;10.09.1975;0;9
FAVLUS;9;25.04.1978;9;0
CEMEDI;9;30.09.1962;0;9
SAMOIL;9;4.08.1938;9;0
SERRO;9;26.03.1946;9;0
FABRO;9;5.08.1972;0;9
DILBERI;9;4.04.1979;2;7
FERVET;9;6.12.1968;0;9
GERCIS;9;22.06.1954;9;0
HIRISTINA;9;4.10.1946;0;9
VERDO;9;29.11.1963;2;7
BASIMA;9;2.12.1959;0;9
COZEFIN;9;15.09.1947;0;9
LEVISE;9;15.03.1980;0;9
GEBRAIL;9;7.09.1963;9;0
BENNIYE;9;5.07.1943;0;9
AJDAR;9;7.01.1982;3;6
VILYAM;9;2.07.1978;9;0
KIRISTINA;9;28.03.1975;0;9
MEJDIN;9;6.08.1974;9;0
GULZIN;9;3.05.1981;0;9
TESIHA;9;23.10.1979;0;9
GULAZ;9;26.07.1965;0;9
ABI;9;10.10.1944;8;1
IKTIDAR;9;22.11.1974;3;6
CEKLIN;9;10.01.1971;0;9
SIKKARI;9;18.01.1949;0;9
POLI;9;8.07.1955;4;5
ILLO;9;20.11.1683;8;1
NURIDIN;9;14.02.1969;9;0
AHMAD;9;26.3.1714;9;0
LOZAN;9;8.06.1969;9;0
EHLEM;9;8.02.1982;1;8
SEYFURA;9;19.06.1975;0;9
KUDI;9;22.04.1940;0;9
MAYASE;9;2.01.1979;0;9
BEGU;9;19.09.1955;1;8
IBARHIM;9;17.02.1967;9;0
HEZNIYE;9;5.10.1961;0;9
FILYAS;9;4.09.1980;0;9
DIRE;9;5.07.1957;0;9
ATIKET;9;11.06.1966;0;9
THERESE;9;16.12.1956;0;9
AMRAN;9;18.06.1972;9;0
HUSMUGUL;9;9.08.1968;0;9
KEDERI;9;1.10.1966;0;9
TEMAME;9;22.05.1957;0;9
RUSIN;9;26.07.1981;2;7
SAHDULLAH;9;15.03.1977;9;0
SOMA;9;29.11.1957;0;9
BEDRUS;9;30.04.1965;8;1
MUSUL;9;8.06.1969;8;1
SIVAS;9;6.08.1962;8;1
SOZDEN;9;21.07.1965;1;8
SEVAFA;9;11.09.1968;0;9
MENFIET;9;2.06.1985;0;9
SENEVER;9;30.2.1967;2;7
AYSATA;9;13.06.1968;0;9
ZINDE;9;3.10.1975;2;7
HEJAN;9;11.10.1985;3;6
MUHTASIM;9;9.02.1977;9;0
BENIZAR;9;3.11.1986;0;9
DEVREN;9;10.10.1976;5;4
MUHIDIYE;9;15.11.1969;0;9
RAFYA;9;9.12.1963;0;9
AMET;9;12.02.1975;8;1
MEVAL;9;19.08.1972;1;8
FAGRIYE;9;7.08.1962;0;9
EZBER;9;28.06.1979;8;1
FERZETTIN;9;1.03.1963;9;0
AMRULLAH;9;13.01.1968;9;0
SERHILDAN;9;11.06.1991;5;4
MISBET;9;14.08.1969;0;9
MESCIDE;9;14.01.1973;0;9
NAZLIYI;9;2.02.1955;0;9
NESME;9;7.11.1957;0;9
CUMANA;9;15.08.1971;0;9
LORANS;9;6.10.1955;0;9
EYSEM;9;1.04.1982;3;6
HAPIP;9;11.01.1960;9;0
PELLI;9;29.01.1960;0;9
HEMAMI;9;25.04.1951;0;9
ZEYTUNI;9;12.09.1962;0;9
MERDIE;9;5.06.1975;0;9
BESRIN;9;18.02.1974;4;5
MIHITTIN;9;21.09.1961;9;0
MEYSIYE;9;30.10.1970;0;9
NEBIHET;9;27.02.1972;0;9
GULIHSAN;9;2.07.1957;1;8
NAVRIZE;9;17.12.1962;0;9
GULICIN;9;27.09.1959;0;9
MIHAT;9;2.10.1971;8;1
CUMAYLI;9;24.02.1968;9;0
SANE;9;3.01.1962;0;9
HULFET;9;16.04.1953;1;8
HURMUYE;9;2.06.1964;0;9
ZULUYA;9;20.12.1964;0;9
MEVLUYA;9;27.11.1963;0;9
NITA;9;1.07.1968;1;8
IRENGUL;9;10.12.1967;0;9
IMMANI;9;3.11.1964;0;9
IRAFIYE;9;29.09.1958;0;9
NAFIDAR;9;26.09.1956;0;9
SURHAP;9;24.09.1970;9;0
DIJLEHAN;9;12.01.1969;0;9
MIHTER;9;27.11.1960;0;9
SEKKURE;9;29.04.1960;0;9
URYA;9;21.03.1963;3;6
KAZIMA;9;6.09.1936;0;9
AYTURAL;9;3.04.1968;8;1
SAYGAN;9;9.05.1956;3;6
SEMIAN;9;27.12.1746;0;9
TECAN;9;3.05.1970;0;9
YUKABET;9;5.06.1970;0;9
FEHMINE;9;1.09.1965;0;9
SEHIRBANI;9;30.04.1951;0;9
AKANAY;9;9.02.1974;7;2
SERAFEDIN;9;20.09.1961;9;0
ASSE;9;11.01.1960;0;9
SEVILKAN;9;14.01.1969;0;9
HABILI;9;26.03.1959;2;7
CESNI;9;21.12.1959;0;9
SEFAYIR;9;10.01.1970;5;4
IBUS;9;26.10.1943;9;0
FATYAN;9;5.01.1949;0;9
ADIDE;9;18.08.1971;0;9
SEMRAIL;9;14.07.1963;1;8
BEYNAZIYE;9;13.11.1967;0;9
LEVKA;9;6.06.1956;0;9
GULDU;9;9.04.1950;0;9
HACIDEDE;9;13.08.1957;9;0
ARDAG;9;12.01.1980;8;1
ZECAN;9;16.02.1965;0;9
GIYASETDIN;9;28.06.1968;9;0
OLSAN;9;11.11.1983;8;1
NAHIDIYE;9;1.11.1968;0;9
VILTAN;9;25.04.1966;0;9
NECEATTIN;9;3.01.1963;9;0
MUHASIN;9;10.06.1960;5;4
FEYIZA;9;19.10.1980;0;9
GUCUK;9;21.03.1942;7;2
NEMINE;9;19.02.1959;0;9
GULPAMUK;9;1.04.1964;0;9
MUALLIM;9;11.04.1969;9;0
TAKTIR;9;20.03.1978;4;5
SERCAY;9;28.04.1983;5;4
MIRSAN;9;2.07.1961;5;4
MIGRAC;9;12.09.1972;4;5
OZGULEN;9;26.07.1977;2;7
NORITTIN;9;8.12.1958;9;0
AYTEM;9;22.11.1974;0;9
DILEKCAN;9;28.07.1983;0;9
SERAFIYE;9;4.10.1958;0;9
SEDENUR;9;28.10.1966;0;9
ATASEVER;9;14.07.1974;9;0
MAIGUL;9;24.09.1949;0;9
NEZAMET;9;7.03.1955;5;4
SAKIT;9;10.03.1962;8;1
TANAR;9;8.06.1964;9;0
VESAYI;9;28.08.1968;9;0
NIYAMI;9;6.07.1970;9;0
DURBIYE;9;24.07.1955;0;9
CUMAYIL;9;28.08.1971;8;1
ERSUNAL;9;12.01.1971;9;0
GULIHA;9;2.10.1963;0;9
SIDDIGA;9;21.09.1957;0;9
ZEYHAT;9;20.05.1959;7;2
BENZIYE;9;2.05.1954;0;9
ZEMMIYE;9;23.07.1943;0;9
OZYAR;9;9.11.1955;4;5
OZLEYEN;9;22.07.1971;0;9
MUSEBBIHE;9;24.02.1953;0;9
DEKAN;9;7.05.1974;9;0
FINAL;9;27.12.1973;2;7
OZRA;9;19.01.1979;0;9
LILGUN;9;10.10.1968;0;9
SEVKICAN;9;9.04.1962;2;7
SELFIHAN;9;14.05.1978;0;9
TUG;9;23.02.1968;5;4
GULAYAN;9;6.09.1967;0;9
SHORENA;9;19.07.1975;0;9
DAMLASU;9;25.08.1989;0;9
ARDEM;9;28.12.1955;1;8
RUKEYYA;9;20.10.1980;0;9
CEVHAIR;9;5.11.1963;0;9
NEJAN;9;30.08.1982;2;7
GULGONUL;9;24.09.1957;0;9
GULEHAN;9;29.01.1970;0;9
TEVDE;9;1.07.1961;0;9
DURIYA;9;1.06.1955;0;9
SIVAT;9;16.11.1962;8;1
SARAL;9;24.08.1967;8;1
YAMILE;9;27.01.1966;0;9
ERDICAN;9;17.08.1987;7;2
RAZIFE;9;26.02.1966;0;9
MUCAHETTIN;9;7.07.1958;9;0
RIZVANE;9;25.02.1955;0;9
SEYFULLA;9;17.02.1962;9;0
NUHUT;9;1.10.1959;9;0
VERDIN;9;25.04.1966;8;1
HAZBULLAH;9;4.10.1978;9;0
NESLIBEY;9;4.04.1963;9;0
VEHAB;9;29.10.1965;9;0
TEMURCIN;9;5.03.1950;9;0
FEDRIYE;9;4.10.1961;0;9
SAHRAN;9;26.01.1972;4;5
SEBNEN;9;9.03.1982;0;9
SEHABE;9;2.10.1954;0;9
EMRULLA;9;13.04.1961;9;0
ILLAS;9;6.08.1963;9;0
HAVZIYE;9;13.10.1961;0;9
SAYEBAN;9;15.08.1951;0;9
NURGULAY;9;16.04.1972;0;9
DURSUNKIZ;9;15.10.1947;0;9
KUDRETIYE;9;1.09.1950;0;9
BEDAYET;9;18.10.1959;5;4
NEVASER;9;24.01.1955;0;9
TALEHA;9;20.01.1965;0;9
SEFIYETE;9;23.08.1968;0;9
RUSGAT;9;25.10.1964;0;9
LEVAN;9;18.06.1962;3;6
SISMAT;9;6.01.1946;0;9
NAHIZAR;9;11.03.1948;0;9
HEME;9;20.08.1953;2;7
VECEHAT;9;2.07.1962;1;8
ELFA;9;21.09.1974;1;8
HURIYYE;9;16.03.1962;0;9
RUKEYYE;9;17.08.1981;0;9
REVAH;9;16.03.1967;2;7
BELIMAN;9;2.07.1962;0;9
SENGULE;9;20.03.1962;0;9
MERVI;9;15.04.1984;1;8
NURSENGUL;9;6.04.1971;0;9
AKYILDIZ;9;4.12.1938;1;8
SANIK;9;18.07.1954;0;9
MUDESSIM;9;9.02.1942;9;0
SADER;9;19.09.1962;3;6
ONGAN;9;30.10.1982;9;0
EFLAL;9;9.05.1983;0;9
EMETIYE;9;14.05.1958;0;9
KIBAYET;9;29.2.1965;0;9
VELIMAN;9;26.07.1964;0;9
MUAMET;9;1.01.1966;9;0
ARSLANALI;9;21.06.1965;9;0
SAMRAN;9;18.12.1958;0;9
GAVSI;9;26.04.1965;9;0
TOHAN;9;7.12.1976;9;0
EMRAK;9;21.07.1970;9;0
CAKIRIYE;9;5.09.1967;0;9
VELYEDDIN;9;8.11.1965;9;0
GURSUNE;9;10.10.1954;0;9
BULCAN;9;18.07.1962;5;4
HASER;9;6.07.1951;7;2
FELYA;9;1.12.1978;0;9
BENDIHAN;9;1.10.1959;0;9
GULFISAN;9;15.05.1956;0;9
SAFAI;9;1.01.1959;5;4
KURTMEHMET;9;29.06.1961;9;0
SEFAN;9;30.06.1977;5;4
TALIFE;9;15.08.1952;0;9
VESEL;9;1.01.1968;9;0
SEFAITTIN;9;18.11.1952;9;0
SERFIL;9;28.12.1976;0;9
VAHADDIN;9;24.04.1957;9;0
MEVSIRE;9;26.09.1963;0;9
TOYKAN;9;12.04.1983;9;0
NURLA;9;5.01.1971;4;5
HUNAR;9;30.03.1955;1;8
MESMURIYE;9;19.02.1955;0;9
MESIYA;9;19.09.1962;4;5
IRADIYE;9;16.08.1957;0;9
FEVZINUR;9;4.03.1964;3;6
GUMRIYE;9;23.08.1966;0;9
KAMILEN;9;20.10.1970;1;8
MITRA;9;14.03.1967;0;9
CEMBIYE;9;11.10.1957;0;9
FIDEVS;9;7.11.1968;0;9
RAGIF;9;11.12.1973;9;0
KIBRAN;9;6.05.1969;2;7
VEDIT;9;6.12.1960;8;1
SAIDDIN;9;18.03.1958;9;0
SUTEN;9;21.05.1953;0;9
ARSLANKIZ;9;10.06.1967;0;9
ATIGUL;9;6.01.1954;0;9
GULATUN;9;21.04.1953;0;9
MURADETTIN;9;20.09.1967;9;0
CEDDI;9;24.03.1968;8;1
RAYA;9;29.10.1962;0;9
OZGUCAN;9;24.03.1985;6;3
CANBABA;9;16.11.1748;9;0
MEKNUN;9;27.12.1962;4;5
ABBASI;9;11.09.1966;9;0
SEVINCGUL;9;17.07.1966;0;9
GOKTUNC;9;5.04.1985;9;0
TANJER;9;9.11.1959;6;3
GAYANE;9;6.05.1970;0;9
LOKMANHEKIM;9;11.09.1977;9;0
GUNESE;9;1.12.1965;0;9
OZNEM;9;2.09.1979;0;9
MUZEYIM;9;30.05.1967;1;8
ELLES;9;2.10.1954;8;1
SARAGUL;9;14.03.1975;0;9
MEYSUR;9;12.09.1969;2;7
GULZEREN;9;10.05.1965;0;9
HAYADI;9;9.11.1962;9;0
ULMAN;9;13.05.1960;7;2
MEDAYI;9;12.10.1967;8;1
ELHAMIYE;9;4.10.1961;0;9
PAPUL;9;28.10.1949;0;9
GULHAMIDE;9;14.01.1968;0;9
NUTU;9;1.12.1957;8;1
MELISAH;9;21.06.1968;4;5
EDIHAN;9;1.05.1975;2;7
MADILE;9;19.07.1960;0;9
SAHVERE;9;26.11.1947;0;9
EZGUN;9;29.11.1968;6;3
HIKLIME;9;12.09.1958;0;9
EDISUN;9;11.01.1979;9;0
KAMAN;9;14.09.1960;4;5
APTIKERIM;9;22.04.1947;9;0
ZIYATDIN;9;29.04.1963;9;0
GULNER;9;26.11.1958;2;7
NURFIDA;9;8.04.1967;0;9
HACIYLE;9;9.03.1947;0;9
RIDADE;9;20.01.1979;0;9
SEDEFNUR;9;4.12.1984;0;9
GUNYAZ;9;23.12.1959;1;8
NURESER;9;12.04.1960;0;9
FERHINDE;9;29.08.1951;0;9
UMANI;9;14.01.1961;0;9
HEDAKER;9;7.04.1945;0;9
TEKKE;9;29.06.1952;9;0
TELIN;9;5.05.1979;0;9
MISIR;9;2.09.1945;7;2
BASEL;9;19.06.1966;5;4
ULFETIYE;9;16.08.1950;0;9
DURDAL;9;22.03.1971;5;4
KEZZO;9;2.12.1940;0;9
ELIHA;9;1.01.1951;0;9
BEYDOGAN;9;29.01.1955;9;0
UZGU;9;11.04.1974;8;1
CECO;9;13.09.1941;4;5
DAGUT;9;18.02.1958;9;0
EHMET;9;20.07.1955;9;0
SULHA;9;1.02.1969;1;8
GULIY;9;21.06.1947;0;9
SEVENCAN;9;12.02.1968;3;6
TAMEL;9;6.09.1969;9;0
REMLA;9;19.07.1970;0;9
MUJDETTIN;9;8.01.1973;9;0
TAYFE;9;1.10.1953;0;9
HABESI;9;15.02.1973;9;0
NUSRED;9;29.07.1962;9;0
SAFATTIN;9;29.2.1966;9;0
MEHRIHAN;9;13.11.1967;0;9
VEZZIHA;9;9.04.1957;0;9
ERHAMI;9;5.03.1969;9;0
AHUGUL;9;26.05.1987;0;9
SONBAY;9;11.08.1969;8;1
SASA;9;13.01.1942;3;6
ANTIGA;9;4.11.1961;0;9
KUBURA;9;29.04.1964;0;9
MUPTELA;9;22.09.1950;0;9
GULUK;9;22.06.1948;0;9
SEBEHADDIN;9;1.02.1955;9;0
TAHRAN;9;16.11.1973;5;4
AYTENGUL;9;8.05.1970;0;9
SARETTIN;9;14.05.1971;8;1
ENAS;9;9.01.1977;7;2
ABDULSEDDAR;9;4.05.1975;9;0
KUBRAY;9;27.01.1985;2;7
GULSAFAK;9;15.09.1973;0;9
NIGAHBAN;9;6.11.1938;0;9
REHAL;9;7.03.1962;2;7
RAKI;9;26.11.1942;4;5
VEBIHA;9;3.10.1962;0;9
SERINA;9;19.03.1980;0;9
NUGRULLAH;9;18.07.1971;9;0
LALAHANIM;9;1.08.1942;0;9
NEVSAT;9;23.11.1956;8;1
HAMZADE;9;12.02.1954;1;8
GUZLE;9;4.09.1964;0;9
TURNAGUL;9;30.01.1981;0;9
ABDULSAIT;9;29.09.1961;9;0
MIHRIS;9;1.11.1950;5;4
ALADTIN;9;25.06.1964;9;0
ARSLANBEY;9;9.06.1951;9;0
EKRAMIYE;9;15.02.1959;0;9
MEKEHAN;9;14.06.1957;0;9
NASIHAN;9;17.02.1969;0;9
DEMIRHANE;9;7.11.1944;0;9
GULFAME;9;23.10.1955;0;9
YAKIM;9;4.02.1960;9;0
MAKSUN;9;26.06.1973;9;0
RUZIGUL;9;25.02.1959;0;9
BIRDOGAN;9;9.03.1974;8;1
NAMIDER;9;8.03.1973;9;0
MUHIYET;9;29.10.1956;0;9
HURIS;9;25.04.1969;4;5
VESALETTIN;9;10.07.1949;8;1
BILYAMI;9;24.11.1968;9;0
NIHADIYE;9;25.11.1959;0;9
PEKAN;9;29.11.1975;5;4
FERDEN;9;5.04.1964;2;7
HULMUS;9;22.01.1952;0;9
YETGINER;9;4.06.1964;9;0
KURBANGUL;9;5.10.1964;0;9
MENBER;9;11.12.1969;1;8
TUGA;9;29.03.1981;4;5
SENALI;9;15.01.1973;9;0
SAFFER;9;17.02.1952;0;9
HIRIZMALI;9;16.01.1949;0;9
SIMANUR;9;2.07.1983;0;9
ELBAY;9;27.05.1969;7;2
ASAL;9;17.01.1965;7;2
FETAHATTIN;9;5.05.1955;9;0
HANZELE;9;10.04.1985;9;0
PERICIHAN;9;9.11.1953;0;9
NERGILE;9;13.09.1961;0;9
KEKKO;9;13.07.1937;9;0
UZAR;9;9.02.1967;3;6
COLBEYI;9;11.04.1958;9;0
NEZANI;9;16.04.1954;0;9
HAYDARI;9;3.11.1964;8;1
PELIZA;9;14.11.1972;0;9
PERUL;9;12.04.1974;8;1
SEVDAHAN;9;18.09.1981;0;9
TURSUNA;9;16.02.1946;0;9
SEVINDJ;9;13.08.1973;0;9
PEHLEVAN;9;18.07.1957;9;0
KUPERIYA;9;17.09.1962;0;9
KAMERI;9;23.01.1954;0;9
DERSU;9;15.01.1985;4;5
KUPERIYE;9;1.10.1963;0;9
YURSEL;9;28.09.1967;1;8
AYFAN;9;6.06.1966;1;8
MUSACAN;9;19.04.1985;9;0
HAVVAHANIM;9;20.01.1969;0;9
ZEKAYE;9;28.03.1966;8;1
RUKI;9;13.10.1967;6;3
SEYMAGUL;9;18.08.1987;0;9
PIRAY;9;24.06.1976;5;4
REYFI;9;11.05.1962;7;2
MAHYA;9;2.02.1968;0;9
HEVRA;9;19.02.1973;1;8
GULYAGI;9;18.12.1959;0;9
ORSEN;9;22.12.1975;4;5
MUGMINE;9;4.03.1968;0;9
MELAHATTIN;9;9.12.1952;0;9
MEHSUR;9;20.07.1964;3;6
AYESER;9;22.07.1961;0;9
NEGUN;9;27.03.1972;2;7
KIRHAN;9;3.09.1965;8;1
RAHMETTIN;9;4.06.1960;9;0
MUSLUHITTIN;9;15.02.1974;9;0
LEDUN;9;10.04.1977;2;7
DASKIN;9;17.03.1964;9;0
SEBU;9;25.06.1962;4;5
PEKAY;9;8.04.1964;0;9
RUKIZAN;9;7.04.1954;0;9
HUCUM;9;12.09.1965;9;0
EVGENIYA;9;25.08.1973;0;9
VILCAN;9;27.02.1973;0;9
IREMNUR;9;19.04.1989;0;9
VERDINAZ;9;16.09.1955;0;9
SEVIYYA;9;7.05.1969;1;8
ESBAHAR;9;19.06.1975;0;9
LALIFE;9;2.11.1956;0;9
HALANUR;9;5.03.1967;0;9
CELALATTIN;9;7.06.1963;9;0
TAHLI;9;26.03.1963;3;6
OLHA;9;16.09.1976;0;9
OZDEYIS;9;21.10.1987;2;7
SEBIYLA;9;23.11.1974;0;9
ECENAZ;9;30.01.1988;0;9
BERIKE;9;15.11.1953;0;9
NEZMITTIN;9;20.06.1952;9;0
MUSADIR;9;29.05.1962;9;0
MESIN;9;27.02.1968;4;5
KENTER;9;22.04.1979;9;0
HEDOS;9;2.05.1946;0;9
MENEFS;9;4.12.1943;0;9
SEHBAN;9;27.07.1961;5;4
SAMALI;9;11.12.1958;9;0
HASANHAYRI;9;12.06.1965;9;0
FACIRE;9;11.03.1953;0;9
SEDER;9;6.06.1976;5;4
GULDURAY;9;2.11.1976;0;9
FIKRIYA;9;10.04.1966;0;9
KOLI;9;24.02.1940;2;7
ABDULMEVLA;9;5.06.1973;9;0
HIZARE;9;9.09.1968;0;9
LEFIFE;9;14.05.1959;0;9
TEYFUN;9;3.06.1975;9;0
HANALI;9;17.07.1956;9;0
ABDULGAHAR;9;24.09.1961;9;0
HIRI;9;14.04.1943;0;9
KESFETTIN;9;3.05.1959;9;0
AMI;9;2.12.1936;6;3
BEDEVYE;9;9.01.1969;0;9
CUZEYRI;9;25.01.1969;9;0
BILGEC;9;14.10.1967;7;2
SUYLEMEZ;9;28.05.1976;0;9
NURO;9;19.07.1951;9;0
MEHRA;9;22.12.1974;0;9
FARRUK;9;7.12.1969;9;0
ETLES;9;9.02.1969;0;9
MINEDIYA;9;14.09.1980;0;9
MUNEDIYE;9;4.08.1964;0;9
YADISAH;9;22.03.1977;0;9
ASUMA;9;10.05.1964;0;9
ELFEZIYA;9;12.12.1972;7;2
SAIK;9;17.09.1957;8;1
SERMIYAN;9;28.03.1967;5;4
ZORAF;9;5.01.1958;9;0
UMUYE;9;16.03.1960;0;9
GULIK;9;25.10.1957;1;8
SULEMAN;9;24.10.1973;9;0
MENSUP;9;1.04.1965;9;0
ZORI;9;3.05.1949;0;9
UMITYASAR;9;21.02.1973;9;0
M.SAHIN;9;6.07.1956;9;0
INCIL;9;22.12.1971;3;6
NISVICIHAN;9;15.08.1969;0;9
GEJE;9;10.02.1965;0;9
PURES;9;5.02.1960;0;9
HUSROF;9;7.11.1957;9;0
YUZCAN;9;20.06.1980;2;7
NURHEDA;9;5.08.1981;0;9
ZINIK;9;14.07.1955;0;9
YENGUL;9;26.01.1978;0;9
HAZEP;9;8.10.1963;0;9
ZUKRIYE;9;4.04.1952;0;9
KURDET;9;8.10.1980;0;9
AHIRYE;9;21.01.1979;0;9
SAITNUR;9;8.04.1981;9;0
ABDULEHET;9;15.12.1968;9;0
KANTO;9;20.04.1941;0;9
MEGBULE;9;5.03.1965;0;9
MIRZAMEMET;9;14.06.1956;9;0
SEREFATTIN;9;19.01.1971;9;0
CETER;9;2.03.1971;9;0
HAVSAT;9;23.07.1958;0;9
EBUZIYA;9;9.05.1960;9;0
BAYRO;9;6.01.1955;9;0
SEMAMA;9;11.03.1957;0;9
SULHATIN;9;27.06.1965;9;0
GULBET;9;19.05.1966;1;8
FIRIK;9;23.08.1954;6;3
TASIME;9;30.10.1967;0;9
BILGILI;9;25.05.1966;6;3
SAMAAT;9;13.07.1956;0;9
TEKYETTIN;9;3.06.1966;9;0
GAYIBE;9;12.10.1961;0;9
SAHABETDIN;9;21.04.1965;9;0
CINO;9;5.09.1944;3;6
SAMAME;9;12.11.1948;0;9
YEMLI;9;23.11.1967;8;1
SAILA;9;24.04.1972;0;9
MEHTABE;9;17.09.1953;0;9
MINARE;9;17.03.1953;0;9
KURTI;9;10.04.1952;0;9
EYDI;9;9.09.1957;2;7
MUDRIK;9;1.07.1974;9;0
SEMUS;9;17.04.1966;3;6
ZEKYE;9;30.01.1956;0;9
HAMIDA;9;15.08.1966;0;9
GEZIM;9;22.09.1971;0;9
MINHAC;9;27.09.1962;2;7
MEYAZ;9;8.06.1971;1;8
SUYLAN;9;18.06.1973;0;9
SELBINAS;9;3.10.1957;0;9
FEDAL;9;2.12.1965;3;6
USTUNDAG;9;18.11.1975;9;0
DURSAH;9;25.11.1961;1;8
BAHREDDIN;9;13.08.1962;9;0
HOSUN;9;10.02.1948;8;1
ABDULGARIP;9;14.03.1972;9;0
ORFET;9;30.11.1954;4;5
YEDA;9;7.10.1986;1;8
KAVUS;9;10.07.1957;4;5
LEYLAK;9;30.2.1948;0;9
CUNEYID;9;5.01.1972;9;0
MUAZAZ;9;14.06.1966;0;9
URUNGU;9;28.07.1970;9;0
NURPELIN;9;30.06.1985;0;9
SUHI;9;12.04.1952;3;6
MEZULE;9;7.07.1966;0;9
VAHBETTIN;9;18.08.1969;9;0
MEHME;9;10.08.1982;9;0
ELFIZA;9;27.09.1944;0;9
IJLAY;9;9.09.1974;0;9
MUHRE;9;19.09.1953;3;6
IMADITTIN;9;5.02.1957;9;0
FEMIL;9;28.01.1963;9;0
FISSUN;9;28.01.1963;0;9
TORGAY;9;12.06.1957;8;1
REGUL;9;12.12.1961;0;9
ZULUFKAR;9;12.06.1970;7;2
MUNIZE;9;25.03.1959;0;9
SUZYAN;9;9.04.1973;0;9
LULFER;9;27.10.1966;0;9
SAINDE;9;30.01.1958;0;9
DEMIRYASA;9;30.09.1956;9;0
AGAN;9;20.06.1955;9;0
MUTTULLAH;9;7.07.1966;9;0
SEVCIYAN;9;24.03.1963;0;9
ULDUZ;9;29.11.1972;0;9
RUHIDDIN;9;30.2.1953;9;0
IRSALIYE;9;15.09.1957;0;9
RAGAIP;9;17.09.1980;7;2
MERBAN;9;26.06.1965;1;8
IBOS;9;7.03.1955;9;0
KURSAN;9;12.06.1962;7;2
SEMANE;9;24.08.1960;0;9
NILAFER;9;17.09.1946;0;9
ZEYNELABDIN;9;17.05.1966;9;0
NURDANI;9;18.08.1963;0;9
RUHIYYE;9;9.11.1976;0;9
SEVCIVAN;9;7.10.1969;0;9
SEREFETDIN;9;24.01.1961;9;0
SELAP;9;12.03.1968;0;9
EFTAR;9;10.07.1964;8;1
ADAK;9;28.08.1963;5;4
GULESRA;9;6.06.1983;0;9
SUCAHATTIN;9;22.05.1965;9;0
FELAHATTIN;9;22.02.1964;9;0
ILSAN;9;15.02.1963;5;4
PEKGUZEL;9;20.03.1963;0;9
VAYISE;9;5.11.1960;1;8
GULYAGDA;9;10.07.1949;0;9
RAZIM;9;27.12.1963;9;0
SENDAY;9;2.10.1971;4;5
FILISE;9;27.05.1969;0;9
MERSE;9;28.05.1955;0;9
DIRSEHAN;9;3.08.1978;9;0
SAFFETE;9;18.06.1950;0;9
NEZAYI;9;29.08.1963;6;3
HUSNAY;9;28.06.1972;1;8
NUHIDE;9;6.12.1964;0;9
BUKRIYE;9;6.01.1952;0;9
GURSANS;9;2.12.1971;0;9
TULEZ;9;10.10.1959;0;9
SERTCAN;9;9.02.1982;9;0
ASPURCE;9;18.08.1989;0;9
TELNUR;9;7.07.1969;0;9
SENSOZ;9;9.05.1950;3;6
RIDAYETTIN;9;8.08.1969;9;0
KARAOGLAN;9;15.01.1964;9;0
BUHATTIN;9;9.04.1975;9;0
BAHDIN;9;23.07.1965;9;0
ZUREF;9;14.11.1959;9;0
SEVILMIS;9;20.02.1936;0;9
MESHUDIYE;9;30.01.1962;0;9
GORGI;9;21.10.1968;8;1
HOSREV;9;6.05.1963;9;0
ENGEL;9;2.01.1970;6;3
EBUGULSUM;9;1.07.1982;0;9
SEREY;9;23.06.1960;0;9
ARGON;9;15.04.1947;9;0
DUYGAN;9;8.06.1982;7;2
BIRER;9;21.09.1962;9;0
NOREN;9;12.09.1952;0;9
GULZERI;9;18.07.1960;0;9
HUMEYDA;9;16.08.1975;0;9
MELIAT;9;29.10.1962;0;9
CEHADIYE;9;24.04.1948;0;9
SIZER;9;4.05.1967;2;7
NAGIYAN;9;8.04.1969;0;9
NAZIREN;9;9.10.1972;0;9
BILGITAY;9;14.02.1975;9;0
HERGUNER;9;18.09.1953;9;0
SAYRE;9;20.06.1974;0;9
MAHTER;9;29.12.1956;1;8
CAHIBE;9;2.01.1969;0;9
SERACATTIN;9;8.02.1964;9;0
RUHISEL;9;5.04.1955;1;8
MANSURIYE;9;16.05.1963;0;9
HUKKAS;9;21.12.1941;9;0
SUNAHAN;9;29.01.1974;0;9
MUESSERE;9;15.03.1958;0;9
IRAHME;9;11.05.1952;0;9
TEVSIRE;9;11.11.1961;0;9
ALTUGHAN;9;21.10.1985;9;0
YEMENGUL;9;9.01.1967;0;9
AYSIRIN;9;19.06.1974;0;9
MUSALLIM;9;14.01.1965;9;0
AYINE;9;30.12.1946;0;9
IMSER;9;20.06.1964;1;8
LEYSA;9;7.11.1970;0;9
EMINEHAN;9;14.03.1967;0;9
ALAMEDIN;9;14.05.1966;9;0
KAMEL;9;13.09.1966;6;3
VISALETTIN;9;7.06.1951;9;0
MESDAN;9;2.09.1956;9;0
ZAHMET;9;15.04.1972;6;3
SENAHAT;9;24.09.1965;0;9
RABITE;9;14.09.1968;0;9
GULVIZAR;9;20.07.1959;0;9
SERPNUR;9;11.03.1956;0;9
TAHIYE;9;21.08.1955;0;9
NISANER;9;26.09.1969;9;0
SAFAETTIN;9;28.11.1961;9;0
SENHAN;9;20.10.1971;3;6
YURDUSAN;9;21.12.1964;0;9
EFRIZ;9;25.02.1960;0;9
ARMA;9;8.05.1976;5;4
SOHBAN;9;21.06.1948;0;9
GOYCEK;9;18.04.1959;0;9
MUKATTIS;9;21.09.1969;0;9
RESINAZ;9;17.03.1952;0;9
ICEL;9;21.05.1970;5;4
CEYHA;9;11.04.1960;0;9
FERAMERZ;9;13.11.1972;9;0
UMUMGULSUM;9;28.05.1972;0;9
TUGGAN;9;22.02.1978;8;1
BUNEFS;9;22.01.1957;0;9
ABBASKULU;9;1.12.1949;9;0
SELVERI;9;3.12.1943;4;5
MUTIH;9;27.08.1971;9;0
HUDBETTIN;9;20.05.1970;9;0
ASIYENUR;9;19.09.1981;0;9
BELGA;9;29.11.1978;0;9
ESMEPERI;9;23.02.1953;0;9
SOYLEN;9;27.10.1972;0;9
HIVIYE;9;28.08.1976;0;9
SEFIRA;9;26.01.1966;0;9
ADILYE;9;3.02.1967;0;9
BEYGUL;9;28.03.1975;0;9
SONAYI;9;7.04.1979;1;8
ZIMRETE;9;14.01.1964;0;9
HUCRETE;9;28.02.1967;0;9
SEYITCAN;9;22.12.1979;9;0
VATHIYE;9;28.06.1957;0;9
SETRETTIN;9;12.01.1959;9;0
SIYASER;9;6.11.1964;4;5
HUBEYDULLAH;9;13.11.1974;9;0
GULSIYA;9;9.04.1975;0;9
NAZDAN;9;23.11.1978;0;9
HUZEYNE;9;24.01.1953;0;9
TUMAN;9;4.02.1972;9;0
EZETTIN;9;5.12.1964;9;0
SUNAYET;9;8.06.1974;0;9
BADIR;9;30.11.1967;9;0
MAKFURE;9;19.02.1960;0;9
BERCET;9;2.05.1975;9;0
TILI;9;16.07.1964;3;6
SUHBAN;9;30.03.1942;0;9
HIZBETULLAH;9;25.01.1973;9;0
AZATTIN;9;19.05.1970;9;0
HETAYI;9;6.07.1946;0;9
ESALEDDIN;9;9.10.1956;9;0
SERMAY;9;26.08.1966;0;9
TIFTIK;9;20.09.1946;1;8
SAFIR;9;4.05.1961;2;7
ADIF;9;21.06.1957;3;6
PUPI;9;13.06.1947;0;9
ZEMIDE;9;30.09.1973;0;9
CIRIHAN;9;19.09.1979;0;9
SUTU;9;20.05.1941;5;4
MUAFIK;9;12.04.1972;9;0
HAMIRA;9;19.11.1950;0;9
SAVA;9;2.03.1961;6;3
FIREYDUN;9;27.03.1979;9;0
HAYZO;9;15.05.1941;0;9
RABIN;9;25.10.1979;8;1
MELIL;9;27.09.1967;2;7
IMBAT;9;25.01.1974;5;4
SUNGUN;9;14.08.1976;6;3
FENAR;9;14.01.1953;3;6
ZER;9;25.04.1959;3;6
IFRAZ;9;19.06.1971;5;4
HANAHMET;9;13.05.1943;9;0
CEVI;9;3.12.1949;0;9
NESINE;9;22.10.1955;0;9
ZUBERCET;9;20.03.1963;0;9
NAHSI;9;1.09.1962;2;7
SUPHUYE;9;22.08.1970;0;9
TAYYIBA;9;20.08.1958;0;9
MIRSEN;9;21.08.1962;0;9
FETIYYE;9;6.09.1956;0;9
MADES;9;5.07.1960;0;9
CASIYE;9;7.01.1975;0;9
MULIS;9;4.07.1967;9;0
EDEVIYA;9;24.05.1968;0;9
SERIKA;9;5.06.1947;0;9
ATALAN;9;21.12.1947;9;0
LUKET;9;23.08.1966;0;9
BAGDAD;9;29.01.1959;0;9
MUSUKE;9;29.12.1960;0;9
HAVUZE;9;13.07.1962;0;9
CANSOY;9;20.03.1981;9;0
BERFIM;9;14.01.1989;0;9
SEVYA;9;1.05.1974;0;9
RECABIYE;9;29.09.1954;0;9
GULDURNA;9;30.04.1959;0;9
YURTARSLAN;9;18.07.1955;9;0
AKANA;9;26.10.1947;0;9
MUSTABEY;9;27.05.1958;9;0
SAYINDER;9;23.06.1965;0;9
ZILFALI;9;16.03.1956;9;0
SINEGUL;9;19.11.1966;0;9
VESPIYE;9;26.05.1953;0;9
FEHRET;9;26.04.1967;9;0
NURAK;9;3.09.1977;5;4
DASO;9;11.06.1940;9;0
YAYLABEY;9;23.09.1969;9;0
UCER;9;19.01.1954;9;0
ILBAS;9;10.10.1962;4;5
ZIYNAT;9;9.04.1964;0;9
KEREMSAH;9;14.02.1980;9;0
MEYRAMAN;9;13.03.1964;0;9
INCER;9;2.06.1973;2;7
ALYAR;9;2.03.1961;8;1
GUMUSE;9;30.04.1952;0;9
VEHDET;9;14.03.1961;9;0
MURSETTIN;9;6.01.1967;9;0
ZULUFET;9;7.11.1974;0;9
ZULIFET;9;26.08.1977;0;9
ZELEYHAN;9;30.11.1965;0;9
SEYFELI;9;9.04.1952;9;0
BAYRAMHATUN;9;9.06.1956;0;9
URBABE;9;14.05.1952;0;9
YONER;9;13.02.1969;7;2
KASAR;9;29.04.1975;0;9
MEHRAC;9;10.06.1978;8;1
ESERCAN;9;30.01.1982;7;2
SIMI;9;4.11.1951;1;8
ABDULNACI;9;21.05.1966;9;0
SEMILET;9;4.06.1950;0;9
SONDUR;9;2.08.1972;2;7
GOCEK;9;9.01.1964;0;9
FADILET;9;9.08.1954;0;9
NASITE;9;6.07.1978;0;9
GULISAR;9;28.10.1956;0;9
TOPCI;9;11.07.1964;9;0
EMREH;9;8.11.1987;8;1
YURDEM;9;28.05.1979;1;8
MAKSUDA;9;17.02.1962;0;9
ETEMSAH;9;19.1.1737;9;0
NURBIKE;9;26.08.1985;0;9
PURHAN;9;27.10.1958;5;4
GULFETTIN;9;28.12.1960;8;1
BOYBEGI;9;1.10.1950;9;0
FEYRA;9;26.06.1964;0;9
EMIRZE;9;30.07.1941;8;1
SOZAL;9;11.04.1975;8;1
AVINI;9;6.12.1972;9;0
UKULU;9;10.07.1960;0;9
SAZILI;9;10.12.1965;7;2
HURDEVIS;9;9.08.1960;0;9
AYTUMEN;9;8.10.1969;9;0
HAVUSE;9;7.09.1958;0;9
EFRIZE;9;8.09.1955;0;9
SEVKIGUL;9;1.06.1948;0;9
MECITTIN;9;17.06.1955;9;0
MUDAMI;9;20.01.1967;9;0
MUDURUYE;9;26.02.1962;0;9
GURCISTAN;9;26.12.1964;0;9
MUHTER;9;26.01.1956;6;3
CORUH;9;6.03.1973;9;0
HURUZAN;9;8.03.1961;1;8
LEHBER;9;15.08.1957;1;8
BIGAN;9;17.09.1972;0;9
URFIDIYE;9;12.02.1963;0;9
LEVIDE;9;26.02.1957;0;9
NUNIFER;9;30.07.1960;0;9
GURBUS;9;27.12.1953;5;4
MARIJA;9;21.01.1960;0;9
SEYDINAZ;9;18.11.1954;0;9
ERDAY;9;2.04.1975;9;0
VELIHAT;9;20.04.1963;8;1
BEYCIYE;9;27.12.1959;0;9
KEHLIBAR;9;18.06.1965;1;8
ZURIFE;9;29.05.1951;0;9
SAYETTIN;9;11.05.1961;9;0
EDAYET;9;23.11.1953;1;8
ESMANE;9;20.10.1954;0;9
SEBIP;9;2.08.1969;8;1
RUKNET;9;3.03.1959;6;3
BEYATIN;9;21.02.1962;9;0
CAGAKAN;9;10.06.1988;9;0
RACIP;9;11.08.1965;9;0
ZUHREM;9;23.11.1971;0;9
BEIYE;9;17.01.1947;0;9
NUSVET;9;21.10.1968;4;5
OGUT;9;1.02.1965;9;0
JULAY;9;2.07.1969;0;9
FAHIRAN;9;8.03.1951;0;9
MERHIBE;9;11.09.1975;0;9
MUNER;9;26.04.1974;3;6
EBABE;9;7.08.1947;0;9
SEHHARE;9;7.03.1948;0;9
FAZMIYE;9;8.09.1968;0;9
FERDAT;9;23.07.1973;8;1
ZEBERCET;9;18.11.1952;0;9
BILLO;9;23.08.1938;9;0
UNAN;9;20.05.1952;6;3
DUYGUSAL;9;2.07.1981;0;9
IRAFET;9;15.09.1950;8;1
MULLAALI;9;30.10.1958;9;0
HAITCE;9;9.04.1980;0;9
HENNAN;9;2.09.1963;8;1
SERFINAS;9;21.04.1973;0;9
ERFAN;9;11.09.1973;7;2
NASIMI;9;17.06.1972;8;1
MENISAH;9;6.08.1974;0;9
MEFAI;9;14.09.1963;7;2
NEVHAYAL;9;24.03.1953;0;9
CANSAL;9;19.05.1968;8;1
GOL;9;24.06.1950;2;7
SELAYET;9;9.03.1967;2;7
FESLEY;9;1.03.1951;0;9
MEYIS;9;17.07.1968;0;9
KUFAYET;9;3.04.1971;0;9
PESENT;9;11.08.1963;0;9
SERANT;9;30.01.1973;8;1
DOGUKAAN;9;24.01.1990;9;0
TANJO;9;18.08.1957;5;4
NEVDIL;9;19.03.1970;0;9
SUILE;9;3.02.1965;0;9
ABDULEZEL;9;4.03.1964;9;0
SEVAYIR;9;15.09.1966;0;9
ATSIZ;9;5.06.1979;8;1
SEZERCAN;9;24.10.1987;9;0
BIMEN;9;25.06.1981;8;1
CANSURET;9;29.01.1944;0;9
UMEYRE;9;16.08.1964;1;8
MEMDUF;9;12.08.1966;9;0
SUMERIYE;9;12.02.1977;0;9
MUSLAT;9;3.09.1956;1;8
AKAL;9;7.05.1964;7;2
MISLINUR;9;10.06.1954;0;9
NARA;9;29.01.1975;0;9
MAHAMET;9;24.11.1959;9;0
MUSAMET;9;30.10.1959;7;2
ESUM;9;9.03.1952;0;9
GUZEYFE;9;6.04.1963;7;2
CUDE;9;29.08.1953;2;7
SELAVAT;9;26.08.1962;5;4
RAHIP;9;7.02.1973;9;0
IREB;9;21.01.1967;0;9
HAYBET;9;19.07.1970;1;8
ZULUHAN;9;26.07.1960;0;9
AYANA;9;14.05.1965;0;9
LOZE;9;9.11.1947;0;9
GURSET;9;10.07.1972;8;1
DULKADIN;9;8.01.1942;0;9
NIRIMAN;9;21.11.1960;0;9
FEVZIHAN;9;30.11.1976;6;3
RESULU;9;11.11.1970;9;0
KUHER;9;30.05.1945;0;9
KEBIREN;9;5.01.1966;0;9
SADIHAN;9;24.03.1976;2;7
TEMCIDE;9;18.06.1952;0;9
CALISKAN;9;2.12.1965;9;0
ALVIN;9;23.01.1983;2;7
EMELI;9;21.02.1961;0;9
LUEY;9;21.09.1974;9;0
BEDRIYYE;9;25.07.1954;0;9
GALISE;9;26.11.1958;0;9
AKSEMSEDDIN;9;29.10.1982;9;0
NEVIR;9;27.06.1957;2;7
MAHIPERUZ;9;20.01.1960;0;9
SIHMEMET;9;24.05.1954;9;0
RECE;9;1.05.1967;0;9
FIGE;9;16.10.1965;0;9
DEVRA;9;28.01.1969;1;8
ZULFINUR;9;18.02.1977;0;9
MENYETE;9;25.11.1974;0;9
MERZI;9;12.12.1956;0;9
ADSIZ;9;20.02.1971;8;1
ALTUNDAL;9;25.06.1945;0;9
SUIDI;9;7.12.1965;9;0
GOLSEREN;9;17.03.1967;0;9
MUARIF;9;12.07.1969;9;0
MUKADEM;9;4.03.1975;1;8
NURULAY;9;2.02.1968;1;8
EMRULAH;9;7.09.1977;9;0
EYLIN;9;5.09.1974;0;9
ERCOMERT;9;1.09.1960;9;0
MAYTABA;9;21.12.1964;0;9
OYAN;9;2.08.1975;1;8
FIRAY;9;11.06.1979;1;8
LEHUZE;9;7.08.1959;0;9
ARSEVI;9;16.03.1985;0;9
SEYDAHAN;9;7.04.1964;8;1
HAMMUD;9;5.03.1953;9;0
RUVIYDE;9;15.12.1950;0;9
ELFUZE;9;13.08.1944;0;9
ISAHAK;9;17.02.1956;9;0
MEYMANE;9;22.04.1958;0;9
BATINUR;9;11.07.1967;0;9
DERGAM;9;13.03.1965;9;0
KIRCI;9;25.08.1954;0;9
ESUDE;9;19.01.1960;0;9
SEHZAN;9;12.08.1975;0;9
AYDER;9;21.11.1968;3;6
IRECEP;9;10.08.1958;9;0
ARZIHAN;9;20.01.1946;1;8
ASBURCE;9;1.12.1982;0;9
EMRUMIYE;9;24.10.1963;8;1
MUGRISAH;9;9.11.1962;1;8
SAHDIN;9;6.11.1961;9;0
SERVERI;9;27.05.1950;8;1
ZELI;9;18.02.1941;0;9
SAHSIME;9;20.05.1962;0;9
LEZET;9;9.05.1973;1;8
FATINA;9;8.04.1957;0;9
CUNI;9;21.12.1940;0;9
LEMHAN;9;13.06.1949;0;9
SATTIYE;9;20.02.1969;0;9
GULNURAN;9;16.04.1963;0;9
NURDAMLA;9;26.04.1977;0;9
MUKEY;9;25.11.1947;0;9
NAYLI;9;29.08.1957;0;9
SERMES;9;29.12.1978;9;0
BEKZADE;9;23.04.1957;8;1
GULMERYEM;9;30.06.1978;0;9
MEYTULLAH;9;4.04.1962;8;1
AGNES;9;21.05.1961;0;9
TALEP;9;30.07.1974;8;1
SELAHHATTIN;9;13.10.1967;9;0
GUNYAR;9;19.09.1961;0;9
SEBUH;9;24.01.1955;7;2
TURKYAN;9;28.03.1964;0;9
HANS;9;15.10.1981;9;0
AYSAMAN;9;19.01.1961;0;9
IRSAN;9;26.07.1975;6;3
MIRTAZA;9;1.03.1964;9;0
VARGUL;9;30.09.1974;0;9
CIBRIL;9;2.04.1964;9;0
ZIDIKA;9;23.07.1966;0;9
NEVINUR;9;18.01.1963;0;9
BAHIDIYE;9;8.02.1968;0;9
SACIME;9;6.08.1966;0;9
BERKTAN;9;4.08.1975;9;0
TUGRULSAN;9;25.04.1980;9;0
SAHAZER;9;21.07.1962;0;9
DELIA;9;10.02.1973;0;9
SAFIZE;9;9.07.1958;0;9
ABDULHEY;9;16.01.1965;9;0
ALFIYA;9;11.04.1977;0;9
SID;9;12.10.1972;9;0
HADIMI;9;28.08.1956;9;0
ESTELA;9;9.12.1953;0;9
RUHIDIL;9;18.11.1947;0;9
BIHTERIN;9;24.03.1955;0;9
TAMARI;9;24.12.1959;0;9
GULPARI;9;17.06.1963;0;9
ADIVET;9;2.11.1965;0;9
ALTINTER;9;28.09.1951;0;9
DONDUHAN;9;10.11.1963;0;9
HUSEYME;9;12.08.1967;0;9
HERMIN;9;30.11.1961;0;9
NURUNISA;9;16.01.1978;0;9
SIRAPI;9;14.02.1941;0;9
SEROP;9;5.01.1961;9;0
HAMZAALI;9;29.10.1951;9;0
YUGEN;9;17.05.1974;0;9
ERKMAN;9;30.01.1966;9;0
NEHLI;9;7.02.1959;0;9
IKSANIYE;9;29.10.1970;0;9
SELMANIYE;9;1.10.1968;0;9
AKBAS;9;28.04.1950;9;0
TUNGAY;9;19.03.1970;9;0
ELMIRE;9;20.10.1975;0;9
VITA;9;13.11.1975;0;9
NANUFER;9;3.09.1948;0;9
ALIIKSAN;9;1.02.1970;9;0
SENEZ;9;7.08.1977;3;6
DILBAS;9;20.10.1970;0;9
APDILKADIR;9;18.07.1963;9;0
MEKHRIBAN;9;17.03.1974;0;9
KIYAVER;9;25.09.1952;0;9
MAGRUBE;9;9.08.1957;0;9
FLOR;9;24.01.1956;0;9
ZEKIRIYA;9;13.05.1979;9;0
ZAHIRGUL;9;24.05.1959;0;9
TANSEN;9;14.01.1967;3;6
ISMEHANI;9;21.03.1942;0;9
VESLE;9;30.11.1961;0;9
NOFEY;9;11.06.1953;0;9
FILORYA;9;10.08.1974;0;9
SELHAT;9;3.12.1974;5;4
MERCEN;9;28.09.1968;2;7
KEREMHAN;9;25.07.1983;9;0
BANUCICEK;9;22.07.1985;0;9
HAMMUS;9;6.02.1965;7;2
COLBAN;9;30.01.1957;0;9
BUHAN;9;24.04.1980;8;1
SEHIRHAN;9;16.01.1948;0;9
DONNUR;9;14.06.1980;0;9
HEFIZE;9;27.11.1958;0;9
SUNDIYE;9;26.05.1963;0;9
FURIYE;9;18.10.1969;0;9
SADIKER;9;11.05.1970;0;9
FURZAN;9;15.08.1964;2;7
SUSANA;9;26.11.1964;0;9
HURUMEN;9;23.12.1964;0;9
LIDIYA;9;29.05.1972;0;9
SUCADDIN;9;2.01.1958;9;0
NADIKE;9;8.04.1964;0;9
SINEMYIS;9;25.11.1982;0;9
MIRELLA;9;5.08.1968;0;9
FEYYAS;9;5.11.1966;9;0
GETA;9;23.01.1975;0;9
NEJADE;9;17.01.1947;0;9
ERKIZ;9;24.09.1953;0;9
FETA;9;13.12.1965;9;0
OKGES;9;16.07.1961;9;0
RENGIM;9;8.03.1978;3;6
ZEKAYA;9;10.12.1950;9;0
RIFADIYE;9;19.08.1957;0;9
ERGIZ;9;24.04.1973;2;7
AYTERIM;9;8.03.1947;0;9
YAGDIGAR;9;16.06.1964;0;9
BERUL;9;12.12.1963;6;3
KONSTANTIN;9;26.02.1966;9;0
SUHAIP;9;1.11.1969;9;0
GULLUZER;9;15.05.1964;0;9
LUKSAN;9;18.10.1957;0;9
NECLAH;9;2.11.1956;0;9
AYINUR;9;13.08.1958;1;8
REFAYDIN;9;29.01.1959;9;0
ZEKIME;9;24.08.1958;0;9
IBROS;9;5.02.1961;9;0
IMUT;9;2.09.1973;9;0
NERAY;9;11.01.1982;0;9
VEIZ;9;18.09.1956;9;0
MUBEDCEL;9;28.10.1956;0;9
MAZAZ;9;22.04.1971;0;9
MESI;9;18.01.1955;6;3
ITRA;9;1.12.1954;0;9
NEGRICAN;9;10.12.1990;0;9
ELLI;9;18.08.1942;0;9
SECEL;9;21.11.1966;3;6
ZEYIN;9;1.10.1948;4;5
SONMAZ;9;13.10.1963;4;5
KARENFIL;9;22.10.1949;2;7
RENGIYE;9;18.02.1970;0;9
TESELLI;9;18.07.1977;4;5
M.KASIM;9;18.08.1957;9;0
SEYIH;8;18.06.1944;8;0
SAZEY;8;8.09.1944;0;8
SOLMAZGUL;8;13.08.1968;0;8
ERTEGUL;8;15.10.1954;0;8
YURDE;8;18.09.1969;0;8
CEMALATTIN;8;8.6.1728;8;0
SIDI;8;5.11.1956;0;8
ALHO;8;4.01.1948;8;0
MICCO;8;27.12.1939;8;0
MEMUR;8;8.04.1952;7;1
ITER;8;12.11.1947;0;8
GULLUK;8;25.11.1954;0;8
SURUCE;8;17.02.1975;0;8
TAMO;8;29.11.1953;1;7
KADREDDIN;8;22.06.1959;8;0
SEYRET;8;1.04.1957;3;5
ZEYNEPHAN;8;30.01.1978;0;8
GULYAPRAK;8;18.07.1976;0;8
GAFILE;8;27.04.1957;0;8
ABDULMUIN;8;18.02.1957;8;0
SEITHAN;8;3.12.1967;8;0
HAZRETTIN;8;29.10.1972;8;0
VAYIZ;8;21.06.1971;8;0
FELHAN;8;6.12.1968;5;3
GOKBEY;8;19.09.1982;8;0
TEKINAY;8;18.03.1974;7;1
ERHAK;8;15.01.1978;8;0
SEVINAL;8;14.12.1973;1;7
DUDUNUR;8;8.12.1985;0;8
HAMOS;8;6.10.1944;5;3
VAHTETIN;8;28.08.1963;8;0
MESUKE;8;30.01.1967;0;8
SAYKA;8;1.10.1958;0;8
LEBINE;8;10.12.1973;0;8
SEDAHAT;8;6.07.1963;1;7
BETRETTIN;8;2.01.1968;8;0
RIFAKAT;8;25.03.1960;0;8
MASURE;8;3.05.1966;0;8
GULGE;8;23.12.1978;0;8
CEBLI;8;28.05.1964;8;0
ERALI;8;22.11.1954;8;0
SAHNEBAT;8;29.06.1963;0;8
DUCAN;8;16.09.1961;6;2
KAFILE;8;10.02.1960;0;8
DURUN;8;14.10.1960;0;8
SANIH;8;2.03.1960;8;0
TASKINER;8;13.06.1975;8;0
HASANGAZI;8;17.08.1955;8;0
NEBISE;8;16.05.1961;0;8
BULUN;8;11.08.1958;0;8
HIDAT;8;5.07.1974;7;1
ADELINA;8;16.11.1971;0;8
CEBAHIR;8;30.03.1977;0;8
HUDEY;8;9.06.1974;2;6
EMMI;8;14.07.1956;1;7
VEHICE;8;15.07.1951;0;8
SULMAZ;8;23.02.1956;0;8
YAVUZE;8;30.2.1961;6;2
FATUMETUL;8;14.02.1975;0;8
KUNDUZ;8;19.06.1955;2;6
SAHVELI;8;18.11.1959;8;0
AKDES;8;21.01.1959;3;5
FETIHIYE;8;9.02.1957;0;8
ANLAM;8;2.04.1984;1;7
FEYCAN;8;18.12.1963;1;7
SATTI;8;27.07.1942;1;7
NISBETI;8;27.10.1961;0;8
RAYLA;8;5.07.1966;0;8
DILEKHAN;8;6.09.1977;2;6
ERKA;8;1.10.1972;1;7
GULLUNUR;8;19.01.1977;0;8
TURGAL;8;11.05.1968;8;0
EZMEHAN;8;22.12.1956;0;8
NABET;8;14.02.1960;3;5
KELHAN;8;27.10.1963;8;0
GENAL;8;23.04.1963;4;4
KEZEY;8;1.02.1952;0;8
EFI;8;13.09.1961;1;7
YELGUN;8;19.06.1978;0;8
NEZE;8;27.01.1965;0;8
ABDULEMIN;8;12.10.1975;8;0
BERHIYE;8;12.03.1957;0;8
OSO;8;4.12.1701;8;0
YASARA;8;23.01.1958;1;7
SAHAHMET;8;28.07.1968;8;0
HAMBEY;8;4.06.1960;8;0
MERHIBAN;8;5.02.1971;0;8
RAHAT;8;28.05.1957;2;6
SITTEY;8;5.04.1946;0;8
ESSAN;8;1.08.1971;4;4
HOSIA;8;2.03.1984;0;8
MASALA;8;14.07.1986;0;8
BASARA;8;17.03.1954;2;6
ZULEYFA;8;30.03.1977;0;8
MENFUSE;8;2.05.1975;0;8
NUSRADDIN;8;6.01.1973;8;0
SEVICE;8;7.04.1978;0;8
ELCAN;8;9.12.1981;1;7
ZEYZAN;8;2.03.1979;0;8
FENSA;8;3.05.1978;0;8
DALALE;8;17.12.1969;0;8
MENDIL;8;14.07.1962;1;7
KAHIDE;8;29.2.1970;0;8
SIRRIN;8;3.07.1975;0;8
NUSRULLAH;8;1.10.1983;8;0
HULMI;8;17.03.1974;8;0
ZERDEST;8;11.06.1978;7;1
GULANDER;8;24.06.1978;0;8
FANO;8;24.10.1945;0;8
KESUM;8;30.04.1980;0;8
FERAHNAS;8;11.04.1973;0;8
MAYTAN;8;27.06.1970;0;8
CELALADDIN;8;25.02.1969;8;0
MEMHET;8;25.08.1984;8;0
LEYZA;8;6.10.1975;0;8
RABBIYE;8;5.06.1962;0;8
ATTIYA;8;1.10.1952;0;8
ABDULNADIR;8;13.11.1962;8;0
MENEKSAH;8;2.01.1978;1;7
FIDAY;8;23.09.1976;2;6
BEKKO;8;23.08.1953;8;0
SULTO;8;20.07.1946;2;6
KASEMI;8;17.06.1939;0;8
EMME;8;2.09.1951;0;8
NURHIDA;8;8.10.1971;0;8
HASIR;8;10.08.1976;8;0
ESNAF;8;20.01.1976;8;0
LAIME;8;9.09.1957;0;8
ARAY;8;12.01.1975;6;2
HANES;8;15.02.1958;8;0
TEYLAN;8;29.05.1967;1;7
GUNDANE;8;2.11.1956;0;8
NUROJ;8;26.12.1982;2;6
SEHSENEM;8;15.08.1961;0;8
MIRCI;8;15.06.1953;0;8
URUDE;8;11.05.1957;0;8
FEVAT;8;26.08.1964;8;0
MIHBET;8;14.01.1965;0;8
SAMSA;8;25.09.1961;0;8
FERAHET;8;4.05.1967;0;8
BEHI;8;27.05.1956;3;5
VETFI;8;26.09.1960;1;7
ROJVAN;8;28.08.1988;7;1
MUSATAFA;8;9.07.1978;8;0
ABDULNEVAF;8;28.01.1966;8;0
MAI;8;22.03.1950;3;5
RAMA;8;22.10.1961;1;7
HISNA;8;18.12.1957;0;8
MEHBET;8;29.11.1963;0;8
A.KERIM;8;16.12.1941;8;0
RIYME;8;23.03.1962;0;8
BESSA;8;6.10.1950;0;8
A.AZIZ;8;27.03.1949;8;0
RUHIYET;8;15.02.1966;0;8
NESAI;8;23.10.1979;3;5
FESLE;8;5.03.1956;0;8
SADRATTIN;8;23.07.1973;8;0
AZIZI;8;8.09.1954;2;6
MADIH;8;5.05.1958;8;0
TEKOSIN;8;8.12.1979;0;8
MUZAZZEZ;8;19.12.1976;0;8
SARIDE;8;26.12.1959;0;8
BUTUL;8;30.05.1970;0;8
DULFURUZ;8;12.10.1962;0;8
ROJDI;8;1.04.1985;7;1
SEHIN;8;19.07.1971;4;4
SECAHET;8;26.05.1964;0;8
FARHI;8;15.06.1941;1;7
CANIM;8;6.04.1972;2;6
ZEYNAN;8;27.10.1966;5;3
SABAHAN;8;22.12.1968;3;5
EPRIZE;8;28.03.1968;0;8
SUKRIYYE;8;3.06.1949;0;8
LAYKA;8;3.08.1964;0;8
RABAH;8;13.01.1978;1;7
ZEYDIYE;8;7.11.1955;0;8
YUKSAN;8;19.01.1955;1;7
SEILE;8;25.04.1966;0;8
TARIKE;8;25.01.1963;0;8
NESIBI;8;27.06.1964;4;4
MISLIT;8;2.07.1968;8;0
GULESTAN;8;19.09.1961;1;7
NAZARI;8;11.11.1959;4;4
EMOSI;8;29.09.1946;0;8
HICRE;8;25.06.1963;0;8
MILLET;8;10.08.1970;7;1
HELO;8;4.04.1938;2;6
SADETI;8;16.02.1962;0;8
REFIHE;8;29.05.1968;0;8
FEYZULAH;8;25.09.1964;8;0
FAYZULLAH;8;7.04.1968;8;0
CONI;8;9.09.1980;8;0
ELBERE;8;15.08.1969;0;8
JENNY;8;17.03.1977;0;8
GEBRIEL;8;9.07.1983;8;0
TOMA;8;23.04.1969;8;0
KATHARINA;8;6.11.1959;0;8
CAZIK;8;12.05.1944;0;8
MARLIN;8;13.01.1973;0;8
SEMANI;8;9.10.1945;2;6
KATJA;8;13.06.1976;0;8
LUCY;8;1.12.1980;0;8
HEDAYI;8;2.05.1959;6;2
RUME;8;13.06.1953;0;8
LUKAS;8;20.04.1989;8;0
SALUHA;8;22.04.1956;0;8
TANZIRE;8;10.03.1966;0;8
RABII;8;28.07.1974;8;0
BEBEKIR;8;28.11.1954;8;0
MARCO;8;21.05.1986;8;0
JULYANA;8;2.09.1984;0;8
ELINE;8;2.08.1973;0;8
CEMED;8;26.11.1956;0;8
EMNI;8;14.08.1955;0;8
ANTUN;8;27.12.1939;8;0
IME;8;3.01.1955;0;8
KINAN;8;6.04.1978;7;1
FABIO;8;25.06.1978;8;0
HENEN;8;22.01.1979;0;8
NACAH;8;25.09.1970;1;7
IRYAD;8;26.12.1966;8;0
RIZKO;8;20.08.1944;8;0
ANTAR;8;7.12.1958;7;1
ROZANA;8;10.12.1977;0;8
CIHET;8;9.11.1967;7;1
NECI;8;10.06.1964;7;1
HAYRETE;8;9.07.1967;0;8
HAMRE;8;24.02.1961;0;8
HUKMUYE;8;5.11.1959;0;8
BELYAN;8;30.01.1981;8;0
SIFNE;8;30.2.1978;0;8
MIREN;8;6.01.1956;0;8
FERSAD;8;8.05.1983;8;0
SAFFA;8;26.03.1965;3;5
TENZIRA;8;13.06.1970;0;8
FEYRUZAN;8;10.04.1963;1;7
RAMIMA;8;6.09.1977;0;8
SEYITHALIL;8;15.08.1963;8;0
MAYSA;8;6.10.1979;0;8
RESE;8;12.01.1953;0;8
HAYRADDIN;8;1.04.1960;8;0
PETRUS;8;13.09.1975;8;0
RAZA;8;3.04.1964;0;8
ZIRHAN;8;18.06.1967;6;2
SEKIME;8;7.06.1951;0;8
NIZMIYE;8;25.04.1965;0;8
TAVFO;8;21.04.1951;8;0
GAYA;8;17.03.1967;0;8
MUHTEZIM;8;13.08.1970;0;8
BENEVIS;8;24.01.1966;0;8
ALIIMRAN;8;6.11.1983;8;0
TAHIRA;8;27.06.1967;0;8
BENDO;8;27.04.1944;0;8
RUBIN;8;25.02.1972;4;4
USTAD;8;16.04.1981;8;0
NEVVAR;8;26.09.1959;4;4
BERCEZ;8;18.07.1970;8;0
ORDAN;8;4.10.1963;2;6
KEMIL;8;11.06.1974;8;0
CIHAL;8;23.05.1968;2;6
LAHDU;8;23.06.1943;8;0
FERCIYE;8;21.11.1960;0;8
RAHANE;8;19.08.1967;0;8
MARIAN;8;17.02.1965;1;7
NICMETTIN;8;25.11.1973;8;0
KESEM;8;22.12.1955;1;7
HIZAN;8;29.12.1981;3;5
SIRU;8;22.08.1943;0;8
PIA;8;6.07.1973;0;8
CAVIDA;8;16.05.1957;0;8
AKID;8;1.09.1972;8;0
FADYA;8;12.11.1974;0;8
ABDULRESAT;8;15.04.1974;8;0
FATTI;8;8.07.1939;0;8
GADA;8;10.05.1972;0;8
BENISADE;8;8.11.1943;0;8
FASLIYE;8;5.02.1961;0;8
ATIE;8;12.03.1964;0;8
GERNAS;8;11.09.1980;8;0
SEVGOL;8;16.02.1981;0;8
AYNETE;8;23.09.1975;0;8
SIRVET;8;23.11.1969;1;7
KEMINE;8;17.05.1960;1;7
PIRSENG;8;27.01.1980;3;5
PALA;8;6.12.1963;8;0
AMEL;8;3.02.1962;1;7
FILYAZ;8;13.07.1979;0;8
ZEYDO;8;1.09.1945;8;0
BEHETTIN;8;22.09.1965;8;0
SUMERCAN;8;15.07.1966;4;4
IYDI;8;14.08.1964;0;8
HEDRE;8;26.02.1964;0;8
ZIRRI;8;29.2.1951;0;8
MANAR;8;8.10.1982;1;7
M.HILMI;8;7.11.1941;8;0
MUSLIHE;8;22.06.1970;0;8
ZELHO;8;17.07.1956;0;8
DIYA;8;30.2.1968;5;3
REMZAN;8;18.10.1959;8;0
FASFIYE;8;30.01.1955;0;8
CEVHAR;8;10.04.1972;3;5
FILLIZ;8;23.09.1982;0;8
NESILSAH;8;13.06.1984;0;8
MANIRA;8;5.09.1968;0;8
CEMEL;8;9.08.1956;4;4
NIKARE;8;11.02.1955;0;8
BILGUZAR;8;29.08.1957;0;8
IJDAL;8;10.06.1965;2;6
UNVERDI;8;9.12.1972;7;1
DEMRAN;8;15.02.1971;1;7
GUZIYE;8;14.08.1961;0;8
ERDAM;8;24.01.1971;6;2
AYSAGUL;8;12.12.1969;0;8
HUREYYE;8;13.01.1965;0;8
SAMAYIL;8;16.12.1952;5;3
NUSUBE;8;19.05.1976;0;8
MUKADDISE;8;1.11.1951;0;8
SEBATE;8;11.06.1942;0;8
ISMANI;8;20.08.1970;0;8
NEZAKETTIN;8;3.09.1960;7;1
NAVIZE;8;3.04.1963;0;8
MUZEBBIYE;8;26.09.1949;0;8
MABIYE;8;19.03.1975;0;8
GOKAL;8;17.07.1979;8;0
HOKKAS;8;5.10.1953;8;0
SANIBEY;8;26.03.1964;8;0
KEMALIDDIN;8;14.3.1712;8;0
MEYTUN;8;23.02.1980;0;8
SUHAY;8;19.01.1966;2;6
ZINISAH;8;8.02.1949;0;8
MIHTIYE;8;25.09.1946;0;8
URUZIYE;8;5.04.1962;0;8
FERAMIN;8;24.12.1954;8;0
SEVEM;8;24.03.1972;0;8
PERUN;8;28.08.1968;2;6
LEVAZE;8;6.02.1958;0;8
KUTTUSU;8;12.01.1962;8;0
SAHSE;8;18.04.1967;1;7
BURCUN;8;29.09.1983;1;7
ZENBIYE;8;26.09.1954;0;8
SAZENDE;8;9.05.1946;0;8
DUMRU;8;27.11.1971;4;4
NEVSIM;8;26.10.1979;2;6
GULEMDEM;8;29.09.1966;0;8
LEMZI;8;26.02.1964;8;0
UMMUYAN;8;29.10.1952;0;8
AVIYE;8;11.04.1958;0;8
ZEBURIYE;8;5.07.1962;0;8
NAZMIS;8;15.12.1946;0;8
MUCET;8;19.08.1964;7;1
SAZIBET;8;27.01.1959;0;8
SAHNIYE;8;15.06.1962;0;8
MIYET;8;27.06.1959;0;8
MUNEZER;8;29.08.1961;1;7
BIRSAT;8;12.02.1983;7;1
GULFADIYE;8;29.10.1960;0;8
SEFERE;8;11.04.1947;0;8
MAVISAN;8;15.12.1947;0;8
EMUK;8;27.02.1956;0;8
SUTUDE;8;16.08.1942;0;8
FEHIMIYE;8;6.01.1952;0;8
ZERDALI;8;26.12.1967;2;6
EVVEL;8;2.01.1962;6;2
PERGIN;8;23.11.1967;0;8
HAYRITDIN;8;17.09.1956;8;0
TURKEZ;8;30.10.1960;1;7
VESIL;8;9.09.1966;4;4
NASIYET;8;30.08.1952;0;8
GELEN;8;2.04.1966;0;8
BENOYSE;8;26.08.1951;0;8
REFAIDDIN;8;18.01.1952;8;0
ALBI;8;7.08.1966;8;0
REFII;8;30.11.1963;8;0
MESCURE;8;19.07.1964;0;8
ALIKOC;8;25.09.1956;8;0
IRAP;8;30.09.1953;0;8
MUNNURE;8;24.12.1971;0;8
SAHZUVER;8;9.09.1961;8;0
HEBILE;8;7.02.1968;0;8
SERCE;8;24.08.1971;0;8
FERAIYE;8;8.02.1966;0;8
ABDULYASAR;8;17.02.1970;8;0
HAKIKI;8;12.09.1966;5;3
EHRIME;8;15.12.1963;0;8
RAFIGE;8;7.12.1964;0;8
REFAHI;8;6.09.1964;7;1
GULDENER;8;15.07.1980;0;8
SUZEYYEN;8;24.01.1968;0;8
MESTI;8;1.01.1958;5;3
ELINA;8;10.08.1973;0;8
SEVGILE;8;27.01.1969;0;8
ZIKIR;8;28.05.1954;6;2
YAZGIN;8;6.05.1984;3;5
GULHIYE;8;3.10.1956;0;8
HACINUH;8;9.05.1972;8;0
BOYSAN;8;27.03.1968;6;2
MALGORZATA;8;11.10.1967;0;8
NILGIHAN;8;22.12.1973;0;8
RIFKAT;8;18.12.1939;0;8
NUSREN;8;1.07.1964;0;8
KOREY;8;25.01.1960;6;2
CAFIDAN;8;8.10.1957;0;8
BEHIR;8;11.09.1965;7;1
NULVER;8;2.10.1966;0;8
PERUZAR;8;20.05.1952;0;8
MUYITTIN;8;2.05.1960;8;0
HICABETTIN;8;11.05.1965;8;0
UKRIYE;8;11.11.1953;0;8
SUSAY;8;7.08.1967;1;7
SAAFET;8;1.08.1958;2;6
AYSEVIN;8;28.04.1974;0;8
JALENUR;8;7.07.1969;0;8
MUHDEBER;8;26.08.1964;0;8
NESATI;8;6.11.1954;8;0
VERIM;8;21.01.1976;7;1
SECKIL;8;9.02.1971;1;7
GULASE;8;28.10.1960;0;8
ZEVLISAN;8;29.07.1961;0;8
NURYEN;8;5.04.1958;0;8
NEFURE;8;11.09.1954;0;8
BUSEN;8;12.08.1970;1;7
NARENGUL;8;6.02.1958;0;8
ADEME;8;28.02.1955;1;7
VIJDANE;8;12.09.1950;0;8
GURSEVEN;8;11.03.1971;2;6
AYNIYET;8;17.05.1959;0;8
NEVIZ;8;23.08.1963;1;7
FETHIBEY;8;27.09.1950;8;0
NARCIHAN;8;8.02.1968;0;8
RIYASET;8;15.04.1951;0;8
ALIFAIK;8;19.01.1952;8;0
SEMSUTTIN;8;15.03.1953;8;0
SABIE;8;16.10.1955;0;8
MACUN;8;29.03.1947;0;8
EKA;8;8.07.1975;0;8
SAHRAGUL;8;25.05.1960;0;8
YETISEN;8;19.02.1963;6;2
PEKKAN;8;13.04.1980;2;6
ELAIDDIN;8;18.07.1959;8;0
NEHADET;8;25.06.1951;0;8
SEVINNAZ;8;27.09.1967;0;8
NINELI;8;14.04.1960;0;8
AZMIN;8;8.12.1969;7;1
SUTKIYE;8;10.01.1964;0;8
NIAT;8;28.06.1955;8;0
PELIT;8;30.09.1976;2;6
TEREZA;8;9.02.1959;0;8
AYNAR;8;27.07.1958;1;7
HAMZET;8;4.12.1956;7;1
DENIZGUL;8;29.01.1966;0;8
MELOS;8;25.01.1968;0;8
GUNACAR;8;15.09.1962;0;8
BERKA;8;7.07.1982;0;8
TUYGAN;8;25.05.1972;8;0
BEYHUDAR;8;25.01.1961;7;1
MEMDUA;8;17.09.1957;0;8
SAIMI;8;7.07.1959;7;1
ZIHNIFER;8;27.06.1942;0;8
RISKULLAH;8;17.09.1965;8;0
SIMGENUR;8;6.11.1988;0;8
GALIBIYE;8;18.07.1958;0;8
GUSVENT;8;7.06.1945;0;8
NURGUT;8;6.10.1967;7;1
GULERI;8;12.04.1964;2;6
SAVIDE;8;12.09.1965;0;8
M.FEVZI;8;30.06.1940;8;0
SEBINAZ;8;13.06.1963;0;8
MAGFER;8;14.04.1948;2;6
NURUTTIN;8;15.07.1958;8;0
GULHUNER;8;16.02.1952;0;8
MEZURE;8;2.11.1957;0;8
KUSEY;8;14.08.1961;4;4
MEHMETCEMIL;8;20.09.1978;8;0
BEDICE;8;2.11.1963;0;8
SAHSUR;8;3.06.1955;0;8
NUGFER;8;20.08.1967;8;0
MUNTEZA;8;5.03.1970;3;5
SAGIRE;8;21.07.1944;0;8
DENEF;8;11.10.1983;0;8
SAFIT;8;16.05.1960;8;0
REZIN;8;3.04.1943;1;7
TUZENUR;8;12.03.1956;0;8
NURDER;8;16.04.1965;0;8
GOZNUR;8;18.04.1983;0;8
TANJUR;8;16.02.1962;6;2
SELEHAT;8;6.07.1970;0;8
SUHAVI;8;14.04.1953;8;0
ADIGE;8;2.02.1960;2;6
MAHCUBE;8;1.10.1959;0;8
TUDYA;8;20.06.1955;0;8
SELAHETDIN;8;14.09.1954;8;0
MUGBER;8;12.01.1939;0;8
TUBIYE;8;1.03.1953;0;8
SELIYE;8;5.07.1961;0;8
SERDAS;8;13.01.1973;7;1
KAMILCAN;8;1.10.1979;8;0
SEHAMET;8;18.08.1951;2;6
NERCU;8;10.05.1979;1;7
TUGBER;8;8.12.1979;5;3
ORGEN;8;8.04.1966;3;5
YEVGENIYA;8;4.09.1970;0;8
BIRNIGAR;8;22.08.1976;0;8
CEZIDE;8;22.12.1950;0;8
EFDADE;8;19.12.1953;0;8
SECARETTIN;8;12.02.1968;8;0
ULHAN;8;27.04.1970;0;8
SAYIK;8;5.01.1966;7;1
ELVUDE;8;8.03.1948;0;8
SAZEM;8;12.05.1953;0;8
SADIH;8;21.05.1967;8;0
BIRALI;8;8.04.1961;8;0
CEFIYE;8;14.05.1971;0;8
FADIMEGUL;8;23.10.1968;0;8
SEFDANE;8;6.06.1965;0;8
GULBEHAN;8;11.06.1965;0;8
TERKEN;8;1.07.1969;2;6
BENNURE;8;15.07.1960;0;8
ZEYRIN;8;11.02.1965;0;8
ZEFIYE;8;29.01.1962;0;8
VAHTETDIN;8;4.08.1967;8;0
BEYTUR;8;19.06.1963;6;2
ELBUZ;8;28.11.1963;7;1
KUBRAHAN;8;3.06.1986;0;8
HATICET;8;27.01.1937;0;8
SERPI;8;20.05.1957;1;7
MESRET;8;24.07.1960;1;7
EMRULLLAH;8;19.08.1985;8;0
TASHAN;8;14.12.1968;7;1
BEYTULAH;8;7.06.1985;8;0
TAYFA;8;11.09.1969;1;7
DANEGUL;8;16.05.1972;0;8
SEHEYLA;8;26.12.1948;0;8
YILCAY;8;26.07.1972;5;3
MELUS;8;28.11.1959;0;8
RAZIBE;8;13.10.1956;0;8
KULFER;8;17.09.1954;0;8
DADIYE;8;11.04.1948;1;7
BERSIS;8;28.07.1981;8;0
SECDE;8;7.07.1980;0;8
AKDEM;8;11.03.1951;7;1
ESABIYE;8;1.02.1959;0;8
SULEK;8;27.11.1959;8;0
GURKUT;8;22.12.1962;8;0
TUSE;8;27.04.1965;0;8
ZABIRE;8;12.09.1960;0;8
AYSEMINE;8;12.12.1985;0;8
CEHRIYE;8;14.04.1952;0;8
NECADI;8;22.12.1955;8;0
NONNA;8;10.03.1967;0;8
SAREM;8;9.08.1977;0;8
RAHLIYE;8;25.02.1951;0;8
CEMILAY;8;1.12.1973;3;5
NAIMET;8;9.04.1955;0;8
CENIP;8;15.05.1960;8;0
KEYVAN;8;4.12.1977;3;5
REFAYETTIN;8;27.02.1964;8;0
ADILCAN;8;11.08.1980;8;0
FITNE;8;20.11.1949;0;8
NIRAY;8;13.02.1980;0;8
MINIYRE;8;11.11.1957;0;8
EDAL;8;9.09.1965;2;6
SELATUN;8;27.01.1975;0;8
ISMAILCAN;8;29.01.1986;8;0
GULFADIME;8;13.06.1965;0;8
DURANAY;8;10.2.1723;4;4
MEVRURE;8;8.06.1959;0;8
KESME;8;12.02.1947;0;8
AYESE;8;27.11.1952;0;8
CUMRIYE;8;28.07.1955;0;8
GULDELEN;8;18.06.1958;0;8
GULDAMLA;8;29.10.1980;0;8
VAYITTIN;8;29.03.1961;8;0
MUESE;8;24.02.1958;0;8
SEYDUL;8;25.09.1963;7;1
TEZVIYE;8;29.08.1953;0;8
SABIRIN;8;20.11.1960;3;5
SERGUZAR;8;15.02.1960;0;8
GURDEN;8;23.09.1957;1;7
RABIDE;8;17.12.1961;0;8
DOGANGUN;8;30.06.1977;7;1
VASBI;8;10.11.1972;8;0
FEMIHA;8;18.01.1954;0;8
REBIAT;8;28.06.1947;0;8
HANIFEGUL;8;30.01.1963;0;8
GULAYHAN;8;3.07.1967;0;8
HASIYA;8;2.04.1962;0;8
HACERGUL;8;2.12.1971;0;8
DEBERNUS;8;10.04.1950;8;0
SEYRETIYE;8;12.10.1965;0;8
CEVHERET;8;11.09.1948;0;8
MUHAMMEDULEMIN;8;28.08.1981;8;0
HUREYDA;8;7.07.1973;0;8
UHUD;8;15.03.1988;8;0
ABDULMUKTALIP;8;26.09.1978;8;0
MAKDURE;8;12.11.1951;0;8
MUADIL;8;10.11.1948;1;7
SERPIR;8;10.01.1967;0;8
CELEDDIN;8;8.08.1966;8;0
NEVNUR;8;3.03.1973;0;8
TATLIGUL;8;24.11.1965;0;8
FATUGUL;8;9.08.1960;0;8
SIRKET;8;21.05.1955;5;3
ZENCEGUL;8;3.07.1968;0;8
HANDEM;8;2.09.1971;0;8
MENSIR;8;30.2.1956;0;8
EMILYA;8;15.04.1962;0;8
YURTTAN;8;22.06.1953;3;5
BEGLER;8;13.07.1956;8;0
INAHET;8;22.04.1961;0;8
ELMIYA;8;12.01.1969;0;8
EDAKAR;8;28.03.1954;0;8
HASEY;8;4.12.1953;1;7
FAYIGA;8;16.05.1958;0;8
BASSE;8;8.08.1950;0;8
SEVGILEN;8;30.12.1975;7;1
YUSUP;8;2.02.1964;8;0
SELDAR;8;19.09.1977;6;2
AGBAL;8;18.04.1949;5;3
IMMU;8;23.09.1954;0;8
OSME;8;4.02.1959;0;8
VADIDE;8;30.01.1941;0;8
GUNSAZAK;8;25.02.1983;8;0
SIBET;8;29.08.1982;2;6
RUHINUR;8;27.04.1962;1;7
EFRAT;8;1.04.1962;7;1
GULEFE;8;16.08.1959;0;8
TUDIYE;8;14.09.1959;0;8
TETIK;8;26.10.1946;6;2
MUFIYDE;8;19.08.1965;0;8
ZUFTI;8;24.04.1960;8;0
ABTULLA;8;29.01.1960;8;0
ETIBAR;8;2.05.1973;4;4
SOZERI;8;15.11.1964;6;2
KUL;8;13.06.1964;6;2
TURNEL;8;20.02.1972;0;8
TAYIF;8;28.07.1976;8;0
IZMEN;8;20.01.1969;7;1
BEYBOREK;8;18.12.1950;8;0
UFRET;8;19.06.1968;7;1
ISABEY;8;24.02.1957;8;0
FEYAMI;8;17.06.1976;8;0
CEVDA;8;18.01.1971;0;8
TUNALI;8;30.04.1973;4;4
BEVIN;8;17.05.1965;0;8
GULAYA;8;10.06.1969;0;8
TEYIBA;8;25.03.1962;0;8
TELEK;8;8.02.1957;0;8
HURNISA;8;23.02.1956;0;8
HEKIMHAN;8;4.03.1974;5;3
REVZAT;8;15.03.1957;0;8
CUMUYA;8;14.08.1969;8;0
VARDA;8;24.12.1958;1;7
IBADE;8;30.2.1954;3;5
M.HAKKI;8;11.11.1953;8;0
ZEYTINE;8;16.11.1957;0;8
MISIRE;8;11.04.1964;0;8
MUHTAREM;8;6.11.1966;4;4
SULH;8;12.01.1964;6;2
TANYAR;8;8.04.1971;8;0
SERDARI;8;15.07.1966;7;1
FEVGIYA;8;20.07.1969;0;8
IZVAN;8;18.02.1967;6;2
ZANURE;8;3.10.1962;0;8
ZIYABE;8;4.06.1977;0;8
YONIZ;8;11.12.1970;8;0
GURZIYE;8;7.04.1957;0;8
GULNAZEN;8;7.01.1959;0;8
ENDEN;8;7.03.1973;1;7
DESTELI;8;1.05.1964;0;8
MAKSIM;8;21.12.1975;8;0
HUMEYNI;8;27.10.1982;8;0
ERKUS;8;15.11.1958;8;0
SEBINA;8;4.06.1980;0;8
ZERRAN;8;1.11.1962;0;8
SURURIYE;8;28.03.1932;0;8
EFIC;8;1.06.1970;0;8
GULCEMILE;8;2.05.1959;0;8
ABDULMUTDALIP;8;8.11.1971;8;0
AHUCAN;8;4.02.1985;0;8
NAGUL;8;30.07.1969;0;8
SALIK;8;15.06.1972;7;1
PERMAN;8;12.02.1971;2;6
EFICE;8;18.08.1952;0;8
MUSELLEM;8;3.06.1957;6;2
SURURE;8;26.03.1959;0;8
ARZE;8;21.05.1951;0;8
ADANUR;8;11.06.1975;0;8
BIHAL;8;9.11.1973;0;8
KURTES;8;17.01.1948;8;0
ZURBUYE;8;19.11.1965;0;8
NIGAL;8;25.11.1959;1;7
ESAFET;8;21.09.1965;8;0
I;8;10.09.1955;8;0
BAHSETTIN;8;23.01.1955;8;0
EVSA;8;1.07.1973;0;8
NERMEN;8;8.12.1964;0;8
RUKKUYE;8;23.12.1959;0;8
KITAYIN;8;5.06.1962;0;8
ABDULKEBIR;8;8.04.1970;8;0
BUSEYINE;8;14.08.1965;0;8
JAMILA;8;19.08.1968;0;8
MUNUSER;8;14.03.1973;0;8
UMRUZ;8;29.08.1963;0;8
RUIYE;8;24.09.1958;0;8
SAKIBA;8;20.09.1961;0;8
SEYMIN;8;21.08.1964;0;8
EMRIMEYYA;8;24.04.1968;8;0
GULFIKER;8;8.08.1952;0;8
SENIRE;8;30.08.1957;0;8
MIYESEL;8;21.02.1969;0;8
MUKREMI;8;19.8.1719;7;1
CIHANYANDI;8;23.05.1949;1;7
ZERIL;8;24.09.1965;0;8
ENAR;8;8.12.1971;6;2
SIRKAN;8;19.11.1978;7;1
VESAT;8;2.10.1963;8;0
EBUHAYAT;8;26.01.1959;0;8
SITARA;8;13.09.1962;0;8
MINUFER;8;22.09.1969;0;8
SERDAT;8;9.03.1975;6;2
BETRI;8;22.09.1969;7;1
AHIZE;8;12.02.1963;0;8
NAFIHAN;8;11.01.1978;0;8
YESNE;8;28.05.1961;0;8
GULHEN;8;3.12.1968;0;8
SAVASHAN;8;26.10.1975;8;0
MUDAHER;8;14.02.1966;3;5
ERSEVIM;8;27.07.1959;3;5
MUKIYME;8;19.03.1955;0;8
CEMAAT;8;10.04.1970;3;5
SARNAZ;8;8.12.1965;0;8
DUDUSAN;8;11.11.1965;0;8
ATALAR;8;21.08.1960;8;0
ESKIN;8;7.09.1964;8;0
ZUHRI;8;11.12.1953;5;3
GULUMDAN;8;1.09.1958;0;8
YUSUFALI;8;30.05.1973;8;0
ALIAGA;8;7.04.1966;8;0
NUHTEN;8;16.11.1950;1;7
NUTKI;8;25.01.1946;8;0
GULNEHAL;8;12.4.1705;0;8
MUSUGE;8;6.01.1951;0;8
SAVRIYE;8;11.09.1957;0;8
SENIHAN;8;27.02.1958;0;8
MURADET;8;22.02.1957;0;8
MUGEHAN;8;19.08.1980;0;8
TOVUZ;8;28.04.1967;0;8
GONLUSEN;8;3.09.1961;0;8
BAHAN;8;5.07.1979;3;5
FEHRUZ;8;15.05.1961;7;1
IA;8;18.06.1970;0;8
SAVFET;8;3.06.1955;5;3
NEDICE;8;1.02.1964;0;8
NESVA;8;2.08.1975;0;8
RUKAYYA;8;22.07.1972;0;8
NIVAN;8;18.09.1981;3;5
SEDENAY;8;24.11.1987;0;8
SAMANUR;8;15.06.1974;0;8
HACCER;8;10.08.1963;0;8
HEZER;8;5.03.1967;0;8
BULEM;8;27.02.1982;0;8
YASENEM;8;28.02.1976;0;8
RENAY;8;30.10.1983;0;8
KAYINAT;8;8.08.1967;4;4
BEYLA;8;16.11.1964;0;8
SALCAN;8;23.06.1965;0;8
SAHSIMAN;8;19.07.1956;0;8
ULKUSEN;8;11.03.1962;0;8
ALISAYIT;8;13.10.1959;8;0
KHADIJA;8;5.07.1969;0;8
BERAD;8;23.04.1985;6;2
FEZIRA;8;21.04.1958;0;8
BOYBEY;8;28.06.1966;8;0
KULE;8;24.03.1938;0;8
NAVDAR;8;13.04.1983;8;0
NURDOKEN;8;14.01.1976;0;8
ALIKAMER;8;20.11.1969;8;0
HACICAN;8;4.09.1948;1;7
PERGUZAR;8;5.04.1953;0;8
SERINCA;8;28.08.1963;0;8
MUTIULLAH;8;15.02.1953;8;0
TEVSIR;8;19.05.1968;1;7
MUSEYDE;8;17.04.1965;0;8
SEMINAZ;8;20.01.1970;0;8
PEYZADE;8;18.08.1968;0;8
HEMRIYE;8;8.03.1969;0;8
GERMAN;8;3.06.1975;6;2
SAKULI;8;10.04.1965;8;0
SAPUR;8;10.08.1978;8;0
MENAFI;8;15.05.1967;8;0
ABDULSELEM;8;10.04.1972;8;0
FERISAN;8;29.06.1958;0;8
EMARETTIN;8;27.02.1970;8;0
ZIYATHAN;8;26.10.1962;8;0
GULHEMDAN;8;26.02.1973;0;8
CAVRAS;8;15.02.1955;1;7
UMARETTIN;8;7.10.1972;8;0
HINAV;8;29.11.1960;0;8
DAVATI;8;29.05.1958;8;0
PERNAZ;8;25.08.1965;0;8
HERIKA;8;30.11.1961;0;8
NESULLAH;8;16.02.1975;8;0
MIRBAHADDIN;8;6.05.1966;8;0
ARAPZENGIN;8;18.03.1971;0;8
MEHTEBER;8;24.08.1968;0;8
DIHAN;8;10.11.1977;5;3
MAHZULE;8;16.05.1974;0;8
MEHCEBIN;8;3.07.1967;0;8
MUBARRA;8;25.07.1971;0;8
GOKDAL;8;12.09.1979;7;1
SEBIN;8;13.01.1981;0;8
DILFURUZE;8;22.06.1952;0;8
VETIHA;8;9.01.1973;0;8
MAHFERET;8;6.09.1954;0;8
GULESSER;8;16.07.1965;0;8
GULFEZ;8;30.09.1967;0;8
FEREH;8;9.02.1973;1;7
SOZLEM;8;7.08.1987;0;8
DILAYET;8;1.05.1972;1;7
ILYADIN;8;24.08.1976;8;0
RUZKET;8;12.03.1964;0;8
RISKIYET;8;20.02.1968;0;8
HAYLAZ;8;17.08.1970;0;8
TANEGUL;8;13.01.1970;0;8
KADIRSAH;8;3.05.1961;4;4
ABDULSABIR;8;23.04.1983;8;0
ASMANPERI;8;3.05.1959;0;8
GAZEP;8;30.11.1954;0;8
ENCUMAN;8;18.04.1981;8;0
UGUZHAN;8;8.10.1975;8;0
BEFRU;8;3.09.1972;0;8
ZOHRETE;8;9.09.1972;0;8
HUVZULLAH;8;27.07.1971;8;0
AZATHAN;8;15.08.1973;8;0
INKAR;8;3.04.1970;1;7
NEMLIHAN;8;13.03.1970;0;8
HUSRUF;8;6.03.1963;8;0
TACIDIN;8;1.07.1956;8;0
TASIHAN;8;21.07.1962;0;8
RECIHA;8;3.07.1954;0;8
IHBAR;8;1.09.1967;0;8
ALAHVERDI;8;24.05.1966;8;0
MACAN;8;16.09.1963;0;8
ESASEDDIN;8;25.05.1971;8;0
TASIYE;8;14.09.1958;0;8
NEFSI;8;2.03.1957;0;8
REFYA;8;24.02.1961;0;8
TALO;8;8.02.1943;8;0
MEMIHA;8;19.09.1967;0;8
GEVO;8;8.12.1950;0;8
BANYA;8;6.11.1952;0;8
NEMOS;8;22.12.1966;0;8
SULIHAN;8;28.04.1963;0;8
MIRZETTIN;8;9.06.1963;8;0
INDAT;8;8.09.1981;7;1
FINAZ;8;8.09.1965;0;8
FEVRUSE;8;13.07.1972;0;8
HECICE;8;13.02.1964;0;8
MUBECER;8;7.09.1958;0;8
AKDAN;8;21.08.1963;8;0
KUTLUKHAN;8;17.02.1971;8;0
MUSKAL;8;7.11.1963;0;8
FATIMETUZEHRA;8;9.01.1970;0;8
VANDA;8;18.08.1968;0;8
TAZAGUL;8;3.06.1966;0;8
MAHFI;8;11.05.1973;8;0
SEYFULISLAM;8;18.11.1978;8;0
GULCINAY;8;15.08.1980;0;8
BENUL;8;26.07.1974;0;8
GOKTUNA;8;7.04.1981;8;0
GUSVER;8;20.12.1966;0;8
MINTIKA;8;9.08.1962;0;8
ZULUMAT;8;25.04.1949;8;0
HAYRIN;8;13.07.1971;1;7
TELO;8;10.09.1955;7;1
UMUL;8;2.10.1969;0;8
TAZIYE;8;13.07.1966;0;8
GULUMSAH;8;4.04.1962;2;6
MUKAYIT;8;7.10.1966;7;1
EBRUYE;8;3.01.1977;0;8
SEVMEZ;8;1.10.1971;2;6
SIRINCAN;8;12.05.1984;3;5
ZUBIR;8;27.08.1957;8;0
MUHIYEDDIN;8;26.07.1957;8;0
GEZEP;8;28.11.1965;0;8
MAKPULA;8;3.11.1960;0;8
UMMETULLAH;8;12.09.1950;3;5
HALYAS;8;14.03.1975;0;8
GORCU;8;29.06.1967;0;8
KEMALYE;8;17.01.1972;0;8
CEHFER;8;27.10.1960;7;1
ABDULKAFAR;8;10.01.1964;8;0
A.HAMIT;8;14.06.1957;8;0
GINYAS;8;17.10.1976;8;0
LALO;8;28.06.1947;3;5
BELHA;8;5.10.1962;0;8
MALHUN;8;3.12.1989;0;8
SIBAL;8;3.12.1974;0;8
FUATCAN;8;17.01.1988;8;0
MUTESIR;8;10.08.1978;8;0
FEYZEDIN;8;10.10.1982;8;0
IHSAK;8;4.02.1973;8;0
TEZILE;8;16.07.1962;0;8
SUKURULLAH;8;3.01.1983;8;0
MUNASIYE;8;17.05.1953;0;8
ANIF;8;18.09.1953;8;0
SINANCAN;8;1.09.1988;8;0
SUAYIBE;8;11.04.1962;0;8
SEZIYE;8;24.05.1955;0;8
VEDAHA;8;8.10.1962;0;8
SEFEAT;8;23.12.1980;1;7
MEZINE;8;19.12.1952;0;8
ZULEY;8;15.02.1964;1;7
MUSEVIYE;8;22.09.1970;0;8
RABIC;8;10.01.1951;0;8
CEDIT;8;20.04.1967;8;0
FIZUN;8;24.02.1964;0;8
OKDEM;8;18.12.1969;8;0
BEYOL;8;4.02.1960;8;0
NILER;8;10.10.1975;0;8
EMRAHCAN;8;3.07.1984;8;0
TOTO;8;26.06.1959;0;8
ISMETHAN;8;12.07.1965;1;7
BERKUZAR;8;3.11.1945;0;8
SADANE;8;13.10.1947;0;8
ZANI;8;3.08.1949;8;0
ZURAFE;8;2.04.1943;0;8
LEBER;8;26.08.1945;0;8
SADOL;8;1.11.1968;3;5
RAS;8;3.06.1953;0;8
FENERYE;8;9.01.1968;0;8
SAIZA;8;14.07.1962;0;8
SAFITTIN;8;12.06.1957;8;0
ITAME;8;9.06.1960;0;8
ORTUNC;8;23.03.1983;8;0
CILVELI;8;11.07.1958;2;6
LUIZE;8;21.02.1947;0;8
MUNEL;8;10.09.1967;1;7
KAHIL;8;28.08.1959;8;0
ACUNER;8;9.05.1966;8;0
GULBALA;8;8.09.1958;0;8
ASIRALI;8;15.10.1958;8;0
FILIZAR;8;11.07.1967;0;8
TUKAS;8;26.10.1959;1;7
VIDAYET;8;20.08.1961;2;6
NURIN;8;12.07.1974;3;5
TURNAY;8;15.07.1976;2;6
BEDIRCAN;8;6.05.1981;7;1
GULNABI;8;12.12.1954;1;7
RAKIBIYE;8;2.09.1957;0;8
SERNEZ;8;13.07.1960;0;8
GOKSEVEN;8;26.03.1976;8;0
NETIF;8;15.03.1969;8;0
AYSENIL;8;27.09.1977;0;8
SEMADIYE;8;12.11.1964;0;8
KEVSERIYE;8;25.07.1958;0;8
CHRISTIANE;8;6.09.1954;0;8
GULUMNAZ;8;15.02.1968;0;8
RAHSENDE;8;22.06.1973;0;8
SEAVET;8;22.04.1948;0;8
FULTEN;8;11.05.1967;0;8
MECBURIYET;8;3.12.1972;0;8
VEHCETTIN;8;9.07.1974;8;0
MUTEVEKKILE;8;30.12.1960;0;8
ELHA;8;2.02.1972;0;8
GURGU;8;18.08.1959;7;1
KERIMIYE;8;20.09.1966;0;8
BEZET;8;26.08.1968;7;1
BENDIYE;8;3.09.1967;0;8
BILKUR;8;14.01.1972;5;3
PERYAL;8;30.11.1977;0;8
DADASHAN;8;10.03.1974;8;0
MERGEN;8;20.01.1972;3;5
GUNISIK;8;20.11.1974;0;8
SANIGAR;8;6.10.1959;0;8
YURTGULU;8;8.10.1951;0;8
RIFAIL;8;6.01.1977;6;2
SUTBIYE;8;2.05.1943;0;8
LEVASIYE;8;21.03.1957;0;8
RUAT;8;6.03.1957;5;3
ZIHNISAH;8;15.05.1961;0;8
BUKURIYE;8;3.08.1960;0;8
VAHHAP;8;11.06.1956;8;0
BUKEN;8;20.06.1963;3;5
ZULFIYYE;8;2.01.1975;0;8
ISRAF;8;20.08.1957;3;5
TAPTIK;8;28.10.1948;8;0
VARYET;8;20.09.1978;1;7
MAYET;8;7.11.1952;0;8
NERAL;8;26.07.1968;4;4
MISIRHAN;8;26.06.1956;2;6
TESBIHA;8;4.02.1962;0;8
BILGISAH;8;2.07.1982;0;8
SIRFAN;8;23.02.1974;1;7
SADRETDIN;8;23.09.1956;8;0
NUZULE;8;7.05.1963;0;8
URMET;8;25.05.1961;0;8
MACIDIYE;8;4.01.1961;0;8
NURUCAN;8;29.12.1962;2;6
BIJAN;8;22.07.1965;6;2
SECEN;8;7.08.1974;1;7
MUCAHIR;8;20.03.1964;7;1
LUTIYE;8;30.08.1963;0;8
DANSEL;8;26.08.1949;0;8
KUTLUER;8;26.01.1950;8;0
AHINUR;8;17.03.1963;0;8
MERSURE;8;16.02.1975;0;8
CEMSAH;8;27.01.1980;8;0
BERGIL;8;16.08.1971;5;3
AKYIL;8;21.02.1959;8;0
HARZIYE;8;8.03.1960;0;8
SAZIYER;8;4.09.1961;0;8
HANKO;8;8.09.1948;0;8
ASMET;8;10.10.1959;6;2
CELEL;8;23.10.1960;8;0
ZEZAI;8;13.01.1965;8;0
MERIHE;8;2.10.1963;0;8
SEVDIREN;8;8.03.1954;0;8
SUIDIYE;8;23.01.1960;0;8
ASAMAN;8;20.11.1949;0;8
UTKUHAN;8;11.01.1987;8;0
ALTINTOP;8;2.12.1945;0;8
BAHTISEL;8;11.01.1961;0;8
A.BAKI;8;7.03.1953;8;0
BAKIZER;8;21.08.1963;0;8
SALPER;8;29.07.1985;7;1
BEYNAN;8;7.09.1972;2;6
TUNIL;8;15.12.1973;0;8
NECLAY;8;22.04.1959;0;8
SAFIYEDDIN;8;28.03.1976;8;0
MASSALLAH;8;10.05.1959;7;1
SEVTER;8;29.2.1987;8;0
MAGSUT;8;14.12.1970;8;0
MITLIK;8;24.07.1973;7;1
RIBA;8;10.05.1973;0;8
NESFIYE;8;10.02.1963;0;8
DEVAZ;8;9.05.1961;8;0
ABEYDULLAH;8;2.08.1957;8;0
HIMSI;8;2.10.1945;0;8
NEZMETE;8;6.01.1974;0;8
ANER;8;14.06.1973;6;2
VELET;8;15.06.1952;8;0
SEKNAZ;8;18.09.1973;0;8
GULHACER;8;15.09.1979;0;8
MERAKI;8;6.07.1959;1;7
NEZLIFE;8;9.03.1957;0;8
FETTEH;8;9.12.1971;8;0
ASRIYA;8;9.04.1969;0;8
CEDUH;8;13.01.1954;8;0
RAFETULLAH;8;1.09.1976;8;0
HUYLA;8;17.04.1984;0;8
ERTEK;8;5.02.1970;8;0
LIHATTIN;8;1.12.1958;8;0
AZEDDIN;8;12.12.1972;8;0
KINO;8;22.01.1941;2;6
CUKAN;8;2.08.1953;8;0
ALIHIKMET;8;29.01.1965;8;0
MESRIKA;8;30.2.1968;0;8
VESVI;8;21.05.1969;8;0
SERAZDIN;8;20.04.1965;8;0
BERF;8;5.11.1973;3;5
GULZERRIN;8;5.05.1977;0;8
FERHINAZ;8;13.06.1971;0;8
PEMBIYE;8;1.01.1962;0;8
EZIFE;8;12.07.1976;0;8
METHUSENA;8;3.06.1972;0;8
ETMAN;8;30.2.1959;8;0
SETENEY;8;5.01.1975;0;8
CEFIDE;8;24.05.1956;0;8
KADERGUL;8;19.11.1981;0;8
BITENGUL;8;20.08.1968;0;8
SEYHETTIN;8;20.03.1961;8;0
AYSEMI;8;11.08.1979;0;8
RAFUK;8;18.12.1970;8;0
ZUBEL;8;30.03.1976;1;7
ZAGFER;8;4.07.1946;1;7
NIYAFER;8;8.06.1952;0;8
REMZETTIN;8;16.08.1965;8;0
ZULFUGUL;8;23.05.1964;0;8
ABULMUHSIN;8;14.12.1955;8;0
OZU;8;27.07.1966;5;3
TUNBUL;8;21.04.1953;0;8
MEHCEBIL;8;21.06.1952;0;8
TEVHIK;8;15.06.1953;8;0
KABET;8;2.02.1972;1;7
TAYYIBAT;8;7.03.1965;1;7
ZERRAR;8;21.10.1962;8;0
AISENUR;8;12.08.1974;0;8
NEMA;8;2.03.1977;0;8
MUHSIMA;8;16.04.1964;0;8
ZIRAR;8;28.03.1972;8;0
HAVSI;8;25.01.1955;0;8
MAHRUF;8;8.11.1968;8;0
SEHRIYA;8;8.06.1968;0;8
SULET;8;18.08.1968;1;7
CEKO;8;2.09.1956;7;1
ELNAZ;8;21.09.1983;0;8
HACU;8;24.02.1940;4;4
BELIKA;8;26.08.1971;0;8
SADRETIN;8;17.04.1971;8;0
SUTO;8;1.01.1945;7;1
SIYAHAT;8;8.02.1971;0;8
MINIBE;8;12.04.1969;0;8
SEVGEL;8;24.10.1974;0;8
NETIBE;8;28.02.1948;0;8
MERVIYE;8;14.02.1964;0;8
ABDULMUDDALIP;8;3.08.1970;8;0
GULRAN;8;20.08.1963;0;8
BALKAR;8;2.09.1978;7;1
KADEMLI;8;19.05.1958;0;8
GOKCESU;8;19.09.1984;0;8
DENIZKAN;8;17.04.1981;7;1
VESIBE;8;5.01.1968;0;8
IL;8;19.10.1977;0;8
BERIT;8;16.12.1977;1;7
MUBARIZ;8;25.04.1967;8;0
GULZUHAL;8;17.03.1968;0;8
HICIRET;8;29.12.1969;5;3
KURULAY;8;19.02.1957;7;1
ERBERK;8;12.01.1986;8;0
AYGEL;8;22.08.1960;0;8
TSITSINO;8;24.07.1960;0;8
GULDESTEN;8;7.09.1953;0;8
ZELVER;8;6.06.1963;0;8
SAIDIYE;8;22.07.1960;0;8
HAZILET;8;21.09.1964;0;8
SEVGULAY;8;9.09.1972;0;8
ALIBAYRAM;8;20.04.1954;8;0
ICRI;8;30.07.1963;7;1
BENZEGUL;8;25.04.1960;0;8
ERDAGI;8;15.08.1967;8;0
HEMIDIYE;8;24.12.1965;0;8
KAMBERALI;8;28.04.1964;8;0
ALISTAN;8;21.03.1961;8;0
TAHRIME;8;25.09.1961;0;8
DUNGUZAR;8;29.07.1965;0;8
KIZLARBEGI;8;29.11.1947;0;8
HASANBALI;8;10.09.1946;8;0
MUKADDE;8;19.09.1947;0;8
SUYAGUL;8;29.04.1965;0;8
GULDUZEN;8;21.07.1961;0;8
VARIDAT;8;24.11.1959;4;4
AYDABAHAR;8;13.05.1985;0;8
ATTILE;8;22.11.1965;8;0
CAKAL;8;9.09.1943;0;8
FATAMA;8;13.12.1981;0;8
ILHAS;8;1.05.1971;8;0
CUNDI;8;12.07.1959;8;0
SERBILEN;8;21.03.1978;4;4
ELDEN;8;15.10.1966;2;6
MORIK;8;3.08.1939;0;8
CEZRAIL;8;12.10.1975;8;0
HASANPASA;8;27.06.1950;8;0
BETO;8;20.07.1973;8;0
CENALP;8;11.05.1975;8;0
ONGEL;8;21.01.1959;7;1
METIHAN;8;23.05.1966;5;3
OTUKEN;8;15.06.1983;3;5
DURSUNMURAT;8;10.06.1963;8;0
REHANGUL;8;16.01.1967;0;8
MULKUCAN;8;14.10.1960;0;8
MALIYETE;8;13.09.1975;0;8
NABIBE;8;1.06.1956;0;8
DURRETEL;8;27.08.1949;0;8
SADAKA;8;6.02.1974;6;2
SELAMULLAH;8;26.10.1969;8;0
ZULUFHAN;8;13.07.1968;0;8
MILAIM;8;22.08.1962;8;0
GURZADE;8;12.03.1970;0;8
RABIYET;8;30.03.1960;0;8
ESRAIL;8;21.01.1964;8;0
RUHBET;8;22.08.1965;1;7
HAYATIGUL;8;28.07.1965;0;8
MEBILE;8;24.09.1972;0;8
ERTOP;8;9.06.1973;8;0
MUHUBBI;8;26.10.1954;8;0
MUMIRE;8;29.09.1948;0;8
YEKTE;8;1.12.1956;2;6
YILLAR;8;29.03.1983;4;4
CAKO;8;8.07.1952;7;1
SAHMEMET;8;21.06.1946;8;0
PEVRAN;8;25.12.1966;1;7
SIHDURAN;8;15.01.1950;8;0
MASIR;8;28.04.1973;5;3
EMANI;8;19.05.1968;6;2
EFLA;8;16.02.1979;0;8
DILSADE;8;25.11.1958;0;8
IRFANETTIN;8;2.11.1961;8;0
KOCAR;8;2.09.1962;6;2
BAGDADIYE;8;20.09.1961;0;8
KUTLUCAN;8;23.07.1971;6;2
SAVLET;8;4.10.1963;8;0
ZEREY;8;24.11.1955;0;8
VEYIP;8;19.04.1962;8;0
MUHEYYET;8;8.12.1952;3;5
IPKAL;8;17.08.1968;0;8
ARKUT;8;23.11.1974;7;1
UNCAN;8;12.12.1965;1;7
ULFIDIYE;8;13.07.1954;0;8
ELDIVAZ;8;12.11.1949;8;0
MUZIME;8;11.08.1945;0;8
GULHAKI;8;7.05.1962;1;7
TEZGUN;8;30.04.1974;7;1
CEMILCAN;8;1.03.1989;8;0
GULSEVIYE;8;26.11.1958;0;8
FENIYE;8;24.01.1965;0;8
MERGUS;8;17.07.1964;0;8
OZDILER;8;23.06.1970;6;2
BERATIN;8;22.11.1971;8;0
SALIHMEHMET;8;12.02.1951;8;0
EVRENOS;8;20.08.1957;8;0
MEZIHE;8;22.12.1960;0;8
REFASIYE;8;25.06.1959;0;8
SURER;8;24.07.1968;6;2
SIHAL;8;7.01.1973;0;8
BEN;8;27.01.1978;3;5
CELAHATTIN;8;6.02.1961;8;0
NEDAHAT;8;11.09.1948;0;8
PIRIYE;8;23.01.1955;0;8
ILAMIYE;8;5.07.1964;0;8
BEHAYDIN;8;30.04.1972;8;0
SELYADE;8;16.07.1961;0;8
MUBEYIR;8;6.12.1960;1;7
MEGREM;8;26.03.1963;0;8
BEZHAT;8;5.09.1975;8;0
BIGEM;8;27.12.1984;0;8
UYSER;8;16.08.1961;0;8
SEYDAMET;8;18.04.1968;8;0
MUZEIN;8;23.01.1966;0;8
BUSEYNA;8;27.11.1963;0;8
IDAVER;8;4.05.1958;5;3
BEYIDE;8;16.03.1960;0;8
NURSANIYE;8;19.10.1970;0;8
YUKSELE;8;10.02.1960;0;8
KIRMISYA;8;18.01.1962;0;8
GULSEYDA;8;12.01.1976;0;8
TEKANT;8;14.06.1975;8;0
REFADIYE;8;27.08.1961;0;8
HUNNEY;8;26.06.1951;0;8
ZAYIDA;8;30.07.1961;0;8
BERNAZ;8;27.10.1982;1;7
KUVET;8;23.04.1974;7;1
HULAGUHAN;8;4.10.1972;8;0
ALAEDIN;8;21.03.1967;8;0
MUBE;8;2.08.1958;0;8
SELDAGUL;8;28.07.1978;0;8
SONDA;8;4.10.1978;1;7
MESSE;8;18.11.1954;1;7
URUKIYE;8;13.10.1956;0;8
BESU;8;24.07.1938;0;8
MEHRICE;8;24.05.1960;0;8
MUTEREM;8;26.05.1959;3;5
RUHIZAR;8;27.04.1961;0;8
NILPERI;8;9.06.1978;0;8
SUZGUN;8;9.02.1962;0;8
ZERAFETTIN;8;11.02.1955;8;0
YEHSAN;8;12.02.1977;4;4
NECADE;8;6.02.1952;0;8
KUSAY;8;18.09.1975;7;1
BADISEN;8;15.03.1969;0;8
TORER;8;18.04.1953;7;1
KABULE;8;4.02.1963;0;8
ENIFE;8;27.10.1956;0;8
MUHTEREN;8;24.05.1975;3;5
RESALET;8;7.02.1964;0;8
SENCEL;8;30.07.1970;0;8
YANAL;8;26.11.1966;8;0
ESINAY;8;27.09.1982;0;8
GUCLEN;8;25.10.1977;7;1
SUHAR;8;24.02.1973;1;7
YARIN;8;22.12.1967;4;4
BEKLEN;8;14.03.1983;4;4
PIRILAY;8;3.03.1974;0;8
SONDILEK;8;19.05.1967;0;8
HARIDE;8;8.07.1967;0;8
NUHEL;8;21.09.1966;8;0
GULHADE;8;6.12.1962;0;8
MUBIRE;8;21.09.1951;0;8
JUTTA;8;23.03.1950;0;8
LEYLIM;8;3.07.1984;0;8
LOBER;8;4.12.1947;0;8
KARDEM;8;2.05.1982;0;8
FATIMETULZEHRA;8;30.07.1976;0;8
ABDULLAZIM;8;8.12.1957;8;0
SITEY;8;17.05.1958;0;8
TUGSE;8;6.08.1988;0;8
MUSTEMIRE;8;29.04.1957;0;8
AFEL;8;26.05.1967;4;4
MIYYASE;8;5.03.1946;0;8
GULEYSER;8;19.05.1965;0;8
DAG;8;18.04.1962;8;0
PERZIHAN;8;30.03.1964;0;8
MUNURUYE;8;11.03.1969;0;8
GULYESEMEN;8;30.08.1959;0;8
UZAN;8;28.01.1980;7;1
CEFAIRE;8;22.01.1957;0;8
BEZMIALEM;8;16.06.1965;0;8
SOREL;8;23.01.1981;6;2
ALLIS;8;10.04.1965;8;0
SEYIN;8;15.03.1960;4;4
SAVAR;8;8.04.1957;1;7
ZULKARIN;8;28.05.1969;8;0
HURUDE;8;4.10.1965;0;8
HAYFI;8;24.01.1961;7;1
YANARAY;8;26.08.1966;3;5
TURKSEV;8;20.05.1974;6;2
SEBIYET;8;10.05.1960;0;8
NAZIMI;8;30.09.1953;7;1
AYGENC;8;16.04.1982;8;0
ILKOZ;8;25.05.1961;2;6
D.MEMET;8;5.05.1945;8;0
AYKAAN;8;16.04.1980;1;7
M.SALIM;8;13.07.1951;8;0
FERHET;8;15.10.1962;8;0
PIRESIM;8;5.03.1945;8;0
ESEMIL;8;12.12.1961;5;3
TAKIP;8;8.10.1963;7;1
HASKIYE;8;3.07.1954;0;8
SELVANE;8;27.08.1966;0;8
CHARLOTTE;8;21.11.1965;0;8
TURUGSAN;8;21.02.1981;8;0
GULASAR;8;11.01.1956;0;8
NURILHIDE;8;11.05.1963;0;8
VAHAT;8;21.06.1967;8;0
SADENUS;8;29.04.1966;6;2
MEISE;8;25.07.1966;0;8
H.BASRI;8;18.06.1958;8;0
BEZIYE;8;13.02.1968;0;8
GURUL;8;30.2.1968;7;1
ZAHIDIN;8;22.05.1968;8;0
NEFALET;8;15.09.1964;0;8
BEYEN;8;24.01.1965;1;7
OBET;8;28.12.1962;8;0
EMISAN;8;12.06.1955;0;8
ZULKEDER;8;4.05.1962;0;8
ZUBERRA;8;1.07.1960;0;8
SUTIYA;8;7.04.1967;0;8
KARABULUT;8;20.06.1961;8;0
MERUS;8;6.07.1961;0;8
KEZMAN;8;18.06.1964;0;8
MINEHAN;8;8.02.1976;0;8
ZERNISAH;8;27.11.1968;0;8
MERHAMETTIN;8;25.11.1968;8;0
SENAS;8;7.09.1974;0;8
ZAYIR;8;1.08.1966;7;1
FERIZIYE;8;2.03.1969;0;8
YAGUB;8;10.09.1967;8;0
DAYE;8;8.12.1977;0;8
AMY;8;20.05.1970;0;8
JOHANNA;8;19.08.1949;0;8
SEFAATDIN;8;6.05.1961;8;0
AZIDE;8;27.01.1969;0;8
SAGGUL;8;7.03.1963;0;8
SEYMUZ;8;11.12.1972;8;0
VEHDAT;8;23.02.1969;8;0
FURDOVS;8;14.01.1947;0;8
BASIRA;8;21.12.1958;0;8
KERZUBAN;8;4.03.1963;0;8
FATIHCAN;8;4.07.1988;8;0
ICIN;8;21.09.1975;0;8
SEYICAN;8;26.08.1973;0;8
TOGRUL;8;8.06.1963;8;0
YELDAR;8;29.07.1984;8;0
NEJGUL;8;23.06.1972;0;8
MURVEN;8;2.07.1964;0;8
GURSELIN;8;5.08.1967;0;8
SUNU;8;26.08.1953;5;3
HARIRE;8;18.05.1941;0;8
OFE;8;17.12.1952;0;8
SAFRIYE;8;12.11.1960;0;8
FILYE;8;19.03.1965;0;8
GEZIN;8;4.01.1969;0;8
MUENNES;8;26.04.1968;0;8
HATRA;8;26.01.1944;0;8
ERZU;8;8.05.1960;1;7
ESSAT;8;5.02.1973;8;0
TANBERK;8;22.02.1976;8;0
BIRLIK;8;5.11.1977;2;6
TAMET;8;27.03.1967;2;6
MILHAK;8;21.06.1963;8;0
SARAF;8;29.04.1966;0;8
ZEYNER;8;10.03.1964;5;3
SERDAC;8;14.08.1974;6;2
HUSEIN;8;18.02.1970;8;0
NURSIFA;8;1.03.1979;0;8
ZENGINE;8;2.05.1954;0;8
MELYA;8;9.12.1964;0;8
HAYRIGUL;8;18.11.1970;2;6
MIDET;8;7.05.1975;0;8
DUZEN;8;15.07.1981;2;6
ARGIN;8;21.10.1972;8;0
GOREM;8;20.07.1986;3;5
BURUN;8;10.06.1962;3;5
A.FATMA;8;4.02.1942;0;8
NEMRIYE;8;16.04.1957;0;8
VEVRIYE;8;13.01.1958;0;8
ABDULVAHHAB;8;24.05.1976;8;0
REYDAN;8;27.02.1976;0;8
OYSAL;8;1.01.1972;8;0
MOKEY;8;22.11.1944;0;8
HULLIYE;8;13.12.1960;0;8
RAYIGAN;8;2.07.1954;0;8
ABDULSEDAT;8;6.08.1978;8;0
SABADIN;8;30.01.1966;8;0
LIVEREN;8;26.02.1969;8;0
SAHMETLI;8;4.05.1978;8;0
MENSE;8;23.12.1953;0;8
NEBIGUL;8;27.06.1959;0;8
URUSTEM;8;13.01.1962;8;0
MEVRUDE;8;1.06.1948;0;8
OKES;8;30.2.1972;8;0
BEYDE;8;26.04.1967;0;8
VEBI;8;26.09.1959;8;0
MASIRE;8;16.03.1970;0;8
SITTISAH;8;14.07.1946;0;8
LUBER;8;24.01.1958;0;8
SUNARI;8;14.09.1956;0;8
SUNDU;8;7.06.1959;0;8
NANCY;8;14.05.1970;0;8
TOPUZ;8;11.10.1957;8;0
VELIYULLAH;8;7.08.1955;4;4
ILHANETTIN;8;14.05.1970;8;0
VIRA;8;26.01.1966;0;8
ZUMREL;8;10.08.1972;0;8
DONDUNAZ;8;4.11.1974;0;8
BIRGEL;8;15.01.1964;1;7
PELINAY;8;7.10.1987;0;8
KUGU;8;30.06.1965;0;8
RABIBE;8;15.04.1962;0;8
SERFI;8;5.01.1965;0;8
VUGAR;8;14.06.1981;8;0
BASTUG;8;2.12.1962;8;0
GULKAY;8;19.04.1975;2;6
NURALTIN;8;10.09.1967;0;8
MUHASSINE;8;20.06.1949;0;8
MARIETA;8;12.11.1968;0;8
AKCICEK;8;10.07.1957;0;8
ISMED;8;5.10.1942;7;1
OMURSEL;8;20.11.1980;4;4
OKER;8;5.07.1969;7;1
BOKE;8;21.10.1970;8;0
SAMISTAN;8;23.10.1962;8;0
AZA;8;22.11.1962;0;8
SELAN;8;1.07.1976;1;7
UMMUSER;8;4.07.1964;0;8
GUSER;8;8.10.1965;1;7
PERIYEN;8;1.04.1956;0;8
SERPAY;8;14.11.1979;3;5
OZDEK;8;27.04.1982;4;4
MUHLUSE;8;1.02.1963;0;8
BILAR;8;2.12.1959;4;4
YAHSEMIN;8;13.02.1971;0;8
NURISEL;8;28.05.1962;0;8
BEGZADE;8;10.12.1954;8;0
EVGENIA;8;17.09.1952;0;8
YELDANUR;8;10.05.1980;0;8
LAMISE;8;3.11.1959;0;8
EGSE;8;25.05.1956;0;8
GULSAIDE;8;15.05.1967;0;8
PELIZAT;8;28.01.1971;0;8
GULEVSER;8;10.11.1952;0;8
RAGUF;8;10.09.1963;8;0
USTEL;8;23.07.1961;4;4
ENZER;8;17.12.1970;5;3
ERTUGAN;8;19.01.1972;8;0
AYTULIN;8;13.06.1972;0;8
BETULNUR;8;29.01.1986;0;8
SEVDAP;8;12.02.1970;0;8
BABILE;8;8.06.1957;0;8
ZLATA;8;7.05.1960;0;8
FIRANGIZ;8;21.12.1969;0;8
YILDIZFER;8;11.07.1955;0;8
FEHIRE;8;1.08.1967;0;8
ZERINE;8;3.02.1966;0;8
SIMHAN;8;12.11.1969;0;8
SAYAL;8;21.04.1964;1;7
KUTLUGUL;8;27.07.1982;0;8
EZAT;8;18.03.1974;4;4
TOMRU;8;25.12.1960;2;6
DUDUMAN;8;21.11.1959;0;8
KEVRAN;8;27.03.1972;6;2
TEZKAN;8;8.11.1976;8;0
MUHRALI;8;14.02.1951;8;0
YERCENIK;8;5.04.1955;0;8
NELGIN;8;20.03.1977;0;8
ILGAN;8;30.09.1964;4;4
HANTUS;8;6.05.1962;0;8
GULSATI;8;6.01.1962;0;8
ALIABA;8;30.12.1969;8;0
SAIDENUR;8;6.03.1980;0;8
LIME;8;22.04.1945;0;8
LEBBURE;8;27.11.1935;0;8
LAMARA;8;15.08.1960;0;8
HUZAME;8;30.08.1955;1;7
GULCILEM;8;3.07.1984;0;8
BENIRE;8;3.11.1954;0;8
ISMA;8;19.01.1956;0;8
MEVAHIP;8;14.09.1950;8;0
TEUMAN;8;15.05.1946;8;0
MEHVAR;8;19.08.1956;0;8
DOGANSEL;8;14.08.1976;6;2
BIRCEM;8;1.02.1987;2;6
ATABERK;8;21.08.1982;8;0
SEYFIDIN;8;19.06.1954;8;0
FIRATHAN;8;18.05.1983;8;0
MERBA;8;15.06.1982;0;8
MEKNUZE;8;16.07.1944;0;8
ODEL;8;15.01.1951;2;6
NUVID;8;18.07.1971;5;3
ISABELLA;8;6.12.1970;0;8
KOLET;8;4.02.1965;0;8
MUDAFER;8;14.07.1966;6;2
ZERBIYE;8;22.06.1953;0;8
ELBURUZ;8;16.07.1983;8;0
BESBINA;8;23.10.1948;0;8
IMETULLAH;8;13.07.1938;0;8
HUZIYE;8;27.12.1956;0;8
MUHIYE;8;22.02.1957;0;8
LUISA;8;19.09.1962;0;8
EFTALETTIN;8;3.11.1963;8;0
NEMRA;8;27.09.1975;0;8
ELKE;8;1.01.1952;0;8
CAHANSER;8;5.10.1953;0;8
KENDIGUL;8;30.03.1968;0;8
KAKUS;8;23.05.1941;0;8
TOPAN;8;4.08.1948;1;7
RAHIMIYE;8;25.01.1953;0;8
NURIYEN;8;14.09.1963;0;8
NARIMEN;8;9.06.1965;0;8
NASID;8;30.04.1961;8;0
CELALEDTIN;8;5.09.1959;8;0
HELMIYE;8;29.06.1959;0;8
SUHIL;8;10.11.1955;6;2
SANIS;8;4.05.1958;0;8
ACAN;8;28.06.1961;4;4
FARET;8;8.04.1954;8;0
VERCAN;8;22.01.1970;4;4
HUDAIYE;8;16.01.1945;0;8
AYBAHAR;8;24.08.1964;0;8
BEYIHAN;8;15.09.1964;0;8
GULERMIN;8;5.02.1969;0;8
SEYMIYE;8;26.02.1966;0;8
ALVIYE;8;6.03.1960;0;8
HUMMU;8;6.04.1954;0;8
LIBABIYE;8;24.04.1947;0;8
EFRAHIL;8;21.10.1965;8;0
ERSAYIN;8;19.12.1959;8;0
ZAHIRIYE;8;14.10.1969;0;8
OGURCAN;8;8.11.1954;8;0
NEFCI;8;20.10.1949;0;8
AYSHE;8;3.07.1975;0;8
VIRON;8;1.10.1954;8;0
MARYET;8;14.09.1973;0;8
ANNIE;8;8.10.1951;0;8
HANER;8;16.01.1978;4;4
MAYSE;8;10.01.1969;0;8
SUN;8;25.07.1963;3;5
TACNUR;7;20.10.1968;1;6
GULUSTUN;7;5.04.1966;0;7
ABUZERI;7;11.10.1955;7;0
ULEV;7;11.12.1965;2;5
GALIDE;7;10.01.1970;0;7
GULERDEN;7;5.01.1964;1;6
GULBETTIN;7;8.12.1989;7;0
HARIF;7;12.10.1964;7;0
DIRENIS;7;7.08.1983;4;3
BOZ;7;10.07.1948;7;0
RECEBI;7;18.05.1963;7;0
INAY;7;22.09.1969;2;5
BURHANE;7;3.12.1954;0;7
GAFIRE;7;19.05.1972;0;7
ELIYE;7;23.12.1967;2;5
BERRUN;7;11.03.1976;2;5
GULKUT;7;27.08.1970;0;7
FEMIN;7;16.01.1960;1;6
OSMANBEY;7;14.04.1964;7;0
MENIVE;7;29.07.1964;0;7
ENUR;7;1.08.1969;5;2
FIDYE;7;20.03.1960;0;7
NACER;7;8.04.1967;0;7
MUNAFER;7;12.04.1955;0;7
YETIR;7;17.11.1969;0;7
HAYRINISAN;7;1.04.1964;0;7
HALISIYE;7;20.08.1958;0;7
SAHICIHAN;7;4.01.1958;4;3
ESLIYE;7;25.01.1955;0;7
FAIGA;7;25.01.1955;0;7
SUSEY;7;5.03.1938;0;7
GULUSA;7;22.03.1963;0;7
TAKETTIN;7;3.11.1961;7;0
SERBI;7;1.02.1968;0;7
AZMIGUL;7;11.03.1953;0;7
ESEHAN;7;23.01.1961;1;6
MUSIME;7;19.11.1970;0;7
DILERAY;7;25.03.1986;0;7
KETAVIN;7;19.02.1953;0;7
LEYLEY;7;22.12.1946;0;7
CEVAN;7;24.07.1970;2;5
KULER;7;28.11.1945;0;7
SENADE;7;21.01.1974;0;7
AYLIYE;7;10.10.1973;0;7
ERSA;7;7.09.1981;0;7
REMIZIYE;7;11.04.1965;0;7
GULAP;7;29.01.1959;3;4
SUMAYYE;7;25.09.1978;0;7
MUSEYYEN;7;27.01.1961;0;7
NAICE;7;9.12.1968;0;7
NEBAL;7;3.02.1963;0;7
BIRDEMET;7;23.06.1968;0;7
FERAHDIBE;7;29.06.1971;0;7
SUKUTU;7;7.06.1967;7;0
NEDARET;7;11.10.1952;0;7
CINEL;7;26.04.1982;1;6
HAMDEGUL;7;25.04.1960;0;7
ABDULRAIF;7;6.05.1971;7;0
CEVAZ;7;2.10.1967;7;0
HUNAT;7;17.07.1976;0;7
NAZET;7;26.04.1962;1;6
ABDULMESUT;7;5.12.1975;7;0
MULHUME;7;27.10.1972;0;7
NIHADDIN;7;14.11.1955;7;0
SEHNIZAR;7;23.01.1956;0;7
TOZEY;7;25.10.1951;0;7
TAHMIN;7;11.11.1955;4;3
TUMBUL;7;26.07.1968;0;7
USKUN;7;10.12.1960;5;2
MUZAHAR;7;30.01.1955;0;7
SUMUYE;7;24.10.1976;0;7
TESVIDE;7;4.07.1958;0;7
SERPIYE;7;16.09.1971;0;7
SESI;7;13.03.1957;1;6
ELIK;7;20.10.1947;0;7
KEMUN;7;4.01.1958;0;7
SARIT;7;5.12.1973;0;7
SATE;7;2.02.1960;0;7
META;7;28.04.1974;4;3
FIRDOZ;7;10.02.1966;0;7
BERGIZAR;7;27.07.1952;0;7
RAMMI;7;10.06.1933;7;0
GULBINAY;7;8.07.1978;0;7
BUGUN;7;29.06.1973;6;1
DARISTAN;7;30.11.1979;3;4
SURMET;7;25.02.1974;4;3
HEYVA;7;15.01.1965;0;7
MILHAT;7;23.01.1967;1;6
HAFZI;7;24.01.1968;5;2
MEHSUM;7;7.06.1983;7;0
MAYESE;7;16.07.1954;0;7
BEHRINAZ;7;14.10.1958;0;7
ATYA;7;25.03.1962;0;7
NESULE;7;10.06.1965;0;7
HASIAT;7;21.12.1974;0;7
RIDAN;7;13.01.1981;4;3
IZHAK;7;18.10.1979;5;2
MERTAL;7;8.09.1967;5;2
ZUHRENUR;7;10.01.1976;0;7
FERSIK;7;28.08.1945;0;7
DIYALA;7;30.05.1985;0;7
YURSALIN;7;11.03.1961;0;7
DEVRANE;7;1.10.1963;1;6
FEDANUR;7;5.09.1973;0;7
FAZLIHAN;7;25.12.1977;3;4
HAFIDA;7;18.06.1966;0;7
HUSA;7;1.02.1964;0;7
EDLISE;7;26.11.1971;0;7
CEZMIR;7;26.03.1976;6;1
OMERCIK;7;9.06.1983;7;0
FETUMA;7;29.11.1953;0;7
SAHRIZE;7;22.04.1956;0;7
HURAL;7;13.04.1978;4;3
DIHAP;7;14.03.1981;5;2
BILSE;7;24.04.1977;0;7
TOZI;7;27.04.1943;0;7
RADIFA;7;24.02.1965;0;7
ZEYNELDIN;7;26.02.1972;7;0
SONYAZ;7;25.09.1977;0;7
BINAYI;7;9.09.1981;2;5
KANIHE;7;2.12.1980;0;7
MUNEVVEL;7;21.05.1958;0;7
HIMAYI;7;17.08.1962;0;7
BARA;7;28.11.1956;1;6
SIMIL;7;12.11.1965;1;6
HAZERI;7;8.05.1966;5;2
MELFO;7;17.10.1959;0;7
CICEKLI;7;24.09.1965;1;6
KEVSERI;7;5.10.1957;0;7
KESIDE;7;22.07.1972;0;7
HELISE;7;29.03.1964;0;7
HUBRU;7;22.08.1957;0;7
BEHYEDDIN;7;28.03.1979;7;0
NEKTER;7;28.08.1968;6;1
HECCI;7;7.12.1943;0;7
RIKKIYE;7;21.07.1963;0;7
GAZO;7;30.04.1947;2;5
DEVIT;7;22.06.1983;7;0
HECRI;7;22.02.1956;2;5
IDDA;7;14.02.1960;0;7
KEZUBAN;7;9.04.1961;0;7
KEJJE;7;29.01.1971;0;7
MIRRA;7;25.11.1949;0;7
AVCU;7;13.03.1961;7;0
RUKENT;7;9.08.1974;3;4
USUP;7;12.08.1952;7;0
FARA;7;3.10.1957;0;7
MANIFE;7;15.05.1966;0;7
ROLA;7;26.08.1974;0;7
MECLISE;7;10.09.1976;0;7
KEMEL;7;26.11.1977;6;1
SEDDAM;7;20.02.1983;7;0
MUDURE;7;2.12.1953;0;7
GOLNAZ;7;11.07.1968;0;7
MAGDURE;7;12.11.1969;0;7
HAMIDI;7;17.08.1973;4;3
FURUZEN;7;13.06.1978;0;7
VADHE;7;22.04.1950;0;7
ALIKO;7;12.04.1946;7;0
MUSKUFER;7;17.04.1954;0;7
RAAT;7;1.04.1962;7;0
FELISE;7;4.05.1957;0;7
ZISEN;7;18.09.1964;1;6
BERGIHAN;7;6.08.1960;0;7
ANNUT;7;27.02.1960;0;7
GEZALE;7;14.08.1952;0;7
FIKRO;7;21.06.1947;0;7
SULYE;7;13.09.1958;0;7
FETHA;7;25.04.1975;0;7
TUME;7;5.04.1948;4;3
MECUDE;7;5.02.1957;0;7
SAHRIZAN;7;3.01.1974;0;7
BESSIME;7;1.09.1966;0;7
ABDULKUDDUZ;7;1.03.1967;7;0
YILBAS;7;8.04.1970;1;6
GULNAAM;7;24.11.1968;0;7
HILIN;7;6.11.1984;0;7
TEKVA;7;24.04.1984;2;5
ABDUSSALAM;7;10.02.1971;7;0
KEVOKI;7;1.10.1965;0;7
RAVYA;7;22.01.1977;0;7
SASI;7;28.06.1933;0;7
METHO;7;8.04.1949;0;7
KESRIYE;7;13.06.1952;0;7
DULSAN;7;17.02.1969;0;7
PERIHANI;7;12.04.1944;0;7
NEZVET;7;18.02.1964;4;3
SENET;7;24.06.1977;6;1
NAHLA;7;9.08.1966;0;7
TABIYET;7;4.06.1975;0;7
SIRACATTIN;7;23.08.1961;7;0
MAHCEMIL;7;24.03.1936;0;7
SIFAN;7;24.02.1977;2;5
NECYE;7;1.07.1971;0;7
BUDUR;7;14.03.1980;0;7
GALIYA;7;18.04.1972;0;7
FASIHE;7;29.10.1956;0;7
ATTI;7;30.06.1947;0;7
SITA;7;18.02.1965;0;7
RIYAZ;7;10.04.1973;6;1
HUBRIZE;7;3.10.1971;0;7
PALE;7;3.10.1981;6;1
ZANE;7;11.06.1983;4;3
MENIF;7;23.07.1962;5;2
RUJGAN;7;16.10.1957;0;7
YUHANIN;7;1.09.1980;7;0
IBLAL;7;7.09.1965;6;1
ABDUSAMAT;7;15.09.1958;7;0
AZZO;7;6.01.1940;7;0
TASIE;7;19.03.1962;0;7
BOBI;7;17.05.1975;7;0
SEFIAT;7;7.03.1970;0;7
MINAT;7;5.06.1968;3;4
NEZATA;7;10.05.1965;0;7
UZEYLE;7;23.05.1983;0;7
LUKA;7;3.11.1976;7;0
MICHAELA;7;16.03.1982;0;7
MAHABAD;7;19.11.1979;1;6
MISO;7;10.08.1951;5;2
NURULLA;7;7.12.1973;7;0
BELIYE;7;17.08.1962;0;7
MARIBEL;7;10.03.1948;0;7
SITTAR;7;26.12.1973;7;0
OSKI;7;2.03.1946;2;5
FEYHAT;7;2.06.1971;4;3
SEHEP;7;19.11.1970;6;1
MAHAMA;7;18.01.1957;7;0
MUZAFAR;7;15.06.1956;7;0
LILYA;7;29.07.1979;0;7
MARC;7;26.01.1976;7;0
SAHID;7;23.02.1979;7;0
NUSER;7;24.11.1957;0;7
NAZIKI;7;9.08.1956;0;7
NURSEZEN;7;24.07.1986;1;6
PETROS;7;28.02.1978;7;0
IVI;7;29.12.1954;0;7
MEYYO;7;20.07.1946;0;7
MARLIS;7;27.09.1983;0;7
JOSEPH;7;21.01.1974;7;0
MIRJAM;7;27.04.1984;0;7
DIRSIM;7;25.01.1977;2;5
JEKLIN;7;24.11.1960;0;7
MAGDALENA;7;7.06.1974;0;7
MAZO;7;30.10.1941;4;3
NICAH;7;3.06.1969;0;7
ZIYET;7;3.01.1977;7;0
TAYIBAT;7;14.09.1960;0;7
FAYYAD;7;28.04.1958;7;0
EJDET;7;1.07.1981;7;0
MEDARI;7;22.05.1982;6;1
EMENI;7;24.01.1983;0;7
GAZVE;7;16.02.1962;0;7
HIFZILLAH;7;15.08.1978;7;0
YEVSI;7;22.11.1948;7;0
ESMO;7;1.06.1957;2;5
NURHIDE;7;6.06.1968;0;7
MOBIN;7;14.08.1975;7;0
MEFRICE;7;1.07.1977;0;7
BERAKET;7;29.12.1955;7;0
SILVET;7;19.12.1959;0;7
MEHMETATA;7;17.10.1965;7;0
KIYMETTIN;7;11.11.1970;6;1
BEZARE;7;11.05.1963;0;7
BEGEN;7;10.09.1969;4;3
BERFIK;7;9.01.1959;0;7
SISAM;7;28.08.1958;1;6
FURAY;7;26.12.1978;0;7
FOZA;7;17.10.1959;0;7
BILMES;7;14.01.1971;0;7
JONATHAN;7;18.12.1981;7;0
HADE;7;2.09.1952;0;7
SERVETHAN;7;3.10.1970;3;4
ROJBI;7;21.02.1980;0;7
SITTU;7;6.01.1957;0;7
SAFYET;7;3.04.1970;0;7
MENTEHA;7;6.08.1976;0;7
SELAMA;7;20.05.1968;2;5
NERSAN;7;15.02.1981;1;6
NURITIN;7;11.03.1965;7;0
REHAT;7;18.03.1983;7;0
VIRGINIA;7;5.04.1959;0;7
ABDULZAHIR;7;24.03.1975;7;0
ROJDE;7;28.08.1984;2;5
SUMAN;7;7.12.1962;3;4
NOFIYE;7;8.10.1970;0;7
FEDYA;7;6.02.1979;0;7
BINO;7;5.05.1973;7;0
MAFYA;7;26.04.1972;0;7
CEMHUR;7;10.05.1947;7;0
HEZBIYE;7;9.03.1971;0;7
SAHRABANI;7;10.01.1966;0;7
ZEBERHAN;7;22.01.1955;0;7
HASU;7;20.03.1936;6;1
SADUR;7;21.12.1970;7;0
ASETE;7;3.12.1966;0;7
AVNET;7;26.11.1966;4;3
SEHIDIYE;7;13.05.1974;0;7
LEMHA;7;20.04.1970;0;7
KATARINA;7;17.10.1969;0;7
NEZETTIN;7;20.04.1956;7;0
VULKAN;7;1.07.1981;6;1
NICMEDDIN;7;1.07.1967;7;0
REMAN;7;13.07.1970;4;3
EFRIYE;7;21.05.1971;0;7
BEYETTIN;7;7.11.1971;7;0
LEZIME;7;2.08.1958;0;7
REHMA;7;13.03.1975;0;7
CAYZE;7;4.04.1960;0;7
ERDEMHAN;7;22.07.1983;4;3
MAYAT;7;2.07.1964;0;7
NADIRSA;7;19.11.1975;0;7
ZEDIHA;7;22.02.1971;0;7
PAKIZAN;7;29.01.1966;0;7
SAHYE;7;5.02.1968;0;7
OMRI;7;23.07.1952;6;1
ROZIN;7;25.05.1972;0;7
MUSADDET;7;11.02.1968;0;7
KADIFA;7;2.11.1957;0;7
CEGER;7;13.09.1985;7;0
SUBASI;7;7.11.1971;7;0
ABUDE;7;9.02.1951;0;7
HEYBER;7;30.09.1978;3;4
SAMAS;7;16.07.1956;5;2
DURSUYA;7;10.01.1962;0;7
SASIDE;7;1.04.1965;0;7
ZENAY;7;7.02.1969;1;6
NOGMEN;7;30.07.1964;7;0
SAMILI;7;30.03.1965;7;0
IRABIS;7;30.08.1961;0;7
MEDINET;7;21.02.1955;1;6
SAVIRE;7;28.09.1964;0;7
KURDU;7;30.07.1967;2;5
SURAP;7;30.2.1955;7;0
SAFIFE;7;10.09.1969;0;7
NAFET;7;4.07.1969;5;2
NURTIYE;7;7.11.1963;0;7
NUHUDE;7;21.10.1952;0;7
HUZUNE;7;12.09.1955;0;7
IKLNUR;7;9.12.1984;0;7
GULENDAL;7;24.08.1966;0;7
HAMME;7;11.03.1953;1;6
PEYLUL;7;28.10.1963;7;0
LADIME;7;28.02.1959;0;7
MUSAMIYE;7;3.02.1961;0;7
YASIDIN;7;15.12.1957;7;0
SENNER;7;11.11.1967;1;6
OZATA;7;6.12.1968;7;0
APTULMECIT;7;28.09.1949;7;0
MUMUSE;7;16.08.1949;0;7
ARIZA;7;24.10.1953;0;7
SABETDIN;7;5.03.1965;7;0
MUZAKERE;7;5.01.1953;0;7
ISMAILE;7;2.10.1954;0;7
ALDONAT;7;11.08.1971;7;0
ABTURRAHIM;7;21.04.1966;7;0
MEMRURE;7;4.04.1952;0;7
CEZIM;7;18.01.1962;7;0
ZUHULE;7;7.06.1959;0;7
MUHNISE;7;18.07.1970;0;7
SAFUR;7;13.02.1976;0;7
FURMIYE;7;29.08.1962;0;7
MUTUYA;7;2.10.1963;0;7
AKAH;7;18.05.1946;7;0
ECRI;7;8.01.1960;5;2
HANIMET;7;9.08.1975;0;7
HAZIFE;7;13.08.1964;0;7
ACELYE;7;22.01.1986;0;7
AFISE;7;15.04.1963;0;7
LETIME;7;3.03.1947;0;7
TEMURSAH;7;28.07.1956;7;0
FITNIYE;7;11.12.1947;0;7
ZUBEYHAN;7;11.12.1964;0;7
SIAMI;7;16.08.1960;7;0
AYPEK;7;4.02.1963;2;5
BIBIAYSE;7;9.04.1971;0;7
ILFAT;7;10.03.1969;6;1
SULKER;7;10.06.1971;0;7
SAHINIYE;7;14.09.1954;0;7
GULHISTAN;7;27.08.1961;0;7
ABUL;7;29.07.1963;6;1
MURUSE;7;27.12.1970;0;7
HAZELI;7;5.08.1950;0;7
HUSNIYA;7;23.03.1968;0;7
LEHURE;7;27.03.1959;0;7
GOGMEN;7;24.01.1960;2;5
CEVZE;7;10.09.1963;0;7
LAHURE;7;3.01.1969;0;7
NURGIYE;7;24.06.1966;0;7
MUSRIDE;7;23.02.1978;0;7
SAINE;7;17.08.1957;0;7
GULSHAN;7;13.07.1968;0;7
HURBAY;7;25.10.1978;7;0
BELGUZARE;7;4.11.1937;0;7
MUJDEHAR;7;22.01.1978;0;7
ICDAL;7;9.03.1954;1;6
YIGITAGA;7;25.12.1970;7;0
CEFAT;7;20.04.1968;7;0
VEJNI;7;4.01.1969;7;0
TURKANE;7;5.07.1964;0;7
ZUKKIYE;7;26.09.1969;0;7
SEVKILI;7;13.09.1946;0;7
IHRAM;7;21.02.1967;4;3
UMERYA;7;1.08.1980;0;7
ILFANI;7;30.08.1960;1;6
GULBEDER;7;15.04.1967;0;7
SIFAKER;7;2.04.1959;2;5
BEHAITTIN;7;6.10.1953;7;0
MURSALIYE;7;21.04.1953;0;7
ISGIN;7;13.12.1976;1;6
MIKAY;7;17.03.1976;2;5
A.TURAN;7;4.09.1945;7;0
ZINA;7;15.07.1960;0;7
CANDIGER;7;9.03.1968;0;7
LIMANE;7;7.08.1958;0;7
REKAIP;7;20.04.1967;6;1
EMIYE;7;17.09.1958;0;7
ZENIME;7;21.03.1955;0;7
MUFIYE;7;6.09.1961;0;7
MADONA;7;25.05.1967;0;7
CANSEZER;7;24.07.1960;4;3
SENBEY;7;29.07.1971;7;0
YUCELAY;7;18.04.1962;2;5
ZERNUBE;7;27.08.1947;0;7
MERZUFE;7;22.09.1955;0;7
FETTIYE;7;26.12.1964;0;7
CEVAYIL;7;12.06.1965;1;6
DURHANETTIN;7;3.08.1958;7;0
MURTEZEM;7;17.03.1975;4;3
ZURUFE;7;8.12.1956;0;7
MECALI;7;1.09.1969;6;1
GUNNAZLI;7;11.10.1960;0;7
MENOSE;7;8.09.1964;0;7
NAZIP;7;3.11.1957;6;1
MERILE;7;13.10.1944;0;7
MITDAT;7;17.10.1954;7;0
TUFA;7;12.10.1968;0;7
KETAYI;7;18.07.1968;0;7
ALEITTIN;7;29.07.1960;7;0
URPER;7;8.12.1961;0;7
KALBEN;7;28.02.1986;4;3
BIKEN;7;23.04.1973;1;6
VETANET;7;30.2.1959;0;7
MEDUHA;7;12.02.1961;0;7
ALEIDDIN;7;18.08.1956;7;0
ZEZGIN;7;1.10.1970;6;1
TAHAN;7;11.10.1977;7;0
ERGUDAR;7;27.10.1971;7;0
USREV;7;1.01.1969;7;0
AISER;7;15.02.1945;0;7
ECEMNUR;7;7.03.1991;0;7
MEHPEYKER;7;3.03.1984;0;7
ZEKIRIYE;7;4.03.1958;3;4
ANASTASSIA;7;12.08.1973;0;7
ILCIHAN;7;20.09.1971;2;5
NEBIN;7;18.12.1959;4;3
TUTA;7;28.05.1949;0;7
SAHZETTIN;7;17.12.1956;7;0
HACULI;7;15.06.1953;0;7
UMIGULSUN;7;16.01.1981;0;7
NURESEN;7;17.02.1967;0;7
AGZAM;7;10.10.1971;6;1
RENKGUL;7;10.10.1950;0;7
TOLKAY;7;24.06.1972;5;2
NEVRAH;7;21.05.1976;2;5
RUKNI;7;13.08.1948;7;0
DONERAY;7;21.10.1977;0;7
INCU;7;23.05.1959;0;7
MIRACETTIN;7;30.06.1967;7;0
SAYIMGUL;7;9.07.1965;0;7
FADINA;7;25.01.1930;0;7
FAHIYE;7;10.12.1961;0;7
SANSIVAR;7;11.10.1959;4;3
HADCE;7;12.02.1960;0;7
REHMIYE;7;14.11.1957;0;7
IKPAL;7;12.08.1963;0;7
CAHIDDIN;7;28.07.1963;7;0
NURDIDE;7;13.07.1963;0;7
SELVETE;7;17.03.1957;0;7
KERIBE;7;27.01.1951;0;7
BEYDAR;7;27.12.1956;2;5
RAMUZ;7;6.10.1959;7;0
HULE;7;4.08.1966;0;7
TURKSOY;7;16.03.1964;6;1
EZMI;7;8.05.1948;7;0
ZIZEY;7;19.04.1936;0;7
NURTEK;7;2.10.1964;1;6
MUZEKER;7;5.07.1953;3;4
NEIL;7;25.11.1970;5;2
ISRACETTIN;7;6.10.1960;7;0
SUNNUR;7;26.12.1967;0;7
VATANSEVER;7;18.11.1976;6;1
TONER;7;25.10.1972;4;3
ESIT;7;1.01.1971;3;4
ABDULLAHHAN;7;24.04.1978;7;0
BILHAYAT;7;29.05.1960;2;5
FEYDE;7;27.03.1961;0;7
FABIYE;7;16.06.1964;0;7
MUFEYDE;7;10.09.1967;0;7
KORUR;7;22.01.1967;7;0
HANIMIYE;7;2.07.1953;0;7
BEDISAN;7;4.06.1956;0;7
YAGVER;7;15.11.1964;6;1
YEHUZE;7;1.01.1957;3;4
SEZAYIN;7;15.07.1965;6;1
HUSNUHAL;7;12.10.1958;0;7
FASIYE;7;7.02.1963;1;6
SEFAIR;7;21.04.1967;1;6
KARKIZ;7;9.01.1952;0;7
YASARBEY;7;21.06.1952;7;0
ZARIK;7;16.08.1963;1;6
MUSETTIN;7;10.04.1952;7;0
NEBAHADDIN;7;28.01.1961;7;0
NURDILE;7;23.11.1975;0;7
MEPRURE;7;26.09.1949;0;7
ERDAT;7;9.02.1972;7;0
MIHRE;7;13.12.1967;0;7
KIZILTAN;7;29.07.1957;3;4
GULCINAZ;7;25.11.1971;0;7
GUZAN;7;24.09.1960;0;7
HUMEYSE;7;1.02.1987;0;7
SATLIK;7;25.09.1970;0;7
IFAK;7;7.05.1961;0;7
EBRUCAN;7;5.04.1989;0;7
RAFEDDIN;7;17.10.1955;7;0
RUFIYET;7;7.10.1955;0;7
KURTPASA;7;3.09.1942;7;0
GURLEN;7;20.12.1964;3;4
ILHA;7;24.10.1973;0;7
ILCEN;7;1.10.1974;0;7
NUHBE;7;28.09.1969;0;7
SENOCAK;7;20.03.1967;6;1
YILOREN;7;12.06.1974;7;0
AYSUNE;7;11.07.1973;0;7
MEVSUDE;7;6.07.1963;0;7
SEYIMAN;7;28.09.1975;0;7
EVREHATUN;7;14.05.1962;0;7
FADIMEHATUN;7;22.05.1964;0;7
MAHISE;7;19.01.1958;0;7
NUKRA;7;23.01.1969;1;6
ESENBEL;7;11.01.1971;6;1
SAURE;7;25.07.1959;0;7
ABDULFUAT;7;2.02.1957;7;0
CENKMEN;7;25.11.1973;7;0
BALKISE;7;7.01.1966;0;7
NURSEVINC;7;16.03.1978;0;7
TAYKAN;7;11.01.1974;7;0
MAHBIBE;7;26.01.1967;0;7
GUBILAY;7;12.04.1973;7;0
TEGFIK;7;1.02.1967;7;0
KAZBAN;7;7.12.1970;0;7
HARUT;7;21.04.1961;7;0
MURVETTIN;7;11.05.1958;7;0
MUHAMMMET;7;7.05.1989;7;0
SERFETTIN;7;9.04.1967;7;0
SAZIGUL;7;10.02.1959;0;7
MAKVALA;7;27.07.1955;0;7
S;7;8.06.1945;7;0
GULFESAN;7;12.05.1970;0;7
NAALAN;7;25.04.1968;0;7
ISALETTIN;7;24.04.1971;6;1
ZILFER;7;29.09.1966;5;2
FILIZAY;7;25.06.1966;0;7
CERENGUL;7;9.04.1985;0;7
NADE;7;28.05.1962;0;7
SURIYAN;7;13.06.1965;0;7
USRAN;7;18.09.1965;2;5
NERYA;7;8.08.1982;0;7
HUREYLE;7;16.05.1967;3;4
IFADET;7;21.10.1948;0;7
REYIDE;7;11.10.1952;0;7
ERENNUR;7;16.09.1982;0;7
NEFAT;7;27.05.1954;4;3
NURSULE;7;22.01.1981;0;7
IFTA;7;6.04.1952;0;7
ASLANKIZ;7;30.09.1974;0;7
ZAFI;7;14.12.1949;2;5
KUCUKKIZ;7;14.10.1946;0;7
FEODORA;7;16.03.1967;0;7
BAHTIYARE;7;22.01.1950;0;7
VECHINUR;7;29.09.1960;0;7
NAGUHAN;7;15.05.1971;0;7
CEZAR;7;27.11.1960;7;0
SEBEHET;7;24.01.1954;0;7
GUKSEL;7;4.12.1953;0;7
NECLEHA;7;18.03.1954;0;7
DISAN;7;24.05.1975;0;7
ZULIHAN;7;13.08.1966;0;7
M.HIKMET;7;8.10.1944;7;0
MIKAYIR;7;8.06.1972;7;0
HASETTIN;7;5.09.1972;7;0
IRMAN;7;3.10.1957;2;5
SERAM;7;4.07.1977;0;7
YUSUFIYE;7;17.11.1965;0;7
ZAFERCAN;7;22.11.1978;7;0
SUCAADDIN;7;27.05.1962;7;0
FETHANET;7;19.10.1962;0;7
SEBEAT;7;27.11.1955;0;7
NAZIRI;7;2.06.1956;3;4
HUNNE;7;3.07.1960;0;7
CAKIRE;7;14.03.1950;0;7
FENSUR;7;27.11.1977;6;1
VADIM;7;4.05.1977;7;0
SENSEN;7;1.02.1970;1;6
SUMAYE;7;8.07.1971;0;7
ZULHEYA;7;6.06.1975;0;7
NUKTIYE;7;16.01.1965;0;7
OZLEMIN;7;5.09.1977;2;5
TUAY;7;20.09.1962;3;4
SULAL;7;14.10.1961;1;6
KAPDAN;7;15.09.1956;7;0
MUSTU;7;21.04.1952;5;2
CENNETGUL;7;12.06.1976;0;7
GULVANI;7;28.01.1968;0;7
UMRAH;7;20.10.1981;3;4
IRMAFIYE;7;15.05.1953;0;7
ISEL;7;13.03.1969;4;3
AIZER;7;27.07.1967;1;6
SENRA;7;18.11.1977;0;7
BIBIHAN;7;9.11.1962;0;7
NASLI;7;26.12.1968;0;7
MULFET;7;13.02.1961;0;7
SENGUZER;7;2.10.1967;3;4
MUDEBBER;7;1.06.1957;0;7
SEMSIN;7;4.05.1968;1;6
NARBIYE;7;26.05.1961;0;7
SEYDAR;7;14.05.1953;6;1
OTAG;7;6.08.1984;6;1
MURTEL;7;3.07.1954;1;6
HAYKAN;7;7.11.1965;6;1
MURSADIYE;7;14.05.1963;0;7
BESIMI;7;14.04.1951;4;3
FEYZITTIN;7;14.07.1953;7;0
SAFIYEGUL;7;10.01.1984;0;7
BAHDETTIN;7;18.04.1968;7;0
SIMRAN;7;16.04.1970;1;6
SALFET;7;1.04.1964;4;3
ZEYFULLAH;7;11.02.1959;7;0
BURAM;7;25.04.1986;2;5
FETHADDIN;7;25.10.1974;7;0
VERAL;7;11.11.1973;5;2
CEHER;7;26.12.1959;0;7
MEVRUZE;7;6.03.1958;0;7
NARSEN;7;27.01.1969;0;7
IGDEGUL;7;17.12.1974;0;7
GUSLUM;7;16.12.1968;0;7
MUSTACEP;7;30.01.1963;7;0
KUTBAY;7;20.10.1971;7;0
MALIKIYE;7;16.03.1966;0;7
KAFIYET;7;23.02.1965;0;7
NEJATTIN;7;27.11.1960;7;0
FUZE;7;4.01.1961;1;6
URHIYE;7;7.04.1962;0;7
ZABAHI;7;18.04.1961;0;7
SIYH;7;15.12.1957;7;0
MUGATDER;7;14.11.1963;3;4
FIREZ;7;19.01.1966;0;7
MEFTUNA;7;12.11.1972;0;7
MUSABE;7;1.03.1957;0;7
BUYNAT;7;14.11.1975;7;0
NEKAR;7;4.07.1967;0;7
HUMAYE;7;1.12.1956;0;7
ZENBUR;7;28.10.1948;0;7
SIRRIYA;7;6.10.1954;0;7
SAZELI;7;2.07.1949;7;0
SETIFE;7;19.05.1970;0;7
OZNEN;7;24.07.1971;0;7
VEDDUHA;7;15.09.1958;0;7
HUZEYF;7;8.11.1978;7;0
ABDULAHET;7;3.06.1966;7;0
MUGAMMER;7;18.01.1961;6;1
ANAHATUN;7;30.05.1944;0;7
ISMETI;7;20.07.1956;1;6
LEYLAYI;7;9.02.1966;0;7
UMUSU;7;29.07.1946;0;7
SERAFATTIN;7;21.09.1954;7;0
MUNZIR;7;12.04.1973;7;0
GULEMAN;7;12.01.1967;0;7
ONVER;7;15.08.1954;7;0
ABTULMUTTALIP;7;4.10.1968;7;0
ESMAI;7;11.08.1966;1;6
SUVEYRA;7;17.03.1977;0;7
NURHAS;7;26.04.1966;3;4
AYDENER;7;18.06.1967;7;0
BOGUS;7;14.09.1954;7;0
MUSUN;7;25.01.1957;4;3
HOZNA;7;17.02.1957;0;7
NURUVVET;7;8.01.1975;0;7
AYA;7;9.09.1964;0;7
VELATTIN;7;14.03.1960;7;0
ZENET;7;10.10.1959;1;6
USKEL;7;27.12.1957;0;7
BERNAL;7;20.12.1975;1;6
MUDTALIP;7;24.10.1953;7;0
NEJLAHA;7;20.02.1953;0;7
UZEYBE;7;18.12.1957;0;7
LIHAN;7;14.01.1969;0;7
ZIYNETIN;7;22.04.1963;0;7
TIMUCINHAN;7;29.05.1978;7;0
TANRIKUT;7;24.12.1966;7;0
TUDUYA;7;25.08.1960;0;7
LERGIZ;7;22.05.1963;0;7
EFTALYA;7;12.01.1970;0;7
SINEMIZ;7;9.01.1982;0;7
SAIDET;7;12.01.1955;0;7
NEBURE;7;23.02.1955;0;7
CIRKIN;7;16.01.1949;7;0
ULSEN;7;20.01.1967;0;7
SIFRE;7;16.01.1954;0;7
FARUT;7;16.01.1973;7;0
HAMITE;7;2.11.1953;0;7
MASIKA;7;26.09.1976;0;7
SABINAZ;7;15.03.1964;0;7
NUTKUYE;7;18.04.1963;0;7
MAHBIB;7;8.06.1963;0;7
MUHIM;7;26.08.1957;7;0
YASAHANIM;7;19.04.1968;0;7
YAGNUR;7;23.05.1985;1;6
ALITAS;7;28.08.1964;7;0
CEFARET;7;19.03.1968;1;6
NEVER;7;6.10.1975;2;5
ELEATTIN;7;4.01.1969;7;0
GULATTIN;7;9.02.1970;7;0
FAHRAT;7;30.11.1957;7;0
AHMETMURAT;7;26.03.1974;7;0
ANSI;7;26.07.1979;0;7
HAYIME;7;16.03.1964;0;7
SEHURIYE;7;24.09.1966;0;7
SINAMI;7;28.09.1969;7;0
ISABETTIN;7;16.09.1960;7;0
EHRUMIYE;7;12.05.1959;0;7
DANISMENT;7;28.03.1971;7;0
IBEYDULLAH;7;1.08.1970;7;0
MACET;7;23.04.1948;3;4
AMMER;7;12.04.1973;7;0
SEMRIHAN;7;19.03.1972;0;7
HURUSE;7;13.07.1958;0;7
ZIYAHATTIN;7;30.11.1965;7;0
HAKBIL;7;26.10.1975;6;1
SURHAT;7;9.11.1974;5;2
SECMEL;7;23.04.1971;0;7
EPRUL;7;8.03.1981;0;7
HURUSEL;7;11.07.1960;0;7
SEMIE;7;9.01.1957;0;7
GULAME;7;1.10.1958;0;7
SOYDAM;7;27.09.1966;5;2
MUDMINE;7;28.04.1972;0;7
SEZGEN;7;2.11.1962;3;4
MERVEHAN;7;17.01.1988;2;5
GULSERIFE;7;28.03.1981;0;7
VAYIP;7;24.01.1950;7;0
LATIBE;7;3.04.1964;0;7
UFEYRA;7;11.07.1986;0;7
BAHAYI;7;23.12.1959;7;0
RAHIMULLAH;7;2.07.1979;7;0
MUHAMMETEMIN;7;10.12.1967;7;0
ZILHICE;7;8.07.1952;0;7
CEYHUNI;7;28.07.1965;7;0
MIHRIMA;7;2.01.1974;0;7
CANSEVIM;7;14.08.1961;0;7
TUGBE;7;4.06.1970;0;7
SURVET;7;10.11.1958;0;7
SEIBE;7;12.09.1971;0;7
SANSI;7;9.03.1964;3;4
MUVELLA;7;7.12.1956;0;7
SEMRIL;7;19.09.1967;0;7
IRIZA;7;5.02.1956;7;0
ERKAYA;7;15.09.1957;7;0
MUTEHAR;7;16.08.1956;0;7
HILMIHAN;7;18.11.1968;4;3
SEVDAY;7;10.11.1964;1;6
SAHSEMIN;7;21.05.1977;0;7
CANIGUL;7;30.07.1959;0;7
ABDULNAZAR;7;22.06.1961;7;0
BIBIHACER;7;3.12.1971;0;7
TEFIGA;7;16.02.1968;0;7
SAHBANI;7;3.05.1962;0;7
ILIFER;7;27.01.1965;0;7
KIPRIYA;7;9.12.1960;0;7
KAYIP;7;7.10.1966;7;0
SEHRIBE;7;23.06.1950;0;7
GULAHI;7;18.04.1974;2;5
REIZE;7;25.07.1953;0;7
TAYUP;7;30.06.1962;7;0
BELUL;7;20.03.1961;6;1
BEYKIZ;7;17.01.1952;0;7
SEVILLA;7;30.08.1971;1;6
DILAVIZ;7;9.02.1958;0;7
OZDEGER;7;25.05.1979;6;1
KUKU;7;13.12.1944;0;7
REYME;7;14.10.1955;0;7
LEYDI;7;4.03.1975;0;7
FEHEM;7;10.01.1953;7;0
SELTEN;7;10.04.1963;0;7
YURTTABIR;7;8.08.1958;6;1
GUNACTI;7;6.06.1951;0;7
YUCEER;7;6.06.1972;6;1
SEMAYER;7;14.04.1968;1;6
EMINAGA;7;26.11.1953;7;0
ZEHIRE;7;8.12.1968;0;7
MUZEMMIL;7;4.01.1981;6;1
BEYIZA;7;23.01.1971;0;7
ABDULKELAM;7;6.12.1966;7;0
ABDUSSEKUR;7;23.11.1952;7;0
GULSUSE;7;25.08.1948;0;7
REGAIBE;7;12.03.1963;0;7
FEKIRULLAH;7;2.09.1966;7;0
NEHAS;7;29.02.1960;3;4
SALDIRAN;7;25.12.1953;7;0
SERENGIL;7;16.01.1978;1;6
UMSEL;7;17.05.1974;0;7
MIRIHAN;7;15.06.1963;0;7
FATEH;7;4.04.1969;7;0
TURI;7;29.08.1968;6;1
MINCAN;7;5.05.1971;4;3
CADIDE;7;11.08.1957;0;7
SIYAME;7;27.01.1965;0;7
NANIFE;7;29.2.1963;0;7
NURIBEY;7;10.12.1964;7;0
HURMEN;7;28.09.1976;2;5
EZA;7;23.08.1975;2;5
NUHET;7;15.08.1967;0;7
ZELCAN;7;15.06.1968;0;7
SEMSIMA;7;26.11.1957;0;7
KONCUY;7;8.09.1969;0;7
GANITE;7;9.01.1965;0;7
SAHADAN;7;17.01.1967;4;3
SEVAHIL;7;7.12.1944;0;7
SEVILYA;7;26.02.1969;0;7
ILAHA;7;7.04.1976;0;7
FATILE;7;11.02.1965;0;7
OGETAY;7;3.11.1981;7;0
YEVMITTIN;7;23.03.1962;7;0
ASIYAT;7;6.01.1968;0;7
DUSRA;7;13.03.1979;0;7
AYFERE;7;22.07.1949;0;7
ERTURUN;7;7.05.1969;7;0
GUNEYHAN;7;27.05.1984;5;2
ZILER;7;17.07.1969;0;7
KULTUR;7;22.04.1973;6;1
SAGLAM;7;14.07.1952;7;0
BENLIGUL;7;24.12.1946;0;7
DERYAN;7;16.05.1971;3;4
VURAY;7;5.02.1976;6;1
CEYDAN;7;28.02.1979;0;7
SONGULAY;7;14.01.1980;0;7
BINGUN;7;15.02.1958;1;6
SENCEN;7;16.04.1975;1;6
FAHIKA;7;25.03.1954;0;7
KONAR;7;15.04.1970;6;1
ALEHATTIN;7;22.03.1965;7;0
ZIRAN;7;6.03.1961;5;2
FAYI;7;17.06.1938;2;5
BENAZ;7;11.05.1988;0;7
ELFIRAZ;7;12.03.1959;0;7
SEFULLAH;7;10.10.1969;7;0
TAHUDE;7;21.03.1960;0;7
SEYITMAHMUT;7;19.04.1931;7;0
SEREFETIN;7;21.04.1970;7;0
DEDEALI;7;17.04.1949;7;0
BIRTEM;7;11.01.1978;0;7
NURHEN;7;23.11.1960;0;7
SULBIYAN;7;25.08.1955;0;7
GIYIK;7;27.03.1935;0;7
FETIHYE;7;9.10.1972;0;7
HECERE;7;3.10.1954;0;7
MAMILE;7;16.03.1950;0;7
FAZIRE;7;9.01.1957;0;7
HASIKAR;7;30.12.1951;0;7
PURRES;7;20.05.1952;0;7
EHDINUR;7;30.12.1974;7;0
HEZARE;7;30.01.1962;0;7
KUVI;7;28.04.1957;7;0
GOSTER;7;15.12.1954;2;5
GULSITI;7;27.04.1970;0;7
HEZNO;7;15.06.1955;0;7
BARBARUS;7;23.01.1956;7;0
AKUDE;7;26.05.1975;0;7
MELEKCAN;7;29.08.1982;1;6
HEZIMA;7;27.11.1962;0;7
ROSTEM;7;6.01.1983;7;0
MADENI;7;22.12.1964;7;0
ANGUL;7;6.08.1968;0;7
NURYET;7;12.02.1974;0;7
BEFRIN;7;21.12.1987;0;7
NAZAHET;7;29.09.1955;0;7
KANDI;7;13.09.1958;0;7
SIMGUL;7;24.12.1965;0;7
MEHMETNESIM;7;10.09.1972;7;0
MEZER;7;25.12.1966;7;0
NIVSI;7;3.08.1971;0;7
MAKKUL;7;23.09.1974;0;7
IBNIYAMI;7;15.04.1962;7;0
LAILE;7;15.03.1957;0;7
HALICE;7;26.02.1964;0;7
ARAPZENGI;7;14.12.1964;0;7
FECIRYE;7;11.08.1973;0;7
LEBIHE;7;3.05.1965;0;7
NURULHAYAT;7;12.09.1960;0;7
HANSU;7;21.09.1972;3;4
AYIFE;7;8.03.1957;0;7
NEJMEDIN;7;21.09.1962;7;0
ERZAK;7;26.02.1954;7;0
HINAF;7;28.02.1949;0;7
HUDEDA;7;15.01.1958;7;0
ABDULHALIS;7;10.03.1971;7;0
SEVKATTIN;7;1.08.1941;7;0
EBIHA;7;7.04.1967;0;7
SEYFILMULUK;7;21.11.1966;7;0
KOTI;7;18.02.1932;3;4
HARRUN;7;1.04.1976;7;0
AKO;7;27.07.1938;7;0
MIHRIHAN;7;4.08.1972;0;7
NURSEVAL;7;11.01.1975;0;7
DUBA;7;19.10.1972;0;7
EYLENCE;7;24.04.1957;0;7
SIRACEDIN;7;29.01.1966;7;0
ZOHRETTIN;7;7.07.1962;7;0
MEBUS;7;1.05.1966;6;1
MITAN;7;9.08.1965;2;5
ZUHRETTIN;7;6.12.1966;7;0
DAIRE;7;3.04.1958;0;7
GUNDUZALP;7;19.03.1979;7;0
TASBIBI;7;8.04.1967;0;7
TULGAN;7;13.12.1969;3;4
ZIYAUDDIN;7;28.07.1958;7;0
ULFIYET;7;22.05.1964;0;7
LALIHA;7;11.10.1969;0;7
TATARHAN;7;2.04.1970;7;0
OZVAN;7;30.08.1981;6;1
GUNGORMEZ;7;6.08.1971;1;6
MEHANI;7;7.11.1964;0;7
BISEN;7;11.01.1965;0;7
AYDAGUN;7;18.10.1977;0;7
RIHEVZA;7;9.03.1954;0;7
GOKERCIN;7;17.12.1964;0;7
BENAZI;7;6.07.1991;0;7
GUKAN;7;14.07.1980;4;3
HAZIMA;7;3.11.1971;0;7
MUHMET;7;26.05.1958;1;6
HASHAS;7;26.05.1957;0;7
MELEKSIMAN;7;18.01.1977;0;7
KIBARYE;7;25.03.1978;0;7
MISGAL;7;11.01.1954;0;7
FATIKA;7;12.07.1965;0;7
EFRAYIN;7;19.12.1958;7;0
MECRUME;7;21.03.1976;0;7
RAYGUL;7;22.10.1964;0;7
MEMIDE;7;13.03.1961;0;7
MIRSIDE;7;23.01.1965;0;7
ACIDE;7;15.07.1962;0;7
CIL;7;19.01.1979;7;0
AGABEYI;7;30.05.1955;3;4
EMMIHAN;7;23.08.1966;0;7
HAYRULAH;7;14.03.1975;7;0
VIJDANI;7;1.08.1970;6;1
TAHMILE;7;12.02.1953;0;7
HESIBA;7;23.02.1970;0;7
YURDAKOL;7;10.12.1957;6;1
LEYDA;7;12.07.1972;0;7
LEVIZA;7;17.09.1966;0;7
MERISA;7;22.11.1958;0;7
RUHUZER;7;22.08.1957;0;7
CUMHURYET;7;11.12.1978;0;7
HAYBETULLAH;7;1.04.1979;7;0
MILO;7;3.11.1940;1;6
MUCIBIRAHMAN;7;9.09.1975;7;0
ATLI;7;30.01.1955;5;2
TANIYA;7;18.05.1965;0;7
HELU;7;11.02.1935;1;6
HURISINA;7;21.11.1961;0;7
ENDISE;7;7.07.1977;0;7
UMMIT;7;19.02.1972;6;1
RUHYETE;7;23.09.1966;0;7
IBRAHIMHAN;7;22.04.1959;7;0
SEBAHATULLAH;7;14.03.1975;7;0
ZEMEHAN;7;16.07.1968;7;0
HUSIN;7;18.06.1966;7;0
SABETULLAH;7;1.03.1987;7;0
RESMIYA;7;5.05.1968;0;7
MUHTI;7;12.03.1958;5;2
YUREK;7;9.03.1986;6;1
SEKNAN;7;11.12.1956;0;7
RESMIHAN;7;13.12.1964;0;7
GUNLAZ;7;12.06.1952;0;7
BELKINAZ;7;6.10.1957;0;7
IZLIFE;7;27.05.1978;0;7
AYRIM;7;3.12.1978;3;4
ZEYTULLAH;7;4.08.1970;7;0
FIRDEFS;7;9.08.1962;0;7
SUTTIYE;7;16.10.1962;0;7
SALIMAN;7;17.02.1960;3;4
BEYYAN;7;12.04.1956;1;6
MUHAL;7;11.01.1967;4;3
MUSEBBI;7;28.12.1954;0;7
UZEYMEN;7;11.02.1952;0;7
SEREFFETTIN;7;5.09.1966;7;0
YASAH;7;11.02.1949;1;6
SECLA;7;30.11.1957;0;7
REYHUN;7;27.09.1965;4;3
HASUMAN;7;10.09.1968;1;6
FERZADE;7;25.02.1971;2;5
REYAT;7;26.09.1952;5;2
NIFET;7;14.05.1957;0;7
SUHRE;7;28.10.1964;0;7
VACID;7;9.08.1969;7;0
GULURUH;7;7.01.1959;0;7
AZERCAN;7;12.11.1986;1;6
ILDIZ;7;1.11.1959;0;7
ALMIYE;7;20.06.1952;0;7
BERKSOY;7;7.11.1973;7;0
AYLAZ;7;23.03.1964;5;2
LUTUFE;7;15.03.1959;0;7
ALIMES;7;5.09.1964;0;7
SELCIK;7;10.09.1956;1;6
BINGOR;7;19.08.1965;4;3
NEFAL;7;21.08.1971;4;3
NEFAAT;7;16.09.1970;0;7
NEYAZI;7;3.07.1951;7;0
YETERI;7;17.01.1956;0;7
SENLER;7;13.05.1963;1;6
GUNNAY;7;23.08.1968;0;7
NAZIZ;7;7.03.1964;3;4
HAYDARIYE;7;26.05.1962;0;7
SEMAIYE;7;10.10.1957;0;7
ZUHIYE;7;12.05.1951;0;7
MUHABE;7;1.09.1960;0;7
ILYASA;7;15.03.1971;7;0
MEVLIKE;7;5.09.1958;0;7
YUKSELIYE;7;22.07.1962;0;7
FIRADIYE;7;14.10.1944;0;7
TENZER;7;9.04.1966;0;7
SELMAHA;7;4.08.1964;0;7
BILHAYIR;7;20.08.1966;3;4
HAYIRNISA;7;23.02.1963;0;7
SELMAYI;7;22.07.1966;0;7
ZULKAN;7;20.01.1971;4;3
SALIP;7;2.10.1964;7;0
GULDERIN;7;11.09.1953;0;7
EZEM;7;29.09.1971;3;4
GUNSEVER;7;30.09.1955;0;7
SEDYE;7;30.09.1970;0;7
SAYYAT;7;10.04.1970;6;1
TUNHAN;7;16.10.1984;6;1
ALIPER;7;21.08.1973;7;0
CILEMGUL;7;20.12.1976;0;7
HEVAS;7;20.07.1954;1;6
MUSFET;7;30.10.1957;1;6
RESULLAH;7;25.08.1977;7;0
SINTEM;7;25.07.1962;0;7
BOZU;7;2.09.1952;7;0
NADIFER;7;21.01.1963;0;7
EFLET;7;16.01.1956;7;0
SEVGUR;7;28.06.1971;1;6
ERNIL;7;23.02.1977;1;6
SEYFICAN;7;24.09.1980;7;0
GOLISTAN;7;30.06.1968;0;7
NECAL;7;13.08.1974;3;4
MUSURHAN;7;20.04.1972;7;0
MURYEM;7;5.05.1965;0;7
SELVIDE;7;9.09.1953;0;7
BEHLIYE;7;1.11.1935;0;7
HINDAL;7;18.10.1962;7;0
SEFORIYE;7;17.08.1957;0;7
TAIRE;7;6.07.1956;0;7
SERVETKA;7;5.02.1950;0;7
FEYAZI;7;11.02.1964;6;1
ARSES;7;17.10.1972;0;7
KAANHAN;7;9.06.1986;7;0
SUHUT;7;29.12.1981;7;0
IRMAHAN;7;30.08.1964;0;7
MUSAFIYE;7;5.10.1952;0;7
BADIRE;7;29.06.1953;0;7
TUHCE;7;3.11.1987;0;7
YADIK;7;21.04.1958;0;7
UDIYE;7;26.01.1950;0;7
SEVDISEN;7;17.03.1973;0;7
SEFETULLAH;7;10.05.1977;7;0
FERUN;7;13.11.1966;5;2
MAFUS;7;20.01.1966;6;1
INSAN;7;24.12.1957;4;3
MURIDIYE;7;27.06.1964;0;7
RACIFE;7;15.10.1964;0;7
DOGUSAN;7;11.10.1988;7;0
HALKIN;7;3.06.1977;6;1
TOMBUS;7;6.09.1947;0;7
MUDAI;7;6.09.1970;7;0
ABDULMENAB;7;21.05.1979;7;0
TURKOGLU;7;3.10.1963;7;0
NURVEL;7;13.05.1970;1;6
BILKI;7;29.05.1950;1;6
AYRET;7;20.04.1954;0;7
HASIMIYE;7;3.10.1951;0;7
MECDET;7;20.04.1954;3;4
KEFARET;7;18.11.1957;1;6
HAYRA;7;23.06.1957;0;7
AYKOC;7;10.08.1975;7;0
ATNIYE;7;29.01.1960;0;7
SECATIN;7;27.11.1966;7;0
FERMALI;7;4.12.1959;6;1
SEBILHAN;7;23.10.1957;1;6
TUTAN;7;27.12.1971;3;4
SELFAT;7;28.02.1959;4;3
BIYAMIL;7;21.07.1956;7;0
NEZATIYE;7;29.07.1957;0;7
MUVIDE;7;15.12.1968;0;7
SAFADE;7;11.09.1941;0;7
UZIYE;7;27.04.1955;0;7
SEFAYETTIN;7;3.01.1961;7;0
SELIKE;7;13.03.1966;0;7
APTULMUTTALIP;7;29.07.1974;7;0
GULUZE;7;30.01.1960;0;7
NANAR;7;11.11.1970;0;7
EBUTALHA;7;29.10.1980;7;0
SADIS;7;5.04.1956;2;5
PEHIMAN;7;24.07.1958;0;7
KASIP;7;29.11.1959;7;0
NURALIYE;7;20.12.1967;0;7
NUCAN;7;2.09.1978;0;7
MESTURA;7;19.09.1971;0;7
MUSLATIN;7;30.01.1969;7;0
VEZIYE;7;10.12.1960;0;7
AYSELEN;7;14.12.1966;0;7
GULAZAM;7;26.11.1958;0;7
ALIKADIR;7;13.01.1965;7;0
TEMASE;7;19.05.1958;0;7
VERDAL;7;13.07.1969;3;4
MECCURE;7;27.02.1964;0;7
KEMAIL;7;6.07.1949;5;2
MERAKIYE;7;3.04.1968;0;7
AYHAT;7;21.12.1962;7;0
SERETE;7;9.11.1959;0;7
ATICAN;7;27.06.1971;1;6
ESAM;7;24.11.1965;6;1
ABIDA;7;4.08.1959;0;7
ZEHREGUL;7;9.12.1958;0;7
KIZBEST;7;26.01.1951;0;7
IMZIYE;7;18.04.1949;0;7
IRBABA;7;30.10.1953;0;7
SAHBEL;7;26.10.1962;0;7
KIZBEZ;7;21.7.1673;0;7
SERAIL;7;19.10.1964;2;5
AYNAS;7;17.05.1974;0;7
MECLUM;7;28.10.1970;2;5
HANCAN;7;24.11.1972;6;1
SUHRA;7;22.08.1976;0;7
NECAVAT;7;2.08.1962;0;7
CILAN;7;13.07.1963;1;6
CELETTIN;7;11.02.1961;7;0
SULBI;7;6.09.1951;2;5
MEHPERI;7;11.11.1976;0;7
ZIRIYE;7;27.06.1956;0;7
EKRICE;7;10.08.1975;0;7
HAREMSIYA;7;16.01.1975;0;7
AYIME;7;25.09.1967;0;7
UCRET;7;26.02.1967;5;2
IKSEL;7;3.04.1974;0;7
MEVKIRE;7;15.05.1960;0;7
CEBIBE;7;12.05.1960;0;7
SIYAVUS;7;14.07.1962;7;0
FIZEN;7;1.04.1976;0;7
SUFLA;7;1.08.1965;0;7
HIKMEDIN;7;7.05.1968;7;0
SEKIRNAS;7;22.04.1967;0;7
IZCAN;7;26.03.1967;3;4
HAMIDYE;7;13.08.1975;0;7
SERIZADE;7;14.12.1969;0;7
MUSIK;7;15.01.1950;6;1
YELDEM;7;19.04.1981;0;7
MUHSIM;7;8.12.1972;7;0
HABRI;7;10.04.1938;0;7
FENERIYE;7;1.11.1963;0;7
RUSVET;7;24.10.1961;3;4
IMADIN;7;24.06.1972;7;0
SEBHETULLAH;7;30.10.1977;7;0
A.HAKIM;7;12.02.1956;7;0
ABDULGALIK;7;28.12.1972;7;0
SEYIDULLAH;7;12.11.1968;7;0
SIROP;7;16.06.1946;7;0
RIBAPSAH;7;6.08.1960;0;7
EYVA;7;23.03.1963;0;7
MEFER;7;9.01.1981;3;4
SEHNEBAT;7;2.01.1957;0;7
KULINK;7;10.10.1974;7;0
ZUBEYDIN;7;7.02.1968;6;1
MIDYE;7;21.08.1974;0;7
SUZEYEN;7;19.12.1969;0;7
NESRIYA;7;30.08.1971;0;7
VEFADDIN;7;11.12.1976;7;0
AFIYETTIN;7;16.03.1975;7;0
SOZEL;7;6.01.1976;1;6
RAHIT;7;16.05.1959;7;0
ESHAD;7;9.07.1973;7;0
ZEHREDDIN;7;1.02.1970;7;0
SAGDETTIN;7;28.12.1967;7;0
ZERDISAN;7;30.03.1954;0;7
MISBAHATTIN;7;16.10.1965;7;0
HOS;7;25.10.1962;6;1
DIYAIDDIN;7;24.01.1971;7;0
MOHYEDDIN;7;8.11.1961;7;0
GUZEYDA;7;30.04.1966;0;7
ERNAYIL;7;3.01.1972;7;0
VIDAL;7;26.10.1974;4;3
YASINER;7;16.05.1982;2;5
MAHRI;7;28.05.1957;2;5
BEKLER;7;11.11.1961;6;1
BABURSAH;7;19.10.1981;6;1
GURSIN;7;25.10.1967;1;6
SEVKINAR;7;9.10.1961;0;7
EDNAYIL;7;26.05.1963;7;0
GULSUFE;7;23.05.1955;0;7
ABDULMUDTALIP;7;30.12.1977;7;0
TULCAY;7;20.12.1969;0;7
BAHRIYA;7;11.10.1973;0;7
GULSUZAN;7;16.07.1951;0;7
ARSUMAN;7;20.05.1963;0;7
RAFIGUL;7;1.04.1974;0;7
REZAI;7;9.04.1966;7;0
ARISE;7;22.05.1950;0;7
BENYAMI;7;29.02.1956;7;0
HUCRAN;7;30.08.1974;1;6
MEHMETTAHIR;7;1.07.1978;7;0
KELO;7;7.05.1955;7;0
RACIDE;7;7.02.1966;0;7
LEVHI;7;5.07.1959;7;0
SUKRANI;7;10.03.1973;2;5
RIYA;7;4.01.1945;0;7
BESIHAN;7;20.10.1967;0;7
TERMAN;7;21.01.1963;2;5
SERHAL;7;22.03.1977;4;3
MAHSIN;7;7.03.1972;6;1
TEYMINE;7;18.11.1968;0;7
TAYIDE;7;5.04.1969;0;7
NISRET;7;30.12.1966;6;1
PERUS;7;5.05.1958;1;6
MARYANA;7;2.04.1975;0;7
GUHDAR;7;20.07.1980;7;0
GULEYDA;7;22.03.1976;0;7
NURSUNA;7;30.08.1964;0;7
KARABAY;7;4.05.1951;7;0
DURGAY;7;10.04.1974;7;0
UMMUSELIM;7;6.09.1947;0;7
GULNADIR;7;7.01.1950;0;7
GULAYSER;7;18.01.1962;0;7
SAHUDE;7;9.08.1970;1;6
SAGNAK;7;1.12.1983;4;3
ZULHUMAR;7;28.04.1963;0;7
ZERUN;7;30.01.1962;2;5
FECRO;7;29.05.1948;0;7
YURDAGULEN;7;2.03.1956;0;7
VIGAN;7;29.11.1968;0;7
VELIYITTIN;7;14.03.1952;7;0
GUC;7;20.12.1971;5;2
LATIFER;7;9.02.1963;0;7
KIFAYAT;7;11.03.1965;0;7
FEDERAL;7;24.02.1973;6;1
MUKUME;7;5.01.1959;0;7
SAYENDER;7;28.05.1960;0;7
BILYAMIN;7;18.09.1971;7;0
NURSIRIN;7;21.10.1980;0;7
ZEYN;7;13.01.1961;2;5
ENC;7;15.02.1982;7;0
SUALE;7;15.02.1966;0;7
MUFERRET;7;11.08.1952;0;7
ZIHNIYET;7;22.03.1968;0;7
NEJMA;7;5.07.1969;0;7
GULSENEL;7;12.01.1956;0;7
LEKAR;7;7.11.1959;0;7
MELIT;7;27.11.1957;3;4
ORBEY;7;10.08.1982;7;0
YEKGUL;7;22.08.1969;0;7
ALIBEG;7;23.08.1968;7;0
SANCAY;7;16.06.1976;7;0
EZZE;7;8.07.1973;0;7
AMANBEY;7;26.02.1960;7;0
ALESKER;7;2.04.1965;7;0
AGAMALI;7;12.10.1945;7;0
AYNISE;7;23.10.1961;0;7
OYSANDIK;7;10.06.1958;0;7
SAHNE;7;23.09.1963;0;7
URET;7;27.01.1962;5;2
GULBESTI;7;27.06.1949;0;7
CEVREGUL;7;1.02.1976;0;7
NENES;7;11.12.1955;0;7
NANIS;7;21.08.1957;0;7
NEZAVET;7;3.04.1965;1;6
PEMLA;7;24.02.1984;0;7
NENIS;7;6.10.1948;0;7
ZILFIHAN;7;9.04.1943;0;7
ZILFET;7;21.10.1961;0;7
NEVRUZALI;7;18.08.1959;7;0
ELEKBER;7;19.01.1960;6;1
ERTUBAY;7;9.03.1971;7;0
ESRAY;7;7.09.1983;0;7
DOLANAY;7;30.03.1970;1;6
NIFTALI;7;1.05.1941;7;0
SAMURA;7;10.12.1962;0;7
GULFARIZ;7;30.05.1956;0;7
VEDATALI;7;6.03.1972;7;0
MARAN;7;15.08.1957;1;6
SAHMENI;7;16.06.1948;7;0
ILMUNUR;7;27.01.1970;0;7
SEBURE;7;21.10.1954;0;7
TEHMAN;7;26.02.1968;7;0
KIZGUL;7;27.10.1961;0;7
TACIN;7;19.10.1965;7;0
MANZARA;7;9.05.1940;0;7
YANGUL;7;22.05.1979;0;7
YINER;7;26.11.1962;7;0
KORU;7;13.04.1969;5;2
ERCEVIK;7;29.09.1977;7;0
APTULBAKI;7;29.11.1960;7;0
NUNIFE;7;8.05.1956;0;7
SUKRIYEN;7;2.01.1963;0;7
GUGU;7;11.07.1946;0;7
BILYA;7;11.04.1971;0;7
MAISEKER;7;9.11.1956;0;7
HULU;7;9.01.1963;5;2
ERGINAY;7;3.04.1975;6;1
MILAZ;7;14.02.1971;6;1
GULBAKIS;7;12.10.1969;0;7
TEFVIK;7;2.10.1966;7;0
SAYNAR;7;20.07.1955;1;6
FETEHAN;7;8.03.1954;0;7
SASAN;7;15.03.1968;5;2
HENUZ;7;30.11.1964;5;2
CEVALI;7;25.02.1970;4;3
ATOS;7;28.01.1961;2;5
SEDYA;7;3.02.1978;0;7
YASET;7;24.05.1970;6;1
SEFRET;7;6.07.1960;2;5
REISE;7;29.06.1948;0;7
PEVRUZ;7;26.09.1957;0;7
ISIKHAN;7;19.05.1970;7;0
SAHINBAZ;7;5.03.1960;7;0
MENDIFA;7;7.11.1955;0;7
BEHRUN;7;30.07.1979;7;0
NURUSEN;7;14.07.1962;0;7
ZAHMURE;7;29.01.1966;0;7
MAMUDIYE;7;18.07.1952;0;7
HAFIKE;7;7.10.1956;0;7
FRANK;7;27.07.1971;6;1
ZIYABENT;7;18.02.1964;5;2
MAHBEKER;7;28.07.1957;0;7
SADIBEY;7;3.05.1961;7;0
MUSAT;7;10.05.1979;7;0
NAZLINUR;7;19.09.1987;0;7
ERAP;7;14.09.1974;5;2
HAMMES;7;20.06.1956;2;5
SEVDJAN;7;22.11.1975;0;7
UMSELIME;7;6.02.1953;0;7
NERVAN;7;5.12.1969;2;5
GULVEDIYE;7;4.06.1960;0;7
BENEM;7;1.04.1969;0;7
MUKERREMIN;7;7.07.1952;5;2
UMGUSUM;7;5.08.1953;0;7
BELKA;7;21.05.1957;0;7
HAYRUSA;7;15.11.1943;0;7
HUNZILE;7;7.11.1949;0;7
NURIYEZDAN;7;10.04.1940;0;7
ALPKAAN;7;15.02.1984;7;0
ZEREGUL;7;12.03.1955;0;7
GULERAN;7;18.06.1954;0;7
ANKE;7;13.06.1947;0;7
HOSMINAZ;7;29.09.1955;0;7
MAZLIME;7;19.08.1945;0;7
NERVIYE;7;21.04.1966;0;7
NEFATI;7;5.10.1961;7;0
RUJDET;7;23.10.1969;7;0
GURFAN;7;15.05.1972;3;4
GOKTENUR;7;13.05.1981;0;7
CLARA;7;30.06.1979;0;7
EDAG;7;30.11.1976;0;7
NADRIE;7;1.04.1965;0;7
GUVEM;7;15.07.1963;2;5
ASENIYE;7;3.05.1967;0;7
CANKU;7;9.04.1984;7;0
UNSULE;7;16.09.1968;0;7
SEDAFET;7;15.10.1953;1;6
BEYNUN;7;18.01.1981;1;6
SENAHI;7;21.10.1959;5;2
UNKER;7;27.09.1962;1;6
GULEPER;7;10.09.1962;0;7
NABIHA;7;10.06.1969;0;7
SEVGUNAR;7;12.04.1973;0;7
REVAYE;7;28.11.1944;0;7
GARANFIL;7;28.12.1963;0;7
NURZIYA;7;24.10.1955;3;4
MUKADDESI;7;7.10.1957;0;7
TEMMUR;7;29.06.1964;6;1
GOLIN;7;24.02.1962;6;1
MERVER;7;15.04.1971;0;7
AYUP;7;9.07.1958;7;0
SEYHAHMET;7;20.03.1974;7;0
KURTULMUS;7;28.07.1970;6;1
CENGAY;7;24.06.1985;4;3
FELAKET;7;3.03.1964;2;5
VELAADDIN;7;25.03.1964;7;0
IMANETTIN;7;8.04.1968;7;0
SAHANDAR;7;28.04.1958;0;7
SATIHE;7;9.12.1975;0;7
DURUK;7;12.02.1954;1;6
VAITTIN;7;8.09.1961;7;0
URUYAN;7;4.12.1952;3;4
RUHKIYE;7;29.01.1967;0;7
KIYAK;7;12.05.1958;6;1
SOFRE;7;25.10.1956;0;7
ALLAVI;7;22.09.1939;7;0
FETIM;7;12.02.1975;7;0
FERAHMI;7;25.01.1955;7;0
ERZAIL;7;26.12.1971;7;0
NURLUHAN;7;26.01.1964;1;6
FURDEVIS;7;5.03.1964;0;7
FILVE;7;6.09.1947;0;7
CANISE;7;25.07.1950;1;6
SEYYAM;7;3.05.1965;1;6
NASIRIN;7;29.10.1960;0;7
TERVIN;7;24.11.1964;0;7
ZEHNUR;7;9.12.1967;3;4
SUKRUYA;7;22.01.1965;0;7
BEYAZITTIN;7;27.04.1965;7;0
MINVA;7;15.08.1958;0;7
BEDUHA;7;10.04.1967;0;7
NEYZAN;7;27.01.1968;1;6
MUVEYDE;7;24.11.1962;0;7
MAH;7;13.06.1940;0;7
ABIZET;7;26.08.1965;6;1
DILEDI;7;24.04.1976;0;7
SEBAY;7;13.11.1973;2;5
FIDELYA;7;2.08.1985;0;7
FEHRETTIN;7;6.11.1957;7;0
SABILA;7;3.12.1982;0;7
ESMAR;7;15.06.1967;0;7
FERAGAT;7;18.07.1956;2;5
CANAT;7;11.02.1965;4;3
MUTAHARA;7;30.11.1960;0;7
FILER;7;6.02.1964;0;7
SAFIRAN;7;24.04.1964;0;7
YILDIRHAN;7;27.05.1969;7;0
ILSE;7;19.05.1946;0;7
KIBIRYE;7;6.09.1978;0;7
USTER;7;20.08.1959;6;1
DUNYANUR;7;18.06.1974;2;5
RASE;7;6.01.1971;0;7
BUKENT;7;24.07.1973;1;6
SABATIN;7;9.11.1966;7;0
DILDEN;7;4.10.1974;0;7
MUFRIYE;7;1.06.1958;0;7
NEVIS;7;21.03.1968;0;7
ESIRA;7;29.03.1973;0;7
CANKUR;7;28.12.1982;7;0
KAROL;7;18.10.1967;1;6
MUSTAGIME;7;2.10.1956;0;7
LUMEN;7;3.04.1968;7;0
GULSEYHAN;7;26.05.1969;0;7
YAGKUP;7;27.09.1959;7;0
NEFRIYE;7;13.01.1962;0;7
SANSIM;7;15.12.1980;1;6
SELENGA;7;21.04.1981;1;6
RAIL;7;2.06.1966;2;5
METAP;7;16.10.1979;0;7
MIMIS;7;22.12.1961;0;7
ZURHAN;7;21.03.1966;2;5
DOLKAN;7;20.02.1985;6;1
BAYRE;7;16.06.1971;0;7
NURVEREN;7;30.03.1970;2;5
ESKO;7;18.06.1954;0;7
HUMUS;7;19.09.1951;0;7
ILAYET;7;2.07.1982;4;3
GUTTUSU;7;13.01.1958;7;0
MUCAFET;7;5.11.1954;6;1
OMRUMIYE;7;17.02.1971;7;0
MIZRAB;7;17.08.1960;7;0
URUKYA;7;20.03.1958;0;7
ELSUN;7;20.04.1980;0;7
SUVAVI;7;13.04.1975;7;0
VEBIL;7;3.09.1970;1;6
DONEL;7;3.09.1969;0;7
ENFEL;7;16.02.1975;7;0
CECEK;7;11.03.1982;0;7
FATMACAN;7;24.01.1976;0;7
DEMOKRAT;7;18.10.1957;6;1
SAVRUN;7;17.12.1978;3;4
SIMTEL;7;28.06.1962;0;7
MAHDI;7;15.12.1964;3;4
ISACAN;7;12.07.1988;7;0
RAYIFA;7;17.11.1964;0;7
BAHTISAR;7;1.03.1960;0;7
NAZMIN;7;14.06.1971;7;0
BEKIS;7;21.02.1969;0;7
MIAD;7;3.12.1957;6;1
BESHAT;7;19.04.1974;7;0
DERYAL;7;6.11.1978;3;4
AFAF;7;7.11.1965;0;7
SUMMEYYA;7;10.03.1983;0;7
REYHANET;7;22.05.1962;0;7
HALAN;7;7.07.1970;0;7
SAADULLAH;7;16.11.1971;7;0
CIHADDIN;7;8.07.1976;7;0
GULBUHAR;7;7.01.1981;0;7
NURAH;7;2.08.1970;1;6
HIYYAM;7;3.01.1969;0;7
SAVKA;7;12.03.1954;0;7
GAZEGUL;7;17.08.1967;0;7
TEKLIFA;7;14.08.1970;0;7
KSENIA;7;11.04.1974;0;7
YUCESEL;7;15.07.1972;3;4
MUGAL;7;12.08.1950;0;7
ADILAY;7;29.12.1692;2;5
MUKEDES;7;2.02.1970;0;7
SEKIBA;7;28.07.1964;0;7
IMMAHANI;7;5.10.1968;0;7
DERIYE;7;1.07.1971;0;7
ADIM;7;14.03.1971;6;1
EYYUPCAN;7;29.08.1985;7;0
SAFUNUR;7;1.01.1963;0;7
ILKERCAN;7;17.08.1986;7;0
HUZULU;7;14.09.1966;7;0
CEVEHIR;7;22.05.1964;0;7
ESFETTIN;7;27.10.1970;7;0
DINAMIS;7;18.08.1959;0;7
MUTHIS;7;27.03.1960;6;1
EFEM;7;7.09.1978;7;0
MAMAT;7;5.05.1955;7;0
FOVZU;7;23.01.1957;7;0
YILSAY;7;1.02.1964;2;5
SERDANUR;7;19.12.1978;0;7
HUSYAR;7;19.08.1976;2;5
SURIRI;7;8.05.1975;7;0
TURKASLAN;7;2.12.1974;7;0
ABDILHAMIT;7;14.02.1957;7;0
RUH;7;30.01.1957;1;6
MEYRIBAN;7;2.09.1968;0;7
NASRITTIN;7;10.09.1955;7;0
M.MUNIR;7;30.12.1948;7;0
NEVRISTAN;7;5.01.1957;0;7
BAHU;7;27.09.1971;0;7
EVTAL;7;22.05.1969;5;2
RECI;7;20.09.1965;1;6
SIVER;7;14.02.1967;1;6
NEHYE;7;12.02.1960;0;7
NAZAFET;7;24.11.1962;0;7
DEDU;7;22.09.1937;7;0
MAHAL;7;20.02.1961;1;6
RIFAAT;7;28.08.1970;7;0
NEZIMET;7;24.03.1957;2;5
ISAMIL;7;5.02.1978;7;0
GARIPNAZ;7;29.12.1974;0;7
GULLEY;7;3.10.1942;0;7
AKILLI;7;29.11.1952;2;5
HEBUN;7;17.08.1986;5;2
YEMILHAN;7;2.11.1966;6;1
KEYFLI;7;13.06.1955;6;1
RUYE;7;21.06.1953;0;7
MEZUKA;7;11.08.1967;0;7
MENEVS;7;19.02.1957;0;7
CANSE;7;5.01.1978;0;7
HULVI;7;23.03.1962;6;1
ZIRAP;7;11.08.1956;1;6
FEDAY;7;22.06.1972;4;3
KUT;7;24.06.1965;7;0
RAHIMAN;7;16.01.1948;1;6
SUHEY;7;10.03.1967;6;1
KEHYA;7;17.04.1949;7;0
ZEKAT;7;7.02.1974;4;3
MEHLIKAR;7;5.06.1961;0;7
SEZAHIR;7;24.04.1965;7;0
EVAL;7;22.09.1979;0;7
SAZADE;7;3.11.1960;0;7
AFTE;7;13.11.1959;0;7
SERDI;7;2.12.1972;5;2
TUZEN;7;7.01.1961;1;6
ZORAN;7;21.05.1972;3;4
HATTUN;7;4.08.1972;0;7
MUHLIZ;7;3.01.1965;7;0
ALFIA;7;2.08.1971;0;7
MUKTESER;7;13.07.1976;1;6
MUHDIN;7;26.02.1966;7;0
HACRE;7;8.01.1974;0;7
LEVZI;7;14.09.1960;0;7
GORCAN;7;14.12.1970;5;2
TUMI;7;14.10.1947;0;7
M.FAHRI;7;2.01.1940;7;0
TALAAT;7;7.04.1974;7;0
VERENA;7;2.08.1968;0;7
TUGDAN;7;20.03.1971;0;7
FEVRUZ;7;14.10.1969;5;2
CUMHA;7;2.08.1968;7;0
SABAHADIN;7;3.10.1964;7;0
SVETA;7;25.06.1970;0;7
GOLTAN;7;21.12.1964;0;7
AYSENGUL;7;7.01.1971;0;7
NUREYDE;7;27.07.1973;0;7
SAHMINE;7;29.01.1962;0;7
ABDEL;7;20.03.1955;7;0
MUSTEYDE;7;19.01.1966;0;7
AYKUTHAN;7;8.10.1982;7;0
GAFRE;7;2.02.1950;0;7
ARGAN;7;17.10.1974;7;0
SIHAP;7;9.12.1971;7;0
YONETIM;7;14.03.1977;5;2
ZAMINE;7;30.04.1959;0;7
TRACY;7;1.04.1972;1;6
MENNUNE;7;24.08.1958;0;7
EMINEKADIN;7;27.03.1954;0;7
EVGUENIA;7;10.11.1975;0;7
SABURA;7;5.07.1955;0;7
MESIBE;7;21.06.1972;0;7
HILATI;7;9.06.1960;7;0
CULIYE;7;13.04.1958;0;7
HURNUR;7;1.12.1972;0;7
AKANDA;7;14.07.1980;2;5
BURHANNETTIN;7;25.06.1964;7;0
GULNACIYE;7;30.2.1958;0;7
ALETIN;7;12.07.1966;7;0
KAMALE;7;11.03.1966;0;7
VEZINE;7;7.05.1963;0;7
SEKURA;7;15.06.1957;0;7
GIRDAP;7;5.02.1987;2;5
SAFARIYE;7;15.05.1959;0;7
NECUT;7;18.02.1960;0;7
DEYYAN;7;30.10.1972;4;3
KESTANE;7;11.08.1956;1;6
GULPAY;7;9.12.1968;0;7
BELHIZAR;7;28.02.1959;0;7
ZUHRAN;7;9.01.1974;1;6
FARUN;7;14.10.1968;7;0
FETIS;7;20.06.1951;3;4
TALATTIN;7;16.09.1957;7;0
IRMGARD;7;4.12.1944;0;7
TARGAY;7;18.02.1970;7;0
EKDANE;7;9.10.1956;0;7
VEHRIYE;7;1.12.1953;0;7
TAMAN;7;9.02.1955;2;5
FERZANI;7;19.06.1965;0;7
SANEN;7;4.11.1966;0;7
ENVERE;7;8.03.1958;0;7
SUBUDE;7;14.05.1959;0;7
VERGIYE;7;10.08.1968;0;7
NURGAY;7;26.03.1974;3;4
HATCANA;7;25.08.1952;0;7
FEROL;7;15.03.1970;7;0
EVSANE;7;11.06.1975;0;7
HACIMUSA;7;27.11.1968;7;0
ELFRIEDE;7;25.06.1942;0;7
SERTOK;7;16.02.1957;7;0
AYKANAT;7;4.11.1970;7;0
YELTEM;7;19.01.1983;0;7
KUTDISI;7;19.08.1964;6;1
KADICA;7;29.11.1951;0;7
MURATTIN;7;14.04.1965;7;0
JANAR;7;11.02.1975;0;7
GULVEN;7;22.12.1975;0;7
ALIHATTIN;7;10.04.1963;7;0
REYZI;7;18.05.1973;3;4
SVEN;7;6.11.1978;7;0
RUHIYA;7;7.05.1977;0;7
FERTAN;7;21.11.1973;4;3
ROVSEN;7;19.06.1975;7;0
CEVABI;7;11.04.1963;7;0
HATOS;7;13.09.1952;0;7
IBIR;7;26.08.1959;7;0
ERFIL;7;14.01.1973;4;3
SEMANTA;7;22.02.1977;0;7
SERMUN;7;10.01.1968;2;5
ZEMRE;7;19.01.1965;0;7
INCAY;7;10.02.1964;1;6
MEPRULE;7;7.02.1960;0;7
GULSAZIYE;7;15.11.1960;0;7
CUMADDIN;7;6.08.1968;7;0
BUGRACAN;7;28.03.1990;7;0
FIDNAT;7;2.11.1957;0;7
HUVAT;7;10.07.1965;7;0
SIMONE;7;6.05.1954;0;7
IVANA;7;20.02.1969;0;7
SAMYEL;7;22.07.1957;5;2
TELMA;7;2.05.1972;0;7
BILBASAR;7;20.06.1971;7;0
HUMASAH;7;22.11.1955;0;7
DENIZEL;7;20.08.1968;1;6
ZILYA;7;21.11.1970;0;7
TUNCELI;7;2.06.1968;5;2
RAYIKE;7;27.06.1952;0;7
DONES;7;23.12.1958;0;7
SULHAT;7;7.03.1959;5;2
BIRSALE;7;11.09.1969;0;7
INCENUR;7;27.09.1968;0;7
HAVINA;7;16.08.1966;0;7
BILSAH;7;24.09.1980;0;7
GULBASAR;7;9.02.1967;1;6
MAHTUMA;7;15.12.1964;0;7
ZEKIYNE;7;17.02.1968;0;7
NURHANETTIN;7;1.02.1970;7;0
MANIFER;7;5.04.1967;1;6
EZEN;7;6.10.1964;0;7
SEVILER;7;24.11.1973;0;7
FIDNET;7;23.04.1960;0;7
GUPRA;7;30.09.1964;0;7
ILBAHAR;7;28.01.1965;0;7
BERKIM;7;22.11.1981;7;0
PARLAYAN;7;30.05.1967;3;4
MEVZUN;7;8.01.1966;1;6
ISENBIKE;7;21.04.1975;0;7
KENI;7;1.08.1950;2;5
OZHUN;7;5.06.1976;6;1
NELEA;7;2.03.1972;0;7
BULCA;7;7.05.1960;4;3
KENIYE;7;18.08.1967;0;7
SIBKAT;7;22.10.1958;7;0
SEHABET;7;19.06.1965;6;1
GOZLE;7;8.04.1983;0;7
FATMATU;7;14.07.1979;0;7
FAZIYLET;7;11.05.1967;0;7
NASO;7;18.01.1943;7;0
CINET;7;28.08.1967;6;1
RECAT;7;15.09.1968;7;0
DUREFSAN;7;27.12.1952;0;7
BAHRIYELI;7;14.11.1968;6;1
ELIZAVETA;7;30.08.1972;0;7
BIRNAR;7;17.09.1969;0;7
NURBANUR;7;19.03.1982;0;7
HABIKA;7;24.05.1957;0;7
RATIYE;7;17.07.1952;0;7
ERIZ;7;4.02.1959;5;2
RISAR;7;6.04.1965;7;0
TARKHAN;7;29.05.1974;7;0
ROSWITHA;7;17.11.1948;0;7
RAVZATA;7;3.11.1976;0;7
NURSIBEL;7;9.01.1981;0;7
HACCELI;7;29.11.1956;0;7
FITRAT;7;5.01.1943;2;5
HUZAN;7;4.12.1977;4;3
SUHIYLA;7;15.02.1963;0;7
MAHURE;7;13.12.1951;0;7
UCANER;7;14.05.1964;7;0
ALDAN;7;6.04.1971;1;6
ZEYYIDE;7;26.05.1954;0;7
BIRSAY;7;20.07.1972;5;2
OGUZTURK;7;22.07.1977;7;0
MUSAMETIN;7;6.06.1963;7;0
ERBILEN;7;10.06.1979;4;3
ALTINISIK;7;19.09.1948;1;6
NEBII;7;5.09.1968;7;0
SALER;7;8.01.1965;6;1
SECCAN;7;20.09.1969;3;4
ONDAY;7;12.04.1979;7;0
IFAT;7;12.05.1953;2;5
PATI;7;24.09.1952;0;7
FAHRIZ;7;3.01.1960;7;0
SEFATUN;7;25.10.1977;0;7
MINASIYE;7;10.01.1960;0;7
BIRISAN;7;4.02.1957;0;7
NAYLIYE;7;2.08.1966;0;7
MUSEYNA;7;2.03.1980;0;7
TEYIN;7;10.12.1955;7;0
ABBE;7;7.08.1961;0;7
BERZA;7;21.10.1978;0;7
MENEN;7;28.02.1973;3;4
MUHAMMERE;7;20.05.1957;0;7
AVDIYE;7;28.07.1954;0;7
SAYDUN;7;17.05.1958;7;0
SEHRIBA;7;5.03.1952;0;7
RAHBIYE;7;20.04.1963;0;7
SEHZA;7;28.02.1970;2;5
ADVAN;7;19.11.1970;7;0
HIMDAN;7;10.01.1957;7;0
MUHTESER;7;21.06.1968;0;7
NEFLI;7;18.03.1958;0;7
BILDA;7;21.08.1974;0;7
HAYA;7;18.01.1966;1;6
SEKHE;7;18.08.1963;0;7
YAZIHAN;7;3.09.1970;4;3
LEVANT;7;2.08.1969;6;1
MUVAFIK;7;13.10.1959;6;1
HILENI;7;26.10.1946;0;7
GULSUSAM;7;7.02.1966;0;7
DURUSAN;6;15.12.1959;0;6
IBSIR;6;4.11.1959;6;0
DEVRIMSEL;6;18.04.1978;0;6
HAVIZ;6;21.11.1963;1;5
SAHABATTIN;6;13.12.1969;6;0
ERSEGUL;6;19.12.1983;1;5
SEMREL;6;7.01.1961;0;6
AHEY;6;7.01.1941;0;6
GULSAFIYE;6;23.03.1964;0;6
GULGAMZE;6;17.08.1979;0;6
YUZUKUTLU;6;15.10.1622;0;6
NEZLAHAN;6;30.12.1969;0;6
SADISEN;6;17.08.1962;1;5
NAKSIDIL;6;17.09.1977;0;6
RUHALE;6;25.11.1967;0;6
YAHIYA;6;8.06.1959;6;0
HEPSAN;6;18.03.1970;0;6
KESEF;6;28.01.1974;6;0
MURSIDI;6;16.08.1966;5;1
GULBENGI;6;23.07.1973;0;6
ILKINAY;6;18.01.1974;0;6
KOZAG;6;3.02.1967;0;6
MAGFERET;6;29.06.1950;0;6
NIDAY;6;14.05.1976;3;3
TALIBI;6;19.04.1962;6;0
EDLIBAN;6;25.07.1959;0;6
GULUPER;6;4.08.1970;0;6
VEHIME;6;12.09.1951;0;6
HALIMIYE;6;26.07.1964;0;6
ZEMZEMO;6;12.11.1960;0;6
ELKA;6;8.03.1968;1;5
MESLEHA;6;14.10.1971;0;6
NAZIMEN;6;25.10.1967;0;6
MAHPERA;6;16.01.1977;0;6
YARALI;6;15.09.1965;6;0
SEBAHE;6;9.02.1950;0;6
MUYRET;6;10.05.1965;1;5
HAMPOL;6;10.07.1960;0;6
HARDEM;6;23.02.1967;0;6
GURES;6;14.03.1964;6;0
SENSUN;6;29.09.1972;0;6
EZMET;6;27.05.1964;4;2
SEBGUL;6;15.11.1966;0;6
TILIF;6;11.02.1956;0;6
ASLIPINAR;6;2.08.1976;0;6
EFIK;6;26.02.1960;1;5
NURRULLAH;6;7.06.1981;6;0
GULNORA;6;24.12.1972;0;6
NIFAKET;6;20.11.1959;0;6
INAC;6;17.12.1985;4;2
SOLER;6;7.08.1978;6;0
ARFER;6;14.12.1964;0;6
TOPAY;6;25.05.1958;5;1
NIVIDE;6;13.06.1960;0;6
MEHRE;6;25.07.1965;1;5
REZMIYE;6;7.12.1954;0;6
IZETIYE;6;5.11.1958;0;6
FATIMATUZEHRA;6;12.07.1983;0;6
SEDEFHAN;6;11.09.1964;0;6
BIRKUT;6;20.08.1967;6;0
ISTENC;6;3.05.1986;3;3
MEMBA;6;3.06.1979;0;6
EZIBE;6;3.03.1966;0;6
MINNE;6;6.09.1965;0;6
CEMALGURSEL;6;3.04.1970;6;0
OMUS;6;19.10.1946;6;0
ZEKAIYE;6;2.01.1960;6;0
SUFYA;6;17.08.1964;3;3
NURHAMI;6;2.05.1965;4;2
MANZUR;6;2.02.1958;5;1
YAZAN;6;21.05.1959;4;2
NURHALE;6;25.04.1961;0;6
BEYRO;6;12.01.1965;5;1
BILENC;6;16.09.1960;5;1
SUYUP;6;12.05.1960;6;0
HAMIDO;6;27.08.1955;6;0
YUSUFKENAN;6;27.03.1975;6;0
MERDIMEYDAN;6;5.07.1970;6;0
HARZI;6;6.03.1952;0;6
SALIN;6;17.12.1971;5;1
FATTIM;6;18.02.1941;0;6
GURSELE;6;1.03.1971;0;6
GULPEZ;6;7.06.1955;0;6
SOHULA;6;13.07.1961;0;6
AZIMIYE;6;8.06.1960;0;6
SULHU;6;6.01.1954;6;0
KULTAN;6;16.07.1953;1;5
SUSLEM;6;30.01.1986;0;6
BADIL;6;19.06.1968;5;1
KESO;6;26.06.1925;5;1
TAKYADDIN;6;1.10.1976;6;0
ISHAT;6;8.08.1978;6;0
AFIFA;6;25.06.1966;0;6
BEYREM;6;8.01.1971;6;0
BEZIK;6;25.01.1949;0;6
MUSKINE;6;30.01.1980;0;6
SERVETI;6;2.11.1978;0;6
ARZAN;6;12.12.1963;0;6
NISREDDIN;6;6.10.1970;6;0
MAYASA;6;23.12.1961;0;6
NISRETTIN;6;25.09.1968;6;0
FERUSE;6;1.12.1960;0;6
LAIZE;6;2.04.1964;0;6
HALFA;6;30.08.1954;0;6
NEZLISAN;6;17.04.1980;0;6
ARZO;6;25.07.1947;0;6
SELLO;6;26.10.1976;0;6
LEMIHE;6;27.03.1969;0;6
FAVAZ;6;27.09.1976;6;0
KUDUSIYE;6;16.06.1970;0;6
HEFIN;6;26.12.1989;0;6
HELLUS;6;26.12.1963;6;0
NEHSET;6;23.12.1978;6;0
MEYSUME;6;29.04.1955;0;6
SADREDIN;6;24.07.1962;6;0
RAKKIYA;6;18.05.1967;0;6
FERMO;6;2.03.1937;6;0
OZAR;6;26.12.1965;6;0
HUSNIYEGUL;6;11.10.1970;0;6
NEZRIHAN;6;10.12.1961;0;6
LEKIZAR;6;26.10.1976;0;6
MUSLUMA;6;15.08.1977;0;6
MESURET;6;12.02.1971;0;6
ZIHA;6;8.07.1971;3;3
AREBI;6;19.05.1962;1;5
HEVLE;6;2.03.1955;0;6
SIHDAVUT;6;3.01.1968;6;0
SUHEN;6;9.09.1967;0;6
SUSINI;6;8.10.1956;0;6
CUVEYDE;6;10.09.1964;0;6
RABHA;6;3.09.1957;0;6
HAZNIGUL;6;22.07.1972;0;6
EBRIYE;6;6.07.1959;0;6
IBTESAM;6;21.05.1971;0;6
NOME;6;22.11.1967;0;6
BELHE;6;29.11.1948;0;6
ALMAZI;6;3.06.1973;0;6
MUHBIYE;6;15.02.1979;0;6
EZDIHAN;6;12.09.1978;0;6
FAYAZ;6;5.03.1974;5;1
HADYA;6;7.02.1978;0;6
YARAR;6;3.10.1960;4;2
MURSIL;6;8.02.1968;6;0
NEZLIME;6;27.07.1962;0;6
HISSE;6;7.02.1968;1;5
DILVAZ;6;20.05.1971;1;5
RIMILA;6;22.05.1973;0;6
RUKIYYA;6;21.06.1975;0;6
KEMMIYE;6;1.09.1973;0;6
SEYHOMER;6;1.12.1979;6;0
IRFI;6;30.08.1967;5;1
BINEVSI;6;26.11.1952;0;6
ZEYEP;6;29.08.1974;0;6
TARI;6;25.04.1939;3;3
SUPHO;6;13.02.1956;0;6
ZIYEETTIN;6;3.08.1976;6;0
KAFIYA;6;14.11.1968;0;6
RUFER;6;16.09.1973;1;5
HANAF;6;10.07.1971;0;6
ABDULBASI;6;4.10.1971;6;0
HITMAN;6;21.09.1959;6;0
SEFHIYE;6;25.10.1959;0;6
HAVSER;6;28.03.1964;4;2
ABDULRRAHIM;6;28.04.1979;6;0
HIDE;6;30.11.1967;0;6
GUZAL;6;21.04.1976;0;6
DIHLA;6;7.01.1969;0;6
MUSAL;6;6.01.1961;6;0
LEHIBE;6;12.07.1957;0;6
HALEPCE;6;16.04.1991;0;6
INIZ;6;23.01.1945;6;0
MURHAN;6;23.06.1968;3;3
YORULMAZ;6;1.02.1967;6;0
LAYLE;6;26.03.1969;0;6
YUZDAN;6;27.07.1979;0;6
BELSEN;6;30.05.1966;0;6
ZEYNELABITTIN;6;26.04.1976;6;0
KUTBIDDIN;6;30.06.1974;6;0
FAHRIYYE;6;20.12.1960;0;6
REDVAN;6;7.01.1976;6;0
SAFFURA;6;13.03.1979;0;6
SAMIHAN;6;21.01.1963;0;6
ABDULKADER;6;27.11.1958;6;0
BENAZE;6;23.10.1983;0;6
NESREDIN;6;26.10.1966;6;0
AYID;6;30.08.1963;6;0
TAMA;6;23.03.1970;0;6
HISNE;6;26.11.1965;0;6
BEDREDTIN;6;6.04.1954;6;0
FALAMAZ;6;3.05.1971;6;0
YIL;6;17.04.1958;2;4
ABDUSEMAT;6;27.01.1968;6;0
MIHSIN;6;22.07.1960;4;2
GADRE;6;12.01.1953;0;6
ARLAN;6;18.04.1962;4;2
MUSHAB;6;11.09.1987;6;0
ZULFUCAN;6;26.04.1975;3;3
ROHIYE;6;20.10.1957;0;6
MENTULLAH;6;22.03.1964;0;6
MERHAS;6;16.02.1985;6;0
SIRACADDIN;6;16.02.1965;6;0
NIROZ;6;17.11.1981;0;6
MEHMETSIRAC;6;3.12.1970;6;0
KANCIYE;6;9.06.1972;0;6
MUHBITTIN;6;15.06.1981;6;0
SABU;6;1.07.1949;4;2
DIRSE;6;9.11.1969;1;5
CAHIL;6;13.10.1960;6;0
VELIYA;6;28.05.1975;1;5
MIYAZE;6;22.12.1972;0;6
SADRADDIN;6;6.12.1965;6;0
NESVAN;6;24.06.1973;5;1
GAYYE;6;23.07.1970;0;6
HANUF;6;23.12.1946;0;6
SILAMET;6;16.02.1964;0;6
ZIBE;6;4.01.1950;0;6
NAKSE;6;4.07.1950;0;6
SEFAHET;6;20.09.1957;0;6
EZBIR;6;23.04.1982;0;6
HUSUNA;6;3.05.1968;0;6
BEYYAZ;6;9.12.1950;0;6
GERRO;6;22.02.1962;5;1
CUCE;6;15.07.1965;0;6
MUHUBULLAH;6;10.06.1971;6;0
RESIK;6;29.08.1955;4;2
SECEHAT;6;9.10.1971;1;5
DIRO;6;16.01.1943;3;3
YEDULLAH;6;8.05.1968;6;0
GULYET;6;25.07.1974;2;4
MATTIAS;6;13.11.1983;6;0
JENIFER;6;23.01.1987;0;6
MARIYANA;6;28.07.1980;0;6
BEYRETA;6;23.10.1973;0;6
RAFIDA;6;18.03.1969;0;6
LUKSE;6;27.05.1977;0;6
KESRE;6;19.02.1949;0;6
HAPSUNO;6;17.05.1940;6;0
VIRCIN;6;26.04.1942;0;6
NEVRIYA;6;6.11.1981;0;6
RANJA;6;24.06.1988;0;6
TENZIHA;6;19.10.1974;0;6
EFLIN;6;14.05.1964;0;6
ZABET;6;13.02.1977;0;6
TAALA;6;30.11.1971;0;6
ROJHILAT;6;20.02.1980;0;6
FASILA;6;13.09.1967;0;6
PORTI;6;13.09.1958;2;4
ALDA;6;25.05.1966;0;6
MEJDEL;6;17.04.1976;6;0
GIDAN;6;5.11.1966;2;4
FILUR;6;30.2.1972;0;6
KADERI;6;10.03.1975;0;6
FERCA;6;13.10.1974;0;6
MESUTE;6;22.04.1970;0;6
AMANIYEL;6;14.04.1978;4;2
LUSIA;6;19.07.1975;0;6
YARGIT;6;15.10.1983;6;0
MUEZZEN;6;16.02.1976;0;6
CENAR;6;23.10.1975;6;0
MARTINE;6;3.09.1970;0;6
HAZNU;6;16.11.1951;0;6
HENAN;6;11.11.1978;1;5
NEFLA;6;1.04.1963;0;6
SAMUYEL;6;19.12.1975;6;0
GULYANA;6;15.11.1973;1;5
SIMUN;6;18.05.1956;6;0
BIRCI;6;9.09.1961;0;6
DIVANI;6;9.12.1965;4;2
LIVIZE;6;23.01.1950;0;6
GELO;6;29.12.1946;6;0
ELMEZ;6;23.04.1955;0;6
ARIM;6;6.01.1957;4;2
RADIME;6;16.01.1959;0;6
ZEHRO;6;15.07.1962;0;6
HAVO;6;24.03.1967;0;6
ADIBA;6;21.12.1971;0;6
RUMIYA;6;11.05.1972;0;6
RUFA;6;25.12.1961;0;6
MARVA;6;20.09.1988;0;6
ZEYHEP;6;17.07.1972;0;6
BASSAM;6;12.07.1974;6;0
NUHE;6;4.11.1968;1;5
RADVAN;6;10.05.1964;6;0
FERES;6;17.10.1967;4;2
HEYLAN;6;27.11.1963;0;6
MEDLIN;6;15.08.1981;0;6
HURYETE;6;11.03.1977;0;6
DILOS;6;14.06.1958;0;6
ABDULILEH;6;7.10.1969;6;0
TEMIRTAS;6;14.02.1954;1;5
ZULFETE;6;30.01.1978;0;6
CACANE;6;29.12.1945;0;6
ABDUSEMED;6;7.04.1971;6;0
ADULLE;6;27.03.1949;0;6
MEZGIN;6;13.03.1984;4;2
MEHMI;6;15.10.1939;6;0
HECCE;6;19.04.1964;0;6
SIPHIYE;6;9.06.1960;0;6
MAZHARETTIN;6;17.08.1962;6;0
TENBIYE;6;25.06.1961;0;6
NAIMI;6;11.02.1968;4;2
IMED;6;16.01.1971;6;0
MURO;6;17.12.1938;6;0
KUSE;6;13.08.1932;1;5
CENGIN;6;30.11.1976;6;0
RINAS;6;11.12.1988;4;2
SEKIRI;6;6.07.1958;0;6
ISLA;6;2.04.1974;2;4
NATASCHA;6;8.05.1981;0;6
RASSO;6;16.03.1932;6;0
BENEZIR;6;30.04.1990;0;6
FIRDAZ;6;15.07.1962;0;6
HAYATULNUFUS;6;14.05.1960;0;6
SARATA;6;11.02.1958;0;6
HAMRIN;6;11.05.1987;0;6
ZEYNABA;6;25.10.1981;0;6
BARINA;6;13.12.1985;0;6
FERSU;6;27.04.1952;2;4
GULBERIN;6;1.09.1982;0;6
NARIYA;6;8.12.1964;0;6
HUSRU;6;17.12.1952;4;2
FEYRUSEH;6;28.07.1978;2;4
SAFIN;6;15.03.1957;3;3
NESLIHE;6;4.04.1974;0;6
MARTE;6;24.03.1941;0;6
NUJDAR;6;4.07.1985;0;6
SEHDA;6;17.01.1962;0;6
MISAN;6;13.01.1973;1;5
AHLAN;6;4.01.1981;2;4
NIHAI;6;6.07.1965;4;2
TESILE;6;29.2.1973;0;6
EMMANUEL;6;2.05.1973;6;0
ERZANE;6;1.05.1960;0;6
GABRO;6;22.07.1959;6;0
HALYE;6;19.11.1963;0;6
RIFIYE;6;29.07.1939;0;6
BIRIFAN;6;7.11.1979;0;6
HABIBET;6;26.10.1967;0;6
RAHISE;6;19.08.1976;0;6
HULVE;6;18.11.1952;0;6
KESERIYE;6;22.09.1972;0;6
MUHRIME;6;24.07.1965;0;6
KINDE;6;17.03.1973;0;6
HERBIN;6;17.05.1987;0;6
NARICAN;6;19.07.1975;0;6
SUGAT;6;2.04.1968;3;3
ZEYDULLAH;6;19.07.1973;6;0
SAYHA;6;12.11.1962;1;5
RASIDA;6;27.10.1970;0;6
HAFIFA;6;16.08.1967;0;6
MELEKSIME;6;24.09.1969;0;6
SAVDA;6;10.04.1987;0;6
SAHAZ;6;17.08.1956;2;4
GAIP;6;12.11.1972;5;1
FAHRIZAT;6;24.06.1975;6;0
AYNILMERDIYE;6;10.05.1972;0;6
SIYAMED;6;10.11.1969;6;0
SEHABEDIN;6;28.03.1967;6;0
HAYATA;6;23.10.1966;0;6
NIYAZETTIN;6;24.05.1964;6;0
GARIBIYE;6;26.01.1966;0;6
CIZVE;6;7.04.1952;0;6
ABDULKADDIR;6;17.09.1945;6;0
GIANNA;6;30.01.1971;0;6
SAYFO;6;9.03.1955;6;0
RAYAN;6;12.11.1980;2;4
ERIME;6;13.05.1980;0;6
ABDULBARIN;6;20.12.1981;6;0
ABDULMANEF;6;12.09.1975;6;0
SARIME;6;22.09.1957;0;6
ELME;6;1.06.1945;0;6
NESLO;6;10.02.1935;0;6
NAVVAF;6;17.12.1958;6;0
NAJLE;6;6.06.1969;0;6
FADYE;6;11.04.1980;0;6
BASKADIN;6;27.01.1950;0;6
ISMAHANI;6;21.03.1952;0;6
INZAL;6;9.12.1971;0;6
KULBAHAR;6;30.01.1947;0;6
KUTLUGHAN;6;10.02.1979;6;0
MAVICAN;6;26.03.1977;1;5
ZEHA;6;1.10.1962;0;6
PORUZE;6;15.10.1960;0;6
KUCUKKADIN;6;6.12.1940;0;6
MEHVA;6;21.08.1969;0;6
SAGDAN;6;30.09.1967;6;0
MERFUA;6;8.01.1948;0;6
GUNEVER;6;17.07.1967;0;6
BABACA;6;26.08.1952;6;0
TEBESUM;6;13.09.1985;0;6
OLUN;6;4.11.1960;3;3
MINTAHAN;6;17.03.1967;0;6
SERANAY;6;4.07.1982;0;6
SULTANHAMIT;6;6.07.1959;6;0
KUZUDE;6;2.09.1961;0;6
ZILIFTAR;6;15.10.1972;5;1
ZILIFER;6;5.10.1975;0;6
EVISE;6;13.10.1953;0;6
MUHSIYE;6;26.06.1958;0;6
ZUBEYDULLAH;6;4.12.1978;6;0
IZAMI;6;6.02.1962;6;0
MISLIGUL;6;7.02.1951;0;6
HUMAS;6;18.03.1950;0;6
MEYMUNA;6;22.06.1953;0;6
ALFET;6;23.02.1958;4;2
AZIYZE;6;30.11.1961;0;6
SAGDULLAH;6;15.11.1968;6;0
MUS;6;5.07.1955;6;0
NUSEL;6;20.05.1969;0;6
MERBULE;6;14.01.1955;0;6
SENKUL;6;5.11.1958;1;5
RUYIDE;6;26.03.1957;0;6
GULUCEMAL;6;28.01.1962;0;6
CAGRISIM;6;26.12.1984;1;5
SANSEVER;6;23.06.1966;4;2
HIZMETULLAH;6;6.12.1976;6;0
HAZIBE;6;8.03.1946;0;6
RITVANIYE;6;3.11.1964;0;6
DALFER;6;12.11.1965;0;6
INHAL;6;30.08.1955;2;4
NEVIKA;6;27.10.1954;0;6
IYSAN;6;30.09.1971;0;6
TECAATTIN;6;15.05.1968;6;0
SAZMET;6;10.07.1946;0;6
OKTAS;6;13.07.1970;6;0
HIDAVERDI;6;6.01.1963;6;0
HUDAVENT;6;8.05.1970;4;2
NAVILE;6;9.03.1966;0;6
ISVER;6;7.01.1970;0;6
NEZURE;6;8.06.1964;0;6
MELIFA;6;8.05.1979;0;6
MUZUYE;6;19.07.1951;0;6
BIRAYET;6;17.12.1981;0;6
TAVSIYE;6;1.11.1953;0;6
SAMIZE;6;23.10.1953;0;6
BENZET;6;18.01.1965;2;4
SIFAGUL;6;7.09.1977;0;6
HALDE;6;10.12.1978;0;6
GUNSERIN;6;12.03.1955;0;6
FIRDASIYE;6;6.03.1963;0;6
URSIYE;6;10.11.1953;0;6
ICMAL;6;21.03.1962;1;5
SELACETTIN;6;23.06.1962;6;0
NOKDA;6;24.06.1961;0;6
MECURE;6;24.05.1975;0;6
ZEKABI;6;19.10.1962;6;0
NUHIL;6;28.01.1965;6;0
NEFIGE;6;30.05.1955;0;6
HILAMI;6;25.06.1958;6;0
SEMRIYA;6;29.12.1971;0;6
MERDUM;6;18.06.1949;0;6
GULHOS;6;11.05.1957;0;6
SETIYE;6;27.08.1953;0;6
GULSEMIHA;6;8.07.1968;0;6
MUKAYIR;6;29.08.1970;5;1
HAVADIS;6;15.01.1959;5;1
NALIZAR;6;10.08.1939;0;6
AKARSU;6;7.01.1964;4;2
MESDI;6;30.12.1954;5;1
GULBI;6;14.05.1966;1;5
ATUN;6;5.02.1964;0;6
SEYYARI;6;12.01.1960;1;5
KIPRE;6;19.01.1960;0;6
NURCIYEN;6;11.03.1962;0;6
NAFIFE;6;11.01.1958;0;6
ZALHE;6;13.03.1962;0;6
SEBAHITDIN;6;23.01.1958;6;0
GUNNES;6;15.03.1960;0;6
SARINE;6;17.08.1946;0;6
NECAYITTIN;6;17.01.1959;6;0
IAMZE;6;25.10.1966;0;6
MACIZ;6;15.01.1942;0;6
MUKAYET;6;28.01.1960;4;2
ZEKAVETTIN;6;24.03.1966;6;0
MUSTEKIN;6;16.05.1977;5;1
ZEYKI;6;12.10.1966;6;0
ZUMRUHAN;6;17.08.1975;0;6
SENEMNUR;6;8.08.1981;0;6
SEPIYE;6;24.09.1959;0;6
RABIANUR;6;22.05.1989;0;6
AHAN;6;6.12.1973;5;1
SALIHANUR;6;29.10.1982;0;6
MEJMURE;6;17.05.1970;0;6
SELANI;6;17.09.1972;6;0
LEHIZE;6;11.03.1973;0;6
YUCEGUL;6;1.09.1964;0;6
INEZA;6;26.11.1964;0;6
ERGULE;6;2.12.1965;0;6
GULNESRIN;6;5.05.1960;0;6
MUTTALIF;6;27.08.1972;6;0
ZUVEYLA;6;27.07.1972;0;6
MUHLIZE;6;30.09.1964;0;6
NERIS;6;15.02.1982;0;6
SOYLUHAN;6;20.02.1982;5;1
NURHET;6;30.03.1963;0;6
MENUSA;6;26.01.1950;0;6
SEREFET;6;27.02.1962;2;4
AVSER;6;23.09.1958;0;6
LEBAT;6;29.03.1952;0;6
SERNAS;6;19.11.1973;0;6
MAHBUKER;6;22.02.1953;0;6
UNLER;6;17.12.1972;3;3
ZIYABEY;6;17.07.1964;6;0
AMALYA;6;8.11.1958;0;6
MUTTET;6;28.06.1960;6;0
RESADI;6;9.12.1953;5;1
BEHTULLAH;6;27.05.1966;6;0
GULADI;6;6.02.1960;1;5
ZEHIT;6;27.05.1962;3;3
PARIZE;6;25.07.1964;0;6
TUREHAN;6;18.06.1965;5;1
TUKAN;6;8.09.1969;4;2
SEVUK;6;7.04.1948;5;1
ZUMRAH;6;2.07.1981;0;6
RACIH;6;16.03.1955;6;0
GOKSAR;6;5.09.1978;6;0
YUSUFE;6;10.03.1957;0;6
HURZIYE;6;4.06.1960;0;6
RUBEYSA;6;18.04.1975;0;6
MAMULE;6;16.03.1940;0;6
DALCIN;6;19.07.1963;3;3
ASMAT;6;9.05.1966;0;6
MEZLIME;6;29.03.1962;0;6
BOZBEK;6;14.05.1963;6;0
NURAYE;6;1.11.1960;0;6
TURKLER;6;1.02.1976;6;0
BEYSEN;6;29.10.1967;1;5
MAFISE;6;25.02.1954;0;6
FERZILE;6;25.01.1960;0;6
SELVIYAN;6;29.01.1964;0;6
ILTAY;6;18.10.1979;5;1
TOYGUR;6;17.09.1976;6;0
MUTIN;6;6.08.1963;6;0
NEHAKET;6;8.06.1955;0;6
SONAYET;6;17.03.1979;0;6
ARTEN;6;30.2.1944;4;2
BILGOR;6;26.08.1970;1;5
SERIAN;6;24.06.1971;0;6
BIRCICEK;6;3.07.1969;0;6
HAFUZ;6;13.04.1961;6;0
ZEHRAH;6;11.11.1973;0;6
SEZADE;6;15.06.1962;0;6
MEDAYET;6;27.01.1956;0;6
AYFIRE;6;5.01.1959;0;6
NIZAYET;6;18.11.1957;0;6
GUNEYIT;6;30.11.1971;6;0
M.DURSUN;6;17.02.1943;6;0
MEDHET;6;10.02.1961;6;0
SIMAR;6;23.08.1968;3;3
EYUPSULTAN;6;28.07.1973;6;0
NURFETTIN;6;3.02.1955;6;0
FEYIMAN;6;29.08.1973;0;6
NESATTIN;6;2.07.1955;6;0
KIDI;6;11.10.1944;0;6
SUTFINAZ;6;26.04.1963;0;6
BIRSE;6;10.06.1958;0;6
KAMIRAL;6;7.04.1963;4;2
BILICE;6;2.08.1969;0;6
EKSEL;6;9.10.1969;3;3
UMURE;6;12.02.1961;0;6
YETISKEN;6;25.12.1971;6;0
HAYRULLA;6;23.12.1953;6;0
MUVAHIT;6;7.07.1981;6;0
NURELEM;6;19.05.1962;0;6
BULUDIYE;6;29.03.1966;0;6
GULMISAN;6;12.12.1971;0;6
ZENCEBILE;6;2.11.1959;0;6
BERIYYE;6;26.09.1957;0;6
MELIA;6;21.10.1956;0;6
APTURAMAN;6;21.08.1961;6;0
DURSEMIN;6;27.07.1963;0;6
FILYAT;6;29.6.1641;0;6
IFRI;6;10.05.1958;0;6
HUSEYIH;6;21.12.1981;6;0
UGURBEY;6;17.02.1977;6;0
MEKUL;6;16.02.1965;1;5
YASARHANIM;6;3.08.1962;0;6
CIHANGIRAY;6;17.11.1968;6;0
ULFE;6;1.02.1964;0;6
BECIHE;6;6.01.1955;0;6
KALIBE;6;4.01.1960;0;6
ERTUS;6;1.01.1988;4;2
INCESER;6;1.07.1961;0;6
EMGUL;6;29.01.1957;0;6
HEZAN;6;12.05.1967;1;5
HUMAYIR;6;15.05.1955;0;6
GULSERMIN;6;27.03.1961;0;6
ESVEDDIN;6;28.08.1945;6;0
ZULIHE;6;9.08.1959;0;6
SAVURA;6;29.05.1973;0;6
ILSEV;6;30.09.1971;2;4
CIHANUR;6;9.09.1975;0;6
NIHALET;6;15.11.1949;5;1
RAYIK;6;8.03.1962;6;0
HUMMUHAN;6;20.10.1961;0;6
IRKIM;6;17.11.1980;5;1
CEVIZ;6;1.03.1959;1;5
TURKNUR;6;25.11.1974;2;4
VEDAGUL;6;22.02.1984;0;6
SALBI;6;1.05.1955;4;2
ERDIYE;6;19.11.1967;0;6
MUZER;6;19.03.1957;0;6
KURTCAN;6;15.02.1967;5;1
GULBAGDA;6;23.08.1953;0;6
NARAY;6;15.05.1958;0;6
GULDUZER;6;19.07.1961;0;6
SARICICEK;6;21.09.1969;0;6
UNZIYE;6;22.04.1967;0;6
KURCAN;6;21.08.1958;3;3
NULCAN;6;28.06.1973;0;6
MUJLA;6;19.09.1974;0;6
SEREGUL;6;8.09.1967;0;6
SECAL;6;17.03.1963;4;2
ZULKIFL;6;20.07.1948;6;0
SEHRIZAR;6;12.06.1956;0;6
NIHAS;6;5.04.1953;6;0
MUCALE;6;24.08.1975;0;6
LORNA;6;16.01.1966;0;6
SASE;6;14.01.1963;0;6
LIKAR;6;11.05.1959;0;6
ASIYEGUL;6;26.01.1980;0;6
NURDAKUL;6;4.01.1963;0;6
BILGICAN;6;1.07.1974;0;6
VOLGAN;6;10.01.1980;6;0
KEVSAR;6;6.10.1973;0;6
GUREM;6;21.01.1973;5;1
ZAKIDE;6;6.08.1970;0;6
ELHURI;6;21.08.1963;3;3
GUNDUR;6;3.10.1969;1;5
ESSEN;6;20.12.1972;0;6
SEHNI;6;14.04.1954;1;5
SEYLEN;6;3.12.1973;1;5
SULFITTIN;6;1.06.1961;6;0
SUVAY;6;5.05.1977;2;4
MUSSEREF;6;7.11.1973;0;6
ISMETCAN;6;9.02.1986;5;1
GEBIRE;6;14.04.1959;0;6
RABIHAT;6;17.03.1945;0;6
ALIYULMURTAZA;6;29.11.1956;6;0
SUBEHAN;6;20.11.1959;2;4
SAMISE;6;24.03.1947;0;6
ZEKAETTIN;6;3.06.1953;6;0
ZAKIBE;6;12.09.1965;0;6
NALMES;6;20.04.1958;0;6
MURASIYE;6;19.11.1956;0;6
ZALIKA;6;27.02.1965;0;6
GULAZIYE;6;2.04.1964;0;6
ZULAFET;6;2.01.1972;0;6
MISGUL;6;1.05.1975;0;6
NEVET;6;20.11.1966;6;0
NASIBIYE;6;25.02.1964;0;6
ZULEYKA;6;29.12.1964;0;6
TEVDIYE;6;12.06.1961;0;6
FAHMIYE;6;28.07.1954;0;6
SEHHAR;6;29.07.1944;1;5
KIBARETTIN;6;28.04.1975;6;0
ELBIL;6;11.02.1963;6;0
RUZANA;6;25.01.1967;0;6
PERSAN;6;2.11.1628;2;4
BENNU;6;23.01.1985;0;6
STELUTA;6;18.08.1973;0;6
BARBAROZ;6;14.03.1968;6;0
GULBAHA;6;28.08.1948;0;6
PIROL;6;3.01.1967;6;0
MELEAT;6;21.07.1959;0;6
ASLIHA;6;8.04.1965;0;6
MUKERRA;6;8.07.1965;0;6
REFINE;6;8.12.1970;0;6
IPIL;6;3.06.1965;0;6
ZULAHIYE;6;12.03.1965;0;6
TAHADDIN;6;19.03.1959;6;0
UMMIYEN;6;9.08.1967;0;6
ARMAAN;6;9.12.1973;3;3
AZIMKAR;6;30.03.1973;6;0
ORHANCAN;6;26.06.1978;6;0
ZAFIDE;6;16.08.1955;0;6
ERKEK;6;27.09.1966;6;0
IBNISINA;6;21.07.1988;6;0
MUSVIK;6;16.03.1977;6;0
MEHRIMA;6;25.01.1961;0;6
FEHMAN;6;21.10.1953;1;5
MINIRYE;6;17.05.1957;0;6
HISABIYE;6;23.01.1955;0;6
TAHACAN;6;23.06.1984;6;0
ETIHAN;6;13.08.1976;6;0
TUSEN;6;18.04.1982;1;5
BETHUL;6;4.04.1972;0;6
NURKADER;6;20.11.1973;0;6
LEMINUR;6;30.09.1955;0;6
SERKER;6;14.10.1957;6;0
AILA;6;25.09.1968;0;6
MUZAHER;6;20.05.1952;1;5
SUCUATTIN;6;16.01.1966;6;0
KUTEN;6;27.12.1966;6;0
FENSAL;6;27.01.1962;6;0
GULERYA;6;8.12.1976;0;6
TEMURAN;6;28.05.1960;4;2
HITAP;6;29.04.1970;3;3
ZULCIYE;6;12.03.1964;0;6
NUHIT;6;14.07.1960;5;1
GANIBEY;6;8.11.1942;6;0
MUHTET;6;15.11.1970;6;0
FEZNUR;6;22.02.1968;0;6
NEVMIYE;6;16.04.1955;0;6
PASABATON;6;8.01.1955;0;6
AYTAR;6;11.12.1941;2;4
SELFINAS;6;3.06.1962;0;6
MUHTALIF;6;12.03.1967;6;0
NUGET;6;6.01.1958;0;6
GUNEM;6;20.03.1969;0;6
CILENK;6;27.11.1976;0;6
ZANIFE;6;26.05.1957;0;6
NIKSAR;6;1.09.1973;2;4
CELALIDDIN;6;25.05.1959;6;0
SANNAZ;6;17.07.1963;0;6
SAHANIYE;6;8.05.1965;0;6
BANBAK;6;7.01.1942;0;6
SEDELI;6;24.08.1955;0;6
FATMAT;6;6.04.1941;0;6
UFAKET;6;6.11.1962;0;6
DERBIL;6;11.09.1973;5;1
VEFAI;6;22.07.1953;5;1
GULUFAN;6;21.11.1964;0;6
ICTIMA;6;28.01.1962;5;1
MUZEYYIR;6;6.01.1966;5;1
ECMAIL;6;19.12.1974;6;0
MUSELLIME;6;10.04.1951;0;6
ZABIS;6;7.12.1964;0;6
HABER;6;17.12.1972;2;4
YAGUT;6;2.05.1965;0;6
SEFIYKA;6;3.03.1953;0;6
SANAR;6;14.01.1968;4;2
BESIYME;6;21.04.1947;0;6
ZAHIYDE;6;5.11.1944;0;6
EMENE;6;6.11.1955;0;6
NELIZ;6;7.10.1981;0;6
NEMIKE;6;8.01.1963;0;6
HANSEL;6;17.12.1978;2;4
ZILIKA;6;12.07.1961;0;6
RAJI;6;1.02.1960;6;0
SENATI;6;26.01.1975;6;0
MUBTELA;6;6.09.1947;0;6
YURTASLAN;6;7.02.1968;6;0
HURCEM;6;4.04.1982;6;0
GENCIHAN;6;23.04.1957;1;5
HAZEY;6;17.09.1949;0;6
SERUK;6;8.11.1961;0;6
VATANER;6;8.04.1967;6;0
HANZEDE;6;4.07.1958;0;6
YILSON;6;9.07.1975;0;6
GULENDAG;6;17.11.1973;1;5
NURNAZ;6;22.08.1953;0;6
BEKIN;6;5.06.1973;3;3
BENIAL;6;26.06.1966;3;3
EGAHI;6;20.09.1967;6;0
BURAT;6;22.12.1983;6;0
FERSOY;6;30.06.1976;5;1
ALKAR;6;25.11.1970;6;0
GANIYME;6;19.12.1959;0;6
HURZET;6;13.09.1966;0;6
MIYASSA;6;6.07.1958;0;6
SIYHO;6;1.05.1950;6;0
NEDIRIYE;6;10.11.1964;0;6
SULFIYET;6;6.05.1961;0;6
YETUK;6;27.04.1957;0;6
GULCANE;6;4.09.1968;0;6
GULSEHEL;6;12.10.1961;0;6
MINTEHAN;6;7.04.1962;0;6
OMIT;6;13.11.1975;6;0
MUBEYDE;6;18.07.1960;0;6
AKANSU;6;8.12.1975;4;2
GAZEY;6;21.06.1946;0;6
BOZALI;6;24.09.1959;6;0
UKKES;6;14.10.1955;6;0
TAYUBE;6;29.04.1966;0;6
KAMUREN;6;17.02.1974;3;3
VECIT;6;26.12.1954;6;0
MIESER;6;29.01.1974;0;6
NAFIHA;6;2.06.1969;0;6
TEYBA;6;5.07.1960;0;6
MEHDET;6;2.09.1973;4;2
ULUTURK;6;24.04.1963;6;0
UNYAMI;6;20.11.1965;6;0
DORIYE;6;18.03.1956;0;6
SEMINAR;6;9.07.1970;0;6
HUSEYINGAZI;6;3.11.1966;6;0
FULDE;6;25.04.1983;0;6
SUPAN;6;7.09.1969;1;5
NARIC;6;12.10.1961;0;6
APDULVAHAP;6;7.12.1967;6;0
GOKSAD;6;6.10.1984;6;0
AMINET;6;26.10.1949;0;6
NERMIZ;6;6.08.1953;1;5
ASUNUR;6;2.07.1980;0;6
IKBALI;6;14.08.1960;1;5
SATANAY;6;18.06.1976;0;6
EBIK;6;26.10.1954;0;6
NURMINE;6;1.09.1971;0;6
ARMANUHI;6;23.12.1944;0;6
SEZIHA;6;29.01.1958;0;6
CUNAY;6;8.10.1972;6;0
CILHAN;6;14.01.1966;1;5
MEHRIMAH;6;17.01.1963;0;6
GULYASEM;6;15.03.1953;0;6
NURYIL;6;15.04.1980;0;6
MUDAT;6;17.02.1969;6;0
MEHDUN;6;27.12.1972;4;2
ESIR;6;4.12.1968;5;1
GULMENEVSE;6;24.04.1966;0;6
SEYFUR;6;17.04.1953;3;3
ONGUR;6;29.10.1968;5;1
BEZADE;6;19.06.1954;0;6
NESIMIYE;6;25.01.1950;0;6
PERZA;6;15.06.1954;0;6
KIBARCAN;6;25.08.1952;0;6
ALIMERT;6;16.05.1980;6;0
TUGSAD;6;10.05.1984;6;0
HASRAT;6;12.12.1963;2;4
ASIRI;6;24.03.1964;3;3
SOLGUL;6;20.04.1965;0;6
GUZELAGA;6;15.07.1958;6;0
ELTEM;6;10.02.1985;1;5
ELIFSU;6;23.04.1984;0;6
BUNYAMEN;6;29.12.1962;6;0
SUBEYRA;6;7.10.1982;0;6
HACILAR;6;22.11.1962;6;0
NULGIN;6;4.04.1975;0;6
UTIYE;6;23.09.1963;0;6
HANARZI;6;21.09.1962;0;6
SAHIBET;6;8.02.1960;2;4
BEYNAR;6;18.04.1974;1;5
AINUR;6;20.08.1977;0;6
MUKSEL;6;19.10.1966;2;4
HADEM;6;1.08.1964;5;1
KESIF;6;8.11.1956;6;0
DURDEN;6;30.04.1969;0;6
PIRIN;6;4.11.1950;0;6
SUBE;6;16.06.1953;0;6
AKULE;6;25.08.1958;0;6
VAISE;6;7.12.1958;0;6
NARGUZE;6;10.12.1966;0;6
ZEYFETTIN;6;17.04.1967;6;0
RABIGA;6;3.02.1957;0;6
MESULIYE;6;19.02.1951;0;6
AYSELGUL;6;16.12.1974;0;6
MAKSIME;6;15.06.1960;0;6
MUCER;6;12.06.1968;0;6
BUYAN;6;5.05.1944;1;5
APILI;6;23.12.1961;5;1
AYGONUL;6;8.03.1964;0;6
APDURAMAN;6;25.05.1959;6;0
TELMIZE;6;21.10.1959;0;6
SEHRIZA;6;3.11.1954;0;6
TAIR;6;17.05.1970;6;0
KAYMAKAM;6;1.12.1941;5;1
ISMAAN;6;22.07.1966;0;6
BIRSADE;6;6.11.1971;0;6
SARBIYE;6;17.09.1972;0;6
GUDRUN;6;30.01.1947;0;6
DINAL;6;11.03.1971;4;2
NAMAL;6;15.03.1954;5;1
EKRUMIYE;6;16.10.1969;0;6
MAHMUDU;6;25.09.1966;6;0
OGULBEK;6;25.01.1968;0;6
KURBANAY;6;19.08.1954;0;6
OGULSULTAN;6;27.10.1953;0;6
AYSULTAN;6;1.09.1963;0;6
DONDULU;6;19.12.1956;0;6
RESIBE;6;1.01.1957;0;6
SEHERHAN;6;3.12.1959;0;6
FEHRA;6;27.01.1966;0;6
MELIKENUR;6;27.04.1983;0;6
BILKIZ;6;7.04.1969;0;6
MAGRIFET;6;27.07.1958;0;6
NISAMETTIN;6;2.01.1973;6;0
KUTALP;6;6.05.1988;6;0
GULAMRESUL;6;17.03.1964;6;0
MAHPIP;6;1.08.1968;0;6
SAHUR;6;14.09.1961;3;3
BEYZAVI;6;1.08.1973;6;0
SURURU;6;10.07.1965;6;0
MEFTUM;6;30.05.1967;5;1
MEYSEREN;6;19.07.1971;0;6
BERIMAN;6;13.07.1975;0;6
ARZUYA;6;2.06.1967;0;6
ZIYAATDIN;6;9.08.1972;6;0
AYMETTIN;6;1.03.1972;6;0
NILEFER;6;24.06.1965;0;6
HARUNNISA;6;16.11.1955;0;6
AKYUZ;6;22.01.1962;4;2
KERKAS;6;22.12.1957;0;6
NEZAHE;6;28.04.1959;0;6
AVNIBEY;6;17.01.1965;6;0
MUSUYE;6;1.06.1967;0;6
TOMIRIS;6;12.10.1957;0;6
PILI;6;15.11.1958;0;6
BEYMA;6;14.07.1981;0;6
NEBEAT;6;19.08.1959;0;6
RAHNE;6;7.03.1957;0;6
GULENDI;6;22.04.1964;0;6
HACIABDULLAH;6;1.10.1966;6;0
CAMANUR;6;8.02.1958;0;6
ZULFICAN;6;15.11.1977;1;5
CEYLANIYE;6;21.10.1976;0;6
ZATULLAH;6;17.10.1968;6;0
CIVAT;6;21.10.1958;6;0
BEYRE;6;11.03.1964;0;6
MINYET;6;30.05.1969;1;5
YERIS;6;24.02.1966;3;3
TARIKHAN;6;22.12.1980;6;0
URKAY;6;20.06.1971;4;2
SUBA;6;30.07.1975;0;6
FIKRICAN;6;30.06.1987;6;0
SAHIDEN;6;6.07.1962;0;6
NICAR;6;12.09.1960;0;6
UTGU;6;29.2.1970;5;1
NUREM;6;28.11.1971;1;5
NETIM;6;25.08.1958;6;0
ALISAMI;6;28.07.1973;6;0
SABIP;6;7.12.1965;6;0
TERYA;6;21.02.1972;0;6
UNFER;6;5.10.1971;2;4
MEZUN;6;22.12.1966;4;2
MESRUKE;6;19.01.1967;0;6
TAVUT;6;4.03.1964;6;0
ARIFHAN;6;28.11.1976;6;0
SISMAN;6;28.12.1945;6;0
TUNCBILEK;6;4.02.1965;6;0
ABDULSADIK;6;29.06.1971;6;0
MAHBIRE;6;6.03.1961;0;6
MAHALLE;6;26.02.1959;0;6
NUFET;6;29.04.1973;2;4
RENAL;6;1.10.1981;4;2
NAYIRE;6;4.06.1957;0;6
SAHANNUR;6;3.09.1974;0;6
NAZLAR;6;5.07.1962;0;6
NEBIM;6;13.05.1973;3;3
KIDAN;6;5.12.1944;0;6
PEYIMAN;6;12.03.1959;0;6
ZULHAYA;6;1.01.1972;0;6
ERVEN;6;27.01.1968;2;4
SADIKCAN;6;17.01.1981;6;0
LUBOV;6;20.12.1963;0;6
VECRIYE;6;23.01.1966;0;6
ELAN;6;14.11.1970;2;4
NECMIN;6;9.08.1959;4;2
SEZKAN;6;7.11.1975;6;0
MIASER;6;3.11.1970;0;6
SIBELNUR;6;2.06.1983;0;6
KADRICAN;6;16.07.1973;6;0
ILFIYE;6;13.04.1958;0;6
IMMUGUL;6;11.02.1952;0;6
OZCICEK;6;5.03.1956;0;6
TEA;6;4.11.1979;0;6
GERAY;6;20.10.1970;5;1
KAMURE;6;11.06.1957;0;6
VACIB;6;21.10.1970;6;0
ALIF;6;14.11.1966;0;6
GOKLER;6;6.02.1985;6;0
BEDUH;6;22.02.1960;6;0
PUKET;6;25.12.1957;0;6
NURELIF;6;13.05.1981;0;6
OKDEN;6;14.07.1965;6;0
YASARIYA;6;10.08.1965;0;6
TANOL;6;5.06.1970;6;0
SELDEM;6;21.09.1982;0;6
SAHSUMAN;6;12.08.1961;1;5
SIHER;6;4.05.1955;0;6
SULBIHAN;6;14.11.1962;0;6
TUR;6;2.04.1957;4;2
NULLUFER;6;14.12.1968;0;6
HAFET;6;24.02.1950;0;6
NURCEREN;6;24.03.1990;0;6
MEDAI;6;3.01.1966;6;0
AGBABA;6;16.06.1952;6;0
BALKISA;6;16.10.1945;0;6
BULGEN;6;9.06.1967;0;6
BELCAN;6;6.09.1986;0;6
HAMPELI;6;25.07.1948;0;6
EMEC;6;1.04.1991;5;1
MALI;6;17.12.1954;0;6
MULKUZAR;6;2.04.1955;0;6
LAHILE;6;1.05.1966;0;6
ALAVERDI;6;9.07.1973;6;0
MURSA;6;15.03.1950;4;2
MAGPULE;6;22.03.1960;0;6
TURKIYEN;6;3.06.1961;0;6
HEDAR;6;12.04.1982;1;5
MITKA;6;27.03.1968;0;6
GEZE;6;22.05.1950;0;6
GULCIHAR;6;29.11.1965;0;6
FIRKIYA;6;20.02.1966;0;6
BINAV;6;13.07.1959;5;1
GULESMA;6;16.10.1960;0;6
SEHIZAR;6;8.10.1949;0;6
FIRYAT;6;10.11.1970;5;1
HIDDIR;6;13.09.1975;6;0
GIRAVI;6;4.04.1946;6;0
CAYDIN;6;19.02.1976;6;0
GULESOR;6;30.04.1963;0;6
FERHETTIN;6;17.02.1965;6;0
ZUMRITE;6;5.02.1969;0;6
MERUSAN;6;29.10.1965;0;6
NEBARET;6;6.11.1957;0;6
KANCI;6;11.11.1940;0;6
MITKAL;6;12.10.1959;0;6
SUREHIYE;6;29.08.1964;0;6
BESIRI;6;5.04.1962;4;2
AYDU;6;23.03.1952;0;6
HANLER;6;28.10.1980;6;0
KANDIYE;6;1.11.1954;0;6
HANABDAL;6;7.02.1964;6;0
BEHCE;6;27.01.1969;0;6
ELINAZ;6;4.05.1965;0;6
DEGILA;6;9.01.1970;0;6
NAVRES;6;23.06.1952;0;6
GEREVAN;6;19.09.1965;6;0
HUYLETE;6;7.04.1963;0;6
ATYE;6;3.03.1959;0;6
HALIMZER;6;28.01.1973;0;6
OZLAM;6;17.11.1986;0;6
KEHZIBAN;6;2.01.1969;0;6
KIRIT;6;26.03.1959;6;0
ABDULILA;6;27.04.1975;6;0
RIHAVZA;6;28.11.1951;0;6
BEDIZAMAN;6;10.10.1977;1;5
ISFAN;6;19.09.1976;5;1
HAVZER;6;6.09.1956;2;4
IBNIYAMIN;6;22.09.1951;6;0
SUHEYIP;6;2.12.1964;6;0
HAYRETI;6;12.07.1953;1;5
CERHE;6;6.11.1965;6;0
RIZKIYET;6;24.07.1971;0;6
ZEYNALABDIN;6;12.09.1961;6;0
SAHIDAN;6;8.01.1955;0;6
EDIHA;6;13.12.1971;0;6
IRANHAN;6;15.11.1973;0;6
BOTI;6;25.04.1961;6;0
ZULEYA;6;13.06.1972;0;6
UZNUR;6;24.10.1980;0;6
TELLIZAR;6;28.11.1969;0;6
MENSURYE;6;2.03.1976;0;6
VEDULLAH;6;1.06.1966;6;0
CICO;6;9.09.1947;6;0
SURECETTIN;6;15.06.1977;6;0
VEHIBA;6;2.05.1954;0;6
GULKEZ;6;28.02.1951;0;6
FERISTEH;6;26.12.1959;0;6
YARDAGUL;6;28.06.1973;0;6
ADULHAN;6;20.12.1966;0;6
UMRETTIN;6;28.07.1981;6;0
M.NESIM;6;4.10.1957;6;0
HARIPHAN;6;17.03.1959;5;1
SOVEYLA;6;27.10.1969;0;6
EVLO;6;11.08.1965;6;0
MAKULIYE;6;8.01.1973;0;6
MAHABBET;6;30.10.1946;1;5
GERDANI;6;29.11.1971;0;6
MAHPUSE;6;27.11.1971;0;6
OTUGEN;6;30.09.1979;4;2
SIGBETULLAH;6;23.02.1983;6;0
ZEYCIHAN;6;14.10.1972;0;6
HEVZULLAH;6;29.06.1979;6;0
TEBIRZE;6;14.11.1965;0;6
ZIMZIMA;6;24.01.1966;0;6
EHDUNUR;6;22.10.1969;6;0
GULLUSOR;6;11.11.1972;0;6
ZILKUF;6;4.09.1982;6;0
MAFIRUZ;6;3.10.1961;0;6
TAME;6;6.05.1968;2;4
SAHYEDIN;6;5.04.1968;6;0
MAHAMMED;6;3.11.1987;6;0
FAYNUR;6;14.10.1974;0;6
ZAZAN;6;24.01.1945;0;6
KODRET;6;30.03.1948;0;6
TETERHAN;6;5.06.1972;6;0
MARISE;6;18.01.1954;0;6
MEKIA;6;3.05.1975;0;6
GURGEZ;6;19.02.1961;1;5
CITIM;6;25.04.1975;0;6
HAMZULLAH;6;9.09.1976;6;0
MUHTEBAR;6;21.06.1975;0;6
KEMERUH;6;1.02.1955;0;6
FERZANDER;6;2.08.1968;6;0
CANATAY;6;27.02.1976;5;1
EYLAS;6;1.01.1972;6;0
ALIERCAN;6;8.08.1975;6;0
HANTEYMUR;6;15.07.1960;6;0
GOREL;6;12.01.1968;3;3
ALLAADDIN;6;1.05.1973;6;0
SEYRANGUL;6;20.12.1967;1;5
VEHILE;6;9.02.1968;0;6
ISRAK;6;20.10.1977;4;2
MINIK;6;25.05.1963;2;4
SUFIDE;6;15.09.1955;0;6
HAMADIN;6;1.06.1967;6;0
KATIB;6;14.12.1966;6;0
SERIFI;6;2.07.1941;1;5
SORA;6;27.01.1944;1;5
MUSEN;6;24.01.1967;0;6
RIKYETE;6;27.08.1970;0;6
HADIRA;6;7.07.1959;0;6
MARUFET;6;12.02.1975;0;6
SEYAHET;6;13.06.1963;0;6
SEREFAT;6;23.01.1971;6;0
SULHEDIN;6;12.10.1951;6;0
MAHAREM;6;10.06.1970;6;0
KUBETTIN;6;23.06.1973;6;0
NISMIYA;6;13.04.1965;0;6
DEGILE;6;11.04.1972;0;6
GULEMSAL;6;11.10.1957;0;6
A.MECIT;6;19.12.1955;6;0
SINIZAR;6;16.11.1942;0;6
AKIZET;6;8.08.1971;0;6
TURUNCU;6;6.01.1968;1;5
HENIF;6;2.01.1949;0;6
NECIBAN;6;27.11.1963;0;6
KESVER;6;25.09.1964;0;6
UNUS;6;11.03.1972;4;2
EBUHAN;6;12.10.1979;4;2
KULILIK;6;2.09.1966;0;6
SADETE;6;3.04.1963;0;6
SEFDIN;6;19.01.1966;6;0
MUDRET;6;10.10.1967;1;5
KAYASETTIN;6;10.11.1964;6;0
BEHIYECAN;6;23.09.1979;0;6
USEME;6;13.08.1973;5;1
BARZANI;6;10.08.1983;6;0
PARVIN;6;4.06.1965;0;6
TEYYIBET;6;7.06.1970;0;6
HATON;6;7.08.1956;0;6
FEDRULLAH;6;12.02.1977;6;0
MUSAVVET;6;28.01.1978;0;6
NURKEMAL;6;20.11.1963;6;0
MUSEMA;6;10.11.1978;0;6
SEREK;6;1.01.1977;6;0
NEJDER;6;28.04.1965;5;1
MAHZUM;6;23.03.1968;6;0
KIYAMET;6;3.10.1964;0;6
NEVGIHAN;6;4.01.1982;0;6
TELHE;6;19.04.1954;5;1
ARIFAT;6;14.01.1965;5;1
BABOS;6;9.01.1955;6;0
GULREHAN;6;10.11.1957;0;6
NEHILA;6;11.10.1976;0;6
SELIVET;6;12.10.1969;2;4
RUMUZE;6;27.02.1952;0;6
ABDULGAHHAR;6;3.05.1978;6;0
RAFIME;6;14.08.1962;0;6
DOLMAZ;6;30.10.1970;6;0
TAHARHAN;6;6.12.1973;6;0
EBUZIT;6;17.02.1948;6;0
BESRAN;6;22.01.1960;0;6
EZRAFIL;6;2.10.1974;6;0
HACERAN;6;8.05.1980;0;6
ROSHAT;6;27.04.1984;2;4
BEDIKA;6;28.05.1951;0;6
M.NAFI;6;10.07.1947;6;0
SALAR;6;10.09.1963;6;0
ASKINNUR;6;18.09.1988;0;6
ABDURRAGIP;6;14.04.1985;6;0
NURETTTIN;6;18.04.1973;6;0
MAHMIRE;6;23.04.1958;0;6
SEHZENAN;6;15.10.1958;0;6
SONIYE;6;3.01.1981;0;6
BESRAYIL;6;9.08.1961;0;6
FAHIMET;6;9.04.1956;0;6
ABDURAKIP;6;8.11.1978;6;0
GULKEREM;6;30.06.1967;0;6
FETTULAH;6;9.03.1977;6;0
HANIMCA;6;4.02.1953;0;6
HAMIN;6;20.02.1974;1;5
SHIRIN;6;24.11.1977;0;6
NAZIZE;6;30.09.1959;0;6
GULHAYRAN;6;28.07.1955;0;6
NUSFIYE;6;6.07.1969;0;6
A.RAHMAN;6;24.04.1954;6;0
M.NECIP;6;21.07.1953;6;0
FERUL;6;8.04.1952;5;1
YILMAS;6;27.06.1970;6;0
MEDIFE;6;22.02.1952;0;6
SEFAHIYE;6;29.2.1965;0;6
FATIMATI;6;18.05.1967;0;6
SERUN;6;22.04.1966;1;5
NIHIR;6;14.05.1974;0;6
TEVEKKELI;6;12.09.1961;6;0
HURKUS;6;8.07.1959;0;6
ERKINAZ;6;29.03.1965;0;6
TERLEN;6;20.07.1967;0;6
MEFULE;6;26.04.1981;0;6
NIZAT;6;4.06.1954;3;3
NESIRA;6;26.09.1970;0;6
CEMILHAN;6;3.11.1976;5;1
NURENDAM;6;28.12.1972;0;6
TURKDOGAN;6;15.09.1960;6;0
CUFER;6;1.04.1949;1;5
NAGIYEN;6;16.04.1971;0;6
SALYA;6;11.03.1957;0;6
SEVGE;6;26.10.1973;0;6
MUHSEL;6;21.08.1966;6;0
FERIDEN;6;5.05.1963;1;5
MEVKI;6;30.05.1952;5;1
SIYADE;6;22.03.1957;0;6
MULGUN;6;27.09.1969;0;6
ERDU;6;5.02.1967;4;2
SATKIYE;6;27.02.1956;0;6
SOYLIYE;6;27.12.1970;0;6
MUKATIS;6;26.02.1961;0;6
OZKUR;6;6.01.1970;4;2
ZAYIBE;6;22.11.1957;0;6
UMIS;6;21.04.1957;0;6
YEKTAR;6;22.08.1959;5;1
SELIMEN;6;20.08.1961;0;6
SAHIRAN;6;15.07.1968;1;5
SERASER;6;9.09.1971;0;6
ACIKGOZ;6;28.02.1948;6;0
AKKOC;6;19.10.1943;6;0
LATAFAT;6;5.06.1966;0;6
NIDAG;6;30.08.1984;2;4
KILMEN;6;7.07.1961;0;6
VEDDAT;6;10.10.1971;6;0
PEVRIZ;6;27.03.1969;3;3
FANTAZI;6;8.03.1971;0;6
SELBAHAN;6;10.04.1972;0;6
ISFANDIYAR;6;21.11.1965;6;0
ATASER;6;12.10.1971;6;0
BIRFEN;6;24.03.1962;0;6
ERUS;6;23.01.1975;2;4
FADIMEHANIM;6;19.01.1966;0;6
CENANIYE;6;11.10.1946;0;6
MEHLIYE;6;17.01.1962;0;6
ZEVLI;6;29.10.1961;0;6
MEHRIYA;6;25.04.1967;0;6
KAY;6;25.04.1978;3;3
CILSEM;6;1.10.1979;0;6
NILDE;6;17.04.1982;0;6
VERKA;6;2.08.1946;1;5
NURAAT;6;5.07.1958;0;6
EMMIYE;6;11.08.1959;0;6
NAKIL;6;17.05.1953;6;0
HIFZURRAHMAN;6;24.03.1958;6;0
SARIYETE;6;28.05.1964;0;6
NURCETIN;6;2.11.1950;6;0
KABIRA;6;1.02.1957;0;6
EDEBIYA;6;23.01.1971;0;6
CEZAYIL;6;22.07.1960;6;0
REMLETE;6;29.01.1972;0;6
MUZDEN;6;4.02.1961;0;6
FIDEYIL;6;23.01.1974;6;0
EYNAL;6;20.05.1958;3;3
SITIHAN;6;19.07.1963;0;6
REVSET;6;28.05.1968;1;5
GUZUM;6;23.08.1963;0;6
GOLUN;6;30.11.1967;3;3
ZERIA;6;6.11.1949;0;6
SULFUNAZ;6;18.05.1963;0;6
MEMMUNIYE;6;7.04.1981;0;6
NAZDI;6;26.03.1949;0;6
HASBIN;6;20.12.1975;6;0
NECALIYE;6;18.12.1958;0;6
NURPEN;6;21.05.1964;0;6
KESIN;6;27.10.1969;5;1
GUNE;6;8.06.1967;1;5
HASBUKE;6;4.08.1956;0;6
NUREDA;6;2.05.1980;0;6
VAYDA;6;12.08.1957;0;6
TURKSEVEN;6;29.05.1964;6;0
FEYAN;6;15.10.1964;0;6
FELIME;6;25.06.1969;0;6
CAYLAN;6;14.01.1977;1;5
IMANI;6;7.06.1948;0;6
ISMEGUL;6;30.05.1973;0;6
CEYLANE;6;19.03.1956;0;6
MUKEREME;6;6.10.1965;0;6
BELGIZA;6;6.07.1958;0;6
FICRIYE;6;6.04.1957;0;6
GULSENIM;6;29.2.1967;0;6
SEBAYDIN;6;18.06.1961;6;0
SAHRIBEN;6;6.05.1967;0;6
ACIME;6;8.07.1957;0;6
TAGATTIN;6;20.05.1952;6;0
CEVIRE;6;16.03.1953;0;6
URCUN;6;4.03.1977;4;2
NEVLA;6;14.05.1974;0;6
AMENTI;6;4.10.1948;0;6
GUNSAY;6;23.03.1963;6;0
SULMIYE;6;29.08.1964;0;6
MURTUZA;6;6.07.1972;6;0
CENDEL;6;15.05.1982;6;0
SAIKE;6;22.03.1949;0;6
AVKAN;6;5.11.1968;6;0
SEYRIBAN;6;17.03.1960;0;6
NURAYIL;6;29.02.1972;4;2
SELCOK;6;25.10.1964;6;0
AKTUL;6;17.10.1962;0;6
KUMRUSAH;6;6.06.1971;3;3
MIHRIYA;6;6.09.1968;0;6
DERYAHAN;6;12.09.1971;0;6
NAGIME;6;28.02.1961;0;6
UNSAY;6;19.03.1971;2;4
SABIS;6;16.08.1954;3;3
NEAL;6;30.01.1970;1;5
YUNIZ;6;30.05.1968;6;0
MEVLI;6;23.04.1970;1;5
MURCIYE;6;5.02.1960;0;6
GULEYIN;6;9.03.1945;0;6
BEDULCEMAL;6;21.03.1954;0;6
REMZIGUL;6;24.01.1965;0;6
HUKUK;6;22.06.1978;4;2
NEZZAT;6;28.01.1962;5;1
SAHAFET;6;15.04.1955;1;5
MUAVVIZ;6;26.02.1985;6;0
SEZE;6;16.11.1972;1;5
GURSAY;6;28.09.1975;5;1
TINAS;6;1.06.1952;5;1
CUMEN;6;26.05.1958;0;6
SAKAR;6;13.03.1951;3;3
NURKADEM;6;6.11.1968;2;4
RACAN;6;23.04.1976;0;6
ELFUDE;6;19.06.1959;0;6
MEMNURE;6;3.08.1965;0;6
NERDA;6;22.05.1975;0;6
MECBURYE;6;11.09.1960;0;6
NURAYIN;6;9.11.1963;3;3
GULCENAN;6;8.10.1955;0;6
GULZOHRE;6;10.12.1970;0;6
HIJA;6;16.03.1976;0;6
RECAYIP;6;7.08.1968;5;1
MEFADIYE;6;26.05.1947;0;6
ESVENDIYAR;6;7.03.1957;6;0
NAIKE;6;17.05.1956;0;6
MUVEYDA;6;1.03.1972;0;6
ZIHRI;6;22.02.1961;2;4
GOYGUN;6;30.12.1973;0;6
LEYSE;6;30.05.1959;1;5
KHURAMAN;6;5.02.1969;0;6
METUN;6;9.10.1965;5;1
SEHSANE;6;4.06.1958;0;6
BURTEN;6;14.09.1956;0;6
RUYZE;6;3.06.1958;0;6
YESME;6;30.03.1965;0;6
NAILAN;6;8.08.1961;0;6
MUYESSEL;6;28.12.1952;0;6
CIHANKIR;6;27.08.1959;6;0
VESIHE;6;12.11.1974;0;6
SIHOSMAN;6;13.08.1952;6;0
MUCUZAT;6;1.01.1964;3;3
NECIMITTIN;6;17.02.1956;6;0
ILMAY;6;14.02.1963;3;3
BUNGUL;6;21.04.1955;0;6
ALIP;6;22.03.1960;6;0
MELKA;6;12.06.1956;0;6
TEHE;6;17.03.1957;0;6
GUMULCAN;6;20.05.1953;0;6
YABAN;6;5.04.1978;5;1
M.HALIS;6;27.12.1953;6;0
NAMIYET;6;16.02.1960;0;6
SABEHAT;6;9.08.1963;0;6
MULHIYE;6;20.11.1954;0;6
NARINCAN;6;24.01.1963;0;6
SADARETTIN;6;12.10.1966;6;0
ELAMETTIN;6;28.09.1970;6;0
M.MASUK;6;5.07.1964;6;0
SAVDET;6;22.05.1971;0;6
AKUBET;6;13.11.1971;0;6
MAHBUS;6;3.05.1977;4;2
BAYIZE;6;14.10.1628;0;6
MUSLIMAN;6;28.06.1962;0;6
MAPERI;6;25.11.1973;0;6
MUSERIF;6;13.11.1974;3;3
REFIS;6;23.10.1947;2;4
MUJDEBA;6;25.01.1965;6;0
HATU;6;12.09.1927;1;5
VECIHETTIN;6;9.05.1965;6;0
ABDULHAYDAR;6;15.09.1950;6;0
ECIBE;6;17.03.1961;0;6
FEYSI;6;28.10.1973;6;0
SENYA;6;9.03.1974;1;5
KEDIFE;6;20.10.1957;0;6
GULCIGDEM;6;3.02.1983;0;6
MISLIHA;6;30.04.1981;3;3
FAILET;6;22.10.1971;0;6
LALAHAN;6;7.12.1952;0;6
BEHCED;6;16.06.1969;6;0
TEKNAS;6;21.06.1975;0;6
NAHIP;6;15.04.1959;6;0
ESKIME;6;24.01.1959;0;6
FESIYE;6;19.05.1969;0;6
BAFIYE;6;5.10.1944;0;6
HEMMI;6;18.10.1946;3;3
EMREDIN;6;16.06.1976;6;0
BELGINAR;6;11.09.1980;0;6
INHAT;6;15.04.1969;0;6
DUNYAGUZELI;6;7.02.1954;0;6
ZIVO;6;4.07.1967;0;6
FIDAIL;6;29.09.1967;6;0
SUPHAT;6;1.02.1964;0;6
ZEMZEMAN;6;1.09.1968;0;6
ESSET;6;22.07.1972;6;0
HACIRIYE;6;26.01.1959;0;6
SEHILNAZ;6;20.01.1963;0;6
SEKEN;6;26.07.1980;6;0
EGLICE;6;27.09.1971;0;6
UMRIHAN;6;12.09.1971;0;6
MUSRUHAN;6;15.08.1968;6;0
SARACEDDIN;6;14.01.1963;6;0
MENIH;6;11.06.1961;6;0
HERDEMSAH;6;24.02.1974;0;6
MERARI;6;2.02.1956;0;6
GOZLER;6;5.09.1979;2;4
SEVMA;6;22.10.1973;0;6
SUEYP;6;1.03.1962;6;0
SEKNIYE;6;23.11.1965;0;6
METER;6;30.10.1972;5;1
MERYEMI;6;18.02.1957;0;6
SURU;6;25.12.1955;5;1
GULNEVI;6;6.09.1967;0;6
NEMRUT;6;28.01.1975;4;2
MIRZEDIN;6;25.05.1975;6;0
BINEVIS;6;12.09.1962;0;6
SIYAMEDDIN;6;26.02.1958;6;0
CUNYET;6;3.06.1974;6;0
MARIDE;6;4.11.1974;0;6
IZETHAN;6;20.12.1974;6;0
RUKNEDIN;6;3.08.1983;6;0
RUJAN;6;27.11.1978;1;5
MUHRIMAN;6;12.06.1969;0;6
BILMA;6;20.02.1968;0;6
SERENAZ;6;12.12.1959;0;6
GULZIRI;6;18.01.1972;0;6
DARAN;6;23.01.1970;6;0
SUCU;6;12.04.1965;5;1
M.GARIP;6;21.09.1968;6;0
M.RAUF;6;27.05.1952;6;0
GULMIS;6;25.12.1962;0;6
KENANI;6;30.07.1972;6;0
HAVAZER;6;7.08.1953;0;6
NUGDA;6;15.12.1953;0;6
IKRAMIL;6;12.12.1971;6;0
KORSAN;6;23.11.1965;6;0
GULDOGDU;6;5.02.1968;0;6
MINEZER;6;12.03.1960;0;6
HANIDE;6;10.11.1967;0;6
GULBEG;6;5.11.1961;6;0
SIBELAY;6;23.01.1979;0;6
MEHMAYIL;6;17.05.1965;6;0
FETME;6;20.12.1950;0;6
AYTUGRUL;6;14.08.1978;6;0
MUKAFETTIN;6;19.12.1959;6;0
ELEMAN;6;25.08.1961;4;2
MUGADDEM;6;17.10.1957;1;5
INCIRAY;6;16.09.1970;0;6
ZIRIN;6;16.12.1939;0;6
RUJEN;6;4.10.1974;2;4
RAZZAK;6;17.01.1957;6;0
HANAVDEL;6;11.04.1966;6;0
HIMETULLAH;6;9.08.1978;6;0
ADILSA;6;13.12.1973;0;6
KAHHAR;6;1.12.1967;6;0
MEHRAP;6;26.08.1982;0;6
MEGRUM;6;16.01.1970;0;6
SADIDIN;6;16.03.1947;6;0
AYAD;6;28.10.1964;6;0
KELHI;6;3.01.1964;6;0
FATU;6;1.03.1954;0;6
HIZEM;6;27.04.1952;3;3
KOTIR;6;25.10.1976;0;6
HOSTI;6;4.10.1957;6;0
NURTEM;6;7.09.1970;0;6
BAYREM;6;7.05.1968;6;0
VEYSAN;6;3.08.1977;2;4
AN;6;10.09.1969;2;4
FER;6;27.09.1956;2;4
KARO;6;8.11.1944;6;0
SAGCAN;6;1.04.1985;3;3
SIHSIN;6;22.01.1961;6;0
ABDULMUTTALLIP;6;17.11.1975;6;0
NEDIFA;6;21.03.1965;0;6
HAVSIYE;6;18.09.1969;0;6
DARGIN;6;10.01.1986;5;1
SEYAD;6;19.08.1981;5;1
SUDAVE;6;12.09.1982;0;6
SANAM;6;28.01.1974;0;6
GASIA;6;14.04.1976;0;6
ZIYAHAN;6;2.12.1980;4;2
KURDISTAN;6;15.01.1974;0;6
SUDAYE;6;16.07.1977;0;6
ALAETIN;6;11.08.1969;6;0
HASAT;6;2.08.1980;3;3
UMMUANA;6;27.09.1956;0;6
GULEYZA;6;6.02.1972;0;6
RESIKE;6;28.05.1967;0;6
KEZAN;6;20.04.1968;0;6
SAHINDI;6;28.02.1971;0;6
EMMEN;6;6.03.1963;0;6
NECADTIN;6;18.12.1956;6;0
AYBAN;6;6.05.1962;1;5
UMUDUM;6;11.11.1976;5;1
UMMUKADIN;6;7.12.1964;0;6
ESDER;6;2.04.1968;5;1
RUIZA;6;10.06.1971;0;6
GULVARI;6;7.10.1948;1;5
HIKMETYAR;6;13.10.1987;6;0
MUSTAFALI;6;16.05.1956;6;0
UVEYZ;6;3.02.1974;6;0
NURYAT;6;30.11.1956;0;6
GUPRAN;6;26.06.1961;0;6
TATJANA;6;18.07.1974;0;6
RAVZANUR;6;29.08.1989;0;6
MUSATTIN;6;11.05.1973;6;0
FENUZE;6;24.04.1971;0;6
TUVBA;6;20.04.1981;0;6
GULFEDEN;6;1.02.1956;0;6
SECAATDIN;6;12.05.1956;6;0
MURACAAT;6;22.04.1953;2;4
IMIRCAN;6;17.11.1947;6;0
SECEADDIN;6;14.05.1966;6;0
ZEDEFIYE;6;12.09.1961;0;6
GUMUSPALA;6;21.11.1965;6;0
HANIMANA;6;21.06.1962;0;6
MURUVED;6;23.05.1969;1;5
GULUKIZ;6;7.12.1958;0;6
KEMANDER;6;14.11.1949;2;4
TAGETTIN;6;19.10.1964;6;0
KIZKAYIT;6;13.06.1966;0;6
BAFTALI;6;20.06.1958;0;6
SELINE;6;12.11.1977;0;6
MENDILE;6;12.04.1960;0;6
EFRUS;6;21.03.1965;1;5
TAZABEY;6;13.04.1958;6;0
BAYAT;6;7.12.1950;4;2
TANRI;6;12.06.1956;3;3
SULTANMURAT;6;20.04.1967;6;0
SULTANBEY;6;30.11.1951;6;0
BALAK;6;15.09.1959;2;4
MAYNURE;6;23.06.1963;0;6
ALIKULU;6;23.12.1957;6;0
GORI;6;25.06.1947;2;4
KAVER;6;12.10.1968;2;4
ZENEP;6;23.08.1959;0;6
FICAN;6;12.05.1968;0;6
ANSIN;6;13.07.1971;2;4
TABIL;6;8.10.1965;6;0
GULISIM;6;13.03.1961;0;6
ENGINER;6;15.02.1975;6;0
HORYA;6;9.02.1972;0;6
FERFURA;6;16.01.1960;0;6
TOPPE;6;5.07.1967;0;6
VURHAN;6;24.08.1972;6;0
MINTAC;6;6.11.1971;1;5
ERSUL;6;24.02.1977;6;0
FAYA;6;15.06.1955;1;5
TURZE;6;23.10.1955;0;6
ACIHAN;6;16.07.1956;2;4
GUNDE;6;7.10.1975;0;6
ESENTURK;6;26.12.1971;6;0
ALITAN;6;15.03.1970;6;0
NESMILE;6;18.09.1950;0;6
VEJDAT;6;21.08.1962;6;0
TEVRIS;6;29.07.1946;0;6
RAMIN;6;7.05.1983;6;0
EBULFET;6;11.12.1955;6;0
YAGDA;6;9.07.1948;0;6
FUNDAN;6;23.02.1977;0;6
ASGER;6;3.11.1958;6;0
MUJDAL;6;27.11.1971;5;1
ILTIMAZ;6;11.06.1959;0;6
HANSENEM;6;6.01.1968;0;6
MUSAHAN;6;11.01.1975;6;0
MANURE;6;8.06.1950;0;6
GULHEYRAN;6;10.01.1956;0;6
KANBERALI;6;20.03.1960;6;0
OSTURK;6;20.08.1968;6;0
MUSEMMER;6;7.11.1951;0;6
KEDIR;6;11.06.1958;6;0
ASISTAN;6;19.07.1974;6;0
SERTURK;6;11.08.1976;6;0
ZIFET;6;30.08.1957;0;6
SAKARYA;6;13.03.1949;5;1
MEVZI;6;23.11.1949;4;2
DILEHAN;6;26.03.1983;0;6
ARIGUL;6;9.07.1969;0;6
SAYIDA;6;7.05.1958;0;6
METICE;6;21.01.1964;0;6
FAZILETTIN;6;19.04.1954;6;0
RIZAALI;6;27.07.1950;6;0
GULKIYMET;6;20.02.1971;0;6
HAFID;6;22.05.1976;6;0
GULSITEM;6;6.02.1957;0;6
MURSELEN;6;30.05.1974;1;5
MULAYIME;6;4.11.1951;0;6
UNALDI;6;15.10.1967;6;0
SIFATUN;6;15.02.1983;0;6
SEVGUZAR;6;9.07.1955;0;6
MEVIYE;6;26.08.1972;0;6
GUZUT;6;20.10.1962;0;6
FERYE;6;17.03.1965;0;6
ERUZE;6;21.12.1959;0;6
GULSIBEL;6;15.05.1968;0;6
DUDUCAN;6;11.03.1965;0;6
SIRULLAH;6;22.06.1960;6;0
SUFEDA;6;29.11.1956;1;5
RUEYDE;6;27.04.1962;0;6
SAHMUR;6;12.12.1963;2;4
H.NURI;6;25.02.1953;6;0
MUHTEVER;6;15.01.1972;0;6
ERENALP;6;2.02.1987;6;0
EMETTULLAH;6;14.05.1968;1;5
VESAMET;6;29.07.1942;0;6
MIHRACA;6;15.07.1967;0;6
OZERCAN;6;20.07.1964;5;1
LISANETTIN;6;27.02.1955;6;0
SAHINDEN;6;17.04.1968;0;6
MUSABETTIN;6;2.11.1952;6;0
AYATUN;6;13.10.1965;0;6
SELIMNAZ;6;25.12.1963;0;6
TULUM;6;29.08.1964;1;5
SUBUBE;6;25.11.1957;0;6
HACIHATUN;6;8.07.1970;0;6
MUHLISER;6;25.06.1961;0;6
FETTANIYE;6;29.2.1947;0;6
CUNNET;6;3.05.1967;4;2
HUMMIYE;6;23.08.1957;0;6
ERVANIYE;6;7.04.1949;0;6
GUNSEVIM;6;23.12.1955;0;6
MUMUNET;6;14.02.1940;0;6
EVIC;6;3.06.1980;1;5
NEIDE;6;23.09.1959;0;6
NURKA;6;16.03.1946;0;6
PUNA;6;4.10.1969;0;6
TANSEVER;6;26.08.1969;2;4
AMIYET;6;19.03.1967;0;6
VELADET;6;16.12.1969;0;6
ELTER;6;29.03.1950;3;3
GEBEHAN;6;19.08.1936;0;6
MURVE;6;14.11.1962;0;6
ZINEB;6;25.05.1974;0;6
EHRAN;6;28.08.1969;6;0
ZEKIE;6;3.02.1962;0;6
BEYNANE;6;2.08.1961;0;6
SAHHAN;6;20.05.1976;4;2
GURUNAY;6;12.04.1977;2;4
AMANE;6;4.01.1957;0;6
HAYRICAN;6;30.04.1980;6;0
NARDIN;6;22.08.1953;1;5
UZUDE;6;21.06.1960;0;6
DILARAY;6;26.08.1987;0;6
BILKEYIS;6;8.01.1951;0;6
NEMDAR;6;10.12.1953;6;0
NEFIE;6;5.05.1970;0;6
BEYGUN;6;12.03.1974;3;3
AGNIESZKA;6;24.05.1976;0;6
RUYNAZ;6;27.11.1956;0;6
NARBEYAZ;6;10.08.1982;0;6
RECMIYE;6;13.05.1953;0;6
DOINITA;6;28.05.1971;0;6
YENIS;6;21.07.1976;2;4
MELER;6;13.10.1952;0;6
MAYNOR;6;2.11.1949;0;6
MANZUME;6;8.07.1958;0;6
GUNANE;6;1.04.1959;0;6
BAKIDE;6;22.09.1956;0;6
RUHETTIN;6;22.08.1949;6;0
HEMZADE;6;21.09.1948;0;6
BENNA;6;10.10.1975;1;5
NURDEMIR;6;9.10.1955;6;0
BEDINUR;6;17.01.1958;0;6
YASIT;6;27.04.1960;6;0
MUSTAF;6;27.10.1963;6;0
DODEY;6;14.05.1942;0;6
NURADDIN;6;29.06.1971;6;0
RAZO;6;30.06.1939;6;0
KIRO;6;26.11.1941;6;0
BESIY;6;27.06.1945;0;6
NEZIP;6;8.12.1962;6;0
MUNEYFE;6;18.12.1971;0;6
RASO;6;12.01.1938;6;0
NESIBIYE;6;6.12.1946;0;6
MEKSELI;6;20.08.1959;6;0
SEMEY;6;8.02.1958;0;6
HUCCEY;6;9.03.1942;0;6
TAMI;6;22.07.1958;3;3
HALIZ;6;17.02.1961;5;1
EKREMIN;6;7.06.1968;6;0
GULUBE;6;18.06.1951;0;6
SEHMEMET;6;12.02.1946;6;0
SENIYHA;6;20.06.1965;0;6
AYLIMAN;6;6.02.1978;0;6
GULSOSUN;6;28.10.1972;0;6
ABAZ;6;28.05.1968;6;0
SAYDI;6;12.09.1953;5;1
RIHAYYE;6;7.01.1962;0;6
GULFIN;6;9.10.1977;0;6
ZAUR;6;8.11.1972;6;0
BORTECIN;6;15.04.1982;6;0
KEZZIBANI;6;18.09.1956;0;6
MEHMEDIN;6;28.05.1972;6;0
ZELFA;6;2.12.1967;0;6
CADET;6;18.12.1955;1;5
SEFIR;6;11.02.1958;6;0
ZENCER;6;7.02.1958;2;4
LEYYUZE;6;17.12.1959;0;6
URTEN;6;20.06.1957;1;5
MUSDET;6;5.08.1967;5;1
NASLIYE;6;13.09.1952;0;6
NUHMAN;6;11.06.1972;6;0
TUGCU;6;5.05.1981;5;1
RUHAY;6;15.02.1969;2;4
NILVIN;6;24.02.1972;0;6
SUMEYDA;6;27.03.1983;0;6
SENDAN;6;3.04.1962;1;5
MUGEM;6;28.12.1982;0;6
MUHAMMEDIL;6;19.09.1971;6;0
MERGIM;6;7.10.1966;2;4
FANICA;6;6.06.1963;0;6
EDILHAN;6;27.10.1971;6;0
MARGERIT;6;7.02.1954;0;6
AYBERIN;6;21.09.1955;0;6
VEFAK;6;21.10.1980;0;6
ILEN;6;7.06.1969;0;6
MANULYA;6;2.11.1968;0;6
TURKBEY;6;18.01.1963;6;0
MUSARET;6;1.09.1968;0;6
SOZMEN;6;7.11.1979;6;0
ALISEFA;6;19.02.1982;6;0
SAMINA;6;19.10.1980;0;6
ULVIYYE;6;2.01.1974;0;6
SEDEFGUL;6;6.04.1977;0;6
RAZE;6;27.7.1629;0;6
IRFIYE;6;26.08.1969;0;6
NURGIHAN;6;26.04.1982;0;6
MUHBIL;6;11.04.1968;6;0
UGE;6;29.09.1961;0;6
ISLAMHAN;6;29.03.1984;6;0
DEDEAGA;6;23.03.1949;6;0
TURSIN;6;25.12.1944;1;5
NURSINA;6;22.05.1974;0;6
SANUBER;6;3.09.1945;0;6
EZMINE;6;19.04.1969;0;6
SEVKINUR;6;21.7.1635;1;5
MEVHARET;6;30.2.1961;0;6
SINAFIYE;6;3.09.1947;0;6
GUCAN;6;5.05.1977;0;6
USTUNEL;6;24.03.1965;4;2
ERLEVENT;6;15.06.1963;6;0
USDAT;6;24.02.1965;6;0
ERGONUL;6;15.03.1954;5;1
UMMUSI;6;19.08.1960;0;6
NIMETTIN;6;23.07.1965;6;0
BEHDI;6;9.05.1970;6;0
MUHECCEL;6;4.10.1960;0;6
SABEHATTIN;6;28.7.1636;6;0
FEREMUS;6;8.08.1970;6;0
MIMTAS;6;15.06.1966;6;0
MEZMURIYE;6;13.02.1956;0;6
TAYER;6;25.07.1974;6;0
NEVIBE;6;26.12.1965;0;6
MESAHAT;6;4.01.1951;0;6
NEDIHAT;6;21.04.1950;0;6
SIRIYA;6;24.11.1973;0;6
TESBIYE;6;2.08.1964;0;6
CUHERIYE;6;17.10.1955;0;6
BETTY;6;8.03.1962;0;6
M.NEVZAT;6;21.03.1957;6;0
SEMIHAGUL;6;27.12.1961;0;6
CEHID;6;4.01.1962;6;0
SEHUR;6;5.10.1946;0;6
TAHIRCAN;6;23.04.1990;6;0
BIRJU;6;18.04.1979;5;1
LIBA;6;28.12.1965;0;6
SAHINLER;6;5.07.1968;1;5
ZULKEFLI;6;17.02.1968;6;0
GULERTEN;6;2.03.1957;0;6
KAHIN;6;30.05.1966;6;0
BEHTER;6;30.04.1952;0;6
OKANDAN;6;22.07.1957;4;2
BEVRIYE;6;25.01.1961;0;6
MUHHAMMED;6;9.03.1986;6;0
GIRIZAN;6;1.01.1956;0;6
MUZERIFE;6;22.01.1973;0;6
TELLIZADE;6;26.04.1966;1;5
RAFE;6;30.01.1946;0;6
SERAPGUL;6;21.07.1978;0;6
MAHADDIN;6;19.01.1972;6;0
SEYRIN;6;30.12.1951;1;5
YETISAL;6;12.10.1955;5;1
BEDIHI;6;7.07.1952;6;0
FAILA;6;11.06.1977;0;6
BELGIZE;6;29.08.1966;0;6
FEDRI;6;20.12.1968;6;0
BAYTAZ;6;20.08.1965;6;0
EMHAN;6;24.01.1964;1;5
SERT;6;21.11.1954;6;0
ZOHREGUL;6;21.01.1967;0;6
MUKEDER;6;19.07.1964;0;6
NISER;6;9.04.1981;0;6
OKSUZ;6;22.03.1957;5;1
HILVI;6;19.08.1948;0;6
SOLAY;6;3.03.1975;1;5
NEZATTIN;6;6.05.1956;6;0
ASKINAY;6;6.01.1980;1;5
MUDAIR;6;10.10.1973;6;0
BETUGUL;6;10.09.1969;0;6
NESIMAN;6;29.01.1970;0;6
YASEMINGUL;6;23.10.1969;0;6
NEJMETIN;6;16.07.1969;6;0
FECIDE;6;14.11.1961;0;6
ZIYNUR;6;27.12.1968;2;4
EMSAN;6;25.11.1969;2;4
OANA;6;17.10.1980;0;6
TEKINALP;6;19.07.1952;6;0
AVEYS;6;13.08.1948;0;6
GUNERHAN;6;15.05.1970;5;1
MAHZURE;6;5.06.1949;1;5
GAM;6;17.04.1961;0;6
ISLAHAT;6;22.02.1964;1;5
ARBEN;6;29.05.1982;4;2
MUHATTIN;6;29.04.1946;5;1
GONDER;6;18.11.1967;6;0
FEDALET;6;18.03.1963;1;5
ERYIL;6;9.03.1979;6;0
ABTILKADIR;6;27.05.1970;6;0
KIBIRA;6;24.12.1965;0;6
ENBIS;6;16.12.1947;0;6
MURRIVET;6;24.12.1969;0;6
RAKUS;6;26.07.1948;0;6
ZEYNEPCAN;6;28.09.1989;0;6
SEDATCAN;6;18.03.1987;6;0
SATVET;6;16.10.1950;6;0
CUNETI;6;24.08.1970;0;6
KEZIMAN;6;16.05.1958;0;6
NEVAHAT;6;13.01.1971;0;6
ISME;6;10.01.1951;0;6
NETIME;6;29.09.1966;0;6
YESENYA;6;5.06.1991;0;6
SADIFER;6;4.04.1963;0;6
HALLUMA;6;8.12.1953;0;6
EZDEHAR;6;14.11.1968;0;6
NERMINAY;6;4.01.1971;0;6
NURFESAN;6;18.04.1981;0;6
SIHMUSTAFA;6;9.11.1974;6;0
SELDANE;6;23.03.1969;0;6
FEDORA;6;12.04.1971;0;6
RAZILE;6;12.08.1961;0;6
IMIRAN;6;2.11.1970;2;4
OVES;6;29.01.1951;0;6
REMUS;6;6.04.1964;6;0
BAGDAS;6;26.01.1985;6;0
SUNCAN;6;4.02.1966;1;5
BELLO;6;26.05.1955;6;0
ZUHURA;6;20.08.1954;0;6
GULCAL;6;10.06.1976;0;6
ILAHMI;6;16.07.1964;6;0
SENGULEN;6;21.08.1959;0;6
SELKIN;6;17.12.1974;0;6
FERIAT;6;7.06.1962;2;4
NERIZAN;6;14.06.1952;0;6
FEZALET;6;14.04.1961;2;4
HANNIYE;6;9.03.1967;0;6
RAIFET;6;7.06.1962;0;6
RAZIMA;6;2.05.1960;0;6
GAMSE;6;12.11.1963;0;6
BIRINDAR;6;12.01.1977;6;0
HAMAYLI;6;7.01.1958;0;6
GUNET;6;27.12.1966;1;5
HIYASEDIN;6;12.04.1961;6;0
SEHIRZAN;6;22.06.1957;0;6
SALFINAZ;6;21.03.1945;0;6
SELBA;6;7.07.1967;0;6
CEHIBE;6;18.12.1959;0;6
GIRYAN;6;18.04.1978;1;5
GEMSIYE;6;18.02.1961;0;6
GIDIR;6;10.07.1960;6;0
MESIRRET;6;16.05.1949;0;6
DIYAUDDIN;6;14.03.1976;6;0
SOLEYMAN;6;26.06.1961;6;0
UMMUSELEME;6;3.05.1985;0;6
NURNIHAN;6;27.01.1971;0;6
EBUHUREYRE;6;15.02.1985;6;0
TAIDE;6;10.12.1964;0;6
KIVAR;6;7.01.1958;0;6
OCI;6;23.10.1946;0;6
FIRYA;6;18.01.1964;0;6
TILAMIZ;6;18.07.1965;6;0
IMISEN;6;24.11.1942;0;6
HAMZAYAR;6;4.11.1969;6;0
ZAYIDIN;6;22.03.1969;6;0
NIKI;6;8.06.1949;0;6
ZERKAN;6;25.09.1975;4;2
HAYICE;6;24.11.1958;0;6
BEZIRGAN;6;16.08.1967;6;0
ABDULRAKIB;6;15.10.1984;6;0
SEMSAY;6;27.05.1967;0;6
CANU;6;3.07.1969;3;3
ORSAY;6;3.05.1974;4;2
TEZBIHA;6;14.09.1974;0;6
VEDFAN;6;4.11.1965;0;6
DILISAH;6;17.05.1971;0;6
OLVIYE;6;6.04.1957;0;6
BADILE;6;21.08.1942;0;6
GENCALP;6;11.06.1982;6;0
ALEMIDDIN;6;27.12.1965;6;0
SAHSENA;6;19.08.1970;0;6
MESEL;6;4.07.1966;1;5
MUEDDIN;6;9.01.1957;6;0
SELBER;6;12.01.1966;0;6
NURULHIDA;6;13.01.1964;0;6
NASIN;6;26.11.1966;3;3
NEYIL;6;15.06.1968;1;5
UMIDA;6;25.08.1977;0;6
BRIGITTA;6;29.10.1951;0;6
DOROTA;6;17.05.1973;0;6
SELCIVAN;6;26.10.1977;1;5
KUSSUN;6;14.12.1956;0;6
SEMSIBANU;6;24.05.1960;0;6
M.RIFAT;6;22.05.1937;6;0
SALAHI;6;11.01.1962;6;0
RUGIYYE;6;27.11.1963;0;6
BEHINUR;6;2.06.1943;0;6
JOULIA;6;22.11.1971;0;6
BUFIDE;6;1.06.1972;0;6
KUTTISI;6;1.09.1970;6;0
ZULFIGAN;6;12.02.1980;2;4
HAFSEDE;6;29.03.1961;0;6
SULBIYA;6;25.09.1964;0;6
MURSI;6;20.03.1961;6;0
SAZET;6;10.04.1957;2;4
NAZLUME;6;8.06.1956;0;6
ZERSIN;6;8.05.1975;0;6
JASMINE;6;26.08.1983;0;6
MAUREEN;6;8.11.1950;0;6
ASHIYE;6;27.09.1959;0;6
AFIDEN;6;22.09.1955;0;6
MAHSUBIYE;6;14.07.1963;0;6
SERFIN;6;3.02.1971;0;6
NECIMIYE;6;28.08.1961;0;6
VECDAT;6;25.04.1961;6;0
BARBEL;6;8.03.1950;0;6
ERTAYLAN;6;18.05.1969;6;0
HUSMIYE;6;5.12.1954;0;6
ROBERTA;6;1.11.1975;0;6
JOAN;6;17.09.1954;1;5
D.;6;24.06.1949;6;0
ATOK;6;2.05.1960;6;0
MILGUN;6;8.12.1976;0;6
DELTA;6;1.02.1977;0;6
NELYA;6;4.05.1975;0;6
MEKA;6;3.01.1965;0;6
NADIREN;6;27.04.1966;0;6
ALTINTERIM;6;4.06.1949;0;6
ERCAL;6;15.09.1967;6;0
GANIFER;6;6.01.1968;0;6
FETAN;6;18.08.1958;1;5
YUMEL;6;3.12.1961;3;3
RUZANNA;6;10.12.1967;0;6
TEZOL;6;18.10.1977;6;0
SUTTU;6;12.02.1961;0;6
SAFFEDDIN;6;26.04.1956;6;0
KOSAT;6;24.04.1975;6;0
IREFIYE;6;5.03.1955;0;6
HEATHER;6;2.06.1962;0;6
IZRAIL;6;25.04.1965;6;0
NEGIHA;6;10.12.1968;0;6
GUZEYYA;6;4.03.1979;0;6
FLORINA;6;6.01.1976;0;6
RINAT;6;8.04.1979;6;0
INARA;6;1.06.1983;0;6
VARTOHI;6;12.02.1940;0;6
NILCAY;6;12.09.1975;0;6
OZMERIC;6;17.12.1964;6;0
SEVGIYAN;6;21.10.1961;0;6
PIRUZAN;6;25.05.1957;0;6
BELTAN;6;17.01.1960;4;2
NEVISTER;6;23.10.1953;0;6
DENISA;6;11.09.1969;0;6
MAVERA;6;25.02.1983;0;6
NUHYETTIN;6;22.02.1973;6;0
KABRIYE;6;17.08.1956;0;6
AYHEN;6;27.02.1964;3;3
HACILI;6;12.03.1962;1;5
NARINSAH;6;13.06.1959;0;6
TORCA;6;23.04.1955;6;0
ZENUP;6;1.10.1955;0;6
O.FARUK;6;29.11.1956;6;0
UTBAN;6;4.02.1978;6;0
CAGRICAN;6;18.12.1989;6;0
KEFI;6;25.08.1944;0;6
REDIFIYE;6;21.09.1960;0;6
IMELDA;6;2.02.1974;0;6
NEVRAK;6;15.07.1964;6;0
KARSEL;6;11.06.1975;1;5
CENKUT;6;7.08.1972;6;0
HEIKE;6;17.08.1961;0;6
GOKBAY;6;11.05.1979;6;0
DIDA;6;30.11.1961;0;6
ESINC;6;21.12.1978;1;5
IWONA;6;1.07.1971;0;6
SERBAR;6;14.12.1981;2;4
AYSILA;6;16.06.1981;0;6
ALEVTINA;6;15.03.1975;0;6
M.AZIZ;6;18.10.1965;6;0
BIRCEN;6;27.04.1972;0;6
ADLIHAN;6;27.09.1963;4;2
MIHRUNNISA;6;30.9.1620;0;6
SUVELLA;6;22.12.1976;0;6
ESATULLAH;6;19.11.1966;6;0
AZIL;6;10.02.1965;6;0
ROKEN;6;24.12.1984;0;6
MESSUDIYE;6;14.04.1956;0;6
YAVUS;6;11.08.1976;6;0
KANIMA;6;11.01.1958;0;6
EMAY;6;11.10.1979;1;5
SEFAYNUR;6;23.07.1978;0;6
DEYAP;6;12.11.1975;6;0
FAHREDTIN;6;12.06.1960;6;0
FURKANI;6;18.02.1940;6;0
AXENIA;6;29.09.1975;0;6
SEVRIN;6;15.12.1964;1;5
CEVVALE;6;15.05.1947;0;6
SATDIYE;6;21.03.1969;0;6
TEFILE;6;12.10.1965;0;6
CAROLYN;6;1.05.1962;0;6
FERYADIL;6;21.01.1959;5;1
NAKSIBENDI;6;28.08.1970;6;0
SECAHETTIN;6;21.06.1956;6;0
RUSLANA;6;4.03.1977;0;6
ZOIA;6;7.03.1968;0;6
NUHSAN;6;27.10.1967;5;1
LADA;6;8.03.1973;0;6
PILATIN;6;22.06.1961;2;4
TANCER;6;29.09.1970;5;1
TINATIN;6;14.01.1970;0;6
REYAL;6;13.05.1972;0;6
HURGAZI;6;7.09.1979;6;0
TASMEHMET;6;6.10.1961;6;0
MANZURA;6;15.06.1969;0;6
PRENS;6;29.10.1975;4;2
MUTDALIP;6;11.02.1964;6;0
GENOVEVA;6;6.09.1968;0;6
DIRENCAN;6;8.08.1991;4;2
ARMANAK;6;25.12.1946;6;0
MEFANET;6;2.01.1966;1;5
FAIKCAN;6;28.10.1980;6;0
SEBIHATTIN;6;29.11.1957;5;1
BEDRIS;6;6.11.1948;0;6
VERANI;6;6.12.1971;6;0
AYBUKEM;6;8.04.1980;0;6
ARZEM;6;8.09.1980;2;4
FILLIYE;6;2.08.1964;0;6
MEHDICAN;6;4.11.1982;5;1
EYMUR;6;7.10.1952;5;1
KANDAHAR;6;19.02.1961;0;6
VASSAF;6;21.01.1955;6;0
BULKAN;6;2.01.1969;5;1
CIHADI;6;24.06.1962;6;0
BALCAN;6;22.02.1976;0;6
MEZANE;6;27.04.1964;0;6
BERNEV;6;11.03.1973;0;6
BULBEN;6;16.06.1963;0;6
SAHARA;6;23.09.1983;0;6
MUHUBER;6;26.08.1965;0;6
ZEMIRA;6;25.10.1973;0;6
HAYIT;6;10.05.1949;5;1
AYSAD;6;3.09.1986;4;2
DEDEHAN;6;27.05.1973;6;0
M.FAIK;6;13.04.1957;6;0
RAFER;6;12.01.1958;5;1
DUDUHANIM;6;4.03.1962;0;6
COSGUL;6;19.11.1965;2;4
GULHILAL;6;4.10.1980;0;6
SELSEBIL;6;11.08.1974;0;6
SEKIF;6;6.12.1970;6;0
LALECAN;6;7.11.1978;0;6
GULBASAK;6;23.02.1979;0;6
HANUMSE;6;13.06.1962;0;6
ZULFISAH;6;10.03.1950;0;6
ISBARA;6;2.02.1968;6;0
SEHNIYE;6;27.03.1959;0;6
MUVETCEL;6;28.02.1954;0;6
SARIM;6;8.04.1967;6;0
MUTEZEM;6;23.12.1968;0;6
GONC;6;25.11.1978;6;0
ARBAK;6;14.11.1953;6;0
SANDIM;6;27.06.1973;0;6
AYISIK;6;10.02.1968;1;5
MIOARA;6;8.05.1968;0;6
DILBENT;6;12.02.1967;0;6
SEBIS;6;26.09.1945;0;6
KUBAN;6;11.11.1984;6;0
MENDRES;6;18.09.1974;6;0
MISKE;6;12.08.1952;0;6
OZDAR;6;23.07.1967;5;1
MEYZINE;6;23.04.1952;0;6
RUKSEL;6;27.01.1956;0;6
M.METIN;6;9.11.1956;6;0
MEDDET;6;13.10.1979;3;3
LEVUZE;6;8.12.1965;0;6
SEVGUNAZ;6;7.09.1962;0;6
CIDAM;6;16.01.1976;0;6
MUNUZ;6;18.11.1955;1;5
MUFERRIYE;6;6.05.1946;0;6
KIMETA;6;18.02.1960;0;6
MUKADDIZ;6;30.11.1955;0;6
VILDEN;6;22.10.1967;0;6
SENIFE;6;20.10.1949;0;6
OMURZADE;6;30.06.1966;0;6
EMIDE;6;14.03.1950;0;6
SEMLA;6;12.03.1971;0;6
ESADE;6;6.04.1956;0;6
NARIE;6;7.12.1978;0;6
GUTEN;6;18.10.1976;0;6
ZULFIDAR;6;23.12.1954;0;6
EDEL;6;8.01.1962;0;6
EYLE;6;17.05.1948;0;6
MUHAYBIR;6;4.08.1958;6;0
SELINDA;6;25.08.1979;0;6
VICTORITA;6;5.10.1973;0;6
TAPO;6;1.01.1958;6;0
ATILAH;6;22.07.1967;6;0
ATALLAH;6;26.02.1963;6;0
SAMSUN;6;21.01.1961;6;0
ERDUAN;6;25.09.1957;6;0
EBUSEYIF;5;2.11.1961;5;0
SUFULE;5;1.08.1956;0;5
MESLAHA;5;4.10.1971;0;5
MAYRANI;5;22.11.1936;0;5
SADRIE;5;28.06.1960;0;5
DAKI;5;5.11.1943;0;5
NEVREN;5;12.07.1976;0;5
MINUFE;5;21.08.1958;0;5
VECIHIYE;5;3.02.1957;0;5
MUSUGA;5;23.10.1956;0;5
GOLLUZAR;5;1.04.1959;0;5
YASEMINE;5;22.07.1975;0;5
MUTALIB;5;27.05.1983;5;0
MAHIPIRUZ;5;29.2.1953;0;5
MEHRISAH;5;7.02.1957;0;5
MABUP;5;28.03.1952;0;5
DOGE;5;15.06.1959;0;5
SEMASI;5;25.07.1948;4;1
ILHADE;5;6.03.1963;0;5
SELIYHA;5;19.04.1970;0;5
ALIDURAN;5;16.07.1954;5;0
SEBRU;5;14.05.1979;0;5
HIDAI;5;7.01.1963;3;2
MAHPARA;5;26.09.1954;0;5
ALEVNUR;5;14.07.1974;0;5
GOKCENAZ;5;23.09.1989;0;5
MAYSERE;5;24.04.1959;0;5
SUHANDA;5;30.04.1971;0;5
GULTUNAY;5;11.07.1970;0;5
NISHAN;5;27.01.1975;1;4
NADIREYE;5;14.07.1952;0;5
SULFIKAR;5;24.11.1966;3;2
NEZIBAN;5;8.12.1959;0;5
REMIZYE;5;25.02.1988;0;5
RAMAZANI;5;28.01.1965;4;1
MAYREY;5;14.06.1935;0;5
NEVAR;5;21.04.1956;1;4
BESSIY;5;13.02.1941;0;5
USLAN;5;12.03.1969;4;1
HUREY;5;10.04.1944;0;5
MAKBERE;5;5.07.1962;0;5
GURSELAN;5;26.01.1973;0;5
MEDEHAT;5;27.03.1962;0;5
OZTUN;5;2.06.1982;5;0
AYLENUR;5;11.05.1975;0;5
CEYRULLAH;5;5.09.1965;5;0
IKINCI;5;30.11.1966;4;1
ZAYID;5;3.02.1976;5;0
AYSECIN;5;27.02.1965;0;5
CAKA;5;7.07.1965;5;0
MUNHAL;5;25.12.1968;2;3
NERDAL;5;9.07.1971;3;2
EMEKCI;5;11.02.1983;5;0
CUSKUN;5;5.12.1972;5;0
ABDULNECIP;5;29.4.1573;5;0
EDAHAN;5;21.05.1986;0;5
ESATTIN;5;24.03.1969;5;0
NERMUNE;5;26.06.1970;0;5
GEFURE;5;15.09.1958;0;5
SIRIZAN;5;13.07.1957;4;1
MEHMETGUL;5;24.12.1960;5;0
FURUZHAN;5;26.05.1962;0;5
UNEYSE;5;21.09.1982;0;5
GURTUG;5;11.01.1982;5;0
SAVE;5;20.12.1954;0;5
BERNAGUL;5;15.02.1982;0;5
BAYLA;5;30.2.1965;0;5
LEMINE;5;30.06.1958;0;5
KORALTAY;5;11.03.1970;5;0
MENIBE;5;11.01.1965;0;5
MIRACHAN;5;19.10.1989;5;0
HUKMEN;5;23.11.1965;5;0
KADEME;5;23.06.1955;0;5
DEVKAN;5;23.12.1980;5;0
GUSE;5;14.02.1947;0;5
ZEBIYDE;5;29.01.1964;0;5
GUZELCAN;5;10.07.1977;0;5
NADRET;5;26.09.1961;0;5
REVZATE;5;30.06.1978;0;5
MAHPERIZ;5;6.07.1968;0;5
ALIZIYA;5;26.02.1954;5;0
ABDULMAHMUT;5;13.01.1966;5;0
TEMIHA;5;18.07.1961;0;5
NEMIKAN;5;6.11.1966;0;5
ULVEN;5;3.05.1960;3;2
GULIFTAR;5;2.09.1970;0;5
HAYDA;5;4.11.1966;0;5
REZI;5;6.10.1972;1;4
FETTIH;5;15.09.1967;5;0
SEYHOSMAN;5;10.03.1953;5;0
MURYET;5;5.12.1962;1;4
ROHI;5;29.08.1973;3;2
GEZMINUR;5;27.01.1962;0;5
NEZMIN;5;28.07.1967;3;2
MEHMEDDIN;5;27.06.1957;5;0
STER;5;9.06.1985;0;5
BIHAR;5;1.12.1970;1;4
SEDRETE;5;7.08.1984;0;5
AYNUSA;5;26.02.1973;0;5
SIDRETE;5;9.09.1974;0;5
HADDO;5;7.07.1937;3;2
FARZE;5;11.08.1963;0;5
MIKELSUM;5;11.01.1983;0;5
MURSEDE;5;7.09.1963;0;5
ZUBEYRAN;5;3.01.1962;0;5
CEYDE;5;6.09.1981;0;5
BIRI;5;15.11.1938;3;2
YUSNA;5;12.04.1972;0;5
MAHMUBE;5;30.09.1958;0;5
OZLUFE;5;19.01.1980;0;5
SELEH;5;11.01.1977;5;0
ABDULMEHMET;5;21.03.1979;5;0
ABUDIN;5;18.07.1977;5;0
SELO;5;28.10.1951;1;4
MENCIK;5;7.08.1943;0;5
MAHRUFA;5;22.01.1975;0;5
HANSIYE;5;10.01.1977;0;5
BIRICE;5;6.04.1975;0;5
UVEYSE;5;15.08.1944;0;5
EMYET;5;8.03.1984;1;4
KINNO;5;27.08.1937;5;0
EHLIYET;5;7.05.1966;0;5
HUMRISAH;5;9.08.1961;0;5
ISLAME;5;25.11.1981;0;5
HANZA;5;15.09.1965;0;5
GERMUS;5;4.08.1973;0;5
MELLE;5;13.09.1965;5;0
HEVLET;5;19.01.1969;0;5
KIMETI;5;18.09.1968;0;5
HITI;5;13.06.1941;0;5
FUKRIYE;5;9.11.1954;0;5
HINA;5;16.06.1962;0;5
SALLAHATTIN;5;24.01.1953;5;0
M.MIHDI;5;30.12.1961;5;0
CEMHOR;5;22.10.1955;5;0
NISFANE;5;18.02.1963;0;5
ARUNA;5;9.06.1953;0;5
HUTTI;5;12.07.1939;1;4
ERIYE;5;12.12.1955;0;5
NUZRET;5;30.04.1958;4;1
KIVAN;5;13.03.1976;2;3
ZEPNEP;5;26.08.1982;0;5
SIMANSA;5;1.04.1968;0;5
MAHRIBAN;5;21.12.1973;0;5
HIBRIYE;5;2.10.1961;0;5
SEVDED;5;11.08.1975;0;5
MANDUH;5;25.04.1964;5;0
EMINO;5;1.04.1945;4;1
REKKIYE;5;17.08.1964;0;5
FAHIMA;5;18.04.1954;0;5
KESRIN;5;19.02.1966;0;5
HILIS;5;27.09.1954;0;5
FASULA;5;17.10.1952;0;5
MUHABBAT;5;15.01.1976;2;3
HAFSU;5;24.04.1937;0;5
MUCIBIRRAHMAN;5;17.05.1974;5;0
DERVIN;5;10.06.1979;1;4
HATTO;5;10.02.1939;5;0
TEVFO;5;17.04.1954;5;0
FARZIMELEK;5;25.06.1964;0;5
FERHUZAT;5;12.06.1952;5;0
SIRVEN;5;6.03.1974;0;5
NEZBETE;5;13.09.1979;0;5
HAKKO;5;24.12.1938;3;2
FADAYI;5;29.09.1963;5;0
BEJNA;5;25.04.1987;0;5
ZENA;5;10.08.1968;0;5
ABDA;5;5.10.1947;0;5
VASIA;5;28.06.1974;0;5
ABDULETIF;5;29.04.1965;5;0
TIRKE;5;9.11.1952;0;5
HIZNIGUL;5;23.05.1974;0;5
M.MUHSIN;5;5.01.1952;5;0
KADIRO;5;23.08.1940;5;0
MUKADDAS;5;11.02.1979;0;5
SEFIHE;5;3.08.1966;0;5
HAZIKA;5;1.02.1956;0;5
FEDRETTIN;5;9.08.1985;5;0
BEYBUNE;5;20.07.1969;0;5
KEMLIYE;5;20.08.1969;0;5
HEZARI;5;29.07.1950;0;5
REMSE;5;16.07.1955;0;5
SIMMO;5;16.11.1933;5;0
FEREDDIN;5;11.07.1976;5;0
PIRIZAT;5;7.02.1963;0;5
GAZYA;5;15.03.1976;0;5
ISHEYYE;5;12.05.1964;0;5
ABDULCAHIT;5;19.02.1966;5;0
HAYYO;5;1.12.1934;5;0
RUBEYA;5;5.02.1971;0;5
EJDE;5;23.07.1973;0;5
HINT;5;4.03.1980;0;5
TAILE;5;17.04.1972;0;5
DIBAN;5;5.12.1978;2;3
MUSO;5;1.10.1959;5;0
AYISI;5;25.09.1933;0;5
ZERGO;5;13.09.1959;0;5
MEKO;5;3.10.1960;1;4
BASNA;5;19.08.1969;0;5
MITO;5;19.07.1949;2;3
TURA;5;2.07.1956;2;3
MAASALLAH;5;14.02.1980;4;1
ITTI;5;15.01.1945;0;5
HASSA;5;18.02.1935;0;5
KUCERI;5;26.03.1955;0;5
BINAYET;5;22.02.1964;3;2
AVIN;5;15.01.1971;3;2
MUNEZZE;5;25.04.1968;0;5
ERISE;5;1.01.1966;0;5
FAYDULLAH;5;21.01.1985;5;0
TEREZI;5;12.04.1959;0;5
SUFEYRA;5;20.03.1968;0;5
RUSVAN;5;28.05.1968;2;3
RAKIBA;5;8.02.1958;0;5
CEMSID;5;24.08.1984;5;0
NEJVA;5;24.02.1982;0;5
GULNIL;5;19.04.1969;0;5
ANBARE;5;11.06.1962;0;5
GENCAN;5;11.09.1969;5;0
NAMZER;5;10.11.1952;0;5
NEZRE;5;6.02.1946;0;5
HAZRE;5;15.05.1949;0;5
MUSTAGFIRE;5;21.03.1953;0;5
NAYHAN;5;4.01.1964;0;5
MEMOS;5;12.09.1983;5;0
ZINETTIN;5;2.10.1960;5;0
UCHAN;5;17.05.1953;1;4
MEHICE;5;14.03.1970;0;5
MUHELHEL;5;29.12.1963;0;5
DAHUD;5;18.08.1949;5;0
MIHDIYA;5;5.11.1968;0;5
AFRAH;5;4.05.1983;0;5
M.ILHAN;5;10.11.1945;5;0
IBTISEM;5;17.12.1976;0;5
DIHHAM;5;13.05.1961;5;0
SEVIDA;5;18.09.1967;0;5
MUHANMED;5;22.06.1980;5;0
RAKAN;5;2.01.1981;5;0
ZIBI;5;30.07.1943;0;5
BEKRA;5;13.08.1962;0;5
YEZI;5;27.07.1975;0;5
HACCIYE;5;26.12.1961;0;5
KUBARI;5;11.03.1964;0;5
SEHIRA;5;21.07.1970;0;5
ZIHAP;5;18.08.1973;5;0
SILHO;5;12.07.1965;3;2
CIZRE;5;25.06.1959;0;5
EYLAN;5;28.03.1976;1;4
FEYZENUR;5;14.04.1984;0;5
REMZIYYE;5;1.03.1974;0;5
CEVHARA;5;1.01.1962;0;5
ADLO;5;21.05.1943;0;5
ILVA;5;6.07.1967;1;4
KAZALI;5;14.01.1950;1;4
SIRE;5;28.07.1942;1;4
NUCUD;5;2.12.1966;0;5
MUNIFA;5;8.09.1958;0;5
YEKTEN;5;24.01.1977;3;2
HOGUR;5;18.01.1991;5;0
HISRO;5;10.03.1945;1;4
SEVKO;5;6.12.1957;0;5
MEKRIME;5;11.04.1955;0;5
SADAF;5;12.05.1964;0;5
ABULE;5;27.04.1969;0;5
NEDURE;5;5.06.1977;0;5
HOSNU;5;7.07.1962;5;0
HAZAT;5;26.02.1981;3;2
GOLUSTAN;5;14.07.1946;0;5
EMOSE;5;7.01.1945;0;5
RAHANI;5;4.03.1954;0;5
MEHICAN;5;20.08.1970;2;3
AFITA;5;4.11.1971;0;5
HEVRIZE;5;24.01.1969;0;5
VASIB;5;21.11.1976;5;0
EBUZEYID;5;29.12.1955;5;0
SUBGETULLAH;5;13.02.1980;5;0
NAFII;5;26.09.1966;5;0
RAFAI;5;8.04.1963;5;0
ABDULRREZAK;5;15.11.1967;5;0
MUZBUH;5;24.11.1983;5;0
DAVAS;5;22.01.1952;5;0
MUZIRE;5;19.11.1962;0;5
NEBET;5;9.06.1981;0;5
SAO;5;23.05.1941;5;0
NEZHEDDIN;5;23.06.1973;5;0
GULPAR;5;12.12.1976;0;5
HANADI;5;11.02.1974;0;5
TEMBIYE;5;10.08.1976;0;5
HAMURABI;5;20.02.1975;5;0
ACUZE;5;8.11.1937;0;5
MULUKE;5;5.02.1977;0;5
MEHCIT;5;3.05.1960;5;0
RISMI;5;21.06.1977;4;1
SURKIYE;5;7.09.1962;0;5
REHIS;5;9.08.1972;3;2
MARYAN;5;30.08.1964;0;5
BEYLETA;5;16.09.1979;0;5
DIMET;5;5.12.1976;4;1
YUZLEM;5;29.06.1981;0;5
FEBRO;5;17.05.1960;0;5
MARCUS;5;14.11.1975;5;0
KARLIGAS;5;15.07.1978;0;5
NURBA;5;12.11.1982;0;5
EPRIYE;5;12.08.1979;0;5
GULAYSEL;5;8.08.1966;0;5
BEDEN;5;25.10.1963;2;3
SENAZI;5;5.06.1970;5;0
HUBEYD;5;29.03.1987;5;0
METEBER;5;3.06.1975;0;5
GUDAN;5;19.04.1980;4;1
ACAC;5;3.04.1961;5;0
NISBAH;5;11.09.1961;3;2
ANTON;5;1.10.1948;5;0
AHRUN;5;19.05.1963;5;0
RASTAM;5;11.12.1958;5;0
RADIYYE;5;4.12.1964;0;5
SIKKO;5;8.06.1955;1;4
MEREN;5;11.01.1957;0;5
MINIP;5;30.01.1973;5;0
MARDIYA;5;1.06.1976;0;5
ABDULMAKSUT;5;24.06.1970;5;0
FERDEVZ;5;28.06.1988;0;5
ABIRE;5;23.10.1971;0;5
MOHAMAD;5;18.02.1955;5;0
HULUT;5;16.11.1989;0;5
RANDE;5;2.08.1976;0;5
HISNIYE;5;17.11.1968;0;5
ZENE;5;21.02.1967;0;5
JONNY;5;7.01.1990;5;0
CED;5;16.04.1978;5;0
MAHRUZ;5;1.08.1952;2;3
HUNEYNA;5;3.05.1977;0;5
TISEM;5;19.03.1983;0;5
HAMRO;5;1.05.1953;0;5
DILAVAR;5;22.07.1962;3;2
HAVVE;5;22.07.1971;0;5
ADRIAN;5;4.01.1981;5;0
MEYADE;5;5.10.1974;0;5
TEKVE;5;8.10.1985;0;5
DEHEM;5;18.07.1978;5;0
EFTIN;5;3.05.1974;1;4
ZEBET;5;6.04.1965;0;5
GAYBE;5;7.04.1964;0;5
IMAMA;5;12.07.1970;2;3
TARIHE;5;19.05.1971;0;5
LEYLETE;5;29.04.1977;0;5
CELLO;5;8.06.1963;5;0
SIYAMEN;5;5.08.1980;5;0
KANIHA;5;12.02.1973;0;5
TAKVIYE;5;27.01.1974;0;5
DILNAVAS;5;12.11.1978;0;5
SEMEDIN;5;9.06.1965;5;0
BINDAR;5;19.08.1989;4;1
BEHHIYE;5;14.11.1943;0;5
SIHEN;5;4.04.1981;0;5
MERO;5;19.09.1950;0;5
ANTOINETTE;5;28.04.1964;0;5
SITTIYI;5;16.10.1951;0;5
GULSERPIL;5;23.01.1962;0;5
ABDULADIL;5;27.02.1974;5;0
REFHA;5;25.09.1957;0;5
PIRSENK;5;29.10.1979;0;5
HUVIYE;5;16.01.1969;0;5
LEVIZ;5;5.09.1980;1;4
BAHYEDIN;5;29.11.1969;5;0
VEHIDA;5;25.01.1967;0;5
GARBIYA;5;8.08.1981;0;5
HOSENG;5;7.02.1978;4;1
MUSAREF;5;2.05.1973;0;5
MEHYEDDIN;5;11.08.1969;5;0
CESAS;5;28.01.1968;5;0
BILEL;5;5.08.1957;5;0
MECRUN;5;18.12.1977;4;1
RENAZ;5;26.03.1986;2;3
BERINE;5;5.10.1968;0;5
TERIZE;5;6.07.1959;0;5
SELMETA;5;24.04.1967;0;5
AFIN;5;16.09.1980;1;4
NACO;5;16.05.1953;1;4
NEFRA;5;30.10.1975;0;5
ABDIK;5;23.11.1945;5;0
SAHZEMAN;5;23.06.1954;1;4
SILMEZ;5;9.05.1983;0;5
LIDYE;5;5.11.1974;0;5
ZAHRADDIN;5;2.10.1966;5;0
M.MUZAFFER;5;18.01.1964;5;0
SEBGATTULLAH;5;28.10.1978;5;0
GERDO;5;2.04.1939;0;5
AZHAR;5;17.06.1963;5;0
ERDIGAN;5;25.04.1954;0;5
MUNAVAR;5;6.08.1971;0;5
HAYETE;5;6.02.1977;0;5
NEILE;5;2.09.1972;0;5
ASITE;5;29.12.1972;0;5
NETELYE;5;18.01.1967;0;5
VANIS;5;26.10.1950;5;0
RAGDI;5;15.02.1933;0;5
HINNO;5;14.04.1972;5;0
MIRZO;5;2.06.1959;5;0
HASIK;5;22.12.1956;1;4
YUHAN;5;6.01.1989;5;0
SUAYDA;5;15.11.1964;0;5
GULSEH;5;24.06.1979;0;5
FEHDIYE;5;4.07.1962;0;5
HUTU;5;9.11.1944;5;0
CAHIDA;5;12.08.1973;0;5
NADIRSEN;5;15.07.1972;0;5
SAHNEZA;5;5.12.1986;0;5
SUHELLA;5;30.10.1977;0;5
SITARIYE;5;24.05.1973;0;5
KULSUME;5;6.05.1978;0;5
URSAT;5;2.01.1984;5;0
ZABITAN;5;6.06.1966;1;4
ABDULMUIT;5;30.2.1978;5;0
SALHETTIN;5;29.10.1972;5;0
EBRIZET;5;21.11.1975;0;5
ZINARIN;5;3.02.1991;0;5
SILVEN;5;20.05.1967;1;4
BAHVER;5;10.10.1990;5;0
KESRAN;5;3.10.1973;4;1
AYSIK;5;8.09.1936;0;5
ABDUCCELIL;5;21.11.1957;5;0
CIBRIYE;5;22.05.1966;0;5
GEORG;5;18.01.1980;5;0
BEYTEN;5;24.02.1979;1;4
DILSOZ;5;11.02.1985;0;5
DINYA;5;21.12.1948;0;5
ZAINAB;5;20.04.1976;0;5
BORI;5;23.11.1962;3;2
DEHILE;5;9.08.1935;0;5
SOMYA;5;23.04.1979;0;5
SEHMETE;5;2.06.1977;0;5
ABIZE;5;5.03.1964;0;5
FARUG;5;25.03.1968;5;0
KEMLA;5;7.04.1975;0;5
MARTHA;5;18.05.1969;0;5
MIRKAC;5;9.10.1960;5;0
SEKIN;5;19.01.1970;5;0
ZUHEYLE;5;5.07.1973;0;5
NURULEMIN;5;24.08.1977;5;0
FETHIYA;5;27.04.1975;0;5
HADRO;5;1.05.1959;1;4
SESGIN;5;19.08.1973;2;3
KEZRIBAN;5;10.11.1961;0;5
HADLI;5;23.03.1948;1;4
RECAP;5;19.03.1967;5;0
MENHAR;5;9.01.1958;2;3
RIZKAN;5;15.09.1969;3;2
MEHFIYE;5;30.01.1968;0;5
KETO;5;12.01.1953;0;5
MERSIL;5;17.02.1965;1;4
FELAMEZ;5;17.11.1969;4;1
CEVAHIRI;5;30.05.1947;0;5
ZEYRI;5;24.07.1962;0;5
SIPHO;5;5.06.1945;0;5
SODI;5;8.04.1950;0;5
REHIBE;5;15.11.1949;0;5
TURKAZ;5;15.05.1972;1;4
SEMEAT;5;4.05.1963;0;5
ZILIFDAR;5;20.03.1964;5;0
YAVAS;5;23.01.1955;5;0
ENSEL;5;3.07.1970;2;3
SENKAY;5;27.08.1978;4;1
SUBEYYE;5;21.02.1964;0;5
TARIM;5;2.05.1955;5;0
HEYME;5;29.01.1949;0;5
DOYGUN;5;26.06.1973;5;0
SANINUR;5;1.01.1964;0;5
SUAYI;5;12.04.1962;5;0
NUZUYE;5;4.12.1953;0;5
SEFRIYE;5;5.02.1958;0;5
SUVEYIL;5;18.10.1972;5;0
NEBIYAN;5;29.01.1968;0;5
SUFYANI;5;30.01.1970;5;0
ALISAR;5;17.03.1980;5;0
YAVIZE;5;20.03.1961;0;5
MAHSUSE;5;20.06.1950;0;5
SERBEZ;5;13.01.1953;0;5
MUHUTDUN;5;13.06.1955;5;0
SELMISAH;5;28.10.1945;0;5
MURAZIYE;5;18.11.1969;0;5
HAYVER;5;10.03.1951;0;5
ENAZ;5;29.2.1979;4;1
SAHRIBE;5;28.06.1972;0;5
FETAHAT;5;12.03.1942;0;5
NILDENIZ;5;14.04.1980;0;5
KUSUME;5;30.01.1956;0;5
GULGUNES;5;7.09.1973;0;5
FARIDIN;5;16.02.1962;5;0
SALAHITDIN;5;29.01.1955;5;0
ISAFET;5;16.06.1962;3;2
BAYRAMSE;5;8.02.1962;0;5
MENDI;5;25.01.1955;2;3
HACIRET;5;23.02.1964;3;2
CANSEVDI;5;3.04.1966;1;4
AYDANER;5;10.05.1958;4;1
NAILEGUL;5;20.07.1957;0;5
TEKELI;5;18.07.1957;4;1
FIRDEVSE;5;19.12.1955;0;5
AZE;5;10.05.1958;0;5
EBELI;5;14.09.1956;0;5
VIYSEL;5;3.03.1955;5;0
YAGSIN;5;25.04.1970;5;0
SEJDIYE;5;21.12.1975;0;5
NISALI;5;17.09.1974;5;0
ENFER;5;27.03.1955;1;4
ISMIL;5;29.03.1968;3;2
LEVAL;5;21.08.1961;0;5
HAVASE;5;30.04.1963;0;5
NISAMI;5;7.09.1955;4;1
TURKEC;5;20.07.1966;5;0
REYFET;5;2.08.1971;2;3
BEYTIN;5;21.04.1955;3;2
SEYLI;5;5.10.1935;0;5
SOYDAS;5;14.09.1980;5;0
SAHNI;5;2.11.1947;1;4
GOKSELEN;5;1.01.1969;0;5
SORGU;5;4.11.1975;4;1
KUZUM;5;15.06.1956;5;0
OMERDEDE;5;5.04.1944;5;0
ANACA;5;17.03.1962;0;5
NENET;5;7.03.1966;0;5
BAKIT;5;13.02.1979;5;0
SAYIA;5;26.04.1953;1;4
SALIKA;5;22.10.1958;0;5
AYDINSER;5;11.07.1959;1;4
ALAHITDIN;5;29.12.1965;5;0
MAVISER;5;14.11.1966;0;5
SEVGINE;5;21.01.1961;0;5
SAIMIYE;5;22.03.1970;0;5
FIDASIYE;5;20.03.1963;0;5
ZUFIYE;5;9.02.1967;0;5
SEHADDIN;5;22.04.1957;5;0
OZDEGUL;5;12.10.1980;0;5
CEPBAR;5;13.09.1964;5;0
MESKUDE;5;21.06.1959;0;5
SERAMET;5;29.06.1968;5;0
ENVEL;5;19.05.1961;2;3
NEHURE;5;6.06.1970;0;5
NEBAHITTIN;5;17.05.1959;5;0
GULBEGEN;5;13.03.1972;0;5
SEYITTIN;5;7.05.1943;5;0
ASTRID;5;25.01.1958;0;5
GICI;5;8.04.1948;0;5
LEHURI;5;10.06.1953;0;5
MUSERIYE;5;7.08.1962;0;5
HUSAMITDIN;5;23.08.1942;5;0
RACAI;5;17.11.1973;5;0
AHISER;5;11.04.1954;0;5
HABBI;5;29.07.1969;2;3
NUMET;5;8.12.1970;2;3
SUBADIYE;5;16.10.1963;0;5
LAFIYE;5;13.02.1963;0;5
H.DURAN;5;16.10.1956;5;0
BILGEAY;5;1.12.1976;1;4
AYFAL;5;26.03.1962;0;5
SAHSEFER;5;30.03.1960;5;0
SEHRULLAH;5;6.06.1974;5;0
SERAMI;5;16.05.1979;5;0
SAHZIVER;5;20.05.1955;3;2
KETAI;5;30.01.1954;0;5
SEKTA;5;30.12.1949;0;5
RAVUT;5;20.11.1953;5;0
CUMAYETTIN;5;27.05.1966;5;0
MURU;5;14.09.1955;1;4
LALIGUL;5;20.01.1945;0;5
NURCAGUL;5;30.03.1978;0;5
ELZADE;5;24.11.1952;2;3
KOFER;5;9.01.1958;0;5
EVIS;5;20.02.1962;0;5
ELAITTIN;5;1.06.1955;5;0
ALAHIDDIN;5;2.01.1960;5;0
HUDASIYE;5;8.07.1948;0;5
NUFI;5;12.08.1970;3;2
IHRAN;5;15.11.1958;1;4
HASRETGUL;5;4.02.1962;0;5
UZEYIL;5;30.05.1968;5;0
TURKYASAR;5;13.05.1952;5;0
GULGADEM;5;15.04.1956;0;5
HAVICE;5;27.11.1959;0;5
REMIHAN;5;16.05.1954;0;5
ETAR;5;17.09.1970;3;2
SITKICAN;5;22.09.1984;5;0
METINAY;5;19.08.1970;4;1
MALA;5;3.04.1957;0;5
SAYUNUR;5;13.02.1968;0;5
SEHVIYE;5;4.05.1946;0;5
MEYHAL;5;19.03.1951;0;5
FERIDI;5;10.09.1974;4;1
GUNUSEN;5;19.02.1972;0;5
KANIT;5;30.04.1985;5;0
ARPASLAN;5;15.12.1978;5;0
KILAPDAN;5;9.08.1951;0;5
EKREMCAN;5;12.05.1991;5;0
INTISAH;5;15.11.1958;0;5
SEVINDI;5;27.02.1953;4;1
MAVIDAN;5;2.04.1957;0;5
MAKKULE;5;11.04.1963;0;5
SEMIYEN;5;11.11.1964;0;5
BORATAY;5;5.09.1974;4;1
DOGUSER;5;16.01.1986;3;2
NATIA;5;28.07.1982;0;5
NURDEGER;5;28.09.1964;0;5
SANIYAT;5;21.07.1964;0;5
BULGUL;5;6.09.1970;0;5
ELAMDAR;5;21.08.1962;5;0
BELKANT;5;5.01.1977;5;0
SUNNA;5;5.03.1955;2;3
DURTANE;5;12.04.1956;0;5
TAYHUR;5;28.06.1965;5;0
CEMILENUR;5;24.03.1979;0;5
NAZIMCAN;5;30.12.1987;5;0
HEDIYENUR;5;6.09.1981;0;5
SELPAY;5;11.01.1984;0;5
SEFAYIL;5;8.08.1964;2;3
NECAIDDIN;5;20.08.1949;5;0
GULAZAR;5;17.03.1957;0;5
ESINER;5;29.01.1967;3;2
HUBEYIB;5;3.06.1987;5;0
MESKUR;5;20.05.1957;2;3
BINZAT;5;3.06.1961;2;3
MUAZZEL;5;14.10.1955;0;5
ABDULBAGI;5;28.08.1966;5;0
SEVIGE;5;16.07.1954;0;5
PURAN;5;24.01.1966;0;5
MALIGE;5;5.09.1952;0;5
FIHRIYE;5;10.10.1968;0;5
ASRIHAN;5;15.08.1972;0;5
PEYRUL;5;21.05.1973;4;1
MERIHCAN;5;28.05.1984;4;1
KETAUN;5;5.10.1953;0;5
MAKA;5;3.05.1975;0;5
SECAIDDIN;5;25.12.1948;5;0
VAIDIN;5;25.12.1964;5;0
REHINE;5;4.10.1954;0;5
MAKIDE;5;22.10.1956;0;5
INABE;5;2.04.1951;0;5
AYBETUL;5;5.06.1986;0;5
ARIFALI;5;4.04.1966;5;0
IZAM;5;26.08.1962;5;0
SEFIHAN;5;12.06.1949;0;5
PORTIKAL;5;6.04.1959;0;5
RIZABEY;5;28.10.1961;5;0
OGULTAN;5;2.04.1977;5;0
ERTEGUN;5;12.04.1974;5;0
KAZIMAN;5;2.01.1960;0;5
NAZIKO;5;17.09.1951;0;5
NIDAIM;5;1.09.1948;5;0
UNSEN;5;2.08.1959;0;5
RAHMANE;5;25.05.1950;0;5
RESMINAZ;5;10.11.1958;0;5
ELISO;5;20.06.1960;0;5
BEDRULLAH;5;3.07.1981;5;0
SELAATIN;5;26.07.1974;5;0
RIFAKET;5;14.07.1951;0;5
SUTNIYE;5;3.04.1952;0;5
ISHA;5;29.03.1967;5;0
DONEVER;5;16.09.1965;0;5
BISEL;5;17.05.1963;0;5
MEYLAN;5;4.07.1967;0;5
DAVUTALI;5;15.07.1967;5;0
ABDURSEMET;5;12.12.1959;5;0
MEBLUKE;5;15.10.1961;0;5
DOSTER;5;24.12.1984;5;0
MENFARET;5;10.04.1977;0;5
MUHEYMIN;5;2.04.1979;3;2
GUNAHAR;5;28.03.1965;0;5
SUBAYDIN;5;7.03.1964;5;0
ZERAFE;5;12.04.1956;0;5
UNSA;5;20.10.1974;1;4
NESLENUR;5;23.06.1983;0;5
SAZE;5;24.07.1959;0;5
ZENNIRE;5;19.09.1959;0;5
REMIGUL;5;3.05.1964;0;5
FIRDERS;5;30.01.1964;0;5
DINMEZ;5;23.11.1956;3;2
PIRLANT;5;27.04.1950;1;4
EFKARI;5;17.02.1962;4;1
SULEGUL;5;1.02.1976;0;5
HULKER;5;8.12.1958;1;4
FATUMATULZEHRA;5;10.02.1981;0;5
GULDIDEM;5;30.05.1980;0;5
RAMIDA;5;13.07.1965;0;5
ISREN;5;10.10.1984;1;4
ZULFIKA;5;10.11.1965;0;5
DESTINAZ;5;28.09.1980;0;5
BENIMSER;5;20.09.1962;2;3
AYZAN;5;3.03.1962;1;4
FEZIHAN;5;14.04.1953;0;5
GULUBEY;5;24.07.1952;5;0
EKSEN;5;21.04.1969;3;2
YAYHA;5;22.03.1964;5;0
SEMSUDDIN;5;28.01.1956;5;0
HASET;5;16.12.1961;4;1
NAFIGUL;5;9.09.1958;0;5
INSU;5;17.09.1985;1;4
DEMIREN;5;25.10.1965;1;4
MEZAHAT;5;26.01.1961;0;5
IFTIHARE;5;24.09.1957;0;5
NEMLIHA;5;26.01.1968;0;5
ABDULKAYIM;5;29.07.1963;5;0
MEYLUDE;5;6.05.1962;0;5
FAHRIZE;5;25.09.1960;0;5
NAHISE;5;24.11.1949;0;5
SENSA;5;2.03.1955;0;5
ZAHRIDDIN;5;5.03.1978;5;0
SULHITTIN;5;16.01.1954;5;0
MEVDIYE;5;6.05.1954;0;5
MURAFETTIN;5;4.07.1966;5;0
TANZU;5;25.03.1973;5;0
GOKYAR;5;23.08.1968;5;0
SURAYE;5;8.01.1957;1;4
CERYAN;5;17.10.1944;0;5
HANMEHMET;5;18.06.1969;5;0
ERBILGIN;5;4.01.1958;5;0
ALIYME;5;5.05.1966;0;5
GUNNIHAN;5;20.02.1966;0;5
ERVANUR;5;3.11.1981;0;5
TURKESAN;5;16.04.1962;5;0
EJMAN;5;4.07.1966;3;2
SUKUDE;5;2.11.1953;0;5
ELDIVAN;5;9.01.1965;3;2
ILMIZA;5;6.09.1967;5;0
ENISER;5;6.09.1967;1;4
CEMILEGUL;5;17.08.1967;0;5
SENNUZ;5;18.10.1954;1;4
KURTEN;5;20.01.1951;0;5
AYDUL;5;29.05.1971;0;5
NUREMEL;5;13.07.1966;0;5
REFATTIN;5;4.01.1965;5;0
SAHMINAZ;5;13.01.1963;0;5
ERCAIL;5;25.02.1958;4;1
ANSUMAN;5;4.08.1962;0;5
OZLA;5;10.12.1966;0;5
NISADIYE;5;19.03.1971;0;5
RESAYI;5;21.10.1963;5;0
SUNCA;5;2.04.1967;0;5
NURYAS;5;1.06.1968;1;4
HASPOLAT;5;12.03.1968;5;0
DURMUSHAN;5;16.06.1984;5;0
MUHAR;5;22.06.1958;4;1
BARBORAS;5;23.06.1970;5;0
BALHATUN;5;18.01.1948;0;5
HUSNISAN;5;6.06.1957;0;5
TAHSIRE;5;16.06.1956;0;5
FETIK;5;17.02.1960;0;5
MUKATTAR;5;30.09.1944;0;5
MERSIME;5;11.04.1950;0;5
PIRZAN;5;17.11.1969;0;5
VEFAETTIN;5;15.05.1960;5;0
ELVAR;5;16.03.1982;1;4
AKOGLAN;5;9.06.1961;5;0
SELAMITTIN;5;17.02.1953;5;0
BIRIBEY;5;13.03.1960;5;0
ERSEMIN;5;7.11.1981;2;3
REFAADDIN;5;28.04.1962;5;0
DANIYAR;5;27.08.1971;5;0
SUSER;5;9.04.1959;0;5
NASIDIYE;5;17.12.1968;0;5
PERNA;5;27.11.1965;0;5
LALUZER;5;25.06.1958;0;5
FEYIZAN;5;17.02.1975;0;5
GUZADIYE;5;10.01.1963;0;5
ALIKA;5;26.01.1942;1;4
MINAFER;5;15.05.1972;0;5
CUMLEZ;5;9.11.1977;0;5
NOKTAY;5;10.02.1972;2;3
VELIDTIN;5;5.11.1954;5;0
TAYFIR;5;13.03.1964;5;0
SULUBEY;5;30.01.1956;5;0
BAHABEY;5;21.07.1959;5;0
NUHRIYE;5;8.04.1965;0;5
NESEVIN;5;12.08.1967;0;5
SINEF;5;1.12.1982;0;5
ASLANHAN;5;28.10.1949;0;5
SIFADIYE;5;20.08.1960;0;5
NESERIN;5;27.03.1964;0;5
ZIYRAM;5;20.06.1958;5;0
TURANCA;5;21.09.1953;0;5
CEVIDAN;5;27.12.1969;0;5
MIKAT;5;4.05.1969;5;0
SERIFHAN;5;22.05.1973;1;4
GULCEHIR;5;7.03.1960;0;5
MUTMUNE;5;21.09.1972;0;5
ZIDDIK;5;6.12.1957;2;3
ZENISAH;5;12.01.1965;0;5
UGURTAY;5;10.04.1959;1;4
AKKUZU;5;30.05.1950;5;0
K.MEHMET;5;20.04.1951;5;0
NILGUNAY;5;4.12.1973;0;5
YUCEN;5;11.08.1967;1;4
MUKELLEF;5;16.01.1946;4;1
TURKAYA;5;20.05.1965;5;0
SAHSEREN;5;17.07.1966;0;5
NUZHAT;5;23.02.1955;4;1
ELET;5;29.05.1968;5;0
SATMA;5;9.08.1964;0;5
CANSEFA;5;30.03.1960;1;4
HAYRAL;5;12.06.1967;4;1
GULCIL;5;3.03.1977;0;5
TEGIN;5;2.03.1975;5;0
ADAHAN;5;3.01.1975;4;1
ZEKABIYE;5;27.10.1950;0;5
NURSEDEF;5;28.07.1981;0;5
UMUZ;5;5.09.1943;0;5
MADIRET;5;20.02.1961;0;5
CEMSEFA;5;26.10.1961;3;2
AKTEM;5;24.04.1962;5;0
ARZ;5;1.08.1972;5;0
NECLETTIN;5;3.09.1961;5;0
SEVILENAY;5;30.11.1976;0;5
NURFEDA;5;24.11.1972;1;4
MURSITE;5;5.07.1964;0;5
NIHATI;5;22.11.1967;5;0
ZIHNISAN;5;29.07.1964;0;5
RAZINIHAN;5;28.11.1959;5;0
GULSUZER;5;20.06.1968;0;5
VALERIYA;5;27.10.1977;0;5
ARTAR;5;15.08.1969;3;2
NISET;5;3.09.1953;1;4
NESEDIYE;5;9.02.1965;0;5
ZEKURE;5;15.04.1966;1;4
AYGAH;5;27.03.1976;5;0
HAYMAN;5;9.10.1946;1;4
AYBUKER;5;18.08.1951;1;4
YETISKIN;5;15.02.1957;5;0
TSIALA;5;25.09.1952;0;5
SELMEHAN;5;12.03.1971;0;5
GUZELA;5;25.01.1951;0;5
MIKAYI;5;11.06.1973;5;0
GULNERMIN;5;1.03.1963;0;5
NAGMAN;5;6.10.1957;5;0
GUNDA;5;30.01.1968;0;5
BATIGUN;5;7.10.1984;5;0
GUNSELEN;5;23.01.1972;0;5
NESUN;5;16.06.1960;0;5
SELLU;5;14.12.1950;1;4
HAYSEN;5;18.03.1970;2;3
SEFILA;5;24.09.1970;0;5
SEFKE;5;14.09.1972;0;5
ONDEGUL;5;10.07.1970;0;5
GULRANA;5;18.05.1957;0;5
SERIKNAZ;5;25.09.1942;0;5
PAZIYE;5;24.02.1954;0;5
NUZGAN;5;25.12.1971;0;5
SENAETTIN;5;10.04.1959;5;0
FEZANET;5;14.04.1947;0;5
HURRI;5;19.01.1966;0;5
FERHANAZ;5;14.11.1970;0;5
SUBIYA;5;11.08.1965;0;5
MUMURIYE;5;5.12.1958;0;5
APDULBAKI;5;10.09.1964;5;0
MUSAYITTIN;5;7.02.1965;5;0
UMITGUL;5;2.07.1968;1;4
SEYFEDTIN;5;7.04.1968;5;0
AYS;5;30.10.1961;1;4
SUNDUST;5;19.08.1954;0;5
NURHAYATI;5;10.04.1956;3;2
KIZLAR;5;3.07.1956;0;5
FERAHITTIN;5;25.12.1954;5;0
PINARGUL;5;15.12.1986;0;5
MUNVVER;5;14.03.1971;0;5
FERIBE;5;25.01.1948;0;5
SEMAETTIN;5;23.04.1941;5;0
ZERRAT;5;22.06.1968;5;0
NAKDIYE;5;25.02.1959;0;5
HUZEYMEN;5;22.10.1960;0;5
HAZIL;5;17.08.1959;3;2
UZEHIR;5;24.01.1965;5;0
SADDETIN;5;1.04.1968;5;0
NOKTAGUL;5;29.05.1969;0;5
NEVIK;5;16.04.1964;0;5
EMANETTIN;5;11.09.1958;5;0
MEDALET;5;19.09.1962;0;5
GULET;5;4.03.1972;3;2
NEMIZAT;5;18.08.1963;0;5
EROZ;5;26.02.1949;4;1
MULUSCAN;5;14.07.1955;0;5
ERGINBAY;5;5.03.1983;5;0
ELDE;5;2.06.1975;0;5
NEVRESE;5;6.05.1958;0;5
BINOL;5;22.07.1968;5;0
MAHSEL;5;26.12.1964;2;3
UNALAN;5;3.10.1967;5;0
EMRUN;5;11.07.1976;4;1
SEZATTIN;5;1.06.1962;5;0
ERNAS;5;21.05.1966;3;2
RESMEGUL;5;13.03.1971;0;5
MONIGUE;5;12.04.1953;0;5
RUFUGUL;5;8.04.1970;0;5
BAKINUR;5;27.09.1961;0;5
KOSEK;5;11.02.1957;0;5
MUCIZET;5;3.01.1959;1;4
ILMIDIN;5;17.06.1957;5;0
ZOBUK;5;3.11.1956;0;5
AYKER;5;30.09.1964;1;4
SONSES;5;27.09.1981;0;5
PUSAN;5;30.08.1943;0;5
AKTAR;5;6.08.1963;5;0
NEVLIHAN;5;19.10.1976;0;5
MEYEM;5;28.03.1957;0;5
TEMIS;5;6.08.1958;1;4
ABEKIR;5;2.03.1943;5;0
LUZIYE;5;5.09.1958;0;5
ALBIZ;5;28.12.1966;5;0
GULFARIYE;5;29.04.1962;0;5
DONAL;5;22.06.1966;0;5
SEHENDER;5;28.08.1951;0;5
HULUFER;5;1.07.1972;0;5
ANDELIP;5;6.02.1946;2;3
MEHAMMET;5;2.09.1961;5;0
GOKREM;5;1.02.1973;4;1
ACEY;5;16.06.1944;0;5
SADELU;5;27.11.1959;0;5
AGCAHAN;5;18.11.1945;0;5
ENTIGE;5;23.01.1964;0;5
NECAATI;5;16.06.1953;5;0
SEYRANUS;5;10.05.1956;0;5
ZARUK;5;13.12.1935;0;5
FINDAY;5;15.07.1977;0;5
ZERNIGAR;5;9.04.1966;0;5
KURBUZ;5;24.05.1952;3;2
ZETINA;5;3.03.1976;0;5
USRET;5;10.12.1952;5;0
DONENGUL;5;26.10.1981;0;5
MUSALIME;5;10.11.1955;0;5
REZIHA;5;8.03.1953;0;5
ANIC;5;21.04.1946;0;5
YURTSEL;5;18.02.1964;2;3
YERDENUR;5;19.12.1964;0;5
AGAVNIK;5;6.09.1934;0;5
BERATHAN;5;25.12.1983;4;1
SETEN;5;2.11.1962;0;5
ERUN;5;27.06.1962;5;0
PERVINE;5;11.10.1972;0;5
MUSLIMIN;5;25.02.1968;5;0
METAHAN;5;13.09.1986;5;0
TALIMDAR;5;26.12.1964;5;0
BURYANI;5;4.03.1970;4;1
VEFANUR;5;9.07.1969;4;1
MEHMETMUSTAFA;5;27.02.1975;5;0
SEVCA;5;17.03.1975;0;5
NARZIYE;5;10.12.1962;0;5
NERGIZHAN;5;21.08.1980;0;5
RUHIBE;5;2.06.1952;0;5
GOYSEL;5;17.07.1961;1;4
SAHMIZAR;5;15.04.1951;0;5
DOYLET;5;23.09.1960;2;3
NAFUZ;5;17.08.1973;5;0
FEVZANE;5;20.11.1969;0;5
HANIGUL;5;16.07.1955;0;5
HICLAN;5;4.09.1970;0;5
NESIJ;5;21.05.1985;5;0
HURUMET;5;23.07.1970;0;5
KEZUK;5;12.03.1962;0;5
TURANAY;5;29.12.1976;3;2
BAHARGULU;5;10.03.1970;0;5
TEKDAL;5;27.11.1976;5;0
USEMA;5;16.12.1981;5;0
GULHAME;5;13.11.1957;0;5
GULEVAT;5;5.08.1953;0;5
EZAMETTIN;5;15.10.1959;5;0
HERIKNAZ;5;22.02.1935;0;5
GULNANE;5;8.12.1949;0;5
BURHANGAZI;5;5.02.1966;5;0
CENIL;5;10.10.1966;5;0
SONDAY;5;1.11.1973;1;4
HUMIRA;5;22.12.1953;0;5
HICRETHAN;5;24.06.1979;1;4
AHTEN;5;23.06.1949;1;4
MEHRIALI;5;4.11.1948;5;0
SELCIHAN;5;26.11.1977;1;4
MERDAY;5;5.11.1966;5;0
MELAYIP;5;15.06.1959;5;0
TAIB;5;7.09.1969;5;0
ZAMIRET;5;27.09.1957;0;5
ABDULHAKEM;5;11.01.1969;5;0
MELUR;5;7.03.1971;3;2
SAHIMET;5;8.01.1954;0;5
CESMEGUL;5;3.11.1978;0;5
MAHMUZE;5;3.01.1958;0;5
GENAR;5;13.05.1979;4;1
BASSI;5;21.06.1962;0;5
MINNA;5;28.02.1972;2;3
RAZET;5;30.10.1944;1;4
NERDAN;5;3.08.1975;2;3
ENSON;5;1.03.1969;3;2
TURIL;5;8.03.1964;5;0
BAHI;5;13.09.1956;3;2
FARAMUS;5;5.02.1961;5;0
RAVZAT;5;11.02.1947;0;5
IBOLYA;5;30.12.1972;0;5
BELI;5;16.06.1957;1;4
USGUL;5;20.06.1966;5;0
HUBBAT;5;21.07.1955;5;0
SENIR;5;22.06.1973;1;4
PAYMAN;5;29.08.1946;0;5
HAYRANNISA;5;2.03.1963;0;5
GULBA;5;1.03.1959;1;4
SAZIBAN;5;20.05.1971;0;5
GULEYMA;5;21.10.1970;0;5
LUTVU;5;17.07.1969;5;0
DONSEN;5;24.12.1971;0;5
FAIYE;5;17.08.1961;0;5
ENDIZ;5;13.03.1968;1;4
ADELIYE;5;23.08.1962;0;5
MAHRURE;5;16.07.1954;0;5
ZAHMI;5;13.01.1955;5;0
SULLIYE;5;10.11.1954;0;5
BILKUTAY;5;25.11.1982;3;2
ATAKOL;5;12.10.1976;5;0
GUMUSHAN;5;18.05.1959;1;4
BENAM;5;13.11.1956;2;3
SELVINAY;5;12.05.1971;0;5
BEYAGA;5;11.03.1949;5;0
NEKAFET;5;13.04.1959;0;5
MUSRUKA;5;18.07.1960;0;5
SABIGUL;5;17.02.1972;1;4
ICABET;5;4.02.1973;1;4
IRAZI;5;21.09.1954;2;3
RUZKAR;5;15.11.1952;1;4
LALIS;5;19.03.1964;0;5
SELAVET;5;8.11.1973;3;2
ISLAMBEY;5;25.02.1983;5;0
MUSRETTIN;5;11.01.1956;5;0
SARACATTIN;5;17.02.1957;5;0
IMADE;5;30.04.1972;1;4
AVSEN;5;5.06.1959;2;3
IBEYIT;5;25.05.1967;5;0
ONURSAH;5;11.02.1985;5;0
HUDAVIYE;5;25.09.1949;0;5
ERHAM;5;20.08.1983;4;1
EVLIDA;5;16.07.1965;0;5
LEMISE;5;7.02.1973;0;5
SEMUT;5;1.11.1970;4;1
HAKIYME;5;7.04.1953;0;5
CENO;5;4.02.1951;1;4
SERCIM;5;7.08.1967;0;5
SEVIZ;5;21.03.1975;0;5
YUKSEM;5;7.06.1978;1;4
GULSEHIM;5;24.03.1948;0;5
GUNNEZ;5;20.04.1957;0;5
TUTGUN;5;5.11.1980;5;0
MUNNET;5;2.11.1971;2;3
PELIHAN;5;4.09.1969;0;5
GULNEZ;5;29.07.1970;0;5
MUHRINE;5;17.01.1957;0;5
NUHAY;5;21.01.1979;5;0
MUCAVER;5;24.12.1961;1;4
ASTI;5;19.02.1966;1;4
SEZAIN;5;10.12.1962;4;1
BEHBI;5;29.10.1955;5;0
MEMNUNIYET;5;3.11.1959;0;5
SARIF;5;23.07.1968;4;1
SONAGUL;5;10.10.1971;0;5
FILAR;5;25.05.1958;2;3
YUCEAY;5;14.12.1977;4;1
EGIN;5;7.08.1962;5;0
MIHAR;5;29.04.1964;0;5
AFRANUR;5;16.08.1981;0;5
ROZBIBI;5;17.12.1967;0;5
AYCEMAL;5;9.07.1967;0;5
HUDAYINAZAR;5;23.04.1963;5;0
DERBENT;5;26.01.1978;5;0
BELGINUR;5;27.10.1977;0;5
HUSIYE;5;21.01.1954;0;5
ALAUTTIN;5;5.02.1949;5;0
FELIDE;5;1.06.1939;0;5
SAFNUR;5;28.10.1971;0;5
YARSEL;5;29.05.1974;0;5
GULSEMIH;5;3.05.1976;0;5
DEMIROZ;5;13.08.1952;5;0
GULCIBIK;5;19.03.1963;0;5
BASIDE;5;12.02.1967;0;5
SAHMEN;5;16.11.1953;3;2
YELESER;5;28.06.1962;0;5
HIKMED;5;28.03.1953;4;1
FEREMIZ;5;20.05.1958;5;0
RAZEL;5;27.07.1975;0;5
SELENGUL;5;22.07.1980;0;5
MUSEYYE;5;17.11.1965;0;5
SUBYE;5;28.12.1952;0;5
NEZEKAT;5;11.06.1965;0;5
ZILFIRAZ;5;20.04.1949;0;5
FATMAZEHRA;5;26.02.1989;0;5
CETINCAN;5;14.07.1979;5;0
SERAMETTIN;5;13.07.1975;5;0
GULBEZER;5;21.10.1962;0;5
FISNE;5;25.05.1972;0;5
SIMAYI;5;5.02.1963;0;5
DESTEMEN;5;24.09.1958;0;5
SALUR;5;15.08.1968;4;1
ZANNURE;5;15.01.1964;0;5
GELDI;5;15.01.1964;0;5
GULAMNEBI;5;23.03.1969;5;0
OGULBIBI;5;16.04.1969;0;5
HALBIBI;5;3.12.1959;0;5
NIGDELI;5;24.02.1964;0;5
NEJBIYE;5;5.09.1961;0;5
MUZUYYEN;5;22.09.1962;0;5
NURTOPU;5;17.09.1966;0;5
SATMEN;5;13.07.1973;0;5
MARIETTA;5;3.03.1958;0;5
PESE;5;6.12.1954;4;1
TURUYE;5;23.02.1962;0;5
CANYILMAZ;5;7.03.1961;5;0
ZULEM;5;30.2.1979;1;4
DILDADE;5;19.08.1966;0;5
BASALI;5;7.07.1949;5;0
MAHUS;5;3.09.1948;1;4
BEKIRALI;5;5.07.1954;5;0
OZKURT;5;3.11.1960;5;0
MUYMIN;5;4.04.1974;5;0
SASENE;5;29.01.1953;0;5
MAFIR;5;18.10.1957;3;2
MEVLUTE;5;10.11.1963;0;5
SUBBIYE;5;25.05.1944;0;5
TILAVER;5;17.10.1965;1;4
BERUZE;5;24.12.1937;0;5
SAATBEY;5;22.01.1944;5;0
SENUKA;5;1.02.1933;0;5
ERDOS;5;14.02.1960;5;0
SEVAYIL;5;20.05.1968;0;5
CEVREN;5;19.02.1974;1;4
NASBIYE;5;17.04.1954;0;5
KULESER;5;5.02.1950;0;5
ASELET;5;24.08.1970;1;4
HERNAZE;5;12.10.1949;0;5
ADAS;5;25.04.1967;3;2
MAARIFE;5;16.06.1956;0;5
RETIFE;5;23.11.1950;0;5
EZGEN;5;6.12.1970;1;4
KARAGUL;5;11.07.1947;0;5
YEDIME;5;15.10.1943;0;5
BEHIYAN;5;22.01.1962;0;5
ZUHIDE;5;19.07.1966;0;5
OFELIYA;5;17.04.1964;0;5
MEKBARE;5;1.03.1964;0;5
HICABET;5;5.01.1956;1;4
NURAYTEN;5;11.07.1956;0;5
IZABELA;5;19.03.1973;0;5
ALPDENIZ;5;29.11.1984;5;0
GULLAC;5;16.03.1957;0;5
GULENNAZ;5;18.11.1974;0;5
ZEZER;5;11.02.1959;3;2
OZPINAR;5;20.02.1978;1;4
YETKINAY;5;21.02.1978;2;3
SONEREN;5;13.04.1970;1;4
NURMET;5;15.07.1970;1;4
CINSEL;5;18.11.1953;0;5
GUNEHAR;5;30.10.1964;0;5
SADIHE;5;25.06.1966;0;5
NIGRE;5;22.08.1956;0;5
GUNDUZHAN;5;18.04.1980;5;0
RAKIMAN;5;13.06.1951;0;5
UNAR;5;19.02.1961;3;2
ATFI;5;5.10.1963;5;0
NURENGIN;5;22.08.1959;1;4
REGIMAN;5;7.02.1966;0;5
HEMDUNE;5;29.2.1949;0;5
GULTENI;5;20.08.1966;0;5
TURKOL;5;21.10.1967;5;0
ZOULFIA;5;10.10.1975;0;5
BEYMEN;5;5.10.1964;3;2
YUKSELIR;5;26.09.1954;1;4
SEHRINAS;5;15.06.1950;0;5
GURKEN;5;16.02.1968;2;3
KILICALI;5;11.11.1955;5;0
SENCIHAN;5;19.05.1969;1;4
MUTLUNUR;5;27.02.1987;0;5
BENGIGUL;5;11.05.1965;0;5
ZELFIDE;5;9.11.1959;0;5
ALAGEYIK;5;7.03.1963;0;5
LEYHA;5;11.05.1976;0;5
KADIBE;5;20.06.1966;0;5
GULZIRA;5;22.03.1975;0;5
ENKIN;5;21.01.1955;3;2
VESIRE;5;9.03.1955;0;5
NEVCI;5;27.01.1965;2;3
KATIBA;5;18.08.1966;0;5
SEFAHAN;5;10.12.1986;4;1
RUKMETTIN;5;28.08.1956;5;0
GULSUMBUL;5;5.11.1984;0;5
ZEVCIHAN;5;11.01.1963;0;5
DOMNICA;5;26.07.1963;0;5
GUNNIGAR;5;13.01.1952;0;5
AZI;5;20.12.1938;1;4
NINI;5;15.09.1942;0;5
NEDEN;5;19.08.1984;0;5
ROGUL;5;2.06.1959;0;5
BORCIN;5;23.08.1986;4;1
MIRIVAN;5;1.09.1944;0;5
ILBIYE;5;24.07.1970;0;5
GULTE;5;23.07.1953;0;5
RAVUF;5;9.06.1957;5;0
ZEYNELI;5;29.2.1955;2;3
ZELAN;5;28.08.1981;3;2
SERANCA;5;22.10.1963;0;5
KISE;5;20.04.1937;1;4
GERI;5;30.09.1943;1;4
YUZNUR;5;4.01.1971;0;5
PAPU;5;9.10.1935;0;5
PULU;5;14.11.1959;0;5
HEDUS;5;16.08.1945;0;5
EKINC;5;19.04.1983;4;1
BAHRAN;5;21.09.1974;4;1
GULTIKEN;5;29.08.1958;0;5
LIZGE;5;23.08.1985;0;5
IZMIHAL;5;25.11.1964;0;5
KADIRA;5;17.12.1961;0;5
HORA;5;6.03.1976;4;1
SERZENK;5;6.08.1955;0;5
KOMUR;5;20.08.1947;4;1
HEYIVHAN;5;30.08.1965;0;5
VELIYEDDIN;5;18.01.1955;5;0
NIYYET;5;27.06.1953;3;2
HUSAN;5;2.07.1963;3;2
PILINK;5;25.05.1960;5;0
SEMLO;5;18.09.1951;0;5
HIZBET;5;2.11.1976;3;2
CENIZ;5;20.03.1965;3;2
ZAHIRHAN;5;28.03.1972;5;0
NIHARIYE;5;1.02.1954;0;5
DEYAM;5;2.06.1979;5;0
KOMANDO;5;1.04.1978;5;0
ZEHFERAN;5;14.02.1955;0;5
MEDILE;5;19.10.1972;0;5
NURSICAN;5;25.09.1975;0;5
MEYPERUZ;5;19.01.1968;0;5
TAMLICAN;5;22.04.1978;0;5
HUBI;5;16.04.1937;0;5
KADIRIYA;5;22.06.1961;0;5
SURHIYE;5;22.01.1963;0;5
SEMETULLAH;5;27.11.1977;5;0
FINNAZ;5;12.09.1959;0;5
MIDYAN;5;13.09.1974;3;2
ZUHURYE;5;8.08.1968;0;5
ERULLAH;5;2.09.1980;5;0
TUNYA;5;24.01.1976;0;5
VEFI;5;5.01.1968;5;0
AYDIZ;5;28.08.1962;0;5
GOLPERI;5;11.12.1968;0;5
CEBIL;5;17.12.1972;4;1
ALMADIN;5;21.03.1968;5;0
BALYOZ;5;29.01.1956;5;0
ABDULMELIH;5;7.03.1962;5;0
HAZGUL;5;30.09.1989;0;5
SELMIYA;5;27.04.1964;0;5
MOHOBET;5;9.06.1966;0;5
BESAR;5;11.03.1961;5;0
ABDULMUCAHIT;5;1.10.1976;5;0
UNCEL;5;22.09.1963;3;2
GURCEK;5;17.03.1967;0;5
HIRMAN;5;8.07.1957;3;2
BILEHSA;5;20.07.1980;0;5
HAYIFHAN;5;8.07.1973;0;5
KOMRU;5;10.10.1952;0;5
AHIM;5;25.08.1974;3;2
ZERMISAN;5;12.09.1946;0;5
HUDAYDA;5;15.03.1964;3;2
SEYDU;5;21.07.1944;5;0
ARTIS;5;5.04.1973;3;2
NAZIHET;5;9.10.1946;0;5
MEHILA;5;8.05.1963;0;5
MUTELZIM;5;26.03.1972;0;5
ESVAN;5;8.04.1983;1;4
ANZULHA;5;11.10.1971;0;5
HATEN;5;9.03.1960;1;4
TULCA;5;26.03.1981;1;4
RUKUZAN;5;26.06.1965;0;5
HAZET;5;5.11.1962;3;2
HAMSIN;5;3.11.1962;1;4
NESIFET;5;19.03.1965;0;5
RUSKIYET;5;10.01.1973;0;5
MIKRAN;5;26.07.1963;3;2
NIDAM;5;23.09.1968;1;4
GEFO;5;6.02.1955;4;1
ASUDA;5;12.05.1973;0;5
MELEKRIHAN;5;10.05.1958;0;5
MIMET;5;13.11.1973;0;5
GULDIN;5;28.05.1963;1;4
HASUDE;5;18.09.1970;0;5
ORUNBAY;5;16.09.1975;5;0
CUMABAY;5;19.05.1970;5;0
SENAH;5;3.02.1975;1;4
BUCAN;5;7.04.1970;3;2
SABIK;5;29.03.1959;3;2
HURSUN;5;20.08.1979;0;5
TILLA;5;26.02.1966;0;5
HURRAM;5;24.09.1963;3;2
HUNEY;5;18.08.1950;1;4
KAMARUH;5;11.10.1960;0;5
FESIHAT;5;23.06.1973;0;5
AHRIYE;5;3.06.1963;0;5
MAYDAN;5;24.06.1967;0;5
VANDAN;5;21.12.1973;0;5
MEHFUZ;5;10.01.1977;5;0
FECILE;5;18.12.1954;0;5
LELI;5;8.08.1959;0;5
HAMIDIN;5;24.01.1957;5;0
FEVZIMELEK;5;28.07.1957;0;5
MESRUKA;5;24.12.1953;0;5
ASMER;5;8.05.1946;2;3
CAIF;5;13.11.1964;5;0
MISRICAN;5;20.03.1965;0;5
HEMRAN;5;24.11.1966;1;4
NENOS;5;21.08.1958;0;5
CESRA;5;17.04.1967;0;5
EPRUZE;5;13.05.1961;0;5
BURHANETIN;5;14.10.1972;5;0
CABIT;5;23.08.1971;5;0
MUKINAZ;5;13.07.1962;0;5
ZEYNALABIDDIN;5;17.10.1977;5;0
MUSI;5;7.01.1954;2;3
VAHYETIN;5;20.04.1964;5;0
NURULA;5;12.03.1965;3;2
HEFZI;5;4.01.1944;0;5
SIYABEN;5;9.06.1959;5;0
VEHBETTIN;5;3.01.1974;5;0
FEYFURIYE;5;28.02.1963;0;5
NEDER;5;8.03.1976;5;0
MUHENDIZ;5;27.05.1978;5;0
SOHYETTIN;5;14.04.1966;5;0
SABUN;5;30.2.1982;2;3
MUNIK;5;22.05.1961;4;1
FILICE;5;24.01.1956;0;5
SEYFETTULLAH;5;30.04.1979;5;0
ELFEDIN;5;25.02.1967;5;0
NAZPERI;5;30.10.1971;0;5
PIROZA;5;27.07.1971;0;5
ABDULMEMET;5;28.10.1971;5;0
TERO;5;25.05.1934;4;1
EMIRARSLAN;5;1.02.1961;5;0
BIBICAN;5;25.05.1948;0;5
AYFERGUL;5;25.02.1971;0;5
SALTANET;5;9.07.1965;0;5
GULBAT;5;10.09.1968;2;3
HANEFER;5;4.06.1969;5;0
ZIBIYDE;5;30.04.1957;0;5
RESIMA;5;11.10.1976;0;5
BAHAYETTIN;5;21.03.1970;5;0
GUNLU;5;29.09.1967;0;5
FEHMIN;5;24.01.1971;4;1
GOLAN;5;18.05.1971;0;5
MUFTULLAH;5;23.08.1971;5;0
ZEHAL;5;3.12.1968;0;5
HUSRAY;5;23.10.1969;2;3
MUSSERREF;5;9.06.1976;0;5
SUTLU;5;7.04.1942;0;5
CUNEYET;5;14.05.1981;5;0
BEKIZ;5;20.05.1975;0;5
MIRZEALI;5;20.05.1955;5;0
PERVI;5;20.09.1974;0;5
GAZILE;5;6.05.1962;0;5
HEZNE;5;10.08.1951;0;5
ZAHFER;5;2.09.1962;4;1
KUREYSIN;5;1.11.1961;3;2
SEMSUNNEHAR;5;22.05.1969;0;5
TACGUL;5;29.05.1985;0;5
SEFDER;5;17.05.1957;5;0
ZUFINAZ;5;6.04.1963;0;5
BEHZAR;5;16.05.1963;1;4
BEHNAM;5;30.04.1981;5;0
SONDUZ;5;6.12.1978;0;5
MELESHAN;5;28.05.1975;0;5
CILGEZI;5;27.05.1947;0;5
MENCIYE;5;8.05.1947;0;5
MIRDIN;5;1.09.1953;0;5
NABIT;5;17.08.1955;5;0
URHANETTIN;5;30.05.1943;5;0
NACIF;5;14.07.1961;5;0
TALUK;5;4.01.1976;4;1
AYSESAN;5;30.07.1987;0;5
DURUGUL;5;2.05.1972;0;5
KANYA;5;27.01.1974;0;5
VECIZE;5;4.09.1969;0;5
OMUT;5;22.11.1970;5;0
HEFZULLAH;5;20.06.1976;5;0
MUHBAT;5;9.11.1968;0;5
ERCEN;5;10.07.1972;3;2
SEVCE;5;26.02.1978;0;5
ESRI;5;13.08.1970;0;5
TARUN;5;10.05.1975;4;1
VEHIYE;5;4.09.1962;0;5
SINAMPERI;5;9.01.1960;0;5
HUKMETULLAH;5;13.03.1971;5;0
MEMEHAN;5;16.05.1963;0;5
SEFVETULLAH;5;1.05.1967;5;0
TAMERHAN;5;30.01.1987;5;0
SAGLAR;5;7.07.1982;5;0
BESSU;5;29.8.1553;0;5
ADILI;5;7.02.1952;1;4
VELIAHT;5;2.02.1968;5;0
BAHARA;5;13.07.1946;0;5
NAZU;5;13.3.1165;0;5
ECI;5;4.04.1948;0;5
VEFATTIN;5;12.12.1969;5;0
HEVU;5;19.04.1935;0;5
NEJMAN;5;7.02.1964;0;5
NESURULLAH;5;10.08.1978;5;0
HEDIYEGUL;5;24.03.1978;0;5
SAHANDA;5;17.11.1955;0;5
HEM;5;12.04.1945;1;4
ISPAHAN;5;1.04.1965;0;5
SELTENET;5;18.06.1956;0;5
FERZANDA;5;9.05.1958;5;0
HEMU;5;1.09.1934;4;1
SUVATI;5;4.10.1969;4;1
FEHRUZE;5;29.05.1955;0;5
MERDEHAN;5;6.11.1963;5;0
HAYZEREN;5;29.01.1968;0;5
BULKIYE;5;2.08.1952;0;5
COZI;5;12.01.1969;2;3
VEHBULLAH;5;3.07.1973;5;0
ZIHNIYAR;5;20.09.1953;0;5
MINVAL;5;17.05.1961;1;4
KADIL;5;19.05.1948;5;0
URGE;5;5.03.1953;0;5
HAVALIYE;5;2.12.1958;0;5
ATICA;5;27.12.1961;0;5
MUDAHIM;5;18.08.1961;5;0
GUNAS;5;5.04.1964;0;5
BEYTUNUR;5;15.03.1969;0;5
SERGUZER;5;29.09.1952;0;5
USNA;5;17.06.1954;0;5
FUSSUN;5;5.09.1974;0;5
EJIDE;5;24.05.1961;0;5
GULBAYAR;5;6.09.1958;0;5
NIYATTIN;5;15.01.1953;5;0
MEMDUK;5;1.04.1964;5;0
ZERGUZER;5;29.08.1962;0;5
NEDIA;5;28.05.1949;0;5
NAZARETTIN;5;30.08.1951;5;0
GULSUDE;5;19.04.1963;0;5
GULHARE;5;10.06.1975;0;5
MUBETCER;5;5.09.1964;0;5
NUGAY;5;27.07.1977;2;3
SES;5;12.07.1954;2;3
GULGU;5;30.07.1965;0;5
NURFI;5;16.08.1971;3;2
FIRDUZ;5;24.06.1966;1;4
NESIRIYE;5;21.10.1960;0;5
SEDIRE;5;22.08.1960;0;5
DONEAY;5;24.07.1977;0;5
SEHILAN;5;24.03.1957;0;5
SEVAI;5;28.09.1973;1;4
GULNEHER;5;7.01.1961;0;5
YONISE;5;11.02.1968;0;5
ILIK;5;6.10.1936;0;5
NURBENT;5;19.11.1969;0;5
KALENDAR;5;29.03.1971;5;0
SEVTEKIN;5;21.04.1958;5;0
ELBISTAN;5;25.09.1980;3;2
SEHNUZ;5;29.11.1959;3;2
PERVUL;5;19.02.1964;4;1
FIRIDEVS;5;28.04.1974;0;5
GULRA;5;18.08.1974;0;5
SELEATTIN;5;27.03.1961;5;0
BALIKE;5;19.07.1970;0;5
KALIS;5;8.10.1950;4;1
ASMAGUL;5;29.09.1968;0;5
PEYMANE;5;14.09.1949;0;5
CEMETTIN;5;12.09.1953;5;0
SAYIMER;5;15.06.1954;2;3
AYNURGUL;5;25.05.1971;0;5
ZEYHUN;5;3.02.1968;2;3
FERAYA;5;27.05.1963;0;5
NEZAL;5;5.03.1970;0;5
DURUSEN;5;10.02.1954;0;5
GULBATAN;5;3.07.1955;0;5
IZADE;5;20.10.1952;0;5
BILGUNUR;5;13.06.1978;0;5
TULSER;5;20.06.1952;0;5
CENALIYE;5;9.10.1961;0;5
ASPIYE;5;21.07.1965;0;5
EROGUL;5;4.12.1946;5;0
FETIHI;5;15.07.1952;5;0
MUNEVVET;5;13.02.1967;0;5
SAFORIYE;5;13.02.1957;0;5
MUHLISIYE;5;23.06.1954;0;5
HEPNUR;5;7.04.1956;0;5
EMBIA;5;1.07.1962;2;3
TULIS;5;7.06.1957;0;5
MEAL;5;4.04.1971;0;5
RECBIYE;5;17.03.1971;0;5
SEBAHETDIN;5;13.01.1956;5;0
MEMUN;5;28.03.1954;5;0
RUHBIL;5;29.11.1957;5;0
NURGEZ;5;6.06.1975;0;5
CECILE;5;16.01.1976;0;5
CELAADDIN;5;22.11.1964;5;0
MAHMI;5;8.03.1950;5;0
NEZRA;5;7.07.1983;0;5
TOMRUL;5;24.09.1955;5;0
SEBNAM;5;26.03.1972;0;5
SERGULENT;5;17.12.1973;5;0
MUBBET;5;29.09.1952;0;5
HURSAT;5;7.02.1968;4;1
M.CESIM;5;17.11.1961;5;0
VESHA;5;21.05.1960;0;5
SEHNEM;5;20.11.1976;0;5
HUZULE;5;25.08.1963;0;5
NECIDIYE;5;16.06.1951;0;5
ARDIN;5;7.01.1949;4;1
NIKAP;5;16.02.1949;1;4
DEVRINAZ;5;2.11.1963;0;5
BAZGA;5;11.05.1955;0;5
KABURE;5;20.09.1962;0;5
MUGBET;5;29.06.1962;0;5
SERFERAZ;5;9.05.1967;0;5
MUTHULLAH;5;24.11.1975;5;0
CEVAYDIN;5;8.09.1973;5;0
TABIR;5;9.01.1978;5;0
BIGUM;5;30.05.1947;0;5
ZELIGE;5;12.01.1959;0;5
SEVECAN;5;23.05.1977;1;4
GULVIDAN;5;27.05.1970;0;5
TULDEN;5;3.04.1970;0;5
KORZAY;5;7.02.1986;5;0
URFETKA;5;1.07.1957;0;5
TIJER;5;29.10.1968;1;4
YAKSI;5;1.06.1966;4;1
MUSEMETTIN;5;4.10.1962;5;0
NIZAYIM;5;18.09.1961;4;1
SECGEL;5;27.12.1970;1;4
MIZAMETTIN;5;1.06.1956;5;0
MUHTESEN;5;22.03.1975;4;1
ZERTAC;5;27.08.1955;1;4
FAZULLAH;5;17.05.1966;5;0
TICARET;5;14.04.1963;2;3
DEVHAN;5;7.04.1961;2;3
DURUSOY;5;22.06.1963;5;0
SEMSIME;5;21.04.1963;0;5
AYRUS;5;1.11.1961;5;0
CELAETTIN;5;4.02.1959;5;0
REFKIYE;5;8.12.1955;0;5
RUYSEL;5;15.06.1958;0;5
SEVDINAS;5;13.12.1964;0;5
BEHIRET;5;6.05.1954;0;5
NEKER;5;8.08.1957;0;5
HENNAR;5;30.05.1965;0;5
CANEM;5;28.09.1985;0;5
ABDULBEDI;5;8.12.1967;5;0
ALSU;5;22.08.1982;0;5
OVGUM;5;17.01.1989;2;3
ESAMEDDIN;5;18.06.1967;5;0
BEHEYYE;5;22.01.1952;0;5
NURUBE;5;3.07.1972;0;5
SARSILMAZ;5;4.04.1974;5;0
DAISTAN;5;21.12.1967;5;0
ZARIFIYE;5;14.01.1960;0;5
KIRGIZ;5;17.04.1953;2;3
BAZEN;5;19.10.1951;0;5
FEYRAZ;5;11.12.1960;0;5
SERAFEDTIN;5;30.08.1955;5;0
BOLENT;5;5.07.1971;5;0
KUCUKGUL;5;25.09.1952;0;5
ABDULCAFER;5;29.10.1966;5;0
TANEY;5;7.06.1946;0;5
BULTAN;5;28.06.1955;4;1
GULGIZAR;5;16.02.1955;0;5
PASE;5;1.11.1939;0;5
FECI;5;27.11.1959;5;0
NARSEL;5;30.01.1960;0;5
RAYIKAN;5;19.01.1950;0;5
AYSEGULER;5;4.01.1947;0;5
FIKRE;5;11.08.1953;0;5
SAHORE;5;14.09.1955;0;5
ERESIL;5;7.08.1959;5;0
BARISTAN;5;18.09.1985;0;5
NARFIDE;5;10.02.1970;0;5
ELZBIETA;5;22.01.1967;0;5
FEREN;5;24.02.1966;3;2
GADDER;5;21.04.1968;0;5
GULCOHRE;5;16.03.1962;0;5
RADYETE;5;30.10.1964;0;5
CENEN;5;25.05.1960;1;4
SUFER;5;24.07.1956;5;0
ZANIYE;5;2.04.1954;0;5
NESLIYAN;5;1.07.1966;0;5
BERUHA;5;25.07.1961;0;5
KENDINAZ;5;16.08.1959;0;5
GOKSAY;5;27.08.1982;5;0
MENKURE;5;11.06.1963;0;5
ZINOS;5;30.05.1955;0;5
SERAFIDDIN;5;28.05.1954;5;0
CIHANDUR;5;1.06.1972;5;0
MISAR;5;8.09.1976;3;2
FAHRIALEM;5;13.11.1966;5;0
BALIGA;5;30.09.1945;0;5
SUARA;5;11.10.1967;1;4
GUMULCEN;5;14.09.1955;0;5
GULTEGIN;5;20.03.1962;3;2
ILTAR;5;18.06.1960;2;3
ODEN;5;30.07.1965;3;2
ELKIN;5;5.09.1974;2;3
NUDAR;5;4.09.1970;0;5
SUFADIYE;5;2.01.1958;0;5
DUYAN;5;11.12.1956;3;2
PURCAN;5;10.11.1974;0;5
PEYVENT;5;7.11.1969;5;0
MINHAL;5;13.10.1980;1;4
ZEYHEN;5;22.04.1973;0;5
BEDAI;5;2.03.1955;3;2
MILKIYA;5;11.09.1986;0;5
MULAY;5;24.07.1965;2;3
NEZIRIN;5;12.11.1960;0;5
NEHEM;5;1.02.1959;0;5
ERTURGUL;5;25.03.1975;5;0
NUKI;5;2.12.1944;0;5
VAYETTIN;5;18.08.1970;5;0
GARIPSAN;5;13.09.1977;0;5
HATICETIL;5;26.02.1974;0;5
DALIYE;5;1.03.1964;0;5
NESIAT;5;7.03.1966;0;5
HASNUR;5;15.10.1979;0;5
FERIHNAZ;5;11.04.1957;0;5
HEREMSAH;5;29.01.1976;0;5
MERIFET;5;11.12.1957;0;5
SULEYIMAN;5;6.03.1943;5;0
SAGBATULLAH;5;30.01.1985;5;0
MUHIN;5;8.09.1959;4;1
FEYLEZUR;5;29.12.1979;5;0
PERIA;5;28.03.1948;0;5
SELVAT;5;13.04.1959;3;2
AYBARSHAN;5;25.05.1984;5;0
YASLAN;5;5.04.1970;2;3
SIRYE;5;30.05.1962;0;5
SUHUBET;5;19.05.1964;0;5
RADISE;5;17.08.1975;0;5
TAYRI;5;23.10.1950;0;5
MESRUYE;5;16.02.1977;0;5
KASRIYE;5;7.08.1953;0;5
ZIRINAZ;5;15.12.1970;0;5
MALYETE;5;27.01.1963;0;5
FEYATI;5;21.03.1967;5;0
CIBRIK;5;24.09.1953;5;0
SULAFE;5;1.05.1946;0;5
AYME;5;22.07.1966;0;5
NIKMET;5;13.08.1948;3;2
SIGO;5;8.06.1957;5;0
MELIKNAZ;5;18.10.1964;0;5
HOSRO;5;12.05.1960;5;0
FUDAIL;5;23.05.1980;5;0
FAKURULLAH;5;19.07.1975;5;0
HOZI;5;19.04.1956;3;2
HUZYETE;5;26.09.1954;0;5
BAMYA;5;11.11.1955;0;5
GULSECIM;5;7.08.1956;0;5
MERAKNAZ;5;5.08.1971;0;5
AYMA;5;8.01.1962;0;5
GULFINCAN;5;17.06.1975;0;5
GELHAN;5;11.09.1968;5;0
SIRME;5;6.06.1948;0;5
CELAATTIN;5;12.02.1965;5;0
FIRYET;5;26.04.1977;0;5
MUHTIME;5;11.02.1981;0;5
KAILE;5;13.07.1948;0;5
NAZEKE;5;25.03.1947;0;5
IFETE;5;26.07.1960;0;5
SIGAN;5;24.03.1956;3;2
EDIPE;5;19.04.1958;0;5
HAVAYE;5;27.04.1978;0;5
GULEMER;5;10.11.1953;2;3
DELUBAS;5;17.04.1950;5;0
MEHIDIYE;5;13.03.1974;0;5
SEMZIN;5;11.02.1959;5;0
DALHA;5;17.04.1959;5;0
URTAN;5;26.01.1952;2;3
LEYUSA;5;10.01.1977;0;5
NISLO;5;7.10.1925;0;5
REZVAN;5;14.02.1965;4;1
HASAMETTIN;5;24.10.1970;5;0
ROJGUL;5;3.09.1986;0;5
HIKMETILLAH;5;8.01.1964;5;0
RUKUYETE;5;23.11.1972;0;5
OZGEGUL;5;20.11.1987;0;5
GULDONUS;5;5.06.1970;0;5
IZZETCAN;5;28.04.1984;5;0
EBOBEKIR;5;1.07.1958;5;0
UYA;5;4.05.1956;0;5
CUVEYRE;5;23.08.1950;0;5
SEFIKAT;5;17.08.1957;0;5
SAHZINET;5;11.05.1967;0;5
BILGAR;5;10.07.1955;0;5
GULCEMIN;5;9.06.1974;0;5
PEHLUVAN;5;3.10.1955;5;0
HEFSE;5;28.12.1972;0;5
MUBEYHAN;5;3.01.1963;0;5
AGALAR;5;29.04.1955;5;0
HULVANI;5;6.10.1962;5;0
PAYDAS;5;16.07.1980;5;0
UZEYFA;5;26.07.1973;4;1
MAHCEBIL;5;12.12.1943;0;5
GULSAYAN;5;15.07.1959;0;5
BENGINUR;5;23.04.1976;0;5
ZEREVAN;5;25.08.1991;5;0
SIHU;5;18.11.1939;5;0
HEKIMA;5;14.12.1979;0;5
ZEHI;5;2.05.1953;0;5
KESIRA;5;28.02.1980;0;5
ZEBUDE;5;20.02.1958;0;5
RIZAHAN;5;9.09.1953;5;0
MAZIYET;5;8.01.1971;0;5
BILNAS;5;27.08.1973;0;5
KAJIN;5;29.09.1991;4;1
FERMEN;5;11.01.1969;4;1
PEYCAN;5;29.11.1966;4;1
DINSEVER;5;13.09.1971;4;1
CELI;5;1.08.1958;1;4
CIKO;5;9.08.1944;4;1
JILA;5;18.04.1986;0;5
MEYVAN;5;17.06.1959;2;3
MEGRIMA;5;15.02.1979;0;5
EYNI;5;25.09.1962;1;4
MECITHAN;5;25.04.1973;5;0
HADO;5;17.09.1945;3;2
HEVAHAN;5;24.10.1956;0;5
HUSNIHAN;5;10.05.1971;0;5
BEGISI;5;12.07.1950;0;5
NEZIBA;5;5.08.1972;0;5
POR;5;26.02.1953;0;5
MUSELMAN;5;1.08.1980;0;5
PIRBEZ;5;29.09.1948;0;5
MEVAN;5;1.12.1968;3;2
ABDUVAHAP;5;28.01.1968;5;0
PEPO;5;27.08.1937;4;1
AHMO;5;17.01.1954;5;0
SARMAN;5;10.02.1957;5;0
HOGI;5;25.10.1961;0;5
SEBAHADIN;5;9.02.1951;5;0
MANIYE;5;21.05.1962;0;5
KOTAS;5;22.01.1950;1;4
SEBEP;5;25.11.1977;1;4
HEVSET;5;25.01.1961;0;5
TAMIME;5;26.09.1966;0;5
MISI;5;11.07.1939;0;5
BEHIYEHAN;5;22.01.1970;0;5
GOYUN;5;6.01.1943;0;5
AYHANGUL;5;10.06.1967;0;5
SEVUL;5;9.02.1960;0;5
BURCIL;5;15.05.1985;0;5
AVET;5;21.06.1959;3;2
ONUL;5;15.08.1971;5;0
HABBAN;5;3.01.1965;0;5
TUGCEGUL;5;28.07.1990;0;5
MUNSER;5;30.04.1967;0;5
HARIKE;5;9.01.1974;0;5
ERFIN;5;22.08.1982;4;1
TOYMAN;5;17.01.1972;5;0
MIHRIBANU;5;30.06.1967;0;5
SUFEYDE;5;11.01.1957;0;5
KULTURAL;5;5.10.1963;5;0
BILENDER;5;19.10.1967;5;0
ELBA;5;7.08.1980;3;2
ESAR;5;5.11.1969;0;5
ZULGARIYE;5;8.12.1973;2;3
ESMERALDA;5;5.11.1974;0;5
KULHIZAR;5;4.03.1937;0;5
TALIT;5;19.09.1951;5;0
ABDULKIYAS;5;26.07.1953;5;0
ILKSU;5;13.06.1986;0;5
MUKERRE;5;14.02.1958;1;4
SAMHATUN;5;22.11.1937;0;5
GULKIYE;5;23.10.1951;0;5
NURCIYAN;5;25.03.1967;0;5
ZULIYA;5;4.03.1966;0;5
TSIURI;5;28.10.1960;0;5
VEZIRHAN;5;25.09.1969;3;2
MEHRICIHAN;5;10.03.1966;0;5
GULUYA;5;1.01.1976;0;5
SENNIK;5;30.08.1959;4;1
GULGOR;5;23.12.1957;0;5
ANIKO;5;9.07.1953;0;5
KARANFILE;5;22.07.1944;0;5
SAYES;5;18.12.1953;1;4
HIKMETCAN;5;21.04.1986;5;0
SERIFFATMA;5;21.06.1941;0;5
NECILAN;5;28.12.1955;0;5
GOGEN;5;30.08.1971;1;4
FERGUDAN;5;1.03.1970;0;5
TELLAT;5;11.04.1961;5;0
KAZIMIYE;5;13.03.1967;0;5
ABDILBAKI;5;23.03.1961;5;0
AYGULE;5;19.09.1954;0;5
ALASKER;5;15.09.1960;5;0
UNBULBANI;5;12.03.1966;0;5
SELPER;5;2.12.1968;2;3
ZARKALEM;5;10.12.1958;0;5
GULTURAN;5;21.02.1950;1;4
BAGCAGUL;5;8.02.1947;0;5
YAGDAGUL;5;28.01.1945;0;5
GOCEN;5;16.07.1982;2;3
ZILFELI;5;23.02.1968;5;0
HANMET;5;28.05.1963;5;0
TOKSAL;5;11.09.1970;5;0
ELEMDAR;5;8.07.1965;5;0
MUTAYIT;5;20.02.1969;5;0
IMAMKULU;5;20.03.1956;5;0
EKIREM;5;20.01.1967;5;0
ZEYTUNA;5;18.09.1967;0;5
FIHRINAZ;5;12.06.1967;0;5
ERDANAY;5;26.08.1975;5;0
GULSEBA;5;1.05.1965;0;5
GULFURAZ;5;21.11.1970;0;5
NURUZ;5;26.07.1965;0;5
ALISINAN;5;6.09.1967;5;0
OCAKVERDI;5;15.03.1946;5;0
ERTEMIZ;5;10.04.1962;5;0
ZIHNIZAR;5;20.03.1954;0;5
MAHITABAN;5;4.10.1944;1;4
ZIYETHAN;5;4.02.1954;5;0
BENOSE;5;19.07.1961;0;5
FATIHMEHMET;5;29.07.1983;5;0
NINIFER;5;26.01.1962;0;5
SEVYET;5;1.03.1970;0;5
KUBBAR;5;29.10.1966;0;5
EKIT;5;29.08.1938;5;0
HATILE;5;2.05.1980;0;5
ABULFET;5;7.09.1949;5;0
VERAN;5;11.10.1961;1;4
AYRILIK;5;3.06.1979;0;5
ABDURRESAT;5;21.03.1963;5;0
GOLESER;5;1.04.1958;0;5
HUNIYE;5;16.08.1974;0;5
MERYAMAN;5;5.02.1967;0;5
BERISAN;5;13.06.1956;0;5
ALLAH;5;7.07.1967;5;0
HAFILE;5;2.09.1965;0;5
SONTAS;5;23.07.1979;2;3
SEDILE;5;24.10.1960;0;5
MASINE;5;3.01.1945;0;5
HUZURE;5;20.04.1950;0;5
ACEMIYE;5;5.01.1963;0;5
ALAYBEGI;5;17.03.1941;5;0
NACIHA;5;22.10.1955;0;5
FILHAN;5;13.06.1964;0;5
SUTTO;5;17.08.1940;5;0
HACIKERIM;5;3.09.1943;5;0
ZEVO;5;20.03.1943;0;5
ALITURAN;5;24.05.1960;5;0
KANTURE;5;7.03.1968;0;5
SEKERYA;5;5.03.1972;0;5
RESMIYYE;5;5.12.1965;0;5
MEZE;5;12.03.1958;1;4
TURKUNAZ;5;10.01.1958;0;5
KOSAN;5;21.10.1975;2;3
LILPER;5;9.06.1964;0;5
AYGAN;5;17.09.1982;5;0
AYSEF;5;18.03.1966;4;1
DADOK;5;27.01.1958;0;5
ABAYAT;5;21.02.1965;0;5
PUNHAN;5;7.02.1972;2;3
HURNUSE;5;22.07.1957;0;5
PERLAN;5;21.09.1961;0;5
BURCALI;5;3.07.1957;5;0
FERAHGUL;5;30.11.1965;0;5
IBEK;5;3.08.1954;0;5
GOGUL;5;22.01.1958;1;4
MANZURE;5;24.02.1969;0;5
HERGULEN;5;29.12.1973;0;5
HURZAT;5;23.06.1958;0;5
BEYDEMIR;5;25.11.1965;5;0
NIZALI;5;1.10.1947;5;0
ENGINNAR;5;11.12.1972;0;5
ATENER;5;13.01.1976;5;0
SONCICEK;5;27.04.1973;0;5
SAYYARE;5;28.10.1955;0;5
TOKKALI;5;19.10.1959;0;5
MINICE;5;2.03.1976;0;5
PALLI;5;4.09.1944;0;5
TOYFE;5;17.09.1947;0;5
RUYIZE;5;4.03.1966;0;5
BEYSULTAN;5;5.09.1967;5;0
BAKTIGUL;5;30.03.1974;0;5
GULAMDAN;5;4.01.1969;0;5
SONPASA;5;13.07.1972;0;5
SULETTIN;5;1.01.1955;5;0
SALIMAT;5;2.05.1958;0;5
AYSAM;5;27.01.1965;3;2
MEMLEKET;5;19.07.1956;1;4
DELHA;5;28.03.1965;4;1
TUNCTURK;5;10.04.1970;5;0
ZANBAK;5;16.10.1960;0;5
ABDURRAHMANGAZI;5;5.08.1962;5;0
BAYBURT;5;15.06.1953;5;0
SELGUZAR;5;30.10.1944;0;5
MORO;5;17.10.1948;4;1
TEHMEN;5;18.07.1967;5;0
RESITHAN;5;21.05.1973;5;0
BASTURK;5;14.09.1974;5;0
HEDIM;5;25.09.1969;2;3
MUSUBE;5;22.02.1963;0;5
MUZDE;5;12.01.1978;0;5
NUHER;5;10.09.1960;4;1
AYNAHAN;5;11.10.1962;0;5
CESMIGUL;5;6.03.1959;0;5
TALIKE;5;19.01.1966;0;5
NIGORA;5;25.04.1975;0;5
GUSTUN;5;24.08.1960;0;5
EBRUZE;5;22.01.1971;0;5
NECEHAN;5;25.05.1960;0;5
MUSLUHATTIN;5;4.08.1963;5;0
FERZIYA;5;7.02.1960;0;5
MUSTEBEY;5;3.09.1955;5;0
RUVEYHA;5;1.01.1980;0;5
SUKUNE;5;21.01.1950;0;5
BUGURCAN;5;18.09.1990;4;1
YURCAN;5;5.11.1965;2;3
ULKUSAH;5;5.03.1981;0;5
ONDERHAN;5;13.04.1985;5;0
RESULIYE;5;30.03.1969;0;5
KAREFIL;5;20.06.1966;0;5
PEKSAN;5;5.08.1972;1;4
URFUDIYE;5;7.08.1949;0;5
NEHRA;5;21.01.1984;0;5
BAHTILE;5;29.09.1968;0;5
KALU;5;21.04.1946;4;1
MEHMETDEDE;5;3.06.1967;5;0
GULDOMUR;5;17.10.1968;0;5
MEHARET;5;27.02.1951;0;5
IHLIMA;5;14.04.1969;0;5
LUBE;5;27.01.1968;0;5
FAZILIYET;5;16.02.1971;0;5
KAHRIMEN;5;14.09.1964;4;1
NAFIGA;5;2.03.1970;0;5
NURYUZ;5;11.05.1952;1;4
AYSIYE;5;19.03.1957;0;5
ZAFURA;5;14.11.1961;0;5
RUGIZAN;5;17.03.1965;0;5
KAHAP;5;22.12.1959;5;0
ATIFAT;5;11.08.1960;0;5
MEFKAR;5;10.12.1954;5;0
LADIKAR;5;11.09.1960;0;5
GULCAFER;5;6.05.1970;0;5
EDREMIT;5;24.04.1967;2;3
GULHABI;5;25.02.1978;5;0
MUHUDIN;5;20.10.1962;5;0
SEVGIZAR;5;27.07.1963;0;5
HUDI;5;15.10.1948;1;4
YURTLU;5;20.02.1952;4;1
TEFIDIYE;5;19.10.1962;0;5
BELGISE;5;4.01.1948;0;5
HADIMA;5;30.11.1949;0;5
ZIHNUR;5;2.03.1975;2;3
ZULUBE;5;8.11.1947;0;5
FANA;5;27.10.1945;0;5
UZGAN;5;25.01.1952;0;5
SEHRU;5;21.08.1967;4;1
BELCIZ;5;28.12.1956;0;5
CELIKCAN;5;15.11.1956;5;0
HULVER;5;3.06.1972;0;5
OLCAHAN;5;4.09.1973;3;2
SENABER;5;27.06.1959;0;5
MAFIK;5;20.07.1961;5;0
GULBIS;5;26.12.1955;0;5
MUNEBBIYE;5;9.01.1943;0;5
MEFAL;5;9.04.1961;1;4
TAHCETTIN;5;5.03.1966;5;0
BAHTER;5;11.09.1953;2;3
YURDADON;5;22.04.1982;4;1
ISSAK;5;18.06.1973;5;0
MEYRIS;5;12.10.1963;0;5
SAVASIM;5;17.05.1982;4;1
BEYNAZI;5;25.02.1963;2;3
BATISE;5;1.12.1957;0;5
HANKUS;5;11.09.1944;0;5
SACIDDIN;5;5.04.1953;5;0
NINGUL;5;29.05.1966;0;5
UZIME;5;24.11.1953;0;5
EVCIN;5;20.03.1960;0;5
SABIRAN;5;1.07.1945;0;5
AYDONAT;5;25.08.1960;3;2
ANSAY;5;6.10.1974;5;0
HUDAHI;5;4.11.1956;4;1
FARIDDIN;5;29.03.1945;5;0
ASRET;5;30.06.1968;2;3
SEVDAVER;5;23.06.1957;0;5
YURDANER;5;14.04.1974;4;1
SEMAHETTIN;5;25.11.1954;4;1
MUZAFFET;5;12.10.1950;4;1
EMINAY;5;2.08.1977;1;4
AYDANE;5;20.03.1963;0;5
SERHANT;5;1.04.1980;4;1
GULAHAT;5;4.03.1969;0;5
CEVCETTIN;5;6.11.1968;5;0
MUBEYCAN;5;18.03.1975;0;5
SAADDETTIN;5;1.11.1965;5;0
ZEMINAZ;5;7.05.1951;0;5
NEFIR;5;8.09.1952;3;2
MUBAYETTIN;5;9.02.1961;5;0
ATASEL;5;27.05.1972;4;1
ASLISEN;5;11.11.1955;0;5
AYTOLAN;5;27.10.1973;4;1
ELDEBIRAN;5;2.02.1961;0;5
SELADIYE;5;26.04.1964;0;5
ZEBIL;5;28.05.1966;1;4
MEFFARE;5;13.05.1972;0;5
ELCINAY;5;15.08.1980;0;5
NIGEN;5;10.06.1976;0;5
SEDAH;5;11.05.1975;0;5
AYSEFA;5;17.03.1962;1;4
ARTUK;5;12.11.1967;5;0
YAKUPCAN;5;24.11.1984;5;0
BAYRIE;5;21.05.1974;0;5
IBADIL;5;24.10.1949;5;0
HAMDICAN;5;21.03.1988;5;0
GULCINAN;5;1.03.1971;0;5
NUREYYA;5;7.01.1969;0;5
OMURGAN;5;10.11.1964;2;3
HASANA;5;16.10.1942;0;5
IRGUL;5;1.02.1956;0;5
RIVAYE;5;6.04.1944;0;5
NURDOVAN;5;22.12.1959;4;1
HAYSUN;5;20.01.1964;1;4
HEYBETI;5;22.12.1946;0;5
BEYYA;5;4.05.1964;0;5
HARIZE;5;29.08.1948;0;5
HULLUYE;5;28.07.1969;0;5
BURAL;5;14.05.1979;5;0
HISTO;5;1.09.1949;4;1
NEYRIYE;5;15.02.1963;0;5
MARZUKA;5;26.10.1962;0;5
EZMIHAN;5;24.03.1951;0;5
FATIMETI;5;22.05.1963;0;5
ZEMA;5;25.01.1959;0;5
TUUBA;5;21.04.1984;0;5
EYLIM;5;4.10.1977;1;4
MUKIMSAH;5;26.4.1561;5;0
GAREY;5;13.06.1958;0;5
SEMSINE;5;27.01.1959;0;5
NAZILIYE;5;5.05.1963;0;5
SENGU;5;10.12.1969;1;4
NUHSEL;5;17.10.1962;2;3
GULEMDAR;5;2.09.1962;0;5
ORHAL;5;18.10.1971;5;0
SUZAR;5;12.01.1972;0;5
TURSINE;5;9.08.1957;0;5
RAKSAN;5;27.10.1964;0;5
LILDA;5;13.09.1966;0;5
MELIZE;5;5.04.1966;0;5
NULFET;5;21.10.1969;1;4
PERA;5;8.07.1941;0;5
NEVERAN;5;14.05.1967;5;0
ONDAL;5;19.05.1966;5;0
REYANE;5;21.07.1966;0;5
HUMAYRA;5;8.09.1976;0;5
FILLO;5;18.03.1947;2;3
TENVIR;5;26.01.1950;2;3
BUKHET;5;11.06.1968;0;5
AYPEN;5;9.02.1968;0;5
GULANDA;5;2.10.1971;0;5
ISABIL;5;16.10.1967;5;0
SEYNEL;5;28.01.1973;1;4
MERSUKA;5;27.03.1967;0;5
ENAN;5;22.11.1963;4;1
MUSAMITTIN;5;10.03.1955;5;0
GULUSHAN;5;23.01.1969;0;5
ABDULKAMIL;5;9.01.1976;5;0
BALEMIR;5;23.08.1980;5;0
ESEMAN;5;5.10.1958;0;5
CAPAR;5;15.08.1949;4;1
KADIRETTIN;5;16.10.1959;5;0
BERKKAN;5;1.08.1985;5;0
KUTDIS;5;17.01.1960;4;1
ARIZ;5;30.08.1955;2;3
KABUL;5;15.04.1963;0;5
MUSHAN;5;21.12.1964;2;3
SEJDAN;5;28.08.1979;0;5
HELLI;5;18.02.1939;1;4
MEHMETSUKRU;5;7.03.1957;5;0
SEVCET;5;12.04.1963;4;1
MUGIME;5;14.10.1966;0;5
HILFAN;5;1.11.1949;4;1
MISLINE;5;11.06.1968;2;3
MENTIZE;5;10.09.1965;0;5
MAKFIRET;5;26.07.1970;0;5
BUTUN;5;13.04.1962;1;4
FETVE;5;23.04.1957;0;5
SAHLEVENT;5;23.09.1969;0;5
DUYUNC;5;26.12.1986;2;3
EZGISU;5;17.06.1990;0;5
YURTEL;5;20.10.1965;2;3
KLODIN;5;16.03.1983;0;5
YASIMA;5;9.08.1981;0;5
AYHAL;5;13.01.1949;0;5
AYMET;5;27.02.1965;1;4
REBILA;5;27.10.1964;0;5
ILI;5;3.09.1944;1;4
MUREL;5;21.11.1967;2;3
NURTUL;5;26.01.1974;0;5
FERDIHAN;5;30.08.1957;2;3
UNDAL;5;23.02.1967;4;1
ALBERK;5;16.02.1985;5;0
AHUDUDU;5;25.09.1984;0;5
KENDISAH;5;14.11.1971;1;4
SEDAFER;5;3.01.1968;1;4
IGBALE;5;28.11.1963;0;5
DURGANI;5;18.09.1959;4;1
MENZUNE;5;25.09.1966;0;5
GULSAF;5;16.05.1967;0;5
SATA;5;15.06.1944;1;4
PAKSOY;5;22.07.1968;5;0
SONGULLU;5;23.03.1969;0;5
YAVUZKAN;5;2.09.1978;5;0
GONAY;5;18.02.1968;3;2
MULYA;5;9.10.1957;0;5
MUSELLA;5;17.07.1963;0;5
NAZURE;5;29.12.1958;0;5
FERAZIM;5;9.12.1974;5;0
BIRSET;5;11.09.1972;2;3
SUTAN;5;9.06.1976;1;4
ZIHNIS;5;14.03.1961;0;5
NESAL;5;13.07.1956;3;2
GOKTU;5;7.12.1983;4;1
TUNCIYE;5;4.08.1966;0;5
VEHEP;5;5.11.1955;5;0
ISIKAY;5;29.05.1964;0;5
MUBELLA;5;12.11.1962;0;5
MAHZEN;5;26.06.1945;4;1
NESALET;5;7.09.1967;0;5
OZAYIR;5;14.04.1975;5;0
EBES;5;26.09.1962;5;0
NURSABA;5;19.02.1974;0;5
TURHANE;5;9.12.1948;0;5
HASISE;5;2.06.1971;0;5
ENGIL;5;1.11.1973;4;1
SIHIRNAZ;5;19.12.1964;0;5
FEYRUS;5;11.09.1966;3;2
DANYAN;5;7.10.1966;5;0
SEHSAMIL;5;14.01.1977;5;0
FILIN;5;24.11.1964;0;5
NECNUR;5;20.09.1968;1;4
HUMANUR;5;9.05.1982;0;5
GAYGUSUZ;5;7.06.1972;5;0
INTIHAM;5;12.06.1968;2;3
TULBIYE;5;2.07.1968;0;5
SENGOZ;5;6.09.1945;1;4
ILKNURAY;5;18.10.1981;0;5
EGANE;5;5.05.1977;0;5
RUKSAT;5;25.11.1950;0;5
NEFTUNE;5;17.03.1975;0;5
ABDIKADIR;5;24.04.1958;5;0
SEVSAN;5;10.07.1962;0;5
SACER;5;6.03.1967;0;5
GULFIKA;5;19.05.1954;0;5
SEYIRE;5;7.03.1968;0;5
KARIB;5;26.04.1957;5;0
KADIRAY;5;3.09.1989;3;2
EFILER;5;18.01.1978;0;5
BEDIREN;5;21.03.1955;5;0
IMARET;5;27.05.1958;1;4
ATIYLE;5;5.04.1962;1;4
SERME;5;20.01.1961;0;5
HURRE;5;17.02.1963;5;0
ZEKAN;5;19.09.1971;4;1
MENEND;5;16.02.1970;1;4
SEVIBAN;5;1.03.1974;2;3
MUTAHHIRE;5;9.06.1954;0;5
GULFA;5;28.02.1971;0;5
NACICE;5;19.02.1965;0;5
SEYA;5;28.10.1974;0;5
GURBIYE;5;25.09.1959;0;5
SIZAYI;5;23.07.1965;5;0
SUNNEHAN;5;20.02.1976;0;5
METLIA;5;21.08.1971;0;5
YEHYE;5;14.09.1963;5;0
ALIYUL;5;6.03.1958;5;0
GUNEYKAN;5;27.03.1988;5;0
MUTUA;5;12.01.1959;0;5
RIVAYDA;5;7.11.1973;0;5
CANSAT;5;30.09.1957;0;5
BOLKAR;5;9.06.1983;4;1
FELLEK;5;15.10.1961;0;5
GUVEYRIYE;5;12.01.1964;0;5
SANSINE;5;20.8.1560;0;5
UYGURE;5;6.12.1944;0;5
KILINCASLAN;5;29.06.1955;5;0
NEZHAN;5;10.12.1958;0;5
ABIDULLAH;5;23.10.1976;5;0
HAMDULLA;5;21.02.1962;5;0
MUHAYET;5;14.01.1975;0;5
MELEFE;5;1.09.1956;0;5
RAMINE;5;21.04.1974;0;5
RUTIYE;5;23.07.1970;0;5
KULAL;5;18.07.1985;4;1
RAMYA;5;6.05.1979;0;5
TAVSI;5;4.06.1954;0;5
HUZIN;5;23.07.1981;0;5
EZBIHAN;5;27.08.1982;0;5
NILGI;5;18.08.1971;0;5
MOSUN;5;30.01.1956;2;3
AKDIN;5;25.02.1978;5;0
EZMAN;5;5.10.1973;3;2
MOKE;5;1.12.1948;0;5
ANVAR;5;20.10.1964;5;0
MAHRUSE;5;1.06.1945;0;5
UNYAMIN;5;18.09.1966;5;0
KEZZUBAN;5;29.04.1970;0;5
BABAS;5;28.06.1944;5;0
BADETTIN;5;24.08.1976;5;0
DUDULU;5;8.07.1963;0;5
YAKUBE;5;2.05.1970;0;5
SAFAGUL;5;19.05.1956;0;5
CECENI;5;19.07.1957;0;5
UMBER;5;4.03.1975;0;5
HASIF;5;4.02.1974;5;0
NADIVER;5;17.01.1974;0;5
KECAN;5;12.06.1949;0;5
VESVEDIN;5;11.03.1973;5;0
ESHABI;5;5.12.1974;5;0
ITAAT;5;2.11.1958;1;4
KAFURA;5;16.06.1968;0;5
HUTBEDDIN;5;2.12.1952;5;0
MUHLIME;5;13.09.1952;0;5
NEJIBE;5;26.11.1953;0;5
GULERSEN;5;10.12.1957;0;5
TUFE;5;21.01.1968;0;5
BERIM;5;25.05.1964;0;5
CANSELIN;5;20.03.1985;0;5
AYTOLUN;5;27.11.1957;2;3
YASARAN;5;17.03.1964;0;5
MUHIBIDDIN;5;13.04.1965;5;0
ISILAR;5;3.07.1964;0;5
GULEDAL;5;9.07.1962;0;5
ZEYKAN;5;13.01.1981;4;1
EYGUN;5;16.07.1971;2;3
CEBINE;5;29.10.1954;0;5
MEVLUKE;5;17.06.1976;0;5
FARAY;5;7.01.1971;2;3
SAMRE;5;23.10.1966;0;5
USEL;5;4.08.1962;1;4
MINASER;5;10.04.1973;0;5
MIZBAHATTIN;5;8.12.1980;5;0
RIBASE;5;10.10.1962;0;5
HAMEYLI;5;1.12.1951;0;5
MEFTANE;5;26.02.1970;0;5
MUSIP;5;22.08.1955;5;0
SEVEZAT;5;21.12.1955;0;5
TEVEKKELLI;5;22.01.1955;5;0
CEYCAN;5;9.11.1970;1;4
NISLA;5;14.12.1977;0;5
KEFALET;5;19.07.1963;0;5
GULHURU;5;16.03.1961;0;5
OZMER;5;6.02.1980;4;1
JALIYE;5;6.12.1979;0;5
DALIM;5;1.05.1980;1;4
BURSA;5;28.06.1977;0;5
MUFRICA;5;29.07.1946;0;5
TUREM;5;4.07.1978;1;4
EFRAMI;5;27.04.1968;5;0
GULIBAN;5;28.12.1963;0;5
ASUF;5;26.08.1978;5;0
GADIRE;5;10.09.1973;0;5
BAHURE;5;23.09.1954;0;5
ILKSAH;5;8.08.1988;2;3
KULDANE;5;15.10.1936;0;5
HOGAN;5;12.04.1952;0;5
NERCES;5;19.01.1964;0;5
HURSUDIYE;5;23.02.1957;0;5
MAHIRET;5;25.10.1929;0;5
EZDESIR;5;13.05.1949;5;0
GUSNE;5;25.01.1953;0;5
RIHEYLE;5;10.06.1951;0;5
REHAYLE;5;10.10.1956;0;5
ERCAHAN;5;20.02.1959;5;0
CUNE;5;11.10.1949;0;5
EBLIZET;5;25.02.1976;0;5
SUMAY;5;14.08.1974;2;3
TAHSIL;5;15.02.1972;4;1
KURUL;5;20.03.1975;5;0
BEHITTIN;5;1.01.1963;5;0
SUNDUR;5;22.03.1958;1;4
SONGUZ;5;20.09.1972;0;5
RAKITE;5;17.03.1965;0;5
LUBBA;5;18.03.1964;0;5
GULFIL;5;28.11.1955;0;5
FAKITA;5;12.09.1955;0;5
BIRZADE;5;4.03.1972;5;0
TELIHE;5;22.01.1957;0;5
MILEYIM;5;7.07.1974;0;5
DALOKAY;5;19.11.1978;5;0
USANDIK;5;29.04.1945;0;5
SAYDAL;5;17.09.1965;5;0
FESLIGAN;5;6.12.1959;0;5
SEVENGIL;5;7.11.1963;3;2
TEMIRE;5;7.01.1958;0;5
VERDISAH;5;11.09.1970;0;5
FIRDEUS;5;4.05.1978;0;5
BAYSABAH;5;6.07.1970;0;5
LAYLAN;5;21.07.1959;0;5
TEMZILE;5;20.08.1964;0;5
FECREDDIN;5;28.08.1972;5;0
TURKADIN;5;7.08.1939;0;5
ANAS;5;28.09.1963;1;4
MENAS;5;26.12.1970;0;5
YILDIRIMHAN;5;20.02.1981;5;0
NAZAT;5;26.08.1969;0;5
AS;5;29.08.1955;2;3
RAHAYLE;5;29.03.1971;0;5
LAYIBE;5;22.04.1953;0;5
SOYTEKIN;5;28.03.1962;5;0
ROKUS;5;1.03.1951;0;5
BAHICE;5;17.06.1968;0;5
MEMRIHAN;5;3.03.1978;0;5
ABDULHI;5;10.08.1962;5;0
ZELLIHA;5;19.08.1960;0;5
EL;5;4.08.1969;1;4
F.;5;29.11.1970;0;5
SARANUR;5;3.12.1984;0;5
IPEKGUL;5;13.08.1979;0;5
NURIY;5;1.01.1948;1;4
GAFUREY;5;2.09.1942;0;5
BUYAMIN;5;29.04.1965;5;0
BIRISEN;5;13.10.1957;0;5
HANZER;5;25.01.1962;1;4
GUHARI;5;7.07.1952;0;5
DILFOROZ;5;4.01.1969;0;5
TEYLI;5;14.04.1956;0;5
TESBIHE;5;3.07.1971;0;5
ABIZAR;5;1.02.1963;5;0
BAKIM;5;24.10.1969;4;1
TUNI;5;29.07.1958;0;5
KIBRI;5;24.01.1952;0;5
SAHIHA;5;1.07.1971;0;5
TAZIM;5;5.04.1956;4;1
NIGE;5;26.04.1968;0;5
ARJIN;5;25.09.1987;2;3
GEZNE;5;17.12.1971;0;5
YIDIZ;5;22.09.1977;0;5
DORDANE;5;10.06.1968;0;5
HAFUREY;5;23.10.1562;0;5
PITI;5;26.06.1933;0;5
GAZINE;5;8.07.1955;0;5
GOLNUR;5;2.07.1974;0;5
HANPULE;5;5.10.1954;0;5
FERIDEGUL;5;12.10.1975;0;5
ALBAYRAK;5;19.03.1968;4;1
KOCAN;5;12.04.1968;5;0
BEYTULA;5;19.02.1955;4;1
ISSI;5;17.05.1956;1;4
GUDAR;5;25.05.1981;5;0
SABAHE;5;19.08.1946;0;5
NEHSAN;5;5.08.1965;5;0
TEHIDE;5;9.09.1957;0;5
MUHIMME;5;4.02.1967;0;5
SEVDEAL;5;7.12.1959;0;5
MELEKEN;5;27.11.1961;0;5
ILVANI;5;27.09.1963;2;3
CAHANKER;5;7.02.1965;4;1
ANALI;5;27.04.1952;0;5
GULUMFER;5;1.04.1969;0;5
HAPUS;5;6.11.1963;0;5
NORU;5;25.08.1967;4;1
SABIHET;5;29.2.1945;0;5
RIDFAN;5;30.04.1968;5;0
LENKA;5;30.04.1972;0;5
AZAN;5;3.12.1970;4;1
LYAZZAT;5;8.08.1974;0;5
ABDULAY;5;23.01.1961;5;0
NAILIA;5;7.09.1967;0;5
FERDIL;5;19.11.1971;3;2
NURCENNET;5;30.03.1983;0;5
ILIMSER;5;5.07.1966;1;4
HAFIZAN;5;24.08.1981;0;5
NESUBE;5;25.02.1966;0;5
SALINA;5;15.01.1976;0;5
EILEEN;5;19.12.1957;0;5
GUNENDAM;5;8.07.1949;0;5
FATIMEANA;5;9.08.1969;0;5
ZIYADA;5;11.12.1969;1;4
ABDICAN;5;6.09.1979;5;0
DARIN;5;29.08.1970;0;5
OZGURE;5;4.01.1977;0;5
FELHA;5;23.12.1964;0;5
MELVE;5;3.11.1986;0;5
SEFAHIR;5;19.03.1962;0;5
JULYE;5;11.07.1957;0;5
HURSAD;5;18.07.1982;4;1
ICEN;5;8.06.1963;2;3
GULSINAR;5;4.05.1958;0;5
BAYTURK;5;13.09.1969;5;0
NESIREN;5;17.10.1967;0;5
BASA;5;15.05.1945;3;2
MESNUR;5;4.05.1971;1;4
SEHHAN;5;10.10.1958;1;4
ADELA;5;15.09.1978;0;5
MUDAR;5;8.02.1983;5;0
TEKTEN;5;23.11.1963;4;1
ZEYYAN;5;15.10.1970;3;2
ANACAN;5;25.06.1986;0;5
CEHIZE;5;10.11.1961;0;5
ASANIM;5;2.11.1963;0;5
NURDAGUN;5;1.05.1957;0;5
MUCUDET;5;17.01.1966;2;3
ATEN;5;1.10.1958;0;5
ZEKERE;5;19.04.1955;4;1
MISTI;5;28.03.1943;4;1
ANAGADIN;5;4.10.1961;0;5
TUFAY;5;20.04.1959;4;1
DERE;5;29.12.1986;1;4
NEFES;5;28.06.1980;1;4
ASANE;5;6.07.1980;0;5
ZIKIRI;5;20.11.1969;5;0
BETTINA;5;6.10.1966;0;5
M.FIKRI;5;23.04.1952;5;0
RESIHA;5;2.12.1945;0;5
DJAMILIA;5;20.10.1969;0;5
YULIANA;5;12.12.1978;0;5
ELMAR;5;18.04.1973;4;1
SAKINER;5;16.06.1976;3;2
ENVARE;5;1.04.1966;0;5
GUDDISI;5;9.05.1971;5;0
EGLEN;5;20.10.1975;2;3
MERDIYEN;5;8.11.1965;0;5
SEBAYIL;5;19.10.1965;3;2
GANIMAT;5;21.01.1967;0;5
BURTA;5;7.03.1969;0;5
URVE;5;23.01.1968;3;2
HULMIYE;5;11.05.1967;0;5
AYHER;5;10.07.1959;1;4
SENDEN;5;24.03.1974;0;5
RAFETDIN;5;23.05.1960;5;0
YESEM;5;2.03.1963;0;5
ILYANA;5;9.12.1974;0;5
UNUVER;5;17.06.1965;2;3
GUSSIYE;5;5.06.1958;0;5
SECIHAT;5;10.07.1966;0;5
ALFRED;5;6.06.1947;5;0
KEYDA;5;6.07.1976;0;5
GULZAFER;5;1.11.1971;0;5
LEHAT;5;15.03.1983;3;2
MUZAHFER;5;21.01.1958;3;2
EFILAY;5;10.04.1981;0;5
CEZMINAZ;5;6.07.1966;0;5
NEJBETTIN;5;5.02.1968;5;0
SUVEDE;5;29.07.1964;0;5
LEVZAT;5;18.05.1964;4;1
ZERRINTAC;5;7.10.1971;0;5
BEDRUNNISA;5;12.12.1928;0;5
LAMIS;5;27.10.1966;0;5
HAZURE;5;16.06.1973;0;5
SARIHE;5;11.07.1967;0;5
BUBERIYE;5;20.03.1959;0;5
RUSDUYE;5;1.04.1960;0;5
ADEVIYYE;5;6.08.1960;0;5
YAGIS;5;25.08.1985;2;3
GEJO;5;4.05.1955;2;3
BILYAZ;5;12.08.1975;2;3
KIRBIYE;5;8.09.1970;0;5
RAZIHA;5;22.03.1972;0;5
SAMILHAN;5;20.09.1952;5;0
VAHADE;5;12.10.1973;0;5
TATIYANA;5;30.10.1971;0;5
MUCERRA;5;22.06.1950;0;5
REFIAT;5;26.08.1963;0;5
MUHTEDDIN;5;24.12.1968;5;0
AYSES;5;13.12.1956;0;5
SAFIYAT;5;30.04.1950;0;5
RAIKAN;5;30.2.1965;0;5
GUNSIRAY;5;15.06.1967;1;4
BEATA;5;4.11.1965;0;5
NIJEL;5;28.07.1970;0;5
TACIBE;5;2.11.1949;0;5
NESIRET;5;20.02.1945;0;5
MIDHET;5;3.03.1952;5;0
SIVEM;5;29.01.1986;0;5
MUNCUYE;5;1.03.1960;0;5
KAMALI;5;16.09.1962;3;2
CORA;5;12.07.1966;4;1
GONULGUL;5;28.01.1966;0;5
GULEKER;5;10.08.1955;0;5
IRMEN;5;18.12.1965;0;5
ZULKIFRI;5;7.11.1961;5;0
GUNNAMIN;5;10.11.1965;5;0
SEZAFER;5;19.02.1966;1;4
MELAN;5;22.11.1972;1;4
SEMIZ;5;10.05.1968;1;4
MELAHAD;5;28.11.1955;0;5
MAHINAR;5;24.08.1959;0;5
TEVGER;5;1.01.1983;3;2
ABDULSEKUR;5;10.06.1975;5;0
ESMANIM;5;14.02.1972;0;5
MUTAY;5;10.10.1973;1;4
BAHSIYE;5;1.08.1963;0;5
IMAS;5;4.12.1959;1;4
LEYUZA;5;8.02.1953;0;5
MINO;5;15.05.1962;0;5
BIBERYA;5;20.02.1971;0;5
NALMAS;5;4.01.1945;0;5
AZMICAN;5;30.07.1988;5;0
ILAVER;5;14.11.1969;4;1
ZARFA;5;6.05.1967;0;5
YURDABEY;5;14.11.1974;5;0
CISAN;5;2.12.1969;0;5
SAKIDE;5;29.11.1967;0;5
NEFFAL;5;16.09.1978;5;0
DILMIN;5;16.05.1980;0;5
MUSEVVERE;5;26.03.1939;0;5
SULCAN;5;9.12.1977;1;4
GULSEYIN;5;20.11.1967;0;5
USER;5;29.11.1969;2;3
ZILFISIYAH;5;13.09.1956;0;5
DUMITRA;5;21.05.1971;0;5
ROHAN;5;16.01.1960;1;4
HUSUME;5;20.12.1967;0;5
SEVLEDA;5;13.10.1975;0;5
HEIDE;5;14.07.1947;0;5
SIVAZET;5;20.07.1970;0;5
JANINE;5;26.05.1965;0;5
VLADIMIR;5;21.12.1968;5;0
NEYFER;5;21.08.1976;5;0
SEHERCIN;5;20.09.1950;0;5
ERBAL;5;22.11.1970;5;0
BILGEKAGAN;5;29.2.1982;5;0
NIGARA;5;5.09.1976;0;5
BORAKAN;5;10.10.1976;5;0
RUHIYYA;5;11.08.1978;0;5
BAPLI;5;4.12.1960;4;1
MUHEYYEN;5;12.02.1953;0;5
LUCRETIA;5;25.08.1965;0;5
MUTIYYE;5;29.2.1963;0;5
SAYYIDE;5;24.03.1937;0;5
SERFELI;5;28.01.1959;0;5
GERTRUDE;5;5.06.1948;0;5
ILAYETTIN;5;23.04.1970;5;0
GUNOZ;5;9.06.1951;3;2
OTAN;5;22.09.1973;5;0
MERYET;5;21.12.1965;0;5
DILYARA;5;28.08.1970;0;5
SEMSIFER;5;18.12.1962;0;5
KATARZYNA;5;27.03.1977;0;5
MUZEKAR;5;7.09.1956;5;0
TIJIN;5;28.09.1974;0;5
GULIYA;5;22.01.1961;0;5
GOKCICEK;5;26.02.1971;0;5
BERNARD;5;18.05.1956;5;0
TUGSEL;5;6.11.1979;3;2
EWA;5;16.01.1962;0;5
MEGUL;5;26.12.1969;0;5
LAVUZE;5;19.03.1959;0;5
ZLATKA;5;26.03.1962;0;5
NESTAN;5;29.07.1974;0;5
ELEANOR;5;15.08.1955;0;5
SAHVAR;5;11.06.1954;0;5
LALAZER;5;9.08.1955;0;5
MABET;5;21.03.1970;1;4
ANTONETA;5;1.08.1970;0;5
OLESSIA;5;14.04.1976;0;5
ANILAY;5;17.06.1981;0;5
AFINA;5;3.01.1972;0;5
ZUHNIYE;5;23.08.1960;0;5
NEVTEL;5;4.01.1966;5;0
SARAHAN;5;28.02.1964;2;3
EFFE;5;15.05.1954;0;5
MEDIRE;5;29.11.1955;0;5
SEHGUL;5;21.05.1980;0;5
NAZILET;5;18.04.1956;0;5
TULKAY;5;14.04.1970;4;1
FEDAIR;5;4.01.1959;4;1
ULVIYA;5;18.01.1967;0;5
JALEN;5;23.04.1971;0;5
MERVEN;5;15.08.1986;1;4
TURNER;5;30.04.1966;1;4
HIYATI;5;8.10.1948;0;5
NEZLIYA;5;27.06.1963;0;5
SIFRET;5;3.10.1958;2;3
UZEDIYE;5;12.05.1962;0;5
SEZMEN;5;7.06.1970;2;3
BILLA;5;16.09.1959;0;5
USUYE;5;8.10.1957;0;5
BINGU;5;27.04.1960;0;5
PERILAY;5;14.06.1972;0;5
SAZINET;5;11.11.1946;0;5
NUVEL;5;8.12.1971;2;3
GUREVIN;5;3.10.1944;2;3
TOMRUK;5;10.11.1953;2;3
NILGE;5;6.11.1978;0;5
MEYCEM;5;3.05.1982;0;5
GULFEZE;5;10.06.1947;0;5
JANAN;5;9.06.1969;0;5
BEHAL;5;19.09.1969;0;5
GULIYAN;5;5.01.1976;0;5
ILKUTAY;5;22.08.1981;5;0
VEYSAT;5;13.03.1964;5;0
NESFET;5;28.06.1955;2;3
MUKERREMIYE;5;28.01.1947;0;5
BERIS;5;22.06.1987;1;4
MELVIN;5;16.07.1981;0;5
BEMA;5;27.05.1975;0;5
MUMUNAT;5;20.02.1969;0;5
FATAHAN;5;16.12.1963;0;5
IFTADI;5;13.12.1967;4;1
ALDUN;5;15.03.1968;4;1
MELIKEN;5;21.06.1968;0;5
SALVET;5;21.03.1947;2;3
EMITE;5;21.07.1964;0;5
SAHFETTIN;5;27.11.1962;5;0
SUMREN;5;9.10.1967;0;5
MUEDDER;5;20.07.1953;0;5
SANURIYE;5;30.10.1952;0;5
ERBUL;5;13.11.1970;5;0
KADIREYE;5;16.12.1961;0;5
MARUZE;5;10.05.1940;0;5
NESRUL;5;12.11.1957;4;1
MEZDE;5;4.01.1956;0;5
ADILEN;5;1.02.1966;5;0
GULSADET;5;3.01.1968;0;5
NIRA;5;25.07.1942;0;5
SUREC;5;8.11.1980;3;2
SUNEY;5;15.11.1966;1;4
SENSEVER;5;10.12.1968;1;4
NAZELDE;5;20.04.1960;0;5
VURGUL;5;20.02.1970;0;5
ERSAYIM;5;22.03.1975;5;0
MUNASER;5;1.09.1955;0;5
KURAN;5;10.01.1969;4;1
SERPE;5;14.06.1988;1;4
MUZME;5;3.07.1954;0;5
GOZUM;5;7.10.1978;0;5
NURIDTIN;5;1.02.1959;5;0
MAHALLA;5;5.01.1959;0;5
SEHLEM;5;22.05.1970;0;5
SADULLA;5;22.01.1957;5;0
ZIKIRIYE;5;3.11.1951;0;5
KANAY;5;26.06.1977;5;0
BAGFIDE;5;11.02.1940;0;5
ZUMBER;5;5.10.1957;5;0
EVEGUL;5;17.09.1964;0;5
REHBIYE;5;7.01.1946;0;5
KIYASITTIN;5;24.02.1957;5;0
KANA;5;11.04.1948;2;3
SAKLA;5;15.10.1958;0;5
NURAIL;5;28.06.1965;3;2
KIYASETIN;5;1.11.1956;5;0
EMELYA;5;18.02.1964;0;5
NIMNAMI;5;25.07.1955;0;5
KEZBEN;5;21.03.1977;0;5
SENBOL;5;2.11.1969;3;2
MAYUNUR;5;25.01.1968;0;5
BEDIDE;5;23.03.1957;0;5
ZIYEN;5;19.11.1964;5;0
GOLEFER;5;12.05.1971;0;5
SADIA;4;15.03.1953;0;4
GULBAK;4;18.03.1956;1;3
SAHBI;4;24.08.1977;4;0
FETHENE;4;23.01.1968;0;4
HUBUS;4;12.01.1945;0;4
TENEL;4;22.03.1974;2;2
ESBAT;4;28.10.1976;4;0
MIHRA;4;11.04.1971;0;4
TULHA;4;5.10.1975;1;3
ERTURGUT;4;20.10.1964;4;0
TELNAZ;4;1.09.1966;0;4
ABDULSSELAM;4;2.02.1971;4;0
YUHABET;4;4.10.1972;0;4
FUDEL;4;26.07.1958;3;1
EVDA;4;27.12.1972;0;4
ATNI;4;4.11.1961;0;4
MAYTEN;4;19.01.1960;0;4
NASURULLAH;4;21.05.1974;4;0
MUAL;4;9.03.1944;0;4
NIGAHAN;4;16.05.1976;0;4
TARIZE;4;29.11.1969;0;4
ASAHAN;4;18.01.1960;0;4
EREMSI;4;25.02.1970;0;4
KUTMETTIN;4;11.04.1960;4;0
GUVEYRE;4;6.08.1948;0;4
ASARI;4;30.07.1976;4;0
NEJMETDIN;4;25.10.1961;4;0
ILYAR;4;21.07.1965;1;3
HAFARIYE;4;6.06.1966;0;4
ARIBE;4;29.04.1967;1;3
MIYSE;4;14.03.1951;0;4
ATIKEN;4;21.02.1960;0;4
ULUBATLI;4;28.11.1978;4;0
SAHRUBAN;4;18.10.1954;0;4
SEVRAT;4;18.11.1967;0;4
HUZIFE;4;25.03.1973;4;0
ALSEN;4;19.02.1961;1;3
ABDULNAHIT;4;30.2.1968;4;0
CINGI;4;18.06.1987;0;4
NUROZ;4;8.01.1952;1;3
LEYLAI;4;24.08.1945;0;4
M.ERDOGAN;4;15.05.1940;4;0
NALIME;4;19.03.1973;0;4
RESVET;4;7.02.1977;4;0
HAVLATA;4;9.03.1964;0;4
NEZRAN;4;15.10.1949;0;4
ZEMIL;4;25.01.1966;3;1
GULGULAY;4;26.03.1975;0;4
MUFIK;4;5.08.1959;4;0
BUMBUS;4;24.10.1957;0;4
SUHABI;4;4.06.1973;4;0
ASGAN;4;15.10.1947;0;4
RAHANEY;4;16.12.1943;0;4
SIDYE;4;19.07.1965;0;4
MEKSELIN;4;2.07.1971;4;0
TILLO;4;23.04.1961;4;0
MENEK;4;6.12.1974;0;4
NESLEHA;4;17.09.1963;0;4
NAZMIGUL;4;21.10.1962;0;4
ERHA;4;10.08.1981;1;3
ISAPALI;4;18.06.1945;4;0
M.FADIL;4;23.06.1950;4;0
ALITUNC;4;4.12.1969;4;0
SIBELGUL;4;18.02.1975;0;4
TAHAYASIN;4;9.07.1988;4;0
MENFUZE;4;26.05.1959;0;4
NECADETTIN;4;9.01.1945;4;0
HADRIYE;4;18.01.1963;0;4
AYLIHAN;4;24.07.1978;0;4
YELMIHAN;4;16.11.1965;3;1
BERAH;4;2.10.1977;0;4
SURANUR;4;26.04.1989;0;4
SIDYA;4;14.10.1962;0;4
ERZA;4;28.02.1957;1;3
TUTKUM;4;3.02.1989;2;2
KANIM;4;11.02.1967;4;0
SUMAYRA;4;4.10.1987;0;4
FERASAT;4;15.08.1957;2;2
ARZUAY;4;1.12.1975;0;4
MAHRIFET;4;27.02.1971;0;4
GULDAMI;4;26.09.1955;1;3
MAKSUBE;4;11.01.1959;0;4
MUHREM;4;30.08.1965;4;0
ALILE;4;18.08.1949;0;4
MEHVIBE;4;10.07.1976;0;4
EZERHAN;4;3.04.1971;0;4
MICO;4;19.12.1931;4;0
GULUMSEHER;4;19.09.1963;0;4
EYIN;4;19.01.1977;2;2
SIDIKIYE;4;20.09.1955;0;4
OZTEMEL;4;24.01.1963;4;0
CANGUVEN;4;7.08.1969;4;0
LIMEN;4;30.04.1977;1;3
SAHBENDE;4;14.10.1951;3;1
MEJBURA;4;20.04.1958;0;4
GULUZUR;4;3.03.1973;0;4
NABIYA;4;5.10.1970;0;4
DADA;4;17.05.1961;1;3
FERDU;4;9.09.1968;3;1
FERANDE;4;11.06.1949;0;4
EDUARD;4;20.03.1979;4;0
USTA;4;20.10.1963;4;0
HAMAN;4;3.11.1960;3;1
BARTIN;4;15.02.1980;4;0
ZALIH;4;25.03.1977;1;3
FARZ;4;14.08.1951;0;4
NURCIMEN;4;19.08.1973;0;4
MUSIGE;4;29.12.1962;0;4
KUSO;4;26.11.1940;4;0
DINARZADE;4;6.07.1974;0;4
FARO;4;8.08.1967;3;1
LELLA;4;18.03.1985;0;4
BENISUAT;4;12.06.1958;0;4
ZEZAN;4;19.11.1971;0;4
NISRADDIN;4;29.08.1956;4;0
ETICE;4;1.01.1981;0;4
MEDRESE;4;14.12.1985;0;4
AYGER;4;19.11.1973;0;4
RAKIYYE;4;17.01.1990;0;4
MIKELSUN;4;12.09.1980;0;4
NURZIN;4;16.11.1986;0;4
PAIZE;4;16.08.1965;0;4
MEHMETCEVAT;4;3.04.1983;4;0
HINDIRIN;4;18.05.1984;0;4
MISEVRET;4;25.01.1978;0;4
NESTIMAN;4;7.11.1981;0;4
ZALAL;4;30.09.1981;0;4
SEYNEP;4;22.11.1974;0;4
ZELIFI;4;19.06.1945;0;4
GARIPE;4;4.08.1985;0;4
AZZIZ;4;16.10.1968;4;0
ELFEDDIN;4;11.02.1964;4;0
ZADETTIN;4;7.10.1968;4;0
HUMEYLE;4;5.05.1976;0;4
DUDAN;4;22.12.1982;0;4
LORISTAN;4;21.09.1991;0;4
GETRAN;4;8.11.1977;4;0
AYYUP;4;5.09.1960;4;0
SEVDIGAR;4;18.06.1965;0;4
RIDDO;4;30.08.1962;0;4
ZERRUGA;4;8.01.1961;0;4
YUHANES;4;25.08.1977;0;4
SONGIL;4;29.2.1982;0;4
GEDDURE;4;27.02.1950;0;4
FAHRUZAT;4;28.05.1978;4;0
ROJHAN;4;6.05.1988;1;3
REVSO;4;22.09.1957;0;4
ETLISE;4;19.08.1966;0;4
GERMUSE;4;23.08.1953;0;4
HUZNISAH;4;17.02.1979;0;4
BEDEVCAN;4;11.10.1966;0;4
YENDISAH;4;16.08.1981;0;4
REVIDA;4;16.12.1967;0;4
ZAHO;4;14.06.1956;0;4
BARIZ;4;27.04.1970;4;0
EBLISE;4;15.05.1967;0;4
SAMIAT;4;27.08.1972;0;4
FIROSAN;4;23.09.1968;4;0
NURIYEHAN;4;26.12.1956;0;4
SELLAHADDIN;4;9.07.1970;4;0
NARINI;4;2.06.1960;0;4
MEHDIGAR;4;26.09.1976;0;4
TEVZIAT;4;4.03.1962;0;4
SAYAHAT;4;4.04.1971;0;4
KECO;4;24.02.1934;0;4
SIHDI;4;21.06.1950;1;3
CEVHERA;4;17.02.1984;0;4
GAZIBE;4;10.06.1954;0;4
MIDAI;4;7.10.1972;4;0
HEBRO;4;17.02.1965;0;4
ZUHEYYA;4;21.07.1967;0;4
ARRUNI;4;10.01.1934;0;4
SIMENSAH;4;28.03.1965;0;4
HASANAT;4;12.02.1973;4;0
IDRII;4;11.08.1940;4;0
BEYZARI;4;30.07.1937;0;4
PERVIS;4;12.05.1975;1;3
MAKBULLE;4;25.07.1971;0;4
KASANI;4;28.04.1942;0;4
SUKEYNET;4;7.10.1979;0;4
MEKBULA;4;4.08.1960;0;4
HEBRIYE;4;17.05.1960;0;4
NUSIBE;4;24.08.1976;0;4
MEGRICAN;4;28.08.1991;0;4
MEYMA;4;9.11.1955;0;4
NERUMAN;4;28.03.1974;0;4
MUCARET;4;2.05.1972;0;4
HORIYA;4;25.05.1965;0;4
SEHBETTIN;4;20.09.1971;4;0
GURBETI;4;8.02.1969;1;3
VEYSIN;4;1.09.1962;4;0
MUNEVAR;4;15.05.1968;0;4
RUHO;4;12.12.1948;0;4
HEREM;4;9.03.1978;2;2
AYNULMERDIYE;4;1.12.1961;0;4
FAHIRA;4;15.04.1954;0;4
YASRIBE;4;11.03.1979;0;4
SIYHEM;4;1.06.1976;0;4
JINDAR;4;30.10.1988;2;2
EDLE;4;8.03.1946;0;4
HANDI;4;20.04.1966;0;4
ERDAHANI;4;18.09.1948;0;4
BIRUCE;4;4.12.1960;0;4
SERIZDIN;4;29.11.1976;4;0
KAMRA;4;27.10.1949;0;4
PERRO;4;3.08.1946;0;4
LAKIZER;4;2.01.1982;0;4
ZUAYNE;4;18.03.1959;0;4
SILIME;4;8.11.1968;0;4
DERII;4;2.04.1945;4;0
FATTUME;4;30.06.1942;0;4
MEKIYYE;4;5.06.1973;0;4
VESSI;4;10.01.1934;0;4
KEMNIYE;4;8.12.1966;0;4
HEMAN;4;16.10.1956;2;2
ERZENE;4;23.09.1947;0;4
BULUCA;4;20.08.1954;0;4
NUHROJ;4;7.01.1982;0;4
MEKKO;4;2.05.1939;2;2
HELVE;4;8.11.1973;0;4
LILVE;4;4.03.1976;0;4
ALINAKI;4;21.09.1972;4;0
MIHDIYYE;4;22.03.1956;0;4
AMNI;4;5.02.1942;0;4
SUDUR;4;28.11.1969;0;4
HUBRUYE;4;29.08.1963;0;4
HEYSEL;4;3.05.1963;2;2
IDAM;4;8.03.1964;4;0
MAAT;4;24.07.1949;4;0
ABDULMAHSUM;4;21.12.1956;4;0
ZANNUN;4;23.04.1952;4;0
FETHULAH;4;21.08.1977;4;0
SINDIS;4;26.10.1969;0;4
HILO;4;28.11.1953;3;1
KANIVER;4;29.01.1987;1;3
GADRI;4;5.05.1944;1;3
SELHET;4;6.10.1979;3;1
DUHLE;4;24.12.1971;0;4
SEMSIYA;4;2.09.1968;0;4
VETFE;4;6.12.1965;0;4
SANANIK;4;13.03.1965;4;0
ICBA;4;29.11.1956;0;4
MII;4;3.04.1932;4;0
ROSIN;4;8.04.1984;1;3
ZINEM;4;7.06.1972;0;4
HAZZE;4;9.12.1952;0;4
MADDI;4;18.01.1976;4;0
NEHYETTIN;4;4.03.1966;4;0
TACCETTIN;4;17.04.1958;4;0
FIDEYIR;4;14.12.1964;4;0
HABBIP;4;10.02.1941;4;0
VEJDDIN;4;20.12.1985;4;0
SAHKULU;4;3.11.1952;4;0
GASUP;4;27.09.1957;4;0
EKREMHAN;4;29.01.1975;4;0
HAVVAZ;4;5.09.1959;4;0
CANNAZ;4;12.04.1979;0;4
DUNYE;4;22.10.1972;0;4
TARHI;4;1.11.1957;4;0
TARFIYE;4;25.02.1960;0;4
SARIZA;4;23.11.1969;0;4
ESFIHAN;4;17.01.1968;0;4
GARIME;4;23.05.1974;0;4
GAZZU;4;17.09.1929;0;4
ZEKAYET;4;1.12.1962;3;1
HITTE;4;4.02.1947;0;4
MUHBETI;4;4.01.1964;0;4
SIVAZAT;4;21.05.1961;0;4
BITO;4;12.12.1928;0;4
SEZIME;4;27.08.1971;0;4
HANVE;4;13.05.1966;0;4
ZIHRE;4;24.12.1955;0;4
MIRCANE;4;7.05.1962;0;4
ZUHEYL;4;29.05.1966;4;0
AMSIH;4;4.08.1928;4;0
ALAVEDIN;4;16.08.1974;4;0
MAYADA;4;11.09.1974;0;4
GULISTANI;4;6.04.1960;0;4
YASSIR;4;11.08.1986;4;0
GALLE;4;17.05.1976;0;4
RAAD;4;7.07.1967;4;0
BURUSA;4;1.06.1976;0;4
HEVVES;4;25.08.1957;2;2
LILVA;4;4.09.1980;0;4
SERUZAN;4;20.03.1978;0;4
SEYREDDIN;4;18.05.1961;4;0
BOBO;4;25.07.1970;4;0
GULZANE;4;16.11.1982;0;4
AVASA;4;2.03.1945;0;4
UCI;4;7.03.1935;2;2
FAHRUDDIN;4;19.06.1942;4;0
NEFSANE;4;30.12.1972;0;4
MERRA;4;18.03.1967;0;4
AHYAT;4;10.08.1972;4;0
METTO;4;3.09.1945;3;1
HANSO;4;27.03.1959;0;4
SIKRO;4;28.02.1953;0;4
SEMSEHAN;4;19.10.1944;0;4
SALWA;4;26.01.1969;0;4
IRYAT;4;21.12.1975;4;0
GAVRI;4;8.09.1955;0;4
ERFAT;4;16.12.1960;3;1
SURRU;4;2.10.1968;4;0
HUZNUYE;4;26.06.1959;0;4
PAKO;4;25.07.1965;0;4
INAMULLAH;4;11.12.1983;4;0
ABDULFEYAT;4;2.07.1946;4;0
DIRIHI;4;1.07.1941;4;0
ABDURIZAK;4;14.04.1973;4;0
SILTE;4;15.10.1954;0;4
SUNGOL;4;3.03.1976;0;4
SEHIMI;4;3.09.1955;1;3
SAADETI;4;6.09.1957;0;4
MALDA;4;17.03.1985;0;4
BAHHI;4;21.05.1936;4;0
ELISBAH;4;2.08.1965;0;4
HAVVO;4;28.08.1969;0;4
SALEMET;4;27.06.1973;0;4
HELGE;4;12.01.1978;0;4
ALFRET;4;24.10.1971;4;0
KIRMIS;4;15.09.1932;1;3
MARGHERITA;4;10.05.1969;0;4
ZIYO;4;22.12.1943;0;4
EDESSA;4;30.01.1988;0;4
VECBIYE;4;8.09.1958;0;4
HEZZO;4;1.06.1936;0;4
CON;4;9.04.1972;4;0
IZLE;4;14.05.1981;0;4
MATIAS;4;5.03.1982;4;0
ELBERA;4;25.03.1977;1;3
ADVERT;4;7.06.1964;4;0
RUBERT;4;24.08.1971;4;0
ISTAYFAN;4;28.07.1965;4;0
BAHTTIN;4;30.01.1977;4;0
SUHDO;4;22.11.1933;4;0
CIHAZ;4;11.06.1977;0;4
KAROLINE;4;29.01.1984;0;4
JOHAN;4;2.09.1990;4;0
HIDAYETTULLAH;4;8.12.1982;4;0
ELIYO;4;12.09.1965;4;0
FANIFE;4;1.12.1951;0;4
MISRO;4;23.01.1967;0;4
KRISTIAN;4;18.08.1978;3;1
JAKOB;4;7.08.1969;4;0
PATRIK;4;5.07.1986;4;0
HARICI;4;17.02.1954;0;4
DURUYAN;4;12.09.1970;0;4
YILMAZE;4;1.08.1971;0;4
NAHIYAT;4;10.04.1965;4;0
NATICA;4;8.04.1989;0;4
AARON;4;15.11.1979;4;0
BONCI;4;14.03.1939;4;0
HAFSED;4;29.09.1943;0;4
HIZE;4;12.07.1977;0;4
VERDEKI;4;3.06.1959;0;4
REFIDA;4;1.03.1972;0;4
ZENAVER;4;15.08.1982;4;0
HIPSI;4;13.08.1959;0;4
DENDAH;4;14.03.1982;4;0
PISO;4;28.05.1948;2;2
MATHIAS;4;28.10.1982;4;0
KURYAKOS;4;10.11.1977;4;0
ISHOK;4;15.08.1987;4;0
ANCUR;4;15.02.1977;4;0
EBLIN;4;7.02.1970;0;4
EDVERT;4;27.03.1956;4;0
NAAMI;4;4.02.1937;0;4
SEHBEDIN;4;21.08.1980;4;0
KURYO;4;28.11.1933;4;0
DINYI;4;27.05.1932;0;4
ELIAS;4;27.10.1986;4;0
MERIA;4;7.02.1965;0;4
VERDIKI;4;19.11.1948;0;4
BOBIY;4;21.05.1985;4;0
JEANNETTE;4;29.07.1978;0;4
NINVE;4;23.01.1983;0;4
FADIA;4;8.07.1968;0;4
NECVEL;4;21.12.1981;0;4
LISBA;4;10.08.1960;0;4
CAK;4;3.03.1954;4;0
VEFE;4;7.04.1986;0;4
FULUR;4;1.10.1970;0;4
SAYRANE;4;9.08.1973;0;4
KULEYP;4;20.08.1960;4;0
AYATTULLAH;4;25.03.1982;4;0
MEHMETNAIM;4;26.10.1980;4;0
SOAT;4;11.09.1975;0;4
DEHUT;4;7.04.1963;4;0
ALAIDIN;4;9.11.1965;4;0
YULYA;4;25.09.1985;0;4
JALET;4;1.02.1962;0;4
LILYANE;4;13.09.1982;0;4
RANYE;4;7.11.1979;0;4
KIRYO;4;11.05.1951;4;0
NIAMI;4;25.07.1939;1;3
CEYHANI;4;22.11.1970;2;2
DENIELA;4;24.08.1983;0;4
NESEBE;4;20.03.1967;0;4
SADRA;4;27.03.1973;0;4
ABDURRAHMIN;4;3.09.1984;4;0
ZIYAB;4;18.12.1972;4;0
BIRBARA;4;24.02.1977;0;4
HASKIYEL;4;8.04.1985;4;0
YULYANA;4;10.11.1977;0;4
LIJBAH;4;17.06.1986;0;4
SAADA;4;22.04.1984;0;4
ISRAN;4;23.05.1986;1;3
HINDIYA;4;6.03.1968;0;4
HAKIMETTIN;4;29.11.1965;4;0
BINNO;4;5.08.1945;4;0
ESHAM;4;11.10.1980;4;0
MESMIHA;4;29.09.1980;0;4
HASNO;4;17.02.1953;0;4
ZERIHE;4;30.01.1948;0;4
SEKERI;4;28.11.1981;0;4
YASRA;4;4.03.1975;0;4
HAYIRE;4;30.10.1961;0;4
HALISETE;4;3.03.1969;0;4
GAMIYE;4;2.04.1972;0;4
BERJEN;4;3.05.1975;4;0
RABIGE;4;26.01.1964;0;4
AYHANI;4;18.04.1975;0;4
SAHREZET;4;4.02.1973;0;4
TEMIRTAC;4;9.07.1959;0;4
NUBARIN;4;27.05.1978;0;4
KUTBATTIN;4;15.06.1970;4;0
BERCI;4;22.09.1952;0;4
ABUZEYD;4;8.07.1957;4;0
SIBHIYE;4;12.04.1965;0;4
HUTI;4;18.04.1947;4;0
FANOS;4;14.06.1973;0;4
KIRISTINE;4;18.07.1970;0;4
ROSMARIE;4;2.04.1984;0;4
ELIZEBET;4;26.07.1975;0;4
HELAN;4;18.02.1973;0;4
YUMNE;4;17.08.1951;0;4
SEMNUN;4;13.12.1962;2;2
KADRIJE;4;9.07.1981;0;4
VILADET;4;3.09.1966;0;4
MUBARREK;4;5.05.1986;3;1
MERRO;4;14.11.1935;0;4
SAMIREN;4;20.07.1962;0;4
SAITE;4;28.10.1959;0;4
DULGES;4;9.09.1981;0;4
BEHLO;4;9.05.1936;4;0
ZIYAMEDDIN;4;3.07.1970;4;0
DILKEN;4;12.03.1981;0;4
PERVAR;4;28.07.1974;0;4
FAKKA;4;18.06.1971;4;0
GERNOS;4;10.08.1934;4;0
BUDRUS;4;6.09.1968;4;0
EZMIRAN;4;18.05.1984;0;4
KEMIRAN;4;17.05.1966;2;2
NECYA;4;9.07.1960;0;4
GAYLA;4;17.11.1970;0;4
KILIP;4;5.08.1970;4;0
HAPSUN;4;4.06.1962;4;0
REHMETTULLAH;4;23.04.1978;4;0
SAMIRAM;4;18.04.1978;0;4
VASMIYE;4;3.08.1960;0;4
MURTEZIN;4;20.12.1961;0;4
AREBE;4;1.07.1958;0;4
JINDA;4;7.02.1989;0;4
TUBAR;4;7.02.1991;0;4
RUHIN;4;26.10.1977;2;2
GORAN;4;23.04.1977;4;0
HADULLAH;4;26.11.1961;4;0
UMRATA;4;12.03.1964;0;4
YOHAN;4;28.10.1988;4;0
MALKE;4;16.05.1978;2;2
TEZBIRE;4;8.07.1981;0;4
RAHIS;4;9.04.1983;0;4
SUZAIL;4;16.09.1960;4;0
BEYRATA;4;1.07.1974;0;4
DILGEC;4;19.12.1981;3;1
INTER;4;27.05.1974;4;0
REYFA;4;17.03.1967;0;4
RANIYA;4;29.06.1977;0;4
RESSE;4;12.07.1953;0;4
AMUDE;4;1.02.1966;0;4
LUSIYA;4;17.01.1967;0;4
BARSAVUM;4;30.11.1933;4;0
BAHYADDIN;4;16.11.1973;4;0
AMRI;4;11.05.1966;3;1
MAVALI;4;12.05.1967;3;1
MIKEL;4;12.12.1969;2;2
MUNTIHE;4;8.09.1980;0;4
FAHITA;4;12.06.1973;0;4
ANBO;4;17.08.1930;0;4
SAVCIHAN;4;28.12.1977;0;4
ZIRVER;4;29.12.1964;4;0
HASIBI;4;20.06.1942;0;4
HEMDIN;4;25.08.1966;4;0
M.HALIM;4;27.04.1959;4;0
RESU;4;14.01.1942;4;0
TACIHA;4;27.04.1966;0;4
MASOK;4;29.12.1986;4;0
PARIN;4;12.12.1981;1;3
SEGA;4;12.05.1977;1;3
HECIRE;4;10.11.1958;0;4
ILAVETTIN;4;17.11.1973;4;0
BERNAS;4;17.04.1987;4;0
ZEHIME;4;11.05.1966;0;4
SIKARI;4;15.01.1924;0;4
ZIAD;4;2.01.1989;4;0
MUNSE;4;14.08.1970;0;4
ROHUM;4;5.09.1963;4;0
MERTA;4;30.09.1979;0;4
HIZI;4;8.10.1952;0;4
KARAGETIREN;4;11.03.1972;4;0
YETERIN;4;25.06.1977;1;3
HEYDEM;4;24.11.1983;0;4
ALAVETTIN;4;1.08.1968;4;0
HISRIYE;4;28.06.1952;0;4
SETREDDIN;4;10.01.1970;4;0
SIPHAN;4;8.02.1979;4;0
SEYRU;4;10.08.1940;0;4
NURSIVAN;4;9.02.1989;0;4
CILFI;4;30.10.1961;4;0
SILALE;4;15.04.1971;0;4
NICIME;4;4.05.1939;0;4
MAKRIYE;4;27.01.1959;0;4
MINFIYE;4;2.02.1981;0;4
MEHRIKAN;4;20.02.1952;0;4
HALU;4;12.10.1929;1;3
BEYNETE;4;16.08.1974;0;4
MELAKIYE;4;29.08.1961;0;4
HAMDA;4;6.04.1978;0;4
SERUNAZ;4;16.12.1962;0;4
DAME;4;16.12.1983;2;2
ROBI;4;16.03.1973;4;0
KADIA;4;1.02.1971;0;4
FEDIA;4;23.06.1967;0;4
MEYUSE;4;12.10.1959;0;4
BASRIYA;4;13.05.1973;0;4
HADIE;4;17.12.1977;0;4
TESIRE;4;15.08.1961;0;4
RIHANA;4;23.03.1965;0;4
BIRFAN;4;16.06.1972;2;2
SORIYE;4;19.03.1963;0;4
LEYLU;4;24.06.1967;0;4
MUHAMMEDHAN;4;29.02.1984;4;0
SAVCIYE;4;21.10.1980;0;4
ZEYNUBE;4;2.11.1977;0;4
ONDERCAN;4;18.02.1985;4;0
HULEYYA;4;12.06.1965;0;4
HAMDDIN;4;3.02.1975;4;0
MENCUL;4;16.11.1946;0;4
FERHE;4;17.07.1949;0;4
TEMBIYA;4;9.12.1966;0;4
FAIS;4;15.10.1980;4;0
FERAHADDIN;4;29.06.1974;4;0
FERHUT;4;15.11.1947;4;0
CORDULA;4;9.07.1965;0;4
ROJI;4;28.10.1973;0;4
NEZIRI;4;5.08.1964;2;2
YAZGULI;4;5.04.1944;0;4
HELILE;4;5.10.1975;0;4
SALME;4;17.01.1969;0;4
RAZIN;4;7.02.1954;1;3
TONY;4;13.09.1987;4;0
CUZEF;4;5.10.1979;4;0
MERRI;4;7.05.1937;0;4
YURAN;4;7.05.1971;3;1
YILIDIZ;4;6.05.1970;0;4
ZAKARIA;4;19.02.1970;4;0
KHALED;4;1.02.1969;4;0
AYINZALHA;4;13.06.1956;0;4
ZEHDIYE;4;19.05.1949;0;4
NACLE;4;22.08.1961;0;4
ABDURRIZZAK;4;21.12.1972;4;0
DIDO;4;3.04.1948;0;4
EMISI;4;18.03.1955;0;4
EMULLAH;4;5.10.1986;4;0
FILINCE;4;8.05.1953;0;4
NAZIMAN;4;4.11.1969;0;4
VASIYA;4;3.03.1957;0;4
KEFO;4;15.10.1954;2;2
UMER;4;5.03.1969;4;0
YEMANI;4;15.01.1966;1;3
BEHO;4;20.04.1947;0;4
BARIGA;4;23.06.1968;0;4
ZERGIYE;4;25.11.1956;0;4
NEVSA;4;21.09.1971;0;4
SEHERI;4;10.01.1955;0;4
LISE;4;19.11.1961;0;4
NAVRIZIYE;4;16.07.1966;0;4
FERAS;4;30.12.1971;3;1
CIBALI;4;29.09.1956;4;0
AKAGA;4;1.02.1955;4;0
MIYAL;4;20.09.1977;0;4
CANDIDE;4;1.05.1984;0;4
NAYFER;4;25.12.1977;0;4
SUALYA;4;1.09.1963;0;4
HAMAY;4;21.04.1971;1;3
LEYLIME;4;5.11.1950;0;4
GAYIS;4;26.06.1964;4;0
HANIMDUDU;4;21.10.1961;0;4
ZUHREP;4;22.01.1964;3;1
HASIBIYE;4;25.02.1955;0;4
MIYASIYE;4;20.12.1950;0;4
MUNUK;4;5.02.1950;1;3
GUTAY;4;11.12.1966;2;2
TAMIN;4;3.04.1975;3;1
BUYUKKADIN;4;13.01.1950;0;4
NUBEYDE;4;24.11.1968;0;4
NETIYCE;4;8.06.1967;0;4
MAHIFIRUZ;4;10.06.1953;0;4
DILFURUZI;4;30.06.1955;0;4
BULUDU;4;15.08.1963;0;4
MEHRELI;4;22.11.1956;4;0
SUMEYEN;4;16.10.1983;0;4
BAHTIZER;4;19.12.1960;0;4
TUREY;4;7.12.1966;0;4
SIYAHMI;4;29.12.1970;4;0
NURCANE;4;26.01.1962;0;4
FIRDEYIS;4;3.06.1962;0;4
BERUN;4;9.07.1960;2;2
MURE;4;7.05.1959;1;3
BAGRI;4;12.02.1969;3;1
EFAKAT;4;9.01.1967;0;4
DEMA;4;6.07.1979;1;3
DILCE;4;15.09.1984;0;4
AYPERIN;4;25.11.1962;0;4
BEYCA;4;21.05.1965;1;3
MENGIS;4;29.07.1962;0;4
TAKIYET;4;13.10.1939;0;4
MUTAYIR;4;2.09.1970;4;0
TEVABI;4;14.10.1963;4;0
NURAYIM;4;22.10.1965;0;4
PERVILDANE;4;14.09.1975;4;0
COLBEN;4;6.04.1970;0;4
ALIMZER;4;19.05.1957;1;3
KANTET;4;24.03.1957;0;4
SEMASE;4;5.02.1960;0;4
SUMRIYE;4;19.05.1966;0;4
BILALE;4;19.03.1959;0;4
YOKSEL;4;11.10.1952;1;3
GUNNAZIYE;4;3.05.1963;0;4
FERYATI;4;10.04.1981;4;0
MIKAN;4;30.10.1964;2;2
APDURAHIM;4;22.10.1965;4;0
SIHZADE;4;7.03.1959;3;1
FLORYA;4;1.05.1979;1;3
BEZAYIM;4;22.10.1958;4;0
MURSUNE;4;6.07.1959;0;4
AYISEN;4;8.07.1956;0;4
UMUSIN;4;1.02.1961;0;4
MASAL;4;29.04.1957;2;2
KERZIYE;4;1.06.1956;0;4
AYES;4;15.01.1979;0;4
MUHSER;4;13.08.1964;2;2
FECIRI;4;20.08.1973;4;0
ZURRAP;4;20.07.1948;4;0
FIRDEN;4;8.11.1968;0;4
ZULCELALI;4;22.01.1971;4;0
LEYMONA;4;15.03.1959;0;4
YAZAY;4;15.04.1979;0;4
KAMULE;4;30.11.1968;0;4
CAFI;4;22.02.1959;2;2
ARPER;4;30.04.1976;4;0
HURFIYE;4;19.04.1959;0;4
MEMURAN;4;6.05.1974;0;4
GULOL;4;18.12.1952;0;4
GULSEHRIBAN;4;14.10.1960;0;4
ABAY;4;29.12.1962;4;0
ZULYEZEN;4;2.09.1970;3;1
MUKREME;4;16.08.1947;0;4
ICRAMI;4;21.12.1967;4;0
NECAIR;4;27.07.1977;4;0
ABISE;4;28.12.1950;0;4
YUCELER;4;8.06.1973;4;0
MEVRAN;4;29.04.1979;2;2
SANEZ;4;13.02.1966;0;4
AYTEP;4;13.03.1968;0;4
GULEYFE;4;10.03.1957;0;4
DURKIYE;4;1.04.1962;0;4
NIGARIYE;4;9.10.1949;0;4
HURIK;4;4.03.1956;0;4
PAYAMI;4;22.01.1959;2;2
BATIYAR;4;27.08.1970;2;2
TSIRA;4;24.03.1968;0;4
GAYHAN;4;12.10.1955;4;0
ESATCAN;4;17.03.1986;4;0
SUMRE;4;13.05.1968;1;3
SEMREHAN;4;25.12.1968;0;4
ZARURE;4;17.04.1962;0;4
UMRET;4;8.07.1980;2;2
FERIZON;4;26.12.1959;0;4
GULSAYIN;4;27.08.1955;0;4
CUNAYIT;4;9.01.1968;4;0
ZIKIYE;4;7.04.1961;0;4
AGIFE;4;19.11.1965;0;4
YUMURCAK;4;7.10.1976;1;3
SEVGILAY;4;14.01.1978;0;4
PARISE;4;18.04.1965;0;4
CEVAHIL;4;2.05.1958;1;3
MINIGUL;4;13.05.1965;0;4
SERKUL;4;1.08.1978;2;2
ZUBEDA;4;25.07.1968;0;4
CAMALE;4;11.11.1959;0;4
ERSUNAR;4;27.08.1969;4;0
SEZAIDDIN;4;2.10.1959;4;0
FERZAIL;4;20.04.1953;4;0
MERCIK;4;20.02.1961;2;2
BAGATTIN;4;5.07.1966;4;0
GULNAFIYE;4;27.11.1975;0;4
MEHDURE;4;15.01.1951;0;4
AYFEGUL;4;11.01.1972;0;4
SEYITAL;4;26.10.1981;4;0
ASGI;4;27.03.1955;4;0
SEKDA;4;17.03.1958;0;4
GULSAYI;4;28.11.1964;0;4
SONFER;4;25.10.1976;2;2
ISAMET;4;6.01.1964;3;1
HAZIREN;4;1.08.1962;4;0
LANUFER;4;10.03.1959;0;4
GUZIDIYE;4;10.01.1964;0;4
LELIMAN;4;14.05.1953;0;4
IFDADI;4;23.01.1955;1;3
NEZVIYE;4;7.07.1958;0;4
JUJUNA;4;30.11.1965;0;4
LUTFIHAN;4;29.01.1972;2;2
IZEYIR;4;17.01.1972;4;0
ZEHAN;4;5.08.1979;1;3
BEDIC;4;9.05.1957;2;2
KUGUK;4;10.04.1953;0;4
NECIRE;4;28.11.1965;0;4
ZULKARNEYM;4;3.11.1967;4;0
MEKSUDIYE;4;30.01.1964;0;4
MERMUNE;4;4.10.1962;0;4
DARBAS;4;2.12.1964;4;0
AHSER;4;23.09.1961;0;4
MEHBIBE;4;9.06.1966;0;4
DOGUBEY;4;17.06.1972;4;0
SINAYE;4;12.06.1951;0;4
GULCEL;4;24.12.1966;1;3
AYSELE;4;22.04.1948;0;4
GURCUN;4;24.06.1966;0;4
KARADAG;4;19.06.1958;4;0
FAZILI;4;21.01.1959;3;1
FEFZI;4;26.11.1965;4;0
MUFITCAN;4;8.06.1979;4;0
PERIKAN;4;10.07.1968;0;4
ZULEYDA;4;27.08.1968;0;4
NESVIN;4;29.05.1961;1;3
SEHIDDIN;4;27.08.1967;4;0
MUCID;4;12.06.1964;4;0
SEGER;4;11.11.1957;0;4
SIHRET;4;21.10.1967;1;3
GADDAFI;4;1.09.1975;4;0
HUSAMIYE;4;17.10.1961;0;4
HAMIDENUR;4;18.08.1989;0;4
SAMETCAN;4;16.11.1991;4;0
KASGAL;4;27.05.1965;0;4
UZEGIR;4;18.09.1962;4;0
PIRSEL;4;8.05.1957;0;4
YASARHAN;4;5.06.1968;2;2
NUFRET;4;4.02.1964;1;3
MEHTAPNUR;4;9.06.1986;0;4
MAHBUKAR;4;5.01.1949;0;4
RAFINE;4;1.12.1956;0;4
OMURAN;4;9.05.1961;2;2
KIYAMAN;4;20.07.1956;0;4
PENZIYE;4;5.04.1958;0;4
RUKIYENUR;4;24.08.1988;0;4
AYDUVAN;4;4.08.1960;4;0
NURATI;4;5.04.1968;4;0
GOKTUGHAN;4;20.08.1984;4;0
ETNAY;4;28.05.1964;3;1
TEKHAN;4;9.05.1982;3;1
GULDUGAN;4;13.05.1959;1;3
ULGUR;4;29.01.1961;3;1
ISVENDIYAR;4;6.03.1967;4;0
SADIT;4;18.10.1948;3;1
ONGOR;4;3.07.1948;3;1
HOMAIL;4;29.2.1953;0;4
MIRIDE;4;22.02.1960;0;4
CISMINUR;4;1.05.1964;0;4
NARDIYE;4;4.06.1962;0;4
VEYHAN;4;20.11.1958;0;4
KITAYI;4;19.06.1968;0;4
MUYIBE;4;22.05.1945;0;4
MECMUA;4;29.11.1958;0;4
IHYANUR;4;17.03.1985;0;4
RIFATCAN;4;24.10.1982;4;0
PULYA;4;8.09.1987;0;4
MUSAVIR;4;30.04.1966;2;2
SANIGUL;4;11.07.1954;0;4
NUHTULLAH;4;6.12.1962;4;0
FERAYIL;4;6.08.1962;0;4
MERASE;4;19.05.1945;0;4
ETNA;4;6.07.1980;0;4
KUFER;4;17.03.1951;0;4
HARIK;4;1.10.1952;3;1
SUKREM;4;4.07.1962;1;3
SAYFULLAH;4;6.12.1969;4;0
FERMINE;4;21.06.1952;0;4
REFAHADDIN;4;10.03.1956;4;0
MUVAHIDE;4;28.04.1946;0;4
DIDENUR;4;16.05.1980;0;4
NEFIM;4;29.10.1964;1;3
MAHIYA;4;22.01.1961;0;4
FERAZE;4;9.04.1962;0;4
NESAD;4;26.03.1950;4;0
ASEGUL;4;6.05.1976;0;4
HAVALIK;4;19.06.1953;0;4
RIFFAT;4;13.06.1956;4;0
ILTUZER;4;16.12.1955;4;0
TURKHUN;4;22.01.1977;4;0
FATTIME;4;20.06.1976;0;4
SAHINNAS;4;30.06.1959;0;4
HESPIYE;4;24.01.1961;0;4
NIAYET;4;3.07.1958;0;4
ISMAFET;4;11.08.1958;0;4
ZELKIFE;4;12.10.1955;0;4
HURIKIZ;4;25.05.1948;0;4
SUSU;4;9.03.1951;0;4
ILKIME;4;1.07.1974;0;4
HIFFET;4;14.01.1950;0;4
EKIL;4;22.01.1985;0;4
NEVCIMAN;4;20.02.1954;1;3
VICAN;4;2.02.1957;4;0
LEYLICAN;4;8.06.1966;0;4
NEZDIYE;4;19.12.1957;0;4
RUKNU;4;12.09.1957;4;0
RIYANE;4;5.04.1941;0;4
CASIF;4;15.11.1963;4;0
BEYTUG;4;24.03.1975;4;0
SELAHUDDIN;4;2.10.1938;4;0
OLKAC;4;29.06.1968;3;1
MUAYET;4;21.05.1965;0;4
MINAYET;4;20.09.1978;0;4
JO;4;5.03.1964;1;3
GAMILE;4;24.01.1947;0;4
HESPI;4;13.10.1959;4;0
MUZHAN;4;7.03.1953;0;4
IDRISNEBI;4;19.06.1968;4;0
ALAYLI;4;3.08.1961;4;0
ELHAT;4;11.05.1959;4;0
OKRAY;4;27.08.1973;4;0
HIZIRE;4;2.01.1949;0;4
BAHUTTIN;4;29.05.1959;4;0
AKCAKIZ;4;24.08.1952;0;4
BURUCAN;4;23.11.1975;0;4
MEDAHET;4;13.12.1942;0;4
MABURE;4;9.02.1956;0;4
NAHIDDIN;4;20.05.1953;4;0
ZINNIYE;4;15.10.1950;0;4
CAFERALI;4;1.06.1955;4;0
YONCANUR;4;5.12.1987;0;4
OLGUCAN;4;17.11.1990;4;0
UMITE;4;2.12.1983;1;3
MUSTAKIL;4;20.07.1970;3;1
BEDIUZZAMAN;4;30.12.1963;3;1
CAGNAN;4;13.02.1960;0;4
MUSAYET;4;18.08.1963;0;4
EKREMALI;4;18.08.1966;4;0
ALAGUL;4;28.04.1961;0;4
DIGAR;4;3.12.1958;0;4
REYLAN;4;26.05.1980;0;4
BITEN;4;2.12.1972;1;3
NEOMAN;4;15.06.1968;3;1
OZGESU;4;24.09.1989;0;4
MEHRUBAN;4;1.05.1963;0;4
UNLUER;4;7.03.1964;4;0
ZEYTUL;4;28.06.1967;0;4
SEHRUZAN;4;30.08.1964;0;4
VEFAH;4;11.01.1970;4;0
ZEKAVE;4;22.07.1954;0;4
YUKSELAY;4;18.12.1958;0;4
EBI;4;19.06.1974;4;0
UZEYNE;4;11.12.1956;0;4
SERINNAZ;4;13.01.1950;0;4
HUSNIHAL;4;21.03.1966;0;4
HOSEDA;4;11.10.1972;0;4
GURSUME;4;14.12.1956;0;4
AZEN;4;23.02.1955;3;1
ILGA;4;18.05.1977;1;3
ZUREYDE;4;10.09.1973;0;4
MINNISA;4;20.02.1953;0;4
SEFAHITTIN;4;11.09.1964;4;0
SIDAKA;4;6.04.1954;0;4
GUNCAG;4;19.10.1970;2;2
ALVARD;4;23.02.1966;0;4
GUNGEL;4;4.08.1956;1;3
PERMUDE;4;10.02.1961;0;4
MEZRUKE;4;20.06.1942;0;4
DURSOY;4;5.12.1956;4;0
ULUSHAN;4;29.10.1978;4;0
ZUMEYDE;4;7.12.1969;0;4
VAHIZE;4;28.02.1970;0;4
TURCE;4;4.11.1984;0;4
CANSUNUR;4;30.2.1991;0;4
LEUZE;4;24.01.1958;0;4
MIGFER;4;4.06.1969;1;3
IMANVERDI;4;15.11.1958;4;0
EKE;4;10.12.1958;4;0
KAASIM;4;26.10.1983;4;0
REYTA;4;10.01.1982;0;4
BAGDEL;4;15.09.1986;0;4
HASHAN;4;19.01.1955;2;2
SUNACAN;4;21.03.1975;0;4
TELCAN;4;23.06.1978;1;3
CIHANGOR;4;20.08.1953;3;1
TEYLA;4;16.12.1954;0;4
IFTEHAR;4;29.10.1964;0;4
MUFRIZE;4;23.01.1957;0;4
SAHLISAN;4;18.12.1952;0;4
TUNCBAY;4;4.09.1974;4;0
ORHANBEY;4;16.05.1970;4;0
ZULAN;4;4.12.1951;0;4
AGLIM;4;22.08.1961;4;0
CAKIN;4;10.07.1954;4;0
GEYVAN;4;8.10.1943;1;3
SUBILE;4;22.01.1951;0;4
SEVANUR;4;7.07.1967;0;4
SEFASUR;4;16.12.1957;0;4
SEMIZE;4;6.06.1961;0;4
FERTANE;4;6.01.1964;0;4
HIKNUR;4;4.12.1966;0;4
HEDIFE;4;1.01.1963;0;4
GULKER;4;26.12.1970;0;4
REFICE;4;27.07.1958;0;4
ULKEHAN;4;21.08.1969;2;2
VAHADETTIN;4;24.05.1963;4;0
BULBULE;4;19.12.1961;0;4
NAYRI;4;10.08.1973;2;2
TEKDIRE;4;5.05.1972;0;4
FIRDET;4;11.04.1965;0;4
REFAHET;4;14.07.1962;0;4
GUNEZ;4;18.12.1965;0;4
HENUZE;4;26.09.1961;0;4
NIGBER;4;11.01.1965;0;4
IBAHAT;4;6.06.1960;0;4
MUSAADET;4;28.01.1950;0;4
SUNBILE;4;20.08.1956;0;4
NEZINE;4;26.12.1973;0;4
MAHUGUL;4;2.07.1965;0;4
BUHRANETTIN;4;9.02.1968;4;0
TASKIRAN;4;2.11.1962;4;0
GULCAM;4;9.02.1975;0;4
HAYREDTIN;4;27.04.1969;4;0
REKAYIP;4;16.04.1978;4;0
BAGATUR;4;27.03.1979;4;0
MEBBUSE;4;7.06.1960;0;4
GOKHER;4;25.10.1966;2;2
NURYAG;4;10.01.1975;0;4
EDANAZ;4;4.06.1991;0;4
HUZEYDE;4;21.08.1968;0;4
ESENCAN;4;12.11.1984;1;3
HAMIDEGUL;4;13.01.1961;0;4
SERDAP;4;14.07.1974;2;2
GUCIN;4;14.08.1972;0;4
SUVABI;4;20.09.1969;4;0
HULYET;4;9.01.1963;0;4
KEZBIYE;4;25.06.1959;0;4
AYSEKER;4;27.05.1964;0;4
BURCKAN;4;20.05.1987;4;0
YASEMBUL;4;15.10.1950;0;4
NUHDIYE;4;13.12.1971;0;4
MIHRUBAN;4;1.11.1944;0;4
ZULFINIGAR;4;1.05.1984;0;4
MIHDAD;4;27.11.1948;4;0
ZULFISAN;4;26.01.1956;0;4
SEVDIS;4;20.07.1947;0;4
SURUHAN;4;11.05.1957;1;3
ZILAFER;4;29.09.1966;0;4
CEHIYE;4;5.11.1947;0;4
LEBIK;4;7.05.1944;0;4
BEYDIN;4;27.10.1964;4;0
DOGUNUR;4;8.06.1955;1;3
SOLNUR;4;1.06.1979;0;4
MUCAATTIN;4;3.03.1964;4;0
KASIBE;4;20.01.1972;0;4
SAHIDAR;4;18.09.1957;2;2
BESTURE;4;14.07.1970;0;4
ZELIL;4;16.12.1968;0;4
BUKRET;4;23.07.1983;1;3
UYKUN;4;8.11.1949;2;2
IPILIK;4;17.01.1959;0;4
BEHIL;4;18.02.1953;3;1
SELFA;4;26.10.1976;0;4
TENZILET;4;21.04.1969;0;4
VETAT;4;8.06.1968;4;0
ZAYRIYE;4;29.03.1955;0;4
CAYIBE;4;30.12.1951;0;4
ESARET;4;13.12.1965;1;3
BIRSELIN;4;29.04.1971;0;4
GUNESIN;4;26.06.1970;0;4
BIRCAG;4;10.03.1988;2;2
SARANA;4;23.06.1939;0;4
MELEKTER;4;19.03.1952;0;4
MUKADDERET;4;23.07.1975;0;4
UMMIHA;4;28.03.1963;0;4
DUREYYA;4;25.11.1958;0;4
REZDAN;4;1.12.1973;1;3
GUZINE;4;10.11.1959;0;4
NECMIHAN;4;17.07.1962;0;4
HACCEGUL;4;15.09.1958;0;4
SAHVEREN;4;28.10.1961;1;3
MEMNUNA;4;20.01.1954;0;4
GUNESHAN;4;8.10.1960;2;2
MADERET;4;4.10.1948;0;4
SINNAZ;4;4.11.1965;0;4
MEHMETZIYA;4;26.08.1958;4;0
MEYLUK;4;29.08.1955;0;4
BUYUCE;4;29.06.1947;0;4
BIHZAT;4;18.09.1946;3;1
SEVIDAN;4;17.01.1972;0;4
HACIARIF;4;14.07.1952;4;0
TURGUTAY;4;23.04.1978;4;0
KEMENT;4;20.04.1963;4;0
SOPIO;4;12.01.1977;0;4
MUSTACIP;4;27.08.1947;4;0
NEVAIL;4;5.11.1960;0;4
UFUKDAN;4;20.11.1964;4;0
ARDANUR;4;28.12.1986;0;4
MENDUA;4;3.11.1957;0;4
ATAGUNDUZ;4;28.09.1953;4;0
NURDUVAN;4;4.09.1966;3;1
NARGILA;4;14.12.1977;0;4
CIZEL;4;1.07.1979;0;4
UNZULAY;4;16.07.1976;0;4
ZEKER;4;11.07.1962;3;1
FERIM;4;21.06.1979;2;2
MUBESSIR;4;15.10.1958;1;3
SUHAYB;4;9.01.1991;4;0
HUBEYLA;4;9.01.1971;0;4
KAMERYE;4;10.07.1966;0;4
GOSE;4;12.07.1949;0;4
INSA;4;20.08.1956;1;3
SERIFCAN;4;10.07.1984;3;1
SEMIHAL;4;5.10.1957;0;4
VILDAM;4;8.06.1980;0;4
SEBAHAD;4;16.01.1964;0;4
CELIT;4;30.09.1955;3;1
HEFIYE;4;15.08.1948;0;4
FEYKIYE;4;18.10.1939;0;4
BEHIT;4;22.11.1958;4;0
BEREKE;4;4.07.1958;0;4
SIMAIL;4;21.03.1969;4;0
MEHDUNE;4;5.11.1969;0;4
ARIFEGUL;4;15.04.1978;0;4
SUABI;4;25.02.1964;4;0
GUSEF;4;3.07.1983;0;4
MESIHAN;4;27.07.1978;0;4
CAMIS;4;3.08.1959;2;2
ENIYSE;4;1.08.1978;0;4
KAYAMEHMET;4;6.02.1961;4;0
RAFINA;4;6.11.1963;0;4
SEMON;4;20.06.1970;4;0
YETTER;4;2.03.1968;0;4
MEKTAP;4;27.08.1979;0;4
YEKTAG;4;16.06.1972;4;0
MEBSUSE;4;28.05.1949;0;4
UCAK;4;24.06.1968;4;0
SEBBER;4;21.12.1957;0;4
BASAGA;4;24.05.1954;4;0
HELMINE;4;20.02.1952;0;4
SEZAHATTIN;4;16.06.1953;4;0
BEYLUN;4;6.01.1976;0;4
FIGUL;4;7.03.1964;0;4
PAMBAK;4;4.12.1950;0;4
SEZAEDDIN;4;21.02.1943;4;0
SUZEYIN;4;7.08.1966;1;3
FIKA;4;15.06.1956;0;4
ALISUKRU;4;3.04.1940;4;0
TUBI;4;21.05.1945;0;4
CORINNA;4;26.06.1971;0;4
BIRDAG;4;2.09.1972;1;3
GIYASITTIN;4;26.10.1964;4;0
RUKUYYE;4;7.04.1961;0;4
GAZIBEY;4;4.06.1967;4;0
ASIFA;4;19.02.1950;0;4
MUSTA;4;21.09.1947;3;1
SEBIYYE;4;29.08.1953;0;4
ICAZIYE;4;20.05.1962;0;4
HULMUSE;4;11.02.1961;0;4
M.NAIL;4;29.04.1942;4;0
MUHEMMER;4;26.02.1960;4;0
SERALE;4;2.12.1970;0;4
NEZLI;4;2.02.1961;2;2
ABSIN;4;20.04.1959;4;0
NURCETTIN;4;12.01.1972;4;0
KIBIRIYA;4;9.02.1966;0;4
ZULHAL;4;2.02.1972;0;4
KULHANIM;4;15.02.1941;0;4
BEHRIMAN;4;5.10.1958;0;4
SAHINDERE;4;22.10.1944;0;4
SENEREN;4;6.06.1950;0;4
SACATTIN;4;16.10.1968;4;0
FAHIZER;4;22.12.1960;0;4
URISAN;4;7.05.1956;4;0
MESUDI;4;29.12.1970;2;2
BERGIZ;4;13.05.1964;0;4
APDULAZIZ;4;8.01.1952;4;0
NAMIKER;4;23.01.1951;0;4
SUNUS;4;24.09.1967;0;4
KURTARAY;4;28.08.1954;2;2
SEFAHADDIN;4;4.05.1965;4;0
HILMITTIN;4;8.12.1950;4;0
RESITCAN;4;15.10.1964;4;0
CENKAL;4;12.10.1976;4;0
ERBAN;4;12.03.1977;4;0
SIMAS;4;21.07.1942;0;4
OLCIHAN;4;6.04.1965;1;3
MUHKEM;4;27.02.1963;4;0
SINGUL;4;17.11.1962;0;4
SEHRAYI;4;20.05.1955;0;4
ABDULVAHABI;4;18.02.1969;4;0
NAZALI;4;16.06.1951;0;4
HUDAMI;4;24.08.1974;4;0
DURNEY;4;22.10.1949;0;4
YOKSUL;4;23.12.1980;4;0
DADALOGLU;4;16.10.1971;4;0
NARDANIYE;4;17.12.1952;0;4
EBUSEYIT;4;4.04.1955;4;0
BELUR;4;12.02.1963;2;2
HERDE;4;18.06.1967;0;4
GIYAFE;4;21.03.1973;0;4
BEKTASI;4;6.08.1970;4;0
BAKSEL;4;22.01.1967;0;4
HOSRAF;4;12.01.1951;4;0
YANMAZ;4;25.11.1973;3;1
ICAL;4;6.01.1969;1;3
ZEBAHI;4;28.12.1953;0;4
MERZUF;4;7.05.1966;3;1
H.MUSA;4;11.04.1944;4;0
BILALHAN;4;20.02.1987;4;0
HADAYET;4;4.04.1957;1;3
SEHMUSA;4;13.03.1969;4;0
FUKRAN;4;20.12.1978;1;3
PAMMUK;4;19.12.1965;0;4
ABDULVAHAPGAZI;4;25.08.1973;4;0
EMETUK;4;7.02.1957;0;4
ENDE;4;20.12.1971;0;4
ESUK;4;30.09.1950;0;4
KALELI;4;11.06.1969;4;0
EJLAN;4;6.06.1956;2;2
RAYNA;4;12.06.1958;0;4
DALAN;4;8.08.1990;4;0
KAKKO;4;18.02.1951;4;0
MAHIMIHRI;4;22.10.1953;0;4
ZELIHANUR;4;21.08.1973;0;4
MUSTEGIM;4;27.07.1973;4;0
FIKIRE;4;7.02.1962;0;4
MUBUNE;4;10.06.1977;0;4
NULTEN;4;12.10.1959;0;4
DURSEY;4;21.08.1954;0;4
MEBIHA;4;6.01.1979;0;4
BEYTEM;4;3.02.1985;2;2
MUGEY;4;6.05.1963;0;4
SUMUZER;4;13.03.1956;0;4
KEKUK;4;16.05.1963;0;4
MUSAIL;4;8.09.1967;3;1
MASLAHAT;4;22.05.1964;0;4
GULGAZ;4;14.06.1956;0;4
NEYMA;4;30.09.1959;0;4
EFRAIN;4;11.01.1968;4;0
MEYILDE;4;23.06.1973;0;4
CAMEZ;4;17.03.1955;4;0
UMMUEYMEN;4;21.10.1981;0;4
MEYIDE;4;25.08.1965;0;4
SALEP;4;21.09.1970;0;4
EMIRAH;4;1.01.1979;4;0
AHDEM;4;21.03.1965;4;0
TALIF;4;21.01.1975;3;1
MEKKEHAN;4;22.07.1981;0;4
SAADI;4;1.03.1972;4;0
SUHEYYA;4;1.02.1973;0;4
NUSAMETDIN;4;1.10.1962;4;0
KANITAT;4;20.11.1968;0;4
IKNAR;4;30.08.1965;0;4
MILVAR;4;24.10.1950;0;4
BASAKNUR;4;14.09.1980;0;4
LAHUR;4;20.02.1943;1;3
RACIHAN;4;11.08.1963;1;3
KISELI;4;19.11.1937;0;4
DIL;4;21.05.1964;3;1
SEVGIYA;4;26.04.1970;0;4
IMIRHAN;4;20.10.1959;1;3
MAKBUSE;4;6.01.1966;0;4
SIMSAR;4;5.05.1948;0;4
NEVSANE;4;29.03.1969;0;4
GURPER;4;23.03.1970;1;3
BEDAYI;4;9.12.1958;3;1
SILBER;4;20.07.1966;0;4
BABEY;4;11.10.1946;4;0
SEMINAL;4;18.08.1981;0;4
CERENAY;4;16.12.1990;0;4
HAFIZET;4;2.03.1955;0;4
ESEMI;4;17.08.1965;3;1
SUHEYRA;4;28.10.1981;0;4
DIKCE;4;17.12.1982;4;0
PERISEN;4;14.11.1961;0;4
CESIN;4;20.04.1980;4;0
SUBEYHAN;4;1.06.1956;0;4
ABDULFET;4;24.09.1955;4;0
CANKORAY;4;18.01.1986;4;0
PARIHAN;4;22.06.1970;0;4
DUYCAN;4;3.06.1983;1;3
TESILME;4;9.02.1954;0;4
VEYDA;4;8.10.1972;0;4
SAFIZER;4;3.02.1944;0;4
GULSALIYE;4;17.04.1954;0;4
BAYDAN;4;7.05.1968;1;3
ZERBAHI;4;17.03.1960;0;4
ZURUCE;4;13.06.1949;0;4
UNMAN;4;12.06.1966;1;3
DURASLAN;4;3.07.1975;4;0
DONCAN;4;24.08.1977;0;4
GULDENNUR;4;2.04.1966;0;4
VEDAYI;4;21.03.1965;4;0
FARUZ;4;1.02.1962;4;0
HAMSIDE;4;13.04.1940;0;4
INCO;4;12.02.1932;1;3
NARIHAN;4;17.12.1972;0;4
SEMEDDIN;4;21.09.1971;4;0
TAMBAY;4;11.12.1958;4;0
OZGUNES;4;16.03.1976;4;0
HAZINET;4;16.08.1974;0;4
GAMSIZ;4;17.08.1967;4;0
GULSAHER;4;14.06.1958;0;4
MARGARETE;4;20.05.1938;0;4
BAHCAT;4;25.11.1951;3;1
BAHTIKAR;4;1.08.1959;1;3
ADELU;4;1.09.1951;0;4
NURSUMAN;4;28.07.1976;0;4
EBUK;4;30.07.1942;0;4
TEBEREK;4;25.11.1955;0;4
SADIGAN;4;13.12.1947;2;2
HUSNEHAN;4;17.04.1985;0;4
GOKCAG;4;18.04.1989;4;0
ETFIYE;4;11.12.1945;0;4
BEDINE;4;10.11.1958;0;4
MAHBULIYE;4;26.05.1968;0;4
YANIK;4;15.08.1960;3;1
SAZEMET;4;10.11.1963;0;4
CELALABBAS;4;24.02.1964;4;0
TURKTEN;4;1.01.1963;0;4
ZAFINAZ;4;24.12.1963;0;4
SERPILE;4;12.12.1971;0;4
KIMYANUR;4;19.12.1983;0;4
KULUS;4;22.11.1936;2;2
SEFNAZ;4;29.09.1964;0;4
SEHBENDER;4;6.01.1946;4;0
MUZEKIR;4;1.09.1966;4;0
ERENHAN;4;15.05.1985;4;0
GAIME;4;15.06.1944;0;4
AYISET;4;18.06.1953;0;4
APBAZ;4;21.09.1964;4;0
KATTER;4;21.09.1952;0;4
NEMSIYE;4;15.05.1954;0;4
MUKADDEREM;4;18.09.1969;2;2
MIHREBAN;4;5.05.1959;0;4
MAMAK;4;7.07.1947;1;3
LEYLIYA;4;4.07.1957;0;4
ZUFAL;4;12.01.1971;0;4
RUZIGAR;4;7.06.1952;0;4
GUYSEL;4;18.04.1960;0;4
MAKSUR;4;3.06.1962;4;0
SAFURUYE;4;23.03.1968;0;4
ESRETTIN;4;24.10.1972;4;0
MELDEM;4;11.12.1980;0;4
ENDAMIGUL;4;1.06.1959;0;4
HURMUZIYE;4;6.05.1948;0;4
MEYMUNIYE;4;17.01.1962;0;4
MAHIP;4;29.03.1960;4;0
GULBALI;4;14.12.1959;0;4
MENDUBE;4;12.11.1965;0;4
SUPUYE;4;13.03.1972;0;4
KELIMET;4;16.06.1966;0;4
IFAHAT;4;19.04.1957;0;4
BEHLIL;4;30.04.1963;4;0
ABDULSALIM;4;8.03.1963;4;0
SECDER;4;9.11.1970;4;0
CADRIE;4;27.10.1966;0;4
SADEL;4;4.01.1969;1;3
NURSALIYE;4;24.09.1958;0;4
MESAKIN;4;20.09.1981;0;4
NURUYET;4;18.02.1964;0;4
ZADEN;4;24.02.1966;0;4
BUHEYSA;4;7.10.1976;0;4
MECDUDE;4;22.12.1948;0;4
ABADAN;4;3.12.1951;0;4
SAHSULTAN;4;20.01.1957;0;4
GULAMHAYDAR;4;7.12.1968;4;0
BIBINIYAZ;4;9.08.1961;0;4
ULUBAT;4;13.10.1980;4;0
SENKUT;4;14.02.1960;3;1
SULFET;4;11.10.1949;0;4
GULADE;4;12.04.1962;0;4
BAMIYE;4;24.12.1949;0;4
UNVEREN;4;29.03.1959;4;0
MEMRUNE;4;23.08.1972;0;4
HISVIYE;4;26.08.1949;0;4
YURDEN;4;18.08.1958;0;4
BIRANDA;4;20.06.1979;0;4
BERDARI;4;6.03.1969;4;0
SEMRAMIZ;4;29.08.1964;0;4
NIHANNUR;4;9.08.1963;0;4
MEKTURE;4;30.10.1949;0;4
IBRAN;4;18.06.1959;1;3
BAYRAMI;4;23.11.1973;1;3
MULADIYE;4;25.10.1961;0;4
FATUK;4;19.05.1961;0;4
ZUBAYDE;4;30.12.1961;0;4
ABDULSINAN;4;18.05.1980;4;0
SONSUZ;4;4.06.1979;3;1
FERMIS;4;15.12.1961;0;4
HOSCAN;4;20.07.1961;3;1
GULAZIZ;4;11.04.1965;2;2
TUCCE;4;25.02.1958;0;4
BILALCAN;4;15.04.1983;4;0
SALIMBEY;4;21.07.1957;4;0
TUCCALI;4;18.06.1957;0;4
SEYIBET;4;18.11.1970;0;4
ELBE;4;1.03.1978;0;4
GULTATLI;4;13.04.1958;0;4
ADALE;4;5.12.1966;0;4
CUMUK;4;21.03.1944;4;0
SUZAL;4;8.08.1965;1;3
AKGULLU;4;21.08.1956;0;4
YELIZE;4;9.01.1981;0;4
HANCERI;4;8.07.1959;4;0
MINERE;4;29.05.1963;0;4
NURIAY;4;14.07.1965;3;1
GULRUHU;4;1.07.1939;0;4
AGCAN;4;24.09.1973;1;3
KUKUL;4;1.05.1959;0;4
KOCYIGIT;4;17.12.1961;4;0
BAKICAN;4;7.07.1978;4;0
MIYRIYE;4;18.05.1959;0;4
HACISAKIR;4;14.07.1971;4;0
ADLER;4;13.07.1976;4;0
NEVSALE;4;20.07.1960;0;4
HACIAGA;4;9.03.1964;4;0
ILKIHAN;4;21.04.1975;0;4
HAVACA;4;12.05.1963;1;3
PIYAMIN;4;10.08.1958;4;0
ABONOZ;4;21.10.1960;4;0
NAKEHAN;4;19.06.1966;0;4
FERINDER;4;12.02.1960;0;4
SADAGET;4;10.06.1971;0;4
DUSUNER;4;1.11.1978;4;0
YATIKAR;4;26.08.1964;0;4
KUMULA;4;6.02.1958;0;4
KOCAMAN;4;26.06.1946;4;0
MELAHIYE;4;19.04.1963;0;4
SUKRUBEY;4;17.12.1946;4;0
SEHRAYE;4;12.01.1947;0;4
NUSLET;4;20.08.1942;0;4
ILGINUR;4;11.11.1972;0;4
NEZIYAN;4;2.11.1950;0;4
DOLGA;4;26.11.1980;4;0
KUMAN;4;19.04.1953;3;1
MUDEBER;4;14.04.1961;0;4
SEFIYULLAH;4;3.11.1977;3;1
MULKIZER;4;12.02.1947;0;4
MUFETTIS;4;21.11.1956;4;0
CAGDAY;4;27.12.1986;4;0
GULSEHAN;4;10.08.1965;0;4
MANIS;4;20.04.1953;1;3
HEYZURAN;4;2.10.1978;0;4
DIJEN;4;14.03.1965;0;4
DUGBA;4;20.01.1979;0;4
ANLAYIS;4;28.05.1978;2;2
BELA;4;14.02.1972;0;4
PIKET;4;6.06.1973;0;4
BISMI;4;9.03.1978;1;3
ILIMNUR;4;1.10.1973;3;1
ZULHIYA;4;16.07.1965;0;4
BAGSIS;4;27.10.1948;0;4
UFAK;4;13.07.1972;1;3
BASIS;4;14.05.1939;0;4
ZENNUREYN;4;19.01.1949;0;4
GULESIR;4;9.02.1957;0;4
UNNAZ;4;28.10.1970;0;4
DURHAYAT;4;25.04.1966;0;4
DUZEL;4;15.09.1963;0;4
AYSELER;4;13.07.1960;0;4
SEHDANE;4;10.05.1949;0;4
EYUBUL;4;11.06.1966;4;0
NURBER;4;24.05.1958;0;4
SEVKIL;4;16.12.1951;0;4
DILYA;4;22.06.1973;0;4
OZHAKAN;4;8.01.1983;4;0
SUZCAN;4;29.06.1973;1;3
TUBAA;4;4.10.1978;0;4
SENERAY;4;22.01.1973;1;3
SUZIDILARA;4;12.12.1984;0;4
HAYAETTIN;4;9.09.1949;4;0
SADAMAN;4;6.04.1961;1;3
NEBICAN;4;2.09.1987;3;1
TALIKA;4;10.12.1960;0;4
ZULUHE;4;12.03.1973;0;4
AIBANIZ;4;13.10.1963;0;4
SERTAR;4;20.05.1971;4;0
MUSTECAB;4;1.06.1965;4;0
MUEYET;4;9.04.1964;1;3
AYBAY;4;21.04.1961;4;0
ZEKIMAN;4;7.11.1965;0;4
ZULAHE;4;6.04.1954;0;4
KAMILLA;4;7.05.1981;0;4
SELENE;4;3.10.1978;0;4
GALIPCAN;4;19.02.1988;4;0
VURSAY;4;25.03.1959;4;0
ABDULCAN;4;11.09.1964;4;0
GENCKAN;4;17.10.1980;4;0
OZGIN;4;30.09.1975;4;0
UMMUKULSUM;4;5.05.1979;0;4
SONET;4;5.05.1972;2;2
GUNA;4;14.06.1970;0;4
VUSAL;4;3.04.1972;2;2
NEVLIN;4;6.08.1971;0;4
YAMUR;4;7.02.1975;1;3
SIRINALI;4;9.11.1940;4;0
UMMUHA;4;4.11.1971;0;4
TURSUNALI;4;27.02.1955;4;0
ERTOS;4;15.05.1978;4;0
BEYRAN;4;12.07.1970;0;4
MUHINAR;4;24.12.1965;0;4
HAIFE;4;17.07.1961;0;4
ERNUL;4;27.11.1972;3;1
NESDAT;4;21.03.1966;4;0
LAHIDE;4;5.01.1958;0;4
GURDEM;4;9.06.1976;1;3
DULAY;4;2.12.1965;0;4
GULHAMDAN;4;8.03.1968;0;4
KULUMSER;4;28.07.1950;0;4
HEBI;4;19.04.1957;2;2
KULFE;4;7.12.1944;0;4
GULBARE;4;12.09.1961;0;4
BEKCAN;4;19.01.1965;2;2
MULVET;4;23.12.1956;0;4
ABDULHAMI;4;4.03.1966;4;0
VEBIHAN;4;6.08.1969;0;4
MIGEN;4;4.03.1984;0;4
YAHYAKEMAL;4;10.08.1981;4;0
MERZUKIYE;4;12.10.1960;0;4
ENCO;4;8.03.1955;2;2
HEYVI;4;10.11.1943;0;4
GULDOREN;4;6.01.1965;0;4
SEVALI;4;20.02.1946;2;2
KUSI;4;2.01.1933;0;4
KAYGUN;4;23.12.1973;2;2
BAVO;4;19.07.1945;4;0
FECIRA;4;12.04.1961;0;4
ZENIT;4;16.08.1970;1;3
BABIK;4;18.11.1943;4;0
IMAMHASAN;4;24.10.1943;4;0
MILIYE;4;26.09.1940;0;4
MURATCEM;4;7.07.1978;4;0
KULABI;4;8.09.1943;4;0
EKPER;4;27.04.1964;4;0
RUKEM;4;12.01.1976;0;4
MURFUDE;4;17.07.1967;0;4
FERDENE;4;18.04.1950;0;4
HASGAR;4;30.08.1963;0;4
CIBAR;4;20.11.1949;0;4
OLIDA;4;6.09.1981;0;4
KUMU;4;18.03.1950;0;4
LEYILA;4;4.08.1965;0;4
FECERE;4;10.12.1937;0;4
KAZA;4;23.02.1955;3;1
KEZE;4;19.03.1938;0;4
RUHKEN;4;17.11.1974;0;4
SINANI;4;16.05.1967;1;3
ZELUL;4;19.11.1947;0;4
FEYSULLAH;4;16.08.1974;4;0
NAIFA;4;15.09.1963;0;4
MELICA;4;25.11.1971;0;4
KEMALLI;4;22.07.1957;0;4
MIFRICE;4;12.06.1976;0;4
GULUNDAM;4;7.04.1957;0;4
AHATNUR;4;10.06.1962;4;0
KIZO;4;7.02.1948;0;4
HULYETE;4;29.2.1973;0;4
ZUMRIT;4;16.11.1949;1;3
HISRAN;4;28.07.1962;0;4
KAYSERI;4;30.08.1948;0;4
MOBAH;4;30.06.1981;0;4
SELLAHATIN;4;26.08.1979;4;0
NIBAT;4;2.08.1959;1;3
HIZBI;4;26.06.1973;4;0
SAHEBETTIN;4;17.07.1980;4;0
LALIGAN;4;21.09.1945;0;4
YEZDA;4;7.01.1979;0;4
FEMIDE;4;2.12.1965;0;4
MAHDIN;4;26.04.1967;4;0
HERMUS;4;11.03.1967;1;3
CARI;4;1.03.1972;2;2
CIMSID;4;12.10.1976;4;0
RUKIYETTE;4;23.03.1974;0;4
FERMANE;4;5.11.1957;1;3
FEZIMA;4;12.11.1971;0;4
SIMHIZAR;4;20.06.1960;0;4
GAMZIYE;4;19.11.1976;0;4
MUNTAZEM;4;14.03.1979;0;4
KULUK;4;27.03.1968;4;0
HESI;4;12.10.1947;2;2
TAVIS;4;27.05.1945;0;4
NAZME;4;28.06.1960;0;4
CAVIZE;4;25.05.1973;0;4
HURISINAN;4;20.12.1949;0;4
FECRIYA;4;27.08.1977;0;4
AMETTIN;4;21.06.1961;4;0
MUKLIME;4;1.09.1975;0;4
SAHAM;4;7.01.1967;0;4
ENZILET;4;19.07.1982;0;4
ABDULGEFAR;4;1.12.1967;4;0
SEFKIYAT;4;5.09.1962;0;4
FIRHAT;4;2.07.1946;0;4
NARIH;4;7.11.1976;0;4
YAGMURCAN;4;2.01.1990;0;4
ISFINAZ;4;14.03.1972;0;4
MIRBAHADIN;4;15.09.1963;4;0
SANIAT;4;26.10.1971;0;4
KEMERIYE;4;21.11.1952;0;4
MUSAN;4;10.11.1958;1;3
BERAI;4;28.10.1977;0;4
NEFSICIHAN;4;14.06.1968;0;4
MUAALLA;4;4.01.1959;0;4
ETIBE;4;4.05.1961;0;4
SAVKAT;4;15.12.1966;0;4
HASAR;4;1.12.1963;2;2
BUTI;4;22.05.1961;4;0
MUNASIR;4;18.07.1974;1;3
ZIBARI;4;3.06.1959;4;0
SURMU;4;14.04.1952;0;4
DINCKAN;4;16.06.1973;4;0
NORHAN;4;30.04.1964;2;2
NAVZET;4;22.05.1967;4;0
AFERIN;4;9.01.1980;3;1
KUCUKHAN;4;18.05.1967;3;1
NAHARI;4;17.02.1958;0;4
SIMAKI;4;17.03.1949;0;4
GULFEYAT;4;14.04.1975;0;4
GULCAR;4;11.01.1977;0;4
TEMINAT;4;22.07.1960;0;4
IMAMEDIN;4;15.03.1972;4;0
NUMMAN;4;20.06.1977;4;0
SINISAF;4;14.07.1968;0;4
MERASAL;4;6.07.1972;3;1
SEVKETHAN;4;29.12.1971;4;0
MIYEFER;4;2.06.1976;0;4
MUHTEBBER;4;7.03.1979;0;4
REZIFE;4;20.08.1965;0;4
MEVSIYE;4;24.06.1969;0;4
TOKTABIBI;4;6.05.1952;0;4
SAHIKE;4;17.01.1972;0;4
KURBANBAY;4;22.02.1956;4;0
SILAS;4;25.05.1987;4;0
ABDULGAFIR;4;20.12.1961;4;0
SAHINSAH;4;26.04.1968;3;1
NEGMAN;4;3.02.1970;4;0
ASSUMAN;4;15.11.1967;0;4
PURUZET;4;4.07.1948;0;4
ECIRE;4;9.04.1961;0;4
NARDA;4;12.04.1978;0;4
AVUZER;4;19.05.1960;4;0
CUMSIT;4;25.03.1958;4;0
FESAHET;4;10.06.1970;0;4
CEZVET;4;25.12.1968;4;0
FEDEM;4;15.07.1982;0;4
ASREF;4;14.01.1954;4;0
SUHILA;4;20.11.1956;0;4
SAVIM;4;1.01.1965;0;4
AYDONE;4;5.10.1979;0;4
YAFET;4;26.06.1969;4;0
MENTIKE;4;5.01.1968;0;4
HAMEDIN;4;5.08.1968;4;0
HUDAYAR;4;9.05.1966;3;1
BIBISARA;4;29.09.1953;0;4
SEYFEL;4;4.08.1957;3;1
CECE;4;10.05.1967;0;4
SEMAR;4;17.06.1979;0;4
HIDEYETULLAH;4;16.06.1964;4;0
GULAFTUN;4;10.04.1969;0;4
FECIME;4;19.03.1969;0;4
SERACEDIN;4;25.11.1961;4;0
KUNCA;4;23.05.1948;0;4
SEDIN;4;25.06.1979;4;0
HATAM;4;15.07.1967;2;2
SELAHATTTIN;4;2.06.1979;4;0
SOHILLA;4;7.04.1964;0;4
VAHIME;4;2.09.1970;0;4
SENEMHAN;4;20.05.1987;0;4
KASLI;4;23.04.1962;1;3
TACDDIN;4;2.05.1972;4;0
NADELI;4;28.09.1973;4;0
HAM;4;19.07.1955;1;3
NESIKA;4;7.02.1976;0;4
GULDILBER;4;17.05.1961;0;4
HAMITHAN;4;2.11.1981;4;0
FULIYA;4;15.04.1972;0;4
BESIK;4;22.05.1944;0;4
DARIA;4;30.10.1973;0;4
PENBUK;4;11.07.1957;0;4
ESAS;4;19.05.1955;3;1
TEMUZ;4;6.01.1971;2;2
ESMAIL;4;30.11.1972;0;4
ASUDER;4;9.09.1973;2;2
SUYLE;4;18.05.1970;0;4
MUTAIT;4;22.08.1974;4;0
FEYIDE;4;25.01.1964;0;4
ZULMET;4;13.08.1957;2;2
ZAMANE;4;12.02.1956;0;4
MELIKZADE;4;28.05.1967;4;0
VASIYLE;4;17.06.1953;0;4
KOMSER;4;8.11.1965;4;0
SULHIYA;4;27.07.1966;0;4
SIMAM;4;12.11.1960;0;4
HOSROV;4;23.07.1955;4;0
TEMRUZ;4;9.06.1946;1;3
SEVZI;4;1.10.1950;0;4
CEVZI;4;26.04.1955;2;2
VADILE;4;27.02.1969;0;4
GULBAH;4;29.11.1963;0;4
PERIGAN;4;26.11.1965;0;4
FERASETTIN;4;14.07.1970;4;0
CEVO;4;18.01.1944;1;3
MELIMA;4;20.01.1973;0;4
VESTAN;4;23.04.1972;1;3
KALABALIK;4;28.04.1956;4;0
ZERNAZ;4;27.08.1970;0;4
NEMIHAT;4;18.09.1970;0;4
FERYETTIN;4;25.03.1962;4;0
NEBATE;4;8.01.1952;0;4
PAMBUG;4;14.11.1970;0;4
ABDULEHED;4;18.01.1976;4;0
MUHTASIN;4;6.09.1977;4;0
EBRUZ;4;20.04.1947;0;4
TELIZER;4;24.01.1960;0;4
ISMICIHAN;4;15.08.1957;0;4
HEZILE;4;25.07.1951;0;4
AKDILEK;4;20.10.1969;0;4
FILTAN;4;1.12.1963;0;4
SONAER;4;24.03.1966;2;2
MIZEYEN;4;12.10.1956;0;4
MEHMETSAFI;4;26.01.1965;4;0
YURTTA;4;3.05.1953;0;4
MUSEYYER;4;1.08.1955;0;4
CINAZ;4;2.06.1978;0;4
HUBRAN;4;11.09.1957;0;4
UMITALI;4;25.02.1976;4;0
URIFE;4;24.03.1968;0;4
LAVICAN;4;21.01.1979;0;4
SOLMAS;4;6.08.1963;0;4
BACHANIM;4;16.01.1958;0;4
EMNIYE;4;24.05.1953;0;4
KEDIM;4;3.09.1968;4;0
CAZIDE;4;27.02.1966;0;4
REHAVZA;4;25.08.1949;0;4
MUNIJE;4;28.12.1951;0;4
BELKISAR;4;11.07.1975;0;4
MICAHIT;4;22.05.1973;4;0
FELEYNAZ;4;7.09.1969;0;4
SAHZENAN;4;3.03.1964;0;4
CEYRI;4;6.05.1954;1;3
GIRAN;4;18.04.1964;2;2
BEZAL;4;25.04.1951;0;4
FEYFUN;4;20.03.1958;0;4
OZERHAN;4;17.02.1976;4;0
ENZULHA;4;11.09.1970;0;4
GEYRAN;4;24.06.1947;0;4
GULUMDAR;4;5.01.1964;0;4
BEYRUZ;4;20.11.1978;3;1
MUHAYER;4;12.06.1978;1;3
BULGAN;4;7.09.1969;1;3
TAMCAN;4;11.09.1980;1;3
TEVGUL;4;26.11.1968;0;4
MERINAS;4;16.07.1967;0;4
ALAL;4;24.01.1955;0;4
YADIYAR;4;3.09.1980;2;2
NACMI;4;10.07.1974;4;0
OZDANE;4;20.08.1961;0;4
MUSURET;4;15.07.1967;2;2
BEYMAL;4;19.10.1967;4;0
KELAN;4;19.04.1967;4;0
SEFERYA;4;15.01.1975;0;4
FATIMETE;4;10.08.1976;0;4
ELVA;4;9.08.1983;0;4
NOSAN;4;5.01.1965;0;4
SURAC;4;8.10.1976;4;0
FEDLULLAH;4;20.05.1981;4;0
TASI;4;12.07.1948;2;2
GOKCENAY;4;19.04.1989;0;4
BALUL;4;13.07.1978;4;0
SIYAHAMET;4;26.04.1954;4;0
HAFZET;4;25.01.1955;0;4
MEKINEDDIN;4;18.09.1969;4;0
NEJVAN;4;20.12.1981;2;2
HALVIYE;4;14.01.1945;0;4
SABHATULLAH;4;21.04.1981;4;0
TEMEZ;4;23.09.1966;3;1
HANIMSAN;4;25.07.1979;0;4
GEVRU;4;20.05.1969;0;4
ZERIFSAN;4;6.04.1954;0;4
ABDULILHAN;4;27.06.1984;4;0
ZEBEYIR;4;16.02.1967;4;0
KAZO;4;10.03.1941;1;3
UMEYE;4;12.03.1983;0;4
AYVIN;4;21.07.1979;1;3
CEDRIS;4;17.11.1967;4;0
HUZEYCETE;4;30.2.1968;0;4
GURIN;4;29.04.1965;0;4
DIDAN;4;1.02.1942;1;3
MUSTEHIR;4;12.09.1972;4;0
HITO;4;11.02.1951;1;3
ZIMO;4;23.08.1953;0;4
SEYAHATTIN;4;1.08.1971;4;0
NIYAZIN;4;4.04.1974;4;0
MEHFI;4;7.03.1972;4;0
SUBHA;4;25.07.1945;0;4
GIYADIN;4;14.10.1955;4;0
MELHAM;4;28.03.1958;3;1
ALU;4;27.06.1935;4;0
MEHMETSAHIN;4;15.10.1974;4;0
SALEDDIN;4;4.06.1970;4;0
FIRIGAN;4;11.01.1963;0;4
ESRIFE;4;17.03.1970;0;4
ZEFER;4;7.10.1967;4;0
MOHITTIN;4;6.09.1948;4;0
COLU;4;3.03.1944;4;0
VAHBEDDIN;4;11.08.1976;4;0
SAHINHAN;4;18.08.1978;4;0
CEZALI;4;13.07.1957;4;0
GULNENE;4;3.10.1968;0;4
GUNISAN;4;7.09.1983;0;4
CIDAR;4;29.11.1983;4;0
SURUC;4;11.06.1974;3;1
IFAKA;4;10.06.1940;0;4
UZEYIN;4;23.01.1971;2;2
HUBEYIP;4;9.03.1983;4;0
NURSADAN;4;5.06.1963;0;4
NIFAR;4;28.02.1977;0;4
ALAAITTIN;4;22.12.1973;4;0
MAFIKAR;4;9.12.1952;0;4
BAHTLIMAN;4;3.10.1968;4;0
MUNESE;4;9.10.1962;0;4
SERDALI;4;12.11.1961;4;0
MUDAVIM;4;30.01.1946;4;0
GELAY;4;21.12.1974;1;3
GULISIL;4;27.06.1974;0;4
ZIYANET;4;30.05.1955;0;4
KABINE;4;26.06.1969;0;4
HASKAN;4;16.11.1965;4;0
FAYZI;4;19.02.1966;4;0
SUFUYAN;4;16.01.1957;4;0
MURBAN;4;26.04.1967;0;4
NEVAIP;4;8.06.1947;4;0
FELDE;4;27.01.1954;0;4
SAMRIYE;4;6.11.1963;0;4
OFLAZ;4;27.11.1959;4;0
GULPELIN;4;20.09.1979;0;4
ZULKANIYE;4;1.10.1956;2;2
SEYRAFI;4;19.09.1970;4;0
ERBA;4;15.02.1967;2;2
M.MUHARREM;4;26.01.1947;4;0
GUNPAR;4;19.02.1972;4;0
KEFAEDDIN;4;22.03.1969;4;0
KANIRE;4;19.02.1957;0;4
NURKALEM;4;27.07.1966;0;4
GUZEF;4;26.09.1950;0;4
GUNTURKUN;4;26.02.1952;4;0
RAVUK;4;27.02.1959;4;0
CANANIYE;4;7.02.1967;0;4
MILIS;4;10.03.1953;0;4
SAVILE;4;13.01.1966;0;4
FURAL;4;7.03.1957;4;0
GUNDONDU;4;1.09.1962;0;4
BULGEYIS;4;6.06.1959;0;4
ZAFILE;4;24.11.1945;0;4
RUHIKAR;4;30.07.1951;0;4
TEMZE;4;17.05.1958;0;4
NURSEMAN;4;2.06.1967;0;4
BEDAAT;4;19.10.1946;0;4
LEYLEHAN;4;4.06.1961;0;4
NAKSETTIN;4;1.02.1965;4;0
SECAMI;4;26.02.1965;4;0
IDRET;4;28.10.1963;2;2
NEFAYET;4;24.10.1972;0;4
ABIDETUL;4;3.06.1978;0;4
BODUR;4;16.08.1946;4;0
YURTSAN;4;29.07.1967;2;2
NURAMI;4;24.10.1958;3;1
GULPERDE;4;6.08.1972;0;4
ESEHANIM;4;7.05.1970;0;4
OZBEL;4;5.06.1984;1;3
YEL;4;22.03.1962;4;0
NERGAHAN;4;23.03.1974;0;4
SELMUNE;4;10.08.1970;0;4
ZAYFE;4;25.09.1950;0;4
SEYVI;4;8.05.1949;1;3
HAKIKET;4;29.12.1967;0;4
MUYESIR;4;25.10.1984;0;4
SULESER;4;8.12.1958;0;4
NEGIZ;4;30.07.1955;0;4
KARZIBAN;4;25.02.1950;0;4
HASAH;4;14.04.1975;4;0
BEYHUDA;4;7.09.1964;0;4
RADIKA;4;8.08.1972;0;4
NURSEBA;4;20.10.1979;0;4
GULLUKAR;4;29.04.1968;0;4
MUKMUN;4;2.04.1965;4;0
NESBIYE;4;7.01.1960;0;4
ABDILMECIT;4;28.08.1967;4;0
REMZETE;4;30.09.1975;0;4
FECAI;4;17.01.1966;4;0
MEVUDE;4;1.11.1956;0;4
SELVISE;4;4.09.1952;0;4
GUNGORE;4;2.05.1951;0;4
SAFINES;4;18.10.1950;0;4
ULFEDIYE;4;23.07.1946;0;4
MIRMAN;4;4.10.1959;0;4
NESLIYEN;4;22.03.1966;0;4
BEYDIYE;4;28.04.1963;0;4
ZOBIDE;4;17.06.1948;0;4
MUCIYE;4;18.07.1947;0;4
MUCESEN;4;14.01.1967;0;4
DENGI;4;21.07.1983;4;0
SEMSULLAH;4;4.07.1960;3;1
SAHZUMAN;4;14.01.1970;0;4
UZUMUYE;4;29.01.1954;0;4
ALEATDIN;4;28.04.1955;4;0
IZDIRAP;4;28.03.1971;2;2
ASPI;4;9.03.1964;4;0
RABBIL;4;22.02.1969;4;0
SERNAT;4;17.11.1980;1;3
NERMIYAN;4;21.02.1967;0;4
KAMIS;4;7.08.1955;1;3
ELVUDA;4;10.09.1954;0;4
H.AYSE;4;28.12.1938;0;4
NALIFE;4;23.01.1954;0;4
LEYLIZAR;4;29.01.1944;0;4
YASARYA;4;17.03.1964;0;4
MUCAIP;4;25.10.1959;4;0
EMIRALLAH;4;17.07.1972;4;0
BUNYET;4;16.05.1957;3;1
GULKEM;4;11.02.1987;0;4
NIKTER;4;3.04.1955;1;3
SABIRYA;4;11.07.1968;0;4
FIDAHIYE;4;22.05.1955;0;4
AYTUNEL;4;23.03.1958;0;4
BEYTISERIF;4;7.12.1966;4;0
HADEVIYE;4;27.11.1951;0;4
KENEN;4;9.01.1977;4;0
HEYNAR;4;23.06.1978;0;4
MUSERRAH;4;26.01.1953;0;4
SULEYDA;4;2.05.1971;0;4
SUMMEHAN;4;10.09.1962;0;4
MUFRETTIN;4;7.07.1964;4;0
FEYZILE;4;15.04.1961;0;4
SABAADDIN;4;13.07.1958;4;0
ZARIYA;4;9.07.1971;0;4
BEKTAN;4;22.09.1969;4;0
NAZENDAR;4;7.12.1968;0;4
GULLISEN;4;10.06.1969;0;4
SINASIN;4;6.02.1957;4;0
HAYFEDDIN;4;26.09.1967;4;0
CELYAN;4;17.04.1988;0;4
SERMINAS;4;27.01.1975;0;4
NEZLEHA;4;9.11.1945;0;4
BILSIM;4;7.11.1968;1;3
EDAFIYE;4;13.11.1968;0;4
DUYGUM;4;16.02.1982;0;4
GONGUL;4;21.10.1971;0;4
SALEN;4;30.07.1964;0;4
NARGEHAN;4;14.06.1980;0;4
AFKA;4;4.05.1947;0;4
BAKAR;4;29.11.1950;1;3
HAYASETTIN;4;5.10.1968;4;0
ABDUMUTALIP;4;5.06.1978;4;0
RUBEYSE;4;8.10.1973;0;4
RUKER;4;29.11.1973;0;4
ABDULKUDDUSI;4;22.02.1953;4;0
NUKRAN;4;19.04.1964;0;4
ZENUS;4;22.08.1942;0;4
MISKEP;4;28.06.1966;0;4
TICEL;4;4.07.1968;0;4
SEAVETKA;4;18.01.1955;0;4
AVZER;4;21.08.1974;3;1
KUPUK;4;10.11.1945;0;4
DEVRIMER;4;11.07.1981;4;0
ZEKAHI;4;1.02.1949;4;0
FAHRUN;4;5.12.1970;0;4
TARIN;4;4.09.1968;2;2
EMRENUR;4;6.05.1986;0;4
MILEY;4;22.11.1965;0;4
BUSRAGUL;4;28.11.1988;0;4
MESURYE;4;22.06.1966;0;4
MALLA;4;6.07.1942;0;4
GUNSOY;4;11.12.1969;3;1
NESLIAY;4;24.11.1981;0;4
MAKVIRE;4;3.08.1960;0;4
DILBERKA;4;27.06.1949;0;4
NUSRETIYE;4;3.11.1958;0;4
PEYZA;4;5.12.1978;0;4
RIZVANGUL;4;18.05.1973;0;4
GUNTUG;4;15.07.1988;3;1
AYSIHAN;4;8.02.1957;0;4
SEZGINAY;4;19.02.1968;0;4
DEHMAN;4;29.12.1963;4;0
HAKCAN;4;4.05.1970;2;2
ENIDE;4;19.01.1978;0;4
ALFAN;4;15.04.1970;4;0
FIRIHA;4;1.01.1965;0;4
NEVRESER;4;28.09.1962;1;3
M.KADIR;4;8.01.1954;4;0
NUSLIHAN;4;30.04.1961;0;4
EZHAT;4;23.10.1972;4;0
MAYAH;4;21.11.1969;0;4
NURBEK;4;20.12.1970;1;3
MUFERI;4;5.07.1950;0;4
SUVEYYA;4;28.05.1968;1;3
BEZIHA;4;26.10.1973;0;4
CELMAN;4;26.02.1960;4;0
ZILO;4;9.07.1944;0;4
ERTIL;4;29.11.1954;3;1
GULLESER;4;29.05.1966;0;4
GIRYAZ;4;30.05.1968;0;4
CANGIZ;4;18.03.1956;3;1
RIZIKA;4;7.01.1948;0;4
TUGCI;4;19.09.1977;3;1
NAZARIYE;4;26.02.1951;0;4
SEBAHANUR;4;22.12.1963;0;4
ZULMIYE;4;26.05.1969;0;4
BURCUNUR;4;20.09.1982;0;4
GULSUMNUR;4;2.03.1982;0;4
NEVZIHAN;4;24.08.1960;0;4
ZAYIME;4;3.08.1973;0;4
SEFIRIYE;4;18.05.1948;0;4
MULKESUN;4;21.04.1980;0;4
ZOLEYHA;4;13.11.1967;0;4
SIVIZAT;4;26.02.1963;0;4
HERAMSI;4;24.09.1973;0;4
MUSAF;4;12.04.1978;3;1
TACISEL;4;15.05.1973;0;4
GOLFER;4;9.02.1963;0;4
ANFER;4;6.01.1961;3;1
AJSEL;4;13.03.1976;0;4
SEPNEN;4;2.05.1973;0;4
NURVERDI;4;16.04.1967;0;4
ARPAT;4;29.06.1968;4;0
EMIRDIN;4;6.04.1975;4;0
NEZYE;4;8.11.1953;0;4
SELEVAT;4;22.11.1962;3;1
ACIZ;4;10.11.1970;4;0
NEDET;4;21.05.1972;3;1
MEDIYET;4;21.12.1950;0;4
MEHILE;4;21.02.1955;0;4
NERICAN;4;11.11.1971;0;4
SILHATTIN;4;2.06.1963;4;0
CEHVERI;4;8.10.1951;1;3
GUNSAD;4;14.07.1973;2;2
YEKSAN;4;14.09.1969;2;2
MILGUL;4;19.12.1976;0;4
REFAHA;4;18.03.1960;0;4
CAMIL;4;30.07.1956;4;0
NEFIYYE;4;9.03.1964;0;4
NERCIZ;4;25.10.1959;0;4
MAFURE;4;11.06.1953;0;4
FADAI;4;19.11.1976;4;0
ESABETTIN;4;23.06.1953;4;0
MINCI;4;20.02.1951;1;3
IHLAN;4;19.07.1956;4;0
PERGUN;4;24.04.1965;0;4
ERGEL;4;20.12.1943;3;1
KIRDAR;4;1.08.1956;4;0
ORENGUL;4;10.02.1944;1;3
GULPERIYA;4;21.09.1968;0;4
BEKHAN;4;3.05.1945;2;2
SUNAHAT;4;12.06.1967;0;4
NIZAMIN;4;21.08.1956;4;0
GULBEYAS;4;7.02.1964;0;4
HASURE;4;27.06.1948;0;4
BERVI;4;3.08.1977;0;4
ISTIHAN;4;2.10.1977;0;4
CERKEZIYE;4;16.12.1967;0;4
VEZA;4;17.08.1975;0;4
AFSANA;4;3.09.1981;0;4
NEFTER;4;30.03.1973;3;1
NAZERIN;4;29.10.1968;0;4
ULEYME;4;17.07.1954;0;4
FITTOZ;4;11.11.1944;0;4
KILLI;4;17.05.1942;0;4
HORIYET;4;8.11.1967;0;4
DENYAL;4;4.04.1974;4;0
MUSARIYE;4;8.05.1949;0;4
SENYAR;4;10.01.1964;2;2
UGURCEM;4;21.02.1977;4;0
ULKUBAR;4;28.11.1959;0;4
DERNA;4;19.09.1979;0;4
ZIVAL;4;10.09.1974;0;4
HURISEV;4;9.10.1960;0;4
DURNIYE;4;8.07.1968;0;4
KAVSI;4;5.02.1947;4;0
ZEKRIYA;4;21.10.1964;4;0
GUNNOR;4;15.10.1964;0;4
FIROS;4;9.12.1941;0;4
YUCESAN;4;23.01.1951;3;1
BURTE;4;19.07.1974;1;3
SEHBIYE;4;16.05.1968;0;4
IRENGI;4;5.08.1959;0;4
LEYLUZE;4;16.11.1965;0;4
ZILCAN;4;28.06.1964;0;4
TEKKES;4;15.08.1974;4;0
SADEFIYE;4;1.01.1950;0;4
AYDAM;4;20.10.1972;2;2
DURSEVIM;4;23.02.1959;0;4
CADULLAH;4;6.12.1965;4;0
HUNBET;4;1.01.1963;4;0
YUZGEL;4;24.09.1967;0;4
SEDIME;4;26.04.1966;0;4
SUAYDE;4;25.08.1969;0;4
IRBABE;4;7.11.1934;0;4
MIZKAL;4;27.05.1955;0;4
KUTLAR;4;6.03.1969;3;1
OZKEN;4;30.10.1970;4;0
SELAMETIN;4;3.03.1979;4;0
RAMIYA;4;2.01.1983;0;4
BECIDE;4;21.06.1972;0;4
BULUTCAN;4;26.04.1984;4;0
BENLIYE;4;15.09.1955;0;4
SALIDIN;4;28.04.1952;4;0
EMETIN;4;12.07.1961;1;3
ADEMCAN;4;13.10.1970;4;0
MEMETULLAH;4;23.08.1985;4;0
SUREHAN;4;4.10.1964;0;4
ABDIYE;4;24.09.1963;0;4
FIDAAT;4;21.04.1960;0;4
BASIYA;4;25.09.1972;0;4
NIMEN;4;8.10.1966;1;3
MUKBIR;4;25.10.1960;4;0
CEVHIR;4;6.05.1956;0;4
NECBIRE;4;6.09.1989;0;4
FEDER;4;22.02.1969;3;1
MELIKSER;4;23.04.1976;0;4
NURPIL;4;16.05.1971;0;4
BILECAN;4;29.09.1980;0;4
BEYHE;4;15.10.1960;0;4
KACMAZ;4;3.07.1959;4;0
RAFIATA;4;27.11.1958;0;4
SINSAF;4;28.06.1950;0;4
SEVES;4;20.05.1981;4;0
GEYBETULLAH;4;30.03.1980;4;0
MUHABETTIN;4;6.11.1974;4;0
SEYITAGA;4;17.09.1962;4;0
HUDIYDA;4;14.10.1957;4;0
SOHEYDA;4;3.11.1964;0;4
UMULHAYIR;4;16.03.1967;0;4
SIMKO;4;15.03.1949;4;0
ILMUDDIN;4;27.05.1962;4;0
HATICAN;4;30.05.1970;0;4
SAVUCU;4;4.07.1959;4;0
MUHRICE;4;30.2.1976;0;4
FEYFURU;4;2.09.1958;0;4
KOZI;4;17.07.1942;0;4
MUKRUMAN;4;25.11.1972;0;4
GULUNC;4;8.10.1969;0;4
ALPAT;4;5.12.1977;4;0
NEDRIFE;4;30.03.1971;0;4
MARIFA;4;30.11.1963;0;4
DESIM;4;21.11.1969;2;2
MUVECCET;4;3.08.1948;0;4
ILVI;4;11.10.1964;3;1
URANIYE;4;17.12.1958;0;4
SERKINAZ;4;30.10.1977;0;4
AYMEZ;4;23.01.1981;0;4
NUSIREVAN;4;16.02.1971;4;0
EYNELHAYAT;4;19.08.1947;0;4
M.BAKIR;4;22.07.1971;4;0
BEYNIYE;4;25.11.1956;0;4
BERKIZE;4;6.08.1959;0;4
NOKI;4;25.11.1945;0;4
GULSENNUR;4;28.08.1983;0;4
M.ZEMIN;4;11.05.1960;4;0
MUHBEDIN;4;1.01.1982;4;0
ZHANAR;4;28.02.1978;0;4
SALHATA;4;9.06.1957;0;4
TAHFIYE;4;18.01.1966;0;4
REKYETE;4;1.11.1964;0;4
FERZINAZ;4;14.04.1952;0;4
SEYIDGUL;4;6.07.1965;4;0
SOYLEME;4;14.05.1961;0;4
SEMALPERI;4;16.02.1961;0;4
KERSIM;4;1.11.1955;1;3
HEMDEM;4;14.05.1959;1;3
MAKBURIYE;4;12.05.1961;0;4
YEKO;4;24.12.1945;4;0
MERHIME;4;21.01.1960;0;4
SISTEM;4;1.03.1978;0;4
GULFEYIM;4;8.08.1977;0;4
MELEKMISAL;4;24.08.1958;0;4
KOSEM;4;13.12.1957;1;3
MERYEMAN;4;27.03.1975;0;4
HUSMETULLAH;4;26.04.1979;4;0
TEKINAZ;4;1.02.1967;0;4
ZAMZAMA;4;20.04.1967;0;4
CESAREDDIN;4;5.08.1969;4;0
FERFORI;4;18.10.1947;0;4
SECADIN;4;14.10.1971;4;0
FERAMAZ;4;18.08.1965;4;0
ABDULMITALIP;4;22.03.1972;4;0
MILIHAN;4;15.11.1962;0;4
MUHRIVAN;4;10.12.1972;0;4
HAMIYETE;4;27.05.1963;0;4
BENYA;4;17.06.1959;1;3
ZERARIYE;4;27.05.1966;0;4
FEMEDIN;4;20.09.1965;3;1
MERAKSAH;4;17.01.1972;0;4
FIRIYAZ;4;22.05.1959;0;4
GULSEMAL;4;29.03.1976;0;4
YEKIN;4;4.03.1973;3;1
MIRARIYE;4;10.10.1974;0;4
BEYZET;4;5.07.1957;4;0
TEVZAT;4;2.04.1976;0;4
ABDURRANMAN;4;30.07.1977;4;0
FELEMES;4;18.07.1941;4;0
BES;4;29.12.1959;1;3
ASMETULLAH;4;2.10.1982;4;0
RAVDET;4;20.04.1972;1;3
NULYA;4;3.03.1983;0;4
SACLIHAN;4;12.03.1959;0;4
GULSAAT;4;24.11.1970;0;4
SEHRISTE;4;30.12.1966;0;4
MUREBIYE;4;4.05.1958;0;4
SELAMHAN;4;3.01.1987;1;3
GULIZADE;4;29.10.1973;0;4
KAANCAN;4;2.02.1992;4;0
MAKO;4;25.2.1469;2;2
MIJGEN;4;19.08.1970;0;4
HACIC;4;27.07.1951;0;4
FELICAN;4;25.08.1976;0;4
MEVCAN;4;11.09.1968;1;3
ZAFERAY;4;22.08.1969;0;4
RUGEN;4;6.07.1958;1;3
BILEKSAN;4;8.05.1972;0;4
VASIK;4;13.05.1971;4;0
MIRHAS;4;15.02.1980;4;0
NAGMETULLAH;4;9.12.1965;4;0
SIFFET;4;18.03.1955;1;3
MIHREN;4;27.06.1961;2;2
SEYHANI;4;7.06.1978;1;3
SUNNI;4;16.04.1960;0;4
FERMUDA;4;4.07.1976;0;4
ERORHAN;4;15.06.1966;4;0
HUSMET;4;2.08.1953;1;3
MUTTAHIR;4;4.09.1969;4;0
ESILAY;4;24.05.1983;0;4
MOHTER;4;6.09.1953;3;1
BILOS;4;1.11.1962;0;4
SINESER;4;12.03.1951;0;4
BALKIRAZ;4;19.03.1957;0;4
TULLUN;4;10.06.1968;0;4
EBEDIYE;4;2.08.1973;0;4
SACAATTIN;4;29.04.1960;4;0
LAVIZE;4;14.10.1974;0;4
GULFIKRIYE;4;14.07.1963;0;4
MUCAIL;4;5.11.1972;4;0
IZAFETTIN;4;29.08.1963;4;0
CIHALE;4;12.08.1962;0;4
SERASKER;4;22.02.1938;4;0
LAFI;4;17.08.1962;3;1
SENNA;4;21.11.1948;0;4
ELATIN;4;2.02.1973;4;0
HULAL;4;14.03.1972;2;2
MAFAK;4;11.06.1962;4;0
MUZZEN;4;30.08.1955;0;4
MINEZZER;4;24.07.1961;0;4
ERGUNDUZ;4;16.05.1957;4;0
MUTTEKIN;4;26.12.1967;4;0
MEKAMET;4;27.08.1953;0;4
PAYIZ;4;15.05.1978;0;4
MEREZHAN;4;24.09.1973;0;4
MEHYE;4;4.11.1949;1;3
HARBIYA;4;25.07.1961;0;4
SAHICE;4;23.01.1965;0;4
NIZMET;4;23.09.1978;0;4
NIHU;4;1.05.1927;0;4
SEPIRZE;4;30.2.1967;0;4
SEHNIZ;4;15.02.1981;0;4
LAHICAN;4;29.01.1980;0;4
RONAK;4;1.01.1975;0;4
HEDU;4;14.12.1943;0;4
CELO;4;2.12.1950;3;1
TEVADET;4;1.03.1966;0;4
HIZU;4;15.09.1945;0;4
NEFILA;4;4.10.1980;0;4
PIRU;4;26.04.1945;4;0
HESIM;4;21.04.1955;4;0
VECIDA;4;16.11.1979;0;4
BIRBEZ;4;8.04.1960;0;4
INZAR;4;18.04.1973;3;1
MIVAN;4;19.09.1955;4;0
MAMBIZ;4;20.04.1963;0;4
TETO;4;3.03.1955;4;0
GULILIK;4;15.01.1954;0;4
KULFET;4;26.12.1961;0;4
HOH;4;25.01.1938;0;4
MAGRUMA;4;5.08.1967;0;4
STAR;4;20.02.1986;4;0
RECIA;4;20.07.1955;0;4
SIDAVE;4;6.05.1976;0;4
MERIFA;4;4.12.1969;0;4
NAM;4;1.05.1946;0;4
SAF;4;19.01.1950;0;4
NAFISA;4;23.05.1972;0;4
HAYZIRAN;4;27.02.1957;0;4
HOSSO;4;14.01.1946;4;0
MAHSET;4;14.05.1964;3;1
PENCI;4;2.04.1969;4;0
TUGGUL;4;26.10.1982;0;4
ESPENDIYAR;4;8.08.1965;4;0
BEDRICAN;4;13.07.1981;2;2
ZUBEYIN;4;27.03.1962;3;1
HEMREVIN;4;7.06.1960;4;0
NICIRVAN;4;7.11.1983;4;0
SULTANHAN;4;26.05.1970;1;3
NARICE;4;24.06.1981;0;4
SELAHETIN;4;5.12.1955;4;0
ISAT;4;6.11.1953;3;1
FINDO;4;3.09.1945;2;2
MEHMETZAHIR;4;5.05.1971;4;0
AZITA;4;15.05.1972;0;4
SEYNO;4;2.03.1947;2;2
EFSIN;4;27.05.1971;3;1
FERADE;4;5.11.1971;0;4
MUKESSIM;4;3.05.1968;1;3
SOLET;4;16.09.1972;3;1
KAMASAN;4;17.03.1960;0;4
SUMEYRANUR;4;26.10.1987;0;4
MEHTAR;4;2.05.1965;3;1
EMIME;4;18.07.1966;0;4
NERZIN;4;16.11.1955;0;4
FERAYDIN;4;5.08.1970;2;2
MUKERIYE;4;12.06.1957;0;4
HECAZ;4;29.03.1960;1;3
GULDARE;4;6.11.1953;0;4
MUYSEL;4;13.12.1957;1;3
GEFER;4;19.12.1980;0;4
FERNISE;4;13.10.1966;0;4
SEMAATTIN;4;25.08.1954;4;0
MELTA;4;6.05.1977;0;4
UNSEREN;4;3.02.1952;0;4
GULSUZEN;4;6.05.1961;0;4
SEZERIYE;4;15.10.1962;0;4
PETE;4;21.02.1953;0;4
ADILEGUL;4;29.07.1975;0;4
KHANIM;4;8.08.1972;0;4
PERYEN;4;10.10.1953;0;4
NESUR;4;20.10.1961;3;1
ANNEMARIE;4;17.08.1952;0;4
SEBAHATI;4;4.10.1948;3;1
MUSTAATTIN;4;2.11.1964;4;0
UMDE;4;21.04.1991;1;3
ABDILCELIL;4;18.08.1967;4;0
ALIYYUL;4;27.01.1978;4;0
ELMURA;4;2.11.1982;0;4
SERIBEN;4;10.06.1977;0;4
SALMANI;4;21.05.1977;4;0
AYKON;4;19.02.1982;2;2
TAHIFE;4;8.07.1967;0;4
ILKIFTAR;4;16.02.1971;4;0
BEYLUR;4;5.06.1964;4;0
FEDIRE;4;21.09.1965;0;4
SUNARIN;4;10.01.1951;0;4
GULENE;4;3.07.1955;0;4
HIZMULLAH;4;25.07.1959;4;0
DURSEVIL;4;20.06.1965;0;4
FERGADAN;4;2.04.1960;0;4
MEHIME;4;14.04.1937;0;4
ABDURRASIT;4;8.03.1957;4;0
GULGUZ;4;27.08.1969;0;4
ZULEYKHA;4;5.03.1952;0;4
HELMA;4;23.12.1959;0;4
SERIFKADIN;4;27.05.1953;0;4
HAYNISE;4;14.11.1969;0;4
ARIFKADIN;4;8.06.1948;0;4
TILAL;4;15.08.1958;4;0
VASIT;4;4.07.1954;4;0
ACILAN;4;3.01.1957;4;0
NERGEHAN;4;26.12.1975;0;4
LATIFIYE;4;23.11.1950;0;4
HASREDDIN;4;6.12.1973;4;0
NECILAY;4;21.03.1965;0;4
GULNEKAR;4;10.01.1953;0;4
ANTIMAS;4;11.12.1961;0;4
MAYILDIZ;4;15.11.1956;0;4
MIRESTE;4;6.07.1945;0;4
SEVENER;4;13.09.1979;4;0
ABITEL;4;1.09.1965;0;4
ZULFIKARALI;4;14.06.1984;4;0
GULORMAN;4;24.07.1973;0;4
LIBAR;4;15.11.1962;0;4
OSANDIK;4;23.07.1945;0;4
GIYAM;4;10.06.1964;4;0
HAZEREN;4;23.06.1945;0;4
DILPURUZ;4;14.02.1955;0;4
SACTI;4;25.02.1966;0;4
SEVDAGAR;4;26.12.1963;4;0
ABDULHATIP;4;4.03.1970;4;0
MUSKU;4;25.05.1961;0;4
MUGADDE;4;29.12.1947;0;4
KUMANDAN;4;3.06.1972;4;0
SEYYAP;4;27.04.1964;2;2
SEDRA;4;15.02.1980;0;4
KAKAS;4;20.06.1968;0;4
HEFI;4;15.04.1954;0;4
VAZIYET;4;13.03.1962;1;3
SUDIYA;4;25.01.1963;0;4
SISSI;4;30.10.1944;0;4
GULEBATUN;4;26.01.1955;0;4
MUHEDDIN;4;11.01.1953;4;0
HARINAZ;4;11.02.1950;0;4
TURIST;4;19.07.1977;0;4
MUSENBE;4;25.05.1956;0;4
SAYAF;4;16.01.1955;4;0
YURDISEL;4;14.04.1966;0;4
BEDAVI;4;17.06.1968;1;3
DERFIN;4;10.11.1983;1;3
MEHRIK;4;7.03.1951;0;4
RUHIYAT;4;18.03.1949;0;4
RUKIYAT;4;4.09.1952;0;4
FETAHA;4;25.05.1964;1;3
DURDAG;4;21.06.1962;3;1
GUNNURE;4;7.08.1958;0;4
TUNCI;4;19.04.1958;2;2
MURSEFA;4;27.07.1956;2;2
MERNAS;4;14.08.1969;0;4
TOYUS;4;2.03.1960;0;4
IBAYET;4;25.12.1946;1;3
MAFERE;4;9.11.1946;0;4
ARBAY;4;18.04.1963;4;0
KUSU;4;3.07.1955;0;4
GUMER;4;2.10.1963;0;4
ESLAN;4;8.04.1969;4;0
HUCET;4;16.04.1966;3;1
SONUL;4;24.06.1970;0;4
DOSTCAN;4;8.04.1987;3;1
SIKALI;4;11.06.1955;4;0
GUNSUM;4;30.07.1949;0;4
LEYLAM;4;11.02.1969;0;4
SECCAD;4;22.07.1988;4;0
EBRUN;4;5.01.1983;0;4
HIRDA;4;28.12.1935;0;4
TUKENMEZ;4;7.08.1960;2;2
FUREYA;4;6.10.1982;0;4
IKAN;4;12.11.1973;4;0
MERZIYET;4;30.08.1959;0;4
TEKMEN;4;14.03.1967;4;0
MENZURA;4;26.07.1962;0;4
RUHSARAN;4;29.08.1950;0;4
HALME;4;16.01.1954;0;4
GALIPHAN;4;6.07.1976;4;0
ACUZ;4;19.02.1941;3;1
PATUS;4;29.05.1961;0;4
NERHANIM;4;6.08.1963;0;4
SENSER;4;3.08.1963;1;3
BILON;4;2.10.1948;0;4
TOPPI;4;25.10.1950;0;4
CAHANSAH;4;27.09.1949;3;1
MECLI;4;12.06.1943;0;4
OVEN;4;13.02.1970;3;1
HAZEYIN;4;3.12.1962;4;0
HAYRENSA;4;3.07.1951;0;4
SIYMA;4;17.05.1959;0;4
GULSAHAT;4;2.04.1974;0;4
SERGULER;4;28.07.1971;2;2
MENCURE;4;12.04.1965;0;4
NUSE;4;29.07.1962;0;4
NURDALI;4;10.02.1970;0;4
CEMELETTIN;4;11.09.1970;4;0
M.UGUR;4;3.12.1966;4;0
PAYSAL;4;13.04.1976;4;0
SERGULAN;4;25.10.1975;4;0
SUME;4;14.08.1961;0;4
TEHVIT;4;16.01.1963;4;0
MORIYE;4;6.10.1956;0;4
MAGGUL;4;30.07.1965;0;4
NEZERGUL;4;4.01.1963;0;4
ANSAH;4;18.04.1964;0;4
MENSURU;4;28.05.1961;4;0
IPEKE;4;2.03.1955;0;4
REHBET;4;6.01.1964;2;2
SULPIYE;4;27.08.1956;0;4
ZAIDET;4;17.01.1932;0;4
ALIDEMIR;4;3.07.1967;4;0
MARIFAT;4;6.03.1973;0;4
RABIYAT;4;7.10.1955;0;4
HAZETE;4;28.06.1963;0;4
INAT;4;12.10.1968;1;3
FARIZAT;4;30.08.1955;0;4
SEHEMBER;4;30.08.1963;4;0
SAKO;4;7.09.1958;2;2
BUKLUM;4;11.10.1969;1;3
ZIVEYDE;4;4.07.1957;0;4
SENEMBER;4;17.07.1962;0;4
MEZAT;4;19.01.1955;0;4
KIYESETTIN;4;24.03.1968;4;0
SALTANE;4;18.08.1962;0;4
YUVUZ;4;8.02.1984;4;0
RURIYE;4;30.12.1955;0;4
FERFO;4;8.12.1947;0;4
EVGULU;4;9.01.1957;0;4
SAYINE;4;3.02.1966;0;4
ENTURK;4;11.03.1978;4;0
SAHNIZER;4;29.08.1956;0;4
MUNTEHAN;4;3.06.1969;0;4
PEMILA;4;25.03.1983;0;4
ERSE;4;16.10.1983;3;1
BEYBABA;4;14.01.1963;4;0
ELFES;4;21.04.1972;2;2
MENDIZ;4;24.11.1972;4;0
AYCER;4;10.03.1980;1;3
YENITURK;4;14.05.1969;4;0
CAPO;4;22.11.1955;4;0
ABDULYASIN;4;30.06.1983;4;0
AFVAN;4;12.01.1977;2;2
NUFERE;4;15.03.1953;0;4
ABDISIH;4;20.06.1953;4;0
REYFAN;4;5.12.1959;0;4
SEFAADDIN;4;6.12.1960;4;0
SERMER;4;5.10.1956;2;2
GULYASE;4;13.07.1957;0;4
REBAB;4;20.10.1979;0;4
SAHISMAYIL;4;2.02.1960;4;0
TURKANIYE;4;29.10.1955;0;4
AYATIN;4;17.09.1970;2;2
HAVALE;4;13.04.1972;0;4
DILFILIZ;4;30.07.1969;0;4
MUKU;4;23.02.1953;3;1
FELMA;4;27.05.1962;0;4
TEVFIT;4;9.09.1965;4;0
GULFIAT;4;19.10.1941;0;4
DILBEN;4;8.02.1969;0;4
NURFAZA;4;5.11.1964;0;4
CEVAKAR;4;2.03.1976;3;1
ALICAM;4;27.09.1973;4;0
HACIELI;4;4.08.1971;4;0
FIYRA;4;10.12.1955;0;4
HURRIYYET;4;9.03.1968;0;4
FERDICAN;4;26.06.1981;4;0
VELISIH;4;28.11.1958;4;0
FARIT;4;23.05.1956;4;0
ARAPNAZ;4;19.07.1957;0;4
SAZAK;4;22.09.1982;3;1
BUYUKHANIM;4;13.06.1947;0;4
HALISHAN;4;22.01.1988;3;1
SIVARI;4;6.07.1962;4;0
AKVAN;4;13.08.1975;4;0
DOLAR;4;24.11.1966;4;0
ELMALI;4;26.01.1956;0;4
SEZAATTIN;4;9.06.1950;4;0
FERGAP;4;7.06.1975;4;0
FEYRIYE;4;4.08.1952;0;4
SIVENAZ;4;24.11.1963;0;4
HAKGUL;4;16.05.1972;0;4
ERGUZ;4;12.07.1966;1;3
LUFIDE;4;4.07.1949;0;4
NELMA;4;15.11.1968;0;4
ZAHIRA;4;3.03.1959;0;4
HUBER;4;19.02.1966;3;1
ZAHIDENUR;4;28.05.1982;0;4
DECCANE;4;5.04.1976;4;0
MENMUNIYE;4;17.08.1966;0;4
NELIHAN;4;7.03.1971;0;4
NEZDAR;4;23.01.1972;2;2
ADEMBABA;4;13.10.1974;4;0
YEKTAN;4;15.09.1963;2;2
AHFET;4;27.11.1959;2;2
GUZEYLAN;4;9.01.1958;0;4
SEVCI;4;16.08.1963;1;3
OZNA;4;7.04.1970;0;4
ZUTIYE;4;26.06.1966;0;4
AFSUN;4;18.10.1971;3;1
RIFAD;4;22.12.1972;4;0
CISEN;4;27.05.1987;0;4
FATMIS;4;5.03.1947;0;4
BEYOGLU;4;19.04.1971;4;0
MEYBE;4;29.07.1965;0;4
NEZIYAT;4;3.10.1962;0;4
NURIYAN;4;23.10.1959;0;4
TUGRAY;4;1.03.1949;3;1
AYNISER;4;18.09.1955;0;4
FARUNNISA;4;14.06.1949;0;4
BILYAMIL;4;26.05.1969;4;0
MATUME;4;6.06.1949;0;4
NEZRINA;4;20.03.1974;0;4
SERUL;4;24.07.1967;2;2
AURORA;4;18.10.1970;0;4
HASLI;4;27.10.1976;0;4
OYKEN;4;16.10.1984;4;0
SEVINDIR;4;1.02.1962;3;1
KAVSER;4;27.06.1963;0;4
AKCAHAN;4;19.04.1979;3;1
GULERIN;4;15.04.1959;0;4
SEHZIMAN;4;21.05.1953;0;4
SENLEN;4;24.04.1970;0;4
MURUBE;4;28.12.1956;0;4
INZEL;4;1.01.1961;0;4
MERHAM;4;28.08.1971;0;4
NERBIL;4;26.07.1966;0;4
UMMANIYE;4;18.11.1959;0;4
BIREM;4;5.08.1982;1;3
SEDATI;4;13.07.1961;3;1
ZELAH;4;3.12.1950;0;4
VEZACET;4;25.01.1944;0;4
SEYYANE;4;8.08.1948;0;4
GOKLIN;4;4.02.1982;0;4
ULUYA;4;9.01.1967;0;4
DIGDE;4;1.08.1983;0;4
NURCUVAN;4;16.02.1969;0;4
SEZGINAR;4;6.12.1977;1;3
NUFIT;4;29.01.1971;4;0
HUDADIYE;4;8.02.1954;0;4
BURCAG;4;13.03.1988;3;1
ZULIFER;4;26.08.1975;0;4
SEVILLAY;4;26.07.1974;0;4
MUSTAFET;4;6.08.1960;4;0
GULAET;4;11.06.1973;0;4
FESUN;4;22.01.1968;0;4
NADIGAN;4;27.05.1974;0;4
ELMIRAN;4;27.10.1977;0;4
YAYA;4;12.07.1965;4;0
NAMVER;4;21.04.1960;4;0
SEHNAZE;4;6.08.1971;0;4
FEDAYETTIN;4;11.04.1969;4;0
HIZMI;4;27.03.1950;2;2
ACCE;4;28.10.1951;0;4
SUBIYEN;4;21.01.1969;0;4
SUDRIYE;4;20.11.1975;0;4
ADIP;4;14.04.1959;3;1
IRME;4;19.06.1972;0;4
IZAVER;4;4.09.1964;0;4
FERATIN;4;12.02.1964;4;0
ZORGUL;4;18.11.1969;0;4
MEHTAN;4;14.10.1981;3;1
NIGANI;4;20.05.1946;0;4
PAKIZAT;4;24.06.1957;0;4
EFRADIYE;4;1.01.1957;0;4
SAMATTIN;4;1.07.1953;4;0
BANEY;4;27.10.1934;0;4
DONDUS;4;10.04.1948;0;4
SOLAK;4;9.07.1959;4;0
PITTI;4;27.10.1936;0;4
BISET;4;25.10.1972;1;3
BALEY;4;17.08.1949;0;4
SADDIYE;4;25.03.1969;0;4
SUZAYI;4;20.03.1961;1;3
PAPKEN;4;9.12.1942;4;0
KESIFE;4;27.07.1955;0;4
MAKSER;4;12.11.1976;2;2
KOMO;4;24.04.1949;4;0
ADNIBANI;4;15.02.1951;0;4
KAYRET;4;5.10.1971;2;2
EMURE;4;29.03.1965;0;4
MERVANI;4;9.10.1962;2;2
ESOG;4;1.05.1957;0;4
KAMUN;4;30.04.1938;0;4
MUKSUN;4;6.05.1969;4;0
PANO;4;13.02.1940;4;0
ZETUN;4;20.10.1956;0;4
KEMUNE;4;29.09.1948;0;4
NEZAKIR;4;24.11.1958;4;0
UBBET;4;16.01.1959;4;0
ADAGUL;4;25.04.1972;0;4
IHTINAZ;4;8.08.1986;0;4
LEFAN;4;13.06.1977;2;2
KEZIVAN;4;3.04.1964;0;4
AYSAHAN;4;6.05.1969;0;4
SEMNE;4;23.10.1963;0;4
PAULINA;4;20.09.1972;0;4
FATTIS;4;12.07.1955;0;4
URUK;4;22.05.1958;0;4
MIESSE;4;12.11.1968;0;4
LEYLIFA;4;18.04.1965;0;4
REFAHIYE;4;16.01.1963;0;4
UNIFER;4;4.12.1966;0;4
REMEZEN;4;10.08.1958;4;0
BEDERHAN;4;28.05.1938;4;0
SURMEN;4;30.12.1976;2;2
MERTUL;4;29.09.1972;3;1
OZNAY;4;20.02.1976;0;4
EBEBEKIR;4;22.01.1969;4;0
DURUSU;4;13.04.1988;1;3
TEHIYE;4;14.09.1965;0;4
FECIA;4;11.04.1958;0;4
HAKKIHAN;4;20.05.1984;4;0
RAHLETE;4;11.03.1969;0;4
DILNUVAZ;4;21.05.1937;0;4
GONAN;4;25.04.1958;1;3
AYKUTLU;4;25.03.1977;3;1
YERAL;4;5.11.1958;3;1
MISIRYA;4;22.01.1975;0;4
NAHYE;4;24.03.1974;0;4
ILDAY;4;3.12.1981;3;1
USEM;4;26.11.1970;4;0
NERGISE;4;28.02.1968;0;4
ASYETE;4;12.08.1972;0;4
CEZILE;4;9.02.1958;0;4
MIKRAMIN;4;7.11.1968;4;0
GULHURI;4;12.02.1960;0;4
MUBEYA;4;29.01.1971;0;4
ABDULZAHIT;4;17.06.1961;4;0
NURTALIP;4;1.08.1977;4;0
MUZYEN;4;11.02.1965;0;4
NIGARHAN;4;14.07.1985;0;4
NATIBE;4;2.04.1964;0;4
KUTBIZADE;4;5.06.1983;4;0
FIRDEVES;4;3.10.1951;0;4
DELIKAN;4;1.10.1985;4;0
LEMENUR;4;21.05.1969;0;4
SAFIYENUR;4;2.09.1985;0;4
UMMUGUSUN;4;27.01.1967;0;4
ESARETTIN;4;19.05.1976;4;0
MEHDIKAR;4;29.09.1955;0;4
SALAADDIN;4;24.09.1953;4;0
HURSUDE;4;29.06.1965;0;4
ATLIYE;4;12.01.1958;0;4
OZBAL;4;10.08.1974;3;1
OLDAC;4;2.05.1982;3;1
NESIBEGUL;4;9.07.1984;0;4
ADILLE;4;8.06.1958;0;4
CANSURAT;4;10.10.1959;0;4
DAVUTCAN;4;23.12.1984;4;0
OZEVIN;4;5.04.1961;0;4
PERITAC;4;21.03.1962;0;4
IBRAHIME;4;14.04.1945;0;4
BANIGUL;4;13.04.1972;0;4
OZTAC;4;2.03.1985;4;0
EROZAN;4;24.12.1986;4;0
SEFHAT;4;28.03.1961;2;2
MUTTAKI;4;10.07.1986;4;0
DESIN;4;10.10.1972;1;3
GUNEYCAN;4;13.10.1989;4;0
MUKAN;4;2.02.1970;4;0
KILICAY;4;8.09.1979;4;0
SUNEYYA;4;26.03.1964;0;4
HESNAGUL;4;13.11.1978;0;4
ERCUMA;4;11.07.1968;4;0
DESIRE;4;22.12.1986;0;4
ARICI;4;28.12.1957;4;0
SERHATHAN;4;8.05.1983;4;0
NEBRULE;4;11.04.1961;0;4
MUZEYET;4;13.07.1963;0;4
ORGUT;4;26.02.1976;3;1
TEMURE;4;9.07.1962;0;4
OZGULE;4;10.10.1970;0;4
FILARE;4;8.06.1969;0;4
HALBIYE;4;29.07.1955;0;4
NUTKULLAH;4;9.09.1958;4;0
VEHBICAN;4;19.06.1990;4;0
DIYASET;4;7.03.1958;0;4
RENGUN;4;6.04.1962;0;4
CEVVAT;4;18.03.1973;4;0
JULYEN;4;14.06.1975;0;4
KINAZ;4;6.07.1955;0;4
MENGUCEK;4;2.05.1973;4;0
HEFIDE;4;25.02.1948;0;4
GURLEK;4;9.03.1948;4;0
NURSIMAN;4;16.03.1975;0;4
SUFEYLE;4;17.12.1967;0;4
GIYESETTIN;4;10.07.1969;4;0
SEDIA;4;6.01.1965;0;4
VEDAY;4;22.09.1971;4;0
NERPIL;4;21.07.1975;0;4
ULTAN;4;10.02.1959;3;1
ZIHRILBEN;4;12.07.1970;0;4
ABDULMUMUN;4;13.10.1958;4;0
AYBERG;4;15.12.1985;4;0
VIRDEVS;4;3.11.1971;0;4
AKCURA;4;1.12.1954;4;0
FILURYA;4;22.04.1973;0;4
VALID;4;8.12.1953;4;0
SOGUT;4;8.02.1965;2;2
DOLEN;4;17.04.1965;1;3
KAYABAY;4;18.10.1954;4;0
DUNYAZAT;4;12.01.1962;0;4
MEZIME;4;15.09.1952;0;4
FILDAL;4;18.11.1966;0;4
EBREN;4;22.12.1979;2;2
KANTURA;4;28.10.1946;0;4
EZADE;4;5.03.1963;0;4
SETTA;4;17.08.1955;0;4
ELCIL;4;8.05.1985;0;4
SENDUH;4;6.12.1978;3;1
HAVAN;4;1.11.1973;1;3
UMUSUM;4;11.07.1945;0;4
MENDUNE;4;28.05.1958;0;4
HEVVI;4;5.07.1956;0;4
SERTTAS;4;8.05.1975;4;0
KUDSAL;4;1.03.1964;4;0
MEVDA;4;8.08.1976;0;4
MASIN;4;20.12.1968;3;1
YAZYE;4;19.04.1976;0;4
ESAFETTIN;4;4.08.1953;4;0
ZILFUKAR;4;16.04.1969;4;0
ELBIDE;4;25.08.1954;1;3
SALIMIYE;4;12.09.1964;0;4
ZEMBILE;4;14.06.1964;0;4
MAHPERIN;4;25.08.1973;0;4
AZIN;4;9.12.1964;3;1
NAKSIDE;4;29.02.1980;0;4
PURNAZ;4;27.03.1957;0;4
HICLA;4;9.12.1967;0;4
NURCET;4;14.06.1952;3;1
ISBINAZ;4;13.08.1966;0;4
TANGUNER;4;13.08.1961;0;4
BERINAY;4;21.04.1970;0;4
ORDUSAN;4;14.12.1974;3;1
LISANE;4;9.04.1956;0;4
MADUDE;4;28.11.1960;0;4
FILISTAN;4;29.12.1952;1;3
ILKERHAN;4;8.03.1980;3;1
AYTUM;4;20.10.1981;0;4
NEVRAY;4;16.11.1973;0;4
GULEZEN;4;19.05.1963;0;4
NECAHI;4;22.09.1956;4;0
FAZILIYE;4;15.05.1961;0;4
FADVA;4;10.08.1957;0;4
OMRUMIYYE;4;7.04.1962;4;0
SEBAATDIN;4;10.08.1964;4;0
MENDURE;4;5.05.1953;0;4
NURILA;4;8.07.1961;0;4
UMMUHANA;4;14.01.1947;0;4
ARZIYA;4;5.01.1944;0;4
MAKIZE;4;17.03.1965;0;4
EFRAS;4;11.01.1935;0;4
MENEKSEN;4;16.10.1969;0;4
CERCUS;4;1.09.1968;4;0
MUSANNIF;4;24.11.1948;4;0
NUT;4;18.04.1970;4;0
KEZBA;4;24.03.1969;0;4
DISUZE;4;9.05.1973;0;4
EFLATIN;4;3.05.1961;4;0
SEHUDE;4;20.10.1959;0;4
SEHLIVENT;4;1.01.1975;0;4
METEKAN;4;19.04.1981;4;0
KUCCUK;4;29.06.1954;2;2
IMRAT;4;25.02.1963;2;2
ZEBAHIR;4;10.05.1964;1;3
KATVAN;4;9.05.1940;4;0
SUVERYA;4;4.05.1979;0;4
NURGU;4;22.01.1985;0;4
ATUFET;4;6.08.1960;1;3
SAVUM;4;25.09.1968;4;0
ADEV;4;22.05.1974;0;4
MEFTINE;4;19.07.1978;0;4
UNGUSUM;4;5.01.1968;0;4
MIRSAH;4;15.06.1972;1;3
BAYSA;4;20.03.1962;0;4
GULTEMIN;4;18.05.1969;0;4
BISEM;4;4.10.1985;2;2
AKREM;4;13.07.1967;4;0
BENGINAR;4;30.04.1977;2;2
HUSNULLAH;4;16.04.1969;4;0
ILFANIYE;4;22.01.1982;0;4
GUNIYAR;4;22.12.1953;0;4
REZO;4;6.02.1945;3;1
ALMEZ;4;21.01.1973;0;4
HUNAFE;4;20.02.1962;0;4
DILET;4;19.03.1981;0;4
TUGANA;4;20.01.1985;1;3
OYAGUL;4;17.02.1971;0;4
TEMHIDE;4;13.02.1957;0;4
BEDICAN;4;15.12.1973;2;2
ALKAYA;4;23.01.1973;4;0
YUKSELI;4;23.03.1964;1;3
VESFIYA;4;16.08.1967;0;4
SUKKERI;4;28.08.1944;0;4
ZOHAL;4;19.08.1971;1;3
SEHBETULLAH;4;14.05.1978;4;0
KAVIM;4;6.11.1966;1;3
GUCEN;4;12.06.1966;2;2
DERSIN;4;11.12.1976;0;4
NIDAVER;4;19.01.1959;3;1
MERHUME;4;24.05.1967;0;4
IZLA;4;5.09.1958;0;4
LEMAT;4;24.08.1956;2;2
MUNIH;4;18.05.1964;2;2
RAHINE;4;10.01.1964;0;4
SADIYYE;4;28.05.1958;0;4
TIJEL;4;5.09.1977;0;4
ULCEZ;4;16.03.1944;0;4
TAHILE;4;27.06.1966;0;4
GULEBER;4;7.12.1958;0;4
CUHEYLA;4;25.03.1975;0;4
ESEBIL;4;2.08.1968;2;2
UTKAY;4;2.03.1984;4;0
ABDULFELAH;4;15.10.1966;4;0
HIBAYE;4;5.09.1980;0;4
SELLAMI;4;4.12.1976;4;0
NIKOLETA;4;2.01.1959;0;4
SEFNUR;4;2.12.1972;1;3
SEHRIZEN;4;30.07.1954;0;4
TUGEY;4;28.02.1955;0;4
GOLO;4;26.01.1944;1;3
MUZZEYDIN;4;24.10.1971;4;0
BASTAMI;4;13.05.1967;4;0
KEFYE;4;2.07.1973;0;4
ERGIDEN;4;1.03.1956;4;0
KIMBERLY;4;21.08.1971;0;4
NEYYULA;4;1.08.1966;0;4
IMAL;4;27.04.1961;3;1
NEHIYYE;4;11.09.1958;0;4
MERNA;4;24.10.1977;0;4
SEMDI;4;6.05.1972;4;0
MERTEBE;4;13.12.1958;1;3
IPAK;4;29.05.1977;0;4
ZIVE;4;13.12.1955;0;4
KAMZER;4;23.03.1975;0;4
NASVIYE;4;16.03.1961;0;4
BEDELYA;4;29.01.1976;0;4
RUKZEN;4;16.11.1956;0;4
EBRO;4;30.07.1977;0;4
SAMARA;4;26.12.1974;0;4
TEMIRAY;4;30.11.1961;4;0
MEVZIDE;4;3.10.1969;0;4
GULAFE;4;3.08.1967;0;4
ZEME;4;28.12.1963;0;4
GULAYTAN;4;3.09.1953;0;4
GANICAN;4;2.01.1986;4;0
YURKAN;4;25.05.1970;1;3
MILUFER;4;12.07.1972;0;4
FAITE;4;10.11.1970;0;4
ITIKAT;4;26.10.1968;2;2
CAMALIYE;4;20.03.1954;0;4
YELDANE;4;8.04.1976;0;4
MEKSENLI;4;8.01.1958;4;0
AYISENUR;4;26.07.1979;0;4
HAZIYET;4;26.07.1966;0;4
ASSEMGUL;4;18.01.1980;0;4
SERFIRAS;4;20.01.1947;0;4
BEGARI;4;27.11.1970;4;0
NEFFUS;4;26.01.1953;0;4
BEHEDDIN;4;28.01.1956;4;0
MUHILE;4;4.11.1957;0;4
SELVETIYE;4;4.03.1946;0;4
NECALETTIN;4;25.10.1963;4;0
SEZAYE;4;5.07.1967;1;3
AKSENUL;4;8.11.1967;0;4
BARNA;4;16.01.1980;0;4
SINERAY;4;24.04.1989;0;4
DERRA;4;1.09.1955;1;3
SIVEN;4;6.01.1967;0;4
TONGA;4;30.09.1975;4;0
MILCE;4;3.07.1948;0;4
GAZIENFER;4;26.02.1965;4;0
LILOFER;4;7.06.1957;0;4
KURCI;4;24.01.1953;1;3
BIZARE;4;1.06.1949;0;4
HOSIN;4;14.04.1960;3;1
ABDURRUHMAN;4;6.08.1978;4;0
SECHIL;4;19.06.1981;0;4
BEYANE;4;13.01.1960;0;4
SUKAY;4;26.01.1962;4;0
SEGUL;4;26.08.1968;0;4
ELMEDIN;4;10.05.1973;3;1
HAFUZULLAH;4;10.08.1974;4;0
MERBANI;4;24.12.1966;0;4
SITIL;4;4.02.1953;3;1
ZIHAL;4;19.01.1966;1;3
BAGDATGUL;4;12.11.1972;0;4
CALA;4;1.07.1953;1;3
MERICHAN;4;3.03.1991;4;0
RUKAT;4;8.04.1963;0;4
TENFIDE;4;25.12.1962;0;4
RESTEN;4;14.11.1964;4;0
HAMEMI;4;7.02.1961;0;4
SAFIDAR;4;28.09.1958;0;4
INIS;4;21.05.1964;4;0
NEHI;4;14.02.1967;2;2
ICRIYE;4;26.05.1963;0;4
ZIFE;4;1.08.1945;0;4
ZEYFA;4;9.01.1936;0;4
MENUCE;4;15.07.1975;0;4
HADAR;4;28.03.1955;4;0
YULA;4;4.04.1978;1;3
DEMIN;4;27.11.1970;2;2
ZEHIRET;4;7.01.1944;0;4
H.VELI;4;4.11.1944;4;0
DILFUZAR;4;18.05.1967;0;4
ZURMIYE;4;5.12.1958;0;4
EKABIL;4;4.08.1981;0;4
SUALA;4;24.02.1969;0;4
SEHINNAZ;4;25.08.1964;0;4
NEFUZE;4;1.04.1953;0;4
SEZERHAN;4;20.11.1989;4;0
ABDULBAHAR;4;14.03.1967;4;0
SADIGE;4;7.02.1952;0;4
FITTE;4;6.09.1938;0;4
SAFALET;4;7.01.1965;1;3
NEVYA;4;14.09.1985;0;4
LEMAL;4;18.04.1960;0;4
VALIDIN;4;3.12.1955;4;0
YUMSEL;4;9.10.1974;1;3
ZUREP;4;12.01.1963;4;0
VOKAN;4;16.11.1983;4;0
OMRETTIN;4;3.04.1968;4;0
HAVADI;4;16.02.1957;1;3
MEYTE;4;28.03.1951;0;4
SADDI;4;16.01.1952;3;1
CANDRA;4;6.06.1964;0;4
CEMRAIL;4;19.07.1982;4;0
KORKUN;4;10.09.1968;4;0
ABDUGAFUR;4;30.2.1975;4;0
SEHOSMAN;4;3.09.1970;4;0
SENEGUL;4;21.12.1967;0;4
UZZEYIR;4;12.02.1964;4;0
CANGUN;4;30.05.1974;1;3
GUSTA;4;15.10.1989;0;4
SAHZAN;4;22.08.1951;0;4
ACMIYE;4;2.05.1952;0;4
NIMETULA;4;7.04.1960;4;0
LEYLIFE;4;4.08.1953;0;4
LADEFET;4;5.05.1954;0;4
ZEYBIDE;4;17.08.1967;0;4
NISBETTIN;4;16.12.1965;3;1
SOPHI;4;1.04.1966;4;0
VAZIYE;4;28.02.1957;0;4
AROL;4;14.09.1956;4;0
TEBABIL;4;16.04.1969;4;0
MISKALE;4;9.02.1969;0;4
MISAVET;4;19.05.1970;0;4
FERIL;4;1.11.1962;0;4
HALUME;4;26.03.1959;0;4
BADIESER;4;4.07.1953;0;4
TUREGUN;4;22.08.1967;4;0
KATEN;4;21.05.1943;0;4
MEHMETZAKIR;4;10.08.1976;4;0
KAFIR;4;6.10.1955;4;0
MEHYEDIN;4;5.05.1959;4;0
ABDULSUPHAN;4;5.04.1979;4;0
SEKE;4;8.01.1948;0;4
SIGDE;4;9.01.1976;0;4
AYDESEN;4;23.12.1970;0;4
ALIYYULMURTEZA;4;13.12.1957;4;0
IMISAN;4;24.05.1966;0;4
GOLIHAN;4;20.02.1979;0;4
MUSAMBER;4;8.02.1981;0;4
FEYZIMELEK;4;4.04.1966;0;4
ARBIYE;4;3.10.1970;0;4
PAKNUR;4;24.05.1952;0;4
UMMUHANGUL;4;20.09.1959;0;4
ENDAL;4;11.05.1973;2;2
VAYRET;4;22.02.1970;0;4
MAHLUKA;4;6.11.1943;0;4
SAYMIN;4;24.02.1982;4;0
TERIN;4;6.10.1959;1;3
SAGMI;4;30.2.1964;4;0
PARISA;4;30.03.1975;1;3
SININE;4;12.02.1971;0;4
NURSIM;4;8.12.1970;0;4
UMUTAY;4;25.09.1977;2;2
YEKTAMI;4;27.01.1974;4;0
PLATIN;4;17.08.1951;2;2
FERDIDE;4;9.11.1939;0;4
CEDDUH;4;21.06.1956;4;0
UZME;4;30.12.1958;0;4
MUKTAD;4;2.10.1968;4;0
PERMIL;4;9.06.1975;0;4
DULSEN;4;20.05.1972;0;4
YERDAN;4;15.02.1968;0;4
MIRIVET;4;25.06.1964;0;4
DURUSAH;4;10.02.1956;0;4
RUFIL;4;30.10.1968;4;0
GULNEBI;4;1.06.1963;1;3
STEFKA;4;7.06.1958;0;4
CEMEHAN;4;4.04.1969;0;4
NEYSEL;4;3.09.1972;0;4
OBIS;4;28.09.1954;0;4
ERTUREL;4;15.05.1947;4;0
GIZLI;4;20.04.1957;1;3
CAGLI;4;14.06.1979;1;3
DANISTAY;4;17.06.1982;4;0
GIRO;4;13.02.1964;4;0
S.MUSLUM;4;30.08.1956;4;0
NEYMAN;4;17.06.1959;0;4
SUIP;4;5.06.1958;4;0
GUHERI;4;28.05.1952;0;4
MUKRUM;4;4.06.1951;4;0
TEMIYE;4;27.01.1971;0;4
SEVFIK;4;7.02.1971;4;0
NAZIY;4;7.06.1953;0;4
RUKKEN;4;29.05.1982;0;4
AYBAT;4;8.01.1957;2;2
BESURE;4;3.10.1960;0;4
VESILET;4;23.06.1963;0;4
HAZNEDAR;4;2.03.1952;0;4
NURGUZAR;4;4.12.1976;0;4
YUSIF;4;17.01.1964;4;0
BABIS;4;15.05.1968;4;0
HACABI;4;8.06.1977;4;0
SAVILEY;4;26.06.1979;4;0
AKCALI;4;19.02.1960;1;3
ZELIFER;4;25.10.1968;0;4
MURUVVER;4;12.04.1954;0;4
BINNAMIN;4;17.09.1956;4;0
MELIGE;4;11.06.1950;0;4
ZEILHA;4;23.01.1968;0;4
VADIHE;4;18.04.1951;0;4
KIYASE;4;1.10.1965;0;4
PENBA;4;18.01.1972;0;4
ISMAL;4;29.07.1974;4;0
NESAYI;4;8.03.1974;1;3
NESAH;4;3.01.1969;3;1
KIR;4;6.06.1955;3;1
SACIBE;4;5.12.1960;0;4
SENYAZ;4;18.08.1948;1;3
TEZBIHE;4;10.04.1960;0;4
BILLAL;4;18.01.1977;4;0
HAYIBE;4;3.07.1955;0;4
GOLSAN;4;18.06.1965;0;4
FIKET;4;26.08.1956;1;3
SIRIFE;4;1.02.1972;0;4
MEDIKO;4;20.05.1956;0;4
MIFIDE;4;3.09.1961;0;4
SEVLICAN;4;5.07.1968;0;4
NASAL;4;20.07.1963;4;0
GULAYSA;4;22.07.1965;0;4
MAZNUM;4;1.11.1972;4;0
NUFEYDE;4;17.09.1979;0;4
UYKUS;4;25.02.1950;0;4
BUSEGUL;4;12.12.1987;0;4
MARJA;4;24.04.1964;0;4
ISMALI;4;20.01.1988;4;0
MUHRUCAN;4;8.06.1966;0;4
YAZIME;4;3.05.1974;0;4
RASIF;4;5.08.1963;4;0
FEYZIA;4;3.04.1972;0;4
KAYI;4;9.08.1957;4;0
NURVIYE;4;22.06.1966;0;4
BELKER;4;25.03.1982;4;0
HIZBER;4;11.02.1962;1;3
KIRSTEN;4;2.10.1962;0;4
MUSTAKBEL;4;7.09.1952;2;2
MAADET;4;13.06.1964;0;4
GULMAHIR;4;24.11.1956;0;4
BAYRAMGUL;4;17.09.1951;0;4
CANFIRAT;4;12.02.1979;4;0
AKIFA;4;19.06.1962;0;4
KADEMSE;4;11.02.1956;0;4
BELUZAR;4;21.02.1952;0;4
GULSUNER;4;20.02.1964;0;4
MUKREBIN;4;14.08.1969;4;0
GULTUGBA;4;12.06.1985;0;4
OMERIDDIN;4;30.03.1971;4;0
FATIY;4;12.07.1949;0;4
VELIYUTTIN;4;27.08.1939;4;0
MERY;4;15.08.1969;0;4
MAZUME;4;29.09.1959;0;4
ZEYYID;4;23.11.1973;4;0
TEVEKKEL;4;6.01.1951;1;3
NEFSET;4;27.11.1970;1;3
MURSAT;4;16.05.1958;4;0
MUNISIYE;4;23.11.1947;0;4
ZAFIRIYE;4;8.10.1963;0;4
RUBAT;4;29.11.1980;3;1
ZEMRO;4;10.12.1951;0;4
HATME;4;16.11.1942;1;3
LACHIN;4;20.08.1976;0;4
NURSEVDIN;4;13.10.1978;4;0
M.NAZIM;4;9.07.1944;4;0
GOLEN;4;17.06.1965;1;3
MULIME;4;29.09.1970;0;4
SEHZAD;4;12.12.1961;2;2
PEHLUZAR;4;9.12.1958;0;4
ELERKI;4;7.06.1986;1;3
CEMBURAK;4;19.09.1983;4;0
SEFIME;4;30.03.1967;0;4
KADEMSAH;4;5.12.1956;0;4
INCIGUN;4;17.04.1983;0;4
GULMISALI;4;23.04.1976;0;4
SILVIO;4;20.06.1965;4;0
ARFAN;4;25.03.1958;1;3
OZEK;4;13.11.1963;3;1
JALA;4;27.08.1965;0;4
RAHIMENUR;4;18.08.1987;0;4
BUNYANE;4;17.05.1958;1;3
AYGUNAY;4;4.03.1967;3;1
MAIZAR;4;13.01.1968;0;4
SUAN;4;23.06.1982;2;2
KUTEYLA;4;26.07.1947;0;4
MUZZEHER;4;6.07.1965;0;4
MUKARREM;4;22.03.1973;1;3
ZIYNIYE;4;23.03.1963;0;4
HILDEGARD;4;8.07.1958;0;4
YASADE;4;18.07.1970;0;4
GULSEZIN;4;23.05.1977;0;4
SARIYET;4;19.12.1961;0;4
BARINE;4;11.12.1968;0;4
NACIVAN;4;13.11.1959;0;4
DURGAZI;4;19.12.1962;4;0
VAHIL;4;21.02.1963;2;2
PAPUS;4;26.05.1958;0;4
SIHNI;4;24.05.1955;2;2
HASSIBE;4;16.10.1958;0;4
RAVIK;4;14.10.1963;4;0
NURKUN;4;4.11.1970;4;0
SEDTAR;4;2.04.1969;4;0
SULDUR;4;3.01.1939;4;0
TUHRAN;4;28.10.1962;3;1
VEKIYE;4;4.12.1961;0;4
SEMAIR;4;7.12.1955;1;3
ZILLA;4;19.08.1963;0;4
GARY;4;8.04.1961;4;0
ALBASLAN;4;10.06.1972;4;0
DONSAL;4;19.09.1974;0;4
ANNELIESE;4;23.08.1938;0;4
SAFURYA;4;1.12.1966;0;4
UKDE;4;15.05.1988;0;4
VICDAT;4;3.01.1955;3;1
BOLUKBAS;4;13.05.1963;4;0
NAVIN;4;12.08.1973;1;3
ROSAT;4;5.05.1982;4;0
HAKIP;4;11.08.1972;4;0
VUCUTI;4;12.12.1945;4;0
FEDAYIR;4;29.06.1967;3;1
NIYASA;4;1.10.1963;0;4
BAKINAZ;4;26.04.1964;0;4
DEHIL;4;26.06.1980;4;0
ZUFRUYE;4;16.08.1971;0;4
ESSEYIT;4;14.06.1940;4;0
TAZILE;4;6.03.1962;0;4
BEHZIYE;4;6.06.1963;0;4
CONSUELO;4;1.12.1953;0;4
TAYHUN;4;5.12.1970;4;0
PENZER;4;17.11.1965;0;4
MEFDUN;4;3.10.1975;4;0
MORDAGUL;4;14.09.1969;0;4
NECAHETTIN;4;19.10.1957;4;0
YURDUSEVER;4;12.06.1970;0;4
SUKUBE;4;19.09.1951;0;4
EBUZED;4;1.01.1972;4;0
DIJLA;4;10.07.1979;0;4
SERIMA;4;5.03.1969;0;4
LUFET;4;21.08.1955;2;2
NAZEZ;4;18.12.1964;0;4
NEBIHAR;4;25.08.1977;0;4
PENZILE;4;5.03.1959;0;4
MINTER;4;15.09.1960;3;1
KENZIYE;4;2.04.1955;0;4
SERFANIM;4;5.02.1977;0;4
ALPTIMUCIN;4;28.04.1986;4;0
GULVELI;4;14.02.1978;4;0
LATICE;4;8.04.1971;0;4
MEBRA;4;27.11.1981;0;4
NAZMISAH;4;13.11.1956;0;4
HALES;4;9.08.1949;0;4
ULFANI;4;11.11.1957;3;1
KAYME;4;1.07.1953;0;4
ZENOVIA;4;14.02.1973;0;4
SEVDAIL;4;2.12.1966;4;0
SELIL;4;25.08.1972;0;4
RAYSAN;4;9.10.1971;0;4
SONEY;4;25.02.1980;1;3
GULGUM;4;26.04.1972;0;4
ADLEM;4;11.08.1975;3;1
M.BAHATTIN;4;25.07.1942;4;0
RANO;4;8.11.1972;0;4
RUKUBE;4;20.01.1965;0;4
KUTAYHAN;4;21.06.1986;4;0
HOKGES;4;29.10.1954;4;0
GULDESER;4;24.01.1961;0;4
GURTAY;4;13.04.1965;4;0
AYCAM;4;14.07.1978;1;3
BENGIZ;4;25.03.1962;3;1
TACESER;4;27.03.1969;0;4
MAHDUMA;4;18.06.1969;0;4
FEKIZE;4;6.10.1957;0;4
BURYAMIN;4;22.10.1957;4;0
MUZEKA;4;11.07.1958;4;0
EMYETTIN;4;16.07.1969;4;0
ABUMUHSIN;4;7.04.1979;4;0
NEBA;4;1.11.1967;0;4
SAFFETDIN;4;17.07.1960;4;0
SOHPET;4;28.06.1975;0;4
GULSAMA;4;3.05.1965;0;4
KARAY;4;17.12.1970;4;0
SEREFDIN;4;11.01.1971;2;2
SONALP;4;24.06.1979;4;0
ATIKAT;4;26.09.1970;0;4
GULSUMAY;4;5.01.1975;0;4
ARIFEN;4;11.03.1957;0;4
PADIGUL;4;26.09.1955;0;4
BERKENT;4;14.06.1978;4;0
SEHBEDDIN;4;9.12.1963;4;0
UNET;4;23.12.1973;4;0
AYSEMDEN;4;8.10.1972;0;4
GULVATAN;4;26.06.1957;0;4
ISNEFET;4;29.07.1964;0;4
BEYIS;4;30.10.1972;3;1
MERHAT;4;20.05.1984;1;3
NEBRUKE;4;14.04.1961;0;4
TEYRA;4;23.09.1966;0;4
IZNESIR;4;21.10.1951;4;0
ANUSH;4;26.08.1974;0;4
GULSANEM;4;21.02.1981;0;4
SAYLAV;4;30.09.1957;1;3
YOMLU;4;3.08.1954;4;0
ARAPKIZI;4;1.11.1966;0;4
ABDUCCEBBAR;4;8.03.1958;4;0
GOULNARA;4;15.05.1976;0;4
MURATBEY;4;10.01.1976;4;0
KIMIS;4;17.08.1936;2;2
KEVSIYE;4;13.06.1958;0;4
ETHEME;4;6.04.1964;0;4
ZUFDU;4;15.10.1962;4;0
NAYLEN;4;15.10.1967;0;4
FIDAVERDI;4;6.06.1971;4;0
FERDUSE;4;4.09.1958;0;4
CATERINA;4;23.12.1963;0;4
ILKTAC;4;20.10.1974;3;1
CENAHATTIN;4;19.04.1962;4;0
SERGEY;4;5.01.1981;4;0
NADEZDA;4;10.11.1969;0;4
AZADA;4;18.09.1974;0;4
NURINUSA;4;14.11.1963;0;4
SENYUVA;4;2.03.1963;2;2
GULFANIYE;4;25.06.1970;0;4
ASENAY;4;23.11.1987;0;4
HUZURI;4;6.01.1967;4;0
MOMUNE;4;22.01.1953;0;4
TUREGUL;4;8.07.1954;0;4
MAZIRE;4;19.12.1963;0;4
MULKUSE;4;20.07.1943;0;4
GURGEL;4;23.03.1960;0;4
NURSUZAN;4;7.02.1958;0;4
SUPRIZ;4;28.10.1969;1;3
NUHTAN;4;15.05.1961;4;0
GULGAN;4;18.01.1968;0;4
GOMEC;4;22.12.1952;1;3
BASKURT;4;12.05.1967;4;0
AYKOL;4;2.11.1968;4;0
CUNEIT;4;8.05.1979;4;0
MUSAME;4;17.11.1970;3;1
BIKAN;4;25.06.1957;0;4
OSET;4;20.05.1982;4;0
NAILYA;4;10.01.1973;0;4
FICEN;4;8.07.1961;0;4
SUNAYIL;4;4.01.1951;0;4
DENSU;4;30.01.1988;0;4
VASGEN;4;30.04.1964;4;0
ULUGBEK;4;6.03.1971;4;0
ELENE;4;18.03.1974;0;4
SONAN;4;3.08.1981;2;2
JANBEK;4;8.09.1984;4;0
MAAZET;4;6.02.1968;0;4
MAMED;4;20.11.1979;4;0
EBILMUHSIN;4;28.10.1959;4;0
ILKSEVI;4;18.04.1980;0;4
NUHRET;4;22.03.1975;1;3
HERDEGUL;4;26.02.1964;0;4
ODHAN;4;7.07.1965;4;0
GULSUNAN;4;26.01.1955;0;4
LEBBIYE;4;3.06.1954;0;4
SAGURE;4;14.09.1964;0;4
NEMANUR;4;25.08.1968;0;4
FECRIN;4;12.10.1976;1;3
TAKHMINA;4;27.01.1978;0;4
MUCAID;4;25.12.1978;4;0
NEZENTE;4;6.06.1969;0;4
KEMALATA;4;5.09.1968;4;0
FADIMETUL;4;30.10.1980;0;4
GERLINDE;4;18.10.1952;0;4
OYTUNC;4;12.11.1985;4;0
EVIRGEN;4;22.11.1967;3;1
ALPOGAN;4;13.11.1973;4;0
YAKUTE;4;2.04.1942;0;4
MAKTUME;4;14.02.1960;0;4
IRZIYE;4;11.01.1954;0;4
JOLANTA;4;12.03.1968;0;4
KALIYE;4;26.03.1965;0;4
ANDIC;4;14.08.1975;4;0
NEGUZ;4;25.10.1961;0;4
ELMES;4;29.12.1967;0;4
ASELI;4;25.01.1954;0;4
ORKIN;4;13.02.1989;4;0
NURNIL;4;22.10.1973;0;4
VASIBE;4;29.06.1966;0;4
MARGUERITE;4;29.05.1952;0;4
SUYER;4;28.07.1957;2;2
TASVIRA;4;20.02.1953;0;4
NUTTIYE;4;21.05.1959;0;4
GAMAR;4;17.02.1961;0;4
TURAFI;4;22.08.1951;0;4
GULURAY;4;19.10.1959;0;4
NIFIDIYE;4;3.04.1957;0;4
BAHAYITTIN;4;4.08.1955;4;0
ZITTIK;4;20.08.1966;0;4
MERIM;4;10.12.1966;0;4
SANES;4;5.03.1971;1;3
VAIDDIN;4;20.03.1961;4;0
SALTER;4;3.06.1961;4;0
ELBILEN;4;9.12.1977;0;4
ZELAFET;4;1.07.1948;0;4
UMPE;4;27.08.1964;0;4
KUTEL;4;4.08.1958;2;2
MUBECCET;4;15.12.1953;1;3
IMAAN;4;23.02.1976;0;4
ILKTUG;4;9.05.1986;4;0
AYLI;4;3.05.1982;0;4
IJLEL;4;5.04.1965;0;4
REZHAN;4;3.09.1964;0;4
VAADETTIN;4;1.09.1978;4;0
VEHBER;4;18.04.1953;4;0
TOKTAY;4;22.01.1958;4;0
FERSEN;4;19.08.1965;4;0
GULSECIL;4;12.07.1968;0;4
NURBIYEN;4;27.12.1961;0;4
ECRE;4;15.02.1989;0;4
SEVINCEN;4;30.07.1961;0;4
KAMURRAN;4;27.05.1985;3;1
HEMETI;4;10.01.1940;0;4
NUHUDIYE;4;5.09.1963;0;4
FERIYYE;4;30.07.1947;0;4
SUTCE;4;22.07.1956;4;0
GALIMET;4;22.09.1952;0;4
ILBAZ;4;27.10.1968;4;0
MATIME;4;7.05.1969;0;4
MUHEDET;4;23.09.1961;0;4
BICKIN;4;11.08.1981;4;0
MUBERRAK;4;20.04.1942;0;4
HALIYAZ;4;24.09.1967;0;4
ZEVCEN;4;28.03.1963;0;4
BAGRIYE;4;4.05.1957;0;4
MEDINEGUL;4;28.10.1967;0;4
MEBIYE;4;15.04.1967;0;4
SALEM;4;16.04.1959;1;3
KERMOS;4;6.10.1954;0;4
FEYKAN;4;11.06.1975;2;2
REFIKAN;4;3.07.1964;0;4
FARINAZ;4;16.06.1957;0;4
BEYYIYE;4;18.07.1962;0;4
TAFIKA;4;14.07.1959;0;4
VIRDES;4;1.05.1971;0;4
SAFFADE;4;23.04.1962;0;4
MUEDET;4;5.06.1959;0;4
AYTUGBA;4;13.01.1983;0;4
BAHAETDIN;4;3.11.1958;4;0
ZURRUYE;4;18.12.1954;0;4
GUCKAN;4;18.07.1982;4;0
RAFIS;4;14.09.1944;3;1
NEDIRI;4;15.12.1948;1;3
TESVIKA;4;10.03.1936;0;4
SALIMCAN;4;19.03.1978;3;1
RUHZAN;4;7.03.1955;0;4
GISNI;4;23.09.1954;0;4
MIHDIKAR;4;2.02.1962;0;4
ALAYEDDIN;4;18.06.1958;4;0
RICHAN;4;27.10.1964;0;4
GULZEMIR;4;23.05.1958;0;4
NEDDE;4;18.12.1959;0;4
FUGE;4;13.05.1967;0;4
REKIDE;4;28.06.1946;0;4
HIDIYE;4;7.08.1960;1;3
MURELLA;4;5.04.1961;0;4
SEBILI;4;3.10.1960;0;4
TUGALP;4;7.12.1965;4;0
KAZELE;4;3.01.1955;0;4
REYDE;4;21.12.1951;0;4
EBIB;4;15.02.1942;4;0
SEMUZ;4;6.08.1964;4;0
DUNYADAR;4;15.01.1962;3;1
RUHKAN;4;25.03.1978;4;0
BEYI;4;11.03.1956;0;4
KATBI;4;6.08.1943;0;4
SACAK;4;16.06.1953;0;4
EJVET;4;15.11.1960;4;0
SANAA;4;17.09.1975;0;4
BURTAC;4;4.06.1981;4;0
MEZEL;4;20.03.1960;0;4
KALGAY;4;10.12.1964;4;0
MEVHUDE;3;9.10.1958;0;3
HURZEMIN;3;7.01.1958;3;0
MUHTEMET;3;27.12.1971;3;0
FEDDAL;3;16.06.1972;3;0
AFRAIL;3;26.02.1966;3;0
PAKIN;3;13.03.1964;1;2
ALIALPER;3;23.10.1969;3;0
NECAHA;3;14.04.1962;0;3
ABUDET;3;15.12.1963;0;3
PASIK;3;10.01.1949;1;2
BEDOS;3;11.02.1961;0;3
BEYSU;3;12.10.1986;0;3
ZENNA;3;7.03.1970;0;3
ZULGARNIN;3;14.11.1961;3;0
TIVRIZ;3;13.05.1961;0;3
GULNAZIFE;3;21.12.1979;0;3
AFFEY;3;17.01.1951;0;3
MAHTEM;3;29.09.1969;1;2
M.DOGAN;3;22.12.1940;3;0
NESAFET;3;25.08.1955;0;3
NUSHATTIN;3;21.04.1975;3;0
MEVCET;3;18.07.1959;3;0
MILKESIM;3;23.01.1981;0;3
MUHSAMETTIN;3;10.08.1968;3;0
NURSALAN;3;22.03.1959;0;3
EZLAM;3;29.03.1976;0;3
TANSIL;3;8.07.1984;0;3
CAYIZ;3;30.12.1962;3;0
OZBULUT;3;29.11.1976;3;0
EFSUNKAR;3;20.03.1987;0;3
MUCAZET;3;8.10.1968;1;2
MUCUZET;3;12.12.1967;1;2
BURAKSAN;3;20.03.1985;3;0
ADABIYE;3;28.10.1969;0;3
HAYRELNISA;3;9.03.1968;0;3
BURSEV;3;2.01.1979;1;2
SEMAADDIN;3;15.10.1965;3;0
ESMEHATUN;3;20.09.1958;0;3
KARASIH;3;20.09.1945;3;0
NUVEYYER;3;16.01.1953;0;3
SEYHMEMET;3;30.06.1962;3;0
SEVHE;3;18.04.1964;0;3
SAHADIN;3;30.04.1969;3;0
SEVIRAN;3;4.12.1976;0;3
SARBAY;3;9.05.1968;3;0
BOCUK;3;15.01.1960;2;1
HAKSEVDI;3;22.11.1944;2;1
TOKAR;3;9.09.1957;3;0
HASIMI;3;4.07.1967;1;2
BEDEHA;3;2.11.1961;0;3
NACDET;3;3.01.1961;3;0
HALEH;3;24.07.1975;0;3
MEYNO;3;20.02.1954;0;3
ALIASKAR;3;8.12.1957;3;0
ILICA;3;10.07.1960;2;1
ALIYUSUF;3;13.01.1953;3;0
BILAMIN;3;14.09.1972;2;1
ZEHMANUR;3;14.09.1980;0;3
OMEREL;3;16.06.1967;3;0
ABDULMEVLUT;3;16.03.1968;3;0
NINEL;3;24.06.1978;0;3
ARTEM;3;26.04.1981;3;0
KESMINAZ;3;22.08.1965;0;3
TAMMEY;3;20.02.1955;0;3
NEFIZ;3;26.07.1950;2;1
TUMRAN;3;25.04.1978;1;2
EMINEBEYHAN;3;3.10.1948;0;3
FEGRIYE;3;21.11.1976;0;3
ULGENALP;3;29.03.1967;3;0
ETIGE;3;12.07.1966;0;3
MUYMINE;3;3.04.1961;0;3
FERZIGUL;3;2.02.1969;0;3
HAFFARI;3;16.05.1964;2;1
YURSEVEN;3;27.08.1981;2;1
SEYDIK;3;7.02.1968;3;0
SAHERNAZ;3;24.03.1953;0;3
BILIFER;3;21.10.1973;0;3
NEALA;3;25.10.1964;0;3
REYHANA;3;2.08.1965;0;3
BEDIREDDIN;3;8.10.1973;3;0
SAISTAN;3;20.04.1961;1;2
FIBEL;3;24.12.1976;1;2
GEYHAN;3;6.05.1959;0;3
SUAVET;3;3.12.1954;0;3
CURE;3;9.04.1941;1;2
SERILE;3;2.02.1962;0;3
FETIYEGUL;3;27.09.1962;0;3
MAHTEP;3;27.10.1974;0;3
EZEY;3;17.08.1935;0;3
SUYEN;3;20.05.1973;0;3
ABDULIZZETTIN;3;12.10.1953;3;0
IFEKAT;3;10.12.1947;0;3
BAYREME;3;29.03.1956;0;3
MEHMETHAYRI;3;20.07.1964;3;0
TEVRI;3;26.12.1936;0;3
TEYYIBA;3;11.05.1978;0;3
SITHIYE;3;26.12.1969;0;3
SAHPARE;3;23.05.1944;0;3
SEFEDIN;3;9.01.1960;3;0
UCO;3;21.10.1931;3;0
CESURHAN;3;16.06.1987;3;0
BILGA;3;23.02.1970;0;3
DERDAIL;3;13.04.1969;3;0
BEDRISA;3;13.04.1953;0;3
NEGFEL;3;25.02.1969;3;0
NURSUM;3;22.03.1983;0;3
SAMIRAY;3;11.05.1956;0;3
HAMZAHAN;3;29.08.1982;3;0
GULSANA;3;1.03.1971;0;3
KETAYUM;3;14.05.1960;0;3
FATIMEIZEHRA;3;6.10.1970;0;3
NAZENDEN;3;8.04.1960;0;3
ARZUH;3;8.04.1963;0;3
MERDAR;3;17.04.1957;1;2
ANKARI;3;4.08.1967;3;0
AVDIN;3;8.10.1979;3;0
NAIYLE;3;3.03.1968;0;3
ABDULTARIK;3;9.10.1978;3;0
ETTI;3;5.01.1951;0;3
SULUYMAN;3;25.10.1959;3;0
MELVAN;3;22.06.1988;1;2
DAYIP;3;17.08.1953;3;0
YELKIN;3;13.05.1984;0;3
SOHUP;3;17.05.1967;3;0
NIDYA;3;30.09.1958;0;3
BERMET;3;9.07.1984;0;3
UMULGULSUM;3;15.09.1972;0;3
CETINE;3;3.10.1961;0;3
NESIGUL;3;30.2.1970;0;3
UVEYLA;3;18.09.1974;0;3
MEYES;3;19.08.1980;0;3
KIMETLI;3;7.07.1968;0;3
ISTAGFIRA;3;2.03.1960;0;3
SAHNAZAN;3;14.05.1983;0;3
FELEKIYE;3;12.06.1953;0;3
SEHREZE;3;21.03.1972;0;3
LEYMUNATA;3;14.06.1984;0;3
MUNIRET;3;21.07.1983;0;3
MOHLISE;3;4.02.1968;0;3
MEDINI;3;20.10.1960;1;2
DUMRATE;3;22.08.1986;1;2
REHMET;3;16.11.1983;0;3
RAKYATA;3;26.09.1988;0;3
SONDIZ;3;2.10.1969;0;3
SULEYLE;3;15.03.1986;0;3
NEFE;3;11.12.1934;0;3
KELAMETTIN;3;22.08.1985;3;0
MILICAN;3;26.07.1983;0;3
VARHAN;3;7.01.1983;3;0
MAKSUMA;3;4.12.1970;0;3
MENIME;3;5.06.1967;0;3
MESLINE;3;17.04.1986;0;3
HECERI;3;4.07.1965;0;3
MUHRUNISA;3;10.11.1962;0;3
IFAN;3;11.03.1963;0;3
GUHERTAC;3;10.11.1959;0;3
BAYARAM;3;23.05.1991;3;0
BESTEMIN;3;26.10.1975;3;0
MUHRINISAN;3;10.03.1983;0;3
ZILDA;3;21.04.1990;0;3
HEFIDAR;3;21.10.1988;0;3
NEYSULLAH;3;27.10.1983;3;0
GULSANAN;3;8.09.1968;0;3
LETO;3;8.03.1930;0;3
MEYSEDDIN;3;10.02.1984;3;0
MUHBULLAH;3;19.10.1980;3;0
HARET;3;7.02.1970;0;3
SUZDAR;3;26.09.1989;0;3
ZEHURA;3;15.12.1958;0;3
EVRICAN;3;16.11.1991;0;3
PITTO;3;5.02.1965;0;3
LATO;3;28.01.1938;0;3
YUSLUMA;3;5.07.1981;0;3
TARIHA;3;23.07.1945;0;3
MESULAT;3;1.11.1979;0;3
ABDULI;3;13.07.1955;0;3
RUMELYA;3;9.12.1986;0;3
NUSRELLAH;3;8.04.1969;3;0
TASIH;3;7.08.1978;0;3
YAZDIN;3;28.12.1985;3;0
MUHTIBER;3;18.12.1974;0;3
ZERRU;3;3.03.1983;0;3
NURIZA;3;29.05.1972;0;3
KADRO;3;11.07.1948;1;2
ROFER;3;20.11.1987;2;1
CUMO;3;20.12.1942;3;0
HAYATUL;3;9.06.1972;0;3
ABDULMANAP;3;3.01.1987;3;0
ABDULFATAH;3;13.09.1978;3;0
UBUYDULLAH;3;11.12.1958;3;0
FINCA;3;29.09.1964;0;3
DISLA;3;7.12.1970;0;3
SUVEYS;3;30.07.1956;2;1
FATURA;3;6.10.1969;0;3
ZIYHNET;3;2.09.1963;0;3
INDRA;3;5.09.1986;0;3
PENCEVIN;3;4.06.1981;0;3
PERUK;3;7.12.1944;0;3
SUVEYBET;3;9.05.1974;0;3
SAHRIMAN;3;7.02.1964;0;3
FERZIMELIK;3;4.11.1946;0;3
REKIP;3;7.06.1984;3;0
HALALE;3;20.09.1956;0;3
RECO;3;4.04.1944;3;0
TENZIME;3;4.04.1979;0;3
MELISI;3;4.02.1965;0;3
ROJANUR;3;7.03.1957;0;3
BEDRU;3;28.04.1936;2;1
EVEN;3;21.02.1987;0;3
YIHYE;3;13.04.1976;3;0
SENAA;3;5.11.1983;0;3
ROJANUH;3;13.06.1965;0;3
IZMIRAN;3;26.07.1972;0;3
ZERGEN;3;20.02.1968;0;3
DURUNCE;3;9.04.1980;0;3
SEBRIZE;3;21.11.1984;0;3
GEBRA;3;14.06.1979;0;3
BIRSIL;3;25.07.1981;0;3
MUKBET;3;16.10.1967;0;3
EMRILLAH;3;26.05.1976;3;0
MATRIONA;3;16.12.1972;0;3
NESBIHAN;3;25.10.1964;0;3
IZZER;3;19.01.1964;3;0
MUZZEYIN;3;26.06.1982;0;3
HAFIDAR;3;11.02.1985;0;3
IHMEDI;3;17.06.1954;3;0
KAFIE;3;11.05.1955;0;3
ITAN;3;4.07.1955;0;3
UNIDE;3;2.08.1977;0;3
KIYAFEDDIN;3;13.11.1982;3;0
JUVANA;3;18.01.1985;0;3
ZUBEDYE;3;29.2.1958;0;3
MEZRUK;3;28.12.1972;3;0
ABDULFEHIM;3;8.06.1980;3;0
HACICI;3;28.06.1962;0;3
MITIA;3;24.04.1949;0;3
MIKRI;3;12.05.1979;3;0
NASETTIN;3;15.10.1967;3;0
NERO;3;17.02.1942;0;3
SEADDET;3;23.05.1961;0;3
SEBIRNAZ;3;16.12.1969;0;3
HAZBIYA;3;11.01.1965;0;3
FEVVAS;3;1.04.1977;3;0
SIPGATULLAH;3;25.05.1971;3;0
BADELI;3;7.01.1968;2;1
SIHDA;3;7.06.1960;0;3
HAZNEGUL;3;20.09.1991;0;3
HAZRO;3;15.01.1962;0;3
RAUFA;3;29.05.1975;0;3
SERGEL;3;4.11.1990;3;0
YESLIBE;3;16.06.1975;0;3
NAKISA;3;3.07.1948;0;3
MEKKIN;3;12.05.1973;3;0
SISEL;3;19.06.1986;0;3
GURBEL;3;12.03.1975;0;3
GECI;3;28.04.1956;0;3
GULSO;3;24.06.1967;0;3
GERO;3;26.11.1963;3;0
ROJDAR;3;15.10.1980;0;3
MANONI;3;28.08.1962;0;3
SELENIK;3;2.04.1951;3;0
HEJIN;3;24.03.1977;0;3
EVIDAR;3;14.11.1986;0;3
SIDDIHA;3;25.01.1961;0;3
HIZRA;3;30.10.1950;0;3
SARHA;3;29.06.1950;0;3
LITFO;3;13.09.1934;0;3
MURRA;3;7.08.1939;0;3
HANINE;3;3.11.1956;0;3
MUSTEKIDDIN;3;3.09.1968;3;0
FURYEL;3;14.07.1981;0;3
TURKKIYE;3;7.05.1956;0;3
ESHAK;3;12.11.1973;3;0
RUHILAT;3;23.11.1977;1;2
FIKRIYYE;3;19.06.1962;0;3
BEYBO;3;28.12.1947;0;3
MUME;3;21.03.1965;0;3
ZATTIN;3;20.09.1983;3;0
RIFIA;3;14.05.1961;0;3
ABDULBAS;3;12.05.1972;3;0
MEDINO;3;10.12.1964;0;3
DILHA;3;5.07.1966;0;3
DAHHAN;3;21.09.1968;3;0
GULFETE;3;5.10.1956;0;3
MULKO;3;22.05.1973;0;3
MIKEYIL;3;12.10.1980;3;0
USSAME;3;10.01.1976;3;0
ZEBURHAN;3;18.05.1948;0;3
ALIUMRAN;3;12.08.1984;3;0
HAYYAN;3;26.08.1977;1;2
ENEVER;3;6.05.1964;3;0
SARIZAN;3;12.12.1974;0;3
SURREYE;3;3.02.1965;0;3
ZEMREHAN;3;28.08.1973;1;2
SALLIH;3;19.06.1960;3;0
ZUHEYYE;3;1.06.1969;0;3
FAVVAZ;3;26.05.1956;3;0
GULCUR;3;13.02.1959;0;3
GERMA;3;5.10.1963;0;3
BELFE;3;21.01.1968;0;3
HAZA;3;22.02.1957;0;3
IZMEYRAN;3;2.09.1963;0;3
ABDULBEDII;3;22.10.1967;3;0
MERE;3;8.07.1961;0;3
SUKUREN;3;6.07.1965;0;3
TINCAN;3;30.06.1970;0;3
ENCILE;3;1.06.1957;0;3
SEHZET;3;14.06.1972;0;3
ROJKEN;3;14.05.1989;0;3
MUHDAN;3;14.07.1977;0;3
HELANI;3;18.01.1974;0;3
ABDULAMIR;3;30.08.1975;3;0
RUSENG;3;8.02.1989;2;1
TEMME;3;4.12.1940;2;1
EDRIHAN;3;6.02.1958;0;3
RUHAYLE;3;15.04.1947;0;3
CAMIYA;3;10.11.1962;0;3
NUSHEDDIN;3;3.05.1957;3;0
MAHCEMILE;3;28.08.1965;0;3
GAMME;3;23.10.1954;0;3
YAVAR;3;1.02.1957;3;0
SALHAM;3;29.01.1968;3;0
SIVERT;3;1.10.1970;0;3
HACIYA;3;22.04.1961;0;3
NAMIZ;3;2.01.1942;3;0
ZAVIYYE;3;7.01.1970;0;3
MUNTASIR;3;17.05.1976;3;0
HUSEMEDDIN;3;2.01.1970;3;0
MAKRUT;3;3.03.1961;3;0
HARBO;3;28.07.1954;0;3
SAHFI;3;10.09.1965;3;0
DEYLAN;3;29.08.1985;2;1
MERVAL;3;12.04.1971;3;0
KEYFE;3;8.03.1966;0;3
NEFCET;3;29.08.1959;0;3
MICVIL;3;15.03.1939;3;0
VEYSIYYE;3;2.05.1955;0;3
EYBEN;3;14.10.1972;0;3
SIRHAT;3;11.11.1973;1;2
NEFIHA;3;29.09.1956;0;3
MUATER;3;16.11.1981;0;3
FAYHA;3;30.03.1958;0;3
MATLUMA;3;3.08.1956;0;3
FERETTIN;3;8.04.1962;3;0
UNUDA;3;22.12.1985;0;3
HUZEYMI;3;12.01.1979;0;3
FIKRA;3;28.10.1969;0;3
LIFET;3;23.11.1951;0;3
HIZNAN;3;7.10.1955;3;0
BARANE;3;22.11.1984;0;3
URU;3;28.03.1978;0;3
SERU;3;5.09.1931;0;3
GUMRET;3;11.08.1963;0;3
MAMU;3;17.04.1935;3;0
MUCALET;3;18.07.1986;0;3
BAGIZA;3;15.10.1959;0;3
GULTEZA;3;16.11.1973;0;3
SIBIH;3;27.08.1980;1;2
AISA;3;5.05.1947;0;3
SIMEYYE;3;10.02.1977;0;3
EMRICAN;3;10.11.1977;0;3
MUSEBYE;3;8.03.1956;0;3
GULHIZARE;3;18.07.1966;0;3
NEZAHEDDIN;3;18.05.1960;3;0
DEBAHA;3;17.08.1973;0;3
FAZA;3;28.08.1979;0;3
HUNEFE;3;12.02.1973;0;3
HAKISA;3;18.03.1966;1;2
ENO;3;4.07.1931;0;3
SUGDIYE;3;17.07.1965;0;3
IKTIMAL;3;16.07.1979;0;3
YEKBAL;3;13.03.1970;0;3
VEZO;3;3.02.1952;0;3
EMUL;3;4.07.1946;1;2
MUBTEDA;3;5.12.1975;2;1
GERIYA;3;2.03.1966;0;3
HUMMUT;3;1.09.1952;3;0
MELHIME;3;17.09.1976;0;3
CATO;3;5.08.1949;3;0
GAVLE;3;22.11.1981;0;3
MUFIA;3;29.08.1962;0;3
SEHEN;3;17.03.1948;0;3
MERDISE;3;11.01.1973;0;3
HURUK;3;23.05.1934;1;2
ABDULNASIP;3;27.10.1964;3;0
ULAEDDIN;3;26.05.1956;3;0
MUSLUHAT;3;10.10.1973;0;3
BEDLISE;3;26.07.1968;0;3
SAFIHE;3;9.02.1976;0;3
MEKSI;3;3.06.1951;1;2
EBLIZE;3;5.12.1937;0;3
SARIZADE;3;28.06.1980;0;3
HEVISTAN;3;23.08.1983;0;3
ELMUS;3;5.06.1972;2;1
KUDRETE;3;17.02.1965;0;3
ERISA;3;2.07.1985;0;3
KESE;3;5.02.1941;1;2
YUSRET;3;26.04.1990;1;2
MUHUBI;3;14.02.1970;1;2
MEKRIYE;3;21.06.1952;0;3
FAHRIZADE;3;4.08.1974;3;0
JULIANNA;3;13.05.1970;0;3
PRISKILLA;3;11.02.1983;0;3
MAHBI;3;15.12.1929;0;3
GUNDOR;3;6.10.1939;3;0
AHIL;3;1.02.1971;1;2
HINNE;3;14.12.1964;0;3
ENKIDU;3;23.11.1981;3;0
ELITA;3;2.03.1980;0;3
SAHDO;3;27.01.1966;3;0
ROJET;3;22.12.1971;0;3
NICUDE;3;6.08.1942;0;3
MILANE;3;26.03.1982;0;3
CHRISTOPH;3;29.04.1991;3;0
JULIYAN;3;15.10.1987;3;0
GULLEYHAN;3;19.06.1979;0;3
TAKADDIN;3;30.09.1974;3;0
EBTESAM;3;21.06.1982;0;3
BENJAMEN;3;17.01.1977;3;0
ELANE;3;27.03.1983;0;3
SAI;3;17.11.1946;2;1
IZGAYRI;3;17.12.1923;0;3
CEKNAS;3;30.2.1976;3;0
ZINNER;3;24.02.1986;2;1
BAZAR;3;24.03.1977;0;3
RASSIK;3;27.10.1958;3;0
JULIETTE;3;29.12.1981;0;3
INGRIT;3;6.12.1968;0;3
PHILIPP;3;3.03.1987;3;0
DIAETTIN;3;14.10.1967;3;0
SANSA;3;29.08.1954;1;2
FAYYAZ;3;1.01.1974;3;0
KAMIA;3;7.01.1982;0;3
DEYBET;3;2.01.1975;0;3
SALLO;3;29.10.1932;3;0
EMRETE;3;14.12.1974;0;3
ATIDE;3;1.01.1981;0;3
ALIRIYE;3;4.09.1978;0;3
FIRDO;3;6.6.961;0;3
SEHVELI;3;25.09.1977;3;0
SEMIET;3;2.08.1982;0;3
BENISUADE;3;7.02.1946;0;3
SILHADIN;3;30.2.1973;3;0
SEMIREMIZ;3;24.06.1966;0;3
TEHLO;3;3.07.1948;3;0
DILNAS;3;25.12.1981;0;3
CALI;3;13.10.1966;3;0
ABUZAT;3;26.12.1959;1;2
SULYET;3;4.02.1960;0;3
VEZUHE;3;15.12.1971;0;3
YESRUBE;3;22.03.1985;0;3
HUNU;3;4.06.1975;0;3
BIRGITT;3;20.05.1978;0;3
HAFZILLAH;3;18.12.1979;3;0
MUKADDIRE;3;12.06.1962;0;3
CHRISTELLE;3;1.04.1981;0;3
MECDE;3;28.12.1977;0;3
MEKEN;3;25.05.1980;2;1
KAYSETTIN;3;13.01.1984;3;0
LEYNI;3;5.06.1985;2;1
SERBE;3;9.11.1968;2;1
VILLIAM;3;18.04.1974;1;2
MENSI;3;6.08.1973;1;2
MISKO;3;29.10.1940;3;0
SEVKED;3;19.07.1958;3;0
ALBERE;3;18.05.1970;0;3
BEHZETTIN;3;20.09.1963;3;0
RAFHA;3;22.03.1958;0;3
NAHRO;3;24.11.1974;3;0
BAREKET;3;27.07.1959;3;0
HINNAS;3;19.06.1948;0;3
HAMPARSON;3;8.08.1971;3;0
YUHANNES;3;11.10.1984;3;0
NEVERD;3;1.02.1948;0;3
SEVRETTIN;3;5.09.1974;3;0
SIBO;3;16.11.1967;3;0
TOMAZ;3;21.04.1977;3;0
SAMOYEL;3;1.05.1956;3;0
KIMO;3;3.02.1977;0;3
SIGAYRE;3;28.10.1938;0;3
EVELIN;3;13.11.1986;0;3
VERDEL;3;21.04.1978;0;3
KECCO;3;19.05.1961;0;3
SERVERT;3;20.12.1972;1;2
ESYEL;3;16.02.1976;1;2
FARAHDIBE;3;13.01.1979;0;3
TUTHAN;3;14.12.1968;0;3
KONI;3;24.07.1973;2;1
DUMMAR;3;21.04.1979;3;0
FETHO;3;25.09.1951;3;0
INTIBAH;3;19.04.1978;0;3
SUBGATULLAH;3;7.02.1986;3;0
SIHHO;3;2.04.1957;3;0
MESUTTE;3;22.09.1979;0;3
NEAME;3;20.10.1941;0;3
ILANDA;3;20.04.1973;0;3
DINAVER;3;24.09.1976;2;1
SEHVAZ;3;2.08.1965;2;1
VEYSU;3;12.08.1954;1;2
BIZGIN;3;27.02.1988;0;3
KEFOKI;3;20.10.1948;0;3
VATANI;3;17.09.1958;3;0
RABIO;3;12.08.1954;3;0
HIBER;3;15.06.1979;0;3
ABITE;3;11.10.1975;0;3
CANBER;3;28.01.1975;3;0
M.MARUF;3;2.01.1980;3;0
AKRAN;3;30.06.1968;3;0
VAHTA;3;15.09.1973;0;3
NURILHIDA;3;5.02.1975;0;3
ZEVRIYE;3;26.06.1955;0;3
ESHE;3;13.02.1970;0;3
BOZETTIN;3;16.04.1970;3;0
SAHRAMAN;3;27.10.1981;0;3
PAOLO;3;27.04.1981;3;0
SISILYA;3;20.03.1972;0;3
MEGGI;3;9.05.1978;1;2
ZAZI;3;22.08.1925;0;3
BELDEN;3;13.02.1982;0;3
RAHMETTULAH;3;29.09.1970;3;0
SEYFUTTIN;3;6.09.1963;3;0
HASVA;3;19.12.1955;0;3
TOMMY;3;5.04.1989;3;0
SILHA;3;9.09.1963;0;3
ANNALISE;3;24.09.1984;0;3
ZERKO;3;9.09.1980;0;3
YAKOB;3;18.05.1961;3;0
HELENI;3;20.04.1980;0;3
TUZAN;3;3.07.1971;0;3
COLE;3;6.07.1984;1;2
ABDURREHMEN;3;16.06.1960;3;0
NOFELI;3;29.12.1951;0;3
KEYSER;3;20.01.1969;2;1
TERHI;3;25.10.1955;3;0
GELLO;3;5.02.1932;3;0
FILYEN;3;16.04.1985;0;3
MIREME;3;22.11.1974;0;3
MANSIYE;3;13.08.1972;0;3
MAHZUR;3;8.09.1966;3;0
SAHNAZE;3;14.06.1972;0;3
MEM;3;15.11.1981;3;0
KEVUK;3;26.06.1971;0;3
BELEDIYE;3;21.02.1971;0;3
TEVFI;3;12.08.1929;3;0
LUMA;3;4.04.1975;0;3
BAAN;3;23.12.1981;1;2
SALTANI;3;10.07.1966;0;3
MURTADA;3;27.12.1979;3;0
ZIRU;3;26.12.1941;1;2
SALBE;3;17.12.1970;2;1
EDVER;3;4.07.1962;3;0
ROSBIN;3;25.07.1981;0;3
MIHAYEL;3;14.12.1987;3;0
BULE;3;18.05.1962;0;3
SUNIK;3;9.06.1962;0;3
TAKIYEDDIN;3;17.02.1962;3;0
EDEBIN;3;13.12.1978;3;0
CIVIN;3;30.10.1987;0;3
DEMSI;3;29.09.1967;0;3
GERABET;3;20.12.1966;3;0
MINHAN;3;1.09.1984;2;1
KASAN;3;28.03.1957;1;2
GATI;3;20.08.1973;0;3
HANNES;3;12.08.1977;2;1
CENABETTIN;3;24.01.1975;3;0
NEHROZ;3;24.10.1970;3;0
HASNAA;3;12.02.1987;0;3
SEVDETA;3;23.06.1981;0;3
BESSIM;3;9.09.1982;3;0
MENCOL;3;13.01.1965;0;3
DIRK;3;11.03.1984;3;0
HALSA;3;9.07.1966;0;3
GEYYE;3;16.02.1953;0;3
MARIM;3;14.08.1959;1;2
YESILYAPRAK;3;18.12.1983;0;3
NUDEM;3;29.2.1990;0;3
MELYAN;3;30.06.1970;2;1
WELAT;3;1.04.1989;3;0
NEFUSE;3;13.04.1970;0;3
ZIHRA;3;1.07.1948;0;3
HEMADAN;3;20.01.1990;3;0
NIZGIN;3;30.09.1973;1;2
ZAHRETE;3;12.02.1981;0;3
SOSIM;3;17.02.1972;0;3
DEHHAN;3;25.01.1968;3;0
DINDARI;3;12.02.1977;0;3
SEMDDIN;3;10.03.1976;3;0
KULLUK;3;14.11.1965;3;0
MUZLIFE;3;5.04.1954;0;3
LUKSA;3;17.01.1984;0;3
ALFA;3;17.04.1971;1;2
HISMA;3;22.07.1941;1;2
HAFSADI;3;20.02.1954;0;3
MECVEL;3;6.01.1968;3;0
TERZEN;3;22.03.1981;3;0
HAMYETE;3;28.03.1979;0;3
GULFERDE;3;6.10.1973;0;3
TEHIYET;3;28.02.1966;0;3
MASE;3;6.04.1963;0;3
RAFHAT;3;24.06.1973;3;0
ANTAN;3;10.09.1975;2;1
ARIMA;3;19.02.1969;0;3
JACOB;3;14.01.1986;2;1
AMASYA;3;12.11.1974;0;3
HOBIL;3;26.08.1947;3;0
SERKIYA;3;8.02.1960;0;3
MUDI;3;13.12.1982;3;0
FIRYAR;3;4.08.1983;0;3
MIHU;3;5.09.1936;3;0
SITERYA;3;18.04.1957;0;3
VALINA;3;5.08.1979;0;3
AYNEBE;3;20.06.1961;0;3
FIRYALA;3;4.08.1969;0;3
ILZA;3;11.01.1978;0;3
MUHRANIYE;3;4.07.1971;0;3
CIMENIYE;3;13.06.1983;0;3
LAMMA;3;14.08.1969;0;3
KENEDY;3;23.03.1978;3;0
HISME;3;14.06.1959;0;3
KULISTAN;3;20.12.1973;0;3
KERENK;3;9.07.1942;3;0
DENK;3;17.11.1991;3;0
PELKIZE;3;28.01.1986;0;3
ESRIHAN;3;26.08.1985;0;3
FAHMILE;3;17.09.1981;0;3
SAKIRHAN;3;11.10.1966;0;3
CIBRETTIN;3;15.07.1965;3;0
NARME;3;18.03.1977;0;3
RAYSO;3;17.09.1968;2;1
METINA;3;10.06.1984;0;3
SEVKEDDIN;3;14.02.1955;3;0
BEHNEN;3;22.12.1978;2;1
MUSTAHFIRA;3;20.10.1966;0;3
SIBHI;3;7.12.1977;1;2
CUAN;3;29.04.1986;3;0
NISBIYE;3;10.11.1965;0;3
SURHAS;3;7.04.1979;3;0
ALAA;3;29.04.1990;1;2
SILALA;3;28.04.1968;0;3
ONDAN;3;13.01.1978;1;2
MAKBALE;3;4.03.1959;0;3
MUGDAR;3;26.07.1981;3;0
NESMIHAN;3;21.07.1987;0;3
SELALA;3;22.04.1985;0;3
SONYET;3;23.12.1976;0;3
DENDEH;3;8.06.1958;3;0
KAYSEDDIN;3;9.09.1970;3;0
GURDE;3;12.10.1946;1;2
RAYDE;3;27.11.1980;0;3
YEMENE;3;25.07.1970;0;3
KIRSTINA;3;17.02.1991;0;3
SEMRETE;3;23.12.1989;0;3
NUSEYBET;3;11.05.1979;0;3
FEKE;3;21.06.1962;3;0
RODIN;3;13.12.1989;1;2
NEZHATA;3;6.08.1976;0;3
BISTIN;3;11.04.1984;0;3
SEPGETULLAH;3;20.01.1971;3;0
KAFIFE;3;4.06.1969;0;3
MEKSIYE;3;4.08.1973;0;3
HILME;3;11.02.1951;1;2
YENISAH;3;19.11.1971;0;3
GHALIA;3;24.02.1986;0;3
ESFA;3;15.05.1967;0;3
TIRHO;3;7.09.1970;3;0
HIFIN;3;11.09.1973;0;3
TASIMA;3;27.05.1982;0;3
TUTANYA;3;14.02.1991;0;3
MEVLEN;3;6.02.1988;3;0
KEVKEBI;3;26.04.1967;0;3
RIMAN;3;15.07.1968;1;2
ACIRA;3;13.02.1976;0;3
AMISE;3;22.12.1960;0;3
DARICAN;3;6.03.1973;0;3
SAHREDDIN;3;16.04.1966;3;0
ESTIR;3;7.02.1980;0;3
JAQUELINE;3;2.03.1977;0;3
SALDA;3;27.08.1982;0;3
RIMON;3;19.02.1956;3;0
ABDUKADIR;3;8.09.1980;3;0
HATICI;3;30.10.1963;0;3
SAWSAN;3;8.12.1973;0;3
MAHMOUD;3;23.12.1955;3;0
ZENEB;3;28.01.1982;0;3
DIYE;3;18.09.1956;2;1
HUCO;3;4.07.1936;1;2
SAMPERI;3;18.02.1980;0;3
CEYDI;3;22.02.1955;1;2
MENNI;3;2.02.1947;0;3
FATUMI;3;12.02.1944;0;3
VECDEDDIN;3;13.09.1971;3;0
BELHO;3;27.2.650;0;3
SEMIRAM;3;19.06.1964;0;3
HUZNET;3;23.01.1956;0;3
IBNANIYE;3;18.06.1966;0;3
MENAT;3;8.04.1987;2;1
HEYBETTULAH;3;8.02.1985;3;0
AIS;3;10.07.1944;2;1
SIHRAN;3;22.01.1962;0;3
SOZANI;3;28.01.1958;0;3
SEKKIRO;3;4.4.976;3;0
ZUMEYREN;3;13.03.1969;0;3
TULIHAN;3;11.10.1980;0;3
MISMIYE;3;24.03.1969;0;3
LEYLAL;3;1.06.1973;0;3
SENENIK;3;21.10.1939;3;0
RAMLE;3;27.11.1980;0;3
FETTIN;3;3.07.1960;3;0
MOVLUT;3;20.06.1950;3;0
KULUFER;3;21.05.1946;0;3
MUTALE;3;24.03.1966;0;3
MUARRA;3;3.12.1948;0;3
ERCAH;3;30.09.1967;0;3
YAZANGUL;3;10.06.1961;0;3
OLUCAY;3;30.03.1975;0;3
SUBULAY;3;13.12.1970;0;3
NEMAL;3;7.10.1943;0;3
ULUSAH;3;28.01.1985;3;0
NAZANTI;3;22.07.1957;0;3
GALIS;3;9.03.1968;2;1
NEZIE;3;16.02.1960;0;3
MUTEALA;3;10.01.1958;0;3
EZILHAN;3;18.04.1961;0;3
BILE;3;26.12.1969;0;3
PIRLAY;3;1.06.1962;0;3
TEVABIR;3;3.08.1937;3;0
ESABUL;3;19.12.1970;2;1
UGU;3;6.05.1943;0;3
SUAVIYE;3;22.02.1951;0;3
MEDETHAN;3;15.07.1972;3;0
SIBELLA;3;8.03.1979;0;3
RAHMETIYE;3;4.07.1964;0;3
SENCEGUL;3;3.08.1962;0;3
MUMISE;3;14.12.1960;0;3
ERBAIL;3;20.05.1946;3;0
NEFTIN;3;27.09.1968;2;1
HURUYAN;3;22.02.1962;0;3
SAFERE;3;16.12.1949;0;3
BELIK;3;21.12.1945;2;1
FERHADIYE;3;24.05.1973;0;3
ZILIFKAR;3;15.10.1970;2;1
NUHUYE;3;13.12.1975;0;3
NIYASETTIN;3;19.04.1966;3;0
BEYHICE;3;1.03.1959;0;3
HUDAIL;3;3.09.1956;3;0
ZEHEYLA;3;22.10.1959;0;3
HUSENK;3;13.04.1952;3;0
APTIRAHIM;3;20.02.1959;3;0
NEBAHAN;3;12.12.1963;0;3
MUMURE;3;12.03.1962;0;3
IMIYAN;3;18.02.1968;0;3
ULVET;3;7.12.1963;0;3
EVHAN;3;19.08.1981;1;2
HADIA;3;17.07.1965;0;3
MUYUBE;3;6.09.1958;0;3
HAYRISAN;3;29.01.1956;0;3
ZINNIRE;3;1.06.1990;0;3
TOLU;3;1.01.1983;3;0
INAS;3;27.10.1946;0;3
FIDAMIYE;3;15.06.1954;0;3
NEJMIDDIN;3;6.08.1965;3;0
GULESEL;3;24.01.1961;0;3
OKSER;3;22.04.1965;1;2
EYTUL;3;9.02.1966;0;3
HABIBCAN;3;17.08.1985;3;0
SEYIBAN;3;27.09.1969;1;2
LETAVET;3;28.04.1963;0;3
AGAHHAN;3;4.02.1987;3;0
YAGSEMEN;3;25.07.1960;0;3
MAKI;3;1.06.1942;1;2
GAFURRAHIM;3;25.01.1966;3;0
SENBAY;3;4.09.1980;2;1
REDIMAN;3;12.03.1944;0;3
EYSANIYE;3;28.06.1963;0;3
YASINCAN;3;24.04.1988;3;0
JET;3;11.06.1974;3;0
MUABBER;3;20.02.1973;0;3
NURRA;3;21.07.1986;0;3
REHIL;3;1.04.1973;1;2
DUNYAMIR;3;1.07.1976;3;0
ELMASANA;3;11.09.1967;0;3
KANISE;3;25.01.1977;0;3
SELIF;3;18.12.1954;0;3
INCEBEY;3;28.05.1974;3;0
SEBIRAN;3;8.08.1960;0;3
MAFRUZE;3;15.05.1977;0;3
SELMIS;3;25.08.1949;0;3
FERMUNE;3;17.06.1962;0;3
AYISEANA;3;6.01.1951;0;3
NUGRI;3;26.09.1960;3;0
OZCAL;3;25.11.1966;2;1
ZILIYE;3;19.06.1949;0;3
IOLANDA;3;14.06.1955;0;3
UMUKULSUM;3;12.08.1968;0;3
PIYAZEL;3;30.04.1964;0;3
DURDUANA;3;9.04.1947;0;3
YILDIZER;3;28.05.1948;3;0
SUHABIYE;3;18.11.1979;0;3
ZENUL;3;19.05.1961;3;0
MESURUYE;3;2.11.1953;0;3
SELBIYAN;3;16.06.1954;0;3
BIYCE;3;5.07.1979;0;3
IBRHIM;3;24.11.1983;3;0
AMIRHAN;3;29.03.1962;3;0
FATUL;3;19.03.1962;1;2
SEFAET;3;9.11.1958;2;1
SEBLE;3;14.04.1969;0;3
REBIKA;3;30.11.1971;0;3
HAKNIYET;3;28.03.1975;0;3
GIYAP;3;4.02.1953;2;1
LADIKE;3;3.04.1978;0;3
DONGER;3;21.04.1975;0;3
GURDEL;3;27.04.1962;1;2
FIRAKI;3;12.08.1945;3;0
KEZIYBAN;3;4.06.1972;0;3
HABIBRAHMAN;3;24.12.1965;3;0
API;3;8.10.1946;2;1
KADIRAN;3;13.05.1960;1;2
CEMAATTIN;3;24.11.1969;3;0
MILIHA;3;9.05.1968;0;3
IBRAIHM;3;1.11.1983;3;0
SULUYA;3;18.09.1960;0;3
MAKIRE;3;19.06.1959;0;3
MUNTEKIN;3;22.12.1977;3;0
MUGMIN;3;18.08.1963;3;0
EDANIYE;3;14.09.1946;0;3
MAVIZAR;3;17.11.1965;0;3
HARKAN;3;14.05.1979;3;0
APIS;3;9.03.1962;2;1
ZELICE;3;14.04.1960;0;3
CAVETTIN;3;27.07.1962;3;0
HIDASIYE;3;8.11.1962;0;3
ALISANE;3;12.04.1971;0;3
ISMIHANE;3;3.11.1962;0;3
SERVAY;3;21.02.1979;2;1
GULSEMAY;3;2.12.1979;0;3
KEKUL;3;23.02.1960;0;3
GURCINE;3;7.02.1967;0;3
SEYFIT;3;8.09.1962;3;0
HAVAYIS;3;20.08.1950;0;3
SIRBAN;3;23.08.1967;0;3
SEHRIZ;3;6.03.1970;0;3
SUDUDE;3;8.09.1962;0;3
YEKCAN;3;11.08.1958;2;1
SEBASTIAN;3;4.01.1987;3;0
SAYNUL;3;6.12.1968;0;3
LYNDA;3;3.09.1959;0;3
GURKOK;3;11.03.1959;3;0
ZELMA;3;22.04.1962;0;3
JENICA;3;25.07.1979;0;3
NERVIZ;3;26.09.1954;0;3
SAIYME;3;22.07.1961;0;3
MELLIYE;3;18.07.1935;0;3
TAMASHA;3;13.12.1962;0;3
ADELYA;3;4.02.1982;0;3
TEMAL;3;3.07.1953;3;0
ALAYITDIN;3;27.12.1963;3;0
EJDAL;3;4.10.1959;0;3
FERDALIYE;3;14.11.1951;0;3
HUMAK;3;26.12.1937;0;3
FELIZE;3;28.06.1957;0;3
MAHFARET;3;23.10.1957;0;3
NEHAYAT;3;11.02.1951;0;3
MECHULE;3;12.02.1967;0;3
MERTAGA;3;4.06.1974;3;0
HAZERCAN;3;11.04.1990;3;0
SERMINAY;3;23.09.1980;0;3
GULDUVAN;3;5.02.1963;0;3
SERFAN;3;26.08.1988;2;1
NARIZER;3;17.02.1971;0;3
GULVARDI;3;18.04.1968;0;3
SAIDEN;3;5.01.1963;0;3
SAYDEN;3;25.08.1963;0;3
ZEYLIYE;3;4.12.1976;0;3
SANDI;3;7.06.1976;0;3
CEZARINA;3;24.03.1964;0;3
PATAK;3;28.08.1962;0;3
MURHADIYE;3;10.06.1984;0;3
OZLIYEN;3;10.01.1986;1;2
ZULHAYE;3;28.03.1970;0;3
HIBAL;3;10.09.1978;2;1
OZLUM;3;11.06.1981;0;3
GULHAKIYE;3;21.09.1959;0;3
REVIZE;3;8.06.1952;0;3
GULSAMIYE;3;3.11.1963;0;3
NAVISE;3;8.03.1957;0;3
MURSEM;3;5.08.1962;0;3
SERPILEN;3;9.04.1965;0;3
MAGULE;3;9.02.1957;0;3
HUZEYMAN;3;30.08.1973;0;3
CEFAETTIN;3;12.11.1961;3;0
NUSIRET;3;25.08.1971;2;1
EFLATTIN;3;29.06.1954;3;0
HASBAY;3;8.04.1959;3;0
HASIRETTIN;3;15.04.1960;3;0
SAHISLIM;3;24.07.1945;0;3
KATIPE;3;16.09.1966;0;3
BAFIRE;3;13.11.1946;0;3
GUNSEVIL;3;27.05.1956;0;3
MULKE;3;20.07.1956;0;3
ERGOR;3;4.01.1957;3;0
LILY;3;30.05.1971;0;3
SAFARE;3;22.01.1959;0;3
ECEMNAZ;3;1.05.1991;0;3
BILKUT;3;4.05.1964;3;0
IZDAL;3;21.06.1965;1;2
ISSIL;3;17.05.1961;0;3
SAYIDEN;3;2.10.1973;0;3
DURDITTIN;3;4.12.1954;3;0
ENSAN;3;2.09.1967;2;1
MULTEM;3;2.11.1975;0;3
TEYFIKE;3;24.07.1959;0;3
MEVVA;3;28.06.1972;0;3
ONDAS;3;12.01.1973;3;0
ZULHUMAN;3;6.11.1966;0;3
CUMAITTIN;3;26.08.1952;3;0
SUZIYEN;3;9.02.1960;0;3
ZOLA;3;23.02.1955;0;3
IZZED;3;20.03.1954;1;2
MURKAN;3;25.05.1967;1;2
BEZZA;3;17.10.1980;0;3
TUNCAT;3;10.11.1958;3;0
KANAYIM;3;19.01.1960;3;0
SEYHITTIN;3;24.08.1932;3;0
KANTER;3;2.03.1970;2;1
NISARE;3;26.09.1952;0;3
GULLIYA;3;9.06.1945;0;3
BENGIL;3;11.08.1972;1;2
SENNEL;3;7.01.1963;2;1
SEBAYIDDIN;3;16.11.1966;3;0
MULHINAZ;3;17.06.1951;0;3
NEVENT;3;7.03.1974;3;0
RASINE;3;24.11.1960;0;3
FARUL;3;12.08.1970;3;0
EMRITTIN;3;8.11.1956;3;0
VEYSELE;3;22.09.1955;0;3
SABIYEN;3;20.06.1954;0;3
KULSEREN;3;11.11.1946;0;3
RUTVAN;3;3.03.1970;3;0
ALEYITTIN;3;25.10.1962;3;0
GULCIYAN;3;9.10.1966;0;3
HALIDON;3;24.12.1961;3;0
SABANCAN;3;29.06.1988;3;0
FILDA;3;11.05.1978;0;3
MEVRUDIYE;3;6.01.1952;0;3
NUCAY;3;7.05.1970;0;3
NAZMIA;3;19.08.1949;0;3
YEPELEK;3;25.05.1972;0;3
MUZZEYYAN;3;23.12.1965;0;3
SERYAM;3;22.06.1960;1;2
MAHGULE;3;5.09.1962;0;3
TURKSEVER;3;1.08.1978;3;0
YILHAN;3;26.01.1979;3;0
JORA;3;6.02.1955;0;3
ELHUN;3;10.02.1956;2;1
GUGULI;3;10.03.1959;0;3
SUHOYLA;3;13.03.1955;0;3
NURTEREN;3;13.01.1963;0;3
NILIVER;3;22.08.1965;0;3
ACTI;3;26.09.1960;0;3
YADIKARE;3;17.01.1959;0;3
SINAMIYE;3;6.03.1951;0;3
BAYSAR;3;5.01.1966;3;0
EYRUL;3;2.04.1968;3;0
CEPPAR;3;13.03.1959;3;0
MERMINE;3;11.11.1955;0;3
ZUBEYYE;3;28.10.1977;0;3
MURSALIN;3;8.12.1968;3;0
ZULPIYE;3;1.11.1977;0;3
DOSKUDA;3;5.04.1948;0;3
CAGALTAY;3;20.05.1981;3;0
REKIFE;3;21.06.1962;0;3
SULIDE;3;11.01.1977;0;3
BEGCAN;3;13.09.1968;3;0
MUADET;3;10.07.1958;0;3
USEYIT;3;3.04.1984;3;0
ICABETTIN;3;16.03.1960;3;0
SAGZIYE;3;29.09.1951;0;3
MUASER;3;21.04.1963;0;3
NEMUK;3;5.12.1967;0;3
VEHMI;3;10.09.1958;3;0
MURSIME;3;1.08.1966;0;3
NURHAVVA;3;16.01.1972;0;3
TUNE;3;10.01.1964;0;3
EBRAYIL;3;4.05.1979;3;0
NESUF;3;29.05.1958;3;0
MUNTAHAN;3;11.08.1957;0;3
HAVIK;3;6.09.1950;0;3
NUTFETIN;3;12.06.1967;2;1
FIDRES;3;3.08.1955;0;3
ENSARE;3;23.12.1943;1;2
IZBULLAH;3;22.05.1980;3;0
SUKIYE;3;19.06.1953;0;3
FAHME;3;22.10.1955;0;3
ZIRSAN;3;4.09.1971;0;3
DIYAN;3;20.01.1986;1;2
NEDAYET;3;1.02.1969;1;2
KENDIHAN;3;12.05.1967;3;0
CINER;3;22.05.1960;2;1
SANKUR;3;25.08.1964;3;0
BAYSU;3;6.05.1964;2;1
NEVILAN;3;12.12.1955;0;3
BEYZANE;3;29.07.1950;0;3
MEBUBE;3;28.06.1956;0;3
KERIBAL;3;20.02.1958;0;3
YASAUDDIN;3;5.03.1955;3;0
FAFU;3;1.01.1967;0;3
MEHFURE;3;21.06.1964;0;3
KEMALUDDIN;3;13.06.1965;3;0
MUSABBIHA;3;23.01.1937;0;3
YAKIBE;3;10.10.1969;0;3
SALIHBEY;3;25.11.1977;3;0
NAZLIKA;3;1.11.1945;0;3
SURMIKA;3;23.04.1961;0;3
SUGLA;3;22.03.1962;0;3
HISABE;3;2.01.1960;0;3
ERFIZE;3;12.01.1956;0;3
TERKIN;3;25.06.1974;3;0
RIYAZI;3;1.09.1943;2;1
MESUTALI;3;17.02.1981;3;0
NEZAETTIN;3;29.07.1952;2;1
TACE;3;4.08.1962;0;3
KURNAZ;3;28.04.1963;1;2
SEYNEM;3;8.10.1982;0;3
SELAHUTTIN;3;20.12.1953;3;0
ILMIHA;3;4.10.1958;0;3
OZGURDENIZ;3;21.06.1976;3;0
ZENNAHAR;3;12.10.1959;0;3
VEDAAT;3;2.02.1945;0;3
SAHIMAN;3;26.02.1954;0;3
MUSLIMEN;3;4.04.1976;0;3
CEYHUDE;3;16.02.1962;0;3
ISHAR;3;13.08.1965;3;0
CAYCAN;3;22.10.1967;2;1
SADAIL;3;28.04.1949;3;0
MUNTEHER;3;29.05.1961;0;3
ZENNIGUL;3;11.02.1952;0;3
PEYAMIN;3;11.12.1960;3;0
ORHANAY;3;13.03.1964;3;0
ABDULMUHEYMIN;3;7.05.1984;3;0
FIRIYE;3;13.02.1953;0;3
REFILE;3;12.07.1941;0;3
GULCEMEN;3;24.09.1983;0;3
VEDATTIN;3;24.04.1969;3;0
NATUK;3;30.07.1971;3;0
AYNIYAT;3;11.11.1953;0;3
MULAZZIM;3;27.12.1968;3;0
SELHUN;3;14.12.1972;3;0
MUSERREV;3;15.09.1960;0;3
KAGHAN;3;1.10.1980;3;0
FIDIRET;3;30.11.1969;0;3
NIHADET;3;17.03.1950;0;3
SAREL;3;22.04.1978;1;2
SIVEZER;3;15.11.1931;0;3
NETINCE;3;18.10.1967;0;3
OLFAZ;3;18.12.1963;1;2
SEMIAL;3;28.05.1953;0;3
SERMIHA;3;25.03.1969;0;3
ECRA;3;3.01.1989;0;3
SEYFUDDIN;3;20.09.1961;3;0
SELAUDDIN;3;21.12.1946;3;0
KASIMALI;3;5.10.1976;3;0
SELATIYE;3;30.06.1966;0;3
BUNUR;3;30.04.1977;0;3
ZILAFET;3;22.06.1943;0;3
DAMLACAN;3;20.12.1987;0;3
BERAITTIN;3;29.03.1958;3;0
ERESUL;3;26.04.1955;3;0
SEVILAL;3;17.11.1967;0;3
SATUL;3;13.08.1971;3;0
CAKIRKIZ;3;1.05.1949;0;3
HULGIYE;3;21.10.1954;0;3
EPER;3;10.04.1975;2;1
NESNIYE;3;10.12.1964;0;3
FETIBEY;3;19.04.1944;3;0
ZAHIDI;3;1.02.1964;3;0
YASIMAN;3;30.06.1974;0;3
NUKKET;3;11.11.1962;0;3
MUZAAFFER;3;5.07.1983;3;0
ILANUR;3;9.07.1952;0;3
URGUT;3;1.02.1960;3;0
SIRVANI;3;27.04.1979;3;0
TUGUBA;3;16.11.1981;0;3
SUSENDER;3;26.11.1951;0;3
SEVKAL;3;25.12.1962;0;3
HULYANUR;3;2.08.1976;0;3
SEHMAIL;3;27.10.1962;3;0
MUHASEBE;3;22.07.1955;0;3
RAFIFE;3;20.12.1945;0;3
MAYFIRE;3;22.07.1954;0;3
MUVLET;3;17.07.1961;0;3
FIGRET;3;23.06.1962;1;2
TURKSAL;3;11.10.1967;3;0
FAYHAN;3;9.02.1959;1;2
RECAETTIN;3;6.11.1968;3;0
RIKABI;3;3.08.1971;3;0
MILYON;3;2.12.1961;1;2
ZEYFITTIN;3;8.02.1956;3;0
MUHATTES;3;18.02.1962;0;3
NECVETTIN;3;25.12.1952;3;0
SIHET;3;27.07.1955;0;3
FERHAMI;3;7.06.1973;3;0
GULLEC;3;19.09.1963;0;3
ZEHNISAN;3;1.05.1961;0;3
EVRAHATUN;3;21.10.1966;0;3
RASIFE;3;9.08.1979;0;3
SENDANE;3;2.09.1964;0;3
REDIHA;3;2.10.1955;0;3
TUBAHATUN;3;8.04.1977;0;3
IFTER;3;15.05.1982;1;2
SEZERGUL;3;28.06.1978;0;3
LEVHIZE;3;4.07.1949;0;3
MERSET;3;26.08.1985;3;0
MAHUZAR;3;6.12.1950;0;3
PAMUKGUL;3;14.11.1977;0;3
HEDAI;3;6.10.1972;3;0
ZEYNISAH;3;2.08.1962;0;3
NAFUS;3;29.10.1946;3;0
FEYZUNUR;3;1.05.1959;0;3
MEZITE;3;3.01.1954;0;3
HUSEYINBEY;3;3.07.1963;3;0
TONTUL;3;25.11.1946;0;3
NEHEL;3;27.08.1952;0;3
MECI;3;23.09.1959;2;1
RECAATTIN;3;7.03.1962;3;0
PIRIM;3;1.11.1967;1;2
ZENILE;3;21.06.1942;0;3
RICALE;3;25.05.1954;0;3
CEVAETTIN;3;18.01.1952;3;0
FAGIYE;3;2.09.1975;0;3
SAHSENAM;3;24.08.1949;0;3
TOKUR;3;17.11.1964;3;0
DILNIYAZ;3;10.01.1966;0;3
SUVENDER;3;30.07.1952;0;3
ALISEFIK;3;30.2.1959;3;0
RAKAYIP;3;7.08.1980;3;0
SERDAHAN;3;5.04.1972;1;2
DILCER;3;25.07.1968;1;2
GULHADUN;3;6.05.1961;0;3
BENNAMI;3;8.10.1958;3;0
NEVGUZEL;3;3.11.1947;0;3
SUBEYIR;3;20.01.1978;2;1
NEME;3;2.04.1947;0;3
ZELKUF;3;27.07.1968;3;0
DURSENE;3;14.08.1964;0;3
SEVGICE;3;5.07.1956;0;3
TAHRA;3;23.09.1965;1;2
ERBAHAR;3;16.02.1968;1;2
RUFUYE;3;3.02.1969;0;3
AZDER;3;7.01.1967;3;0
VURSAL;3;24.06.1963;3;0
SECKINE;3;9.05.1959;0;3
FENNURE;3;6.06.1964;0;3
SECILNUR;3;1.09.1989;0;3
YUCEKAN;3;3.06.1986;3;0
AFILI;3;18.03.1949;0;3
MEVZURE;3;20.12.1967;0;3
EMALETTIN;3;13.11.1968;3;0
FETIYA;3;10.09.1966;0;3
NAMISE;3;3.06.1963;0;3
MERDUN;3;24.12.1970;3;0
TULCEN;3;20.03.1968;0;3
GUNEYIN;3;5.10.1971;0;3
EDAY;3;29.11.1980;0;3
NIZIHA;3;22.09.1965;0;3
GENEL;3;21.10.1963;2;1
PIRCIHAN;3;9.05.1959;0;3
SULTANHANIM;3;19.01.1960;0;3
SECDAN;3;12.02.1967;0;3
FEMA;3;26.10.1963;0;3
ALIARSLAN;3;19.01.1975;3;0
ELDIVEN;3;30.12.1974;1;2
ZURIYYET;3;11.04.1936;0;3
SEHIBAN;3;24.05.1955;0;3
BAKIYYE;3;2.10.1939;0;3
GULNEBAT;3;9.11.1963;0;3
ERSANI;3;17.06.1978;3;0
ABTULRAHIM;3;13.01.1968;3;0
MUCELLAT;3;2.04.1970;2;1
YASENBUL;3;21.07.1964;0;3
CENBIYE;3;8.11.1958;0;3
NEBAETTIN;3;8.01.1956;3;0
ASUNA;3;11.01.1972;0;3
ZULBE;3;19.04.1950;1;2
SURRUYE;3;14.09.1948;0;3
MEPUSE;3;18.07.1959;0;3
NECAHIT;3;7.10.1953;3;0
VEFIKE;3;17.05.1957;0;3
MURYEN;3;23.05.1962;0;3
NUBEYNE;3;18.12.1972;0;3
TUCIN;3;30.07.1984;0;3
ZULHUCE;3;20.08.1964;0;3
HIDIRELLEZ;3;22.04.1967;3;0
IZMILE;3;22.12.1957;0;3
LAVI;3;19.01.1970;3;0
ABDULRAHIP;3;29.11.1963;3;0
INZI;3;13.09.1947;3;0
GULNURA;3;4.08.1981;0;3
LIVAYE;3;1.04.1946;0;3
TABI;3;15.06.1950;1;2
K.MEMET;3;17.09.1948;3;0
NUSUN;3;26.09.1968;1;2
UMMUGULHAN;3;15.11.1976;0;3
ZERNA;3;6.03.1984;0;3
GULDUM;3;9.04.1957;0;3
MOTUS;3;6.10.1938;3;0
SALMET;3;6.09.1933;0;3
SILVARD;3;16.09.1960;0;3
NAMSAL;3;25.09.1961;3;0
PEHRUZE;3;10.06.1963;0;3
NOKTANUR;3;19.03.1977;0;3
GORKER;3;15.06.1986;3;0
GIZEL;3;27.07.1974;0;3
USARE;3;14.07.1954;0;3
NEVZEGUL;3;2.09.1952;0;3
ZULKERNI;3;22.11.1964;3;0
YATER;3;9.03.1980;0;3
FEYINAZ;3;16.12.1978;0;3
LAHUZE;3;3.02.1957;0;3
FIDAIYE;3;22.05.1944;0;3
LALUPE;3;1.01.1955;0;3
SUMBIYE;3;19.09.1972;0;3
ANIFI;3;4.01.1967;3;0
ZEYCANE;3;26.12.1957;0;3
SITGIYE;3;28.11.1969;0;3
SONHAN;3;6.08.1970;1;2
HERSET;3;6.03.1967;3;0
JANSEL;3;8.09.1976;0;3
TOLGUNAY;3;2.07.1982;1;2
HUMAYAN;3;1.02.1946;0;3
KANURE;3;1.06.1947;0;3
NECLAHAT;3;20.06.1962;0;3
DEYIM;3;17.01.1978;1;2
SUHANDER;3;20.04.1980;0;3
SEVSENE;3;25.01.1957;0;3
PEKRAN;3;12.06.1961;0;3
MAAFIYE;3;25.09.1942;0;3
SUDAYET;3;10.08.1956;0;3
ZEYTEN;3;23.11.1963;0;3
EFRADDIN;3;30.07.1940;3;0
NEPTON;3;16.05.1939;1;2
OZLENUR;3;25.08.1983;0;3
KARAKURT;3;20.01.1930;1;2
SONSERAY;3;2.12.1963;0;3
CELEBICAN;3;6.04.1962;3;0
YASARDOGU;3;10.04.1964;3;0
ISHAKHAN;3;2.12.1990;3;0
GULUNNAZ;3;28.11.1963;0;3
BANIHAN;3;21.04.1945;0;3
OKNUR;3;11.03.1979;2;1
LUKIYE;3;4.06.1970;0;3
DOGMAN;3;26.09.1964;3;0
IFTADA;3;18.10.1949;0;3
TURNEY;3;8.09.1967;0;3
BERIAN;3;17.11.1958;0;3
SEVDEHAN;3;14.12.1970;0;3
OGEN;3;30.09.1957;1;2
FEZAT;3;6.12.1964;2;1
YURTDAS;3;24.07.1970;3;0
SUDAT;3;26.12.1964;0;3
EYSA;3;4.03.1958;2;1
GULEVVER;3;4.08.1955;0;3
HASIMCAN;3;28.11.1990;3;0
MAHBIKER;3;22.05.1961;0;3
MEISER;3;23.04.1955;0;3
MADURE;3;12.08.1971;0;3
REZIYA;3;18.03.1954;0;3
RUKAYE;3;20.09.1976;0;3
HASIYNE;3;15.11.1962;0;3
NECBURE;3;26.09.1948;0;3
HESABIYE;3;5.04.1953;0;3
FEHRIMAN;3;29.04.1976;0;3
SIRACIDDIN;3;1.08.1968;3;0
SAKRIYE;3;26.03.1966;0;3
NATIGE;3;8.04.1969;0;3
SALTUKHAN;3;12.04.1977;3;0
MARETA;3;18.11.1960;0;3
NARGIZI;3;10.05.1954;0;3
HACIBEK;3;16.07.1940;3;0
OKCUL;3;23.01.1973;2;1
SEVIYYEN;3;13.11.1957;0;3
GULUNA;3;26.06.1970;0;3
BELKIYAR;3;21.08.1955;2;1
ARTANC;3;7.02.1973;3;0
BEKCET;3;22.02.1970;3;0
INCILAL;3;22.10.1963;0;3
BEYYAMIN;3;12.09.1955;3;0
SEDDAN;3;29.12.1966;3;0
IZGAN;3;21.06.1955;0;3
DILGECAN;3;27.12.1988;1;2
NESLIPAK;3;1.07.1945;0;3
ABDUCELIL;3;3.12.1965;3;0
NERIFE;3;2.06.1960;0;3
MURAFET;3;5.11.1961;2;1
CURIDE;3;1.10.1944;0;3
ARFI;3;26.09.1967;0;3
NILPER;3;17.04.1984;0;3
CAKIRA;3;10.09.1928;0;3
DURRUSAHVER;3;6.01.1942;0;3
NALMEZ;3;15.04.1948;0;3
OZTUNA;3;25.09.1977;3;0
EMRAHA;3;10.06.1974;1;2
BIRDAT;3;12.01.1969;1;2
SUREY;3;22.06.1972;1;2
YUMUSHAN;3;9.04.1976;3;0
SEMIHANUR;3;2.04.1983;0;3
TADAT;3;27.06.1972;3;0
FILHAYAT;3;12.02.1965;0;3
KASIYE;3;19.05.1962;0;3
CEMMIYE;3;5.10.1975;0;3
SAHAMITTIN;3;11.04.1951;3;0
SUNAYE;3;23.04.1962;0;3
SOYAL;3;29.09.1964;1;2
ZELNISAN;3;11.11.1950;0;3
YURTTAKAL;3;2.01.1967;2;1
FILLIYET;3;25.11.1950;0;3
BEDIAI;3;22.10.1954;0;3
FIGAY;3;25.12.1976;0;3
HURDAN;3;14.11.1957;1;2
GULAYDE;3;16.10.1965;0;3
HARUZE;3;23.01.1951;0;3
MINERIYE;3;12.10.1962;0;3
ABDULKAZIM;3;9.03.1972;3;0
ANSET;3;21.03.1945;0;3
NAZLIBEY;3;1.11.1949;3;0
ELHADI;3;23.07.1965;3;0
TACISAR;3;8.10.1948;0;3
MUHARREMIYE;3;25.10.1952;0;3
TEVIDIYE;3;5.11.1962;0;3
MIRZABEY;3;9.09.1951;3;0
EPHER;3;30.05.1957;2;1
ZEHRAMIS;3;25.03.1974;0;3
SARFIRAZ;3;18.01.1967;0;3
MISKADUN;3;2.12.1965;0;3
HALILAGA;3;8.11.1973;3;0
MEKABIR;3;26.12.1957;3;0
NEVRESTEN;3;13.05.1948;0;3
MUHTENE;3;27.10.1962;0;3
AFIL;3;26.08.1958;3;0
MUNTAZIR;3;5.10.1976;3;0
SERKIN;3;7.02.1972;1;2
HOLYA;3;16.08.1975;0;3
BERRUH;3;22.12.1954;1;2
HURSES;3;18.09.1978;0;3
GUZEMEN;3;25.06.1958;0;3
EMRUGUL;3;19.06.1966;0;3
TANSIK;3;5.10.1964;2;1
JANSEREY;3;6.01.1984;0;3
VAKUF;3;12.02.1964;3;0
PEYAN;3;5.12.1977;1;2
SAFICE;3;16.02.1951;0;3
NURBI;3;11.04.1972;2;1
MURZADE;3;29.05.1959;0;3
SUETLANA;3;14.12.1969;0;3
HALIMSE;3;6.12.1969;0;3
GUNLUR;3;3.08.1972;0;3
IDAYE;3;2.09.1932;0;3
CEMAILE;3;7.05.1968;0;3
ZADEGUL;3;4.12.1978;0;3
GULIKAN;3;19.01.1976;0;3
KARACAN;3;12.04.1986;3;0
NECIYBE;3;2.07.1953;0;3
MUHASSER;3;24.06.1959;0;3
EZANETTIN;3;10.11.1973;3;0
SENMUZ;3;19.02.1975;3;0
ZIYALIM;3;26.12.1945;2;1
BILGINOL;3;19.09.1964;1;2
ADULKADIR;3;16.04.1982;3;0
MAHRUZA;3;9.10.1960;0;3
ZIYADET;3;16.04.1957;0;3
ESNIYE;3;22.10.1969;0;3
BEYZAD;3;22.02.1959;3;0
EVINAY;3;28.09.1982;0;3
SOFYAN;3;19.12.1946;1;2
YAZIY;3;15.05.1953;0;3
MUZUFE;3;16.06.1977;1;2
NUBIN;3;27.07.1984;0;3
ALIYENUR;3;29.09.1974;0;3
CIMSIR;3;11.11.1945;0;3
MUCESSEL;3;19.01.1977;0;3
ALIDAS;3;24.07.1962;3;0
SAHKIZ;3;5.05.1945;0;3
BEDRUK;3;10.02.1959;0;3
IRAF;3;12.04.1963;1;2
SAHRIK;3;18.06.1965;3;0
SAFIYULLAH;3;8.05.1944;2;1
HUDAME;3;27.01.1956;0;3
IFTALIYE;3;3.07.1955;0;3
LEBIHAN;3;7.05.1963;0;3
YELSIN;3;3.08.1969;0;3
NALANGUL;3;16.06.1970;0;3
MUBAHI;3;11.12.1954;1;2
GUZE;3;12.07.1944;0;3
ZULKARNIYIN;3;7.03.1953;3;0
IZAMETDIN;3;25.11.1953;3;0
SOLMA;3;16.06.1968;0;3
SEVIH;3;10.08.1963;0;3
SULHUYA;3;5.06.1967;0;3
VUREL;3;19.10.1957;3;0
BACAN;3;23.06.1961;0;3
GULSARIYE;3;29.07.1972;0;3
ADILET;3;29.03.1954;0;3
BERTEN;3;28.08.1977;3;0
TUGBIYE;3;6.01.1977;0;3
MUNCIFE;3;22.03.1962;0;3
NAZIYKE;3;17.08.1946;0;3
SEFIGUL;3;28.12.1951;0;3
HANDEY;3;30.12.1933;0;3
HEDER;3;19.01.1972;2;1
MENUR;3;15.10.1952;1;2
HIDIYET;3;6.05.1961;0;3
GULKES;3;12.09.1948;0;3
HOSEY;3;1.10.1948;0;3
MEBIRE;3;7.07.1940;0;3
GICO;3;2.09.1936;2;1
URUFU;3;3.08.1963;2;1
OVAK;3;18.07.1954;3;0
ALAMDAR;3;8.06.1967;3;0
KOCMEHMET;3;1.11.1961;3;0
NISMET;3;5.01.1970;0;3
GUMRA;3;11.10.1982;0;3
IKLAN;3;17.01.1971;0;3
HULBUZ;3;26.06.1955;0;3
NEJLI;3;27.01.1961;2;1
CEFAYI;3;7.03.1972;1;2
MUBUN;3;14.02.1976;1;2
SUZENBER;3;8.01.1959;0;3
EVET;3;1.11.1969;1;2
MUSAATTIN;3;16.11.1971;3;0
HURRAMI;3;24.07.1957;3;0
YASUN;3;19.10.1978;1;2
ZAREY;3;23.02.1944;0;3
GELISIM;3;27.02.1985;0;3
NAYISE;3;20.08.1951;0;3
PEYKIYE;3;9.03.1954;0;3
TUGLAN;3;18.03.1975;3;0
GUNKER;3;12.10.1949;1;2
GULENDANE;3;9.03.1960;0;3
ABDULHAFUR;3;14.05.1961;3;0
REZAKI;3;17.07.1968;3;0
KADDES;3;15.11.1950;0;3
HASIBET;3;7.04.1944;0;3
HAYRUDDIN;3;9.03.1979;3;0
NAZIMGUL;3;27.02.1950;0;3
NECAVER;3;20.06.1962;1;2
HUSAMMEDDIN;3;14.02.1965;3;0
NURUSE;3;19.05.1957;0;3
NURSELE;3;14.03.1970;0;3
NECDETDIN;3;1.09.1953;3;0
YADIME;3;19.02.1959;0;3
HASIMETTIN;3;26.10.1957;3;0
CANSERAY;3;21.06.1972;0;3
AYZENET;3;19.04.1944;0;3
SULESEN;3;7.07.1978;0;3
GULFIRIZ;3;1.02.1967;0;3
KERSTIN;3;22.10.1966;0;3
MUKBULE;3;12.01.1978;0;3
TILFINAZ;3;14.12.1949;0;3
ANDI;3;8.02.1982;2;1
ELIFHATUN;3;30.04.1974;0;3
MOHREDDIN;3;9.07.1964;3;0
HAFUZA;3;30.11.1969;0;3
ERTURI;3;14.09.1964;3;0
ABDULKAVI;3;22.12.1975;3;0
PERSIYA;3;20.09.1975;0;3
BASU;3;28.01.1970;1;2
SURUM;3;23.11.1948;1;2
SEPIN;3;8.05.1977;0;3
YILISEN;3;26.01.1969;0;3
GURREM;3;17.11.1955;3;0
IHSANULLAH;3;30.06.1983;3;0
ZEYCANI;3;19.09.1959;0;3
SAHIDAT;3;7.8.1299;0;3
BURHANIDDIN;3;13.01.1957;3;0
ERICA;3;9.08.1954;0;3
OMERILFARUK;3;21.05.1959;3;0
NISAGUL;3;18.08.1972;0;3
SAHARGUL;3;19.01.1948;0;3
BILIMER;3;22.05.1977;3;0
BADEY;3;8.04.1960;0;3
GULSUMUN;3;20.02.1983;0;3
OZBILGIN;3;25.10.1975;3;0
OLCAYHAN;3;15.04.1974;3;0
RUFIGUL;3;25.07.1970;0;3
MINKER;3;12.07.1967;0;3
AYSEPINAR;3;27.11.1986;0;3
NEFNE;3;2.05.1984;0;3
YORUM;3;28.09.1991;1;2
SITAYIR;3;6.02.1962;2;1
SELMATA;3;25.05.1967;0;3
AMENTU;3;5.02.1958;0;3
HERGUNAY;3;25.10.1962;1;2
MEHAP;3;12.12.1987;1;2
EMURHAN;3;25.10.1965;2;1
LESTIHAN;3;30.06.1973;0;3
MENDUK;3;4.05.1965;2;1
HAFIZETTIN;3;19.10.1962;3;0
SAHMERT;3;4.11.1976;3;0
AZIMETTIN;3;1.07.1968;3;0
EMRAHHAN;3;23.04.1983;3;0
GOKTOLGA;3;17.10.1979;3;0
YAVUZTURK;3;21.05.1987;3;0
LIVEYDE;3;2.04.1967;0;3
SEYFIRE;3;23.07.1966;0;3
TASMAN;3;2.07.1961;3;0
SUDUS;3;25.12.1953;0;3
GULNABIYE;3;24.10.1943;0;3
UHRUC;3;13.01.1953;0;3
MUHUDDUN;3;4.07.1961;3;0
KAFIL;3;26.05.1961;3;0
SAFAYDIN;3;23.01.1969;0;3
HANGERI;3;18.04.1960;3;0
SEMAHIYE;3;17.06.1959;0;3
SEAN;3;13.06.1986;2;1
SAVAY;3;21.01.1967;0;3
SADEHAN;3;17.05.1971;0;3
AGABALI;3;12.06.1948;3;0
MUNEYYA;3;14.08.1971;0;3
ENDEZ;3;1.03.1967;1;2
EFSU;3;9.10.1974;0;3
GULMESE;3;9.06.1977;0;3
FEHRUNDE;3;9.12.1955;0;3
AKSUT;3;24.03.1968;1;2
URFINAZ;3;6.08.1949;0;3
REZATTIN;3;1.05.1962;3;0
MEVRESTE;3;23.08.1944;0;3
MINTANE;3;25.01.1955;0;3
ZULBIDE;3;24.08.1954;0;3
ARIYFE;3;26.09.1962;0;3
SUAYYIB;3;12.08.1964;3;0
SASENEM;3;18.03.1956;0;3
MUSALIM;3;30.01.1966;3;0
MUSURETTIN;3;19.02.1965;3;0
NEZELI;3;7.07.1967;0;3
PENPELI;3;15.12.1968;0;3
NAMUGA;3;20.05.1957;0;3
ZADELI;3;19.04.1959;0;3
MUNTESEM;3;20.11.1970;1;2
EYLUN;3;12.10.1962;1;2
YILDIRMAZ;3;23.10.1949;3;0
KEKLI;3;29.08.1956;2;1
VEZUHA;3;16.12.1947;0;3
ZERDEGUL;3;11.01.1968;0;3
NURSEDE;3;28.01.1976;0;3
ESAMIYE;3;1.04.1953;0;3
HUSMUYE;3;24.09.1958;0;3
HASAN.;3;26.12.1988;3;0
MURGUSAH;3;1.11.1962;2;1
HACISER;3;6.04.1963;0;3
ULVERDE;3;22.01.1957;0;3
MUSUM;3;10.06.1960;3;0
FETICE;3;21.02.1948;0;3
SUNNUYE;3;20.04.1959;0;3
ERISAL;3;23.09.1948;0;3
BAYGUN;3;27.05.1978;2;1
ABREK;3;19.07.1981;3;0
ZEYFIL;3;18.01.1974;3;0
MENFER;3;11.03.1957;3;0
OVUZ;3;5.08.1969;3;0
MUTELIP;3;23.12.1967;3;0
NEZEHAN;3;29.08.1948;0;3
LAHIZER;3;25.11.1966;0;3
SAVIC;3;4.09.1965;0;3
EVLIDE;3;10.07.1966;0;3
HAZIRA;3;30.08.1940;0;3
HIDASE;3;7.08.1970;0;3
UMMIYA;3;23.12.1962;0;3
HUSUREF;3;3.08.1961;3;0
UDAYE;3;19.10.1952;0;3
FERHANT;3;29.06.1971;3;0
HUDASER;3;18.08.1965;0;3
GULUMER;3;28.05.1958;0;3
MEHBIYE;3;3.09.1964;0;3
SINAI;3;8.03.1962;2;1
GULZEYDE;3;19.12.1957;0;3
AKDER;3;25.10.1951;0;3
NIFAT;3;21.10.1951;2;1
BULGE;3;7.02.1956;0;3
UFUDIYE;3;29.04.1952;0;3
ZEYNIFER;3;27.08.1970;0;3
GULFANE;3;4.06.1949;0;3
RATIBA;3;10.06.1958;0;3
NUTUF;3;16.11.1969;2;1
ZEREF;3;21.05.1965;0;3
PEYGUL;3;29.04.1963;0;3
ACARYA;3;1.10.1980;0;3
HACIDEMIR;3;15.11.1953;3;0
NAZLIYAN;3;10.10.1959;0;3
SEVINIR;3;15.10.1962;0;3
ZEKIYENUR;3;21.02.1986;0;3
BIRAYE;3;12.09.1971;0;3
TURKCE;3;19.08.1964;1;2
PERITAN;3;7.11.1970;0;3
ZUREYFE;3;8.01.1954;0;3
SERPINAR;3;17.01.1967;0;3
TUTKE;3;2.01.1961;0;3
HURUZUYE;3;15.02.1955;0;3
REFAKATTIN;3;30.10.1954;3;0
CAVIR;3;6.08.1964;3;0
GULZUHRE;3;25.09.1962;0;3
ZAMANGUL;3;21.03.1967;0;3
PEHLUZE;3;29.01.1950;0;3
HANIYFE;3;1.02.1961;0;3
MINDIYE;3;18.10.1961;0;3
FAIMAN;3;20.09.1944;0;3
OGULSABIR;3;8.08.1967;0;3
SEHRAGUL;3;23.08.1951;0;3
OGULMURAT;3;8.01.1961;0;3
HALMURAT;3;12.05.1962;3;0
OGULCUMA;3;9.08.1966;0;3
SAPAR;3;20.07.1974;1;2
NURYAL;3;20.11.1977;0;3
SAIHAT;3;12.09.1953;0;3
GENCI;3;28.06.1951;3;0
RASULI;3;25.02.1976;3;0
HAZARHAN;3;6.01.1989;3;0
FUATTIN;3;12.12.1938;3;0
SEZENNUR;3;1.05.1975;0;3
NURBIR;3;22.2.1324;1;2
FEVZULLA;3;16.12.1974;3;0
SAHNAGUL;3;2.04.1970;0;3
EFRUME;3;7.05.1978;0;3
GOKTE;3;8.02.1979;1;2
USTAY;3;19.04.1973;3;0
MELIHGAZI;3;5.07.1979;3;0
KEBIRHAN;3;2.05.1959;0;3
SEVHURE;3;15.08.1974;0;3
KUTMU;3;29.03.1962;0;3
PERDANIYE;3;30.03.1964;0;3
ANURE;3;12.11.1970;0;3
DOMIYE;3;30.05.1958;0;3
MUZEL;3;29.10.1959;1;2
SABILET;3;16.09.1946;0;3
MURAFIYE;3;22.09.1954;0;3
EKIBE;3;11.07.1966;0;3
SASNE;3;30.09.1947;0;3
GULZARIF;3;10.09.1953;0;3
SIFATI;3;4.10.1970;2;1
FENIHA;3;11.02.1971;0;3
TABIHA;3;25.11.1990;0;3
MENZUNIYE;3;18.06.1959;0;3
MENSUL;3;29.11.1974;3;0
GULANDI;3;28.08.1960;0;3
DEFLIN;3;11.05.1979;2;1
MILLETHAN;3;15.09.1948;0;3
OKUL;3;17.07.1953;3;0
UHRAN;3;19.03.1952;2;1
FITMET;3;14.04.1945;0;3
BIBISIRIN;3;23.10.1968;0;3
OGULBEY;3;29.2.1969;0;3
ZIYAGUL;3;10.10.1968;0;3
OGULEKE;3;26.11.1970;0;3
NADIT;3;3.02.1947;0;3
SERTO;3;10.05.1952;2;1
URUKYE;3;13.08.1942;0;3
HABIZET;3;12.07.1965;0;3
MEYSARA;3;1.06.1957;0;3
DEMIRKANI;3;15.07.1953;3;0
SEMENI;3;3.01.1965;0;3
NESDEREN;3;6.03.1976;0;3
GULFISNE;3;8.12.1973;0;3
HASKIS;3;24.05.1962;0;3
OZKAR;3;12.06.1968;2;1
TUHFAN;3;21.08.1982;3;0
SEVGILER;3;6.08.1956;0;3
CANMURAT;3;24.03.1970;3;0
GULIRMAN;3;25.11.1969;0;3
SEMUK;3;6.12.1949;0;3
NURISTE;3;25.02.1973;0;3
LITFI;3;15.10.1967;3;0
KARASEYH;3;1.11.1317;3;0
GULRUHI;3;2.06.1958;0;3
ZAHINE;3;10.07.1972;0;3
ILSUN;3;1.10.1977;0;3
MINSER;3;3.08.1961;0;3
MISINE;3;10.10.1963;0;3
SAYIKE;3;27.09.1948;0;3
MEGFURE;3;11.02.1950;0;3
SEVIMKAR;3;18.01.1968;0;3
LUIDMILA;3;11.05.1975;0;3
HIZIRSAH;3;2.03.1971;3;0
HULLE;3;22.12.1978;0;3
BERRATI;3;8.11.1976;3;0
HADIBEY;3;21.11.1961;3;0
HATUNCIK;3;3.12.1961;0;3
SAGINE;3;7.03.1958;0;3
SAHBAR;3;7.08.1934;1;2
KANVER;3;10.12.1954;3;0
SERMAHAN;3;7.12.1972;0;3
NURCUK;3;13.01.1974;0;3
KABDAN;3;9.08.1953;3;0
SEBAVET;3;23.01.1955;0;3
MUDAHERE;3;1.09.1964;0;3
BUNYAMITTIN;3;18.05.1955;3;0
PIRGUL;3;23.06.1974;0;3
SENEME;3;29.05.1968;0;3
MUHIBER;3;2.02.1943;0;3
ABDULNURI;3;30.05.1968;3;0
SENTUR;3;4.07.1979;2;1
DOGANOZ;3;4.08.1980;3;0
KIFAIAT;3;8.04.1958;0;3
NUKREDDIN;3;7.07.1952;3;0
OMIHAN;3;15.11.1977;0;3
ERTOZ;3;29.05.1967;3;0
TAYIME;3;18.12.1966;0;3
CEMSIDE;3;4.12.1957;0;3
ILEYDA;3;16.08.1987;0;3
SEFIKAN;3;14.03.1953;0;3
SENNET;3;5.02.1963;1;2
SEVIMGAR;3;13.08.1965;0;3
KICI;3;4.04.1953;0;3
GULUR;3;10.03.1950;0;3
HINC;3;29.09.1974;3;0
CESIR;3;15.03.1971;3;0
TONBULA;3;19.08.1958;0;3
BEYDUL;3;23.02.1970;3;0
NIKAHBAN;3;24.09.1940;0;3
ZULLEYHA;3;23.12.1978;0;3
UMRI;3;7.06.1970;2;1
SANIYEN;3;22.09.1961;0;3
PAMIK;3;22.04.1947;0;3
DEVRAT;3;9.10.1978;3;0
GULBINAR;3;23.04.1973;0;3
BAHAUTTIN;3;27.06.1957;3;0
NEZAFEDDIN;3;27.07.1963;3;0
GULSANS;3;5.04.1969;0;3
VELIPASA;3;25.05.1960;3;0
BATRAMAN;3;2.05.1968;3;0
ASMUL;3;24.10.1970;0;3
ABDULSERIF;3;18.11.1973;3;0
MENFIRE;3;21.01.1955;0;3
SIRAHMAN;3;3.02.1965;3;0
GUNESCAN;3;25.08.1985;2;1
CEZAETTIN;3;13.09.1957;3;0
MAKSUTE;3;18.10.1949;0;3
CUMRA;3;5.01.1979;1;2
AYIPEK;3;23.07.1950;1;2
SEHRIYAZ;3;8.06.1944;0;3
UCGUN;3;7.10.1944;1;2
ESREM;3;8.06.1967;2;1
MINISER;3;7.11.1959;0;3
DUMBULA;3;26.10.1957;0;3
ELVEREN;3;14.09.1964;0;3
MUCAP;3;9.05.1956;3;0
MUTAN;3;9.08.1950;2;1
SELCANE;3;20.05.1959;0;3
SEMSUT;3;12.07.1968;3;0
UNURSAL;3;18.01.1975;1;2
ISAFETTIN;3;22.11.1959;3;0
KOKCAN;3;14.08.1959;2;1
SAGVER;3;26.10.1954;0;3
GUNTEL;3;17.10.1958;0;3
SAYLAR;3;28.02.1963;2;1
MEGMURE;3;13.05.1962;0;3
ELBAHAT;3;18.12.1972;0;3
ZAHITE;3;22.01.1969;0;3
KIBRISE;3;1.11.1966;0;3
BAKIBEY;3;12.01.1953;3;0
HINKAR;3;12.11.1967;1;2
NURTA;3;14.02.1957;0;3
SAHTANE;3;24.08.1949;0;3
KADINHAN;3;11.05.1951;0;3
NERFIN;3;9.06.1970;0;3
GIULI;3;18.11.1960;0;3
DAGKAN;3;8.12.1987;3;0
ZINYAT;3;28.07.1971;0;3
OKSAM;3;1.05.1979;0;3
MUHSUNIYE;3;24.10.1958;0;3
DOGANNUR;3;28.02.1958;0;3
KEFAYE;3;12.07.1948;0;3
NURBERK;3;2.04.1990;0;3
GUNNEY;3;12.11.1944;0;3
APTULMUTALIP;3;30.12.1975;3;0
BALIBEY;3;12.10.1976;3;0
YUCANUR;3;30.08.1963;0;3
OSMANAGA;3;10.10.1972;3;0
NURMAHAN;3;26.12.1973;0;3
NAKIDDIN;3;19.08.1946;3;0
MEMDUG;3;10.05.1975;3;0
EZDEN;3;3.04.1961;1;2
IHNUR;3;26.05.1969;0;3
CEMREGUL;3;5.06.1990;0;3
KIZILTUG;3;25.05.1958;3;0
SURAIA;3;3.05.1960;0;3
DURNERE;3;21.04.1946;0;3
AYSHAT;3;3.05.1972;0;3
MEDEA;3;8.02.1960;0;3
HENNANE;3;23.06.1960;0;3
MELIKI;3;13.05.1954;0;3
KICAN;3;7.02.1966;0;3
RESANETTIN;3;10.07.1961;3;0
RUHINA;3;24.01.1975;0;3
UYGURHAN;3;13.10.1965;3;0
SERNEVAZ;3;10.12.1962;0;3
MUYMUN;3;23.03.1968;3;0
NACITDIN;3;30.2.1954;3;0
NEBIYYA;3;29.04.1976;0;3
SUSANN;3;23.04.1969;0;3
GURSAR;3;2.08.1974;3;0
KORGUL;3;17.12.1977;1;2
SEIDA;3;2.04.1954;0;3
ERKUM;3;20.05.1961;3;0
AYTEGIN;3;11.05.1971;3;0
OMRUNISA;3;1.03.1952;0;3
CEFARETTIN;3;7.07.1976;3;0
FIRKEN;3;6.03.1968;0;3
REYIHAN;3;23.03.1955;0;3
BAHATI;3;22.09.1974;1;2
GUER;3;11.10.1972;1;2
NAMSER;3;8.06.1950;0;3
CEZMENUR;3;9.11.1966;0;3
ILCEM;3;14.06.1990;0;3
KADIRAGA;3;28.08.1969;3;0
MILIKE;3;12.01.1953;0;3
HACIKURBAN;3;1.07.1967;3;0
CIFTCI;3;21.01.1957;2;1
CANBORA;3;14.12.1980;3;0
ERDONER;3;7.07.1965;3;0
FERITCAN;3;18.09.1991;3;0
NEVHAL;3;27.11.1956;1;2
SUMEYNE;3;20.09.1988;0;3
VELIHE;3;24.01.1946;0;3
NEVRUN;3;6.10.1949;0;3
MERNUN;3;6.04.1959;0;3
AYSENURGUL;3;30.06.1978;0;3
VEKILA;3;16.06.1968;0;3
TACAM;3;1.03.1977;3;0
BAGDAN;3;6.05.1970;0;3
ARINA;3;17.12.1976;0;3
MENSUNE;3;18.04.1960;0;3
EMRIHA;3;13.05.1968;0;3
NUBEYDA;3;12.06.1969;0;3
IHLIMAN;3;3.02.1963;1;2
HAMICAN;3;28.09.1981;2;1
ULMUHAN;3;21.09.1973;0;3
MAVES;3;13.06.1953;0;3
MESHULE;3;19.10.1957;0;3
FURKAY;3;29.08.1983;3;0
HIDAYEDDIN;3;24.09.1965;3;0
NERMIYEN;3;21.09.1954;0;3
ATALET;3;14.11.1972;0;3
NEZMIT;3;15.08.1964;3;0
ENINE;3;1.04.1985;0;3
AYNIR;3;25.01.1964;0;3
AYBIKEN;3;3.08.1978;0;3
ENIL;3;9.10.1982;0;3
YETTILE;3;10.05.1937;0;3
MEHDINE;3;17.03.1970;0;3
RESULEKREM;3;3.02.1978;3;0
SEMMUN;3;6.11.1962;3;0
ILKIS;3;8.10.1959;0;3
KUMA;3;12.06.1931;0;3
SEYDAGA;3;1.07.1956;3;0
ALIAZIZ;3;28.01.1974;3;0
YARGIC;3;12.07.1975;3;0
FEREMOZ;3;18.10.1939;3;0
SERBINAL;3;25.04.1977;2;1
GEKO;3;8.02.1931;3;0
SAPGUL;3;15.02.1959;0;3
ISSAF;3;10.05.1937;1;2
LATINE;3;29.07.1954;0;3
DILSEVER;3;30.06.1981;0;3
YULFER;3;19.07.1960;0;3
AGZUN;3;20.03.1937;0;3
CELALIN;3;20.10.1971;3;0
EMILA;3;10.10.1960;0;3
SARIBA;3;22.09.1958;0;3
MECBUDE;3;13.12.1976;0;3
NURUVAN;3;14.07.1987;1;2
BASKI;3;19.07.1974;3;0
HIVEL;3;30.12.1987;0;3
GIYABI;3;2.12.1955;0;3
COSLU;3;16.06.1970;3;0
NADICE;3;22.09.1959;0;3
SUREYEN;3;25.10.1967;0;3
ISTIRAHAT;3;19.10.1963;0;3
GULFERDA;3;2.04.1982;0;3
ZEYINI;3;22.06.1908;0;3
HADICAN;3;23.12.1923;0;3
UMRUYA;3;4.08.1971;0;3
SELGEN;3;16.10.1975;3;0
MAKBULAH;3;11.03.1956;0;3
VILIK;3;2.08.1949;0;3
PERGIZAR;3;21.12.1961;0;3
CULE;3;30.07.1934;0;3
DEDALI;3;29.12.1963;3;0
DILIFE;3;4.11.1933;0;3
DILEZ;3;15.07.1988;0;3
GULZEMIL;3;27.02.1958;0;3
ERCEREN;3;6.04.1985;3;0
DILFE;3;14.06.1925;0;3
MERHEMET;3;4.10.1965;0;3
HEYVE;3;25.03.1965;0;3
GULLUBAHAR;3;17.04.1967;0;3
MIDRAN;3;20.09.1965;1;2
BINAF;3;22.10.1954;3;0
GEBLAN;3;2.02.1956;3;0
ZUNNURE;3;17.01.1962;0;3
HUSRAV;3;26.08.1958;3;0
BERMALI;3;23.08.1965;0;3
SEYADIN;3;19.01.1966;3;0
HEYIF;3;21.05.1948;0;3
BILAHS;3;17.04.1946;0;3
FEDIHE;3;26.01.1969;0;3
ERSELAM;3;13.09.1980;3;0
GULLISOR;3;10.08.1974;0;3
ZEFERAN;3;2.12.1947;0;3
AKARCAN;3;9.09.1980;3;0
TAMICAN;3;3.08.1974;0;3
MIRIK;3;28.01.1944;2;1
GULUSUR;3;25.03.1960;0;3
LEMIE;3;28.01.1954;0;3
FERRAY;3;14.08.1977;0;3
GEZGUL;3;23.07.1971;0;3
PENCALI;3;10.04.1974;3;0
NESLICIHAN;3;14.06.1974;0;3
RIBABE;3;29.09.1945;0;3
AYBEG;3;7.12.1976;3;0
LAHIKE;3;28.05.1986;0;3
VERINE;3;19.10.1967;0;3
HIRTAN;3;24.03.1953;3;0
MARUSE;3;15.04.1943;0;3
MUAAZ;3;19.10.1979;3;0
ZIAETTIN;3;29.08.1962;3;0
TAYAN;3;26.02.1982;3;0
KOBAR;3;20.09.1952;0;3
ABDULMENAFI;3;20.05.1961;3;0
HANZO;3;22.11.1954;0;3
FERACETTIN;3;13.08.1953;3;0
BEYRUN;3;14.09.1971;2;1
LAZKI;3;1.06.1934;3;0
FEREHDIBA;3;20.05.1970;0;3
HALIMCAN;3;1.08.1983;0;3
KETTAN;3;2.05.1955;0;3
BIBILCAN;3;14.11.1969;0;3
SULHETIN;3;30.12.1953;3;0
TONHAZAR;3;18.02.1974;0;3
TALHE;3;14.12.1944;1;2
BALYA;3;20.08.1949;0;3
FIRIKET;3;30.11.1973;0;3
EYLAZ;3;17.10.1971;3;0
FEYRURI;3;11.10.1967;0;3
AMATTIN;3;12.05.1981;3;0
SUNULAH;3;17.08.1980;3;0
MURBADIN;3;2.12.1963;3;0
SEHABATTIN;3;18.03.1971;3;0
MINADIYA;3;7.07.1967;0;3
IMAREDDIN;3;27.04.1979;3;0
AGIDE;3;19.01.1961;0;3
HUSNIMELEK;3;6.01.1972;0;3
SIMLI;3;4.04.1977;1;2
TAYIM;3;17.04.1972;3;0
GESI;3;20.12.1956;0;3
IRANHANIM;3;2.02.1979;0;3
VAHPI;3;4.04.1970;3;0
HEYRATI;3;9.02.1965;0;3
MUNEDYA;3;16.07.1978;0;3
HORISAN;3;14.04.1971;0;3
MENIDE;3;17.09.1964;0;3
ATLES;3;22.09.1963;0;3
SUBHET;3;19.02.1971;0;3
TAHYETTIN;3;26.09.1978;3;0
MUHUMMET;3;29.05.1977;3;0
KARAKOC;3;30.2.1958;1;2
AYSANGUL;3;26.02.1970;0;3
NECEBET;3;7.07.1978;0;3
ABDULSEFIK;3;23.12.1959;3;0
FETULAH;3;21.6.1316;3;0
HAYRATI;3;8.03.1943;0;3
GULHICE;3;18.04.1966;0;3
KUTTO;3;26.11.1933;3;0
BILEHSAH;3;11.07.1964;0;3
AYHA;3;27.11.1968;1;2
HAZARAN;3;5.07.1956;0;3
KAYTARAN;3;2.01.1964;3;0
ELIFLEYLA;3;12.12.1969;0;3
ORSAL;3;29.09.1969;2;1
CIDAYET;3;25.09.1980;0;3
RAHMANVERDI;3;29.12.1968;3;0
RAVZET;3;28.06.1975;0;3
MEHPULE;3;24.09.1963;0;3
BESRO;3;7.03.1957;2;1
TURYE;3;28.12.1971;0;3
SAKIRZADE;3;17.12.1972;0;3
UMRETE;3;27.01.1971;0;3
MANZULE;3;20.09.1974;0;3
ZUMURAY;3;6.03.1976;0;3
MURSELAT;3;18.10.1980;3;0
ESFIYA;3;19.12.1975;1;2
NURSAID;3;17.11.1981;3;0
MUVADDET;3;11.09.1966;0;3
SAZIMA;3;29.01.1971;0;3
MARESAL;3;15.07.1978;3;0
HIVET;3;12.01.1986;2;1
MUTEZIN;3;24.09.1973;0;3
FREYDUN;3;1.02.1976;3;0
GULAVDIN;3;9.11.1971;3;0
HEDEM;3;20.11.1975;0;3
SEVHIYAT;3;23.12.1954;0;3
GEGI;3;13.03.1932;0;3
EDNUR;3;12.07.1965;3;0
RIFATA;3;30.08.1944;1;2
BIZA;3;18.06.1931;0;3
SUTUN;3;3.10.1974;2;1
MUMADIYE;3;11.03.1938;0;3
NEVIZA;3;22.03.1962;0;3
MUBBECEL;3;25.02.1976;0;3
SEYITBETAL;3;3.04.1967;3;0
HAZIDE;3;7.05.1952;0;3
YILDAZ;3;7.05.1985;0;3
SAVGUL;3;22.04.1966;0;3
MAZULET;3;14.08.1969;0;3
BAZAN;3;15.10.1963;1;2
HASREV;3;18.02.1956;3;0
GULCEMIL;3;12.02.1966;0;3
BELKIA;3;21.10.1954;1;2
MUSLIYA;3;27.08.1949;1;2
MURPENC;3;24.01.1963;3;0
KERRO;3;25.01.1942;3;0
UMULKELSUM;3;18.08.1971;0;3
CIFTEHAS;3;21.03.1953;0;3
MIYAMI;3;20.08.1981;3;0
AMEDIN;3;10.04.1967;3;0
KEDA;3;26.07.1971;1;2
ORUN;3;18.03.1983;2;1
KOCABAY;3;26.06.1956;3;0
ULKA;3;24.01.1963;0;3
TURATBEG;3;6.04.1964;3;0
CIHANBAY;3;27.08.1968;3;0
SANU;3;1.02.1971;0;3
ZULHADE;3;17.08.1973;0;3
ATIM;3;9.05.1972;2;1
AYGULU;3;10.04.1974;0;3
BURUL;3;2.11.1980;0;3
BESBIBI;3;27.08.1974;0;3
BAZARHAN;3;24.10.1967;0;3
ABDULSAIM;3;21.01.1960;3;0
BEHRIYA;3;13.11.1979;0;3
SULAHADDIN;3;10.09.1956;3;0
SEMBIR;3;17.12.1981;1;2
GULBIHAR;3;27.07.1957;0;3
SARECETTIN;3;6.07.1961;3;0
DOGUDAN;3;24.04.1974;0;3
ABDULALAM;3;14.02.1972;3;0
BUSEYDE;3;13.08.1963;0;3
AKBET;3;8.05.1977;0;3
FAKIBE;3;11.02.1960;0;3
BILEKSAH;3;14.10.1979;0;3
IDRISHAN;3;24.07.1963;3;0
SEMRULLAH;3;16.10.1986;3;0
ILTIFA;3;27.11.1968;0;3
SUREYRA;3;30.12.1974;0;3
SEMAKI;3;28.06.1957;0;3
NISRI;3;11.10.1942;1;2
MUFRUDE;3;13.10.1966;0;3
BERET;3;3.03.1980;1;2
KUKEL;3;28.09.1966;3;0
HANAY;3;26.09.1983;0;3
BERHUZAR;3;29.05.1939;0;3
FEYIT;3;6.09.1979;3;0
ABDULMETTIN;3;17.03.1980;3;0
GULSOR;3;15.01.1965;0;3
SAHMELIK;3;24.11.1981;2;1
NAFIYETTIN;3;24.05.1969;3;0
HIMAIL;3;26.10.1965;0;3
SEVIDIN;3;7.02.1941;3;0
MISRIME;3;9.10.1964;0;3
HURISINEM;3;22.10.1964;0;3
TEMRIZ;3;23.10.1955;0;3
MEHMETNECIP;3;30.06.1970;3;0
SAHBETIN;3;3.07.1969;3;0
RAHMANTULLAH;3;7.12.1980;3;0
GULAVTUN;3;8.04.1961;0;3
PABUK;3;21.07.1961;0;3
ZUHRIYA;3;21.01.1962;0;3
MUYEZEM;3;27.07.1968;0;3
SEYITVAN;3;28.02.1970;3;0
MEJBULE;3;29.10.1971;0;3
TEBRIZI;3;11.09.1980;3;0
NURLAH;3;8.09.1973;3;0
FELEKCAN;3;8.12.1958;0;3
BAHIRIYE;3;5.02.1962;0;3
FEYFURA;3;26.12.1963;0;3
SELVIHA;3;14.03.1974;0;3
GECICE;3;29.03.1966;0;3
HARUK;3;13.12.1971;3;0
MARAKIYE;3;19.09.1958;0;3
FERHICAN;3;18.09.1937;0;3
ANADIN;3;16.05.1957;1;2
ELFASI;3;12.02.1963;2;1
GURBIZ;3;8.05.1974;3;0
NASIRHAN;3;22.09.1981;3;0
LEYFER;3;29.09.1978;1;2
BEHYIYE;3;3.11.1976;0;3
MAHZUT;3;27.12.1965;3;0
HANMAHMUT;3;12.06.1960;3;0
DEVATI;3;8.10.1972;3;0
FEVLUKA;3;28.07.1976;0;3
ZENAR;3;12.02.1977;2;1
SAHASTA;3;22.02.1955;0;3
APTULCEBBAR;3;26.02.1947;3;0
FIRO;3;5.12.1943;2;1
MUFI;3;5.09.1969;3;0
CEZVI;3;22.11.1959;3;0
TOSON;3;14.05.1958;0;3
HALEME;3;15.09.1977;0;3
HANCAR;3;2.04.1950;1;2
YERVAN;3;15.02.1965;2;1
ALLAETTIN;3;13.03.1954;3;0
ETYIMEZ;3;19.08.1967;0;3
ARABIZENGI;3;20.11.1959;0;3
NECIBAT;3;7.03.1966;0;3
HURUZADE;3;21.02.1973;0;3
MUNNAVER;3;4.07.1983;0;3
SUNAT;3;17.01.1969;3;0
FADIDE;3;19.11.1956;0;3
NAKSO;3;5.04.1965;2;1
NURHALIYE;3;17.02.1977;0;3
ETIME;3;11.06.1965;0;3
ABDULMULTALIP;3;26.02.1977;3;0
HULKIYET;3;27.02.1962;0;3
MELIHHAN;3;2.09.1972;2;1
HUSROV;3;24.06.1956;3;0
ARISTE;3;1.03.1961;0;3
TENTENE;3;6.08.1949;0;3
NAZALIN;3;15.03.1949;0;3
SAHNEGUL;3;14.12.1966;0;3
BEHCETE;3;7.05.1950;0;3
GUYERCIN;3;22.09.1965;0;3
SERRIBAN;3;29.07.1963;0;3
ETIKULLAH;3;14.02.1967;3;0
HEMZA;3;19.07.1955;3;0
BAZIRE;3;30.08.1951;0;3
MIYYESSER;3;21.01.1967;0;3
SITAI;3;12.08.1954;3;0
RAZIYAN;3;13.6.1311;1;2
HUKU;3;10.02.1946;1;2
MECBIRE;3;24.02.1957;0;3
ZEMMINE;3;14.01.1964;0;3
ERIZAN;3;16.02.1976;0;3
NURIZEL;3;4.09.1966;0;3
HETTEM;3;24.04.1966;3;0
HUNEYIN;3;20.02.1960;0;3
FERYEDDIN;3;4.01.1961;3;0
HUDUDA;3;15.03.1968;2;1
ZERFINAZ;3;3.07.1963;0;3
FARIYA;3;15.10.1969;0;3
PORTEKAL;3;13.02.1955;0;3
LEDIN;3;11.03.1960;3;0
PAMPUK;3;26.01.1957;0;3
FEREMES;3;24.12.1969;3;0
HEYBETHAN;3;30.01.1971;0;3
MUNCU;3;24.01.1961;3;0
GORGAN;3;11.01.1956;2;1
YETERHAN;3;4.06.1972;1;2
LETIFHAN;3;19.06.1974;2;1
ISMIYET;3;20.11.1971;0;3
BEDU;3;16.06.1952;3;0
BAHIFHAN;3;8.08.1953;0;3
HIRCO;3;20.09.1936;3;0
SAYITALI;3;10.12.1959;3;0
HEYZARAN;3;25.09.1951;0;3
MIRSAM;3;9.02.1966;3;0
MEHMUR;3;1.02.1953;0;3
SURAHYA;3;30.01.1976;0;3
FEVIZE;3;1.07.1977;0;3
KALANFIL;3;9.03.1949;0;3
SUHUYLE;3;17.02.1967;0;3
MERTIHAN;3;2.11.1981;3;0
HULET;3;6.03.1972;0;3
ERSOYLU;3;2.09.1951;3;0
FADLULLAH;3;1.05.1984;3;0
GURKIN;3;27.03.1962;3;0
AKPINAR;3;12.12.1973;0;3
SAIDNUR;3;26.09.1988;3;0
BATUL;3;19.04.1967;0;3
NEFSICAN;3;2.03.1963;0;3
FIRUZEN;3;7.06.1964;0;3
FEVZUYE;3;4.03.1974;0;3
ABDULCAPBAR;3;3.11.1971;3;0
RIYADIN;3;23.03.1964;3;0
SURMIHAN;3;1.02.1964;0;3
APRUZ;3;7.10.1926;0;3
SUBHU;3;8.11.1957;3;0
ABDULMUNAF;3;23.06.1971;3;0
SAHIYETTIN;3;14.03.1976;3;0
SARAFET;3;14.06.1961;2;1
RUBASAN;3;14.08.1965;0;3
KEY;3;3.01.1958;3;0
KENAR;3;24.07.1949;0;3
TAZIA;3;23.09.1976;0;3
GULIZAN;3;15.10.1968;0;3
HAVYA;3;15.01.1971;0;3
RUHSANE;3;9.05.1971;0;3
DURDARE;3;16.01.1971;0;3
MIJDIN;3;7.03.1970;3;0
AYINOR;3;4.11.1968;0;3
INEHAT;3;27.10.1977;0;3
YURGUL;3;16.09.1964;0;3
PERVIYE;3;18.06.1975;0;3
TAYBETHAN;3;3.10.1977;0;3
SAHZERI;3;13.01.1976;0;3
ADILLA;3;12.05.1964;1;2
CINGOZ;3;25.01.1965;3;0
HIMAYUN;3;19.12.1956;0;3
FAHRENDE;3;12.04.1933;0;3
SANTANET;3;6.09.1974;0;3
TURKUSTAN;3;18.07.1972;0;3
NURSIBE;3;27.08.1982;0;3
SIVIYE;3;26.08.1963;0;3
HEMSAH;3;13.08.1969;0;3
SISIM;3;1.08.1950;0;3
RAVSEN;3;12.01.1985;0;3
ATTUR;3;15.01.1969;1;2
NIVSICIHAN;3;26.01.1980;0;3
MEHBUSE;3;26.04.1950;0;3
MUSRUDE;3;27.10.1983;0;3
FEYZIHAN;3;11.08.1977;1;2
ELICAN;3;5.03.1968;0;3
HOLI;3;1.10.1966;2;1
ABDULMUKIM;3;12.02.1971;3;0
GULINDAR;3;30.2.1967;0;3
RAFIYETE;3;28.03.1955;0;3
GULABIN;3;13.08.1983;3;0
HOZRET;3;4.03.1964;0;3
MUZAHIT;3;17.10.1970;2;1
HURIYETE;3;22.10.1971;0;3
GULLIN;3;13.03.1970;0;3
TELAY;3;7.06.1950;1;2
SARAFAT;3;26.11.1959;1;2
ZORAP;3;15.05.1974;3;0
NUCIHAN;3;11.12.1961;0;3
KAMERAY;3;29.01.1978;2;1
SULSEN;3;17.10.1971;0;3
MEZIT;3;2.11.1960;2;1
SAHZADA;3;4.09.1949;0;3
KARDRIYE;3;7.10.1979;0;3
LUVEYZA;3;14.12.1964;0;3
TORUL;3;19.05.1943;2;1
HIRMIK;3;30.11.1941;0;3
ISTEREM;3;19.07.1953;0;3
SUSLUCAN;3;30.03.1987;1;2
M.ZAHIR;3;2.11.1953;3;0
VASVEDIN;3;2.09.1967;3;0
AMENE;3;14.02.1972;0;3
HIVREN;3;26.08.1985;0;3
CAZMI;3;14.01.1961;3;0
SINET;3;14.12.1968;0;3
GULUZADE;3;20.11.1973;0;3
ABDULMUSLUM;3;16.10.1967;3;0
HAYNIYE;3;26.12.1961;0;3
REDIP;3;29.06.1968;3;0
MEREMA;3;15.01.1964;0;3
GULUCE;3;17.04.1969;0;3
NAYSEL;3;9.08.1971;0;3
NAYSE;3;9.08.1968;0;3
ANJELIK;3;1.09.1970;0;3
MUHTESIP;3;23.03.1972;3;0
FADDEN;3;30.01.1975;0;3
SENADI;3;29.02.1952;3;0
EZLAN;3;23.08.1968;0;3
BASAY;3;24.03.1986;0;3
MUKADDERIYE;3;28.01.1949;0;3
MACUT;3;9.10.1971;3;0
NESMINE;3;9.07.1946;0;3
UDAI;3;10.10.1965;3;0
GULVINAZ;3;4.09.1968;0;3
RAGMAN;3;18.05.1957;2;1
FEYBAKI;3;15.02.1959;3;0
MEVRIKE;3;25.02.1962;0;3
GULUREN;3;24.12.1953;0;3
RUKYATE;3;26.03.1974;0;3
CEMRAL;3;23.04.1962;1;2
SALETIN;3;20.06.1963;1;2
MUTERRA;3;2.02.1959;0;3
MIRSIYE;3;17.07.1966;0;3
GULERGIN;3;1.05.1957;1;2
CILENTI;3;8.08.1960;1;2
GURDENUR;3;26.02.1950;0;3
CEMENGUL;3;5.06.1958;0;3
ELVUN;3;18.01.1969;3;0
OZCIN;3;12.09.1985;0;3
ANAMSAH;3;13.07.1954;0;3
NEZIZ;3;22.10.1955;0;3
SELEMAN;3;23.01.1959;1;2
ZEYLE;3;12.02.1966;0;3
ZULKAMIN;3;30.07.1967;3;0
ARZIYAN;3;22.07.1958;0;3
TASNUR;3;24.09.1971;0;3
GEMZE;3;18.01.1970;0;3
NIRZAN;3;24.12.1966;0;3
EDAVE;3;22.04.1946;0;3
DURUSEHVAR;3;1.01.1955;0;3
FAHRUNNAS;3;16.04.1959;2;1
CAVITE;3;24.10.1957;0;3
MUJNAN;3;17.12.1959;0;3
ONDAR;3;15.06.1955;2;1
SATDAR;3;25.10.1961;3;0
INCISEN;3;21.07.1960;0;3
KERANI;3;25.01.1959;3;0
BAHTIMUR;3;26.03.1970;0;3
AYSEDDIN;3;13.05.1960;1;2
MAISA;3;29.07.1967;0;3
CELIYE;3;18.05.1954;0;3
ELFIDAG;3;23.08.1962;0;3
SAMIMIYE;3;18.09.1953;0;3
KEFAITTIN;3;9.01.1953;3;0
SAMBER;3;10.06.1960;1;2
BORANETTIN;3;21.09.1963;3;0
NECADIYE;3;11.03.1958;0;3
ISHAKDEDE;3;24.04.1941;3;0
EMIRNAZ;3;16.02.1951;0;3
CIVELEK;3;25.10.1962;0;3
ZERUSAN;3;7.12.1950;0;3
BOBEKCE;3;22.03.1961;0;3
ELTEN;3;18.02.1959;0;3
ILTERISHAN;3;7.02.1987;3;0
ZERDAN;3;20.07.1963;2;1
SEKRINAZ;3;3.03.1970;0;3
MEGESER;3;18.03.1972;0;3
DALKIZ;3;3.02.1938;0;3
CEBRA;3;14.07.1974;2;1
DONGEL;3;29.07.1972;0;3
IGIT;3;1.09.1942;3;0
ALTINDAG;3;3.03.1956;1;2
NURIZEN;3;30.04.1963;0;3
VECHIDE;3;28.04.1962;0;3
SARBEN;3;20.06.1950;0;3
CEFHER;3;1.06.1970;2;1
CIRAG;3;16.11.1970;1;2
DUDANE;3;19.08.1948;0;3
MESLEHAN;3;26.02.1961;0;3
ERDEMIN;3;5.12.1984;3;0
KAMISE;3;6.11.1967;0;3
IFTIHARIYE;3;23.01.1949;0;3
MERGAN;3;8.12.1967;2;1
GULUMSAL;3;10.09.1964;0;3
MUHSITTIN;3;29.09.1961;3;0
BAHARAY;3;22.06.1976;0;3
NAFARET;3;29.10.1965;0;3
SEFIYNE;3;2.05.1976;0;3
CANFEDER;3;29.2.1965;0;3
NEZIYFE;3;25.04.1960;0;3
TAVILE;3;2.12.1969;0;3
YENIER;3;7.08.1978;3;0
CEYYIBE;3;5.12.1956;0;3
HUSNEFER;3;1.03.1954;0;3
MUBUVVET;3;7.01.1956;0;3
VAKFIYE;3;15.11.1936;0;3
TAMAMIYE;3;19.02.1949;0;3
HUSNUVER;3;30.08.1973;0;3
ERGUNEY;3;8.07.1976;3;0
NECIYA;3;16.01.1961;0;3
NURZEM;3;1.11.1973;0;3
IRFA;3;10.09.1964;0;3
HURNUS;3;3.03.1975;0;3
MUSERER;3;20.11.1951;0;3
DILDER;3;20.10.1983;1;2
ZEVDIYE;3;30.03.1931;0;3
SUAYET;3;28.10.1971;0;3
MUSEYLA;3;19.02.1958;0;3
BERATDIN;3;28.10.1982;3;0
MEYESSER;3;25.11.1963;0;3
MUAVIZ;3;26.08.1984;3;0
BAHAITDIN;3;4.04.1957;3;0
SUAYBE;3;19.12.1967;0;3
DILLER;3;1.07.1962;0;3
MUTLIYE;3;26.12.1982;0;3
BIRKEZ;3;8.03.1967;0;3
MINYAMIN;3;18.03.1958;3;0
BAYRAMSEN;3;23.08.1971;1;2
MUKAFAAT;3;2.08.1955;0;3
NECIPZADE;3;17.12.1949;2;1
SEVIDDIN;3;12.01.1961;3;0
MEBZULE;3;28.04.1939;0;3
VAHIDENUR;3;13.06.1987;0;3
VARIYAT;3;1.07.1965;0;3
URMETKA;3;18.12.1954;0;3
TAZIME;3;21.05.1971;0;3
ZIBETKA;3;29.12.1950;0;3
M.MUHDI;3;8.07.1950;3;0
DIYAL;3;3.04.1983;0;3
NECAFETTIN;3;9.07.1954;3;0
ALTINEL;3;23.02.1967;1;2
NAIYME;3;4.09.1945;0;3
SEFADIN;3;10.06.1964;3;0
MACIZE;3;2.02.1969;0;3
SEVRAY;3;17.08.1969;0;3
FEYDIYE;3;8.10.1948;0;3
SEBULLAH;3;3.08.1980;3;0
SENEDIN;3;28.12.1960;3;0
ECMEIN;3;14.02.1958;3;0
HAVIKA;3;7.11.1944;0;3
BARIDIN;3;9.07.1949;3;0
MEFARAT;3;11.05.1972;0;3
GULCICEGI;3;24.09.1957;0;3
UBEYDULLA;3;12.04.1965;3;0
BURAHAN;3;16.11.1975;3;0
EREMSIYA;3;12.01.1969;0;3
ZEZIME;3;11.08.1963;0;3
GONULSEVER;3;28.04.1968;1;2
ELAMIYE;3;5.08.1967;0;3
ISMIAZAM;3;30.12.1956;1;2
NEVADE;3;13.04.1943;0;3
ALSAY;3;6.04.1976;2;1
MAHBU;3;18.01.1940;0;3
NIYADIN;3;27.07.1951;3;0
HALIYAS;3;26.05.1959;0;3
FARHATTIN;3;17.10.1968;3;0
SAFEDDIN;3;5.03.1961;3;0
ATALA;3;13.07.1940;3;0
NUNUFAR;3;8.06.1961;0;3
AYRUN;3;21.04.1964;3;0
FERAMIYE;3;23.12.1961;0;3
ZURIHA;3;1.06.1952;0;3
HULEYME;3;2.07.1963;0;3
GULSIMAT;3;29.05.1970;0;3
NURCAL;3;19.05.1959;0;3
MEMLIHAN;3;21.12.1974;0;3
AKLEN;3;25.11.1982;2;1
GUNNAHAN;3;16.02.1968;0;3
VECAHATTIN;3;23.12.1952;3;0
GULCILE;3;23.07.1965;0;3
MUHUTIN;3;7.06.1965;3;0
MUHTESIFE;3;23.02.1955;0;3
BASRAI;3;20.09.1957;0;3
NEYTULLA;3;21.09.1968;3;0
ANJA;3;18.05.1973;0;3
SANEDDIN;3;27.01.1967;3;0
UDAVER;3;20.05.1966;2;1
AKSEVER;3;8.05.1969;2;1
MEVSUN;3;25.01.1955;0;3
NEVRIZIYE;3;26.12.1967;0;3
SALIE;3;12.04.1953;0;3
BEZAIM;3;12.3.1305;3;0
RAYGAN;3;6.06.1961;0;3
FIDANIA;3;24.09.1963;0;3
SEVEKER;3;14.06.1957;0;3
CANSENA;3;27.10.1979;0;3
SADBERA;3;9.12.1946;0;3
TOYLAN;3;21.05.1987;2;1
SELMIYEN;3;27.10.1952;0;3
TUGGAY;3;9.04.1979;3;0
ALPKAGAN;3;3.10.1970;3;0
BENIFE;3;3.05.1942;0;3
EYHEM;3;14.01.1986;3;0
ICSEL;3;13.03.1968;1;2
MUDRIKA;3;13.10.1970;0;3
ISEM;3;7.12.1986;0;3
AHDI;3;26.07.1958;3;0
AYETIN;3;20.04.1966;2;1
NIZAFETTIN;3;22.01.1967;3;0
LEFTERIYA;3;3.05.1941;0;3
RABIAN;3;13.12.1942;0;3
AFIZ;3;5.03.1969;3;0
VATKA;3;28.07.1952;0;3
SEBADIN;3;19.10.1958;3;0
SUBUTAYHAN;3;15.12.1975;3;0
IBRIMA;3;5.01.1950;0;3
YUSURA;3;2.09.1955;0;3
DADI;3;7.11.1945;0;3
ARTUNER;3;22.07.1972;3;0
BICEM;3;5.01.1983;0;3
EZIM;3;1.11.1969;2;1
MIHCA;3;18.07.1986;3;0
AYTOL;3;4.08.1953;3;0
UZLUFER;3;1.09.1962;0;3
HAFIR;3;28.02.1970;3;0
GULFEHEN;3;28.09.1958;0;3
GACER;3;28.11.1964;2;1
KAFIDE;3;25.03.1951;0;3
VISDAN;3;23.10.1958;0;3
ADIKAR;3;11.02.1939;0;3
GULIZARA;3;23.11.1958;0;3
SANUS;3;19.07.1961;0;3
VELISE;3;3.07.1982;0;3
NAZKADIN;3;22.01.1953;0;3
SUKUFA;3;4.01.1970;0;3
TEVFIKIYE;3;3.04.1947;0;3
RUTTEN;3;13.11.1960;0;3
SIRIHAN;3;19.10.1973;0;3
MEDAYIL;3;23.01.1961;3;0
ERTURAY;3;24.07.1979;2;1
YENAR;3;16.02.1978;3;0
CANAYDIN;3;8.05.1956;3;0
MESIRIYE;3;12.08.1965;0;3
NADIYDE;3;4.01.1957;0;3
ALTUNHAN;3;7.01.1953;0;3
CEVHIDE;3;10.07.1956;0;3
UZMEN;3;2.02.1967;2;1
TEBDILE;3;17.03.1936;0;3
MENTIFE;3;3.02.1973;0;3
HOMAN;3;3.04.1964;2;1
HURYEM;3;15.10.1968;0;3
BERKIL;3;26.08.1989;1;2
YURUSEN;3;14.04.1970;1;2
SEVINGEL;3;15.11.1968;3;0
MUCIZAN;3;6.06.1953;0;3
IRANA;3;14.11.1956;0;3
YASATAN;3;5.05.1969;2;1
LALIYE;3;20.10.1979;0;3
ELVIYA;3;9.04.1981;0;3
MEVLIBE;3;4.12.1967;0;3
HATUNANA;3;18.08.1948;0;3
TANCI;3;16.08.1952;2;1
BENOVSE;3;29.01.1968;0;3
LIZZET;3;28.07.1952;0;3
REHBI;3;16.02.1968;3;0
KABIR;3;5.09.1967;3;0
HASLIHAN;3;2.08.1970;0;3
NAGAM;3;19.09.1972;0;3
SPRESA;3;8.06.1956;0;3
SADIRETDIN;3;18.01.1969;3;0
IMDAL;3;6.12.1967;2;1
MUBUVET;3;8.06.1958;0;3
ALEYKE;3;17.07.1975;0;3
CIGIDEM;3;17.04.1984;0;3
BERHUN;3;22.02.1982;2;1
FERDUMAN;3;10.05.1966;0;3
HUSEYLA;3;30.2.1964;0;3
RAHMIGUL;3;7.12.1971;0;3
SABITIYE;3;19.12.1960;0;3
A.HADI;3;28.02.1958;3;0
BENNAZI;3;20.05.1988;0;3
MURSIDIN;3;13.06.1951;3;0
EBIBE;3;12.01.1971;0;3
MIHPARE;3;8.03.1941;0;3
KIRKIZ;3;7.06.1935;0;3
SABIYAT;3;12.10.1963;0;3
SEVCIYEN;3;7.03.1966;0;3
TANCIL;3;21.01.1950;2;1
BERIHE;3;6.01.1952;0;3
FEDAYIN;3;11.04.1964;3;0
NECETIN;3;6.09.1961;3;0
MUAVVEZ;3;29.03.1978;3;0
ZEYBEGUL;3;9.03.1974;0;3
ERVIL;3;22.12.1982;0;3
GUDEREN;3;21.03.1970;0;3
TOKCAY;3;21.02.1977;3;0
HUDEYA;3;16.10.1963;2;1
ABDIR;3;7.06.1966;3;0
SAGDIC;3;10.05.1972;3;0
REYSEL;3;16.10.1958;1;2
NUHTIYE;3;13.07.1978;0;3
SUEYDE;3;16.04.1964;0;3
AYDILER;3;8.04.1958;0;3
EYNEDDIN;3;15.03.1967;3;0
ASKERYE;3;24.12.1972;0;3
BELHUDAR;3;28.01.1962;1;2
ENCUMENT;3;10.02.1970;3;0
ZUMRUTAL;3;5.08.1937;0;3
TELGUN;3;1.12.1960;0;3
RIFADE;3;10.12.1946;0;3
CENIT;3;29.07.1948;3;0
NIZAMIL;3;16.04.1962;3;0
BEHIDIYE;3;7.07.1956;0;3
ZEYNOS;3;9.02.1957;0;3
BEHREN;3;6.08.1947;2;1
MUSLIDIN;3;1.12.1949;3;0
HAYRENNISA;3;17.05.1960;0;3
GULYEN;3;29.04.1962;0;3
NEFTIYE;3;18.07.1968;0;3
CURIYET;3;14.10.1959;1;2
FITAT;3;26.04.1964;1;2
OZYIGIT;3;9.09.1972;3;0
BEHEN;3;20.04.1964;0;3
MICEVER;3;25.08.1957;0;3
MENIZ;3;10.03.1987;0;3
FITNAK;3;23.05.1958;0;3
ENNISE;3;2.01.1990;0;3
TECELLE;3;5.08.1966;3;0
MUNIKE;3;26.07.1986;0;3
CAYIP;3;11.09.1959;3;0
ZEIME;3;26.02.1958;0;3
NUKTEN;3;21.08.1972;0;3
DEHRA;3;5.09.1976;0;3
ELMASNUR;3;27.11.1988;0;3
NEBAN;3;2.07.1957;3;0
ASLANER;3;7.09.1942;3;0
MENZURIYE;3;29.04.1956;0;3
KORDAY;3;11.07.1972;1;2
ALIYUKSEL;3;8.05.1968;3;0
KADRISEN;3;6.10.1966;3;0
BAYDE;3;30.08.1951;0;3
IRVIDE;3;30.08.1962;0;3
MIZIHAN;3;15.10.1964;0;3
MUTHIYE;3;28.11.1970;0;3
VACIDIYE;3;2.04.1947;0;3
DEVRET;3;11.08.1962;1;2
MIHLIVER;3;10.05.1957;0;3
AYNETTIN;3;27.07.1953;3;0
SEYYUBE;3;17.06.1973;0;3
TARHAT;3;3.11.1967;3;0
NAMATULLAH;3;18.09.1984;3;0
MUKAILE;3;7.06.1979;0;3
SAFATULLAH;3;26.05.1975;3;0
BAYDA;3;17.11.1973;0;3
VESFEDDIN;3;28.12.1978;3;0
FERAAT;3;27.08.1954;1;2
HAZURA;3;30.10.1982;0;3
ANDREW;3;24.01.1973;3;0
HURIZAN;3;23.08.1970;0;3
SERAZIM;3;1.11.1957;3;0
AYSAHANIM;3;19.12.1970;0;3
TURKEDDIN;3;10.02.1967;3;0
SAFEL;3;13.12.1967;0;3
MAZIR;3;16.01.1966;1;2
ENSA;3;29.11.1985;0;3
ESFARIYE;3;23.10.1960;0;3
ISMAHANGUL;3;29.07.1979;0;3
ILKDAL;3;3.12.1966;2;1
ALIYASA;3;22.08.1949;3;0
MIRZELI;3;12.09.1950;3;0
TEFERIK;3;20.08.1958;0;3
SUZMEN;3;10.11.1953;0;3
DERVAN;3;18.11.1979;1;2
ABDULSSEMET;3;11.01.1968;3;0
HIRDI;3;11.02.1926;0;3
MERSEDES;3;23.03.1962;0;3
NURETEN;3;26.08.1969;0;3
FAIMET;3;23.09.1955;0;3
VADHAN;3;4.11.1959;0;3
TACIA;3;18.03.1966;0;3
KARIPHAN;3;16.06.1942;3;0
MIKRIMAN;3;19.06.1980;0;3
ZULALETTIN;3;18.01.1955;3;0
MAHTUM;3;25.12.1975;3;0
CARIDE;3;25.11.1961;0;3
MAGFURET;3;4.09.1955;0;3
KUTNI;3;14.04.1945;0;3
GULABETTIN;3;18.04.1974;2;1
AGBEGI;3;18.04.1967;0;3
IBRIZET;3;29.06.1962;0;3
TUSUN;3;17.02.1945;1;2
KARIPNAZ;3;22.05.1955;0;3
TASMA;3;21.09.1947;0;3
FATHATTIN;3;26.05.1961;3;0
SIY;3;18.12.1956;3;0
HAMIYYE;3;30.01.1956;0;3
ASRETTIN;3;7.10.1969;3;0
HUSNUPERI;3;1.08.1966;0;3
PADISAH;3;12.09.1977;3;0
NUSICAN;3;20.09.1982;0;3
GULAYIN;3;1.07.1968;0;3
AMARETTIN;3;6.10.1966;3;0
YETIN;3;3.07.1967;3;0
ABDULAFI;3;8.07.1963;3;0
HESAMETTIN;3;3.03.1960;3;0
KADRINAZ;3;27.03.1963;0;3
MEHFIZE;3;6.01.1966;0;3
M.NESIH;3;9.11.1965;3;0
TATER;3;6.09.1956;3;0
VASFEDIN;3;4.06.1973;3;0
VATIHA;3;22.05.1966;0;3
KUMRISAH;3;25.01.1968;0;3
KESBER;3;20.02.1976;2;1
BERKISA;3;23.12.1952;0;3
MEBRUME;3;12.09.1955;0;3
SANADIN;3;8.03.1963;3;0
ERTIM;3;4.07.1978;3;0
SUYLER;3;28.01.1950;0;3
HENIM;3;29.12.1966;0;3
ZABIDIN;3;5.09.1963;3;0
CICEKNAZ;3;9.05.1968;0;3
SEHET;3;18.01.1972;1;2
RUSKAL;3;29.01.1967;0;3
CEMEDE;3;20.10.1954;0;3
HACRETE;3;2.10.1970;0;3
ORFIDE;3;5.06.1981;0;3
NAHSIN;3;5.10.1978;3;0
PURUSHAN;3;2.01.1957;0;3
DIRBO;3;12.07.1951;3;0
KIYEFET;3;24.07.1967;0;3
KEREMET;3;16.03.1984;1;2
SAKIM;3;5.12.1969;2;1
NISLIME;3;13.08.1980;0;3
MENFIYYE;3;8.04.1961;0;3
TEYIBETE;3;9.10.1971;0;3
ZEHAT;3;4.02.1969;3;0
SIMENPERI;3;16.12.1956;0;3
YAZIM;3;21.01.1978;2;1
BEYBI;3;28.01.1951;0;3
NUFSICAN;3;28.02.1976;0;3
RECHAN;3;17.09.1983;0;3
TUMRIZ;3;19.03.1946;0;3
KUTO;3;15.12.1943;3;0
MEHVER;3;23.12.1966;0;3
SUBHAT;3;15.01.1962;1;2
SURUYET;3;29.09.1963;0;3
NURUSAH;3;13.06.1960;1;2
MORIVAN;3;20.06.1971;0;3
SEDIM;3;2.11.1969;3;0
IZDIN;3;11.09.1950;3;0
HUSNO;3;23.05.1959;0;3
DENYA;3;28.01.1974;0;3
HAZRETE;3;6.02.1954;0;3
ABDULGANIM;3;26.07.1971;3;0
RAFYE;3;9.06.1981;0;3
SERHINAZ;3;26.07.1958;0;3
SIYADDIN;3;29.08.1967;3;0
AGITHAN;3;13.05.1948;2;1
MUFEYIR;3;12.06.1985;3;0
AFIYEDDIN;3;17.09.1970;3;0
TEVZIDE;3;12.06.1979;0;3
ECDET;3;26.12.1970;3;0
ZILBIYE;3;4.10.1965;0;3
KUTKI;3;8.09.1944;0;3
MEMEDI;3;5.06.1960;3;0
YADIYE;3;18.11.1963;0;3
POTO;3;15.08.1937;2;1
HESKI;3;23.06.1969;3;0
SEYHEMIR;3;11.12.1974;3;0
SUPHADDIN;3;13.04.1970;3;0
EZVET;3;9.02.1965;3;0
SEVNA;3;16.08.1972;0;3
KULO;3;24.12.1931;2;1
ZENELABIDIN;3;4.02.1965;3;0
BEBI;3;1.10.1956;1;2
MEZBUTE;3;14.08.1966;0;3
MUTAMET;3;14.08.1977;3;0
HACIRAN;3;5.04.1964;0;3
HERHAT;3;27.12.1978;3;0
FERMEZ;3;3.07.1962;3;0
HALEBI;3;26.09.1976;3;0
KOLTI;3;3.12.1927;0;3
ASASETTIN;3;19.05.1975;3;0
VEIBE;3;13.01.1965;0;3
SEMALETTIN;3;15.08.1966;3;0
MABUS;3;26.12.1957;2;1
SEKBAN;3;30.08.1969;1;2
TURYEN;3;2.08.1974;1;2
FERINAS;3;11.11.1963;0;3
SASIN;3;24.05.1959;2;1
YESREP;3;16.04.1968;3;0
MAHIVER;3;28.09.1964;0;3
SECRETTIN;3;19.08.1971;3;0
ASUME;3;16.11.1966;0;3
SURAYET;3;18.02.1975;0;3
DIDARI;3;26.08.1952;1;2
TILO;3;18.10.1933;3;0
HARFIYET;3;30.04.1982;0;3
HUDEDAN;3;8.02.1960;3;0
NAIFI;3;20.01.1972;2;1
ERTIF;3;1.04.1970;3;0
GEM;3;11.10.1968;0;3
TULGAHAN;3;6.12.1975;3;0
ZIREVAN;3;5.02.1988;3;0
REFETULLAH;3;25.10.1964;3;0
MEDRIKE;3;1.09.1970;0;3
SENYE;3;21.04.1973;0;3
SABITHAN;3;22.01.1980;3;0
ZIYABETTIN;3;5.01.1962;3;0
AISAN;3;12.06.1931;0;3
MUBAYET;3;30.03.1966;0;3
VELYEDIN;3;13.01.1965;3;0
BERZET;3;16.02.1977;3;0
EDLI;3;15.03.1936;0;3
ZAVAL;3;10.08.1963;2;1
M.RAIF;3;20.06.1962;3;0
GOLSUN;3;12.03.1975;0;3
NILAYDA;3;30.10.1989;0;3
ISALE;3;13.10.1965;0;3
GULBINNAZ;3;20.07.1974;0;3
SERDUMAN;3;8.06.1966;0;3
BESINAZ;3;2.11.1958;0;3
HUKGEC;3;18.04.1932;3;0
BEYHUSER;3;15.05.1933;0;3
UPER;3;20.05.1979;0;3
FEHNEZAR;3;5.04.1949;0;3
NARUZ;3;22.12.1977;0;3
ISVAN;3;24.08.1978;1;2
GULCANDAN;3;10.06.1977;0;3
UNMIHAN;3;20.07.1963;0;3
MUKDADIR;3;9.06.1972;3;0
MUSKI;3;6.12.1951;1;2
OGULSAN;3;21.11.1984;3;0
MAHIPERI;3;4.07.1954;0;3
CEMINAZ;3;6.09.1961;0;3
MEHMETYASAR;3;25.02.1949;3;0
MUCAHER;3;18.08.1962;2;1
KARALI;3;30.11.1962;2;1
LATIFET;3;4.02.1944;0;3
BAYCA;3;5.02.1984;1;2
RAHIZET;3;22.05.1963;0;3
MUTAIP;3;2.12.1956;3;0
ESAL;3;26.01.1947;0;3
FIKAT;3;25.07.1958;0;3
NURTENI;3;12.04.1965;0;3
GADUN;3;6.01.1964;0;3
CUCAN;3;18.03.1952;0;3
VAHIYET;3;27.11.1977;0;3
NEZAKAR;3;18.09.1957;1;2
ERGINAZ;3;12.10.1970;0;3
CETINEL;3;19.01.1979;3;0
BEKSAT;3;30.04.1979;3;0
GULERSER;3;2.07.1962;0;3
PUNBUL;3;11.09.1960;0;3
MEMU;3;28.04.1944;3;0
BIKES;3;24.10.1970;1;2
ULIFER;3;11.01.1970;0;3
MESTANI;3;15.08.1965;2;1
VIHAN;3;15.10.1980;0;3
CERIYA;3;25.08.1967;0;3
JIVAN;3;26.10.1991;1;2
MERCU;3;4.08.1943;0;3
BERU;3;5.11.1973;0;3
CUVERYA;3;6.04.1973;0;3
DINU;3;22.04.1955;3;0
KIJUL;3;18.02.1958;0;3
ZEMRUDE;3;19.08.1958;0;3
TEKSIME;3;14.10.1966;0;3
HEFSET;3;27.07.1961;0;3
HELIS;3;30.09.1965;0;3
KICIN;3;20.07.1952;0;3
HOSEBI;3;19.07.1978;3;0
SEBETTULLAH;3;15.03.1981;3;0
OMUGULSUN;3;24.02.1978;0;3
BAKLISA;3;22.11.1959;0;3
SIYAHHAN;3;6.10.1979;0;3
SETTI;3;4.04.1964;0;3
HUZEYRA;3;14.12.1954;0;3
HECU;3;24.10.1933;1;2
HAKILA;3;17.02.1973;0;3
KOCERU;3;27.06.1965;3;0
ZEMUDE;3;28.03.1964;0;3
CARIYA;3;29.01.1970;0;3
TECO;3;25.10.1956;3;0
HEBIBEKIR;3;19.02.1944;3;0
FETULLA;3;9.06.1967;3;0
MEKRIMA;3;6.12.1969;0;3
CURMI;3;10.03.1959;0;3
SAHMIR;3;21.08.1965;3;0
VUHAP;3;21.08.1980;3;0
MAGRUM;3;9.12.1975;0;3
FEYRULLAH;3;23.06.1972;3;0
HOSTEVI;3;24.07.1955;3;0
MUM;3;12.08.1949;0;3
HAFLET;3;26.06.1981;0;3
CIMI;3;20.12.1951;1;2
ZUMRIDE;3;26.01.1960;0;3
SEFYAN;3;20.12.1973;2;1
MENIA;3;9.10.1982;0;3
IVA;3;21.06.1966;0;3
ZELIFA;3;26.02.1968;0;3
MERDIYET;3;4.08.1981;0;3
ESIMA;3;18.03.1986;0;3
TAHRIK;3;5.01.1973;3;0
ENIFA;3;11.04.1947;0;3
ZERDELI;3;24.09.1958;0;3
CEYRA;3;12.04.1983;0;3
LEYAN;3;12.09.1971;0;3
PIRBES;3;14.03.1959;0;3
SAR;3;9.02.1976;1;2
BAFRA;3;12.08.1979;0;3
MEMIN;3;26.08.1948;2;1
ONBER;3;19.02.1979;0;3
MAHSEMA;3;14.12.1975;0;3
NAVHOS;3;27.03.1959;3;0
NET;3;15.08.1966;0;3
MEHCEMIN;3;18.06.1971;0;3
BAHITIN;3;8.06.1976;3;0
MOZI;3;17.04.1936;1;2
ABDUAZIZ;3;7.06.1968;3;0
LAV;3;18.04.1956;3;0
ZUBEYCE;3;26.02.1960;0;3
LEZIZA;3;18.08.1984;0;3
ERSALAN;3;9.10.1979;3;0
ENISET;3;16.08.1964;0;3
VEDYA;3;18.02.1977;0;3
HAMYIL;3;8.06.1957;0;3
RUIYET;3;12.02.1950;0;3
TELLICAN;3;12.09.1975;0;3
AKREYI;3;27.03.1959;0;3
AKBIL;3;27.04.1970;2;1
HATAN;3;30.06.1943;0;3
MADIN;3;7.01.1974;3;0
ZULFUNAS;3;25.10.1953;0;3
MIHVAN;3;15.11.1977;3;0
SANPERI;3;10.03.1976;0;3
KEHAR;3;30.01.1955;1;2
ADILEHAN;3;18.04.1961;0;3
RESSU;3;3.10.1933;3;0
FIRAMERZ;3;2.04.1985;3;0
MUZEYRA;3;3.03.1980;0;3
HEVZI;3;6.09.1949;0;3
CANPERI;3;30.11.1982;0;3
CERGIS;3;4.06.1956;3;0
BUHTI;3;12.12.1962;0;3
FEZLA;3;25.07.1967;0;3
KERMEN;3;23.07.1946;0;3
ZULUKA;3;14.02.1957;0;3
SEFERIYYE;3;28.03.1965;0;3
NAZMIYEGUL;3;18.01.1972;0;3
SEFELI;3;19.10.1959;0;3
MURUSAN;3;20.08.1965;0;3
SEREDDIN;3;28.04.1953;3;0
SERIFEI;3;3.12.1946;0;3
ULKUER;3;12.12.1963;1;2
GUNEYYER;3;22.01.1985;0;3
BUNHAN;3;18.08.1973;3;0
GISELE;3;16.06.1944;0;3
MACITTIN;3;24.02.1959;3;0
MAYAN;3;24.04.1968;0;3
MINAN;3;8.09.1955;1;2
IZETDIN;3;16.08.1968;3;0
SIDDIGE;3;28.06.1966;0;3
HUYRIYE;3;6.04.1963;0;3
ERIFA;3;19.07.1979;0;3
GULDENAY;3;16.06.1971;0;3
GULBAHAN;3;10.01.1975;0;3
AYTEZ;3;27.12.1956;0;3
NEZAFE;3;16.10.1977;0;3
DILISAD;3;4.10.1961;0;3
ZILUFER;3;1.08.1943;0;3
NURYOLDAS;3;22.04.1983;0;3
SIFAHIYE;3;17.10.1955;0;3
MUZIKAN;3;10.06.1941;0;3
SAFFETI;3;30.11.1948;0;3
MIHRICEN;3;4.11.1978;0;3
HAFIZENUR;3;14.02.1988;0;3
DEVAL;3;29.06.1957;1;2
PEKINER;3;3.04.1964;3;0
HOSAN;3;5.06.1972;3;0
MUSLAHATDIN;3;18.02.1956;3;0
HACIDURAN;3;27.12.1962;3;0
UKAN;3;9.06.1977;3;0
SEMERE;3;16.05.1961;0;3
NEHRIBE;3;13.05.1978;0;3
SAVDULLAH;3;21.05.1969;3;0
KUYAS;3;23.08.1974;2;1
MAHU;3;10.05.1979;0;3
SEHICAN;3;2.01.1972;0;3
NEMILA;3;1.06.1957;0;3
HATEMIYE;3;5.03.1957;0;3
SAFIGA;3;19.12.1962;0;3
BESNO;3;28.04.1970;0;3
MESIRA;3;19.05.1964;0;3
VELIITTIN;3;3.11.1959;3;0
HUSREVI;3;7.09.1964;3;0
UMMANA;3;24.10.1956;0;3
SAHITDIN;3;11.03.1962;3;0
BEHTAN;3;17.09.1976;1;2
FESLEGEN;3;5.09.1974;0;3
MERCANIYE;3;16.05.1966;0;3
SALAHADTIN;3;22.02.1948;3;0
HAMMANA;3;11.08.1959;0;3
VELIYUDDIN;3;3.02.1963;3;0
CATAL;3;6.11.1946;3;0
DOYGU;3;14.11.1982;1;2
FERNUS;3;24.09.1966;0;3
FERNUSA;3;5.05.1961;0;3
HANIMKADIN;3;2.02.1952;0;3
SEYMAH;3;3.01.1979;0;3
SENLI;3;12.06.1948;0;3
GULDARIYE;3;17.04.1961;0;3
GUZARI;3;5.12.1961;0;3
MUSAHADE;3;16.07.1947;0;3
FERKADIN;3;23.09.1949;0;3
ZULKERNEYIN;3;30.09.1971;3;0
NIYEMET;3;5.06.1974;0;3
CENNETUL;3;30.03.1973;1;2
TERMINE;3;28.05.1952;0;3
ALHAZ;3;11.03.1971;3;0
DAGISDAN;3;29.08.1954;3;0
SUSKUN;3;24.09.1987;2;1
EHTISAN;3;23.04.1941;0;3
REYVE;3;25.02.1953;0;3
TORUNGUL;3;30.12.1972;0;3
KITOS;3;23.02.1958;0;3
CICIKIZ;3;15.07.1961;0;3
SEYGUL;3;2.07.1984;0;3
KAMALEDDIN;3;8.07.1976;3;0
MEMETVELI;3;28.10.1965;3;0
EHTISAM;3;17.12.1947;0;3
HUSU;3;4.03.1943;2;1
OGDEGUL;3;7.06.1972;0;3
TARIKAN;3;1.07.1983;3;0
SILME;3;24.06.1950;0;3
DOGUSEL;3;24.01.1949;0;3
SAHNALI;3;1.02.1943;3;0
SIMINE;3;12.08.1975;0;3
GOYCE;3;17.01.1955;1;2
TURULSAN;3;27.01.1976;3;0
PURUZAT;3;12.06.1955;0;3
SERFIZAR;3;20.03.1958;0;3
EKINCI;3;29.09.1965;3;0
BAFIR;3;20.10.1948;0;3
TIYAR;3;19.09.1952;3;0
HUSNUKEMAL;3;29.12.1968;2;1
GULESEHER;3;19.10.1946;0;3
SAMMET;3;16.01.1948;3;0
ONTAS;3;25.01.1973;3;0
BEZENGUL;3;4.03.1980;0;3
FILTEKIN;3;5.02.1985;3;0
MEFHIBE;3;10.11.1967;0;3
KIZLARHAN;3;11.01.1961;0;3
GULFIRA;3;19.12.1957;0;3
MOHBE;3;21.04.1953;0;3
SUDIYEN;3;4.06.1972;0;3
A.RIZA;3;6.02.1934;3;0
BASIGUL;3;23.09.1962;0;3
MAHBERIN;3;14.10.1982;0;3
CAKALIYE;3;7.07.1957;0;3
ZENURRE;3;8.09.1974;0;3
VEZIHAN;3;13.06.1959;0;3
BIRGULHAN;3;6.12.1983;0;3
MEVSIDE;3;21.01.1972;0;3
ELSAR;3;24.11.1955;3;0
RAZMI;3;28.11.1968;3;0
MELTAM;3;22.03.1976;1;2
ELLER;3;9.08.1960;3;0
FIRGATLI;3;8.01.1958;0;3
PASU;3;29.11.1948;3;0
SEDDIYE;3;27.02.1971;0;3
KULFETTIN;3;9.03.1964;3;0
GOHCEK;3;22.09.1964;0;3
SUDHAN;3;25.04.1958;0;3
NESIVE;3;23.12.1974;0;3
SUSENBE;3;1.07.1948;0;3
BAKUHAN;3;9.09.1988;3;0
RAZYAN;3;29.07.1967;0;3
SEVKIHAN;3;16.08.1983;3;0
SUDUYA;3;29.12.1960;0;3
BURUKAN;3;18.02.1987;3;0
SEDAYIM;3;23.05.1953;3;0
CAIZ;3;2.09.1957;3;0
YESIMIN;3;18.11.1975;0;3
KAMUS;3;29.10.1941;2;1
NASTE;3;27.10.1939;0;3
NURYEM;3;21.05.1977;0;3
MURTUZALI;3;29.06.1944;3;0
CANERHAN;3;19.03.1976;3;0
BAGINET;3;20.07.1950;0;3
ALALETTIN;3;26.09.1967;3;0
FERAZ;3;28.01.1966;1;2
DILEPRUZ;3;1.04.1953;0;3
SUBAYKAN;3;4.05.1968;3;0
GURTUZ;3;1.06.1955;1;2
LEVAY;3;14.09.1979;0;3
HIMEYRA;3;5.08.1963;0;3
HALLE;3;29.11.1936;0;3
LUPER;3;28.06.1956;0;3
MUKELSUM;3;22.11.1977;0;3
MUHAY;3;8.12.1938;1;2
HAVABEYIM;3;27.09.1954;0;3
GAMZEHAN;3;17.12.1988;0;3
GULSENAN;3;24.12.1968;0;3
SERGENC;3;11.12.1985;3;0
SOYBEY;3;13.12.1964;2;1
ATAYIL;3;5.01.1969;3;0
ERDAGUL;3;15.09.1970;0;3
TUDAN;3;20.08.1963;0;3
TURABIL;3;14.01.1978;3;0
RUZYEN;3;26.06.1971;0;3
REYIZE;3;13.10.1950;0;3
SIYRAN;3;12.09.1940;0;3
BEDIRNISA;3;26.06.1933;0;3
SELIFER;3;22.11.1974;0;3
SEVGULAN;3;25.02.1972;3;0
SAMAGA;3;5.04.1932;0;3
MINADYA;3;28.06.1961;0;3
ABIB;3;22.01.1974;3;0
BALLO;3;21.01.1956;3;0
ALLEDDIN;3;9.12.1971;3;0
MUHRU;3;29.10.1958;1;2
RUGUYA;3;24.09.1963;0;3
ZILEYHAN;3;1.09.1959;0;3
TOTAN;3;29.06.1946;3;0
KUTVEDIN;3;2.06.1959;3;0
BEHSAN;3;7.10.1959;3;0
FILIZGUL;3;18.11.1971;0;3
LILIK;3;3.08.1961;0;3
HOSYAR;3;9.03.1959;0;3
APOS;3;14.10.1959;1;2
VEZIN;3;27.12.1971;1;2
ULGI;3;19.03.1962;0;3
IRSALET;3;18.11.1963;0;3
NAZAMEDDIN;3;11.10.1951;3;0
KARAMERCAN;3;24.05.1967;0;3
MERAT;3;14.11.1957;1;2
HADIGA;3;25.03.1954;0;3
GUVENT;3;5.01.1975;3;0
FARIGE;3;12.05.1945;0;3
GONLU;3;13.05.1961;0;3
MERMIN;3;13.04.1971;0;3
YUSGEL;3;10.06.1966;2;1
MIRHUSEYIN;3;28.05.1974;3;0
GULBASI;3;4.12.1951;0;3
FAHRIYET;3;17.11.1967;0;3
SEBBIH;3;22.02.1968;3;0
DIDAL;3;6.03.1971;3;0
LISALET;3;15.05.1949;0;3
MERDIZ;3;1.04.1951;3;0
PAYTUN;3;11.08.1952;1;2
MUHTESINE;3;12.11.1946;0;3
ISPIHAN;3;10.04.1964;0;3
KIDO;3;8.05.1949;1;2
SECIBE;3;12.01.1961;0;3
SENISE;3;3.06.1968;0;3
EMENTURK;3;16.03.1976;3;0
ILFETIN;3;3.07.1954;3;0
SEHNUVER;3;25.11.1961;0;3
FEHMIHAN;3;28.12.1969;2;1
FAIZET;3;10.11.1956;0;3
MILEZ;3;30.09.1953;3;0
TANYE;3;3.03.1953;0;3
NACETIN;3;30.12.1962;3;0
SANZIME;3;6.09.1976;0;3
MESMILE;3;1.09.1961;0;3
OZTOK;3;26.12.1956;3;0
MAHFILE;3;12.08.1941;0;3
MULKIHAN;3;16.06.1950;0;3
SAHZEMIN;3;28.05.1984;1;2
SAHMEZAT;3;14.01.1940;0;3
MAMIH;3;23.06.1942;0;3
DILEPURUZ;3;3.10.1935;0;3
MAZZES;3;6.10.1967;0;3
HACINEBI;3;20.02.1936;3;0
MIYA;3;26.08.1967;0;3
LEZAKET;3;12.12.1957;0;3
SELABIYE;3;9.01.1982;0;3
SIDIT;3;22.08.1966;3;0
NEZIYHE;3;12.11.1964;0;3
CANIL;3;3.01.1976;2;1
HOKUMA;3;24.12.1956;0;3
GULGUR;3;3.01.1947;0;3
MENZIYE;3;19.04.1974;0;3
MUTESSIR;3;5.11.1972;1;2
ABDULBERAT;3;21.06.1961;3;0
TEKLIFET;3;27.06.1967;0;3
MUHERIYE;3;30.04.1967;0;3
NAZELLI;3;4.08.1967;0;3
RAY;3;15.12.1965;3;0
MIDAYHA;3;17.01.1966;0;3
KALANFIR;3;17.09.1956;0;3
GEVHERSAH;3;26.01.1954;0;3
ERBAYI;3;28.09.1971;3;0
FARKIYA;3;29.02.1956;0;3
GULBENZER;3;24.06.1963;0;3
SUKAYIP;3;20.10.1963;3;0
OKULU;3;25.07.1953;0;3
KUSET;3;11.07.1963;2;1
ZOHER;3;9.01.1967;0;3
MEBAHAT;3;14.10.1946;0;3
MEMSURIYE;3;24.11.1951;0;3
CANATA;3;24.06.1988;3;0
NEZAHAL;3;27.05.1960;0;3
NAMEN;3;30.11.1953;0;3
PUSEYNE;3;27.12.1958;0;3
NUTGU;3;20.12.1952;3;0
RUGHAN;3;8.07.1974;0;3
MENNET;3;5.09.1940;0;3
NECMURE;3;3.05.1970;0;3
HONGER;3;1.04.1955;0;3
BEHIYEGUL;3;30.04.1983;0;3
NEFARETTIN;3;19.05.1961;2;1
FIYRE;3;24.07.1953;0;3
MEHRIBAR;3;10.07.1970;0;3
SERDAYI;3;14.02.1981;3;0
MUSDEBA;3;11.01.1972;3;0
OMERGAZI;3;3.11.1980;3;0
FETAHI;3;14.02.1944;1;2
IMILI;3;2.01.1948;0;3
EFDALIYE;3;21.03.1963;0;3
GUMSER;3;19.04.1966;1;2
ATIKER;3;29.08.1962;1;2
ZABIA;3;2.07.1955;0;3
GULDALE;3;3.12.1946;0;3
GULEMZIYE;3;28.11.1954;0;3
RAVET;3;1.09.1954;2;1
SERCAHIL;3;4.05.1961;3;0
VAAP;3;23.01.1957;3;0
ELFAT;3;10.03.1960;1;2
M.HUSNU;3;30.03.1942;3;0
ELTAN;3;22.12.1961;2;1
MUNFERIYE;3;24.01.1945;0;3
CEVRULLAH;3;14.05.1955;3;0
ZEHMURE;3;3.01.1957;0;3
ZULKEYFLI;3;15.09.1965;3;0
IFALETTIN;3;30.06.1956;3;0
SELBIL;3;20.01.1955;0;3
MUSTESAR;3;2.11.1942;3;0
TURNALI;3;10.02.1962;0;3
CEFAYET;3;22.07.1961;1;2
FATMABETUL;3;9.08.1984;0;3
SIHNUR;3;7.07.1975;1;2
NESADE;3;9.09.1962;0;3
DOMUR;3;8.12.1972;0;3
ELBIYAN;3;19.03.1974;0;3
TEKIME;3;25.01.1955;0;3
GOKGUL;3;5.01.1962;0;3
VEFIRE;3;16.8.1317;0;3
CAYGULU;3;8.06.1962;0;3
ASAGUL;3;15.06.1939;0;3
BERGAM;3;30.08.1966;0;3
NECIPHAN;3;22.01.1981;3;0
ZEYGIR;3;28.08.1953;0;3
VOLKANHAN;3;18.07.1984;3;0
MUZET;3;3.06.1954;1;2
NUNUBE;3;17.12.1974;0;3
BEYDILI;3;10.03.1951;3;0
ATESER;3;24.03.1974;3;0
GOKBULUT;3;8.08.1962;3;0
DUNUS;3;7.02.1935;0;3
TURHAY;3;1.02.1969;3;0
MUHLIYE;3;24.11.1962;0;3
ARABALI;3;28.05.1942;3;0
GULERSE;3;13.05.1966;0;3
MESELE;3;17.07.1960;0;3
BEHZE;3;21.07.1954;0;3
ULCEN;3;4.05.1966;0;3
NAMIE;3;3.02.1959;0;3
TAHLA;3;5.06.1977;1;2
ERDOHAN;3;3.02.1956;3;0
MUSTAKIN;3;24.06.1974;3;0
NEHIP;3;8.06.1976;3;0
FAIDIN;3;25.10.1957;3;0
SEHNEZ;3;6.06.1963;0;3
TAGCAN;3;23.06.1988;3;0
MURDE;3;14.01.1974;0;3
MAFIRAZ;3;7.09.1957;0;3
MURVETIN;3;19.12.1953;3;0
OYSU;3;15.03.1957;0;3
NEDIE;3;17.10.1977;0;3
CUMATIN;3;10.02.1961;3;0
NUVUT;3;12.12.1964;0;3
MADDER;3;5.03.1953;0;3
ISMETIN;3;12.08.1944;2;1
YILDIZIYE;3;20.11.1948;0;3
UNHAL;3;10.05.1954;3;0
SECMIYE;3;26.03.1946;0;3
BIRIBAN;3;25.02.1976;0;3
ESERIYE;3;1.03.1956;0;3
NEZRI;3;11.04.1961;3;0
URDIYE;3;9.05.1948;0;3
RASEMA;3;3.05.1950;0;3
ZALIFA;3;19.03.1966;0;3
MUSAMER;3;20.10.1955;1;2
SINASE;3;3.10.1939;0;3
EMIREN;3;16.05.1971;0;3
AKFIL;3;28.02.1973;0;3
PINHAS;3;2.05.1935;3;0
FEYZAH;3;30.03.1973;0;3
BELIHAN;3;2.07.1958;0;3
MUKIT;3;16.10.1974;3;0
NETICAN;3;19.10.1974;1;2
BILIMAN;3;18.12.1958;3;0
SABIYAN;3;8.05.1962;0;3
SEYITGAN;3;26.09.1968;3;0
AYALP;3;21.01.1968;1;2
MASIDIYE;3;23.01.1978;0;3
FERHADDIN;3;2.03.1971;3;0
SEVKINA;3;21.07.1943;0;3
GUYSUM;3;17.04.1961;0;3
USNU;3;2.11.1963;3;0
SEMAYETTIN;3;26.07.1966;3;0
MUNIHE;3;8.05.1964;0;3
EHADIYE;3;16.04.1936;0;3
NEBAHTIN;3;29.01.1962;3;0
AYFERIN;3;12.07.1968;0;3
BELINAY;3;11.09.1986;0;3
MEYSERA;3;21.09.1984;0;3
ZABUR;3;12.03.1977;3;0
SIHMIZ;3;11.03.1970;3;0
GULHERGUN;3;15.11.1958;0;3
MINESEN;3;15.04.1961;0;3
AMANIYE;3;1.12.1964;0;3
TULHAY;3;14.11.1964;1;2
CEZMIGUL;3;8.10.1958;0;3
ERSIYE;3;15.11.1957;0;3
MUBIYNE;3;19.07.1962;0;3
RUHISE;3;1.04.1948;0;3
BEIZE;3;21.06.1959;0;3
NURIFA;3;17.11.1953;0;3
HEDIE;3;27.02.1983;0;3
YURDANGUL;3;14.03.1966;0;3
NURCANIYE;3;28.08.1965;0;3
FACIDE;3;19.05.1976;0;3
FERDANES;3;12.10.1956;0;3
FEHIMI;3;25.08.1949;3;0
MURTALIP;3;21.02.1963;3;0
BAYTER;3;30.12.1949;0;3
MUFTUYE;3;1.06.1963;0;3
EDIBIYE;3;19.05.1952;0;3
RUKKE;3;19.02.1956;0;3
UNSOY;3;25.11.1981;3;0
GULBIA;3;17.07.1954;0;3
GUNERDIN;3;11.08.1965;3;0
CIMEL;3;10.05.1964;1;2
MURFEN;3;7.01.1951;0;3
MUFECCEL;3;18.02.1953;0;3
LEHAN;3;19.11.1962;0;3
SADVER;3;27.10.1954;0;3
RESDAN;3;11.02.1948;1;2
AYRULLAH;3;22.05.1960;3;0
NERMIE;3;2.03.1978;0;3
ZILAH;3;21.11.1956;0;3
ZULFIKRI;3;9.02.1963;3;0
MUBEDDIL;3;27.05.1967;0;3
SEMATIN;3;23.07.1958;3;0
BAHTILIMAN;3;22.10.1950;3;0
ILAFET;3;26.06.1941;0;3
RUSBIYE;3;26.08.1945;0;3
BILISIN;3;18.03.1961;1;2
SEBBIYE;3;3.10.1955;0;3
MEVZUDE;3;12.05.1943;0;3
VADETIN;3;5.12.1963;3;0
GULSAFE;3;5.05.1945;0;3
MEYAM;3;14.02.1953;0;3
BAHTISA;3;5.08.1950;0;3
SAHIZDE;3;3.05.1947;0;3
MANJOLA;3;23.12.1978;0;3
EBAZIYE;3;20.04.1961;0;3
NEVINC;3;10.01.1957;0;3
MUSHIDE;3;10.08.1949;0;3
ABDURSELIM;3;20.01.1960;3;0
UMMICE;3;19.10.1959;0;3
FERANUR;3;10.06.1968;1;2
MINTOS;3;8.06.1950;0;3
ASIJE;3;14.01.1960;0;3
NEVZEL;3;20.02.1952;0;3
GULAFERET;3;29.07.1961;0;3
IBRAIL;3;8.03.1971;3;0
FATEM;3;21.12.1964;1;2
IMEY;3;1.8.1290;0;3
TUMGUL;3;16.06.1978;0;3
CEBECI;3;21.03.1983;3;0
ZEROS;3;9.12.1961;0;3
UMSEN;3;17.12.1957;0;3
CEVRIK;3;14.11.1304;0;3
NAMIHA;3;29.11.1951;0;3
SAHASDE;3;12.07.1969;0;3
SAYIFA;3;4.12.1962;0;3
BULFER;3;23.01.1975;0;3
MEHMEK;3;20.08.1980;3;0
REMZIN;3;13.06.1979;3;0
MAHSUMI;3;30.09.1972;3;0
REZMI;3;19.01.1972;3;0
VATANDAS;3;26.12.1956;1;2
CEMALP;3;3.09.1971;3;0
MUHAPPET;3;15.07.1961;1;2
GUSSULU;3;13.11.1972;0;3
MEKTUNE;3;27.12.1962;0;3
UGRIYE;3;9.06.1940;0;3
UNBIYE;3;5.07.1935;0;3
ZIDDI;3;11.10.1965;0;3
SALBIYE;3;6.12.1963;0;3
SEHRIBAH;3;3.07.1990;0;3
OZBASAK;3;8.09.1965;0;3
DALLI;3;18.11.1955;1;2
NURDACAN;3;20.08.1965;1;2
DILVAR;3;11.06.1965;0;3
MEHPERUZ;3;13.03.1971;0;3
ALIASGAR;3;5.07.1966;3;0
YAZICI;3;29.2.1953;3;0
GUNKUR;3;7.02.1944;1;2
FALDAN;3;21.08.1972;0;3
HATAMI;3;10.09.1954;3;0
NASUR;3;28.07.1973;3;0
EKMER;3;7.09.1958;0;3
ISMIHANIM;3;30.11.1949;0;3
VATHEY;3;21.12.1963;0;3
BANA;3;14.01.1942;0;3
SURALP;3;26.07.1969;3;0
GUNDESLI;3;7.01.1949;0;3
OZANER;3;28.09.1985;3;0
ALYAZ;3;14.04.1960;2;1
ABUGUNES;3;3.09.1951;0;3
SEYDETTIN;3;18.06.1958;2;1
EYTIBAR;3;5.04.1961;0;3
ZUHRAT;3;3.03.1969;1;2
DILFARUZ;3;3.09.1945;0;3
BABET;3;16.11.1951;0;3
DERGEHAN;3;9.05.1980;0;3
FIKRETCAN;3;30.09.1989;3;0
TADISER;3;13.04.1953;0;3
FERIGAN;3;3.11.1963;0;3
NEFTALI;3;25.11.1967;3;0
FEYYAMI;3;19.10.1965;3;0
YOKSILI;3;27.09.1976;3;0
ABDILLATIF;3;15.12.1957;3;0
ANIZELIHA;3;27.06.1971;0;3
YOLCAY;3;28.06.1979;0;3
ABDULMENNAF;3;27.10.1980;3;0
FEYZANE;3;25.10.1961;0;3
ASUMEN;3;25.06.1963;1;2
NURGIZ;3;4.01.1973;0;3
SELEHADTIN;3;24.02.1956;3;0
ZILHIYE;3;4.01.1958;0;3
MEFDUNE;3;18.05.1955;0;3
KIYIS;3;30.05.1952;3;0
MALIH;3;21.01.1963;3;0
MUFET;3;25.05.1966;0;3
BEDLI;3;1.08.1962;0;3
USKUL;3;29.2.1951;3;0
SEMREHA;3;3.07.1952;0;3
CELAITTIN;3;8.01.1955;3;0
SAFKIYE;3;24.11.1951;0;3
GULAYLA;3;11.05.1955;0;3
CIVERIYE;3;21.12.1968;0;3
TAHLILE;3;27.08.1962;0;3
REP;3;29.12.1972;0;3
ANMET;3;16.06.1983;3;0
KELAMEDDIN;3;27.04.1967;3;0
HUSULET;3;26.03.1953;0;3
SAMETHAN;3;19.11.1978;3;0
EBILKASIM;3;14.04.1960;3;0
MENTUR;3;17.09.1966;1;2
SEHBANI;3;9.01.1967;0;3
GULFIRAY;3;16.07.1969;0;3
SETANAY;3;2.10.1980;0;3
FAHMET;3;7.10.1974;0;3
SIRACUDDIN;3;20.09.1979;3;0
MOJGAN;3;29.01.1966;0;3
BITA;3;7.01.1975;0;3
RAIA;3;4.07.1963;0;3
AYMEL;3;6.02.1975;0;3
FUZULE;3;21.02.1965;0;3
BAHAI;3;10.04.1958;3;0
FIKRIYET;3;28.01.1966;1;2
KARCA;3;22.05.1987;2;1
TUFIDE;3;28.04.1940;0;3
JANETTE;3;27.04.1961;0;3
FIRAZAN;3;3.11.1975;0;3
SABAVET;3;12.08.1947;0;3
PERLE;3;30.05.1962;0;3
FUDAY;3;28.09.1972;1;2
FIRARE;3;4.10.1972;0;3
MUMTAHA;3;14.08.1977;0;3
DONCAY;3;27.05.1977;0;3
MUGAY;3;14.03.1951;0;3
MELEKA;3;16.01.1951;0;3
NIHABI;3;26.07.1956;3;0
DUYKAN;3;4.02.1980;2;1
MARUS;3;22.09.1952;0;3
NERKAN;3;20.11.1976;2;1
RESSA;3;12.04.1964;0;3
GULBIYEN;3;6.04.1965;0;3
TANJAN;3;18.10.1968;2;1
ESMEL;3;28.06.1980;0;3
NADIRETTIN;3;19.06.1966;3;0
TIRAS;3;3.10.1941;3;0
CAGCAN;3;8.04.1985;2;1
AHESTE;3;18.08.1982;0;3
IZAFE;3;27.06.1961;0;3
CABPAR;3;27.10.1965;3;0
OZVIN;3;28.09.1969;0;3
HIDIRCAN;3;12.03.1992;3;0
SAVASIR;3;6.12.1960;3;0
MIROS;3;26.11.1965;1;2
DENYEN;3;18.10.1970;3;0
NURSENI;3;10.09.1964;0;3
NEMIGE;3;24.08.1955;0;3
ASLIHANIM;3;18.11.1958;0;3
CAFERHAN;3;14.08.1964;3;0
NAS;3;16.06.1963;1;2
ZOZANE;3;30.12.1964;0;3
ILKDEM;3;22.08.1978;1;2
TIHAN;3;27.07.1962;2;1
UNZILA;3;1.04.1975;0;3
REZAR;3;19.03.1982;3;0
AYIMHAN;3;22.01.1955;0;3
LEBABE;3;30.08.1951;0;3
RUKHAN;3;15.03.1977;1;2
IYVAZ;3;24.02.1975;3;0
FAHRUNUSA;3;2.02.1967;0;3
ETINE;3;11.03.1965;0;3
SAHREN;3;6.07.1978;0;3
BURTECIN;3;20.09.1951;3;0
GOGECIN;3;29.07.1956;0;3
EKABIRE;3;14.09.1955;0;3
SIVEYKAR;3;8.08.1967;0;3
AKTUNC;3;2.05.1980;3;0
ZAYCAN;3;14.09.1969;0;3
REVASET;3;15.11.1939;0;3
DURGE;3;4.04.1954;0;3
NEMIGA;3;30.06.1958;0;3
ISANUR;3;26.09.1969;1;2
TAYSEL;3;18.04.1974;0;3
FELA;3;30.01.1975;0;3
DUNYAZET;3;13.03.1948;0;3
MENDEM;3;17.07.1969;3;0
ESERAY;3;12.11.1978;0;3
TEKIR;3;3.12.1956;3;0
EMRAG;3;27.05.1976;2;1
BERGAN;3;12.01.1967;2;1
NEVCUHAN;3;6.05.1964;0;3
ENNE;3;22.05.1958;0;3
VESEVDE;3;1.12.1945;0;3
DEFILE;3;28.01.1979;0;3
ABDULMUTALIM;3;16.07.1968;3;0
ABES;3;4.11.1967;3;0
NUFISE;3;11.10.1964;0;3
KIYASETDIN;3;9.03.1976;3;0
GULSURE;3;12.12.1961;0;3
FERDAHA;3;5.07.1977;0;3
LAHIZE;3;10.12.1957;0;3
BEYRUT;3;9.09.1975;2;1
KIZAL;3;14.09.1962;0;3
ERSONMEZ;3;12.03.1970;3;0
M.SAYIT;3;6.04.1974;3;0
AHMETZEKI;3;2.12.1962;3;0
NESLINAZ;3;23.06.1966;0;3
CENGIZTOPEL;3;12.10.1969;3;0
NUSABIYE;3;8.02.1962;0;3
DOYDU;3;22.01.1951;0;3
VERIHAN;3;3.02.1975;0;3
KEVKEF;3;24.06.1945;0;3
SADIP;3;7.12.1968;3;0
BINET;3;29.12.1971;2;1
ABDULFAIK;3;17.04.1951;3;0
SABITCAN;3;16.12.1966;3;0
CUMAZEN;3;14.06.1957;0;3
INANET;3;24.05.1942;2;1
BAYRAMCAN;3;27.09.1979;3;0
SEBADTIN;3;10.08.1957;3;0
INGIN;3;8.08.1971;3;0
ZULBEY;3;23.09.1960;3;0
BETILAY;3;23.02.1973;0;3
BERGU;3;10.06.1969;1;2
GOZER;3;29.10.1952;1;2
HAPBE;3;24.06.1950;0;3
GUCCUK;3;1.05.1946;2;1
SELMAMIS;3;2.08.1968;0;3
HALEFI;3;3.04.1960;3;0
MEZUKE;3;10.07.1965;0;3
ERSEZ;3;28.04.1958;3;0
EFANI;3;26.04.1977;1;2
KAYSIYE;3;4.09.1975;0;3
UNLEN;3;16.04.1969;2;1
AYFEREN;3;16.10.1966;0;3
AVAN;3;10.03.1970;2;1
TANGULER;3;1.09.1970;0;3
DASAR;3;28.03.1963;3;0
IRAHIL;3;18.07.1957;0;3
SEHMAZ;3;2.08.1967;0;3
SIRINDONE;3;7.05.1968;0;3
SEMBIL;3;7.01.1973;1;2
FEHTULLAH;3;12.10.1978;3;0
EMRUMEYYA;3;26.11.1968;3;0
TURKAL;3;26.05.1963;1;2
SEFALE;3;12.04.1966;0;3
KERZIMEN;3;3.02.1956;0;3
SAGBIL;3;10.08.1970;3;0
CESUN;3;21.12.1976;3;0
BUGUR;3;17.12.1961;2;1
MERMAN;3;28.06.1961;0;3
ARIZI;3;21.04.1961;0;3
FESIDA;3;26.11.1983;0;3
SEMRAYIL;3;14.04.1961;0;3
NECASI;3;10.11.1965;3;0
KINDI;3;4.08.1931;0;3
GEZEL;3;12.03.1971;1;2
MAFET;3;11.12.1949;1;2
RAHILIYE;3;8.04.1968;0;3
HABAS;3;25.05.1956;3;0
MARSIDE;3;25.01.1985;0;3
ABIDETULEZHER;3;12.09.1979;0;3
ASYIYE;3;28.06.1975;0;3
KEVZI;3;9.04.1951;0;3
ATMEN;3;2.06.1955;3;0
NILLI;3;27.06.1977;0;3
ASALEDDIN;3;10.03.1970;3;0
KURSET;3;3.12.1977;3;0
MUKREN;3;29.12.1959;3;0
MEHIRCAN;3;21.07.1978;0;3
MUZEYHER;3;4.03.1953;0;3
UMMULLU;3;11.07.1955;0;3
NAZENDI;3;26.02.1959;0;3
JANDARMA;3;23.08.1942;3;0
ROLE;3;22.09.1983;0;3
SELIMETE;3;23.02.1961;0;3
KAYDAR;3;16.09.1956;3;0
FERDAVS;3;25.06.1983;0;3
SAMITE;3;24.04.1969;0;3
SIKRAN;3;20.12.1959;1;2
MUCUZE;3;25.02.1971;0;3
SAFKAT;3;6.04.1959;0;3
ZATINNUR;3;15.08.1960;1;2
NEMSA;3;25.05.1969;0;3
GAYRETTIN;3;10.07.1976;3;0
HEVVE;3;22.11.1965;0;3
GULASIN;3;10.01.1980;0;3
NADER;3;3.01.1970;3;0
LIZAY;3;4.07.1980;0;3
EZELIN;3;5.04.1959;0;3
ANAZ;3;11.03.1964;0;3
MEZNA;3;23.05.1982;1;2
ROJVER;3;8.05.1984;1;2
LITFIYE;3;8.09.1969;0;3
ABDULKEDIM;3;11.01.1973;3;0
HEDIGAR;3;30.11.1983;2;1
GULLISA;3;1.12.1965;0;3
SELFIN;3;8.04.1955;0;3
GULFENZE;3;11.01.1953;0;3
MAHMUDA;3;28.06.1976;0;3
SABIDDIN;3;12.01.1969;3;0
TURSAT;3;18.01.1978;2;1
GUMUSEN;3;28.08.1965;0;3
KADRIYEGUL;3;22.10.1981;0;3
NACIYEGUL;3;14.07.1967;0;3
X;3;4.08.1955;1;2
EMIROGLU;3;1.09.1957;3;0
SEHNABAT;3;13.06.1961;0;3
SELHE;3;3.05.1966;0;3
SERIHAT;3;4.01.1975;1;2
MEYE;3;19.10.1965;0;3
GULHENDAN;3;1.03.1958;0;3
ICRAL;3;7.07.1969;0;3
ETILE;3;10.01.1964;0;3
HAKIN;3;13.08.1979;3;0
MERYEMNUR;3;23.11.1990;0;3
FERIFE;3;25.02.1948;0;3
NEFRUZE;3;2.06.1962;0;3
SONGONUL;3;9.01.1962;0;3
SEYHUNE;3;3.12.1958;0;3
ZERIM;3;3.09.1969;0;3
GULHANER;3;1.10.1969;1;2
GUNAT;3;23.04.1953;0;3
UMMUSELAM;3;14.10.1943;0;3
NEKARIYE;3;18.12.1963;0;3
SEVCAT;3;19.08.1967;2;1
URUNCAN;3;12.12.1989;2;1
PERZE;3;27.08.1950;0;3
MUADDE;3;3.12.1944;0;3
FEYYO;3;20.01.1937;2;1
LIBAN;3;12.01.1976;1;2
AKIDA;3;9.03.1968;0;3
ABDURRESUL;3;7.01.1978;3;0
OKMAN;3;28.10.1964;3;0
HEVIHAN;3;14.01.1959;0;3
SAGDIYE;3;30.04.1976;0;3
RABELI;3;16.10.1946;0;3
TEHMINA;3;14.06.1978;0;3
SEFCAN;3;18.05.1972;0;3
NESVIYE;3;26.03.1949;0;3
SOHBETE;3;19.10.1965;0;3
KOSAY;3;16.08.1971;2;1
ZENNET;3;2.09.1968;0;3
ARGENTINA;3;26.03.1956;0;3
SUATE;3;6.11.1956;0;3
HASRETI;3;8.08.1950;1;2
TAMERCAN;3;29.04.1980;3;0
IZZA;3;24.10.1958;0;3
ZELAY;3;16.06.1984;0;3
IZZETTTIN;3;21.01.1986;3;0
NURIYETE;3;16.01.1980;0;3
VABIYE;3;20.03.1962;0;3
ABDULRIZZAK;3;17.08.1978;3;0
VEZIA;3;15.04.1949;0;3
ERBULUT;3;15.08.1968;3;0
EMELIYE;3;12.08.1941;0;3
HEDEFIYE;3;15.02.1964;0;3
IFKAT;3;22.10.1965;0;3
RUCI;3;8.04.1950;1;2
ULVICAN;3;11.08.1965;3;0
GULBERRIN;3;20.09.1968;0;3
TACIDER;3;24.01.1963;0;3
TAYYIPHAN;3;28.01.1974;1;2
GULKAR;3;9.04.1970;1;2
HUZRA;3;13.06.1965;0;3
NERJIN;3;13.09.1967;0;3
BIDE;3;12.12.1958;0;3
VELILE;3;28.11.1948;0;3
TELIA;3;23.11.1946;0;3
YARGIN;3;21.06.1983;3;0
MUHTERIM;3;20.04.1967;2;1
HIZIRCAN;3;11.08.1979;3;0
SEVKAR;3;4.06.1968;1;2
SUKREL;3;24.04.1950;0;3
SONYEL;3;3.08.1978;0;3
ESERIN;3;16.04.1972;0;3
HAYSIYE;3;25.11.1954;0;3
M.NAIM;3;19.09.1947;3;0
RAZIYEGUL;3;19.05.1975;0;3
KURUS;3;28.08.1960;0;3
ZATE;3;16.02.1960;0;3
SARDAR;3;12.04.1973;2;1
EMELNUR;3;27.02.1988;0;3
JONAS;3;3.08.1982;3;0
SEBBAY;3;24.11.1957;0;3
SAMINAZ;3;8.11.1955;0;3
TAYYIRE;3;25.11.1946;0;3
NEHRU;3;21.03.1964;3;0
MUNFIDE;3;21.04.1962;0;3
FIZULI;3;28.05.1972;3;0
IPTISEN;3;21.09.1963;0;3
YALINAY;3;28.05.1986;1;2
SADADDIN;3;10.10.1959;3;0
MUNTEZE;3;22.02.1974;0;3
GASIAT;3;6.02.1986;0;3
PERSUDE;3;5.04.1967;0;3
BEYIHE;3;14.08.1946;0;3
RAGDIYE;3;9.11.1963;0;3
ZENEL;3;14.08.1963;2;1
MESIA;3;20.03.1971;0;3
ABRIZE;3;2.06.1962;0;3
MUJDIN;3;20.09.1972;3;0
UMRENE;3;18.12.1967;0;3
FEYAL;3;15.04.1965;0;3
MERSAH;3;18.03.1963;1;2
TOFIDE;3;4.07.1961;0;3
TUHFIYE;3;16.02.1960;0;3
NESILAY;3;27.01.1979;0;3
REMISE;3;24.05.1950;0;3
HUN;3;6.09.1962;3;0
ALDEN;3;4.06.1972;1;2
TUGCER;3;3.03.1984;2;1
SEYIRAN;3;26.12.1968;0;3
ILAETTIN;3;28.05.1966;3;0
ENUSTUN;3;28.09.1957;3;0
NURILHEDE;3;18.09.1972;0;3
ERGINE;3;13.10.1970;1;2
NIMETTULAH;3;20.10.1971;3;0
BEDAY;3;21.12.1947;2;1
SEYDICAN;3;28.11.1968;1;2
CISMI;3;27.02.1956;0;3
SEVKIDDIN;3;3.08.1963;3;0
ISLEV;3;30.2.1978;0;3
RABIYETUL;3;30.06.1975;0;3
ZENCIHA;3;8.09.1953;0;3
YELCAN;3;26.08.1976;1;2
OLGUL;3;18.12.1968;0;3
BENEFIS;3;25.11.1956;0;3
OZMUT;3;22.08.1970;3;0
HIMAYEN;3;23.10.1960;0;3
NURISIMA;3;27.02.1945;0;3
HUDBEDDIN;3;18.12.1971;3;0
LAYLI;3;15.04.1955;0;3
HAMIDEHAN;3;10.01.1966;0;3
ALPTUNGA;3;9.03.1987;3;0
ASHABI;3;27.04.1936;3;0
HASBET;3;25.04.1946;2;1
ORBEN;3;20.12.1985;3;0
REMZIY;3;27.02.1988;0;3
AMHET;3;4.09.1989;3;0
HUSREN;3;16.10.1957;1;2
BEIDA;3;20.04.1980;0;3
ALIIRZA;3;10.10.1971;3;0
GULUTER;3;22.04.1955;0;3
BALGIYA;3;26.02.1972;1;2
MUSKUNAR;3;14.03.1953;0;3
ACERIYE;3;9.02.1956;0;3
FETNAT;3;14.10.1947;0;3
GULBARIS;3;14.06.1971;0;3
SULEYI;3;14.11.1943;2;1
AZNI;3;19.05.1972;0;3
UMMAHANE;3;1.01.1950;0;3
MAHBUZ;3;24.08.1961;2;1
SAGKAL;3;22.04.1957;3;0
MEHMETTAHA;3;28.07.1975;3;0
ABDULLAHCAN;3;1.04.1970;3;0
TUMERHAN;3;2.11.1987;3;0
TERZIME;3;3.09.1967;0;3
MUSAFIL;3;22.03.1985;3;0
VARGUN;3;4.08.1969;3;0
DOGHAN;3;3.05.1985;3;0
DEVRIME;3;21.07.1981;0;3
SAYIMET;3;10.02.1971;0;3
TUREYYE;3;15.01.1978;1;2
INDAL;3;8.10.1974;2;1
ZURAY;3;4.01.1971;1;2
ORFE;3;30.12.1981;0;3
COSKUNCAN;3;15.04.1981;3;0
TUFAT;3;14.04.1955;3;0
FEYYIZ;3;29.06.1965;3;0
SINGE;3;28.10.1987;0;3
SEMIHET;3;29.07.1966;0;3
SIAA;3;29.07.1968;0;3
DARE;3;17.06.1943;1;2
CERBI;3;16.02.1980;3;0
HORICAN;3;26.04.1968;0;3
YAMLIHA;3;12.08.1969;3;0
OZMAL;3;6.01.1967;2;1
TELA;3;12.10.1962;2;1
AYSOY;3;17.05.1955;0;3
NASIFER;3;2.07.1958;0;3
MISIRLI;3;5.12.1962;2;1
GUZIFE;3;26.03.1966;0;3
NUHEYLA;3;25.07.1944;0;3
KERMA;3;22.01.1963;1;2
CUMASER;3;22.12.1964;0;3
SIHABETTIN;3;30.08.1949;3;0
ERICAN;3;1.08.1964;1;2
SAYIET;3;17.09.1977;0;3
MUZI;3;5.09.1947;1;2
GAZVA;3;30.08.1951;0;3
SUGUL;3;30.06.1973;0;3
HAVARZEMIN;3;11.11.1953;0;3
SAMAVI;3;30.04.1965;2;1
UNYE;3;30.06.1976;0;3
ZILFIANA;3;6.10.1974;0;3
NADAR;3;10.01.1953;2;1
GULUMSEVER;3;24.11.1971;0;3
LEVZET;3;16.01.1956;2;1
KAHILE;3;11.12.1973;0;3
DILSAR;3;30.11.1965;0;3
ERGU;3;27.09.1966;3;0
GAYASETTIN;3;2.01.1966;3;0
BAYKAM;3;15.10.1961;3;0
SELALI;3;10.06.1973;1;2
SIILE;3;20.03.1969;0;3
TESIME;3;30.10.1973;0;3
GULLUISTAN;3;15.12.1963;0;3
FATIZ;3;13.02.1959;0;3
TUHFETTULLAH;3;22.06.1963;0;3
BEZAZ;3;17.05.1951;1;2
SAHINEVAT;3;27.08.1967;0;3
KAHA;3;25.09.1971;3;0
DURIYEN;3;1.09.1963;0;3
BERHIM;3;9.06.1978;2;1
FEYAZAN;3;4.09.1960;0;3
MEYYADE;3;8.02.1979;0;3
MUHHAMET;3;6.03.1976;3;0
SURMELICAN;3;5.08.1965;2;1
UBEYIR;3;11.12.1987;3;0
NADIRIYA;3;12.02.1975;0;3
PAKER;3;5.12.1976;3;0
PERIZET;3;27.01.1962;0;3
LEMLIHA;3;6.12.1971;1;2
MEFHARE;3;27.08.1957;0;3
DIGER;3;30.03.1953;0;3
MEKSANNA;3;8.06.1960;3;0
TAKSIRE;3;15.05.1958;0;3
ALEFE;3;12.02.1960;0;3
KESSEF;3;8.10.1963;3;0
SAHZA;3;13.08.1949;0;3
KONER;3;1.01.1984;2;1
ZERAF;3;30.03.1955;1;2
LIHIZA;3;22.07.1949;0;3
ERGENOKON;3;17.03.1988;3;0
SELCUKI;3;5.02.1955;3;0
KORDELA;3;12.10.1969;0;3
SUVADA;3;23.02.1965;0;3
BESLIYE;3;27.02.1984;0;3
MENFIZE;3;18.07.1949;0;3
YAZIBE;3;14.04.1972;0;3
TAYKUT;3;5.04.1972;3;0
MEHRECAN;3;8.08.1976;0;3
YADER;3;24.07.1986;3;0
LUNE;3;6.07.1976;0;3
SERMIS;3;26.09.1950;1;2
APTULCEMAL;3;7.04.1962;3;0
MECICE;3;7.12.1974;0;3
ZUBA;3;16.02.1939;1;2
AGCUN;3;10.10.1938;0;3
MURSUME;3;22.02.1967;0;3
HASUBE;3;24.02.1963;0;3
FADIMETULZEHRA;3;4.10.1983;0;3
APDUSSEMAT;3;15.08.1960;3;0
MAHMUZ;3;5.07.1969;3;0
SIFAA;3;22.01.1969;0;3
SAGRIYE;3;9.11.1959;0;3
GEZIDE;3;21.12.1950;0;3
MILIC;3;25.05.1971;3;0
TENAL;3;18.08.1960;1;2
MAKBULEGUL;3;6.12.1975;0;3
NEHTIYE;3;4.02.1981;0;3
BAHCIYE;3;24.08.1962;0;3
MUREFFEH;3;6.07.1963;0;3
TUANNA;3;10.07.1987;0;3
FERANUS;3;18.04.1954;3;0
TOHIDE;3;27.04.1962;0;3
KAMERETTIN;3;27.05.1955;3;0
UMITAY;3;29.05.1975;2;1
NILHUN;3;26.04.1985;0;3
MUBEREK;3;20.08.1965;2;1
RECAIP;3;30.11.1971;2;1
MIZHAR;3;27.07.1968;3;0
NEFIME;3;6.02.1946;0;3
TULEK;3;15.07.1971;0;3
SILDA;3;13.10.1976;0;3
LOBA;3;24.10.1969;0;3
KEVRI;3;25.03.1932;0;3
AYNAMAZ;3;26.12.1983;0;3
SIHSINAN;3;28.05.1965;3;0
NECISE;3;3.07.1956;0;3
IMMHAN;3;5.07.1960;0;3
HAZMIK;3;21.09.1943;0;3
BEHZER;3;11.07.1952;0;3
HEBIZE;3;22.12.1973;0;3
MUSAFA;3;21.09.1946;1;2
DUNYAZEL;3;3.11.1952;0;3
MAHIDEVRAN;3;19.11.1948;0;3
SARCAN;3;19.05.1973;2;1
SIYAL;3;7.09.1966;0;3
MAHBULLAH;3;1.01.1950;1;2
FIRKINAZ;3;10.03.1962;0;3
HAREMSAH;3;30.10.1978;0;3
MUSAVERE;3;23.02.1953;0;3
ASKUL;3;11.02.1948;0;3
ESMAYE;3;23.05.1959;0;3
KUNCU;3;25.10.1985;0;3
NEIR;3;9.03.1951;0;3
HARUNISA;3;17.10.1957;0;3
SULBE;3;7.06.1953;0;3
HAZNETE;3;27.03.1967;0;3
NAFE;3;30.01.1938;0;3
ABDUSETTAR;3;1.09.1963;3;0
VESIFA;3;28.08.1983;0;3
VEZEY;3;23.11.1958;0;3
EHI;3;23.1.1303;2;1
FATAH;3;24.03.1957;3;0
EDIRHAN;3;25.07.1963;1;2
MUNVER;3;29.04.1958;0;3
NABIE;3;9.08.1967;0;3
MUHAP;3;29.2.1966;3;0
SAYISE;3;17.05.1958;0;3
GUDBETTIN;3;29.04.1957;3;0
GAFURI;3;6.03.1963;1;2
ZIBU;3;2.11.1929;2;1
MUCELLEM;3;14.07.1970;0;3
FIKREZ;3;28.07.1982;0;3
ALISI;3;1.08.1958;1;2
SUZGAN;3;27.11.1959;0;3
BEDIRSAN;3;28.05.1966;1;2
FRUZAN;3;28.03.1968;0;3
HASGIR;3;9.07.1952;3;0
UMMEYE;3;14.01.1989;0;3
ZELNEL;3;2.11.1975;3;0
FERYOL;3;21.08.1973;0;3
GANEY;3;15.12.1934;0;3
KURIS;3;23.09.1957;2;1
DILFIROS;3;16.08.1959;0;3
HAMGIR;3;7.12.1965;2;1
ADIYOKTUR;3;25.10.1960;1;2
CULEYDA;3;4.10.1951;0;3
ASAFATMA;3;25.11.1950;0;3
CERCI;3;15.12.1955;3;0
DEYRA;3;3.05.1981;0;3
ZAYDIN;3;21.01.1961;3;0
SEMEGUL;3;12.02.1962;0;3
MIYASEN;3;30.04.1979;0;3
RUTFIYE;3;23.04.1971;0;3
HOYRAN;3;23.03.1959;3;0
ASIKA;3;16.03.1949;0;3
OBES;3;6.07.1957;0;3
ZARETTIN;3;22.04.1965;3;0
DILSET;3;10.12.1966;0;3
ISMIHATUN;3;3.07.1946;0;3
ZINIY;3;2.05.1957;0;3
ZIMETE;3;12.01.1963;0;3
ERIDE;3;15.05.1970;0;3
ITI;3;11.01.1941;0;3
ZUFIDE;3;30.09.1939;0;3
ENZELIHA;3;1.10.1960;0;3
ALPBUGRA;3;11.01.1991;3;0
SUNURIYE;3;11.12.1960;0;3
.;3;1.09.1955;3;0
SAHDEDDIN;3;24.11.1974;3;0
SIDIKI;3;10.08.1964;3;0
RUNAYI;3;3.01.1975;0;3
FEYZETIN;3;14.06.1980;3;0
EBUSADIK;3;21.10.1982;3;0
ASHAP;3;25.12.1977;3;0
H.RAMAZAN;3;3.02.1958;3;0
MAYIBE;3;30.07.1959;0;3
PIRIZADE;3;22.05.1959;0;3
TECATIN;3;7.03.1964;3;0
BEYNEL;3;24.02.1971;2;1
SELUHA;3;18.03.1964;0;3
MUZZEFER;3;6.02.1972;3;0
HUTTU;3;23.05.1936;2;1
FIRKIZADE;3;17.12.1967;2;1
MUSACIDE;3;30.04.1990;0;3
DEMOKRASI;3;8.01.1952;1;2
HIDRET;3;5.09.1965;1;2
ZEYTUNIYE;3;2.08.1967;0;3
NIYETULLAH;3;7.12.1969;3;0
ZEBIY;3;26.10.1935;0;3
SALAATDIN;3;27.10.1957;3;0
SIDDISAH;3;24.03.1964;0;3
FERIMA;3;9.02.1974;0;3
NURFE;3;4.04.1962;0;3
IYA;3;24.09.1973;0;3
GIYAME;3;30.10.1975;0;3
BEVAR;3;12.12.1974;2;1
SELEHATIN;3;8.03.1970;3;0
MELLA;3;22.11.1947;3;0
DURGUS;3;6.05.1969;0;3
HAVAZ;3;21.06.1981;3;0
MEFHURE;3;7.07.1942;0;3
DILKUT;3;14.12.1969;2;1
AHRAZ;3;26.07.1937;2;1
BARTUHAN;3;24.12.1989;3;0
PEVAT;3;11.06.1957;3;0
MEYSAN;3;14.07.1959;0;3
KECELI;3;6.06.1960;3;0
TALIAT;3;19.12.1964;0;3
KOYER;3;11.11.1973;3;0
YUKSEREN;3;16.01.1954;0;3
BESIMET;3;3.05.1953;0;3
YOLSEL;3;10.02.1966;2;1
ZSUZSANNA;3;17.07.1969;0;3
HINE;3;11.07.1962;0;3
SEVCEHAN;3;8.05.1967;0;3
DUGHAN;3;2.06.1991;2;1
SEZZA;3;26.04.1968;1;2
HAMDIYYE;3;5.12.1961;0;3
BORAK;3;24.06.1986;3;0
ECINE;3;24.09.1980;0;3
FATGULU;3;14.08.1966;0;3
ASELETTIN;3;15.04.1967;3;0
EMDULLAH;3;16.01.1964;2;1
ALISYA;3;28.11.1985;0;3
IONELIA;3;29.05.1973;0;3
ZINEVRIYE;3;7.09.1956;0;3
MURADIM;3;12.11.1974;3;0
MELTEMGUL;3;1.03.1983;0;3
UNAYET;3;4.05.1963;2;1
ULKUSEL;3;23.11.1962;0;3
ASLANBEK;3;10.06.1977;3;0
MUKTADIR;3;18.11.1979;3;0
ABDILVAHIT;3;12.04.1974;3;0
CAGCIL;3;7.07.1983;3;0
TAPI;3;25.08.1959;0;3
MIHTAR;3;15.11.1969;2;1
SITARI;3;3.06.1963;1;2
CELBI;3;26.01.1950;3;0
BAYIT;3;30.08.1964;3;0
MUZULE;3;15.09.1962;0;3
DONSADE;3;4.12.1972;0;3
SHUSHANIK;3;5.04.1966;0;3
OZGUREL;3;17.07.1962;1;2
ERGUNE;3;25.06.1948;0;3
SAHMA;3;16.10.1953;2;1
GOCKAN;3;3.11.1981;2;1
ELFIDIYE;3;6.03.1955;0;3
NUZHER;3;29.01.1937;0;3
SAZEMUS;3;8.01.1958;2;1
EMETLAH;3;21.01.1966;0;3
NADVIYE;3;5.07.1961;0;3
CILASIN;3;29.04.1964;3;0
FELATUN;3;20.11.1953;3;0
INCIKAR;3;2.09.1954;0;3
NURDEL;3;23.05.1975;1;2
GULSUMSER;3;16.12.1967;0;3
IZO;3;30.2.1950;2;1
ARTA;3;11.01.1980;0;3
ZEYNEPANA;3;21.12.1958;0;3
GULGEM;3;6.01.1987;0;3
BRINDUSA;3;26.12.1975;0;3
GANIGMET;3;10.04.1965;0;3
GULLAFER;3;5.12.1962;0;3
FEVZIM;3;13.12.1953;3;0
YASEVI;3;20.01.1975;3;0
DURNAGUL;3;11.11.1977;0;3
MUEYYIDE;3;27.04.1938;0;3
ILKINER;3;15.10.1970;3;0
TURGADIN;3;21.01.1954;0;3
SIFAIYE;3;23.02.1957;0;3
AYISANA;3;5.08.1952;0;3
ENBIL;3;21.07.1968;0;3
BEVLIYE;3;25.06.1964;0;3
HEMIS;3;11.11.1948;0;3
SEFIFE;3;10.04.1966;0;3
DOROTHY;3;7.01.1964;0;3
ZINEVER;3;21.12.1944;1;2
KSENIYA;3;12.07.1976;0;3
SAHIRAZ;3;21.01.1939;0;3
NECIRIYE;3;7.12.1956;0;3
OL''GA;3;5.07.1977;0;3
KUPRIYA;3;17.10.1948;0;3
SEMSAN;3;5.11.1969;0;3
MIDRET;3;4.05.1952;0;3
ARUFE;3;23.12.1960;0;3
SEFIKER;3;15.11.1973;0;3
SAADETIN;3;14.08.1966;3;0
KADIRNUR;3;3.04.1977;0;3
MUZAFEER;3;8.07.1980;3;0
BALKAY;3;7.10.1981;3;0
HATICENA;3;12.10.1950;0;3
SEBBELI;3;3.01.1949;0;3
MEZAGO;3;7.08.1977;0;3
FADETTIN;3;28.08.1965;3;0
TERZILI;3;16.05.1962;0;3
SEVGAY;3;12.11.1977;0;3
DURDAS;3;7.03.1955;1;2
AYSELIM;3;15.07.1961;0;3
EFEKAT;3;2.03.1960;0;3
EMEKTAR;3;12.01.1964;1;2
MURUYEN;3;13.01.1971;1;2
HACEZ;3;6.08.1974;0;3
BOZOK;3;26.07.1974;3;0
NAKSAN;3;11.06.1975;2;1
ZEHRILBEN;3;29.04.1955;0;3
NUZER;3;7.06.1963;0;3
NAMAZIYE;3;30.2.1963;0;3
RUHENGIZ;3;6.09.1976;0;3
YELIZHAN;3;24.05.1981;0;3
NERSEN;3;14.03.1965;0;3
MEBRUHA;3;13.04.1955;0;3
MEVCUDA;3;16.02.1969;0;3
KUZEYLA;3;8.09.1975;0;3
MARGARETHA;3;2.04.1942;0;3
ONSEN;3;6.04.1949;1;2
KUNAY;3;18.03.1958;0;3
SEPKIN;3;18.05.1967;0;3
NICOLETTA;3;19.05.1972;0;3
TELLU;3;26.09.1965;0;3
MEYRAME;3;7.09.1977;0;3
SABORE;3;22.04.1938;0;3
MESIT;3;28.03.1959;2;1
VAKIDE;3;18.04.1974;0;3
ZEVADIN;3;30.10.1947;3;0
PALET;3;22.06.1975;3;0
SEHERNAS;3;23.09.1965;0;3
RABIG;3;27.02.1981;3;0
ILONKA;3;8.11.1948;0;3
DEBBIE;3;4.04.1968;0;3
KARIKIN;3;1.09.1943;3;0
IRINE;3;9.07.1974;0;3
SALINAZ;3;26.01.1968;0;3
NEBIZE;3;14.12.1963;0;3
MINNER;3;14.04.1965;1;2
RUYDE;3;29.05.1956;0;3
BILGIDAY;3;2.09.1987;3;0
FADEM;3;9.01.1980;2;1
YUZZUK;3;2.07.1963;0;3
MUJLAL;3;1.04.1954;0;3
HAMIDEI;3;25.07.1935;0;3
RUHSEVER;3;21.06.1950;0;3
IFDAR;3;2.10.1963;0;3
HICRANGUL;3;10.05.1963;0;3
UTARET;3;6.02.1949;1;2
CAGA;3;21.09.1981;2;1
RUFINA;3;26.06.1966;0;3
SAHABIYE;3;13.08.1971;0;3
UZEMIYE;3;7.03.1955;0;3
HANIFER;3;8.12.1959;0;3
NERDEM;3;27.01.1970;1;2
PEMBUS;3;28.03.1950;0;3
DURDUSEN;3;14.04.1974;0;3
TURKEUN;3;7.07.1977;3;0
OYSUN;3;20.07.1980;0;3
HAVVASEN;3;28.02.1964;0;3
SERREF;3;28.10.1968;2;1
SERCAMI;3;2.08.1965;3;0
SERVATI;3;7.01.1964;3;0
FRANCOIS;3;10.11.1967;3;0
GURTUNA;3;14.05.1974;3;0
JEANETTE;3;9.06.1961;0;3
RAHMANA;3;22.04.1965;0;3
RENC;3;13.09.1986;3;0
KIBAL;3;3.10.1967;0;3
DURRIYYE;3;29.12.1946;0;3
DOGUKAGAN;3;1.06.1990;3;0
URTUNAY;3;8.09.1956;0;3
IMRALI;3;7.08.1964;3;0
IMADATTIN;3;3.11.1967;3;0
TURKGENC;3;19.02.1965;3;0
ZABID;3;9.04.1964;3;0
STANISLAVA;3;7.06.1969;0;3
MUSLIMIYE;3;2.04.1964;0;3
MEYGUL;3;8.08.1959;0;3
NERETTIN;3;6.10.1961;3;0
HALATE;3;8.08.1971;0;3
FIZER;3;21.01.1957;0;3
ZUBEYTE;3;23.05.1961;0;3
MUSTETTIN;3;27.03.1957;3;0
IKAMET;3;13.10.1958;1;2
MASUP;3;1.04.1966;3;0
MUKTED;3;12.07.1974;3;0
CAGSUN;3;4.11.1978;2;1
ILKAYE;3;9.10.1960;0;3
BILGISON;3;2.07.1978;2;1
MERHUBE;3;5.02.1978;0;3
ZUBERYA;3;30.09.1971;0;3
ODMAN;3;3.07.1965;3;0
GULNEHIR;3;21.03.1966;0;3
SENUGUR;3;1.11.1944;0;3
NEYSAN;3;28.06.1971;1;2
LELYA;3;6.03.1972;0;3
OMERRUL;3;2.08.1963;3;0
EDMOND;3;24.01.1955;3;0
KAMERTAP;3;18.05.1980;0;3
AKALIN;3;20.06.1964;3;0
TUGGIN;3;4.11.1979;3;0
BEHVAT;3;1.09.1977;3;0
MIRJANA;3;26.02.1960;0;3
FRANZISKA;3;8.11.1970;0;3
TREVOR;3;23.04.1964;3;0
TAYGAN;3;9.05.1978;3;0
MUGIM;3;21.08.1973;3;0
HICRANI;3;12.11.1960;3;0
PIERRE;3;11.06.1967;3;0
HAKSAN;3;10.07.1969;3;0
ZATINE;3;25.01.1954;0;3
HUMAYLA;3;23.06.1951;0;3
HEZRET;3;25.04.1977;1;2
LENARA;3;23.03.1970;0;3
GULYADI;3;11.12.1959;0;3
ETHIYE;3;7.02.1968;0;3
IMAZ;3;17.07.1953;2;1
AZERI;3;14.06.1969;1;2
MUZUHAN;3;30.11.1958;0;3
OHRAN;3;22.09.1975;3;0
TEREGUL;3;12.03.1967;0;3
M.HAFIZ;3;29.03.1948;3;0
TALIHAT;3;15.06.1962;0;3
MUHLIDE;3;26.07.1981;0;3
KAMILSAH;3;20.12.1972;3;0
KADIBEY;3;15.12.1977;3;0
SEHERBAN;3;16.09.1957;1;2
DURABIYE;3;6.01.1973;0;3
ESHAF;3;22.10.1977;3;0
IREL;3;21.03.1958;0;3
NURAYHAN;3;30.10.1973;1;2
SUBIHE;3;12.06.1945;0;3
ZUVEYBE;3;29.05.1960;0;3
MIHRAM;3;2.03.1953;0;3
HEYVEZ;3;2.06.1965;3;0
ILAHAT;3;5.08.1981;0;3
FERNA;3;22.06.1973;1;2
UMUME;3;3.08.1964;0;3
NEFIYDE;3;20.11.1955;0;3
ANILHAYAT;3;21.04.1946;0;3
MUZEHEN;3;28.12.1957;0;3
ILKANT;3;14.08.1981;3;0
EFLICE;3;22.02.1973;0;3
ALMAN;3;26.04.1971;3;0
DODU;3;20.05.1956;0;3
VEYISALI;3;29.05.1952;3;0
ZEMIR;3;7.01.1976;3;0
GUFIYE;3;28.02.1951;0;3
TUNIYE;3;12.04.1976;0;3
BILTAP;3;30.07.1978;0;3
LESYA;3;9.08.1981;0;3
CIGDEMAL;3;9.04.1981;0;3
ETIKA;3;25.11.1953;0;3
SORAYA;3;6.01.1968;0;3
MADAR;3;17.01.1960;3;0
SUHACAN;3;30.07.1963;3;0
HASENET;3;10.01.1963;1;2
SERIHE;3;30.05.1961;0;3
BIDIHA;3;12.04.1965;0;3
SUFAYLA;3;23.03.1958;0;3
GURLU;3;29.11.1959;0;3
SEDAKA;3;23.10.1976;2;1
GIZLIHAN;3;3.02.1977;1;2
NORIDDIN;3;11.03.1958;3;0
DIDARA;3;24.04.1961;0;3
MUTAR;3;21.12.1948;3;0
USULU;3;10.11.1956;3;0
MEHTEBAR;3;15.01.1941;0;3
FABIENNE;3;21.10.1969;0;3
AZIZEI;3;21.10.1960;0;3
SARVAL;3;17.11.1960;3;0
SETIN;3;15.12.1977;2;1
MERIYEN;3;5.07.1965;0;3
EBIDULLAH;3;25.02.1963;3;0
AZIMINE;3;22.02.1954;0;3
HAFIZEI;3;24.07.1938;0;3
MARGIE;3;13.02.1965;0;3
EMNUR;3;21.08.1963;0;3
SANIYET;3;13.09.1965;0;3
HAYRULNUSA;3;15.12.1960;0;3
AHSUMAN;3;28.08.1966;0;3
TIMKA;3;9.05.1958;0;3
NORHAY;3;17.10.1962;3;0
ESHAR;3;3.07.1953;2;1
VICTOR;3;16.10.1984;3;0
NEFISEI;3;15.08.1931;0;3
FARID;3;29.2.1973;3;0
KALENFIL;3;5.12.1950;0;3
JUSTINE;3;23.09.1968;0;3
HUZEME;3;2.07.1955;0;3
ENDERAY;3;12.01.1972;1;2
DEMREN;3;11.06.1984;2;1
NEHIT;3;16.11.1961;1;2
NANISE;3;3.01.1964;0;3
ANBERIYE;3;21.11.1938;0;3
ROZIYE;3;20.02.1945;0;3
NAZIKDEN;3;18.11.1947;0;3
NUFEN;3;16.07.1967;3;0
SAMANTHA;3;29.07.1972;0;3
MIYARE;3;16.01.1958;0;3
SAMLE;3;20.09.1952;0;3
SESHAN;3;3.01.1974;0;3
GULSUYU;3;1.02.1970;0;3
ROSEMARY;3;9.02.1952;0;3
SANSENEM;3;21.01.1973;0;3
DULGAR;3;7.05.1966;2;1
RIVAZE;3;23.03.1978;0;3
KADIRULLAH;3;7.01.1964;3;0
SOYKAL;3;21.03.1983;3;0
KOVHER;3;30.11.1961;0;3
NURCUN;3;28.09.1976;0;3
MUSEHIR;3;18.11.1969;0;3
MAYIPER;3;5.01.1965;0;3
MEFHIDE;3;26.06.1966;0;3
EBNUR;3;10.09.1968;2;1
INTIHA;3;22.12.1964;0;3
SIGBATULLAH;3;6.07.1983;3;0
NEVDAN;3;15.03.1971;0;3
YEVNI;3;13.05.1969;3;0
BENNAZ;3;3.06.1967;0;3
TAYGA;3;11.07.1988;3;0
LAMISAL;3;19.11.1940;0;3
ZELULE;3;17.03.1967;0;3
GULKEVSER;3;20.10.1975;0;3
HUNEYDA;3;14.08.1978;0;3
GULSEK;3;6.11.1959;0;3
SABAYIN;3;15.08.1966;0;3
NEMISE;3;26.07.1975;0;3
HARETTIN;3;23.03.1956;3;0
ABDULLAHI;3;27.10.1973;3;0
NURHANGUL;3;7.04.1971;0;3
JILAL;3;6.06.1973;0;3
NEDIL;3;24.12.1972;2;1
NIYLIFER;3;11.06.1947;0;3
NEFAYIL;3;10.12.1957;3;0
VEYDE;3;21.06.1958;0;3
KARANFILI;3;24.03.1957;0;3
KABUHAN;3;12.05.1982;0;3
BEYTIHAN;3;3.11.1981;0;3
LAZZAT;3;1.04.1976;0;3
AHUTUBA;3;22.05.1983;0;3
VILHEL;3;29.05.1949;2;1
MINURA;3;12.08.1958;0;3
GULFAYET;3;11.12.1963;0;3
ARVIN;3;7.11.1987;2;1
BURCEK;3;4.01.1981;0;3
KIRIL;3;16.02.1963;3;0
ERTOL;3;26.03.1981;3;0
MZEVINAR;3;24.08.1968;0;3
MIDIRAP;3;9.03.1955;3;0
SATBERK;3;6.04.1940;0;3
NEMZAR;3;16.06.1938;0;3
ZAFFET;3;11.09.1973;3;0
CEMTUG;3;5.11.1991;3;0
NURBUKE;3;14.02.1991;0;3
DRAGICA;3;19.09.1954;0;3
CANGER;3;12.01.1972;2;1
SOYSAN;3;2.01.1971;0;3
HEYRANSA;3;27.05.1945;0;3
SALAITTIN;3;6.11.1958;3;0
PIRVAN;3;25.04.1950;1;2
LISELOTTE;3;27.03.1940;0;3
MAURA;3;3.07.1965;0;3
ENVERPASA;3;3.09.1968;3;0
MEVFARET;3;24.07.1961;0;3
SEZGUR;3;11.12.1958;0;3
REVAL;3;24.11.1973;0;3
ALIBERK;3;5.07.1986;3;0
BORTECENE;3;26.07.1984;2;1
BURAKALP;3;28.01.1981;3;0
MUEDDA;3;24.03.1947;0;3
HOPA;3;25.12.1954;0;3
SEVIMHAN;3;26.04.1977;0;3
NADES;3;28.09.1958;0;3
KIBARGUL;3;23.07.1968;0;3
EMBIS;3;9.07.1932;0;3
NUTIYA;3;7.01.1949;0;3
HABBIS;3;10.03.1953;0;3
YILPAR;3;19.12.1962;3;0
NAZIKEN;3;26.11.1951;0;3
DERYACAN;3;12.02.1982;0;3
FATIMAGUL;3;3.03.1970;0;3
MEDETTIN;3;21.03.1953;3;0
SAZIFE;3;25.07.1973;0;3
MUTEFEKKIRE;3;23.04.1965;0;3
MESAADET;3;17.05.1973;0;3
LIKER;3;22.12.1963;0;3
MUSLETTIN;3;22.11.1957;3;0
HATICELI;3;14.08.1947;0;3
SEVIYAT;3;21.09.1965;0;3
MAHIFIRUZE;3;13.06.1959;0;3
MUNFERIT;3;6.05.1949;3;0
ESVANE;3;14.03.1966;0;3
SELET;3;19.03.1960;3;0
FAGAT;3;22.12.1956;0;3
NEFHARET;3;1.03.1970;0;3
IREHMI;3;8.05.1957;0;3
FIRAN;3;5.08.1955;2;1
NESIT;3;27.09.1968;3;0
NURAKIN;3;13.09.1965;1;2
SEFIKAR;3;22.06.1948;0;3
MAHURA;3;9.08.1960;0;3
SAHKADIN;3;5.07.1941;0;3
NURMIYE;3;13.02.1950;0;3
TAVSIRE;3;12.06.1958;0;3
CENKAN;3;16.09.1982;3;0
GIZEMSU;3;5.11.1982;0;3
ICAN;3;9.11.1957;3;0
FAHRUNNUSA;3;30.06.1960;0;3
FEVZINAZ;3;25.05.1963;0;3
ESMAFER;3;4.01.1963;0;3
GUMRAHI;3;14.05.1951;3;0
ILKTEM;3;29.12.1987;1;2
SERUS;3;27.03.1947;0;3
CEMINA;3;19.09.1974;0;3
ZEKARET;3;20.03.1956;0;3
MECEL;3;15.12.1966;0;3
NURIPER;3;18.08.1955;0;3
TARIHAN;3;30.07.1963;0;3
ANTOANETA;3;14.09.1977;0;3
GULRAH;3;21.11.1968;0;3
IRIZBAN;3;16.11.1942;0;3
GUNHAY;3;21.12.1954;1;2
BAHKIYE;3;1.06.1965;0;3
TURGA;3;26.01.1969;3;0
SAVCAN;3;27.07.1969;0;3
NURIJA;3;18.03.1969;0;3
ABDULHABIR;3;21.02.1974;3;0
NEGI;3;30.07.1958;2;1
BILBIN;3;1.11.1962;0;3
ERZUN;3;18.06.1969;2;1
BIRSUA;3;17.02.1978;0;3
MEHRAL;3;11.05.1970;0;3
ZIMER;3;28.04.1944;2;1
NEZAI;3;1.08.1966;2;1
FERDINC;3;20.03.1972;3;0
CEZMIHAN;3;26.12.1977;3;0
NADEMIN;3;8.04.1962;2;1
SEYDAZE;3;9.02.1965;0;3
SELMAG;3;20.09.1969;0;3
ANLAS;3;24.01.1983;2;1
CEMRAH;3;10.01.1988;2;1
SAHZIMENT;3;19.07.1955;0;3
HALEDDIN;3;15.03.1971;3;0
FERHIMDE;3;19.12.1944;0;3
RUHIDIN;3;15.06.1972;3;0
GIRSEN;3;29.03.1978;0;3
ZERCEHAN;3;19.11.1966;0;3
SEYYIDEGUL;3;14.12.1929;0;3
SERDAH;3;21.12.1971;0;3
HARZU;3;9.12.1944;0;3
SEVABIYE;3;22.04.1971;0;3
RUSENE;3;8.03.1949;0;3
GULFEZER;3;21.05.1952;0;3
NURSEBIL;3;5.02.1986;0;3
SAENDE;3;2.07.1956;0;3
SAHSIMEN;3;10.01.1979;0;3
MUDDIN;3;22.08.1958;3;0
GUCUN;3;17.05.1958;0;3
ALPTIMUR;3;5.11.1989;3;0
SEHSUDE;3;10.05.1961;0;3
MUKATDIZ;3;12.10.1964;0;3
NEZAFAT;3;5.09.1973;0;3
SELVIS;3;1.07.1952;0;3
NURDUGAN;3;20.12.1966;3;0
GULSURA;3;20.11.1963;0;3
GUNNEFER;3;23.12.1965;0;3
MEVVAS;3;8.10.1949;3;0
MEHREMA;3;26.01.1956;0;3
BEZIT;3;21.01.1959;3;0
MEYYAM;3;28.10.1969;0;3
BINNASE;3;21.12.1959;0;3
ALICO;3;9.04.1963;3;0
CEYHANE;3;17.12.1971;0;3
AHMEDDIN;3;13.06.1962;3;0
SULEYMANSIRRI;3;17.03.1944;3;0
VACIYE;3;24.01.1953;0;3
CISMIYE;3;11.08.1954;0;3
ONARAN;3;14.12.1964;3;0
SARFET;3;30.12.1956;1;2
GULBINUR;3;28.12.1978;0;3
BAHDIYER;3;10.07.1976;2;1
HARIKAN;3;30.12.1972;0;3
NURAKAN;3;20.01.1961;1;2
NAHZAN;3;22.03.1969;0;3
ERTURUM;3;8.10.1956;3;0
SUHUL;3;16.08.1967;2;1
SEVERINA;3;18.01.1973;0;3
YAGSER;3;23.06.1965;0;3
SEDATIN;3;17.04.1964;3;0
IZABER;3;10.02.1946;0;3
GULFES;3;18.02.1955;0;3
NURHAYAN;3;18.04.1963;0;3
MUZEER;3;16.03.1956;0;3
LUSE;3;30.10.1966;0;3
EHADE;3;4.03.1950;0;3
GULLUZARI;3;16.10.1965;0;3
NIYAZER;3;20.03.1957;0;3
ISBILIR;3;19.06.1940;1;2
BUYUSEN;3;20.11.1961;2;1
LEHIMAN;3;6.06.1946;0;3
NEZAH;3;18.03.1959;1;2
CANTAC;3;29.03.1985;3;0
ESMELEK;3;12.11.1940;0;3
MOTOS;3;22.11.1936;3;0
SEVIRDE;3;5.08.1936;0;3
BAHNUR;3;16.05.1981;0;3
ERGULAY;3;19.07.1973;0;3
SERDUN;3;22.05.1978;3;0
SUHEYDAN;3;20.06.1955;0;3
ZILIHAN;3;5.10.1964;0;3
MEYSIN;3;27.09.1960;2;1
ZEYYET;3;25.06.1960;3;0
SABBE;3;5.12.1951;0;3
SECNUR;3;24.09.1982;0;3
HAKIZAR;3;23.06.1944;0;3
AYHIN;3;16.12.1958;1;2
REBBANIYE;3;3.05.1957;0;3
SEKIVE;3;17.06.1956;0;3
BAISER;3;19.01.1956;0;3
ZUBEGIR;3;4.09.1955;3;0
ZEYBAN;3;1.10.1968;0;3
HARISER;3;7.11.1970;0;3
YASINAY;3;5.10.1987;0;3
MILIM;3;4.03.1979;0;3
ZIDEN;3;26.02.1967;2;1
ZEHYA;3;7.10.1969;0;3
SERAFIL;3;28.06.1969;1;2
EYTEL;3;16.05.1965;0;3
NARIMIN;3;25.01.1965;0;3
BELME;3;8.08.1965;0;3
HAPI;3;26.05.1963;0;3
DILANAY;3;17.01.1990;0;3
CHANTAL;3;25.09.1963;0;3
YOLAND;3;28.09.1943;0;3
AYMIR;3;10.12.1973;0;3
RUZKAN;3;1.06.1974;2;1
NEMNAMI;3;30.09.1943;0;3
SUSLER;3;17.05.1963;1;2
IMTISAL;3;12.08.1961;0;3
NUMRIYE;3;15.08.1952;0;3
ENZADE;3;22.11.1962;0;3
ERDUGRUL;3;12.07.1958;3;0
HURSAH;3;23.12.1981;2;1
ABDUSAMAD;3;6.04.1971;3;0
GELEF;3;3.02.1962;3;0
SAYZADE;3;18.08.1968;0;3
MAHTUBE;3;8.06.1978;0;3
KUTUKTE;3;16.07.1951;0;3
ILTIZAM;3;25.07.1951;1;2
MIRYANA;3;27.05.1950;0;3
RISKALLAH;3;13.06.1960;3;0
YUMRA;3;30.2.1990;0;3
DIYALE;3;13.06.1979;0;3
HERAY;3;28.11.1964;2;1
SIYAHI;2;17.02.1960;2;0
TASIT;2;22.09.1951;2;0
MUEY;2;20.04.1963;0;2
DURUYYE;2;15.04.1936;0;2
SERIBAL;2;20.09.1965;0;2
IVRIYE;2;19.06.1936;0;2
AGI;2;21.09.1954;1;1
EMELGUL;2;18.08.1974;0;2
AHMEDIDURAN;2;12.04.1980;2;0
NURDALE;2;4.12.1956;0;2
NURGAHAN;2;7.06.1965;0;2
IBRAHIMETHEM;2;22.06.1975;2;0
LULUFE;2;1.08.1968;0;2
HERDI;2;27.04.1944;0;2
GULHEY;2;14.10.1948;0;2
MIYASENUR;2;7.06.1970;0;2
ESIHAN;2;11.12.1929;0;2
HAYTUN;2;11.12.1968;0;2
GOHAN;2;16.08.1987;2;0
ABDILCEBBAR;2;10.01.1984;2;0
KIRAT;2;1.10.1982;2;0
EMIROMER;2;22.09.1951;2;0
VAIME;2;20.05.1964;0;2
TETEY;2;21.11.1946;0;2
ZULCENAN;2;20.10.1965;1;1
AGUCAN;2;26.12.1952;2;0
ALIHADDIN;2;9.01.1976;2;0
CANHASAN;2;11.12.1978;2;0
MEHMETAZMI;2;1.07.1967;2;0
ZUGAL;2;4.10.1952;0;2
NURSON;2;26.04.1965;1;1
ASAFE;2;20.04.1945;0;2
ABDURRAMHAN;2;19.04.1985;2;0
NAZULLAH;2;28.02.1953;1;1
MEMIHAT;2;14.09.1946;0;2
EPSAN;2;14.03.1975;0;2
CIHANEY;2;24.10.1963;0;2
EMRAYIL;2;5.03.1978;2;0
MENSAN;2;7.07.1975;0;2
UTKIYE;2;23.05.1963;0;2
SONSEHER;2;8.08.1967;0;2
NIDAH;2;16.06.1987;1;1
MULKINE;2;2.07.1968;0;2
MUYESERE;2;9.07.1964;0;2
GULRUHAN;2;17.05.1968;0;2
NALIP;2;29.04.1968;2;0
HEYRULLAH;2;14.04.1964;2;0
IBIK;2;29.10.1950;2;0
YUZLUFET;2;14.06.1962;0;2
SEYHYUSUF;2;14.03.1974;2;0
NIBIHAT;2;4.02.1959;0;2
MEDBURE;2;13.05.1936;0;2
HACIISMAIL;2;5.01.1981;2;0
LAHIRE;2;24.06.1951;0;2
BIRHANE;2;9.08.1967;0;2
MEHMETDURSUN;2;27.09.1950;2;0
SECAATIN;2;21.07.1957;2;0
TOKTA;2;5.01.1958;1;1
VAYLO;2;10.03.1966;2;0
MANENDE;2;10.09.1951;0;2
ZELINE;2;24.09.1979;0;2
NIZZAM;2;28.12.1990;1;1
YETI;2;16.02.1973;1;1
YUSUFAGA;2;8.04.1953;2;0
NEVSEY;2;23.03.1949;0;2
DEZGIN;2;28.05.1978;1;1
GOKBURAK;2;17.08.1987;2;0
ULZILE;2;5.08.1962;0;2
GOLCIHAN;2;2.08.1953;0;2
ERMUSTAFA;2;24.02.1970;2;0
NURBARI;2;9.05.1984;2;0
ATLIMAN;2;5.09.1966;0;2
ORDE;2;2.03.1952;0;2
TUNSAY;2;22.11.1963;0;2
CEBE;2;11.05.1964;2;0
APDULMUTALIP;2;12.03.1968;2;0
RUSENA;2;25.02.1987;0;2
SELAADIN;2;14.03.1956;2;0
BULUTKAN;2;5.01.1989;2;0
BAGDET;2;15.06.1962;1;1
HACKUR;2;10.01.1948;0;2
HAVIHAN;2;20.10.1944;0;2
ALTINEY;2;13.02.1950;0;2
SEMACAN;2;19.07.1977;0;2
KADEFE;2;4.11.1950;0;2
NURCELAL;2;8.05.1954;2;0
ENTUL;2;29.12.1972;0;2
ASIKO;2;11.05.1933;0;2
SAZEDDIN;2;30.11.1947;2;0
UNMIYE;2;25.12.1973;0;2
MERIVA;2;1.02.1977;0;2
PERVINDE;2;12.06.1956;0;2
TEZIBE;2;7.03.1966;0;2
AZIK;2;24.02.1958;0;2
ABDULBER;2;12.09.1981;2;0
HICIRI;2;14.02.1976;2;0
SUKURDAR;2;10.07.1973;1;1
AHNUR;2;9.04.1973;0;2
ELENNUR;2;19.10.1973;0;2
SEHPARE;2;6.01.1969;0;2
TOPPO;2;26.09.1952;2;0
ABDULTAHA;2;29.04.1967;2;0
KUFEYA;2;3.02.1966;0;2
SERUBAN;2;9.08.1969;0;2
HARUM;2;3.05.1970;2;0
EZUN;2;24.08.1962;1;1
CEVZENUR;2;27.11.1976;0;2
GAFFARIYE;2;27.09.1937;1;1
MUSARRAF;2;29.08.1961;0;2
MIKAYILE;2;17.11.1967;0;2
FADIMEYI;2;5.09.1966;0;2
NULPER;2;12.02.1966;1;1
FULYANUR;2;6.05.1990;0;2
MEHMETHALUK;2;23.10.1965;2;0
BERDEN;2;10.06.1980;1;1
ATAMURAT;2;13.06.1960;2;0
DANYE;2;10.05.1986;1;1
BIDO;2;28.02.1947;1;1
HAMIMI;2;29.7.981;0;2
ATEF;2;27.06.1961;2;0
HUCCI;2;4.10.964;0;2
NEHOS;2;21.07.1969;0;2
ELENOR;2;1.12.1960;0;2
NEYHAL;2;30.09.1963;0;2
ALIKILINC;2;28.04.1950;2;0
NUHATTIN;2;7.10.1969;2;0
TARAP;2;16.02.1965;2;0
RUHCENAN;2;2.01.1951;1;1
ERBAK;2;2.03.1961;2;0
GUNNAN;2;19.12.1971;0;2
MUSLUNE;2;24.11.1959;0;2
MUSTEMIYE;2;27.04.1955;0;2
TEVRADE;2;15.02.1959;0;2
HACIBEG;2;11.05.1953;2;0
ASTANE;2;23.11.1948;0;2
SIRZAN;2;22.04.1975;2;0
SEYYUP;2;3.09.1965;2;0
BULENET;2;28.06.1972;1;1
HARUNE;2;25.06.1977;0;2
BEHTAR;2;17.12.1949;1;1
VEKKAS;2;11.12.1973;2;0
ZIYAADIN;2;12.02.1959;2;0
GEFI;2;7.02.1957;0;2
FAHUR;2;27.12.1970;1;1
RABIAGUL;2;27.06.1970;0;2
NUHULLAH;2;7.10.1988;2;0
INCIVER;2;26.08.1961;0;2
MELEY;2;12.08.1923;0;2
PAMIRE;2;5.06.1964;0;2
AKRIMA;2;5.12.1949;0;2
NAZIMEDDIN;2;4.10.1972;2;0
MUZEMBIL;2;8.03.1956;1;1
VARTANI;2;29.11.1937;0;2
DEBI;2;26.05.1957;1;1
SILDAN;2;26.12.1954;0;2
GULHEDER;2;30.2.1959;0;2
SEYASTA;2;29.12.1959;0;2
YASENIM;2;12.08.1978;0;2
MESNEVI;2;28.12.1961;1;1
EDILAY;2;23.03.1982;0;2
TALAZ;2;22.06.1962;2;0
MELEYHAT;2;5.11.1962;0;2
BERIZAN;2;14.08.1952;0;2
NARIZ;2;29.09.1959;1;1
ULGUSEN;2;17.02.1973;0;2
USULIYE;2;26.05.1949;0;2
RUHSANI;2;8.01.1985;2;0
GONI;2;28.05.1956;0;2
SUYTAN;2;8.08.1968;0;2
GUVIN;2;16.09.1947;0;2
H.MAHMUT;2;3.03.1953;2;0
USGUN;2;27.01.1950;0;2
SUMULLAH;2;3.11.1947;2;0
CAMESEP;2;19.08.1963;2;0
HALLOS;2;29.09.1947;2;0
MUSAYE;2;25.10.1975;0;2
SALAHTIN;2;7.09.1957;2;0
SALIRE;2;27.01.1959;0;2
BULGUDAY;2;13.01.1982;2;0
HAFIY;2;1.05.1937;0;2
ABUDULLAH;2;25.06.1979;2;0
NEISE;2;24.12.1956;0;2
SIDDIKIYE;2;15.09.1967;0;2
HAMPULI;2;21.11.1937;0;2
GULBIRAY;2;22.01.1985;0;2
BESIGUL;2;22.01.1960;0;2
TUBYAN;2;8.05.1983;1;1
CEYIZ;2;10.06.1968;0;2
MAHPIRIZ;2;1.02.1944;0;2
NADILIYE;2;16.02.1948;0;2
YUCESTAN;2;26.03.1969;0;2
HURBUZ;2;12.06.1965;1;1
EMISHAN;2;11.02.1962;0;2
GUZELIY;2;20.04.1977;0;2
HUCEY;2;4.03.1941;0;2
ZENDAL;2;8.06.1963;0;2
M.FEHMI;2;12.06.1945;2;0
HEYADDIN;2;17.03.1962;2;0
ZUMERE;2;22.07.1948;0;2
AYSUNAY;2;30.07.1967;0;2
OGULGEREK;2;23.02.1978;0;2
OZUR;2;25.06.1967;1;1
MUABBET;2;11.02.1969;1;1
KURTULAN;2;16.05.1965;1;1
CESINE;2;20.01.1982;0;2
GULSAREN;2;2.10.1968;0;2
MEVISE;2;2.10.1965;0;2
RESOL;2;26.05.1952;2;0
DUREY;2;21.10.1952;0;2
SIBIYE;2;2.12.1951;0;2
HINOS;2;8.01.1977;0;2
MUNEKSE;2;19.03.1956;0;2
RAUB;2;13.05.1973;2;0
ZEMEYRE;2;14.04.1949;0;2
HENOG;2;19.09.1954;0;2
SEVLAT;2;4.10.1974;1;1
GAFERI;2;14.04.1965;1;1
HUMIYET;2;2.07.1981;0;2
TOMO;2;5.01.1962;2;0
ABDUSSAIT;2;2.11.1970;2;0
NISYAR;2;21.05.1946;0;2
TUGUSAN;2;15.11.1984;2;0
BIRTEL;2;9.11.1952;0;2
VECEHA;2;27.10.1951;0;2
ZULHU;2;13.02.1964;1;1
KIRIM;2;4.10.1986;2;0
SEZAGUL;2;3.10.1977;0;2
UGRIYA;2;29.07.1951;0;2
SUMEYHE;2;4.08.1982;0;2
BANUSAH;2;19.09.1981;0;2
HUTTO;2;12.04.1937;2;0
NEFIYESI;2;2.02.1951;0;2
MUEZETTIN;2;27.05.1978;2;0
FEYSUNE;2;2.07.1945;0;2
SONIY;2;9.09.1982;0;2
TILIM;2;11.02.1988;0;2
FARISET;2;27.02.1980;0;2
HASSADDIN;2;11.03.1981;2;0
PERKIZAN;2;10.09.1974;0;2
GOLAT;2;27.02.1974;0;2
YERDAHAN;2;7.08.1940;0;2
ABDULANAS;2;19.10.1986;2;0
RAHZIYE;2;12.12.1988;0;2
TIRHAT;2;6.06.1990;2;0
HAYRULSA;2;27.04.1990;0;2
A.VAHAP;2;23.01.1981;2;0
DELALU;2;12.02.1941;0;2
MEYRETE;2;26.09.1984;0;2
MUHAMMETDIYADI;2;24.01.1989;2;0
GUFRA;2;12.12.1989;0;2
MELLES;2;20.06.1988;0;2
ISILHA;2;22.02.1925;0;2
ROJGEN;2;21.07.1981;0;2
MUHABERE;2;16.05.1985;0;2
UMMISERMETE;2;12.08.1984;0;2
IKFEL;2;27.07.1980;0;2
GAYSIYE;2;8.08.1974;0;2
SELAMMETTIN;2;12.10.1981;2;0
ABDULAZEL;2;27.05.1950;2;0
UMIHABIBETE;2;22.02.1991;0;2
BEHATIN;2;27.02.1986;2;0
SIFAE;2;18.01.1978;0;2
NEVISA;2;1.07.1985;0;2
BUTLAN;2;23.05.1979;0;2
SAABET;2;23.11.1979;0;2
MELAYIN;2;21.02.1988;2;0
MISKIME;2;23.02.1990;0;2
GURRIN;2;7.02.1934;2;0
AMMI;2;27.02.1950;0;2
ZIRAVE;2;27.07.1980;0;2
SANGI;2;22.08.1937;0;2
NETAM;2;27.02.1956;2;0
ABDULCENAN;2;12.02.1989;2;0
HIRBIYA;2;7.02.1952;0;2
HAFZEDDIN;2;2.09.1975;2;0
AHIRA;2;27.02.1992;0;2
MUSLUMETTIN;2;22.05.1991;2;0
TAKVADDIN;2;6.08.1990;2;0
DAYADIN;2;12.02.1953;2;0
SERIDETA;2;3.03.1975;0;2
HILVATA;2;29.02.1980;0;2
EBEZEYT;2;12.01.1977;2;0
MUSLIT;2;2.02.1951;2;0
BILNEVAS;2;11.09.1987;0;2
ASICAN;2;26.12.1985;0;2
ARAPA;2;1.04.1950;0;2
ABDULRAKIF;2;30.03.1984;2;0
METILMUGIZ;2;21.04.1954;0;2
RAHMETA;2;16.06.1989;0;2
REMIK;2;11.06.1946;2;0
PERISAHIDE;2;17.04.1992;0;2
MUHRIFIZE;2;17.04.1989;0;2
MEVLIZADE;2;24.12.1983;0;2
FILYAZE;2;22.04.1973;0;2
MIRLAZIM;2;12.07.1983;2;0
HIDREDDIN;2;2.02.1963;2;0
FEVIZI;2;6.10.1984;2;0
EGITHAN;2;29.03.1992;2;0
NEVRISAH;2;19.09.1977;0;2
DEYRUZE;2;24.12.1986;0;2
NEVRUZKAVA;2;27.04.1976;2;0
HEVESI;2;17.06.1922;0;2
GULOZAN;2;22.10.1991;0;2
HAVLETA;2;17.02.1972;0;2
SACUDEDE;2;24.10.1977;2;0
NEGRISAH;2;26.08.1982;0;2
HISRETTIN;2;7.02.1970;2;0
MAHIDAN;2;19.10.1991;0;2
SALLAHTIN;2;10.10.1987;2;0
ISALLAH;2;13.02.1983;2;0
BINYAMEL;2;7.10.1989;2;0
SEYHGUL;2;12.03.1935;2;0
YELAVUZ;2;20.04.1981;0;2
GULSEMSA;2;30.01.1991;0;2
AYETEN;2;11.02.1979;0;2
PORIK;2;6.06.1933;0;2
SORESHAN;2;7.08.1975;2;0
SABAHHAN;2;12.08.1923;0;2
KUBURYE;2;17.01.1990;0;2
DEDIYE;2;16.04.1934;0;2
PERFI;2;21.07.1972;0;2
TUKENDI;2;2.03.1975;0;2
KEVKIYE;2;6.01.1975;0;2
ECIN;2;22.02.1931;0;2
SINAMSA;2;27.03.1980;0;2
BENDIVALAT;2;22.03.1967;2;0
ICRETE;2;25.11.1973;0;2
MUJGAR;2;10.04.1983;0;2
ELLO;2;16.02.1963;0;2
LESISAH;2;4.09.1980;0;2
MARRUF;2;7.10.1982;2;0
FEYZENNUR;2;17.02.1972;0;2
BINAYA;2;8.02.1940;2;0
ARRO;2;27.02.1956;2;0
EZBET;2;3.06.1980;0;2
NUGTIBER;2;21.09.1983;0;2
MURSULE;2;18.06.1975;0;2
SITTAN;2;17.02.1966;2;0
SULTANIR;2;27.11.1974;0;2
FARAHNAS;2;7.02.1982;0;2
MUGURA;2;2.02.1945;0;2
TOMIR;2;24.03.1943;2;0
GEDDURA;2;2.02.1975;0;2
EJMER;2;14.11.1990;2;0
SITERA;2;9.04.1990;0;2
HATLO;2;2.02.1957;0;2
BETULHAYAT;2;4.04.1990;0;2
MUHRIZAT;2;17.07.1972;0;2
SEFGUL;2;17.03.1972;0;2
TOZIYE;2;12.10.1935;0;2
NURSELAN;2;16.04.1979;0;2
FARFURI;2;7.02.1976;0;2
MENSULAT;2;23.08.1991;0;2
IFTEDE;2;1.05.1961;0;2
SETERIYE;2;6.02.1989;0;2
HIKMA;2;27.03.1956;0;2
MELLUL;2;5.08.1981;2;0
RIMMILA;2;27.02.1962;0;2
VALIDAT;2;17.02.1966;0;2
SEYBETTULHEM;2;27.01.1980;2;0
MAAC;2;20.10.1991;2;0
DAHIN;2;17.05.1972;2;0
DAHLA;2;7.12.1982;0;2
MAHZARET;2;17.03.1983;0;2
RUVYEDA;2;16.05.1970;0;2
MOMIYE;2;8.07.1970;0;2
TEYYUBIT;2;3.03.1975;0;2
NURPELDA;2;22.02.1991;0;2
FIRIZA;2;22.02.1991;0;2
COCI;2;21.05.1941;0;2
TOZANI;2;23.11.1949;0;2
NIFTEDE;2;9.08.1990;0;2
ERZINET;2;26.08.1986;0;2
DURDIN;2;28.01.1984;0;2
NEHSIYE;2;28.03.1974;0;2
LEDLISAH;2;7.03.1982;0;2
MEYZER;2;27.02.1944;2;0
AFRIKE;2;22.02.1967;0;2
EDLIHE;2;23.01.1949;0;2
KANIHAT;2;11.12.1991;0;2
MIZGINAR;2;14.03.1989;0;2
ROAN;2;22.03.1992;0;2
YETHA;2;17.04.1990;0;2
NEYULLAH;2;12.02.1941;0;2
GEMYAN;2;11.03.1981;0;2
EMSIYAR;2;20.10.1980;0;2
BITNAS;2;29.12.1976;0;2
TALAHATTIN;2;17.02.1990;2;0
BERGEM;2;1.12.1990;0;2
HEKINAME;2;27.02.1992;0;2
PATISAH;2;6.06.1968;0;2
HATUH;2;22.02.1991;0;2
ELSANIYE;2;15.02.1979;0;2
CAZAYIR;2;7.02.1976;2;0
RUKYAN;2;20.04.1942;0;2
SEGZADE;2;17.08.1990;0;2
TEYYO;2;2.02.1969;2;0
TURKUYE;2;10.06.1961;0;2
AYREDDIN;2;7.02.1976;2;0
KUDRULLAH;2;12.02.1970;2;0
ERCIYEZ;2;25.01.1985;2;0
MIHID;2;4.06.1957;2;0
SUMILE;2;28.09.1954;0;2
LEYLANI;2;2.06.1982;0;2
HEDILA;2;7.02.1970;0;2
FERRIK;2;21.11.1957;0;2
KESSUM;2;27.09.1985;0;2
MANAVER;2;22.01.1970;0;2
MILDAL;2;1.01.1989;0;2
MASIYA;2;3.03.1975;0;2
HAMKI;2;21.09.1988;2;0
EGELI;2;28.04.1956;2;0
MEZNET;2;7.07.1958;0;2
ESLIFE;2;27.02.1956;0;2
ZIYANA;2;7.03.1975;0;2
CINDAR;2;17.06.1990;2;0
HIMILA;2;11.10.1955;0;2
SAMAHET;2;9.03.1952;0;2
DILSARE;2;22.02.1961;0;2
ALAMAT;2;23.12.1966;0;2
MULESIM;2;12.04.1983;2;0
BEYRETAN;2;8.09.1984;0;2
BEDULA;2;19.12.1962;0;2
SENABEDDIN;2;22.04.1973;2;0
FUREYAT;2;4.07.1972;0;2
NECMETULLAYL;2;18.05.1987;0;2
NESIBIGUL;2;9.02.1957;0;2
ABDULKEHHAR;2;30.09.1968;2;0
FENERDIN;2;17.11.1989;2;0
FAHREYE;2;7.02.1976;0;2
MUZEBIYE;2;4.07.1972;0;2
OBEID;2;3.02.1969;2;0
EREBHAN;2;7.02.1952;0;2
EHMI;2;16.08.1942;2;0
PIYASE;2;17.04.1953;0;2
TANDEVIR;2;9.03.1981;2;0
SILFIC;2;21.09.1953;2;0
MUZZEFFER;2;20.02.1976;2;0
HESABEDDIN;2;17.03.1972;2;0
SIMEHE;2;14.05.1967;0;2
EVRIHAN;2;17.09.1961;0;2
MUYYESE;2;24.01.1990;0;2
MUNTAHAP;2;17.06.1978;2;0
SEDULMULUK;2;5.02.1956;2;0
MEYMISI;2;17.04.1915;0;2
MIHDEYI;2;7.11.1982;0;2
BILANIZ;2;2.05.1963;0;2
HISNO;2;6.03.1962;0;2
HEVISAN;2;22.09.1990;0;2
ARDAHANI;2;19.04.1928;0;2
CUBRUSA;2;26.06.1973;0;2
MAAVYA;2;21.01.1982;2;0
HADYE;2;26.06.1963;0;2
GILUSAN;2;23.04.1975;0;2
RUVEYADA;2;12.04.1967;0;2
MARGIL;2;14.01.1992;0;2
SEFKETULLAH;2;21.11.1977;2;0
BISATINUR;2;29.08.1991;0;2
BENDEKAR;2;11.12.1991;2;0
GAZEBI;2;12.02.1971;0;2
MUAZZZEZ;2;16.06.1982;0;2
HINAT;2;7.01.1982;0;2
NEYUMMA;2;7.02.1964;0;2
GEDRE;2;1.03.1942;0;2
NURAEL;2;12.09.1970;0;2
REBBIYE;2;7.11.1973;0;2
GULADICLE;2;29.12.1975;0;2
RABIP;2;28.05.1971;0;2
UMULKULSUM;2;2.02.1969;0;2
AGDA;2;21.06.1969;0;2
VANSE;2;17.06.1978;0;2
HUKO;2;29.09.1947;2;0
SURMIYA;2;22.02.1961;0;2
REFYE;2;27.01.1950;0;2
KELSAMA;2;4.02.1956;0;2
MAHIREN;2;6.01.1979;0;2
FACIHE;2;7.03.1964;0;2
MISHEH;2;14.04.1971;2;0
KESUMMA;2;29.01.1977;0;2
MEHMETBASRI;2;2.11.1980;2;0
HIBIL;2;27.02.1974;2;0
MIGAYBIR;2;12.02.1971;2;0
HAYAEDDIN;2;23.03.1973;2;0
MUNEZEH;2;2.02.1981;0;2
MEMIALAN;2;16.06.1965;2;0
HUKMIYA;2;10.07.1981;0;2
HISBIYE;2;17.02.1966;0;2
NASLIHE;2;11.12.1983;0;2
HURURAY;2;16.11.1976;0;2
MUNEVCVER;2;1.03.1990;0;2
NUMRA;2;8.07.1969;0;2
VETINA;2;22.10.1967;0;2
BUNEVER;2;13.05.1957;0;2
DIYASETTIN;2;27.02.1992;2;0
MIZRI;2;30.07.1974;2;0
MUHZIR;2;7.07.1964;2;0
MEGRIFER;2;16.09.1964;0;2
SEMDEDDIN;2;12.04.1959;2;0
EBOZEYIT;2;2.02.1951;2;0
RUGEYYA;2;11.06.1969;0;2
SUVAYP;2;2.06.1975;2;0
YIRKAN;2;26.01.1991;2;0
ZUHAYYA;2;3.11.1951;0;2
RIMILE;2;3.02.1976;0;2
NAFIHE;2;7.02.1964;0;2
MUHYEN;2;9.12.1989;0;2
VASFIYYA;2;27.12.1956;0;2
HEDLO;2;3.01.1945;0;2
TELIBET;2;18.09.1965;0;2
SILTU;2;24.11.1931;0;2
LALOS;2;18.09.1972;0;2
ENYA;2;28.02.1988;0;2
HAYULLAH;2;7.02.1982;2;0
GULNIHAM;2;12.02.1977;0;2
NETAS;2;8.04.1927;0;2
TAHLIZE;2;5.08.1970;0;2
MIO;2;13.09.1953;2;0
SECTIM;2;26.03.1982;2;0
FAVAD;2;28.02.1967;2;0
GAZALAE;2;3.04.1975;0;2
NEBRIHAN;2;27.03.1956;0;2
VEDFIYE;2;16.12.1974;0;2
GUMEYLE;2;7.04.1976;0;2
EBUZIYAT;2;30.10.1976;2;0
M.NEYTULLAH;2;26.03.1931;2;0
GALIPTEN;2;29.10.1971;0;2
HELIMCAN;2;6.01.1980;0;2
CIZVI;2;16.03.1940;0;2
GULASTAN;2;1.01.1981;0;2
ROCIVAN;2;4.04.1981;2;0
MEHFUZA;2;30.2.1990;0;2
ACACE;2;16.06.1929;0;2
DORRI;2;30.05.1931;0;2
RENKDA;2;21.07.1988;0;2
SULDANI;2;12.02.1953;0;2
AMSO;2;9.02.1946;0;2
AVVAZ;2;21.10.1957;2;0
MEFRIDE;2;17.09.1989;0;2
RIFAHI;2;12.02.1971;2;0
SERDES;2;14.10.1986;2;0
HUFEYZET;2;22.06.1966;2;0
FARADDIN;2;20.02.1969;2;0
SARAYILI;2;22.04.1973;0;2
HEVVAS;2;3.12.1962;2;0
SALALA;2;7.02.1958;0;2
HUDAKADIMNUR;2;8.04.1976;2;0
MEDAYA;2;3.02.1975;0;2
RQKAN;2;1.08.1990;0;2
TAKQSHIN;2;16.11.1988;0;2
IRVAYDE;2;7.11.1970;0;2
AYINI;2;4.04.1925;0;2
KIRIME;2;2.04.1981;0;2
SUHEYYLE;2;29.04.1980;0;2
KEVKAB;2;7.08.1970;0;2
TAFLA;2;7.02.1934;0;2
VESSO;2;6.09.1970;0;2
GARPSAN;2;22.02.1961;0;2
LENFIYE;2;8.03.1975;0;2
SUZAMA;2;27.08.1932;0;2
HEVRAN;2;14.12.1968;2;0
RUSTEMI;2;6.12.1956;0;2
HERBISTIN;2;22.12.1979;2;0
MIHABAT;2;22.02.1967;2;0
JANFER;2;29.01.1990;0;2
NERAZ;2;12.02.1965;0;2
EYMO;2;28.04.1951;0;2
MUKREBAN;2;27.03.1956;0;2
RIANI;2;29.2.1974;0;2
ZARIKA;2;17.11.1965;0;2
VAFE;2;27.01.1966;0;2
MUBETI;2;2.01.1957;0;2
MUHEVVES;2;29.09.1991;2;0
YAZLIHAN;2;6.02.1980;0;2
SITIHA;2;19.10.1978;0;2
PERESSA;2;21.11.1989;0;2
KUNDI;2;17.02.1930;0;2
IZGAYIR;2;14.03.1965;0;2
VEGAH;2;26.06.1982;2;0
ZIHNEDDIN;2;30.2.1971;2;0
FATLETTIN;2;24.03.1976;2;0
GULEKSAN;2;13.10.1988;0;2
ABDULMELEF;2;22.02.1967;2;0
SANEHE;2;8.05.1986;0;2
ABURAKIP;2;2.10.1969;2;0
KESEME;2;9.01.1940;0;2
DALGAN;2;7.05.1985;2;0
HUNAVI;2;11.03.1940;0;2
OLIFER;2;7.11.1974;0;2
KUDURULLAH;2;27.06.1968;2;0
CENGVELAT;2;13.12.1976;2;0
CIRAHAT;2;6.09.1991;0;2
UBEYTE;2;21.12.1981;0;2
YUSRAH;2;8.06.1962;0;2
SARPFIRAT;2;21.09.1984;2;0
M.SUUD;2;1.09.1962;2;0
BISSAR;2;2.07.1969;2;0
SURRYYA;2;22.09.1973;0;2
BEHEYDDIN;2;26.11.1965;2;0
SISER;2;3.03.1975;0;2
TURKKIYYE;2;18.08.1952;0;2
HALLVE;2;28.12.1975;0;2
HAMDIYET;2;22.08.1961;0;2
DOZDAR;2;27.03.1992;2;0
ZEYINEDDIN;2;3.06.1974;2;0
RAMEYLE;2;3.05.1976;0;2
EVIZAN;2;22.02.1991;0;2
EVVIN;2;12.12.1981;0;2
PISIK;2;23.04.1973;0;2
NURMIHAT;2;15.07.1986;0;2
MEHIZE;2;2.02.1945;0;2
NUSURULLAH;2;7.12.1958;2;0
GIRVA;2;24.04.1948;0;2
SIBHAN;2;27.02.1974;2;0
LUGUDE;2;27.02.1938;0;2
SEVDATI;2;16.03.1951;0;2
ELSUM;2;12.02.1971;0;2
ARRUN;2;27.02.1944;0;2
ZEYHNET;2;11.04.1946;0;2
DODA;2;16.04.1965;2;0
ALICEBRAIL;2;18.03.1974;2;0
KERMU;2;7.08.1928;2;0
UNUD;2;17.04.1992;0;2
BANAZIR;2;6.11.1990;0;2
HANFIS;2;17.02.1948;2;0
MIRVAL;2;26.04.1976;2;0
FEDUS;2;2.05.1939;2;0
DAHLE;2;4.03.1931;0;2
LITFA;2;11.03.1949;0;2
SUHEYME;2;22.12.1955;0;2
RABAHAT;2;22.09.1991;0;2
HUZNAGUL;2;27.12.1984;0;2
FURAK;2;20.06.1960;2;0
SENSUBE;2;7.03.1970;0;2
FURRIYE;2;17.03.1966;0;2
ABDULMUNE;2;8.03.1976;2;0
HACMA;2;2.04.1931;0;2
SENSULE;2;6.05.1979;0;2
NAMZIYE;2;1.04.1976;0;2
BEDDII;2;20.10.1978;2;0
SIMOHAN;2;20.02.1977;0;2
AYNIKE;2;27.05.1974;0;2
AMENELLAH;2;8.05.1989;2;0
FERSHA;2;13.06.1981;0;2
RUMMILE;2;21.02.1976;0;2
ALLEYE;2;27.02.1968;0;2
KECUMA;2;18.02.1936;0;2
DEHEYYI;2;5.09.1963;0;2
BENAZLI;2;22.11.1990;0;2
ADDULLA;2;7.02.1958;0;2
YUSRUB;2;6.01.1992;0;2
MIHNAS;2;16.10.1964;0;2
COHARA;2;26.03.1961;0;2
BIZE;2;16.08.1965;0;2
CUDAN;2;16.12.1941;2;0
FARSI;2;17.08.1960;0;2
ZAHHURA;2;24.07.1937;0;2
HANDRIN;2;1.03.1974;0;2
MUKRICAN;2;22.03.1985;0;2
ERSAM;2;7.02.1964;2;0
SITIHE;2;26.04.1955;0;2
MEHABAT;2;22.06.1985;0;2
NEVSIRVAN;2;12.02.1971;2;0
SIIDA;2;21.03.1982;0;2
HUZNUSAH;2;24.06.1973;0;2
KEVLE;2;30.2.1951;0;2
GISFE;2;2.08.1933;0;2
LAKIZAR;2;4.02.1982;0;2
DEHLA;2;17.09.1966;0;2
KUSSUME;2;22.08.1961;0;2
HEYLEN;2;2.08.1945;0;2
ZULHACE;2;27.05.1962;0;2
SEMURET;2;7.04.1991;0;2
HAVZEL;2;6.11.1971;2;0
CAVHARA;2;12.06.1959;0;2
GEMIK;2;17.08.1930;0;2
DEFO;2;12.05.1959;2;0
MAYIFE;2;17.08.1972;0;2
AYNOLHAYAT;2;7.02.1946;0;2
FEREYSET;2;13.01.1992;0;2
FARYALE;2;12.11.1965;0;2
MUKDIYE;2;22.03.1967;0;2
MIFE;2;12.02.1935;0;2
BROKA;2;23.04.1961;0;2
HAYATELNUFUS;2;27.06.1950;0;2
FATYA;2;10.06.1982;0;2
BEDDI;2;28.12.1974;2;0
NEMLIN;2;10.02.1984;0;2
TUJLA;2;7.10.1982;0;2
EMSIK;2;12.02.1953;0;2
SALASA;2;27.06.1956;0;2
NEBEBEDDIN;2;12.02.1971;2;0
DERRII;2;16.03.1958;2;0
YERDIHAN;2;12.02.1965;0;2
GIREYBA;2;12.03.1953;0;2
HASABEDDIN;2;17.12.1966;2;0
AVVASI;2;7.03.1946;0;2
SAHSAK;2;1.09.1939;2;0
SIGA;2;17.01.1972;0;2
VACDDIN;2;1.01.1974;2;0
MESAY;2;17.11.1990;0;2
IDALET;2;28.07.1969;0;2
BEDSI;2;17.08.1954;0;2
TALHED;2;8.10.1991;2;0
ARRUNE;2;25.09.1942;0;2
NEDRISAN;2;21.09.1982;0;2
GUMRAT;2;7.02.1964;0;2
GENSE;2;17.02.1960;0;2
INDEYYA;2;12.03.1971;0;2
INEYYE;2;27.02.1962;0;2
MENESI;2;13.02.1941;0;2
FETLEDDIN;2;9.04.1977;2;0
USUPO;2;1.08.1921;2;0
NEMUN;2;2.05.1975;0;2
ZEYNEN;2;11.06.1964;2;0
SARIYI;2;11.04.1975;0;2
SEADA;2;10.09.1975;0;2
MANOLYE;2;29.07.1991;0;2
BEDRIEYE;2;17.10.1985;0;2
ENZILEN;2;3.04.1981;0;2
HEBRU;2;14.01.1991;0;2
MUEYMEN;2;17.05.1990;0;2
GURIBE;2;2.05.1975;0;2
LERVA;2;3.12.1955;0;2
NISIRA;2;26.06.1961;0;2
ATHAM;2;17.05.1972;2;0
KASAMI;2;27.04.1944;0;2
RUCIN;2;23.11.1989;0;2
UNUDIYE;2;12.02.1965;0;2
HECEYLE;2;21.04.1956;0;2
AMMANUEL;2;16.11.1946;2;0
IGREYBE;2;17.02.1954;0;2
TUBEY;2;17.02.1990;0;2
KEMLIN;2;9.11.1986;0;2
VARIM;2;6.06.1986;0;2
MUNEYYEZ;2;13.11.1965;0;2
LUTFIGUL;2;3.11.1965;0;2
ASMAA;2;6.02.1983;0;2
IRGEYYE;2;22.07.1967;0;2
SERENIK;2;22.06.1973;2;0
MELSEMIN;2;16.01.1978;0;2
CANERSOY;2;6.03.1974;2;0
EIDA;2;2.02.1981;0;2
BITMI;2;12.01.1947;0;2
BATURAL;2;2.08.1987;2;0
ABDULNEBIL;2;20.04.1989;2;0
SERMETO;2;12.02.1965;0;2
GULISUM;2;1.01.2001;0;2
MIHYE;2;16.02.1980;0;2
ZERIVAN;2;4.02.1991;2;0
BEYYU;2;3.03.1933;0;2
AFITAM;2;23.03.1979;0;2
IDIDAL;2;7.09.1982;0;2
INTISAM;2;14.01.1982;0;2
BASEMA;2;27.08.1974;0;2
FELEMENS;2;12.02.1959;2;0
NEMZI;2;22.02.1955;2;0
SERAFHAN;2;14.03.1971;2;0
SUFAYYA;2;17.02.1966;0;2
HUDEYCET;2;1.10.1985;0;2
BAGDISEN;2;17.04.1972;0;2
DIHHAN;2;7.02.1946;2;0
SEHZAMAN;2;14.02.1981;0;2
BENEFI;2;22.02.1955;0;2
KATIRE;2;9.04.1976;0;2
GULDAZ;2;20.03.1966;0;2
ABDALLAH;2;2.06.1963;2;0
HORZUM;2;12.06.1971;2;0
SAKULU;2;16.10.1987;2;0
REHIYAN;2;1.03.1962;2;0
NASHATTIN;2;17.02.1960;2;0
BUHAYRI;2;22.05.1955;0;2
AKKISA;2;2.02.1969;0;2
SABRIZAN;2;7.07.1991;2;0
ULGEM;2;16.04.1970;2;0
DERRI;2;27.02.1950;0;2
MUATTAL;2;2.02.1945;0;2
FEHMO;2;8.10.1936;0;2
SULEFA;2;3.10.1984;0;2
CUCU;2;29.05.1962;2;0
MEFDUAT;2;11.07.1974;2;0
MAHRAM;2;22.04.1967;2;0
HAMDULSAMA;2;22.02.1961;0;2
HORBI;2;2.08.1945;0;2
RAMZIE;2;30.04.1992;0;2
CUZVA;2;22.02.1961;0;2
RESMO;2;27.02.1956;0;2
SUFYE;2;23.02.1989;0;2
NICENG;2;2.10.1981;2;0
KESKINALI;2;11.09.1978;2;0
IZYEP;2;2.02.1951;2;0
VAZFA;2;4.03.1931;0;2
SEBIRDAN;2;27.10.1986;0;2
JAGLIN;2;1.03.1944;0;2
BEKTORYA;2;12.06.1982;0;2
FLORANS;2;24.04.1961;0;2
PORZIRIN;2;1.09.1973;0;2
HISINGUL;2;3.12.1980;0;2
RADVA;2;17.04.1981;0;2
NIRFEN;2;27.07.1968;0;2
ANCIR;2;21.11.1945;2;0
MIBECEL;2;26.07.1967;0;2
SEMARA;2;3.07.1961;0;2
SIRACA;2;27.02.1962;0;2
ITAP;2;12.02.1983;0;2
NECLETUL;2;27.08.1971;0;2
MUSECCEM;2;2.02.1957;0;2
GUMAR;2;15.10.1955;2;0
SERGENDE;2;11.06.1976;2;0
MASAY;2;12.04.1971;0;2
SAYRI;2;17.02.1966;0;2
KAZZIBAN;2;6.01.1975;0;2
DINHAN;2;29.05.1980;0;2
MEHDIYYE;2;27.11.1944;0;2
SUEHIYE;2;27.05.1974;0;2
MURSEMA;2;19.07.1972;0;2
AKLEMAN;2;7.02.1964;0;2
VAED;2;2.02.1981;0;2
BEDLIHAN;2;15.11.1982;0;2
AHNAZ;2;27.02.1962;0;2
MUCVIL;2;28.12.1962;2;0
CUNA;2;22.09.1973;0;2
GULSENET;2;1.04.1977;0;2
ARJAN;2;6.03.1985;2;0
SEYRINI;2;2.04.1926;0;2
RASYE;2;7.08.1958;0;2
KEFEE;2;26.03.1976;0;2
NECCAH;2;13.03.1971;0;2
BEDINAZ;2;22.02.1949;0;2
IRYANA;2;10.12.1968;0;2
IYUNE;2;9.03.1964;0;2
MEKLAN;2;12.04.1971;2;0
FEGREDIN;2;23.03.1968;2;0
GISVA;2;28.02.1973;0;2
CAMALADDIN;2;11.08.1975;2;0
VERDISAN;2;16.09.1989;0;2
HUNUD;2;27.08.1962;0;2
IRYAL;2;2.02.1969;2;0
HUDEYE;2;7.10.1991;0;2
GAMAME;2;6.05.1980;0;2
MUSTAKIDDIN;2;5.01.1983;2;0
ABDULAGANI;2;13.10.1988;2;0
MUSTAKADDIN;2;21.02.1975;2;0
PARZADE;2;7.06.1964;0;2
GIZBAN;2;15.02.1935;2;0
RIFHATTIN;2;6.11.1990;2;0
CATLI;2;7.02.1970;2;0
AFZER;2;3.03.1989;2;0
LENIS;2;27.03.1982;2;0
FEDEAI;2;27.03.1974;2;0
ZERFA;2;29.06.1980;0;2
RAMMU;2;10.02.1932;2;0
GINDE;2;17.05.1972;0;2
HIFIL;2;12.04.1959;2;0
MERDIYAT;2;12.07.1971;0;2
RUMIYLA;2;17.02.1948;0;2
HENVE;2;24.03.1937;0;2
NUHBAN;2;19.01.1975;0;2
NAYULA;2;30.04.1968;0;2
ZUHU;2;7.12.1964;0;2
KENSUME;2;2.06.1948;0;2
NEDRISE;2;24.04.1955;0;2
HISVAN;2;17.02.1954;0;2
HISVE;2;7.02.1958;0;2
FEYZELNUR;2;1.03.1981;0;2
VAHAS;2;26.04.1991;2;0
SEYRIDDIN;2;7.08.1934;2;0
ABDULVADUT;2;11.09.1973;2;0
HARFA;2;6.06.1951;0;2
RUMELE;2;3.04.1963;0;2
PIRAZTTAN;2;17.02.1942;0;2
ACACO;2;2.04.1959;2;0
SIFLIC;2;2.02.1951;2;0
KESNA;2;29.03.1974;2;0
ROBET;2;22.10.1985;2;0
AYTENPERI;2;20.07.1960;0;2
EMLOHAN;2;17.02.1966;2;0
KASSUMA;2;20.08.1963;0;2
ISTERA;2;23.12.1963;0;2
RUZKIYYE;2;12.08.1965;0;2
EZBIRAN;2;17.07.1972;0;2
IBEYT;2;25.08.1970;2;0
NEZAMA;2;29.07.1966;0;2
AISHANA;2;6.08.1980;0;2
KOCERNI;2;22.02.1955;0;2
SEROHUN;2;2.04.1982;2;0
FARHU;2;7.03.1934;2;0
GEVSERI;2;2.02.1963;0;2
RUMELA;2;7.08.1970;0;2
HINDIHAN;2;16.10.1965;0;2
LAFA;2;13.09.1984;0;2
ABDURRIHIM;2;5.08.1975;2;0
MUSTEHEDDIN;2;13.04.1959;2;0
HASSUNA;2;6.05.1948;0;2
LATAS;2;2.08.1921;2;0
ERVEYDA;2;2.02.1951;0;2
BAYEZI;2;9.12.1969;0;2
ELSUMEN;2;22.02.1973;0;2
IRMAYLE;2;22.02.1973;0;2
FUTHILA;2;1.09.1977;2;0
IGRAYBA;2;17.02.1966;0;2
KEYSUME;2;24.04.1949;0;2
SARFIC;2;21.06.1972;2;0
YAVUR;2;2.06.1975;2;0
SABABADDIN;2;2.08.1963;2;0
COTKAR;2;22.05.1991;2;0
ADOLE;2;18.10.1932;0;2
ABDULMUTTEKIM;2;23.02.1973;2;0
IMISI;2;12.08.1929;0;2
RAFSE;2;20.06.1988;0;2
KEBUKI;2;7.04.1976;0;2
CIZVA;2;7.04.1968;0;2
FERKALIN;2;6.11.1978;2;0
ABDILILAH;2;22.11.1967;2;0
DELYAN;2;26.12.1965;2;0
ZAYGA;2;27.02.1950;0;2
HARFE;2;2.04.1975;0;2
KAWTHAR;2;19.04.1981;0;2
HALTEM;2;1.04.1978;2;0
ZEKATA;2;2.02.1975;0;2
MEGICAN;2;26.11.1991;0;2
FERICANE;2;26.08.1975;0;2
SERFIC;2;18.05.1960;2;0
ZARGE;2;22.03.1943;0;2
KATTUMI;2;22.02.1967;0;2
AZIZOGLU;2;26.05.1966;2;0
OTENER;2;8.03.1982;2;0
ZIVERI;2;7.05.1976;0;2
AYYISE;2;27.05.1972;0;2
ZIRRAR;2;9.01.1979;2;0
MUHALHAL;2;22.02.1961;0;2
SUKURLAH;2;8.05.1979;0;2
NEFELI;2;15.04.1953;0;2
PELDADE;2;19.04.1992;0;2
HOZNU;2;7.02.1946;2;0
HOSNUGUL;2;7.02.1970;0;2
LASEMIN;2;26.09.1988;0;2
EKZEMIN;2;17.03.1987;0;2
CAZIYETE;2;21.03.1966;0;2
NAZLISEN;2;17.09.1971;0;2
SUNAYYA;2;17.02.1966;0;2
EDDUL;2;23.10.1931;0;2
NUHDIN;2;17.05.1978;2;0
VURMAZ;2;17.04.1984;2;0
AMRIYE;2;17.12.1948;0;2
MERSURIYE;2;5.12.1981;0;2
MUHBILAH;2;3.06.1980;2;0
HEYLO;2;7.02.1958;0;2
BEVIDE;2;7.02.1964;0;2
KUTTBETTIN;2;21.01.1948;2;0
ECRIFET;2;5.05.1975;0;2
GARISAH;2;16.11.1982;0;2
MUHUDUN;2;12.02.1965;2;0
MAREH;2;2.07.1951;0;2
NASHIYE;2;5.12.1982;0;2
ZIDI;2;23.03.1937;0;2
LIHAZIM;2;7.08.1928;2;0
ZEKU;2;14.07.1953;0;2
EMOKI;2;21.02.1940;0;2
SEVISTAN;2;19.04.1990;0;2
ZELIHI;2;27.02.1974;0;2
MAKIYET;2;16.04.1965;0;2
HANIKI;2;26.02.1941;0;2
BINAMET;2;5.05.1975;0;2
KEYSO;2;26.06.1961;0;2
SAHTUN;2;30.04.1987;2;0
DURHO;2;10.10.1934;2;0
MEMMO;2;27.06.1938;2;0
MELEFI;2;7.02.1975;0;2
NENISE;2;7.02.1981;0;2
CEVHOR;2;7.05.1939;2;0
MINTEZE;2;13.09.1983;0;2
RADDIYA;2;25.12.1978;0;2
BAZIHA;2;12.02.1983;0;2
ZEKKO;2;7.08.1928;0;2
EBRIHE;2;22.04.1973;0;2
ZELEHI;2;21.04.1980;0;2
MEMTEZE;2;26.10.1984;0;2
GOLNAS;2;25.06.1973;0;2
OTI;2;17.03.1942;2;0
YUMRET;2;22.02.1973;0;2
MAHLEP;2;25.12.1977;2;0
MUTBAK;2;29.10.1972;2;0
ABDULMUHSUN;2;2.02.1957;2;0
NISILIYE;2;17.02.1972;0;2
CAHVIT;2;12.03.1980;2;0
NETRE;2;17.02.1978;0;2
AMONIEL;2;16.04.1958;2;0
FIKOS;2;6.07.1977;0;2
SEYIDBILAL;2;17.05.1990;2;0
LILLY;2;8.11.1976;0;2
GOHUT;2;10.05.1961;2;0
HAYAFA;2;22.02.1931;0;2
ISJAN;2;29.09.1988;2;0
CEYSO;2;26.06.1978;0;2
GARNOS;2;8.10.1967;2;0
MAGDELANE;2;30.2.1989;0;2
FAHRUMIYE;2;13.04.1953;0;2
ALDIYER;2;30.11.1973;2;0
SIDURI;2;26.04.1989;0;2
LEYNO;2;27.03.1980;0;2
ISOFEHMI;2;17.08.1924;2;0
LULYANA;2;16.09.1989;0;2
BEYRATE;2;27.08.1967;0;2
MARGET;2;26.07.1988;0;2
GABRIYELE;2;14.12.1991;0;2
ENDEREUS;2;27.01.1944;2;0
KOSNTANTIN;2;7.11.1982;2;0
NINAVA;2;21.09.1982;0;2
FEYREME;2;18.08.1988;0;2
MAHBO;2;27.02.1950;0;2
RAVHI;2;6.11.1990;2;0
HAYLI;2;12.08.1923;0;2
ZEYTO;2;12.02.1971;2;0
MARIEN;2;14.05.1989;0;2
ATLAFUN;2;6.01.1977;2;0
ORSINA;2;25.02.1992;0;2
BILGES;2;21.08.1982;0;2
NAZEDAR;2;17.03.1990;0;2
NADKA;2;25.08.1983;0;2
CANDERK;2;7.10.1963;0;2
SANDRELLA;2;2.06.1980;0;2
TREI;2;7.08.1982;0;2
KATARINE;2;17.08.1930;0;2
USULA;2;7.11.1977;0;2
NIZHET;2;22.12.1958;0;2
ROMEL;2;1.03.1982;2;0
KIRISTIYAN;2;23.05.1987;2;0
NUVAL;2;12.02.1965;0;2
GEDAM;2;2.10.1980;2;0
MUNHATA;2;21.02.1971;0;2
MICHAYELEA;2;16.08.1981;0;2
ROLANT;2;23.04.1979;2;0
ERYO;2;11.06.1982;2;0
REHELLE;2;2.05.1969;0;2
YILDIL;2;7.02.1964;0;2
BEYTNEHRIN;2;21.11.1979;0;2
NIMROD;2;30.06.1981;2;0
KAYSEN;2;21.05.1965;0;2
HANIBEL;2;11.06.1967;2;0
HELANE;2;18.01.1982;0;2
CULYANE;2;23.11.1979;0;2
SINIK;2;2.02.1967;2;0
ELIJAS;2;22.03.1988;2;0
ELERIYE;2;11.12.1983;0;2
MAZHARATTIN;2;4.12.1962;2;0
DURYETE;2;8.08.1986;0;2
ZAHU;2;16.05.1975;0;2
SLEMIN;2;28.05.1982;2;0
REBERT;2;26.11.1978;2;0
ESRES;2;16.10.1968;2;0
SIBILIYA;2;21.06.1967;0;2
YAVNO;2;27.02.1962;2;0
SUMINI;2;8.08.1949;0;2
ROJVIN;2;24.01.1975;0;2
PIERRA;2;27.06.1981;2;0
TIRIZE;2;18.02.1960;0;2
DANYELE;2;21.04.1987;0;2
SHERIN;2;12.01.1989;0;2
TAMBIYA;2;13.12.1991;0;2
SIMME;2;25.04.1969;0;2
KESLEDI;2;2.02.1981;0;2
HERIP;2;2.03.1981;2;0
HAFDI;2;12.02.1947;2;0
PERWIN;2;13.06.1991;0;2
JOHNNY;2;16.07.1985;2;0
JOCGULINE;2;5.05.1981;0;2
DELILO;2;20.06.1966;0;2
ARJIYAN;2;24.07.1990;0;2
GETIYE;2;27.03.1988;0;2
HORIS;2;2.05.1951;2;0
DIREYI;2;21.01.1981;2;0
LAURAJALE;2;1.01.1969;0;2
MORTINO;2;4.11.1975;0;2
LISASIBEL;2;11.03.1971;0;2
M.BILAL;2;29.05.1976;2;0
ELBIRET;2;17.02.1984;0;2
FAROK;2;14.09.1990;2;0
MUSTEHFIRA;2;22.08.1943;0;2
NEDLIN;2;3.03.1975;0;2
RAWIYA;2;22.08.1979;0;2
M.SULTAN;2;22.01.1973;2;0
MUFERID;2;21.01.1968;2;0
ANTANIYOS;2;21.04.1965;2;0
NISRATIN;2;12.05.1969;2;0
ILORA;2;13.02.1966;0;2
TOMMI;2;19.04.1979;2;0
HESLI;2;9.02.1979;0;2
BIRBERE;2;15.11.1986;0;2
IHMEYDI;2;13.04.1947;2;0
DILIANA;2;17.02.1991;0;2
ELBIRTA;2;17.07.1978;0;2
CEYNIS;2;7.08.1928;2;0
KETIYBE;2;13.04.1971;0;2
USE;2;29.05.1950;2;0
LEMSO;2;3.05.1962;0;2
JIMMY;2;11.12.1985;2;0
VIKTORE;2;18.11.1960;0;2
ELIVIN;2;23.09.1975;0;2
GULSUMER;2;23.05.1961;0;2
ABCET;2;17.06.1978;2;0
BRAHIM;2;20.07.1989;2;0
VIVIENE;2;15.04.1986;0;2
ANDARAUZ;2;7.08.1940;2;0
NANSI;2;16.11.1983;0;2
NASILA;2;28.04.1956;0;2
ANVERT;2;8.07.1981;2;0
CURUSE;2;23.06.1955;0;2
DIYERIYE;2;6.09.1990;0;2
IBRIZED;2;7.03.1976;0;2
MEVDUA;2;17.06.1972;0;2
NIYLE;2;27.02.1974;0;2
DANILE;2;8.03.1982;2;0
LISBAH;2;13.03.1964;0;2
SERGIS;2;22.02.1967;2;0
MEMIRCAN;2;11.01.1985;0;2
AMETELLA;2;2.01.1981;0;2
SEHZENAT;2;6.05.1975;0;2
SEHAZZO;2;10.10.1939;2;0
MARIDIYE;2;27.03.1974;0;2
DIVVA;2;13.01.1956;0;2
AMONUEL;2;3.02.1963;2;0
LUCINDE;2;20.07.1984;0;2
IMSAFI;2;17.02.1972;0;2
LUSIE;2;24.08.1978;0;2
JOHANES;2;16.07.1980;2;0
KARDIN;2;7.02.1989;0;2
REZUK;2;8.08.1964;2;0
ROKIYETA;2;28.01.1983;0;2
RAGYATE;2;18.05.1982;0;2
ABDULKAHR;2;19.12.1981;2;0
ABDULMURTAZA;2;19.12.1978;2;0
HUVAYDIL;2;11.03.1985;0;2
YEZGIN;2;27.11.1980;2;0
FARCO;2;19.07.1966;2;0
KAIZE;2;9.12.1990;0;2
KESERE;2;1.03.1967;0;2
DEHDIS;2;27.02.1974;2;0
HIRMIZ;2;27.02.1938;2;0
ELBARA;2;27.02.1956;0;2
MATTHAEUS;2;6.10.1990;2;0
ZAMATA;2;2.08.1963;0;2
ENDEREVOS;2;27.04.1950;2;0
MARUSEN;2;27.04.1974;0;2
LAMHEN;2;7.02.1970;0;2
HACEM;2;1.10.1985;0;2
SEMLANI;2;17.08.1924;0;2
SERILLAH;2;1.08.1982;2;0
CUZFIN;2;17.03.1970;0;2
ILOK;2;19.06.1929;0;2
AMILIN;2;2.07.1970;0;2
LILLANA;2;17.04.1992;0;2
DAHHO;2;16.04.1956;2;0
APTONIA;2;25.08.1988;0;2
PIEER;2;22.10.1985;2;0
GEORIGE;2;23.03.1984;2;0
BISIM;2;23.02.1979;2;0
SAROKIN;2;23.08.1980;0;2
VILYANA;2;13.01.1965;0;2
RIN;2;9.01.1973;0;2
DEVID;2;27.01.1983;2;0
MEREMI;2;26.12.1941;0;2
MOVRIZIO;2;20.08.1985;2;0
OROM;2;1.10.1979;2;0
JANNE;2;10.09.1975;0;2
MARSILYA;2;16.02.1986;0;2
ADWAR;2;2.09.1983;2;0
FERUSHAN;2;1.01.1969;0;2
SEKRIZAN;2;21.05.1948;0;2
ZIKEYE;2;6.06.1982;0;2
NIKLAS;2;11.08.1988;2;0
DANIAL;2;10.02.1988;2;0
EDVERD;2;2.07.1951;2;0
FELEKNAZI;2;27.04.1956;0;2
NURSIVEN;2;25.08.1978;2;0
NASICA;2;6.02.1980;0;2
ILIJBAH;2;24.05.1955;0;2
NABERT;2;27.01.1935;0;2
DELLU;2;12.02.1929;0;2
NICBAH;2;11.06.1973;0;2
HAYAFAR;2;8.12.1951;0;2
VATFO;2;4.03.1951;0;2
SINIVIL;2;12.02.1947;2;0
GEHUI;2;2.08.1915;0;2
MENDUSIYE;2;19.07.1978;0;2
NEYSERAN;2;1.08.1978;0;2
SAINI;2;27.02.1944;0;2
NAHROZ;2;9.11.1976;2;0
ELIJABET;2;19.09.1961;0;2
FARCA;2;27.02.1932;0;2
LIJBE;2;19.08.1930;0;2
ROBIR;2;22.12.1985;2;0
JOZEFH;2;13.03.1980;2;0
KESSIBAN;2;8.08.1974;0;2
CUZEYF;2;3.04.1951;2;0
SEVERIOS;2;12.06.1991;2;0
SANHAARIP;2;28.07.1978;2;0
HELENCRSTINA;2;13.10.1981;0;2
VARHI;2;7.08.1934;0;2
NABUCHABNOSAR;2;8.06.1978;2;0
DITA;2;2.05.1982;0;2
MINSON;2;26.05.1986;0;2
ENICE;2;9.10.1989;0;2
HARFAT;2;15.12.1991;2;0
HARAMSIYE;2;22.03.1979;0;2
ROMIL;2;15.08.1980;2;0
CAZFIN;2;12.02.1941;0;2
ZAHORA;2;2.05.1970;0;2
DEKLATH;2;12.10.1984;0;2
CHRISTIYEN;2;2.12.1979;2;0
VEDO;2;22.08.1925;0;2
METEY;2;11.12.1983;2;0
YAHKOP;2;27.02.1956;2;0
OSTYAN;2;25.07.1961;0;2
MATYUS;2;29.2.1991;2;0
FEYNEZZUR;2;28.06.1973;2;0
JAKOP;2;2.05.1963;2;0
BEDNARIN;2;13.09.1976;0;2
ARIDA;2;1.09.1978;0;2
ELINIE;2;9.08.1974;0;2
ELILYA;2;26.04.1963;0;2
KASTANTINIYE;2;27.09.1938;0;2
ZINAVAR;2;7.05.1976;2;0
NAUZAT;2;1.01.1990;2;0
FARCIYE;2;21.11.1972;0;2
MEHAVI;2;7.03.1970;2;0
ANDORA;2;16.07.1982;0;2
HARNUF;2;18.04.1960;0;2
MENCUK;2;16.11.1982;0;2
NARAMSIN;2;18.08.1991;2;0
FLEMIN;2;26.03.1976;0;2
HIZMO;2;16.03.1957;0;2
ELINOR;2;15.02.1984;0;2
CHAMIRAN;2;12.01.1977;0;2
ANDRIAS;2;18.08.1987;2;0
MANNIRA;2;1.03.1948;0;2
GINVE;2;21.10.1982;0;2
ELISEBATH;2;8.10.1974;0;2
LUCAS;2;14.02.1983;2;0
MADLEEN;2;24.12.1990;0;2
ALDRIN;2;11.05.1982;0;2
CULYANO;2;24.08.1973;2;0
FUTRUS;2;9.02.1970;2;0
METHER;2;17.02.1948;0;2
TERIBE;2;2.09.1939;0;2
FERSEH;2;27.02.1974;0;2
AGNIZ;2;1.01.2001;0;2
FARUCULLAH;2;1.01.2001;2;0
ANDREYAS;2;16.11.1986;2;0
SHEMIRAN;2;16.08.1977;0;2
ANDRAVUZ;2;16.12.1956;2;0
MORITZ;2;20.12.1983;2;0
ANELREA;2;15.01.1982;0;2
HANNLERE;2;24.01.1981;0;2
ILITA;2;11.01.1957;0;2
MEMETBESIR;2;27.06.1929;2;0
EDHEMO;2;27.02.1974;2;0
KEMALEITTIN;2;4.02.1972;2;0
ELBISABETH;2;9.02.1990;0;2
MAHARIN;2;14.02.1986;0;2
FIRENCESKE;2;2.04.1977;0;2
EFGENIA;2;25.11.1974;0;2
MATTHEUS;2;1.02.1989;2;0
AVNAT;2;1.04.1991;0;2
ASSYRIA;2;25.02.1979;0;2
FILEKSINOS;2;19.03.1978;2;0
BETHNAHRIN;2;6.07.1981;0;2
BEDNEHRIN;2;22.03.1973;0;2
AHRUL;2;14.11.1972;2;0
ZIYALE;2;8.04.1970;0;2
ELIKSANDRA;2;9.01.1972;0;2
AMONYEL;2;27.02.1950;2;0
SEVRUN;2;7.01.1981;0;2
GILYANA;2;6.07.1981;0;2
YUNAN;2;27.12.1955;2;0
NIBEHE;2;17.02.1966;0;2
KEYSETTIN;2;11.02.1980;2;0
CEFFI;2;7.02.1946;2;0
WALAT;2;28.09.1987;2;0
POLINMUKADDES;2;18.09.1976;0;2
PEYRIT;2;6.01.1970;0;2
BERSAVUM;2;4.01.1941;2;0
GELGAMESH;2;20.09.1981;2;0
ORAKA;2;9.08.1978;0;2
KUSTANTIN;2;29.03.1965;2;0
ELINI;2;18.08.1941;0;2
SANHARIB;2;30.03.1986;2;0
MAJDA;2;11.10.1979;0;2
ISLEYMUN;2;17.08.1912;2;0
ABJAR;2;21.10.1981;2;0
JONNIY;2;30.06.1978;2;0
SIMONI;2;12.02.1960;0;2
SULEFE;2;2.04.1976;0;2
YILMAZHAR;2;11.01.1938;2;0
YILFAN;2;10.12.1985;2;0
KINORA;2;24.08.1984;0;2
FEBRUMIYE;2;14.04.1982;0;2
LIDYAL;2;7.04.1964;0;2
BARSI;2;2.08.1927;2;0
TURMERI;2;23.04.1973;0;2
MESDEL;2;6.06.1987;2;0
OZALIYE;2;16.08.1965;0;2
KESNEDE;2;21.07.1987;0;2
TEVVAR;2;27.11.1956;2;0
SIYADERE;2;22.02.1961;0;2
ISHAKO;2;25.05.1938;2;0
IHVEDEDE;2;27.08.1974;2;0
GULFAKAR;2;20.07.1982;0;2
FERAHMENCI;2;13.11.1985;0;2
HIPO;2;2.02.1969;2;0
WANGYU;2;22.11.1979;2;0
ROZINE;2;16.01.1978;0;2
PHELIPPE;2;29.03.1971;0;2
SONY;2;10.02.1974;0;2
SILWA;2;17.12.1980;0;2
MANUELE;2;29.07.1972;0;2
EMENUEL;2;26.04.1966;2;0
KRYAKOS;2;17.09.1960;2;0
ABDULBATI;2;16.11.1981;2;0
HIZNIYI;2;27.02.1974;0;2
JACLYN;2;29.04.1988;0;2
TEHERESA;2;17.12.1984;0;2
DONIS;2;1.06.1984;0;2
SIMUNNI;2;2.02.1945;0;2
FAULUS;2;28.11.1989;2;0
HAMNO;2;8.02.1958;0;2
FATROS;2;13.04.1979;2;0
MUALYE;2;29.06.1981;0;2
HEYBATULLAH;2;21.10.1986;2;0
IRDOGAN;2;30.04.1933;0;2
GUINA;2;28.01.1988;0;2
KECE;2;12.04.1971;0;2
SABGIYE;2;17.02.1960;0;2
ILHEMI;2;27.06.1980;2;0
MINUVER;2;26.08.1978;0;2
SOBHIYE;2;27.08.1968;0;2
FIRAYSE;2;6.02.1981;0;2
SEHREHAN;2;26.03.1939;0;2
ELBUHAR;2;27.02.1974;0;2
IHVADIDA;2;26.07.1959;2;0
SUBHIYYE;2;27.12.1950;0;2
JESSRA;2;12.04.1986;0;2
NESLINAN;2;19.02.1980;0;2
ZAKARIYA;2;26.05.1988;2;0
HUVVEZ;2;28.03.1974;2;0
ABDULVEHEB;2;17.06.1973;2;0
MECIDO;2;22.01.1936;2;0
ZIHDO;2;7.02.1976;0;2
OLLA;2;25.05.1985;0;2
MEBRURA;2;12.01.1929;0;2
ESMIYHAN;2;2.11.1981;0;2
IZYAD;2;20.03.1976;2;0
MEHDO;2;2.02.1951;0;2
HENYE;2;4.06.1975;0;2
RASCHID;2;2.12.1988;2;0
HIMME;2;7.02.1946;0;2
TADVA;2;1.06.1990;0;2
OLUTE;2;17.02.1960;0;2
PHILIPUS;2;6.11.1982;2;0
IHRAT;2;22.09.1991;2;0
BENYAMEN;2;8.06.1989;2;0
MISHARIMA;2;7.12.1989;0;2
KHANOM;2;27.08.1944;0;2
OLLE;2;17.06.1980;2;0
CHAMS;2;23.02.1974;0;2
RENYA;2;1.07.1986;0;2
ARDREA;2;9.10.1982;0;2
JOHNANDRIAS;2;30.06.1981;2;0
TACDO;2;7.12.1946;2;0
CUHI;2;12.02.1941;2;0
KETTINA;2;18.06.1986;0;2
ALEEDIN;2;7.02.1964;2;0
GEVVI;2;16.06.1940;2;0
JENDERK;2;8.02.1980;0;2
COZLIN;2;15.12.1984;0;2
GIRAT;2;9.03.1976;0;2
MECKUNO;2;2.08.1909;2;0
FIRYELN;2;20.06.1978;0;2
ALKSANDRA;2;4.03.1989;0;2
JONETH;2;7.03.1979;0;2
DOROSI;2;16.04.1985;0;2
JONES;2;11.08.1985;2;0
CHERISTINA;2;24.02.1978;0;2
SIMUNE;2;10.05.1989;0;2
DENIEL;2;14.09.1981;2;0
LAMO;2;18.04.1951;0;2
M.ZEYNI;2;21.01.1978;2;0
VESIDA;2;17.10.1978;0;2
NEZHIYE;2;7.02.1982;0;2
MAGIME;2;14.05.1959;0;2
HADICO;2;18.02.1954;0;2
ENDIREVOS;2;16.08.1986;2;0
ROHEL;2;30.07.1986;0;2
BERBARA;2;12.04.1982;0;2
ENDEREOS;2;7.03.1982;2;0
NIJBAH;2;24.09.1980;0;2
SALITO;2;7.01.1988;2;0
GIRIGO;2;15.04.1933;2;0
FETRUS;2;23.02.1970;2;0
ABGAR;2;27.07.1986;2;0
NAZZI;2;23.04.1961;0;2
FILIFOS;2;12.11.1989;2;0
BASILIYOS;2;15.02.1991;2;0
FURVAN;2;27.02.1974;0;2
SIRADDIN;2;1.05.1979;2;0
ZIRULLAH;2;22.03.1991;2;0
MELEZIN;2;22.11.1991;0;2
FIRYALI;2;25.06.1959;0;2
CEHIDA;2;30.09.1985;0;2
KISMETI;2;2.05.1975;0;2
ABDULKILAM;2;27.01.1968;2;0
HARICO;2;12.02.1947;0;2
SIGAYRA;2;7.04.1970;0;2
REVIZATE;2;1.02.1974;0;2
MENEZIR;2;27.03.1986;0;2
ANNUDE;2;19.10.1989;0;2
MUNAHI;2;2.02.1981;0;2
NECCUDE;2;19.10.1989;0;2
KIPSI;2;17.08.1936;0;2
KEYVI;2;17.02.1960;0;2
CUMSITSAH;2;17.02.1978;2;0
RAHMATTULAH;2;7.02.1976;2;0
ZECRE;2;26.03.1983;0;2
SACIRA;2;2.02.1975;0;2
SAKKIR;2;12.10.1935;2;0
CILAL;2;17.02.1954;2;0
DAYEL;2;12.11.1983;2;0
AMANYIL;2;21.09.1980;2;0
ZENAVAR;2;21.10.1971;2;0
RADYETA;2;26.03.1955;0;2
SIHENE;2;27.01.1974;0;2
PULUS;2;1.06.1986;2;0
NESRIL;2;12.02.1971;0;2
FAVAY;2;12.03.1941;0;2
ENSIHAN;2;7.02.1970;0;2
SABATULLA;2;7.06.1982;2;0
TEBRIZEN;2;21.11.1966;0;2
GELEBDUN;2;17.02.1936;2;0
SINOKE;2;22.02.1961;0;2
UBEDO;2;7.02.1964;2;0
KAORIYE;2;26.03.1985;0;2
SAHZENAT;2;17.07.1984;0;2
ABULMANAF;2;15.05.1954;2;0
KARACUN;2;7.02.1940;2;0
FADLUN;2;21.11.1991;2;0
HAYAFE;2;24.04.1939;0;2
CEFALA;2;2.02.1951;0;2
YESRIVE;2;1.09.1985;2;0
ALBERA;2;27.04.1968;0;2
VENSIYE;2;29.01.1980;0;2
LEME;2;2.02.1975;0;2
MEHMETMAHSUM;2;7.06.1968;2;0
MUKEIL;2;22.02.1967;2;0
KEYFAN;2;17.02.1984;2;0
BEYENDUL;2;3.10.1985;2;0
HEBETTIN;2;27.02.1970;2;0
BILINDAR;2;3.11.1991;2;0
ENTISAN;2;29.08.1988;0;2
GIZLE;2;4.12.1988;0;2
BINDEST;2;30.12.1985;2;0
KENIVAR;2;4.12.1987;2;0
YIMNE;2;1.05.1991;0;2
MELULE;2;4.03.1990;0;2
SEYRENI;2;2.06.1975;0;2
ROHEME;2;27.01.1962;0;2
TUMEYLE;2;22.08.1991;0;2
SEHINABAT;2;12.02.1971;0;2
TECIHE;2;7.09.1979;0;2
BUSRET;2;7.05.1989;0;2
KUPRISE;2;21.03.1967;0;2
HAMRIK;2;25.06.1949;0;2
YULYANE;2;17.02.1976;0;2
KEVTEP;2;30.10.1957;0;2
KESNEDI;2;12.08.1968;0;2
ELISABAT;2;6.01.1966;2;0
MISCHEL;2;30.09.1989;2;0
ADVERD;2;12.02.1965;2;0
SEMSIHAT;2;15.03.1965;0;2
LEDYE;2;7.03.1958;0;2
IZNIHAT;2;27.05.1986;0;2
PERUSHAN;2;26.05.1978;0;2
HINDIR;2;27.02.1932;0;2
SILEMAN;2;15.11.1991;2;0
BABRA;2;10.06.1982;0;2
JENAN;2;22.08.1979;0;2
ZEKALETTIN;2;16.11.1970;2;0
ZANNUR;2;11.10.1985;2;0
TAKYE;2;2.05.1987;0;2
KEFSUME;2;2.05.1975;0;2
MUHSUL;2;15.01.1976;2;0
GERFALI;2;17.02.1942;0;2
CAHLIN;2;16.12.1971;0;2
MAKIRIT;2;21.02.1947;0;2
CANLIYE;2;12.05.1965;0;2
PEYRU;2;12.02.1941;2;0
SEWEM;2;18.11.1980;2;0
GIPPA;2;4.10.1975;0;2
MATTEUS;2;24.03.1991;2;0
EMELIM;2;4.06.1976;0;2
IRMIK;2;16.05.1970;2;0
HIZMIK;2;6.02.1956;0;2
FATIMK;2;7.08.1928;0;2
DEMEET;2;21.04.1982;0;2
MATEHUS;2;26.11.1989;2;0
MIKRUME;2;23.02.1961;0;2
CERIZE;2;1.05.1956;0;2
MATIYUS;2;4.08.1990;2;0
KRSTINA;2;1.06.1983;0;2
BUNILLA;2;22.10.1977;0;2
ZEYNULABDIN;2;17.03.1966;2;0
ERDES;2;9.06.1976;2;0
NAZGIN;2;16.05.1987;2;0
ZULFATA;2;7.01.1977;0;2
MORIZ;2;16.07.1983;2;0
ENDURU;2;25.06.1974;2;0
HAYEFE;2;22.02.1955;0;2
DEGERLI;2;6.10.1991;2;0
GIZALE;2;22.04.1961;0;2
SALIBO;2;25.07.1969;2;0
VAHBIYET;2;30.10.1948;0;2
ELMASYA;2;11.12.1973;0;2
SORGULE;2;21.04.1982;0;2
MECIZE;2;12.02.1983;0;2
CIHAZE;2;2.02.1981;0;2
SERBETE;2;6.01.1976;0;2
TIINA;2;5.02.1969;0;2
NEGOR;2;12.11.1959;0;2
DULLUCAN;2;13.02.1982;0;2
GULFARIN;2;22.06.1979;0;2
ROSTUM;2;2.02.1975;2;0
MUHUTEZE;2;7.02.1970;2;0
PIRKEMEL;2;26.12.1990;2;0
AMUSA;2;28.04.1956;0;2
AYICHEN;2;24.04.1962;0;2
EMGELE;2;12.03.1977;0;2
MAYDET;2;2.02.1975;0;2
NUEY;2;18.08.1983;2;0
TERFAN;2;12.04.1985;0;2
DOLGES;2;24.03.1980;0;2
ROHUL;2;17.12.1980;0;2
VENO;2;17.02.1978;2;0
CICCO;2;12.02.1977;2;0
ENDRAVOS;2;22.03.1965;2;0
MARINNA;2;18.05.1989;0;2
SERGON;2;11.07.1977;0;2
NUSLO;2;17.02.1936;0;2
SEHBATTIN;2;20.05.1974;2;0
FIRHET;2;29.2.1966;0;2
NAZAMEDIN;2;29.01.1970;2;0
ZEBRICAN;2;2.02.1963;0;2
BAIZ;2;11.09.1937;0;2
ANFIYE;2;22.03.1979;0;2
SUVARDIN;2;1.10.1985;2;0
VEFAA;2;2.10.1981;0;2
ARBELLA;2;2.03.1981;0;2
PESLIN;2;2.07.1988;0;2
MORAT;2;17.10.1990;2;0
ANTALIN;2;15.12.1983;0;2
HUSNATA;2;17.11.1972;0;2
YUHANON;2;6.10.1986;2;0
IDIRAVUS;2;30.06.1974;2;0
ISLEMIN;2;26.06.1984;2;0
AFREM;2;21.10.1986;2;0
AYVES;2;24.01.1967;0;2
GITRAN;2;17.02.1982;2;0
GAZIK;2;17.02.1942;0;2
HIRYET;2;27.05.1986;0;2
KEYMI;2;3.09.1962;0;2
SENGO;2;2.02.1979;2;0
VALLI;2;4.02.1990;0;2
HINDIZAN;2;26.05.1989;0;2
NEVJIN;2;1.02.1985;0;2
HUSEYMETE;2;12.02.1971;0;2
RUNAS;2;26.11.1971;0;2
NASEBI;2;2.11.1975;0;2
MECBURRE;2;7.02.1976;0;2
URVETULLAH;2;7.03.1982;2;0
ZEYFET;2;22.08.1961;2;0
ROHNAYI;2;29.01.1991;0;2
MUZAYAN;2;19.02.1984;0;2
MEDKIYE;2;13.04.1941;0;2
MECDER;2;27.02.1956;2;0
ABDULHAFIF;2;1.12.1982;2;0
FUSAL;2;17.02.1954;2;0
ABDULKUDIS;2;18.06.1983;2;0
AFDIN;2;27.02.1968;2;0
DILIMAN;2;6.04.1984;0;2
ERDISEYR;2;14.06.1972;2;0
HURSITSAH;2;17.01.1966;2;0
EYLIFA;2;13.01.1964;0;2
EMRATA;2;13.02.1980;0;2
RUVEIDE;2;28.02.1974;0;2
MUHUMMUT;2;23.02.1947;2;0
NEHBET;2;28.05.1948;0;2
BESSNE;2;7.02.1964;0;2
MUNVAR;2;12.11.1977;0;2
DAIELA;2;20.06.1979;0;2
DELBIRIN;2;19.07.1981;2;0
ELFESYAN;2;1.12.1976;2;0
FARRASIN;2;12.04.1965;0;2
FAKTORIYE;2;1.10.1978;0;2
KEVKES;2;16.11.1986;2;0
GULSILEN;2;26.05.1989;0;2
GEBRU;2;1.07.1990;2;0
YUHHANNA;2;9.09.1988;2;0
PEVLUS;2;14.02.1980;2;0
BEYOND;2;7.02.1988;2;0
DOLFIN;2;26.04.1985;0;2
AUGIN;2;30.04.1991;2;0
FIKTURIYE;2;26.03.1967;0;2
SITERYE;2;1.05.1982;0;2
GEHVI;2;29.08.1950;0;2
MENDIRAN;2;15.07.1971;0;2
SININI;2;12.02.1965;0;2
CEYHETE;2;20.02.1972;0;2
SIRGEL;2;7.06.1988;2;0
CHERIF;2;2.05.1989;2;0
FABRA;2;26.06.1953;0;2
SENHARIB;2;3.02.1986;2;0
CEDGAN;2;15.06.1956;2;0
ZUMRETTAR;2;17.06.1972;0;2
KEYFEGOS;2;17.02.1972;0;2
KENGI;2;12.02.1976;2;0
DILGEHAN;2;2.02.1981;0;2
BARIZOR;2;21.02.1992;2;0
FATTHIYE;2;12.02.1983;0;2
SAHRAZAD;2;27.03.1968;2;0
ALAJIN;2;9.09.1982;0;2
EFITAP;2;22.04.1973;0;2
MENDELI;2;2.02.1945;2;0
HEDIVAR;2;22.07.1991;0;2
AKESET;2;1.11.1979;2;0
HUNDEKAR;2;3.03.1974;0;2
GAMGIN;2;11.07.1981;2;0
SEVAFI;2;6.03.1975;0;2
MENSUMA;2;20.09.1991;0;2
MIHIBIL;2;22.02.1931;2;0
FVUZE;2;22.02.1979;0;2
FARANSIN;2;28.10.1984;0;2
GANGIN;2;14.05.1978;2;0
DAISAM;2;6.08.1973;2;0
PATTE;2;12.01.1986;2;0
MATINE;2;27.01.1986;0;2
ERJIN;2;12.01.1989;0;2
GERETTIN;2;13.06.1964;2;0
REKAR;2;26.12.1991;2;0
KAWME;2;16.05.1987;2;0
BAHLO;2;27.02.1980;2;0
SALMEDDIN;2;2.02.1975;2;0
BILNEZ;2;11.05.1976;0;2
MITAZSIM;2;27.06.1980;0;2
FEYRUSEN;2;22.06.1982;0;2
HAMRATA;2;26.10.1969;0;2
ANVAN;2;11.08.1985;2;0
BANGHI;2;19.09.1987;2;0
LUDYA;2;7.05.1987;0;2
APEDIN;2;22.06.1985;2;0
MEFREDA;2;22.02.1979;0;2
HINEYNE;2;1.01.1944;0;2
ZEMOHAN;2;26.09.1983;2;0
TACIHE;2;26.05.1967;0;2
ZEYDINE;2;13.06.1975;0;2
RESSMI;2;20.10.1987;2;0
SIMIT;2;11.04.1991;2;0
VESNE;2;12.02.1953;0;2
CHAHEZA;2;15.05.1971;0;2
EMOSAH;2;8.06.1957;0;2
YEKBUM;2;11.04.1981;0;2
MIHANI;2;27.02.1968;0;2
HINDAN;2;25.05.1991;0;2
ROKES;2;7.02.1989;2;0
HIVINI;2;26.02.1981;0;2
MUGRUBIYE;2;15.10.1968;0;2
ELBIRIN;2;12.02.1983;0;2
NEZIHEF;2;9.09.1989;0;2
DIYEADDIN;2;21.08.1977;2;0
AREB;2;29.04.1929;0;2
KULEYIP;2;12.02.1977;2;0
MENDISTAN;2;29.08.1980;0;2
SEFYETA;2;6.10.1966;0;2
DULFIKAR;2;22.07.1987;0;2
BARO;2;30.03.1956;2;0
MASHUT;2;27.10.1987;2;0
DILGIHA;2;13.12.1977;0;2
RENDO;2;20.04.1948;0;2
FIZURUN;2;5.03.1963;2;0
KULSRAN;2;23.06.1986;0;2
VEJDAN;2;7.03.1982;0;2
ZEVIYYE;2;12.04.1965;0;2
NIROUZ;2;6.04.1984;0;2
ASKADIN;2;2.10.1987;2;0
NEZRETE;2;14.03.1952;0;2
MIZGINI;2;27.02.1980;0;2
HACIYI;2;27.08.1972;0;2
RIIDI;2;7.02.1946;2;0
KAMARAYIN;2;1.06.1961;0;2
ZETLEMIRE;2;2.05.1975;0;2
CAHYEDDIN;2;1.01.1978;2;0
MAHERDIKER;2;7.06.1988;0;2
BEZEDE;2;27.05.1978;2;0
UBUZET;2;1.05.1972;2;0
MUBLIME;2;8.04.1981;0;2
KEJIHAN;2;22.02.1943;0;2
MERTEZIN;2;18.08.1972;0;2
BEYYEDDIN;2;2.02.1981;2;0
EZBIREN;2;2.07.1986;0;2
NARETTIN;2;8.01.1952;2;0
GURCANE;2;4.05.1939;0;2
FABRUNIYA;2;10.06.1978;0;2
GARIFALIA;2;2.02.1957;0;2
GUTTI;2;7.07.1939;0;2
HAVCIKO;2;7.08.1934;2;0
BABEKKIR;2;21.05.1954;2;0
ANNUDA;2;22.04.1955;0;2
AKHIN;2;19.08.1984;0;2
HALIHE;2;27.02.1980;0;2
FAYAZA;2;17.02.1966;0;2
TAYREDDIN;2;27.12.1973;2;0
ZENEVER;2;2.02.1981;2;0
HEVRAS;2;12.02.1989;2;0
HARARI;2;27.08.1932;0;2
MIR-I;2;11.12.1967;2;0
MIHED;2;12.02.1965;2;0
ABUDO;2;11.03.1952;2;0
FESSO;2;9.05.1952;0;2
DEBAA;2;3.04.1939;0;2
GULENI;2;2.02.1957;0;2
ABDUHAKIM;2;7.09.1988;2;0
ETIKETE;2;17.12.1990;0;2
REMIMA;2;6.06.1978;0;2
VENDA;2;3.07.1986;0;2
SITIZEYNEP;2;8.06.1987;0;2
MILLETNUZ;2;22.02.1967;2;0
BENNIYI;2;2.02.1951;0;2
MILLETNAS;2;27.02.1974;2;0
YAVSI;2;27.02.1950;2;0
HAISTAN;2;7.04.1982;0;2
DIRA;2;22.02.1967;0;2
NUEVDE;2;22.02.1937;0;2
CAMIDA;2;21.09.1971;0;2
ILAVEDDIN;2;7.02.1976;2;0
MIRANET;2;18.10.1989;0;2
SIFNA;2;8.03.1936;0;2
INDIRAVUZ;2;29.2.1985;2;0
ROHIL;2;13.06.1975;0;2
HUNAFU;2;27.02.1956;0;2
SLEIFA;2;22.11.1984;0;2
RUMAYLE;2;7.02.1964;0;2
CAZU;2;7.08.1934;0;2
ANNELI;2;3.02.1986;0;2
SUFNA;2;29.2.1979;0;2
TIDORE;2;12.05.1977;0;2
GURCIYA;2;10.02.1986;0;2
MARFIDE;2;17.02.1984;0;2
ABIRAM;2;5.03.1991;2;0
CORE;2;24.08.1989;2;0
INDROWUS;2;3.03.1992;2;0
FENSEP;2;17.02.1972;0;2
GEVEZI;2;19.06.1942;0;2
KENNEDI;2;1.04.1979;2;0
FAHTURIYE;2;17.03.1966;0;2
BINNAYAN;2;1.05.1982;2;0
MIZRO;2;11.09.1964;2;0
BAYLETE;2;17.02.1966;0;2
BEYETE;2;13.10.1968;0;2
BERSAVM;2;7.02.1934;2;0
TERZE;2;13.04.1971;0;2
DENHU;2;22.08.1925;2;0
RAHUL;2;16.06.1970;0;2
EREGLIYE;2;19.06.1985;0;2
SEYERIYOS;2;20.12.1986;2;0
RABIK;2;17.05.1984;2;0
NAZMIR;2;13.05.1975;2;0
ANOT;2;17.02.1972;0;2
DENNIZ;2;27.01.1991;2;0
SEVERYOS;2;15.07.1990;2;0
TUMAZ;2;14.02.1979;2;0
FABRUMIYE;2;10.01.1976;0;2
NEGHAN;2;4.08.1991;0;2
SUSANE;2;19.11.1982;0;2
GURSELENELINE;2;20.02.1972;0;2
JELIS;2;25.10.1980;0;2
ELIZABETSARA;2;18.12.1978;0;2
ZIBRIYE;2;26.10.1962;0;2
BEDHA;2;12.02.1965;0;2
CIVVAN;2;25.04.1991;2;0
BEYRESAH;2;7.02.1976;0;2
KULFA;2;2.05.1969;0;2
ENBIN;2;2.11.1975;2;0
JUAN;2;21.09.1991;2;0
SIVERYAZ;2;29.10.1982;2;0
NUMAL;2;22.03.1985;2;0
HADIDA;2;17.02.1978;2;0
ZINAVIR;2;14.03.1971;2;0
GISIYE;2;19.07.1985;0;2
LONYA;2;29.08.1978;0;2
TEMBELI;2;22.02.1967;2;0
SITARIYA;2;27.10.1987;0;2
FEVES;2;27.02.1980;2;0
MAHFUSA;2;24.04.1973;0;2
TAYTALUZ;2;1.06.1980;2;0
PITUN;2;18.04.1948;0;2
SEFDAN;2;21.03.1982;2;0
KACI;2;21.03.1977;2;0
RIBO;2;2.02.1951;0;2
NESLIHET;2;15.12.1965;0;2
HOSNUGOL;2;4.07.1951;0;2
ZOBAK;2;6.05.1945;2;0
ADREAS;2;10.03.1992;2;0
YEDIRMEZ;2;12.02.1977;0;2
MECIDA;2;23.08.1984;0;2
BORIN;2;27.04.1974;0;2
MENAVAR;2;22.02.1973;0;2
HAVAFA;2;27.02.1968;0;2
DADIS;2;22.02.1943;2;0
DILNEVES;2;23.11.1978;0;2
JISARI;2;2.08.1927;2;0
SUDULEYN;2;6.02.1984;0;2
EMINETI;2;7.01.1946;0;2
NOUJIN;2;18.01.1980;0;2
RAZIHE;2;21.09.1980;0;2
DINARZAR;2;27.02.1980;0;2
NAZAMATIN;2;10.12.1989;2;0
KEYIFHASRAN;2;2.02.1987;2;0
MIGIBIR;2;9.11.1971;2;0
GETIREN;2;12.05.1983;2;0
REYNET;2;16.08.1985;2;0
MEDEMI;2;1.08.1985;2;0
MISBIYE;2;17.02.1966;0;2
HEYFIN;2;19.05.1980;0;2
ENDRAVUZ;2;1.06.1990;2;0
HIZMIYE;2;30.06.1974;0;2
BENEYYE;2;22.07.1967;0;2
ISTEGFIRE;2;2.08.1975;0;2
ABURRAHIM;2;25.01.1991;2;0
HALEBIYE;2;10.11.1976;0;2
NEZEDIN;2;29.03.1956;2;0
RIDVA;2;14.08.1990;2;0
ASIMETE;2;17.02.1954;0;2
RUWAIDA;2;27.11.1975;0;2
MILEIM;2;14.12.1986;2;0
KEYNE;2;7.02.1940;0;2
ELMISAN;2;12.06.1982;0;2
PELSI;2;1.04.1989;0;2
ROMIYE;2;17.06.1960;0;2
SINWAR;2;17.04.1992;2;0
NUJAN;2;2.02.1981;0;2
AGRIN;2;2.11.1987;0;2
GEYBIYE;2;7.02.1970;0;2
MUHAMATHUSEYIN;2;4.02.1989;2;0
MOUHAMEDMAHSAUM;2;2.12.1991;2;0
FOTHA;2;12.06.1965;0;2
ZARIRE;2;28.10.1991;0;2
ZUBAYR;2;22.02.1961;2;0
MUUFA;2;21.11.1977;0;2
BEDIATULCEMAL;2;25.02.1956;0;2
RAAID;2;4.03.1976;2;0
BAKUS;2;2.01.1987;2;0
MATAJ;2;10.10.1990;2;0
INDRAVUS;2;15.07.1982;2;0
BAVCIN;2;16.10.1975;0;2
VALET;2;7.11.1982;2;0
KEHLIYE;2;23.04.1943;0;2
AVNIIYE;2;1.06.1984;0;2
HENIFA;2;2.04.1975;0;2
DEVRIYA;2;17.04.1978;0;2
HOMSI;2;17.03.1936;0;2
GIYASEYDIN;2;27.06.1980;2;0
ARELU;2;7.02.1964;0;2
GLUNAZ;2;21.07.1985;0;2
MONIFA;2;26.05.1971;0;2
EWIN;2;21.05.1990;0;2
ISIRIN;2;30.08.1987;0;2
MEFRO;2;3.09.1977;0;2
MURSIDDIN;2;23.03.1973;2;0
SEYVE;2;17.02.1924;0;2
CAZILE;2;17.02.1954;0;2
MAHDIE;2;10.09.1982;0;2
ANDIRA;2;14.03.1970;0;2
SIHDE;2;7.02.1976;0;2
TASHIYE;2;9.05.1981;0;2
ORIL;2;6.05.1989;2;0
DIMRET;2;2.12.1988;2;0
EVILIN;2;25.06.1984;0;2
KALUUZ;2;15.03.1980;2;0
DUNYEL;2;23.02.1979;2;0
SIMELE;2;18.05.1991;0;2
INDRAVUZ;2;12.02.1965;2;0
KILHET;2;4.07.1972;0;2
SIBEB;2;27.07.1980;2;0
NUDAM;2;6.01.1992;0;2
GEORGA;2;23.09.1988;2;0
LUKSIYA;2;7.12.1970;0;2
GEHRER;2;22.02.1967;0;2
LULIHAN;2;20.05.1978;0;2
MUMINETE;2;12.09.1971;0;2
TESELLIYE;2;1.05.1974;0;2
LAMHA;2;29.06.1946;0;2
KURYAKUS;2;5.12.1972;2;0
TEMMUZO;2;2.02.1951;2;0
NASCHO;2;4.03.1982;0;2
MANCI;2;17.08.1930;0;2
FELIX;2;17.09.1990;2;0
HELALI;2;17.08.1930;0;2
AMJAD;2;27.08.1938;2;0
ANODA;2;3.04.1975;0;2
GILSO;2;17.04.1966;0;2
TAMLA;2;25.02.1976;0;2
ELBIZEN;2;21.01.1980;0;2
EMAYET;2;21.04.1974;0;2
EMSO;2;17.02.1966;2;0
SUSANANN;2;3.02.1954;0;2
HISRAT;2;7.02.1982;2;0
HOCEK;2;2.08.1933;2;0
ZATANUN;2;2.10.1972;0;2
HAZDIN;2;27.02.1974;2;0
SITILILE;2;24.07.1986;0;2
SERBAS;2;11.02.1988;2;0
ISTIRNAS;2;18.02.1990;2;0
HASBEDDIN;2;2.11.1975;2;0
FERZIN;2;22.02.1961;0;2
ELISCHBA;2;27.03.1984;0;2
YESE;2;2.02.1975;0;2
FEHADE;2;26.06.1983;0;2
ZEMRET;2;30.04.1968;0;2
SAFISA;2;22.08.1931;0;2
DICANE;2;23.07.1986;0;2
SITYAZIN;2;27.04.1979;0;2
SAFYADA;2;12.03.1971;0;2
MEHLISA;2;12.02.1941;0;2
FEDEVI;2;4.03.1975;2;0
HAMER;2;29.05.1944;2;0
UMMETE;2;22.06.1977;0;2
HADULI;2;3.02.1951;0;2
MENDISAN;2;17.03.1966;0;2
GELLER;2;2.03.1939;2;0
BERHADAN;2;21.02.1992;2;0
ELBINE;2;16.09.1975;0;2
CILKES;2;23.07.1964;2;0
SEHIYET;2;22.03.1991;0;2
ANDERA;2;25.02.1977;0;2
HULYO;2;16.08.1976;0;2
CIRISTINE;2;10.05.1982;0;2
RAVBIYE;2;6.10.1985;0;2
DILHIN;2;11.12.1991;0;2
FEHRUSHAN;2;22.02.1967;0;2
LUCCEYA;2;11.09.1990;0;2
MILKANI;2;6.03.1961;0;2
YAVSEF;2;12.01.1982;2;0
HILTO;2;7.02.1946;0;2
RAZNA;2;17.12.1988;0;2
COTA;2;16.05.1989;2;0
NEHIBET;2;6.05.1964;0;2
ALKSE;2;9.06.1990;0;2
MEHROZ;2;21.03.1987;2;0
KASIHA;2;1.04.1968;0;2
ROUJIN;2;27.09.1982;0;2
DIMIT;2;12.02.1941;2;0
EMENIYEL;2;7.01.1976;2;0
TAYYFUR;2;17.03.1966;2;0
BEYRIBAN;2;30.03.1983;0;2
CHAHLA;2;6.01.1981;0;2
NUSHED;2;7.02.1982;2;0
MIHAM;2;7.02.1952;0;2
BIHOKE;2;1.11.1977;0;2
SIAM;2;14.07.1970;0;2
AYINHAYAT;2;2.02.1957;0;2
ISRAYEL;2;15.01.1991;2;0
JULIANE;2;11.06.1991;0;2
RONALIN;2;22.04.1991;0;2
DIJAR;2;18.01.1992;0;2
MEGRIN;2;22.09.1991;0;2
ZEBIRCAN;2;4.05.1976;0;2
GULVALAT;2;2.02.1975;0;2
NEZEFE;2;17.04.1960;0;2
MIREMI;2;25.06.1930;0;2
BENYE;2;17.02.1930;0;2
SEVINHAN;2;27.07.1991;0;2
AHVALAT;2;23.08.1978;0;2
NEYASE;2;7.02.1976;0;2
SUVEYIS;2;17.02.1936;2;0
ZAYNET;2;8.12.1982;2;0
ELWAN;2;10.06.1987;2;0
IDRIHI;2;10.06.1970;2;0
ALEVADDIN;2;21.02.1971;2;0
NEZZETTE;2;27.02.1974;0;2
BAZIR;2;2.07.1981;2;0
ORGIN;2;9.04.1974;2;0
ILESA;2;14.02.1989;0;2
SULEYAMN;2;19.03.1973;2;0
ELMAZHAN;2;3.05.1975;0;2
SEHRABEN;2;17.04.1952;0;2
RAJYA;2;27.02.1986;0;2
KILEP;2;12.02.1941;2;0
ERDEMPERIN;2;12.02.1971;0;2
MIDAS;2;22.12.1991;2;0
FAVAS;2;17.05.1972;2;0
MERDEYE;2;6.02.1975;0;2
FENLIRE;2;13.05.1974;0;2
FATLEDDIN;2;17.02.1960;2;0
SURIYEY;2;7.01.1970;0;2
KEVKEPSARK;2;2.03.1969;0;2
ATIDEL;2;16.01.1991;0;2
MUHAMMEDELEMIN;2;19.08.1973;2;0
GINCO;2;2.08.1933;2;0
MEHLEZIMENU;2;13.02.1959;2;0
YUCEYLE;2;12.06.1960;0;2
AKIZA;2;12.02.1953;0;2
TEYUBA;2;23.11.1970;0;2
ALZEMI;2;22.06.1972;0;2
NESNAYI;2;21.08.1951;0;2
KEDDI;2;22.08.1925;0;2
KIRAVETTIN;2;6.06.1941;2;0
BEHEVI;2;9.01.1992;0;2
ABULBARI;2;10.04.1976;2;0
CEBINARYA;2;23.04.1949;0;2
FEZZULLAH;2;16.01.1985;2;0
NADIVAR;2;23.06.1973;0;2
SERINO;2;17.03.1940;2;0
HIBBIYE;2;22.02.1991;0;2
BIRUCA;2;22.02.1973;0;2
HAYAMI;2;29.06.1967;0;2
BEHHAT;2;2.08.1975;2;0
WILYEM;2;6.04.1981;2;0
ANDARAOS;2;7.08.1934;2;0
ROLANS;2;2.02.1969;0;2
GISSEN;2;26.04.1971;2;0
CUZIF;2;22.02.1967;2;0
CEDUN;2;12.02.1959;2;0
LILJAN;2;26.07.1987;0;2
GEBRIYEN;2;5.05.1979;2;0
SEMMUNI;2;11.09.1963;0;2
GORDE;2;22.06.1967;2;0
AMANUYEL;2;11.02.1978;2;0
MUAYSIM;2;30.2.1982;0;2
MEZZET;2;7.08.1940;2;0
HORBIYE;2;30.03.1968;0;2
CICCI;2;12.08.1923;2;0
ITTISEM;2;12.09.1977;0;2
MIHDIYI;2;17.02.1948;0;2
SEMES;2;1.01.1986;0;2
HILOM;2;22.02.1955;0;2
NAZHA;2;27.08.1962;0;2
HOSSEYIN;2;24.07.1991;2;0
HISVI;2;13.04.1953;0;2
FARAMEZ;2;1.04.1974;2;0
BAHHAT;2;2.05.1932;2;0
SAIYA;2;2.02.1969;2;0
IFUN;2;12.05.1927;2;0
PERNILLA;2;4.01.1987;0;2
MARBAYIN;2;1.09.1941;2;0
KETHERINA;2;28.09.1985;0;2
RAKIYEH;2;6.09.1991;0;2
ACHVAK;2;17.12.1978;0;2
NAVIA;2;5.03.1992;0;2
KAUKAB;2;3.04.1991;0;2
JASEM;2;22.03.1992;2;0
ANTIVENIT;2;12.02.1959;0;2
HIZRAT;2;12.07.1964;2;0
CELELE;2;27.06.1956;0;2
OSDIN;2;25.01.1991;2;0
JIHAD;2;6.01.1989;2;0
JUSSEF;2;22.01.1992;2;0
NESRAVIN;2;27.02.1950;0;2
LAYAL;2;6.05.1991;0;2
MOUSSA;2;16.06.1964;2;0
CHUMANA;2;4.01.1991;0;2
KHALIL;2;1.05.1966;2;0
HAMISO;2;10.08.1949;0;2
TEZIME;2;22.05.1979;0;2
YEDIBELA;2;11.11.1973;2;0
CUMHOR;2;18.01.1941;2;0
MUHTIRE;2;7.02.1970;0;2
BARATTIN;2;24.01.1981;2;0
MIHHIBBET;2;2.03.1957;0;2
SIGHE;2;7.07.1970;0;2
LARZIHAN;2;2.02.1945;0;2
SITTILUYUM;2;30.05.1949;0;2
GUBUHAR;2;17.01.1982;0;2
NACDIYE;2;2.02.1963;0;2
KANCANI;2;2.02.1963;0;2
SARCE;2;12.08.1923;0;2
FAYDANUR;2;6.04.1983;0;2
MAHARRAM;2;11.04.1940;2;0
SARFI;2;26.11.1941;0;2
BARZAT;2;12.02.1965;2;0
BELMAZI;2;12.02.1971;0;2
LIBNANIYE;2;27.10.1974;0;2
NEDAN;2;14.07.1963;2;0
AYUTULLAH;2;3.04.1980;2;0
YAVGUL;2;18.04.1989;0;2
KOCEBI;2;27.02.1944;0;2
NABATI;2;1.01.2001;0;2
UMAYRA;2;1.06.1979;0;2
CELEBIYI;2;27.02.1956;0;2
UMMULKELSUN;2;8.10.1981;0;2
MATTA;2;7.08.1964;0;2
FAISA;2;11.12.1991;0;2
DULAVIZ;2;23.01.1985;0;2
PERINAR;2;18.12.1990;0;2
HEFIF;2;22.02.1967;2;0
TARFO;2;2.02.1957;0;2
NURIYLE;2;2.06.1975;0;2
HEYEM;2;30.01.1976;0;2
MATRAN;2;26.03.1969;2;0
SARORA;2;17.02.1966;0;2
SIYEMET;2;2.02.1951;2;0
SUBHO;2;27.02.1956;0;2
IRMILA;2;4.05.1962;0;2
HAMDALLAH;2;16.03.1983;2;0
IHLEL;2;10.07.1969;2;0
PERDESLESIN;2;27.10.1950;0;2
MEKIDDIN;2;29.06.1955;2;0
SERECIDDIN;2;20.01.1977;2;0
SITTIHAM;2;22.10.1979;0;2
GESUME;2;30.2.1971;0;2
GERZUMA;2;27.04.1974;0;2
SILHITTIN;2;2.02.1951;2;0
IRANI;2;7.02.1958;0;2
HUHET;2;14.09.1972;0;2
INTIS;2;22.10.1931;0;2
IMOSE;2;12.03.1941;0;2
CINEMRI;2;13.07.1964;2;0
GAZEF;2;11.05.1966;2;0
FELEKILALEDDIN;2;22.02.1943;0;2
CIMHUR;2;17.09.1950;2;0
HAMSERIYE;2;7.02.1946;0;2
PEYANI;2;27.02.1980;0;2
SENKULE;2;23.10.1942;0;2
TEOGMAN;2;17.11.1984;2;0
CAFERET;2;26.03.1964;0;2
HACANA;2;1.04.1961;0;2
HACICEMAL;2;19.11.1977;2;0
ALIBARIS;2;17.01.1981;2;0
FIRUZIYE;2;23.11.1969;0;2
NEZALIM;2;24.10.1975;0;2
SAMBA;2;15.02.1971;2;0
MUTALA;2;6.10.1948;0;2
ENDAMIYE;2;13.05.1959;0;2
KUBAY;2;9.08.1981;1;1
MEPRUZE;2;7.03.1962;0;2
KEMALIST;2;14.11.1950;2;0
ALIMRAN;2;3.08.1966;2;0
TURDA;2;2.09.1963;2;0
MAZHAREDDIN;2;28.08.1988;2;0
NAVIZER;2;25.08.1967;0;2
BABRAHMAN;2;12.10.1962;2;0
FIRZI;2;4.08.1959;2;0
ENIZER;2;13.07.1952;1;1
FAHRU;2;30.10.1970;0;2
PERTEF;2;6.12.1959;1;1
ZOHURE;2;6.12.1959;0;2
MAHMIR;2;26.09.1955;0;2
TIFIDIYE;2;19.01.1958;0;2
NEBILIYE;2;14.01.1969;0;2
MASUNE;2;1.01.1962;0;2
LALEZAN;2;2.10.1947;0;2
MUCEDDIT;2;23.10.1968;2;0
IMRAR;2;21.10.1963;1;1
YUGNUS;2;20.01.1946;2;0
CIHANDEGER;2;26.07.1965;2;0
LEVUM;2;25.02.1965;0;2
MUHTELA;2;23.07.1967;1;1
ZEYCEL;2;26.08.1948;0;2
NIGOR;2;4.10.1962;0;2
MAHMUNE;2;28.07.1957;0;2
NECAVETTIN;2;27.02.1944;1;1
SEKUBE;2;26.12.1951;0;2
INDAM;2;30.2.1958;0;2
KADERCAN;2;17.04.1981;0;2
MIMIN;2;24.08.1955;1;1
ULUFE;2;27.06.1955;0;2
AGAEFENDI;2;2.06.1946;2;0
MUCAN;2;29.05.1955;1;1
CEVRAN;2;17.05.1965;0;2
KULCAN;2;18.08.1968;0;2
MIRIYAN;2;20.10.1947;0;2
EMRUME;2;27.06.1964;1;1
BERLIYE;2;30.10.1963;0;2
MURETTIBE;2;6.12.1960;0;2
URZUYE;2;14.08.1977;0;2
ZEIT;2;15.06.1980;2;0
EHLUMAN;2;17.01.1962;2;0
MEZDIN;2;30.01.1939;2;0
MUADDEM;2;21.03.1963;2;0
SILAV;2;2.05.1951;2;0
MELAYE;2;18.03.1955;0;2
FELIMAN;2;21.02.1965;0;2
KIYAME;2;23.06.1963;0;2
MEJMULE;2;7.08.1979;0;2
MERGIZ;2;24.02.1940;0;2
NUGBE;2;30.10.1973;0;2
MAMURAN;2;11.05.1955;0;2
SEFFANE;2;2.10.1986;0;2
OZGUNUR;2;13.06.1983;0;2
HUZZAM;2;12.03.1970;1;1
SERIFGUL;2;29.04.1979;0;2
BERATGUL;2;8.06.1970;0;2
AYTES;2;27.06.1967;1;1
BUHIYE;2;2.03.1953;0;2
ILIKER;2;16.03.1945;2;0
TESLIMIYE;2;27.10.1935;0;2
IMAK;2;19.02.1974;0;2
MEFTALE;2;16.07.1978;0;2
ISANE;2;9.09.1967;0;2
HACIMIN;2;29.07.1970;2;0
SENNASI;2;4.10.1968;2;0
MUREM;2;29.03.1975;1;1
SEMUYA;2;14.05.1964;0;2
FECDIYE;2;1.02.1958;0;2
MEKRUBE;2;27.04.1979;0;2
MADIS;2;23.07.1963;0;2
GULAYGUL;2;2.07.1971;0;2
SUBETULLAH;2;13.08.1970;2;0
ILBASI;2;7.02.1966;2;0
GUNARI;2;22.03.1958;0;2
MEHMETDURAN;2;12.04.1970;2;0
MELAHATDIN;2;28.05.1954;0;2
MAKABULE;2;11.01.1971;0;2
BAGSI;2;12.05.1965;2;0
SEHNIVER;2;24.04.1944;0;2
EKURIYE;2;1.04.1948;0;2
AZLIYE;2;30.2.1959;0;2
ARTAS;2;20.11.1977;2;0
KIRCA;2;27.10.1960;1;1
SECDEHAN;2;2.03.1973;0;2
CUZUYE;2;16.01.1966;0;2
HAVADIN;2;24.07.1973;0;2
ULAMIYE;2;3.05.1954;0;2
GULBAHAT;2;22.08.1957;0;2
RUKMEDDIN;2;14.02.1960;2;0
RUKU;2;4.10.1961;0;2
FERFAT;2;30.08.1967;1;1
SADIVER;2;7.07.1951;0;2
GUMRUYE;2;16.08.1976;0;2
AYETUL;2;16.06.1984;0;2
AKSET;2;12.12.1963;2;0
ABDULADI;2;4.02.1942;2;0
HUBEYP;2;11.04.1987;2;0
FADMANA;2;1.03.1964;0;2
MUTAHERE;2;13.04.1965;0;2
ZAMUR;2;10.06.1946;2;0
SERFANA;2;21.06.1961;0;2
DEMRAL;2;16.10.1971;2;0
NUZUFE;2;25.10.1964;0;2
IHLAMIYE;2;24.08.1977;0;2
MANGUL;2;9.10.1970;0;2
MIMILI;2;8.01.1955;1;1
HIKRIYE;2;7.09.1955;0;2
NASAR;2;19.05.1969;0;2
ANSAANA;2;5.06.1944;0;2
HAMDIE;2;23.11.1971;0;2
LISAMI;2;18.04.1967;2;0
BAHTIACIK;2;5.09.1962;0;2
ERZAH;2;27.11.1968;2;0
CIDDEM;2;2.02.1969;0;2
ULLU;2;11.02.1957;1;1
MEVLE;2;26.02.1956;0;2
TENZURE;2;28.06.1935;0;2
HULVAN;2;2.10.1962;1;1
EBAT;2;3.04.1962;0;2
DULIFER;2;21.10.1939;0;2
ELFUAT;2;2.11.1961;2;0
PAZI;2;7.08.1940;2;0
BAYREMSE;2;14.02.1970;0;2
MUKADIZ;2;6.03.1950;0;2
SEFIYAT;2;15.06.1958;0;2
SIFAIL;2;14.03.1970;2;0
IREMZIYE;2;3.08.1956;0;2
MUZEYIT;2;18.09.1978;2;0
AHIMET;2;17.08.1947;0;2
ZATUL;2;22.09.1961;0;2
MUREFET;2;6.12.1945;0;2
SERYANI;2;8.12.1945;2;0
ASNE;2;8.06.1960;0;2
ZERIYYE;2;7.03.1953;0;2
BILBEN;2;26.01.1977;0;2
SEMAHATDIN;2;26.06.1954;2;0
DERVANI;2;16.12.1978;2;0
SAHDOGAN;2;23.04.1965;2;0
GULSABI;2;21.09.1977;0;2
FEVYAZ;2;9.07.1967;2;0
GULMUSE;2;22.02.1959;0;2
UMUTBEY;2;5.11.1980;2;0
RIYAFET;2;17.08.1947;0;2
HILMA;2;22.03.1938;1;1
GULESUN;2;9.01.1977;0;2
MURDUFUN;2;13.08.1961;0;2
FAZIYLE;2;2.07.1961;0;2
HUMESA;2;28.12.1977;0;2
YUNUSNADI;2;28.06.1943;2;0
MEHMETUGUR;2;21.02.1963;2;0
NURCIBE;2;1.05.1963;0;2
TOMRISE;2;10.11.1935;0;2
OMURKAN;2;13.11.1975;2;0
MENDUGA;2;11.08.1955;0;2
MUKERRIME;2;9.01.1961;0;2
MUHSENA;2;6.11.1974;0;2
IMZE;2;4.02.1949;2;0
HATIRCA;2;29.03.1947;0;2
CEFAILE;2;5.08.1945;0;2
DUNDIYE;2;30.08.1932;0;2
EMURIYE;2;4.09.1963;0;2
SAZAYI;2;5.08.1974;2;0
SEVGET;2;28.09.1950;2;0
BAHIME;2;23.06.1943;0;2
EFKAY;2;21.10.1986;2;0
BILADER;2;6.07.1974;2;0
SUDIL;2;19.09.1971;0;2
FIRKE;2;23.12.1974;0;2
HAFUZE;2;12.09.1957;0;2
HEBIK;2;18.06.1944;0;2
ERSUNER;2;8.01.1976;2;0
APDU;2;28.10.1948;2;0
VELMA;2;25.03.1975;0;2
SEVRAL;2;9.11.1983;0;2
SARIC;2;21.07.1949;0;2
ICMEN;2;4.12.1977;0;2
FIKNUR;2;6.09.1980;1;1
DURSILE;2;22.03.1973;0;2
GULANIYE;2;8.12.1973;0;2
SUMEYYEH;2;7.05.1977;0;2
AYSIGUL;2;14.10.1977;0;2
MESEGUL;2;11.09.1963;0;2
CEMAFIYE;2;17.12.1969;0;2
YESINE;2;9.09.1962;0;2
MUASIN;2;4.09.1972;2;0
MUHAZER;2;2.10.1970;0;2
NUGRUL;2;16.10.1984;2;0
ORAZBIBI;2;29.12.1960;0;2
MEHRABA;2;11.01.1947;0;2
HAVVASIN;2;24.06.1978;0;2
FAFIZE;2;14.09.1950;0;2
ELVARE;2;20.05.1941;0;2
MANSUBE;2;7.11.1971;0;2
NEHADE;2;19.09.1942;0;2
MAKMUL;2;24.06.1961;0;2
NUVET;2;4.05.1969;0;2
EVLIYAKUL;2;14.01.1960;2;0
ALEHETTIN;2;10.02.1971;2;0
AYKILE;2;15.10.1977;0;2
FIKRIYEGUL;2;4.10.1943;0;2
ABDULHAMDI;2;26.08.1955;2;0
GOVCUK;2;9.08.1958;0;2
GULDOVAN;2;29.03.1964;0;2
NESSIMA;2;29.11.1970;0;2
PERNUN;2;16.07.1971;0;2
TOMLIS;2;17.09.1940;0;2
BERHOL;2;1.06.1965;2;0
SEFALIYE;2;22.05.1966;0;2
BILHI;2;8.06.1956;0;2
GULUFET;2;4.07.1963;0;2
YEYLA;2;11.04.1972;0;2
HESANA;2;10.02.1954;0;2
UMMINE;2;20.12.1969;0;2
DUYAMI;2;24.11.1955;2;0
SAHNEM;2;18.01.1973;0;2
HABLIYE;2;4.02.1951;0;2
RUBADIYE;2;9.07.1969;0;2
REBIBE;2;11.01.1951;0;2
TEVRAD;2;20.08.1960;1;1
GULNEZUK;2;17.11.1973;0;2
GULHANUR;2;30.11.1980;0;2
ONDES;2;10.10.1955;2;0
KEMALITDIN;2;11.01.1964;2;0
ESEMET;2;16.02.1972;0;2
AKIZER;2;2.03.1961;0;2
MUHAC;2;7.09.1978;2;0
SUZUYEN;2;29.05.1966;0;2
HAREKET;2;7.05.1968;1;1
UVIDE;2;11.09.1944;0;2
GOULMIRA;2;16.08.1974;0;2
GURDALIYE;2;13.07.1951;0;2
GIBAR;2;30.03.1951;0;2
SELLATIN;2;2.03.1970;2;0
GURCUME;2;30.08.1937;0;2
GOCUK;2;28.11.1971;1;1
VAHDETHAN;2;16.10.1985;1;1
ALPTURAN;2;12.05.1990;2;0
AYTURHAN;2;24.08.1967;0;2
GURSANIYE;2;16.01.1966;0;2
TALISER;2;28.03.1946;0;2
BADA;2;26.11.1990;0;2
NUTGIYE;2;21.09.1952;0;2
ZABIKE;2;5.08.1972;0;2
MAVGUL;2;10.03.1982;0;2
SEYMUNE;2;14.08.1969;0;2
TECABI;2;3.08.1962;2;0
ZERGULU;2;15.04.1969;0;2
ABDULKENAN;2;20.08.1981;2;0
HULSEN;2;4.01.1978;0;2
HULAGI;2;9.07.1975;2;0
DURSUNMEHMET;2;27.05.1950;2;0
BAHT;2;18.01.1971;1;1
FAHRIDE;2;27.10.1966;0;2
HECAYI;2;28.01.1970;2;0
PIRKEN;2;11.10.1958;1;1
SOYAYDIN;2;7.12.1971;1;1
TURRAN;2;16.07.1932;2;0
MUSAGUL;2;21.12.1972;0;2
HUAT;2;29.04.1968;2;0
HULAKU;2;1.02.1951;2;0
NEBAHIDE;2;27.03.1955;0;2
TEKMIRE;2;21.01.1954;0;2
EVLUDA;2;13.02.1972;0;2
BEHBUT;2;7.03.1959;2;0
PALLAK;2;10.12.1949;0;2
HACIMEMIS;2;26.03.1972;2;0
MUSALIHA;2;17.07.1939;0;2
GOKSEVIN;2;30.10.1986;1;1
RAHMICAN;2;7.01.1988;2;0
MENOSA;2;17.12.1960;0;2
MINAIA;2;30.01.1973;0;2
M.DENIZ;2;8.05.1973;2;0
MENEKSENUR;2;27.06.1984;0;2
EYIBE;2;13.02.1965;0;2
SEYHANGUL;2;23.11.1962;0;2
SADIKHAN;2;23.03.1980;2;0
AZATIN;2;12.03.1962;1;1
HAKICAN;2;22.02.1991;2;0
EMRECEM;2;16.09.1991;2;0
HOMAYIN;2;21.07.1962;0;2
CUCEL;2;7.06.1961;1;1
BOLCAN;2;10.06.1957;1;1
NEZAMITTIN;2;25.08.1969;2;0
HEKABI;2;5.01.1960;2;0
GUSRET;2;9.02.1967;2;0
SUPUTAY;2;6.09.1967;2;0
GULAG;2;30.10.1962;2;0
SEBAYITDIN;2;24.04.1965;2;0
GOKDA;2;8.04.1979;2;0
SUHENDEN;2;16.03.1954;0;2
MALIME;2;4.05.1962;0;2
ELAYI;2;24.04.1966;0;2
ESMAULHUSNA;2;6.02.1984;0;2
RECAITTIN;2;27.02.1969;2;0
NELVAN;2;17.07.1983;0;2
SALINAY;2;26.04.1979;0;2
HOMAYIL;2;2.02.1945;0;2
NURVAN;2;18.08.1972;0;2
ALTAP;2;20.04.1975;0;2
SAMAYI;2;22.02.1958;0;2
MUVALLA;2;30.2.1968;0;2
SIRINBEY;2;14.11.1964;2;0
TERCAY;2;12.08.1978;0;2
MUSEYYA;2;8.10.1957;0;2
ORGIDE;2;26.04.1967;0;2
MUHBIR;2;7.10.1944;2;0
VAHDITTIN;2;5.05.1956;2;0
SAFFINAZ;2;12.03.1953;0;2
ABTULAH;2;24.08.1967;2;0
RAZEDDIN;2;20.01.1956;2;0
ERZEL;2;9.05.1959;0;2
SEMRAHAT;2;15.08.1980;0;2
ISBIL;2;5.02.1967;0;2
SHAKHLO;2;25.10.1978;0;2
MUMINI;2;8.10.1962;1;1
NURCAKIR;2;24.05.1976;0;2
AYBAK;2;21.11.1942;1;1
MERIHSAH;2;11.12.1983;1;1
MUBARRAH;2;17.01.1960;0;2
MUMLANI;2;10.09.1969;2;0
NULBIN;2;22.03.1975;0;2
GULSEFAK;2;8.05.1976;0;2
EVIZ;2;2.12.1962;0;2
FUGAT;2;18.02.1971;2;0
UNSAN;2;23.10.1949;1;1
MUKSIT;2;8.08.1987;2;0
FADISE;2;14.12.984;0;2
AFIDAB;2;10.07.1962;0;2
HAKIGE;2;7.02.1973;0;2
GUZNUR;2;9.01.1981;0;2
INNUR;2;21.05.1975;0;2
AYTURA;2;7.06.1959;1;1
MUTALIBE;2;28.06.1934;0;2
ZEYNETUR;2;15.07.1948;0;2
FERDET;2;17.04.1948;1;1
TAYKUR;2;16.11.1967;2;0
SEMIMIYE;2;20.10.1941;0;2
TUGTAC;2;3.11.1979;1;1
GULSADEN;2;4.11.1972;0;2
SUCAITTIN;2;20.10.1952;2;0
YILSEL;2;13.09.1981;0;2
HIKABI;2;24.11.1945;2;0
MUFEYDA;2;7.03.1967;0;2
SELVEL;2;25.02.1947;1;1
CAGANUR;2;11.03.1978;0;2
SADMAN;2;29.03.1956;1;1
SEVDAGA;2;19.08.1971;0;2
NERGOZ;2;1.04.1959;0;2
ZHUZHUNA;2;17.11.1961;0;2
EZIMEN;2;22.01.1964;0;2
NERCIYAN;2;18.11.1944;0;2
GULNAFI;2;24.07.1959;0;2
NURANSEL;2;3.11.1974;0;2
GULPUZ;2;3.01.1969;0;2
ZAHTI;2;1.04.1960;2;0
NULHAN;2;6.06.1955;0;2
EFKARIYE;2;8.03.1988;0;2
ZITTIYE;2;25.10.1947;0;2
ZUTDIKE;2;9.03.1953;0;2
COMALI;2;25.11.1957;2;0
NIZAMITDIN;2;22.07.1955;2;0
PITANAK;2;19.10.1949;2;0
BAYIDDIN;2;9.09.1954;2;0
FEYYA;2;22.04.1977;0;2
SEVINCEL;2;17.11.1956;0;2
YURDOGAN;2;14.04.1969;1;1
OMMIYE;2;10.02.1946;0;2
SUKNAZ;2;23.09.1982;0;2
ZURFIYE;2;21.06.1951;0;2
ZEMHURE;2;12.04.1958;0;2
FERUYE;2;7.08.1957;0;2
MADLENA;2;20.11.1962;0;2
TUGCENAZ;2;22.06.1991;0;2
GECDOGAN;2;30.11.1959;0;2
TUDUGUL;2;25.08.1966;0;2
NANUK;2;9.12.1971;2;0
NIBE;2;29.08.1941;0;2
LEYLISAN;2;24.10.1964;0;2
BIDAL;2;26.04.1968;0;2
NASURE;2;6.12.1952;0;2
ENNURE;2;22.05.1974;0;2
SEBIGUL;2;9.03.1975;0;2
AHISE;2;17.07.1961;0;2
NULBER;2;18.11.1979;0;2
VARDO;2;15.06.1969;0;2
MALAM;2;7.06.1952;0;2
TURUYEN;2;4.07.1968;1;1
FADUME;2;4.02.1965;0;2
ELBEYLI;2;17.11.1959;2;0
AYSEMRA;2;26.07.1956;0;2
UMMEYAN;2;27.03.1962;0;2
NURDAR;2;11.06.1961;0;2
YILKAY;2;18.03.1962;1;1
MIADE;2;20.08.1967;0;2
DARECAN;2;22.08.1968;0;2
GONHAN;2;15.08.1971;2;0
GULKADRIYE;2;28.10.1985;0;2
TERBIZE;2;22.04.1964;0;2
MUMAMMET;2;8.11.1987;2;0
SAYINNUR;2;20.11.1967;0;2
ZULDANE;2;7.01.1973;0;2
AYFEM;2;8.01.1970;0;2
SAREF;2;4.04.1939;0;2
NEZMINUR;2;13.11.1966;0;2
HAYRINISSA;2;5.11.1965;0;2
BATANAY;2;13.05.1985;1;1
AYKURE;2;10.11.1952;0;2
SIRRULLAH;2;28.07.1947;2;0
MESNURE;2;5.03.1959;0;2
DIRIBAL;2;29.08.1949;0;2
MALIKEN;2;9.03.1954;0;2
TALIPCAN;2;30.09.1987;2;0
KARIMAN;2;3.03.1947;2;0
BEKLIS;2;27.12.1937;1;1
ZARAFE;2;14.05.1951;0;2
PILANE;2;13.11.1968;0;2
AYSEDA;2;23.09.1986;0;2
NURIT;2;5.04.1947;2;0
SOFIYAN;2;19.10.1971;1;1
NEVAHET;2;1.05.1941;0;2
EZKAN;2;18.10.1969;1;1
TASFIYE;2;6.03.1963;0;2
HUCESTA;2;7.08.1950;0;2
SONCU;2;9.09.1960;2;0
DJAMILA;2;10.11.1966;0;2
HARBIHAN;2;6.10.1964;2;0
CENGUR;2;13.10.1971;2;0
SAVELET;2;21.10.1966;2;0
SIYAHET;2;28.12.1934;0;2
ZADEGAN;2;22.02.1959;0;2
MUSTEYIM;2;14.03.1952;2;0
ISNEN;2;21.03.1950;1;1
KUSKAN;2;2.12.1971;0;2
HURIN;2;11.11.1974;0;2
MEGFIRE;2;30.01.1940;0;2
EBUTALIB;2;28.11.1989;2;0
HUDAFER;2;3.09.1965;1;1
UMMAT;2;18.07.1979;2;0
MESUSE;2;22.06.1955;0;2
BANNUR;2;9.11.1985;0;2
NURBANA;2;1.04.1965;0;2
OZGURKAN;2;7.01.1984;2;0
SELFIZAR;2;12.10.1940;0;2
NUSRETHAN;2;1.04.1981;2;0
MUSELLI;2;9.03.1961;1;1
NEZMEDDIN;2;4.03.1948;2;0
HENEFIL;2;4.05.1957;2;0
MINGUZEL;2;8.08.1965;0;2
SEVAIR;2;30.04.1966;0;2
RAKHILA;2;19.11.1961;0;2
LALELI;2;20.07.1973;1;1
TUGRULCAN;2;14.05.1985;2;0
SELMIAN;2;15.03.1968;0;2
RIBAYE;2;10.11.1940;0;2
EMINEGULSEN;2;26.08.1967;0;2
EYIB;2;14.11.1966;2;0
REFIKALI;2;7.04.1955;2;0
SAHBEN;2;24.04.1969;2;0
MAFRAT;2;20.04.1968;2;0
VERAHIM;2;7.02.1964;2;0
FEZYA;2;23.02.1987;0;2
DURMISALI;2;9.05.1958;2;0
ZENNAR;2;9.10.1943;0;2
MUHADET;2;21.03.1973;0;2
FERESTE;2;2.09.1929;0;2
SECAHI;2;22.07.1939;2;0
ELIFTE;2;6.03.1937;0;2
KEBIYE;2;19.11.1966;0;2
ALAHUDDIN;2;20.11.1958;2;0
MEHAT;2;26.01.1964;1;1
IKTISAT;2;2.03.1933;0;2
NEKIRE;2;25.07.1969;0;2
TEMURALI;2;17.12.1944;2;0
FAKURE;2;15.12.1935;0;2
SURBIHAN;2;9.10.1969;0;2
NEZAHIT;2;8.01.1961;0;2
SEDERYA;2;6.12.1977;0;2
SERCANA;2;25.02.1983;0;2
SEVIR;2;27.11.1965;0;2
BAGDAGIL;2;3.06.1978;0;2
SEVILTAN;2;10.10.1974;0;2
REFIKAR;2;28.07.1958;0;2
CEMKUT;2;11.05.1972;2;0
MERIBAL;2;29.11.1959;0;2
URKESE;2;24.02.1970;2;0
RUHISAZ;2;18.12.1950;0;2
NEBARE;2;15.04.1950;0;2
ALINAIM;2;26.03.1963;2;0
SENOR;2;23.07.1967;1;1
EZNE;2;28.10.1937;0;2
NURCAKIN;2;6.01.1964;0;2
NECIAT;2;18.09.1948;0;2
MERIYHAN;2;27.06.1965;0;2
HATIFET;2;15.03.1949;0;2
UMUTGUL;2;30.03.1984;0;2
SIYADET;2;17.03.1950;0;2
KETEVANI;2;5.04.1962;0;2
ZORER;2;15.07.1942;2;0
MERTGUL;2;12.07.1978;2;0
NURCEHRE;2;13.01.1959;0;2
MINKARI;2;16.04.1972;1;1
MIMER;2;23.03.1960;1;1
NURSALIH;2;23.08.1982;2;0
SIPIR;2;22.06.1959;1;1
ZENNIHAN;2;28.07.1972;0;2
SAHISTEN;2;29.01.1962;0;2
FENI;2;22.08.1967;0;2
ILKEZ;2;24.04.1980;0;2
SULHSEVER;2;25.05.1955;1;1
AYDUNUR;2;3.10.1978;0;2
MIRISAN;2;30.01.1951;0;2
HANEFIL;2;28.03.1961;2;0
SULTANAZIZ;2;12.02.1960;2;0
MENSUCAT;2;10.11.1971;0;2
BEREM;2;1.10.1964;2;0
GHIORGHITA;2;24.05.1967;0;2
TOVE;2;12.03.1954;0;2
SULLEYLA;2;17.11.1960;0;2
MERAHAN;2;14.11.1951;0;2
ZEYNALABIT;2;19.10.1955;2;0
NAYTEN;2;7.03.1949;0;2
SAYYIME;2;27.02.1975;0;2
YEHUZA;2;8.09.1958;2;0
HANUMA;2;12.09.1958;0;2
KITAIN;2;28.10.1951;0;2
MAGRIFE;2;19.03.1949;0;2
MULKUM;2;12.11.1969;2;0
ASULA;2;17.03.1947;0;2
MIRZAP;2;20.10.1975;2;0
NIGAIL;2;4.09.1956;2;0
SEFAYIN;2;1.08.1957;2;0
Y.;2;1.09.1941;2;0
MUGRET;2;7.03.1964;1;1
PERHUZE;2;4.02.1959;0;2
DEMUREN;2;2.04.1955;0;2
FEZUL;2;5.10.1947;2;0
ISABI;2;17.05.1944;2;0
BUCE;2;12.07.1983;0;2
MALIC;2;17.06.1967;2;0
SEDAYIGUL;2;20.03.1972;0;2
MERCISTAN;2;19.07.1944;0;2
ILGIYE;2;16.03.1945;0;2
FEVZUL;2;16.04.1954;2;0
MUSABI;2;20.01.1955;1;1
SUNLU;2;5.09.1950;0;2
MUSAMI;2;28.05.1971;2;0
GULZADI;2;12.02.1959;0;2
VERISAN;2;17.11.1977;0;2
MABUB;2;11.08.1959;0;2
DUNNER;2;20.09.1948;0;2
ABREG;2;26.07.1980;2;0
DURSIYEN;2;9.04.1964;0;2
NUKDIYE;2;1.09.1967;0;2
NURSENEL;2;14.07.1957;0;2
BENIMSE;2;17.05.1956;0;2
LEFKIYE;2;22.03.1973;0;2
SENIYAN;2;14.11.1955;0;2
TAGUHI;2;3.04.1967;0;2
KABETTIN;2;14.11.1979;2;0
MUKEDDIM;2;3.11.1956;2;0
NERUBE;2;3.08.1965;0;2
ESKA;2;19.06.1983;1;1
FEHIMET;2;21.08.1947;0;2
SULTANNUR;2;20.07.1982;0;2
REFIYGA;2;29.07.1976;0;2
HURIYECAN;2;5.09.1985;0;2
NEMLIHAL;2;28.10.1965;0;2
PERADIYE;2;13.08.1958;0;2
EFRESIM;2;2.08.1951;2;0
NARINA;2;4.04.1972;0;2
ERDULLAH;2;28.07.1959;2;0
IFRIYE;2;2.07.1956;0;2
MEHZEZ;2;26.07.1962;0;2
BILGUZE;2;19.05.1951;0;2
URKEL;2;6.04.1944;0;2
EKNAR;2;26.11.1956;0;2
GULKENT;2;28.05.1974;0;2
YASEMUN;2;16.02.1971;0;2
PIRNAY;2;23.03.1963;0;2
GULSIRE;2;16.04.1967;0;2
NANAN;2;23.11.1969;0;2
ORDUVAR;2;25.05.1966;2;0
NURZUHAL;2;25.04.1970;0;2
MUNFARET;2;9.07.1979;0;2
CAVDAN;2;12.03.1947;0;2
GUNDOG;2;15.09.1939;2;0
GULGULSUN;2;26.07.1960;0;2
ERISCAN;2;3.12.1989;2;0
ERTAT;2;22.01.1975;2;0
TEZA;2;22.10.1968;1;1
SEHFINAZ;2;24.11.1947;0;2
GULNILGUN;2;12.11.1973;0;2
PUMBUL;2;3.06.1958;0;2
ZUHALI;2;24.06.1957;1;1
NECAETDIN;2;24.04.1944;2;0
SEMRAT;2;2.02.1963;0;2
SERTA;2;4.11.1978;1;1
NAYFE;2;7.08.1973;0;2
MENSUN;2;26.07.1954;1;1
TURDANE;2;24.05.1933;0;2
TUGAYHAN;2;19.07.1984;2;0
CAKIRALI;2;11.12.1962;2;0
ILMIZE;2;22.05.1949;1;1
DEMIRAGA;2;20.12.1948;2;0
NIHATE;2;9.06.1966;0;2
GORGEN;2;29.10.1979;1;1
HAZMETTIN;2;14.06.1965;2;0
UBBAD;2;15.01.1959;2;0
IZIR;2;17.02.1954;2;0
ZULKEREYNI;2;3.02.1960;2;0
SERMENDE;2;11.06.1937;0;2
SIVIZET;2;21.02.1941;0;2
BAKHAR;2;12.05.1959;0;2
GULIZA;2;26.09.1947;0;2
GULHANNUR;2;6.09.1979;0;2
SEBAHIDTIN;2;23.04.1970;2;0
MASEDE;2;15.10.1961;0;2
SELDUS;2;19.03.1948;2;0
ZETANE;2;14.01.1936;0;2
HISAP;2;25.11.1946;2;0
SATUH;2;2.05.1951;1;1
FILORISA;2;5.10.1943;0;2
EFRIGUL;2;30.05.1950;0;2
AFIDA;2;26.05.1973;0;2
ZEMHENUR;2;2.10.1945;0;2
GULNIZAR;2;2.03.1980;0;2
AYDINBEY;2;5.01.1951;2;0
SEMAA;2;29.11.1963;0;2
TURKIN;2;27.01.1959;1;1
MULTECIYE;2;14.06.1941;0;2
KURTMUSTAFA;2;23.03.1959;2;0
SERNIZ;2;20.12.1960;1;1
MUTEHHAR;2;14.10.1952;1;1
CABER;2;24.08.1968;2;0
TEMET;2;14.01.1956;1;1
ZILET;2;21.11.1958;0;2
AKBI;2;2.02.1945;2;0
BEKER;2;30.04.1953;2;0
REVANUR;2;3.05.1991;0;2
ATLANTIK;2;18.03.1968;2;0
UNZIL;2;27.06.1966;0;2
TEMSILE;2;12.05.1947;0;2
SETALET;2;16.09.1950;0;2
MIHIYE;2;24.09.1945;0;2
FILIHAT;2;25.05.1959;0;2
SELAHAITTIN;2;20.03.1967;2;0
HAVISA;2;24.03.1946;0;2
SAHIZEM;2;24.01.1952;0;2
SERVETBEY;2;22.12.1953;2;0
APUR;2;25.08.1964;2;0
GULADIL;2;17.04.1957;2;0
HAVLU;2;30.09.1923;0;2
MENSILE;2;10.08.1958;0;2
BUNYAME;2;22.03.1976;2;0
NEZZA;2;22.06.1954;0;2
MUBERE;2;7.03.1963;0;2
PAKIRE;2;13.12.1950;0;2
ASSI;2;1.04.1978;0;2
IRSADE;2;22.04.1987;1;1
ALBA;2;3.02.1946;1;1
VEDATCAN;2;6.09.1990;2;0
NEBAITTIN;2;6.09.1965;2;0
GOLUFER;2;30.06.1973;0;2
ASLEHAN;2;30.03.1975;0;2
ZAFARIYE;2;24.07.1970;0;2
ESALETDIN;2;14.02.1967;2;0
SALVI;2;21.12.1971;0;2
KERAMEN;2;21.01.1981;1;1
CIFAN;2;16.11.1961;0;2
PEPE;2;17.09.1956;0;2
MEKGE;2;9.03.1947;1;1
BEMPE;2;29.11.1971;0;2
SAHSEMEN;2;26.04.1940;0;2
GULFIDEN;2;29.01.1980;0;2
NEFAHATTIN;2;23.07.1970;2;0
FERATIYE;2;7.08.1958;0;2
FEYZADE;2;15.05.1976;0;2
SURYEN;2;22.02.1967;0;2
GULZEHRE;2;20.04.1952;0;2
TADIYE;2;15.02.1941;0;2
GULGAYE;2;8.09.1963;0;2
ZAGFIRE;2;5.09.1950;0;2
CUVADE;2;8.04.1954;0;2
CUMURE;2;13.02.1953;0;2
NACIYEN;2;11.10.1945;0;2
SUVAI;2;23.03.1966;2;0
OZUHAN;2;29.05.1976;1;1
SEVKETBEY;2;5.07.1966;2;0
NARKIZE;2;2.09.1973;0;2
SUNBIYE;2;8.03.1949;0;2
HUZEN;2;4.09.1941;0;2
RAFAITTIN;2;3.11.1952;2;0
NESEFER;2;19.02.1962;0;2
PASAR;2;26.09.1972;1;1
DILISEN;2;30.06.1976;0;2
SUCAEDDIN;2;30.01.1965;2;0
IYAFET;2;22.06.1979;0;2
UMIYEN;2;24.03.1972;0;2
NACIYEHAN;2;19.07.1972;0;2
DUDUKA;2;16.02.1972;0;2
ILMIZ;2;14.09.1958;2;0
IZMINE;2;4.07.1967;0;2
NULEFER;2;10.02.1968;0;2
NEZVETTIN;2;14.12.1955;2;0
BEDRIMAN;2;24.11.1956;0;2
SELCIL;2;21.12.1977;0;2
AYSUNIYE;2;9.12.1970;0;2
ATIC;2;23.06.1982;2;0
RABIZE;2;14.04.1952;0;2
REYLE;2;26.09.1955;0;2
CENGINAZ;2;10.11.1960;0;2
DULUNAY;2;10.01.1962;0;2
SEYHANIYE;2;19.01.1965;0;2
NEFATTIN;2;13.03.1956;2;0
SEMALE;2;12.02.1959;0;2
HAPUK;2;30.11.1964;1;1
NISABI;2;22.03.1951;1;1
ILIFE;2;25.04.1973;0;2
MENEVISE;2;18.12.1958;0;2
INAYETTIN;2;16.09.1949;2;0
MELUSE;2;14.05.1949;0;2
URFUDE;2;6.05.1963;0;2
TOKME;2;19.05.1957;0;2
ZEBBURE;2;2.02.1960;0;2
CIHANARA;2;16.02.1955;0;2
HALUKCAN;2;20.01.1990;2;0
ERSAR;2;16.09.1966;2;0
REFIKCAN;2;16.04.1990;2;0
GUCEM;2;19.01.1985;2;0
IHAYET;2;14.01.1953;0;2
ESIRI;2;13.11.1975;2;0
LATIYE;2;10.11.1958;0;2
TALIKO;2;3.01.1960;0;2
GUMEC;2;5.02.1980;0;2
NUREFSEN;2;20.12.1981;0;2
PASAM;2;6.05.1947;1;1
PAMUKA;2;19.02.1952;0;2
ULKUTAN;2;1.05.1940;0;2
CANFINAZ;2;6.07.1951;0;2
MUZEYNA;2;21.12.1953;0;2
KEKLIBAR;2;11.01.1953;0;2
NESIY;2;8.02.1976;0;2
KAGAHAN;2;3.07.1982;2;0
GULDAGNE;2;19.01.1970;0;2
LEDIF;2;18.12.1974;2;0
SUVAAT;2;9.10.1967;2;0
YETARI;2;15.01.1953;0;2
SAFRET;2;20.04.1951;1;1
SUKURBEY;2;15.06.1950;2;0
MURADIL;2;11.04.1950;2;0
TEVVAB;2;16.06.1953;2;0
SAFVETULLAH;2;8.09.1970;2;0
FERDAYE;2;24.02.1958;0;2
ORUCREIS;2;8.08.1989;2;0
EMEZ;2;22.09.1960;0;2
ABDULBAHA;2;15.08.1954;2;0
BILSU;2;30.07.1988;0;2
TOGHAN;2;5.11.1988;2;0
SEBAITDIN;2;7.04.1961;2;0
NINNOS;2;27.11.1967;0;2
DUSAN;2;12.04.1956;1;1
CEHALE;2;5.10.1954;0;2
BOYGAR;2;25.01.1983;2;0
KERREM;2;9.05.1978;2;0
SEHARET;2;10.07.1943;0;2
HANIFENUR;2;20.01.1984;0;2
K;2;10.03.1969;2;0
HELENUR;2;21.09.1980;0;2
SUMEYYEHAN;2;10.05.1980;0;2
CEYLANNUR;2;24.01.1979;0;2
MUSIYET;2;12.05.1947;0;2
SEVINCHAN;2;24.03.1964;0;2
PELMAN;2;24.11.1963;0;2
MARIORA;2;5.07.1974;0;2
ZUMEYYA;2;1.03.1969;0;2
UGURGUN;2;2.06.1980;2;0
OZBAYKAL;2;27.08.1972;2;0
BUSRE;2;7.05.1988;0;2
MAADDEL;2;18.12.1947;0;2
MAHPILE;2;7.11.1955;0;2
MUZAHIP;2;27.08.1935;1;1
SUVIDE;2;8.12.1946;0;2
SEHBAR;2;12.08.1958;0;2
INGINAZ;2;1.09.1957;0;2
GULENZAR;2;14.06.1952;0;2
BAHSIN;2;10.04.1973;2;0
KAZIMTAS;2;3.10.1940;2;0
BETUHAN;2;1.06.1984;0;2
DURNEF;2;26.01.1960;0;2
MESTINE;2;11.01.1940;0;2
DURUCAK;2;19.05.1972;0;2
ZEBUS;2;12.09.1953;0;2
NURGIZEM;2;13.10.1989;0;2
SEVDUK;2;18.01.1972;2;0
HAVDANE;2;7.07.1940;0;2
EFRATUN;2;8.04.1976;1;1
SULEYUKSEL;2;26.02.1974;0;2
NAZMEDDIN;2;15.01.1965;2;0
CAHITHAN;2;27.11.1978;2;0
NASE;2;28.09.1958;0;2
SURDAL;2;7.04.1965;2;0
PERDEV;2;9.11.1946;2;0
MAKFUZE;2;7.07.1929;0;2
SIRRIHAN;2;3.03.1984;2;0
UGRUN;2;11.06.1982;2;0
NURGILE;2;20.01.1970;0;2
KANATLI;2;24.02.1967;2;0
NARULLAH;2;8.01.1981;2;0
NEZIYHAT;2;17.11.1975;0;2
ISGUL;2;20.10.1971;0;2
LAYEZEL;2;20.12.1956;0;2
HURIMAN;2;2.04.1948;0;2
FATIMATIL;2;27.12.1952;0;2
MUKRINAZ;2;12.12.1964;0;2
OZBEKIR;2;29.12.1963;2;0
YENAIL;2;2.07.1972;2;0
NIHA;2;27.05.1950;0;2
NUHSAIT;2;23.08.1958;2;0
MURABBIYE;2;29.12.1957;0;2
HACISELIM;2;21.05.1976;2;0
SATKI;2;16.12.1964;1;1
MIHHAT;2;14.08.1958;2;0
KUMRUL;2;8.02.1965;0;2
UMMAAN;2;30.2.1966;0;2
AYMUNUR;2;3.03.1959;0;2
RAHMANKUL;2;10.10.1978;2;0
FELAHITTIN;2;1.08.1947;2;0
SELBIYAZ;2;25.04.1960;0;2
KARAMUK;2;5.02.1963;0;2
BEREMHAN;2;16.08.1932;0;2
UZHIYE;2;23.09.1960;0;2
KORAYHAN;2;14.02.1990;2;0
NASIFI;2;17.05.1970;2;0
AYKUNT;2;8.06.1959;2;0
GIYASATTIN;2;30.05.1981;2;0
SEHRUBA;2;14.12.1963;0;2
KIBRIA;2;12.05.1983;0;2
SERFITTIN;2;14.11.1955;2;0
SOAD;2;9.04.1980;0;2
NERCIFAN;2;12.05.1956;0;2
SUNARIYE;2;26.09.1959;0;2
RUVEYIDE;2;9.05.1965;0;2
ALTINKIZ;2;16.07.1964;0;2
DURRUSEHVER;2;5.02.1947;0;2
PHATIMA;2;21.12.1963;0;2
NEMAHAN;2;12.06.1980;0;2
MECMIRE;2;20.06.1966;0;2
CEMNE;2;25.11.1955;0;2
NIKAYEL;2;28.02.1965;2;0
GULARIFE;2;24.03.1975;0;2
NEBIR;2;4.12.1975;1;1
BARBAROSHAN;2;16.06.1986;2;0
REBEHAT;2;2.03.1946;0;2
GURSINE;2;12.09.1970;0;2
NASUHAN;2;17.09.1988;1;1
MUASSE;2;10.04.1952;0;2
TAZETTIN;2;6.05.1964;2;0
HUSUNIYE;2;25.01.1973;0;2
FUSNE;2;19.03.1977;0;2
TURIYEN;2;30.2.1958;0;2
MIASSE;2;25.06.1948;0;2
OMERPASA;2;15.06.1978;2;0
HUZEYIME;2;5.8.978;0;2
ENVERBEY;2;28.09.1963;2;0
HUSNUBEY;2;25.11.1976;2;0
TUZUNER;2;9.11.1954;2;0
ADIVI;2;8.03.1980;0;2
FEHRUZAN;2;27.05.1968;0;2
HAMANGUL;2;25.05.1943;0;2
AGIME;2;21.08.1991;0;2
ZAHITHAN;2;19.03.1966;1;1
REHANIYE;2;13.11.1952;0;2
ZEYECAN;2;21.04.1953;0;2
SEZAAT;2;27.09.1961;0;2
EVDAN;2;15.10.1944;2;0
AHCAN;2;3.08.1991;2;0
BEYBALA;2;14.12.1971;2;0
SENCEBIL;2;29.03.1981;0;2
MELBIS;2;9.03.1964;0;2
ZEYENP;2;12.02.1989;0;2
EYYAMI;2;18.07.1963;2;0
PURAYE;2;18.06.1956;0;2
RIFGUL;2;29.11.1958;0;2
MERSEM;2;22.11.1966;0;2
TEHIRE;2;1.11.1964;0;2
KAMILHAN;2;10.01.1972;1;1
TEREZIJA;2;9.11.1944;0;2
SAVFIYE;2;22.01.1965;0;2
EYGI;2;8.04.1980;1;1
FERZAL;2;9.12.1979;1;1
GUNYAS;2;16.07.1974;0;2
YUKSELBEY;2;11.09.1983;2;0
EMRAT;2;28.08.1970;0;2
CANIFER;2;4.02.1942;0;2
MUHISIN;2;17.02.1966;2;0
SEVFET;2;28.05.1941;1;1
KEMALATTIN;2;25.06.1977;2;0
HUSSEMET;2;5.10.1970;2;0
NECIMET;2;14.10.1958;2;0
MIMSER;2;23.10.1952;0;2
MUHATDES;2;12.11.1954;0;2
ZAKINUR;2;2.08.1960;0;2
MAKSIT;2;9.04.1952;2;0
CEVRIYA;2;21.04.1956;0;2
GULDIYAN;2;16.02.1964;0;2
ELVEDE;2;27.07.1950;0;2
SEDRETDIN;2;2.12.1943;2;0
MACUDE;2;6.10.1965;0;2
HACILA;2;5.12.1963;0;2
VADDETTIN;2;1.09.1956;2;0
SEVYEN;2;22.01.1967;0;2
KULEM;2;19.08.1940;1;1
YAKUF;2;29.2.1973;2;0
SIDAYET;2;30.12.1972;0;2
SENDINC;2;28.08.1963;2;0
KARAYEL;2;5.06.1970;2;0
IMRAK;2;15.04.1963;0;2
URSAL;2;21.10.1953;1;1
TEONA;2;14.12.1975;0;2
PELGA;2;10.06.1985;0;2
MEVLUDENUR;2;15.02.1988;0;2
FADIMEI;2;8.03.1939;0;2
TIGCAN;2;22.06.1962;1;1
GULNADIM;2;25.09.1970;0;2
ERKAMIN;2;21.08.1986;2;0
SULER;2;12.12.1963;0;2
NAMKER;2;2.05.1951;0;2
GUNLAME;2;21.10.1973;0;2
NUDER;2;17.04.1972;0;2
FEDAD;2;1.06.1979;2;0
TONEL;2;10.10.1961;2;0
HAFIYZE;2;6.01.1953;0;2
RAMSES;2;27.11.1955;1;1
MEYFAR;2;24.11.1968;1;1
NEVIC;2;3.07.1961;0;2
YUGEDAY;2;9.12.1986;2;0
CELAIR;2;9.12.1958;2;0
NEBIKE;2;10.11.1983;0;2
BEKAM;2;26.01.1947;2;0
CETDIN;2;8.09.1976;2;0
EMINIE;2;21.01.1971;0;2
MIZEYYEN;2;18.12.1966;0;2
KANNUR;2;17.10.1966;2;0
GUNSELE;2;26.02.1959;0;2
SEVIDIYE;2;16.05.1972;0;2
HEDAKAR;2;21.12.1948;0;2
TOYGAY;2;27.01.1980;2;0
ZELHANUR;2;19.01.1965;0;2
FADIGULU;2;7.01.1958;0;2
NEFIYSE;2;9.05.1975;0;2
ZULBIHA;2;29.11.1962;0;2
HUPLAR;2;15.01.1971;0;2
YUKSUNE;2;14.09.1957;0;2
HAMZACAN;2;29.11.1990;2;0
KABILIYE;2;13.12.1963;0;2
SANBEG;2;8.04.1955;2;0
MAZLUMIYE;2;20.11.1947;0;2
SAHABENDI;2;13.10.1969;2;0
GULAPER;2;30.05.1942;0;2
ERMEYDAN;2;21.10.1972;2;0
SURMAN;2;16.01.1969;0;2
DASGIN;2;2.12.1945;2;0
BUSEL;2;21.07.1970;0;2
NURSEMIYE;2;16.11.1962;0;2
FELEKMAZ;2;9.05.1941;0;2
SUNKUR;2;21.12.1942;2;0
BAYTU;2;22.04.1982;2;0
MAHALE;2;11.03.1957;0;2
NEZIRCAN;2;17.08.1982;1;1
GULDEBIR;2;19.04.1961;0;2
ASYAN;2;1.07.1952;0;2
CAGRIALP;2;26.12.1989;2;0
LEMINA;2;13.04.1955;0;2
USGEL;2;6.07.1942;0;2
GULERIK;2;25.02.1953;0;2
ZEBEK;2;1.05.1950;0;2
CIVDEM;2;16.05.1979;1;1
BADISE;2;26.10.1966;0;2
HAMASET;2;4.09.1961;1;1
FERIGE;2;9.08.1971;0;2
GUNUN;2;17.08.1952;0;2
GUMEYRE;2;9.11.1959;0;2
GOSEGAG;2;29.01.1926;0;2
IREBE;2;22.07.1951;0;2
FEYRIDE;2;22.02.1961;0;2
MUSLINA;2;9.03.1956;2;0
MUGAZZEZ;2;12.02.1956;0;2
BARAJ;2;5.10.1972;2;0
ULGEL;2;13.08.1945;0;2
DIBAR;2;19.01.1966;0;2
BETRETDIN;2;9.01.1975;2;0
BEDDES;2;27.02.1962;2;0
HEBUBE;2;11.11.1967;0;2
SAFVAT;2;13.8.986;1;1
TEBARUS;2;24.06.1966;1;1
TAHKIMAT;2;4.12.1946;2;0
MULLU;2;27.09.1953;2;0
TUTUM;2;22.08.1946;1;1
ORDEY;2;5.03.1950;1;1
EYIPHAN;2;6.01.1973;2;0
CANUBEY;2;4.08.1950;2;0
KITADE;2;3.03.1961;2;0
MELCAN;2;7.06.1978;0;2
TURUYA;2;11.10.1957;0;2
HABISE;2;28.04.1969;0;2
GULEYFER;2;21.02.1975;0;2
ADIYET;2;12.10.1972;0;2
GUSIFE;2;17.04.1932;0;2
FIRDEVUZ;2;3.01.1973;0;2
SUBUYEN;2;21.10.1955;0;2
DEHRIN;2;20.10.1954;0;2
PIRZA;2;1.06.1954;2;0
PAKIYA;2;1.09.1963;0;2
MUSHAT;2;7.02.1972;2;0
ZERNISA;2;10.12.1960;0;2
SEKIPE;2;6.11.1962;0;2
NAGA;2;2.12.1956;0;2
GULAGBI;2;12.02.1962;2;0
MIHRICA;2;27.04.1974;0;2
MERZIVAN;2;9.07.1969;1;1
ZEYNEBIYE;2;22.01.1947;0;2
NALEM;2;17.07.1976;0;2
MENDUME;2;30.07.1971;0;2
HUSEYINALP;2;3.11.1972;2;0
NURSERAP;2;28.02.1972;0;2
MEYRAL;2;28.12.1970;0;2
DURDUVAN;2;17.03.1962;0;2
SULIYHA;2;3.08.1970;0;2
BALSEKER;2;9.07.1948;0;2
KUBULAYHAN;2;14.06.1977;2;0
SUMEYYRA;2;4.12.1990;0;2
ABDULVAHABIGAZI;2;24.04.1961;2;0
SELVENAZ;2;24.02.1964;0;2
BINYAT;2;3.07.1972;2;0
GULNAGME;2;3.05.1982;0;2
SEFAGAT;2;26.12.1957;1;1
HAMIGUL;2;18.11.1946;0;2
HEBIBA;2;8.03.1978;0;2
AGACA;2;2.02.1951;0;2
LEYCEN;2;3.09.1983;0;2
NURDIYAR;2;28.05.1959;0;2
NURAYSEL;2;26.06.1955;0;2
ZAHIY;2;2.02.1964;0;2
ZAMIME;2;27.08.1936;0;2
MENFAT;2;23.10.1977;0;2
YASAF;2;10.11.1958;2;0
ZEMMINUR;2;3.12.1959;0;2
ORGUYA;2;18.07.1950;0;2
AZRANUR;2;6.01.1988;0;2
TEVFIGE;2;2.06.1951;0;2
NEMZETTIN;2;13.12.1973;2;0
GULYUSUF;2;5.01.1962;2;0
NURSEME;2;2.01.1963;0;2
BUREYDA;2;30.08.1984;0;2
GULDONSUN;2;10.03.1972;0;2
UGURKUS;2;26.05.1948;0;2
SEHHALIL;2;8.03.1979;2;0
YESIMAY;2;29.06.1970;0;2
KINAS;2;24.07.1967;1;1
SEFUNUR;2;8.04.1951;0;2
PERENDE;2;25.07.1973;1;1
GULBUSRA;2;27.07.1990;0;2
BEHIGUL;2;3.01.1960;0;2
NAHET;2;18.02.1963;1;1
HAMUSE;2;20.07.1955;0;2
FAYSER;2;23.11.1978;1;1
HULBU;2;13.12.1948;2;0
NUMEYRA;2;13.12.1960;0;2
APDULVAHIT;2;9.12.1957;2;0
MUREFFA;2;3.09.1953;0;2
MENEVSI;2;3.12.1971;0;2
KAMURAL;2;27.07.1955;1;1
NEFDAL;2;26.11.1984;2;0
MUHRIS;2;22.11.1976;2;0
LUGMAN;2;1.03.1957;2;0
NEBIY;2;17.02.1962;2;0
AYFIRI;2;1.12.1971;0;2
FEDLIYE;2;27.12.1947;0;2
CEK;2;22.03.1959;2;0
GUPERI;2;27.06.1980;0;2
FAYIKIYE;2;6.4.953;0;2
ERTORER;2;19.09.1946;2;0
MENZUHA;2;23.08.1957;0;2
DURDUFER;2;28.08.1975;0;2
GULBAHTIYAR;2;16.06.1964;0;2
ZARIFANA;2;3.08.1983;0;2
ZAMHANUR;2;6.01.1964;0;2
GULALDI;2;14.09.1965;0;2
NIMETHAN;2;12.10.1989;1;1
TUYKUN;2;1.09.1950;1;1
NURITE;2;21.03.1966;0;2
MIRACA;2;29.06.1974;0;2
TAATTIN;2;7.03.1962;2;0
BIRYAZ;2;22.02.1979;0;2
MEHMETPASA;2;2.09.1977;2;0
AFEN;2;30.05.1969;1;1
REHIDA;2;22.11.1970;0;2
HUDAVEND;2;22.11.1986;0;2
HEMMIGUL;2;9.10.1973;0;2
SIZEL;2;25.11.1976;0;2
NENEKIZ;2;19.05.1959;0;2
SEKERBANI;2;25.11.1949;0;2
GULCECAN;2;9.04.1989;0;2
HALIN;2;6.10.1973;0;2
ABUSEYIT;2;20.03.1979;2;0
HUDEYFA;2;28.08.1986;2;0
IMMIGUSUN;2;27.07.1961;0;2
SERDAI;2;18.02.1968;2;0
UMISA;2;5.05.1943;0;2
MERZUN;2;9.08.1970;1;1
TEKAMUL;2;3.05.1978;2;0
DENKSIZ;2;1.08.1946;0;2
MIYHANIM;2;24.07.1943;0;2
SAZEYI;2;7.11.1970;1;1
EKSAL;2;25.12.1961;1;1
GUSMA;2;24.05.1965;0;2
CEMILET;2;17.04.1950;0;2
GULNURE;2;10.10.1969;0;2
MENZUKA;2;4.06.1953;0;2
GULSACAN;2;14.04.1944;0;2
BINNURE;2;10.01.1955;0;2
MASUTA;2;22.07.1974;0;2
ORKUNHAN;2;9.03.1982;2;0
LERKIZ;2;29.2.1955;0;2
MUGNIRE;2;4.01.1947;0;2
MANSURU;2;9.12.1965;2;0
MIHRALIBEY;2;24.04.1967;2;0
SAHUDAR;2;15.10.1936;0;2
SERGULU;2;16.01.1971;0;2
ZUBAYIR;2;26.08.1957;2;0
KOFAR;2;21.12.1967;0;2
KAYAYURT;2;12.08.1955;2;0
NEZLER;2;1.08.1952;0;2
MUHSILE;2;6.07.1970;0;2
HUMAYIM;2;9.11.1953;0;2
CAFAT;2;9.06.1964;2;0
KAYADUDU;2;16.05.1957;0;2
SUBUHA;2;16.04.1967;0;2
UMNISE;2;30.09.1970;0;2
BAYRAMAN;2;18.07.1958;0;2
ERBAH;2;15.02.1973;2;0
SAHRUZAT;2;15.04.1946;1;1
TUTYALI;2;22.11.1936;0;2
AHLET;2;27.07.1973;2;0
TUJAN;2;15.05.1975;1;1
MUSTAFAHAN;2;4.07.1985;2;0
SEVDULLAH;2;6.11.1956;2;0
VERDEN;2;3.11.1972;1;1
CONSTANTIN;2;21.12.1975;2;0
GULSHAT;2;26.11.1976;0;2
GULSEMIYE;2;23.03.1961;0;2
AGCABAL;2;7.02.1964;2;0
SOFA;2;19.09.1973;1;1
GULSAYAT;2;26.12.1955;0;2
EZMUR;2;13.02.1957;1;1
SUNAYLI;2;26.06.1972;0;2
SRI;2;20.07.1968;0;2
MAGLUBE;2;1.03.1948;0;2
ZELKIYE;2;10.12.1943;0;2
SHARABANI;2;20.10.1969;0;2
NIGDIYE;2;13.06.1967;0;2
SULHHAN;2;14.09.1984;1;1
EBAHIZE;2;7.02.1952;0;2
MOHREDIN;2;8.09.1970;2;0
BUGAC;2;23.03.1972;2;0
ZIYKIYE;2;14.08.1972;0;2
BEHSIM;2;27.05.1961;2;0
TIGMUR;2;15.12.1970;2;0
ZULU;2;26.02.1963;0;2
SONCILE;2;17.08.1979;0;2
HACIZ;2;7.05.1974;0;2
ENISUL;2;3.11.1974;2;0
ESSELAM;2;24.01.1985;2;0
YAYLAHAN;2;28.09.1977;0;2
UMMUHANLI;2;20.12.1959;0;2
KAVUR;2;23.04.1964;2;0
AYCICEGI;2;2.10.1946;0;2
ZENCENUR;2;12.10.1971;0;2
TEKDEN;2;2.11.1981;2;0
MENUNE;2;21.07.1962;0;2
BULENDE;2;17.07.1960;0;2
SUNEYLA;2;12.02.1950;0;2
ERVADI;2;14.10.1963;2;0
BIRFEL;2;30.09.1979;0;2
GULNAZER;2;24.06.1965;0;2
RECIME;2;28.01.1962;0;2
VAKAR;2;29.03.1981;1;1
BOLHAN;2;4.04.1960;2;0
HAGI;2;1.08.1956;2;0
YUNISEMRE;2;12.02.1979;2;0
FERIYET;2;2.02.1960;0;2
MENHIBE;2;23.06.1974;0;2
FADEL;2;29.2.1963;0;2
NAGAHAR;2;7.09.1972;0;2
FARAMIZ;2;27.06.1964;2;0
GULCIBUK;2;30.09.1956;0;2
CINCIK;2;6.08.1956;1;1
MERKINAZ;2;26.11.1955;0;2
ILGAZI;2;8.08.1960;2;0
KAYTUK;2;18.11.1978;2;0
BELHANE;2;3.04.1933;0;2
DURSET;2;10.08.1971;1;1
MUKAAFAT;2;20.01.1957;0;2
FERAGET;2;21.08.1962;0;2
GULSAHA;2;12.04.1963;0;2
FULUZE;2;1.02.1967;0;2
DURAKSAM;2;23.05.1969;1;1
FESAYET;2;4.09.1958;0;2
ZIKRIYA;2;5.07.1963;1;1
KULYUSUF;2;5.09.1960;2;0
YABIR;2;9.01.1958;2;0
TUTCE;2;12.10.1956;0;2
BALE;2;4.03.1952;0;2
TEHRA;2;28.02.1982;1;1
UMIZET;2;24.12.1980;0;2
MEYSERI;2;26.02.1952;0;2
BAKKIR;2;11.11.1962;2;0
ZEYFISAN;2;17.12.1953;0;2
EYIHAN;2;12.03.1967;1;1
ZULFIKARA;2;16.08.1967;0;2
GULHAYET;2;4.10.1972;0;2
HADICETULKUBRA;2;30.09.1986;0;2
MURATAL;2;1.03.1943;1;1
ABIYE;2;22.04.1957;0;2
MACITE;2;4.06.1966;0;2
ZEYNIZAR;2;21.07.1977;0;2
TERMIHAN;2;24.08.1960;0;2
SELMUSAH;2;16.11.1961;0;2
IBAK;2;2.11.1953;2;0
GULUDIYE;2;14.09.1973;0;2
RAKUYE;2;12.02.1959;0;2
MIRINE;2;28.07.1956;0;2
ZERAI;2;3.10.1961;0;2
BEHRAT;2;21.12.1959;2;0
GULYASEMEN;2;27.07.1962;0;2
MELUDIYE;2;16.01.1958;0;2
INCIK;2;16.06.1971;1;1
MUTTELIF;2;10.11.1952;2;0
SIMINUR;2;3.07.1947;0;2
GULNAIME;2;10.01.1955;0;2
KURSUNE;2;8.02.1952;0;2
SAMGUL;2;25.04.1947;0;2
URUSDEM;2;12.02.1955;2;0
ZURGAYIR;2;8.09.1969;2;0
MAHMILE;2;22.06.1953;0;2
FERITDIN;2;20.05.1957;2;0
VEHABI;2;2.09.1963;2;0
GULDURMUS;2;25.12.1957;1;1
MUBESSE;2;3.11.1936;0;2
ZULGADEM;2;4.11.1950;0;2
CESURI;2;28.03.1959;2;0
NEZIL;2;13.12.1967;0;2
MEKAYI;2;18.04.1972;2;0
MAROL;2;24.06.1956;0;2
NEZAYIL;2;17.02.1957;2;0
DINSAL;2;11.12.1976;2;0
NURBE;2;22.12.1955;0;2
CEYYIDE;2;2.03.1950;0;2
ELVERIR;2;4.02.1953;0;2
ZULIFTAR;2;30.12.1953;2;0
NEVIRIYE;2;9.04.1988;0;2
LABIS;2;18.11.1948;0;2
SIMRIYE;2;8.03.1954;0;2
CEBIRAN;2;24.04.1976;0;2
ERHUMIYE;2;15.03.1958;0;2
DOLUHAN;2;6.06.1987;2;0
GEZIK;2;10.02.1942;0;2
MEZUFE;2;14.10.1962;0;2
KIVIRCIK;2;11.01.1977;0;2
GULFAMIYE;2;9.06.1945;0;2
MINIGRE;2;5.04.1966;0;2
NICAVET;2;5.08.1953;0;2
NURIDIYE;2;8.01.1963;0;2
ZEYKINE;2;3.01.1963;0;2
ZELFISAN;2;19.10.1965;0;2
MUINETTIN;2;13.06.1962;2;0
CUVEYRIYYE;2;7.08.1983;0;2
SIMAI;2;10.02.1972;1;1
ATAMEL;2;4.05.1962;2;0
GULREMZIYE;2;8.04.1951;0;2
VEYSALI;2;3.05.1975;2;0
HUSMI;2;24.04.1955;2;0
TUTKIYE;2;29.01.1951;0;2
ESINHAN;2;14.01.1959;0;2
NISANNUR;2;12.04.1983;0;2
HICE;2;5.03.1957;0;2
MERFUDE;2;7.01.1963;0;2
YOKTAN;2;15.12.1977;2;0
MAHMUL;2;9.09.1944;0;2
HURINAR;2;16.05.1972;0;2
MISYA;2;22.08.1955;0;2
BURYAMI;2;17.09.1967;2;0
NANIM;2;6.07.1959;0;2
NESKURE;2;17.10.1942;0;2
AHLIME;2;24.11.1949;0;2
ERTANE;2;5.12.1954;1;1
NAHADIYE;2;23.07.1959;0;2
NEZGUN;2;15.11.1961;0;2
MEKEDINE;2;5.08.1927;0;2
HASANBAKI;2;19.11.1960;2;0
TAHRIP;2;13.09.1963;2;0
BAYSAT;2;7.02.1959;2;0
TEKRUR;2;2.09.1962;1;1
IZETULLAH;2;20.06.1969;2;0
MAHIM;2;5.05.1973;1;1
CUMAMURAT;2;25.06.1967;2;0
CUMAGELDI;2;10.01.1952;2;0
AKNEBAT;2;23.11.1972;0;2
OGULDURDI;2;27.06.1952;0;2
ALLAHNAZAR;2;4.03.1960;2;0
GAYBULLAH;2;8.11.1976;2;0
ESETULLAH;2;9.08.1964;2;0
EYFAN;2;24.08.1964;0;2
EDAVET;2;3.02.1959;0;2
NECMURIYE;2;26.08.1974;0;2
NERKIN;2;17.01.1974;0;2
SUVAIL;2;23.12.1971;2;0
VEJIN;2;16.02.1957;0;2
NEKILE;2;14.01.1957;0;2
SEHVETTIN;2;20.02.1955;2;0
EHRUME;2;27.06.1954;0;2
MUALE;2;2.12.1970;0;2
HOSAGA;2;11.04.1955;2;0
INAAT;2;12.02.1965;0;2
BEKULU;2;2.04.1969;2;0
HUDAYIVERDI;2;4.01.1981;2;0
SUBAYI;2;1.11.1970;2;0
HITAMIYE;2;4.02.1959;0;2
MURSEMIN;2;9.10.1971;0;2
GULVISNE;2;16.05.1971;0;2
SAHMIDAN;2;22.01.1949;0;2
MUSDAFA;2;25.12.1927;2;0
DILFIRUZE;2;17.04.1980;0;2
ZINNIT;2;19.08.1972;0;2
GULABIDE;2;18.09.1969;0;2
TAMRIKO;2;15.08.1973;0;2
ZEBITHAN;2;4.07.1946;0;2
MEHBIB;2;14.10.1956;0;2
SOHEDA;2;1.01.1978;0;2
KUMRUGUL;2;10.10.1976;0;2
ISVEHAN;2;7.11.1982;1;1
MIRIZA;2;9.09.1953;2;0
KIRBA;2;10.06.1937;0;2
MEHSUDIYE;2;5.01.1967;0;2
YASELIN;2;13.04.1980;0;2
MISKIGUL;2;16.09.1958;0;2
ABDUC;2;15.10.1954;2;0
CENEP;2;15.11.1962;2;0
UNZELE;2;23.05.1975;0;2
BERKINAZ;2;21.06.1954;0;2
CIVIL;2;16.03.1965;0;2
PEHLI;2;16.05.1969;2;0
SEVTEN;2;29.08.1950;0;2
EDAETTIN;2;21.08.1952;2;0
GULUFAR;2;24.09.1972;0;2
FASFI;2;6.05.1964;2;0
SESMINAZ;2;24.08.1975;0;2
DUDUSAH;2;1.10.1974;0;2
MIVA;2;7.09.1950;0;2
ANNAMARIE;2;7.10.1973;0;2
MUVLUDE;2;29.2.1979;0;2
SELAMED;2;30.01.1972;1;1
GULDATLI;2;18.02.1954;0;2
VIJDANIYE;2;8.05.1971;0;2
GADIRYE;2;26.03.1966;0;2
ZIYATI;2;3.04.1969;2;0
SEIBET;2;30.01.1957;0;2
CISEGUL;2;6.05.1970;0;2
REYBE;2;17.03.1966;0;2
TALUHA;2;29.11.1974;1;1
H.ETEM;2;22.01.1956;2;0
SULGUN;2;23.04.1981;0;2
AYBERI;2;2.08.1968;0;2
AKBEBE;2;15.08.1958;0;2
AKBIKE;2;3.06.1953;0;2
TACMEHMET;2;10.01.1971;2;0
TACINISA;2;2.05.1969;0;2
ZIVAGUL;2;9.01.1982;0;2
ALLAHKULU;2;24.11.1961;2;0
EVEZ;2;22.12.1970;2;0
COGRA;2;11.11.1945;2;0
OGULNIYAZ;2;13.03.1959;0;2
GULBEBE;2;7.06.1980;0;2
SILVANI;2;15.07.1974;2;0
GERIME;2;28.06.1946;0;2
MEYMAN;2;3.03.1960;0;2
NILISER;2;11.12.1962;0;2
RUJIYE;2;1.12.1958;0;2
NURSAFI;2;14.06.1973;0;2
AHMETDURMUS;2;5.08.1951;2;0
ELEMIN;2;25.04.1983;2;0
IGDELI;2;20.06.1956;0;2
NURCAHIT;2;7.04.1972;2;0
MEYSURIYE;2;18.09.1957;0;2
CANBARIS;2;13.03.1985;2;0
ENESBIN;2;29.08.1985;2;0
CEMMURAT;2;6.10.1975;2;0
RUHUDIYE;2;29.03.1973;0;2
MENSUDIYE;2;16.08.1961;0;2
BASAL;2;30.01.1976;2;0
HABUK;2;4.12.1947;0;2
SURMALI;2;29.2.1965;1;1
GULCANI;2;23.07.1959;0;2
SETMEN;2;11.10.1958;0;2
GULLAME;2;17.02.1956;0;2
TABENDER;2;23.03.1964;0;2
DILPARE;2;21.12.1969;0;2
PERINA;2;18.02.1963;0;2
NUHAR;2;6.11.1963;0;2
TIRJAN;2;6.07.1954;0;2
GURDOGAR;2;30.11.1975;2;0
KNARIK;2;19.07.1966;0;2
HILOLA;2;25.01.1984;0;2
AFIME;2;15.02.1961;0;2
LERMIYE;2;8.04.1952;0;2
HADINCIK;2;6.10.1947;0;2
HEVVAL;2;30.12.1981;0;2
CEMRECAN;2;23.11.1991;1;1
MUBEYLE;2;8.08.1966;0;2
GONIN;2;18.11.1951;0;2
SAYKIYA;2;20.09.1949;0;2
KLAVDIA;2;2.04.1938;0;2
MERYEN;2;11.12.1961;0;2
YETKUN;2;17.12.1975;2;0
SUVERDA;2;3.12.1948;0;2
HUDAVENDI;2;8.10.1957;2;0
PILIN;2;19.08.1964;0;2
CENGIZCAN;2;4.02.1986;2;0
HEMITE;2;23.10.1962;0;2
NURSABAN;2;2.10.1965;2;0
EZIRHAN;2;20.06.1958;0;2
GURRE;2;14.08.1950;2;0
MEZGUL;2;14.11.1959;0;2
ISLAL;2;28.05.1963;0;2
SUFEKAR;2;7.06.1974;0;2
PIRSELIM;2;15.10.1980;2;0
HAVAZE;2;9.03.1951;0;2
SIYER;2;25.05.1969;1;1
HEFZE;2;9.07.1959;0;2
CESMEN;2;9.02.1945;0;2
IVKA;2;30.08.1947;0;2
CIRAKMAN;2;25.08.1967;2;0
FEGAN;2;2.09.1968;0;2
RAMITTIN;2;7.12.1966;2;0
MUCAITTIN;2;12.08.1974;2;0
MUSLITTIN;2;15.08.1962;2;0
MERICCAN;2;28.06.1987;2;0
NAZIGET;2;22.12.1944;0;2
MEVLADE;2;13.03.1959;0;2
INCIMAN;2;4.05.1966;0;2
ASIYLE;2;11.01.1958;0;2
REBBIHAN;2;5.12.1962;0;2
NAZIMYE;2;5.06.1972;0;2
ALIBESE;2;21.10.1942;2;0
CALIDE;2;27.08.1962;0;2
GULBETEN;2;29.05.1964;0;2
NURPAY;2;5.10.1987;1;1
LUTFUHAK;2;1.08.1939;0;2
IRHEM;2;27.03.1962;0;2
EZERMEN;2;21.10.1946;0;2
HAVASAN;2;12.07.1970;0;2
HAFIDEN;2;6.09.1926;0;2
DEMIRKALE;2;21.05.1944;2;0
KULSEN;2;16.09.1957;0;2
YAKERIM;2;11.05.1974;2;0
HADUNCUK;2;4.01.1958;0;2
IHSANBEY;2;4.02.1950;2;0
EKLEMA;2;17.07.1973;0;2
HIKMEDE;2;18.05.1945;0;2
SUDDE;2;7.04.1953;0;2
ARMETTIN;2;26.09.1959;1;1
DEVIDE;2;23.08.1975;0;2
SEZGIYE;2;11.01.1960;0;2
ALEVTAN;2;12.02.1970;1;1
SERGULE;2;22.02.1959;0;2
OZALAY;2;14.08.1976;0;2
MELDANE;2;16.09.1959;0;2
ICABE;2;7.10.1948;0;2
TURKKAYA;2;11.08.1940;2;0
SAGBET;2;12.04.1965;2;0
AVMIYE;2;29.10.1938;0;2
CEHIME;2;26.08.1970;0;2
COSMINAZ;2;19.03.1964;0;2
NECLANUR;2;24.11.1969;0;2
MATANET;2;2.11.1970;0;2
MASIKER;2;24.11.1959;0;2
ZULKEYNA;2;15.11.1980;2;0
GULUFEN;2;8.02.1959;0;2
MULAZIME;2;27.07.1941;0;2
MAFTUNE;2;29.06.1946;0;2
AYSUGUL;2;14.04.1983;0;2
KUKULI;2;12.04.1950;0;2
TEYIDE;2;7.06.1980;0;2
ALIFAHRI;2;28.06.1962;2;0
RIHIGUL;2;4.05.1947;0;2
GULHADIN;2;3.03.1968;1;1
MERZA;2;9.02.1978;0;2
MAHZIYE;2;25.11.1940;0;2
ERDURAL;2;5.10.1959;2;0
BAYLAR;2;19.09.1954;2;0
ISMETBEY;2;12.01.1948;2;0
NAZDA;2;3.02.1966;0;2
ANIDA;2;9.11.1984;0;2
DEHAVER;2;2.04.1968;2;0
GOKMENHAN;2;17.08.1978;2;0
MUHAK;2;29.01.1967;1;1
OMURALI;2;8.10.1962;2;0
SERKAT;2;17.08.1987;2;0
MUTAYYIP;2;5.05.1968;2;0
MAHPUZA;2;23.01.1972;0;2
MURATAN;2;14.12.1974;2;0
BAYRAMPASA;2;9.06.1962;2;0
BEHRUDAR;2;15.02.1953;2;0
SUMEYYER;2;3.09.1985;0;2
PAHIYE;2;3.10.1955;0;2
VAIDA;2;27.04.1959;0;2
NUTVI;2;19.10.1959;2;0
ZAVILE;2;7.03.1956;0;2
ULBEY;2;3.04.1974;2;0
UBEY;2;2.06.1973;2;0
NURDEHAN;2;20.05.1959;1;1
GULBEMBE;2;17.08.1974;0;2
VAVANI;2;14.09.1965;0;2
NEVRESIDE;2;3.08.1943;0;2
KICCEY;2;21.07.1946;0;2
LASIF;2;17.06.1975;0;2
EMIRPASA;2;30.10.1953;2;0
CIGNUR;2;29.05.1973;0;2
NAMENUR;2;14.04.1985;0;2
MEMDUSE;2;23.05.1956;0;2
MUDAHHERE;2;13.11.1936;0;2
REBEHAN;2;20.07.1961;0;2
ZIGSAN;2;26.11.1965;0;2
BERAYITTIN;2;3.02.1979;2;0
PELINCAN;2;25.08.1991;0;2
TALLA;2;28.04.1971;0;2
EDMAN;2;25.11.1964;2;0
SANSET;2;25.02.1961;1;1
MINTAA;2;6.07.1976;0;2
OMERKAN;2;10.04.1986;2;0
ASALE;2;6.06.1974;0;2
NEYRI;2;28.08.1967;0;2
GOKBUKE;2;24.10.1991;0;2
NIGIAR;2;21.12.1971;0;2
PULENT;2;3.08.1969;2;0
GAVAS;2;20.01.1958;1;1
HUSNUCIHAN;2;17.06.1963;0;2
EBSAR;2;25.08.1977;0;2
ARIFAGA;2;15.10.1982;2;0
NESABIR;2;14.09.1944;0;2
CARPAN;2;9.12.1970;2;0
MEMURA;2;19.08.1965;0;2
SENIAN;2;1.11.1963;0;2
BETULA;2;7.06.1974;0;2
HESNANUR;2;3.06.1987;0;2
MAKKA;2;27.04.1979;0;2
AHMETSALIH;2;1.10.1965;2;0
MEVE;2;20.11.1957;0;2
HALIYLE;2;2.08.1968;0;2
SOYSEL;2;8.11.1964;0;2
AINA;2;15.07.1976;0;2
KETRIYE;2;12.04.1946;0;2
AIBENIZ;2;25.07.1966;0;2
YOKNAZ;2;3.11.1982;0;2
BURKAL;2;13.07.1981;2;0
ARITAY;2;15.05.1980;2;0
INSAT;2;9.04.1941;0;2
YURDENIZ;2;27.04.1975;0;2
BURRAN;2;29.05.1969;1;1
GULYEDER;2;6.12.1963;0;2
GOKTUN;2;15.06.1987;2;0
REHIMAN;2;10.10.1949;0;2
HARRAN;2;6.05.1985;1;1
SEHIFE;2;19.12.1943;0;2
GULCHEHRA;2;9.03.1975;0;2
GULBUKER;2;12.02.1975;0;2
HIRAMAN;2;4.01.1946;0;2
GAMSEL;2;5.06.1970;0;2
TUNAER;2;17.01.1984;2;0
NAZMICAN;2;4.03.1988;2;0
PETUL;2;14.07.1957;1;1
ATKAN;2;30.03.1967;2;0
GUMAC;2;20.04.1965;0;2
KHAVAR;2;10.02.1970;0;2
BIRTANIR;2;7.06.1945;1;1
GONIL;2;15.04.1946;0;2
NIGORAKHON;2;22.04.1971;0;2
MERSUS;2;27.06.1963;2;0
SAKIRALI;2;13.07.1970;2;0
NINER;2;29.03.1962;0;2
NURHAZEL;2;28.02.1987;0;2
ENSARULLAH;2;16.02.1979;2;0
SIHAB;2;11.05.1988;2;0
BUYRUK;2;18.06.1985;2;0
CANSUGUL;2;7.10.1990;0;2
NAZIRCAN;2;23.07.1961;1;1
ZAYNAB;2;23.02.1980;0;2
REZAHI;2;17.11.1958;2;0
KURE;2;29.12.1961;1;1
DANIA;2;7.01.1985;0;2
FERDINAN;2;16.04.1957;2;0
ZERNIN;2;4.12.1989;0;2
NAKAHAN;2;16.06.1981;0;2
CESFINAZ;2;30.12.1962;0;2
CAKIRAYSE;2;11.09.1960;0;2
HUMEYYEN;2;11.05.1941;0;2
ZULHEYYA;2;6.01.1970;0;2
TINSEL;2;20.06.1971;1;1
BALACAHANIM;2;25.06.1976;0;2
SERBAP;2;23.03.1958;0;2
HAMDUL;2;26.07.1957;1;1
GUNERKAN;2;3.06.1968;2;0
ALUDE;2;11.06.1961;0;2
YETDILE;2;13.03.1984;0;2
DENIZTAN;2;13.10.1985;1;1
NURTES;2;1.03.1977;0;2
BUSAN;2;5.03.1978;0;2
NAHADET;2;1.06.1972;0;2
ABTULHALIM;2;1.02.1970;2;0
OGURTAN;2;27.12.1954;2;0
FEZITTIN;2;25.09.1931;2;0
EDVA;2;10.03.1969;1;1
GULKI;2;21.08.1969;1;1
MUCELLIF;2;26.11.1971;1;1
BERKTURK;2;5.04.1966;2;0
IGDAN;2;29.07.1966;1;1
LEBBEYK;2;28.03.1949;0;2
REFITE;2;22.01.1937;0;2
TURHANIM;2;13.11.1963;0;2
FEDHI;2;4.01.1973;2;0
GULPIN;2;28.08.1966;0;2
PANBAK;2;8.12.1948;0;2
TOLKA;2;29.09.1979;2;0
GOHHAN;2;26.10.1979;2;0
BARISAY;2;29.05.1976;0;2
BAS;2;11.05.1965;1;1
BURLIYAT;2;20.11.1971;0;2
REYIM;2;20.12.1974;2;0
ESBEH;2;26.02.1946;0;2
ZIHNICAN;2;21.10.1970;2;0
ZILFICAN;2;21.05.1950;0;2
ZAYIYE;2;8.02.1951;0;2
NOVZETTIN;2;1.04.1972;2;0
MEZADET;2;4.08.1940;0;2
MAKSEDE;2;22.12.1938;0;2
KACIR;2;27.08.1938;0;2
BARTAL;2;22.08.1931;2;0
GURGERCIN;2;12.05.1935;0;2
AVASI;2;17.02.1936;0;2
SUNGEL;2;27.03.1958;0;2
MAHTIYAR;2;2.05.1980;0;2
NUSIYEN;2;21.12.1965;0;2
SERHAZ;2;8.02.1992;2;0
YALSEMIN;2;28.01.1990;0;2
KUHI;2;17.02.1935;0;2
ERDIF;2;4.06.1944;0;2
KIBE;2;12.08.1935;0;2
ALIEFTER;2;19.03.1942;2;0
ZEMLILE;2;7.08.1922;0;2
KOMAS;2;22.08.1937;0;2
HANOGLU;2;12.03.1991;2;0
OZDIREN;2;21.04.1981;2;0
ZULHUCAN;2;26.12.1960;0;2
SIVING;2;1.05.1979;0;2
BOYBAY;2;12.08.1935;2;0
DUDUGUZEL;2;27.02.1986;0;2
HASANBALABAN;2;6.04.1960;2;0
ASURBABA;2;30.04.1935;2;0
SAANER;2;2.06.1975;2;0
KATAN;2;12.02.1941;2;0
BAPO;2;22.08.1931;2;0
ESPAHI;2;13.02.1963;2;0
SAKIL;2;12.08.1923;0;2
ERCANSON;2;11.02.1975;2;0
CEYREN;2;12.10.1991;0;2
SEZDEM;2;23.03.1985;0;2
VILA;2;20.06.1985;2;0
PEKLIZAR;2;2.08.1933;0;2
ILLIZ;2;8.10.1986;0;2
ILIZGAR;2;16.03.1963;0;2
VELIHAYDAR;2;13.10.1963;2;0
EJMA;2;12.12.1971;0;2
PIRKEMAL;2;21.01.1972;2;0
YULUZGAR;2;5.05.1968;0;2
GULBUCUK;2;4.03.1956;0;2
IMAMLI;2;18.12.1954;2;0
MEHMETSEVKI;2;17.09.1991;2;0
DAVA;2;2.02.1981;0;2
ARKOC;2;27.05.1985;2;0
PERGULE;2;11.06.1974;0;2
SEYYIHE;2;21.11.1947;0;2
DIDIF;2;7.08.1928;0;2
KEZIBAHAR;2;18.05.1970;0;2
NEBIRAY;2;6.03.1979;0;2
ISTAHAR;2;27.03.1968;0;2
MEKKEDIN;2;4.01.1963;2;0
DILMIR;2;1.01.1942;0;2
ATILEK;2;25.10.1925;0;2
ZECETTIN;2;3.04.1936;2;0
SEYHHASAN;2;17.02.1942;2;0
MESAI;2;28.02.1960;2;0
OKTAYI;2;19.05.1954;2;0
TALII;2;11.01.1952;2;0
HIDIRHAN;2;17.07.1989;2;0
GUZCAN;2;12.02.1965;0;2
CIKER;2;27.08.1932;0;2
KEDIFA;2;21.07.1972;0;2
FATMAELIF;2;2.03.1980;0;2
BILGILE;2;19.03.1975;0;2
AHMETHIKMET;2;30.04.1974;2;0
DURAKAN;2;19.01.1972;2;0
BABIKHAN;2;27.11.1974;2;0
MERHRIBAN;2;1.11.1967;0;2
CANONDER;2;8.09.1975;2;0
ALPSAR;2;28.07.1976;2;0
MERTALIM;2;28.06.1966;2;0
SABREYLEGONUL;2;2.08.1969;0;2
CANDEREN;2;27.01.1992;2;0
MENEKS;2;17.05.1936;0;2
CEMEDAN;2;2.04.1945;0;2
ERKALI;2;25.05.1954;2;0
ERJENG;2;30.10.1971;2;0
SITEMOGLU;2;2.03.1981;2;0
FINKOZ;2;7.08.1940;0;2
MEVUS;2;6.11.1938;0;2
BESMAN;2;6.06.1969;0;2
KEZAL;2;26.06.1962;0;2
KUFFARE;2;8.06.1939;0;2
BACE;2;2.08.1933;0;2
KALMEM;2;22.11.1985;2;0
SERGENELDAL;2;6.10.1978;2;0
AYSERE;2;24.09.1962;0;2
ETTAR;2;18.01.1976;2;0
FARAYI;2;27.03.1968;0;2
HEMLI;2;30.11.1939;0;2
HUZBET;2;29.01.1982;0;2
VECHII;2;10.02.1976;2;0
VEHRAM;2;5.03.1949;2;0
AKHISAR;2;2.04.1966;0;2
IHTIRAM;2;7.04.1962;0;2
BADO;2;25.05.1940;1;1
MARZIEH;2;27.07.1971;0;2
GOLBEYAZ;2;27.09.1944;0;2
KAYISER;2;4.10.1981;0;2
SEHMERAN;2;10.12.1975;0;2
KENTAR;2;22.05.1955;0;2
OSLEM;2;10.10.1986;0;2
CEVRAS;2;17.07.1960;1;1
FAMILET;2;11.08.1982;0;2
TUBERK;2;2.03.1987;1;1
GAZAI;2;15.05.1965;2;0
MEMISAH;2;11.07.1971;0;2
SARISE;2;4.06.1954;0;2
SELAHAATTIN;2;22.08.1954;2;0
HUZULLAH;2;11.05.1955;2;0
MIVESSER;2;23.06.1962;0;2
YADIFE;2;2.03.1986;0;2
DEVAM;2;22.08.1970;2;0
BEFRICAN;2;10.09.1976;0;2
KAKEL;2;3.05.1969;2;0
SAHSIMA;2;19.11.1972;0;2
COLLI;2;23.01.1972;2;0
SIMEZAR;2;21.11.1972;0;2
NUBAT;2;5.04.1967;0;2
NEMI;2;16.11.1955;1;1
FEKURULLAH;2;14.03.1965;2;0
MAIME;2;17.01.1983;0;2
HATUNCAN;2;9.11.1968;0;2
SEAADET;2;9.07.1969;0;2
SAVDAGUL;2;30.08.1989;0;2
KAYSAR;2;11.01.1978;0;2
TEMICAN;2;1.04.1985;0;2
ABDULHUSEYIN;2;9.10.1961;2;0
YUMNUHAN;2;7.04.1978;2;0
HEVAI;2;24.07.1979;0;2
SEVDUL;2;7.11.1966;0;2
BILEHSAN;2;5.12.1977;0;2
SEVFKET;2;19.07.1976;2;0
HAFZIYE;2;14.01.1947;0;2
MIHIRCAN;2;30.2.1988;0;2
EMENETULLAH;2;12.05.1982;2;0
MUZAFFERHAN;2;20.04.1961;2;0
SAHPUR;2;8.10.1986;2;0
ZENNANE;2;2.04.1979;0;2
HOSKADEN;2;28.09.1966;0;2
ALLAHATTIN;2;18.05.1965;2;0
HOSKADER;2;13.10.1973;0;2
REZETE;2;12.05.1953;0;2
KAMERAH;2;27.03.1956;0;2
SANIHET;2;25.08.1970;0;2
SULHET;2;16.09.1973;0;2
MINEDYA;2;7.05.1958;0;2
ZUDYA;2;7.03.1977;0;2
ASLISAN;2;25.06.1989;0;2
SUSLUMERCAN;2;10.01.1959;0;2
HORISIMA;2;23.10.1981;0;2
TAMKADEM;2;9.10.1963;0;2
FAYNAT;2;8.10.1978;0;2
SUREHIYA;2;1.06.1976;0;2
NARMIL;2;10.08.1970;0;2
SUTAL;2;29.10.1958;2;0
BENICAR;2;19.09.1960;0;2
BIRADOST;2;4.04.1985;2;0
FAKIZADE;2;12.12.1956;2;0
FARZENDE;2;18.09.1966;1;1
FEHRUSAH;2;16.12.1980;0;2
KOTO;2;27.09.1943;2;0
MAHRIYA;2;26.12.1968;0;2
ZEMINET;2;1.08.1966;0;2
ZAFERULLAH;2;25.03.1956;2;0
RUKUYET;2;24.05.1957;0;2
RABIATE;2;21.12.1960;0;2
TEMCIHAN;2;5.10.1978;0;2
ABDURCABBAR;2;20.09.1966;2;0
CEDIM;2;27.03.1974;2;0
HEZEY;2;30.11.1944;0;2
FEHRIBAN;2;21.02.1986;1;1
MEYSET;2;22.07.1967;1;1
ERICE;2;20.04.1973;0;2
NADU;2;18.04.1969;2;0
RESMICAN;2;26.07.1988;1;1
NADILSAH;2;26.12.1979;0;2
BABUK;2;19.11.1956;2;0
NAZLICA;2;14.03.1965;0;2
BAVIK;2;11.04.1963;2;0
KARAVAN;2;1.10.1973;1;1
SIRHET;2;5.02.1963;0;2
NAZIKBEDEN;2;24.02.1968;0;2
KAFIA;2;23.06.1969;0;2
UPEL;2;22.08.1973;0;2
ZUNUN;2;15.01.1954;2;0
GULTEKI;2;27.02.1960;0;2
NULUFE;2;16.07.1970;0;2
EZDINSIR;2;21.03.1979;2;0
FARGIYE;2;18.05.1967;0;2
KULAV;2;16.09.1962;0;2
HESRO;2;4.09.1967;1;1
KAZILE;2;9.01.1967;0;2
KEMALIN;2;6.05.1968;0;2
MUHIBBULLAH;2;10.09.1975;2;0
FASLIBAHAR;2;7.04.1965;0;2
SIYAHBEND;2;18.09.1974;2;0
SIYAHGUL;2;10.06.1956;0;2
FAHIKE;2;7.10.1966;0;2
FERRUDUN;2;25.08.1958;2;0
MURAS;2;16.04.1969;1;1
ALFATUN;2;19.09.1954;2;0
SIFDIN;2;5.06.1938;2;0
ZIHATTIN;2;23.09.1966;2;0
AYNULMELEK;2;17.09.1931;0;2
KESUN;2;7.02.1968;0;2
YESEH;2;20.03.1982;2;0
TAMCAHAN;2;11.07.1970;0;2
NEZIMAN;2;22.02.1964;0;2
ABDULHASEM;2;10.01.1973;2;0
ARSULE;2;14.10.1981;0;2
KOZUBAY;2;17.05.1960;2;0
DOLGUNAY;2;7.02.1966;0;2
KUTNIYE;2;5.10.1968;0;2
AYTUK;2;11.07.1976;2;0
SEKIRZADE;2;20.05.1970;0;2
ALMADDIN;2;9.08.1972;2;0
OZHUR;2;29.04.1980;1;1
RUPER;2;19.02.1959;1;1
AHYED;2;20.01.1978;2;0
MEMUHAN;2;13.09.1955;1;1
RIZGAT;2;6.03.1960;0;2
CIHEN;2;20.09.1980;0;2
GAKIL;2;24.11.1956;2;0
DILFEYRUZ;2;1.03.1953;0;2
DEYYIP;2;9.02.1960;2;0
CELLADIN;2;27.05.1968;2;0
CELELEDDIN;2;25.10.1967;2;0
ZAHICAN;2;19.06.1966;0;2
SADDIKA;2;27.05.1956;0;2
SURECEDDIN;2;13.01.1959;2;0
SUBIHIYE;2;26.02.1955;0;2
NEYCE;2;22.04.1978;0;2
ETIFE;2;24.12.1967;0;2
MUHAAMMED;2;24.12.1981;2;0
SELEMULLAH;2;11.09.1955;2;0
BAGALI;2;7.01.1972;2;0
SIBEY;2;28.11.1991;0;2
BAREM;2;11.06.1979;2;0
ZORAV;2;12.09.1968;2;0
MERCIMELEK;2;2.02.1973;0;2
MATIKA;2;22.07.1967;0;2
DESDI;2;23.09.1942;2;0
SUCCA;2;9.08.1943;2;0
MEBLA;2;6.10.1981;0;2
MEHMETZADE;2;29.12.1958;2;0
SAHISLAM;2;12.08.1968;2;0
NECIH;2;7.08.1964;1;1
KOLOZ;2;3.04.1976;2;0
FAYFURIYE;2;29.10.1969;0;2
BESRAYE;2;29.10.1949;0;2
DILEKSAN;2;26.03.1965;0;2
SUMUZAR;2;4.03.1954;0;2
HUSNICIHAN;2;10.06.1958;0;2
NISAHAN;2;13.06.1948;0;2
BURKU;2;20.07.1982;1;1
AYIM;2;7.08.1952;0;2
YOLDASBAY;2;25.01.1950;2;0
BIBICEMAL;2;2.08.1939;0;2
SAHIPCEMAL;2;22.08.1961;0;2
KUCUKBAY;2;21.05.1951;2;0
ORUMBAY;2;16.04.1977;2;0
SELKI;2;25.04.1967;1;1
SATKIN;2;10.01.1941;0;2
KALDIKAC;2;22.08.1979;0;2
ACERHAN;2;8.05.1967;1;1
EBZEL;2;18.08.1941;2;0
CIHANBIBI;2;10.01.1941;0;2
KARACAC;2;2.02.1965;0;2
TAVER;2;16.1.981;1;1
HACIBIBI;2;17.08.1978;0;2
SERGAZI;2;12.05.1947;2;0
SEPI;2;25.01.1938;0;2
SEMERHAN;2;17.05.1984;1;1
OSMANBAY;2;20.01.1931;2;0
GALILE;2;9.11.1970;0;2
SEMERKANT;2;8.02.1958;0;2
TASBEBE;2;19.01.1961;0;2
CENERE;2;2.08.1957;0;2
KULMEHMET;2;2.08.1975;2;0
GULBEYRE;2;22.08.1979;0;2
HASAL;2;13.04.1969;0;2
TOYLUK;2;17.08.1966;0;2
TUMAR;2;17.06.1973;1;1
NEVRULLAH;2;5.09.1985;2;0
USAT;2;29.05.1940;2;0
SEHRIZAMAN;2;21.02.1974;0;2
HALNISAN;2;26.01.1979;0;2
PIRMUZ;2;12.07.1977;2;0
YASEH;2;29.03.1967;2;0
KODI;2;29.08.1944;1;1
OSMANPERI;2;12.05.1947;0;2
VEBIHE;2;24.11.1961;0;2
ABDULALEM;2;12.01.1959;2;0
OZEDIN;2;12.08.1976;2;0
IZDINSIR;2;15.02.1961;2;0
RIBAT;2;11.11.1961;0;2
HOYLET;2;25.05.1963;0;2
GOGERHAN;2;9.11.1979;0;2
TERVET;2;8.07.1971;1;1
MAAF;2;24.11.1954;1;1
SUYDAN;2;8.05.1971;1;1
MACIHAN;2;26.09.1973;0;2
FEREHYA;2;21.04.1968;0;2
MANDALIN;2;30.04.1977;0;2
TALHAM;2;18.07.1962;2;0
HUPRA;2;25.07.1969;0;2
SEFERYE;2;19.05.1960;0;2
ETAULLAH;2;12.06.1963;2;0
REHEVZA;2;23.01.1961;0;2
IMRULLAH;2;9.07.1988;2;0
GAZAIL;2;2.04.1984;1;1
DELIAHMET;2;12.05.1956;2;0
PILAN;2;2.11.1976;0;2
GULEAN;2;21.06.1979;0;2
MISRICIHAN;2;22.05.1967;0;2
CUSKON;2;28.07.1986;2;0
FULFIYE;2;10.11.1961;0;2
TIRKAN;2;1.01.1974;1;1
GOLDAR;2;2.08.1975;1;1
FIYAKET;2;2.04.1976;0;2
SULEMEZ;2;23.03.1977;0;2
GEVVE;2;23.08.1934;0;2
HEYFAN;2;26.11.1984;0;2
HAMURE;2;14.10.1960;0;2
ERSELE;2;1.02.1970;0;2
ABDULUVAHAP;2;8.05.1974;2;0
MUTBER;2;10.06.1950;0;2
HOLKI;2;7.02.1970;2;0
MUHTULAH;2;9.02.1964;2;0
ALAATTTIN;2;9.09.1969;2;0
SEYNAR;2;21.09.1971;0;2
RUSKATIYE;2;14.04.1957;0;2
KULLI;2;5.08.1954;1;1
AYNUC;2;18.04.1966;0;2
KAMELIYE;2;25.01.1973;0;2
ABDULKAFFUR;2;24.08.1964;2;0
SABETIN;2;9.02.1966;2;0
CARHA;2;25.01.1937;2;0
FERIMELEK;2;4.11.1951;0;2
SEHRUZ;2;18.07.1967;0;2
SADDAT;2;23.01.1975;1;1
TECIDDIN;2;10.02.1960;2;0
SAHYETIN;2;12.02.1959;2;0
SAHINSER;2;24.07.1963;0;2
ZUHRUYA;2;28.03.1959;0;2
NEVSICIHAN;2;9.02.1965;0;2
MEMIRHAN;2;4.11.1949;0;2
YOKSUN;2;17.03.1986;1;1
ESASEDIN;2;25.01.1978;2;0
MUSLUMAN;2;22.09.1957;0;2
ARIKA;2;16.04.1958;0;2
SEHIRISTAN;2;3.02.1973;0;2
AKLIMET;2;1.11.1969;0;2
NAIYIME;2;22.08.1964;0;2
OZGURCEM;2;28.12.1988;2;0
SULAHETTIN;2;2.07.1954;2;0
SOYLEMES;2;7.05.1972;0;2
RAHAVZA;2;1.08.1959;0;2
AYBICER;2;14.05.1989;0;2
HEVZIYE;2;17.10.1972;0;2
MUTEYIT;2;7.05.1970;2;0
ABDULVEHEP;2;17.11.1948;2;0
HIRMI;2;15.01.1965;1;1
FERFIRI;2;9.03.1960;0;2
KUMRUT;2;16.05.1965;0;2
EMERHAN;2;19.01.1978;2;0
MUFREDDIN;2;16.06.1971;2;0
SERFILE;2;20.03.1968;0;2
TIYANIS;2;29.11.1972;2;0
NECEBE;2;27.05.1947;0;2
MAPUS;2;27.02.1974;2;0
GOLTEKIN;2;12.12.1948;1;1
RUHMETULLAH;2;27.04.1974;2;0
BEDILA;2;5.02.1958;0;2
SAHYESTE;2;25.05.1958;0;2
GULHINAR;2;4.08.1975;0;2
FEYRUZI;2;22.09.1974;2;0
SAHINES;2;18.11.1968;0;2
ERDELEN;2;8.08.1980;2;0
HUNISI;2;11.04.1966;2;0
FUNDU;2;27.02.1947;0;2
KATINE;2;17.02.1978;0;2
GULCENEK;2;2.07.1972;0;2
GULCEREZ;2;5.03.1980;0;2
Z;2;23.06.1961;1;1
BALYOS;2;26.11.1960;2;0
CEVRAT;2;7.03.1982;1;1
SUYLENMEZ;2;15.12.1971;0;2
NAZYA;2;24.01.1964;0;2
NEDEM;2;12.10.1962;1;1
GULBEDEL;2;14.01.1989;0;2
SURIHYA;2;25.09.1967;0;2
GAZETE;2;7.08.1963;0;2
TASIYA;2;14.01.1957;0;2
GAZIMET;2;13.01.1978;0;2
MIRSEYAF;2;14.01.1943;2;0
TONHEZAR;2;4.08.1969;0;2
GULHINDAN;2;29.03.1970;0;2
TEMENLI;2;27.06.1978;0;2
DILECAN;2;3.11.1985;0;2
PENBIG;2;24.08.1965;0;2
MELIKENAZ;2;6.04.1990;0;2
BUBIL;2;27.02.1956;2;0
FERAHDUBA;2;9.05.1966;0;2
KEZIMA;2;9.12.1966;0;2
HAKIMYE;2;15.03.1970;0;2
FIRDEV;2;10.03.1967;0;2
SEVINNUR;2;16.06.1978;0;2
KEMALEDIN;2;12.02.1967;2;0
SACICE;2;14.12.1979;0;2
NAZDAL;2;30.06.1938;0;2
GULETIN;2;19.04.1978;2;0
CEVNAZ;2;12.02.1956;0;2
EKIDE;2;27.04.1952;0;2
KEMARETTIN;2;7.07.1966;2;0
MOHIBBET;2;29.07.1942;0;2
KANE;2;20.05.1970;0;2
SIMERZE;2;17.08.1946;0;2
M.FUDEYIL;2;25.11.1967;2;0
ERAFAT;2;10.05.1967;2;0
NULUFFER;2;13.01.1972;0;2
YEKNURE;2;11.07.1968;0;2
SULAV;2;14.08.1949;1;1
MUHIRNAZ;2;9.11.1986;0;2
MERZEYDIN;2;19.10.1971;2;0
NAZLICEMAL;2;9.12.1978;0;2
EMMARE;2;28.11.1952;1;1
MUCIRA;2;23.04.1957;0;2
ERCUMED;2;18.10.1971;2;0
NECEBAT;2;18.07.1965;0;2
HARZEMSAH;2;3.05.1970;2;0
ATIKULLAH;2;22.04.1985;2;0
ERIOLA;2;5.09.1979;0;2
ZEREVSAN;2;8.06.1976;0;2
KELIMULLAH;2;10.05.1979;2;0
TEHMINAZ;2;16.02.1967;0;2
BEHIE;2;4.01.1966;0;2
MUSURDE;2;21.06.1966;0;2
SURMEHAN;2;24.12.1977;0;2
NENEGUL;2;17.05.1967;0;2
FELEGNAZ;2;9.06.1948;0;2
GULBESI;2;24.08.1952;0;2
TILIZER;2;19.05.1969;0;2
MENSUK;2;23.07.1962;1;1
PEMILE;2;17.10.1962;0;2
LAHICE;2;12.07.1987;0;2
MIKLIME;2;17.02.1972;0;2
KUBI;2;7.02.1945;1;1
ISKAT;2;17.10.1966;2;0
NIMO;2;22.03.1936;1;1
KEZZIBE;2;26.07.1961;0;2
BEYLAR;2;22.10.1949;2;0
TACDETTIN;2;27.02.1975;2;0
MEHMETBESIR;2;21.12.1977;2;0
CENBELLI;2;27.07.1965;2;0
NAHIDEH;2;5.08.1968;0;2
OMER.FARUK;2;5.03.1980;2;0
SERHEN;2;29.10.1990;1;1
SINBAT;2;20.08.1964;2;0
ZEKKERIYA;2;23.03.1948;2;0
UKTAY;2;10.03.1986;2;0
TALABANI;2;29.01.1979;2;0
CAMISA;2;26.05.1956;2;0
M.TALAT;2;9.07.1947;2;0
ZUBEIT;2;22.05.1949;2;0
VELECAN;2;2.02.1964;0;2
M.FAZIL;2;15.01.1948;2;0
OZYAY;2;18.02.1980;2;0
GIVSER;2;23.09.1979;0;2
AJAR;2;30.01.1978;1;1
KURBANBIBI;2;2.08.1957;0;2
ESBIHAN;2;3.03.1969;0;2
TEVRENDE;2;2.04.1947;0;2
ROZAGUL;2;30.01.1977;0;2
EYNILHAYAT;2;16.08.1953;0;2
HIRDE;2;7.08.1922;0;2
GULIDAN;2;14.07.1974;0;2
ELFAZIYE;2;12.04.1983;0;2
NECEM;2;30.03.1972;1;1
COTYAR;2;3.08.1986;2;0
HESIMA;2;3.05.1968;0;2
RAFO;2;12.08.1929;0;2
SARRI;2;22.08.1963;0;2
BEDEVIN;2;20.05.1983;0;2
GUSTER;2;22.05.1964;0;2
GOLISOR;2;26.09.1958;0;2
CEVILE;2;20.11.1948;0;2
MECRIM;2;3.04.1953;2;0
NAMU;2;28.03.1950;2;0
VESIMA;2;30.03.1961;0;2
FEDALI;2;26.06.1966;1;1
EBO;2;23.08.1945;1;1
SARU;2;9.05.1935;0;2
ISPAT;2;19.12.1981;2;0
HALLEF;2;10.01.1966;2;0
MEMEZER;2;30.04.1970;0;2
BILEKSA;2;5.02.1949;0;2
DEMIRBAS;2;8.06.1952;2;0
VEYSILE;2;22.08.1964;0;2
RUHULBEYAN;2;18.03.1968;0;2
FEREHNUR;2;16.10.1972;0;2
NURAFSAN;2;3.12.1980;0;2
SAVIR;2;20.11.1956;1;1
RUKEYTAN;2;2.05.1975;0;2
GUGER;2;2.05.1945;0;2
IMRUZ;2;10.03.1962;1;1
NEGMETULLAH;2;27.06.1968;2;0
AYDULLAH;2;18.10.1965;2;0
EVDE;2;9.10.1971;0;2
YADISA;2;1.05.1982;0;2
FIRAMEZ;2;5.11.1946;2;0
M.ISMET;2;9.12.1953;2;0
HERDEMTAZE;2;21.11.1963;0;2
KASINE;2;30.11.1932;0;2
PIYADE;2;10.12.1972;2;0
ELBIHAN;2;18.06.1972;0;2
ERTANC;2;17.11.1977;2;0
ZIRAAT;2;20.11.1972;0;2
GULHUMA;2;1.10.1948;0;2
TALYE;2;12.06.1976;0;2
SERDET;2;9.08.1964;0;2
FARHETTIN;2;14.09.1965;2;0
CANKET;2;21.02.1940;2;0
FERDINAT;2;12.03.1963;2;0
NASIRI;2;5.10.1972;2;0
SUYEYLA;2;23.06.1952;0;2
ZULKEYF;2;19.01.1972;2;0
BESRAHIL;2;12.01.1955;0;2
HACITE;2;20.08.1981;0;2
SUHBETTIN;2;2.02.1977;2;0
MIRDI;2;16.09.1961;0;2
KEZZIBA;2;27.02.1977;0;2
NUHPERI;2;11.03.1978;0;2
GEYASETTIN;2;3.11.1975;2;0
HAKIRA;2;28.06.1969;0;2
FILNAZ;2;12.01.1975;0;2
SEHYMUZ;2;16.05.1975;2;0
SIYAHAR;2;21.11.1967;0;2
SAHRUZE;2;20.04.1976;0;2
FINAT;2;5.04.1963;1;1
DEVANE;2;6.02.1971;2;0
SEVVAN;2;23.10.1974;0;2
OSMETULLAH;2;25.04.1964;2;0
RAMETULLAH;2;26.08.1973;2;0
BAGRIM;2;20.06.1984;1;1
MUTEVLI;2;1.11.1966;2;0
NEYISE;2;3.12.1969;0;2
GULRUZ;2;13.06.1968;0;2
ABDULMITELIP;2;4.05.1970;2;0
VEZNEDAR;2;21.08.1956;1;1
FIZILLAH;2;28.03.1966;2;0
RAHYEDDIN;2;2.01.1960;2;0
HIDIRE;2;18.06.1937;0;2
CELLALEDDIN;2;10.06.1948;2;0
MINASIF;2;16.07.1986;1;1
HEYZO;2;12.06.1932;0;2
METIH;2;22.09.1973;1;1
MEHMETKASIM;2;8.04.1967;2;0
SALLIHE;2;26.11.1962;0;2
DILBERCAN;2;10.08.1963;0;2
SUVEYBETE;2;18.01.1984;0;2
GULUMSA;2;10.03.1965;0;2
MESALIM;2;4.02.1946;1;1
HAMMAYIL;2;22.10.1949;0;2
BITI;2;10.12.1928;0;2
ERDEVAN;2;4.08.1978;2;0
CUMERT;2;11.04.1954;2;0
TONA;2;25.06.1942;0;2
ZUBEYID;2;1.08.1967;2;0
ZERINTAC;2;26.10.1949;0;2
AZADIYE;2;18.08.1990;0;2
SEHMET;2;26.04.1964;1;1
HIVYAN;2;26.06.1981;2;0
M.RACI;2;9.03.1968;2;0
RIHAVZE;2;10.12.1957;0;2
MUHSUM;2;25.01.1981;2;0
MUTTAZIM;2;14.12.1977;0;2
FAHRETTINKERIM;2;16.12.1962;2;0
NEJLAL;2;9.09.1950;0;2
BEHCICE;2;19.04.1974;0;2
TEYYIB;2;22.08.1948;2;0
MULIKIYE;2;11.09.1955;0;2
MASRUK;2;26.05.1981;2;0
BUSIRE;2;29.2.1946;0;2
TAYYAN;2;26.07.1968;2;0
YAZICAN;2;22.01.1982;0;2
CUZERI;2;24.08.1955;2;0
HEKIBE;2;5.06.1968;0;2
MUSTEZIM;2;1.05.1964;1;1
KOCKAR;2;29.06.1985;2;0
SEHYAN;2;19.04.1975;1;1
MUBBERA;2;17.08.1969;0;2
SAKINEH;2;24.01.1964;0;2
HAMDULAH;2;5.12.1974;2;0
AZEB;2;6.12.1978;1;1
SEFIYEDIN;2;27.12.1960;2;0
ASIRAN;2;7.09.1978;0;2
ZURYAN;2;10.10.1948;1;1
FAHYETTIN;2;14.12.1976;2;0
MUNTEZAM;2;9.10.1974;0;2
ELVANNUR;2;30.2.1983;0;2
GULSONMEZ;2;29.11.1982;0;2
KUMUR;2;16.12.1944;2;0
DELIHA;2;14.09.1956;0;2
MAMINT;2;1.06.1959;2;0
ENUVER;2;13.12.1968;2;0
SARAYA;2;7.09.1952;0;2
MERUSEN;2;26.11.1969;0;2
HAKKIM;2;19.04.1978;2;0
BIZDAR;2;23.03.1964;2;0
MESKINE;2;10.01.1988;0;2
PAVIZ;2;23.08.1963;0;2
LITFAN;2;2.03.1969;1;1
HELEF;2;17.03.1972;2;0
DENIZA;2;12.05.1991;0;2
BANAHI;2;4.03.1974;0;2
NIHO;2;7.11.1951;1;1
SISU;2;23.08.1942;1;1
URIFA;2;14.12.1963;0;2
SELEDIN;2;14.03.1966;2;0
MIRSEVDIM;2;6.03.1963;2;0
SALIZE;2;20.09.1972;0;2
FARRAH;2;24.05.1980;0;2
HEBO;2;12.06.1956;1;1
NIMETULAH;2;19.04.1979;2;0
MEHMETRACI;2;17.07.1964;2;0
ZERKELAM;2;22.09.1945;0;2
SUHYEDDIN;2;16.01.1963;2;0
ZIYDE;2;26.06.1945;0;2
SUVAYLA;2;22.02.1964;0;2
PILTON;2;10.09.1955;0;2
NISRICIHAN;2;23.10.1968;0;2
HEYDER;2;12.08.1966;2;0
HEZARAN;2;24.11.1951;0;2
MIKSAL;2;4.03.1960;0;2
CETHAN;2;22.11.1972;2;0
ZEYIDDIN;2;22.04.1953;2;0
FARHADDIN;2;14.04.1965;2;0
KOLUZ;2;10.08.1970;2;0
SIMERZA;2;1.11.1943;0;2
HONAV;2;19.11.1963;0;2
MURSIKE;2;7.02.1967;0;2
MUYETTIN;2;14.08.1961;2;0
ABDULGANNI;2;21.08.1957;2;0
ECAT;2;28.04.1976;2;0
MURICIHAN;2;25.04.1970;0;2
NAZARA;2;29.12.1958;0;2
CASRA;2;21.07.1977;0;2
RIKIYETE;2;17.05.1981;0;2
SEMLI;2;17.10.1956;0;2
HERDENCAN;2;29.03.1968;0;2
NECIFZADE;2;8.08.1958;1;1
NEVZULLAH;2;28.02.1977;2;0
SUCAT;2;2.02.1971;0;2
DURDUMAN;2;4.01.1940;0;2
HICAZETTIN;2;26.12.1957;2;0
HULEYDA;2;26.05.1986;0;2
AKIFHAN;2;26.10.1980;2;0
MELBIYE;2;17.06.1972;0;2
ESMETTULLAH;2;25.08.1976;2;0
NEVCUMAN;2;19.09.1964;1;1
MERIHAL;2;29.11.1957;0;2
CAVIDER;2;19.12.1951;0;2
TUNSER;2;25.04.1946;1;1
VAYIDIN;2;7.08.1952;2;0
MINDA;2;30.10.1967;0;2
HILTER;2;17.08.1965;1;1
NACIVER;2;2.05.1964;0;2
RAIMET;2;20.01.1942;0;2
MILHAC;2;14.09.1959;1;1
IYIT;2;2.07.1951;2;0
KADRULLAH;2;19.01.1966;2;0
GULVIDA;2;4.03.1970;0;2
GULHANIFE;2;4.12.1956;0;2
MAHSINA;2;2.05.1977;0;2
SEYCANIM;2;12.05.1967;0;2
NILDAH;2;30.03.1981;0;2
MERINOS;2;13.03.1970;0;2
MERAKZAMAN;2;5.04.1972;0;2
GUNBEYI;2;28.10.1933;2;0
NAZUM;2;16.03.1967;2;0
MUCAHIP;2;28.05.1974;2;0
AKCEL;2;4.11.1947;1;1
LIUZE;2;24.04.1949;0;2
MUNIDE;2;23.04.1967;0;2
ALAMIYE;2;21.05.1948;0;2
ZULEN;2;29.02.1960;0;2
BIHICE;2;5.08.1964;0;2
PAHIZER;2;3.07.1961;0;2
SEAP;2;8.12.1975;1;1
HACAT;2;21.08.1953;2;0
MUDURGE;2;8.01.1946;0;2
RIKSAN;2;23.09.1938;0;2
TALIHIYE;2;10.03.1959;0;2
FELIN;2;14.05.1978;0;2
MAHISAR;2;9.01.1928;0;2
ABDULZAFER;2;6.07.1961;2;0
ULYANA;2;11.08.1974;0;2
MERGUZER;2;18.12.1937;0;2
CAMAN;2;2.12.1974;0;2
YEKTARE;2;22.08.1931;0;2
ZERGUZAR;2;12.01.1941;0;2
MIRFAN;2;9.01.1947;0;2
GULUYASA;2;7.05.1960;0;2
HELVAN;2;25.11.1975;0;2
BALHAN;2;23.06.1944;0;2
TELGUL;2;5.02.1954;0;2
OLKIDE;2;23.01.1983;0;2
GULBINAS;2;16.09.1963;0;2
TERAT;2;12.09.1977;2;0
TATLICAN;2;4.04.1979;0;2
DILSURE;2;5.08.1944;0;2
ULSAN;2;21.01.1944;0;2
FELAHIYE;2;5.12.1960;0;2
NAZIKLER;2;15.01.1953;0;2
HAMISA;2;23.01.1966;0;2
NAIGE;2;3.02.1947;0;2
MEYSUDE;2;20.09.1960;0;2
URKI;2;17.10.1954;0;2
GULYERI;2;30.09.1947;0;2
MUSTEHITTIN;2;14.10.1954;2;0
FERABIYE;2;17.02.1940;0;2
GULETEN;2;3.03.1957;0;2
NURCANI;2;13.04.1963;0;2
BEDIRITTIN;2;14.01.1964;2;0
SIYABET;2;24.08.1939;1;1
NECIBEI;2;26.12.1927;0;2
MUNTESIR;2;13.03.1966;1;1
SEHRANIYE;2;24.06.1954;0;2
NURACIYE;2;27.03.1974;0;2
SUCEHAT;2;27.05.1963;0;2
ERZIVAN;2;6.05.1961;2;0
CEMADIL;2;22.11.1948;2;0
NUHBAR;2;30.07.1989;0;2
AKBUGA;2;20.03.1937;2;0
GULUSDEN;2;1.08.1957;0;2
HAYRUNAS;2;30.05.1960;0;2
CEMILEI;2;21.05.1968;0;2
ILNARA;2;25.10.1976;0;2
SEVREM;2;22.10.1979;0;2
VELIHATTIN;2;9.06.1976;2;0
HUDEM;2;3.05.1966;2;0
SALIHIN;2;2.02.1970;2;0
TEHLA;2;13.04.1943;0;2
CANLI;2;26.01.1957;2;0
ALTINKUPE;2;4.05.1939;0;2
MUKATTEZ;2;27.05.1961;0;2
PAKKIZ;2;7.11.1963;0;2
ARZUL;2;22.05.1973;0;2
BIRSADIYE;2;26.05.1959;0;2
KEBIYRE;2;7.11.1961;0;2
KATADE;2;29.10.1986;2;0
NIDAGUL;2;20.06.1969;0;2
DADIK;2;8.06.1964;0;2
NURMETIN;2;18.10.1948;2;0
NESERIYE;2;27.08.1975;0;2
PELKIYE;2;14.03.1973;0;2
VEYYIS;2;6.12.1944;2;0
HENDER;2;4.06.1978;2;0
OHSAN;2;13.10.1974;1;1
BILGESER;2;24.12.1969;0;2
MUSTATDIN;2;13.12.1961;2;0
NESETDIN;2;18.12.1952;2;0
GUNNASIR;2;17.10.1972;0;2
KUZEYIR;2;16.10.1963;2;0
GULFUDAN;2;8.09.1954;0;2
CEMALA;2;2.12.1965;0;2
NEZLAH;2;4.05.1949;0;2
VELIYYITTIN;2;7.12.1950;2;0
KARYAGDI;2;21.02.1957;1;1
SUVIYET;2;13.10.1946;0;2
SEYITBETTAL;2;13.12.1970;2;0
OZETI;2;6.11.1962;0;2
NESIFI;2;19.01.1972;1;1
HORUNAZ;2;10.04.1970;0;2
ICNUR;2;20.07.1974;0;2
GAZIYETE;2;9.07.1974;0;2
USLUFET;2;28.03.1955;0;2
CEVABETTIN;2;2.10.1956;2;0
UZGEL;2;12.02.1959;0;2
MURKINAZ;2;26.09.1962;0;2
BEDULZAMAN;2;21.09.1963;0;2
TALAITTIN;2;9.08.1948;2;0
MUCIDEN;2;5.01.1947;0;2
KURKUT;2;11.07.1933;2;0
ZERGELEM;2;8.12.1971;0;2
SEVGILIYE;2;17.01.1954;0;2
FARUZE;2;25.02.1951;0;2
ZEMIRET;2;27.07.1946;0;2
MINKA;2;29.02.1948;0;2
DURCIYE;2;16.05.1960;0;2
YUKSUN;2;6.01.1964;2;0
MEKUFE;2;10.10.1970;0;2
RUHINIKAR;2;1.03.1958;0;2
NURKADIYE;2;16.08.1961;0;2
ZAKILE;2;7.09.1953;0;2
TAYLI;2;3.10.1960;2;0
ATFER;2;15.09.1972;1;1
HUDASEL;2;10.10.1964;0;2
HAYASET;2;19.11.1960;0;2
ERSIMAN;2;8.04.1973;0;2
MINCARIYE;2;6.03.1951;0;2
NECAYIT;2;2.01.1957;2;0
FUTUVET;2;9.02.1939;0;2
GULERZIN;2;5.08.1966;0;2
ZULGUF;2;26.04.1973;2;0
BAHRINAZ;2;28.12.1961;0;2
BIRSOZ;2;13.07.1956;0;2
SEZAHIYE;2;19.06.1938;0;2
SANURAY;2;4.11.1952;0;2
ZULFUSEN;2;17.03.1956;0;2
GIZGAYIT;2;15.01.1971;0;2
ZULKUFI;2;20.08.1968;2;0
MUKADTIS;2;27.05.1974;0;2
FIROZE;2;30.2.1968;0;2
S.SULEYMAN;2;4.08.1956;2;0
ELFATIH;2;2.11.1976;2;0
SANIZER;2;9.01.1965;0;2
ZEKIRI;2;9.04.1967;2;0
MUCELLIYE;2;17.10.1963;0;2
SUBEY;2;23.01.1967;1;1
ELFADA;2;7.06.1961;1;1
ERDIK;2;23.12.1977;1;1
GUNBAHAR;2;21.02.1985;1;1
SELAHATTINCAN;2;2.03.1991;2;0
KEHRIBA;2;1.01.1976;0;2
HEMIRA;2;12.09.1967;0;2
NILKAY;2;3.06.1988;0;2
CANSEP;2;17.06.1942;1;1
FUTEHAT;2;18.05.1973;0;2
SEBET;2;30.10.1965;0;2
TUJEN;2;25.07.1969;0;2
MUSEYME;2;25.09.1965;0;2
SONMEZAY;2;16.10.1972;2;0
HADEL;2;1.03.1973;0;2
TALUY;2;22.05.1982;2;0
MEHDIKA;2;12.06.1961;0;2
REYZA;2;13.02.1954;0;2
SEYYADE;2;19.02.1964;0;2
NARDANESI;2;16.03.1967;0;2
HEVHI;2;28.06.1965;0;2
YAKZA;2;26.11.1976;0;2
NASIKE;2;4.06.1958;0;2
ALIL;2;19.12.1947;2;0
HAMIYETKA;2;30.01.1933;0;2
FILDIZE;2;4.05.1956;0;2
MURTAZAN;2;26.05.1961;2;0
GULSEC;2;22.12.1970;0;2
AFIYETKA;2;5.01.1958;0;2
FESLIHA;2;18.03.1951;0;2
LEPBE;2;12.05.1953;0;2
YILGUZ;2;1.08.1964;0;2
ATCA;2;21.10.1955;0;2
ITADIYE;2;19.05.1969;0;2
AYISETE;2;20.06.1973;0;2
BEDERIYE;2;29.03.1969;0;2
HACIMA;2;3.03.1964;0;2
BEKIZA;2;16.06.1953;0;2
LALEM;2;6.11.1972;0;2
MUHREDDIN;2;22.02.1951;2;0
TEBERMUS;2;26.10.1966;2;0
FELAHADDIN;2;22.09.1967;2;0
IHTIMAL;2;16.11.1972;0;2
KONYALI;2;25.03.1961;1;1
NILDEHAN;2;2.01.1983;0;2
TEVBET;2;11.08.1959;0;2
SENOZEN;2;18.10.1968;0;2
SERECEDDIN;2;13.05.1971;2;0
MEJLI;2;3.08.1966;1;1
MUJGER;2;30.11.1962;0;2
BAYGIN;2;17.04.1960;1;1
M.MUSERREF;2;22.02.1957;2;0
YAZICE;2;18.08.1972;0;2
GULEYRAN;2;17.06.1966;0;2
LESLA;2;10.09.1970;0;2
NAYZE;2;13.05.1973;0;2
UMIYET;2;1.07.1970;0;2
MUREFE;2;4.10.1966;0;2
MESHUDA;2;20.08.1980;0;2
OYSEL;2;12.12.1943;2;0
MESNIYE;2;17.02.1955;0;2
OGUZALI;2;7.12.1970;2;0
EVFER;2;12.08.1938;0;2
KADRETDIN;2;2.05.1973;2;0
MEHMETMEHDI;2;28.09.1977;2;0
HAFSULLAH;2;12.12.1978;2;0
MESNE;2;21.01.1979;1;1
GUZGUN;2;26.07.1969;0;2
GOSROF;2;5.12.1971;2;0
SIRINCE;2;18.07.1971;0;2
MITLEK;2;27.05.1965;2;0
HEMILE;2;1.04.1952;0;2
SEDAHET;2;20.05.1955;0;2
SULATAN;2;6.01.1961;0;2
GULFAZ;2;10.04.1956;0;2
ESREDDIN;2;17.11.1962;2;0
TAHFA;2;16.06.1946;0;2
SAMIYETE;2;20.09.1980;0;2
KORDELE;2;18.02.1959;0;2
ISABELI;2;17.03.1961;2;0
HUDIYET;2;29.01.1967;0;2
NUCEYLA;2;20.12.1973;0;2
OJGUN;2;11.09.1961;0;2
MEMETSAHIN;2;27.10.1962;2;0
SERMEDI;2;5.05.1962;2;0
CAMSET;2;25.04.1961;2;0
SEGIN;2;3.02.1977;2;0
ZERRA;2;5.02.1959;0;2
RESBIYE;2;12.03.1968;0;2
RUSAR;2;16.01.1976;0;2
NECEYLA;2;12.12.1958;0;2
OKAL;2;29.03.1973;2;0
RASIMI;2;16.01.1963;2;0
BAHTANUR;2;21.01.1975;0;2
MEMETTAHIR;2;9.02.1955;2;0
DILHAS;2;5.05.1962;0;2
MAHTEBER;2;22.07.1989;0;2
HAMDIS;2;20.12.1957;0;2
SATLIHAN;2;12.05.1955;0;2
AHKAN;2;21.09.1973;2;0
FILUS;2;29.01.1945;2;0
SEVGINAY;2;6.11.1977;0;2
AHMUT;2;13.07.1980;2;0
BEGENC;2;8.09.1971;2;0
SAZIMETKA;2;14.01.1954;0;2
LAVRENCE;2;11.06.1940;1;1
NESHIBE;2;1.09.1959;0;2
REVINAY;2;14.05.1963;0;2
NEFHIYE;2;21.10.1966;0;2
SEVTAS;2;3.10.1971;0;2
TALMEN;2;14.02.1968;0;2
ALIOZAN;2;1.04.1990;2;0
DILBES;2;3.11.1970;0;2
FATMAPINAR;2;1.04.1986;0;2
GULEGRI;2;12.08.1961;0;2
TOYANC;2;21.02.1981;2;0
CERAL;2;5.08.1967;2;0
FEYMALI;2;11.09.1959;2;0
TULET;2;19.07.1954;0;2
YERKAN;2;19.08.1979;2;0
MINSEL;2;18.01.1972;0;2
RAFED;2;15.11.1935;1;1
GUNNURAY;2;17.01.1972;0;2
ISIKSER;2;25.10.1957;0;2
NURCIHAT;2;4.12.1985;0;2
GULMUSAL;2;26.04.1975;0;2
MEYSIRE;2;8.09.1971;0;2
NEVRIT;2;27.01.1950;2;0
GULCENAZ;2;21.01.1991;0;2
SUHPI;2;29.03.1973;2;0
MURVETIYE;2;10.03.1950;0;2
SEYDAVUT;2;30.03.1976;2;0
ANICUTA;2;13.03.1976;0;2
ALTINGUN;2;15.08.1963;0;2
FIRTANE;2;18.06.1966;0;2
NORULLAH;2;20.05.1969;2;0
FEDIYA;2;30.01.1960;0;2
A.RAHIM;2;13.12.1956;2;0
IYANET;2;20.09.1978;2;0
A.CEBBAR;2;22.08.1955;2;0
MUGIYET;2;14.06.1964;0;2
GULANO;2;24.05.1942;0;2
ARSLIHAN;2;20.11.1954;0;2
ZUBERIYE;2;13.11.1953;0;2
MUSDECEP;2;25.11.1940;2;0
SAYNEZ;2;18.01.1960;0;2
MEHFAR;2;29.05.1965;2;0
MUZAKIYE;2;1.05.1954;0;2
YESADIYE;2;12.10.1949;0;2
SATIF;2;7.02.1961;2;0
HUZINE;2;24.04.1973;0;2
MEMILE;2;7.01.1960;0;2
CALHAN;2;21.09.1932;1;1
ILKANE;2;26.09.1983;0;2
BAITDIN;2;12.06.1966;2;0
SAVMIYE;2;6.12.1953;0;2
CIVIRE;2;14.02.1942;0;2
SEMIRIYE;2;26.01.1969;0;2
MEREK;2;25.11.1979;0;2
UMULDAN;2;20.01.1938;0;2
HARIN;2;24.09.1954;1;1
RAYMET;2;7.08.1934;0;2
UYSEN;2;10.11.1965;0;2
HECIRAN;2;20.08.1957;0;2
OLGEN;2;24.10.1985;1;1
NAGMET;2;1.12.1958;2;0
GUVEC;2;30.10.1957;1;1
YASEMINI;2;22.04.1962;0;2
SERTUK;2;5.07.1963;2;0
NIYAZHAN;2;11.05.1942;0;2
BEHIYYA;2;8.08.1965;0;2
TUNRAL;2;15.01.1951;2;0
BASARIYE;2;6.08.1961;0;2
ALDINC;2;3.10.1987;2;0
CEMRESU;2;5.05.1990;0;2
BEHRIL;2;21.11.1963;1;1
ESIF;2;19.03.1961;1;1
SEHNEZAR;2;22.06.1966;0;2
TEHFETULLAH;2;27.01.1964;0;2
HAFTA;2;7.11.1957;0;2
UMUTALI;2;12.08.1966;2;0
PERDEL;2;29.06.1973;2;0
HAMIDEN;2;30.12.1964;0;2
KUFAR;2;9.10.1951;0;2
ARDAK;2;22.07.1965;0;2
HABIBIRAHMAN;2;14.12.1965;2;0
CEMALHAN;2;7.09.1946;1;1
ABDUZZAHIR;2;24.06.1943;2;0
CANIBEK;2;18.07.1989;2;0
KOKULU;2;20.11.1956;0;2
TUGAYCAN;2;13.10.1990;2;0
EMINESIBEL;2;29.2.1978;0;2
HAYTEM;2;26.11.1961;1;1
HORANIM;2;2.05.1975;0;2
CINUCEN;2;30.05.1980;2;0
UGRAL;2;8.12.1961;2;0
SESENE;2;8.07.1947;0;2
DILEYIS;2;17.11.1984;0;2
VESIYLA;2;9.04.1956;0;2
HURINNISA;2;13.10.1937;0;2
MUSAFIRE;2;14.10.1938;0;2
GUNARE;2;16.02.1944;0;2
HUSEYINHAN;2;22.01.1977;2;0
RASITIYE;2;14.06.1967;0;2
EFTA;2;29.05.1979;0;2
BAYDOGAN;2;4.07.1978;2;0
IREFIK;2;15.07.1967;2;0
NECILET;2;5.03.1967;2;0
GULASVI;2;8.11.1962;0;2
CAFAHIR;2;7.10.1949;0;2
KADINAYSE;2;23.06.1955;0;2
AYSELHAN;2;18.05.1980;0;2
ARUZE;2;14.07.1937;0;2
VERESUL;2;2.05.1964;2;0
DONESEN;2;15.06.1967;0;2
MURCU;2;29.09.1961;0;2
HUSLET;2;12.09.1943;0;2
PERIZEN;2;8.07.1950;0;2
HURIHANIM;2;6.03.1971;0;2
MUCELLIB;2;3.12.1963;2;0
MESGULIYE;2;18.02.1983;0;2
MUAYEN;2;25.12.1966;0;2
MURZEYDIN;2;3.04.1963;2;0
HUSNEYI;2;4.11.1978;0;2
MEMNUHA;2;20.09.1934;0;2
HELUN;2;21.09.1980;0;2
M.ZUBEYIR;2;28.02.1951;2;0
MUZEYYIM;2;6.06.1972;0;2
SEVAB;2;7.03.1984;2;0
GURCINAS;2;7.04.1961;0;2
MEYHARET;2;20.10.1969;0;2
RIFATDIN;2;22.05.1953;2;0
DURDUANE;2;12.09.1971;0;2
GUNDUZBEY;2;19.05.1966;2;0
ESDAR;2;2.05.1966;2;0
FARDANE;2;15.11.1957;0;2
GULSAC;2;19.12.1969;0;2
CANIGUR;2;3.01.1962;1;1
GULADEM;2;26.08.1971;0;2
BEDUUL;2;7.02.1952;0;2
NEZNA;2;4.06.1962;0;2
SYUZANNA;2;23.03.1977;0;2
BOZBAY;2;10.02.1944;2;0
SEHSINAN;2;6.05.1967;1;1
KEME;2;22.04.1947;0;2
GURBUZER;2;22.07.1967;1;1
SITDIKE;2;6.02.1960;0;2
SALIT;2;9.04.1956;2;0
MEVSER;2;2.07.1969;0;2
YURTSAY;2;22.03.1976;2;0
GAZEM;2;7.09.1977;1;1
AJDER;2;5.04.1976;2;0
LEZDAR;2;24.04.1990;2;0
AGABALA;2;15.02.1947;2;0
IYET;2;22.09.1971;1;1
PELISE;2;30.07.1964;0;2
SELER;2;28.04.1983;0;2
EDEHA;2;30.07.1971;0;2
MUASES;2;6.05.1966;0;2
FAIZUN;2;19.04.1955;1;1
MUMIDDIN;2;1.01.1944;2;0
DILBIRUZ;2;13.04.1971;0;2
HAYHANI;2;6.08.1951;0;2
GUNUHAR;2;22.02.1944;0;2
DEMIRSAN;2;1.03.1973;2;0
SEDAF;2;14.05.1977;0;2
MUNTEA;2;3.10.1971;0;2
MERIAL;2;22.01.1950;0;2
NURJIN;2;5.08.1987;0;2
AZLEN;2;27.06.1951;2;0
RUFGUL;2;6.11.1960;0;2
CAYLA;2;14.04.1951;0;2
NESHIYE;2;27.10.1940;0;2
SARGIYE;2;3.12.1973;0;2
NIYOZE;2;9.01.1956;0;2
ISRAVIL;2;22.12.1958;2;0
ERGIT;2;2.01.1962;2;0
BEL;2;24.12.1968;0;2
DILURBA;2;5.09.1959;0;2
HUNDE;2;22.06.1967;0;2
CEZBI;2;22.03.1966;2;0
ZIHNETIYE;2;14.01.1949;0;2
MUSRUKE;2;6.07.1950;0;2
HERINAZ;2;11.08.1961;0;2
MEKTUM;2;10.08.1980;2;0
RASIDDIN;2;30.10.1947;2;0
SEVGIHA;2;13.12.1943;0;2
HUDANIYE;2;12.03.1961;0;2
ZEMLIKE;2;13.02.1961;0;2
MUCUDIYE;2;14.07.1975;0;2
BUREN;2;29.12.1985;1;1
HUBEYBE;2;15.11.1971;0;2
MUBERREF;2;17.02.1954;0;2
KUSIME;2;7.7.968;0;2
GUDEN;2;1.08.1951;1;1
NEVREGUL;2;27.02.1949;0;2
MERDUDE;2;15.08.1953;0;2
FUTUVVET;2;5.04.1943;1;1
MUBAHET;2;13.12.1963;0;2
NERA;2;15.04.1982;0;2
ZEKKERIYE;2;30.12.1974;2;0
MEKSUDA;2;30.10.1974;0;2
CUMHURHAN;2;4.04.1982;2;0
ABTURAHIM;2;10.12.1954;2;0
ASYENUR;2;23.04.1989;0;2
ERGIC;2;10.10.1977;2;0
OZENUR;2;21.04.1963;1;1
SEHZAYI;2;27.10.1942;2;0
ZEKIBE;2;26.12.1969;0;2
UFGUN;2;14.01.1979;2;0
NUROLA;2;3.08.1960;0;2
ZULMU;2;21.07.1949;0;2
COME;2;3.11.1972;2;0
UCGUNER;2;4.04.1970;2;0
TECCAN;2;7.10.1974;1;1
SIDIGE;2;25.02.1954;0;2
GULEVATUN;2;28.10.1952;0;2
GULASEN;2;11.10.1962;0;2
ZARYA;2;29.08.1952;0;2
NERMIDE;2;20.01.1952;0;2
MUSEVDIN;2;13.09.1965;2;0
NUFTULLAH;2;22.04.1963;2;0
ESMARAL;2;19.09.1971;0;2
ABBAT;2;5.01.1979;2;0
ABDURRAHAN;2;7.10.1969;2;0
ISTEN;2;1.08.1970;0;2
VESNIYE;2;3.07.1957;0;2
MAHUZE;2;24.01.1940;0;2
GEVFER;2;21.03.1939;1;1
CEZMINE;2;7.12.1957;0;2
MURUDIYE;2;11.11.1963;0;2
CEFAET;2;25.07.1960;0;2
MUCERRAH;2;24.10.1952;0;2
ESHATTIN;2;17.09.1974;2;0
MELIKAT;2;19.04.1977;0;2
KEMSIYE;2;18.02.1961;0;2
MENACETTIN;2;5.02.1975;2;0
DISLER;2;4.05.1976;0;2
PERISAHAN;2;21.10.1969;0;2
ENAT;2;10.11.1952;2;0
ISHET;2;15.09.1962;1;1
RIGAT;2;3.02.1974;1;1
LEILI;2;5.06.1965;0;2
MAYTABE;2;15.12.1954;0;2
MAVIZ;2;1.04.1986;2;0
ICARE;2;7.09.1964;0;2
ZULBER;2;20.09.1958;1;1
HADZER;2;3.03.1957;0;2
EMINANIM;2;11.08.1974;0;2
SURAHBIL;2;7.06.1972;2;0
FAZLU;2;14.05.1975;2;0
YUZMIYE;2;9.01.1941;0;2
DEMIRYASAR;2;28.06.1955;2;0
FENIAZ;2;17.09.1959;0;2
FERFURU;2;27.12.1950;0;2
IKABET;2;24.11.1969;0;2
NURGUZER;2;20.03.1968;0;2
MESKULIYE;2;28.03.1979;0;2
ZIYADALI;2;3.11.1972;2;0
GULSEVAT;2;28.08.1932;0;2
ZULEYNUR;2;25.01.1982;0;2
SIYAHPUS;2;25.11.1935;2;0
BUNYABI;2;14.11.1963;2;0
RAFII;2;4.10.1960;2;0
TEKRIFAT;2;24.06.1981;0;2
ZUER;2;1.05.1965;2;0
ELBIZ;2;25.08.1967;1;1
KEBURE;2;7.08.1928;0;2
BEHTIYAR;2;10.10.1950;1;1
EHLICAN;2;30.09.1968;1;1
TEKMIYE;2;21.02.1962;0;2
MUSAMMETTIN;2;9.03.1958;2;0
FEHRISAN;2;18.05.1953;0;2
RESIMDE;2;22.04.1955;0;2
ABDULGEYLANI;2;2.09.1969;2;0
SAMYETE;2;7.05.1976;0;2
ASIFET;2;5.06.1970;0;2
ESMAYI;2;19.09.1962;0;2
NIRVET;2;25.11.1946;0;2
MEYSEREM;2;16.04.1973;1;1
SAKIRYE;2;28.05.1964;0;2
MASIK;2;28.10.1975;2;0
HAYBATULLAH;2;24.04.1974;2;0
DUNYAZADE;2;24.08.1969;0;2
SAYILI;2;9.10.1942;0;2
TASTIKE;2;22.11.1977;0;2
ZEVCETTIN;2;26.10.1963;2;0
HAYNISER;2;5.03.1966;0;2
RIDAYET;2;7.02.1964;0;2
UBUDULLAH;2;14.10.1957;2;0
EBADIN;2;6.01.1975;1;1
MESVA;2;28.01.1986;0;2
CIRO;2;7.05.1934;1;1
CORU;2;8.09.1939;2;0
UMRANI;2;6.03.1973;0;2
YALIZ;2;20.10.1980;1;1
GUNBIKE;2;25.06.1982;0;2
SEMZERIN;2;30.08.1965;0;2
FAYINSER;2;19.12.1971;0;2
IDHAM;2;14.12.1964;2;0
MATISAH;2;26.03.1966;0;2
FETHADIN;2;16.01.1970;2;0
MUSECCER;2;13.08.1980;0;2
SITHAN;2;28.09.1935;0;2
BEVAT;2;28.08.1963;2;0
CUHO;2;15.04.1951;1;1
MISHAT;2;17.03.1969;2;0
MUNIHAN;2;7.09.1956;0;2
HILINAZ;2;26.03.1974;0;2
ZIFI;2;1.01.1953;0;2
ZIRKIYE;2;12.01.1959;0;2
FESFIYE;2;12.03.1978;0;2
YILDEM;2;3.10.1982;0;2
USUF;2;25.08.1967;2;0
RECEM;2;12.07.1962;2;0
CUZIYE;2;24.12.1969;0;2
MUSBAHETTIN;2;2.01.1953;2;0
KOLIHAN;2;17.05.1958;2;0
HIFTI;2;13.05.1937;0;2
MUETTIN;2;17.11.1964;2;0
PURYAZ;2;18.12.1961;0;2
EFESIYA;2;3.03.1978;0;2
PERIYAZ;2;8.04.1952;0;2
TAKIYEDIN;2;13.07.1968;2;0
HEKIMO;2;1.01.1957;2;0
MELIYAN;2;29.08.1982;1;1
SUMET;2;24.03.1974;1;1
ZEMIZER;2;10.01.1972;0;2
MUSBAHADDIN;2;7.05.1970;2;0
RAINE;2;2.01.1966;0;2
VAHFIYE;2;5.02.1956;0;2
HABEDDIN;2;10.04.1971;2;0
EHDIN;2;30.01.1956;2;0
MITEZIM;2;17.05.1980;0;2
NEFIT;2;7.11.1970;1;1
AKIZZET;2;5.08.1963;0;2
CIDAYETTIN;2;29.10.1961;2;0
MURARI;2;18.11.1933;0;2
MUSECEL;2;28.01.1967;0;2
RIVAYDE;2;4.11.1982;0;2
KANUNIYE;2;13.08.1977;0;2
GAMO;2;2.08.1933;1;1
AYETULLA;2;15.04.1973;2;0
ZEMIMA;2;21.12.1969;0;2
CEZMEDDIN;2;27.09.1959;2;0
BASRAIL;2;16.02.1937;0;2
MUHTEDIN;2;6.03.1984;2;0
FEHINUR;2;5.12.1976;0;2
GULEMIN;2;2.01.1978;2;0
SAHSAN;2;1.05.1973;2;0
NIKAYET;2;20.04.1971;0;2
FEVRISAN;2;8.12.1957;0;2
ABUR;2;30.10.1946;2;0
PIRISHAN;2;17.07.1978;0;2
SENAEDDIN;2;19.07.1978;2;0
YASRIP;2;7.08.1971;2;0
FIDAYL;2;1.12.1969;2;0
ABDULSEBIL;2;30.01.1978;2;0
SINULLAH;2;3.01.1962;2;0
SELEMHAN;2;1.05.1986;0;2
ESREFHAN;2;4.06.1958;2;0
BEFIYE;2;1.02.1963;0;2
SERAYIL;2;14.02.1949;0;2
NEFIK;2;1.05.1965;1;1
ZUMMET;2;27.06.1983;1;1
NAHIYETE;2;29.09.1943;0;2
TELHEM;2;12.01.1972;1;1
FENAN;2;24.06.1982;1;1
HAIT;2;23.07.1952;2;0
MUSEVAT;2;7.10.1962;1;1
CINEYT;2;22.10.1968;2;0
MEHANE;2;15.09.1944;0;2
NAAME;2;12.02.1941;1;1
SOSON;2;16.12.1934;0;2
SIYADIN;2;24.04.1960;2;0
ENZELI;2;15.03.1963;2;0
OZEYR;2;26.06.1930;2;0
SEYADDIN;2;25.09.1960;2;0
VAADET;2;14.09.1978;1;1
MEZBIHA;2;15.02.1979;0;2
FEHMEDIN;2;16.01.1977;2;0
AZMAIN;2;14.11.1965;2;0
MUACET;2;4.05.1968;2;0
ZERMEHMET;2;26.11.1965;2;0
SOHDA;2;3.05.1977;0;2
MUZEHEL;2;11.10.1951;0;2
HAYBETTIN;2;12.06.1961;2;0
ESRAFI;2;23.10.1982;2;0
ERVET;2;28.03.1967;0;2
SERAZA;2;24.01.1967;0;2
AYMEDIN;2;1.01.1987;2;0
SITIRKNAZ;2;4.09.1977;0;2
MUZBAHADDIN;2;4.12.1972;2;0
MILCES;2;10.12.1981;0;2
YARADIN;2;24.02.1969;2;0
SEHIBET;2;14.07.1975;0;2
MESMIRE;2;1.01.1977;0;2
SOLEMEZ;2;29.05.1980;0;2
HABU;2;2.04.1956;0;2
SAFHATULLAH;2;3.05.1974;2;0
YUZDENUR;2;16.09.1966;0;2
ZILHACCE;2;22.05.1967;0;2
SAHABATIN;2;1.01.1969;2;0
SEBRO;2;27.05.1929;0;2
AZMETULLAH;2;7.11.1975;2;0
ZAMIN;2;21.02.1969;2;0
ULAMETTIN;2;15.02.1976;2;0
MEZUL;2;20.12.1976;2;0
HEDAT;2;22.09.1956;1;1
BIRED;2;13.03.1974;2;0
YARDEGUL;2;18.09.1977;0;2
MAVLUDE;2;21.02.1983;0;2
TEKSUN;2;21.08.1976;0;2
EZILE;2;3.09.1973;0;2
LIMENT;2;7.03.1975;1;1
NIBAYET;2;19.09.1959;0;2
SARAZ;2;24.05.1939;1;1
MUAZAM;2;24.07.1988;0;2
ABDULBASUT;2;28.04.1971;2;0
FAYDAN;2;5.09.1977;2;0
FETHEDIN;2;20.09.1972;2;0
VAHICE;2;22.09.1952;0;2
REFATULLAH;2;15.07.1963;2;0
NUVERYE;2;13.10.1968;0;2
RUHLETE;2;2.03.1959;0;2
MUHRISAH;2;8.07.1952;0;2
RAID;2;26.09.1982;2;0
SAFURIYA;2;5.06.1984;0;2
PILING;2;17.04.1950;2;0
ODAY;2;3.02.1987;2;0
NUSLU;2;26.01.1963;2;0
SISEM;2;14.12.1972;0;2
NURINISAN;2;8.10.1957;0;2
SECETIN;2;3.03.1963;2;0
SARAZE;2;10.01.1974;0;2
YAFA;2;17.10.1990;1;1
MUDRUK;2;20.11.1958;2;0
TAVAS;2;1.03.1944;0;2
GUNAYIL;2;15.03.1956;1;1
M.GURI;2;29.01.1948;2;0
GOLDE;2;27.01.1972;0;2
KIRAMIYE;2;23.11.1960;0;2
ESMINAZ;2;17.07.1974;0;2
SOYLETE;2;7.02.1972;0;2
GULME;2;25.11.1943;0;2
LATIFEH;2;12.02.1963;0;2
YUKMEN;2;28.09.1983;2;0
SELKA;2;27.09.1978;1;1
FEMIA;2;21.08.1978;0;2
CAIZER;2;27.11.1980;0;2
TUHFA;2;5.11.1972;0;2
FEZIA;2;25.03.1957;0;2
DILEKNAZ;2;24.02.1973;0;2
EZMEIN;2;5.03.1954;2;0
SOYNEMEZ;2;9.08.1973;0;2
DINLER;2;10.11.1971;2;0
ABDULELIM;2;27.05.1960;2;0
NADIRSAN;2;5.09.1953;0;2
HURNISAN;2;11.11.1956;0;2
MUSUVET;2;1.08.1982;0;2
SEHREZA;2;12.01.1979;0;2
AYNELMERDIYE;2;8.06.1963;0;2
BEYGIN;2;23.04.1973;1;1
SUAYRA;2;16.05.1987;0;2
KULSUN;2;14.09.1970;0;2
SEFANET;2;24.12.1971;0;2
FERDIYA;2;3.01.1973;0;2
CIRE;2;20.05.1967;0;2
HEDYETTULLAH;2;22.02.1964;2;0
MENDIH;2;24.02.1970;2;0
MADISA;2;7.02.1967;0;2
DERBAZHAN;2;15.06.1942;2;0
MEDRES;2;30.08.1977;2;0
MISEVET;2;27.10.1953;0;2
ILABI;2;15.04.1971;2;0
ZAHRINAZ;2;5.09.1965;0;2
BILEYHAN;2;26.06.1939;0;2
MARAKNAZ;2;17.11.1969;0;2
GURGEM;2;19.04.1963;1;1
CUNEYS;2;4.09.1972;2;0
MAGFIRAT;2;16.05.1948;0;2
VALYETTIN;2;27.10.1967;2;0
AYIHAN;2;4.08.1971;1;1
YURDUSER;2;10.04.1960;0;2
ANSAHATUN;2;21.03.1956;0;2
SEKERHANIM;2;27.06.1969;0;2
ZAHTE;2;9.11.1942;0;2
CIFCI;2;9.01.1960;1;1
FETIYHA;2;23.04.1959;0;2
YURDAGEL;2;22.02.1943;1;1
MUGUL;2;14.01.1945;0;2
UZEYIRE;2;4.01.1963;0;2
NURSECIL;2;16.12.1972;0;2
NERFIL;2;4.02.1962;2;0
NERCUMAN;2;15.06.1963;0;2
MUKADDEME;2;30.05.1938;0;2
MEFCURE;2;23.10.1961;0;2
SEYHINAZ;2;21.10.1977;0;2
NEBILET;2;8.08.1958;0;2
MIKRIBAN;2;29.01.1965;0;2
HAFUS;2;8.02.1964;1;1
AVFET;2;1.04.1960;0;2
RUHHANI;2;19.10.1975;2;0
HUMI;2;20.11.1936;0;2
ISADI;2;14.08.1979;2;0
SUNNUGUL;2;2.03.1981;0;2
NERGINAZ;2;24.06.1975;0;2
ZARIKE;2;6.02.1970;0;2
SUKRUNAS;2;15.09.1961;0;2
MADIR;2;1.03.1965;2;0
TUNCAYIR;2;22.04.1961;2;0
ELAATDIN;2;5.01.1939;2;0
MUKRANI;2;9.01.1975;2;0
TAYYARI;2;21.11.1976;2;0
NUGUME;2;2.04.1966;0;2
NUHAGA;2;6.09.1967;2;0
SINAYIL;2;7.02.1963;2;0
VATANUR;2;12.08.1966;0;2
MUSLAHETTIN;2;12.03.1969;2;0
BURHA;2;17.04.1986;2;0
MAVLE;2;26.04.1964;0;2
BURUHAN;2;28.01.1988;2;0
HURESER;2;25.10.1975;0;2
RUHHI;2;7.06.1974;2;0
LAIGE;2;18.06.1974;0;2
NEBAFER;2;10.01.1972;0;2
UZINE;2;23.03.1970;0;2
MUZENBIL;2;12.06.1966;0;2
SILVIYE;2;25.08.1969;0;2
SATUG;2;11.04.1976;2;0
ZULBIYER;2;22.11.1963;0;2
GULPUNAR;2;2.02.1975;0;2
MUDDES;2;9.04.1950;2;0
YIGITOL;2;27.09.1983;2;0
ISVIHAN;2;19.03.1982;0;2
OKCEN;2;18.01.1965;0;2
YAKUBET;2;12.03.1970;0;2
EVINE;2;17.01.1986;0;2
NILBAY;2;30.12.1983;2;0
ASHET;2;9.05.1974;2;0
MUSAHTI;2;11.11.1949;2;0
SITIZUBEYDA;2;23.05.1965;0;2
GIRIVAN;2;15.02.1985;0;2
SAFAN;2;6.01.1976;2;0
ZEFIRA;2;12.04.1976;0;2
ZINETULLAH;2;18.04.1959;1;1
FERECULLAH;2;28.11.1973;2;0
SUMEYAN;2;4.01.1992;0;2
MULKESSIM;2;18.02.1981;0;2
HUSEBI;2;15.02.1982;2;0
HEVAR;2;30.10.1991;1;1
HOSABI;2;23.02.1984;2;0
MEYTEBA;2;12.11.1963;0;2
EMU;2;27.05.1938;0;2
KUTUR;2;17.02.1953;0;2
URFIHAN;2;19.08.1964;0;2
TONBUS;2;15.10.1966;0;2
MESHAR;2;28.01.1971;2;0
IVDI;2;29.09.1963;2;0
MUSEHTI;2;20.03.1952;2;0
IKBAY;2;2.01.1979;0;2
PIRUZBEY;2;25.07.1971;2;0
HIVDAR;2;7.11.1988;0;2
MUHPERI;2;10.08.1982;0;2
AKU;2;14.06.1961;1;1
ODBAN;2;15.08.1983;2;0
KUVAN;2;1.03.1987;1;1
KOMRIHAN;2;26.03.1970;0;2
CUCUK;2;4.12.1945;1;1
ZERIFISTAN;2;15.07.1946;0;2
FEYUZ;2;28.06.1939;1;1
FEGRI;2;30.2.1972;2;0
KESKU;2;14.05.1942;0;2
SEMSU;2;2.05.1951;0;2
HAYO;2;14.05.1938;1;1
SEKIRA;2;26.12.1952;0;2
SILU;2;7.02.1946;2;0
NALIYA;2;23.04.1973;0;2
HAYAS;2;28.07.1950;1;1
NETICA;2;25.11.1967;0;2
MISAHTI;2;21.03.1970;2;0
RUKEYTA;2;2.08.1974;0;2
MELKESUM;2;18.08.1968;0;2
GONEY;2;27.09.1970;0;2
SECIHE;2;16.12.1965;0;2
UBEYDULAH;2;15.02.1976;2;0
MAGBULA;2;19.12.1956;0;2
MUAVI;2;24.11.1975;2;0
MUSLUHUTTIN;2;16.09.1970;2;0
LALESIN;2;16.04.1972;0;2
FAHRISAH;2;7.08.1984;1;1
KUDO;2;22.05.1945;1;1
HAFILET;2;6.10.1979;0;2
TILIYE;2;16.05.1970;0;2
KEVKEZ;2;2.06.1975;2;0
GULANAM;2;2.08.1939;0;2
NEDIMEHAN;2;15.03.1954;0;2
SAZ;2;4.06.1944;0;2
HAVARI;2;27.08.1944;1;1
MEZBIH;2;10.12.1974;2;0
PER;2;12.08.1929;0;2
GIZI;2;26.07.1959;0;2
CEBELIK;2;24.11.1969;2;0
SAVLI;2;6.06.1972;2;0
SEDDIK;2;3.03.1965;2;0
HALAL;2;17.06.1972;0;2
BILAD;2;17.08.1984;1;1
GELAVIS;2;6.12.1975;0;2
HILA;2;13.02.1962;0;2
GAFOR;2;23.02.1964;2;0
VERDAHAN;2;1.02.1971;0;2
HERKI;2;2.08.1933;1;1
GEGO;2;2.05.1945;2;0
MAGRIMA;2;9.07.1976;0;2
LESKIRI;2;2.02.1956;2;0
KAVIS;2;27.08.1977;2;0
RADIYET;2;30.11.1986;0;2
DILBEZ;2;3.04.1938;0;2
ABDURGAFUR;2;4.01.1969;2;0
MAGDIT;2;12.02.1971;2;0
EBUBBEKIR;2;24.04.1985;2;0
HEYMAN;2;18.03.1976;1;1
MAKRUM;2;6.03.1977;1;1
SAYIB;2;3.01.1965;2;0
REBAR;2;5.09.1983;2;0
MAHRIF;2;30.11.1977;2;0
SETIL;2;17.06.1939;2;0
SAZERI;2;28.06.1964;0;2
HANAVDAL;2;10.09.1961;2;0
DILGAZ;2;21.11.1989;1;1
FUZIYE;2;14.12.1974;0;2
MAGMUR;2;2.08.1974;0;2
MAVLUT;2;20.01.1986;2;0
BENAV;2;25.01.1967;1;1
FAKO;2;7.08.1934;2;0
SITARHAN;2;26.03.1960;2;0
SUR;2;10.06.1946;0;2
VAHIR;2;13.10.1982;2;0
MAT;2;6.03.1954;0;2
AVRIYE;2;23.08.1946;0;2
BISKI;2;9.01.1949;0;2
BIJAR;2;2.03.1986;2;0
LEYL;2;7.01.1955;0;2
TANNIYE;2;2.08.1981;0;2
CURUM;2;16.02.1969;0;2
GAL;2;19.10.1985;1;1
NISTIMA;2;1.05.1989;0;2
MEZRIHAN;2;21.03.1986;1;1
MAHRUM;2;9.12.1973;0;2
SERHINK;2;19.01.1960;2;0
SAMIYETTIN;2;26.05.1976;1;1
HIRO;2;6.08.1939;2;0
MIRYEMHAN;2;24.12.1960;0;2
CIRYA;2;12.07.1989;0;2
DEHILA;2;2.05.1956;0;2
GABAR;2;10.09.1991;2;0
MEHSUME;2;22.05.1961;0;2
SERCAT;2;5.11.1991;2;0
NEAMI;2;19.09.1951;0;2
NEDELI;2;29.08.1971;1;1
MIRYAMA;2;25.09.1970;0;2
M.TAYYAR;2;4.10.1945;2;0
TUTIHAN;2;13.09.1943;0;2
SIDAYE;2;26.04.1965;0;2
SUDAVER;2;12.05.1976;0;2
MARU;2;17.03.1944;1;1
YAHUDA;2;19.11.1976;2;0
AKIREYI;2;13.01.1951;0;2
FOZIYE;2;24.10.1975;0;2
UDAY;2;9.11.1991;2;0
SERADIN;2;5.12.1975;2;0
TOLCA;2;3.02.1986;1;1
DUKTER;2;17.02.1967;0;2
HOZIYE;2;22.04.1987;0;2
GOLCEHRE;2;24.07.1977;0;2
FEFKIYE;2;1.09.1988;0;2
IRET;2;12.07.1962;1;1
HEJYAN;2;9.10.1991;0;2
TAMIRCAN;2;26.02.1977;0;2
NAHIF;2;17.05.1935;2;0
KOLU;2;7.07.1946;1;1
BABU;2;18.11.1925;2;0
ZARU;2;15.02.1961;0;2
LATIFHAN;2;13.12.1959;2;0
SERAJDIN;2;27.05.1974;2;0
GIVER;2;13.10.1961;1;1
CIVEYRA;2;30.03.1961;0;2
ABUCET;2;30.09.1974;2;0
FEKKI;2;6.04.1953;2;0
SEKRI;2;7.02.1962;1;1
FERCAT;2;10.01.1989;2;0
DELIMA;2;21.08.1969;0;2
HUNCA;2;16.04.1964;0;2
ABDULKEHAR;2;14.12.1965;2;0
FERMUZSAH;2;25.02.1963;2;0
TER;2;16.08.1957;0;2
BIRIK;2;4.02.1954;1;1
MOHRICAN;2;10.01.1964;0;2
KANDE;2;9.11.1982;0;2
HAMREVIN;2;2.06.1974;2;0
SUMUNE;2;30.2.1971;0;2
DUSTI;2;27.07.1941;0;2
HUSMU;2;14.01.1924;0;2
PERISHAN;2;18.05.1967;2;0
MEHMETHASAN;2;12.04.1965;2;0
ERKAS;2;10.10.1985;2;0
MEHMETHALIS;2;15.10.1976;2;0
KOMRIYE;2;29.09.1960;0;2
MAYISEL;2;1.06.1985;0;2
GOLAV;2;17.04.1969;0;2
MEEBURE;2;25.12.1955;0;2
SELEHAN;2;23.06.1973;0;2
HUSEMMA;2;13.12.1976;0;2
ZELLEN;2;20.12.1951;0;2
DEVRIMCAN;2;17.06.1988;2;0
SEYMANI;2;5.09.1980;1;1
KAMASAH;2;11.06.1960;0;2
BUNSER;2;25.06.1973;0;2
FEDAHAT;2;6.04.1949;0;2
ZARNIGAR;2;4.04.1954;0;2
ISNAFIYE;2;5.09.1954;0;2
CANBEL;2;24.10.1987;1;1
SERDENGECTI;2;4.01.1960;2;0
BAKIGUL;2;10.02.1966;0;2
SEBBEN;2;25.06.1963;0;2
NICEM;2;30.01.1992;0;2
GULBAHI;2;12.10.1948;0;2
GULCILER;2;17.11.1959;0;2
NECIKE;2;18.08.1947;0;2
HABAN;2;17.01.1950;0;2
SELATEN;2;8.03.1950;0;2
SENISI;2;11.11.1965;2;0
KISMIR;2;29.12.1947;2;0
KAMSAH;2;14.06.1943;0;2
UFKI;2;29.03.1957;2;0
SURUDE;2;28.02.1937;0;2
ACALYE;2;20.01.1980;0;2
GURIZ;2;25.11.1973;0;2
REBBAN;2;22.12.1948;1;1
ENZELE;2;6.01.1931;0;2
SIMTER;2;3.01.1969;0;2
MUSERRIFE;2;28.03.1953;0;2
GULHUZ;2;19.12.1958;0;2
PIYAN;2;14.07.1962;1;1
MUNAYET;2;27.11.1962;0;2
LEYHUZE;2;2.04.1958;0;2
HEMME;2;3.06.1966;0;2
BERIZAR;2;5.06.1974;0;2
FINDOZ;2;19.06.1959;0;2
MUDEPBERE;2;1.09.1953;0;2
ASNUR;2;11.08.1979;0;2
M.HARUN;2;8.11.1959;2;0
GOGEM;2;11.06.1973;0;2
HUSULU;2;16.08.1955;1;1
GALKAN;2;30.08.1956;2;0
BINEYYE;2;19.11.1952;0;2
IGDEN;2;6.12.1982;0;2
ULFIKAN;2;20.09.1971;0;2
FAHRETTTIN;2;3.05.1973;2;0
PALAZE;2;19.08.1967;0;2
ZEYNAZ;2;4.08.1981;0;2
MUSTAHATTIN;2;20.11.1976;2;0
NEBIHATTIN;2;10.04.1969;2;0
BEYDENUR;2;10.10.1979;0;2
MUKERRIYE;2;4.11.1969;0;2
SELAHHITTIN;2;6.09.1975;2;0
AYNUZAR;2;21.12.1952;0;2
IDAMIN;2;8.03.1977;2;0
SEABETTIN;2;16.03.1964;2;0
FENURE;2;23.06.1968;0;2
FEDRAL;2;16.06.1975;2;0
SINDUZ;2;16.08.1960;0;2
ABDULAHED;2;20.09.1978;2;0
ERKANAT;2;22.04.1983;2;0
FAIA;2;7.01.1959;0;2
IREBIC;2;9.07.1966;0;2
MUNTEZIME;2;21.04.1975;0;2
MEFAKET;2;29.03.1951;0;2
AYCINE;2;9.12.1985;0;2
SELAHIDTIN;2;26.11.1974;2;0
MUKDEBER;2;14.09.1968;1;1
H.SEVIM;2;28.08.1946;0;2
NUHKET;2;20.05.1969;0;2
GULSUNU;2;7.03.1961;0;2
GABILE;2;25.07.1976;0;2
YASNUR;2;28.07.1989;0;2
DURSUL;2;5.08.1977;0;2
HATIMIYE;2;24.02.1966;0;2
UBUS;2;22.05.1972;0;2
HURBILEK;2;8.08.1971;2;0
LEOMAN;2;15.03.1960;2;0
GULMISA;2;4.01.1982;0;2
KERAME;2;11.06.1965;0;2
PANBIK;2;30.01.1968;0;2
UMMUSELI;2;9.07.1954;0;2
SABIAT;2;9.05.1947;0;2
NEZIVE;2;24.02.1981;0;2
GULPIYE;2;22.11.1981;0;2
MAGFIR;2;16.07.1965;1;1
EMIRI;2;22.09.1942;0;2
DUHANUR;2;18.10.1970;0;2
HATICEM;2;11.05.1989;0;2
HURSIYE;2;2.05.1951;0;2
MAHIRCIHAN;2;14.05.1984;2;0
PERDAH;2;12.05.1969;2;0
RODOS;2;5.07.1977;1;1
SERFADIME;2;11.08.1956;0;2
FRANCE;2;18.05.1975;0;2
VEREL;2;27.09.1976;2;0
DURBIL;2;15.06.1957;2;0
YUSUFISLAM;2;11.10.1989;2;0
RESHUL;2;4.11.1973;2;0
ELIFDUDU;2;7.11.1945;0;2
GULICIM;2;14.08.1966;0;2
CIMENDER;2;13.10.1965;1;1
DANIYAN;2;23.02.1954;1;1
SANTURK;2;7.04.1978;2;0
ESAAT;2;25.03.1941;2;0
NIZATI;2;17.02.1959;1;1
NURADEM;2;23.06.1972;2;0
SULSEREN;2;14.05.1969;0;2
SEPHAN;2;20.09.1963;0;2
ARIFDUDU;2;16.05.1944;0;2
SAYASTA;2;24.07.1954;0;2
RACILE;2;13.05.1956;0;2
OCCAN;2;29.01.1974;2;0
TECURE;2;9.04.1961;0;2
MAHIYILDIZ;2;7.08.1965;0;2
SERZIYE;2;28.09.1962;0;2
KIZLARAGASI;2;26.02.1974;0;2
ACO;2;27.04.1943;0;2
ESBEN;2;21.11.1963;2;0
PERHANIM;2;26.05.1956;0;2
MIRDAMAT;2;7.04.1946;2;0
DILPAR;2;3.10.1956;0;2
AMOS;2;27.03.1950;2;0
MUSLICIHAN;2;12.03.1945;0;2
VURALI;2;20.03.1974;2;0
HEPGULER;2;16.10.1952;0;2
SARABEGIM;2;21.06.1935;0;2
ZEREFETTIN;2;13.05.1969;2;0
KANIBEY;2;15.01.1971;2;0
TEGMAN;2;29.08.1948;2;0
TANDOGDU;2;13.04.1953;2;0
TEMIRAZ;2;13.10.1937;2;0
GILEHANIM;2;16.04.1961;0;2
MEMIRIYE;2;10.08.1954;0;2
FENA;2;11.10.1966;0;2
GULECER;2;30.09.1963;0;2
FATAN;2;11.11.1931;0;2
HURUNSE;2;4.09.1953;0;2
SABAYAT;2;22.02.1964;0;2
MEVTURE;2;17.01.1974;0;2
TELLIBAN;2;19.10.1973;0;2
DELHAN;2;26.10.1977;1;1
YELENE;2;7.03.1962;0;2
EKEM;2;18.10.1969;2;0
TELLIKIZ;2;4.06.1954;0;2
MAYASEKER;2;22.02.1959;0;2
AGABABA;2;2.12.1939;2;0
TEMURAZ;2;20.03.1948;2;0
NAZRETTIN;2;20.04.1961;2;0
SARAVANI;2;8.02.1976;0;2
TASTEN;2;5.11.1948;2;0
SANZE;2;29.11.1979;0;2
BALACOBAN;2;24.12.1931;2;0
FATALI;2;8.09.1962;2;0
SOLMAN;2;21.09.1975;0;2
OREYZE;2;25.01.1941;0;2
TOMURUZ;2;1.07.1961;0;2
ASDAN;2;28.09.1948;2;0
SAGIDE;2;16.07.1949;0;2
SALADIN;2;8.11.1958;1;1
AYVAZBALI;2;8.06.1981;2;0
GULHENDEM;2;5.04.1942;0;2
CANNES;2;21.04.1984;0;2
KEMIRE;2;19.11.1967;0;2
SEYFULMULK;2;12.02.1975;2;0
LEMISER;2;16.09.1973;0;2
IMAYE;2;6.06.1969;0;2
NECEDIN;2;7.12.1955;2;0
GOKAR;2;12.05.1944;0;2
HUMAYA;2;2.04.1969;0;2
DEDEKORKUT;2;28.07.1987;2;0
MAHICEMAL;2;19.09.1946;0;2
TOSO;2;11.08.1936;2;0
TOYDEMIR;2;26.01.1951;2;0
ERENGUC;2;15.12.1968;2;0
TOKALI;2;18.12.1967;0;2
CENTAY;2;30.08.1974;2;0
AZIZER;2;27.03.1962;0;2
LIYAT;2;17.10.1988;1;1
KAMU;2;17.02.1980;2;0
CEMASAP;2;10.12.1946;2;0
BESAI;2;15.08.1955;0;2
KUDVETTIN;2;6.12.1954;2;0
KUTVETIN;2;4.01.1973;2;0
AYJAN;2;29.07.1976;0;2
SUGERE;2;29.2.1955;0;2
MAKLULE;2;16.05.1956;0;2
MAYICAN;2;9.06.1969;0;2
KOTTI;2;16.11.1932;1;1
HADAN;2;21.02.1961;1;1
GULSAHRA;2;29.12.1966;0;2
TARHATTIN;2;19.10.1952;2;0
MERTAS;2;17.09.1975;1;1
MANIGUL;2;20.08.1972;0;2
CASIP;2;3.04.1959;2;0
MUHURE;2;9.08.1957;0;2
HESO;2;24.06.1928;2;0
PAYIZE;2;19.12.1942;0;2
MAKBUYE;2;2.04.1981;0;2
NEHET;2;2.06.1969;2;0
HANTAHIR;2;29.01.1938;2;0
MAYFURUZ;2;22.05.1943;0;2
KALEMKAS;2;3.02.1979;0;2
ZULFUYET;2;10.09.1965;0;2
JULITE;2;20.07.1966;0;2
SUBHATTIN;2;20.11.1954;2;0
MAHIZAT;2;8.07.1955;0;2
MIMINAT;2;17.05.1950;0;2
BINAYIM;2;12.02.1959;2;0
NEVZIYET;2;9.07.1979;0;2
EDLEZ;2;1.01.1975;0;2
SAHNABAT;2;11.10.1953;0;2
PEYRUS;2;18.04.1966;0;2
DEHREM;2;8.08.1977;0;2
BENPE;2;24.08.1968;0;2
CARISE;2;30.04.1949;0;2
FEYZIRAHMAN;2;12.02.1974;2;0
ZALLI;2;13.8.983;0;2
TAYYAP;2;29.09.1946;2;0
MEPUS;2;20.08.1966;2;0
SEYBI;2;2.10.1972;2;0
GAZU;2;2.08.1933;0;2
MAYFIRUZ;2;7.11.1945;0;2
FAYZER;2;2.05.1968;0;2
SERTAV;2;11.04.1973;1;1
NEBEHA;2;21.01.1969;0;2
ATAMAY;2;11.09.1957;2;0
MILIYET;2;21.03.1979;0;2
NURIYEGUL;2;9.09.1977;0;2
LAURENTIA;2;13.06.1980;0;2
MECIFE;2;19.03.1960;0;2
HUCRI;2;2.08.1933;0;2
IDAHAT;2;28.01.1958;1;1
MUSIM;2;19.04.1958;2;0
SAHUDER;2;6.11.1957;0;2
MEGSUT;2;17.10.1964;2;0
SEREKIYE;2;4.07.1940;0;2
ASIRAY;2;28.09.1980;1;1
NEVIMGUL;2;27.03.1967;0;2
PELMA;2;22.07.1978;0;2
HUNDAR;2;13.09.1984;2;0
DILSUZ;2;6.11.1964;0;2
POLYE;2;29.05.1980;0;2
URFIGUL;2;20.02.1955;0;2
NISBAT;2;2.05.1964;1;1
TEMES;2;17.03.1978;1;1
MESBULE;2;8.07.1963;0;2
GULMIZAR;2;26.03.1941;0;2
BILLORE;2;14.03.1943;0;2
SEZO;2;14.03.1945;1;1
KEYHUN;2;20.09.1969;2;0
LEYLIPER;2;9.11.1951;0;2
ZENFIRE;2;4.06.1969;0;2
RABEYE;2;21.10.1969;0;2
GUNTAM;2;13.08.1954;0;2
HEREKET;2;29.03.1954;0;2
DURAR;2;9.02.1948;2;0
SEDAHA;2;25.10.1970;0;2
GENCLIK;2;22.06.1970;2;0
HURUNISA;2;21.02.1968;0;2
YUSKEL;2;27.02.1971;0;2
NURZAL;2;24.11.1975;1;1
TURUZE;2;20.12.1964;0;2
NASYA;2;25.02.1985;0;2
MUHLUZET;2;27.08.1956;0;2
KAYIT;2;14.10.1946;1;1
UMMULBENI;2;6.05.1954;0;2
AHMEDALI;2;21.10.1968;2;0
ABBASHAN;2;2.11.1983;2;0
TANBAY;2;30.12.1969;2;0
DILEHANIM;2;25.10.1934;0;2
ALIMAHIR;2;27.05.1954;2;0
MELAIK;2;6.12.1931;0;2
SOLVE;2;11.03.1952;0;2
MAYHOS;2;28.06.1973;0;2
ECEFNAZ;2;21.11.1969;0;2
TACRIYE;2;24.03.1960;0;2
MUNIE;2;11.01.1946;0;2
FERHADIN;2;30.01.1962;2;0
HANMEMET;2;2.06.1938;2;0
GOCAN;2;4.10.1951;0;2
TOPIYE;2;26.03.1965;0;2
MAVIYILDIZ;2;12.03.1958;0;2
SANDAR;2;4.03.1983;0;2
ABUHANIM;2;2.09.1948;0;2
KEMENDER;2;3.12.1952;1;1
ZIFO;2;6.01.1956;0;2
FAHRANSA;2;11.05.1944;0;2
CELVIYE;2;19.07.1948;0;2
SENSUBAN;2;19.06.1956;0;2
MURVESTE;2;25.09.1931;0;2
MELEYHAN;2;21.12.1962;0;2
SUNYET;2;14.02.1953;0;2
CELALHAN;2;26.04.1961;2;0
SAFAKLAR;2;26.01.1945;1;1
RECAY;2;25.08.1962;1;1
BALSAFA;2;4.11.1951;0;2
KARATEL;2;5.11.1947;0;2
GARIPGUL;2;21.07.1964;0;2
ZENCEFIR;2;26.08.1965;0;2
ZERYAN;2;22.02.1985;0;2
HURSOY;2;21.08.1972;2;0
LAFIZE;2;26.09.1958;0;2
BELGOZAR;2;15.10.1949;0;2
KITAM;2;20.05.1954;0;2
GIDO;2;19.08.1951;0;2
SULEHETTIN;2;27.09.1949;2;0
GIRMISIYA;2;16.10.1966;0;2
ZENBIL;2;15.12.1964;0;2
MILEZIM;2;12.10.1964;2;0
GOCE;2;27.02.1956;0;2
MUFTALI;2;12.08.1929;2;0
KASIN;2;30.2.1970;2;0
SULTEN;2;7.11.1961;0;2
NIHADIN;2;7.04.1954;2;0
BADAL;2;30.08.1941;2;0
BESYE;2;12.04.1950;0;2
BEGSAFA;2;28.09.1962;2;0
ADAYET;2;26.08.1964;0;2
YUCEYURT;2;2.03.1976;2;0
ILSAT;2;21.08.1983;1;1
MEMETSAKIR;2;3.10.1971;2;0
SUKRUKAYA;2;2.09.1972;2;0
INAYE;2;22.04.1968;0;2
AHMETCIHAN;2;26.07.1988;2;0
MEYSINE;2;24.01.1961;0;2
SEVGIAY;2;12.08.1975;0;2
SANSES;2;10.06.1970;0;2
NECDIM;2;19.10.1951;2;0
SAHSAL;2;22.05.1955;1;1
DALGIC;2;10.06.1947;2;0
DILGEN;2;25.04.1988;0;2
SENERGUL;2;13.11.1973;0;2
REMZIYET;2;26.04.1969;0;2
ZAICAN;2;4.12.1954;1;1
SEVGIZER;2;24.04.1972;0;2
SAVACI;2;23.03.1955;2;0
MEMETCEMIL;2;29.11.1971;2;0
ABDUHAMIT;2;27.07.1961;2;0
SARIBAS;2;22.02.1971;0;2
REHAMI;2;27.02.1949;1;1
SUHATTIN;2;19.09.1956;2;0
SEBAATIN;2;2.02.1957;2;0
MEYITHAN;2;16.01.1960;0;2
ELEDIN;2;20.03.1973;2;0
APTULRAHMAN;2;24.02.1954;2;0
ISLIFET;2;1.08.1964;0;2
FECINE;2;20.04.1959;0;2
SEHAZ;2;16.05.1971;0;2
GEVZETE;2;9.08.1973;0;2
CAYRAN;2;15.08.1977;0;2
SAHNURAN;2;14.06.1987;0;2
SULFEDDIN;2;7.09.1954;2;0
BAGINAT;2;20.09.1965;0;2
ABDULREHMEN;2;14.03.1952;2;0
USTEGUL;2;4.01.1967;1;1
GUMAY;2;7.01.1965;0;2
MUMDAZ;2;29.08.1964;2;0
SOYA;2;18.03.1962;0;2
KERIMET;2;10.11.1940;0;2
BASFIYET;2;23.06.1957;0;2
SELBIHA;2;9.09.1967;0;2
GULICET;2;10.02.1969;0;2
FAHSIT;2;2.11.1961;2;0
URDEN;2;20.05.1961;1;1
DADIME;2;4.09.1963;0;2
RUSEYDA;2;18.07.1976;0;2
AKANTURK;2;19.02.1974;1;1
EFRAYI;2;27.04.1958;2;0
VASFIYET;2;21.12.1962;0;2
FAYRETTIN;2;1.12.1956;2;0
ZELIGAN;2;2.01.1970;0;2
GULANSE;2;3.12.1942;0;2
ZIMIZAR;2;12.07.1947;0;2
BADEN;2;26.12.1968;0;2
CEMHASAN;2;27.04.1969;2;0
TURKANAY;2;17.03.1959;0;2
SEVDABA;2;5.07.1951;0;2
ESENLER;2;4.10.1964;1;1
ZERNISE;2;10.09.1965;0;2
PIRSEFA;2;9.09.1973;2;0
MUJIDE;2;1.07.1974;0;2
GUZELHANIM;2;11.06.1955;0;2
MECINE;2;12.01.1947;0;2
MUSTEK;2;9.12.1946;1;1
ISBAHAN;2;1.01.1955;1;1
REHIMET;2;19.08.1944;0;2
ILGAS;2;14.12.1944;2;0
FARS;2;19.10.1963;2;0
FIRDEVSALA;2;19.12.1959;0;2
LIFAZ;2;2.05.1939;2;0
GUVENGUL;2;30.09.1965;0;2
ELENDER;2;29.01.1956;2;0
SURIYAL;2;30.08.1965;0;2
GULMINAR;2;21.09.1969;0;2
BIRDE;2;26.04.1976;0;2
FERHAK;2;21.08.1986;2;0
HALISBEY;2;22.05.1967;2;0
ASEYA;2;25.04.1958;0;2
EDOS;2;20.08.1964;0;2
ALMI;2;25.11.1945;0;2
TAYUZ;2;22.01.1949;0;2
EHLIGUL;2;11.03.1970;0;2
ERGAHI;2;20.10.1962;2;0
MAKBUB;2;12.05.1956;0;2
ERIBIYE;2;20.04.1946;0;2
ESAMETDIN;2;10.02.1956;2;0
ARAPSULTAN;2;5.09.1965;0;2
MUTALIF;2;23.08.1974;2;0
SEFARI;2;14.12.1969;0;2
USLUGUL;2;27.11.1961;0;2
MUSLATTIN;2;11.04.1952;2;0
DORTLER;2;24.05.1952;2;0
AYYAR;2;20.12.1969;2;0
BAZIZ;2;29.08.1952;0;2
HUBBADE;2;27.06.1949;2;0
ABDULYAHYA;2;23.02.1969;2;0
GULFEYRA;2;27.02.1980;0;2
HORASAN;2;14.07.1949;1;1
BAHDILE;2;11.08.1947;0;2
GULARAP;2;17.06.1954;0;2
MEMEDULLAH;2;13.12.1956;2;0
NEFARAT;2;16.08.1957;0;2
SAHUNUR;2;5.03.1960;0;2
ZULUL;2;25.02.1965;1;1
KULEMDER;2;30.07.1963;0;2
BAYBEYI;2;19.03.1937;2;0
CANDIL;2;5.08.1963;0;2
TAKLA;2;9.11.1955;1;1
PERHANE;2;26.05.1975;0;2
SAHVERAN;2;23.06.1948;1;1
SEVKURE;2;18.10.1965;0;2
HIFSIYA;2;10.01.1978;0;2
EVIDE;2;18.12.1940;0;2
UZEYINE;2;12.06.1946;0;2
CAHI;2;4.08.1954;1;1
BESIMAN;2;22.02.1945;0;2
DONYA;2;30.2.1951;0;2
MUHERE;2;3.02.1960;0;2
KOKTAY;2;24.07.1959;1;1
KULENDAM;2;11.12.1947;0;2
LIBERYA;2;19.05.1961;0;2
ARZUNAZ;2;11.02.1960;0;2
BUMUN;2;8.11.1979;2;0
MUCERYA;2;7.06.1978;0;2
FAYLAT;2;9.03.1963;2;0
ZAHIRI;2;14.11.1970;1;1
NEFDARIYE;2;4.08.1955;0;2
EFFA;2;20.12.1958;0;2
BALGUZAR;2;18.06.1966;0;2
TEVATIR;2;24.10.1944;0;2
SECEAT;2;27.06.1964;1;1
PIRAYEN;2;25.03.1939;0;2
ARAPESE;2;12.04.1963;0;2
OZMERAL;2;22.01.1971;0;2
SEVKUL;2;9.10.1957;0;2
MUMRUYE;2;5.08.1961;0;2
KUDTUSI;2;15.05.1950;2;0
ESHABILE;2;3.12.1957;0;2
IRAMADAN;2;17.02.1954;2;0
NAFIREN;2;10.08.1975;0;2
MUSBIYE;2;25.09.1974;0;2
SARPKAYA;2;22.04.1972;2;0
BILHAMI;2;21.02.1974;2;0
SELVERAY;2;19.07.1986;0;2
AYNIVER;2;24.09.1969;0;2
DONERYE;2;20.02.1950;0;2
PEKGUL;2;23.03.1954;0;2
NERCIYE;2;15.10.1952;0;2
MEMMURE;2;28.05.1945;0;2
SURSIT;2;19.06.1970;2;0
RABAA;2;5.10.1945;0;2
SAHANBANU;2;25.07.1944;0;2
YETISCAN;2;11.02.1960;2;0
NURSAADET;2;4.10.1973;0;2
GULLUSAHAN;2;23.02.1961;0;2
ALBUS;2;9.12.1956;2;0
KANTEMIR;2;14.03.1946;2;0
MAHPEKAR;2;28.02.1941;0;2
BELSUN;2;28.10.1978;1;1
NIGMETE;2;5.10.1951;0;2
SEKKUL;2;15.08.1943;0;2
GUVENSEL;2;21.09.1959;0;2
SABIRAY;2;8.06.1975;0;2
SELBIAN;2;4.09.1951;0;2
SECMINAZ;2;2.07.1958;0;2
ZEHTA;2;11.06.1970;0;2
HUNERIYE;2;30.07.1945;0;2
KELSER;2;1.12.1943;0;2
YASEMEL;2;18.07.1974;0;2
SUCATDIN;2;14.07.1964;2;0
MUHTEMIT;2;12.10.1960;2;0
AHSENGUL;2;9.08.1974;0;2
SERVETDIN;2;13.03.1966;2;0
SULTA;2;13.04.1965;0;2
IMDADI;2;6.11.1944;1;1
AYDINHAN;2;21.01.1973;2;0
KOCZADE;2;25.10.1967;2;0
NACIMET;2;4.07.1961;0;2
MUSIKAR;2;18.11.1950;0;2
SADIRET;2;4.08.1980;0;2
MITATCAN;2;7.12.1985;2;0
M.ERCUMENT;2;2.04.1967;2;0
SIIMA;2;24.01.1991;0;2
YIGITCEM;2;13.05.1990;2;0
UFUKGUL;2;12.07.1972;0;2
ERSADI;2;6.06.1964;2;0
IKAVET;2;1.10.1949;0;2
FARAMIS;2;13.01.1968;2;0
ERDENEL;2;6.01.1975;2;0
BADIYEL;2;2.10.1965;2;0
EBULLEYS;2;19.04.1971;2;0
YUZU;2;17.10.1943;0;2
DEVRANIYE;2;29.03.1964;0;2
ERCAYI;2;18.05.1957;2;0
NISAYE;2;12.03.1959;0;2
TEVRIL;2;1.11.1959;2;0
ULLUS;2;26.02.1958;0;2
MEHLIHAN;2;20.03.1958;0;2
ZUMRUDIYE;2;16.04.1961;0;2
ILHAL;2;24.02.1977;0;2
KOSHAN;2;24.02.1950;1;1
SELAADTIN;2;29.04.1972;2;0
MURHEN;2;1.08.1974;1;1
SUBYEN;2;25.10.1952;0;2
HUNEL;2;7.03.1970;1;1
EBUZE;2;24.05.1931;0;2
ABDIKE;2;30.09.1955;0;2
NEVPER;2;14.02.1978;0;2
ZEMZIYE;2;4.10.1966;0;2
TEFIZE;2;30.12.1948;0;2
DILEG;2;29.03.1977;0;2
SAFERIYE;2;4.09.1960;0;2
NAZEHAN;2;17.06.1968;0;2
HULAGUL;2;4.02.1963;1;1
OKSENT;2;6.12.1962;2;0
BULER;2;27.06.1971;1;1
FAYETTIN;2;1.12.1961;2;0
MUVECCED;2;19.08.1965;0;2
MINIYE;2;17.12.1952;0;2
UNKAL;2;19.10.1973;1;1
GULSAHANE;2;3.11.1963;0;2
ILKBAR;2;25.02.1973;0;2
FIYEL;2;2.12.1969;0;2
AMDIYE;2;15.04.1978;0;2
BERRATIN;2;25.10.1948;2;0
NAVERDE;2;3.04.1956;0;2
ERHEN;2;27.10.1981;2;0
ADMIYE;2;22.05.1958;0;2
ERGANT;2;17.06.1970;2;0
MURYAN;2;16.10.1946;1;1
FIYZE;2;7.05.1965;0;2
MAHAMER;2;11.02.1959;2;0
RECATI;2;11.01.1953;2;0
NASIAT;2;8.05.1961;0;2
NIZET;2;6.05.1956;1;1
KANCAY;2;20.09.1965;1;1
ILIMSAH;2;23.12.1969;2;0
MAHNURE;2;24.11.1941;0;2
SUNTEN;2;7.03.1967;0;2
MUCEYYEZ;2;16.12.1967;0;2
ENGULER;2;16.07.1976;0;2
GURDAR;2;21.09.1973;2;0
SERAATTIN;2;16.09.1972;2;0
SAHMENDAR;2;1.04.1958;2;0
YIGID;2;24.08.1978;2;0
AYNURSAN;2;18.02.1972;0;2
HENBIL;2;24.02.1961;0;2
ULCER;2;27.03.1956;0;2
GULIREM;2;29.07.1973;0;2
BARBOROZ;2;28.03.1962;2;0
CUSAN;2;28.12.1960;0;2
SOYSEVER;2;30.05.1950;2;0
GULEYDIN;2;22.11.1964;2;0
VELIULLAH;2;14.12.1938;2;0
UNISE;2;8.11.1944;0;2
ISOVA;2;8.08.1929;2;0
AYNUSAH;2;24.12.1956;0;2
GULREN;2;28.12.1955;0;2
BADEMIYE;2;26.11.1968;0;2
MUZATUG;2;7.03.1973;2;0
FEYZIYET;2;2.10.1961;0;2
MURTECEP;2;8.01.1975;2;0
HANOS;2;17.05.1933;0;2
SONSEVER;2;28.02.1969;0;2
IZVIYE;2;25.09.1948;0;2
HURRUYE;2;24.07.1957;0;2
ERIDUN;2;20.02.1953;2;0
MEZA;2;17.07.1957;0;2
CESMINAS;2;29.07.1948;0;2
TURKON;2;17.01.1973;2;0
KIAMILE;2;15.02.1965;0;2
NEHUBE;2;20.11.1980;0;2
GIZTAMAM;2;4.12.1960;0;2
ENERJIN;2;15.01.1972;1;1
NEBAYI;2;7.10.1955;0;2
NIREM;2;16.02.1972;0;2
SALIIBRAM;2;25.08.1968;2;0
MUZLIFET;2;13.02.1970;0;2
IFFADE;2;18.12.1963;0;2
OZRIN;2;14.03.1986;0;2
MEZEHAT;2;1.04.1956;0;2
NURDALIYE;2;28.04.1972;0;2
LIVAYDIN;2;8.10.1963;2;0
YILCAG;2;8.06.1970;0;2
ESMIRAY;2;29.08.1983;0;2
MAVIDEN;2;28.01.1974;1;1
HAVNI;2;6.10.1965;2;0
MURINE;2;1.02.1960;0;2
GUSKA;2;10.02.1956;0;2
HERSAN;2;6.01.1961;2;0
NASIMA;2;29.06.1960;0;2
NASIMAN;2;6.06.1961;0;2
ESANIYE;2;27.03.1968;0;2
NESAMETTIN;2;13.12.1974;2;0
ERDIYEN;2;13.07.1954;1;1
ARZEGUL;2;17.11.1966;0;2
VEJNUR;2;11.01.1974;1;1
GUZELDE;2;8.06.1954;0;2
RUNAZ;2;27.10.1963;0;2
BIRDENIZ;2;23.05.1973;1;1
MELUDA;2;27.09.1966;0;2
ZIYNIGUL;2;20.07.1962;0;2
ASUKAR;2;23.03.1970;0;2
C.;2;16.02.1964;1;1
MECIDDIN;2;5.04.1949;2;0
MAZILET;2;4.08.1965;0;2
RENEL;2;25.05.1987;0;2
ZERULLAH;2;20.06.1960;2;0
SEBIYELDA;2;10.10.1976;0;2
NERCIME;2;19.05.1951;0;2
CEMKAN;2;23.06.1982;2;0
HURSADI;2;22.05.1952;2;0
OZENSEV;2;13.12.1970;0;2
DEDIS;2;15.04.1968;2;0
RUSYAN;2;1.05.1954;0;2
MAYASER;2;25.01.1968;0;2
ZENHUR;2;15.09.1974;2;0
MEMZE;2;17.09.1955;1;1
LEZZAN;2;1.04.1968;0;2
GUZERI;2;19.09.1948;0;2
BARSAUM;2;28.02.1947;2;0
MECRIYE;2;11.10.1966;0;2
ELGUNAR;2;16.03.1968;0;2
DZEMILE;2;30.08.1971;0;2
ENURIYE;2;18.06.1961;0;2
TERZILE;2;1.07.1953;0;2
MAZINUR;2;23.07.1982;0;2
YURTOKUL;2;16.01.1961;2;0
MUCAIDIN;2;7.10.1961;2;0
MERCANGUL;2;24.06.1963;0;2
CHADIE;2;4.01.1975;0;2
NASVET;2;28.08.1964;0;2
HAKKE;2;25.12.1966;0;2
BENZA;2;20.07.1979;0;2
SERPIGUL;2;9.12.1967;0;2
SEVIMBAY;2;29.06.1929;0;2
BATUNUR;2;24.07.1977;0;2
SELEATDIN;2;20.01.1951;2;0
HIKBAL;2;29.12.1966;0;2
CIVANALI;2;23.06.1964;2;0
MUECCER;2;24.04.1938;0;2
HELBIYE;2;23.04.1925;0;2
ERNAR;2;20.07.1979;1;1
FERENEZ;2;7.03.1946;0;2
DEMISA;2;19.01.1943;1;1
SETI;2;15.12.1961;1;1
EVDOCHIA;2;3.01.1970;0;2
BEHNAZE;2;23.06.1945;0;2
EBANE;2;14.04.1953;0;2
URFAI;2;29.02.1960;2;0
BATIE;2;28.11.1964;0;2
CEVRIE;2;22.05.1956;0;2
HIDAYIYE;2;27.08.1959;0;2
SEYMINE;2;29.2.1963;0;2
MUSAFFER;2;17.07.1960;1;1
M.FIRAT;2;23.08.1968;2;0
REYYEM;2;23.10.1955;2;0
MAKTULE;2;4.12.1964;0;2
MUBEDDET;2;3.01.1957;0;2
NEFATIN;2;25.11.1941;2;0
UMICE;2;25.11.1945;0;2
YAMURAN;2;28.02.1983;0;2
HICRIN;2;14.02.1977;0;2
HICARET;2;11.11.1953;1;1
EYIMSER;2;15.02.1967;0;2
HAKIT;2;13.10.1959;2;0
BEGIZE;2;18.08.1961;0;2
ENSAF;2;16.01.1941;1;1
FATMEHAN;2;7.07.1952;0;2
NEIDIM;2;16.04.1972;1;1
NURGUNC;2;26.02.1975;0;2
CAMBEL;2;14.01.1951;2;0
ITIK;2;22.05.1949;0;2
HACCIM;2;17.06.1969;2;0
KUFEY;2;10.11.1951;0;2
MUZEY;2;6.10.1947;0;2
KODEY;2;17.05.1942;0;2
ETEMIYE;2;2.08.1969;0;2
CURRE;2;6.08.1957;2;0
SIDDIZEYNEP;2;18.10.1967;0;2
SENAGUL;2;22.04.1985;0;2
HURUGAN;2;9.03.1965;0;2
NURAHIM;2;23.06.1979;1;1
IMMIGUSSUM;2;28.04.1971;0;2
BUNAMI;2;14.10.1971;2;0
UMBUL;2;20.01.1978;0;2
EBUSEF;2;25.04.1979;2;0
ELSEVEN;2;30.04.1957;1;1
HIMMI;2;27.02.1964;0;2
TERVIZE;2;11.06.1973;0;2
HULBIYA;2;2.02.1982;0;2
M.MEHDIN;2;27.03.1971;2;0
EJMAL;2;21.02.1975;2;0
AYMERGEN;2;13.04.1970;1;1
MIHRAMI;2;30.2.1955;2;0
BIKNUR;2;23.10.1980;0;2
ZEHNET;2;8.12.1973;0;2
NURUVER;2;26.01.1961;0;2
APUS;2;26.12.1949;1;1
HANEDEN;2;29.01.1977;1;1
NUSUFET;2;21.01.1970;1;1
AKUCAN;2;24.09.1953;2;0
NECLAGUL;2;7.06.1966;0;2
BEHISTI;2;23.10.1989;2;0
MADO;2;8.12.1934;2;0
HACIEMIR;2;30.06.1937;2;0
NEFAFET;2;9.11.1948;0;2
IRDAN;2;7.11.1972;0;2
GALO;2;22.09.1955;2;0
MUHASIP;2;8.01.1970;2;0
ABDURSAMET;2;24.05.1959;2;0
MEDURE;2;24.10.1954;0;2
KUBUS;2;18.05.1950;2;0
MAREY;2;12.11.1937;0;2
OZGAY;2;19.04.1980;0;2
NEVGIL;2;12.09.1978;0;2
ABDULSEFA;2;21.09.1963;2;0
BUHARIYE;2;14.01.1978;0;2
ADLIBANI;2;8.08.1954;0;2
TACIZAR;2;24.05.1969;0;2
HISEY;2;29.07.1942;0;2
SONDU;2;29.06.1973;0;2
YEMLEHAN;2;11.04.1957;2;0
ASOG;2;8.10.1938;0;2
ELKAMA;2;19.05.1967;2;0
NIDAHAT;2;27.05.1977;0;2
SIDDIYA;2;17.07.1960;0;2
ENZA;2;10.07.1975;1;1
ABDUSSETTER;2;5.04.1950;2;0
MERKULE;2;9.07.1970;0;2
AKIFIYE;2;19.10.1977;0;2
BINNES;2;5.07.1971;0;2
DANKIN;2;20.10.1985;2;0
HAMAT;2;17.06.1942;2;0
SEBLIHAN;2;14.12.1982;0;2
FIRIYEL;2;13.02.1968;0;2
GULUNDEN;2;19.02.1970;0;2
EBRUHA;2;24.12.1967;0;2
BEYSULAN;2;30.07.1948;0;2
OMURYAN;2;10.09.1979;0;2
SAMIZ;2;29.12.1965;1;1
ZENCANE;2;12.01.1949;0;2
GULMEVLANA;2;9.04.1975;0;2
IRZADE;2;1.03.1955;0;2
HEKIMIYE;2;21.04.1962;0;2
EYRICE;2;29.12.1939;0;2
HAVKI;2;29.06.1938;0;2
MEYUL;2;4.11.1951;0;2
IBISI;2;17.12.1970;2;0
GOZO;2;2.05.1945;0;2
DEVREM;2;21.11.1976;2;0
ERNUH;2;13.02.1965;2;0
ILEVI;2;12.04.1977;2;0
FASUDE;2;29.12.1964;0;2
YENERHAN;2;8.01.1988;2;0
NAGHAN;2;25.09.1967;0;2
SANAIF;2;27.09.1964;2;0
GULZEKIYE;2;24.05.1969;0;2
SIREY;2;8.11.1953;0;2
APTULHALIK;2;30.12.1968;2;0
KASIMHAN;2;16.08.1975;2;0
MESTINAS;2;1.03.1965;0;2
EMBIR;2;22.09.1983;2;0
GUNTEK;2;11.10.1957;2;0
DEVUT;2;26.09.1960;2;0
MENZULET;2;10.01.1974;0;2
BIRGEHAN;2;21.08.1982;1;1
GULISLAM;2;5.06.1966;0;2
INIZE;2;13.02.1953;1;1
HURIYYA;2;27.08.1963;0;2
ABDUN;2;22.05.1969;2;0
KAFLEN;2;6.06.1968;2;0
MAHFEL;2;17.06.1954;1;1
RUF;2;12.11.1950;0;2
MALKI;2;3.02.1968;0;2
AZLIHAN;2;22.08.1977;0;2
AYBIKEHAN;2;5.09.1990;0;2
BATTALHAN;2;18.03.1985;2;0
FEHRUZAT;2;13.02.1952;1;1
LEMILE;2;21.07.1957;0;2
PEYYAM;2;25.11.1979;0;2
ECAVIT;2;18.05.1963;2;0
FIKRAL;2;5.03.1967;1;1
KAZIMEN;2;4.07.1973;0;2
KURDANE;2;21.09.1947;0;2
SEFHA;2;27.05.1962;1;1
SUHILET;2;3.03.1962;0;2
HALIBIYE;2;3.03.1968;0;2
ZILFICE;2;15.11.1973;0;2
SUPAHI;2;8.01.1964;1;1
SILCAN;2;4.06.1976;0;2
MUZAHITTIN;2;11.08.1959;2;0
MECBURI;2;29.04.1969;0;2
MINTAIYE;2;30.10.1946;0;2
IRTIFAT;2;28.03.1954;0;2
MUNERRA;2;19.10.1969;0;2
GULDIDE;2;26.07.1949;0;2
FEVIME;2;22.06.1973;0;2
SAZELIYE;2;16.11.1959;0;2
FEDAVI;2;12.04.1968;2;0
RIZKA;2;21.01.1964;0;2
OZLEMHAN;2;21.08.1982;0;2
ULBE;2;22.06.1967;0;2
SEVZAN;2;8.04.1964;0;2
SENGULSEN;2;14.07.1979;0;2
HALILETTIN;2;3.11.1969;2;0
NAMUKKEMAL;2;6.01.1963;2;0
MUASSEN;2;9.12.1940;2;0
COLHAN;2;9.01.1976;2;0
AKSES;2;24.09.1956;1;1
ENTUM;2;9.07.1973;2;0
BASRET;2;28.02.1986;1;1
LUKRES;2;22.02.1967;0;2
HILAFET;2;5.01.1959;0;2
GOKYUZU;2;18.04.1989;2;0
KADERE;2;3.04.1977;0;2
BAHTUM;2;16.03.1970;1;1
JIYANDA;2;6.09.1988;0;2
SEFEHAT;2;17.03.1960;0;2
BULAN;2;5.01.1961;2;0
MEBRUH;2;11.06.1967;1;1
BEZIRHAN;2;7.11.1968;0;2
ALPAYHAN;2;13.12.1974;2;0
BIRLEN;2;9.09.1965;0;2
M.ASAF;2;20.08.1936;2;0
SAYDET;2;2.01.1951;0;2
BERRUHAN;2;7.10.1971;0;2
BIRCIVAN;2;24.01.1944;0;2
SELVIDAL;2;11.12.1977;0;2
OZKAM;2;25.06.1970;2;0
YESIZ;2;15.07.1986;0;2
IZDIHA;2;7.05.1934;0;2
OVGUCAN;2;4.02.1990;1;1
TEMHA;2;15.06.1980;1;1
EFTALE;2;18.06.1959;0;2
MUKADDIN;2;6.04.1962;2;0
FATHIS;2;24.11.1956;0;2
REYAGAN;2;9.08.1953;0;2
RAINA;2;14.03.1984;0;2
JUNG;2;19.11.1952;0;2
ERBANE;2;1.08.1965;0;2
MUKABET;2;30.03.1974;0;2
KORAT;2;24.01.1984;2;0
FERAMUN;2;17.11.1953;2;0
BERKEMAL;2;22.06.1971;2;0
SEMIRCAN;2;3.08.1977;1;1
GULFETHIYE;2;28.01.1987;0;2
SAVURAN;2;1.10.1959;2;0
ZIHRICAN;2;14.03.1958;0;2
NEDAVET;2;11.11.1969;1;1
FEHIMEGUL;2;6.11.1960;0;2
SUVEY;2;16.11.1969;1;1
NECIMAN;2;28.06.1956;0;2
SAFYATA;2;25.01.1964;0;2
NEVZATCAN;2;16.08.1988;2;0
EPIL;2;4.05.1981;0;2
BUGEM;2;1.06.1983;0;2
NEVRUSTE;2;1.04.1964;0;2
YUVAN;2;23.11.1956;2;0
NECEGUL;2;18.01.1983;0;2
ULIN;2;6.02.1968;0;2
DAMAR;2;30.03.1969;2;0
NEVINI;2;22.05.1954;0;2
ESECAN;2;11.01.1978;1;1
SULDIYE;2;16.06.1977;0;2
MIHRUNISA;2;15.04.1970;0;2
CESMIM;2;9.06.1980;0;2
TURGAYI;2;15.11.1957;2;0
VISALET;2;2.04.1953;0;2
ERYASIN;2;15.02.1971;2;0
ABITCAN;2;25.08.1947;2;0
DULE;2;27.01.1978;0;2
EZZAZIYE;2;5.06.1978;0;2
FERENGIZ;2;27.02.1965;0;2
ZUBEYE;2;25.02.1964;0;2
EMILAY;2;21.12.1978;0;2
UNGEL;2;1.09.1943;0;2
IFRAL;2;28.10.1950;2;0
BEDRULCEMAL;2;1.08.1958;0;2
ARMIS;2;28.02.1968;0;2
DUREN;2;4.08.1963;0;2
SEVHA;2;21.06.1963;0;2
DILFIN;2;10.01.1969;0;2
HEMRAH;2;21.02.1982;0;2
ZEMCIYE;2;9.11.1954;0;2
ATENA;2;18.12.994;1;1
OZLUSEN;2;8.05.1973;1;1
SENDENUR;2;2.09.1970;0;2
SIGRET;2;13.09.1962;1;1
BABURAN;2;7.04.1956;0;2
MEVLIDI;2;1.11.1954;2;0
FATMAGUN;2;21.04.1957;0;2
ANILYA;2;12.10.1983;0;2
TULBA;2;19.08.1975;0;2
BESUME;2;6.12.1961;0;2
SERACITTIN;2;7.08.1964;2;0
IZAFI;2;27.06.1961;2;0
SEMSAH;2;2.08.1954;0;2
ALEVSUN;2;3.06.1979;0;2
REYDAL;2;6.11.1980;0;2
SIBELA;2;25.10.1976;0;2
TOYER;2;8.11.1986;2;0
BEHRENG;2;7.07.1983;2;0
ABDULCIHAT;2;30.04.1963;2;0
CANMETIN;2;10.12.1975;2;0
BERFUM;2;29.11.1987;0;2
DIVIDE;2;12.12.1953;0;2
SONGUNER;2;2.10.1972;0;2
IFLAH;2;6.08.1972;2;0
OZLEMIM;2;29.03.1968;2;0
NEVENGUL;2;11.08.1975;0;2
ALPERCAN;2;30.01.1984;2;0
BAHINUR;2;22.04.1973;0;2
GULSEREK;2;24.11.1950;0;2
HAMEYRA;2;17.01.1964;0;2
HIMAME;2;10.07.1949;0;2
GULAGES;2;2.05.1975;0;2
SUZANHAN;2;16.09.1954;0;2
OGUZSAN;2;4.08.1991;2;0
ULAMI;2;13.04.1961;2;0
ABISEF;2;17.08.1955;2;0
YEMNIHA;2;6.01.1964;1;1
MEDIL;2;25.05.1967;2;0
MUHAYYET;2;28.05.1963;0;2
BERIR;2;20.05.1958;1;1
EBIN;2;22.10.1971;1;1
IMLIHAN;2;15.05.1964;0;2
SEMHIYE;2;29.12.1949;0;2
EDRIFE;2;4.01.1969;0;2
BAGCALI;2;2.08.1933;2;0
AYDET;2;2.12.1958;0;2
REVIYET;2;3.08.1957;0;2
MINYETEL;2;19.10.1954;0;2
FERRUHCAN;2;9.08.1957;2;0
NUSHI;2;1.03.1966;2;0
SERMISAN;2;20.08.1956;0;2
KELMA;2;15.04.1954;0;2
MASUTE;2;15.08.1983;0;2
SEVINAN;2;9.02.1978;0;2
SENDIHA;2;19.12.1964;0;2
GUNTAR;2;3.07.1980;2;0
BERDIN;2;22.04.1976;1;1
ATTUN;2;9.07.1937;1;1
ESENALI;2;27.10.1980;2;0
CANSAIT;2;26.02.1984;2;0
BEYHIDE;2;26.01.1960;0;2
SEYITE;2;15.07.1973;0;2
EZGIGUL;2;28.07.1991;0;2
PALMIYE;2;29.03.1975;0;2
GAYEL;2;19.10.1968;0;2
YENSI;2;1.04.1983;0;2
FIKRETI;2;13.10.1972;0;2
SEHRABANI;2;16.11.1966;0;2
TEKFURE;2;23.12.1958;0;2
SEBAA;2;4.06.1962;0;2
PEKSIN;2;7.08.1956;1;1
PAK;2;17.05.1948;0;2
HETIM;2;2.01.1952;2;0
SABATIYE;2;14.08.1954;0;2
RALIHAN;2;16.03.1965;0;2
ISLAMER;2;21.10.1985;2;0
BERNAT;2;16.07.1984;1;1
TEKINHAN;2;28.01.1964;2;0
RAIFCAN;2;1.08.1989;2;0
CORAL;2;18.09.1963;1;1
MEKSELINE;2;12.07.1961;0;2
EZKA;2;12.05.1986;1;1
MAPGULE;2;7.09.1963;0;2
FETTUME;2;2.02.1951;0;2
GULEMIS;2;15.09.1969;0;2
REHAVET;2;4.06.1949;0;2
KAMALYA;2;19.11.1971;0;2
KANEL;2;11.10.1982;2;0
ZEMBIL;2;1.10.1981;0;2
GURBUZHAN;2;17.08.1976;2;0
RAFEL;2;6.03.1975;1;1
NEYGUL;2;17.02.1975;0;2
MERZUHAN;2;16.10.977;0;2
SEKERPARE;2;10.09.1955;0;2
KOSEMEN;2;2.02.1933;0;2
SAMUK;2;21.03.1973;2;0
HASANAGA;2;10.08.1950;2;0
MAVYA;2;26.11.1968;0;2
NIYABET;2;6.02.1974;1;1
NAZILYA;2;1.06.1957;0;2
NUVARAN;2;8.12.1976;2;0
NIGMEN;2;8.03.1963;2;0
ANIZ;2;17.05.1980;1;1
ULEYHA;2;20.03.1961;0;2
EKRAMIN;2;14.09.1965;2;0
GUNIYAZ;2;2.11.1971;0;2
UNSILE;2;17.06.1960;0;2
NUJDET;2;19.11.1972;1;1
EBRAIL;2;10.09.1964;2;0
UMMUKUSUN;2;7.09.1942;0;2
MELEL;2;4.09.1969;0;2
HURUCES;2;18.10.1959;0;2
HUTFIYE;2;7.09.1970;0;2
GOKYUZ;2;7.10.1988;1;1
SONSUNA;2;21.11.1965;0;2
DANYEN;2;3.12.1963;2;0
LORAY;2;27.07.1977;0;2
VEYLAN;2;24.08.1985;0;2
ISRE;2;12.07.1975;0;2
NADIMET;2;18.12.1968;0;2
ABDULNABI;2;8.09.1956;2;0
CEVHIRE;2;24.11.1943;0;2
BIRHEN;2;30.01.1972;2;0
IGNEL;2;15.06.1955;1;1
MENYET;2;29.12.1944;1;1
MAGFIYE;2;22.05.1964;0;2
MUVVAFFAK;2;15.08.1966;2;0
CUZELLA;2;26.11.1972;0;2
IZAT;2;26.05.1968;1;1
GOVSAL;2;30.07.1966;1;1
PEYIME;2;21.09.1972;0;2
OMRUME;2;18.03.1970;2;0
MEYRIMAN;2;6.08.1957;0;2
SUURIYE;2;11.05.1981;0;2
EMELHAN;2;27.05.1944;0;2
GULHAMIN;2;25.11.1953;1;1
OZBANU;2;25.12.1975;0;2
NUSAT;2;17.04.1968;1;1
FARUS;2;28.09.1968;2;0
MAKSUNU;2;9.07.1974;2;0
SUFELYA;2;4.03.1981;0;2
BEMRA;2;26.04.1981;0;2
ILAYGA;2;21.12.1978;0;2
MIVER;2;14.10.1953;0;2
SUMANYA;2;5.04.1985;0;2
NUSRETCAN;2;14.10.1991;2;0
LOVIZE;2;11.11.1969;0;2
NUHUL;2;30.03.1951;2;0
SEVKILE;2;13.02.1968;0;2
SEHRIBER;2;25.05.1966;0;2
ZULAFI;2;12.02.1969;0;2
MIHEL;2;8.12.1978;0;2
NURSEDEN;2;17.08.1979;0;2
SUHUNET;2;5.09.1968;0;2
SABITAY;2;2.11.1964;2;0
HANIZ;2;6.01.1987;1;1
TUGSEV;2;19.11.1959;1;1
EBIHAN;2;28.02.1957;0;2
SITIGA;2;24.04.1959;0;2
AHIYET;2;24.12.1983;2;0
GULTEKIR;2;18.06.1974;1;1
SANINE;2;18.02.1986;0;2
ZIFAL;2;22.05.1969;0;2
NECEMETTIN;2;13.01.1968;2;0
DARANI;2;8.08.1977;1;1
GUNEYYA;2;30.01.1971;0;2
SILAGUL;2;10.09.1988;0;2
FETTAHNA;2;9.11.1957;0;2
GARIBEN;2;28.06.1974;1;1
FAGRUK;2;14.05.1974;2;0
CANSARA;2;18.07.1961;0;2
MEFRUKE;2;8.02.1967;0;2
BAKSIN;2;30.05.1972;1;1
RUGUBE;2;15.11.1955;0;2
MUHATDIS;2;23.09.1941;0;2
IMLIHA;2;20.10.1942;1;1
NUNI;2;4.06.1939;0;2
ATLAY;2;12.11.1962;2;0
NEFHIZ;2;13.06.1953;0;2
BESTANE;2;21.08.1974;2;0
MIRBANI;2;25.11.1942;0;2
SELMEHA;2;16.12.1968;0;2
ERTEL;2;4.01.1970;1;1
RAHMIZ;2;15.06.1958;1;1
SELGINAZ;2;9.03.1969;0;2
KUDIS;2;12.06.1965;2;0
RANIM;2;1.01.1988;1;1
FUZULET;2;29.08.1979;0;2
OSMAL;2;17.10.1954;2;0
BESTELI;2;18.04.1961;1;1
BEGZO;2;3.06.1956;2;0
ELEMSE;2;29.03.1956;0;2
AGET;2;17.01.1967;0;2
BILMAZ;2;11.07.1962;0;2
REMIL;2;3.02.1971;1;1
BESUN;2;9.11.1970;0;2
KADERULLAH;2;2.02.1977;2;0
GULSEHRE;2;30.01.1948;0;2
GOVEREN;2;18.01.1958;0;2
MEYRICAN;2;26.05.1967;0;2
SUCAATDIN;2;14.02.1948;2;0
FIKRIS;2;2.05.1939;0;2
ERGIHAN;2;1.08.1972;2;0
CEZIKA;2;3.06.1975;0;2
RAHSIN;2;12.07.1956;2;0
MISNINA;2;26.10.1977;1;1
OZDA;2;25.07.1987;1;1
ILBA;2;20.05.1973;2;0
YENUS;2;29.03.1958;1;1
SOLAN;2;22.04.1974;0;2
NARHAL;2;7.08.1969;0;2
EYSI;2;3.03.1956;0;2
ABDULSADI;2;29.03.1963;2;0
UMANE;2;7.10.1952;0;2
GONNAR;2;19.09.1949;0;2
YALA;2;7.03.1953;0;2
NURALEMIN;2;22.09.1984;0;2
MUSITTIN;2;23.01.1979;2;0
HUNI;2;5.02.1954;0;2
GULASYA;2;4.08.1968;0;2
YILTEKIN;2;25.02.1978;2;0
AYDEGER;2;24.06.1984;1;1
MAFUK;2;4.01.1959;2;0
GOZEYDE;2;22.02.1957;0;2
MAHPARI;2;24.05.1947;0;2
SEMSAL;2;3.08.1974;0;2
IZABET;2;11.04.1978;0;2
KESILE;2;27.04.1963;0;2
ESMIR;2;13.11.1959;0;2
GOKYILDIZ;2;24.11.1957;0;2
AHDET;2;17.03.1985;2;0
GOYNU;2;23.02.1971;1;1
GULHANAY;2;6.08.1972;0;2
MUTESEM;2;22.05.1987;2;0
CAGLAHAN;2;14.09.1988;1;1
GUNGUN;2;27.04.1969;0;2
EYTUN;2;17.09.1966;0;2
GULMAZ;2;19.03.1947;0;2
TUFANI;2;5.08.1963;0;2
UNAF;2;21.12.1988;0;2
REFHAT;2;10.10.1971;2;0
BELFI;2;18.03.1960;0;2
MULIDE;2;26.08.1947;0;2
GIYBET;2;28.11.1979;1;1
VAFIDE;2;16.01.1948;0;2
VETTIN;2;30.06.1968;2;0
AYZILHA;2;14.07.1988;0;2
HAVDIYE;2;15.11.1959;1;1
LIYAN;2;1.09.1985;1;1
HAMANULLAH;2;5.09.1978;2;0
SAVCIYA;2;13.11.1977;0;2
MUZEHHET;2;8.11.1965;0;2
ABDULFEHMI;2;15.08.1962;2;0
RECAHIL;2;26.11.1954;2;0
HADAYAT;2;11.01.1971;2;0
MEZRURE;2;5.08.1946;0;2
GELIBE;2;1.09.1982;0;2
HACCALI;2;22.07.1961;0;2
MUDDESSIR;2;27.07.1974;2;0
FIRINCI;2;6.07.1965;0;2
NOYAL;2;16.11.1973;1;1
HIZLI;2;5.05.1966;1;1
SIYHMUS;2;16.11.1961;2;0
NILEN;2;4.04.1986;0;2
GURCAM;2;1.05.1970;2;0
MUZAFERETTIN;2;24.05.1926;2;0
GOKBER;2;10.08.1984;2;0
GALEN;2;11.12.1988;2;0
FIRDEGUL;2;30.12.1959;0;2
ISLIMGUL;2;1.10.1984;0;2
GULUMBER;2;28.06.1958;0;2
NADIRCAN;2;18.03.1979;2;0
RAHAF;2;5.04.1966;0;2
YUREGIR;2;17.01.1956;2;0
EFIMIYA;2;5.12.1946;0;2
MULKUSEN;2;4.12.1975;0;2
AYFUL;2;7.10.1958;1;1
ABDULVARIS;2;12.05.1974;2;0
BARAKAT;2;29.07.1973;2;0
FASI;2;6.03.1971;2;0
YEMANET;2;6.01.1985;2;0
UKLA;2;9.08.1960;1;1
MENAY;2;10.10.1983;0;2
MUHBARE;2;27.10.1971;0;2
ABDULGEFUR;2;13.10.1984;2;0
EFAF;2;26.10.1969;0;2
SEBGITULLAH;2;21.09.1975;2;0
SEHREDDIN;2;5.11.1942;2;0
GULLEDIN;2;22.07.1970;2;0
MIJDIYE;2;19.04.1964;0;2
SEHRISAN;2;10.08.1984;1;1
GASO;2;5.08.1957;2;0
GULLUGAR;2;16.06.1976;0;2
IRAHLE;2;2.06.1951;0;2
JALIDE;2;2.08.1950;0;2
BEDLIYE;2;25.11.1970;0;2
NESIRYE;2;1.10.1974;0;2
ERAM;2;12.09.1975;2;0
YAFI;2;27.08.1968;2;0
SADES;2;17.01.1954;0;2
MESUDET;2;21.11.1948;0;2
GULERTAN;2;27.07.1976;2;0
ALTUGU;2;9.05.1971;2;0
NEVREZIN;2;26.11.1937;0;2
ERBILIR;2;10.05.1961;2;0
TURUM;2;19.03.1961;0;2
FAZILCAN;2;20.03.1987;2;0
TAKAIDDIN;2;11.12.1964;2;0
KIZIL;2;2.03.1973;2;0
ALTIZIYE;2;12.02.1947;0;2
SANSELI;2;22.10.1956;0;2
HEKNUR;2;5.06.1968;0;2
AHMEDIL;2;7.02.1973;2;0
BAHUR;2;13.08.1971;2;0
SEVINDIYE;2;4.11.1961;0;2
ABDUNUR;2;5.07.1972;2;0
ZAYYIDE;2;6.01.1964;0;2
HUSAMATTIN;2;24.03.1962;2;0
CALYAN;2;8.08.1956;1;1
MEMRUNIYE;2;5.03.1979;0;2
MAHALLIYE;2;9.03.1960;0;2
SIMSIYE;2;29.08.1946;0;2
NURIBEN;2;26.09.1958;0;2
IHAT;2;9.10.1959;2;0
TITI;2;1.02.1956;0;2
TEHIBE;2;2.09.1960;0;2
GULKU;2;1.08.1955;0;2
TANYURT;2;23.06.1958;2;0
FERHIN;2;24.09.1958;1;1
TUNCSEL;2;4.05.1985;2;0
KUTTIS;2;4.08.1962;2;0
GUPSA;2;18.03.1979;0;2
ANAYASA;2;24.09.1962;0;2
AHUN;2;25.08.1978;2;0
RUSTEN;2;21.01.1973;1;1
KASEME;2;24.07.1970;0;2
VATFIYE;2;12.02.1965;0;2
REVAS;2;6.09.1970;0;2
BINANIYE;2;8.10.1969;0;2
GAVLA;2;25.10.1953;0;2
RADYE;2;4.08.1961;0;2
KEMIN;2;1.03.1966;1;1
ALIYET;2;21.01.1974;0;2
SELAMEDIN;2;16.08.1968;2;0
NEFUSA;2;5.12.1975;0;2
ABDULHENAN;2;24.01.1991;2;0
YAHYATTIN;2;16.07.1956;2;0
GULHIZAN;2;4.11.1967;0;2
MUZEYINE;2;30.07.1951;0;2
IMZAT;2;15.01.1956;2;0
NURSELEM;2;29.10.1972;0;2
VEHICAN;2;6.05.1964;0;2
DILFIR;2;15.08.1954;0;2
BINAVER;2;18.08.1972;0;2
BELILE;2;23.07.1971;0;2
IZBEH;2;18.06.1981;2;0
ALISADI;2;12.05.1965;2;0
MUCEN;2;15.05.1978;2;0
IDYAP;2;12.02.1971;2;0
ONKER;2;25.09.1978;2;0
MUKEYIL;2;25.08.1958;2;0
EMELYE;2;8.01.1958;0;2
TEKSIL;2;25.04.1971;0;2
VICDA;2;29.08.1957;1;1
OLE;2;4.08.1967;2;0
VILGIN;2;30.03.1973;0;2
HUDEYET;2;30.06.1970;1;1
M.SERDAR;2;30.11.1974;2;0
VOLKAY;2;2.04.1987;2;0
FERIBAN;2;13.12.1978;0;2
NAZBET;2;16.06.1982;0;2
MERIBA;2;21.03.1978;0;2
GORGULU;2;26.10.1967;0;2
SAHIZMET;2;5.07.1963;0;2
BEHIK;2;28.06.1943;1;1
MAHBUBI;2;13.06.1929;0;2
OZCA;2;30.07.1990;0;2
ULKUT;2;10.03.1967;1;1
KUDREK;2;6.08.1976;0;2
K.;2;20.03.1955;0;2
MINZIR;2;12.12.1970;2;0
RUSHEN;2;24.04.1976;0;2
FEYYAZE;2;15.04.1941;0;2
K.OSMAN;2;28.05.1976;2;0
BELKAYA;2;2.05.1980;2;0
NURDAYGUL;2;30.07.1974;0;2
SUNDAN;2;9.11.1967;0;2
SEHINSAH;2;3.12.1955;1;1
CANBAHADIR;2;27.06.1969;2;0
MIRIN;2;29.11.1967;0;2
NEJAH;2;9.04.1943;0;2
RAHAB;2;16.04.1977;0;2
ARSLANBERK;2;13.07.1978;2;0
CRISTINEL;2;7.10.1973;2;0
AKVER;2;17.07.1975;2;0
NILIN;2;12.09.1963;0;2
YAHUZER;2;10.10.1945;2;0
DURUSAF;2;19.02.1948;0;2
GULNESIL;2;19.01.1974;0;2
ATABAN;2;23.11.1960;2;0
SERTUR;2;23.01.1983;2;0
AZALI;2;10.02.1945;0;2
GUMULU;2;17.04.1954;1;1
TULEYDA;2;14.05.1961;0;2
HILVIYE;2;29.11.1965;0;2
IPEKCAN;2;6.07.1991;0;2
ESMUHAN;2;27.09.1980;0;2
MUNTAHE;2;16.05.1969;0;2
MEKSERINA;2;14.01.1965;1;1
ULKUBIR;2;24.02.1980;0;2
HUMRE;2;21.08.1971;0;2
IRAM;2;29.03.1960;0;2
RUSETTIN;2;22.01.1973;2;0
MUKEDDERAT;2;21.09.1960;0;2
MUHTESE;2;5.07.1968;1;1
ASRE;2;21.08.1960;0;2
SANMAZ;2;29.07.1971;1;1
NASU;2;1.01.1969;2;0
MANSUN;2;14.03.1965;2;0
EVER;2;9.05.1990;0;2
SELCEHAN;2;23.07.1984;0;2
HALMIYE;2;12.08.1959;1;1
MEHMETER;2;23.10.1981;2;0
MUFHIDE;2;29.10.1962;0;2
MUSEYRI;2;4.11.1974;2;0
RASIMCAN;2;6.11.1987;2;0
DELUL;2;15.05.1963;1;1
HURYASAM;2;1.03.1977;0;2
MIMTAZIYE;2;16.04.1956;0;2
SAITDIN;2;24.03.1959;2;0
UMMMUGULSUM;2;4.03.1976;0;2
PAKINE;2;16.06.1958;0;2
SABAHATTIH;2;16.02.1971;2;0
SECAR;2;14.11.1957;1;1
SEKURUYE;2;17.08.1971;0;2
CUMRAY;2;9.09.1981;0;2
SAHYET;2;7.07.1966;0;2
FIYAL;2;6.12.1965;0;2
IMANET;2;13.05.1982;0;2
NESIBETE;2;25.09.1980;0;2
IZLAFET;2;15.09.1969;0;2
UMULKESIM;2;2.05.1975;0;2
E.FETHIYE;2;5.05.1955;0;2
CEMALIN;2;18.01.1970;2;0
ILGEM;2;9.06.1989;0;2
NECAHADDIN;2;5.10.1963;2;0
SENHUSER;2;8.04.1947;0;2
RUSTUCAN;2;30.07.1984;2;0
MESUTA;2;11.03.1974;0;2
SANDUR;2;30.09.1958;2;0
LUTFILE;2;19.08.1962;0;2
NELISA;2;17.02.1981;0;2
FETHIYEGUL;2;12.01.1957;0;2
JALEHAN;2;25.03.1976;0;2
EZAY;2;16.12.1961;2;0
MAFE;2;21.06.1965;0;2
INCIZER;2;2.05.1960;0;2
EROKAN;2;5.10.1974;2;0
ATFAN;2;20.06.1973;1;1
TECCER;2;25.07.1968;0;2
INCEAY;2;7.09.1966;0;2
GINCIYE;2;21.09.1952;0;2
ZEYNEHAR;2;21.03.1952;0;2
MAKBIKER;2;27.03.1945;0;2
MUGNISE;2;21.03.1961;0;2
MUHAS;2;15.09.1971;1;1
GULBENAY;2;29.09.1981;0;2
OZGURTAN;2;26.02.1978;1;1
GULKIRAN;2;21.02.1947;0;2
ENSILE;2;4.09.1962;0;2
MILIANA;2;25.07.1976;0;2
GULENCAM;2;17.03.1960;0;2
ECEMIYE;2;1.10.1947;0;2
ACARKAN;2;12.10.1988;2;0
EMRIGUL;2;12.12.1959;0;2
ZULFUZ;2;28.05.1970;0;2
MURVAT;2;11.02.1985;0;2
ANZILGA;2;22.07.1979;0;2
HALIYET;2;25.01.1963;0;2
FUSULET;2;19.11.1984;0;2
SUDIYET;2;16.01.1959;0;2
SEYDAHA;2;16.11.1977;0;2
SUVA;2;6.03.1976;2;0
AYSUNAN;2;22.08.1972;0;2
BATULAY;2;12.10.1974;2;0
NESRIHAT;2;27.10.1967;0;2
ZAHIHA;2;5.10.1972;0;2
SAHRIBA;2;28.02.1989;0;2
FETFA;2;24.08.1955;0;2
MURZEM;2;8.02.1969;0;2
NISNIYE;2;7.02.1962;0;2
YABANGUL;2;10.02.1977;0;2
OMERSAN;2;12.11.1981;2;0
INCIN;2;8.03.1970;1;1
TEJAN;2;18.07.1975;0;2
OZLEV;2;1.11.1974;0;2
HABBUBE;2;4.01.1959;0;2
NASIRETTIN;2;1.02.1966;2;0
FERDEZ;2;18.04.1955;0;2
NESIPE;2;15.05.1958;0;2
SURSEN;2;9.03.1977;0;2
AYTUREN;2;24.11.1964;0;2
CANEP;2;1.08.1979;2;0
HIMIZE;2;25.12.1954;0;2
ELIFEGUL;2;28.04.1975;0;2
SEYDEN;2;15.10.1981;0;2
GULHUSNE;2;27.04.1969;0;2
TUNALAY;2;7.01.1974;1;1
REIYE;2;11.10.1968;0;2
TARKANT;2;6.05.1976;2;0
GUMUSAY;2;10.07.1983;0;2
TECEMIN;2;27.01.1959;0;2
HATCALI;2;26.10.1955;0;2
DOLET;2;17.03.1971;0;2
CEZRA;2;9.08.1981;0;2
SIVEYBE;2;1.08.1970;0;2
OKAT;2;25.07.1973;2;0
TERMIZ;2;6.07.1942;2;0
OLBEN;2;9.07.1977;1;1
HIRKAT;2;20.01.1955;0;2
BALKIN;2;7.12.1987;1;1
CEZAVIR;2;15.02.1969;2;0
ZELEN;2;4.07.1978;0;2
CEYDAHAN;2;20.08.1974;0;2
CIVANSIR;2;28.10.1983;2;0
HIDIYAT;2;9.01.1958;1;1
KOLER;2;2.10.1950;1;1
GULENDEME;2;13.10.1976;0;2
CIYDE;2;21.04.1984;0;2
MIMA;2;23.02.1967;0;2
VAHIZ;2;28.04.1951;2;0
BAADIR;2;16.08.1971;2;0
LEVRI;2;9.07.1954;2;0
ALPEL;2;14.11.1971;1;1
OKKEC;2;12.08.1965;2;0
AHENCAN;2;17.04.1947;2;0
ILKSON;2;14.06.1959;1;1
MEHNINUR;2;17.05.1968;0;2
ZUBEYYEN;2;11.12.1958;0;2
SEDHAT;2;29.11.1956;0;2
NUAYIM;2;23.09.1968;2;0
GULUMDE;2;5.03.1965;0;2
SATRET;2;4.08.1963;1;1
IBRAY;2;21.05.1985;0;2
MIKDED;2;6.04.1974;2;0
MEYIRE;2;22.02.1976;0;2
IBRAHIIM;2;4.08.1991;2;0
ABDULISLAM;2;29.10.1976;2;0
SEMEH;2;7.08.1964;1;1
DERRE;2;24.02.1963;0;2
GABBAR;2;21.04.1988;2;0
AHMETCEMIL;2;18.05.1969;2;0
SALMEN;2;28.08.1966;2;0
RESIMIYE;2;10.12.1958;0;2
BINGAL;2;14.12.981;0;2
KAFIRE;2;26.10.1966;0;2
YEVMIL;2;30.04.1964;1;1
ISANIYE;2;23.08.1974;0;2
TUMRU;2;20.12.1945;1;1
UFUL;2;21.03.1978;1;1
MERUKA;2;7.05.1962;0;2
ABDUSSATTAR;2;6.01.1972;2;0
FEFIYE;2;30.11.1953;0;2
IKLIMEN;2;1.02.1960;0;2
AYTEMIR;2;11.03.1963;2;0
TUGREL;2;6.08.1973;2;0
MERYEMIYE;2;10.05.1968;0;2
SUFAY;2;23.12.1969;0;2
TEBIRE;2;7.03.1970;0;2
LEVUDE;2;29.02.1972;0;2
CAHRA;2;16.06.1956;0;2
SAHIMAZ;2;3.07.1948;0;2
FERHAH;2;20.01.1975;0;2
DADLI;2;13.02.1953;1;1
KOL;2;4.01.1972;2;0
KAZUBAN;2;18.05.1960;0;2
0;2;12.08.1923;0;2
MEHEYYE;2;30.11.1950;0;2
MUHAYE;2;19.04.1964;0;2
ISHADE;2;12.09.1967;2;0
HERISE;2;8.12.1954;0;2
VASNI;2;19.08.1944;1;1
ICMALE;2;5.01.1963;0;2
MUSEREFE;2;2.08.1975;0;2
RIFATE;2;23.12.1949;0;2
VECTTIN;2;30.07.1980;2;0
PELIVAN;2;11.05.1978;1;1
BACET;2;2.04.1962;2;0
MIDAHI;2;5.09.1958;2;0
GULKIS;2;18.11.1974;0;2
TEKSIM;2;26.09.1980;0;2
OZILTER;2;29.05.1975;2;0
DERSAH;2;26.11.1982;2;0
MUHAMA;2;10.12.1952;2;0
URBAY;2;8.08.1964;1;1
SELHAMI;2;8.11.1968;2;0
SAHOSMAN;2;6.08.1968;2;0
SAHTAN;2;24.10.1946;0;2
RISADIYE;2;21.10.1965;0;2
MUZAFFERITTIN;2;5.06.1925;2;0
NEVSICAN;2;28.10.1967;0;2
SERPINUR;2;18.02.1980;0;2
HEMEY;2;20.08.1957;0;2
LIVER;2;30.01.1963;0;2
MUHIBETTIN;2;13.03.1974;2;0
ILIVI;2;20.12.1943;2;0
TILAMUZ;2;19.10.1959;2;0
ESLO;2;12.05.1929;0;2
TERBIYET;2;3.11.1969;0;2
OZLIFER;2;8.03.1984;0;2
ABDULCAPPAR;2;28.05.1954;2;0
MIZET;2;24.11.1943;0;2
FERAHCAN;2;21.09.1971;0;2
SAHABBETIN;2;17.04.1964;2;0
MIZGAN;2;23.07.1962;1;1
ERBILEK;2;3.04.1975;2;0
ALISINA;2;30.08.1990;2;0
IRAHIYE;2;18.11.1950;0;2
VEHBIBE;2;28.06.1976;0;2
HULAYET;2;2.06.1957;0;2
MEVLUDI;2;18.08.1956;2;0
AILENUR;2;12.02.1965;0;2
CANEMRE;2;12.03.1985;2;0
NIHAP;2;26.01.1954;1;1
CEVE;2;3.11.1935;0;2
SETTARE;2;7.07.1955;0;2
HUNYA;2;14.04.1976;0;2
BECCET;2;27.07.1961;2;0
SAKIRCAN;2;15.11.1954;1;1
RESULULLAH;2;19.08.1978;2;0
BURCEM;2;1.11.1989;1;1
RACHAN;2;28.06.1972;0;2
SEHDAN;2;13.01.1962;0;2
GULTOPLAR;2;9.10.1969;0;2
SAHTIYE;2;11.08.1958;0;2
NEVZAL;2;14.02.1974;0;2
BADIFE;2;4.12.1967;0;2
GOKDE;2;6.11.1989;1;1
SABAHTTIN;2;10.05.1962;2;0
AZBAN;2;16.05.1952;2;0
SUPHEDIN;2;7.06.1974;2;0
BILDER;2;12.02.1980;1;1
IRVAN;2;19.11.1972;0;2
ULUSU;2;8.12.1983;2;0
ASFUR;2;21.08.1974;2;0
CANVEREN;2;4.07.1970;1;1
ENISEN;2;7.04.1964;0;2
NEZIRETTIN;2;17.07.1966;2;0
DOUKAN;2;30.07.1991;2;0
YUCETAN;2;17.03.1984;2;0
BAGRAN;2;15.10.1959;2;0
HUNTURK;2;13.02.1967;2;0
BUKREMIN;2;7.01.1976;2;0
YEMILHA;2;26.07.1956;2;0
MEMISHAN;2;18.04.1969;1;1
TAYIRA;2;30.11.1963;0;2
FALIDE;2;11.09.1978;0;2
ABDULZEKI;2;21.11.1972;2;0
NUSETTIN;2;25.06.1979;2;0
NARDIK;2;25.05.1961;0;2
MUBEYCE;2;22.01.1961;0;2
SEMDEN;2;29.07.1948;1;1
IRES;2;23.04.1961;1;1
MEDRURE;2;14.03.1966;0;2
GIDE;2;30.03.1966;0;2
GULYEZ;2;12.07.1960;0;2
MUKADAS;2;10.09.1973;0;2
CIYAR;2;22.12.1981;2;0
RAYBER;2;5.08.1963;2;0
MESRUFE;2;7.01.1976;0;2
FIREYYE;2;19.04.1969;0;2
NURLAS;2;12.12.1976;0;2
ILTEREN;2;12.03.1956;0;2
MIYASSEL;2;13.09.1963;0;2
BIRCANAY;2;19.09.1983;0;2
MUTEZIME;2;20.08.1966;0;2
PAMO;2;13.03.1930;2;0
TAGMER;2;29.08.1967;2;0
IKABE;2;26.05.1982;0;2
SEHELYA;2;24.10.1963;0;2
OZYUREK;2;15.04.1955;2;0
MEYRULLAH;2;26.01.1955;2;0
TURIYA;2;26.01.1962;0;2
HACIEFENDI;2;7.02.1958;2;0
AYBUKENBERIN;2;2.04.1964;0;2
MEYSILE;2;2.02.1969;0;2
HIZEYFE;2;6.05.1961;0;2
GUMUKUN;2;24.04.1948;2;0
LEMAS;2;28.03.1981;0;2
GULEMSEM;2;23.12.1963;0;2
HASSIYYA;2;7.11.1951;0;2
MESEHAT;2;1.07.1954;0;2
ILTIRHAN;2;8.06.1942;0;2
ILVEYS;2;22.02.1949;0;2
HANARZA;2;17.02.1954;0;2
SAYESE;2;21.10.1958;0;2
GULKAHAN;2;18.02.1980;2;0
ACLAL;2;17.03.1954;0;2
DIHAYBE;2;12.02.1971;0;2
DUNYEZER;2;27.02.1968;0;2
SABAHDOGAN;2;22.05.1949;0;2
KITABIN;2;17.02.1936;0;2
ILMIDEN;2;26.05.1969;0;2
GIRMEN;2;21.01.1971;2;0
GULIBER;2;2.08.1969;0;2
RETAN;2;7.03.1964;0;2
TACIILMAZ;2;21.06.1945;2;0
MUSTUN;2;26.03.1980;2;0
IKNAP;2;30.01.1979;0;2
ZENIMET;2;6.12.1955;0;2
KORBANBAY;2;1.04.1972;2;0
CANSURA;2;22.02.1967;0;2
GAMMER;2;9.06.1976;2;0
NURTEC;2;16.02.1970;0;2
AHNUN;2;12.12.1983;2;0
CAKIYA;2;7.08.1928;0;2
AYCAMAL;2;1.05.1978;0;2
NESRINSAH;2;12.09.1976;0;2
LEVUZER;2;16.01.1960;0;2
SUHLEYA;2;7.02.1976;0;2
HIDAYYET;2;28.02.1961;2;0
MUSHER;2;23.05.1973;2;0
VACHIDE;2;24.10.1955;0;2
SINAHMET;2;2.04.1975;2;0
NESHIBA;2;11.11.1990;0;2
MUGATDIS;2;22.05.1967;0;2
RASIMYE;2;28.07.1963;0;2
REZIHAT;2;2.02.1957;0;2
MAKSI;2;7.05.1949;0;2
ANSELIF;2;22.12.1978;0;2
CEPAR;2;17.02.1966;2;0
MENEVSIRIYE;2;10.10.1964;0;2
TUCCANE;2;24.03.1961;2;0
OMRUMEYYA;2;8.06.1973;2;0
MIKAGIL;2;3.09.1990;2;0
FAZULA;2;11.12.1979;0;2
ENFET;2;2.02.1957;0;2
FAOIME;2;17.07.1972;0;2
SIDDAKA;2;7.12.1952;0;2
NIGLAN;2;16.10.1985;0;2
HANIMLI;2;2.02.1957;0;2
HASGAN;2;2.02.1963;0;2
MUHIDDE;2;25.09.1980;0;2
MUJDAAR;2;12.01.1983;0;2
HAFRIYE;2;5.12.1963;0;2
MELUNE;2;4.08.1965;0;2
LUVERAN;2;17.03.1957;2;0
ALEETIN;2;19.08.1970;2;0
RAHHIL;2;10.11.1981;0;2
BESSEN;2;9.11.1966;1;1
SUPHE;2;3.08.1951;0;2
SATIY;2;22.02.1961;0;2
ELISER;2;15.12.1984;0;2
MIZYAN;2;30.11.1955;0;2
ADAVIYYE;2;27.11.1947;0;2
MURDEFIN;2;22.11.1949;0;2
GULISTANBANI;2;12.08.1959;0;2
MUYESA;2;8.04.1960;0;2
SINANPASA;2;21.01.1972;2;0
MUHTERIYE;2;18.09.1933;0;2
FERIHET;2;26.06.1973;0;2
ZERNIYAR;2;1.03.1955;0;2
FIRTEZ;2;11.11.1966;0;2
ILAMEDIN;2;29.11.1966;2;0
GABZE;2;28.02.1970;0;2
RIDDE;2;4.05.1983;0;2
DIHEYBE;2;29.08.1956;0;2
TEMESI;2;27.05.1956;0;2
ESIRGEN;2;27.08.1984;2;0
SEHURET;2;25.08.1952;0;2
SAMIET;2;26.04.1988;0;2
DURGEL;2;2.11.1954;0;2
NUKAY;2;26.01.1982;2;0
MILKEN;2;1.06.1972;0;2
BAYSON;2;3.01.1951;1;1
NURZEMIN;2;7.04.1978;0;2
KANIYA;2;27.11.1976;0;2
MIRDAN;2;27.02.1973;0;2
ZUNNURI;2;27.07.1971;2;0
NEZYAT;2;2.08.1947;0;2
MUHAZ;2;13.03.1983;2;0
NUKU;2;29.11.1944;1;1
ALER;2;27.01.1976;1;1
MUHVET;2;2.03.1969;0;2
BASRO;2;4.02.1960;1;1
BEDUHAN;2;4.06.1968;1;1
ITEY;2;1.11.1955;0;2
NERIHAT;2;24.01.1970;0;2
GULFUROZ;2;14.01.1971;0;2
SEFYET;2;21.10.1969;0;2
GULBEZAR;2;22.05.1949;0;2
RAGDAR;2;13.03.1949;0;2
RAMISA;2;4.01.1969;0;2
GURBED;2;27.03.1982;0;2
HAMBUL;2;19.12.1971;0;2
GURTEL;2;22.02.1964;0;2
UZULA;2;9.01.1961;0;2
GULGULEN;2;14.05.1956;0;2
VILDAL;2;5.10.1984;0;2
SEHDEN;2;21.02.1967;0;2
VENNEHAR;2;29.11.1962;1;1
MEBRULLE;2;1.09.1979;0;2
NELAY;2;26.09.1962;0;2
HEYMEN;2;24.03.1985;0;2
VAHHAC;2;22.12.1985;2;0
MAISETE;2;28.07.1983;0;2
ZOHREHAN;2;2.08.1981;0;2
NAYFEL;2;30.08.1968;2;0
DURYEKTA;2;19.08.1953;0;2
ABDULGAFFARI;2;5.08.1963;2;0
IMIHANIM;2;25.11.1952;0;2
AYISEYI;2;7.09.1959;0;2
MUESEL;2;17.10.1966;0;2
S.ABDURRAHMAN;2;24.08.1948;2;0
RAKIET;2;29.03.1962;0;2
SERAFFEDDIN;2;22.09.1966;2;0
ZALIYHA;2;15.01.1947;0;2
HAICE;2;14.06.1982;0;2
AKABE;2;5.03.1963;0;2
SURMEY;2;25.05.1954;0;2
EBRAN;2;18.07.1983;0;2
TEZIRE;2;15.05.1956;0;2
RUZUGAR;2;20.02.1964;0;2
HEZALI;2;14.11.1964;0;2
TEVAP;2;12.03.1971;1;1
ZIHMIYE;2;24.12.1963;0;2
HESARI;2;4.06.1953;1;1
ZAHIDEN;2;8.07.1977;0;2
GOZUDE;2;19.04.1966;0;2
ERDILE;2;5.03.1988;0;2
ORZULE;2;2.05.1960;0;2
ABBIDIN;2;24.11.1971;2;0
SEG;2;9.03.1961;2;0
UVIS;2;17.06.1956;0;2
HACELE;2;28.03.1959;0;2
ABURRAHMAN;2;5.09.1982;2;0
TAVHIRE;2;11.04.1964;0;2
ENSARIYE;2;2.02.1960;0;2
MUHRIBET;2;4.10.1967;0;2
MADRAN;2;5.08.1968;2;0
MURSELA;2;1.11.1971;0;2
HACEP;2;8.08.1962;1;1
YURDAHAL;2;29.07.1974;0;2
NUVFEL;2;4.06.1980;2;0
MUHBERI;2;15.07.1978;0;2
IMUGULSUM;2;1.11.1963;0;2
TELLEY;2;24.08.1949;0;2
AYSAMET;2;25.12.1978;0;2
BESERI;2;13.06.1975;1;1
ZULFIRUZ;2;8.10.1935;0;2
MEGPULE;2;17.10.1957;0;2
CEVIYE;2;1.08.1960;0;2
KEBUT;2;20.10.1964;1;1
BENNAZIR;2;12.01.1990;0;2
TEKGUN;2;20.02.1980;2;0
BENSUN;2;3.03.1972;0;2
REBYE;2;25.03.1957;0;2
MUZHER;2;4.04.1953;0;2
NESYIHAN;2;4.06.1982;0;2
HASALI;2;28.07.1961;2;0
OBEYS;2;21.10.1948;0;2
TUMU;2;6.07.1966;0;2
DULFIROZ;2;23.06.1975;0;2
ZERVAN;2;23.12.1970;0;2
ABIDI;2;18.06.1979;1;1
CIMA;2;20.06.1953;2;0
GIRI;2;30.10.1944;0;2
GURIS;2;9.11.1964;2;0
MUALI;2;22.05.1952;2;0
SEMSEBAN;2;27.02.1959;0;2
MIZIYAN;2;14.11.1972;0;2
IMIHANI;2;30.05.1950;0;2
GIRIYA;2;5.03.1955;0;2
DIGEL;2;29.08.1977;0;2
SIHBEY;2;7.07.1967;2;0
ADILYA;2;10.06.1962;0;2
ALICELAL;2;11.04.1979;2;0
DEYHA;2;28.03.1965;0;2
ZEHEY;2;28.02.1959;0;2
ZAADE;2;14.12.1947;0;2
EVLAT;2;3.12.1940;2;0
HOSU;2;1.05.1938;1;1
ESGULLU;2;2.01.1963;0;2
HACCU;2;17.05.1926;1;1
KOSEY;2;18.06.1948;0;2
UBES;2;30.11.1952;0;2
ZIYNETTE;2;3.02.1954;0;2
HACIRAMAZAN;2;7.10.1951;2;0
BEDEVHAN;2;28.04.1977;0;2
NADILA;2;12.02.1959;0;2
ZUBRE;2;2.02.1978;0;2
ASIHA;2;17.09.1945;0;2
FARIHAN;2;16.08.1958;0;2
NABEHAT;2;18.12.1961;0;2
KACO;2;21.04.1958;2;0
NOYFER;2;25.08.1982;2;0
VAHIDIYE;2;24.12.1973;0;2
GALISA;2;19.09.1972;0;2
TITILLI;2;27.08.1926;0;2
TERBUNUR;2;27.02.1965;0;2
URKMEN;2;18.05.1964;1;1
EMISEM;2;1.06.1959;0;2
ZEBILHAN;2;1.03.1964;0;2
MORFI;2;21.05.1949;1;1
UZNER;2;24.10.1961;0;2
MUSENBER;2;30.01.1954;0;2
ZEYBENDE;2;28.02.1983;0;2
SELHI;2;11.08.1951;0;2
NEVRU;2;19.05.1978;0;2
MUHLISIN;2;6.04.1961;1;1
OZGULHAN;2;12.08.1986;0;2
NESRIYAN;2;30.10.1963;0;2
TECIDE;2;17.05.1976;0;2
GEYRIYE;2;24.05.1955;0;2
SAHGULU;2;26.03.1969;0;2
EFZEL;2;7.06.1946;1;1
MUZAETTIN;2;16.02.1960;2;0
MEHMETILYAS;2;22.02.1985;2;0
NADIYAN;2;12.08.1954;0;2
BEGDAT;2;25.09.1969;0;2
DUDIHAN;2;6.11.1945;0;2
ZAYNAL;2;10.02.1961;2;0
ZUMURTE;2;11.10.1969;0;2
GURKEM;2;7.10.1989;1;1
DURSINI;2;4.01.1945;0;2
SARMI;2;18.07.1950;0;2
DOLSA;2;25.09.1960;0;2
MIDIHAN;2;5.10.1969;0;2
HACHAN;2;19.05.1965;0;2
RABIY;2;22.04.1958;0;2
SAGULI;2;29.03.1962;0;2
VEDIFAN;2;4.11.1963;0;2
ORKES;2;22.08.1949;0;2
SUZGEN;2;29.09.1982;0;2
MUJDEVER;2;26.09.1981;0;2
GEMSI;2;4.08.1959;0;2
MULIK;2;28.10.1967;2;0
RIFHET;2;27.09.1969;2;0
ZEYTON;2;30.08.1965;0;2
STELICA;2;18.06.1974;0;2
MIRTEZA;2;25.05.1964;2;0
EYNAR;2;6.09.1980;0;2
TEIBE;2;6.06.1966;0;2
YILDIZTEN;2;19.11.1938;0;2
SENGULCAN;2;4.10.1971;0;2
HURDOGDU;2;11.11.1968;2;0
SUBAYIR;2;25.11.1963;2;0
GULCARI;2;22.06.1956;0;2
NEVRUSE;2;2.05.1945;0;2
GULDEVRAN;2;11.08.1989;0;2
BINYAME;2;14.04.1964;2;0
TORSAN;2;2.07.1959;0;2
GUNNAM;2;11.11.1964;2;0
LEFA;2;17.10.1964;0;2
DILKES;2;3.05.1974;1;1
ABDULVAHDETTIN;2;28.07.1969;2;0
GONCAFEM;2;4.10.1981;0;2
MUCDELIFE;2;1.03.1965;0;2
NUHRICE;2;24.01.1978;0;2
EBIZAN;2;17.05.1969;0;2
MUKKAIL;2;28.05.1968;2;0
UMUNAZ;2;6.11.1979;0;2
CIDDE;2;8.04.1984;0;2
SAFENEZ;2;20.09.1967;0;2
NEVRESIN;2;18.04.1947;1;1
MESRIKE;2;17.07.1959;0;2
TEFURIYE;2;9.05.1964;0;2
GULEYET;2;3.07.1969;0;2
APDUS;2;23.03.1934;2;0
SAADEDTIN;2;17.01.1964;2;0
APTULHAY;2;2.08.1939;2;0
KRISTIANE;2;22.11.1966;0;2
LUTFIE;2;14.02.1962;0;2
OZAND;2;23.10.1957;2;0
GOKSUHAN;2;14.09.1985;0;2
PERYANE;2;9.04.1954;0;2
ZARNISAN;2;8.01.1952;0;2
PETRINA;2;18.10.1977;0;2
ZAINA;2;29.09.1971;0;2
PATIMAT;2;6.02.1969;0;2
GULSEHVER;2;22.02.1942;0;2
SEVILSIN;2;16.04.1959;0;2
BERIRA;2;1.10.1986;0;2
ANATOLIA;2;23.10.1967;0;2
REHIMI;2;5.02.1949;1;1
MAMURET;2;12.12.1960;0;2
GULPAKIZE;2;8.05.1975;0;2
SENTA;2;24.05.1976;0;2
INGER;2;25.04.1941;0;2
BESIBE;2;6.09.1963;0;2
GULNASI;2;3.12.1955;0;2
GURZ;2;18.02.1984;2;0
BIRGIL;2;21.11.1973;0;2
TUGLUHAN;2;7.09.1979;2;0
MERZIKAN;2;14.10.1969;0;2
FERULLAH;2;9.09.1967;2;0
MITRAP;2;9.08.1970;2;0
FERGULE;2;24.09.1975;0;2
SUNDIS;2;3.04.1975;0;2
SEFIQE;2;8.07.1960;0;2
SIMDEL;2;27.03.1984;0;2
GULCIG;2;4.05.1978;0;2
SULHIYYE;2;7.06.1965;0;2
MUNU;2;25.04.1959;0;2
OGREN;2;15.10.1981;0;2
HATICEKADIN;2;24.07.1962;0;2
FEYZAVER;2;7.04.1978;0;2
KADIRALP;2;12.01.1974;2;0
KEFAHAT;2;21.11.1948;0;2
MUKRAM;2;18.10.1966;1;1
DEHRAN;2;24.04.1967;2;0
AKUN;2;8.09.1958;2;0
ZEYICE;2;8.05.1963;0;2
ANZHALIKA;2;25.01.1979;0;2
BIHICAN;2;17.11.1964;1;1
MUSTIL;2;10.01.1952;2;0
MIYARA;2;4.01.1962;0;2
DOLUBEY;2;25.07.1976;2;0
ALIYULLAH;2;24.04.1939;2;0
MUTLULUK;2;22.06.1979;1;1
NEFTAL;2;19.06.1983;2;0
ANDREI;2;2.08.1987;2;0
MUSTAA;2;17.01.1986;2;0
PARVANEH;2;16.08.1956;0;2
TIMUCUN;2;23.02.1974;2;0
oZGuL;2;2.05.1979;0;2
ZOHEYIR;2;5.01.1970;2;0
IZANUR;2;14.01.1962;2;0
BARKI;2;23.11.1951;2;0
DILGUZAR;2;26.05.1949;0;2
MUNUVET;2;25.09.1980;0;2
FESMANI;2;5.06.1959;0;2
HUBEYYA;2;24.04.1979;0;2
HAPIL;2;19.04.1958;1;1
GULYADIGAR;2;22.06.1969;0;2
TINCUTA;2;26.12.1970;0;2
NEGIME;2;18.04.1970;0;2
ATATUR;2;19.11.1948;2;0
KUTMEN;2;16.06.1964;0;2
ELSIMA;2;6.08.1963;0;2
GULFUZER;2;10.04.1957;0;2
FIDDAN;2;10.04.1958;0;2
KIFAIYE;2;20.08.1953;0;2
RAITTIN;2;16.06.1958;2;0
NILAR;2;8.03.1984;0;2
UMURUYE;2;9.05.1973;0;2
DEMIRDAG;2;29.05.1953;2;0
LOUISA;2;4.07.1973;0;2
BEDRITDIN;2;20.09.1974;2;0
KERAZ;2;29.2.1970;0;2
NICIBE;2;18.01.1962;0;2
HURMETIN;2;2.10.1968;2;0
KOKKIZ;2;23.07.1935;0;2
MARZENA;2;21.01.1970;0;2
YAGUL;2;20.09.1960;0;2
NURBAGNU;2;14.04.1987;0;2
DONDENE;2;29.07.1964;0;2
MAFERI;2;1.08.1973;0;2
TUZIYE;2;1.07.1964;0;2
BETRUS;2;4.10.1949;1;1
IBRUS;2;21.01.1944;2;0
UNSAH;2;30.05.1985;0;2
HACIRHAN;2;17.07.1942;0;2
BEHEADDIN;2;25.04.1967;2;0
BASARGAN;2;4.10.1974;2;0
MURUVFET;2;4.02.1978;0;2
FETANA;2;8.10.1965;0;2
YARDA;2;22.11.1961;0;2
NURGER;2;30.11.1970;0;2
NAVIKE;2;17.07.1943;0;2
MARZHANAT;2;13.07.1974;0;2
NULLIFER;2;15.10.1964;0;2
ROKET;2;22.08.1971;2;0
ERLIMAN;2;14.07.1959;2;0
NILYAR;2;24.12.1978;0;2
ADINUR;2;22.05.1965;0;2
MUZEFFE;2;26.12.1954;0;2
EMIM;2;19.04.1953;2;0
ZELDEN;2;28.09.1953;0;2
ERINE;2;3.04.1970;0;2
UTTIYE;2;19.08.1962;0;2
INCIKER;2;18.06.1963;0;2
MELEKTAN;2;26.10.1966;0;2
SEZGAN;2;27.03.1968;1;1
ADALEDDIN;2;18.12.1950;2;0
YETSEL;2;24.02.1965;1;1
SANSIME;2;24.11.1976;0;2
BEDENI;2;25.06.1967;1;1
MELIHHA;2;29.09.1964;0;2
GULNA;2;18.11.1980;0;2
NISYE;2;17.10.1940;0;2
M.SEVKI;2;14.11.1942;2;0
EKVAN;2;25.03.1966;2;0
GULISI;2;30.01.1968;0;2
SENCEM;2;19.05.1961;0;2
IRIFAT;2;15.09.1956;2;0
EBISEN;2;21.07.1959;0;2
SAHBEZ;2;22.01.1977;0;2
NUHUTTIN;2;3.05.1974;2;0
MEVKURIYE;2;7.04.1977;0;2
HIMMED;2;20.11.1955;2;0
KUPRUYE;2;9.03.1961;0;2
DOGMUS;2;23.10.1955;2;0
NIVIM;2;25.07.1965;0;2
GURFIYE;2;20.05.1948;0;2
VUCUDI;2;19.08.1962;2;0
NIYABI;2;30.2.1945;2;0
FIDAYIT;2;10.10.1977;2;0
KARYN;2;16.08.1961;0;2
ERDOL;2;3.05.1957;2;0
ELYASI;2;26.08.1970;2;0
GUNDALI;2;4.10.1957;0;2
NURSELIME;2;10.05.1968;0;2
RUFEDA;2;18.03.1971;0;2
PAPULU;2;14.12.1942;0;2
RAMAZET;2;15.04.1957;1;1
ZELYE;2;27.09.1963;0;2
M.BAYRAM;2;8.09.1956;2;0
YETISTI;2;11.12.1954;2;0
SAZEVER;2;14.06.1959;0;2
EMILY;2;7.09.1990;0;2
EVDOKIA;2;19.08.1960;0;2
ELBINA;2;27.08.1982;0;2
SADUM;2;4.03.1966;2;0
KEREMETTIN;2;7.05.1982;2;0
ELCIVAN;2;4.11.1976;2;0
NAZIKJAN;2;23.06.1967;0;2
GELENA;2;14.04.1977;0;2
JEIRAN;2;15.09.1975;0;2
AYAVAR;2;11.07.1958;2;0
ERMI;2;4.03.1969;2;0
AYBOLEK;2;16.03.1979;0;2
VIKTORYIA;2;3.04.1975;0;2
NEBHAN;2;5.07.1969;2;0
CAMILYA;2;30.11.1973;0;2
ZEYNIGUL;2;6.12.1965;0;2
KATSIARYNA;2;22.09.1980;0;2
ASLIKAN;2;10.03.1969;0;2
SEZERI;2;19.02.1961;2;0
ANDREY;2;28.02.1990;2;0
UNYOL;2;26.08.1978;2;0
BUHIDE;2;12.11.1966;0;2
ITEME;2;14.01.1959;0;2
MEVLIHA;2;22.02.1970;0;2
GULCAGRI;2;25.02.1976;0;2
KUDRETDIN;2;5.04.1972;2;0
TAKIBA;2;9.11.1940;0;2
IKMALE;2;16.06.1949;0;2
HAVISI;2;16.04.1976;0;2
HORUYET;2;24.10.1962;0;2
CEBEHAN;2;2.07.1945;0;2
ERCIH;2;11.11.1973;1;1
MATUMA;2;19.11.1952;0;2
SAKINAY;2;28.12.1964;0;2
NEDAHI;2;19.08.1977;2;0
MEZRAP;2;3.03.1954;2;0
BILATTIN;2;23.05.1949;2;0
ADIVAT;2;6.05.1951;0;2
UFAT;2;17.08.1963;2;0
SAHMEZ;2;2.09.1962;0;2
BABACIK;2;2.07.1941;2;0
CUHUDE;2;16.10.1952;0;2
BELLIK;2;17.01.1950;0;2
FEDAIYI;2;26.02.1962;2;0
KULIZAR;2;5.11.1933;0;2
SEHERAY;2;17.09.1961;0;2
MEFARI;2;26.04.1973;1;1
MEHBERI;2;9.03.1979;0;2
IFRAH;2;18.04.1969;0;2
FAKIN;2;21.03.1960;2;0
PETRONELLA;2;17.09.1956;0;2
AVNER;2;7.03.1973;0;2
VATANAY;2;14.03.1977;2;0
ESDA;2;15.04.1990;0;2
BIRGITTE;2;19.01.1972;0;2
PAKGUL;2;29.03.1959;0;2
GULZAHRI;2;13.09.1963;0;2
GULCHOHRA;2;27.02.1959;0;2
CADIFE;2;3.12.1961;0;2
RABULE;2;13.01.1964;0;2
MULCEM;2;27.05.1959;1;1
SEBRAIL;2;25.11.1981;1;1
ZERHIN;2;27.10.1959;0;2
MULLAH;2;26.01.1962;2;0
RANEGUL;2;3.01.1971;0;2
SIMAYA;2;9.11.1971;0;2
SAHSINER;2;24.01.1953;0;2
VIOLA;2;7.01.1970;0;2
TSISANA;2;1.03.1965;0;2
KRISTEN;2;22.01.1968;0;2
MAREKHI;2;10.12.1971;0;2
IHDIBAR;2;20.11.1970;0;2
PURCEK;2;19.02.1977;0;2
SAHHIZER;2;22.12.1967;0;2
ZALLA;2;20.10.1965;0;2
CIVER;2;25.12.1969;2;0
LITAFET;2;12.06.1953;1;1
AYZEM;2;5.01.1977;1;1
GUFIZE;2;15.12.1945;0;2
SEHNEZER;2;28.08.1945;0;2
HAMIDIYET;2;3.09.1971;0;2
ZEHDA;2;15.05.1960;0;2
GULUMSAN;2;8.08.1974;0;2
KENIMET;2;8.05.1966;0;2
GURKIZ;2;14.12.1972;0;2
EZMINUR;2;26.06.1955;0;2
REVEYDE;2;20.07.1958;0;2
MESUDU;2;14.04.1972;0;2
VELIYYIDDIN;2;23.01.1948;2;0
URUSEL;2;20.11.1963;0;2
ZIYANE;2;28.12.1974;0;2
NERSEL;2;22.08.1967;0;2
MUGDIYE;2;2.02.1955;0;2
KUSREV;2;3.11.1971;2;0
GALIMAT;2;4.12.1972;0;2
HAYIRMEHMET;2;23.02.1976;2;0
MERGIZAT;2;14.11.1962;2;0
TEHRIYE;2;12.04.1958;0;2
ELISAVETA;2;1.02.1972;0;2
ZUHRAB;2;8.10.1963;2;0
NIGUIAR;2;4.09.1969;0;2
RUVEYYA;2;4.10.1951;0;2
CASSIM;2;26.12.1961;2;0
NARHANUM;2;15.07.1963;0;2
KIYMETIN;2;7.06.1956;0;2
TURISINA;2;18.08.1958;0;2
KADIOGLU;2;7.05.1985;2;0
OMUROL;2;2.05.1973;2;0
NUHETTIN;2;4.02.1949;2;0
ESMIHA;2;24.10.1966;0;2
SEZERAN;2;10.12.1969;2;0
OGUZAN;2;7.02.1975;1;1
HAVIFE;2;8.03.1951;0;2
HULIDE;2;23.01.1967;0;2
MUHIK;2;22.05.1955;2;0
ANNEGRET;2;19.05.1957;0;2
SEMANA;2;14.07.1947;0;2
GULDESUN;2;2.03.1968;0;2
HUKIYE;2;22.02.1971;0;2
HAZEMIN;2;19.03.1962;0;2
TENNAR;2;18.07.1958;0;2
MUNYEMIN;2;21.01.1967;2;0
ALIDUR;2;24.05.1958;2;0
NIFIZE;2;20.06.1961;0;2
TUFRAN;2;9.02.1948;2;0
VITALINA;2;4.01.1976;0;2
MEMFIYE;2;24.05.1962;0;2
ZAHADDIN;2;16.11.1953;2;0
TUREFE;2;17.12.1959;0;2
EYNURA;2;1.02.1983;0;2
HULAVER;2;8.08.1977;0;2
SAHVEN;2;1.01.1946;0;2
SULLUHAN;2;7.03.1948;1;1
LECIN;2;11.09.1949;2;0
MUSEVVIT;2;7.01.1955;2;0
MEYNUNE;2;5.04.1959;0;2
SUKRUYEN;2;17.12.1966;0;2
RISSALAT;2;30.09.1974;0;2
CENGIZIYE;2;29.04.1976;0;2
KUBRUYE;2;26.07.1939;0;2
ILHAYET;2;27.01.1974;0;2
AYISEI;2;10.01.1940;0;2
FESLIGEN;2;29.01.1968;0;2
MUAFIRE;2;26.02.1978;0;2
SINAMEDDIN;2;15.05.1964;2;0
MULKUNAS;2;6.06.1972;0;2
SERIYDE;2;1.04.1971;0;2
TEKIYA;2;9.12.1982;0;2
PEKSOY;2;19.06.1986;2;0
VEZIFA;2;14.06.1965;0;2
ISMIRIYE;2;17.01.1943;0;2
ALASGER;2;25.05.1954;2;0
BENZURIYE;2;22.03.1961;0;2
GULUC;2;10.10.1950;0;2
MUECEL;2;27.09.1957;0;2
LIDIYE;2;5.11.1955;0;2
MUSLINE;2;7.08.1964;0;2
DULVIN;2;5.01.1972;0;2
SORHUN;2;2.02.1968;2;0
NAZIRAT;2;12.02.1974;0;2
MIZIDE;2;15.07.1952;0;2
IRESMIYE;2;9.04.1952;0;2
GULVESILE;2;8.10.1974;0;2
CHALALA;2;8.04.1969;0;2
YUNUSALI;2;22.02.1955;2;0
SONGOR;2;2.06.1956;0;2
KANUS;2;27.04.1949;0;2
BEYHES;2;3.02.1975;2;0
TUMURHAN;2;28.03.1964;2;0
SEPKEN;2;7.07.1980;0;2
MALEYKE;2;19.05.1969;0;2
MERIHHAN;2;10.01.1978;0;2
ERNST;2;23.02.1961;2;0
IZGUN;2;26.08.1982;0;2
MARICEL;2;6.11.1974;1;1
ERKUDER;2;2.08.1939;2;0
BORKE;2;5.11.1980;1;1
JODIE;2;23.04.1977;0;2
NOURDJIHAN;2;15.06.1974;0;2
SELTIPI;2;27.04.1969;0;2
TIMMUR;2;21.07.1984;2;0
GULRUYA;2;27.03.1986;0;2
EZIDE;2;17.10.1950;0;2
BISTRA;2;22.07.1978;0;2
STANICA;2;2.09.1972;0;2
LINDSAY;2;19.12.1973;0;2
MURCEY;2;4.08.1948;0;2
HAKANALI;2;1.01.1981;2;0
TOROSHAN;2;16.02.1988;2;0
EBUDDERDA;2;15.08.1952;2;0
HERMA;2;2.08.1937;0;2
KAPITALINA;2;9.11.1968;0;2
AYLAHAN;2;30.09.1987;0;2
HULYAMIN;2;4.05.1970;0;2
ZIFLI;2;29.06.1973;0;2
GURFIRAT;2;16.01.1981;2;0
TED;2;8.07.1980;2;0
SIMBAT;2;30.05.1972;1;1
ARDESIR;2;22.06.1965;2;0
NURSAMET;2;25.01.1983;2;0
SUNIYA;2;6.09.1969;0;2
MUZAYYEN;2;3.07.1964;0;2
OGUNCAN;2;2.08.1988;2;0
ALPKUT;2;7.10.1980;2;0
HAYRUNSA;2;13.01.1959;0;2
MIRHAMIT;2;1.12.1966;2;0
AYDEL;2;6.05.1949;0;2
OPAL;2;25.07.1989;0;2
NEGIR;2;15.12.1962;1;1
GIRYEN;2;30.10.1979;0;2
FETRA;2;17.12.1979;0;2
CARINA;2;30.12.1976;0;2
NISANLI;2;17.01.1985;2;0
BILGIDE;2;28.07.1984;0;2
VASIFIYE;2;24.10.1954;0;2
KISTAN;2;22.12.1964;0;2
CEYLAH;2;14.01.1992;0;2
RUKSAL;2;29.03.1966;0;2
AFINE;2;14.01.1961;0;2
GULSALI;2;21.07.1965;0;2
MUFTEN;2;7.06.1976;1;1
ATASAHIN;2;5.01.1969;2;0
MIBER;2;22.10.1950;0;2
NICOLITA;2;30.09.1980;0;2
MUGISE;2;11.07.1976;0;2
GAMZECAN;2;7.05.1989;0;2
AZAB;2;4.08.1963;2;0
CEKDER;2;24.06.1991;2;0
NUZGEN;2;29.01.1971;0;2
HANDEVI;2;21.06.1978;2;0
MUHLISI;2;7.05.1960;1;1
MENZUL;2;29.09.1956;0;2
GYULYAR;2;4.10.1977;0;2
MUZAHERE;2;23.02.1944;0;2
SAHMEREM;2;23.12.1969;1;1
ZAMRIYE;2;20.01.1969;0;2
MUZHET;2;29.09.1959;0;2
TUGRULLAH;2;2.08.1964;2;0
ULFERIN;2;6.03.1971;0;2
GULNADIDE;2;4.06.1982;0;2
SAALI;2;16.09.1962;1;1
REZETTIN;2;9.09.1950;2;0
BUBERRA;2;17.12.1972;0;2
MUSHUDE;2;28.10.1965;0;2
ERPIN;2;28.09.1960;0;2
NESU;2;16.03.1955;1;1
ZEVHER;2;21.07.1968;0;2
SEVKETALI;2;18.10.1969;2;0
MAHSUS;2;6.05.1966;0;2
GURLIZ;2;21.12.1984;0;2
NEZLAT;2;12.09.1953;2;0
SADULLLAH;2;18.01.1990;2;0
HICREN;2;19.07.1973;0;2
KUNDAY;2;20.03.1971;1;1
BAFRAN;2;18.07.1959;2;0
ABIDUN;2;8.08.1967;2;0
YABANGULU;2;14.01.1971;0;2
NIGUN;2;20.10.1985;0;2
EFKAL;2;24.02.1986;2;0
ERTUNE;2;15.03.1973;2;0
SIKBAL;2;9.01.1959;0;2
GIULNAZ;2;5.10.1964;0;2
USLUM;2;1.08.1977;2;0
ZUHAYIR;2;13.10.1973;2;0
ABDURRAHAMAN;2;17.02.1982;2;0
SIVELYA;2;22.01.1970;0;2
KIMIRE;2;16.07.1955;0;2
UMZIYE;2;16.09.1944;0;2
MEHEL;2;26.11.1971;0;2
TANKUD;2;1.08.1957;2;0
NELKA;2;29.11.1962;0;2
TEVIKE;2;25.10.1973;0;2
EBRULAY;2;20.07.1977;0;2
ZULIFIYE;2;1.12.1959;0;2
OKUYA;2;5.03.1963;0;2
SADIYECAN;2;20.02.1980;0;2
GAHRIMEN;2;25.09.1982;1;1
NUBERYA;2;19.12.1985;0;2
IKBAM;2;26.11.1959;1;1
SEFIHAT;2;23.10.1971;0;2
MURCIVAN;2;6.08.1965;0;2
BALCAM;2;17.04.1942;0;2
DENANIR;2;14.08.1965;0;2
MANZUM;2;9.06.1972;2;0
BETURE;2;25.04.1974;0;2
CELILHAN;2;14.02.1980;2;0
MUTEHHARE;2;11.05.1976;0;2
LAMISEL;2;24.05.1943;0;2
NANIYE;2;11.10.1940;0;2
RENGINER;2;14.03.1979;0;2
SAYARA;2;19.12.1988;0;2
GAYRA;2;30.01.1954;1;1
RIFAA;2;17.02.1960;0;2
MIRNAS;2;20.07.1944;0;2
INABAT;2;20.03.1964;0;2
ALPA;2;17.07.1957;2;0
MALEY;2;21.11.1960;0;2
ULKIN;2;9.07.1969;0;2
ABUTAP;2;5.07.1975;0;2
NESURAY;2;19.05.1974;0;2
SEFFURE;2;17.05.1947;0;2
NESEHAN;2;14.01.1971;0;2
NURHAKAN;2;7.07.1980;2;0
SEYITRIZA;2;4.06.1971;2;0
SINAZET;2;9.03.1955;0;2
NEVEDDA;2;26.06.1949;0;2
VURDAL;2;7.10.1972;2;0
HUNKAS;2;27.05.1956;2;0
TEKNAIL;2;12.08.1979;2;0
KARLYGASH;2;6.01.1972;0;2
UMUTER;2;22.11.1957;2;0
ALIEDDIN;2;25.06.1966;2;0
OKKASE;2;21.03.1978;2;0
CANANBEY;2;17.02.1969;2;0
RUISE;2;25.02.1960;0;2
BERKOZ;2;28.02.1944;2;0
SALAVAT;2;13.01.1981;2;0
ERSUMER;2;27.10.1960;2;0
EROLE;2;29.12.1954;0;2
BALIMSER;2;11.03.1982;0;2
EBUBEKKIR;2;26.01.1982;2;0
ISLAMBEK;2;13.07.1985;2;0
TAISIYA;2;2.01.1972;0;2
DILMAC;2;5.07.1983;0;2
RAZIDA;2;11.05.1976;0;2
YESADE;2;5.01.1980;0;2
OLIVYA;2;14.02.1984;0;2
SAYERA;2;28.10.1963;0;2
SEKIMAN;2;14.11.1946;1;1
BANICICEK;2;29.12.1960;0;2
SAGIR;2;5.02.1972;2;0
NAVIKTER;2;26.01.1966;0;2
GULAYSEN;2;4.01.1972;0;2
DUDEN;2;25.01.1982;0;2
NAMIKTAR;2;23.06.1948;0;2
GURUS;2;9.12.1956;0;2
MUZECCER;2;8.12.1962;0;2
AYGULSUN;2;2.02.1963;0;2
TILLER;2;11.11.1959;0;2
YELFUZE;2;18.11.1969;0;2
MUDAM;2;21.05.1977;2;0
HAYIRLISAN;2;27.08.1953;0;2
HALEN;2;15.02.1973;0;2
INHA;2;3.06.1977;0;2
ZOFIA;2;29.2.1975;0;2
SALIHITTIN;2;10.01.1955;2;0
ALLAN;2;18.08.1974;2;0
UZBAY;2;17.07.1989;2;0
SAHRUH;2;21.03.1963;2;0
PESIN;2;11.08.1966;2;0
HOURIA;2;5.04.1962;0;2
KOSALI;2;30.03.1956;2;0
BAYTUGAN;2;19.03.1981;2;0
HACERAY;2;21.12.1976;0;2
DURUMAN;2;17.09.1957;0;2
BIRAMETTIN;2;11.12.1953;2;0
SARMIYE;2;11.11.1960;0;2
NAGIF;2;12.09.1963;2;0
PARASCOVIA;2;6.09.1976;0;2
BEYSUL;2;14.02.1984;0;2
SOYDAL;2;11.11.1971;2;0
PIRKADEM;2;2.10.1968;2;0
PURYAMI;2;14.02.1962;2;0
ILKNURHAN;2;1.06.1979;0;2
MUHALIFE;2;9.08.1945;0;2
HANIFEYI;2;4.01.1957;0;2
ZEKVAN;2;20.11.1986;2;0
SIFKAT;2;16.12.1961;1;1
GULERDAN;2;29.09.1960;0;2
DERLE;2;10.01.1983;0;2
FELAKNAZ;2;28.09.1950;0;2
AYNUMA;2;9.06.1949;0;2
GUNERGUN;2;30.2.1965;1;1
MINEHAT;2;25.10.1952;0;2
DILOROM;2;1.10.1979;0;2
HAVVAALI;2;4.05.1959;0;2
YONCAHAN;2;25.03.1975;0;2
EZOGELIN;2;6.09.1968;0;2
RIHALE;2;1.02.1961;0;2
DURKUS;2;25.03.1957;0;2
EPTER;2;15.02.1961;1;1
TUULA;2;21.11.1949;0;2
SORMAZ;2;26.06.1981;1;1
ELKAS;2;27.03.1954;2;0
AYTENNUR;2;26.10.1965;0;2
GOVHERI;2;17.11.1957;0;2
MEVLUZE;2;9.04.1953;0;2
SIRRIYYE;2;20.06.1948;0;2
ANDZHELA;2;30.05.1970;0;2
VIRDAL;2;1.07.1975;1;1
RAFIKIYE;2;7.03.1959;0;2
MURSELLIM;2;27.11.1972;2;0
LIBOS;2;5.11.1967;0;2
MINTANIYE;2;5.01.1963;0;2
ASUKA;2;29.03.1965;0;2
UMMAK;2;24.02.1947;0;2
CANBASAR;2;4.06.1975;2;0
CEMREN;2;12.04.1960;1;1
LATEFET;2;19.10.1968;0;2
RAND;2;16.01.1982;0;2
ELIFIDE;2;17.04.1963;0;2
ZEMIK;2;6.12.1974;0;2
GULEHANIM;2;6.10.1949;0;2
CICIHANIM;2;20.05.1943;0;2
GULCIME;2;13.07.1982;0;2
GAYAT;2;8.10.1947;0;2
NURHATICE;2;9.07.1989;0;2
ESVEDIN;2;24.02.1964;2;0
ZAKKUM;2;19.06.1988;1;1
ISMAILCEM;2;15.04.1985;2;0
ERSIT;2;24.10.1974;2;0
NESBIHA;2;17.05.1949;0;2
MUHAMMEDUN;2;28.01.1975;2;0
SARTAC;2;10.09.1981;2;0
BUGRAK;2;20.05.1981;2;0
OKSUN;2;7.09.1985;2;0
ALGA;2;29.12.1983;0;2
KUPSE;2;30.10.1974;0;2
DALMAN;2;18.01.1957;2;0
GULBEDI;2;29.02.1980;0;2
LILIIA;2;26.10.1965;0;2
ISILDA;2;10.11.1977;0;2
MIHRIBAH;2;27.07.1953;0;2
DIVIN;2;19.06.1960;0;2
CENGIR;2;4.12.1962;2;0
DILEKBER;2;20.02.1964;0;2
EMETLA;2;25.11.1947;0;2
KIPCAK;2;5.11.1949;2;0
TARRAN;2;13.12.1954;2;0
BAHRIYAR;2;19.12.1951;2;0
SEFAA;2;7.07.1972;1;1
FILDEZ;2;16.05.1960;0;2
SERINESEN;2;17.02.1961;0;2
SEGURE;2;29.05.1952;0;2
HILMIYA;2;23.02.1963;1;1
SANIJE;2;25.08.1963;0;2
ETTIBAR;2;27.07.1966;0;2
CAGAHAN;2;2.07.1980;2;0
GORKMEN;2;2.12.1984;1;1
LORENA;2;8.11.1967;0;2
TANYILDIZI;2;2.08.1927;0;2
GULLUBAN;2;24.04.1952;0;2
NAGIB;2;22.10.1956;2;0
ERNAN;2;15.12.1963;1;1
TAMAC;2;8.08.1977;2;0
M.MUTLU;2;15.09.1971;2;0
SENOS;2;23.02.1968;0;2
M.TEYFIK;2;2.05.1951;2;0
BEZMIN;2;22.06.1954;0;2
TEREM;2;28.07.1965;1;1
TAMARAHAN;2;17.01.1972;0;2
BERGAY;2;21.02.1979;2;0
ULCIN;2;22.01.1970;0;2
OLIM;2;5.02.1956;1;1
SELDAHA;2;27.06.1975;0;2
SAIMER;2;6.11.1957;2;0
ADER;2;6.06.1990;1;1
KADAN;2;15.01.1954;1;1
ZENGIBAR;2;4.03.1981;1;1
BAHANGIR;2;3.08.1955;2;0
ZINNUS;2;19.10.1936;0;2
CONCHITA;2;14.02.1964;0;2
GULASMAN;2;22.06.1965;0;2
HELMUT;2;15.07.1965;2;0
GUMMI;2;16.08.1964;0;2
ASKHAN;2;21.07.1970;2;0
GUFRANI;2;2.04.1963;2;0
SALIHMURAT;2;18.04.1972;2;0
CARL;2;2.01.1963;2;0
FEDARI;2;7.02.1953;0;2
JOLANDA;2;19.02.1959;0;2
KARSTEN;2;9.04.1987;2;0
SEVGIC;2;12.09.1968;0;2
MEI;2;9.06.1969;0;2
JESSIKA;2;30.07.1976;0;2
METIM;2;22.06.1944;1;1
ILAHINUR;2;7.05.1979;0;2
BENGISEN;2;8.10.1984;0;2
INCILIYE;2;27.12.1942;0;2
NUKDE;2;13.07.1973;0;2
NECAY;2;20.01.1972;0;2
RAYAL;2;19.04.1971;1;1
KURTBOKE;2;7.06.1984;2;0
GULSINAY;2;28.07.1972;0;2
GULSELAN;2;21.11.1963;0;2
KIBRAY;2;18.06.1958;0;2
BECCEL;2;3.08.1950;0;2
BAHTIE;2;17.07.1968;0;2
AYSOLMAZ;2;21.10.1938;1;1
TIGEN;2;18.11.1969;0;2
AYVAT;2;18.06.1964;2;0
ZAZIYE;2;3.05.1948;0;2
IMKANIYE;2;11.02.1963;0;2
HABBANA;2;19.01.1925;0;2
KEVZIYE;2;22.10.1960;0;2
AZUDE;2;11.05.1976;0;2
HURUSTEM;2;25.07.1976;2;0
EFFELI;2;28.03.1952;0;2
NILFUFER;2;5.06.1983;0;2
HAFIZAR;2;22.09.1947;0;2
DURAFET;2;9.03.1961;2;0
DEGISIM;2;10.06.1986;0;2
AYHUR;2;3.03.1983;0;2
BILGETURK;2;17.06.1981;1;1
HATCELI;2;13.10.1946;0;2
SELVANT;2;8.07.1958;2;0
PEYDULLAH;2;29.09.1991;2;0
BETIDA;2;14.05.1966;0;2
AFAKAN;2;9.06.1963;1;1
SEHOMER;2;14.03.1957;2;0
NURFEDDIN;2;19.11.1964;2;0
SEYUN;2;9.07.1951;0;2
CELIKHAN;2;8.01.1974;2;0
BAHTISIYAH;2;11.03.1955;0;2
TEZAR;2;26.04.1966;1;1
MEHMETAVNI;2;16.09.1952;2;0
HIYATE;2;29.08.1966;0;2
USRIYE;2;4.08.1946;0;2
ICILA;2;23.10.1948;0;2
DIRSAT;2;11.09.1975;0;2
ZEHMI;2;6.12.1969;2;0
DERYADIL;2;10.03.1967;2;0
NARSIN;2;19.02.1971;0;2
MERZIKE;2;14.07.1942;0;2
ISMANIM;2;13.07.1960;0;2
AYNUFER;2;10.06.1978;0;2
ZIDDIYKA;2;1.06.1961;0;2
ATINUR;2;6.06.1981;0;2
EPIR;2;26.07.1965;0;2
SEVIKER;2;12.09.1951;0;2
SAHNUZ;2;30.03.1962;2;0
ESENGUR;2;27.03.1960;0;2
OZBUG;2;16.10.1962;2;0
DURBALI;2;19.03.1971;2;0
NASIFA;2;24.05.1955;0;2
NEZIREN;2;3.10.1957;0;2
FECIHE;2;1.04.1963;0;2
MUKUP;2;24.12.1941;0;2
GULLAN;2;26.04.1949;0;2
BERLAY;2;14.03.1969;0;2
BAGIM;2;23.04.1972;0;2
HERDOGAN;2;17.06.1970;2;0
SETVAN;2;27.02.1963;2;0
IDASE;2;9.08.1959;0;2
ANTONELA;2;30.11.1976;0;2
BEYNE;2;8.05.1940;0;2
TURKAR;2;28.03.1953;1;1
ZULFERA;2;11.09.1943;0;2
MAHITER;2;20.02.1937;0;2
GOKCEMIN;2;28.11.1985;0;2
NEYIN;2;1.10.1970;0;2
OZBAG;2;2.02.1976;1;1
AYLUN;2;22.05.1979;0;2
ELICIN;2;24.01.1979;1;1
ELFIRA;2;13.04.1965;0;2
ARSEZ;2;27.08.1958;1;1
HASANMURAT;2;26.07.1977;2;0
FURUG;2;18.12.1964;0;2
UGURSER;2;1.01.1961;0;2
AYBATUR;2;18.10.1989;2;0
HURMUSER;2;25.02.1954;0;2
SAHANDIS;2;14.01.1965;2;0
HALITPASA;2;22.09.1976;2;0
REHMIGUL;2;30.03.1969;0;2
APTULAZIM;2;13.02.1965;2;0
MIHRIBANE;2;23.09.1953;0;2
GUNAYDI;2;16.02.1964;1;1
FERUZI;2;24.01.1955;1;1
NEBAYIR;2;12.03.1953;0;2
NAHMI;2;16.08.1967;2;0
ROUMIANA;2;2.11.1969;0;2
SERGULAY;2;24.04.1978;0;2
JIVKA;2;8.09.1952;0;2
GULERBA;2;25.02.1953;0;2
IYI;2;19.10.1948;1;1
SEZHAN;2;2.05.1984;1;1
BEYCI;2;5.11.1964;1;1
NEVRESEL;2;17.09.1969;0;2
GUHERGUL;2;16.11.1968;0;2
SEVDIKA;2;9.04.1956;0;2
DIKREN;2;18.10.1971;2;0
MEKURE;2;29.11.1972;0;2
ZEBRUYE;2;5.05.1962;0;2
GULBEDIHA;2;24.09.1948;0;2
NILAYET;2;5.06.1981;0;2
MEHMIS;2;17.06.1963;2;0
HUSETTIN;2;14.06.1963;2;0
KUBRAH;2;16.01.1986;0;2
SUTKAN;2;20.04.1952;1;1
MUNEHSER;2;12.12.1955;0;2
VELISAH;2;12.12.1966;2;0
SEYFUS;2;11.05.1955;2;0
PAMAK;2;20.07.1971;0;2
EVIYE;2;16.12.1948;0;2
KADURIYE;2;3.07.1966;0;2
IDOS;2;21.08.1961;0;2
KEVNIN;2;27.06.1941;2;0
MOHMET;2;3.09.1978;0;2
HASMEDDIN;2;5.10.1959;2;0
SIDDIYGA;2;5.04.1966;0;2
NEZAREDDIN;2;24.04.1943;2;0
SEBAHETA;2;19.08.1967;0;2
SEBAHIL;2;10.10.1961;1;1
MUZEYER;2;5.06.1947;0;2
NEVRANIYE;2;6.01.1983;0;2
MURBANI;2;17.09.1950;0;2
GULZAYIDE;2;19.12.1960;0;2
NEBUVET;2;11.02.1943;1;1
MURVEL;2;25.12.1972;0;2
RUHSADIYE;2;28.03.1959;0;2
VEHCIYE;2;20.11.1953;0;2
RAHIGAN;2;1.11.1939;0;2
GULSAHIYE;2;14.07.1957;0;2
ZELIMHAN;2;11.06.1985;1;1
HAKIGA;2;8.08.1942;0;2
CEVIRYE;2;5.08.1979;0;2
ZIMAN;2;10.03.1938;0;2
CANGIRAY;2;15.07.1981;2;0
SEBAHATTTIN;2;10.02.1971;2;0
ZEMHER;2;24.06.1942;0;2
TEMINER;2;15.12.1968;2;0
REVAIT;2;14.01.1969;2;0
GULZEKRIYE;2;21.11.1961;0;2
ILAHIM;2;12.05.1967;2;0
SEZAMETTIN;2;22.12.1960;2;0
LALEGAN;2;12.05.1962;0;2
MUSTADIN;2;1.10.1981;2;0
NASIL;2;17.01.1978;2;0
HAKEME;2;1.11.1938;0;2
EMRUHI;2;20.09.1969;1;1
MEDAAT;2;21.05.1963;0;2
HIDIRSAH;2;24.09.1982;2;0
GURZALP;2;30.03.1981;2;0
SELVIDAN;2;5.11.1972;0;2
MUHADIL;2;28.06.1970;2;0
NEJNUR;2;2.07.1977;1;1
SEYYIDDIN;2;28.03.1966;2;0
MUZNE;2;28.04.1965;0;2
MIGLENA;2;4.08.1970;0;2
SELAYIDDIN;2;27.05.1956;2;0
AFFAT;2;20.02.1959;1;1
NELBA;2;17.07.1966;0;2
IRFAZ;2;22.11.1961;1;1
IRIZVAN;2;24.09.1963;2;0
MUHABBE;2;20.05.1960;0;2
HAYTUL;2;22.08.1967;0;2
SEYDENUR;2;2.06.1977;0;2
VEYDIYE;2;27.11.1959;0;2
HUDAT;2;18.03.1947;1;1
ZAMIYE;2;18.12.1960;0;2
GULBEDA;2;6.08.1956;0;2
HELIFE;2;6.02.1965;0;2
MAHREME;2;4.03.1944;0;2
CUMAZI;2;15.08.1954;1;1
BOGU;2;7.07.1982;2;0
MUDHAT;2;14.03.1958;2;0
GULBAZIYE;2;23.01.1948;0;2
PARVANE;2;26.09.1967;0;2
VELIDAN;2;22.12.1958;0;2
URSAY;2;26.03.1983;2;0
TESBITE;2;17.10.1950;0;2
MAADEL;2;19.01.1951;0;2
MIZIME;2;28.05.1956;0;2
MUSEYYET;2;9.08.1956;1;1
SONGUNAY;2;16.08.1973;1;1
SELPI;2;20.04.1967;0;2
LAHMIYE;2;6.08.1955;0;2
RUAN;2;20.06.1952;0;2
DUACI;2;1.06.1946;2;0
EMIRGULSUN;2;6.07.1984;0;2
SERVIS;2;20.07.1942;0;2
FIRDAYET;2;6.04.1959;0;2
SEBAYETTIN;2;26.11.1947;1;1
GUMESER;2;10.05.1959;0;2
NIHATIYE;2;9.02.1963;0;2
MULKISEN;2;1.07.1959;0;2
SEYIDENUR;2;1.06.1988;0;2
MUSAHHAR;2;27.11.1954;1;1
ZUMBURIYE;2;8.11.1961;0;2
SABIBER;2;20.06.1956;0;2
ERVAYI;2;21.07.1963;2;0
DEMOKRASIYE;2;6.08.1953;0;2
EMAZIYE;2;7.07.1956;0;2
VELISEN;2;29.07.1967;2;0
NADIRAY;2;20.06.1977;1;1
SEYDINC;2;22.04.1985;2;0
SEMHI;2;26.05.1958;2;0
KINAZER;2;2.07.1946;0;2
SEBAHTIYE;2;18.02.1973;0;2
DUNYABIR;2;16.04.1963;2;0
DURAYSEL;2;16.01.1963;0;2
CEBBARI;2;30.05.1954;2;0
BAHETDIN;2;1.03.1956;2;0
BELMIHA;2;17.09.1945;0;2
MAZUNE;2;22.08.1957;0;2
MAHFIDE;2;3.12.1959;0;2
CULUSI;2;28.02.1972;2;0
MUNECCER;2;24.03.1958;0;2
HURIZER;2;29.01.1950;0;2
ZULFISIYA;2;21.02.1959;0;2
HELLEZ;2;14.05.1957;2;0
NAHALAN;2;5.07.1964;0;2
NEFBAHAR;2;25.04.1971;0;2
PEMILAY;2;21.01.1983;0;2
ECA;2;22.04.1984;1;1
SEBLAY;2;8.01.1970;0;2
RUKNITTIN;2;19.10.1967;2;0
GUSUP;2;29.06.1937;2;0
MURIZE;2;24.01.1954;0;2
HIMAMA;2;10.11.1956;0;2
DEHEBIYE;2;18.03.1960;0;2
DOGUC;2;16.01.1960;2;0
KATTUF;2;3.06.1945;0;2
RASITTIN;2;20.03.1952;2;0
GUNDEGUN;2;18.12.1952;0;2
YOLANDE;2;16.02.1941;0;2
HUSEMITTIN;2;7.10.1960;2;0
MARIZ;2;26.12.1953;0;2
BALKIRAY;2;17.10.1961;2;0
ZEYYA;2;14.07.1937;0;2
MAHIDDIN;2;6.03.1961;2;0
GULREVAN;2;21.07.1978;0;2
EMMEL;2;19.09.1965;0;2
SABEHITTIN;2;28.06.1971;2;0
EVDET;2;15.09.1968;0;2
DERGUN;2;12.05.1958;1;1
BEDLE;2;28.09.1928;0;2
TACEN;2;15.11.1970;2;0
SEKIRIYE;2;4.03.1950;0;2
ZIBIT;2;19.06.1945;1;1
BEHADIYE;2;4.07.1955;0;2
BENZEDE;2;15.11.1940;2;0
ILHAFE;2;10.07.1966;0;2
CETINOL;2;14.02.1958;2;0
FALLACKE;2;20.11.1990;0;2
FEDAA;2;23.05.1975;0;2
MISDO;2;10.11.1930;2;0
KADINKO;2;17.03.1945;0;2
HASIYME;2;19.07.1976;0;2
MILDA;2;2.11.1970;0;2
TEC;2;20.12.1957;2;0
RISKALLA;2;15.09.1951;2;0
HAYRILISAN;2;9.07.1969;0;2
HABKE;2;22.08.1931;0;2
ABDULFERT;2;19.01.1954;2;0
FEDIMANA;2;6.05.1979;0;2
VOUSSALA;2;2.04.1978;0;2
NEFSAN;2;18.02.1956;0;2
PESVAR;2;5.01.1968;2;0
KAKGO;1;12.08.1935;1;0
REFTALI;1;23.10.1972;0;1
MIYELZEL;1;28.11.1955;1;0
TEVSUR;1;17.01.1960;0;1
SEYIK;1;12.04.1946;1;0
TAHTI;1;26.07.1978;1;0
FADOG;1;5.05.1937;0;1
KUCAN;1;22.10.1979;1;0
ZEDOG;1;12.07.1947;0;1
ROVSANA;1;21.03.1981;0;1
HACALET;1;22.08.1931;0;1
EBRAGUL;1;22.11.1979;0;1
TEMELNUR;1;21.05.1959;0;1
BIRIMAN;1;1.02.1943;0;1
SAVHAR;1;11.11.1952;0;1
MEHMETTURAN;1;10.03.1950;1;0
CUBEYR;1;6.07.1984;1;0
IRCAIL;1;29.2.1957;1;0
MURTED;1;11.10.1982;0;1
KIFYA;1;12.08.1977;0;1
GULHANGUL;1;2.10.1969;0;1
UGURNUR;1;21.09.1974;0;1
SEBINIYE;1;17.02.1948;0;1
HIFIYE;1;17.06.1972;0;1
NUSAHAT;1;19.03.1967;1;0
DEIRYA;1;24.02.1982;0;1
TECATI;1;5.09.1970;1;0
MUHZEHER;1;18.01.1966;0;1
NUKRUHAN;1;22.02.1961;1;0
ELIFLA;1;7.02.1987;0;1
AYSUMEN;1;17.10.1985;0;1
EDIZER;1;30.08.1990;1;0
EHRAL;1;22.08.1949;1;0
PERIY;1;5.08.1928;0;1
ZEVKAN;1;12.06.1965;0;1
ABUZERCAN;1;9.04.1957;1;0
SERFIDE;1;27.04.1945;0;1
BATTALI;1;15.04.1969;1;0
LEYLMUN;1;7.05.1964;0;1
GULKESIM;1;2.07.1980;0;1
HOMRI;1;2.02.1957;0;1
NISIHAN;1;12.04.1929;0;1
SERULA;1;1.09.1974;0;1
ZENEY;1;9.04.1919;0;1
HATMASULTAN;1;28.04.1950;0;1
CAFFERI;1;14.04.1985;1;0
GULFAH;1;11.05.1978;0;1
ERE;1;21.09.1985;0;1
ALLETIN;1;26.10.1966;1;0
YADU;1;21.02.1959;1;0
NIKKEY;1;6.04.1944;0;1
ZERIHBAN;1;18.06.1985;0;1
PURHANIYE;1;23.12.1961;0;1
HURYEN;1;11.02.1980;1;0
HAKNIYAZ;1;2.12.1980;1;0
FERIYHA;1;16.08.1951;0;1
EFRUZEL;1;21.09.1972;0;1
BUYUKMEMIS;1;30.05.1950;1;0
NURBEYEN;1;7.03.1974;0;1
EMIRUNNAS;1;26.04.1977;1;0
ALICUMALI;1;3.10.1966;1;0
SAHINKUTSAL;1;24.05.1943;1;0
RUHBAKI;1;30.10.1963;1;0
AKEY;1;7.02.1952;0;1
FENDAM;1;22.07.1988;1;0
NECMAYIL;1;21.03.1957;1;0
YUFEL;1;2.12.1975;1;0
SEYTEL;1;12.08.1977;1;0
CADILE;1;26.01.1934;0;1
CLEO;1;7.12.1971;0;1
ERTANHAN;1;28.02.1989;1;0
ABIGUL;1;5.06.1951;0;1
BIRLE;1;17.12.1943;0;1
PIRZEYT;1;4.02.1951;1;0
GULMUSEMMA;1;20.03.1984;0;1
ARINSU;1;30.12.1991;1;0
BEYAZHAN;1;2.05.1987;0;1
GIMEY;1;9.02.1955;0;1
METHUN;1;6.05.1988;1;0
GULERYIL;1;26.01.1967;0;1
MALHIYE;1;3.03.1963;0;1
HUDUR;1;2.02.1975;0;1
EZIK;1;12.08.1923;0;1
NERPUZ;1;1.07.1987;0;1
ULUGTEKIN;1;17.07.1978;1;0
NEVSIHAN;1;17.10.1948;0;1
MEYEREM;1;22.02.1967;0;1
FATMASEMIHA;1;21.05.1983;0;1
AHSENNUR;1;28.06.1989;0;1
AYSEGULELE;1;19.07.1957;0;1
AKOPUK;1;8.03.1956;1;0
SAMADIN;1;21.05.1954;1;0
TECISEL;1;17.05.1978;0;1
UGRUYA;1;14.08.1973;0;1
ALPUTKU;1;3.07.1974;1;0
ABDULVEFA;1;26.11.1963;1;0
REFIKAREMZIYE;1;19.05.1960;0;1
ABDULISMAIL;1;21.12.1961;1;0
MUKADDERI;1;20.04.1959;1;0
BAHARHAN;1;27.02.1986;0;1
BURAMI;1;24.09.1949;1;0
H.AYDIN;1;22.02.1966;1;0
DUCANDOGAN;1;7.04.1940;1;0
ARSIT;1;13.07.1973;0;1
MUSEREVAN;1;3.02.1963;1;0
FIRDEL;1;13.10.1963;0;1
NEBAHAY;1;17.02.1972;0;1
SUNUC;1;27.07.1989;0;1
YASARIN;1;10.02.1972;0;1
MEHMETUMIT;1;21.07.1984;1;0
AMMARA;1;21.10.1989;0;1
KENGUL;1;22.07.1961;0;1
NESLAHA;1;25.05.1967;0;1
ZEHLIHA;1;28.05.1943;0;1
HARAFET;1;4.06.1974;0;1
HIBANUR;1;23.03.1991;0;1
YALITE;1;21.03.1971;0;1
SEZAK;1;29.10.1979;0;1
LEVRENDE;1;6.08.1955;0;1
MEHMETKENAN;1;14.02.1984;1;0
EGESOY;1;22.08.1989;0;1
ELYEM;1;3.01.1991;0;1
SAYHAL;1;17.11.1959;0;1
AYNIHET;1;8.04.1957;0;1
HAZYAN;1;21.02.1984;0;1
H.TAHIR;1;21.04.1959;1;0
MUHTIN;1;1.12.1972;1;0
BATIFE;1;8.02.1934;0;1
LEYLASERPIL;1;1.05.1955;0;1
KURTSAD;1;28.04.1986;1;0
MUNSIFE;1;18.09.1951;0;1
SIRADET;1;9.11.1945;0;1
HALITI;1;19.12.1985;1;0
VECHA;1;27.01.1964;0;1
SURUDAN;1;22.02.1961;0;1
MICAIL;1;28.06.1959;1;0
HURTUGBA;1;17.06.1989;0;1
HURCENK;1;5.06.1983;1;0
RESMILE;1;21.03.1948;0;1
ERISMET;1;1.11.1951;1;0
OZLEVENT;1;12.01.1977;1;0
TURKOGUZ;1;26.04.1985;1;0
GAHURE;1;20.03.1936;0;1
HATURE;1;7.12.1972;0;1
BETULHANIM;1;26.05.1972;0;1
ANSARIYE;1;13.03.1984;0;1
DILSIZ;1;12.08.1929;1;0
UFIKAN;1;3.08.1968;0;1
YUVAHIDE;1;29.09.1936;0;1
ISHAF;1;8.06.1964;0;1
MUSUKAN;1;2.10.1963;0;1
CENNIY;1;4.05.1981;0;1
NURTANSU;1;29.08.1986;0;1
ZULKEFER;1;29.12.1954;1;0
ZUKEYNA;1;19.06.1948;0;1
MERHEC;1;20.02.1965;0;1
HAMDISANA;1;23.10.1961;1;0
ASLIHANBAHAR;1;10.06.1986;0;1
ELINAY;1;1.12.1977;0;1
ELPIRI;1;12.06.1965;0;1
EDNUBAN;1;12.03.1965;0;1
HUDAIKUL;1;12.08.1983;1;0
BEDESHAN;1;2.09.1938;0;1
FATUMETUZEHRA;1;2.07.1975;0;1
BUKADAR;1;7.06.1973;0;1
AYSEGULPERI;1;27.09.1943;0;1
YEKAN;1;16.05.1974;0;1
NEVZIHA;1;27.11.1940;0;1
MEDINEHAFIZE;1;20.01.1976;0;1
SUUM;1;7.05.1976;0;1
MAHIPERUZE;1;18.06.1948;0;1
AZIZENIHAL;1;26.03.1974;0;1
FATIMESEMA;1;20.03.1946;0;1
HANZAN;1;27.10.1980;0;1
ERSINA;1;18.05.1976;0;1
MUHAMEDDIN;1;14.01.1968;1;0
NUPER;1;8.05.1969;0;1
EYUPOSMAN;1;24.03.1974;1;0
TANSENAR;1;20.08.1967;0;1
SERTTAC;1;24.02.1984;1;0
VAHAPGOL;1;27.08.1926;1;0
MIYENNES;1;26.03.1982;0;1
SEHPEREN;1;11.06.1949;0;1
OSMANNNURI;1;8.11.1945;1;0
HASSIK;1;1.07.1956;1;0
HAFERI;1;2.03.1957;0;1
EZIET;1;7.08.1964;0;1
DILOF;1;2.02.1951;0;1
MUHSUT;1;7.02.1964;1;0
H.KAYA;1;5.07.1969;1;0
AZEY;1;1.01.2001;0;1
PERIRAT;1;16.11.1940;0;1
HAMPULU;1;11.03.1950;0;1
POLATAKBULAK;1;3.06.1939;1;0
YUSRANUR;1;13.08.1990;0;1
FIPER;1;9.02.1964;0;1
RUSYEN;1;27.09.1972;0;1
FIRDEVSIALA;1;2.02.1957;0;1
KIFAYA;1;16.10.1944;0;1
IRAZIYEN;1;30.03.1956;0;1
GURUCU;1;23.04.1936;0;1
TULGUZ;1;5.05.1981;0;1
MEZDIYE;1;28.05.1966;0;1
LEFKOSE;1;7.06.1976;1;0
SUBAYA;1;7.05.1946;0;1
YUVER;1;26.02.1973;1;0
GULENSEN;1;18.08.1939;0;1
NURHANTAHIR;1;6.08.1970;1;0
RECIBAN;1;6.04.1957;0;1
MEYALE;1;11.05.1927;0;1
KATAYUN;1;16.12.1939;0;1
RAMAZANBASRI;1;4.09.1973;1;0
GULRIZE;1;21.11.1960;0;1
SADIYEBANU;1;8.05.1980;0;1
BERRAKCAN;1;14.10.1987;0;1
BIBECAN;1;14.03.1971;0;1
MIHASA;1;8.07.1964;0;1
BAYSEBAH;1;17.02.1965;0;1
SAHLIHA;1;27.09.1974;0;1
MISLANA;1;30.01.1967;1;0
MEYETTIN;1;19.04.1957;1;0
PANIS;1;24.04.1929;0;1
TONIS;1;21.02.1966;0;1
EKABIRI;1;4.04.1951;0;1
ASILHANIM;1;17.09.1970;0;1
ZEYLIHA;1;22.02.1967;0;1
ILKSAL;1;1.12.1955;1;0
OMULLU;1;8.04.1922;0;1
SOGNUR;1;28.11.1961;0;1
KUTUB;1;28.07.1979;1;0
AYRIKA;1;22.02.1949;0;1
NEFTINE;1;19.04.1970;0;1
MUHAMMEDIKBAL;1;22.10.1983;1;0
ASTENE;1;1.09.1954;0;1
NONUS;1;12.02.1971;0;1
ZILBENT;1;11.04.1946;0;1
ABDULDURSUN;1;18.05.1972;1;0
K.HUSEYIN;1;22.08.1949;1;0
ABDULGOKHAN;1;6.04.1969;1;0
DUSENSE;1;6.11.1962;0;1
EZGISAN;1;30.11.1987;0;1
SUNASET;1;3.04.1963;0;1
MAHREDDIN;1;11.02.1957;1;0
HUMULBENI;1;3.09.1956;0;1
BELFIM;1;6.02.1971;0;1
BERILAY;1;23.07.1987;0;1
SERKISCAN;1;17.04.1982;1;0
ZILIT;1;12.04.1947;0;1
ERSOYER;1;27.04.1974;1;0
GULERNAZ;1;28.03.1957;0;1
BENGUNAY;1;25.02.1981;0;1
MUSABIHA;1;28.03.1962;0;1
SEDEP;1;17.08.1966;0;1
KEVIRE;1;20.02.1963;0;1
DIZAN;1;2.02.1933;0;1
MUBESSEL;1;6.08.1955;0;1
BAYRAMVAHAP;1;21.11.1976;1;0
ILINUM;1;17.09.1929;0;1
INCIYAZ;1;17.02.1954;0;1
TILMAN;1;10.11.1980;0;1
TATAVUN;1;4.05.1950;0;1
MIKALIL;1;22.10.1985;1;0
MUHAZARIYE;1;12.12.1964;0;1
HAZENGUL;1;23.08.1983;0;1
KELSATO;1;25.04.1918;1;0
MESGULI;1;22.11.1975;1;0
FULYET;1;22.07.1973;0;1
SABIHAMERYEM;1;8.12.1952;0;1
ABISEYIF;1;1.12.1970;1;0
NURLAT;1;17.02.1954;0;1
ABDULMUFIT;1;28.07.1955;1;0
MEHMETFURKAN;1;26.04.1991;1;0
TEYSEL;1;22.10.1979;0;1
MUCMIN;1;7.06.1982;1;0
NUTVUYA;1;14.03.1953;0;1
BERDIBEK;1;16.09.1953;1;0
SAPURA;1;7.08.1958;0;1
MAHMUTANSAR;1;25.03.1977;1;0
NEJLIM;1;29.09.1972;0;1
PENAHIR;1;23.10.1945;0;1
MAHAYAZ;1;17.04.1954;0;1
SAIYIT;1;27.05.1974;1;0
KEREMZEYDAN;1;7.03.1973;1;0
METVIL;1;14.09.1965;1;0
AYTEZIN;1;27.04.1944;0;1
GANTURE;1;12.04.1965;0;1
GULAMMUHAMMED;1;12.08.1947;1;0
ICI;1;2.02.1957;0;1
SAHBANAT;1;21.06.1964;0;1
MELFERAT;1;7.02.1982;0;1
FETHIDDIN;1;21.01.1940;1;0
ISIKREMZIYE;1;7.04.1960;0;1
BILVARE;1;18.02.1960;0;1
VEDEHAT;1;22.08.1937;0;1
FILOS;1;2.02.1963;0;1
ZAVITE;1;11.02.1952;0;1
ZERAV;1;27.07.1980;0;1
MUKADDESMUGE;1;25.02.1986;0;1
ALASGAR;1;12.11.1988;1;0
MEHMETMASUM;1;10.08.1976;1;0
TAMRIZ;1;16.06.1955;0;1
MIDIRAF;1;6.10.1960;1;0
YASSEMIL;1;26.04.1961;0;1
LEBAN;1;2.02.1988;0;1
IMAMSAHIN;1;30.06.1953;1;0
HATINEY;1;6.11.1955;0;1
SIREDDIN;1;16.09.1947;1;0
BULENTEKBER;1;25.02.1975;1;0
ERDALGUNGOR;1;11.09.1971;1;0
IZIK;1;22.11.1949;0;1
OPSAN;1;26.03.1966;0;1
MEHMETTURHAN;1;16.11.1970;1;0
MEHMETNAZIF;1;1.09.1928;1;0
SERVETGUL;1;11.05.1981;0;1
I.SENOL;1;29.05.1973;1;0
HASVI;1;2.06.1945;1;0
HATAYA;1;3.02.1966;0;1
YASEMINDILAN;1;17.02.1992;0;1
VENER;1;21.11.1965;1;0
ENDAMGUL;1;16.02.1969;0;1
REVHANIYE;1;7.03.1940;0;1
GUTLU;1;2.02.1963;0;1
CEMAT;1;28.10.1983;1;0
ELBAHA;1;26.04.1948;0;1
BURHAR;1;14.06.1971;1;0
MESINA;1;3.03.1975;0;1
RAHIBIYE;1;3.06.1973;0;1
ZINETTE;1;29.11.1961;0;1
NAZBILE;1;2.02.1981;0;1
DANEN;1;12.08.1959;1;0
NAZELLIN;1;8.11.1988;0;1
HAKDIN;1;26.01.1975;1;0
ERVAY;1;6.01.1987;0;1
MANUSIYE;1;17.01.1972;0;1
ABDULFAHRI;1;2.02.1989;1;0
SULBIN;1;27.06.1974;0;1
GINDO;1;21.01.1981;1;0
RIFAYE;1;20.08.1935;0;1
ABDULTALIB;1;1.06.1965;1;0
NUHAK;1;7.04.1958;1;0
SAKLIN;1;27.07.1980;0;1
TETEVUN;1;22.05.1973;0;1
KADEY;1;17.04.1948;0;1
SEFKAY;1;6.07.1991;0;1
UZGULE;1;22.01.1985;0;1
TILYA;1;20.06.1974;0;1
GEVNI;1;5.10.1950;0;1
GUVI;1;27.07.1944;0;1
GAFURRE;1;18.02.1961;0;1
TURGANBAY;1;12.08.1959;1;0
IBRAHIMRUHI;1;21.01.1972;1;0
CINIS;1;13.01.1981;1;0
ESMAYULHUSNA;1;29.10.1984;0;1
GOLYA;1;11.02.1939;0;1
NUSIGE;1;6.07.1945;0;1
MICIR;1;12.03.1971;1;0
BOZZO;1;13.03.1977;1;0
REBIK;1;6.07.1978;0;1
EDIRBAN;1;1.03.1950;0;1
GURUZE;1;7.03.1976;0;1
SENEHET;1;14.08.1978;0;1
AYSEREYHAN;1;22.08.1919;0;1
CUMEYDI;1;17.02.1966;1;0
HIKMETVACIT;1;9.01.1976;1;0
FEKRESAN;1;6.08.1963;0;1
MUTEBAT;1;17.03.1977;1;0
GOCERYE;1;25.03.1953;0;1
NESEY;1;3.07.1933;0;1
CEDDENUR;1;27.08.1944;0;1
SELAHHADDIN;1;6.07.1987;1;0
CAGHATAYI;1;2.11.1979;1;0
ELIFSIBEL;1;27.03.1980;0;1
SURMELIGUL;1;10.01.1981;0;1
SUNHE;1;22.02.1961;0;1
MICIHER;1;22.01.1973;0;1
OLGE;1;5.07.1961;0;1
MAMILO;1;17.08.1924;1;0
BEDEY;1;2.08.1927;0;1
NUBRICAN;1;24.02.1966;0;1
AGAHI;1;29.08.1926;1;0
SABAHHADIN;1;12.12.1956;1;0
SIDIYA;1;6.11.1974;0;1
NEDAMI;1;21.11.1959;1;0
MAYPIRUZ;1;22.06.1948;0;1
KOCUN;1;12.08.1947;1;0
BIBICAKIR;1;2.08.1963;0;1
DOSTBAY;1;27.08.1938;1;0
HISU;1;2.02.1957;0;1
HALUKTEOMAN;1;3.10.1951;1;0
CANESTEHAN;1;7.08.1976;0;1
BUSIDE;1;16.07.1977;0;1
MISTU;1;27.08.1932;1;0
SENCILAY;1;16.10.1947;0;1
YETEYIN;1;13.03.1949;0;1
TANCULAT;1;6.04.1966;1;0
MAFIREZ;1;23.04.1949;0;1
KIVARET;1;2.05.1963;0;1
CAVU;1;7.08.1928;1;0
FINYA;1;17.02.1966;0;1
BOZOR;1;24.02.1943;0;1
ISAFA;1;17.02.1966;0;1
BITANE;1;11.07.1986;0;1
UZUR;1;1.06.1935;1;0
ZETUM;1;29.2.1975;0;1
HURRIHAN;1;9.04.1958;0;1
SAHINMERDAN;1;26.08.1942;1;0
HAFI.;1;22.08.1936;0;1
KURU;1;15.04.1960;1;0
NEDIGAR;1;16.05.1976;0;1
GURZET;1;16.01.1956;0;1
HIRPO;1;21.06.1936;1;0
SURIYHAN;1;12.02.1959;0;1
HASANBAY;1;12.08.1953;1;0
MAHAK;1;7.08.1934;1;0
MUFUNDE;1;16.04.1957;0;1
INCEBAY;1;2.08.1933;1;0
NEFISIYE;1;11.06.1963;0;1
RAZZAN;1;26.10.1982;1;0
FICE;1;1.02.1943;0;1
FURIZ;1;26.11.1976;1;0
MURSELCAN;1;3.07.1991;1;0
HUZUNAZ;1;2.02.1957;0;1
VAYLOG;1;4.10.1969;1;0
GULMEDI;1;21.07.1964;0;1
VARTEY;1;26.10.1930;0;1
ALESKAR;1;9.04.1958;1;0
NAYIBI;1;1.02.1962;1;0
HOSSEY;1;10.09.1952;0;1
DAYYIP;1;19.04.1954;1;0
GIROV;1;7.08.1952;1;0
GEYIZ;1;27.08.1973;0;1
KILLEY;1;4.05.1929;0;1
TIFAYET;1;6.06.1963;0;1
SUMURAN;1;14.08.1956;0;1
GUHEREY;1;12.02.1953;0;1
GUHAREY;1;6.08.1957;0;1
MIKAHILE;1;11.12.1973;0;1
HUCABI;1;22.02.1973;1;0
SEFAREDDIN;1;6.05.1941;1;0
MUHAMMETKORAY;1;22.10.1991;1;0
YUCESSEL;1;11.03.1950;0;1
DULGULE;1;11.12.1970;0;1
HISER;1;27.05.1956;0;1
ZAYETDIN;1;7.02.1976;1;0
NAPOLYON;1;22.08.1931;1;0
MIDESIM;1;12.04.1956;1;0
NURSALLIYE;1;17.09.1967;0;1
AYLAS;1;7.04.1952;1;0
FIREY;1;22.08.1931;0;1
FURIZEN;1;20.05.1976;0;1
MUSEYYIBE;1;13.12.1947;0;1
VICTAN;1;17.03.1960;0;1
ZULIFKER;1;11.06.1931;1;0
CANCIVER;1;2.02.1951;0;1
MERCUHAN;1;2.04.1963;0;1
MIBARE;1;17.08.1936;0;1
MAVCAN;1;22.02.1961;0;1
BETGUL;1;27.02.1950;0;1
SALIHMUHSIN;1;26.02.1984;1;0
NERON;1;21.01.1969;1;0
SILATTIN;1;20.04.1943;1;0
M.YUCEL;1;27.08.1963;1;0
UKRET;1;16.11.1953;1;0
SERVEZ;1;7.05.1934;0;1
ZUBIYA;1;11.08.1964;0;1
SAMAV;1;12.06.1938;1;0
BETTAS;1;30.04.1955;1;0
MAZISE;1;1.03.1961;0;1
ZEYCAY;1;24.10.1942;0;1
TURKDAG;1;13.02.1942;1;0
TUGRANCAN;1;18.10.1981;1;0
GOKBONCUK;1;26.04.1966;0;1
ULFIS;1;17.04.1936;0;1
AYCIMEN;1;12.05.1983;0;1
TAYYBE;1;30.04.1965;0;1
AYYILKIN;1;6.12.1942;0;1
NURGUYAN;1;19.05.1955;0;1
BELKIZCANU;1;15.12.1991;0;1
NIHMAN;1;26.06.1970;1;0
TOLUNHAN;1;2.08.1987;1;0
SENAIRECAI;1;27.08.1938;1;0
BEYAH;1;12.03.1983;0;1
LEFZAIL;1;23.05.1985;1;0
GULIRAZ;1;21.02.1963;0;1
FADIMADIN;1;6.02.1954;0;1
BUZZEN;1;12.09.1965;0;1
IFTALE;1;6.08.1972;0;1
CEVKAN;1;21.03.1938;1;0
SEVKETIN;1;25.05.1964;1;0
DERECE;1;27.08.1938;0;1
MUBEDET;1;2.02.1939;0;1
VEYSIDE;1;1.10.1936;0;1
UDBIYE;1;13.06.1943;0;1
DEMIRAYDIN;1;6.11.1950;1;0
FERAHETTIN;1;19.06.1976;1;0
ALIMIN;1;14.02.1965;1;0
SAIRIYE;1;4.04.1962;0;1
ABITLER;1;27.11.1962;1;0
BECED;1;11.02.1963;1;0
NOKLU;1;21.11.1951;1;0
BURNAMI;1;2.02.1933;1;0
PORIYE;1;4.03.1938;0;1
PEVRISE;1;16.06.1945;0;1
GULDIR;1;25.09.1941;0;1
ULTERI;1;12.07.1965;0;1
LEYMANE;1;1.03.1943;0;1
SAHIRET;1;13.06.1946;0;1
INTIBAR;1;3.10.1988;0;1
CUMAK;1;7.07.1969;1;0
GULSELIL;1;21.01.1957;0;1
SANIMNUR;1;26.02.1949;0;1
ZICEL;1;26.10.1936;0;1
GUDURED;1;26.02.1960;1;0
ZUMENYE;1;5.05.1975;0;1
CELAN;1;17.01.1941;1;0
NESRUDE;1;2.11.1957;0;1
HALIPLAM;1;16.05.1938;1;0
LEYIM;1;16.09.1984;0;1
SURIL;1;21.06.1971;1;0
AYBALASUNDUS;1;10.12.1991;0;1
TALMAN;1;8.05.1984;1;0
IREZME;1;5.12.1947;0;1
ZEYTE;1;22.05.1967;0;1
BEYHUZA;1;22.02.1967;0;1
SUFUKE;1;18.04.1941;0;1
DILCAT;1;4.04.1959;0;1
NURKALE;1;12.08.1965;0;1
BUTEN;1;19.10.1964;0;1
GULHALI;1;28.12.1960;1;0
MEHMETEREN;1;2.09.1981;1;0
RUMEYISA;1;16.12.1981;0;1
UMMETIYE;1;27.02.1962;0;1
NUYUBE;1;14.08.1944;0;1
PERIHAH;1;7.01.1980;0;1
MAKSUL;1;22.07.1973;0;1
MUYESSEM;1;16.08.1955;0;1
NOGBE;1;26.12.1973;0;1
HADUFE;1;26.03.1959;0;1
LEYMIYE;1;28.06.1973;0;1
NUYBE;1;21.11.1941;0;1
GULAZGUN;1;22.03.1955;0;1
MEVDIBE;1;27.09.1974;0;1
BIYAMAN;1;4.06.1975;1;0
FILIMAN;1;16.02.1964;0;1
MEMULU;1;12.02.1965;1;0
FATIZE;1;6.11.1974;0;1
BAYHACI;1;28.04.1950;1;0
KEZIBBAN;1;19.04.1990;0;1
ZULGANNI;1;25.04.1955;1;0
MUSTEHIME;1;12.07.1927;0;1
NEJLEHAN;1;3.08.1975;0;1
ZIYAADTIN;1;2.03.1957;1;0
DANSER;1;12.02.1953;0;1
NABIRA;1;15.02.1973;0;1
DILDESTE;1;23.02.1955;0;1
TURKACI;1;18.11.1958;0;1
MELESIR;1;6.01.1944;0;1
BOLKUZAR;1;11.10.1956;0;1
NESTI;1;17.04.1936;0;1
MESUMET;1;6.12.1976;0;1
FERFADIYE;1;11.03.1975;0;1
MELLAV;1;21.04.1947;1;0
SAIBI;1;16.03.1952;1;0
ARZIYAR;1;16.03.1957;0;1
SEBAHATTAR;1;18.05.1936;0;1
GULTULU;1;5.08.1983;0;1
MUNCUHEN;1;29.10.1981;0;1
NEAGU;1;3.06.1973;0;1
NUGIYE;1;6.11.1984;0;1
NESIPKAN;1;26.04.1954;0;1
SUMENYYA;1;7.04.1977;0;1
FENCAN;1;5.05.1957;1;0
SUYELLA;1;1.12.1983;0;1
ASURRAHMAN;1;22.03.1985;1;0
IZMIRLI;1;19.12.1983;1;0
CEMBATUR;1;26.07.1991;1;0
YAHMEN;1;12.07.1946;1;0
TAHYET;1;19.09.1956;0;1
SENFIDE;1;22.06.1967;0;1
GUMAFER;1;30.11.1969;0;1
ABDULGASIM;1;12.02.1971;1;0
ESMADUYGU;1;8.11.1988;0;1
AZNIFER;1;4.05.1962;0;1
MARZIHAN;1;25.03.1945;0;1
RECAYIH;1;12.02.1965;1;0
UGURSEV;1;11.04.1981;0;1
HAYDUN;1;5.10.1990;1;0
UMMUSUGUL;1;3.10.1972;0;1
VATANCAN;1;10.03.1973;1;0
MEYMULE;1;27.02.1955;0;1
DANIYER;1;1.12.1961;1;0
FIDIYAT;1;6.07.1965;1;0
PEHRINAZ;1;27.05.1943;0;1
NUGUBE;1;16.08.1957;0;1
CAPHAN;1;26.05.1985;1;0
TIFTIYE;1;16.09.1983;0;1
LUTFEM;1;16.06.1958;1;0
HILVANIYE;1;12.11.1935;0;1
ZINISAK;1;17.08.1936;0;1
MURSE;1;17.02.1966;1;0
TAYGIBE;1;30.07.1972;0;1
DURSU;1;12.02.1965;0;1
ISSAH;1;1.04.1966;1;0
NUDAMI;1;26.11.1959;1;0
SAVFIDE;1;2.11.1969;0;1
SERHMIL;1;11.09.1964;0;1
NAHALLAN;1;4.01.1957;0;1
BELGUZA;1;14.02.1941;1;0
NIHLIFER;1;8.03.1958;0;1
BIRSEI;1;20.03.1971;0;1
RECAVI;1;24.04.1947;1;0
ATAYTURK;1;20.10.1964;1;0
MUSLADIM;1;10.11.1982;1;0
IRASEN;1;23.08.1978;0;1
SIMRAH;1;7.10.1958;0;1
UNZAL;1;1.11.1960;0;1
EMUME;1;13.04.1984;0;1
MEHBARI;1;23.08.1971;0;1
GUBIHAN;1;9.01.1968;0;1
KARINNA;1;12.09.1966;0;1
LUGUYE;1;6.06.1963;0;1
SAYZEL;1;11.11.1958;0;1
MERDE;1;27.10.1991;0;1
DELAUL;1;4.08.1982;1;0
OSMANZER;1;1.03.1984;1;0
H.KAMILE;1;17.05.1978;0;1
LUBEDA;1;27.07.1968;0;1
MUZELGEL;1;7.05.1940;0;1
ZELPA;1;21.08.1980;0;1
MEHPUB;1;11.01.1987;0;1
POPI;1;5.07.1945;0;1
NISAFIYE;1;14.04.1941;0;1
FERHATIYE;1;11.03.1964;0;1
CEZAN;1;12.06.1953;0;1
ELDURAN;1;24.09.1936;1;0
GAYRIMEN;1;6.06.1977;1;0
SUHENDAL;1;13.09.1950;0;1
SEYNUN;1;4.06.1975;0;1
FIRIDEZ;1;12.05.1941;0;1
H.NASUF;1;6.04.1949;1;0
SAHINOL;1;22.02.1967;1;0
DALUFER;1;12.08.1923;0;1
MURUCET;1;13.03.1975;0;1
DALIFER;1;24.06.1963;0;1
SEHMIHAN;1;23.01.1943;0;1
ERKEC;1;7.08.1940;1;0
FATLIS;1;22.02.1955;0;1
MENUSIYE;1;6.03.1962;0;1
POLISE;1;21.04.1951;0;1
LOHMAN;1;30.10.1973;1;0
PULUSE;1;18.04.1945;0;1
BILYOR;1;13.03.1971;0;1
PENOL;1;28.05.1971;0;1
KEFAL;1;26.04.1978;1;0
DUNYAMILI;1;27.02.1944;1;0
MENUN;1;26.05.1953;0;1
TURKUDIYE;1;18.11.1952;0;1
MAKSUS;1;21.03.1965;0;1
MEVAYIL;1;17.03.1966;0;1
SEVRIL;1;14.05.1975;0;1
GULMERIYE;1;21.12.1971;0;1
NECMIRE;1;9.03.1950;0;1
BESELI;1;12.08.1923;0;1
KATET;1;10.03.1952;0;1
NUGREDIN;1;9.06.1960;1;0
GUKNUR;1;1.11.1991;0;1
BAKKULE;1;10.11.1957;0;1
MELHIYA;1;16.10.1975;0;1
ATESOGLU;1;1.06.1976;1;0
NUUBE;1;19.12.1953;0;1
IYCAN;1;22.06.1967;0;1
RASEMIN;1;6.10.1971;0;1
FARZILET;1;29.03.1975;0;1
MERCIYAN;1;2.02.1975;0;1
LEZENDER;1;1.01.1955;0;1
GUNKOZ;1;19.12.1944;0;1
APDUSSELAM;1;1.10.1966;1;0
REFUK;1;13.03.1965;1;0
MUSAKERE;1;20.05.1984;0;1
BILGAYIP;1;13.04.1959;1;0
NASA;1;23.11.1953;0;1
PEFLIL;1;16.05.1975;1;0
MEJMURIYE;1;27.01.1980;0;1
SUBAYET;1;7.02.1976;0;1
ERESU;1;20.05.1977;1;0
SAMBAL;1;23.09.1952;1;0
PAZIYIT;1;16.11.1951;1;0
HUVEYIZ;1;13.08.1965;1;0
BEZAYIL;1;15.08.1953;1;0
ISAIL;1;19.01.1966;1;0
MUHSAR;1;17.08.1936;0;1
ULBEYAZ;1;21.07.1968;0;1
NAZIFEANA;1;16.06.1933;0;1
HANIFANA;1;27.05.1956;0;1
NUGZIYE;1;29.12.1974;0;1
ANDEM;1;4.07.1963;0;1
BEYASSIN;1;16.12.1970;1;0
NEBIHAS;1;16.03.1957;1;0
RUZBUYE;1;26.09.1958;0;1
ESPARIYE;1;1.10.1966;0;1
MACUP;1;27.04.1976;1;0
INCIYAR;1;22.02.1981;0;1
MUKATTISE;1;12.09.1934;0;1
REHIBAN;1;26.04.1976;0;1
NARICIN;1;5.09.1941;0;1
ELGUR;1;1.07.1947;1;0
SAHINKIR;1;20.07.1961;1;0
IMUHANI;1;27.03.1968;0;1
CULAMI;1;7.03.1964;1;0
BUZEYNE;1;11.06.1971;0;1
SEMRIGUL;1;29.03.1950;0;1
SUMRULIYE;1;26.02.1971;0;1
MUCES;1;16.04.1937;0;1
MULGUNAZ;1;28.12.1958;0;1
TARMIS;1;21.06.1957;0;1
TEYFIDIYE;1;19.01.1964;0;1
SALYE;1;3.04.1963;0;1
ZINDA;1;12.08.1923;0;1
BUVE;1;30.03.1956;0;1
MURAHAT;1;12.03.1953;0;1
DENUDE;1;4.08.1963;0;1
ASURET;1;14.03.1973;0;1
DURDUNAR;1;30.04.1973;0;1
ALTINSEF;1;17.06.1965;0;1
MUREBBER;1;27.02.1938;0;1
NURSAHANE;1;1.05.1982;1;0
SUMEYLE;1;17.06.1965;0;1
MUUHSIN;1;23.06.1973;1;0
ULGERIYE;1;3.05.1971;0;1
DOGUTAN;1;22.06.1973;1;0
OZDEMET;1;1.05.1991;0;1
YETISAY;1;24.06.1987;1;0
MILKIRAZ;1;9.03.1982;0;1
ARAFIL;1;24.09.1950;0;1
NESLIGUN;1;21.09.1983;0;1
SITAMKER;1;27.02.1966;1;0
FADINANA;1;13.06.1986;0;1
KADERBEY;1;17.06.1983;1;0
SEHVERI;1;27.05.1938;1;0
ALANKAYA;1;28.10.1943;0;1
MUESSAR;1;10.06.1957;0;1
MEKIL;1;16.04.1941;1;0
BEKIRUL;1;28.02.1986;1;0
TEVGUT;1;23.10.1953;1;0
MUSSE;1;12.02.1959;0;1
ABULTURAP;1;2.10.1957;1;0
MEYTIMER;1;9.03.1948;0;1
ABDULSETTARI;1;6.03.1968;1;0
DURANMEHMET;1;13.03.1960;1;0
ROSELINDE;1;18.04.1960;0;1
HUPRUZE;1;23.12.1956;0;1
KUZUMA;1;16.04.1970;1;0
REFIYDE;1;6.08.1972;0;1
FERAMUR;1;26.09.1967;1;0
ABDULKESEF;1;25.04.1930;1;0
MUHAMUT;1;20.08.1970;1;0
DARIGA;1;21.05.1961;0;1
ATEYHAN;1;2.08.1921;1;0
IMAMKATIP;1;27.11.1967;1;0
AYITCEMAL;1;22.08.1931;0;1
IRISTI;1;27.08.1926;0;1
ZEYDRAHMAN;1;8.03.1962;1;0
NURIVVER;1;14.05.1952;0;1
ALIIBRAHIM;1;22.11.1955;1;0
NEFIZET;1;12.02.1947;1;0
CENUN;1;4.10.1960;0;1
MERDAGUL;1;23.03.1972;0;1
METILAY;1;9.12.1980;0;1
ESMIYAN;1;26.09.1934;0;1
KESMET;1;2.05.1975;0;1
SUAYYEN;1;27.01.1968;1;0
SENSIBAN;1;15.05.1962;0;1
ICRAYI;1;22.03.1961;1;0
SERUFE;1;1.02.1961;0;1
GULBEYZ;1;27.02.1956;0;1
HATUHAS;1;1.06.1955;0;1
GULUMSERE;1;27.02.1968;0;1
ZALFI;1;2.02.1957;0;1
AHIDIYE;1;22.02.1961;0;1
FEKKINE;1;1.10.1956;0;1
BIDANIYE;1;14.12.1964;0;1
CEMALATDIN;1;14.07.1950;1;0
FAFINAZ;1;2.02.1957;0;1
SEFRIKA;1;21.09.1957;0;1
AKGULE;1;7.06.1937;0;1
MAFUZER;1;27.02.1950;0;1
SUBAHI;1;2.03.1956;1;0
DESTURIYE;1;19.05.1924;0;1
ZAKAYI;1;19.07.1986;1;0
SEAZI;1;16.08.1979;1;0
NAVSE;1;24.11.1985;0;1
SEMRAYI;1;2.09.1964;0;1
SEMINOR;1;2.02.1951;0;1
BAHTUR;1;26.09.1983;1;0
ZERNIGUL;1;22.07.1937;0;1
MAHMUTIYE;1;2.03.1957;0;1
GULHAM;1;12.03.1950;0;1
NADIRN;1;17.03.1960;0;1
ZULHAK;1;11.06.1983;1;0
ZUCACE;1;17.02.1966;0;1
CINADI;1;15.05.1973;0;1
NISIME;1;12.02.1971;0;1
RUSUDIYE;1;7.07.1970;0;1
NERIYA;1;3.10.1988;0;1
SIDDIKAR;1;1.06.1973;0;1
SAHISA;1;26.08.1972;0;1
HAVAIS;1;27.02.1974;0;1
SELAYE;1;2.02.1969;1;0
GENCBEY;1;22.02.1967;1;0
ILVENUR;1;22.02.1991;0;1
CEZMITTIN;1;28.04.1950;1;0
ZARNICHAN;1;16.02.1962;0;1
LANIFER;1;24.03.1955;0;1
ELTUT;1;9.04.1975;1;0
DUKUL;1;6.12.1980;0;1
SUKER;1;8.02.1935;0;1
HALINA;1;2.07.1940;0;1
NIHANSU;1;13.09.1991;0;1
MATHIEU;1;3.01.1987;1;0
SERDUMEN;1;22.02.1958;0;1
IMRAHANE;1;27.02.1968;0;1
FAHAM;1;15.05.1974;1;0
MAKUZE;1;9.02.1965;0;1
IFAYA;1;23.07.1971;0;1
ZEDAF;1;5.05.1970;0;1
CEMALIT;1;22.02.1967;1;0
ABDULSERVER;1;11.03.1991;1;0
IDALE;1;30.05.1960;0;1
ALAETTTIN;1;2.06.1950;1;0
GUREDAG;1;17.12.1972;0;1
GUREDA;1;11.06.1940;0;1
EMIRZER;1;22.10.1990;0;1
FILIKER;1;18.09.1966;0;1
EMIRHADI;1;17.04.1966;1;0
OLCAYCAN;1;17.05.1990;1;0
GIOULBENIZ;1;28.06.1955;0;1
SAKIRBEY;1;22.09.1961;1;0
YUNUSNUR;1;7.07.1977;1;0
ZADAN;1;30.10.1980;1;0
ERHAKI;1;2.11.1987;1;0
SUMERHA;1;29.12.1985;0;1
CEZMUREN;1;7.04.1958;0;1
CESITAN;1;16.02.1985;1;0
ANIA;1;27.11.1970;0;1
MELIKER;1;16.12.1970;0;1
BIRZER;1;21.10.1982;0;1
SEZGUZEL;1;19.10.1979;0;1
BEDIHEN;1;6.01.1974;0;1
SEMAHITTIN;1;21.06.1977;1;0
FARIHTIN;1;26.04.1952;1;0
ZULFISYE;1;1.06.1961;0;1
SWEN;1;1.08.1968;0;1
GULKAM;1;16.07.1969;0;1
SEHNIZER;1;2.02.1951;0;1
SEVUYE;1;16.10.1973;0;1
ATTRACTA;1;19.04.1951;0;1
ZULFIGA;1;22.02.1967;0;1
SAMES;1;23.10.1985;1;0
ULFEM;1;15.10.1956;0;1
UMMIN;1;6.07.1942;0;1
PELIHA;1;23.10.1942;0;1
YUVABILSEN;1;8.10.1944;0;1
CEVHIYE;1;21.11.1957;0;1
FIDADEN;1;20.03.1977;0;1
HASLISAN;1;4.11.1939;0;1
ZUBIYHA;1;6.10.1962;0;1
KARDIYAN;1;27.02.1962;1;0
MIHNIYER;1;1.04.1943;0;1
ZELCIYAN;1;22.04.1949;0;1
FIKRULAH;1;11.07.1975;1;0
GJULIZAR;1;23.03.1975;0;1
MAUTAP;1;26.01.1986;0;1
FEGAH;1;16.01.1983;0;1
DADYAN;1;3.07.1976;1;0
KARASI;1;26.09.1961;1;0
MELEHITTIN;1;24.05.1963;0;1
GOLUMAN;1;12.07.1941;0;1
NEUMAN;1;27.01.1956;0;1
DANU;1;9.12.1984;0;1
SERURE;1;23.05.1961;0;1
YURDAKIN;1;2.10.1981;1;0
HUVMA;1;27.06.1950;0;1
ISMETARIF;1;27.02.1950;1;0
OVAR;1;22.12.1989;1;0
SAHSUFER;1;29.05.1959;1;0
NURTAZIYE;1;21.04.1965;0;1
SUNNEFER;1;18.06.1946;0;1
SEMILGAZI;1;11.01.1951;1;0
GONDONER;1;2.02.1951;0;1
SEVDAYE;1;4.08.1981;0;1
NESEDE;1;27.02.1974;0;1
SULUYHA;1;6.02.1972;0;1
NEKDAL;1;22.02.1961;0;1
ULUVERDI;1;19.08.1981;1;0
GULTAHI;1;7.08.1934;0;1
FIRAHIYE;1;12.04.1941;0;1
NURIYAMAN;1;18.02.1950;1;0
SAFINAN;1;20.04.1942;0;1
GULSEFIYE;1;8.12.1974;0;1
SETGUN;1;12.05.1966;1;0
CABIRIYE;1;23.12.1949;0;1
SANLIM;1;1.09.1953;0;1
KANAYIN;1;14.03.1964;1;0
FIRKADIN;1;30.10.1968;0;1
SANDUM;1;1.07.1952;0;1
HACCUK;1;25.04.1963;0;1
ZENIVE;1;26.10.1965;0;1
SAVEDTIN;1;2.11.1975;1;0
TULFIYE;1;21.07.1959;0;1
HATCUK;1;23.04.1937;0;1
FERITAGA;1;11.12.1975;1;0
SAYYALE;1;29.06.1944;0;1
SEVDAD;1;7.02.1988;1;0
TALIZAR;1;17.08.1930;0;1
KADERIN;1;9.04.1982;1;0
SEBANE;1;6.05.1966;0;1
GUCCEK;1;13.02.1937;0;1
CEMALIKE;1;29.07.1940;0;1
UMUHA;1;7.03.1952;0;1
SERMIDAL;1;24.03.1981;0;1
RUGIDE;1;26.04.1971;0;1
CEFAYEL;1;6.03.1961;0;1
TUFALE;1;6.01.1951;0;1
KESFINAZ;1;23.12.1952;0;1
AZNURE;1;12.10.1953;0;1
GURSERE;1;23.05.1942;0;1
DURHIYE;1;7.08.1934;0;1
NUNKARE;1;6.06.1951;0;1
SAHNAL;1;26.08.1978;1;0
UCOL;1;6.08.1991;1;0
MURFIN;1;11.12.1973;0;1
MURCAM;1;1.08.1966;0;1
MUSEFFIYE;1;16.05.1959;0;1
CACER;1;9.12.1934;0;1
SUBEYA;1;22.06.1967;0;1
SEBAIT;1;17.05.1954;1;0
ZULFUNACI;1;21.06.1990;1;0
BURSUYE;1;6.03.1973;0;1
GULSIDAN;1;21.08.1988;0;1
SALIHAY;1;18.01.1990;1;0
CEHURE;1;15.05.1970;0;1
GURSANI;1;17.02.1948;0;1
GURSANE;1;2.11.1978;0;1
MEHSUTE;1;21.02.1957;0;1
BATDIN;1;26.03.1961;1;0
OZCANE;1;9.02.1952;0;1
MUDAHKER;1;12.11.1959;1;0
SEHMIYAR;1;2.02.1951;0;1
HASNET;1;7.02.1952;0;1
LESLIHAN;1;8.06.1983;0;1
FEDAYITTIN;1;14.04.1977;1;0
PASGUL;1;14.12.1938;0;1
ZEYNITIYE;1;12.02.1971;0;1
UYASETTIN;1;9.06.1984;1;0
GULACTIN;1;22.02.1967;0;1
AHUZE;1;7.05.1942;0;1
MAYGUN;1;19.05.1952;0;1
KUZAN;1;2.04.1945;0;1
GULTAZZE;1;22.02.1967;0;1
ZIKRULAH;1;26.03.1982;1;0
GULAIYE;1;7.06.1964;0;1
NEJDASIYE;1;7.02.1975;0;1
ERSANIYE;1;1.11.1966;0;1
KIFAYI;1;2.06.1963;0;1
BARISAN;1;2.04.1981;1;0
KERIMSADIK;1;21.07.1983;1;0
NISAMIYE;1;11.02.1957;0;1
SAHSOVER;1;10.05.1964;1;0
TALITE;1;22.04.1943;0;1
RUFIGE;1;21.04.1959;0;1
NEBAIDDIN;1;23.06.1967;1;0
MUGANNIYE;1;27.02.1968;0;1
DEMIHA;1;22.08.1931;0;1
TEYAZEL;1;21.06.1977;0;1
HULADIYE;1;2.08.1969;0;1
SEKEROSMAN;1;2.08.1933;1;0
MEMECAN;1;27.02.1974;1;0
LEFURA;1;27.02.1956;0;1
SADILMIS;1;27.02.1932;1;0
MUCVEN;1;21.10.1966;0;1
GURUVELI;1;17.01.1986;1;0
HAFIZALI;1;7.02.1952;1;0
NARKILE;1;7.02.1946;0;1
GULFINDIK;1;16.03.1933;0;1
MISVIKA;1;21.03.1941;0;1
YENCAY;1;11.07.1991;1;0
ERCANER;1;11.12.1980;1;0
ESGONUL;1;2.06.1968;0;1
MUCDEM;1;22.09.1937;0;1
DUFDER;1;1.06.1955;0;1
ZEYFIDDIN;1;14.04.1954;1;0
SONTEK;1;27.06.1978;1;0
UNVERSIN;1;19.04.1986;1;0
NARENDE;1;14.04.1907;0;1
BENYAME;1;24.04.1957;1;0
OVAI;1;17.11.1960;1;0
IGAFET;1;10.05.1974;0;1
SABADUN;1;21.04.1954;1;0
SUZEYYAN;1;29.07.1944;0;1
NEMAHAT;1;6.07.1939;0;1
HASBEN;1;12.01.1977;1;0
AZIZAGA;1;24.08.1934;1;0
ZULKADI;1;3.04.1931;0;1
SONERGUN;1;22.12.1982;1;0
ZEYFITDIN;1;7.04.1932;1;0
GULHASER;1;27.05.1950;0;1
ZENCAFIL;1;9.06.1970;0;1
DONARIK;1;12.09.1950;0;1
FAHRIMEN;1;23.05.1954;0;1
GIZBES;1;2.04.1972;0;1
NESLANI;1;16.04.1969;0;1
SEHSUN;1;19.11.1957;0;1
GUNEYEL;1;11.06.1938;0;1
BURGAN;1;13.02.1975;1;0
BIRKANT;1;17.07.1976;1;0
ZUFERYA;1;12.06.1970;0;1
MEHAZIM;1;4.04.1964;1;0
LINARA;1;8.02.1975;0;1
GILABUDAN;1;6.04.1956;0;1
NAZLISA;1;2.07.1981;0;1
BORAC;1;15.01.1982;1;0
NIGAHBANK;1;16.07.1955;0;1
AKIFDENIZ;1;11.06.1961;1;0
BAKIYENUR;1;12.11.1990;0;1
HUSRAM;1;13.10.1934;0;1
Y.MEHMET;1;12.06.1959;1;0
YASARTAN;1;12.02.1989;1;0
IFKI;1;1.03.1961;1;0
GOPER;1;6.08.1937;0;1
YAKSER;1;11.04.1979;1;0
FAYIGE;1;15.12.1951;0;1
MIRGULAY;1;27.11.1963;0;1
TEVHIBE;1;13.06.1953;0;1
ZULGADI;1;1.10.1973;0;1
BEVZAT;1;11.05.1948;1;0
GUNEYHA;1;27.08.1956;0;1
GICINI;1;22.02.1955;0;1
TEMRAY;1;12.01.1959;0;1
LIPING;1;26.01.1978;0;1
ZERDANUR;1;11.02.1962;0;1
KEMAITTIN;1;24.06.1938;1;0
MINEYLA;1;3.03.1969;0;1
SERHANDE;1;10.05.1976;0;1
ZABAHNUR;1;11.01.1968;0;1
FERAHSET;1;8.03.1966;1;0
EMNULLAH;1;5.04.1979;1;0
KARAAGA;1;7.04.1939;1;0
IPAGIYE;1;24.05.1976;0;1
SAFEHET;1;9.02.1969;0;1
SUKUNIYE;1;1.05.1954;0;1
SAHSENIYE;1;22.01.1967;0;1
ALTUGCAN;1;29.03.1990;1;0
KARLUKHAN;1;5.10.1978;1;0
SUKU;1;29.2.1966;1;0
CHORENA;1;19.05.1962;0;1
ZEKAITTIN;1;11.10.1956;1;0
METAR;1;23.12.1981;0;1
TORGOT;1;18.06.1937;1;0
SOGNUL;1;12.02.1958;0;1
ARFIFE;1;12.02.1965;0;1
GULCIYEN;1;16.05.1970;0;1
ISISANA;1;1.04.1972;0;1
NEHRIBAR;1;11.12.1969;0;1
MUBASIYE;1;26.04.1991;0;1
MUSEPPIYE;1;28.05.1973;0;1
UBUZ;1;15.04.1946;0;1
NEHRIHAN;1;19.06.1984;0;1
NETZEL;1;6.01.1975;1;0
ISDAL;1;20.06.1958;0;1
TUNACANSU;1;28.06.1979;0;1
SELIYAN;1;22.07.1967;0;1
NUVFER;1;16.07.1958;1;0
GULDAT;1;6.10.1977;0;1
EJDAM;1;5.04.1966;1;0
MIKEN;1;1.11.1985;0;1
GUNDONEM;1;27.06.1965;0;1
ASUMANE;1;6.06.1949;0;1
SACITHAN;1;7.04.1987;1;0
DURISAF;1;7.05.1946;0;1
ERHANONAL;1;21.10.1982;1;0
EFESHAN;1;26.01.1983;1;0
SULELA;1;2.01.1974;0;1
GULDINC;1;13.07.1965;0;1
SABAIDDIN;1;22.01.1974;1;0
FEKAAT;1;16.05.1958;0;1
SEZADDIN;1;12.02.1971;1;0
KATIBENUR;1;23.04.1992;0;1
GUNAYSU;1;7.07.1982;1;0
GULHEMDE;1;23.02.1949;0;1
ISAGA;1;22.02.1951;1;0
MUHABBED;1;8.03.1976;0;1
ZAGIDA;1;7.05.1962;0;1
KARAKIS;1;6.12.1937;0;1
BEDULLAH;1;20.03.1975;1;0
LUZME;1;17.06.1985;0;1
SEGERIYE;1;11.04.1966;0;1
OZKUDAR;1;19.05.1960;1;0
MUALLIME;1;12.06.1929;0;1
TUGLAY;1;26.11.1963;0;1
SEPAT;1;20.05.1980;0;1
MUKAIDE;1;22.02.1955;0;1
GUVVEN;1;22.02.1979;1;0
SULEMYA;1;16.09.1977;0;1
YURGOR;1;18.01.1966;1;0
SERVIGUL;1;20.01.1971;0;1
BANGU;1;30.06.1972;0;1
MELAHATFUNDA;1;7.06.1970;0;1
MUAAMMER;1;6.06.1971;1;0
SECIMER;1;2.03.1957;1;0
GULALIYE;1;26.02.1948;0;1
PEKUZAT;1;9.12.1930;0;1
OZLIYAN;1;6.07.1958;0;1
DUAETTIN;1;16.07.1944;1;0
VESARI;1;6.01.1972;1;0
GUTAHI;1;7.08.1928;0;1
FADEMI;1;26.02.1971;0;1
HIBAITTIN;1;26.04.1953;1;0
RUCAT;1;27.08.1938;0;1
MENOKSA;1;1.10.1945;0;1
METAVET;1;21.03.1941;0;1
TORULAY;1;12.09.1971;0;1
SAFINAZNUR;1;25.12.1991;0;1
MINURET;1;1.04.1932;0;1
ALALITTIN;1;22.04.1949;1;0
SELAMIBEY;1;21.08.1950;1;0
TEFRIKAN;1;11.11.1979;1;0
CULCAN;1;29.07.1978;0;1
RUKNE;1;25.12.1961;0;1
NEJMUNE;1;27.03.1950;0;1
MUESSEZ;1;4.07.1938;0;1
POTTAK;1;2.06.1963;0;1
EHLIS;1;7.10.1963;1;0
PILIK;1;7.04.1964;0;1
MEYMANAT;1;11.03.1956;0;1
HUMAI;1;2.03.1938;0;1
ABTEKIN;1;21.06.1944;1;0
RIYALET;1;22.08.1931;0;1
RAVUD;1;7.03.1939;1;0
ZENCIDE;1;16.10.1945;0;1
EYUPAGA;1;14.04.1964;1;0
HAVCAN;1;14.10.1930;0;1
SEFRAT;1;1.02.1967;0;1
ILHADI;1;30.2.1952;1;0
HATUNGUL;1;12.12.1959;0;1
YUZRE;1;21.04.1929;0;1
CAGLIYE;1;17.06.1972;0;1
KILABUDAN;1;21.03.1945;0;1
BELUCAN;1;11.04.1957;0;1
METICAN;1;3.10.1981;1;0
RATIM;1;9.05.1944;1;0
FERKAD;1;15.10.1980;1;0
NURHEYLA;1;26.08.1973;0;1
INTISA;1;26.04.1946;0;1
CALISAL;1;1.11.1958;1;0
CEVDETCAN;1;18.02.1992;1;0
MUKANNIYE;1;22.07.1943;0;1
GULLUMEN;1;1.04.1972;0;1
SEYFIMULK;1;12.04.1935;1;0
TARIME;1;11.09.1938;0;1
MESMIDE;1;13.04.1941;0;1
SAGARA;1;26.10.1966;0;1
DURDETTIN;1;2.02.1945;1;0
KUTLUHANBILGE;1;29.2.1989;1;0
MUHREDIYE;1;27.10.1938;0;1
MEVRIDIYE;1;10.10.1964;0;1
RAFIMA;1;1.05.1938;0;1
MEHLIKAANIL;1;13.10.1986;0;1
FERDIGUN;1;23.08.1987;1;0
OZDAGAN;1;15.10.1988;1;0
CANKATAN;1;8.05.1987;1;0
MIRACNUR;1;30.06.1990;0;1
CILDER;1;25.10.1978;0;1
KUYUBE;1;6.05.1941;0;1
ESNANUR;1;15.09.1983;0;1
RABIFE;1;12.05.1941;0;1
AZIMKER;1;1.04.1974;1;0
MUBERNA;1;16.10.1976;0;1
CUMAITDIN;1;21.05.1965;1;0
MASUMIYE;1;12.02.1971;0;1
GUYNUL;1;28.08.1960;0;1
GUFAN;1;16.02.1945;0;1
ZUHDIKE;1;17.02.1938;0;1
LEGANE;1;21.10.1970;0;1
PERIYAR;1;3.07.1944;0;1
NURASTI;1;11.08.1987;0;1
ERGIDAR;1;19.08.1971;1;0
RUKKAT;1;4.04.1949;0;1
HEKSURE;1;1.05.1938;0;1
MUSEBBEYE;1;7.12.1956;0;1
MUJCKAN;1;11.09.1964;0;1
KANAIM;1;6.01.1967;1;0
MUSAPBIYE;1;7.02.1964;0;1
MECMURA;1;1.08.1949;0;1
CEMAITTIN;1;27.08.1950;1;0
DARIZHAN;1;10.09.1965;0;1
ILKPINAR;1;25.04.1977;0;1
HUKUKIYE;1;21.06.1964;0;1
SEMUNURI;1;27.05.1971;0;1
VADISE;1;22.10.1979;0;1
REFGI;1;27.04.1974;1;0
GULDOGAR;1;11.07.1971;0;1
HEHIME;1;12.06.1952;0;1
DURRUSSEHVAR;1;11.10.1979;0;1
URKEM;1;7.04.1940;0;1
ERZIK;1;21.11.1938;0;1
SERTESEN;1;13.03.1976;1;0
HUDASI;1;26.04.1966;0;1
ZELHAP;1;2.02.1957;0;1
SAHISDEN;1;8.04.1988;0;1
NULLU;1;15.03.1970;0;1
ILADYA;1;16.08.1953;0;1
AZMIHAN;1;28.08.1988;1;0
CEFGAN;1;23.06.1975;1;0
ONDERFAIK;1;2.06.1969;1;0
NUNUPHAR;1;18.06.1952;0;1
RUVEYSAH;1;3.01.1969;0;1
E.GONUL;1;19.05.1967;0;1
NILNEHAR;1;8.05.1986;0;1
SERIHAP;1;21.06.1951;0;1
MENDUKE;1;30.03.1961;0;1
NURDANNUR;1;22.09.1973;0;1
SAGZEME;1;10.04.1958;0;1
RUZNE;1;22.04.1931;0;1
CEZMICAN;1;12.08.1991;1;0
RAHIRE;1;6.02.1962;0;1
DOGUL;1;18.06.1947;0;1
NIFTER;1;21.04.1976;0;1
SUNKARA;1;16.03.1947;0;1
HALISAR;1;16.06.1964;0;1
GUNAMI;1;16.04.1944;1;0
SASITTE;1;2.02.1957;0;1
MEDULI;1;14.05.1951;0;1
SAMIYAR;1;20.11.1916;0;1
FEVFIYE;1;9.09.1952;0;1
FEHMURE;1;11.04.1945;0;1
USAYIT;1;10.06.1973;1;0
CUNNAZ;1;4.10.1955;0;1
FERASE;1;18.04.1948;0;1
FARIYAN;1;16.06.1961;0;1
H.HUSNU;1;24.06.1955;1;0
ADILYAMAN;1;9.10.1967;1;0
EFTEL;1;27.08.1938;1;0
BUMBUL;1;16.03.1962;0;1
MUNEZEM;1;10.06.1980;0;1
MUYIDIN;1;25.08.1947;1;0
SECALEDDIN;1;13.03.1956;1;0
CANNET;1;3.05.1990;1;0
FAHADDIN;1;12.04.1965;1;0
OSMANZEKI;1;27.05.1974;1;0
SEVALETTIN;1;27.02.1962;1;0
YAVUZI;1;29.03.1975;1;0
SIHHI;1;22.10.1979;1;0
IRNUR;1;3.05.1957;0;1
BEYADIL;1;4.10.1956;1;0
OGUZAY;1;13.01.1977;1;0
SEVERINE;1;8.07.1974;0;1
CORDAN;1;6.10.1965;1;0
NEVINER;1;26.07.1982;0;1
GULMETAN;1;13.06.1977;0;1
MUCAHATDIN;1;11.08.1957;1;0
SUSIME;1;21.06.1934;0;1
ZEYDIHAN;1;29.12.1931;0;1
LOBIYE;1;16.02.1945;0;1
MISRIANI;1;23.09.1969;0;1
OZAMETTIN;1;26.07.1941;1;0
SEFKAL;1;1.05.1962;0;1
RUYISEL;1;16.09.1964;0;1
MINIKIZ;1;4.06.1978;0;1
ABDULAZAK;1;2.02.1978;1;0
NEZMINAR;1;22.07.1940;0;1
AYSENURGULE;1;1.09.1988;0;1
SALACAK;1;11.06.1985;1;0
ZENNEGAR;1;22.02.1955;0;1
RUCEL;1;18.07.1974;1;0
OZLEMHALIME;1;13.12.1978;0;1
NUAYLA;1;1.03.1959;0;1
RAFINAZ;1;20.09.1947;0;1
BEHNAT;1;12.11.1953;1;0
ARTER;1;6.06.1957;0;1
TAKRURE;1;2.08.1939;0;1
ORDUBEY;1;9.03.1964;1;0
AZELETTIN;1;22.02.1967;1;0
ARTIK;1;16.05.1958;0;1
SAVRE;1;25.10.1968;0;1
LIVAZEN;1;5.06.1969;0;1
VETUR;1;7.11.1970;1;0
MUYIGUL;1;4.05.1967;0;1
ABDULTAYYIP;1;19.11.1945;1;0
SALLIYE;1;11.02.1937;0;1
GULIKO;1;1.10.1969;0;1
ZILLIYE;1;9.03.1946;0;1
GUZENDER;1;3.03.1951;0;1
NAHIKET;1;11.04.1956;0;1
MURCELLA;1;17.02.1972;0;1
A.BAHRI;1;12.08.1929;1;0
SERVANE;1;6.06.1948;0;1
ZUHRIYET;1;23.09.1977;0;1
K.SUKRU;1;6.02.1937;1;0
MEDIAT;1;24.09.1955;0;1
SEVKIZ;1;7.08.1940;0;1
MUHENNES;1;27.02.1975;0;1
ULUME;1;22.08.1985;0;1
ZIBEIDA;1;2.05.1957;0;1
KORKURT;1;11.10.1979;1;0
GURSENI;1;23.06.1949;0;1
HICIYE;1;8.12.1971;0;1
NERPIN;1;12.02.1953;0;1
GULSATIN;1;29.12.1974;0;1
ZIKRICAN;1;12.08.1935;1;0
BAIYE;1;2.02.1933;0;1
NEVAYET;1;17.03.1947;0;1
TARSUN;1;7.05.1979;0;1
ZOZANGUL;1;22.08.1979;0;1
ALDUZAN;1;23.05.1955;0;1
ALTIHAN;1;21.01.1953;1;0
NUSEFETTIN;1;9.03.1935;1;0
FELEHNAZ;1;2.02.1951;0;1
UMEKANI;1;12.02.1935;0;1
BENZIN;1;7.02.1946;0;1
CENNEDIYE;1;19.08.1979;0;1
YILDISAN;1;1.09.1961;1;0
CUVELEK;1;7.02.1970;1;0
NEHHARE;1;7.08.1940;0;1
RUHEDDI;1;16.02.1956;0;1
ZUKIL;1;14.02.1947;1;0
CIHANPASA;1;17.02.1966;0;1
MUEMMIN;1;24.12.1950;1;0
ERDINCI;1;16.11.1967;1;0
MUHET;1;16.07.1935;0;1
ZIYAHUDDIN;1;2.02.1939;1;0
GEGNAR;1;16.04.1965;0;1
SAACETTIN;1;2.02.1963;1;0
BILGENAZ;1;16.02.1965;0;1
BURSON;1;3.01.1975;0;1
FARFULI;1;6.06.1973;0;1
HENES;1;16.12.1968;1;0
MEKIHAT;1;18.10.1956;0;1
SEBAHUTTIN;1;2.02.1969;1;0
NIDIYET;1;21.03.1965;0;1
NEAKET;1;2.02.1939;0;1
SUVAZET;1;6.09.1961;0;1
HEYHATE;1;7.07.1958;0;1
SASFIYE;1;17.07.1972;0;1
FENIHAN;1;25.10.1969;0;1
KAFULI;1;2.07.1940;0;1
NEHIRAN;1;19.05.1960;0;1
DUREYINA;1;6.01.1952;0;1
SEVDADE;1;9.05.1919;0;1
NURLEYLA;1;13.12.1955;0;1
BAHUDDIN;1;18.06.1949;1;0
HERKAIL;1;19.07.1944;1;0
MEMNUHE;1;28.06.1936;0;1
ZANDALI;1;13.12.1977;1;0
AYLAGA;1;16.06.1965;1;0
GOLKIZ;1;17.06.1948;0;1
BEUDDIN;1;7.11.1947;1;0
HULIFER;1;22.12.1990;0;1
YURDECAN;1;2.02.1957;1;0
SEHERTAN;1;29.12.1986;0;1
IBTAC;1;21.11.1970;0;1
GUZARE;1;17.02.1978;0;1
BAUDDIN;1;29.07.1950;1;0
MAARES;1;13.10.1945;0;1
MUSDAK;1;8.03.1947;1;0
TEZKIYE;1;23.01.1943;0;1
DIRIBA;1;2.08.1939;0;1
YESERE;1;7.02.1946;0;1
ENESULABIDIN;1;6.02.1960;1;0
ESFIRE;1;19.04.1954;0;1
GULUKA;1;11.11.1961;0;1
GURSENAL;1;28.07.1977;1;0
SEMEAN;1;18.08.1975;0;1
SEVMINE;1;3.07.1984;0;1
VIDRIYE;1;22.02.1967;0;1
NERANIYE;1;10.09.1953;0;1
YEUZE;1;19.05.1974;1;0
HEMIKA;1;17.06.1929;0;1
NISELI;1;3.04.1957;0;1
SEYADET;1;16.08.1945;0;1
RUHINNAZ;1;11.04.1960;0;1
SUBAYDIL;1;28.09.1972;1;0
MUZERIM;1;24.10.1966;0;1
HULYESER;1;28.11.1970;0;1
MUASEL;1;27.04.1951;0;1
DANEVER;1;6.03.1949;0;1
HERYAN;1;1.02.1959;0;1
GUNASTI;1;22.08.1954;0;1
GUNNABIYE;1;27.04.1974;0;1
MACITHAN;1;10.07.1989;1;0
KARMIN;1;19.12.1988;0;1
CENKKAN;1;1.05.1987;1;0
MUZAYDIN;1;6.05.1950;1;0
NURCUL;1;28.02.1950;0;1
SEMSEMA;1;23.02.1950;0;1
FEBZIYE;1;27.08.1944;0;1
KETIM;1;9.04.1957;1;0
SUGAYIB;1;16.04.1939;1;0
REZAIL;1;23.06.1966;1;0
MIRHIBE;1;24.05.1949;0;1
NASRUDDIN;1;22.06.1949;1;0
MEVLUDALI;1;6.11.1967;1;0
ZAIYE;1;8.05.1928;0;1
NUKIS;1;29.04.1955;0;1
BIBERNAZ;1;23.03.1961;0;1
ABDULBARIS;1;16.09.1987;1;0
NUZIRE;1;2.08.1933;0;1
CEVNAN;1;11.02.1951;0;1
SOHELYA;1;11.08.1944;0;1
SURBIHA;1;2.03.1957;0;1
SINYADE;1;11.04.1991;0;1
TUHEYLA;1;25.07.1945;0;1
MESANET;1;17.04.1930;0;1
RINDOL;1;22.03.1958;1;0
NUKAR;1;12.10.1935;0;1
FEMSIYE;1;12.08.1989;0;1
NAIA;1;2.05.1945;0;1
SABAHIM;1;12.03.1959;0;1
HECEGUL;1;11.06.1958;0;1
HALITBESIM;1;11.06.1957;1;0
HEYDIN;1;27.04.1929;1;0
DENA;1;22.09.1964;0;1
SEDRADIN;1;7.06.1964;1;0
LEDI;1;25.10.1975;0;1
NURELAM;1;3.02.1964;0;1
MIRIBAL;1;22.02.1961;0;1
KURTCEPHE;1;26.03.1972;1;0
NILDANUR;1;20.09.1981;0;1
SAYRAGUL;1;4.07.1971;0;1
SENEHAN;1;17.12.1966;0;1
ESMENDIN;1;29.05.1948;1;0
BENERALI;1;16.02.1967;1;0
UMMAME;1;3.05.1973;0;1
NECIAN;1;21.02.1969;0;1
CANDINDAR;1;11.01.1980;1;0
BIRLIYE;1;29.05.1944;0;1
MARUHA;1;27.10.1940;0;1
UGURASLAN;1;19.05.1979;1;0
HUMEYHA;1;14.12.1965;0;1
OZDESEN;1;9.05.1988;0;1
CHAFIE;1;25.05.1981;0;1
SHUSHIK;1;6.07.1938;0;1
NELCIHAN;1;7.07.1969;0;1
FERDENUR;1;27.02.1992;0;1
NUMIGAT;1;3.04.1943;0;1
SERRAHAZAL;1;13.10.1990;0;1
MUHALLEK;1;9.03.1931;0;1
EFRUZEFILIZ;1;26.02.1963;0;1
YEKNAZ;1;20.09.1933;0;1
SENAYOL;1;23.02.1979;0;1
SEMAHIL;1;12.08.1953;0;1
CUNDAR;1;3.03.1943;1;0
TENCIN;1;1.03.1960;0;1
ZAMELLI;1;25.07.1967;1;0
HAFITHAN;1;29.06.1988;1;0
ALTARHAN;1;16.03.1987;1;0
INAYEL;1;7.03.1973;0;1
SAHUNAR;1;4.03.1957;0;1
OCRET;1;27.08.1938;0;1
GULDENAM;1;6.09.1974;0;1
NURCEVHER;1;4.03.1957;0;1
DEMIRSAL;1;24.11.1957;1;0
BILHANIM;1;30.10.1984;0;1
NURSEVDE;1;9.03.1991;0;1
SELCUKEFETURK;1;16.07.1945;1;0
URE;1;27.08.1914;0;1
ZUNUBEY;1;3.12.1963;1;0
ZORDOGAN;1;12.07.1953;1;0
KUMBISER;1;11.05.1949;0;1
SUHLET;1;9.03.1953;0;1
LAHOVARIA;1;22.02.1965;0;1
CILLIHAN;1;17.09.1980;1;0
KISARA;1;29.06.1965;0;1
FEMINNUR;1;26.12.1971;0;1
MAHISET;1;10.11.1966;0;1
HAZIZAT;1;27.07.1971;0;1
TEKTIRE;1;7.08.1928;0;1
LIMONNUR;1;3.03.1974;0;1
ERMAZA;1;22.10.1953;0;1
MUREYYE;1;22.02.1967;0;1
NAHURI;1;22.08.1925;0;1
AYENDE;1;23.03.1952;0;1
YAKUPTURAN;1;23.02.1969;1;0
TERSUFE;1;3.04.1982;0;1
NAYINCE;1;29.01.1984;0;1
GOZALA;1;12.03.1959;0;1
FUTI;1;6.08.1926;0;1
ULVISINA;1;24.10.1988;1;0
IFAKE;1;3.05.1957;0;1
VIRCAN;1;1.06.1981;0;1
HURSELEN;1;30.12.1978;0;1
SEVNINUR;1;22.02.1943;0;1
SEYHATEN;1;21.09.1988;0;1
EDRIBE;1;11.02.1928;0;1
INNE;1;6.03.1978;1;0
HUREMINE;1;16.09.1977;0;1
MENSEKER;1;27.02.1956;0;1
BAHTUMAN;1;27.02.1962;0;1
TORLAK;1;23.09.1967;1;0
SEYIL;1;11.10.1963;0;1
ZIVERHAN;1;21.09.1988;1;0
SAMUDDIN;1;11.04.1934;1;0
NEIDUM;1;16.03.1949;1;0
BEHUDDIN;1;17.08.1948;1;0
MAGULI;1;27.02.1962;0;1
FARFULE;1;25.04.1931;0;1
SEFLEM;1;12.10.1991;0;1
NEKIZ;1;8.06.1946;0;1
BEYRIM;1;2.02.1957;0;1
HENIDE;1;9.03.1983;0;1
GUZELETTIN;1;8.03.1957;1;0
ABUZEYIR;1;22.11.1968;1;0
FERENAS;1;13.09.1968;0;1
NIZAMBEY;1;6.05.1951;1;0
MAASIR;1;2.08.1921;0;1
ALIMEMIS;1;17.12.1987;1;0
KULTARAY;1;22.03.1946;0;1
NURCAGAN;1;11.10.1970;0;1
NUELBER;1;12.10.1929;0;1
GURERMAN;1;7.02.1958;1;0
BIRANIL;1;12.11.1976;1;0
MUGTESEM;1;20.05.1973;1;0
MOLLAMAHMUT;1;22.10.1961;1;0
NEAR;1;7.03.1970;0;1
FEYRUZZAFER;1;18.09.1975;1;0
ESENKIZ;1;7.10.1982;0;1
TOKBAY;1;27.06.1950;1;0
SEMSIBAL;1;11.03.1961;0;1
YUNUZALI;1;6.01.1966;1;0
O.;1;2.08.1933;1;0
BUKKET;1;27.02.1989;0;1
FILZ;1;27.02.1986;0;1
SEHZENE;1;20.02.1991;0;1
KUSIKE;1;16.09.1959;0;1
PANBULI;1;1.01.1981;0;1
HAMICHE;1;13.06.1965;0;1
BAHTUN;1;11.11.1961;1;0
ASIMOZI;1;18.05.1987;1;0
DIDAYET;1;3.06.1977;0;1
YENIKIZ;1;2.03.1945;0;1
MASAKER;1;12.02.1941;0;1
MUGALLAH;1;21.06.1952;0;1
SAMRI;1;16.09.1946;1;0
GULMAGFIRET;1;22.02.1935;0;1
HANIMSEN;1;12.04.1971;0;1
ESELYA;1;7.05.1976;0;1
OZERDURMUS;1;29.10.1973;1;0
GULELEN;1;11.02.1945;0;1
KOKLEM;1;24.04.1981;1;0
INREN;1;16.09.1951;0;1
CUHURE;1;9.03.1932;0;1
SELFIZ;1;17.02.1948;0;1
GULAYDIM;1;18.03.1966;0;1
LAFAT;1;11.05.1976;0;1
FRANCINA;1;19.02.1943;0;1
MADIRAT;1;14.01.1974;0;1
YAKIDAR;1;13.01.1992;0;1
GULZAFIRAN;1;16.06.1970;0;1
AKVELI;1;6.06.1954;1;0
MIGSURE;1;11.02.1955;0;1
SEFEL;1;17.02.1954;1;0
SAFIHAN;1;9.08.1971;0;1
SERDIYAR;1;8.11.1956;0;1
VATANDAR;1;21.03.1987;1;0
ALTUNKIZ;1;15.10.1923;0;1
ADIKEHATUN;1;17.02.1954;0;1
EFDAR;1;26.01.1939;0;1
ILTIMUR;1;15.02.1978;1;0
GULBEYDI;1;17.06.1966;0;1
UMMUHATUN;1;26.06.1989;0;1
GULAPTUL;1;17.02.1966;1;0
KUSUHRAY;1;12.10.1925;0;1
FIDAKE;1;9.02.1974;0;1
NIKAIP;1;7.04.1975;0;1
LEHVIYE;1;7.02.1940;0;1
MITHAP;1;24.04.1958;1;0
BURCAKAN;1;3.01.1991;1;0
BERDIYA;1;28.08.1983;1;0
NEFAZE;1;21.12.1960;0;1
RAGOP;1;7.06.1954;1;0
NEREN;1;16.07.1959;0;1
MEHLIMAR;1;22.08.1961;0;1
SELLDA;1;21.10.1980;0;1
SARTUG;1;24.06.1970;1;0
GONULNURGUL;1;17.11.1963;0;1
MEVSILE;1;23.06.1964;0;1
HIKAIL;1;2.08.1957;1;0
ILMUHHAN;1;19.09.1964;0;1
IFTATE;1;28.04.1950;0;1
SIMIBER;1;9.06.1969;0;1
BAHSEDEN;1;5.10.1944;0;1
MUKATTIN;1;8.05.1984;1;0
SULEYM;1;22.03.1986;0;1
GULERENDAM;1;1.09.1943;0;1
GOKERHAN;1;27.11.1976;1;0
SALAYA;1;20.02.1944;0;1
NESTA;1;13.12.1981;0;1
NELBIY;1;20.05.1982;1;0
YASINPASA;1;30.2.1973;1;0
MERSAL;1;18.05.1975;0;1
RASIMEGUL;1;26.04.1975;0;1
ARCUN;1;21.07.1970;0;1
SHULERA;1;23.04.1970;0;1
KAYABEKIR;1;30.08.1955;1;0
MUSKUNER;1;7.02.1940;1;0
ZERAFIL;1;23.03.1992;1;0
NECDEHAR;1;22.07.1931;0;1
BAYHUN;1;19.07.1966;1;0
SUFAHAT;1;1.04.1979;0;1
TENESUP;1;27.10.1989;0;1
VILMEN;1;17.01.1972;0;1
SUVERDEM;1;17.02.1942;1;0
FURINAZ;1;6.04.1961;0;1
NURFEYIZ;1;17.10.1990;0;1
CURTIS;1;16.02.1980;1;0
BINNAZDENIZ;1;14.08.1977;0;1
SAVASTEPE;1;7.09.1953;1;0
GOLDUGAN;1;17.03.1942;0;1
MUREYSA;1;22.10.1985;0;1
BILI;1;22.09.1961;0;1
ZERNE;1;21.10.1978;0;1
FETIAGA;1;28.09.1956;1;0
DENIZTANYERI;1;12.11.1968;0;1
CEMCENKER;1;18.08.1973;1;0
SERIHI;1;2.07.1946;0;1
BENALI;1;13.02.1947;1;0
OKDAG;1;13.07.1972;1;0
TUMRA;1;21.08.1989;0;1
GUNNEAR;1;1.05.1961;0;1
ONERERHAN;1;5.11.1984;1;0
KAMILONUR;1;19.07.1986;1;0
ISILNUR;1;14.12.1989;0;1
NARMILE;1;27.06.1938;0;1
MENSURAGA;1;11.11.1956;1;0
ASLIYEN;1;1.03.1960;0;1
REFAATDIN;1;6.04.1950;1;0
GOKNEM;1;8.09.1938;0;1
ALPAKO;1;18.05.1973;1;0
BARTUCAN;1;7.04.1990;1;0
NIGMAN;1;27.02.1950;1;0
TEHRIDE;1;7.11.1964;0;1
GULKEZIBAN;1;8.09.1987;0;1
RUHALIYE;1;19.09.1977;0;1
ASINUR;1;21.05.1966;0;1
ATACAG;1;22.06.1982;1;0
MEHBERUZ;1;19.08.1982;0;1
SINEMDE;1;12.06.1965;0;1
SAHTETTIN;1;11.06.1957;1;0
DENNIME;1;18.08.1960;0;1
BIRIRE;1;6.05.1948;0;1
TIMOTI;1;19.02.1961;1;0
ILKNURE;1;2.02.1975;0;1
AYTANC;1;15.05.1986;1;0
NEBAHATI;1;12.12.1965;1;0
FUATBEY;1;24.02.1985;1;0
NEVZUDE;1;29.2.1947;0;1
SEFKAYA;1;16.02.1977;1;0
MEYHIYE;1;9.01.1980;0;1
SALIHATUZZEHRA;1;1.03.1949;0;1
FERRIZ;1;7.02.1946;1;0
SEYHANZADE;1;15.11.1979;0;1
NUSUNET;1;2.02.1957;0;1
RAUSHANIA;1;10.03.1981;0;1
GULAYETTIN;1;6.09.1967;1;0
ZEKIRYE;1;29.04.1956;1;0
SEHRETDIN;1;9.04.1952;1;0
ELMIZA;1;3.03.1967;1;0
ZALICE;1;6.07.1968;0;1
HUDARET;1;27.04.1936;0;1
MEFAITTIN;1;30.04.1956;1;0
BELMIR;1;28.06.1990;0;1
NUIVAR;1;27.06.1944;0;1
ULVILE;1;29.02.1948;0;1
GULSUMHATUN;1;19.09.1939;0;1
GUNEHAN;1;6.06.1970;0;1
LASIFE;1;17.02.1948;0;1
MUHRUZAR;1;7.02.1940;0;1
NAFUYE;1;2.09.1956;0;1
IREMSAH;1;24.06.1991;0;1
ALCEHRE;1;17.04.1966;0;1
ALIBI;1;6.11.1956;1;0
IFRUK;1;1.07.1967;0;1
MEZMAN;1;7.06.1950;0;1
ANAKHANIM;1;18.07.1963;0;1
MUBERRER;1;6.11.1944;0;1
KADIMET;1;1.02.1948;0;1
TULKISAR;1;5.03.1938;0;1
ZDENA;1;17.04.1970;0;1
ALIBUDAK;1;12.02.1965;1;0
BAHARDAGUL;1;26.02.1983;0;1
NURENSAH;1;26.05.1963;0;1
GULYANAQ;1;23.06.1972;0;1
HAFIZEHATUN;1;10.11.1956;0;1
GULZUNBUL;1;4.02.1955;0;1
SELVITTIN;1;22.03.1943;1;0
METINGAZI;1;26.01.1956;1;0
ESENFER;1;9.09.1977;1;0
HACIBI;1;22.01.1961;1;0
TAISER;1;13.08.1959;0;1
GUFEM;1;18.11.1960;0;1
GULCEGUN;1;28.07.1983;0;1
NUSUDIYE;1;29.2.1961;0;1
DERMIN;1;7.05.1952;0;1
SEDADE;1;30.11.1974;0;1
ESMIGUL;1;3.03.1973;0;1
KURTHATUN;1;6.07.1960;0;1
SETTAS;1;29.03.1971;1;0
ZEHRAHATUN;1;7.10.1964;0;1
ATABER;1;15.12.1962;1;0
MUCIBER;1;7.06.1964;0;1
HUSEREN;1;13.03.1953;0;1
SECINFER;1;27.10.1932;0;1
TEZLEN;1;11.08.1942;1;0
KURTSEN;1;12.02.1971;0;1
GIOULGAIT;1;30.03.1953;0;1
NUBERCIHAN;1;22.08.1931;0;1
DINNIYAZ;1;29.05.1925;0;1
OLCAHIN;1;17.11.1936;0;1
KURTAHMET;1;1.08.1965;1;0
GURTEMIN;1;6.03.1938;0;1
IZINDER;1;17.02.1954;1;0
ISHAKALI;1;26.05.1969;1;0
MUBIHAN;1;11.06.1968;0;1
SUSAMMER;1;1.01.1953;0;1
GEBIRAN;1;27.09.1974;0;1
ZETAME;1;7.04.1961;0;1
SAMILAGA;1;21.11.1983;1;0
FADULET;1;13.08.1962;0;1
DILSUZAR;1;17.10.1934;0;1
KASPULAT;1;6.11.1981;1;0
GURISER;1;12.07.1944;0;1
PEHAR;1;30.06.1974;0;1
EFILET;1;1.11.1942;0;1
INCEKOCA;1;26.05.1989;1;0
HICERET;1;27.02.1932;0;1
EKRAME;1;13.03.1941;0;1
ZELAHATUN;1;13.01.1983;0;1
ABDULKUTDUS;1;4.03.1949;1;0
ESMABER;1;17.12.1984;0;1
NURTHANIM;1;22.04.1961;0;1
REDIME;1;17.10.1936;0;1
ISRAFIZE;1;27.02.1956;0;1
OLGUNALI;1;1.10.1977;1;0
KURTSATU;1;2.02.1951;0;1
NEDIREP;1;11.06.1944;0;1
KACALI;1;21.06.1941;1;0
UNDAY;1;16.02.1952;1;0
TONGAZ;1;18.07.1971;1;0
SEFAIDDIN;1;19.06.1954;1;0
IFTEHARE;1;29.05.1936;0;1
GELEMET;1;23.03.1953;1;0
SIBASE;1;18.05.1946;0;1
MIHIRAC;1;12.02.1971;0;1
ESMEH;1;12.05.1929;0;1
AYATE;1;12.07.1950;0;1
MIHAYE;1;13.06.1946;0;1
NACITIN;1;2.02.1957;1;0
CESIDE;1;21.03.1948;0;1
ZEYMISAN;1;27.08.1944;0;1
KEMAH;1;30.01.1938;1;0
DURNISER;1;6.11.1938;0;1
DILSIFE;1;26.10.1933;0;1
ZIMIR;1;29.03.1932;1;0
SADIMENT;1;17.02.1942;0;1
SIBEYDA;1;20.06.1966;0;1
BULGIZ;1;2.04.1933;1;0
NIMETHATUN;1;6.03.1963;0;1
ZULBIY;1;11.06.1934;0;1
SULTNA;1;16.12.1971;0;1
KURTKIZ;1;22.02.1955;0;1
MUDAIDDIN;1;6.06.1943;1;0
ZALGUZEL;1;16.02.1935;0;1
MAITAP;1;12.06.1965;0;1
FIDAZ;1;2.08.1933;0;1
GUCIRE;1;19.05.1953;0;1
REDIHE;1;27.02.1938;0;1
CULIYDE;1;20.08.1930;0;1
IVTADE;1;27.08.1950;0;1
MIYAZER;1;2.02.1963;0;1
NEFAYITTIN;1;24.07.1955;1;0
ZULUSE;1;2.08.1933;0;1
KAZINE;1;17.09.1978;0;1
MURZIYEN;1;7.02.1970;0;1
AKKIS;1;23.03.1967;0;1
FILDIR;1;28.02.1954;1;0
NUVRETTIN;1;11.03.1956;1;0
SERKALEM;1;19.07.1979;0;1
NEFAI;1;16.11.1977;1;0
NESAHILE;1;30.04.1953;0;1
PEYYAMISEFA;1;9.02.1991;1;0
MECBURUGUR;1;26.12.1978;1;0
RAYNIYE;1;23.04.1948;0;1
ATUNC;1;7.09.1940;1;0
MECLAL;1;18.01.1978;0;1
MUSABURAK;1;2.12.1989;1;0
GURMELI;1;8.02.1978;0;1
GULLEF;1;27.02.1956;0;1
SAMUZER;1;16.05.1958;0;1
MUKAYYET;1;12.11.1972;1;0
NURCIYHAN;1;4.03.1992;0;1
DESIME;1;19.04.1943;0;1
MUTAREN;1;18.02.1960;0;1
SARACITTIN;1;22.05.1943;1;0
UNSU;1;16.11.1951;1;0
SEBAHHAT;1;22.03.1974;0;1
GULBADEL;1;21.02.1989;0;1
MUZAHIDDIN;1;27.04.1968;1;0
SEYRANUR;1;24.12.1991;0;1
RATIME;1;2.02.1957;0;1
ELBARI;1;2.02.1963;0;1
KANTAZ;1;17.03.1942;0;1
AKKIZI;1;1.04.1966;0;1
SEHNAL;1;2.04.1969;0;1
EBUBEKIRBINSIDDIK;1;25.02.1975;1;0
SAIMISE;1;28.06.1945;0;1
MALIZE;1;8.05.1979;0;1
SAIMALI;1;16.11.1955;1;0
MEKIBA;1;22.02.1949;0;1
RUBEYMAN;1;6.10.1962;1;0
CANICAN;1;17.03.1990;0;1
MUDAVI;1;26.03.1953;1;0
MIHASER;1;30.01.1971;0;1
YASARIM;1;7.12.1991;0;1
SEFEDA;1;26.12.1969;0;1
TURAHAN;1;8.04.1964;0;1
NECAHATI;1;27.11.1970;1;0
SEVNURI;1;5.04.1956;0;1
ZIGUZEL;1;4.04.1948;0;1
NURDULLAH;1;21.02.1975;1;0
EYCER;1;1.09.1971;0;1
MEVZUR;1;26.07.1984;0;1
AYZITER;1;26.01.1950;1;0
SARIDOGAN;1;12.09.1959;1;0
GULKAL;1;16.02.1952;0;1
CEFAHIL;1;11.05.1984;0;1
SEHKURE;1;17.02.1960;0;1
LALIZE;1;10.05.1974;0;1
ERVAIL;1;26.02.1975;1;0
YEGANI;1;16.01.1950;0;1
ERTUKAN;1;22.11.1976;1;0
ZIKRUL;1;22.03.1983;1;0
ABDURHA;1;6.11.1987;1;0
GUKCIN;1;14.01.1971;1;0
ELNE;1;17.06.1970;0;1
KIPRIS;1;2.04.1975;1;0
HATUNNUR;1;6.02.1992;0;1
SAFFAK;1;7.02.1982;1;0
ELBOZ;1;17.05.1954;1;0
CITIK;1;6.05.1951;0;1
DURSEYINE;1;22.11.1953;0;1
RAGIBI;1;27.03.1956;0;1
BICANBEY;1;12.02.1977;1;0
ENDEL;1;19.11.1945;1;0
ULVIHANIM;1;17.04.1930;0;1
DUNSUNHATUN;1;2.08.1933;0;1
GOLKALP;1;6.02.1975;1;0
APDULREZZAK;1;15.06.1989;1;0
YURDASEVIM;1;2.09.1970;0;1
ZEHNITTIN;1;28.01.1937;1;0
BERGUYE;1;11.07.1952;0;1
ECIT;1;11.02.1981;1;0
NERFUDE;1;16.05.1951;0;1
TEYYUME;1;27.06.1944;0;1
SELVIME;1;7.02.1958;0;1
PARIA;1;7.08.1988;0;1
NAZIMDER;1;12.07.1952;0;1
AHMETBEY;1;27.11.1948;1;0
PELLU;1;29.02.1944;0;1
SIYARIYE;1;7.02.1952;0;1
SABUKA;1;6.08.1978;0;1
REFE;1;28.06.1931;0;1
NURGIBE;1;17.06.1960;0;1
UDRET;1;4.08.1939;0;1
SEMVIYE;1;2.02.1951;0;1
LAHURIYE;1;17.04.1942;0;1
GULSEKAR;1;23.05.1931;0;1
GUKRAN;1;21.02.1972;0;1
ZUHLIYE;1;22.04.1961;0;1
SULBEY;1;22.04.1967;1;0
CANFESIL;1;29.2.1966;0;1
SEZAKET;1;4.06.1975;0;1
SUZEHEN;1;22.02.1967;0;1
ILMUZA;1;22.04.1979;1;0
ZILEM;1;1.02.1976;0;1
MEFRI;1;22.02.1937;0;1
RUSALE;1;17.02.1954;0;1
SANIF;1;4.04.1931;1;0
SEFERIYET;1;22.06.1943;0;1
ARDIBEN;1;22.06.1943;1;0
BEKARET;1;7.02.1952;1;0
ZURIKA;1;13.03.1946;0;1
MUNKET;1;3.04.1933;0;1
SERFIDAR;1;7.03.1934;0;1
HASBIR;1;1.11.1979;1;0
GELDAG;1;22.06.1982;0;1
ZEHNEDDIN;1;11.04.1930;1;0
ZULUKAR;1;9.04.1964;0;1
NERMITTIN;1;6.04.1954;1;0
NEBAHAETTIN;1;22.03.1980;1;0
MAKUSE;1;12.02.1947;0;1
MEBRI;1;22.02.1967;0;1
FEZGI;1;10.01.1957;0;1
SIVIL;1;26.03.1979;0;1
GUNBEZ;1;20.07.1963;0;1
AYMIYET;1;6.02.1949;0;1
SUKRIYET;1;6.02.1949;0;1
RAFAHITTIN;1;22.08.1937;1;0
REGIHE;1;2.06.1963;0;1
FEZIKE;1;14.03.1947;0;1
MIRZEBEY;1;27.06.1956;1;0
NESTIYEN;1;13.02.1983;0;1
TURAMCA;1;11.01.1936;0;1
BENKURE;1;11.07.1944;0;1
SIPLE;1;13.04.1963;0;1
MAKRUSA;1;2.10.1927;0;1
OZGURGENC;1;28.10.1991;1;0
SEYINE;1;22.02.1934;0;1
GULDUREM;1;22.02.1955;0;1
ANTUFAN;1;7.09.1976;1;0
SADAYI;1;21.03.1977;1;0
ARSLANHANHANIM;1;27.02.1950;0;1
NUSUYE;1;30.04.1976;0;1
UZETIYE;1;21.04.1953;0;1
MEHLUT;1;26.06.1973;1;0
ORSULE;1;6.04.1973;0;1
IZALIYE;1;27.08.1982;0;1
SUZETI;1;21.08.1943;0;1
MAHTAN;1;22.05.1967;1;0
KADIRIRIYE;1;6.12.1974;0;1
HAYRISANI;1;14.11.1955;0;1
SEYCEHAN;1;11.01.1934;0;1
GUMAME;1;29.01.1940;0;1
SEREDUHAN;1;7.03.1944;0;1
BEBIHA;1;1.02.1954;0;1
NASIBHAN;1;27.11.1945;0;1
ARSLANE;1;30.03.1931;0;1
CEVTIYE;1;2.02.1951;0;1
NERENGUL;1;20.02.1954;0;1
ASLANHANIM;1;21.01.1963;0;1
KURMA;1;21.06.1940;0;1
RIKKE;1;19.05.1966;0;1
KURTLAK;1;21.03.1955;1;0
MERFUS;1;11.03.1945;0;1
KEZBUN;1;6.11.1962;0;1
MESINAZ;1;2.10.1974;0;1
PILIC;1;18.03.1954;0;1
KORTA;1;24.07.1955;1;0
SIYUZA;1;26.04.1933;0;1
KAKUYE;1;28.04.1951;0;1
SAMULE;1;22.02.1943;0;1
SEYIFE;1;11.06.1946;0;1
ERDAP;1;22.04.1961;0;1
ALATTINBEY;1;3.11.1957;1;0
BEHME;1;11.10.1944;0;1
NATALLA;1;12.08.1972;0;1
LEMRA;1;14.02.1979;0;1
SECERETTIN;1;17.02.1972;1;0
NORDEN;1;4.07.1939;0;1
UVLIYA;1;22.02.1955;0;1
EVFIYE;1;20.07.1948;0;1
NECEIL;1;14.09.1976;1;0
MAAFI;1;11.08.1956;1;0
GULABDU;1;18.06.1974;1;0
MURATPASA;1;24.03.1970;1;0
ZUDEYDE;1;5.02.1991;0;1
NESUHU;1;7.02.1952;1;0
HULUBE;1;8.05.1965;0;1
SERHIBAN;1;4.03.1951;0;1
TUGFA;1;3.04.1989;0;1
BERADI;1;7.05.1958;0;1
AYNIZADE;1;11.04.1943;1;0
MEHRICAMAL;1;24.06.1984;0;1
GUVENUR;1;23.04.1976;0;1
SULTANSEVGI;1;27.02.1968;0;1
GURRU;1;2.08.1970;0;1
SENURDILBER;1;1.06.1967;0;1
FUSKA;1;26.04.1945;0;1
MEVLEDE;1;14.05.1947;0;1
RENER;1;7.08.1984;1;0
SULBAHAN;1;3.02.1943;0;1
DAMER;1;17.05.1966;1;0
MIGRACI;1;21.11.1970;1;0
MAHMEDET;1;3.12.1932;0;1
IBCAK;1;2.03.1945;0;1
CAYNAZ;1;16.02.1956;0;1
MUVVEDDE;1;6.05.1975;0;1
METINGUNDUZ;1;21.01.1963;1;0
TAHIREHATUN;1;7.03.1952;0;1
HURUMUZ;1;27.02.1956;0;1
HEMCIVAN;1;1.01.1951;1;0
HAYTER;1;21.05.1956;0;1
TOZALI;1;21.01.1983;1;0
ARSALAN;1;17.02.1960;1;0
NETICEGUL;1;7.01.1964;0;1
ESRAHIYE;1;6.05.1975;0;1
NURAIF;1;27.09.1972;0;1
GURTHANIM;1;12.02.1941;0;1
SANSERDI;1;27.04.1956;0;1
AYMILE;1;2.08.1963;0;1
LUBAZIYE;1;13.02.1946;0;1
ATAKOK;1;17.03.1944;1;0
ZEZAITTIN;1;21.07.1976;1;0
SUNAYAS;1;6.12.1969;0;1
NACAHITTIN;1;27.04.1950;1;0
SAHINDEM;1;14.02.1954;0;1
SUZINE;1;11.05.1932;0;1
IKLIMANUR;1;26.07.1990;0;1
ASUMANNUR;1;6.05.1985;0;1
RICAYE;1;14.11.1961;1;0
FIDESE;1;14.03.1942;0;1
MUHAMMEDSALIH;1;4.05.1956;1;0
SAHMERDAR;1;17.11.1983;1;0
GULPEYAZ;1;2.02.1957;0;1
MULBIYE;1;12.01.1965;0;1
ERKUTBEY;1;12.05.1977;1;0
SAMINAT;1;20.04.1932;0;1
SULEMERCAN;1;26.03.1974;0;1
GULSEYIT;1;20.07.1956;1;0
SIHBER;1;11.05.1968;0;1
GUNUNDAR;1;2.02.1951;0;1
SANUH;1;17.12.1961;1;0
TUGISLAM;1;27.07.1991;1;0
MELKUBA;1;29.04.1954;0;1
NUVELYA;1;21.05.1966;0;1
VETHULLAH;1;22.02.1955;1;0
SECGU;1;1.03.1983;0;1
SUZEYME;1;1.07.1948;0;1
AYTUNAY;1;7.08.1991;0;1
OZUNUR;1;8.07.1978;0;1
EMIREHATUN;1;15.04.1933;0;1
BURRAK;1;14.12.1970;1;0
BAYCETIN;1;20.04.1941;1;0
NURTUKEN;1;14.06.1934;0;1
FULNUR;1;18.11.1979;0;1
JINVERI;1;5.09.1952;0;1
CISANA;1;11.08.1950;0;1
ALPASLANGAZI;1;6.09.1973;1;0
HULLIYET;1;27.07.1956;0;1
ERKERIM;1;10.01.1981;1;0
HAYTAZ;1;22.08.1925;1;0
SULKATIN;1;11.08.1958;1;0
FEHETTIS;1;23.04.1955;0;1
TURKERMEHTI;1;22.02.1973;1;0
IBRAFIM;1;2.02.1951;1;0
SIRKAT;1;29.09.1946;0;1
GULCAHAR;1;12.07.1954;0;1
IZZAT;1;30.03.1960;1;0
ALIKAPTAN;1;23.11.1973;1;0
FADUMAN;1;21.01.1980;0;1
SEVBAHAN;1;14.02.1989;0;1
AHSINE;1;1.11.1979;0;1
GULBEHTAR;1;27.03.1962;0;1
BULSEL;1;2.02.1951;0;1
NIZAHITTIN;1;16.09.1935;1;0
SUVERDI;1;16.12.1969;0;1
NURDAHIL;1;17.01.1971;0;1
RAFIRE;1;22.02.1967;0;1
AKGOZ;1;13.09.1974;1;0
SENFEZA;1;5.04.1951;0;1
HABIBNURU;1;18.09.1991;1;0
ESSIZ;1;9.03.1968;0;1
NURMADER;1;12.11.1967;0;1
BINYA;1;13.04.1947;1;0
DEYMEGUL;1;3.07.1978;0;1
MEBESSER;1;19.03.1979;0;1
HAKUNE;1;1.11.1953;0;1
NENIR;1;21.01.1979;0;1
YELMA;1;1.05.1959;0;1
CEMGUN;1;6.02.1979;1;0
MARGHUBA;1;19.05.1983;0;1
MINIZE;1;17.02.1951;0;1
SALBAY;1;21.02.1957;1;0
SENARIGUL;1;12.04.1965;0;1
MUTAASIM;1;6.07.1969;1;0
SAMAYEL;1;12.02.1965;1;0
COSFER;1;6.05.1977;1;0
VEHHEB;1;23.06.1959;1;0
MAKNUZE;1;22.02.1947;0;1
HALIGME;1;26.05.1968;0;1
SELBEHAN;1;1.11.1978;0;1
MZIVA;1;9.04.1967;0;1
KOYLAN;1;11.08.1945;1;0
EMSINE;1;5.04.1962;0;1
UMELYA;1;9.12.1964;0;1
FEZAR;1;8.06.1975;1;0
GIREYHAN;1;30.07.1971;1;0
MURSANE;1;19.04.1966;0;1
MELIGAT;1;28.01.1964;0;1
FUNDA.;1;3.07.1980;0;1
POSINAZ;1;28.04.1938;0;1
KANRA;1;27.04.1938;1;0
GUZALLA;1;27.11.1952;0;1
KHATUNI;1;1.02.1961;0;1
SUNEZ;1;28.03.1956;1;0
SEHAYLA;1;17.02.1960;0;1
MIDAIM;1;27.08.1938;1;0
AYMENER;1;17.02.1942;0;1
HURMETI;1;27.08.1962;0;1
CUMABEY;1;2.05.1957;1;0
NECERIA;1;27.08.1932;0;1
GOZME;1;26.07.1941;0;1
ALPERSEN;1;8.03.1989;1;0
MAHSE;1;7.08.1934;0;1
MUSEHIBE;1;22.02.1943;0;1
MUHAMMETCAGRI;1;27.04.1992;1;0
KOKTENSEL;1;4.01.1980;1;0
TESADET;1;29.10.1935;0;1
UGURAN;1;20.05.1946;0;1
PEHZAT;1;23.05.1931;0;1
TANILE;1;17.06.1954;0;1
GUNSEDA;1;22.06.1980;0;1
BEHLEVAN;1;17.05.1948;1;0
BAHDUNUR;1;29.10.1991;0;1
FETDE;1;6.07.1968;1;0
KEFAIL;1;10.03.1980;0;1
HAYRUMAN;1;1.10.1960;0;1
EVDEN;1;6.03.1950;0;1
GULBAHARNUR;1;16.09.1991;0;1
FEHAMUR;1;22.02.1949;1;0
ABDULLAHPASA;1;22.09.1984;1;0
ELIFMINE;1;11.04.1990;0;1
SUMDUR;1;22.08.1949;0;1
HATUNER;1;26.03.1958;0;1
KADRIFE;1;8.11.1976;0;1
MUSIZE;1;22.08.1925;0;1
FERAIDE;1;12.08.1923;0;1
TUTKUCAN;1;25.05.1991;1;0
MUGFEL;1;3.09.1947;1;0
TALHANI;1;8.06.1985;1;0
INNAP;1;23.12.1976;0;1
MEKDES;1;19.03.1979;0;1
SUMLU;1;30.09.1966;0;1
SERTKAYA;1;17.12.1972;1;0
AYHANGAZI;1;9.05.1966;1;0
ORKUNCAN;1;1.11.1991;1;0
HUNNAN;1;18.04.1964;0;1
RUCET;1;12.04.1953;1;0
ORESIN;1;23.04.1949;1;0
CAGRIS;1;12.10.1984;1;0
FEVYA;1;24.03.1963;0;1
ESRAA;1;8.02.1981;0;1
MUGMIYE;1;10.03.1974;0;1
LAIFE;1;11.10.1929;0;1
SUZUDIL;1;11.08.1991;0;1
ASIKLA;1;7.08.1934;0;1
NIRBAN;1;2.10.1981;0;1
CEMALBEY;1;7.07.1976;1;0
TUGBU;1;13.10.1987;0;1
KOKNAL;1;13.08.1982;1;0
ENDULUS;1;10.02.1951;1;0
NURFES;1;13.04.1948;0;1
NURHAYIR;1;12.09.1959;1;0
BUHANDAN;1;6.09.1931;0;1
HUZER;1;22.08.1955;0;1
NAZIKENUR;1;4.06.1989;0;1
MUAYYE;1;7.04.1976;0;1
MUGAZ;1;16.04.1974;1;0
COSKUNTUNA;1;18.04.1992;1;0
HAYRETTINBEY;1;9.06.1977;1;0
MUHISSIN;1;17.02.1948;1;0
REFIYEYI;1;20.03.1954;0;1
UMMIGUZEL;1;8.12.1963;0;1
ESSEYDE;1;26.05.1979;0;1
CAGDAGUL;1;2.09.1984;0;1
CANAYBEY;1;7.09.1955;1;0
YASARYALCIN;1;22.02.1973;1;0
MUAVENET;1;30.03.1957;1;0
ESENGULRU;1;23.10.1969;0;1
MUBERHEN;1;26.03.1932;0;1
YURDDAKAL;1;9.03.1943;0;1
ELDIVET;1;2.08.1951;1;0
KURSEN;1;28.09.1945;0;1
SERAVET;1;24.03.1940;1;0
SANCAL;1;22.02.1943;1;0
TALIHGUL;1;23.05.1957;0;1
KERDANE;1;22.08.1937;0;1
GULASLAN;1;9.01.1970;0;1
SALLIK;1;30.07.1973;0;1
LIBASIYE;1;6.02.1957;0;1
NERMUK;1;12.05.1959;0;1
MOYLUDE;1;29.05.1950;0;1
RISAMET;1;2.02.1951;1;0
MUGITTIN;1;2.04.1957;1;0
NIGMEDDIN;1;28.01.1943;1;0
NEZLIK;1;23.06.1955;0;1
GURDANIYE;1;17.02.1936;0;1
KUZUBAY;1;15.05.1973;1;0
CINKIZ;1;27.01.1951;0;1
EMRIY;1;1.06.1991;0;1
ZENNIB;1;11.05.1942;0;1
METELIK;1;1.03.1937;0;1
MUKRUEMIN;1;6.11.1962;1;0
NECAFET;1;5.03.1939;0;1
ISPIRNAZ;1;22.02.1961;0;1
MUNEHEM;1;11.09.1933;0;1
HUDARE;1;7.08.1928;0;1
NUHURE;1;7.08.1940;0;1
ZULFITTIN;1;26.06.1961;1;0
PENUC;1;22.09.1943;0;1
ERBAGUN;1;19.05.1970;1;0
ISGUDAR;1;17.02.1953;0;1
NUGRU;1;9.07.1974;1;0
NAKSIYET;1;23.07.1964;0;1
FASURE;1;18.04.1960;0;1
MUSEMMEHA;1;22.02.1967;0;1
NEHRIBAL;1;22.07.1978;0;1
HANIMGOS;1;22.08.1925;0;1
PILKIDAR;1;10.06.1964;0;1
TURESEN;1;21.06.1974;1;0
UMULKULSU;1;26.05.1971;0;1
SEYDACAN;1;3.04.1991;0;1
PENIYEN;1;23.04.1949;0;1
ZENNUSEN;1;22.09.1973;0;1
ESENGOL;1;1.02.1986;0;1
MUSTIM;1;15.02.1946;1;0
HAMDULBAY;1;16.05.1952;1;0
ZINETUN;1;21.02.1966;0;1
LEVIS;1;5.09.1975;0;1
FILTAS;1;13.05.1976;0;1
RUHUYAT;1;28.02.1968;0;1
SITAYET;1;15.10.1932;0;1
ALIMSEN;1;23.04.1949;1;0
REYFIYE;1;22.02.1967;0;1
IPEKET;1;17.02.1966;0;1
ZILFILA;1;7.06.1934;0;1
TEMANUR;1;13.01.1949;0;1
BILISAN;1;2.06.1975;0;1
SERHITTIN;1;19.11.1954;1;0
AYKOT;1;6.10.1972;1;0
ERSINLER;1;1.01.1961;0;1
SEHREZAR;1;12.07.1964;0;1
EZKIM;1;21.08.1983;0;1
NUREYAN;1;17.09.1972;0;1
ELIFANIM;1;22.03.1943;0;1
EYHANE;1;4.09.1964;0;1
FERNADIYE;1;11.04.1955;0;1
NAZMKIYE;1;13.02.1977;0;1
FEREHATTIN;1;29.07.1981;1;0
KEYDANE;1;11.06.1946;1;0
KAYIRTAN;1;2.09.1974;1;0
CUMLER;1;23.08.1943;0;1
NEREVIN;1;17.04.1965;0;1
FIDDI;1;11.09.1945;0;1
REFAETDIN;1;20.01.1960;1;0
ZAAFE;1;15.04.1957;0;1
FADER;1;17.11.1972;1;0
SHAINIDEE;1;30.10.1955;0;1
YURDUGUZEL;1;2.02.1963;0;1
KAYIFE;1;18.02.1964;0;1
EZBEL;1;22.06.1961;0;1
FIKAL;1;9.09.1965;0;1
NASIYAT;1;7.04.1946;0;1
ENESMALIK;1;11.09.1991;1;0
MEHMETSUHA;1;27.02.1968;1;0
VEYSELALI;1;17.03.1954;1;0
JELAY;1;4.08.1969;0;1
HISAYET;1;1.04.1950;0;1
BAHITI;1;22.02.1961;1;0
DURRUSENIM;1;20.05.1928;0;1
UNSAS;1;8.05.1978;1;0
SELAHAETTIN;1;6.05.1968;1;0
SALIHSER;1;27.09.1962;0;1
VILDAS;1;10.09.1968;0;1
NUKCAN;1;16.02.1980;0;1
HAYRULLLAH;1;22.02.1991;1;0
SAHYUNER;1;26.10.1941;1;0
PERIBIN;1;21.10.1941;0;1
ASIYYAT;1;2.08.1981;0;1
MUSKUNAN;1;2.02.1975;0;1
HATICEYASEMIN;1;3.07.1972;0;1
GUNNURDAN;1;8.09.1985;0;1
CENGUZEL;1;14.02.1965;0;1
MEGUBE;1;2.05.1975;0;1
GUNEYITTIN;1;26.03.1942;1;0
FAYIL;1;26.01.1977;1;0
BASTIR;1;16.05.1982;1;0
HEVILAY;1;11.05.1975;0;1
TEKUL;1;22.02.1985;0;1
MINELFI;1;7.04.1934;0;1
BEYKUTAY;1;17.02.1978;1;0
REFAEHETTIN;1;2.03.1957;1;0
MUFARIKAT;1;7.04.1934;0;1
DIGERITTIN;1;10.05.1934;1;0
M.KUZU;1;9.05.1934;1;0
MEHIBER;1;11.03.1937;0;1
HICALET;1;22.03.1961;0;1
HANIFET;1;27.03.1944;0;1
MOHAZ;1;21.04.1975;1;0
REFALI;1;17.02.1960;0;1
KERHIBAR;1;17.12.1966;0;1
GULSIR;1;1.07.1961;0;1
NURDUK;1;29.06.1938;0;1
SEVILCAY;1;10.06.1978;0;1
FATISEN;1;28.11.1980;0;1
GUMNAME;1;27.08.1938;0;1
NIBRASEDDIN;1;29.09.1947;1;0
TALER;1;29.05.1976;1;0
HIKMINUR;1;22.01.1965;0;1
OZDERHAN;1;25.06.1978;1;0
BEHCETULVI;1;7.05.1976;1;0
AURIKA;1;21.08.1969;0;1
GULMAHIRE;1;9.01.1976;0;1
ERDEMSI;1;2.02.1945;1;0
KEBIA;1;26.08.1934;0;1
FILGAT;1;12.02.1965;0;1
MESILCAN;1;11.09.1963;0;1
YAZJEMAL;1;3.09.1978;0;1
TAHIM;1;7.06.1970;1;0
SUHULIYE;1;25.04.1971;0;1
HANIIFE;1;16.10.1988;0;1
NUTDUA;1;12.02.1959;0;1
NIPRASETTIN;1;19.02.1991;1;0
NUFKIYE;1;7.06.1970;0;1
HACIRETHAN;1;2.11.1933;0;1
SAFAIR;1;26.11.1943;1;0
NETVI;1;3.08.1939;1;0
EYYUBULLAH;1;11.01.1982;1;0
NUHSIN;1;12.06.1965;1;0
HATUNHANIM;1;22.09.1958;0;1
MUDISI;1;22.02.1933;0;1
PURNURECE;1;30.11.1990;0;1
OVET;1;27.04.1973;1;0
ORGAHAN;1;27.07.1986;1;0
MAAZZER;1;22.04.1967;0;1
MUSENBAG;1;1.08.1973;0;1
MAZMURE;1;7.08.1934;0;1
NEKANET;1;7.08.1946;0;1
CONKA;1;10.10.1942;0;1
GERVER;1;7.08.1940;0;1
NIHALA;1;13.05.1972;0;1
MUAMMIN;1;12.02.1965;1;0
VEZIRAN;1;17.06.1977;0;1
ABDULAZIZHAN;1;30.05.1983;1;0
NUZI;1;12.02.1971;1;0
TEKLIM;1;2.02.1957;1;0
ZAR;1;12.08.1941;1;0
NELBISE;1;7.02.1946;0;1
ELHAMRE;1;26.02.1978;0;1
MENSURRE;1;2.04.1980;0;1
SAVETE;1;2.02.1957;0;1
MUBASEREN;1;17.05.1976;0;1
NUBUGVET;1;6.11.1980;0;1
SUBIYYAN;1;11.05.1975;0;1
CABALI;1;13.02.1976;1;0
RUVUHAN;1;22.07.1943;0;1
NIZARE;1;14.07.1953;0;1
UZUK;1;21.03.1948;0;1
GEKU;1;24.06.1940;0;1
ULFIZE;1;18.04.1966;0;1
NECAFATTIN;1;23.05.1941;1;0
AJIMEN;1;1.01.1973;0;1
SUNEYLEN;1;27.10.1956;0;1
SUZUK;1;27.02.1938;0;1
YUSUFETTIN;1;22.02.1949;1;0
MISKUDE;1;17.03.1950;0;1
MAGBUDE;1;12.09.1965;0;1
MULUSA;1;19.07.1948;0;1
UNZULEBETUL;1;11.02.1978;0;1
MINIZAR;1;26.02.1975;0;1
SELASIN;1;26.05.1969;1;0
FULYAHAN;1;20.08.1987;0;1
SABUHAN;1;27.03.1986;0;1
VESELEM;1;26.05.1991;1;0
SUDENKAR;1;12.08.1953;1;0
RUHSATA;1;26.08.1917;0;1
SEMINCAN;1;7.07.1972;1;0
REPIYE;1;1.04.1950;0;1
RUHSATE;1;22.08.1925;0;1
NEHATTIN;1;6.06.1941;1;0
ZELIYKE;1;17.08.1954;0;1
MUHTTALIP;1;15.02.1982;1;0
SUHAYE;1;17.08.1960;0;1
ILHANGUL;1;2.02.1986;0;1
MILISER;1;28.09.1967;0;1
AYCIG;1;5.10.1968;0;1
GULDEBAN;1;23.04.1947;0;1
UTULAY;1;21.03.1966;0;1
MERTOGLU;1;28.05.1980;1;0
MUHAYIR;1;7.08.1934;1;0
SENAVIYE;1;13.02.1987;0;1
MUTVIYE;1;4.05.1946;0;1
YAVSER;1;3.12.1963;0;1
NEYZE;1;12.08.1941;0;1
SULFAR;1;2.02.1951;0;1
GULSEBNEM;1;27.01.1986;0;1
MUMECCIL;1;1.01.2001;0;1
COSEN;1;22.04.1980;1;0
UZULMEZ;1;17.06.1966;0;1
GOKSELIM;1;3.09.1990;1;0
BATUHA;1;10.05.1971;1;0
ZIYALEM;1;19.06.1943;0;1
ERCAVUS;1;25.02.1963;1;0
ZLATIYE;1;22.08.1937;0;1
JENFER;1;3.06.1960;0;1
TOGUMAN;1;8.10.1950;1;0
SATUYE;1;11.05.1970;0;1
TEFSIRIYE;1;19.08.1925;0;1
HAMIYETTIN;1;27.08.1968;1;0
MURGUHAN;1;11.01.1962;0;1
SUREYYASELIN;1;27.09.1990;0;1
FECIRHAN;1;10.07.1967;0;1
SERREM;1;4.03.1983;1;0
LEVENTHAN;1;26.12.1989;1;0
SAMIMCAN;1;19.01.1950;1;0
PERMURE;1;1.01.1938;0;1
SUNNER;1;7.07.1940;0;1
HUDAKAT;1;23.08.1956;0;1
NAHITCAN;1;8.09.1991;1;0
FECRUNNISA;1;20.03.1923;0;1
MEVZUFE;1;19.04.1947;0;1
MESNUT;1;8.02.1950;1;0
SAPHAT;1;2.02.1927;0;1
ELAHAT;1;2.04.1934;0;1
MELIYHAT;1;22.08.1949;0;1
EF.KEMAL;1;12.08.1953;1;0
PAHRETTIN;1;30.04.1956;1;0
SERMAS;1;24.05.1964;0;1
ZEYNISEN;1;17.02.1960;0;1
NUHUYDE;1;12.08.1941;0;1
MEDUM;1;26.06.1937;0;1
SEPURE;1;1.12.1951;0;1
GOZILA;1;22.10.1969;0;1
PAYENDER;1;11.07.1951;0;1
ENTELA;1;28.11.1976;0;1
GULTENAN;1;2.05.1957;0;1
INCISAN;1;5.10.1956;0;1
MAGLUTA;1;10.02.1945;0;1
BEYATLI;1;7.11.1979;1;0
PATRON;1;1.04.1971;1;0
NUCBE;1;11.07.1951;0;1
SERANOS;1;26.08.1926;0;1
MAKPIL;1;12.03.1941;0;1
MESDUDE;1;27.02.1944;0;1
FIGURA;1;1.06.1960;0;1
ZULKAADE;1;16.07.1958;0;1
ADAKAR;1;6.02.1944;0;1
GURSELER;1;21.09.1969;0;1
MUZAKE;1;8.02.1945;0;1
MUSERE;1;28.06.1958;0;1
CEZVAN;1;6.03.1933;0;1
GULENPE;1;2.04.1963;0;1
BAKAI;1;2.04.1970;1;0
GULLAZE;1;5.05.1966;0;1
ZOHRI;1;12.08.1941;0;1
ERDENEZ;1;6.03.1987;1;0
ORKON;1;16.05.1989;1;0
FERDANNE;1;13.02.1967;0;1
BURDUGAY;1;3.01.1986;1;0
MAHALIK;1;28.04.1962;1;0
HULUSEGUL;1;22.02.1976;0;1
SEFERETTIN;1;21.07.1965;1;0
BEGDILI;1;2.01.1963;1;0
GULMUM;1;12.05.1978;0;1
HACIBIYE;1;3.07.1950;0;1
ZULFICANAN;1;29.01.1971;0;1
NURSATIYE;1;3.05.1938;0;1
SINAYGUL;1;24.11.1977;0;1
YEK;1;2.03.1963;1;0
KAHAREY;1;22.05.1937;0;1
HIFRURAHMAN;1;23.02.1949;1;0
SUPEYLAN;1;22.06.1961;1;0
RAYHALI;1;26.12.1945;0;1
KAFIZE;1;23.02.1961;0;1
SILAYER;1;22.02.1979;1;0
MEMNUSIYE;1;18.08.1946;0;1
MUNIREGUL;1;20.04.1989;0;1
KARAMERT;1;1.02.1991;1;0
HULAM;1;18.12.1987;0;1
NARINDE;1;25.05.1941;0;1
RAZUG;1;14.07.1947;0;1
LEHVAZE;1;9.08.1926;0;1
DARUS;1;7.09.1964;1;0
NEBRUSEL;1;2.08.1957;0;1
NIZMIRA;1;28.03.1953;0;1
HEDRANE;1;7.02.1964;0;1
ESMURAL;1;14.07.1953;0;1
KAMZEL;1;13.10.1956;0;1
SEVFETTIN;1;17.03.1946;1;0
SEFDAL;1;17.03.1972;0;1
TESLIMSAH;1;6.02.1977;0;1
NUHENBER;1;8.11.1956;1;0
MUSADA;1;29.06.1958;1;0
DEVZAT;1;1.04.1966;1;0
ZEZIHA;1;28.07.1943;0;1
FIDAME;1;22.10.1985;0;1
VAYITDIN;1;6.12.1965;1;0
SURYANI;1;9.07.1974;1;0
NARIDEN;1;14.04.1947;0;1
ULIK;1;25.04.1925;0;1
VEKZE;1;17.03.1960;1;0
GAZIMEMET;1;27.06.1940;1;0
SEVCAL;1;6.05.1969;0;1
HACIYURT;1;28.01.1985;1;0
NUGRAL;1;2.01.1966;0;1
KIYS;1;9.04.1940;1;0
ZULAYA;1;15.04.1948;0;1
HIDAYIT;1;25.07.1985;1;0
SIYATCA;1;27.08.1932;0;1
SENARSLAN;1;12.02.1982;1;0
BEZBET;1;7.11.1952;1;0
SERIBAY;1;15.09.1965;0;1
NIRHAM;1;18.06.1957;1;0
IPAL;1;29.05.1942;0;1
KESTIK;1;29.09.1942;0;1
CEMUNUR;1;12.07.1967;0;1
ALICI;1;13.02.1965;1;0
JAMIL;1;2.09.1965;1;0
FURUZI;1;21.05.1968;0;1
MENKUBE;1;21.03.1947;0;1
SEHRAIL;1;9.03.1958;0;1
SAYINES;1;7.06.1951;0;1
FATIYA;1;22.02.1937;0;1
MUSLEYIN;1;27.08.1920;1;0
NEJLEN;1;9.03.1961;0;1
MEDIGUL;1;2.02.1969;0;1
TIBRAN;1;22.05.1955;1;0
RAKUBA;1;4.03.1971;0;1
ITLAMA;1;12.10.1970;0;1
IKRAYIL;1;21.06.1975;1;0
NUSEBIHA;1;1.02.1949;0;1
ASIRIF;1;27.08.1932;0;1
MIRCE;1;18.04.1941;0;1
MINSEREF;1;2.02.1957;0;1
SANKUL;1;26.04.1939;0;1
JUBERKAN;1;6.02.1981;1;0
SOAYIP;1;2.02.1957;1;0
GULSANDA;1;1.01.2001;0;1
SELHAMIT;1;9.04.1975;1;0
KETAYUL;1;1.10.1968;0;1
HIDEY;1;7.08.1934;0;1
NUVEY;1;26.07.1943;1;0
CEBO;1;26.07.1960;1;0
EFURCAN;1;28.02.1967;1;0
BIYHAN;1;20.04.1954;0;1
GULPERVER;1;9.06.1979;0;1
E.NURI;1;28.04.1946;1;0
URUKIYYE;1;2.05.1939;0;1
HELUK;1;11.04.1944;1;0
SOKULU;1;16.02.1956;1;0
BOYRAZOGLU;1;1.06.1967;1;0
SEYIFI;1;23.02.1947;1;0
MARZUK;1;30.11.1930;0;1
FUZEYME;1;27.12.1974;0;1
MEMNUKE;1;12.04.1971;0;1
SATITE;1;9.04.1946;0;1
LOMET;1;3.01.1933;0;1
BUYNA;1;16.09.1976;1;0
SEFNURE;1;22.06.1967;0;1
HASLUK;1;22.02.1935;0;1
VELIEDDIN;1;6.07.1971;1;0
GELENDER;1;16.04.1955;0;1
ALMUS;1;1.07.1961;1;0
VELADE;1;16.03.1939;0;1
DIDARBACI;1;30.2.1976;0;1
YARADAN;1;21.07.1969;0;1
DURHAMIYE;1;23.11.1954;0;1
EDILIYA;1;21.09.1982;0;1
ERCANAN;1;20.10.1971;1;0
FAKINUR;1;6.10.1961;0;1
OZOZAN;1;2.06.1972;1;0
FUZEYFE;1;18.08.1980;1;0
UMEYZE;1;8.10.1985;0;1
ANSIT;1;10.05.1928;0;1
SUUDUBEY;1;2.02.1955;1;0
BEZATI;1;11.06.1978;1;0
NURIFFET;1;21.02.1970;0;1
MEYHURE;1;26.10.1964;0;1
IZAHAD;1;21.06.1967;0;1
SUSPEN;1;17.04.1960;0;1
JUNET;1;22.08.1971;1;0
GULSEVGIN;1;15.10.1982;0;1
SAHMAMA;1;9.05.1952;0;1
MUDADDER;1;23.01.1978;0;1
TIBIYAN;1;7.11.1969;0;1
HERDAM;1;26.06.1942;0;1
SEYVENAZ;1;21.11.1983;0;1
ZOKAY;1;12.08.1923;0;1
ZEFEY;1;8.03.1946;0;1
OZNEYIR;1;2.10.1945;0;1
INSANI;1;19.02.1971;1;0
GULNILAY;1;14.09.1976;0;1
FADOS;1;3.07.1955;0;1
KAMBUR;1;16.02.1933;1;0
TEBERIL;1;21.06.1969;0;1
HULTER;1;29.03.1949;0;1
DOMANIS;1;4.03.1937;1;0
ALBAZ;1;19.03.1966;1;0
KIBARCA;1;12.02.1967;0;1
HOT;1;11.04.1932;1;0
GAZIOSMAN;1;7.12.1990;1;0
FERAADDIN;1;26.05.1970;1;0
SUBAK;1;20.08.1954;0;1
SADUGUL;1;22.06.1991;0;1
ATESAGA;1;26.04.1942;1;0
EMINCI;1;2.05.1945;0;1
MUHARA;1;15.09.1956;0;1
PEYKINE;1;2.02.1951;0;1
CAGATAS;1;7.10.1984;1;0
AREVATOK;1;16.06.1945;0;1
NURPERIHAN;1;10.09.1988;0;1
KATU;1;2.08.1933;0;1
HUKUKI;1;13.11.1974;1;0
DURNISE;1;9.04.1961;0;1
VAHRIN;1;12.05.1959;1;0
BAKTAY;1;10.05.1976;1;0
EKRAMIL;1;22.03.1970;1;0
NEVRANUR;1;1.12.1971;0;1
EFRUMI;1;1.12.1971;0;1
NAZLIMEN;1;5.12.1953;0;1
RAGAIB;1;25.03.1990;1;0
ARUMAN;1;1.06.1953;1;0
GULGIKAR;1;9.07.1979;0;1
IPSIR;1;17.10.1983;1;0
TUTCALAR;1;21.03.1940;0;1
HAMMIGUL;1;7.08.1916;0;1
YURDADAG;1;7.12.1964;1;0
SUGUIRAT;1;15.09.1972;0;1
YILDEMIR;1;30.06.1972;1;0
HOKKAC;1;17.03.1954;1;0
MIKNAZ;1;25.01.1975;0;1
MEMNUYE;1;1.04.1928;0;1
GUSUFA;1;19.12.1957;0;1
GULBAGANU;1;27.12.1983;0;1
ERTUGREL;1;27.04.1942;1;0
YALIFER;1;10.11.1950;0;1
AINAT;1;20.05.1930;0;1
KUMIYDE;1;24.05.1970;0;1
CENKAYBARS;1;26.08.1977;1;0
USTUHAN;1;15.02.1967;0;1
K.MURAT;1;11.09.1977;1;0
LUTFERIT;1;17.02.1962;1;0
HAKVET;1;19.09.1966;0;1
SEYUM;1;18.06.1959;0;1
LAILAT;1;14.05.1935;0;1
GUTDUSU;1;29.2.1961;1;0
NARZIYA;1;20.06.1950;0;1
MIGDE;1;19.05.1954;0;1
MERZUVAN;1;17.06.1960;1;0
SE;1;11.09.1970;1;0
FIYMAN;1;9.04.1964;0;1
NAKUR;1;24.05.1978;1;0
GULUSTANU;1;28.05.1987;0;1
HURIZIYA;1;22.08.1954;0;1
ZUVEYRA;1;18.01.1980;0;1
BELGUYA;1;16.01.1952;0;1
HALISGUVEN;1;29.01.1984;1;0
FAHRAMI;1;26.08.1983;1;0
ALDAM;1;27.07.1986;1;0
GURMUS;1;22.10.1924;0;1
MEHTUBE;1;18.09.1980;0;1
RIZAYI;1;21.01.1971;1;0
CAFFAR;1;22.01.1975;1;0
TELLIDURNA;1;6.04.1933;0;1
KAYATURAN;1;26.11.1966;1;0
KAYYUME;1;26.08.1984;0;1
SONANA;1;24.06.1949;0;1
HABIBIN;1;18.11.1987;1;0
DURAHATTIN;1;22.11.1961;1;0
EHMED;1;21.03.1978;1;0
SUMBANI;1;14.04.1971;1;0
KOLPERI;1;19.11.1955;0;1
FIKRED;1;3.02.1969;1;0
MAKTUT;1;27.12.1968;1;0
ZEYNEBU;1;11.02.1957;0;1
RENGHIN;1;11.04.1976;0;1
FATIG;1;30.03.1980;1;0
HURUFET;1;28.03.1942;0;1
NUTKAYA;1;26.09.1984;0;1
MINTANIM;1;9.04.1985;0;1
ZORTURK;1;27.11.1953;1;0
VEZLIHA;1;30.01.1970;0;1
SUVARET;1;3.04.1965;1;0
MINDEHAN;1;6.11.1967;0;1
NUTHUYA;1;21.06.1981;0;1
HUDABE;1;7.04.1952;0;1
TAGLAN;1;27.03.1980;1;0
OLKAYTUG;1;17.07.1986;1;0
ORHAT;1;4.10.1953;1;0
BIGENUR;1;14.06.1982;0;1
CIRPAN;1;26.07.1979;1;0
SERGINAZ;1;19.04.1979;0;1
EFLAETTIN;1;11.04.1940;1;0
NEZZADE;1;21.02.1945;0;1
SEFAMI;1;24.09.1975;1;0
NAYZIR;1;2.02.1939;0;1
SIZTEN;1;20.10.1938;0;1
M.AFSIN;1;12.03.1982;1;0
A.FIKRET;1;11.12.1966;1;0
TOKES;1;1.01.2001;0;1
GAZZENFER;1;10.02.1972;1;0
MEYULDE;1;9.01.1946;0;1
UNAS;1;2.08.1939;0;1
SELIFO;1;22.06.1961;0;1
PEYKINAZ;1;7.08.1934;0;1
SIMALYILDIZI;1;8.09.1956;0;1
FAHREN;1;11.09.1970;1;0
ZARULE;1;11.06.1975;0;1
ARZUAYTUG;1;17.07.1978;0;1
BELDEHAN;1;10.01.1992;0;1
SERAYIH;1;26.05.1954;1;0
ULUMSA;1;29.06.1962;0;1
NAYICE;1;7.08.1934;0;1
AZRAG;1;8.01.1978;0;1
NAHURE;1;22.06.1967;0;1
HASALIH;1;7.06.1979;1;0
HURMELIH;1;6.07.1961;1;0
SAHZADEGUL;1;3.04.1945;0;1
GULFILEZ;1;9.03.1951;0;1
ZEMBENUR;1;13.04.1946;0;1
EVLUYA;1;9.06.1964;0;1
OKYUNUS;1;28.03.1980;1;0
DILFURUZU;1;21.04.1948;0;1
ERGULSUM;1;11.02.1951;0;1
ALPBORU;1;26.09.1991;1;0
CIGERGUN;1;21.03.1977;1;0
FIKRETHAN;1;4.04.1985;1;0
ALPARSLANHAN;1;19.02.1990;1;0
REGAYI;1;22.06.1987;1;0
MIRIC;1;17.02.1966;0;1
KUTLUAKTAS;1;13.06.1989;1;0
ERSAIL;1;21.05.1953;1;0
AHPER;1;24.07.1980;1;0
GUNAYTEN;1;15.01.1945;0;1
ENEKIZ;1;8.12.1944;0;1
TEBINUR;1;2.02.1957;0;1
DONSENEM;1;11.08.1987;0;1
EDEVE;1;6.04.1960;0;1
SALEBE;1;1.01.1981;0;1
NERDANIYE;1;7.02.1952;0;1
MELIFO;1;22.06.1961;0;1
ENEM;1;26.11.1984;0;1
INZEHAL;1;7.05.1981;0;1
ADISABAH;1;11.04.1938;0;1
ABDULYAVUZ;1;25.03.1964;1;0
AYDINERDOGAN;1;16.10.1973;1;0
HILARAY;1;2.03.1991;0;1
GULAK;1;3.02.1959;0;1
SEHRIBANA;1;24.06.1967;0;1
IKBARHAN;1;9.05.1990;1;0
ADILEMERYEM;1;5.10.1974;0;1
RONDA;1;11.04.1976;0;1
MUNUNET;1;23.05.1943;0;1
BILKARIZ;1;26.03.1943;0;1
EFRANIYE;1;17.07.1966;1;0
HACIFAIK;1;26.06.1932;1;0
MUNRIYE;1;11.04.1936;0;1
MESURAY;1;2.05.1970;0;1
ABDULMALIP;1;24.09.1967;1;0
SEHADEDDIN;1;11.01.1971;1;0
NUTI;1;22.02.1967;1;0
NARDANELI;1;28.03.1944;0;1
SAFERAN;1;11.02.1967;0;1
ESUG;1;17.06.1955;0;1
BUIS;1;2.01.1960;0;1
TESLIK;1;6.02.1953;0;1
ZEMHANIM;1;21.04.1969;0;1
YUZGULU;1;2.02.1981;0;1
BINGULGULSEN;1;7.01.1943;0;1
PEKSEVER;1;26.02.1963;1;0
SEMEKTIN;1;2.08.1939;1;0
GULMELAL;1;13.11.1965;0;1
ESANE;1;26.04.1981;0;1
RUKEYA;1;21.07.1977;0;1
BAHAY;1;19.02.1983;0;1
SEYHZANE;1;16.01.1946;0;1
TAGIDDIN;1;22.05.1943;1;0
M.GURBUZ;1;17.08.1955;1;0
SUKRIYI;1;12.08.1923;0;1
OMER.I;1;8.11.1951;1;0
CENKTUG;1;7.10.1984;1;0
HIKMETHAN;1;11.02.1933;0;1
NURDAGOR;1;1.03.1943;0;1
MUJFAN;1;9.08.1981;0;1
ILMUYE;1;4.03.1957;0;1
PELENDER;1;22.04.1959;1;0
ZUHIYLA;1;27.11.1974;0;1
BOYUKHANIM;1;20.06.1941;0;1
FADENE;1;19.04.1947;0;1
SADELE;1;30.05.1976;0;1
HURMENEK;1;1.11.1962;0;1
NUSVART;1;4.08.1937;0;1
KIRKORIK;1;16.06.1938;1;0
SULBIA;1;16.09.1982;0;1
FERHUNLE;1;3.05.1947;0;1
SENYUREK;1;1.11.1970;1;0
SOYGAL;1;19.11.1968;1;0
TILAVERGAZI;1;6.05.1969;1;0
ILAZIYE;1;26.04.1959;0;1
GULNIYMET;1;26.12.1948;0;1
ANGI;1;12.09.1977;1;0
HULBIZ;1;21.02.1956;1;0
ULRUYE;1;1.05.1972;0;1
ILBEGUM;1;17.08.1978;0;1
GUSEREF;1;2.04.1963;0;1
EBUS;1;27.08.1920;0;1
FATMAGURSEL;1;6.08.1948;0;1
MUALLAKIYA;1;5.04.1964;0;1
NAZLIGULSUM;1;10.08.1986;0;1
NEMIS;1;11.09.1950;0;1
SAYITER;1;28.11.1977;1;0
ARDANER;1;16.03.1962;1;0
FAYESTE;1;10.04.1983;0;1
DODUS;1;26.06.1973;0;1
APULAGA;1;2.08.1921;1;0
NADIYNE;1;8.08.1987;0;1
ABDULLAGAZI;1;13.02.1977;1;0
DOKUZOGUZ;1;2.07.1979;1;0
HAZIYNE;1;23.02.1967;0;1
GISELI;1;9.10.1930;0;1
GULSENDEN;1;1.06.1953;0;1
TEYKA;1;15.09.1960;0;1
GULSEPTI;1;19.07.1985;0;1
SEFKIN;1;13.08.1951;1;0
ABDULVEHHABIGAZI;1;23.03.1963;1;0
SEYFIRAZ;1;13.05.1963;0;1
AYSEBALKIZ;1;21.12.1947;0;1
KULERSIN;1;24.09.1950;0;1
MUZEYCA;1;24.05.1965;0;1
REISA;1;6.03.1957;0;1
Z.TUNCER;1;5.08.1972;1;0
UMMUCIHAN;1;21.05.1961;0;1
ABTULVAHAP;1;7.03.1956;1;0
ZIYEATDIN;1;14.04.1953;1;0
SIYERE;1;17.08.1936;0;1
GULSEHA;1;18.09.1985;0;1
NARIMET;1;7.11.1951;0;1
OTAGAN;1;28.12.1990;1;0
BIRSENIN;1;23.07.1981;0;1
TERANI;1;23.10.1976;1;0
IMMIHA;1;16.01.1981;0;1
MEVFUS;1;4.03.1951;0;1
SEFULI;1;1.03.1983;0;1
VERETTIN;1;14.10.1970;1;0
FETAHME;1;27.08.1914;0;1
MENEVSA;1;2.02.1981;0;1
HIGAR;1;6.05.1989;0;1
MUDDEL;1;11.05.1960;1;0
KABEGUL;1;19.09.1989;0;1
EMLIA;1;1.11.1967;1;0
KAYGUL;1;5.04.1986;0;1
PIRVARE;1;7.08.1928;0;1
NAAMHATUN;1;28.04.1956;0;1
GULSABRIYE;1;5.10.1974;0;1
DONZER;1;22.06.1979;0;1
KAYAGIZ;1;19.09.1952;0;1
KEZBIAN;1;1.11.1965;0;1
MUCADAT;1;22.08.1990;1;0
HARDANE;1;21.11.1983;0;1
OEMER;1;26.02.1991;1;0
TESIBE;1;17.08.1983;0;1
MADUMAK;1;22.02.1961;0;1
BEHLER;1;10.06.1987;1;0
ETCE;1;16.03.1941;0;1
HIBADULLAH;1;6.04.1933;1;0
HAMUGUL;1;1.01.2001;0;1
GOGGUL;1;8.08.1933;0;1
APTU;1;7.11.1964;1;0
SERIUL;1;11.04.1963;0;1
NEERIMAN;1;29.06.1942;0;1
MUGMUN;1;7.12.1972;1;0
CERCISE;1;30.10.1946;0;1
AYDAY;1;19.02.1978;0;1
ENGINSEL;1;15.04.1954;0;1
SALIYHA;1;21.02.1959;0;1
USMIYE;1;18.12.1943;0;1
NUTVIYA;1;6.04.1948;0;1
YALCINALI;1;27.11.1962;1;0
SEZERALI;1;13.02.1987;1;0
TEFEYDE;1;8.07.1933;0;1
AKYER;1;21.06.1944;1;0
SIYAMIS;1;7.05.1970;1;0
KARABAYIR;1;2.03.1948;1;0
MAAVIYE;1;27.08.1926;0;1
KAFAYET;1;27.03.1944;0;1
ZEBRAHI;1;25.09.1985;0;1
PERILER;1;13.04.1959;0;1
HASMAT;1;7.02.1970;1;0
MEHUGUL;1;19.02.1966;0;1
HAKIBEY;1;19.02.1957;1;0
HAYRETBAY;1;13.02.1947;1;0
SEVTAL;1;6.04.1981;0;1
GUNLURE;1;18.04.1960;0;1
ZULFIAY;1;12.08.1982;0;1
KETEAYUN;1;7.12.1980;0;1
URULAY;1;8.12.1986;0;1
HUMMAYUN;1;2.03.1960;0;1
LISTIYE;1;13.11.1970;0;1
TEHMIL;1;9.10.1975;0;1
DESTENAZ;1;22.02.1991;0;1
MINNURIY;1;23.06.1951;0;1
ANZOR;1;23.04.1950;1;0
RUSSET;1;8.03.1981;0;1
MEJDANIYE;1;26.09.1976;0;1
HATUT;1;22.08.1931;1;0
ZEHINUR;1;6.07.1973;0;1
MAGSEKER;1;17.06.1948;0;1
KAMERCIL;1;27.08.1920;0;1
FERMIDA;1;6.04.1926;0;1
MUSADER;1;21.10.1988;1;0
BESIHAT;1;2.02.1937;0;1
AHMEDIRULLAH;1;1.04.1977;1;0
MESMEHATIN;1;29.03.1962;0;1
FERTEL;1;2.04.1939;1;0
SOBEN;1;24.09.1947;0;1
AYFERNUR;1;11.12.1987;0;1
ASLIHAH;1;30.09.1979;0;1
SEREBA;1;26.06.1990;1;0
SAGIM;1;1.09.1942;1;0
NUZCIYE;1;19.07.1939;0;1
NEYMINE;1;19.03.1966;0;1
NEPRUZ;1;24.12.1979;0;1
SEVRIHAN;1;6.04.1987;0;1
KULUMMET;1;18.06.1952;1;0
SUKUFFE;1;2.09.1975;0;1
HUDALI;1;28.02.1949;1;0
SAMIRIN;1;7.04.1940;0;1
NADZEYA;1;4.05.1977;0;1
MUTHAN;1;6.11.1971;1;0
ARSADI;1;8.04.1939;1;0
GULPISE;1;4.08.1951;0;1
SEVDEBA;1;5.01.1939;0;1
SIAT;1;4.07.1975;0;1
EDIMBANU;1;16.06.1969;0;1
NAZLIZAR;1;4.07.1976;0;1
KEMERBANI;1;8.04.1951;0;1
IYIL;1;2.08.1927;1;0
SERVISTAN;1;6.05.1967;1;0
LEHUM;1;27.02.1956;1;0
SADEKKAT;1;13.08.1958;0;1
HEKGUL;1;22.10.1988;0;1
SIFATTIN;1;21.10.1984;1;0
AFARUZ;1;23.03.1932;0;1
FATOC;1;27.11.1972;0;1
BIKARE;1;12.03.1934;0;1
SALIHAGUL;1;18.08.1984;0;1
FERYAGDI;1;24.06.1971;1;0
TURKEM;1;14.03.1978;0;1
KABIRAT;1;9.12.1944;0;1
KAMILAT;1;4.06.1939;0;1
KUBLA;1;24.01.1961;0;1
MEHTAL;1;27.02.1968;0;1
MAHFURUZE;1;29.04.1955;0;1
ADAZKER;1;2.03.1949;0;1
HIMMIGUL;1;22.12.1955;0;1
DURMUT;1;7.12.1990;0;1
SEMIYLE;1;27.02.1992;0;1
FATIC;1;26.06.1956;0;1
KITIK;1;19.03.1966;0;1
MEJRUSA;1;23.08.1957;0;1
SUKRIFE;1;6.11.1986;0;1
NAGRUZ;1;22.02.1967;0;1
SELDIHA;1;3.04.1981;0;1
NURDALLI;1;17.07.1958;0;1
NEZIMAT;1;22.02.1955;0;1
DILFUAY;1;17.06.1966;0;1
MURREM;1;16.07.1979;1;0
ZUTUYE;1;21.04.1951;0;1
COMER;1;23.04.1955;0;1
PEROG;1;12.02.1953;0;1
MUESSES;1;6.10.1969;0;1
TIFDIK;1;17.07.1954;0;1
LIYBEN;1;8.04.1981;0;1
DOYMEN;1;1.04.1956;0;1
LUVIZIYE;1;2.09.1979;0;1
GULKAYE;1;27.02.1992;0;1
AGGIZ;1;16.02.1969;0;1
YETERBERGEN;1;11.11.1991;0;1
PERZANE;1;11.10.1982;0;1
MINEBER;1;2.02.1975;0;1
MURATSONAD;1;19.07.1987;1;0
MARHAMET;1;21.08.1967;1;0
BACIKALFA;1;17.08.1924;0;1
RUHIREVAN;1;17.02.1960;0;1
FILFIRAZ;1;14.04.1971;0;1
BULDU;1;27.01.1974;1;0
BUZALI;1;2.01.1935;1;0
FERUDUMER;1;26.04.1952;1;0
HUDENE;1;30.04.1944;0;1
ESBATI;1;12.08.1953;1;0
HAMPARS;1;1.11.1954;1;0
INMI;1;1.12.1952;0;1
ABUMETTIN;1;8.01.1946;1;0
GULREVA;1;22.03.1981;0;1
SERINBAHAR;1;17.04.1965;0;1
MIMSIN;1;28.02.1949;1;0
DURAP;1;12.02.1977;1;0
NAMIZE;1;24.09.1961;0;1
MERZEHAN;1;24.08.1954;0;1
KEZA;1;26.03.1933;0;1
HABUYAR;1;17.02.1941;1;0
TURSI;1;2.08.1915;0;1
NURALAN;1;15.10.1945;0;1
NABUK;1;14.06.1937;0;1
BENIANDENIZ;1;24.06.1973;0;1
GULDURAK;1;7.08.1988;0;1
YAYLAGULI;1;24.06.1961;0;1
TEYFIGE;1;27.03.1950;0;1
ELUK;1;12.08.1929;0;1
ZIVVER;1;18.08.1969;1;0
NURABET;1;2.02.1975;0;1
IBEYHIDE;1;24.09.1978;1;0
TAKKE;1;17.02.1966;1;0
DAMARA;1;27.04.1938;0;1
YAYLADALI;1;2.02.1951;0;1
ZULFICCE;1;1.02.1952;0;1
BIRENSEL;1;2.11.1974;1;0
TULAYYA;1;9.01.1967;0;1
FEHRAMUS;1;25.04.1983;1;0
SAHZE;1;12.06.1958;0;1
KEMTERI;1;7.05.1968;1;0
YESEMI;1;22.02.1967;0;1
DURHAYIR;1;16.06.1961;1;0
SAKESTE;1;15.01.1945;0;1
ABDETTIN;1;7.08.1928;1;0
DELOKE;1;12.02.1959;0;1
SULASI;1;16.01.1977;1;0
CISTAN;1;12.03.1953;0;1
SERDEBIL;1;22.02.1985;1;0
SUFELI;1;17.08.1930;0;1
UMMIGUSSUN;1;7.04.1946;0;1
GULYAKAN;1;17.02.1972;0;1
CITAK;1;12.04.1957;1;0
HANIKEY;1;17.08.1960;0;1
NURIZIR;1;7.05.1982;1;0
EMES;1;17.02.1966;1;0
SUGAYUP;1;22.10.1966;1;0
ZULHANIM;1;6.10.1978;0;1
MUZERRIF;1;16.12.1970;1;0
TABAHATTIN;1;17.11.1966;1;0
NERIMAH;1;6.10.1979;0;1
MEBRUSIYE;1;26.05.1951;0;1
HUMASE;1;17.10.1960;0;1
HALLA;1;17.06.1936;1;0
NASAYET;1;9.09.1945;0;1
CEMIAFER;1;7.04.1954;0;1
MEKAFET;1;27.06.1974;0;1
ZUMUNAL;1;2.02.1957;0;1
GUZIYDIYE;1;22.04.1956;0;1
NAMIM;1;2.08.1933;0;1
GULUMAGA;1;26.02.1960;1;0
ZEFISAN;1;22.08.1943;0;1
URFUNAR;1;21.03.1964;0;1
PURDANE;1;3.01.1969;0;1
SASNA;1;26.02.1946;0;1
RUDALE;1;4.11.1963;0;1
RUATTIN;1;22.03.1979;1;0
ZEKIYLE;1;7.10.1970;0;1
ZARATTIN;1;24.04.1979;1;0
RUEDA;1;9.05.1982;0;1
RABIATU;1;24.09.1979;0;1
NEDIMSAH;1;12.04.1963;1;0
MURKIZAT;1;17.08.1936;0;1
OZNURGUL;1;27.03.1974;0;1
NETRED;1;2.12.1963;0;1
FIRASER;1;21.02.1951;0;1
ERTUGRULBEY;1;21.07.1972;1;0
PEYNUR;1;8.10.1952;0;1
RUKGUYE;1;22.08.1955;0;1
NEYZULLAH;1;12.08.1941;1;0
PEYMENIYE;1;9.03.1975;0;1
GULKAMIL;1;15.10.1950;1;0
NAYINE;1;22.11.1953;0;1
MENMURIYE;1;19.01.1964;0;1
ISAME;1;26.09.1965;0;1
ENISEI;1;28.03.1957;0;1
TOKATLI;1;1.01.2001;0;1
SUKUFET;1;27.09.1973;0;1
FERDUNDE;1;11.04.1975;0;1
ZIAYETTIN;1;22.02.1965;1;0
SATUS;1;16.10.1964;0;1
SIHHABETTIN;1;24.03.1964;1;0
ABDURRAHMANI;1;3.06.1969;1;0
MUADAT;1;22.08.1931;0;1
KATDER;1;14.07.1963;0;1
KUCEK;1;25.01.1969;0;1
SALDIM;1;1.03.1943;1;0
YUSMAN;1;16.06.1961;1;0
GULFIZIYE;1;1.01.2001;0;1
SAHIMIYE;1;27.03.1962;0;1
LUBESSER;1;17.09.1966;0;1
HENSER;1;22.08.1937;0;1
YUSEMMA;1;9.03.1976;0;1
MIRZAHA;1;27.02.1992;0;1
MEYUZE;1;11.09.1959;0;1
KADIMOLLA;1;22.06.1937;0;1
SERBEL;1;27.08.1950;0;1
NUYRETTIN;1;16.06.1944;1;0
EZUK;1;12.08.1947;0;1
UKRUYE;1;5.08.1951;0;1
MUZAHATTIN;1;12.08.1971;1;0
ELVINDE;1;17.08.1936;0;1
HAMDETTIN;1;2.07.1975;1;0
KUDISSI;1;14.10.1950;1;0
DURSEFA;1;30.07.1962;1;0
AVAYIS;1;12.08.1941;0;1
SEFEHAN;1;14.09.1987;1;0
IMETI;1;22.04.1943;0;1
PEYGEL;1;14.05.1975;0;1
MECBARE;1;27.08.1938;0;1
NERZET;1;22.08.1937;1;0
MESEBIYE;1;16.03.1959;0;1
RAMUZE;1;28.10.1960;0;1
NEZEHATDIN;1;18.05.1960;1;0
USURAF;1;2.08.1951;1;0
SEBAATI;1;25.05.1968;1;0
DINYAMI;1;6.08.1953;1;0
EHRUM;1;7.08.1946;0;1
MEBUSET;1;1.07.1966;0;1
YUZIGAR;1;17.10.1956;0;1
NURZANAN;1;3.05.1968;0;1
SEYFURIYE;1;2.08.1945;0;1
MUZAVETTIN;1;22.08.1955;1;0
SAHONDER;1;8.11.1970;1;0
IDEYSE;1;22.08.1925;0;1
SAMUZET;1;7.08.1940;0;1
MATISE;1;26.05.1949;0;1
MUCEVIR;1;17.08.1960;0;1
SIYENDER;1;7.03.1971;0;1
SIYAMA;1;14.12.1958;1;0
NULUYE;1;11.12.1956;0;1
RAMIBE;1;8.05.1976;0;1
DEYBIFER;1;12.08.1935;0;1
NEMRUNIYE;1;22.06.1966;0;1
DAFIDE;1;7.08.1952;0;1
HISARETTIN;1;12.08.1935;1;0
AVAIS;1;6.11.1944;0;1
VAHDISEN;1;7.05.1961;0;1
NEDAHIR;1;6.04.1951;0;1
MURKEZAT;1;21.01.1982;0;1
LUBESER;1;28.11.1974;0;1
ATMI;1;11.09.1954;1;0
CANCEVER;1;12.11.1973;0;1
MUSEMMAHA;1;26.05.1976;0;1
SEVBAY;1;12.02.1965;0;1
ZEVLUSAN;1;11.07.1950;0;1
MEMULE;1;27.04.1938;0;1
ZEYFETDIN;1;5.05.1966;1;0
BEGSET;1;3.11.1950;1;0
UZZETI;1;7.02.1970;0;1
DODE;1;22.08.1931;0;1
ULMIGUL;1;15.02.1980;0;1
DOGANE;1;11.02.1951;0;1
HAYRISER;1;30.12.1960;0;1
MUHUM;1;27.02.1974;1;0
HASTE;1;22.02.1931;0;1
IBAZAL;1;21.06.1957;1;0
SEMRU;1;26.10.1970;0;1
EVAYIS;1;7.08.1934;0;1
ZUNUSAH;1;10.10.1930;0;1
SELCENNUR;1;19.04.1985;0;1
HURUMIZE;1;23.01.1961;0;1
HAVIC;1;1.01.2001;0;1
NECAYIL;1;2.02.1969;1;0
HADBIYE;1;12.08.1929;0;1
BEZAIT;1;29.05.1950;1;0
SANVEREN;1;16.03.1964;1;0
ILMUZE;1;1.02.1955;1;0
HUDAYUN;1;12.05.1957;0;1
MUTTULLAF;1;11.04.1992;1;0
BIDESE;1;17.07.1956;0;1
MUDEVVERE;1;8.06.1954;0;1
FAGIME;1;22.12.1946;0;1
MUHIBBIYE;1;15.05.1935;0;1
EVLURU;1;27.08.1971;0;1
EVLUR;1;3.04.1977;0;1
EVLERU;1;10.06.1964;0;1
UREL;1;14.12.1988;1;0
MERGULEN;1;27.02.1963;0;1
SUVANDER;1;22.02.1961;0;1
GORGE;1;23.07.1964;0;1
ZEMMISAN;1;6.06.1939;0;1
HATICEG;1;2.02.1987;0;1
GUNEVEL;1;9.07.1955;1;0
HURUZU;1;10.12.1965;0;1
ELVERU;1;17.02.1954;0;1
ILKNAY;1;28.08.1982;0;1
SEBIYEGUL;1;7.02.1970;0;1
MERRAM;1;16.09.1947;0;1
KUTRETE;1;17.03.1930;0;1
ZULFUNAL;1;15.03.1974;0;1
ERSAADET;1;12.08.1963;0;1
SENMINE;1;20.05.1927;0;1
GOBAR;1;12.02.1953;0;1
EHRUMEN;1;16.03.1957;0;1
MUNRI;1;11.06.1943;1;0
NURFATIH;1;25.04.1982;1;0
LAYUZE;1;9.05.1947;0;1
SUNMUYE;1;28.09.1948;0;1
MUHAMVER;1;2.02.1957;1;0
PIRUZA;1;5.10.1932;0;1
GULMISI;1;7.08.1940;0;1
FETGIME;1;24.05.1946;0;1
SEVIMA;1;8.05.1984;0;1
SEBEYETTIN;1;6.03.1942;1;0
SEYYARGUL;1;22.02.1961;0;1
ZULUKE;1;17.02.1990;0;1
FEYZUZ;1;16.12.1953;1;0
ABDULLAHMUTTALIP;1;12.04.1965;1;0
MUSEPBIHA;1;12.08.1929;0;1
MEJDUDE;1;21.10.1959;0;1
TARIHSER;1;16.06.1945;0;1
FENARET;1;22.02.1967;0;1
ALIHADI;1;22.07.1967;1;0
SERAMIS;1;21.07.1969;1;0
SADEDE;1;29.07.1954;0;1
BELAGAT;1;27.08.1926;0;1
BELGIM;1;10.05.1965;0;1
ZULCA;1;6.04.1955;0;1
PERUNE;1;18.10.1953;0;1
FIKASET;1;11.03.1939;0;1
SALUNAZ;1;16.02.1962;0;1
E.BEKIR;1;21.12.1963;1;0
MENISEK;1;21.11.1947;0;1
HUFEYDAT;1;19.04.1948;0;1
DEMIZHAN;1;22.01.1985;0;1
BIREMHAN;1;12.08.1935;0;1
EVSANIYE;1;26.10.1966;0;1
AFNEL;1;15.05.1990;0;1
BEZRA;1;14.10.1981;0;1
TESADIF;1;21.05.1975;1;0
KIZCAHAZ;1;16.04.1962;0;1
MUBERRAG;1;7.08.1934;0;1
GULL;1;1.11.1972;0;1
HURMIZIYE;1;11.01.1957;0;1
NUTHUYE;1;12.05.1964;0;1
GULCIGIR;1;11.05.1974;0;1
GOKNAZ;1;21.09.1964;0;1
GULKESER;1;27.08.1950;0;1
REFASETTIN;1;11.06.1962;1;0
BULBIYE;1;6.03.1977;0;1
NURSUMEYA;1;6.07.1990;0;1
YILDIRIMBEY;1;27.10.1974;1;0
IFAYE;1;10.05.1955;0;1
NAILCAVUS;1;5.05.1985;1;0
GUPUR;1;7.08.1940;1;0
ABSUL;1;17.08.1930;1;0
ARUL;1;2.06.1975;1;0
HACBETTIN;1;17.08.1942;1;0
KICCALI;1;23.06.1959;0;1
GULLEK;1;26.06.1961;0;1
UNZUBAN;1;6.01.1973;0;1
OLCANAY;1;27.06.1985;1;0
FETTOS;1;12.06.1941;0;1
HAVLEHATUN;1;7.05.1979;0;1
EMUSE;1;20.09.1956;0;1
ADIGER;1;7.08.1931;0;1
APTULRESIT;1;17.08.1924;1;0
TUK;1;14.04.1978;1;0
EMRALIYE;1;20.10.1943;0;1
GULUZANI;1;26.11.1955;0;1
ZEBIT;1;22.08.1919;0;1
OGUZBAY;1;12.04.1965;1;0
NEZBADE;1;6.07.1964;0;1
NEVMEHAL;1;10.06.1946;0;1
SERMISAH;1;7.11.1946;0;1
KUSAGAG;1;9.04.1926;0;1
ABDULKASIF;1;1.04.1959;1;0
MARZIYET;1;25.05.1947;0;1
SERVERDE;1;7.10.1929;0;1
YILSAR;1;27.01.1956;1;0
ERTEMEN;1;1.06.1973;1;0
OMERAL;1;25.10.1951;1;0
BAHIGUL;1;26.03.1950;0;1
GULAKA;1;10.09.1977;0;1
EREMRE;1;3.06.1976;1;0
CELEBIHAN;1;16.11.1984;1;0
COSARGUL;1;15.05.1962;0;1
HALIKVERDI;1;15.09.1977;1;0
MUSUMA;1;11.03.1982;0;1
SAHBEBE;1;19.09.1975;0;1
BOLGUN;1;6.04.1933;0;1
EMDA;1;28.03.1929;0;1
YASULTAN;1;21.04.1965;0;1
ABDULSEDTAR;1;2.08.1963;1;0
MERETKUL;1;27.06.1949;1;0
OGULSELVI;1;9.03.1967;0;1
OGULDONDU;1;15.07.1958;0;1
MAHIMSAH;1;21.04.1971;0;1
HIDIRKULU;1;19.05.1963;1;0
MUHAMMETZAHIR;1;17.06.1962;1;0
MURTAZAKUL;1;12.02.1983;1;0
SIIRNAZAR;1;27.08.1968;1;0
OGULKISI;1;25.04.1943;0;1
BEBERAUFE;1;23.03.1979;0;1
GELDIGUL;1;2.03.1963;0;1
ZULPE;1;15.11.1958;0;1
KULAMRESUL;1;6.05.1986;1;0
BOLDUGUL;1;16.11.1965;0;1
KILICDURDU;1;16.11.1965;1;0
OGULBUKE;1;13.09.1958;0;1
ANABIBI;1;25.10.1955;0;1
GULUMSAKI;1;11.06.1975;1;0
UVEZGELDI;1;27.10.1978;1;0
ALLAHVERDIHACI;1;7.08.1922;1;0
EMZET;1;12.08.1935;0;1
SITTIHA;1;27.02.1962;0;1
NUMUFE;1;2.02.1939;0;1
NAFIGAR;1;17.08.1942;0;1
NERGHIUZEL;1;11.12.1977;0;1
DURDUMURAT;1;2.08.1974;1;0
DERKIN;1;25.08.1979;0;1
MURKUZET;1;11.12.1964;0;1
HUZURU;1;26.09.1970;0;1
MUKAYIN;1;17.02.1983;1;0
ATILANT;1;12.02.1977;1;0
NIKAHIYE;1;1.01.2001;0;1
BECEL;1;26.06.1941;0;1
CICAG;1;2.08.1927;0;1
ABDUTMUTTALIP;1;9.07.1972;1;0
NORSA;1;19.09.1941;0;1
MABUL;1;17.04.1963;0;1
SERDENUR;1;30.05.1975;0;1
MUSERREFI;1;20.07.1978;0;1
MISILLI;1;11.07.1940;0;1
SENUYIDDIN;1;13.01.1958;1;0
H.HAMIT;1;21.12.1969;1;0
VERZILE;1;16.12.1957;0;1
MESAVER;1;10.04.1965;0;1
ALMALA;1;11.01.1983;0;1
RUFEDDIN;1;6.06.1968;1;0
BAKAYI;1;22.02.1967;1;0
NAREL;1;28.06.1980;0;1
ELIFGOKCEN;1;7.02.1990;0;1
SUAYF;1;25.10.1980;1;0
PAZARHAN;1;2.08.1925;0;1
KADENFES;1;6.04.1950;0;1
EYUPHICRANI;1;12.11.1982;1;0
MUSEYYI;1;27.01.1952;1;0
ABDULMUSLIM;1;27.07.1932;1;0
ERBUKEN;1;18.12.1963;1;0
SEVGIBE;1;12.05.1971;0;1
MURSALE;1;22.03.1955;0;1
NECAVIT;1;21.11.1981;1;0
SUVAYDA;1;17.04.1983;0;1
VAHHIDE;1;16.04.1987;0;1
LUGIS;1;2.05.1951;0;1
GULEDIYE;1;27.03.1974;0;1
TUDYE;1;7.09.1970;0;1
MEVRANUR;1;15.10.1983;0;1
KORKUNT;1;19.04.1978;1;0
ILKNURULLAH;1;2.10.1983;1;0
BATTUM;1;12.08.1935;0;1
ENTEM;1;9.10.1952;0;1
NURBETTIN;1;12.09.1965;1;0
GULCEHREN;1;17.08.1954;0;1
CUMAGAFFAR;1;25.09.1967;1;0
SALIHASLAN;1;7.11.1972;1;0
GURTOP;1;21.04.1948;0;1
TAYNAZ;1;28.04.1968;0;1
ZERMIDE;1;13.03.1973;0;1
MUSEYYIT;1;12.09.1971;1;0
AKARDENIZ;1;4.08.1991;1;0
IMIC;1;27.05.1968;0;1
MERZIK;1;11.06.1963;0;1
USGUDAR;1;6.04.1967;0;1
TEYMURTAS;1;19.02.1966;1;0
BIRSELMAN;1;1.06.1966;0;1
TUGBAHILAL;1;28.02.1987;0;1
SEHLEVEND;1;20.07.1972;0;1
EYSARA;1;18.07.1948;0;1
KULZADE;1;7.03.1956;0;1
TONGABAY;1;22.08.1972;1;0
SEYHRAZI;1;11.02.1980;1;0
URRET;1;1.12.1960;1;0
RUKHET;1;24.11.1979;0;1
TUMURTAS;1;7.02.1952;1;0
NERCINS;1;26.01.1973;0;1
GUVENDER;1;26.06.1955;0;1
GULRUFU;1;19.07.1955;0;1
SEVDAGMEN;1;18.04.1969;0;1
ALINECI;1;21.12.1953;1;0
GOSEL;1;17.02.1966;0;1
UNIZ;1;6.07.1981;0;1
AGZER;1;4.04.1963;1;0
ZULHANLI;1;2.02.1963;1;0
ORHUC;1;12.03.1965;0;1
HUSAMETDUN;1;11.03.1974;1;0
MERBADE;1;7.02.1952;0;1
BENNIHA;1;17.02.1966;0;1
LUZBIYE;1;17.05.1964;0;1
ZAREF;1;29.06.1947;0;1
MUDUVET;1;20.10.1980;1;0
NIVEDIYE;1;17.02.1948;0;1
CERRAF;1;13.12.1976;1;0
DULDULE;1;26.05.1966;0;1
SENCIFE;1;16.11.1976;0;1
SUGUFER;1;21.09.1948;0;1
NAZLUGUL;1;1.02.1967;0;1
HARDES;1;12.02.1941;0;1
KIYASEDTIN;1;6.05.1980;1;0
ABDULGAFURALIM;1;15.06.1980;1;0
AKILBEY;1;5.12.1960;1;0
MAHSUBU;1;17.04.1954;0;1
HUZILI;1;21.05.1978;1;0
FATMAK;1;9.11.1963;0;1
MEKTUPHAN;1;12.07.1965;0;1
SERMAHA;1;26.07.1960;0;1
PURDEZ;1;7.02.1952;0;1
EHRAMIYE;1;27.08.1938;0;1
VEYZULLAH;1;1.05.1972;1;0
GENCARDEM;1;27.02.1974;1;0
ALPERTUG;1;13.04.1992;1;0
HASLER;1;12.02.1953;0;1
HAMISHAN;1;1.10.1955;0;1
ZUHNUR;1;12.05.1977;0;1
ZIYABA;1;27.10.1980;1;0
HACCET;1;28.01.1964;0;1
TEBLIKAN;1;1.06.1973;0;1
SUKRANGUL;1;9.07.1986;0;1
PURANDOT;1;17.08.1930;0;1
EHVANI;1;12.11.1965;1;0
SEVBUKE;1;27.10.1990;0;1
MIADIN;1;29.03.1946;0;1
GULKADIR;1;2.03.1972;1;0
BELGINER;1;4.04.1969;0;1
YASAI;1;16.02.1975;1;0
ZAYNURE;1;27.05.1949;0;1
FADIMEGONCA;1;7.09.1976;0;1
KAKAY;1;12.08.1923;0;1
NUGREN;1;30.06.1955;0;1
IZMEL;1;4.06.1979;0;1
RAGINAT;1;8.07.1979;0;1
ZELBUZE;1;12.02.1941;0;1
CAGAFER;1;18.02.1964;1;0
CESNIMAZ;1;24.05.1953;0;1
GULKANAT;1;17.09.1948;0;1
ZULLUGER;1;24.07.1961;0;1
GOGAY;1;25.09.1962;1;0
TUTGE;1;15.11.1948;0;1
GULEVE;1;7.07.1950;0;1
RECAYII;1;15.01.1979;1;0
NUFELI;1;15.03.1962;0;1
ASANBEY;1;1.04.1953;1;0
GUHDIJA;1;11.08.1948;0;1
SEDAA;1;14.10.1983;0;1
MECHULIYE;1;30.09.1965;0;1
ZAFETDIN;1;16.02.1956;1;0
GIZDEM;1;22.02.1990;0;1
GURBUZHAKAN;1;6.04.1967;1;0
EBOZER;1;14.02.1974;1;0
EKANI;1;7.11.1970;1;0
EBRUME;1;7.02.1978;0;1
ZABIYA;1;12.03.1959;0;1
EDAVIS;1;7.06.1946;0;1
ELUL;1;2.04.1963;1;0
BILGEGUN;1;25.06.1980;0;1
UMMUZET;1;22.09.1955;0;1
MIYHANE;1;12.08.1929;0;1
ATLEY;1;11.02.1957;1;0
TELABI;1;19.02.1984;1;0
MUHREDIN;1;29.12.1950;1;0
MUHACIDE;1;27.03.1980;0;1
IPEZ;1;1.04.1938;0;1
LOKER;1;2.08.1933;0;1
ELFUZER;1;15.02.1935;0;1
ISMILAZ;1;23.12.1967;0;1
MUSLUMHUR;1;1.10.1975;1;0
H.NURIYE;1;2.08.1933;0;1
GURMU;1;21.11.1940;0;1
YAMANE;1;18.11.1955;0;1
HULGU;1;1.06.1981;1;0
CELALETDINI;1;25.10.1971;1;0
GOZUGULEN;1;2.08.1933;0;1
EDEVET;1;1.02.1966;0;1
ORAZGUL;1;16.02.1952;0;1
HAYTKUL;1;22.02.1943;1;0
MUSTAFAANT;1;7.07.1973;1;0
BUSEERA;1;12.02.1983;0;1
ABDUNAIM;1;8.03.1987;1;0
YAZBAKI;1;17.08.1972;1;0
OGULSA;1;17.08.1978;0;1
BIBIRABIA;1;2.08.1969;0;1
BEBECEMAL;1;23.08.1948;0;1
MUHKEMTAS;1;19.06.1960;1;0
BIBIZULEYHA;1;21.12.1948;0;1
VELINIYAZ;1;27.02.1962;1;0
ROZBEBE;1;14.07.1959;0;1
KURBANDURDU;1;10.04.1946;0;1
AHBIBI;1;25.09.1961;0;1
MOLLASAHIN;1;17.03.1924;1;0
CUMABIKE;1;12.08.1964;0;1
MAMEDULLAH;1;2.08.1963;1;0
OGULBEKE;1;22.08.1937;0;1
BERDINAZAR;1;26.04.1959;1;0
MURATNIYAZ;1;27.08.1980;1;0
MIRVANKUL;1;2.06.1987;1;0
NAZARGELDI;1;6.07.1949;1;0
RECEPGUL;1;18.10.1991;0;1
BEBESEHRA;1;27.10.1968;0;1
ABDULHUMAYAN;1;16.08.1976;1;0
MEHMETAZIM;1;2.08.1951;1;0
BOLDI;1;2.02.1963;0;1
BEBEAYSE;1;17.06.1965;0;1
EZIDULLAH;1;12.08.1953;1;0
ZIFINUN;1;28.03.1962;0;1
BIBIMELIKE;1;9.08.1975;0;1
BIBISAHRA;1;2.08.1981;0;1
ZIFUNAN;1;7.02.1982;0;1
EMRAHKUL;1;2.08.1957;1;0
BIBIRUZI;1;20.09.1971;0;1
OGULYAZ;1;17.06.1975;0;1
OGULHALLI;1;19.05.1953;0;1
BAYRAMGELDI;1;23.11.1977;1;0
BABANIYAZ;1;19.10.1943;1;0
MOLLARAHMANVERDI;1;28.07.1949;1;0
ENARGUL;1;1.09.1977;0;1
OGULSAFAR;1;16.06.1982;0;1
MEVLAMVERDI;1;4.05.1957;1;0
SUAIYE;1;27.04.1974;0;1
SOHRETDIN;1;7.10.1966;1;0
GURE;1;17.02.1942;0;1
HAZIMENT;1;29.03.1944;0;1
VINAYET;1;21.12.1977;0;1
KARAS;1;22.04.1931;0;1
TEYBAHAN;1;27.04.1932;0;1
KARAJ;1;17.02.1936;0;1
GARAFIL;1;11.08.1947;0;1
TEMUREL;1;26.01.1968;1;0
FERAHZET;1;24.12.1964;1;0
RESALETTIN;1;22.04.1955;1;0
TUTCALI;1;18.09.1960;0;1
HUSNUSAIM;1;4.03.1952;1;0
MAHPIB;1;11.05.1984;0;1
YUNISHAN;1;2.06.1976;1;0
NIDELI;1;8.09.1964;0;1
KEBAYI;1;21.03.1971;1;0
DILARUZ;1;2.12.1949;0;1
BILSORMA;1;1.05.1954;0;1
MUCCAR;1;4.03.1951;0;1
DILRUKIYE;1;11.02.1951;0;1
GUMUNIYE;1;16.07.1969;0;1
KURFAL;1;6.01.1963;1;0
TEBARIYE;1;21.02.1971;0;1
NURETTINGUL;1;6.04.1992;1;0
SIVKIDIL;1;25.02.1942;0;1
EKDIYE;1;20.02.1934;0;1
SAFTEK;1;17.08.1930;0;1
TEKBIRIYE;1;1.09.1961;0;1
MEMNUNUYE;1;6.04.1963;0;1
ILHEME;1;7.12.1940;0;1
UMMISINAN;1;12.08.1929;0;1
EMINEGULER;1;12.02.1947;0;1
NEDERIYE;1;27.04.1950;0;1
KARADELI;1;22.02.1949;1;0
ESRABETUL;1;23.04.1988;0;1
GULANDAME;1;22.09.1955;0;1
BOYREK;1;22.02.1965;1;0
SALVEZAR;1;2.03.1956;0;1
NEVUBER;1;7.08.1928;0;1
MUNTANIYE;1;27.03.1956;0;1
GULUCI;1;10.05.1952;0;1
CISELU;1;21.03.1947;0;1
HANSIDE;1;19.10.1930;0;1
UMMULHARAM;1;15.04.1986;0;1
NERMESHAN;1;28.05.1937;0;1
FERRUKA;1;17.11.1950;0;1
EBILMUSLUM;1;11.09.1938;1;0
KEVSU;1;21.05.1952;0;1
ZUMNET;1;1.06.1968;0;1
KEZIMBAN;1;22.03.1967;0;1
MUFRIZAT;1;17.12.1947;0;1
TELUK;1;27.08.1938;0;1
MAFIZAR;1;16.08.1980;0;1
ZILFUZE;1;11.10.1988;0;1
AGABAL;1;16.01.1982;1;0
KECEALI;1;11.02.1975;1;0
BAZEY;1;1.02.1955;0;1
BERDOGAN;1;11.03.1982;1;0
DURACAK;1;7.02.1957;0;1
NECUK;1;7.02.1940;0;1
BILCI;1;17.02.1966;0;1
NECLAA;1;12.02.1965;0;1
YOLSU;1;4.12.1990;0;1
BEDRIGUL;1;11.11.1990;0;1
MEPTELAH;1;21.07.1982;0;1
HAYIRSEVER;1;8.04.1949;1;0
MEVLUL;1;11.10.1932;0;1
SEMAANNUR;1;7.03.1990;0;1
ELDEGUN;1;30.09.1960;0;1
GULCAK;1;14.10.1985;0;1
FURDEZ;1;17.02.1954;0;1
MELIKIZ;1;22.02.1973;0;1
SUGUR;1;15.05.1961;1;0
EBULFAZLI;1;28.03.1973;1;0
HUMERYEM;1;27.06.1980;0;1
NAAGAR;1;12.08.1964;0;1
YURDSEVER;1;2.02.1970;1;0
KAVMIM;1;3.02.1975;1;0
ZIYSEN;1;18.02.1984;0;1
NURLEN;1;12.02.1960;0;1
VAAT;1;21.08.1987;1;0
GABIRE;1;13.03.1965;0;1
COSKUT;1;18.08.1969;1;0
ZENNIN;1;20.06.1957;0;1
SAHITEN;1;6.01.1978;0;1
TILARA;1;7.04.1970;0;1
FEKRI;1;6.06.1990;1;0
HAPIB;1;16.09.1938;1;0
NURDENK;1;25.04.1950;0;1
FIYAMETTIN;1;18.03.1954;1;0
MISVAN;1;1.06.1949;0;1
YELIFE;1;26.11.1983;0;1
IHSANNAZ;1;19.01.1936;0;1
SARANGIUL;1;4.02.1976;0;1
CICEKLER;1;8.09.1950;0;1
DUNCAY;1;11.08.1981;1;0
BERNAHAN;1;4.07.1980;0;1
AZKIN;1;1.10.1979;1;0
AHMETSEN;1;22.02.1979;1;0
ILAHIN;1;17.03.1972;0;1
MURETDET;1;22.05.1961;0;1
KAPTANIDERYA;1;16.03.1978;1;0
HULABI;1;12.04.1929;0;1
NUVEYAR;1;2.07.1975;0;1
EGOS;1;29.04.1948;1;0
THINA;1;4.01.1959;0;1
SUNDUZHAN;1;7.10.1987;0;1
BEYREHAN;1;21.09.1983;0;1
ZENKI;1;17.04.1936;0;1
TAHSINPASA;1;25.08.1974;1;0
EKALET;1;11.02.1962;0;1
CEDVIN;1;19.10.1948;1;0
GULFELEK;1;18.03.1966;0;1
EYNU;1;26.04.1964;0;1
NIRGU;1;7.02.1976;0;1
MUFLISE;1;14.11.1968;0;1
BITTI;1;17.02.1972;1;0
RAFIYAN;1;2.11.1963;0;1
MUVEHHIT;1;18.03.1965;1;0
ZULEFE;1;21.01.1939;0;1
MURTAZAMALIK;1;27.07.1978;1;0
UNSAC;1;12.05.1953;0;1
NUAMMER;1;10.07.1974;1;0
ZYNEP;1;1.12.1991;0;1
MINMET;1;25.10.1930;0;1
AYDINSAL;1;17.04.1954;1;0
BAYRAMHANUM;1;23.08.1944;0;1
HUSEYINRAHMI;1;16.01.1973;1;0
YOLDOGAN;1;11.01.1977;1;0
FANIIRFAN;1;15.05.1982;1;0
NEMAIL;1;8.02.1952;1;0
DELAGE;1;16.08.1952;0;1
SEFKATDIN;1;25.01.1964;1;0
ABDIBAKI;1;27.09.1968;1;0
MERANI;1;20.05.1960;0;1
KUCUKHANUM;1;29.04.1941;0;1
HUKARIYE;1;23.03.1955;0;1
SABRICEMAL;1;6.05.1942;1;0
MUZEMMIT;1;24.12.1979;1;0
HARUNTUFAN;1;27.02.1980;1;0
SELVILE;1;6.05.1960;0;1
FARINUR;1;2.05.1937;0;1
REBAYET;1;11.03.1935;0;1
LOKMANALI;1;14.12.1979;1;0
REMZITTIN;1;21.06.1935;1;0
MABUBER;1;2.02.1957;0;1
SEHZIBAN;1;7.05.1970;0;1
YILDIRAYITTIN;1;23.03.1967;1;0
FANDUL;1;1.05.1938;0;1
BAYRAMSAHIN;1;2.01.1977;1;0
TEMCIYE;1;29.04.1932;0;1
ILIVE;1;27.02.1944;0;1
KADEMAGA;1;17.02.1972;1;0
NEDIYMAN;1;30.11.1960;0;1
ZUBEYTEN;1;27.02.1962;0;1
IKTAN;1;22.02.1967;0;1
OGDEM;1;7.11.1982;0;1
MEDNIYE;1;7.06.1934;0;1
MIRSASE;1;27.11.1950;0;1
NEVRIBE;1;17.08.1990;0;1
FERKIT;1;2.08.1945;1;0
HUL;1;23.05.1959;1;0
MIVE;1;19.10.1923;0;1
CEVLIYE;1;14.02.1971;0;1
GULYETTI;1;16.07.1982;0;1
NESEGULER;1;1.05.1962;0;1
RAHMITTIN;1;25.08.1957;1;0
MAHBEREM;1;22.02.1967;0;1
FENSUN;1;21.08.1974;1;0
MUNEVA;1;7.03.1960;0;1
TEMIYME;1;23.04.1967;0;1
ISBI;1;2.11.1975;0;1
GULFUM;1;17.10.1934;0;1
MUZEK;1;23.09.1946;0;1
LALALI;1;28.05.1923;1;0
SELSUHAN;1;3.10.1990;1;0
BIHNAM;1;12.07.1965;1;0
OZGODEK;1;5.03.1984;1;0
BERBURTANE;1;14.04.1952;1;0
IBRAHIMAGA;1;21.01.1968;1;0
GUMSELI;1;1.10.1948;0;1
KURTULUSHAN;1;13.09.1973;1;0
EMHANI;1;11.04.1933;0;1
ILMAHA;1;8.08.1970;0;1
HURTES;1;21.04.1962;0;1
ISABIYE;1;21.01.1952;0;1
METEA;1;19.04.1956;0;1
ISINGUL;1;22.05.1981;0;1
SITKULLAH;1;30.05.1953;1;0
MILLIAY;1;25.03.1973;0;1
RAFIG;1;16.02.1943;1;0
ISKULI;1;22.06.1961;0;1
EYYUPE;1;7.01.1946;0;1
MUCIBURAHMAN;1;27.06.1981;1;0
KUCUKDOGAN;1;24.01.1939;1;0
ILBAYIN;1;21.03.1936;1;0
BIRDAHA;1;25.03.1940;0;1
GULTEKIL;1;6.07.1980;1;0
KUSTU;1;20.08.1934;0;1
VAMIL;1;13.11.1947;0;1
VAVEYNA;1;17.05.1942;0;1
MUHHIRE;1;22.07.1943;0;1
MIVRET;1;16.01.1972;0;1
KENCAGA;1;24.04.1957;1;0
DORAMAN;1;8.04.1963;1;0
RUFAATTIN;1;11.01.1956;1;0
YETTIYE;1;6.09.1924;0;1
BAHRISEN;1;26.03.1963;0;1
DIRYAKER;1;27.03.1950;0;1
DEFIK;1;22.04.1931;1;0
SEZMEHAN;1;8.01.1940;0;1
SUSHANIM;1;2.08.1944;0;1
CETINAGA;1;21.06.1972;1;0
HARZETI;1;3.10.1973;0;1
ASBULI;1;14.04.1929;0;1
MUSDEKIM;1;26.11.1988;0;1
MURAHIME;1;2.02.1957;0;1
ALINIZAM;1;22.01.1942;1;0
NEHMIYE;1;3.11.1977;0;1
IPSULUKA;1;2.06.1945;0;1
SEVIMHANIM;1;26.12.1965;0;1
HELIMBEY;1;2.02.1975;1;0
HERURE;1;1.01.1968;0;1
MEVDI;1;4.01.1971;0;1
HAFITI;1;2.02.1951;1;0
OZUNALP;1;12.11.1984;1;0
GUNANDAN;1;6.01.1968;1;0
SELMUHAN;1;13.05.1965;0;1
ZELYAN;1;2.05.1969;0;1
SELVIDANE;1;11.06.1981;0;1
HACMET;1;9.10.1977;1;0
HACIDDIN;1;20.05.1965;1;0
MUHAYYEN;1;15.03.1947;0;1
SABAIDE;1;9.02.1934;0;1
EMIEN;1;11.12.1973;0;1
COVAHIR;1;17.08.1924;0;1
ILKNAN;1;26.09.1984;1;0
DUNCAN;1;30.11.1981;1;0
FERRIHAN;1;20.03.1941;0;1
NEZAYNUR;1;6.02.1985;0;1
OZAYDINLI;1;17.06.1978;1;0
ZUHREHAN;1;23.05.1990;0;1
HULMISER;1;18.06.1929;0;1
SULEIKRA;1;23.02.1970;0;1
HURRAYA;1;16.12.1984;0;1
HADUNKIZ;1;1.01.1976;0;1
SAHHESTER;1;10.07.1958;0;1
SELVANSEDA;1;7.02.1982;0;1
MILTIHAN;1;22.03.1967;0;1
HUMAYEN;1;2.02.1945;0;1
ANTOS;1;19.06.1974;1;0
CENAPCAN;1;28.05.1970;1;0
NEHAYETTIN;1;7.05.1979;1;0
SAHZINAZ;1;6.01.1944;0;1
CIHANUTTIN;1;16.06.1945;1;0
AYBARTUGU;1;27.06.1984;1;0
CHICHAK;1;22.06.1967;0;1
PINNAR;1;15.06.1977;0;1
USKULI;1;11.03.1927;0;1
GETRIYE;1;24.01.1955;0;1
TELADIN;1;2.02.1957;1;0
MUCELTA;1;2.10.1969;0;1
IPSILE;1;27.08.1932;0;1
SENUY;1;19.09.1982;0;1
HIFZE;1;21.03.1954;0;1
SAHALLA;1;16.11.1974;0;1
SALTURAY;1;6.10.1947;1;0
BEHYAN;1;15.11.1946;0;1
TALATHAN;1;2.05.1988;1;0
AFVERDI;1;12.07.1952;1;0
KUCHATUN;1;10.06.1957;0;1
MELIKEM;1;30.10.1966;0;1
MAHTEREM;1;13.06.1927;0;1
BAHADDUR;1;11.04.1973;1;0
FAHRIBEY;1;16.03.1934;1;0
INCULAY;1;26.12.1960;0;1
GUSSE;1;2.07.1933;0;1
NARIDIN;1;21.06.1944;0;1
MAHABATHON;1;1.06.1960;0;1
MENBEHA;1;9.07.1943;0;1
YILDURAN;1;11.07.1944;1;0
FATULLA;1;2.11.1947;0;1
SEYHULISLAM;1;7.10.1980;1;0
SAINER;1;25.05.1974;1;0
FEYMEN;1;27.04.1926;0;1
SADASMAN;1;2.03.1953;1;0
MUSTAFAPASA;1;21.04.1976;1;0
MUHSAN;1;7.05.1982;0;1
BERAFIYE;1;21.05.1947;0;1
SELIP;1;28.08.1976;0;1
SERTAGA;1;4.01.1957;1;0
SUHFIYE;1;4.02.1951;0;1
BAMUK;1;7.03.1931;0;1
SULPIHA;1;7.08.1952;0;1
ZENNESAN;1;23.05.1944;0;1
DONDIYAN;1;26.01.1964;0;1
SEMSIVA;1;27.05.1978;0;1
NAZNUN;1;26.03.1944;1;0
SEMSEFA;1;17.04.1966;0;1
SEBIYEHAN;1;20.09.1960;0;1
NEZLIHAT;1;20.06.1940;0;1
DEKIYE;1;21.03.1941;0;1
SETIMKAR;1;16.03.1938;0;1
SIYYARE;1;21.06.1939;0;1
NEZIKAR;1;17.10.1984;0;1
ALKOL;1;1.06.1956;1;0
MEHMEKAR;1;28.05.1926;0;1
NULGER;1;26.07.1967;0;1
SEMAHATUN;1;4.02.1965;0;1
BOROSOT;1;19.08.1956;1;0
VIKRIYE;1;2.08.1933;0;1
GULLENDA;1;2.08.1963;0;1
BEDIYYE;1;27.05.1956;0;1
CUMHURALI;1;25.11.1956;1;0
SADUME;1;15.08.1934;0;1
MUTEPER;1;17.02.1966;0;1
MULGUNE;1;27.06.1968;0;1
TARITTIN;1;11.01.1963;1;0
GORIMAN;1;18.03.1942;0;1
GULUMSET;1;29.06.1938;0;1
NILBESTE;1;13.10.1989;0;1
MEKBAYE;1;1.04.1940;0;1
MIGBER;1;26.06.1952;0;1
HANUMCIK;1;1.02.1952;0;1
PEYDAR;1;8.07.1968;1;0
KOYLUMCENK;1;10.02.1974;1;0
BILTAM;1;26.08.1965;0;1
UMMIL;1;8.08.1986;0;1
ILYASHAN;1;7.03.1978;1;0
YASELIM;1;1.07.1983;1;0
KHALIMAT;1;16.07.1983;0;1
SELCINAY;1;5.10.1984;0;1
SENHAMIT;1;2.06.1967;1;0
TURGUTBEY;1;26.11.1973;1;0
MAUSSEMA;1;1.06.1952;0;1
GULYAT;1;2.03.1973;0;1
ELIFSAN;1;16.04.1983;0;1
ERMELEK;1;27.05.1974;0;1
GULCEYREK;1;13.04.1927;0;1
SABYAT;1;7.09.1981;0;1
HENICE;1;12.02.1965;0;1
SERMUSTEN;1;11.06.1975;0;1
BEZDIRAY;1;26.11.1965;0;1
LELIZER;1;11.08.1963;0;1
NURSUNAY;1;17.08.1966;0;1
GOKBORUHAN;1;27.06.1989;1;0
OZHAKKI;1;8.06.1982;1;0
MAKBULENUR;1;22.02.1991;0;1
TSITSO;1;9.09.1966;0;1
SERVISEN;1;27.08.1953;0;1
LAZIBE;1;5.06.1968;0;1
SEYELAN;1;1.07.1971;0;1
SIFAKAT;1;2.05.1921;0;1
DURUKAY;1;11.02.1985;0;1
GUHSAN;1;2.06.1969;1;0
UKKASA;1;26.12.1937;1;0
SENBA;1;2.05.1981;0;1
SERAHATUN;1;26.12.1989;0;1
KUSSEMET;1;25.04.1972;1;0
DIKMAN;1;6.07.1973;1;0
OZNIGAR;1;20.08.1939;0;1
MERIHEM;1;12.02.1953;0;1
TALANUR;1;30.2.1991;0;1
GULGULSEN;1;5.07.1962;0;1
FERUTUN;1;23.07.1969;1;0
SABAHIL;1;11.06.1980;0;1
MERVEL;1;2.12.1987;0;1
HESINET;1;12.01.1956;0;1
ORTAS;1;27.12.1962;1;0
BEHRUZA;1;7.08.1934;0;1
KHANA;1;9.03.1978;0;1
CEYHURI;1;5.06.1989;1;0
GUNESGUL;1;22.02.1987;0;1
BAHRIKE;1;22.08.1931;0;1
GUNATA;1;25.11.1966;1;0
ABANUS;1;12.04.1923;1;0
ZARGALAM;1;1.01.1954;0;1
TUFHAN;1;11.12.1979;1;0
ORDUC;1;17.07.1967;1;0
SEBREM;1;12.04.1983;0;1
OZYILMAZ;1;21.06.1942;1;0
MUNEVSEN;1;21.06.1987;0;1
TOGMANBAY;1;1.11.1952;1;0
ALFIRA;1;2.02.1982;0;1
NURIEFTAL;1;7.01.1946;1;0
BIBIZYLYHA;1;29.12.1981;0;1
NURULGEN;1;27.10.1939;0;1
TAMRO;1;23.08.1952;0;1
ULYASEN;1;21.07.1974;1;0
TUNANUR;1;12.08.1974;0;1
NESAHITTIN;1;16.04.1965;1;0
AKANSER;1;11.01.1949;1;0
NAZIBROLA;1;16.11.1964;0;1
TAYFIDE;1;30.03.1940;0;1
KEYLANE;1;29.11.1968;1;0
ZIHADDIN;1;25.04.1951;1;0
SAYKUN;1;6.11.1971;1;0
GIOULKHANOUM;1;8.08.1970;0;1
LUCHMIRA;1;14.10.1941;0;1
DAVLATHAN;1;17.07.1964;0;1
AITTIN;1;7.02.1952;1;0
DIRYAL;1;27.05.1977;0;1
SEMAIT;1;18.09.1953;0;1
MELDIHAN;1;26.02.1987;0;1
RUHELA;1;19.08.1952;0;1
MAFUZEN;1;20.10.1951;0;1
ALIPESE;1;9.11.1957;1;0
ZIYNETULLAH;1;1.08.1986;1;0
TINASTEPE;1;18.04.1941;1;0
ABIDATIN;1;6.10.1961;1;0
SELENNUR;1;20.12.1990;0;1
TEYZAT;1;14.03.1941;1;0
PERUKAN;1;9.06.1934;0;1
HUMIHRAN;1;8.04.1970;0;1
CANBURAHMAN;1;27.02.1987;1;0
REKIBAN;1;12.08.1935;0;1
MARKHET;1;5.09.1982;0;1
NAHHIHAN;1;11.11.1972;0;1
VALENSIYA;1;25.01.1977;0;1
RAMET;1;27.01.1956;0;1
KAYSERSAH;1;22.12.1968;1;0
GULEYEN;1;6.02.1965;0;1
SUDIYAN;1;5.02.1957;0;1
ABDULYIGIT;1;13.01.1989;1;0
TUHILA;1;5.10.1928;0;1
UFUYE;1;22.03.1967;0;1
NEZACET;1;21.06.1954;0;1
HAKIPER;1;26.06.1940;0;1
HURURE;1;14.02.1961;0;1
SUAVIN;1;2.02.1959;1;0
NADUL;1;22.08.1931;0;1
NECVANE;1;7.12.1937;0;1
ABDULVAUF;1;25.05.1946;1;0
DUCCANI;1;9.02.1970;1;0
IKRAMAT;1;8.07.1961;0;1
ISMAYA;1;27.04.1965;0;1
KHAZALA;1;22.04.1961;0;1
JUNEYT;1;7.02.1962;1;0
ALCER;1;27.02.1987;1;0
A.SALIH;1;12.04.1972;1;0
HARUNGUL;1;21.02.1958;1;0
NARRGES;1;21.10.1983;0;1
SARVANI;1;13.11.1979;0;1
RENNISEN;1;6.04.1978;0;1
PHIKRIA;1;2.05.1979;0;1
ESVEDA;1;24.02.1980;0;1
CANDANUR;1;4.03.1989;0;1
AZIZAT;1;20.03.1975;0;1
PURSEM;1;22.11.1980;0;1
ALANAS;1;12.02.1959;0;1
GRATSIELLA;1;21.12.1976;0;1
KHABIBA;1;15.10.1983;0;1
MEVLUDEGUL;1;3.07.1986;0;1
SELMIKAN;1;22.07.1960;0;1
NOSRETTIN;1;16.02.1988;1;0
LAMPRINE;1;19.06.1951;0;1
EPRAR;1;19.07.1986;0;1
ZIMFIRA;1;17.04.1969;0;1
HACIBIR;1;7.10.1970;1;0
MUNHAYI;1;23.04.1937;0;1
EZERKANT;1;16.09.1965;0;1
HAMITDIN;1;5.02.1963;1;0
MUZIYA;1;16.05.1937;0;1
FINDAZ;1;22.08.1967;0;1
AYSENENGUL;1;3.01.1969;0;1
MAHFIRIZ;1;1.04.1947;0;1
OZBAKIR;1;14.10.1956;1;0
ORDAY;1;11.06.1972;1;0
MENSURNE;1;17.05.1972;0;1
MURTEZAM;1;21.08.1961;1;0
OLTAC;1;29.09.1976;0;1
DOYCAN;1;22.10.1985;1;0
FAHRIRAMAN;1;19.09.1974;1;0
EVRENPASA;1;23.10.1991;1;0
HACIMUHAMMET;1;23.02.1973;1;0
FERRUHAL;1;22.02.1967;0;1
HATIPHUSEYIN;1;12.08.1971;1;0
ATAKEREY;1;12.09.1989;1;0
GUNHATUN;1;23.03.1982;0;1
ONURAN;1;29.07.1991;1;0
ZUBEYHIR;1;23.08.1964;1;0
ULUSE;1;26.09.1962;0;1
SECIMOR;1;30.06.1951;0;1
NAIKA;1;17.11.1930;0;1
KANOR;1;27.02.1944;0;1
RENAD;1;5.02.1969;1;0
MUHAHMET;1;21.06.1991;1;0
BEYHIZA;1;26.06.1965;0;1
HAVULLI;1;12.05.1929;0;1
GUENRIETTA;1;4.01.1975;0;1
CAKABEY;1;26.06.1979;1;0
OLFA;1;12.03.1975;0;1
LENNA;1;24.02.1979;0;1
ILEYDANUR;1;20.04.1989;0;1
SEZRA;1;2.09.1982;0;1
COSKUNAZ;1;6.10.1962;0;1
GEDAYIN;1;13.12.1949;0;1
YAKUPKADRI;1;22.03.1991;1;0
NEBATEN;1;11.11.1971;0;1
GUZZIN;1;14.02.1974;0;1
NURTULIN;1;6.09.1989;0;1
GOKSELHAN;1;26.01.1991;1;0
ERDOGDI;1;11.10.1965;1;0
SAKSEL;1;20.08.1980;0;1
NURTUBAY;1;22.07.1985;0;1
TSIYALA;1;2.08.1939;0;1
NIHRE;1;11.12.1985;0;1
BERAHITTIN;1;26.08.1987;1;0
CHAKHARNAZ;1;21.05.1976;0;1
OLDAY;1;12.02.1977;1;0
NORMAN;1;29.06.1960;0;1
KASEYE;1;2.02.1952;0;1
KUKULA;1;1.04.1925;0;1
MIKBIRE;1;30.07.1946;0;1
NASIHU;1;29.03.1988;1;0
FIZIREHMAN;1;12.08.1959;1;0
UZKAM;1;27.04.1988;1;0
SELCUKMURAT;1;15.08.1974;1;0
OZUSEN;1;26.07.1991;0;1
SOLTANAT;1;10.04.1973;0;1
CIHANIRIZA;1;4.09.1974;1;0
HEVVAH;1;23.12.1958;0;1
NECMIDTIN;1;16.10.1948;1;0
GAZIPASA;1;19.11.1971;1;0
KOCMAN;1;12.03.1965;1;0
SEPILAY;1;19.04.1977;0;1
BEYAZHATUN;1;12.11.1947;0;1
MUSAMERT;1;9.10.1991;1;0
SAHIHI;1;17.03.1982;1;0
JULVARA;1;19.09.1975;0;1
PRIDA;1;6.04.1956;0;1
DILBE;1;1.01.1990;0;1
NEKALEN;1;28.07.1974;0;1
EVSAH;1;2.02.1951;0;1
GLIUZOR;1;5.09.1939;0;1
EYIFER;1;25.05.1934;0;1
ASEBAHATTIN;1;2.02.1957;1;0
BIHTERNUR;1;8.12.1980;0;1
MUCASET;1;22.02.1973;0;1
MAKBUK;1;13.06.1936;0;1
VIRGUN;1;21.02.1975;0;1
FERDINANS;1;7.05.1934;0;1
NESUA;1;11.09.1945;0;1
SALIHBABA;1;18.05.1930;1;0
KULCAY;1;23.02.1965;0;1
MUVELLET;1;1.06.1937;0;1
ZEVCAHAN;1;16.12.1950;0;1
GULESAH;1;27.12.1982;0;1
HEZGUN;1;26.02.1963;1;0
HUDAVENDIKAR;1;26.06.1970;1;0
HIDAP;1;2.03.1951;1;0
AYSEDONER;1;24.06.1978;0;1
MEGSURE;1;26.01.1933;0;1
SESRAN;1;29.01.1990;0;1
SEHMETTIN;1;21.06.1942;1;0
ZULGIF;1;24.10.1972;1;0
MIHIDE;1;1.09.1960;0;1
NUREYLAN;1;22.02.1967;0;1
MELIGIN;1;7.12.1968;0;1
RUCEYDA;1;5.01.1969;0;1
ATEGIN;1;11.04.1966;1;0
HELIMAGA;1;23.10.1969;1;0
LIAISSAN;1;10.11.1970;0;1
SAATET;1;20.12.1959;0;1
MAHITE;1;17.02.1947;0;1
ALIBASA;1;1.09.1973;1;0
ASEME;1;11.04.1981;0;1
KULFERE;1;22.03.1928;0;1
MINDIHAN;1;7.03.1940;0;1
MIRDEN;1;18.04.1944;0;1
YUNCAR;1;16.06.1961;1;0
FAATTIN;1;7.11.1940;1;0
KEMALYASAR;1;19.10.1972;1;0
ESBEHA;1;12.04.1975;0;1
MEHMETUFUK;1;17.12.1980;1;0
MIYMIN;1;11.06.1964;1;0
BITTEZ;1;10.07.1928;0;1
TEMELALI;1;2.05.1951;1;0
FIRAYA;1;12.09.1969;0;1
FIRARAGA;1;21.10.1973;1;0
DUSSEL;1;22.10.1949;0;1
MUSTAFANECATI;1;12.02.1989;1;0
NENSURE;1;29.11.1976;0;1
BEDAS;1;8.02.1972;0;1
EJRA;1;29.04.1985;0;1
AVNIDDIN;1;26.05.1969;1;0
SUBATEN;1;11.11.1971;0;1
RESULSITKI;1;25.06.1945;1;0
MELIKIN;1;16.01.1988;0;1
ELIVE;1;7.04.1940;0;1
HENNIYE;1;28.03.1979;0;1
PIRMUSTAFA;1;22.08.1943;1;0
ZELAHAN;1;14.06.1971;0;1
CEMYASIN;1;6.01.1992;1;0
BAYURE;1;21.12.1941;0;1
SUVERDE;1;18.06.1940;0;1
HAZIZAN;1;5.07.1977;0;1
ZIYAHURSIT;1;9.02.1938;1;0
SERIFRAZ;1;18.10.1952;0;1
TECAVI;1;3.12.1931;1;0
HITABEN;1;15.08.1984;0;1
TIBRIZE;1;27.08.1938;0;1
IBRISINI;1;8.12.1956;0;1
HEVADE;1;3.04.1975;0;1
HEYFHAN;1;18.02.1942;0;1
MIHTO;1;5.12.1944;0;1
HIRYA;1;13.02.1982;0;1
COMSIT;1;12.02.1941;1;0
BEREZAR;1;6.12.1950;0;1
EBUZIYET;1;27.02.1968;1;0
PATIZE;1;9.03.1970;0;1
MIRHAK;1;7.12.1950;1;0
ERDIME;1;7.01.1988;0;1
SEYATTIN;1;6.04.1992;1;0
HERGOL;1;16.01.1987;0;1
RAYYIP;1;1.01.1992;1;0
BIJEM;1;11.04.1926;1;0
CENVECAN;1;12.08.1923;1;0
KIFES;1;7.08.1934;1;0
GELHO;1;22.08.1925;1;0
TUHTI;1;27.08.1932;0;1
AIBE;1;27.05.1940;0;1
ELANURA;1;23.09.1964;0;1
ZAHALE;1;18.07.1948;0;1
YANFES;1;21.12.1981;1;0
MULKESIYE;1;6.06.1991;0;1
MUSLUG;1;25.06.1983;1;0
MEHSUMA;1;12.05.1977;0;1
SARISHAN;1;25.04.1961;0;1
M.YUMNU;1;1.10.1941;1;0
TANIME;1;7.03.1988;0;1
MGULHAN;1;24.11.1990;0;1
ZEFIYA;1;22.08.1949;0;1
MAHMUNUR;1;8.03.1964;0;1
RAFYETTIN;1;28.06.1962;1;0
SORSIN;1;12.08.1923;0;1
CINARHAN;1;13.03.1965;1;0
PORIYA;1;21.12.1963;0;1
ZECIRIYE;1;22.04.1961;0;1
FEYRI;1;15.10.1944;1;0
ILHANEDDIN;1;18.03.1972;1;0
AYNASER;1;12.09.1989;0;1
FIHIDE;1;12.08.1988;0;1
GIRIT;1;5.03.1975;1;0
HEDIRYE;1;26.10.1977;0;1
MKIYMET;1;10.04.1992;0;1
ABDULSELAAM;1;13.01.1982;1;0
GECICA;1;12.08.1953;0;1
FERAHDIBAR;1;29.05.1956;0;1
NUDAI;1;7.11.1986;1;0
SUREHYA;1;19.08.1966;0;1
BENAZIN;1;29.04.1992;0;1
TEPIRZE;1;7.02.1964;0;1
PENCELI;1;1.04.1971;1;0
YEDILA;1;12.08.1971;1;0
POPIN;1;25.04.1930;0;1
GEBI;1;3.10.1990;0;1
DIKTAR;1;17.02.1990;0;1
NAKSIYA;1;13.05.1965;0;1
HESU;1;11.04.1928;1;0
KEYSEBANI;1;18.04.1960;0;1
FIRIKO;1;25.04.1946;1;0
KEYSEBAN;1;8.05.1970;0;1
CINIZ;1;19.05.1972;1;0
TANICE;1;12.08.1980;0;1
ITFAT;1;12.06.1976;0;1
HEDEMCAN;1;18.06.1960;0;1
CAVDARI;1;3.03.1975;0;1
NEBUS;1;12.04.1959;0;1
KERPO;1;17.08.1930;0;1
ZUMRUZE;1;6.05.1980;0;1
MINICA;1;18.03.1954;0;1
MAMERCAN;1;2.08.1945;0;1
HISKI;1;27.08.1944;0;1
NOBAH;1;11.09.1967;0;1
TEMIRCAN;1;16.12.1982;0;1
HAATEM;1;18.07.1990;0;1
MUHNAZ;1;2.10.1980;0;1
MUNUNRE;1;12.02.1983;0;1
SEBNI;1;19.05.1946;1;0
KAYSEBANO;1;4.03.1963;0;1
CANGOZ;1;28.12.1980;1;0
AYNULBEDIA;1;23.04.1961;0;1
EYDU;1;6.02.1956;0;1
TANRIYE;1;18.08.1978;0;1
GURGO;1;1.05.1929;1;0
ABDULKUBAT;1;21.12.1963;1;0
FERSEDIN;1;20.07.1964;1;0
SERCANE;1;26.11.1985;0;1
HAYGEZ;1;5.11.1978;0;1
MELAHAK;1;6.10.1991;0;1
MUSMURUYE;1;22.06.1991;0;1
GEYLI;1;28.02.1942;0;1
EZIZHAN;1;17.02.1966;1;0
NALIYET;1;6.02.1992;0;1
NUHUBAR;1;22.11.1985;0;1
HINARE;1;18.09.1966;0;1
MUKDES;1;27.02.1956;0;1
SENENSAH;1;24.11.1984;0;1
MAHDAT;1;29.11.1965;1;0
TETBAZIN;1;2.03.1975;0;1
FAHNAZ;1;9.07.1988;0;1
ANILGUL;1;4.04.1987;0;1
HAFIZZE;1;27.07.1982;0;1
TUNHAZAR;1;7.02.1981;0;1
HAPSEDE;1;22.05.1955;0;1
MINHACER;1;4.05.1963;0;1
EZILET;1;25.11.1973;0;1
SIYANBET;1;7.02.1976;1;0
UNRCAN;1;25.10.1988;0;1
ZUFLINAZ;1;27.07.1986;0;1
EYBUTULLAH;1;22.04.1961;1;0
MUNDIYE;1;6.08.1944;0;1
ESMENTULLAH;1;5.06.1956;0;1
SULLHATTIN;1;4.11.1950;1;0
PERMIE;1;25.03.1935;0;1
MUHASUP;1;16.11.1982;1;0
HAVZILLAH;1;2.02.1981;1;0
ZULKUM;1;30.2.1978;1;0
MARISAN;1;3.07.1988;0;1
OMERATTIN;1;17.08.1972;1;0
GULEYFERAT;1;23.04.1964;0;1
MUSEYRAN;1;16.10.1987;0;1
MECRIMA;1;7.08.1946;0;1
MEHBUDE;1;7.08.1976;0;1
PERICA;1;12.08.1917;0;1
GULUL;1;22.02.1979;0;1
MIRBADDIN;1;1.06.1988;1;0
CERHO;1;21.03.1950;1;0
ZIHATHAN;1;6.01.1981;1;0
AFRIKA;1;17.08.1972;0;1
HUBE;1;22.08.1961;0;1
TOLICAN;1;7.02.1976;0;1
MUJDI;1;25.12.1989;0;1
ZUDIYA;1;12.02.1959;0;1
KESIMA;1;12.05.1973;0;1
OMOREDIN;1;7.02.1976;1;0
GARIF;1;19.06.1989;0;1
NAHMETTULLAH;1;17.05.1974;1;0
SIYABED;1;12.05.1989;1;0
MAZAMET;1;7.08.1970;0;1
SUSLUMURDAN;1;17.02.1972;0;1
SIRACETIN;1;27.11.1984;1;0
MENEFMAHCUP;1;6.03.1973;1;0
TAMRICAN;1;22.02.1973;0;1
NURYAVUZ;1;27.02.1974;0;1
FIHRICE;1;22.02.1961;0;1
YEMISGUL;1;1.06.1974;0;1
ABDULCELAT;1;12.02.1965;1;0
SANISFE;1;12.02.1965;0;1
SUZETHAN;1;10.07.1939;0;1
TONLAR;1;17.08.1966;0;1
BIJAT;1;24.03.1967;1;0
BEYLOZ;1;7.03.1964;1;0
HANCIHAN;1;27.02.1974;0;1
BECBURE;1;12.02.1983;0;1
VALIDEN;1;9.01.1988;0;1
TACILBET;1;22.04.1982;0;1
UMUKESUN;1;27.10.1988;0;1
HAKIMYET;1;6.06.1987;0;1
BEYBUL;1;12.08.1959;0;1
ALMASTAN;1;10.08.1976;0;1
MEHFUL;1;22.04.1979;1;0
MUHBADDIN;1;22.08.1961;1;0
EHRAH;1;17.12.1991;1;0
EMGULSEM;1;29.2.1986;0;1
RAKIETE;1;7.03.1976;0;1
FEZIMELEK;1;10.04.1978;0;1
ELFASIYA;1;18.10.1933;1;0
SIHABENT;1;7.06.1976;1;0
ZUMRETEN;1;27.08.1974;0;1
FIGRICE;1;27.05.1962;0;1
ZIDDIYA;1;7.02.1982;0;1
MESULET;1;17.02.1966;0;1
SIYEAHMET;1;7.02.1976;1;0
GARE;1;30.01.1979;0;1
MEHMETTEFIK;1;28.04.1976;1;0
SULIK;1;7.02.1976;0;1
AYFEZ;1;2.02.1975;0;1
MEKIMA;1;27.02.1974;0;1
MIBADDIN;1;5.10.1974;1;0
BEDUCEMAL;1;2.12.1962;0;1
KEMERIK;1;14.02.1935;0;1
ESMANTULLAH;1;5.06.1956;0;1
GULTEP;1;2.02.1981;0;1
AFETSON;1;1.09.1978;0;1
GURGECIN;1;30.05.1944;0;1
KEMADIYE;1;7.02.1976;0;1
MINAFIYE;1;26.07.1965;0;1
CEVHERAT;1;7.06.1987;0;1
MUCERER;1;2.02.1975;0;1
MEMETSAFI;1;25.03.1973;1;0
MUHRUBA;1;12.08.1971;0;1
SULLAHATTIN;1;2.08.1957;1;0
ZEYNALBIDIN;1;24.01.1985;1;0
KURTCEBET;1;22.07.1943;1;0
PULIYA;1;29.08.1991;0;1
TAMAZER;1;7.02.1976;0;1
EDILET;1;7.08.1970;0;1
ATITE;1;21.01.1974;0;1
FERHIZADE;1;17.08.1972;1;0
SAPHAN;1;2.02.1975;0;1
HEVRUZ;1;19.09.1977;1;0
HASBEKE;1;19.06.1954;0;1
MENFFAT;1;30.04.1973;0;1
ZAPTI;1;2.02.1951;1;0
SURMERCAN;1;24.05.1961;0;1
FORIZE;1;12.08.1959;0;1
FEZAHET;1;7.02.1976;0;1
HUZIM;1;23.09.1930;0;1
EMINE.NILGUN;1;10.09.1980;0;1
GULSETI;1;13.03.1979;0;1
RAFATTULLAH;1;13.04.1977;1;0
MUSKEL;1;24.03.1943;0;1
GULSITTI;1;17.03.1979;0;1
NAYIFHAN;1;7.02.1958;0;1
MUCAHITE;1;16.04.1970;0;1
NAZICEMAL;1;14.11.1971;0;1
UZEYCAN;1;6.12.1971;0;1
HEYBAT;1;12.02.1959;0;1
ZEBARI;1;8.01.1957;1;0
EHMUR;1;14.03.1971;1;0
TAYPAT;1;16.08.1958;0;1
MITHI;1;23.08.1964;1;0
SUMI;1;9.03.1934;1;0
RUHENNAZ;1;7.07.1972;0;1
SELBINURHAYAT;1;13.06.1991;0;1
SEKERAZ;1;3.03.1966;0;1
AYSELHAYAT;1;22.05.1949;0;1
SAFIULLAH;1;7.08.1982;1;0
IRENBIBI;1;7.08.1982;0;1
NIDIA;1;6.11.1978;0;1
ZEYDDIN;1;29.12.1970;1;0
ZOROF;1;7.11.1962;1;0
SEFVA;1;3.04.1972;0;1
NAFERUZ;1;12.09.1940;0;1
SULBETTIN;1;23.03.1975;1;0
SEKAFI;1;12.03.1977;1;0
MUSLIHUTTIN;1;17.02.1954;1;0
RUBABET;1;8.05.1964;0;1
FERHANHAN;1;22.02.1967;1;0
AGIRYE;1;16.12.1980;0;1
GEZEM;1;9.05.1973;0;1
SOREYYA;1;19.03.1990;0;1
LAHETTIN;1;27.06.1974;1;0
MERIHSAN;1;17.05.1972;0;1
AYLU;1;9.10.1934;1;0
SIYAHKAL;1;27.06.1955;0;1
HOMRISAN;1;17.04.1966;0;1
GULUFYA;1;2.07.1969;0;1
URDEK;1;9.05.1945;0;1
SEFYEDDIN;1;2.02.1975;1;0
NEMETTULLAH;1;22.04.1991;1;0
MARYATE;1;27.11.1968;0;1
MEYRUZE;1;22.02.1967;0;1
MEHCIBEN;1;22.02.1967;0;1
TAM;1;22.02.1949;0;1
ERDEMCEN;1;2.07.1965;0;1
GUGI;1;13.04.1947;0;1
IFIYET;1;25.03.1967;0;1
HUZGUL;1;18.09.1972;0;1
SOHLA;1;23.10.1967;0;1
KINAVIZ;1;11.03.1979;0;1
MITHULLAH;1;9.05.1976;1;0
ANARGULI;1;24.02.1973;0;1
HURUSIMA;1;17.10.1942;0;1
MEHCUMAN;1;19.12.1974;0;1
KUTUBETTIN;1;16.03.1946;1;0
ABURREZAK;1;4.05.1975;1;0
DOSTMAN;1;26.09.1980;0;1
MEZERE;1;14.06.1971;0;1
NUROS;1;17.04.1980;0;1
SIHAC;1;27.02.1974;0;1
SENDENET;1;7.02.1970;0;1
OMUGULSUM;1;10.02.1988;0;1
ALIKADRI;1;20.05.1960;1;0
HASBIK;1;23.04.1973;0;1
KADRISINAN;1;6.12.1978;1;0
MUMAZER;1;27.08.1932;0;1
SIBKETULLAH;1;4.05.1963;1;0
BOLGI;1;12.03.1959;0;1
NUREYEN;1;22.04.1967;0;1
CAPUR;1;13.04.1963;1;0
UMMUKESIM;1;29.05.1973;0;1
BIREDOST;1;25.11.1990;1;0
AMASGUL;1;17.02.1972;0;1
ELMELIK;1;27.04.1989;1;0
KOKSALMURAT;1;7.03.1979;1;0
DILEMEZ;1;29.06.1975;0;1
FIDDETE;1;29.04.1986;0;1
REZIME;1;5.11.1962;0;1
ELFETTAH;1;10.02.1957;1;0
MINIFI;1;11.06.1975;0;1
BEDRIKEMAL;1;6.01.1964;0;1
KITAYUM;1;21.02.1966;0;1
SAVICI;1;26.04.1966;1;0
NURHAMIYET;1;3.03.1973;0;1
USMANPERI;1;17.04.1972;0;1
SAIMIME;1;26.08.1955;0;1
TEYMUS;1;7.02.1956;1;0
UMULKERSIM;1;17.02.1960;0;1
GULAMKADIR;1;12.08.1953;1;0
GULBEYRA;1;22.08.1973;0;1
ULUKBIBI;1;27.08.1974;0;1
RUNI;1;19.06.1966;0;1
RUHAVI;1;29.03.1974;1;0
INCINAS;1;21.11.1983;0;1
BIBICOKER;1;12.08.1953;0;1
HAYRAZ;1;19.02.1964;0;1
MINASINA;1;8.09.1963;0;1
NEMIYA;1;27.03.1974;0;1
MAHRUBA;1;8.06.1976;0;1
GULSEBEM;1;21.01.1984;0;1
NIFSIYETE;1;17.05.1975;0;1
AHSUMA;1;17.10.1972;0;1
SILAHTAR;1;21.04.1972;1;0
BILSEMA;1;9.01.1973;0;1
FEDILYA;1;22.03.1973;0;1
KEMAYI;1;1.01.1980;0;1
AMTIYE;1;26.08.1949;0;1
RIHYETE;1;11.11.1963;0;1
CEBALI;1;1.08.1972;1;0
ZIYDIYE;1;12.04.1965;0;1
AHIHAN;1;22.02.1961;1;0
SILAHDAR;1;17.04.1978;1;0
YARIM;1;11.04.1981;0;1
GARIE;1;4.09.1934;0;1
OLKIYA;1;21.10.1990;0;1
ROJGUN;1;27.02.1968;0;1
PAMRUK;1;6.02.1931;0;1
SIYABETTIN;1;1.01.1982;1;0
BEYFURI;1;12.08.1929;0;1
TAYHEDDIN;1;2.09.1974;1;0
HATICE.;1;13.09.1983;0;1
AVSETE;1;19.09.1989;0;1
GULAI;1;11.05.1963;0;1
KENEM;1;19.11.1987;0;1
KIYMED;1;7.02.1952;0;1
INCITURK;1;7.06.1964;0;1
KUMERAN;1;23.11.1969;0;1
NUFSICIHAN;1;24.04.1967;0;1
KEREMBARIS;1;10.12.1946;1;0
TAMIRAT;1;14.06.1958;0;1
SUSGUL;1;1.09.1991;0;1
HEZYETE;1;21.04.1963;0;1
MUVAFFA;1;9.12.1951;0;1
KISNIS;1;11.01.1982;0;1
ZUZI;1;1.02.1931;0;1
DURAYYET;1;28.03.1956;0;1
MEVSICAT;1;2.02.1973;0;1
ZEMILHAN;1;7.02.1964;1;0
MAZMI;1;13.08.1988;1;0
MUHAMMT;1;27.09.1991;1;0
HABIBENURDAN;1;16.12.1972;0;1
HETI;1;26.03.1934;1;0
KOLUKAN;1;11.06.1991;1;0
MEFBURE;1;26.06.1962;0;1
GULABUTUN;1;2.02.1951;0;1
HEKKARI;1;26.10.1965;1;0
MOKRIME;1;11.05.1985;0;1
HAKKAVI;1;6.06.1968;1;0
HAZALUK;1;17.08.1924;0;1
NADIDA;1;18.04.1953;0;1
MUSULHATTIN;1;7.08.1934;1;0
KEMERAH;1;22.02.1949;0;1
RIYETA;1;2.02.1969;0;1
FERZENRE;1;20.10.1966;1;0
CELLADI;1;21.12.1965;1;0
DURRIYET;1;27.02.1956;0;1
SEHRIYEN;1;21.06.1939;0;1
HAMEDDIN;1;18.04.1937;1;0
SURAHIYYA;1;17.06.1984;0;1
ZUBIYIT;1;17.02.1960;1;0
UBIYIT;1;12.02.1959;1;0
CEVHIZAR;1;2.12.1979;0;1
MUNASAH;1;22.01.1973;0;1
RIVAIDE;1;2.06.1975;0;1
YEMO;1;27.08.1926;0;1
FERKIZADE;1;27.06.1980;1;0
YUKCAN;1;25.05.1985;0;1
FERKUSAN;1;26.02.1976;1;0
ZINNEK;1;29.03.1991;0;1
NURBASA;1;6.01.1980;0;1
KASIMBEK;1;12.08.1971;1;0
MUHAMMEDKUL;1;22.08.1961;1;0
KULKUL;1;12.08.1959;0;1
GENCEGE;1;7.08.1958;0;1
IRISKUL;1;7.08.1946;1;0
TOMARBIBI;1;17.08.1978;0;1
CIMAY;1;2.08.1933;0;1
DOKTUBIBI;1;22.08.1979;0;1
ARUKE;1;27.08.1980;0;1
ABDULGAYUM;1;27.08.1956;1;0
COCUL;1;12.08.1965;0;1
SATUVVALDIR;1;22.08.1967;1;0
ZIYADEHAN;1;17.08.1948;0;1
IBADETHAN;1;17.08.1948;0;1
COGRAHAN;1;2.08.1951;1;0
SATKINBIBI;1;17.08.1978;0;1
TURHANBAY;1;22.06.1931;1;0
KESIKBAY;1;12.08.1971;1;0
MOLLAKUT;1;12.08.1941;1;0
TONNUK;1;22.08.1967;0;1
UPA;1;7.08.1976;0;1
BIBIZIYA;1;2.03.1933;0;1
SEHERBIBI;1;27.08.1974;0;1
HEKIMBEG;1;7.08.1964;1;0
CINESTA;1;7.08.1958;0;1
BEZIPE;1;22.08.1961;0;1
UVGANBIBI;1;17.08.1978;0;1
APAL;1;12.08.1965;0;1
SEYREHAN;1;12.08.1971;0;1
KONUKBAY;1;12.08.1923;1;0
TOHTA;1;12.08.1941;0;1
NAYMANBAY;1;22.08.1955;1;0
TOYCU;1;27.08.1950;1;0
GULEPSAH;1;27.08.1974;0;1
MERBET;1;22.08.1961;0;1
GULMUHAMMED;1;2.08.1981;1;0
ARAPBAY;1;7.08.1958;1;0
SATVALDI;1;2.08.1981;1;0
ABDULMUKADES;1;12.08.1983;1;0
KAMCIBEK;1;7.08.1976;1;0
HABIBBULLAH;1;29.09.1990;1;0
POMO;1;17.08.1972;1;0
BIBISURE;1;12.08.1983;0;1
MURAHMET;1;20.08.1987;1;0
AHMETYAR;1;7.08.1976;1;0
KUDAS;1;23.05.1943;1;0
BEBEKAYA;1;27.08.1980;0;1
AYUBBAY;1;12.08.1935;1;0
ALTMIS;1;12.08.1947;1;0
ARBAB;1;2.08.1957;1;0
EGES;1;12.08.1971;1;0
ASILBIBI;1;12.08.1971;0;1
KOKON;1;7.08.1928;1;0
KUTMEHMET;1;2.08.1963;1;0
ATIMBIBI;1;12.08.1983;0;1
ABDULKAMCI;1;22.08.1961;1;0
SERHMEHMET;1;2.08.1969;1;0
DURDUBIBI;1;2.08.1933;0;1
KURKUL;1;12.08.1977;1;0
SAHIPBAY;1;2.08.1921;1;0
SONOHAN;1;27.08.1980;0;1
TURATBEK;1;2.08.1975;1;0
CIHANBEK;1;22.08.1943;1;0
KALDIK;1;12.08.1953;0;1
CEMBIBI;1;22.08.1943;0;1
TORUMKELDI;1;12.08.1959;1;0
KERIMKUL;1;22.08.1967;1;0
SATUNKUL;1;22.08.1961;1;0
RECEPBIBI;1;2.08.1963;0;1
TURDUHAL;1;22.08.1961;0;1
SOLUN;1;17.08.1948;0;1
TURHANBIBI;1;2.08.1957;0;1
TOHTOHOCA;1;7.08.1970;1;0
RIZBEBE;1;22.08.1943;0;1
ZEBEKAN;1;22.08.1973;0;1
CENARA;1;17.08.1948;0;1
TEMURBAY;1;12.08.1941;1;0
NAPAHAN;1;2.08.1963;0;1
APIDE;1;17.08.1978;0;1
ACAIP;1;2.08.1975;0;1
GULAMETTIN;1;7.08.1958;1;0
TOHTOBEY;1;2.08.1975;1;0
KULBIBI;1;2.03.1963;0;1
BIBIRAS;1;22.08.1943;0;1
SEDIP;1;27.08.1962;0;1
TORKAY;1;17.08.1948;0;1
IBRAHIMVERDI;1;12.08.1953;1;0
NAKIBAY;1;17.08.1978;0;1
HABIBILAH;1;12.03.1977;1;0
NISANBAY;1;7.08.1976;1;0
EYITBAY;1;7.08.1982;1;0
BAKTI;1;17.08.1972;0;1
KULKADE;1;12.08.1983;0;1
CUNINEK;1;17.08.1978;0;1
PISTABIBI;1;2.08.1951;0;1
KONGUR;1;7.08.1976;0;1
SAFATUHAN;1;27.08.1968;0;1
ILACBEK;1;17.08.1978;1;0
ABDULCEFAR;1;2.08.1969;1;0
SOKUMBIBI;1;27.08.1980;0;1
CIPAR;1;12.08.1953;0;1
SIRGA;1;7.08.1958;0;1
ANAL;1;12.08.1953;0;1
TURNAHAN;1;12.08.1977;0;1
EMANEDDIN;1;22.08.1973;1;0
LAHAL;1;2.08.1957;0;1
AFSERCAN;1;22.08.1979;1;0
BAKIK;1;7.08.1958;0;1
AKIMKUL;1;10.05.1952;1;0
IKBALBIBI;1;22.08.1973;0;1
AYITKULU;1;17.08.1966;1;0
AYETKULU;1;7.08.1982;1;0
HAIG;1;2.08.1921;1;0
GULANBIBI;1;2.08.1957;0;1
BASAM;1;27.08.1950;0;1
HALIKUL;1;22.08.1967;1;0
CEMALBIBI;1;12.08.1977;0;1
ORUNBEBE;1;12.08.1971;0;1
AMENULLAH;1;2.08.1963;1;0
BEBESENAM;1;2.08.1975;0;1
ERZAIN;1;22.08.1979;0;1
SERKI;1;12.08.1971;0;1
AYITBIBI;1;7.08.1976;0;1
KUETBEG;1;12.08.1971;1;0
GULDERHAN;1;12.08.1971;0;1
GELDIBEK;1;7.08.1958;1;0
LALBIBI;1;7.08.1958;0;1
DEVLETBIBI;1;2.08.1933;0;1
EGESBAY;1;27.08.1968;1;0
SAHFEYZULLAH;1;22.08.1955;1;0
AYSIRIK;1;7.08.1982;0;1
TOTIYA;1;2.08.1957;0;1
HOSVAKIT;1;7.08.1958;1;0
RUZBIBI;1;2.08.1975;0;1
HUDAYVERDI;1;27.08.1968;1;0
HADOL;1;22.08.1943;0;1
ERGESBAY;1;22.08.1955;1;0
HANAFIYA;1;17.08.1948;1;0
CAYCIBEG;1;27.08.1938;1;0
ASILEHAN;1;22.08.1943;0;1
BAKIBAY;1;12.08.1923;1;0
TATLILULU;1;12.08.1965;0;1
MENDIBIBI;1;2.08.1951;0;1
SOLABIBI;1;2.08.1975;0;1
ORUZUBAY;1;27.08.1938;1;0
SERMUHAMMED;1;12.08.1971;1;0
MUHAMMEDYAR;1;22.08.1931;1;0
ZUJNET;1;22.08.1943;0;1
YAMIZ;1;17.08.1960;0;1
SUPHANKUL;1;27.08.1938;1;0
SOKSUR;1;22.08.1949;0;1
OGULAYIM;1;7.08.1952;0;1
TAHTABEG;1;7.08.1958;1;0
HUDAS;1;12.08.1923;1;0
CUTANKI;1;7.08.1976;1;0
MUNCAKBIBI;1;7.08.1982;0;1
KUTANBAY;1;17.08.1960;1;0
KULAYHAN;1;12.08.1971;1;0
HATIMBIBI;1;22.08.1961;0;1
MENDIGUL;1;22.08.1967;0;1
MARCAK;1;22.08.1943;0;1
ACEPBIBI;1;22.08.1973;0;1
UPUL;1;12.08.1965;0;1
ISLAMVERDI;1;27.08.1980;1;0
TURGANBIBI;1;27.08.1950;0;1
TURABEG;1;2.08.1951;1;0
BIBIZUPUN;1;2.08.1957;0;1
AMAS;1;7.08.1970;1;0
BIBIKONUL;1;12.08.1947;0;1
SUKSUR;1;12.08.1929;0;1
GONCABAY;1;7.08.1982;1;0
HOCAYAR;1;12.08.1983;1;0
TABALDI;1;27.08.1950;1;0
CIDDEBIBI;1;22.08.1931;0;1
AYINBEBE;1;22.08.1949;0;1
KERIMVERDI;1;2.08.1975;1;0
CERIN;1;22.08.1943;0;1
AGLAK;1;2.08.1963;0;1
EGEMBERDI;1;2.08.1951;1;0
HARIBEG;1;17.08.1960;1;0
MERALBIBI;1;22.08.1955;0;1
BIBISARAH;1;27.08.1950;0;1
CIGDE;1;7.08.1958;0;1
ESETTULLAH;1;7.08.1976;1;0
SONUN;1;7.08.1982;0;1
ARABEDDIN;1;22.08.1979;1;0
AKSENAN;1;22.08.1979;0;1
ELMUHAMMED;1;2.08.1975;1;0
URAYVERDI;1;7.08.1976;1;0
NUSHA;1;27.08.1980;0;1
ABAGUL;1;2.08.1981;0;1
ABDULSABI;1;12.08.1971;1;0
SARTBEY;1;1.01.2001;1;0
HOCAMKELDI;1;22.08.1955;1;0
COMAT;1;7.08.1982;1;0
TASBEK;1;7.08.1982;1;0
MEZLEME;1;22.02.1961;0;1
NUNETULLAH;1;14.05.1949;0;1
MIRGENC;1;7.02.1988;1;0
FAISAL;1;2.03.1987;1;0
MENIZE;1;3.02.1961;0;1
TANKO;1;3.10.1945;0;1
SEBAGUTULAH;1;28.03.1974;1;0
SEYITNUH;1;2.04.1987;1;0
HAFSINE;1;5.04.1966;0;1
ZOZE;1;22.08.1925;0;1
Z0ZI;1;22.02.1955;0;1
AHDINUR;1;6.12.1980;1;0
BAKACAN;1;29.03.1965;0;1
ELPA;1;24.12.1979;0;1
MONURE;1;6.10.1972;0;1
ARNAVAZ;1;11.04.1972;0;1
MERAKCAN;1;25.05.1967;0;1
ALAYIBEY;1;2.02.1975;1;0
AIDET;1;2.02.1957;0;1
RAFATA;1;6.11.1950;0;1
HIRDEMCAN;1;5.04.1963;0;1
MUTIHAN;1;26.01.1983;1;0
TERVINDE;1;2.08.1933;0;1
ESFENDIYA;1;7.04.1982;1;0
ZINURI;1;3.08.1939;0;1
SENABET;1;15.05.1969;0;1
AYNESER;1;25.04.1971;0;1
YAHSUP;1;16.11.1964;1;0
NADISAH;1;3.04.1969;0;1
MOMIHAN;1;22.04.1945;0;1
DAIMAN;1;11.02.1957;0;1
RUBBAIL;1;18.12.1967;1;0
ETERULLAH;1;21.12.1967;1;0
TERINDAZ;1;12.02.1953;0;1
ANUSA;1;7.02.1982;0;1
MELIHHE;1;17.03.1966;0;1
SINIYA;1;30.05.1980;0;1
MAPBUP;1;17.07.1987;0;1
FAYSETTIN;1;1.10.1972;1;0
MAAZZES;1;17.02.1966;0;1
NAMETTULLAH;1;7.02.1958;1;0
MIDRUKE;1;5.12.1986;0;1
NOSAFERIN;1;27.04.1962;0;1
LELIBE;1;22.02.1961;0;1
EMINAZ;1;27.02.1962;0;1
HAYRETTN;1;2.02.1975;1;0
TEHSIMA;1;11.12.1979;0;1
NEHBIYE;1;16.08.1975;0;1
APDULHADI;1;17.03.1972;1;0
UZEYDULLAH;1;17.03.1960;1;0
FIYYET;1;8.08.1975;0;1
CELNAZ;1;6.01.1963;0;1
OSYA;1;14.06.1977;0;1
SIMILIZAR;1;16.10.1956;0;1
EYYOP;1;2.10.1944;1;0
KURKU;1;2.05.1951;1;0
MEYAR;1;7.02.1958;0;1
VAHDDEDIN;1;21.09.1953;1;0
MUZEYRAN;1;7.05.1988;0;1
PILANDIK;1;27.02.1956;0;1
ZEYNURIYE;1;16.08.1975;0;1
MIRALAYI;1;4.06.1969;1;0
MEMMIHAN;1;8.06.1979;0;1
FELGIMELEK;1;27.05.1962;0;1
FIRKZADE;1;7.03.1937;1;0
SANGILMEZ;1;21.12.1974;0;1
ARSELE;1;22.02.1949;0;1
SAPHATTIN;1;26.05.1970;1;0
NURSERNA;1;17.02.1960;0;1
ESVETHAN;1;13.03.1983;1;0
GURGON;1;9.08.1972;1;0
FAKIZER;1;15.03.1956;0;1
MURFICE;1;3.06.1981;0;1
REZBER;1;2.02.1945;0;1
MIFRICAN;1;17.04.1984;0;1
ABUGEYLAN;1;8.08.1960;1;0
AKIDEN;1;1.01.1956;0;1
CUNUZ;1;21.12.1960;1;0
ABDULFARIS;1;7.02.1964;1;0
MULIYER;1;1.02.1967;0;1
SENEMPERI;1;2.01.1963;0;1
FISFOR;1;27.08.1920;0;1
BAZU;1;22.03.1973;1;0
FERHIT;1;11.08.1974;1;0
TARIHHAN;1;16.10.1975;1;0
SONBULBUL;1;23.03.1955;0;1
CAYIF;1;3.07.1969;1;0
METUBE;1;16.08.1969;0;1
SORMU;1;11.02.1963;0;1
EZAM;1;1.01.1958;1;0
MEHDIZANA;1;12.04.1988;1;0
CAFIR;1;16.08.1969;1;0
DALILE;1;10.07.1963;0;1
SILHEDDIN;1;17.02.1954;1;0
BEBICAN;1;22.02.1943;0;1
ZEMZENA;1;1.03.1948;0;1
ATDULMUTALIP;1;2.04.1975;1;0
DEMLIHAN;1;6.03.1974;0;1
ROJMIN;1;12.01.1971;0;1
TANKADEM;1;27.02.1974;0;1
RUSAMETTIN;1;12.02.1977;1;0
DOYDUM;1;1.08.1981;0;1
VAHIYESETTIN;1;23.03.1967;1;0
ISASETTIN;1;17.03.1966;1;0
BIRGULSUN;1;12.06.1990;0;1
PAMUT;1;12.06.1989;0;1
PIRUZADE;1;12.02.1977;0;1
BEHCAN;1;4.04.1981;1;0
LAYA;1;22.04.1975;0;1
FEYLUKE;1;22.08.1961;0;1
ZILFINAS;1;12.08.1941;0;1
TANZILET;1;20.04.1990;0;1
ZEYNALABEDIN;1;22.01.1979;1;0
SOYLENMEZ;1;17.02.1972;0;1
GOLIK;1;18.06.1936;0;1
EMIRULFEYSEL;1;16.03.1968;1;0
FEYRUZSAN;1;17.03.1990;0;1
ELBINAZ;1;7.02.1970;0;1
EYUBET;1;17.02.1972;0;1
SANDIGUL;1;22.08.1961;0;1
FERYADDIN;1;7.08.1958;1;0
HONAZ;1;17.02.1978;0;1
GIZET;1;18.07.1965;1;0
NIZVICIHAN;1;15.07.1971;0;1
HURUSMAN;1;27.03.1968;0;1
RAHISAN;1;7.02.1976;0;1
UBEYTULAH;1;22.01.1967;1;0
UNRAN;1;2.02.1987;0;1
NURANPERI;1;22.10.1973;0;1
DUKU;1;15.03.1991;1;0
ABDULKADAFI;1;10.03.1990;1;0
FERYADIN;1;22.06.1979;1;0
PERIZEDE;1;29.09.1990;0;1
ANARAGUL;1;11.04.1973;0;1
SIMMAMPERI;1;12.02.1953;0;1
NECEVET;1;22.02.1973;0;1
ZAZIA;1;2.05.1951;0;1
MIRAZO;1;22.04.1973;1;0
MENZILAT;1;17.02.1987;0;1
SUTNAZ;1;6.04.1984;0;1
PITAN;1;22.09.1961;0;1
MIRMEMET;1;7.02.1976;1;0
YEDALLAH;1;11.03.1976;1;0
MURTEZI;1;17.11.1987;0;1
SAHVELAT;1;29.05.1972;1;0
LEYLAKASIM;1;27.07.1980;0;1
FEYZURE;1;22.06.1961;0;1
ALBAKI;1;12.08.1971;1;0
TACATIN;1;27.11.1963;1;0
KKNH;1;12.02.1971;1;0
MEFYETTIN;1;10.02.1982;1;0
MENIHAT;1;16.11.1982;0;1
KASAM;1;7.02.1976;0;1
HIBI;1;12.08.1923;0;1
CECICE;1;2.02.1975;0;1
NAVUSTAN;1;17.02.1948;0;1
GILTAN;1;3.04.1963;0;1
CAHYETTIN;1;8.08.1957;1;0
SALTEN;1;7.02.1982;0;1
KARAGAS;1;17.02.1966;0;1
FEFLIKAT;1;22.02.1961;0;1
HUFZILLAH;1;13.03.1965;1;0
ZURFIKAR;1;11.12.1987;1;0
ABDULMULUK;1;17.02.1966;1;0
MAHDULE;1;22.02.1967;0;1
ISMEULLAH;1;21.09.1966;1;0
TEKILE;1;8.05.1960;0;1
MEHCENIN;1;19.04.1962;0;1
GULYACI;1;17.08.1961;1;0
SIYANBEND;1;27.08.1962;1;0
FERAHDILA;1;22.02.1967;0;1
HEDLEM;1;2.08.1939;0;1
SIHEYETTIN;1;9.04.1931;1;0
SEMRIKAN;1;12.02.1983;0;1
ELFEKAN;1;12.11.1977;1;0
GULHORI;1;7.08.1963;0;1
ESPHAN;1;27.08.1932;0;1
SIMANGUL;1;2.03.1963;0;1
MASOOMEH;1;22.10.1975;0;1
GOCMEZ;1;24.09.1982;1;0
BAGDAKUL;1;9.04.1988;0;1
FEHIHE;1;27.10.1968;0;1
OFKES;1;30.10.1991;1;0
EFESIYAR;1;6.06.1974;1;0
SAYIGAL;1;22.02.1961;0;1
FAFURU;1;27.09.1970;0;1
MIYYASER;1;6.01.1987;0;1
HANSEADET;1;12.02.1959;0;1
GARIPNAR;1;12.03.1965;0;1
SEHISTE;1;21.12.1957;0;1
FIKRIYAZ;1;30.08.1974;0;1
LULFI;1;16.06.1988;1;0
NEMZIYA;1;27.02.1968;0;1
HARETE;1;16.03.1943;0;1
ABDULHADU;1;30.01.1965;1;0
HEFTGUL;1;17.08.1924;0;1
SALZAN;1;12.02.1959;0;1
VEHYATTIN;1;21.02.1974;1;0
FEVRUKA;1;7.06.1980;0;1
HEVZO;1;27.08.1938;0;1
EBOMUSLIM;1;17.03.1954;1;0
TAYIPE;1;22.03.1973;0;1
FEHLIKA;1;17.02.1966;0;1
FESIFI;1;24.04.1973;1;0
GONPERI;1;6.03.1946;0;1
TOSI;1;12.06.1947;0;1
HAMBUK;1;2.01.1939;0;1
SULHATDIN;1;1.07.1985;1;0
FERKET;1;22.02.1967;0;1
MEMISAN;1;8.05.1980;0;1
GULSONI;1;2.02.1951;0;1
ARUV;1;22.12.1947;1;0
ZONEL;1;22.02.1961;0;1
DILANER;1;27.07.1964;1;0
HIZINET;1;24.04.1964;0;1
FIRGUT;1;19.08.1966;0;1
SEMSOR;1;27.02.1956;0;1
TUNCELLI;1;11.09.1946;0;1
LAHMI;1;1.06.1977;1;0
LIMONATA;1;25.05.1973;0;1
ZIDYE;1;2.05.1975;0;1
DIFEROZ;1;7.02.1970;0;1
ANTIBAL;1;12.02.1965;0;1
SUMHEZAR;1;7.07.1964;0;1
TASHAT;1;15.07.1979;0;1
MUSLUFERT;1;12.07.1958;0;1
BARBURUS;1;7.05.1985;1;0
HIZRETE;1;2.03.1948;0;1
SUREYHIDE;1;17.03.1966;0;1
FILIDE;1;23.06.1965;0;1
FEVHI;1;7.02.1976;1;0
NECETTI;1;19.07.1989;1;0
NEZMIHAN;1;26.08.1964;0;1
TIRHANI;1;24.04.1973;1;0
FAHRIDIBA;1;10.04.1972;0;1
REFIET;1;22.02.1973;0;1
NARDIZ;1;12.02.1965;0;1
YESREF;1;2.02.1963;1;0
FEYYIM;1;17.06.1986;1;0
FAFLIKA;1;2.02.1963;0;1
ALFAZI;1;26.06.1976;0;1
HAYAHAT;1;2.02.1969;0;1
FUNDIKA;1;23.04.1937;0;1
PIREZO;1;24.09.1973;0;1
DAGCICEK;1;17.02.1966;0;1
SAHINIR;1;22.06.1973;0;1
TAHRANI;1;23.07.1961;1;0
FEVLUKAT;1;12.02.1965;0;1
FALFIMA;1;14.08.1964;0;1
MAFUR;1;17.08.1966;1;0
OVEC;1;7.08.1934;0;1
FAFRIKA;1;1.11.1965;0;1
FEVLIKA;1;17.06.1976;0;1
TINYET;1;6.04.1973;0;1
NAYLON;1;13.06.1965;0;1
IKBAN;1;21.11.1981;0;1
GULISUR;1;17.02.1966;0;1
KYMET;1;11.11.1990;0;1
ABDOLGANI;1;21.06.1973;1;0
MISAIT;1;3.06.1973;1;0
KOLOS;1;11.04.1937;1;0
MISHI;1;15.08.1966;0;1
SANEMGUL;1;9.09.1991;0;1
ORINAZ;1;23.03.1967;0;1
BIZKIYET;1;14.12.1965;0;1
FEHLUKA;1;16.11.1976;0;1
SEVKIAT;1;12.02.1965;0;1
ATANGUL;1;12.03.1989;0;1
MAHBEREY;1;7.02.1976;0;1
ZINED;1;5.05.1973;0;1
FERADIBA;1;22.07.1979;0;1
NACIBA;1;24.05.1973;0;1
FAVZETTIN;1;21.12.1982;1;0
GARIPZADE;1;27.05.1980;1;0
TOHOS;1;12.02.1959;0;1
ZEGO;1;12.03.1965;0;1
REEFIYA;1;17.08.1980;0;1
SIBHET;1;12.02.1965;0;1
BAHAZ;1;8.11.1990;0;1
YADIL;1;26.05.1990;1;0
FEHRIDIBA;1;15.04.1964;0;1
BEYLIGU;1;11.06.1953;1;0
SEHEVZA;1;23.04.1972;0;1
ISMUNAZ;1;26.04.1973;0;1
SAINIYE;1;7.02.1976;0;1
FEGLUKA;1;1.06.1962;0;1
NARENCE;1;22.02.1973;0;1
NORYE;1;4.06.1963;0;1
HIRHAL;1;7.02.1946;0;1
CEVAHIRAT;1;27.06.1950;0;1
HARIDUN;1;23.08.1963;1;0
TOSUYA;1;22.02.1955;0;1
FELEKAZ;1;4.06.1980;0;1
KIYNAS;1;6.11.1983;1;0
MISRAFEDDIN;1;4.05.1951;1;0
TUKI;1;15.10.1949;0;1
PENBUG;1;22.02.1961;0;1
MUFREDIN;1;29.04.1966;1;0
ALTINI;1;4.09.1969;0;1
HAYDAGUL;1;6.11.1984;0;1
KOMRAN;1;27.12.1974;1;0
TURKENC;1;7.04.1970;1;0
ESMICAN;1;11.06.1991;0;1
HUDEYDAY;1;17.02.1972;1;0
BELENDER;1;22.04.1973;1;0
BAKKIL;1;27.02.1956;1;0
MUTTELIM;1;24.04.1972;1;0
NANIME;1;2.04.1975;0;1
MASTU;1;17.02.1978;1;0
TIPKI;1;12.08.1929;0;1
BABUL;1;27.02.1974;1;0
MEFIHA;1;2.07.1974;0;1
ADISIRIN;1;7.05.1958;1;0
ABDAREZZAK;1;1.05.1984;1;0
MILNAZ;1;6.03.1977;0;1
SAHBATTI;1;16.04.1974;1;0
FEZHI;1;27.04.1974;1;0
MENICEN;1;22.02.1967;0;1
CUMHIRIYET;1;2.02.1969;0;1
ZIMI;1;12.03.1941;0;1
NESIET;1;22.03.1974;0;1
GULHIDRA;1;26.01.1952;0;1
MIREMEHMET;1;6.04.1973;1;0
MECEBAT;1;15.04.1973;0;1
BINIS;1;27.06.1974;0;1
NATHAN;1;26.08.1945;0;1
AZRET;1;17.01.1946;0;1
SECIRYA;1;2.04.1975;0;1
BINYAN;1;12.02.1959;1;0
KURBEDDIN;1;9.04.1973;1;0
ZAKKARIYE;1;13.04.1946;1;0
KIZNENOS;1;1.02.1947;0;1
ERTUGIRUL;1;6.04.1992;1;0
DIRBAZHAN;1;26.12.1989;1;0
HAMEFER;1;22.02.1961;1;0
FEYLAZ;1;22.02.1967;0;1
EMPIRME;1;12.03.1959;0;1
KAMILECAN;1;12.02.1959;0;1
KUBELSIN;1;7.02.1970;1;0
SEHRIYEZADE;1;1.05.1964;0;1
HORAMAN;1;14.02.1923;0;1
HULKIYAT;1;9.04.1973;0;1
TULCEZ;1;17.02.1972;0;1
ULKAYIT;1;16.11.1967;0;1
FEVRUZA;1;30.11.1984;0;1
ZUMEYRI;1;12.08.1941;0;1
VELIAT;1;17.02.1972;1;0
FAHILE;1;27.02.1968;0;1
EYLEMI;1;17.04.1972;1;0
RAHYETTIN;1;12.06.1971;1;0
NECABAT;1;17.02.1966;0;1
HUCRETTIN;1;1.04.1952;1;0
FAKRULKA;1;10.01.1940;0;1
EMIRER;1;1.02.1974;1;0
SERFRAZ;1;1.06.1970;0;1
SARINBAN;1;16.05.1981;0;1
NEZETTE;1;17.12.1972;0;1
VESVETTIN;1;26.09.1975;1;0
MOHMAN;1;26.07.1961;1;0
NULGIL;1;22.08.1991;0;1
GOLDENIZ;1;2.02.1963;0;1
FAKITET;1;20.05.1980;0;1
GAILETE;1;12.02.1971;0;1
KAVILE;1;17.02.1954;0;1
AHYE;1;6.06.1950;0;1
AZEPSIHIR;1;1.05.1970;1;0
SUMERZA;1;28.08.1960;0;1
AHUMERAL;1;23.09.1983;0;1
SEHENAZ;1;25.09.1971;0;1
HATICETE;1;17.06.1990;0;1
NUHBUHAR;1;14.07.1980;0;1
TATICE;1;11.03.1966;0;1
TELGEZ;1;11.02.1961;0;1
KUKER;1;10.05.1946;0;1
BIRHIYE;1;2.10.1981;0;1
GADO;1;2.08.1945;1;0
YUZGOL;1;16.12.1986;0;1
MAHADI;1;9.05.1970;1;0
MEYTUBE;1;2.02.1975;0;1
HEMSU;1;19.02.1941;0;1
MIHARI;1;9.12.1970;0;1
SIMTENAY;1;22.11.1979;0;1
MUSTAFE;1;27.06.1974;1;0
EDISABAH;1;18.03.1972;0;1
MUHAMMETSIDDIK;1;12.02.1971;1;0
NENICAN;1;11.09.1981;0;1
ZERENGIZ;1;22.08.1925;0;1
URAYET;1;8.04.1970;0;1
TERVAN;1;4.03.1942;0;1
METHUSSEMA;1;29.05.1966;0;1
SUMEYNA;1;16.12.1981;0;1
UMMIYETE;1;20.10.1990;0;1
MUSAALP;1;29.09.1987;1;0
TEKELIM;1;18.01.1987;0;1
ADILESAH;1;16.03.1972;0;1
FERAHTIBA;1;22.04.1973;0;1
FAZLUTTIN;1;26.03.1941;1;0
MEMISAT;1;17.02.1936;1;0
AKHISAN;1;4.04.1963;0;1
FERKO;1;20.11.1939;1;0
ULKEVAN;1;22.04.1969;1;0
FEHRENDIYAR;1;6.07.1943;1;0
ESRASULTAN;1;23.12.1976;0;1
MISFICIHAN;1;13.04.1976;0;1
OGUZHAKAN;1;10.02.1986;1;0
IMANFIGEN;1;1.01.1982;0;1
DENKHAD;1;15.07.1979;1;0
FAHR;1;29.07.1982;0;1
JEREN;1;6.03.1969;0;1
NUREYYEN;1;17.03.1960;0;1
MARISEL;1;17.02.1990;0;1
RUZYE;1;21.05.1936;0;1
HURUYRA;1;14.05.1967;0;1
KELIMETULLAH;1;27.10.1980;1;0
BERVA;1;22.10.1991;0;1
RIKNEDDIN;1;23.02.1987;1;0
SEVNC;1;24.05.1991;0;1
REGIHAN;1;7.02.1958;0;1
FARACETTIN;1;1.01.2001;1;0
PEROZA;1;12.08.1935;0;1
RUFKAT;1;27.09.1956;0;1
FERASEDDIN;1;6.05.1974;1;0
VAHDIL;1;1.12.1964;1;0
HANMESHUDE;1;7.02.1958;0;1
MUSOM;1;27.08.1932;0;1
AFYEDDIN;1;13.03.1988;1;0
ROJAY;1;8.04.1986;0;1
MISABETTIN;1;19.10.1983;1;0
SENEMHANIM;1;27.02.1980;0;1
VACHIYE;1;2.03.1960;0;1
KAMALYE;1;7.04.1964;0;1
SABADULLAH;1;2.02.1975;1;0
CAVHER;1;6.08.1956;1;0
ELVESYA;1;5.04.1973;1;0
FURDANUR;1;11.08.1963;0;1
CEMUGUR;1;30.10.1974;1;0
YAS;1;24.03.1955;1;0
BEYLIKO;1;18.03.1954;1;0
TULAYAT;1;21.06.1962;0;1
VEKILLA;1;12.06.1959;0;1
FERHINK;1;13.05.1959;1;0
BENIZER;1;12.10.1989;0;1
HULYACAN;1;23.06.1987;0;1
HUZEYCAN;1;3.10.1983;0;1
GULGEDEM;1;13.03.1957;0;1
SANIYAR;1;1.12.1981;0;1
SOLHATTIN;1;17.09.1948;1;0
MAHKUL;1;14.04.1979;0;1
SUMERZE;1;20.03.1950;0;1
HAKULE;1;12.08.1935;0;1
MUHULBENT;1;22.08.1931;0;1
BAYRUZ;1;2.04.1975;1;0
SIMERZAN;1;3.09.1980;0;1
BEHIDAR;1;2.07.1990;0;1
NURFICAN;1;18.02.1966;0;1
SEMSIHAMER;1;7.04.1958;0;1
GEVU;1;27.08.1926;0;1
MEZIA;1;7.06.1964;0;1
MIRPEC;1;7.02.1982;1;0
MUDURYE;1;16.02.1964;0;1
RIHIYA;1;17.02.1972;0;1
TETU;1;12.08.1953;1;0
METIBE;1;30.04.1975;0;1
SIMHAZER;1;4.05.1962;0;1
CEZET;1;22.08.1973;1;0
ADILESAR;1;22.02.1967;0;1
EBDULCEBBAR;1;12.02.1949;1;0
MUSTAFFA;1;22.02.1961;1;0
HOMIN;1;22.07.1937;0;1
KAZ;1;24.06.1983;0;1
TANHAZAR;1;22.02.1967;0;1
NECIMBASRI;1;22.02.1961;1;0
CEDIBE;1;28.01.1967;0;1
BILESAH;1;6.08.1973;0;1
BUYUSER;1;17.07.1942;0;1
IDIN;1;7.03.1940;0;1
GARGIN;1;2.08.1952;1;0
HIMAYUM;1;22.08.1963;0;1
MUFTERIN;1;17.10.1966;0;1
ALIMENDEN;1;12.08.1917;1;0
SAYZENET;1;25.07.1949;0;1
HETINE;1;19.03.1966;0;1
VENICE;1;18.11.1988;0;1
EBDULLAH;1;17.02.1960;1;0
MARIYEH;1;18.05.1991;0;1
DELUHA;1;22.03.1961;0;1
FADILME;1;27.04.1985;0;1
TAHSIMA;1;24.05.1967;0;1
GOLCICEK;1;7.02.1964;0;1
NAZNURCAN;1;16.12.1961;0;1
KIRITHAN;1;18.05.1972;1;0
AKUTE;1;23.06.1973;0;1
FELENAZ;1;27.05.1942;0;1
KADIR.BARIS;1;15.02.1990;1;0
SULHICAN;1;7.04.1928;0;1
CIFTASLAN;1;26.12.1965;1;0
HESBIHAN;1;22.04.1954;0;1
MISMIRANDI;1;9.01.1973;0;1
MULKESE;1;9.10.1976;0;1
ABULVAHAP;1;6.12.1985;1;0
FEYSELHAN;1;2.09.1969;1;0
FARICATUL;1;27.04.1962;0;1
ANBERHAN;1;2.03.1951;0;1
RAHUZA;1;8.04.1933;0;1
SAADDEF;1;12.02.1971;0;1
MEKREMINAZ;1;22.03.1961;0;1
NEVZEDDIN;1;22.07.1966;1;0
KIRMIZIHAN;1;22.08.1925;0;1
RIHAFEZE;1;4.06.1971;0;1
MIRANI;1;5.04.1973;0;1
REGAHAN;1;19.09.1979;0;1
LIVAEDDIN;1;26.08.1973;1;0
ZULHUNAZ;1;5.12.1957;0;1
YEDISAH;1;17.02.1976;0;1
YADISEN;1;19.10.1985;0;1
RAYLER;1;3.02.1969;0;1
KEDIRE;1;17.02.1948;0;1
NAZVAN;1;10.04.1989;0;1
MUHSENAT;1;2.03.1951;0;1
NOJDAR;1;1.02.1976;0;1
HUSRUV;1;8.12.1939;1;0
KEYSEBANU;1;2.08.1975;0;1
SAHRNURE;1;26.06.1975;0;1
YAMLIHEN;1;10.03.1958;0;1
BERIK;1;27.02.1950;0;1
FORMEN;1;19.03.1982;1;0
RIJBER;1;17.02.1972;0;1
MAHFIZYE;1;26.01.1957;0;1
HESBULLAH;1;23.05.1985;1;0
VELMEDIN;1;17.03.1960;1;0
IMROZ;1;7.12.1979;1;0
DEVETI;1;17.03.1960;1;0
BIRZO;1;2.02.1957;1;0
TALILA;1;22.02.1967;0;1
HAVZARAN;1;27.11.1974;0;1
ZIBATER;1;10.11.1952;0;1
SAHREZA;1;22.02.1961;0;1
KADU;1;22.08.1925;1;0
BILEVSAH;1;14.04.1965;0;1
VARDEY;1;2.05.1981;0;1
MUTHIH;1;2.02.1969;1;0
GAVRES;1;12.04.1941;0;1
RUSMEN;1;21.06.1968;1;0
HERAL;1;16.06.1928;0;1
KILSU;1;15.06.1934;1;0
MEMETSABETTIN;1;23.07.1939;1;0
SIHMOZ;1;27.02.1974;1;0
PERVANEH;1;12.04.1979;0;1
ZEYNALABINDIN;1;17.02.1972;1;0
SAKIRBARI;1;18.04.1966;1;0
RESNA;1;26.10.1982;0;1
NEMENETULLAH;1;13.01.1975;1;0
YESRUP;1;18.04.1983;1;0
YARDIGAR;1;23.06.1967;0;1
SURAHIYA;1;17.08.1948;0;1
MAGADA;1;17.12.1972;0;1
IZHAT;1;22.06.1991;1;0
HULETE;1;27.05.1950;0;1
DIAYEDDIN;1;25.07.1981;1;0
LARIKA;1;21.01.1984;0;1
ESGAZI;1;18.06.1966;1;0
KIRET;1;15.05.1965;1;0
MUHTEZA;1;17.12.1978;0;1
FETU;1;27.08.1920;1;0
TADDIRIYE;1;12.08.1971;0;1
MIHFAN;1;18.03.1982;0;1
ABDULMEENAF;1;11.11.1991;1;0
SEVG;1;8.12.1989;0;1
SIGAL;1;22.02.1967;0;1
VEDILA;1;17.02.1979;0;1
KUTIRK;1;16.07.1946;0;1
HOMAVIL;1;4.01.1974;0;1
IREMISTAN;1;12.02.1965;0;1
KUTLARHAN;1;21.11.1974;0;1
MUHTULE;1;7.02.1964;1;0
NARTAC;1;21.05.1975;0;1
VESEMET;1;22.02.1967;0;1
MULKESAN;1;30.05.1974;0;1
NETISE;1;27.03.1972;0;1
SOHBETTIN;1;12.02.1965;1;0
AHANUR;1;20.11.1976;0;1
ABDULULAH;1;6.01.1967;1;0
NURPENBE;1;18.05.1969;0;1
NEMICAN;1;26.05.1976;0;1
CUNEYIS;1;13.09.1987;1;0
LUFULLAH;1;14.04.1990;1;0
SEFINC;1;26.03.1937;0;1
FEHRIBA;1;29.06.1974;0;1
NEJMIZE;1;20.05.1964;0;1
FAHRILCIHAT;1;29.10.1963;1;0
TAHABETTIN;1;2.08.1921;1;0
MUYEDDER;1;23.02.1943;0;1
HALFETE;1;27.02.1962;0;1
RUFAYLA;1;12.02.1965;0;1
ARDURRAHMAN;1;27.09.1986;1;0
MAKSADE;1;23.02.1957;0;1
MERZUFUN;1;11.11.1967;0;1
HALYASE;1;16.01.1967;0;1
SILLA;1;19.10.1980;0;1
SAHIHAN;1;7.02.1970;0;1
OZBUN;1;13.12.1980;0;1
ELFAZYA;1;4.01.1965;0;1
YURTTASIN;1;8.06.1949;0;1
MUTLARHAN;1;10.05.1976;0;1
ULKULAY;1;7.10.1987;0;1
MIHTULLAH;1;22.07.1967;1;0
DECANE;1;2.03.1957;1;0
FERIHAGUL;1;7.02.1960;0;1
ARVAS;1;10.09.1987;0;1
CIDEYET;1;12.03.1959;0;1
MUSLUHE;1;15.05.1989;0;1
HANIMHAS;1;6.04.1950;0;1
VESFICIHAN;1;22.05.1986;0;1
MUYEFER;1;1.11.1979;0;1
GULUMSEV;1;27.01.1986;0;1
OZERAN;1;21.04.1977;0;1
ADULHALIK;1;9.09.1973;1;0
ZURVAN;1;1.06.1980;1;0
SAYSTE;1;12.12.1986;0;1
TAYBI;1;21.01.1958;1;0
HARAC;1;7.02.1970;0;1
ISTERIM;1;7.08.1928;0;1
EBULYAMIN;1;27.10.1950;1;0
SEVKIYIAT;1;19.04.1977;0;1
MECBULA;1;24.01.1953;0;1
BEDIYAS;1;4.03.1962;0;1
ERSENAN;1;16.05.1981;1;0
GARIYE;1;3.03.1959;0;1
REZGIN;1;18.12.1960;1;0
SEYDAH;1;26.04.1936;0;1
GULERMI;1;1.03.1958;0;1
NILRUBAN;1;4.09.1972;0;1
HARISIMAN;1;4.03.1961;0;1
BUHAYEDIYE;1;6.01.1969;0;1
UREYNEP;1;8.01.1972;0;1
CECIS;1;10.04.1973;1;0
BAHAREM;1;4.05.1963;1;0
RAHYEDIN;1;22.06.1971;1;0
HEYZU;1;22.02.1943;0;1
AZAL;1;7.02.1946;0;1
DOLAYI;1;9.04.1973;1;0
MUYUSSER;1;22.02.1967;0;1
CIHANULLAH;1;1.10.1989;1;0
MUNEYYER;1;30.05.1956;0;1
BASRAFI;1;1.03.1942;0;1
BERIZADE;1;27.10.1973;0;1
NIZMETTULLAH;1;3.04.1973;1;0
BACADDIN;1;27.02.1956;1;0
INCIGOZ;1;23.03.1979;1;0
DIVO;1;27.02.1956;0;1
SAHRISTA;1;24.06.1973;0;1
FEYZULALH;1;7.02.1976;1;0
TANGO;1;6.03.1943;0;1
HASIYETE;1;22.02.1961;0;1
SIZKAZ;1;1.07.1956;0;1
RUSAD;1;27.10.1987;0;1
BESIH;1;30.05.1962;0;1
FERREHDIBA;1;5.03.1962;0;1
FERIGOL;1;7.10.1964;0;1
HEYDAR;1;13.07.1956;1;0
LEBIBA;1;25.04.1962;0;1
ZERENGI;1;2.10.1955;0;1
KURDERT;1;23.03.1985;0;1
ENOS;1;8.07.1934;0;1
AMENETULLAH;1;15.05.1971;1;0
DOLE;1;17.11.1966;0;1
HIKMETTULAH;1;1.07.1979;1;0
ROFET;1;11.05.1972;1;0
YADISAR;1;14.12.1984;0;1
HAMMAIL;1;30.04.1947;0;1
SARABON;1;28.06.1971;0;1
TEYBETE;1;24.03.1967;0;1
HOSMIR;1;12.02.1951;1;0
DIYADEN;1;27.10.1986;1;0
FEYZIOGLU;1;6.07.1985;1;0
CAIHDE;1;11.03.1988;0;1
ZULFETAN;1;17.03.1966;1;0
BAYLEZ;1;24.07.1944;1;0
MUHTEDA;1;3.05.1939;1;0
HURISMAN;1;2.02.1957;0;1
DEVRETHAN;1;12.02.1985;0;1
FEDREDDIN;1;26.06.1967;1;0
SICICE;1;7.02.1982;0;1
SEHRIK;1;26.02.1961;1;0
ERCAS;1;21.06.1990;1;0
CAZIA;1;15.07.1970;0;1
EYNURHEYAT;1;2.04.1970;0;1
GULFAHIM;1;18.03.1960;0;1
KURKO;1;17.03.1928;1;0
ABDULHUDUS;1;3.11.1975;1;0
ABDUTALIP;1;26.06.1965;1;0
MURRESIT;1;18.08.1934;1;0
ESMAYUCEL;1;23.01.1977;0;1
FANUSI;1;19.06.1965;0;1
ERNEVAS;1;9.09.1985;0;1
NECADEDDIN;1;23.06.1967;1;0
GULCEREK;1;17.11.1990;0;1
SAHOZER;1;2.05.1981;0;1
AHITNAME;1;18.08.1959;0;1
ABTULMUTALIP;1;17.08.1958;1;0
RAHIK;1;8.05.1981;1;0
GAYLAR;1;1.08.1972;0;1
ESKULLAH;1;21.10.1965;1;0
BILDANUR;1;25.08.1985;0;1
MISMIRE;1;12.02.1953;0;1
SINANBERI;1;9.12.1957;0;1
LIBYETE;1;7.08.1988;0;1
MEHMETSABAHATTIN;1;26.02.1978;1;0
HUBRET;1;15.01.1938;0;1
ZIRBAR;1;2.08.1921;0;1
NEVOZE;1;15.08.1975;0;1
ISMANPERI;1;21.07.1983;0;1
BAZGO;1;8.02.1946;0;1
KUDBEDTTIN;1;18.09.1965;1;0
HACCERILA;1;28.06.1979;0;1
BIJER;1;11.08.1981;0;1
SEMINHAN;1;5.08.1987;0;1
A.SAMAT;1;10.03.1964;1;0
MUZESER;1;22.09.1973;0;1
BEYBET;1;13.10.1987;0;1
MUTTEVELLI;1;27.02.1956;1;0
ZEYBETHAN;1;22.02.1967;0;1
ZIYDIN;1;11.04.1981;1;0
DURIYYET;1;22.08.1973;0;1
FIDYETE;1;24.04.1977;0;1
VALKAN;1;28.03.1992;1;0
KERMANSAH;1;23.07.1973;0;1
VECHETIN;1;21.06.1974;1;0
RUCE;1;17.04.1991;0;1
KAYINE;1;26.11.1978;0;1
SIYRUZ;1;12.04.1941;1;0
TEHIME;1;3.03.1973;0;1
SAHZENNAN;1;15.01.1973;0;1
BILINK;1;22.08.1931;1;0
MIHCIN;1;25.11.1949;0;1
RECEPALTAN;1;1.01.1958;1;0
PAKYEDIN;1;16.08.1965;1;0
MEHMETGARIP;1;22.02.1973;1;0
SIVAYDA;1;22.02.1961;0;1
HIRHIR;1;12.02.1935;0;1
SAHSIBA;1;1.11.1990;0;1
TEPRIZE;1;26.05.1963;0;1
ZIYEP;1;20.04.1966;1;0
SUMO;1;2.01.1958;1;0
HALIZAR;1;27.05.1974;0;1
KAKUL;1;3.05.1979;1;0
SIRMUZAR;1;2.02.1957;0;1
MERYEMMA;1;22.02.1979;0;1
MECBURHAN;1;17.02.1942;0;1
SEYITHACI;1;7.02.1976;1;0
YELIHAN;1;12.05.1989;0;1
MEYAF;1;27.03.1962;0;1
DILILA;1;27.10.1986;0;1
NUSAFERIN;1;8.07.1975;0;1
HAYYATI;1;21.06.1990;1;0
GONERCIN;1;7.03.1958;0;1
SIYIDAHMET;1;3.05.1957;1;0
ESMUYE;1;22.02.1961;0;1
EBUKESME;1;5.05.1975;0;1
HUGI;1;28.06.1937;0;1
KORKU;1;29.07.1935;1;0
SIYAHTELLI;1;16.01.1934;0;1
MUKFI;1;26.09.1991;1;0
FAYFUR;1;27.12.1968;0;1
NEMIHAN;1;10.02.1956;0;1
ERSIRIN;1;17.05.1978;1;0
HULELE;1;18.02.1954;0;1
MEVZUMELEK;1;6.01.1951;1;0
AZAPSIR;1;9.11.1969;1;0
SUMSUR;1;26.01.1957;0;1
MOKSINE;1;8.05.1955;0;1
BILYAM;1;15.09.1981;1;0
PAHYE;1;30.2.1953;0;1
OGOZ;1;17.05.1960;1;0
NAFIREZ;1;6.07.1967;0;1
OZELM;1;28.06.1991;0;1
TATMAZIN;1;7.08.1922;0;1
SEHRITAN;1;17.05.1954;0;1
SIRIZAT;1;27.02.1954;0;1
SICA;1;8.03.1968;1;0
K.MESRUKE;1;10.12.1971;0;1
AHYABEY;1;26.08.1954;1;0
ORHANKAZI;1;25.04.1965;1;0
BAHIYET;1;17.08.1930;0;1
HEZERA;1;7.05.1980;0;1
SUKRAR;1;10.07.1949;0;1
UMILE;1;7.04.1988;0;1
LEVIHA;1;14.12.1969;0;1
LAHIT;1;15.08.1973;1;0
OGNUR;1;7.03.1982;0;1
SUKRANHANIM;1;5.05.1971;0;1
GAHEL;1;27.08.1938;1;0
ENZIRE;1;17.02.1954;0;1
FATTIH;1;8.12.1977;1;0
SAHTIN;1;14.04.1978;1;0
FIDYAT;1;25.03.1961;1;0
SUKRUSENAN;1;9.11.1969;0;1
GULUNTAN;1;14.05.1964;0;1
BALLIHANIM;1;18.08.1971;0;1
CANSAP;1;7.02.1934;1;0
MAYCAN;1;16.05.1988;0;1
MAHISAKAR;1;26.04.1967;0;1
MENZURIYET;1;18.09.1948;0;1
HEYBET.;1;6.03.1985;0;1
MERDAS;1;21.03.1941;1;0
MEHMETDINER;1;17.02.1972;1;0
DAGILA;1;22.03.1955;0;1
EMAYIL;1;2.08.1969;0;1
VAHDULAH;1;23.04.1979;1;0
BESNAI;1;22.08.1931;0;1
FERIYETTIN;1;26.02.1959;1;0
NUGAR;1;2.08.1951;0;1
SAHISTA;1;2.09.1981;0;1
BIZIN;1;12.02.1941;0;1
TAYYIPET;1;29.05.1986;0;1
ZUBEYER;1;14.01.1952;1;0
SINEPPERI;1;16.06.1970;0;1
CEHAVIR;1;6.04.1956;0;1
BISVER;1;17.02.1966;0;1
NEVSADDIN;1;2.10.1975;1;0
BILGOL;1;25.10.1973;0;1
BADISEHE;1;12.08.1971;0;1
SELIVA;1;9.02.1954;0;1
SURACEDDIN;1;2.02.1951;1;0
SUVAYLE;1;24.02.1992;0;1
EMENATULLAH;1;17.10.1969;1;0
TEYYUPHAN;1;2.06.1969;1;0
SANIYETE;1;17.08.1972;0;1
BAYROZ;1;20.05.1972;1;0
ROJGAR;1;18.08.1974;0;1
YEMENHAN;1;27.02.1962;1;0
BINNAKS;1;27.02.1962;0;1
NALYEHAN;1;1.04.1946;0;1
SEHMOS;1;1.07.1967;1;0
BAZIHAN;1;28.08.1944;0;1
BAKLISE;1;7.02.1964;0;1
BEGIHANIM;1;28.04.1972;0;1
KEHRIME;1;15.05.1988;0;1
AILETE;1;26.11.1972;0;1
MAGAZ;1;23.06.1991;1;0
ZERHETTIN;1;22.08.1979;1;0
SEHMOZ;1;2.02.1969;1;0
MHEMET;1;1.11.1985;1;0
BAHYA;1;12.03.1959;0;1
PAYAL;1;4.08.1979;1;0
REKABET;1;2.05.1974;0;1
GULMUKADEST;1;21.05.1982;0;1
TOMHAZAR;1;27.02.1974;0;1
NEMES;1;17.02.1960;0;1
BOZAK;1;27.02.1956;1;0
CAVZET;1;22.03.1955;1;0
ZULFKUF;1;3.06.1966;1;0
HALHAL;1;23.11.1960;0;1
CEVAHRAN;1;27.08.1968;0;1
MAMGULI;1;11.04.1963;1;0
MIROMER;1;21.12.1974;1;0
KICAL;1;7.08.1922;0;1
HIFI;1;2.08.1933;0;1
DEMIYE;1;1.06.1979;0;1
MAYSET;1;3.05.1957;0;1
ANTICA;1;17.05.1984;0;1
HANGIL;1;17.02.1966;0;1
ELIDIA;1;25.02.1974;0;1
VAHDDETIN;1;18.06.1978;1;0
GULSUSUN;1;21.11.1972;0;1
KUTFETIN;1;22.02.1967;1;0
RAHIYETTIN;1;12.04.1947;1;0
GULCEMAT;1;25.04.1988;0;1
RAZINIHAT;1;26.01.1983;1;0
ABRUZ;1;16.06.1946;0;1
SUHBEDDIN;1;17.03.1966;1;0
ARIB;1;1.03.1968;1;0
SURACADDIN;1;26.03.1967;1;0
FIYETE;1;26.12.1977;0;1
EFRUN;1;5.05.1983;1;0
GUNAF;1;20.06.1954;0;1
HUCCETE;1;26.06.1960;0;1
SEFILMULIK;1;28.02.1971;1;0
MUNEVS;1;22.03.1953;0;1
RAFUYE;1;2.02.1951;0;1
CUBEYDE;1;16.03.1976;0;1
MIRHAKIM;1;23.06.1967;1;0
SARIYER;1;30.10.1971;0;1
SARLE;1;27.02.1956;0;1
CECIZ;1;2.05.1987;1;0
MUMTEZI;1;15.01.1974;0;1
RUHAZA;1;19.06.1966;0;1
ROZYA;1;26.11.1971;0;1
NEMIRAN;1;29.11.1979;0;1
SEHRENK;1;17.06.1972;1;0
YUSEYIN;1;17.08.1948;1;0
MEHMETISA;1;22.05.1973;1;0
LAYIZER;1;10.10.1948;0;1
SOHURYE;1;12.03.1965;0;1
SILT;1;7.08.1934;0;1
BAVA;1;26.02.1967;1;0
SAHIZERI;1;26.10.1960;0;1
BERZANA;1;16.10.1980;1;0
MEHSINA;1;2.09.1978;0;1
MEMFI;1;5.02.1989;1;0
NIHAC;1;7.05.1970;1;0
IBRAHIMHAKKAN;1;1.09.1974;1;0
MESRIBE;1;9.02.1976;0;1
ABDULBURHAN;1;27.07.1987;1;0
VEHBEDDIN;1;9.01.1976;1;0
HUSEYIRN;1;1.05.1990;1;0
ABDULELAM;1;17.09.1950;1;0
MUHBIDDIN;1;16.09.1980;1;0
EBUZID;1;18.03.1964;1;0
TEYBBET;1;1.12.1991;0;1
HEYIFAN;1;17.06.1966;0;1
KORKIN;1;17.04.1933;1;0
SIYABANT;1;2.02.1957;1;0
TASHIA;1;25.05.1973;0;1
NUSFICIHAN;1;29.07.1975;0;1
MAKBUEL;1;22.03.1955;0;1
CIGOEM;1;25.10.1990;0;1
TAYIBBET;1;21.08.1990;0;1
BIDEMGUL;1;22.03.1991;0;1
HALLIME;1;16.06.1965;0;1
ABDURRREZZAK;1;1.12.1990;1;0
ZUMMEYRAN;1;16.06.1987;0;1
ZUBAR;1;25.12.1988;0;1
HIRIK;1;21.03.1929;0;1
SUREYLE;1;18.10.1972;0;1
AKBULE;1;22.02.1973;0;1
KUMIRYE;1;8.11.1966;0;1
GEMGIN;1;5.07.1981;1;0
TEYMURHAN;1;10.11.1980;1;0
AHBILE;1;27.12.1975;0;1
TILLIZER;1;24.09.1949;0;1
SEHERHAZ;1;21.05.1983;0;1
MOHTULA;1;5.08.1947;1;0
CILLINAZ;1;18.10.1956;0;1
MAHTU;1;14.03.1991;0;1
MIKI;1;2.10.1975;0;1
GAYBEDDIN;1;28.05.1949;1;0
NURTELIN;1;8.08.1969;0;1
BAYRAHMET;1;2.09.1989;1;0
ANTISAH;1;12.08.1941;0;1
BASYIGIT;1;4.08.1936;1;0
KADIRIGUL;1;22.02.1967;1;0
ZERIKE;1;22.02.1955;0;1
AYTAF;1;4.08.1970;0;1
NUHULE;1;29.04.1970;0;1
MUHAMETCEM;1;21.04.1960;1;0
PUNYAMIN;1;6.03.1961;1;0
ELHIZAR;1;13.01.1959;0;1
FEYBALI;1;12.08.1953;1;0
MUTALLIB;1;27.01.1956;1;0
DERHIYE;1;29.03.1977;0;1
TADILE;1;27.11.1950;0;1
GULSUMKADIN;1;17.11.1948;0;1
DUNDANI;1;11.03.1969;0;1
GUZELIYE;1;17.02.1972;0;1
AKLEME;1;21.05.1980;0;1
NETUBE;1;18.05.1944;0;1
MUKSUM;1;12.04.1978;0;1
GADERULLAH;1;28.08.1966;1;0
BUGTAN;1;19.05.1980;1;0
NICO;1;7.08.1922;0;1
MERKOBE;1;8.11.1939;0;1
FAHRINEZ;1;18.01.1956;0;1
SEHPAZ;1;7.08.1922;1;0
ALIVERDI;1;26.06.1973;1;0
MILASIYE;1;12.09.1946;0;1
ZEYNEBAN;1;12.03.1971;0;1
SOYLECAN;1;10.12.1975;0;1
PERVINGULER;1;12.05.1972;0;1
CAMFIDE;1;18.08.1959;0;1
SAIMEDIN;1;12.04.1947;0;1
BELAIDDIN;1;5.06.1956;1;0
TEVREK;1;24.03.1972;0;1
BIRYIL;1;11.01.1977;1;0
RESAHI;1;12.03.1941;1;0
KUHERIYE;1;17.04.1930;0;1
SESMAN;1;12.02.1980;0;1
TONCEL;1;22.06.1948;1;0
EFGAR;1;22.06.1975;1;0
TANSEF;1;6.04.1966;0;1
GULPARIYE;1;7.02.1964;0;1
OZBILEK;1;1.06.1972;1;0
CAVAN;1;8.09.1966;0;1
GULIRYEN;1;7.04.1964;0;1
INKAN;1;18.04.1971;1;0
SIRIKA;1;17.08.1924;0;1
FIGANIYE;1;26.04.1958;0;1
MURIFETTIN;1;26.10.1965;1;0
UDNAN;1;1.02.1962;1;0
KEREME;1;11.10.1975;0;1
RALAN;1;4.02.1978;0;1
FEYRU;1;1.01.2001;1;0
RESUHA;1;20.12.1972;0;1
HATTAN;1;28.10.1987;1;0
IRDESEL;1;4.08.1949;0;1
TUNSEY;1;3.10.1941;0;1
YASIYANHANIM;1;12.12.1971;0;1
NURSAHVAR;1;21.11.1952;0;1
OZPAR;1;13.12.1970;1;0
IKAFA;1;12.08.1953;0;1
TALIHHAN;1;8.04.1952;0;1
SEFIRIDVAN;1;26.12.1959;1;0
MEPRIKA;1;24.05.1937;0;1
SERPUR;1;21.08.1971;0;1
SUBETI;1;30.03.1950;0;1
GULABE;1;7.04.1958;0;1
MAYINNUR;1;18.03.1970;0;1
KEYRI;1;27.10.1957;0;1
VEZIKA;1;27.08.1950;0;1
SEFAHADE;1;13.07.1956;0;1
SEMENBAY;1;7.07.1964;0;1
GUNNISA;1;18.10.1981;0;1
GURDINC;1;2.12.1969;0;1
UMMUNISA;1;29.05.1975;0;1
FAALIYE;1;14.07.1941;0;1
AYAZA;1;27.02.1935;0;1
REKABE;1;4.06.1972;0;1
ALAZA;1;3.12.1985;0;1
SAMADIYE;1;7.04.1946;0;1
DONISER;1;1.07.1941;0;1
UNKILAP;1;16.10.1945;0;1
TULAS;1;16.05.1947;0;1
HIDIRAGA;1;30.06.1954;1;0
GUZBER;1;26.09.1959;1;0
TEMASAH;1;1.09.1979;0;1
NAYSERIN;1;7.07.1981;0;1
YASARVECDI;1;14.03.1947;1;0
CEZERIYE;1;14.03.1947;0;1
ISILBAZ;1;22.02.1949;0;1
BEKLIYE;1;17.08.1930;0;1
RAGBEYDIN;1;2.08.1951;1;0
TURTIYAN;1;5.07.1927;0;1
A.SETTAR;1;26.11.1965;1;0
VALYIDE;1;12.08.1953;0;1
SAHIFETTIN;1;1.11.1960;1;0
URBUS;1;22.08.1925;0;1
ILALDI;1;24.01.1940;1;0
ESHO;1;2.08.1927;1;0
FIKRUN;1;2.02.1969;0;1
SAGUN;1;7.01.1946;1;0
MISIN;1;2.08.1939;1;0
HIDAETA;1;25.10.1961;0;1
SAYGIYA;1;12.05.1959;0;1
YORMA;1;6.11.1979;0;1
REYSULLAH;1;17.02.1936;1;0
BIKEHANIM;1;15.04.1989;0;1
MEVRIGUL;1;21.08.1944;0;1
GUNDOVAR;1;8.03.1967;1;0
SUHANMER;1;2.10.1960;1;0
ZELVIHAN;1;26.02.1991;0;1
TERAVET;1;26.02.1971;0;1
LUBISA;1;12.08.1935;0;1
MULFERIYE;1;2.08.1933;0;1
GULENDEMIR;1;12.04.1965;0;1
NEYYIT;1;2.02.1957;1;0
AITER;1;4.02.1951;0;1
SENOZEL;1;17.07.1954;0;1
ZERGEH;1;14.02.1953;0;1
DURSEVEN;1;29.08.1952;1;0
SEINAZ;1;17.08.1978;0;1
ETNAM;1;21.03.1946;1;0
GULURYEN;1;24.07.1954;0;1
SUKIBE;1;6.08.1938;0;1
DILSUDE;1;3.03.1951;0;1
MUHIPBE;1;20.05.1932;0;1
SABITBEY;1;21.06.1961;1;0
YOLAL;1;16.03.1940;1;0
ARPIL;1;24.05.1979;1;0
IZAZET;1;12.11.1953;1;0
GAZIANTEP;1;9.10.1953;1;0
FERUHNUR;1;8.06.1973;0;1
SEVKITTIN;1;25.05.1936;1;0
CAHITAN;1;13.05.1938;0;1
MUISALI;1;2.08.1933;0;1
KADIFEYKA;1;28.11.1971;0;1
HUSSAMIDDIN;1;3.04.1933;1;0
AKOVA;1;9.06.1982;1;0
NETAMET;1;1.09.1961;0;1
TANERRICA;1;4.03.1937;0;1
VELFIDE;1;3.09.1950;0;1
NAHIKAR;1;29.07.1952;0;1
YORDAL;1;17.09.1946;1;0
FECAZAT;1;18.04.1966;1;0
MUCAYIM;1;10.06.1954;1;0
RUHISEFA;1;27.04.1965;1;0
MUKADE;1;12.08.1929;0;1
MUKMERIYE;1;18.10.1965;0;1
SAHVETIYE;1;15.04.1959;0;1
SENACETTIN;1;10.12.1969;1;0
PERIVET;1;13.04.1940;0;1
MINYAN;1;25.02.1949;0;1
RUDEYYA;1;27.02.1974;1;0
MURABETTIN;1;1.08.1953;1;0
MEHPARIYE;1;22.04.1973;0;1
HAYRIMUSAN;1;4.03.1957;0;1
FELAITTIN;1;18.07.1938;1;0
HAPLI;1;17.09.1954;0;1
HURMEZET;1;26.03.1958;0;1
ULKTAY;1;19.02.1975;1;0
ERDESEL;1;22.06.1972;0;1
NAKIKA;1;26.12.1943;0;1
VEFZI;1;7.01.1962;1;0
OZCANIM;1;17.08.1982;0;1
BASTANI;1;26.06.1957;1;0
SEYCIHANIM;1;12.05.1959;0;1
DILBERYE;1;7.09.1958;0;1
SEMERGEND;1;25.03.1966;0;1
PISIN;1;1.09.1966;0;1
TESKILE;1;26.02.1967;0;1
NOVIDE;1;27.02.1938;0;1
KUDRETVERDI;1;16.05.1932;0;1
MUHEYYER;1;11.09.1942;0;1
SEYCANI;1;12.03.1965;0;1
NECURE;1;27.09.1939;0;1
HAMIYITTIN;1;7.08.1964;1;0
MUJUGAN;1;2.07.1959;0;1
MIHPER;1;13.02.1963;0;1
ALEMZAR;1;21.04.1963;0;1
LEBIYAN;1;26.06.1966;0;1
TAUN;1;10.12.1980;1;0
SEYZALI;1;7.10.1971;1;0
ZEKAIDIN;1;17.05.1972;1;0
DEZIZE;1;16.04.1953;0;1
NASUFE;1;2.08.1927;0;1
FERANIYE;1;1.01.1970;0;1
ZEVDI;1;17.05.1936;0;1
ZURAYE;1;30.11.1963;0;1
NAKIZAD;1;22.03.1943;0;1
GUNERGE;1;28.02.1954;0;1
GULNESLI;1;12.08.1935;0;1
SAFEYE;1;22.04.1937;0;1
GUZALATTIN;1;11.12.1974;1;0
MIKAYE;1;2.02.1951;1;0
SUCAYE;1;13.04.1941;0;1
NAGITTIN;1;12.05.1953;1;0
YUCELIYE;1;19.03.1969;0;1
USGUNA;1;26.06.1969;0;1
SANIGE;1;12.02.1953;0;1
AKSEVIL;1;6.07.1959;1;0
ESMETEL;1;16.03.1966;0;1
EMAVIL;1;6.11.1956;1;0
ZEYCAMIM;1;28.03.1942;0;1
MIRTE;1;29.04.1966;0;1
HAFSIDE;1;28.11.1960;0;1
DIYSAH;1;5.05.1964;0;1
YAGAR;1;13.10.1981;1;0
NURFADI;1;19.06.1966;0;1
ATIRNAZ;1;21.02.1970;0;1
AKTUREL;1;25.11.1937;0;1
BELKINUR;1;2.04.1967;0;1
YAKKUP;1;4.07.1991;1;0
UMURSEN;1;11.07.1949;0;1
OZISIK;1;1.07.1938;1;0
ZULFEHIM;1;26.11.1950;1;0
MILID;1;12.08.1985;0;1
KANIBET;1;26.03.1966;0;1
SADETUL;1;8.11.1946;0;1
JUMRAN;1;11.01.1951;0;1
TURUHA;1;7.12.1973;0;1
RAHMATULAH;1;2.02.1963;1;0
TIRENZAT;1;3.10.1947;0;1
SIVADIYE;1;6.05.1958;0;1
MAHBERIM;1;7.03.1976;0;1
CANESSEP;1;3.09.1971;1;0
DAVUDIYE;1;23.05.1966;0;1
FERFILLI;1;12.08.1935;0;1
GULSUNNET;1;2.05.1949;0;1
KAMLU;1;19.02.1930;0;1
ZELKINA;1;10.12.1958;0;1
GERIZE;1;24.03.1949;0;1
ANDELIF;1;5.12.1961;1;0
CAZIBIYE;1;6.04.1955;0;1
YAGMURSEL;1;23.02.1990;0;1
MURIYA;1;2.11.1957;0;1
MIHDET;1;6.08.1975;1;0
MOSEMA;1;16.04.1970;0;1
DUNDUR;1;1.04.1950;0;1
TUTKAY;1;18.05.1970;1;0
SERAMIN;1;4.05.1977;0;1
RUBIDA;1;29.10.1980;0;1
FEHIN;1;6.10.1990;1;0
ZEHIRYA;1;25.09.1991;0;1
ALIYO;1;7.08.1934;1;0
TOKDIL;1;8.03.1940;1;0
PERIZADI;1;11.07.1974;0;1
SERETIYE;1;11.05.1965;0;1
NIYSAN;1;27.03.1962;1;0
EMIRALEM;1;4.01.1943;1;0
KAIMHAN;1;18.05.1974;1;0
FURAYE;1;25.06.1967;0;1
CENAH;1;28.06.1957;1;0
URUVEYDE;1;16.02.1957;0;1
LEHIR;1;5.08.1948;0;1
SAFIREYE;1;8.05.1968;0;1
ERSUZER;1;5.12.1967;1;0
SELBAN;1;7.02.1988;1;0
NAHIMET;1;11.03.1960;0;1
EMORE;1;16.02.1956;0;1
MELAKE;1;27.04.1980;0;1
SEREFDILER;1;3.05.1960;1;0
HUCEYETTIN;1;2.01.1945;1;0
BERBAN;1;7.03.1976;0;1
GURKOS;1;21.10.1936;1;0
ZENZADE;1;10.04.1968;0;1
AZABIYE;1;1.03.1957;0;1
BADIYAR;1;10.06.1952;1;0
MERHUSE;1;17.10.1972;0;1
NUHRA;1;30.06.1965;0;1
ALTINTIS;1;26.10.1940;1;0
SEKINETE;1;9.04.1976;0;1
ENTIGA;1;30.04.1964;0;1
HAYATIR;1;9.03.1954;1;0
NUKDUYE;1;1.07.1983;0;1
MUZAMETDIN;1;1.09.1970;1;0
FABIR;1;14.12.1935;0;1
ABDULEKREM;1;22.08.1919;1;0
MEHIYBE;1;2.08.1974;0;1
FEZGUL;1;2.02.1987;0;1
KARATEKE;1;27.10.1936;1;0
AFIYYET;1;17.06.1935;0;1
MIYASIN;1;5.11.1963;0;1
MUHEYDER;1;26.05.1976;1;0
SUAYBUN;1;17.10.1975;1;0
NUHCIHAT;1;18.02.1987;1;0
YETKIYE;1;27.11.1956;0;1
DONUMEN;1;3.05.1936;0;1
HAYKURA;1;18.11.1960;0;1
CALENUR;1;21.02.1936;0;1
UYDAS;1;30.12.1973;1;0
EMSALIN;1;24.10.1988;0;1
MAHTUNI;1;15.05.1972;1;0
SURDAN;1;3.08.1953;0;1
RUBISEL;1;22.07.1983;0;1
MUMMIN;1;27.03.1956;1;0
MEMNINIYE;1;12.08.1965;0;1
ZURHUYA;1;15.01.1974;0;1
MEHMEDBEDI;1;2.03.1957;1;0
GULDENHAN;1;17.02.1990;0;1
GUNYEVI;1;18.11.1982;1;0
NILUGFER;1;22.07.1973;0;1
NITAN;1;28.07.1980;0;1
BIROLIYE;1;5.11.1979;0;1
ZULCEL;1;18.05.1976;1;0
GULIHIZAR;1;6.12.1959;0;1
VAKISE;1;22.06.1978;0;1
MUHRUVET;1;23.02.1961;0;1
BESERIYET;1;12.07.1971;1;0
ZINETTAR;1;23.01.1936;0;1
MAHINNUR;1;26.12.1966;0;1
NURYAM;1;5.03.1974;0;1
SERVIYET;1;2.10.1974;1;0
TEFIYKE;1;6.01.1957;0;1
SAHFURA;1;21.10.1960;0;1
SAFFEBE;1;7.05.1964;0;1
FITANE;1;11.09.1945;0;1
NUDUFA;1;22.03.1973;0;1
ABDUSSEKAR;1;6.03.1957;1;0
HEZENGUL;1;11.04.1963;0;1
LEYHIZAR;1;3.01.1962;0;1
VARDAL;1;11.02.1944;1;0
NESLIKAN;1;26.01.1956;0;1
HESRIN;1;30.08.1965;0;1
SEBEAR;1;12.08.1953;0;1
MUEZRER;1;7.06.1958;0;1
ZARILE;1;1.02.1931;0;1
EYDER;1;23.12.1977;1;0
IZIREL;1;19.05.1954;0;1
FIRDA;1;17.08.1954;0;1
GULPERCEM;1;3.08.1942;0;1
FENSIH;1;17.02.1972;1;0
MELIKCA;1;17.02.1966;0;1
NAZZIME;1;2.02.1957;0;1
SHELLEY;1;21.07.1981;0;1
NAFIF;1;11.10.1938;1;0
ORIJINAL;1;2.02.1969;1;0
BIRRIVAN;1;26.04.1990;0;1
TAMUR;1;19.03.1966;1;0
TAKIY;1;16.06.1923;0;1
GULURIZ;1;16.12.1964;0;1
HUNAVER;1;7.06.1938;0;1
H.KEMALETTIN;1;26.08.1943;1;0
ABDURRAZIK;1;6.11.1963;1;0
URSET;1;19.06.1965;0;1
SEHIMEN;1;1.02.1949;0;1
MESKARE;1;1.02.1949;0;1
BINNABI;1;22.02.1961;1;0
ISMEDAL;1;17.02.1966;0;1
LAHBER;1;11.06.1950;0;1
USNEFER;1;21.05.1930;0;1
MERKUKE;1;22.03.1967;0;1
NIFDADIYE;1;8.02.1951;0;1
PELA;1;16.04.1959;0;1
HURDEVIZ;1;22.10.1973;0;1
SAMNUR;1;25.04.1939;0;1
NURAYETTIN;1;12.02.1965;1;0
VILIS;1;26.06.1928;0;1
IHDADIYE;1;30.09.1956;0;1
AKMESE;1;1.05.1936;1;0
ANNIBAL;1;16.02.1964;1;0
NEVCIGUL;1;18.02.1961;0;1
MEVLIGUL;1;27.04.1983;0;1
MUNECAT;1;30.10.1945;0;1
MESENRE;1;13.02.1947;0;1
VACITCAN;1;15.09.1987;1;0
MUTAHAT;1;22.08.1955;0;1
NURISU;1;5.01.1956;0;1
MAHIFURUZE;1;7.09.1934;0;1
SENOZAN;1;1.07.1945;0;1
ZAHMETIYE;1;11.02.1956;0;1
RUYGUL;1;3.12.1958;0;1
TEBIB;1;29.08.1974;1;0
RUHBAN;1;12.02.1977;0;1
AYUPER;1;25.04.1951;0;1
TURKILERLESIN;1;16.09.1969;1;0
NIHATHAN;1;2.02.1973;1;0
MIZGEN;1;21.03.1974;1;0
SUNIS;1;13.12.1951;0;1
GULAGZIM;1;11.02.1962;0;1
FERRUZAT;1;21.04.1970;0;1
FERIZETTIN;1;10.05.1948;1;0
MUNIRAY;1;21.09.1964;0;1
UZGIYE;1;21.11.1952;0;1
AYSENDER;1;23.02.1947;0;1
ASINDER;1;16.05.1963;0;1
ZAHMEDIYE;1;26.11.1973;0;1
SAGFURA;1;22.02.1967;0;1
HUYSER;1;13.03.1961;0;1
NECILEN;1;21.04.1951;0;1
RUSFIYE;1;5.02.1976;0;1
ZEYNEBBEYIM;1;7.07.1958;0;1
HIMADIYE;1;21.05.1948;0;1
SEHLIBA;1;27.08.1967;0;1
AYAZIYE;1;27.10.1956;0;1
ELGUDER;1;22.02.1943;1;0
SELVUS;1;15.06.1966;0;1
DEMIRPENCE;1;12.07.1971;1;0
YUKSELNUR;1;22.02.1991;0;1
RICAY;1;5.12.1962;1;0
GURGANI;1;19.06.1982;1;0
GURLUM;1;1.07.1958;0;1
ECIDER;1;9.09.1965;1;0
HUSUDE;1;1.11.1955;0;1
AYNERGIZ;1;6.08.1936;0;1
OZDET;1;9.05.1961;1;0
GOLFAR;1;30.09.1961;1;0
SULUKIYE;1;16.11.1934;0;1
NILIBAR;1;12.02.1965;0;1
HUSNIVER;1;22.02.1949;0;1
SARIKADIN;1;24.03.1949;0;1
MUCDADIYE;1;22.11.1941;0;1
GOLSAY;1;19.11.1962;0;1
DUYCANE;1;27.11.1987;1;0
MULKUBA;1;12.06.1971;0;1
SALABIYE;1;11.03.1973;0;1
BAHAATDIN;1;24.07.1990;1;0
GULLANDAL;1;26.12.1967;0;1
ZORUYE;1;22.06.1967;0;1
TAZECAN;1;26.09.1936;0;1
USTUNTAS;1;7.12.1934;1;0
SUNDAYIL;1;16.04.1962;1;0
M.FEYZI;1;26.02.1969;1;0
ULFUYEN;1;9.09.1975;0;1
SEHMUZE;1;16.04.1986;0;1
AHMETSIH;1;6.07.1969;1;0
RAGFIL;1;17.12.1948;0;1
DILAVERHAN;1;3.04.1990;1;0
DIYZEM;1;8.06.1987;0;1
ZEHABIYE;1;7.08.1922;0;1
NESRIDIN;1;9.07.1975;1;0
NEVZIKE;1;12.05.1965;0;1
PAYZIT;1;2.08.1951;1;0
HOLINSER;1;11.09.1976;0;1
SERERGUL;1;5.01.1939;0;1
BELGINAT;1;26.02.1963;0;1
HARIPSE;1;27.05.1984;0;1
MUZENIYE;1;17.04.1954;0;1
IMDIHAN;1;12.03.1977;1;0
FITNETKA;1;2.08.1939;0;1
BEZAMI;1;17.08.1960;1;0
ZAMILE;1;17.02.1966;0;1
SELFO;1;17.08.1924;1;0
BERHANE;1;23.05.1989;0;1
MEHELAT;1;26.10.1989;0;1
DUZUN;1;14.07.1934;0;1
FATIMABETUL;1;18.12.1978;0;1
NURBAYAT;1;22.02.1961;0;1
GITMA;1;17.02.1966;0;1
MAHHUS;1;11.06.1970;1;0
AYNATULMERDIYE;1;22.04.1979;0;1
OLAMAN;1;12.08.1929;1;0
IRFANGUL;1;2.12.1936;1;0
EYAMIN;1;17.08.1936;1;0
IKLIN;1;21.10.1957;1;0
AYMIRAY;1;24.02.1992;0;1
VENNAHAR;1;23.01.1966;0;1
KUDRETKA;1;17.08.1954;0;1
HAIME;1;16.09.1958;0;1
VEHHIBE;1;17.08.1972;0;1
M.SABIYE;1;22.07.1949;0;1
BERTURK;1;7.01.1953;1;0
HILIDER;1;16.07.1965;0;1
HURAYDIN;1;20.10.1962;1;0
SELIKAN;1;7.04.1981;1;0
AHLICE;1;16.02.1938;0;1
ZALEDDIN;1;27.02.1956;1;0
SEHERNA;1;12.02.1971;0;1
HERDEMGULEN;1;17.02.1966;0;1
ABDUULHAKIM;1;22.10.1991;1;0
GUNNERMAN;1;26.01.1985;0;1
AZEHER;1;12.02.1941;0;1
MUHAMETHANIFI;1;22.02.1967;1;0
SIABENT;1;25.05.1971;1;0
NEDILET;1;11.05.1964;0;1
TORTUM;1;17.05.1972;0;1
INCILAY.;1;14.03.1986;0;1
FAAKIM;1;22.01.1963;1;0
CEMALIDIN;1;7.08.1952;1;0
MESELI;1;21.02.1977;0;1
ZUMBUZ;1;26.03.1975;0;1
NURFIDIYE;1;27.06.1956;0;1
RABBE;1;18.06.1972;0;1
GUNTUL;1;20.10.1978;0;1
SUZANIYE;1;12.08.1953;0;1
KAMRETTIN;1;22.08.1925;1;0
SALEMCAN;1;6.08.1938;0;1
ZULLALE;1;7.08.1934;0;1
MUCATTIN;1;11.01.1974;1;0
NAZEDER;1;7.10.1958;0;1
KERIMETTIN;1;26.12.1975;1;0
ERTOSUN;1;17.10.1972;1;0
ERVAHIN;1;22.01.1966;1;0
RABIYETE;1;27.03.1950;0;1
NEMINA;1;29.03.1961;0;1
MISEVIYE;1;22.10.1968;0;1
NAZGULER;1;21.02.1951;0;1
MARYETUL;1;2.02.1969;0;1
MURVIDE;1;1.05.1982;0;1
KURBANHANIM;1;16.05.1957;0;1
DALALET;1;26.06.1961;0;1
NURUSSENE;1;28.07.1956;0;1
GADIRSAH;1;27.02.1968;0;1
DURBAZ;1;27.09.1962;1;0
HADYETULLAH;1;25.02.1973;1;0
TEYMER;1;28.06.1960;1;0
MECHER;1;24.03.1974;0;1
ODAL;1;5.06.1975;1;0
ALIISAN;1;9.12.1977;1;0
HEZAT;1;20.01.1980;0;1
VECADIN;1;16.06.1981;1;0
GULEBATTIN;1;6.02.1938;0;1
BADEMCI;1;21.06.1951;0;1
NEVREZTE;1;1.09.1991;0;1
MUPTELE;1;26.03.1961;0;1
MIHRIBAHAR;1;2.06.1983;0;1
AYSETU;1;8.09.1969;0;1
TURKENDER;1;26.08.1961;1;0
GINYA;1;27.08.1926;0;1
NAZUMAN;1;26.07.1967;0;1
GULORDU;1;16.07.1946;0;1
HICAIL;1;2.02.1951;1;0
ZAYLA;1;27.02.1968;0;1
SESIZ;1;22.02.1955;0;1
EVLEYAN;1;5.04.1939;0;1
ZUMBULUYE;1;4.02.1952;0;1
SUFALA;1;22.08.1970;0;1
MUDCET;1;28.02.1974;1;0
MESUDIYYE;1;12.05.1956;0;1
KELIBAR;1;5.02.1940;0;1
EMRUSAH;1;16.09.1974;1;0
TOPCICEK;1;3.05.1973;0;1
MEVFUZ;1;27.12.1974;1;0
NAKISLI;1;19.04.1966;0;1
SANZEDE;1;17.02.1972;0;1
EDAVETTIN;1;6.03.1980;1;0
KASTI;1;5.09.1963;1;0
MEHMETHUSEYIN;1;13.07.1969;1;0
MELENGUL;1;13.11.1965;0;1
SAYVETE;1;11.04.1969;0;1
MUKAYILE;1;18.09.1978;0;1
ZAHIRHAL;1;6.02.1972;1;0
YIRMAK;1;23.01.1979;1;0
MISLUM;1;26.04.1981;1;0
ZULEYNAZ;1;17.03.1987;0;1
GULATMA;1;20.08.1960;0;1
FENTUZYA;1;6.04.1980;0;1
GULAVATAN;1;7.02.1952;0;1
GURINAZ;1;7.02.1975;0;1
SEVILDAR;1;12.10.1984;0;1
ZENIN;1;14.06.1937;1;0
BAHABET;1;22.02.1985;0;1
PURYAS;1;9.02.1956;0;1
UZETTI;1;29.06.1965;0;1
MUJAN;1;27.07.1980;0;1
ULKUSE;1;20.04.1945;0;1
GURVESIN;1;19.05.1960;0;1
UMITGARIP;1;28.08.1982;1;0
KIPARIYE;1;17.07.1984;0;1
FEHIMENUR;1;26.03.1989;0;1
BERATSABAN;1;16.01.1973;1;0
DIMAG;1;25.12.1989;0;1
NERMIA;1;11.11.1967;0;1
MUERRA;1;27.01.1973;0;1
BERINA;1;19.02.1970;0;1
NEVCIVANIYE;1;18.10.1950;0;1
ENVAN;1;14.04.1972;1;0
ALIYULMURTEZA;1;12.05.1951;1;0
NESREGUL;1;26.03.1961;0;1
SEVGITA;1;14.01.1959;0;1
NIFSULLAH;1;16.04.1976;1;0
ZUHEYLAN;1;13.05.1953;0;1
SAZIDER;1;21.08.1969;0;1
BERNAK;1;15.01.1977;0;1
SELRI;1;1.06.1930;0;1
GUCCO;1;12.06.1964;1;0
SELYAN;1;4.02.1961;0;1
YAKUZE;1;2.02.1957;0;1
NESHIA;1;7.10.1972;0;1
JURIN;1;16.06.1962;0;1
HAYATBEY;1;7.04.1954;1;0
AYFENDE;1;28.03.1953;0;1
MUHALLAH;1;6.10.1972;0;1
ALBU;1;4.03.1958;1;0
GOLEMIR;1;22.03.1961;1;0
BERFINA;1;7.07.1976;0;1
DAKOSI;1;7.08.1934;0;1
NURBAYIR;1;11.06.1975;1;0
RECAFETTIN;1;20.05.1954;1;0
ETUFA;1;1.02.1954;0;1
ZOR;1;7.05.1946;1;0
YUSVETTIN;1;28.07.1973;1;0
AFYEDIN;1;19.07.1977;1;0
YUSIK;1;22.08.1925;1;0
PAKILE;1;7.02.1950;0;1
EVRETTIN;1;2.12.1979;1;0
HEYBEDIN;1;3.05.1981;1;0
BILAZIM;1;20.08.1978;1;0
ZETKIYE;1;22.02.1991;0;1
ESREK;1;17.03.1945;1;0
HANSAN;1;17.02.1960;0;1
VARIKA;1;7.08.1922;0;1
RAHBET;1;25.05.1974;0;1
NERGUZET;1;12.08.1941;0;1
SEZADIN;1;12.08.1959;1;0
MURDESAN;1;27.02.1945;0;1
ESGER;1;7.08.1958;1;0
VEBIJE;1;15.04.1958;0;1
NAYHUN;1;1.04.1973;0;1
IBADETKA;1;22.08.1961;0;1
EMIRKESIM;1;1.06.1968;0;1
ISMELE;1;2.08.1933;0;1
MESMETDIN;1;3.04.1972;1;0
ALIBAHAT;1;27.09.1934;1;0
ZERUD;1;3.10.1974;0;1
HIKMETKA;1;12.11.1947;0;1
BERNUH;1;18.03.1957;1;0
SANTAY;1;17.05.1942;1;0
NUHIYET;1;19.07.1965;0;1
HARZE;1;24.06.1979;0;1
NURSEVINHULYA;1;18.03.1979;0;1
REFANE;1;22.08.1949;0;1
DIYAEDIN;1;23.09.1987;1;0
CEFARIL;1;6.11.1974;0;1
EHMEDI;1;3.02.1957;1;0
SAHARDA;1;9.02.1970;0;1
ARZUBETUL;1;14.07.1981;0;1
MIANE;1;2.08.1957;0;1
TOLUSEL;1;22.10.1991;1;0
MAVET;1;12.02.1959;0;1
SERIAY;1;8.07.1958;0;1
FERROH;1;25.02.1980;0;1
ATSIYE;1;16.11.1968;0;1
NEZDIHAN;1;26.11.1968;0;1
RUHATIN;1;15.03.1956;1;0
SEHAFET;1;21.04.1954;0;1
DIYAMEN;1;23.06.1958;1;0
TAFETTIN;1;9.10.1964;1;0
URDER;1;17.11.1953;1;0
SEBRIT;1;12.08.1953;1;0
TEKRUL;1;12.06.1955;0;1
MUSTAFAGUL;1;12.08.1935;1;0
MISENE;1;22.08.1937;0;1
DELVAIRKA;1;27.08.1956;0;1
OZARIF;1;16.11.1935;1;0
ERIDAN;1;7.11.1982;1;0
MISILI;1;1.01.2001;1;0
MUBEYNA;1;18.05.1981;0;1
TUMMUS;1;19.05.1948;0;1
MEYBULLAH;1;21.03.1960;1;0
NEFZAT;1;28.10.1958;1;0
SIDIKAGUZIN;1;10.09.1927;0;1
AKIDEI;1;28.02.1949;0;1
IBRAHIMFATIH;1;1.10.1986;1;0
SARINUR;1;21.04.1992;0;1
DURSUME;1;7.02.1922;0;1
HULPER;1;28.02.1971;0;1
YONGA;1;19.04.1981;1;0
MUTASAVVER;1;22.07.1966;0;1
TELFIKA;1;22.08.1943;0;1
NURBESER;1;13.09.1941;0;1
GULSAZI;1;6.12.1964;0;1
NECLIA;1;22.02.1967;0;1
ERZADIYE;1;2.08.1945;0;1
MEBRUHE;1;11.07.1950;0;1
SADDATTIN;1;27.02.1980;1;0
YUKSELHAN;1;4.01.1968;1;0
IBZER;1;11.05.1975;1;0
TURKEREN;1;23.06.1967;0;1
NECABIDIN;1;2.08.1957;1;0
BOZASLAN;1;17.05.1948;1;0
MIVIYE;1;17.08.1948;0;1
NAFKET;1;27.08.1956;1;0
DITURIYE;1;2.08.1951;0;1
SABENE;1;11.03.1951;0;1
MUZESSEM;1;1.01.1980;0;1
SERTAKUL;1;14.05.1986;1;0
GEREREY;1;6.02.1954;0;1
NURGAMZE;1;9.08.1985;0;1
NEVCIM;1;12.12.1946;0;1
GUSIDE;1;24.10.1932;0;1
SAVERKA;1;27.08.1938;0;1
ERTURU;1;7.04.1966;1;0
SERGOZAR;1;23.03.1958;0;1
FILDISE;1;7.08.1958;0;1
HUSNUSE;1;2.08.1945;0;1
ERINDIR;1;10.07.1977;1;0
FUCAN;1;23.05.1975;1;0
BINDUA;1;11.01.1986;0;1
FILUST;1;7.08.1946;1;0
ACNAN;1;19.11.1975;1;0
IKMETKA;1;22.08.1961;0;1
MEFRIKA;1;11.11.1951;0;1
SEVICIYEN;1;7.05.1964;0;1
CIDAY;1;5.08.1969;0;1
EFSENDIYAR;1;24.06.1955;1;0
CEBRIYA;1;21.12.1983;0;1
BEGSIM;1;21.05.1970;1;0
HIDAY;1;11.05.1945;1;0
RUYISE;1;7.08.1952;0;1
LUMTURIYE;1;22.08.1961;0;1
SUCUDI;1;5.06.1959;1;0
SERRER;1;2.04.1939;1;0
KANIDIN;1;14.04.1956;1;0
GUFAT;1;4.08.1987;1;0
TIMURAN;1;22.02.1961;1;0
HIYBETI;1;10.06.1949;0;1
RUKSAR;1;9.11.1964;0;1
YUKSERA;1;27.09.1944;0;1
DIFEZAR;1;12.01.1943;0;1
CUHERI;1;13.01.1955;0;1
RUGER;1;27.01.1963;0;1
BEHNOUSH;1;12.08.1953;1;0
RUHZEL;1;20.09.1939;0;1
CAGCA;1;2.04.1976;1;0
ZIYAATIN;1;19.06.1964;1;0
APSEF;1;16.05.1961;1;0
NECITE;1;22.02.1931;0;1
EMINZAT;1;7.02.1952;1;0
MEZHIYET;1;22.11.1948;0;1
URFILE;1;17.11.1972;0;1
AHUR;1;27.10.1944;1;0
NEVNIHAT;1;13.09.1929;0;1
SELMEDA;1;10.07.1973;0;1
BATMUR;1;30.12.1945;1;0
NAKIYETTIN;1;12.08.1958;1;0
UMAIL;1;28.01.1988;0;1
ENTIF;1;24.10.1973;1;0
NAHIYETIN;1;26.02.1958;1;0
MEHRENGIZ;1;4.09.1957;0;1
RASIMET;1;15.10.1959;0;1
ZUHRENAZ;1;6.08.1938;0;1
HUSPIKE;1;27.02.1938;0;1
MEJBIR;1;9.01.1991;0;1
SEYITGOL;1;6.06.1987;1;0
MAARIFIYE;1;22.03.1961;0;1
SUZIYAN;1;17.05.1984;0;1
HASIGAN;1;7.08.1957;0;1
ABAYDULLAH;1;2.05.1975;1;0
GULSERVET;1;12.06.1941;0;1
EMMISEL;1;25.04.1955;0;1
SACINE;1;7.08.1922;0;1
SALAEDDIN;1;27.04.1944;1;0
AVLE;1;21.06.1989;0;1
BAHRIS;1;19.03.1963;0;1
SILZA;1;17.12.1976;0;1
SIBUSA;1;17.02.1978;0;1
MUHIPLE;1;11.03.1944;0;1
HOSCA;1;7.02.1938;0;1
YUMME;1;24.12.1962;0;1
SULUYME;1;14.08.1981;0;1
ASNA;1;27.08.1938;0;1
MUAMMEDIN;1;19.10.1956;1;0
RANCIYE;1;1.01.2001;0;1
ABDULSAKUR;1;2.06.1950;1;0
GUNDEGAN;1;19.04.1938;1;0
GULPANI;1;9.04.1978;0;1
KADINIYE;1;11.10.1956;0;1
DANUS;1;12.08.1947;1;0
BEYIZIYE;1;12.08.1947;0;1
IGRIE;1;9.06.1963;0;1
SARFIE;1;19.04.1986;0;1
GULFIMA;1;26.03.1965;0;1
MESDUN;1;17.11.1960;1;0
PIPI;1;21.08.1937;0;1
ALPTUNER;1;6.11.1963;1;0
MESBUDIYE;1;24.11.1942;0;1
MEPULE;1;25.03.1940;0;1
ZOHRENAZ;1;15.07.1988;0;1
ABDILSELIM;1;22.04.1945;1;0
KURTBEN;1;25.12.1977;0;1
BILYUR;1;22.11.1964;0;1
MISNUR;1;14.07.1968;0;1
RASIDIN;1;29.05.1982;1;0
HAKIDA;1;23.03.1942;0;1
RIYAEDDIN;1;2.02.1981;1;0
SERBETULLAH;1;11.12.1985;1;0
AKTIME;1;12.08.1971;0;1
BIGHAN;1;6.07.1936;0;1
NEVSIDE;1;22.05.1967;0;1
AYJEN;1;11.12.1975;0;1
ISMAZEM;1;6.04.1972;0;1
HUCEDIYE;1;21.09.1962;0;1
ZUHNAZ;1;18.05.1963;0;1
MUHBIREN;1;24.04.1973;0;1
KEFADIN;1;13.11.1961;1;0
PESET;1;6.01.1939;1;0
MUSERRI;1;27.10.1953;0;1
NEVRISLE;1;27.09.1949;0;1
NAMETE;1;27.08.1968;0;1
MALEUGE;1;1.07.1965;0;1
RURTEN;1;26.12.1973;0;1
TEVDIK;1;7.12.1936;1;0
OBEYDE;1;2.06.1981;0;1
SULLAIYE;1;26.03.1946;0;1
INATULLAH;1;2.03.1963;1;0
AGAMURAT;1;2.08.1945;1;0
BESSIRA;1;12.08.1971;0;1
FILDAR;1;21.10.1965;1;0
NEYYIBE;1;22.05.1955;0;1
SARERE;1;3.06.1949;0;1
GULEDNAN;1;17.01.1965;0;1
MUTEHARE;1;7.09.1958;0;1
MUGEYEL;1;22.06.1949;1;0
SEHRIMAZ;1;5.04.1969;0;1
PELLIN;1;29.06.1978;0;1
KEFAHITTIN;1;6.09.1943;1;0
SELENUR;1;22.11.1955;0;1
ABIZA;1;22.02.1961;1;0
NUMINET;1;30.11.1958;0;1
MURVETKA;1;17.08.1942;0;1
KERBAN;1;12.07.1987;0;1
TUFANETTIN;1;26.11.1946;1;0
AKUBE;1;22.03.1967;0;1
VARYAT;1;27.10.1988;0;1
ALIASGERI;1;10.03.1973;1;0
YENIIZ;1;17.04.1935;1;0
FEVRUL;1;27.11.1968;1;0
MEDINEHAN;1;6.02.1959;0;1
ESDI;1;7.11.1944;0;1
ALKOC;1;8.02.1983;1;0
ZUHTUKAR;1;28.09.1976;1;0
GULZIBAR;1;13.01.1973;0;1
ZEYNAABIDIN;1;7.07.1946;1;0
SEYZIMAN;1;16.08.1974;0;1
KEYTAN;1;9.02.1965;0;1
HUCIYE;1;1.11.1967;0;1
GULHAYAZ;1;2.02.1957;0;1
CAHILA;1;12.04.1971;0;1
ABDILKOFOR;1;22.02.1961;1;0
KIYANSAH;1;2.08.1945;1;0
ABUZEYET;1;26.02.1933;1;0
NASLISAN;1;26.02.1965;0;1
YELINAY;1;25.05.1984;0;1
METUNE;1;12.04.1969;0;1
TUGBENT;1;22.08.1961;1;0
ZULFISEN;1;30.09.1956;0;1
TAKVIM;1;6.01.1965;1;0
ADINAY;1;22.04.1949;1;0
MUTARETTIN;1;17.03.1960;1;0
SUKRAHAN;1;17.02.1966;0;1
SAYSILE;1;7.04.1970;0;1
ELIFANE;1;25.08.1958;0;1
UMRUHAYAT;1;21.04.1939;0;1
AYNANA;1;27.01.1962;0;1
USLUBAN;1;20.07.1954;0;1
H.SUZET;1;16.02.1951;0;1
BERGAHAN;1;8.02.1940;1;0
TOZDEN;1;19.05.1949;1;0
SAMAYAN;1;24.03.1957;0;1
SERIFSON;1;19.10.1980;1;0
SENETAY;1;11.05.1968;1;0
SANTIYE;1;25.04.1956;0;1
FISNIYE;1;17.03.1972;0;1
MEDUA;1;1.03.1944;0;1
GOLAYET;1;27.05.1956;0;1
ELVIREN;1;7.08.1946;0;1
DEHLIS;1;12.10.1989;0;1
USSIYE;1;5.04.1956;0;1
PENSIYE;1;30.05.1962;0;1
AVDETA;1;12.07.1973;0;1
YEVSAL;1;11.12.1963;1;0
HAYZERE;1;27.12.1943;0;1
AYSATE;1;6.02.1956;0;1
BACITTIN;1;25.04.1970;1;0
TENUS;1;2.02.1962;1;0
HURKAZIM;1;9.02.1961;1;0
CELIKTEN;1;26.11.1936;1;0
NUMIRIYE;1;27.10.1968;0;1
SIYEHMET;1;22.01.1937;1;0
SERHABA;1;7.01.1956;0;1
EVNISAH;1;17.08.1924;0;1
RUAYDE;1;13.01.1985;0;1
AYINTER;1;17.02.1942;1;0
MUHARIBI;1;6.05.1961;1;0
SEVKEN;1;2.02.1957;1;0
YILGU;1;7.01.1977;0;1
YAMIM;1;22.06.1973;1;0
AMIM;1;23.07.1977;1;0
ONDEREN;1;7.07.1964;0;1
KERMIHAN;1;8.02.1952;0;1
ISGEN;1;2.08.1927;0;1
TURSUNHAN;1;27.08.1950;1;0
KAPSAN;1;2.08.1933;0;1
YUSUFBEK;1;7.08.1928;1;0
ESBERDI;1;8.01.1981;1;0
KOKSEGEN;1;7.08.1928;1;0
ALLAZI;1;20.04.1961;0;1
HIDRIS;1;22.01.1960;1;0
ARIFULLAH;1;3.04.1959;1;0
AKILHAN;1;12.08.1947;1;0
KANISAY;1;17.08.1954;0;1
KAZIMEKAN;1;7.07.1973;0;1
AYTKURBAN;1;17.08.1954;1;0
MAKBUZA;1;4.07.1959;0;1
MANAKAY;1;7.08.1934;0;1
ZEYBER;1;14.02.1964;1;0
ALIMBAY;1;6.04.1957;1;0
KAMILKAN;1;7.08.1946;0;1
BAKDIL;1;2.08.1921;0;1
BEVLIN;1;8.08.1983;0;1
NIYAZBEK;1;14.04.1978;1;0
GANYA;1;22.08.1955;0;1
SENSIZBAY;1;27.08.1920;1;0
KAKEMA;1;17.08.1942;0;1
DUSO;1;1.10.1944;1;0
GULERAHAN;1;10.09.1947;0;1
FERIHADE;1;23.09.1955;0;1
PAZILE;1;24.04.1959;0;1
ABULMUTALLIP;1;22.12.1960;1;0
REHIMKAN;1;16.03.1963;0;1
HIZAYETTIN;1;22.02.1941;1;0
KABDULMUTTALIP;1;7.08.1940;1;0
CAMSUBAN;1;6.10.1961;0;1
COLABAY;1;2.08.1939;1;0
GULIZAT;1;17.04.1965;0;1
AYCANIM;1;11.11.1973;0;1
FIHNET;1;15.12.1930;0;1
ABDULGELEN;1;22.02.1955;1;0
SURUSSAN;1;2.03.1948;0;1
PESIHAN;1;7.10.1964;0;1
VARID;1;29.12.1939;1;0
YUZEFA;1;22.12.1980;0;1
KURDIS;1;2.08.1927;1;0
MEFGAN;1;26.10.1982;1;0
OZEGIR;1;23.12.1940;1;0
MEHMETGOKHAN;1;8.05.1979;1;0
ATUSE;1;7.08.1934;0;1
ERSEZEN;1;26.11.1971;1;0
UMMUGULCIN;1;25.02.1960;0;1
URANUS;1;30.01.1967;1;0
AYHATAN;1;27.03.1968;0;1
BEYUSE;1;8.03.1946;0;1
MAVRIZ;1;22.02.1961;0;1
KULKIZ;1;3.08.1933;0;1
MENEVGUL;1;22.04.1967;0;1
SENGULSADE;1;7.01.1976;0;1
MUFRU;1;12.02.1971;1;0
BELIHULIZAR;1;16.05.1946;0;1
SERIFAY;1;23.02.1988;0;1
MEZLUNE;1;7.11.1964;0;1
BARUS;1;2.08.1951;0;1
PENISE;1;4.06.1949;0;1
YUDANUR;1;7.01.1958;0;1
TURKKADIN;1;16.02.1938;0;1
SAMIHI;1;28.04.1962;0;1
DILTER;1;1.06.1971;0;1
ULKGUN;1;6.07.1973;0;1
PIRENZ;1;9.02.1973;1;0
FIYZA;1;11.06.1972;0;1
ZATELE;1;26.03.1975;0;1
TEME;1;21.11.1959;0;1
EMIULLAH;1;7.10.1964;1;0
CAKIROGLU;1;7.02.1982;1;0
HATAULLAH;1;28.02.1961;1;0
IMSAKA;1;2.11.1949;0;1
EZZAYIM;1;7.10.1964;1;0
GAYIBIYE;1;25.04.1972;0;1
MENDUZE;1;25.10.1951;0;1
YURTSAL;1;24.11.1986;1;0
HUDAHAT;1;7.01.1946;0;1
MUVEDDEL;1;7.03.1946;0;1
BILAYN;1;22.06.1991;0;1
KAMBERCAN;1;26.04.1963;1;0
MOMMER;1;9.09.1969;1;0
KUZEYMA;1;17.09.1972;0;1
ZEKANET;1;17.08.1936;0;1
HIBZI;1;26.03.1976;1;0
BEHTUN;1;16.04.1952;1;0
BIRNAKIM;1;4.11.1990;0;1
GAIZE;1;1.08.1985;0;1
MIHRAMIS;1;16.02.1951;0;1
HAYIRSEL;1;5.08.1988;0;1
TERHO;1;7.02.1940;1;0
ELFATI;1;18.05.1966;1;0
ZOLFU;1;17.01.1957;0;1
NEJATCAN;1;22.03.1991;1;0
GULTURKUN;1;2.04.1975;1;0
EVRESEN;1;16.05.1963;1;0
SAHNETE;1;17.02.1966;0;1
AKISSE;1;7.09.1982;0;1
FAHDIYE;1;11.05.1982;0;1
ERTAV;1;14.10.1966;1;0
BAYISA;1;6.09.1961;0;1
NENFISE;1;17.10.1990;0;1
ALPIL;1;2.09.1970;1;0
FATIF;1;23.01.1991;1;0
MERVUSE;1;7.03.1952;0;1
SEFETIN;1;18.08.1953;1;0
GURCUNAY;1;4.05.1974;1;0
OMLUYE;1;2.07.1969;0;1
ZILLI;1;6.09.1960;0;1
UNVARI;1;17.09.1960;0;1
MURSENIL;1;30.04.1959;0;1
BENNIKAR;1;7.05.1964;0;1
MERMIS;1;6.08.1967;0;1
BAKTIMUR;1;9.03.1981;1;0
MISULUN;1;25.12.1937;0;1
BILGIYAR;1;7.02.1945;1;0
RUMILYA;1;17.02.1966;0;1
HASBETULLAH;1;6.11.1980;1;0
MAKSUMET;1;7.12.1970;0;1
CUMAEDDIN;1;2.01.1963;1;0
SALUK;1;3.07.1978;1;0
GULFATIH;1;22.09.1938;0;1
SINNAN;1;23.06.1969;1;0
ABDULMUDALLIP;1;8.05.1981;1;0
SEBKIYE;1;2.08.1951;0;1
HULKET;1;5.04.1962;0;1
CEZBAHAR;1;4.03.1947;0;1
ALPARI;1;21.06.1953;0;1
HABIYDE;1;17.11.1972;0;1
SAHIBIYYE;1;14.11.1985;0;1
ANSAL;1;17.02.1954;0;1
TALIHSIS;1;12.02.1970;1;0
ADAMCIL;1;1.11.1965;1;0
MUHTALIB;1;30.06.1956;1;0
NURSIYEM;1;12.02.1948;0;1
FATTEN;1;24.04.1950;0;1
TEFRIL;1;1.04.1954;0;1
PERZIYE;1;3.02.1951;0;1
ASKARHAN;1;10.11.1977;1;0
GULUMMET;1;2.04.1957;1;0
NURTERENNUR;1;18.07.1965;0;1
MAFALET;1;28.05.1968;0;1
AFIKET;1;25.02.1966;0;1
ZAHADE;1;16.09.1938;0;1
DABANCA;1;22.08.1937;1;0
FINUR;1;7.10.1964;0;1
PERTEVEL;1;26.01.1965;1;0
FIRIYZE;1;20.04.1974;0;1
HACISAIT;1;7.08.1928;1;0
SELNAY;1;12.10.1965;0;1
GOZALAN;1;18.12.1937;0;1
FELATIYE;1;21.08.1960;0;1
CALNUR;1;18.09.1990;1;0
CIMENAY;1;11.05.1988;0;1
HALUN;1;6.11.1965;0;1
FURUZAY;1;11.11.1985;0;1
KOKDUR;1;11.03.1975;1;0
MEFERIT;1;2.03.1963;0;1
ERKALKAN;1;13.09.1936;1;0
EVRANI;1;6.02.1967;0;1
UFLAN;1;16.04.1963;1;0
NEJBA;1;29.2.1962;0;1
NILFERIN;1;30.06.1972;0;1
MIJRABI;1;1.01.1966;1;0
ICOZ;1;7.05.1937;1;0
YURTTEKIN;1;8.09.1973;1;0
ULPERIM;1;17.08.1981;0;1
SEZAYA;1;4.03.1971;0;1
BELKISER;1;2.12.1986;0;1
KAVAL;1;9.06.1939;1;0
HAMDIYAR;1;23.03.1967;0;1
RUDKAY;1;10.10.1991;1;0
GAMLAT;1;1.03.1969;1;0
FERSAY;1;21.10.1963;1;0
SERGUDEN;1;24.10.1966;1;0
DUYSA;1;19.05.1975;0;1
SEKYE;1;13.04.1966;0;1
FAIZIYE;1;9.12.1952;0;1
FUVADIYE;1;22.06.1955;0;1
REKDA;1;12.03.1959;0;1
SUKRUYYE;1;22.11.1967;0;1
ADALETE;1;6.10.1972;0;1
ELBINAS;1;10.03.1969;0;1
HUSAYIM;1;16.04.1964;1;0
BURNAZ;1;10.02.1938;1;0
KIMYAGER;1;16.01.1941;0;1
RUHKAR;1;3.01.1939;0;1
MEHIYYE;1;11.09.1939;0;1
VAHIDITTIN;1;11.06.1928;1;0
GEVRUCAN;1;27.02.1962;0;1
TANGER;1;22.11.1972;1;0
TILIZ;1;6.04.1973;0;1
YOLTAS;1;17.06.1976;1;0
ORNAY;1;21.02.1982;1;0
AYTEMIZE;1;21.05.1975;0;1
MULASE;1;22.03.1966;0;1
GUNTEREN;1;26.04.1965;0;1
HUCESDE;1;5.12.1961;0;1
GULLUNAS;1;17.08.1954;0;1
PERYET;1;26.05.1955;0;1
AHTI;1;22.11.1964;1;0
UREYRE;1;22.04.1972;0;1
FELEADDIN;1;18.04.1962;1;0
HUNASI;1;26.11.1956;1;0
MELEKSAM;1;16.03.1953;0;1
MUKEMMIYE;1;17.08.1936;0;1
SERMEDA;1;16.12.1970;0;1
MULHUK;1;29.09.1955;0;1
PEYMANI;1;8.07.1945;0;1
KUMIRYA;1;19.04.1972;0;1
SEVLEN;1;22.04.1961;0;1
HADAYUN;1;7.08.1934;1;0
BILSEVER;1;17.11.1948;1;0
KUNAYAN;1;23.02.1938;1;0
ILKEREN;1;23.05.1991;1;0
HUSIRI;1;17.03.1972;1;0
YUHAIT;1;7.03.1958;0;1
NICATIN;1;1.05.1940;1;0
ZELSEN;1;13.09.1965;0;1
KISKO;1;29.06.1956;1;0
HULEYSI;1;21.12.1963;1;0
BUSTEKIN;1;26.11.1990;1;0
SEHSA;1;21.05.1963;0;1
CIIMET;1;24.07.1964;0;1
HALIMZA;1;19.02.1955;1;0
MULISIYE;1;13.04.1965;0;1
FERINDAG;1;29.2.1985;0;1
OZENSOY;1;9.06.1941;1;0
NUHDIYAR;1;28.12.1959;1;0
SATILA;1;22.08.1925;0;1
GULURIYE;1;27.05.1953;0;1
ILGAFET;1;11.02.1958;0;1
NILFAR;1;2.09.1939;0;1
ELFIYEN;1;14.04.1971;0;1
ELIFYEN;1;6.02.1943;0;1
VEFAHIR;1;26.06.1937;0;1
SAFYILDIZ;1;8.10.1936;0;1
ELKAZ;1;5.09.1936;0;1
HAZERET;1;22.01.1952;1;0
SEFIKIYE;1;17.12.1960;0;1
NACIDAR;1;7.07.1952;0;1
BELVAN;1;13.06.1975;0;1
HILMIS;1;17.08.1954;0;1
FILBAKI;1;25.04.1956;1;0
SUREDA;1;3.08.1936;0;1
NURULLAHBEY;1;1.02.1980;1;0
FATANE;1;17.10.1960;0;1
HURIYEHANIM;1;22.01.1991;0;1
MURIYDE;1;14.11.1986;0;1
TURKISAN;1;8.03.1962;0;1
BEHIYDA;1;3.08.1972;0;1
ZIBANIM;1;17.06.1967;0;1
GULZIFAR;1;20.03.1974;0;1
KIBAYRE;1;15.07.1965;0;1
HAMISIYE;1;6.02.1951;0;1
ABDULMUKELLEF;1;1.05.1950;1;0
VUNDA;1;1.04.1973;0;1
MUZEDEN;1;19.06.1960;1;0
SILVAYI;1;7.11.1976;1;0
GULMUJGAN;1;2.08.1966;0;1
MUCEDDEL;1;16.01.1954;0;1
SEHMINOR;1;13.03.1956;0;1
VACIBUL;1;25.07.1975;1;0
SABBAR;1;22.08.1931;0;1
ZIYATAN;1;27.04.1962;1;0
NIVIRE;1;1.04.1959;0;1
SIRIYYE;1;2.03.1981;0;1
GULAHIYE;1;26.03.1956;0;1
MUYAFFER;1;11.09.1956;1;0
FULEYDA;1;22.02.1976;0;1
FERIMDAG;1;7.04.1979;0;1
GULSURUN;1;9.01.1969;0;1
FEZAMEN;1;24.03.1964;0;1
MUDANE;1;22.02.1973;0;1
SITADE;1;26.06.1958;0;1
FAYRAN;1;4.04.1965;0;1
NURBUN;1;8.03.1964;0;1
SEVICIHAN;1;19.05.1939;0;1
NIGEHAR;1;4.05.1968;0;1
MAZIZIYE;1;26.05.1960;0;1
ESRAYA;1;6.01.1963;0;1
SARACETDIN;1;24.04.1975;1;0
DEVRICAN;1;2.01.1979;0;1
GIFAYE;1;15.11.1944;0;1
CENANNIYE;1;21.08.1952;0;1
EBISU;1;22.11.1961;1;0
HAHAN;1;23.03.1966;1;0
ILKECAN;1;21.08.1990;0;1
SABITIN;1;11.11.1962;1;0
DILFUZEHAN;1;3.02.1976;0;1
DILTEN;1;26.10.1960;0;1
MUETTEP;1;21.05.1928;0;1
MELATUN;1;24.09.1985;0;1
SERMURAL;1;1.06.1973;0;1
SEVGIYEN;1;22.03.1973;0;1
LEBIG;1;19.10.1953;1;0
HERON;1;5.02.1969;1;0
LINGUL;1;28.11.1982;0;1
ROHINAL;1;3.06.1957;1;0
EMANNULLAH;1;13.03.1968;1;0
HORISAR;1;3.09.1944;0;1
DILERBA;1;29.05.1953;0;1
ERSEDE;1;14.10.1979;1;0
DORTBIN;1;23.07.1967;0;1
NURINNAS;1;5.04.1977;0;1
FARNISE;1;16.03.1958;0;1
DEVRIMAN;1;25.04.1976;0;1
UMBUS;1;26.01.1972;0;1
MIKREMI;1;7.08.1970;1;0
GULTURKAN;1;25.12.1960;0;1
CUMARETTIN;1;22.07.1972;1;0
BILIGAN;1;16.10.1970;0;1
TERRA;1;22.02.1973;0;1
MUHALIYE;1;17.10.1964;0;1
MUGATTAS;1;13.10.1953;0;1
CANIHER;1;18.05.1964;1;0
SAKERIYE;1;5.07.1962;0;1
KESRO;1;12.02.1965;0;1
UKREMIN;1;22.02.1967;1;0
NABIZAR;1;27.08.1956;0;1
VETLA;1;18.02.1985;0;1
ECAL;1;8.08.1961;1;0
YURDAGUNSAL;1;3.07.1971;1;0
ARLA;1;13.04.1985;1;0
ALIEJDER;1;29.05.1956;1;0
ISFANDIGER;1;9.05.1940;1;0
GULKAD;1;1.12.1977;0;1
EBISSUUD;1;16.07.1953;1;0
BELGIZIYE;1;21.03.1965;0;1
NEBIO;1;27.02.1950;0;1
SAHIE;1;22.07.1937;0;1
VESSABIYE;1;6.07.1952;0;1
NEMAZIYE;1;20.06.1966;0;1
SOYLEYA;1;18.06.1965;0;1
MURUZUDE;1;27.08.1966;0;1
MENDUVA;1;29.03.1958;0;1
NAZIMHAN;1;8.07.1940;0;1
MESRUTIYE;1;11.06.1952;0;1
URSITDIN;1;3.11.1958;1;0
NETYI;1;10.11.1953;1;0
DURNUYA;1;2.04.1975;0;1
KUMKERI;1;6.03.1935;1;0
HAYAZI;1;7.08.1922;0;1
ZAFIFE;1;28.05.1962;0;1
NURAHI;1;1.02.1962;0;1
AKVIYE;1;7.01.1946;0;1
NEVCETTIN;1;22.01.1984;1;0
SIHHEMDAN;1;7.09.1956;1;0
HULGO;1;16.01.1963;0;1
HATAAN;1;4.09.1974;1;0
SAZIVAN;1;22.08.1949;1;0
IMAMIRE;1;21.09.1965;0;1
SAITGUL;1;13.04.1935;1;0
SELEP;1;2.03.1981;0;1
IDADE;1;24.09.1972;0;1
GURBUZCAN;1;2.05.1961;1;0
VUZARE;1;23.05.1961;1;0
MUZZAN;1;27.11.1956;0;1
MERAKSA;1;19.08.1966;0;1
SUVILE;1;13.11.1967;0;1
MEYDO;1;27.08.1926;1;0
MUHURET;1;13.07.1964;0;1
SEHEMETTIN;1;12.02.1953;1;0
SEHYNAZ;1;9.03.1940;0;1
SIMMIL;1;22.02.1961;0;1
BESOY;1;1.03.1941;0;1
FARDEGUL;1;19.04.1972;0;1
RAFTA;1;6.05.1954;0;1
ERSED;1;3.02.1957;1;0
DUTCA;1;22.06.1961;0;1
MATO;1;12.08.1929;0;1
LOLISTAN;1;1.12.1987;0;1
SENYETTIN;1;4.07.1963;1;0
GEYHANI;1;10.11.1988;1;0
GULFIYEM;1;6.11.1986;0;1
EBRUBASAK;1;14.08.1991;0;1
URAR;1;11.08.1990;1;0
GINAF;1;26.11.1972;0;1
VAHAPIDDIN;1;26.12.1966;1;0
NESYUH;1;12.05.1965;1;0
RAFIATE;1;17.02.1972;0;1
BEYMEZ;1;2.12.1975;0;1
PERZENDE;1;6.02.1972;1;0
EVEZGUL;1;22.02.1973;0;1
SORSIRIN;1;27.02.1974;0;1
TAVZIYE;1;4.09.1980;0;1
BAYTULLAH;1;28.10.1991;1;0
NUKLET;1;7.01.1976;0;1
NAKSIFER;1;16.12.1933;0;1
GUNUSER;1;16.08.1958;0;1
STERA;1;12.12.1949;0;1
MENNAM;1;22.12.1944;1;0
MUCIME;1;6.04.1967;0;1
SAHAVE;1;12.08.1929;0;1
IMMILEYLA;1;2.02.1951;0;1
BULMAN;1;2.08.1945;1;0
BUSEYZA;1;17.03.1960;0;1
PEMBESIN;1;15.08.1961;0;1
GUNYASA;1;22.01.1938;0;1
MULHAIM;1;13.02.1983;1;0
MURACE;1;24.06.1961;0;1
MUVERRAH;1;19.04.1949;0;1
PERIHAS;1;14.08.1954;0;1
CUCA;1;27.10.1974;1;0
DAGMAN;1;7.02.1976;1;0
SALAYI;1;10.07.1958;0;1
REVSIYA;1;1.02.1976;0;1
CIMRAIL;1;3.05.1991;1;0
SIDOS;1;17.08.1924;0;1
NUHBETTIN;1;1.11.1979;1;0
ELVERE;1;10.08.1967;0;1
TAVSINE;1;6.03.1962;0;1
HOKEME;1;16.02.1945;0;1
ESVARI;1;6.10.1968;0;1
GUNLUER;1;22.02.1961;0;1
HIRGAYIP;1;4.10.1961;1;0
MULSET;1;13.01.1975;0;1
HUNGOR;1;6.11.1969;1;0
MILITER;1;30.09.1973;0;1
SEFFANNUR;1;26.03.1966;0;1
YENIBAHAR;1;27.07.1968;0;1
BINYAMEDIN;1;25.08.1963;1;0
RUHSURA;1;8.05.1966;0;1
RUSINE;1;21.01.1925;0;1
SEMAGA;1;1.04.1970;0;1
NIYAMIL;1;23.11.1947;1;0
ESNE;1;6.09.1965;0;1
NASIBAT;1;22.10.1973;0;1
SUDNIYE;1;7.08.1922;0;1
MUCCESEM;1;22.05.1959;0;1
CUMAFI;1;2.08.1951;1;0
KEBUREN;1;22.02.1961;0;1
YURTGULER;1;8.02.1964;0;1
KATMERGUL;1;23.12.1964;0;1
SEZEREN;1;22.09.1962;0;1
SENEP;1;10.01.1975;0;1
NESDIKE;1;23.07.1949;0;1
MINIKE;1;22.03.1948;0;1
PERSER;1;27.02.1974;0;1
BORCAN;1;22.02.1977;0;1
BAGSE;1;12.08.1935;0;1
TURGUYA;1;28.04.1958;0;1
MEVANUR;1;15.02.1992;0;1
TIPIYE;1;20.11.1970;0;1
ABDULNEDIM;1;23.09.1968;1;0
GULLUESER;1;2.02.1951;0;1
RUHMETULLA;1;21.02.1962;1;0
M.SAHIT;1;2.02.1957;1;0
DIBAH;1;18.06.1976;0;1
ZARAC;1;17.07.1983;0;1
NHACIYE;1;22.03.1961;0;1
GOKNUL;1;17.02.1960;0;1
HABIPSEN;1;26.06.1960;1;0
DILYAN;1;7.08.1934;0;1
HORIZAN;1;9.04.1975;0;1
SUKUNAZ;1;16.11.1958;0;1
SAFFETBEK;1;27.08.1956;1;0
MUKTEREMEN;1;26.07.1966;0;1
AYTANGUL;1;17.02.1954;0;1
LEHEP;1;3.06.1949;1;0
ZEBECET;1;22.08.1955;0;1
TISIRA;1;18.09.1952;0;1
BUREYRE;1;15.03.1988;0;1
HAYATUN;1;1.10.1955;0;1
SEYIZ;1;16.08.1961;1;0
SIDIKAN;1;2.08.1981;0;1
SUNUYA;1;27.03.1980;0;1
ZEKINIYE;1;1.03.1959;0;1
HORTO;1;27.02.1962;1;0
NURIFIYE;1;5.11.1962;0;1
ENVERYA;1;22.05.1971;0;1
BIRIKE;1;6.09.1950;0;1
ZETHONE;1;27.08.1944;0;1
HIMADETTIN;1;20.06.1969;1;0
HUNNAZ;1;29.07.1970;0;1
ILBIR;1;29.04.1980;0;1
UNNUR;1;8.09.1966;0;1
ZERKUS;1;9.09.1969;0;1
AYSEISIDIKA;1;11.01.1961;0;1
TURLEN;1;18.03.1966;0;1
DJEMILE;1;24.10.1966;0;1
TALLAT;1;9.02.1958;1;0
UBEYIDULLAH;1;6.02.1957;1;0
SIRINAS;1;12.06.1982;0;1
PORSUK;1;2.08.1927;0;1
MUSELIYE;1;9.04.1956;0;1
KAMZELI;1;21.05.1953;1;0
NAKIBAT;1;22.02.1955;0;1
ABULFETTAH;1;17.08.1930;1;0
MESELIYE;1;9.04.1956;0;1
LEMINAR;1;23.06.1953;0;1
HAKSIYE;1;15.02.1937;0;1
HEYETTIN;1;12.08.1935;1;0
AGUZAR;1;6.06.1956;0;1
MUSIRKIYE;1;24.06.1948;0;1
KUTPETTIN;1;2.09.1954;1;0
NESEYE;1;13.09.1985;0;1
NINIFE;1;1.02.1950;0;1
FAHMEDDIN;1;1.10.1961;1;0
TENZERE;1;27.11.1968;0;1
SULAHEDDIN;1;13.08.1954;1;0
VADATI;1;7.02.1964;1;0
SEVKIYETTIN;1;22.08.1937;1;0
SEDVA;1;17.10.1990;0;1
EDBIYE;1;22.03.1943;0;1
BIBIHALIME;1;29.04.1986;0;1
ISMILHAYAT;1;3.03.1963;0;1
SEVTENE;1;15.06.1953;0;1
ZULFUT;1;6.01.1975;1;0
AYNUUR;1;4.10.1980;0;1
NASHAT;1;3.04.1951;0;1
SUNUSU;1;11.01.1947;1;0
SINAPERI;1;2.03.1975;0;1
MEGULE;1;7.10.1940;0;1
LUTUFYE;1;11.04.1964;0;1
SIRELGUN;1;1.08.1964;0;1
NURDANSES;1;16.09.1985;0;1
KABILIYET;1;21.04.1966;0;1
ALFUR;1;2.03.1957;0;1
POLATSOY;1;5.01.1980;1;0
SUNTAC;1;12.02.1977;0;1
NERAYI;1;3.05.1942;0;1
EZNIF;1;12.02.1965;0;1
MIRCIYE;1;1.07.1966;0;1
KIYETTIN;1;2.02.1957;1;0
ECAHIT;1;15.05.1970;1;0
SEBHADIN;1;23.01.1967;1;0
SEBAGATULLAH;1;6.08.1979;1;0
ABDULMANEV;1;26.05.1965;1;0
CULVENT;1;7.02.1982;0;1
SEGBATULLAH;1;11.06.1975;1;0
GHIULNARE;1;21.08.1978;0;1
SARICANDER;1;20.06.1940;1;0
HUMEYZA;1;7.11.1982;0;1
UMYUN;1;17.04.1972;1;0
NURESIN;1;10.11.1983;0;1
KIREMEDDIN;1;3.06.1969;1;0
KISMETTIN;1;26.05.1966;1;0
GAYRETULLAH;1;16.02.1968;1;0
HARIPNAZ;1;27.06.1965;0;1
RAIYHA;1;12.08.1923;0;1
HAZUL;1;7.08.1928;0;1
BEHREMSAH;1;21.02.1964;1;0
BIYALI;1;14.07.1944;1;0
NAHZULLAH;1;16.04.1964;1;0
UNUFE;1;27.03.1967;0;1
ZIRIBINTI;1;27.12.1930;0;1
ZUZAM;1;6.03.1954;0;1
MAGLE;1;22.03.1979;0;1
MUDELIF;1;2.02.1967;1;0
SAVFENUR;1;27.07.1961;0;1
FAZEN;1;2.02.1958;0;1
NAMEDIN;1;11.09.1986;1;0
SERECATIN;1;16.04.1973;1;0
TIRMA;1;22.12.1973;0;1
SAREZA;1;20.11.1988;1;0
KIRAMEDDIN;1;8.01.1964;1;0
HATUNZER;1;23.04.1965;0;1
HEREMO;1;22.03.1940;0;1
SINELIF;1;1.05.1991;0;1
MADIHSAH;1;10.05.1979;0;1
MUSEYET;1;17.08.1924;0;1
MUHTEBE;1;19.06.1966;0;1
MAKFURET;1;21.05.1987;0;1
HALUYE;1;11.02.1957;0;1
CANSEVIN;1;1.10.1990;0;1
GERCI;1;6.06.1950;0;1
ECEBETTIN;1;7.06.1969;1;0
AZAMEDIN;1;10.02.1958;1;0
MULFE;1;16.07.1965;0;1
SALDAT;1;17.02.1972;0;1
USTUFE;1;3.04.1973;0;1
MISRIYA;1;21.03.1956;0;1
ZURYETE;1;6.05.1951;0;1
ZECREDDIN;1;16.03.1965;1;0
LESVAN;1;22.08.1979;0;1
MUNEVRE;1;17.07.1972;0;1
SIRISTAN;1;14.08.1976;0;1
SALHATE;1;17.02.1961;0;1
NIHAVET;1;1.02.1964;0;1
BEREAAT;1;21.06.1975;0;1
MACUZE;1;8.08.1946;0;1
ZEMANEDDIN;1;12.03.1965;1;0
BEDLEYN;1;13.01.1953;0;1
SAMIRAR;1;26.01.1970;0;1
HERDAR;1;21.08.1954;0;1
ZEMYE;1;3.04.1973;0;1
BEHVAD;1;22.02.1949;1;0
HUSAMETETIN;1;12.08.1971;1;0
FERMETE;1;16.09.1956;0;1
MELKIZE;1;4.11.1946;0;1
FUREYSET;1;11.04.1974;0;1
LIVAY;1;13.06.1971;0;1
ERVAK;1;11.09.1951;0;1
SEMEVAT;1;14.01.1956;1;0
EMEDIN;1;26.08.1972;1;0
DEHMED;1;7.02.1984;0;1
ATIZER;1;3.10.1974;0;1
MEGSUTHANE;1;23.04.1973;0;1
NEBRULLAH;1;7.02.1971;1;0
NARDANA;1;27.02.1962;0;1
SEMSUSANE;1;18.11.1965;0;1
RADIH;1;12.02.1941;1;0
UZRIFE;1;17.02.1960;0;1
KULIH;1;22.02.1961;0;1
MUHABBEDDIN;1;21.03.1970;1;0
SERIZATE;1;21.09.1988;0;1
BIRIZAN;1;27.02.1944;0;1
CERHIYE;1;4.06.1975;0;1
BARYETTIN;1;3.02.1954;1;0
ALEYTE;1;22.02.1967;0;1
SEGBAN;1;16.05.1931;1;0
FIRKIYET;1;27.06.1968;0;1
GULAVAZ;1;25.03.1937;0;1
SELAHO;1;7.08.1916;0;1
NAIMETE;1;11.10.1956;0;1
BIZARO;1;12.08.1923;0;1
BENGUSULE;1;17.02.1984;0;1
SAYANDAG;1;7.04.1949;1;0
SAFIYEDIN;1;2.03.1963;1;0
ATECAN;1;18.05.1974;0;1
GULRIBAN;1;24.04.1955;0;1
BEHIZAT;1;6.11.1937;1;0
SURKUN;1;22.08.1937;1;0
RIFYATA;1;29.07.1980;0;1
FETAYIL;1;11.12.1981;1;0
KORKO;1;17.08.1924;0;1
ZIMIRHAN;1;24.08.1967;0;1
MUSHABEDIN;1;5.10.1963;1;0
SURENC;1;2.05.1981;0;1
HERAMPERI;1;16.03.1971;0;1
FIRYAZO;1;12.08.1917;0;1
NEZRULLAH;1;14.07.1980;1;0
MINYASER;1;2.07.1963;1;0
SAYTAN;1;22.04.1984;0;1
RATICE;1;22.02.1979;0;1
MIVHER;1;19.05.1966;0;1
VAFETTIN;1;29.09.1981;1;0
MAZULLAH;1;2.03.1957;1;0
HURYAZ;1;24.04.1931;0;1
BULAKSAN;1;11.06.1970;0;1
GULPERISAN;1;12.05.1959;0;1
VASFIYEDDIN;1;19.02.1967;1;0
KIYBET;1;22.09.1985;0;1
KISMETULLAH;1;26.08.1966;1;0
YUZTEKIN;1;2.02.1981;1;0
MAHFURET;1;30.06.1962;0;1
SAIFETTIN;1;16.06.1975;1;0
BIRYE;1;26.11.1990;0;1
ZEMIRGAN;1;1.05.1974;1;0
SAHBEDULLAH;1;2.03.1984;1;0
MEDETTULLAH;1;16.12.1980;1;0
KEFHAS;1;17.05.1954;0;1
FEYAR;1;16.10.1986;1;0
MERZUMELEK;1;29.06.1962;0;1
HIMSE;1;26.03.1954;0;1
FENERNAZ;1;16.03.1982;0;1
BEVASIN;1;9.05.1970;0;1
SUAKAR;1;6.05.1974;0;1
CENDI;1;2.03.1951;1;0
M.IZZET;1;17.10.1960;1;0
NACLIYA;1;27.06.1966;0;1
HELEMSIYAH;1;21.09.1972;0;1
NURNEDAL;1;6.04.1975;0;1
MEREKYE;1;12.02.1977;0;1
MENIFIYE;1;27.02.1968;0;1
HASNAPERI;1;27.01.1956;0;1
LABIA;1;12.04.1988;0;1
SUCAHHATTIN;1;27.02.1956;1;0
SERHADIN;1;13.12.1963;1;0
NUSEMIN;1;20.07.1984;0;1
AYICE;1;3.08.1975;0;1
BETIFE;1;23.05.1947;0;1
HIRINAN;1;6.11.1968;0;1
REVHIYA;1;28.03.1968;0;1
GULAYSAN;1;26.06.1948;0;1
SIFAYA;1;13.06.1983;0;1
ZARKIYA;1;13.10.1978;0;1
FERSENDER;1;26.11.1972;1;0
GULSAYET;1;22.07.1973;0;1
HAFZEDE;1;24.02.1987;0;1
VASETULLAH;1;6.11.1978;1;0
GURVI;1;7.02.1952;0;1
HEREBISIYA;1;27.02.1974;0;1
ANAMULLAH;1;14.03.1966;1;0
MAKEMET;1;21.08.1969;0;1
HEYFETULLAH;1;6.12.1967;1;0
HERDENA;1;12.05.1978;0;1
SALIGEN;1;18.02.1942;0;1
SEMKI;1;9.03.1934;0;1
FENU;1;7.12.1937;0;1
YILLDIZ;1;6.09.1991;0;1
ILENCE;1;17.08.1978;0;1
YAKSA;1;3.09.1983;0;1
FEHILA;1;12.02.1971;0;1
MURARIYE;1;12.04.1953;0;1
ALANEDDIM;1;22.02.1973;1;0
ABDULNEAF;1;21.06.1969;1;0
SEMSINIHAL;1;12.12.1975;0;1
FERRAHDIBAN;1;17.11.1978;0;1
YAPAMAZ;1;7.05.1982;0;1
MUSBAHTTIN;1;2.02.1975;1;0
EDBEDIN;1;24.02.1960;1;0
MAGRI;1;22.07.1961;0;1
SIMALPERI;1;12.08.1929;0;1
MUTTEZIN;1;7.02.1964;1;0
TAMCUVAN;1;9.02.1964;0;1
ASLIGAN;1;16.03.1982;0;1
FAMIN;1;4.07.1969;0;1
NORAYDA;1;29.06.1973;0;1
MUKAYUL;1;6.11.1974;1;0
ZECRETTIN;1;12.02.1965;1;0
CUDHEDDIN;1;12.06.1977;1;0
EREMSIYE;1;4.02.1957;0;1
SENETTIN;1;3.03.1951;1;0
MELEKSIMEN;1;1.10.1984;0;1
HOKO;1;23.05.1971;1;0
GULJIMER;1;13.08.1959;0;1
FERIZIMELEK;1;17.08.1924;0;1
ABDABEKIR;1;17.08.1924;1;0
GOLDENE;1;1.03.1971;0;1
BELDI;1;12.08.1917;0;1
TARISOR;1;26.09.1954;0;1
FECURE;1;17.08.1930;0;1
MAHACET;1;3.07.1957;1;0
MEZHEP;1;28.08.1990;0;1
KULAMIR;1;12.08.1935;1;0
MANICE;1;28.03.1973;0;1
NUSBAHATTIN;1;17.07.1990;1;0
PARSORI;1;4.07.1956;0;1
CENBEL;1;9.06.1958;1;0
ACMAIN;1;14.08.1941;1;0
HEZELAL;1;21.12.1930;0;1
DELELI;1;6.04.1966;0;1
ELVESIYA;1;27.05.1980;0;1
NESMETULLAH;1;2.02.1987;1;0
HANAV;1;27.03.1932;0;1
RESIMIGUL;1;7.10.1982;0;1
HEPSO;1;24.08.1931;0;1
MIHE;1;27.08.1926;1;0
FURIYAS;1;12.02.1947;0;1
TABIYETTIN;1;12.02.1961;1;0
EBEYTULLAH;1;22.01.1931;1;0
SALIHATA;1;5.04.1957;0;1
SEZSAI;1;11.10.1991;1;0
VEYSEDIN;1;22.05.1967;1;0
MEFERI;1;21.10.1974;1;0
SIHMET;1;22.06.1963;1;0
SEHREBAT;1;29.06.1956;0;1
ZEKERNAZ;1;25.08.1961;0;1
FAMIYA;1;27.02.1980;0;1
YALPER;1;24.08.1990;0;1
EKENAL;1;11.05.1979;1;0
ERFIT;1;7.04.1976;1;0
MERZUMAN;1;26.10.1971;1;0
DIYATIN;1;7.07.1964;1;0
MEREKNAZ;1;16.07.1965;0;1
ZEMZAMAN;1;21.03.1958;0;1
HUSNANPERI;1;11.01.1986;0;1
MARAK;1;23.04.1973;0;1
NIVAHIR;1;27.08.1938;0;1
TIPO;1;26.07.1943;1;0
NISLIFE;1;5.09.1957;0;1
GULREZ;1;7.08.1975;0;1
MENHULLAH;1;29.06.1975;1;0
HULKINAS;1;26.05.1966;0;1
MIRAZEDIN;1;1.10.1958;1;0
RAZETE;1;5.06.1955;0;1
GULBASA;1;17.02.1966;0;1
GULSUNAYI;1;18.05.1978;0;1
LEZDIN;1;1.12.1947;1;0
BEDET;1;22.11.1956;1;0
PERVENDE;1;19.04.1944;0;1
VESYE;1;16.07.1947;0;1
MUHTUSENE;1;2.02.1981;0;1
FAYICE;1;22.02.1979;0;1
KOSTEKI;1;12.05.1946;0;1
ZUBEYDETE;1;7.02.1964;0;1
MISANDIK;1;17.01.1972;1;0
EYYINE;1;30.04.1977;0;1
ESFEDIN;1;3.10.1987;1;0
BILESK;1;12.02.1965;0;1
HEMYET;1;29.03.1962;0;1
METLICAN;1;12.04.1991;0;1
SUPKIYE;1;21.01.1974;0;1
KEDRETTIN;1;17.02.1966;1;0
HAYLAN;1;9.02.1962;0;1
NECEFEDIN;1;11.09.1973;1;0
DUCVAR;1;12.02.1965;1;0
HAREMSIYAH;1;26.04.1966;0;1
ASEDET;1;27.07.1964;0;1
CAVDET;1;12.04.1965;1;0
BIHLETE;1;27.02.1944;0;1
NUZEHAT;1;20.04.1959;0;1
PORYAZ;1;7.08.1970;0;1
GEYBUTULLAH;1;27.08.1980;1;0
SILIHYA;1;22.02.1979;0;1
FIHET;1;7.10.1976;0;1
IRFIYA;1;2.08.1975;0;1
KERIMHUSRET;1;22.08.1973;1;0
AVZEL;1;22.02.1979;1;0
TASUH;1;17.08.1924;0;1
AVVANI;1;15.04.1941;1;0
NINEFER;1;12.08.1971;0;1
MIRESER;1;4.05.1943;0;1
BAHARTTIN;1;3.06.1974;1;0
MIRUSAR;1;7.01.1960;0;1
NUHYEDIN;1;28.01.1959;1;0
SEHILYE;1;26.06.1973;0;1
RIYATTIN;1;27.02.1992;1;0
HUNENYN;1;13.01.1953;0;1
ZUBBEYIT;1;1.11.1962;1;0
BECIYA;1;12.02.1965;0;1
KODBADIN;1;27.08.1956;1;0
PIRBAUT;1;2.06.1940;1;0
MIHTIME;1;9.12.1937;0;1
EHBAR;1;8.10.1970;1;0
RIZZAK;1;2.02.1969;1;0
BERKIZAR;1;6.07.1990;0;1
ATISAH;1;22.11.1967;0;1
RIZAKO;1;22.12.1939;1;0
FEKIN;1;26.06.1984;1;0
MUNTEBER;1;19.12.1955;0;1
A.BARI;1;19.02.1960;1;0
MEKAIR;1;12.02.1983;1;0
KAFIYETE;1;12.10.1983;0;1
BAYIFHAN;1;5.12.1954;0;1
OBYT;1;19.08.1932;1;0
ANDALI;1;12.02.1953;1;0
SAAYISTE;1;12.05.1965;0;1
PAZIME;1;2.02.1963;0;1
HAZURO;1;18.09.1953;0;1
GULINDAM;1;21.06.1953;0;1
FECAYI;1;12.02.1959;0;1
HEMINAZ;1;17.02.1954;0;1
HICETTE;1;12.08.1965;0;1
HASKI;1;27.02.1962;1;0
MIYAFET;1;12.06.1965;1;0
GULVESI;1;1.08.1968;0;1
NURMAYE;1;21.02.1988;0;1
CEBIH;1;22.04.1979;1;0
ABRIYE;1;21.05.1978;0;1
SAHZENUR;1;16.05.1981;0;1
SELVIMELEK;1;22.02.1967;0;1
ZERAYE;1;27.06.1980;0;1
CIBLIK;1;8.09.1958;1;0
RUBAHSAN;1;5.04.1963;0;1
NUNEFEL;1;16.01.1977;0;1
HANIMO;1;22.10.1931;0;1
SANAHADDIN;1;8.04.1958;1;0
HAFIYEDDIN;1;7.01.1978;1;0
MELEKSINEM;1;1.03.1961;0;1
YUZBINNAZ;1;27.03.1962;0;1
BUHASE;1;18.10.1961;0;1
SEMSUSENA;1;12.02.1959;0;1
ABIDURRAHMAN;1;8.10.1982;1;0
MUNCELA;1;30.05.1982;0;1
MELEKZEMIN;1;23.08.1961;0;1
ALKIZE;1;3.07.1972;0;1
SALTANK;1;17.02.1954;0;1
MUHIBDIN;1;21.07.1978;1;0
OMRANIYE;1;26.02.1957;0;1
MISLO;1;12.08.1923;0;1
GULBARYE;1;13.08.1965;0;1
AYISO;1;25.04.1910;0;1
FEMEDI;1;1.03.1974;1;0
M.NASIB;1;12.02.1965;1;0
VEFATIN;1;11.07.1962;1;0
BABSAH;1;6.05.1974;0;1
MUHABIDIN;1;26.05.1970;1;0
GARIBNAZ;1;11.09.1990;0;1
CEMBELIK;1;26.04.1946;1;0
LIYAADDIN;1;3.03.1951;1;0
GULSEHEM;1;16.07.1981;0;1
USYETTIN;1;11.08.1986;1;0
TEYRO;1;22.01.1946;0;1
MUFEHIR;1;13.03.1949;0;1
CEFRETTIN;1;25.06.1983;1;0
MENAYIM;1;22.09.1991;1;0
MENSUPE;1;15.08.1971;0;1
TEKMAL;1;8.04.1964;0;1
MELEKO;1;17.08.1924;0;1
GUZLUYE;1;25.02.1971;0;1
NEZADIN;1;9.03.1970;1;0
EFETULLAH;1;21.06.1978;1;0
NEZMEIN;1;8.02.1964;1;0
GULINC;1;7.03.1976;0;1
GUZLER;1;8.09.1980;0;1
KULILKA;1;17.02.1966;0;1
HUMRUNAZ;1;19.09.1956;0;1
IMETIN;1;5.05.1966;1;0
GULDERAM;1;12.03.1971;0;1
BEYENMEZ;1;22.06.1989;0;1
HABRO;1;25.02.1942;0;1
FAYCAN;1;14.08.1989;0;1
MESRIKAN;1;25.08.1985;0;1
HANIMSEL;1;12.07.1970;0;1
VALIFE;1;8.11.1984;0;1
AZBEDIN;1;28.07.1968;1;0
TAYLEDDIN;1;22.02.1967;1;0
USYET;1;21.05.1968;1;0
OZMI;1;8.06.1965;1;0
SIMEK;1;17.03.1974;0;1
KEBARETTIN;1;22.05.1964;1;0
YARBEK;1;23.06.1991;1;0
NAYDIN;1;26.12.1982;1;0
GULDUNYE;1;30.08.1980;0;1
HENU;1;11.08.1932;0;1
BENDEN;1;2.03.1956;0;1
MEMSI;1;2.08.1921;0;1
FIDICEMAL;1;28.05.1944;0;1
KERSIME;1;9.04.1991;0;1
SIRHEBIP;1;24.07.1973;1;0
ALIYETE;1;21.06.1960;0;1
IZNIFET;1;27.06.1962;0;1
EMINDIN;1;6.07.1985;1;0
BIRYET;1;6.09.1963;0;1
BIRINAS;1;17.02.1990;0;1
ESREG;1;22.02.1949;0;1
BENERIS;1;12.02.1953;0;1
SISINO;1;16.02.1959;0;1
BILO;1;12.02.1935;1;0
HUSBULLAH;1;21.06.1972;1;0
VUHAPDDIN;1;2.08.1981;1;0
BEDEVNAS;1;13.07.1983;0;1
HANEFDAR;1;29.11.1977;1;0
HISABEDIN;1;9.04.1964;1;0
ZEMIYEZER;1;6.08.1969;0;1
IGVAN;1;1.03.1936;0;1
TIMEN;1;10.07.1989;1;0
CEMBER;1;2.02.1975;1;0
MUSEMEN;1;21.10.1990;0;1
MESAYIK;1;19.02.1960;1;0
MESHUK;1;21.07.1975;1;0
SEYVET;1;23.02.1967;0;1
RESMIN;1;24.03.1991;0;1
CEZAFETTIN;1;2.02.1969;1;0
GULILKO;1;2.03.1957;0;1
GULSICIM;1;26.06.1990;0;1
FINDICEMAL;1;12.08.1965;0;1
GULZAYE;1;21.03.1988;0;1
GULZANA;1;28.12.1986;0;1
GULNAFUR;1;18.03.1945;0;1
FENISET;1;27.11.1962;0;1
RUBAYISAH;1;13.05.1950;0;1
GIMSIT;1;26.08.1985;1;0
MENCAL;1;12.08.1935;0;1
KANLI;1;17.08.1924;0;1
SENFENUR;1;7.04.1966;0;1
TEYMETULLAH;1;16.04.1970;1;0
BEMIHAT;1;27.08.1979;0;1
TACSEMIN;1;5.05.1975;0;1
SAMIYEDDIN;1;19.12.1977;1;0
OMERBURAK;1;14.02.1991;1;0
UBEYE;1;14.03.1983;0;1
DELALNAZ;1;12.02.1971;0;1
TAKIEDDIN;1;21.05.1975;1;0
EDICE;1;7.03.1976;0;1
ETAETTIN;1;27.08.1926;1;0
MUHZEMIN;1;24.03.1950;0;1
HEDEYETULLAH;1;2.02.1963;1;0
NECRUFE;1;12.07.1965;0;1
NULIFAR;1;28.03.1954;0;1
VAHIDETE;1;27.08.1956;0;1
SONYAPRAK;1;29.09.1991;0;1
IBADDIN;1;6.03.1981;1;0
ZERDINAZ;1;12.08.1977;0;1
SAFYETULLAH;1;9.05.1988;1;0
SECHEDIN;1;18.04.1984;1;0
MENAHIN;1;15.08.1980;1;0
ZUHRETTE;1;27.08.1962;0;1
GILHEM;1;15.02.1989;0;1
HASAMEDDIN;1;7.02.1964;1;0
SUNEYA;1;2.03.1969;0;1
MISVET;1;21.04.1965;0;1
KUSURU;1;25.04.1940;0;1
DEYIP;1;2.03.1963;1;0
SIREDIN;1;22.07.1973;1;0
BISAYENE;1;28.04.1974;0;1
ZERDU;1;29.09.1930;0;1
MEKYEDDIN;1;3.02.1975;1;0
GEYNI;1;5.05.1927;0;1
NUERTEN;1;19.07.1963;0;1
MEZHEM;1;27.02.1968;0;1
ABDULHASET;1;5.01.1961;1;0
SENERNAZ;1;2.02.1969;0;1
CEYVET;1;6.07.1981;1;0
CEDIN;1;17.10.1975;1;0
GUYSEN;1;13.05.1984;0;1
FIGRIYE;1;26.09.1975;0;1
ZERKINAZ;1;27.02.1956;0;1
INSINE;1;11.05.1973;0;1
HULNAZ;1;3.05.1943;0;1
TEKIEDDIN;1;23.04.1973;1;0
ASTEGMEN;1;7.11.1976;1;0
CIVAYRE;1;2.07.1980;0;1
MEHDER;1;10.03.1980;1;0
MINALYE;1;21.01.1980;0;1
EMAMETE;1;9.07.1937;0;1
SEDHIYE;1;22.04.1966;0;1
SICAHETTIN;1;1.12.1979;1;0
FELEKO;1;12.08.1923;0;1
FERGUZE;1;16.01.1965;0;1
CEBIRYE;1;12.04.1983;0;1
YESRIF;1;21.12.1985;1;0
NOGU;1;28.06.1946;0;1
KEDES;1;26.07.1959;0;1
GULMIRACE;1;1.12.1960;0;1
NESRUYE;1;12.09.1965;0;1
FEHYET;1;7.02.1964;0;1
GULSURET;1;29.04.1989;0;1
PIYALETTIN;1;17.02.1960;1;0
EYBETULLAH;1;9.02.1961;1;0
RUVAYIDE;1;2.02.1957;0;1
SERFIYA;1;12.04.1965;0;1
ELYAN;1;9.06.1975;0;1
NURULMEDED;1;22.02.1991;1;0
FERTAP;1;12.12.1977;0;1
HURIKAN;1;2.08.1927;1;0
SEMADIN;1;2.02.1957;1;0
EMERULLAH;1;12.02.1965;1;0
GULFEC;1;2.02.1963;0;1
VATIHE;1;26.10.1943;0;1
FAMAI;1;16.05.1965;0;1
BEDUALLAH;1;15.07.1969;1;0
SEFINETE;1;4.09.1981;0;1
YUMRAN;1;22.08.1981;0;1
ISMEDULLAH;1;17.12.1966;1;0
KEMERIYAN;1;18.02.1966;0;1
SEBURULLAH;1;3.07.1980;1;0
ABDULGAFFAN;1;27.04.1962;1;0
HAYNUSER;1;22.04.1967;0;1
NURMEDET;1;10.05.1982;1;0
FAHILILAH;1;26.05.1961;1;0
KABARO;1;7.08.1945;1;0
SINIHAZAR;1;26.03.1972;0;1
MECBURU;1;1.05.1949;0;1
SORME;1;1.03.1962;0;1
EFSIYA;1;17.07.1966;0;1
MAVITAN;1;21.05.1965;0;1
MALGIR;1;3.12.1985;1;0
ATARULLAH;1;23.02.1977;1;0
ABDUHANI;1;3.07.1975;1;0
APDULKADIM;1;23.06.1956;1;0
ABDULAHAKIM;1;26.10.1985;1;0
CEJNIYE;1;12.02.1971;0;1
NURILHEDA;1;22.01.1991;0;1
HAVDET;1;7.10.1988;0;1
HISYARI;1;6.05.1968;1;0
ANALGUL;1;15.02.1982;0;1
AHMETHAKAN;1;22.06.1971;1;0
RAHMETTE;1;3.03.1975;0;1
LULAFER;1;16.07.1963;0;1
HADIKKA;1;18.03.1950;0;1
RUNAI;1;5.05.1975;0;1
ZEMRAN;1;7.02.1982;0;1
HAVZET;1;17.07.1982;0;1
ZUGAYP;1;23.05.1954;1;0
EHDINNUR;1;26.04.1976;1;0
SUKLU;1;7.08.1975;0;1
NEMMAL;1;15.03.1965;1;0
M.DINCER;1;29.2.1978;1;0
ZEHDILE;1;5.07.1955;0;1
KUSKU;1;8.05.1982;0;1
SABRESTE;1;8.05.1964;0;1
BAHTAR;1;21.11.1978;0;1
HALBINAZ;1;28.02.1957;0;1
BINALIN;1;27.03.1980;1;0
M.SAIP;1;6.04.1974;1;0
YAGMURE;1;26.06.1989;0;1
SAHUNE;1;2.10.1981;0;1
MICHAT;1;27.02.1968;1;0
ENZERHAN;1;10.05.1976;0;1
SEKNETULLAH;1;27.02.1980;1;0
SAHRISETE;1;21.03.1941;0;1
SAITEMIR;1;12.04.1953;1;0
FUDEYT;1;1.11.1979;1;0
MAHFUZULLAH;1;12.02.1971;1;0
SIRACCETIN;1;19.01.1972;1;0
ASHAD;1;17.05.1974;1;0
DINIS;1;6.08.1991;0;1
SURETA;1;26.02.1957;0;1
BILAKSAN;1;22.02.1979;0;1
METREBE;1;12.05.1989;0;1
NARHAYAT;1;24.02.1962;0;1
MIGVER;1;12.07.1931;0;1
FIKAYET;1;8.11.1975;0;1
SEHIHA;1;21.08.1987;0;1
MUZLUH;1;27.02.1974;1;0
VEZYETTIN;1;2.08.1981;1;0
MEHIRNAZ;1;1.11.1952;0;1
CENBERIK;1;16.05.1966;1;0
HULKUYE;1;23.05.1961;0;1
GEDRAN;1;7.02.1970;0;1
MUMSIN;1;11.05.1969;1;0
SEKLER;1;27.02.1980;1;0
SEZAYEN;1;7.02.1982;0;1
GOLSAAT;1;2.06.1981;0;1
NARIVAN;1;16.04.1988;0;1
MUSEVBIYE;1;7.02.1957;0;1
VAZEDDIN;1;27.08.1932;1;0
MEREKZAMAN;1;8.04.1958;0;1
MELIKSE;1;30.05.1974;0;1
NEMICAT;1;27.09.1950;0;1
FERAHDUMAN;1;2.04.1975;0;1
PIRAL;1;22.08.1937;1;0
MIRSEYAP;1;26.05.1943;1;0
AMAYETTIN;1;17.02.1972;1;0
SEHDETULLAH;1;10.10.1973;1;0
LEYSI;1;29.2.1973;1;0
MUHAMMETHABIP;1;21.03.1986;1;0
SUHIME;1;22.03.1948;0;1
SEVEDET;1;12.02.1971;0;1
NIZZAMETTIN;1;22.07.1973;1;0
GULSURUR;1;1.02.1985;0;1
SAYIGA;1;19.02.1965;0;1
ABDULMUID;1;6.06.1983;1;0
GULTEYLA;1;26.09.1979;0;1
SAFAKHATTIN;1;26.01.1985;1;0
ERCAYIL;1;12.12.1974;1;0
ABDULPASA;1;16.06.1969;1;0
MAHYIZER;1;26.09.1987;0;1
BETILE;1;22.05.1961;0;1
MUNIBER;1;16.10.1968;0;1
SEMIHAR;1;7.12.1946;0;1
HUYSEN;1;29.11.1968;0;1
GULLEME;1;27.11.1980;0;1
ANAFI;1;23.10.1980;1;0
CENAYI;1;2.11.1986;1;0
MERVANUR;1;8.10.1991;0;1
SUSELI;1;29.09.1955;0;1
MURSITHAN;1;5.12.1988;1;0
TUNCAIL;1;28.03.1966;1;0
SONEZ;1;6.11.1972;0;1
GUZELALI;1;1.03.1977;1;0
HEMDANE;1;23.12.1944;0;1
MUCTEHA;1;12.09.1987;0;1
CANUT;1;18.04.1966;1;0
MAPUP;1;4.11.1974;0;1
TERHINE;1;1.01.2001;0;1
RUVIYYEM;1;25.04.1953;0;1
HOSNAS;1;5.12.1928;0;1
SELVEDA;1;1.11.1974;0;1
HAMDINAZ;1;13.10.1948;0;1
ZERINISAN;1;9.02.1970;0;1
HOKUM;1;22.07.1949;1;0
NEJMET;1;17.02.1942;1;0
MUZEYYEEN;1;11.01.1955;0;1
SUKRUNUR;1;25.11.1970;1;0
NARENDER;1;14.07.1964;0;1
ERKAIL;1;12.04.1979;1;0
MEKTEP;1;13.12.1987;0;1
BOSTANGUL;1;1.07.1976;0;1
DURAHAN;1;24.01.1967;0;1
BENGUSAH;1;7.02.1979;0;1
HERYANI;1;13.01.1969;1;0
LAYUZEL;1;29.04.1938;0;1
MEYSUDA;1;26.05.1978;0;1
BALOGLU;1;17.04.1971;1;0
GULSEMAHA;1;7.11.1958;0;1
SOMNURE;1;21.04.1975;0;1
HATCAHANIM;1;21.01.1991;0;1
MUTAYIM;1;14.02.1973;1;0
DURGOL;1;15.11.1989;1;0
SEYIHETTIN;1;2.02.1954;1;0
HESBAHAR;1;23.08.1977;0;1
FEHNAZAR;1;1.02.1967;0;1
GENCAFER;1;2.04.1927;0;1
TEHFIT;1;13.11.1987;1;0
GULEDEM;1;26.11.1970;0;1
MUKAIR;1;17.05.1970;1;0
MAKIFE;1;4.03.1991;0;1
NEREMAN;1;11.12.1979;0;1
YAVUZERIN;1;1.02.1990;1;0
CIHAMI;1;22.04.1967;1;0
KINDINAR;1;22.03.1955;0;1
SEYDURAHMAN;1;22.02.1973;1;0
MOHOP;1;22.02.1949;0;1
ZILFUNUR;1;6.03.1991;0;1
FAIH;1;11.07.1987;1;0
NERBAHAR;1;6.04.1974;0;1
MUSGUM;1;12.06.1965;0;1
PERUFE;1;6.04.1992;0;1
GANISA;1;5.04.1984;0;1
METRURE;1;4.05.1927;0;1
HUCAYLA;1;18.05.1982;0;1
SONOY;1;28.04.1985;0;1
SUNESER;1;7.07.1932;0;1
DESENKA;1;2.09.1944;0;1
SAIDALI;1;16.12.1965;1;0
ULYAM;1;27.03.1956;0;1
MECMU;1;21.06.1963;0;1
DURSUNPASA;1;6.06.1963;1;0
BINNIHAR;1;2.02.1969;0;1
CANGEZER;1;6.12.1984;1;0
IHMANI;1;12.01.1971;1;0
HESUNE;1;17.08.1936;0;1
GULMAH;1;17.05.1990;0;1
YURDTAS;1;24.06.1973;1;0
FERHUNDER;1;7.05.1964;0;1
GULSIMAM;1;6.10.1950;0;1
NUDET;1;7.01.1965;0;1
ZENNILE;1;28.04.1950;0;1
GORGUNAZ;1;2.05.1950;0;1
SERDENGER;1;26.05.1991;1;0
GULSEREL;1;2.05.1957;0;1
SENAYER;1;7.04.1964;0;1
FIYAZI;1;1.06.1952;1;0
GULMAYE;1;12.09.1983;0;1
MIZIRAL;1;1.07.1967;1;0
ZULHAMI;1;20.08.1960;1;0
EHRINAZ;1;23.05.1979;0;1
RUIDIL;1;21.04.1930;0;1
HAMASLI;1;27.08.1932;0;1
OZMUR;1;12.04.1968;0;1
DORTGUL;1;12.02.1965;0;1
HACIBAKI;1;18.10.1985;1;0
MUHTEZE;1;23.06.1982;1;0
AYPAZ;1;20.07.1982;1;0
SALPAR;1;18.07.1981;1;0
AFARIM;1;2.01.1949;0;1
ZERNURE;1;22.03.1955;0;1
NECBEYI;1;27.01.1932;0;1
BORTEKIN;1;27.07.1979;1;0
ALIYERLI;1;27.02.1956;1;0
NEJBAHAT;1;12.10.1971;0;1
GULYANDAM;1;9.08.1953;0;1
KESNEF;1;29.2.1953;0;1
NEFHURIYE;1;11.12.1975;0;1
GUNDEMIR;1;30.07.1980;1;0
MUKEZZIN;1;17.02.1960;0;1
MAHBURUZ;1;2.02.1963;0;1
SERBAB;1;12.08.1935;0;1
GIULU;1;27.11.1953;0;1
BEKLI;1;22.04.1931;0;1
SUNTAY;1;14.04.1983;1;0
FAIMIYET;1;28.06.1948;0;1
SEHGINAZ;1;11.12.1973;0;1
NECMETTINYAVUZ;1;7.04.1976;1;0
YENOL;1;7.05.1988;1;0
VECIHATTIN;1;3.06.1955;1;0
FILIKAN;1;22.04.1970;0;1
PINARCAN;1;11.11.1985;0;1
SHAFAGAT;1;16.07.1953;0;1
PINARHAN;1;1.12.1983;0;1
TERBINUR;1;8.08.1953;0;1
MEFAKAT;1;27.06.1938;0;1
EYYUF;1;21.06.1963;1;0
HERMIYAS;1;14.07.1980;1;0
NAZEKER;1;16.02.1979;0;1
HURRUMET;1;16.02.1989;0;1
NURMUHAMED;1;6.06.1976;1;0
BAYRAMBEK;1;26.10.1979;1;0
BUDAKBEY;1;12.11.1974;1;0
MIRMELKI;1;17.02.1966;1;0
PAVIZK;1;12.02.1953;0;1
GELAVEJ;1;12.07.1991;0;1
PAHISK;1;4.04.1955;0;1
URUFA;1;1.10.1950;0;1
BAVIZ;1;22.08.1925;0;1
PURIHAN;1;9.05.1977;0;1
MUVARRIH;1;22.08.1955;0;1
FEREYNAZ;1;7.08.1952;0;1
AMU;1;27.02.1938;1;0
SEINIZ;1;28.10.1990;0;1
HEFSA;1;12.08.1953;0;1
HIZRI;1;27.02.1974;1;0
HOSAVI;1;29.11.1963;1;0
FERHEM;1;3.08.1980;1;0
UNBER;1;2.02.1939;0;1
ZAMO;1;2.08.1933;0;1
ABUZAHIR;1;26.07.1964;1;0
EHLIM;1;26.09.1989;1;0
LEHICAN;1;27.02.1974;0;1
SEFIKNURI;1;2.07.1963;1;0
NIYARI;1;23.09.1980;0;1
HERMIK;1;7.08.1928;0;1
NAVDELI;1;24.09.1973;1;0
DEVIS;1;2.02.1939;1;0
DILOVA;1;17.10.1990;1;0
ENDELI;1;7.08.1934;1;0
NEMAM;1;15.11.1977;0;1
BIRCO;1;11.04.1951;1;0
ZEKIBA;1;8.01.1957;0;1
HATUNZIN;1;3.12.1949;0;1
NELIFA;1;13.05.1977;0;1
ABDULLCEBBAR;1;6.12.1974;1;0
LEYICAN;1;22.09.1985;0;1
ZEMRIT;1;22.06.1979;0;1
LAICE;1;21.02.1983;0;1
LEYOZA;1;2.11.1973;0;1
LESKO;1;27.02.1956;1;0
ZEYNELTUNCAY;1;27.06.1983;1;0
ASMU;1;1.02.1936;0;1
ATTU;1;26.07.1950;1;0
HELBIN;1;18.12.1989;0;1
HIRYASI;1;6.03.1992;1;0
GKOULTZAN;1;7.03.1978;0;1
URUFEHAN;1;5.04.1986;0;1
RUJVER;1;29.07.1991;0;1
ABDULMANNAV;1;12.01.1977;1;0
ELFIHAN;1;30.09.1950;0;1
KESRUH;1;1.01.2001;0;1
VAHBIRE;1;1.03.1966;0;1
HAMAHIL;1;13.03.1950;0;1
ZEMIRAN;1;2.02.1951;0;1
KUBILE;1;13.03.1937;0;1
MIHACIR;1;19.05.1975;1;0
ULEFA;1;27.05.1979;0;1
HUSJIN;1;22.02.1937;0;1
HURBI;1;23.05.1961;0;1
REVO;1;27.03.1953;1;0
FATMAZTAN;1;9.01.1966;0;1
TITO;1;17.08.1936;0;1
CIHANET;1;30.07.1991;0;1
FERAHSIN;1;17.04.1980;0;1
HELIMZER;1;12.05.1964;0;1
ZURYAT;1;4.06.1958;1;0
NAHICAN;1;19.06.1973;0;1
HAFZAT;1;4.07.1928;0;1
HUSABI;1;2.05.1973;1;0
PURMUS;1;5.05.1991;1;0
CUMAR;1;27.02.1950;1;0
MIYALI;1;12.02.1961;1;0
SITU;1;23.04.1949;0;1
GIFTAN;1;12.12.1970;0;1
NAVSAN;1;29.08.1981;0;1
DAGAZ;1;6.08.1990;1;0
TAZIYA;1;25.07.1971;0;1
SIHCAN;1;27.02.1938;1;0
MIRSEYID;1;14.10.1976;1;0
HUVACE;1;12.12.1949;1;0
ZAHFARAN;1;21.03.1957;0;1
NEFIBA;1;21.06.1966;0;1
ZINADE;1;30.03.1956;0;1
KICULU;1;22.08.1931;0;1
LATIA;1;4.04.1975;0;1
MAVAZ;1;30.04.1956;1;0
MAHRIBE;1;27.08.1980;0;1
HAKKILA;1;16.06.1970;0;1
MAZU;1;4.12.1960;1;0
KEVZE;1;27.06.1986;0;1
AFSAT;1;11.04.1980;0;1
VALATTIN;1;1.05.1971;1;0
VILAN;1;24.04.1981;0;1
DESVAN;1;11.06.1991;1;0
EVFA;1;3.04.1968;0;1
MEHICA;1;12.02.1953;0;1
CIGSI;1;6.08.1979;1;0
SEHZANAN;1;17.05.1967;0;1
MIRMIHI;1;4.01.1954;1;0
KARDAR;1;3.06.1961;1;0
SORANI;1;15.10.1970;1;0
SUMU;1;22.08.1937;0;1
BEHROZ;1;2.05.1988;1;0
FAGIR;1;2.09.1987;1;0
ABDUKAHAR;1;18.03.1965;1;0
BILBEZ;1;4.08.1941;0;1
SILLER;1;27.02.1992;0;1
SAHLIME;1;2.01.1974;0;1
HEVMET;1;1.12.1965;0;1
MEYRUMA;1;28.08.1967;0;1
MEGMER;1;22.04.1991;0;1
ZENIBA;1;18.05.1979;0;1
SEBRIHAN;1;17.08.1978;0;1
TEVSILE;1;7.08.1928;0;1
DERBAN;1;27.02.1943;1;0
MERARIHAN;1;4.05.1945;0;1
RACIN;1;14.12.1988;0;1
IDABET;1;7.08.1982;0;1
MEGRUMA;1;7.09.1976;0;1
SUNCU;1;4.03.1941;0;1
SORISVAN;1;26.04.1978;0;1
BIMINE;1;22.02.1955;0;1
CEVEYRA;1;21.03.1965;0;1
YUSUFUFUK;1;16.12.1976;1;0
HUMAV;1;28.09.1950;0;1
YUSUFISIK;1;12.07.1978;1;0
GECOL;1;1.01.2001;0;1
ABUBAKIR;1;16.04.1976;1;0
MISRIDDIN;1;28.08.1973;1;0
VEYSIK;1;17.08.1930;1;0
ARMUSOK;1;25.01.1955;0;1
GELEVIJ;1;27.08.1980;0;1
SETARHAN;1;19.04.1964;1;0
BIZINAK;1;2.08.1945;0;1
PISAN;1;12.08.1935;0;1
HUMARI;1;24.03.1961;0;1
BABIZDIN;1;21.09.1965;1;0
TELELLI;1;27.08.1932;1;0
SANZI;1;24.04.1955;0;1
BEHSI;1;22.08.1943;1;0
SAHKULI;1;1.01.2001;1;0
CAZ;1;27.08.1974;0;1
NESIDA;1;22.02.1991;0;1
MIRDAT;1;7.08.1976;1;0
ABDULBAZIT;1;13.06.1990;1;0
GEZIZE;1;8.12.1990;0;1
MIZGEFTI;1;21.04.1948;1;0
BUKRI;1;28.04.1961;1;0
CAHSIN;1;22.08.1979;1;0
MAMSIN;1;22.08.1931;1;0
GELAVIR;1;12.08.1977;0;1
FEKO;1;7.08.1922;1;0
KIL;1;17.08.1930;1;0
HEVARI;1;24.08.1991;1;0
MIKAS;1;27.11.1991;1;0
GANZAT;1;5.06.1951;0;1
HAVZ;1;27.08.1938;0;1
KEKLAV;1;2.08.1933;1;0
HAYZI;1;22.08.1931;0;1
ZERT;1;17.08.1978;0;1
KUCI;1;17.04.1965;0;1
HEFST;1;12.08.1935;0;1
NAVIL;1;26.08.1978;0;1
SINC;1;17.02.1936;0;1
ABDULSTAR;1;6.04.1991;1;0
SIDAP;1;11.05.1981;0;1
MULULSE;1;4.05.1969;0;1
AKRET;1;7.10.1988;1;0
SIDABE;1;6.08.1979;0;1
TEMIHE;1;6.01.1990;0;1
MELILE;1;21.10.1981;0;1
MEDNI;1;17.08.1942;1;0
MIRAHMET;1;21.03.1954;1;0
BETSAH;1;12.08.1977;0;1
SAP;1;21.08.1930;0;1
ENDILE;1;27.12.1980;0;1
MUHAMEET;1;18.04.1990;1;0
AHMATHAN;1;17.08.1978;1;0
VARICE;1;27.08.1986;0;1
CEHVEN;1;11.08.1981;1;0
ILMEDULLAH;1;15.08.1971;1;0
BUKKI;1;15.05.1963;0;1
ABOZEYIT;1;24.03.1967;1;0
SARACADDIN;1;4.04.1955;1;0
RUMLETE;1;26.06.1978;1;0
ZULF;1;22.11.1979;0;1
CEVERI;1;29.03.1950;0;1
SILIR;1;22.02.1991;0;1
RINAK;1;6.02.1992;0;1
MOMIM;1;2.08.1915;0;1
HUNEYSA;1;26.01.1991;0;1
ABDULFENAF;1;21.08.1965;1;0
ZERAR;1;3.08.1962;1;0
HUZEYRAN;1;12.08.1923;0;1
TEMINA;1;2.08.1981;0;1
MEGMUR;1;29.03.1966;0;1
MAGDUMA;1;21.11.1981;0;1
MESIMA;1;22.11.1965;0;1
GULHAC;1;8.03.1952;0;1
ETFA;1;29.05.1961;0;1
SAZEMAN;1;6.04.1974;0;1
DESTKO;1;27.08.1950;1;0
NEHYEDDIN;1;18.08.1965;1;0
NIHAZET;1;28.06.1967;0;1
ATFA;1;23.03.1955;0;1
BARANIK;1;2.06.1975;1;0
SERECINDI;1;28.07.1944;1;0
KONDU;1;2.08.1933;1;0
AMIDI;1;29.05.1961;1;0
VERINA;1;7.02.1988;0;1
MUVARREK;1;9.08.1952;0;1
FAYCA;1;7.12.1982;0;1
GERDENI;1;2.08.1961;0;1
EYMEM;1;7.08.1982;0;1
TEYMENE;1;27.02.1992;0;1
SENTIBA;1;12.03.1983;0;1
DUTMIR;1;8.04.1975;0;1
BESOK;1;26.06.1952;0;1
MAGDU;1;12.08.1965;1;0
FEYRUZGAN;1;7.10.1982;0;1
SICAK;1;12.08.1977;1;0
MERGUM;1;2.08.1933;0;1
ZERDEBI;1;29.03.1958;0;1
RIJYAR;1;7.02.1988;1;0
OYANIK;1;8.11.1980;1;0
BAHAV;1;12.08.1935;0;1
MEKRUM;1;17.08.1936;0;1
AHYAHAN;1;24.03.1961;1;0
LESGIRI;1;2.08.1927;1;0
MARARI;1;30.04.1954;0;1
MAHRIME;1;13.06.1956;0;1
MELKO;1;7.08.1946;1;0
KIZMET;1;16.09.1986;0;1
MUFERDI;1;24.08.1966;1;0
ASKO;1;5.04.1971;1;0
SENK;1;6.06.1956;0;1
RIP;1;27.08.1950;0;1
KURUK;1;22.08.1943;1;0
NEYAR;1;23.05.1990;1;0
MAHRIMA;1;24.09.1980;0;1
SEMETHAN;1;2.08.1927;1;0
DOK;1;17.08.1936;0;1
AGAK;1;22.08.1931;1;0
CIHSI;1;24.02.1966;1;0
ZILF;1;22.08.1931;0;1
HEZEYCA;1;29.09.1982;0;1
ABDULBEY;1;11.06.1962;1;0
BAHIYA;1;11.05.1967;0;1
ABDULHABI;1;17.10.1984;1;0
CURMA;1;21.11.1977;0;1
HUMEMEYRAN;1;14.05.1958;0;1
GEGISI;1;27.08.1932;0;1
NIRI;1;27.08.1926;0;1
TADILA;1;2.12.1981;0;1
ZUMERYAN;1;13.03.1986;0;1
KEVYEDIN;1;7.12.1976;1;0
MELYAHAN;1;12.08.1941;0;1
SADRIYEM;1;24.05.1975;0;1
SIDAVA;1;7.03.1964;0;1
ISLAHETTIN;1;17.06.1984;1;0
MULKUYEHAN;1;22.02.1991;0;1
AKLIMU;1;17.08.1954;0;1
NAHOS;1;12.07.1989;1;0
VEKAS;1;3.09.1991;1;0
ABDULRIDDAR;1;5.03.1957;1;0
MEHSIME;1;25.02.1954;0;1
SINYAR;1;5.09.1978;1;0
GAYILA;1;1.03.1961;0;1
CIGAR;1;7.03.1976;0;1
ERDELAN;1;7.06.1988;1;0
GULLIMDAN;1;26.04.1966;0;1
VARDAT;1;27.06.1965;1;0
CEGERHUN;1;27.02.1992;1;0
UCYILDIZ;1;24.02.1961;0;1
KUTRI;1;27.02.1944;0;1
KEYFU;1;17.03.1966;0;1
BIBU;1;9.06.1964;1;0
MULKIZAN;1;6.12.1974;0;1
IDDIRIS;1;1.05.1965;1;0
KOKA;1;17.03.1964;0;1
KARADACEDDIN;1;27.08.1930;1;0
MAMEZER;1;2.02.1945;1;0
NURSENAN;1;30.01.1955;0;1
SERHENG;1;6.04.1961;1;0
EKILA;1;3.03.1961;0;1
SIMYAN;1;22.10.1991;1;0
RAHSANDE;1;27.08.1968;0;1
CEVERYA;1;6.01.1945;0;1
ZAHFI;1;17.02.1948;0;1
ABUBEKIRSIDDIK;1;12.05.1971;1;0
MIHRISTAN;1;19.03.1964;0;1
EVRAZ;1;19.07.1991;1;0
HUSEVI;1;18.08.1959;1;0
MUSSELMA;1;19.10.1970;0;1
JIYAR;1;27.02.1992;1;0
NEJIP;1;1.05.1961;1;0
BEGSI;1;20.09.1969;0;1
GULATTE;1;28.06.1960;0;1
FAHRISERDAR;1;26.12.1981;1;0
HIJYAR;1;9.03.1991;1;0
TULININ;1;28.06.1982;0;1
CANPUR;1;21.05.1988;1;0
HEVINT;1;10.03.1976;1;0
SELAHDIN;1;2.05.1971;1;0
HUSTEVI;1;29.06.1974;1;0
CUMHURIYYET;1;21.06.1990;0;1
MIRMUHYETTIN;1;27.03.1974;1;0
GOLLUSOR;1;12.02.1947;0;1
KORUS;1;11.10.1972;1;0
NAVDENK;1;12.04.1992;1;0
SERACDIN;1;21.05.1953;1;0
ZEYEN;1;27.03.1992;0;1
MERZIMA;1;22.01.1979;0;1
BAHMEN;1;30.03.1950;1;0
MEHDIYAR;1;14.04.1991;0;1
FASEBYE;1;18.04.1958;0;1
URYET;1;8.01.1974;0;1
RECIF;1;11.12.1969;1;0
HED;1;4.01.1974;0;1
SAFYADDIN;1;26.10.1965;1;0
NEDALI;1;1.03.1974;1;0
HAMIA;1;17.03.1966;0;1
KASEN;1;22.08.1931;0;1
CESEDDIN;1;1.11.1984;1;0
HISDIMAN;1;17.03.1990;0;1
CEZIH;1;1.09.1971;1;0
HERIBA;1;16.08.1988;0;1
MEHENGIZ;1;5.04.1992;0;1
KIHAN;1;17.02.1990;1;0
KEVNAR;1;27.09.1986;1;0
KEBISE;1;17.08.1972;0;1
LEYLIBESERI;1;22.07.1946;0;1
TUTVI;1;21.12.1958;1;0
ZALAT;1;1.10.1991;1;0
MARDILET;1;21.02.1971;0;1
SAADRETTIN;1;17.08.1984;1;0
HEL;1;20.06.1946;0;1
HIZEYCA;1;28.06.1966;0;1
DOHTER;1;27.08.1950;0;1
KAYTERAN;1;6.05.1939;1;0
ZENBILE;1;17.08.1984;0;1
TAYFER;1;7.06.1980;0;1
ALUM;1;28.02.1972;0;1
EMIRSELAM;1;16.01.1984;1;0
MERCUME;1;29.02.1972;0;1
HEVSO;1;9.02.1942;0;1
NADAHAT;1;17.07.1972;0;1
SIYAGAN;1;16.12.1980;0;1
HOMAR;1;22.05.1978;0;1
BORZO;1;16.08.1976;1;0
MIHRARI;1;17.10.1966;0;1
NELYAHAN;1;7.04.1973;0;1
TAGUN;1;7.08.1922;0;1
GERAVI;1;5.02.1970;1;0
FAZLEDDIN;1;1.08.1979;1;0
LEMDIN;1;22.10.1967;1;0
BADDIN;1;23.03.1967;1;0
HINIR;1;23.03.1961;0;1
NETEFA;1;13.06.1959;0;1
HAVSED;1;3.06.1955;0;1
MELEKDIBA;1;12.01.1989;0;1
KUBADIN;1;1.07.1967;1;0
DAVIS;1;21.01.1977;0;1
FELEN;1;21.11.1968;0;1
HUSARET;1;1.06.1973;1;0
UBEYITDULLAH;1;23.05.1960;1;0
TEVDET;1;22.08.1975;0;1
BEHU;1;7.08.1910;0;1
HAMRAVIN;1;25.04.1986;1;0
FAHIYET;1;26.10.1979;0;1
NAZYE;1;18.03.1990;0;1
MIRHAZ;1;3.10.1961;0;1
BEFRIK;1;7.08.1932;0;1
BANUMANISE;1;22.08.1967;0;1
GULSEYI;1;28.04.1987;0;1
VAHYUDIN;1;1.01.1951;1;0
BAGZER;1;16.06.1979;0;1
ZENANE;1;29.03.1981;0;1
SEHRUGUL;1;22.05.1979;0;1
PARTI;1;12.08.1953;1;0
FELAM;1;17.05.1990;0;1
ISLET;1;17.08.1972;0;1
CUHEYRA;1;20.02.1942;0;1
CAVHIR;1;7.08.1928;0;1
SIHRZAT;1;12.08.1959;1;0
KERAFIL;1;7.08.1958;0;1
IRANOK;1;27.08.1926;0;1
HASMIHAN;1;30.06.1952;0;1
MUSANPERI;1;7.03.1976;0;1
KAZUM;1;23.08.1970;1;0
HAVSAD;1;20.03.1942;0;1
GOCERCIN;1;1.07.1980;0;1
SABRIMAN;1;24.04.1966;0;1
GAJI;1;16.06.1982;0;1
GURTI;1;25.04.1937;0;1
HOSRET;1;27.08.1956;1;0
MEZYENA;1;23.04.1959;0;1
NAMICE;1;12.12.1967;0;1
ZUBEYCET;1;23.02.1967;0;1
BAVADIN;1;27.12.1962;1;0
RUJHELAT;1;5.07.1982;0;1
SABENDER;1;13.08.1970;1;0
AZURIK;1;7.08.1934;1;0
ABDULATTIF;1;1.09.1973;1;0
NIDIMHAN;1;19.11.1952;0;1
BESTNA;1;5.04.1947;0;1
RAHIMHAN;1;19.02.1942;1;0
FAZILLE;1;17.03.1964;0;1
SEMIDA;1;27.02.1992;0;1
ARGES;1;28.07.1989;1;0
MELANK;1;2.08.1963;1;0
ABURAFI;1;22.02.1991;1;0
HANADEL;1;26.06.1960;1;0
KOKEP;1;22.07.1979;0;1
HEMIHAN;1;27.08.1956;0;1
VELINA;1;11.06.1971;0;1
GITO;1;2.08.1921;1;0
TUZIK;1;12.07.1951;0;1
CIHADIR;1;21.11.1957;1;0
MEYTER;1;5.11.1975;1;0
MESRAK;1;22.08.1925;0;1
BAZGAN;1;27.12.1974;0;1
DULHAN;1;7.02.1982;0;1
URUFAT;1;7.08.1934;0;1
PERVIZHAN;1;9.05.1965;1;0
CIYAZAN;1;18.01.1990;1;0
BADIRYE;1;21.11.1977;0;1
HEDIYEHAN;1;16.04.1965;0;1
DUGTER;1;30.12.1979;0;1
BEGSIHAN;1;17.08.1966;0;1
SINKA;1;17.03.1936;0;1
CUVEYRAHAN;1;20.11.1972;0;1
SUDAV;1;22.02.1991;0;1
RUPERVER;1;22.05.1973;0;1
HASED;1;11.02.1991;1;0
SAHU;1;13.04.1942;0;1
ELIFEHAN;1;27.08.1974;0;1
BEDRIYEM;1;25.05.1975;0;1
RALIHA;1;14.04.1959;0;1
DILANAR;1;19.11.1985;0;1
HEJYAR;1;13.02.1992;1;0
MEETTOSENA;1;27.09.1962;0;1
KUSTAN;1;26.12.1987;0;1
BEJEN;1;17.02.1990;1;0
MUMBAREK;1;20.05.1965;1;0
RUNAHIK;1;5.06.1979;0;1
AKRAYI;1;2.05.1975;0;1
MUHUBBAT;1;11.03.1981;0;1
HIZIRET;1;1.04.1978;0;1
KEYHUSREV;1;26.05.1964;1;0
DEMIRYAT;1;20.02.1992;1;0
FEYROZE;1;7.01.1970;0;1
DOKTER;1;7.08.1976;0;1
IRAT;1;17.02.1990;1;0
CUMEYRA;1;21.01.1971;0;1
ZEGNI;1;16.10.1928;0;1
FERUNDAG;1;13.02.1965;0;1
GURZIYDA;1;18.04.1966;0;1
KUBACKI;1;23.12.1960;0;1
DUNYAME;1;26.09.1973;0;1
MUTRIYYE;1;22.07.1955;0;1
CERYIS;1;24.07.1985;1;0
MULAHADDIN;1;22.02.1941;1;0
SENERE;1;22.06.1950;0;1
MEYIBIYE;1;28.02.1981;0;1
DURULER;1;22.11.1975;1;0
GESINE;1;27.09.1955;0;1
IMMINAZ;1;11.05.1957;0;1
CAKIRHAVA;1;3.09.1987;0;1
ALIMEI;1;1.09.1948;0;1
OZUKAN;1;22.04.1937;1;0
BAYESE;1;29.12.1931;0;1
SUKURULAH;1;22.10.1979;1;0
ABDIRIZA;1;22.04.1955;1;0
GURSEVIN;1;26.10.1950;0;1
ADILORBAY;1;23.09.1990;1;0
YADIGARE;1;5.02.1928;0;1
YUCESSER;1;2.07.1951;0;1
HUYSAL;1;21.12.1929;0;1
FEDAHET;1;3.06.1941;0;1
FERLUGA;1;27.08.1950;0;1
EBDIRAMAN;1;28.05.1968;1;0
MERBUDE;1;16.04.1941;0;1
HAYRULISA;1;30.04.1937;0;1
NAFLA;1;4.02.1957;0;1
BERKITAN;1;17.04.1936;0;1
KEPBAN;1;1.07.1972;0;1
HILAFIYE;1;27.03.1956;0;1
SIFATEN;1;10.10.1960;0;1
UMMARE;1;3.12.1986;0;1
YAKSENUN;1;9.03.1970;0;1
SUKUTIYE;1;28.05.1942;0;1
PERIVER;1;18.04.1948;0;1
GULSERCI;1;16.02.1951;0;1
SEHREN;1;16.04.1928;0;1
KUNNAS;1;1.12.1930;0;1
ADEMGUL;1;1.08.1937;1;0
MUSAHATTIN;1;2.02.1963;1;0
NESKE;1;26.12.1939;0;1
YOZAR;1;11.03.1969;0;1
BICAHI;1;8.03.1950;1;0
TURABEY;1;8.05.1972;1;0
SEHIICAN;1;1.07.1975;0;1
NURLIN;1;2.04.1990;0;1
SUNANIYE;1;21.11.1960;0;1
PELE;1;25.10.1988;1;0
FERCEM;1;27.12.1986;1;0
RASIKE;1;27.12.1985;0;1
YURTSEMIN;1;20.11.1989;0;1
GULOYSA;1;7.12.1961;0;1
YAGMAN;1;3.11.1965;1;0
MEHEBE;1;22.01.1955;0;1
GOKMUSA;1;23.07.1980;1;0
SECAADTIN;1;26.08.1963;1;0
SEFDE;1;26.01.1973;0;1
ZEKIYIDDIN;1;22.10.1954;1;0
UPRUSAH;1;16.09.1988;1;0
VAGON;1;21.02.1976;0;1
OLTUNC;1;30.03.1991;1;0
KANCAFER;1;19.11.1942;0;1
GULSEVU;1;8.03.1940;0;1
ESINCAN;1;28.08.1986;0;1
MUHPARE;1;21.02.1992;0;1
KANSAD;1;21.11.1984;1;0
TECAHAT;1;10.05.1972;0;1
MELDAGUL;1;21.07.1962;0;1
HURABBAS;1;23.05.1984;1;0
HAZERSAN;1;25.06.1989;0;1
PIRSENE;1;24.02.1967;0;1
BILDIREN;1;18.03.1970;1;0
KAMISAH;1;12.08.1941;0;1
MIZAMGUL;1;27.09.1968;0;1
SAFHEN;1;2.02.1951;0;1
MEYDUH;1;7.02.1970;1;0
MUAFIRET;1;24.04.1970;0;1
SEMERRUH;1;16.07.1987;0;1
DILEYRA;1;19.11.1988;0;1
GULNESLIHAN;1;12.10.1989;0;1
AYSEGULIN;1;19.01.1966;0;1
MUZHAYAT;1;26.07.1959;0;1
SERRUN;1;11.04.1986;0;1
TEYAMIS;1;16.02.1965;1;0
HATICENAZ;1;22.02.1967;0;1
TENBE;1;6.10.1961;0;1
AYSEALI;1;7.10.1934;0;1
HUZRAN;1;7.10.1988;0;1
VEMIGJE;1;26.01.1963;0;1
AMCA;1;6.11.1978;1;0
ZUKAIYE;1;25.07.1949;0;1
MUHALIT;1;18.10.1950;1;0
NIMEDDIN;1;21.08.1934;1;0
ZULFERIM;1;11.04.1958;0;1
NURIZIYE;1;12.08.1965;0;1
SABIDTIN;1;6.01.1975;1;0
MULAHAZAT;1;6.05.1968;0;1
CENAATTIN;1;23.02.1954;1;0
MIHRIBANGUL;1;14.02.1992;0;1
BEYASTAN;1;27.04.1932;0;1
CERCIGIZ;1;9.09.1973;1;0
FERZURE;1;23.07.1973;0;1
PINARIYE;1;20.03.1976;0;1
ULKUBEY;1;3.02.1964;1;0
NICDET;1;26.04.1975;1;0
MUZEYYENHAN;1;23.04.1951;0;1
MUNEVFER;1;22.12.1949;0;1
GULMEFTUN;1;7.12.1968;0;1
SOLGUN;1;10.03.1960;0;1
ALPTEMUCIN;1;18.11.1986;1;0
HAMALAK;1;6.01.1975;0;1
SERHEND;1;13.03.1989;1;0
MUNISCAN;1;10.05.1958;0;1
TIYEK;1;18.07.1987;0;1
NURSAHIDE;1;22.02.1973;0;1
KIFARET;1;23.04.1973;0;1
ABDILMUTDALIP;1;14.11.1962;1;0
FEHREZAT;1;8.01.1964;1;0
AHMETTOLGA;1;16.01.1984;1;0
TAYERI;1;23.06.1961;1;0
NABA;1;29.04.1968;0;1
SAKINEI;1;18.10.1925;0;1
JULFET;1;12.10.1975;0;1
CEYHANGUL;1;23.04.1967;0;1
S.SAVAS;1;22.10.1943;1;0
HAYRIYEGOZDE;1;30.09.1989;0;1
HASANERINC;1;29.03.1990;1;0
ERA;1;6.02.1965;1;0
TUZZEHRA;1;23.01.1985;0;1
AMETI;1;26.10.1982;0;1
UMUDUYE;1;16.04.1970;0;1
SAHRUBANU;1;13.04.1965;0;1
YUCESSE;1;29.06.1956;0;1
SUZULEN;1;27.11.1970;0;1
GIRNEGUL;1;19.11.1975;0;1
NURTUGBA;1;7.02.1988;0;1
BEDULCAMAL;1;5.03.1957;0;1
BECIHAN;1;12.11.1972;0;1
HURAYRE;1;16.10.1985;1;0
NESIGA;1;4.08.1962;0;1
DURSALAN;1;19.10.1963;0;1
PENEMZER;1;23.03.1948;0;1
MUTELA;1;4.12.1983;0;1
FIRDESDE;1;19.07.1958;0;1
RUFKAN;1;26.02.1966;1;0
AKABIR;1;22.01.1955;0;1
ABDULESHAK;1;2.02.1963;1;0
SARTEKIN;1;7.10.1940;1;0
SEKAMET;1;16.08.1980;1;0
GULBIZER;1;3.12.1973;0;1
GUNFERAH;1;11.10.1980;0;1
SENLE;1;10.03.1962;0;1
UMUTSEN;1;28.09.1970;0;1
DOZA;1;27.02.1992;0;1
ILFICAN;1;21.06.1963;0;1
ZULGU;1;3.02.1950;0;1
NAZIVE;1;16.11.1961;0;1
IGVEZ;1;22.02.1927;0;1
YUKFER;1;18.06.1947;0;1
KUSUREV;1;7.04.1970;1;0
MUNTEZINE;1;1.03.1980;0;1
DALSEREN;1;19.04.1981;1;0
CITIR;1;8.04.1980;1;0
LERDEN;1;26.03.1982;0;1
HASLICA;1;16.11.1965;0;1
EVLANUR;1;27.02.1986;0;1
NURAYNURGUL;1;9.06.1991;0;1
SEFANA;1;22.09.1949;0;1
YURDUGULU;1;16.04.1958;0;1
MEHIYYET;1;11.09.1958;0;1
NUESEN;1;16.02.1963;0;1
KABUTER;1;27.05.1924;0;1
KEBIRUN;1;6.07.1987;0;1
MUMTIHAN;1;8.10.1979;0;1
NAZIKTAN;1;2.12.1942;0;1
ZUREFE;1;2.02.1951;0;1
HAMRETIN;1;1.03.1937;0;1
RAGAN;1;25.03.1951;0;1
MUBIDIYE;1;27.02.1956;0;1
SEHRIVEN;1;19.11.1973;0;1
NULE;1;27.10.1962;0;1
TABIYYE;1;26.10.1934;0;1
SERIMSE;1;27.06.1955;0;1
SENCUN;1;2.10.1981;0;1
ILGAHAN;1;26.12.1988;0;1
ELPEREK;1;16.04.1971;1;0
AGABACI;1;15.02.1951;0;1
KHANIMZAR;1;2.08.1939;0;1
SAFAYAT;1;11.01.1954;0;1
SEHAZIM;1;12.04.1935;1;0
VELUIDDIN;1;11.02.1963;1;0
PEZILE;1;11.12.1978;0;1
ANZUME;1;19.06.1943;0;1
JAVALEN;1;14.05.1973;0;1
ORUZ;1;1.02.1985;1;0
SARIYYA;1;13.05.1936;0;1
TIKEZBAN;1;2.08.1941;0;1
GULTURNA;1;16.02.1957;0;1
UMMUNAS;1;8.07.1939;0;1
VELIYUTTUN;1;7.04.1930;1;0
GORGUHAN;1;12.02.1989;1;0
OLGUR;1;4.02.1977;1;0
ABDULGOKAY;1;20.09.1988;1;0
GULNAFILE;1;17.04.1952;0;1
NIZAMEGUL;1;23.10.1982;0;1
SAVKUYE;1;28.05.1976;0;1
ALIMEGUL;1;8.01.1990;0;1
GULMURAH;1;1.11.1966;0;1
NECEHATDIN;1;23.11.1959;1;0
SARAYCAN;1;11.04.1949;1;0
GURMAY;1;7.09.1946;0;1
SAHSELAM;1;2.01.1987;0;1
IRCEP;1;11.01.1956;1;0
CEVZETTIN;1;4.03.1946;1;0
FIKRIA;1;12.12.1980;0;1
RAFIDIYE;1;21.09.1959;0;1
ECIRALI;1;1.11.1965;1;0
FAHIRNISAN;1;27.02.1974;0;1
SECADET;1;7.10.1934;0;1
YURDAGULSUM;1;7.08.1957;0;1
YILSEMIN;1;24.06.1980;0;1
ISKKENDER;1;4.01.1984;1;0
KULNAR;1;29.01.1937;0;1
HILALZULAL;1;13.04.1992;0;1
AKINTURK;1;6.07.1976;1;0
SEHYAMAN;1;8.09.1957;1;0
SAYKINE;1;1.02.1973;0;1
HUMAKADIN;1;16.04.1964;0;1
FADENDUDU;1;2.04.1927;0;1
LEFITA;1;9.11.1972;0;1
BAYFER;1;5.03.1957;0;1
SERASET;1;9.08.1957;0;1
EMBEY;1;27.03.1956;1;0
ETNUR;1;17.02.1966;0;1
BAHDISAH;1;11.09.1986;0;1
USTUNCUMALI;1;16.07.1976;1;0
YOHANN;1;20.03.1989;1;0
NESAIR;1;16.02.1946;1;0
MUAZZERE;1;12.11.1981;0;1
MENTEK;1;5.12.1954;1;0
ERLIHA;1;28.04.1961;0;1
NUHDAN;1;2.05.1956;1;0
NARGU;1;29.05.1957;0;1
BAYSEKER;1;3.02.1969;1;0
HATICETURABIYA;1;18.12.1982;0;1
TUFEYL;1;23.09.1985;1;0
GULLUDAN;1;7.06.1952;0;1
COFER;1;12.02.1959;0;1
NERKUZ;1;23.02.1953;0;1
GUNAYDIK;1;11.04.1961;0;1
TELLISENE;1;5.09.1956;0;1
AYANDOG;1;9.02.1970;1;0
NAFIDUR;1;28.02.1968;1;0
BUDANE;1;3.02.1950;0;1
KULLUZAR;1;30.04.1941;0;1
MUSDAATTIN;1;24.07.1972;1;0
ZENOL;1;17.01.1948;1;0
ZEVNI;1;17.03.1930;0;1
PERHUN;1;28.05.1962;0;1
SEYRIL;1;29.09.1981;0;1
GUNIZIN;1;26.12.1970;0;1
NEFIRLI;1;6.03.1961;1;0
HURNE;1;24.10.1930;0;1
PILANTA;1;1.05.1949;0;1
SEHVARI;1;22.01.1943;1;0
EMMEHAN;1;17.04.1930;0;1
GOMSEL;1;17.04.1942;0;1
GUNNANE;1;17.11.1984;0;1
SAHMEYDAN;1;11.04.1973;1;0
HANIBE;1;17.06.1978;0;1
KUFET;1;15.06.1965;1;0
ZUNIRE;1;16.03.1938;0;1
ELMOR;1;8.05.1983;0;1
GATCE;1;21.11.1951;0;1
GULLUBEN;1;5.06.1971;0;1
ALUNAY;1;1.03.1968;0;1
ALIMUZAFFER;1;12.05.1947;1;0
OKJUCEN;1;2.12.1969;0;1
MURATERDI;1;20.10.1991;1;0
YUMURU;1;16.01.1991;1;0
ELEMDER;1;20.01.1992;1;0
HAYRULLAHBEY;1;2.10.1945;1;0
ESATHAN;1;8.02.1947;1;0
KAGIHAN;1;7.08.1934;0;1
EFKANI;1;25.01.1953;1;0
TAMAYA;1;19.02.1930;0;1
ISBENDER;1;14.04.1958;1;0
BULOR;1;27.06.1956;0;1
TELLIBANI;1;12.02.1941;0;1
LEDARIZA;1;2.01.1941;0;1
GULBAGAN;1;25.12.1974;0;1
ALLAHVERAN;1;14.03.1934;1;0
ALTINZER;1;11.05.1948;0;1
MULFUDA;1;7.04.1958;0;1
BALU;1;16.02.1937;0;1
MILKESEN;1;11.07.1975;0;1
ZERIGAN;1;6.04.1933;0;1
ABALUL;1;6.08.1977;1;0
HATTCE;1;8.11.1938;0;1
BEDIYAR;1;29.07.1954;0;1
MOPUL;1;4.03.1963;0;1
KUBURE;1;2.02.1932;0;1
SEBIRIYE;1;11.04.1975;0;1
SEREFNISA;1;26.12.1939;0;1
REMIZAN;1;1.05.1930;1;0
NUCIRI;1;19.06.1936;0;1
SAMHAL;1;7.08.1946;1;0
FAMETUN;1;7.04.1946;1;0
ZALFIRAZ;1;6.06.1951;0;1
RUHSERE;1;21.03.1947;0;1
SUGURIYE;1;27.01.1956;0;1
ILAHAN;1;14.03.1957;1;0
GUBARE;1;6.12.1972;0;1
REHARSE;1;17.04.1942;0;1
PEMPEGULSUM;1;21.06.1982;0;1
ISIKGUL;1;7.07.1974;0;1
ZOHREBANU;1;27.08.1956;0;1
SAHAMETIN;1;6.07.1938;1;0
FARDE;1;18.11.1972;0;1
BEHRIBEY;1;5.01.1950;1;0
IPEKCI;1;11.11.1981;1;0
SEBAHAGUL;1;7.04.1964;0;1
ABRAM;1;14.01.1976;1;0
LAVRENTI;1;2.08.1945;1;0
MESUTMAHMUT;1;25.03.1988;1;0
GUNLUS;1;23.03.1961;0;1
AKARYA;1;18.02.1966;0;1
ABDULKADIRBAKI;1;1.06.1984;1;0
DANANDER;1;22.01.1958;0;1
BESTISEKER;1;27.08.1926;0;1
GULUNUS;1;7.02.1946;0;1
ZILFIZIYE;1;17.02.1954;0;1
SEBINEM;1;14.10.1972;0;1
ZEHRAKIZ;1;7.10.1928;0;1
HANBASA;1;4.02.1967;0;1
BALBAZ;1;26.11.1978;0;1
EBUTEL;1;27.04.1985;0;1
HEVESE;1;26.03.1967;0;1
KANAL;1;6.06.1974;1;0
GUNRA;1;26.06.1965;0;1
ZEROY;1;6.05.1962;0;1
LEMANDAR;1;11.07.1950;0;1
SEVRER;1;27.02.1950;1;0
MANZER;1;1.03.1938;0;1
LEYLINAZ;1;13.01.1939;0;1
NESIOP;1;2.07.1963;1;0
SELLIHAN;1;16.07.1947;0;1
AIMA;1;23.05.1957;0;1
ALTIMAS;1;21.08.1958;0;1
PEKINSAL;1;22.02.1967;1;0
BAFABEY;1;25.06.1973;1;0
HANELI;1;24.03.1949;1;0
SENINGUL;1;7.06.1969;0;1
HURUNUSE;1;1.07.1950;0;1
ABDULLAHVERDI;1;21.09.1961;1;0
MELIKBE;1;22.02.1961;0;1
VILANT;1;11.01.1982;1;0
SONAHANIM;1;4.04.1933;0;1
HAFIZAHMET;1;17.05.1960;1;0
AGDAN;1;17.03.1953;0;1
BECAH;1;1.02.1959;1;0
MUZAEFFER;1;5.04.1981;1;0
MUBAGI;1;8.09.1945;0;1
ZIYABET;1;15.05.1956;1;0
TELPERI;1;1.03.1957;0;1
SAYAGUL;1;2.02.1962;0;1
NARGILLI;1;11.08.1975;0;1
ABULFAT;1;23.03.1937;1;0
MUSEYMAN;1;22.02.1979;0;1
MAYTAVAN;1;29.12.1949;0;1
TEFUR;1;6.12.1979;1;0
AZIMBEY;1;18.09.1966;1;0
GAYRANSA;1;12.08.1962;0;1
SUYATEL;1;6.01.1962;0;1
PEHER;1;7.02.1928;0;1
GEMAL;1;4.08.1938;1;0
DILERPURUZ;1;12.08.1947;0;1
ARIFBEY;1;13.04.1959;1;0
YUMULU;1;11.01.1986;1;0
TEFRIYE;1;27.08.1926;0;1
HALDEM;1;21.06.1983;1;0
SENNETTIN;1;21.05.1971;1;0
LAMIDER;1;3.08.1967;1;0
RUNDI;1;11.04.1957;0;1
BELIGHAN;1;27.08.1932;0;1
HANIMZA;1;11.03.1966;0;1
AYKUTALI;1;18.10.1987;1;0
ASYAHANIM;1;27.01.1938;0;1
ISMAILASIM;1;21.06.1965;1;0
HURUNISE;1;6.11.1948;0;1
TEBRUZ;1;16.07.1946;0;1
HAYRIEMIN;1;15.03.1935;1;0
ERCAHIS;1;27.01.1971;1;0
BANIHANIM;1;16.02.1928;0;1
HANOSMAN;1;3.01.1933;1;0
SAKSAK;1;11.01.1951;0;1
DESDEBAG;1;21.01.1950;0;1
MUPTALA;1;8.02.1934;0;1
NENAZIL;1;27.11.1931;0;1
EHTIEMAN;1;21.06.1931;1;0
MIRSALEY;1;1.01.2001;1;0
ERTUKAY;1;7.05.1982;1;0
MESMEBEGIM;1;7.02.1940;0;1
RIYHANGUL;1;19.01.1951;0;1
TOPTAS;1;17.07.1960;1;0
SELAMAM;1;22.02.1967;0;1
MIASA;1;6.03.1966;0;1
BALLIME;1;17.11.1954;0;1
UCENAL;1;19.06.1960;0;1
CIVANTEL;1;26.03.1966;0;1
GEFIRYA;1;12.02.1965;0;1
ILIMBEY;1;12.09.1932;1;0
ILIPAR;1;2.06.1967;0;1
DINOS;1;27.02.1968;1;0
DILIKAN;1;6.06.1963;1;0
AFOS;1;7.02.1970;1;0
BINEBEY;1;15.06.1948;1;0
TEZETTIN;1;7.02.1934;1;0
TICERET;1;27.01.1971;1;0
TAZEDDIN;1;6.02.1931;1;0
TASHIN;1;13.01.1977;1;0
TAYIZER;1;17.02.1990;0;1
MILKEZ;1;26.07.1990;0;1
GULNEFCI;1;29.07.1983;0;1
VILAHET;1;5.06.1972;0;1
BAGCELI;1;16.01.1992;1;0
KARHAMAN;1;27.02.1980;1;0
KIRDEFE;1;5.01.1944;0;1
YAYEMIN;1;5.04.1992;0;1
MEZBARE;1;21.02.1963;0;1
ALIKELES;1;7.04.1988;1;0
MAMUG;1;27.02.1962;0;1
FERGE;1;2.02.1957;0;1
DUHRAN;1;29.07.1969;0;1
AHMETTULLAH;1;18.05.1987;1;0
YIYASER;1;17.02.1942;0;1
FEYFURAT;1;26.12.1941;0;1
TELIFER;1;8.03.1964;0;1
TEKBINE;1;17.06.1966;0;1
DAYO;1;22.08.1925;1;0
SUDDIYA;1;6.09.1989;0;1
HUCRIYA;1;27.02.1974;0;1
RUHIBET;1;23.02.1959;0;1
NUKDO;1;17.03.1948;1;0
NECEVAT;1;16.07.1982;0;1
BAFIYA;1;7.02.1982;0;1
SISSE;1;7.02.1964;0;1
SULEHHETTIN;1;13.02.1959;1;0
TEYMEZ;1;2.02.1963;1;0
MURIK;1;1.04.1930;0;1
KOCASINAN;1;17.08.1990;1;0
SECILA;1;17.11.1978;0;1
SINNE;1;1.11.1979;0;1
MUHAMEDD;1;23.08.1985;1;0
GOLIZ;1;30.2.1982;0;1
SARADDIN;1;11.06.1948;1;0
ROBINE;1;4.06.1976;0;1
MUSDO;1;27.08.1926;1;0
SERFIRAT;1;2.08.1939;0;1
HIVAREN;1;7.10.1980;0;1
BINEMAL;1;7.03.1988;1;0
GOLGEZ;1;22.02.1961;0;1
KESERIYA;1;21.06.1972;0;1
SAHBEGI;1;21.04.1976;0;1
SACLLI;1;11.03.1948;0;1
AYSEASENA;1;5.07.1975;0;1
FAHISAN;1;8.05.1940;0;1
MEMOCAN;1;14.10.1989;1;0
MUHAMMETSENA;1;6.10.1989;1;0
MELESAH;1;16.10.1986;0;1
GIGAS;1;22.04.1961;0;1
YUSUF.SEZAI;1;26.05.1984;1;0
GULSUAT;1;15.03.1959;0;1
SEVDISON;1;3.08.1978;0;1
DILSAM;1;7.03.1952;0;1
BILHIZAR;1;15.03.1986;0;1
SEMNEN;1;5.05.1975;0;1
UHI;1;12.08.1929;0;1
PAPUR;1;16.07.1987;0;1
HAYNAR;1;13.08.1958;0;1
ILMISAH;1;6.07.1985;1;0
SAHIMME;1;4.11.1936;0;1
BIRCIK;1;12.02.1971;0;1
KALEMZAR;1;21.05.1941;0;1
CALGA;1;1.12.1949;1;0
KOLCI;1;26.03.1941;1;0
FAZYA;1;15.02.1939;0;1
DEFTER;1;14.09.1970;0;1
HUCRE;1;16.03.1965;0;1
MULKEZER;1;10.05.1985;0;1
ZABEYDE;1;19.03.1959;0;1
FEHRISA;1;17.02.1948;0;1
KEVEZ;1;26.02.1960;0;1
SAHIMEDIN;1;2.01.1938;1;0
MAGRU;1;10.10.1951;1;0
NERCEVAT;1;8.02.1967;0;1
SEGINUR;1;22.02.1973;0;1
MIHRIZAMAN;1;12.02.1965;0;1
BEJDE;1;16.11.1989;0;1
HUCRUYA;1;14.02.1963;0;1
FAZIE;1;20.06.1948;0;1
SALFIRIZ;1;16.04.1964;0;1
TUGUT;1;26.10.1958;1;0
MILKI;1;16.05.1937;0;1
VOTHAN;1;24.02.1937;0;1
TAPE;1;19.03.1960;0;1
GULICELIK;1;15.09.1938;0;1
BAKIRA;1;12.05.1971;0;1
MEMULA;1;17.08.1924;0;1
FERZ;1;11.05.1952;0;1
GOLCEK;1;1.03.1985;0;1
RUKYET;1;2.01.1957;0;1
EKLIMEN;1;2.04.1975;0;1
FERMAT;1;25.05.1987;1;0
ABDULBALIK;1;16.05.1971;1;0
GURAKAN;1;19.03.1982;1;0
HASPINAR;1;26.10.1987;0;1
IRDIS;1;8.03.1992;1;0
BAKAY;1;26.06.1984;1;0
MORE;1;24.03.1942;0;1
KARLIKAS;1;22.01.1952;0;1
LALIME;1;13.11.1983;0;1
NISAF;1;7.08.1934;0;1
PERIGE;1;4.05.1951;0;1
BEDISHAN;1;7.02.1946;0;1
MANSUP;1;21.07.1990;1;0
GIYRA;1;17.02.1954;0;1
UBI;1;7.08.1934;1;0
EHTIYAT;1;11.02.1936;0;1
BURHANADDIN;1;2.10.1976;1;0
FERZIGOL;1;15.07.1965;0;1
MERZIGOL;1;3.04.1963;0;1
BENHURA;1;24.10.1948;0;1
NEJLANUR;1;3.04.1991;0;1
FEROS;1;17.02.1960;0;1
EVDUZEN;1;9.04.1951;0;1
BAYANBANI;1;10.02.1938;0;1
HATIBI;1;19.09.1980;1;0
GULBAHSI;1;12.05.1971;0;1
MURATEREN;1;1.12.1991;1;0
SUMBULYETER;1;27.08.1977;0;1
MUHTARAN;1;6.02.1967;0;1
HUCURE;1;17.03.1942;0;1
ABDULNAKI;1;12.04.1953;1;0
SURYAR;1;12.04.1959;0;1
BALIMA;1;6.01.1951;0;1
MOLLAAHMET;1;22.01.1949;1;0
GULEPRUS;1;26.10.1978;0;1
MUNRE;1;7.10.1988;0;1
NUMIRE;1;7.03.1940;0;1
MELHAYAT;1;21.01.1965;0;1
OKTURK;1;2.10.1980;1;0
SAHISTEHANIM;1;1.11.1948;0;1
BALEBEY;1;19.04.1948;1;0
PIRASE;1;8.07.1974;0;1
FIREYZA;1;18.02.1936;0;1
SEHERLALE;1;23.02.1943;0;1
BULGA;1;26.11.1942;0;1
SERRAHI;1;27.02.1968;0;1
KIRLARBEYI;1;11.06.1963;0;1
GUNNURA;1;24.07.1973;0;1
AKGUZ;1;21.02.1947;0;1
SAYFURE;1;21.05.1951;0;1
IZZETSUKRU;1;23.10.1980;1;0
TAHSILDAR;1;27.08.1926;1;0
KIDAS;1;29.05.1938;0;1
LILHAN;1;21.05.1987;0;1
GOHCAN;1;19.02.1954;0;1
TEKIRDAG;1;12.02.1965;1;0
KOLISEN;1;27.11.1944;0;1
GULSAMAMA;1;11.01.1982;0;1
TERUNKIZ;1;18.01.1950;0;1
MELIBER;1;26.05.1940;0;1
MAHNIYE;1;7.11.1946;0;1
MULBIDE;1;1.05.1955;0;1
SABUNA;1;12.09.1977;0;1
ZEYNELABDI;1;22.10.1973;1;0
URBAP;1;25.01.1967;0;1
SULHANETTIN;1;12.02.1965;1;0
SENAHMET;1;12.03.1977;1;0
TECIRE;1;11.01.1960;0;1
BELKIZIYE;1;17.02.1942;0;1
ESEDDULLAH;1;3.09.1962;1;0
BINMET;1;14.03.1965;1;0
PATOS;1;17.02.1972;0;1
DADUK;1;1.01.2001;0;1
MEZETUL;1;17.08.1930;0;1
FERAHDIVAN;1;23.10.1970;0;1
HURUZAR;1;2.04.1957;0;1
MUNINAT;1;6.02.1927;0;1
LEBISER;1;14.05.1976;0;1
RACIAN;1;6.04.1986;0;1
JULDE;1;27.12.1975;0;1
ISIMDAR;1;27.06.1956;1;0
ZEYNEBNUR;1;29.03.1979;0;1
HULUKHAN;1;16.06.1938;0;1
BAYRAMSELCUK;1;5.08.1982;1;0
MUHAMMEDGOKHAN;1;4.06.1991;1;0
ZEYIMET;1;8.04.1970;0;1
LILPA;1;27.03.1950;0;1
TUYITTIN;1;11.06.1956;1;0
TEYFAN;1;22.06.1967;0;1
OPER;1;8.02.1962;0;1
SIBRAY;1;1.03.1979;0;1
MAHMETTIN;1;23.08.1973;1;0
SERIDAN;1;12.08.1929;0;1
ULUKAR;1;17.12.1942;1;0
RAYYET;1;22.02.1973;0;1
GULLENDAM;1;26.03.1958;0;1
CEMULVI;1;29.03.1977;1;0
EKINAY;1;12.03.1972;1;0
ROYCA;1;14.03.1992;0;1
MULUKSA;1;4.05.1955;0;1
NURANHANIM;1;7.08.1958;0;1
HUZURA;1;16.11.1976;0;1
TEMERIS;1;22.01.1985;0;1
BEDIRIYA;1;30.05.1971;0;1
GULSANAT;1;12.05.1959;0;1
NENEBACI;1;2.05.1951;0;1
ERDAMAN;1;6.07.1968;1;0
HAZERETGULU;1;15.04.1935;1;0
SEYFURI;1;2.08.1927;0;1
SERFILEZ;1;24.12.1957;0;1
ZEYNAF;1;11.09.1934;0;1
WAI;1;14.03.1970;0;1
LETIFIYE;1;28.04.1965;0;1
MANTO;1;14.08.1952;0;1
BASREYE;1;21.07.1939;0;1
HASSEM;1;6.03.1989;1;0
SUIZADE;1;22.02.1961;0;1
GULBAHTIM;1;21.02.1964;0;1
BEDILSAN;1;17.02.1948;0;1
DEFIKAM;1;25.06.1981;0;1
TOHVEN;1;4.07.1932;0;1
LEVENTALI;1;23.08.1969;1;0
CILDIRAGUL;1;17.02.1972;0;1
DILPUS;1;21.12.1957;0;1
MASTAN;1;26.06.1955;0;1
TONBAY;1;7.02.1970;1;0
BERLINGIL;1;19.10.1974;0;1
KANIDA;1;11.02.1978;0;1
HAZELEVREN;1;30.09.1978;0;1
DUNUYAMALI;1;22.04.1951;1;0
RUHUNE;1;22.12.1977;0;1
A.ZAFER;1;12.09.1965;1;0
SAYINAR;1;20.04.1956;0;1
PEYYAMIN;1;27.08.1977;1;0
HENDEGUL;1;4.12.1947;0;1
ILKKAYA;1;23.03.1967;1;0
ISMISANI;1;7.08.1922;1;0
GULCIMA;1;1.05.1944;0;1
FUAAT;1;13.05.1983;1;0
PERLUN;1;24.05.1967;0;1
KALKANTURK;1;24.02.1967;1;0
BALLUZ;1;7.02.1946;0;1
SOLMINAZ;1;24.04.1979;0;1
GALIZER;1;6.05.1938;0;1
VASAR;1;23.07.1967;0;1
SEGIBET;1;6.03.1974;0;1
ESNANPERI;1;21.01.1963;0;1
ATUNER;1;16.04.1974;1;0
MUSAFFAN;1;30.11.1978;1;0
ZANNE;1;6.04.1955;0;1
KALIHE;1;22.06.1961;0;1
MIRHABIP;1;12.07.1934;1;0
HUSEYINKULU;1;11.02.1931;1;0
GULORBAN;1;26.02.1971;0;1
ELIRZA;1;13.12.1951;1;0
SENSAFA;1;12.08.1923;0;1
SOYTAS;1;15.03.1968;1;0
OKLAY;1;26.02.1954;1;0
FEMAZ;1;22.08.1925;0;1
NECEHETTIN;1;16.02.1933;1;0
TAMIRIYE;1;19.01.1959;0;1
MUHAMMETRIZA;1;17.01.1978;1;0
SAHNEVAT;1;12.03.1941;0;1
AKIFCEYHUN;1;18.05.1973;1;0
METINERDEM;1;2.08.1974;1;0
FIKINAZ;1;1.03.1943;0;1
NAKYETTIN;1;1.05.1949;1;0
CAZMIYE;1;17.02.1966;0;1
ABAIHSAN;1;17.02.1966;1;0
BIYGE;1;21.07.1990;0;1
CAMALATTIN;1;24.01.1967;1;0
NUSNUYE;1;26.03.1971;0;1
ERUFUDE;1;25.06.1970;0;1
MIVEMBER;1;12.08.1929;0;1
VEZDUHAR;1;16.03.1957;0;1
HEVULLAH;1;13.03.1958;1;0
ZANZADE;1;6.12.1944;0;1
TUSUM;1;21.02.1956;0;1
LUDIYE;1;15.05.1929;0;1
SOMI;1;15.07.1959;0;1
AYFUKE;1;26.02.1953;0;1
EYIS;1;2.12.1952;1;0
HAZANFER;1;1.10.1926;1;0
BERATBEY;1;6.01.1986;1;0
YENERGEL;1;24.02.1973;1;0
GULENGEZ;1;12.11.1941;0;1
KALENZER;1;17.02.1966;0;1
GULYALEK;1;10.05.1977;0;1
MIRSEYDI;1;7.08.1928;1;0
ZULFISAYAN;1;22.07.1955;0;1
BAKSEM;1;2.10.1983;0;1
AVGUST;1;26.01.1971;1;0
GEZENGUL;1;3.01.1956;0;1
NEZMICAN;1;16.01.1939;0;1
LEYLIZER;1;12.02.1971;0;1
ENTIMES;1;22.05.1955;0;1
HAVGE;1;7.03.1976;0;1
ALISAYIM;1;26.06.1965;1;0
ESVENDER;1;22.08.1931;1;0
MINEZAR;1;28.02.1950;0;1
SAKUF;1;22.07.1973;1;0
DILIRBAH;1;22.02.1967;0;1
BEYTULLAN;1;16.06.1986;1;0
YURDI;1;17.02.1942;1;0
TOPBE;1;18.02.1948;0;1
FERRAS;1;17.02.1954;1;0
SERDARALI;1;21.07.1982;1;0
HAYRIMNISA;1;18.03.1958;0;1
APTEL;1;5.03.1963;0;1
ETVE;1;13.09.1943;0;1
MILKAH;1;6.08.1975;0;1
ORUNCA;1;27.08.1926;0;1
SEBIHAYAT;1;24.03.1959;0;1
SIRINDOST;1;12.02.1941;1;0
ALMESA;1;8.09.1933;1;0
ERENTAC;1;2.09.1986;1;0
SAMRAL;1;2.03.1969;0;1
YAYLAGUZELI;1;26.07.1977;0;1
HUCRU;1;11.03.1949;0;1
SEMLEGUL;1;19.09.1943;0;1
DUNUK;1;2.02.1933;0;1
ERETIN;1;16.02.1965;1;0
MINGUR;1;4.04.1956;0;1
SAREFEDDIN;1;12.06.1950;1;0
MALHO;1;2.08.1933;1;0
IBRARIM;1;17.07.1990;1;0
SEYIKALI;1;10.02.1934;1;0
SAHIDUKTOR;1;21.02.1953;0;1
YILTEZE;1;14.05.1964;1;0
KASMER;1;6.02.1966;0;1
YAZARKAN;1;6.09.1978;1;0
MINNISE;1;12.02.1957;0;1
ARSIYAN;1;15.11.1980;0;1
NARIGUZEL;1;25.01.1971;0;1
ALUDA;1;16.07.1982;0;1
BINNIY;1;27.11.1967;0;1
CENGEHAN;1;21.08.1976;1;0
MUSGUNUZ;1;29.04.1980;0;1
NAMAZHAN;1;28.05.1944;1;0
LOBAR;1;10.05.1964;0;1
BILTAD;1;1.05.1983;1;0
ISAALI;1;18.05.1956;1;0
AMMANI;1;26.01.1961;1;0
GUYCEK;1;27.02.1956;0;1
TAVAZ;1;26.04.1961;0;1
KILAVATAN;1;12.08.1929;0;1
ZERER;1;12.02.1941;1;0
SELMUSA;1;19.04.1976;1;0
KUBEYLA;1;21.08.1985;0;1
MERALCAN;1;26.10.1991;0;1
YASEMEIN;1;1.11.1976;0;1
GULGEYIZ;1;22.02.1961;0;1
DUYSELGUNES;1;21.04.1953;0;1
FARIGA;1;29.08.1972;0;1
CEMANEDDIN;1;21.01.1966;1;0
ZEMINNUR;1;1.04.1973;0;1
VICTONIA;1;14.03.1968;0;1
VAYSIN;1;8.03.1964;1;0
SUCCETTIN;1;1.04.1961;1;0
SEMERRA;1;13.03.1987;0;1
HAYRANCAN;1;16.12.1968;0;1
ZIHINLI;1;27.04.1943;1;0
SALANUR;1;21.08.1976;0;1
CERAM;1;23.05.1933;0;1
KULPERIN;1;2.04.1951;0;1
MAIZEZ;1;3.02.1969;0;1
TORUZ;1;22.08.1925;0;1
MULFUDE;1;10.11.1963;0;1
TAHMULE;1;6.05.1939;0;1
FIRDENES;1;2.02.1957;0;1
ALIHAMZA;1;12.11.1947;1;0
HAMUDIYE;1;6.02.1950;0;1
ABDUVAHIP;1;23.03.1967;1;0
MESLINAZ;1;23.03.1967;0;1
NAHAYAT;1;3.05.1956;0;1
PAYIZET;1;22.02.1967;0;1
MUDIR;1;26.02.1949;1;0
TALHADDIN;1;2.05.1939;1;0
VAYCAN;1;26.08.1989;0;1
NACIH;1;11.03.1973;1;0
MAHPALE;1;6.05.1956;0;1
EMIRTEKIN;1;7.10.1976;1;0
ALIAATTIN;1;22.06.1973;1;0
HURZE;1;9.09.1963;0;1
GULDELI;1;22.08.1931;0;1
REZZALE;1;7.08.1934;1;0
HUBAI;1;13.02.1938;1;0
KIBARHAN;1;26.11.1942;0;1
HANDANIYE;1;26.12.1970;0;1
ABDULBADI;1;18.05.1965;1;0
VASIYETTIN;1;7.02.1952;1;0
IZTIFET;1;21.08.1976;0;1
BASIYET;1;28.04.1964;0;1
SUREHAT;1;28.04.1960;0;1
BELBIN;1;1.12.1979;0;1
BAGMET;1;16.08.1941;0;1
LADISER;1;26.04.1981;0;1
ZEMBIGUL;1;11.02.1932;0;1
ABDULMERAL;1;1.03.1972;1;0
PEVLIVAN;1;22.02.1967;1;0
FETFIZE;1;2.08.1939;0;1
GUVANI;1;1.03.1969;1;0
SAHDILBER;1;16.01.1972;0;1
FASIN;1;16.06.1982;1;0
SULTEKIN;1;27.02.1950;1;0
MARINGUL;1;8.11.1958;0;1
ZILADE;1;11.10.1975;0;1
PENZADE;1;24.02.1967;0;1
REHIZ;1;24.01.1961;1;0
FAZLAN;1;7.08.1916;1;0
GURCO;1;15.08.1938;0;1
MOHTO;1;7.02.1964;0;1
DIRITGAN;1;6.06.1962;0;1
MAYRAMA;1;24.02.1973;0;1
FOTBUL;1;7.07.1943;0;1
SURSU;1;27.04.1944;0;1
HANPAL;1;22.08.1943;0;1
RUASE;1;27.02.1956;0;1
BETHINAR;1;27.12.1986;0;1
GULUMSALI;1;13.09.1934;0;1
ESENGUY;1;27.07.1989;0;1
DARUZE;1;23.10.1937;0;1
ACIZET;1;26.03.1948;0;1
MORSEL;1;17.02.1966;1;0
ILFIT;1;21.05.1982;1;0
GOVE;1;2.02.1957;0;1
FATIHMEMET;1;26.05.1969;1;0
MUCAZI;1;1.11.1971;1;0
TEVHAN;1;21.04.1956;0;1
RUSTEMER;1;11.06.1945;1;0
GAYZATLE;1;1.02.1971;0;1
MILGINAS;1;11.06.1955;0;1
KASIMI;1;27.08.1973;1;0
BIDARE;1;22.02.1967;0;1
FAHIRET;1;10.01.1973;0;1
FEHDETTIN;1;17.01.1971;1;0
MANDALIYE;1;1.12.1970;0;1
HUKUNTILLAH;1;11.01.1964;1;0
MUCEVHA;1;22.03.1967;0;1
NAZDANE;1;8.02.1963;0;1
NURUNAY;1;18.01.1981;0;1
KIZGAL;1;4.04.1945;0;1
KIBO;1;2.08.1933;0;1
ELMASSENEM;1;19.07.1936;0;1
MEHMETVASI;1;17.05.1953;1;0
MUTEHETTIN;1;2.07.1951;1;0
GUTFETTIN;1;11.03.1977;1;0
MUHMINET;1;11.02.1975;0;1
BAKLAGUL;1;3.10.1951;0;1
GILBAY;1;28.04.1965;1;0
ZEZUL;1;2.08.1927;0;1
FEHERNAZ;1;28.07.1960;0;1
ABUSELAMI;1;8.10.1976;1;0
MURGULE;1;12.02.1965;0;1
CANALAN;1;7.06.1964;1;0
BARFI;1;27.03.1956;0;1
NAZINCI;1;17.02.1966;0;1
KIRIZAT;1;1.04.1935;0;1
EGBAT;1;1.06.1956;0;1
TAGSIM;1;30.07.1972;1;0
YENIGAZEL;1;30.06.1974;0;1
AMPUL;1;18.01.1990;0;1
MIRITHAN;1;7.02.1964;0;1
KERDE;1;9.01.1958;0;1
SERGUNTAC;1;4.06.1987;1;0
NISBEL;1;16.04.1981;0;1
TEYVE;1;26.04.1971;0;1
SERVAL;1;1.01.2001;1;0
NIMUNET;1;25.07.1963;0;1
MAHIRPASA;1;1.05.1980;1;0
ULUKAY;1;1.05.1969;1;0
HUBYE;1;11.02.1976;0;1
HOPPAZE;1;22.08.1913;0;1
ABDURRAK;1;12.02.1965;1;0
SARALI;1;8.04.1964;1;0
KITA;1;27.08.1932;0;1
YURDAKOC;1;24.04.1961;1;0
MEHMETSITKI;1;11.06.1938;1;0
ONCEAY;1;1.10.1984;1;0
YAGGUL;1;29.01.1950;0;1
NESPILE;1;9.05.1942;0;1
BEYSAFALAR;1;1.11.1961;1;0
SALIGUL;1;21.07.1957;0;1
GOGGE;1;15.05.1956;0;1
TUTUYEM;1;22.04.1963;0;1
VARGUZEL;1;21.02.1941;0;1
KERENI;1;17.08.1930;1;0
GULEFA;1;2.05.1945;0;1
FEZENDE;1;24.03.1938;1;0
KINOS;1;12.02.1959;0;1
SUNIYET;1;28.10.1955;0;1
DEYO;1;22.08.1931;1;0
SAEDET;1;1.04.1976;0;1
MURSEYIDIN;1;7.02.1940;1;0
RUVILYA;1;25.01.1958;0;1
HURBUYE;1;22.04.1966;0;1
SEVLAH;1;30.03.1978;0;1
ZECO;1;10.10.1929;0;1
HUMURYE;1;17.04.1960;0;1
NUJIDE;1;12.03.1929;0;1
ELTURK;1;24.04.1967;1;0
SOYLERGUL;1;2.02.1963;0;1
TANOREN;1;2.09.1951;1;0
BIDOS;1;6.01.1953;0;1
ZAHIZAR;1;23.12.1982;0;1
PANZEHER;1;27.08.1938;0;1
REVEL;1;1.08.1939;0;1
HOPPE;1;2.07.1939;0;1
TIMUREFE;1;14.04.1959;1;0
MAYIYILDI;1;18.03.1947;0;1
HUCURUYE;1;22.05.1967;0;1
PERIKAT;1;7.03.1934;0;1
EMINTURK;1;7.02.1952;1;0
HAYATIBEY;1;2.02.1957;1;0
NENU;1;7.08.1934;0;1
SAHMAIL;1;5.03.1937;1;0
SAMDEL;1;12.02.1965;0;1
RAZINET;1;21.08.1947;0;1
SOYLET;1;21.01.1948;0;1
BINBEY;1;16.12.1963;1;0
HUBRAYI;1;16.04.1934;0;1
SEFILSAH;1;27.08.1932;1;0
FELANAZ;1;13.12.1951;0;1
HIYRAT;1;17.08.1948;0;1
GULEBANI;1;2.03.1945;0;1
ELTEKIN;1;27.08.1974;1;0
OZPAY;1;21.02.1987;1;0
BALLE;1;12.02.1947;1;0
GEZME;1;2.02.1969;0;1
HAMSEKER;1;7.08.1957;0;1
HACINASO;1;2.02.1957;1;0
ALCE;1;12.02.1935;1;0
TURKKOZ;1;7.08.1970;1;0
AYSANDIK;1;27.02.1944;0;1
CARCI;1;24.10.1934;1;0
MACI;1;2.08.1915;0;1
RABYA;1;7.08.1934;0;1
FERYAM;1;12.03.1971;0;1
DOLA;1;23.10.1986;1;0
SINEK;1;18.02.1929;0;1
KAKIZER;1;17.08.1954;0;1
KOCAKALI;1;11.01.1974;1;0
CIYENDEM;1;27.02.1974;0;1
ZIYAPASA;1;12.02.1935;1;0
ADALLET;1;23.08.1983;0;1
HAKKADIR;1;16.04.1980;1;0
HAKCELIL;1;19.04.1983;1;0
CELILCAN;1;29.2.1986;1;0
GIRAYALP;1;10.04.1990;1;0
SELBUR;1;6.02.1955;0;1
VAHIY;1;12.08.1982;1;0
SUPEN;1;9.11.1973;0;1
OKXANA;1;2.04.1981;0;1
ILKUTLAY;1;28.04.1981;1;0
BILIBIL;1;27.04.1944;0;1
LADIR;1;21.11.1983;1;0
IHSAMIYE;1;26.11.1977;0;1
HIDIRSIH;1;19.07.1935;1;0
NIYASEDIN;1;22.02.1979;1;0
CURUYA;1;7.12.1985;0;1
MESDANE;1;11.10.1961;0;1
SAFADIN;1;26.04.1971;1;0
ELMUNUR;1;7.08.1982;0;1
SEFATDIN;1;2.04.1990;1;0
LEKIFAR;1;29.11.1951;0;1
MEFARIDIYE;1;17.07.1942;0;1
MESAKAT;1;26.11.1936;0;1
MEYREN;1;30.06.1975;0;1
SEYHANLI;1;8.09.1932;1;0
ARAPSEN;1;12.02.1947;0;1
BIHRASEB;1;28.11.1963;0;1
REYLI;1;22.11.1942;0;1
ZENNIBIYE;1;11.12.1957;0;1
MUHINET;1;27.08.1975;0;1
MIRZAYEVA;1;26.07.1942;0;1
GULNAZELI;1;1.11.1955;0;1
GULISTEM;1;1.04.1984;0;1
GULFIYRE;1;22.02.1967;0;1
SELVIKIRAZ;1;21.06.1941;0;1
NUFERIYA;1;7.09.1970;0;1
MUZDEBAG;1;22.04.1973;1;0
NAZIRGUL;1;22.02.1955;0;1
BEYUKBADJI;1;27.01.1960;0;1
BENSUNUR;1;2.12.1981;0;1
MUHIYYE;1;17.04.1957;0;1
MUSTELIF;1;26.11.1978;0;1
MUZDAL;1;24.03.1961;0;1
EFTANE;1;2.09.1963;0;1
KULSTAN;1;26.09.1984;0;1
TURGUTHAN;1;20.10.1971;1;0
MUHABBA;1;15.01.1943;0;1
ILTAD;1;27.02.1962;1;0
HAYDARDEDE;1;9.07.1952;1;0
UZMEGUL;1;12.02.1965;0;1
HUNLE;1;22.02.1979;0;1
MERSIDIYE;1;22.05.1946;0;1
MIDEYHA;1;17.09.1972;0;1
FAZILEYI;1;8.04.1932;0;1
LEFERIYE;1;21.06.1964;0;1
ENTUYE;1;7.02.1970;0;1
TANFUR;1;4.10.1966;1;0
SIHEYIP;1;18.02.1964;1;0
FUZEL;1;12.04.1953;0;1
EVSAY;1;22.02.1967;1;0
MAKBEKAR;1;26.09.1964;0;1
GULPEM;1;22.04.1931;0;1
DILCAR;1;6.08.1954;0;1
GULDERA;1;22.04.1937;0;1
MUAPPER;1;27.04.1925;0;1
MUNSADIR;1;7.02.1964;1;0
HAVAZIM;1;11.06.1966;1;0
KABIKAR;1;11.02.1955;0;1
EMRAMI;1;17.02.1978;1;0
AYDINDEDE;1;11.05.1960;1;0
AHMETDEDE;1;22.03.1943;1;0
GULDESLAN;1;13.06.1971;0;1
NEJGULE;1;2.02.1963;0;1
NEFARE;1;22.02.1973;0;1
CELALATIK;1;2.02.1951;1;0
ZEHNIGUL;1;17.02.1966;0;1
GADEN;1;6.02.1956;0;1
MAPIRAZE;1;24.07.1948;0;1
ZULUFKU;1;17.09.1966;1;0
SIHKATIP;1;25.04.1946;1;0
DANGUL;1;22.05.1979;0;1
MENSURUGE;1;11.03.1945;0;1
SELEFETTIN;1;28.04.1940;1;0
CAMALAN;1;28.04.1958;1;0
MURSALIYYE;1;6.02.1942;0;1
GULFATIS;1;21.01.1984;0;1
EKRASIM;1;2.09.1970;1;0
NEMZADE;1;17.04.1948;0;1
MUCEYRE;1;4.04.1964;0;1
ULUKSAN;1;10.04.1964;0;1
DERVISMEHMET;1;30.2.1955;1;0
GULFIYRA;1;23.03.1972;0;1
UCERET;1;17.04.1957;1;0
TAYFUDE;1;27.02.1985;0;1
KOKULLUAY;1;27.04.1974;0;1
GULAZIME;1;2.02.1963;0;1
MUHFER;1;14.10.1989;0;1
GURCUISTAN;1;16.01.1966;0;1
EMINEKAMURAN;1;3.11.1990;0;1
TEBKILIYE;1;18.01.1954;0;1
SADEKUL;1;6.10.1966;0;1
ISBAH;1;11.04.1949;1;0
HALKIAN;1;26.03.1975;1;0
SELGIZAR;1;27.02.1980;0;1
CAGIDE;1;22.02.1967;0;1
MERMURIYE;1;6.02.1984;0;1
NEBATIYER;1;11.10.1969;0;1
GULDUK;1;22.01.1961;0;1
USEYT;1;2.03.1986;1;0
MUHSULE;1;17.11.1966;0;1
FEYRE;1;19.02.1972;0;1
BEDIGHA;1;21.12.1958;0;1
CALIHA;1;22.02.1967;0;1
IMAHA;1;22.03.1945;0;1
BINIALI;1;22.08.1937;1;0
GUNAYDEN;1;18.09.1956;0;1
KAGBE;1;11.01.1972;0;1
ILHANER;1;7.02.1988;1;0
NEZZIYE;1;29.08.1938;0;1
MUSLEHAT;1;28.11.1960;1;0
NAFAKA;1;28.03.1950;0;1
NEHMIDE;1;26.08.1964;0;1
LIVAREN;1;2.09.1981;1;0
IMIRZALIDEDE;1;2.06.1957;1;0
NUZEYME;1;11.03.1991;0;1
MURITHAN;1;6.09.1990;0;1
AYNR;1;28.12.1967;0;1
GURCUNUR;1;13.01.1986;0;1
ABUZIDTIN;1;15.03.1962;1;0
RECIMA;1;22.02.1961;0;1
DURANER;1;6.10.1963;1;0
NILBETUL;1;21.09.1981;0;1
CANVEDA;1;21.10.1969;0;1
FELDANE;1;4.05.1976;0;1
SITAMI;1;22.02.1937;1;0
ZUNEYBE;1;27.02.1974;0;1
HAKKIAN;1;22.12.1979;1;0
GULATMI;1;21.05.1982;0;1
ERTORUN;1;7.12.1964;1;0
TEVRIZIYE;1;22.04.1919;0;1
NAZDET;1;17.12.1954;0;1
MUDADIYE;1;17.06.1938;0;1
BENHAL;1;10.06.1958;1;0
GALBINUR;1;12.02.1965;0;1
OZYON;1;26.10.1961;1;0
BERAHA;1;18.05.1968;0;1
EBLIKE;1;24.01.1955;0;1
GOKSELER;1;7.02.1988;1;0
YIHYULLAH;1;17.11.1990;1;0
AHINAZ;1;22.02.1947;0;1
PEVRUM;1;4.02.1961;0;1
TEVCAN;1;11.07.1966;0;1
SERCESME;1;25.01.1961;1;0
GOOS;1;26.04.1959;0;1
HARIL;1;14.04.1938;0;1
TULGACAN;1;6.11.1969;1;0
GUSTUM;1;9.09.1953;0;1
SERAFETTN;1;2.01.1933;1;0
FIRZENDE;1;21.07.1952;0;1
NURBENZER;1;24.04.1968;0;1
NUSUYET;1;19.04.1967;0;1
NARISIN;1;16.01.1931;0;1
UCSAN;1;6.01.1946;0;1
SIBLE;1;6.08.1977;0;1
SINANGIL;1;28.08.1986;1;0
KETIK;1;17.09.1959;0;1
RESITIYE;1;1.03.1965;0;1
MEHMETHAKAN;1;16.03.1976;1;0
BILOT;1;14.05.1971;1;0
DEMILE;1;12.05.1974;0;1
HASIBEL;1;10.05.1971;0;1
AFIFIYE;1;3.12.1937;0;1
MERDAIYE;1;15.11.1951;0;1
KARSOKEN;1;17.02.1948;1;0
MUFREZ;1;10.11.1965;0;1
ABDULCEYLANI;1;14.10.1954;1;0
ZUKUDU;1;12.04.1959;1;0
EBRAHIL;1;12.06.1962;1;0
GUMSIYE;1;8.05.1953;0;1
MAVEZ;1;27.02.1948;1;0
ATEMER;1;7.05.1950;1;0
BAKISAN;1;16.11.1935;0;1
DAGUSTAN;1;11.05.1943;1;0
SEYFANLI;1;21.11.1965;1;0
ZINNIBE;1;16.04.1950;0;1
EHRUZE;1;28.03.1977;0;1
ZUYER;1;22.02.1979;1;0
SIKARNAZ;1;26.03.1941;0;1
ALIGULHAS;1;22.05.1937;1;0
CEFAATTIN;1;2.04.1963;1;0
HASANASIR;1;3.08.1930;1;0
SEBILIHAN;1;26.06.1955;0;1
VECIDAN;1;29.01.1958;0;1
MERZIYAHANIM;1;30.10.1970;0;1
SURUYETTIN;1;27.02.1955;1;0
GURTAGUL;1;7.02.1964;0;1
BAYBARSHAN;1;17.04.1989;1;0
DEMIRAC;1;17.03.1966;1;0
BERKUKAPSIZ;1;7.02.1958;1;0
SEHABETDIN;1;2.08.1957;1;0
MAPEYHER;1;22.02.1949;0;1
BIRADET;1;3.07.1978;0;1
PERDIK;1;14.12.1983;0;1
VADIME;1;6.09.1956;0;1
MEZMUN;1;23.07.1983;1;0
SELKINAZ;1;14.08.1968;0;1
BEYVELI;1;16.01.1966;1;0
YURDDAS;1;6.06.1969;1;0
ABDULCEDIT;1;11.07.1972;1;0
KUZADIYE;1;6.10.1978;0;1
PIRADE;1;30.01.1990;1;0
NEFTARIYE;1;6.10.1989;0;1
SELKIRAZ;1;23.03.1948;0;1
KACEY;1;2.05.1963;0;1
BENLICAN;1;7.02.1952;0;1
AFIKAR;1;12.11.1951;0;1
DALLIM;1;11.08.1981;0;1
NIRFAT;1;4.02.1951;0;1
MERZILE;1;2.02.1951;0;1
MAHMURU;1;29.08.1974;0;1
KARLIHAN;1;11.01.1964;0;1
ZUZADE;1;12.03.1947;0;1
BIRUMUT;1;13.10.1991;1;0
YENEGUL;1;6.11.1968;0;1
TOSAT;1;11.09.1962;0;1
RAHSANHATICE;1;21.12.1978;0;1
GULLEMAN;1;7.03.1987;0;1
LUBUDA;1;1.12.1991;0;1
HEFZIYE;1;14.01.1947;0;1
CEVRIGUL;1;11.01.1986;0;1
NURUCIHAN;1;21.09.1974;1;0
SAFUREN;1;28.04.1962;0;1
YAGMUZ;1;21.08.1956;1;0
MUNHERI;1;23.10.1949;0;1
MARUYE;1;26.04.1954;0;1
FURMANIYE;1;7.02.1964;0;1
SAHURET;1;12.07.1941;0;1
HABILHAN;1;14.04.1978;1;0
NUFERYE;1;7.09.1970;0;1
ALTUNISIK;1;30.01.1937;0;1
ASUAN;1;14.11.1981;0;1
ARIFOGLU;1;22.02.1967;1;0
SEDDARIYE;1;7.04.1964;0;1
KUDRIYE;1;22.11.1937;0;1
NUGEL;1;16.08.1982;0;1
SOHRETNAZ;1;5.06.1991;0;1
GULSEFAHA;1;27.02.1956;0;1
UFGUL;1;6.12.1955;0;1
MEYRUL;1;22.02.1961;1;0
CANBEKDEDE;1;11.12.1967;1;0
BINGE;1;19.09.1953;0;1
MUDARA;1;15.12.1964;0;1
FITIRET;1;1.08.1990;0;1
PASLANMAZ;1;24.08.1968;1;0
UMMANULUSU;1;9.04.1982;1;0
EBUDIYE;1;11.09.1956;0;1
DURMUG;1;27.08.1974;1;0
KUSHAN;1;20.05.1974;0;1
MISAM;1;16.03.1939;1;0
H.CAHIT;1;28.03.1973;1;0
GULCEVER;1;26.12.1964;0;1
HURUFUYE;1;2.02.1945;0;1
SULEZAR;1;16.07.1929;0;1
MIFRAT;1;4.02.1951;0;1
SANICAN;1;26.11.1969;0;1
GULDUMUR;1;1.05.1971;0;1
MUSAVIL;1;2.02.1951;0;1
YADIGARGUL;1;16.04.1964;0;1
BAGKIR;1;12.02.1965;1;0
IRCAHIS;1;4.10.1953;1;0
ERTURIL;1;19.04.1964;1;0
SEBDULLAH;1;29.08.1950;1;0
NEMATULLAH;1;15.05.1971;1;0
HAYYAL;1;13.06.1964;0;1
NAGIA;1;29.09.1982;0;1
ESBADE;1;23.01.1984;0;1
HASANEREN;1;16.05.1984;1;0
AMUL;1;1.02.1966;1;0
MALHATUN;1;12.06.1938;0;1
ERGAIP;1;24.09.1978;1;0
GUHATIN;1;29.01.1971;0;1
ALIMUHAMMET;1;14.09.1961;1;0
BAGDILI;1;27.02.1956;1;0
GULENZI;1;25.02.1974;0;1
ESENYA;1;17.01.1992;0;1
NERDISAN;1;1.11.1973;0;1
KADEMKER;1;19.01.1954;0;1
ZENHURE;1;27.09.1956;0;1
ARAPNAZLI;1;25.10.1953;0;1
NEZMURUYE;1;16.05.1964;0;1
CERRULLAH;1;22.02.1991;1;0
ULSUN;1;12.07.1977;0;1
TEVRISE;1;23.07.1929;0;1
IFAGE;1;2.03.1957;0;1
GULCIZEM;1;2.02.1957;0;1
GULDAD;1;1.03.1961;0;1
KAFIGUL;1;1.02.1966;0;1
EMETIK;1;17.02.1948;0;1
GOZUACIK;1;24.02.1949;1;0
KOCUAGA;1;1.09.1956;1;0
SAASTE;1;7.12.1981;0;1
SEVNE;1;6.06.1968;0;1
NARIHATUN;1;10.09.1946;0;1
ZUYAL;1;9.04.1972;0;1
NUMSUYE;1;22.06.1953;0;1
KUTBEYTIN;1;2.04.1981;1;0
SORDABIL;1;16.09.1951;0;1
NESILIN;1;24.08.1966;0;1
ORUCIYE;1;2.02.1975;0;1
NEZRIL;1;17.05.1982;0;1
UMMUHAT;1;1.05.1929;0;1
OKTAVIANA;1;27.01.1975;0;1
VESRET;1;16.02.1964;0;1
JERFIN;1;9.12.1981;1;0
SEVIMDAG;1;19.05.1974;0;1
HONAY;1;11.09.1974;0;1
MESUFI;1;8.11.1956;1;0
HARBAY;1;16.12.1969;1;0
LEZAHA;1;8.09.1932;0;1
NULFULLAH;1;11.12.1941;1;0
MENEVIR;1;7.08.1928;0;1
FESRET;1;24.09.1974;1;0
DUHTERI;1;1.08.1955;0;1
SUHEDAT;1;1.07.1980;1;0
MADANIYET;1;2.08.1939;0;1
DZEVRIYE;1;28.06.1973;0;1
HARINC;1;24.04.1984;1;0
DILEKAN;1;28.12.1991;1;0
NERGINHAN;1;4.12.1978;0;1
BASVIYE;1;22.08.1943;0;1
MUBEVVER;1;2.08.1927;0;1
ERDUREN;1;17.08.1942;1;0
SENGUNUR;1;11.06.1957;0;1
KORDEN;1;6.02.1955;0;1
NURFAZE;1;2.03.1981;0;1
TALIGIN;1;26.02.1971;1;0
FAHRINIGAR;1;29.09.1943;0;1
IRFANCAN;1;14.05.1991;1;0
LEVANSER;1;1.01.1955;0;1
SEVGUNAY;1;24.06.1970;1;0
BEYLIHAN;1;10.01.1949;0;1
ONURTAN;1;25.06.1984;1;0
BISLIME;1;18.11.1939;0;1
RUYIGUL;1;7.08.1928;0;1
MUBEYCA;1;6.06.1962;0;1
GULAHFER;1;26.04.1960;0;1
MAMURYA;1;12.12.1959;0;1
MAFERIYE;1;28.03.1950;0;1
TURGIZ;1;27.08.1960;0;1
ZILCADE;1;2.03.1983;0;1
MEHMETMELIH;1;23.06.1960;1;0
MURESAN;1;8.04.1971;0;1
ENZELNA;1;6.03.1945;0;1
SAHESNE;1;23.08.1930;0;1
FATMETI;1;9.12.1950;0;1
YASAFATMA;1;13.10.1975;0;1
MUSAMMEDDIN;1;27.05.1950;1;0
MUAZZIBE;1;2.08.1933;0;1
SUVEYLAH;1;17.02.1972;0;1
SAMMER;1;23.06.1953;0;1
TAHALLA;1;4.04.1964;0;1
ZADIS;1;26.07.1931;0;1
NEJLAH;1;7.01.1964;0;1
NEFRIMAN;1;27.04.1941;0;1
NUSANETTIN;1;6.11.1950;1;0
FESAT;1;29.2.1966;1;0
SELFAS;1;16.09.1934;0;1
HAYRUNSAH;1;4.11.1958;0;1
SEZADIYE;1;11.06.1959;0;1
ILKMALETTIN;1;22.09.1967;1;0
SEVINDA;1;29.03.1944;0;1
HUSABIYE;1;19.02.1930;0;1
FETAYE;1;5.06.1987;0;1
UVET;1;13.08.1934;0;1
GULDALP;1;10.08.1952;0;1
AZADUI;1;12.11.1929;0;1
ASVIYE;1;7.09.1956;0;1
EMITI;1;2.03.1933;0;1
FEZATIN;1;7.03.1970;1;0
PIRAAN;1;11.04.1951;0;1
MUSAMMET;1;21.02.1972;1;0
TELLAG;1;23.10.1965;0;1
HUMAYER;1;2.08.1933;0;1
MIHRIDE;1;18.03.1930;0;1
NEFAEDDIN;1;11.06.1949;1;0
MURGUZAT;1;9.11.1953;0;1
AKCAGAN;1;9.05.1983;1;0
HACICAFER;1;8.06.1938;1;0
TELATIN;1;26.05.1938;1;0
PAHTI;1;30.08.1956;0;1
GULDAH;1;11.11.1980;0;1
SENZAT;1;3.02.1982;1;0
LILLIFER;1;11.03.1966;0;1
NERCIMEN;1;7.03.1981;0;1
MELODINA;1;5.12.1970;0;1
TUNAGUL;1;21.12.1952;0;1
RUJDANE;1;2.08.1939;0;1
YABITSIN;1;15.02.1961;1;0
NILAYHAN;1;26.05.1987;0;1
SUHDIYE;1;30.2.1970;0;1
YURDAREK;1;4.08.1962;0;1
FAHRETTIH;1;23.07.1947;1;0
NEHZAN;1;18.08.1965;0;1
GOYMEN;1;11.05.1986;1;0
OSMANLEVENT;1;20.03.1984;1;0
IMALAT;1;2.02.1951;1;0
MUHILA;1;12.05.1942;0;1
SEYDAVER;1;21.02.1966;0;1
PARSMANAS;1;6.06.1976;1;0
TAYYARECI;1;30.08.1968;1;0
YESSARI;1;9.10.1965;1;0
EJLAL;1;12.09.1954;0;1
MIRMAHMUT;1;17.05.1954;1;0
NULVIN;1;1.04.1978;0;1
SEDBAN;1;22.12.1937;0;1
NARGUZ;1;22.08.1961;0;1
ELLIYE;1;2.04.1947;0;1
SEYARET;1;11.03.1963;0;1
SEYHUR;1;8.03.1963;0;1
FEDAH;1;22.08.1931;0;1
ONERBAY;1;21.04.1977;1;0
SUBEYEN;1;22.06.1972;0;1
SEHRIBINAZ;1;6.03.1961;0;1
NURUVE;1;16.03.1980;0;1
TALIS;1;27.02.1974;0;1
GULDEFE;1;7.03.1958;0;1
CAHINDER;1;26.05.1978;1;0
MUHRUSA;1;22.08.1925;0;1
MEYTABA;1;21.12.1965;0;1
EDDIYE;1;8.03.1951;0;1
TANRIKUL;1;7.08.1981;1;0
BARAM;1;26.07.1951;1;0
NERIDET;1;7.04.1946;0;1
ZERRUSAN;1;26.07.1958;0;1
HUSMANIYE;1;18.02.1960;0;1
MIGIL;1;17.10.1978;0;1
FERAHHATTIN;1;26.01.1970;1;0
NUHRAHIM;1;10.09.1957;1;0
GUNUAY;1;8.11.1974;1;0
ALESMAN;1;25.10.1969;1;0
NEVAZIYA;1;27.08.1974;0;1
SEVSIYE;1;22.07.1943;0;1
FEIKA;1;22.05.1961;0;1
ZELADIN;1;16.06.1960;1;0
REZBANIYE;1;7.01.1978;0;1
SAHZIMEN;1;19.12.1981;0;1
MUNEKKER;1;15.07.1939;0;1
VEFATI;1;21.02.1959;1;0
FIKRETIN;1;12.10.1983;1;0
REVDETTIN;1;8.01.1957;1;0
HILMIZIYE;1;16.06.1962;0;1
ISTIDE;1;21.09.1946;0;1
NEZGIHAN;1;7.04.1970;0;1
SUKUME;1;20.08.1933;0;1
RIHNA;1;11.03.1951;0;1
BAHKI;1;25.07.1971;1;0
EDIA;1;27.06.1959;0;1
GOLZADE;1;16.12.1933;0;1
FERDIH;1;7.06.1957;1;0
SAFERDI;1;4.09.1951;0;1
HUSULE;1;11.02.1946;0;1
HALENNUR;1;17.03.1948;0;1
DURANJA;1;5.09.1946;0;1
UZEYAN;1;6.06.1953;0;1
ZUVEN;1;21.10.1976;0;1
SUKLUN;1;26.03.1929;0;1
HABLULLAH;1;4.10.1991;1;0
UYTUN;1;14.02.1978;1;0
SAJIDA;1;27.08.1950;0;1
NIAY;1;29.10.1962;0;1
SEVDAAR;1;5.06.1972;0;1
AKIPAR;1;3.09.1943;0;1
SONKUT;1;13.04.1979;1;0
FEHZA;1;12.06.1970;0;1
BESUT;1;15.03.1969;1;0
HATICHE;1;11.11.1987;0;1
YEKSU;1;24.02.1992;0;1
SUFEYLAH;1;24.01.1965;0;1
SAVAHAT;1;5.08.1959;0;1
EVSANI;1;12.04.1971;1;0
NILGUVEN;1;14.07.1970;0;1
RICVAN;1;27.08.1938;0;1
SELFIL;1;30.04.1966;0;1
SAIMIN;1;22.02.1967;1;0
CEMIZ;1;21.01.1973;1;0
MEKSUN;1;28.09.1974;1;0
BEDIRIYENUR;1;26.01.1952;0;1
ELADIR;1;4.12.1954;0;1
DEHAY;1;24.02.1983;0;1
NURCIA;1;17.05.1954;0;1
TAVAP;1;9.02.1947;1;0
HEYAR;1;12.08.1929;0;1
HUNNUR;1;1.07.1982;0;1
SEZGINOL;1;6.09.1969;1;0
SEVAYITIN;1;4.04.1963;1;0
NURBENEK;1;13.03.1976;0;1
VECDII;1;25.02.1956;1;0
MUAHAMMER;1;24.11.1967;1;0
MISHAS;1;11.12.1981;0;1
PALUZA;1;29.07.1951;0;1
RECEHAN;1;16.04.1973;0;1
FASIT;1;21.06.1942;1;0
GULTON;1;13.07.1942;1;0
KISKIN;1;13.10.1965;1;0
PERIH;1;9.02.1961;0;1
NAYLAHAN;1;12.09.1959;0;1
TUFLU;1;1.11.1948;0;1
AYBI;1;3.09.1983;1;0
CUZUDE;1;18.12.1966;0;1
GULCENUR;1;3.02.1991;0;1
ALEMSE;1;11.06.1974;1;0
SEVDINA;1;7.12.1961;0;1
NAREGUL;1;27.02.1962;0;1
MUAALA;1;8.07.1970;0;1
FATAGAN;1;18.11.1970;0;1
GULFEYDA;1;17.04.1954;0;1
APTIALI;1;20.04.1960;1;0
ZULEYBI;1;12.01.1975;0;1
LUMAHSER;1;11.09.1966;0;1
OYMA;1;6.02.1979;0;1
TELGIN;1;22.04.1966;1;0
ERGULENT;1;18.09.1969;0;1
ICRAI;1;24.02.1970;1;0
NILRUBA;1;4.04.1991;0;1
VASIE;1;16.01.1959;0;1
NERGUM;1;17.05.1984;0;1
GULPERRA;1;30.03.1955;0;1
FERAHMIYE;1;20.05.1967;0;1
ORBERK;1;15.03.1991;1;0
FAITDIN;1;7.09.1946;1;0
FERHANUR;1;2.02.1951;0;1
BIRSERE;1;12.08.1953;0;1
ILKAYPINAR;1;12.01.1973;0;1
ERDIGUL;1;27.10.1947;0;1
GULSERPTI;1;14.07.1966;0;1
FERJAT;1;24.07.1959;1;0
RUHIDAN;1;16.07.1957;0;1
RADIKE;1;6.05.1960;0;1
AYATAY;1;13.05.1989;0;1
TENNURCAN;1;5.04.1966;0;1
SENEROL;1;26.02.1948;1;0
OMRAH;1;19.09.1978;0;1
MARKELA;1;28.10.1976;0;1
TERKIS;1;28.04.1965;1;0
NEZLISEN;1;23.04.1974;0;1
ZULKARANI;1;13.01.1950;1;0
RAVGANIAT;1;22.06.1975;0;1
NUHHILAL;1;9.02.1938;0;1
SELIMAH;1;17.10.1965;0;1
MEMDUDE;1;23.03.1988;0;1
EKMAL;1;16.03.1959;1;0
GULAYSIM;1;4.05.1960;0;1
MENDEREK;1;16.02.1976;1;0
MUCEDTIN;1;6.08.1969;1;0
FERIHANUR;1;4.09.1979;0;1
UFEK;1;13.03.1970;0;1
MUFRUYE;1;12.02.1950;0;1
VELDAG;1;2.02.1961;0;1
CEVAYEDDIN;1;6.10.1960;1;0
ESCAN;1;15.10.1982;0;1
ALAHTIN;1;4.09.1958;1;0
ELEHEDDIN;1;7.12.1970;1;0
URCEL;1;11.04.1980;0;1
SEYNAGUL;1;22.05.1990;0;1
SEVAHTIN;1;18.10.1973;1;0
MUHBAYETIN;1;1.02.1966;1;0
OZRET;1;26.08.1983;1;0
ERRESUL;1;13.07.1964;1;0
ALES;1;12.03.1947;1;0
HURALI;1;23.09.1961;1;0
AHMETERDI;1;7.02.1960;1;0
MUJDEGAR;1;8.12.1981;0;1
MUBELLAH;1;26.07.1931;0;1
NAZEYLI;1;12.02.1959;0;1
FIDAET;1;2.03.1976;0;1
AYTEREN;1;19.07.1949;0;1
YUPSERUN;1;22.01.1974;0;1
EHIDA;1;8.06.1959;0;1
VELAYTIN;1;3.04.1986;1;0
SEFEDE;1;5.06.1945;0;1
UBEYCAN;1;25.11.1954;0;1
PETRIYE;1;28.06.1971;0;1
EREDIN;1;14.03.1970;1;0
MUVVEZZER;1;22.08.1937;0;1
GULZHANAT;1;7.11.1977;0;1
NILFUR;1;27.02.1965;0;1
LUBAS;1;18.10.1966;0;1
NURAET;1;16.10.1973;0;1
MUZERREN;1;12.02.1959;0;1
AYINCI;1;24.10.1962;0;1
IKINAR;1;29.01.1952;0;1
FIDANKA;1;3.04.1977;0;1
HUDALIYE;1;30.2.1960;0;1
HABIDIN;1;19.01.1945;1;0
BIRSAFA;1;4.01.1992;1;0
MUZAYEDDIN;1;14.11.1941;1;0
IDAYETTIN;1;9.08.1952;1;0
BERSIM;1;22.03.1930;1;0
ZIYADER;1;15.04.1972;0;1
MULKEM;1;11.06.1963;0;1
UMMUZAT;1;16.06.1932;0;1
GULFERRA;1;6.02.1945;0;1
MESLAM;1;7.04.1945;0;1
SEHRIZADA;1;11.06.1962;0;1
SELVAH;1;28.07.1977;0;1
LITER;1;22.08.1937;0;1
DURANCE;1;13.02.1980;0;1
SERGUZEN;1;12.08.1929;0;1
SIYABENDER;1;7.02.1982;1;0
HAFIBE;1;12.01.1938;0;1
SABIYETTIN;1;6.05.1979;1;0
BAHATGUR;1;11.02.1969;1;0
MAHVIDE;1;26.11.1968;0;1
RUSDAN;1;21.02.1956;0;1
MAKRUZ;1;17.08.1924;0;1
MURABBA;1;23.02.1958;0;1
RUKZIYE;1;6.06.1940;0;1
RUSDEN;1;11.12.1973;1;0
TAKAT;1;26.08.1935;0;1
MISEN;1;18.11.1952;0;1
SERIFEZADE;1;1.04.1948;0;1
EMRIZADE;1;1.12.1947;0;1
MERDINAT;1;4.03.1972;1;0
MERELE;1;16.06.1946;0;1
GOGUNE;1;21.05.1958;0;1
MIHMANIYE;1;27.02.1938;0;1
NAZADEN;1;2.06.1951;0;1
BENOKAN;1;1.06.1961;0;1
SEHDAZE;1;13.03.1971;0;1
SECRIN;1;28.10.1987;0;1
GULHISER;1;27.02.1944;0;1
HIDAHIM;1;22.07.1971;1;0
SELAHMIYE;1;1.04.1959;0;1
RUHUYET;1;17.11.1974;0;1
HURIZAR;1;15.03.1941;0;1
MURADTIN;1;26.04.1946;1;0
BALKIZER;1;4.12.1952;0;1
KESMEHAN;1;2.02.1961;0;1
NEIS;1;16.04.1964;0;1
TAALIYET;1;27.08.1920;0;1
RUHINEZ;1;12.01.1964;0;1
TANEV;1;5.08.1981;1;0
EMIRHA;1;29.07.1952;0;1
TURENAY;1;27.05.1977;0;1
FERUNAZ;1;30.10.1950;0;1
JALENAZ;1;13.06.1974;0;1
KAGANAY;1;23.09.1991;1;0
BESMELE;1;27.08.1950;0;1
HUNSAL;1;27.03.1968;1;0
MAVIYET;1;11.06.1944;0;1
BEDUSA;1;26.08.1949;0;1
ELCOMERT;1;3.06.1941;1;0
MEHDIHA;1;19.02.1966;0;1
BAGKIYE;1;24.03.1974;0;1
IMMIAAN;1;1.10.1950;0;1
CEMSUT;1;29.04.1940;1;0
ULAHAN;1;23.02.1988;1;0
HUMMUGUL;1;11.02.1927;0;1
HAZIS;1;6.07.1966;1;0
HAYRUSSA;1;14.11.1964;0;1
JAHLE;1;1.01.1973;0;1
KUSURI;1;26.02.1967;1;0
YEGE;1;7.09.1981;1;0
YANKA;1;7.08.1947;0;1
FILIZAT;1;11.01.1951;0;1
MENIE;1;9.04.1950;0;1
HULER;1;17.03.1969;0;1
BALKANI;1;2.10.1981;1;0
OLCAYTUN;1;16.10.1962;1;0
MERZUDE;1;27.08.1952;0;1
FATUSAH;1;6.01.1941;0;1
PISSANA;1;17.05.1954;0;1
NADRE;1;30.03.1954;0;1
SENAYETIN;1;26.04.1951;1;0
EHTAN;1;4.05.1963;1;0
SELIDA;1;13.02.1965;0;1
GURFIDAN;1;23.05.1975;0;1
CEHVIYE;1;7.05.1970;0;1
MECMAS;1;3.06.1938;0;1
NAIGER;1;23.11.1956;0;1
SALIFER;1;23.02.1954;0;1
MEGBURE;1;29.12.1955;0;1
SEYYIAT;1;7.05.1946;1;0
EBATIN;1;7.06.1977;1;0
NESICE;1;25.11.1991;0;1
YULSEL;1;8.07.1940;0;1
CELVIE;1;2.08.1933;0;1
MUCHGUINAZ;1;4.02.1959;0;1
HACETIN;1;29.11.1961;1;0
AYBATIN;1;25.06.1961;1;0
RAHANY;1;27.08.1944;0;1
RAHNEY;1;11.09.1939;0;1
ASIMED;1;29.03.1956;0;1
KUGEY;1;7.09.1933;0;1
ZOREY;1;20.07.1943;0;1
ALTIK;1;16.04.1944;0;1
NEVDUHA;1;14.03.1971;0;1
HUGAY;1;17.08.1929;0;1
NATEY;1;7.08.1928;0;1
HATOZ;1;11.06.1925;0;1
GURCEY;1;8.10.1925;0;1
TOMU;1;18.03.1953;0;1
AHMETSONER;1;3.03.1990;1;0
ALTIS;1;15.04.1945;0;1
ATLANT;1;24.02.1955;0;1
ZULFUMAL;1;1.12.1970;0;1
DURAI;1;29.09.1948;1;0
MURDEM;1;11.12.1982;0;1
LUCILIA;1;15.02.1978;0;1
KOZIFE;1;29.06.1974;1;0
EFRAZIR;1;16.03.1949;1;0
HUBBET;1;13.05.1965;1;0
MAHBIBIYE;1;23.05.1961;0;1
BASINE;1;27.03.1968;0;1
UMMUBE;1;14.11.1971;0;1
CANSIL;1;9.02.1976;0;1
GAZIMUSA;1;4.12.1923;1;0
NEMCAN;1;16.05.1957;0;1
AGNISA;1;1.10.1971;0;1
FEYTHULLAH;1;23.01.1979;1;0
FINDEY;1;28.05.1959;0;1
MASUKAR;1;22.02.1973;0;1
VEYSELET;1;17.02.1960;0;1
HUTCCEY;1;27.08.1950;0;1
GAYRETE;1;15.06.1958;0;1
SEVEGUL;1;21.01.1961;0;1
MAHVERE;1;11.01.1938;0;1
MUVAY;1;4.11.1957;0;1
LUTFYE;1;11.04.1992;0;1
SEBAKI;1;29.08.1983;1;0
GULBELKIZ;1;3.05.1976;0;1
PUSNE;1;20.10.1953;0;1
ASLUHAN;1;10.03.1982;0;1
MAHISEBER;1;1.11.1973;0;1
BUYUKRAMAZAN;1;2.02.1957;1;0
ULKIYAN;1;7.02.1976;0;1
NUDYA;1;30.12.1959;0;1
MEMER;1;12.02.1959;0;1
TAYDE;1;26.11.1979;0;1
HELIMAN;1;26.06.1976;0;1
GULSEDAT;1;16.06.1951;0;1
MEKPUL;1;22.02.1967;0;1
KEKAN;1;11.02.1963;1;0
HAFFI;1;1.02.1961;0;1
NECMETTTIN;1;12.06.1982;1;0
MUZZEYAN;1;27.05.1974;0;1
KEDRET;1;6.10.1972;0;1
MUSEREFETTIN;1;26.11.1972;1;0
OZZEYYIR;1;27.12.1974;1;0
TAGITTIN;1;26.03.1973;1;0
MUMTANE;1;21.07.1972;0;1
GULSATIYE;1;26.06.1937;0;1
BOYBAGI;1;22.02.1955;1;0
CARIBE;1;2.08.1933;0;1
ADINI;1;7.08.1928;0;1
DAVSO;1;2.08.1933;1;0
PELINGUL;1;12.10.1990;0;1
BOZOG;1;2.08.1939;1;0
MUKAYYIF;1;22.02.1937;0;1
HAMOG;1;21.04.1958;1;0
MULI;1;2.07.1963;0;1
KAYACI;1;21.05.1983;1;0
MEMENE;1;2.08.1933;0;1
TEHNIY;1;20.08.1947;0;1
HUSEYIUN;1;3.02.1957;1;0
GUDUREL;1;11.02.1951;0;1
MEMETTURGUT;1;25.09.1936;1;0
MUZZAZI;1;24.04.1960;1;0
MUHFERRA;1;16.10.1964;0;1
AYSUSAM;1;15.08.1965;0;1
SAHALEM;1;18.03.1958;0;1
BUTTO;1;6.06.1975;1;0
AFFIFE;1;15.03.1965;0;1
GUZAYDA;1;26.05.1961;0;1
MIHTEDIM;1;14.01.1971;1;0
JITKOVA;1;13.04.1973;0;1
NUDSEL;1;23.07.1991;0;1
ILMIZAR;1;17.08.1924;1;0
BEKIRO;1;23.10.1928;1;0
ABDULMAYIP;1;12.02.1965;1;0
ZEBOV;1;18.06.1946;0;1
AZIYET;1;6.02.1980;0;1
KIRZ;1;19.03.1966;0;1
MESUHA;1;12.02.1965;0;1
VETALET;1;3.05.1969;0;1
SUHALEN;1;16.04.1971;0;1
BEHENUR;1;6.02.1960;0;1
EVRUZ;1;13.11.1981;0;1
NIHAIR;1;12.02.1971;0;1
GULEYFAR;1;22.02.1973;0;1
MAZHARIYE;1;2.02.1975;0;1
SUMEYME;1;23.06.1964;0;1
ILTIHAN;1;24.10.1934;0;1
UFLUNAZ;1;3.03.1957;0;1
DuRDANE;1;14.07.1953;0;1
DEREHAN;1;26.09.1990;0;1
EDHEMIYE;1;14.02.1955;0;1
KAYMACI;1;7.08.1934;1;0
TEDBIR;1;6.06.1975;0;1
EMMRAH;1;7.08.1988;1;0
PEPEY;1;21.06.1926;0;1
AGCELI;1;12.08.1943;0;1
MOHTUNE;1;21.12.1965;0;1
ERDALAY;1;11.03.1981;1;0
SIHBEG;1;17.05.1948;1;0
MINETOGLU;1;7.02.1958;1;0
MUTIF;1;1.05.1949;1;0
ILAMA;1;13.02.1935;0;1
MAHBURIZ;1;22.01.1971;0;1
ZULMIYET;1;1.05.1974;0;1
KADIROL;1;12.03.1952;1;0
PIRVANI;1;7.03.1969;1;0
TEVAHIL;1;6.12.1956;1;0
ELVAHIL;1;17.02.1972;1;0
SUGNIYE;1;20.05.1973;0;1
MEBNUNE;1;23.10.1956;0;1
CIHATHAN;1;30.2.1991;1;0
ZULGANIL;1;22.04.1971;1;0
HEFSIYE;1;18.11.1958;0;1
ALTIPARMAK;1;5.09.1939;1;0
KAZIMRIZA;1;12.06.1963;1;0
SELDET;1;2.02.1963;0;1
SALIHIHSAN;1;19.03.1948;1;0
NEHNI;1;13.04.1953;0;1
KATIPOGLU;1;21.04.1980;1;0
GULPU;1;2.02.1951;0;1
DETER;1;3.04.1942;0;1
KUTULIYE;1;24.05.1973;0;1
YURGEL;1;11.10.1974;0;1
MAHPEYRUZ;1;27.02.1968;0;1
NURGUL.;1;19.02.1976;0;1
CEZIMUR;1;24.05.1970;0;1
MADDETTIN;1;13.02.1956;1;0
REFIKAY;1;10.03.1962;0;1
REKIFA;1;24.07.1966;0;1
FEVLIYA;1;12.03.1977;0;1
VETFO;1;15.09.1940;0;1
MESUMI;1;21.11.1980;1;0
RUHTE;1;29.01.1956;0;1
MEMGULI;1;7.04.1976;1;0
SAAADET;1;17.06.1972;0;1
MUSAMA;1;3.04.1969;0;1
SAYISTA;1;5.03.1971;0;1
MEVZU;1;22.01.1931;1;0
SULEYDAM;1;22.03.1955;0;1
CANHUDE;1;21.09.1978;0;1
ABDULVAHITTIN;1;7.08.1934;1;0
SEMSUPANI;1;22.02.1967;0;1
MUCAHADDIN;1;27.02.1956;1;0
UMMUGUSU;1;27.02.1950;0;1
ERHALIL;1;9.03.1975;1;0
RAHIYA;1;1.07.1968;0;1
IMSEN;1;10.08.1945;0;1
MUTASIN;1;22.02.1979;1;0
MEHETDET;1;6.11.1959;0;1
TUNAHANC;1;12.02.1983;1;0
FENSURNE;1;18.10.1985;0;1
MUKADDIME;1;27.01.1974;0;1
SERUME;1;12.02.1953;0;1
HUMMETULLAH;1;29.03.1968;1;0
NEBUHAT;1;18.03.1960;0;1
ISLIMGULERMAN;1;22.03.1974;0;1
CAYSE;1;1.11.1979;0;1
TURANDEDE;1;28.04.1946;1;0
DIRGEC;1;24.07.1991;1;0
MUTAZ;1;22.05.1976;1;0
NAYI;1;7.02.1958;0;1
HASMIR;1;27.07.1956;1;0
HAMAYIN;1;23.08.1949;0;1
MEHMETSURUR;1;26.10.1985;1;0
SAZMI;1;18.11.1956;0;1
FEKIR;1;17.11.1954;1;0
GUMSAHAN;1;6.12.1990;0;1
YARAN;1;1.08.1981;0;1
BEDRIYENAZ;1;8.09.1991;0;1
UNALCAN;1;21.09.1991;1;0
UTIL;1;16.07.1979;0;1
MIHLANTIK;1;7.02.1970;0;1
COCUK;1;23.01.1970;1;0
ZIYUDDIN;1;2.02.1975;1;0
GOKUSA;1;13.03.1971;1;0
AYASAN;1;22.05.1979;0;1
YAZGULE;1;16.04.1975;0;1
GOKBENI;1;6.05.1978;0;1
HAMDINUR;1;3.03.1933;0;1
SAHIBEN;1;26.05.1977;0;1
GULKO;1;7.02.1958;0;1
DALTAN;1;26.12.1981;0;1
MAHSURNI;1;13.04.1970;1;0
COLLOV;1;27.01.1963;1;0
ORKAC;1;6.02.1979;1;0
BENDIHA;1;17.04.1972;0;1
DINEZET;1;22.10.1979;0;1
TAT;1;24.03.1978;0;1
TAGDIR;1;22.11.1955;1;0
INAZIYE;1;6.03.1968;0;1
CEVRAIL;1;27.02.1968;1;0
AYIDEN;1;29.09.1971;1;0
CANTURE;1;12.04.1965;0;1
MIMIY;1;17.08.1930;0;1
MAPUBER;1;2.03.1957;0;1
CUMAREZ;1;12.02.1959;0;1
GUDSIYE;1;12.02.1966;0;1
BERHAMI;1;27.04.1956;1;0
AZED;1;16.10.1989;0;1
FEYADIN;1;19.07.1959;1;0
ZIRVAIK;1;12.08.1929;0;1
TANZIFE;1;1.06.1956;0;1
YARBEY;1;2.02.1987;1;0
ISPARAALP;1;14.03.1978;1;0
MAGLAT;1;2.08.1933;0;1
NEZENGIL;1;26.04.1955;0;1
MUHSEREN;1;22.02.1967;0;1
EBEYDIN;1;30.07.1962;1;0
HULYATE;1;7.02.1970;0;1
MABBALE;1;21.05.1963;0;1
SEBILEGUL;1;22.02.1967;0;1
SEYHATI;1;22.02.1967;1;0
SERHUS;1;30.07.1948;0;1
TENKURE;1;19.11.1931;0;1
SAVRUNAY;1;2.02.1975;0;1
GUVENBEY;1;28.10.1967;1;0
AYYOS;1;1.01.2001;0;1
FEDIN;1;16.10.1955;0;1
NURZIT;1;23.10.1950;0;1
ISAMIN;1;24.09.1972;1;0
KEMALEN;1;19.01.1971;0;1
BELMUREN;1;26.10.1966;0;1
SERABA;1;22.08.1983;0;1
GOKGEN;1;27.01.1980;1;0
OLUNAY;1;16.03.1968;1;0
UYEYNE;1;14.06.1970;1;0
ZAFEN;1;2.10.1957;0;1
SUUILE;1;14.02.1970;0;1
GULMUVEDDET;1;22.03.1973;0;1
HIMEYCE;1;3.03.1963;0;1
UPEK;1;10.02.1964;0;1
RIHAYE;1;21.06.1977;0;1
FINE;1;5.06.1972;0;1
MIDAD;1;16.08.1966;1;0
RUHUZAN;1;2.08.1945;0;1
LALAPURUZ;1;21.02.1954;0;1
NUFUBE;1;17.12.1965;0;1
MATUS;1;7.11.1946;0;1
TEFERNUS;1;7.02.1958;0;1
VILYAR;1;1.08.1962;0;1
HERSEVEN;1;27.02.1962;1;0
SAPDER;1;11.10.1954;0;1
DENS;1;22.02.1961;0;1
BENSET;1;17.02.1960;1;0
SOMO;1;22.02.1979;1;0
CUNEYTE;1;10.08.1960;0;1
ZULFEY;1;9.08.1934;0;1
SUVEYDAM;1;4.10.1977;0;1
AKINUR;1;10.07.1979;0;1
SAZILIYE;1;27.02.1950;0;1
KERBE;1;13.11.1953;1;0
LOSTAHAN;1;17.08.1930;0;1
GURBIC;1;26.05.1953;0;1
KUREYSET;1;13.11.1989;0;1
ROZKAR;1;6.08.1978;0;1
FILSEN;1;7.02.1970;0;1
IJLALE;1;6.11.1960;0;1
MEHMETHADIN;1;3.09.1980;1;0
ZIL;1;22.08.1925;0;1
MENDOLI;1;21.06.1940;0;1
MALUH;1;13.06.1958;0;1
IZULLAH;1;26.04.1972;1;0
NILFIDE;1;18.02.1972;0;1
FEYYAN;1;21.02.1965;1;0
NESTURE;1;27.03.1974;0;1
PERVERI;1;14.05.1935;0;1
AKKONAKLI;1;23.07.1966;1;0
NURULLAN;1;1.06.1991;1;0
BILTAZE;1;3.09.1957;0;1
ALTIGOZ;1;2.03.1967;1;0
HUDAIYI;1;28.11.1969;1;0
MERUME;1;12.08.1929;0;1
ADIKUL;1;7.08.1922;1;0
YURDANURAL;1;12.02.1953;0;1
SAGDICE;1;6.10.1980;0;1
TERKINDE;1;17.08.1942;0;1
PULSAL;1;12.08.1941;0;1
FATMAYURDAGUL;1;9.11.1971;0;1
SIHMARIF;1;16.06.1949;1;0
HISEDAR;1;26.07.1972;0;1
MENSARE;1;12.02.1951;0;1
MEFADI;1;17.02.1958;1;0
PEYFER;1;16.10.1959;0;1
PERDAL;1;22.02.1967;0;1
SEKIZE;1;7.08.1928;0;1
FEDARETTIN;1;17.02.1960;1;0
BAHDET;1;7.02.1964;1;0
OZYORUK;1;7.09.1970;1;0
VAHRILISAN;1;1.02.1960;0;1
MOFIDE;1;27.02.1956;0;1
HAYLANUR;1;28.11.1946;0;1
VAHDANET;1;2.02.1957;0;1
M.HAZRET;1;17.02.1942;1;0
MURAKKAZ;1;27.07.1949;0;1
AYNAOMERDIYE;1;22.02.1967;0;1
NEPBE;1;18.03.1936;0;1
SAHHANDER;1;6.06.1980;0;1
UZERSAH;1;22.02.1985;1;0
TESLIYE;1;22.08.1937;0;1
SAZENUC;1;22.01.1969;1;0
UMMUDURSUN;1;4.03.1945;0;1
HAFRETTIN;1;8.03.1934;1;0
SITALI;1;2.02.1957;1;0
MURDEGUL;1;7.02.1952;0;1
IZAAT;1;4.03.1952;0;1
GEMSE;1;14.08.1941;0;1
MULLAHACI;1;1.02.1936;1;0
HABBALI;1;12.07.1929;0;1
BEYMAZE;1;4.03.1942;0;1
HADET;1;12.02.1927;0;1
DILBO;1;17.08.1924;0;1
HAYRANDA;1;28.04.1962;0;1
MUCABE;1;8.12.1943;0;1
KEJJIY;1;19.02.1938;0;1
FIKIRLI;1;1.06.1944;0;1
DULAFER;1;12.01.1976;1;0
NEVINSE;1;20.01.1975;0;1
UREYNE;1;4.05.1968;0;1
SEHRIDIL;1;11.01.1928;0;1
HAYIRLISE;1;9.03.1950;0;1
NURTAMIN;1;30.01.1973;0;1
EFEN;1;7.10.1958;1;0
KUFFEY;1;2.08.1927;0;1
LAHIR;1;17.11.1964;1;0
MUTEVIT;1;13.01.1963;1;0
VECAHA;1;12.03.1935;0;1
EYHANI;1;22.02.1955;0;1
YILDRIM;1;15.04.1992;1;0
SUKRANETTIN;1;3.05.1967;1;0
SADUMAR;1;7.02.1970;0;1
SERDARE;1;27.08.1926;0;1
MUBEYME;1;11.08.1988;0;1
SARDANE;1;6.12.1972;0;1
MEFRUAT;1;12.03.1959;0;1
NACADE;1;16.06.1928;0;1
SABAHANUR;1;19.02.1990;0;1
RRAHIME;1;27.05.1956;0;1
NARILLA;1;22.05.1964;0;1
YUNIFE;1;22.02.1967;0;1
HUBEYIK;1;30.2.1978;1;0
NESABI;1;16.07.1958;0;1
DIRAJE;1;6.09.1985;0;1
SEMAHAGUL;1;28.04.1968;0;1
OZMINIRE;1;12.02.1956;0;1
BENZUHRE;1;4.04.1963;0;1
NEZANGUL;1;21.06.1964;0;1
MIRHICAN;1;23.11.1973;0;1
DURCA;1;7.04.1974;0;1
SEMIRTAY;1;23.05.1968;1;0
MEMURHAN;1;22.08.1919;0;1
TIJLA;1;8.02.1964;0;1
MEHMETDIP;1;1.02.1943;1;0
NAYISA;1;17.11.1959;0;1
TAKIDE;1;1.02.1928;0;1
HAKANA;1;28.03.1991;1;0
SUMBULIYE;1;2.04.1951;0;1
ZAIDIYE;1;27.11.1968;0;1
SEMYEDDIN;1;7.02.1958;1;0
KAYZIM;1;14.07.1956;1;0
KUBULEYHAN;1;1.04.1959;1;0
HULUZER;1;3.10.1987;0;1
KENKER;1;2.03.1963;1;0
URSULAY;1;27.07.1974;0;1
GOKYIGIT;1;15.03.1977;1;0
MINTEZIME;1;4.04.1967;0;1
EZMER;1;17.02.1960;0;1
HEMIDEHAN;1;1.01.1944;0;1
NILUFUR;1;13.09.1971;0;1
ERGULNAR;1;26.03.1966;0;1
HATICIK;1;13.06.1975;0;1
RECEPAY;1;27.06.1950;1;0
LISLAN;1;19.04.1941;1;0
NIZEMMETTIN;1;12.04.1971;1;0
FATMASENGUL;1;5.01.1947;0;1
NEVSEHER;1;30.10.1953;0;1
KORKUT.KAGAN;1;8.02.1985;1;0
BALHUN;1;30.04.1991;0;1
CEHHUN;1;24.05.1973;1;0
TAKACAN;1;13.01.1964;0;1
HUSEMIYE;1;23.10.1961;0;1
NURMES;1;6.04.1969;0;1
SERAPZEHRA;1;21.11.1991;0;1
SUPILE;1;12.06.1961;0;1
USMEHAN;1;26.05.1947;0;1
LEVGUN;1;18.10.1965;0;1
MESLIYET;1;12.02.1953;0;1
GULAFRUZ;1;22.05.1973;0;1
TEBHIDE;1;16.09.1974;0;1
YAYLACICEGI;1;12.10.1971;0;1
SAHINPER;1;16.09.1982;1;0
SUZIER;1;5.05.1980;1;0
BILKEM;1;26.11.1983;0;1
ISMIM;1;23.03.1969;0;1
MEMETVAYSI;1;12.09.1981;1;0
NERBI;1;7.08.1934;0;1
SAZENIN;1;21.04.1965;0;1
PEYNAN;1;9.09.1962;0;1
SEYHALDIN;1;22.02.1955;1;0
ESENDIL;1;2.06.1976;0;1
SENEYET;1;26.05.1984;0;1
RAMAZANERMAN;1;8.12.1977;1;0
MUCCEL;1;13.05.1962;0;1
FEHRUZA;1;7.12.1958;0;1
NELSUME;1;29.07.1958;0;1
SEFIKCAN;1;20.04.1990;1;0
FARSID;1;7.10.1972;1;0
ONAYIM;1;8.03.1952;0;1
RAHNUR;1;28.05.1968;0;1
ALULAZIM;1;29.03.1962;1;0
SECDI;1;14.09.1970;1;0
VEHITULLAH;1;25.03.1969;1;0
DURVEL;1;26.06.1960;0;1
A.YILMAZ;1;29.02.1956;1;0
KHAIRY;1;13.12.1971;1;0
MELEKBEGUN;1;13.06.1976;0;1
WOUTER;1;27.01.1968;1;0
ERDALAN;1;5.08.1986;1;0
NEVSERI;1;7.07.1952;0;1
KUDVEDIN;1;8.12.1960;1;0
DEYSIM;1;16.09.1989;1;0
KEFSIRE;1;17.07.1961;0;1
ASHLEY;1;26.02.1987;0;1
GURSUER;1;9.07.1951;1;0
YUSUFINA;1;12.12.1929;0;1
FAIZZETTIN;1;17.05.1946;1;0
GANDIRIYE;1;16.01.1969;0;1
NECAS;1;12.08.1945;0;1
FILCANI;1;24.04.1984;1;0
GUNELAY;1;22.02.1973;0;1
ADNUBANU;1;16.08.1981;0;1
WOUTES;1;27.01.1968;1;0
ELIFNAZLI;1;3.08.1989;0;1
MURTIZE;1;8.09.1970;0;1
BIRKIN;1;27.04.1990;0;1
MIRAYCAN;1;9.09.1990;0;1
DILSAAD;1;12.02.1977;0;1
BEHERIN;1;1.06.1961;0;1
NUFYAR;1;17.05.1966;1;0
ZEVADIL;1;22.07.1955;1;0
GULHEVAL;1;15.12.1983;0;1
PALATIN;1;17.08.1940;1;0
EZBA;1;8.11.1982;0;1
BELGUM;1;25.04.1981;0;1
LEZZIN;1;20.05.1982;1;0
MUTEYME;1;5.07.1975;0;1
HADIP;1;11.04.1951;1;0
ZOHUDE;1;2.02.1963;0;1
YULDURHAN;1;7.05.1964;1;0
SIDDIG;1;7.02.1964;1;0
CEMILCAHIT;1;11.01.1959;1;0
CIBIR;1;7.04.1957;1;0
BERGOZER;1;6.10.1941;0;1
GABY;1;23.10.1973;0;1
KYMBAT;1;2.02.1977;0;1
CUMALA;1;21.05.1969;0;1
YILDIRIMER;1;3.05.1975;1;0
NIYE;1;22.06.1960;0;1
M.MUHUDDIN;1;6.06.1935;1;0
SULFAN;1;22.06.1963;0;1
KUSEYMA;1;7.02.1956;0;1
TOPLUKAN;1;19.02.1959;0;1
SIHHATINUR;1;14.06.1959;0;1
TUNASEL;1;17.06.1960;1;0
APDULLAHI;1;3.03.1966;1;0
GULBAGEN;1;2.03.1967;0;1
DILRIBA;1;3.04.1977;0;1
IRTAN;1;12.12.1977;1;0
NURFUDAY;1;21.09.1976;0;1
ILBAYA;1;1.09.1948;1;0
FERUDUL;1;11.05.1956;1;0
EYUPNUR;1;2.09.1968;1;0
HUMIYRA;1;27.02.1950;0;1
UNSAT;1;20.03.1974;1;0
GULHUSRAN;1;13.04.1963;0;1
EMSAY;1;13.09.1981;0;1
ESAFI;1;6.12.1955;1;0
SONGAY;1;2.08.1957;1;0
FATMASEL;1;26.04.1946;0;1
SULHHI;1;1.10.1981;1;0
MUZUCET;1;23.11.1933;0;1
BULUCHAN;1;15.08.1991;1;0
TAYGUT;1;18.01.1971;1;0
ENDRY;1;27.09.1978;0;1
IPTADE;1;28.06.1974;0;1
BELNAY;1;12.04.1939;0;1
FETEYNA;1;16.01.1977;0;1
CAMGUL;1;6.12.1975;0;1
CELLAKE;1;7.02.1952;0;1
ZIHNIVAR;1;12.11.1941;0;1
MENEMENCI;1;5.03.1972;1;0
CAGLE;1;7.11.1970;0;1
GULUGSE;1;14.11.1951;0;1
EJMAYIN;1;16.04.1970;1;0
NACIDIYE;1;26.05.1954;0;1
TIPBIYE;1;22.03.1967;0;1
MIYEDDIN;1;12.06.1961;1;0
GUZIHA;1;12.02.1953;0;1
GIZIN;1;20.10.1961;0;1
ESBIR;1;28.12.1974;1;0
SUPHANA;1;10.05.1964;0;1
UCHAL;1;6.12.1971;1;0
GAYIZ;1;27.02.1950;1;0
ALIKUTAY;1;26.03.1975;1;0
FERKUNDE;1;17.08.1942;0;1
VISNAT;1;2.10.1955;0;1
JILDIZKAN;1;23.05.1963;0;1
ERDIZ;1;21.05.1971;1;0
SUPCIN;1;4.11.1991;0;1
MARELLA;1;7.03.1970;0;1
BERETNA;1;7.02.1976;0;1
SUHBIYE;1;27.03.1952;0;1
KEMEHRAN;1;23.03.1947;0;1
ERSOYTAN;1;13.09.1974;1;0
TERESE;1;30.07.1975;0;1
SEVDANESE;1;12.01.1971;0;1
YILBAN;1;15.07.1939;0;1
SUCUDA;1;17.03.1966;0;1
ZENZILE;1;2.02.1945;0;1
AKATLI;1;16.07.1966;1;0
TESHUZE;1;2.02.1957;0;1
ESATMAHMUT;1;1.09.1961;1;0
ESAFILKEF;1;27.09.1980;1;0
AVNEDDIN;1;13.03.1965;1;0
SMENTA;1;7.12.1976;0;1
RUHAYME;1;1.02.1962;0;1
ADDUBAMI;1;3.08.1957;0;1
CANSURIYET;1;22.04.1943;0;1
HUBYER;1;3.12.1976;0;1
SUHEYYUP;1;29.05.1943;1;0
HASAYA;1;21.05.1939;0;1
NIREZ;1;24.07.1982;0;1
ESSAMED;1;19.05.1972;1;0
BUTUFE;1;22.02.1955;0;1
CENKANIL;1;21.02.1971;1;0
TERCIHA;1;2.07.1963;0;1
FETDANE;1;7.04.1964;0;1
CUVER;1;7.01.1952;1;0
FECIL;1;8.08.1979;0;1
DILAG;1;6.12.1986;0;1
UZEYFER;1;24.01.1973;1;0
MEBCAN;1;6.04.1968;0;1
FILAL;1;21.05.1971;1;0
SEMAYIN;1;8.11.1974;0;1
HILALSAH;1;4.02.1982;0;1
EZGEL;1;22.03.1970;1;0
YENGISU;1;30.06.1986;0;1
M.MURSIT;1;5.10.1974;1;0
NICHEL;1;1.12.1984;0;1
ALTUGAN;1;23.01.1991;1;0
GULSUNNUR;1;18.06.1973;0;1
BIBIMAHKEM;1;12.08.1929;0;1
NACDE;1;19.07.1948;0;1
EHIZEN;1;7.03.1974;0;1
NURKABI;1;14.02.1992;0;1
MURGUN;1;7.02.1967;0;1
FARUC;1;7.02.1964;1;0
GUMSIHAN;1;20.08.1979;0;1
KUBUL;1;27.06.1970;1;0
TEBIA;1;10.02.1945;0;1
MEVEDET;1;19.03.1949;0;1
ESTIN;1;29.08.1983;0;1
BEZMINE;1;16.05.1955;0;1
EMIRLER;1;7.02.1964;1;0
CUPITER;1;22.02.1967;0;1
BEYATEN;1;29.09.1958;0;1
UJLAY;1;1.01.1961;0;1
ZAGFIRAN;1;13.04.1939;0;1
SEAVI;1;11.06.1938;1;0
SAMIER;1;3.09.1953;1;0
RUTBAY;1;21.09.1953;0;1
ILIMIYE;1;4.02.1950;0;1
BINDEBIR;1;1.03.1953;1;0
VASVADDIN;1;4.05.1971;1;0
ZELILHAY;1;22.02.1965;0;1
KERIMUDDIN;1;1.02.1960;1;0
MIHIRICAN;1;9.10.1975;0;1
ERIMCAN;1;29.04.1992;1;0
SANBERK;1;27.09.1990;1;0
DULCEN;1;18.06.1959;0;1
TEVDEST;1;2.08.1921;0;1
KAMIRHAN;1;17.12.1970;1;0
TERCIK;1;27.06.1950;1;0
SAHURRE;1;1.04.1961;0;1
AFIHAN;1;14.06.1980;0;1
MESUDEYE;1;1.05.1945;0;1
ELAHITTIN;1;9.04.1958;1;0
GUNGORLU;1;17.12.1942;0;1
DIDERAN;1;7.04.1976;0;1
GULHIBE;1;16.05.1953;0;1
IZAZ;1;16.10.1974;0;1
SUYUMKUL;1;6.07.1970;0;1
TULINE;1;26.08.1989;0;1
MUTASUP;1;4.04.1961;1;0
URUNAZ;1;26.11.1956;0;1
AFERALI;1;21.06.1962;1;0
TIINCE;1;14.01.1988;0;1
BEHAYIDDIN;1;22.02.1955;1;0
DEMGULEN;1;26.07.1965;0;1
BELTEN;1;11.12.1989;0;1
EFILDER;1;1.04.1952;0;1
BEKIROKTAY;1;11.10.1941;1;0
BELHINUR;1;14.04.1959;0;1
MUCRA;1;1.08.1972;0;1
MERUSTE;1;2.08.1945;0;1
SONSARAY;1;26.02.1963;0;1
TURFAY;1;7.07.1970;1;0
FEYHANT;1;16.08.1968;1;0
GIRGEY;1;15.08.1975;1;0
KENADIN;1;11.07.1971;1;0
NURAYBIKE;1;4.05.1984;0;1
DUYMAZ;1;14.03.1951;1;0
ALICAT;1;2.06.1945;1;0
AGAHCUMA;1;21.07.1984;1;0
EFAT;1;21.01.1989;1;0
FIRGUL;1;12.04.1966;0;1
SUMEYIRA;1;22.01.1988;0;1
SEHRENAN;1;2.07.1962;0;1
SAFUREGUL;1;12.06.1969;0;1
GUNRAL;1;22.10.1972;0;1
UMMUMULU;1;16.07.1970;0;1
CULYAR;1;27.09.1981;1;0
SELCUKALI;1;12.12.1987;1;0
HIBAYET;1;2.02.1957;0;1
ECIMER;1;27.08.1932;0;1
MARZ;1;6.04.1969;0;1
KUDBIZADE;1;26.12.1981;1;0
IFTADER;1;28.03.1962;0;1
MECITCAN;1;11.03.1988;1;0
ASANAY;1;17.03.1941;1;0
HASPETTIN;1;5.12.1961;1;0
ASPITIN;1;16.10.1959;1;0
DEYRABI;1;16.05.1957;1;0
MEMLIHA;1;27.02.1992;0;1
KUBRACAN;1;26.03.1992;0;1
ALPDEGER;1;22.02.1973;1;0
IMHAR;1;16.12.1986;1;0
OZYA;1;19.02.1972;1;0
GOKSELIKIZ;1;20.05.1971;1;0
EMRIGE;1;10.11.1959;0;1
MEKEBEN;1;12.02.1971;0;1
OZERIN;1;1.03.1962;0;1
ALGEN;1;25.10.1962;0;1
BISTAMI;1;14.02.1971;1;0
HALIMRAHMAN;1;7.02.1988;1;0
HANDISE;1;21.12.1987;0;1
NEVAHI;1;17.11.1945;0;1
ERBESIT;1;1.06.1955;1;0
MAHIMURE;1;14.03.1973;0;1
TANRIOVER;1;3.12.1943;1;0
TALIHAY;1;11.08.1989;0;1
RUGEL;1;17.01.1961;0;1
PULUZA;1;3.03.1975;0;1
SONKUL;1;22.02.1961;0;1
IHLASIYE;1;6.06.1964;0;1
GULSAHEN;1;17.07.1987;0;1
FINDIDA;1;12.05.1971;0;1
VAHIDEN;1;2.04.1957;0;1
MIDDIYE;1;12.03.1975;0;1
RETIHA;1;7.10.1980;0;1
AYZEL;1;27.02.1962;0;1
CUMALICAN;1;5.11.1979;1;0
TEZKAR;1;21.12.1940;0;1
SAVERGUL;1;29.08.1961;0;1
DUNUYAZ;1;23.12.1946;0;1
NURDOGMUS;1;16.06.1973;0;1
YETKE;1;15.02.1979;0;1
SIDDIH;1;6.02.1945;0;1
SEVINDAL;1;7.09.1970;0;1
CEMOKTAY;1;9.03.1961;1;0
CEYBA;1;2.08.1933;0;1
ADEMAY;1;20.09.1979;1;0
ALEVNECIBE;1;30.10.1980;0;1
FETTAHKERIM;1;23.03.1972;1;0
ZEVIL;1;1.02.1972;0;1
HUSAT;1;2.08.1933;0;1
BEKIRZISAN;1;29.04.1967;1;0
CERRECI;1;21.10.1952;1;0
SAHRIYA;1;16.04.1974;0;1
NURILSIMA;1;2.02.1939;0;1
EZBIDE;1;6.09.1969;0;1
NURMAHIRE;1;1.11.1949;0;1
SEFERAY;1;18.02.1972;1;0
SEBEHATULLAH;1;19.03.1982;1;0
ABDULCABPAR;1;6.12.1972;1;0
EJLA;1;26.11.1969;0;1
SIBLO;1;13.01.1933;1;0
ASLITURK;1;25.06.1979;0;1
NEFIHE;1;22.02.1955;0;1
FAYAL;1;12.05.1961;0;1
SIMONU;1;30.04.1971;0;1
GUNESDEN;1;4.07.1989;1;0
BEYSUM;1;24.10.1961;0;1
AYMALHAYAT;1;16.11.1965;0;1
SUVEDIYE;1;3.03.1961;0;1
NURISEBA;1;2.08.1951;0;1
GAHIRE;1;22.02.1986;0;1
UYTAN;1;8.04.1949;1;0
SONSUR;1;12.07.1983;0;1
OKRETTIN;1;27.02.1938;1;0
ZIRRIN;1;27.02.1962;0;1
A.GUL;1;3.03.1969;0;1
AMILET;1;26.02.1949;0;1
F.GULUMSER;1;16.11.1959;0;1
FATIHMURAT;1;4.03.1959;1;0
DESTAMI;1;22.05.1973;1;0
GUREYYA;1;22.06.1985;0;1
DILAVET;1;1.10.1979;1;0
HUNDI;1;24.03.1974;0;1
SUENDEN;1;12.02.1965;0;1
NUGRA;1;5.10.1983;0;1
HANGAZI;1;2.02.1951;1;0
MAVRUDIYE;1;2.10.1963;0;1
MIRIALEM;1;9.05.1958;1;0
HAYRINNUR;1;6.05.1927;0;1
KONCIFER;1;28.04.1962;0;1
SEDERETTIN;1;3.07.1982;1;0
H.ALPER;1;28.09.1979;1;0
SERGENDA;1;4.11.1976;1;0
ESSEF;1;21.02.1958;1;0
BEHTISEN;1;18.08.1965;0;1
APDULHALIM;1;22.04.1967;1;0
KUTFEDI;1;22.02.1967;1;0
AYDIYER;1;30.03.1957;0;1
GURBUZALI;1;16.05.1960;1;0
HAYTE;1;27.12.1962;0;1
VADDUHA;1;7.02.1964;0;1
AYSERDER;1;22.02.1961;0;1
ANTEBIYE;1;10.04.1964;0;1
URUFNAZ;1;9.09.1952;0;1
YOYLU;1;1.01.1958;1;0
MIKAIR;1;27.02.1968;1;0
CANSURER;1;17.08.1983;0;1
MUDABI;1;27.08.1980;1;0
HANCEL;1;1.03.1956;0;1
MAHADE;1;1.11.1948;0;1
NEVINDAL;1;9.10.1973;0;1
VEDAIR;1;5.02.1991;1;0
AFEET;1;26.01.1980;0;1
ZURGARNE;1;16.11.1964;1;0
SERCAIL;1;7.12.1952;1;0
SEHRAZAR;1;24.02.1985;0;1
BRIEGE;1;11.12.1983;0;1
DAMRAH;1;21.12.1990;1;0
MABRIKE;1;19.03.1945;0;1
ERNEGI;1;17.04.1960;1;0
MUTDAMIL;1;27.02.1956;1;0
VEDAG;1;9.12.1980;0;1
UMUSELAM;1;17.05.1980;0;1
SEYFILLAH;1;29.03.1950;1;0
KAVIMET;1;27.04.1956;0;1
UMULCAN;1;26.05.1982;0;1
SERENALI;1;13.12.1981;1;0
MELLIK;1;21.05.1971;0;1
ZEHEDE;1;13.04.1957;0;1
HILIMAGA;1;12.08.1923;1;0
SELVRE;1;7.05.1964;0;1
USTUNCE;1;27.02.1962;0;1
YAGSAMET;1;16.06.1983;1;0
BAHTIVAR;1;8.09.1952;0;1
MUDAFAA;1;3.05.1961;1;0
RECALIM;1;22.03.1967;1;0
BOZTAMI;1;17.02.1978;1;0
BULGUZAR;1;2.03.1963;0;1
ERKANLI;1;16.11.1970;1;0
TECEATTIN;1;20.12.1978;1;0
FIGIRAN;1;1.10.1978;0;1
LULUS;1;19.02.1978;0;1
MUHUBBER;1;17.02.1960;0;1
SARIYYE;1;22.12.1991;0;1
OZUCAN;1;4.06.1942;0;1
NUHRAMAZAN;1;1.09.1988;1;0
EBILHIDA;1;22.11.1943;1;0
H.ABDIL;1;12.02.1953;1;0
NAZHIME;1;17.08.1930;0;1
CEZAMIR;1;1.10.1955;1;0
SULUFEYLA;1;27.07.1962;0;1
RUFKUYE;1;11.06.1970;0;1
MECBUREH;1;16.08.1971;0;1
BUFARI;1;22.03.1973;1;0
MEHRIL;1;23.05.1967;0;1
MENDIF;1;11.01.1963;1;0
MUSUREF;1;29.01.1985;1;0
GOYSEN;1;2.02.1981;0;1
SADIBEZ;1;15.06.1948;0;1
ABDULRIYAK;1;18.05.1947;1;0
RAGIBIYE;1;27.05.1974;0;1
CUHUYE;1;11.06.1944;0;1
SEMMALI;1;17.08.1930;1;0
GULTAHRI;1;13.11.1955;0;1
MUKAFFEL;1;2.03.1965;1;0
ELHAC;1;27.08.1926;1;0
ADVITTIN;1;12.08.1941;1;0
ABDULKUDDIS;1;22.01.1991;1;0
YABARI;1;11.03.1986;1;0
ILAHIME;1;22.03.1967;0;1
BEHDET;1;17.02.1966;0;1
CINIBEKIR;1;17.10.1955;1;0
ZULVIYA;1;24.01.1983;0;1
YABARIK;1;11.04.1987;1;0
MUNHERIYE;1;21.05.1965;0;1
SIDALET;1;12.02.1947;0;1
NUZIHE;1;17.01.1928;0;1
KAMERIYYE;1;21.04.1944;0;1
DUNNAMIL;1;1.02.1954;1;0
AHMETHIDAYETULLAH;1;1.03.1925;1;0
EMRARE;1;11.06.1990;0;1
SAHSIBEN;1;4.05.1943;0;1
MULUVER;1;2.12.1969;0;1
TAREN;1;22.08.1937;0;1
GULENBI;1;16.02.1957;0;1
SEZEGEN;1;12.12.1965;1;0
TURRUL;1;2.02.1987;1;0
AMDERAS;1;20.11.1983;1;0
CELVER;1;26.04.1965;0;1
NUIBE;1;17.03.1972;0;1
SURAFIYE;1;22.02.1961;0;1
SEFEIHA;1;3.04.1955;0;1
NUSHAL;1;8.06.1974;0;1
NAMIT;1;21.07.1969;1;0
NILHAL;1;8.02.1981;0;1
YUREN;1;16.08.1940;0;1
LIDAL;1;6.08.1984;1;0
MIHRIBEN;1;27.02.1968;0;1
GUNILLA;1;14.12.1981;0;1
NERKIZET;1;24.04.1949;0;1
GULICEN;1;28.01.1985;0;1
SEYBEN;1;14.03.1973;0;1
HURSELAHATTIN;1;8.06.1959;1;0
SAHDIRIM;1;13.01.1981;0;1
ARTI;1;4.08.1977;1;0
MO;1;16.11.1975;0;1
NAHINAR;1;2.02.1957;0;1
CUMALIM;1;28.01.1991;1;0
LINDAHAN;1;19.12.1987;0;1
BAYIRGULU;1;1.04.1973;0;1
HASNURI;1;7.03.1964;1;0
TACINAZ;1;21.07.1947;0;1
SENCIL;1;5.02.1969;0;1
HICABIMENRES;1;11.08.1955;1;0
MEHBEKE;1;17.02.1948;0;1
HOZAT;1;30.11.1950;0;1
ESRAYIM;1;2.02.1945;0;1
HAYIFI;1;18.06.1967;0;1
NEHICAN;1;1.02.1934;0;1
ACARNAZ;1;10.05.1939;0;1
ABDURRAYIF;1;25.06.1971;1;0
EMIRSEN;1;12.02.1965;0;1
E.CENNET;1;2.04.1933;0;1
CEMAZEN;1;26.02.1958;0;1
SUNAFEL;1;4.05.1953;0;1
HUSEYRE;1;10.02.1969;0;1
GECO;1;17.02.1978;0;1
MEKBARI;1;7.05.1952;0;1
TERCA;1;21.11.1963;0;1
SEBAVER;1;7.02.1952;0;1
SUBELGIN;1;24.05.1977;0;1
FILIZKAR;1;17.08.1930;0;1
MUBEC;1;7.02.1964;0;1
HAKANHAN;1;27.07.1974;1;0
HAZIRETI;1;20.02.1978;1;0
NIRREM;1;3.11.1984;0;1
CEYDABETUL;1;17.03.1983;0;1
SUBEYNE;1;16.03.1965;0;1
BAGNAZ;1;12.10.1978;0;1
AKLUME;1;6.08.1984;0;1
SERIFULLAH;1;17.08.1936;1;0
MUREYE;1;27.08.1926;0;1
HAMDIDE;1;24.05.1936;0;1
RUHSINE;1;2.03.1957;0;1
SUHMUS;1;13.02.1945;1;0
BEHRINUR;1;27.02.1980;0;1
LELLEMINE;1;27.03.1944;0;1
UTLIYE;1;10.04.1937;0;1
KADIMAN;1;27.08.1926;0;1
HAKVEREN;1;27.02.1956;1;0
BEBIL;1;11.11.1981;1;0
KORGIN;1;17.07.1978;1;0
FEYZIDDIN;1;13.12.1988;1;0
AYSINNE;1;28.03.1975;0;1
MEVKARE;1;17.02.1972;0;1
TASIDER;1;23.02.1965;0;1
ERGAHAN;1;2.02.1957;0;1
HAMADDIN;1;2.02.1951;1;0
FIDENUR;1;18.03.1972;0;1
BELBINAZ;1;1.02.1958;0;1
MEHRALAY;1;8.06.1943;0;1
KUSEM;1;12.10.1990;1;0
GULTURAY;1;15.07.1979;1;0
RUHSI;1;6.02.1971;1;0
ABDULHASIB;1;30.09.1982;1;0
SERRAY;1;20.08.1977;0;1
DULEY;1;16.03.1961;0;1
VURALER;1;27.03.1938;1;0
SENGUNAL;1;16.06.1961;0;1
NURPETEK;1;27.12.1984;0;1
OZTOPRAK;1;6.03.1943;1;0
SUHRAL;1;28.04.1950;1;0
GOKTEAY;1;14.12.1978;1;0
SEVEDE;1;1.05.1966;0;1
BEYSUNI;1;1.02.1977;1;0
CEYRO;1;23.05.1977;0;1
RAMHIYE;1;16.03.1962;0;1
MERBUKE;1;28.02.1956;0;1
EVRASIM;1;24.07.1972;1;0
BAHTIYARGUL;1;30.05.1973;0;1
HUSAYET;1;21.06.1982;1;0
BAZIRGEN;1;8.01.1970;1;0
CANOGLU;1;2.02.1969;1;0
UMMUKELTUM;1;12.02.1953;0;1
OFLAS;1;14.03.1935;1;0
REYHANCAN;1;23.09.1982;0;1
ACIYEP;1;2.08.1933;0;1
AYKENDAM;1;7.02.1964;0;1
TEFE;1;26.09.1936;0;1
CASIRE;1;21.05.1966;0;1
SANUMA;1;7.05.1945;0;1
ARSELEN;1;17.02.1978;0;1
GULYAGCA;1;12.02.1953;0;1
NEMRIN;1;5.04.1957;0;1
MUBURYA;1;6.02.1969;0;1
SELMAZ;1;6.12.1968;0;1
NEVAI;1;9.07.1991;0;1
ALIHEN;1;6.04.1974;0;1
DARACI;1;7.02.1958;1;0
TAFE;1;12.08.1935;0;1
GULFADIMA;1;2.02.1969;0;1
HURRET;1;21.01.1972;1;0
FATILA;1;17.02.1954;0;1
ADADET;1;27.05.1981;0;1
TESKINE;1;18.02.1965;0;1
BULENDEN;1;2.02.1969;0;1
SUHABE;1;30.09.1991;0;1
ISLAMIN;1;11.02.1981;1;0
MIYIL;1;6.05.1968;0;1
CERRO;1;27.02.1986;0;1
EHIDE;1;9.03.1940;0;1
NENEOGLU;1;26.05.1959;1;0
SUFEYRE;1;22.02.1961;0;1
NUKLUER;1;11.01.1961;0;1
GULBIYAS;1;19.03.1976;0;1
TEBERDAL;1;12.04.1971;1;0
MEKSENNE;1;2.02.1951;1;0
NASPIYE;1;11.05.1968;0;1
BALIDE;1;22.02.1973;0;1
ESHABILKEF;1;2.08.1927;1;0
LOKMANHAN;1;3.03.1982;1;0
SAVZAT;1;22.09.1973;0;1
MERHIBAT;1;12.08.1935;0;1
ABDUMKERIM;1;29.06.1987;1;0
UKBAT;1;17.04.1972;1;0
IREBIYA;1;12.03.1957;0;1
ABDULHALID;1;17.03.1972;1;0
FEHMITTIN;1;21.07.1988;1;0
UMMUREYHANE;1;15.04.1989;0;1
RAUC;1;7.12.1968;1;0
ULSUM;1;27.02.1974;0;1
NURNEVIN;1;17.02.1966;0;1
CANSIT;1;21.05.1970;1;0
ZIBIDIYE;1;22.02.1955;0;1
DALLOKAY;1;29.01.1980;1;0
ADINBANU;1;19.07.1989;0;1
NUHRUHER;1;2.11.1969;0;1
NERAMIN;1;2.03.1957;1;0
PEMPERUS;1;16.02.1946;0;1
MENZILIYE;1;27.11.1974;0;1
GULSURUYE;1;17.02.1960;0;1
DOVLETEN;1;17.12.1960;0;1
ELIGSA;1;7.03.1988;0;1
ERFAYIK;1;5.05.1981;1;0
ESBABIL;1;26.09.1960;1;0
SEYDIKAN;1;21.03.1982;1;0
M.BURHANETTIN;1;12.08.1929;1;0
CEYHUNERUKAN;1;26.03.1988;1;0
MININE;1;10.05.1958;0;1
ZILFEN;1;27.12.1972;0;1
ATAKOLU;1;28.09.1987;1;0
GULSADETTIN;1;29.07.1956;0;1
SEKIBAT;1;16.12.1974;0;1
VIRGI;1;2.09.1975;1;0
SAHIDETTIN;1;12.05.1965;1;0
SUVADI;1;5.05.1975;0;1
ERLEN;1;22.04.1967;1;0
BEHAUTTIN;1;2.05.1946;1;0
MUNISHAN;1;4.01.1969;1;0
HASCEN;1;9.10.1982;0;1
TUHIDE;1;2.01.1969;0;1
GUTDUS;1;30.10.1953;1;0
MUHITTINI;1;21.08.1929;1;0
FELEZ;1;27.05.1968;0;1
HUSEYINE;1;27.07.1973;0;1
ESERCE;1;28.04.1956;0;1
MUHADAT;1;7.08.1934;1;0
AYHILAL;1;13.04.1986;0;1
HUYLU;1;2.03.1940;1;0
ZULEYNA;1;11.02.1980;0;1
ACEVIT;1;27.02.1956;1;0
SEHRANEGUL;1;5.06.1982;0;1
GULHAKAN;1;7.02.1964;0;1
METUSLAH;1;21.10.1982;1;0
SAYTI;1;2.02.1963;0;1
BELGINAZ;1;12.09.1989;0;1
MUHARREBE;1;12.08.1923;1;0
SEVIYZA;1;17.02.1960;0;1
MUSTENIZE;1;27.05.1949;0;1
ISMETPASA;1;12.10.1971;1;0
MUKATER;1;17.01.1972;1;0
GUYFER;1;2.03.1957;0;1
ABDUNNAIM;1;29.07.1942;1;0
MEHADAT;1;23.03.1959;0;1
ZUYNE;1;8.03.1966;0;1
NURDANU;1;15.03.1985;0;1
MAKBULEN;1;4.02.1963;0;1
MECBUNE;1;23.03.1967;0;1
MUNTAZEN;1;11.06.1961;0;1
UHIDE;1;17.09.1972;0;1
ERTUGRULEFE;1;11.01.1963;1;0
FAHRULISLAM;1;11.12.1966;1;0
NURILBENET;1;2.08.1915;0;1
SULEYMANU;1;23.10.1983;1;0
GATIRIYE;1;19.06.1958;0;1
DEMMEN;1;24.06.1985;1;0
SIGLETIF;1;2.08.1969;1;0
ABDULAVNI;1;4.01.1971;1;0
GOLDENUR;1;28.11.1949;0;1
ZULAYI;1;4.05.1961;0;1
KIYSEL;1;12.02.1971;0;1
UYKIRAN;1;30.06.1950;0;1
TOYFIDE;1;8.09.1950;0;1
AYPUR;1;28.10.1974;0;1
EHTER;1;1.09.1978;0;1
ZEYNEPBUZ;1;24.10.1984;0;1
ALPMUTLU;1;28.08.1979;1;0
FELAKETTIN;1;16.03.1975;1;0
DEMSEGUL;1;4.03.1957;0;1
KUTSAV;1;3.09.1989;1;0
ASAFIL;1;6.04.1961;1;0
ZURTULLAH;1;17.02.1960;1;0
SIBERKAN;1;27.07.1991;1;0
ADLET;1;22.03.1967;1;0
SAYUK;1;30.01.1970;1;0
HASEBE;1;1.08.1977;0;1
SEDIRNAZ;1;5.07.1941;0;1
GULGAMET;1;11.04.1985;0;1
ICLIM;1;22.02.1973;0;1
SAVKILE;1;1.09.1964;0;1
RESIBIYE;1;6.02.1955;0;1
DOGUKHAN;1;6.02.1992;1;0
SEMRAAY;1;12.08.1976;0;1
ZENDUNE;1;22.04.1967;0;1
UNIESSE;1;28.11.1956;0;1
BESTEMIH;1;27.10.1990;1;0
ZUMRUDUYE;1;4.05.1957;0;1
SEHILYA;1;9.04.1975;0;1
DOGUBAY;1;8.06.1979;1;0
MERCANER;1;7.08.1934;0;1
SENTAS;1;3.07.1969;1;0
AYLAHA;1;6.10.1986;0;1
IZALE;1;6.07.1973;0;1
SAFINIYE;1;11.07.1980;0;1
FEIDLATO;1;8.09.1973;0;1
TAMEM;1;27.06.1968;0;1
CEVATER;1;17.02.1978;1;0
CESARETIN;1;14.04.1953;1;0
ERDEGAN;1;5.11.1973;1;0
ELDEBIR;1;23.05.1970;1;0
CIRPIN;1;26.01.1972;0;1
VELIYULAH;1;2.02.1959;1;0
PAYUM;1;12.02.1971;0;1
SAVUDA;1;2.02.1975;0;1
URYAS;1;20.09.1972;1;0
MAHMIDE;1;26.06.1977;0;1
NESSIYE;1;7.02.1964;0;1
YEMLEHA;1;17.02.1972;1;0
ABDULSULEYMAN;1;18.04.1988;1;0
IKTIBAR;1;21.09.1983;0;1
MUYASA;1;29.07.1965;0;1
UNUVERSE;1;27.05.1968;1;0
NEFAYIR;1;3.10.1990;1;0
TEVRIN;1;30.01.1964;0;1
SEDAIM;1;2.07.1972;1;0
ALTUNYA;1;22.02.1961;0;1
NEHRUMAN;1;25.04.1967;0;1
HIFIZE;1;16.04.1982;0;1
KULAS;1;4.09.1983;1;0
IZZETVOLKAN;1;8.01.1979;1;0
RAFAH;1;11.01.1986;1;0
TURGUTALI;1;19.05.1965;1;0
GULENYA;1;22.03.1967;0;1
ONURCAG;1;22.10.1988;1;0
LALEH;1;22.04.1971;0;1
ABDURAHAT;1;10.02.1946;1;0
TOMUNA;1;26.05.1972;0;1
TERLIKAN;1;17.05.1978;0;1
GULDIDA;1;15.12.1961;0;1
BAHYAN;1;1.06.1961;1;0
IMTAN;1;22.02.1967;0;1
HARETDIN;1;12.10.1989;1;0
ERCANAR;1;22.02.1973;1;0
KIYME;1;21.02.1963;0;1
MUSEVVIME;1;11.09.1987;0;1
DIRHAM;1;22.08.1991;0;1
ZADICE;1;22.03.1955;0;1
YUUNIS;1;22.02.1955;1;0
NAKSEN;1;11.07.1962;1;0
DANISHAN;1;11.03.1967;1;0
TEMUMDAR;1;1.11.1979;1;0
NEFILAY;1;12.11.1969;0;1
CAHILIYE;1;1.09.1955;0;1
HAVELI;1;11.05.1945;0;1
MUMKIN;1;7.12.1970;0;1
SEREFATDIN;1;2.02.1963;1;0
DURSIDIYE;1;22.08.1961;0;1
RAYSUN;1;11.04.1976;0;1
SEVIEYE;1;7.08.1940;0;1
EBBULMUHSIN;1;27.07.1972;1;0
TEMEME;1;4.07.1950;0;1
BIHADAR;1;23.10.1979;0;1
ZAYIGUL;1;9.06.1958;0;1
MUZEZEZ;1;21.12.1958;0;1
HUMADE;1;17.10.1932;1;0
KUTTUS;1;12.03.1935;1;0
KIYMATLI;1;22.06.1960;0;1
KULANAZ;1;17.02.1946;0;1
FADIMESIBEL;1;6.01.1992;0;1
SELIMEBIBI;1;22.08.1925;0;1
HAHI;1;24.05.1937;0;1
NESLIHAL;1;16.06.1973;0;1
TAMIM;1;23.12.1967;1;0
HUYEM;1;11.02.1982;0;1
W;1;26.08.1953;1;0
IYMET;1;1.06.1967;1;0
SULEF;1;5.12.1982;0;1
TATLIGUN;1;2.04.1981;0;1
OLCEZ;1;9.04.1951;0;1
PERVINPAR;1;16.10.1962;0;1
MILBAN;1;5.12.1968;0;1
SALEMI;1;17.02.1972;1;0
MUNIREDDIN;1;1.09.1949;1;0
ONERHAN;1;1.12.1978;1;0
NUMRE;1;24.01.1941;0;1
GIFRAN;1;12.08.1935;0;1
TEMESUM;1;9.01.1967;0;1
HEYSE;1;2.12.1963;0;1
GUNDEGOR;1;6.04.1939;0;1
FATDAH;1;29.01.1965;1;0
UTKUGUN;1;28.05.1988;0;1
UMMUHUSUN;1;1.04.1973;0;1
GULFURZU;1;25.05.1961;0;1
ISNAHIYE;1;3.03.1951;0;1
EMINEEYISSI;1;22.03.1973;0;1
NUZULAY;1;16.07.1974;0;1
DELAILE;1;21.06.1965;0;1
ILEDIN;1;27.10.1990;1;0
PIYAR;1;22.10.1989;1;0
SEKKIRI;1;2.09.1945;0;1
DIKKO;1;4.05.1949;1;0
CEMISAN;1;12.02.1953;1;0
SARBAT;1;2.02.1951;0;1
MIKAYR;1;2.09.1981;1;0
NETIZAR;1;2.02.1957;0;1
IBNAN;1;3.08.1968;1;0
ZUHREL;1;12.03.1953;0;1
SEKKERE;1;12.06.1977;0;1
SILTANE;1;2.10.1981;0;1
SIFIKA;1;2.05.1980;0;1
UMMEDDIN;1;28.06.1991;1;0
KITTAYUN;1;29.05.1963;0;1
AHNEZ;1;2.02.1963;0;1
BULENTTIN;1;17.08.1978;1;0
SILOLA;1;17.02.1966;0;1
NEZYETE;1;26.09.1982;0;1
OZGELGUL;1;2.02.1981;0;1
SARAFADDIN;1;5.07.1981;1;0
MIRHAM;1;17.02.1966;1;0
GOZIY;1;19.04.1953;0;1
REBIP;1;6.02.1956;1;0
SUNHEYLA;1;29.06.1980;0;1
SIDERI;1;30.08.1982;0;1
ABDULGAVAR;1;11.12.1985;1;0
NETCAN;1;15.03.1974;1;0
ASEIYE;1;17.02.1951;0;1
BURALLETTIN;1;17.12.1970;1;0
HIMEY;1;16.06.1932;0;1
SILVENT;1;22.03.1973;1;0
RAHUZER;1;7.03.1946;0;1
BEYTISER;1;13.10.1980;0;1
SILHADDIN;1;3.12.1944;1;0
ISKAIL;1;27.07.1974;1;0
ABDULSEYFI;1;23.06.1972;1;0
HUVEYYA;1;19.11.1969;0;1
ILYAMI;1;1.01.1975;1;0
HILLO;1;23.08.1934;1;0
ATTILAH;1;6.06.1973;1;0
DILIYAN;1;22.05.1961;0;1
DUNGIJ;1;27.05.1974;1;0
NECMADIN;1;11.04.1976;1;0
ZIMBAT;1;27.06.1961;1;0
HIYDI;1;29.2.1981;0;1
MUHYEDINE;1;12.02.1959;0;1
MEYHUP;1;22.11.1978;1;0
HEYSAN;1;2.02.1975;1;0
REPI;1;22.07.1948;1;0
MARCIKIZ;1;25.04.1961;0;1
FOZ;1;9.03.1961;0;1
NESBI;1;7.04.1964;1;0
PALDAR;1;14.12.1989;1;0
HEBIDAR;1;27.02.1992;0;1
TERFIYA;1;19.02.1971;0;1
ABDESSELAM;1;27.02.1992;1;0
AYDUVAR;1;27.02.1956;0;1
TERZIYEN;1;26.02.1979;0;1
SECELYA;1;26.04.1983;0;1
SUPANITA;1;5.08.1975;0;1
ALPSAYIM;1;19.11.1956;1;0
KEN;1;23.03.1992;1;0
AKINMETE;1;7.12.1965;1;0
ILTENAY;1;5.05.1989;0;1
ERZAHIM;1;19.08.1951;1;0
NEOLDUM;1;18.09.1957;0;1
MURSEREM;1;4.02.1936;0;1
ERVIM;1;25.03.1979;0;1
SEHVELET;1;18.02.1973;0;1
MUETTER;1;16.10.1930;0;1
DURALLE;1;9.09.1966;0;1
MEZIH;1;21.03.1970;1;0
KEZBANNUR;1;16.06.1969;0;1
NILISAH;1;3.02.1990;0;1
SERCEHAN;1;2.06.1963;0;1
S.YILMAZ;1;1.12.1938;1;0
ALPARDA;1;16.03.1974;1;0
SULBILYE;1;28.10.1982;0;1
SEVGIDIL;1;2.03.1970;0;1
DEVRINUR;1;18.06.1961;0;1
SARAYNUR;1;2.02.1958;0;1
SERAYNUR;1;2.02.1958;0;1
UZRAN;1;22.08.1931;0;1
YOLBAHAR;1;4.03.1975;0;1
HILMEDDIN;1;7.02.1988;1;0
SERAYIYI;1;22.02.1943;0;1
SEVIUM;1;9.09.1981;0;1
NAFITE;1;11.03.1956;0;1
EYYIMETTIN;1;6.05.1974;1;0
ABULSITTAR;1;5.03.1975;1;0
BEYANA;1;21.08.1974;0;1
FIGENAY;1;12.04.1977;0;1
SILDIRAY;1;22.03.1973;1;0
VECID;1;22.12.1958;1;0
YESLIBA;1;23.02.1972;0;1
MILIKA;1;6.03.1956;0;1
MIAZ;1;22.02.1937;1;0
MAHMENUR;1;19.10.1989;1;0
BERDUHA;1;24.02.1992;1;0
HATIBULLAH;1;1.02.1982;1;0
SENSEZER;1;13.09.1975;0;1
NUSRIHAN;1;2.02.1963;0;1
HAYLAMI;1;22.02.1943;0;1
LALU;1;12.08.1929;0;1
XXXXXXXXXXXX;1;29.09.1948;1;0
IFRICE;1;17.02.1948;0;1
HAMDOLA;1;25.03.1981;1;0
MUDDESER;1;25.03.1953;1;0
MATHIYE;1;12.08.1965;0;1
JALILA;1;27.02.1968;0;1
GAYRI;1;23.06.1961;0;1
BEYTAZ;1;26.05.1983;1;0
VERDISEN;1;27.02.1992;0;1
SUFRET;1;6.07.1963;0;1
GUNUSA;1;22.04.1979;0;1
HUSNIYECAN;1;15.07.1949;0;1
HEYGEM;1;17.06.1963;1;0
VANDERTOORNJEHONNA;1;14.01.1949;0;1
ABDURAHHMAN;1;8.04.1943;1;0
SERDALE;1;13.06.1964;0;1
TECAYER;1;2.02.1969;1;0
EFLI;1;5.03.1966;1;0
SAMENTA;1;19.07.1976;0;1
SUNAFIYE;1;22.02.1961;0;1
ISLUM;1;27.04.1968;0;1
URCES;1;19.03.1954;0;1
ILLAH;1;2.02.1951;0;1
ZOBIME;1;2.08.1945;0;1
BALLIHAN;1;25.11.1978;0;1
GULGOKSEN;1;3.09.1950;0;1
FAVRUSAH;1;21.08.1985;0;1
ASLANDURAN;1;13.04.1941;1;0
FURHAT;1;2.07.1975;1;0
ERUSEL;1;4.08.1966;0;1
HELKUYE;1;22.08.1949;0;1
HACISABIR;1;27.06.1980;0;1
KUTBIDIN;1;1.04.1949;1;0
SIHISLAM;1;22.03.1949;1;0
MIRHEN;1;26.04.1948;0;1
DULKAR;1;17.08.1942;0;1
YUCESEVIM;1;16.05.1950;0;1
TEVMAN;1;18.02.1942;1;0
DORMEZ;1;17.02.1990;1;0
MEHIHAT;1;17.05.1972;0;1
ABDULSERAC;1;30.04.1979;1;0
BACIHAN;1;7.12.1964;0;1
RENNA;1;11.01.1971;0;1
NEVDEN;1;25.07.1966;1;0
VEDAR;1;22.03.1958;1;0
SUBEYRE;1;26.01.1979;0;1
BILALETDIN;1;6.05.1931;1;0
BIKECAN;1;20.04.1963;0;1
GERNOT;1;7.10.1981;1;0
TUNULAY;1;17.03.1954;0;1
CEYMIS;1;1.03.1955;1;0
MOCA;1;17.02.1960;1;0
ILKEMAY;1;21.09.1977;0;1
SILVINAZ;1;28.03.1975;0;1
SENALSENER;1;2.01.1977;0;1
BERDIS;1;23.08.1955;0;1
MEHBIRAZ;1;14.02.1941;0;1
GULHATO;1;17.09.1942;0;1
APDURREZAK;1;12.12.1947;1;0
NISAM;1;26.09.1982;1;0
RUBERSAH;1;17.02.1979;0;1
UMRAT;1;1.10.1990;1;0
PERE;1;27.02.1962;0;1
TASUAM;1;15.04.1965;0;1
SIRRUH;1;1.04.1972;1;0
NENUFE;1;17.04.1948;0;1
MENZEL;1;16.05.1927;1;0
EZIRET;1;27.06.1962;0;1
AVNEY;1;22.08.1919;0;1
EZDIS;1;1.12.1959;1;0
GULELDEM;1;1.06.1973;0;1
NUFIYAL;1;13.05.1965;0;1
SIGLI;1;5.05.1978;1;0
ABDUHRAHMAN;1;27.05.1979;1;0
YILDENUR;1;17.02.1948;0;1
SALBIHA;1;17.08.1936;0;1
MAFRIZE;1;4.01.1947;0;1
SIBIKAN;1;28.12.1987;1;0
DUNETHAN;1;27.08.1926;0;1
SAZGUL;1;12.04.1956;0;1
FONDA;1;4.03.1976;0;1
UNNE;1;22.02.1967;0;1
NESISE;1;26.09.1960;0;1
HADRU;1;3.11.1952;0;1
TARTEY;1;22.08.1925;0;1
ISATULLAH;1;7.10.1964;1;0
NOAN;1;21.03.1977;1;0
BILHUDE;1;6.05.1978;0;1
RIDVANALP;1;1.01.1975;1;0
TAKIYYA;1;17.03.1943;0;1
EVVATE;1;17.02.1966;0;1
NEFISAN;1;14.10.1951;0;1
FIHETE;1;11.11.1972;0;1
MEMDUZE;1;26.06.1963;0;1
ORHANBAY;1;12.08.1941;1;0
PASET;1;1.11.1961;1;0
NADIRIS;1;17.02.1954;0;1
NADIGEN;1;8.10.1985;0;1
GUZIYET;1;1.02.1954;0;1
HASBINAR;1;2.10.1979;0;1
ELEMSAL;1;6.05.1949;0;1
TABEREK;1;21.07.1975;0;1
REYGAN;1;19.06.1987;0;1
GURRANI;1;29.03.1966;1;0
MEDINE''I;1;22.07.1967;0;1
MUBAKER;1;12.12.1971;0;1
SALUNA;1;29.10.1956;0;1
MIMTUGRUL;1;2.10.1976;1;0
MIZRAVI;1;13.04.1955;1;0
LUHUBE;1;2.06.1950;0;1
KUDLU;1;17.05.1972;1;0
SELLUME;1;11.05.1973;0;1
RELIHA;1;16.06.1969;0;1
DURCEM;1;17.08.1978;1;0
TUHUBA;1;14.07.1974;0;1
TEZCAL;1;11.04.1974;0;1
NILIFOR;1;21.05.1953;0;1
SIAMEDDIN;1;6.09.1978;1;0
HAKBATIL;1;3.10.1972;0;1
MUAHARREM;1;1.03.1959;1;0
GUZIYEN;1;27.02.1974;0;1
BERSAT;1;8.11.1981;1;0
TEBERHUN;1;3.03.1986;1;0
AHMETUL;1;13.07.1961;1;0
ELVALIT;1;26.04.1961;1;0
SENKAT;1;30.11.1951;0;1
SONILE;1;1.03.1976;0;1
YURDATAN;1;19.01.1947;1;0
SAFARI;1;4.09.1976;0;1
FENLI;1;17.06.1965;1;0
ASILNUR;1;21.01.1965;0;1
GEVAS;1;15.02.1970;1;0
SUVAYILE;1;15.04.1961;0;1
PEMBERUS;1;6.10.1939;0;1
HIMKET;1;12.11.1977;0;1
HISTERE;1;17.02.1966;0;1
MUZEHET;1;28.10.1977;0;1
EVNIYA;1;12.09.1988;0;1
YAZYASAN;1;22.02.1979;0;1
IKRAMCAN;1;17.03.1991;1;0
ESREDE;1;27.08.1956;0;1
SEHRINE;1;11.09.1983;0;1
YUKZEL;1;2.06.1981;0;1
KATIIBE;1;21.03.1972;0;1
ROCI;1;2.02.1987;0;1
MEYYULE;1;23.03.1966;0;1
KAHRIZAN;1;22.02.1967;1;0
NETILA;1;16.04.1951;0;1
KESRIBANI;1;22.02.1949;0;1
YAGMI;1;29.04.1989;1;0
FIDANOGLU;1;6.06.1973;1;0
ABDINASIR;1;12.04.1971;1;0
CEYRETE;1;17.02.1972;0;1
ABDULTAHAR;1;1.12.1979;1;0
TIRYAKIOGLU;1;29.03.1971;1;0
SIRIZDIN;1;21.02.1980;1;0
ELHAMDULLAH;1;10.05.1975;1;0
MILYANET;1;9.10.1985;0;1
SEBRIL;1;11.04.1970;0;1
BERIFVAN;1;22.08.1991;0;1
KEMLETE;1;23.08.1977;0;1
CEMAILA;1;23.09.1973;0;1
OZNUGUL;1;2.08.1990;0;1
HULKIDDIN;1;17.02.1966;1;0
EVILHAN;1;16.11.1981;0;1
HURSIL;1;17.06.1980;0;1
YEZE;1;14.11.1981;0;1
DILBERUS;1;6.04.1961;0;1
FASIA;1;26.06.1991;0;1
VECAHE;1;22.02.1961;0;1
SEYFITA;1;11.07.1975;0;1
HIDIRYAZ;1;8.04.1970;1;0
SELAGATTULLAH;1;22.03.1961;1;0
PERIVANE;1;26.08.1978;0;1
REHMUTULLAH;1;30.11.1975;1;0
GULISTKAN;1;2.12.1991;0;1
HERIC;1;14.04.1971;0;1
BINYAMIR;1;3.03.1975;1;0
BIRZU;1;7.08.1946;1;0
ROHANI;1;6.08.1976;0;1
NESFIYA;1;7.02.1964;0;1
FAHEDDIN;1;17.03.1972;1;0
CEVHRE;1;7.12.1982;0;1
DEHAMEDDIN;1;7.03.1970;1;0
IMAMCERAH;1;22.02.1955;1;0
SURMAZ;1;2.05.1975;0;1
ZERDIS;1;26.07.1981;1;0
ERCVAN;1;7.03.1952;0;1
HALIMO;1;22.08.1955;0;1
GAYABI;1;2.02.1963;0;1
HUMRETTI;1;16.10.1956;1;0
EDYA;1;30.04.1988;0;1
ELAHAN;1;9.05.1979;1;0
IMIHA;1;19.04.1936;0;1
IBRAHIMN;1;8.08.1988;1;0
MUAZZEMIYE;1;5.04.1927;0;1
HORUSIMAN;1;2.03.1963;0;1
IVENTIA;1;25.12.1977;0;1
BAHICA;1;16.06.1981;0;1
RAVZIYA;1;8.03.1941;0;1
GUNU;1;16.02.1976;0;1
GEVRIZE;1;17.01.1948;0;1
OMREDDIN;1;7.04.1978;1;0
HAMKO;1;23.07.1973;1;0
SIMANI;1;2.11.1967;1;0
BEMIYE;1;11.07.1943;0;1
FIILIZ;1;12.06.1983;0;1
KONUTURK;1;26.03.1976;1;0
SEZAVERDI;1;1.03.1967;0;1
SERGVEBUN;1;27.02.1992;0;1
MAMOALAN;1;4.03.1963;1;0
YASSAMIN;1;4.02.1975;0;1
BEHRUKE;1;21.02.1965;0;1
APDO;1;18.06.1974;1;0
TOLUBAY;1;20.06.1983;1;0
GIPRIYE;1;2.02.1957;0;1
MUHAT;1;17.07.1984;0;1
ERPINAL;1;24.10.1990;1;0
KOCERHAN;1;7.02.1946;0;1
GORBET;1;27.04.1968;0;1
TOHUDE;1;12.02.1971;0;1
VETHO;1;17.05.1958;0;1
NIGFER;1;15.04.1983;0;1
PANZAHIR;1;18.03.1982;1;0
KASTAMA;1;22.04.1955;0;1
MUZZEYER;1;27.06.1974;0;1
FELENMEZ;1;12.04.1953;1;0
SEYHAZIM;1;11.07.1975;1;0
ALPERKUTLU;1;17.02.1972;1;0
ASUAY;1;12.07.1973;0;1
ZEHRUBAN;1;30.05.1974;0;1
CANSURIYE;1;12.03.1965;0;1
HICRANIYE;1;2.08.1921;0;1
LUKZAN;1;15.08.1951;0;1
SAHSUDE;1;26.04.1959;0;1
CEDIYE;1;28.01.1938;0;1
TOYDE;1;7.12.1974;0;1
SEYLDA;1;5.08.1974;0;1
MIDEL;1;24.07.1971;1;0
VERDIGAN;1;29.07.1965;0;1
GUYSE;1;4.09.1978;0;1
ELBURE;1;11.02.1979;0;1
HULZEMIN;1;27.07.1972;0;1
THANAA;1;30.01.1986;0;1
ASIKGARIP;1;4.03.1962;1;0
BATISEL;1;17.09.1966;0;1
EZEBIL;1;21.07.1936;0;1
APTILRAHMAN;1;18.11.1967;1;0
HINDIL;1;2.06.1951;0;1
HOCIRA;1;17.02.1966;0;1
ICFAN;1;15.09.1969;1;0
LOEY;1;27.02.1974;1;0
ESRAM;1;9.05.1990;0;1
NEVAYETUR;1;6.05.1973;0;1
CUNAYT;1;19.06.1968;1;0
YAMUHAMMET;1;23.01.1973;1;0
ZEHE;1;13.05.1964;0;1
TILBENAZ;1;20.09.1990;0;1
MUHHOCA;1;19.01.1966;1;0
MINKESE;1;22.02.1967;0;1
GUVENAZ;1;28.02.1974;0;1
MUHEZZEB;1;2.02.1957;1;0
TACCEDDIN;1;2.02.1957;1;0
SAYICA;1;17.03.1972;0;1
ABDUUSSELAM;1;22.07.1979;1;0
ABDUSSADIK;1;3.01.1967;1;0
NABITTIN;1;29.08.1991;1;0
DERVISPINAR;1;21.04.1975;0;1
SEGIHA;1;2.02.1969;0;1
SEHMIREN;1;28.04.1982;0;1
ZUNEYRA;1;1.02.1980;0;1
NEJBI;1;16.05.1953;1;0
GULBESDI;1;24.10.1949;0;1
SEYITHAMIT;1;7.08.1934;1;0
YONCABICER;1;21.02.1953;1;0
MUBAHAN;1;26.12.1962;0;1
APTULCABBAR;1;10.04.1969;1;0
SAGMETTIN;1;27.02.1962;1;0
PURIZHAN;1;22.04.1961;0;1
IMMICIHAN;1;8.05.1988;0;1
ZULFIGARHAN;1;3.11.1983;1;0
MEVTUDE;1;26.06.1983;0;1
MURTIZA;1;2.02.1963;1;0
M.SALAH;1;8.04.1964;1;0
MUKADTET;1;1.11.1973;1;0
NAHSIBENDI;1;30.08.1976;1;0
ABDURRAHIMM;1;1.02.1986;1;0
SEMAHAL;1;1.11.1979;0;1
SUSGUN;1;28.01.1983;1;0
BAHALIGUL;1;7.02.1964;0;1
ASELHAN;1;25.05.1990;0;1
HUVIYYE;1;5.04.1932;0;1
HUSSUME;1;24.01.1967;0;1
AYSENAHAN;1;4.09.1984;0;1
SAATI;1;6.06.1981;0;1
KADEROGLU;1;26.06.1960;1;0
ZULFUSAN;1;24.06.1955;0;1
MEHBIKAR;1;1.06.1967;0;1
NEFISECAN;1;11.06.1950;0;1
UMUTALP;1;19.07.1981;1;0
BUSEMIN;1;8.10.1987;0;1
CAGNAY;1;12.01.1985;0;1
MELVIL;1;7.11.1946;0;1
ISVERIZ;1;7.08.1928;0;1
HUNKARCAN;1;9.12.1990;1;0
ZERNICAN;1;6.09.1974;0;1
ALPSINA;1;10.11.1988;1;0
FEDAETTIN;1;14.09.1961;1;0
UYKENER;1;20.12.1938;1;0
NECMINNISA;1;2.12.1929;0;1
ANELISE;1;27.05.1980;0;1
ABDURRAHMANALI;1;30.09.1956;1;0
JABA;1;1.02.1954;1;0
ATANEZIHI;1;9.06.1957;1;0
HINEMLA;1;21.03.1950;0;1
HIFANUR;1;9.01.1992;0;1
GUNESRANA;1;6.05.1954;0;1
DISER;1;28.06.1979;0;1
SISLI;1;21.06.1975;0;1
DUSEFER;1;8.03.1948;0;1
DOLON;1;18.04.1944;1;0
MISTEYDE;1;28.04.1956;0;1
SAKUFE;1;27.08.1926;0;1
ASIMESEZER;1;7.12.1944;0;1
EJDERHUN;1;12.07.1959;1;0
BEDRINNISA;1;1.01.2001;0;1
HASANMEDIN;1;2.02.1975;1;0
MISTILLI;1;8.06.1991;1;0
UMMUGULFEM;1;7.03.1957;0;1
DINNAVAZ;1;30.12.1945;0;1
DILGON;1;27.04.1956;0;1
UGURLUAY;1;24.12.1970;0;1
ASOM;1;12.05.1971;1;0
RAZAR;1;6.08.1961;0;1
HAKEY;1;1.06.1951;0;1
MUNEVVEN;1;28.08.1979;0;1
ISLIN;1;18.02.1966;0;1
KITAYEN;1;21.05.1938;0;1
OZNET;1;6.10.1953;1;0
LEMAIDDIN;1;2.02.1963;1;0
GULFARAH;1;17.01.1962;0;1
HAVVALLI;1;13.04.1956;0;1
PERISENEL;1;6.01.1943;0;1
ALYSE;1;18.07.1965;0;1
ASIFFER;1;28.10.1973;0;1
DANICA;1;29.07.1950;0;1
AYTAMER;1;22.05.1973;1;0
RUTHMAN;1;27.05.1980;0;1
CUCIYE;1;17.11.1954;0;1
IZNEVET;1;22.02.1961;0;1
NAMGUL;1;27.02.1974;0;1
BEDHUZAMAN;1;2.10.1951;1;0
NAKZIYA;1;7.08.1934;0;1
ZEKKER;1;24.02.1972;1;0
GORSELIN;1;22.02.1967;0;1
RINCIYE;1;11.12.1973;0;1
NEVEN;1;7.08.1960;0;1
BILYEMIN;1;11.12.1973;1;0
KUMTAY;1;16.12.1976;1;0
NEDIVE;1;30.12.1940;0;1
GULHATIRA;1;2.03.1975;0;1
YARSEN;1;14.04.1991;0;1
NIYDEMGUL;1;16.07.1970;0;1
YEVMEDDIN;1;21.09.1981;1;0
ATLICE;1;26.12.1976;0;1
SALIHEGUL;1;24.04.1966;0;1
RUKYEDDIN;1;1.03.1991;1;0
OZAKSAM;1;18.02.1942;0;1
AGSEN;1;15.05.1944;0;1
HUVEYIS;1;9.05.1978;1;0
SERIPIL;1;19.06.1978;0;1
EZDINSAH;1;2.07.1975;1;0
SENEDI;1;11.04.1980;1;0
NURIYESER;1;27.05.1950;0;1
NAZIDAR;1;12.10.1971;0;1
NASARA;1;12.02.1992;0;1
GOBILAY;1;13.05.1959;1;0
BIAMIYE;1;7.12.1964;0;1
BEYCIOGLU;1;2.06.1975;1;0
MEVRULDANE;1;21.02.1966;1;0
MEHMET.ALI;1;12.09.1941;1;0
MELIKSINA;1;16.10.1985;0;1
MIRYE;1;26.03.1977;0;1
TOLGATAN;1;8.10.1973;1;0
SIRIYET;1;16.05.1983;0;1
MUCADEL;1;7.02.1952;0;1
DILENAY;1;7.09.1988;0;1
SURHAYAT;1;26.03.1964;0;1
SULANAY;1;12.02.1947;0;1
MASINA;1;2.08.1939;0;1
MILOS;1;7.08.1934;0;1
IKI;1;2.02.1981;0;1
SITTARE;1;19.12.1989;0;1
GULMUSER;1;12.05.1977;0;1
ULKULU;1;27.08.1944;1;0
NURSUME;1;7.02.1976;0;1
DOHA;1;13.04.1989;0;1
AYCELENAYSE;1;17.11.1980;0;1
IHTADIYE;1;12.04.1965;0;1
HAMZURE;1;15.05.1957;0;1
AYTEKSIM;1;15.11.1974;0;1
AHMETIHSAN;1;12.08.1977;1;0
GUZIDEN;1;8.02.1950;0;1
IBLIYA;1;8.06.1954;0;1
VEYSELLER;1;21.06.1963;1;0
NURABI;1;29.05.1956;1;0
FERKE;1;29.05.1969;0;1
NASURLAH;1;7.05.1964;1;0
IHLAZ;1;18.04.1983;1;0
MISFIRE;1;22.02.1961;0;1
ZULUNCA;1;26.10.1934;0;1
HEVDA;1;26.06.1972;0;1
ABDULPASIT;1;1.10.1972;1;0
SUKADAK;1;27.08.1932;0;1
TUAT;1;21.08.1973;0;1
BERFIDE;1;7.07.1988;0;1
FETIMAN;1;22.02.1961;0;1
MITAYET;1;11.11.1940;1;0
ERCAHIN;1;7.02.1952;1;0
ATILLATURKHAN;1;17.02.1990;1;0
BENCET;1;26.11.1990;1;0
IKAIFI;1;1.06.1959;0;1
ELUSTUN;1;26.07.1959;0;1
BESTDAMI;1;3.09.1979;1;0
DUSENBIH;1;16.07.1935;1;0
ESRRA;1;23.02.1989;0;1
AYZIER;1;27.02.1991;0;1
ZAKUM;1;23.02.1986;1;0
NESRIYYE;1;17.02.1960;0;1
IHISAN;1;29.11.1991;1;0
ZENVIYE;1;6.07.1957;0;1
MAZLIMA;1;7.02.1946;0;1
DUDAK;1;18.07.1982;0;1
NETAY;1;14.07.1986;0;1
KARAZ;1;19.02.1968;0;1
YASEYIN;1;1.10.1991;0;1
CANERK;1;18.11.1983;1;0
BELKIZET;1;2.03.1975;0;1
PIRKAL;1;3.06.1979;1;0
URFAL;1;7.04.1974;1;0
SULLAHADDIN;1;22.02.1973;1;0
CETINDOGAN;1;26.02.1965;1;0
SUSENI;1;27.04.1974;0;1
HARUNNUSA;1;15.12.1985;0;1
NAHASAN;1;18.02.1966;1;0
DIVILYE;1;14.03.1947;0;1
NEDRAN;1;22.02.1978;0;1
GERIFE;1;15.07.1930;0;1
PEKIZAN;1;12.02.1959;0;1
CUDYA;1;30.06.1991;0;1
NAZIYAL;1;1.08.1959;0;1
FATUCA;1;21.03.1965;0;1
REHAVZE;1;12.11.1977;0;1
SIHAGA;1;17.02.1972;1;0
BAHAIDTIN;1;22.02.1967;1;0
SEHBEG;1;22.03.1955;1;0
ALINUS;1;17.06.1965;0;1
NARGILI;1;21.02.1963;0;1
SELELA;1;18.11.1981;0;1
SAYIBET;1;22.05.1961;0;1
HASMETULLAH;1;3.05.1985;1;0
FAKILULLAH;1;18.05.1983;1;0
ANZILYA;1;24.12.1978;0;1
HALIMEDDIN;1;25.02.1967;1;0
ROVUZE;1;23.06.1978;0;1
HIZRIFE;1;22.02.1961;0;1
PEYRIZE;1;16.05.1946;0;1
KAYSUN;1;27.04.1992;0;1
KAYAT;1;25.10.1960;1;0
ALTUNDIREK;1;7.10.1968;1;0
NARGIBE;1;28.11.1984;0;1
SULEYMAH;1;17.06.1972;1;0
NURSELDA;1;12.02.1989;0;1
BEYTAZIN;1;17.04.1948;1;0
GUNMINNET;1;17.03.1960;0;1
VEDAYIL;1;21.10.1964;1;0
SEVGULENT;1;18.04.1985;1;0
FERDANEI;1;16.10.1987;0;1
SIHYAKUP;1;26.02.1982;1;0
FERISHAN;1;29.03.1962;0;1
DURRUNEV;1;3.09.1957;0;1
SUECE;1;28.06.1991;0;1
JANSER;1;11.02.1948;0;1
TEMMIME;1;13.05.1940;0;1
CANPERK;1;15.06.1973;1;0
MILOVIDOVA;1;1.05.1966;0;1
SONGURTEKIN;1;7.08.1938;1;0
ISMIRAZ;1;11.01.1932;0;1
ALPONUR;1;20.10.1976;1;0
BIRGAY;1;15.05.1987;1;0
ERALTAY;1;1.09.1990;1;0
AYSESIDDIKA;1;2.08.1921;0;1
DURISAN;1;22.12.1961;0;1
KOZOK;1;5.08.1943;1;0
SIRINYA;1;21.09.1975;0;1
AYSEAYGUL;1;24.04.1970;0;1
MEHMETOZCAN;1;17.02.1960;1;0
INALIYET;1;18.01.1947;0;1
BENLICE;1;26.12.1958;0;1
ZIRAVINE;1;12.02.1947;0;1
HALESKAR;1;2.04.1963;1;0
HANIFESONGUL;1;24.03.1974;0;1
HAMITAN;1;21.02.1947;1;0
PEYNAL;1;12.02.1953;1;0
CIYAVAN;1;2.02.1969;1;0
KEHMIRAN;1;15.07.1947;1;0
GICHAN;1;7.06.1970;1;0
SERILEN;1;21.12.1970;0;1
MEVILE;1;10.08.1948;0;1
MUHIDA;1;24.05.1945;0;1
RUFZAN;1;25.02.1941;0;1
ISBIB;1;13.03.1951;1;0
NETSER;1;24.03.1974;1;0
DIRARA;1;17.02.1966;0;1
NEZHERVER;1;2.06.1939;0;1
FUATA;1;9.04.1977;1;0
EZEYET;1;1.05.1972;0;1
SAIDINURSI;1;22.02.1967;1;0
MISHALE;1;11.01.1960;0;1
TUBEK;1;13.09.1980;1;0
OZOGUL;1;27.04.1949;1;0
GULVERIYE;1;7.08.1956;0;1
TAFAN;1;18.06.1983;1;0
ANILCICEK;1;9.02.1991;0;1
YISRIYE;1;29.05.1967;0;1
SEHIJA;1;9.09.1976;0;1
REYHAME;1;24.06.1960;0;1
SURAYHA;1;26.12.1965;0;1
HASANVEHBI;1;6.11.1950;1;0
ERSINUR;1;26.10.1991;0;1
SELAHIDDINI;1;5.03.1968;1;0
SELERCAN;1;6.08.1985;1;0
TURUSEL;1;11.04.1974;0;1
ATANBAY;1;3.05.1983;1;0
NUGUHA;1;8.10.1964;0;1
CELELADDIN;1;6.10.1973;1;0
SUERAN;1;8.10.1940;0;1
MUSABITDIN;1;8.10.1956;1;0
IPRIME;1;22.04.1966;0;1
FEHZI;1;13.06.1959;1;0
BEHUR;1;8.07.1979;1;0
KEMALHAN;1;28.05.1990;1;0
BESDEMIN;1;22.02.1961;1;0
EMELGULDAL;1;11.08.1963;0;1
NIMTAC;1;12.08.1935;0;1
AGMED;1;11.09.1937;1;0
TARAFET;1;12.08.1941;0;1
MURADIR;1;28.03.1968;0;1
MUTINA;1;4.07.1956;0;1
POLYANNA;1;2.04.1975;0;1
SULALETTIN;1;8.07.1944;1;0
CAMO;1;11.06.1943;1;0
YESH;1;1.05.1991;1;0
AHTAN;1;2.02.1975;1;0
DONAYHAN;1;7.10.1961;0;1
TOKGOZ;1;8.01.1939;1;0
OFUK;1;12.02.1971;0;1
MEHTICAN;1;28.08.1985;1;0
CENKDAR;1;27.06.1980;1;0
KUSREF;1;29.03.1956;1;0
SEVME;1;27.12.1956;0;1
PIZA;1;1.06.1944;0;1
HUCUBE;1;12.08.1941;0;1
NASEL;1;16.05.1958;1;0
SINEMGAN;1;12.09.1990;0;1
BARILISA;1;21.06.1928;0;1
MUMERRAH;1;2.03.1957;0;1
ERDAMIYE;1;12.11.1935;0;1
HADAC;1;2.08.1927;0;1
GUBANI;1;30.08.1933;0;1
YOKKI;1;9.07.1974;0;1
MUKTEDER;1;6.01.1979;1;0
UZDU;1;18.02.1966;0;1
FATMAAYZIN;1;26.05.1946;0;1
AZMA;1;17.02.1948;0;1
ASLIHANKUBRA;1;6.07.1988;0;1
NUNUVER;1;1.02.1977;0;1
LEHSAR;1;17.12.1978;1;0
SABRIMELEK;1;11.08.1940;0;1
NESRISAN;1;9.09.1964;0;1
MUKBEDDIN;1;6.05.1972;1;0
BATILE;1;13.02.1947;0;1
MELVADE;1;16.06.1955;0;1
NIZAHMET;1;23.09.1958;1;0
HIDEYAT;1;17.05.1965;0;1
FARAL;1;19.10.1984;0;1
RODAN;1;28.08.1989;0;1
GILBER;1;1.07.1980;0;1
NAIGAN;1;17.09.1961;0;1
HALTAY;1;4.11.1947;1;0
MERLA;1;22.06.1973;0;1
TEZMEN;1;6.05.1955;0;1
CAVAHIRCAN;1;16.03.1982;1;0
IRCIHAN;1;28.08.1967;0;1
TANLAY;1;11.04.1942;0;1
REMIYYE;1;27.09.1948;0;1
MAHDUHAN;1;18.10.1969;0;1
OBENGUL;1;9.08.1974;0;1
GUNFIZE;1;15.10.1942;0;1
ACARGUL;1;16.06.1964;0;1
MELGET;1;16.03.1941;0;1
DEMIREZEN;1;11.08.1951;1;0
GULPERRI;1;17.02.1978;0;1
GAMEZE;1;28.08.1956;0;1
SEHYE;1;12.08.1953;0;1
EPTIHAC;1;13.12.1984;0;1
KHALIA;1;17.02.1978;0;1
ZEYNEVE;1;22.02.1961;0;1
REFORUM;1;22.08.1973;1;0
SERIYAL;1;1.10.1961;0;1
ONES;1;7.02.1982;0;1
HASBITTIN;1;7.04.1944;1;0
SAADIK;1;2.06.1970;1;0
APDILMUTTALIP;1;7.01.1987;1;0
ASAMIL;1;22.02.1961;1;0
ELVADI;1;17.02.1966;1;0
FEYLES;1;16.12.1971;1;0
GULBUR;1;2.10.1953;0;1
KOLKOLE;1;21.09.1936;0;1
HURUVEYDE;1;24.01.1990;0;1
ULGULEN;1;2.04.1969;0;1
GULFIDAY;1;9.08.1952;0;1
NADUVAN;1;7.05.1964;0;1
GULVEYDA;1;27.02.1974;0;1
CELAEDIN;1;17.02.1954;1;0
VACHETTIN;1;16.01.1966;1;0
TUYYAN;1;21.09.1973;1;0
NASFI;1;22.02.1961;0;1
GULESON;1;6.02.1957;0;1
PEKE;1;7.08.1922;0;1
MUHIDER;1;1.06.1950;1;0
GULPET;1;27.04.1956;0;1
ISLAMAGIL;1;5.05.1973;1;0
MUSTAME;1;17.12.1966;0;1
POZARAY;1;1.01.1974;1;0
AYNUNUR;1;16.08.1975;0;1
PERKDIN;1;28.02.1990;1;0
TESGUL;1;27.11.1968;0;1
NEZIKTER;1;16.06.1955;0;1
SEHISLAM;1;22.12.1979;1;0
IMIDE;1;7.12.1950;0;1
MAKHABIYE;1;9.01.1964;0;1
HUSRAIL;1;17.02.1966;1;0
GUDIM;1;22.06.1966;0;1
MUZAHIME;1;2.05.1987;0;1
ERHAC;1;29.06.1977;1;0
TURKUYAN;1;20.03.1976;1;0
TEOMANHAN;1;1.05.1985;1;0
GOKULLU;1;16.06.1963;0;1
SUSAME;1;28.04.1973;0;1
MUTAHASSUN;1;21.02.1964;1;0
NADIDIYE;1;1.02.1967;0;1
NEKSI;1;7.04.1967;1;0
ZAKERIYA;1;27.02.1956;1;0
MUNEVVE;1;2.02.1975;0;1
EKSERIM;1;16.06.1975;1;0
EIMNE;1;27.08.1944;0;1
CESURCAN;1;14.05.1985;1;0
LUBIYE;1;6.06.1951;0;1
KEMARAL;1;12.08.1947;1;0
MISHAN;1;17.09.1956;0;1
AKDIL;1;26.09.1963;1;0
BEDIETUL;1;22.11.1961;0;1
ABDULLAHTAMER;1;24.04.1965;1;0
HANSEGUL;1;23.04.1988;0;1
MERHANE;1;6.11.1978;0;1
KEZUBEN;1;2.04.1969;0;1
ERAMIYE;1;2.02.1951;1;0
FAKIAGA;1;18.02.1952;1;0
ALJEN;1;25.05.1991;0;1
BUNEYYER;1;19.11.1989;1;0
MUZAFFERETDIN;1;9.05.1987;1;0
REYHAVIYE;1;17.02.1966;0;1
NEFAITTIN;1;23.08.1937;1;0
FILIZGAR;1;16.10.1978;0;1
ERZADI;1;15.05.1990;1;0
RIKAT;1;17.12.1978;0;1
UMUIDE;1;7.03.1956;0;1
ABDILOZGUR;1;9.11.1989;1;0
VEGIYE;1;9.05.1963;0;1
AYNUZE;1;13.10.1961;0;1
ASLIHANNUR;1;24.02.1977;0;1
ZERRIYE;1;21.04.1974;0;1
MAFIRIZ;1;1.02.1954;0;1
ELENAZ;1;23.06.1988;0;1
HALEZAN;1;5.07.1984;0;1
ILKCAY;1;27.02.1962;1;0
DURUDU;1;27.02.1944;0;1
UMANA;1;1.03.1964;0;1
MEKSALINE;1;6.11.1980;0;1
GULNEVIL;1;25.08.1988;0;1
ORALATA;1;8.07.1957;1;0
ISITE;1;16.06.1955;0;1
SABITIYYE;1;4.05.1951;0;1
KURBA;1;29.12.1990;0;1
FITRE;1;27.08.1932;0;1
SINAFIR;1;27.12.1956;0;1
MAHINURE;1;14.03.1973;0;1
AELETIN;1;26.10.1960;1;0
ALEVKAN;1;17.03.1990;1;0
SELBIYAR;1;27.07.1962;0;1
LEVEL;1;2.06.1963;0;1
TELIKAN;1;16.11.1970;1;0
KUNVA;1;20.10.1960;0;1
UFAY;1;22.04.1973;0;1
ILKFIDAN;1;20.05.1972;0;1
MILEHET;1;16.04.1975;0;1
ELVIZ;1;4.03.1979;0;1
EMIINE;1;20.08.1963;0;1
MUHEVVEC;1;7.09.1931;0;1
MAHACEN;1;6.03.1957;0;1
AHMETBORAN;1;12.03.1991;1;0
YUREM;1;2.08.1951;0;1
JULIDEGUL;1;27.05.1968;0;1
MEAHIR;1;21.08.1969;1;0
DURSEHVAR;1;13.09.1945;0;1
TESRINI;1;7.02.1952;0;1
BATGERI;1;30.06.1988;1;0
FUATHAN;1;3.01.1974;1;0
FEYKUS;1;2.08.1933;0;1
AMDULLAH;1;27.11.1974;1;0
MEZUR;1;2.01.1955;1;0
AKJEMAL;1;22.07.1979;0;1
IPTIDA;1;9.05.1945;0;1
S.ARMAGAN;1;23.08.1980;0;1
BESINER;1;25.02.1987;1;0
MYAHRI;1;30.03.1979;0;1
NIGLAR;1;12.02.1971;0;1
URUKUYA;1;1.06.1965;0;1
KILAVETTIN;1;18.03.1933;0;1
ALPERT;1;26.12.1979;1;0
NECALIN;1;22.02.1961;1;0
ILIKNUR;1;21.11.1974;0;1
DENIZKAY;1;26.03.1949;1;0
SEVKILET;1;22.04.1967;0;1
HOSGELDI;1;20.02.1971;1;0
LIZIN;1;20.02.1974;0;1
TUMURLENK;1;16.07.1961;1;0
TILIN;1;3.01.1974;0;1
TEDERGIN;1;21.10.1974;0;1
KISLA;1;21.09.1988;0;1
ILDET;1;24.10.1964;1;0
ESRUH;1;26.12.1983;0;1
GIMRIYE;1;10.05.1958;0;1
KILIS;1;1.06.1966;0;1
SEHTIYE;1;8.04.1939;0;1
DUNYEZEK;1;12.02.1960;0;1
ALIVAHIT;1;17.10.1944;1;0
IYAMETTIN;1;7.10.1970;1;0
VILDANUN;1;1.04.1984;0;1
KUMEYL;1;1.04.1971;1;0
MURIA;1;22.06.1937;0;1
MUNTEZER;1;2.12.1981;0;1
GULANNEBI;1;22.08.1937;1;0
MUBAHIT;1;7.02.1976;1;0
SEYRISTAN;1;22.03.1955;0;1
MUHTESNA;1;2.03.1969;0;1
YENEDAGLAR;1;22.02.1991;0;1
ZULKIDA;1;22.04.1971;0;1
TAETTIN;1;1.03.1953;1;0
ZEBEDIN;1;21.10.1971;1;0
RUZEL;1;18.07.1967;0;1
GORYEN;1;27.11.1990;0;1
ABDURRAHZAK;1;23.02.1943;1;0
RUNCAY;1;23.02.1970;0;1
GASRA;1;9.10.1976;0;1
MULHICAN;1;2.08.1950;0;1
VAICE;1;7.09.1964;0;1
HATICEN;1;26.12.1976;0;1
RUKZE;1;28.02.1956;0;1
LEVGUL;1;17.02.1984;0;1
RAYHANI;1;28.02.1954;0;1
DANER;1;7.02.1976;0;1
SABANAT;1;21.04.1975;0;1
NUSRUHAN;1;2.02.1963;0;1
HAMALIYE;1;16.03.1977;0;1
KALAMKAS;1;1.07.1969;0;1
MEHSILA;1;12.02.1941;0;1
HOMI;1;24.08.1977;0;1
NADILLE;1;22.02.1973;0;1
SUPHUYI;1;24.03.1988;0;1
HUCA;1;10.01.1985;1;0
IBAY;1;11.01.1964;1;0
TEHMIDE;1;7.03.1928;0;1
ILMIYYE;1;19.01.1968;0;1
HEVLIYA;1;24.10.1983;0;1
ISMEGAN;1;7.02.1958;0;1
MEVFUBE;1;7.06.1976;0;1
SELFRAZ;1;5.04.1963;0;1
HABBULU;1;27.02.1938;0;1
NIFERIYE;1;16.01.1937;0;1
TEMIRCIN;1;11.05.1938;1;0
CERCIOGLU;1;23.03.1988;1;0
ESDELYA;1;28.10.1976;0;1
SUBULET;1;2.02.1969;0;1
KOKEZ;1;16.12.1939;0;1
VERNIYE;1;27.08.1956;0;1
UTUBE;1;3.01.1971;0;1
FERATIBE;1;19.03.1970;0;1
SERAYETTIN;1;3.04.1963;1;0
SAIYIR;1;2.02.1975;0;1
MAZIL;1;27.02.1944;0;1
MULHIK;1;9.04.1934;1;0
GULENDEYMEN;1;11.11.1970;0;1
CELUL;1;27.08.1956;1;0
HAMNET;1;15.03.1969;0;1
MEHLISER;1;1.05.1979;0;1
LUZENUR;1;6.02.1957;0;1
NUGFEN;1;2.11.1969;1;0
NUPHAN;1;25.05.1967;1;0
ERMEZET;1;16.09.1956;0;1
REFGETIN;1;10.03.1944;1;0
SAMUH;1;17.07.1943;1;0
LINCAN;1;16.06.1982;0;1
ORTLEK;1;8.10.1964;1;0
FENSI;1;12.04.1941;0;1
PEYAMA;1;17.02.1972;0;1
IZAYE;1;11.03.1951;0;1
EBECE;1;12.08.1935;0;1
CENE;1;26.10.1929;0;1
NURCEYHAN;1;4.04.1963;0;1
ZIBEYIR;1;30.03.1970;1;0
NEGRE;1;1.08.1961;0;1
GEZIHE;1;1.02.1937;0;1
KAVAAS;1;16.01.1969;1;0
GEMIDONDU;1;17.07.1973;0;1
MERMUS;1;12.10.1959;1;0
BEYBASI;1;18.10.1956;1;0
MEDAL;1;3.11.1971;0;1
CERBU;1;12.08.1935;1;0
ISARA;1;12.09.1966;0;1
KANASET;1;22.05.1983;0;1
ZIKIF;1;9.11.1965;1;0
ILILLAH;1;27.12.1968;0;1
HUDAV;1;7.02.1952;0;1
FELLUCE;1;7.06.1958;0;1
ROKAN;1;10.08.1990;1;0
AYNULMARDIYE;1;3.04.1973;0;1
ZULHAMA;1;27.03.1969;0;1
AVNIZELIHA;1;8.06.1980;0;1
NEYTEDIN;1;6.03.1981;1;0
GULLOR;1;12.08.1917;1;0
ITHAYE;1;7.02.1970;0;1
FARIR;1;27.02.1974;1;0
REMZIYLE;1;8.08.1958;0;1
SANSENGUL;1;26.12.1965;0;1
DICLAY;1;28.02.1975;0;1
NEVIF;1;1.07.1956;0;1
RUSAS;1;17.03.1966;0;1
KUNAZ;1;12.02.1971;1;0
TEMENTA;1;9.09.1977;0;1
NEZBITTIN;1;6.04.1950;1;0
VETKAN;1;22.08.1989;1;0
FAYSAN;1;15.04.1983;1;0
MUHEBBE;1;7.02.1976;0;1
NEDIMSAN;1;7.02.1946;1;0
ENFELEZ;1;29.10.1969;1;0
ETREMIN;1;17.02.1942;1;0
MAKSEL;1;8.04.1985;0;1
ANSALI;1;5.04.1964;0;1
SUGUP;1;12.08.1929;0;1
ZOFDIYE;1;23.03.1967;0;1
RUSVIYE;1;29.03.1967;0;1
DERNAZ;1;1.07.1984;0;1
DABIS;1;2.02.1969;1;0
DURASIN;1;22.04.1967;0;1
TULAVE;1;19.02.1971;0;1
SEZAHIL;1;11.07.1957;1;0
MUKRUBEN;1;16.04.1982;0;1
ANZULLA;1;13.03.1945;0;1
EZRAYIL;1;24.12.1982;1;0
URUCEY;1;6.11.1960;0;1
BILENDEN;1;4.02.1969;0;1
DENVER;1;12.12.1959;1;0
MENBAHAR;1;23.05.1961;0;1
HERMESI;1;24.03.1967;0;1
KUSMEZ;1;29.01.1959;0;1
BURYEDA;1;25.03.1957;0;1
REMLET;1;23.08.1972;0;1
MUCIBET;1;22.04.1982;0;1
MEVZER;1;16.03.1978;1;0
ABDULTUFAN;1;7.03.1976;1;0
DARB;1;7.02.1970;1;0
KASVA;1;12.02.1941;0;1
CANULKER;1;12.06.1965;1;0
MIZRE;1;1.11.1985;1;0
CIGAN;1;12.02.1935;1;0
ETITURK;1;19.04.1976;1;0
HAMUIDE;1;7.02.1973;0;1
DILCEHAN;1;12.05.1971;0;1
BEYHUNE;1;14.08.1960;0;1
REDAH;1;24.04.1961;0;1
KEPSE;1;27.02.1950;0;1
MEKSELIMA;1;14.10.1987;1;0
ROJMAN;1;16.03.1980;1;0
ENBIRAN;1;25.04.1977;0;1
FEYZUYE;1;17.02.1972;0;1
TAHARETTIN;1;3.01.1985;1;0
MUSEVERAT;1;20.02.1964;0;1
KAYFA;1;13.02.1928;0;1
KORALIYA;1;12.11.1959;0;1
BENYEMI;1;11.03.1944;1;0
CANVAR;1;23.06.1965;1;0
MINYASI;1;7.03.1964;0;1
TUBULAY;1;11.09.1976;0;1
PENER;1;1.11.1965;0;1
JULEN;1;2.02.1969;1;0
NEFFU;1;2.08.1933;0;1
CULYAN;1;5.03.1979;1;0
BENYEMIL;1;12.04.1977;1;0
DUNYAZER;1;29.09.1981;0;1
GULBESKER;1;6.01.1937;0;1
EFBER;1;27.12.1961;0;1
MUYASAR;1;21.01.1939;0;1
GULSAHANI;1;12.11.1972;0;1
HUZRIYA;1;2.03.1963;0;1
SUYBET;1;27.02.1986;0;1
HACADE;1;2.02.1951;0;1
ZONRUNAZ;1;27.12.1965;0;1
CIREK;1;23.12.1968;0;1
MUSAGAT;1;8.04.1980;0;1
RAVUSTAN;1;9.04.1970;1;0
ESETIN;1;6.02.1991;1;0
MUSEREH;1;2.04.1975;0;1
ZAFDE;1;12.03.1965;0;1
GULNEMSI;1;25.02.1946;0;1
BUFET;1;5.11.1975;1;0
MUSAVAAT;1;27.02.1974;0;1
LEVENTCETIN;1;18.06.1968;1;0
SAYSITE;1;3.05.1967;0;1
SERTIS;1;27.02.1950;1;0
ATHARUST;1;11.02.1964;1;0
GULVESIM;1;11.06.1981;0;1
NACILCE;1;1.07.1937;0;1
ESEVIL;1;1.11.1976;1;0
CAFFAL;1;24.09.1955;1;0
AYSEKADRIYE;1;6.10.1976;0;1
BURHANEDIM;1;7.04.1988;1;0
ZEGINE;1;6.04.1973;0;1
DOYSUN;1;12.07.1967;1;0
SEMANEL;1;8.04.1970;1;0
BEDIRUL;1;23.04.1961;0;1
AHMEDIREMZI;1;26.11.1964;1;0
AYSINAY;1;13.01.1989;0;1
SULUNAZ;1;17.08.1966;0;1
MURISIN;1;17.04.1960;0;1
YUNNUS;1;7.04.1976;1;0
MITHIYE;1;27.02.1974;0;1
ALIDIP;1;22.08.1925;1;0
SOHEYL;1;6.09.1980;1;0
GORSAL;1;18.08.1961;1;0
ABDULMAHSIN;1;9.07.1956;1;0
SAHIZEZAMAN;1;19.07.1952;0;1
HAMDULULAH;1;24.04.1985;1;0
REMZUYE;1;22.02.1967;0;1
SONGULEN;1;12.03.1971;1;0
LEVSER;1;6.09.1962;0;1
NIMSE;1;2.04.1959;0;1
SEVRINNAZ;1;12.09.1959;0;1
DURDULI;1;17.04.1966;0;1
MUNEVVERI;1;16.11.1968;0;1
IKBALPASA;1;8.03.1960;1;0
AZGUN;1;12.10.1976;0;1
MAHTIGUL;1;22.02.1967;0;1
NECLAHE;1;28.03.1972;0;1
OBEYIS;1;20.06.1946;0;1
ZURHEYYA;1;28.03.1962;0;1
TUYANA;1;12.08.1984;0;1
HADDAT;1;9.04.1966;1;0
KUSIDE;1;7.01.1952;0;1
NAMSIZ;1;19.08.1987;1;0
SAYDANUR;1;29.05.1979;0;1
FIZYON;1;12.03.1985;0;1
ATIVET;1;22.03.1967;0;1
MEYYI;1;10.08.1948;0;1
OCALKORAY;1;2.09.1985;1;0
HISULLAH;1;13.11.1941;1;0
GULFERAYI;1;6.09.1970;0;1
NEVINGAYE;1;23.08.1951;0;1
MEDIHHA;1;26.08.1956;0;1
ISLEM;1;19.02.1959;0;1
SALAYTIN;1;23.06.1962;1;0
BAHSUDE;1;7.02.1987;0;1
NUSHE;1;11.07.1990;0;1
HUMARYA;1;10.12.1984;0;1
ORDUBEYI;1;11.02.1967;1;0
SIFEY;1;14.06.1966;0;1
ERSAKUN;1;16.05.1977;1;0
TAHHIR;1;2.01.1955;1;0
CUBEYT;1;6.05.1959;1;0
LADINE;1;5.01.1972;0;1
NIMENUR;1;22.02.1987;0;1
ZIVEYRE;1;30.11.1972;0;1
TEBRIS;1;18.06.1986;1;0
ABDUNAZIR;1;12.06.1977;1;0
SELIHATIN;1;2.02.1975;1;0
SUZYE;1;21.02.1966;0;1
MOMYA;1;27.02.1962;0;1
FERZIHANE;1;16.12.1963;0;1
ZIYAFEDIN;1;7.08.1976;1;0
MEMIZAR;1;12.08.1935;0;1
IHTIBAL;1;12.02.1953;0;1
ZAYIDI;1;21.04.1951;0;1
SEVDATA;1;17.02.1942;0;1
IMREHANE;1;17.04.1966;0;1
DEMSA;1;1.07.1930;1;0
PIPEI;1;4.02.1962;0;1
MUNEVVVER;1;6.02.1968;0;1
EYUBENUR;1;10.05.1975;0;1
GUDA;1;7.07.1958;0;1
GULUMDAL;1;27.03.1971;0;1
CENURE;1;17.08.1960;0;1
ABDULKAYAS;1;12.02.1989;1;0
DILEKNESE;1;11.10.1985;0;1
ABDURSEMED;1;2.03.1973;1;0
FEYAM;1;12.06.1973;1;0
YAGUBE;1;21.06.1966;0;1
GULBINER;1;26.09.1983;0;1
NEZMAYIN;1;8.05.1975;0;1
GULSAHADE;1;13.09.1968;0;1
SUNDISE;1;17.09.1962;0;1
ALSAR;1;3.01.1974;0;1
BURGUVI;1;12.03.1971;1;0
HASANYE;1;6.07.1960;0;1
OLESIA;1;19.06.1983;0;1
CULENT;1;11.11.1965;1;0
ORDUSAH;1;17.02.1960;0;1
SUEYUB;1;1.04.1971;1;0
NAFIJA;1;30.04.1948;0;1
GORGUNAY;1;18.04.1961;1;0
SIZIDE;1;22.02.1955;0;1
SELMANIN;1;3.09.1969;0;1
MISDA;1;9.06.1985;0;1
BARAHAN;1;3.03.1973;1;0
MUGTAT;1;6.07.1978;1;0
M.HAFIZUR;1;26.10.1973;1;0
ILASIN;1;2.03.1969;1;0
ERDUVEN;1;22.02.1943;1;0
YILHAK;1;20.04.1977;1;0
KAHKESAN;1;11.01.1981;1;0
AGMIL;1;2.02.1969;1;0
MEFAIDDIN;1;29.01.1965;1;0
HACARAY;1;2.05.1969;0;1
ZARUN;1;22.12.1985;0;1
DILFURAY;1;12.02.1965;0;1
GULFURUS;1;1.01.2001;0;1
MEFACAN;1;12.02.1989;1;0
CAREDE;1;10.09.1940;0;1
UNKE;1;21.04.1974;0;1
HEVIDAN;1;22.06.1991;0;1
CEMIDA;1;2.04.1975;0;1
SIHLU;1;12.08.1923;1;0
GOKTUFAN;1;30.10.1989;1;0
NISPAH;1;7.05.1962;1;0
BIRSIME;1;11.07.1973;0;1
CANDIK;1;27.02.1974;0;1
HEDIG;1;16.07.1953;0;1
HAZANE;1;24.10.1946;0;1
AHZEMIN;1;29.09.1962;0;1
TICAYI;1;9.03.1957;1;0
BURYEDE;1;4.08.1953;0;1
ILKAL;1;26.06.1975;0;1
VEKIP;1;14.03.1950;1;0
KIMLILIR;1;24.12.1965;1;0
MENZUBE;1;13.02.1975;0;1
EBADIL;1;9.10.1946;0;1
SULIYBE;1;22.09.1957;0;1
SAGMET;1;1.03.1953;1;0
BAGADUR;1;6.08.1990;1;0
BIBIZADE;1;25.08.1966;0;1
TIFA;1;21.06.1941;0;1
EZANI;1;17.08.1972;1;0
ALTUGRUL;1;7.02.1970;1;0
BAHTIZAN;1;15.02.1974;0;1
BEHRINISA;1;2.08.1945;0;1
SEHMUNAZ;1;22.06.1970;0;1
DURBAHAR;1;2.10.1961;0;1
SUNABER;1;11.01.1945;0;1
MESSIHA;1;7.05.1976;0;1
SABATIH;1;27.02.1974;1;0
ONDA;1;27.05.1962;0;1
ILMENDER;1;1.06.1980;1;0
MAHBUPSAH;1;11.05.1975;0;1
RUTGUYE;1;1.02.1960;0;1
NUFSUCIHAN;1;11.06.1975;0;1
YILDIRA;1;16.01.1972;1;0
RETSI;1;17.02.1972;0;1
MENUSURE;1;22.02.1967;0;1
SAMMETTIN;1;17.03.1972;1;0
NESEYMI;1;2.01.1969;1;0
EMETULLLAH;1;7.09.1988;0;1
ABDUYHADI;1;5.05.1991;1;0
ABITULKERIM;1;17.02.1966;1;0
CURUYE;1;23.01.1973;0;1
SAHBAHEDDIN;1;2.08.1975;1;0
GEDBAN;1;22.08.1913;1;0
KIZME;1;17.02.1954;0;1
PAMIRIYE;1;18.01.1977;0;1
FELLEN;1;28.04.1962;0;1
GINUS;1;7.02.1976;0;1
SOFULAY;1;13.03.1965;0;1
SEHEREZADE;1;21.09.1964;0;1
SEZEYEN;1;21.02.1966;0;1
KIRILHAN;1;27.02.1971;0;1
FEYYALE;1;12.02.1971;0;1
ESEFIL;1;16.02.1951;1;0
KOZUDE;1;21.10.1941;0;1
NEZAHADTIN;1;26.09.1958;1;0
AIDYN;1;18.01.1974;0;1
REVATIYE;1;25.05.1973;0;1
FAYNE;1;2.05.1982;0;1
GULSAVER;1;2.12.1939;0;1
NAILCELAL;1;13.06.1976;1;0
NAHAYDA;1;27.04.1968;0;1
VOLKANCAN;1;5.04.1990;1;0
TEVCID;1;17.03.1978;0;1
YEKSANE;1;12.02.1953;1;0
SUUHAN;1;11.09.1980;0;1
GULBITAN;1;12.02.1965;0;1
IRAHIR;1;28.04.1977;0;1
NENBER;1;29.2.1950;0;1
MIHSIME;1;7.02.1958;0;1
SEFHURE;1;23.06.1951;0;1
AMIDA;1;1.10.1984;0;1
ZULKARNEN;1;17.02.1960;1;0
DUNUF;1;7.02.1952;0;1
BICIHA;1;8.12.1966;0;1
SUHO;1;2.04.1966;1;0
GALAF;1;19.06.1972;1;0
GIRBI;1;27.12.1986;1;0
BAGZI;1;27.08.1932;0;1
HALENE;1;17.02.1972;0;1
HALUMA;1;21.03.1935;0;1
HUCRAM;1;17.02.1966;0;1
SEKVET;1;8.02.1988;1;0
BEZIRE;1;19.03.1948;0;1
DIMAR;1;22.02.1973;1;0
FENIME;1;9.01.1982;0;1
HACIYOL;1;17.02.1966;1;0
ESHABA;1;11.07.1966;1;0
ZAFIRULLAH;1;12.10.1953;1;0
S.ERDAL;1;30.04.1976;1;0
ANJILHA;1;17.12.1978;0;1
EZRAN;1;14.10.1968;0;1
ABDARRAHMAN;1;8.07.1988;1;0
SIRINAR;1;2.02.1969;0;1
AYDELI;1;11.05.1957;0;1
SAZELYE;1;29.04.1939;0;1
BAYRIFE;1;27.08.1938;0;1
SERIZET;1;27.05.1961;0;1
OMMULSUM;1;17.02.1978;0;1
HOCETTIN;1;22.02.1979;1;0
CARAH;1;15.11.1939;1;0
HICICA;1;12.02.1965;0;1
MEZKIYE;1;22.04.1985;0;1
REJBER;1;27.03.1992;1;0
TEYYAREY;1;22.02.1973;0;1
IDALEDIN;1;29.04.1968;1;0
IGANE;1;17.02.1960;0;1
ZINVET;1;7.03.1964;0;1
HATUNAY;1;22.11.1991;0;1
VELPARE;1;1.02.1964;0;1
KIYAYET;1;22.08.1937;0;1
PEYAME;1;7.05.1958;0;1
MUSTINAS;1;17.10.1948;0;1
GUNERCE;1;2.02.1939;0;1
MIKERREM;1;22.08.1971;0;1
NIMAL;1;21.04.1977;0;1
IBADIN;1;12.02.1959;1;0
CULLO;1;2.08.1927;1;0
HEBRA;1;2.08.1975;0;1
HUVEYIC;1;1.03.1959;1;0
FAILIGA;1;22.03.1973;0;1
COKSUKUR;1;30.04.1956;0;1
GULSERDAR;1;18.04.1966;0;1
NURCADE;1;10.10.1955;0;1
IPRISIM;1;7.07.1968;0;1
MEHFANE;1;17.08.1942;0;1
ORGER;1;7.11.1946;0;1
BEYCER;1;14.02.1973;1;0
IRHAYLA;1;23.04.1967;0;1
NELVA;1;26.05.1974;0;1
NIHVEN;1;26.02.1976;0;1
MILET;1;21.03.1970;0;1
TECISER;1;13.02.1965;0;1
SEKIRZAN;1;28.12.1957;0;1
ESIYEM;1;21.09.1980;0;1
ISMINEZ;1;1.05.1944;0;1
FATMAA;1;7.12.1983;0;1
NEBREZ;1;26.10.1978;0;1
SAYIZA;1;7.02.1970;0;1
AYCELIN;1;27.02.1991;0;1
VAAZETTIN;1;14.03.1983;1;0
AYSINEM;1;7.04.1988;0;1
TEMUNE;1;7.11.1988;0;1
LIDVAN;1;21.10.1959;1;0
FEZAYIM;1;22.02.1943;1;0
ORUHAN;1;2.02.1963;1;0
SADIFA;1;12.08.1929;0;1
SECGIM;1;10.10.1978;0;1
SENEMSA;1;17.04.1966;0;1
HARIPSA;1;12.05.1983;0;1
ATAKAYA;1;27.05.1971;1;0
TEMIZHAN;1;12.02.1965;1;0
BEGLE;1;2.02.1957;1;0
GULHANPERI;1;27.10.1968;0;1
NEZAVAT;1;22.02.1967;0;1
NUYFEL;1;23.09.1967;1;0
NUSIMAN;1;22.09.1973;0;1
EMILGALIP;1;19.10.1961;1;0
BERATKAN;1;13.06.1984;0;1
RAYINAZ;1;7.02.1956;0;1
HASARRI;1;23.08.1968;1;0
AYNIZEYIHA;1;12.02.1965;0;1
YIBAT;1;5.09.1976;0;1
SANBEK;1;2.08.1945;1;0
ADDEM;1;10.09.1990;1;0
COVERA;1;15.08.1965;0;1
MUSAYETIN;1;23.02.1975;1;0
GIROS;1;22.02.1967;0;1
ABDULHIKMET;1;24.03.1967;1;0
HAZIANE;1;3.03.1975;0;1
ZAGI;1;2.02.1981;1;0
MABIZE;1;19.07.1968;0;1
RUVIDA;1;10.10.1991;0;1
SUCADE;1;13.02.1982;0;1
DENIZHANIM;1;2.05.1963;0;1
SELV;1;2.06.1987;0;1
PERZEY;1;13.02.1971;0;1
MEMETHALIT;1;2.09.1957;1;0
YILGEN;1;25.07.1977;0;1
ESFEN;1;2.07.1975;1;0
VASVE;1;17.05.1984;0;1
ENSEGUL;1;1.06.1990;0;1
CUMALIYASAR;1;3.03.1961;1;0
NIYASSE;1;16.06.1975;0;1
AYSEGULISTAN;1;28.03.1981;0;1
NEJMIN;1;23.08.1972;1;0
RADIER;1;12.12.1938;1;0
IKRABIN;1;23.08.1980;1;0
SAHFEREH;1;8.03.1975;0;1
OKYARTAN;1;15.04.1972;1;0
TIMIY;1;21.05.1966;0;1
MAK.ULE;1;6.06.1985;0;1
GOZAN;1;16.04.1965;0;1
ZIMIYE;1;22.02.1967;0;1
GEVLI;1;2.10.1980;1;0
HINAM;1;2.10.1954;0;1
ZERILHAN;1;22.12.1979;0;1
GULMUZLUBE;1;12.06.1976;0;1
VESTAH;1;1.11.1979;0;1
MEHRINAS;1;6.01.1967;0;1
VESFAH;1;1.11.1979;0;1
ABUZERGAFUR;1;10.11.1972;1;0
HUSEMETDIN;1;1.11.1970;1;0
URIYAN;1;11.09.1953;1;0
ADILKADIR;1;24.02.1961;1;0
HASABI;1;20.05.1975;1;0
SUREYAN;1;16.11.1980;0;1
AVISI;1;29.04.1925;0;1
METUMULLAH;1;22.08.1967;1;0
MUSSA;1;1.06.1960;1;0
SOKEREN;1;3.05.1977;0;1
GERGERLI;1;7.07.1979;1;0
SASIP;1;1.03.1974;1;0
GAFARIYE;1;7.04.1958;0;1
HILDAHAN;1;29.04.1984;0;1
BERATGAZI;1;28.04.1992;1;0
GULBERAZ;1;22.03.1988;0;1
GEZINE;1;21.05.1961;0;1
ZULHAYAL;1;3.12.1964;0;1
GIRYE;1;8.05.1973;0;1
AYYISEHAN;1;16.03.1964;0;1
INCAP;1;7.05.1958;0;1
ABDOL;1;22.06.1991;1;0
ZAZIME;1;21.11.1963;0;1
SEHSALIH;1;13.07.1991;1;0
CUNU;1;22.02.1949;0;1
MESATA;1;25.06.1955;0;1
SONOGUR;1;9.05.1955;0;1
FATIMETOZEHRA;1;4.08.1963;0;1
KAFURI;1;21.01.1967;1;0
SEVPIL;1;17.12.1968;0;1
MEHMETCUMA;1;28.11.1980;1;0
MUDLAC;1;13.03.1959;1;0
KILLO;1;17.08.1930;1;0
OTYAN;1;19.02.1972;0;1
SAFRAZ;1;11.03.1981;0;1
SULGEN;1;17.02.1966;0;1
ZETUNET;1;17.02.1960;0;1
ELYEASA;1;30.08.1991;1;0
REMZILE;1;26.06.1967;0;1
SERDETE;1;13.03.1953;0;1
GAFARRI;1;13.08.1966;1;0
GULOSTAN;1;12.05.1966;0;1
RUHULLA;1;14.05.1991;1;0
SETHIYE;1;6.10.1927;0;1
SUYELA;1;17.10.1972;0;1
M.NESET;1;7.09.1933;1;0
GELIBAR;1;22.02.1961;0;1
MURDAHA;1;27.01.1980;0;1
EFIF;1;16.03.1970;1;0
ARIZIYE;1;12.05.1965;0;1
HACEREY;1;9.03.1958;0;1
GIR;1;11.08.1967;1;0
RAHAL;1;19.05.1960;0;1
CEMINEL;1;16.02.1964;0;1
EBRUHANIM;1;5.09.1976;0;1
ABUSADIK;1;27.10.1962;1;0
HAYURULLAH;1;7.02.1976;1;0
NOSRET;1;4.09.1967;1;0
BALAN;1;11.11.1986;0;1
ERSABAH;1;20.07.1983;1;0
MUHUDTIN;1;5.12.1975;1;0
SADUMAM;1;13.08.1971;0;1
LUTUFA;1;24.04.1973;0;1
ABUZERGAFFUR;1;11.02.1979;1;0
NERUDE;1;11.06.1961;0;1
KIBAY;1;12.11.1989;0;1
SEMMED;1;7.02.1982;1;0
DENTAS;1;11.06.1975;1;0
DILFROS;1;23.05.1974;0;1
SARUNCA;1;17.02.1972;0;1
ABDITALIP;1;7.02.1976;1;0
MEKULE;1;5.12.1959;0;1
HULYAR;1;4.04.1951;0;1
DILFORIZ;1;13.04.1950;0;1
EKREMI;1;22.06.1978;0;1
HAFFEY;1;17.05.1936;0;1
MURDIA;1;23.11.1978;0;1
LEZVIYE;1;19.12.1986;0;1
ZIAYEDIN;1;12.03.1965;1;0
MUHKADES;1;16.03.1970;0;1
EBUKASIM;1;7.03.1988;1;0
ZUHRUHAN;1;11.04.1966;0;1
USU;1;22.08.1931;1;0
YONGUL;1;17.07.1978;0;1
GULMIZGIN;1;21.02.1984;0;1
RUZGIYE;1;7.09.1978;0;1
ZEYIRCAN;1;5.05.1957;0;1
TAHIRDE;1;17.02.1972;0;1
HALILARAHMAN;1;12.05.1975;1;0
ZARIMCE;1;7.03.1964;0;1
RAMIY;1;12.01.1959;0;1
HATAVI;1;26.01.1953;0;1
ABISEYF;1;9.03.1934;1;0
SHILAN;1;9.02.1977;0;1
HEMILO;1;23.04.1934;1;0
RABIAHAN;1;3.08.1943;0;1
PEVRIME;1;12.02.1965;0;1
SEYHMET;1;5.03.1961;1;0
FILAZIZ;1;1.05.1920;1;0
MUVETIR;1;7.08.1958;0;1
GANDO;1;2.08.1915;1;0
GOHRA;1;27.04.1940;0;1
MILLO;1;27.04.1938;1;0
EBAYMUSLUM;1;23.02.1967;0;1
FEGIRE;1;15.03.1974;0;1
HEDIRE;1;6.03.1940;0;1
ZEYIRIBAN;1;7.10.1973;0;1
DULFIRUZ;1;22.07.1989;0;1
HAMSEG;1;2.02.1957;0;1
TERZIRE;1;2.10.1977;0;1
HIKMAN;1;12.02.1965;0;1
BACIME;1;26.03.1952;0;1
HUSEYIN.;1;10.07.1990;1;0
HARIFET;1;8.11.1974;0;1
HORIDE;1;5.02.1959;0;1
SEHHRIBAN;1;13.11.1991;0;1
BERKISE;1;12.03.1953;0;1
SEBINEBAT;1;12.02.1965;0;1
ADIRHAN;1;1.09.1968;0;1
DIFROZ;1;22.02.1968;0;1
KUCUKYUSUF;1;27.08.1944;1;0
TARAT;1;22.06.1968;0;1
RABO;1;22.08.1943;0;1
SAADEK;1;27.06.1974;0;1
MIDIYAN;1;11.06.1974;0;1
UNFAN;1;4.03.1973;1;0
MEHMETCEM;1;19.08.1972;1;0
ELMASGUL;1;15.10.1981;0;1
BEYAZAY;1;6.07.1955;0;1
KASOV;1;18.04.1954;1;0
HAYCIMEN;1;19.02.1966;0;1
HORYAN;1;8.03.1954;1;0
SAVLO;1;10.06.1972;1;0
HADIHA;1;22.07.1971;0;1
NURSEMEN;1;7.06.1987;0;1
YAKUPCEM;1;10.10.1985;1;0
UMITI;1;2.02.1974;1;0
MEMETMESUT;1;28.06.1978;1;0
FERYIT;1;3.04.1969;0;1
AHALI;1;6.05.1979;1;0
KAFUL;1;23.02.1955;1;0
IRAZIYA;1;10.01.1975;0;1
SAHIDEK;1;23.03.1973;0;1
GAMEY;1;17.02.1954;0;1
GULSERPEN;1;11.11.1950;0;1
TERBIZ;1;11.07.1968;1;0
NUREYI;1;20.06.1990;0;1
ZAITDIN;1;12.11.1985;1;0
TANZIRIYE;1;11.05.1955;0;1
FEYRO;1;16.07.1945;0;1
ESUFE;1;14.10.1952;0;1
ZOVER;1;2.03.1957;1;0
GAZIBAN;1;11.06.1939;0;1
NIYYAT;1;22.05.1955;0;1
VAKIFE;1;18.11.1953;0;1
NUKFEL;1;1.06.1967;1;0
ERFETTIN;1;22.02.1979;1;0
EMINEY;1;22.08.1931;0;1
DONDO;1;21.10.1982;0;1
MECNON;1;26.03.1967;1;0
ABUDULKADIR;1;28.08.1991;1;0
SEFIATI;1;4.03.1963;0;1
ESEV;1;1.02.1949;0;1
RAMEY;1;21.07.1948;0;1
SEKMIYE;1;22.02.1967;0;1
FAKIRI;1;17.04.1947;1;0
MENKSE;1;22.10.1991;0;1
UVAYS;1;18.05.1947;0;1
GULDIRAN;1;22.02.1967;0;1
HETAIN;1;14.06.1947;0;1
KUREYES;1;18.07.1947;1;0
KORES;1;17.02.1954;1;0
FILLAY;1;3.09.1920;0;1
BESEYE;1;18.03.1956;0;1
MEDEY;1;12.08.1929;0;1
OCIYE;1;22.03.1961;0;1
MAMILI;1;12.02.1965;1;0
AYILENUR;1;2.01.1969;0;1
HACAZ;1;5.10.1983;1;0
FIDALYA;1;6.07.1978;0;1
HALILMEMET;1;27.08.1926;1;0
KIZMAZ;1;7.08.1928;1;0
LEVZIN;1;7.02.1958;0;1
MENTISE;1;20.09.1948;0;1
YUREBE;1;22.02.1967;0;1
MEKEY;1;1.01.1927;0;1
AYNIZELIHAN;1;27.02.1950;0;1
TUKMEN;1;27.06.1980;0;1
PARIZADE;1;8.05.1982;0;1
AYISEHANIM;1;24.05.1961;0;1
TEVFUK;1;11.03.1957;1;0
OZHIYE;1;20.06.1968;0;1
MUCEZZET;1;3.06.1978;0;1
KAHARI;1;22.04.1931;0;1
SEYDOBAS;1;21.04.1965;1;0
SUVETHAN;1;3.06.1975;0;1
YETKOL;1;11.11.1987;0;1
IFAKKAT;1;7.01.1964;0;1
KEJJEY;1;15.02.1938;0;1
BERALI;1;23.07.1942;1;0
UBEYSI;1;18.09.1963;0;1
TITTI;1;6.01.1940;0;1
FETHIZE;1;13.12.1949;0;1
FAYISA;1;17.02.1960;0;1
ORKUYE;1;17.10.1954;0;1
GULMATI;1;3.11.1965;0;1
KAMRIYE;1;8.02.1958;0;1
ZUREYYET;1;10.04.1958;1;0
EMIROZ;1;10.04.1940;1;0
DUYUS;1;7.10.1984;0;1
ISNAHAN;1;3.01.1969;0;1
FETMI;1;7.08.1964;0;1
FATISA;1;9.09.1979;0;1
NUNEY;1;17.07.1936;0;1
NAZFE;1;24.03.1981;0;1
NEDANI;1;5.11.1982;0;1
PETES;1;15.06.1960;1;0
ZEYVA;1;12.12.1985;1;0
SIRNA;1;12.11.1959;0;1
MEGRIBIYE;1;17.08.1936;0;1
HEDIZ;1;2.03.1973;0;1
ATAYIK;1;6.11.1980;1;0
MOELLE;1;4.01.1948;0;1
TENRA;1;3.02.1989;0;1
FELICITE;1;18.05.1987;0;1
FERZANUR;1;17.04.1984;0;1
MENTIS;1;2.08.1939;0;1
KUCUKMEMET;1;17.10.1935;1;0
SEYAS;1;21.09.1991;1;0
ESETMA;1;27.02.1962;0;1
SEFAKA;1;28.07.1961;0;1
USAMET;1;26.02.1990;1;0
GULTU;1;27.02.1968;0;1
MAZENGUL;1;21.06.1982;0;1
BETRU;1;21.03.1977;0;1
SAHET;1;23.10.1965;1;0
ELIFEY;1;27.02.1950;0;1
GULFEDAU;1;7.12.1956;0;1
SADIBEN;1;27.02.1974;0;1
YLVA;1;15.06.1973;0;1
NURSANEL;1;11.01.1982;0;1
SERHRIBAN;1;1.03.1954;0;1
GELECEK;1;18.05.1975;0;1
TECCAL;1;27.10.1920;1;0
IBRHAHIM;1;11.11.1991;1;0
CEMGIR;1;8.04.1976;1;0
EMRHAN;1;12.03.1983;0;1
H.ABDULHAKIM;1;24.07.1970;1;0
ZUHAYAT;1;27.03.1962;0;1
MUZZERIFE;1;7.03.1971;0;1
ZENU;1;2.08.1933;1;0
EZZEL;1;29.11.1982;0;1
ABUSUFYAN;1;17.10.1990;1;0
OBUS;1;30.05.1931;0;1
HABIHAN;1;1.01.2001;0;1
ZEBINET;1;26.02.1972;0;1
MIYAASE;1;27.03.1989;0;1
BASRU;1;16.06.1964;1;0
ABDUVEHAP;1;27.02.1968;1;0
KUMIYE;1;7.09.1964;0;1
ENVERSEDAT;1;8.06.1991;1;0
FAVDULLAH;1;12.10.1987;1;0
MUHACIN;1;27.08.1953;0;1
MASURA;1;21.03.1948;0;1
NOREDIN;1;28.01.1973;1;0
UZUMA;1;2.08.1951;0;1
SELIVER;1;19.10.1989;0;1
NETULLAH;1;6.02.1973;1;0
HATICIE;1;28.05.1991;0;1
NOZBIH;1;26.01.1977;1;0
MUDIHAN;1;18.06.1975;0;1
MEKUDE;1;26.05.1974;0;1
M.GOLI;1;7.02.1964;1;0
VASIRE;1;17.11.1966;0;1
YETET;1;13.03.1981;0;1
SEHNNAZ;1;16.02.1979;0;1
PERZIMELEK;1;27.02.1956;0;1
DUNZA;1;6.02.1972;0;1
OLUYIS;1;17.02.1954;0;1
MUGANNI;1;8.08.1944;1;0
OMIYE;1;22.02.1967;0;1
NAZEDIN;1;14.03.1977;1;0
HOREHAN;1;16.09.1985;0;1
AREYS;1;26.09.1955;0;1
HASIGIR;1;7.08.1934;1;0
MEGSUDE;1;27.01.1975;0;1
OZNIR;1;28.06.1956;0;1
DUDGAN;1;17.02.1960;0;1
NESHULLAH;1;23.11.1990;1;0
SIBIHI;1;22.02.1955;1;0
HEZAZAL;1;26.03.1966;0;1
TESTIK;1;1.05.1972;1;0
SICADE;1;22.02.1967;0;1
ZAHIRDE;1;22.06.1985;0;1
MEZIZE;1;7.06.1964;0;1
ONIR;1;13.05.1965;0;1
FERAHEDIMA;1;22.02.1992;0;1
HAFINE;1;2.05.1944;0;1
TAVUDE;1;1.07.1950;0;1
SAGULUYE;1;2.02.1951;0;1
TEHI;1;14.06.1953;0;1
YANIYE;1;21.07.1975;0;1
TISMER;1;27.04.1971;0;1
HIREDIN;1;27.03.1968;1;0
AIYA;1;29.04.1955;0;1
BEGOL;1;17.08.1948;0;1
ZILHAYA;1;12.02.1971;0;1
MEHSIDE;1;12.04.1959;0;1
NASIRAN;1;21.06.1975;0;1
CENAV;1;23.09.1971;1;0
SABZE;1;20.07.1974;0;1
REMU;1;7.07.1934;1;0
MUNEVIS;1;5.03.1963;0;1
SAHGULYA;1;16.06.1971;0;1
OLEM;1;5.07.1984;0;1
ZILHAYE;1;17.02.1966;0;1
ASERHAN;1;2.02.1975;0;1
FERZIY;1;17.08.1942;0;1
RAZIYEHAN;1;5.05.1975;0;1
PEZIHAN;1;26.05.1948;0;1
MUHCIZAT;1;7.02.1976;0;1
MGULSUM;1;2.02.1981;0;1
GAMSI;1;7.02.1970;0;1
MUTO;1;7.04.1946;1;0
DIFIRUZ;1;4.03.1987;0;1
ZUMURET;1;15.05.1941;0;1
DILFROZ;1;6.01.1989;0;1
MODEN;1;7.12.1973;1;0
AKGURBUZ;1;2.06.1939;1;0
GUVENDEM;1;17.02.1972;0;1
IHNAS;1;12.05.1971;0;1
ZEBRIHAN;1;7.10.1928;0;1
SARCIYE;1;2.05.1975;0;1
MUHTUBER;1;8.03.1980;0;1
UREKET;1;11.05.1964;0;1
ECEBAY;1;16.07.1991;1;0
YOGMITTIN;1;10.02.1957;1;0
MUVAHIP;1;14.02.1941;0;1
ALPARSLANTURK;1;4.01.1971;1;0
UCMANTURK;1;25.09.1938;1;0
AZRAHIL;1;21.03.1989;1;0
MEHLIBER;1;21.07.1953;0;1
HOKMET;1;16.01.1964;1;0
MELHUBA;1;27.04.1980;0;1
NURGADEM;1;27.02.1971;0;1
NEJDATTIN;1;29.06.1961;1;0
GULSAFAYI;1;21.10.1942;0;1
SEYLIFER;1;4.03.1938;0;1
MAYAC;1;20.02.1942;0;1
SEYFIAGA;1;7.02.1970;1;0
SAVTUG;1;30.09.1984;1;0
Y1LDIZ;1;17.02.1960;0;1
AZZIYE;1;26.07.1941;0;1
MUSDADDIN;1;7.09.1980;1;0
HIBSE;1;7.02.1952;0;1
MARSIME;1;8.02.1961;0;1
VAHIFE;1;25.05.1961;0;1
MESSULE;1;3.02.1975;0;1
UMRAKI;1;22.12.1986;0;1
HIHIN;1;27.04.1962;0;1
ZEYVEDDIN;1;7.06.1964;1;0
ZELICI;1;5.07.1963;0;1
MEHEYEDIN;1;7.02.1958;1;0
GULSAYRA;1;17.10.1972;0;1
IRICA;1;24.02.1970;0;1
MESEDO;1;7.12.1934;0;1
SEYKINE;1;16.05.1980;0;1
AHFAN;1;8.03.1958;1;0
APBAK;1;14.04.1946;1;0
SUBIYET;1;27.02.1962;0;1
TERSIYE;1;16.02.1957;0;1
LUVSER;1;1.08.1978;0;1
PALAZIYE;1;2.08.1960;0;1
MINASA;1;1.12.1953;0;1
NECALE;1;8.12.1946;0;1
AYSEMIH;1;15.02.1959;0;1
MIHEYE;1;12.02.1965;0;1
YALCINDIRIM;1;4.03.1990;1;0
TEKUYIDDIN;1;27.12.1956;1;0
MINBER;1;12.11.1935;0;1
ULDUS;1;2.02.1957;0;1
FENHAR;1;21.12.1971;0;1
VIOLLCE;1;11.09.1969;0;1
NEVZIRE;1;30.04.1963;0;1
URABIYE;1;27.02.1956;0;1
NIRBILGI;1;17.03.1942;0;1
BAKTYGUL;1;4.08.1977;0;1
BEYANC;1;5.06.1961;1;0
NEVAZIS;1;19.07.1980;0;1
PEREK;1;2.08.1933;0;1
RITVA;1;2.05.1940;0;1
AHBAB;1;12.12.1982;1;0
UMURALP;1;3.03.1988;1;0
ALIMEHATUN;1;5.12.1920;0;1
TEMUM;1;21.07.1983;1;0
DIRIYE;1;23.08.1973;0;1
TILAVIZ;1;12.10.1941;0;1
RUHSAHI;1;19.07.1942;0;1
NILFIGAN;1;29.06.1982;0;1
TAKYEDIM;1;17.02.1960;1;0
SULHANA;1;29.04.1970;0;1
ISKANDAR;1;11.02.1972;1;0
DJAMIAT;1;21.04.1954;0;1
GENIRE;1;11.03.1975;0;1
EFLAKE;1;9.11.1956;0;1
MEZIYNETDIN;1;17.08.1984;1;0
SECILKAN;1;7.09.1947;1;0
RAYNE;1;23.01.1960;0;1
KYZJIBEK;1;3.06.1976;0;1
MUSPIRIYE;1;26.05.1926;0;1
MIRFIDE;1;1.06.1971;0;1
AYMINE;1;5.02.1946;0;1
INGRIDBAERBEL;1;19.04.1956;0;1
FERDINDE;1;11.06.1964;0;1
GUKUS;1;27.05.1956;0;1
TUGIN;1;3.07.1970;1;0
SAFILA;1;7.02.1950;0;1
IKBALAGA;1;21.04.1935;1;0
RUSHARA;1;13.08.1972;0;1
MENTUA;1;3.04.1942;0;1
RALP;1;7.06.1975;1;0
KUMAR;1;12.03.1991;1;0
ZABILI;1;20.07.1976;0;1
SEBBINAZ;1;6.03.1975;0;1
MUNUHA;1;5.06.1963;0;1
HENNEN;1;16.03.1956;1;0
YURDAYNUR;1;17.05.1960;0;1
GYONGYVER;1;10.02.1973;0;1
DURDUHANI;1;28.06.1965;0;1
PIRCI;1;26.11.1963;1;0
HUP;1;1.12.1967;0;1
ALTINTARIM;1;26.08.1977;0;1
NUNUFA;1;8.10.1965;0;1
OZASLAN;1;8.03.1964;1;0
REZEDA;1;1.01.1965;0;1
ESIAY;1;29.04.1966;0;1
LEKALEM;1;17.04.1966;1;0
CANETTIN;1;2.02.1981;1;0
ETLAN;1;26.03.1965;1;0
ERKAND;1;29.09.1988;1;0
SERBURAK;1;10.08.1990;1;0
EVELINE;1;20.02.1953;0;1
SERAHIL;1;18.12.1964;1;0
MULBAK;1;6.01.1961;1;0
NASADET;1;21.03.1966;0;1
TATILYA;1;22.10.1991;0;1
SOGUK;1;23.03.1967;0;1
BOGUSLAWA;1;29.08.1978;0;1
SUKRUDDIN;1;22.02.1949;1;0
LINN;1;30.06.1965;0;1
MINTECAP;1;27.12.1956;1;0
DOGUGUL;1;28.02.1957;0;1
TAMZER;1;8.06.1975;1;0
GULUCIN;1;7.03.1942;0;1
APDULGANI;1;11.03.1961;1;0
LOKAN;1;27.01.1983;1;0
FIZIAL;1;18.07.1978;0;1
REYZEN;1;2.08.1954;0;1
GAIANA;1;6.03.1960;0;1
MUTAHIP;1;2.02.1951;1;0
PARDA;1;16.10.1969;0;1
DASURE;1;17.10.1963;0;1
ZUPEYDE;1;24.10.1961;0;1
NURF;1;23.04.1970;1;0
BOBOS;1;27.05.1965;1;0
RAKIYET;1;27.07.1962;0;1
BENSUH;1;17.05.1954;0;1
ZEHREN;1;21.07.1955;0;1
SENGUNAZ;1;12.09.1958;0;1
APTULAY;1;2.02.1972;1;0
YURDAOKUL;1;6.05.1953;1;0
TAYLANSAFAK;1;12.11.1989;1;0
KEYFETTIN;1;22.02.1967;1;0
DARSUN;1;6.07.1972;0;1
LEYTUN;1;6.07.1990;1;0
JASMIH;1;10.11.1970;0;1
OLAF;1;29.09.1967;1;0
FILYALI;1;7.02.1982;0;1
KARCAHAN;1;9.09.1974;1;0
SUPBI;1;17.07.1989;1;0
GULALKAN;1;17.02.1990;0;1
DUHTARI;1;2.04.1969;0;1
MUBIYYIN;1;12.03.1971;0;1
ESEKADIN;1;17.08.1942;0;1
NURBEHAN;1;18.06.1963;0;1
GUMMUHANI;1;1.06.1973;0;1
AMKE;1;3.03.1946;0;1
DURAKSEN;1;22.08.1943;0;1
FATMAGADIN;1;24.10.1973;0;1
KADINSI;1;2.02.1957;0;1
NUENNES;1;11.06.1960;0;1
VERDINC;1;13.07.1982;1;0
LERGUN;1;21.07.1981;0;1
ILKNER;1;28.06.1987;0;1
HICREM;1;12.09.1977;0;1
DEGAY;1;22.11.1978;0;1
DILCHAH;1;10.12.1950;0;1
EPTESEM;1;2.08.1963;0;1
FEYZULKADIR;1;27.05.1978;1;0
KUZIYDE;1;30.2.1980;0;1
SEMUNELGAZI;1;22.05.1986;1;0
ELIPIDA;1;25.07.1947;0;1
SEMAVIL;1;7.03.1964;1;0
ZUZANE;1;1.03.1973;0;1
YETDAR;1;17.07.1981;1;0
MUMINDEDE;1;1.04.1954;1;0
HACETDIN;1;16.02.1975;1;0
FIRRAT;1;3.07.1981;1;0
NAZMISEN;1;7.08.1988;1;0
MERDDIYE;1;14.08.1968;0;1
POLITKAN;1;17.02.1960;1;0
BASEGMEZ;1;16.11.1948;1;0
TURKGOZ;1;15.08.1940;0;1
FILZAN;1;12.03.1971;0;1
ELISABED;1;26.08.1956;0;1
AYDINZEKI;1;22.06.1967;1;0
ETUVAL;1;11.06.1978;1;0
ATADUYGU;1;21.12.1961;1;0
HIMALYE;1;26.08.1960;0;1
ANNELISA;1;13.05.1952;0;1
GURFUNAZAR;1;7.03.1952;0;1
GULSHAIYR;1;14.01.1967;0;1
GUET;1;6.04.1965;1;0
URENDE;1;30.04.1956;0;1
UMMUHUNI;1;22.01.1961;0;1
SARISUZAN;1;14.05.1954;0;1
FEYRUZUR;1;7.07.1973;1;0
TANGULU;1;19.01.1966;0;1
DUYDU;1;14.04.1963;0;1
MUHUTTET;1;16.03.1946;0;1
MUSDIL;1;12.08.1941;1;0
NEMRUN;1;17.04.1960;0;1
GADIRI;1;27.02.1974;1;0
SAHRANI;1;21.04.1981;1;0
TURKANKADIN;1;27.08.1944;0;1
SEHNIZE;1;16.10.1952;0;1
UMMUNAHI;1;12.01.1971;0;1
NITTULLAH;1;19.04.1974;1;0
VELULLAH;1;7.02.1964;0;1
ABDULEZELI;1;7.07.1952;1;0
WOLFGANG;1;14.05.1958;1;0
ASTIRIT;1;24.02.1938;0;1
HATMIGUL;1;22.08.1937;0;1
SELIMADIN;1;19.10.1968;0;1
KOZMAN;1;8.05.1966;0;1
MAHZANA;1;9.04.1952;0;1
LATFE;1;12.06.1983;0;1
GAJANE;1;22.10.1972;0;1
ANAFADIME;1;22.08.1973;0;1
PERYIL;1;13.04.1990;0;1
TEYLE;1;22.03.1967;0;1
SUZUNAY;1;15.01.1981;0;1
DENGIL;1;11.11.1981;1;0
HAYINE;1;1.04.1966;0;1
VIKAN;1;18.03.1974;0;1
ZAGIDAT;1;5.04.1967;0;1
SIVIYA;1;21.11.1975;0;1
HAVCILE;1;12.02.1959;0;1
TEVRIZA;1;6.01.1976;0;1
DESEGUL;1;14.05.1956;0;1
FANTUZE;1;28.11.1974;0;1
RIAYETTIN;1;2.06.1959;1;0
CADI;1;12.02.1974;1;0
IKLEME;1;1.03.1961;0;1
ERGUNA;1;21.10.1991;0;1
ABUHANIFE;1;16.05.1970;0;1
RUTUYE;1;26.04.1966;0;1
HAMIHDE;1;23.10.1963;0;1
SAFINOZ;1;1.03.1966;0;1
SERVENAZ;1;9.10.1962;0;1
A.MUNIR;1;7.04.1953;1;0
KEMIRAL;1;24.07.1946;1;0
SAFICAN;1;21.09.1957;1;0
HURADALET;1;29.10.1969;1;0
HUMUSA;1;16.02.1992;0;1
SETSADE;1;14.03.1959;0;1
KERSIBAN;1;11.10.1966;0;1
DURUSADE;1;30.2.1937;0;1
HAKUN;1;22.11.1979;1;0
CERCIN;1;30.07.1962;1;0
LUTIFER;1;6.10.1963;0;1
SEMSUMEL;1;3.05.1963;0;1
HAYDETULAH;1;6.06.1979;1;0
GULEZGI;1;4.03.1989;0;1
AFIFER;1;12.07.1971;0;1
DALLIN;1;3.10.1975;1;0
KAFIDAR;1;11.07.1961;0;1
T.FIKRET;1;19.10.1960;1;0
SEFTEP;1;7.06.1946;0;1
FEYBE;1;21.04.1976;0;1
EMNUL;1;7.04.1982;0;1
ZUMIYE;1;19.09.1971;0;1
ZENEGUL;1;23.05.1979;0;1
SELTIK;1;16.03.1957;1;0
ASLIHANGOZDE;1;21.10.1974;0;1
SEREVEDDIN;1;1.05.1957;1;0
DURUNA;1;25.12.1955;0;1
HASANETTIN;1;24.04.1966;1;0
MAHLE;1;6.08.1969;0;1
LEYLAHANIM;1;16.04.1963;0;1
HASIBIN;1;16.06.1981;0;1
AISEANA;1;8.02.1938;0;1
YURDGUL;1;8.06.1958;0;1
EMRALLAH;1;24.02.1971;1;0
AISELI;1;2.02.1933;0;1
VESVANE;1;11.11.1945;0;1
HAPPUS;1;7.05.1952;0;1
NAFIKTER;1;26.03.1953;0;1
KANAK;1;28.02.1966;1;0
JUNEY;1;1.01.1956;0;1
UMMUALA;1;14.12.1966;0;1
KuRSAD;1;30.04.1978;1;0
GILEMENT;1;17.08.1936;1;0
GALIPSINAN;1;20.11.1991;1;0
ZEMNUR;1;19.04.1966;0;1
TEMMUS;1;3.10.1942;1;0
GORSOY;1;15.04.1979;1;0
LIKEYLA;1;22.01.1973;0;1
ERGUNEL;1;26.11.1966;1;0
ESENS;1;22.02.1979;0;1
MERNAY;1;1.08.1971;0;1
LIRIFER;1;11.07.1944;0;1
MUHASENE;1;17.07.1972;0;1
URUYDE;1;6.08.1945;0;1
RUSUME;1;10.06.1939;0;1
YILFAR;1;15.03.1970;1;0
ELYASIYE;1;6.04.1966;0;1
DURSAIDE;1;3.03.1951;0;1
TAHKIBE;1;22.09.1961;0;1
UZEYHA;1;3.04.1933;0;1
MUSTAHKEM;1;2.12.1954;0;1
HUSTEN;1;7.04.1954;0;1
NAVIKDER;1;28.11.1931;0;1
BEYDANAM;1;2.03.1963;0;1
ERALTAN;1;4.01.1967;1;0
SAMIYIN;1;2.11.1957;1;0
GARIPALI;1;15.05.1974;1;0
NILIPAR;1;15.10.1979;0;1
SIHRISTAN;1;7.02.1964;0;1
MEVFIS;1;26.06.1953;0;1
SEREFEYI;1;7.08.1958;0;1
RUDUBARI;1;2.04.1953;1;0
NAHIKE;1;21.08.1967;0;1
MIYESSERE;1;2.07.1974;0;1
DOYGUR;1;6.05.1976;1;0
SHERVIN;1;5.07.1972;0;1
MAKZUDE;1;29.04.1944;0;1
SIDIKKE;1;8.08.1988;0;1
FASIDE;1;11.10.1967;0;1
ADILETTIN;1;21.06.1969;0;1
EZILCAN;1;15.03.1958;0;1
AYINNUR;1;26.04.1951;0;1
ELSEVER;1;9.06.1983;0;1
MANSUL;1;6.04.1955;1;0
TUNAYCAN;1;19.07.1979;0;1
SAHAPHAN;1;2.10.1986;1;0
CAHA;1;16.01.1939;1;0
HORUSTEN;1;7.05.1940;0;1
MUSEYYAR;1;16.04.1974;0;1
MERICSEL;1;29.06.1956;0;1
ZULEYYEN;1;25.04.1957;0;1
OYASIN;1;17.08.1968;0;1
MALIFA;1;1.06.1967;0;1
MESTAY;1;12.02.1983;1;0
NESIVA;1;12.02.1989;0;1
TAHKIBAT;1;12.12.1965;0;1
NESRO;1;27.03.1972;0;1
DONDUSEN;1;14.05.1968;0;1
SAHICER;1;3.05.1961;0;1
ZAMIHE;1;16.07.1958;0;1
ECZANE;1;14.05.1950;0;1
DAYIOGLU;1;12.06.1959;1;0
DONUSEN;1;17.12.1978;0;1
INCIKE;1;4.06.1952;0;1
COPLU;1;22.02.1949;1;0
FITEN;1;26.05.1973;0;1
KENIN;1;3.02.1973;0;1
SEFEADDIN;1;19.02.1971;1;0
LEVENTGANI;1;12.04.1959;1;0
SUMERYAH;1;13.04.1984;0;1
ANDEN;1;2.03.1975;0;1
DINCCENK;1;3.10.1969;1;0
MUYSER;1;20.09.1970;0;1
LAVDIM;1;22.08.1955;1;0
H.ZEHNI;1;11.04.1952;1;0
MUREYFE;1;25.04.1943;0;1
FELEDDIN;1;12.02.1965;1;0
HAPILE;1;22.08.1943;0;1
YETIMGANI;1;7.06.1945;1;0
ERCUMETN;1;3.09.1991;1;0
ISLEK;1;12.06.1982;1;0
ZULKUYE;1;27.04.1974;0;1
NEZLAY;1;6.06.1973;1;0
SEVRILAY;1;27.08.1962;0;1
ELBISEN;1;23.06.1949;0;1
MAKURE;1;11.05.1946;0;1
NASTURE;1;13.05.1955;0;1
ABDILAZ;1;13.10.1950;1;0
NURHALETTIN;1;6.10.1978;1;0
SELAHATTEN;1;17.05.1978;1;0
ATLASI;1;12.08.1941;1;0
GULMAFI;1;24.10.1952;0;1
SEHNEZE;1;4.04.1959;0;1
HAKTUG;1;16.01.1992;1;0
MELCEHAN;1;16.02.1946;0;1
UZERYA;1;17.01.1989;1;0
BIRZEN;1;14.05.1971;0;1
NIHAFETTIN;1;2.04.1966;1;0
DUMLUPINAR;1;19.10.1928;1;0
OZSOZ;1;15.10.1940;0;1
NORSEL;1;22.04.1943;0;1
JANN;1;22.05.1989;1;0
EMINESEYDA;1;25.08.1981;0;1
OYLAN;1;22.09.1980;1;0
PEYK;1;6.11.1961;0;1
IONITA;1;24.06.1975;0;1
SEUBE;1;23.06.1958;0;1
GULNIHA;1;11.11.1969;0;1
NELE;1;11.11.1965;0;1
KERRI;1;8.11.1972;0;1
SAFIRYE;1;22.06.1958;0;1
MEBURILE;1;21.09.1950;0;1
CAFERETTIN;1;19.05.1955;0;1
KUR;1;30.01.1979;1;0
HAZILAT;1;6.06.1954;0;1
TALETDIN;1;6.11.1964;1;0
HEYMAR;1;8.05.1952;0;1
KUVER;1;17.09.1934;0;1
EVRANAT;1;14.05.1962;1;0
IRVAT;1;12.06.1953;1;0
SEVDIAL;1;26.12.1936;0;1
ANNMARGARET;1;13.03.1951;0;1
LIESELOTTE;1;6.06.1947;0;1
SUNDER;1;1.12.1953;1;0
ONCEER;1;16.04.1941;1;0
SOLANGE;1;18.10.1953;0;1
HATCENA;1;25.12.1957;0;1
FATAMANA;1;6.05.1969;0;1
NIZIYE;1;17.05.1939;0;1
SUFALE;1;1.10.1951;0;1
KUNEC;1;20.01.1936;0;1
SAFONI;1;11.12.1944;0;1
SHERIDAN;1;30.03.1967;0;1
USUNNUR;1;16.04.1970;0;1
MUSTITTIN;1;16.11.1958;1;0
MIHMANDAR;1;8.07.1967;1;0
PERENT;1;7.06.1956;1;0
BUBETCEL;1;27.05.1955;0;1
HEBIBULLAH;1;1.11.1955;1;0
ANTONY;1;17.11.1981;1;0
ZUBAYDAT;1;26.01.1979;0;1
TAYADCAN;1;6.02.1959;1;0
NIMGUL;1;2.11.1963;0;1
ARJA;1;2.05.1962;0;1
SANAE;1;15.05.1974;0;1
READDIN;1;24.01.1975;1;0
EMREOZGUR;1;24.06.1978;1;0
NAZUGUM;1;28.04.1980;0;1
MERAB;1;13.12.1978;1;0
URLANI;1;28.02.1966;1;0
BEDAHATTIN;1;2.11.1951;1;0
ABDULTALHA;1;10.05.1972;1;0
GULCANSU;1;21.05.1987;0;1
IKBALYA;1;21.01.1953;0;1
HUSNER;1;27.05.1962;1;0
METTUR;1;21.08.1968;1;0
MAGY;1;6.12.1957;0;1
RAVIKA;1;7.10.1976;0;1
HAYKIR;1;24.05.1990;1;0
SIRHAZ;1;26.11.1989;1;0
FELAMINE;1;12.02.1965;0;1
LIOBA;1;24.09.1968;0;1
ENDOGAN;1;30.03.1961;1;0
SOFIANA;1;12.05.1967;0;1
KIVAC;1;1.06.1973;1;0
YASSAMAN;1;17.08.1960;0;1
AIA;1;17.08.1972;0;1
YAPRAKGUL;1;17.07.1983;0;1
HURRISAN;1;2.07.1968;0;1
ANNELORE;1;12.04.1938;0;1
HAVVACA;1;5.10.1949;0;1
SABIBI;1;21.08.1980;0;1
GOKDIL;1;17.03.1986;1;0
MOROVA;1;4.03.1948;1;0
HAVANNA;1;16.01.1966;0;1
MELIKSIMA;1;16.04.1974;0;1
MAGRAPZEMIN;1;25.02.1949;0;1
UYKUYA;1;24.12.1955;0;1
RAFAGA;1;24.09.1949;0;1
GULFURAN;1;5.10.1986;0;1
ABUTETIL;1;1.05.1985;0;1
ZULKAY;1;18.04.1981;0;1
NURFIN;1;21.09.1975;0;1
SELKUN;1;22.10.1971;1;0
PABIC;1;22.08.1919;0;1
TERBUR;1;29.04.1937;0;1
RAHIMEHAN;1;1.06.1965;0;1
NASRETDIN;1;13.04.1950;1;0
SESSADE;1;27.02.1978;0;1
PAPIC;1;23.11.1961;0;1
GANDIGER;1;17.10.1973;0;1
SEPBELI;1;11.04.1966;0;1
AISENA;1;21.07.1932;0;1
UMMUGONUL;1;1.01.1937;0;1
SULUFE;1;26.02.1937;0;1
ZANNIBA;1;18.05.1942;0;1
KANAET;1;27.07.1977;0;1
FERGALIT;1;26.04.1978;1;0
IRIBEDEN;1;17.04.1942;1;0
MUFTAHIDDIN;1;29.04.1941;1;0
NASENE;1;21.12.1948;0;1
HAVVILI;1;11.06.1942;0;1
BURSADIYE;1;26.09.1952;0;1
FELANET;1;7.04.1933;0;1
LEYLUMAN;1;11.06.1956;0;1
SANTEL;1;15.05.1982;0;1
SARACATDIN;1;21.12.1971;1;0
AYBULUT;1;17.11.1990;0;1
DZUNIK;1;14.03.1958;0;1
SEVIMEL;1;20.04.1937;0;1
ZILKARNEY;1;2.12.1973;1;0
MINSURE;1;9.04.1962;0;1
IRYEH;1;16.06.1981;1;0
MESSUDA;1;17.07.1972;0;1
NEVVIN;1;28.11.1968;0;1
MUHARRETTIN;1;1.11.1955;1;0
MUKANIYE;1;27.10.1960;0;1
NIHAZER;1;22.02.1961;0;1
SENFUL;1;4.06.1939;0;1
BELFUZAR;1;24.10.1982;0;1
VAHIDETDIN;1;16.11.1975;1;0
MUSEKFER;1;2.11.1955;0;1
TARAGAY;1;2.09.1973;1;0
MENDUG;1;28.01.1977;1;0
MEHLAM;1;26.12.1960;0;1
AZZEN;1;1.03.1981;0;1
NECUH;1;23.04.1984;0;1
HAVILEN;1;22.02.1960;0;1
GULSEVIR;1;11.10.1974;0;1
MEHMIYE;1;22.05.1955;0;1
HERNUL;1;25.03.1967;1;0
SUTVI;1;21.05.1976;1;0
TAMZIN;1;28.06.1974;0;1
SULEYBAT;1;3.09.1962;0;1
HATICEGONUL;1;17.10.1951;0;1
MIESSEL;1;1.05.1971;0;1
SENVENT;1;12.05.1976;1;0
TURLAY;1;18.08.1962;0;1
SEZAKI;1;27.04.1968;1;0
FERIDAY;1;1.02.1985;1;0
NALSI;1;9.01.1962;1;0
VERNUS;1;20.02.1990;1;0
MUHEMEN;1;7.02.1956;0;1
SUVILA;1;13.01.1959;0;1
ARIFANA;1;27.03.1942;0;1
NURDAD;1;2.07.1957;0;1
ZERFINUR;1;18.05.1952;0;1
SUFLTAN;1;19.09.1975;0;1
SAVME;1;17.02.1960;0;1
SORGAC;1;6.07.1936;1;0
FETTANA;1;7.03.1933;0;1
GUVERGUL;1;24.11.1971;0;1
HAFSANA;1;17.02.1951;0;1
IRZIVAN;1;12.01.1971;1;0
ISMAILBAYIR;1;21.02.1940;1;0
RIZNAN;1;29.05.1956;1;0
OYNAZ;1;1.07.1979;0;1
SERPME;1;11.10.1965;0;1
MURUSTEN;1;2.02.1975;0;1
ZEYFEN;1;16.10.1968;0;1
MAKRURE;1;12.08.1917;0;1
RAYLIYE;1;27.10.1968;0;1
GULSUYA;1;2.11.1957;0;1
MUGANIYE;1;7.02.1964;0;1
AKCANA;1;2.09.1957;0;1
MEVCUDAT;1;22.06.1973;0;1
BUDURA;1;2.11.1975;0;1
SAHSITEM;1;27.05.1932;0;1
BILAYET;1;22.10.1966;1;0
AKILYE;1;12.11.1982;0;1
SULEYMANCAN;1;28.03.1988;1;0
MAYIZES;1;12.02.1947;0;1
TACELI;1;2.01.1955;0;1
VARTUSH;1;12.09.1971;0;1
BIRGIZAR;1;24.02.1953;0;1
ABIGAIL;1;20.05.1982;0;1
BELHUZER;1;25.02.1947;0;1
RADICA;1;3.04.1977;0;1
KIBRIT;1;21.07.1982;1;0
GULIRA;1;21.01.1980;0;1
UGURUGRAS;1;5.03.1985;1;0
MUJDEMIL;1;13.11.1973;1;0
ELDEBURAN;1;22.09.1949;1;0
GHARIBA;1;7.01.1969;0;1
UNKUHAN;1;19.06.1982;0;1
MUGAYRET;1;2.05.1981;1;0
HUSNETTIN;1;26.06.1961;1;0
AYPUKER;1;24.04.1950;0;1
SIMASI;1;12.11.1983;1;0
BIHAMI;1;27.06.1971;1;0
MUTHET;1;12.02.1965;1;0
FEROHAN;1;22.02.1972;0;1
BELIGMA;1;26.06.1978;0;1
JAROSLAVA;1;25.04.1974;0;1
MAZIP;1;12.02.1971;1;0
AKANYA;1;18.07.1976;0;1
TEKINSEL;1;27.01.1950;1;0
KUPULU;1;19.03.1960;0;1
IMRALE;1;26.02.1971;0;1
MUSAIKAZIM;1;13.04.1953;1;0
CEZIMAN;1;2.04.1975;0;1
BERMEN;1;3.10.1985;0;1
MURDAT;1;16.03.1973;1;0
NOOMAN;1;18.03.1963;1;0
CEHLA;1;25.01.1973;0;1
EMMAZIYE;1;22.01.1973;0;1
ABDIRAZAK;1;16.09.1965;1;0
NEYFERI;1;27.10.1980;1;0
MILKIYET;1;26.02.1977;0;1
ATTIAT;1;15.01.1982;0;1
NAZEFUL;1;7.08.1952;0;1
TEFIYNE;1;8.12.1952;0;1
BILLORIFE;1;21.05.1953;0;1
FEVVEZ;1;6.02.1980;1;0
SELTOK;1;1.10.1964;1;0
NEVKAT;1;4.10.1984;1;0
ELWIRA;1;4.04.1973;0;1
IULIUS;1;13.10.1980;1;0
ALTAHAN;1;22.01.1984;1;0
SUZUL;1;13.05.1990;0;1
NURADE;1;6.07.1977;0;1
BASETTIN;1;4.07.1982;1;0
UMMUSANI;1;20.05.1933;0;1
SEBAER;1;22.02.1949;0;1
MIRJAN;1;25.02.1987;0;1
LUDO;1;27.07.1972;1;0
HAVARENGIGUL;1;1.01.1961;0;1
SELATTIM;1;4.12.1959;1;0
NEDZADA;1;13.02.1971;0;1
BEKARHAN;1;20.06.1972;1;0
DONFER;1;27.02.1962;0;1
MEHHUDE;1;21.12.1967;0;1
ISMUHANI;1;5.06.1933;0;1
ZEDAH;1;15.12.1974;0;1
ERSINANIL;1;1.09.1976;1;0
VUJGAN;1;21.04.1963;0;1
GULUSEYE;1;11.08.1951;0;1
SAHANHANIM;1;5.09.1969;0;1
SEVDEDE;1;1.08.1980;0;1
SEDULMELIK;1;21.03.1975;1;0
FEYGUL;1;26.02.1959;0;1
ESFANDIYAR;1;16.03.1956;1;0
NURAYETI;1;12.04.1983;0;1
HASEMIDDIN;1;27.11.1986;1;0
SUMENYEM;1;14.03.1984;0;1
RUZIFER;1;6.04.1977;1;0
ANNELIE;1;2.11.1970;0;1
TORK;1;17.09.1937;1;0
TSISMARI;1;16.02.1967;0;1
BUNDA;1;27.03.1944;1;0
MUHMETTIN;1;23.09.1971;1;0
R.CANAN;1;26.02.1985;0;1
DANUSIA;1;28.03.1967;0;1
ZERRENTIN;1;29.12.1949;0;1
ARIANNA;1;27.04.1953;0;1
VIBEKE;1;18.01.1969;0;1
GULCEYHUN;1;2.10.1970;0;1
MEKKELI;1;12.11.1951;0;1
KUREYDE;1;21.02.1966;0;1
TEYGUL;1;2.04.1969;0;1
ARGUVAN;1;5.04.1957;1;0
YASAYEN;1;7.01.1952;0;1
SUHVAL;1;12.11.1977;0;1
MEHMEALI;1;26.04.1978;1;0
YARGICALI;1;27.10.1986;1;0
ZEVDAKER;1;17.02.1954;1;0
GRKAN;1;6.10.1979;1;0
M.YAKUP;1;6.10.1970;1;0
ENGUREL;1;7.04.1976;1;0
HUSENIYE;1;16.02.1951;0;1
MEBUDE;1;29.10.1967;0;1
HASUIM;1;2.02.1951;0;1
ERBUN;1;26.02.1977;1;0
SEMUYUL;1;16.05.1975;1;0
HULHAN;1;6.09.1974;0;1
UMMUHENI;1;6.05.1974;0;1
SUBUS;1;22.01.1955;0;1
ABDULSEZAI;1;17.01.1954;1;0
AVUT;1;17.01.1978;1;0
HAVILET;1;17.02.1972;0;1
MUSTESEM;1;2.02.1980;1;0
GIYAMI;1;7.11.1982;1;0
MEHLUVER;1;6.09.1956;0;1
EKINHAN;1;30.01.1991;1;0
GUREYDE;1;29.10.1973;0;1
JAVET;1;9.04.1964;1;0
ZOFRAN;1;10.07.1969;0;1
SANDICA;1;24.05.1975;0;1
CEHLIL;1;11.10.1971;1;0
HAVISSE;1;16.05.1962;0;1
MUKNISE;1;22.02.1961;0;1
FATMASULTAN;1;2.08.1927;0;1
KURIYDE;1;12.03.1965;0;1
EHLIL;1;29.03.1965;1;0
BUYTULLAH;1;7.10.1982;1;0
NEFVEL;1;21.01.1984;1;0
BAGKUR;1;6.04.1983;1;0
ESTUR;1;6.11.1980;1;0
UZAYDA;1;22.02.1991;0;1
MESHURA;1;6.01.1974;0;1
SUHUVET;1;22.04.1961;0;1
HUDUDIYE;1;11.11.1952;0;1
EMINESAH;1;29.05.1956;0;1
ELLUZAR;1;8.04.1965;1;0
NERUN;1;17.02.1966;0;1
GULZEHTE;1;13.06.1941;0;1
EBUHUYRRA;1;3.08.1981;1;0
MAVZUNE;1;21.09.1982;0;1
NEVRIMSEL;1;24.04.1968;0;1
BAHABETTIN;1;26.09.1929;1;0
MAVRIYE;1;2.05.1945;0;1
ZUBURE;1;27.10.1986;0;1
ZUKARNEYS;1;19.04.1963;1;0
VIRGIN;1;20.11.1975;1;0
SIRZADTIN;1;21.02.1959;1;0
GUSSUYE;1;25.07.1949;0;1
KHALIGOUL;1;5.08.1962;0;1
NEZBA;1;3.03.1981;0;1
KEMALPASA;1;10.07.1974;1;0
UFYEM;1;17.07.1972;1;0
INGUN;1;18.08.1974;0;1
BESTAT;1;16.05.1982;1;0
SEHLAL;1;11.10.1968;0;1
DURSUMIYE;1;16.02.1959;0;1
PECEN;1;21.06.1978;1;0
LUTFULLAHBIROL;1;6.10.1960;1;0
M.OZKAN;1;20.12.1965;1;0
DEMER;1;6.09.1971;1;0
AROPAT;1;17.03.1971;0;1
ELIFNIHAN;1;7.09.1975;0;1
ABDULKERAMETTIN;1;17.10.1966;1;0
DOGUKAY;1;19.11.1991;1;0
GATFAN;1;13.06.1979;1;0
MUTEMIN;1;11.08.1974;1;0
FESLIKEN;1;22.02.1991;0;1
ENBIR;1;27.10.1980;1;0
GERCIYE;1;3.05.1955;0;1
ULJAN;1;12.08.1983;0;1
ORSIT;1;21.04.1990;1;0
UDO;1;3.07.1990;1;0
SANOAT;1;29.12.1964;0;1
SAYATE;1;16.10.1971;0;1
ZAHNI;1;28.02.1950;1;0
MENGUN;1;6.06.1959;0;1
YASHAR;1;21.11.1947;1;0
MURATILTAR;1;16.07.1974;1;0
NUZEN;1;29.10.1947;0;1
ILMIR;1;28.01.1940;1;0
ABDULMESUD;1;8.02.1976;1;0
DUMEYRE;1;29.12.1967;0;1
TANSULE;1;11.10.1959;0;1
NURTURE;1;4.12.1948;0;1
ASSOVDA;1;5.11.1963;0;1
OZEYIN;1;1.12.1937;0;1
KARABUDAK;1;15.10.1974;1;0
RAHIYDA;1;21.04.1952;0;1
LUCILE;1;22.06.1968;0;1
DUMEYRA;1;21.08.1983;0;1
AZIZHANIM;1;23.12.1952;0;1
MOHANNA;1;24.02.1970;0;1
SAGFETTIN;1;22.01.1967;1;0
REFINAZ;1;1.03.1930;0;1
MEFERAT;1;12.10.1977;0;1
MAIYET;1;9.05.1941;0;1
LIOBOV;1;16.04.1974;0;1
NIMIK;1;2.09.1951;1;0
ARIADNE;1;27.04.1992;0;1
SETUL;1;27.02.1991;0;1
NIKANE;1;2.05.1933;0;1
MERVEY;1;16.02.1958;0;1
HURISAFA;1;5.10.1954;0;1
GULANU;1;12.07.1983;0;1
MIZAYEN;1;22.05.1978;0;1
SIDDIKI;1;14.08.1980;1;0
KIYARE;1;29.04.1963;0;1
MASUMEH;1;10.03.1967;0;1
H.SULE;1;19.10.1971;0;1
NEBIHIM;1;9.02.1955;0;1
SAYESER;1;7.03.1964;0;1
YEDGIN;1;10.12.1962;1;0
SENRIBAN;1;3.12.1981;0;1
NERDEN;1;16.09.1969;0;1
HACILEMAN;1;12.08.1953;1;0
ZEMGUL;1;7.11.1976;0;1
AYDUHAN;1;26.07.1967;1;0
UMMUDE;1;7.09.1982;0;1
ILKNIMA;1;12.03.1971;0;1
TAJLAN;1;13.09.1952;0;1
ISTINA;1;17.12.1978;0;1
YELPERI;1;1.06.1979;0;1
SAKINI;1;21.10.1975;0;1
GUZULE;1;6.10.1961;0;1
KEFAATTIN;1;24.05.1966;1;0
ZEKIYENURLU;1;4.02.1986;0;1
MUHRIYET;1;28.04.1938;0;1
SABIME;1;22.03.1967;0;1
ILHANDER;1;11.02.1957;1;0
FAKITTIN;1;26.06.1966;1;0
SUALI;1;25.07.1985;1;0
LAURENTA;1;14.10.1967;0;1
MARTEHELA;1;23.10.1977;0;1
ELBAYIN;1;22.08.1973;0;1
DILIAFROUZ;1;2.07.1983;0;1
ORKUNMUSA;1;14.11.1984;1;0
MEIDA;1;27.11.1972;0;1
VERKAN;1;24.08.1983;1;0
UNNI;1;28.04.1963;0;1
PILSEN;1;18.04.1972;0;1
IVRAHA;1;28.01.1976;0;1
ERENAYTAC;1;5.07.1977;1;0
OZALTANIN;1;2.02.1985;1;0
AGCEMAN;1;2.02.1951;0;1
NUFTADE;1;1.12.1954;0;1
PAMMIS;1;7.03.1952;0;1
MUZAHHAN;1;23.11.1936;0;1
ERHO;1;20.02.1940;1;0
KEFAADDIN;1;2.02.1956;1;0
RABBIKA;1;2.02.1981;0;1
FILIZKAN;1;17.04.1946;0;1
AHMETHILMI;1;21.04.1971;1;0
BELIZAT;1;26.12.1984;0;1
APDILLE;1;2.02.1951;1;0
MEYRESE;1;29.08.1962;1;0
ALPAKAN;1;25.11.1975;1;0
FAGET;1;8.11.1966;0;1
ABDULLAHAK;1;7.03.1964;1;0
ANYUTA;1;5.05.1970;0;1
TAYGU;1;22.03.1973;1;0
ESMAL;1;2.04.1975;0;1
YAKUBA;1;27.12.1956;0;1
KUNEVVER;1;22.05.1961;0;1
FIRUZAT;1;25.11.1979;0;1
NESLIH;1;12.06.1965;0;1
SEHIRAN;1;12.11.1965;0;1
SULIYYA;1;22.02.1949;0;1
FERTI;1;7.02.1946;1;0
MEFHURA;1;1.05.1966;0;1
GULSUMSEN;1;7.10.1970;0;1
DONDUKIZ;1;22.02.1949;0;1
MELHUZAT;1;3.05.1941;0;1
AYSACA;1;6.07.1953;0;1
HATCEANA;1;29.2.1953;0;1
MIMTAZI;1;3.07.1983;0;1
HAVHI;1;23.03.1969;0;1
GUMURIYE;1;6.03.1975;0;1
VEDRIYE;1;6.05.1960;0;1
SUADDIN;1;7.09.1970;1;0
MUNUNE;1;2.08.1987;0;1
MUHTACEL;1;23.11.1960;1;0
MUHTECIL;1;12.04.1959;1;0
BEBECCAR;1;27.09.1956;0;1
AYINCE;1;7.02.1958;0;1
HAMANA;1;2.07.1975;0;1
NABIKA;1;21.03.1939;0;1
BULENTI;1;16.02.1975;1;0
NURIVVET;1;28.11.1968;0;1
GUNEGUN;1;27.04.1956;0;1
NIKAYE;1;23.04.1949;0;1
MINKAYIN;1;1.04.1982;1;0
MESUURE;1;1.09.1973;0;1
TIRAFIYA;1;21.05.1963;0;1
ETILLA;1;1.12.1949;1;0
MUKATDEREN;1;11.05.1963;0;1
FENHAN;1;6.12.1963;0;1
BARISAL;1;14.10.1982;1;0
CEYIT;1;8.02.1972;1;0
SELAHTAR;1;12.05.1983;1;0
KAREM;1;1.02.1967;1;0
AZIYLE;1;7.06.1954;0;1
KAVAN;1;19.05.1978;1;0
RAZITA;1;22.08.1931;0;1
MIRCEMIL;1;29.04.1962;1;0
BAHRUDDUN;1;22.02.1955;1;0
ICLE;1;3.05.1964;0;1
YUCELVAHIT;1;17.02.1978;1;0
VEYSELCAN;1;19.03.1992;1;0
HECIME;1;2.12.1981;0;1
NESSAR;1;16.06.1951;1;0
SEVRAM;1;30.12.1990;0;1
ENONSE;1;22.10.1972;0;1
MIASEL;1;2.12.1963;0;1
BELKUTAY;1;7.12.1982;1;0
CELALETTINILHAN;1;4.01.1979;1;0
MUBRUK;1;12.02.1965;1;0
BESPINAZ;1;4.04.1962;0;1
CAMSEF;1;6.03.1971;1;0
ZENIRIYE;1;11.06.1974;0;1
FERUTTUN;1;3.05.1973;1;0
GANIYMAN;1;29.04.1960;0;1
HALEFISU;1;5.11.1963;0;1
SAHZENI;1;22.11.1976;0;1
OKUDAN;1;6.03.1957;1;0
REBIFE;1;28.04.1962;0;1
NURRULAH;1;27.05.1967;1;0
HAMIIDE;1;17.02.1990;0;1
ZERDAHA;1;4.02.1949;1;0
HAJARKHANIM;1;27.09.1957;0;1
ELVUNAZ;1;17.02.1960;0;1
HAZRETIYE;1;26.08.1975;0;1
MEHRANE;1;8.01.1963;0;1
SERGANDAR;1;4.01.1992;1;0
NEDISAH;1;26.07.1963;0;1
KANYUR;1;17.11.1984;1;0
FUGUR;1;22.03.1972;0;1
PERYADI;1;19.01.1966;0;1
MISNIL;1;1.09.1963;0;1
FETENA;1;4.03.1959;0;1
CAHITEFE;1;22.12.1967;1;0
NERSOY;1;6.01.1975;0;1
ABDULGURBET;1;8.05.1976;1;0
ASINDAR;1;11.06.1960;0;1
ENUSEL;1;26.08.1959;0;1
BAKIA;1;1.09.1977;0;1
KUZGUN;1;5.08.1982;1;0
TEMILI;1;27.04.1968;0;1
MUNESTER;1;2.02.1963;0;1
ZALGAN;1;26.04.1951;0;1
TAYYIFE;1;2.03.1963;0;1
ABUSAMET;1;10.02.1976;1;0
SUDDAHA;1;3.01.1941;0;1
GULNUZAR;1;21.09.1969;0;1
NENER;1;18.04.1979;0;1
KONCAFIR;1;12.04.1965;0;1
DURANNE;1;25.07.1967;0;1
MEVZIBE;1;29.05.1974;0;1
TELLIY;1;22.02.1955;0;1
KIRDAL;1;21.10.1953;1;0
ZURBIHAN;1;11.04.1969;0;1
BALYE;1;15.02.1986;0;1
KARAMGUL;1;12.10.1959;0;1
NESIPULLAH;1;12.01.1978;1;0
OKSEV;1;17.02.1990;1;0
MEJBUDE;1;23.02.1955;0;1
BILARA;1;6.11.1933;0;1
AYLETE;1;2.02.1981;0;1
NANEL;1;1.09.1975;0;1
MUMENIE;1;22.08.1949;0;1
CITEN;1;12.02.1983;1;0
CEKIHAN;1;21.11.1951;1;0
VEYAS;1;3.03.1992;1;0
MABUDIYE;1;4.04.1951;0;1
NURTUNC;1;1.04.1970;0;1
UMMUSULEYIM;1;22.11.1986;0;1
TEMELDILAVER;1;1.06.1965;1;0
EVRENER;1;6.03.1956;1;0
AGGELIN;1;3.11.1954;0;1
IKLIYMA;1;7.09.1962;0;1
RIMLATA;1;22.03.1961;0;1
SEBILAN;1;29.11.1975;0;1
AHMEDIBILAL;1;29.07.1987;1;0
ZEGNEL;1;7.07.1959;1;0
SEHRINUSA;1;18.07.1958;0;1
KETLAZ;1;26.10.1976;0;1
ZOVKHRA;1;10.04.1958;0;1
MECNI;1;25.05.1963;1;0
ELDAYI;1;21.06.1942;1;0
BEDRINIAM;1;8.02.1965;0;1
RUKSELEN;1;22.08.1967;0;1
KUTCAN;1;27.07.1959;1;0
DERIZAT;1;18.10.1962;0;1
HANDEDILAN;1;29.09.1991;0;1
ESPINA;1;13.03.1991;0;1
NECLA''I;1;30.2.1933;0;1
ISADOGU;1;27.05.1970;1;0
ROJCIVAN;1;4.06.1981;1;0
HASREM;1;26.09.1982;0;1
CHRISOULA;1;7.03.1946;0;1
ALIMETE;1;6.03.1947;1;0
KULZUM;1;11.11.1967;0;1
ANTJEJUTTA;1;27.08.1950;0;1
NAGIMA;1;29.05.1972;0;1
CABAHAN;1;26.08.1984;0;1
MAYPIP;1;26.09.1965;0;1
AYTUT;1;7.02.1948;1;0
UREYDI;1;24.05.1940;0;1
SHEELAGH;1;3.10.1974;0;1
RYMA;1;17.05.1981;0;1
JEKATERINA;1;17.02.1977;0;1
GOGUSGER;1;10.02.1949;1;0
LERA;1;3.11.1976;0;1
RADITA;1;10.05.1972;0;1
ECEAYTAN;1;29.12.1991;0;1
HAGEN;1;22.07.1988;1;0
FUMAY;1;11.12.1969;0;1
MUFLIHA;1;17.01.1948;0;1
MENDAHIL;1;15.02.1965;0;1
SELAMATTIN;1;9.05.1973;1;0
O.TUNCER;1;12.03.1947;1;0
PEPIL;1;7.10.1946;0;1
AYKO;1;4.02.1955;1;0
ARSELOZ;1;7.02.1964;0;1
MUZLETTIN;1;12.06.1966;1;0
ABDURREYYAH;1;17.02.1948;1;0
TURFAR;1;23.02.1959;1;0
BENYAL;1;27.10.1982;0;1
LAZIF;1;9.02.1969;1;0
OUMCHARAT;1;27.07.1969;0;1
NASPELVER;1;14.10.1940;0;1
COLPON;1;12.07.1970;0;1
IVRIZ;1;10.07.1950;1;0
VEZAIP;1;12.08.1953;1;0
GURAYCAN;1;11.04.1963;1;0
WASSILA;1;8.12.1971;0;1
RAIJA;1;9.08.1938;0;1
FERZULU;1;8.11.1962;1;0
DUNDARALP;1;26.12.1990;1;0
GAYAZ;1;2.06.1956;1;0
MIFTEHITTIN;1;10.05.1956;1;0
ALITA;1;3.04.1959;0;1
MUVMINE;1;11.09.1962;0;1
TUMSEV;1;3.10.1991;0;1
LILIANNA;1;17.01.1974;0;1
FATMAECMEN;1;21.04.1974;0;1
SENISIK;1;22.11.1937;1;0
TAYYIFA;1;29.01.1928;0;1
HUZURCAN;1;24.11.1966;1;0
BRYNLEY;1;20.02.1962;1;0
SARYET;1;28.06.1990;0;1
BASARAL;1;24.04.1982;1;0
ULKUTEN;1;15.01.1946;0;1
GEHAD;1;22.12.1956;0;1
RADMIRA;1;4.05.1974;0;1
GUNDEMI;1;22.06.1957;1;0
ZHALA;1;25.12.1971;0;1
TURGAZ;1;1.12.1965;1;0
GULASAL;1;18.05.1975;0;1
ODSUKARCI;1;23.09.1974;1;0
HACERBANU;1;21.07.1972;0;1
YAZAL;1;30.06.1991;0;1
AYSENURAN;1;10.09.1974;0;1
KERY;1;22.12.1967;0;1
SABIRNISA;1;12.06.1950;0;1
SIRINNUR;1;7.04.1973;0;1
KANSAN;1;9.05.1987;1;0
FEGIHA;1;27.10.1977;0;1
CARIH;1;17.08.1978;1;0
CACILIE;1;13.10.1938;0;1
ERENDIL;1;5.06.1971;1;0
SAFINGUL;1;22.08.1955;0;1
OLEYSA;1;25.02.1976;0;1
TOKLAY;1;16.06.1960;1;0
HAFIM;1;13.01.1973;1;0
SELL;1;27.08.1974;0;1
CANREZAN;1;29.11.1980;1;0
SUNHER;1;22.08.1943;0;1
REIKHAN;1;20.05.1967;0;1
SCHIAU;1;19.04.1963;0;1
ROSALEEN;1;27.10.1971;0;1
LERFI;1;17.02.1973;0;1
DUYSAN;1;2.10.1987;1;0
M.NURAN;1;5.06.1953;0;1
KAYIHANER;1;21.10.1971;1;0
EBILNASIN;1;11.01.1973;1;0
SABIHACANDAN;1;19.09.1970;0;1
KIBIS;1;22.02.1951;1;0
MARDIRES;1;6.10.1954;1;0
GUNIYIT;1;25.01.1967;1;0
SULJ;1;11.07.1991;1;0
RENIDE;1;3.09.1963;0;1
MOCANU;1;5.09.1980;0;1
ELMAYA;1;3.06.1985;0;1
NERGIZET;1;14.02.1974;0;1
LULYETA;1;7.04.1964;0;1
SIMYAMI;1;22.08.1973;1;0
AZUMAN;1;12.07.1983;0;1
FUZANE;1;29.04.1955;0;1
SANCIFER;1;12.02.1965;0;1
MARIJKE;1;20.06.1947;0;1
GIRAFET;1;4.01.1961;1;0
HACIOZCAN;1;21.02.1974;1;0
USA;1;30.06.1979;0;1
ACURIYE;1;1.08.1974;0;1
SAVKAY;1;15.06.1984;1;0
AFITEN;1;27.02.1974;0;1
AYSEYE;1;7.10.1952;0;1
MIRKOC;1;5.11.1977;1;0
KULMUHAMMED;1;27.09.1980;1;0
SUGRADIN;1;5.07.1975;1;0
IFFE;1;22.02.1967;0;1
FEVKAT;1;2.02.1963;0;1
FINI;1;25.04.1961;0;1
FETTAHANA;1;17.07.1936;0;1
NUTVEN;1;17.01.1976;1;0
MUHEMED;1;4.04.1970;1;0
AYMERT;1;4.08.1987;1;0
ABDUSALAM;1;18.02.1970;1;0
NARILYA;1;11.08.1978;0;1
MEVSIT;1;26.02.1971;1;0
MAHISEVER;1;29.03.1944;0;1
CEMAS;1;6.02.1963;1;0
SALIYET;1;22.02.1931;0;1
NURTUYA;1;29.12.1974;0;1
AFIDEI;1;6.04.1965;0;1
SAFURET;1;25.05.1960;0;1
AYNULMARIYE;1;22.09.1966;0;1
SASANE;1;21.03.1964;0;1
MEVDETE;1;22.02.1973;0;1
BENYEZ;1;7.09.1970;0;1
MEHLIZAR;1;16.03.1947;0;1
URGUBLU;1;19.02.1967;1;0
NEFYEDDIN;1;5.08.1979;1;0
RUYIZAT;1;7.07.1933;0;1
SAHEMIN;1;2.07.1953;1;0
SEYARA;1;11.07.1967;0;1
UMUTBARAN;1;19.04.1991;1;0
MUSTAFIL;1;6.02.1977;1;0
SUVEYID;1;16.08.1990;1;0
VURAK;1;27.09.1991;1;0
EZEZ;1;21.04.1969;0;1
PUHUL;1;10.06.1960;0;1
SAIDULLAH;1;5.12.1968;1;0
SENELAY;1;11.11.1972;0;1
JAMJIT;1;14.10.1975;0;1
HUTTE;1;7.06.1952;0;1
MASTIR;1;23.09.1986;1;0
UMMUHHAN;1;16.05.1981;0;1
PERNISIM;1;30.03.1969;0;1
RUZISEN;1;2.01.1950;0;1
SIMEMHAN;1;29.04.1980;0;1
SERIFIYYE;1;26.05.1967;0;1
MEJDETTIN;1;18.03.1960;1;0
SERVAHITTIN;1;6.02.1950;1;0
A.YALCIN;1;11.01.1974;1;0
ZENDIFA;1;17.02.1966;0;1
HEYIC;1;12.02.1959;0;1
ZIYEVER;1;28.08.1980;0;1
ZEYNIDIN;1;7.10.1974;1;0
FURAN;1;7.11.1988;1;0
PIRDEVIS;1;30.08.1980;0;1
ZULFUTA;1;26.02.1965;0;1
MERZEM;1;17.01.1988;0;1
MIAN;1;7.10.1956;1;0
SENDUREN;1;26.11.1986;1;0
SEBIRYA;1;13.12.1977;0;1
ARIFEANA;1;25.09.1982;0;1
GOLSA;1;17.02.1972;0;1
EFAL;1;10.06.1954;0;1
HUMAYNA;1;8.05.1958;0;1
TUGEL;1;22.02.1973;0;1
PANBUS;1;26.05.1940;0;1
NESDURE;1;19.04.1973;0;1
SULFIDAN;1;6.03.1957;0;1
MEMNON;1;19.04.1960;0;1
MERCA;1;17.04.1966;0;1
SAHBAZE;1;6.04.1945;0;1
AZAATTIN;1;2.07.1957;1;0
DOTSA;1;30.12.1952;0;1
GERDU;1;6.03.1962;0;1
ZEHIRNAZ;1;22.02.1955;0;1
AYSAYAR;1;1.03.1946;1;0
VECYETTIN;1;12.02.1971;1;0
EYSURAN;1;21.04.1971;0;1
IDYET;1;22.05.1979;0;1
ZEKIYYA;1;1.11.1954;0;1
HEZBETULLAH;1;2.02.1981;1;0
BASUMAN;1;21.04.1980;0;1
GUFTADE;1;30.09.1990;0;1
NEZREDIN;1;21.12.1977;1;0
GEYSA;1;5.06.1988;0;1
NEZATAN;1;2.03.1975;0;1
CEZADE;1;12.09.1965;0;1
SAADEN;1;13.02.1975;0;1
FURDEST;1;13.02.1983;0;1
SAHBAIL;1;6.02.1961;1;0
RIFGA;1;26.11.1924;0;1
BERREN;1;11.04.1961;0;1
ABAZIT;1;12.02.1971;1;0
SUDRETTIN;1;9.03.1977;1;0
ZAIDAT;1;5.11.1960;0;1
GUNNURIYE;1;13.03.1958;0;1
ZEKIZAR;1;1.01.1963;0;1
HAZAM;1;6.01.1974;1;0
ERKEGUL;1;13.10.1975;0;1
MENABETTIN;1;11.09.1951;1;0
HUSNUNIYYET;1;7.02.1952;0;1
MEHVE;1;6.07.1977;0;1
GUBRAHI;1;27.04.1944;0;1
ZAIBAT;1;1.06.1943;0;1
SAHINTI;1;7.02.1958;0;1
RIVAYEDE;1;21.07.1982;0;1
HALILUL;1;30.10.1953;1;0
BENDENUR;1;18.03.1969;0;1
BEHAP;1;4.12.1966;1;0
AYNURIDDIN;1;11.03.1949;1;0
TELEBAN;1;21.05.1966;1;0
CANREFA;1;28.10.1991;1;0
SEFIKAANA;1;17.02.1966;0;1
UMULTIN;1;21.05.1978;0;1
ZUZER;1;2.11.1969;0;1
NURCILE;1;22.03.1985;0;1
BABULU;1;10.08.1929;1;0
OZALKAN;1;12.07.1976;1;0
VESRAN;1;27.07.1991;0;1
ISFINAT;1;11.04.1963;0;1
OYTUL;1;17.05.1984;1;0
ISTAGFIRE;1;2.02.1978;0;1
MEYREFA;1;14.07.1962;0;1
GULTEBA;1;11.03.1985;0;1
SURYETTE;1;14.05.1965;0;1
USTAC;1;8.06.1982;1;0
RUSADIYE;1;6.02.1959;0;1
DURUALI;1;21.12.1953;1;0
LAYKE;1;23.03.1991;0;1
GULCEHERE;1;2.09.1963;0;1
FESTIKAN;1;6.02.1991;0;1
TEFIL;1;30.12.1960;1;0
HERMIS;1;8.03.1976;0;1
GULPAK;1;7.01.1982;0;1
YUGFER;1;11.12.1967;1;0
MIORITA;1;23.04.1965;0;1
N.ATILA;1;6.11.1972;1;0
MAMPERI;1;6.03.1979;0;1
YILDABIYE;1;27.07.1978;0;1
FURUAL;1;2.01.1950;0;1
GURNAYIN;1;1.03.1961;0;1
SEYLABE;1;18.05.1973;0;1
LEYLIVAR;1;27.02.1956;0;1
YAHLEMIN;1;23.10.1967;1;0
NAZIREHAN;1;19.02.1992;0;1
EGUR;1;7.01.1976;1;0
ZERRIHAN;1;5.12.1988;0;1
NUSIHI;1;2.02.1957;1;0
PERIDAN;1;19.09.1974;0;1
BEDRIYECAN;1;7.02.1964;0;1
MOHA;1;22.08.1931;1;0
SOFOYLE;1;21.05.1963;0;1
NEMNUME;1;22.02.1961;0;1
NAKIYBE;1;16.04.1947;0;1
KIZANA;1;2.03.1959;0;1
IRSEM;1;10.09.1991;0;1
CONNIE;1;29.07.1973;0;1
IKTA;1;22.09.1973;1;0
AGEH;1;2.07.1975;1;0
GORSER;1;2.10.1939;0;1
DEVRANSUR;1;4.07.1968;1;0
OMERMESUT;1;7.10.1970;1;0
ERGAFAR;1;22.02.1967;1;0
NEVSALI;1;7.03.1958;0;1
YURDEER;1;9.08.1975;1;0
SENAYYAR;1;8.04.1969;0;1
GUNERGAZI;1;20.05.1940;1;0
SEMAHER;1;1.10.1970;0;1
OSMANZIN;1;13.01.1965;1;0
MASALLAHA;1;2.02.1951;0;1
PATISAN;1;28.08.1947;0;1
RAMINA;1;1.01.1991;0;1
SADENI;1;16.08.1982;0;1
FERMIHAN;1;11.11.1975;0;1
SELMAHI;1;7.06.1963;0;1
SIMMA;1;7.02.1964;0;1
MUCEYYER;1;11.03.1967;0;1
HALILALP;1;5.04.1991;1;0
KAYSERE;1;13.05.1976;0;1
INETA;1;17.07.1975;0;1
ZURVE;1;26.05.1967;0;1
SUHAHIP;1;10.06.1985;1;0
NESURIKE;1;7.02.1982;0;1
MURSELL;1;18.12.1988;1;0
GULCENET;1;16.03.1964;1;0
JURGEN;1;18.02.1957;1;0
HERMILE;1;12.03.1973;0;1
TEMBOT;1;5.07.1982;1;0
NIZLE;1;12.08.1947;0;1
SERDILAN;1;6.04.1987;0;1
NEVEDET;1;4.02.1954;0;1
GULPAYI;1;11.06.1952;0;1
CANERDEM;1;12.07.1988;1;0
GULTEGEN;1;9.08.1940;0;1
YENSA;1;19.07.1966;0;1
MENGUNUR;1;12.03.1967;1;0
DAYENDE;1;16.09.1946;0;1
ZEKUNE;1;12.05.1947;0;1
AYSEBIR;1;26.11.1966;0;1
MESORE;1;7.02.1964;0;1
MUTHALIP;1;17.02.1954;1;0
TEKADDIN;1;9.08.1943;1;0
MIDEBE;1;22.08.1937;0;1
PEHBIL;1;7.11.1952;1;0
EMINELI;1;4.05.1957;1;0
LAYFER;1;11.03.1974;0;1
ESSU;1;2.02.1975;0;1
SULIM;1;26.05.1975;0;1
SERPILSEN;1;7.09.1960;0;1
ERMINER;1;27.11.1968;1;0
PEHLUDANE;1;2.02.1951;1;0
AYENDI;1;21.05.1991;0;1
EMINRASIT;1;2.04.1981;1;0
LUME;1;30.12.1980;0;1
NURUZAR;1;7.03.1976;0;1
EHRIZ;1;21.10.1947;0;1
IBBHAN;1;7.08.1975;0;1
ZERDIGAR;1;16.06.1938;0;1
GELSEVIM;1;12.11.1954;0;1
ROGBE;1;7.01.1957;0;1
SIDAY;1;1.03.1941;0;1
UNESER;1;16.12.1949;0;1
ZULFUGARI;1;21.07.1969;1;0
SUFIYLA;1;6.09.1971;0;1
BIRTUGRUL;1;26.02.1983;1;0
BEYTISEBA;1;11.05.1973;0;1
DEHNA;1;18.03.1978;1;0
GOLLIYE;1;1.08.1980;0;1
MERCINAN;1;16.11.1962;0;1
ZULMUT;1;28.02.1974;0;1
VRET;1;25.01.1967;1;0
TEKMULE;1;3.09.1966;0;1
RAZARIYE;1;21.07.1959;0;1
CEMSUHA;1;15.10.1972;1;0
BIRBIRLE;1;12.07.1978;0;1
GULZEFRE;1;13.11.1949;0;1
UMUREL;1;27.06.1962;0;1
KUCUKTEKIN;1;17.12.1984;1;0
SUNDULLAH;1;26.05.1939;1;0
KURMAS;1;27.01.1979;1;0
SERMAZI;1;16.02.1962;0;1
NORETIN;1;14.04.1970;1;0
PURGUN;1;7.03.1943;0;1
KORYAN;1;24.05.1985;1;0
HASBULLAH;1;12.02.1965;1;0
ERGANIYE;1;10.05.1964;0;1
GOKHASAN;1;4.02.1980;1;0
BUBIZEYTIN;1;1.10.1966;0;1
MULKIN;1;21.04.1957;0;1
HUZEFE;1;12.02.1971;0;1
DORUKSAH;1;29.06.1979;1;0
GULKERIYE;1;10.02.1969;0;1
SUMEYRAKEVSER;1;1.01.1992;0;1
TOMRES;1;9.07.1957;0;1
ABDDURRAHIM;1;17.08.1976;1;0
NURLIYE;1;12.03.1959;0;1
NAHIYBE;1;26.02.1960;0;1
MURRIDE;1;2.02.1975;0;1
MAYTIMA;1;26.04.1973;0;1
MULIKE;1;14.04.1975;0;1
CEZMIHAL;1;10.05.1966;0;1
LUMUNE;1;25.09.1977;0;1
GONEMIR;1;2.02.1947;0;1
ULBI;1;21.07.1974;1;0
KERRAH;1;22.02.1943;0;1
IREK;1;1.05.1969;1;0
BEMTUL;1;26.08.1960;0;1
GURBINAZ;1;7.08.1940;0;1
SEBBANE;1;26.07.1965;0;1
UHRA;1;26.09.1983;0;1
MEYNURA;1;2.02.1965;0;1
BIRSABIR;1;23.09.1975;0;1
DONJUAN;1;24.02.1967;1;0
ESNIL;1;12.10.1972;0;1
ELZARA;1;18.07.1989;0;1
MURATGAZI;1;29.11.1978;1;0
INABIYE;1;27.03.1950;0;1
BEDYE;1;20.02.1966;0;1
CUMEYRIYE;1;27.02.1987;0;1
MUKKAT;1;27.08.1938;0;1
DONDUHANIM;1;5.04.1983;0;1
MURATCUMHUR;1;21.12.1973;1;0
RUHUTDIN;1;8.11.1972;1;0
MUDOBE;1;28.12.1956;0;1
ERENYUCEL;1;24.01.1979;1;0
MZEVINARI;1;8.04.1964;0;1
AYSANUR;1;15.02.1962;0;1
LEDIFA;1;27.03.1956;0;1
SEYHANGIR;1;9.02.1982;1;0
KOKLAY;1;5.03.1950;1;0
YUZUMUTLU;1;10.04.1964;0;1
SEFYETTIN;1;26.03.1966;1;0
GULBAHCA;1;4.06.1949;0;1
HUSNURIZA;1;22.07.1961;1;0
TAZEKAR;1;30.10.1938;0;1
GUMMET;1;16.02.1943;1;0
YONERGE;1;22.06.1938;0;1
EMRUSE;1;7.02.1928;0;1
TAFSIRIYE;1;7.08.1954;0;1
GONULTAS;1;1.01.2001;1;0
GULSULAY;1;14.03.1959;0;1
CIPDER;1;2.08.1933;1;0
NAFIAN;1;17.08.1959;1;0
SAHEKBER;1;18.10.1980;1;0
CNOBIKA;1;22.05.1967;0;1
NECDETIN;1;13.01.1941;1;0
MEVLAH;1;29.05.1976;0;1
YUGRAL;1;2.07.1945;0;1
RUTEBA;1;21.02.1984;0;1
GULHIN;1;29.03.1979;0;1
YUCESER;1;11.08.1943;1;0
PEKBAL;1;21.01.1964;0;1
SUNDAK;1;4.04.1959;1;0
ORPAN;1;30.08.1976;1;0
HULCAN;1;24.02.1972;0;1
ENSUZ;1;12.12.1960;0;1
GULTUGU;1;2.09.1964;0;1
BESNEY;1;16.09.1979;0;1
ELBERRU;1;9.03.1990;0;1
SAIMAN;1;18.03.1962;0;1
SUFURE;1;30.01.1943;0;1
TEYSIRE;1;16.03.1981;0;1
BELKE;1;21.07.1989;0;1
ERSEFA;1;13.09.1947;1;0
SALVIYA;1;9.05.1978;0;1
NURKIM;1;16.10.1965;0;1
CE;1;5.08.1980;0;1
RUZVAN;1;2.08.1957;0;1
IZINYE;1;4.05.1955;0;1
SENGURBUZ;1;2.01.1969;1;0
DIEUWERKE;1;11.09.1964;0;1
FLORICEL;1;19.06.1970;0;1
TANTICA;1;1.07.1981;0;1
AGIZAR;1;1.12.1935;0;1
BIHFER;1;1.01.1984;0;1
BASHAGA;1;11.05.1962;1;0
SENICAN;1;7.04.1951;0;1
I.MURAT;1;18.09.1979;1;0
SEZAYDIN;1;6.02.1962;1;0
SANSSIN;1;28.01.1991;0;1
OCEN;1;19.04.1985;1;0
REMUZ;1;7.08.1960;1;0
MERRAL;1;1.07.1964;0;1
BAKSAN;1;16.04.1985;1;0
SINGUZ;1;22.02.1983;1;0
MEHER;1;17.05.1975;1;0
FERAFNAZ;1;16.06.1970;0;1
NEJIA;1;10.07.1971;0;1
ALESIA;1;1.11.1977;0;1
SERCEMZEYEP;1;18.02.1987;0;1
ATAMETIN;1;25.01.1957;1;0
PERKIT;1;21.04.1975;1;0
SEGUN;1;19.03.1992;0;1
MAVLUDA;1;25.05.1960;0;1
PARPAR;1;8.06.1938;0;1
NAMIKDAR;1;27.03.1950;0;1
IMDIYE;1;18.03.1957;0;1
ZULUMAR;1;22.06.1931;0;1
UGURTURK;1;8.02.1959;1;0
JAYIT;1;23.11.1967;0;1
BRUNHILD;1;17.08.1942;0;1
PIRIREIS;1;27.10.1991;1;0
BESIKTAS;1;26.04.1948;0;1
HAVVAYI;1;12.02.1953;0;1
LETEVET;1;8.03.1958;0;1
NAKEN;1;12.04.1959;0;1
MAHKULE;1;16.09.1979;0;1
ISMAILADNAN;1;1.10.1948;1;0
HUSGUZEL;1;27.08.1944;0;1
SAVASARMAN;1;22.08.1975;1;0
VAHINUR;1;3.08.1940;0;1
BENZAT;1;26.05.1966;1;0
TIN;1;16.12.1989;0;1
ARNAZ;1;26.10.1990;1;0
ALIYMAN;1;12.12.1959;0;1
JEVGENIA;1;13.12.1974;0;1
PINGZHOU;1;27.01.1971;1;0
TANUL;1;21.06.1954;1;0
BELHUZE;1;11.02.1954;0;1
DANIER;1;11.02.1969;1;0
MUGEGULSAH;1;27.02.1980;0;1
ASKERMEHMET;1;10.12.1977;1;0
NEHTUN;1;28.01.1970;0;1
BARBORUS;1;12.05.1953;1;0
NESSEL;1;6.12.1982;0;1
MUHTESEMNUR;1;26.08.1983;0;1
HAKANALP;1;13.08.1987;1;0
ORGIL;1;25.10.1966;0;1
OGUZABBAS;1;23.09.1974;1;0
JONNA;1;8.06.1979;0;1
YELTAN;1;9.09.1980;1;0
ATUR;1;21.03.1953;1;0
GULMAISSA;1;20.05.1961;0;1
ZATIYA;1;14.11.1917;0;1
FAHRIBE;1;5.10.1987;0;1
MUSVIGA;1;7.02.1934;0;1
MEFUSIYA;1;22.04.1973;0;1
CHERGHINA;1;7.09.1969;0;1
LOHMEN;1;22.02.1967;1;0
PETEM;1;29.03.1987;0;1
UNULMAZ;1;1.04.1955;1;0
SIMONIF;1;30.09.1942;1;0
IHSANFIN;1;2.05.1975;1;0
FATANA;1;3.07.1932;0;1
MINAYIR;1;26.11.1958;0;1
ALTUFAN;1;2.02.1951;1;0
OLWYN;1;18.09.1962;0;1
UDABE;1;6.11.1953;0;1
MURVIZAN;1;29.08.1958;0;1
NEYDIYE;1;21.03.1959;0;1
MENDEBIR;1;22.03.1967;1;0
ENIFRIBAN;1;20.07.1934;0;1
FATMAESIN;1;24.06.1952;0;1
NECIVETDIN;1;27.01.1973;1;0
OZCANER;1;25.10.1972;1;0
MECAZI;1;21.08.1987;1;0
NURDAYIL;1;26.09.1982;1;0
BEGUZEL;1;18.12.1966;0;1
MUZAYITTIN;1;21.07.1971;1;0
SEHRAZANT;1;26.10.1977;0;1
HIFSA;1;29.11.1959;0;1
SULDEN;1;2.04.1948;1;0
HALISNUR;1;13.10.1985;1;0
ZEHVI;1;17.09.1954;0;1
UMITFAHRI;1;2.02.1981;1;0
OZGARI;1;16.11.1982;1;0
NEVDINE;1;20.04.1972;0;1
AYGULEK;1;6.11.1963;0;1
SANAYGUL;1;2.02.1969;0;1
NUSEHAT;1;17.02.1966;0;1
DEMETER;1;10.03.1992;0;1
DESENGUL;1;27.02.1980;0;1
KANADA;1;29.12.1978;1;0
MUINET;1;2.08.1939;0;1
NILBERNA;1;2.09.1973;0;1
YILDIRIL;1;28.09.1970;1;0
USDACAN;1;21.11.1987;1;0
YETEGUL;1;2.07.1959;0;1
SNEZANA;1;26.03.1961;0;1
SUZETTE;1;28.03.1982;0;1
ARZIK;1;11.02.1957;0;1
IBDADE;1;18.02.1955;0;1
SAHULE;1;9.12.1972;0;1
YUZIDE;1;26.05.1976;0;1
SAHZANAT;1;7.02.1964;0;1
DUYURHAN;1;18.04.1992;1;0
ABUZEF;1;22.03.1955;1;0
ALAKA;1;22.03.1931;0;1
IHNAZ;1;8.04.1936;0;1
HURDURSUN;1;17.02.1948;1;0
MENKIBET;1;20.02.1964;0;1
KARAKOK;1;2.02.1969;1;0
MELEKSIGMA;1;10.05.1973;0;1
MEMLUGNE;1;19.02.1979;0;1
NESEOZGECAN;1;3.11.1983;0;1
BUHSEVER;1;4.03.1957;0;1
NESANUR;1;12.02.1953;0;1
MUNURHAN;1;12.06.1976;0;1
LEBIRSE;1;15.12.1956;0;1
CEZ;1;28.06.1967;1;0
NURENSAR;1;20.10.1952;0;1
ATANIN;1;30.05.1963;1;0
ULUCEN;1;22.08.1976;1;0
RASHA;1;28.11.1985;0;1
BEHAADDIN;1;24.05.1955;1;0
SOUREIA;1;5.02.1969;0;1
GULLUCENAN;1;29.03.1937;0;1
SAHICINAN;1;22.02.1937;0;1
ASLANSA;1;30.06.1979;1;0
GULLUCINAN;1;2.04.1927;0;1
HILMEYE;1;21.05.1960;0;1
TUNUYA;1;12.02.1971;0;1
DURDUSE;1;22.01.1938;0;1
MELEKOZER;1;22.03.1943;0;1
TEVGE;1;24.03.1968;0;1
CANCI;1;4.03.1963;0;1
MERCAIL;1;1.03.1960;0;1
GULVAY;1;16.03.1947;1;0
ULKINAR;1;2.01.1969;0;1
NEVRINAS;1;22.06.1963;0;1
YAKINCAN;1;18.08.1953;0;1
GULEBI;1;11.04.1963;1;0
MEKKEYAR;1;7.07.1969;1;0
IMROL;1;8.04.1952;0;1
FERVUZA;1;27.10.1986;0;1
VANIYE;1;17.03.1972;0;1
ENESBINNUR;1;13.10.1981;1;0
SIGER;1;5.04.1977;0;1
SENKIN;1;21.02.1960;0;1
AFIZER;1;27.06.1962;0;1
TELINE;1;17.02.1978;0;1
KULNAZIR;1;13.01.1952;0;1
ESENGULU;1;15.09.1982;0;1
DURSADETTIN;1;19.11.1973;0;1
FETHEM;1;1.11.1984;0;1
MIHRABAN;1;7.10.1988;0;1
GURZIDA;1;7.07.1974;0;1
BEDISEN;1;5.06.1963;0;1
TEKCEN;1;5.10.1983;0;1
CORELE;1;30.12.1954;0;1
NUCAFER;1;2.08.1933;0;1
GULCEFRE;1;15.02.1966;0;1
MIRHIBAN;1;4.10.1980;0;1
BUHANIYE;1;6.12.1953;0;1
NURDANSEL;1;11.01.1957;0;1
YELIZCAN;1;19.05.1990;0;1
VIRGIL;1;20.11.1974;0;1
HAFIZERGUN;1;29.05.1965;1;0
GULPIDER;1;16.05.1944;0;1
TOCA;1;2.10.1957;1;0
GULCETAY;1;28.01.1978;0;1
ESARSEL;1;7.08.1957;0;1
ONSAR;1;28.05.1941;1;0
NEVFIS;1;24.03.1951;0;1
CHYNARA;1;11.02.1982;0;1
KELAMIYE;1;12.05.1933;0;1
CETINALI;1;26.05.1975;1;0
VELIFER;1;11.05.1936;0;1
MERYAL;1;11.02.1956;0;1
ADEVEYE;1;27.03.1956;0;1
CANTAYLAN;1;30.03.1985;1;0
ERDING;1;4.02.1975;1;0
NANETTE;1;20.11.1967;0;1
ELLORINA;1;19.05.1965;0;1
M.KEREM;1;19.06.1971;1;0
PIERETTE;1;2.01.1955;0;1
KIRAZOZGE;1;2.02.1981;0;1
MAHIRSAH;1;19.10.1973;1;0
BILLIE;1;1.04.1991;0;1
BENGUTUL;1;2.09.1976;0;1
BENILCAN;1;14.05.1990;1;0
OZSU;1;17.06.1976;0;1
ZHORZHETA;1;3.10.1963;0;1
PILVI;1;30.01.1976;0;1
YEVHENIYA;1;22.11.1981;0;1
MAZRAP;1;18.04.1939;1;0
LOYZA;1;21.12.1973;0;1
AYTUBA;1;30.08.1981;0;1
KATHE;1;18.11.1944;0;1
SYLVETTE;1;12.07.1965;0;1
AYSEICELILE;1;12.05.1947;0;1
LEMIF;1;7.04.1928;0;1
IVONA;1;2.04.1961;0;1
FILLIP;1;16.11.1976;1;0
RUHBEYAN;1;16.05.1946;0;1
SAMPRIE;1;17.02.1948;0;1
NINGUN;1;17.02.1972;0;1
VINERA;1;19.12.1971;0;1
DJEYMI;1;25.01.1991;1;0
WALEH;1;9.08.1960;0;1
SARK;1;10.04.1927;1;0
SAROLTA;1;5.01.1973;0;1
ZIYAKET;1;17.04.1936;0;1
TAYLANER;1;12.09.1971;1;0
TUTAS;1;16.03.1939;0;1
CILEMNUR;1;22.12.1991;0;1
M.HUNKAR;1;17.08.1974;1;0
SEFATA;1;5.11.1956;0;1
SUNATEL;1;20.01.1969;0;1
ZHEZHEV;1;30.04.1964;0;1
MAHIRER;1;21.12.1971;1;0
ILYAMIN;1;27.09.1982;1;0
NEMETCAN;1;20.02.1970;1;0
TOMI;1;24.12.1972;1;0
NARIDA;1;13.02.1969;0;1
TETYENA;1;8.12.1975;0;1
INDERA;1;24.06.1966;0;1
MUCICET;1;7.02.1976;0;1
RIANA;1;3.02.1980;0;1
PIATIMAT;1;3.05.1968;0;1
SOFIYAT;1;5.08.1961;0;1
ANIFA;1;19.10.1976;0;1
CANBANU;1;6.11.1956;0;1
ZURYEZEM;1;7.05.1988;0;1
ATNIBANU;1;22.02.1955;0;1
FLYURIYA;1;18.10.1974;0;1
EPIRDEN;1;11.08.1989;1;0
ILKAYIR;1;2.07.1980;0;1
LAVRA;1;18.06.1975;0;1
ALSEVIM;1;30.06.1963;0;1
OLGASULE;1;23.08.1981;0;1
WILMA;1;1.11.1968;0;1
SEFERCIVAN;1;10.11.1963;1;0
ANGELIANA;1;30.08.1986;0;1
OKTEMER;1;7.02.1937;1;0
SAGHRI;1;7.09.1956;0;1
CANPINAR;1;7.07.1959;1;0
TURANSALI;1;14.05.1976;1;0
KUMSIAT;1;30.11.1965;0;1
ZEFKI;1;4.10.1958;1;0
GULVI;1;19.03.1977;0;1
NUTVER;1;25.03.1961;1;0
GIRNAY;1;7.02.1976;0;1
AGHU;1;26.07.1976;0;1
BILYAS;1;22.01.1970;1;0
ASK;1;24.03.1928;0;1
MUBDI;1;27.04.1972;1;0
MEHABAD;1;11.08.1980;0;1
NESRAR;1;11.09.1977;0;1
ALIBARUT;1;25.02.1937;1;0
HADUS;1;22.04.1931;0;1
KOMAY;1;20.04.1989;1;0
MECNURE;1;23.03.1949;0;1
SUMDURAN;1;17.07.1950;0;1
MOUYET;1;22.07.1931;0;1
DURMELEK;1;11.09.1951;0;1
MINOO;1;29.03.1957;0;1
NECMIYETTIN;1;26.12.1965;1;0
OTYAM;1;28.03.1980;1;0
TEFIKFIKRET;1;26.03.1964;1;0
GUZIGEN;1;6.10.1954;0;1
FERUDUNGAZI;1;22.07.1967;1;0
ESEFIKEF;1;23.12.1962;1;0
MUSINAZ;1;6.01.1932;0;1
KHADIJAT;1;6.06.1966;0;1
OTKAN;1;15.04.1969;1;0
GUNEYER;1;3.11.1954;0;1
ZEHRADENIZ;1;22.09.1965;0;1
TEVKIA;1;17.08.1924;0;1
CEBENUR;1;5.08.1948;0;1
ERDEMALP;1;30.10.1986;1;0
DERME;1;17.06.1984;0;1
BACIKADIN;1;27.04.1974;0;1
MIHRALLI;1;12.06.1965;1;0
IRGECAN;1;22.05.1989;0;1
GERIZAN;1;13.11.1929;0;1
RAZIKER;1;14.03.1965;0;1
OZFIRAT;1;22.02.1964;1;0
MUSLUHIDDIN;1;28.07.1973;1;0
NURINISSA;1;29.01.1947;0;1
OZBABA;1;13.03.1965;1;0
KIMBAT;1;23.01.1976;0;1
IRAZCAN;1;3.08.1984;0;1
HIKAN;1;9.12.1982;1;0
TUBAFIRDEVS;1;4.07.1978;0;1
RAJAB;1;18.08.1978;1;0
MUVAZZEZ;1;26.06.1959;0;1
ZERBIYA;1;19.06.1991;0;1
CANKAZIM;1;11.07.1974;1;0
BAYKANER;1;6.07.1971;1;0
AYTAL;1;17.03.1982;1;0
TURKCEN;1;10.09.1962;0;1
SONKAY;1;14.11.1978;1;0
ABDULVAHABICIHAN;1;9.07.1970;1;0
LUTAY;1;9.12.1976;1;0
BORCAK;1;9.05.1976;1;0
MISMINA;1;28.02.1991;0;1
DINEMI;1;9.05.1963;1;0
FAINA;1;30.03.1991;0;1
ERYAN;1;6.05.1973;1;0
BURMAGUL;1;19.05.1971;0;1
UNSUNAY;1;26.07.1957;0;1
KAPLANER;1;7.06.1981;1;0
TALEDDIN;1;25.06.1940;1;0
OGOULSONA;1;4.04.1956;0;1
OZVOLKAN;1;16.11.1956;1;0
SARUMAN;1;25.08.1961;0;1
SURAIDA;1;12.10.1955;0;1
ALEC;1;14.04.1966;1;0
VETA;1;23.03.1974;1;0
SALIZAR;1;11.03.1934;0;1
SAGLARA;1;13.04.1981;0;1
FERMUZEN;1;14.04.1960;0;1
TAHAKAN;1;8.06.1991;1;0
DAMIRA;1;14.03.1978;0;1
YUNUZEMRE;1;25.03.1979;1;0
AGEETH;1;18.10.1970;0;1
ANIYAT;1;18.08.1952;0;1
LUZUME;1;5.04.1960;0;1
HEKIBURAN;1;8.01.1940;0;1
MULHAKA;1;17.04.1918;0;1
SALMINA;1;9.03.1973;0;1
ESLISAH;1;28.02.1966;0;1
CEMKORAY;1;14.11.1982;1;0
SNEZHANA;1;15.08.1979;0;1
SEHANE;1;3.10.1975;0;1
JAVLER;1;30.09.1975;1;0
EMILITTA;1;27.10.1956;0;1
TOMASZ;1;21.11.1963;1;0
FERKANT;1;2.05.1981;1;0
LONIE;1;24.08.1968;0;1
ONERCAN;1;29.08.1989;1;0
M.TOLUNAY;1;29.04.1973;1;0
BEHGUZAR;1;22.08.1943;0;1
MEFHUZIYE;1;13.02.1958;0;1
BILEREN;1;14.06.1962;0;1
ESOR;1;27.01.1951;1;0
UMMUGULEN;1;30.03.1941;0;1
YURDAKURT;1;12.05.1935;1;0
NAJOUA;1;16.05.1972;0;1
BELBA;1;4.01.1978;0;1
VARACAN;1;2.02.1951;1;0
NIRSEL;1;13.10.1984;0;1
LAMIAE;1;18.10.1978;0;1
ALTUVAN;1;11.08.1956;1;0
GULTEKIS;1;14.10.1948;0;1
SERPEK;1;12.04.1947;1;0
REFU;1;27.06.1956;1;0
FERMUNUR;1;1.10.1962;0;1
FATMALAR;1;20.03.1965;0;1
SAGIMEBAT;1;27.06.1944;0;1
DAGIR;1;7.02.1952;1;0
IANINA;1;16.03.1978;0;1
IOLIA;1;23.07.1974;0;1
ILAHIYE;1;27.12.1956;0;1
JULIYANNE;1;9.10.1964;0;1
CANUSER;1;6.05.1951;0;1
KALERIYA;1;17.05.1946;0;1
SANELYA;1;2.07.1979;0;1
REYKA;1;26.04.1978;0;1
OZEMRIYE;1;30.10.1949;0;1
MUZAFFERIYET;1;18.01.1958;0;1
HUMSET;1;9.12.1970;0;1
PEMBEBINAY;1;25.04.1962;0;1
ONURDAN;1;25.10.1963;0;1
KAMURAY;1;3.10.1976;0;1
ADRIANNA;1;4.10.1976;0;1
TUMURLEK;1;2.05.1969;1;0
BAGIGUL;1;4.12.1982;0;1
ALPTUHAN;1;21.07.1988;1;0
MEHTEN;1;19.09.1981;0;1
BUGKE;1;18.03.1992;0;1
YAGLI;1;7.02.1976;1;0
MUZEYYENI;1;9.11.1963;0;1
ALINTER;1;12.02.1953;0;1
S.ASKIN;1;12.07.1953;1;0
PROLET;1;13.02.1975;0;1
HEVANT;1;20.03.1960;1;0
AGATHA;1;26.08.1960;0;1
RUHSINA;1;21.11.1973;0;1
MARBIYE;1;20.04.1965;0;1
JOFRI;1;9.02.1981;1;0
CUTYAR;1;8.08.1991;1;0
CAVLIN;1;29.09.1991;0;1
MAKIM;1;25.08.1985;1;0
HOSANNA;1;17.12.1961;0;1
CEMTUGRUL;1;28.02.1971;1;0
NURTERIM;1;2.07.1948;0;1
GANIMURAT;1;21.05.1957;1;0
EMIRDAG;1;12.03.1941;1;0
M.CENKER;1;28.10.1973;1;0
NUSEYLA;1;8.02.1958;0;1
GULDUTAN;1;11.01.1937;0;1
BEYKUL;1;1.11.1960;1;0
DIBEKLI;1;4.03.1960;0;1
GOLTER;1;14.03.1958;0;1
UYSAR;1;30.01.1967;0;1
FADEKAR;1;13.03.1972;0;1
NEMNA;1;28.04.1950;1;0
NEZDEN;1;1.12.1942;0;1
IRCAY;1;11.11.1963;1;0
RUNYANI;1;27.02.1974;1;0
EMBIL;1;22.08.1973;0;1
GUNVANI;1;19.01.1966;1;0
BOCUKAN;1;16.08.1966;0;1
MAYHAL;1;22.02.1969;0;1
ELIFASA;1;27.08.1926;0;1
ICAVI;1;27.02.1974;1;0
LUFKAN;1;9.03.1984;1;0
GANAHAT;1;27.12.1956;0;1
GULDONU;1;16.11.1981;0;1
SABBOY;1;4.06.1979;0;1
HUZNUR;1;10.09.1985;0;1
OZATAKAN;1;10.03.1975;1;0
YATI;1;3.11.1962;0;1
SALAHEDIN;1;22.02.1967;1;0
ILACIN;1;4.06.1987;1;0
MUCIZIYE;1;9.01.1942;0;1
MUKLUMIYE;1;1.11.1967;0;1
VICIYE;1;5.07.1951;0;1
SELIMAT;1;26.06.1972;0;1
GUNSARAY;1;8.02.1982;1;0
REKIME;1;7.11.1946;0;1
EUZAME;1;20.01.1970;0;1
SEMSEYE;1;9.03.1946;0;1
GULFEER;1;16.05.1971;0;1
DIYESEL;1;27.04.1962;0;1
ABDURALIM;1;2.10.1973;1;0
SERFENE;1;22.02.1991;0;1
FADENI;1;17.03.1956;0;1
SATRAZAM;1;30.10.1971;1;0
FIYDAN;1;19.10.1948;0;1
REVARIYE;1;10.05.1965;0;1
GORMAN;1;27.02.1962;1;0
AYSELDIN;1;20.03.1966;0;1
MUSTAYA;1;20.02.1979;1;0
HALKTAN;1;27.11.1958;1;0
HOBANIYE;1;2.10.1988;0;1
SEHURA;1;16.04.1957;0;1
ALBTEKIN;1;30.11.1976;1;0
EFSUNE;1;9.06.1977;0;1
OYGUL;1;21.09.1988;0;1
GULISMAN;1;11.02.1967;0;1
SELPIHAN;1;2.02.1984;0;1
MEFRIS;1;13.03.1949;0;1
ELPEREM;1;25.01.1973;0;1
HAFELI;1;22.04.1973;0;1
ERIZEL;1;25.02.1969;1;0
MUZIYER;1;21.01.1971;0;1
ILICIN;1;14.10.1936;1;0
HELCAN;1;23.06.1986;0;1
ALALLEDIN;1;18.04.1960;1;0
HUMANE;1;26.01.1973;0;1
EHAN;1;27.10.1974;1;0
EPIRIM;1;16.07.1975;0;1
HAFIZANIM;1;16.05.1957;0;1
MUZAYIN;1;11.05.1951;1;0
MERFUKE;1;11.04.1975;0;1
FAKUZA;1;26.05.1986;0;1
YENERALP;1;26.05.1988;1;0
DILIBE;1;17.02.1972;0;1
GURDUN;1;7.07.1958;1;0
YANEMIN;1;19.05.1974;0;1
ALALETIN;1;22.04.1948;1;0
NOAY;1;27.10.1956;1;0
DILFIL;1;8.03.1973;0;1
GULNADIRE;1;16.06.1961;0;1
SEHEYLAN;1;1.04.1968;0;1
FEVZIHA;1;23.10.1934;0;1
FADAKAR;1;11.01.1974;1;0
ALIMUNIR;1;22.02.1961;1;0
DUREFIYE;1;6.02.1951;0;1
BEDCAL;1;19.06.1960;0;1
APPAN;1;23.03.1940;1;0
GULZAHADE;1;24.02.1943;0;1
GULNAFIA;1;4.04.1940;0;1
SELVERDONUS;1;22.07.1949;0;1
APPAK;1;2.05.1927;1;0
CUMHURBULENT;1;19.02.1975;1;0
TURKUTAY;1;11.06.1982;1;0
HITEME;1;7.03.1958;0;1
INUFER;1;25.05.1964;0;1
GOLDALI;1;21.06.1959;0;1
VAHTANIYET;1;15.04.1970;1;0
ZEKILE;1;29.08.1974;0;1
ILIKA;1;29.07.1965;0;1
SEHULLAH;1;24.01.1973;1;0
VERAYI;1;24.04.1973;0;1
ATALER;1;21.12.1980;1;0
ZAVEREN;1;3.07.1967;0;1
DURUZADE;1;4.06.1956;0;1
USTACET;1;1.04.1964;1;0
ZUHIL;1;2.03.1967;1;0
NIJDAN;1;26.03.1965;0;1
TELTEL;1;21.06.1965;0;1
HITCE;1;11.01.1956;0;1
RUZ;1;29.2.1942;0;1
SIVAYI;1;21.04.1984;1;0
NARIYMAN;1;4.10.1954;0;1
CAYLAYAN;1;2.06.1982;1;0
DUMU;1;7.02.1958;0;1
SEHMIL;1;2.11.1971;0;1
NICAYET;1;27.02.1956;0;1
GIYAMA;1;2.03.1969;0;1
NECIVER;1;12.07.1965;0;1
SEGILE;1;10.07.1974;0;1
ZULHUDAR;1;13.11.1963;0;1
MAYONOR;1;6.10.1948;0;1
YANIFER;1;23.03.1967;0;1
AYSUBAH;1;1.06.1988;0;1
UZEDE;1;30.12.1973;0;1
DOLUER;1;10.02.1973;1;0
SAFALATIN;1;26.01.1965;1;0
CEHANE;1;28.05.1962;0;1
SEYISTE;1;9.07.1955;0;1
GULTEZIN;1;15.09.1955;0;1
SERINNEZ;1;19.09.1971;0;1
SITDIKIYE;1;23.03.1971;0;1
MAYNIHUR;1;9.06.1966;0;1
KULEY;1;7.08.1952;0;1
KUNYEMIN;1;4.10.1962;1;0
NEPURE;1;15.02.1957;0;1
TUREYFI;1;27.02.1956;0;1
KANIMAT;1;24.12.1971;0;1
ILBAL;1;26.07.1967;0;1
NUTTIYA;1;12.08.1935;0;1
NUTYA;1;2.04.1957;0;1
GULHAZEN;1;8.09.1954;0;1
NUVERYA;1;29.05.1984;0;1
GULPERAN;1;26.11.1982;0;1
ETIFAT;1;2.06.1963;0;1
NESIRRIN;1;17.03.1954;0;1
ATADURAN;1;6.12.1954;1;0
EVCEN;1;16.03.1951;0;1
ZUHTA;1;24.05.1942;1;0
SEHFETTIN;1;1.11.1955;1;0
MEYTANE;1;6.03.1959;0;1
HALIMANA;1;16.08.1967;0;1
PINARAL;1;22.02.1961;0;1
GAFIR;1;9.04.1957;1;0
MURKIZA;1;1.07.1936;0;1
MEPRUS;1;27.07.1956;0;1
ADTIKE;1;22.08.1969;0;1
MESYURE;1;22.01.1957;0;1
HAYRATAN;1;26.10.1960;1;0
RUVIKE;1;23.09.1935;0;1
BURCAKHAN;1;14.05.1983;1;0
HURDAR;1;9.04.1981;0;1
MUSTEMA;1;26.09.1967;0;1
RANZAN;1;7.10.1961;0;1
NALVER;1;3.10.1969;0;1
GUTFIYE;1;26.12.1971;0;1
ILTUR;1;10.11.1976;0;1
YULE;1;19.06.1988;0;1
MUSTESNAN;1;5.04.1964;0;1
EBIYAT;1;4.06.1966;0;1
FERYUZA;1;24.12.1969;0;1
GULSERHAT;1;7.04.1970;0;1
SABIRANA;1;3.02.1945;0;1
SOFFANE;1;21.04.1987;0;1
FEDANE;1;6.10.1979;0;1
H.TUFAN;1;17.11.1945;1;0
IOULIIA;1;26.07.1976;0;1
ULDUZA;1;22.10.1973;0;1
VESALI;1;7.07.1971;1;0
METTUN;1;26.05.1935;0;1
FERHAYI;1;24.08.1961;0;1
ALAKSANDIR;1;6.11.1961;1;0
ZURBER;1;22.03.1972;0;1
FEHIMETE;1;26.06.1983;0;1
MINCIP;1;16.09.1963;1;0
ZAHMANUR;1;14.04.1958;0;1
NEFZER;1;2.04.1958;0;1
GULAH;1;2.10.1963;0;1
BEKSUT;1;11.06.1974;1;0
BAKSET;1;9.05.1975;1;0
SEHBINUR;1;23.06.1955;0;1
MAHLAKA;1;17.08.1930;0;1
SASULU;1;1.04.1955;0;1
RIFSI;1;5.07.1963;1;0
ERGUDERCAN;1;2.06.1991;1;0
HAYTUNC;1;11.09.1972;1;0
CELALBEHAR;1;24.07.1955;1;0
ABLUM;1;25.09.1977;1;0
NIBIYE;1;8.01.1963;0;1
GOMIDAS;1;25.09.1987;1;0
BAKITURK;1;7.01.1957;1;0
BENEYSE;1;1.01.1962;0;1
GULLASVIYE;1;30.04.1969;0;1
HEPISE;1;27.07.1974;0;1
MURBANE;1;18.03.1953;0;1
GULEZIZ;1;6.08.1968;0;1
GOKSUCAN;1;22.09.1988;1;0
REHAGUR;1;26.02.1991;1;0
TEFKIFE;1;16.03.1946;0;1
DIGIYE;1;21.04.1956;0;1
SEMCEN;1;18.10.1980;0;1
ISILDAR;1;29.02.1988;1;0
KUTLUKAGAN;1;4.03.1974;1;0
MEHMETABID;1;11.04.1962;1;0
ULFIE;1;24.05.1983;0;1
GUNESSER;1;10.02.1984;0;1
FEYZINAZ;1;13.04.1979;0;1
NACDAN;1;6.09.1929;1;0
DENNUR;1;2.10.1970;0;1
EDIE;1;28.08.1961;0;1
MAYAR;1;3.09.1977;1;0
NURSENETTIN;1;29.12.1949;1;0
YUMIL;1;20.03.1976;1;0
CANSARP;1;15.07.1989;1;0
URFADIN;1;7.02.1949;1;0
SAVSER;1;10.06.1951;0;1
EFTALIN;1;6.02.1981;0;1
GAZANHAN;1;2.12.1962;1;0
EFGAM;1;9.02.1971;1;0
MISME;1;1.11.1950;0;1
REFIKSADIK;1;17.06.1979;1;0
BILKIBAR;1;24.10.1971;0;1
NABIH;1;11.02.1978;1;0
ELIRAHMAN;1;2.08.1975;1;0
RUMASE;1;27.02.1950;0;1
GILAFER;1;24.09.1986;0;1
GULZAHDER;1;2.12.1955;0;1
HULVUYE;1;18.07.1966;0;1
EZOM;1;15.02.1978;0;1
REGAYUP;1;14.02.1965;1;0
MISEMMA;1;3.10.1973;0;1
VEZATTIN;1;1.12.1956;1;0
SUCUADDIN;1;8.02.1956;1;0
NAIMENUR;1;13.11.1990;0;1
SEBIHNUR;1;17.08.1930;0;1
CUMRUTE;1;22.08.1937;0;1
LIDAR;1;19.07.1963;1;0
MUDIYEN;1;14.06.1957;0;1
BIRMEZ;1;2.02.1975;0;1
RAHIGEN;1;22.11.1960;0;1
RAHYE;1;27.03.1950;0;1
TZVETA;1;29.07.1968;0;1
FERZADIYE;1;6.07.1937;0;1
EDILME;1;13.05.1952;0;1
SEKKUR;1;23.01.1966;1;0
SERAFIN;1;9.04.1971;0;1
FEVKIN;1;15.12.1967;1;0
BALIG;1;17.08.1991;1;0
CHENIS;1;15.12.1970;0;1
SELVENUR;1;11.03.1976;0;1
ERDINAN;1;22.03.1986;1;0
ZEYNELIN;1;14.10.1961;1;0
AYVERDI;1;14.09.1963;1;0
SEHDIN;1;11.06.1970;1;0
RUBAI;1;14.10.1946;0;1
TAMMAM;1;7.08.1964;1;0
ELITSA;1;5.10.1978;0;1
KINYA;1;23.09.1990;0;1
JANBOLAT;1;17.07.1962;1;0
MUENSER;1;23.12.1965;0;1
SADIFI;1;26.07.1972;1;0
AYTIBEN;1;28.11.1973;0;1
MESILSA;1;3.04.1976;0;1
NIDET;1;2.09.1968;1;0
ASMARA;1;27.02.1981;0;1
SONCAG;1;26.05.1968;0;1
BEYTAZEM;1;30.11.1969;1;0
NUFEZA;1;17.04.1954;0;1
LENASI;1;22.10.1973;1;0
BEDRIMEN;1;17.11.1936;0;1
EZGITAN;1;14.03.1989;0;1
GUNERSEL;1;26.12.1975;1;0
MUMUFE;1;27.03.1956;0;1
GUNESELI;1;29.06.1964;0;1
GOGKAN;1;21.02.1971;1;0
NAZLIN;1;11.06.1949;0;1
IKREMEN;1;28.10.1963;0;1
GUBET;1;19.04.1988;0;1
WALBURGA;1;18.04.1948;0;1
MAYEME;1;6.09.1977;0;1
REYEGAN;1;27.10.1965;0;1
MURHANE;1;24.02.1955;0;1
AHMIDIYE;1;13.07.1932;0;1
DINNAR;1;10.05.1970;1;0
CANATIN;1;5.02.1979;1;0
MUIP;1;6.07.1935;1;0
MUSBANI;1;2.02.1945;0;1
BURHAY;1;1.12.1991;1;0
DAZIYE;1;22.08.1931;0;1
GUNNEBAR;1;17.02.1966;0;1
BACIDE;1;26.09.1941;0;1
NEBAHU;1;3.11.1963;0;1
GARIPSEREN;1;17.01.1966;0;1
BEYNEZER;1;22.08.1925;0;1
GULDEFIRET;1;14.05.1951;0;1
SEZAKER;1;11.02.1952;0;1
MUETCEL;1;23.02.1956;0;1
CERRIN;1;11.02.1985;1;0
YAKUL;1;27.08.1971;1;0
MUCERREM;1;17.03.1966;0;1
NADISER;1;27.01.1955;0;1
NEBAHIR;1;30.12.1958;0;1
MURVANI;1;1.10.1948;0;1
RIZAFET;1;17.08.1936;0;1
GULBAHNE;1;23.05.1951;0;1
BEDAIYE;1;1.01.2001;0;1
IDIHAN;1;22.08.1931;1;0
GULBEYDIYE;1;27.10.1962;0;1
BINNAIM;1;4.04.1957;1;0
NEBAI;1;27.12.1954;0;1
SIGVAYET;1;6.02.1956;0;1
SEZAYIDDIN;1;29.06.1959;1;0
AVRIZAK;1;16.07.1975;1;0
GEYLU;1;26.09.1940;1;0
DUSEN;1;2.05.1991;0;1
CHIRMIN;1;9.07.1954;0;1
RAHUT;1;26.10.1953;1;0
ZELNA;1;7.08.1946;0;1
UVERYA;1;27.03.1980;0;1
SERIFHANIYE;1;8.03.1956;0;1
MUBAREN;1;26.06.1967;0;1
MUKNESEL;1;18.12.1966;0;1
SELARIF;1;12.02.1977;1;0
HUDAVETTIN;1;17.11.1948;1;0
GULSAYE;1;24.02.1967;0;1
ECEBIYE;1;1.06.1959;0;1
MUSINAT;1;16.12.1952;1;0
BEYMIN;1;1.05.1976;1;0
VEZATIN;1;27.08.1938;1;0
SEVNEZ;1;14.05.1977;0;1
MUCAYIH;1;27.01.1974;1;0
TESELLAH;1;25.04.1989;0;1
AKKISI;1;22.05.1973;1;0
EMYAN;1;13.03.1947;0;1
HERCIN;1;11.11.1971;0;1
VEDIM;1;21.04.1975;1;0
TEGMINE;1;9.12.1967;0;1
MINAZIYE;1;12.08.1929;0;1
MUKANBER;1;8.09.1934;0;1
HEMRULLAH;1;17.11.1966;1;0
GULLUSEFAR;1;29.01.1962;0;1
RUMIS;1;11.06.1934;1;0
MURVANE;1;17.08.1924;0;1
YELSEMIN;1;16.10.1968;0;1
SELMINAR;1;17.10.1963;0;1
EPRUH;1;3.02.1975;0;1
VAADDIN;1;23.05.1935;1;0
UZEIME;1;22.04.1958;0;1
NEHVEDA;1;5.07.1956;0;1
MURKANE;1;17.02.1954;0;1
MUNESFER;1;21.06.1933;0;1
MURMET;1;12.08.1935;0;1
VENSER;1;9.03.1942;0;1
FELIH;1;26.02.1942;1;0
SEHRIYAN;1;13.06.1937;0;1
SEYIDENAZ;1;6.09.1966;0;1
INAYETGUL;1;11.07.1969;0;1
IMMAS;1;14.02.1934;0;1
NIYYAR;1;16.02.1938;0;1
FATIE;1;22.10.1964;0;1
GUNNUFER;1;21.11.1982;0;1
MUEZZIME;1;21.04.1946;0;1
HUDADIN;1;13.07.1951;1;0
MUSTEZAT;1;15.01.1965;0;1
NUHTAC;1;3.12.1989;0;1
UMUKUL;1;18.01.1960;0;1
SAHSIGUR;1;11.02.1961;0;1
METAHIR;1;3.08.1963;1;0
MIGRI;1;23.02.1976;0;1
NEZIYEN;1;29.05.1981;0;1
GULLUAN;1;15.01.1956;0;1
MUHAZIBIN;1;22.02.1965;1;0
NEFURIYE;1;21.01.1981;0;1
RADVANIYE;1;26.12.1953;0;1
CENISE;1;2.02.1963;0;1
MUAZZIBIN;1;2.02.1957;1;0
SERIYEN;1;13.02.1964;0;1
HATFET;1;1.02.1959;0;1
HASAME;1;27.05.1934;0;1
SEHZAI;1;24.02.1952;1;0
ORANIYE;1;25.11.1966;0;1
KARHANI;1;9.03.1980;1;0
ALISADAN;1;30.04.1956;1;0
ESGAN;1;22.02.1967;1;0
URFER;1;14.02.1965;0;1
GULBEYTI;1;14.05.1951;1;0
SAYSI;1;2.08.1921;0;1
NEFSAR;1;13.10.1948;0;1
ATVET;1;12.08.1941;0;1
INMITTIN;1;2.02.1957;1;0
BIGUN;1;4.11.1976;0;1
DURYAMIL;1;18.12.1969;1;0
DILAVERIYE;1;3.02.1977;0;1
RAKUM;1;16.05.1960;1;0
SINUS;1;26.02.1953;0;1
DARSA;1;11.09.1958;0;1
MUKAMIL;1;22.10.1960;1;0
BEDAG;1;21.09.1989;0;1
UMZADIYE;1;29.04.1967;0;1
SERIHKE;1;16.01.1959;0;1
MOSUNE;1;13.04.1960;0;1
ENGINAN;1;5.06.1984;0;1
NERIHSUL;1;17.07.1966;0;1
ISTIGBAR;1;2.06.1977;1;0
BEDRIHA;1;26.06.1966;0;1
HORAL;1;17.03.1960;1;0
RUKREDDIN;1;15.05.1953;1;0
OSMANCIK;1;27.04.1944;1;0
SEHMAT;1;11.04.1962;0;1
UNNIYE;1;27.02.1972;0;1
HALAKAN;1;23.06.1969;1;0
MIDDER;1;20.12.1964;0;1
ZIGVER;1;7.08.1934;1;0
HUTKU;1;16.01.1958;1;0
RUMIZ;1;21.11.1964;0;1
EREYFE;1;30.04.1968;0;1
SELCANGUL;1;6.04.1984;0;1
ESENNURAY;1;12.08.1969;0;1
ONKAL;1;26.08.1959;1;0
MUVEDDIN;1;1.12.1973;1;0
FERANNUR;1;26.01.1974;0;1
PLANUR;1;15.06.1973;0;1
CANTORAY;1;8.01.1972;1;0
NALAHA;1;20.07.1958;0;1
FESLAN;1;9.02.1947;0;1
GUNSELVI;1;22.12.1967;0;1
YARKENT;1;27.09.1970;1;0
YILDIRIY;1;16.02.1973;1;0
HADNAN;1;14.05.1977;1;0
NECEDET;1;22.02.1967;1;0
SALIHYE;1;18.04.1938;0;1
SAMETBAKI;1;26.07.1971;1;0
EYKUN;1;20.06.1973;1;0
MUCIHAN;1;6.04.1965;0;1
KEZMAHAN;1;11.01.1977;0;1
ZIYNULLAH;1;2.01.1963;1;0
ILKDENIZ;1;19.02.1978;0;1
EMRUBA;1;6.03.1989;0;1
HAMMAR;1;6.08.1986;1;0
NETAFER;1;6.10.1936;0;1
ILBERS;1;2.04.1975;1;0
MUKKERIYEM;1;25.11.1959;0;1
BATUMHAN;1;25.12.1989;1;0
GULDET;1;23.06.1974;0;1
AYDUAN;1;6.10.1966;1;0
REZIM;1;17.08.1936;1;0
NADIDDIN;1;16.07.1945;1;0
CEYA;1;21.06.1964;0;1
HULAFE;1;16.04.1961;0;1
VERDINAL;1;1.04.1961;0;1
SEHERGUHER;1;26.08.1943;0;1
BAZMI;1;16.01.1952;1;0
NIYAFETTIN;1;3.03.1975;1;0
MISKANE;1;28.12.1961;0;1
SUHFEYLA;1;4.07.1966;0;1
YUKSENAY;1;27.03.1962;1;0
AYESTE;1;3.08.1928;0;1
SEVDISAH;1;20.02.1972;1;0
MEMRUYE;1;29.04.1966;0;1
MORSUDE;1;7.02.1959;0;1
BEYTIH;1;9.01.1946;1;0
MEYDINE;1;6.11.1956;0;1
SEYNURIYE;1;21.04.1960;0;1
MUSFEDES;1;11.07.1973;0;1
ZERGUYER;1;24.05.1961;0;1
ZAYDIYE;1;6.11.1942;0;1
HUZO;1;22.08.1931;1;0
MERGUSKALE;1;26.02.1952;0;1
GULLAYET;1;28.10.1970;0;1
MEMZUGA;1;11.03.1939;0;1
VELMIYE;1;12.03.1934;0;1
ILKBAHAN;1;17.12.1972;0;1
MEVKUDE;1;22.08.1955;0;1
KASETTIN;1;11.10.1987;1;0
GULVIDE;1;24.12.1962;0;1
CEVATI;1;11.08.1959;1;0
RAGILIA;1;14.05.1975;0;1
ZULFERIT;1;6.12.1949;0;1
GULFESNI;1;10.03.1950;0;1
ZEMNA;1;18.09.1966;0;1
NEVVIM;1;19.02.1962;0;1
BAHATIYAR;1;11.04.1968;0;1
NUHTEREM;1;10.04.1963;1;0
MUSERRIT;1;26.01.1937;0;1
MENIFER;1;20.01.1956;0;1
YAGSIMIN;1;11.09.1973;0;1
REMIKA;1;11.05.1937;0;1
SADETKA;1;28.03.1977;0;1
MUNEKBER;1;9.04.1941;0;1
ACZE;1;18.07.1954;0;1
SENPINAR;1;11.02.1979;1;0
NECZA;1;26.01.1957;0;1
MUJGELEN;1;7.07.1968;0;1
IRGUVAN;1;14.09.1988;1;0
NIHZI;1;29.08.1985;1;0
KHIRDA;1;30.2.1976;0;1
BAKHIRA;1;7.07.1965;0;1
HATILA;1;29.03.1960;1;0
EKCAN;1;17.11.1958;1;0
UMURDE;1;30.11.1953;0;1
NAHIHAN;1;21.06.1962;0;1
CEMASIYE;1;14.02.1961;0;1
KAHDIRIYE;1;27.04.1971;0;1
ZUMRUYEGUL;1;2.03.1951;0;1
MUNAHCEDDIN;1;27.04.1951;1;0
HIBIS;1;16.01.1972;1;0
NERKUZEL;1;24.04.1946;0;1
EYTURAL;1;16.06.1946;1;0
SEVINDAN;1;1.02.1962;0;1
FENIS;1;21.05.1945;0;1
FEJLA;1;12.08.1959;0;1
ESREL;1;9.09.1975;0;1
SEHUCAN;1;29.12.1952;0;1
MUNEZZAT;1;9.06.1957;0;1
MELIHSA;1;15.11.1979;0;1
UZBER;1;25.10.1977;1;0
GURBAL;1;24.02.1949;0;1
LULVE;1;10.01.1991;0;1
SEVERCEN;1;24.08.1963;0;1
MUSABBER;1;4.05.1947;0;1
ZUFEL;1;16.03.1976;0;1
MEMDUD;1;29.07.1964;1;0
RUSIDDIN;1;15.09.1959;1;0
GUNTEZI;1;21.10.1978;0;1
CELAHTIN;1;11.04.1950;1;0
FELIZAN;1;6.09.1944;0;1
NURANETDIN;1;21.04.1958;1;0
RESAVIYE;1;14.03.1945;0;1
DILAVEDDIN;1;1.01.1960;1;0
NEYLIHAN;1;8.09.1977;0;1
AHTIYAR;1;26.05.1946;0;1
AKDUGAN;1;5.07.1936;1;0
ERTAMER;1;6.08.1968;1;0
ENIR;1;2.05.1968;0;1
SEVEZ;1;23.10.1938;0;1
SADANNUR;1;8.03.1966;1;0
DILESER;1;27.01.1964;0;1
SOHELA;1;16.08.1933;0;1
ZILDAN;1;15.02.1956;0;1
NOFET;1;23.03.1941;0;1
NEDIMER;1;26.09.1963;0;1
HUDAETTIN;1;1.02.1947;1;0
HESAT;1;14.06.1941;1;0
BINBAS;1;6.08.1950;0;1
NEVREZE;1;17.11.1954;0;1
NURSELET;1;15.07.1953;0;1
MANINDE;1;27.08.1938;0;1
GHIULISEN;1;26.08.1953;0;1
SUCAYITDIN;1;8.04.1956;1;0
SEYAAT;1;14.10.1932;0;1
IRAZGUL;1;1.01.1971;0;1
LEVUZA;1;3.10.1944;0;1
NEZAYIT;1;9.04.1941;0;1
SEYRUS;1;23.06.1939;0;1
URKUNAZ;1;12.03.1954;0;1
SELAHALTIN;1;8.04.1973;1;0
CUMAZADE;1;16.11.1952;0;1
FIRDEYS;1;24.11.1970;0;1
NERZIVAN;1;16.02.1967;0;1
FAYIDDIN;1;21.05.1940;1;0
ZERREF;1;9.05.1962;0;1
NEIMAN;1;11.10.1981;0;1
KAFE;1;29.11.1925;0;1
BAFITTIN;1;27.01.1968;1;0
BEYAEDDIN;1;6.01.1960;1;0
UMIDI;1;16.09.1951;0;1
TENZEGUL;1;11.04.1962;0;1
REHCET;1;27.02.1968;1;0
SUNGAY;1;17.02.1976;1;0
HASIRIYE;1;7.03.1964;0;1
IFNEHAT;1;2.10.1941;0;1
CEHANER;1;11.02.1970;1;0
EDARET;1;20.04.1931;0;1
MUBEDDILE;1;29.09.1951;0;1
MERDUSAN;1;29.04.1949;0;1
HENDUNE;1;18.12.1961;0;1
ILKBAS;1;27.04.1956;1;0
VAKIS;1;27.08.1932;0;1
ZELMEY;1;29.2.1941;1;0
BURRUN;1;7.09.1952;0;1
MESADED;1;25.09.1984;0;1
UPET;1;26.12.1972;0;1
KERIMUS;1;2.09.1968;0;1
MOZKAN;1;27.06.1967;0;1
FERUNNISA;1;23.12.1991;0;1
RAYLIN;1;26.12.1983;0;1
TULEYLA;1;14.01.1961;0;1
ESRUYE;1;7.11.1959;0;1
ETLIHA;1;26.11.1949;0;1
VILDER;1;14.09.1989;0;1
SECLI;1;18.04.1966;1;0
NISAY;1;16.05.1982;0;1
KUNDAHAR;1;1.06.1973;0;1
MIHYA;1;8.05.1980;1;0
MUFDI;1;25.03.1957;0;1
SALEHITTIN;1;15.02.1990;1;0
M.SAID;1;15.03.1951;1;0
DUCEYNE;1;5.05.1950;0;1
BIHMEND;1;13.05.1971;1;0
GOKKAR;1;14.02.1972;1;0
GELSEN;1;1.05.1955;0;1
NAILGUL;1;27.02.1962;0;1
LUBEYLE;1;17.03.1963;0;1
APTUREZAK;1;12.09.1955;1;0
SIYE;1;16.07.1975;0;1
FULIZA;1;26.09.1971;0;1
MEHIDYE;1;2.08.1975;0;1
DAYFA;1;22.08.1937;1;0
NEFNET;1;11.06.1946;0;1
ABBAY;1;13.12.1970;1;0
ZULKINAZ;1;12.03.1977;0;1
MUNIRSEL;1;22.01.1960;0;1
ZULKINA;1;27.02.1974;0;1
ZEYHIT;1;16.11.1969;0;1
HAYRINISAL;1;29.2.1961;0;1
ULMEDDIN;1;7.10.1962;1;0
MAGRITE;1;19.01.1964;1;0
ZULGEDER;1;4.11.1960;0;1
GOLEYSE;1;23.03.1937;0;1
GELMET;1;27.08.1956;0;1
SEBAHAHEDDIN;1;2.06.1969;1;0
KASUN;1;14.06.1956;0;1
NENGIN;1;15.04.1983;1;0
ABUDELER;1;23.08.1976;1;0
ORLINDA;1;10.06.1991;0;1
SHEMAYLA;1;9.06.1990;0;1
MURANDA;1;19.06.1949;0;1
CORJET;1;16.05.1935;0;1
AYTEKI;1;20.04.1938;1;0
BALANARGIZ;1;2.09.1960;0;1
FATUMATUSZEHRA;1;12.08.1923;0;1
SEHSUAR;1;27.02.1953;1;0
GULON;1;13.04.1946;0;1
BURBARA;1;1.06.1955;0;1
EKREMCAGRI;1;30.03.1986;1;0
ANTEA;1;29.11.1991;0;1
IBDISAN;1;6.01.1928;0;1
KUTRED;1;9.08.1974;1;0
ORIMA;1;21.01.1948;0;1
IRIKETI;1;27.08.1938;0;1
VEFIZE;1;6.02.1948;0;1
AMADEDDIN;1;22.08.1931;1;0
ERMIDE;1;25.05.1948;0;1
YIMIN;1;27.06.1957;0;1
LILVANA;1;1.10.1956;0;1
CERCISCAN;1;29.04.1971;1;0
SILFA;1;11.07.1962;0;1
PUNDA;1;26.04.1972;0;1
MIRYENE;1;21.04.1957;0;1
RIKZEN;1;28.04.1950;0;1
INZAMIN;1;6.11.1944;0;1
KEFFO;1;7.08.1976;0;1
KUDSU;1;16.05.1952;1;0
MIEHAOL;1;26.06.1961;0;1
MELASIN;1;16.07.1949;1;0
BEYGAZI;1;12.07.1968;1;0
MIHTIBAR;1;23.09.1943;0;1
SAFISAN;1;23.07.1951;0;1
SINNUS;1;29.09.1969;0;1
GEDEM;1;27.07.1974;0;1
SAHSIYLE;1;21.11.1959;0;1
IFKAY;1;26.06.1963;0;1
SEYFIYETULAH;1;2.02.1957;0;1
ALAMETDDIN;1;7.02.1976;1;0
JEHAD;1;22.09.1949;0;1
ZERENER;1;22.02.1967;1;0
CINGA;1;24.08.1989;0;1
KARAMULAZIM;1;11.11.1956;1;0
BARRAH;1;7.02.1983;0;1
ELSALIH;1;13.03.1967;1;0
ZULHIGER;1;22.02.1967;0;1
ROJALIN;1;7.02.1982;0;1
ELBIZET;1;19.12.1966;0;1
HURIFIYE;1;19.06.1973;0;1
REBAZ;1;22.09.1991;1;0
RIBAZ;1;7.08.1988;1;0
NASUM;1;7.04.1976;1;0
GUREVI;1;17.02.1954;0;1
SACLIDEDE;1;25.04.1957;1;0
BERZEG;1;27.05.1986;0;1
CANTENUR;1;2.02.1969;0;1
NAFIZEALEV;1;26.09.1948;0;1
TEFHIKA;1;28.02.1961;0;1
SEHIRDAN;1;2.05.1944;0;1
MUHSINIL;1;17.04.1966;1;0
KAHYAOGLU;1;11.08.1962;1;0
ELMIKA;1;5.04.1975;0;1
LEVNET;1;28.12.1972;1;0
DIMIYAN;1;7.08.1940;1;0
RUYETCAN;1;2.01.1949;1;0
HAYATIME;1;18.02.1960;0;1
MEYYAS;1;21.12.1969;0;1
MEYHTI;1;6.08.1974;1;0
HESIFA;1;7.07.1969;0;1
NURILHADA;1;19.11.1965;0;1
HALILKAN;1;9.03.1991;1;0
SIHEMI;1;12.02.1971;0;1
SITTIR;1;27.03.1978;1;0
TEHIR;1;7.06.1964;0;1
GAZRA;1;22.02.1967;0;1
KANABA;1;12.08.1959;0;1
GOZEYIN;1;26.02.1939;0;1
SIVILE;1;23.08.1967;0;1
IKFIYA;1;12.09.1977;0;1
TEYFER;1;8.04.1946;0;1
NEZALET;1;10.10.1944;0;1
VECDARIN;1;26.06.1940;1;0
EDENIZ;1;26.02.1971;1;0
MERDIYYE;1;4.04.1988;0;1
HIMSAN;1;7.07.1963;0;1
NUZUR;1;2.04.1956;1;0
JANBERG;1;15.05.1982;1;0
MURATSER;1;8.06.1979;1;0
REYYAH;1;26.02.1955;1;0
IHVIYE;1;6.10.1940;0;1
ILTIDAR;1;27.12.1968;0;1
BENEV;1;22.09.1954;0;1
MEYYASI;1;7.08.1928;0;1
GULRAHIME;1;10.11.1965;0;1
IFTALETTIN;1;29.12.1954;1;0
ADILEY;1;7.02.1946;0;1
ASFIHAN;1;12.08.1971;0;1
MALAKE;1;6.08.1977;0;1
UNABER;1;12.08.1929;0;1
SELNAN;1;28.12.1982;0;1
SELVERGUL;1;10.01.1987;0;1
HAVRIYE;1;11.05.1973;0;1
SEMINI;1;12.06.1947;0;1
CAGALA;1;18.05.1979;0;1
GUBREYYA;1;28.03.1948;0;1
TEVVABE;1;21.08.1960;0;1
SITFIYE;1;6.11.1937;0;1
GUNUHAN;1;30.04.1963;0;1
ABDULCELALEDDIN;1;12.07.1966;1;0
ADANIR;1;27.10.1980;0;1
SENDUF;1;9.05.1976;1;0
TUZEYRA;1;15.02.1976;0;1
BEKYE;1;7.08.1928;0;1
DEGIM;1;6.11.1981;0;1
