isim;toplam;ortalamadt;erkek;kadin
FATMA;1216833;10.02.1962;48;1216785
AYSE;958027;2.03.1965;28;957999
EMINE;784220;6.01.1965;48;784172
HATICE;684256;27.05.1966;22;684234
ZEYNEP;328213;4.05.1965;15;328198
MERYEM;217950;6.03.1964;8;217942
ELIF;212567;3.08.1969;22;212545
SULTAN;178968;28.10.1964;3365;175603
HULYA;168032;5.03.1979;7;168025
SEVIM;165614;19.11.1967;191;165423
SERIFE;163317;17.01.1960;9;163308
FADIME;160129;28.03.1964;3;160126
OZLEM;159995;7.09.1984;300;159695
HANIFE;154646;3.06.1961;19;154627
AYSEL;153224;14.01.1972;10;153214
HACER;146311;3.03.1968;35;146276
YASEMIN;146240;1.03.1981;36;146204
HAVVA;145104;27.12.1962;3;145101
DILEK;145020;18.10.1981;301;144719
ZEHRA;142857;29.07.1966;3;142854
LEYLA;135791;23.03.1974;4;135787
AYNUR;135972;11.10.1973;248;135724
SONGUL;131608;17.06.1978;13;131595
ZELIHA;130131;20.01.1963;4;130127
FILIZ;123946;5.08.1978;185;123761
CEMILE;122793;25.12.1960;4;122789
KADRIYE;119672;18.02.1966;3;119669
MELEK;117938;25.07.1969;378;117560
SELMA;115335;28.04.1976;7;115328
AYTEN;114970;13.06.1968;13;114957
SEVGI;112756;10.07.1975;124;112632
TURKAN;100587;26.08.1967;142;100445
SIBEL;99427;23.10.1982;9;99418
SEMRA;99290;1.03.1978;5;99285
HAYRIYE;99185;8.01.1958;7;99178
HALIME;96759;14.12.1965;4;96755
SUKRAN;95134;7.03.1970;61;95073
ESRA;94705;24.05.1986;8;94697
DERYA;96596;28.08.1983;2195;94401
GULSUM;94269;19.02.1964;4;94265
ARZU;94164;26.12.1978;29;94135
SERPIL;93960;14.04.1977;22;93938
GULSEN;92800;5.06.1971;16;92784
NURAY;91779;8.03.1976;590;91189
ASIYE;90433;28.09.1962;2;90431
NURCAN;88957;8.11.1978;472;88485
DONDU;87202;3.03.1961;2;87200
NURTEN;87150;8.03.1968;14;87136
GULAY;87146;24.05.1975;50;87096
GONUL;80113;18.05.1972;120;79993
KEZIBAN;79893;20.07.1961;0;79893
CIGDEM;78309;24.08.1982;6;78303
HAVA;77993;25.12.1959;2;77991
RUKIYE;77758;23.12.1967;0;77758
GULER;77299;20.06.1970;188;77111
SANIYE;76169;23.03.1960;2;76167
MERAL;76331;11.03.1975;187;76144
GULTEN;75207;2.07.1969;3;75204
NURIYE;75021;5.11.1959;2;75019
PINAR;74887;20.05.1985;83;74804
TUGBA;74757;20.04.1987;18;74739
NACIYE;74369;22.12.1958;4;74365
HANIM;73033;26.11.1959;1;73032
AYSEGUL;72491;14.11.1980;2;72489
REMZIYE;72408;2.04.1965;5;72403
ZEKIYE;72394;11.11.1959;4;72390
SEHER;72275;21.01.1966;18;72257
YILDIZ;72457;27.09.1971;407;72050
NECLA;71430;25.04.1970;1;71429
PERIHAN;69895;27.02.1967;3;69892
TULAY;68789;26.01.1976;56;68733
YETER;69238;22.07.1962;550;68688
EMEL;68461;21.11.1977;75;68386
HURIYE;67987;9.12.1959;1;67986
SAFIYE;67939;10.04.1962;0;67939
NAZMIYE;67818;24.01.1959;1;67817
ESMA;67599;12.09.1968;1;67598
EBRU;67589;10.10.1984;3;67586
MAKBULE;67429;13.01.1959;3;67426
SEMA;67014;15.09.1977;116;66898
SERAP;66805;19.02.1981;28;66777
NURAN;65804;5.09.1970;349;65455
NERMIN;64608;14.02.1967;37;64571
SENGUL;64474;3.11.1971;70;64404
MUNEVVER;64346;18.01.1963;56;64290
CANAN;65148;13.01.1980;1315;63833
SEVDA;63769;13.10.1981;9;63760
RABIA;63748;21.08.1964;3;63745
AYFER;63718;11.04.1975;180;63538
SALIHA;63244;11.08.1965;0;63244
NESLIHAN;62916;18.12.1978;2;62914
HAMIDE;62774;30.03.1960;1;62773
FERIDE;62581;11.07.1962;1;62580
ZUBEYDE;62387;27.07.1970;5;62382
MELIHA;62164;13.05.1961;5;62159
GULLU;61807;17.05.1959;39;61768
RAHIME;60825;8.08.1962;0;60825
NERIMAN;60534;27.04.1965;5;60529
ILKNUR;59960;1.09.1979;68;59892
MEDINE;59535;14.08.1967;7;59528
GULCAN;59109;5.08.1978;61;59048
SAADET;59349;7.09.1962;450;58899
MUZEYYEN;57447;5.02.1964;7;57440
HEDIYE;55168;14.06.1965;2;55166
ARIFE;55047;1.02.1964;11;55036
GULSEREN;53538;24.11.1968;5;53533
SADIYE;51792;26.07.1963;0;51792
MELAHAT;51710;1.10.1961;3;51707
AYSUN;51510;15.03.1980;137;51373
BURCU;50523;8.06.1987;18;50505
ZAHIDE;50097;26.05.1963;1;50096
NAZIFE;49932;1.05.1961;2;49930
MERVE;49848;11.01.1989;25;49823
DUDU;49471;15.07.1958;3;49468
NESRIN;49158;18.10.1973;26;49132
FIKRIYE;48819;24.04.1958;2;48817
BIRGUL;48357;27.02.1977;4;48353
CENNET;48029;2.06.1962;27;48002
ELMAS;48274;25.04.1960;646;47628
NAZLI;47131;28.10.1970;20;47111
HAFIZE;46679;5.09.1961;4;46675
KEZBAN;46001;9.06.1963;0;46001
NIMET;49846;4.06.1964;3935;45911
HABIBE;45611;16.06.1965;3;45608
NEVIN;45333;4.11.1968;25;45308
NURGUL;45235;28.03.1978;4;45231
RAZIYE;45199;17.02.1962;0;45199
SEBAHAT;45202;24.11.1962;10;45192
NIHAL;45133;13.11.1973;75;45058
REYHAN;46334;22.06.1972;1526;44808
SUKRIYE;44649;7.04.1960;1;44648
BEDRIYE;44351;23.05.1961;2;44349
LUTFIYE;44205;8.05.1958;0;44205
SATI;47613;20.01.1960;3750;43863
SUNA;43317;1.01.1971;10;43307
BAHAR;43246;16.09.1976;148;43098
NEBAHAT;42864;20.01.1965;2;42862
YUKSEL;97140;30.12.1967;54475;42665
SEMIHA;42208;19.01.1965;2;42206
SEDA;41545;24.03.1986;89;41456
TUBA;41101;6.04.1986;22;41079
KIYMET;41089;15.02.1964;23;41066
NILGUN;40577;19.10.1974;0;40577
MEHTAP;40344;15.01.1982;37;40307
SENAY;40724;22.05.1975;766;39958
SELDA;39888;1.02.1982;3;39885
BIRSEN;39573;17.01.1970;57;39516
DUYGU;39630;15.01.1986;216;39414
ALIYE;39407;6.02.1963;1;39406
HATUN;39395;17.10.1962;2;39393
ASLI;39398;10.08.1976;21;39377
NESE;39292;22.07.1976;15;39277
MINE;39222;26.08.1974;0;39222
DENIZ;67298;16.04.1982;28623;38675
SABRIYE;38247;26.07.1960;1;38246
UMMU;37996;17.04.1961;8;37988
NEJLA;37908;25.11.1971;2;37906
SAKINE;37650;28.07.1963;1;37649
SUZAN;37701;23.02.1970;73;37628
GULUZAR;37520;5.05.1960;1;37519
GAMZE;37361;7.08.1986;0;37361
DONE;37109;25.07.1961;3;37106
YELIZ;36504;9.07.1984;0;36504
PAKIZE;36238;16.07.1959;1;36237
KAMILE;35259;30.09.1961;3;35256
SEVIL;35146;25.06.1975;50;35096
AZIZE;35076;24.07.1966;2;35074
NEZAHAT;34632;13.08.1965;1;34631
GULHAN;35670;12.03.1974;1122;34548
AYLA;34468;3.11.1970;3;34465
HASIBE;34443;20.10.1961;1;34442
NURSEN;34488;22.03.1971;48;34440
OZNUR;34649;12.07.1979;536;34113
SAIME;34000;30.03.1963;2;33998
NURSEL;34002;21.09.1973;268;33734
SAZIYE;33589;7.07.1957;0;33589
KUBRA;33443;8.01.1985;7;33436
BETUL;33236;17.06.1982;15;33221
NAIME;33190;26.06.1962;1;33189
SEVINC;33270;28.05.1971;368;32902
FUNDA;32175;15.01.1982;18;32157
GUL;32513;12.11.1975;367;32146
ADILE;31977;19.05.1963;1;31976
HILAL;32414;24.05.1982;873;31541
FAHRIYE;31493;20.10.1959;0;31493
SEFIKA;31278;6.04.1960;1;31277
NURHAN;32975;22.02.1971;1736;31239
ZULEYHA;30741;1.05.1974;0;30741
NILUFER;30720;3.08.1974;2;30718
ELIFE;30305;2.05.1957;1;30304
ZUHAL;30242;17.04.1975;32;30210
MEVLUDE;29470;4.06.1961;1;29469
FIGEN;29441;6.01.1978;4;29437
SABIHA;29400;12.11.1960;0;29400
GULBAHAR;29386;21.12.1969;12;29374
MELTEM;28863;7.06.1983;4;28859
EDA;28664;18.07.1983;4;28660
DEMET;28636;5.07.1982;8;28628
GULIZAR;28510;22.12.1963;2;28508
SINEM;28379;4.09.1978;8;28371
OZGE;28561;20.11.1987;192;28369
DILBER;28193;14.01.1967;34;28159
FIDAN;28203;26.12.1966;52;28151
SENEM;28123;16.01.1968;2;28121
DURDANE;27523;2.04.1962;3;27520
YESIM;27496;25.08.1982;4;27492
FATIME;27467;23.01.1959;1;27466
GULSAH;27136;9.02.1983;6;27130
SUHEYLA;27061;21.04.1967;1;27060
MUKADDES;27060;14.01.1965;75;26985
SIDIKA;26889;11.03.1961;2;26887
UMMUHAN;26860;17.07.1965;1;26859
MELIKE;26777;21.01.1978;2;26775
KEVSER;26534;29.10.1970;33;26501
HUSNIYE;26423;12.09.1960;2;26421
BEHIYE;26279;12.10.1960;1;26278
SEVAL;26365;29.12.1976;307;26058
SEVILAY;25726;22.02.1978;6;25720
ASUMAN;25764;8.11.1972;117;25647
BEYHAN;28074;13.04.1970;2712;25362
ESME;25225;17.07.1958;3;25222
VESILE;25125;9.12.1961;1;25124
HUSNE;25125;14.11.1959;2;25123
IPEK;25185;10.07.1971;228;24957
NAZAN;24937;8.07.1978;3;24934
NECMIYE;24542;27.07.1958;2;24540
NAZIRE;24531;19.03.1959;1;24530
MUAZZEZ;24348;30.06.1962;4;24344
NIGAR;24226;16.01.1965;3;24223
FIRDEVS;24078;30.04.1963;5;24073
SEYHAN;29237;3.06.1973;5249;23988
AZIME;23950;14.07.1962;2;23948
BAHRIYE;23860;16.06.1958;7;23853
HALISE;23621;4.08.1964;0;23621
INCI;23484;26.10.1969;3;23481
SELIME;23357;1.07.1961;1;23356
NAILE;23302;19.04.1962;1;23301
NURDAN;23374;3.08.1976;74;23300
GULDANE;23130;24.09.1965;1;23129
ULKU;24285;16.03.1970;1302;22983
MEDIHA;22948;14.09.1959;1;22947
VILDAN;23003;7.09.1974;78;22925
KADER;24471;11.01.1983;1693;22778
GULCIN;22723;21.09.1974;7;22716
ALIME;22272;30.09.1959;0;22272
ZOHRE;21808;15.01.1959;1;21807
HANDAN;21318;30.06.1976;23;21295
UMMUGULSUM;21262;2.10.1963;0;21262
SABAHAT;20817;1.07.1958;7;20810
ESIN;21271;21.02.1975;477;20794
RABIYE;20701;16.12.1963;1;20700
AYLIN;20492;21.12.1980;24;20468
OZGUL;20551;24.12.1975;266;20285
SULE;20236;25.05.1979;0;20236
SEBIHA;20159;6.08.1965;1;20158
MUSERREF;20196;30.05.1959;109;20087
AYSEN;20088;28.10.1969;6;20082
LATIFE;19925;6.06.1961;1;19924
HIKMET;69093;30.06.1963;49296;19797
NAFIYE;19745;26.11.1960;3;19742
HADICE;19734;8.08.1955;0;19734
NEZAKET;19694;4.01.1961;18;19676
CEVRIYE;19674;8.05.1960;0;19674
HAMDIYE;19355;13.10.1963;1;19354
KUDRET;25151;23.10.1965;5825;19326
SEHRI;19568;26.04.1962;325;19243
YASAR;166296;5.01.1964;147116;19180
NAHIDE;19131;26.05.1963;0;19131
NAGIHAN;19077;12.05.1981;22;19055
GULISTAN;19104;20.03.1971;75;19029
GULSER;18954;3.11.1961;36;18918
VAHIDE;18895;12.04.1962;0;18895
GULNAZ;18885;30.12.1964;2;18883
FETHIYE;18868;15.12.1958;0;18868
NESIBE;18832;4.04.1965;1;18831
YURDAGUL;18689;22.03.1968;25;18664
SEVCAN;18726;27.04.1979;188;18538
FEVZIYE;18446;1.11.1959;0;18446
ZULFIYE;18343;11.12.1961;0;18343
BEDIA;18170;18.07.1966;2;18168
NADIRE;18131;2.10.1959;2;18129
SUREYYA;21944;4.01.1969;3819;18125
MUNIRE;17912;25.11.1958;0;17912
BELGIN;17917;5.02.1975;103;17814
GUNAY;25571;18.02.1969;7788;17783
SELVER;18183;3.05.1962;588;17595
LEMAN;17501;22.01.1962;4;17497
BERNA;17348;8.07.1981;8;17340
GULDEN;17328;10.12.1976;1;17327
NEZIHA;17094;29.11.1960;0;17094
NALAN;17093;14.06.1975;0;17093
ADALET;17640;19.11.1966;562;17078
CICEK;17021;24.05.1966;11;17010
NURHAYAT;17012;3.03.1967;31;16981
BUSRA;16975;7.12.1987;14;16961
UMRAN;18880;8.02.1975;1976;16904
AYGUL;16842;29.2.1977;32;16810
ESE;17036;7.03.1958;497;16539
OYA;16536;2.09.1973;1;16535
FEHIME;16472;15.06.1961;1;16471
DIDEM;16260;5.07.1984;0;16260
DURDU;24293;19.01.1960;8054;16239
SIDDIKA;16201;14.12.1959;0;16201
MURUVVET;16040;4.12.1958;26;16014
GULHANIM;15970;17.05.1959;0;15970
SELVI;15952;2.05.1964;42;15910
FIRDES;15888;29.01.1961;2;15886
BANU;15884;27.02.1981;2;15882
TESLIME;15608;2.03.1962;0;15608
MESUDE;15589;1.06.1966;0;15589
HAMIYET;15547;30.10.1965;0;15547
NEFISE;15524;15.11.1959;1;15523
CAHIDE;15462;26.12.1966;0;15462
SIRIN;17343;30.05.1969;1923;15420
ZARIFE;15316;7.04.1960;2;15314
BERRIN;15281;10.01.1972;7;15274
DURSUN;87044;10.03.1959;71821;15223
GOZDE;15151;29.11.1987;4;15147
TULIN;15033;16.04.1971;6;15027
CEYLAN;17038;18.11.1981;2079;14959
HALIDE;14955;13.11.1963;1;14954
SEHRIBAN;14930;30.2.1963;2;14928
GULUMSER;14919;24.10.1966;1;14918
UMMAHAN;14914;2.05.1961;2;14912
MENEKSE;14902;21.10.1968;2;14900
ATIYE;14845;18.04.1961;33;14812
GURBET;15023;10.12.1979;249;14774
GUNER;19567;5.03.1962;4811;14756
PELIN;14749;1.08.1984;2;14747
MIYASE;14732;30.11.1961;1;14731
ALEV;14960;29.12.1979;252;14708
GIZEM;14638;1.02.1989;0;14638
GULBEYAZ;14514;10.01.1963;0;14514
SERMIN;14176;5.06.1970;25;14151
MURVET;14179;28.03.1961;83;14096
NECIBE;14026;23.09.1960;0;14026
TUGCE;13836;23.04.1989;5;13831
BINNAZ;13846;20.06.1960;18;13828
LALE;13756;16.04.1972;3;13753
SENNUR;13575;22.03.1973;46;13529
KERIME;13516;4.04.1962;1;13515
MENSURE;13449;15.02.1964;0;13449
NERGIZ;13346;1.09.1971;13;13333
NAZIME;13327;25.10.1963;2;13325
BIRCAN;15823;30.08.1977;2517;13306
ASLIHAN;13279;5.04.1977;18;13261
SECIL;13211;11.06.1982;122;13089
MUKERREM;14984;10.01.1960;1929;13055
MUJGAN;13049;21.09.1966;2;13047
HURU;12997;3.06.1961;0;12997
GUNES;13987;18.06.1973;1002;12985
PERVIN;12987;21.07.1970;3;12984
SABIRE;12880;18.11.1958;3;12877
REFIKA;12862;19.12.1958;0;12862
KIRAZ;12804;2.01.1962;8;12796
GULSUN;12794;4.01.1972;1;12793
SEYMA;12790;19.10.1985;0;12790
CANSU;12910;25.02.1989;136;12774
SEMSI;14117;10.12.1958;1363;12754
ILKAY;18734;14.02.1979;5991;12743
GULPERI;12705;30.04.1963;1;12704
MUKADDER;13788;8.12.1964;1145;12643
ELVAN;17006;19.06.1976;4406;12600
BEHICE;12574;27.04.1963;0;12574
YADIGAR;14130;18.05.1967;1558;12572
MUALLA;12416;20.12.1959;6;12410
ZERRIN;12377;28.07.1972;9;12368
NUR;12942;5.09.1977;654;12288
SUKRUYE;12212;6.05.1960;0;12212
AYISE;12136;21.08.1948;0;12136
HURI;12097;27.06.1960;9;12088
BILGE;12956;27.08.1975;930;12026
AYHAN;108873;16.03.1972;96921;11952
SAMIYE;11901;13.05.1959;0;11901
EZGI;11876;9.02.1988;53;11823
ULVIYE;11699;8.02.1959;0;11699
BUKET;11697;28.01.1983;2;11695
SELIN;11589;8.09.1986;2;11587
GONCA;11536;1.10.1981;3;11533
NEVRIYE;11465;3.07.1960;0;11465
ESENGUL;11455;28.10.1977;0;11455
SARIYE;11422;22.05.1965;0;11422
ISMET;89440;15.02.1960;78218;11222
FAZILET;11147;2.11.1968;18;11129
SEYDA;11139;27.03.1981;151;10988
RESMIYE;10963;6.01.1958;1;10962
EMRIYE;10902;20.09.1961;2;10900
SUNDUS;10903;8.10.1962;8;10895
NAZIK;10843;10.03.1961;16;10827
FATMANA;10802;3.06.1960;0;10802
ALTUN;11000;10.03.1964;233;10767
SERVET;40568;20.08.1970;29891;10677
MURADIYE;10635;10.09.1965;1;10634
HIDAYET;27691;15.04.1963;17060;10631
HICRAN;10725;20.11.1975;98;10627
DURIYE;10612;3.06.1958;0;10612
ISLIM;10588;10.11.1965;3;10585
EDIBE;10574;26.03.1966;1;10573
SEVGUL;10571;3.03.1974;8;10563
UNZILE;10452;22.06.1963;0;10452
AYSER;10417;22.07.1963;3;10414
GULESER;10227;19.08.1963;1;10226
MUYESSER;10125;16.10.1960;10;10115
EYLEM;10407;28.04.1983;306;10101
GUZEL;10955;3.03.1962;925;10030
NADIYE;10018;28.10.1959;0;10018
NILAY;9949;20.04.1981;0;9949
GULNUR;9938;27.03.1975;1;9937
SOLMAZ;10139;22.07.1965;221;9918
CEVAHIR;10628;29.05.1960;720;9908
HAZAL;9913;13.02.1968;16;9897
OZDEN;12887;6.08.1970;2991;9896
VASFIYE;9885;26.02.1957;0;9885
SADET;10565;1.10.1962;741;9824
IKBAL;10055;22.07.1960;248;9807
MIHRIBAN;9708;18.05.1970;3;9705
DURKADIN;9676;25.10.1958;0;9676
SEDEF;9542;18.05.1975;13;9529
HUSNA;9519;19.04.1965;6;9513
JALE;9491;22.03.1969;0;9491
FERIHA;9486;10.04.1957;0;9486
SUMEYRA;9429;21.02.1986;0;9429
GULUSTAN;9436;16.07.1964;37;9399
FATIMA;9381;7.09.1961;0;9381
NEBIYE;9353;11.06.1960;0;9353
NEZIHE;9333;25.08.1958;0;9333
ULKER;9772;27.12.1962;440;9332
MUGE;9312;2.05.1981;0;9312
SUNAY;11860;20.11.1973;2614;9246
TENZILE;9212;6.07.1963;0;9212
ATIKE;9130;6.07.1961;0;9130
KIBAR;9890;23.11.1963;777;9113
HANDE;8997;10.11.1983;0;8997
NEDIME;8972;12.02.1958;1;8971
MEMNUNE;8904;18.09.1956;0;8904
MUMINE;8831;1.08.1961;0;8831
DAMLA;8817;17.10.1987;0;8817
FERDA;9811;10.12.1975;1047;8764
IMRAN;10811;14.01.1971;2065;8746
SENEL;14606;16.07.1965;5916;8690
ESEN;9509;21.02.1975;832;8677
FULYA;8678;5.01.1981;1;8677
GULLUZAR;8646;17.01.1960;0;8646
GULFIDAN;8590;17.08.1966;1;8589
SEYRAN;8760;1.06.1965;199;8561
ZUHRE;8556;12.02.1961;1;8555
BURCIN;10221;6.11.1983;1687;8534
HASRET;9733;27.08.1977;1222;8511
MULKIYE;8372;13.10.1973;1;8371
GAZAL;8423;20.09.1963;59;8364
SARE;8345;16.03.1964;2;8343
EMIR;16005;16.02.1967;7721;8284
SACIDE;8277;12.12.1964;0;8277
NADIDE;8264;14.10.1957;0;8264
BIRSEL;8297;26.10.1971;85;8212
ISIL;8188;15.07.1977;40;8148
AYCAN;9677;9.11.1978;1530;8147
FERDANE;8130;27.11.1961;0;8130
SALIHE;8079;17.09.1965;1;8078
PENBE;7993;19.05.1955;0;7993
SATIYE;7960;30.03.1961;0;7960
NARIN;7999;12.11.1966;41;7958
HAKIME;7920;21.06.1965;0;7920
BEYAZ;7967;19.01.1962;83;7884
FADILE;7797;1.03.1970;2;7795
MERCAN;8097;18.10.1965;317;7780
UNZULE;7778;27.11.1962;0;7778
SAIDE;7750;16.02.1962;1;7749
ESMER;7783;15.07.1967;50;7733
ZINNET;7688;1.09.1962;0;7688
YAGMUR;8096;7.01.1988;416;7680
GULDEREN;7582;16.04.1968;1;7581
SEBILE;7474;17.05.1964;0;7474
GOKCE;8362;26.05.1984;907;7455
SEBNEM;7455;1.03.1978;1;7454
GANIME;7435;20.05.1959;0;7435
ECE;7374;10.02.1984;10;7364
BASAK;7425;10.05.1984;69;7356
SUMEYYE;7358;28.08.1986;2;7356
FATOS;7357;3.01.1978;1;7356
NAZILE;7314;25.09.1960;0;7314
CEYDA;7310;18.06.1981;0;7310
NEVIM;7311;6.04.1968;9;7302
SENIHA;7242;23.02.1960;1;7241
BEDIHA;7233;15.10.1967;1;7232
CEREN;7295;8.12.1986;66;7229
REFIYE;7087;27.06.1957;0;7087
SAFINAZ;7078;29.09.1959;0;7078
MURUVET;7081;21.03.1960;21;7060
FADIMANA;7059;1.03.1968;0;7059
GULFER;7058;3.09.1969;3;7055
AYSENUR;7033;1.04.1982;0;7033
MUZAFFER;80854;28.05.1962;73832;7022
HALE;6969;2.01.1975;1;6968
MUHSINE;6963;2.08.1964;0;6963
SEVDIYE;6940;23.03.1963;0;6940
ERGUL;11591;7.08.1970;4657;6934
SEZEN;7195;8.10.1979;291;6904
HACIRE;6898;25.11.1971;0;6898
ISMIHAN;6899;23.12.1962;56;6843
ZENNURE;6803;19.07.1962;0;6803
MECBURE;6802;10.12.1963;0;6802
FUSUN;6782;4.01.1970;3;6779
MUBERRA;6754;16.01.1967;0;6754
AYCA;6727;5.01.1983;7;6720
ASYA;6713;5.05.1967;5;6708
SAHIDE;6676;18.07.1964;0;6676
SARA;6679;23.12.1968;6;6673
MUNISE;6561;1.11.1961;0;6561
PEMBE;6530;13.10.1964;1;6529
SONAY;6911;16.07.1978;427;6484
HADIYE;6414;19.12.1957;0;6414
GULI;6544;26.04.1955;141;6403
RAIFE;6377;12.07.1961;1;6376
KAMER;7870;30.05.1962;1502;6368
IREM;6481;28.12.1984;143;6338
BELMA;6333;21.02.1973;0;6333
EMIS;6289;27.08.1957;2;6287
GUZIDE;6282;25.11.1961;0;6282
SEMAHAT;6296;5.09.1960;29;6267
SEHRIYE;6259;10.04.1956;0;6259
BESRA;6233;21.04.1968;1;6232
NIHAN;6242;14.02.1982;56;6186
GULCIHAN;6189;17.06.1968;3;6186
HUMEYRA;6166;30.01.1980;1;6165
GUNGOR;16048;29.12.1963;9899;6149
ISMAHAN;6147;16.01.1962;0;6147
FEYZA;6140;30.06.1981;10;6130
AKILE;6131;6.12.1959;1;6130
AYDAN;6325;16.06.1976;265;6060
PENPE;6059;20.07.1956;0;6059
SELVINAZ;6012;23.12.1962;1;6011
NURDANE;5998;12.04.1968;0;5998
CIHAN;43198;24.12.1977;37248;5950
MURSIDE;5926;19.07.1964;1;5925
ZINET;5893;11.08.1961;5;5888
TELLI;5994;2.11.1960;112;5882
BELKIS;5868;11.07.1970;0;5868
SOHRET;5906;26.03.1960;59;5847
OMUR;13456;13.10.1976;7630;5826
UMIT;75272;8.06.1979;69453;5819
GURCU;5767;25.11.1960;19;5748
YURDANUR;5839;2.11.1961;98;5741
HAYAT;5940;22.01.1969;233;5707
MENEVSE;5701;25.03.1959;1;5700
NESIME;5637;17.06.1962;6;5631
SUNDUZ;5603;1.07.1967;11;5592
OLCAY;16667;1.12.1976;11080;5587
SADUMAN;5688;23.02.1967;101;5587
AFIFE;5578;26.05.1960;0;5578
FERAY;5710;11.12.1976;139;5571
ZULBIYE;5492;16.10.1960;0;5492
HILMIYE;5477;12.05.1955;0;5477
MUHTEREM;10410;10.12.1965;4942;5468
KAMURAN;12496;23.09.1969;7029;5467
BAKIYE;5468;28.01.1958;1;5467
SAYIME;5465;21.02.1966;0;5465
BESIME;5447;20.02.1963;0;5447
GULLER;5441;12.01.1960;2;5439
SEVTAP;5443;18.10.1976;7;5436
FADIK;5413;27.01.1958;4;5409
FERHAN;9299;24.01.1971;3902;5397
SERIF;31295;13.04.1962;25902;5393
SAKIRE;5383;24.01.1959;3;5380
SATU;5410;3.12.1959;40;5370
SEHNAZ;5343;28.08.1973;3;5340
ZEYCAN;5366;7.07.1965;28;5338
GULEN;5360;16.01.1966;34;5326
HASINE;5317;3.05.1961;1;5316
SEMSE;5286;2.04.1964;0;5286
HAVANA;5284;15.11.1960;1;5283
EMSAL;5782;24.04.1965;501;5281
UMMUHANI;5274;30.06.1964;0;5274
FETIYE;5255;15.07.1960;0;5255
GULUSAN;5244;7.10.1961;23;5221
PAMUK;5208;29.2.1957;9;5199
SEVKIYE;5180;15.12.1957;1;5179
SALIME;5178;15.10.1964;0;5178
AKGUL;5277;20.10.1960;134;5143
MELIHAT;5102;6.04.1960;0;5102
SUPHIYE;5041;6.08.1963;2;5039
UMMUGUL;5037;11.06.1959;0;5037
KERIMAN;5001;13.12.1959;3;4998
NAZIKE;4993;11.10.1958;0;4993
DILARA;4991;26.11.1983;0;4991
HESNA;4947;23.01.1959;1;4946
ZUMRUT;5079;14.11.1969;137;4942
GULEY;4906;11.03.1955;2;4904
RASIME;4860;6.06.1962;0;4860
BINNUR;4848;2.02.1975;6;4842
MUJDE;4851;15.05.1982;17;4834
GULGUN;4836;16.09.1968;5;4831
GUZIN;4819;7.04.1964;2;4817
FADIMA;4785;5.02.1965;0;4785
BILGI;5318;5.08.1968;556;4762
DONUS;4750;1.03.1965;8;4742
OZGUR;60899;24.11.1982;56160;4739
PERISAN;4747;14.05.1959;11;4736
CAGLA;4776;6.02.1986;46;4730
MACIDE;4725;17.01.1960;0;4725
EVRIM;5618;29.07.1982;904;4714
IFAKAT;4709;21.02.1954;2;4707
ABIDE;4702;14.03.1963;1;4701
MUNURE;4698;11.05.1962;0;4698
SURIYE;4701;6.01.1959;21;4680
NURCIHAN;4700;15.05.1970;31;4669
YELDA;4660;13.04.1980;0;4660
SEVIYE;4593;4.05.1961;0;4593
MEYREM;4553;14.12.1969;0;4553
DILSAH;4540;1.11.1964;3;4537
CILEM;4524;11.12.1984;7;4517
ENISE;4488;18.12.1970;0;4488
MUCELLA;4455;25.02.1967;3;4452
ELCIN;4646;24.04.1982;208;4438
NETICE;4437;24.07.1973;0;4437
KADIRIYE;4421;15.06.1968;0;4421
DURSUNE;4415;27.11.1958;0;4415
MAHMURE;4371;22.08.1955;0;4371
KAFIYE;4371;28.06.1960;1;4370
EMIRE;4368;9.05.1962;2;4366
NEZIRE;4350;7.07.1962;0;4350
MAHIDE;4349;13.12.1964;0;4349
BEGUM;4335;27.11.1985;1;4334
FAZILE;4322;11.01.1961;0;4322
KATIBE;4316;12.06.1963;0;4316
GULZADE;4290;29.08.1960;3;4287
SEMIYE;4276;27.02.1964;0;4276
ADLE;4274;21.01.1958;0;4274
MUBECCEL;4263;4.09.1951;1;4262
HERDEM;4282;23.12.1970;28;4254
YAZGUL;4244;21.02.1975;0;4244
ARZI;4203;8.04.1955;0;4203
BELGUZAR;4359;26.06.1961;157;4202
ISMIGUL;4185;17.11.1964;1;4184
NAFIA;4154;21.11.1954;2;4152
IMREN;4307;1.01.1976;167;4140
RAHMIYE;4140;26.03.1958;0;4140
AMINE;4140;25.08.1979;1;4139
FERIHAN;4129;1.06.1960;5;4124
ADEVIYE;4101;25.07.1959;0;4101
SEMIRE;4080;11.11.1972;0;4080
TEVHIDE;4059;1.02.1958;0;4059
HURRIYET;4636;13.01.1971;582;4054
MUTEBER;4077;30.10.1956;23;4054
YUCEL;33658;3.10.1972;29615;4043
SIRMA;4040;23.07.1959;1;4039
ICLAL;4024;11.09.1965;6;4018
AYTUL;4013;13.05.1974;15;3998
ZEYTUN;4003;14.10.1962;9;3994
ULFET;4918;25.05.1959;928;3990
YOSMA;3980;5.11.1956;15;3965
KADIN;3934;27.03.1953;0;3934
GULSEVIM;3912;18.07.1963;0;3912
NEFIZE;3904;14.07.1960;0;3904
MUFIDE;3881;13.08.1959;0;3881
MUHTEBER;3874;30.01.1968;12;3862
KANIYE;3860;17.04.1956;0;3860
FERAH;4150;30.07.1973;295;3855
NEVAL;3867;24.10.1970;12;3855
SAHINDE;3853;29.01.1956;0;3853
GULENDAM;3836;10.07.1962;0;3836
NASIBE;3809;22.10.1964;0;3809
SULTANI;3789;18.03.1961;0;3789
SELEN;3795;9.06.1984;15;3780
YONCA;3760;10.10.1981;0;3760
GUNNUR;3788;2.05.1972;30;3758
CANDAN;4419;8.10.1974;676;3743
IRAZ;3744;30.11.1960;1;3743
BILGEN;3832;12.11.1978;97;3735
GULSAN;3742;25.09.1962;10;3732
KISMET;4134;17.11.1975;403;3731
BEYZA;3734;17.10.1981;8;3726
SENIYE;3725;3.01.1957;0;3725
SEZER;11780;29.05.1976;8063;3717
SULBIYE;3714;24.05.1957;0;3714
NEDRET;4761;6.09.1963;1063;3698
RESIDE;3692;14.12.1960;2;3690
FATMAGUL;3691;19.05.1967;1;3690
CELILE;3681;16.02.1966;0;3681
BELKIZ;3671;30.06.1972;0;3671
BERIVAN;3665;25.09.1984;0;3665
GOKCEN;4342;6.04.1977;704;3638
ELVEDA;3615;20.03.1965;12;3603
MEHRIBAN;3603;24.11.1966;2;3601
OZCAN;49942;1.10.1974;46360;3582
HORU;3578;21.11.1956;0;3578
AISE;3577;16.12.1950;2;3575
RAHSAN;3575;27.01.1980;6;3569
MELIS;3574;8.11.1984;5;3569
MENICE;3545;14.01.1974;1;3544
BESNA;3538;24.04.1971;0;3538
ZAIDE;3530;30.04.1961;0;3530
MUMUNE;3509;8.07.1961;0;3509
ASIYA;3497;4.10.1962;2;3495
NAGEHAN;3499;25.12.1981;5;3494
AYSAN;3576;12.12.1960;83;3493
SEKER;3858;3.11.1956;368;3490
YADIKAR;3728;19.11.1965;243;3485
CEYHAN;7374;20.02.1974;3914;3460
ILHAN;61274;14.09.1971;57839;3435
NAZIYE;3431;3.02.1958;0;3431
UMMEHAN;3427;11.08.1959;0;3427
SAFAK;9900;27.09.1977;6482;3418
ZEMZEM;3408;24.11.1968;2;3406
ZOZAN;3398;3.04.1971;7;3391
SELCAN;3488;24.07.1983;100;3388
FELEK;3435;24.10.1972;59;3376
FADIM;3369;21.04.1964;0;3369
TULUN;3362;17.11.1967;2;3360
CIMEN;3364;12.08.1978;18;3346
CAVIDE;3344;8.06.1957;0;3344
AHU;3337;28.05.1982;2;3335
INAYET;4063;23.03.1964;733;3330
AYGUN;4565;5.06.1972;1237;3328
MAHINUR;3306;22.11.1959;0;3306
MELDA;3306;21.05.1978;1;3305
FATIM;3304;23.11.1952;10;3294
RAFIYE;3286;19.03.1962;0;3286
NEBILE;3270;15.02.1964;1;3269
RUVEYDE;3251;17.11.1961;0;3251
SALIYE;3223;24.12.1962;0;3223
MELEHAT;3217;17.02.1964;0;3217
UMMIYE;3210;9.10.1962;0;3210
ZERIFE;3209;7.05.1965;1;3208
AFET;3293;22.02.1957;87;3206
ZUHRA;3203;14.02.1960;0;3203
AKKIZ;3201;4.01.1959;0;3201
MUSLUME;3199;16.08.1964;0;3199
SAZIMET;3186;11.09.1957;0;3186
FINDIK;3203;1.05.1957;26;3177
KADIFE;3177;17.05.1959;0;3177
MASALLAH;8170;18.12.1974;4994;3176
FIKRET;50171;14.07.1967;47015;3156
YASARIYE;3156;27.10.1964;1;3155
GULKIZ;3151;29.10.1959;0;3151
SEFA;17036;17.07.1977;13902;3134
MIHRICAN;3133;22.04.1978;1;3132
UMUS;3128;12.11.1960;0;3128
MEKIYE;3127;19.04.1975;0;3127
NERGIS;3122;25.08.1975;3;3119
NIHAYET;3199;7.06.1968;86;3113
ZIYNET;3111;17.11.1966;3;3108
AYSIN;3116;19.10.1973;28;3088
NIGMET;3145;19.08.1967;78;3067
MUHBET;3067;25.04.1968;1;3066
RUHIYE;3061;10.08.1960;0;3061
KUMRU;3052;19.10.1961;9;3043
FAIZE;3042;29.11.1958;0;3042
HACERE;3030;5.11.1956;0;3030
ISIK;4049;14.12.1969;1022;3027
NULUFER;3016;26.11.1974;1;3015
IFFET;3031;14.02.1960;18;3013
SEKINE;2997;16.10.1960;0;2997
BESEY;2991;27.04.1952;0;2991
OMRIYE;2986;30.06.1959;1;2985
MUHLISE;2979;6.05.1963;0;2979
DELAL;3089;19.06.1966;117;2972
FATI;3027;8.08.1956;68;2959
ANAKIZ;2945;30.2.1958;0;2945
SONA;2942;2.05.1957;0;2942
SAFURE;2925;16.07.1961;0;2925
ZULAL;3188;10.04.1971;275;2913
IKRAM;6972;13.04.1968;4062;2910
GULFIYE;2904;21.01.1964;0;2904
FAIKA;2897;8.10.1955;0;2897
MIRAY;2940;10.09.1983;52;2888
PEMPE;2882;14.12.1961;1;2881
GULLIZAR;2865;20.08.1957;0;2865
MUTLU;15549;7.01.1980;12698;2851
HAZEL;2875;5.08.1968;29;2846
SEMANUR;2835;7.09.1979;0;2835
MEMDUHA;2828;21.06.1955;0;2828
MAHI;2837;4.04.1958;13;2824
ZAHRA;2821;21.08.1965;0;2821
BESIRE;2818;18.09.1963;0;2818
KEBIRE;2800;27.02.1960;0;2800
FEHMIYE;2793;22.05.1957;0;2793
RUVEYDA;2794;24.04.1975;3;2791
ZEKINE;2785;16.01.1964;2;2783
HAFIZA;2775;22.03.1955;0;2775
HUSNUYE;2772;29.01.1960;0;2772
MAHIRE;2769;1.06.1959;0;2769
SEYIDE;2759;22.09.1958;0;2759
ZUBEYDA;2757;3.12.1972;0;2757
MAHIYE;2753;24.06.1959;1;2752
VICDAN;2814;1.03.1962;67;2747
EVIN;2757;23.06.1983;15;2742
ELA;2726;9.02.1984;1;2725
MEHRI;2745;25.11.1959;24;2721
NIDA;3028;5.06.1981;322;2706
SENA;2863;16.06.1983;165;2698
TEVRAT;3713;11.12.1963;1020;2693
OZEN;3725;20.12.1969;1036;2689
TAYYIBE;2684;22.11.1960;0;2684
FITNET;2673;15.12.1954;0;2673
DILAN;2679;25.05.1988;19;2660
IMMIHAN;2650;26.06.1959;0;2650
SERGUL;2656;26.03.1974;7;2649
NIL;2653;30.05.1977;12;2641
NUKET;2656;11.06.1970;16;2640
NAIDE;2632;8.05.1963;1;2631
BESI;2630;30.01.1948;3;2627
SUMEYYA;2627;3.11.1984;1;2626
SITTI;2626;15.07.1957;1;2625
LAMIA;2623;6.02.1962;0;2623
ZINI;2626;13.11.1954;6;2620
RANA;2630;7.11.1973;13;2617
GAYE;2621;29.06.1979;6;2615
MAKSUDE;2614;25.06.1960;0;2614
HAMIYE;2606;12.06.1962;0;2606
BILGIN;6919;5.12.1971;4324;2595
ZAKIRE;2592;15.12.1959;0;2592
RUZIYE;2582;18.05.1957;0;2582
SAHIBE;2579;18.06.1964;0;2579
NASIDE;2572;26.04.1964;0;2572
SELVA;2560;17.08.1972;1;2559
SELVET;3550;5.09.1961;1015;2535
GURSEL;14229;12.02.1970;11698;2531
ISMINAZ;2529;1.06.1963;0;2529
PERIZADE;2518;17.11.1963;0;2518
NAVRUZ;2718;5.07.1962;203;2515
UMAHAN;2501;15.11.1959;0;2501
MEVLUDIYE;2499;20.05.1963;1;2498
SADEGUL;2479;21.07.1971;0;2479
VECIHE;2478;1.05.1959;1;2477
SEFIYE;2465;2.11.1956;0;2465
URKIYE;2456;7.06.1958;0;2456
SUAT;40982;23.09.1973;38528;2454
MIHRIYE;2449;12.08.1955;0;2449
ZAHIRE;2444;25.12.1958;0;2444
GULSUME;2440;14.10.1963;0;2440
INSAF;2444;4.08.1958;9;2435
NURAL;3198;22.07.1964;768;2430
GULSEVEN;2430;15.01.1969;1;2429
CIDEM;2429;12.01.1978;3;2426
MUESSER;2433;25.10.1961;10;2423
FISUN;2422;20.12.1970;0;2422
SERCAN;18671;21.11.1985;16253;2418
KIFAYET;2419;18.04.1964;8;2411
SADIFE;2411;8.09.1956;0;2411
FERISTAH;2418;10.02.1957;13;2405
AYSU;2414;14.01.1977;9;2405
FITNAT;2402;21.12.1955;0;2402
GULENDER;2390;12.08.1966;2;2388
TAMAM;2388;18.07.1957;5;2383
GAZALI;2411;1.05.1960;29;2382
SIMGE;2381;18.05.1987;2;2379
KERZIBAN;2377;6.11.1967;0;2377
SELBI;2375;22.04.1965;2;2373
GULBIN;2373;4.06.1974;0;2373
SELAMET;3412;2.06.1972;1050;2362
BAHTIYAR;9554;18.12.1968;7203;2351
HATEM;3331;17.06.1964;986;2345
MUSLIME;2330;5.07.1963;0;2330
TURKIYE;2329;14.06.1959;4;2325
SAYNUR;2317;6.11.1971;5;2312
SAHSENEM;2303;18.03.1960;0;2303
NAFIZE;2292;25.06.1959;0;2292
GANIMET;2320;8.01.1964;33;2287
NEZIHAT;2284;2.10.1964;0;2284
RUKEN;2294;18.11.1984;17;2277
SAHIZER;2277;7.06.1962;0;2277
GULIZ;2271;29.04.1979;1;2270
SENIZ;2339;24.10.1975;71;2268
HARIKA;2259;18.08.1975;8;2251
SERVER;3101;3.03.1956;856;2245
UMMIHAN;2244;20.09.1964;1;2243
HAZIME;2228;1.05.1964;0;2228
SEKERNAZ;2226;1.07.1964;0;2226
ZULFINAZ;2225;20.11.1960;0;2225
SAHINAZ;2225;10.09.1961;0;2225
SERAY;2300;25.09.1979;83;2217
FEYZIYE;2217;21.09.1962;0;2217
ESER;7269;16.12.1977;5059;2210
ARMAGAN;4680;2.05.1975;2473;2207
SAFFET;11254;6.05.1962;9051;2203
RESMIGUL;2203;11.04.1964;1;2202
RUSEN;4835;30.04.1967;2652;2183
YAPRAK;2183;4.01.1985;0;2183
SIFA;2451;11.04.1979;278;2173
FADEN;2173;12.10.1960;0;2173
ADVIYE;2169;21.05.1955;0;2169
GULSEHER;2164;6.07.1965;0;2164
YASEMEN;2163;1.06.1972;1;2162
GURCAN;8607;24.09.1973;6458;2149
CANSEL;2287;15.07.1979;140;2147
BENGU;2141;4.02.1981;20;2121
BAGDAGUL;2110;5.03.1967;0;2110
SUMBUL;2119;16.01.1971;11;2108
NADIME;2103;9.02.1961;0;2103
HAVVANA;2101;22.11.1961;0;2101
GULIN;2130;3.12.1977;32;2098
BAGDAT;2150;24.05.1962;56;2094
SITTIKA;2087;26.02.1955;0;2087
SUNBUL;2087;8.11.1960;14;2073
TAYBET;2063;20.05.1974;0;2063
HURMUZ;2119;20.07.1954;57;2062
SAHA;2063;13.08.1966;3;2060
ANSA;2056;2.01.1950;1;2055
AYNI;2064;5.11.1955;15;2049
CAVIDAN;2049;29.02.1964;5;2044
GULPASA;2243;19.03.1959;202;2041
MAHBUP;2089;7.11.1957;50;2039
NURE;2037;22.07.1958;0;2037
ZUMRETE;2068;26.02.1965;32;2036
PEYRUZE;2031;14.01.1960;0;2031
KUMRI;2031;11.10.1958;0;2031
EMETI;2031;6.07.1958;0;2031
MINIRE;2024;5.02.1960;0;2024
NURA;2022;10.01.1964;0;2022
GULTER;2028;21.01.1957;14;2014
DURUYE;2008;25.06.1958;0;2008
MUHABBET;2077;29.05.1967;71;2006
CAKIR;2558;1.09.1963;556;2002
NERGUL;2002;12.04.1972;1;2001
ZEMINE;2000;20.05.1961;0;2000
REZZAN;2070;10.05.1971;71;1999
SEZIN;2037;9.07.1979;39;1998
ZULFU;5779;9.07.1963;3783;1996
DEVLET;2552;17.08.1970;556;1996
BINGUL;2002;14.09.1965;9;1993
AKKADIN;1994;3.07.1955;1;1993
PERI;1992;24.10.1958;0;1992
SADIKA;1992;4.07.1954;0;1992
NURDAGUL;1992;18.10.1971;1;1991
NESLI;2008;21.08.1967;23;1985
ALTIN;2004;9.04.1967;20;1984
GULLI;1993;15.01.1957;9;1984
GULCEMAL;2103;1.06.1961;126;1977
FERYAL;1979;6.06.1972;6;1973
ULGER;1980;8.12.1965;13;1967
MAIDE;1961;22.05.1965;0;1961
SEZGIN;22283;15.08.1977;20326;1957
MAVIS;1960;4.07.1962;4;1956
RUYA;1963;13.02.1982;8;1955
TALIYE;1943;19.02.1961;1;1942
GOKNUR;1975;25.08.1981;36;1939
SUDIYE;1926;12.09.1960;0;1926
UMMAHANI;1926;3.02.1961;1;1925
SAHINDER;1906;12.01.1960;7;1899
DEVRIM;5204;20.05.1978;3310;1894
SADRIYE;1890;27.09.1958;0;1890
SAYESTE;1886;10.10.1957;0;1886
BESER;1983;13.06.1952;98;1885
HAYRUNNISA;1884;13.05.1961;0;1884
SONNUR;1887;16.11.1978;6;1881
ISMI;1904;6.08.1956;27;1877
CESMINAZ;1876;6.10.1958;0;1876
MERDIYE;1873;7.01.1966;0;1873
DURNA;1899;22.09.1963;27;1872
JULIDE;1866;16.08.1972;0;1866
MESRURE;1862;21.05.1953;0;1862
HAYAL;1883;25.04.1973;24;1859
BAHIRE;1856;27.07.1957;0;1856
ECEM;1859;20.11.1989;4;1855
EVREN;11167;5.09.1983;9315;1852
MULKINAZ;1852;9.05.1964;0;1852
METHIYE;1846;21.08.1964;0;1846
SAHSINE;1842;13.06.1956;0;1842
ADUL;1845;11.08.1961;5;1840
NEFIYE;1839;22.01.1961;0;1839
GULSEMIN;1834;4.06.1980;0;1834
SUSAN;1832;1.01.1965;0;1832
SABIYE;1832;14.01.1960;1;1831
DURAN;29310;2.02.1962;27488;1822
NILGUL;1822;12.01.1971;0;1822
RAHILE;1822;12.03.1964;0;1822
DIDAR;1828;18.05.1964;9;1819
ASSIYE;1812;23.06.1966;0;1812
MIHDIYE;1810;17.07.1966;0;1810
AYTAN;1852;16.01.1967;56;1796
TEZCAN;4570;14.10.1974;2775;1795
SECKIN;9437;28.01.1977;7643;1794
REZAN;1977;6.01.1965;186;1791
RAKIBE;1784;12.07.1960;0;1784
SATIA;1784;14.03.1952;0;1784
NEHIR;2073;1.07.1978;299;1774
HACICE;1768;15.11.1967;1;1767
MEHDIYE;1762;30.03.1966;1;1761
ANTIKA;1760;15.06.1970;2;1758
FELEKNAZ;1756;3.03.1965;0;1756
GULBIYE;1751;14.05.1961;0;1751
GUNSEL;1780;8.06.1957;32;1748
SELVIHAN;1750;19.07.1979;2;1748
BURCAK;2033;6.05.1983;288;1745
UFUK;33351;24.02.1980;31607;1744
TUNA;5381;1.02.1977;3641;1740
IFAKET;1739;14.06.1957;0;1739
HASENE;1739;2.07.1955;0;1739
SADIMAN;1767;27.04.1965;30;1737
SEHRINAZ;1731;13.11.1958;0;1731
SEHERNAZ;1729;16.05.1963;0;1729
SEVIN;1757;9.01.1972;33;1724
HARBIYE;1727;3.10.1965;7;1720
ULKIYE;1720;3.02.1968;0;1720
SERFINAZ;1715;23.12.1958;1;1714
NEBIHA;1709;22.07.1962;0;1709
SADAN;3083;14.11.1962;1377;1706
FEDIME;1699;14.09.1957;0;1699
TALIHA;1690;19.04.1966;6;1684
TAHIRE;1680;21.04.1960;0;1680
ESMEHAN;1680;13.06.1963;0;1680
SELFINAZ;1678;30.09.1960;0;1678
SELVIYE;1675;1.03.1964;0;1675
RADIYE;1675;12.05.1962;1;1674
NEVRUZ;2225;11.12.1966;553;1672
RUMEYSA;1672;1.09.1984;1;1671
GULHATUN;1671;12.05.1960;0;1671
SARAY;1656;7.01.1962;4;1652
CILER;1656;9.06.1976;4;1652
SAIBE;1652;7.12.1958;0;1652
YASARE;1649;24.05.1958;0;1649
EMETULLAH;1647;30.09.1955;6;1641
RIHAN;1656;2.12.1959;19;1637
VATHA;1631;16.07.1964;1;1630
GULNIHAL;1628;26.10.1973;0;1628
HELIME;1627;27.12.1959;0;1627
SAHURE;1618;8.07.1959;0;1618
MUHIBE;1617;1.10.1956;0;1617
DURSIYE;1617;22.10.1965;0;1617
TEKMILE;1611;26.03.1960;0;1611
OMRUYE;1608;1.09.1963;0;1608
ZULFI;3024;12.06.1958;1420;1604
MUAMMER;51001;19.02.1967;49398;1603
HEDLE;1603;14.03.1959;0;1603
DICLE;1675;28.11.1983;74;1601
LEYLI;1607;30.12.1953;7;1600
IMIHAN;1591;8.12.1955;0;1591
MIYESE;1588;13.01.1963;0;1588
SEKURE;1587;17.05.1955;0;1587
RUHAN;2118;22.02.1969;532;1586
MALIKE;1589;4.10.1962;4;1585
AYYUS;1585;20.01.1958;0;1585
NAYIME;1577;30.07.1965;0;1577
MEFARET;1577;12.07.1967;2;1575
EMBIYE;1614;16.02.1962;43;1571
KIBARIYE;1565;17.05.1966;0;1565
FEZILE;1564;14.03.1963;0;1564
MEZIYET;1608;8.01.1960;47;1561
NAME;1562;11.01.1968;4;1558
FADIMEANA;1556;22.10.1964;0;1556
OZAY;6404;16.05.1975;4851;1553
GULHIZAR;1552;2.11.1959;0;1552
AKIFE;1550;2.12.1963;0;1550
SEREN;1662;19.01.1984;120;1542
RAMIZE;1535;3.07.1954;0;1535
OZGEN;2735;4.12.1975;1206;1529
PERUZE;1527;7.11.1952;0;1527
TEMAM;1525;29.04.1960;0;1525
KIYAFET;1528;6.11.1959;4;1524
BILSEN;1527;15.08.1967;4;1523
HORI;1523;26.11.1953;0;1523
KIBRIYE;1522;11.05.1960;0;1522
SEMINE;1519;25.05.1968;0;1519
MESKURE;1518;17.04.1955;0;1518
NEBAT;1517;11.08.1958;2;1515
GUNSELI;1511;22.01.1965;0;1511
CINAR;2610;6.05.1978;1100;1510
AYSA;1517;5.11.1947;7;1510
NARGUL;1511;12.05.1970;1;1510
IMHAN;1511;19.10.1963;1;1510
ADIFE;1511;28.09.1962;1;1510
AYDA;1517;19.02.1973;8;1509
BUSE;1508;15.12.1988;0;1508
GOKSEL;10526;17.02.1974;9024;1502
ASIME;1502;25.07.1965;0;1502
NULIFER;1502;21.08.1977;0;1502
ZARIF;2440;16.05.1961;941;1499
TAYIBE;1499;9.06.1965;0;1499
TUNAY;4614;14.12.1973;3116;1498
SEMIRA;1492;18.01.1972;0;1492
GULAYSE;1486;1.02.1959;0;1486
TURKMEN;1766;22.10.1961;285;1481
UGUR;96392;5.04.1981;94912;1480
SUHEDA;1506;12.11.1974;28;1478
AMSE;1480;15.07.1959;2;1478
ZERIN;1477;7.04.1970;6;1471
GULSENEM;1467;6.01.1965;0;1467
SALISE;1465;2.11.1958;0;1465
VEHBIYE;1457;13.09.1967;0;1457
TIJEN;1457;17.12.1972;2;1455
NUKHET;1457;19.10.1974;4;1453
DILAY;1457;17.03.1985;5;1452
AVAS;1467;28.07.1958;18;1449
GOGERCIN;1443;15.08.1962;0;1443
ERSIN;43587;13.04.1980;42147;1440
BADEGUL;1440;10.10.1973;0;1440
UMUT;28229;12.07.1981;26791;1438
NEBIHE;1438;26.08.1964;0;1438
RASIDE;1433;26.07.1967;0;1433
FECRIYE;1431;2.09.1963;0;1431
HEYBET;2243;13.05.1974;813;1430
MUZEYEN;1430;2.01.1969;0;1430
DIGDEM;1426;18.01.1984;0;1426
SAHSENE;1426;13.07.1957;0;1426
ZERGA;1421;1.01.1966;0;1421
BERIN;1411;12.03.1969;3;1408
BENGUL;1408;26.08.1978;0;1408
ZAFER;54917;17.02.1976;53510;1407
GOKSEN;1640;1.10.1974;233;1407
NEZIFE;1407;15.01.1961;0;1407
ILMIYE;1404;26.05.1956;1;1403
SIRVAN;1532;24.11.1978;131;1401
AKIDE;1401;11.12.1968;0;1401
AHSEN;1616;3.05.1972;216;1400
MERIH;2207;14.10.1969;813;1394
GAFURE;1393;16.06.1962;0;1393
FATMAANA;1393;27.05.1955;0;1393
FERUZE;1389;19.06.1956;0;1389
HATIME;1388;11.05.1963;0;1388
BAHTISEN;1429;29.11.1967;42;1387
FATMANUR;1387;19.01.1984;0;1387
AYSEDUDU;1386;8.12.1960;0;1386
TALIA;1385;26.12.1961;0;1385
ELFIDE;1380;7.11.1959;0;1380
HASIME;1380;13.10.1957;0;1380
ANIS;1391;15.06.1958;12;1379
ENGIN;69754;10.09.1978;68378;1376
IRFAN;60748;7.02.1970;59372;1376
HANIMI;1375;27.01.1956;0;1375
GOKBEN;1406;24.02.1982;32;1374
SEFIKE;1373;10.03.1964;0;1373
SEBAT;1430;7.11.1956;64;1366
GULDESTE;1361;29.09.1960;0;1361
ZILFI;1469;23.04.1959;109;1360
NARIYE;1358;22.07.1961;0;1358
ASKIN;7905;15.05.1978;6553;1352
MAVIYE;1359;22.09.1961;7;1352
HURIYET;1459;24.12.1967;110;1349
UMMUS;1349;22.10.1957;0;1349
NEZIYE;1343;13.04.1960;0;1343
SENER;12900;4.09.1971;11560;1340
IDIL;1342;22.04.1981;7;1335
SEVDE;1332;8.11.1983;0;1332
MEBRURE;1330;6.01.1953;0;1330
NAZLIYE;1329;30.09.1962;0;1329
NAKIYE;1328;5.04.1956;0;1328
BULBUL;1353;30.11.1961;27;1326
SILA;1351;11.06.1986;25;1326
MAVUS;1325;2.10.1956;1;1324
ZUHRIYE;1320;27.06.1963;0;1320
MIYESER;1315;16.11.1969;0;1315
AYSETE;1312;10.07.1971;0;1312
MUNEVER;1313;25.09.1967;2;1311
NERMAN;1348;14.10.1966;38;1310
FAIME;1310;11.09.1970;0;1310
HASBIYE;1308;2.02.1958;0;1308
MESURE;1307;20.05.1966;0;1307
IRMAK;1521;13.10.1985;217;1304
GULE;1302;3.08.1961;0;1302
MEVLIDE;1300;7.01.1968;0;1300
URKUS;1299;15.12.1954;2;1297
HANSE;1298;14.07.1964;1;1297
SALIC;1298;4.08.1960;1;1297
MAHBUBE;1295;13.08.1960;0;1295
GULDALI;1306;17.01.1961;13;1293
GUVERCIN;1287;11.01.1968;0;1287
SEVDET;1343;21.07.1972;64;1279
ASYE;1274;19.04.1963;0;1274
YAYLA;1360;3.10.1964;87;1273
BESTE;1276;19.01.1985;5;1271
ZOHRA;1269;28.12.1956;0;1269
HANIMSAH;1269;4.09.1969;0;1269
CAZIYE;1267;9.01.1968;0;1267
ISMEHAN;1267;25.06.1958;0;1267
MEHPARE;1265;10.04.1964;1;1264
ANAKADIN;1264;25.04.1957;0;1264
KADIRE;1261;6.11.1954;0;1261
NURGUN;1312;21.09.1967;53;1259
GEVRI;1258;21.10.1956;1;1257
DILER;1363;16.05.1975;107;1256
FERIZE;1255;28.12.1960;0;1255
GULCICEK;1254;28.12.1965;0;1254
FIGAN;1267;25.11.1972;15;1252
RENGIN;1280;27.11.1971;32;1248
SEMSIYE;1247;7.03.1960;0;1247
ANIL;8702;1.03.1986;7459;1243
HADRA;1244;26.11.1964;2;1242
ZERNISAN;1241;28.08.1954;1;1240
RADIFE;1240;30.01.1965;0;1240
ELVIDE;1237;28.11.1958;0;1237
GULHAYAT;1234;9.06.1970;1;1233
LALIHAN;1232;14.01.1969;0;1232
DURCAN;1366;13.06.1967;137;1229
BERIL;1228;24.04.1981;0;1228
SULTANE;1226;3.11.1963;0;1226
ZATIYE;1226;6.05.1955;0;1226
NILIFER;1225;28.05.1970;0;1225
GULTAZE;1222;11.03.1962;0;1222
MARZIYE;1221;30.2.1961;0;1221
SEYYARE;1218;17.06.1954;1;1217
GULDAN;1212;29.12.1970;4;1208
GOZEL;1306;13.03.1955;100;1206
KESER;1240;9.03.1967;37;1203
IDE;1204;25.04.1963;1;1203
SABITE;1202;23.04.1960;0;1202
NAZIKAR;1201;28.01.1959;2;1199
ANZILHA;1198;24.11.1968;1;1197
SANEM;1194;7.02.1981;0;1194
GONCAGUL;1193;22.06.1980;0;1193
MUCEVHER;1202;24.04.1959;10;1192
BERAT;5202;21.02.1980;4012;1190
YAZGULU;1190;10.02.1966;0;1190
HANI;1232;11.03.1946;44;1188
SEMSIHAN;1200;16.06.1969;12;1188
GULFEM;1187;6.10.1968;0;1187
GUNNAZ;1185;7.04.1964;0;1185
BILGEHAN;2611;1.03.1981;1429;1182
FEYRUZ;1495;26.03.1969;317;1178
OKSAN;1271;4.06.1973;94;1177
DONER;1197;9.08.1973;21;1176
SALTANAT;1178;28.10.1959;3;1175
INCILAY;1175;15.03.1974;1;1174
VIJDAN;1214;8.08.1970;42;1172
TAZEGUL;1173;27.01.1964;1;1172
NAZDAR;1173;8.01.1967;1;1172
KEZZIBAN;1171;18.03.1965;0;1171
DUNYA;1244;10.04.1974;74;1170
GORKEM;4407;21.09.1986;3238;1169
FATIS;1169;19.02.1956;0;1169
KONCA;1167;2.07.1970;0;1167
GARIP;4871;8.12.1969;3705;1166
SUVEYLA;1165;16.10.1969;0;1165
NEZAHET;1163;6.09.1955;0;1163
SUPHAN;1707;9.12.1971;547;1160
BIHTER;1159;20.07.1982;2;1157
HALIM;15631;28.10.1963;14475;1156
AYTAC;9889;26.05.1978;8733;1156
HANEY;1156;18.07.1948;0;1156
MENDUHA;1154;20.05.1963;0;1154
FEDILE;1154;30.11.1966;0;1154
BIRNAZ;1151;13.04.1966;0;1151
REFIA;1150;3.12.1950;0;1150
KUPRA;1149;19.01.1962;0;1149
ZELAL;1148;27.01.1984;1;1147
GULSADE;1146;4.01.1963;0;1146
NURTAC;1341;9.02.1977;196;1145
VACIDE;1145;26.12.1957;0;1145
BERRAK;1153;2.12.1980;16;1137
ZELIHAN;1137;16.04.1965;1;1136
SAHNAZ;1137;30.08.1965;1;1136
YENIGUL;1135;10.01.1973;0;1135
GULEFER;1132;2.01.1964;1;1131
IHSANIYE;1130;15.01.1960;1;1129
SAMIME;1129;9.10.1962;0;1129
GULBEN;1129;12.10.1976;1;1128
MELIHE;1128;24.11.1964;0;1128
HICRET;1452;13.03.1978;325;1127
SEHEL;1127;18.09.1964;4;1123
MEKKIYE;1123;22.06.1973;0;1123
BIRNUR;1122;17.12.1972;1;1121
FINCAN;1122;11.06.1961;1;1121
ZEYNI;2203;8.02.1964;1083;1120
BEDEVI;1161;2.10.1964;41;1120
SENOL;38917;26.03.1975;37799;1118
NAZI;1198;9.02.1953;83;1115
ASUDE;1113;29.11.1974;0;1113
MIYASER;1113;8.05.1970;1;1112
NEVRA;1115;5.02.1980;4;1111
SEYCAN;1153;26.03.1973;43;1110
MARIYE;1108;8.01.1968;0;1108
YUSRA;1108;8.09.1981;1;1107
VECIDE;1105;3.08.1965;0;1105
GULISAN;1106;28.11.1962;2;1104
OZGUN;3182;5.05.1980;2080;1102
MEVHIBE;1100;11.09.1965;0;1100
HORIYE;1099;30.05.1958;0;1099
HACI;87987;15.09.1961;86894;1093
NOFA;1093;2.04.1961;0;1093
AJDA;1092;23.03.1981;0;1092
NURCIN;1097;4.05.1978;6;1091
GULTEKIN;10195;22.10.1968;9105;1090
SAFIYA;1089;27.06.1965;0;1089
YAZI;1093;16.10.1962;7;1086
GAZEL;1210;10.07.1965;125;1085
SABAH;1569;12.01.1970;486;1083
MUVEDDET;1082;21.06.1950;2;1080
SAHRE;1078;24.02.1967;0;1078
SEHIDE;1077;27.11.1959;0;1077
DURDIYE;1075;13.08.1956;0;1075
SIYASET;1082;28.06.1969;8;1074
MARIFET;1081;17.02.1972;7;1074
MEHLIKA;1074;28.01.1968;0;1074
SEVNUR;1078;11.08.1976;7;1071
ZEYNEB;1070;30.06.1966;0;1070
ZIKRIYE;1070;14.10.1956;0;1070
RUKKIYE;1068;5.06.1962;0;1068
PAKIZER;1064;19.04.1967;0;1064
MIHRI;1116;3.06.1957;54;1062
KOCER;1247;30.10.1965;186;1061
NEBIBE;1061;16.03.1957;0;1061
AYBEN;1061;19.07.1978;4;1057
VELIYE;1056;6.09.1956;0;1056
MENSUR;2209;12.10.1968;1155;1054
IHSAN;59817;22.02.1964;58764;1053
NURSAN;1081;26.12.1971;28;1053
MENCI;1059;9.01.1954;6;1053
ATIFE;1055;22.08.1961;2;1053
SEHIME;1053;21.01.1956;0;1053
REYHANE;1052;19.12.1959;0;1052
ILKE;1363;7.07.1983;312;1051
HAMIDIYE;1052;16.11.1962;1;1051
MIYESSER;1046;12.12.1969;0;1046
GARIBE;1043;15.10.1970;0;1043
SUMER;1700;10.08.1961;658;1042
CISEM;1042;3.10.1987;0;1042
AKLIME;1038;21.03.1968;0;1038
KEKLIK;1039;30.2.1964;2;1037
EMRE;60224;4.12.1986;59188;1036
PERINAZ;1036;12.04.1963;0;1036
KARANFIL;1142;21.06.1963;111;1031
ORUC;2982;24.01.1967;1952;1030
IKLIME;1031;18.07.1961;1;1030
GULDEM;1031;22.07.1976;1;1030
ZULFUYE;1029;14.04.1964;0;1029
UMMUYE;1029;27.06.1965;0;1029
KADIRYE;1027;20.06.1968;0;1027
HURMET;1155;23.03.1966;129;1026
BESSI;1027;24.10.1952;1;1026
SAHIRE;1024;5.01.1962;0;1024
NAMIYE;1021;15.05.1960;0;1021
ESMERAY;1024;29.06.1980;4;1020
UMMUGULSUN;1020;7.09.1969;0;1020
NISA;1023;5.11.1978;6;1017
ISMINUR;1017;17.09.1973;0;1017
AVNIYE;1016;23.07.1958;0;1016
ISILAY;1056;17.11.1978;41;1015
MUNIBE;1013;11.07.1956;0;1013
KADEM;2575;24.06.1964;1563;1012
IJLAL;1012;26.01.1968;0;1012
ESSE;1012;16.03.1955;1;1011
SAHIZE;1009;29.08.1967;0;1009
GULENDEM;1008;6.11.1963;0;1008
SEVGILI;1018;6.10.1960;11;1007
AYSEHAN;1007;21.10.1956;0;1007
ZAYIDE;1005;9.05.1962;0;1005
CEVHER;2328;22.06.1967;1326;1002
FATIK;1003;7.04.1954;1;1002
NURI;60612;28.07.1961;59611;1001
EZEL;1165;22.04.1973;164;1001
ALYE;1001;3.11.1958;0;1001
ZERIF;1004;4.01.1957;5;999
SERAYI;996;24.05.1961;0;996
GULNAME;994;17.09.1959;1;993
GULSEFA;993;1.05.1963;0;993
GEVHER;1002;2.01.1958;10;992
SURMELI;1972;14.07.1960;981;991
RAKIYE;987;14.04.1969;0;987
GUMUS;1023;28.04.1959;37;986
SELMIN;989;9.03.1970;3;986
NIYMET;1003;26.10.1966;18;985
FERUZAN;1102;29.2.1958;118;984
MEVA;986;7.07.1963;2;984
GUHER;989;2.02.1958;8;981
RAFIA;978;11.02.1959;0;978
HACILE;978;14.06.1962;0;978
AYCIN;1005;11.09.1981;28;977
FERHUNDE;976;22.04.1957;0;976
ZISAN;1035;16.06.1965;60;975
SELMAN;11129;24.07.1975;10156;973
GULU;984;10.08.1956;12;972
GULSEVER;972;12.11.1968;0;972
BEDIRIYE;971;17.02.1964;0;971
HASGUL;1311;15.12.1967;341;970
NERMIYE;970;7.12.1960;0;970
DONAY;972;6.03.1979;3;969
MELISA;969;3.07.1985;0;969
SAHIZAR;967;13.04.1952;0;967
SAHZADE;1146;25.09.1958;180;966
AYDANUR;971;2.02.1974;7;964
ULFIYE;963;5.07.1961;0;963
GULDENIZ;969;6.01.1979;8;961
TUNCAY;49840;30.05.1977;48882;958
BILLUR;958;13.08.1973;3;955
BELKIZE;954;15.07.1969;0;954
KADIME;956;21.11.1961;3;953
AYSI;953;12.03.1946;0;953
MESUDIYE;952;30.11.1966;0;952
ELMAST;952;2.09.1957;0;952
SEYDE;951;29.01.1960;1;950
SEKIBE;950;11.04.1956;0;950
GULSEL;966;28.09.1959;19;947
BIRTEN;951;10.01.1970;5;946
VETHA;946;15.07.1967;0;946
MUNUSE;944;15.02.1962;0;944
ISIN;1046;21.11.1972;103;943
BESSEY;943;14.09.1954;0;943
HALIMI;943;2.08.1950;1;942
ZEHIDE;941;14.11.1964;0;941
HURMUS;943;27.10.1957;4;939
SENCAN;1161;29.02.1968;224;937
VEDIA;937;25.05.1953;1;936
RABIYA;935;6.11.1973;0;935
SEVCIHAN;933;7.06.1969;0;933
BEYTIYE;933;6.07.1957;0;933
CENAN;1774;5.09.1964;842;932
IMIS;932;7.02.1958;0;932
NEJMIYE;931;27.01.1968;0;931
AYNIZELIHA;930;29.10.1966;0;930
AREFE;1021;21.01.1966;92;929
GULNAR;933;15.01.1966;5;928
HURINAZ;928;25.06.1963;0;928
MERVA;960;16.06.1983;34;926
NOKTA;927;23.02.1956;1;926
SARI;1076;5.10.1951;151;925
EZINE;925;26.04.1963;0;925
HUNKAR;1449;2.01.1966;526;923
SEVGICAN;927;16.09.1970;4;923
SECGUL;931;17.02.1974;10;921
MERIC;2574;14.01.1979;1654;920
SELCEN;919;6.07.1982;0;919
HALISA;916;4.12.1960;0;916
MAHIZER;916;19.11.1961;1;915
ZENURE;915;5.11.1966;0;915
HAZINE;914;27.09.1969;2;912
MUZEHHER;913;25.07.1956;1;912
GULGEZ;912;1.03.1959;0;912
ERDEM;30794;25.05.1979;29883;911
SAZIME;909;8.06.1962;0;909
TOMRIS;926;13.10.1955;18;908
REBIYE;904;19.01.1960;0;904
SERDA;974;1.10.1976;72;902
SULHIYE;898;30.12.1955;0;898
NADILE;898;28.02.1970;0;898
DESTE;898;26.11.1964;1;897
NARDANE;897;20.01.1964;0;897
MAYA;897;17.05.1958;1;896
MUNIFE;896;30.06.1962;0;896
VEHIBE;896;9.03.1962;0;896
MUKRIME;896;9.05.1962;0;896
PETEK;897;9.05.1970;3;894
BELKISA;893;7.11.1962;0;893
NESIDE;893;7.08.1963;0;893
RECEBIYE;890;4.12.1959;0;890
HAFISE;889;3.03.1967;0;889
HAVIZE;887;8.02.1965;0;887
ZEYTIN;889;29.11.1970;3;886
BARAN;3288;24.05.1980;2403;885
SABIR;1447;2.12.1969;562;885
TENNUR;897;6.08.1968;13;884
SAHAR;893;18.12.1952;12;881
BERGUZAR;891;2.07.1952;12;879
SEYYIDE;879;29.03.1955;1;878
NIRGUL;878;18.02.1974;0;878
SALLI;886;27.12.1953;9;877
HAMAIL;878;20.01.1960;2;876
MAHIGUL;874;29.03.1962;0;874
SEDIYE;870;21.04.1959;0;870
SEADET;877;5.04.1952;8;869
MUHUBBET;869;17.08.1959;0;869
SEMSINUR;870;13.08.1966;4;866
GULAFER;871;3.03.1962;6;865
YURDA;902;27.05.1970;41;861
KOCERI;869;12.04.1956;8;861
FEZA;1063;4.08.1971;204;859
NUBAR;972;13.11.1968;113;859
EKIN;1477;14.12.1984;620;857
GULCUN;857;29.02.1964;0;857
SEBIHE;857;21.08.1958;0;857
CEMALIYE;857;16.09.1960;1;856
KEVI;854;21.01.1956;0;854
GULTAN;853;8.05.1966;1;852
HAFIFE;848;15.01.1963;0;848
GULFIZAR;845;8.11.1960;0;845
GULYETER;842;21.05.1965;0;842
NECIFE;842;3.08.1962;0;842
DURSEN;856;4.08.1965;15;841
GUSSUN;840;27.11.1967;0;840
HASIYE;839;27.06.1962;4;835
ELANUR;835;21.08.1983;2;833
MUJGEN;832;9.04.1971;0;832
ROJDA;853;11.03.1986;23;830
ENBIYE;856;8.08.1956;29;827
NARINC;828;25.03.1968;1;827
SUZEN;841;9.08.1964;15;826
IKRAMIYE;827;17.12.1960;2;825
DILSA;823;26.08.1963;0;823
GULVEREN;823;26.10.1969;0;823
HEVES;904;16.11.1964;84;820
NEVCIHAN;841;20.08.1966;22;819
AYSELI;819;30.2.1958;0;819
YASA;1117;30.06.1957;301;816
ZENNUR;885;1.12.1968;70;815
RAGIBE;815;6.05.1958;0;815
VADHA;815;7.04.1960;0;815
ATRA;815;1.04.1954;0;815
MEFTUNE;815;1.02.1962;1;814
NEVZAT;47724;4.02.1966;46912;812
EREN;14574;21.09.1982;13763;811
SAHINUR;816;5.12.1960;5;811
BENAN;1095;16.10.1973;286;809
ZAKINE;809;8.09.1964;0;809
AYBUKE;809;5.11.1986;0;809
SEZA;892;20.04.1964;86;806
NAZLIHAN;805;21.04.1972;0;805
RESIME;805;9.01.1963;0;805
MAHPERI;804;3.08.1973;0;804
BELGIZAR;804;15.01.1966;1;803
AYSEANA;803;1.06.1954;0;803
ORDEK;802;8.02.1957;0;802
GULSIYE;802;1.04.1961;0;802
OZDEM;1057;22.05.1976;257;800
ZELHA;800;23.07.1956;0;800
NEZEHAT;798;11.04.1968;0;798
SAFYA;794;22.10.1964;0;794
ILKSEN;836;12.02.1976;45;791
LETIFE;792;22.01.1961;1;791
ASLIYE;791;8.06.1968;0;791
BASRA;791;17.05.1961;1;790
CAIZE;790;5.11.1967;0;790
SEREFNAZ;789;27.02.1965;0;789
ZUMRIYE;789;8.07.1958;0;789
HURISER;788;5.06.1955;0;788
SAHIME;788;23.12.1958;0;788
ANSE;788;15.08.1952;0;788
SUSAM;795;2.11.1966;9;786
FATME;786;6.05.1955;0;786
SEREF;26922;21.01.1968;26137;785
TURKAY;2936;4.08.1969;2151;785
BINGOL;872;28.12.1967;87;785
SEFINE;785;19.07.1958;0;785
IMMI;784;23.12.1955;0;784
MIHRINAZ;784;16.07.1960;0;784
EMET;790;6.09.1962;8;782
PIRUZE;781;1.08.1963;0;781
SULEYHA;779;27.09.1971;1;778
SAHVER;787;29.01.1956;10;777
HAVISE;777;28.09.1964;0;777
MERZUKA;777;5.05.1956;0;777
SAHHANIM;776;22.06.1954;0;776
EMISE;776;2.11.1957;0;776
MIZGIN;902;24.12.1985;127;775
SAHIKA;775;24.09.1977;0;775
CIYDEM;773;28.01.1974;0;773
SEVLI;775;1.12.1963;3;772
FENER;811;14.06.1974;40;771
SEMSEY;771;16.08.1960;0;771
MURSEL;13114;2.12.1967;12344;770
BIRDANE;771;4.04.1972;1;770
GUSSUM;770;6.07.1963;0;770
ZUMBUL;772;13.06.1958;3;769
FENDIYE;769;16.01.1960;0;769
FERYA;774;13.03.1979;6;768
TURNA;769;14.03.1972;3;766
SERRA;766;7.08.1982;0;766
SUEDA;766;28.01.1962;2;764
KANIME;764;10.06.1958;0;764
CANSER;897;10.03.1971;134;763
BEHIRE;763;15.10.1953;0;763
ASENA;766;13.09.1984;4;762
SAMIRE;763;22.01.1974;1;762
AYSANA;762;2.04.1955;0;762
KAYMAK;771;23.06.1959;11;760
MENEMSE;760;22.04.1959;0;760
SEDEN;769;19.02.1982;10;759
ENDAM;774;20.01.1966;16;758
SOYLEMEZ;760;30.2.1976;3;757
SAKIBE;754;16.04.1958;0;754
ARZIYE;752;26.03.1955;0;752
NUSRET;17370;15.10.1965;16619;751
SERINGUL;750;19.04.1967;0;750
MUCAHIDE;748;20.03.1977;0;748
MAVI;785;5.04.1959;38;747
GULCE;750;21.09.1979;3;747
DEVRAN;1865;7.05.1982;1120;745
MERYAM;745;30.08.1965;0;745
MERYEMANA;745;19.03.1965;0;745
FEDEN;744;22.12.1961;0;744
NAZENDE;742;11.07.1958;0;742
SERIYE;742;22.03.1958;0;742
ZUBIDE;742;26.04.1955;0;742
TUKEZ;742;22.12.1959;0;742
BENGI;807;12.07.1976;66;741
ENDER;13338;15.03.1974;12598;740
KAZIME;740;3.12.1954;0;740
MUNTEHA;749;10.02.1964;10;739
REHIME;739;4.04.1955;0;739
ZEYNETI;739;22.09.1955;1;738
RAMIYE;736;5.10.1959;0;736
ONUR;49728;23.02.1985;48994;734
MEVLIYE;735;30.03.1963;1;734
VEZIRE;734;15.02.1964;0;734
SARIGUL;730;20.07.1966;0;730
BINEFS;729;12.02.1963;0;729
DILSAT;768;19.09.1971;40;728
HUMA;730;10.04.1963;2;728
VAHIBE;728;25.06.1961;0;728
VEYSIYE;727;30.11.1976;0;727
GUNEY;2612;14.04.1975;1886;726
LEBIBE;724;9.01.1956;0;724
SURETHAN;724;12.06.1972;0;724
KAYA;8730;27.07.1962;8007;723
ERENGUL;726;14.03.1974;3;723
MUAZEZ;722;5.03.1972;0;722
MUNEVVERE;722;21.08.1954;0;722
HEVA;722;9.08.1966;0;722
ELVIN;735;26.08.1981;14;721
SERVINAZ;720;16.03.1954;0;720
NASIYE;720;20.09.1959;0;720
SEHAR;720;16.06.1955;0;720
SAVER;731;27.05.1956;12;719
YUDUM;721;21.01.1986;2;719
HANIMZER;717;20.01.1960;0;717
NISAN;1144;11.06.1967;428;716
LUTFUYE;716;25.06.1957;0;716
MERSIYE;715;1.04.1960;0;715
KELIME;712;21.12.1967;0;712
SEMRAN;718;19.02.1968;7;711
SEMSA;711;21.04.1966;0;711
HAZNE;711;24.07.1958;0;711
BAYRAM;120914;24.10.1966;120204;710
CAGLAR;10160;28.02.1983;9452;708
HUSNUGUL;708;17.10.1968;0;708
SADE;714;16.01.1965;8;706
MECIDE;706;26.06.1959;0;706
IZZET;34410;29.07.1963;33706;704
ELVIDA;705;15.02.1960;1;704
RUHIGUL;704;25.11.1958;0;704
SONER;34926;11.05.1981;34225;701
AGGUL;710;7.11.1962;9;701
DILA;702;20.04.1987;1;701
KUBAR;702;21.09.1968;1;701
HURUYE;701;30.03.1961;1;700
ESMAHAN;699;14.10.1964;0;699
SEVGINAR;699;20.08.1973;0;699
ANAHANIM;699;10.06.1951;1;698
GOHER;698;1.03.1953;0;698
CANGUL;698;4.11.1978;1;697
SELIHA;697;13.11.1967;0;697
RINDI;697;26.06.1957;0;697
NAFILE;696;17.05.1967;0;696
HANIME;696;1.03.1960;0;696
CAGLAYAN;2276;2.05.1979;1581;695
NAZEN;696;6.10.1962;2;694
SAFIRE;694;7.03.1964;0;694
SAHINE;694;14.06.1959;0;694
OYKU;727;14.10.1985;34;693
MEMIHAN;695;2.01.1968;2;693
FERAHNAZ;694;22.02.1964;1;693
MASIDE;693;28.05.1984;0;693
TURSUN;1440;9.04.1950;750;690
SEFURE;689;9.05.1963;0;689
FUGEN;689;22.10.1960;1;688
ELFIDA;686;12.02.1963;0;686
MEHRICAN;684;18.04.1977;0;684
HAMRA;684;27.01.1964;1;683
AYBIKE;683;26.01.1985;0;683
GULPER;683;9.06.1968;0;683
HIKMIYE;683;15.03.1969;0;683
AYPER;712;19.10.1965;30;682
FERZIYE;680;20.12.1961;0;680
FIRUZAN;722;6.09.1967;44;678
BALLI;700;12.01.1953;22;678
FERMUDE;678;19.04.1956;0;678
FERDAG;754;9.02.1977;78;676
NEZAFET;697;4.12.1955;21;676
REVASIYE;676;4.05.1963;0;676
GULBEDEN;676;2.03.1964;1;675
GULCEHRE;675;16.06.1961;0;675
GUNDUZ;3130;8.09.1967;2456;674
NURSAH;736;17.12.1984;62;674
OZLEN;734;21.02.1974;60;674
FURUZAN;720;30.01.1965;46;674
EVSEN;682;1.02.1972;8;674
SEDRIYE;675;14.12.1962;1;674
LEMIYE;674;20.07.1960;0;674
IRAN;677;21.04.1970;5;672
SALICE;672;27.03.1954;0;672
HACIKADIN;671;12.11.1959;0;671
SONMEZ;2216;20.01.1972;1546;670
SERIN;724;10.03.1966;54;670
FECIRE;670;15.02.1954;0;670
ASIRE;670;4.12.1960;0;670
CANSEVER;863;14.02.1971;194;669
HEVI;672;5.02.1953;5;667
SEFERIYE;669;26.10.1958;2;667
MEFKURE;667;17.07.1956;0;667
SEREFNUR;674;13.09.1959;8;666
HAFIYE;666;1.10.1958;0;666
ZIHNIYE;663;11.09.1956;0;663
ZURIYE;676;19.04.1959;14;662
SUMRU;663;10.03.1966;1;662
MINEVVER;660;1.07.1968;0;660
DILSAD;695;30.07.1979;36;659
GURSUN;666;20.03.1969;7;659
BERATIYE;659;7.06.1967;0;659
SEVGIL;658;27.04.1968;0;658
MUTIA;657;24.09.1956;0;657
SERIBAN;656;21.01.1968;0;656
DESTEGUL;656;11.11.1969;0;656
SABIHE;656;12.08.1961;0;656
CUMAZIYE;656;30.11.1965;0;656
NISBET;666;2.06.1962;12;654
LAMIYE;653;23.06.1959;0;653
ILKIN;1018;12.05.1973;366;652
KIMET;652;11.01.1965;0;652
FIRUZE;651;19.11.1975;0;651
ASHAN;658;19.05.1953;11;647
KUMRIYE;645;30.09.1962;0;645
ZEYNAP;644;17.02.1962;0;644
MEFHARET;644;12.08.1958;1;643
MUNE;642;28.07.1978;0;642
GULSIMA;641;24.05.1970;0;641
NURKADIN;641;29.2.1961;0;641
AFIYET;648;5.02.1963;8;640
HAVAGUL;638;10.07.1968;0;638
BEDIYE;638;15.01.1967;0;638
GULSERIN;638;25.02.1959;0;638
CAGRI;6573;8.06.1986;5938;635
HURREM;1469;11.02.1963;834;635
GULSEVIN;635;6.02.1969;0;635
URFET;1005;28.01.1959;372;633
YASAGUL;633;4.03.1969;0;633
ACELYA;632;25.10.1986;0;632
FIDDA;631;21.12.1959;1;630
ZINETI;630;23.06.1952;0;630
SAHRA;638;5.01.1975;9;629
MANOLYA;630;8.08.1981;1;629
ALMAST;628;17.01.1960;0;628
KUCUK;1818;18.11.1958;1191;627
GULUM;679;28.02.1969;52;627
BAISE;627;9.12.1952;0;627
NEVIL;630;21.03.1969;4;626
FERIYE;626;1.03.1956;0;626
SUREYA;665;11.08.1972;40;625
FERISTE;625;3.01.1956;1;624
SITKIYE;624;12.12.1957;0;624
BESNE;624;14.08.1961;0;624
SAILE;624;23.09.1969;0;624
NURTAN;645;10.02.1966;22;623
CEYRAN;625;4.01.1954;2;623
BERRA;625;6.09.1965;3;622
TERFE;620;20.01.1967;0;620
HAVAHAN;619;18.02.1960;0;619
DEFNE;619;26.03.1979;0;619
OLGA;641;19.10.1973;23;618
MIRAC;2351;11.08.1982;1734;617
LALIZER;618;17.03.1957;1;617
GEVI;616;19.12.1953;0;616
SAFURA;615;1.07.1962;0;615
ELENA;615;4.07.1972;0;615
SOSUN;644;24.02.1961;30;614
BILMEZ;621;28.08.1979;7;614
CEMANUR;614;12.04.1964;1;613
NADIRIYE;612;16.07.1963;0;612
HORMET;628;4.04.1958;17;611
HACCA;611;24.01.1955;0;611
GULFE;611;20.04.1960;0;611
CIVAN;1121;26.03.1969;511;610
NAKSIYE;610;24.05.1959;0;610
ZADE;646;20.07.1957;37;609
SELBINAZ;608;5.05.1965;0;608
NESEGUL;608;8.02.1975;0;608
SEMIA;608;2.05.1961;0;608
NEBIHAT;608;16.06.1961;0;608
HASKIZ;608;4.01.1961;0;608
BESRAYI;607;29.2.1965;0;607
HALIYE;607;21.08.1962;1;606
CAFIYE;606;21.10.1969;0;606
FERZIMELEK;604;13.09.1958;0;604
TALIHE;603;3.05.1963;0;603
VECIHA;603;26.07.1961;0;603
CILLI;602;6.11.1958;0;602
SUMERYA;601;26.10.1985;0;601
SIMA;601;15.10.1971;2;599
HUDA;778;19.10.1977;180;598
NECIME;598;12.02.1965;0;598
GEVEZ;598;15.07.1957;0;598
TORUN;1050;23.01.1961;453;597
UMMI;601;7.12.1960;4;597
ZERI;600;6.10.1950;3;597
KAZI;900;8.04.1960;305;595
DURHANIM;595;13.05.1958;0;595
GUVEN;13766;1.02.1976;13173;593
VEDIHA;593;21.06.1968;0;593
MINEVER;594;8.02.1968;2;592
CAZIBE;592;16.06.1956;0;592
ILAYDA;591;29.12.1988;0;591
NACIDE;591;10.06.1960;0;591
GULNAZIK;590;1.01.1959;0;590
SERHAT;29580;7.11.1982;28991;589
ELEM;594;23.03.1983;5;589
MUHUBET;590;4.09.1965;1;589
ZELIFE;589;30.01.1961;0;589
TANSEL;2359;27.07.1974;1772;587
SOHBET;600;3.09.1973;13;587
ATIFET;588;23.08.1956;1;587
FEVKIYE;587;20.12.1952;0;587
MEYASE;586;2.04.1966;0;586
TUMAY;969;29.2.1975;384;585
ZENNUP;585;5.09.1959;0;585
NEFIDE;585;13.02.1961;0;585
GOKSU;815;1.02.1986;233;582
RABIHA;581;10.04.1969;0;581
MAHISEKER;581;12.03.1963;0;581
IDI;583;15.02.1956;3;580
RAFET;17956;13.05.1962;17377;579
SENGUN;660;11.04.1957;81;579
HATIN;579;14.05.1964;0;579
MEBRUKE;579;4.05.1958;0;579
NILHAN;589;15.10.1977;11;578
CEZMINUR;579;2.04.1959;1;578
SEBIYE;578;7.02.1961;0;578
SEVGIN;1113;23.07.1973;536;577
MELIKA;577;14.10.1970;1;576
GULSEVIL;576;28.05.1967;0;576
SEVGIYE;575;30.03.1966;0;575
SADIKE;575;7.02.1965;0;575
EYLUL;613;19.08.1986;39;574
NEMIDE;574;1.03.1959;0;574
BINEVS;574;12.12.1966;0;574
NAZENGUL;574;21.04.1962;0;574
MAYNUR;572;26.04.1966;0;572
BAYRAMIYE;572;7.06.1974;0;572
MARI;572;13.10.1951;1;571
TEVFIKA;571;3.12.1950;0;571
DERMAN;792;6.04.1976;222;570
IFTAR;576;19.05.1969;6;570
HASKAR;570;2.07.1957;0;570
TEFIDE;570;11.12.1958;0;570
HAVANE;570;3.01.1963;0;570
DURSADE;570;25.03.1962;0;570
BEZAR;568;3.07.1958;0;568
FERHA;568;20.04.1962;1;567
DIDARE;567;25.09.1958;0;567
CEMRE;712;18.06.1988;146;566
GULENAY;567;27.08.1975;1;566
MECBURIYE;566;29.02.1964;0;566
VEDA;604;8.05.1977;39;565
GULCIMEN;565;2.05.1971;0;565
DURGUL;567;26.07.1971;3;564
GULACTI;564;2.05.1966;0;564
MENIFE;564;19.06.1967;0;564
GULUS;563;27.05.1962;0;563
GULFIRAZ;563;19.09.1958;0;563
BARIKA;563;2.01.1967;0;563
FASLA;562;19.12.1959;0;562
GURSEN;601;9.05.1964;40;561
UMRIYE;559;7.12.1960;0;559
SIMAY;581;25.11.1984;23;558
HENIFE;558;20.06.1949;0;558
RUHSAR;570;24.12.1958;13;557
CILE;564;2.12.1978;7;557
UVEYS;629;16.02.1959;73;556
NURSEVEN;559;23.02.1974;4;555
GULYAZ;556;13.02.1967;1;555
NESIFE;555;9.11.1966;0;555
KEMALIYE;555;24.08.1965;1;554
MAMURE;554;8.05.1950;0;554
REBIA;552;20.03.1958;0;552
KALBIYE;552;10.07.1966;0;552
BAHTINUR;584;29.12.1974;33;551
VALIDE;550;10.06.1974;0;550
SENAL;858;15.12.1966;309;549
SAFIGUL;549;25.06.1962;0;549
LATIFA;548;10.01.1953;0;548
FEYRUZE;548;16.09.1969;0;548
NURDOGAN;1840;11.09.1968;1293;547
EFSUN;553;29.05.1981;6;547
HULKIYE;547;10.07.1961;0;547
SENNAZ;547;10.05.1969;1;546
FIRDOS;546;14.08.1965;0;546
GULFIKAR;546;21.11.1956;0;546
FATIMI;546;18.01.1948;0;546
GULSEM;545;19.01.1972;0;545
MAZLUME;544;3.12.1955;0;544
ISTEK;593;9.02.1983;50;543
EDEVIYE;540;2.04.1960;0;540
ZERO;541;1.07.1952;3;538
MUNADIYE;537;15.02.1959;0;537
RUKUYE;537;9.09.1959;0;537
BELKISE;537;3.12.1961;0;537
VENHAR;544;28.02.1972;8;536
ANI;542;27.12.1961;7;535
TURKEN;540;17.01.1960;9;531
MESTURE;531;11.12.1950;0;531
ADIKE;531;11.04.1961;0;531
PEMBEGUL;530;30.05.1974;0;530
ILGIN;744;11.07.1981;215;529
RAZ;529;18.06.1956;0;529
OZGU;674;29.04.1982;146;528
SAHNUR;556;18.10.1968;29;527
GULSEV;528;21.07.1971;1;527
GULFEN;528;9.05.1966;2;526
BELKIZA;526;21.01.1967;0;526
MESERRET;526;3.04.1951;0;526
TURCAN;888;8.04.1967;365;523
SITTIYE;521;27.09.1964;0;521
NURBANU;519;15.07.1986;0;519
SURA;531;3.05.1972;13;518
SERPIN;519;7.02.1961;1;518
HANSI;518;24.05.1952;0;518
ZELFI;518;4.01.1965;0;518
ULYA;518;11.08.1964;1;517
GURCI;518;27.08.1959;1;517
REVZETE;517;11.07.1969;0;517
MERGUL;517;26.05.1975;0;517
TERLAN;519;1.01.1960;3;516
GULLUHAN;516;28.09.1966;0;516
HACIKIZ;516;9.05.1959;0;516
SEZGI;604;10.11.1981;89;515
GULINAZ;515;13.10.1956;0;515
NURSIN;594;13.02.1978;80;514
HICAZIYE;514;16.01.1963;0;514
VERDI;580;21.12.1959;67;513
ZUMEYRAN;513;10.07.1969;0;513
LINDA;513;1.02.1977;0;513
EMRA;852;18.12.1981;340;512
FAMILE;512;28.09.1968;0;512
GULFINAZ;512;23.02.1962;0;512
MUYESER;512;5.04.1967;1;511
RATIBE;511;18.01.1957;0;511
NUREN;514;21.08.1961;5;509
PAYAM;510;23.06.1972;1;509
SEDANUR;507;25.02.1984;0;507
MENFIYE;507;11.11.1968;0;507
YASIME;507;2.11.1962;0;507
BERFI;506;17.07.1957;0;506
GULPINAR;506;25.12.1980;0;506
KIMYA;515;8.06.1966;10;505
SEYNUR;520;27.12.1975;16;504
REDIFE;504;5.10.1961;0;504
RAHMA;504;24.05.1961;0;504
DELLE;503;6.06.1965;0;503
VASVIYE;502;29.06.1961;0;502
FERDIYE;501;20.01.1958;0;501
BIRSAN;532;6.07.1964;32;500
GULDAL;515;22.08.1970;15;500
FULDEN;500;15.11.1984;0;500
PERIZAT;500;22.02.1959;0;500
MAKUL;506;13.10.1969;7;499
SERBET;504;2.02.1968;5;499
MARIA;500;1.11.1966;1;499
VERDA;499;14.01.1973;0;499
NAFIYA;499;8.04.1966;0;499
CEMAYNUR;499;23.02.1967;0;499
MUHUBE;498;25.07.1964;1;497
GULUFER;497;20.11.1971;0;497
SEVEN;665;30.06.1977;169;496
SEFANUR;499;11.06.1976;3;496
NAZHANIM;496;1.06.1952;0;496
SUKUFE;495;27.06.1950;0;495
MERZIYE;495;10.09.1959;0;495
MEDIYE;495;6.07.1960;1;494
GULENAZ;495;10.10.1957;1;494
ZALE;494;26.06.1959;0;494
MELEKSAH;528;16.02.1978;35;493
SERA;498;28.02.1982;5;493
MEHRIYE;493;6.06.1958;0;493
OZEL;1500;10.02.1969;1009;491
AGCA;565;11.04.1956;74;491
GULSEMA;491;23.10.1973;0;491
SAIRE;491;4.04.1963;0;491
ASIFE;491;8.02.1961;0;491
GUNAYDIN;1091;1.01.1962;601;490
SEVER;781;4.04.1971;291;490
SUBHAN;578;2.06.1969;88;490
ALYA;490;21.08.1962;0;490
GUNEL;576;29.12.1962;87;489
HELIN;490;5.06.1985;1;489
MERYEMA;489;21.07.1972;0;489
CAN;18343;1.12.1978;17855;488
NURSEFA;524;11.08.1972;36;488
GULCAY;493;23.07.1976;5;488
ILHAME;488;8.07.1957;0;488
HADIME;487;5.02.1962;0;487
FATTUM;487;2.10.1950;0;487
MUSKINAZ;487;2.07.1951;0;487
SEVI;487;15.05.1968;1;486
ZEMZEME;486;9.07.1968;0;486
MUBEYYEN;485;1.01.1959;0;485
BALKIZ;485;14.01.1962;0;485
TAYBE;484;29.01.1961;0;484
NEVREZ;654;2.08.1964;171;483
NEVIDE;483;19.05.1962;0;483
GULLUSAN;483;7.12.1968;0;483
NAZENTE;482;21.06.1960;0;482
SERVI;483;27.02.1950;2;481
NESLISAH;485;26.05.1980;5;480
EMOS;481;25.03.1949;1;480
FATEY;480;18.05.1944;0;480
LEYLAN;480;28.10.1960;0;480
MEYRAM;480;24.10.1966;0;480
SEBIHAT;479;3.09.1961;0;479
AYSEM;479;2.08.1976;2;477
IMMEHAN;477;5.04.1958;0;477
SERHAN;5972;30.2.1979;5496;476
ATIKA;477;1.03.1960;1;476
NAZGUL;476;10.03.1972;0;476
SAHIN;51947;7.09.1970;51473;474
ARAP;3648;13.08.1959;3175;473
ZERGE;473;16.05.1959;0;473
IHSANE;473;23.07.1954;0;473
FIRDEVIS;473;11.10.1964;0;473
ZEFURE;473;21.08.1956;0;473
DERDIYE;472;17.09.1962;0;472
NEZETE;472;4.02.1971;0;472
EMRAH;67884;7.09.1986;67413;471
MAILE;471;29.10.1959;0;471
AKISE;471;17.12.1971;0;471
AFRA;471;17.08.1971;0;471
SEVILCAN;479;26.07.1976;9;470
CANPASA;473;30.03.1954;3;470
EDAVIYE;470;6.11.1958;0;470
MUHABET;471;3.05.1972;3;468
GULVER;468;20.09.1968;0;468
HANGUL;468;27.06.1966;0;468
NEHIRE;468;23.05.1954;0;468
FERYAT;900;28.09.1978;433;467
ZEYNUR;525;12.11.1976;58;467
GULYASAR;471;23.11.1965;4;467
BERFIN;469;30.08.1985;2;467
BEDIRYE;466;15.09.1966;0;466
ADULE;466;5.02.1964;0;466
ISMIYE;466;27.07.1956;0;466
NERIME;466;15.03.1952;0;466
AYINZELIHA;465;27.04.1968;0;465
KEZIK;465;15.03.1954;0;465
SAHANDER;473;24.03.1961;9;464
HACCE;464;30.07.1955;0;464
HATUNCUK;464;15.12.1950;0;464
ULGEN;605;5.03.1971;142;463
SENIHE;463;15.11.1962;0;463
GULADIYE;463;10.11.1968;0;463
IFTADIYE;463;27.01.1956;0;463
BAHTIYE;462;11.08.1956;0;462
NESIHAT;462;3.01.1975;1;461
ZIYNETI;461;12.04.1958;0;461
NARINGUL;461;13.11.1964;0;461
ULFER;465;23.05.1967;5;460
MISKAL;460;20.02.1962;0;460
GULFERI;460;3.07.1958;0;460
HATAYI;472;11.04.1955;13;459
MINA;470;25.03.1970;11;459
ARZUM;469;16.08.1976;10;459
HACIHANIM;459;14.11.1962;0;459
SIDRET;460;19.02.1960;2;458
VUSLAT;491;25.05.1972;35;456
AYNIMAH;456;16.12.1954;0;456
NURSAL;618;14.02.1968;163;455
BILGIYE;455;9.11.1969;0;455
FAIKE;455;20.11.1965;0;455
VATFA;454;4.07.1958;0;454
NURAYET;455;7.11.1967;2;453
AFITAP;454;15.05.1962;1;453
SEBEHAT;453;3.12.1963;0;453
BILOR;461;4.09.1957;9;452
NURSEMA;453;1.06.1977;1;452
DURRIYE;451;5.10.1961;0;451
HEDIBE;450;23.10.1973;0;450
AZZET;452;17.09.1962;3;449
LERZAN;453;14.01.1966;5;448
SEHRISTAN;448;17.08.1976;0;448
BESRAI;448;25.04.1966;0;448
MAFIYE;447;26.05.1961;0;447
KADUN;447;15.04.1954;0;447
PERIZE;446;2.03.1960;0;446
TENZIRE;446;14.06.1970;0;446
SEYRI;446;13.01.1951;0;446
HASI;451;10.03.1955;6;445
HANZADE;450;15.03.1965;5;445
SAYME;445;27.11.1968;0;445
HAZAR;728;21.07.1973;284;444
FERIZAN;474;18.04.1963;30;444
RAYIFE;443;22.01.1964;0;443
MAHFUZE;443;25.03.1970;0;443
EMMUN;443;2.08.1952;0;443
TUBAY;468;6.08.1985;26;442
ESTER;452;14.03.1950;10;442
SILAN;446;24.10.1987;4;442
LULUFER;442;24.09.1968;0;442
SAYAN;481;4.10.1961;40;441
MEBRULE;441;1.12.1959;0;441
SIHEM;441;12.04.1978;1;440
RAILE;440;19.03.1965;0;440
UMMANI;464;15.07.1958;25;439
BENAY;442;11.02.1980;3;439
GARIPSAH;439;29.2.1979;2;437
NIHARI;438;8.09.1966;2;436
HAMSI;435;7.05.1953;0;435
IMOS;435;28.08.1945;0;435
LIMON;436;21.07.1965;2;434
ANNA;434;16.08.1961;0;434
SEN;544;22.11.1954;111;433
AYNO;433;27.02.1949;0;433
LEYMUN;433;20.11.1968;0;433
BAHISE;433;14.03.1959;0;433
ELMAZ;502;10.02.1962;70;432
MINTEHA;432;20.01.1962;0;432
FIRYAZ;432;9.09.1964;0;432
AFIDE;431;22.08.1958;0;431
RUHSEN;523;7.04.1966;93;430
KEMILE;431;4.04.1969;1;430
SEYHAT;493;16.06.1962;64;429
FERRAH;457;28.04.1974;28;429
GULAN;441;23.02.1970;12;429
SEMAM;429;19.04.1965;0;429
HATIKE;429;23.11.1958;0;429
DURRI;439;9.08.1953;11;428
GULUSEN;428;26.12.1964;0;428
NEFIKA;428;1.01.1960;0;428
HAYIRLI;445;22.12.1961;18;427
PARLAK;432;2.08.1954;5;427
HAVLE;426;22.08.1959;0;426
DURANA;426;25.04.1959;0;426
BILGIHAN;735;25.04.1976;310;425
FERGUL;428;9.11.1975;4;424
ZILFINAZ;424;9.08.1956;0;424
NURSEMIN;424;18.11.1980;0;424
BASRIYE;424;9.12.1964;0;424
GULUSUM;423;23.04.1966;0;423
SADAKAT;426;22.08.1954;4;422
INCISER;422;18.04.1960;0;422
GULSERI;422;26.03.1957;0;422
SEDIKA;422;13.08.1966;0;422
MINNET;485;9.01.1960;64;421
AYSEMA;421;24.06.1973;0;421
GAZALE;421;5.05.1964;0;421
SARIBAN;419;14.04.1962;0;419
MUCIZE;419;23.12.1970;0;419
MUZAFFERE;418;7.05.1948;0;418
YEMEN;1053;10.09.1967;637;416
SEYLAN;493;13.03.1970;77;416
MERDANE;426;1.10.1962;10;416
KARAKAS;425;22.10.1964;9;416
NAZ;417;18.07.1981;1;416
FAYIKA;416;20.07.1961;0;416
MAHMURIYE;416;18.11.1956;0;416
AYDIN;81076;30.06.1971;80661;415
UMMUSEN;415;3.11.1965;0;415
SERNAZ;416;13.08.1966;2;414
SIVI;414;10.02.1955;0;414
RIZKIYE;414;27.01.1968;0;414
FEYZAN;437;1.07.1971;24;413
MELIHAN;416;18.01.1963;3;413
HADISE;413;15.06.1962;0;413
BESTI;413;8.01.1954;0;413
EMEK;612;3.02.1980;200;412
HEMI;426;14.06.1956;14;412
SUSEN;412;26.06.1961;0;412
ZUMRAL;412;15.07.1972;0;412
ZIYADE;416;8.02.1960;5;411
GULSIN;412;8.03.1974;1;411
ASU;411;24.12.1980;0;411
MEVLIDIYE;411;7.05.1966;0;411
ILVE;411;2.11.1958;0;411
SECIM;963;7.05.1969;553;410
GOKCEK;422;13.08.1961;12;410
KANIA;410;25.08.1979;0;410
BENAL;526;12.02.1966;117;409
KASIDE;409;9.08.1961;0;409
MUHDIYE;409;4.07.1963;0;409
AFIYE;409;5.08.1962;0;409
HAVVANUR;408;19.04.1984;0;408
FARIKA;408;11.04.1968;0;408
NEVZIYE;408;23.12.1961;0;408
MUKADES;408;23.07.1974;1;407
BADE;408;27.08.1974;1;407
SEMAHA;407;6.02.1969;0;407
NEHIDE;407;28.12.1959;0;407
SAMILE;407;16.02.1961;0;407
SELALE;405;1.02.1976;0;405
FERYAZ;439;17.12.1961;36;403
BILLOR;406;20.08.1957;3;403
NAYILE;403;8.12.1964;0;403
ERGUN;28584;16.01.1972;28183;401
YURDAN;418;7.09.1966;17;401
NASIHAT;402;13.10.1972;1;401
LIBAS;402;5.09.1956;1;401
SEHEM;401;11.12.1966;0;401
CEVALE;401;12.08.1960;0;401
BIRAY;521;18.10.1975;121;400
NIKAR;400;16.11.1958;0;400
FERZAN;611;16.01.1968;212;399
SAZIMENT;400;20.04.1954;1;399
RAMISE;399;3.09.1957;0;399
SISI;399;6.09.1952;0;399
VERDE;399;20.07.1962;0;399
DURDUNAZ;399;23.10.1962;0;399
ADELET;406;3.03.1969;8;398
TUTIYE;399;17.03.1954;1;398
HATIYCE;398;21.09.1963;0;398
IMRAL;518;7.12.1967;121;397
FIRAZ;462;22.05.1964;65;397
HAFURE;397;5.01.1965;0;397
NESLEHAN;397;5.10.1960;0;397
MIRAN;474;28.04.1964;79;395
AYFEL;396;21.08.1965;1;395
NAYLE;395;28.06.1964;0;395
HARBINAZ;395;11.07.1966;0;395
BINGUZEL;395;11.05.1964;1;394
GULENBER;394;24.08.1957;0;394
HAKIYE;394;9.05.1957;0;394
ILKGUL;394;20.09.1975;0;394
SUSENBER;394;14.09.1952;0;394
ASURE;393;13.01.1964;0;393
TARFA;393;9.02.1961;0;393
REVSAN;407;12.11.1977;15;392
ZULFUNAZ;392;2.06.1963;0;392
HAMSA;392;20.04.1957;0;392
MAVISE;392;23.08.1961;0;392
ZUMRA;393;21.06.1981;2;391
SEMIHAT;391;7.10.1961;0;391
LEMA;391;5.07.1964;0;391
NUREL;434;13.01.1966;44;390
TUKEZBAN;390;25.01.1959;0;390
TUTKU;602;19.07.1986;213;389
PULLU;390;17.09.1953;1;389
HAZBIYE;389;20.02.1962;0;389
IKLIMA;389;19.04.1973;0;389
ZUNBUL;389;20.12.1950;0;389
HAZNIYE;388;30.05.1965;0;388
MUKADDIS;388;16.08.1957;0;388
MUSIDE;387;21.06.1960;0;387
ADLA;387;17.05.1957;0;387
BIZAR;387;3.12.1952;1;386
NUTFIYE;386;22.08.1959;0;386
SEVDANUR;386;23.09.1977;0;386
ZURBIYE;385;24.06.1961;0;385
NURDEN;386;15.09.1964;2;384
SERENGUL;383;20.12.1974;0;383
SEVE;383;2.02.1960;0;383
HATIYE;383;29.12.1956;0;383
RACIYE;383;12.07.1957;0;383
BINNAS;384;8.03.1954;2;382
BOSTAN;772;13.05.1958;391;381
HAZAN;393;16.08.1980;12;381
FAHIRE;381;17.01.1953;0;381
KEJI;381;22.04.1956;0;381
SAYMA;380;11.09.1965;0;380
SUADE;380;8.03.1960;0;380
MUNUFE;379;20.08.1965;0;379
SAHRIYE;379;3.08.1963;0;379
KIVILCIM;467;25.06.1980;89;378
ROZA;379;7.02.1965;1;378
FEYIME;378;7.12.1961;0;378
DURDANIYE;378;21.08.1960;0;378
ZALIHA;377;28.05.1969;0;377
HAYRUNISA;377;13.08.1965;0;377
NAZO;377;6.03.1952;1;376
SUNKAR;379;26.09.1962;4;375
MEDIHE;375;25.02.1954;0;375
RAVIYE;375;20.02.1954;0;375
HERDEMCAN;375;27.07.1967;0;375
NURKAN;643;23.03.1974;269;374
ALTINAY;485;12.01.1973;111;374
HULFA;374;10.11.1960;0;374
HIKMETE;374;17.04.1953;0;374
HIDAYE;374;20.04.1957;1;373
SELAHA;373;16.01.1966;0;373
SEYLA;373;8.02.1969;0;373
MAVILI;373;4.07.1960;0;373
MEKKE;401;22.02.1971;29;372
EDANUR;372;19.08.1988;0;372
SEMIN;433;30.08.1970;62;371
BILNAZ;371;3.06.1975;0;371
NARIME;371;13.11.1961;0;371
CISELI;371;24.11.1957;0;371
NARHANIM;371;4.02.1955;0;371
HAVVAANA;369;6.02.1964;0;369
GULEREN;368;12.05.1961;0;368
MUKERREME;368;18.12.1956;0;368
NASIP;1018;26.04.1968;651;367
GUNAL;969;17.06.1961;602;367
SAHISTE;372;15.06.1963;5;367
PERO;371;8.02.1947;4;367
DILFURUZ;367;22.08.1961;0;367
RIME;367;28.02.1962;0;367
BENAZIR;366;25.05.1990;0;366
KONCAGUL;366;28.11.1967;0;366
SEHURE;366;10.12.1953;0;366
SERCIN;421;14.11.1978;56;365
ZULFE;366;4.01.1959;1;365
UMMUSUN;365;14.07.1959;0;365
MISRI;365;7.07.1958;0;365
NEVRES;598;2.12.1957;234;364
MIRCAN;397;2.08.1968;33;364
FERAYI;382;12.12.1966;18;364
BANI;365;2.04.1956;1;364
MELEKE;364;26.11.1951;0;364
AYDAGUL;364;2.09.1974;1;363
SARAYI;363;21.05.1959;0;363
SEMIHE;363;12.04.1960;0;363
SIMIZAR;363;6.12.1954;0;363
SEKIRNAZ;363;17.05.1968;0;363
UNAL;29978;9.05.1971;29616;362
FIRKAT;375;15.03.1954;13;362
SEBAHA;362;7.08.1965;0;362
MUSEBBIYE;362;23.09.1954;0;362
IMMAHAN;362;7.08.1960;0;362
MUSFIKA;361;27.02.1951;0;361
SAYIBE;361;16.02.1961;0;361
ERAY;9830;28.08.1981;9470;360
ZEREN;377;8.10.1976;17;360
FEYHAN;369;13.10.1964;9;360
ORKIDE;360;11.11.1979;0;360
SILVA;360;20.01.1956;0;360
METIYE;359;2.01.1961;0;359
BARIS;45170;3.12.1983;44812;358
AZMIYE;358;16.06.1956;0;358
TANSU;1640;11.09.1979;1283;357
MERIS;358;17.05.1958;1;357
MEYMUNE;357;6.09.1960;0;357
ZARIYE;357;20.10.1958;0;357
NURGUZEL;357;2.03.1974;0;357
UNSAL;5451;4.06.1971;5095;356
ILTER;1480;29.03.1973;1124;356
CUMHURIYET;437;25.05.1971;81;356
SUBHIYE;356;18.12.1957;0;356
ITIR;356;13.05.1980;0;356
ZURIYET;358;19.01.1956;3;355
NADRIYE;355;22.09.1964;0;355
SITI;355;21.11.1959;0;355
NAZIKER;355;2.06.1969;0;355
MELIYE;355;9.04.1960;0;355
YEKTA;1116;11.01.1971;762;354
DURSEL;379;9.07.1967;25;354
YEGANE;355;14.03.1959;1;354
MELAHA;354;8.08.1964;0;354
DILRUBA;354;17.12.1980;0;354
SUSIN;354;20.04.1969;0;354
GEZAL;355;10.08.1963;2;353
EDALET;359;8.08.1954;7;352
NESIHA;352;17.09.1971;0;352
HACAR;355;10.03.1965;4;351
MERHABA;353;13.05.1962;2;351
URFIYE;351;6.03.1960;0;351
KITAN;351;14.07.1958;0;351
YURDAKUL;825;29.05.1961;475;350
SAYIDE;350;15.02.1962;0;350
RIFA;350;27.04.1961;0;350
ZELA;350;10.08.1959;0;350
KARAKIZ;350;19.01.1954;0;350
HAMI;3014;17.06.1964;2665;349
RAHME;349;28.04.1962;0;349
TARIFE;349;3.09.1954;0;349
RENGINAR;350;25.08.1974;2;348
SAHESTE;349;24.09.1962;1;348
BESILE;348;25.03.1965;0;348
FAIDE;348;1.03.1966;0;348
TEKGUL;348;21.03.1974;1;347
RUFIYE;347;8.06.1960;0;347
GULDENUR;347;9.01.1966;1;346
FAZILA;347;26.12.1955;1;346
SUHAM;347;4.09.1967;1;346
VECIYE;346;1.01.1960;0;346
IRINA;346;20.02.1973;0;346
SIDAR;674;12.09.1984;329;345
DONSEL;346;16.09.1977;1;345
LILIFER;345;10.09.1966;0;345
NAZEGUL;345;18.07.1961;0;345
DIREN;514;7.06.1984;170;344
NURSEREN;344;7.11.1961;0;344
MUSADE;348;18.08.1966;5;343
KEVKEP;348;12.03.1966;5;343
BERFO;343;18.02.1957;0;343
ZEYNO;374;10.11.1960;32;342
ZEKAVET;358;7.04.1955;16;342
FIKRAN;352;23.01.1964;10;342
FATIMANA;342;2.05.1960;0;342
ESVET;691;14.11.1968;350;341
SUSLU;385;18.04.1967;44;341
ILAY;356;11.11.1985;15;341
PERMIN;341;30.06.1968;0;341
KABIRE;341;3.03.1958;0;341
LALIZAR;341;15.11.1951;0;341
SELFET;592;9.08.1963;252;340
AYGEN;406;15.11.1971;66;340
CANSEN;355;27.12.1965;15;340
AMBER;350;8.01.1970;10;340
MEVRA;346;1.11.1984;6;340
GUZUN;340;24.05.1964;0;340
ZENNUBE;340;14.02.1961;0;340
GOZI;339;1.11.1954;0;339
SAMIRA;339;17.04.1974;0;339
MIREM;339;13.10.1955;0;339
HARIYE;339;16.05.1956;0;339
NEVZER;343;12.10.1956;5;338
FAKIYE;338;24.11.1959;0;338
OYLUM;337;17.12.1982;0;337
SEMRAY;337;26.04.1970;0;337
SEVILE;337;26.08.1969;0;337
VERDEK;337;19.03.1962;0;337
SAIZE;337;27.01.1966;0;337
YAKUT;416;21.11.1967;80;336
SEDAKAT;344;26.12.1958;8;336
KIBRIYA;339;8.09.1959;3;336
NIMETI;339;21.05.1956;3;336
NATALIA;336;15.04.1976;0;336
MARYAM;336;20.02.1945;0;336
SETENAY;336;2.12.1983;1;335
RUHANE;335;6.07.1965;0;335
FIDASE;335;4.12.1962;0;335
HAVVALI;335;2.06.1957;0;335
MAZEZ;334;15.12.1963;0;334
SULEYBE;334;17.03.1958;0;334
RAHIM;7371;18.01.1964;7038;333
SAFET;1305;13.03.1964;972;333
ZUHEYLA;333;27.09.1972;0;333
SEHRIBANI;333;25.07.1959;0;333
SUHBET;334;30.01.1969;2;332
NAZLIGUL;332;15.06.1974;0;332
GURCIYE;332;14.06.1961;0;332
BIRDAL;815;9.06.1976;484;331
AZER;513;18.07.1978;182;331
GULENDAN;331;28.11.1963;0;331
SEHERGUL;331;16.08.1963;0;331
SAMIHA;331;4.06.1957;0;331
GURAY;4839;23.10.1975;4509;330
ILHAM;1172;10.04.1972;842;330
BADEM;340;25.01.1965;10;330
MERYEME;330;20.06.1971;0;330
GULBANI;330;20.06.1961;0;330
GULFIDE;330;15.12.1956;0;330
SEFAAT;392;19.05.1974;63;329
FAYIME;329;10.06.1970;0;329
GULZAR;329;2.03.1949;0;329
MUCESSEM;328;10.02.1955;0;328
SEVGINAZ;328;11.07.1968;0;328
RASIYE;328;3.10.1958;0;328
SEMRAL;336;6.07.1965;9;327
SINE;329;1.10.1964;2;327
REVSI;327;6.04.1952;0;327
ALIS;668;19.12.1957;342;326
SURME;327;22.06.1959;1;326
ZEDEF;327;16.01.1961;1;326
SELAY;333;12.09.1983;8;325
BERFU;328;9.05.1983;3;325
SAFIA;325;13.04.1975;0;325
SUHEYLE;324;12.06.1969;0;324
IRFANIYE;324;3.08.1957;0;324
MUKIME;324;30.2.1952;0;324
TERCAN;729;3.02.1972;406;323
NEVCIVAN;387;26.08.1957;64;323
GULAYDIN;384;20.06.1962;61;323
SERFIRAZ;346;3.09.1953;23;323
CILEK;323;11.04.1980;0;323
JANET;323;3.06.1958;0;323
HACIR;332;28.07.1969;10;322
SELVIN;327;4.01.1977;5;322
BEGI;343;2.10.1945;22;321
FILIS;322;15.01.1970;1;321
NASRA;321;8.01.1966;0;321
NECILE;321;1.04.1958;0;321
ASALET;421;17.12.1971;101;320
SERVIN;327;13.09.1970;7;320
MARAL;325;8.11.1969;5;320
SABHA;320;16.02.1960;0;320
BEHTIYE;320;23.10.1957;0;320
ADELI;320;14.07.1962;0;320
GILMAN;329;14.02.1957;10;319
SELFIRAZ;319;15.04.1957;0;319
ZINE;319;15.01.1962;0;319
RUHSAN;364;19.02.1967;46;318
GULOREN;318;11.11.1955;0;318
ZULEYHAN;318;17.10.1977;0;318
DURSUNIYE;318;18.01.1968;0;318
PIRIL;318;1.12.1978;0;318
SVETLANA;318;23.03.1972;0;318
BEYAN;331;11.11.1964;14;317
SEVDAGUL;317;23.07.1976;0;317
SEVIME;317;11.01.1958;0;317
ULBIYE;317;22.06.1964;0;317
BILGINUR;316;23.01.1967;0;316
KIBARE;316;15.10.1954;0;316
HAKIBAR;316;17.08.1959;0;316
SUHEYDA;318;14.02.1971;3;315
HATCE;315;21.10.1955;0;315
ANTIKE;315;22.12.1970;0;315
DILFIRAZ;314;24.12.1956;0;314
AYSEFATMA;314;11.10.1959;0;314
DURKIZ;314;19.05.1955;0;314
NADIR;14380;10.10.1965;14067;313
UMMEHANI;313;15.08.1955;0;313
AZBIYE;313;29.06.1955;0;313
ZILHA;313;2.02.1957;0;313
HAZNI;708;26.09.1960;396;312
TEVRIZ;324;19.09.1959;12;312
MUKADER;318;22.06.1974;6;312
SAHENDER;314;19.02.1955;2;312
FAHRUNNISA;312;11.10.1952;0;312
GULKADIN;312;7.04.1957;0;312
ILKER;29213;17.12.1979;28902;311
CIHANGUL;317;27.03.1968;6;311
GULSIME;311;23.06.1973;0;311
GULDEMET;311;23.08.1977;0;311
NESRA;311;29.12.1978;0;311
DIBA;311;10.05.1976;0;311
DILAVER;6294;20.06.1966;5984;310
ARABI;367;4.12.1955;57;310
MUNUBE;310;4.04.1963;0;310
SUNIYE;310;2.08.1962;0;310
BEYBUN;310;15.12.1967;0;310
SOSIN;313;2.04.1965;4;309
MUZEHER;312;12.06.1963;3;309
LETAFET;311;1.11.1951;2;309
FATO;309;16.12.1947;0;309
GULFATMA;309;30.09.1960;0;309
DONDUYE;309;2.04.1958;0;309
RIVAYET;317;10.04.1958;9;308
MEHRINAZ;308;2.02.1961;0;308
REFIKE;308;2.08.1962;0;308
RAIME;308;18.10.1961;0;308
LEFIKA;308;27.01.1962;0;308
PURUZE;308;4.06.1960;0;308
MEYREMA;308;3.12.1972;0;308
HAFI;348;14.05.1948;41;307
DILDAR;336;3.08.1961;29;307
ANBER;320;29.04.1962;13;307
HADRE;307;26.07.1963;0;307
REBIHA;307;9.03.1967;0;307
FERAHI;352;29.04.1961;46;306
ZEBIDE;306;28.01.1971;0;306
DILIF;306;2.09.1954;0;306
NESMIYE;306;1.10.1968;0;306
SEVGINUR;306;11.03.1972;0;306
BELKIZAR;306;23.04.1964;0;306
ZERBAP;306;8.07.1952;0;306
ZINNUR;826;22.08.1969;521;305
SEMINUR;306;11.01.1967;1;305
MUSLIMAT;305;13.05.1956;0;305
HEZAR;305;1.07.1963;0;305
NESIL;384;30.07.1978;80;304
SITEM;338;4.08.1982;34;304
AYSIM;304;3.10.1975;0;304
NEBEHAT;304;18.03.1965;0;304
INZILE;304;23.09.1964;0;304
SUDE;304;25.08.1968;0;304
SEVKINAZ;304;5.10.1957;0;304
HATIRA;318;30.04.1973;15;303
HUMAYUN;308;7.06.1953;5;303
DILBAR;304;8.08.1960;1;303
MARIFE;304;23.08.1963;1;303
UZEYME;304;20.08.1957;1;303
DIVAN;335;11.02.1968;33;302
BILCAN;323;14.10.1979;21;302
IMAHAN;302;2.11.1963;0;302
GUNSER;314;3.02.1954;13;301
SEMIHAN;302;20.12.1967;1;301
HICRIYE;301;15.03.1956;0;301
NEVRESTE;301;6.10.1955;0;301
HEDI;316;24.08.1950;16;300
HATICA;300;2.12.1949;0;300
HUBRIYE;299;11.05.1958;0;299
MEYSE;299;17.06.1958;0;299
LEMIA;299;9.06.1965;0;299
ESIYE;299;22.01.1968;0;299
TATIANA;299;24.03.1974;0;299
GULGULE;298;27.08.1956;0;298
ZEYNET;347;1.12.1964;50;297
SIHAM;299;25.04.1971;2;297
MUSEMMA;299;2.02.1970;2;297
SUVEYDA;297;4.04.1968;0;297
HEDLA;297;20.06.1967;0;297
FERICE;297;4.09.1960;0;297
RESADIYE;297;9.11.1960;0;297
ANIFE;297;4.03.1961;0;297
GOKCAN;604;17.09.1976;308;296
ASKIM;408;20.08.1975;112;296
LIMAN;406;23.09.1960;110;296
SELIMA;297;19.12.1968;1;296
MEHIBE;296;10.04.1965;0;296
HINAR;296;18.03.1966;0;296
AZRA;299;20.04.1978;4;295
IDA;297;16.12.1963;2;295
GULLUNAZ;295;7.09.1960;0;295
NILDA;295;4.03.1981;0;295
NIGER;295;9.02.1966;0;295
FIRDEVSI;341;19.11.1962;47;294
DURU;332;29.06.1963;38;294
ZEHRE;294;26.02.1955;0;294
NADYA;294;13.07.1962;0;294
SAFINUR;294;23.01.1967;0;294
NARGUZEL;294;26.10.1961;0;294
SERTAP;316;27.08.1977;23;293
SIRINI;293;29.06.1958;0;293
EMIN;65770;5.05.1964;65478;292
OZGECAN;320;5.09.1986;28;292
VEZIRI;292;22.02.1956;0;292
FAZIYE;292;4.09.1959;0;292
MAVER;291;5.01.1965;0;291
TALIN;291;5.08.1971;0;291
MURIDE;291;12.03.1958;0;291
NASIHA;291;10.04.1964;1;290
HURMA;290;19.12.1961;0;290
TERFA;290;24.03.1972;0;290
ISMETE;290;25.10.1951;0;290
LEYLIFER;290;10.05.1958;0;290
RAHMET;376;6.10.1979;87;289
GULISE;289;30.12.1968;0;289
SAFA;2272;20.10.1975;1984;288
SAHRIBAN;288;26.05.1967;0;288
ALMAS;288;7.10.1961;0;288
GULUNAZ;288;26.03.1962;0;288
DURSUNHATUN;288;26.09.1958;0;288
ZEMZEMA;288;8.10.1970;0;288
MARZIYA;287;19.08.1964;0;287
MINCIYE;287;27.01.1959;0;287
SERFE;287;11.10.1962;0;287
ATLAS;291;20.04.1963;5;286
TURCIHAN;289;13.02.1962;3;286
ASLIGUL;286;16.06.1977;0;286
GANIYE;286;26.03.1959;0;286
MUBAHAT;290;23.07.1953;5;285
SAHIYE;285;28.06.1963;0;285
HUKMIYE;285;28.01.1964;0;285
ZEZI;285;25.01.1952;0;285
AFIRE;285;9.02.1962;0;285
BILHAN;530;9.02.1972;246;284
SEFKAT;316;6.07.1959;32;284
TEKMIL;293;7.03.1962;9;284
HALENUR;284;1.01.1979;0;284
ELMAZIYE;284;25.03.1963;0;284
BIRHAN;806;12.03.1975;523;283
GEVRIYE;464;9.05.1962;181;283
KIFAYE;283;7.11.1954;0;283
UMUGULSUM;283;30.04.1960;0;283
HASHATUN;283;9.01.1955;0;283
SONYA;282;11.02.1977;0;282
SAYIMA;282;15.10.1964;0;282
SAHAVET;283;7.09.1953;2;281
NABAHAT;281;29.08.1969;0;281
EMANET;455;17.06.1968;175;280
OZDE;289;5.01.1987;9;280
EFIL;287;27.07.1968;7;280
SUAL;286;9.12.1968;6;280
SURET;286;11.01.1963;6;280
AYMELEK;281;5.10.1958;1;280
RIFKIYE;280;22.03.1953;0;280
ZULALE;280;17.10.1953;0;280
MELAHET;280;28.09.1952;0;280
FINCI;280;29.12.1951;0;280
MUHTESEM;728;10.08.1968;449;279
SALATIN;298;18.07.1949;19;279
PEYMAN;289;29.11.1963;10;279
HESIBE;279;15.05.1961;0;279
EMISEN;279;9.04.1953;0;279
DELALI;296;18.09.1957;18;278
EMIRZADE;284;1.02.1953;6;278
GULLUSAH;278;13.02.1971;0;278
GALIBE;278;22.05.1965;0;278
SEYRO;278;24.02.1950;0;278
ESNA;277;5.07.1971;0;277
RINDIYE;277;15.04.1970;0;277
HEMIDE;277;4.08.1958;0;277
SUBIYE;276;8.02.1959;0;276
MAHFUZA;276;15.04.1974;0;276
LEMYE;276;20.04.1957;0;276
UMUSUN;276;3.12.1961;0;276
MAHIZAR;276;12.01.1957;0;276
TAMARA;276;19.07.1964;0;276
ZULFIKAR;3950;27.05.1968;3675;275
DOLUNAY;334;7.08.1978;59;275
CANSET;286;27.12.1972;11;275
SEVIDE;275;27.02.1966;0;275
MUAZZES;275;19.04.1967;0;275
SEMIYA;275;23.01.1969;0;275
VELIME;275;7.01.1970;0;275
FETIHA;274;19.11.1962;0;274
SADIME;274;3.09.1961;0;274
FIKRINAZ;274;20.01.1956;0;274
RUHINAZ;274;4.04.1956;0;274
PERUZA;274;6.02.1957;0;274
AYSENA;274;29.10.1954;0;274
TURAN;43884;26.12.1966;43611;273
SENAR;898;22.10.1974;625;273
FERZI;441;18.04.1961;168;273
SEHA;353;30.06.1976;80;273
HAYRET;334;17.10.1959;61;273
SEHZADE;307;25.12.1961;34;273
NASIFE;273;6.06.1966;0;273
PIROZ;273;29.01.1962;0;273
GULEBE;273;24.09.1960;0;273
KAMIRAN;500;24.04.1958;228;272
BERLIN;276;2.07.1972;4;272
ELIFHAN;272;13.08.1963;0;272
UMUHAN;272;2.06.1959;0;272
KIZYETER;272;24.05.1956;0;272
SATIFE;272;5.04.1962;0;272
OZLER;424;14.07.1973;153;271
KUDURET;361;16.02.1967;90;271
HASSI;278;13.05.1955;7;271
KIZHANIM;271;15.09.1949;0;271
NAYME;271;12.04.1967;0;271
BEHRA;271;26.09.1956;0;271
DERDI;271;17.12.1944;0;271
IFET;271;22.09.1964;1;270
ELMA;271;18.08.1967;1;270
PENBEGUL;269;15.05.1963;0;269
HANISE;269;18.10.1961;0;269
RABIS;269;3.09.1951;0;269
MEYMENET;269;21.07.1961;0;269
EMIRAYSE;269;3.05.1952;0;269
CANAY;361;23.11.1975;93;268
SIDDI;269;21.02.1961;1;268
HAFIDE;268;7.10.1960;0;268
TEFARIK;268;28.12.1952;0;268
ELFIYE;268;22.04.1960;0;268
SIBER;270;20.12.1971;3;267
SEHRA;267;18.11.1967;0;267
ESRANUR;267;5.09.1986;0;267
NUTIYE;267;23.01.1961;0;267
HASNA;267;30.08.1945;0;267
MENCE;267;3.11.1959;0;267
AYNULHAYAT;267;5.08.1964;0;267
MERIYE;267;10.11.1960;0;267
SIMLA;267;20.02.1981;0;267
SADELI;267;9.11.1958;0;267
SEZAN;298;29.06.1970;32;266
GULERMAN;277;13.04.1965;11;266
SERIHAN;270;6.03.1969;4;266
ISMUHAN;267;22.10.1954;1;266
SAHER;267;15.10.1949;1;266
NURPER;266;14.09.1969;0;266
LAYIKA;266;8.11.1961;0;266
FERIK;521;13.03.1959;256;265
CANSIN;484;22.02.1986;219;265
GOKNIL;270;18.03.1980;5;265
FIDAYE;265;13.03.1955;0;265
KERZIK;265;17.02.1956;0;265
GULFIZE;265;23.06.1961;0;265
RUCHAN;590;10.06.1970;326;264
KAYSER;285;5.04.1971;21;264
GULTAC;274;28.09.1975;10;264
GULDER;265;19.07.1967;1;264
SERMIYE;264;29.09.1964;0;264
YAZE;264;19.07.1963;0;264
SAMRA;264;30.09.1958;0;264
SARYA;264;11.03.1968;0;264
NARI;268;17.09.1954;5;263
BENGISU;266;19.01.1985;3;263
MEYMO;263;30.01.1954;0;263
NECVA;263;22.02.1970;0;263
SARIYA;263;11.10.1967;0;263
TUTYA;263;13.11.1956;0;263
NURCAY;271;13.04.1974;9;262
MEYLI;268;14.09.1962;6;262
SELAHAT;267;11.10.1974;5;262
ASILE;262;23.11.1969;0;262
SULEYLA;262;12.06.1971;0;262
KELSUME;262;17.03.1975;0;262
ZEHIYE;262;15.04.1965;0;262
SEHAVET;262;23.01.1949;0;262
BAYSE;262;10.11.1964;0;262
HAMAYIL;262;15.08.1963;0;262
GOKMEN;7535;7.09.1979;7274;261
DINAR;357;11.09.1976;96;261
HURIHAN;261;19.11.1962;0;261
YURDUSEN;300;8.05.1964;40;260
VEZIHA;260;8.10.1963;0;260
HAMIRE;260;4.09.1957;0;260
MURUFET;260;18.02.1964;0;260
DURSUNA;260;13.07.1954;0;260
RUKUS;260;10.01.1946;0;260
HOSNE;260;13.08.1955;0;260
INANC;1423;12.08.1982;1164;259
NESLIN;261;1.01.1978;2;259
KINALI;260;6.03.1959;1;259
IFAGAT;259;15.08.1961;0;259
ZAYDE;259;26.08.1963;0;259
LALI;259;7.06.1952;0;259
NAZE;259;19.03.1957;0;259
ELFIDAN;259;9.11.1965;0;259
ESREF;20011;20.04.1966;19753;258
BEYTUL;424;21.07.1976;166;258
GOCER;278;1.08.1961;20;258
BEYDA;259;15.08.1978;1;258
NURSIDE;258;16.04.1970;0;258
SELMIYE;258;9.09.1962;0;258
HANUME;258;28.12.1957;0;258
PORSOR;258;3.03.1958;0;258
ERCAN;86799;24.04.1979;86542;257
FETANET;269;19.05.1956;12;257
EMSEL;259;28.08.1961;2;257
NESLIGUL;257;20.05.1977;0;257
ZAHIR;2721;25.03.1967;2465;256
RISALET;322;4.03.1961;66;256
CANI;271;12.12.1963;15;256
TACISER;258;27.08.1961;2;256
ZEHER;258;15.11.1959;2;256
EYSE;257;2.02.1959;1;256
PAPATYA;256;19.09.1975;0;256
AYPERI;256;12.11.1970;0;256
CURIYE;256;4.12.1969;0;256
YESIL;357;28.04.1974;102;255
GULCEN;257;19.06.1968;2;255
SAHILE;256;4.12.1967;1;255
GULBIYAZ;255;11.02.1960;0;255
MOHTEBER;255;7.01.1964;0;255
YETARE;255;7.01.1959;0;255
SEBIL;279;21.03.1980;25;254
ITIBAR;257;2.06.1960;3;254
SAHSIYE;254;20.01.1958;0;254
KANIMET;257;12.02.1961;4;253
MUSEREF;256;25.01.1969;3;253
GULENDEN;253;10.05.1964;0;253
ASRIYE;253;26.11.1962;0;253
RETIBE;253;22.08.1959;0;253
BEHICAN;254;18.06.1971;2;252
GULYA;252;29.02.1972;0;252
MUHRIBAN;252;1.07.1973;0;252
SAMIA;252;8.02.1964;0;252
SEVDAG;252;27.10.1977;0;252
SELVARE;252;7.02.1956;0;252
MECIDIYE;252;13.12.1956;0;252
SIDDIK;9188;3.08.1964;8937;251
TAVUS;253;14.06.1958;2;251
ZIBA;251;22.05.1958;0;251
NEVSE;251;17.12.1963;0;251
URKE;251;16.04.1950;0;251
GURBUZ;6666;24.11.1967;6416;250
SERAL;304;15.09.1975;54;250
BIRGUN;291;8.01.1970;41;250
DILEM;251;10.08.1987;1;250
KARIN;251;12.11.1974;1;250
MAHMUDIYE;251;14.09.1959;1;250
SEMIRAN;250;15.05.1966;0;250
VETFA;250;27.10.1967;0;250
BELIZ;250;2.01.1983;0;250
AGAVNI;250;7.11.1946;0;250
SEYIT;24541;28.11.1964;24292;249
ZEYNE;253;29.07.1961;4;249
HAZARI;250;13.05.1954;1;249
EZIME;249;19.04.1959;0;249
TUCE;249;29.05.1988;0;249
ILVAN;387;27.03.1968;139;248
RASEL;248;14.08.1947;0;248
NACAR;260;10.12.1955;13;247
YUZGUL;248;17.06.1980;1;247
TEYYIBE;247;14.12.1959;0;247
ASSIYA;247;13.11.1964;0;247
FERAHDIBA;247;30.12.1972;0;247
NECLE;247;7.12.1964;0;247
TASIA;247;17.03.1966;0;247
NAZIKTER;247;25.01.1954;0;247
ZUBUDE;247;17.01.1962;0;247
SALIHAN;247;25.05.1968;1;246
KIBRA;246;23.04.1965;0;246
MULAYIM;1491;28.12.1962;1246;245
ULKUYE;245;23.10.1970;0;245
GULSELI;245;20.09.1964;0;245
HAVANUR;245;2.08.1981;0;245
NAHILE;245;20.06.1965;0;245
SAPHA;245;27.02.1960;0;245
HOSNAZ;245;28.02.1957;0;245
ARDA;4015;26.06.1983;3771;244
OVGU;273;10.09.1984;29;244
GULNIGAR;244;11.10.1967;0;244
ESMIHAN;244;29.08.1969;0;244
HAMSIYE;244;3.11.1963;0;244
HAMISE;244;10.07.1963;0;244
VECHIYE;244;28.05.1953;0;244
MUMTAZE;244;26.10.1953;0;244
EMLIK;244;28.03.1957;0;244
CUMA;39703;8.02.1966;39460;243
MERAY;256;28.06.1975;13;243
MENES;245;25.02.1959;2;243
AYCE;244;2.07.1973;1;243
NAKIHAN;244;3.09.1967;1;243
DILSAN;243;25.02.1966;0;243
NURIBAN;243;15.01.1966;0;243
BIRKAN;2893;15.01.1981;2651;242
RUSAN;1176;10.06.1964;934;242
SECGIN;619;2.11.1972;377;242
FERIZAT;244;30.03.1959;2;242
DURI;244;4.04.1955;2;242
TAMASA;243;19.05.1947;1;242
SITDIKA;242;18.07.1958;0;242
MINES;243;4.07.1954;2;241
AYSEMIN;241;15.07.1978;0;241
DELILA;241;3.07.1970;0;241
PAMBUK;241;30.05.1958;0;241
SERAN;286;29.10.1975;46;240
GULUN;255;10.03.1971;15;240
IFTADE;249;24.04.1958;9;240
TURUNC;246;26.07.1962;6;240
NAIMA;241;4.08.1962;1;240
BILDANE;240;28.07.1978;0;240
RENGUL;240;20.11.1968;0;240
RINDE;240;12.03.1964;0;240
NENE;240;6.11.1950;0;240
HURDES;240;14.12.1962;0;240
INCE;295;26.01.1962;56;239
REYYAN;251;4.09.1983;12;239
BENNUR;250;13.10.1975;11;239
SEVILEN;245;13.02.1975;6;239
MEHBUP;243;15.07.1960;4;239
GUZUDE;239;15.12.1963;0;239
AZIZA;239;17.09.1965;0;239
NEZIHET;239;4.06.1963;0;239
HINDIYE;239;28.05.1956;0;239
MARINA;239;20.01.1973;0;239
SAZER;239;21.07.1958;0;239
UMMUSU;239;5.06.1963;0;239
HUNER;319;8.01.1970;81;238
MURFET;249;20.10.1963;11;238
BIRCE;241;28.10.1985;3;238
TANGUL;240;23.05.1967;2;238
AYNA;238;5.02.1953;0;238
GULHADIYE;238;15.12.1958;0;238
FEDVA;238;11.06.1968;0;238
ZIVER;1985;2.11.1967;1748;237
DILARE;238;15.07.1971;1;237
GULISAH;238;23.12.1975;1;237
FEHIMA;237;1.06.1966;0;237
KERZI;237;24.03.1958;0;237
ENDEM;254;15.01.1966;18;236
HIYAL;239;30.07.1963;3;236
SIRINSAH;236;8.06.1963;0;236
SERDAL;16570;2.10.1979;16335;235
MUNASIP;285;25.03.1975;50;235
FERASET;270;9.05.1959;35;235
RUSKAT;241;28.02.1968;6;235
GUNIZ;239;27.03.1971;4;235
SATIGUL;235;9.09.1976;0;235
GUZEYDE;235;15.09.1959;0;235
SAHZENE;235;20.06.1955;0;235
BINAY;277;7.05.1966;43;234
HAVER;250;18.07.1961;16;234
SONGUN;237;28.10.1971;3;234
HEKIME;234;19.11.1971;0;234
PORTAKAL;234;24.03.1962;0;234
TASVIR;234;17.01.1954;0;234
MEFTUN;883;22.08.1972;650;233
NEZAT;252;11.11.1960;19;233
GULENDE;233;9.04.1965;0;233
FATTUMA;233;2.05.1952;0;233
AYDENIZ;348;26.01.1975;116;232
FIYET;233;5.02.1963;1;232
YUMMA;232;14.12.1955;0;232
HAMAMI;232;7.05.1956;0;232
MESHUDE;232;21.11.1961;0;232
NOFE;232;3.08.1956;0;232
HILVA;232;15.04.1961;0;232
KAHLE;232;26.05.1954;0;232
MUBERRAH;232;9.01.1957;0;232
NURIFE;232;5.01.1958;0;232
VEFA;1680;9.08.1975;1449;231
ROJBIN;241;26.02.1986;10;231
ENGUL;240;17.02.1970;9;231
PEYAM;232;29.10.1974;1;231
NAIFE;231;30.11.1964;0;231
MESHURE;231;4.09.1959;0;231
TANYA;231;12.12.1975;0;231
GULSEREF;231;1.09.1958;0;231
DEGER;478;24.07.1976;248;230
ECEHAN;246;3.08.1983;16;230
ISMIGUZEL;237;28.09.1960;7;230
HUDE;231;4.09.1979;1;230
MUHIDE;230;3.04.1961;0;230
BINAZ;230;8.09.1966;0;230
ANZELIHA;230;24.03.1967;0;230
RUHUGUL;230;16.10.1961;0;230
AYLE;230;26.11.1969;0;230
NAFISE;230;6.12.1968;0;230
BERIKA;230;26.08.1966;0;230
MERGUBE;230;17.08.1956;0;230
SERIKE;230;22.01.1950;0;230
AYNZELIHA;230;6.08.1972;0;230
HEDO;232;12.01.1950;3;229
REHSAN;231;22.12.1980;2;229
TEZGUL;230;11.11.1973;1;229
TAIBE;229;30.10.1963;0;229
CEYLA;229;15.04.1976;0;229
FAHIME;229;23.11.1967;0;229
SAHZIYE;229;1.07.1953;0;229
HAVVAGUL;229;23.11.1974;0;229
GULFUZ;229;8.03.1955;0;229
SEBLA;229;25.04.1981;0;229
HANPERI;229;4.09.1956;0;229
SEYDI;7832;5.06.1965;7604;228
OZUM;261;22.03.1986;33;228
ERDIHAN;243;3.02.1974;15;228
HAMSE;228;15.12.1958;0;228
EGE;595;26.05.1983;368;227
SUREYYE;239;7.10.1968;12;227
HAYEL;229;2.12.1977;2;227
FARHA;229;10.12.1952;2;227
ZULAY;227;28.12.1973;0;227
FAKIDE;227;14.10.1965;0;227
ANA;227;9.02.1961;0;227
GULSABAH;227;1.04.1967;0;227
CAIDE;227;15.04.1963;0;227
REGAIP;624;28.10.1975;398;226
RUHAT;367;2.10.1964;141;226
GOKSUN;354;3.12.1980;128;226
UVEYIS;262;22.02.1958;36;226
REHAN;241;28.10.1961;15;226
HUZEYME;228;15.04.1966;2;226
BESRIYE;226;11.12.1969;0;226
KEMALE;226;5.11.1956;0;226
ELIZ;226;4.11.1976;0;226
REBIS;226;27.08.1954;0;226
KURTULUS;4449;30.09.1975;4224;225
BURCE;230;4.11.1984;5;225
DANIYE;228;23.10.1955;3;225
BILNUR;227;16.03.1975;2;225
SISE;226;20.07.1949;1;225
NAZEY;225;28.09.1956;0;225
ZEYNIYE;225;25.08.1959;0;225
IHTIBAR;225;30.10.1963;0;225
EHLINAZ;225;25.06.1956;0;225
MELEHE;225;29.10.1959;0;225
EMRAN;434;3.04.1976;210;224
GULDOGAN;272;6.12.1965;48;224
TEBERIK;227;28.02.1962;3;224
ATIYA;226;4.12.1962;2;224
SELME;225;3.01.1964;1;224
KOPUK;225;13.05.1956;1;224
HEMENGUL;224;29.03.1968;0;224
MINADIYE;224;11.05.1964;0;224
SEVIMGUL;224;18.04.1966;0;224
SANIHA;224;16.03.1963;0;224
ADIYE;224;15.11.1958;0;224
AHIZER;224;12.01.1965;0;224
NILCAN;224;27.11.1981;0;224
GULLALE;224;26.11.1964;0;224
AYLAN;239;20.05.1968;16;223
LALEHAN;223;3.06.1972;0;223
SEFANIYE;223;27.06.1959;0;223
RUKYETE;223;4.07.1976;0;223
HAVUS;223;1.09.1951;0;223
SEKHA;223;14.08.1967;0;223
MEVSIM;243;27.05.1980;21;222
HAVLA;222;11.05.1962;0;222
FADIS;222;19.01.1960;0;222
GULDANIYE;222;30.2.1961;0;222
FERDANIYE;222;30.06.1957;0;222
PERDANE;222;6.05.1959;0;222
ARZUHAN;225;2.06.1977;4;221
MARIYA;221;15.06.1967;0;221
SABUHA;221;29.03.1982;0;221
HUSNU;25436;27.07.1961;25216;220
NURVET;238;19.05.1968;18;220
ZUMRE;232;25.11.1970;12;220
IMGE;224;3.07.1986;4;220
ZATINUR;223;25.02.1962;3;220
GUFER;222;12.06.1964;2;220
HANSA;220;26.03.1966;0;220
KAZIBE;220;19.11.1957;0;220
RAHIMA;220;27.10.1959;0;220
MUSELMA;220;19.02.1974;0;220
MIYASA;219;17.01.1962;0;219
MELICE;219;4.08.1966;0;219
LALES;219;19.06.1982;0;219
MULKUNAZ;219;8.10.1965;0;219
SERIFNAZ;219;16.02.1954;0;219
SEFADE;219;3.06.1957;0;219
BERGEN;221;9.02.1989;3;218
NURSEVIM;218;9.02.1972;0;218
RABIE;218;8.10.1958;0;218
GULTANE;218;3.11.1962;0;218
NALIN;218;7.09.1987;0;218
GOVERCIN;218;28.06.1965;0;218
MERI;258;22.06.1962;41;217
NURSELIN;223;19.01.1977;6;217
RESAN;222;4.05.1975;5;217
TAVUZ;218;14.11.1959;1;217
SABILE;217;14.04.1961;0;217
HUZNA;217;27.06.1964;0;217
REDDE;217;16.08.1962;0;217
MIRYEM;217;30.09.1957;0;217
KISMIS;217;13.06.1964;0;217
BEDRI;9133;23.06.1964;8917;216
BELDA;223;21.02.1979;7;216
NURFER;220;5.04.1968;4;216
INCIGUL;216;6.11.1973;0;216
TAHIDE;216;23.10.1964;0;216
SULFIYE;216;1.07.1957;0;216
HACERA;216;21.06.1971;0;216
SEVIKE;216;14.07.1963;0;216
SELMINAZ;216;28.01.1960;0;216
NERGUZEL;216;1.11.1958;0;216
RITA;216;22.08.1961;0;216
MEMNUNIYE;216;23.01.1961;0;216
SAIZER;216;20.01.1966;0;216
ZEHURE;216;2.10.1956;0;216
HAMIYYET;216;29.09.1957;0;216
KIZBES;216;26.09.1952;0;216
CAMIYE;216;25.04.1978;0;216
AYTUN;566;16.05.1972;351;215
INTIZAR;216;2.06.1964;1;215
GEYIK;215;16.08.1955;0;215
EBIDE;215;21.05.1963;0;215
MUTIYE;215;3.08.1960;0;215
KAZIBAN;215;14.02.1963;0;215
ONAY;622;14.10.1973;408;214
SABAHNUR;215;22.08.1974;1;214
SULTANIYE;214;8.04.1960;0;214
ZUMRUYE;214;24.02.1961;0;214
SEBEHE;214;19.08.1954;0;214
ERSEN;3904;27.06.1976;3691;213
FERMAN;2729;30.07.1969;2516;213
NUZHET;391;7.03.1953;178;213
SURUYE;224;20.04.1959;11;213
NESRIYE;213;27.01.1969;0;213
ZENNURIYE;213;7.06.1962;0;213
NURSABAH;213;3.01.1967;0;213
SELDAG;213;6.06.1974;0;213
KATIFE;213;7.09.1952;0;213
ARIFIYE;213;28.01.1965;0;213
URKUYA;213;27.02.1962;0;213
SAMAMA;213;1.06.1951;0;213
DINDAR;995;11.12.1971;783;212
OZBEN;286;6.02.1980;74;212
SEVAY;216;28.05.1974;4;212
SELVE;214;9.02.1969;2;212
MINTA;212;9.08.1961;0;212
ZUMRAY;212;20.08.1975;0;212
ESYE;212;2.06.1969;0;212
HATUNI;212;23.08.1955;0;212
INCIFER;212;4.08.1968;0;212
YASIYE;212;25.03.1967;0;212
OMURLU;396;2.10.1963;185;211
NURVER;224;26.01.1966;13;211
HUSRAN;224;20.01.1971;13;211
SULUN;219;24.11.1962;8;211
SUHENDAN;212;9.01.1962;1;211
ZULUHA;211;19.12.1963;0;211
DURSALIYE;211;7.03.1965;0;211
YAZEY;211;1.07.1958;0;211
UYSAL;1226;9.06.1969;1016;210
AKSEL;432;18.04.1972;222;210
UMAY;215;24.10.1978;5;210
GULYUZ;212;29.06.1964;2;210
MEYREME;210;30.04.1975;0;210
MENEFSE;210;11.10.1949;0;210
SEVENGUL;210;21.09.1974;0;210
BERAY;230;4.03.1979;21;209
ULKUHAN;214;18.03.1982;5;209
AYNIYE;209;11.12.1957;0;209
MASITE;209;9.12.1984;0;209
MIRARI;209;23.11.1954;0;209
BEHIDE;209;21.01.1959;0;209
NURHANIM;209;24.12.1966;0;209
BALAHANIM;209;19.04.1946;0;209
BESBINE;209;8.06.1960;0;209
AYNEY;209;16.11.1952;0;209
HAZER;300;13.04.1971;92;208
IZLEM;213;20.01.1984;5;208
VETHAN;208;16.01.1964;0;208
MEYMENE;208;25.01.1959;0;208
NAYIDE;208;5.03.1964;0;208
HEVVA;208;14.01.1956;0;208
SEMIRAY;209;21.07.1973;2;207
BEGIHAN;208;6.05.1965;1;207
SAHGUL;207;9.03.1957;0;207
UMMULU;207;12.02.1960;0;207
FERMUDIYE;207;23.07.1960;0;207
DURGADIN;207;25.12.1959;0;207
FILIK;215;17.02.1954;9;206
RUKSAN;207;13.06.1958;1;206
FERFURI;206;5.10.1951;0;206
GULFERAH;206;6.11.1961;0;206
BENZIGUL;206;21.01.1970;0;206
OZENC;473;15.10.1978;268;205
ILGI;226;22.08.1976;21;205
AZADE;206;14.09.1967;1;205
ESMANUR;205;11.03.1986;0;205
NABIYE;205;26.02.1955;0;205
AYNILHAYAT;205;21.10.1963;0;205
HAZARE;205;3.02.1956;0;205
MAKPULE;205;4.08.1959;0;205
HEMSILE;205;17.11.1964;0;205
TASVIRE;205;22.11.1950;0;205
MATRA;205;5.08.1959;0;205
GULBARI;206;8.12.1963;2;204
BANIYE;204;6.12.1954;0;204
GULBEYAN;204;26.02.1967;0;204
EMSILE;204;9.01.1956;0;204
SAHENDE;204;9.02.1954;0;204
HUDAVER;789;24.12.1961;586;203
BOZI;217;15.02.1955;14;203
YADIKER;210;9.07.1971;7;203
SEMRAH;205;17.02.1969;2;203
RIHANI;205;13.05.1953;2;203
HAFEY;203;26.01.1954;0;203
BENSU;203;14.07.1983;0;203
HURMIYE;203;8.06.1962;0;203
SUMEYE;203;25.12.1986;0;203
MENFIAT;203;8.08.1975;0;203
EMZADE;203;17.06.1956;0;203
EMRAL;332;4.06.1973;130;202
MUKAFAT;210;11.10.1958;8;202
ELIS;204;22.11.1980;2;202
SUSEM;204;8.04.1965;2;202
ZEYNEBE;202;26.10.1973;0;202
KEZIBE;202;27.04.1963;0;202
TEYBET;202;18.09.1974;0;202
MALIYE;202;23.02.1965;0;202
AMIRE;202;9.12.1970;0;202
VIKTORYA;202;13.07.1948;0;202
SEFRE;202;7.03.1958;0;202
EMIC;202;11.11.1953;0;202
EDALI;202;26.01.1957;0;202
TUMEY;202;2.10.1957;0;202
AKGUN;811;1.01.1968;610;201
BILSER;204;5.03.1963;3;201
AYIS;202;5.02.1958;1;201
HASNIYE;201;5.06.1957;0;201
MEMURE;201;1.01.1960;0;201
TESRIFE;201;26.01.1950;0;201
MAVIGUL;201;11.09.1965;0;201
HAMMA;201;16.10.1957;0;201
TANJU;6643;26.11.1979;6443;200
DOGA;551;1.02.1985;351;200
FERDAN;281;25.09.1969;81;200
ULKE;215;25.04.1961;15;200
ADLIYE;200;24.03.1958;0;200
BESIYE;200;20.10.1967;0;200
GEMRA;200;8.02.1967;0;200
MELEKSAN;200;15.08.1962;0;200
HATI;200;19.12.1947;0;200
NAZIRA;200;19.01.1957;0;200
GEJI;200;16.06.1957;0;200
BASIRE;200;11.12.1956;0;200
MEZBURE;200;29.06.1951;0;200
GULKAN;277;14.07.1975;78;199
NURTOP;203;24.09.1966;4;199
RASAN;201;2.10.1977;2;199
NECLAN;200;6.07.1973;1;199
MAYIDE;199;15.01.1964;0;199
TAYYIBET;199;4.06.1970;0;199
HACIRA;199;23.11.1967;0;199
PIROZE;199;12.01.1962;0;199
ZALHA;199;7.11.1950;0;199
NERKIZ;199;28.08.1957;0;199
ZUMRAN;199;1.02.1972;0;199
MISKET;205;8.08.1965;7;198
HANIMKIZ;198;7.08.1954;0;198
HILDA;198;29.03.1969;0;198
MAMURIYE;198;3.12.1952;0;198
BENEK;198;23.06.1974;0;198
BERAAT;314;11.07.1977;117;197
ILMIHAN;217;7.01.1968;20;197
SEBA;208;14.07.1969;11;197
EZO;201;30.06.1976;4;197
ASMIN;198;14.04.1969;1;197
IKBALE;197;3.11.1958;0;197
MENZILE;197;11.04.1968;0;197
FAYIZE;197;14.03.1964;0;197
GUSUN;197;7.08.1962;0;197
SALHA;197;2.07.1954;0;197
URGIYE;197;2.12.1963;0;197
MERIYEM;197;22.02.1966;0;197
MAZLUMA;197;20.01.1958;0;197
SEMEN;206;28.12.1963;10;196
DOYDUK;197;20.05.1957;1;196
NAHIYE;197;4.09.1957;1;196
HANZEY;196;13.01.1955;0;196
MANSURE;196;13.10.1967;0;196
GULUSAH;196;7.10.1965;0;196
NEVIYE;196;7.03.1962;0;196
BEDIHE;196;29.05.1958;0;196
LALEZAR;196;11.07.1959;0;196
YASARGUL;196;8.12.1966;0;196
FEYME;196;23.01.1963;0;196
HADIKA;196;20.07.1963;0;196
MURIVET;196;21.09.1963;1;195
INCINUR;195;25.05.1976;0;195
AYSANI;195;27.11.1953;0;195
MUKATDES;195;28.10.1964;0;195
MINTAZE;195;7.10.1961;0;195
BULUT;1844;14.09.1982;1650;194
MIHRAC;561;5.08.1980;367;194
ZIYAFET;260;18.01.1962;66;194
ULKAY;246;28.11.1973;52;194
GOLI;210;2.08.1950;16;194
IBADET;207;20.07.1963;13;194
HEZNI;195;4.08.1965;1;194
SADEF;195;4.06.1956;1;194
GULENGUL;194;25.11.1969;0;194
HAFSI;194;30.04.1952;0;194
HANIMCIK;194;16.05.1954;0;194
FADLIYE;194;5.12.1954;0;194
TACIDE;194;17.01.1966;0;194
MIHRAP;217;7.01.1984;24;193
SEHRIMAN;196;2.12.1962;3;193
HATIBE;193;14.07.1969;0;193
MEZIDE;193;22.02.1957;0;193
ZELIYHA;193;21.12.1963;0;193
NESIYE;193;16.02.1965;0;193
GULIYE;193;27.09.1961;0;193
ANISE;193;16.04.1961;0;193
ZELIS;193;24.10.1974;0;193
NAMIGAR;193;11.10.1953;0;193
FERIS;208;26.02.1956;16;192
HUDAYE;202;29.10.1955;10;192
AYBALA;194;26.07.1983;2;192
FATIHA;193;29.07.1972;1;192
IMMIGULSUM;192;15.05.1963;0;192
SURMI;192;16.09.1955;0;192
NAGAHAN;192;14.10.1975;0;192
ILKIM;212;10.01.1982;21;191
SUHRET;195;4.09.1953;4;191
EYSEL;192;20.05.1967;1;191
AMSI;192;23.09.1953;1;191
CARIYE;191;30.06.1967;0;191
NEBAHET;191;17.06.1957;0;191
TAYIBET;191;2.07.1973;0;191
SEBAHET;191;11.11.1952;0;191
PERIZA;191;20.01.1966;0;191
NEZEHE;191;27.01.1959;0;191
VESFIYE;191;24.07.1964;0;191
MAFIRE;191;1.12.1956;0;191
ALTAN;6871;15.01.1971;6681;190
YASANUR;274;17.08.1973;84;190
BERCEM;194;19.04.1986;4;190
ALANUR;193;20.03.1965;3;190
GULBOY;191;8.09.1964;1;190
MUKATTES;190;5.09.1963;0;190
MESADET;190;24.12.1953;0;190
HUNAF;190;30.08.1955;0;190
GULSINEM;190;15.02.1975;0;190
NISFICIHAN;190;15.06.1961;0;190
NAZENIN;190;22.04.1966;0;190
ELMIRA;190;22.08.1970;0;190
SEMAGUL;190;8.02.1974;0;190
PUNPUL;190;1.12.1951;0;190
SITIYE;189;15.02.1968;0;189
KEZI;189;5.05.1948;0;189
RAFIKA;189;28.11.1960;0;189
MUSUDE;189;8.02.1963;0;189
AYNIL;189;14.06.1975;0;189
NURSEVIL;189;19.09.1973;0;189
NURPERI;189;13.05.1973;0;189
ELMASIYE;189;2.09.1956;0;189
CALIBE;189;12.05.1956;0;189
SAHADET;217;2.12.1963;29;188
ZEYHAN;210;11.04.1967;22;188
MAHBUB;205;18.01.1961;17;188
SEMRE;195;18.11.1961;7;188
SEVRIYE;189;24.10.1960;1;188
NUREY;188;4.04.1955;0;188
ADAVIYE;188;13.02.1956;0;188
VELIDE;188;16.02.1971;0;188
IREP;188;10.11.1962;0;188
BEDIR;4958;7.07.1965;4771;187
SEYHUN;768;5.10.1972;581;187
DURAY;414;15.04.1970;227;187
SIMAL;219;20.04.1982;32;187
SOLEN;206;23.07.1978;19;187
SERBAN;188;14.06.1961;1;187
SIRINE;187;23.07.1970;0;187
MUNCIYE;187;12.02.1952;0;187
KINNI;187;16.11.1954;0;187
GULBADE;187;23.10.1963;0;187
ESELI;187;7.06.1960;0;187
URGUYA;187;11.09.1963;0;187
UMUGUL;187;14.04.1959;0;187
NURCIYE;187;3.02.1963;0;187
NURUS;188;18.10.1957;2;186
MUSRIKA;187;9.07.1965;1;186
HANE;187;25.09.1955;1;186
GULHAS;187;27.06.1959;1;186
MURSUDE;186;16.03.1964;0;186
MUZZEYEN;186;11.06.1975;0;186
GULSUMA;186;13.04.1968;0;186
NADIFE;186;30.01.1965;0;186
GULUNDAN;186;5.05.1969;0;186
EFRUZ;200;8.10.1956;15;185
SUEYLA;185;13.01.1965;0;185
RAMZIYE;185;21.09.1972;0;185
DERVISE;185;5.07.1952;0;185
SUVEYBE;185;14.05.1974;0;185
NAZENDER;185;26.03.1958;0;185
RUSTIYE;185;27.01.1956;0;185
REZIYE;185;10.07.1956;0;185
HEDISE;185;16.12.1955;0;185
GURHAN;4596;6.08.1976;4412;184
HATAY;416;26.05.1959;232;184
SUAY;228;8.09.1968;44;184
ZEYKIR;200;21.04.1961;16;184
NERCIVAN;194;24.06.1962;10;184
CANA;187;14.12.1975;3;184
BIGE;185;7.11.1976;1;184
MAHSEKER;184;7.10.1955;0;184
FAILE;184;17.12.1964;0;184
MUSKUNAZ;184;27.12.1958;0;184
URKUC;184;30.10.1956;0;184
MINTAHA;184;6.01.1964;0;184
ZIYAMET;184;12.12.1954;0;184
AYTEKIN;12232;16.08.1972;12049;183
BEYCAN;620;1.03.1972;437;183
SEZCAN;289;3.01.1978;106;183
YADIGER;234;9.09.1968;51;183
MINEL;189;14.01.1982;6;183
GULKIBAR;183;10.02.1965;0;183
ULMIYE;183;19.06.1964;0;183
SEHREBAN;183;29.2.1963;0;183
GUNNAR;183;7.01.1963;0;183
MUSIKA;183;19.04.1953;0;183
CAGIL;318;26.12.1985;136;182
CANDEGER;208;14.06.1967;26;182
KEBIZ;183;5.09.1959;1;182
MELEKNAZ;182;26.02.1965;0;182
RIMA;182;19.02.1968;0;182
SEVLA;182;4.11.1972;0;182
ECMEL;279;12.03.1969;98;181
IMAN;229;3.10.1969;48;181
CANSEV;193;24.05.1980;12;181
ASLINUR;181;24.03.1985;0;181
ELIFCAN;181;29.05.1988;0;181
RAHIBE;181;23.12.1960;0;181
ADDUL;181;12.01.1962;0;181
SEVGIHAN;181;22.12.1972;0;181
ANIK;181;24.02.1946;0;181
KEVSIRE;181;29.01.1971;0;181
SERAFET;716;15.10.1956;536;180
HIZRET;196;25.07.1970;16;180
LADIGAR;194;17.01.1969;14;180
SENDA;181;2.02.1973;1;180
SENBAHAR;181;24.12.1966;1;180
BIRTANE;180;25.08.1974;0;180
ONGUL;180;26.12.1968;0;180
SUFEYLA;180;15.11.1967;0;180
GULNARA;180;21.10.1970;0;180
ZIRI;180;19.12.1953;0;180
VASILE;180;10.10.1959;0;180
ZEMIRE;180;21.07.1960;0;180
HAYRINISA;180;23.01.1961;0;180
SEHNUR;189;13.12.1971;10;179
ISABET;187;1.06.1958;8;179
ZIYAVER;185;13.02.1959;6;179
BENDI;183;16.07.1955;4;179
FEHIMAN;181;4.07.1961;2;179
SERENAY;180;25.05.1985;1;179
SEHLA;179;12.02.1968;0;179
ADIVIYE;179;7.09.1959;0;179
PIRAYE;179;20.09.1960;0;179
CEYHUN;7452;6.06.1979;7274;178
LACIN;382;13.09.1959;204;178
AZAMET;357;29.01.1962;179;178
NURDAL;233;29.07.1972;55;178
MIRAL;206;25.07.1964;28;178
NURDA;190;19.12.1975;12;178
ZERUK;179;13.03.1970;1;178
PIROZHAN;178;19.12.1959;0;178
AYBENIZ;178;18.09.1971;0;178
GEVRE;178;6.02.1963;0;178
ZELIHE;178;29.01.1956;0;178
BIRIVAN;178;16.07.1975;0;178
PUPUS;178;15.05.1949;0;178
FERINAZ;178;10.05.1963;0;178
GOKSIN;314;2.11.1978;137;177
DIRAYET;187;12.08.1971;10;177
DEVLETHAN;183;14.08.1972;6;177
NECAH;182;1.06.1969;5;177
ELEY;178;15.03.1942;1;177
SEHBAL;178;30.01.1967;1;177
ILDA;178;22.03.1967;1;177
PERRAN;178;27.01.1956;1;177
TEYIBE;177;2.05.1967;0;177
MUEDDET;177;9.10.1953;0;177
DUDUS;177;17.06.1954;0;177
SEBAAT;177;11.07.1960;0;177
TAMCIHAN;177;12.06.1973;0;177
ASIBE;177;29.11.1964;0;177
TAMAY;257;18.06.1968;81;176
HEVAL;252;22.11.1982;76;176
UMMAN;241;18.05.1967;65;176
SEVKAT;192;6.09.1965;16;176
SERAB;177;8.03.1969;1;176
MENENDI;177;22.04.1956;1;176
VEDHA;176;3.01.1964;0;176
ZELFINAZ;176;29.02.1960;0;176
AYSIL;176;6.06.1970;0;176
RAYIME;176;15.06.1961;0;176
JIYAN;225;7.02.1989;50;175
ESSUM;177;13.04.1962;2;175
NURSEV;177;25.03.1972;2;175
MELES;175;28.01.1968;0;175
NAFYA;175;9.05.1964;0;175
NEDIYE;175;9.08.1966;0;175
HALIDIYE;175;29.05.1959;0;175
SIMSIR;175;22.02.1957;0;175
NIHADE;175;14.02.1953;0;175
HUSNUCEMAL;175;4.10.1963;0;175
ESMAPERI;175;28.02.1959;0;175
UMMUSAN;175;4.02.1960;0;175
OZER;12423;18.04.1972;12249;174
ILKEM;218;25.05.1985;44;174
NURLU;179;27.05.1966;5;174
SAYGUL;177;8.03.1975;3;174
BIRBEN;175;27.11.1972;1;174
AMINA;174;26.04.1964;0;174
LAMIHA;174;18.04.1971;0;174
HORE;174;16.03.1952;0;174
MEHTIYE;174;23.08.1959;0;174
KEFSER;174;18.09.1967;0;174
GULSEHRI;174;6.12.1955;0;174
ESMANPERI;174;14.02.1957;0;174
KIVANC;2533;2.12.1981;2360;173
CEZAYIR;958;16.05.1965;785;173
TEZER;390;2.07.1962;217;173
ENZEL;178;25.10.1963;5;173
DILVIN;173;3.11.1980;0;173
LILUFER;173;30.06.1967;0;173
HEREMSI;173;1.08.1966;0;173
HAZNA;173;29.11.1960;0;173
MELESI;173;6.08.1956;0;173
YESIDE;173;5.11.1962;0;173
SERINAZ;173;11.12.1963;0;173
VEDAT;46794;1.10.1974;46622;172
KUTLU;761;24.08.1971;589;172
SURAHI;175;5.12.1956;3;172
SEMIRAMIS;173;2.02.1959;1;172
AYNE;172;14.10.1957;0;172
SEFIRE;172;18.02.1959;0;172
SUADIYE;172;4.01.1966;0;172
SEMILE;172;23.01.1966;0;172
NATALI;172;23.06.1982;0;172
UMMIGUL;172;19.09.1961;0;172
MIRIYE;172;30.09.1954;0;172
AYUS;172;12.04.1953;0;172
YAYLAGUL;172;9.12.1972;0;172
ACIBE;172;22.03.1958;0;172
YURDASEN;193;5.11.1959;22;171
DEREN;190;4.09.1981;19;171
BERGIN;185;9.04.1966;14;171
BINA;184;12.08.1956;13;171
NEZIME;172;1.08.1959;1;171
EMIRA;172;6.03.1972;1;171
SELBIHAN;171;29.03.1979;0;171
AYSECIK;171;9.05.1973;0;171
HAVAANA;171;13.11.1964;0;171
ALMILA;171;30.03.1978;0;171
NEYRAN;171;21.12.1968;0;171
ALTINGUL;171;9.06.1966;0;171
NECAT;8505;29.01.1966;8335;170
MUKATTER;204;28.03.1961;34;170
HAMRI;172;13.05.1962;2;170
EMETE;172;24.03.1958;2;170
SUMRAN;171;12.07.1967;1;170
DILFIROZ;170;20.09.1965;0;170
ZUZAN;170;13.02.1979;0;170
RUBEYDE;170;12.07.1971;0;170
NISANGUL;170;18.04.1972;0;170
DESTAN;407;22.01.1967;238;169
PILTAN;188;2.06.1966;19;169
ALIN;178;25.09.1971;9;169
MEVRE;170;26.02.1985;1;169
SETA;170;12.01.1952;1;169
BACI;169;28.09.1956;0;169
SORGUL;169;30.12.1970;0;169
SABIRA;169;24.03.1960;0;169
RUMIYE;169;21.09.1959;0;169
TEKLIFE;169;4.01.1973;0;169
NEZRIFE;169;4.02.1965;0;169
MUNCUBE;169;27.10.1958;0;169
CEMAL;91136;22.10.1961;90968;168
SABA;178;28.11.1973;10;168
RAHMETE;169;12.07.1976;1;168
NUREFSAN;168;12.11.1980;0;168
MEJBURE;168;18.12.1966;0;168
REFIDE;168;14.04.1958;0;168
NICME;168;24.07.1960;0;168
MEHVES;168;9.01.1971;0;168
FIRDEZ;168;4.05.1963;0;168
OLENA;168;12.11.1974;0;168
MEVRIYE;168;25.06.1957;0;168
ESEMEN;168;21.03.1959;0;168
PASA;4181;28.04.1961;4014;167
CANET;172;17.09.1965;5;167
MUNUFER;167;18.10.1972;0;167
AYSEREN;167;14.09.1964;0;167
DURRA;167;19.04.1962;0;167
RISKIYE;167;1.02.1972;0;167
MUSURE;167;30.09.1956;0;167
ADIVE;167;25.06.1963;0;167
GULESEN;167;3.10.1965;0;167
ZADIFE;167;7.12.1962;0;167
UTKU;3590;9.02.1983;3424;166
NEDA;171;21.01.1974;5;166
NURULHUDA;170;26.09.1965;4;166
MUHIBBET;168;4.06.1955;2;166
MUNA;166;21.07.1974;0;166
LEYLUFER;166;19.05.1954;0;166
UMMIGULSUM;166;8.03.1973;0;166
SEKNA;166;17.07.1969;0;166
MENICA;166;12.12.1970;0;166
NEYLAN;172;22.01.1971;7;165
DAIME;166;29.04.1965;1;165
SADISE;165;23.03.1955;0;165
TESMIYE;165;29.05.1954;0;165
NUDIYE;165;11.08.1961;0;165
GALIYE;165;12.11.1959;0;165
GULMISAL;165;11.09.1974;0;165
KESSUME;165;1.01.1967;0;165
CECANI;165;27.12.1959;0;165
NEZILE;165;13.01.1962;0;165
HANASLI;165;28.09.1957;0;165
GONEN;327;1.11.1967;163;164
ELFESIYA;314;25.03.1976;150;164
NURSER;166;9.09.1959;2;164
GOZE;166;7.03.1970;2;164
CISEL;164;26.01.1984;0;164
SAHDIYE;164;26.07.1969;0;164
GUNUL;164;9.01.1976;0;164
SIDE;164;9.01.1962;0;164
SEYFIYE;164;28.03.1956;0;164
NATALYA;164;24.09.1974;0;164
MUSTAKIME;164;15.01.1959;0;164
HAVSE;164;13.05.1964;0;164
KEHRIBAR;164;6.01.1967;0;164
HAMDUNE;164;30.10.1954;0;164
ZEBIK;164;24.12.1960;0;164
SEYHA;170;8.09.1971;7;163
SERYA;165;21.06.1977;2;163
GULZEMIN;164;22.07.1966;1;163
CAZI;164;2.01.1953;1;163
NERGIHAN;163;30.01.1980;0;163
MAHPARE;163;26.03.1959;0;163
GULUZ;163;22.08.1969;0;163
SIRRIYE;163;22.03.1950;0;163
GULSU;163;5.08.1971;0;163
SIFI;163;28.05.1952;0;163
FETIHE;163;21.10.1959;0;163
NEZIDE;163;27.05.1957;0;163
HUBRI;163;26.02.1945;0;163
HAPPA;163;6.10.1951;0;163
SOZEN;179;5.05.1968;17;162
BELKIYE;175;2.02.1954;13;162
FEHAMET;166;5.11.1945;4;162
GULSIRIN;163;11.07.1973;1;162
ZEKIYA;163;13.03.1967;1;162
SABIA;162;23.04.1958;0;162
MURRUVET;162;9.07.1955;0;162
BEHIYYE;162;11.06.1958;0;162
DIANA;162;27.02.1977;0;162
HATUS;162;11.06.1951;0;162
UNSIYE;162;19.09.1955;0;162
UMRAL;212;4.04.1965;51;161
KUMRAL;182;11.11.1974;21;161
ILGUN;171;6.05.1970;10;161
SADICE;162;11.06.1966;1;161
CEMALINUR;162;3.09.1958;1;161
MUSEBIYE;161;27.07.1960;0;161
GARIBI;161;10.07.1958;0;161
BEDIYA;161;1.06.1974;0;161
HURSIDE;161;19.06.1960;0;161
HILALE;161;3.04.1962;0;161
MUJKAN;161;6.09.1953;0;161
VAIDE;161;28.01.1959;0;161
MUYESSE;161;3.03.1964;0;161
DEMIRE;161;2.02.1950;0;161
BIRTAN;621;12.11.1976;461;160
SILVAN;181;3.07.1976;21;160
BILDAN;162;17.09.1969;2;160
SUBYAN;162;7.09.1957;2;160
SELNUR;161;9.08.1974;1;160
ADILIYE;160;19.11.1962;0;160
NESIRIN;160;14.06.1967;0;160
NIYAZE;160;19.07.1954;0;160
SEYDIYE;160;22.11.1956;0;160
SAHAN;906;25.12.1964;747;159
NURHAK;377;13.07.1983;218;159
RENAN;261;28.05.1967;102;159
SEYMAN;177;20.05.1976;18;159
HERGUL;176;27.01.1969;17;159
KIYMAT;160;14.10.1964;1;159
NEZENGUL;159;19.09.1967;0;159
HORIHAN;159;10.04.1957;0;159
HAFSA;159;19.05.1981;0;159
GULRUH;159;5.12.1959;0;159
GULSISE;159;3.04.1954;0;159
IFTARIYE;159;16.08.1964;0;159
SIDAL;183;28.08.1981;25;158
DILHAN;177;5.12.1976;19;158
KESRA;170;1.08.1971;12;158
SUNNU;161;7.02.1955;3;158
SAIMA;159;24.10.1964;1;158
TUBANUR;158;15.05.1985;0;158
MERESE;158;7.11.1954;0;158
RAIZE;158;13.07.1970;0;158
CEDIDE;158;7.09.1956;0;158
SUSUN;158;28.10.1968;0;158
MUSLIMET;158;10.06.1955;0;158
FENISE;158;7.08.1965;0;158
GUNFER;167;22.05.1962;10;157
AILE;158;24.03.1963;1;157
VEDIYE;157;14.09.1959;0;157
SOSI;157;3.08.1948;0;157
TAHIBE;157;11.03.1964;0;157
IMMUHAN;157;25.05.1959;0;157
FUNDAGUL;157;2.07.1986;0;157
DURRE;157;13.08.1953;0;157
DONDIYE;157;1.06.1954;0;157
ERBIL;1966;10.11.1974;1810;156
DEMIRHAN;624;24.02.1968;468;156
AYBER;207;5.03.1972;51;156
AYSAL;164;30.10.1962;8;156
NURSUN;157;30.05.1967;1;156
HEMAIL;157;21.01.1957;1;156
RUKIYA;156;23.03.1966;0;156
LAIKA;156;19.07.1964;0;156
HUMERYA;156;4.08.1979;0;156
SEBILA;156;14.03.1972;0;156
MAHBULE;156;19.04.1962;0;156
ZULIHA;156;19.03.1961;0;156
FERZANE;156;21.12.1960;0;156
EMINEGUL;156;6.11.1965;0;156
NECIBA;156;26.01.1968;0;156
LEVENT;50000;3.06.1978;49845;155
YAZGI;168;20.10.1985;13;155
VIDAT;166;14.06.1961;11;155
AYSON;163;6.07.1969;8;155
SERI;157;11.07.1956;2;155
NESECAN;156;4.12.1964;1;155
YELIS;155;24.01.1981;0;155
MELEHA;155;12.10.1962;0;155
HEZAL;155;5.08.1959;0;155
GELENGUL;155;23.05.1968;0;155
MUBINE;155;17.09.1960;0;155
KERIMA;155;18.07.1967;0;155
IGDE;155;3.11.1976;0;155
GULPEMBE;155;29.06.1972;0;155
GULBARIN;155;17.12.1968;0;155
SUMME;155;10.06.1960;0;155
TALIBE;155;26.07.1964;0;155
ARZUGUL;155;3.08.1975;0;155
SEBANUR;155;18.03.1975;0;155
IMRANE;155;8.01.1969;0;155
NEVBAHAR;155;16.09.1964;0;155
MENSURIYE;155;24.06.1963;0;155
FETANE;155;5.04.1961;0;155
FERRUH;3118;9.08.1966;2964;154
ERNUR;326;20.10.1970;172;154
RUZGAR;251;26.04.1977;97;154
BENLI;209;19.09.1961;55;154
YILDAN;171;8.05.1975;17;154
SUHAL;160;28.09.1967;6;154
AYDEN;159;17.05.1968;5;154
BASI;157;11.02.1952;3;154
ZERGUL;155;7.07.1968;1;154
FADIYE;154;1.05.1967;0;154
MURSIDIYE;154;27.10.1959;0;154
HAFSAT;154;8.11.1956;0;154
PERIN;154;26.08.1967;0;154
ELIZABET;154;8.12.1966;0;154
REDIYE;154;21.08.1955;0;154
KERME;154;8.08.1953;0;154
NURYA;154;21.03.1973;0;154
KUKUS;154;21.12.1951;0;154
VARTUHI;154;7.01.1946;0;154
EBIS;154;10.08.1956;0;154
SERTAC;4762;6.02.1982;4609;153
SAFER;325;2.08.1954;172;153
YASAM;240;26.09.1984;87;153
YESER;169;6.08.1975;16;153
BILGUN;156;5.12.1971;3;153
GULBUN;155;21.02.1962;2;153
KESKI;154;19.07.1958;1;153
SEVICAN;154;29.09.1970;1;153
TEYBE;153;4.01.1961;0;153
MARIANA;153;11.05.1974;0;153
NEHIBE;153;26.07.1967;0;153
GULDURSUN;153;26.07.1956;0;153
PERUZAT;153;1.09.1950;0;153
FEHMINAZ;153;3.01.1958;0;153
ELENI;153;20.08.1946;0;153
HECER;245;13.08.1970;93;152
HICAZ;184;21.06.1965;32;152
AHTER;171;27.09.1963;19;152
SIVE;152;22.02.1963;0;152
JAKLIN;152;26.01.1966;0;152
HAVIYE;152;15.01.1959;0;152
NAFIDE;152;23.03.1960;0;152
BERRAN;153;4.08.1967;2;151
KEZIBA;151;20.06.1959;0;151
GUSUM;151;26.05.1959;0;151
RAFIDE;151;2.01.1972;0;151
MUATTAR;151;8.06.1959;0;151
MENICAN;151;1.03.1973;0;151
SEBIHAN;151;4.01.1964;0;151
BAGIYE;151;6.06.1970;0;151
BEDIRNAZ;151;14.10.1955;0;151
ZERRUK;151;21.01.1967;0;151
MUMIN;15232;14.11.1962;15082;150
CAGDAS;5198;25.07.1985;5048;150
NERMI;188;18.07.1958;38;150
RUHSAT;164;22.01.1952;14;150
SAVET;162;10.02.1960;12;150
NAZIRIYE;150;10.10.1962;0;150
MEHBARE;150;15.11.1971;0;150
SAREY;150;9.04.1949;0;150
SEMAYE;150;6.12.1967;0;150
KAYAHANIM;150;3.03.1969;0;150
RAHMI;20823;5.11.1963;20674;149
OLGU;320;24.08.1985;171;149
SUAD;261;14.05.1964;112;149
ZEVCAN;155;15.07.1965;6;149
GULBUZ;154;23.05.1964;5;149
SAYALI;151;4.04.1950;2;149
BEDILE;149;19.09.1961;0;149
SULTANA;149;6.08.1941;0;149
NEZEHET;149;19.05.1967;0;149
KUTSIYE;149;24.03.1961;0;149
NURBEN;149;2.02.1975;0;149
RECIYE;149;2.08.1958;0;149
HAVIS;149;4.07.1955;0;149
KEMALI;297;5.09.1961;149;148
GULEM;154;1.10.1973;6;148
ZEKO;151;8.04.1948;3;148
SERMIL;149;6.09.1972;1;148
SONBAHAR;149;19.03.1975;1;148
ZABITE;148;14.01.1964;0;148
GULRU;148;26.07.1979;0;148
FARIYE;148;25.06.1957;0;148
LADIFE;148;13.01.1962;0;148
BAHALI;148;27.02.1957;0;148
YEMOS;148;24.01.1958;0;148
MAZLUM;3315;28.09.1972;3168;147
FARIA;147;30.2.1969;0;147
MUSIRE;147;6.12.1948;0;147
MAHMUDE;147;23.04.1961;0;147
GULYAR;147;10.04.1966;0;147
VALENTINA;147;2.08.1972;0;147
SABBER;147;3.07.1954;0;147
HAVILI;147;9.06.1962;0;147
MOLLA;418;22.11.1959;272;146
MUEYYET;179;10.11.1952;33;146
SUDAN;160;5.04.1973;14;146
CANNUR;155;21.07.1975;9;146
BIRINCI;150;13.05.1963;4;146
REFREF;147;15.01.1966;1;146
NEZAHA;146;5.04.1964;0;146
EDEBIYE;146;4.06.1956;0;146
DURSINE;146;27.04.1968;0;146
GULHIS;146;23.11.1960;0;146
BESBINAZ;146;1.05.1966;0;146
TELCE;146;30.01.1962;0;146
MEVLUT;64642;11.10.1962;64497;145
ULKEN;189;19.12.1967;44;145
LEVIN;157;23.12.1967;12;145
LALA;148;13.01.1952;3;145
ASO;147;8.10.1939;2;145
ZIBET;146;9.05.1958;1;145
SEVKIYAT;146;18.04.1971;1;145
NAHIME;145;11.03.1961;0;145
SEVLIYE;145;21.11.1969;0;145
NAZIHE;145;17.07.1959;0;145
GULSEDA;145;3.08.1983;0;145
ZEYNEBA;145;17.12.1973;0;145
DELALE;145;10.02.1955;0;145
SANIHE;145;9.01.1969;0;145
SAHINET;145;14.12.1973;0;145
FESIHE;145;16.03.1970;0;145
HACIYE;145;27.06.1961;0;145
SAKIYE;145;13.07.1955;0;145
NEVRUZE;145;10.02.1959;0;145
NEFARET;145;2.04.1966;0;145
FEHME;145;15.10.1957;0;145
ESIM;165;21.05.1971;21;144
TEKBIR;158;1.07.1977;14;144
ACER;152;7.09.1965;8;144
TAMAR;147;15.01.1972;3;144
FERUZA;145;3.03.1960;1;144
FIRINCE;144;22.07.1960;0;144
HOHI;144;25.09.1953;0;144
HAMILE;144;10.04.1966;0;144
GULNAS;144;7.09.1966;0;144
KAROLIN;144;16.11.1978;0;144
HAYRINNISA;144;3.04.1956;0;144
RISALE;144;16.03.1962;0;144
GULICI;144;29.03.1964;0;144
LIVAZE;144;12.10.1962;0;144
HADDUC;144;1.12.1947;0;144
GURKAN;15984;30.04.1980;15841;143
BILEN;669;18.12.1974;526;143
ESMAN;346;20.12.1961;203;143
NEVROZ;209;27.11.1982;66;143
GUNCE;154;24.02.1986;11;143
NEVCAN;147;8.10.1972;4;143
ESEFATMA;143;30.04.1955;0;143
GULSIMET;143;3.01.1972;0;143
GULRIZ;143;10.10.1970;0;143
ZAHRIYE;143;25.09.1959;0;143
SIDIKE;143;28.01.1963;0;143
KINI;143;10.01.1958;0;143
FERFUR;143;20.02.1950;0;143
RAHIYE;143;25.01.1958;0;143
RUKIYETE;143;6.02.1976;0;143
BANUR;143;8.09.1981;0;143
GULBANU;143;7.06.1977;0;143
TURCEN;143;23.12.1959;0;143
ERTEN;495;30.04.1960;353;142
SUNAR;217;28.06.1969;75;142
SAHESER;151;10.05.1966;9;142
LAMAN;145;3.02.1962;3;142
GULESIN;142;30.11.1974;0;142
SARFINAZ;142;8.06.1957;0;142
MUHIBET;142;29.03.1962;0;142
MENIS;142;29.10.1959;0;142
NAZIMA;142;2.10.1957;0;142
ADDULE;142;1.06.1959;0;142
BAKIZE;142;24.01.1958;0;142
HIMAYE;142;24.08.1969;0;142
SEFER;20616;21.09.1963;20475;141
SEMI;562;22.02.1965;421;141
SELVAN;160;3.05.1978;19;141
MUSAVAT;152;26.04.1960;11;141
AFFET;147;24.03.1960;6;141
NURFET;147;13.09.1967;6;141
MUNAVER;144;12.05.1976;3;141
ASIMAN;144;11.11.1967;3;141
FERICAN;142;28.04.1974;1;141
NURDANUR;141;16.09.1968;0;141
FANIYE;141;16.01.1969;0;141
GALINA;141;24.10.1971;0;141
NEZLA;141;30.11.1963;0;141
IRMA;141;30.11.1960;0;141
ZEHRAGUL;141;25.06.1964;0;141
MELEKSIMA;141;8.10.1962;0;141
CAVRES;141;14.03.1960;0;141
USTUN;1286;22.11.1968;1146;140
MUBIN;512;5.04.1967;372;140
RESMI;310;11.03.1960;170;140
SAYGI;298;5.11.1971;158;140
SABUR;170;19.04.1957;30;140
GOGUS;158;1.01.1956;18;140
MIHAN;149;9.07.1976;9;140
EZNUR;148;21.05.1966;8;140
GULFAN;142;8.05.1967;2;140
ZEBEY;140;22.11.1943;0;140
HAKIFE;140;27.12.1959;0;140
NESIRE;140;11.09.1965;0;140
HAPA;140;13.10.1952;0;140
HUMRA;140;25.05.1959;0;140
NESIHE;140;5.06.1972;0;140
HEMDIYE;140;19.05.1961;0;140
SABIHAT;140;13.02.1959;0;140
RAKKUS;140;22.03.1961;0;140
MUKATDER;154;8.05.1964;15;139
NEZIHAN;140;16.04.1963;1;139
BIRICIK;140;15.12.1974;1;139
SEBILAY;139;4.06.1977;0;139
BERFIYE;139;22.06.1969;0;139
MELISSA;139;7.12.1984;0;139
SEMEHAT;139;11.06.1963;0;139
ILHAMIYE;139;25.07.1961;0;139
ZILA;139;24.09.1959;0;139
HAVALI;139;16.06.1958;0;139
NARKADIN;139;8.05.1958;0;139
MELEKBER;139;15.05.1966;0;139
ASUR;1529;21.04.1959;1391;138
AZIMET;674;26.06.1957;536;138
VATAN;561;9.11.1974;423;138
HAVAS;175;13.06.1958;37;138
MEVLA;162;26.11.1977;24;138
SEFAHAT;146;19.04.1968;8;138
SERNUR;140;22.03.1973;2;138
ROJIN;139;27.01.1986;1;138
NURZADE;139;13.04.1966;1;138
RUHIDE;138;27.04.1960;0;138
YASIYA;138;10.08.1962;0;138
GURSELEN;138;29.09.1971;0;138
HEBIBE;138;11.10.1961;0;138
LEVIZE;138;25.06.1961;0;138
ELIZE;138;13.10.1968;0;138
KALIME;138;10.01.1960;0;138
MINTIHA;138;13.02.1962;0;138
PERIZAN;138;17.01.1961;0;138
MAYISE;138;29.11.1968;0;138
TUNTUL;138;17.12.1949;0;138
ZUHTIYE;138;2.11.1952;0;138
SELBIYE;138;25.03.1966;0;138
HANARZU;138;18.05.1960;0;138
DELEL;138;5.02.1968;0;138
MURSELIN;249;22.08.1975;112;137
ADI;182;21.06.1949;45;137
HILKAT;162;29.11.1957;25;137
SUZER;153;9.06.1970;16;137
GULAL;151;25.03.1960;14;137
MESIHA;151;13.09.1961;14;137
TENZIL;150;10.09.1957;13;137
ALMAZ;139;5.04.1965;2;137
ZARA;139;17.10.1972;2;137
GULNAZI;137;28.09.1956;0;137
GAZIYE;137;16.08.1962;0;137
ZEMRETE;137;25.02.1970;0;137
HASNE;137;30.01.1957;0;137
OKSANA;137;29.01.1976;0;137
SEDIFE;137;16.12.1963;0;137
SERIDE;137;26.03.1960;0;137
ZEBO;137;30.03.1949;0;137
YETKIN;1777;23.10.1977;1641;136
KURBET;158;21.07.1976;22;136
EMO;142;19.01.1946;6;136
MUNAVVER;140;28.12.1975;4;136
AZNIF;139;13.11.1948;3;136
GAMER;138;19.06.1962;2;136
NULFER;137;9.09.1972;1;136
LARA;137;1.07.1984;1;136
HASHANIM;136;29.03.1957;0;136
SIMTEN;136;20.02.1970;0;136
ATFIYE;136;5.03.1961;0;136
BULUNMAZ;136;8.09.1953;0;136
KAMLE;136;23.02.1955;0;136
NEVILE;136;12.11.1966;0;136
ALGUL;136;19.02.1966;0;136
BARIYE;136;23.05.1957;0;136
NEZRIYE;136;24.06.1965;0;136
SITARE;136;9.05.1963;0;136
KUTLAY;929;7.07.1974;794;135
ALEM;229;26.08.1967;94;135
SELMI;163;26.07.1963;28;135
HUNKER;147;9.09.1962;12;135
SALE;142;15.08.1966;7;135
IKLIM;139;29.05.1982;4;135
RENDI;136;5.04.1956;1;135
SAZIVER;136;10.05.1954;1;135
SUMEYA;135;19.11.1983;0;135
SEHDIYE;135;19.03.1968;0;135
SIRANUS;135;30.04.1949;0;135
FELEKI;135;4.04.1961;0;135
CILI;135;30.04.1955;0;135
SEHARE;135;28.05.1952;0;135
NURSIYE;135;28.11.1969;0;135
ZEHNIYE;135;28.02.1954;0;135
IMMIHANI;135;25.05.1957;0;135
MAHNUR;135;24.10.1960;0;135
SUNER;234;6.04.1967;100;134
CANFEDA;141;14.10.1966;7;134
HASE;137;7.07.1953;3;134
NURSELI;137;24.02.1969;3;134
GULAC;137;14.05.1971;3;134
ISAF;134;8.09.1965;0;134
SEYMANUR;134;2.01.1989;0;134
BEHRIYE;134;7.04.1958;0;134
NILFER;134;29.08.1967;0;134
SEFKIYE;134;22.10.1955;0;134
BAYISE;134;20.01.1958;0;134
ZALIYE;134;10.11.1961;0;134
LUUP;134;23.08.1964;0;134
OMRUM;156;6.05.1986;23;133
ICRAN;139;21.07.1976;6;133
LADIGER;135;17.12.1972;2;133
SUKREN;133;30.09.1963;0;133
GULSA;133;12.10.1970;0;133
MERIHAN;133;17.05.1965;0;133
SATHIYE;133;3.10.1953;0;133
NUKTE;133;23.01.1979;0;133
CISIL;133;11.10.1986;0;133
SEYRANI;480;28.06.1969;348;132
FEDA;217;17.05.1970;85;132
AKSEN;169;2.06.1969;37;132
FEYRUSAH;163;1.04.1974;31;132
BESE;141;22.07.1952;9;132
FERAHAT;141;3.05.1971;9;132
SEMAH;134;22.08.1968;2;132
GOZDEM;133;17.11.1985;1;132
DILFIRUZ;132;11.11.1963;0;132
ESLIHAN;132;18.06.1973;0;132
GULTEREN;132;17.05.1956;0;132
ADDULI;132;22.02.1953;0;132
HALIMA;132;18.11.1963;0;132
KASIFE;132;6.04.1956;0;132
VEDIDE;132;13.01.1956;0;132
LAYIHA;132;18.01.1965;0;132
SEBBOY;132;2.08.1960;0;132
SAMI;44782;1.04.1963;44651;131
GAZI;12930;10.09.1965;12799;131
ALIM;7688;24.08.1967;7557;131
NAZAR;302;10.02.1974;171;131
NURCEMAL;161;24.10.1973;30;131
EYHAN;158;25.06.1968;27;131
EFNAN;158;27.04.1978;27;131
MISAL;137;10.03.1975;6;131
ZILIF;132;11.11.1961;1;131
MUBETCEL;132;21.07.1958;1;131
MAHSUME;131;18.04.1971;0;131
GULUSER;131;25.01.1962;0;131
FERSI;131;14.12.1955;0;131
DANIELA;131;28.08.1976;0;131
SELIMIYE;131;9.10.1963;0;131
NEZUK;131;15.08.1965;0;131
ZUFRE;131;23.11.1965;0;131
FILDAN;131;16.02.1971;0;131
SERVIYE;131;8.12.1952;0;131
UMIDE;131;29.07.1966;0;131
CILNAZ;131;24.07.1964;0;131
GULDUNYA;131;13.06.1979;0;131
VERJIN;131;11.12.1949;0;131
SEVGISON;131;1.02.1974;0;131
SAFI;1019;22.10.1963;889;130
ARZUMAN;188;1.03.1965;58;130
BENIAN;138;25.09.1969;8;130
CEMAFER;137;21.04.1957;7;130
BEKI;134;18.10.1951;4;130
HAKIKAT;134;17.12.1959;4;130
PERVANE;133;28.07.1965;3;130
SEZGUL;133;14.04.1977;3;130
AYDI;131;25.07.1964;1;130
NAYLA;130;21.12.1962;0;130
SEYDANUR;130;13.10.1987;0;130
GUHAR;130;8.09.1957;0;130
KIYMETI;130;27.11.1955;0;130
NERGUZE;130;8.05.1959;0;130
MAZIYE;130;6.03.1961;0;130
HAYATI;19045;3.05.1967;18916;129
FETI;2970;23.04.1964;2841;129
GOKSAL;2028;5.03.1974;1899;129
HAZRET;477;16.09.1972;348;129
SENDUR;181;13.01.1967;52;129
SEVVAL;137;25.04.1974;8;129
SEYFINAZ;130;24.03.1960;1;129
PULLI;130;1.11.1951;1;129
GULSAFA;129;14.01.1957;0;129
NARINCI;129;5.07.1960;0;129
DILSEN;129;2.05.1971;0;129
MUSADIYE;129;8.02.1971;0;129
NAZELI;129;10.04.1961;0;129
SUTIYE;129;13.05.1970;0;129
ZERDI;129;22.04.1950;0;129
HAVVANE;129;30.12.1958;0;129
HUDAVERDI;2295;8.02.1964;2167;128
HUDAYET;416;19.05.1961;288;128
MEVLANE;293;11.11.1974;165;128
NADIRSAH;140;18.08.1971;12;128
TEKNUR;133;2.12.1972;5;128
SEMAY;131;14.01.1971;3;128
NEMIKA;128;10.02.1950;0;128
FIRYAL;128;10.04.1975;0;128
SAFIYYE;128;6.05.1970;0;128
SISIN;128;30.2.1964;0;128
SELAMIYE;128;15.07.1963;0;128
FERIZA;128;12.03.1966;0;128
MUZIYEN;128;17.07.1961;0;128
ZEBURE;128;8.12.1951;0;128
CANFIDAN;128;3.12.1961;0;128
SIMANPERI;128;8.08.1965;0;128
BAYHAN;347;27.06.1966;220;127
DUMAN;246;15.11.1959;119;127
ILGEN;135;18.02.1976;8;127
ABUHAYAT;130;19.04.1958;3;127
SEVGISER;130;6.05.1961;3;127
GERDAN;128;16.12.1972;1;127
CAMIA;127;23.07.1974;0;127
SIDKIYE;127;29.04.1954;0;127
ZOZANI;127;23.03.1959;0;127
MUFUDE;127;1.02.1965;0;127
TEVIDE;127;10.08.1960;0;127
ARIZE;127;26.10.1956;0;127
SEHIBE;127;1.04.1963;0;127
SEMRIYE;127;10.09.1968;0;127
NAZIGUL;127;11.01.1966;0;127
NATALIYA;127;24.11.1973;0;127
PANTUS;127;11.12.1949;0;127
HASBIKE;127;25.03.1964;0;127
CECI;127;21.02.1948;0;127
TUKAZ;127;28.10.1962;0;127
AKHANIM;127;5.09.1953;0;127
NIYAZ;379;3.07.1960;253;126
SEFI;159;27.05.1958;33;126
GORSEV;139;7.04.1970;13;126
HUVEYDA;130;10.06.1972;4;126
DARCIN;128;28.05.1970;2;126
TASIHA;127;21.11.1974;1;126
NEVEL;127;20.04.1964;1;126
FERYAN;127;8.05.1965;1;126
MUYESE;126;8.02.1962;0;126
FODUL;126;22.10.1961;0;126
RAVZA;126;12.04.1980;0;126
NEGIHAN;126;13.05.1979;0;126
MENUS;126;9.01.1956;0;126
SURYAL;126;20.12.1955;0;126
CANFIDE;126;23.10.1962;0;126
VADE;126;25.05.1963;0;126
SIMIN;126;5.01.1973;0;126
MELIK;2792;17.02.1978;2667;125
ODUL;164;25.12.1983;39;125
FEDIM;131;27.07.1954;6;125
REYZAN;130;29.06.1964;5;125
NURSAC;127;25.11.1984;2;125
NICMI;127;4.09.1951;2;125
SAMAHAT;126;6.01.1956;1;125
GUNNAME;126;28.02.1964;1;125
ELIFI;125;16.08.1953;0;125
LINA;125;27.08.1969;0;125
FATMI;125;21.01.1949;0;125
SITTO;125;11.09.1948;0;125
SUHEM;125;14.04.1970;0;125
ALIYA;125;28.07.1966;0;125
MAHA;125;16.10.1961;0;125
LUSI;125;12.02.1956;0;125
SUMBULE;125;9.09.1959;0;125
SEVINUR;125;14.03.1973;0;125
RUBASA;125;18.10.1972;0;125
BALHANIM;125;18.08.1953;0;125
FETAHNA;125;27.02.1958;0;125
HATUK;125;22.11.1957;0;125
HAPKA;125;24.09.1951;0;125
ENBIYA;622;2.08.1965;498;124
SAFVET;325;22.12.1948;201;124
SEBAHI;238;16.09.1959;114;124
TULU;148;5.10.1968;24;124
ASEY;124;1.01.1939;0;124
FATIMATUZZEHRA;124;8.03.1974;0;124
EFIDE;124;22.01.1963;0;124
LUSIN;124;7.02.1959;0;124
FATUS;124;25.11.1957;0;124
PERDE;124;12.12.1967;0;124
MILKIYE;124;25.04.1970;0;124
GAYDE;124;8.05.1961;0;124
NESILE;124;17.05.1971;0;124
MAHSUDE;124;3.03.1969;0;124
REHIMA;124;21.08.1961;0;124
NEZAAT;124;25.04.1964;0;124
NURDANIYE;124;2.09.1966;0;124
HUZEYCA;124;29.05.1968;0;124
BAGDA;124;27.12.1960;0;124
RINDIHAN;124;18.12.1962;0;124
TOLUNAY;235;17.03.1971;112;123
ESALET;197;2.08.1965;74;123
CEFAIR;130;14.01.1967;7;123
DURANIYE;124;4.04.1965;1;123
ZERICAN;124;13.09.1969;1;123
NURSIMA;123;25.12.1976;0;123
LERIMAN;123;13.05.1961;0;123
FETEHNA;123;21.05.1956;0;123
MAYGUL;123;9.02.1974;0;123
GULDIYAR;123;27.09.1965;0;123
KEVZER;123;24.12.1972;0;123
ELIFNUR;123;14.12.1986;0;123
ZELE;123;8.11.1958;0;123
SEYITHANIM;123;9.01.1959;0;123
BILKAY;157;9.06.1971;35;122
GULMEZ;132;4.06.1964;10;122
MISLI;131;20.03.1956;9;122
OZTEN;130;5.12.1956;8;122
MUNUS;129;10.01.1957;7;122
GULIS;123;11.02.1966;1;122
GULHANE;123;21.07.1967;1;122
ZULAHI;123;3.03.1954;1;122
NEVSIYE;122;7.01.1967;0;122
FARIZE;122;4.12.1963;0;122
LAIKE;122;16.06.1971;0;122
NURFIYE;122;5.06.1969;0;122
FATMATUZZEHRA;122;14.08.1958;0;122
PANBUK;122;28.12.1956;0;122
SADINAZ;122;4.10.1960;0;122
FEDAKAR;451;15.10.1968;330;121
SENAN;346;4.01.1972;225;121
SEMAT;162;18.06.1966;41;121
NERGUN;126;14.01.1968;5;121
KARDELEN;124;10.01.1988;3;121
MELAT;123;11.01.1959;2;121
MUCEVVER;122;8.10.1957;1;121
GULSINAN;122;17.09.1965;1;121
AFFE;121;30.07.1961;0;121
VERA;121;24.10.1966;0;121
MIHAELA;121;13.05.1975;0;121
MARIN;121;19.01.1954;0;121
ATICE;121;7.03.1971;0;121
MELISE;121;6.01.1976;0;121
NAZIFER;121;19.02.1965;0;121
SECIYE;121;8.04.1956;0;121
NEDIFE;121;30.05.1970;0;121
ELFIZE;121;17.07.1956;0;121
ERGIN;14173;17.06.1975;14053;120
CUMHUR;9659;27.07.1972;9539;120
OBEN;370;5.08.1979;250;120
UNSEL;145;27.10.1957;25;120
FERAL;144;12.01.1968;24;120
NIHAR;137;23.07.1961;17;120
SANAY;135;27.10.1963;15;120
TULUNAY;130;11.08.1967;10;120
BUKE;125;3.06.1984;5;120
NEVSIN;123;10.03.1970;3;120
MIHRACE;122;22.07.1974;2;120
SADDET;122;13.01.1974;2;120
FEDAN;122;4.10.1958;2;120
HATICETUL;121;3.01.1975;1;120
NIFSICIHAN;120;18.11.1963;0;120
TAHMINE;120;7.02.1972;0;120
BEYICE;120;27.02.1960;0;120
AHIZAR;120;5.06.1957;0;120
ZALIKE;120;2.06.1964;0;120
SEYBET;120;22.06.1979;0;120
KONYA;120;14.10.1962;0;120
HASSE;120;21.12.1957;0;120
NUROL;475;3.08.1971;356;119
SEVDI;198;30.01.1969;79;119
VILAYET;166;28.04.1971;47;119
ALTUNAY;162;18.11.1968;43;119
GULAVER;123;26.02.1961;4;119
MEYSUN;122;9.05.1962;3;119
METANET;122;3.03.1970;3;119
SEZAVER;122;12.08.1958;3;119
SELAME;121;6.05.1960;2;119
NIKET;121;26.05.1961;2;119
DIJLE;121;10.09.1979;2;119
SERIMAN;120;14.02.1965;1;119
IMMIGUL;119;19.08.1962;0;119
GULSE;119;4.10.1962;0;119
ANUDE;119;22.06.1975;0;119
HILVE;119;4.11.1956;0;119
CICEGI;119;5.09.1954;0;119
MEDINA;119;7.06.1968;0;119
AKLIMA;119;30.05.1969;0;119
NURBAHAR;119;11.10.1978;0;119
NAZEL;119;9.02.1967;0;119
AYSEHANIM;119;1.01.1963;0;119
MASUKA;119;8.09.1955;0;119
BENEVSE;119;22.04.1950;0;119
NAKIFE;119;13.04.1957;0;119
HAFSET;119;30.12.1957;0;119
HEDILE;119;7.01.1963;0;119
MURUFE;119;13.10.1955;0;119
MUSERREFE;119;21.04.1948;0;119
LEMYA;119;16.02.1959;0;119
ERDEN;1568;11.06.1966;1450;118
MEMNUN;138;5.01.1967;20;118
AYDILEK;126;3.03.1969;8;118
IFTIHAR;124;3.11.1964;6;118
BAHANUR;120;20.02.1984;2;118
SUMEYRE;118;25.10.1986;0;118
NERMINE;118;22.05.1960;0;118
MIYESSE;118;2.10.1965;0;118
NERKIS;118;1.04.1952;0;118
TETYANA;118;6.07.1973;0;118
GULIFER;118;24.07.1971;0;118
NAHIBE;118;25.08.1959;0;118
SEFIA;118;29.11.1963;0;118
MUNTAZE;118;5.01.1958;0;118
GULERAY;118;19.08.1966;0;118
HICABIYE;118;24.08.1952;0;118
GULDONE;118;29.06.1964;0;118
EBEKIZ;118;26.08.1954;0;118
OZKAN;41972;8.04.1980;41855;117
NAZIF;11308;16.07.1962;11191;117
EFTAL;1000;7.09.1973;883;117
NUVIT;293;21.05.1963;176;117
ASIKAR;127;8.05.1966;10;117
RAHIL;126;2.01.1965;9;117
BAYRAMSAH;124;5.04.1958;7;117
SEHTAP;119;19.01.1980;2;117
SEVSEN;119;1.10.1977;2;117
FIRGAT;118;14.07.1957;1;117
FIKNET;118;5.12.1962;1;117
HACEL;118;16.06.1969;1;117
NEDRIYE;117;1.08.1963;0;117
FERIYA;117;19.11.1966;0;117
HIFZIYE;117;14.11.1943;0;117
PUREN;117;18.02.1980;0;117
DILDARE;117;13.04.1959;0;117
CAFERIYE;117;18.02.1951;0;117
PELUZE;117;12.01.1953;0;117
ADINAZ;117;23.07.1958;0;117
HARSI;117;18.02.1948;0;117
SADBER;117;13.05.1950;0;117
TALI;181;6.09.1953;65;116
SELA;138;24.11.1963;22;116
MIHMAN;133;5.10.1957;17;116
GOZEN;119;26.06.1971;3;116
KOCERE;117;22.05.1959;1;116
BILGUL;117;5.02.1969;1;116
MEVLIYA;117;17.12.1970;1;116
HUZUME;117;4.11.1960;1;116
NECBIYE;116;14.02.1957;0;116
BERIA;116;2.03.1954;0;116
CACANI;116;13.03.1955;0;116
MEDYA;116;24.12.1988;0;116
SIHA;116;8.10.1967;0;116
MUNIFER;116;18.08.1970;0;116
HURISEL;116;25.10.1963;0;116
CAYIDE;116;14.04.1965;0;116
SEVINAZ;116;27.10.1967;0;116
BINNIYE;116;24.01.1961;0;116
MUHRIYE;116;13.12.1954;0;116
VILDANE;116;19.08.1966;0;116
GEVHAR;116;4.11.1955;0;116
ERHAN;60851;21.05.1980;60736;115
SEVKET;35644;16.06.1961;35529;115
MUBAREK;418;3.12.1979;303;115
LISAN;397;27.08.1963;282;115
ULKEM;144;4.10.1980;29;115
MELICAN;128;4.10.1972;13;115
BEYSUN;126;25.01.1969;11;115
SEYAHAT;121;18.02.1971;6;115
BENDE;117;26.09.1956;2;115
GULMEN;116;28.08.1960;1;115
ZINNURE;116;21.09.1960;1;115
DURMUSA;116;29.09.1957;1;115
ZINNETE;115;20.06.1955;0;115
SANAZ;115;4.04.1968;0;115
AZIZIYE;115;2.07.1958;0;115
SUVEYDE;115;28.04.1964;0;115
ICLA;115;26.03.1972;0;115
HULYE;115;14.12.1973;0;115
HENE;115;20.12.1967;0;115
MERVENUR;115;22.03.1990;0;115
INCILA;115;3.03.1956;0;115
GULZARI;115;12.09.1957;0;115
SUHULE;115;4.03.1963;0;115
NURTANE;115;12.02.1969;0;115
YASIRE;115;2.01.1963;0;115
KURTHANIM;115;7.10.1957;0;115
NAZANGUL;115;14.02.1970;0;115
MAYSEKER;115;29.05.1966;0;115
REFAH;206;18.11.1968;92;114
UBEYDE;189;14.03.1971;75;114
BENZER;144;12.10.1967;30;114
SINAY;142;1.10.1967;28;114
NEBIHAN;121;10.11.1969;7;114
AYLAR;119;13.06.1965;5;114
YEKBUN;118;23.02.1983;4;114
CANFES;115;13.09.1960;1;114
HAZEMI;115;24.08.1961;1;114
MEYRI;114;24.11.1951;0;114
BELGEN;114;26.08.1986;0;114
BESSE;114;4.05.1959;0;114
HAPSE;114;24.01.1960;0;114
VESFA;114;15.05.1976;0;114
RENA;114;24.02.1970;0;114
DONSER;114;14.12.1979;0;114
RUBIYE;114;3.03.1958;0;114
MUCEYLA;114;17.04.1966;0;114
ASLANIYE;114;16.08.1970;0;114
EFRUZE;114;14.07.1953;0;114
EPRUZ;114;7.11.1954;0;114
BINALI;5545;24.06.1958;5432;113
MURSIT;963;22.07.1967;850;113
MERDIN;253;8.04.1968;140;113
ELGIN;144;12.01.1977;31;113
MENAL;129;8.11.1985;16;113
OLCA;127;6.02.1977;14;113
HAVIL;124;18.06.1958;11;113
ULCAY;119;16.01.1954;6;113
SERHAP;116;1.10.1974;3;113
NEHAL;115;21.10.1958;2;113
FADILA;114;4.12.1956;1;113
JANSET;114;20.02.1975;1;113
SABINE;113;24.05.1974;0;113
UZLIFET;113;2.03.1969;0;113
FERIDIYE;113;8.03.1957;0;113
LAYIKE;113;5.04.1969;0;113
FEREHNAZ;113;25.09.1953;0;113
NUTKIYE;113;20.11.1954;0;113
SATIYYE;113;12.10.1958;0;113
ZULBUYE;113;4.12.1962;0;113
SUDET;113;13.12.1973;0;113
HUBRA;113;5.01.1962;0;113
FIRDOVS;113;19.10.1958;0;113
DUDUHAN;113;25.03.1959;0;113
BEYNA;113;13.01.1959;0;113
EMBIYA;586;5.10.1967;474;112
HIZNI;300;17.07.1955;188;112
HEYCAN;128;17.06.1965;16;112
FERAI;123;17.04.1963;11;112
PEYKER;118;7.10.1961;6;112
INCIHAN;113;23.07.1974;1;112
SELDEN;113;4.09.1964;1;112
NULGUN;112;1.11.1972;0;112
IFAGET;112;15.12.1957;0;112
HANZI;112;28.08.1948;0;112
ZELIKE;112;19.08.1967;0;112
GOVHER;112;20.10.1954;0;112
SITTE;112;24.11.1953;0;112
REVSEN;112;4.03.1977;0;112
ZAHIYE;112;28.10.1958;0;112
KATRIYE;112;9.11.1958;0;112
LALEGUL;112;17.05.1970;0;112
REFIGUL;112;6.11.1955;0;112
ANARGUL;112;29.01.1978;0;112
SALEHE;112;2.03.1966;0;112
GULEBATIN;112;21.08.1948;0;112
SELIM;52549;5.10.1971;52438;111
SUHA;1611;11.09.1969;1500;111
ERCIN;1170;13.05.1978;1059;111
DIYAR;350;29.06.1984;239;111
HURAY;141;23.03.1976;30;111
HANO;123;12.10.1941;12;111
MILHAN;117;2.12.1963;6;111
GAMI;113;7.04.1952;2;111
MASUME;112;9.05.1959;1;111
SINI;112;8.12.1962;1;111
ELDA;112;27.05.1976;1;111
SEVILA;112;11.06.1971;1;111
HATEME;111;16.07.1952;0;111
NIYASE;111;23.05.1958;0;111
KUBRANUR;111;13.08.1989;0;111
NAFYE;111;30.08.1957;0;111
ZEHRIYE;111;7.04.1958;0;111
ZOHRIYE;111;13.12.1968;0;111
APTA;111;28.01.1955;0;111
PERIYAN;111;3.12.1960;0;111
GULKADEM;111;25.05.1958;0;111
SADENUR;111;13.08.1975;0;111
SEVINAY;111;3.09.1967;0;111
CEVAHIRE;111;16.08.1949;0;111
SEVKI;14579;2.07.1960;14469;110
YEMLIHA;1123;9.09.1967;1013;110
HUSNI;724;20.11.1959;614;110
ENNUR;121;21.02.1982;11;110
MEYSER;116;25.01.1961;6;110
SEYYAL;113;3.11.1971;3;110
DURDUHAN;113;4.01.1957;3;110
FESIHA;111;7.10.1966;1;110
KEFAYET;111;5.10.1952;1;110
AYNEL;110;13.12.1971;0;110
YAZBAHAR;110;18.05.1965;0;110
HATUNE;110;30.10.1955;0;110
SAMYA;110;16.05.1971;0;110
NILSU;110;16.09.1982;0;110
SAHNIGAR;110;22.10.1951;0;110
CANIBE;110;13.06.1958;0;110
OZGENUR;110;21.06.1989;0;110
SAHURA;110;6.02.1963;0;110
MUSINE;110;8.05.1961;0;110
VECIBE;110;11.10.1962;0;110
SULEHA;110;6.11.1955;0;110
SABRINAZ;110;30.03.1963;0;110
HAMSEY;110;23.12.1964;0;110
CEZAIR;638;20.05.1960;529;109
SUZI;319;4.01.1963;210;109
YURDUSEV;126;3.11.1953;17;109
GARIBAN;119;2.06.1979;10;109
AYTOP;115;24.08.1960;6;109
SEVIC;113;14.01.1968;4;109
NURSELEN;110;21.01.1972;1;109
GULFERIZ;110;5.09.1963;1;109
TAMAME;110;14.01.1956;1;109
SEVGILLI;109;21.12.1957;0;109
PERIYE;109;9.02.1954;0;109
NISE;109;18.10.1958;0;109
FEDIYE;109;1.11.1964;0;109
CAZYA;109;22.06.1958;0;109
AMSA;109;19.07.1963;0;109
ZEHRANUR;109;21.01.1983;0;109
NEVRIZE;109;6.02.1962;0;109
AZIMA;109;12.09.1965;0;109
MAHSIMA;109;28.04.1975;0;109
TEVFIDE;109;1.10.1959;0;109
SIGNEM;109;15.05.1982;0;109
NURINISA;109;26.10.1958;0;109
EFRUMIYE;109;16.05.1959;0;109
BULENT;92118;3.09.1975;92010;108
NECDET;27015;5.01.1965;26907;108
SENAYI;823;29.06.1968;715;108
GUNHAN;477;1.10.1968;369;108
BEYZADE;276;20.04.1957;168;108
BIRAN;154;28.01.1973;46;108
BIRSU;112;21.03.1981;4;108
NARAN;110;30.10.1961;2;108
YALDIZ;110;24.04.1958;2;108
ALTUNA;109;14.08.1960;1;108
SUTI;109;10.07.1947;1;108
MEYESE;108;20.01.1966;0;108
SACIYE;108;15.11.1964;0;108
NESIBA;108;5.11.1966;0;108
ZERCAN;108;12.01.1964;0;108
FADIGUL;108;18.10.1961;0;108
SEMSUL;108;19.05.1949;0;108
SAKIFE;108;12.09.1968;0;108
KESUME;108;17.09.1971;0;108
SUNBULE;108;16.02.1954;0;108
MINNAZ;108;8.01.1961;0;108
LALIFER;108;8.10.1960;0;108
GULSADIYE;108;8.11.1960;0;108
GOKKIZ;108;17.03.1957;0;108
MESULE;108;24.01.1964;0;108
FEYFURE;108;30.04.1972;0;108
FIRE;108;19.10.1955;0;108
HANIF;262;3.07.1961;155;107
EBRAR;169;13.03.1983;62;107
MUAZZEM;139;14.05.1970;32;107
ERVA;110;2.09.1984;3;107
NECME;109;13.12.1958;2;107
BEYCE;108;11.11.1964;1;107
SELINAY;108;13.05.1987;1;107
GULUMAN;108;22.07.1962;1;107
SENDEGUL;107;13.02.1976;0;107
EBRIZE;107;12.04.1966;0;107
GULAYET;107;30.10.1963;0;107
FARIKE;107;28.03.1971;0;107
FERFURE;107;3.10.1965;0;107
RIHANE;107;7.01.1954;0;107
MISRA;107;11.01.1984;0;107
ANGELA;107;6.10.1972;0;107
FERIKA;107;20.06.1957;0;107
KUMAS;107;7.03.1957;0;107
BETIGUL;107;8.04.1964;0;107
METIHA;107;7.05.1971;0;107
RIZKAT;107;26.06.1970;0;107
DERDINAZ;107;13.05.1972;0;107
BENIDE;107;17.04.1961;0;107
HATTUC;107;23.07.1949;0;107
SATILMIS;23347;3.07.1962;23241;106
TAYLAN;4434;18.04.1979;4328;106
DIKMEN;165;8.10.1963;59;106
GUNSU;110;4.09.1976;4;106
KEMAN;110;5.12.1956;4;106
BESGUL;108;26.09.1972;2;106
AVDET;108;6.03.1977;2;106
MUNTAHA;107;14.08.1964;1;106
ZEKIRE;106;13.12.1964;0;106
AYISEHAN;106;29.08.1947;0;106
NAZAHAT;106;10.11.1971;0;106
MAKBULA;106;21.10.1961;0;106
NECIBIYE;106;12.09.1963;0;106
CUMHURIYE;106;11.01.1959;0;106
NAZIMET;106;27.06.1955;0;106
NAMIDE;106;1.11.1968;0;106
ELDEGUL;106;28.12.1969;0;106
BEYLETE;106;4.03.1978;0;106
SERINI;106;16.09.1959;0;106
KESIRE;106;19.09.1970;0;106
GUGERCIN;106;4.03.1961;0;106
KINA;106;13.12.1959;0;106
NILDEN;106;7.05.1981;0;106
OXANA;106;14.08.1977;0;106
ZILEYHA;106;3.08.1960;0;106
AYTUG;777;18.11.1979;672;105
SELIMAN;146;13.08.1959;41;105
SERMAN;137;1.06.1969;32;105
BIRIM;130;18.03.1970;25;105
DURUS;128;29.09.1959;23;105
MEHNUR;117;4.02.1971;12;105
GALI;116;9.07.1959;11;105
BILSEL;113;29.07.1956;8;105
ADILSAH;113;18.03.1970;8;105
SERBIL;107;27.10.1970;2;105
NEBAAT;106;1.06.1961;1;105
AYGUZEL;106;22.08.1972;1;105
ZALIFE;106;15.04.1961;1;105
GURSUM;105;1.08.1962;0;105
LALEZER;105;15.09.1955;0;105
MUZAFFERIYE;105;29.05.1947;0;105
MUNIRA;105;16.07.1962;0;105
FATUMA;105;25.01.1967;0;105
SIYAHAN;105;12.12.1972;0;105
YASIYAN;105;11.03.1969;0;105
GULCEHER;105;16.03.1956;0;105
MESME;105;27.12.1953;0;105
TEKNAZ;105;20.06.1970;0;105
MESRULE;105;8.08.1962;0;105
ERMAN;6605;10.04.1982;6501;104
HALIFE;434;23.03.1962;330;104
HAZMI;194;29.10.1955;90;104
GOKCIN;165;22.10.1974;61;104
SURYA;111;24.11.1968;7;104
YILDA;107;11.03.1979;3;104
UFTADE;106;19.04.1952;2;104
MUDRIKE;105;24.05.1971;1;104
ZELVI;105;21.03.1957;1;104
TOPGUL;105;12.08.1965;1;104
NAZIHA;104;17.02.1957;0;104
HASINA;104;20.12.1961;0;104
MARYA;104;15.04.1970;0;104
BAKIRE;104;14.09.1958;0;104
SABINA;104;18.12.1977;0;104
DILNEVAZ;104;5.11.1972;0;104
GULCIVAN;104;13.02.1963;0;104
PERYAN;104;29.09.1961;0;104
BAHIDE;104;11.05.1960;0;104
ELIDE;104;12.12.1959;0;104
NANIFER;104;4.02.1965;0;104
GULMINE;104;13.02.1968;0;104
NINA;104;23.06.1969;0;104
BIRINAZ;104;9.03.1969;0;104
MULKIBAR;104;23.09.1963;0;104
ZEMMO;104;11.03.1959;0;104
CANER;16739;16.09.1982;16636;103
KUTSAL;553;14.02.1976;450;103
ISMAN;131;23.03.1960;28;103
NEYIR;125;2.09.1968;22;103
GULIHAN;108;16.05.1965;5;103
ESRIN;107;8.05.1979;4;103
ULUFER;105;3.04.1963;2;103
ZULKADE;105;22.07.1956;2;103
TOPI;104;29.05.1956;1;103
REZIKA;103;26.11.1968;0;103
NACIFE;103;24.06.1959;0;103
ANITA;103;7.05.1971;0;103
MAHITAP;103;15.11.1958;0;103
ESMAGUL;103;5.10.1978;0;103
FEYFURI;103;30.03.1965;0;103
NECUDE;103;25.09.1953;0;103
KEJJI;103;4.06.1952;0;103
HAZRA;103;21.04.1962;0;103
NIDEM;103;17.11.1983;0;103
RAZIYA;103;26.03.1954;0;103
TAHSINE;103;12.09.1952;0;103
LIZA;103;8.01.1968;0;103
IFAZE;103;1.08.1953;0;103
CEMAZIYE;103;8.03.1954;0;103
MUSLUMAT;103;6.07.1960;0;103
NEVBER;103;4.05.1950;0;103
MUSALIYE;103;20.11.1957;0;103
GULVADE;103;25.02.1959;0;103
NILSEN;103;6.12.1972;0;103
RAIKA;103;19.06.1957;0;103
ALISE;103;17.07.1958;0;103
DURDUGUL;103;17.06.1963;0;103
MEDET;3059;22.09.1970;2957;102
BERHAN;502;13.03.1977;400;102
ACAR;391;28.04.1963;289;102
MUKADDEM;202;25.09.1961;100;102
ULKAN;115;3.11.1968;13;102
PAKISTAN;109;21.08.1977;7;102
HATCA;102;22.09.1954;0;102
SEYNAZ;102;4.04.1973;0;102
RADOS;102;3.02.1972;0;102
LUTVIYE;102;26.04.1962;0;102
IKNUR;102;4.04.1975;0;102
SIYABE;102;30.01.1963;0;102
ZELIH;102;23.08.1951;0;102
FERAYE;102;1.03.1969;0;102
ZUMEYRA;102;29.02.1976;0;102
ZERE;102;17.01.1960;0;102
KEVE;102;1.04.1961;0;102
GAZELE;102;2.08.1961;0;102
MAVISEN;102;28.06.1963;0;102
TUDU;102;29.10.1949;0;102
NESEM;102;25.11.1979;0;102
GEHVER;102;16.02.1956;0;102
SADI;10870;20.05.1965;10769;101
ERSAN;9926;8.01.1976;9825;101
REHA;1266;18.12.1972;1165;101
TEVEKKUL;167;13.09.1965;66;101
ERZAN;143;9.02.1969;42;101
TUZUN;119;17.08.1963;18;101
OZLEYIS;116;5.06.1980;15;101
CEFAYIR;113;9.01.1968;12;101
BAYRAMHAN;102;10.07.1957;1;101
FERNAZ;101;3.04.1966;0;101
NEVGUL;101;3.06.1970;0;101
NEZMIYE;101;4.09.1962;0;101
MUZZEYYEN;101;8.06.1975;0;101
HEDIYA;101;24.04.1971;0;101
HAYIC;101;14.01.1959;0;101
FECRA;101;2.01.1969;0;101
CALE;101;15.10.1962;0;101
LUDMILA;101;17.07.1972;0;101
SASINE;101;5.08.1958;0;101
ADISAH;101;30.12.1951;0;101
KALEMZER;101;21.06.1958;0;101
MILKINAZ;101;9.11.1968;0;101
YILMAZ;102708;28.03.1969;102608;100
SENDOGAN;1242;25.12.1970;1142;100
HACO;287;25.11.1950;187;100
SUKRET;216;25.09.1964;116;100
DURSAN;145;3.03.1963;45;100
PERVER;144;21.06.1971;44;100
NEHAR;144;30.2.1966;44;100
NERGIN;118;1.02.1974;18;100
RAHAN;112;2.06.1962;12;100
IRADE;104;23.04.1972;4;100
BERRAH;103;2.03.1970;3;100
FATIYE;102;30.2.1960;2;100
DANE;101;17.06.1970;1;100
ILMINUR;101;5.03.1975;1;100
FEYZANUR;100;1.10.1985;0;100
GOZDENUR;100;15.08.1988;0;100
MEHLIKE;100;2.07.1978;0;100
SAFYE;100;5.03.1964;0;100
RENGIGUL;100;12.01.1966;0;100
HUZNIYE;100;16.10.1965;0;100
PORI;100;18.06.1948;0;100
SIVEKAR;100;10.07.1947;0;100
INCIFE;100;30.11.1959;0;100
NAHIRE;100;9.06.1957;0;100
SULTANPERI;100;13.12.1967;0;100
HAVADUDU;100;13.11.1959;0;100
HABBA;100;14.06.1950;0;100
TASFIR;100;4.12.1953;0;100
ERTAN;20515;24.03.1974;20416;99
DOGANAY;396;19.12.1978;297;99
SEVKAN;231;30.11.1978;132;99
FERCAN;155;3.04.1975;56;99
IDAYET;144;15.04.1967;45;99
HAFIF;128;26.06.1963;29;99
CEVAYIR;112;15.11.1965;13;99
EVRIN;110;4.11.1980;11;99
SENUR;110;4.05.1970;11;99
RUYAM;103;17.03.1977;4;99
KARI;101;30.05.1946;2;99
HUSRA;101;4.12.1984;2;99
BEZI;100;5.08.1946;1;99
SEHRAZAT;100;15.09.1970;1;99
SEVLAY;100;15.07.1973;1;99
MUNESSER;100;20.08.1959;1;99
SIRMALI;100;5.10.1962;1;99
FIRDANE;99;21.07.1961;0;99
SAIKA;99;3.07.1966;0;99
MUKRUME;99;17.10.1961;0;99
UCGUL;99;18.04.1968;0;99
FATIMETUZZEHRA;99;23.01.1966;0;99
NAZLIFE;99;9.03.1961;0;99
ADULI;99;20.03.1957;0;99
NEHIYE;99;20.07.1958;0;99
BERADIYE;99;23.07.1965;0;99
RUKUYA;99;18.04.1957;0;99
ALLI;99;23.08.1962;0;99
NAIBE;99;4.09.1957;0;99
SAHINDAR;99;13.07.1948;0;99
AYNURE;99;11.01.1963;0;99
GULLIYE;99;17.09.1966;0;99
PUMPUL;99;20.08.1950;0;99
ANAHIT;99;6.01.1946;0;99
GULPAZE;99;1.12.1960;0;99
METIN;148205;20.06.1973;148107;98
SELCUK;47172;12.07.1979;47074;98
BUGRA;2500;15.06.1986;2402;98
ERSEL;1707;22.05.1977;1609;98
ERINC;414;25.03.1981;316;98
HEKMET;310;6.03.1959;212;98
SENDAG;112;29.07.1972;14;98
DIYANET;106;4.11.1985;8;98
ERMAHAN;102;20.11.1970;4;98
FADILI;102;3.10.1961;4;98
NEZIK;101;13.09.1961;3;98
GULYAN;99;7.07.1965;1;98
DICLEHAN;99;22.05.1975;1;98
AZEL;99;8.09.1963;1;98
BERCIS;98;3.12.1962;0;98
ISINSU;98;21.03.1978;0;98
NILSUN;98;2.08.1976;0;98
SUKRANE;98;16.02.1954;0;98
AYSANE;98;6.08.1954;0;98
RAHIDE;98;19.08.1960;0;98
RUKIYYE;98;18.01.1978;0;98
VELDA;98;28.08.1973;0;98
NURINNISA;98;5.05.1957;0;98
ENGINAR;98;3.09.1971;0;98
RUVIDE;98;12.06.1952;0;98
CUMHURE;98;8.10.1954;0;98
KUSUM;98;12.06.1961;0;98
TOTOS;98;28.07.1955;0;98
EMINDUDU;98;26.08.1958;0;98
FEDIMA;98;2.03.1963;0;98
NAZENI;98;25.07.1951;0;98
TEVCIDE;98;30.11.1952;0;98
MUHARREM;68131;27.10.1965;68034;97
FERUZ;256;7.12.1959;159;97
HURCAN;199;27.07.1975;102;97
HAYRAN;186;27.01.1962;89;97
FIAT;104;2.03.1968;7;97
SOSAN;103;5.01.1957;6;97
OYKUM;103;11.09.1985;6;97
AYZER;102;11.01.1969;5;97
AVVAS;101;15.04.1959;4;97
MUZGAN;98;6.07.1960;1;97
ZAFIRE;97;22.07.1960;0;97
MINURE;97;13.07.1965;0;97
HAKIDE;97;2.02.1960;0;97
AYLER;97;6.10.1971;0;97
MEDIA;97;8.10.1959;0;97
SEVGULU;97;28.03.1963;0;97
SABAHET;97;5.09.1951;0;97
NEDIHA;97;14.09.1966;0;97
GULIZER;97;7.07.1968;0;97
HANIMA;97;2.04.1955;0;97
MELEKI;97;6.04.1960;0;97
NURISE;97;11.10.1960;0;97
NEZAYET;97;7.06.1961;0;97
NISANUR;97;20.12.1980;0;97
MEVSURE;97;21.07.1966;0;97
TEFIKA;97;4.07.1964;0;97
BILGENUR;97;14.05.1982;0;97
GULFIZ;97;28.02.1965;0;97
MUECCEL;97;19.10.1953;0;97
MIHRIMAH;97;2.07.1970;0;97
NESTEREN;97;10.05.1968;0;97
TAKUHI;97;23.12.1947;0;97
INAN;3827;30.03.1981;3731;96
TANZER;668;14.08.1970;572;96
NISANI;169;21.10.1967;73;96
TEZAY;124;27.04.1980;28;96
YEZDAN;114;28.10.1970;18;96
ULKI;112;4.07.1965;16;96
GURCIHAN;107;7.11.1966;11;96
MELIN;107;18.06.1980;11;96
ILDEM;102;11.02.1983;6;96
BAHDISEN;101;14.04.1966;5;96
TARLAN;101;20.01.1953;5;96
CELEN;100;26.01.1965;4;96
BEDEV;96;18.01.1971;0;96
NAZIDE;96;28.05.1959;0;96
MAHDUME;96;14.04.1954;0;96
ZILFIYE;96;7.04.1960;0;96
ZAHRE;96;22.05.1964;0;96
PIRUZ;96;6.09.1960;0;96
NISMIYE;96;16.09.1976;0;96
HELEN;96;13.02.1974;0;96
UMUSE;96;23.09.1959;0;96
BAGDEGUL;96;17.05.1975;0;96
UMUSEN;96;2.01.1961;0;96
DUDIYE;96;2.03.1952;0;96
GULCUK;96;4.06.1963;0;96
GULGUL;96;19.03.1963;0;96
NADEJDA;96;13.03.1970;0;96
NAMIKA;96;25.07.1952;0;96
RUHNAZ;96;24.04.1959;0;96
SIYAHAL;96;4.12.1966;0;96
NORIYE;96;1.03.1959;0;96
ZEMINGUL;96;2.05.1963;0;96
FURKAN;5611;4.05.1987;5516;95
ZULALI;300;30.04.1957;205;95
FANI;180;5.10.1957;85;95
ONEM;143;7.10.1977;48;95
YUKSELEN;136;26.10.1965;41;95
YILDIZHAN;123;10.11.1969;28;95
ADLI;122;27.01.1954;27;95
HURUYET;108;15.04.1966;13;95
BILGER;108;13.04.1965;13;95
UMRE;107;11.05.1986;12;95
ELFESIYE;105;19.07.1976;10;95
BEREN;103;5.09.1987;8;95
EFSER;101;25.02.1967;6;95
SAGI;100;13.06.1953;5;95
TOMBUL;98;26.03.1960;3;95
GULNIHAR;98;8.03.1953;3;95
HILAY;97;21.03.1983;2;95
ILMUHAN;97;3.12.1960;2;95
SONI;96;24.04.1958;1;95
NEVRIDE;95;1.02.1953;0;95
BUSEYNE;95;28.09.1969;0;95
NEDIMAN;95;3.08.1957;0;95
HASPIKE;95;25.07.1964;0;95
GULCAHAN;95;10.08.1965;0;95
GULMINNET;95;18.07.1960;0;95
SEFINAZ;95;6.02.1963;0;95
FAZLIYE;95;15.02.1953;0;95
LENA;95;25.02.1980;0;95
RUBEYDA;95;7.07.1976;0;95
NASIBA;95;7.05.1957;0;95
LORA;95;15.09.1977;0;95
ASIMA;95;4.07.1961;0;95
MEYRAMA;95;20.03.1970;0;95
NASIHE;95;21.01.1968;0;95
SANDRA;95;7.10.1975;0;95
ANJEL;95;22.10.1948;0;95
GULKADER;95;1.11.1980;0;95
GUNSEN;95;2.03.1956;0;95
ZAHLE;95;26.11.1959;0;95
TULYA;95;16.02.1971;0;95
SVITLANA;95;6.11.1973;0;95
ILKBAHAR;95;26.02.1969;0;95
NESENUR;95;2.11.1969;0;95
EMINEHATUN;95;6.07.1967;0;95
SATMAN;95;20.02.1966;0;95
ABIDET;95;29.10.1960;0;95
VATANGUL;95;11.01.1971;0;95
GULSAY;95;5.03.1971;0;95
GULSEKER;95;5.01.1959;0;95
TUTUYA;95;26.09.1959;0;95
FINTOZ;95;20.03.1951;0;95
HUNAV;95;15.06.1963;0;95
KARIBAR;95;20.01.1969;0;95
MAKFIRE;95;16.06.1955;0;95
NURBIYE;95;25.06.1968;0;95
TURHAN;12426;21.06.1963;12332;94
FADIL;4882;8.05.1966;4788;94
EYMEN;249;27.11.1982;155;94
AKCA;140;26.04.1959;46;94
ISTEM;105;25.06.1982;11;94
GUNAR;103;17.04.1957;9;94
HAVI;100;24.01.1950;6;94
RUHSEL;100;10.06.1958;6;94
CEYLIN;96;18.05.1986;2;94
SUNGUL;95;22.10.1973;1;94
BAGNU;94;3.12.1977;0;94
FIDOS;94;22.05.1945;0;94
MELEKNUR;94;29.06.1974;0;94
NEFILE;94;7.04.1964;0;94
BERFE;94;20.04.1965;0;94
VESILA;94;19.10.1969;0;94
LEYLE;94;22.06.1964;0;94
AKIYE;94;25.11.1959;0;94
ALTUNGUL;94;29.01.1963;0;94
MADLEN;94;24.03.1957;0;94
SEMYA;94;1.11.1976;0;94
SAFINE;94;6.06.1959;0;94
BAHTIGUL;94;14.09.1972;0;94
SINAN;75938;11.03.1978;75845;93
BOZAN;2193;21.01.1965;2100;93
CERKEZ;879;6.07.1961;786;93
ONCEL;283;21.03.1970;190;93
SEMIRAL;105;30.09.1961;12;93
BERCIN;105;22.11.1982;12;93
MERAM;102;20.09.1972;9;93
REVA;102;12.04.1982;9;93
ARUS;101;26.10.1953;8;93
DURA;95;30.12.1959;2;93
SURBIYE;93;8.09.1962;0;93
AIDE;93;27.03.1965;0;93
HEMRA;93;17.01.1968;0;93
BARIKE;93;22.04.1968;0;93
HEVE;93;8.12.1953;0;93
BERMAL;93;6.07.1984;0;93
NESLIYE;93;29.05.1958;0;93
HATICEANA;93;15.05.1949;0;93
ASINE;93;11.11.1964;0;93
ERIBE;93;19.06.1953;0;93
SAFILE;93;26.08.1959;0;93
NECIHA;93;20.03.1955;0;93
PAMIS;93;26.06.1957;0;93
VESIDE;93;29.05.1955;0;93
KAYAKIZ;93;23.09.1952;0;93
SANIYA;93;28.02.1967;0;93
MEVCUDE;93;30.08.1962;0;93
ZUMBULE;93;16.12.1960;0;93
SIDDIYKA;93;8.02.1947;0;93
CENI;93;8.07.1957;0;93
ALPER;25393;18.07.1982;25301;92
EGEMEN;2385;21.01.1984;2293;92
EKIM;245;5.06.1981;153;92
ELHAN;164;30.2.1966;72;92
NESIN;148;2.06.1974;56;92
ESLEM;117;19.11.1984;25;92
GULO;113;25.05.1956;21;92
BIRGEN;99;21.10.1968;7;92
NUSIN;97;23.05.1970;5;92
MUFERRAH;96;20.06.1955;4;92
NEVA;94;16.09.1976;2;92
ILKGUN;94;15.05.1975;2;92
SADILE;93;24.01.1961;1;92
CEMIYET;93;1.03.1965;1;92
SERMA;92;17.07.1968;0;92
MUNURIYE;92;27.03.1961;0;92
FATIGUL;92;1.06.1957;0;92
CEBRIYE;92;23.03.1961;0;92
MISKINE;92;7.04.1983;0;92
NESEP;92;23.06.1963;0;92
GARBIYE;92;13.06.1973;0;92
NEDYE;92;14.06.1975;0;92
FURUZE;92;30.10.1960;0;92
ELIFA;92;7.08.1970;0;92
RAGDA;92;28.08.1960;0;92
RUSDIYE;92;26.04.1953;0;92
GULTOP;92;1.03.1963;0;92
ZERAFET;92;25.07.1961;0;92
ZALA;92;12.09.1961;0;92
IRYNA;92;15.12.1973;0;92
EFILE;92;5.09.1964;0;92
ZEMZE;92;27.11.1961;0;92
NERDANE;92;8.01.1963;0;92
GEVER;92;29.05.1959;0;92
MEMICAN;92;26.01.1972;0;92
AYDOGAN;3658;5.10.1969;3567;91
EMIRHAN;1780;9.02.1979;1689;91
GUN;209;8.11.1970;118;91
REFA;173;9.04.1964;82;91
AKSU;125;4.06.1978;34;91
SANSEL;111;27.06.1970;20;91
SADEN;109;3.10.1961;18;91
ATIYYE;97;20.02.1961;6;91
UMRA;95;2.12.1983;4;91
SARISTAN;93;15.07.1972;2;91
ELEN;92;5.03.1978;1;91
SATUT;91;28.03.1951;0;91
MUZDELIFE;91;11.03.1964;0;91
MUAMMERE;91;11.11.1945;0;91
NEFYE;91;7.05.1959;0;91
CEMILA;91;18.01.1966;0;91
ZERKA;91;12.06.1958;0;91
NURULHUDE;91;30.11.1973;0;91
CAZYE;91;18.04.1965;0;91
NASIRE;91;10.09.1965;0;91
NARE;91;19.01.1958;0;91
MUBERYA;91;30.07.1977;0;91
SEFIDE;91;3.05.1958;0;91
MAFIDE;91;14.10.1956;0;91
GULSEVI;91;1.04.1967;0;91
SONSEN;91;20.04.1976;0;91
GULACAR;91;10.07.1968;0;91
BEHINAZ;91;2.03.1954;0;91
HUHI;91;8.11.1956;0;91
RUHAVZA;91;3.04.1965;0;91
INCINAZ;91;9.04.1965;0;91
EMENTI;91;15.01.1969;0;91
RAIKE;91;4.04.1959;0;91
GULTERIYE;91;3.02.1953;0;91
SERDAR;71352;5.05.1981;71262;90
NAZLIM;378;23.07.1966;288;90
KAYALI;181;30.07.1958;91;90
USKUDAR;135;15.05.1964;45;90
YAREN;124;8.11.1980;34;90
GEZER;104;25.07.1959;14;90
HAVES;93;5.07.1968;3;90
MAGFIRET;93;21.09.1964;3;90
MAHMUR;93;28.04.1956;3;90
NOFI;92;21.08.1951;2;90
BEDRIZAMAN;91;14.06.1965;1;90
PIRUZHAN;91;6.01.1955;1;90
NUSBET;91;5.01.1975;1;90
NURSEDA;90;9.11.1985;0;90
MAKSUDIYE;90;22.06.1958;0;90
GULUFE;90;8.06.1964;0;90
SEYIBE;90;24.08.1961;0;90
GULCEHAN;90;24.09.1962;0;90
ZERGI;90;28.07.1954;0;90
ELIZA;90;1.04.1955;0;90
RAHEL;90;6.09.1953;0;90
BELGIZ;90;25.08.1965;0;90
NACIYA;90;6.07.1966;0;90
AYZIN;90;20.03.1965;0;90
ZELIYE;90;17.01.1961;0;90
UMMIGULSUN;90;14.07.1974;0;90
ALEYNA;90;9.04.1983;0;90
GULFERE;90;24.09.1955;0;90
NEYYIRE;90;22.07.1956;0;90
ELMAYI;90;30.07.1956;0;90
URHUC;90;28.11.1962;0;90
HAMDINE;90;12.01.1962;0;90
RIZBAR;90;2.04.1960;0;90
GISVER;90;23.05.1973;0;90
MAZULE;90;13.06.1965;0;90
GULZERIN;90;11.05.1971;0;90
SEHNE;90;8.04.1949;0;90
DIBE;90;5.05.1948;0;90
SONEL;217;6.09.1974;128;89
SERDAG;112;5.03.1975;23;89
NURDEM;99;6.12.1975;10;89
NERZAN;92;3.10.1964;3;89
NACIHAN;91;19.02.1972;2;89
MUGADDES;90;6.01.1966;1;89
SULAY;90;4.03.1974;1;89
ZIRAF;89;4.03.1958;0;89
RANE;89;17.01.1960;0;89
YEKTANE;89;13.03.1960;0;89
GULNAHAR;89;19.08.1958;0;89
GULEMBER;89;12.05.1960;0;89
NALEN;89;8.03.1970;0;89
NAZLICAN;89;21.06.1985;0;89
NADIA;89;2.03.1965;0;89
IBADIYE;89;29.09.1962;0;89
HALIZE;89;27.11.1959;0;89
BEDIRE;89;17.06.1955;0;89
SIRINAZ;89;19.03.1972;0;89
FAHRINAZ;89;26.01.1961;0;89
KUCUKHANIM;89;20.01.1954;0;89
BEDEVIYE;89;18.12.1970;0;89
RAHCAN;89;10.04.1969;0;89
IDEY;89;27.11.1957;0;89
TURFA;89;15.01.1962;0;89
GOKAY;3668;5.06.1981;3580;88
ADIGUZEL;1416;24.08.1961;1328;88
ZEYNETTIN;1225;23.09.1973;1137;88
OZMEN;628;29.10.1976;540;88
MEVLANA;579;9.12.1978;491;88
SENYURT;189;1.03.1968;101;88
SUHAN;164;18.06.1973;76;88
HEPSEN;90;18.08.1970;2;88
NEVSAL;90;26.12.1964;2;88
CEMALE;89;20.10.1959;1;88
KAMZE;88;8.03.1976;0;88
MAISE;88;10.07.1968;0;88
NAFIE;88;12.09.1959;0;88
MINAVER;88;10.08.1970;0;88
NURSEVER;88;3.09.1973;0;88
SEHLIYE;88;2.08.1969;0;88
LAMA;88;7.02.1959;0;88
HULIYE;88;5.11.1967;0;88
MURUDE;88;20.05.1961;0;88
HALILE;88;19.09.1961;0;88
RABISE;88;10.04.1950;0;88
CUMASIYE;88;29.07.1966;0;88
ZELVISAN;88;15.09.1956;0;88
YUCENUR;88;3.02.1971;0;88
SEYRA;88;12.09.1979;0;88
BIRSENGUL;88;27.07.1971;0;88
FAMIS;88;23.03.1951;0;88
PAMUS;88;19.08.1947;0;88
HIZIM;88;16.07.1958;0;88
SATIHANIM;88;24.10.1966;0;88
VEFIYE;88;15.08.1957;0;88
MARIKA;88;16.10.1947;0;88
SUKUR;798;29.01.1967;711;87
KAMRAN;299;22.09.1967;212;87
ILIM;177;5.04.1977;90;87
HALET;169;17.06.1956;82;87
TEZEL;127;17.07.1966;40;87
SEMAN;123;9.03.1961;36;87
SEVDAL;120;20.04.1973;33;87
IMRE;109;28.02.1972;22;87
IRFET;105;22.06.1964;18;87
FADI;105;3.09.1958;18;87
ERMAGAN;101;3.03.1958;14;87
ILKIZ;99;20.12.1973;12;87
SEMAAT;91;14.02.1959;4;87
CAGNUR;89;22.07.1981;2;87
ISRA;88;29.08.1981;1;87
VATHAN;88;17.11.1960;1;87
SACLI;88;1.08.1952;1;87
KUTI;88;11.08.1938;1;87
MIHRINUR;87;14.11.1964;0;87
EVA;87;6.08.1960;0;87
LARISA;87;4.08.1972;0;87
HURRIYE;87;3.08.1967;0;87
ZULUF;87;13.08.1967;0;87
YASAMIN;87;23.09.1976;0;87
FERIHE;87;27.12.1964;0;87
BENEFSE;87;25.05.1947;0;87
LIDYA;87;22.01.1973;0;87
NECIMA;87;29.04.1971;0;87
EMINEANA;87;28.09.1954;0;87
MERKUBE;87;16.11.1951;0;87
NEVIZE;87;15.02.1964;0;87
IMINE;87;11.09.1960;0;87
GULNAZIYE;87;22.07.1962;0;87
FEIME;87;2.12.1960;0;87
CISE;87;17.05.1983;0;87
MURIFE;87;4.10.1953;0;87
VIKTORIYA;87;17.08.1973;0;87
MINISE;87;8.10.1965;0;87
ZULEHA;87;21.05.1962;0;87
NESLINUR;87;7.05.1979;0;87
YULIYA;87;19.06.1977;0;87
HUMRISAN;87;26.03.1964;0;87
DERDO;87;19.11.1952;0;87
HUCUZ;87;4.11.1963;0;87
REBEKA;87;25.06.1940;0;87
ARIF;79659;28.06.1965;79573;86
DURMUS;51237;6.06.1960;51151;86
ILKCAN;163;29.07.1982;77;86
BALA;122;3.01.1968;36;86
NARMAN;118;19.09.1962;32;86
MEDI;101;5.05.1951;15;86
ETI;93;28.11.1957;7;86
NURLAN;92;9.07.1970;6;86
SILAY;91;27.05.1981;5;86
MERAK;88;27.06.1976;2;86
SALIMET;87;25.12.1956;1;86
SEMSIBAN;86;4.08.1963;0;86
ZELEYHA;86;17.09.1952;0;86
PERRIN;86;23.07.1971;0;86
GAMZEGUL;86;1.12.1986;0;86
MAGBULE;86;11.06.1965;0;86
NEFYA;86;5.10.1964;0;86
MEYSO;86;4.07.1962;0;86
SEVKA;86;19.05.1955;0;86
MESIDE;86;23.06.1965;0;86
HAVZE;86;6.07.1969;0;86
SEMUDE;86;21.04.1963;0;86
BALKIS;86;12.01.1959;0;86
NURYE;86;27.12.1964;0;86
SEFRA;86;27.10.1971;0;86
SUSE;86;11.01.1947;0;86
NURGEN;86;25.05.1969;0;86
HAKINE;86;9.09.1962;0;86
BELINDA;86;16.04.1978;0;86
REFIYA;86;15.10.1967;0;86
SENTENET;86;28.11.1973;0;86
DURSADIYE;86;30.08.1964;0;86
SEDAT;72826;9.03.1976;72741;85
TANER;33156;29.06.1979;33071;85
ILKAN;675;27.01.1982;590;85
CANEL;210;9.01.1976;125;85
NUSHET;152;18.06.1958;67;85
SAAT;129;23.10.1950;44;85
BELEMIR;92;22.07.1990;7;85
NERIN;90;22.08.1966;5;85
NURCIVAN;90;10.09.1964;5;85
DUDI;87;12.09.1949;2;85
ASINA;86;7.07.1978;1;85
FIKAR;86;1.06.1952;1;85
GULSELIN;85;3.03.1970;0;85
MUNIRIYE;85;5.11.1961;0;85
YASINE;85;22.10.1975;0;85
SAFIKA;85;5.09.1955;0;85
BEHYE;85;29.06.1966;0;85
MENIRE;85;5.07.1961;0;85
FAHIDE;85;30.01.1967;0;85
ZILKADE;85;5.05.1957;0;85
ZARUHI;85;20.11.1944;0;85
PERIHA;85;30.09.1955;0;85
MENDUFE;85;12.07.1962;0;85
AZINE;85;6.08.1962;0;85
KLARA;85;22.03.1949;0;85
NURIYA;85;29.03.1964;0;85
NURMELEK;85;16.02.1975;0;85
SEVMIYE;85;26.02.1954;0;85
HURUNAZ;85;2.04.1963;0;85
ENVERIYE;85;26.12.1949;0;85
RUHEVZA;85;22.02.1963;0;85
BENEFS;85;25.06.1956;0;85
MUZELFE;85;10.05.1963;0;85
ENIS;6483;28.04.1976;6399;84
GUREL;1032;15.09.1967;948;84
KUMSAL;99;27.05.1984;15;84
AFI;94;18.06.1954;10;84
EVCAN;93;30.06.1961;9;84
ZEHRI;93;7.01.1958;9;84
TALA;92;15.08.1968;8;84
TONBUL;87;13.07.1962;3;84
EFSANE;87;28.06.1981;3;84
MISLIHAN;87;2.03.1973;3;84
RAGBET;86;11.07.1957;2;84
YESEREN;85;26.08.1977;1;84
SAHANDE;84;8.03.1958;0;84
MUCIBE;84;3.11.1956;0;84
BENEVS;84;11.11.1966;0;84
HEDYE;84;19.06.1972;0;84
NUCUDE;84;28.03.1960;0;84
YAZIYE;84;29.01.1968;0;84
MARTA;84;16.07.1957;0;84
GULMINAZ;84;26.08.1958;0;84
SEVIKA;84;5.03.1963;0;84
MUHIBBE;84;29.09.1949;0;84
IZDIHAR;84;26.06.1968;0;84
KIBARA;84;18.09.1957;0;84
FATILI;84;9.01.1959;0;84
BIBI;84;23.05.1964;0;84
HIVDA;84;4.08.1987;0;84
HANSEY;84;8.03.1957;0;84
MAVA;84;23.12.1958;0;84
CIMENGUL;84;14.06.1970;0;84
SAKIN;1416;21.11.1971;1333;83
MECNUN;962;3.02.1977;879;83
SITTIK;491;29.04.1961;408;83
FERDAL;201;19.07.1975;118;83
HUZUR;171;30.03.1980;88;83
TEKSIN;118;13.11.1973;35;83
HURRUYET;96;19.09.1968;13;83
GULSANI;86;6.04.1964;3;83
MAHIBE;83;8.01.1963;0;83
IMI;83;24.03.1940;0;83
MUGRIYE;83;10.07.1948;0;83
SAHTURNA;83;11.03.1977;0;83
SERIFA;83;28.09.1970;0;83
RAKKIYE;83;30.04.1969;0;83
MEKIYA;83;10.04.1977;0;83
PELDA;83;2.08.1989;0;83
NARGIHAN;83;7.09.1979;0;83
NESLAN;83;2.06.1959;0;83
ZULUFE;83;6.06.1962;0;83
HATICEGUL;83;10.02.1964;0;83
GULNISAN;83;8.10.1957;0;83
SULIYE;83;23.01.1964;0;83
ELVIRA;83;21.01.1973;0;83
UMRUYE;83;18.08.1960;0;83
BIKEM;83;25.07.1978;0;83
GULAV;83;8.04.1965;0;83
KAMERIYE;83;15.02.1955;0;83
HANKIYE;83;28.04.1951;0;83
ZEYNEL;16615;2.08.1967;16533;82
UNVER;837;28.07.1964;755;82
GURSU;224;21.12.1975;142;82
FERAN;142;16.08.1970;60;82
MEYSERE;90;10.05.1963;8;82
SORAY;89;28.03.1977;7;82
NERVIN;85;24.03.1967;3;82
GABRIELA;84;8.12.1976;2;82
SELFI;84;8.06.1961;2;82
NUBER;83;12.10.1958;1;82
IRIS;83;20.07.1975;1;82
ALTEY;82;29.12.1949;0;82
VEHIDE;82;7.08.1955;0;82
REFIGA;82;26.08.1960;0;82
HANIMGUL;82;8.06.1965;0;82
RUHSER;82;24.07.1951;0;82
TUGBANUR;82;3.08.1988;0;82
GULENNUR;82;4.03.1970;0;82
ZUBIYDE;82;2.05.1960;0;82
MUSRIKE;82;4.08.1966;0;82
SANYA;82;14.05.1971;0;82
REDDA;82;10.03.1968;0;82
REYYA;82;29.09.1962;0;82
SEMIME;82;4.06.1956;0;82
UMIHAN;82;24.05.1971;0;82
SIMAMPERI;82;14.08.1969;0;82
MESKULE;82;8.08.1961;0;82
KABIYE;82;9.07.1969;0;82
ZEYKIYE;82;20.03.1966;0;82
TUZIN;82;13.05.1966;0;82
GULNAZLI;82;29.06.1961;0;82
GULDUREN;82;28.10.1958;0;82
SUMERAY;82;12.12.1967;0;82
TESBIRE;82;29.06.1955;0;82
PAYENDE;82;20.02.1953;0;82
FERANAZ;82;10.02.1959;0;82
NURSENA;82;12.06.1982;0;82
SAFYETE;82;18.12.1966;0;82
SUKURNAZ;82;18.08.1962;0;82
MABER;82;30.07.1950;0;82
AHCIK;82;4.07.1952;0;82
BILUN;82;23.01.1979;0;82
SEKRA;82;7.11.1964;0;82
REMIYE;82;14.01.1956;0;82
BERCUHI;82;24.10.1938;0;82
ISMIHANI;82;27.06.1958;0;82
MUHAMMER;4297;6.10.1970;4216;81
FECRI;812;4.02.1980;731;81
TASTAN;517;10.05.1955;436;81
SEMAIL;120;1.05.1957;39;81
RUKAN;108;19.04.1982;27;81
FEHRI;98;16.06.1960;17;81
GULEC;95;16.09.1963;14;81
MENZIL;86;3.06.1974;5;81
HINDISTAN;85;29.01.1978;4;81
GULNEHAR;85;7.04.1955;4;81
BILGESU;84;28.12.1987;3;81
BAHTISAN;83;9.12.1968;2;81
AVIS;83;12.12.1951;2;81
SALIBE;83;30.06.1961;2;81
SENGULER;83;25.12.1962;2;81
HATAI;82;14.11.1942;1;81
NASIME;82;16.08.1965;1;81
AYYUCE;82;24.05.1985;1;81
CEVIDE;81;21.02.1963;0;81
GULBER;81;2.09.1966;0;81
FATIHE;81;28.12.1973;0;81
HADLE;81;30.12.1957;0;81
AKIME;81;9.06.1959;0;81
NEDIRE;81;8.05.1960;0;81
SUKRUNAZ;81;5.11.1955;0;81
GULUMAY;81;6.08.1964;0;81
NEYIRE;81;2.10.1959;0;81
MELIZ;81;7.12.1981;0;81
AFIZE;81;19.02.1959;0;81
TURIYE;81;3.05.1956;0;81
NAZIGE;81;20.03.1948;0;81
TATYANA;81;1.09.1973;0;81
SEBIYA;81;1.12.1967;0;81
SEVKE;81;11.10.1961;0;81
AYKIZ;81;12.02.1970;0;81
SEMEHE;81;16.08.1958;0;81
ENTIKA;81;24.05.1966;0;81
FERRUHA;81;5.03.1955;0;81
SEVGUZEL;81;24.02.1970;0;81
MAHTUME;81;21.04.1950;0;81
SAHIL;145;13.11.1975;65;80
BILAY;99;26.07.1974;19;80
HECI;91;25.11.1941;11;80
KARAR;85;16.11.1959;5;80
PERHAN;82;15.04.1968;2;80
FARAH;82;19.07.1976;2;80
FILIZAN;82;11.11.1963;2;80
CEZANUR;81;2.08.1968;1;80
CEMIYLE;80;1.02.1962;0;80
ZELISAN;80;10.02.1966;0;80
SOSEY;80;6.11.1954;0;80
ETER;80;30.09.1960;0;80
INNA;80;24.05.1975;0;80
SEMSINAZ;80;4.04.1958;0;80
MELIYHA;80;30.12.1961;0;80
MUSEVVER;80;24.01.1954;0;80
KAMELYA;80;19.04.1976;0;80
GULFILIZ;80;14.11.1968;0;80
GAZALEY;80;18.06.1960;0;80
SAKINA;80;4.05.1965;0;80
HAMAME;80;11.04.1954;0;80
ZUMRUTE;80;15.06.1969;0;80
HILIYE;80;10.10.1959;0;80
SEBIA;80;18.09.1958;0;80
SANIZE;80;12.05.1960;0;80
SENAM;80;24.01.1961;0;80
HANIMNAZ;80;4.02.1962;0;80
SEKIFE;80;18.03.1953;0;80
SAYINUR;80;24.07.1960;0;80
MELEMSE;80;15.02.1960;0;80
VESIYE;80;17.02.1969;0;80
HANPASA;80;23.12.1951;0;80
GULMELEK;80;4.11.1969;0;80
YEDIGUL;80;15.04.1967;0;80
TAKSIME;80;24.02.1968;0;80
NENEHANIM;80;24.05.1944;0;80
HEYIFHAN;80;17.10.1972;0;80
FECER;80;12.11.1970;0;80
MAIZER;80;28.01.1937;0;80
LEMZIYE;80;6.10.1956;0;80
ZELLUH;80;12.07.1954;0;80
YENER;7989;1.05.1974;7910;79
EHLIMAN;210;17.02.1958;131;79
OMRAN;134;16.11.1968;55;79
GULBAY;123;16.01.1962;44;79
MAKBUL;120;4.04.1963;41;79
TUYGUN;111;19.05.1956;32;79
ZUMRET;107;11.05.1964;28;79
MUKEREM;97;17.12.1970;18;79
GULSAT;87;7.07.1969;8;79
FIRASET;87;21.04.1968;8;79
UMREN;82;12.05.1970;3;79
ILTIFAT;82;12.03.1964;3;79
ISMICAN;81;9.10.1969;2;79
HACIHAN;81;17.01.1955;2;79
MESERET;80;13.12.1960;1;79
GEZI;80;28.04.1950;1;79
NURAYAN;80;10.01.1966;1;79
YENIDUNYA;80;10.01.1969;1;79
HUMEYRE;79;30.04.1957;0;79
MENZURE;79;3.10.1960;0;79
ZEMHANUR;79;11.06.1958;0;79
CEZMIYE;79;3.11.1960;0;79
NESIMA;79;25.05.1968;0;79
NADIYA;79;23.11.1966;0;79
ARFE;79;19.12.1965;0;79
SUULE;79;17.10.1970;0;79
MERIBAN;79;18.07.1966;0;79
MESURIYE;79;1.01.1965;0;79
MAVIZER;79;29.03.1964;0;79
SALISAR;79;28.08.1959;0;79
SECILAY;79;9.05.1984;0;79
MESIRE;79;21.05.1964;0;79
GUZADE;79;18.05.1959;0;79
MULISE;79;23.11.1965;0;79
MAYDA;79;13.10.1961;0;79
CEMALIFER;79;21.11.1956;0;79
CIMSIDE;79;26.06.1970;0;79
MISRIHAN;79;3.06.1970;0;79
REYNA;79;19.06.1955;0;79
MIRDESI;79;25.04.1957;0;79
ZINYET;79;24.03.1959;0;79
ANZELHA;79;12.12.1966;0;79
HAYRINAZ;79;30.07.1962;0;79
ZEHTE;79;10.09.1954;0;79
MULLA;1422;26.05.1962;1344;78
GURDAL;1130;15.10.1975;1052;78
YEMLIHAN;541;8.06.1966;463;78
ISTIKLAL;186;9.04.1967;108;78
TATLI;160;8.07.1959;82;78
KERAMET;149;6.09.1972;71;78
FECIR;145;28.01.1968;67;78
FIKIR;126;8.05.1962;48;78
SENYIL;88;24.05.1966;10;78
SAFIYET;81;14.11.1962;3;78
NEVSER;79;1.06.1963;1;78
NESLIHA;78;7.05.1971;0;78
GULLUSTAN;78;7.07.1966;0;78
NURUYE;78;2.08.1958;0;78
MAKBULIYE;78;3.02.1960;0;78
FILIZE;78;3.12.1964;0;78
ESMEGUL;78;28.06.1974;0;78
SENNURE;78;25.03.1964;0;78
SOHEYLA;78;23.08.1966;0;78
ZULFA;78;16.04.1969;0;78
VIYAN;78;3.09.1986;0;78
AYSALI;78;28.11.1955;0;78
MESGULE;78;2.03.1966;0;78
EFTADE;78;13.05.1956;0;78
SAHIGUL;78;9.06.1961;0;78
NEVIRE;78;15.11.1956;0;78
YESIRE;78;4.03.1963;0;78
SEIDE;78;3.12.1956;0;78
BILTEN;78;22.09.1974;0;78
MELEKPER;78;10.01.1958;0;78
CENNETIYE;78;25.10.1964;0;78
URGUC;78;8.06.1962;0;78
MOHBET;78;3.12.1964;0;78
SEVDINAZ;78;14.07.1967;0;78
UZUM;78;5.10.1956;0;78
BEGLIYE;78;20.10.1949;0;78
RABEY;78;25.01.1949;0;78
DOGAN;40254;25.03.1972;40177;77
ANDAC;397;28.07.1982;320;77
UZAY;292;18.10.1976;215;77
SECMEN;170;11.02.1972;93;77
BUHARI;137;16.11.1966;60;77
SIHAT;107;13.04.1966;30;77
URUN;103;14.01.1982;26;77
ESEM;92;20.12.1981;15;77
CANSEVEN;89;27.10.1969;12;77
BEDIZ;87;18.04.1968;10;77
VERGUL;82;28.07.1969;5;77
SAMIRAN;80;17.10.1967;3;77
TOZAK;79;8.03.1960;2;77
ASA;78;9.03.1944;1;77
HANA;78;23.05.1953;1;77
SARIKIZ;78;12.10.1959;1;77
NURSU;78;29.07.1976;1;77
ASIMET;78;14.04.1959;1;77
ENIZE;77;14.01.1971;0;77
HEZO;77;18.11.1953;0;77
GULSAHAR;77;9.08.1960;0;77
SAZIDE;77;23.02.1962;0;77
MARDIYE;77;9.05.1974;0;77
MOMINE;77;29.01.1958;0;77
LILIANA;77;30.2.1973;0;77
NECIYE;77;11.08.1963;0;77
CEVHERE;77;10.02.1956;0;77
SERIFANA;77;22.09.1962;0;77
HATIC;77;4.09.1964;0;77
NARKIZ;77;13.09.1960;0;77
KITABIYE;77;19.07.1966;0;77
NURCAHAN;77;6.09.1968;0;77
SEKERIYE;77;22.02.1964;0;77
HAVACAN;77;11.05.1969;0;77
PENPEGUL;77;5.11.1973;0;77
BADESER;77;22.04.1967;0;77
BADIYE;77;13.07.1961;0;77
GULVESIN;77;9.03.1968;0;77
SURMIYE;77;24.10.1964;0;77
ERSUN;1205;4.10.1974;1129;76
AVSAR;410;25.10.1971;334;76
BUYUK;141;2.04.1949;65;76
MUNIS;136;9.03.1957;60;76
PERUZ;91;2.11.1951;15;76
SEDAKET;89;7.09.1957;13;76
SURIYA;85;6.01.1964;9;76
HACE;84;24.04.1952;8;76
HURISAN;83;30.01.1962;7;76
VISAL;82;16.02.1963;6;76
DILCAN;78;24.06.1978;2;76
GULEYHAN;78;17.10.1972;2;76
MEZIYYET;77;17.12.1946;1;76
ECENUR;76;9.09.1989;0;76
ESYA;76;27.12.1957;0;76
GULPENBE;76;15.01.1958;0;76
GULNIHAN;76;26.07.1977;0;76
NEDE;76;5.03.1968;0;76
GULAZEM;76;16.07.1966;0;76
ZINEP;76;18.04.1948;0;76
NAMEGUL;76;22.10.1970;0;76
HASKADIN;76;28.06.1958;0;76
HULIYA;76;19.11.1970;0;76
FEHIDE;76;22.06.1969;0;76
MELODI;76;4.06.1987;0;76
NURGIL;76;3.07.1973;0;76
KADINSAH;76;21.10.1951;0;76
FERUZAT;76;5.05.1952;0;76
TOPALAK;76;9.03.1967;0;76
MUTEZIM;76;9.12.1974;0;76
HOSKADEM;76;20.12.1965;0;76
GULLABIYE;76;9.04.1958;0;76
SUDRET;76;22.07.1960;0;76
KADIR;133560;29.09.1967;133485;75
ARAFA;310;21.10.1966;235;75
SINA;250;30.07.1976;175;75
SEVBAN;191;1.04.1982;116;75
HAZIRAN;113;5.09.1966;38;75
SONUC;94;9.07.1974;19;75
NEPTUN;89;13.07.1963;14;75
ALA;86;4.05.1970;11;75
IRADET;79;24.05.1957;4;75
DIRRI;78;20.12.1946;3;75
AHENK;77;24.02.1981;2;75
NURDENIZ;77;16.08.1978;2;75
ELSINET;77;14.06.1973;2;75
HACEY;75;6.08.1944;0;75
MIYASSER;75;17.11.1973;0;75
AYSEVIL;75;9.06.1974;0;75
RUSKET;75;12.10.1966;0;75
EMINI;75;26.04.1948;0;75
BERIHAN;75;11.10.1960;0;75
KANDILE;75;7.12.1969;0;75
HILYA;75;30.11.1958;0;75
SERINE;75;15.12.1964;0;75
NECDIYE;75;25.02.1963;0;75
AYNAZ;75;10.08.1976;0;75
MEHBUBE;75;2.08.1958;0;75
MURFIDE;75;7.06.1964;0;75
SILVIA;75;21.06.1972;0;75
HULVIYE;75;4.12.1960;0;75
GORCEK;75;21.06.1962;0;75
GIYMET;75;16.07.1963;0;75
LEYMUNE;75;2.04.1956;0;75
MUBERA;75;2.01.1966;0;75
AYSEKADIN;75;12.07.1956;0;75
TACIYE;75;13.05.1962;0;75
BETRIYE;75;9.02.1958;0;75
MORGUL;75;4.05.1970;0;75
UFTADIYE;75;9.10.1949;0;75
GULBAHCE;75;11.11.1964;0;75
NECIDE;75;15.10.1959;0;75
HANIMZADE;75;7.06.1955;0;75
ARSLANIYE;75;7.09.1969;0;75
MEVHIDE;75;15.05.1967;0;75
VEKILE;75;12.12.1971;0;75
TUTUYE;75;23.01.1955;0;75
NARGIZ;75;7.02.1967;0;75
NENI;75;17.06.1951;0;75
SIMIZER;75;17.07.1951;0;75
OMURIYE;75;5.04.1967;0;75
NAZIKTAR;75;18.11.1952;0;75
SESIL;75;7.10.1982;0;75
BEGEY;75;30.01.1956;0;75
GUNDOGDU;379;22.08.1963;305;74
OZDILEK;186;30.12.1966;112;74
SIRET;142;26.02.1962;68;74
ZULFET;90;30.2.1959;16;74
OZLENEN;86;3.12.1973;12;74
GULBAKI;85;27.04.1953;11;74
SONCAN;82;16.07.1978;8;74
GURSER;81;23.03.1963;7;74
ESO;79;6.08.1953;5;74
ASLIM;79;18.02.1969;5;74
NURIHAN;78;8.01.1961;4;74
VENUS;78;12.07.1973;4;74
IZAFET;76;8.07.1963;2;74
GULGEN;76;3.06.1974;2;74
NURHILAL;75;17.03.1975;1;74
FERMIN;75;8.11.1967;1;74
JULYET;74;17.04.1962;0;74
GEVREY;74;1.03.1945;0;74
SUHANDAN;74;17.09.1958;0;74
ZERIHAN;74;19.03.1963;0;74
SEVNAZ;74;16.08.1972;0;74
MENISE;74;20.03.1965;0;74
MERYEMHAN;74;6.10.1970;0;74
ZUHDIYE;74;12.02.1954;0;74
HATMIYE;74;18.05.1956;0;74
KAZIMET;74;7.08.1954;0;74
ZENNIBE;74;15.07.1956;0;74
HUVEYLA;74;28.06.1960;0;74
MESSURE;74;16.03.1966;0;74
IMEHAN;74;4.10.1957;0;74
SAZILE;74;17.01.1965;0;74
MIHANE;74;26.08.1953;0;74
GULFIRE;74;12.06.1963;0;74
NEFSE;74;10.01.1964;0;74
ABUTEL;74;21.12.1957;0;74
ANAGUL;74;12.10.1967;0;74
MISLIYE;74;4.12.1958;0;74
GULFIYET;74;3.04.1960;0;74
HETIKE;74;4.02.1956;0;74
NEBIYYE;74;7.01.1961;0;74
YASER;673;14.11.1978;600;73
KUTRET;145;7.02.1965;72;73
RAYHAN;120;6.08.1961;47;73
MELAL;93;30.09.1960;20;73
AZET;86;2.05.1965;13;73
NEDIRET;85;15.05.1965;12;73
RUHSET;83;3.08.1955;10;73
CERAN;80;4.04.1963;7;73
MUSAVET;78;16.08.1968;5;73
AYCEN;77;7.07.1973;4;73
NIFSI;77;4.05.1967;4;73
GULLIHAN;74;10.04.1965;1;73
CENET;74;7.08.1968;1;73
SUDA;74;8.07.1967;1;73
DINA;74;10.11.1966;1;73
BELDE;73;11.01.1985;0;73
CANIYE;73;9.06.1965;0;73
RAIDE;73;6.05.1969;0;73
DURYE;73;4.01.1964;0;73
SEFILE;73;24.11.1965;0;73
FEDILA;73;13.03.1973;0;73
ARNE;73;15.05.1954;0;73
HADILE;73;5.01.1964;0;73
SURYE;73;29.08.1964;0;73
GURNAZ;73;19.10.1965;0;73
MENDUFA;73;17.10.1967;0;73
SUBEYDE;73;30.12.1964;0;73
MAVILE;73;16.12.1960;0;73
AIDA;73;20.06.1971;0;73
KEHRIBAN;73;15.11.1963;0;73
GURTEN;73;22.01.1956;0;73
GULFIDA;73;30.06.1961;0;73
BAHARGUL;73;29.11.1971;0;73
NAHICE;73;10.04.1959;0;73
MUZGEN;73;4.05.1963;0;73
LUBA;73;9.12.1964;0;73
SEHRIGUL;73;15.07.1967;0;73
YEMIS;73;8.01.1954;0;73
VEZZUHA;73;19.12.1959;0;73
NAGME;73;23.03.1978;0;73
HURISIMAN;73;14.11.1966;0;73
SEREFIYE;73;30.08.1960;0;73
DONMUS;73;6.12.1957;0;73
FERZEY;73;21.10.1961;0;73
GAZNEY;73;23.02.1961;0;73
NEYUL;73;11.02.1967;0;73
BEREKET;612;3.02.1968;540;72
TALIH;490;15.04.1973;418;72
TANSER;188;21.02.1972;116;72
ILDENIZ;129;1.02.1977;57;72
ELVER;128;12.02.1957;56;72
SARO;127;30.01.1964;55;72
SERGUN;117;7.05.1970;45;72
HACCI;115;30.09.1951;43;72
ILFET;102;2.05.1967;30;72
GOKCEM;91;26.03.1984;19;72
MUGADDER;89;10.02.1965;17;72
GURCIN;83;19.10.1965;11;72
NURHAL;82;25.12.1964;10;72
GULKAYA;73;29.11.1969;1;72
EKLIME;72;30.03.1964;0;72
SELINA;72;29.12.1981;0;72
UMIYE;72;6.04.1963;0;72
HEPGUL;72;21.02.1963;0;72
MAHBERI;72;28.08.1976;0;72
ZINETE;72;28.04.1958;0;72
MELHAT;72;20.11.1974;0;72
GULFEHEM;72;6.07.1968;0;72
SABURE;72;20.03.1961;0;72
NABAT;72;19.10.1954;0;72
NAR;72;2.03.1962;0;72
ZEYTUNE;72;22.10.1967;0;72
KEZZI;72;3.03.1954;0;72
MEMDUHE;72;4.03.1952;0;72
AYSO;72;20.12.1941;0;72
AMIRA;72;1.02.1976;0;72
EMMUNE;72;2.06.1951;0;72
MUKRIMA;72;5.10.1966;0;72
SEYRIYE;72;26.02.1964;0;72
NEDIBE;72;26.12.1959;0;72
IKBALIYE;72;19.03.1960;0;72
PAKIZAR;72;2.10.1954;0;72
ILIMAN;72;25.05.1961;0;72
GULNADIYE;72;19.11.1961;0;72
SAHINNAZ;72;17.10.1960;0;72
SUSEMBER;72;9.03.1954;0;72
IRFANE;72;28.09.1949;0;72
PUSI;72;15.04.1946;0;72
DURANCA;72;20.04.1958;0;72
NURINAZ;72;3.11.1956;0;72
NIYAZIYE;72;30.04.1952;0;72
ALIMET;72;11.02.1955;0;72
MIRINAZ;72;6.08.1961;0;72
TEBRIZE;72;30.04.1964;0;72
FAYDAGUL;72;4.04.1967;0;72
GEVRISAH;72;8.11.1960;0;72
ETIKE;72;30.03.1961;0;72
FELEKSAN;72;1.07.1950;0;72
TURKER;4441;30.11.1974;4370;71
TUNCA;392;15.08.1975;321;71
GERCEK;220;2.08.1979;149;71
BELKIYA;120;11.09.1959;49;71
ZURUYE;78;27.06.1959;7;71
FEYMAN;76;8.06.1971;5;71
ULKAR;73;10.12.1956;2;71
SOZAN;72;10.05.1963;1;71
IZAR;72;26.02.1956;1;71
IZZETE;71;12.05.1950;0;71
SAYNAZ;71;3.07.1971;0;71
MEVZIYE;71;26.04.1966;0;71
GENDUHA;71;22.08.1966;0;71
BESRAIL;71;25.06.1961;0;71
GULNARIN;71;21.04.1965;0;71
SARAH;71;11.02.1976;0;71
KRISTIN;71;5.06.1979;0;71
YESRA;71;4.11.1977;0;71
GULISEN;71;21.04.1965;0;71
IMRANIYE;71;8.04.1969;0;71
RAFIKE;71;10.09.1965;0;71
SEMIGUL;71;2.02.1970;0;71
NEVRIGUL;71;8.05.1962;0;71
VARTANUS;71;5.04.1946;0;71
YAZILE;71;9.06.1953;0;71
GULHATMI;71;4.10.1954;0;71
TERKADIN;71;24.09.1957;0;71
TENZULE;71;18.10.1957;0;71
SEVSEM;71;10.10.1980;0;71
DUDUYE;71;4.03.1955;0;71
SIMZER;71;25.09.1954;0;71
EBE;71;6.03.1955;0;71
KANIZE;71;2.04.1955;0;71
RUFE;71;15.11.1957;0;71
SABRI;54390;13.11.1960;54320;70
CUMALI;16656;3.05.1969;16586;70
KORAY;11738;7.06.1981;11668;70
TANYEL;157;22.01.1972;87;70
SIHAN;118;23.09.1973;48;70
TURKOZ;104;6.04.1956;34;70
RIZAN;97;3.09.1962;27;70
IMER;94;13.07.1970;24;70
EVINDAR;92;14.01.1987;22;70
AY;85;12.12.1953;15;70
KEDER;83;23.11.1980;13;70
NERDIN;83;12.08.1967;13;70
FIKREN;76;28.06.1965;6;70
RONAYI;75;8.05.1981;5;70
MENZER;75;6.03.1956;5;70
ECO;74;3.01.1944;4;70
TUGCEM;73;8.07.1988;3;70
ZIHNET;73;12.04.1966;3;70
TAMIS;71;30.03.1950;1;70
GUVER;71;29.01.1964;1;70
GARIPCAN;71;2.07.1976;1;70
ILGIM;71;4.06.1985;1;70
MINNAS;71;20.09.1959;1;70
MULHIME;70;4.05.1953;0;70
RESULE;70;2.12.1971;0;70
LEMANUR;70;12.01.1963;0;70
GULSUNA;70;16.06.1967;0;70
FILLI;70;2.07.1956;0;70
SINEMI;70;7.08.1950;0;70
RUKYA;70;18.11.1963;0;70
AMILE;70;2.09.1956;0;70
SARAP;70;16.03.1969;0;70
AYNELHAYAT;70;12.08.1961;0;70
MENDUHE;70;29.04.1963;0;70
SAFIYETE;70;14.12.1970;0;70
SABRIYA;70;5.12.1962;0;70
NAZIVER;70;8.01.1957;0;70
MUHUDE;70;25.09.1964;0;70
SEMIYHA;70;28.07.1965;0;70
ZIBIDE;70;20.04.1957;0;70
SAPRIYE;70;19.10.1959;0;70
NEZIYET;70;8.11.1965;0;70
HAKIKA;70;15.02.1955;0;70
ALLA;70;17.11.1971;0;70
BAYRAME;70;26.02.1954;0;70
MUCADIYE;70;15.02.1965;0;70
SANIME;70;12.12.1961;0;70
SEMENGUL;70;27.07.1965;0;70
SEMSIDE;70;15.11.1953;0;70
PEDRIYE;70;19.04.1961;0;70
HOPAN;70;16.11.1957;0;70
LEDA;70;21.05.1974;0;70
EZGIN;181;23.12.1983;112;69
NURAYDIN;156;21.04.1968;87;69
KAREN;126;20.10.1964;57;69
MIRAT;108;21.04.1958;39;69
NEVRIZ;92;13.06.1964;23;69
NURSES;83;29.09.1972;14;69
NEVRAN;76;29.12.1974;7;69
GULSAHIN;76;15.02.1960;7;69
ILKBAL;76;5.01.1977;7;69
CIHANNUR;75;29.10.1973;6;69
SOLEY;72;12.08.1971;3;69
ELCIM;71;18.03.1981;2;69
TALAN;71;20.06.1968;2;69
TECRIHAN;71;18.08.1964;2;69
MUZEYIN;70;18.10.1963;1;69
NUGRAN;70;22.02.1969;1;69
SIFANUR;70;15.12.1985;1;69
ZIYARET;70;27.11.1954;1;69
SU;70;18.04.1982;1;69
ZILFIZAR;70;4.11.1948;1;69
EMIK;69;25.03.1954;0;69
AHIDE;69;1.10.1965;0;69
MENDIFE;69;29.09.1963;0;69
GULUMSE;69;16.07.1968;0;69
REKIYE;69;8.04.1963;0;69
SEBRIYE;69;21.11.1965;0;69
MEKBULE;69;9.03.1961;0;69
NALIYE;69;3.08.1963;0;69
LEVZIYE;69;19.08.1964;0;69
GULFARI;69;24.02.1958;0;69
SEFADIYE;69;6.07.1965;0;69
MAHICAN;69;2.05.1959;0;69
IFDADIYE;69;2.10.1960;0;69
ZADIYE;69;22.09.1961;0;69
BEHIME;69;30.06.1950;0;69
NANE;69;22.05.1964;0;69
MUCGAN;69;5.05.1963;0;69
RUHET;69;30.09.1946;0;69
NUREVSAN;69;22.07.1983;0;69
URKIYA;69;19.06.1961;0;69
MEYHANIM;69;14.12.1947;0;69
RECIBE;69;8.10.1963;0;69
NEBEHE;69;4.06.1954;0;69
NURANIYE;69;8.03.1965;0;69
PEREN;69;25.01.1980;0;69
AYHATUN;69;29.09.1971;0;69
CEMALSAH;69;6.04.1969;0;69
UMMUNAZ;69;26.08.1969;0;69
SEVGULLU;69;29.04.1959;0;69
SEFAYA;69;5.11.1952;0;69
IMDAT;9352;30.08.1969;9284;68
GENCAY;1916;28.12.1978;1848;68
SEVAN;308;21.03.1975;240;68
CEVRI;231;10.05.1959;163;68
GOKSENIN;198;30.03.1977;130;68
KAFI;125;25.01.1963;57;68
SERIM;107;20.06.1972;39;68
SEVDAN;84;2.06.1970;16;68
HEYECAN;80;1.05.1968;12;68
SEHADET;78;2.03.1970;10;68
HAYRUN;76;13.07.1975;8;68
HANNI;76;29.07.1956;8;68
SAZEN;74;1.12.1953;6;68
CEFAHIR;72;3.11.1967;4;68
ESEL;70;15.04.1967;2;68
NIRAN;70;14.02.1962;2;68
DONEY;69;28.09.1952;1;68
FILOR;69;11.11.1945;1;68
SAHANUR;69;24.11.1963;1;68
GULSIFA;68;5.04.1960;0;68
EDVIYE;68;20.10.1950;0;68
MUSRA;68;26.04.1983;0;68
FATMAHAN;68;20.11.1953;0;68
ALIZE;68;23.12.1982;0;68
SUBEL;68;21.09.1972;0;68
SAMIYET;68;8.06.1968;0;68
MOHUBE;68;4.10.1958;0;68
DIYDEM;68;30.05.1983;0;68
GULUSE;68;26.11.1959;0;68
BEDRE;68;27.10.1950;0;68
SAHPERI;68;17.02.1965;0;68
SEHILE;68;19.12.1967;0;68
KEHLE;68;30.04.1952;0;68
HODA;68;30.07.1959;0;68
GULSEHIR;68;23.11.1958;0;68
VAFIYE;68;26.10.1953;0;68
ZEYNIS;68;10.12.1957;0;68
DURSA;68;29.02.1968;0;68
MUVECCEL;68;22.08.1958;0;68
GULNARI;68;24.09.1958;0;68
IREBIS;68;28.10.1953;0;68
HURUZE;68;26.07.1959;0;68
GULABIYE;68;12.01.1963;0;68
GULHIZ;68;8.07.1965;0;68
ZELDA;68;1.08.1961;0;68
BERIYE;68;5.06.1961;0;68
TEHMINE;68;27.10.1968;0;68
FEVRIYE;68;23.06.1954;0;68
SATRIYE;68;16.02.1965;0;68
GULARA;68;11.07.1966;0;68
HACIHAS;68;5.04.1961;0;68
GULABAT;68;22.12.1959;0;68
SAMIZER;68;23.01.1964;0;68
KADINCIK;68;30.10.1951;0;68
HONE;68;25.03.1956;0;68
BODI;68;12.12.1952;0;68
ZEHEL;68;4.05.1966;0;68
MAYRAM;68;26.09.1957;0;68
MATIA;68;21.02.1961;0;68
AYKUT;19925;30.10.1981;19858;67
KOKSAL;9922;27.02.1972;9855;67
BERKAY;2064;6.03.1986;1997;67
DENIZHAN;588;22.01.1981;521;67
TUMEN;187;19.07.1971;120;67
TURKKAN;100;20.04.1963;33;67
AYDIL;95;5.10.1968;28;67
CIHANSER;89;25.08.1966;22;67
SEFALET;74;20.12.1970;7;67
HALLI;72;15.01.1950;5;67
AKTEN;71;4.12.1952;4;67
EVSER;70;28.07.1963;3;67
ILFER;70;26.11.1970;3;67
RISKAT;69;4.01.1974;2;67
ESMERI;69;25.08.1960;2;67
SORI;68;28.05.1956;1;67
SURREYA;68;4.06.1976;1;67
SEFE;68;25.01.1967;1;67
ARNA;68;27.03.1959;1;67
MEYSI;68;19.01.1955;1;67
ICIM;68;2.04.1974;1;67
ZEYFE;68;19.04.1958;1;67
KARER;68;10.08.1966;1;67
IZZETIYE;67;21.12.1955;0;67
LILAY;67;30.09.1977;0;67
MUYASE;67;23.03.1960;0;67
SAYILE;67;27.11.1965;0;67
RUHUYE;67;24.01.1964;0;67
TELLIYE;67;2.04.1968;0;67
KAZIYE;67;1.05.1959;0;67
MENIFA;67;3.03.1970;0;67
DINDARE;67;26.10.1969;0;67
GADRA;67;25.05.1965;0;67
HISSA;67;14.01.1959;0;67
FAYIKE;67;5.09.1965;0;67
DILBERAY;67;14.04.1984;0;67
YENICE;67;1.05.1976;0;67
METINE;67;14.09.1961;0;67
PAKIYE;67;21.09.1965;0;67
NESADIYE;67;6.07.1963;0;67
EFILI;67;27.04.1963;0;67
FILIYET;67;29.02.1960;0;67
MUJDA;67;14.09.1983;0;67
SEFIGA;67;20.05.1963;0;67
GULLINAZ;67;23.11.1949;0;67
MELINE;67;14.08.1949;0;67
ISMIDAL;67;27.12.1964;0;67
RUBABE;67;20.04.1954;0;67
NURISER;67;15.03.1953;0;67
NARGILE;67;27.04.1967;0;67
HACERIYE;67;13.11.1961;0;67
MIHREM;67;4.05.1959;0;67
GULFERIYE;67;26.07.1958;0;67
ELAME;67;14.06.1958;0;67
AYSUDA;67;18.01.1976;0;67
HAYGANUS;67;10.09.1949;0;67
SERMET;1099;26.05.1967;1033;66
ZUMRU;83;10.05.1958;17;66
ELHAM;79;19.09.1976;13;66
SEGAH;74;15.09.1985;8;66
ULGUN;72;2.03.1965;6;66
BIRCIHAN;70;27.05.1968;4;66
YESILAY;68;15.06.1976;2;66
FULAY;67;15.08.1970;1;66
SATEY;66;13.02.1949;0;66
LEVIM;66;13.01.1962;0;66
SURE;66;28.06.1962;0;66
SULBUYE;66;23.05.1966;0;66
NEHIME;66;4.09.1960;0;66
CEHIDE;66;21.08.1964;0;66
SEMEHA;66;28.03.1968;0;66
SEHIRNAZ;66;22.02.1961;0;66
SAYDE;66;26.01.1965;0;66
BEYZANUR;66;19.02.1988;0;66
JULE;66;25.04.1975;0;66
DUDUGUL;66;24.11.1971;0;66
MALAHAT;66;8.07.1963;0;66
KESSUMA;66;10.12.1971;0;66
SEMAHET;66;24.06.1952;0;66
MEYRO;66;6.03.1947;0;66
ESIME;66;23.10.1965;0;66
YUZBIN;66;9.08.1980;0;66
BADEL;66;15.08.1979;0;66
ZELO;66;16.01.1954;0;66
DULBER;66;16.02.1959;0;66
GULMAY;66;18.06.1966;0;66
RENGINAZ;66;7.05.1962;0;66
MIHRIMAN;66;24.09.1963;0;66
TEBESSUM;66;12.12.1983;0;66
CRISTINA;66;28.11.1977;0;66
MUBIYE;66;15.01.1953;0;66
UMUGULSUN;66;23.12.1963;0;66
SEVIYEN;66;20.10.1968;0;66
BELIN;66;19.07.1979;0;66
ZAFURE;66;11.07.1953;0;66
MAHRUZE;66;16.09.1953;0;66
HATUNCA;66;7.03.1953;0;66
SEYFURE;66;8.04.1958;0;66
FATIMET;66;10.08.1949;0;66
GULANAZ;66;25.08.1958;0;66
ESSEKADIN;66;19.03.1956;0;66
CEMINE;66;27.04.1959;0;66
AYSHAN;66;5.08.1960;0;66
FERHAT;56532;18.09.1974;56467;65
ATILE;282;10.06.1963;217;65
ATMAN;237;7.12.1962;172;65
OMURCAN;219;30.09.1977;154;65
REYHANI;210;16.01.1974;145;65
ALKIM;155;16.07.1982;90;65
NURTAS;84;3.01.1975;19;65
GULMAN;72;6.03.1959;7;65
SAHANE;70;14.12.1965;5;65
BERGE;70;8.01.1964;5;65
NESEN;69;25.04.1966;4;65
NURBIN;69;14.01.1969;4;65
MAMA;68;27.04.1958;3;65
SEMURE;68;21.08.1974;3;65
EBRUL;68;15.05.1979;3;65
AYTER;68;23.07.1954;3;65
MAHPUP;67;19.08.1956;2;65
NILGIN;67;8.03.1972;2;65
NECIVAN;67;4.06.1961;2;65
BONCUK;66;4.02.1963;1;65
HAKILE;65;11.11.1959;0;65
YELENA;65;6.07.1974;0;65
GULPERIN;65;17.05.1971;0;65
GAMRA;65;13.11.1963;0;65
SEHE;65;23.01.1969;0;65
HAFSE;65;17.11.1962;0;65
ASMA;65;30.08.1962;0;65
DELILE;65;15.01.1968;0;65
FIRYAS;65;10.06.1965;0;65
NEGUL;65;10.11.1969;0;65
TULINAY;65;6.05.1971;0;65
VAYDE;65;22.06.1962;0;65
SAZINE;65;24.09.1960;0;65
TEYFIDE;65;20.02.1959;0;65
NURHANE;65;26.04.1963;0;65
UGURGUL;65;21.05.1978;0;65
FERAHNUR;65;19.03.1971;0;65
RUBBIYE;65;9.04.1959;0;65
SIMEL;65;10.08.1976;0;65
YETERGUL;65;25.08.1973;0;65
SAHANIM;65;15.09.1955;0;65
NAVREZ;65;7.12.1964;0;65
LAYIHE;65;8.12.1973;0;65
GULLISTAN;65;24.01.1973;0;65
MARYETE;65;13.03.1975;0;65
SEDIRYE;65;30.11.1968;0;65
CIHADIYE;65;20.01.1948;0;65
VESSILE;65;8.02.1955;0;65
ZERUG;65;30.07.1971;0;65
ATANUR;1195;27.12.1971;1131;64
MUZAFER;1081;27.12.1968;1017;64
SEYYAR;203;27.11.1959;139;64
SANSER;179;1.11.1972;115;64
ZILAN;99;14.09.1984;35;64
SENDAL;95;29.09.1969;31;64
GUFRAN;93;29.08.1978;29;64
BIRSIN;80;4.05.1963;16;64
EYTAN;80;11.06.1976;16;64
TELI;74;23.09.1972;10;64
NEZAN;69;15.03.1972;5;64
NAHIYET;68;20.04.1972;4;64
VARIYET;67;12.04.1975;3;64
TAVRAT;67;24.10.1954;3;64
GULBAN;67;28.09.1968;3;64
SEVGIM;67;24.09.1975;3;64
HAYET;66;14.06.1963;2;64
HUSNAVER;65;6.09.1961;1;64
SERRAP;65;21.04.1970;1;64
CESMI;65;4.09.1957;1;64
MOHUBET;65;2.04.1962;1;64
YITER;64;7.04.1962;0;64
LILIA;64;24.03.1975;0;64
ELBIREN;64;2.05.1983;0;64
SABRINA;64;5.02.1980;0;64
BURUCE;64;5.02.1967;0;64
FESLA;64;4.01.1969;0;64
BARBARA;64;2.01.1961;0;64
SIDDIKE;64;5.01.1960;0;64
ISMUNI;64;15.07.1951;0;64
CAHIZE;64;19.11.1967;0;64
HORINAZ;64;6.10.1966;0;64
BISENK;64;24.03.1986;0;64
HULUSER;64;29.01.1953;0;64
HASANE;64;28.03.1958;0;64
GULPEREN;64;23.06.1965;0;64
SEVILHAN;64;20.05.1978;0;64
MEBUSE;64;25.07.1963;0;64
SEYDEGUL;64;19.04.1959;0;64
MAKMULE;64;10.01.1962;0;64
SADIRE;64;3.01.1957;0;64
ZAIFE;64;7.08.1958;0;64
EDIFE;64;2.12.1960;0;64
MERGUZE;64;27.12.1958;0;64
ZILIFE;64;5.07.1961;0;64
DONSUN;64;11.02.1958;0;64
HEYRAT;64;2.04.1956;0;64
NEZHE;64;17.07.1956;0;64
UMUSAN;64;3.12.1956;0;64
TALEHE;64;24.09.1963;0;64
MUNCIBE;64;23.02.1954;0;64
ESMEHEN;64;19.08.1965;0;64
NIVART;64;17.11.1951;0;64
SANI;851;15.05.1964;788;63
FIRUZ;263;15.12.1963;200;63
GURSAN;212;27.01.1971;149;63
NIYET;135;2.10.1974;72;63
MILCAN;125;22.05.1973;62;63
SAYLAN;116;4.03.1970;53;63
MERNUS;93;11.10.1969;30;63
NUHAT;81;10.07.1979;18;63
KULI;81;23.11.1937;18;63
KANDIL;78;2.07.1978;15;63
REVAN;78;9.09.1979;15;63
NEVAT;74;19.01.1966;11;63
NADIN;68;19.01.1975;5;63
FEZAL;65;21.04.1966;2;63
TUTER;65;2.07.1962;2;63
NERIHAN;64;29.03.1964;1;63
ZERIBAN;63;19.11.1977;0;63
GULUMEN;63;21.04.1968;0;63
FELEKNAS;63;11.11.1965;0;63
HAVE;63;11.04.1966;0;63
SEMSIGUL;63;10.08.1966;0;63
VICTORIA;63;25.10.1975;0;63
NUCUT;63;15.01.1959;0;63
HAYRULNISA;63;27.12.1966;0;63
TICEN;63;27.04.1973;0;63
GULANA;63;24.07.1955;0;63
BAHARIYE;63;4.08.1967;0;63
BUSRANUR;63;5.01.1990;0;63
NESLA;63;28.10.1966;0;63
ZENNE;63;17.02.1957;0;63
LYUDMYLA;63;21.11.1969;0;63
KABEHAN;63;10.10.1959;0;63
PUPUL;63;22.09.1949;0;63
SEMAYA;63;25.06.1971;0;63
GULNISA;63;2.01.1963;0;63
SOYLA;63;29.03.1968;0;63
GULLISAN;63;9.12.1966;0;63
MOHUBBET;63;9.02.1958;0;63
HORUYE;63;25.11.1959;0;63
VIORICA;63;8.11.1974;0;63
SOFIA;63;2.03.1962;0;63
EFDAL;534;23.11.1971;472;62
IMAT;195;21.02.1965;133;62
UNAY;122;21.07.1965;60;62
BERA;80;28.12.1970;18;62
NAHAR;79;10.09.1962;17;62
ARTEMIZ;78;3.02.1965;16;62
BURGE;69;2.08.1981;7;62
SEZI;67;8.05.1977;5;62
HINDI;66;2.01.1947;4;62
TUTEN;65;9.03.1964;3;62
EZEMET;65;27.02.1955;3;62
FATE;64;13.11.1956;2;62
HUZUN;64;1.05.1976;2;62
MEHYET;63;18.05.1970;1;62
SAMINE;63;14.11.1964;1;62
MENTESE;63;30.09.1948;1;62
SENIL;63;24.09.1969;1;62
BERGUZEL;63;7.12.1958;1;62
EMEY;62;25.08.1944;0;62
SEVGU;62;8.08.1966;0;62
RUKIYET;62;28.01.1968;0;62
ZEHRIN;62;18.05.1963;0;62
SABIRIYE;62;24.03.1964;0;62
TERI;62;14.04.1961;0;62
HAMZIYE;62;28.06.1968;0;62
GULSELEN;62;25.02.1966;0;62
BASHANIM;62;26.03.1973;0;62
VESIYLE;62;27.02.1963;0;62
MAFIZE;62;23.10.1960;0;62
MONIKA;62;12.08.1967;0;62
GULBENIZ;62;14.08.1969;0;62
NURCEN;62;12.08.1967;0;62
LEMIHA;62;4.06.1966;0;62
SEYBE;62;15.07.1962;0;62
NUZIYE;62;17.02.1961;0;62
MENDIZE;62;8.09.1959;0;62
GADRIYE;62;2.11.1964;0;62
NEVISE;62;13.09.1964;0;62
ZENIBE;62;5.12.1960;0;62
NUNUS;62;17.10.1948;0;62
GULSAHI;62;6.06.1957;0;62
HEZIME;62;6.12.1956;0;62
TECRIYE;62;20.03.1959;0;62
ZILE;62;8.12.1961;0;62
RAYME;62;20.11.1963;0;62
ZABEL;62;4.03.1950;0;62
AYSEVEN;62;14.09.1969;0;62
GULRENGI;62;27.02.1956;0;62
NEVRISTE;62;17.01.1958;0;62
HULISER;62;7.06.1957;0;62
FIZZE;62;14.01.1955;0;62
SUUDE;62;14.09.1956;0;62
RESIDIYE;62;25.11.1964;0;62
TEYFE;62;26.02.1951;0;62
MAHANUR;62;3.12.1961;0;62
DURDUYE;62;6.11.1956;0;62
MEHIYET;62;18.12.1968;0;62
BEGUL;62;15.06.1983;0;62
SAVAS;30790;18.08.1979;30729;61
RAHMAN;2175;29.03.1976;2114;61
YETIS;1355;26.05.1976;1294;61
SAH;1010;7.03.1963;949;61
NURTEKIN;495;6.11.1969;434;61
SONAT;288;10.06.1979;227;61
MEFA;144;25.11.1966;83;61
SEFAK;111;16.09.1972;50;61
SURUR;93;3.08.1952;32;61
GULALEM;65;15.11.1960;4;61
SAHMIRAN;63;28.05.1968;2;61
NURBET;62;1.10.1972;1;61
SABIHAN;62;23.05.1964;1;61
HURMI;62;30.08.1942;1;61
MUSTESNA;62;18.01.1966;1;61
SABIDE;61;12.02.1967;0;61
ESMI;61;11.12.1950;0;61
HAMIME;61;18.12.1967;0;61
SACIRE;61;10.10.1972;0;61
ZULIYE;61;8.06.1956;0;61
GULHANDAN;61;23.08.1971;0;61
MURSEN;61;10.04.1962;0;61
REVSE;61;16.01.1964;0;61
YAZIYA;61;30.09.1973;0;61
BURUCA;61;5.02.1970;0;61
GALYA;61;2.01.1966;0;61
SAMIHE;61;11.12.1961;0;61
FAKIHE;61;28.08.1950;0;61
DURDAN;61;17.08.1961;0;61
KEFE;61;5.02.1961;0;61
NICOLETA;61;6.01.1976;0;61
BAHIYE;61;19.08.1959;0;61
YASMIN;61;17.03.1980;0;61
ALTUNE;61;1.09.1956;0;61
SAFURIYE;61;10.04.1961;0;61
TUTU;61;24.10.1945;0;61
HURISE;61;11.12.1960;0;61
CELALE;61;16.07.1972;0;61
MEYVES;61;26.11.1955;0;61
MAYDE;61;22.11.1967;0;61
RAHIFE;61;18.04.1959;0;61
HIKMETIYE;61;9.07.1957;0;61
ELFINAZ;61;12.04.1952;0;61
LUIZA;61;27.09.1959;0;61
NEBIDE;61;25.09.1960;0;61
BAYRIYE;61;5.09.1959;0;61
NURNISA;61;1.06.1972;0;61
GULNAM;61;27.02.1971;0;61
MIRDISI;61;5.04.1954;0;61
GULGUZEL;61;5.09.1958;0;61
TICAN;61;14.02.1972;0;61
SUSTEM;61;10.01.1971;0;61
MUVEYLA;61;26.08.1958;0;61
VEZNE;61;12.11.1962;0;61
ALIONA;61;4.11.1977;0;61
ZEBIHA;61;3.03.1963;0;61
BIROL;25570;8.04.1975;25510;60
RIZVAN;1470;18.01.1962;1410;60
OZDAL;571;16.02.1975;511;60
SELATIN;216;29.07.1953;156;60
GONENC;187;6.05.1978;127;60
SELHAN;175;9.11.1972;115;60
CECAN;174;29.06.1968;114;60
FIDEL;164;30.08.1981;104;60
SERDEM;89;30.03.1981;29;60
MAFER;77;2.01.1962;17;60
SIRAZ;70;8.12.1971;10;60
HURSEL;69;1.03.1963;9;60
ISALET;67;25.01.1961;7;60
NURIS;67;24.10.1958;7;60
ISKIN;67;29.11.1973;7;60
BEDIHAN;66;6.07.1966;6;60
FERNUR;64;19.03.1970;4;60
NURFIL;63;7.04.1968;3;60
FERMUS;62;6.05.1958;2;60
MUMINAT;62;28.04.1961;2;60
MUMUS;61;22.11.1957;1;60
YELDAG;61;20.03.1978;1;60
NEVRIN;61;16.08.1968;1;60
ROZI;61;10.11.1964;1;60
SELEHA;60;22.09.1967;0;60
FIDIS;60;24.04.1948;0;60
AKIBE;60;11.05.1961;0;60
HANPUL;60;7.07.1962;0;60
MAHRIYE;60;27.06.1966;0;60
SEHMA;60;12.01.1980;0;60
FERIAL;60;25.10.1956;0;60
FILCAN;60;16.10.1960;0;60
SEMIYET;60;3.11.1970;0;60
SATIME;60;26.08.1960;0;60
SEVDETE;60;10.02.1972;0;60
SEHRIZAN;60;14.05.1960;0;60
GAYDA;60;22.09.1960;0;60
HABIZE;60;6.12.1967;0;60
GULEDA;60;30.12.1976;0;60
BAYZAR;60;23.02.1954;0;60
DONDUK;60;30.03.1952;0;60
AFE;60;2.04.1963;0;60
NESLAHAN;60;20.11.1968;0;60
MELEKSEN;60;12.02.1971;0;60
HANUM;60;25.03.1952;0;60
MUCELLAH;60;7.08.1963;0;60
NURKIZ;60;19.11.1964;0;60
YILSEN;60;18.06.1964;0;60
SUMRA;60;12.01.1968;0;60
BEHIZE;60;14.09.1955;0;60
HEDLEY;60;6.06.1958;0;60
AYCICEK;60;15.03.1955;0;60
FATMAHANIM;60;30.06.1962;0;60
EMILE;60;12.08.1958;0;60
FAMIA;60;8.10.1975;0;60
TENNURE;60;19.10.1957;0;60
GULYASA;60;8.07.1961;0;60
FETHANE;60;21.11.1964;0;60
REMZE;60;22.03.1949;0;60
AYSERIN;60;12.05.1959;0;60
AKISET;60;23.02.1973;0;60
ALIYYE;60;24.09.1954;0;60
GULEBAT;60;26.11.1956;0;60
VIDA;60;26.11.1940;0;60
RIHAYLE;60;30.03.1961;0;60
CEVHERIYE;60;11.09.1949;0;60
DESPINA;60;24.05.1947;0;60
ZEKVA;60;15.04.1967;0;60
SOYDAN;630;9.01.1978;571;59
UNER;311;17.11.1960;252;59
NESRI;122;7.07.1967;63;59
ESHAN;104;29.07.1966;45;59
SAHZEDE;72;20.05.1963;13;59
SUEL;67;16.01.1964;8;59
KAYTAN;65;1.05.1956;6;59
RUHSAL;64;10.07.1968;5;59
GAZELI;64;3.10.1964;5;59
BEYAZI;62;26.08.1956;3;59
HIBE;61;19.07.1969;2;59
NURIYET;61;25.08.1964;2;59
ASE;60;5.05.1948;1;59
EZET;60;27.10.1961;1;59
GULUHAN;60;30.2.1966;1;59
SERVA;60;12.02.1969;1;59
SINANGUL;60;29.11.1969;1;59
NUFIDE;59;26.11.1965;0;59
NEFSIYE;59;6.12.1960;0;59
NEIME;59;5.08.1952;0;59
SEFURA;59;24.01.1968;0;59
HUSNIGUL;59;22.07.1970;0;59
RAFIE;59;29.09.1967;0;59
NEYYO;59;29.08.1950;0;59
NECMA;59;7.12.1969;0;59
GULASER;59;6.03.1969;0;59
MELEZ;59;18.08.1971;0;59
REYYE;59;17.10.1959;0;59
FERDEVS;59;30.12.1975;0;59
DALYA;59;24.03.1979;0;59
SEGHA;59;8.10.1966;0;59
NAYDE;59;24.06.1968;0;59
KANARYA;59;8.01.1974;0;59
UKKE;59;19.09.1951;0;59
DAMLANUR;59;9.05.1984;0;59
NAKIBE;59;21.12.1956;0;59
SEPNEM;59;13.08.1973;0;59
GULASTI;59;20.02.1964;0;59
EDIYE;59;24.12.1958;0;59
FIRDAS;59;16.03.1962;0;59
TUTIYA;59;16.05.1956;0;59
NEZEKET;59;3.03.1966;0;59
GULFEREN;59;26.07.1964;0;59
SAYBE;59;26.02.1967;0;59
HUMEYRAN;59;21.02.1961;0;59
ALINA;59;4.12.1978;0;59
RUGIYE;59;1.08.1966;0;59
SADIBER;59;27.09.1960;0;59
SADIRIYE;59;13.01.1963;0;59
AYFERI;59;3.01.1966;0;59
GULCUBUK;59;2.07.1952;0;59
RIDVANIYE;59;23.05.1965;0;59
ARZUN;59;30.07.1954;0;59
ETYEMEZ;59;2.02.1970;0;59
TUKEZIBAN;59;19.08.1956;0;59
GULSINE;59;1.08.1966;0;59
FAKRIYE;59;10.03.1972;0;59
ANUS;59;23.11.1955;0;59
MUMTAZIYE;59;16.08.1955;0;59
PENBIS;59;4.06.1952;0;59
RUKZAN;59;20.06.1951;0;59
KAMIL;59627;15.10.1962;59569;58
TALAT;10364;8.07.1964;10306;58
OZHAN;3230;23.06.1979;3172;58
EVLIYA;450;23.08.1972;392;58
TURAY;352;1.06.1972;294;58
FERIZ;228;20.10.1962;170;58
MUJDET;182;11.03.1968;124;58
ELFESYA;101;11.10.1975;43;58
SUHEL;89;14.12.1967;31;58
MULTEZIM;77;26.01.1970;19;58
ATI;73;25.08.1951;15;58
DUYSAL;69;7.04.1981;11;58
MILAY;67;20.05.1975;9;58
BAHSIS;66;6.01.1954;8;58
GULSOY;65;25.12.1970;7;58
SONUR;61;14.12.1976;3;58
TOMURCUK;60;14.10.1972;2;58
GULHAT;60;28.05.1980;2;58
SUADA;60;3.06.1951;2;58
SAMA;59;13.02.1962;1;58
BELMAN;59;13.07.1955;1;58
NEVESER;59;29.07.1968;1;58
AYSEVER;59;25.11.1972;1;58
ZELOS;58;1.05.1951;0;58
GAYAL;58;27.06.1939;0;58
SUMEYHA;58;25.07.1984;0;58
SUSI;58;10.12.1941;0;58
NADIHAN;58;30.2.1975;0;58
HURUHAN;58;12.08.1957;0;58
RAGDE;58;4.08.1962;0;58
HAZNO;58;24.09.1943;0;58
BESIRA;58;10.02.1966;0;58
RAMILE;58;29.03.1968;0;58
INCEGUL;58;24.01.1980;0;58
MUCGEN;58;16.05.1965;0;58
MUBECEL;58;3.01.1958;0;58
RAIFA;58;16.07.1964;0;58
GULEMDAN;58;2.02.1971;0;58
SEMME;58;13.09.1953;0;58
LULU;58;29.02.1960;0;58
SERVE;58;15.10.1968;0;58
DIDE;58;10.09.1979;0;58
MESTINAZ;58;26.11.1962;0;58
DONGUL;58;27.11.1974;0;58
ZULFISIYAH;58;10.03.1952;0;58
SEBIRE;58;29.12.1968;0;58
MULUFER;58;4.04.1969;0;58
ARFIYE;58;17.08.1967;0;58
GULBADEM;58;17.08.1964;0;58
NURDIYE;58;29.01.1966;0;58
DURSALE;58;21.07.1965;0;58
PEMRA;58;17.01.1977;0;58
GAMZENUR;58;4.06.1989;0;58
SEKERE;58;15.11.1952;0;58
FERAHIYE;58;22.04.1956;0;58
SAHINEBAT;58;28.12.1959;0;58
ZENCIYE;58;11.12.1954;0;58
NURFIDAN;58;1.06.1972;0;58
TUTCA;58;18.05.1965;0;58
NEVNIHAL;58;2.10.1955;0;58
MERYAMA;58;22.08.1971;0;58
BEYYE;58;3.03.1959;0;58
SEFAYE;58;1.10.1957;0;58
BERTA;58;20.12.1957;0;58
BETI;58;19.02.1966;0;58
TEKIN;16052;4.01.1973;15995;57
HURSIT;4551;22.07.1964;4494;57
ONCU;277;7.07.1981;220;57
BILGAY;81;19.10.1973;24;57
SIHHAT;70;16.12.1951;13;57
SEVHAN;69;16.10.1977;12;57
RENGI;68;12.03.1962;11;57
HALAT;66;10.12.1983;9;57
KANAAT;66;18.05.1972;9;57
BEHRIN;66;18.05.1967;9;57
SEHRAT;65;4.09.1964;8;57
MUZEYFE;63;11.07.1956;6;57
ZABITHAN;62;27.10.1963;5;57
ULPER;61;2.10.1965;4;57
SEHVER;60;17.05.1956;3;57
AFIK;60;1.10.1959;3;57
GULDUR;60;30.06.1968;3;57
LEZIZ;60;20.12.1960;3;57
ZIRO;59;13.11.1951;2;57
FAHAMET;59;8.05.1951;2;57
FINDA;59;24.06.1973;2;57
HILAN;58;1.10.1953;1;57
SIKAR;58;10.04.1953;1;57
MERMER;58;17.05.1957;1;57
BILFER;57;11.08.1976;0;57
SUDUYE;57;4.07.1962;0;57
MEMURIYE;57;15.07.1958;0;57
IFDADE;57;1.05.1958;0;57
TEZEGUL;57;27.11.1961;0;57
TABIYE;57;14.12.1963;0;57
NECIHAN;57;5.02.1968;0;57
DIHLE;57;21.06.1958;0;57
SERINCE;57;2.04.1964;0;57
MARIYETE;57;11.10.1968;0;57
MOMI;57;23.03.1954;0;57
NAZLISAH;57;19.08.1960;0;57
BEDIE;57;30.04.1963;0;57
HIZNIYE;57;4.08.1963;0;57
NADYE;57;21.08.1977;0;57
BESME;57;9.10.1960;0;57
MELESE;57;12.12.1966;0;57
EMINA;57;9.09.1963;0;57
VAZIFE;57;12.08.1964;0;57
GULBAYAN;57;21.09.1960;0;57
BAYAN;57;15.08.1957;0;57
REMIDE;57;7.02.1952;0;57
GONCAFER;57;23.12.1968;0;57
HABIYBE;57;28.07.1965;0;57
GOFER;57;29.11.1964;0;57
NAIZE;57;7.01.1964;0;57
FAMIYE;57;29.06.1964;0;57
HURMUSE;57;12.09.1955;0;57
YAYLAGULU;57;17.01.1966;0;57
RACIBE;57;26.09.1964;0;57
VILMA;57;6.04.1965;0;57
BERRU;57;1.04.1987;0;57
MEYAN;57;28.08.1972;0;57
ERFE;57;2.12.1965;0;57
GULCINAR;57;1.04.1973;0;57
TEMIME;57;7.03.1963;0;57
KARKAS;57;17.11.1954;0;57
URFIDE;57;7.01.1959;0;57
UMUHANI;57;10.11.1956;0;57
HICLAL;57;28.02.1970;0;57
UMMUSELIME;57;22.07.1947;0;57
SANISE;57;12.11.1961;0;57
FIZE;57;3.10.1948;0;57
ILKINUR;57;13.03.1969;0;57
USMUGUL;57;16.10.1960;0;57
GOKHAN;106408;14.10.1984;106352;56
TIBET;330;16.06.1977;274;56
ZAMAN;213;5.09.1970;157;56
SURAY;166;14.02.1978;110;56
SUNAL;109;19.05.1969;53;56
SEVDAT;103;8.02.1970;47;56
OZGEHAN;77;10.01.1986;21;56
SAZIMAN;74;5.08.1953;18;56
SEVGUN;71;28.11.1971;15;56
NEVRIS;70;18.08.1956;14;56
CEVAIR;67;6.11.1960;11;56
EVRE;67;6.05.1976;11;56
ASI;65;4.06.1946;9;56
MUCAFER;62;14.03.1957;6;56
HAYRAT;62;10.09.1947;6;56
SENSU;61;2.06.1973;5;56
HUREYYA;60;23.05.1972;4;56
URSEL;59;17.12.1958;3;56
SUBER;58;8.07.1973;2;56
SEHMIRAN;58;28.04.1967;2;56
SELI;58;4.06.1972;2;56
SELAMIR;58;19.01.1961;2;56
NURGAN;58;6.05.1955;2;56
CANE;57;8.08.1973;1;56
SANYE;57;12.10.1974;1;56
PERAN;57;10.05.1952;1;56
BILICAN;57;19.01.1972;1;56
LULIFER;56;28.07.1966;0;56
GUNTULU;56;13.12.1981;0;56
SUREYHA;56;10.04.1971;0;56
FEZIYE;56;12.10.1967;0;56
MIRCEY;56;18.09.1944;0;56
NIRGUN;56;29.05.1966;0;56
MAFILE;56;13.01.1968;0;56
SAYIRE;56;14.12.1965;0;56
SEBEHA;56;12.09.1960;0;56
TACIRE;56;14.08.1964;0;56
NAZRIYE;56;4.01.1959;0;56
SEHRIZE;56;10.01.1952;0;56
NURDILEK;56;4.10.1975;0;56
NEFISHAN;56;21.05.1966;0;56
YESEMIN;56;5.11.1976;0;56
FEMILE;56;12.06.1967;0;56
ALEKSANDRA;56;7.06.1958;0;56
HAYLIYE;56;5.03.1962;0;56
MANSURA;56;22.08.1968;0;56
ZICAN;56;29.05.1953;0;56
ZEYKIRE;56;16.11.1957;0;56
DURSANE;56;8.10.1963;0;56
ZERIYE;56;12.02.1966;0;56
RAIBE;56;24.01.1961;0;56
DUDUNAZ;56;2.08.1965;0;56
CARMEN;56;27.07.1972;0;56
SEMINAY;56;10.10.1973;0;56
ULVE;56;8.07.1951;0;56
FAHRINISA;56;14.07.1957;0;56
UZUME;56;3.01.1960;0;56
AYSIMA;56;26.03.1983;0;56
MEKTUP;56;12.06.1971;0;56
IMZADE;56;11.09.1956;0;56
SAZIBE;56;22.05.1954;0;56
EKLIMA;56;16.11.1972;0;56
NEAM;56;12.09.1958;0;56
SENEMGUL;56;23.09.1964;0;56
FATINUR;56;23.12.1979;0;56
SAKRA;56;30.10.1954;0;56
AYKAN;1260;1.06.1978;1205;55
NUFEL;292;26.05.1968;237;55
MERSIN;217;13.01.1963;162;55
SEMAI;139;26.06.1964;84;55
ZULHAN;76;25.02.1968;21;55
MERHAMET;63;22.02.1971;8;55
SERMI;62;30.06.1962;7;55
YURDISEN;62;9.09.1968;7;55
ELZEM;61;15.12.1983;6;55
EVSUN;58;12.08.1980;3;55
SENI;58;14.06.1965;3;55
DURYA;56;21.11.1966;1;55
SAHRISTAN;56;12.04.1977;1;55
KANTAR;56;10.12.1953;1;55
NUNUFE;55;13.09.1953;0;55
HANDEGUL;55;24.09.1985;0;55
ULKUNUR;55;9.12.1977;0;55
NADIRYE;55;27.09.1970;0;55
ESMIN;55;9.03.1959;0;55
MEHTAB;55;16.09.1976;0;55
MUHLISA;55;30.2.1956;0;55
NUFUSA;55;26.12.1965;0;55
HAZARA;55;8.06.1956;0;55
BINEFSE;55;23.09.1953;0;55
HUZNE;55;17.10.1961;0;55
SEYME;55;18.07.1968;0;55
ZERIFA;55;29.05.1971;0;55
CHRISTINE;55;26.06.1964;0;55
VILDA;55;5.09.1974;0;55
DILFERUZ;55;21.11.1957;0;55
CANKIZ;55;14.04.1965;0;55
LETICE;55;3.02.1960;0;55
MIYREM;55;24.05.1960;0;55
SAYFINAZ;55;1.08.1962;0;55
FAYME;55;12.07.1971;0;55
MEHCURE;55;24.04.1943;0;55
NIGDEM;55;1.08.1982;0;55
NALE;55;21.02.1966;0;55
ZERA;55;9.06.1963;0;55
DERYANUR;55;17.12.1975;0;55
GUZELAY;55;26.12.1966;0;55
SEFTANE;55;3.12.1961;0;55
VIRGUL;55;6.04.1969;0;55
GULDEHEN;55;14.08.1965;0;55
ZELIKA;55;23.07.1967;0;55
GUBRA;55;20.10.1970;0;55
OLKE;55;20.12.1960;0;55
IRADA;55;28.04.1970;0;55
KIZILGUL;55;26.08.1961;0;55
SEVINGUL;55;25.06.1969;0;55
MUMI;55;25.11.1952;0;55
NECABET;55;7.09.1969;0;55
BEYIYE;55;21.03.1961;0;55
AZIYE;55;14.09.1966;0;55
KEMAL;149425;8.12.1962;149371;54
NURHAT;151;11.10.1977;97;54
NEFEL;87;17.08.1978;33;54
MESHUR;74;17.08.1965;20;54
SUNAN;71;23.08.1965;17;54
SELCIN;67;17.08.1981;13;54
NIMMET;66;17.07.1969;12;54
ARAFE;63;30.04.1965;9;54
RAZAN;61;13.09.1968;7;54
VECAHAT;60;13.01.1947;6;54
GULSAD;58;18.02.1976;4;54
CAVAHIR;57;26.08.1962;3;54
AYCIL;57;20.02.1971;3;54
CANEY;56;19.11.1956;2;54
MAHIYET;56;8.01.1964;2;54
NINO;56;9.05.1967;2;54
BELGUN;56;17.11.1969;2;54
EDUL;56;14.02.1965;2;54
SENAZ;55;1.10.1968;1;54
MUALLE;55;1.04.1968;1;54
VERCIN;55;2.01.1951;1;54
SAYEN;55;3.10.1964;1;54
GULIPEK;55;14.12.1963;1;54
MUNEZZER;55;30.11.1961;1;54
KONCAY;55;22.01.1969;1;54
HARE;55;4.08.1977;1;54
ZEYDE;55;2.11.1961;1;54
SUPHA;55;25.07.1965;1;54
CENNEY;54;16.12.1939;0;54
SARIVAN;54;11.01.1958;0;54
HANDENUR;54;5.06.1989;0;54
MEBURE;54;12.10.1959;0;54
ZINEY;54;5.03.1957;0;54
FINCO;54;19.02.1954;0;54
MEDHIYE;54;27.12.1951;0;54
HADICI;54;21.12.1955;0;54
FEHRIYE;54;25.01.1958;0;54
VECDIYE;54;7.05.1964;0;54
DAVIYE;54;9.07.1954;0;54
GULENUR;54;15.12.1972;0;54
SEHIRE;54;19.04.1964;0;54
SERAI;54;12.03.1963;0;54
LERMIN;54;30.10.1967;0;54
RAYFE;54;24.01.1963;0;54
NUGDIYE;54;14.09.1958;0;54
ELIFANA;54;7.12.1962;0;54
NEHRIMAN;54;3.11.1948;0;54
MAZES;54;9.07.1967;0;54
MUKADDERE;54;23.12.1946;0;54
ASLAR;54;19.06.1954;0;54
NURHANIYE;54;30.09.1965;0;54
GULVAN;54;3.07.1978;0;54
SEYIME;54;27.07.1959;0;54
PERIM;54;30.05.1974;0;54
SELENAY;54;9.07.1988;0;54
FAKIZE;54;19.09.1956;0;54
MIRACIYE;54;4.01.1963;0;54
HADIKE;54;14.02.1963;0;54
HUMAR;54;1.11.1947;0;54
RIBASA;54;13.05.1968;0;54
MULKUYE;54;17.06.1969;0;54
NAYLAN;54;22.11.1965;0;54
RESUDE;54;8.11.1951;0;54
SIRMI;54;15.04.1956;0;54
ANOS;54;10.10.1948;0;54
LADIS;54;4.08.1956;0;54
FAHRUNISA;54;27.12.1960;0;54
GOGI;54;14.11.1950;0;54
MINASE;54;15.04.1962;0;54
GULPES;54;12.12.1962;0;54
TILBE;54;25.09.1988;0;54
HATEY;54;14.11.1943;0;54
BESIRIYE;54;7.04.1968;0;54
DIBI;54;26.06.1943;0;54
FESUDE;54;25.09.1962;0;54
MEHMET;1654547;13.09.1967;1654494;53
HIMMET;8878;3.10.1961;8825;53
SEFAI;373;19.03.1969;320;53
CACAN;227;2.06.1958;174;53
ROJHAT;190;3.08.1984;137;53
MILAYIM;133;21.11.1962;80;53
FERSAN;104;26.04.1968;51;53
SAHI;98;8.09.1953;45;53
ILYA;95;13.10.1960;42;53
NURSAT;90;24.04.1972;37;53
FIDAYET;79;10.12.1963;26;53
DERSIM;77;5.05.1980;24;53
NECAN;68;29.08.1965;15;53
HASIRET;66;20.08.1969;13;53
GULUCAN;66;8.03.1968;13;53
GULENC;64;1.11.1962;11;53
IREN;62;19.05.1977;9;53
BIRDEN;60;26.07.1971;7;53
YASEMI;58;16.04.1961;5;53
SAHSADE;58;27.11.1963;5;53
ULKUM;57;26.08.1976;4;53
MUSERRET;56;15.07.1960;3;53
PEKAR;56;22.05.1952;3;53
FERDE;55;8.02.1963;2;53
BETIL;55;2.08.1966;2;53
HABIS;54;16.08.1952;1;53
BAYRAMA;54;1.10.1952;1;53
GUNGUL;54;13.07.1963;1;53
SEVIYAN;54;22.11.1965;1;53
NERGUZ;54;6.06.1961;1;53
AGCI;54;12.04.1937;1;53
SOYLAN;54;7.01.1972;1;53
ARLET;54;14.12.1968;1;53
ETEL;54;28.06.1976;1;53
PEMPEGUL;53;18.09.1976;0;53
SELVICAN;53;18.06.1976;0;53
URKUYE;53;21.06.1960;0;53
NURSEVIN;53;8.10.1974;0;53
ZIGNET;53;10.10.1966;0;53
KESUMA;53;18.03.1973;0;53
MUKKADES;53;28.06.1979;0;53
MERCIHAN;53;29.09.1967;0;53
ELISABETH;53;26.05.1962;0;53
SARKIYE;53;13.05.1968;0;53
TINA;53;17.10.1975;0;53
CLAUDIA;53;2.07.1971;0;53
ANNE;53;3.03.1955;0;53
GULHISAR;53;26.08.1960;0;53
RATIFE;53;12.08.1965;0;53
ALMA;53;5.08.1960;0;53
SERINAY;53;24.12.1977;0;53
BATIYE;53;5.08.1956;0;53
GULDONDU;53;26.02.1970;0;53
ULGIYE;53;19.04.1967;0;53
SEVINE;53;22.12.1965;0;53
MEDIHAN;53;29.08.1962;0;53
NEGEHAN;53;8.11.1979;0;53
URGUYE;53;10.11.1962;0;53
SAHINAR;53;6.04.1956;0;53
ELMAZE;53;28.07.1953;0;53
GULBERK;53;16.02.1984;0;53
NEFIKE;53;24.12.1953;0;53
MESIME;53;23.07.1958;0;53
HERDANE;53;9.03.1951;0;53
HESNE;53;1.07.1962;0;53
SAYDA;53;20.12.1963;0;53
MUSLUMET;53;2.09.1963;0;53
GULLUCAN;53;18.10.1973;0;53
SIYAHHAL;53;29.01.1962;0;53
GULZIRIN;53;30.11.1970;0;53
HANZE;53;6.03.1967;0;53
CEVADIYE;53;10.08.1961;0;53
BEGUN;53;5.06.1983;0;53
HEVSE;53;10.08.1959;0;53
FERIYAL;53;30.05.1959;0;53
SUZET;53;14.05.1966;0;53
ARZA;53;19.04.1948;0;53
NURIGAR;53;8.10.1951;0;53
FATMANIM;53;24.05.1963;0;53
SEHERLI;53;4.02.1954;0;53
MESUT;85450;26.06.1977;85398;52
TOLGA;24191;26.08.1984;24139;52
SAMET;22865;14.03.1986;22813;52
FIRAT;22212;7.05.1983;22160;52
OYTUN;561;11.01.1983;509;52
INAL;322;6.11.1966;270;52
GUMRAH;142;29.08.1974;90;52
ILFAN;130;23.02.1969;78;52
SEMAYI;102;11.02.1966;50;52
SIYAM;79;26.07.1975;27;52
SARAN;67;5.02.1962;15;52
FERZO;64;25.05.1949;12;52
TURKU;60;24.02.1977;8;52
SERALP;59;1.06.1970;7;52
FENNUR;59;13.10.1972;7;52
BEDRA;57;27.04.1966;5;52
HIBA;56;4.04.1969;4;52
SUSLI;56;25.05.1962;4;52
NIYAL;54;28.04.1967;2;52
BAKSEN;54;22.01.1979;2;52
GULTEK;53;1.06.1965;1;52
NEVRIM;53;10.05.1974;1;52
SAME;53;18.06.1955;1;52
SADIYA;53;2.03.1966;1;52
MUCEFFER;53;1.02.1959;1;52
CANFIDA;53;26.07.1957;1;52
NAZANI;53;20.04.1954;1;52
GULAYI;53;13.11.1974;1;52
CIVADE;52;22.12.1957;0;52
AFEY;52;2.04.1944;0;52
KAFURE;52;10.12.1958;0;52
BOZE;52;21.09.1965;0;52
NAYMA;52;5.12.1963;0;52
NADIRET;52;21.09.1956;0;52
SARICE;52;4.12.1978;0;52
PAKISE;52;18.10.1964;0;52
GULFEHIM;52;28.11.1963;0;52
AYDE;52;25.08.1972;0;52
SAMYE;52;2.01.1973;0;52
BESSO;52;10.04.1952;0;52
NEYYULE;52;23.10.1957;0;52
KUDSIYE;52;27.02.1959;0;52
MEYASER;52;29.10.1972;0;52
NECATE;52;26.11.1980;0;52
ZATIGUL;52;30.01.1960;0;52
KIRMISIYE;52;16.03.1963;0;52
IRAZIYE;52;26.11.1957;0;52
GULBUS;52;2.04.1953;0;52
SABIYA;52;15.02.1963;0;52
TIRAJE;52;4.03.1951;0;52
VESUDE;52;9.06.1955;0;52
FEMIYE;52;19.12.1963;0;52
TEKBIRE;52;22.11.1961;0;52
UVEYDE;52;14.11.1959;0;52
ZULKIYE;52;11.11.1957;0;52
OZALTIN;52;21.09.1958;0;52
FATIMATUZ;52;19.09.1972;0;52
NURGEL;52;1.10.1968;0;52
FATMATUZ;52;10.06.1960;0;52
GULLUSEN;52;15.04.1966;0;52
GULLUYE;52;20.11.1963;0;52
ZAKIYE;52;23.06.1960;0;52
NAKIFER;52;19.07.1955;0;52
IFADE;52;1.01.1951;0;52
GULSEVINC;52;16.09.1968;0;52
FIRDEST;52;3.04.1960;0;52
BAHCEGUL;52;25.01.1964;0;52
MESGURE;52;27.02.1961;0;52
ZEVCIYE;52;28.01.1956;0;52
IRANE;52;1.12.1966;0;52
CAYIZE;52;25.01.1967;0;52
TEMINE;52;15.12.1962;0;52
CENNETI;52;19.05.1954;0;52
FARICA;52;7.09.1958;0;52
BESBIN;52;6.08.1969;0;52
RUKNA;52;1.04.1956;0;52
NEJDIYE;52;11.10.1968;0;52
SERIFEANA;52;22.03.1965;0;52
ERDAL;82548;3.10.1976;82497;51
AKIN;17173;25.08.1976;17122;51
AYET;293;21.03.1964;242;51
YILGOR;159;18.10.1964;108;51
YANKI;115;15.11.1982;64;51
SAHISTAN;113;13.03.1960;62;51
DERDE;108;27.03.1952;57;51
SAYHAN;87;21.04.1968;36;51
GUDRET;86;25.02.1968;35;51
DORA;74;17.03.1965;23;51
OZUN;69;12.12.1981;18;51
BIHAN;61;15.09.1957;10;51
FERSUN;60;17.05.1970;9;51
UNSER;59;5.04.1954;8;51
SEZANUR;59;10.10.1973;8;51
MESNET;58;5.10.1957;7;51
SAYA;58;2.11.1969;7;51
SERTEM;56;26.05.1974;5;51
MULKAN;56;11.05.1973;5;51
KARAFIL;55;6.04.1962;4;51
YOSUN;54;17.09.1979;3;51
ZERGUN;53;25.09.1963;2;51
ASLIN;53;15.05.1980;2;51
SEVIMLI;53;18.11.1946;2;51
HUCRET;53;12.11.1963;2;51
GULYAS;52;7.04.1965;1;51
IZNUR;52;21.03.1977;1;51
TALYA;52;25.07.1978;1;51
PERGUL;52;5.07.1968;1;51
SULEYYA;52;8.12.1964;1;51
MUADDER;52;6.06.1955;1;51
MUCELLE;51;2.04.1970;0;51
RENIN;51;8.09.1970;0;51
RUMEYSE;51;26.02.1979;0;51
MERICAN;51;13.12.1972;0;51
FASIHA;51;4.06.1964;0;51
NACIME;51;3.04.1961;0;51
GEMI;51;21.04.1960;0;51
REFKA;51;9.08.1945;0;51
KETRIN;51;20.07.1970;0;51
GULERSIN;51;2.01.1969;0;51
LEMIDE;51;25.10.1967;0;51
YASADIYE;51;5.09.1968;0;51
UZETI;51;13.09.1958;0;51
NUTUYA;51;14.01.1964;0;51
MAHPEYKER;51;2.01.1959;0;51
GULISER;51;27.10.1961;0;51
NUSRIYE;51;28.05.1962;0;51
MEHRIMAN;51;25.09.1963;0;51
SEVIMSER;51;5.05.1959;0;51
GULMIRA;51;23.03.1978;0;51
HAVSA;51;2.05.1966;0;51
HALIYME;51;15.06.1966;0;51
ZELHE;51;30.07.1955;0;51
AKABI;51;24.10.1943;0;51
BELLA;51;16.11.1959;0;51
GULGES;51;11.08.1976;0;51
FEYFUR;51;1.12.1961;0;51
ZEMRUT;51;22.02.1966;0;51
RUBASAH;51;16.11.1973;0;51
FETAHNE;51;26.08.1962;0;51
FAHRINNISA;51;15.02.1953;0;51
ZUNBULE;51;10.03.1953;0;51
SERIFFADIME;51;1.02.1955;0;51
MESSUDE;51;7.11.1964;0;51
CEMALI;1945;4.06.1962;1895;50
UMUR;914;29.06.1978;864;50
SAYGIN;812;7.04.1981;762;50
GUNERI;339;21.03.1966;289;50
HAMDUSENA;322;24.10.1980;272;50
RAYET;96;21.01.1966;46;50
ISAN;87;17.01.1962;37;50
SAHINER;83;20.08.1965;33;50
TURKHAN;72;22.09.1961;22;50
NIGARI;60;17.08.1954;10;50
MEHET;58;21.12.1976;8;50
GUNDEM;57;17.11.1980;7;50
SEVDICAN;57;28.04.1971;7;50
MERDA;56;14.11.1977;6;50
NEYHAN;54;18.01.1964;4;50
BITER;53;6.07.1975;3;50
BURSEL;53;17.09.1965;3;50
TAHLIYE;51;23.03.1969;1;50
AYFEN;51;25.12.1971;1;50
FERIYAZ;51;7.02.1956;1;50
SABAHA;50;26.07.1958;0;50
NASRIYE;50;8.12.1965;0;50
GULSANIYE;50;14.02.1965;0;50
CIDE;50;16.10.1953;0;50
FILYET;50;10.05.1952;0;50
AYBEGUM;50;15.03.1985;0;50
FULDA;50;14.04.1980;0;50
SALIMA;50;29.11.1969;0;50
NEZLISAH;50;12.11.1977;0;50
SUVEYLE;50;9.12.1970;0;50
MEDIYA;50;6.09.1968;0;50
NEHLE;50;22.01.1964;0;50
SEVRA;50;7.04.1982;0;50
VESVIYE;50;7.10.1961;0;50
MENUSE;50;27.10.1959;0;50
ELIZABETH;50;25.02.1967;0;50
NURZIYE;50;11.03.1969;0;50
LEZIZE;50;12.02.1955;0;50
VAYIDE;50;26.12.1963;0;50
MUHTEREME;50;6.01.1952;0;50
SIRINGUL;50;5.05.1973;0;50
ZUREYHA;50;25.08.1972;0;50
EBRUH;50;17.05.1979;0;50
KETAYIN;50;7.04.1960;0;50
ANASTASIA;50;26.06.1965;0;50
ILMAHAN;50;13.02.1969;0;50
NURUNNISA;50;10.10.1963;0;50
MANANA;50;28.01.1965;0;50
INGA;50;12.02.1973;0;50
HACULA;50;5.08.1948;0;50
FATULI;50;11.10.1951;0;50
FUTUHAT;50;1.01.1950;0;50
SEHZANE;50;1.02.1956;0;50
DONDUGUL;50;8.06.1978;0;50
MAYSER;50;1.01.1959;0;50
GULSULTAN;50;2.12.1974;0;50
ZENIFE;50;2.09.1958;0;50
SEMANIYE;50;7.07.1966;0;50
MUKMINE;50;3.04.1967;0;50
DURSANIYE;50;4.08.1966;0;50
VAZIHA;50;18.08.1953;0;50
ZURA;50;24.02.1958;0;50
SEBAYE;50;10.11.1960;0;50
GOKCENUR;50;21.08.1988;0;50
NUNUFER;50;9.10.1964;0;50
PURZE;50;30.06.1957;0;50
MAVISEKER;50;2.09.1960;0;50
HEYBETE;50;15.01.1973;0;50
NIZBET;50;24.03.1969;0;50
OMURUYE;50;14.03.1964;0;50
SUTYA;50;1.02.1970;0;50
KEJE;50;23.07.1962;0;50
MUSEHER;50;18.12.1977;0;50
NURFADIYE;50;25.10.1958;0;50
HAYRINUSA;50;19.12.1963;0;50
KEFA;50;27.09.1960;0;50
ZIHEYYE;50;14.01.1965;0;50
RUHI;6876;11.02.1963;6827;49
DOGUS;852;24.01.1987;803;49
GUNDOGAN;493;7.01.1965;444;49
ERCIHAN;351;24.02.1968;302;49
SAZI;285;12.04.1958;236;49
OLCAN;130;17.10.1972;81;49
ZULFER;124;25.02.1961;75;49
BEBEK;73;24.06.1967;24;49
EMRIHAN;65;15.03.1980;16;49
BILER;65;17.03.1971;16;49
BAYSEL;61;29.09.1965;12;49
NURFEL;59;11.10.1974;10;49
TENAY;55;24.11.1970;6;49
GUNAC;53;15.09.1958;4;49
HURYET;53;27.04.1972;4;49
DURANI;52;24.06.1959;3;49
FIRYEL;50;15.03.1972;1;49
ASIYAN;50;9.11.1979;1;49
JASMIN;50;10.02.1983;1;49
AKBILEK;50;19.11.1963;1;49
BUSEM;50;18.02.1988;1;49
NURYAN;50;26.04.1967;1;49
HAZIRE;50;1.04.1955;1;49
HASLAR;50;20.05.1955;1;49
HOMAK;49;2.03.1955;0;49
ESRAGUL;49;4.08.1984;0;49
LAURA;49;7.02.1976;0;49
KAHRIBAR;49;18.04.1976;0;49
BIRGOL;49;11.05.1973;0;49
SERIHA;49;27.01.1962;0;49
GULSANE;49;25.08.1958;0;49
DILSE;49;29.12.1964;0;49
NEZIRA;49;26.10.1963;0;49
YESRIBE;49;29.02.1980;0;49
SARETE;49;6.06.1967;0;49
ARABE;49;8.09.1961;0;49
DEVRIYE;49;28.05.1958;0;49
YUSRE;49;22.11.1972;0;49
SODE;49;1.10.1954;0;49
MAIA;49;27.02.1972;0;49
NEYLUFER;49;20.02.1950;0;49
IMISE;49;7.06.1958;0;49
GERDEN;49;4.05.1974;0;49
KADINKIZ;49;22.03.1953;0;49
MEZIHA;49;5.12.1960;0;49
EMINANA;49;24.04.1959;0;49
ANASTASIYA;49;18.10.1956;0;49
NEVILAY;49;10.02.1977;0;49
KONCAFER;49;12.05.1959;0;49
NIME;49;13.04.1915;0;49
SUHEYBE;49;24.07.1974;0;49
SUNAM;49;11.03.1965;0;49
ZURRIYE;49;13.03.1954;0;49
HURISEN;49;1.06.1961;0;49
ZEDELI;49;20.07.1955;0;49
SAFIDE;49;11.04.1961;0;49
TAMIRE;49;7.11.1960;0;49
SALIFE;49;11.02.1963;0;49
SARAYNAZ;49;23.06.1958;0;49
HAVVAHATUN;49;12.03.1973;0;49
YEKDANE;49;4.11.1958;0;49
SEDIDE;49;6.06.1962;0;49
MERZUKE;49;5.09.1962;0;49
SETARET;49;28.04.1949;0;49
MOTEBER;49;6.03.1946;0;49
GULANBER;49;15.01.1953;0;49
CEZVENUR;49;15.07.1960;0;49
PAKINUR;49;17.11.1958;0;49
MEVIS;49;4.04.1958;0;49
ELENUR;49;23.05.1975;0;49
IJLA;49;18.12.1972;0;49
NECILA;49;28.05.1959;0;49
ALMULA;49;14.11.1978;0;49
DURNATEL;49;15.02.1959;0;49
MIRSADE;49;14.08.1971;0;49
IBARE;49;29.07.1966;0;49
VARDE;49;2.12.1965;0;49
BENLIHAN;49;29.10.1965;0;49
FATIKE;49;21.07.1956;0;49
MURAT;417070;29.2.1977;417022;48
FAHRI;31672;14.09.1964;31624;48
TACI;423;1.08.1964;375;48
SANER;331;19.04.1975;283;48
UYGUN;295;17.09.1971;247;48
AYAN;205;27.06.1964;157;48
AYDOGDU;141;7.05.1961;93;48
ULVAN;71;3.12.1960;23;48
OKSEN;59;23.05.1971;11;48
ROJAN;55;13.01.1985;7;48
SENIS;55;14.02.1967;7;48
ARIFA;52;21.06.1968;4;48
VAKI;52;19.04.1936;4;48
GULCEM;50;11.12.1977;2;48
ELO;50;13.10.1947;2;48
DILGE;50;14.11.1985;2;48
GULDURAN;49;20.10.1962;1;48
SEVA;49;26.05.1976;1;48
MUREVVET;49;10.06.1964;1;48
BALKIYE;49;5.09.1957;1;48
SACAN;49;15.05.1977;1;48
TAMEY;48;3.06.1953;0;48
SEDIHA;48;13.11.1967;0;48
KUMI;48;3.09.1932;0;48
ATVIYE;48;9.02.1962;0;48
CAVIDEN;48;19.06.1966;0;48
HAMISI;48;3.07.1951;0;48
REVZIYE;48;9.10.1964;0;48
CIRVA;48;6.04.1958;0;48
SOSINI;48;5.01.1951;0;48
HAMRIYE;48;11.06.1965;0;48
ZEKIYYE;48;10.09.1959;0;48
YASIMIN;48;14.07.1969;0;48
ZAMIRE;48;3.01.1965;0;48
ICRA;48;3.04.1981;0;48
TERZO;48;29.06.1948;0;48
VEZIHE;48;7.09.1964;0;48
SUUDIYE;48;14.04.1964;0;48
MASIFE;48;25.08.1985;0;48
ESMIYE;48;3.11.1960;0;48
YASIMEN;48;2.08.1974;0;48
SAKIRIYE;48;22.01.1959;0;48
LEILA;48;1.05.1967;0;48
AYBIGE;48;10.03.1982;0;48
SELVINAS;48;19.10.1960;0;48
MUSADET;48;14.11.1962;0;48
MUYESSERE;48;16.11.1946;0;48
ZULHA;48;21.04.1964;0;48
ZEYNURE;48;3.03.1969;0;48
NARISEN;48;12.09.1960;0;48
FERIYAN;48;8.11.1960;0;48
DULSAH;48;12.11.1965;0;48
ZEVKIYE;48;13.11.1956;0;48
OMURYE;48;26.04.1964;0;48
SELVISAH;48;9.04.1955;0;48
EBEKADIN;48;20.04.1951;0;48
ZAFERIYE;48;11.08.1961;0;48
SEKNO;48;4.04.1942;0;48
AYSEI;48;18.10.1952;0;48
FESLIKAN;48;2.05.1963;0;48
MUKER;48;30.12.1959;0;48
URUBIYE;48;3.02.1945;0;48
HAZNEY;48;30.05.1952;0;48
RENCUS;48;26.11.1949;0;48
KATINA;48;10.12.1949;0;48
JULIYET;48;8.01.1918;0;48
ONER;6023;7.03.1976;5976;47
ATIK;643;25.05.1966;596;47
SAHIR;451;19.02.1962;404;47
RAZI;273;25.12.1959;226;47
GOKTEN;148;12.03.1975;101;47
TANAY;121;4.01.1973;74;47
HAYRO;97;26.12.1950;50;47
YURDAY;95;24.06.1970;48;47
GOKCEHAN;94;6.10.1984;47;47
ESMEN;67;7.06.1964;20;47
SERCIHAN;63;29.11.1973;16;47
DUHA;62;13.08.1972;15;47
MEHREM;55;25.03.1959;8;47
SELEM;55;6.07.1979;8;47
SUDAY;53;22.02.1970;6;47
SEREM;51;23.05.1981;4;47
SOYLER;51;16.11.1970;4;47
MAHSUNE;50;2.07.1965;3;47
SATUN;49;24.12.1958;2;47
HIZNA;49;13.10.1959;2;47
BELGUZER;49;16.09.1961;2;47
SEVECEN;49;10.07.1987;2;47
MANTAR;49;12.02.1957;2;47
NURGIN;49;5.07.1969;2;47
ZULBIYAR;48;9.02.1963;1;47
REFAKAT;48;10.12.1953;1;47
KALSIN;48;7.09.1962;1;47
HATIR;48;19.03.1964;1;47
DONERCAN;47;18.10.1974;0;47
SUGLE;47;5.03.1969;0;47
NUSEYBE;47;22.03.1983;0;47
NAZIFA;47;28.12.1954;0;47
TEVFIKE;47;3.10.1965;0;47
SEHNAS;47;22.06.1974;0;47
ZEMZEMI;47;22.06.1954;0;47
SEHLE;47;22.02.1959;0;47
SEDIKE;47;10.01.1964;0;47
LUSIYE;47;12.11.1953;0;47
ABLA;47;21.03.1963;0;47
FINCE;47;25.11.1967;0;47
SEYRE;47;13.10.1957;0;47
NUFUSE;47;23.03.1967;0;47
HINDE;47;4.06.1968;0;47
MERCANE;47;11.10.1964;0;47
FEDYE;47;20.11.1979;0;47
EVIM;47;15.02.1982;0;47
NATIFE;47;11.05.1960;0;47
HENA;47;28.06.1973;0;47
YUHANIS;47;22.05.1976;0;47
ZAHIBE;47;21.10.1951;0;47
NUHUBE;47;5.01.1970;0;47
GULSEFER;47;21.09.1963;0;47
FERMIDE;47;14.11.1963;0;47
SEFANE;47;8.03.1968;0;47
LIANA;47;7.11.1975;0;47
NEBIA;47;24.10.1965;0;47
ZURRIYET;47;25.07.1957;0;47
NEZEL;47;21.11.1961;0;47
DURSUNGUL;47;12.08.1962;0;47
FATMET;47;12.06.1944;0;47
ESMIRA;47;12.12.1971;0;47
PUNAR;47;15.11.1974;0;47
BERIRE;47;29.01.1968;0;47
NEVVARE;47;5.07.1949;0;47
SADIDE;47;1.12.1957;0;47
SEHIMA;47;23.03.1981;0;47
SELVERE;47;16.09.1951;0;47
LALENDER;47;20.06.1953;0;47
EYICE;47;9.05.1960;0;47
CILVE;47;30.03.1963;0;47
EKATERINA;47;14.03.1971;0;47
LISANGUL;47;26.09.1968;0;47
TAMAMZER;47;23.05.1967;0;47
ZEYICAN;47;20.12.1971;0;47
SUYET;47;20.04.1944;0;47
SAMAZET;47;9.05.1948;0;47
FAHITE;47;12.02.1960;0;47
HAYRANSA;47;18.11.1950;0;47
ICABIYE;47;16.05.1954;0;47
CEZIME;47;3.12.1969;0;47
NAMISER;47;23.01.1959;0;47
RIDVAN;32285;25.09.1978;32239;46
NESET;7228;6.12.1963;7182;46
KUTUK;219;4.07.1960;173;46
MEKAN;200;16.10.1978;154;46
MULKU;198;17.12.1960;152;46
ERVIN;190;15.03.1980;144;46
YURTSEVER;175;5.01.1975;129;46
BEYNUR;158;1.06.1974;112;46
BERAN;144;16.10.1977;98;46
KEYFI;71;21.08.1967;25;46
OMRE;60;1.04.1981;14;46
GUNSAL;58;16.05.1958;12;46
BIJEN;57;29.11.1962;11;46
ZARE;54;26.05.1963;8;46
FIYAT;54;27.08.1968;8;46
CUNEY;54;14.02.1959;8;46
ULGU;52;3.08.1954;6;46
AYFET;50;7.02.1969;4;46
ILKI;50;21.02.1967;4;46
MEDO;49;8.02.1941;3;46
SURREYYA;48;25.09.1972;2;46
SAHZER;48;27.04.1954;2;46
ADIBE;47;29.01.1961;1;46
BAHARI;47;4.07.1951;1;46
NERCIHAN;47;21.02.1969;1;46
CEVZA;47;24.06.1956;1;46
UMRANE;47;17.06.1970;1;46
ZILHICCE;47;8.02.1960;1;46
EREP;47;10.06.1960;1;46
EKNUR;47;20.06.1962;1;46
DURSAF;47;16.02.1955;1;46
PIREY;46;21.01.1943;0;46
ZAIRE;46;29.07.1964;0;46
SUMMEYE;46;5.07.1988;0;46
HARISE;46;14.11.1962;0;46
ESENNUR;46;20.06.1977;0;46
ZUAL;46;29.12.1957;0;46
MUSABIYE;46;23.09.1962;0;46
PIRLANTA;46;2.11.1961;0;46
ESENAY;46;30.01.1984;0;46
FUL;46;6.11.1968;0;46
HASIA;46;30.04.1978;0;46
LAZIME;46;11.01.1957;0;46
RAKIA;46;25.12.1976;0;46
SIVEZAT;46;26.08.1949;0;46
HEMSI;46;23.01.1949;0;46
SEPHA;46;13.08.1965;0;46
HAVLIYE;46;2.04.1961;0;46
NEMZIYE;46;23.09.1956;0;46
HUCEYLA;46;23.10.1969;0;46
RAZIME;46;12.12.1968;0;46
MENSIYE;46;4.09.1967;0;46
JILDA;46;10.05.1970;0;46
ELIME;46;18.01.1960;0;46
DENISE;46;18.07.1973;0;46
HUVEYDE;46;16.02.1966;0;46
ESEMANA;46;5.09.1961;0;46
HUMEYSA;46;24.08.1985;0;46
MERZIKA;46;10.03.1965;0;46
EMIRIYE;46;4.10.1966;0;46
MUESER;46;20.03.1967;0;46
SAZIMEN;46;19.12.1962;0;46
SALISER;46;16.12.1963;0;46
MAYISER;46;24.02.1964;0;46
CAHILE;46;7.02.1960;0;46
NURDIL;46;1.02.1967;0;46
TAIFE;46;20.08.1957;0;46
ZABIDE;46;20.03.1965;0;46
GULIKA;46;12.08.1952;0;46
FINDIKA;46;28.12.1952;0;46
REBIHAN;46;5.07.1960;0;46
FERUNDE;46;14.06.1958;0;46
TURCIYE;46;6.02.1957;0;46
REHANE;46;26.02.1958;0;46
MONISE;46;12.05.1955;0;46
BEYNAZE;46;20.08.1954;0;46
CILGA;46;9.07.1989;0;46
SAKIZE;46;15.02.1955;0;46
VESBIYE;46;22.11.1952;0;46
MUCEFER;46;16.11.1961;0;46
SAYIZER;46;24.08.1960;0;46
TEKKELI;46;14.08.1949;0;46
BIKE;46;8.09.1975;0;46
ZERBAB;46;5.04.1962;0;46
BASEY;46;4.12.1955;0;46
MUFERRA;46;3.02.1959;0;46
HUSNUFER;46;8.12.1954;0;46
HURISIMA;46;6.03.1971;0;46
CUVEYRA;46;1.08.1970;0;46
MEREM;46;10.06.1959;0;46
LEBIS;46;26.06.1954;0;46
NAZLAN;46;2.01.1973;0;46
SEREBANI;46;25.11.1955;0;46
NEFIYA;46;15.07.1966;0;46
YETERNAZ;46;5.04.1967;0;46
PUPU;46;15.11.1949;0;46
BAGDADE;46;3.05.1963;0;46
LIGAR;46;9.04.1966;0;46
HEVIS;46;24.05.1956;0;46
ANAYIT;46;10.08.1949;0;46
OZAN;14348;12.04.1984;14303;45
ZULKUF;5932;20.05.1971;5887;45
DURHAN;397;11.04.1960;352;45
YUCE;247;29.08.1971;202;45
BICAN;236;6.01.1961;191;45
SEMO;156;2.11.1950;111;45
NIDAL;120;18.06.1981;75;45
DERIN;92;3.07.1979;47;45
ILKEN;68;4.05.1974;23;45
HUREYRA;66;12.11.1977;21;45
SEMMI;61;7.12.1952;16;45
HILALI;61;17.03.1958;16;45
FERGUN;60;4.08.1966;15;45
NURSET;59;24.06.1968;14;45
ILMAN;58;24.06.1954;13;45
KALEM;57;5.01.1957;12;45
SENSES;56;19.03.1965;11;45
SERBES;56;17.12.1960;11;45
MUCIZAT;55;21.06.1960;10;45
SENDIL;54;11.06.1963;9;45
TURKO;52;10.02.1950;7;45
CAGDA;50;10.01.1984;5;45
PERCEM;49;15.11.1979;4;45
AYYILDIZ;48;15.07.1962;3;45
DAHIYE;48;19.02.1960;3;45
SEVILIR;48;16.03.1966;3;45
NURFEN;47;9.01.1966;2;45
SEVAHIR;47;5.10.1963;2;45
DURNEV;47;17.08.1954;2;45
GONULAY;46;28.05.1973;1;45
RESI;46;21.07.1946;1;45
LEYA;46;10.06.1948;1;45
NAVRIZ;46;10.10.1964;1;45
ZENCEFIL;46;4.06.1959;1;45
GUNTEN;46;23.09.1947;1;45
RUSTUYE;46;22.04.1959;1;45
FERENAZ;46;3.12.1953;1;45
NORA;46;10.05.1973;1;45
SUTYE;45;3.12.1971;0;45
GENIME;45;19.12.1958;0;45
ZALIHE;45;23.04.1961;0;45
HUSNEGUL;45;23.10.1976;0;45
SUZIYE;45;4.07.1957;0;45
KIPRIYE;45;20.04.1962;0;45
FIZZA;45;20.06.1960;0;45
IDIYE;45;15.10.1963;0;45
MUATTER;45;19.11.1959;0;45
TAKIYE;45;13.08.1951;0;45
PERIVAN;45;8.06.1973;0;45
KRISTINA;45;13.04.1976;0;45
LILI;45;17.12.1959;0;45
GULSENE;45;1.05.1968;0;45
RANDI;45;20.06.1950;0;45
SUNNIYE;45;23.07.1960;0;45
KANITE;45;16.08.1969;0;45
ELVANIYE;45;1.02.1960;0;45
NEBAHAR;45;21.10.1966;0;45
GUNNEHAR;45;24.10.1959;0;45
RODICA;45;16.07.1973;0;45
GULIFE;45;14.05.1967;0;45
MUSUKA;45;2.10.1957;0;45
EVNUR;45;2.02.1968;0;45
NILDAN;45;2.04.1975;0;45
CILEN;45;20.09.1975;0;45
SAYGIYE;45;30.08.1954;0;45
HURISAH;45;21.03.1960;0;45
PASIYE;45;9.05.1949;0;45
VASIYE;45;27.02.1959;0;45
HANIYE;45;25.05.1962;0;45
UMEYRA;45;13.02.1970;0;45
SOYLE;45;27.11.1969;0;45
ZEHLE;45;1.11.1959;0;45
HAKIMIYE;45;8.05.1969;0;45
TUTYE;45;19.01.1955;0;45
SOFIYA;45;2.12.1951;0;45
TUTEK;45;29.12.1955;0;45
ISMETA;45;19.11.1956;0;45
FURDEVS;45;1.07.1964;0;45
BELCIM;45;28.07.1986;0;45
LILPAR;45;29.04.1961;0;45
KEZIZER;45;21.11.1962;0;45
ATUS;45;7.04.1953;0;45
SINEZAR;45;1.12.1955;0;45
BISENG;45;28.07.1985;0;45
YESEMEN;45;2.07.1963;0;45
MATILDA;45;14.10.1951;0;45
VILDANIYE;45;4.01.1965;0;45
KAMERE;45;7.01.1960;0;45
VAKIFA;45;11.01.1966;0;45
RABUA;45;25.04.1951;0;45
HATIMET;45;1.09.1918;0;45
HABKA;45;29.07.1949;0;45
SELEHE;45;3.07.1962;0;45
GUVENC;765;21.09.1978;721;44
HEYBETULLAH;354;27.04.1973;310;44
MINAS;115;19.01.1958;71;44
SONGUR;108;22.07.1969;64;44
MIHAL;80;17.02.1968;36;44
SEVGEN;59;1.03.1970;15;44
AYMER;54;16.08.1970;10;44
TURKUZ;50;14.06.1963;6;44
IKLIL;50;24.11.1968;6;44
SERCIL;48;5.04.1974;4;44
CEYNUR;48;30.11.1974;4;44
ZEYDA;47;6.05.1972;3;44
SADA;47;16.03.1957;3;44
MERIN;47;1.04.1969;3;44
FIRKET;47;11.12.1964;3;44
MAFIRET;46;13.12.1968;2;44
SAHRI;46;10.12.1959;2;44
SEDAYET;46;22.01.1964;2;44
YILSER;46;21.11.1958;2;44
MUTABER;45;15.02.1960;1;44
SARIKA;45;21.01.1953;1;44
BIRDEM;45;14.10.1981;1;44
GUZEN;45;27.11.1957;1;44
CANLAR;45;12.01.1954;1;44
ASGUL;45;15.06.1957;1;44
DEREM;45;7.03.1979;1;44
SELEK;45;25.04.1963;1;44
BADAGUL;44;19.05.1970;0;44
GULDA;44;24.07.1982;0;44
SEDAGUL;44;20.10.1982;0;44
SALAHAT;44;10.01.1967;0;44
ISLIME;44;12.02.1960;0;44
YERDEGUL;44;3.01.1971;0;44
SEVLER;44;19.02.1971;0;44
HULBIYE;44;22.02.1956;0;44
FATUMETUZZEHRA;44;28.10.1945;0;44
MUHALLA;44;12.05.1960;0;44
BAHCE;44;18.09.1960;0;44
GULUNAY;44;19.12.1971;0;44
MELEKHAN;44;13.01.1961;0;44
VAHBIYE;44;21.09.1968;0;44
ZUHRUYE;44;13.03.1962;0;44
EYTEN;44;16.03.1969;0;44
SERIVAN;44;16.12.1974;0;44
SIMENSA;44;5.01.1975;0;44
BEYYO;44;7.09.1949;0;44
HEDLI;44;26.05.1951;0;44
FERISE;44;16.06.1951;0;44
KAFYA;44;14.12.1975;0;44
SEMSENUR;44;10.08.1972;0;44
MAGFIRE;44;10.02.1956;0;44
SELVINUR;44;6.01.1980;0;44
CORCET;44;12.07.1961;0;44
HEDYA;44;8.04.1969;0;44
KATRIN;44;2.11.1971;0;44
REFIHA;44;22.01.1961;0;44
MAHSURE;44;12.03.1958;0;44
HULIKA;44;15.09.1961;0;44
AYSEVIM;44;5.09.1961;0;44
MESIYE;44;17.01.1960;0;44
SEYYIBE;44;28.10.1954;0;44
SAHARE;44;1.06.1956;0;44
DOKME;44;2.05.1963;0;44
GULEYHA;44;1.03.1968;0;44
MANTIK;44;15.05.1963;0;44
SAYISTE;44;24.06.1961;0;44
MENFURE;44;21.12.1959;0;44
SAKINUR;44;2.06.1970;0;44
GULDEHAN;44;25.07.1980;0;44
EYNE;44;2.12.1952;0;44
IFTARE;44;9.10.1956;0;44
ALBINA;44;10.02.1980;0;44
MAYILE;44;2.02.1963;0;44
TOTAY;44;21.01.1955;0;44
FITOS;44;28.01.1950;0;44
AYNIGUL;44;16.04.1964;0;44
SAHDANE;44;16.07.1957;0;44
CENIBE;44;14.02.1958;0;44
UREYDE;44;1.02.1962;0;44
NEZGUL;44;28.01.1975;0;44
GILIMAN;44;13.04.1960;0;44
LEVHIYE;44;14.04.1951;0;44
HANIMCAN;44;6.07.1963;0;44
MENFAAT;44;10.03.1962;0;44
VARDEK;44;23.12.1964;0;44
GAILE;44;25.07.1962;0;44
FAZIME;44;12.08.1962;0;44
HEMAYIL;44;1.08.1957;0;44
PURI;44;3.06.1959;0;44
VEHRI;44;22.09.1959;0;44
FATMATUL;44;2.03.1976;0;44
SINEMIS;44;25.07.1981;0;44
RAKIFE;44;23.01.1963;0;44
EMINEDUDU;44;26.01.1951;0;44
NERGIZE;44;10.06.1967;0;44
ILMANIYE;44;1.10.1962;0;44
SENIA;44;9.03.1961;0;44
DURANGUL;44;23.12.1961;0;44
NURANGUL;44;17.06.1966;0;44
MUNTEHE;44;20.05.1963;0;44
ZEYZEFUN;44;1.12.1949;0;44
HAYRI;22641;26.03.1963;22598;43
UGURCAN;828;22.08.1982;785;43
GURUR;216;22.02.1987;173;43
EREM;169;13.12.1980;126;43
BURCAY;154;24.11.1980;111;43
ALIMAN;143;16.02.1955;100;43
YURTSEVEN;140;25.07.1969;97;43
HACET;130;8.07.1958;87;43
ARIN;103;5.09.1982;60;43
SABAHI;100;27.04.1959;57;43
CAGLIYAN;100;27.03.1973;57;43
NERIM;78;22.11.1959;35;43
EVSEL;78;6.09.1960;35;43
SERGIN;72;21.07.1973;29;43
FERZAT;72;26.09.1967;29;43
RIDA;62;23.08.1971;19;43
AYGUNER;52;6.12.1965;9;43
EVSAN;51;6.11.1970;8;43
CEMET;49;2.01.1964;6;43
OLGUNAY;48;24.03.1978;5;43
BUHAR;48;26.12.1964;5;43
SECAN;48;19.05.1970;5;43
NARIMAN;46;16.06.1971;3;43
PEYRUZ;46;18.03.1964;3;43
EMEN;45;6.07.1963;2;43
HAVIN;45;4.12.1980;2;43
BELGIYE;45;27.01.1967;2;43
FERZA;45;4.05.1971;2;43
SELGIN;44;15.01.1980;1;43
TOMRIZ;44;29.12.1949;1;43
SAHDET;44;29.06.1966;1;43
ZINIS;44;9.04.1951;1;43
MINER;44;2.12.1964;1;43
ICTEN;44;21.05.1980;1;43
MUZEYYAN;44;9.08.1965;1;43
IZMIR;44;27.08.1969;1;43
SIREN;44;3.02.1967;1;43
EMIHAN;43;15.06.1974;0;43
BURGUL;43;11.06.1975;0;43
SEVLIHAN;43;2.07.1979;0;43
SULENUR;43;14.04.1984;0;43
GULLISAH;43;28.07.1973;0;43
MINTO;43;28.08.1953;0;43
RAYILE;43;9.01.1962;0;43
ABILE;43;7.10.1956;0;43
ZEYNETE;43;29.08.1962;0;43
NISLIHAN;43;18.11.1960;0;43
HABIBA;43;30.09.1963;0;43
FULYE;43;9.01.1973;0;43
CELILA;43;6.05.1973;0;43
BISRA;43;30.11.1977;0;43
ZAVIYE;43;18.10.1968;0;43
MUINE;43;14.12.1957;0;43
EMMA;43;12.11.1972;0;43
NESRIHAN;43;18.04.1973;0;43
LILIYA;43;12.08.1973;0;43
SAMIYA;43;14.02.1964;0;43
HENISE;43;6.07.1964;0;43
SEHRE;43;18.09.1960;0;43
SAYIZE;43;13.10.1967;0;43
ESINE;43;8.12.1970;0;43
SEBATIYE;43;12.04.1958;0;43
OZENGUL;43;26.09.1970;0;43
IKLIMAN;43;28.03.1963;0;43
TANEM;43;10.04.1983;0;43
HURMUZE;43;24.03.1958;0;43
NERMIL;43;21.03.1973;0;43
KIREZ;43;1.07.1956;0;43
MARYNA;43;15.02.1975;0;43
LIDIA;43;3.09.1967;0;43
PERINUR;43;22.08.1962;0;43
MESARET;43;29.01.1962;0;43
INCISEL;43;26.02.1966;0;43
ZUBUS;43;2.02.1952;0;43
MEYSUNE;43;19.05.1948;0;43
MEZIYE;43;1.01.1956;0;43
SEVIRE;43;30.03.1958;0;43
NAMIS;43;21.11.1960;0;43
LEFIYE;43;30.03.1963;0;43
YETTI;43;25.07.1965;0;43
NEYLA;43;16.10.1968;0;43
HUBAN;43;7.10.1968;0;43
BURSEN;43;9.09.1962;0;43
ZUBIYE;43;23.07.1957;0;43
NEHRIYE;43;23.12.1958;0;43
FEHEDA;43;15.01.1954;0;43
SAKIRNAZ;43;10.07.1960;0;43
HICRETE;43;10.01.1970;0;43
GILMEN;43;4.12.1960;0;43
SIRIYE;43;3.08.1958;0;43
ZUBUYDE;43;16.01.1968;0;43
MERINAZ;43;17.11.1962;0;43
TENASUP;43;7.12.1955;0;43
ZATIME;43;4.12.1960;0;43
NAHIZE;43;8.10.1962;0;43
URGUS;43;19.04.1957;0;43
FERNUSE;43;18.08.1963;0;43
NEFIRE;43;25.06.1960;0;43
EFLATUN;447;26.07.1962;405;42
GURGUN;318;5.12.1969;276;42
SERAT;311;22.09.1977;269;42
TUGBAY;139;19.07.1979;97;42
SURI;118;9.09.1963;76;42
EMREN;107;19.02.1976;65;42
USLU;89;23.07.1962;47;42
SEBAH;58;15.05.1966;16;42
EMRAY;56;17.02.1980;14;42
AYTUNA;54;4.06.1973;12;42
ELTAF;54;7.10.1961;12;42
INCILI;50;23.03.1958;8;42
SIRO;49;5.03.1939;7;42
YURDESEN;48;15.06.1966;6;42
DEVA;47;8.05.1979;5;42
FITRET;47;16.07.1944;5;42
DURSIN;47;22.02.1969;5;42
ROZAN;46;1.12.1979;4;42
HUDAKAR;46;14.04.1961;4;42
SIDA;45;24.04.1968;3;42
TUGBAHAN;45;29.2.1986;3;42
SENGONUL;45;24.11.1952;3;42
NADAN;44;10.01.1972;2;42
MENENT;44;24.01.1963;2;42
EZGUL;43;18.04.1973;1;42
BIBER;43;21.02.1958;1;42
ERZO;43;12.07.1960;1;42
MIRVET;43;11.09.1967;1;42
AYSET;43;25.07.1959;1;42
MEDIS;43;8.09.1955;1;42
HELGA;42;9.04.1958;0;42
FERAHA;42;13.09.1963;0;42
IMMIGULSUN;42;11.01.1968;0;42
PERICAN;42;28.05.1971;0;42
NAZAKET;42;14.09.1963;0;42
AKISA;42;21.12.1963;0;42
BENIYE;42;7.05.1956;0;42
RAKIYA;42;19.12.1964;0;42
GULSUNE;42;1.02.1968;0;42
NEZLIHAN;42;3.09.1974;0;42
GULSIMAN;42;5.11.1975;0;42
CICEKI;42;2.08.1955;0;42
SEHIYE;42;17.11.1953;0;42
LAMIE;42;22.12.1970;0;42
INCIYE;42;11.03.1960;0;42
HALINUR;42;17.12.1969;0;42
KUBRIYE;42;17.07.1962;0;42
ARMENUHI;42;29.07.1950;0;42
NARINE;42;13.03.1956;0;42
NURUYA;42;21.02.1964;0;42
SUMENYA;42;28.05.1978;0;42
UMUK;42;6.08.1953;0;42
MUJDEAR;42;29.12.1983;0;42
ZULFINAR;42;29.10.1959;0;42
NEZIKE;42;29.01.1962;0;42
SAHNEZ;42;7.12.1962;0;42
NEMHATUN;42;28.03.1951;0;42
SEMRAMIS;42;1.01.1966;0;42
MEKSUDE;42;8.07.1959;0;42
ERDEGUL;42;2.03.1970;0;42
ELMINUR;42;18.12.1955;0;42
ZELFIYE;42;14.04.1968;0;42
DILFEZ;42;29.2.1955;0;42
NACILE;42;26.06.1961;0;42
SULVIYE;42;24.03.1965;0;42
SEFAGUL;42;6.10.1973;0;42
NESLICAN;42;3.11.1977;0;42
MIHIRNAZ;42;13.01.1973;0;42
SIMHAZAR;42;21.07.1967;0;42
OZLIFET;42;10.10.1977;0;42
HAYZERAN;42;13.05.1964;0;42
GEZIZER;42;29.09.1960;0;42
REHCAN;42;25.12.1966;0;42
VESME;42;3.10.1957;0;42
TERGUL;42;14.08.1965;0;42
GULERGUN;42;30.01.1956;0;42
ZERIDE;42;30.01.1957;0;42
YESARIYE;42;16.08.1964;0;42
GULBIR;42;27.06.1963;0;42
ALIDE;42;27.02.1963;0;42
LEBISE;42;6.12.1962;0;42
RENCUZ;42;8.06.1950;0;42
HUZEYMA;42;24.02.1971;0;42
AYNIZILHA;42;10.10.1966;0;42
SADBERK;42;10.02.1955;0;42
MELIH;10797;12.01.1977;10756;41
ULAS;5776;1.04.1983;5735;41
OGUN;2407;8.02.1977;2366;41
HUDAYI;1228;26.05.1966;1187;41
SADEM;205;15.03.1965;164;41
ELMAN;173;7.12.1963;132;41
BERDAN;151;28.05.1972;110;41
SAYAT;141;17.05.1970;100;41
SOFI;101;15.11.1953;60;41
SONCAY;88;4.08.1981;47;41
ADO;84;14.07.1942;43;41
HUREYRE;71;13.11.1976;30;41
ZARI;63;13.08.1950;22;41
GUNEN;58;8.02.1956;17;41
ALFER;55;19.07.1969;14;41
ZIBO;51;4.03.1951;10;41
OZDIL;50;2.08.1970;9;41
DURUCAN;49;23.11.1965;8;41
HURSEN;48;19.11.1965;7;41
SIRAN;48;19.04.1969;7;41
MUSET;48;6.02.1953;7;41
NAYET;47;15.04.1957;6;41
MUSAFFA;46;19.07.1956;5;41
SIPER;46;9.02.1969;5;41
NEVHAN;46;2.12.1974;5;41
SEZNUR;46;13.04.1978;5;41
ASEL;45;29.05.1971;4;41
LEYHAN;44;23.11.1968;3;41
FILAY;44;6.11.1977;3;41
HANIK;43;18.09.1952;2;41
SECDA;43;20.09.1974;2;41
SAGUL;43;19.05.1958;2;41
EMBIE;43;18.11.1967;2;41
SELIHAN;42;29.01.1972;1;41
SAZAN;42;18.03.1964;1;41
MERIHA;42;17.03.1963;1;41
SERENAT;42;5.03.1981;1;41
ZULFIZAR;42;3.12.1953;1;41
SEYYAN;42;21.02.1955;1;41
SEBAHIYE;42;29.06.1962;1;41
MUTENA;42;4.05.1955;1;41
SAMUL;42;14.01.1963;1;41
ELGIZ;42;12.01.1973;1;41
NURSADE;42;9.03.1974;1;41
AVIDAN;42;22.10.1958;1;41
RAVDA;42;23.01.1968;1;41
NAREY;41;17.10.1953;0;41
SAYIKA;41;19.03.1960;0;41
EDAGUL;41;14.06.1982;0;41
EZENGUL;41;3.07.1960;0;41
GULSEMI;41;4.05.1973;0;41
VETHIYE;41;6.06.1963;0;41
FERRAHDIBA;41;23.06.1972;0;41
PERZADE;41;26.05.1967;0;41
SUEYDA;41;17.01.1966;0;41
RESSI;41;4.11.1947;0;41
GALYE;41;27.07.1965;0;41
KELSUM;41;11.02.1972;0;41
CUDIYE;41;26.11.1957;0;41
TERFIYE;41;15.06.1963;0;41
NEHRIBAN;41;11.05.1971;0;41
AYNZILHA;41;29.04.1968;0;41
KEFIYE;41;27.03.1961;0;41
HUSNUMELEK;41;26.12.1958;0;41
NEDVA;41;4.11.1969;0;41
RAKIDE;41;9.09.1959;0;41
CHRISTINA;41;26.03.1978;0;41
SAIDA;41;4.09.1974;0;41
AKIZE;41;10.09.1969;0;41
EFTADIYE;41;26.01.1955;0;41
DURHANIYE;41;5.04.1963;0;41
AYSUMAN;41;27.03.1974;0;41
SENGUZEL;41;30.01.1970;0;41
BEYHANE;41;1.06.1955;0;41
REVIDE;41;3.08.1951;0;41
SEYARE;41;24.08.1955;0;41
HUKMINAZ;41;28.07.1952;0;41
MASIKAR;41;27.10.1959;0;41
GULISRAF;41;24.03.1951;0;41
KENDINUR;41;22.09.1967;0;41
PELINSU;41;29.2.1990;0;41
SATIMAN;41;6.06.1964;0;41
MUMINET;41;12.12.1956;0;41
MERYE;41;6.03.1962;0;41
LEMSIYE;41;9.04.1964;0;41
SERDEGUL;41;21.12.1967;0;41
SIRINNAZ;41;25.06.1969;0;41
TONYA;41;30.12.1970;0;41
HUDASE;41;14.05.1956;0;41
SEKUFE;41;8.05.1939;0;41
NELLI;41;30.01.1961;0;41
FERIME;41;18.12.1963;0;41
REVAZIYE;41;27.03.1964;0;41
YAGSEMIN;41;17.02.1973;0;41
SENANUR;41;8.04.1985;0;41
CANESER;41;7.11.1968;0;41
RUHISER;41;12.06.1951;0;41
HAVLETE;41;30.05.1968;0;41
HICARE;41;23.11.1949;0;41
FERYADE;41;7.04.1955;0;41
TOPE;41;24.06.1960;0;41
NURICE;41;22.12.1966;0;41
FENNIYE;41;10.05.1956;0;41
LIUDMILA;41;12.03.1974;0;41
PERIS;41;2.06.1960;0;41
SERBANI;41;16.04.1962;0;41
EREBIS;41;12.09.1954;0;41
TEMEL;12560;13.08.1961;12520;40
AZAT;595;30.03.1982;555;40
HAMIS;344;2.01.1957;304;40
OVUNC;286;15.01.1984;246;40
NURICAN;127;10.10.1968;87;40
SERDEN;112;5.01.1978;72;40
PERVIL;78;6.03.1970;38;40
HANAN;74;27.01.1968;34;40
CANSUN;70;22.08.1976;30;40
GOKSER;61;11.07.1967;21;40
NURICIHAN;57;26.01.1956;17;40
TURKSEN;57;29.01.1956;17;40
RASET;56;1.02.1955;16;40
IMSAL;53;24.05.1963;13;40
MURET;52;2.08.1969;12;40
BAYSER;50;9.01.1959;10;40
NEFIS;50;15.08.1962;10;40
ULVER;49;7.03.1964;9;40
HAS;48;18.10.1960;8;40
NECAR;46;30.07.1957;6;40
CEFAIL;46;3.09.1965;6;40
SEYRAT;46;10.08.1962;6;40
MECBUR;46;28.07.1958;6;40
CANSARAN;45;19.06.1964;5;40
MILLIYET;44;8.06.1979;4;40
AHUZAR;43;25.12.1961;3;40
HOSGUL;43;12.11.1968;3;40
ROJDAN;42;16.04.1984;2;40
ILHEM;42;1.01.1980;2;40
AYTEL;42;1.05.1960;2;40
REYAN;42;12.12.1965;2;40
DONEM;42;8.09.1982;2;40
SEVEL;42;2.12.1971;2;40
SAHBANU;41;6.11.1973;1;40
SIREL;41;18.09.1971;1;40
EYFER;41;19.09.1974;1;40
DURNAZ;41;22.10.1966;1;40
BEYNAZ;41;18.03.1961;1;40
SIPEL;41;11.04.1975;1;40
ADILA;41;21.05.1964;1;40
KULTER;41;15.08.1959;1;40
AVER;41;22.12.1955;1;40
MERVEGUL;40;5.03.1990;0;40
NURCUHAN;40;5.05.1971;0;40
NEVGUN;40;10.04.1966;0;40
HASIDE;40;30.01.1961;0;40
SEHRUBAN;40;26.12.1952;0;40
SELHA;40;27.09.1966;0;40
MARINE;40;4.07.1968;0;40
BILGISER;40;2.02.1971;0;40
HEDAYE;40;21.04.1957;0;40
AYLANUR;40;19.02.1967;0;40
HALIMET;40;11.02.1955;0;40
ILIHAN;40;22.09.1963;0;40
ASIDE;40;19.08.1971;0;40
CAZIME;40;18.03.1960;0;40
LAMIHE;40;22.11.1976;0;40
HENVA;40;26.09.1964;0;40
SITTIHAN;40;3.11.1965;0;40
MENSURA;40;11.09.1972;0;40
HELVA;40;19.04.1964;0;40
REFIE;40;5.11.1957;0;40
ABLE;40;21.06.1960;0;40
GULZAMAN;40;3.05.1965;0;40
FEDVE;40;10.07.1968;0;40
SUNYE;40;25.05.1973;0;40
NEVRE;40;26.06.1977;0;40
INCILE;40;29.04.1966;0;40
HEDICE;40;18.11.1943;0;40
MARIE;40;14.04.1960;0;40
ILONA;40;22.05.1969;0;40
NARGULE;40;23.12.1969;0;40
SUMENYE;40;13.02.1982;0;40
MUHMINE;40;13.10.1966;0;40
KIBRE;40;19.01.1953;0;40
BIRKIZ;40;20.08.1970;0;40
GUNNAHAR;40;3.02.1967;0;40
REFAHAT;40;11.06.1957;0;40
SAFINAS;40;27.06.1954;0;40
NIGARE;40;5.05.1950;0;40
HAVIDE;40;12.12.1965;0;40
HEDIKA;40;30.11.1963;0;40
FERMIYE;40;26.10.1952;0;40
BUSON;40;20.09.1969;0;40
ZIYAFE;40;6.06.1959;0;40
ZERGUZEL;40;28.09.1957;0;40
KADISE;40;9.05.1947;0;40
BEGUMHAN;40;29.06.1985;0;40
FADIMET;40;15.12.1955;0;40
BERCESTE;40;23.08.1978;0;40
SOLYA;40;2.08.1956;0;40
SUKURE;40;26.11.1952;0;40
MURSINE;40;21.10.1963;0;40
NEZEGUL;40;10.08.1966;0;40
GULBEHAR;40;30.12.1950;0;40
NILDEM;40;22.04.1982;0;40
LARISSA;40;22.05.1971;0;40
HEDA;40;21.11.1966;0;40
GELIN;40;13.02.1975;0;40
ZAFIYE;40;11.02.1961;0;40
GULBARAN;40;24.07.1980;0;40
FIRENGIZ;40;9.09.1958;0;40
GULEZER;40;24.06.1959;0;40
CERIDE;40;14.05.1963;0;40
ZEMO;40;20.04.1956;0;40
MERIME;40;18.10.1959;0;40
SEDEGUL;40;1.09.1968;0;40
SINEZER;40;28.10.1953;0;40
HEDUL;40;5.08.1965;0;40
TAMARYA;40;25.11.1951;0;40
ZELVINAZ;40;29.04.1961;0;40
TELLER;40;3.04.1964;0;40
URBIYE;40;16.06.1953;0;40
TURKIYAN;40;4.11.1966;0;40
MUCEVER;40;19.10.1964;0;40
MIRIS;40;27.07.1947;0;40
LIZET;40;20.06.1959;0;40
PERDENESIN;40;4.04.1958;0;40
SEMAHIR;40;8.07.1985;0;40
OCEY;40;7.02.1950;0;40
TAYHA;40;1.07.1961;0;40
NAHLI;40;5.12.1954;0;40
BESIYA;40;25.08.1973;0;40
RAMAZAN;283749;4.09.1967;283710;39
ENVER;41864;3.08.1965;41825;39
TUNCER;11237;5.07.1969;11198;39
BERKAN;2892;29.01.1983;2853;39
HAZIM;2889;7.10.1963;2850;39
BERTAN;725;7.07.1979;686;39
AFER;344;30.07.1960;305;39
DASTAN;268;12.07.1958;229;39
SERVAN;254;29.05.1983;215;39
SEZAY;195;24.02.1980;156;39
MUZEKKER;92;28.06.1952;53;39
SEDET;74;6.09.1966;35;39
ZEVAL;68;6.08.1970;29;39
MUAVIYE;67;9.08.1969;28;39
CAHAN;61;27.09.1962;22;39
YENAY;59;9.10.1976;20;39
MULKI;58;21.09.1953;19;39
MELIKAN;51;29.2.1971;12;39
HURYAN;51;10.11.1970;12;39
ZERHAN;49;10.04.1974;10;39
BELGI;48;21.01.1973;9;39
RUHISEN;47;2.01.1959;8;39
SAFAAT;47;5.04.1971;8;39
DILHUN;46;15.06.1976;7;39
SEZEL;45;12.05.1974;6;39
GUZEY;44;6.02.1963;5;39
ILKBEN;43;18.04.1980;4;39
SABAT;43;8.09.1956;4;39
MACAR;42;30.06.1962;3;39
HAMDE;41;20.01.1960;2;39
ZEYNA;41;21.01.1962;2;39
SONDEM;41;3.05.1981;2;39
KAREL;41;19.03.1972;2;39
SAHASER;40;20.09.1962;1;39
UZLUFET;40;12.10.1968;1;39
BESO;40;26.09.1951;1;39
MUSAVVER;40;9.11.1948;1;39
FEYDA;40;30.11.1973;1;39
FETTANE;40;5.03.1953;1;39
MUSBET;40;28.07.1967;1;39
GULERCAN;40;22.01.1971;1;39
GIRAZ;39;22.07.1951;0;39
SIDDIYE;39;6.11.1964;0;39
SERIFHANIM;39;8.11.1968;0;39
LIDA;39;24.06.1972;0;39
FULIN;39;14.10.1973;0;39
ELISE;39;1.04.1975;0;39
SALIKE;39;16.11.1961;0;39
SERVETE;39;20.05.1953;0;39
MENIHA;39;5.05.1967;0;39
DIRRE;39;26.07.1953;0;39
EVRA;39;15.12.1983;0;39
SILTI;39;18.07.1940;0;39
HUZNUGUL;39;20.04.1974;0;39
ZEZO;39;28.07.1942;0;39
LEYMAN;39;16.12.1966;0;39
SABIKA;39;7.03.1964;0;39
FARIDA;39;25.10.1964;0;39
HADIFE;39;29.06.1959;0;39
MUBERRE;39;23.10.1961;0;39
FLORENTINA;39;10.05.1974;0;39
SELMETE;39;25.02.1969;0;39
MAVIDE;39;29.07.1968;0;39
UMMIHANI;39;6.01.1955;0;39
GADIRIYE;39;1.11.1965;0;39
ZUFRIYE;39;7.05.1965;0;39
HURIGUL;39;19.02.1969;0;39
MERYA;39;10.10.1970;0;39
GEVSER;39;22.06.1959;0;39
DOKUL;39;22.01.1967;0;39
SAGIBE;39;30.05.1959;0;39
KUZIDE;39;23.05.1957;0;39
NURIDE;39;30.06.1965;0;39
VERONICA;39;28.05.1974;0;39
MESFIKA;39;11.08.1953;0;39
ALARA;39;4.04.1987;0;39
AYSECAN;39;20.07.1977;0;39
MUCIDE;39;17.05.1958;0;39
NEBAYET;39;2.04.1962;0;39
NURANE;39;9.03.1960;0;39
JULYA;39;29.06.1970;0;39
AKIBET;39;16.06.1973;0;39
GULDANUR;39;30.12.1970;0;39
SAKINAZ;39;4.09.1967;0;39
ZULAHA;39;20.03.1958;0;39
NEVRUZIYE;39;8.04.1959;0;39
GULDENE;39;13.04.1966;0;39
SERRIN;39;2.03.1969;0;39
EJDA;39;22.05.1978;0;39
GULAFIYE;39;17.02.1962;0;39
GULAYFER;39;13.04.1972;0;39
GULHAZAR;39;24.01.1969;0;39
MUHFIYE;39;20.09.1947;0;39
HEDIKE;39;9.03.1960;0;39
ETIYE;39;7.05.1961;0;39
SOKET;39;6.01.1953;0;39
NECATIYE;39;14.04.1953;0;39
KEKLIFE;39;21.02.1967;0;39
NEFERIYE;39;1.07.1956;0;39
GULDESTAN;39;5.12.1962;0;39
GULSIRAZ;39;8.02.1953;0;39
ECATERINA;39;2.05.1972;0;39
RABIHAN;39;2.11.1964;0;39
SABAHIYE;39;30.01.1959;0;39
FETENE;39;27.08.1961;0;39
ASLAN;13437;23.08.1967;13399;38
VAHDET;1729;21.01.1973;1691;38
ASIL;1004;11.09.1976;966;38
AKAY;672;27.09.1973;634;38
SIMSEK;281;8.07.1964;243;38
CAGIN;244;22.12.1985;206;38
SOZER;156;16.01.1971;118;38
MUTAHHAR;113;14.09.1953;75;38
TUREL;110;15.04.1961;72;38
GULICAN;81;5.08.1967;43;38
MESUR;78;5.12.1968;40;38
UYAN;70;18.06.1971;32;38
SEMYAN;62;5.08.1974;24;38
ADIGUL;58;30.07.1957;20;38
KUPELI;58;27.03.1955;20;38
OVUL;57;1.10.1979;19;38
CELALET;54;27.09.1955;16;38
FIDA;51;11.07.1961;13;38
MUFRET;50;9.06.1957;12;38
SEHRAN;50;10.02.1967;12;38
MISLINA;50;12.10.1983;12;38
TOZAN;49;5.03.1965;11;38
ENBER;47;5.08.1952;9;38
GUZAY;47;26.12.1967;9;38
MURTEZIM;47;6.09.1966;9;38
SUZAY;47;18.08.1970;9;38
SUNAYI;43;19.09.1978;5;38
REFAN;42;28.12.1955;4;38
GULLE;42;23.06.1962;4;38
FERIHAT;42;30.06.1960;4;38
SEVERCAN;42;19.05.1965;4;38
NURSAY;41;12.07.1973;3;38
SINAZ;41;24.07.1971;3;38
SADIGUL;41;1.11.1961;3;38
MUBESSER;41;27.08.1967;3;38
YASACAN;41;17.06.1971;3;38
GUNHER;41;10.09.1949;3;38
SONSER;41;27.02.1976;3;38
BEHAN;41;17.02.1959;3;38
IMRA;40;2.12.1972;2;38
FEYRUSE;40;2.05.1974;2;38
LEYLO;40;8.07.1949;2;38
ERZIHAN;40;11.04.1967;2;38
MEDIK;40;18.07.1955;2;38
FERIMAN;40;10.09.1962;2;38
ILKYAZ;40;23.09.1988;2;38
SUVAL;40;11.03.1968;2;38
MERIMAN;39;17.02.1968;1;38
MELO;39;27.10.1948;1;38
HIZNE;39;24.09.1956;1;38
SEME;39;26.10.1956;1;38
SENESER;39;12.08.1964;1;38
MUSEVET;39;10.07.1970;1;38
SERIFNUR;39;3.10.1962;1;38
MEVSUR;38;17.09.1968;0;38
MEHRIBE;38;2.01.1969;0;38
MAKBER;38;30.12.1975;0;38
KAVIYE;38;21.06.1961;0;38
ESIK;38;23.05.1952;0;38
HANIFIYE;38;5.10.1958;0;38
NEZIYA;38;29.07.1965;0;38
ZEYRA;38;16.08.1966;0;38
MEVKURE;38;30.07.1966;0;38
MUCEHHER;38;28.06.1956;0;38
VENSE;38;20.02.1976;0;38
RAKYETE;38;12.08.1975;0;38
TASIHE;38;27.11.1972;0;38
FASLI;38;28.06.1952;0;38
BINEFSI;38;18.12.1957;0;38
EYSER;38;11.05.1958;0;38
NEJLE;38;20.06.1967;0;38
ZARIFA;38;22.06.1959;0;38
SAHYA;38;17.11.1973;0;38
GURSEREN;38;23.01.1969;0;38
MULKIYET;38;8.09.1978;0;38
NAZIHAT;38;7.03.1966;0;38
VIKTORIA;38;3.08.1967;0;38
NISANE;38;4.11.1962;0;38
LIZ;38;22.09.1972;0;38
FAHIZE;38;2.01.1958;0;38
JULIA;38;2.12.1973;0;38
SOSE;38;3.12.1955;0;38
STELLA;38;19.10.1966;0;38
GUNAZ;38;30.09.1962;0;38
SELFIYE;38;8.06.1965;0;38
INGRID;38;13.09.1952;0;38
SABITA;38;8.08.1959;0;38
GEORGETA;38;26.11.1970;0;38
GULBES;38;30.05.1957;0;38
SEHINAZ;38;20.02.1965;0;38
ASANA;38;15.05.1955;0;38
SAHNISE;38;15.06.1960;0;38
NURADIYE;38;13.11.1969;0;38
SEVDENUR;38;22.06.1986;0;38
KUKUK;38;19.11.1949;0;38
FERUHA;38;3.09.1952;0;38
PERIMAN;38;1.02.1952;0;38
CAFIDE;38;29.06.1964;0;38
SUDEM;38;14.08.1979;0;38
FARUKA;38;1.07.1963;0;38
NEVARE;38;11.02.1954;0;38
TALIE;38;12.06.1961;0;38
IRVE;38;27.06.1960;0;38
MUGEN;38;27.01.1979;0;38
SAHISER;38;26.04.1962;0;38
GULERDEM;38;22.05.1965;0;38
SELMAHAN;38;21.01.1972;0;38
NOBER;38;22.07.1952;0;38
VESIME;38;15.08.1960;0;38
SEMRIN;38;3.09.1972;0;38
MUSRIYE;38;5.09.1955;0;38
CUVEYRIYE;38;25.04.1975;0;38
HANDA;38;18.07.1985;0;38
MIHRIBE;38;12.11.1954;0;38
HURIZET;38;19.11.1955;0;38
MEYSURE;38;20.08.1964;0;38
KETE;38;17.01.1951;0;38
MIRIBAN;38;5.07.1958;0;38
RAFIYA;38;27.06.1962;0;38
HAYRUNNUSA;38;9.12.1952;0;38
NADIGAR;38;23.08.1967;0;38
GULSEBAH;38;10.04.1964;0;38
MAYTAP;38;1.09.1963;0;38
ADRIANA;38;23.08.1971;0;38
ZERKALEM;38;17.02.1953;0;38
EVDEGUL;38;14.03.1973;0;38
SAHNISA;38;20.01.1952;0;38
BASE;38;21.02.1954;0;38
RUJDIYE;38;19.06.1963;0;38
HUCRIYE;38;11.08.1957;0;38
MINIRIYE;38;26.09.1964;0;38
NETIFE;38;13.10.1957;0;38
NALISE;38;27.11.1962;0;38
RIBASAH;38;18.06.1968;0;38
SUBEYDA;38;29.11.1969;0;38
MUBEHER;38;15.12.1958;0;38
SEFILAY;38;4.09.1975;0;38
TAVAT;38;3.02.1950;0;38
HURIZAT;38;28.02.1953;0;38
GOGE;38;5.10.1961;0;38
CEVRINAZ;38;6.09.1956;0;38
MINNETI;38;23.02.1962;0;38
FERISER;38;21.09.1953;0;38
RIKKAT;38;3.01.1951;0;38
MAHMIRI;38;15.11.1963;0;38
LAMISER;38;24.02.1963;0;38
AYSENAZ;38;28.09.1977;0;38
NEVZET;691;25.11.1968;654;37
SEYMEN;308;29.07.1972;271;37
TUGRA;136;21.04.1985;99;37
REGAYIP;122;6.02.1976;85;37
DEMIRSAH;118;8.08.1950;81;37
ULGAR;97;13.12.1970;60;37
MUREN;77;28.11.1966;40;37
HAN;76;10.09.1956;39;37
RAVSAN;74;5.04.1978;37;37
UNEL;55;11.09.1957;18;37
BILEK;51;22.12.1976;14;37
TUGCA;50;1.08.1985;13;37
VEKALET;49;30.06.1966;12;37
GULMETIN;46;7.12.1950;9;37
ADA;45;30.09.1979;8;37
BELEN;45;27.01.1973;8;37
HINO;43;14.09.1953;6;37
ALEMSAH;42;8.11.1961;5;37
CUCI;40;10.10.1947;3;37
SULEN;40;3.10.1972;3;37
BILSEV;40;13.12.1964;3;37
SAHSEDE;40;20.10.1961;3;37
SAHBER;40;18.03.1954;3;37
ERDANE;39;23.09.1964;2;37
NARDAN;39;12.05.1966;2;37
ESIL;39;8.11.1981;2;37
KAVI;38;13.05.1954;1;37
PEYRUZHAN;38;23.07.1964;1;37
HOSGUN;38;15.05.1962;1;37
LISA;38;12.06.1971;1;37
UFFET;38;5.12.1954;1;37
FIRIZAN;38;5.03.1965;1;37
GULEVER;38;23.12.1963;1;37
SEVSIN;38;18.08.1975;1;37
AYSUHAN;38;30.06.1980;1;37
HACARE;37;25.05.1963;0;37
TANZILE;37;3.05.1968;0;37
KAHIRE;37;30.08.1970;0;37
ADIFET;37;1.09.1961;0;37
SUDDU;37;2.12.1954;0;37
HEDIME;37;18.04.1959;0;37
HUMAYIN;37;25.10.1960;0;37
NAZRIFE;37;22.10.1960;0;37
NEZHAT;37;21.09.1971;0;37
MEYSU;37;24.03.1975;0;37
MUAZES;37;27.07.1970;0;37
SECIDE;37;14.04.1967;0;37
ZURE;37;20.04.1956;0;37
HURNAZ;37;6.01.1961;0;37
SAHREBAN;37;11.08.1970;0;37
TAYBA;37;29.10.1961;0;37
TEODORA;37;7.04.1963;0;37
MINIRA;37;15.03.1963;0;37
RENDE;37;5.04.1966;0;37
AYNUL;37;21.07.1961;0;37
FERIA;37;1.07.1959;0;37
ESNUR;37;19.08.1975;0;37
GULBITER;37;5.05.1973;0;37
NURKIYE;37;1.12.1963;0;37
MAVUSE;37;9.10.1958;0;37
HABBE;37;13.02.1959;0;37
GULHEM;37;24.05.1964;0;37
SAVURE;37;3.05.1960;0;37
FEHRINAZ;37;9.11.1959;0;37
FEVGIYE;37;13.11.1965;0;37
HURUZIYE;37;11.10.1958;0;37
AGKIZ;37;8.09.1961;0;37
MEHRUZE;37;22.09.1955;0;37
ZUBEYIDE;37;14.12.1965;0;37
URFANIYE;37;5.02.1957;0;37
RASIDIYE;37;1.02.1963;0;37
SELVAY;37;4.08.1971;0;37
TARANA;37;20.08.1969;0;37
NURTAP;37;14.03.1970;0;37
SULUNAY;37;29.09.1967;0;37
BAGNUR;37;7.08.1981;0;37
NEDIMA;37;22.01.1970;0;37
TOLI;37;10.10.1959;0;37
RUFKIYE;37;5.09.1955;0;37
PEVRIN;37;22.09.1966;0;37
ILTEN;37;27.08.1968;0;37
MAYISEKER;37;30.01.1963;0;37
NILSAH;37;12.12.1985;0;37
FETVA;37;7.05.1967;0;37
TASFIRE;37;4.05.1946;0;37
GULDUDU;37;29.12.1961;0;37
MEHRIBANI;37;14.11.1955;0;37
RUKYE;37;22.02.1961;0;37
ARAPLI;37;13.10.1958;0;37
GULPARE;37;11.07.1959;0;37
SAFILI;37;10.05.1953;0;37
USTUNGUL;37;10.02.1960;0;37
NAYIMA;37;23.09.1961;0;37
TEYREY;37;9.10.1961;0;37
OMURZAT;37;9.08.1952;0;37
SERENA;37;14.02.1984;0;37
HUMIRE;37;10.03.1953;0;37
MUNZIRE;37;15.09.1972;0;37
AHLEM;37;26.07.1984;0;37
CUFERIYE;37;2.10.1957;0;37
MUSTAFA;976926;23.05.1967;976890;36
YILDIRAY;9091;10.11.1976;9055;36
NESIM;4153;7.11.1970;4117;36
ASIR;3735;26.01.1962;3699;36
CEZMI;3588;4.04.1967;3552;36
TUNCEL;1073;16.09.1965;1037;36
URFAN;718;27.01.1964;682;36
MELIKSAH;589;25.12.1976;553;36
AYBERK;556;10.11.1984;520;36
MUHACIR;361;25.08.1965;325;36
TATAR;142;26.03.1959;106;36
MIHRAN;124;10.05.1960;88;36
KAKIL;120;14.03.1956;84;36
OZDER;110;23.12.1967;74;36
CEFA;103;7.11.1969;67;36
UZEYFE;101;1.08.1968;65;36
HUKMET;93;7.03.1972;57;36
YURDACAN;82;1.10.1962;46;36
ERIN;69;12.02.1972;33;36
SUNEL;55;14.07.1965;19;36
ARMAHAN;51;9.07.1970;15;36
KUBRAN;50;20.03.1977;14;36
TEKSEN;48;1.04.1969;12;36
ENHAR;48;15.11.1971;12;36
ASER;47;30.05.1955;11;36
NECAHAT;45;16.07.1956;9;36
PEYKAN;44;4.11.1966;8;36
MERHAN;44;5.05.1968;8;36
ELHEM;44;22.09.1971;8;36
YENIAY;42;16.03.1965;6;36
BIRDAN;41;14.12.1969;5;36
NURHAY;41;8.09.1964;5;36
NEZHET;40;3.02.1957;4;36
MUVRET;39;26.12.1966;3;36
FERA;39;16.08.1965;3;36
YILDIZAY;38;29.01.1974;2;36
GOZLEM;38;10.05.1985;2;36
FAKET;38;26.09.1953;2;36
FERI;38;19.11.1966;2;36
HATIRNAZ;37;2.04.1965;1;36
BILGISAN;37;11.10.1980;1;36
HEVIDAR;37;6.01.1989;1;36
NASRIN;37;30.03.1968;1;36
GULSENER;37;22.07.1967;1;36
MUSKAN;37;7.12.1954;1;36
CEVRES;37;26.05.1961;1;36
BIRIZ;37;4.09.1972;1;36
SEVDIHAN;37;24.12.1973;1;36
NURTEL;37;25.08.1963;1;36
GUNHAR;37;2.07.1956;1;36
GULDES;37;20.07.1971;1;36
NURAYI;37;15.03.1974;1;36
SEHVAR;37;11.08.1954;1;36
AYTAP;37;6.09.1967;1;36
ETEY;36;7.10.1946;0;36
GULNARE;36;23.06.1971;0;36
BIRIYE;36;1.07.1975;0;36
MENENGUL;36;18.08.1972;0;36
ILNUR;36;6.11.1972;0;36
MIYASSE;36;14.11.1960;0;36
KEYFIYE;36;7.08.1975;0;36
NIMETE;36;13.04.1951;0;36
BEHYA;36;28.03.1967;0;36
FAYDA;36;28.08.1970;0;36
ROZET;36;20.10.1960;0;36
FEREHAN;36;28.06.1966;0;36
ZELHI;36;10.12.1949;0;36
MARUFA;36;26.12.1968;0;36
RAYYA;36;17.07.1961;0;36
KINNE;36;2.10.1956;0;36
INTISAR;36;3.05.1978;0;36
HIYAM;36;9.12.1967;0;36
MIRELA;36;22.11.1974;0;36
MADLIN;36;20.11.1968;0;36
SUFIYE;36;15.08.1957;0;36
DILFER;36;21.04.1966;0;36
EVLIN;36;14.11.1975;0;36
NAZENTI;36;27.04.1956;0;36
HASPIYE;36;22.09.1956;0;36
UMHAN;36;5.06.1958;0;36
ZIYNEP;36;22.01.1955;0;36
SEMIDE;36;21.05.1962;0;36
KADINANA;36;27.04.1963;0;36
HURIZE;36;25.05.1960;0;36
ZULFIYA;36;21.11.1970;0;36
ASLICAN;36;22.12.1986;0;36
SABIKE;36;1.11.1965;0;36
DURDAGUL;36;24.06.1958;0;36
LEYUZE;36;2.02.1962;0;36
SEBIYAN;36;13.04.1963;0;36
SUREYLA;36;9.08.1967;0;36
NELI;36;12.01.1959;0;36
NEZLIYE;36;13.06.1959;0;36
SENKIZ;36;11.09.1958;0;36
ARLIN;36;1.02.1982;0;36
DILAYDA;36;10.03.1988;0;36
SAYLA;36;23.08.1967;0;36
HASMIYE;36;15.02.1960;0;36
KEBAHAN;36;8.07.1958;0;36
NURPINAR;36;22.12.1979;0;36
LUMINITA;36;9.09.1972;0;36
SEBRA;36;2.01.1977;0;36
MIMINE;36;27.09.1966;0;36
REYHANIYE;36;15.03.1964;0;36
IREBIYE;36;2.04.1963;0;36
NUMUNE;36;9.12.1965;0;36
NELDA;36;6.02.1979;0;36
SERGUZEL;36;28.03.1955;0;36
SELIMET;36;23.10.1953;0;36
AZILE;36;1.05.1962;0;36
GULPESE;36;5.07.1957;0;36
NUCUBE;36;18.03.1961;0;36
MADER;36;23.06.1953;0;36
NABILE;36;29.11.1964;0;36
HADIC;36;22.03.1952;0;36
YETERIYE;36;25.04.1964;0;36
MUFRIDE;36;9.02.1965;0;36
HALITE;36;12.04.1969;0;36
REMILE;36;27.01.1958;0;36
ZERCIHAN;36;14.11.1959;0;36
MEYVA;36;2.11.1968;0;36
FELEM;36;22.06.1975;0;36
MISRIYE;36;15.03.1964;0;36
HAILE;36;7.12.1965;0;36
REVZET;36;27.11.1966;0;36
NECVE;36;5.10.1968;0;36
GULSIYAH;36;28.10.1958;0;36
SAIFE;36;10.09.1961;0;36
ZEDIFE;36;2.11.1961;0;36
MUHARREME;36;13.01.1949;0;36
HAYZETE;36;26.10.1973;0;36
MUJDEN;36;10.07.1965;0;36
IMMAN;36;22.05.1957;0;36
MAYIZER;36;4.09.1967;0;36
ZULUYE;36;14.02.1958;0;36
ULFADIYE;36;6.04.1952;0;36
SEVDANE;36;9.01.1972;0;36
KESKIYE;36;4.10.1970;0;36
FAIRE;36;27.12.1963;0;36
MINI;36;4.10.1948;0;36
MURFE;36;18.06.1965;0;36
GUTNE;36;10.04.1973;0;36
HARSE;36;2.07.1955;0;36
KUDUSE;36;3.08.1970;0;36
MUBESSIRE;36;5.01.1951;0;36
ESMINE;36;1.12.1957;0;36
TURAFIYE;36;29.04.1960;0;36
SERKAN;115696;18.12.1983;115661;35
ONDER;28175;2.10.1977;28140;35
UYGAR;1409;12.07.1983;1374;35
MERVAN;567;8.06.1983;532;35
YETGIN;268;5.11.1971;233;35
BAHDIYAR;142;29.04.1968;107;35
NAKSI;102;19.10.1963;67;35
SAYCAN;98;29.11.1965;63;35
SULHAN;85;18.12.1965;50;35
HAZIN;76;16.04.1974;41;35
RADET;72;3.11.1968;37;35
SEVRET;67;1.04.1972;32;35
SURHAN;66;20.09.1974;31;35
BAHTIM;63;18.05.1980;28;35
RUHCAN;56;24.05.1967;21;35
EYSAN;55;5.11.1968;20;35
SAFAT;54;23.04.1965;19;35
DUYGUN;52;5.11.1978;17;35
BURCAN;50;8.03.1979;15;35
SURAYYA;46;11.08.1971;11;35
BEYLAN;46;7.12.1965;11;35
ALTEN;43;6.07.1959;8;35
BIRGIN;43;1.11.1961;8;35
GULDAR;42;9.04.1972;7;35
TURKMAN;42;10.01.1957;7;35
SAHICAN;41;22.07.1962;6;35
MINNUR;40;1.12.1968;5;35
SERYAN;40;9.08.1969;5;35
SIRAY;40;18.08.1965;5;35
AYVER;39;26.12.1969;4;35
SIFAYET;38;16.06.1970;3;35
TANSELI;37;16.11.1965;2;35
YADEL;37;22.12.1978;2;35
NIZAMIYE;37;23.09.1957;2;35
CEKER;37;14.02.1954;2;35
OZLE;37;7.05.1979;2;35
HURYA;37;26.10.1969;2;35
TEFEKKUL;37;10.02.1962;2;35
PEKNUR;37;27.08.1960;2;35
MESINE;36;2.11.1965;1;35
KIYMETLI;36;18.01.1960;1;35
GEDRA;36;8.02.1969;1;35
MANISA;36;12.02.1970;1;35
MINAZ;36;7.03.1964;1;35
HENO;36;10.05.1941;1;35
DEMIRAN;36;3.06.1956;1;35
CILLE;36;17.08.1959;1;35
MIRGUL;36;2.10.1968;1;35
BERAET;36;10.02.1958;1;35
SENIM;36;9.12.1972;1;35
RUZKAT;36;29.07.1962;1;35
BEDRISAH;36;30.12.1953;1;35
ALEXANDRA;36;3.09.1978;1;35
HANUS;36;3.04.1965;1;35
IZABEL;35;15.12.1973;0;35
ZEHRIBAN;35;1.11.1976;0;35
NEZEHA;35;16.07.1965;0;35
SEJDA;35;8.09.1979;0;35
ZENURIYE;35;22.09.1964;0;35
VADIHA;35;16.02.1967;0;35
CEZVANUR;35;4.04.1962;0;35
SEYNA;35;5.01.1977;0;35
FERIDA;35;7.06.1971;0;35
HURYE;35;25.07.1964;0;35
SAINUR;35;28.01.1953;0;35
SISAN;35;23.01.1950;0;35
MEHRIGUL;35;9.08.1963;0;35
BESIMA;35;7.05.1971;0;35
HAYRIYA;35;10.03.1963;0;35
RUMEYLA;35;18.12.1974;0;35
VEFIKA;35;26.01.1965;0;35
MARUFE;35;11.03.1960;0;35
MELEHET;35;12.01.1961;0;35
ENZILE;35;12.02.1963;0;35
LORIN;35;1.05.1973;0;35
PERU;35;16.11.1945;0;35
ICLAN;35;7.01.1966;0;35
MELIFE;35;28.08.1966;0;35
HEDE;35;16.05.1961;0;35
MANUELA;35;6.06.1972;0;35
ANUDA;35;2.09.1974;0;35
KESERI;35;16.09.1970;0;35
MAHBURE;35;30.11.1957;0;35
SIMONA;35;20.09.1976;0;35
MONA;35;3.12.1975;0;35
HASIBA;35;20.12.1960;0;35
FIDE;35;23.01.1971;0;35
DURE;35;23.11.1956;0;35
SAHINAS;35;5.07.1965;0;35
MUBECCER;35;14.11.1956;0;35
KONCEFER;35;27.08.1956;0;35
SUNKARE;35;22.09.1950;0;35
SABRE;35;21.04.1954;0;35
SEMMA;35;20.11.1955;0;35
MECMURE;35;7.05.1958;0;35
CELALIYE;35;21.11.1964;0;35
GONULE;35;7.04.1961;0;35
ZENNISAN;35;2.06.1961;0;35
BIRICIM;35;12.12.1972;0;35
NEVIME;35;13.02.1961;0;35
METLUBE;35;11.07.1951;0;35
MURIFET;35;22.11.1961;0;35
ZAMIRA;35;20.11.1972;0;35
FATIMATUL;35;2.08.1980;0;35
GUPSE;35;20.04.1982;0;35
GURDANE;35;15.02.1971;0;35
MERYAN;35;29.05.1971;0;35
AYBUKEN;35;18.09.1966;0;35
ZENIYE;35;15.03.1959;0;35
SERNA;35;30.11.1981;0;35
BUGCE;35;13.06.1988;0;35
MEHIDE;35;19.08.1957;0;35
NAHIZER;35;20.03.1961;0;35
BAHARE;35;17.08.1956;0;35
FERIYDE;35;15.10.1963;0;35
GULBEYDE;35;21.10.1958;0;35
BADAT;35;4.05.1959;0;35
SAHIFE;35;3.10.1956;0;35
SINEMGUL;35;3.09.1967;0;35
NERIYMAN;35;26.10.1966;0;35
SUIDE;35;20.05.1962;0;35
HAYRENSE;35;14.02.1959;0;35
BEZMIYE;35;21.08.1950;0;35
SEKIRE;35;17.04.1963;0;35
SEMSIMAH;35;16.10.1955;0;35
NEJLAN;35;5.12.1968;0;35
AYSEMEN;35;10.01.1961;0;35
ALENA;35;9.10.1975;0;35
BEFRO;35;11.07.1956;0;35
HABILE;35;4.05.1961;0;35
KAMERUH;35;25.02.1954;0;35
VARDI;35;7.12.1944;0;35
TULI;35;13.03.1960;0;35
FIKNAT;35;10.07.1963;0;35
MUHTESIME;35;19.07.1962;0;35
VEZNA;35;7.07.1974;0;35
PERVIM;35;29.09.1974;0;35
AMBERE;35;18.02.1963;0;35
EMUNE;35;5.04.1950;0;35
ORUCEY;35;18.10.1950;0;35
MESADIYE;35;29.07.1963;0;35
MUHRIBE;35;1.06.1961;0;35
SUKKERIYE;35;1.07.1952;0;35
AYSEMAN;35;26.12.1957;0;35
SEHIRLI;35;7.03.1956;0;35
ZAHURE;35;1.11.1961;0;35
MUBEHHER;35;5.08.1949;0;35
ENES;9726;7.07.1985;9692;34
SAYIM;3460;6.02.1968;3426;34
ZULFUKAR;2607;5.09.1964;2573;34
SERBEST;219;25.07.1978;185;34
NUFER;210;6.10.1965;176;34
EHSAN;195;12.09.1959;161;34
BERKE;194;15.12.1983;160;34
MERAN;148;20.04.1968;114;34
BAHTI;84;6.01.1964;50;34
ILCAN;72;13.03.1974;38;34
ERDA;66;7.08.1982;32;34
OMURAY;51;14.06.1976;17;34
EMRIN;51;20.04.1981;17;34
BADI;50;20.01.1961;16;34
MAMIK;49;18.03.1956;15;34
EMNIYET;47;13.02.1963;13;34
TURKIZ;47;6.07.1960;13;34
SENEN;46;2.10.1964;12;34
OREN;46;9.02.1971;12;34
SEMAL;46;9.09.1972;12;34
SURAT;45;6.11.1963;11;34
PIYALE;43;23.06.1962;9;34
ASEN;40;22.02.1970;6;34
INSEL;40;24.01.1967;6;34
ADET;39;11.11.1952;5;34
IZAHAT;38;25.04.1964;4;34
AKBAL;38;17.08.1945;4;34
YAYLALI;38;23.03.1954;4;34
BURCA;37;18.10.1981;3;34
ZILAL;37;14.03.1969;3;34
SIFE;37;15.07.1964;3;34
HEZI;37;23.09.1941;3;34
ELIN;36;14.11.1980;2;34
HATMAN;36;11.03.1955;2;34
SINAS;36;19.02.1968;2;34
BILDEN;36;11.08.1975;2;34
NEVZE;36;28.04.1962;2;34
SAHBAL;36;7.08.1957;2;34
UMU;35;13.01.1969;1;34
AYLEN;35;24.11.1968;1;34
TUKEL;35;24.02.1951;1;34
FAHRITAC;35;1.04.1962;1;34
BEYHA;35;7.11.1958;1;34
MIESSER;35;19.06.1960;1;34
SUDER;35;21.01.1960;1;34
MUSAADE;35;22.07.1955;1;34
MUHESSER;35;16.05.1959;1;34
RUZIN;35;21.04.1963;1;34
MIHRIBA;35;18.08.1957;1;34
GUNDOGMUS;35;16.04.1962;1;34
SUSANBER;34;23.07.1953;0;34
KINNEY;34;15.06.1945;0;34
MURIVVET;34;9.05.1959;0;34
FEHIYE;34;21.08.1962;0;34
SERPILAY;34;8.10.1972;0;34
VASIFE;34;5.04.1962;0;34
GULVEDA;34;22.05.1973;0;34
NURZEN;34;28.02.1965;0;34
MUBARE;34;10.01.1969;0;34
KETIBE;34;17.04.1967;0;34
KOMRI;34;27.03.1959;0;34
YAZYA;34;2.06.1973;0;34
BEYZE;34;6.01.1957;0;34
HANIFA;34;23.03.1960;0;34
SANGUL;34;26.12.1969;0;34
VAZHA;34;20.08.1949;0;34
BILSEM;34;25.10.1975;0;34
SEHEMI;34;29.06.1958;0;34
HADICA;34;15.11.1950;0;34
FAHRIYA;34;28.08.1958;0;34
PAKIZA;34;19.06.1966;0;34
SAHRABAN;34;26.01.1964;0;34
IYDE;34;10.04.1960;0;34
MAMIRE;34;9.10.1963;0;34
NACIRE;34;6.09.1972;0;34
IMEN;34;3.05.1982;0;34
PATRICIA;34;1.05.1963;0;34
BETULE;34;16.12.1965;0;34
NARINCE;34;24.01.1971;0;34
TAKDIRE;34;15.08.1954;0;34
MERISAN;34;22.01.1971;0;34
GULEYMAN;34;9.06.1966;0;34
GANIMA;34;13.09.1955;0;34
ESEANA;34;29.05.1955;0;34
GULCIM;34;3.03.1976;0;34
RUZBIYE;34;7.06.1955;0;34
SEBINE;34;12.08.1978;0;34
SELVIGUL;34;22.06.1972;0;34
SELMIHAN;34;23.08.1970;0;34
ALMES;34;3.02.1964;0;34
PELIZAR;34;23.02.1964;0;34
KUZEYDE;34;7.06.1961;0;34
LIA;34;8.03.1968;0;34
HATIFE;34;22.04.1957;0;34
SEVLINAZ;34;13.09.1960;0;34
GULSARE;34;20.05.1967;0;34
MEFUZE;34;11.02.1957;0;34
MUYASER;34;28.04.1971;0;34
NURFIDE;34;29.10.1968;0;34
GOLCIN;34;1.01.1963;0;34
PERUZET;34;11.01.1950;0;34
ZAIME;34;2.07.1953;0;34
SUVADE;34;2.04.1958;0;34
NUVEYDA;34;3.09.1973;0;34
ZAILE;34;5.02.1960;0;34
BUGSE;34;4.03.1990;0;34
FLORA;34;2.11.1965;0;34
UMRANIYE;34;9.05.1976;0;34
GULHEDIYE;34;26.01.1968;0;34
MEYISE;34;29.10.1960;0;34
SUSAMBER;34;22.11.1958;0;34
SERIYFE;34;7.01.1961;0;34
EDAYE;34;9.05.1958;0;34
KIZLARBEYI;34;21.12.1954;0;34
GONULDEN;34;19.11.1968;0;34
MEYTAP;34;28.03.1974;0;34
SIMZAR;34;6.06.1953;0;34
KIRAS;34;22.01.1959;0;34
SIFADE;34;2.07.1966;0;34
SEVIYYE;34;19.08.1955;0;34
ELNARA;34;28.12.1978;0;34
HITAME;34;22.02.1958;0;34
RESIKA;34;23.05.1954;0;34
ZEYI;34;24.12.1948;0;34
MEREZ;34;13.07.1964;0;34
AKUT;34;20.11.1973;0;34
MADIYE;34;2.03.1966;0;34
MINTAN;34;13.09.1965;0;34
GEVE;34;1.02.1954;0;34
BIRSEM;34;27.02.1978;0;34
SEHILA;34;12.06.1968;0;34
HAKIBE;34;1.01.1968;0;34
MANISE;34;6.05.1979;0;34
HEVEHAN;34;4.01.1971;0;34
NILOFER;34;11.12.1948;0;34
SAMAM;34;16.05.1964;0;34
MILKIBAR;34;12.07.1974;0;34
SECILE;34;24.10.1965;0;34
PAYTON;34;1.02.1951;0;34
ELHAME;34;22.03.1954;0;34
BELHUZAR;34;30.2.1957;0;34
GOKCECICEK;34;8.07.1984;0;34
GULSINAM;34;2.03.1965;0;34
BERINAZ;34;15.03.1971;0;34
NEGAHAN;34;8.02.1980;0;34
MILIFER;34;7.03.1966;0;34
HURUCAN;34;29.06.1970;0;34
HODE;34;30.06.1958;0;34
ERKAN;91310;28.07.1980;91277;33
BURAK;36797;15.03.1987;36764;33
FIKRI;18872;3.01.1961;18839;33
TUFAN;9033;29.03.1973;9000;33
MESTAN;2433;17.07.1959;2400;33
GIRAY;925;30.11.1978;892;33
KESIM;229;28.03.1963;196;33
GORGUN;218;5.11.1969;185;33
KUTLUAY;157;22.12.1971;124;33
TURKI;137;22.01.1959;104;33
URUSAN;67;26.08.1960;34;33
BILIR;65;22.11.1969;32;33
YILAY;60;24.05.1972;27;33
DELLI;52;3.11.1954;19;33
GOKCEL;50;30.07.1967;17;33
MUKADDERAT;44;16.03.1967;11;33
HASLET;42;30.10.1973;9;33
MURSET;42;12.10.1964;9;33
HAZIMET;39;8.05.1960;6;33
DOVLET;39;24.10.1967;6;33
SEMSO;38;10.12.1948;5;33
MURCAN;38;30.01.1967;5;33
BALDAN;37;30.09.1970;4;33
RUHAL;36;10.05.1973;3;33
MERLIN;35;17.02.1985;2;33
HAMRET;35;18.08.1948;2;33
MULFER;35;13.06.1967;2;33
MARTI;35;19.04.1978;2;33
REYSAN;34;2.10.1970;1;33
MURBET;34;18.05.1965;1;33
NECDA;34;29.07.1963;1;33
ALIMA;34;21.12.1962;1;33
CINI;34;21.08.1958;1;33
GULBAR;34;13.09.1962;1;33
RISKET;34;4.01.1977;1;33
PERCIHAN;34;27.06.1963;1;33
ERNA;34;5.11.1968;1;33
IMATULLAH;34;28.07.1961;1;33
BEDIS;34;4.07.1960;1;33
ESTERYA;34;29.08.1938;1;33
TUVANA;34;23.09.1979;1;33
ISEY;33;24.04.1943;0;33
SEYIDEGUL;33;16.03.1956;0;33
MEYRE;33;2.05.1957;0;33
GULSEVDI;33;29.03.1964;0;33
KARIBE;33;23.01.1957;0;33
FATIMETUL;33;8.02.1969;0;33
HATUNKIZ;33;11.08.1949;0;33
SALAHA;33;14.08.1954;0;33
MINEGUL;33;7.10.1978;0;33
CENEY;33;14.12.1950;0;33
ZEMILE;33;16.03.1962;0;33
GAMMI;33;29.12.1956;0;33
LAMYA;33;16.06.1964;0;33
FIKIRYE;33;28.09.1963;0;33
EMIRYE;33;22.02.1973;0;33
SAADE;33;5.12.1953;0;33
HEVIN;33;25.06.1987;0;33
BEYAZGUL;33;28.06.1973;0;33
HEBRIZE;33;21.02.1966;0;33
IZGUL;33;6.10.1978;0;33
NESEPHAN;33;19.08.1956;0;33
NUSRA;33;25.09.1977;0;33
MUSGAN;33;4.11.1960;0;33
GULVIN;33;6.03.1980;0;33
ENISA;33;25.02.1972;0;33
MENSULE;33;30.12.1970;0;33
MEVHUBE;33;30.2.1970;0;33
NEZHETE;33;2.06.1958;0;33
HAYFA;33;29.05.1957;0;33
TAHMINA;33;28.07.1983;0;33
GULSIM;33;13.12.1971;0;33
REFIGE;33;26.01.1958;0;33
LADIKER;33;18.11.1974;0;33
GULSEMEN;33;15.06.1969;0;33
MEMUNE;33;26.10.1963;0;33
MANUSAK;33;27.03.1944;0;33
LEBIYE;33;24.11.1958;0;33
GULSON;33;7.11.1973;0;33
ZULYA;33;4.01.1970;0;33
GULDONER;33;21.03.1963;0;33
SELE;33;2.06.1957;0;33
SASEDE;33;29.11.1959;0;33
SEVGIGUL;33;28.03.1972;0;33
MUZIYE;33;11.03.1953;0;33
ANO;33;17.12.1945;0;33
NANA;33;17.10.1964;0;33
FATMAHATUN;33;11.11.1963;0;33
FATULA;33;21.09.1947;0;33
HAFTANE;33;9.02.1954;0;33
EVLUDE;33;23.04.1965;0;33
SALIHAT;33;10.06.1952;0;33
GUNSELIN;33;21.07.1967;0;33
MINESER;33;2.06.1966;0;33
DEMIRZADE;33;12.11.1950;0;33
NIBIN;33;6.11.1955;0;33
TEVRUZ;33;26.02.1948;0;33
NARDEN;33;21.11.1965;0;33
RAISE;33;18.05.1966;0;33
TEBERRUK;33;23.11.1956;0;33
SERDANE;33;24.12.1971;0;33
NABIDER;33;17.04.1966;0;33
MENET;33;27.09.1955;0;33
ULVUYE;33;19.04.1960;0;33
BEHIZA;33;14.03.1966;0;33
AYHANIM;33;4.07.1967;0;33
NEJDA;33;6.09.1968;0;33
GULLUFER;33;5.03.1970;0;33
GULINDAN;33;9.02.1962;0;33
NEVVAL;33;27.06.1954;0;33
FIRADE;33;26.02.1956;0;33
NURIHAYAT;33;10.04.1947;0;33
EYYUBE;33;4.10.1959;0;33
GULTAMAM;33;20.07.1965;0;33
TUKEZZIBAN;33;17.06.1952;0;33
EBRIKE;33;23.01.1955;0;33
SEVDIE;33;28.05.1972;0;33
ABIBE;33;21.01.1961;0;33
MAHACAN;33;24.02.1960;0;33
MENHIYE;33;30.09.1966;0;33
SEBHA;33;10.12.1965;0;33
AKKA;33;22.06.1951;0;33
HANNUS;33;21.11.1961;0;33
YASIN;65582;25.02.1980;65550;32
ZIHNI;4231;6.11.1961;4199;32
ARMAN;903;8.08.1974;871;32
DORUK;697;19.04.1986;665;32
KARA;501;20.12.1958;469;32
ILGAZ;176;4.05.1974;144;32
TUGCAN;156;17.04.1984;124;32
ELI;105;28.06.1957;73;32
AYTUR;78;4.12.1972;46;32
NURANI;70;5.02.1965;38;32
KEMRAN;62;14.07.1966;30;32
NURET;52;16.10.1962;20;32
NEVRAZ;52;14.01.1967;20;32
MUTAHHER;48;6.11.1953;16;32
HANEN;44;13.03.1981;12;32
ENFAL;44;13.12.1983;12;32
RUKSEN;39;7.05.1956;7;32
RIDDA;39;2.05.1970;7;32
MARDIN;39;21.05.1974;7;32
SAHSER;39;1.06.1964;7;32
SEYAN;37;28.01.1968;5;32
TUGCEN;37;11.12.1986;5;32
DEHSET;37;4.11.1961;5;32
NAAM;36;29.04.1955;4;32
SAZUMAN;36;16.07.1966;4;32
SAFAHAT;34;18.09.1965;2;32
UMRAY;34;11.02.1977;2;32
ATINA;34;3.09.1958;2;32
GULFET;34;23.05.1956;2;32
GUNYUZ;34;7.06.1962;2;32
OZLAY;34;23.09.1978;2;32
AFITAB;33;1.11.1967;1;32
MEYHAN;33;11.03.1967;1;32
SAISTE;33;6.05.1965;1;32
MIHRISAH;33;23.09.1972;1;32
RANAN;33;6.04.1973;1;32
PELVER;33;25.05.1959;1;32
SATBER;33;28.02.1944;1;32
AYIN;33;2.05.1958;1;32
MUHABBER;33;24.12.1956;1;32
SICAN;32;24.08.1967;0;32
MULVER;32;28.05.1966;0;32
BASIYE;32;7.08.1961;0;32
TEVRIYE;32;25.03.1960;0;32
KIBARET;32;3.02.1962;0;32
NAZEYKE;32;22.03.1958;0;32
MELEYHA;32;8.09.1964;0;32
AKASYA;32;9.07.1974;0;32
GIYAFET;32;8.05.1963;0;32
MENIHE;32;23.07.1966;0;32
MUSLIYE;32;2.03.1959;0;32
GULBESTE;32;23.07.1963;0;32
MUHSUNE;32;13.10.1967;0;32
HALVE;32;14.06.1956;0;32
NERIMEN;32;11.04.1972;0;32
HADLA;32;30.12.1952;0;32
HELIMA;32;28.11.1953;0;32
TENZILA;32;9.11.1973;0;32
SEHZIYE;32;11.05.1958;0;32
AKILA;32;6.04.1962;0;32
VAHILE;32;24.09.1965;0;32
NAZELIN;32;24.01.1966;0;32
MAHBUBA;32;14.04.1966;0;32
MARY;32;27.07.1962;0;32
DIYANA;32;25.09.1971;0;32
KATYA;32;3.11.1976;0;32
SANA;32;27.12.1962;0;32
ZERRI;32;7.06.1950;0;32
NEBIYA;32;21.09.1973;0;32
EBISE;32;23.03.1958;0;32
SIFAHATUN;32;22.02.1980;0;32
NUTUYE;32;3.12.1963;0;32
ESLI;32;17.03.1960;0;32
HURUMELEK;32;29.10.1957;0;32
ZELIYA;32;26.09.1961;0;32
GULNAMIYE;32;11.10.1968;0;32
DERGUL;32;16.10.1979;0;32
NALIGUL;32;25.04.1956;0;32
LEBILE;32;19.03.1967;0;32
KONUL;32;6.04.1976;0;32
GULBERI;32;24.07.1964;0;32
BERSU;32;21.09.1987;0;32
NURCA;32;19.12.1963;0;32
SAYINAZ;32;28.12.1963;0;32
FEIZA;32;8.03.1983;0;32
GULSERE;32;30.07.1959;0;32
AHUNUR;32;16.01.1985;0;32
SEVDIYAR;32;3.05.1962;0;32
MUNEFER;32;15.06.1959;0;32
KURSIYE;32;11.05.1948;0;32
IMIGUL;32;14.01.1965;0;32
FERNIYAZ;32;7.04.1948;0;32
GULAFET;32;1.09.1958;0;32
BANUHAN;32;13.07.1973;0;32
IRABIYE;32;11.10.1957;0;32
MUHTABER;32;30.04.1972;0;32
MUSGEN;32;16.05.1962;0;32
MEDIYNE;32;16.02.1966;0;32
LEBRIZ;32;13.12.1976;0;32
ELFEDA;32;1.06.1970;0;32
PUSU;32;20.12.1952;0;32
PAPO;32;14.02.1940;0;32
FIRICE;32;3.04.1969;0;32
MUSEVVET;32;28.05.1969;0;32
FARICE;32;26.06.1968;0;32
RUMEYZA;32;16.04.1973;0;32
CAYDE;32;19.08.1970;0;32
KINE;32;29.01.1964;0;32
BADIK;32;11.07.1952;0;32
FESILE;32;29.01.1969;0;32
HAVAYI;32;19.02.1964;0;32
NAKISE;32;19.06.1965;0;32
NURISTAN;32;18.06.1961;0;32
ELSINE;32;13.07.1977;0;32
MUSGUNAZ;32;24.08.1957;0;32
SARICA;32;3.02.1972;0;32
JULUDE;32;2.09.1971;0;32
MELEKSE;32;5.11.1967;0;32
MAYINUR;32;18.10.1958;0;32
LIVIDE;32;1.07.1963;0;32
AYISEGUL;32;10.04.1966;0;32
UMGUL;32;6.03.1958;0;32
RUHANIYE;32;30.11.1960;0;32
GULVIYE;32;17.04.1964;0;32
DEBLE;32;5.09.1958;0;32
RINA;32;14.02.1972;0;32
DIZEM;32;18.08.1987;0;32
GULPERIYE;32;1.09.1961;0;32
NURANA;32;27.06.1957;0;32
SABAHGUL;32;22.10.1971;0;32
GULZIDE;32;17.07.1954;0;32
VEYSEL;50501;5.01.1969;50470;31
COSKUN;26899;11.06.1973;26868;31
DUNDAR;2402;9.03.1969;2371;31
HUZEYFE;581;11.10.1978;550;31
BAYKAN;435;6.03.1974;404;31
NAMET;404;23.01.1975;373;31
AKTAN;286;8.10.1970;255;31
AJLAN;194;18.02.1970;163;31
YASASIN;161;13.12.1970;130;31
GOKSAN;153;23.08.1978;122;31
GEDIZ;136;7.04.1977;105;31
GULEK;126;6.09.1966;95;31
ROHAT;110;21.10.1982;79;31
GUNAN;101;9.06.1967;70;31
EREL;97;14.01.1969;66;31
UGURLU;97;5.02.1959;66;31
SEFAYI;91;8.07.1965;60;31
SEKIR;68;23.03.1959;37;31
MUAZZAM;65;5.07.1961;34;31
ZEYFI;56;21.09.1961;25;31
EZHER;50;30.08.1970;19;31
SECIN;48;28.07.1972;17;31
MELHEM;42;5.10.1962;11;31
SINAR;40;25.11.1975;9;31
NERSIN;39;14.09.1972;8;31
GULGIN;39;17.04.1970;8;31
EFRAZ;37;30.09.1950;6;31
COLPAN;36;10.12.1958;5;31
DURSAL;36;16.10.1966;5;31
SEHLEVENT;35;20.07.1968;4;31
MILYAR;35;14.01.1979;4;31
SUREYE;34;4.03.1967;3;31
TULER;34;12.10.1962;3;31
ILGE;34;6.03.1981;3;31
YILNUR;34;20.12.1969;3;31
OZGONUL;34;26.02.1949;3;31
ATTIYE;33;23.10.1964;2;31
DORIS;33;20.02.1963;2;31
MURTEN;33;7.09.1962;2;31
MIHRAB;33;27.05.1987;2;31
SERIK;33;22.03.1957;2;31
ESREFE;33;18.07.1947;2;31
NAZILI;33;7.08.1959;2;31
SERMAYE;32;2.01.1962;1;31
SILEM;32;14.10.1984;1;31
RUKET;32;24.03.1978;1;31
MIRACE;32;3.11.1968;1;31
NURDAHAN;32;21.07.1971;1;31
SEDALI;32;12.08.1959;1;31
NAZIRET;32;22.07.1964;1;31
SIM;32;11.07.1978;1;31
FADO;31;25.03.1947;0;31
NAZEKET;31;20.10.1965;0;31
MEYREY;31;19.02.1939;0;31
TABIBE;31;14.08.1964;0;31
SEVGULI;31;12.09.1962;0;31
SEMIYYE;31;10.07.1963;0;31
RASMIYE;31;27.06.1963;0;31
MEHIYE;31;24.01.1964;0;31
GULEMINE;31;1.12.1966;0;31
NUGRIYE;31;5.09.1962;0;31
SUHUDE;31;21.12.1963;0;31
NEDIHE;31;22.11.1972;0;31
ZULEYFE;31;28.01.1967;0;31
DURNEL;31;23.04.1963;0;31
RAMIME;31;20.04.1968;0;31
REMZIYA;31;2.12.1968;0;31
ZERDA;31;26.01.1976;0;31
MAHFIZE;31;23.03.1976;0;31
SENE;31;17.03.1974;0;31
RANYA;31;7.09.1979;0;31
HODI;31;25.5.1889;0;31
MENEL;31;10.11.1984;0;31
MUSKIYE;31;27.05.1950;0;31
MECBURA;31;21.04.1965;0;31
HAFSIYE;31;21.05.1970;0;31
BAHIZAR;31;12.01.1954;0;31
GULISA;31;3.08.1970;0;31
BURCUM;31;24.02.1985;0;31
NATALIN;31;29.03.1983;0;31
SENIYA;31;17.01.1968;0;31
SIDEM;31;26.07.1986;0;31
DEMIME;31;16.02.1953;0;31
GULEGUL;31;4.08.1974;0;31
SAHNIZE;31;21.09.1960;0;31
GULBANE;31;6.11.1961;0;31
PAPI;31;8.04.1945;0;31
ZARAFET;31;13.11.1952;0;31
HAVZA;31;18.10.1958;0;31
MUJDELIFE;31;2.08.1975;0;31
SEVIMAY;31;8.09.1964;0;31
YONCAGUL;31;15.02.1983;0;31
GULSAR;31;14.04.1960;0;31
YETIYE;31;27.04.1962;0;31
SORET;31;30.12.1962;0;31
HAVULI;31;6.04.1949;0;31
FERAHAN;31;23.12.1962;0;31
SEVYAN;31;24.12.1962;0;31
GULGONCA;31;18.05.1971;0;31
AYBEGUN;31;20.10.1978;0;31
HASIYET;31;7.05.1965;0;31
EMINET;31;25.08.1954;0;31
AYCELEN;31;6.01.1974;0;31
URSULA;31;21.04.1955;0;31
NAFIRE;31;16.03.1959;0;31
ZABIYE;31;15.04.1952;0;31
MERUSE;31;28.07.1963;0;31
MAHCURE;31;18.09.1947;0;31
FECIYE;31;17.09.1963;0;31
NUHIYE;31;8.10.1957;0;31
FATIYAN;31;2.07.1949;0;31
FURDES;31;21.10.1961;0;31
HAMIYDE;31;3.12.1964;0;31
NATICE;31;23.01.1972;0;31
GULTUG;31;19.01.1974;0;31
GULZEHRA;31;7.01.1969;0;31
ABINUR;31;16.04.1959;0;31
SEVIBE;31;21.06.1965;0;31
SAFIC;31;21.04.1955;0;31
OSMANIYE;31;12.05.1966;0;31
SELIS;31;10.08.1978;0;31
REKIBE;31;26.05.1956;0;31
MARGARITA;31;22.05.1961;0;31
ANE;31;14.01.1952;0;31
ASMIHAN;31;10.03.1967;0;31
EDIME;31;19.07.1965;0;31
TELLIZER;31;9.07.1963;0;31
BISEYNE;31;3.04.1971;0;31
SAHINAT;31;9.10.1971;0;31
BESRAY;31;12.09.1951;0;31
HURSI;31;23.04.1947;0;31
YELIN;31;6.10.1985;0;31
EGLENCE;31;24.07.1955;0;31
HATICEI;31;1.05.1953;0;31
GULBIZ;31;15.09.1963;0;31
PURNUR;31;27.05.1967;0;31
RASIHA;31;27.04.1955;0;31
HORISER;31;25.05.1947;0;31
ZIDDIKA;31;21.07.1964;0;31
GURCINAZ;31;22.07.1958;0;31
HAPIS;31;13.05.1951;0;31
MIHRACIYE;31;28.03.1968;0;31
ACALYA;31;17.07.1979;0;31
HIFSIYE;31;27.07.1965;0;31
BELIGA;31;16.02.1947;0;31
DURDUCA;31;9.10.1960;0;31
ADEF;31;18.08.1965;0;31
AYBEL;31;25.03.1970;0;31
IVET;31;11.02.1955;0;31
CAROLINE;31;29.01.1972;0;31
ZUFRA;31;24.12.1962;0;31
BEYTULLAH;10143;3.08.1973;10113;30
ATILA;9794;29.09.1966;9764;30
MUNUR;2945;3.06.1966;2915;30
TUNAHAN;1498;7.02.1986;1468;30
MESRUR;303;2.10.1960;273;30
CAYAN;283;8.01.1981;253;30
ACEM;151;13.09.1964;121;30
ERAL;126;12.05.1973;96;30
BEGO;122;20.10.1947;92;30
MUTLUAY;80;16.02.1977;50;30
ESENDAL;60;28.02.1969;30;30
GUNVER;56;17.05.1960;26;30
DURRU;47;20.02.1955;17;30
AYCIHAN;46;2.10.1969;16;30
AYDEM;41;8.04.1976;11;30
SIYAT;39;21.05.1958;9;30
ZILHAN;38;2.12.1958;8;30
NERHAN;36;8.02.1972;6;30
HACCO;35;15.08.1945;5;30
SADED;35;13.02.1961;5;30
NESVET;35;13.02.1955;5;30
EMI;34;29.12.1950;4;30
SELEME;34;17.06.1967;4;30
FERSO;34;9.10.1950;4;30
YUKSER;34;19.03.1958;4;30
EZGICAN;34;22.12.1989;4;30
NURBIL;33;15.12.1971;3;30
PARLA;33;13.01.1974;3;30
BERAHAT;33;15.01.1961;3;30
GUNDEN;33;16.01.1965;3;30
RABET;32;20.03.1959;2;30
TERMIN;32;7.02.1968;2;30
MEHIR;32;16.07.1963;2;30
ADALI;32;19.11.1950;2;30
BALCA;32;5.09.1981;2;30
MUJDAN;31;26.03.1965;1;30
DURUYA;31;3.01.1963;1;30
ULGE;31;24.10.1975;1;30
GEZALI;31;12.10.1961;1;30
FERYAS;31;29.05.1966;1;30
AYSUL;31;19.08.1970;1;30
BAGER;31;23.03.1966;1;30
AYZIT;31;5.10.1961;1;30
MERHAL;31;26.01.1959;1;30
GONCAY;31;16.06.1976;1;30
SAHABE;31;18.04.1960;1;30
DERIYA;31;4.04.1977;1;30
BERDA;31;14.04.1982;1;30
NEVSEN;31;25.11.1969;1;30
NAILA;31;6.06.1965;1;30
NISPET;31;5.05.1961;1;30
ISTIFA;31;25.11.1967;1;30
MUJDEM;31;7.02.1978;1;30
ZORA;31;9.05.1961;1;30
UMMUHANIM;30;17.09.1963;0;30
OGEY;30;24.07.1944;0;30
ARZUHAL;30;21.08.1976;0;30
HULUSIYE;30;11.04.1954;0;30
HESBIYE;30;25.06.1956;0;30
ILGUL;30;11.03.1967;0;30
BADER;30;1.10.1963;0;30
YETGUL;30;13.03.1973;0;30
NASLIHAN;30;30.11.1974;0;30
MAHSIME;30;30.01.1976;0;30
SIKRIYE;30;1.04.1967;0;30
RAISA;30;22.06.1971;0;30
GAZZI;30;17.07.1946;0;30
AVIZE;30;5.07.1963;0;30
RUVAYDA;30;7.04.1970;0;30
BEFRI;30;22.01.1955;0;30
VERDIYE;30;27.01.1972;0;30
ORDAM;30;28.01.1974;0;30
MELIME;30;22.01.1974;0;30
LUCIA;30;16.09.1968;0;30
HELENA;30;14.07.1980;0;30
TAKIBE;30;28.01.1964;0;30
SEHIZE;30;14.11.1958;0;30
HAKKIYE;30;23.04.1961;0;30
HURICAN;30;24.07.1970;0;30
MAHSUMA;30;1.02.1974;0;30
HARFIYE;30;6.11.1956;0;30
GULUYE;30;5.02.1955;0;30
GINA;30;27.03.1971;0;30
NASILE;30;18.05.1967;0;30
MERDIHAN;30;23.06.1977;0;30
NAVRUZIYE;30;9.09.1957;0;30
MUZEYDE;30;10.08.1960;0;30
USULET;30;13.01.1960;0;30
GULSUYE;30;5.09.1961;0;30
GULAZE;30;15.09.1965;0;30
KUTTI;30;29.03.1944;0;30
IMAME;30;21.10.1960;0;30
VADIYE;30;26.02.1963;0;30
SEHERE;30;1.03.1947;0;30
GULBENDE;30;20.04.1965;0;30
GULDUMAN;30;20.01.1972;0;30
ZULVIYE;30;5.06.1959;0;30
MEFTURE;30;26.12.1953;0;30
MINEHATUN;30;16.04.1968;0;30
NESEVER;30;30.09.1958;0;30
BEKIYE;30;22.03.1953;0;30
NUKRIYE;30;19.03.1961;0;30
BENGUHAN;30;13.06.1982;0;30
SAINAZ;30;20.07.1967;0;30
GULEYLA;30;3.01.1967;0;30
DINARA;30;15.03.1977;0;30
SEYIMA;30;5.02.1981;0;30
MULEYKE;30;26.03.1987;0;30
NARMIYE;30;30.08.1961;0;30
RABILE;30;18.05.1956;0;30
FERADIYE;30;17.09.1961;0;30
SEVIMCAN;30;27.07.1965;0;30
MEKINE;30;28.12.1970;0;30
PELIZE;30;6.09.1964;0;30
SEVCEN;30;11.06.1978;0;30
ESBE;30;25.11.1952;0;30
ZARINA;30;26.07.1983;0;30
ENFIYE;30;10.11.1960;0;30
SATHI;30;16.08.1953;0;30
NURUFE;30;8.11.1964;0;30
SELNAZ;30;19.05.1974;0;30
LEMIS;30;5.05.1969;0;30
FILYA;30;6.12.1967;0;30
NURUVET;30;8.09.1971;0;30
KUBARE;30;12.08.1958;0;30
MUESSE;30;8.04.1962;0;30
MUBEYEN;30;23.02.1960;0;30
BEYZAR;30;19.08.1956;0;30
MAYLA;30;5.05.1959;0;30
FERUZET;30;21.02.1950;0;30
BERGUZER;30;12.01.1954;0;30
HURIMELEK;30;20.08.1967;0;30
GUNDEGUL;30;15.05.1956;0;30
PULI;30;4.10.1950;0;30
VECIHAN;30;13.04.1965;0;30
BINEVFS;30;4.12.1970;0;30
HEMRI;30;4.05.1955;0;30
NEMUS;30;26.10.1968;0;30
NENO;30;10.11.1950;0;30
HINNAR;30;30.09.1961;0;30
CESMINUR;30;12.04.1964;0;30
ZERDISAH;30;4.07.1956;0;30
MELEKSER;30;2.12.1963;0;30
HEDIYYE;30;15.04.1959;0;30
GULFUZAR;30;20.12.1961;0;30
SEDIRIYE;30;17.02.1962;0;30
SEVDINAR;30;9.05.1971;0;30
TENIGUL;30;13.06.1950;0;30
DILNUR;30;17.07.1973;0;30
AGBILEK;30;19.12.1960;0;30
RENDIHAN;30;5.07.1966;0;30
GOLIZAR;30;5.07.1955;0;30
MERSINE;30;5.10.1960;0;30
MENNURE;30;17.03.1962;0;30
KANDEFER;30;30.09.1958;0;30
SENIYYE;30;14.08.1959;0;30
TABIDE;30;18.09.1963;0;30
NELIN;30;30.04.1982;0;30
BESINE;30;25.11.1969;0;30
ERIKA;30;5.06.1953;0;30
IRKIYE;30;5.11.1960;0;30
MUZIDE;30;7.05.1959;0;30
FESUL;30;25.02.1964;0;30
PURLEN;30;29.01.1975;0;30
MERYANE;30;16.08.1949;0;30
NAZLIPASA;30;25.07.1951;0;30
SEHMAL;30;20.01.1966;0;30
IULIANA;30;16.11.1975;0;30
RUTH;30;13.05.1958;0;30
SENADIYE;30;27.07.1975;0;30
LINET;30;2.07.1966;0;30
NIHAT;69492;23.10.1968;69463;29
NECMI;16704;5.03.1965;16675;29
HANIFI;14946;24.02.1968;14917;29
BEDIRHAN;2361;1.09.1967;2332;29
NEZIH;1940;28.06.1968;1911;29
VEZIR;1666;16.01.1965;1637;29
EDIZ;1293;15.03.1978;1264;29
SELAM;715;25.10.1969;686;29
YURDAL;623;12.06.1971;594;29
BENHUR;197;10.10.1974;168;29
SEFERI;185;14.05.1963;156;29
EVRAN;169;24.04.1976;140;29
PEKCAN;142;30.2.1976;113;29
MEKSELINA;83;4.12.1969;54;29
TOPRAK;82;20.04.1983;53;29
EFKAR;75;22.06.1975;46;29
BILKAN;68;6.05.1974;39;29
GURSAH;58;7.02.1981;29;29
CENAY;57;22.11.1976;28;29
TURGAN;54;2.10.1962;25;29
LUFER;51;10.09.1964;22;29
BERSAN;49;23.06.1979;20;29
SENGUR;46;9.10.1957;17;29
GUNCER;45;18.05.1962;16;29
RUCAN;43;2.10.1965;14;29
AYTEMIZ;42;13.05.1969;13;29
SIRI;41;6.09.1950;12;29
RONA;38;14.07.1970;9;29
FIROZ;37;26.12.1960;8;29
SEVAP;37;13.02.1981;8;29
SUNI;37;18.06.1956;8;29
RECA;35;8.05.1966;6;29
EZZET;34;8.06.1961;5;29
GAYET;34;25.06.1958;5;29
YILGUN;34;2.10.1970;5;29
TURE;33;13.11.1962;4;29
MERTEM;33;14.02.1977;4;29
AYZEN;33;28.03.1968;4;29
HAVAR;33;4.09.1959;4;29
HISNI;32;3.01.1946;3;29
GIRNE;32;5.02.1976;3;29
BULTEN;32;1.07.1966;3;29
SULAHI;32;13.09.1955;3;29
MERIVAN;31;10.03.1971;2;29
NUHA;31;23.11.1973;2;29
SEYDAG;31;8.07.1975;2;29
NAZER;31;15.11.1966;2;29
ARUZ;31;27.08.1959;2;29
BAYLAN;31;28.02.1949;2;29
INCAZ;30;25.03.1964;1;29
KABE;30;10.03.1974;1;29
AYGULER;30;11.07.1968;1;29
GOLGEN;30;16.08.1982;1;29
ZULHICE;30;10.11.1961;1;29
NARO;30;18.05.1963;1;29
HARIP;30;29.06.1962;1;29
SANUR;30;11.05.1967;1;29
SINAM;30;19.06.1963;1;29
BURHANIYE;30;25.12.1961;1;29
SELIZ;30;26.01.1982;1;29
REVZA;30;11.01.1973;1;29
SERBIN;30;9.04.1961;1;29
SELLI;30;6.01.1965;1;29
KORPE;30;21.08.1955;1;29
MUAZEM;30;12.12.1973;1;29
MISKI;30;2.04.1965;1;29
CICI;30;21.05.1953;1;29
ULUN;30;21.10.1956;1;29
PERNUR;30;12.04.1970;1;29
MEVLUDUYE;29;26.01.1962;0;29
DINIYE;29;19.09.1953;0;29
SERIYA;29;23.05.1971;0;29
GULSEYRAN;29;22.01.1961;0;29
SIDIYE;29;11.03.1963;0;29
MUCEHER;29;7.05.1964;0;29
NAKILE;29;7.08.1952;0;29
MUSFIKE;29;7.02.1961;0;29
SONNAZ;29;18.09.1969;0;29
SEYDAGUL;29;21.07.1979;0;29
MUTAHHARE;29;10.12.1954;0;29
ZIVA;29;3.12.1968;0;29
GULTEZE;29;15.12.1962;0;29
CAMELIA;29;13.10.1971;0;29
SUPIYE;29;9.06.1957;0;29
IZLIFET;29;20.01.1974;0;29
SARIZE;29;30.11.1969;0;29
HAREMSI;29;19.03.1968;0;29
CEMIA;29;7.07.1976;0;29
TEBRIYE;29;12.04.1963;0;29
DAHILE;29;20.07.1961;0;29
SUMEYLA;29;16.02.1984;0;29
RAHILA;29;19.11.1965;0;29
BAZIGA;29;5.11.1963;0;29
GAZALA;29;26.09.1964;0;29
VACIBE;29;4.07.1962;0;29
VERDIHAN;29;6.06.1975;0;29
FIKAN;29;25.12.1966;0;29
AYFE;29;17.07.1963;0;29
LIMET;29;4.11.1956;0;29
AYSENE;29;14.05.1961;0;29
BEDRIYA;29;17.09.1969;0;29
BINEVSE;29;6.02.1962;0;29
NIBEL;29;8.12.1979;0;29
GULDAG;29;24.12.1977;0;29
HESINE;29;22.03.1960;0;29
NAVIDE;29;9.01.1958;0;29
BADISABAH;29;6.07.1962;0;29
GULASEM;29;20.06.1963;0;29
SEBIYLE;29;20.02.1966;0;29
TESLIMA;29;17.07.1971;0;29
PERUZAN;29;10.11.1951;0;29
GULDERE;29;25.04.1968;0;29
MAGFURE;29;4.03.1953;0;29
BELKUZAR;29;11.01.1954;0;29
HUCESTE;29;6.07.1953;0;29
HATMA;29;7.04.1954;0;29
MUBEYRA;29;27.11.1977;0;29
SEVINCE;29;24.05.1968;0;29
BULBIN;29;11.05.1958;0;29
NURIFER;29;17.08.1953;0;29
TERANE;29;6.10.1971;0;29
REMZIE;29;20.10.1970;0;29
EMSARE;29;28.01.1958;0;29
NAGIYE;29;29.07.1973;0;29
MAINUR;29;16.02.1948;0;29
MEVKIYE;29;13.01.1959;0;29
SADAGAT;29;8.05.1966;0;29
SIYARE;29;19.02.1958;0;29
PERAY;29;16.02.1973;0;29
NAMIKAR;29;10.11.1955;0;29
IRABE;29;21.03.1954;0;29
MUSAMMA;29;14.01.1971;0;29
EYUBE;29;9.11.1965;0;29
FEVZA;29;12.03.1977;0;29
NAKIZE;29;10.03.1957;0;29
GULSAHAN;29;22.06.1961;0;29
MUSEYNE;29;28.11.1966;0;29
NARTEN;29;21.02.1962;0;29
PIRNAZ;29;27.04.1960;0;29
SAGRA;29;20.01.1979;0;29
AYNISAH;29;26.09.1957;0;29
NEMIYE;29;10.03.1957;0;29
EMSALIYE;29;12.06.1967;0;29
GULFERIDE;29;8.11.1960;0;29
MENDIHA;29;14.06.1968;0;29
SENIME;29;16.07.1959;0;29
MUHEDDET;29;22.08.1956;0;29
CILLER;29;15.04.1987;0;29
NURALE;29;11.07.1969;0;29
MUSLIHA;29;16.01.1957;0;29
NARIDE;29;9.03.1975;0;29
UMUDIYE;29;4.02.1967;0;29
HUMAY;29;11.04.1974;0;29
GULEZAR;29;12.04.1963;0;29
GULENDAME;29;19.03.1960;0;29
IRAHAN;29;15.05.1961;0;29
YURTEN;29;1.07.1962;0;29
MUKADDEZ;29;1.05.1968;0;29
GULURUF;29;29.08.1962;0;29
UMUDE;29;26.10.1963;0;29
GULKIRAZ;29;19.08.1965;0;29
GULSEDE;29;9.07.1962;0;29
MIHRIGUL;29;20.10.1969;0;29
DEMETGUL;29;11.12.1973;0;29
KAMERRUH;29;11.12.1958;0;29
MUNISER;29;17.11.1961;0;29
SEVILI;29;21.07.1959;0;29
HAYZARAN;29;1.02.1960;0;29
ZIBAR;29;14.11.1961;0;29
SARBAN;29;6.07.1960;0;29
HUBRE;29;18.09.1956;0;29
NAZEMIN;29;1.11.1965;0;29
RUFEYDE;29;21.02.1980;0;29
GULFERA;29;12.01.1962;0;29
BAFIDE;29;7.05.1956;0;29
SEVIYA;29;3.12.1971;0;29
HAYRUNUSA;29;29.09.1963;0;29
UYKURA;29;22.07.1960;0;29
HAPILI;29;30.06.1959;0;29
SAFORE;29;16.03.1954;0;29
GULHUZAR;29;5.04.1959;0;29
BERFINAZ;29;3.05.1975;0;29
KEBRIYE;29;7.01.1962;0;29
SINIYE;29;5.10.1962;0;29
NURUFET;29;5.01.1969;0;29
NIMOS;29;11.07.1959;0;29
FETINE;29;27.01.1957;0;29
GULFIDAR;29;12.08.1959;0;29
CEMIYE;29;4.09.1965;0;29
MAHISER;29;21.01.1944;0;29
TELLIHAN;29;24.12.1969;0;29
NAZIMIYE;29;17.05.1960;0;29
SUKRANIYE;29;12.08.1956;0;29
FESLIHAN;29;26.08.1963;0;29
PURYAN;29;11.03.1960;0;29
SARABANI;29;30.07.1958;0;29
SELMAY;29;1.04.1971;0;29
NEKIFE;29;3.02.1962;0;29
NEVEDA;29;23.05.1959;0;29
MEYLA;29;6.07.1968;0;29
HAVADE;29;19.10.1962;0;29
AYSUDE;29;23.07.1972;0;29
KLER;29;18.09.1953;0;29
SEMENTA;29;9.07.1978;0;29
SULIN;29;19.09.1965;0;29
FEDIS;29;24.09.1954;0;29
MEDNE;29;20.07.1962;0;29
NAZIKAN;29;19.02.1956;0;29
HUDANUR;29;20.06.1982;0;29
OLGUN;4426;4.08.1977;4398;28
EMREHAN;193;3.04.1985;165;28
ZANA;189;16.10.1984;161;28
OMRAL;171;19.05.1970;143;28
ISPIR;108;9.03.1958;80;28
SEVIS;98;30.03.1937;70;28
VARLIK;77;14.08.1972;49;28
AZEMET;75;17.05.1956;47;28
TERHAN;67;9.11.1964;39;28
MELUL;64;14.12.1967;36;28
BINDAL;61;22.09.1966;33;28
TULUG;60;1.01.1977;32;28
SERDIL;51;25.11.1979;23;28
SUA;48;29.12.1967;20;28
MIZAN;46;16.03.1968;18;28
SAYMAN;46;7.03.1963;18;28
FERO;45;10.05.1949;17;28
SECAAT;43;17.12.1952;15;28
NURSAFA;42;28.08.1968;14;28
ZIYAFER;38;23.01.1961;10;28
IZVER;38;14.05.1956;10;28
AYMEN;35;23.11.1977;7;28
OGE;35;4.12.1975;7;28
SELGUN;35;4.12.1970;7;28
BINHAN;34;18.06.1967;6;28
TUNUS;34;29.12.1954;6;28
SUKRAY;33;3.02.1973;5;28
SEHRIYAR;33;6.01.1956;5;28
SIBEN;32;12.09.1976;4;28
ESAMET;32;11.06.1959;4;28
REVNAK;32;4.06.1969;4;28
SATIH;32;20.05.1954;4;28
GULES;31;17.07.1960;3;28
MUGATTER;31;3.05.1968;3;28
EMIRAN;31;2.12.1958;3;28
MUSKET;31;1.08.1957;3;28
AHIRET;31;30.12.1974;3;28
GURNUR;30;14.01.1965;2;28
PEYDA;30;23.09.1983;2;28
MESGUL;30;6.12.1968;2;28
HAYCAN;30;9.07.1950;2;28
DESEN;30;9.10.1983;2;28
BERSUN;29;7.10.1973;1;28
ELIHAN;29;2.02.1969;1;28
GEZO;29;26.09.1951;1;28
HURIYYET;29;11.06.1973;1;28
ZUBEYRA;29;30.09.1971;1;28
MEYNUR;29;30.09.1970;1;28
URKER;29;18.12.1950;1;28
BILSIN;29;18.10.1960;1;28
TURCAHAN;29;17.10.1964;1;28
BELHAN;29;11.07.1961;1;28
MEYET;29;20.11.1970;1;28
CUMAGUL;29;8.06.1971;1;28
SARET;29;26.12.1962;1;28
ZULUFER;29;24.05.1972;1;28
SERARE;29;2.01.1963;1;28
GULSERAN;28;23.10.1970;0;28
FEZANUR;28;10.07.1975;0;28
MEDA;28;22.03.1964;0;28
CADIYE;28;18.03.1958;0;28
FATIMETUZ;28;23.07.1970;0;28
VEDIHE;28;23.07.1958;0;28
SULYA;28;21.10.1970;0;28
VEDHAN;28;9.01.1960;0;28
BERMA;28;24.08.1976;0;28
ZULEYLA;28;12.09.1975;0;28
FAYKA;28;6.03.1961;0;28
SEBIYHA;28;7.05.1966;0;28
DILFUROZ;28;8.12.1973;0;28
SEGRA;28;28.10.1964;0;28
HAFSAD;28;30.06.1957;0;28
MUBER;28;26.11.1948;0;28
ASKIYE;28;11.11.1963;0;28
DILNEVAS;28;4.05.1966;0;28
SAHITAP;28;6.06.1980;0;28
VALIYE;28;3.02.1966;0;28
AMIDE;28;5.04.1964;0;28
NIZAME;28;26.09.1969;0;28
NEYULE;28;10.09.1961;0;28
ADE;28;30.03.1930;0;28
BIZI;28;22.06.1939;0;28
SAHNAS;28;24.01.1975;0;28
NESEBI;28;5.07.1959;0;28
GUZELI;28;5.03.1955;0;28
SEFIYA;28;1.09.1967;0;28
MUCIRE;28;11.12.1964;0;28
SUNYA;28;10.01.1970;0;28
SUSANNE;28;2.02.1972;0;28
POLIN;28;10.08.1965;0;28
RAVZETE;28;20.01.1970;0;28
ZUHEL;28;14.01.1964;0;28
BEDEVIYA;28;10.11.1974;0;28
METIHE;28;17.11.1965;0;28
RAVIDE;28;28.02.1959;0;28
NEVRISE;28;28.07.1965;0;28
NECLIYE;28;15.05.1961;0;28
NEVAZIYE;28;9.11.1964;0;28
ZUBEYHA;28;16.07.1966;0;28
EHTIBAR;28;3.07.1963;0;28
URZIYE;28;20.06.1960;0;28
IGDIYE;28;24.01.1966;0;28
MOHIBE;28;10.08.1954;0;28
DURSUYE;28;19.01.1966;0;28
MENURE;28;25.04.1971;0;28
HILIME;28;23.08.1955;0;28
NAZBIYE;28;6.05.1953;0;28
NAZA;28;9.05.1946;0;28
KERIBAN;28;13.05.1971;0;28
NATELA;28;3.05.1960;0;28
HASIFE;28;17.03.1957;0;28
RUFIDE;28;24.05.1954;0;28
POTAK;28;4.11.1958;0;28
MEMDUNE;28;21.09.1951;0;28
SEVUM;28;2.10.1965;0;28
TUGBAG;28;3.01.1975;0;28
UMMUHANE;28;4.11.1949;0;28
SERMINE;28;12.06.1964;0;28
ZENFIRA;28;2.11.1961;0;28
SEMINA;28;26.09.1980;0;28
HUREYLA;28;6.03.1972;0;28
SEMURAN;28;29.09.1964;0;28
BAHTISER;28;11.06.1965;0;28
MAKULE;28;7.12.1963;0;28
BESTEGUL;28;29.04.1982;0;28
ANJELA;28;7.10.1969;0;28
MIASE;28;12.09.1956;0;28
CALIYE;28;27.09.1955;0;28
GULFADIK;28;16.07.1960;0;28
NURCICEK;28;6.01.1974;0;28
MAHIZE;28;12.03.1960;0;28
ISMETIYE;28;17.07.1951;0;28
KETEN;28;26.04.1952;0;28
MEVEDDET;28;21.12.1945;0;28
SAYENDE;28;11.08.1956;0;28
GULUVER;28;17.11.1968;0;28
KINAYET;28;21.06.1976;0;28
TACINUR;28;28.01.1970;0;28
ENDA;28;29.01.1982;0;28
GUSSU;28;6.09.1959;0;28
AYNZELHA;28;18.02.1974;0;28
SEHRIBANU;28;11.09.1969;0;28
NURBEYAZ;28;8.08.1969;0;28
KARIYE;28;28.11.1960;0;28
TUTI;28;30.09.1941;0;28
MUSTEKIME;28;23.04.1951;0;28
LIFER;28;13.04.1966;0;28
ADISE;28;15.07.1956;0;28
GULHAR;28;22.04.1958;0;28
NEZLIHA;28;28.12.1959;0;28
BAZIN;28;9.05.1963;0;28
AYDIYE;28;12.04.1964;0;28
SIMHEZAR;28;8.02.1970;0;28
FASILE;28;24.01.1961;0;28
BERGUL;28;12.08.1973;0;28
RUKMAN;28;14.10.1948;0;28
LINUFER;28;11.04.1956;0;28
SEDE;28;19.11.1960;0;28
SONGUZEL;28;13.02.1974;0;28
NEZEN;28;10.09.1964;0;28
FIDANSER;28;5.07.1966;0;28
NARIBAN;28;11.08.1965;0;28
GULNIMET;28;10.01.1965;0;28
MUZBET;28;12.08.1969;0;28
LALESER;28;5.11.1968;0;28
MAHILE;28;13.06.1966;0;28
GULBINAZ;28;20.02.1965;0;28
GULUNAR;28;7.12.1961;0;28
ZIRAV;28;27.11.1962;0;28
SAFIRA;28;29.04.1963;0;28
GULYAGDI;28;5.09.1952;0;28
ZUHUDE;28;29.12.1960;0;28
GUZEDE;28;7.06.1962;0;28
LARYSA;28;4.07.1971;0;28
FATMEGUL;28;8.03.1957;0;28
EVDENUR;28;22.09.1972;0;28
SEMAVER;28;4.10.1966;0;28
TURFANDA;28;28.09.1949;0;28
ARABEY;28;13.08.1954;0;28
MAHPULE;28;3.02.1963;0;28
EUGENIA;28;17.06.1973;0;28
MEGI;28;13.06.1975;0;28
GULOZ;28;14.08.1952;0;28
GANNA;28;17.02.1975;0;28
ALTINDAL;28;13.05.1949;0;28
HANNA;248;30.07.1951;221;27
PIRI;205;19.06.1954;178;27
HUCCET;141;27.11.1959;114;27
REHBER;133;30.06.1972;106;27
PAMIR;120;7.01.1973;93;27
TASDAN;78;1.11.1956;51;27
OMURHAN;74;12.07.1977;47;27
SERDAN;73;27.07.1975;46;27
IZEL;56;1.09.1976;29;27
ANAR;55;21.11.1974;28;27
SABAP;53;22.10.1956;26;27
NUSET;52;28.03.1959;25;27
IDEAL;51;30.10.1969;24;27
NEVRI;47;3.06.1964;20;27
ALGIN;42;24.04.1970;15;27
HICAP;39;17.05.1956;12;27
GULA;39;17.04.1951;12;27
ARSEL;39;29.01.1971;12;27
NEZET;38;5.09.1965;11;27
NIHMET;38;30.11.1963;11;27
YASEN;37;17.04.1970;10;27
SEBO;36;13.12.1953;9;27
ESVER;36;2.07.1969;9;27
IZGI;35;18.06.1980;8;27
ERZEN;34;5.10.1972;7;27
MAFI;34;30.12.1961;7;27
CARE;33;5.03.1984;6;27
DILMEN;32;26.07.1977;5;27
CEREM;32;8.10.1987;5;27
BAL;32;23.08.1942;5;27
NUBUVVET;31;3.06.1963;4;27
AKSA;31;1.02.1970;4;27
SEHIR;31;21.11.1961;4;27
FIRZAN;31;9.08.1964;4;27
MEMEY;31;30.08.1943;4;27
ILKSEL;30;20.10.1970;3;27
AGUL;30;21.08.1968;3;27
SEBIR;30;8.04.1968;3;27
ORGE;30;6.11.1980;3;27
VENHER;29;29.03.1971;2;27
ASMAN;29;21.01.1955;2;27
NURISAN;29;5.02.1959;2;27
SONSEL;29;4.06.1974;2;27
AYCAG;29;10.02.1976;2;27
OVEYS;29;1.09.1958;2;27
MENI;28;28.12.1947;1;27
HANBEGI;28;22.07.1950;1;27
GOLGE;28;4.05.1978;1;27
MEYSEL;28;4.06.1970;1;27
GULDE;28;27.10.1974;1;27
NERRIN;28;11.06.1964;1;27
NEVSAN;28;26.03.1967;1;27
GUNNIHAL;28;24.11.1963;1;27
MUSIBET;28;20.02.1978;1;27
DIYARI;28;28.04.1974;1;27
VETANUR;28;2.04.1967;1;27
ZULEL;28;7.12.1968;1;27
BEYIM;28;3.11.1956;1;27
NIBER;27;3.03.1970;0;27
LEYLANUR;27;13.12.1977;0;27
HAMPUL;27;26.12.1958;0;27
SEREFE;27;11.03.1967;0;27
ILBILGE;27;18.04.1974;0;27
DAMLAGUL;27;21.01.1984;0;27
MISLICIHAN;27;7.10.1956;0;27
GULYE;27;3.10.1970;0;27
SUMMEYYE;27;4.12.1988;0;27
SITKIYA;27;21.07.1959;0;27
DIJAN;27;27.02.1983;0;27
MESE;27;18.02.1968;0;27
NEBAHA;27;21.04.1964;0;27
GULACAN;27;6.01.1968;0;27
ZILIHA;27;4.05.1963;0;27
TELIYE;27;9.02.1972;0;27
HUSNUSAH;27;6.07.1954;0;27
HURME;27;18.11.1950;0;27
RIFHA;27;12.04.1969;0;27
SEHRIZADE;27;30.07.1969;0;27
MESIKA;27;29.08.1961;0;27
LAYLA;27;21.10.1977;0;27
HELI;27;5.12.1946;0;27
SEVINCAN;27;22.01.1964;0;27
NARTANE;27;17.07.1962;0;27
NUBAHAR;27;11.03.1985;0;27
SERE;27;22.08.1961;0;27
MARGARET;27;27.07.1953;0;27
MELANIE;27;21.12.1979;0;27
GUSEN;27;8.02.1969;0;27
NESLIHAT;27;19.10.1972;0;27
SAVKIYE;27;3.08.1956;0;27
SILVIYA;27;25.06.1964;0;27
RAYIHA;27;26.03.1959;0;27
SALHE;27;29.06.1958;0;27
RENATE;27;19.02.1954;0;27
MARIAM;27;5.03.1966;0;27
IFAYET;27;14.06.1966;0;27
CAVIYE;27;16.08.1966;0;27
MEVSIME;27;29.08.1966;0;27
NUNA;27;25.01.1954;0;27
YUMAK;27;19.09.1957;0;27
ANAGIZ;27;27.07.1959;0;27
MUKADDESE;27;5.07.1951;0;27
FEYHA;27;3.08.1965;0;27
UMYAN;27;5.01.1958;0;27
FITNAZ;27;18.04.1960;0;27
NACIFER;27;23.05.1964;0;27
ULFUYE;27;19.10.1966;0;27
NURIFET;27;27.02.1969;0;27
TULLA;27;23.11.1949;0;27
SEHRUZE;27;21.06.1954;0;27
HABIK;27;16.10.1950;0;27
YETAR;27;6.08.1959;0;27
BENGUSU;27;4.01.1983;0;27
ISMUGUL;27;15.03.1959;0;27
KETAYUN;27;29.06.1959;0;27
GULAHMER;27;3.02.1953;0;27
LIOUDMILA;27;24.11.1972;0;27
ZENNIHAR;27;24.06.1963;0;27
CELA;27;6.05.1960;0;27
ILHANIYE;27;28.05.1963;0;27
MELIYA;27;25.03.1965;0;27
GELINCIK;27;8.02.1973;0;27
ZULKADEM;27;14.01.1953;0;27
GUNSERI;27;14.07.1955;0;27
URIYE;27;30.10.1958;0;27
SIDIRET;27;9.02.1958;0;27
GULPEMPE;27;27.03.1972;0;27
REHME;27;29.07.1957;0;27
IJLAN;27;5.10.1964;0;27
INTIMAS;27;6.03.1957;0;27
ZUVEYDE;27;22.11.1954;0;27
FEZMIYE;27;27.09.1961;0;27
UMMUNUR;27;8.04.1980;0;27
LAMIYA;27;28.05.1971;0;27
ZEBUK;27;15.11.1959;0;27
GULANDEM;27;29.08.1963;0;27
MIHRIZAT;27;18.11.1953;0;27
DURDUYA;27;10.08.1960;0;27
TOPCA;27;8.02.1965;0;27
AFICE;27;29.09.1953;0;27
TUCCA;27;28.06.1963;0;27
NAMILE;27;24.11.1965;0;27
TURSUNE;27;30.03.1943;0;27
KAIME;27;14.11.1949;0;27
FANDI;27;1.01.1961;0;27
HAFFE;27;29.03.1959;0;27
VALENTYNA;27;3.02.1968;0;27
ZEYNEM;27;8.06.1963;0;27
NELIMA;27;7.01.1974;0;27
TANIYE;27;11.04.1974;0;27
HAMYET;27;26.11.1975;0;27
NALIHAN;27;1.06.1974;0;27
KAZE;27;7.11.1965;0;27
DALIA;27;9.12.1958;0;27
HALYA;27;12.06.1969;0;27
SITYA;27;29.11.1968;0;27
NUFA;27;1.01.1958;0;27
ZENNUNE;27;9.01.1963;0;27
RUDIYE;27;24.11.1958;0;27
YESURE;27;25.12.1973;0;27
MAIZE;27;28.10.1954;0;27
MUSURIYE;27;11.01.1961;0;27
HOSGUZEL;27;3.08.1963;0;27
AREFIYE;27;7.01.1965;0;27
ZUHTUYE;27;17.09.1954;0;27
SENAYET;27;4.05.1978;0;27
MEZKURE;27;2.06.1950;0;27
TAMARIYE;27;17.04.1959;0;27
GULZER;27;23.11.1959;0;27
GULSUNAR;27;9.09.1965;0;27
ILKNAZ;27;8.12.1972;0;27
GULSERAP;27;7.02.1972;0;27
SEVZE;27;24.01.1960;0;27
FERUZIYE;27;25.12.1959;0;27
DUSIZE;27;16.02.1958;0;27
SULUBE;27;6.11.1954;0;27
ZIKRA;27;19.04.1982;0;27
BESERIYE;27;9.06.1964;0;27
SIMHA;27;30.09.1952;0;27
AZYA;27;18.03.1969;0;27
MUSEDDET;27;24.04.1978;0;27
NAZLIMA;27;4.04.1956;0;27
KATERINA;27;22.10.1952;0;27
KALPTEN;27;29.06.1975;0;27
RIMI;27;27.09.1959;0;27
ATILLA;23058;23.11.1971;23032;26
NACI;20550;26.08.1964;20524;26
MUNIR;5677;6.01.1964;5651;26
KAYHAN;4367;3.06.1976;4341;26
BEDI;1177;30.07.1962;1151;26
AZEM;919;8.01.1969;893;26
ISKAN;897;7.12.1971;871;26
NOYAN;345;9.03.1975;319;26
SANLI;286;8.11.1971;260;26
KESKIN;266;3.07.1966;240;26
EKMEL;192;8.08.1966;166;26
LIDER;181;25.03.1982;155;26
NECEF;166;30.07.1964;140;26
GURSES;153;18.07.1971;127;26
SUER;130;1.01.1964;104;26
TORE;81;22.05.1981;55;26
SEZAL;50;8.10.1969;24;26
SAMURAY;49;19.12.1973;23;26
MEHMAN;47;5.12.1961;21;26
YUKSEK;46;5.10.1960;20;26
SEVLET;42;25.05.1966;16;26
ERMIN;42;12.01.1968;16;26
RUYAN;39;29.08.1974;13;26
KASEM;38;15.08.1959;12;26
MESER;38;5.01.1963;12;26
DILOVAN;37;16.11.1987;11;26
HENI;36;27.03.1956;10;26
NECVAN;33;22.11.1965;7;26
NURDAG;32;30.08.1976;6;26
HEYHAT;32;18.01.1972;6;26
IKRA;31;16.03.1986;5;26
ILGIT;31;26.02.1986;5;26
ESFER;31;12.03.1958;5;26
GUNCAN;31;23.09.1966;5;26
GULSENI;29;12.02.1964;3;26
FEYZAL;29;7.02.1974;3;26
NAYAT;29;3.09.1981;3;26
MUAZZER;29;8.04.1968;3;26
REFHAN;29;7.12.1963;3;26
SAHCAN;29;24.09.1975;3;26
NURKET;28;17.11.1969;2;26
ZIKRAN;28;13.01.1977;2;26
DILBAZ;28;17.02.1956;2;26
MAZIZ;28;16.02.1957;2;26
CURI;28;10.06.1959;2;26
ILPER;28;20.02.1978;2;26
GULBAHRI;28;29.12.1961;2;26
BENIN;28;26.01.1973;2;26
ATIBE;27;18.09.1964;1;26
NEVHIZ;27;7.04.1954;1;26
GULBENT;27;29.05.1966;1;26
KEVHER;27;29.09.1946;1;26
GIZAL;27;22.08.1965;1;26
GULVERDI;27;3.10.1967;1;26
SAHASTE;27;17.10.1961;1;26
ASLAHAN;27;6.11.1965;1;26
HUZRET;27;19.01.1974;1;26
KUSUN;27;30.09.1960;1;26
EHLIZAR;27;8.06.1952;1;26
YORDAM;27;4.12.1964;1;26
NEZIRIYE;26;23.06.1968;0;26
MEDAHA;26;9.11.1961;0;26
EFEY;26;14.08.1942;0;26
NERIMA;26;5.01.1969;0;26
GULSERIF;26;7.10.1972;0;26
KETEVAN;26;22.01.1967;0;26
NARIFE;26;8.05.1971;0;26
GULMUS;26;4.01.1957;0;26
MENMUNE;26;10.10.1967;0;26
ASIHAN;26;16.07.1958;0;26
SIYNEM;26;2.08.1983;0;26
GULENDAR;26;10.12.1963;0;26
LERMAN;26;27.03.1962;0;26
BEDIYHA;26;6.11.1965;0;26
VESIGUL;26;15.02.1962;0;26
MUKEDDES;26;9.02.1973;0;26
MEKYA;26;30.11.1973;0;26
RIM;26;9.09.1978;0;26
FATMAN;26;15.06.1953;0;26
KINEM;26;26.12.1989;0;26
KELSUMA;26;29.10.1965;0;26
MAZIDE;26;24.03.1973;0;26
GALLI;26;22.08.1959;0;26
ANUT;26;20.12.1967;0;26
GARIBA;26;8.03.1972;0;26
MAHMURA;26;6.07.1957;0;26
SEYHNAZ;26;21.01.1971;0;26
YUMNIYE;26;20.07.1948;0;26
KELTUM;26;11.09.1962;0;26
ALIFE;26;22.11.1966;0;26
PERISANI;26;20.06.1956;0;26
JENNIFER;26;28.07.1978;0;26
MUSLIHAN;26;11.04.1969;0;26
SONIA;26;27.08.1967;0;26
AYNIHAYAT;26;15.04.1955;0;26
SEMYE;26;23.10.1972;0;26
HIYEM;26;13.06.1976;0;26
NESLE;26;7.04.1963;0;26
HEYFA;26;18.02.1977;0;26
ULKUNAZ;26;20.09.1968;0;26
GULREYHAN;26;11.04.1959;0;26
ZOFRE;26;20.04.1966;0;26
ANKO;26;23.03.1941;0;26
NAZIHAN;26;23.09.1968;0;26
VELIHA;26;2.11.1962;0;26
SAHZIMET;26;1.03.1958;0;26
NEVZADE;26;26.07.1947;0;26
SALTAN;26;4.02.1963;0;26
ZULIFE;26;13.01.1955;0;26
ZEKKIYE;26;5.03.1963;0;26
TAZE;26;26.06.1964;0;26
MUTEBERE;26;26.02.1942;0;26
NEDAFET;26;21.09.1956;0;26
YANA;26;8.12.1978;0;26
LENUTA;26;4.08.1972;0;26
SEVURE;26;24.08.1952;0;26
MINNES;26;25.01.1959;0;26
GULHANUM;26;16.03.1955;0;26
NURDANGUL;26;26.02.1974;0;26
SELMANUR;26;2.03.1978;0;26
SAKIME;26;9.07.1962;0;26
NEKTAR;26;1.07.1955;0;26
MUBEYYA;26;11.11.1971;0;26
ZULHICCE;26;3.07.1955;0;26
SALIYA;26;22.08.1966;0;26
GULARE;26;10.03.1966;0;26
MEKANET;26;11.06.1962;0;26
GULERGUL;26;19.06.1959;0;26
MAKPERI;26;16.02.1980;0;26
FADMA;26;15.12.1953;0;26
GOZEY;26;18.01.1953;0;26
NAZENIM;26;7.06.1946;0;26
GULEVATIN;26;16.03.1946;0;26
BEDIGUL;26;28.06.1965;0;26
ELMIYE;26;6.03.1961;0;26
IOULIA;26;25.03.1976;0;26
MADINA;26;6.09.1972;0;26
MARZI;26;15.01.1951;0;26
ZULHIYE;26;25.07.1960;0;26
SEFURIYE;26;18.01.1966;0;26
MATANAT;26;10.08.1969;0;26
MUZAFIYE;26;24.10.1955;0;26
HASANIYE;26;9.04.1951;0;26
CESIME;26;16.01.1964;0;26
PADI;26;29.02.1948;0;26
SAHSINEM;26;18.06.1957;0;26
MEVTUNE;26;16.01.1973;0;26
BIBIGUL;26;26.06.1969;0;26
SEYBA;26;20.12.1981;0;26
TUNBULA;26;15.12.1958;0;26
MILLIYE;26;9.10.1950;0;26
BAYIRE;26;26.11.1964;0;26
GULNAZE;26;21.05.1958;0;26
ESERGUL;26;13.10.1967;0;26
GULANDAM;26;1.05.1959;0;26
RIAYET;26;15.11.1962;0;26
MELEZHAN;26;1.01.1980;0;26
SEMAME;26;22.02.1952;0;26
HEZIM;26;15.04.1959;0;26
NEZIRYE;26;22.06.1972;0;26
NESIHET;26;26.03.1968;0;26
TILDA;26;26.01.1968;0;26
ARMUS;26;2.02.1971;0;26
HERAT;26;12.09.1955;0;26
SUTE;26;21.03.1948;0;26
CATHERINE;26;8.05.1966;0;26
MERZUHA;26;10.07.1966;0;26
MIHRINNISA;26;22.08.1948;0;26
LEBBE;26;24.10.1951;0;26
SUDURET;26;24.11.1964;0;26
EMAME;26;29.05.1962;0;26
NIDE;26;3.02.1961;0;26
TEYRI;26;9.12.1876;0;26
HUBU;26;10.03.1954;0;26
GULGIZ;26;12.01.1964;0;26
AYNISAN;26;4.09.1954;0;26
MINAYE;26;30.08.1972;0;26
MESUKA;26;6.05.1953;0;26
TABIRE;26;9.04.1967;0;26
NUHUGUL;26;9.05.1958;0;26
CEMALNUR;26;3.11.1953;0;26
AURELIA;26;10.10.1973;0;26
GALIME;26;23.05.1964;0;26
TAFIDE;26;1.01.1961;0;26
DAYA;26;16.02.1956;0;26
RUSIDE;26;23.02.1957;0;26
VAHIDET;26;15.04.1966;0;26
PAPIS;26;5.12.1941;0;26
ADEVYE;26;27.05.1952;0;26
HERFIYE;26;4.07.1961;0;26
SACMA;26;12.01.1965;0;26
BRIGITTE;26;11.12.1956;0;26
JANNA;26;7.09.1973;0;26
DURDUS;26;8.09.1951;0;26
STELA;26;1.07.1972;0;26
MEVLIDA;26;1.10.1957;0;26
AZIYME;26;22.06.1962;0;26
MELEKEY;26;15.09.1937;0;26
REMZI;44722;1.03.1962;44697;25
SEBAHATTIN;27050;6.10.1965;27025;25
HALIS;22405;24.10.1963;22380;25
ARSLAN;11940;16.12.1960;11915;25
SEYFI;10055;9.12.1965;10030;25
NESIP;1309;20.01.1966;1284;25
MERDAN;1186;4.03.1970;1161;25
BEHLUL;1023;10.11.1972;998;25
ARAS;493;15.05.1983;468;25
KURT;230;13.04.1952;205;25
DEHA;174;4.02.1981;149;25
HUZNI;165;5.02.1959;140;25
GORAL;104;17.01.1967;79;25
YAZAR;86;22.09.1978;61;25
TURKCAN;82;25.09.1968;57;25
SEHIM;61;18.12.1958;36;25
CAGLAN;58;17.02.1980;33;25
SERFET;55;12.01.1963;30;25
ISTIKBAL;52;18.12.1965;27;25
BILINC;50;19.01.1981;25;25
MUBAH;50;6.07.1965;25;25
BIDAYET;42;17.03.1960;17;25
FURUZ;40;8.08.1969;15;25
CELENK;40;20.08.1966;15;25
HURUSAN;38;4.06.1962;13;25
GUNGOREN;37;6.11.1961;12;25
OZGULER;37;2.01.1965;12;25
SEYBAN;35;14.12.1974;10;25
NURDOGDU;35;4.07.1962;10;25
ABIS;34;15.01.1953;9;25
SAYRA;34;19.06.1974;9;25
NERCAN;34;20.06.1974;9;25
SEFAYET;33;18.01.1965;8;25
TANYELI;33;29.06.1978;8;25
EFSAN;32;17.08.1968;7;25
TARIF;32;21.04.1952;7;25
KERMAN;31;2.01.1963;6;25
OZSEN;31;2.06.1965;6;25
SEYRANE;30;1.01.1963;5;25
BUHARA;30;19.01.1984;5;25
AMANET;30;24.07.1964;5;25
FERESET;30;24.08.1966;5;25
IDEM;29;16.03.1976;4;25
GUNUR;29;2.01.1969;4;25
NURHUDA;28;5.01.1977;3;25
ERVAH;28;12.11.1952;3;25
ANKA;28;23.06.1957;3;25
IKRIME;27;6.03.1973;2;25
SAVAL;27;4.12.1962;2;25
PETRA;27;13.07.1970;2;25
SURAYA;27;10.06.1966;2;25
ZUBEYRE;27;1.01.1962;2;25
TEBARIK;27;21.12.1958;2;25
AYNER;27;23.09.1970;2;25
ARIFET;27;13.03.1968;2;25
EYLEN;26;2.02.1981;1;25
SULALE;26;4.10.1956;1;25
BINNAR;26;3.03.1966;1;25
REFAKET;26;27.01.1962;1;25
PEYHAN;26;21.06.1949;1;25
GUGUS;26;14.08.1963;1;25
SEVENDER;26;8.12.1963;1;25
SIMSAT;26;4.03.1955;1;25
TUGGEN;26;19.06.1982;1;25
GULCER;26;21.02.1963;1;25
NURISEN;26;22.02.1958;1;25
VEZI;26;4.04.1946;1;25
YUCESTE;25;23.11.1963;0;25
MEDEHA;25;23.06.1963;0;25
SONHAYAT;25;5.12.1971;0;25
GULFIGAR;25;3.09.1966;0;25
MAHPERE;25;9.10.1966;0;25
EZIZE;25;29.08.1959;0;25
HACARA;25;10.04.1968;0;25
NAZIBE;25;27.06.1960;0;25
GULSARA;25;16.09.1964;0;25
MENSUDE;25;2.10.1970;0;25
SIDIGA;25;30.06.1960;0;25
SEMNUR;25;7.01.1972;0;25
NALA;25;14.08.1965;0;25
AZIBE;25;28.08.1963;0;25
ZAYDA;25;2.12.1958;0;25
MONICA;25;4.07.1972;0;25
AGCE;25;10.03.1954;0;25
ZAHIDIYE;25;13.09.1960;0;25
IZGAYRA;25;5.08.1956;0;25
RAVSI;25;25.10.1941;0;25
NIZAMA;25;26.10.1971;0;25
MUJDEHAN;25;30.07.1982;0;25
NUVIDE;25;3.07.1959;0;25
CAILE;25;9.10.1966;0;25
HACICA;25;4.06.1966;0;25
MAZZEZ;25;10.06.1967;0;25
GULSUMAN;25;6.01.1971;0;25
NEVRIHAN;25;23.12.1967;0;25
SIMUNI;25;29.09.1956;0;25
KADRIYA;25;28.04.1966;0;25
NEBEHET;25;19.05.1967;0;25
VELICE;25;16.06.1971;0;25
SODA;25;29.04.1954;0;25
SAADIYE;25;30.06.1964;0;25
NAZMIRE;25;2.07.1960;0;25
LUKSIYE;25;15.04.1981;0;25
SUSANNA;25;14.08.1965;0;25
JOZEFIN;25;6.06.1940;0;25
SONJA;25;20.03.1973;0;25
SEKIYE;25;21.02.1954;0;25
LELA;25;13.08.1971;0;25
HASRIYE;25;12.08.1958;0;25
SEYFETE;25;18.10.1967;0;25
HAYSEL;25;30.11.1959;0;25
GULEMSER;25;27.12.1962;0;25
NUZBIYE;25;21.10.1958;0;25
GULBIYAN;25;24.04.1961;0;25
MEMMUNE;25;15.01.1966;0;25
MELDAG;25;6.08.1974;0;25
SEFAKAT;25;21.03.1954;0;25
ZULAYHA;25;8.08.1976;0;25
NURSINE;25;25.01.1972;0;25
MURIYE;25;11.01.1962;0;25
MAHMULE;25;9.10.1967;0;25
RAHSEN;25;25.07.1979;0;25
SEMHA;25;27.06.1963;0;25
GULSEVGI;25;23.01.1965;0;25
LEYLIYE;25;5.10.1950;0;25
LADIYE;25;22.04.1957;0;25
NAZILA;25;24.03.1964;0;25
MECNUNE;25;8.08.1957;0;25
NELIMAN;25;21.11.1958;0;25
NUHIBE;25;19.09.1961;0;25
GULDEGER;25;28.04.1965;0;25
SEBANIYE;25;1.02.1968;0;25
LAHIKA;25;8.07.1965;0;25
SAYFE;25;22.05.1959;0;25
NUVEYDE;25;4.02.1962;0;25
GULIDE;25;12.09.1968;0;25
SAZENE;25;16.11.1959;0;25
ZENNEHAR;25;25.06.1959;0;25
SEHRIBAL;25;1.05.1959;0;25
MELEHAN;25;7.03.1966;0;25
UMEHAN;25;26.10.1957;0;25
SEVDEGUL;25;13.03.1976;0;25
NUREYLA;25;14.02.1967;0;25
ASIFER;25;10.11.1952;0;25
BADIGUL;25;24.01.1964;0;25
HATICETULKUBRA;25;20.12.1960;0;25
ILSEN;25;9.01.1970;0;25
DILFIKAR;25;28.09.1957;0;25
SAVIYE;25;21.05.1955;0;25
BAHTISAH;25;10.10.1951;0;25
SERMINAZ;25;20.08.1969;0;25
BIRNAS;25;6.10.1965;0;25
ZURFE;25;15.08.1956;0;25
GUZELLA;25;8.02.1975;0;25
LEDIFE;25;19.06.1960;0;25
SIIR;25;16.03.1973;0;25
SADENAZ;25;5.04.1963;0;25
BERRE;25;23.06.1982;0;25
OZNIL;25;1.11.1983;0;25
TUGCENUR;25;16.09.1990;0;25
SEYHANE;25;4.07.1966;0;25
MAKTURE;25;16.09.1953;0;25
ZULFIDE;25;24.08.1957;0;25
ELZA;25;11.12.1971;0;25
GUMRU;25;30.2.1964;0;25
IFADIYE;25;12.06.1957;0;25
MELDE;25;21.01.1969;0;25
SERANUS;25;6.01.1945;0;25
GULUMHAN;25;23.10.1965;0;25
MEHRINUR;25;17.11.1965;0;25
HAVILE;25;22.05.1957;0;25
ELVIYE;25;7.09.1954;0;25
PRENSES;25;22.05.1977;0;25
EZIYE;25;29.03.1975;0;25
MADIMAK;25;22.07.1970;0;25
NEZA;25;23.07.1964;0;25
SEVINJ;25;29.05.1972;0;25
RUHIZE;25;3.08.1960;0;25
ILMEHAN;25;26.10.1967;0;25
EMINKIZ;25;29.03.1956;0;25
SELDE;25;16.04.1977;0;25
FEIZE;25;10.10.1967;0;25
MESUME;25;1.08.1959;0;25
VERONIKA;25;4.05.1971;0;25
KIRMIZI;25;2.03.1955;0;25
KITTAN;25;12.03.1949;0;25
MERUSA;25;2.12.1965;0;25
ROKIYE;25;29.07.1960;0;25
BACIHANIM;25;4.11.1958;0;25
RAYYE;25;13.12.1956;0;25
GULCAG;25;12.08.1983;0;25
CAHIME;25;10.11.1957;0;25
ZAYFA;25;14.07.1954;0;25
ELHUDA;25;14.04.1965;0;25
ZEYNEGUL;25;9.03.1959;0;25
YURDUGUL;25;26.12.1961;0;25
BUKRE;25;15.05.1986;0;25
FEZILET;25;25.02.1960;0;25
SEMIRAMIZ;25;19.05.1955;0;25
NURALA;25;28.03.1954;0;25
MATLUBE;25;9.04.1946;0;25
GONCE;25;17.10.1962;0;25
NURDES;25;17.12.1964;0;25
BINNIK;25;16.04.1963;0;25
HEMSA;25;13.12.1958;0;25
SEMSIBANI;25;10.07.1953;0;25
FULDAN;25;27.11.1970;0;25
GULUMZER;25;18.09.1960;0;25
GULCARE;25;8.03.1968;0;25
RAYLE;25;6.03.1973;0;25
VEDFA;25;30.05.1964;0;25
HATICEYI;25;23.03.1960;0;25
VEZIDE;25;10.03.1958;0;25
BESDI;25;22.05.1952;0;25
TOYUZ;25;24.10.1959;0;25
NEVINAZ;25;18.04.1965;0;25
RABIHE;25;8.02.1970;0;25
SUTMEN;25;4.03.1956;0;25
SABBEK;25;20.06.1949;0;25
ELBI;25;8.06.1982;0;25
BELCE;25;7.09.1987;0;25
KAZMURA;25;1.11.1958;0;25
TENDU;25;2.10.1966;0;25
ZEFIRE;25;15.06.1957;0;25
HEVIYE;25;20.08.1967;0;25
TOPEY;25;9.03.1959;0;25
ILHAMI;18625;6.10.1968;18601;24
NIMETULLAH;1079;23.02.1975;1055;24
YAMAN;794;22.10.1968;770;24
SERBULENT;705;4.07.1978;681;24
HAKTAN;629;30.04.1981;605;24
BEYTI;595;25.08.1962;571;24
BORAN;414;17.05.1979;390;24
YOLDAS;330;28.01.1982;306;24
ASIK;272;30.09.1973;248;24
MIRHAN;226;17.01.1971;202;24
NURU;221;11.01.1955;197;24
SAHBAZ;202;21.05.1958;178;24
GUNDAY;198;3.07.1977;174;24
FEYIZ;125;23.08.1967;101;24
PEVRIL;115;9.02.1967;91;24
TURAC;111;28.04.1976;87;24
OGUL;105;25.12.1978;81;24
COSKU;102;12.12.1986;78;24
AKCAN;81;15.03.1973;57;24
UNLU;76;8.11.1959;52;24
TURKEL;71;21.01.1964;47;24
SEMS;68;24.12.1969;44;24
FETHAN;68;24.07.1962;44;24
GOKCAY;64;14.01.1980;40;24
DILGES;60;20.02.1986;36;24
GOKEN;60;13.03.1966;36;24
GUNCEL;60;11.01.1981;36;24
OZGAN;55;10.07.1958;31;24
MUCDET;55;17.02.1958;31;24
ULFU;48;8.02.1963;24;24
SAMAN;47;1.05.1958;23;24
HACIGUL;45;8.10.1961;21;24
CAVSIN;43;23.03.1956;19;24
BERI;40;28.06.1969;16;24
SELAL;39;3.09.1976;15;24
ESAN;39;10.04.1968;15;24
HUSUN;39;22.02.1964;15;24
GUNGORDU;37;25.10.1960;13;24
SUREL;37;3.11.1961;13;24
HITAY;36;9.01.1958;12;24
ELNUR;35;20.11.1979;11;24
SECGUN;35;15.04.1965;11;24
USUL;35;11.09.1960;11;24
AYPAR;35;2.08.1966;11;24
SIMAN;34;21.11.1972;10;24
SAHSEN;34;23.08.1968;10;24
AYGUR;33;20.07.1965;9;24
DERCAN;32;18.01.1978;8;24
SURYAN;32;14.05.1967;8;24
NARCIN;31;12.01.1975;7;24
DILMAN;30;17.02.1977;6;24
ZENNURI;30;9.07.1955;6;24
TEMAY;30;26.05.1970;6;24
BILGAN;30;11.08.1959;6;24
MUSVET;30;8.08.1963;6;24
REDA;29;28.05.1972;5;24
EKABIR;28;26.03.1963;4;24
HATMI;28;21.03.1963;4;24
GUMRAN;28;9.07.1964;4;24
TACIHAN;28;11.10.1976;4;24
KELIM;28;13.04.1959;4;24
DILAR;27;1.07.1972;3;24
SAHLE;27;19.12.1960;3;24
ERIK;27;5.06.1958;3;24
SAFANUR;27;22.07.1975;3;24
SUSAR;27;3.04.1951;3;24
MUTEHER;27;23.05.1961;3;24
SERCIVAN;27;9.08.1971;3;24
HELAL;26;3.08.1964;2;24
GULBAG;26;20.12.1971;2;24
EVCIM;26;4.03.1985;2;24
MUNEZZEH;26;17.02.1958;2;24
FAYMAN;26;26.11.1955;2;24
NEZARET;26;24.09.1946;2;24
SEHRIZAT;26;2.07.1959;2;24
NAREN;26;5.04.1973;2;24
ESRAR;26;20.07.1944;2;24
MUKKADER;25;10.02.1977;1;24
YILDIZE;25;25.05.1949;1;24
YUNISE;25;1.10.1960;1;24
SEBAYET;25;21.09.1957;1;24
SULAN;25;18.03.1964;1;24
MERCIVAN;25;18.08.1964;1;24
SEMSINAR;25;17.02.1964;1;24
KEMER;25;16.05.1962;1;24
TEBAREK;25;12.07.1960;1;24
REYCAN;25;18.06.1973;1;24
SEYTAP;25;3.08.1969;1;24
BIRSUN;25;19.07.1975;1;24
HAFIRE;24;20.07.1967;0;24
MELAY;24;24.04.1977;0;24
NACIBE;24;16.02.1962;0;24
NEVSI;24;3.03.1954;0;24
GULSENIN;24;5.12.1955;0;24
MUADDET;24;5.01.1951;0;24
NUSIYE;24;16.10.1960;0;24
NATIKA;24;8.10.1956;0;24
HAZIYE;24;17.10.1955;0;24
NUSIDE;24;27.05.1956;0;24
NURAYDE;24;14.12.1972;0;24
FODIL;24;12.12.1957;0;24
MAZIZE;24;29.07.1958;0;24
PIRIHAN;24;7.09.1959;0;24
CIHANE;24;22.06.1967;0;24
ZUHEYRA;24;20.08.1973;0;24
PELVIN;24;9.10.1973;0;24
MEYMI;24;11.04.1943;0;24
BERFA;24;29.2.1957;0;24
ROJA;24;13.12.1984;0;24
HARBA;24;6.08.1958;0;24
NEFLE;24;19.07.1961;0;24
SAGE;24;12.10.1952;0;24
AHDIYE;24;8.07.1967;0;24
SUKRIYA;24;14.03.1973;0;24
VESMIYE;24;3.08.1971;0;24
MEHRIVAN;24;6.04.1968;0;24
BENISAADE;24;8.10.1961;0;24
PERIDE;24;13.01.1965;0;24
NADIHA;24;24.02.1970;0;24
MUHRICAN;24;23.09.1974;0;24
HEZNA;24;17.08.1968;0;24
GULANDAN;24;29.10.1961;0;24
NATHALIE;24;10.04.1977;0;24
MARTINA;24;8.02.1976;0;24
ISTIR;24;17.12.1949;0;24
FEYRUSHAN;24;7.04.1976;0;24
FECRE;24;18.08.1961;0;24
SOSINE;24;11.05.1945;0;24
KATIYE;24;16.11.1957;0;24
FATINE;24;19.07.1962;0;24
MUHSIME;24;12.01.1961;0;24
MEYDIYE;24;16.12.1963;0;24
UMEYYE;24;28.11.1978;0;24
MENDIYE;24;11.04.1963;0;24
PEVRUZE;24;20.11.1949;0;24
HADIK;24;21.06.1955;0;24
GULHANIYE;24;14.11.1970;0;24
PEVRIYE;24;13.08.1959;0;24
HAYTEN;24;8.04.1952;0;24
NURAYSE;24;30.05.1970;0;24
SUNKER;24;5.10.1961;0;24
HATIK;24;3.03.1958;0;24
TAMILA;24;15.08.1966;0;24
YASEMIL;24;8.06.1962;0;24
SUBEYLA;24;18.12.1969;0;24
MUZEYYIN;24;29.07.1959;0;24
MUKTEBER;24;29.04.1965;0;24
NURGULE;24;13.06.1966;0;24
AFIDAN;24;12.10.1967;0;24
NEKIYE;24;22.09.1948;0;24
TELLINAZ;24;3.05.1961;0;24
SERIZE;24;9.09.1958;0;24
CEYHUNE;24;21.03.1962;0;24
FIRAZE;24;11.01.1952;0;24
NEYIBE;24;20.12.1961;0;24
NERIBAN;24;1.10.1964;0;24
GUGUK;24;3.05.1963;0;24
SELMAYE;24;6.05.1963;0;24
NAVIDAN;24;16.04.1959;0;24
BELIS;24;28.05.1978;0;24
MAKSURE;24;18.01.1948;0;24
YASEGUL;24;28.08.1975;0;24
GOKCEGUL;24;28.06.1984;0;24
KAMILA;24;17.12.1972;0;24
MINTAZIYE;24;11.05.1958;0;24
HUMMA;24;11.07.1951;0;24
AYBICE;24;11.11.1986;0;24
ILHAMA;24;18.09.1974;0;24
MAHINAZ;24;26.03.1954;0;24
MANUS;24;11.10.1945;0;24
HAMINE;24;15.06.1964;0;24
FIRGET;24;14.10.1963;0;24
MADELET;24;7.08.1949;0;24
OZDENUR;24;11.09.1981;0;24
VESIKA;24;6.09.1963;0;24
ZAFERAN;24;13.04.1957;0;24
BEFRA;24;28.01.1968;0;24
NEZAKAT;24;12.10.1964;0;24
TANCIHAN;24;20.01.1980;0;24
HANIMZAR;24;30.10.1956;0;24
KUMRISAN;24;22.10.1958;0;24
FIRKIYE;24;12.11.1973;0;24
GOLSEN;24;15.11.1959;0;24
BALKIZE;24;10.09.1965;0;24
SUKURYE;24;13.01.1970;0;24
MAYLE;24;19.12.1967;0;24
ELIFIYE;24;21.09.1961;0;24
HILALIYE;24;24.03.1954;0;24
DURUKADIN;24;10.08.1957;0;24
MUCUDE;24;3.09.1962;0;24
NURSADIYE;24;26.01.1968;0;24
GULFEDA;24;1.01.1969;0;24
SIRIVAN;24;29.05.1983;0;24
ALSEV;24;12.03.1969;0;24
SURSIRIN;24;11.05.1965;0;24
EDILE;24;20.05.1957;0;24
GULLUS;24;24.12.1952;0;24
RASEN;24;2.06.1974;0;24
GUNNAS;24;15.02.1961;0;24
MURUBET;24;6.11.1962;0;24
CINEM;24;15.12.1981;0;24
NECRIFE;24;15.05.1967;0;24
FECIRIYE;24;22.10.1968;0;24
SABIBE;24;12.01.1957;0;24
ESMENE;24;25.07.1956;0;24
GULSINA;24;5.03.1961;0;24
HAYRANSE;24;15.11.1952;0;24
TUTUNAZ;24;11.02.1952;0;24
REBIE;24;15.06.1953;0;24
ZERAL;24;27.04.1981;0;24
MAHTI;24;16.02.1960;0;24
IBRIME;24;6.04.1949;0;24
SEZIL;24;14.06.1984;0;24
HASENA;24;1.06.1965;0;24
GILDA;24;30.10.1972;0;24
HURGUL;24;7.11.1972;0;24
KETI;24;4.03.1939;0;24
VEJDIYE;24;14.10.1968;0;24
FIKIRIYE;24;9.02.1966;0;24
FIRIDES;24;8.01.1966;0;24
ILIZ;24;10.09.1981;0;24
SEVSEL;24;4.12.1981;0;24
GOKU;24;5.03.1960;0;24
SELCE;24;23.11.1961;0;24
HAYCE;24;15.01.1960;0;24
SEHBER;24;13.02.1949;0;24
SERAYIR;24;21.11.1962;0;24
TALIMET;24;12.04.1961;0;24
NEVHIS;24;28.03.1955;0;24
KAMALA;24;2.12.1970;0;24
HASMIK;24;1.11.1954;0;24
ILMIRA;24;16.09.1976;0;24
RIYAZE;24;4.11.1960;0;24
DENNURE;24;6.09.1957;0;24
ALI;835233;3.12.1964;835210;23
AHMET;811489;10.02.1968;811466;23
FEVZI;37382;20.01.1963;37359;23
TAHA;2818;28.02.1981;2795;23
NAFI;1983;25.01.1964;1960;23
ZEHNI;1492;3.03.1957;1469;23
AYTEK;458;16.01.1981;435;23
AHAT;294;26.10.1969;271;23
EMUR;198;11.08.1961;175;23
IKRAMI;154;24.06.1965;131;23
SIVAN;148;7.07.1983;125;23
ZUHER;136;28.09.1969;113;23
DUHAN;105;4.07.1982;82;23
EMIL;102;1.06.1969;79;23
BESIN;81;6.12.1971;58;23
MUDDET;74;19.04.1961;51;23
SELAT;70;8.01.1964;47;23
BIRANT;69;16.08.1974;46;23
VERGI;64;23.12.1966;41;23
ZEKA;63;4.09.1962;40;23
FIDAYI;60;1.12.1961;37;23
OZBIL;58;24.09.1976;35;23
SEFAT;53;28.03.1969;30;23
ILKAR;50;22.07.1967;27;23
TURKSEL;48;8.10.1961;25;23
KIBRIS;48;27.06.1972;25;23
FEDI;40;2.11.1953;17;23
NEZAKER;39;15.02.1963;16;23
REYHA;39;14.02.1963;16;23
NEHRIN;37;3.03.1980;14;23
EMIRAY;35;10.03.1982;12;23
TENUR;35;17.04.1968;12;23
ICRET;33;10.07.1966;10;23
GIZAY;33;23.01.1989;10;23
ALCAY;32;29.08.1982;9;23
EJMEL;31;20.08.1966;8;23
KENZI;31;11.08.1954;8;23
KESKO;30;19.03.1953;7;23
CINAN;30;26.10.1959;7;23
DINAYET;30;4.08.1973;7;23
NETRET;29;12.01.1958;6;23
DINNUR;29;29.04.1971;6;23
RUHUSEN;29;2.02.1959;6;23
SOMAY;28;9.07.1974;5;23
NESLIM;28;2.04.1980;5;23
FATIHAN;28;8.01.1958;5;23
GONER;28;20.11.1951;5;23
TERCIHAN;27;24.04.1966;4;23
LORIS;26;10.05.1955;3;23
SENDI;26;19.09.1983;3;23
IZGEN;25;5.07.1975;2;23
CAKI;25;12.08.1947;2;23
GOZDEN;25;6.08.1977;2;23
ZEDE;25;25.04.1960;2;23
BAYGUL;25;25.02.1971;2;23
BERNAN;25;18.07.1976;2;23
BAHTUNUR;25;23.12.1971;2;23
NEVSEL;25;8.01.1965;2;23
RUSEL;25;28.09.1957;2;23
SEHIDA;24;12.03.1972;1;23
ZERU;24;22.07.1944;1;23
SURIYYE;24;17.04.1965;1;23
GURCE;24;7.04.1958;1;23
KEVKEB;24;3.11.1963;1;23
CILAY;24;23.05.1977;1;23
HAZEN;24;16.11.1970;1;23
SEHVAL;24;9.08.1980;1;23
MALIKA;24;18.03.1960;1;23
KAZEL;24;3.09.1953;1;23
DURDUK;24;21.01.1964;1;23
NURFEZA;24;4.04.1963;1;23
CANTEN;24;20.01.1967;1;23
ASKERIYE;24;28.02.1968;1;23
HUMRAN;24;29.11.1962;1;23
MEHSURE;24;29.12.1967;1;23
DURANSEL;24;19.01.1967;1;23
BALLAR;24;7.11.1955;1;23
ULAY;24;26.05.1960;1;23
PAYAN;24;19.07.1972;1;23
MENZILET;24;14.11.1972;1;23
MAHBERE;23;5.01.1956;0;23
NURSEZA;23;2.10.1978;0;23
SIMDEN;23;2.06.1977;0;23
ZIDYA;23;1.05.1971;0;23
GULDANI;23;6.09.1959;0;23
SUZIN;23;17.01.1971;0;23
BUSRAN;23;24.01.1979;0;23
ASIGUL;23;27.3.1870;0;23
MUNTIHA;23;29.10.1963;0;23
SUMRAY;23;26.02.1970;0;23
ACURE;23;2.05.1956;0;23
KEVAR;23;11.03.1947;0;23
BIRSEV;23;22.10.1968;0;23
NURSENEM;23;27.05.1981;0;23
ARDEMIS;23;14.05.1944;0;23
HAFZA;23;30.07.1973;0;23
GEVEY;23;18.04.1945;0;23
SITKA;23;9.05.1961;0;23
MEMINE;23;14.03.1961;0;23
EDIBA;23;13.04.1971;0;23
NEFO;23;11.02.1945;0;23
SEYHE;23;17.10.1966;0;23
PELSIN;23;5.09.1988;0;23
UTTI;23;11.09.1944;0;23
SILTO;23;9.07.1942;0;23
GELSUME;23;24.01.1967;0;23
IPTISAM;23;28.06.1974;0;23
HAFSO;23;23.05.1954;0;23
ZELLO;23;20.04.1947;0;23
GULZIYE;23;26.12.1961;0;23
NECIHE;23;24.06.1955;0;23
KASIDA;23;2.01.1951;0;23
MELANI;23;19.02.1981;0;23
HAZMIYE;23;5.03.1960;0;23
HATE;23;30.12.1945;0;23
HAZME;23;16.03.1963;0;23
MUKRIYE;23;22.01.1967;0;23
RAFIZE;23;9.12.1956;0;23
KEVSEL;23;21.09.1974;0;23
ORDEKI;23;23.05.1966;0;23
SAHZINE;23;28.12.1955;0;23
SINDA;23;27.12.1988;0;23
HEYMUNE;23;30.07.1960;0;23
NUPELDA;23;12.05.1989;0;23
MEYSA;23;3.11.1971;0;23
DESDE;23;10.02.1965;0;23
EMREGUL;23;15.05.1973;0;23
NEZIYHA;23;17.06.1967;0;23
NEZAKE;23;1.07.1958;0;23
AISEHAN;23;21.04.1944;0;23
NEFIGA;23;20.10.1965;0;23
RAFILE;23;26.03.1970;0;23
TEYFIKA;23;18.01.1960;0;23
NESURE;23;30.05.1960;0;23
HULASE;23;23.08.1953;0;23
JALAN;23;5.08.1972;0;23
INCIR;23;20.11.1958;0;23
DILANUR;23;4.04.1990;0;23
SULA;23;27.07.1964;0;23
SAHURIYE;23;24.06.1962;0;23
ZENUBE;23;3.09.1956;0;23
FERDAGUL;23;11.10.1976;0;23
NEBIRE;23;18.06.1955;0;23
MELHAN;23;29.04.1959;0;23
MUBEYYAN;23;19.02.1961;0;23
SEBIBE;23;24.03.1964;0;23
ZENCAN;23;19.08.1957;0;23
GULUMSEN;23;12.04.1970;0;23
NAMIRE;23;26.08.1954;0;23
ZULFIDAN;23;7.06.1969;0;23
MZIA;23;16.03.1966;0;23
CIDDIYE;23;12.07.1953;0;23
FERDANUR;23;22.02.1980;0;23
LYUBOV;23;24.08.1970;0;23
PUPUZE;23;16.01.1951;0;23
MUSUNE;23;4.12.1963;0;23
YASLI;23;21.12.1968;0;23
GULSEZEN;23;9.02.1962;0;23
YEDER;23;24.08.1961;0;23
NAGILE;23;8.05.1969;0;23
TUDANYA;23;25.06.1989;0;23
BERVIN;23;14.03.1970;0;23
FULSEN;23;27.12.1977;0;23
ILKSUN;23;29.01.1978;0;23
HAYRINUR;23;23.07.1955;0;23
GULCEHRI;23;26.01.1957;0;23
NESVE;23;5.06.1969;0;23
SELMIHA;23;18.10.1966;0;23
RAKIME;23;23.04.1960;0;23
SATINUR;23;28.07.1974;0;23
FEZIME;23;29.06.1961;0;23
SELIHE;23;16.06.1961;0;23
RAFIGA;23;23.11.1958;0;23
ADEFIYE;23;3.10.1962;0;23
PEYKIRE;23;29.11.1957;0;23
YURTGUL;23;22.06.1966;0;23
GULCERE;23;12.01.1964;0;23
ESINGUL;23;20.12.1967;0;23
ZULCE;23;4.09.1958;0;23
ZINNETI;23;27.09.1953;0;23
MUTMINE;23;17.03.1962;0;23
AYSUNA;23;12.11.1968;0;23
HURMANIYE;23;25.04.1955;0;23
SERPILGUL;23;16.05.1967;0;23
MEZUNE;23;7.04.1949;0;23
NESUHA;23;26.06.1968;0;23
VAFIRE;23;24.09.1958;0;23
INDIRA;23;14.12.1973;0;23
SELIYME;23;7.10.1960;0;23
FERUHAN;23;18.10.1955;0;23
TIJAN;23;14.02.1969;0;23
MERVIN;23;15.04.1984;0;23
GULBITTI;23;5.08.1959;0;23
SEDEM;23;16.10.1983;0;23
BIRHAYAT;23;21.04.1975;0;23
ZEKINA;23;19.01.1965;0;23
CEMEN;23;29.2.1966;0;23
FAYMA;23;21.08.1966;0;23
PORES;23;30.07.1951;0;23
RUHEFZA;23;18.04.1957;0;23
GULUSOR;23;22.11.1962;0;23
MAISER;23;17.09.1952;0;23
ESMERPERI;23;14.09.1959;0;23
MIHRIVAN;23;3.02.1970;0;23
GULHEZAR;23;1.05.1965;0;23
RUSKIYE;23;11.07.1966;0;23
RUZKIYE;23;21.11.1964;0;23
RUJBIN;23;9.07.1983;0;23
SALLUH;23;10.07.1957;0;23
MUHTIYE;23;17.12.1961;0;23
DILDAN;23;23.06.1966;0;23
NERFIDE;23;25.05.1949;0;23
ALTINTEN;23;30.03.1944;0;23
YUNUSE;23;10.07.1963;0;23
SABIRYE;23;25.10.1969;0;23
GULBAHRIYE;23;3.04.1961;0;23
ZEBIBE;23;6.12.1949;0;23
NUFUSIYE;23;25.09.1979;0;23
MICHELLE;23;17.11.1972;0;23
SIMUZER;23;25.07.1945;0;23
VICIDAN;23;2.09.1961;0;23
TURKINAZ;23;17.09.1969;0;23
NECRIYE;23;20.01.1969;0;23
TOBA;23;14.04.1953;0;23
FENDISEMAL;23;15.03.1957;0;23
SAHIBA;23;26.04.1966;0;23
MIMI;23;8.10.1951;0;23
MANA;23;8.05.1973;0;23
SAHSIGUL;23;10.08.1973;0;23
HAPBA;23;9.10.1958;0;23
HULUYA;23;12.08.1969;0;23
ZERHANIM;23;20.11.1949;0;23
KIZTAMAM;23;18.10.1957;0;23
GURNUS;23;25.08.1949;0;23
NARMINE;23;26.10.1970;0;23
LIVAZIYE;23;6.03.1956;0;23
FATLIYE;23;14.10.1960;0;23
RAYIBE;23;6.07.1961;0;23
BEZER;23;17.01.1957;0;23
DIRSAN;23;19.10.1953;0;23
ADEVI;23;14.08.1958;0;23
SIRMAHAN;23;24.09.1973;0;23
FATGUL;23;3.07.1960;0;23
MELEKAN;23;27.11.1953;0;23
BARIDE;23;27.04.1972;0;23
ANBERE;23;12.07.1957;0;23
RAMONA;23;12.02.1980;0;23
NAZIKTEN;23;6.01.1963;0;23
HAYGUHI;23;19.10.1945;0;23
ELVANE;23;2.11.1964;0;23
HERIDE;23;23.08.1950;0;23
ANISOARA;23;12.04.1972;0;23
HILEN;23;17.11.1959;0;23
PIRIMAN;23;24.12.1960;0;23
HAKAN;145829;10.06.1981;145807;22
TURGAY;31025;9.02.1977;31003;22
SEMIH;22181;27.12.1979;22159;22
TAYFUN;21038;28.11.1979;21016;22
SEZAI;18556;14.10.1968;18534;22
CIHAT;9958;30.10.1974;9936;22
NEJAT;4700;6.03.1964;4678;22
FEDAI;3124;3.12.1970;3102;22
CELEBI;2623;22.05.1965;2601;22
SENCER;536;9.07.1977;514;22
TARHAN;389;27.09.1968;367;22
VELAT;371;4.11.1984;349;22
HARBI;319;16.06.1974;297;22
GURAL;246;6.07.1967;224;22
ENIZ;229;29.01.1979;207;22
IZET;228;6.10.1964;206;22
GURLER;216;13.01.1971;194;22
BENGIN;192;9.08.1979;170;22
SEMAVI;187;9.03.1971;165;22
MUZEFFER;163;17.09.1959;141;22
HIFSI;144;23.08.1966;122;22
ZILFO;109;22.11.1948;87;22
GURAN;103;25.11.1967;81;22
ARSEN;103;16.07.1969;81;22
SAHMERAN;97;5.08.1960;75;22
BAZI;83;25.03.1966;61;22
ONEL;76;10.02.1962;54;22
ILTAN;74;23.08.1966;52;22
INKILAP;70;16.02.1963;48;22
BULUS;67;10.04.1974;45;22
HUSAME;66;5.04.1975;44;22
GORGU;51;16.06.1972;29;22
SINCAN;48;24.06.1970;26;22
SEVDIM;48;23.04.1966;26;22
FERIDAN;44;6.09.1959;22;22
ESVED;41;18.01.1972;19;22
GUNCAY;40;10.04.1972;18;22
AYMAN;38;29.12.1965;16;22
SEHAT;37;22.01.1965;15;22
CAGDAN;37;4.04.1983;15;22
MELI;36;18.12.1952;14;22
IHLAS;35;28.11.1978;13;22
ELFESIYAH;35;14.07.1959;13;22
BESEN;34;21.04.1978;12;22
GULHANI;34;12.03.1972;12;22
BERNAR;34;4.09.1974;12;22
EMRIYA;33;12.03.1972;11;22
ERGULER;33;6.04.1962;11;22
GOKSEV;33;12.06.1969;11;22
SUNDA;30;25.03.1973;8;22
ILCIN;29;29.10.1973;7;22
BELCIN;29;7.01.1982;7;22
DALGA;28;19.05.1974;6;22
YENI;28;19.01.1966;6;22
MUSGUL;27;6.02.1965;5;22
SEFARET;27;11.01.1970;5;22
YURTSEN;27;25.12.1956;5;22
DELEF;26;18.12.1967;4;22
ILK;26;25.04.1975;4;22
VECIHAT;26;26.02.1957;4;22
TEYCAN;26;2.02.1977;4;22
TANJA;25;14.02.1978;3;22
GULLABI;25;8.07.1956;3;22
NEJBIR;24;23.09.1989;2;22
SAMDAN;24;5.05.1968;2;22
ILGIHAN;24;30.08.1974;2;22
AYDONER;24;14.05.1969;2;22
SURUL;24;7.12.1957;2;22
ZEREFSAN;24;13.04.1947;2;22
MIHTAP;23;2.05.1971;1;22
HAYFER;23;22.12.1961;1;22
MUBEYYE;23;21.10.1968;1;22
ZIYANI;23;25.03.1955;1;22
BEKIRE;23;8.07.1954;1;22
ZORE;23;20.02.1962;1;22
ERVE;23;13.12.1962;1;22
CEHRE;23;23.02.1956;1;22
GUNESER;23;10.10.1958;1;22
PERZAT;23;4.10.1956;1;22
GULSAL;23;30.2.1963;1;22
NANI;23;25.07.1952;1;22
ZAFEREN;23;19.10.1965;1;22
GUNNER;23;1.02.1964;1;22
GULERYUZ;23;18.02.1964;1;22
MUNTAZAM;23;29.08.1975;1;22
VICDANE;23;11.12.1953;1;22
FANTI;23;1.01.1957;1;22
NIGEL;23;19.12.1973;1;22
BEHIN;23;2.11.1947;1;22
INA;23;28.12.1977;1;22
TIMSAL;23;21.02.1959;1;22
BACEY;22;9.04.1950;0;22
HISIR;22;25.06.1963;0;22
BEDRANA;22;17.09.1981;0;22
GULCUM;22;30.10.1965;0;22
BIRDESEN;22;13.10.1973;0;22
MURIYET;22;18.12.1964;0;22
HIVIDAR;22;13.04.1989;0;22
FITOZ;22;28.01.1953;0;22
NISI;22;29.09.1941;0;22
SEVLIYA;22;28.09.1978;0;22
MUJGE;22;27.02.1984;0;22
KAYOS;22;4.08.1956;0;22
SUMERA;22;21.06.1980;0;22
NABIDE;22;10.09.1951;0;22
YURDANE;22;11.07.1962;0;22
BAYAZ;22;11.09.1951;0;22
BETULAY;22;12.05.1980;0;22
GULUMPASA;22;9.01.1958;0;22
AYSELIN;22;25.04.1978;0;22
GULCUHAN;22;14.06.1974;0;22
SARITE;22;7.04.1968;0;22
GULDAM;22;28.07.1962;0;22
ESGUL;22;3.04.1967;0;22
HASILE;22;1.03.1969;0;22
PERAHAN;22;16.11.1960;0;22
NARINCIYE;22;17.12.1960;0;22
GAYSE;22;24.12.1973;0;22
BEHIYA;22;27.10.1973;0;22
HEMIYET;22;15.09.1966;0;22
MELIHET;22;5.01.1963;0;22
NESLISAN;22;14.08.1969;0;22
MISKIYE;22;21.03.1961;0;22
MISE;22;14.11.1958;0;22
HEVLA;22;30.2.1963;0;22
MIDYA;22;5.10.1982;0;22
BARIA;22;1.07.1957;0;22
BILGESAN;22;29.01.1983;0;22
ZUHRET;22;28.06.1968;0;22
ILHANE;22;12.05.1960;0;22
HASYA;22;1.12.1972;0;22
MARYE;22;30.04.1968;0;22
CIRVE;22;14.04.1949;0;22
NAZMIYA;22;7.10.1960;0;22
CEZYA;22;11.01.1965;0;22
KADIYE;22;30.10.1958;0;22
SARIFE;22;30.09.1971;0;22
KEHLA;22;2.03.1967;0;22
SEYAL;22;30.2.1979;0;22
SEKINA;22;16.06.1967;0;22
NUFE;22;29.2.1954;0;22
REHILE;22;9.01.1958;0;22
BEZE;22;8.02.1946;0;22
MIKRIYE;22;23.05.1967;0;22
ESRE;22;4.03.1976;0;22
MIRYAM;22;18.04.1969;0;22
NACYE;22;27.10.1964;0;22
NEHILE;22;23.04.1960;0;22
LINDE;22;19.09.1970;0;22
RIZKIYA;22;12.01.1968;0;22
GULERSUN;22;27.01.1970;0;22
KADIS;22;5.09.1948;0;22
SIDTIKA;22;17.02.1963;0;22
NAFIDER;22;18.01.1957;0;22
SADIMEN;22;5.10.1965;0;22
SAKURE;22;25.08.1952;0;22
SUVELYA;22;16.01.1978;0;22
FARZIYE;22;27.04.1961;0;22
CEVADE;22;2.06.1953;0;22
NEBIYLE;22;11.09.1965;0;22
REVIYE;22;18.02.1960;0;22
NIAL;22;25.02.1968;0;22
SEVDIYA;22;13.03.1965;0;22
GULUSDAN;22;25.09.1961;0;22
ZAHIME;22;17.01.1962;0;22
DERYE;22;29.12.1982;0;22
SELANUR;22;1.02.1974;0;22
IHBARIYE;22;15.12.1950;0;22
MULUFE;22;16.04.1969;0;22
RAHIKA;22;13.01.1952;0;22
SELYA;22;16.09.1982;0;22
SUZEL;22;8.12.1962;0;22
MELAAT;22;7.11.1962;0;22
SABANUR;22;8.12.1978;0;22
MELAYET;22;13.02.1949;0;22
ANJELIKA;22;5.06.1974;0;22
AYISER;22;8.05.1958;0;22
FIDES;22;23.12.1965;0;22
HESENE;22;8.01.1956;0;22
MAYSEL;22;9.05.1969;0;22
NILDAG;22;8.11.1981;0;22
NUSEN;22;14.04.1969;0;22
ZAHLA;22;9.07.1954;0;22
GULFAMI;22;8.11.1959;0;22
ZENISAN;22;30.2.1967;0;22
MUELLA;22;18.12.1955;0;22
GULYASEMIN;22;17.01.1968;0;22
ASIYET;22;25.02.1952;0;22
SIDRE;22;3.05.1987;0;22
MECBULE;22;16.09.1966;0;22
MELDIYE;22;17.11.1964;0;22
REKIMAN;22;18.08.1943;0;22
UZEYIME;22;10.05.1960;0;22
RUHEYDA;22;7.12.1974;0;22
HURUZAT;22;21.03.1954;0;22
PENPIS;22;12.06.1962;0;22
HATIKA;22;29.2.1954;0;22
TELIK;22;13.05.1957;0;22
NEZLE;22;8.01.1964;0;22
BESIDE;22;26.05.1967;0;22
RALE;22;6.05.1975;0;22
MINIFE;22;7.11.1966;0;22
HELME;22;21.04.1957;0;22
MAHBIP;22;7.04.1963;0;22
SINAZER;22;9.03.1951;0;22
AZGUL;22;3.11.1971;0;22
PELUZA;22;4.02.1961;0;22
TEBERUK;22;13.09.1954;0;22
MEFRUZE;22;20.01.1959;0;22
NECLIHA;22;5.06.1948;0;22
IHBAL;22;10.04.1966;0;22
SERIYYE;22;17.09.1965;0;22
GULSES;22;29.07.1970;0;22
GULNIYAZ;22;11.08.1960;0;22
GULOS;22;23.01.1963;0;22
ISTIHAR;22;26.10.1971;0;22
MAHBER;22;23.11.1955;0;22
TESVIRE;22;15.08.1952;0;22
MINGUL;22;6.11.1966;0;22
AYNIFER;22;30.10.1960;0;22
FERHANDE;22;30.11.1946;0;22
BACIYE;22;4.09.1961;0;22
HAYVA;22;6.02.1942;0;22
PELGUZAR;22;20.01.1963;0;22
NACIA;22;17.04.1958;0;22
MISLIME;22;7.07.1966;0;22
RIZKET;22;20.12.1974;0;22
AYNURHAYAT;22;24.03.1967;0;22
ASMI;22;8.10.1954;0;22
MADISAH;22;13.12.1974;0;22
AYVA;22;13.03.1964;0;22
MELTEN;22;17.05.1976;0;22
FELIHA;22;18.08.1961;0;22
ZENURA;22;19.04.1968;0;22
FIDEM;22;10.02.1979;0;22
FERICA;22;27.01.1956;0;22
AVISE;22;25.10.1950;0;22
ECLAL;22;17.01.1948;0;22
ZULFUSIYAH;22;24.09.1952;0;22
GULBAKIYE;22;17.11.1957;0;22
CHRISTA;22;28.02.1950;0;22
FEYMA;22;17.03.1972;0;22
AKIYLE;22;24.05.1963;0;22
GULMAHIYE;22;4.06.1950;0;22
SULEYME;22;26.07.1952;0;22
HASENIYE;22;25.01.1949;0;22
REMIZE;22;8.04.1958;0;22
NEVALE;22;12.05.1963;0;22
SERDE;22;20.11.1970;0;22
GULPERIHAN;22;12.07.1962;0;22
GUNNIHAR;22;25.08.1954;0;22
ISLAMIYE;22;13.03.1970;0;22
AYRIYE;22;30.09.1957;0;22
MIRADIYE;22;30.09.1954;0;22
KERIBAR;22;26.03.1964;0;22
SERICAN;22;28.12.1970;0;22
NAYIFE;22;26.10.1968;0;22
AHDER;22;5.11.1967;0;22
PUSTE;22;27.08.1951;0;22
TURNATEL;22;8.08.1962;0;22
FILLE;22;4.09.1958;0;22
BENGE;22;22.09.1959;0;22
INTIMAZ;22;23.02.1959;0;22
TAHSIME;22;19.01.1973;0;22
AZIZEGUL;22;18.09.1953;0;22
HAVIKE;22;7.07.1947;0;22
SERIFENUR;22;28.07.1976;0;22
ESILE;22;12.04.1973;0;22
DUSUZE;22;10.11.1964;0;22
CEYSU;22;12.03.1990;0;22
MEYMINE;22;13.01.1962;0;22
IMISANA;22;29.08.1959;0;22
ZEBIRHAN;22;3.03.1961;0;22
MIZYAL;22;25.02.1959;0;22
DURRIN;22;23.11.1961;0;22
TAYRIYE;22;8.02.1962;0;22
PAMPAL;22;2.11.1961;0;22
ANACIK;22;16.02.1951;0;22
SIHE;22;29.05.1961;0;22
OFA;22;27.08.1960;0;22
DILAVUZ;22;3.06.1959;0;22
RIDAH;22;24.06.1970;0;22
BERIBAN;22;7.12.1984;0;22
MUSIKE;22;28.06.1958;0;22
KAMSIYE;22;25.05.1953;0;22
EVENUR;22;24.07.1971;0;22
ITIDAL;22;15.10.1954;0;22
ULLUYE;22;10.03.1964;0;22
GALIMAN;22;20.07.1960;0;22
GEVRISAN;22;29.11.1960;0;22
EBRUNUR;22;19.01.1984;0;22
ERDOGAN;52695;10.08.1968;52674;21
NEJDET;9528;15.07.1968;9507;21
MENDUH;3318;3.08.1971;3297;21
TUGAY;3092;7.08.1981;3071;21
OKAY;2509;27.02.1977;2488;21
ERDIN;1100;17.10.1970;1079;21
HURSUT;902;3.09.1956;881;21
HAKVERDI;619;26.09.1964;598;21
BALI;543;28.05.1963;522;21
ATES;508;1.02.1968;487;21
DOGU;452;3.12.1977;431;21
SANVER;364;27.09.1968;343;21
BERKIN;272;22.02.1985;251;21
AFIF;254;24.04.1970;233;21
CANFER;229;29.01.1965;208;21
AKAR;180;29.12.1973;159;21
DUR;163;4.03.1957;142;21
BERZAN;151;16.05.1978;130;21
ASRI;143;16.10.1962;122;21
ERIS;135;23.11.1974;114;21
NEBATI;122;3.02.1965;101;21
ERSU;93;14.10.1978;72;21
GENCE;71;13.12.1976;50;21
SANAL;70;23.12.1957;49;21
SITDIK;68;19.06.1964;47;21
EMLIHAN;56;21.06.1966;35;21
FERRAHI;55;14.08.1973;34;21
KERVAN;51;25.11.1977;30;21
TAKDIR;50;6.01.1973;29;21
SEVRAN;49;15.05.1974;28;21
SENKAL;49;13.01.1963;28;21
YURTSEV;47;28.12.1971;26;21
ZENUR;38;18.05.1971;17;21
YANAR;38;21.11.1967;17;21
HEJA;37;10.06.1986;16;21
HEDAYET;36;5.10.1964;15;21
RONAY;35;30.04.1986;14;21
DERAN;34;12.05.1981;13;21
SOZDAR;32;14.11.1989;11;21
ECRIN;31;11.02.1986;10;21
MAMAS;31;4.09.1958;10;21
ETIK;30;4.01.1950;9;21
EVSIN;30;10.02.1977;9;21
EMRU;30;23.02.1981;9;21
EVREM;29;15.04.1980;8;21
HISIN;29;16.04.1960;8;21
HISA;27;17.08.1965;6;21
MIRZADE;27;27.08.1965;6;21
YEDIGAR;27;17.05.1971;6;21
SUCAN;26;10.06.1978;5;21
MUSAVER;26;17.05.1959;5;21
ULCAN;26;23.06.1964;5;21
MUDESSER;26;6.05.1952;5;21
REMIN;26;30.12.1964;5;21
KAMET;26;21.01.1967;5;21
ASRIN;26;15.04.1980;5;21
TERIM;26;24.05.1956;5;21
GURGUL;25;23.02.1965;4;21
MUBEYYIN;25;15.07.1951;4;21
YULET;25;22.12.1983;4;21
EBRUHAN;24;29.10.1980;3;21
URUF;24;6.04.1959;3;21
CANSES;24;5.02.1975;3;21
MELA;24;25.10.1959;3;21
KEVO;24;19.10.1932;3;21
BENDA;23;25.12.1973;2;21
HULAY;22;19.06.1973;1;21
AYSEV;22;24.07.1974;1;21
TILLI;22;10.10.1950;1;21
ADULA;22;15.04.1965;1;21
SUHER;22;26.01.1977;1;21
HECO;22;1.09.1943;1;21
CINNET;22;7.11.1970;1;21
MINET;22;13.05.1970;1;21
DILNAVAZ;22;13.09.1966;1;21
SIYAFET;22;12.06.1968;1;21
HIKAYET;22;18.03.1953;1;21
HICABE;22;14.07.1956;1;21
SANDAL;22;1.10.1958;1;21
SAHMELEK;22;9.11.1962;1;21
MAHGUL;22;6.10.1958;1;21
TUBAG;22;15.12.1978;1;21
TURUC;22;6.11.1958;1;21
ZIBEL;22;14.06.1973;1;21
EGLEM;22;24.06.1980;1;21
SECME;22;11.03.1969;1;21
MEDIHAT;22;12.02.1966;1;21
SEREP;22;8.07.1978;1;21
GULSI;22;18.11.1956;1;21
NEZVER;22;24.02.1965;1;21
SURRIYE;22;24.09.1960;1;21
GUNSEV;22;29.06.1963;1;21
FILIZER;22;7.04.1968;1;21
MIREL;22;21.04.1980;1;21
HAMKA;22;6.02.1951;1;21
SERMEN;22;5.12.1964;1;21
CIGIL;22;22.10.1982;1;21
ESEY;21;26.09.1948;0;21
GULALE;21;23.09.1964;0;21
AVIDE;21;19.12.1961;0;21
MASUDE;21;5.09.1972;0;21
MEHRIZAT;21;4.04.1960;0;21
SAMURE;21;7.11.1953;0;21
FATMAI;21;27.09.1944;0;21
RANEY;21;25.11.1952;0;21
GIZLEM;21;20.11.1985;0;21
HAFISA;21;15.09.1954;0;21
MEZRUKA;21;13.05.1947;0;21
SUMERRA;21;23.10.1981;0;21
FARIHA;21;12.12.1967;0;21
ZENAN;21;29.04.1963;0;21
HAFE;21;26.09.1961;0;21
MEDIYHA;21;24.05.1960;0;21
MUKKADDER;21;22.03.1978;0;21
FAKIRE;21;27.06.1960;0;21
FIRIZE;21;30.08.1959;0;21
NADA;21;11.11.1970;0;21
SEMIAT;21;22.08.1966;0;21
SUMAYYA;21;27.11.1979;0;21
RUVEYLA;21;25.01.1966;0;21
RIYHAN;21;22.02.1957;0;21
BENEFSI;21;6.02.1948;0;21
MESUDA;21;6.12.1966;0;21
EKRIME;21;10.09.1965;0;21
BELHI;21;9.10.1952;0;21
SILTANI;21;26.03.1969;0;21
ZEMI;21;6.03.1959;0;21
GULHUN;21;3.10.1974;0;21
PERDI;21;12.07.1956;0;21
SEFYA;21;25.11.1961;0;21
HURE;21;2.12.1948;0;21
MAKIYE;21;10.01.1964;0;21
MIYASI;21;23.06.1957;0;21
YESMIN;21;18.04.1962;0;21
IBRIZE;21;22.01.1969;0;21
YUMNA;21;18.12.1981;0;21
ZIBEYDE;21;14.08.1965;0;21
MERVET;21;5.07.1975;0;21
LILYAN;21;7.08.1966;0;21
FEYZE;21;16.01.1975;0;21
ESIDE;21;30.12.1962;0;21
KEDRIYE;21;30.04.1965;0;21
SUMA;21;30.04.1966;0;21
GULTEM;21;6.05.1971;0;21
ZUMRETTE;21;29.05.1964;0;21
MURUYET;21;7.07.1963;0;21
NEZIBE;21;2.02.1962;0;21
NEFIA;21;18.12.1965;0;21
SELMIYAN;21;22.12.1953;0;21
DIRAHSAN;21;1.07.1953;0;21
NERGIL;21;10.01.1970;0;21
SUHELA;21;19.12.1960;0;21
HAYTAN;21;2.05.1948;0;21
SAHARNAZ;21;3.06.1951;0;21
HULUSE;21;11.11.1957;0;21
SULUM;21;27.06.1955;0;21
SADIHA;21;29.02.1960;0;21
MAFIZER;21;25.03.1962;0;21
RENGINUR;21;16.01.1972;0;21
BELGUZEL;21;22.01.1961;0;21
GULZADIYE;21;4.05.1961;0;21
KAMILIYE;21;19.01.1960;0;21
SECIA;21;16.07.1966;0;21
GULEZ;21;15.10.1964;0;21
ZEYNETIYE;21;16.08.1955;0;21
MAHPER;21;10.02.1962;0;21
SATUMAN;21;16.05.1953;0;21
UGURSEN;21;21.11.1963;0;21
MUZKAN;21;23.05.1954;0;21
KETAIN;21;4.02.1953;0;21
SAHINEZ;21;15.05.1963;0;21
GULPENPE;21;27.12.1959;0;21
EMILIA;21;25.11.1971;0;21
HALISER;21;29.07.1972;0;21
ANN;21;19.04.1961;0;21
DURSAGUL;21;28.12.1968;0;21
FAYZE;21;7.07.1971;0;21
MEVZUNE;21;11.08.1953;0;21
NEIRE;21;9.11.1948;0;21
ARZUNUR;21;15.02.1982;0;21
SIFANAZ;21;15.11.1955;0;21
GULERHAN;21;25.10.1968;0;21
VECAHET;21;19.01.1942;0;21
TAYIFE;21;28.08.1970;0;21
ULFIDE;21;11.05.1945;0;21
NILGUR;21;29.11.1971;0;21
BELGIS;21;20.06.1959;0;21
NARHATUN;21;19.10.1955;0;21
HEMDINE;21;2.05.1968;0;21
MEVLUK;21;27.04.1967;0;21
SERIFENAZ;21;6.06.1972;0;21
ZENNI;21;3.04.1962;0;21
SUNDUSE;21;7.08.1960;0;21
ADNIYE;21;24.09.1962;0;21
SEVRE;21;25.11.1969;0;21
NAZAGUL;21;10.03.1967;0;21
NAZUK;21;26.11.1952;0;21
AFINAZ;21;12.06.1954;0;21
MUADDEL;21;21.10.1947;0;21
NUTKUYA;21;10.07.1968;0;21
SUBUYAN;21;30.05.1961;0;21
MAHPERUZ;21;18.11.1950;0;21
GULBIKE;21;8.11.1975;0;21
YAYLACI;21;9.12.1960;0;21
DEFINE;21;17.07.1973;0;21
ZENGUL;21;24.08.1960;0;21
EVNIYE;21;7.03.1963;0;21
EMATULLAH;21;24.11.1959;0;21
AHUZER;21;4.04.1973;0;21
NARIGUL;21;23.09.1963;0;21
NUFUDE;21;11.12.1961;0;21
IRAS;21;28.05.1960;0;21
NURUBET;21;4.09.1961;0;21
GULHATIR;21;28.07.1953;0;21
FEYMIYE;21;6.04.1961;0;21
ADIKA;21;29.06.1960;0;21
MUBERREM;21;29.08.1959;0;21
SELDANUR;21;29.07.1981;0;21
KURDELE;21;9.05.1966;0;21
NURAYAT;21;10.02.1965;0;21
SERISTAN;21;5.06.1965;0;21
NURSULTAN;21;15.05.1980;0;21
MUGATTES;21;3.09.1965;0;21
MAHFIYE;21;7.04.1970;0;21
MOHSINE;21;29.03.1955;0;21
HUMRIYE;21;5.03.1961;0;21
AYNALHAYAT;21;25.07.1956;0;21
MENSUBE;21;7.10.1966;0;21
ZUMRETA;21;29.01.1968;0;21
HAYILE;21;10.01.1966;0;21
GULTERI;21;27.11.1955;0;21
KOFI;21;2.08.1961;0;21
RANIYE;21;8.11.1966;0;21
MIRARIHAN;21;20.06.1967;0;21
SEHRENAZ;21;15.10.1965;0;21
LEYLIHAN;21;5.04.1956;0;21
RAHIZE;21;7.12.1961;0;21
NIAM;21;4.09.1957;0;21
GULEYCAN;21;11.03.1985;0;21
MIHRINISA;21;22.12.1953;0;21
HANIMAYSE;21;26.01.1960;0;21
JULIE;21;14.03.1972;0;21
MELSA;21;13.12.1983;0;21
SEVGISUN;21;16.12.1954;0;21
BERIHA;21;8.11.1955;0;21
BEYYI;21;1.11.1947;0;21
GOLER;21;21.03.1961;0;21
OMERIYE;21;13.09.1959;0;21
NICOLE;21;5.01.1977;0;21
HEVISE;21;13.03.1963;0;21
NAGAN;21;18.08.1968;0;21
RABIAT;21;17.08.1942;0;21
NURIZAN;21;30.07.1950;0;21
LILFER;21;16.02.1964;0;21
HEREMSIYA;21;4.03.1972;0;21
SERBINAZ;21;17.05.1969;0;21
SEHELNAZ;21;24.11.1976;0;21
BEDRICEMAL;21;26.09.1963;0;21
MURVETE;21;13.02.1967;0;21
SELPIN;21;11.01.1965;0;21
NEHLA;21;24.10.1964;0;21
HANNENE;21;22.07.1944;0;21
SEBUHA;21;20.02.1980;0;21
MULKICIHAN;21;6.09.1961;0;21
ZERMAN;21;6.07.1964;0;21
HURUSER;21;24.04.1952;0;21
ZALLE;21;27.07.1954;0;21
MIHIBE;21;3.10.1967;0;21
AYNISA;21;18.12.1956;0;21
TEHLILE;21;17.03.1956;0;21
NEBIE;21;2.06.1964;0;21
DURDANA;21;27.04.1967;0;21
ESEGUL;21;7.05.1976;0;21
RIKIYE;21;12.03.1958;0;21
SIMITEN;21;19.11.1951;0;21
LEYAL;21;13.11.1972;0;21
GARRA;21;23.11.1964;0;21
LEYMON;21;2.01.1965;0;21
ZAREMA;21;22.01.1975;0;21
BEATRIS;21;15.04.1954;0;21
MESTURIYE;21;22.10.1964;0;21
MUSAFFE;21;16.03.1957;0;21
PARASKEVI;21;30.11.1947;0;21
AHILE;21;1.07.1965;0;21
FIYETLI;21;1.09.1960;0;21
BAHRI;23221;2.05.1962;23201;20
SABAHATTIN;17655;4.01.1965;17635;20
ISLAM;6437;9.05.1972;6417;20
MUKREMIN;3427;5.11.1968;3407;20
HANEFI;2377;5.07.1963;2357;20
BASAR;1615;25.06.1979;1595;20
NADI;1112;1.10.1963;1092;20
KUTAY;882;11.04.1982;862;20
KARIP;775;17.06.1956;755;20
SEMET;598;7.07.1967;578;20
HELIM;555;12.01.1963;535;20
GULBEY;531;12.06.1965;511;20
TAN;455;25.12.1975;435;20
FATIN;437;29.04.1965;417;20
CANDAS;368;18.05.1979;348;20
REFET;334;18.10.1949;314;20
UGRAS;317;11.05.1981;297;20
SEZAR;265;4.10.1972;245;20
EVGIN;202;6.02.1982;182;20
AKMAN;197;28.12.1963;177;20
MEVLAN;183;6.03.1984;163;20
SAYDAN;97;5.06.1966;77;20
YEKDA;89;4.07.1974;69;20
GURCAY;87;2.03.1974;67;20
VELICAN;79;12.05.1981;59;20
IHYA;76;24.02.1965;56;20
MEMI;73;24.12.1946;53;20
ARIS;69;20.01.1967;49;20
SEVINDIK;68;29.01.1962;48;20
ZULFO;67;7.09.1946;47;20
ISILTAN;60;15.07.1978;40;20
SAHMARAN;55;14.05.1969;35;20
SELIMHAN;54;6.10.1974;34;20
AJDAN;51;4.01.1977;31;20
EMER;48;1.09.1960;28;20
HANNE;47;12.02.1962;27;20
AHIN;43;12.12.1977;23;20
BARCIN;41;20.01.1978;21;20
UZEL;40;29.09.1962;20;20
ATEM;38;9.05.1962;18;20
ANDREA;35;9.04.1968;15;20
MUDEHER;34;24.07.1963;14;20
ATAGUL;33;12.12.1968;13;20
ESFET;31;14.03.1963;11;20
SERO;30;26.03.1948;10;20
MEVLUTHAN;30;12.02.1952;10;20
MUDEHHER;30;14.06.1959;10;20
ARSEV;29;23.04.1967;9;20
SIDAN;28;21.12.1978;8;20
NUHAL;28;21.09.1973;8;20
TANNUR;26;16.12.1967;6;20
VUSLET;25;15.08.1948;5;20
MUCERRET;24;16.05.1953;4;20
AYDO;24;27.05.1956;4;20
AVES;24;15.03.1961;4;20
SENOZ;24;5.01.1956;4;20
YENIGUN;24;7.01.1970;4;20
CIM;24;19.09.1966;4;20
AKNUR;23;9.07.1971;3;20
SURAN;23;28.09.1967;3;20
NEHARI;23;16.05.1963;3;20
IMREL;23;15.07.1967;3;20
BEYO;22;7.12.1960;2;20
SAMAR;22;20.08.1981;2;20
SENO;22;29.03.1943;2;20
GABRIELE;22;17.09.1961;2;20
MERCI;22;30.01.1953;2;20
BEGIM;22;21.10.1953;2;20
HULDA;22;21.06.1976;2;20
SEVILAN;22;7.01.1974;2;20
FUGAN;22;7.05.1966;2;20
GOVER;22;18.08.1958;2;20
FAMET;22;11.11.1967;2;20
NEDIMHAN;21;11.12.1968;1;20
TERFI;21;26.10.1954;1;20
MUZAHHER;21;22.05.1951;1;20
SEHI;21;12.12.1951;1;20
ZINO;21;9.12.1952;1;20
NIMER;21;3.03.1954;1;20
ADINE;21;3.11.1963;1;20
CUBUK;21;20.06.1943;1;20
MUHEYYA;21;2.11.1958;1;20
NEVDA;21;20.11.1977;1;20
SABAAT;21;1.01.1959;1;20
ZERDO;21;1.04.1941;1;20
TOMRUZ;21;6.07.1953;1;20
SABE;21;30.07.1961;1;20
UGEY;20;5.07.1954;0;20
SAYIFE;20;29.09.1965;0;20
HARIFE;20;12.02.1965;0;20
AYDEGUL;20;23.11.1972;0;20
VAHIYE;20;15.07.1964;0;20
GULCEK;20;5.06.1969;0;20
NONA;20;30.11.1966;0;20
GULEMDER;20;17.08.1968;0;20
HURSIDIYE;20;4.02.1960;0;20
PEREHAN;20;11.01.1963;0;20
ASMIYE;20;7.04.1967;0;20
MUSUDIYE;20;25.10.1959;0;20
HERBINAZ;20;27.08.1959;0;20
ABBASE;20;17.10.1958;0;20
ZELEHA;20;18.03.1956;0;20
TAYBAT;20;17.09.1961;0;20
MUSLIMA;20;6.03.1979;0;20
ELBIRE;20;4.03.1970;0;20
ZERGAH;20;15.04.1964;0;20
FERSE;20;3.09.1956;0;20
NECDE;20;20.11.1958;0;20
BAZIGE;20;17.10.1962;0;20
BEYRETE;20;3.11.1978;0;20
AYSETA;20;25.02.1977;0;20
KESIBE;20;29.03.1953;0;20
ZERIFI;20;22.09.1950;0;20
HUNDA;20;2.08.1982;0;20
FIDEN;20;1.02.1974;0;20
NACYA;20;30.03.1966;0;20
MUYYESSER;20;7.11.1962;0;20
MERICE;20;16.03.1967;0;20
JANA;20;22.10.1965;0;20
CEZYE;20;29.08.1970;0;20
IZGAYRE;20;9.08.1955;0;20
FIGEL;20;8.09.1971;0;20
SUMUNI;20;5.04.1948;0;20
GULCANAN;20;9.08.1972;0;20
CAKLIN;20;17.06.1969;0;20
KIRISTIN;20;30.11.1979;0;20
AYSERI;20;23.02.1962;0;20
CANIT;20;24.10.1954;0;20
NAMIA;20;19.09.1969;0;20
KASIME;20;20.10.1954;0;20
HARICE;20;13.08.1971;0;20
POLINA;20;30.08.1969;0;20
MENTIHA;20;25.05.1968;0;20
GURBIN;20;29.11.1965;0;20
ZARKA;20;3.12.1954;0;20
MUAZZAZ;20;19.09.1967;0;20
DULSA;20;6.08.1966;0;20
HANIZE;20;3.01.1971;0;20
SAFIE;20;27.12.1974;0;20
HUDIYE;20;5.06.1958;0;20
HUSNAGUL;20;12.12.1978;0;20
HULIKE;20;20.04.1969;0;20
SEHRICAN;20;11.12.1969;0;20
FADIMAANA;20;23.09.1960;0;20
PEVRIZE;20;11.04.1961;0;20
BURDE;20;14.01.1989;0;20
VALERIA;20;9.12.1970;0;20
MUEZZEZ;20;7.10.1967;0;20
HATICANA;20;17.02.1945;0;20
MINIFER;20;29.11.1967;0;20
GULACDI;20;4.11.1956;0;20
IKLAMIYE;20;27.09.1958;0;20
MESDURE;20;4.01.1965;0;20
SAYMIYE;20;14.06.1960;0;20
EFAKET;20;1.02.1962;0;20
DILFUZA;20;9.01.1979;0;20
NUSIRE;20;15.08.1951;0;20
MELAHAN;20;18.03.1961;0;20
NEZAET;20;13.01.1965;0;20
NEGUZEL;20;21.01.1960;0;20
PAULA;20;11.04.1972;0;20
ZILFAN;20;15.03.1968;0;20
ASUHAN;20;28.04.1986;0;20
GULHER;20;20.10.1961;0;20
MISET;20;8.10.1958;0;20
FERIZET;20;7.11.1960;0;20
ZELIN;20;25.07.1982;0;20
FIRDEVST;20;27.02.1961;0;20
RUHANNE;20;28.04.1970;0;20
NUHSERI;20;9.04.1949;0;20
MESMURE;20;12.05.1959;0;20
YASEME;20;23.01.1967;0;20
MUZEYHAN;20;12.04.1968;0;20
REBIHAT;20;10.05.1958;0;20
NAHSIYE;20;1.10.1957;0;20
RAGIBA;20;24.11.1951;0;20
BURCUGUL;20;28.01.1986;0;20
SELIMSAH;20;15.05.1959;0;20
CIDEN;20;26.03.1975;0;20
EMINEI;20;26.09.1938;0;20
FIDRET;20;1.05.1958;0;20
MURVER;20;3.02.1958;0;20
GULESME;20;26.11.1958;0;20
NARDAGUL;20;26.05.1968;0;20
SAIYE;20;15.07.1958;0;20
SERIME;20;5.09.1957;0;20
ELVADA;20;11.08.1964;0;20
LYUDMILA;20;1.11.1972;0;20
MUESSEL;20;19.03.1959;0;20
TEYFIYE;20;17.04.1957;0;20
ULUZGAR;20;22.11.1967;0;20
AYNIHAN;20;13.06.1957;0;20
GULSERER;20;30.10.1959;0;20
KEBIHAN;20;29.11.1966;0;20
SAYBA;20;25.03.1967;0;20
CLAIRE;20;8.04.1973;0;20
SEFTALI;20;11.10.1960;0;20
CESMENAZ;20;4.02.1966;0;20
FIRUZA;20;16.10.1972;0;20
SEDAGAT;20;23.02.1962;0;20
ACILE;20;7.10.1966;0;20
NEZIAT;20;18.09.1960;0;20
SUNUYE;20;7.06.1958;0;20
GULDEMIN;20;26.06.1962;0;20
HALISET;20;18.05.1961;0;20
CEVZAN;20;25.01.1952;0;20
ATIGE;20;28.04.1958;0;20
VEZIFE;20;19.06.1967;0;20
FERIZADE;20;4.02.1969;0;20
ZEYLA;20;29.06.1968;0;20
OLESYA;20;15.08.1980;0;20
GERDA;20;9.12.1949;0;20
AURICA;20;22.11.1972;0;20
GOHAR;20;5.09.1955;0;20
NATAVAN;20;1.05.1973;0;20
ZHANNA;20;24.05.1974;0;20
SENGI;20;19.06.1947;0;20
RINDAN;20;15.04.1958;0;20
SURAHIYE;20;22.09.1965;0;20
MERUSAH;20;25.06.1971;0;20
SELBET;20;10.03.1967;0;20
BEDIULCEMAL;20;6.11.1949;0;20
FAIZER;20;24.01.1961;0;20
TORIYE;20;22.01.1959;0;20
BADIA;20;9.04.1970;0;20
GULAISE;20;22.10.1936;0;20
NIFSICAN;20;11.06.1965;0;20
ZEBILE;20;5.10.1962;0;20
TAMINE;20;24.07.1967;0;20
NEFISA;20;21.01.1975;0;20
SERMELEK;20;5.08.1963;0;20
HAFSADA;20;6.06.1956;0;20
HAFSETE;20;9.11.1973;0;20
ESFIYE;20;1.12.1963;0;20
FAIMA;20;15.09.1970;0;20
HAKIKE;20;8.11.1955;0;20
ULKUS;20;20.04.1957;0;20
ZURAFA;20;9.05.1945;0;20
GONULSEN;20;17.08.1953;0;20
BERAL;20;23.09.1969;0;20
SUTTI;20;16.04.1951;0;20
HARBINAS;20;13.08.1962;0;20
TUHFE;20;14.02.1961;0;20
EHIL;20;29.01.1967;0;20
ZERAY;20;23.11.1977;0;20
NUVEYRE;20;24.01.1953;0;20
RUYET;20;8.05.1955;0;20
MERAKZEMIN;20;22.09.1971;0;20
BEDEVNAZ;20;13.02.1973;0;20
NAFIZA;20;9.06.1950;0;20
SANSIYE;20;2.05.1972;0;20
NARGIS;20;2.01.1968;0;20
ARABIYE;20;28.04.1951;0;20
BEYDANUR;20;1.05.1979;0;20
SIMEN;20;13.12.1979;0;20
RUBA;20;1.06.1975;0;20
VENERA;20;18.02.1972;0;20
ELIFGUL;20;11.09.1980;0;20
MEHMURE;20;6.07.1957;0;20
EMSELE;20;3.07.1952;0;20
NISIYE;20;22.12.1956;0;20
FILI;20;9.12.1946;0;20
BIRDEGUL;20;23.09.1974;0;20
SUNAGUL;20;17.04.1971;0;20
NARISAN;20;27.02.1959;0;20
DILFIRIZ;20;9.10.1970;0;20
SANIE;20;1.12.1968;0;20
ZUVAL;20;9.11.1967;0;20
MERSA;20;25.09.1959;0;20
DINDI;20;29.03.1951;0;20
SALIHIYE;20;22.11.1958;0;20
PANPAL;20;1.05.1952;0;20
MAVIZE;20;27.02.1953;0;20
LEBIZE;20;19.11.1961;0;20
GUZIYDE;20;27.10.1962;0;20
AYINZILHA;20;20.05.1964;0;20
AYBIKEM;20;3.07.1971;0;20
DILFERIZ;20;30.09.1957;0;20
EFRA;20;2.04.1977;0;20
RUKOS;20;12.02.1956;0;20
HEMSIYE;20;11.09.1958;0;20
HOSADA;20;25.11.1957;0;20
HATICEDUDU;20;5.11.1945;0;20
AVATIF;20;18.02.1964;0;20
BEYRA;20;19.10.1956;0;20
FATIH;162900;11.08.1982;162881;19
MUJDAT;5319;12.02.1978;5300;19
TASKIN;3752;3.01.1975;3733;19
FEDAYI;1077;7.04.1970;1058;19
EKBER;641;6.05.1967;622;19
SALI;591;6.11.1962;572;19
ERTEM;307;29.04.1973;288;19
TULGA;114;12.03.1966;95;19
URYAN;105;29.07.1965;86;19
REHMI;83;2.08.1957;64;19
SEYDAN;77;20.11.1972;58;19
GURTAN;76;3.01.1969;57;19
AYBEK;75;14.05.1973;56;19
ONSEL;57;27.09.1973;38;19
ALPIN;56;8.08.1981;37;19
BEDRIHAN;55;7.06.1972;36;19
ASAN;55;14.04.1968;36;19
MESNA;55;4.01.1979;36;19
LIYA;55;4.02.1959;36;19
TURKEY;53;30.09.1955;34;19
BESALET;51;11.03.1949;32;19
TUGYAN;50;20.09.1971;31;19
YASEL;39;20.02.1974;20;19
GAYRET;38;13.06.1968;19;19
GURGEN;36;10.08.1966;17;19
IKMAL;35;23.06.1956;16;19
SAMUR;33;16.10.1957;14;19
SEMAYIL;32;20.04.1968;13;19
TUREN;31;21.07.1955;12;19
NURSELIM;30;24.03.1972;11;19
FERDAH;30;11.11.1969;11;19
MASAALLAH;29;16.11.1972;10;19
NURPASA;29;18.05.1958;10;19
AYDUR;29;17.04.1967;10;19
ALGUN;28;24.03.1966;9;19
GOKSELIN;28;19.10.1981;9;19
ERGULEN;28;29.10.1966;9;19
MIRICAN;27;27.01.1964;8;19
TANSEV;27;26.06.1970;8;19
GURSEV;25;5.04.1970;6;19
YURDAGUN;25;28.08.1950;6;19
HALO;24;18.01.1940;5;19
GULFI;24;26.12.1963;5;19
SEBI;24;2.05.1957;5;19
ALICE;24;28.03.1963;5;19
RESA;23;17.12.1964;4;19
MIRSEL;23;9.01.1975;4;19
MOHUP;23;5.02.1960;4;19
BIRSES;23;7.10.1970;4;19
SONTAC;23;5.08.1974;4;19
IMO;23;25.04.1950;4;19
CAMAY;22;24.05.1970;3;19
HEYAM;22;7.12.1981;3;19
SURIYYA;22;5.09.1961;3;19
MUKERRER;22;2.07.1954;3;19
GUSAN;22;21.05.1965;3;19
HANIS;22;11.05.1949;3;19
BIDAR;22;9.07.1962;3;19
DALAL;21;12.03.1957;2;19
ULKUCAN;21;27.09.1979;2;19
GULBE;21;12.06.1957;2;19
SIRNAZ;21;4.11.1959;2;19
SELDAN;21;3.01.1976;2;19
TULCAN;21;24.05.1972;2;19
NURGOL;21;9.07.1974;2;19
GOLLU;21;27.12.1954;2;19
IMYAN;21;30.2.1956;2;19
SEBAHIR;21;19.05.1964;2;19
YESARE;20;21.08.1967;1;19
BELGE;20;30.08.1969;1;19
NURZAN;20;25.03.1965;1;19
SILE;20;21.03.1973;1;19
EPRU;20;17.03.1978;1;19
KEZO;20;16.07.1950;1;19
NEHER;20;24.04.1968;1;19
NIFER;20;7.12.1965;1;19
EMNE;20;30.2.1964;1;19
BIYAZ;20;17.05.1949;1;19
ZIYSAN;20;19.08.1967;1;19
TEYNUR;20;27.07.1969;1;19
MEVAIL;20;21.12.1955;1;19
MEFRA;20;2.02.1970;1;19
ILEM;20;15.08.1972;1;19
NICOLA;20;11.03.1970;1;19
BEZEY;20;1.01.1946;1;19
ALEY;20;24.01.1957;1;19
KULAY;20;24.07.1960;1;19
GULFAHRI;20;29.06.1948;1;19
GULDIKEN;20;18.05.1967;1;19
ELIGUL;20;5.04.1951;1;19
IMREHAN;20;9.12.1966;1;19
ILKSEVEN;20;11.03.1972;1;19
FURIZAN;20;3.07.1970;1;19
BENIL;20;8.01.1982;1;19
AKBEN;20;15.07.1981;1;19
NEVUM;20;5.02.1969;1;19
KIMYE;20;7.03.1956;1;19
HAVEY;19;11.06.1952;0;19
LIMUN;19;13.03.1960;0;19
KINEY;19;21.03.1956;0;19
MISRIKA;19;19.01.1967;0;19
IPAR;19;10.04.1976;0;19
ASFIYE;19;27.05.1962;0;19
GURCUHAN;19;27.11.1971;0;19
ZUHURIYE;19;13.02.1963;0;19
ZOBEYDE;19;26.12.1970;0;19
ALENUR;19;4.09.1968;0;19
SUMMIYE;19;29.01.1980;0;19
MURRUVVET;19;11.08.1955;0;19
MUKKADDES;19;24.02.1973;0;19
BASIRET;19;14.06.1969;0;19
MUNIRYE;19;21.03.1968;0;19
ZUHURE;19;3.05.1962;0;19
MEYREMHAN;19;25.12.1972;0;19
MEVLUDA;19;2.01.1965;0;19
GOLTEN;19;7.10.1962;0;19
HAVLET;19;3.10.1965;0;19
GULSEME;19;29.04.1972;0;19
FAYLA;19;9.08.1970;0;19
LIBYA;19;14.08.1978;0;19
CECANE;19;25.09.1966;0;19
LEVHA;19;19.09.1972;0;19
GULCINI;19;28.04.1963;0;19
GADE;19;27.08.1972;0;19
HUCEYLE;19;29.12.1964;0;19
HEDRA;19;15.02.1968;0;19
HITTI;19;19.09.1944;0;19
IKRAME;19;12.05.1961;0;19
DORINA;19;7.09.1974;0;19
NAZLIYA;19;1.05.1959;0;19
SAYFA;19;21.12.1972;0;19
KANIE;19;3.11.1972;0;19
IZHEYYE;19;21.11.1965;0;19
AZZE;19;18.09.1959;0;19
TEMIZE;19;25.08.1956;0;19
UZLEM;19;4.09.1982;0;19
FARKIYE;19;28.03.1970;0;19
SULYAN;19;23.02.1976;0;19
GABRIELLA;19;16.10.1975;0;19
NADIHE;19;7.05.1970;0;19
GAYYA;19;25.12.1945;0;19
NADIRA;19;17.01.1959;0;19
VEZNIYE;19;24.12.1953;0;19
MELEKIYE;19;15.07.1960;0;19
KAHLA;19;8.06.1951;0;19
HEYFE;19;25.08.1970;0;19
UZGUL;19;29.09.1972;0;19
CESIKA;19;11.11.1981;0;19
IRIHAN;19;8.09.1960;0;19
NESI;19;29.11.1952;0;19
NEZIZE;19;4.05.1959;0;19
GULZAHIDE;19;10.01.1968;0;19
BAHSEN;19;19.11.1975;0;19
RUHTEN;19;24.07.1959;0;19
CEMINUR;19;21.08.1965;0;19
MUBEYLA;19;4.11.1961;0;19
GULFEZA;19;10.05.1963;0;19
TANIA;19;10.04.1970;0;19
VUSALE;19;4.04.1980;0;19
CECILYA;19;9.12.1987;0;19
CEVALIYE;19;24.02.1966;0;19
FIKRETE;19;30.12.1949;0;19
KILAPTAN;19;15.06.1947;0;19
ELVEDAG;19;6.10.1949;0;19
YILDANUR;19;6.06.1962;0;19
UMRUHAN;19;24.09.1976;0;19
KATIBIYE;19;26.08.1964;0;19
MAKGULE;19;18.10.1960;0;19
KULSUM;19;8.12.1947;0;19
SATICE;19;25.07.1974;0;19
MUHSINIYE;19;22.04.1965;0;19
SEHIMAN;19;3.02.1963;0;19
GULLEYLA;19;6.02.1967;0;19
SUMERYE;19;25.12.1979;0;19
FEKIYE;19;27.05.1959;0;19
VAZILET;19;11.08.1956;0;19
FERIKE;19;16.07.1953;0;19
HINAYET;19;4.02.1973;0;19
NEVIDAN;19;23.11.1967;0;19
MEHRIBAL;19;26.02.1968;0;19
GULENDA;19;26.09.1968;0;19
SERUZE;19;25.06.1952;0;19
IFRIGUL;19;18.06.1962;0;19
ELIFNAZ;19;24.04.1969;0;19
SEFERNAZ;19;18.01.1960;0;19
MUKET;19;14.07.1970;0;19
NURHATUN;19;23.08.1970;0;19
NUTVIYE;19;1.01.1955;0;19
NAZINUR;19;5.10.1951;0;19
ILKIYE;19;19.03.1969;0;19
AYETE;19;4.01.1953;0;19
MAKMILE;19;22.01.1955;0;19
SUBIYAN;19;12.12.1959;0;19
ESAY;19;10.06.1970;0;19
SAHSIMET;19;26.03.1962;0;19
DUNE;19;22.01.1941;0;19
HECE;19;23.06.1970;0;19
EBRISIM;19;12.11.1955;0;19
UZULE;19;29.11.1966;0;19
MENSIRE;19;18.05.1965;0;19
ASURA;19;18.11.1955;0;19
MESKURIYE;19;25.06.1953;0;19
ASIYYE;19;30.10.1955;0;19
SAYKIYE;19;17.03.1948;0;19
SERVIL;19;29.05.1970;0;19
ZULIDE;19;5.12.1965;0;19
MEZMURE;19;25.11.1954;0;19
HADIDE;19;28.01.1958;0;19
ZULUCE;19;24.11.1959;0;19
PERIYHAN;19;17.05.1962;0;19
GULOYA;19;16.09.1976;0;19
YURTTAGUL;19;6.08.1958;0;19
MUSEMBE;19;10.08.1956;0;19
BERYA;19;23.02.1978;0;19
MAUS;19;20.10.1959;0;19
SEMRAGUL;19;4.11.1974;0;19
DONEGUL;19;17.09.1979;0;19
SUDEN;19;26.10.1965;0;19
SEFTEN;19;2.05.1955;0;19
ELMAHAN;19;29.11.1970;0;19
DULDANE;19;16.07.1957;0;19
MAZLUMSAH;19;7.06.1949;0;19
MEFFARET;19;13.09.1963;0;19
SAHDURNA;19;4.01.1971;0;19
PIRENSES;19;19.04.1978;0;19
MERMIYE;19;8.09.1952;0;19
GULAZER;19;12.07.1967;0;19
ZULCAN;19;12.02.1961;0;19
AYNURA;19;4.08.1977;0;19
EMIGUL;19;8.03.1965;0;19
SAYRIYE;19;7.07.1967;0;19
MIGE;19;20.01.1977;0;19
NAIRE;19;21.12.1950;0;19
MAHFURE;19;8.05.1965;0;19
KIZLARHANIM;19;29.08.1955;0;19
ZAMBAK;19;7.05.1962;0;19
BESMA;19;3.03.1972;0;19
MAHCEBIN;19;18.05.1961;0;19
SINANPERI;19;19.05.1958;0;19
MUYYESER;19;11.05.1966;0;19
KENDI;19;8.12.1967;0;19
NEZIMA;19;3.01.1966;0;19
MEHDIYA;19;21.11.1974;0;19
AYLIZ;19;1.07.1981;0;19
FEDIDE;19;23.10.1956;0;19
SAMIZAR;19;26.01.1957;0;19
SINEMPERI;19;20.04.1969;0;19
MEDISAH;19;4.05.1964;0;19
VASIDE;19;10.04.1957;0;19
HEMSIRE;19;13.11.1971;0;19
SEVIMNAZ;19;4.02.1964;0;19
DILNAZ;19;12.10.1972;0;19
GULCEYLAN;19;2.11.1969;0;19
SARABAN;19;12.12.1958;0;19
AYCANUR;19;13.06.1986;0;19
ZAYIFE;19;5.04.1964;0;19
MEVLIS;19;22.05.1960;0;19
SEIMA;19;20.06.1980;0;19
AZIFE;19;2.09.1965;0;19
FISON;19;26.06.1966;0;19
GULLUYASA;19;1.02.1961;0;19
HACRA;19;24.05.1968;0;19
MIMOZA;19;19.07.1975;0;19
ZURAFET;19;4.03.1955;0;19
ORHANIYE;19;25.07.1953;0;19
KIBARI;19;8.11.1948;0;19
MEHUBE;19;11.10.1974;0;19
ALKIZ;19;9.11.1945;0;19
NAZIYFE;19;7.07.1965;0;19
SEMURA;19;1.03.1969;0;19
GULSIDE;19;18.03.1957;0;19
SELGUL;19;2.09.1971;0;19
BAHADIYE;19;21.09.1971;0;19
NEVIKE;19;27.12.1963;0;19
GULAMBER;19;15.03.1968;0;19
RIZADE;19;22.10.1951;0;19
SERIFZADE;19;28.05.1955;0;19
ZAKIRIYE;19;13.05.1967;0;19
AYTURE;19;17.08.1953;0;19
EMZADIYE;19;24.08.1954;0;19
CEMALFER;19;17.12.1958;0;19
RUBASE;19;26.12.1958;0;19
CEZIRE;19;28.01.1963;0;19
SEHLIYA;19;24.04.1979;0;19
GULUZER;19;12.04.1965;0;19
MIYASET;19;14.08.1974;0;19
SECMEGUL;19;17.01.1971;0;19
HAKLIMA;19;15.03.1964;0;19
KABILE;19;19.04.1970;0;19
NAKIDE;19;16.12.1855;0;19
OYLUN;19;7.09.1977;0;19
LEKER;19;12.07.1959;0;19
RAUFE;19;26.11.1950;0;19
NURGULER;19;30.06.1964;0;19
MENENDE;19;26.11.1956;0;19
SINEHANIM;19;11.08.1948;0;19
MUSEFFA;19;13.01.1959;0;19
KIRMISIYA;19;23.02.1960;0;19
GULDILEK;19;23.03.1980;0;19
PEMBIS;19;4.06.1956;0;19
NERMIGUL;19;12.05.1964;0;19
ZULUS;19;5.09.1952;0;19
CUVERIYE;19;15.04.1962;0;19
ZIHSAN;19;1.07.1966;0;19
FALIHA;19;2.06.1947;0;19
MUSKA;19;7.10.1945;0;19
FURDOS;19;13.10.1960;0;19
YADE;19;24.03.1980;0;19
DURRUYE;19;7.07.1948;0;19
KAHRIBAN;19;24.05.1962;0;19
AVUS;19;1.09.1946;0;19
TARA;19;26.10.1986;0;19
MEKE;19;5.07.1974;0;19
SEMZIYE;19;28.10.1955;0;19
SULUYE;19;7.01.1960;0;19
KEVSERE;19;15.11.1955;0;19
NEIMA;19;9.10.1945;0;19
IRENE;19;1.10.1959;0;19
CORNELIA;19;12.02.1969;0;19
MELINDA;19;2.09.1983;0;19
EREBIYE;19;10.12.1960;0;19
LAIHA;19;1.02.1968;0;19
RABE;19;11.06.1963;0;19
VALERIE;19;20.05.1962;0;19
SAFAKNUR;19;18.10.1965;0;19
MEYLIN;19;14.01.1984;0;19
ZIHNETI;19;23.12.1955;0;19
ISMINAS;19;14.09.1962;0;19
SILVANA;19;24.12.1971;0;19
SAA;19;4.09.1968;0;19
ZEKI;72870;24.12.1966;72852;18
ADNAN;65586;7.07.1971;65568;18
ZEKERIYA;29477;30.12.1966;29459;18
MUCAHIT;11583;19.07.1977;11565;18
BESIM;3311;24.08.1963;3293;18
UMMET;3292;12.12.1969;3274;18
KALENDER;1607;12.02.1966;1589;18
ALTUG;1509;6.10.1979;1491;18
GAZANFER;903;18.01.1967;885;18
A.;412;8.05.1952;394;18
RUMI;339;23.03.1958;321;18
HUSRET;305;4.01.1973;287;18
ERDAN;304;28.05.1964;286;18
BAYCAN;285;9.05.1977;267;18
ERDIL;274;15.09.1974;256;18
IDAN;256;2.04.1963;238;18
TECELLI;188;22.09.1972;170;18
ORCAN;146;28.08.1975;128;18
MUHIP;136;3.07.1959;118;18
ONGUN;132;26.02.1977;114;18
ERZADE;122;28.09.1962;104;18
EDIS;107;17.04.1973;89;18
MIRO;102;20.06.1945;84;18
MALIKI;96;1.10.1970;78;18
SEDI;85;25.11.1959;67;18
ONCAY;79;7.04.1974;61;18
MENGU;67;5.02.1971;49;18
KOKSEL;61;18.10.1964;43;18
SUMEN;55;1.05.1970;37;18
EVRENSEL;52;26.02.1971;34;18
HALI;49;6.05.1957;31;18
EMREM;47;14.07.1973;29;18
GOKDEN;46;21.07.1978;28;18
YAKAR;43;24.08.1961;25;18
IBAZEL;42;20.09.1963;24;18
AYGOR;42;1.04.1963;24;18
AKKUS;39;5.11.1956;21;18
SERPER;37;16.01.1966;19;18
BELGIYA;36;7.10.1958;18;18
TURKUN;35;25.12.1963;17;18
NAMZET;32;16.11.1965;14;18
TURKSAN;31;24.02.1965;13;18
GUDURET;30;25.11.1968;12;18
BAHIT;29;19.01.1965;11;18
CEMO;28;15.06.1960;10;18
EMBER;28;30.10.1966;10;18
SURAYI;28;6.12.1966;10;18
SALIS;27;28.02.1954;9;18
KUMRAN;26;7.02.1970;8;18
NICE;26;22.12.1980;8;18
NURSAD;25;3.05.1975;7;18
YONEL;25;17.04.1971;7;18
ISI;24;20.07.1940;6;18
KEBAN;24;25.10.1974;6;18
BAGLAN;24;13.03.1972;6;18
FIZAN;24;21.09.1960;6;18
CEMIS;23;8.09.1959;5;18
BURCUHAN;23;8.01.1982;5;18
SIRAL;23;17.11.1962;5;18
CANCAN;23;10.02.1972;5;18
ORGUL;23;1.05.1975;5;18
SERINCAN;23;5.09.1968;5;18
ELDEM;23;24.10.1982;5;18
GUMRAL;23;15.01.1962;5;18
SEVTAC;22;19.03.1978;4;18
ENGINAY;22;4.07.1973;4;18
SENSEL;22;1.07.1961;4;18
MIRA;22;27.08.1965;4;18
MUTAZIM;22;30.04.1975;4;18
SEDO;21;16.02.1949;3;18
MUHRET;21;10.10.1963;3;18
REVAYET;21;28.03.1962;3;18
ILKSER;21;15.02.1972;3;18
GULDEMIR;21;21.05.1957;3;18
MANI;21;6.01.1965;3;18
MEDENIYET;21;7.04.1968;3;18
MUAYYEN;20;4.01.1962;2;18
SEHAN;20;27.03.1970;2;18
NIGDA;20;26.12.1983;2;18
SENGAL;20;24.01.1955;2;18
NAZEM;20;24.09.1969;2;18
KUFI;20;27.04.1953;2;18
ZADET;20;25.09.1955;2;18
EVINC;20;3.05.1963;2;18
TEVEKGUL;19;24.05.1971;1;18
BIRICAN;19;24.10.1975;1;18
BEDA;19;17.11.1974;1;18
ZEYLAN;19;3.03.1965;1;18
FENERI;19;28.07.1965;1;18
HUSNET;19;26.03.1953;1;18
GULSELIM;19;12.08.1961;1;18
BEDAHAT;19;15.04.1948;1;18
MUZAFET;19;10.12.1950;1;18
LAL;19;13.01.1971;1;18
BERKIZ;19;30.11.1965;1;18
KASI;19;20.01.1960;1;18
MALIHA;19;21.12.1967;1;18
BUKEM;19;23.05.1978;1;18
HIDRA;19;21.07.1952;1;18
PIRNUR;19;1.10.1969;1;18
BEYLEM;19;12.11.1981;1;18
LUSYEN;19;15.01.1964;1;18
IMRAY;19;17.01.1980;1;18
SEMINER;19;16.06.1970;1;18
IMRAHAN;19;12.09.1972;1;18
HURDA;19;29.07.1951;1;18
EVLA;19;29.09.1978;1;18
UVES;19;21.05.1956;1;18
FATHAN;19;10.08.1953;1;18
NURHAYET;18;1.05.1968;0;18
MADET;18;27.05.1971;0;18
ZAIRA;18;20.05.1972;0;18
BERFEY;18;20.05.1952;0;18
VIOLET;18;21.05.1960;0;18
FATIMEI;18;25.09.1957;0;18
NURISIK;18;12.04.1977;0;18
GULNIDA;18;19.10.1975;0;18
MAHBARE;18;5.12.1963;0;18
ILGINAY;18;22.05.1969;0;18
EMINENUR;18;12.10.1980;0;18
ZULBENT;18;21.04.1970;0;18
MAHFIRUZ;18;9.01.1956;0;18
CANEV;18;27.04.1971;0;18
VIRJIN;18;27.01.1944;0;18
KIZEY;18;20.12.1947;0;18
HATIMA;18;29.04.1959;0;18
GULLAR;18;22.04.1962;0;18
MERDINE;18;10.05.1957;0;18
MEDYE;18;14.07.1979;0;18
ESIBE;18;17.10.1972;0;18
AFRE;18;16.01.1966;0;18
MAAZEZ;18;13.10.1975;0;18
REVHIYE;18;21.12.1973;0;18
MIZGINE;18;3.01.1980;0;18
FELEKE;18;7.10.1966;0;18
FARAHDIBA;18;22.09.1971;0;18
EYSAL;18;28.11.1964;0;18
GOLE;18;2.11.1956;0;18
HARMA;18;2.02.1956;0;18
HATKE;18;12.09.1968;0;18
FERHIYE;18;24.08.1954;0;18
MUNAVVAR;18;13.06.1977;0;18
ASRA;18;6.05.1975;0;18
SEFYETE;18;5.01.1973;0;18
MUNNEVER;18;16.06.1968;0;18
HELE;18;1.03.1978;0;18
NEDVE;18;16.08.1962;0;18
MESRUDE;18;5.11.1957;0;18
RADIYA;18;3.11.1973;0;18
AYSENI;18;15.12.1958;0;18
GULBIYA;18;27.08.1960;0;18
DALALI;18;26.08.1946;0;18
ROZE;18;28.04.1954;0;18
SUAYLA;18;17.11.1964;0;18
NISRIN;18;15.11.1979;0;18
CABIRE;18;6.08.1960;0;18
RAKIYETE;18;1.07.1976;0;18
GAZE;18;24.08.1950;0;18
NURHEYAT;18;4.10.1957;0;18
HEREMSIYE;18;13.08.1972;0;18
BEHRIVAN;18;2.02.1987;0;18
NAKIRE;18;10.06.1960;0;18
MURAYET;18;10.10.1958;0;18
ORU;18;16.10.1953;0;18
GULFERAY;18;24.06.1977;0;18
MEYDA;18;30.12.1969;0;18
DUYGUNUR;18;5.08.1987;0;18
NECGUL;18;18.03.1968;0;18
HURUZET;18;18.04.1961;0;18
GADIFE;18;15.06.1962;0;18
NERDEGUL;18;18.01.1970;0;18
CEMALIFE;18;6.04.1956;0;18
DUNDU;18;26.04.1960;0;18
MUHAZZEZ;18;22.11.1966;0;18
IKSANE;18;18.08.1968;0;18
SEREFGUL;18;27.09.1973;0;18
HUNKARE;18;21.10.1950;0;18
LEYLIMAN;18;24.12.1963;0;18
SECIME;18;26.06.1963;0;18
TILA;18;20.02.1981;0;18
MEZRUFE;18;3.11.1946;0;18
RACIA;18;13.07.1956;0;18
SUHADE;18;18.04.1962;0;18
HATUNA;18;16.12.1965;0;18
ZEYNISAN;18;4.12.1964;0;18
BEICE;18;7.03.1962;0;18
NEMUNE;18;11.04.1959;0;18
SUFE;18;28.08.1953;0;18
SAHSANE;18;17.11.1960;0;18
GULSENAY;18;10.10.1976;0;18
ENDEGUL;18;10.12.1974;0;18
MELBA;18;24.06.1967;0;18
SEZAHAT;18;14.06.1958;0;18
MAHIPER;18;18.09.1951;0;18
KEZVAN;18;4.08.1975;0;18
MUYASSER;18;14.11.1969;0;18
CAMILE;18;11.09.1960;0;18
EDAMIYE;18;12.11.1967;0;18
HIJRAN;18;7.04.1973;0;18
FUZUN;18;13.01.1965;0;18
GOZDEGUL;18;4.03.1987;0;18
FADULA;18;15.03.1947;0;18
ZIKRINAZ;18;26.07.1949;0;18
MELIKIYE;18;13.10.1951;0;18
ZELIF;18;19.09.1966;0;18
NIYASER;18;15.04.1962;0;18
HASIYBE;18;26.04.1951;0;18
HURINUR;18;20.10.1973;0;18
MECDIYE;18;13.12.1954;0;18
KABIHAN;18;20.04.1961;0;18
FENZILE;18;1.11.1964;0;18
GULFURIYE;18;8.09.1959;0;18
GULFURE;18;25.09.1953;0;18
FEYRUZA;18;1.03.1961;0;18
EYNEL;18;10.07.1961;0;18
ENGINAZ;18;15.04.1966;0;18
ADIME;18;13.09.1962;0;18
KADE;18;23.01.1964;0;18
KURCU;18;14.11.1947;0;18
MUMTEHA;18;20.08.1968;0;18
ZULICE;18;13.05.1952;0;18
SEFTAP;18;21.03.1975;0;18
MUAZZET;18;30.11.1957;0;18
ZURMUT;18;21.12.1964;0;18
AKIFET;18;24.02.1963;0;18
IMDADIYE;18;28.09.1962;0;18
KIYMETE;18;1.03.1956;0;18
NATIKE;18;21.09.1964;0;18
SEVBIYE;18;1.09.1967;0;18
NUKTA;18;27.01.1957;0;18
HAVVELI;18;22.03.1963;0;18
BALKIZA;18;12.02.1960;0;18
VEZILE;18;27.04.1959;0;18
PERIGUL;18;3.04.1971;0;18
PASAGUL;18;10.01.1965;0;18
SENBIL;18;28.06.1970;0;18
MILVER;18;5.04.1961;0;18
HEYAL;18;26.08.1958;0;18
LEBIHA;18;11.08.1970;0;18
KEVIYE;18;11.04.1957;0;18
MUFRICE;18;13.09.1966;0;18
NURBAN;18;28.02.1974;0;18
BECICE;18;30.05.1968;0;18
ZUGEYRA;18;17.03.1960;0;18
HALYAZ;18;18.12.1966;0;18
NURSENE;18;24.04.1974;0;18
SAADDET;18;18.03.1971;0;18
SELVIM;18;30.07.1974;0;18
SUKURAN;18;20.04.1972;0;18
GULNESE;18;21.02.1969;0;18
SARYE;18;21.04.1969;0;18
ZEMYEZER;18;25.09.1978;0;18
PERIYA;18;7.03.1967;0;18
MIDEM;18;19.06.1958;0;18
FATMAKADIN;18;20.10.1958;0;18
BIRGUZEL;18;25.09.1969;0;18
HACURE;18;5.03.1952;0;18
BINNASIYE;18;22.04.1959;0;18
NARISAH;18;6.11.1952;0;18
GULDIYE;18;9.01.1966;0;18
FERZE;18;19.12.1965;0;18
KALBINUR;18;11.03.1981;0;18
ACIRE;18;16.05.1955;0;18
DRITA;18;8.04.1958;0;18
UMGULSUM;18;8.01.1953;0;18
MERZIDE;18;14.01.1957;0;18
HARIPSAH;18;15.09.1972;0;18
BADEMGUL;18;18.12.1971;0;18
TULIZ;18;12.08.1971;0;18
GADIME;18;17.03.1964;0;18
SHARON;18;30.05.1970;0;18
REYDA;18;26.05.1977;0;18
DURGUZEL;18;23.12.1965;0;18
BESYA;18;7.06.1971;0;18
SITTIYKA;18;7.06.1961;0;18
DONEN;18;17.07.1972;0;18
MAKSUME;18;7.08.1959;0;18
TAYFURE;18;23.08.1963;0;18
TAKIBAT;18;20.07.1956;0;18
REYZE;18;17.03.1953;0;18
MUCESSER;18;10.01.1958;0;18
ZUMEYRE;18;8.02.1977;0;18
HUZIME;18;7.07.1957;0;18
HURUSEN;18;28.05.1968;0;18
BESTEM;18;15.02.1985;0;18
RIBABSAH;18;14.10.1965;0;18
HABIBETE;18;4.10.1962;0;18
HECRIYE;18;24.11.1954;0;18
HADCA;18;29.04.1958;0;18
HAKIRE;18;17.12.1957;0;18
SAMIDE;18;24.05.1973;0;18
AYSAANA;18;11.04.1952;0;18
LALUFER;18;18.01.1956;0;18
GULSUNAY;18;14.01.1971;0;18
KUAYBE;18;21.06.1985;0;18
SAYEGAN;18;21.03.1954;0;18
VEZNEGUL;18;8.01.1952;0;18
AKCAGUL;18;12.10.1966;0;18
AZIZGUL;18;22.02.1956;0;18
LILIPAR;18;18.02.1965;0;18
MERBUZE;18;8.03.1958;0;18
GULBUKE;18;10.10.1969;0;18
NAKIFET;18;7.10.1960;0;18
NEVINGUL;18;9.03.1970;0;18
GULNISE;18;12.01.1963;0;18
TELEY;18;15.08.1957;0;18
ULLIYE;18;21.11.1967;0;18
SEFARIYE;18;2.03.1965;0;18
LEZIYE;18;24.03.1955;0;18
SEDAFIYE;18;19.07.1960;0;18
GUNERIYE;18;20.07.1967;0;18
MILENA;18;1.07.1973;0;18
NEZHA;18;18.08.1960;0;18
HEMISE;18;12.10.1947;0;18
PANEY;18;28.10.1946;0;18
CANSERI;18;5.04.1971;0;18
FAHRINUSA;18;12.03.1960;0;18
SEYLAP;18;27.01.1964;0;18
UMMUGUSSUM;18;21.08.1956;0;18
BERNAY;18;2.09.1981;0;18
NILYA;18;12.09.1975;0;18
FURMA;18;30.2.1966;0;18
BERNUR;18;30.09.1976;0;18
TAYIRE;18;2.07.1956;0;18
RINDA;18;26.02.1973;0;18
IRGE;18;25.07.1975;0;18
SUHULET;18;27.01.1957;0;18
TEYRIYE;18;7.05.1966;0;18
EDNA;18;29.08.1970;0;18
KETRE;18;2.01.1959;0;18
BEZEN;18;8.11.1969;0;18
HURDEVS;18;8.02.1972;0;18
MERITA;18;11.05.1972;0;18
TECRIBE;18;25.01.1962;0;18
LIUBOV;18;27.01.1971;0;18
ILCIM;18;17.10.1981;0;18
GULESE;18;24.12.1962;0;18
SEBNUR;18;16.03.1973;0;18
MEHTUNE;18;19.02.1968;0;18
DINEMIS;18;28.03.1974;0;18
ANNI;18;21.12.1956;0;18
DURRUSEHVAR;18;4.09.1943;0;18
HAVAKADIN;18;16.07.1960;0;18
HULASA;18;22.08.1946;0;18
URMUZ;18;10.10.1952;0;18
HUSEYIN;550756;12.10.1963;550739;17
SADIK;47710;15.01.1963;47693;17
MUHSIN;23192;30.12.1966;23175;17
NAFIZ;5452;9.03.1963;5435;17
TALHA;2108;18.05.1982;2091;17
BAYKAL;832;20.02.1977;815;17
IKSAN;385;23.12.1970;368;17
ORCIN;166;19.10.1983;149;17
SAYIN;155;1.03.1966;138;17
SERGULEN;106;28.10.1973;89;17
OZTAN;86;1.01.1968;69;17
UGURAY;84;5.03.1979;67;17
AYTURK;83;6.12.1971;66;17
AYTAS;78;10.02.1974;61;17
YURDUN;68;21.09.1966;51;17
SEBAYI;55;22.12.1969;38;17
SELVENT;35;7.10.1967;18;17
KOCI;33;3.10.1946;16;17
FERYAD;32;19.11.1980;15;17
ADNI;30;2.01.1959;13;17
NEYYIR;30;9.03.1956;13;17
TOREN;29;11.05.1957;12;17
AKSAN;29;27.05.1961;12;17
MAMER;29;7.05.1964;12;17
BERITAN;29;5.11.1982;12;17
GOLHAN;28;26.06.1972;11;17
EHLI;26;10.07.1960;9;17
ZIYNI;26;21.09.1957;9;17
SINDAR;25;2.01.1989;8;17
EZRA;24;28.10.1971;7;17
TAC;24;10.09.1959;7;17
SILVER;23;6.04.1978;6;17
SABRO;23;13.07.1947;6;17
AKSER;23;3.03.1962;6;17
OYAL;23;4.02.1965;6;17
SERAH;22;3.04.1977;5;17
HIRA;22;21.08.1982;5;17
SAMURAN;22;26.10.1962;5;17
NEVI;22;2.10.1958;5;17
SARICAN;21;6.03.1974;4;17
EYNUR;21;24.08.1972;4;17
BIRMAN;21;13.05.1964;4;17
GADEM;21;1.08.1971;4;17
DURSUNAY;21;11.06.1976;4;17
BIRGE;21;25.11.1978;4;17
FERMI;21;12.08.1946;4;17
BELIT;21;1.02.1982;4;17
FEHIR;21;8.08.1956;4;17
FEYZINUR;20;6.12.1969;3;17
ELAY;20;24.10.1981;3;17
BERVAN;20;15.01.1984;3;17
EZAMET;20;20.01.1958;3;17
AYBIL;20;29.2.1977;3;17
ELISA;19;12.02.1968;2;17
ISRET;19;30.01.1974;2;17
GORSEN;19;13.01.1965;2;17
YURTAN;19;7.02.1962;2;17
SENSIN;19;12.01.1973;2;17
SENYUZ;19;9.06.1956;2;17
HUREYDE;19;10.02.1960;2;17
IZMET;19;16.02.1961;2;17
HULISE;19;23.07.1971;2;17
SUHEYLAN;19;11.07.1962;2;17
SENBIR;19;8.08.1970;2;17
ERZEM;19;7.04.1973;2;17
OZEM;19;18.12.1980;2;17
SAYE;19;11.10.1956;2;17
CIHANSEL;19;9.03.1970;2;17
GORGUL;19;4.02.1968;2;17
IZGE;19;23.06.1983;2;17
ARTEMIS;19;7.11.1969;2;17
FETNUR;19;26.08.1968;2;17
FIRDAN;18;9.09.1962;1;17
MAZET;18;23.07.1967;1;17
ARDIHAN;18;13.08.1970;1;17
GULBIL;18;11.10.1966;1;17
HANZAT;18;14.01.1954;1;17
GULFANI;18;24.05.1959;1;17
SEHRET;18;15.03.1957;1;17
SERIAT;18;9.08.1970;1;17
SEMAVAT;18;27.09.1965;1;17
SEYFE;18;8.07.1962;1;17
GULLEN;18;27.06.1960;1;17
IFTAHAR;18;20.12.1972;1;17
IMAYET;18;14.02.1960;1;17
EZGIHAN;18;21.12.1989;1;17
CANSARAY;18;13.02.1965;1;17
GULNAZAR;18;28.11.1969;1;17
PERIL;18;7.03.1974;1;17
BILUR;18;16.03.1955;1;17
BEHZADE;18;4.01.1942;1;17
SEVAIL;18;23.06.1963;1;17
MUTTEZIM;18;27.12.1975;1;17
BUGU;18;10.02.1988;1;17
IPER;18;25.01.1977;1;17
KATRE;18;28.02.1969;1;17
SALIDE;17;7.03.1961;0;17
DONDUNUR;17;21.09.1980;0;17
TERZIYE;17;21.02.1962;0;17
SULFINAZ;17;19.10.1962;0;17
KIBIRIYE;17;5.07.1964;0;17
DERYAGUL;17;8.05.1980;0;17
HACRIYE;17;4.06.1961;0;17
FIRDEVIZ;17;26.12.1966;0;17
SUHENDAM;17;22.12.1964;0;17
SAADAT;17;10.03.1970;0;17
GULBIBI;17;19.11.1974;0;17
MUGRI;17;4.07.1941;0;17
FATTEY;17;23.05.1946;0;17
GOLGEM;17;26.06.1985;0;17
BEDIRYA;17;28.02.1968;0;17
SAHLIYE;17;6.02.1965;0;17
YASAMEN;17;11.08.1967;0;17
FAYIDE;17;25.07.1968;0;17
PELKIZAN;17;12.04.1967;0;17
MIHRISAN;17;11.09.1966;0;17
RAZIKE;17;26.08.1969;0;17
METRA;17;25.03.1963;0;17
BEKIZE;17;20.12.1957;0;17
GEZZO;17;25.10.1943;0;17
DESTINA;17;6.07.1985;0;17
MERDIYA;17;8.08.1978;0;17
BEZARI;17;16.05.1956;0;17
HEMRIN;17;16.01.1988;0;17
SAKINET;17;9.04.1959;0;17
ZAHIRET;17;5.01.1954;0;17
FARAHNAZ;17;22.10.1972;0;17
GULSIMEN;17;4.09.1969;0;17
HALIKA;17;28.05.1964;0;17
SAHIZADE;17;5.08.1973;0;17
SUHAYLA;17;22.08.1972;0;17
VIRNA;17;16.12.1978;0;17
NUBARI;17;10.12.1950;0;17
ANGELINA;17;18.09.1964;0;17
SAHIZA;17;27.11.1960;0;17
FIDDE;17;8.09.1954;0;17
MERTE;17;15.08.1960;0;17
SAHMETE;17;3.06.1971;0;17
ELBIRAN;17;2.10.1980;0;17
DURYAN;17;4.10.1962;0;17
SABRA;17;21.07.1959;0;17
HILFA;17;13.09.1954;0;17
EDITH;17;5.04.1951;0;17
IMRIYE;17;4.07.1968;0;17
LETIFA;17;20.09.1961;0;17
ZIRAVIK;17;2.06.1953;0;17
SAYFIYE;17;24.05.1959;0;17
CULYA;17;18.12.1959;0;17
BESNI;17;6.04.1964;0;17
EZDIHAR;17;8.11.1965;0;17
IBTISAM;17;11.07.1971;0;17
SARIHA;17;21.07.1962;0;17
LEFIDE;17;1.12.1962;0;17
GULSARI;17;14.05.1957;0;17
BIGEN;17;7.10.1968;0;17
NEFIN;17;24.12.1977;0;17
SUVADIYE;17;5.09.1966;0;17
MAHSULE;17;7.12.1962;0;17
NAFIKA;17;8.06.1954;0;17
SERGIL;17;19.02.1974;0;17
MERIYAN;17;27.01.1965;0;17
RAYIKA;17;13.10.1949;0;17
FEZIHA;17;7.08.1960;0;17
NURIZE;17;21.08.1965;0;17
NISANIYE;17;9.12.1962;0;17
SAFIRIYE;17;21.09.1966;0;17
UMMUGUSSUN;17;21.06.1966;0;17
RAVASIYE;17;23.08.1967;0;17
MUSABBIYE;17;12.07.1952;0;17
CEVARIYE;17;22.02.1958;0;17
GUSEREN;17;8.07.1970;0;17
ZINIYE;17;19.06.1957;0;17
MUNASE;17;3.09.1953;0;17
BELFU;17;11.09.1984;0;17
ZULALIYE;17;12.08.1955;0;17
NAILIYE;17;6.09.1958;0;17
MUBAREKE;17;2.01.1964;0;17
ELVARI;17;28.05.1957;0;17
RUHGUL;17;10.03.1961;0;17
FAKIHA;17;15.07.1957;0;17
DILEKNUR;17;1.10.1979;0;17
MELEYKE;17;30.06.1960;0;17
MAGUL;17;4.02.1961;0;17
URKEN;17;15.02.1960;0;17
BIRSER;17;26.10.1963;0;17
MEFIBE;17;6.12.1975;0;17
JOANNA;17;24.10.1966;0;17
SITTIKE;17;12.07.1960;0;17
FETEN;17;27.01.1960;0;17
YETENCE;17;3.01.1955;0;17
NAZINE;17;14.10.1958;0;17
BILIMSER;17;27.02.1978;0;17
BINBAL;17;3.05.1954;0;17
SEMAYET;17;29.2.1959;0;17
ELMINOR;17;22.04.1951;0;17
NAZIRAN;17;3.07.1963;0;17
ILAME;17;9.10.1949;0;17
CIVARIYE;17;1.02.1957;0;17
ELVINUR;17;18.12.1833;0;17
MIRANDA;17;4.06.1974;0;17
NIZAFET;17;18.11.1958;0;17
FIDANE;17;3.05.1962;0;17
DURSUNHANIM;17;2.02.1956;0;17
PEMBENUR;17;12.11.1982;0;17
SEVBIL;17;16.05.1976;0;17
GULFIZAN;17;25.02.1965;0;17
ATIME;17;29.05.1954;0;17
ULIYE;17;28.06.1966;0;17
VAKIYE;17;30.05.1967;0;17
ISILSU;17;9.10.1977;0;17
BINLIK;17;21.04.1964;0;17
DILFINAZ;17;29.04.1958;0;17
MELISAN;17;8.08.1975;0;17
NEMIRE;17;2.06.1955;0;17
FERMINAZ;17;10.10.1962;0;17
NERMISAN;17;9.11.1972;0;17
BAMBAK;17;22.12.1950;0;17
NESHE;17;2.04.1965;0;17
RAIBA;17;19.08.1975;0;17
MUALA;17;28.12.1968;0;17
UMIDIYE;17;15.12.1971;0;17
SELVIYA;17;9.05.1970;0;17
KIBIRE;17;5.03.1956;0;17
ZELFIRAZ;17;20.07.1962;0;17
HULDAN;17;14.05.1968;0;17
ZUDIYE;17;21.07.1955;0;17
ZENCEF;17;24.10.1963;0;17
ZAIBE;17;17.07.1955;0;17
MUDEVVER;17;4.12.1947;0;17
KESIME;17;11.01.1965;0;17
TUBAHAN;17;26.11.1984;0;17
MAHIS;17;10.3.1834;0;17
SEFIGE;17;5.10.1962;0;17
HANEM;17;13.04.1960;0;17
BAGGUL;17;11.08.1969;0;17
DONERGUL;17;21.02.1971;0;17
GULEYDE;17;17.01.1973;0;17
LEYLAGUL;17;4.08.1973;0;17
SUMEYYEN;17;26.01.1983;0;17
GULSENDE;17;5.07.1959;0;17
NUTHIYE;17;22.08.1955;0;17
MAHCEMAL;17;9.12.1840;0;17
NURDEMET;17;20.02.1975;0;17
ZEHNIZAR;17;14.01.1959;0;17
ZEHICAN;17;28.06.1962;0;17
LUSIK;17;30.05.1946;0;17
NUSRETE;17;13.05.1956;0;17
NURSILE;17;25.11.1977;0;17
SUBUYE;17;24.10.1958;0;17
IKBARIYE;17;8.11.1956;0;17
TUTUS;17;24.10.1934;0;17
NAGIHA;17;5.11.1968;0;17
ZELAHA;17;4.04.1965;0;17
HUSNAN;17;29.04.1963;0;17
GUNSEREN;17;29.10.1955;0;17
MEKANE;17;22.06.1958;0;17
FIGAR;17;30.05.1969;0;17
SUDABE;17;1.03.1965;0;17
SELTAP;17;6.01.1984;0;17
MUHRUBAN;17;17.07.1962;0;17
NUCIBE;17;27.09.1949;0;17
PELGIZAR;17;25.05.1959;0;17
HAZERE;17;7.03.1951;0;17
HUMRI;17;13.04.1957;0;17
BILAKS;17;29.07.1966;0;17
MAZICIN;17;20.04.1979;0;17
ZAHFERAN;17;24.11.1974;0;17
GULISOR;17;27.10.1955;0;17
SEHRIVAN;17;22.10.1979;0;17
HORISIMAN;17;16.12.1971;0;17
SOGUL;17;20.05.1982;0;17
SADYA;17;9.05.1969;0;17
DILEFRUZ;17;9.07.1959;0;17
DUHTER;17;15.02.1954;0;17
TEVRET;17;11.04.1973;0;17
BENDIGAR;17;27.01.1977;0;17
FIRIDE;17;8.09.1955;0;17
UMMUL;17;30.09.1978;0;17
HURINAS;17;15.09.1964;0;17
AMNE;17;26.03.1955;0;17
INTIFA;17;9.03.1966;0;17
NISVAN;17;26.03.1966;0;17
PUJAN;17;3.10.1963;0;17
BERKIZA;17;28.12.1970;0;17
SIBELCAN;17;17.07.1987;0;17
HAZYETE;17;2.08.1968;0;17
NAISE;17;1.12.1955;0;17
NUBUVET;17;6.01.1961;0;17
OMURSEN;17;20.11.1967;0;17
ZERDE;17;28.11.1955;0;17
GULBAYAZ;17;20.08.1962;0;17
SUKURIYE;17;15.01.1964;0;17
GULKA;17;7.07.1947;0;17
NIFSIYE;17;11.01.1970;0;17
HAZIYETE;17;21.03.1964;0;17
NILBERK;17;1.04.1977;0;17
BINNAZIYE;17;17.06.1962;0;17
ZEYNUS;17;24.05.1947;0;17
ABIDAT;17;5.09.1950;0;17
ECRIYE;17;29.2.1951;0;17
UMEYME;17;30.04.1956;0;17
GULOM;17;20.05.1977;0;17
MUJDIYE;17;14.10.1968;0;17
BODE;17;25.06.1956;0;17
NAZIYET;17;22.02.1957;0;17
LAVANTA;17;27.10.1969;0;17
MERSUDE;17;24.06.1965;0;17
SENHA;17;20.10.1973;0;17
ZERINAZ;17;4.10.1967;0;17
FIRINAZ;17;11.07.1963;0;17
HUDEYCE;17;22.01.1973;0;17
AMNA;17;23.09.1951;0;17
GULFENER;17;1.02.1977;0;17
LISANIYE;17;4.01.1953;0;17
HATMANA;17;30.07.1963;0;17
GURCUYE;17;8.02.1961;0;17
GULCARIYE;17;20.08.1958;0;17
BALIME;17;16.08.1956;0;17
CAHIDIYE;17;7.03.1961;0;17
FILLIK;17;12.10.1957;0;17
HAMISET;17;16.09.1955;0;17
MUHRUBE;17;29.03.1960;0;17
NUFERIYE;17;21.04.1965;0;17
TENASIP;17;28.12.1949;0;17
FILIZHAN;17;20.03.1973;0;17
IZMIYE;17;7.11.1956;0;17
MUHTERIME;17;23.09.1947;0;17
ZENNUME;17;17.03.1961;0;17
SAZIYA;17;19.04.1957;0;17
FIKIRNAZ;17;29.05.1968;0;17
MASUMA;17;12.09.1963;0;17
ELMASE;17;18.01.1943;0;17
FERHEY;17;14.01.1958;0;17
HEVILA;17;16.01.1972;0;17
IKRIMA;17;28.05.1968;0;17
CUMAZE;17;6.07.1966;0;17
GULFURUZ;17;10.10.1962;0;17
MENZI;17;26.02.1956;0;17
NURYAZ;17;9.09.1971;0;17
EBRULE;17;5.01.1970;0;17
MIYES;17;6.12.1964;0;17
PIRLANTI;17;18.02.1946;0;17
RAHMEY;17;17.05.1950;0;17
LEVZA;17;8.06.1965;0;17
SUTUYE;17;24.11.1963;0;17
TELIHA;17;6.06.1968;0;17
DILFURAZ;17;27.01.1964;0;17
TULEY;17;8.03.1968;0;17
LUUBA;17;18.04.1968;0;17
DILARAM;17;30.09.1968;0;17
ESENGUN;17;10.01.1958;0;17
MINTE;17;26.05.1958;0;17
RENATA;17;21.01.1967;0;17
TAHVIDE;17;4.12.1969;0;17
JENI;17;14.09.1970;0;17
MEYRAN;17;5.08.1967;0;17
GULYAG;17;15.08.1968;0;17
ZEHLA;17;28.05.1958;0;17
TEMENNI;17;20.01.1949;0;17
NARFIDAN;17;20.08.1959;0;17
SERIFIYE;17;13.12.1963;0;17
SOHRETE;17;17.01.1967;0;17
GOZEM;17;11.04.1986;0;17
RAKDA;17;4.04.1959;0;17
NESICAN;17;6.01.1952;0;17
HAVVADUDU;17;27.07.1958;0;17
AHMEDIYE;17;6.10.1966;0;17
PAZEN;17;4.06.1955;0;17
GULFIKIR;17;13.09.1963;0;17
SEBRINAZ;17;22.08.1965;0;17
ARSALOZ;17;27.12.1942;0;17
MEBRUS;17;9.01.1982;0;17
NECIMSER;17;3.02.1962;0;17
IVON;17;8.10.1952;0;17
IBRAHIM;440142;16.05.1966;440126;16
AZIZ;47790;28.08.1964;47774;16
VOLKAN;43410;7.08.1984;43394;16
FEHMI;22615;25.09.1963;22599;16
MAHIR;18081;2.10.1967;18065;16
MIKAIL;13720;11.02.1975;13704;16
YILDIRIM;10343;30.07.1971;10327;16
MUMTAZ;3539;24.06.1963;3523;16
BEHZAT;3226;1.08.1964;3210;16
KAMBER;2495;10.09.1966;2479;16
NAZIR;1802;4.10.1960;1786;16
ARAFAT;1392;6.04.1974;1376;16
CENAP;1204;9.06.1971;1188;16
SEBATI;525;23.04.1962;509;16
BURC;464;29.12.1981;448;16
MAIL;437;23.07.1961;421;16
HANNAN;370;14.09.1964;354;16
SAKI;228;29.08.1966;212;16
HUR;203;9.01.1971;187;16
BAVER;196;1.08.1987;180;16
BAGI;185;30.03.1964;169;16
ULUS;174;8.11.1974;158;16
SADAT;168;14.10.1968;152;16
AYAZ;129;25.08.1977;113;16
SEDAYI;127;11.12.1967;111;16
ERTUL;110;16.09.1969;94;16
FURGAN;97;23.02.1983;81;16
ERCUMEN;68;11.06.1966;52;16
AVSIN;67;19.10.1979;51;16
FEDAKER;64;20.05.1969;48;16
FADUL;60;10.10.1964;44;16
SUREN;59;22.01.1958;43;16
NUHAN;59;13.05.1974;43;16
KEMURAN;56;21.04.1974;40;16
BEHNAN;53;19.03.1970;37;16
DENIS;50;19.08.1981;34;16
OMURAL;46;17.06.1964;30;16
AFAT;45;9.03.1919;29;16
ARCA;45;29.04.1980;29;16
TANYER;44;23.06.1971;28;16
AKCAY;43;25.03.1978;27;16
SAMO;42;28.01.1956;26;16
ENGUN;41;17.05.1965;25;16
TUNCAN;41;24.04.1965;25;16
MATEM;40;3.04.1965;24;16
NESRET;38;12.03.1965;22;16
SENCAY;34;10.04.1973;18;16
KOKEN;31;3.02.1967;15;16
ERGE;31;25.05.1984;15;16
BIRKAY;30;7.01.1981;14;16
HAYRIS;29;26.01.1952;13;16
NEVSET;29;27.10.1960;13;16
IMAMI;27;10.08.1960;11;16
ILKAT;27;3.02.1968;11;16
ZAFET;26;24.08.1957;10;16
NURIMAN;26;24.08.1959;10;16
BILGECAN;26;16.01.1988;10;16
FERSAH;25;1.09.1967;9;16
BELKAY;25;15.04.1978;9;16
BESARET;25;25.03.1954;9;16
YONTEM;24;12.06.1978;8;16
SAYET;24;20.05.1962;8;16
HUMEYDE;24;5.10.1956;8;16
SILTAN;23;25.07.1969;7;16
ELFI;23;5.01.1963;7;16
MILAN;23;28.01.1973;7;16
MAVIL;23;2.05.1955;7;16
SEDRET;23;16.01.1966;7;16
NURSOY;22;22.03.1972;6;16
EYCAN;22;10.09.1976;6;16
RADA;22;1.10.1974;6;16
RIVA;22;1.12.1970;6;16
DIRI;22;14.05.1945;6;16
IGBAL;22;14.09.1963;6;16
BELYA;21;12.07.1978;5;16
BINAR;21;7.04.1966;5;16
MILDAN;21;4.09.1962;5;16
MUAYYET;20;18.08.1980;4;16
SESIN;20;13.09.1978;4;16
EMAL;20;29.05.1966;4;16
YADI;20;27.09.1952;4;16
NIDAR;20;20.12.1971;4;16
CEVDAN;20;30.2.1953;4;16
HANDAL;19;21.09.1967;3;16
FERMA;19;10.05.1962;3;16
SANNUR;19;6.04.1969;3;16
MAZI;19;6.07.1964;3;16
HEYAT;19;1.06.1956;3;16
DANA;19;15.12.1969;3;16
SEYFAN;19;26.09.1965;3;16
NEVGIN;19;19.03.1970;3;16
MUSKUL;19;22.12.1969;3;16
BEGE;18;19.07.1957;2;16
HELAT;18;22.07.1979;2;16
HILVAN;18;25.02.1982;2;16
ERZI;18;21.12.1956;2;16
RESHAN;18;25.11.1977;2;16
ZIVI;18;22.03.1954;2;16
DUYGUCAN;18;3.01.1988;2;16
RISAN;18;29.07.1967;2;16
SON;18;14.04.1970;2;16
NEVZAN;18;22.11.1957;2;16
NURKEN;18;9.10.1966;2;16
EKREME;18;26.02.1954;2;16
BUSRAH;18;11.01.1987;2;16
HEYRAN;18;20.06.1967;2;16
LADIN;18;12.10.1980;2;16
FEZAY;18;30.06.1973;2;16
TABIAT;18;27.04.1970;2;16
BELLI;18;2.02.1951;2;16
AHRET;18;24.01.1967;2;16
TULA;18;24.05.1973;2;16
TEZAL;18;6.01.1965;2;16
NICEL;18;9.11.1980;2;16
ASLISAH;17;29.01.1976;1;16
SENEY;17;25.02.1970;1;16
RAFA;17;23.05.1951;1;16
HAZO;17;11.02.1952;1;16
NESO;17;6.02.1953;1;16
ERDEMCAN;17;6.08.1966;1;16
TEZNUR;17;26.12.1971;1;16
SERENCAN;17;13.03.1978;1;16
BEYZAN;17;8.03.1965;1;16
SEFERIYA;17;5.06.1964;1;16
AYDOLU;17;17.09.1983;1;16
ZOYA;17;6.01.1959;1;16
SAGDET;17;12.05.1964;1;16
BENA;17;10.03.1969;1;16
ESRAN;17;26.06.1980;1;16
KIRAMET;17;19.06.1978;1;16
NURSEREF;17;4.04.1962;1;16
UYSEL;17;24.11.1956;1;16
RESADET;17;14.02.1947;1;16
GULCEMET;17;3.12.1969;1;16
GULAZIM;17;25.05.1963;1;16
ULSER;17;23.08.1957;1;16
CIRAN;17;19.09.1969;1;16
NESAN;17;4.04.1965;1;16
NEBIS;17;3.12.1958;1;16
TUGE;17;8.04.1970;1;16
FIKEN;16;18.11.1967;0;16
FUNDAY;16;28.11.1976;0;16
TENGUL;16;27.01.1962;0;16
DILFORUZ;16;17.11.1967;0;16
GUNAYI;16;18.12.1972;0;16
SONE;16;7.11.1978;0;16
BENGEY;16;16.04.1950;0;16
UMMUCAN;16;8.11.1969;0;16
RAYFA;16;8.12.1958;0;16
IMIGULSUM;16;6.05.1965;0;16
HAVVAHAN;16;3.11.1956;0;16
PUSULU;16;5.04.1945;0;16
SENEHA;16;14.02.1964;0;16
AYILE;16;8.01.1964;0;16
HIRAT;16;9.06.1949;0;16
MEHSUDE;16;29.11.1967;0;16
ZABITA;16;10.03.1958;0;16
FEBRUNIYE;16;19.08.1966;0;16
GULTEBER;16;22.08.1961;0;16
ZIYCAN;16;23.09.1956;0;16
GULSEDEF;16;17.08.1978;0;16
NEFASET;16;15.07.1954;0;16
DINE;16;29.04.1973;0;16
SEHERIYE;16;13.01.1953;0;16
HAKMIYE;16;11.10.1976;0;16
MUKRIMAN;16;17.12.1969;0;16
EZLIFE;16;4.02.1977;0;16
NEYO;16;3.05.1948;0;16
AFITAN;16;28.01.1968;0;16
RADDA;16;9.11.1968;0;16
ADDULA;16;23.11.1962;0;16
SIMENSE;16;9.01.1968;0;16
HUZNIGUL;16;16.06.1967;0;16
NEVRISAN;16;24.05.1964;0;16
HEKSE;16;21.07.1954;0;16
NECEH;16;22.12.1972;0;16
MERIFE;16;2.10.1958;0;16
AMSEY;16;21.03.1947;0;16
EDISE;16;6.06.1970;0;16
ZARGA;16;30.09.1968;0;16
ESMERHAN;16;5.07.1975;0;16
ZERAN;16;1.08.1972;0;16
NACLA;16;15.07.1977;0;16
KEMLE;16;27.02.1956;0;16
EYFEL;16;4.11.1973;0;16
TIFLE;16;22.11.1959;0;16
NESILHAN;16;19.08.1981;0;16
RAZIYET;16;14.06.1954;0;16
NEVERT;16;17.10.1965;0;16
LINE;16;14.09.1976;0;16
NURSIME;16;15.01.1979;0;16
SONYE;16;11.12.1978;0;16
DIANE;16;8.09.1967;0;16
HALA;16;9.01.1967;0;16
LACRAMIOARA;16;6.01.1976;0;16
MUHEBBET;16;15.07.1962;0;16
CATALINA;16;30.04.1980;0;16
MARLEN;16;22.12.1964;0;16
ESEMIN;16;9.10.1975;0;16
ISTAR;16;17.03.1970;0;16
LYDIA;16;25.09.1970;0;16
MAHBUSE;16;5.12.1968;0;16
EHLIYE;16;10.06.1965;0;16
HALIYA;16;17.04.1966;0;16
RUJIN;16;17.02.1982;0;16
RISMIYE;16;19.02.1970;0;16
NAZELIM;16;10.03.1964;0;16
REMIHA;16;26.07.1965;0;16
BESMIYE;16;9.11.1961;0;16
HUSMA;16;2.04.1954;0;16
DURDANI;16;21.05.1953;0;16
GULAR;16;4.06.1957;0;16
NAZANDER;16;16.03.1968;0;16
MISNET;16;26.12.1955;0;16
ELIYFE;16;13.04.1962;0;16
RUZUYE;16;16.09.1962;0;16
MESHURIYE;16;28.09.1960;0;16
ARGUL;16;15.07.1969;0;16
UMMANE;16;2.08.1951;0;16
MURSUDIYE;16;23.01.1960;0;16
MABUDE;16;14.08.1966;0;16
LEBAHAT;16;23.11.1963;0;16
LAHURI;16;4.12.1961;0;16
SOZGUL;16;20.07.1977;0;16
FLORICA;16;20.08.1972;0;16
ZINAIDA;16;11.05.1970;0;16
LALENUR;16;7.04.1974;0;16
ZEYRIYE;16;13.09.1956;0;16
DILBAHAR;16;3.12.1964;0;16
DEMINE;16;27.11.1959;0;16
GUNNAZI;16;24.02.1966;0;16
AZIRE;16;17.03.1950;0;16
MURABIYE;16;8.05.1955;0;16
KUSSUM;16;21.08.1953;0;16
SAULE;16;30.10.1974;0;16
EMSALE;16;16.05.1956;0;16
SOYNUR;16;3.03.1970;0;16
MURSIYE;16;26.06.1963;0;16
SELMANE;16;18.01.1959;0;16
HATIRE;16;7.02.1970;0;16
NIHALE;16;5.12.1961;0;16
NANULI;16;12.10.1956;0;16
SUSUKA;16;22.12.1950;0;16
SEVILGUL;16;4.04.1967;0;16
GULNURAY;16;23.02.1976;0;16
NURSEHER;16;30.01.1974;0;16
MUNIYE;16;12.03.1945;0;16
ANTONINA;16;12.10.1973;0;16
MINEDIYE;16;17.05.1969;0;16
HALIBE;16;7.02.1964;0;16
LILAFER;16;24.05.1969;0;16
HESMA;16;10.09.1952;0;16
VARVARA;16;15.03.1951;0;16
NIDANUR;16;3.04.1989;0;16
ELSA;16;11.06.1975;0;16
CULIDE;16;20.12.1958;0;16
TEFIYE;16;7.11.1960;0;16
NERGULE;16;5.09.1969;0;16
NUSABE;16;7.12.1967;0;16
ZIYARE;16;1.01.1957;0;16
MUJDENUR;16;13.07.1978;0;16
GULSERIM;16;28.07.1961;0;16
MEYRA;16;25.10.1968;0;16
HAVAHATUN;16;6.01.1967;0;16
BAYRAMSA;16;22.06.1958;0;16
ADIFIYE;16;28.01.1962;0;16
GULCU;16;1.11.1968;0;16
SEMAHAN;16;26.07.1973;0;16
NEFAKET;16;27.03.1958;0;16
BENDEGUL;16;19.04.1973;0;16
NUFIYE;16;22.11.1962;0;16
NIYAR;16;8.12.1958;0;16
SERBANE;16;5.06.1956;0;16
GULNEVIN;16;10.06.1960;0;16
NEVINE;16;9.06.1957;0;16
ZEMFIRA;16;20.02.1963;0;16
SEMIZAR;16;26.03.1963;0;16
SUHENDA;16;30.03.1958;0;16
YAZEL;16;16.12.1979;0;16
HATICENUR;16;30.01.1987;0;16
NURDAY;16;27.09.1974;0;16
KEZZIK;16;11.05.1962;0;16
LEBUZE;16;6.08.1959;0;16
LIBER;16;9.04.1964;0;16
MIHNAZ;16;12.09.1966;0;16
MAKBURE;16;11.08.1958;0;16
SEDIYA;16;22.08.1972;0;16
CEMAYINUR;16;4.12.1956;0;16
SEMSUNUR;16;27.05.1957;0;16
ANKINE;16;16.06.1950;0;16
VEZZAHA;16;7.01.1963;0;16
KOHER;16;14.06.1947;0;16
KIPRA;16;19.05.1958;0;16
MUHUBBE;16;2.08.1961;0;16
AGCAGUL;16;14.01.1966;0;16
GULFUYE;16;11.01.1966;0;16
ILAHE;16;1.09.1977;0;16
NAMUKA;16;29.04.1958;0;16
MUSIDIYE;16;21.02.1963;0;16
SEMRIHA;16;22.10.1966;0;16
SEDAGET;16;3.07.1962;0;16
CAMAFER;16;29.03.1955;0;16
GUNUZ;16;30.12.1969;0;16
LUGEN;16;18.09.1980;0;16
MERDINAZ;16;7.07.1953;0;16
SADANUR;16;15.05.1950;0;16
LUTFUYA;16;16.02.1967;0;16
RUGUL;16;11.03.1962;0;16
NEBILA;16;6.07.1968;0;16
VALIDA;16;12.10.1967;0;16
PIRYAN;16;30.06.1952;0;16
MAKBERI;16;27.08.1978;0;16
MUZELLA;16;25.01.1962;0;16
SEDEKAT;16;3.05.1967;0;16
BETIYE;16;4.02.1963;0;16
EFSEN;16;24.01.1967;0;16
ESENYEL;16;18.11.1976;0;16
NERMINAZ;16;1.10.1961;0;16
ESIRE;16;21.05.1966;0;16
FADIMAN;16;12.03.1957;0;16
TULAYI;16;10.12.1974;0;16
LELIHAN;16;19.05.1967;0;16
SIZEN;16;24.01.1978;0;16
BAVAN;16;21.04.1957;0;16
MUNURYE;16;14.05.1966;0;16
BEHICA;16;18.11.1968;0;16
REVSIYE;16;16.05.1973;0;16
KULILK;16;14.05.1965;0;16
HEFSI;16;22.01.1942;0;16
MUCAIDE;16;26.10.1961;0;16
NORGUL;16;6.05.1970;0;16
SITE;16;28.08.1957;0;16
BENICE;16;18.12.1966;0;16
PERISAH;16;7.05.1975;0;16
MENISA;16;4.01.1978;0;16
HAKLIME;16;1.07.1970;0;16
TULGEN;16;17.05.1972;0;16
MEFIYE;16;7.05.1974;0;16
ULYE;16;5.03.1967;0;16
GULCIRAY;16;30.2.1974;0;16
HAVSET;16;8.12.1962;0;16
FAYILE;16;20.02.1967;0;16
MERGUZEL;16;21.08.1963;0;16
MUSKILE;16;6.11.1953;0;16
BINES;16;1.11.1962;0;16
KAME;16;10.02.1953;0;16
IRFIDE;16;3.07.1965;0;16
GULBITEN;16;28.07.1973;0;16
HAZILE;16;9.06.1969;0;16
SOFIYE;16;13.06.1955;0;16
OMURE;16;8.11.1961;0;16
NURDEREN;16;3.03.1964;0;16
MAYANGUL;16;14.10.1966;0;16
LIRIYE;16;20.02.1957;0;16
FADILIYE;16;19.11.1955;0;16
ADEVIYA;16;22.08.1963;0;16
SOSIK;16;4.03.1954;0;16
ZEMIYE;16;4.08.1963;0;16
AYNUMAH;16;19.05.1953;0;16
FERCIHAN;16;10.06.1966;0;16
BAHCIT;16;30.07.1955;0;16
ZUBUDIYE;16;29.11.1960;0;16
NAZIKDER;16;1.03.1959;0;16
MUCUBE;16;4.04.1967;0;16
TAMARYE;16;6.02.1964;0;16
CESME;16;6.08.1962;0;16
KARBEYAZ;16;14.11.1964;0;16
TAHRIYE;16;12.03.1960;0;16
NURSEM;16;30.03.1973;0;16
VANGUL;16;23.10.1978;0;16
SARINAZ;16;20.07.1962;0;16
MIDRIKE;16;16.10.1978;0;16
GULCEREN;16;17.02.1974;0;16
NAZAY;16;29.05.1975;0;16
DUDUBAL;16;19.04.1966;0;16
MUHSIDE;16;17.04.1972;0;16
GULNAZIR;16;3.04.1959;0;16
SIRINAY;16;4.07.1978;0;16
MIHRIBANI;16;20.01.1960;0;16
SEVRINAZ;16;2.05.1962;0;16
SEVLAN;16;14.01.1974;0;16
NASHANIM;16;19.01.1956;0;16
GILE;16;23.03.1955;0;16
KEVER;16;21.01.1962;0;16
URFUGUL;16;22.03.1966;0;16
YEGANA;16;5.04.1972;0;16
DESBINE;16;17.09.1953;0;16
GULFUNAZ;16;30.11.1963;0;16
SALATA;16;26.05.1954;0;16
TUTNAZ;16;24.03.1955;0;16
KUBARA;16;8.06.1958;0;16
SEKGUL;16;1.10.1953;0;16
GULCEYHAN;16;12.09.1962;0;16
SACIDIYE;16;10.09.1959;0;16
SULEHAN;16;4.06.1970;0;16
NEYIDE;16;1.11.1958;0;16
BELGUL;16;11.12.1975;0;16
CANNAR;16;22.02.1962;0;16
MIYASEL;16;23.12.1970;0;16
BAHRIE;16;5.02.1969;0;16
SELVINAR;16;3.02.1975;0;16
REVDA;16;22.03.1974;0;16
UMMUCE;16;9.01.1954;0;16
SULEYMA;16;12.06.1940;0;16
NEBATIYE;16;14.08.1962;0;16
MUNEVSE;16;1.05.1962;0;16
KAZIBEN;16;23.03.1967;0;16
MUSTENIRE;16;13.06.1945;0;16
VATFE;16;22.06.1946;0;16
DILDA;16;24.10.1979;0;16
EKATERINE;16;16.02.1976;0;16
DILBESTE;16;9.10.1955;0;16
ISLIHAN;16;23.01.1969;0;16
LULE;16;3.07.1969;0;16
UMEYDE;16;13.08.1958;0;16
SEBIAT;16;14.07.1958;0;16
AYNIZELHA;16;8.08.1967;0;16
SOLIYE;16;12.09.1946;0;16
MELDAN;16;30.07.1966;0;16
AYIZER;16;25.02.1970;0;16
TAVIDE;16;11.10.1971;0;16
SILEN;16;15.08.1981;0;16
MAHBUBIYE;16;28.07.1952;0;16
NAZIKA;16;14.12.1958;0;16
VAIBE;16;20.07.1963;0;16
GULEV;16;26.06.1966;0;16
SINASIYE;16;9.09.1958;0;16
MINTI;16;12.10.1949;0;16
MUSEDET;16;21.07.1978;0;16
MAHMERI;16;21.06.1959;0;16
GULISDAN;16;2.11.1965;0;16
ANGELIKA;16;14.03.1960;0;16
SAFETA;16;22.05.1966;0;16
YASEVIL;16;23.09.1978;0;16
GALYNA;16;23.12.1966;0;16
YASARI;16;15.12.1962;0;16
DEBORAH;16;26.06.1967;0;16
RUCIYE;16;29.04.1963;0;16
RUGZAN;16;6.03.1968;0;16
AVIKE;16;18.07.1943;0;16
ZIRIFE;16;22.09.1963;0;16
SUKRU;77177;3.03.1961;77162;15
CEMIL;62169;12.08.1964;62154;15
YALCIN;35683;7.05.1972;35668;15
SELAMI;27484;14.07.1970;27469;15
SEFIK;10741;9.09.1963;10726;15
NEBI;8427;16.07.1966;8412;15
NUMAN;7671;4.08.1970;7656;15
KURBAN;2232;21.06.1961;2217;15
NAMI;1628;2.03.1963;1613;15
HUDAI;1051;17.02.1969;1036;15
TOSUN;499;1.07.1955;484;15
KELES;489;2.04.1958;474;15
ERDENIZ;367;8.02.1978;352;15
AFSIN;348;28.10.1979;333;15
SEYAT;247;16.08.1972;232;15
BAYSAL;244;30.03.1969;229;15
CAGAN;215;5.02.1984;200;15
SAHSET;201;17.01.1967;186;15
ASKI;197;4.01.1963;182;15
MUSTEBA;195;13.02.1964;180;15
ZULFIGAR;166;6.07.1963;151;15
TANFER;126;30.2.1971;111;15
YURT;107;12.03.1970;92;15
HADIS;99;10.05.1973;84;15
KALO;94;24.07.1942;79;15
SEVAT;73;4.02.1973;58;15
SEYFUN;73;18.02.1972;58;15
VOLGA;69;21.01.1981;54;15
ZEMIN;68;20.01.1966;53;15
CEKI;66;14.06.1966;51;15
BEHRAN;64;2.05.1968;49;15
SECER;58;16.10.1974;43;15
YASEM;58;7.03.1962;43;15
EZELHAN;56;20.11.1959;41;15
EMIRAL;46;15.01.1965;31;15
LAVER;45;24.01.1955;30;15
SABET;44;30.2.1963;29;15
SENGEZER;43;24.08.1965;28;15
BIRGI;41;20.01.1970;26;15
DOGAY;40;7.10.1974;25;15
GUNDER;40;29.04.1964;25;15
ELYASE;37;17.04.1973;22;15
SAHVET;35;30.05.1960;20;15
MUSAFET;35;5.08.1961;20;15
ARSUN;32;11.06.1964;17;15
ABIR;31;26.03.1970;16;15
SENSAL;31;23.02.1965;16;15
KURTHAN;31;8.01.1969;16;15
MERA;31;3.08.1952;16;15
BILIM;29;4.06.1975;14;15
HARZEM;29;21.01.1969;14;15
MISKIN;28;19.07.1976;13;15
OMREN;28;12.12.1968;13;15
OZGURAY;28;20.12.1979;13;15
ERZIN;27;22.11.1961;12;15
FERHI;26;8.06.1955;11;15
OLMEZ;25;21.06.1962;10;15
NEVRET;25;8.07.1964;10;15
EFTUN;25;19.06.1982;10;15
ZIBER;25;18.03.1965;10;15
ISVET;23;21.01.1961;8;15
MUKKEREM;23;28.04.1976;8;15
URKAN;23;29.04.1965;8;15
OKSEL;23;18.08.1959;8;15
DEVIN;23;20.10.1982;8;15
ALAMET;22;28.06.1968;7;15
BIRSAL;22;16.04.1969;7;15
CILO;22;4.02.1945;7;15
BILTAN;21;11.02.1965;6;15
MILKAN;21;2.09.1967;6;15
RICA;20;16.02.1964;5;15
LUTFEN;20;15.05.1961;5;15
SINEN;19;16.05.1975;4;15
ENDAN;19;1.11.1969;4;15
NUDRET;19;18.11.1960;4;15
IFRET;18;20.08.1963;3;15
AYFAR;18;3.04.1962;3;15
GISMET;18;28.01.1971;3;15
OZENAY;18;17.08.1968;3;15
TULAN;18;1.04.1964;3;15
SADIKAN;18;13.07.1957;3;15
ULTER;17;5.02.1959;2;15
SAHZAMAN;17;26.12.1959;2;15
SULEYHAN;17;1.07.1974;2;15
TIFLI;17;12.02.1946;2;15
NILVER;17;3.08.1975;2;15
SEHRIN;17;20.11.1969;2;15
NEVGI;17;22.08.1971;2;15
TALE;17;10.09.1961;2;15
GOSEN;17;18.10.1957;2;15
TULEN;17;10.05.1964;2;15
TAYNUR;17;13.12.1963;2;15
IZDEN;17;8.10.1976;2;15
MEYIL;17;22.08.1969;2;15
NAZHAN;17;11.04.1960;2;15
AYTULUN;17;11.09.1970;2;15
KUTU;17;24.06.1945;2;15
BUGE;17;9.07.1976;2;15
SEVDIGUL;16;3.02.1968;1;15
SAFO;16;25.10.1951;1;15
NERVET;16;8.08.1970;1;15
ZULFIHAN;16;30.03.1964;1;15
GULTAS;16;17.09.1975;1;15
SARGUL;16;5.06.1969;1;15
TUGCEHAN;16;6.05.1989;1;15
GUNCEM;16;19.06.1983;1;15
MUCADELE;16;3.03.1966;1;15
SERBETHAN;16;19.10.1970;1;15
PEYMA;16;19.11.1979;1;15
FEYNUR;16;16.12.1970;1;15
SAHISDE;16;4.03.1956;1;15
SESIM;16;10.03.1984;1;15
PAHALI;16;13.07.1963;1;15
MIRGUN;16;25.03.1964;1;15
SENGUNER;16;3.12.1958;1;15
FEYROZ;16;2.09.1967;1;15
ZINNI;16;21.10.1956;1;15
GULFU;16;28.06.1956;1;15
SENYILDIZ;16;8.06.1954;1;15
SEVALE;16;1.03.1945;1;15
IMSEL;16;8.01.1971;1;15
ZEBI;16;8.11.1947;1;15
ESI;16;27.07.1966;1;15
HURZADE;16;22.08.1958;1;15
HICRA;16;9.02.1978;1;15
MEHBUB;16;5.08.1970;1;15
ESSIN;16;2.01.1971;1;15
EDIT;16;10.08.1960;1;15
PIRLAK;16;2.06.1963;1;15
HUSNUZAR;16;9.04.1956;1;15
OZLIN;16;20.10.1984;1;15
MARYEM;15;7.11.1954;0;15
TULGUN;15;3.01.1963;0;15
FERHUNDA;15;4.04.1968;0;15
GULZEYNEP;15;17.09.1974;0;15
NESADET;15;6.02.1959;0;15
SIZAN;15;12.04.1967;0;15
GAFFURE;15;8.12.1965;0;15
MIHIR;15;23.04.1960;0;15
TAVHIDE;15;7.04.1963;0;15
EVAY;15;15.02.1974;0;15
SUDYA;15;8.02.1971;0;15
EYLAM;15;8.03.1985;0;15
RESME;15;12.12.1958;0;15
BINUR;15;1.04.1969;0;15
SUNE;15;18.01.1965;0;15
HISRI;15;11.05.1937;0;15
RAVZIYE;15;6.04.1958;0;15
ZIGAYRA;15;6.09.1959;0;15
SAMIHAT;15;20.06.1973;0;15
YEKPARE;15;28.08.1961;0;15
ZULFAN;15;22.01.1973;0;15
PERISA;15;9.12.1968;0;15
GAZZO;15;17.02.1940;0;15
ZEYNEBI;15;9.05.1956;0;15
HAPSI;15;4.04.1946;0;15
NUJIN;15;11.10.1983;0;15
KUMRUYE;15;26.04.1966;0;15
FIZA;15;22.02.1973;0;15
SIIDE;15;19.01.1963;0;15
BEYAZE;15;16.12.1943;0;15
VEDILE;15;9.06.1976;0;15
SALMA;15;5.02.1965;0;15
CELIYLE;15;14.07.1962;0;15
MEFIDE;15;22.08.1971;0;15
SEHREBANI;15;16.04.1957;0;15
AMAL;15;5.01.1969;0;15
IZMIRE;15;23.12.1959;0;15
CEZIYE;15;26.12.1967;0;15
SAFRA;15;12.01.1968;0;15
IREMGUL;15;4.02.1986;0;15
FATHIYE;15;26.03.1957;0;15
FERSIYE;15;19.11.1963;0;15
TABIA;15;20.10.1962;0;15
ORDI;15;16.10.1939;0;15
HACIZE;15;15.03.1964;0;15
NAHRIN;15;21.08.1985;0;15
HAYFE;15;2.06.1959;0;15
NERCIS;15;5.11.1957;0;15
MIRIAM;15;30.05.1978;0;15
NARICI;15;21.08.1973;0;15
METIA;15;29.07.1966;0;15
SUMAYA;15;25.07.1972;0;15
VESIFE;15;3.04.1969;0;15
HAYNUR;15;17.02.1966;0;15
ZELHAN;15;10.03.1958;0;15
NAJLA;15;10.04.1971;0;15
ZUHAR;15;7.09.1966;0;15
SEHRABAN;15;23.10.1958;0;15
FERZANIYE;15;26.03.1951;0;15
REMBIYE;15;29.12.1962;0;15
NEYLIFER;15;27.01.1949;0;15
LEDIME;15;12.02.1967;0;15
ORFIYE;15;18.07.1962;0;15
GULHATICE;15;19.03.1971;0;15
GULAZEN;15;27.06.1958;0;15
GULCEVHER;15;8.05.1964;0;15
GULCENNET;15;1.09.1974;0;15
LEBUDE;15;15.09.1973;0;15
GULAMIYE;15;6.03.1968;0;15
NAHIFE;15;18.11.1957;0;15
GULEMEN;15;1.03.1958;0;15
TECELLIYE;15;3.01.1964;0;15
HURMIS;15;30.03.1958;0;15
SELVISAN;15;23.08.1960;0;15
CIHADE;15;13.06.1963;0;15
GUNNAMIYE;15;4.10.1964;0;15
FIRDEVZ;15;3.02.1967;0;15
NALIZER;15;16.04.1963;0;15
HABIYE;15;17.04.1970;0;15
MUZIYYEN;15;9.05.1964;0;15
GUZZADE;15;23.04.1965;0;15
CEFAYIL;15;7.07.1967;0;15
SUZIDIL;15;20.01.1972;0;15
FENZIYE;15;10.10.1962;0;15
MUSEP;15;18.10.1960;0;15
RUKNIYE;15;17.01.1964;0;15
MAHUNUR;15;25.04.1959;0;15
MUCALLA;15;2.08.1974;0;15
MUZUYEN;15;20.06.1965;0;15
BIRTANEM;15;4.04.1983;0;15
MAHTURE;15;20.01.1948;0;15
KHATUNA;15;11.07.1971;0;15
BEYBIN;15;14.02.1977;0;15
FATUMATUZZEHRA;15;18.10.1966;0;15
ONZILE;15;2.05.1962;0;15
POLEN;15;29.06.1987;0;15
ERSINE;15;20.10.1970;0;15
NIHAYE;15;20.09.1958;0;15
NEVHILAL;15;16.01.1955;0;15
RASENDE;15;11.09.1952;0;15
BINAS;15;27.05.1966;0;15
MIHRIBAL;15;20.11.1963;0;15
SALEHA;15;6.04.1958;0;15
MASEKER;15;5.09.1952;0;15
TULE;15;3.07.1964;0;15
OZCE;15;5.10.1983;0;15
MUSEBBE;15;20.08.1955;0;15
SIBA;15;18.06.1980;0;15
VUSALA;15;19.11.1981;0;15
PURCIHAN;15;9.12.1949;0;15
MINENUR;15;12.12.1982;0;15
ZEYNEPGUL;15;26.01.1979;0;15
NURHADIYE;15;4.11.1972;0;15
NULAY;15;7.02.1975;0;15
NEMILE;15;23.04.1961;0;15
LEHIME;15;15.07.1956;0;15
OFELYA;15;14.04.1970;0;15
NAZAKAT;15;14.03.1969;0;15
DILISAT;15;6.12.1955;0;15
CEVDIYE;15;9.06.1965;0;15
NEMIHA;15;10.02.1962;0;15
PIRINC;15;29.12.1954;0;15
BAHDIYE;15;3.04.1959;0;15
FERDES;15;17.04.1960;0;15
TARIYE;15;2.06.1958;0;15
ESVIYE;15;20.06.1962;0;15
ZULEYDE;15;18.04.1963;0;15
NADIGUL;15;8.09.1964;0;15
HASIRE;15;16.05.1962;0;15
HEZINE;15;22.01.1961;0;15
REGIBE;15;7.08.1954;0;15
GULIMSER;15;28.10.1967;0;15
SAIZAR;15;21.05.1959;0;15
HUDEN;15;1.03.1983;0;15
GUNDENUR;15;13.04.1964;0;15
MEKYE;15;18.11.1967;0;15
FIDET;15;4.02.1962;0;15
MENE;15;1.02.1962;0;15
ENZILHA;15;19.04.1970;0;15
HAVAHANIM;15;3.12.1960;0;15
NANO;15;11.05.1945;0;15
MILTAN;15;30.09.1959;0;15
NEFINE;15;14.11.1964;0;15
MURESTE;15;13.10.1953;0;15
MEVLUS;15;30.09.1964;0;15
NARIZE;15;19.03.1954;0;15
ASENE;15;15.08.1966;0;15
NAZIFET;15;8.08.1959;0;15
UMMULHAYIR;15;17.10.1957;0;15
TAYIBA;15;20.08.1958;0;15
HASME;15;6.06.1958;0;15
CEZNUR;15;2.10.1967;0;15
GULTAP;15;5.02.1979;0;15
SEVILNAZ;15;30.03.1969;0;15
LEFIGA;15;26.01.1970;0;15
KEBIRA;15;19.08.1966;0;15
GULMAYA;15;7.01.1960;0;15
MEHNAZ;15;10.09.1980;0;15
NAFIKAR;15;2.07.1946;0;15
HUSME;15;16.08.1953;0;15
DURAZIYE;15;13.10.1970;0;15
HICRIGUL;15;17.03.1967;0;15
HORMUS;15;17.11.1960;0;15
MUKIYE;15;24.05.1973;0;15
MAHIRA;15;29.10.1964;0;15
TUMBULA;15;30.09.1949;0;15
PIRMAN;15;23.01.1966;0;15
ULKUME;15;14.05.1961;0;15
SENURE;15;28.06.1958;0;15
SATIKE;15;28.05.1961;0;15
MELIGUL;15;3.04.1977;0;15
SUDABA;15;16.12.1964;0;15
KARINE;15;7.09.1966;0;15
ELEONORA;15;23.03.1967;0;15
FERINDE;15;23.05.1957;0;15
SUTFIYE;15;13.09.1950;0;15
MAHZUNE;15;11.05.1950;0;15
ZAHIDA;15;6.02.1969;0;15
HENAR;15;8.06.1953;0;15
GULESMER;15;24.10.1963;0;15
KUHAR;15;18.10.1941;0;15
UKUS;15;24.11.1937;0;15
CANSEVIL;15;25.10.1972;0;15
DILI;15;2.08.1947;0;15
BEFRIYE;15;7.03.1969;0;15
BEGIYE;15;2.09.1960;0;15
NESIFA;15;22.12.1961;0;15
SURGUL;15;17.01.1962;0;15
IMRIHAN;15;28.04.1974;0;15
HIRATI;15;3.08.1960;0;15
OZLUFET;15;16.11.1976;0;15
SIKAL;15;2.04.1963;0;15
TAMILE;15;10.01.1972;0;15
CIGDEN;15;6.12.1974;0;15
EZIYET;15;12.10.1973;0;15
MUSEHEL;15;21.12.1978;0;15
GAIBE;15;10.07.1955;0;15
CERKEZI;15;29.06.1962;0;15
HUSNICEMAL;15;10.03.1968;0;15
SIDIKKA;15;2.07.1967;0;15
ZUHRETE;15;6.01.1970;0;15
MINOS;15;4.03.1962;0;15
ZEYNAB;15;23.07.1967;0;15
BAGDESER;15;3.11.1975;0;15
ZUBEDE;15;1.03.1965;0;15
MURGUL;15;12.07.1965;0;15
MIRVARI;15;15.01.1955;0;15
SEPAL;15;16.11.1965;0;15
KUMRIHAN;15;25.02.1970;0;15
GULUME;15;27.08.1962;0;15
GULAYTEN;15;16.10.1957;0;15
TAMAMGUL;15;3.06.1962;0;15
GULBENDI;15;24.06.1958;0;15
SUMIYE;15;23.08.1974;0;15
ZULFIRAZ;15;5.08.1954;0;15
ZUMRUGUL;15;18.05.1956;0;15
URIDE;15;30.08.1959;0;15
RUHPER;15;9.01.1957;0;15
LEBIDE;15;11.08.1956;0;15
HALIDA;15;21.09.1968;0;15
PERLIN;15;30.03.1974;0;15
CAVIDIYE;15;4.06.1956;0;15
SAFORA;15;22.12.1957;0;15
KESGI;15;3.03.1957;0;15
MILFER;15;14.10.1971;0;15
HURAMAN;15;30.11.1967;0;15
BULBUN;15;23.07.1946;0;15
HABIBIYE;15;4.01.1965;0;15
MUSAHIDE;15;10.05.1957;0;15
AHIRE;15;20.02.1956;0;15
HARZEMIN;15;12.02.1973;0;15
LIBADE;15;14.04.1965;0;15
GOKULU;15;6.11.1963;0;15
GULSOLMAZ;15;22.03.1957;0;15
TEMRA;15;14.04.1971;0;15
HURINISA;15;30.11.1959;0;15
TUGSEM;15;29.06.1988;0;15
SABRIE;15;3.10.1976;0;15
NESVANE;15;21.02.1965;0;15
EBRUG;15;23.09.1977;0;15
ZATIFE;15;14.05.1960;0;15
TAZIMET;15;10.08.1957;0;15
NURBETUL;15;18.06.1987;0;15
GULEVIN;15;21.05.1978;0;15
HANEFE;15;6.10.1960;0;15
AYISAN;15;14.07.1946;0;15
HAMPERI;15;23.11.1958;0;15
GULMAL;15;26.05.1973;0;15
GULHABIN;15;22.06.1974;0;15
RADIA;15;14.01.1972;0;15
SECIMGUL;15;3.09.1964;0;15
DOTMIR;15;25.07.1975;0;15
SONGOL;15;12.03.1980;0;15
MURVIYE;15;24.03.1951;0;15
HAYRINNUSA;15;6.11.1960;0;15
MUZEYAN;15;29.10.1967;0;15
HULUYE;15;11.01.1971;0;15
SETERET;15;27.01.1961;0;15
URBABA;15;19.05.1952;0;15
MAHYILDIZ;15;16.02.1954;0;15
SEYYALE;15;9.12.1960;0;15
NENSI;15;12.10.1983;0;15
NUNU;15;30.10.1960;0;15
SENSEV;15;13.12.1959;0;15
SAYESDE;15;14.02.1964;0;15
RESMIGUZEL;15;7.09.1959;0;15
RUHINE;15;16.09.1968;0;15
DONERIYE;15;14.11.1961;0;15
EDAKER;15;18.05.1959;0;15
GULZAHIR;15;19.11.1958;0;15
ALTINSER;15;2.06.1963;0;15
MURDES;15;25.03.1955;0;15
GULIMAN;15;17.10.1960;0;15
RAMIZA;15;15.06.1962;0;15
ZEYIDE;15;6.02.1959;0;15
MESLIHAN;15;11.02.1974;0;15
REYHANEY;15;20.05.1947;0;15
MEZIHAT;15;26.2.1831;0;15
UMMUSUM;15;4.12.1955;0;15
SIVA;15;24.11.1977;0;15
SIMBER;15;23.01.1967;0;15
MINAY;15;22.12.1974;0;15
GULELIF;15;10.08.1973;0;15
MUJDELEN;15;16.11.1963;0;15
DURANE;15;9.05.1949;0;15
ZEDET;15;24.11.1964;0;15
UMAHANI;15;9.12.1959;0;15
MUTESNA;15;16.01.1972;0;15
FERFURIYE;15;3.02.1961;0;15
KUDDUSE;15;15.11.1960;0;15
NURULSABAH;15;15.10.1957;0;15
DIRHEM;15;29.06.1984;0;15
SUZANNE;15;1.10.1965;0;15
NEYRA;15;3.02.1971;0;15
SAYINDE;15;27.12.1968;0;15
YETIME;15;3.10.1965;0;15
SALHI;15;11.11.1963;0;15
HEMSE;15;19.04.1961;0;15
HENIYE;15;22.08.1968;0;15
YESRE;15;2.01.1973;0;15
REBIYA;15;13.08.1968;0;15
ARZUYE;15;17.02.1959;0;15
BEYE;15;4.02.1968;0;15
BEDRIE;15;3.12.1966;0;15
GOZIDE;15;3.09.1967;0;15
EVRIYE;15;24.11.1966;0;15
IRA;15;15.07.1975;0;15
SERDIYE;15;16.12.1956;0;15
MARIANNE;15;5.02.1948;0;15
MUCELA;15;23.06.1975;0;15
MESURA;15;17.06.1961;0;15
STEPHANIE;15;11.03.1973;0;15
BULVIN;15;5.08.1967;0;15
RABUS;15;15.03.1954;0;15
HIMAMI;15;7.08.1954;0;15
VOLHA;15;7.07.1977;0;15
RASILE;15;5.11.1957;0;15
FATMAYI;15;13.04.1955;0;15
IULIA;15;4.09.1971;0;15
REYLA;15;5.01.1956;0;15
OMCA;15;15.07.1975;0;15
LIBASE;15;7.12.1956;0;15
LIOUBOV;15;27.07.1972;0;15
NICULINA;15;4.01.1969;0;15
SANSIGUL;15;24.04.1972;0;15
FATUMATUL;15;16.12.1974;0;15
CETIN;42192;18.08.1972;42178;14
CEM;30466;14.12.1980;30452;14
FERDI;19495;19.12.1983;19481;14
MEMDUH;6405;29.07.1963;6391;14
FERAT;4757;10.03.1974;4743;14
SEZAYI;3753;28.05.1968;3739;14
ENSAR;2883;22.07.1975;2869;14
SENTURK;1330;7.08.1970;1316;14
HAFIZ;1185;13.05.1961;1171;14
KADIM;991;27.05.1964;977;14
BEDRAN;739;23.10.1970;725;14
ZEKIR;212;25.06.1955;198;14
PASALI;155;28.10.1955;141;14
MUTLUHAN;127;6.06.1981;113;14
DURUL;121;19.06.1977;107;14
ADLEN;120;28.09.1970;106;14
DIRENC;116;14.01.1983;102;14
RABI;100;13.05.1967;86;14
UMID;96;1.04.1968;82;14
AGUS;87;14.11.1946;73;14
SUNDAY;84;29.2.1971;70;14
SEHAP;83;20.07.1959;69;14
CESARET;80;1.03.1971;66;14
FERHUN;70;7.03.1969;56;14
MAHSER;65;23.12.1968;51;14
BILGIC;59;17.10.1966;45;14
BEYKAN;59;29.04.1976;45;14
BILAN;57;6.04.1975;43;14
BEKAR;56;18.05.1954;42;14
SIFAT;46;25.07.1963;32;14
SAMMA;45;13.05.1963;31;14
SEYAR;44;29.09.1971;30;14
MAMI;39;2.09.1942;25;14
ELVIS;38;4.12.1974;24;14
TANZEL;36;7.01.1968;22;14
SEHIL;33;26.07.1972;19;14
NASIB;33;2.11.1966;19;14
HONKER;33;24.04.1961;19;14
BARIN;32;18.10.1981;18;14
SABRET;32;16.05.1970;18;14
VEDET;31;22.11.1968;17;14
RENDA;31;3.11.1965;17;14
ARMIN;31;15.09.1955;17;14
ERGIL;30;14.04.1971;16;14
YILCAN;30;6.12.1975;16;14
SINAL;29;9.12.1972;15;14
ILKSAN;29;10.09.1976;15;14
AYFUN;26;15.09.1974;12;14
SEMENDER;25;3.05.1953;11;14
SINAYI;24;10.08.1973;10;14
PARIS;22;26.07.1954;8;14
MEYSERET;22;26.08.1972;8;14
ZEYVER;21;26.11.1951;7;14
OZDAN;20;11.01.1965;6;14
METAN;20;11.10.1966;6;14
ATO;20;19.09.1949;6;14
BUKAY;20;13.12.1965;6;14
ADIN;20;28.08.1955;6;14
HURGUN;20;13.10.1970;6;14
FEZAN;19;1.01.1972;5;14
DILVER;19;12.12.1968;5;14
GUVEL;19;1.03.1966;5;14
SEREL;19;22.12.1985;5;14
TURKISTAN;19;11.04.1975;5;14
ERPIL;19;5.01.1973;5;14
GUNGER;19;19.08.1964;5;14
HAMILI;18;7.01.1957;4;14
SACO;18;5.10.1946;4;14
BERHI;18;21.07.1943;4;14
GAZAP;18;9.06.1949;4;14
GUZER;18;14.02.1959;4;14
GULTAY;18;24.12.1963;4;14
HAKIMIYET;18;22.10.1968;4;14
HOSGOR;18;7.07.1963;4;14
TUNCU;18;1.09.1963;4;14
YUKSEN;18;23.07.1963;4;14
YUVA;17;16.12.1964;3;14
GULKEN;17;20.04.1978;3;14
NEHAYET;17;28.05.1946;3;14
BOZA;17;2.05.1967;3;14
ZEMRA;17;19.10.1971;3;14
HAYRU;17;21.06.1970;3;14
NAMLI;17;28.07.1957;3;14
MATAN;17;1.03.1960;3;14
GOLU;17;5.05.1955;3;14
YURDU;17;24.02.1969;3;14
ROSAN;17;6.09.1979;3;14
BERGUN;17;30.08.1968;3;14
NEVZAR;17;7.02.1959;3;14
ELIT;17;18.08.1985;3;14
BILIN;16;2.06.1964;2;14
ARBIL;16;1.07.1968;2;14
TAYLA;16;11.03.1961;2;14
MUASSER;16;29.08.1965;2;14
ELFIN;16;12.08.1978;2;14
ZEYNU;16;10.05.1951;2;14
GULDAY;16;29.01.1979;2;14
CANDER;16;2.10.1970;2;14
OMRAY;16;11.08.1975;2;14
RUSHAN;16;25.09.1980;2;14
FERDINAZ;16;26.09.1970;2;14
HUDAKER;16;5.07.1966;2;14
MUFTELA;16;5.02.1951;2;14
BERAK;16;28.03.1983;2;14
SEMIYAN;16;29.05.1968;2;14
KATIF;16;5.07.1957;2;14
MESIL;16;2.11.1979;2;14
MESLIHA;15;3.01.1970;1;14
MAHAN;15;29.05.1960;1;14
FIRYAN;15;16.07.1964;1;14
HURIYA;15;18.11.1965;1;14
FERDANI;15;9.01.1957;1;14
BURSAH;15;19.10.1988;1;14
NURCE;15;17.12.1980;1;14
MIRBAN;15;5.02.1960;1;14
OZGEM;15;24.11.1985;1;14
IKBAR;15;11.01.1955;1;14
NEJDAN;15;21.04.1960;1;14
PERCAN;15;30.04.1974;1;14
CEVRE;15;5.12.1954;1;14
UVEYDA;15;27.05.1973;1;14
EFLAN;15;21.05.1970;1;14
BIRGIT;15;18.07.1971;1;14
MUSANI;15;10.02.1964;1;14
NURSA;15;11.04.1972;1;14
KUMRAY;15;4.01.1978;1;14
KERZIMAN;15;28.02.1964;1;14
MUNTEZEM;15;14.01.1978;1;14
HACERI;15;16.01.1964;1;14
NURSIL;15;5.08.1969;1;14
KADRINUR;15;18.12.1960;1;14
SERVIHAN;15;1.11.1969;1;14
HIVA;15;14.07.1985;1;14
GOLLI;15;25.02.1951;1;14
ACEMI;15;29.2.1963;1;14
BILGINAR;15;18.08.1978;1;14
SAZEDE;15;28.02.1969;1;14
FAKAT;15;11.07.1956;1;14
TUGEN;15;17.12.1977;1;14
BAHSER;15;30.08.1961;1;14
SUET;15;23.10.1950;1;14
SEMIK;15;10.10.1953;1;14
ERLIN;15;5.11.1976;1;14
HURFET;15;13.08.1951;1;14
MULIFER;14;6.05.1972;0;14
ZEYNIK;14;4.02.1944;0;14
MAHAGUL;14;4.07.1962;0;14
AYZE;14;4.02.1969;0;14
SEMRAHAN;14;2.03.1976;0;14
GOLSUM;14;21.09.1966;0;14
BENNAR;14;9.12.1979;0;14
NUZBET;14;14.02.1973;0;14
ILVIYE;14;24.05.1966;0;14
TEKMINE;14;9.10.1968;0;14
SELMAGUL;14;28.01.1975;0;14
LALEN;14;18.03.1971;0;14
GULFIROZ;14;11.06.1966;0;14
HUBIYE;14;8.06.1956;0;14
MEKPARE;14;23.05.1971;0;14
GULHA;14;27.10.1968;0;14
GULLAY;14;19.12.1974;0;14
CAFAYIR;14;15.10.1963;0;14
AYSEYI;14;17.09.1956;0;14
NUSU;14;15.12.1945;0;14
CEMLE;14;7.03.1959;0;14
MUREBBIYE;14;27.10.1957;0;14
HUCI;14;30.06.1938;0;14
LIUBA;14;25.11.1975;0;14
EYGUL;14;19.09.1968;0;14
MEYVE;14;18.06.1971;0;14
NEJDE;14;22.09.1968;0;14
SUKRUYAN;14;23.05.1967;0;14
SEHRINUR;14;30.09.1975;0;14
MESILE;14;29.2.1965;0;14
RECVA;14;17.07.1968;0;14
HICAZE;14;1.12.1961;0;14
KECI;14;28.11.1937;0;14
MERYETE;14;21.07.1969;0;14
MUBEYAN;14;20.08.1964;0;14
DIRRA;14;4.01.1971;0;14
MUNZILE;14;19.09.1961;0;14
RAKYA;14;9.04.1971;0;14
MULKIYA;14;29.02.1976;0;14
FERKIYE;14;26.12.1966;0;14
RADYA;14;4.01.1981;0;14
MENIRA;14;18.09.1966;0;14
VEZIRA;14;8.04.1966;0;14
FETTUMA;14;1.01.1963;0;14
MURIBAN;14;28.03.1967;0;14
KAFYE;14;15.11.1964;0;14
BILDEM;14;4.01.1981;0;14
KAMLA;14;9.11.1950;0;14
GEMRE;14;25.12.1953;0;14
RUHEYLA;14;14.04.1967;0;14
LALAN;14;2.01.1969;0;14
HALVA;14;23.01.1949;0;14
HERDEN;14;20.11.1963;0;14
RAVHIYE;14;5.11.1975;0;14
SAHIDA;14;1.03.1966;0;14
MUNYET;14;15.12.1963;0;14
FATEN;14;22.06.1964;0;14
ASMAHAN;14;22.05.1973;0;14
ZERISAN;14;24.09.1965;0;14
ELFO;14;6.02.1952;0;14
MENCO;14;3.12.1954;0;14
YISRA;14;11.12.1973;0;14
ATIFA;14;7.04.1959;0;14
MEYASA;14;17.05.1962;0;14
NATALIE;14;28.06.1980;0;14
LUVIZE;14;4.01.1958;0;14
NELA;14;9.10.1969;0;14
ZAHURA;14;15.10.1953;0;14
ISABEL;14;7.03.1979;0;14
HARCIYE;14;25.05.1973;0;14
LANA;14;3.06.1973;0;14
KRISTINE;14;13.08.1972;0;14
TERESA;14;21.12.1962;0;14
LILYANA;14;5.04.1963;0;14
ANKIN;14;7.05.1952;0;14
REBECCA;14;3.04.1973;0;14
HIND;14;8.07.1967;0;14
AMANDA;14;11.10.1975;0;14
AHLAM;14;30.2.1978;0;14
ENUSE;14;14.03.1973;0;14
SEHRO;14;26.03.1947;0;14
FEYRUZHAN;14;5.10.1956;0;14
JESSICA;14;9.01.1982;0;14
SEHREZAT;14;14.06.1977;0;14
AYISA;14;8.12.1947;0;14
BELKIZAN;14;3.02.1955;0;14
SAFFURE;14;9.01.1960;0;14
MEDRIYE;14;29.04.1966;0;14
MAHBET;14;24.01.1973;0;14
NEZATE;14;30.09.1965;0;14
SEKINET;14;8.01.1961;0;14
CEVA;14;15.11.1941;0;14
NORMA;14;13.07.1961;0;14
ZEINAB;14;10.08.1977;0;14
MERCANI;14;19.05.1958;0;14
NEBIAT;14;25.11.1956;0;14
MERISE;14;1.08.1960;0;14
FERRUZE;14;3.07.1957;0;14
OZGULAY;14;23.09.1981;0;14
ZENUNE;14;25.03.1958;0;14
NAIDA;14;24.05.1972;0;14
LELIFER;14;5.12.1958;0;14
FERRAHNAZ;14;6.04.1968;0;14
CANFIZE;14;19.05.1957;0;14
NEZIA;14;26.03.1950;0;14
NUTUS;14;6.05.1958;0;14
ZULEYYA;14;27.01.1962;0;14
NEZBIYE;14;30.11.1952;0;14
BEHIYCE;14;30.01.1962;0;14
MUKSINE;14;26.09.1966;0;14
PELUZAR;14;19.09.1956;0;14
ZUBEYLA;14;11.06.1965;0;14
FILIYE;14;23.12.1957;0;14
RUSIYE;14;2.06.1961;0;14
MEHRIME;14;1.04.1959;0;14
GULUSUN;14;28.01.1966;0;14
NAGLAN;14;9.11.1965;0;14
MUSGINAZ;14;6.05.1956;0;14
KEZIME;14;17.04.1963;0;14
SAADED;14;13.10.1973;0;14
RUBABA;14;19.04.1960;0;14
GULLUM;14;11.09.1968;0;14
CIGSE;14;10.10.1990;0;14
NURAGUL;14;6.10.1961;0;14
ALIHA;14;21.12.1961;0;14
GULUMSUN;14;8.07.1973;0;14
CANDIYER;14;9.11.1969;0;14
NABIA;14;10.11.1958;0;14
HEMIYE;14;19.11.1960;0;14
EMINNUR;14;1.01.1964;0;14
MUGTEBER;14;27.04.1952;0;14
KAMIYE;14;17.05.1956;0;14
HESIME;14;12.11.1960;0;14
FEZIRE;14;6.08.1952;0;14
MAGMURE;14;10.06.1961;0;14
SONKIZ;14;8.12.1970;0;14
UMIGUL;14;3.07.1963;0;14
SAHZANE;14;8.04.1950;0;14
GULZARE;14;10.09.1963;0;14
MENGUL;14;8.03.1964;0;14
KIZ;14;18.11.1956;0;14
NEFIGUL;14;26.03.1966;0;14
ADRIYE;14;18.09.1962;0;14
GULALTUN;14;22.10.1962;0;14
SEMSUBAN;14;6.08.1960;0;14
YASE;14;23.12.1963;0;14
RAMIA;14;13.07.1957;0;14
SEKERZADE;14;22.03.1959;0;14
TURCEHAN;14;6.07.1964;0;14
UNSIYET;14;26.10.1950;0;14
FERRAN;14;12.03.1973;0;14
GIZEMNUR;14;16.04.1990;0;14
HEYRIYE;14;20.03.1950;0;14
HUMEYYE;14;24.12.1969;0;14
SURIYET;14;14.01.1969;0;14
SEVIHAN;14;2.05.1967;0;14
NIYADE;14;17.09.1953;0;14
SABIYYE;14;23.02.1959;0;14
RAGNA;14;28.07.1949;0;14
ILKLIMA;14;27.10.1981;0;14
VADEGUL;14;12.01.1972;0;14
SEVZIYE;14;7.06.1965;0;14
FIDIYE;14;26.06.1959;0;14
MEHBURE;14;22.08.1959;0;14
GULBIHAN;14;25.06.1973;0;14
BADENUR;14;25.01.1977;0;14
GUBSE;14;28.08.1984;0;14
NILBAHAR;14;6.08.1974;0;14
SEDAG;14;13.11.1978;0;14
LEYLAHAN;14;6.01.1970;0;14
NERMIHAN;14;12.06.1965;0;14
SERMIHAN;14;26.06.1972;0;14
GULKONCA;14;25.04.1966;0;14
SEHPER;14;19.10.1948;0;14
SAAVET;14;9.12.1954;0;14
CAROLINA;14;18.02.1974;0;14
NAZNUR;14;23.05.1965;0;14
SEDAVET;14;3.01.1965;0;14
GULUSAR;14;21.10.1959;0;14
SARRA;14;5.04.1971;0;14
ZILIKE;14;14.10.1967;0;14
GULSIYEN;14;25.02.1964;0;14
MUSERREM;14;5.11.1965;0;14
ELVADE;14;10.07.1959;0;14
MUDEBBIRE;14;15.04.1944;0;14
MUTAHHARA;14;7.08.1972;0;14
SOHBEN;14;26.09.1957;0;14
NACIZE;14;7.11.1958;0;14
SADALI;14;15.06.1947;0;14
HOSNAZI;14;6.11.1965;0;14
AYBANIZ;14;4.12.1966;0;14
FATIMAT;14;2.03.1946;0;14
NAZLIME;14;19.11.1960;0;14
GULASLI;14;21.11.1960;0;14
SAMAYA;14;10.01.1964;0;14
KAYAGUL;14;24.05.1967;0;14
SEMENUR;14;12.10.1974;0;14
HEMEN;14;25.04.1962;0;14
EMENTU;14;21.11.1969;0;14
SONGULER;14;1.03.1969;0;14
FAYTON;14;11.08.1951;0;14
SEFINUR;14;18.05.1964;0;14
GULSEZER;14;28.09.1960;0;14
ANETA;14;19.09.1963;0;14
ELMAGUL;14;18.09.1981;0;14
HAKIZE;14;15.06.1951;0;14
NEVDIYE;14;15.01.1965;0;14
ELFIZAR;14;28.09.1957;0;14
KENTURE;14;9.10.1965;0;14
LEYLAFER;14;25.12.1955;0;14
AYSULE;14;10.06.1973;0;14
MUJDEGUL;14;19.03.1979;0;14
NEYIME;14;5.10.1947;0;14
NERCIMAN;14;27.12.1963;0;14
KATERYNA;14;4.05.1977;0;14
NAZIKET;14;24.04.1956;0;14
TAYYUBE;14;16.06.1956;0;14
DURSI;14;30.05.1952;0;14
ESRAH;14;10.06.1978;0;14
MESUBE;14;18.06.1971;0;14
MUZIHAN;14;18.10.1970;0;14
PAULINE;14;21.09.1956;0;14
NERMINUR;14;5.06.1959;0;14
ANZHELA;14;27.12.1971;0;14
EMA;14;2.06.1966;0;14
BASIME;14;20.06.1960;0;14
AHIRIYE;14;25.12.1962;0;14
KADIRYA;14;26.09.1972;0;14
SAREBAN;14;26.08.1970;0;14
VECILE;14;22.06.1965;0;14
FARISE;14;14.05.1967;0;14
SAHISE;14;8.09.1956;0;14
SEMDAN;14;10.01.1980;0;14
NISFI;14;13.06.1959;0;14
BEHIBE;14;28.01.1959;0;14
ZEMZAMA;14;11.05.1967;0;14
HUSNICE;14;16.04.1969;0;14
ZEZE;14;26.07.1946;0;14
PERISIMAN;14;17.11.1961;0;14
MESIHE;14;13.10.1961;0;14
NECRAN;14;21.04.1965;0;14
UKIYE;14;24.06.1954;0;14
EGRICE;14;21.07.1961;0;14
MAHNAZ;14;4.02.1964;0;14
SENTENE;14;27.07.1954;0;14
KETAN;14;10.10.1951;0;14
MEREL;14;23.08.1967;0;14
GULGER;14;24.08.1968;0;14
AYLEM;14;22.02.1984;0;14
SULHUYE;14;13.10.1967;0;14
SUSENGUL;14;26.11.1970;0;14
MAFARET;14;17.02.1964;0;14
MIRNAZ;14;7.05.1958;0;14
BEISE;14;24.06.1963;0;14
HABIRE;14;4.04.1949;0;14
ANABACI;14;25.11.1943;0;14
MUTAHIRE;14;8.09.1959;0;14
MIHRIVER;14;17.09.1955;0;14
NIMETIYE;14;3.12.1960;0;14
MURACIYE;14;4.05.1969;0;14
ILSU;14;7.01.1985;0;14
FEDAIYE;14;4.04.1954;0;14
TEFIKE;14;20.01.1956;0;14
NIKER;14;9.07.1951;0;14
SELIHAT;14;25.01.1955;0;14
HAYAZET;14;20.03.1958;0;14
BIRCIN;14;6.12.1976;0;14
AYIDE;14;25.12.1956;0;14
AKGULU;14;16.05.1967;0;14
KOHAR;14;9.01.1950;0;14
NIRGIZ;14;13.06.1960;0;14
SERENAD;14;22.05.1980;0;14
MIGREM;14;17.07.1952;0;14
GULDANA;14;9.04.1957;0;14
ESRAHAN;14;29.06.1981;0;14
OZENIR;14;25.06.1969;0;14
SINECAN;14;26.04.1983;0;14
YURDAGULER;14;7.03.1952;0;14
MUNTEZIM;14;6.03.1970;0;14
FEIDE;14;6.07.1965;0;14
GULNIKAR;14;10.06.1956;0;14
ARZIGUL;14;4.10.1965;0;14
SAYLE;14;23.04.1971;0;14
SEVGULE;14;15.05.1956;0;14
RUHUZE;14;7.11.1968;0;14
AKRIME;14;24.09.1965;0;14
GULFIYAT;14;12.06.1961;0;14
SUZEM;14;7.04.1975;0;14
RUHIZER;14;29.02.1964;0;14
ISMIN;14;22.06.1967;0;14
MENTIKA;14;14.10.1973;0;14
EZLIFET;14;2.04.1971;0;14
MEHIRE;14;29.11.1963;0;14
NAZIYA;14;18.01.1966;0;14
MEHRIBA;14;6.10.1952;0;14
MEHSIMA;14;9.04.1974;0;14
HICIRAN;14;23.03.1972;0;14
EMENTULLAH;14;1.04.1968;0;14
TALIYET;14;21.01.1956;0;14
ZINAT;14;19.07.1961;0;14
EFIFE;14;17.07.1960;0;14
MUHADDET;14;14.01.1955;0;14
SELVERIYE;14;26.10.1960;0;14
KAYTEN;14;23.01.1960;0;14
GULANAY;14;18.05.1967;0;14
HEMDEGUL;14;21.12.1967;0;14
SUDYE;14;10.04.1967;0;14
SERABANI;14;12.07.1951;0;14
AYIFER;14;23.08.1967;0;14
LUBEZE;14;17.03.1949;0;14
DONA;14;15.12.1961;0;14
FIRA;14;30.03.1966;0;14
KADAR;14;22.04.1977;0;14
AZEMIN;14;9.07.1960;0;14
ZELKADE;14;2.12.1962;0;14
GULBESER;14;20.03.1959;0;14
AYKUNA;14;8.03.1948;0;14
REBIHE;14;24.08.1961;0;14
ZITTI;14;23.11.1959;0;14
VATFEY;14;17.06.1963;0;14
HAYRE;14;8.12.1962;0;14
RUHUNAZ;14;13.01.1953;0;14
SECILYA;14;20.09.1988;0;14
DELYA;14;24.01.1979;0;14
CUHEYNA;14;13.01.1967;0;14
RUHNIYAZ;14;19.04.1952;0;14
GULENGUN;14;17.10.1962;0;14
VERDAG;14;23.02.1975;0;14
NURULHEDA;14;16.01.1962;0;14
MEHFARET;14;21.03.1967;0;14
MUJDELIF;14;12.12.1978;0;14
HADIBE;14;4.10.1963;0;14
ZERYA;14;30.03.1966;0;14
BESEREK;14;5.10.1954;0;14
ZEHEYYE;14;12.03.1968;0;14
FETIME;14;12.06.1958;0;14
VASFA;14;2.05.1969;0;14
VETFAN;14;25.12.1970;0;14
EDIKE;14;10.05.1966;0;14
JOANNE;14;28.08.1972;0;14
ANZHELIKA;14;4.01.1975;0;14
SAHEZER;14;23.02.1959;0;14
MARGARETA;14;6.02.1973;0;14
YOLANDA;14;20.10.1949;0;14
MALIFE;14;12.07.1962;0;14
ENFES;14;15.11.1951;0;14
BELIZAR;14;29.12.1962;0;14
AFAG;14;9.09.1969;0;14
MEMDUFA;14;14.10.1960;0;14
HURIDE;14;1.11.1948;0;14
RIMMA;14;15.12.1973;0;14
HIZMALI;14;3.02.1955;0;14
NEZRIFA;14;9.07.1961;0;14
GAYEM;14;2.02.1982;0;14
FOVZIYE;14;25.05.1950;0;14
MAYIGUL;14;21.02.1967;0;14
DURIN;14;15.01.1967;0;14
HIRIPSIMA;14;26.12.1946;0;14
CONSTANTA;14;19.10.1966;0;14
DEBRA;14;4.05.1973;0;14
MENENDIYE;14;29.04.1954;0;14
HAPIC;14;3.06.1958;0;14
SUBUHAN;14;5.09.1973;0;14
DELFIN;14;29.2.1981;0;14
ZULUFA;14;19.02.1971;0;14
KERMUS;14;28.05.1946;0;14
ANCEL;14;5.04.1951;0;14
JORJET;14;23.01.1950;0;14
CENGIZ;86162;3.05.1973;86149;13
NAZIM;26393;23.02.1962;26380;13
MUSLUM;22702;6.09.1970;22689;13
LUTFI;22061;27.12.1961;22048;13
KUBILAY;5876;13.06.1977;5863;13
HADI;4083;30.10.1966;4070;13
KANBER;2375;2.10.1961;2362;13
OZAL;1214;2.12.1985;1201;13
GURSOY;959;12.02.1976;946;13
BAHA;959;18.07.1968;946;13
ERIM;512;2.04.1975;499;13
NAFIS;494;12.09.1966;481;13
SIYAR;313;25.04.1984;300;13
UTKAN;259;18.03.1981;246;13
YALIN;257;30.08.1981;244;13
GOKCER;221;8.11.1982;208;13
MUCTEBA;213;16.07.1965;200;13
SUNGUR;175;8.07.1964;162;13
ATILIM;164;18.06.1983;151;13
KUDDUS;159;26.08.1961;146;13
NEFI;144;12.03.1962;131;13
ZALIF;137;6.01.1965;124;13
ERCIVAN;121;15.06.1963;108;13
JAN;120;12.11.1965;107;13
NAFER;111;20.07.1969;98;13
SAFFAT;109;1.05.1957;96;13
VECDET;105;27.05.1957;92;13
BAGIS;99;16.07.1980;86;13
SAYGUN;97;11.09.1974;84;13
DONMEZ;83;27.11.1966;70;13
RUHANI;81;28.09.1973;68;13
MERDAL;74;14.05.1972;61;13
MUZEFER;66;13.08.1960;53;13
HIMET;61;29.12.1967;48;13
SAN;60;10.11.1973;47;13
HALLO;58;20.08.1936;45;13
OMRU;56;18.07.1969;43;13
GORSEL;55;12.08.1976;42;13
ERSEM;53;7.03.1979;40;13
AKSIT;53;29.05.1958;40;13
SAYIL;50;10.01.1968;37;13
MEVCUT;46;17.08.1958;33;13
HUREM;46;11.02.1967;33;13
KAINAT;45;28.04.1971;32;13
MUTLAY;43;8.01.1976;30;13
AYTU;43;14.06.1978;30;13
OLAY;42;13.12.1976;29;13
DILO;41;25.11.1954;28;13
CELADET;41;23.02.1954;28;13
GOK;39;22.08.1970;26;13
CEVHERI;37;6.09.1975;24;13
BAYSAN;36;19.05.1963;23;13
TELMAN;34;28.03.1969;21;13
BEDIL;31;15.05.1963;18;13
SEYNI;31;11.07.1967;18;13
ILAHI;30;29.2.1977;17;13
BERKEN;27;11.11.1985;14;13
KARAGOZ;27;3.05.1955;14;13
SEZGUN;26;9.01.1966;13;13
HANNAR;26;28.06.1962;13;13
SEHLI;26;4.10.1956;13;13
SAFALI;24;5.02.1954;11;13
OMAY;23;11.12.1976;10;13
AFO;22;14.08.1942;9;13
URSEN;22;16.02.1963;9;13
GOKNAR;21;7.12.1974;8;13
MUSTERI;21;9.04.1954;8;13
EZIMET;20;3.08.1958;7;13
OZET;20;12.11.1960;7;13
EYYAM;20;30.09.1964;7;13
ELIMAN;20;11.10.1954;7;13
SERCEN;20;29.01.1984;7;13
CANUR;19;23.06.1973;6;13
HIKMI;19;17.04.1959;6;13
DENIZAY;19;8.09.1973;6;13
SAHO;18;9.11.1945;5;13
TURUN;18;6.11.1962;5;13
SANDAN;18;12.02.1974;5;13
SINER;18;11.05.1971;5;13
IHTISAM;18;22.10.1960;5;13
SADIF;17;11.01.1952;4;13
BIRTAC;17;10.08.1972;4;13
FEVZAN;17;12.04.1966;4;13
SUKRUHAN;17;8.02.1962;4;13
FARZI;17;20.04.1954;4;13
KUCER;17;5.01.1964;4;13
ZUREYYA;17;14.05.1971;4;13
NIMAT;17;17.11.1960;4;13
TURSEL;16;29.08.1961;3;13
MUKKERREM;16;8.11.1961;3;13
FEYRUSA;16;28.02.1974;3;13
BIRGAN;16;8.02.1966;3;13
MARA;16;13.11.1953;3;13
SULDAN;16;30.04.1962;3;13
TARCIN;16;16.05.1978;3;13
BERSIN;16;13.08.1975;3;13
BAYSEN;16;30.07.1965;3;13
FESLI;16;13.02.1960;3;13
ZIRVE;16;9.10.1984;3;13
HENUS;16;6.10.1969;3;13
SAHINGUL;15;30.01.1965;2;13
MAHABAT;15;18.07.1981;2;13
NESEL;15;29.07.1961;2;13
DILAZER;15;22.09.1957;2;13
DIREM;15;24.01.1985;2;13
SENDE;15;11.12.1966;2;13
SUVET;15;7.12.1959;2;13
YETEN;15;30.2.1976;2;13
NEDRED;15;8.02.1965;2;13
PARI;15;24.10.1960;2;13
MUSER;15;26.08.1960;2;13
MERZE;15;17.05.1953;2;13
UMURAN;15;26.01.1966;2;13
SUNUR;15;17.06.1964;2;13
BILKER;15;27.08.1968;2;13
FERRIN;15;14.10.1968;2;13
PIROS;15;2.1.1825;2;13
SEVHER;14;22.01.1971;1;13
ASEMIN;14;15.06.1965;1;13
NESMIN;14;28.11.1975;1;13
GOLDEN;14;2.04.1969;1;13
ZILFA;14;27.06.1960;1;13
ARIYE;14;17.12.1959;1;13
SEMUNUR;14;15.10.1969;1;13
MAZER;14;25.03.1957;1;13
GULENGIN;14;13.11.1968;1;13
MUVETDET;14;27.07.1951;1;13
EVCIMEN;14;30.06.1956;1;13
CEVHAYIR;14;15.06.1966;1;13
RAHNA;14;12.03.1958;1;13
MUHLET;14;21.12.1950;1;13
NILVAN;14;25.07.1978;1;13
SERANAT;14;18.03.1978;1;13
SEBAHAN;14;5.10.1966;1;13
SENHAYAT;14;10.07.1958;1;13
IZZETI;14;23.05.1958;1;13
SERSEM;14;26.10.1955;1;13
FAIZA;14;11.05.1957;1;13
MAVZER;14;26.07.1958;1;13
AKBEL;14;24.01.1979;1;13
NESHAN;14;18.04.1960;1;13
ZULFUHAN;14;18.01.1972;1;13
HANU;14;8.05.1942;1;13
HIZAR;14;24.02.1958;1;13
TENI;14;16.05.1978;1;13
GAYBET;14;14.10.1972;1;13
GULALTIN;14;8.11.1966;1;13
DOGANGUL;14;13.10.1965;1;13
SERRAN;14;3.07.1982;1;13
UKE;14;1.08.1949;1;13
BISAN;14;18.08.1945;1;13
SEV;14;8.12.1971;1;13
NEVZA;14;4.10.1967;1;13
BERHIN;14;16.12.1971;1;13
SEHVET;14;15.09.1962;1;13
BEKLEM;14;18.06.1985;1;13
SEVGULER;14;11.02.1974;1;13
CAYDAN;13;28.06.1955;0;13
SATIYA;13;7.12.1950;0;13
ZERIHA;13;5.08.1961;0;13
PERYA;13;27.02.1974;0;13
HASARIYE;13;29.05.1973;0;13
MURISE;13;30.2.1958;0;13
UZGEN;13;16.02.1975;0;13
SERHA;13;16.12.1970;0;13
IGDEM;13;15.09.1983;0;13
BILENGUL;13;6.09.1974;0;13
NUBIYE;13;25.02.1960;0;13
PEYRAN;13;26.07.1965;0;13
MAHFIRET;13;10.09.1976;0;13
HULYAM;13;21.12.1974;0;13
SERVINAS;13;11.12.1962;0;13
DENIZE;13;12.07.1977;0;13
SAKILE;13;7.03.1957;0;13
INCAN;13;20.04.1971;0;13
MELIDE;13;26.04.1975;0;13
KAYIME;13;14.06.1955;0;13
NACMIYE;13;22.05.1964;0;13
MUZEYHA;13;18.05.1962;0;13
MAKBILE;13;25.10.1965;0;13
PERVAN;13;30.12.1965;0;13
ZULBET;13;19.06.1962;0;13
ISMEY;13;23.10.1947;0;13
SIYANET;13;21.03.1983;0;13
TASUA;13;17.04.1977;0;13
SUMMEYA;13;14.05.1986;0;13
HULYAN;13;11.06.1973;0;13
MAHDIYE;13;19.12.1975;0;13
TEYBAT;13;5.04.1974;0;13
NEHICE;13;30.2.1967;0;13
RUKKIYA;13;30.03.1968;0;13
TIFLA;13;22.10.1957;0;13
DELSAH;13;19.04.1966;0;13
HIZIMI;13;21.10.1953;0;13
RADDE;13;6.06.1960;0;13
GULGEC;13;10.05.1978;0;13
FETTUM;13;2.08.1957;0;13
PERIZAR;13;30.01.1963;0;13
TEYIBET;13;9.01.1976;0;13
VARIDE;13;30.05.1954;0;13
MELKIYE;13;13.05.1970;0;13
SEVCIYE;13;4.05.1975;0;13
MENO;13;21.1.1785;0;13
NESIPHAN;13;20.04.1940;0;13
SEVDETI;13;17.10.1962;0;13
MULKUBAR;13;25.09.1971;0;13
SADYE;13;6.04.1970;0;13
ERIHAN;13;2.07.1959;0;13
VASFIYA;13;29.05.1953;0;13
GULSENUR;13;20.05.1971;0;13
HIRANUR;13;30.2.1984;0;13
LEYMEN;13;16.03.1970;0;13
FIRYALE;13;29.05.1974;0;13
HAZI;13;18.09.1942;0;13
RUMEYDA;13;6.11.1981;0;13
FESULE;13;3.04.1964;0;13
DAIMA;13;9.07.1967;0;13
TIDORA;13;26.12.1978;0;13
ELISABET;13;10.07.1973;0;13
NINVA;13;26.05.1987;0;13
HAZZO;13;28.01.1956;0;13
JACGUELINE;13;24.01.1969;0;13
NUVER;13;3.05.1953;0;13
REGDA;13;1.06.1964;0;13
SAYIBA;13;24.01.1958;0;13
MESMIA;13;29.02.1980;0;13
KERIMEN;13;30.01.1967;0;13
MIKRIMA;13;24.06.1971;0;13
TEKIYE;13;4.03.1976;0;13
SYLVIA;13;22.11.1960;0;13
SUZANE;13;3.06.1961;0;13
HAVVANIM;13;16.12.1970;0;13
AYSUR;13;14.10.1969;0;13
GULERSU;13;25.03.1963;0;13
ORKIYE;13;14.09.1952;0;13
NURDEGUL;13;17.05.1957;0;13
GULAMER;13;4.01.1961;0;13
LIFIDE;13;1.02.1963;0;13
TUREYDE;13;18.10.1956;0;13
UMIGULSUM;13;17.10.1974;0;13
MIHRIBAR;13;25.01.1973;0;13
HUMERRA;13;24.01.1979;0;13
ZEMBIYE;13;9.08.1959;0;13
MEFARE;13;11.07.1964;0;13
GEZIBAN;13;9.10.1956;0;13
BURCI;13;5.08.1983;0;13
TENZIYE;13;4.09.1953;0;13
SECDIYE;13;18.07.1971;0;13
MURSILE;13;23.11.1966;0;13
KALEFIR;13;10.12.1964;0;13
SOYGUL;13;9.05.1975;0;13
EDEVI;13;19.09.1962;0;13
DURADIYE;13;13.06.1957;0;13
MECMURIYE;13;15.10.1959;0;13
GULFAM;13;25.11.1972;0;13
PINNAZ;13;8.03.1962;0;13
MEDIME;13;27.02.1964;0;13
NOVBER;13;15.03.1952;0;13
NURAYDA;13;25.06.1974;0;13
AYNURAN;13;22.12.1967;0;13
KUMRA;13;13.06.1972;0;13
MELEKGUL;13;2.11.1967;0;13
NARGUZAR;13;10.02.1960;0;13
FIDANGUL;13;3.12.1968;0;13
FIRDOST;13;7.10.1969;0;13
TALIYA;13;16.11.1970;0;13
SAARE;13;16.02.1962;0;13
GURSIYE;13;7.02.1969;0;13
FAIGE;13;14.12.1963;0;13
ELIDA;13;4.08.1970;0;13
DAREJAN;13;6.10.1959;0;13
MUGATDES;13;24.04.1961;0;13
CIGSEM;13;18.09.1987;0;13
HUMAYI;13;18.05.1956;0;13
TEKINE;13;26.05.1969;0;13
KULTEN;13;15.01.1949;0;13
SONTEN;13;18.06.1975;0;13
GEZBAN;13;25.08.1954;0;13
MERGULE;13;16.11.1961;0;13
HAYATIYE;13;24.03.1958;0;13
BAYANGUL;13;25.12.1966;0;13
FATMATUZEHRA;13;25.11.1965;0;13
BEHIZAR;13;21.10.1960;0;13
MUFERIYE;13;20.04.1955;0;13
NURAHAT;13;7.01.1969;0;13
JULIETA;13;26.02.1963;0;13
IZOLDA;13;3.05.1960;0;13
ZUFTIYE;13;30.03.1956;0;13
NEZAHAN;13;27.06.1964;0;13
NURIGUL;13;5.02.1957;0;13
MUSMULA;13;4.07.1957;0;13
ETERI;13;20.04.1957;0;13
PERUHAN;13;26.09.1955;0;13
ULGUYE;13;17.02.1964;0;13
HULYAGUL;13;10.09.1973;0;13
MUSEBBIHA;13;17.08.1941;0;13
MUCEHVER;13;14.02.1968;0;13
MERIDE;13;2.05.1972;0;13
MUBERHAN;13;28.07.1954;0;13
ZENNIYE;13;9.08.1951;0;13
SERIYAN;13;18.11.1958;0;13
GULHAVA;13;30.03.1967;0;13
BAHIZE;13;9.05.1959;0;13
NURUHAYAT;13;3.12.1953;0;13
GULFIYA;13;13.01.1965;0;13
NURBEYAN;13;9.07.1961;0;13
YASAMAN;13;5.02.1972;0;13
MUNUVER;13;14.09.1970;0;13
NERGUBE;13;8.03.1968;0;13
KAMILET;13;1.07.1959;0;13
FERIKNAZ;13;17.08.1949;0;13
SAMIE;13;3.10.1957;0;13
TOPAK;13;22.12.1952;0;13
GULUMCAN;13;12.04.1973;0;13
SUGRA;13;22.02.1981;0;13
SULIHA;13;1.03.1949;0;13
YASENUR;13;1.03.1985;0;13
MAKBUBE;13;30.08.1961;0;13
SUVEDA;13;20.09.1963;0;13
MUMECCEL;13;28.08.1948;0;13
AYBANU;13;27.02.1978;0;13
GULSERIYE;13;19.11.1963;0;13
CEYDANUR;13;18.09.1986;0;13
NEYRE;13;18.11.1954;0;13
GULASDI;13;7.04.1956;0;13
GULLUCE;13;16.12.1961;0;13
KONCE;13;22.09.1955;0;13
CANSELI;13;13.06.1980;0;13
HANUMCUK;13;10.12.1955;0;13
GULUZARE;13;29.03.1951;0;13
KUTEY;13;16.03.1945;0;13
BEYA;13;30.2.1942;0;13
GULBADI;13;2.04.1958;0;13
KUMEYRE;13;21.02.1953;0;13
ATCE;13;27.12.1956;0;13
ADALAT;13;15.01.1966;0;13
TEMAN;13;24.02.1963;0;13
MAKPARE;13;12.12.1953;0;13
CEYDAG;13;24.01.1980;0;13
AYSULA;13;8.03.1968;0;13
BECIYE;13;13.10.1960;0;13
LIBABE;13;4.06.1953;0;13
NURBIBI;13;18.07.1963;0;13
GULSEHAR;13;23.03.1955;0;13
MAVSAN;13;3.07.1942;0;13
GULFIRUZ;13;14.03.1972;0;13
ZUBEYYA;13;3.10.1967;0;13
MAHBILE;13;16.02.1967;0;13
AISET;13;13.02.1938;0;13
SEHERGULU;13;30.05.1963;0;13
GULFERUZ;13;2.09.1960;0;13
ASILI;13;18.04.1961;0;13
MEHRISAN;13;16.06.1973;0;13
NESIHAN;13;10.01.1973;0;13
AFILE;13;12.01.1959;0;13
NURPEL;13;26.04.1979;0;13
OYANUR;13;1.03.1982;0;13
NEFIBE;13;8.01.1974;0;13
NEJLIHA;13;10.07.1958;0;13
FANISE;13;2.01.1953;0;13
SEFKINAZ;13;10.08.1960;0;13
MINIS;13;5.09.1957;0;13
MUVESSER;13;26.07.1956;0;13
URMUS;13;5.07.1946;0;13
MESRURIYE;13;7.12.1953;0;13
RABA;13;27.09.1951;0;13
TUKES;13;13.6.1799;0;13
YUZGEN;13;17.05.1977;0;13
SEZENGUL;13;25.10.1978;0;13
BUKRA;13;5.01.1987;0;13
NATIYE;13;4.11.1961;0;13
HUSNUHAN;13;1.09.1962;0;13
TAMILLA;13;17.09.1963;0;13
ILKINAZ;13;3.10.1964;0;13
SELAFE;13;28.05.1961;0;13
LAHIYE;13;13.03.1968;0;13
TALIME;13;26.04.1968;0;13
NINE;13;23.07.1950;0;13
MUKINE;13;28.05.1972;0;13
BILGISEN;13;9.05.1977;0;13
KHALIDA;13;3.03.1966;0;13
NAHAL;13;26.06.1952;0;13
NUSRAN;13;9.11.1971;0;13
SULTI;13;22.11.1927;0;13
EREFE;13;29.03.1962;0;13
YEMUS;13;12.01.1942;0;13
TERVENDE;13;17.06.1952;0;13
REZBAR;13;6.12.1968;0;13
SANIFE;13;1.05.1970;0;13
BUKIYE;13;19.01.1966;0;13
BANO;13;24.06.1969;0;13
NELIME;13;7.04.1969;0;13
ZENURYE;13;10.12.1974;0;13
MUNEDIYA;13;19.04.1977;0;13
MAFIA;13;7.07.1962;0;13
FIET;13;30.07.1965;0;13
MAHFIRE;13;28.04.1954;0;13
SITYE;13;9.07.1968;0;13
ZUZANI;13;8.10.1973;0;13
MAYFER;13;25.02.1965;0;13
GULILK;13;26.07.1957;0;13
MUCEYLAN;13;5.05.1972;0;13
MIRYEMA;13;18.04.1976;0;13
NIBAR;13;15.07.1968;0;13
PIRIZE;13;22.10.1958;0;13
FEDIHA;13;4.02.1958;0;13
PURIZE;13;10.11.1963;0;13
SEREBAN;13;3.03.1967;0;13
MALIHE;13;20.09.1963;0;13
MULFIDE;13;3.12.1965;0;13
RUBAB;13;7.07.1961;0;13
HELIZ;13;30.07.1986;0;13
AFYON;13;2.12.1964;0;13
NAFA;13;5.07.1956;0;13
HAFIYA;13;5.02.1952;0;13
DOLI;13;28.09.1964;0;13
GULNAY;13;24.04.1968;0;13
MURDIYE;13;9.03.1959;0;13
BEKLISA;13;26.06.1971;0;13
BELGIZER;13;21.10.1966;0;13
SERAV;13;11.03.1982;0;13
ELFIYA;13;13.06.1973;0;13
MAHIYETE;13;8.12.1976;0;13
BESRE;13;24.11.1951;0;13
KITAVIN;13;14.09.1951;0;13
MADUME;13;10.07.1953;0;13
RUHBER;13;6.04.1957;0;13
FILIZIYE;13;16.10.1959;0;13
NAKLIYE;13;19.04.1952;0;13
EBRUGUL;13;20.11.1982;0;13
FUHEDA;13;22.06.1959;0;13
RUBEYYA;13;10.05.1984;0;13
AYNU;13;3.01.1947;0;13
MELIYKE;13;15.10.1975;0;13
ZADEF;13;12.05.1962;0;13
ZUBIDIYE;13;27.05.1961;0;13
GULFIRYAZ;13;11.07.1954;0;13
ACANGUL;13;29.07.1966;0;13
SUTTE;13;17.04.1964;0;13
PARVANA;13;2.11.1977;0;13
KEBILE;13;14.08.1970;0;13
GULAVATIN;13;30.08.1950;0;13
KEFAET;13;29.01.1950;0;13
IREHME;13;23.01.1962;0;13
TEFEKGUL;13;15.07.1978;0;13
MUSKEN;13;10.02.1952;0;13
GULPEN;13;17.10.1958;0;13
SAHNAR;13;15.06.1944;0;13
CEMZADE;13;20.01.1954;0;13
AKLIMAN;13;13.05.1966;0;13
LEVKE;13;9.01.1951;0;13
SEVABE;13;26.12.1965;0;13
MEBRIKE;13;7.10.1967;0;13
SUFADE;13;23.08.1961;0;13
RAYIDE;13;1.09.1968;0;13
INCISAR;13;17.06.1954;0;13
YUZDEM;13;15.11.1982;0;13
MILYA;13;22.09.1970;0;13
FINDISEMAL;13;17.07.1966;0;13
GULDEREM;13;1.06.1978;0;13
YUZBINAZ;13;9.02.1979;0;13
ATILSAH;13;16.04.1972;0;13
BAKISE;13;14.12.1956;0;13
MEYESER;13;2.02.1967;0;13
HASNI;13;26.09.1961;0;13
AYNOR;13;8.08.1961;0;13
EYVAN;13;2.11.1980;0;13
GAME;13;26.10.1957;0;13
GULDESDE;13;3.07.1964;0;13
GULSENA;13;10.05.1977;0;13
GULDARI;13;24.10.1963;0;13
ZABIHA;13;9.09.1954;0;13
TABENDE;13;4.09.1953;0;13
SEVENAY;13;24.07.1977;0;13
ZITTIKA;13;14.04.1967;0;13
KUPRAN;13;23.11.1962;0;13
GULMENEKSE;13;23.03.1958;0;13
AYBILGE;13;29.01.1983;0;13
GULDERYA;13;22.01.1978;0;13
TEVZIYE;13;20.08.1962;0;13
ROYA;13;1.11.1966;0;13
GULBEDE;13;30.11.1953;0;13
NAVAT;13;17.02.1951;0;13
SAHNIYAR;13;9.04.1951;0;13
ZINIYET;13;25.11.1959;0;13
INAHAT;13;15.11.1963;0;13
RESMINUR;13;26.01.1959;0;13
GULYURT;13;25.08.1960;0;13
MULKICAN;13;16.03.1972;0;13
URGUL;13;8.09.1968;0;13
ERBIYE;13;30.09.1964;0;13
EBRUKE;13;6.03.1962;0;13
SONESER;13;2.01.1967;0;13
IBABE;13;28.04.1946;0;13
MUDURIYE;13;23.05.1969;0;13
URUFIYE;13;18.08.1961;0;13
AYPARE;13;26.05.1963;0;13
ZAHEY;13;10.07.1954;0;13
NERIHA;13;17.07.1966;0;13
TELIZE;13;26.08.1968;0;13
ZENIS;13;18.05.1944;0;13
MUVESSEL;13;25.04.1958;0;13
GULDUZ;13;16.06.1964;0;13
FATMIRE;13;24.06.1963;0;13
FERE;13;19.09.1957;0;13
MINARA;13;5.10.1968;0;13
MULKIYAN;13;23.12.1977;0;13
TEMEY;13;23.09.1952;0;13
BEYAZEY;13;8.02.1953;0;13
DINDE;13;8.02.1951;0;13
MUBET;13;18.07.1965;0;13
DALILA;13;9.01.1965;0;13
IZLAL;13;29.05.1954;0;13
URKU;13;3.10.1951;0;13
FARIBA;13;4.06.1967;0;13
HILYE;13;15.02.1964;0;13
SERNAY;13;21.12.1968;0;13
TALLAN;13;29.09.1966;0;13
AYSEGUN;13;21.01.1967;0;13
ESMARAY;13;25.01.1979;0;13
MEYAH;13;6.03.1967;0;13
NIFIDE;13;3.11.1968;0;13
FETEHNE;13;25.05.1963;0;13
SULKIYE;13;7.04.1963;0;13
FETILE;13;16.11.1962;0;13
GULNERGIZ;13;22.02.1974;0;13
MIKAILE;13;18.05.1979;0;13
TIRKIYE;13;27.04.1963;0;13
NEKIBE;13;8.07.1954;0;13
MUKADIS;13;18.11.1955;0;13
SULTEY;13;9.06.1943;0;13
AYISEFATMA;13;11.01.1944;0;13
CAROL;13;2.04.1959;0;13
FETHIYYE;13;29.02.1960;0;13
GUVHER;13;20.09.1957;0;13
AYSEZER;13;1.08.1956;0;13
ZEFRE;13;8.10.1969;0;13
MUSAFE;13;28.10.1962;0;13
ZULIYHA;13;6.07.1965;0;13
SITIYA;13;13.11.1965;0;13
SAKHA;13;13.05.1960;0;13
ANGELICA;13;26.06.1975;0;13
CIZEM;13;11.04.1989;0;13
SAMEY;13;22.08.1951;0;13
ZEBIYE;13;26.11.1954;0;13
URGEL;13;27.07.1971;0;13
BUNEVS;13;24.06.1970;0;13
NECRA;13;10.03.1966;0;13
EFZA;13;9.09.1966;0;13
ZEHDE;13;22.08.1963;0;13
YULIA;13;15.09.1974;0;13
KUPRIYE;13;30.12.1954;0;13
PAPILI;13;7.03.1953;0;13
NEYDE;13;10.05.1962;0;13
GUZEYLA;13;17.04.1970;0;13
TAIBET;13;24.08.1966;0;13
ESLIN;13;23.06.1986;0;13
MAVLI;13;5.10.1963;0;13
STEFANIA;13;23.10.1974;0;13
LEJLA;13;5.12.1972;0;13
UMURIYE;13;15.01.1953;0;13
MUCDE;13;12.04.1969;0;13
ADUVIYE;13;11.09.1941;0;13
AYYUKSEL;13;26.03.1946;0;13
BERAYET;13;12.12.1966;0;13
SAFIHA;13;14.01.1963;0;13
BAHTLI;13;13.05.1957;0;13
INEZ;13;17.09.1952;0;13
ECEGUL;13;25.09.1980;0;13
GULNARIYE;13;12.11.1962;0;13
ASNIYE;13;7.06.1962;0;13
SERPINAZ;13;9.06.1973;0;13
PIJAN;13;15.11.1956;0;13
HALIL;265844;22.06.1964;265832;12
SALIH;134832;7.03.1963;134820;12
LATIF;11185;6.11.1965;11173;12
DERVIS;9747;9.01.1963;9735;12
METE;6965;27.05.1973;6953;12
DINCER;5691;28.01.1974;5679;12
ERCUMENT;4774;29.12.1971;4762;12
SALMAN;4427;23.01.1965;4415;12
ZEKERIYE;4245;21.09.1968;4233;12
AZIM;1243;5.08.1970;1231;12
YENAL;790;10.02.1977;778;12
AKIL;557;30.07.1958;545;12
HAMO;519;13.03.1946;507;12
BERATI;485;29.09.1974;473;12
HICRI;461;10.11.1966;449;12
KARACA;405;24.05.1963;393;12
COSAR;377;12.07.1972;365;12
SUHEYL;373;21.07.1973;361;12
ERSAL;341;26.09.1971;329;12
BARKIN;325;21.11.1983;313;12
SARUHAN;277;7.03.1968;265;12
POYRAZ;252;24.07.1980;240;12
BENER;234;24.01.1973;222;12
HURKAN;155;30.12.1979;143;12
MUKTEDIR;153;22.04.1966;141;12
KANCO;145;1.04.1959;133;12
KUZEY;145;25.02.1979;133;12
KANAT;113;2.01.1975;101;12
ORDU;97;4.09.1969;85;12
MURAZ;95;11.05.1969;83;12
OZGER;77;30.01.1971;65;12
CEFAKAR;75;29.05.1974;63;12
ERGUNER;71;1.04.1969;59;12
DENIZCAN;70;4.04.1988;58;12
NEZI;62;25.11.1961;50;12
KENDAL;60;26.11.1984;48;12
ZENGIN;60;8.12.1972;48;12
REFI;56;27.01.1960;44;12
GUNTER;54;30.03.1973;42;12
PERVIZ;52;18.02.1960;40;12
EZER;51;16.10.1969;39;12
NESIR;50;6.10.1961;38;12
SEFIL;48;1.05.1962;36;12
MUHDEREM;47;1.04.1971;35;12
OMURDEN;45;16.10.1980;33;12
TALAY;45;12.07.1970;33;12
ZUMER;43;12.10.1966;31;12
MINUR;43;7.11.1963;31;12
NURUL;41;9.04.1974;29;12
SEMIL;41;29.09.1969;29;12
SIYAH;41;20.10.1951;29;12
NEHRI;40;3.04.1965;28;12
ONCUL;40;4.11.1977;28;12
MARSEL;38;3.01.1963;26;12
SEBRI;37;18.07.1962;25;12
ZIKRET;37;8.06.1963;25;12
BAGCAN;37;16.05.1985;25;12
BARANI;35;19.02.1965;23;12
GULENT;34;17.01.1972;22;12
GULHAMI;33;29.12.1967;21;12
BAKIS;32;24.10.1979;20;12
ONURAY;31;28.06.1981;19;12
GURGAN;30;11.03.1959;18;12
ALCIN;28;7.08.1967;16;12
BERCAN;28;28.04.1983;16;12
YELKEN;27;27.02.1977;15;12
ILAN;27;2.11.1962;15;12
IMKAN;27;25.02.1968;15;12
MIRZAT;26;24.10.1961;14;12
FEYRUZSAH;25;28.07.1966;13;12
VESALET;25;4.07.1960;13;12
SERTEN;24;16.10.1973;12;12
ISYAN;23;6.08.1979;11;12
NURFAN;22;26.04.1969;10;12
YURDASAN;22;15.01.1963;10;12
HIZMET;22;27.02.1964;10;12
KUDIRET;22;29.05.1966;10;12
REVIN;21;15.02.1966;9;12
ELVERDI;21;14.09.1965;9;12
RONAHI;20;6.12.1982;8;12
SEFALI;20;18.02.1957;8;12
HENNE;20;22.09.1947;8;12
ULFEN;20;25.04.1968;8;12
KAMIREN;19;18.04.1963;7;12
TUZEL;19;23.10.1963;7;12
OKSAY;19;6.02.1975;7;12
NEMET;19;28.02.1958;7;12
NURISAH;19;17.03.1962;7;12
SEL;19;26.10.1970;7;12
KAMAR;18;30.03.1953;6;12
SITO;18;11.08.1949;6;12
MAYIS;18;2.10.1966;6;12
AYTIN;18;11.01.1961;6;12
BEYMAN;18;25.05.1965;6;12
VERGIN;18;28.04.1960;6;12
HUDAYA;18;18.04.1952;6;12
SUKUT;18;22.12.1962;6;12
BENSON;17;18.12.1967;5;12
EVLIYE;17;20.01.1966;5;12
YEKANE;17;25.05.1953;5;12
PAYIDAR;17;23.10.1964;5;12
SASUN;17;16.06.1962;5;12
MUCEDDET;17;17.05.1958;5;12
TACLAN;17;24.07.1970;5;12
OYCAN;16;4.02.1977;4;12
MEMBER;16;21.04.1969;4;12
GUHAN;16;4.03.1967;4;12
GOKUS;16;19.07.1960;4;12
MOHUR;16;9.04.1957;4;12
AYKA;16;18.07.1954;4;12
ZIMMET;15;29.2.1961;3;12
SALA;15;13.11.1954;3;12
TEBRIZ;15;11.04.1966;3;12
ANDAN;15;22.01.1973;3;12
FEYRUSSAH;15;7.01.1973;3;12
BENAR;15;22.01.1967;3;12
GUNISIGI;15;27.02.1987;3;12
ULUCAY;15;10.10.1954;3;12
TUNSEL;15;16.12.1965;3;12
ECREN;15;28.04.1984;3;12
RAZEN;15;2.02.1966;3;12
FAHIMAN;15;16.09.1955;3;12
HAMRAN;15;30.11.1967;3;12
SOYDA;15;13.05.1965;3;12
BENEN;15;11.02.1965;3;12
CANEN;15;4.05.1971;3;12
CEMNUR;15;15.10.1968;3;12
ROSEN;15;16.01.1972;3;12
DELLAL;14;16.10.1956;2;12
YETSIN;14;20.08.1968;2;12
SANSLI;14;13.08.1977;2;12
HAMSO;14;10.08.1956;2;12
EMELIN;14;18.03.1953;2;12
HAFO;14;30.03.1941;2;12
HAYATE;14;21.08.1959;2;12
YAZ;14;2.01.1969;2;12
OGET;14;29.12.1960;2;12
AKKUL;14;21.07.1954;2;12
BERMAN;14;11.04.1975;2;12
BENIZ;14;15.11.1976;2;12
ASIMEN;14;7.05.1963;2;12
NUHBET;14;10.09.1977;2;12
SELVAR;14;20.04.1962;2;12
MOHTEREM;14;27.10.1960;2;12
OSEN;14;18.09.1974;2;12
MERIK;14;21.09.1968;2;12
RENGIZ;14;27.05.1972;2;12
SEYALI;14;19.09.1953;2;12
TACIDAR;14;24.05.1957;2;12
MAZEN;14;15.12.1963;2;12
BIKET;14;18.08.1960;2;12
BELIR;14;16.11.1969;2;12
BURYAN;13;2.12.1963;1;12
FERCE;13;19.02.1952;1;12
EDRA;13;28.08.1987;1;12
SAFE;13;26.09.1956;1;12
SIYAN;13;21.12.1960;1;12
GADIN;13;18.10.1961;1;12
VELHAN;13;1.01.1963;1;12
TURGEN;13;28.05.1948;1;12
BILSAN;13;25.08.1970;1;12
CIVAR;13;3.06.1958;1;12
SUPER;13;25.01.1978;1;12
CEMIHAN;13;30.12.1963;1;12
RUGUYE;13;1.04.1965;1;12
YASARNUR;13;11.02.1973;1;12
HADUN;13;10.01.1958;1;12
BERKIYE;13;20.11.1952;1;12
AYLIM;13;2.10.1979;1;12
AHSEL;13;21.07.1963;1;12
DENSIZ;13;18.05.1961;1;12
MUAZZEN;13;19.12.1965;1;12
KAMIRE;13;22.07.1963;1;12
SEYNAN;13;2.10.1976;1;12
SENAYE;13;13.06.1954;1;12
SEVSAY;13;13.07.1967;1;12
NECAHET;13;20.11.1956;1;12
KISVER;13;25.08.1941;1;12
SEBRAN;13;28.08.1977;1;12
GUNSAN;13;14.03.1962;1;12
REYA;13;19.02.1956;1;12
AYPEREN;13;30.2.1964;1;12
TERVIZ;13;20.02.1952;1;12
SENAVER;13;18.06.1953;1;12
AYGUNES;13;29.09.1963;1;12
GOKGU;13;10.06.1961;1;12
NIVAL;13;21.02.1965;1;12
BEDAHET;13;22.09.1947;1;12
NURIVET;13;3.04.1968;1;12
ELIFER;13;7.09.1967;1;12
HURRU;13;28.04.1950;1;12
NEZAY;13;9.07.1974;1;12
FEHNUR;13;20.04.1969;1;12
BEYTIL;13;24.09.1965;1;12
RAHMETHAN;13;3.02.1973;1;12
NILGEN;13;10.01.1975;1;12
HADRI;13;7.10.1959;1;12
OZNE;13;12.07.1980;1;12
SALKIM;13;18.05.1978;1;12
NADIKAR;13;8.07.1962;1;12
DUZEY;12;2.12.1942;0;12
MEHPARA;12;24.11.1962;0;12
GOGER;12;19.10.1959;0;12
MUTARE;12;16.06.1969;0;12
MESALE;12;30.01.1974;0;12
GAFIYE;12;22.01.1963;0;12
ZUHRINAZ;12;23.12.1963;0;12
FERYEL;12;23.01.1974;0;12
ASEFE;12;6.03.1941;0;12
DILFIGAR;12;15.01.1981;0;12
CASIME;12;28.12.1973;0;12
SUKRIYAN;12;4.03.1967;0;12
IMUHAN;12;14.04.1951;0;12
ZIYNETE;12;6.05.1962;0;12
AYSUM;12;6.03.1975;0;12
AIYSE;12;26.01.1960;0;12
HATIS;12;6.01.1952;0;12
CAHIRE;12;15.12.1971;0;12
RAZIA;12;1.02.1974;0;12
NAFIKE;12;19.05.1977;0;12
LEZAN;12;10.01.1963;0;12
GUSU;12;21.05.1954;0;12
NATELLA;12;1.09.1973;0;12
RUHILE;12;28.09.1968;0;12
GUZI;12;2.03.1948;0;12
EMSA;12;4.10.1968;0;12
EVGUL;12;29.05.1971;0;12
NUMINE;12;1.03.1973;0;12
AYTULU;12;28.02.1969;0;12
GARI;12;22.09.1950;0;12
KATIA;12;11.05.1977;0;12
RAVSE;12;15.04.1955;0;12
NISFIYE;12;4.08.1968;0;12
MIKRIME;12;8.05.1964;0;12
GULSEMET;12;8.04.1973;0;12
HAVLI;12;29.07.1953;0;12
FETUM;12;24.12.1958;0;12
DAYIME;12;22.01.1973;0;12
BEDIFE;12;25.07.1964;0;12
GULSENEN;12;13.02.1965;0;12
AFITE;12;16.03.1972;0;12
HUNUS;12;22.07.1951;0;12
ZECRIYE;12;5.03.1960;0;12
FAYDE;12;22.08.1971;0;12
GULISTEN;12;20.12.1967;0;12
HINDA;12;4.03.1970;0;12
ZEVIYE;12;2.02.1955;0;12
ABTA;12;5.07.1957;0;12
HAZZI;12;27.07.1965;0;12
ZULHIMAR;12;17.09.1957;0;12
AFTA;12;27.06.1960;0;12
HELIMI;12;11.07.1951;0;12
HASUNE;12;21.01.1960;0;12
ZULEYHE;12;17.05.1967;0;12
RUMEYLE;12;10.11.1973;0;12
HISFE;12;9.12.1954;0;12
HASYE;12;5.11.1972;0;12
EDULE;12;8.03.1970;0;12
TARFE;12;6.07.1956;0;12
UMMUKELSUM;12;22.02.1978;0;12
CEMILI;12;23.02.1960;0;12
REDE;12;30.12.1963;0;12
NUTKIYA;12;12.01.1960;0;12
DAVIYA;12;25.07.1959;0;12
KUDRETI;12;21.01.1949;0;12
TARIKA;12;4.03.1966;0;12
HAYLE;12;20.03.1962;0;12
NEFICE;12;25.01.1967;0;12
GEVES;12;16.01.1953;0;12
BEYRIYE;12;25.07.1973;0;12
HEKMIYE;12;29.11.1971;0;12
ELLEN;12;15.01.1965;0;12
MAHSINE;12;3.01.1973;0;12
HELENE;12;13.02.1965;0;12
HUNAFI;12;18.02.1957;0;12
KEYNI;12;16.01.1953;0;12
NIBAL;12;6.06.1975;0;12
STEFANIE;12;1.08.1982;0;12
SIYEM;12;3.04.1975;0;12
FERDOS;12;21.03.1966;0;12
ZUHA;12;22.05.1963;0;12
CHRISTEL;12;19.07.1944;0;12
TELYA;12;28.10.1975;0;12
KARE;12;12.09.1958;0;12
YEMAME;12;9.04.1959;0;12
SIDER;12;11.10.1982;0;12
AYHANE;12;30.03.1968;0;12
RESILE;12;25.08.1960;0;12
SEMLAN;12;1.08.1952;0;12
VAHDIYE;12;25.01.1966;0;12
HASRETE;12;23.04.1958;0;12
HARBE;12;18.01.1964;0;12
NECETE;12;24.09.1977;0;12
ZATENUR;12;30.11.1974;0;12
BERMIN;12;30.04.1971;0;12
NEZO;12;23.03.1967;0;12
PERINAS;12;27.04.1967;0;12
BILGUR;12;12.04.1974;0;12
NUBE;12;25.08.1968;0;12
FEYIZE;12;19.09.1964;0;12
CEYBE;12;7.12.1955;0;12
MUSTAKIYME;12;15.08.1973;0;12
MELKINAZ;12;5.03.1964;0;12
NADINE;12;7.10.1977;0;12
ANSANA;12;9.12.1953;0;12
MAHSUBE;12;15.03.1962;0;12
HURIZIYE;12;11.12.1958;0;12
MUTAHARE;12;15.08.1959;0;12
NAZZIK;12;6.11.1962;0;12
NAZIYRE;12;30.01.1960;0;12
LIBAZ;12;26.04.1961;0;12
ASIRIYE;12;19.10.1967;0;12
HAZIZE;12;2.08.1956;0;12
EZMIYE;12;18.03.1955;0;12
INCINAR;12;24.07.1967;0;12
EFIYE;12;28.08.1952;0;12
GULMAVI;12;15.05.1961;0;12
ZADEM;12;28.08.1967;0;12
TAZI;12;26.02.1947;0;12
PEVRIM;12;5.06.1975;0;12
ANIYE;12;10.10.1955;0;12
HIJLAL;12;19.02.1975;0;12
ELLADA;12;29.06.1971;0;12
DURSINIYE;12;19.08.1967;0;12
SEBAHNUR;12;30.05.1970;0;12
URHANIYE;12;20.11.1952;0;12
LECLA;12;1.11.1955;0;12
UMIYAN;12;17.11.1961;0;12
NELLY;12;13.08.1958;0;12
AISEGUL;12;13.01.1971;0;12
NURTAZE;12;30.05.1979;0;12
MEPTAP;12;1.08.1983;0;12
RESIYE;12;6.02.1964;0;12
ZUBEYDIYE;12;10.04.1967;0;12
CUZIDE;12;4.08.1968;0;12
AZIGUL;12;6.07.1948;0;12
ADFIYE;12;9.05.1964;0;12
BILCEN;12;26.03.1971;0;12
FEZLIYE;12;8.08.1959;0;12
CORINA;12;22.06.1976;0;12
HEMZIYE;12;5.05.1957;0;12
NAIRA;12;18.07.1970;0;12
KALENFIR;12;13.03.1955;0;12
NURAYDAN;12;28.12.1963;0;12
MEHPUP;12;7.05.1968;0;12
NUKIYE;12;16.02.1958;0;12
NEVAY;12;12.10.1974;0;12
ATINE;12;24.08.1969;0;12
ROFE;12;1.07.1959;0;12
SAMUDE;12;12.01.1959;0;12
NECLAHAN;12;22.03.1965;0;12
RUSUDAN;12;9.01.1967;0;12
RUVAYET;12;16.06.1965;0;12
MURSELE;12;12.12.1964;0;12
MAKGUL;12;4.06.1970;0;12
FURIZE;12;26.12.1968;0;12
MEFALET;12;7.09.1964;0;12
ASLIYA;12;7.01.1972;0;12
MUCAYDE;12;22.07.1967;0;12
GULEMSE;12;4.04.1968;0;12
HURUGUL;12;7.06.1966;0;12
MEHDAP;12;18.02.1978;0;12
BEDRINAZ;12;24.03.1956;0;12
NUKSER;12;5.03.1955;0;12
ZERMIN;12;13.12.1962;0;12
CEZIBE;12;5.01.1961;0;12
IMOC;12;14.06.1948;0;12
BUSENUR;12;28.12.1987;0;12
AVA;12;13.04.1964;0;12
GULEKEN;12;10.07.1960;0;12
FIRDASE;12;12.02.1958;0;12
ELBIYE;12;30.11.1956;0;12
RUMISE;12;13.04.1968;0;12
ZEMIME;12;25.09.1964;0;12
ZUVEYDA;12;30.06.1967;0;12
ZOHRET;12;21.11.1954;0;12
BEYHIYE;12;12.11.1964;0;12
VENNAZ;12;9.07.1963;0;12
MUZADIYE;12;19.09.1958;0;12
SELFER;12;1.05.1953;0;12
SERVERE;12;1.03.1939;0;12
BAHTIZAR;12;4.06.1964;0;12
CANFIYE;12;6.09.1958;0;12
MUTLUGUL;12;25.10.1977;0;12
SIHNAZ;12;30.11.1969;0;12
MERZIHAN;12;2.10.1958;0;12
VEZZEHA;12;7.03.1956;0;12
AHSENE;12;28.04.1960;0;12
PEZUK;12;26.09.1943;0;12
BELLUR;12;16.08.1971;0;12
MEBRUZE;12;29.03.1963;0;12
DOLBENT;12;25.06.1947;0;12
TOKEZ;12;2.06.1948;0;12
HATUC;12;26.06.1953;0;12
GULHANDE;12;22.05.1972;0;12
NIHAVENT;12;17.03.1966;0;12
UMMUK;12;16.05.1960;0;12
GULSUMEN;12;25.10.1976;0;12
TOMBULA;12;7.06.1953;0;12
RASIMIYE;12;19.11.1965;0;12
MAHSUDIYE;12;10.11.1967;0;12
AKDEN;12;5.05.1970;0;12
ZENNURA;12;11.05.1960;0;12
MUFIKA;12;23.07.1946;0;12
KEMERRUH;12;4.10.1956;0;12
GIZZEM;12;1.06.1990;0;12
SUHUBE;12;12.08.1956;0;12
LEFIKE;12;19.06.1957;0;12
AFIC;12;26.02.1963;0;12
MEVRUKE;12;19.02.1966;0;12
MARION;12;20.03.1958;0;12
SAHZENEM;12;29.09.1956;0;12
NEVASIYE;12;25.05.1960;0;12
BERRIYE;12;9.02.1951;0;12
NURNIHAL;12;27.09.1972;0;12
SEHREGUL;12;16.12.1966;0;12
MEVLANIYE;12;29.09.1969;0;12
KIMIYE;12;3.10.1963;0;12
KEBEHAN;12;2.04.1952;0;12
NUREVSEN;12;2.03.1975;0;12
PIRSEN;12;28.06.1967;0;12
PETRONELA;12;6.06.1975;0;12
SUHRAN;12;25.05.1950;0;12
FEBIHA;12;30.03.1962;0;12
ZENIRE;12;4.05.1958;0;12
AKINE;12;6.08.1965;0;12
BULLUR;12;18.01.1957;0;12
MESBURE;12;22.08.1961;0;12
GISELA;12;4.02.1952;0;12
MAHBEKAR;12;4.12.1951;0;12
GULHATIN;12;24.01.1963;0;12
AJLA;12;22.02.1978;0;12
MAHMIHRI;12;7.02.1955;0;12
RENNAN;12;1.06.1957;0;12
HETICE;12;8.04.1970;0;12
HAKIMET;12;11.07.1964;0;12
MAHPEKER;12;12.11.1955;0;12
MESUNE;12;9.03.1957;0;12
SUSEL;12;25.11.1961;0;12
GULAYDA;12;11.10.1976;0;12
BANUGUL;12;22.09.1980;0;12
DILERA;12;20.07.1979;0;12
MENOS;12;28.03.1959;0;12
FIDI;12;28.10.1941;0;12
YAKUDE;12;15.06.1970;0;12
HEYZERAN;12;30.12.1960;0;12
MUHRINAZ;12;8.01.1965;0;12
FERIBA;12;15.02.1982;0;12
SAISE;12;5.11.1973;0;12
MANTIKA;12;30.07.1959;0;12
HANIMSER;12;16.11.1972;0;12
MOHOBBET;12;6.04.1946;0;12
MUTEZZIM;12;30.08.1975;0;12
MENICAT;12;16.12.1964;0;12
UMSUN;12;22.07.1951;0;12
CENIYE;12;27.08.1969;0;12
MIYYESER;12;14.10.1972;0;12
SOLE;12;8.05.1962;0;12
CIHANBANI;12;6.02.1962;0;12
CABIYE;12;20.02.1962;0;12
GULBACI;12;7.02.1963;0;12
IMIGULSUN;12;2.04.1970;0;12
MUHSINA;12;13.02.1968;0;12
VESIHAT;12;20.03.1970;0;12
KIZI;12;17.07.1943;0;12
MULKESIM;12;29.10.1979;0;12
HESINA;12;2.11.1962;0;12
FERENDE;12;21.09.1947;0;12
HALIKE;12;11.05.1967;0;12
OMURNAZ;12;28.02.1972;0;12
TEFHIDE;12;13.03.1959;0;12
GULEMRE;12;2.09.1967;0;12
TURKULER;12;15.01.1986;0;12
EKREMIYE;12;21.10.1959;0;12
HOMA;12;6.07.1943;0;12
CAMILA;12;21.03.1940;0;12
AYSECIL;12;16.12.1957;0;12
ASLANPERI;12;26.12.1953;0;12
GULERIYE;12;7.12.1963;0;12
MEYRIK;12;5.11.1954;0;12
CIMNAZ;12;28.12.1958;0;12
KUBRIYA;12;15.10.1969;0;12
MUCESSEN;12;30.03.1963;0;12
URVIDE;12;5.04.1940;0;12
SEMGUL;12;9.09.1971;0;12
TULAL;12;25.08.1962;0;12
MENZUME;12;15.12.1953;0;12
UZMIYE;12;8.04.1966;0;12
MISLICAN;12;29.11.1958;0;12
NEBAET;12;25.01.1964;0;12
ZAHTIYE;12;27.03.1958;0;12
RUBAHSAH;12;11.02.1975;0;12
MUZEYYER;12;19.04.1955;0;12
GALBIYE;12;26.05.1975;0;12
USNIYE;12;6.06.1964;0;12
FATEMEH;12;29.03.1964;0;12
GAMSIYE;12;6.03.1962;0;12
SEMIRAH;12;5.05.1962;0;12
MISER;12;30.08.1968;0;12
NEFAHAT;12;15.03.1967;0;12
PERAL;12;4.07.1975;0;12
ALME;12;7.10.1955;0;12
LUBEYNE;12;15.05.1981;0;12
SELLALE;12;15.09.1960;0;12
SURYET;12;29.10.1981;0;12
RUFADIYE;12;2.11.1963;0;12
FATMALI;12;5.12.1947;0;12
GULVAR;12;17.01.1960;0;12
MUBIYEN;12;26.01.1972;0;12
ZAMINA;12;2.03.1972;0;12
KIBIRYA;12;13.08.1969;0;12
RAME;12;20.12.1962;0;12
MUSEHHIL;12;13.02.1966;0;12
HILIYA;12;11.04.1960;0;12
MENFIYA;12;21.01.1973;0;12
SEBEL;12;16.12.1973;0;12
GURCUNAZ;12;2.10.1955;0;12
HIFTAN;12;9.11.1942;0;12
VAZFIYE;12;15.12.1965;0;12
NASFIYE;12;9.09.1958;0;12
IPEKNAZ;12;13.12.1972;0;12
ZILFE;12;1.06.1960;0;12
SAYDIYE;12;1.04.1957;0;12
AYDENUR;12;21.11.1968;0;12
HANIMSA;12;27.01.1973;0;12
MAHMEHRI;12;17.05.1943;0;12
HEZAKER;12;29.05.1958;0;12
MAKBARE;12;3.03.1963;0;12
OMRUHAN;12;21.08.1977;0;12
KURDIYE;12;19.10.1970;0;12
SABIYHA;12;18.05.1960;0;12
DUDUSEN;12;14.12.1965;0;12
ATFET;12;30.07.1944;0;12
HAVVAKADIN;12;13.06.1962;0;12
MUSKURE;12;4.04.1955;0;12
ELFINAR;12;21.06.1968;0;12
EMIRKADIN;12;6.03.1952;0;12
GULANE;12;8.07.1953;0;12
BEHDIYE;12;25.06.1961;0;12
GAVHAR;12;15.07.1958;0;12
UREYZE;12;12.05.1945;0;12
MUZEYYEM;12;26.02.1963;0;12
EPURUZ;12;7.01.1955;0;12
ZEZEY;12;14.08.1959;0;12
SACILE;12;9.04.1973;0;12
FARIZET;12;28.06.1959;0;12
NAHIDA;12;2.12.1962;0;12
GULFIZA;12;5.11.1970;0;12
PEYKAR;12;26.09.1960;0;12
SUSA;12;23.02.1949;0;12
HENDEM;12;18.07.1959;0;12
NARMINA;12;12.07.1967;0;12
MUNESER;12;26.02.1960;0;12
ABIDIYE;12;7.05.1960;0;12
MEYIBE;12;11.03.1963;0;12
GUNIS;12;10.03.1963;0;12
TOHFE;12;22.10.1950;0;12
TURHANIYE;12;19.06.1959;0;12
ASIE;12;12.09.1969;0;12
SEVERIYE;12;5.07.1957;0;12
RENK;12;24.02.1981;0;12
INTIFAT;12;8.07.1957;0;12
MUBERAH;12;6.03.1959;0;12
SUBIHA;12;10.10.1952;0;12
MERSULE;12;10.01.1958;0;12
NILSER;12;14.12.1972;0;12
GULENSER;12;27.02.1962;0;12
TEYYUBE;12;13.07.1957;0;12
NURUFER;12;26.11.1960;0;12
SEBLEM;12;15.12.1976;0;12
FERDANA;12;12.05.1968;0;12
REFIZE;12;25.03.1954;0;12
AYCAGUL;12;18.01.1985;0;12
TUHFETULLAH;12;20.05.1970;0;12
BERNIS;12;29.05.1975;0;12
HATUNEY;12;28.07.1938;0;12
GAMZA;12;9.07.1982;0;12
EVEYIK;12;17.11.1957;0;12
VESIA;12;3.03.1963;0;12
RUHSARE;12;19.09.1962;0;12
GUNNARI;12;6.08.1962;0;12
NESUDE;12;15.11.1961;0;12
TELEHE;12;26.09.1956;0;12
MUCEYDE;12;1.10.1970;0;12
IMUS;12;14.02.1945;0;12
FIRDEVSIYE;12;10.06.1957;0;12
MARIYET;12;8.04.1964;0;12
MEMLUKE;12;22.07.1971;0;12
TAYRE;12;29.01.1963;0;12
SERLIN;12;27.09.1983;0;12
NULGUL;12;20.02.1971;0;12
TENURE;12;11.12.1954;0;12
VAYBE;12;21.09.1964;0;12
GIRIYE;12;4.09.1964;0;12
ASATMA;12;18.03.1952;0;12
ARSELI;12;15.04.1977;0;12
FARZEY;12;9.09.1966;0;12
ISLIMHAN;12;7.04.1969;0;12
SIME;12;9.09.1959;0;12
JUDITH;12;21.01.1958;0;12
NECARIYE;12;18.06.1954;0;12
AKSANA;12;17.02.1976;0;12
INGE;12;25.04.1952;0;12
ZELLE;12;17.09.1961;0;12
MESRURA;12;23.05.1962;0;12
DURUBE;12;4.01.1964;0;12
IZEM;12;9.04.1988;0;12
SEYHMAL;12;14.01.1959;0;12
TOMBAK;12;3.05.1952;0;12
UZADIYE;12;25.03.1959;0;12
MUHBIRE;12;10.05.1945;0;12
RUZAN;12;5.01.1962;0;12
TILAY;12;20.10.1971;0;12
SAYZER;12;23.07.1970;0;12
BIANCA;12;25.03.1973;0;12
NEVRUDE;12;20.06.1946;0;12
DAYLAK;12;14.07.1954;0;12
ZARFE;12;6.07.1961;0;12
ULFETE;12;18.07.1946;0;12
ARUSA;12;24.10.1961;0;12
NURTEMIZ;12;22.10.1971;0;12
REHCE;12;9.03.1949;0;12
PEMBI;12;9.03.1964;0;12
LATAFET;12;11.11.1954;0;12
SAYZE;12;5.02.1969;0;12
SUFEYDA;12;30.01.1974;0;12
NIHANGUL;12;16.08.1971;0;12
MARINELA;12;5.06.1971;0;12
FERIHAL;12;8.04.1961;0;12
SAHNIK;12;30.09.1950;0;12
AYDINAR;12;29.04.1965;0;12
NADEZHDA;12;3.09.1971;0;12
JACQUELINE;12;30.12.1957;0;12
CISER;12;10.06.1981;0;12
KEBIRAN;12;26.06.1969;0;12
DEHEN;12;13.04.1973;0;12
SELMAH;12;9.08.1966;0;12
ZIYNIS;12;2.02.1954;0;12
TESFIYE;12;20.08.1959;0;12
BAIRE;12;17.08.1953;0;12
GULCA;12;26.08.1974;0;12
VECIA;12;29.05.1958;0;12
BINNAZE;12;28.03.1948;0;12
GULBARIYE;12;21.08.1963;0;12
PAOLA;12;30.03.1967;0;12
HASAN;569961;14.01.1964;569950;11
YAVUZ;47504;13.07.1976;47493;11
ADIL;34678;9.02.1965;34667;11
BORA;6045;29.06.1979;6034;11
MEDENI;5707;3.10.1973;5696;11
CIHANGIR;5125;19.09.1973;5114;11
FEYYAZ;3742;25.08.1977;3731;11
NAHIT;3289;28.07.1966;3278;11
GANI;2999;28.02.1964;2988;11
ALISAN;2833;14.04.1964;2822;11
NIZAM;2634;29.09.1969;2623;11
SERTAN;2569;24.12.1980;2558;11
OCAL;970;28.06.1969;959;11
NEBIL;946;27.03.1969;935;11
ONAL;804;7.04.1965;793;11
ZATI;442;22.05.1963;431;11
EBU;364;17.09.1977;353;11
EMIRCAN;236;27.01.1985;225;11
SUDI;223;18.05.1964;212;11
ERDIM;214;26.04.1976;203;11
GANIM;196;30.09.1964;185;11
SUHAT;186;7.09.1972;175;11
UGURTAN;147;7.08.1970;136;11
MISEL;123;18.04.1962;112;11
GURER;110;10.02.1963;99;11
KANER;107;26.02.1977;96;11
IRSAT;106;30.05.1975;95;11
SERGEN;101;17.08.1983;90;11
BEHRI;80;25.02.1955;69;11
EVSAL;79;21.08.1965;68;11
HAMIL;77;21.11.1958;66;11
TANEL;77;14.09.1971;66;11
TUNER;77;1.03.1968;66;11
SEVIK;76;18.03.1961;65;11
SOYHAN;66;14.11.1979;55;11
AYKUN;60;19.07.1981;49;11
HAZIR;60;11.08.1960;49;11
MURSUT;59;17.09.1963;48;11
ERDENAY;56;14.09.1974;45;11
NEVIT;55;30.2.1959;44;11
TEKCAN;54;21.07.1978;43;11
VIKTOR;53;11.07.1952;42;11
BUNYAN;52;25.04.1962;41;11
NAHID;51;27.10.1964;40;11
DERDA;49;25.07.1980;38;11
ZEBUR;48;25.04.1965;37;11
NAZIL;47;2.06.1969;36;11
DILBIRIN;41;7.01.1986;30;11
AKSUN;41;25.03.1974;30;11
SIPAN;36;2.09.1983;25;11
OZDES;34;19.03.1981;23;11
YETKI;34;2.10.1975;23;11
HIDAVER;34;16.12.1962;23;11
URCAN;33;12.07.1966;22;11
MATI;33;23.04.1965;22;11
URSAN;31;23.02.1957;20;11
HEDIS;30;21.10.1956;19;11
IMIN;29;3.04.1964;18;11
SONAR;28;2.04.1974;17;11
HURSAN;26;14.02.1972;15;11
BEDIRSAH;26;2.03.1953;15;11
AKSIN;26;4.07.1970;15;11
YURDUM;26;25.02.1969;15;11
LIVA;26;5.06.1969;15;11
AYKUL;25;9.08.1975;14;11
NURHANI;24;27.03.1971;13;11
ERDAHAN;24;2.11.1966;13;11
SOZAY;24;2.10.1972;13;11
ISBIR;22;7.11.1961;11;11
SEDAN;22;13.10.1978;11;11
BENOL;22;29.07.1965;11;11
TELLO;22;5.07.1946;11;11
TEKAY;22;2.05.1970;11;11
MUNFER;21;29.08.1963;10;11
SONOL;21;18.03.1969;10;11
UCEL;21;8.01.1961;10;11
SISO;20;4.07.1949;9;11
OZGEL;20;17.08.1972;9;11
FEDAYET;20;18.08.1966;9;11
MELEN;20;18.09.1971;9;11
BEREAT;20;3.09.1970;9;11
ERENDIZ;20;9.09.1967;9;11
ULKUMEN;20;4.10.1969;9;11
SERVEL;20;28.02.1967;9;11
SONAL;19;3.01.1969;8;11
IZAMET;19;20.09.1950;8;11
SAYICAN;19;16.10.1958;8;11
ILTAC;19;7.12.1978;8;11
HUKUMRAN;19;17.04.1968;8;11
MERMI;19;20.06.1956;8;11
ZALI;18;11.01.1958;7;11
ERENAY;18;19.03.1981;7;11
UZGUN;18;26.11.1975;7;11
UMAN;18;17.03.1970;7;11
YAMANI;17;18.05.1970;6;11
ASIN;17;3.02.1970;6;11
ISIM;17;13.08.1964;6;11
BEDIRAY;17;10.04.1973;6;11
ULKUN;17;12.04.1964;6;11
TUGCIN;17;14.03.1986;6;11
HATA;17;21.05.1949;6;11
FERIYAT;17;15.11.1967;6;11
BIRTEK;17;30.2.1974;6;11
HANBEYI;17;15.10.1958;6;11
EFES;17;26.03.1975;6;11
OZLU;17;19.01.1977;6;11
MUHTERREM;17;30.07.1975;6;11
DINAY;16;19.09.1974;5;11
GOKSEMIN;16;8.10.1977;5;11
SAHAMET;16;17.09.1965;5;11
MUHABER;16;1.06.1953;5;11
NERCIN;16;23.07.1968;5;11
RUYAL;16;21.06.1969;5;11
BIRKEN;15;6.08.1972;4;11
VAFA;15;8.04.1977;4;11
EZIN;15;24.11.1969;4;11
NEYIM;15;23.09.1960;4;11
NECAVET;15;19.06.1952;4;11
SAVEL;15;13.06.1969;4;11
ILKFER;15;6.08.1973;4;11
SURUYA;15;26.06.1959;4;11
ILCAY;15;22.04.1974;4;11
ADEL;15;28.01.1955;4;11
SEVAR;15;9.12.1966;4;11
SEHRAP;14;6.03.1963;3;11
DILAL;14;28.08.1976;3;11
SUVER;14;18.02.1976;3;11
MUNTAZIM;14;30.01.1973;3;11
MUHABAT;14;17.03.1981;3;11
RUSA;14;25.09.1978;3;11
LEZZET;14;24.03.1961;3;11
SIS;14;3.08.1967;3;11
SUKUNET;14;1.04.1968;3;11
ALEF;14;5.04.1979;3;11
BELKIN;14;8.12.1968;3;11
ARFA;14;7.03.1960;3;11
SUVEL;14;24.07.1975;3;11
USLUHAN;14;23.11.1963;3;11
MUZDELIF;14;24.12.1980;3;11
UREM;14;9.01.1959;3;11
RUZGAN;14;1.09.1965;3;11
REKSAN;14;19.05.1972;3;11
YELTEN;13;5.06.1972;2;11
FEDO;13;3.06.1953;2;11
RONAI;13;4.05.1986;2;11
CANDA;13;8.02.1978;2;11
TAYIS;13;11.11.1966;2;11
BACO;13;17.09.1957;2;11
ZAHRI;13;26.11.1952;2;11
ESMERAL;13;26.02.1969;2;11
GOVSEN;13;7.01.1967;2;11
ILDEN;13;1.07.1982;2;11
NESER;13;28.05.1966;2;11
MIRAM;13;2.07.1958;2;11
AYBIR;13;7.01.1974;2;11
YASEVIM;13;10.12.1971;2;11
ELEMSAH;13;7.07.1965;2;11
ALISA;13;16.10.1978;2;11
ISFAHAN;13;21.07.1976;2;11
OZBAHAR;13;24.06.1973;2;11
UKSEL;13;11.03.1960;2;11
OZSEL;13;26.01.1973;2;11
VETHI;13;19.06.1958;2;11
TULHAN;13;15.03.1969;2;11
DUA;13;25.04.1983;2;11
SEMILAY;12;25.02.1980;1;11
ERGEM;12;19.01.1982;1;11
YUSRAN;12;13.03.1975;1;11
DILEN;12;25.05.1979;1;11
HILDAN;12;2.06.1980;1;11
SEYREN;12;17.06.1979;1;11
TAKVA;12;6.05.1973;1;11
NESEB;12;14.12.1961;1;11
MUKAFET;12;16.12.1969;1;11
MENAR;12;25.06.1978;1;11
MEVSIR;12;9.07.1967;1;11
ZULFUNUR;12;28.09.1978;1;11
DILSAZ;12;21.05.1948;1;11
IMTIHAN;12;16.10.1957;1;11
OLKER;12;16.02.1946;1;11
REJAN;12;15.10.1968;1;11
BETULHAN;12;27.03.1983;1;11
UZEN;12;25.03.1959;1;11
SIRIF;12;20.02.1971;1;11
ZURUYET;12;30.12.1961;1;11
CANFEZ;12;25.08.1964;1;11
SIVAL;12;12.04.1975;1;11
HURCIHAN;12;8.02.1963;1;11
CENNUR;12;18.03.1973;1;11
RUKSET;12;25.08.1960;1;11
ZILFU;12;26.08.1956;1;11
GURDAN;12;2.12.1963;1;11
MESKUL;12;28.09.1962;1;11
BEDUL;12;13.09.1972;1;11
BINSEL;12;24.02.1965;1;11
MUAZZIZ;12;1.05.1958;1;11
DERTLI;12;18.01.1958;1;11
SELAHET;12;20.08.1969;1;11
MISIRI;12;17.03.1958;1;11
ADINA;12;7.08.1969;1;11
SEVKIYET;12;3.09.1967;1;11
SEYEHAT;12;25.12.1970;1;11
NISTIMAN;12;1.08.1981;1;11
GAHAR;12;19.02.1964;1;11
FERFUL;12;5.11.1779;1;11
GULENFER;12;6.07.1967;1;11
ZENO;12;21.01.1952;1;11
SUFEYLAN;12;21.09.1962;1;11
NURDESEN;12;10.05.1970;1;11
MUCEHHEZ;12;7.10.1959;1;11
NUVE;12;13.01.1977;1;11
SUKUN;12;27.01.1965;1;11
GUZEYIN;12;16.12.1961;1;11
SAHSEL;12;30.12.1967;1;11
ORSEV;12;10.03.1973;1;11
MUKEDDER;12;5.03.1971;1;11
KADIHAN;12;16.08.1964;1;11
JEYAN;12;5.06.1968;1;11
ZULKARIYE;12;17.07.1961;1;11
TILSIM;12;4.02.1981;1;11
NISEY;11;13.05.1944;0;11
NURLANA;11;20.04.1973;0;11
SERDAGUL;11;23.12.1978;0;11
SITRET;11;22.01.1954;0;11
MUSERET;11;17.06.1967;0;11
RASHAN;11;16.04.1977;0;11
FATIMEYI;11;23.02.1964;0;11
SELAHE;11;6.06.1953;0;11
KEJEY;11;21.08.1952;0;11
ZIFA;11;16.10.1944;0;11
FERUDE;11;15.02.1959;0;11
MEDAHAT;11;20.03.1955;0;11
ZULCIHAN;11;6.02.1975;0;11
SURBUYE;11;11.09.1964;0;11
GULBETUL;11;22.06.1976;0;11
NEBRIYE;11;15.06.1972;0;11
SABIYET;11;17.09.1965;0;11
EYLEME;11;7.09.1984;0;11
RAGIYE;11;9.04.1964;0;11
NARSIDE;11;27.12.1957;0;11
NAVRUZE;11;7.04.1958;0;11
SEBAL;11;16.10.1964;0;11
MATLEN;11;27.12.1964;0;11
DILAHAN;11;22.12.1986;0;11
BILSEREN;11;23.12.1968;0;11
HOREY;11;25.05.1948;0;11
ZIDIYE;11;14.04.1961;0;11
BELIHA;11;18.12.1958;0;11
PERIZ;11;14.09.1963;0;11
RUGES;11;2.02.1986;0;11
ZEKRIYE;11;18.10.1960;0;11
CAYDA;11;25.02.1974;0;11
GAYSA;11;3.07.1973;0;11
SEVLE;11;23.08.1964;0;11
FILDES;11;4.03.1978;0;11
VACIHA;11;25.06.1959;0;11
TONGUL;11;3.08.1976;0;11
HAYDAN;11;15.08.1974;0;11
SEFIE;11;12.07.1967;0;11
NESLIME;11;20.11.1967;0;11
HEVIK;11;25.05.1941;0;11
SUHELYA;11;14.02.1979;0;11
GELSUN;11;6.08.1976;0;11
NICMA;11;24.05.1959;0;11
ASME;11;3.03.1950;0;11
HAKIMA;11;22.08.1965;0;11
ATIYYA;11;1.03.1954;0;11
TEREZ;11;11.07.1953;0;11
SILYA;11;23.08.1975;0;11
ZIN;11;22.05.1973;0;11
NOMA;11;1.02.1968;0;11
FAMILA;11;3.02.1972;0;11
BASRAYI;11;24.02.1951;0;11
LAILA;11;6.08.1978;0;11
RUVAYDE;11;8.10.1970;0;11
NISAL;11;26.04.1961;0;11
DILFURUS;11;27.02.1972;0;11
IPTISEM;11;8.03.1975;0;11
GALIBA;11;14.12.1966;0;11
LUTFIYYE;11;20.02.1963;0;11
GULSELAM;11;22.08.1964;0;11
HEZZI;11;19.01.1967;0;11
SEHRIMEN;11;30.05.1959;0;11
GULNEVIM;11;29.08.1961;0;11
MEHTEP;11;29.01.1981;0;11
KITTI;11;8.01.1945;0;11
SEVKIYA;11;23.08.1969;0;11
GOZELI;11;6.06.1969;0;11
MULKINAS;11;16.06.1968;0;11
GEYDA;11;7.10.1976;0;11
VETHE;11;28.01.1956;0;11
ESTEL;11;14.04.1978;0;11
ESMERE;11;14.06.1969;0;11
SILVE;11;5.07.1970;0;11
SEMIREN;11;5.05.1962;0;11
LAMYE;11;7.04.1956;0;11
HAYLETE;11;14.05.1967;0;11
MELIZA;11;15.05.1980;0;11
SHIRLEY;11;3.08.1955;0;11
BIZARI;11;6.04.1963;0;11
RANDA;11;10.10.1976;0;11
HUNEYNE;11;28.06.1971;0;11
KUME;11;30.03.1932;0;11
NURUSSABAH;11;27.04.1960;0;11
GULCINE;11;8.04.1957;0;11
TECRUBE;11;4.02.1960;0;11
NEVILA;11;14.09.1968;0;11
KEVOK;11;11.10.1963;0;11
SUMEYRAN;11;8.12.1979;0;11
LUKUS;11;4.09.1970;0;11
CELEBIYE;11;28.07.1949;0;11
ROZELIN;11;19.11.1984;0;11
SELEMET;11;26.11.1977;0;11
KIRMIZ;11;28.08.1950;0;11
REMIME;11;27.06.1966;0;11
HEYHET;11;9.01.1979;0;11
ZULFEN;11;10.02.1967;0;11
MUNICE;11;4.05.1973;0;11
MIRNA;11;7.04.1978;0;11
MEDE;11;12.02.1948;0;11
UZEYLA;11;22.09.1984;0;11
NADIBE;11;6.10.1963;0;11
BILGIZAR;11;13.12.1969;0;11
GULFERIN;11;5.12.1962;0;11
MIHNET;11;13.11.1957;0;11
NIKTAR;11;13.07.1950;0;11
SUELLA;11;14.11.1960;0;11
SAGRE;11;11.01.1977;0;11
BECIHA;11;2.02.1958;0;11
ALFE;11;25.07.1957;0;11
UNUFER;11;24.11.1970;0;11
SUENDAM;11;23.12.1971;0;11
ISMIYAN;11;20.01.1960;0;11
HILALNUR;11;8.09.1987;0;11
CENNETHAN;11;16.01.1959;0;11
RAKILE;11;19.03.1958;0;11
LADIFER;11;18.06.1962;0;11
MAMIRIYE;11;22.03.1962;0;11
MENZADE;11;30.04.1954;0;11
HACCANA;11;3.10.1966;0;11
ZENIHA;11;6.01.1965;0;11
EZGINUR;11;17.08.1990;0;11
MEDINIYE;11;2.12.1969;0;11
MENESE;11;16.03.1961;0;11
MINEFER;11;16.12.1965;0;11
SEMRANUR;11;27.07.1976;0;11
HUSNUSAN;11;30.04.1961;0;11
MAVINUR;11;19.03.1968;0;11
TUNZALE;11;20.02.1972;0;11
NEZAKIYE;11;10.07.1963;0;11
TUNUL;11;19.07.1961;0;11
MUSVIKA;11;23.07.1954;0;11
VARTUYI;11;27.01.1963;0;11
KADERIYE;11;25.07.1968;0;11
AYGOL;11;9.11.1970;0;11
MUSEPBIYE;11;28.04.1954;0;11
MERIYAM;11;5.07.1974;0;11
MUCKAN;11;15.04.1955;0;11
MUCEVFER;11;25.03.1959;0;11
MUSIBE;11;7.01.1951;0;11
NUVEYRA;11;18.03.1952;0;11
NURVEN;11;19.06.1972;0;11
CAGLANUR;11;15.07.1990;0;11
NARGIZA;11;14.06.1973;0;11
NEVCIYE;11;21.01.1964;0;11
UMMIYAN;11;2.12.1957;0;11
FAME;11;30.03.1944;0;11
RUHEYDE;11;6.05.1962;0;11
NURAYLA;11;19.07.1967;0;11
SEZANE;11;27.09.1964;0;11
FUNDUKA;11;27.10.1945;0;11
HANIMSE;11;11.12.1953;0;11
HEMSARE;11;25.04.1960;0;11
EBRA;11;27.10.1983;0;11
ULUVE;11;30.08.1951;0;11
SEFAKET;11;1.09.1959;0;11
FILDANE;11;11.09.1962;0;11
MIRIMAN;11;11.02.1954;0;11
SERNISAN;11;27.09.1963;0;11
OZNURAY;11;24.03.1974;0;11
MAIYE;11;24.09.1955;0;11
BEHRIBAN;11;2.09.1969;0;11
ELMINAZ;11;10.05.1952;0;11
LILIAN;11;26.05.1956;0;11
AYSEHATUN;11;16.02.1967;0;11
LOLA;11;25.01.1971;0;11
GOZDECAN;11;8.09.1988;0;11
ZINIFER;11;9.08.1952;0;11
SAFINEZ;11;24.02.1963;0;11
SEKERLI;11;23.03.1953;0;11
NEYDA;11;29.06.1974;0;11
PERVIZE;11;2.06.1955;0;11
DURHANE;11;14.11.1961;0;11
ZAIKA;11;30.08.1955;0;11
MUAFIYE;11;6.08.1949;0;11
HEMIRAN;11;8.07.1956;0;11
MAHIBER;11;12.01.1947;0;11
TUANA;11;20.09.1986;0;11
ZELGUZEL;11;6.02.1950;0;11
SEVDEGER;11;23.11.1967;0;11
ZEYNEPNUR;11;20.10.1987;0;11
SEMRAHA;11;13.04.1965;0;11
GULHAY;11;4.04.1969;0;11
MUZEYYET;11;14.02.1951;0;11
GULFAHRIYE;11;13.08.1958;0;11
SENGULAY;11;28.01.1978;0;11
NURBANI;11;22.10.1971;0;11
SELINAZ;11;13.11.1962;0;11
TUSI;11;5.05.1943;0;11
KEBIRIYE;11;23.11.1968;0;11
RABIKA;11;29.07.1962;0;11
MELEKET;11;8.12.1963;0;11
FIRTES;11;5.09.1960;0;11
DURIYYE;11;17.04.1960;0;11
AZVIYE;11;8.12.1955;0;11
LIGER;11;2.04.1962;0;11
SAHIDET;11;14.05.1945;0;11
SUKRUN;11;3.11.1976;0;11
SIMAYE;11;13.12.1966;0;11
HURISAR;11;16.12.1950;0;11
OMURGUL;11;19.08.1975;0;11
ASLIYAN;11;16.01.1956;0;11
NEBUSE;11;4.12.1970;0;11
DEVLETEN;11;27.07.1958;0;11
KETEYUN;11;22.11.1955;0;11
BUBER;11;3.07.1944;0;11
MINTIHAN;11;6.03.1962;0;11
ZENCE;11;16.02.1961;0;11
SEHNA;11;9.07.1973;0;11
NARGULU;11;20.01.1966;0;11
BURLA;11;11.12.1978;0;11
KABAHAN;11;15.04.1949;0;11
URGIYA;11;25.01.1955;0;11
ANSAGUL;11;27.02.1971;0;11
ESENUR;11;5.06.1980;0;11
SAHIDIYE;11;5.03.1957;0;11
NAZIRYE;11;24.01.1964;0;11
GULFUZE;11;30.06.1961;0;11
MENEKSEGUL;11;24.03.1975;0;11
GULMINET;11;25.05.1973;0;11
BIRHANIM;11;9.09.1963;0;11
URHUYA;11;26.01.1961;0;11
IMMUGULSUM;11;16.01.1962;0;11
DAGGUL;11;17.06.1978;0;11
KUMRUYA;11;8.12.1963;0;11
GULAYNUR;11;18.10.1973;0;11
BALIYE;11;29.09.1952;0;11
BIRSEREN;11;24.10.1972;0;11
SAZMIYE;11;13.08.1951;0;11
NEBBE;11;14.12.1951;0;11
ZEMME;11;24.01.1963;0;11
MUZEYYENE;11;26.09.1936;0;11
MUSIYE;11;1.10.1960;0;11
DARIYE;11;13.05.1953;0;11
MULKEN;11;28.08.1966;0;11
PAKINAZ;11;30.11.1958;0;11
ULCAZ;11;1.11.1959;0;11
MUVETTET;11;9.02.1970;0;11
SENGIL;11;20.12.1957;0;11
SERRAH;11;11.01.1979;0;11
NURCIL;11;16.12.1975;0;11
MESRIYE;11;12.05.1951;0;11
GULFIGAN;11;11.03.1959;0;11
BELFIN;11;23.03.1985;0;11
GULSIKAR;11;18.11.1959;0;11
FADINE;11;4.01.1965;0;11
GURBUN;11;29.11.1962;0;11
BERCIZ;11;30.10.1961;0;11
NAZIGAR;11;5.10.1956;0;11
TATSIANA;11;20.10.1973;0;11
FESAHAT;11;28.06.1956;0;11
GULCI;11;13.04.1958;0;11
ISPINAZ;11;26.03.1958;0;11
AYDINE;11;14.01.1960;0;11
SUKEYNE;11;12.03.1972;0;11
BEMBE;11;3.01.1963;0;11
MINFER;11;22.01.1969;0;11
VIOLETTA;11;18.03.1974;0;11
MUTAHHERE;11;9.01.1953;0;11
BEHRICAN;11;6.05.1972;0;11
BELMIN;11;9.10.1969;0;11
SARENUR;11;13.01.1985;0;11
SIMYA;11;30.09.1976;0;11
FAHRINUR;11;2.05.1958;0;11
SEZENAY;11;2.03.1987;0;11
GULTEZ;11;2.10.1967;0;11
SERAYE;11;18.06.1967;0;11
ZEDIYE;11;13.07.1960;0;11
RUFEYDA;11;21.08.1981;0;11
YEMINE;11;3.03.1962;0;11
EZIMA;11;30.09.1961;0;11
SANIYECAN;11;30.12.1970;0;11
BUKI;11;27.01.1965;0;11
SEDDIKA;11;12.11.1957;0;11
SEHMIYE;11;25.08.1955;0;11
SIREM;11;26.07.1983;0;11
ETLEZ;11;12.11.1968;0;11
KUTE;11;27.04.1945;0;11
CILINAZ;11;17.08.1957;0;11
HUZEYCE;11;21.09.1965;0;11
MUNNIRE;11;16.08.1970;0;11
MUCAYIDE;11;9.11.1962;0;11
RUKAYYE;11;10.10.1981;0;11
YADIGUL;11;24.05.1976;0;11
RISKIYA;11;18.10.1969;0;11
ZARINCI;11;26.07.1968;0;11
NASIA;11;14.01.1962;0;11
ZOHRUYE;11;12.11.1971;0;11
GULCEHRA;11;1.03.1969;0;11
MUHBBET;11;3.10.1971;0;11
GOLBAHAR;11;5.09.1972;0;11
ELFAZI;11;12.05.1973;0;11
BAZIYE;11;1.06.1962;0;11
GULBEZ;11;3.02.1964;0;11
GORCI;11;25.11.1948;0;11
MUZELIFE;11;23.11.1970;0;11
ATLAZ;11;7.06.1953;0;11
GAYILE;11;10.09.1965;0;11
ZULFINAS;11;12.12.1953;0;11
AISETE;11;9.01.1971;0;11
BESILA;11;28.08.1955;0;11
NALYA;11;14.11.1974;0;11
MEBRIYE;11;9.11.1964;0;11
REKYA;11;7.09.1973;0;11
KUTIR;11;26.01.1962;0;11
SOYLEM;11;18.06.1984;0;11
SIMAPERI;11;3.12.1965;0;11
GELAVIJ;11;19.03.1980;0;11
GULUNDAR;11;11.09.1978;0;11
KIYASET;11;12.10.1964;0;11
GOLUZAR;11;13.06.1962;0;11
SEIME;11;16.01.1954;0;11
NILNUR;11;6.11.1967;0;11
MEHEBBET;11;22.03.1958;0;11
BENANE;11;10.12.1954;0;11
UMMUSAH;11;19.01.1954;0;11
HUMERA;11;16.06.1949;0;11
SUFILE;11;22.10.1966;0;11
AYNURIYE;11;25.01.1951;0;11
GOYERCIN;11;2.01.1966;0;11
ELFUDA;11;14.03.1965;0;11
NADIKER;11;3.05.1964;0;11
GULIZE;11;14.05.1962;0;11
REHHAN;11;13.03.1970;0;11
SUBYA;11;28.12.1965;0;11
ZINEGUL;11;14.02.1951;0;11
BEYANET;11;18.11.1973;0;11
BEDEVYA;11;22.04.1970;0;11
VESYA;11;22.09.1972;0;11
NAYIZE;11;30.04.1969;0;11
SADINE;11;26.10.1965;0;11
MAKSIDE;11;22.09.1971;0;11
GONCEFER;11;24.04.1969;0;11
BERHA;11;4.09.1960;0;11
CEBIRE;11;27.07.1956;0;11
GULMAHI;11;29.04.1954;0;11
AYSENEM;11;15.04.1972;0;11
SUVALE;11;6.07.1960;0;11
ZIMET;11;28.08.1951;0;11
LILGUL;11;20.04.1968;0;11
KAHRIYE;11;30.07.1953;0;11
HABIDE;11;6.01.1959;0;11
ZAHTINUR;11;9.08.1953;0;11
HILAYDA;11;21.02.1989;0;11
MIYAS;11;6.03.1952;0;11
EMIRGUL;11;20.04.1965;0;11
GUNGUZEL;11;28.04.1950;0;11
GULZIYA;11;8.09.1953;0;11
SERIRE;11;13.03.1956;0;11
SEVZADE;11;3.06.1951;0;11
NARFIDA;11;18.01.1958;0;11
BEYHUDE;11;8.12.1956;0;11
MAAZZEZ;11;18.11.1964;0;11
BENEKSE;11;7.10.1950;0;11
HASRI;11;3.04.1947;0;11
SUHULA;11;27.02.1952;0;11
HABUBE;11;22.11.1966;0;11
ZEBIRE;11;1.09.1973;0;11
ESREFIYE;11;10.11.1956;0;11
PURUZHAN;11;30.03.1954;0;11
AMIYE;11;24.12.1971;0;11
DURAFIYE;11;12.07.1961;0;11
NADISE;11;23.03.1956;0;11
FIRINCA;11;29.01.1957;0;11
NEDIDE;11;30.06.1965;0;11
NEZEFET;11;1.02.1965;0;11
ZILFINUR;11;26.07.1967;0;11
CEZMUNUR;11;27.07.1961;0;11
MAHPUBE;11;30.09.1947;0;11
MAHIMEHRI;11;21.11.1949;0;11
HUMIYE;11;13.11.1960;0;11
TOHVE;11;27.01.1952;0;11
MULKIZAR;11;17.02.1962;0;11
MERISAH;11;25.09.1964;0;11
NAZINDE;11;3.04.1957;0;11
REKIYA;11;29.2.1967;0;11
BERICAN;11;3.07.1985;0;11
SERIA;11;16.05.1965;0;11
RENDIYE;11;19.02.1967;0;11
SADAKET;11;22.06.1955;0;11
ASALI;11;4.07.1951;0;11
NURHAYAL;11;19.11.1968;0;11
SADIKAR;11;24.01.1971;0;11
GUFTE;11;1.10.1986;0;11
GULIZARE;11;13.11.1933;0;11
MUKMUNE;11;10.04.1959;0;11
SAHINDIYE;11;2.10.1958;0;11
GULFUS;11;25.03.1948;0;11
PURUZ;11;9.09.1954;0;11
SALATUN;11;13.04.1959;0;11
NANUS;11;26.11.1950;0;11
KAMERIYA;11;21.09.1973;0;11
TAMGUL;11;27.09.1970;0;11
TEMASA;11;30.10.1953;0;11
LALINDER;11;22.08.1950;0;11
GAZIME;11;7.05.1962;0;11
NURESTE;11;20.9.1778;0;11
FITTOS;11;4.05.1947;0;11
HUSNUNUR;11;18.11.1963;0;11
GOGU;11;27.10.1958;0;11
USULE;11;30.12.1963;0;11
SEKURIYE;11;3.01.1954;0;11
ZERNUR;11;20.07.1957;0;11
FERGUNDE;11;2.04.1967;0;11
TEVHIDIYE;11;20.12.1951;0;11
GULFERAN;11;1.09.1954;0;11
AYISIL;11;21.04.1970;0;11
OZE;11;22.01.1984;0;11
UMMUZADE;11;17.01.1941;0;11
SEVDIHA;11;5.04.1973;0;11
NURGONUL;11;9.06.1963;0;11
GULMIYE;11;14.01.1953;0;11
SAHAVER;11;18.01.1950;0;11
SANSIGUR;11;19.03.1957;0;11
FATMUS;11;2.05.1944;0;11
ISINAY;11;6.12.1965;0;11
NEIBE;11;5.04.1958;0;11
GULMUFER;11;18.01.1968;0;11
SEVAYET;11;15.12.1957;0;11
SAYIZAR;11;23.02.1961;0;11
HAYLA;11;20.05.1958;0;11
ASBIYE;11;3.11.1958;0;11
SITDI;11;6.08.1961;0;11
FIRNAZ;11;9.04.1956;0;11
IRAHMA;11;11.10.1954;0;11
MEVCUDIYE;11;13.01.1955;0;11
HADIRE;11;10.08.1956;0;11
SEZMAN;11;28.11.1965;0;11
MENLI;11;21.07.1948;0;11
GULECE;11;14.04.1981;0;11
RABIATUL;11;18.09.1978;0;11
SERYAL;11;14.10.1972;0;11
ZEHRILBAN;11;17.05.1947;0;11
GULSEF;11;8.04.1968;0;11
ISMIKAN;11;21.02.1974;0;11
MUBARIYE;11;22.08.1957;0;11
MUNINE;11;29.12.1959;0;11
VECIDIYE;11;27.03.1960;0;11
ABBASIYE;11;6.10.1961;0;11
MEYYASE;11;2.03.1956;0;11
SOHEYLE;11;28.04.1966;0;11
ODIL;11;25.04.1976;0;11
YALE;11;14.01.1977;0;11
SUHILE;11;27.07.1947;0;11
NEVZETE;11;18.04.1968;0;11
SEVYE;11;27.12.1964;0;11
ZUHEYDE;11;4.12.1971;0;11
NUJEN;11;21.09.1981;0;11
RAYEGAN;11;2.03.1935;0;11
FERIDES;11;21.03.1966;0;11
ELDENUR;11;21.01.1960;0;11
SULUHA;11;3.03.1961;0;11
GOLAY;11;24.01.1961;0;11
FEMIHAN;11;16.12.1957;0;11
GULERDE;11;8.01.1965;0;11
MEKTUBE;11;28.11.1967;0;11
NURDANA;11;4.11.1971;0;11
REDIFA;11;9.04.1963;0;11
VESIHA;11;2.06.1967;0;11
TAMRA;11;26.03.1958;0;11
REVZE;11;8.01.1961;0;11
ZERHA;11;23.11.1972;0;11
ADULEY;11;15.02.1951;0;11
IMREM;11;29.01.1976;0;11
REHIYE;11;18.03.1954;0;11
ZELHEY;11;15.01.1937;0;11
TUGBAGUL;11;5.12.1985;0;11
TACIZER;11;19.11.1961;0;11
BAHTIGUZEL;11;6.07.1961;0;11
ZERAH;11;13.10.1966;0;11
SIRIBAN;11;9.08.1976;0;11
VATIFE;11;19.03.1958;0;11
AYNINUR;11;25.02.1951;0;11
GULEL;11;24.02.1954;0;11
INES;11;17.12.1957;0;11
SENRUH;11;16.04.1955;0;11
SEVDEN;11;23.10.1969;0;11
ESMAHANIM;11;15.07.1958;0;11
MELHA;11;5.03.1963;0;11
SEKILE;11;26.01.1952;0;11
SEVEY;11;23.05.1948;0;11
MUNEFFER;11;29.04.1963;0;11
MERZIHA;11;24.03.1961;0;11
SOPHIE;11;11.11.1974;0;11
NAZLUMA;11;1.07.1961;0;11
AYSENER;11;16.02.1974;0;11
FRANCOISE;11;9.01.1955;0;11
ZUMRUD;11;13.09.1969;0;11
ULKUYA;11;18.07.1962;0;11
HUDANE;11;26.04.1974;0;11
BALGUZEL;11;19.10.1957;0;11
MEHVIZE;11;6.09.1960;0;11
BANIS;11;25.07.1940;0;11
GEORGIANA;11;5.04.1975;0;11
ARUSE;11;28.10.1955;0;11
HOSADE;11;28.09.1955;0;11
RUVIZE;11;19.07.1941;0;11
NAKIME;11;8.12.1970;0;11
BEHISE;11;27.12.1960;0;11
BERNE;11;17.02.1972;0;11
ASURIYE;11;28.06.1969;0;11
PIKAR;11;15.10.1942;0;11
VENAR;11;17.12.1966;0;11
LIRIYA;11;5.03.1954;0;11
HANNELORE;11;19.02.1949;0;11
MUEDDEP;11;26.07.1951;0;11
ANYA;11;11.01.1976;0;11
RACHEL;11;7.06.1971;0;11
OLESEA;11;25.11.1979;0;11
NATALLIA;11;3.03.1978;0;11
VIGEN;11;16.05.1969;0;11
DILHAYAT;11;29.03.1962;0;11
INCEFER;11;15.04.1960;0;11
MUHAYYE;11;30.09.1959;0;11
NELIFER;11;29.03.1960;0;11
RUHANGIZ;11;8.07.1970;0;11
MIYADE;11;21.10.1951;0;11
MERGUZ;11;7.06.1963;0;11
NASIRA;11;13.11.1964;0;11
NIYIR;11;27.06.1952;0;11
MAHMUT;166090;18.07.1963;166080;10
NIYAZI;40444;1.10.1959;40434;10
CEVDET;30569;27.12.1964;30559;10
OKAN;23649;5.01.1982;23639;10
NAIL;16490;10.09.1963;16480;10
MEMIS;7359;29.08.1960;7349;10
ATA;2948;16.09.1968;2938;10
SAMIL;2721;12.06.1968;2711;10
ULVI;2202;14.03.1967;2192;10
HALEF;2078;23.06.1961;2068;10
AYVAZ;1644;27.05.1968;1634;10
FELEMEZ;1600;7.09.1967;1590;10
ALTAY;905;19.02.1971;895;10
NAKI;903;20.02.1967;893;10
FEYAZ;577;28.04.1981;567;10
OGUR;550;22.08.1974;540;10
ERGULU;373;3.02.1972;363;10
ZEYDAN;373;21.06.1973;363;10
SAFTER;318;30.08.1976;308;10
ENSER;311;10.06.1968;301;10
OLGAY;281;2.08.1982;271;10
MEFAIL;273;1.08.1959;263;10
MISBAH;247;30.09.1962;237;10
CEHVER;246;8.07.1968;236;10
KORCAN;241;27.08.1982;231;10
BEDEL;217;10.02.1966;207;10
KARAMAN;208;8.06.1958;198;10
KANSU;167;13.08.1982;157;10
ARAL;119;13.05.1977;109;10
ARDAHAN;113;12.01.1979;103;10
SOMER;111;6.03.1969;101;10
SANAYI;110;21.10.1969;100;10
SEHZAT;104;30.03.1958;94;10
YENEL;101;24.02.1969;91;10
HATIM;97;14.01.1965;87;10
MELIHSAH;92;4.11.1982;82;10
HAYRUL;91;16.04.1967;81;10
CANO;90;15.05.1960;80;10
REBI;90;8.05.1964;80;10
NURBAKI;89;5.12.1976;79;10
SAYDAM;85;11.02.1961;75;10
BESRI;82;30.05.1967;72;10
EFSAL;68;17.08.1961;58;10
OZ;66;15.07.1965;56;10
PEKER;65;12.12.1960;55;10
SEYHI;64;29.05.1952;54;10
HAMDAN;64;2.10.1958;54;10
FINDI;64;27.06.1962;54;10
SEDAR;61;12.04.1984;51;10
MEZYET;53;22.08.1965;43;10
GARIB;51;10.10.1963;41;10
ZUHAT;47;17.06.1981;37;10
MURSELIM;45;15.12.1968;35;10
KEBIR;42;22.05.1969;32;10
HADIM;39;17.09.1961;29;10
SENDURAN;38;20.07.1964;28;10
OVUN;36;24.01.1972;26;10
SAYAR;36;26.06.1966;26;10
RUZI;35;27.06.1960;25;10
CANSAH;35;22.08.1959;25;10
HAYRUS;33;8.04.1953;23;10
BALKIR;32;23.12.1970;22;10
ERSIL;30;27.04.1973;20;10
MIRE;30;15.03.1953;20;10
NESMI;29;5.02.1962;19;10
NEYZEN;29;8.06.1972;19;10
MUTAHAR;28;12.03.1954;18;10
BURAY;28;18.01.1978;18;10
BEHNUR;27;16.10.1971;17;10
BEFA;26;14.04.1964;16;10
AYSAT;26;5.07.1979;16;10
FIRGAN;25;6.01.1962;15;10
HAKSEVER;24;9.04.1972;14;10
AHI;24;28.02.1968;14;10
ZIYNETTIN;24;4.07.1966;14;10
ERMIYE;23;30.08.1961;13;10
HERGUN;23;16.09.1966;13;10
HUKUMET;23;30.05.1966;13;10
SAVAT;23;28.10.1964;13;10
SOYLU;23;9.08.1976;13;10
HACA;22;9.08.1945;12;10
ELIM;22;5.10.1969;12;10
MUSENNA;22;6.06.1976;12;10
NECMAN;22;5.04.1967;12;10
SAHABET;22;21.10.1968;12;10
DEYER;21;12.08.1971;11;10
URESIN;21;13.03.1960;11;10
SENGOR;21;1.01.1957;11;10
KARLI;21;2.03.1958;11;10
HAME;20;28.08.1954;10;10
ARSEVEN;20;2.05.1961;10;10
CANOZ;20;23.05.1975;10;10
GULNAMI;19;28.04.1962;9;10
EFFAN;19;18.12.1960;9;10
EZIZ;19;15.02.1961;9;10
SERAF;18;14.05.1974;8;10
RUBAR;17;12.06.1988;7;10
YETGUN;17;13.02.1973;7;10
ERDENUR;17;8.03.1969;7;10
SEMIM;17;13.01.1965;7;10
SEMAHI;17;21.03.1964;7;10
URGEN;16;24.10.1974;6;10
LUTFER;16;5.01.1961;6;10
ANSER;16;15.03.1959;6;10
SAHIDER;16;2.09.1962;6;10
ATIS;16;28.09.1959;6;10
SANEL;16;24.05.1974;6;10
ERNAZ;16;17.04.1969;6;10
ZEMAN;16;5.03.1958;6;10
ROJEN;16;13.04.1982;6;10
HAKNUR;16;18.09.1974;6;10
SEDAY;16;30.2.1976;6;10
UNUT;15;26.08.1975;5;10
ISMEN;15;1.09.1970;5;10
HAZALI;15;3.07.1969;5;10
TANCA;15;28.02.1969;5;10
SANZER;15;6.11.1967;5;10
MUNKER;15;3.02.1977;5;10
DERGIN;15;9.12.1975;5;10
NAMER;15;5.03.1968;5;10
NURYASAR;15;18.03.1967;5;10
TUMRIS;15;24.03.1952;5;10
ELCI;14;13.01.1977;4;10
NECBIR;14;21.06.1990;4;10
ILKSIN;14;20.12.1978;4;10
CEVAR;14;25.01.1950;4;10
SILER;14;13.02.1972;4;10
DEVRIN;14;27.03.1977;4;10
HAFIK;14;1.12.1956;4;10
DURHANI;14;16.04.1959;4;10
KEMANDAR;14;18.06.1963;4;10
BELKI;14;9.02.1957;4;10
CANSEREN;14;27.02.1965;4;10
IDAL;14;15.08.1971;4;10
ZURYA;13;5.05.1963;3;10
TALIHAN;13;11.03.1973;3;10
MEVLO;13;20.12.1949;3;10
RANI;13;12.01.1953;3;10
RESEN;13;22.05.1976;3;10
HEYET;13;6.01.1976;3;10
MUHADDIS;13;20.08.1959;3;10
BEHAR;13;19.03.1947;3;10
CEVAIL;13;14.09.1966;3;10
YETISIR;13;5.07.1964;3;10
NADIK;13;12.10.1951;3;10
ANSEN;13;25.02.1957;3;10
GONLUM;13;18.11.1981;3;10
YURDAAY;13;24.11.1958;3;10
HAVAL;13;10.10.1978;3;10
MIFER;13;5.02.1976;3;10
HUBEYDE;13;2.02.1974;3;10
SENGEL;13;16.02.1959;3;10
EMREL;13;25.02.1969;3;10
MUZGIN;13;28.12.1973;3;10
OZNAR;13;15.08.1973;3;10
DERAY;13;1.08.1979;3;10
AYSAR;13;30.2.1965;3;10
OZEY;13;17.05.1968;3;10
SACIHAN;12;3.09.1975;2;10
ECER;12;25.01.1971;2;10
MARO;12;25.01.1957;2;10
AFYET;12;16.11.1973;2;10
MASI;12;3.10.1948;2;10
HAMDUSENE;12;1.04.1985;2;10
MEHIL;12;6.09.1966;2;10
NIKAT;12;30.10.1961;2;10
MUSAVVAT;12;30.09.1964;2;10
NAKIS;12;1.12.1956;2;10
GULLICAN;12;27.08.1965;2;10
MUZAHHAR;12;14.05.1948;2;10
AYCEL;12;19.09.1964;2;10
TUGBAN;12;15.07.1977;2;10
SEMIS;12;19.01.1958;2;10
ESHER;12;20.04.1958;2;10
TIPI;12;30.09.1961;2;10
EMLIHA;12;14.03.1959;2;10
METULLAH;12;10.01.1959;2;10
ERBI;12;29.01.1968;2;10
ARSU;12;5.07.1973;2;10
ILMAS;12;28.02.1954;2;10
NADET;12;3.09.1966;2;10
NAZILLI;12;10.01.1957;2;10
SIVRAN;12;28.05.1972;2;10
NES;12;20.03.1959;2;10
MUKERREF;12;16.03.1964;2;10
BETIN;12;24.09.1957;2;10
SUNTER;12;9.03.1953;2;10
MAHVER;12;8.12.1955;2;10
ERGUVAN;11;9.09.1966;1;10
NILKAN;11;18.06.1983;1;10
OLGER;11;14.03.1953;1;10
KOYUN;11;14.07.1937;1;10
KAZAL;11;21.02.1953;1;10
YETMEZ;11;12.07.1970;1;10
HUTO;11;23.02.1953;1;10
TURKE;11;15.01.1952;1;10
SEYZA;11;30.06.1973;1;10
SARIN;11;8.05.1968;1;10
DIMA;11;12.11.1980;1;10
CELILI;11;26.01.1958;1;10
HIKMETI;11;12.05.1948;1;10
MUTEHHER;11;7.07.1954;1;10
ISFIHAN;11;22.06.1964;1;10
NALI;11;19.12.1960;1;10
SUNGER;11;11.06.1966;1;10
BEYTINUR;11;24.10.1977;1;10
SERVIM;11;26.11.1962;1;10
TUZE;11;15.10.1973;1;10
IKSEN;11;16.04.1969;1;10
BIRIN;11;5.03.1964;1;10
REBAHAT;11;5.12.1967;1;10
YURDASER;11;17.01.1965;1;10
AYNET;11;1.05.1962;1;10
NEZIRAN;11;13.12.1956;1;10
ACIYE;11;28.01.1951;1;10
KADDER;11;3.10.1961;1;10
VENNAS;11;29.08.1974;1;10
NERMIS;11;21.02.1961;1;10
AGAGUL;11;21.02.1970;1;10
MIRAYET;11;14.08.1959;1;10
HUNGAR;11;16.09.1955;1;10
YASADI;11;21.06.1973;1;10
HAYSER;11;27.12.1954;1;10
NEFSAL;11;29.12.1959;1;10
USLAT;11;30.01.1964;1;10
YOLCAN;11;17.03.1975;1;10
SEMAVET;11;3.11.1960;1;10
SAHAL;11;19.11.1949;1;10
PATIS;11;18.10.1957;1;10
BILCIHAN;11;7.04.1974;1;10
RUZEN;11;1.12.1968;1;10
TEYRAN;11;14.10.1962;1;10
SONCA;11;12.11.1979;1;10
HAMIRAN;11;5.01.1953;1;10
RUNA;11;4.02.1959;1;10
ESREFI;11;17.11.1957;1;10
HACIBE;11;12.03.1958;1;10
PALAZ;11;5.05.1963;1;10
MUBAR;11;5.03.1969;1;10
CEMRAN;11;2.01.1974;1;10
CIDA;11;26.12.1964;1;10
ZENCEL;11;30.05.1963;1;10
MUHAYYER;11;8.04.1964;1;10
SAHRET;11;17.08.1964;1;10
TIRKI;11;11.08.1944;1;10
SEHAM;11;6.07.1964;1;10
SEVTAN;11;19.01.1978;1;10
BAHTIGULER;11;3.09.1967;1;10
NEYCAN;11;5.10.1967;1;10
NURDAS;11;18.06.1976;1;10
SEFIRAZ;11;14.04.1966;1;10
YELDAN;11;23.04.1971;1;10
ELVEN;11;9.05.1967;1;10
ULGAN;11;23.02.1963;1;10
CICAN;11;6.12.1955;1;10
YILGUL;11;4.06.1966;1;10
AKCE;11;8.08.1964;1;10
SEKIL;11;7.02.1950;1;10
ULUSER;11;6.11.1961;1;10
MUFTIYE;10;10.04.1967;0;10
MUHRIBA;10;23.01.1964;0;10
GOLCAN;10;20.12.1980;0;10
MEYRIYE;10;4.10.1963;0;10
IMMIHANIM;10;14.08.1963;0;10
VAHIDA;10;19.10.1959;0;10
BEDAHA;10;28.12.1957;0;10
KUFAYE;10;19.11.1956;0;10
MUNNEVVER;10;14.02.1971;0;10
VAIZE;10;15.11.1955;0;10
PERIAN;10;23.12.1961;0;10
MENFIA;10;25.07.1973;0;10
ZEYSAN;10;22.06.1960;0;10
MECIHA;10;14.11.1958;0;10
MINEY;10;22.10.1949;0;10
MENEY;10;19.06.1954;0;10
GULGULU;10;13.04.1964;0;10
VAZIHE;10;8.12.1951;0;10
DALI;10;14.03.1961;0;10
SIRMAGUL;10;30.08.1974;0;10
MASIME;10;29.08.1967;0;10
MUBARA;10;3.03.1970;0;10
SEVDAM;10;21.08.1981;0;10
MAHIRIYE;10;13.09.1958;0;10
NEZETA;10;13.03.1973;0;10
GELSUM;10;20.05.1979;0;10
MENFIYET;10;4.02.1979;0;10
VENSA;10;10.01.1979;0;10
HACIRI;10;9.01.1956;0;10
ANISA;10;11.02.1967;0;10
MENFO;10;20.04.1951;0;10
MENFEAT;10;12.02.1969;0;10
ZERIK;10;3.08.1963;0;10
SEDES;10;12.07.1967;0;10
NAZLISAN;10;11.05.1978;0;10
MENSURET;10;2.06.1977;0;10
BESSIK;10;17.02.1949;0;10
ZEHO;10;2.08.1957;0;10
CAZIYA;10;1.03.1954;0;10
IZMIHAN;10;7.03.1967;0;10
SEMILA;10;28.12.1977;0;10
GERIBE;10;22.06.1971;0;10
PEYRUZA;10;5.04.1960;0;10
SUREYHAN;10;20.05.1966;0;10
RAYE;10;21.05.1963;0;10
MALIN;10;1.12.1982;0;10
KADRE;10;5.12.1946;0;10
HINI;10;23.12.1950;0;10
RIVEYDA;10;20.08.1967;0;10
GUREYBE;10;25.03.1956;0;10
MAHKUME;10;7.04.1965;0;10
NUCUDA;10;18.12.1962;0;10
ERZANI;10;5.07.1938;0;10
TAKVE;10;27.01.1986;0;10
ZOZI;10;7.08.1951;0;10
MAHFERI;10;11.04.1979;0;10
SERFA;10;9.07.1969;0;10
HULFE;10;28.01.1968;0;10
FASLE;10;16.12.1958;0;10
KITSO;10;27.11.1941;0;10
MINTEHE;10;1.08.1964;0;10
TEVFIYE;10;26.01.1964;0;10
ZIGAYRE;10;19.08.1955;0;10
SAHBIYE;10;26.06.1970;0;10
GULBEYEN;10;15.12.1976;0;10
CESURE;10;1.01.1967;0;10
JULIANA;10;25.06.1976;0;10
HILI;10;24.05.1947;0;10
LEMIZ;10;25.01.1965;0;10
KATHLEEN;10;14.09.1958;0;10
MANAL;10;23.02.1981;0;10
HIRIYE;10;28.01.1956;0;10
MALYA;10;25.04.1972;0;10
FENSE;10;27.12.1973;0;10
NEZRET;10;27.12.1967;0;10
DIYANE;10;16.12.1977;0;10
ANULA;10;18.05.1962;0;10
HUMEYYA;10;24.04.1981;0;10
REHMETE;10;24.02.1972;0;10
MEHA;10;30.12.1974;0;10
DEBORA;10;6.01.1975;0;10
NUPEL;10;17.11.1988;0;10
GAYLE;10;3.08.1971;0;10
EKIME;10;19.06.1970;0;10
IPTIHAC;10;28.03.1953;0;10
SAMINUR;10;30.08.1957;0;10
MUFTALE;10;17.07.1949;0;10
GUNFERI;10;8.02.1957;0;10
RAHLE;10;8.04.1970;0;10
BETUR;10;29.06.1975;0;10
FIRIZ;10;30.03.1962;0;10
SEBIYAT;10;13.06.1965;0;10
PEVRIZA;10;3.11.1970;0;10
ZAHRET;10;3.02.1954;0;10
URUFE;10;1.11.1963;0;10
MUKATDIS;10;1.10.1961;0;10
ZENGIYE;10;1.08.1966;0;10
MUJDAR;10;13.07.1983;0;10
MUCELYA;10;20.05.1978;0;10
HADREY;10;19.04.1962;0;10
NERZIYE;10;15.01.1955;0;10
SAHPER;10;23.01.1960;0;10
GULBESE;10;27.04.1957;0;10
MUKADTES;10;17.10.1964;0;10
SEBADIYE;10;14.04.1962;0;10
SEVKETE;10;21.04.1945;0;10
GULFERIK;10;8.01.1955;0;10
NAIMIYE;10;22.04.1957;0;10
INZULE;10;17.04.1971;0;10
HAVASIN;10;21.03.1975;0;10
MENEVIS;10;29.11.1965;0;10
NURSIDIYE;10;23.02.1964;0;10
SITTIGA;10;4.03.1960;0;10
TURSIYE;10;29.03.1953;0;10
AYZA;10;29.12.1978;0;10
REFAAT;10;8.08.1955;0;10
MAHUDE;10;16.06.1961;0;10
NANEGUL;10;29.06.1970;0;10
MENEGSE;10;9.05.1950;0;10
GULDESTI;10;23.02.1965;0;10
KUPER;10;15.01.1966;0;10
SAZEL;10;8.12.1951;0;10
YEPIL;10;3.12.1974;0;10
GULDAHAN;10;13.03.1965;0;10
NESIKE;10;1.04.1969;0;10
ZATUNUR;10;21.07.1957;0;10
GULUNSER;10;7.04.1965;0;10
MEHRUBE;10;15.04.1969;0;10
AMALIA;10;22.10.1958;0;10
KILABDAN;10;12.08.1957;0;10
PENBENUR;10;27.09.1969;0;10
NALIFER;10;2.09.1954;0;10
LUVEYDE;10;15.07.1967;0;10
NECLAHA;10;4.10.1954;0;10
MADINE;10;16.09.1963;0;10
MEHLICAN;10;13.08.1976;0;10
BEHNA;10;25.07.1968;0;10
IKLIMIYE;10;20.10.1954;0;10
UFET;10;22.02.1961;0;10
KITAYUN;10;6.09.1951;0;10
GUNEREN;10;20.07.1959;0;10
REYIME;10;11.12.1958;0;10
NURFELEK;10;5.09.1966;0;10
NIHAKET;10;8.04.1953;0;10
GULEMDAM;10;29.08.1955;0;10
SEVISAN;10;1.07.1956;0;10
EGENUR;10;1.04.1973;0;10
MUZEYNE;10;10.12.1962;0;10
KEHRIBAL;10;16.12.1956;0;10
ZAYRE;10;26.12.1970;0;10
RAIYE;10;24.09.1955;0;10
SEHMINAZ;10;20.01.1965;0;10
ASLINAZ;10;11.12.1974;0;10
VEJDA;10;6.11.1977;0;10
UMMUGULSEN;10;13.06.1969;0;10
SEYRAP;10;7.10.1965;0;10
MEYASET;10;2.02.1967;0;10
AIGUL;10;18.02.1974;0;10
ZEYRAN;10;12.02.1962;0;10
VILDANUR;10;1.11.1976;0;10
MEYSARE;10;3.04.1965;0;10
UMAME;10;26.09.1967;0;10
NIGAN;10;30.06.1974;0;10
RUKE;10;11.01.1949;0;10
SAFIKAR;10;25.09.1956;0;10
SAARA;10;19.02.1979;0;10
ARSLANHAN;10;1.07.1951;0;10
BENBE;10;8.07.1960;0;10
BIRSEMIN;10;5.12.1975;0;10
MEJBURIYE;10;29.2.1966;0;10
SEREHAN;10;24.09.1970;0;10
SIVEL;10;18.12.1976;0;10
SAHZEN;10;6.06.1955;0;10
DUDUYA;10;16.07.1962;0;10
NAZINDER;10;1.11.1958;0;10
SAREGUL;10;1.08.1975;0;10
FERUNDA;10;12.08.1962;0;10
MUHLIZAR;10;11.11.1946;0;10
SERFIYE;10;15.08.1960;0;10
LOREDANA;10;19.09.1980;0;10
ESMAUL;10;5.01.1981;0;10
NURTER;10;14.07.1964;0;10
MEBRUSE;10;1.05.1957;0;10
GULBANIYE;10;8.07.1960;0;10
MERDANIYE;10;8.03.1960;0;10
GULFAR;10;7.10.1958;0;10
ZERIYA;10;28.09.1961;0;10
ARZUCAN;10;30.08.1983;0;10
SEMURAY;10;10.05.1967;0;10
HAYSE;10;30.05.1955;0;10
SONDAGUL;10;23.09.1971;0;10
FERISDAH;10;20.07.1966;0;10
MUREVET;10;21.10.1966;0;10
GULNUS;10;2.02.1967;0;10
BASIRAZ;10;21.02.1950;0;10
MINNURE;10;20.08.1967;0;10
NATO;10;30.06.1970;0;10
CAGLAGUL;10;28.12.1986;0;10
NIRVANA;10;14.03.1981;0;10
UMREHAN;10;18.10.1980;0;10
FATUMATUZ;10;17.09.1966;0;10
MURGEN;10;15.02.1968;0;10
AKGIZ;10;9.05.1960;0;10
NURABIYE;10;30.10.1969;0;10
NEZLAN;10;16.10.1966;0;10
EMSIYE;10;7.06.1972;0;10
SEHMINUR;10;22.11.1962;0;10
KISNA;10;16.10.1945;0;10
NESIDIYE;10;5.08.1961;0;10
NEFSER;10;28.10.1958;0;10
BELGIHAN;10;6.09.1980;0;10
SAFETE;10;25.10.1961;0;10
UMME;10;19.05.1964;0;10
SEMSICIHAN;10;4.03.1956;0;10
KILE;10;1.06.1938;0;10
KAMERGUL;10;29.2.1974;0;10
EDABIYE;10;3.03.1970;0;10
DIDEN;10;19.04.1976;0;10
NEVLIYE;10;28.03.1960;0;10
EFTALIYE;10;26.12.1958;0;10
AYISEL;10;8.02.1964;0;10
MAGUS;10;11.07.1954;0;10
YUZUK;10;28.05.1946;0;10
BEDISAH;10;17.03.1955;0;10
RUEYDA;10;10.02.1970;0;10
TANE;10;17.12.1977;0;10
MAMINE;10;22.08.1950;0;10
ASIKER;10;30.08.1972;0;10
AYLIL;10;14.12.1976;0;10
FIRDEVUS;10;27.02.1969;0;10
MELUDE;10;14.08.1977;0;10
GULSIFE;10;16.05.1963;0;10
GOKSELI;10;14.01.1973;0;10
KERIYME;10;1.01.1970;0;10
KIRMIZIGUL;10;7.10.1955;0;10
MUKADDET;10;3.09.1964;0;10
HOSNAZE;10;24.01.1955;0;10
NEFISET;10;26.05.1964;0;10
GULESTI;10;27.04.1965;0;10
BIDIK;10;19.10.1948;0;10
MAHLUP;10;20.04.1949;0;10
RAMIDE;10;8.10.1956;0;10
GULLUCEMAL;10;22.01.1976;0;10
PEYKEL;10;22.9.1764;0;10
ELMAZA;10;24.07.1962;0;10
NAIS;10;24.08.1947;0;10
SERPIM;10;17.03.1963;0;10
SECKUL;10;15.04.1968;0;10
TUBE;10;20.12.1970;0;10
RAHIMET;10;23.12.1751;0;10
INGEBORG;10;23.01.1945;0;10
MENVA;10;23.12.1971;0;10
RUHISAR;10;21.08.1951;0;10
GULFADEN;10;19.09.1958;0;10
BULSEN;10;21.12.1964;0;10
SIMUZAR;10;30.05.1959;0;10
MAYRIYE;10;22.07.1978;0;10
PEHRIYE;10;23.05.1951;0;10
SADIMET;10;22.09.1953;0;10
GULDIREN;10;18.04.1960;0;10
AYBEGUL;10;26.05.1984;0;10
NEVIZER;10;26.12.1957;0;10
LIYUZE;10;23.06.1958;0;10
ZULFUZAR;10;9.08.1954;0;10
YAZMA;10;29.11.1973;0;10
HANIMCUK;10;6.09.1948;0;10
GULMIN;10;5.02.1975;0;10
MELEKHANIM;10;22.04.1959;0;10
NAVIDER;10;27.06.1961;0;10
MUJCAN;10;29.2.1965;0;10
ZALIME;10;2.04.1957;0;10
HEBIYE;10;25.05.1964;0;10
ZEMURE;10;6.02.1952;0;10
ZINNURIYE;10;14.12.1763;0;10
NEDILE;10;19.09.1961;0;10
VEFARET;10;11.05.1971;0;10
ELLA;10;15.07.1973;0;10
SELMINE;10;1.10.1960;0;10
BENIHAN;10;5.11.1961;0;10
AMINAT;10;27.04.1966;0;10
NEYZAR;10;19.02.1971;0;10
GIZEN;10;20.05.1985;0;10
SAIBET;10;14.10.1965;0;10
NUVEYLA;10;5.04.1962;0;10
HAZAKER;10;8.05.1961;0;10
ZULFIYYA;10;17.04.1976;0;10
SUKRANAY;10;30.12.1977;0;10
MADILET;10;7.10.1953;0;10
GULSAM;10;5.01.1952;0;10
MESRA;10;21.10.1980;0;10
NIGDE;10;14.06.1962;0;10
TESVIYE;10;28.02.1960;0;10
GONCANUR;10;18.04.1986;0;10
MASITA;10;22.03.1974;0;10
NEVSUN;10;28.04.1976;0;10
KUHARI;10;12.02.1938;0;10
SEMURAL;10;20.12.1962;0;10
FINTOS;10;25.09.1940;0;10
FERISTA;10;5.10.1959;0;10
GUNCA;10;10.01.1969;0;10
VELAYET;10;12.06.1976;0;10
SAHZIME;10;21.06.1963;0;10
MUHURNAZ;10;24.07.1973;0;10
CAZE;10;22.09.1949;0;10
ZIDIYA;10;18.07.1968;0;10
SURATHAN;10;24.10.1963;0;10
SEVIHA;10;29.07.1961;0;10
REVZAN;10;5.10.1961;0;10
FANIYA;10;8.11.1972;0;10
BESBINNAZ;10;13.07.1974;0;10
HUSNUCE;10;26.09.1968;0;10
CINNETI;10;26.11.1949;0;10
NISFICAN;10;14.12.1952;0;10
SITTIYA;10;1.07.1971;0;10
SIMAGUL;10;1.06.1970;0;10
SERMETE;10;20.05.1976;0;10
OZLIFE;10;30.10.1982;0;10
GULAYIM;10;13.10.1954;0;10
FAHRISAN;10;14.05.1962;0;10
SEFRAZ;10;6.09.1961;0;10
MUTTEBER;10;3.08.1964;0;10
MASIYE;10;25.07.1956;0;10
MAYISA;10;11.07.1964;0;10
NAZANIN;10;11.04.1960;0;10
KAMALIYE;10;18.06.1967;0;10
FERIKAT;10;30.09.1964;0;10
HELIYE;10;4.10.1975;0;10
SADAGUL;10;19.06.1967;0;10
SAHILA;10;16.03.1974;0;10
AKSEM;10;13.05.1976;0;10
MAHYETE;10;22.10.1970;0;10
SEVGISAN;10;26.08.1965;0;10
AFSANEH;10;2.01.1968;0;10
SUKURUYE;10;28.06.1965;0;10
RUHAFZA;10;18.12.1960;0;10
SUDAGUL;10;26.09.1967;0;10
DAGDAGUL;10;12.06.1962;0;10
ZUREFA;10;8.01.1946;0;10
EMILIYA;10;18.06.1965;0;10
SADIE;10;4.06.1969;0;10
BEHZA;10;22.08.1955;0;10
ALIKE;10;9.07.1950;0;10
MURSADE;10;20.06.1961;0;10
SEHIDET;10;12.09.1953;0;10
TERBIYE;10;9.07.1960;0;10
MEDENIYE;10;15.10.1958;0;10
INCIAY;10;3.09.1965;0;10
MERCIYE;10;18.02.1958;0;10
IPEKTEN;10;30.11.1955;0;10
BINYAZ;10;4.03.1962;0;10
LUVAZE;10;26.03.1963;0;10
NAMIKE;10;5.08.1964;0;10
NEDIRYE;10;13.08.1970;0;10
CEVRIS;10;3.07.1948;0;10
MERNAZ;10;12.09.1962;0;10
NESAHAT;10;14.05.1969;0;10
EBILI;10;10.07.1963;0;10
BIRINC;10;20.04.1961;0;10
NERIMIN;10;17.09.1962;0;10
NETAFET;10;20.12.1955;0;10
HATIDJE;10;10.05.1968;0;10
NERGIBE;10;17.10.1960;0;10
IFAZET;10;22.08.1951;0;10
AZME;10;9.03.1959;0;10
RUIDE;10;28.08.1950;0;10
KILMAN;10;6.06.1957;0;10
BIHDER;10;30.12.1980;0;10
HIDAYETE;10;18.01.1946;0;10
ARAFIYE;10;28.01.1954;0;10
ELAINE;10;22.10.1960;0;10
GULMEHRI;10;1.05.1968;0;10
FAYZA;10;10.08.1970;0;10
SEKRIYE;10;15.04.1967;0;10
UMMUSE;10;4.06.1953;0;10
DIGDAR;10;28.03.1978;0;10
TUKEN;10;16.4.1759;0;10
UMRAHAN;10;6.04.1977;0;10
MUJELLA;10;11.08.1964;0;10
ISMAGAN;10;13.11.1955;0;10
TURLU;10;21.10.1953;0;10
FATIMAI;10;16.06.1961;0;10
NURSINEM;10;7.10.1987;0;10
NURIZER;10;18.11.1954;0;10
UZLIFE;10;18.02.1971;0;10
SUHEYDE;10;10.03.1975;0;10
HERIYE;10;13.12.1958;0;10
KIZE;10;6.04.1949;0;10
SATINE;10;22.07.1965;0;10
KAMERYA;10;23.09.1967;0;10
KULFIYE;10;20.10.1956;0;10
SUHLE;10;26.04.1969;0;10
NARISE;10;3.02.1963;0;10
MAYZER;10;1.06.1964;0;10
AYZADE;10;6.04.1970;0;10
ZUMRUDE;10;1.10.1966;0;10
ZIZI;10;25.03.1951;0;10
SEVIYET;10;18.04.1962;0;10
LEYMUNA;10;26.12.1960;0;10
ZERLIN;10;12.12.1974;0;10
RASIBE;10;15.07.1959;0;10
MELISHAN;10;21.06.1980;0;10
REHNA;10;15.04.1962;0;10
NAZANDE;10;27.02.1972;0;10
MEYAS;10;24.01.1965;0;10
NEZIFA;10;8.12.1969;0;10
AYSEY;10;2.11.1967;0;10
GULBATI;10;2.09.1963;0;10
BIRGULE;10;11.07.1959;0;10
SINAZAR;10;20.11.1950;0;10
MAFIYA;10;17.06.1963;0;10
ZEKINAZ;10;18.01.1960;0;10
NANIK;10;27.01.1950;0;10
NERMINGUL;10;3.02.1966;0;10
NARMIN;10;28.10.1962;0;10
YOSMAGUL;10;22.06.1969;0;10
SULAHA;10;15.01.1963;0;10
BEKRIYE;10;12.12.1954;0;10
LALAZAR;10;6.07.1951;0;10
LEFKE;10;6.10.1971;0;10
SAFIKE;10;18.10.1960;0;10
RIHANGUL;10;18.08.1962;0;10
BALSEN;10;14.09.1972;0;10
BAGDASER;10;10.10.1951;0;10
SIYHAT;10;16.09.1960;0;10
GUZEM;10;20.05.1985;0;10
MUZADE;10;23.05.1965;0;10
TEVRIZE;10;16.07.1956;0;10
FAZILAT;10;17.09.1961;0;10
PETEN;10;16.01.1946;0;10
OZLEMNUR;10;7.09.1983;0;10
MIHRICIHAN;10;17.11.1953;0;10
SUDENAZ;10;6.04.1988;0;10
LEHIZA;10;3.12.1961;0;10
SEPNUR;10;20.07.1970;0;10
GUZEMI;10;18.08.1961;0;10
AYCHE;10;16.11.1970;0;10
NIGANE;10;8.11.1954;0;10
GULBUYE;10;5.02.1960;0;10
URMIYE;10;5.10.1950;0;10
HUDEYDE;10;5.04.1959;0;10
ULYAR;10;14.05.1964;0;10
SAYMUR;10;24.05.1966;0;10
NEFSEN;10;13.02.1970;0;10
HUNZULE;10;19.10.1971;0;10
DOINA;10;21.04.1973;0;10
NURSEVI;10;10.12.1974;0;10
URVET;10;19.01.1952;0;10
VASVIE;10;5.02.1969;0;10
MUVECEL;10;16.11.1962;0;10
SENNAS;10;27.04.1962;0;10
ZEMEY;10;19.12.1956;0;10
BEGEHAN;10;3.09.1953;0;10
UMHANI;10;5.09.1935;0;10
SERIGUL;10;26.06.1962;0;10
EVELYN;10;10.08.1965;0;10
DURDULU;10;5.07.1954;0;10
GONULHAN;10;6.12.1962;0;10
SEYIDIYE;10;17.03.1962;0;10
SIRA;10;29.01.1976;0;10
AYINZELHA;10;12.06.1963;0;10
ALICIA;10;26.05.1980;0;10
GONEL;10;4.03.1970;0;10
ANSU;10;18.02.1982;0;10
ALE;10;12.01.1969;0;10
FATUMATU;10;6.08.1969;0;10
TUBAGUL;10;23.02.1987;0;10
YANINA;10;9.10.1976;0;10
ANDA;10;18.05.1979;0;10
AYNERIN;10;6.07.1967;0;10
MUDIYE;10;6.04.1965;0;10
ILMA;10;7.08.1966;0;10
OZANA;10;30.09.1967;0;10
SENUBER;10;30.12.1956;0;10
YVONNE;10;2.01.1972;0;10
DURDUHANE;10;2.08.1962;0;10
UMMUSIN;10;21.12.1962;0;10
IMHAL;10;15.04.1961;0;10
MUHIME;10;11.01.1963;0;10
BEYIZE;10;13.12.1947;0;10
NIGME;10;26.10.1955;0;10
SEZAIYE;10;15.08.1947;0;10
TAHIRIYE;10;12.10.1954;0;10
FAYIZA;10;18.01.1959;0;10
HUTBIYE;10;3.10.1970;0;10
HOKMIYE;10;20.08.1963;0;10
MANEY;10;30.08.1955;0;10
GULINAY;10;24.08.1982;0;10
DUNYAGUL;10;10.06.1979;0;10
ZALINA;10;21.05.1979;0;10
RACIHA;10;6.05.1965;0;10
AYTORE;10;8.08.1968;0;10
MEZUNIYET;10;15.08.1963;0;10
FARUKE;10;11.08.1965;0;10
ZAFIREN;10;10.02.1962;0;10
MIESE;10;13.12.1954;0;10
SELENA;10;30.03.1983;0;10
MEHLIVER;10;10.06.1960;0;10
LOUISE;10;8.11.1972;0;10
SEVTAB;10;8.07.1976;0;10
REGINA;10;27.06.1963;0;10
DENNURA;10;7.05.1955;0;10
GULZEMAN;10;21.08.1950;0;10
SEYBETE;10;29.09.1961;0;10
HEDLAN;10;27.05.1958;0;10
MAHTAP;10;23.08.1975;0;10
YASENYA;10;1.02.1991;0;10
FERFI;10;30.07.1951;0;10
SERBANIYE;10;22.11.1952;0;10
CESMIYE;10;27.03.1967;0;10
EMIRKESUN;10;7.02.1975;0;10
HAMILIYE;10;13.02.1962;0;10
AYISHAN;10;21.02.1945;0;10
TEYHA;10;22.07.1970;0;10
INTISAL;10;22.02.1960;0;10
MEVSE;10;14.03.1955;0;10
MAYIRE;10;15.09.1958;0;10
ZELIGA;10;12.07.1953;0;10
FIRDUS;10;20.02.1960;0;10
ISNUR;10;7.01.1972;0;10
SIDKA;10;11.06.1959;0;10
NEJLIYE;10;23.02.1961;0;10
NECLIHAN;10;13.06.1954;0;10
RUHIZAN;10;5.07.1960;0;10
VACIHE;10;27.05.1963;0;10
RUGAYYE;10;20.04.1977;0;10
ASSA;10;27.05.1944;0;10
MEHAL;10;9.04.1964;0;10
CANTER;10;22.09.1960;0;10
SENDIYE;10;15.03.1964;0;10
SYLVIE;10;26.12.1965;0;10
RABIKE;10;26.07.1975;0;10
AZAPAY;10;23.05.1977;0;10
AYNIMA;10;18.02.1962;0;10
GULSAFI;10;11.10.1959;0;10
SUZULAY;10;28.07.1975;0;10
SAFIREN;10;25.11.1960;0;10
KARINA;10;1.11.1975;0;10
CLARE;10;5.01.1971;0;10
MUZEVVER;10;20.03.1951;0;10
SELFIDAN;10;12.01.1973;0;10
ELISABETA;10;20.06.1973;0;10
FELDA;10;24.03.1977;0;10
KIYAFE;10;24.04.1958;0;10
NARIMA;10;24.09.1958;0;10
BRENDA;10;13.04.1965;0;10
GULBU;10;3.11.1971;0;10
LUSYA;10;18.08.1943;0;10
GRETA;10;8.04.1966;0;10
ESTHER;10;21.06.1961;0;10
GULHURIYE;10;12.09.1955;0;10
NEZIKA;10;5.11.1962;0;10
MUCADE;10;2.07.1965;0;10
MUNIME;10;2.11.1961;0;10
GULMERAL;10;4.08.1967;0;10
NEVZADIYE;10;6.12.1956;0;10
RAMIHA;10;13.04.1957;0;10
MAMAN;10;17.07.1948;0;10
NIMUS;10;27.12.1949;0;10
MADIHA;10;18.02.1956;0;10
SERANA;10;18.07.1982;0;10
OMER;274298;10.11.1967;274289;9
ABDULLAH;200287;21.09.1965;200278;9
KENAN;81659;30.03.1973;81650;9
HARUN;60004;19.09.1974;59995;9
SAKIR;27266;3.02.1963;27257;9
KEREM;18055;10.12.1973;18046;9
BAKI;15229;11.11.1965;15220;9
FEYZI;10061;1.03.1961;10052;9
HABIP;9062;6.09.1969;9053;9
IMAM;6791;17.10.1963;6782;9
ALPAY;3987;26.03.1977;3978;9
RAMIS;3702;12.05.1963;3693;9
AYDEMIR;2114;29.11.1966;2105;9
ERKIN;1877;2.09.1976;1868;9
MASUM;1306;27.04.1973;1297;9
MEVLIT;941;21.01.1966;932;9
TOLGAY;587;4.02.1982;578;9
AZAD;459;19.05.1984;450;9
GUCLU;452;18.12.1978;443;9
KAHRIMAN;436;2.05.1952;427;9
BAYAR;381;19.08.1964;372;9
SELMANI;271;21.05.1976;262;9
CANKAT;250;21.02.1981;241;9
ORAY;224;21.01.1978;215;9
SEBAP;186;26.09.1958;177;9
PIRAN;185;21.11.1966;176;9
DALYAN;165;17.05.1975;156;9
SOYSAL;145;19.05.1971;136;9
ERAN;125;24.04.1971;116;9
MUZEKKA;118;26.06.1953;109;9
SEYYAT;102;15.11.1967;93;9
YASIM;80;8.04.1965;71;9
MENAN;77;29.10.1970;68;9
KADIRHAN;76;29.10.1975;67;9
FERKAN;75;18.03.1981;66;9
BEKLAN;63;11.01.1975;54;9
AFSAR;59;7.08.1966;50;9
ENGUR;59;27.05.1967;50;9
HASIMET;58;1.06.1965;49;9
ALAN;48;21.12.1974;39;9
ULFI;48;6.07.1964;39;9
DASDAN;47;11.09.1950;38;9
DAGLAR;46;18.08.1977;37;9
KEREVAN;46;6.08.1969;37;9
MIDAYET;44;29.11.1950;35;9
ADILHAN;43;29.04.1965;34;9
KAYRA;42;7.07.1982;33;9
PERCIN;40;22.02.1977;31;9
SELMET;40;26.12.1965;31;9
TURYAN;39;9.01.1961;30;9
BELKAN;39;8.01.1977;30;9
DINER;35;18.02.1975;26;9
MIRAS;35;24.07.1977;26;9
GEZGIN;35;6.12.1973;26;9
ASILHAN;35;18.04.1980;26;9
BURTAY;34;24.12.1979;25;9
CAYHAN;32;26.07.1975;23;9
BERRAT;31;7.07.1972;22;9
HAFARI;30;14.03.1969;21;9
SALHAN;28;8.07.1964;19;9
IKRAN;28;29.11.1966;19;9
MILAT;28;16.01.1966;19;9
KINAY;27;9.01.1970;18;9
HURZEM;27;14.05.1966;18;9
GOCERI;26;10.01.1953;17;9
CECEN;26;5.02.1961;17;9
MERHEM;26;22.07.1959;17;9
PASAHAN;26;1.07.1959;17;9
ISITAN;25;3.04.1974;16;9
EDI;24;13.10.1959;15;9
TUYAN;24;25.12.1966;15;9
SENNAR;23;7.05.1972;14;9
FERAIZ;23;5.02.1951;14;9
NURAT;22;4.02.1968;13;9
HASIN;22;22.10.1965;13;9
CEYSUN;22;27.07.1981;13;9
MEHTUN;22;16.09.1976;13;9
SEDAL;22;27.09.1976;13;9
SAHDAN;22;25.05.1964;13;9
YUNEL;22;3.04.1964;13;9
EMRUH;21;4.12.1980;12;9
BEYSAN;21;21.06.1965;12;9
EMSALI;21;23.01.1973;12;9
TUTAY;21;8.03.1966;12;9
KEJO;21;12.01.1953;12;9
OKSAR;20;6.07.1969;11;9
DIZAR;20;14.04.1955;11;9
NOBAR;20;25.09.1946;11;9
HAMEY;20;17.08.1955;11;9
AMAN;19;4.03.1962;10;9
NEMAN;19;28.11.1963;10;9
YURUSAN;19;29.05.1969;10;9
SIYRET;19;24.03.1967;10;9
ERCIMEN;19;23.04.1960;10;9
KAHMURAN;19;30.10.1962;10;9
SOYCAN;18;6.08.1975;9;9
IKREM;18;10.05.1971;9;9
KURTAN;18;1.08.1966;9;9
AYAT;18;25.11.1965;9;9
KAYSI;18;19.10.1961;9;9
OZFER;17;18.12.1973;8;9
FETO;17;8.09.1946;8;9
HIMAYET;17;23.11.1965;8;9
YETIK;17;18.01.1959;8;9
HAVZI;17;27.10.1945;8;9
TEMI;17;3.09.1955;8;9
HINDO;16;8.11.1944;7;9
EFRAN;16;20.05.1963;7;9
FASIL;16;7.02.1964;7;9
AHSAN;16;16.10.1955;7;9
SEVHAT;16;11.05.1977;7;9
EDINE;15;25.06.1961;6;9
RIYAL;15;4.05.1981;6;9
ACIK;15;26.4.1713;6;9
NURMAN;15;14.06.1962;6;9
BILGINAY;15;24.05.1977;6;9
KIM;14;25.02.1974;5;9
PEKSEN;14;28.09.1970;5;9
ILAL;14;27.01.1972;5;9
SORAN;14;24.05.1969;5;9
ILTEM;14;9.12.1985;5;9
YILDAY;14;25.09.1972;5;9
FERUS;14;2.08.1958;5;9
DUNAY;13;20.01.1975;4;9
IKLAM;13;16.03.1987;4;9
AMUS;13;23.11.1958;4;9
BEYZI;13;13.09.1962;4;9
DUNYAM;13;9.06.1982;4;9
VESI;13;19.08.1960;4;9
SAHLI;13;4.02.1951;4;9
FERIN;13;11.03.1959;4;9
GUNDES;13;14.08.1970;4;9
TAZER;13;2.11.1960;4;9
HABO;12;18.09.1944;3;9
AYTEC;12;5.08.1973;3;9
REZEN;12;29.12.1968;3;9
NESIRI;12;24.01.1960;3;9
BILMAN;12;14.07.1954;3;9
CINAY;12;26.12.1974;3;9
SERAVI;12;11.12.1965;3;9
GADER;12;9.01.1975;3;9
ULKUAY;12;22.07.1970;3;9
RAZIHAN;12;25.02.1971;3;9
RUHEN;12;10.02.1968;3;9
MESKEN;12;13.08.1977;3;9
AYFUR;12;1.02.1969;3;9
NICAN;12;6.08.1971;3;9
YASAYAN;12;25.11.1976;3;9
INCEL;12;5.03.1973;3;9
EKINSU;12;3.03.1990;3;9
HALDAN;12;18.01.1972;3;9
URFANE;12;28.12.1957;3;9
LUIS;12;20.05.1959;3;9
SEVINER;12;28.09.1970;3;9
TURABIYE;11;6.11.1965;2;9
ARAKS;11;13.09.1962;2;9
ELISAN;11;9.12.1979;2;9
TIRKO;11;6.04.1954;2;9
SONDAL;11;16.02.1977;2;9
HATTI;11;2.05.1953;2;9
IMZAL;11;15.02.1966;2;9
FERAIL;11;23.02.1959;2;9
DALCA;11;20.11.1974;2;9
SEVCIN;11;22.03.1961;2;9
UFDADE;11;26.01.1965;2;9
FERHAL;11;16.04.1970;2;9
AYCEM;11;14.05.1982;2;9
GUNLER;11;29.2.1961;2;9
SEMRI;11;9.08.1960;2;9
HAKIK;11;28.01.1956;2;9
SEFAYDIN;11;24.09.1971;2;9
MESTANE;11;2.10.1955;2;9
SERRAF;11;20.07.1971;2;9
ILKA;11;21.04.1964;2;9
HEZEL;11;10.02.1973;2;9
BINCAN;11;6.07.1973;2;9
MURAY;11;21.04.1965;2;9
MECRA;11;25.03.1985;2;9
EMIRGAN;11;21.12.1967;2;9
MAKSAT;11;15.06.1983;2;9
SERIL;11;26.07.1972;2;9
MENDA;11;5.07.1960;2;9
SENUZ;11;22.07.1969;2;9
ILYASE;11;29.05.1957;2;9
TURIN;11;10.10.1967;2;9
EZCAN;11;12.09.1970;2;9
RIHAL;11;13.11.1956;2;9
SAREN;11;22.02.1968;2;9
MUTEVER;10;2.09.1975;1;9
GULSERAY;10;10.04.1970;1;9
VENDIHA;10;12.12.1963;1;9
BEZO;10;9.10.1959;1;9
SALVA;10;12.01.1968;1;9
SITER;10;8.12.1980;1;9
REMZO;10;4.08.1960;1;9
ELBIN;10;5.11.1976;1;9
MEHE;10;6.02.1973;1;9
BIZO;10;29.04.1955;1;9
SAYRAN;10;1.07.1965;1;9
ROZ;10;22.01.1961;1;9
SEFRI;10;16.05.1945;1;9
ISMIHAL;10;23.12.1968;1;9
GURCEM;10;21.04.1985;1;9
DUYGUHAN;10;25.08.1985;1;9
SAHISTER;10;9.06.1971;1;9
BAYNUR;10;17.02.1971;1;9
MUNASIB;10;7.09.1971;1;9
SAHINNUR;10;5.01.1967;1;9
MUCEL;10;2.04.1966;1;9
UYUM;10;14.02.1986;1;9
ZEHRET;10;3.06.1958;1;9
UREN;10;29.12.1948;1;9
SUBEYYA;10;5.09.1975;1;9
ELYA;10;10.11.1967;1;9
CANDEYER;10;4.11.1958;1;9
BENGUN;10;25.10.1970;1;9
IZA;10;29.12.1962;1;9
MUKADTER;10;4.06.1968;1;9
SOVKET;10;27.03.1957;1;9
SEDAYE;10;18.02.1968;1;9
SIFAYE;10;24.07.1973;1;9
SEMUNE;10;9.11.1963;1;9
TUSEM;10;24.04.1984;1;9
ZEFI;10;21.07.1943;1;9
SUPHET;10;14.06.1972;1;9
IDU;10;19.02.1949;1;9
DIYARHAN;10;7.05.1964;1;9
SAYFER;10;11.11.1972;1;9
BIRVAN;10;3.10.1975;1;9
ZENI;10;15.06.1957;1;9
SEVGAN;10;6.06.1971;1;9
TUCEN;10;2.07.1979;1;9
SULEY;10;15.12.1965;1;9
SEYER;10;27.02.1967;1;9
EZGIM;10;7.02.1986;1;9
YERSU;10;19.06.1972;1;9
HALVET;10;1.11.1967;1;9
MUSEHIL;10;7.01.1974;1;9
SAHIYET;10;19.12.1968;1;9
NEDAMET;10;22.11.1961;1;9
CERIHAN;10;6.11.1957;1;9
DOMURCUK;10;7.01.1971;1;9
MUBERRIN;10;26.03.1962;1;9
ERIMAN;10;15.08.1952;1;9
TEYZER;10;23.12.1974;1;9
DERHEM;10;25.07.1978;1;9
ERIVAN;10;16.10.1981;1;9
AYNIS;10;6.11.1966;1;9
GULZAT;10;22.08.1957;1;9
KUTNU;10;21.07.1959;1;9
MUKI;10;17.02.1947;1;9
UTE;10;30.03.1961;1;9
ELGUL;10;3.09.1960;1;9
BEYSE;10;25.07.1960;1;9
BERHIV;10;7.03.1981;1;9
NERIL;10;1.12.1980;1;9
YANUR;10;18.09.1977;1;9
HADIYA;9;21.12.1963;0;9
GULSAADET;9;21.07.1958;0;9
NURCEM;9;19.12.1981;0;9
MUDRIYE;9;4.05.1956;0;9
GULSEVAL;9;12.08.1972;0;9
FATIMETU;9;14.09.1972;0;9
RAMZIYA;9;3.12.1966;0;9
GULEFSAN;9;9.02.1979;0;9
KAHINE;9;30.05.1959;0;9
MUJGEL;9;25.08.1958;0;9
FEREHA;9;29.04.1968;0;9
FATUMETUZ;9;11.12.1942;0;9
ORDEGUL;9;22.10.1964;0;9
MEYHUBE;9;16.07.1975;0;9
SENAHA;9;29.2.1967;0;9
SAHARIYE;9;10.04.1955;0;9
AYFA;9;9.09.1976;0;9
HURKIYE;9;19.03.1956;0;9
SENIVER;9;28.09.1962;0;9
YURDEGUL;9;21.07.1960;0;9
NAYILA;9;24.09.1962;0;9
ZERBAN;9;16.06.1972;0;9
MURDANE;9;23.04.1957;0;9
BETTUL;9;21.02.1974;0;9
EDELET;9;9.12.1957;0;9
IMMIYE;9;6.02.1961;0;9
LEYYA;9;15.01.1979;0;9
URGER;9;29.10.1957;0;9
EFIN;9;20.08.1975;0;9
GULDEST;9;21.08.1982;0;9
NAHAYET;9;11.03.1973;0;9
SOSUNE;9;21.09.1960;0;9
MASALLA;9;22.12.1974;0;9
AVASE;9;1.12.1949;0;9
FATAM;9;27.01.1975;0;9
HAFSIK;9;19.04.1941;0;9
MURVVET;9;4.05.1985;0;9
VETFIYE;9;24.10.1968;0;9
GULICE;9;15.12.1968;0;9
BEYIRE;9;19.09.1953;0;9
GERIBI;9;21.09.1962;0;9
SAMIYYE;9;28.08.1967;0;9
MIHDO;9;26.08.1946;0;9
GULTENE;9;14.09.1947;0;9
HAMDIYA;9;2.11.1969;0;9
ARRUNA;9;18.07.1957;0;9
YUHANIZE;9;20.11.1976;0;9
BUHARE;9;26.03.1961;0;9
CAZO;9;28.11.1932;0;9
GAYRIYE;9;9.04.1958;0;9
SORE;9;30.07.1969;0;9
FAYRIYE;9;8.11.1971;0;9
INI;9;26.01.1945;0;9
HAZE;9;25.03.1945;0;9
RASIMA;9;29.10.1962;0;9
HIZNO;9;13.10.1939;0;9
ZEMMI;9;9.08.1954;0;9
VADFA;9;13.06.1953;0;9
HASMA;9;10.08.1953;0;9
HIFA;9;25.08.1981;0;9
SUPHIYA;9;17.01.1974;0;9
VESO;9;12.01.1947;0;9
ZUMRUTHAN;9;15.09.1965;0;9
ERZE;9;11.03.1944;0;9
NESIYBE;9;26.11.1973;0;9
NEDRE;9;25.10.1952;0;9
NURDENE;9;2.11.1974;0;9
HIZAME;9;28.06.1955;0;9
NURIZ;9;12.11.1970;0;9
CINDIYE;9;5.03.1972;0;9
HIBRI;9;4.03.1948;0;9
ZEBEYDE;9;27.03.1969;0;9
SEBRE;9;10.12.1967;0;9
MIDIYE;9;3.03.1959;0;9
ERZIME;9;10.09.1975;0;9
CEMEDI;9;30.09.1962;0;9
FABRO;9;5.08.1972;0;9
FERVET;9;6.12.1968;0;9
HIRISTINA;9;4.10.1946;0;9
BASIMA;9;2.12.1959;0;9
COZEFIN;9;15.09.1947;0;9
LEVISE;9;15.03.1980;0;9
BENNIYE;9;5.07.1943;0;9
KIRISTINA;9;28.03.1975;0;9
GULZIN;9;3.05.1981;0;9
TESIHA;9;23.10.1979;0;9
GULAZ;9;26.07.1965;0;9
CEKLIN;9;10.01.1971;0;9
SIKKARI;9;18.01.1949;0;9
SEYFURA;9;19.06.1975;0;9
KUDI;9;22.04.1940;0;9
MAYASE;9;2.01.1979;0;9
HEZNIYE;9;5.10.1961;0;9
FILYAS;9;4.09.1980;0;9
DIRE;9;5.07.1957;0;9
ATIKET;9;11.06.1966;0;9
THERESE;9;16.12.1956;0;9
HUSMUGUL;9;9.08.1968;0;9
KEDERI;9;1.10.1966;0;9
TEMAME;9;22.05.1957;0;9
SOMA;9;29.11.1957;0;9
SEVAFA;9;11.09.1968;0;9
MENFIET;9;2.06.1985;0;9
AYSATA;9;13.06.1968;0;9
BENIZAR;9;3.11.1986;0;9
MUHIDIYE;9;15.11.1969;0;9
RAFYA;9;9.12.1963;0;9
FAGRIYE;9;7.08.1962;0;9
MISBET;9;14.08.1969;0;9
MESCIDE;9;14.01.1973;0;9
NAZLIYI;9;2.02.1955;0;9
NESME;9;7.11.1957;0;9
CUMANA;9;15.08.1971;0;9
LORANS;9;6.10.1955;0;9
PELLI;9;29.01.1960;0;9
HEMAMI;9;25.04.1951;0;9
ZEYTUNI;9;12.09.1962;0;9
MERDIE;9;5.06.1975;0;9
MEYSIYE;9;30.10.1970;0;9
NEBIHET;9;27.02.1972;0;9
NAVRIZE;9;17.12.1962;0;9
GULICIN;9;27.09.1959;0;9
SANE;9;3.01.1962;0;9
HURMUYE;9;2.06.1964;0;9
ZULUYA;9;20.12.1964;0;9
MEVLUYA;9;27.11.1963;0;9
IRENGUL;9;10.12.1967;0;9
IMMANI;9;3.11.1964;0;9
IRAFIYE;9;29.09.1958;0;9
NAFIDAR;9;26.09.1956;0;9
DIJLEHAN;9;12.01.1969;0;9
MIHTER;9;27.11.1960;0;9
SEKKURE;9;29.04.1960;0;9
KAZIMA;9;6.09.1936;0;9
SEMIAN;9;27.12.1746;0;9
TECAN;9;3.05.1970;0;9
YUKABET;9;5.06.1970;0;9
FEHMINE;9;1.09.1965;0;9
SEHIRBANI;9;30.04.1951;0;9
ASSE;9;11.01.1960;0;9
SEVILKAN;9;14.01.1969;0;9
CESNI;9;21.12.1959;0;9
FATYAN;9;5.01.1949;0;9
ADIDE;9;18.08.1971;0;9
BEYNAZIYE;9;13.11.1967;0;9
LEVKA;9;6.06.1956;0;9
GULDU;9;9.04.1950;0;9
ZECAN;9;16.02.1965;0;9
NAHIDIYE;9;1.11.1968;0;9
VILTAN;9;25.04.1966;0;9
FEYIZA;9;19.10.1980;0;9
NEMINE;9;19.02.1959;0;9
GULPAMUK;9;1.04.1964;0;9
AYTEM;9;22.11.1974;0;9
DILEKCAN;9;28.07.1983;0;9
SERAFIYE;9;4.10.1958;0;9
SEDENUR;9;28.10.1966;0;9
MAIGUL;9;24.09.1949;0;9
DURBIYE;9;24.07.1955;0;9
GULIHA;9;2.10.1963;0;9
SIDDIGA;9;21.09.1957;0;9
BENZIYE;9;2.05.1954;0;9
ZEMMIYE;9;23.07.1943;0;9
OZLEYEN;9;22.07.1971;0;9
MUSEBBIHE;9;24.02.1953;0;9
OZRA;9;19.01.1979;0;9
LILGUN;9;10.10.1968;0;9
SELFIHAN;9;14.05.1978;0;9
GULAYAN;9;6.09.1967;0;9
SHORENA;9;19.07.1975;0;9
DAMLASU;9;25.08.1989;0;9
RUKEYYA;9;20.10.1980;0;9
CEVHAIR;9;5.11.1963;0;9
GULGONUL;9;24.09.1957;0;9
GULEHAN;9;29.01.1970;0;9
TEVDE;9;1.07.1961;0;9
DURIYA;9;1.06.1955;0;9
YAMILE;9;27.01.1966;0;9
RAZIFE;9;26.02.1966;0;9
RIZVANE;9;25.02.1955;0;9
FEDRIYE;9;4.10.1961;0;9
SEBNEN;9;9.03.1982;0;9
SEHABE;9;2.10.1954;0;9
HAVZIYE;9;13.10.1961;0;9
SAYEBAN;9;15.08.1951;0;9
NURGULAY;9;16.04.1972;0;9
DURSUNKIZ;9;15.10.1947;0;9
KUDRETIYE;9;1.09.1950;0;9
NEVASER;9;24.01.1955;0;9
TALEHA;9;20.01.1965;0;9
SEFIYETE;9;23.08.1968;0;9
RUSGAT;9;25.10.1964;0;9
SISMAT;9;6.01.1946;0;9
NAHIZAR;9;11.03.1948;0;9
HURIYYE;9;16.03.1962;0;9
RUKEYYE;9;17.08.1981;0;9
BELIMAN;9;2.07.1962;0;9
SENGULE;9;20.03.1962;0;9
NURSENGUL;9;6.04.1971;0;9
SANIK;9;18.07.1954;0;9
EFLAL;9;9.05.1983;0;9
EMETIYE;9;14.05.1958;0;9
KIBAYET;9;29.2.1965;0;9
VELIMAN;9;26.07.1964;0;9
SAMRAN;9;18.12.1958;0;9
CAKIRIYE;9;5.09.1967;0;9
GURSUNE;9;10.10.1954;0;9
FELYA;9;1.12.1978;0;9
BENDIHAN;9;1.10.1959;0;9
GULFISAN;9;15.05.1956;0;9
TALIFE;9;15.08.1952;0;9
SERFIL;9;28.12.1976;0;9
MEVSIRE;9;26.09.1963;0;9
MESMURIYE;9;19.02.1955;0;9
IRADIYE;9;16.08.1957;0;9
GUMRIYE;9;23.08.1966;0;9
MITRA;9;14.03.1967;0;9
CEMBIYE;9;11.10.1957;0;9
FIDEVS;9;7.11.1968;0;9
SUTEN;9;21.05.1953;0;9
ARSLANKIZ;9;10.06.1967;0;9
ATIGUL;9;6.01.1954;0;9
GULATUN;9;21.04.1953;0;9
RAYA;9;29.10.1962;0;9
SEVINCGUL;9;17.07.1966;0;9
GAYANE;9;6.05.1970;0;9
GUNESE;9;1.12.1965;0;9
OZNEM;9;2.09.1979;0;9
SARAGUL;9;14.03.1975;0;9
GULZEREN;9;10.05.1965;0;9
ELHAMIYE;9;4.10.1961;0;9
PAPUL;9;28.10.1949;0;9
GULHAMIDE;9;14.01.1968;0;9
MADILE;9;19.07.1960;0;9
SAHVERE;9;26.11.1947;0;9
HIKLIME;9;12.09.1958;0;9
NURFIDA;9;8.04.1967;0;9
HACIYLE;9;9.03.1947;0;9
RIDADE;9;20.01.1979;0;9
SEDEFNUR;9;4.12.1984;0;9
NURESER;9;12.04.1960;0;9
FERHINDE;9;29.08.1951;0;9
UMANI;9;14.01.1961;0;9
HEDAKER;9;7.04.1945;0;9
TELIN;9;5.05.1979;0;9
ULFETIYE;9;16.08.1950;0;9
KEZZO;9;2.12.1940;0;9
ELIHA;9;1.01.1951;0;9
GULIY;9;21.06.1947;0;9
REMLA;9;19.07.1970;0;9
TAYFE;9;1.10.1953;0;9
MEHRIHAN;9;13.11.1967;0;9
VEZZIHA;9;9.04.1957;0;9
AHUGUL;9;26.05.1987;0;9
ANTIGA;9;4.11.1961;0;9
KUBURA;9;29.04.1964;0;9
MUPTELA;9;22.09.1950;0;9
GULUK;9;22.06.1948;0;9
AYTENGUL;9;8.05.1970;0;9
GULSAFAK;9;15.09.1973;0;9
NIGAHBAN;9;6.11.1938;0;9
VEBIHA;9;3.10.1962;0;9
SERINA;9;19.03.1980;0;9
LALAHANIM;9;1.08.1942;0;9
GUZLE;9;4.09.1964;0;9
TURNAGUL;9;30.01.1981;0;9
EKRAMIYE;9;15.02.1959;0;9
MEKEHAN;9;14.06.1957;0;9
NASIHAN;9;17.02.1969;0;9
DEMIRHANE;9;7.11.1944;0;9
GULFAME;9;23.10.1955;0;9
RUZIGUL;9;25.02.1959;0;9
MUHIYET;9;29.10.1956;0;9
NIHADIYE;9;25.11.1959;0;9
HULMUS;9;22.01.1952;0;9
KURBANGUL;9;5.10.1964;0;9
SAFFER;9;17.02.1952;0;9
HIRIZMALI;9;16.01.1949;0;9
SIMANUR;9;2.07.1983;0;9
PERICIHAN;9;9.11.1953;0;9
NERGILE;9;13.09.1961;0;9
NEZANI;9;16.04.1954;0;9
PELIZA;9;14.11.1972;0;9
SEVDAHAN;9;18.09.1981;0;9
TURSUNA;9;16.02.1946;0;9
SEVINDJ;9;13.08.1973;0;9
KUPERIYA;9;17.09.1962;0;9
KAMERI;9;23.01.1954;0;9
KUPERIYE;9;1.10.1963;0;9
HAVVAHANIM;9;20.01.1969;0;9
SEYMAGUL;9;18.08.1987;0;9
MAHYA;9;2.02.1968;0;9
GULYAGI;9;18.12.1959;0;9
MUGMINE;9;4.03.1968;0;9
MELAHATTIN;9;9.12.1952;0;9
AYESER;9;22.07.1961;0;9
PEKAY;9;8.04.1964;0;9
RUKIZAN;9;7.04.1954;0;9
EVGENIYA;9;25.08.1973;0;9
VILCAN;9;27.02.1973;0;9
IREMNUR;9;19.04.1989;0;9
VERDINAZ;9;16.09.1955;0;9
ESBAHAR;9;19.06.1975;0;9
LALIFE;9;2.11.1956;0;9
HALANUR;9;5.03.1967;0;9
OLHA;9;16.09.1976;0;9
SEBIYLA;9;23.11.1974;0;9
ECENAZ;9;30.01.1988;0;9
BERIKE;9;15.11.1953;0;9
HEDOS;9;2.05.1946;0;9
MENEFS;9;4.12.1943;0;9
FACIRE;9;11.03.1953;0;9
GULDURAY;9;2.11.1976;0;9
FIKRIYA;9;10.04.1966;0;9
HIZARE;9;9.09.1968;0;9
LEFIFE;9;14.05.1959;0;9
HIRI;9;14.04.1943;0;9
BEDEVYE;9;9.01.1969;0;9
SUYLEMEZ;9;28.05.1976;0;9
MEHRA;9;22.12.1974;0;9
ETLES;9;9.02.1969;0;9
MINEDIYA;9;14.09.1980;0;9
MUNEDIYE;9;4.08.1964;0;9
YADISAH;9;22.03.1977;0;9
ASUMA;9;10.05.1964;0;9
UMUYE;9;16.03.1960;0;9
ZORI;9;3.05.1949;0;9
NISVICIHAN;9;15.08.1969;0;9
GEJE;9;10.02.1965;0;9
PURES;9;5.02.1960;0;9
NURHEDA;9;5.08.1981;0;9
ZINIK;9;14.07.1955;0;9
YENGUL;9;26.01.1978;0;9
HAZEP;9;8.10.1963;0;9
ZUKRIYE;9;4.04.1952;0;9
KURDET;9;8.10.1980;0;9
AHIRYE;9;21.01.1979;0;9
KANTO;9;20.04.1941;0;9
MEGBULE;9;5.03.1965;0;9
HAVSAT;9;23.07.1958;0;9
SEMAMA;9;11.03.1957;0;9
TASIME;9;30.10.1967;0;9
SAMAAT;9;13.07.1956;0;9
GAYIBE;9;12.10.1961;0;9
SAMAME;9;12.11.1948;0;9
SAILA;9;24.04.1972;0;9
MEHTABE;9;17.09.1953;0;9
MINARE;9;17.03.1953;0;9
KURTI;9;10.04.1952;0;9
ZEKYE;9;30.01.1956;0;9
HAMIDA;9;15.08.1966;0;9
GEZIM;9;22.09.1971;0;9
SUYLAN;9;18.06.1973;0;9
SELBINAS;9;3.10.1957;0;9
LEYLAK;9;30.2.1948;0;9
MUAZAZ;9;14.06.1966;0;9
NURPELIN;9;30.06.1985;0;9
MEZULE;9;7.07.1966;0;9
ELFIZA;9;27.09.1944;0;9
IJLAY;9;9.09.1974;0;9
FISSUN;9;28.01.1963;0;9
REGUL;9;12.12.1961;0;9
MUNIZE;9;25.03.1959;0;9
SUZYAN;9;9.04.1973;0;9
LULFER;9;27.10.1966;0;9
SAINDE;9;30.01.1958;0;9
SEVCIYAN;9;24.03.1963;0;9
ULDUZ;9;29.11.1972;0;9
IRSALIYE;9;15.09.1957;0;9
SEMANE;9;24.08.1960;0;9
NILAFER;9;17.09.1946;0;9
NURDANI;9;18.08.1963;0;9
RUHIYYE;9;9.11.1976;0;9
SEVCIVAN;9;7.10.1969;0;9
SELAP;9;12.03.1968;0;9
GULESRA;9;6.06.1983;0;9
PEKGUZEL;9;20.03.1963;0;9
GULYAGDA;9;10.07.1949;0;9
FILISE;9;27.05.1969;0;9
MERSE;9;28.05.1955;0;9
SAFFETE;9;18.06.1950;0;9
NUHIDE;9;6.12.1964;0;9
BUKRIYE;9;6.01.1952;0;9
GURSANS;9;2.12.1971;0;9
TULEZ;9;10.10.1959;0;9
ASPURCE;9;18.08.1989;0;9
TELNUR;9;7.07.1969;0;9
SEVILMIS;9;20.02.1936;0;9
MESHUDIYE;9;30.01.1962;0;9
EBUGULSUM;9;1.07.1982;0;9
SEREY;9;23.06.1960;0;9
NOREN;9;12.09.1952;0;9
GULZERI;9;18.07.1960;0;9
HUMEYDA;9;16.08.1975;0;9
MELIAT;9;29.10.1962;0;9
CEHADIYE;9;24.04.1948;0;9
NAGIYAN;9;8.04.1969;0;9
NAZIREN;9;9.10.1972;0;9
SAYRE;9;20.06.1974;0;9
CAHIBE;9;2.01.1969;0;9
MANSURIYE;9;16.05.1963;0;9
SUNAHAN;9;29.01.1974;0;9
MUESSERE;9;15.03.1958;0;9
IRAHME;9;11.05.1952;0;9
TEVSIRE;9;11.11.1961;0;9
YEMENGUL;9;9.01.1967;0;9
AYSIRIN;9;19.06.1974;0;9
AYINE;9;30.12.1946;0;9
LEYSA;9;7.11.1970;0;9
EMINEHAN;9;14.03.1967;0;9
SENAHAT;9;24.09.1965;0;9
RABITE;9;14.09.1968;0;9
GULVIZAR;9;20.07.1959;0;9
SERPNUR;9;11.03.1956;0;9
TAHIYE;9;21.08.1955;0;9
YURDUSAN;9;21.12.1964;0;9
EFRIZ;9;25.02.1960;0;9
SOHBAN;9;21.06.1948;0;9
GOYCEK;9;18.04.1959;0;9
MUKATTIS;9;21.09.1969;0;9
RESINAZ;9;17.03.1952;0;9
CEYHA;9;11.04.1960;0;9
UMUMGULSUM;9;28.05.1972;0;9
BUNEFS;9;22.01.1957;0;9
ASIYENUR;9;19.09.1981;0;9
BELGA;9;29.11.1978;0;9
ESMEPERI;9;23.02.1953;0;9
SOYLEN;9;27.10.1972;0;9
HIVIYE;9;28.08.1976;0;9
SEFIRA;9;26.01.1966;0;9
ADILYE;9;3.02.1967;0;9
BEYGUL;9;28.03.1975;0;9
ZIMRETE;9;14.01.1964;0;9
HUCRETE;9;28.02.1967;0;9
VATHIYE;9;28.06.1957;0;9
GULSIYA;9;9.04.1975;0;9
NAZDAN;9;23.11.1978;0;9
HUZEYNE;9;24.01.1953;0;9
SUNAYET;9;8.06.1974;0;9
MAKFURE;9;19.02.1960;0;9
SUHBAN;9;30.03.1942;0;9
HETAYI;9;6.07.1946;0;9
SERMAY;9;26.08.1966;0;9
PUPI;9;13.06.1947;0;9
ZEMIDE;9;30.09.1973;0;9
CIRIHAN;9;19.09.1979;0;9
HAMIRA;9;19.11.1950;0;9
HAYZO;9;15.05.1941;0;9
CEVI;9;3.12.1949;0;9
NESINE;9;22.10.1955;0;9
ZUBERCET;9;20.03.1963;0;9
SUPHUYE;9;22.08.1970;0;9
TAYYIBA;9;20.08.1958;0;9
MIRSEN;9;21.08.1962;0;9
FETIYYE;9;6.09.1956;0;9
MADES;9;5.07.1960;0;9
CASIYE;9;7.01.1975;0;9
EDEVIYA;9;24.05.1968;0;9
SERIKA;9;5.06.1947;0;9
LUKET;9;23.08.1966;0;9
BAGDAD;9;29.01.1959;0;9
MUSUKE;9;29.12.1960;0;9
HAVUZE;9;13.07.1962;0;9
BERFIM;9;14.01.1989;0;9
SEVYA;9;1.05.1974;0;9
RECABIYE;9;29.09.1954;0;9
GULDURNA;9;30.04.1959;0;9
AKANA;9;26.10.1947;0;9
SAYINDER;9;23.06.1965;0;9
SINEGUL;9;19.11.1966;0;9
VESPIYE;9;26.05.1953;0;9
ZIYNAT;9;9.04.1964;0;9
MEYRAMAN;9;13.03.1964;0;9
GUMUSE;9;30.04.1952;0;9
ZULUFET;9;7.11.1974;0;9
ZULIFET;9;26.08.1977;0;9
ZELEYHAN;9;30.11.1965;0;9
BAYRAMHATUN;9;9.06.1956;0;9
URBABE;9;14.05.1952;0;9
KASAR;9;29.04.1975;0;9
SEMILET;9;4.06.1950;0;9
GOCEK;9;9.01.1964;0;9
FADILET;9;9.08.1954;0;9
NASITE;9;6.07.1978;0;9
GULISAR;9;28.10.1956;0;9
MAKSUDA;9;17.02.1962;0;9
NURBIKE;9;26.08.1985;0;9
FEYRA;9;26.06.1964;0;9
UKULU;9;10.07.1960;0;9
HURDEVIS;9;9.08.1960;0;9
HAVUSE;9;7.09.1958;0;9
EFRIZE;9;8.09.1955;0;9
SEVKIGUL;9;1.06.1948;0;9
MUDURUYE;9;26.02.1962;0;9
GURCISTAN;9;26.12.1964;0;9
BIGAN;9;17.09.1972;0;9
URFIDIYE;9;12.02.1963;0;9
LEVIDE;9;26.02.1957;0;9
NUNIFER;9;30.07.1960;0;9
MARIJA;9;21.01.1960;0;9
SEYDINAZ;9;18.11.1954;0;9
BEYCIYE;9;27.12.1959;0;9
ZURIFE;9;29.05.1951;0;9
ESMANE;9;20.10.1954;0;9
ZUHREM;9;23.11.1971;0;9
BEIYE;9;17.01.1947;0;9
JULAY;9;2.07.1969;0;9
FAHIRAN;9;8.03.1951;0;9
MERHIBE;9;11.09.1975;0;9
EBABE;9;7.08.1947;0;9
SEHHARE;9;7.03.1948;0;9
FAZMIYE;9;8.09.1968;0;9
ZEBERCET;9;18.11.1952;0;9
DUYGUSAL;9;2.07.1981;0;9
HAITCE;9;9.04.1980;0;9
SERFINAS;9;21.04.1973;0;9
MENISAH;9;6.08.1974;0;9
NEVHAYAL;9;24.03.1953;0;9
FESLEY;9;1.03.1951;0;9
MEYIS;9;17.07.1968;0;9
KUFAYET;9;3.04.1971;0;9
PESENT;9;11.08.1963;0;9
NEVDIL;9;19.03.1970;0;9
SUILE;9;3.02.1965;0;9
SEVAYIR;9;15.09.1966;0;9
CANSURET;9;29.01.1944;0;9
SUMERIYE;9;12.02.1977;0;9
MISLINUR;9;10.06.1954;0;9
NARA;9;29.01.1975;0;9
ESUM;9;9.03.1952;0;9
IREB;9;21.01.1967;0;9
ZULUHAN;9;26.07.1960;0;9
AYANA;9;14.05.1965;0;9
LOZE;9;9.11.1947;0;9
DULKADIN;9;8.01.1942;0;9
NIRIMAN;9;21.11.1960;0;9
KUHER;9;30.05.1945;0;9
KEBIREN;9;5.01.1966;0;9
TEMCIDE;9;18.06.1952;0;9
EMELI;9;21.02.1961;0;9
BEDRIYYE;9;25.07.1954;0;9
GALISE;9;26.11.1958;0;9
MAHIPERUZ;9;20.01.1960;0;9
RECE;9;1.05.1967;0;9
FIGE;9;16.10.1965;0;9
ZULFINUR;9;18.02.1977;0;9
MENYETE;9;25.11.1974;0;9
MERZI;9;12.12.1956;0;9
ALTUNDAL;9;25.06.1945;0;9
GOLSEREN;9;17.03.1967;0;9
EYLIN;9;5.09.1974;0;9
MAYTABA;9;21.12.1964;0;9
LEHUZE;9;7.08.1959;0;9
ARSEVI;9;16.03.1985;0;9
RUVIYDE;9;15.12.1950;0;9
ELFUZE;9;13.08.1944;0;9
MEYMANE;9;22.04.1958;0;9
BATINUR;9;11.07.1967;0;9
KIRCI;9;25.08.1954;0;9
ESUDE;9;19.01.1960;0;9
SEHZAN;9;12.08.1975;0;9
ASBURCE;9;1.12.1982;0;9
ZELI;9;18.02.1941;0;9
SAHSIME;9;20.05.1962;0;9
FATINA;9;8.04.1957;0;9
CUNI;9;21.12.1940;0;9
LEMHAN;9;13.06.1949;0;9
SATTIYE;9;20.02.1969;0;9
GULNURAN;9;16.04.1963;0;9
NURDAMLA;9;26.04.1977;0;9
MUKEY;9;25.11.1947;0;9
NAYLI;9;29.08.1957;0;9
GULMERYEM;9;30.06.1978;0;9
AGNES;9;21.05.1961;0;9
GUNYAR;9;19.09.1961;0;9
TURKYAN;9;28.03.1964;0;9
AYSAMAN;9;19.01.1961;0;9
VARGUL;9;30.09.1974;0;9
ZIDIKA;9;23.07.1966;0;9
NEVINUR;9;18.01.1963;0;9
BAHIDIYE;9;8.02.1968;0;9
SACIME;9;6.08.1966;0;9
SAHAZER;9;21.07.1962;0;9
DELIA;9;10.02.1973;0;9
SAFIZE;9;9.07.1958;0;9
ALFIYA;9;11.04.1977;0;9
ESTELA;9;9.12.1953;0;9
RUHIDIL;9;18.11.1947;0;9
BIHTERIN;9;24.03.1955;0;9
TAMARI;9;24.12.1959;0;9
GULPARI;9;17.06.1963;0;9
ADIVET;9;2.11.1965;0;9
ALTINTER;9;28.09.1951;0;9
DONDUHAN;9;10.11.1963;0;9
HUSEYME;9;12.08.1967;0;9
HERMIN;9;30.11.1961;0;9
NURUNISA;9;16.01.1978;0;9
SIRAPI;9;14.02.1941;0;9
YUGEN;9;17.05.1974;0;9
NEHLI;9;7.02.1959;0;9
IKSANIYE;9;29.10.1970;0;9
SELMANIYE;9;1.10.1968;0;9
ELMIRE;9;20.10.1975;0;9
VITA;9;13.11.1975;0;9
NANUFER;9;3.09.1948;0;9
DILBAS;9;20.10.1970;0;9
MEKHRIBAN;9;17.03.1974;0;9
KIYAVER;9;25.09.1952;0;9
MAGRUBE;9;9.08.1957;0;9
FLOR;9;24.01.1956;0;9
ZAHIRGUL;9;24.05.1959;0;9
ISMEHANI;9;21.03.1942;0;9
VESLE;9;30.11.1961;0;9
NOFEY;9;11.06.1953;0;9
FILORYA;9;10.08.1974;0;9
BANUCICEK;9;22.07.1985;0;9
COLBAN;9;30.01.1957;0;9
SEHIRHAN;9;16.01.1948;0;9
DONNUR;9;14.06.1980;0;9
HEFIZE;9;27.11.1958;0;9
SUNDIYE;9;26.05.1963;0;9
FURIYE;9;18.10.1969;0;9
SADIKER;9;11.05.1970;0;9
SUSANA;9;26.11.1964;0;9
HURUMEN;9;23.12.1964;0;9
LIDIYA;9;29.05.1972;0;9
NADIKE;9;8.04.1964;0;9
SINEMYIS;9;25.11.1982;0;9
MIRELLA;9;5.08.1968;0;9
GETA;9;23.01.1975;0;9
NEJADE;9;17.01.1947;0;9
ERKIZ;9;24.09.1953;0;9
RIFADIYE;9;19.08.1957;0;9
AYTERIM;9;8.03.1947;0;9
YAGDIGAR;9;16.06.1964;0;9
GULLUZER;9;15.05.1964;0;9
LUKSAN;9;18.10.1957;0;9
NECLAH;9;2.11.1956;0;9
ZEKIME;9;24.08.1958;0;9
NERAY;9;11.01.1982;0;9
MUBEDCEL;9;28.10.1956;0;9
MAZAZ;9;22.04.1971;0;9
ITRA;9;1.12.1954;0;9
NEGRICAN;9;10.12.1990;0;9
ELLI;9;18.08.1942;0;9
RENGIYE;9;18.02.1970;0;9
ORHAN;130842;30.12.1972;130834;8
EKREM;65947;3.06.1967;65939;8
NECATI;60148;27.03.1961;60140;8
HAMIT;34379;7.10.1963;34371;8
TAMER;21986;23.11.1975;21978;8
NEDIM;21840;6.02.1968;21832;8
SADETTIN;20443;20.11.1964;20435;8
FERIT;18826;20.11.1970;18818;8
NURULLAH;17667;1.01.1974;17659;8
NECIP;16880;18.04.1964;16872;8
GALIP;14637;13.07.1964;14629;8
KADRI;12942;7.11.1966;12934;8
NAIM;12515;10.04.1968;12507;8
ESAT;12462;17.01.1967;12454;8
UZEYIR;12276;3.10.1967;12268;8
ABUZER;11123;28.09.1962;11115;8
BEHCET;10429;1.09.1965;10421;8
KAHRAMAN;8175;24.07.1969;8167;8
DEMIR;3666;12.06.1958;3658;8
GUROL;3507;3.11.1971;3499;8
EJDER;3329;18.12.1971;3321;8
HAKIM;3280;29.01.1973;3272;8
MALIK;3047;13.01.1970;3039;8
NESAT;2840;19.09.1964;2832;8
ALKAN;2115;5.06.1978;2107;8
NESIMI;1551;13.03.1967;1543;8
MAHSUN;997;17.08.1982;989;8
BILENT;953;30.09.1972;945;8
CEBBAR;728;18.09.1962;720;8
GOKER;669;29.02.1980;661;8
SINO;509;23.05.1948;501;8
KAYAHAN;500;6.03.1980;492;8
URHAN;421;30.04.1951;413;8
H.;382;25.11.1948;374;8
ADLAN;310;13.07.1973;302;8
USAME;307;5.07.1984;299;8
IRFANI;293;11.09.1960;285;8
TESLIM;270;19.02.1965;262;8
CEYLANI;268;28.07.1973;260;8
CUDI;205;15.06.1974;197;8
ZUBER;196;23.04.1959;188;8
PEVRUL;186;27.10.1969;178;8
EMRI;185;7.12.1965;177;8
HACIK;177;17.06.1954;169;8
ARIKAN;176;2.12.1974;168;8
DEMIRAY;171;23.10.1965;163;8
SANSAL;142;16.06.1971;134;8
UCAR;138;15.06.1966;130;8
ENUS;138;4.06.1964;130;8
NOFEL;135;13.09.1961;127;8
AYDINER;130;12.11.1971;122;8
SADO;129;16.12.1945;121;8
HISAR;127;28.04.1974;119;8
DINCEL;124;14.01.1969;116;8
ZINAR;122;9.11.1979;114;8
VEDAD;110;24.04.1968;102;8
ILMI;98;20.04.1956;90;8
VADET;97;27.07.1967;89;8
COSAN;92;29.03.1976;84;8
SIHI;92;24.05.1961;84;8
ILKHAN;91;19.07.1980;83;8
VADI;88;3.12.1972;80;8
TURUL;86;12.08.1967;78;8
SABI;77;26.12.1960;69;8
NECET;76;12.02.1966;68;8
MADEN;73;22.01.1960;65;8
SEHLAN;73;7.12.1964;65;8
ACLAN;72;6.06.1959;64;8
TEBER;71;18.02.1966;63;8
UYAR;70;28.02.1969;62;8
GOKDENIZ;65;25.06.1981;57;8
SENAT;65;21.01.1977;57;8
MUTLUCAN;60;21.10.1982;52;8
ERMIS;59;13.12.1972;51;8
CEVER;58;26.04.1965;50;8
NEFER;53;17.10.1974;45;8
TANIS;53;8.04.1977;45;8
ERVAN;52;13.03.1972;44;8
METI;52;7.12.1956;44;8
UZER;51;17.10.1961;43;8
ZIYANUR;47;17.11.1960;39;8
SAHFET;47;12.08.1963;39;8
UFKUN;46;7.06.1984;38;8
DERGAH;46;7.03.1986;38;8
ARINC;44;15.03.1984;36;8
DURGUN;44;27.06.1972;36;8
KULHAN;37;28.09.1960;29;8
OZGUNAY;34;15.10.1973;26;8
OZBIR;33;1.03.1974;25;8
ERGI;31;10.10.1981;23;8
MUZEYIR;30;2.04.1968;22;8
OLUS;30;24.09.1983;22;8
HAYIR;29;6.03.1962;21;8
DODO;28;19.04.1963;20;8
RUFAN;28;28.06.1967;20;8
KIYMA;28;1.09.1952;20;8
MIRVAN;27;18.07.1969;19;8
VALA;27;14.05.1963;19;8
ERCIYES;26;4.10.1976;18;8
YAKAN;26;12.02.1970;18;8
MELKAN;25;9.01.1978;17;8
NIVIT;24;17.08.1968;16;8
GUNNAMI;24;11.01.1967;16;8
ZENGI;24;10.01.1962;16;8
SEDARET;24;8.03.1961;16;8
SELMEN;23;17.06.1952;15;8
FIDAI;23;21.08.1959;15;8
MAMUR;23;9.10.1959;15;8
NURKAYA;22;10.03.1967;14;8
MURADI;22;30.11.1963;14;8
SANS;22;16.04.1972;14;8
ESRET;22;12.12.1965;14;8
RUHTAN;21;23.01.1967;13;8
HAZEM;21;28.01.1966;13;8
MAHIN;19;4.07.1973;11;8
LASER;19;19.02.1971;11;8
CIHANI;18;23.01.1971;10;8
MUEYYED;18;17.06.1964;10;8
MEMUS;18;12.04.1960;10;8
RAHA;18;12.06.1954;10;8
TEMIZ;18;9.09.1956;10;8
SILI;17;11.04.1940;9;8
SEFAHI;17;13.02.1962;9;8
DAMRA;17;25.02.1987;9;8
YESIN;17;20.07.1967;9;8
NAFIK;17;24.10.1960;9;8
YENIYURT;17;15.04.1969;9;8
AZERHAN;17;10.01.1986;9;8
MUCAYET;17;17.09.1956;9;8
BURKE;17;27.01.1983;9;8
AKIS;16;24.09.1964;8;8
ECMEN;16;21.01.1971;8;8
SERHET;16;28.04.1975;8;8
HITAM;16;13.09.1964;8;8
ELGUN;16;9.07.1966;8;8
DATLI;16;30.07.1957;8;8
HAYHAN;16;24.03.1957;8;8
NEYDIM;16;24.12.1963;8;8
RUHHAN;15;9.12.1970;7;8
BIRSAH;15;12.02.1985;7;8
BEYSEL;15;7.11.1970;7;8
HAYRUNNAZ;15;6.02.1957;7;8
EMSAR;15;23.03.1969;7;8
ELFET;15;16.06.1963;7;8
ONIZ;15;29.07.1968;7;8
EHLIIMAN;15;28.03.1962;7;8
SERCEM;15;10.10.1984;7;8
ZUHUR;15;12.05.1964;7;8
MEHIN;14;30.2.1966;6;8
ROJAT;14;6.11.1982;6;8
OZMAN;14;27.06.1957;6;8
NECIHAT;13;20.03.1967;5;8
HUSNIYET;13;15.07.1967;5;8
TECEL;13;6.10.1973;5;8
SEYFINUR;13;9.11.1967;5;8
GUNGUR;13;24.05.1969;5;8
BISER;13;29.05.1972;5;8
-;13;23.11.1957;5;8
ROJE;12;4.06.1968;4;8
SUNGAR;12;12.06.1949;4;8
TURKIS;12;24.01.1960;4;8
BERZAH;12;21.09.1986;4;8
SABER;12;10.04.1956;4;8
TURDU;12;2.04.1938;4;8
MUTLUGUN;12;9.09.1972;4;8
DORI;12;17.03.1955;4;8
SEVBEN;12;18.03.1977;4;8
KESI;12;15.03.1957;4;8
HALDEN;12;13.10.1972;4;8
UGURSEL;12;13.09.1976;4;8
DILYAR;12;15.03.1969;4;8
MINAL;11;20.01.1972;3;8
KULIK;11;5.11.1963;3;8
FERHAY;11;24.05.1975;3;8
NASIBET;11;16.01.1973;3;8
YENIYIL;11;1.08.1974;3;8
HUVEL;11;18.06.1978;3;8
NAZLU;11;26.10.1950;3;8
HEYACAN;11;1.03.1964;3;8
KEMALET;11;4.08.1958;3;8
ARZIMAN;11;21.01.1959;3;8
HILMAN;11;23.01.1964;3;8
ASUN;11;5.10.1971;3;8
GULHAL;11;30.04.1965;3;8
SECGIL;11;7.05.1976;3;8
YENIZ;11;3.08.1980;3;8
ELVANI;11;4.11.1960;3;8
SECA;11;18.06.1972;3;8
BIYAN;11;23.04.1962;3;8
NURCEL;11;6.10.1967;3;8
ILGIZ;11;27.02.1977;3;8
DUNER;11;2.10.1968;3;8
MANOS;11;21.03.1956;3;8
SAHZIMAN;11;23.06.1949;3;8
NASIBIN;11;22.01.1961;3;8
ILVER;11;20.05.1969;3;8
OYSAN;11;28.05.1971;3;8
SAYFET;11;23.06.1967;3;8
HUZUFE;11;14.10.1967;3;8
SEBEN;11;24.08.1974;3;8
ANDIM;11;26.06.1980;3;8
SABIN;11;1.10.1970;3;8
OZLENIR;11;30.08.1971;3;8
BAHRINUR;10;25.11.1968;2;8
BERFUN;10;1.11.1981;2;8
DURDA;10;5.12.1965;2;8
MUKADAR;10;29.03.1969;2;8
BEYLATA;10;14.08.1969;2;8
CIYAN;10;29.06.1986;2;8
GULSIRAY;10;1.02.1971;2;8
ELMIHAN;10;18.04.1965;2;8
NISAR;10;14.03.1963;2;8
SEMIRHAN;10;26.02.1969;2;8
TUGPER;10;28.09.1976;2;8
GUNEYDE;10;25.02.1965;2;8
SEYYAHAT;10;12.04.1951;2;8
KOKSEN;10;7.12.1947;2;8
BENGIHAN;10;20.01.1976;2;8
ALEVCAN;10;13.02.1967;2;8
BIRYAN;10;4.08.1969;2;8
EFNA;10;16.08.1980;2;8
HANEDAN;10;3.11.1983;2;8
MUSLUHAN;10;17.08.1977;2;8
CUHER;10;29.05.1949;2;8
NEHIL;10;23.01.1968;2;8
BANUN;10;10.10.1969;2;8
MIRTAC;10;11.08.1972;2;8
TERZI;10;30.04.1953;2;8
FERIKAN;10;29.06.1966;2;8
GEVHERI;10;26.04.1950;2;8
SELCAY;10;25.10.1977;2;8
MIRET;10;13.09.1968;2;8
SONIZ;10;3.11.1967;2;8
BENSAN;10;15.04.1971;2;8
RUJDA;9;26.08.1986;1;8
KERI;9;19.10.1933;1;8
CEBAYIR;9;14.08.1970;1;8
SURCAN;9;1.06.1977;1;8
SAMIK;9;7.04.1947;1;8
EHLEM;9;8.02.1982;1;8
BEGU;9;19.09.1955;1;8
SOZDEN;9;21.07.1965;1;8
MEVAL;9;19.08.1972;1;8
GULIHSAN;9;2.07.1957;1;8
HULFET;9;16.04.1953;1;8
NITA;9;1.07.1968;1;8
SEMRAIL;9;14.07.1963;1;8
ARDEM;9;28.12.1955;1;8
VECEHAT;9;2.07.1962;1;8
ELFA;9;21.09.1974;1;8
MERVI;9;15.04.1984;1;8
AKYILDIZ;9;4.12.1938;1;8
HUNAR;9;30.03.1955;1;8
KAMILEN;9;20.10.1970;1;8
MUZEYIM;9;30.05.1967;1;8
GUNYAZ;9;23.12.1959;1;8
SULHA;9;1.02.1969;1;8
HAMZADE;9;12.02.1954;1;8
MENBER;9;11.12.1969;1;8
YURSEL;9;28.09.1967;1;8
AYFAN;9;6.06.1966;1;8
HEVRA;9;19.02.1973;1;8
SEVIYYA;9;7.05.1969;1;8
GULIK;9;25.10.1957;1;8
GULBET;9;19.05.1966;1;8
MEYAZ;9;8.06.1971;1;8
DURSAH;9;25.11.1961;1;8
YEDA;9;7.10.1986;1;8
MERBAN;9;26.06.1965;1;8
VAYISE;9;5.11.1960;1;8
HUSNAY;9;28.06.1972;1;8
MAHTER;9;29.12.1956;1;8
RUHISEL;9;5.04.1955;1;8
IMSER;9;20.06.1964;1;8
SONAYI;9;7.04.1979;1;8
TIFTIK;9;20.09.1946;1;8
SIMI;9;4.11.1951;1;8
YURDEM;9;28.05.1979;1;8
HURUZAN;9;8.03.1961;1;8
LEHBER;9;15.08.1957;1;8
KEHLIBAR;9;18.06.1965;1;8
EDAYET;9;23.11.1953;1;8
UMEYRE;9;16.08.1964;1;8
MUSLAT;9;3.09.1956;1;8
HAYBET;9;19.07.1970;1;8
DEVRA;9;28.01.1969;1;8
MUKADEM;9;4.03.1975;1;8
NURULAY;9;2.02.1968;1;8
OYAN;9;2.08.1975;1;8
FIRAY;9;11.06.1979;1;8
ARZIHAN;9;20.01.1946;1;8
MUGRISAH;9;9.11.1962;1;8
LEZET;9;9.05.1973;1;8
AYINUR;9;13.08.1958;1;8
SAZEY;8;8.09.1944;0;8
SOLMAZGUL;8;13.08.1968;0;8
ERTEGUL;8;15.10.1954;0;8
YURDE;8;18.09.1969;0;8
SIDI;8;5.11.1956;0;8
ITER;8;12.11.1947;0;8
GULLUK;8;25.11.1954;0;8
SURUCE;8;17.02.1975;0;8
ZEYNEPHAN;8;30.01.1978;0;8
GULYAPRAK;8;18.07.1976;0;8
GAFILE;8;27.04.1957;0;8
DUDUNUR;8;8.12.1985;0;8
MESUKE;8;30.01.1967;0;8
SAYKA;8;1.10.1958;0;8
LEBINE;8;10.12.1973;0;8
RIFAKAT;8;25.03.1960;0;8
MASURE;8;3.05.1966;0;8
GULGE;8;23.12.1978;0;8
SAHNEBAT;8;29.06.1963;0;8
KAFILE;8;10.02.1960;0;8
DURUN;8;14.10.1960;0;8
NEBISE;8;16.05.1961;0;8
BULUN;8;11.08.1958;0;8
ADELINA;8;16.11.1971;0;8
CEBAHIR;8;30.03.1977;0;8
VEHICE;8;15.07.1951;0;8
SULMAZ;8;23.02.1956;0;8
FATUMETUL;8;14.02.1975;0;8
FETIHIYE;8;9.02.1957;0;8
NISBETI;8;27.10.1961;0;8
RAYLA;8;5.07.1966;0;8
GULLUNUR;8;19.01.1977;0;8
EZMEHAN;8;22.12.1956;0;8
KEZEY;8;1.02.1952;0;8
YELGUN;8;19.06.1978;0;8
NEZE;8;27.01.1965;0;8
BERHIYE;8;12.03.1957;0;8
MERHIBAN;8;5.02.1971;0;8
SITTEY;8;5.04.1946;0;8
HOSIA;8;2.03.1984;0;8
MASALA;8;14.07.1986;0;8
ZULEYFA;8;30.03.1977;0;8
MENFUSE;8;2.05.1975;0;8
SEVICE;8;7.04.1978;0;8
ZEYZAN;8;2.03.1979;0;8
FENSA;8;3.05.1978;0;8
DALALE;8;17.12.1969;0;8
KAHIDE;8;29.2.1970;0;8
SIRRIN;8;3.07.1975;0;8
GULANDER;8;24.06.1978;0;8
FANO;8;24.10.1945;0;8
KESUM;8;30.04.1980;0;8
FERAHNAS;8;11.04.1973;0;8
MAYTAN;8;27.06.1970;0;8
LEYZA;8;6.10.1975;0;8
RABBIYE;8;5.06.1962;0;8
ATTIYA;8;1.10.1952;0;8
KASEMI;8;17.06.1939;0;8
EMME;8;2.09.1951;0;8
NURHIDA;8;8.10.1971;0;8
LAIME;8;9.09.1957;0;8
GUNDANE;8;2.11.1956;0;8
SEHSENEM;8;15.08.1961;0;8
MIRCI;8;15.06.1953;0;8
URUDE;8;11.05.1957;0;8
MIHBET;8;14.01.1965;0;8
SAMSA;8;25.09.1961;0;8
FERAHET;8;4.05.1967;0;8
HISNA;8;18.12.1957;0;8
MEHBET;8;29.11.1963;0;8
RIYME;8;23.03.1962;0;8
BESSA;8;6.10.1950;0;8
RUHIYET;8;15.02.1966;0;8
FESLE;8;5.03.1956;0;8
TEKOSIN;8;8.12.1979;0;8
MUZAZZEZ;8;19.12.1976;0;8
SARIDE;8;26.12.1959;0;8
BUTUL;8;30.05.1970;0;8
DULFURUZ;8;12.10.1962;0;8
SECAHET;8;26.05.1964;0;8
EPRIZE;8;28.03.1968;0;8
SUKRIYYE;8;3.06.1949;0;8
LAYKA;8;3.08.1964;0;8
ZEYDIYE;8;7.11.1955;0;8
SEILE;8;25.04.1966;0;8
TARIKE;8;25.01.1963;0;8
EMOSI;8;29.09.1946;0;8
HICRE;8;25.06.1963;0;8
SADETI;8;16.02.1962;0;8
REFIHE;8;29.05.1968;0;8
ELBERE;8;15.08.1969;0;8
JENNY;8;17.03.1977;0;8
KATHARINA;8;6.11.1959;0;8
CAZIK;8;12.05.1944;0;8
MARLIN;8;13.01.1973;0;8
KATJA;8;13.06.1976;0;8
LUCY;8;1.12.1980;0;8
RUME;8;13.06.1953;0;8
SALUHA;8;22.04.1956;0;8
TANZIRE;8;10.03.1966;0;8
JULYANA;8;2.09.1984;0;8
ELINE;8;2.08.1973;0;8
CEMED;8;26.11.1956;0;8
EMNI;8;14.08.1955;0;8
IME;8;3.01.1955;0;8
HENEN;8;22.01.1979;0;8
ROZANA;8;10.12.1977;0;8
HAYRETE;8;9.07.1967;0;8
HAMRE;8;24.02.1961;0;8
HUKMUYE;8;5.11.1959;0;8
SIFNE;8;30.2.1978;0;8
MIREN;8;6.01.1956;0;8
TENZIRA;8;13.06.1970;0;8
RAMIMA;8;6.09.1977;0;8
MAYSA;8;6.10.1979;0;8
RESE;8;12.01.1953;0;8
RAZA;8;3.04.1964;0;8
SEKIME;8;7.06.1951;0;8
NIZMIYE;8;25.04.1965;0;8
GAYA;8;17.03.1967;0;8
MUHTEZIM;8;13.08.1970;0;8
BENEVIS;8;24.01.1966;0;8
TAHIRA;8;27.06.1967;0;8
BENDO;8;27.04.1944;0;8
FERCIYE;8;21.11.1960;0;8
RAHANE;8;19.08.1967;0;8
SIRU;8;22.08.1943;0;8
PIA;8;6.07.1973;0;8
CAVIDA;8;16.05.1957;0;8
FADYA;8;12.11.1974;0;8
FATTI;8;8.07.1939;0;8
GADA;8;10.05.1972;0;8
BENISADE;8;8.11.1943;0;8
FASLIYE;8;5.02.1961;0;8
ATIE;8;12.03.1964;0;8
SEVGOL;8;16.02.1981;0;8
AYNETE;8;23.09.1975;0;8
FILYAZ;8;13.07.1979;0;8
IYDI;8;14.08.1964;0;8
HEDRE;8;26.02.1964;0;8
ZIRRI;8;29.2.1951;0;8
MUSLIHE;8;22.06.1970;0;8
ZELHO;8;17.07.1956;0;8
FASFIYE;8;30.01.1955;0;8
FILLIZ;8;23.09.1982;0;8
NESILSAH;8;13.06.1984;0;8
MANIRA;8;5.09.1968;0;8
NIKARE;8;11.02.1955;0;8
BILGUZAR;8;29.08.1957;0;8
GUZIYE;8;14.08.1961;0;8
AYSAGUL;8;12.12.1969;0;8
HUREYYE;8;13.01.1965;0;8
NUSUBE;8;19.05.1976;0;8
MUKADDISE;8;1.11.1951;0;8
SEBATE;8;11.06.1942;0;8
ISMANI;8;20.08.1970;0;8
NAVIZE;8;3.04.1963;0;8
MUZEBBIYE;8;26.09.1949;0;8
MABIYE;8;19.03.1975;0;8
MEYTUN;8;23.02.1980;0;8
ZINISAH;8;8.02.1949;0;8
MIHTIYE;8;25.09.1946;0;8
URUZIYE;8;5.04.1962;0;8
SEVEM;8;24.03.1972;0;8
LEVAZE;8;6.02.1958;0;8
ZENBIYE;8;26.09.1954;0;8
SAZENDE;8;9.05.1946;0;8
GULEMDEM;8;29.09.1966;0;8
UMMUYAN;8;29.10.1952;0;8
AVIYE;8;11.04.1958;0;8
ZEBURIYE;8;5.07.1962;0;8
NAZMIS;8;15.12.1946;0;8
SAZIBET;8;27.01.1959;0;8
SAHNIYE;8;15.06.1962;0;8
MIYET;8;27.06.1959;0;8
GULFADIYE;8;29.10.1960;0;8
SEFERE;8;11.04.1947;0;8
MAVISAN;8;15.12.1947;0;8
EMUK;8;27.02.1956;0;8
SUTUDE;8;16.08.1942;0;8
FEHIMIYE;8;6.01.1952;0;8
PERGIN;8;23.11.1967;0;8
NASIYET;8;30.08.1952;0;8
GELEN;8;2.04.1966;0;8
BENOYSE;8;26.08.1951;0;8
MESCURE;8;19.07.1964;0;8
IRAP;8;30.09.1953;0;8
MUNNURE;8;24.12.1971;0;8
HEBILE;8;7.02.1968;0;8
SERCE;8;24.08.1971;0;8
FERAIYE;8;8.02.1966;0;8
EHRIME;8;15.12.1963;0;8
RAFIGE;8;7.12.1964;0;8
GULDENER;8;15.07.1980;0;8
SUZEYYEN;8;24.01.1968;0;8
ELINA;8;10.08.1973;0;8
SEVGILE;8;27.01.1969;0;8
GULHIYE;8;3.10.1956;0;8
MALGORZATA;8;11.10.1967;0;8
NILGIHAN;8;22.12.1973;0;8
RIFKAT;8;18.12.1939;0;8
NUSREN;8;1.07.1964;0;8
CAFIDAN;8;8.10.1957;0;8
NULVER;8;2.10.1966;0;8
PERUZAR;8;20.05.1952;0;8
UKRIYE;8;11.11.1953;0;8
AYSEVIN;8;28.04.1974;0;8
JALENUR;8;7.07.1969;0;8
MUHDEBER;8;26.08.1964;0;8
GULASE;8;28.10.1960;0;8
ZEVLISAN;8;29.07.1961;0;8
NURYEN;8;5.04.1958;0;8
NEFURE;8;11.09.1954;0;8
NARENGUL;8;6.02.1958;0;8
VIJDANE;8;12.09.1950;0;8
AYNIYET;8;17.05.1959;0;8
NARCIHAN;8;8.02.1968;0;8
RIYASET;8;15.04.1951;0;8
SABIE;8;16.10.1955;0;8
MACUN;8;29.03.1947;0;8
EKA;8;8.07.1975;0;8
SAHRAGUL;8;25.05.1960;0;8
NEHADET;8;25.06.1951;0;8
SEVINNAZ;8;27.09.1967;0;8
NINELI;8;14.04.1960;0;8
SUTKIYE;8;10.01.1964;0;8
TEREZA;8;9.02.1959;0;8
DENIZGUL;8;29.01.1966;0;8
MELOS;8;25.01.1968;0;8
GUNACAR;8;15.09.1962;0;8
BERKA;8;7.07.1982;0;8
MEMDUA;8;17.09.1957;0;8
ZIHNIFER;8;27.06.1942;0;8
SIMGENUR;8;6.11.1988;0;8
GALIBIYE;8;18.07.1958;0;8
GUSVENT;8;7.06.1945;0;8
SAVIDE;8;12.09.1965;0;8
SEBINAZ;8;13.06.1963;0;8
GULHUNER;8;16.02.1952;0;8
MEZURE;8;2.11.1957;0;8
BEDICE;8;2.11.1963;0;8
SAHSUR;8;3.06.1955;0;8
SAGIRE;8;21.07.1944;0;8
DENEF;8;11.10.1983;0;8
TUZENUR;8;12.03.1956;0;8
NURDER;8;16.04.1965;0;8
GOZNUR;8;18.04.1983;0;8
SELEHAT;8;6.07.1970;0;8
MAHCUBE;8;1.10.1959;0;8
TUDYA;8;20.06.1955;0;8
MUGBER;8;12.01.1939;0;8
TUBIYE;8;1.03.1953;0;8
SELIYE;8;5.07.1961;0;8
YEVGENIYA;8;4.09.1970;0;8
BIRNIGAR;8;22.08.1976;0;8
CEZIDE;8;22.12.1950;0;8
EFDADE;8;19.12.1953;0;8
ULHAN;8;27.04.1970;0;8
ELVUDE;8;8.03.1948;0;8
SAZEM;8;12.05.1953;0;8
CEFIYE;8;14.05.1971;0;8
FADIMEGUL;8;23.10.1968;0;8
SEFDANE;8;6.06.1965;0;8
GULBEHAN;8;11.06.1965;0;8
BENNURE;8;15.07.1960;0;8
ZEYRIN;8;11.02.1965;0;8
ZEFIYE;8;29.01.1962;0;8
KUBRAHAN;8;3.06.1986;0;8
HATICET;8;27.01.1937;0;8
DANEGUL;8;16.05.1972;0;8
SEHEYLA;8;26.12.1948;0;8
MELUS;8;28.11.1959;0;8
RAZIBE;8;13.10.1956;0;8
KULFER;8;17.09.1954;0;8
SECDE;8;7.07.1980;0;8
ESABIYE;8;1.02.1959;0;8
TUSE;8;27.04.1965;0;8
ZABIRE;8;12.09.1960;0;8
AYSEMINE;8;12.12.1985;0;8
CEHRIYE;8;14.04.1952;0;8
NONNA;8;10.03.1967;0;8
SAREM;8;9.08.1977;0;8
RAHLIYE;8;25.02.1951;0;8
NAIMET;8;9.04.1955;0;8
FITNE;8;20.11.1949;0;8
NIRAY;8;13.02.1980;0;8
MINIYRE;8;11.11.1957;0;8
SELATUN;8;27.01.1975;0;8
GULFADIME;8;13.06.1965;0;8
MEVRURE;8;8.06.1959;0;8
KESME;8;12.02.1947;0;8
AYESE;8;27.11.1952;0;8
CUMRIYE;8;28.07.1955;0;8
GULDELEN;8;18.06.1958;0;8
GULDAMLA;8;29.10.1980;0;8
MUESE;8;24.02.1958;0;8
TEZVIYE;8;29.08.1953;0;8
SERGUZAR;8;15.02.1960;0;8
RABIDE;8;17.12.1961;0;8
FEMIHA;8;18.01.1954;0;8
REBIAT;8;28.06.1947;0;8
HANIFEGUL;8;30.01.1963;0;8
GULAYHAN;8;3.07.1967;0;8
HASIYA;8;2.04.1962;0;8
HACERGUL;8;2.12.1971;0;8
SEYRETIYE;8;12.10.1965;0;8
CEVHERET;8;11.09.1948;0;8
HUREYDA;8;7.07.1973;0;8
MAKDURE;8;12.11.1951;0;8
SERPIR;8;10.01.1967;0;8
NEVNUR;8;3.03.1973;0;8
TATLIGUL;8;24.11.1965;0;8
FATUGUL;8;9.08.1960;0;8
ZENCEGUL;8;3.07.1968;0;8
HANDEM;8;2.09.1971;0;8
MENSIR;8;30.2.1956;0;8
EMILYA;8;15.04.1962;0;8
INAHET;8;22.04.1961;0;8
ELMIYA;8;12.01.1969;0;8
EDAKAR;8;28.03.1954;0;8
FAYIGA;8;16.05.1958;0;8
BASSE;8;8.08.1950;0;8
IMMU;8;23.09.1954;0;8
OSME;8;4.02.1959;0;8
VADIDE;8;30.01.1941;0;8
GULEFE;8;16.08.1959;0;8
TUDIYE;8;14.09.1959;0;8
MUFIYDE;8;19.08.1965;0;8
TURNEL;8;20.02.1972;0;8
CEVDA;8;18.01.1971;0;8
BEVIN;8;17.05.1965;0;8
GULAYA;8;10.06.1969;0;8
TEYIBA;8;25.03.1962;0;8
TELEK;8;8.02.1957;0;8
HURNISA;8;23.02.1956;0;8
REVZAT;8;15.03.1957;0;8
ZEYTINE;8;16.11.1957;0;8
MISIRE;8;11.04.1964;0;8
FEVGIYA;8;20.07.1969;0;8
ZANURE;8;3.10.1962;0;8
ZIYABE;8;4.06.1977;0;8
GURZIYE;8;7.04.1957;0;8
GULNAZEN;8;7.01.1959;0;8
DESTELI;8;1.05.1964;0;8
SEBINA;8;4.06.1980;0;8
ZERRAN;8;1.11.1962;0;8
SURURIYE;8;28.03.1932;0;8
EFIC;8;1.06.1970;0;8
GULCEMILE;8;2.05.1959;0;8
AHUCAN;8;4.02.1985;0;8
NAGUL;8;30.07.1969;0;8
EFICE;8;18.08.1952;0;8
SURURE;8;26.03.1959;0;8
ARZE;8;21.05.1951;0;8
ADANUR;8;11.06.1975;0;8
BIHAL;8;9.11.1973;0;8
ZURBUYE;8;19.11.1965;0;8
EVSA;8;1.07.1973;0;8
NERMEN;8;8.12.1964;0;8
RUKKUYE;8;23.12.1959;0;8
KITAYIN;8;5.06.1962;0;8
BUSEYINE;8;14.08.1965;0;8
JAMILA;8;19.08.1968;0;8
MUNUSER;8;14.03.1973;0;8
UMRUZ;8;29.08.1963;0;8
RUIYE;8;24.09.1958;0;8
SAKIBA;8;20.09.1961;0;8
SEYMIN;8;21.08.1964;0;8
GULFIKER;8;8.08.1952;0;8
SENIRE;8;30.08.1957;0;8
MIYESEL;8;21.02.1969;0;8
ZERIL;8;24.09.1965;0;8
EBUHAYAT;8;26.01.1959;0;8
SITARA;8;13.09.1962;0;8
MINUFER;8;22.09.1969;0;8
AHIZE;8;12.02.1963;0;8
NAFIHAN;8;11.01.1978;0;8
YESNE;8;28.05.1961;0;8
GULHEN;8;3.12.1968;0;8
MUKIYME;8;19.03.1955;0;8
SARNAZ;8;8.12.1965;0;8
DUDUSAN;8;11.11.1965;0;8
GULUMDAN;8;1.09.1958;0;8
GULNEHAL;8;12.4.1705;0;8
MUSUGE;8;6.01.1951;0;8
SAVRIYE;8;11.09.1957;0;8
SENIHAN;8;27.02.1958;0;8
MURADET;8;22.02.1957;0;8
MUGEHAN;8;19.08.1980;0;8
TOVUZ;8;28.04.1967;0;8
GONLUSEN;8;3.09.1961;0;8
IA;8;18.06.1970;0;8
NEDICE;8;1.02.1964;0;8
NESVA;8;2.08.1975;0;8
RUKAYYA;8;22.07.1972;0;8
SEDENAY;8;24.11.1987;0;8
SAMANUR;8;15.06.1974;0;8
HACCER;8;10.08.1963;0;8
HEZER;8;5.03.1967;0;8
BULEM;8;27.02.1982;0;8
YASENEM;8;28.02.1976;0;8
RENAY;8;30.10.1983;0;8
BEYLA;8;16.11.1964;0;8
SALCAN;8;23.06.1965;0;8
SAHSIMAN;8;19.07.1956;0;8
ULKUSEN;8;11.03.1962;0;8
KHADIJA;8;5.07.1969;0;8
FEZIRA;8;21.04.1958;0;8
KULE;8;24.03.1938;0;8
NURDOKEN;8;14.01.1976;0;8
PERGUZAR;8;5.04.1953;0;8
SERINCA;8;28.08.1963;0;8
MUSEYDE;8;17.04.1965;0;8
SEMINAZ;8;20.01.1970;0;8
PEYZADE;8;18.08.1968;0;8
HEMRIYE;8;8.03.1969;0;8
FERISAN;8;29.06.1958;0;8
GULHEMDAN;8;26.02.1973;0;8
HINAV;8;29.11.1960;0;8
PERNAZ;8;25.08.1965;0;8
HERIKA;8;30.11.1961;0;8
ARAPZENGIN;8;18.03.1971;0;8
MEHTEBER;8;24.08.1968;0;8
MAHZULE;8;16.05.1974;0;8
MEHCEBIN;8;3.07.1967;0;8
MUBARRA;8;25.07.1971;0;8
SEBIN;8;13.01.1981;0;8
DILFURUZE;8;22.06.1952;0;8
VETIHA;8;9.01.1973;0;8
MAHFERET;8;6.09.1954;0;8
GULESSER;8;16.07.1965;0;8
GULFEZ;8;30.09.1967;0;8
SOZLEM;8;7.08.1987;0;8
RUZKET;8;12.03.1964;0;8
RISKIYET;8;20.02.1968;0;8
HAYLAZ;8;17.08.1970;0;8
TANEGUL;8;13.01.1970;0;8
ASMANPERI;8;3.05.1959;0;8
GAZEP;8;30.11.1954;0;8
BEFRU;8;3.09.1972;0;8
ZOHRETE;8;9.09.1972;0;8
NEMLIHAN;8;13.03.1970;0;8
TASIHAN;8;21.07.1962;0;8
RECIHA;8;3.07.1954;0;8
IHBAR;8;1.09.1967;0;8
MACAN;8;16.09.1963;0;8
TASIYE;8;14.09.1958;0;8
NEFSI;8;2.03.1957;0;8
REFYA;8;24.02.1961;0;8
MEMIHA;8;19.09.1967;0;8
GEVO;8;8.12.1950;0;8
BANYA;8;6.11.1952;0;8
NEMOS;8;22.12.1966;0;8
SULIHAN;8;28.04.1963;0;8
FINAZ;8;8.09.1965;0;8
FEVRUSE;8;13.07.1972;0;8
HECICE;8;13.02.1964;0;8
MUBECER;8;7.09.1958;0;8
MUSKAL;8;7.11.1963;0;8
FATIMETUZEHRA;8;9.01.1970;0;8
VANDA;8;18.08.1968;0;8
TAZAGUL;8;3.06.1966;0;8
GULCINAY;8;15.08.1980;0;8
BENUL;8;26.07.1974;0;8
GUSVER;8;20.12.1966;0;8
MINTIKA;8;9.08.1962;0;8
UMUL;8;2.10.1969;0;8
TAZIYE;8;13.07.1966;0;8
EBRUYE;8;3.01.1977;0;8
GEZEP;8;28.11.1965;0;8
MAKPULA;8;3.11.1960;0;8
HALYAS;8;14.03.1975;0;8
GORCU;8;29.06.1967;0;8
KEMALYE;8;17.01.1972;0;8
BELHA;8;5.10.1962;0;8
MALHUN;8;3.12.1989;0;8
SIBAL;8;3.12.1974;0;8
TEZILE;8;16.07.1962;0;8
MUNASIYE;8;17.05.1953;0;8
SUAYIBE;8;11.04.1962;0;8
SEZIYE;8;24.05.1955;0;8
VEDAHA;8;8.10.1962;0;8
MEZINE;8;19.12.1952;0;8
MUSEVIYE;8;22.09.1970;0;8
RABIC;8;10.01.1951;0;8
FIZUN;8;24.02.1964;0;8
NILER;8;10.10.1975;0;8
TOTO;8;26.06.1959;0;8
BERKUZAR;8;3.11.1945;0;8
SADANE;8;13.10.1947;0;8
ZURAFE;8;2.04.1943;0;8
LEBER;8;26.08.1945;0;8
RAS;8;3.06.1953;0;8
FENERYE;8;9.01.1968;0;8
SAIZA;8;14.07.1962;0;8
ITAME;8;9.06.1960;0;8
LUIZE;8;21.02.1947;0;8
GULBALA;8;8.09.1958;0;8
FILIZAR;8;11.07.1967;0;8
RAKIBIYE;8;2.09.1957;0;8
SERNEZ;8;13.07.1960;0;8
AYSENIL;8;27.09.1977;0;8
SEMADIYE;8;12.11.1964;0;8
KEVSERIYE;8;25.07.1958;0;8
CHRISTIANE;8;6.09.1954;0;8
GULUMNAZ;8;15.02.1968;0;8
RAHSENDE;8;22.06.1973;0;8
SEAVET;8;22.04.1948;0;8
FULTEN;8;11.05.1967;0;8
MECBURIYET;8;3.12.1972;0;8
MUTEVEKKILE;8;30.12.1960;0;8
ELHA;8;2.02.1972;0;8
KERIMIYE;8;20.09.1966;0;8
BENDIYE;8;3.09.1967;0;8
PERYAL;8;30.11.1977;0;8
GUNISIK;8;20.11.1974;0;8
SANIGAR;8;6.10.1959;0;8
YURTGULU;8;8.10.1951;0;8
SUTBIYE;8;2.05.1943;0;8
LEVASIYE;8;21.03.1957;0;8
ZIHNISAH;8;15.05.1961;0;8
BUKURIYE;8;3.08.1960;0;8
ZULFIYYE;8;2.01.1975;0;8
MAYET;8;7.11.1952;0;8
TESBIHA;8;4.02.1962;0;8
BILGISAH;8;2.07.1982;0;8
NUZULE;8;7.05.1963;0;8
URMET;8;25.05.1961;0;8
MACIDIYE;8;4.01.1961;0;8
LUTIYE;8;30.08.1963;0;8
DANSEL;8;26.08.1949;0;8
AHINUR;8;17.03.1963;0;8
MERSURE;8;16.02.1975;0;8
HARZIYE;8;8.03.1960;0;8
SAZIYER;8;4.09.1961;0;8
HANKO;8;8.09.1948;0;8
MERIHE;8;2.10.1963;0;8
SEVDIREN;8;8.03.1954;0;8
SUIDIYE;8;23.01.1960;0;8
ASAMAN;8;20.11.1949;0;8
ALTINTOP;8;2.12.1945;0;8
BAHTISEL;8;11.01.1961;0;8
BAKIZER;8;21.08.1963;0;8
TUNIL;8;15.12.1973;0;8
NECLAY;8;22.04.1959;0;8
RIBA;8;10.05.1973;0;8
NESFIYE;8;10.02.1963;0;8
HIMSI;8;2.10.1945;0;8
NEZMETE;8;6.01.1974;0;8
SEKNAZ;8;18.09.1973;0;8
GULHACER;8;15.09.1979;0;8
NEZLIFE;8;9.03.1957;0;8
ASRIYA;8;9.04.1969;0;8
HUYLA;8;17.04.1984;0;8
MESRIKA;8;30.2.1968;0;8
GULZERRIN;8;5.05.1977;0;8
FERHINAZ;8;13.06.1971;0;8
PEMBIYE;8;1.01.1962;0;8
EZIFE;8;12.07.1976;0;8
METHUSENA;8;3.06.1972;0;8
SETENEY;8;5.01.1975;0;8
CEFIDE;8;24.05.1956;0;8
KADERGUL;8;19.11.1981;0;8
BITENGUL;8;20.08.1968;0;8
AYSEMI;8;11.08.1979;0;8
NIYAFER;8;8.06.1952;0;8
ZULFUGUL;8;23.05.1964;0;8
TUNBUL;8;21.04.1953;0;8
MEHCEBIL;8;21.06.1952;0;8
AISENUR;8;12.08.1974;0;8
NEMA;8;2.03.1977;0;8
MUHSIMA;8;16.04.1964;0;8
HAVSI;8;25.01.1955;0;8
SEHRIYA;8;8.06.1968;0;8
ELNAZ;8;21.09.1983;0;8
BELIKA;8;26.08.1971;0;8
SIYAHAT;8;8.02.1971;0;8
MINIBE;8;12.04.1969;0;8
SEVGEL;8;24.10.1974;0;8
NETIBE;8;28.02.1948;0;8
MERVIYE;8;14.02.1964;0;8
GULRAN;8;20.08.1963;0;8
KADEMLI;8;19.05.1958;0;8
GOKCESU;8;19.09.1984;0;8
VESIBE;8;5.01.1968;0;8
IL;8;19.10.1977;0;8
GULZUHAL;8;17.03.1968;0;8
AYGEL;8;22.08.1960;0;8
TSITSINO;8;24.07.1960;0;8
GULDESTEN;8;7.09.1953;0;8
ZELVER;8;6.06.1963;0;8
SAIDIYE;8;22.07.1960;0;8
HAZILET;8;21.09.1964;0;8
SEVGULAY;8;9.09.1972;0;8
BENZEGUL;8;25.04.1960;0;8
HEMIDIYE;8;24.12.1965;0;8
TAHRIME;8;25.09.1961;0;8
DUNGUZAR;8;29.07.1965;0;8
KIZLARBEGI;8;29.11.1947;0;8
MUKADDE;8;19.09.1947;0;8
SUYAGUL;8;29.04.1965;0;8
GULDUZEN;8;21.07.1961;0;8
AYDABAHAR;8;13.05.1985;0;8
CAKAL;8;9.09.1943;0;8
FATAMA;8;13.12.1981;0;8
MORIK;8;3.08.1939;0;8
REHANGUL;8;16.01.1967;0;8
MULKUCAN;8;14.10.1960;0;8
MALIYETE;8;13.09.1975;0;8
NABIBE;8;1.06.1956;0;8
DURRETEL;8;27.08.1949;0;8
ZULUFHAN;8;13.07.1968;0;8
GURZADE;8;12.03.1970;0;8
RABIYET;8;30.03.1960;0;8
HAYATIGUL;8;28.07.1965;0;8
MEBILE;8;24.09.1972;0;8
MUMIRE;8;29.09.1948;0;8
EFLA;8;16.02.1979;0;8
DILSADE;8;25.11.1958;0;8
BAGDADIYE;8;20.09.1961;0;8
ZEREY;8;24.11.1955;0;8
IPKAL;8;17.08.1968;0;8
ULFIDIYE;8;13.07.1954;0;8
MUZIME;8;11.08.1945;0;8
GULSEVIYE;8;26.11.1958;0;8
FENIYE;8;24.01.1965;0;8
MERGUS;8;17.07.1964;0;8
MEZIHE;8;22.12.1960;0;8
REFASIYE;8;25.06.1959;0;8
SIHAL;8;7.01.1973;0;8
NEDAHAT;8;11.09.1948;0;8
PIRIYE;8;23.01.1955;0;8
ILAMIYE;8;5.07.1964;0;8
SELYADE;8;16.07.1961;0;8
MEGREM;8;26.03.1963;0;8
BIGEM;8;27.12.1984;0;8
UYSER;8;16.08.1961;0;8
MUZEIN;8;23.01.1966;0;8
BUSEYNA;8;27.11.1963;0;8
BEYIDE;8;16.03.1960;0;8
NURSANIYE;8;19.10.1970;0;8
YUKSELE;8;10.02.1960;0;8
KIRMISYA;8;18.01.1962;0;8
GULSEYDA;8;12.01.1976;0;8
REFADIYE;8;27.08.1961;0;8
HUNNEY;8;26.06.1951;0;8
ZAYIDA;8;30.07.1961;0;8
MUBE;8;2.08.1958;0;8
SELDAGUL;8;28.07.1978;0;8
URUKIYE;8;13.10.1956;0;8
BESU;8;24.07.1938;0;8
MEHRICE;8;24.05.1960;0;8
RUHIZAR;8;27.04.1961;0;8
NILPERI;8;9.06.1978;0;8
SUZGUN;8;9.02.1962;0;8
NECADE;8;6.02.1952;0;8
BADISEN;8;15.03.1969;0;8
KABULE;8;4.02.1963;0;8
ENIFE;8;27.10.1956;0;8
RESALET;8;7.02.1964;0;8
SENCEL;8;30.07.1970;0;8
ESINAY;8;27.09.1982;0;8
PIRILAY;8;3.03.1974;0;8
SONDILEK;8;19.05.1967;0;8
HARIDE;8;8.07.1967;0;8
GULHADE;8;6.12.1962;0;8
MUBIRE;8;21.09.1951;0;8
JUTTA;8;23.03.1950;0;8
LEYLIM;8;3.07.1984;0;8
LOBER;8;4.12.1947;0;8
KARDEM;8;2.05.1982;0;8
FATIMETULZEHRA;8;30.07.1976;0;8
SITEY;8;17.05.1958;0;8
TUGSE;8;6.08.1988;0;8
MUSTEMIRE;8;29.04.1957;0;8
MIYYASE;8;5.03.1946;0;8
GULEYSER;8;19.05.1965;0;8
PERZIHAN;8;30.03.1964;0;8
MUNURUYE;8;11.03.1969;0;8
GULYESEMEN;8;30.08.1959;0;8
CEFAIRE;8;22.01.1957;0;8
BEZMIALEM;8;16.06.1965;0;8
HURUDE;8;4.10.1965;0;8
SEBIYET;8;10.05.1960;0;8
HASKIYE;8;3.07.1954;0;8
SELVANE;8;27.08.1966;0;8
CHARLOTTE;8;21.11.1965;0;8
GULASAR;8;11.01.1956;0;8
NURILHIDE;8;11.05.1963;0;8
MEISE;8;25.07.1966;0;8
BEZIYE;8;13.02.1968;0;8
NEFALET;8;15.09.1964;0;8
EMISAN;8;12.06.1955;0;8
ZULKEDER;8;4.05.1962;0;8
ZUBERRA;8;1.07.1960;0;8
SUTIYA;8;7.04.1967;0;8
MERUS;8;6.07.1961;0;8
KEZMAN;8;18.06.1964;0;8
MINEHAN;8;8.02.1976;0;8
ZERNISAH;8;27.11.1968;0;8
SENAS;8;7.09.1974;0;8
FERIZIYE;8;2.03.1969;0;8
DAYE;8;8.12.1977;0;8
AMY;8;20.05.1970;0;8
JOHANNA;8;19.08.1949;0;8
AZIDE;8;27.01.1969;0;8
SAGGUL;8;7.03.1963;0;8
FURDOVS;8;14.01.1947;0;8
BASIRA;8;21.12.1958;0;8
KERZUBAN;8;4.03.1963;0;8
ICIN;8;21.09.1975;0;8
SEYICAN;8;26.08.1973;0;8
NEJGUL;8;23.06.1972;0;8
MURVEN;8;2.07.1964;0;8
GURSELIN;8;5.08.1967;0;8
HARIRE;8;18.05.1941;0;8
OFE;8;17.12.1952;0;8
SAFRIYE;8;12.11.1960;0;8
FILYE;8;19.03.1965;0;8
GEZIN;8;4.01.1969;0;8
MUENNES;8;26.04.1968;0;8
HATRA;8;26.01.1944;0;8
SARAF;8;29.04.1966;0;8
NURSIFA;8;1.03.1979;0;8
ZENGINE;8;2.05.1954;0;8
MELYA;8;9.12.1964;0;8
MIDET;8;7.05.1975;0;8
A.FATMA;8;4.02.1942;0;8
NEMRIYE;8;16.04.1957;0;8
VEVRIYE;8;13.01.1958;0;8
REYDAN;8;27.02.1976;0;8
MOKEY;8;22.11.1944;0;8
HULLIYE;8;13.12.1960;0;8
RAYIGAN;8;2.07.1954;0;8
MENSE;8;23.12.1953;0;8
NEBIGUL;8;27.06.1959;0;8
MEVRUDE;8;1.06.1948;0;8
BEYDE;8;26.04.1967;0;8
MASIRE;8;16.03.1970;0;8
SITTISAH;8;14.07.1946;0;8
LUBER;8;24.01.1958;0;8
SUNARI;8;14.09.1956;0;8
SUNDU;8;7.06.1959;0;8
NANCY;8;14.05.1970;0;8
VIRA;8;26.01.1966;0;8
ZUMREL;8;10.08.1972;0;8
DONDUNAZ;8;4.11.1974;0;8
PELINAY;8;7.10.1987;0;8
KUGU;8;30.06.1965;0;8
RABIBE;8;15.04.1962;0;8
SERFI;8;5.01.1965;0;8
NURALTIN;8;10.09.1967;0;8
MUHASSINE;8;20.06.1949;0;8
MARIETA;8;12.11.1968;0;8
AKCICEK;8;10.07.1957;0;8
AZA;8;22.11.1962;0;8
UMMUSER;8;4.07.1964;0;8
PERIYEN;8;1.04.1956;0;8
MUHLUSE;8;1.02.1963;0;8
YAHSEMIN;8;13.02.1971;0;8
NURISEL;8;28.05.1962;0;8
EVGENIA;8;17.09.1952;0;8
YELDANUR;8;10.05.1980;0;8
LAMISE;8;3.11.1959;0;8
EGSE;8;25.05.1956;0;8
GULSAIDE;8;15.05.1967;0;8
PELIZAT;8;28.01.1971;0;8
GULEVSER;8;10.11.1952;0;8
AYTULIN;8;13.06.1972;0;8
BETULNUR;8;29.01.1986;0;8
SEVDAP;8;12.02.1970;0;8
BABILE;8;8.06.1957;0;8
ZLATA;8;7.05.1960;0;8
FIRANGIZ;8;21.12.1969;0;8
YILDIZFER;8;11.07.1955;0;8
FEHIRE;8;1.08.1967;0;8
ZERINE;8;3.02.1966;0;8
SIMHAN;8;12.11.1969;0;8
KUTLUGUL;8;27.07.1982;0;8
DUDUMAN;8;21.11.1959;0;8
YERCENIK;8;5.04.1955;0;8
NELGIN;8;20.03.1977;0;8
HANTUS;8;6.05.1962;0;8
GULSATI;8;6.01.1962;0;8
SAIDENUR;8;6.03.1980;0;8
LIME;8;22.04.1945;0;8
LEBBURE;8;27.11.1935;0;8
LAMARA;8;15.08.1960;0;8
GULCILEM;8;3.07.1984;0;8
BENIRE;8;3.11.1954;0;8
ISMA;8;19.01.1956;0;8
MEHVAR;8;19.08.1956;0;8
MERBA;8;15.06.1982;0;8
MEKNUZE;8;16.07.1944;0;8
ISABELLA;8;6.12.1970;0;8
KOLET;8;4.02.1965;0;8
ZERBIYE;8;22.06.1953;0;8
BESBINA;8;23.10.1948;0;8
IMETULLAH;8;13.07.1938;0;8
HUZIYE;8;27.12.1956;0;8
MUHIYE;8;22.02.1957;0;8
LUISA;8;19.09.1962;0;8
NEMRA;8;27.09.1975;0;8
ELKE;8;1.01.1952;0;8
CAHANSER;8;5.10.1953;0;8
KENDIGUL;8;30.03.1968;0;8
KAKUS;8;23.05.1941;0;8
RAHIMIYE;8;25.01.1953;0;8
NURIYEN;8;14.09.1963;0;8
NARIMEN;8;9.06.1965;0;8
HELMIYE;8;29.06.1959;0;8
SANIS;8;4.05.1958;0;8
HUDAIYE;8;16.01.1945;0;8
AYBAHAR;8;24.08.1964;0;8
BEYIHAN;8;15.09.1964;0;8
GULERMIN;8;5.02.1969;0;8
SEYMIYE;8;26.02.1966;0;8
ALVIYE;8;6.03.1960;0;8
HUMMU;8;6.04.1954;0;8
LIBABIYE;8;24.04.1947;0;8
ZAHIRIYE;8;14.10.1969;0;8
NEFCI;8;20.10.1949;0;8
AYSHE;8;3.07.1975;0;8
MARYET;8;14.09.1973;0;8
ANNIE;8;8.10.1951;0;8
MAYSE;8;10.01.1969;0;8
EROL;92427;24.06.1971;92420;7
NAZMI;23121;27.09.1962;23114;7
EMRULLAH;18121;5.09.1972;18114;7
RESAT;14436;3.03.1966;14429;7
MITHAT;12486;2.03.1968;12479;7
SINASI;7427;25.06.1965;7420;7
NEZIR;7025;23.10.1966;7018;7
ETEM;6454;12.06.1963;6447;7
ZUBEYIR;4791;2.09.1969;4784;7
ABDUL;3899;17.05.1967;3892;7
KANI;3256;29.11.1962;3249;7
MUSLIM;2725;11.02.1965;2718;7
ORAL;1575;6.03.1973;1568;7
ZULKIF;1162;5.11.1966;1155;7
HASMET;1056;20.05.1964;1049;7
SIDIK;937;12.11.1963;930;7
GULABI;806;12.09.1970;799;7
ATAMAN;728;13.08.1969;721;7
FARIZ;722;21.05.1967;715;7
SENAI;710;21.01.1964;703;7
BASARAN;604;20.08.1974;597;7
SERBAY;581;8.05.1985;574;7
RUFET;381;27.06.1962;374;7
YOLCU;352;24.06.1964;345;7
OZBEK;349;10.08.1971;342;7
ESABIL;327;27.04.1974;320;7
MUVAFFAK;273;2.09.1959;266;7
ALKIN;240;6.11.1978;233;7
DANIS;234;26.04.1972;227;7
AZAM;233;28.04.1966;226;7
GUNTAY;230;22.07.1978;223;7
GOKTAN;218;10.01.1978;211;7
SEYDIHAN;205;29.05.1970;198;7
NASRI;192;8.01.1964;185;7
MUHTESIM;187;16.11.1974;180;7
ONURSAL;180;7.03.1977;173;7
DURAL;172;1.04.1973;165;7
SEROL;142;25.01.1974;135;7
FERUH;141;14.03.1965;134;7
HUZNU;123;20.09.1967;116;7
ARCAN;113;6.12.1976;106;7
SUKAN;111;9.06.1978;104;7
MUZELLEF;96;22.05.1958;89;7
TURK;94;16.05.1956;87;7
IDO;88;16.04.1960;81;7
ELFAZ;78;25.03.1954;71;7
MEDAT;73;27.10.1968;66;7
SELKAN;64;15.02.1979;57;7
BILGINER;63;8.05.1972;56;7
SATO;62;19.02.1945;55;7
SENLIK;56;5.01.1960;49;7
TONAY;51;21.08.1969;44;7
NADIL;50;16.11.1967;43;7
TONI;50;20.01.1975;43;7
SUBAT;50;11.07.1970;43;7
IRSAD;49;9.12.1981;42;7
SELAYI;47;18.09.1970;40;7
MEDAR;47;18.02.1967;40;7
ESA;46;9.03.1966;39;7
ERSEV;46;8.02.1980;39;7
SENVER;45;25.09.1971;38;7
TAYRAN;44;18.05.1970;37;7
BENDER;43;12.02.1971;36;7
VALAT;42;4.09.1984;35;7
VELIHAN;40;10.09.1975;33;7
NEVCET;40;9.07.1957;33;7
TEMMUZ;40;23.01.1986;33;7
CEYFUN;39;8.05.1975;32;7
MEDIH;38;3.09.1962;31;7
HOZAN;37;5.02.1985;30;7
MUSRET;37;21.12.1965;30;7
TOLUN;37;7.06.1962;30;7
ZERDAL;35;8.07.1974;28;7
GUNDAL;35;10.05.1974;28;7
SITEMKAR;34;19.06.1959;27;7
OKYANUS;34;29.06.1977;27;7
UNUR;33;23.12.1964;26;7
SEVDALI;33;15.10.1965;26;7
BATI;33;21.11.1975;26;7
FERIH;33;20.04.1966;26;7
DERHAN;32;12.09.1979;25;7
ARSIN;31;3.11.1960;24;7
YUCER;31;4.05.1958;24;7
ZAHI;30;23.12.1962;23;7
AVAZ;29;28.02.1966;22;7
SEKUR;29;11.12.1957;22;7
SEBAI;28;24.01.1967;21;7
MECNUR;28;27.02.1983;21;7
SEYYAH;27;4.06.1967;20;7
URAY;27;14.08.1963;20;7
FEZAYI;26;3.02.1973;19;7
SAMER;26;15.08.1971;19;7
TUSAN;26;19.06.1975;19;7
SIFAI;26;28.05.1967;19;7
SEM;25;14.08.1980;18;7
HIBETULLAH;25;27.07.1969;18;7
ZEYNUL;25;4.11.1966;18;7
ARSAL;25;21.08.1969;18;7
BEYZO;23;25.01.1950;16;7
ADAR;23;25.06.1990;16;7
DEHAN;23;21.11.1976;16;7
CIGIR;23;3.05.1980;16;7
ILERI;22;7.10.1964;15;7
NAILI;22;6.04.1957;15;7
MARAS;22;29.2.1967;15;7
NASI;22;1.05.1966;15;7
SELDAL;21;9.09.1978;14;7
BENI;21;4.05.1970;14;7
MECO;21;27.02.1951;14;7
REZA;21;11.04.1964;14;7
SANAN;21;19.08.1971;14;7
ASKAN;21;30.08.1977;14;7
BEHA;20;30.10.1959;13;7
IRHAN;20;5.04.1967;13;7
CAVLAN;20;22.05.1978;13;7
NAMIDAR;20;16.02.1970;13;7
BENZADE;20;1.11.1964;13;7
MUCELLET;20;24.08.1955;13;7
OZANT;20;9.11.1967;13;7
IBRET;19;12.06.1972;12;7
MEVLAM;19;7.04.1970;12;7
IKMET;19;10.02.1958;12;7
ATTO;18;5.07.1951;11;7
ALCAN;18;2.09.1974;11;7
BESLI;18;6.02.1964;11;7
SIRHAN;18;13.03.1973;11;7
CEHAN;18;4.09.1957;11;7
MEHLI;18;15.06.1963;11;7
NEFA;17;3.12.1964;10;7
MASALAH;17;3.05.1974;10;7
EMRAHAN;17;24.05.1980;10;7
IZLEN;17;18.01.1981;10;7
HINIS;17;14.02.1955;10;7
SALIMEN;17;17.11.1962;10;7
BUNEYYE;16;6.02.1963;9;7
DILVAN;16;2.04.1986;9;7
IMRAH;16;28.08.1981;9;7
HAC;16;26.12.1959;9;7
YASAN;16;16.12.1974;9;7
SATIN;16;24.12.1962;9;7
MUHUR;16;2.08.1955;9;7
SEVDIL;15;11.03.1962;8;7
RUJDAN;15;7.02.1972;8;7
NUVAR;15;16.03.1965;8;7
HOSNUT;15;4.11.1966;8;7
ILGAY;15;8.05.1969;8;7
SIHAR;15;21.12.1974;8;7
HERCAN;15;3.05.1967;8;7
CIDAL;15;24.01.1963;8;7
SAHDUMAN;14;10.01.1970;7;7
URUC;14;29.01.1961;7;7
HEYYAM;14;6.01.1979;7;7
YENGIN;14;25.07.1969;7;7
YUCELEN;14;21.10.1968;7;7
TOLAY;14;15.03.1968;7;7
PIRHAN;14;15.02.1968;7;7
UNKAR;14;27.01.1968;7;7
GOCMEN;14;14.02.1972;7;7
DAYLAN;14;30.2.1977;7;7
BECAN;14;15.10.1964;7;7
TUGLU;14;11.02.1965;7;7
ONCAN;14;16.04.1971;7;7
CEMAY;14;14.10.1980;7;7
FIYAKA;13;27.09.1972;6;7
SARIHAN;13;25.05.1966;6;7
SURKAN;13;3.05.1974;6;7
BEGIN;13;16.03.1967;6;7
HESRET;13;5.04.1961;6;7
BIRSON;13;22.10.1963;6;7
SAHMERAL;13;14.09.1959;6;7
GONGOR;13;4.08.1969;6;7
NESHET;13;1.04.1961;6;7
NAMIZAT;13;7.07.1954;6;7
SEVRI;13;6.06.1961;6;7
TUGAL;13;13.06.1955;6;7
TUMRAL;12;13.07.1961;5;7
DEMRE;12;28.07.1983;5;7
TURGUL;12;2.09.1970;5;7
FIDAL;12;28.06.1977;5;7
HARI;12;9.03.1948;5;7
SUFA;12;4.05.1969;5;7
NUSAN;12;12.07.1967;5;7
DARCAN;12;11.04.1976;5;7
URGUN;12;6.12.1960;5;7
MULHEM;12;6.03.1974;5;7
GURPINAR;12;2.12.1968;5;7
BIR;11;16.10.1973;4;7
EYMAN;11;21.09.1976;4;7
HAJAR;11;13.07.1969;4;7
GULAT;11;28.04.1973;4;7
SONVER;11;23.11.1976;4;7
ERNIS;11;8.11.1972;4;7
OZCIHAN;11;21.08.1964;4;7
HURMAN;11;8.01.1964;4;7
ILMIHAL;11;24.07.1969;4;7
GURCEN;11;3.03.1957;4;7
FILO;11;28.05.1944;4;7
AVDAL;11;13.01.1967;4;7
BUREYDE;11;23.01.1979;4;7
ISEN;11;18.02.1956;4;7
BEBIS;11;16.02.1951;4;7
ISFEHAN;11;15.10.1962;4;7
SEYHZADE;11;17.09.1955;4;7
FETTAN;11;21.06.1948;4;7
OVEYIS;11;28.06.1958;4;7
BENNAN;10;10.11.1966;3;7
EDGE;10;23.11.1984;3;7
SEVET;10;7.09.1974;3;7
SERAHAN;10;20.09.1973;3;7
VEYSE;10;16.12.1966;3;7
HIZAL;10;17.12.1965;3;7
SEVINCI;10;28.10.1967;3;7
AYTUNER;10;5.10.1961;3;7
TEYHAN;10;14.07.1960;3;7
SEYIM;10;4.05.1959;3;7
TURANSEL;10;10.06.1956;3;7
TEMA;10;18.09.1973;3;7
SAMAIL;10;28.12.1959;3;7
UFRAN;10;26.12.1957;3;7
BEBE;10;4.08.1963;3;7
SEFERHAN;10;28.05.1952;3;7
MADIL;10;19.03.1955;3;7
SOZGUN;10;7.01.1975;3;7
ALTANAY;10;8.10.1973;3;7
ERGUZEL;10;5.06.1964;3;7
TUNCE;10;17.05.1968;3;7
RUSHAT;10;24.02.1965;3;7
ZENCI;10;16.11.1956;3;7
SEFO;10;14.08.1950;3;7
SANSIN;10;18.02.1969;3;7
METIS;10;28.05.1968;3;7
BALKI;10;10.11.1967;3;7
EGMEN;10;2.03.1969;3;7
TIBEL;10;11.01.1975;3;7
HALISAN;10;2.09.1966;3;7
KADERIM;10;21.01.1982;3;7
HAMA;10;1.09.1941;3;7
SEYFA;10;17.08.1965;3;7
OZSEV;10;19.06.1975;3;7
MENNUS;10;14.09.1967;3;7
BETIM;10;25.09.1985;3;7
VEZIYET;9;11.07.1968;2;7
TUBAN;9;1.06.1980;2;7
SAHRIZA;9;17.07.1958;2;7
DILBERI;9;4.04.1979;2;7
VERDO;9;29.11.1963;2;7
RUSIN;9;26.07.1981;2;7
SENEVER;9;30.2.1967;2;7
ZINDE;9;3.10.1975;2;7
HABILI;9;26.03.1959;2;7
OZGULEN;9;26.07.1977;2;7
FINAL;9;27.12.1973;2;7
SEVKICAN;9;9.04.1962;2;7
NEJAN;9;30.08.1982;2;7
HEME;9;20.08.1953;2;7
REVAH;9;16.03.1967;2;7
KIBRAN;9;6.05.1969;2;7
MEYSUR;9;12.09.1969;2;7
EDIHAN;9;1.05.1975;2;7
GULNER;9;26.11.1958;2;7
KUBRAY;9;27.01.1985;2;7
REHAL;9;7.03.1962;2;7
FERDEN;9;5.04.1964;2;7
NEGUN;9;27.03.1972;2;7
LEDUN;9;10.04.1977;2;7
OZDEYIS;9;21.10.1987;2;7
KOLI;9;24.02.1940;2;7
YUZCAN;9;20.06.1980;2;7
EYDI;9;9.09.1957;2;7
MINHAC;9;27.09.1962;2;7
SIZER;9;4.05.1967;2;7
SAFIR;9;4.05.1961;2;7
MELIL;9;27.09.1967;2;7
NAHSI;9;1.09.1962;2;7
INCER;9;2.06.1973;2;7
SONDUR;9;2.08.1972;2;7
GOL;9;24.06.1950;2;7
SELAYET;9;9.03.1967;2;7
CUDE;9;29.08.1953;2;7
SADIHAN;9;24.03.1976;2;7
ALVIN;9;23.01.1983;2;7
NEVIR;9;27.06.1957;2;7
MERCEN;9;28.09.1968;2;7
FURZAN;9;15.08.1964;2;7
ERGIZ;9;24.04.1973;2;7
KARENFIL;9;22.10.1949;2;7
TAMO;8;29.11.1953;1;7
SEVINAL;8;14.12.1973;1;7
SEDAHAT;8;6.07.1963;1;7
EMMI;8;14.07.1956;1;7
ANLAM;8;2.04.1984;1;7
FEYCAN;8;18.12.1963;1;7
SATTI;8;27.07.1942;1;7
ERKA;8;1.10.1972;1;7
EFI;8;13.09.1961;1;7
YASARA;8;23.01.1958;1;7
ELCAN;8;9.12.1981;1;7
MENDIL;8;14.07.1962;1;7
MENEKSAH;8;2.01.1978;1;7
TEYLAN;8;29.05.1967;1;7
VETFI;8;26.09.1960;1;7
RAMA;8;22.10.1961;1;7
FARHI;8;15.06.1941;1;7
RABAH;8;13.01.1978;1;7
YUKSAN;8;19.01.1955;1;7
GULESTAN;8;19.09.1961;1;7
NACAH;8;25.09.1970;1;7
FEYRUZAN;8;10.04.1963;1;7
MARIAN;8;17.02.1965;1;7
KESEM;8;22.12.1955;1;7
SIRVET;8;23.11.1969;1;7
KEMINE;8;17.05.1960;1;7
AMEL;8;3.02.1962;1;7
MANAR;8;8.10.1982;1;7
DEMRAN;8;15.02.1971;1;7
SAHSE;8;18.04.1967;1;7
BURCUN;8;29.09.1983;1;7
MUNEZER;8;29.08.1961;1;7
TURKEZ;8;30.10.1960;1;7
SUSAY;8;7.08.1967;1;7
SECKIL;8;9.02.1971;1;7
BUSEN;8;12.08.1970;1;7
ADEME;8;28.02.1955;1;7
NEVIZ;8;23.08.1963;1;7
AYNAR;8;27.07.1958;1;7
REZIN;8;3.04.1943;1;7
NERCU;8;10.05.1979;1;7
SERPI;8;20.05.1957;1;7
MESRET;8;24.07.1960;1;7
TAYFA;8;11.09.1969;1;7
DADIYE;8;11.04.1948;1;7
GURDEN;8;23.09.1957;1;7
MUADIL;8;10.11.1948;1;7
HASEY;8;4.12.1953;1;7
RUHINUR;8;27.04.1962;1;7
VARDA;8;24.12.1958;1;7
ENDEN;8;7.03.1973;1;7
NIGAL;8;25.11.1959;1;7
CIHANYANDI;8;23.05.1949;1;7
NUHTEN;8;16.11.1950;1;7
HACICAN;8;4.09.1948;1;7
TEVSIR;8;19.05.1968;1;7
CAVRAS;8;15.02.1955;1;7
FEREH;8;9.02.1973;1;7
DILAYET;8;1.05.1972;1;7
INKAR;8;3.04.1970;1;7
HAYRIN;8;13.07.1971;1;7
SEFEAT;8;23.12.1980;1;7
ZULEY;8;15.02.1964;1;7
ISMETHAN;8;12.07.1965;1;7
MUNEL;8;10.09.1967;1;7
TUKAS;8;26.10.1959;1;7
GULNABI;8;12.12.1954;1;7
VARYET;8;20.09.1978;1;7
SIRFAN;8;23.02.1974;1;7
SECEN;8;7.08.1974;1;7
MERAKI;8;6.07.1959;1;7
ZUBEL;8;30.03.1976;1;7
ZAGFER;8;4.07.1946;1;7
KABET;8;2.02.1972;1;7
TAYYIBAT;8;7.03.1965;1;7
SULET;8;18.08.1968;1;7
BERIT;8;16.12.1977;1;7
RUHBET;8;22.08.1965;1;7
PEVRAN;8;25.12.1966;1;7
UNCAN;8;12.12.1965;1;7
GULHAKI;8;7.05.1962;1;7
MUBEYIR;8;6.12.1960;1;7
BERNAZ;8;27.10.1982;1;7
SONDA;8;4.10.1978;1;7
MESSE;8;18.11.1954;1;7
SUHAR;8;24.02.1973;1;7
SAVAR;8;8.04.1957;1;7
AYKAAN;8;16.04.1980;1;7
BEYEN;8;24.01.1965;1;7
ERZU;8;8.05.1960;1;7
BIRGEL;8;15.01.1964;1;7
SELAN;8;1.07.1976;1;7
GUSER;8;8.10.1965;1;7
SAYAL;8;21.04.1964;1;7
HUZAME;8;30.08.1955;1;7
TOPAN;8;4.08.1948;1;7
GULUSTUN;7;5.04.1966;0;7
GALIDE;7;10.01.1970;0;7
BURHANE;7;3.12.1954;0;7
GAFIRE;7;19.05.1972;0;7
GULKUT;7;27.08.1970;0;7
MENIVE;7;29.07.1964;0;7
FIDYE;7;20.03.1960;0;7
NACER;7;8.04.1967;0;7
MUNAFER;7;12.04.1955;0;7
YETIR;7;17.11.1969;0;7
HAYRINISAN;7;1.04.1964;0;7
HALISIYE;7;20.08.1958;0;7
ESLIYE;7;25.01.1955;0;7
FAIGA;7;25.01.1955;0;7
SUSEY;7;5.03.1938;0;7
GULUSA;7;22.03.1963;0;7
SERBI;7;1.02.1968;0;7
AZMIGUL;7;11.03.1953;0;7
MUSIME;7;19.11.1970;0;7
DILERAY;7;25.03.1986;0;7
KETAVIN;7;19.02.1953;0;7
LEYLEY;7;22.12.1946;0;7
KULER;7;28.11.1945;0;7
SENADE;7;21.01.1974;0;7
AYLIYE;7;10.10.1973;0;7
ERSA;7;7.09.1981;0;7
REMIZIYE;7;11.04.1965;0;7
SUMAYYE;7;25.09.1978;0;7
MUSEYYEN;7;27.01.1961;0;7
NAICE;7;9.12.1968;0;7
NEBAL;7;3.02.1963;0;7
BIRDEMET;7;23.06.1968;0;7
FERAHDIBE;7;29.06.1971;0;7
NEDARET;7;11.10.1952;0;7
HAMDEGUL;7;25.04.1960;0;7
HUNAT;7;17.07.1976;0;7
MULHUME;7;27.10.1972;0;7
SEHNIZAR;7;23.01.1956;0;7
TOZEY;7;25.10.1951;0;7
TUMBUL;7;26.07.1968;0;7
MUZAHAR;7;30.01.1955;0;7
SUMUYE;7;24.10.1976;0;7
TESVIDE;7;4.07.1958;0;7
SERPIYE;7;16.09.1971;0;7
ELIK;7;20.10.1947;0;7
KEMUN;7;4.01.1958;0;7
SARIT;7;5.12.1973;0;7
SATE;7;2.02.1960;0;7
FIRDOZ;7;10.02.1966;0;7
BERGIZAR;7;27.07.1952;0;7
GULBINAY;7;8.07.1978;0;7
HEYVA;7;15.01.1965;0;7
MAYESE;7;16.07.1954;0;7
BEHRINAZ;7;14.10.1958;0;7
ATYA;7;25.03.1962;0;7
NESULE;7;10.06.1965;0;7
HASIAT;7;21.12.1974;0;7
ZUHRENUR;7;10.01.1976;0;7
FERSIK;7;28.08.1945;0;7
DIYALA;7;30.05.1985;0;7
YURSALIN;7;11.03.1961;0;7
FEDANUR;7;5.09.1973;0;7
HAFIDA;7;18.06.1966;0;7
HUSA;7;1.02.1964;0;7
EDLISE;7;26.11.1971;0;7
FETUMA;7;29.11.1953;0;7
SAHRIZE;7;22.04.1956;0;7
BILSE;7;24.04.1977;0;7
TOZI;7;27.04.1943;0;7
RADIFA;7;24.02.1965;0;7
SONYAZ;7;25.09.1977;0;7
KANIHE;7;2.12.1980;0;7
MUNEVVEL;7;21.05.1958;0;7
HIMAYI;7;17.08.1962;0;7
MELFO;7;17.10.1959;0;7
KEVSERI;7;5.10.1957;0;7
KESIDE;7;22.07.1972;0;7
HELISE;7;29.03.1964;0;7
HUBRU;7;22.08.1957;0;7
HECCI;7;7.12.1943;0;7
RIKKIYE;7;21.07.1963;0;7
IDDA;7;14.02.1960;0;7
KEZUBAN;7;9.04.1961;0;7
KEJJE;7;29.01.1971;0;7
MIRRA;7;25.11.1949;0;7
FARA;7;3.10.1957;0;7
MANIFE;7;15.05.1966;0;7
ROLA;7;26.08.1974;0;7
MECLISE;7;10.09.1976;0;7
MUDURE;7;2.12.1953;0;7
GOLNAZ;7;11.07.1968;0;7
MAGDURE;7;12.11.1969;0;7
FURUZEN;7;13.06.1978;0;7
VADHE;7;22.04.1950;0;7
MUSKUFER;7;17.04.1954;0;7
FELISE;7;4.05.1957;0;7
BERGIHAN;7;6.08.1960;0;7
ANNUT;7;27.02.1960;0;7
GEZALE;7;14.08.1952;0;7
FIKRO;7;21.06.1947;0;7
SULYE;7;13.09.1958;0;7
FETHA;7;25.04.1975;0;7
MECUDE;7;5.02.1957;0;7
SAHRIZAN;7;3.01.1974;0;7
BESSIME;7;1.09.1966;0;7
GULNAAM;7;24.11.1968;0;7
HILIN;7;6.11.1984;0;7
KEVOKI;7;1.10.1965;0;7
RAVYA;7;22.01.1977;0;7
SASI;7;28.06.1933;0;7
METHO;7;8.04.1949;0;7
KESRIYE;7;13.06.1952;0;7
DULSAN;7;17.02.1969;0;7
PERIHANI;7;12.04.1944;0;7
NAHLA;7;9.08.1966;0;7
TABIYET;7;4.06.1975;0;7
MAHCEMIL;7;24.03.1936;0;7
NECYE;7;1.07.1971;0;7
BUDUR;7;14.03.1980;0;7
GALIYA;7;18.04.1972;0;7
FASIHE;7;29.10.1956;0;7
ATTI;7;30.06.1947;0;7
SITA;7;18.02.1965;0;7
HUBRIZE;7;3.10.1971;0;7
RUJGAN;7;16.10.1957;0;7
TASIE;7;19.03.1962;0;7
SEFIAT;7;7.03.1970;0;7
NEZATA;7;10.05.1965;0;7
UZEYLE;7;23.05.1983;0;7
MICHAELA;7;16.03.1982;0;7
BELIYE;7;17.08.1962;0;7
MARIBEL;7;10.03.1948;0;7
LILYA;7;29.07.1979;0;7
NUSER;7;24.11.1957;0;7
NAZIKI;7;9.08.1956;0;7
IVI;7;29.12.1954;0;7
MEYYO;7;20.07.1946;0;7
MARLIS;7;27.09.1983;0;7
MIRJAM;7;27.04.1984;0;7
JEKLIN;7;24.11.1960;0;7
MAGDALENA;7;7.06.1974;0;7
NICAH;7;3.06.1969;0;7
TAYIBAT;7;14.09.1960;0;7
EMENI;7;24.01.1983;0;7
GAZVE;7;16.02.1962;0;7
NURHIDE;7;6.06.1968;0;7
MEFRICE;7;1.07.1977;0;7
SILVET;7;19.12.1959;0;7
BEZARE;7;11.05.1963;0;7
BERFIK;7;9.01.1959;0;7
FURAY;7;26.12.1978;0;7
FOZA;7;17.10.1959;0;7
BILMES;7;14.01.1971;0;7
HADE;7;2.09.1952;0;7
ROJBI;7;21.02.1980;0;7
SITTU;7;6.01.1957;0;7
SAFYET;7;3.04.1970;0;7
MENTEHA;7;6.08.1976;0;7
VIRGINIA;7;5.04.1959;0;7
NOFIYE;7;8.10.1970;0;7
FEDYA;7;6.02.1979;0;7
MAFYA;7;26.04.1972;0;7
HEZBIYE;7;9.03.1971;0;7
SAHRABANI;7;10.01.1966;0;7
ZEBERHAN;7;22.01.1955;0;7
ASETE;7;3.12.1966;0;7
SEHIDIYE;7;13.05.1974;0;7
LEMHA;7;20.04.1970;0;7
KATARINA;7;17.10.1969;0;7
EFRIYE;7;21.05.1971;0;7
LEZIME;7;2.08.1958;0;7
REHMA;7;13.03.1975;0;7
CAYZE;7;4.04.1960;0;7
MAYAT;7;2.07.1964;0;7
NADIRSA;7;19.11.1975;0;7
ZEDIHA;7;22.02.1971;0;7
PAKIZAN;7;29.01.1966;0;7
SAHYE;7;5.02.1968;0;7
ROZIN;7;25.05.1972;0;7
MUSADDET;7;11.02.1968;0;7
KADIFA;7;2.11.1957;0;7
ABUDE;7;9.02.1951;0;7
DURSUYA;7;10.01.1962;0;7
SASIDE;7;1.04.1965;0;7
IRABIS;7;30.08.1961;0;7
SAVIRE;7;28.09.1964;0;7
SAFIFE;7;10.09.1969;0;7
NURTIYE;7;7.11.1963;0;7
NUHUDE;7;21.10.1952;0;7
HUZUNE;7;12.09.1955;0;7
IKLNUR;7;9.12.1984;0;7
GULENDAL;7;24.08.1966;0;7
LADIME;7;28.02.1959;0;7
MUSAMIYE;7;3.02.1961;0;7
MUMUSE;7;16.08.1949;0;7
ARIZA;7;24.10.1953;0;7
MUZAKERE;7;5.01.1953;0;7
ISMAILE;7;2.10.1954;0;7
MEMRURE;7;4.04.1952;0;7
ZUHULE;7;7.06.1959;0;7
MUHNISE;7;18.07.1970;0;7
SAFUR;7;13.02.1976;0;7
FURMIYE;7;29.08.1962;0;7
MUTUYA;7;2.10.1963;0;7
HANIMET;7;9.08.1975;0;7
HAZIFE;7;13.08.1964;0;7
ACELYE;7;22.01.1986;0;7
AFISE;7;15.04.1963;0;7
LETIME;7;3.03.1947;0;7
FITNIYE;7;11.12.1947;0;7
ZUBEYHAN;7;11.12.1964;0;7
BIBIAYSE;7;9.04.1971;0;7
SULKER;7;10.06.1971;0;7
SAHINIYE;7;14.09.1954;0;7
GULHISTAN;7;27.08.1961;0;7
MURUSE;7;27.12.1970;0;7
HAZELI;7;5.08.1950;0;7
HUSNIYA;7;23.03.1968;0;7
LEHURE;7;27.03.1959;0;7
CEVZE;7;10.09.1963;0;7
LAHURE;7;3.01.1969;0;7
NURGIYE;7;24.06.1966;0;7
MUSRIDE;7;23.02.1978;0;7
SAINE;7;17.08.1957;0;7
GULSHAN;7;13.07.1968;0;7
BELGUZARE;7;4.11.1937;0;7
MUJDEHAR;7;22.01.1978;0;7
TURKANE;7;5.07.1964;0;7
ZUKKIYE;7;26.09.1969;0;7
SEVKILI;7;13.09.1946;0;7
UMERYA;7;1.08.1980;0;7
GULBEDER;7;15.04.1967;0;7
MURSALIYE;7;21.04.1953;0;7
ZINA;7;15.07.1960;0;7
CANDIGER;7;9.03.1968;0;7
LIMANE;7;7.08.1958;0;7
EMIYE;7;17.09.1958;0;7
ZENIME;7;21.03.1955;0;7
MUFIYE;7;6.09.1961;0;7
MADONA;7;25.05.1967;0;7
ZERNUBE;7;27.08.1947;0;7
MERZUFE;7;22.09.1955;0;7
FETTIYE;7;26.12.1964;0;7
ZURUFE;7;8.12.1956;0;7
GUNNAZLI;7;11.10.1960;0;7
MENOSE;7;8.09.1964;0;7
MERILE;7;13.10.1944;0;7
TUFA;7;12.10.1968;0;7
KETAYI;7;18.07.1968;0;7
URPER;7;8.12.1961;0;7
VETANET;7;30.2.1959;0;7
MEDUHA;7;12.02.1961;0;7
AISER;7;15.02.1945;0;7
ECEMNUR;7;7.03.1991;0;7
MEHPEYKER;7;3.03.1984;0;7
ANASTASSIA;7;12.08.1973;0;7
TUTA;7;28.05.1949;0;7
HACULI;7;15.06.1953;0;7
UMIGULSUN;7;16.01.1981;0;7
NURESEN;7;17.02.1967;0;7
RENKGUL;7;10.10.1950;0;7
DONERAY;7;21.10.1977;0;7
INCU;7;23.05.1959;0;7
SAYIMGUL;7;9.07.1965;0;7
FADINA;7;25.01.1930;0;7
FAHIYE;7;10.12.1961;0;7
HADCE;7;12.02.1960;0;7
REHMIYE;7;14.11.1957;0;7
IKPAL;7;12.08.1963;0;7
NURDIDE;7;13.07.1963;0;7
SELVETE;7;17.03.1957;0;7
KERIBE;7;27.01.1951;0;7
HULE;7;4.08.1966;0;7
ZIZEY;7;19.04.1936;0;7
SUNNUR;7;26.12.1967;0;7
FEYDE;7;27.03.1961;0;7
FABIYE;7;16.06.1964;0;7
MUFEYDE;7;10.09.1967;0;7
HANIMIYE;7;2.07.1953;0;7
BEDISAN;7;4.06.1956;0;7
HUSNUHAL;7;12.10.1958;0;7
KARKIZ;7;9.01.1952;0;7
NURDILE;7;23.11.1975;0;7
MEPRURE;7;26.09.1949;0;7
MIHRE;7;13.12.1967;0;7
GULCINAZ;7;25.11.1971;0;7
GUZAN;7;24.09.1960;0;7
HUMEYSE;7;1.02.1987;0;7
SATLIK;7;25.09.1970;0;7
IFAK;7;7.05.1961;0;7
EBRUCAN;7;5.04.1989;0;7
RUFIYET;7;7.10.1955;0;7
ILHA;7;24.10.1973;0;7
ILCEN;7;1.10.1974;0;7
NUHBE;7;28.09.1969;0;7
AYSUNE;7;11.07.1973;0;7
MEVSUDE;7;6.07.1963;0;7
SEYIMAN;7;28.09.1975;0;7
EVREHATUN;7;14.05.1962;0;7
FADIMEHATUN;7;22.05.1964;0;7
MAHISE;7;19.01.1958;0;7
SAURE;7;25.07.1959;0;7
BALKISE;7;7.01.1966;0;7
NURSEVINC;7;16.03.1978;0;7
MAHBIBE;7;26.01.1967;0;7
KAZBAN;7;7.12.1970;0;7
SAZIGUL;7;10.02.1959;0;7
MAKVALA;7;27.07.1955;0;7
GULFESAN;7;12.05.1970;0;7
NAALAN;7;25.04.1968;0;7
FILIZAY;7;25.06.1966;0;7
CERENGUL;7;9.04.1985;0;7
NADE;7;28.05.1962;0;7
SURIYAN;7;13.06.1965;0;7
NERYA;7;8.08.1982;0;7
IFADET;7;21.10.1948;0;7
REYIDE;7;11.10.1952;0;7
ERENNUR;7;16.09.1982;0;7
NURSULE;7;22.01.1981;0;7
IFTA;7;6.04.1952;0;7
ASLANKIZ;7;30.09.1974;0;7
KUCUKKIZ;7;14.10.1946;0;7
FEODORA;7;16.03.1967;0;7
BAHTIYARE;7;22.01.1950;0;7
VECHINUR;7;29.09.1960;0;7
NAGUHAN;7;15.05.1971;0;7
SEBEHET;7;24.01.1954;0;7
GUKSEL;7;4.12.1953;0;7
NECLEHA;7;18.03.1954;0;7
DISAN;7;24.05.1975;0;7
ZULIHAN;7;13.08.1966;0;7
SERAM;7;4.07.1977;0;7
YUSUFIYE;7;17.11.1965;0;7
FETHANET;7;19.10.1962;0;7
SEBEAT;7;27.11.1955;0;7
HUNNE;7;3.07.1960;0;7
CAKIRE;7;14.03.1950;0;7
SUMAYE;7;8.07.1971;0;7
ZULHEYA;7;6.06.1975;0;7
NUKTIYE;7;16.01.1965;0;7
CENNETGUL;7;12.06.1976;0;7
GULVANI;7;28.01.1968;0;7
IRMAFIYE;7;15.05.1953;0;7
SENRA;7;18.11.1977;0;7
BIBIHAN;7;9.11.1962;0;7
NASLI;7;26.12.1968;0;7
MULFET;7;13.02.1961;0;7
MUDEBBER;7;1.06.1957;0;7
NARBIYE;7;26.05.1961;0;7
MURSADIYE;7;14.05.1963;0;7
SAFIYEGUL;7;10.01.1984;0;7
CEHER;7;26.12.1959;0;7
MEVRUZE;7;6.03.1958;0;7
NARSEN;7;27.01.1969;0;7
IGDEGUL;7;17.12.1974;0;7
GUSLUM;7;16.12.1968;0;7
MALIKIYE;7;16.03.1966;0;7
KAFIYET;7;23.02.1965;0;7
URHIYE;7;7.04.1962;0;7
ZABAHI;7;18.04.1961;0;7
FIREZ;7;19.01.1966;0;7
MEFTUNA;7;12.11.1972;0;7
MUSABE;7;1.03.1957;0;7
NEKAR;7;4.07.1967;0;7
HUMAYE;7;1.12.1956;0;7
ZENBUR;7;28.10.1948;0;7
SIRRIYA;7;6.10.1954;0;7
SETIFE;7;19.05.1970;0;7
OZNEN;7;24.07.1971;0;7
VEDDUHA;7;15.09.1958;0;7
ANAHATUN;7;30.05.1944;0;7
LEYLAYI;7;9.02.1966;0;7
UMUSU;7;29.07.1946;0;7
GULEMAN;7;12.01.1967;0;7
SUVEYRA;7;17.03.1977;0;7
HOZNA;7;17.02.1957;0;7
NURUVVET;7;8.01.1975;0;7
AYA;7;9.09.1964;0;7
USKEL;7;27.12.1957;0;7
NEJLAHA;7;20.02.1953;0;7
UZEYBE;7;18.12.1957;0;7
LIHAN;7;14.01.1969;0;7
ZIYNETIN;7;22.04.1963;0;7
TUDUYA;7;25.08.1960;0;7
LERGIZ;7;22.05.1963;0;7
EFTALYA;7;12.01.1970;0;7
SINEMIZ;7;9.01.1982;0;7
SAIDET;7;12.01.1955;0;7
NEBURE;7;23.02.1955;0;7
ULSEN;7;20.01.1967;0;7
SIFRE;7;16.01.1954;0;7
HAMITE;7;2.11.1953;0;7
MASIKA;7;26.09.1976;0;7
SABINAZ;7;15.03.1964;0;7
NUTKUYE;7;18.04.1963;0;7
MAHBIB;7;8.06.1963;0;7
YASAHANIM;7;19.04.1968;0;7
ANSI;7;26.07.1979;0;7
HAYIME;7;16.03.1964;0;7
SEHURIYE;7;24.09.1966;0;7
EHRUMIYE;7;12.05.1959;0;7
SEMRIHAN;7;19.03.1972;0;7
HURUSE;7;13.07.1958;0;7
SECMEL;7;23.04.1971;0;7
EPRUL;7;8.03.1981;0;7
HURUSEL;7;11.07.1960;0;7
SEMIE;7;9.01.1957;0;7
GULAME;7;1.10.1958;0;7
MUDMINE;7;28.04.1972;0;7
GULSERIFE;7;28.03.1981;0;7
LATIBE;7;3.04.1964;0;7
UFEYRA;7;11.07.1986;0;7
ZILHICE;7;8.07.1952;0;7
MIHRIMA;7;2.01.1974;0;7
CANSEVIM;7;14.08.1961;0;7
TUGBE;7;4.06.1970;0;7
SURVET;7;10.11.1958;0;7
SEIBE;7;12.09.1971;0;7
MUVELLA;7;7.12.1956;0;7
SEMRIL;7;19.09.1967;0;7
MUTEHAR;7;16.08.1956;0;7
SAHSEMIN;7;21.05.1977;0;7
CANIGUL;7;30.07.1959;0;7
BIBIHACER;7;3.12.1971;0;7
TEFIGA;7;16.02.1968;0;7
SAHBANI;7;3.05.1962;0;7
ILIFER;7;27.01.1965;0;7
KIPRIYA;7;9.12.1960;0;7
SEHRIBE;7;23.06.1950;0;7
REIZE;7;25.07.1953;0;7
BEYKIZ;7;17.01.1952;0;7
DILAVIZ;7;9.02.1958;0;7
KUKU;7;13.12.1944;0;7
REYME;7;14.10.1955;0;7
LEYDI;7;4.03.1975;0;7
SELTEN;7;10.04.1963;0;7
GUNACTI;7;6.06.1951;0;7
ZEHIRE;7;8.12.1968;0;7
BEYIZA;7;23.01.1971;0;7
GULSUSE;7;25.08.1948;0;7
REGAIBE;7;12.03.1963;0;7
UMSEL;7;17.05.1974;0;7
MIRIHAN;7;15.06.1963;0;7
CADIDE;7;11.08.1957;0;7
SIYAME;7;27.01.1965;0;7
NANIFE;7;29.2.1963;0;7
NUHET;7;15.08.1967;0;7
ZELCAN;7;15.06.1968;0;7
SEMSIMA;7;26.11.1957;0;7
KONCUY;7;8.09.1969;0;7
GANITE;7;9.01.1965;0;7
SEVAHIL;7;7.12.1944;0;7
SEVILYA;7;26.02.1969;0;7
ILAHA;7;7.04.1976;0;7
FATILE;7;11.02.1965;0;7
ASIYAT;7;6.01.1968;0;7
DUSRA;7;13.03.1979;0;7
AYFERE;7;22.07.1949;0;7
ZILER;7;17.07.1969;0;7
BENLIGUL;7;24.12.1946;0;7
CEYDAN;7;28.02.1979;0;7
SONGULAY;7;14.01.1980;0;7
FAHIKA;7;25.03.1954;0;7
BENAZ;7;11.05.1988;0;7
ELFIRAZ;7;12.03.1959;0;7
TAHUDE;7;21.03.1960;0;7
BIRTEM;7;11.01.1978;0;7
NURHEN;7;23.11.1960;0;7
SULBIYAN;7;25.08.1955;0;7
GIYIK;7;27.03.1935;0;7
FETIHYE;7;9.10.1972;0;7
HECERE;7;3.10.1954;0;7
MAMILE;7;16.03.1950;0;7
FAZIRE;7;9.01.1957;0;7
HASIKAR;7;30.12.1951;0;7
PURRES;7;20.05.1952;0;7
HEZARE;7;30.01.1962;0;7
GULSITI;7;27.04.1970;0;7
HEZNO;7;15.06.1955;0;7
AKUDE;7;26.05.1975;0;7
HEZIMA;7;27.11.1962;0;7
ANGUL;7;6.08.1968;0;7
NURYET;7;12.02.1974;0;7
BEFRIN;7;21.12.1987;0;7
NAZAHET;7;29.09.1955;0;7
KANDI;7;13.09.1958;0;7
SIMGUL;7;24.12.1965;0;7
NIVSI;7;3.08.1971;0;7
MAKKUL;7;23.09.1974;0;7
LAILE;7;15.03.1957;0;7
HALICE;7;26.02.1964;0;7
ARAPZENGI;7;14.12.1964;0;7
FECIRYE;7;11.08.1973;0;7
LEBIHE;7;3.05.1965;0;7
NURULHAYAT;7;12.09.1960;0;7
AYIFE;7;8.03.1957;0;7
HINAF;7;28.02.1949;0;7
EBIHA;7;7.04.1967;0;7
MIHRIHAN;7;4.08.1972;0;7
NURSEVAL;7;11.01.1975;0;7
DUBA;7;19.10.1972;0;7
EYLENCE;7;24.04.1957;0;7
DAIRE;7;3.04.1958;0;7
TASBIBI;7;8.04.1967;0;7
ULFIYET;7;22.05.1964;0;7
LALIHA;7;11.10.1969;0;7
MEHANI;7;7.11.1964;0;7
BISEN;7;11.01.1965;0;7
AYDAGUN;7;18.10.1977;0;7
RIHEVZA;7;9.03.1954;0;7
GOKERCIN;7;17.12.1964;0;7
BENAZI;7;6.07.1991;0;7
HAZIMA;7;3.11.1971;0;7
HASHAS;7;26.05.1957;0;7
MELEKSIMAN;7;18.01.1977;0;7
KIBARYE;7;25.03.1978;0;7
MISGAL;7;11.01.1954;0;7
FATIKA;7;12.07.1965;0;7
MECRUME;7;21.03.1976;0;7
RAYGUL;7;22.10.1964;0;7
MEMIDE;7;13.03.1961;0;7
MIRSIDE;7;23.01.1965;0;7
ACIDE;7;15.07.1962;0;7
EMMIHAN;7;23.08.1966;0;7
TAHMILE;7;12.02.1953;0;7
HESIBA;7;23.02.1970;0;7
LEYDA;7;12.07.1972;0;7
LEVIZA;7;17.09.1966;0;7
MERISA;7;22.11.1958;0;7
RUHUZER;7;22.08.1957;0;7
CUMHURYET;7;11.12.1978;0;7
TANIYA;7;18.05.1965;0;7
HURISINA;7;21.11.1961;0;7
ENDISE;7;7.07.1977;0;7
RUHYETE;7;23.09.1966;0;7
RESMIYA;7;5.05.1968;0;7
SEKNAN;7;11.12.1956;0;7
RESMIHAN;7;13.12.1964;0;7
GUNLAZ;7;12.06.1952;0;7
BELKINAZ;7;6.10.1957;0;7
IZLIFE;7;27.05.1978;0;7
FIRDEFS;7;9.08.1962;0;7
SUTTIYE;7;16.10.1962;0;7
MUSEBBI;7;28.12.1954;0;7
UZEYMEN;7;11.02.1952;0;7
SECLA;7;30.11.1957;0;7
NIFET;7;14.05.1957;0;7
SUHRE;7;28.10.1964;0;7
GULURUH;7;7.01.1959;0;7
ILDIZ;7;1.11.1959;0;7
ALMIYE;7;20.06.1952;0;7
LUTUFE;7;15.03.1959;0;7
ALIMES;7;5.09.1964;0;7
NEFAAT;7;16.09.1970;0;7
YETERI;7;17.01.1956;0;7
GUNNAY;7;23.08.1968;0;7
HAYDARIYE;7;26.05.1962;0;7
SEMAIYE;7;10.10.1957;0;7
ZUHIYE;7;12.05.1951;0;7
MUHABE;7;1.09.1960;0;7
MEVLIKE;7;5.09.1958;0;7
YUKSELIYE;7;22.07.1962;0;7
FIRADIYE;7;14.10.1944;0;7
TENZER;7;9.04.1966;0;7
SELMAHA;7;4.08.1964;0;7
HAYIRNISA;7;23.02.1963;0;7
SELMAYI;7;22.07.1966;0;7
GULDERIN;7;11.09.1953;0;7
GUNSEVER;7;30.09.1955;0;7
SEDYE;7;30.09.1970;0;7
CILEMGUL;7;20.12.1976;0;7
SINTEM;7;25.07.1962;0;7
NADIFER;7;21.01.1963;0;7
GOLISTAN;7;30.06.1968;0;7
MURYEM;7;5.05.1965;0;7
SELVIDE;7;9.09.1953;0;7
BEHLIYE;7;1.11.1935;0;7
SEFORIYE;7;17.08.1957;0;7
TAIRE;7;6.07.1956;0;7
SERVETKA;7;5.02.1950;0;7
ARSES;7;17.10.1972;0;7
IRMAHAN;7;30.08.1964;0;7
MUSAFIYE;7;5.10.1952;0;7
BADIRE;7;29.06.1953;0;7
TUHCE;7;3.11.1987;0;7
YADIK;7;21.04.1958;0;7
UDIYE;7;26.01.1950;0;7
SEVDISEN;7;17.03.1973;0;7
MURIDIYE;7;27.06.1964;0;7
RACIFE;7;15.10.1964;0;7
TOMBUS;7;6.09.1947;0;7
AYRET;7;20.04.1954;0;7
HASIMIYE;7;3.10.1951;0;7
HAYRA;7;23.06.1957;0;7
ATNIYE;7;29.01.1960;0;7
NEZATIYE;7;29.07.1957;0;7
MUVIDE;7;15.12.1968;0;7
SAFADE;7;11.09.1941;0;7
UZIYE;7;27.04.1955;0;7
SELIKE;7;13.03.1966;0;7
GULUZE;7;30.01.1960;0;7
NANAR;7;11.11.1970;0;7
PEHIMAN;7;24.07.1958;0;7
NURALIYE;7;20.12.1967;0;7
NUCAN;7;2.09.1978;0;7
MESTURA;7;19.09.1971;0;7
VEZIYE;7;10.12.1960;0;7
AYSELEN;7;14.12.1966;0;7
GULAZAM;7;26.11.1958;0;7
TEMASE;7;19.05.1958;0;7
MECCURE;7;27.02.1964;0;7
MERAKIYE;7;3.04.1968;0;7
SERETE;7;9.11.1959;0;7
ABIDA;7;4.08.1959;0;7
ZEHREGUL;7;9.12.1958;0;7
KIZBEST;7;26.01.1951;0;7
IMZIYE;7;18.04.1949;0;7
IRBABA;7;30.10.1953;0;7
SAHBEL;7;26.10.1962;0;7
KIZBEZ;7;21.7.1673;0;7
AYNAS;7;17.05.1974;0;7
SUHRA;7;22.08.1976;0;7
NECAVAT;7;2.08.1962;0;7
MEHPERI;7;11.11.1976;0;7
ZIRIYE;7;27.06.1956;0;7
EKRICE;7;10.08.1975;0;7
HAREMSIYA;7;16.01.1975;0;7
AYIME;7;25.09.1967;0;7
IKSEL;7;3.04.1974;0;7
MEVKIRE;7;15.05.1960;0;7
CEBIBE;7;12.05.1960;0;7
FIZEN;7;1.04.1976;0;7
SUFLA;7;1.08.1965;0;7
SEKIRNAS;7;22.04.1967;0;7
HAMIDYE;7;13.08.1975;0;7
SERIZADE;7;14.12.1969;0;7
YELDEM;7;19.04.1981;0;7
HABRI;7;10.04.1938;0;7
FENERIYE;7;1.11.1963;0;7
RIBAPSAH;7;6.08.1960;0;7
EYVA;7;23.03.1963;0;7
SEHNEBAT;7;2.01.1957;0;7
MIDYE;7;21.08.1974;0;7
SUZEYEN;7;19.12.1969;0;7
NESRIYA;7;30.08.1971;0;7
ZERDISAN;7;30.03.1954;0;7
GUZEYDA;7;30.04.1966;0;7
SEVKINAR;7;9.10.1961;0;7
GULSUFE;7;23.05.1955;0;7
TULCAY;7;20.12.1969;0;7
BAHRIYA;7;11.10.1973;0;7
GULSUZAN;7;16.07.1951;0;7
ARSUMAN;7;20.05.1963;0;7
RAFIGUL;7;1.04.1974;0;7
ARISE;7;22.05.1950;0;7
RACIDE;7;7.02.1966;0;7
RIYA;7;4.01.1945;0;7
BESIHAN;7;20.10.1967;0;7
TEYMINE;7;18.11.1968;0;7
TAYIDE;7;5.04.1969;0;7
MARYANA;7;2.04.1975;0;7
GULEYDA;7;22.03.1976;0;7
NURSUNA;7;30.08.1964;0;7
UMMUSELIM;7;6.09.1947;0;7
GULNADIR;7;7.01.1950;0;7
GULAYSER;7;18.01.1962;0;7
ZULHUMAR;7;28.04.1963;0;7
FECRO;7;29.05.1948;0;7
YURDAGULEN;7;2.03.1956;0;7
VIGAN;7;29.11.1968;0;7
LATIFER;7;9.02.1963;0;7
KIFAYAT;7;11.03.1965;0;7
MUKUME;7;5.01.1959;0;7
SAYENDER;7;28.05.1960;0;7
NURSIRIN;7;21.10.1980;0;7
SUALE;7;15.02.1966;0;7
MUFERRET;7;11.08.1952;0;7
ZIHNIYET;7;22.03.1968;0;7
NEJMA;7;5.07.1969;0;7
GULSENEL;7;12.01.1956;0;7
LEKAR;7;7.11.1959;0;7
YEKGUL;7;22.08.1969;0;7
EZZE;7;8.07.1973;0;7
AYNISE;7;23.10.1961;0;7
OYSANDIK;7;10.06.1958;0;7
SAHNE;7;23.09.1963;0;7
GULBESTI;7;27.06.1949;0;7
CEVREGUL;7;1.02.1976;0;7
NENES;7;11.12.1955;0;7
NANIS;7;21.08.1957;0;7
PEMLA;7;24.02.1984;0;7
NENIS;7;6.10.1948;0;7
ZILFIHAN;7;9.04.1943;0;7
ZILFET;7;21.10.1961;0;7
ESRAY;7;7.09.1983;0;7
SAMURA;7;10.12.1962;0;7
GULFARIZ;7;30.05.1956;0;7
ILMUNUR;7;27.01.1970;0;7
SEBURE;7;21.10.1954;0;7
KIZGUL;7;27.10.1961;0;7
MANZARA;7;9.05.1940;0;7
YANGUL;7;22.05.1979;0;7
NUNIFE;7;8.05.1956;0;7
SUKRIYEN;7;2.01.1963;0;7
GUGU;7;11.07.1946;0;7
BILYA;7;11.04.1971;0;7
MAISEKER;7;9.11.1956;0;7
GULBAKIS;7;12.10.1969;0;7
FETEHAN;7;8.03.1954;0;7
SEDYA;7;3.02.1978;0;7
REISE;7;29.06.1948;0;7
PEVRUZ;7;26.09.1957;0;7
MENDIFA;7;7.11.1955;0;7
NURUSEN;7;14.07.1962;0;7
ZAHMURE;7;29.01.1966;0;7
MAMUDIYE;7;18.07.1952;0;7
HAFIKE;7;7.10.1956;0;7
MAHBEKER;7;28.07.1957;0;7
NAZLINUR;7;19.09.1987;0;7
SEVDJAN;7;22.11.1975;0;7
UMSELIME;7;6.02.1953;0;7
GULVEDIYE;7;4.06.1960;0;7
BENEM;7;1.04.1969;0;7
UMGUSUM;7;5.08.1953;0;7
BELKA;7;21.05.1957;0;7
HAYRUSA;7;15.11.1943;0;7
HUNZILE;7;7.11.1949;0;7
NURIYEZDAN;7;10.04.1940;0;7
ZEREGUL;7;12.03.1955;0;7
GULERAN;7;18.06.1954;0;7
ANKE;7;13.06.1947;0;7
HOSMINAZ;7;29.09.1955;0;7
MAZLIME;7;19.08.1945;0;7
NERVIYE;7;21.04.1966;0;7
GOKTENUR;7;13.05.1981;0;7
CLARA;7;30.06.1979;0;7
EDAG;7;30.11.1976;0;7
NADRIE;7;1.04.1965;0;7
ASENIYE;7;3.05.1967;0;7
UNSULE;7;16.09.1968;0;7
GULEPER;7;10.09.1962;0;7
NABIHA;7;10.06.1969;0;7
SEVGUNAR;7;12.04.1973;0;7
REVAYE;7;28.11.1944;0;7
GARANFIL;7;28.12.1963;0;7
MUKADDESI;7;7.10.1957;0;7
MERVER;7;15.04.1971;0;7
SAHANDAR;7;28.04.1958;0;7
SATIHE;7;9.12.1975;0;7
RUHKIYE;7;29.01.1967;0;7
SOFRE;7;25.10.1956;0;7
FURDEVIS;7;5.03.1964;0;7
FILVE;7;6.09.1947;0;7
NASIRIN;7;29.10.1960;0;7
TERVIN;7;24.11.1964;0;7
SUKRUYA;7;22.01.1965;0;7
MINVA;7;15.08.1958;0;7
BEDUHA;7;10.04.1967;0;7
MUVEYDE;7;24.11.1962;0;7
MAH;7;13.06.1940;0;7
DILEDI;7;24.04.1976;0;7
FIDELYA;7;2.08.1985;0;7
SABILA;7;3.12.1982;0;7
ESMAR;7;15.06.1967;0;7
MUTAHARA;7;30.11.1960;0;7
FILER;7;6.02.1964;0;7
SAFIRAN;7;24.04.1964;0;7
ILSE;7;19.05.1946;0;7
KIBIRYE;7;6.09.1978;0;7
RASE;7;6.01.1971;0;7
DILDEN;7;4.10.1974;0;7
MUFRIYE;7;1.06.1958;0;7
NEVIS;7;21.03.1968;0;7
ESIRA;7;29.03.1973;0;7
MUSTAGIME;7;2.10.1956;0;7
GULSEYHAN;7;26.05.1969;0;7
NEFRIYE;7;13.01.1962;0;7
METAP;7;16.10.1979;0;7
MIMIS;7;22.12.1961;0;7
BAYRE;7;16.06.1971;0;7
ESKO;7;18.06.1954;0;7
HUMUS;7;19.09.1951;0;7
URUKYA;7;20.03.1958;0;7
ELSUN;7;20.04.1980;0;7
DONEL;7;3.09.1969;0;7
CECEK;7;11.03.1982;0;7
FATMACAN;7;24.01.1976;0;7
SIMTEL;7;28.06.1962;0;7
RAYIFA;7;17.11.1964;0;7
BAHTISAR;7;1.03.1960;0;7
BEKIS;7;21.02.1969;0;7
AFAF;7;7.11.1965;0;7
SUMMEYYA;7;10.03.1983;0;7
REYHANET;7;22.05.1962;0;7
HALAN;7;7.07.1970;0;7
GULBUHAR;7;7.01.1981;0;7
HIYYAM;7;3.01.1969;0;7
SAVKA;7;12.03.1954;0;7
GAZEGUL;7;17.08.1967;0;7
TEKLIFA;7;14.08.1970;0;7
KSENIA;7;11.04.1974;0;7
MUGAL;7;12.08.1950;0;7
MUKEDES;7;2.02.1970;0;7
SEKIBA;7;28.07.1964;0;7
IMMAHANI;7;5.10.1968;0;7
DERIYE;7;1.07.1971;0;7
SAFUNUR;7;1.01.1963;0;7
CEVEHIR;7;22.05.1964;0;7
DINAMIS;7;18.08.1959;0;7
SERDANUR;7;19.12.1978;0;7
MEYRIBAN;7;2.09.1968;0;7
NEVRISTAN;7;5.01.1957;0;7
BAHU;7;27.09.1971;0;7
NEHYE;7;12.02.1960;0;7
NAZAFET;7;24.11.1962;0;7
GARIPNAZ;7;29.12.1974;0;7
GULLEY;7;3.10.1942;0;7
RUYE;7;21.06.1953;0;7
MEZUKA;7;11.08.1967;0;7
MENEVS;7;19.02.1957;0;7
CANSE;7;5.01.1978;0;7
MEHLIKAR;7;5.06.1961;0;7
EVAL;7;22.09.1979;0;7
SAZADE;7;3.11.1960;0;7
AFTE;7;13.11.1959;0;7
HATTUN;7;4.08.1972;0;7
ALFIA;7;2.08.1971;0;7
HACRE;7;8.01.1974;0;7
LEVZI;7;14.09.1960;0;7
TUMI;7;14.10.1947;0;7
VERENA;7;2.08.1968;0;7
TUGDAN;7;20.03.1971;0;7
SVETA;7;25.06.1970;0;7
GOLTAN;7;21.12.1964;0;7
AYSENGUL;7;7.01.1971;0;7
NUREYDE;7;27.07.1973;0;7
SAHMINE;7;29.01.1962;0;7
MUSTEYDE;7;19.01.1966;0;7
GAFRE;7;2.02.1950;0;7
ZAMINE;7;30.04.1959;0;7
MENNUNE;7;24.08.1958;0;7
EMINEKADIN;7;27.03.1954;0;7
EVGUENIA;7;10.11.1975;0;7
SABURA;7;5.07.1955;0;7
MESIBE;7;21.06.1972;0;7
CULIYE;7;13.04.1958;0;7
HURNUR;7;1.12.1972;0;7
GULNACIYE;7;30.2.1958;0;7
KAMALE;7;11.03.1966;0;7
VEZINE;7;7.05.1963;0;7
SEKURA;7;15.06.1957;0;7
SAFARIYE;7;15.05.1959;0;7
NECUT;7;18.02.1960;0;7
GULPAY;7;9.12.1968;0;7
BELHIZAR;7;28.02.1959;0;7
IRMGARD;7;4.12.1944;0;7
EKDANE;7;9.10.1956;0;7
VEHRIYE;7;1.12.1953;0;7
FERZANI;7;19.06.1965;0;7
SANEN;7;4.11.1966;0;7
ENVERE;7;8.03.1958;0;7
SUBUDE;7;14.05.1959;0;7
VERGIYE;7;10.08.1968;0;7
HATCANA;7;25.08.1952;0;7
EVSANE;7;11.06.1975;0;7
ELFRIEDE;7;25.06.1942;0;7
YELTEM;7;19.01.1983;0;7
KADICA;7;29.11.1951;0;7
JANAR;7;11.02.1975;0;7
GULVEN;7;22.12.1975;0;7
RUHIYA;7;7.05.1977;0;7
HATOS;7;13.09.1952;0;7
SEMANTA;7;22.02.1977;0;7
ZEMRE;7;19.01.1965;0;7
MEPRULE;7;7.02.1960;0;7
GULSAZIYE;7;15.11.1960;0;7
FIDNAT;7;2.11.1957;0;7
SIMONE;7;6.05.1954;0;7
IVANA;7;20.02.1969;0;7
TELMA;7;2.05.1972;0;7
HUMASAH;7;22.11.1955;0;7
ZILYA;7;21.11.1970;0;7
RAYIKE;7;27.06.1952;0;7
DONES;7;23.12.1958;0;7
BIRSALE;7;11.09.1969;0;7
INCENUR;7;27.09.1968;0;7
HAVINA;7;16.08.1966;0;7
BILSAH;7;24.09.1980;0;7
MAHTUMA;7;15.12.1964;0;7
ZEKIYNE;7;17.02.1968;0;7
EZEN;7;6.10.1964;0;7
SEVILER;7;24.11.1973;0;7
FIDNET;7;23.04.1960;0;7
GUPRA;7;30.09.1964;0;7
ILBAHAR;7;28.01.1965;0;7
ISENBIKE;7;21.04.1975;0;7
NELEA;7;2.03.1972;0;7
KENIYE;7;18.08.1967;0;7
GOZLE;7;8.04.1983;0;7
FATMATU;7;14.07.1979;0;7
FAZIYLET;7;11.05.1967;0;7
DUREFSAN;7;27.12.1952;0;7
ELIZAVETA;7;30.08.1972;0;7
BIRNAR;7;17.09.1969;0;7
NURBANUR;7;19.03.1982;0;7
HABIKA;7;24.05.1957;0;7
RATIYE;7;17.07.1952;0;7
ROSWITHA;7;17.11.1948;0;7
RAVZATA;7;3.11.1976;0;7
NURSIBEL;7;9.01.1981;0;7
HACCELI;7;29.11.1956;0;7
SUHIYLA;7;15.02.1963;0;7
MAHURE;7;13.12.1951;0;7
ZEYYIDE;7;26.05.1954;0;7
PATI;7;24.09.1952;0;7
SEFATUN;7;25.10.1977;0;7
MINASIYE;7;10.01.1960;0;7
BIRISAN;7;4.02.1957;0;7
NAYLIYE;7;2.08.1966;0;7
MUSEYNA;7;2.03.1980;0;7
ABBE;7;7.08.1961;0;7
BERZA;7;21.10.1978;0;7
MUHAMMERE;7;20.05.1957;0;7
AVDIYE;7;28.07.1954;0;7
SEHRIBA;7;5.03.1952;0;7
RAHBIYE;7;20.04.1963;0;7
MUHTESER;7;21.06.1968;0;7
NEFLI;7;18.03.1958;0;7
BILDA;7;21.08.1974;0;7
SEKHE;7;18.08.1963;0;7
HILENI;7;26.10.1946;0;7
GULSUSAM;7;7.02.1966;0;7
ADEM;147001;14.12.1973;146995;6
BURHAN;49669;27.06.1971;49663;6
TURGUT;34966;29.09.1969;34960;6
KASIM;28774;2.10.1965;28768;6
RIFAT;26489;20.12.1963;26483;6
BUNYAMIN;20161;13.07.1974;20155;6
FAZLI;12197;15.05.1962;12191;6
MUHLIS;6882;11.12.1963;6876;6
KURSAT;6002;3.06.1980;5996;6
FAYSAL;4976;14.07.1975;4970;6
ZEYNAL;4758;26.04.1967;4752;6
ORCUN;3610;8.10.1984;3604;6
HASIP;3123;23.10.1966;3117;6
HABIL;2880;1.08.1966;2874;6
MAZHAR;2823;25.09.1965;2817;6
OZTURK;2743;12.07.1971;2737;6
VAROL;2353;19.01.1971;2347;6
TUNC;2116;23.12.1976;2110;6
DUZGUN;1701;11.08.1971;1695;6
BISAR;1668;8.11.1966;1662;6
MURTEZA;1568;9.05.1960;1562;6
AKAN;1324;16.02.1978;1318;6
LEZGIN;1095;1.04.1975;1089;6
NADIM;1046;2.01.1961;1040;6
GOKTUG;830;22.03.1985;824;6
HULKI;785;19.07.1959;779;6
YAVER;773;26.07.1965;767;6
CAMAL;661;28.09.1956;655;6
SETTAR;480;1.02.1966;474;6
HARIS;388;20.05.1966;382;6
ATILAY;383;25.05.1968;377;6
SERHAD;380;12.04.1979;374;6
MUTI;366;6.10.1961;360;6
SUVAT;356;15.05.1971;350;6
ZULKAR;306;15.11.1957;300;6
SELAHI;304;29.07.1964;298;6
MEKKI;217;12.06.1970;211;6
KIRMAN;200;24.04.1957;194;6
ERKUL;197;1.11.1972;191;6
TUNCAR;170;7.05.1965;164;6
REHIM;169;27.04.1959;163;6
MUAMER;169;6.03.1971;163;6
ARI;167;8.01.1979;161;6
BALKAN;164;1.02.1979;158;6
YAMEN;163;28.12.1960;157;6
BUDAK;155;7.06.1968;149;6
SEZAYIR;146;22.10.1971;140;6
SAHVERDI;136;18.05.1962;130;6
MEYDAN;115;8.03.1959;109;6
MINTAZ;115;14.12.1969;109;6
RADI;113;9.07.1964;107;6
HAMDO;112;27.06.1955;106;6
NEBAHATTIN;110;30.12.1962;104;6
ZINNURI;104;19.02.1963;98;6
ILKKAN;103;5.12.1984;97;6
ALPAN;102;18.03.1972;96;6
SAIR;99;3.08.1965;93;6
PASO;92;28.12.1949;86;6
GUNTAC;91;22.11.1979;85;6
DINCAY;88;18.09.1975;82;6
OZKUL;87;1.08.1969;81;6
SATUK;86;19.09.1974;80;6
ISTEMI;82;24.03.1974;76;6
CERKES;77;4.08.1948;71;6
PAKI;76;15.11.1962;70;6
GUR;75;21.02.1966;69;6
SIAR;73;11.06.1982;67;6
BEDIRI;70;20.06.1964;64;6
SEVDAR;60;29.10.1966;54;6
ENER;60;28.01.1971;54;6
AREFET;56;27.03.1966;50;6
ALINAZ;54;12.09.1954;48;6
SAHZET;54;5.06.1964;48;6
PEKIN;53;25.02.1961;47;6
SAHADE;52;14.11.1955;46;6
NEDAT;51;11.01.1969;45;6
SELAMIN;49;22.04.1968;43;6
SEHSUVAR;48;24.08.1961;42;6
GUVENGEZ;48;28.01.1962;42;6
RISVAN;44;18.05.1967;38;6
YURDEL;44;26.01.1968;38;6
SEHO;43;29.03.1951;37;6
BERKEM;42;8.01.1987;36;6
CIDAN;41;8.04.1963;35;6
OZSAN;41;27.03.1966;35;6
SUFAT;41;2.06.1965;35;6
OZYURT;40;7.07.1966;34;6
ARAN;39;3.04.1979;33;6
ZULBAHAR;37;20.07.1951;31;6
MUDESSIR;35;25.08.1960;29;6
ISE;34;24.10.1953;28;6
MERDI;33;8.01.1962;27;6
RENAS;31;13.01.1983;25;6
BEDO;31;8.02.1948;25;6
ARDAN;31;17.11.1971;25;6
ASGIN;30;15.11.1970;24;6
SIYASI;29;20.04.1960;23;6
CIYA;29;7.02.1985;23;6
SEMSET;29;18.07.1955;23;6
GUCER;29;7.11.1967;23;6
HULKU;29;23.05.1959;23;6
NIMAN;28;22.06.1966;22;6
KALE;28;23.07.1960;22;6
GAZIHAN;27;27.11.1973;21;6
BEMAL;27;19.10.1968;21;6
HUBIYAR;26;23.08.1964;20;6
CEFAKER;26;21.11.1973;20;6
AYHUN;26;9.02.1971;20;6
GORKEN;25;2.09.1979;19;6
GULYAMIN;25;30.10.1969;19;6
SURAL;25;8.07.1967;19;6
TERCUMAN;24;6.07.1971;18;6
PERUZHAN;23;19.08.1964;17;6
YAHUZE;23;14.02.1958;17;6
DEMO;22;11.05.1968;16;6
TERZAN;22;18.08.1972;16;6
RUHU;22;3.06.1957;16;6
ELBIR;21;7.02.1969;15;6
RIFAN;21;28.04.1963;15;6
GUNOL;20;19.07.1966;14;6
HERAN;20;24.12.1965;14;6
OZCAY;20;25.02.1973;14;6
HABI;20;11.10.1964;14;6
ILBAN;20;7.03.1974;14;6
YAHSI;20;2.08.1954;14;6
ILMEN;19;21.01.1970;13;6
TUNEL;19;11.04.1969;13;6
SEVGULEN;19;16.12.1974;13;6
FERRU;19;7.02.1962;13;6
TURCAY;18;2.10.1975;12;6
SUADI;18;28.06.1968;12;6
TANVER;18;13.10.1962;12;6
FERDAY;18;24.04.1975;12;6
MUTSEL;17;1.10.1970;11;6
HABAT;17;26.07.1984;11;6
ORCAY;17;11.02.1972;11;6
YURDAHAN;17;8.09.1971;11;6
NASRET;16;29.04.1958;10;6
REMI;16;30.03.1965;10;6
REYSI;16;13.01.1970;10;6
TEZGIN;15;12.03.1968;9;6
BEHESTI;15;4.06.1989;9;6
MEDIYEN;15;26.07.1969;9;6
EMRUHAN;15;16.06.1980;9;6
IDARE;14;9.08.1954;8;6
TABER;14;28.11.1963;8;6
ERISAN;14;7.11.1966;8;6
MEZIN;14;28.03.1967;8;6
CEHRI;14;1.05.1958;8;6
AK;14;29.07.1955;8;6
ERIC;14;28.11.1973;8;6
GOLKEM;14;23.04.1986;8;6
GUNDOGAR;14;11.08.1962;8;6
ECEL;14;2.11.1971;8;6
BURUC;13;21.05.1984;7;6
TUREV;13;22.04.1981;7;6
AYDOGMUS;13;23.02.1955;7;6
MAHSUL;13;22.05.1965;7;6
NEZZET;13;3.04.1957;7;6
AZAR;13;3.07.1965;7;6
ESMET;13;8.10.1956;7;6
TINAY;13;23.07.1977;7;6
AYGIN;13;27.09.1976;7;6
BETER;13;2.04.1964;7;6
MISA;13;11.09.1967;7;6
RUHICAN;13;26.09.1970;7;6
IRAY;13;19.06.1978;7;6
SELEF;13;28.04.1965;7;6
GURUN;12;24.07.1969;6;6
FERSIN;12;13.08.1975;6;6
ACI;12;1.07.1948;6;6
OZKER;12;4.04.1953;6;6
GULENER;12;9.01.1961;6;6
SENGIN;12;28.01.1959;6;6
AYKAR;12;8.02.1960;6;6
DERDIYOK;12;10.11.1953;6;6
DUSUN;12;4.04.1980;6;6
HUBEYDA;12;10.04.1981;6;6
MUTAHER;12;6.01.1965;6;6
GUNUGUR;12;1.12.1957;6;6
APAK;12;18.02.1962;6;6
SIMER;12;7.11.1977;6;6
SEMBOL;12;28.09.1968;6;6
CEMAZEL;12;26.04.1959;6;6
HAMIDAN;12;9.03.1963;6;6
TUNAYDIN;11;14.10.1955;5;6
SIDO;11;15.11.1948;5;6
ILYAN;11;10.01.1964;5;6
LUTFAN;11;21.03.1964;5;6
DOLAY;11;3.05.1979;5;6
NURDET;11;10.02.1959;5;6
TANSI;11;28.10.1956;5;6
SAHBET;11;26.08.1966;5;6
GOGSEN;11;8.11.1961;5;6
SEHMAN;11;4.08.1961;5;6
MURRE;11;21.12.1960;5;6
BUHRA;11;26.02.1987;5;6
BATUN;11;17.01.1966;5;6
PAYDAR;11;30.07.1973;5;6
SAHCIHAN;11;16.10.1975;5;6
GUCEL;11;12.10.1966;5;6
RECAN;11;19.11.1970;5;6
HIDEYET;11;27.08.1973;5;6
BINZET;11;2.01.1959;5;6
LUTUF;11;9.07.1974;5;6
REYMAN;11;25.11.1959;5;6
BORTECINE;10;11.02.1982;4;6
SULFU;10;28.05.1952;4;6
NECAAT;10;16.04.1958;4;6
NURUN;10;10.08.1976;4;6
AYTA;10;12.11.1968;4;6
BEDIK;10;6.11.1964;4;6
NUYAN;10;25.10.1945;4;6
NUHRAN;10;26.12.1965;4;6
DILAFER;10;30.09.1967;4;6
HIVSI;10;3.10.1969;4;6
SEMAYIR;10;3.04.1964;4;6
ZURI;10;5.11.1957;4;6
AYKAC;10;4.03.1965;4;6
ERFIDAN;10;5.08.1962;4;6
ERDE;10;23.08.1976;4;6
MAMIR;10;10.10.1961;4;6
CANHAN;10;14.06.1977;4;6
MUDET;10;17.02.1963;4;6
CEVDEN;10;24.12.1959;4;6
YUSEL;10;4.01.1958;4;6
BIREY;10;5.08.1965;4;6
MUFERREH;9;17.08.1970;3;6
AJDAR;9;7.01.1982;3;6
IKTIDAR;9;22.11.1974;3;6
HEJAN;9;11.10.1985;3;6
EYSEM;9;1.04.1982;3;6
URYA;9;21.03.1963;3;6
SAYGAN;9;9.05.1956;3;6
LEVAN;9;18.06.1962;3;6
SADER;9;19.09.1962;3;6
FEVZINUR;9;4.03.1964;3;6
SEVENCAN;9;12.02.1968;3;6
SASA;9;13.01.1942;3;6
UZAR;9;9.02.1967;3;6
MEHSUR;9;20.07.1964;3;6
TAHLI;9;26.03.1963;3;6
INCIL;9;22.12.1971;3;6
CINO;9;5.09.1944;3;6
SEMUS;9;17.04.1966;3;6
FEDAL;9;2.12.1965;3;6
SUHI;9;12.04.1952;3;6
MUHRE;9;19.09.1953;3;6
SENSOZ;9;9.05.1950;3;6
SENHAN;9;20.10.1971;3;6
TILI;9;16.07.1964;3;6
ADIF;9;21.06.1957;3;6
FENAR;9;14.01.1953;3;6
ZER;9;25.04.1959;3;6
MUNER;9;26.04.1974;3;6
AYDER;9;21.11.1968;3;6
SENEZ;9;7.08.1977;3;6
TANSEN;9;14.01.1967;3;6
RENGIM;9;8.03.1978;3;6
SECEL;9;21.11.1966;3;6
HUDEY;8;9.06.1974;2;6
KUNDUZ;8;19.06.1955;2;6
DILEKHAN;8;6.09.1977;2;6
RAHAT;8;28.05.1957;2;6
BASARA;8;17.03.1954;2;6
FIDAY;8;23.09.1976;2;6
SULTO;8;20.07.1946;2;6
NUROJ;8;26.12.1982;2;6
AZIZI;8;8.09.1954;2;6
CANIM;8;6.04.1972;2;6
HELO;8;4.04.1938;2;6
SEMANI;8;9.10.1945;2;6
ORDAN;8;4.10.1963;2;6
CIHAL;8;23.05.1968;2;6
IJDAL;8;10.06.1965;2;6
SUHAY;8;19.01.1966;2;6
PERUN;8;28.08.1968;2;6
NEVSIM;8;26.10.1979;2;6
ZERDALI;8;26.12.1967;2;6
SAAFET;8;1.08.1958;2;6
GURSEVEN;8;11.03.1971;2;6
PEKKAN;8;13.04.1980;2;6
PELIT;8;30.09.1976;2;6
GULERI;8;12.04.1964;2;6
MAGFER;8;14.04.1948;2;6
ADIGE;8;2.02.1960;2;6
SEHAMET;8;18.08.1951;2;6
TERKEN;8;1.07.1969;2;6
EDAL;8;9.09.1965;2;6
SIBET;8;29.08.1982;2;6
PERMAN;8;12.02.1971;2;6
GULUMSAH;8;4.04.1962;2;6
SEVMEZ;8;1.10.1971;2;6
CILVELI;8;11.07.1958;2;6
VIDAYET;8;20.08.1961;2;6
TURNAY;8;15.07.1976;2;6
MISIRHAN;8;26.06.1956;2;6
NURUCAN;8;29.12.1962;2;6
BEYNAN;8;7.09.1972;2;6
KINO;8;22.01.1941;2;6
ELDEN;8;15.10.1966;2;6
YEKTE;8;1.12.1956;2;6
ILKOZ;8;25.05.1961;2;6
BIRLIK;8;5.11.1977;2;6
TAMET;8;27.03.1967;2;6
HAYRIGUL;8;18.11.1970;2;6
DUZEN;8;15.07.1981;2;6
GULKAY;8;19.04.1975;2;6
TOMRU;8;25.12.1960;2;6
BIRCEM;8;1.02.1987;2;6
ODEL;8;15.01.1951;2;6
TACNUR;7;20.10.1968;1;6
GULERDEN;7;5.01.1964;1;6
FEMIN;7;16.01.1960;1;6
ESEHAN;7;23.01.1961;1;6
CINEL;7;26.04.1982;1;6
NAZET;7;26.04.1962;1;6
SESI;7;13.03.1957;1;6
MILHAT;7;23.01.1967;1;6
DEVRANE;7;1.10.1963;1;6
BARA;7;28.11.1956;1;6
SIMIL;7;12.11.1965;1;6
CICEKLI;7;24.09.1965;1;6
ZISEN;7;18.09.1964;1;6
YILBAS;7;8.04.1970;1;6
MAHABAD;7;19.11.1979;1;6
NURSEZEN;7;24.07.1986;1;6
SISAM;7;28.08.1958;1;6
NERSAN;7;15.02.1981;1;6
ZENAY;7;7.02.1969;1;6
MEDINET;7;21.02.1955;1;6
HAMME;7;11.03.1953;1;6
SENNER;7;11.11.1967;1;6
ICDAL;7;9.03.1954;1;6
ILFANI;7;30.08.1960;1;6
ISGIN;7;13.12.1976;1;6
CEVAYIL;7;12.06.1965;1;6
BIKEN;7;23.04.1973;1;6
NURTEK;7;2.10.1964;1;6
FASIYE;7;7.02.1963;1;6
SEFAIR;7;21.04.1967;1;6
ZARIK;7;16.08.1963;1;6
NUKRA;7;23.01.1969;1;6
SENSEN;7;1.02.1970;1;6
SULAL;7;14.10.1961;1;6
AIZER;7;27.07.1967;1;6
SEMSIN;7;4.05.1968;1;6
MURTEL;7;3.07.1954;1;6
SIMRAN;7;16.04.1970;1;6
FUZE;7;4.01.1961;1;6
ISMETI;7;20.07.1956;1;6
ESMAI;7;11.08.1966;1;6
ZENET;7;10.10.1959;1;6
BERNAL;7;20.12.1975;1;6
YAGNUR;7;23.05.1985;1;6
CEFARET;7;19.03.1968;1;6
SEVDAY;7;10.11.1964;1;6
SEVILLA;7;30.08.1971;1;6
SEMAYER;7;14.04.1968;1;6
SERENGIL;7;16.01.1978;1;6
BINGUN;7;15.02.1958;1;6
SENCEN;7;16.04.1975;1;6
MELEKCAN;7;29.08.1982;1;6
GUNGORMEZ;7;6.08.1971;1;6
MUHMET;7;26.05.1958;1;6
MILO;7;3.11.1940;1;6
HELU;7;11.02.1935;1;6
BEYYAN;7;12.04.1956;1;6
YASAH;7;11.02.1949;1;6
HASUMAN;7;10.09.1968;1;6
AZERCAN;7;12.11.1986;1;6
SELCIK;7;10.09.1956;1;6
SENLER;7;13.05.1963;1;6
HEVAS;7;20.07.1954;1;6
MUSFET;7;30.10.1957;1;6
SEVGUR;7;28.06.1971;1;6
ERNIL;7;23.02.1977;1;6
NURVEL;7;13.05.1970;1;6
BILKI;7;29.05.1950;1;6
KEFARET;7;18.11.1957;1;6
SEBILHAN;7;23.10.1957;1;6
ATICAN;7;27.06.1971;1;6
CILAN;7;13.07.1963;1;6
SOZEL;7;6.01.1976;1;6
GURSIN;7;25.10.1967;1;6
HUCRAN;7;30.08.1974;1;6
PERUS;7;5.05.1958;1;6
SAHUDE;7;9.08.1970;1;6
NEZAVET;7;3.04.1965;1;6
DOLANAY;7;30.03.1970;1;6
MARAN;7;15.08.1957;1;6
SAYNAR;7;20.07.1955;1;6
SEDAFET;7;15.10.1953;1;6
BEYNUN;7;18.01.1981;1;6
UNKER;7;27.09.1962;1;6
DURUK;7;12.02.1954;1;6
NURLUHAN;7;26.01.1964;1;6
CANISE;7;25.07.1950;1;6
SEYYAM;7;3.05.1965;1;6
NEYZAN;7;27.01.1968;1;6
BUKENT;7;24.07.1973;1;6
KAROL;7;18.10.1967;1;6
SANSIM;7;15.12.1980;1;6
SELENGA;7;21.04.1981;1;6
VEBIL;7;3.09.1970;1;6
NURAH;7;2.08.1970;1;6
RUH;7;30.01.1957;1;6
RECI;7;20.09.1965;1;6
SIVER;7;14.02.1967;1;6
MAHAL;7;20.02.1961;1;6
ZIRAP;7;11.08.1956;1;6
RAHIMAN;7;16.01.1948;1;6
TUZEN;7;7.01.1961;1;6
MUKTESER;7;13.07.1976;1;6
TRACY;7;1.04.1972;1;6
KESTANE;7;11.08.1956;1;6
ZUHRAN;7;9.01.1974;1;6
INCAY;7;10.02.1964;1;6
DENIZEL;7;20.08.1968;1;6
GULBASAR;7;9.02.1967;1;6
MANIFER;7;5.04.1967;1;6
MEVZUN;7;8.01.1966;1;6
ALDAN;7;6.04.1971;1;6
ALTINISIK;7;19.09.1948;1;6
HAYA;7;18.01.1966;1;6
DURUSAN;6;15.12.1959;0;6
DEVRIMSEL;6;18.04.1978;0;6
SEMREL;6;7.01.1961;0;6
AHEY;6;7.01.1941;0;6
GULSAFIYE;6;23.03.1964;0;6
GULGAMZE;6;17.08.1979;0;6
YUZUKUTLU;6;15.10.1622;0;6
NEZLAHAN;6;30.12.1969;0;6
NAKSIDIL;6;17.09.1977;0;6
RUHALE;6;25.11.1967;0;6
HEPSAN;6;18.03.1970;0;6
GULBENGI;6;23.07.1973;0;6
ILKINAY;6;18.01.1974;0;6
KOZAG;6;3.02.1967;0;6
MAGFERET;6;29.06.1950;0;6
EDLIBAN;6;25.07.1959;0;6
GULUPER;6;4.08.1970;0;6
VEHIME;6;12.09.1951;0;6
HALIMIYE;6;26.07.1964;0;6
ZEMZEMO;6;12.11.1960;0;6
MESLEHA;6;14.10.1971;0;6
NAZIMEN;6;25.10.1967;0;6
MAHPERA;6;16.01.1977;0;6
SEBAHE;6;9.02.1950;0;6
HAMPOL;6;10.07.1960;0;6
HARDEM;6;23.02.1967;0;6
SENSUN;6;29.09.1972;0;6
SEBGUL;6;15.11.1966;0;6
TILIF;6;11.02.1956;0;6
ASLIPINAR;6;2.08.1976;0;6
GULNORA;6;24.12.1972;0;6
NIFAKET;6;20.11.1959;0;6
ARFER;6;14.12.1964;0;6
NIVIDE;6;13.06.1960;0;6
REZMIYE;6;7.12.1954;0;6
IZETIYE;6;5.11.1958;0;6
FATIMATUZEHRA;6;12.07.1983;0;6
SEDEFHAN;6;11.09.1964;0;6
MEMBA;6;3.06.1979;0;6
EZIBE;6;3.03.1966;0;6
MINNE;6;6.09.1965;0;6
NURHALE;6;25.04.1961;0;6
HARZI;6;6.03.1952;0;6
FATTIM;6;18.02.1941;0;6
GURSELE;6;1.03.1971;0;6
GULPEZ;6;7.06.1955;0;6
SOHULA;6;13.07.1961;0;6
AZIMIYE;6;8.06.1960;0;6
SUSLEM;6;30.01.1986;0;6
AFIFA;6;25.06.1966;0;6
BEZIK;6;25.01.1949;0;6
MUSKINE;6;30.01.1980;0;6
SERVETI;6;2.11.1978;0;6
ARZAN;6;12.12.1963;0;6
MAYASA;6;23.12.1961;0;6
FERUSE;6;1.12.1960;0;6
LAIZE;6;2.04.1964;0;6
HALFA;6;30.08.1954;0;6
NEZLISAN;6;17.04.1980;0;6
ARZO;6;25.07.1947;0;6
SELLO;6;26.10.1976;0;6
LEMIHE;6;27.03.1969;0;6
KUDUSIYE;6;16.06.1970;0;6
HEFIN;6;26.12.1989;0;6
MEYSUME;6;29.04.1955;0;6
RAKKIYA;6;18.05.1967;0;6
HUSNIYEGUL;6;11.10.1970;0;6
NEZRIHAN;6;10.12.1961;0;6
LEKIZAR;6;26.10.1976;0;6
MUSLUMA;6;15.08.1977;0;6
MESURET;6;12.02.1971;0;6
HEVLE;6;2.03.1955;0;6
SUHEN;6;9.09.1967;0;6
SUSINI;6;8.10.1956;0;6
CUVEYDE;6;10.09.1964;0;6
RABHA;6;3.09.1957;0;6
HAZNIGUL;6;22.07.1972;0;6
EBRIYE;6;6.07.1959;0;6
IBTESAM;6;21.05.1971;0;6
NOME;6;22.11.1967;0;6
BELHE;6;29.11.1948;0;6
ALMAZI;6;3.06.1973;0;6
MUHBIYE;6;15.02.1979;0;6
EZDIHAN;6;12.09.1978;0;6
HADYA;6;7.02.1978;0;6
NEZLIME;6;27.07.1962;0;6
RIMILA;6;22.05.1973;0;6
RUKIYYA;6;21.06.1975;0;6
KEMMIYE;6;1.09.1973;0;6
BINEVSI;6;26.11.1952;0;6
ZEYEP;6;29.08.1974;0;6
SUPHO;6;13.02.1956;0;6
KAFIYA;6;14.11.1968;0;6
HANAF;6;10.07.1971;0;6
SEFHIYE;6;25.10.1959;0;6
HIDE;6;30.11.1967;0;6
GUZAL;6;21.04.1976;0;6
DIHLA;6;7.01.1969;0;6
LEHIBE;6;12.07.1957;0;6
HALEPCE;6;16.04.1991;0;6
LAYLE;6;26.03.1969;0;6
YUZDAN;6;27.07.1979;0;6
BELSEN;6;30.05.1966;0;6
FAHRIYYE;6;20.12.1960;0;6
SAFFURA;6;13.03.1979;0;6
SAMIHAN;6;21.01.1963;0;6
BENAZE;6;23.10.1983;0;6
TAMA;6;23.03.1970;0;6
HISNE;6;26.11.1965;0;6
GADRE;6;12.01.1953;0;6
ROHIYE;6;20.10.1957;0;6
MENTULLAH;6;22.03.1964;0;6
NIROZ;6;17.11.1981;0;6
KANCIYE;6;9.06.1972;0;6
MIYAZE;6;22.12.1972;0;6
GAYYE;6;23.07.1970;0;6
HANUF;6;23.12.1946;0;6
SILAMET;6;16.02.1964;0;6
ZIBE;6;4.01.1950;0;6
NAKSE;6;4.07.1950;0;6
SEFAHET;6;20.09.1957;0;6
EZBIR;6;23.04.1982;0;6
HUSUNA;6;3.05.1968;0;6
BEYYAZ;6;9.12.1950;0;6
CUCE;6;15.07.1965;0;6
JENIFER;6;23.01.1987;0;6
MARIYANA;6;28.07.1980;0;6
BEYRETA;6;23.10.1973;0;6
RAFIDA;6;18.03.1969;0;6
LUKSE;6;27.05.1977;0;6
KESRE;6;19.02.1949;0;6
VIRCIN;6;26.04.1942;0;6
NEVRIYA;6;6.11.1981;0;6
RANJA;6;24.06.1988;0;6
TENZIHA;6;19.10.1974;0;6
EFLIN;6;14.05.1964;0;6
ZABET;6;13.02.1977;0;6
TAALA;6;30.11.1971;0;6
ROJHILAT;6;20.02.1980;0;6
FASILA;6;13.09.1967;0;6
ALDA;6;25.05.1966;0;6
FILUR;6;30.2.1972;0;6
KADERI;6;10.03.1975;0;6
FERCA;6;13.10.1974;0;6
MESUTE;6;22.04.1970;0;6
LUSIA;6;19.07.1975;0;6
MUEZZEN;6;16.02.1976;0;6
MARTINE;6;3.09.1970;0;6
HAZNU;6;16.11.1951;0;6
NEFLA;6;1.04.1963;0;6
BIRCI;6;9.09.1961;0;6
LIVIZE;6;23.01.1950;0;6
ELMEZ;6;23.04.1955;0;6
RADIME;6;16.01.1959;0;6
ZEHRO;6;15.07.1962;0;6
HAVO;6;24.03.1967;0;6
ADIBA;6;21.12.1971;0;6
RUMIYA;6;11.05.1972;0;6
RUFA;6;25.12.1961;0;6
MARVA;6;20.09.1988;0;6
ZEYHEP;6;17.07.1972;0;6
HEYLAN;6;27.11.1963;0;6
MEDLIN;6;15.08.1981;0;6
HURYETE;6;11.03.1977;0;6
DILOS;6;14.06.1958;0;6
ZULFETE;6;30.01.1978;0;6
CACANE;6;29.12.1945;0;6
ADULLE;6;27.03.1949;0;6
HECCE;6;19.04.1964;0;6
SIPHIYE;6;9.06.1960;0;6
TENBIYE;6;25.06.1961;0;6
SEKIRI;6;6.07.1958;0;6
NATASCHA;6;8.05.1981;0;6
BENEZIR;6;30.04.1990;0;6
FIRDAZ;6;15.07.1962;0;6
HAYATULNUFUS;6;14.05.1960;0;6
SARATA;6;11.02.1958;0;6
HAMRIN;6;11.05.1987;0;6
ZEYNABA;6;25.10.1981;0;6
BARINA;6;13.12.1985;0;6
GULBERIN;6;1.09.1982;0;6
NARIYA;6;8.12.1964;0;6
NESLIHE;6;4.04.1974;0;6
MARTE;6;24.03.1941;0;6
NUJDAR;6;4.07.1985;0;6
SEHDA;6;17.01.1962;0;6
TESILE;6;29.2.1973;0;6
ERZANE;6;1.05.1960;0;6
HALYE;6;19.11.1963;0;6
RIFIYE;6;29.07.1939;0;6
BIRIFAN;6;7.11.1979;0;6
HABIBET;6;26.10.1967;0;6
RAHISE;6;19.08.1976;0;6
HULVE;6;18.11.1952;0;6
KESERIYE;6;22.09.1972;0;6
MUHRIME;6;24.07.1965;0;6
KINDE;6;17.03.1973;0;6
HERBIN;6;17.05.1987;0;6
NARICAN;6;19.07.1975;0;6
RASIDA;6;27.10.1970;0;6
HAFIFA;6;16.08.1967;0;6
MELEKSIME;6;24.09.1969;0;6
SAVDA;6;10.04.1987;0;6
AYNILMERDIYE;6;10.05.1972;0;6
HAYATA;6;23.10.1966;0;6
GARIBIYE;6;26.01.1966;0;6
CIZVE;6;7.04.1952;0;6
GIANNA;6;30.01.1971;0;6
ERIME;6;13.05.1980;0;6
SARIME;6;22.09.1957;0;6
ELME;6;1.06.1945;0;6
NESLO;6;10.02.1935;0;6
NAJLE;6;6.06.1969;0;6
FADYE;6;11.04.1980;0;6
BASKADIN;6;27.01.1950;0;6
ISMAHANI;6;21.03.1952;0;6
INZAL;6;9.12.1971;0;6
KULBAHAR;6;30.01.1947;0;6
ZEHA;6;1.10.1962;0;6
PORUZE;6;15.10.1960;0;6
KUCUKKADIN;6;6.12.1940;0;6
MEHVA;6;21.08.1969;0;6
MERFUA;6;8.01.1948;0;6
GUNEVER;6;17.07.1967;0;6
TEBESUM;6;13.09.1985;0;6
MINTAHAN;6;17.03.1967;0;6
SERANAY;6;4.07.1982;0;6
KUZUDE;6;2.09.1961;0;6
ZILIFER;6;5.10.1975;0;6
EVISE;6;13.10.1953;0;6
MUHSIYE;6;26.06.1958;0;6
MISLIGUL;6;7.02.1951;0;6
HUMAS;6;18.03.1950;0;6
MEYMUNA;6;22.06.1953;0;6
AZIYZE;6;30.11.1961;0;6
NUSEL;6;20.05.1969;0;6
MERBULE;6;14.01.1955;0;6
RUYIDE;6;26.03.1957;0;6
GULUCEMAL;6;28.01.1962;0;6
HAZIBE;6;8.03.1946;0;6
RITVANIYE;6;3.11.1964;0;6
DALFER;6;12.11.1965;0;6
NEVIKA;6;27.10.1954;0;6
IYSAN;6;30.09.1971;0;6
SAZMET;6;10.07.1946;0;6
NAVILE;6;9.03.1966;0;6
ISVER;6;7.01.1970;0;6
NEZURE;6;8.06.1964;0;6
MELIFA;6;8.05.1979;0;6
MUZUYE;6;19.07.1951;0;6
BIRAYET;6;17.12.1981;0;6
TAVSIYE;6;1.11.1953;0;6
SAMIZE;6;23.10.1953;0;6
SIFAGUL;6;7.09.1977;0;6
HALDE;6;10.12.1978;0;6
GUNSERIN;6;12.03.1955;0;6
FIRDASIYE;6;6.03.1963;0;6
URSIYE;6;10.11.1953;0;6
NOKDA;6;24.06.1961;0;6
MECURE;6;24.05.1975;0;6
NEFIGE;6;30.05.1955;0;6
SEMRIYA;6;29.12.1971;0;6
MERDUM;6;18.06.1949;0;6
GULHOS;6;11.05.1957;0;6
SETIYE;6;27.08.1953;0;6
GULSEMIHA;6;8.07.1968;0;6
NALIZAR;6;10.08.1939;0;6
ATUN;6;5.02.1964;0;6
KIPRE;6;19.01.1960;0;6
NURCIYEN;6;11.03.1962;0;6
NAFIFE;6;11.01.1958;0;6
ZALHE;6;13.03.1962;0;6
GUNNES;6;15.03.1960;0;6
SARINE;6;17.08.1946;0;6
IAMZE;6;25.10.1966;0;6
MACIZ;6;15.01.1942;0;6
ZUMRUHAN;6;17.08.1975;0;6
SENEMNUR;6;8.08.1981;0;6
SEPIYE;6;24.09.1959;0;6
RABIANUR;6;22.05.1989;0;6
SALIHANUR;6;29.10.1982;0;6
MEJMURE;6;17.05.1970;0;6
LEHIZE;6;11.03.1973;0;6
YUCEGUL;6;1.09.1964;0;6
INEZA;6;26.11.1964;0;6
ERGULE;6;2.12.1965;0;6
GULNESRIN;6;5.05.1960;0;6
ZUVEYLA;6;27.07.1972;0;6
MUHLIZE;6;30.09.1964;0;6
NERIS;6;15.02.1982;0;6
NURHET;6;30.03.1963;0;6
MENUSA;6;26.01.1950;0;6
AVSER;6;23.09.1958;0;6
LEBAT;6;29.03.1952;0;6
SERNAS;6;19.11.1973;0;6
MAHBUKER;6;22.02.1953;0;6
AMALYA;6;8.11.1958;0;6
PARIZE;6;25.07.1964;0;6
ZUMRAH;6;2.07.1981;0;6
YUSUFE;6;10.03.1957;0;6
HURZIYE;6;4.06.1960;0;6
RUBEYSA;6;18.04.1975;0;6
MAMULE;6;16.03.1940;0;6
ASMAT;6;9.05.1966;0;6
MEZLIME;6;29.03.1962;0;6
NURAYE;6;1.11.1960;0;6
MAFISE;6;25.02.1954;0;6
FERZILE;6;25.01.1960;0;6
SELVIYAN;6;29.01.1964;0;6
NEHAKET;6;8.06.1955;0;6
SONAYET;6;17.03.1979;0;6
SERIAN;6;24.06.1971;0;6
BIRCICEK;6;3.07.1969;0;6
ZEHRAH;6;11.11.1973;0;6
SEZADE;6;15.06.1962;0;6
MEDAYET;6;27.01.1956;0;6
AYFIRE;6;5.01.1959;0;6
NIZAYET;6;18.11.1957;0;6
FEYIMAN;6;29.08.1973;0;6
KIDI;6;11.10.1944;0;6
SUTFINAZ;6;26.04.1963;0;6
BIRSE;6;10.06.1958;0;6
BILICE;6;2.08.1969;0;6
UMURE;6;12.02.1961;0;6
NURELEM;6;19.05.1962;0;6
BULUDIYE;6;29.03.1966;0;6
GULMISAN;6;12.12.1971;0;6
ZENCEBILE;6;2.11.1959;0;6
BERIYYE;6;26.09.1957;0;6
MELIA;6;21.10.1956;0;6
DURSEMIN;6;27.07.1963;0;6
FILYAT;6;29.6.1641;0;6
IFRI;6;10.05.1958;0;6
YASARHANIM;6;3.08.1962;0;6
ULFE;6;1.02.1964;0;6
BECIHE;6;6.01.1955;0;6
KALIBE;6;4.01.1960;0;6
INCESER;6;1.07.1961;0;6
EMGUL;6;29.01.1957;0;6
HUMAYIR;6;15.05.1955;0;6
GULSERMIN;6;27.03.1961;0;6
ZULIHE;6;9.08.1959;0;6
SAVURA;6;29.05.1973;0;6
CIHANUR;6;9.09.1975;0;6
HUMMUHAN;6;20.10.1961;0;6
VEDAGUL;6;22.02.1984;0;6
ERDIYE;6;19.11.1967;0;6
MUZER;6;19.03.1957;0;6
GULBAGDA;6;23.08.1953;0;6
NARAY;6;15.05.1958;0;6
GULDUZER;6;19.07.1961;0;6
SARICICEK;6;21.09.1969;0;6
UNZIYE;6;22.04.1967;0;6
NULCAN;6;28.06.1973;0;6
MUJLA;6;19.09.1974;0;6
SEREGUL;6;8.09.1967;0;6
SEHRIZAR;6;12.06.1956;0;6
MUCALE;6;24.08.1975;0;6
LORNA;6;16.01.1966;0;6
SASE;6;14.01.1963;0;6
LIKAR;6;11.05.1959;0;6
ASIYEGUL;6;26.01.1980;0;6
NURDAKUL;6;4.01.1963;0;6
BILGICAN;6;1.07.1974;0;6
KEVSAR;6;6.10.1973;0;6
ZAKIDE;6;6.08.1970;0;6
ESSEN;6;20.12.1972;0;6
MUSSEREF;6;7.11.1973;0;6
GEBIRE;6;14.04.1959;0;6
RABIHAT;6;17.03.1945;0;6
SAMISE;6;24.03.1947;0;6
ZAKIBE;6;12.09.1965;0;6
NALMES;6;20.04.1958;0;6
MURASIYE;6;19.11.1956;0;6
ZALIKA;6;27.02.1965;0;6
GULAZIYE;6;2.04.1964;0;6
ZULAFET;6;2.01.1972;0;6
MISGUL;6;1.05.1975;0;6
NASIBIYE;6;25.02.1964;0;6
ZULEYKA;6;29.12.1964;0;6
TEVDIYE;6;12.06.1961;0;6
FAHMIYE;6;28.07.1954;0;6
RUZANA;6;25.01.1967;0;6
BENNU;6;23.01.1985;0;6
STELUTA;6;18.08.1973;0;6
GULBAHA;6;28.08.1948;0;6
MELEAT;6;21.07.1959;0;6
ASLIHA;6;8.04.1965;0;6
MUKERRA;6;8.07.1965;0;6
REFINE;6;8.12.1970;0;6
IPIL;6;3.06.1965;0;6
ZULAHIYE;6;12.03.1965;0;6
UMMIYEN;6;9.08.1967;0;6
ZAFIDE;6;16.08.1955;0;6
MEHRIMA;6;25.01.1961;0;6
MINIRYE;6;17.05.1957;0;6
HISABIYE;6;23.01.1955;0;6
BETHUL;6;4.04.1972;0;6
NURKADER;6;20.11.1973;0;6
LEMINUR;6;30.09.1955;0;6
AILA;6;25.09.1968;0;6
GULERYA;6;8.12.1976;0;6
ZULCIYE;6;12.03.1964;0;6
FEZNUR;6;22.02.1968;0;6
NEVMIYE;6;16.04.1955;0;6
PASABATON;6;8.01.1955;0;6
SELFINAS;6;3.06.1962;0;6
NUGET;6;6.01.1958;0;6
GUNEM;6;20.03.1969;0;6
CILENK;6;27.11.1976;0;6
ZANIFE;6;26.05.1957;0;6
SANNAZ;6;17.07.1963;0;6
SAHANIYE;6;8.05.1965;0;6
BANBAK;6;7.01.1942;0;6
SEDELI;6;24.08.1955;0;6
FATMAT;6;6.04.1941;0;6
UFAKET;6;6.11.1962;0;6
GULUFAN;6;21.11.1964;0;6
MUSELLIME;6;10.04.1951;0;6
ZABIS;6;7.12.1964;0;6
YAGUT;6;2.05.1965;0;6
SEFIYKA;6;3.03.1953;0;6
BESIYME;6;21.04.1947;0;6
ZAHIYDE;6;5.11.1944;0;6
EMENE;6;6.11.1955;0;6
NELIZ;6;7.10.1981;0;6
NEMIKE;6;8.01.1963;0;6
ZILIKA;6;12.07.1961;0;6
MUBTELA;6;6.09.1947;0;6
HAZEY;6;17.09.1949;0;6
SERUK;6;8.11.1961;0;6
HANZEDE;6;4.07.1958;0;6
YILSON;6;9.07.1975;0;6
NURNAZ;6;22.08.1953;0;6
GANIYME;6;19.12.1959;0;6
HURZET;6;13.09.1966;0;6
MIYASSA;6;6.07.1958;0;6
NEDIRIYE;6;10.11.1964;0;6
SULFIYET;6;6.05.1961;0;6
YETUK;6;27.04.1957;0;6
GULCANE;6;4.09.1968;0;6
GULSEHEL;6;12.10.1961;0;6
MINTEHAN;6;7.04.1962;0;6
MUBEYDE;6;18.07.1960;0;6
GAZEY;6;21.06.1946;0;6
TAYUBE;6;29.04.1966;0;6
MIESER;6;29.01.1974;0;6
NAFIHA;6;2.06.1969;0;6
TEYBA;6;5.07.1960;0;6
DORIYE;6;18.03.1956;0;6
SEMINAR;6;9.07.1970;0;6
FULDE;6;25.04.1983;0;6
NARIC;6;12.10.1961;0;6
AMINET;6;26.10.1949;0;6
ASUNUR;6;2.07.1980;0;6
SATANAY;6;18.06.1976;0;6
EBIK;6;26.10.1954;0;6
NURMINE;6;1.09.1971;0;6
ARMANUHI;6;23.12.1944;0;6
SEZIHA;6;29.01.1958;0;6
MEHRIMAH;6;17.01.1963;0;6
GULYASEM;6;15.03.1953;0;6
NURYIL;6;15.04.1980;0;6
GULMENEVSE;6;24.04.1966;0;6
BEZADE;6;19.06.1954;0;6
NESIMIYE;6;25.01.1950;0;6
PERZA;6;15.06.1954;0;6
KIBARCAN;6;25.08.1952;0;6
SOLGUL;6;20.04.1965;0;6
ELIFSU;6;23.04.1984;0;6
SUBEYRA;6;7.10.1982;0;6
NULGIN;6;4.04.1975;0;6
UTIYE;6;23.09.1963;0;6
HANARZI;6;21.09.1962;0;6
AINUR;6;20.08.1977;0;6
DURDEN;6;30.04.1969;0;6
PIRIN;6;4.11.1950;0;6
SUBE;6;16.06.1953;0;6
AKULE;6;25.08.1958;0;6
VAISE;6;7.12.1958;0;6
NARGUZE;6;10.12.1966;0;6
RABIGA;6;3.02.1957;0;6
MESULIYE;6;19.02.1951;0;6
AYSELGUL;6;16.12.1974;0;6
MAKSIME;6;15.06.1960;0;6
MUCER;6;12.06.1968;0;6
AYGONUL;6;8.03.1964;0;6
TELMIZE;6;21.10.1959;0;6
SEHRIZA;6;3.11.1954;0;6
ISMAAN;6;22.07.1966;0;6
BIRSADE;6;6.11.1971;0;6
SARBIYE;6;17.09.1972;0;6
GUDRUN;6;30.01.1947;0;6
EKRUMIYE;6;16.10.1969;0;6
OGULBEK;6;25.01.1968;0;6
KURBANAY;6;19.08.1954;0;6
OGULSULTAN;6;27.10.1953;0;6
AYSULTAN;6;1.09.1963;0;6
DONDULU;6;19.12.1956;0;6
RESIBE;6;1.01.1957;0;6
SEHERHAN;6;3.12.1959;0;6
FEHRA;6;27.01.1966;0;6
MELIKENUR;6;27.04.1983;0;6
BILKIZ;6;7.04.1969;0;6
MAGRIFET;6;27.07.1958;0;6
MAHPIP;6;1.08.1968;0;6
MEYSEREN;6;19.07.1971;0;6
BERIMAN;6;13.07.1975;0;6
ARZUYA;6;2.06.1967;0;6
NILEFER;6;24.06.1965;0;6
HARUNNISA;6;16.11.1955;0;6
KERKAS;6;22.12.1957;0;6
NEZAHE;6;28.04.1959;0;6
MUSUYE;6;1.06.1967;0;6
TOMIRIS;6;12.10.1957;0;6
PILI;6;15.11.1958;0;6
BEYMA;6;14.07.1981;0;6
NEBEAT;6;19.08.1959;0;6
RAHNE;6;7.03.1957;0;6
GULENDI;6;22.04.1964;0;6
CAMANUR;6;8.02.1958;0;6
CEYLANIYE;6;21.10.1976;0;6
BEYRE;6;11.03.1964;0;6
SUBA;6;30.07.1975;0;6
SAHIDEN;6;6.07.1962;0;6
NICAR;6;12.09.1960;0;6
TERYA;6;21.02.1972;0;6
MESRUKE;6;19.01.1967;0;6
MAHBIRE;6;6.03.1961;0;6
MAHALLE;6;26.02.1959;0;6
NAYIRE;6;4.06.1957;0;6
SAHANNUR;6;3.09.1974;0;6
NAZLAR;6;5.07.1962;0;6
KIDAN;6;5.12.1944;0;6
PEYIMAN;6;12.03.1959;0;6
ZULHAYA;6;1.01.1972;0;6
LUBOV;6;20.12.1963;0;6
VECRIYE;6;23.01.1966;0;6
MIASER;6;3.11.1970;0;6
SIBELNUR;6;2.06.1983;0;6
ILFIYE;6;13.04.1958;0;6
IMMUGUL;6;11.02.1952;0;6
OZCICEK;6;5.03.1956;0;6
TEA;6;4.11.1979;0;6
KAMURE;6;11.06.1957;0;6
ALIF;6;14.11.1966;0;6
PUKET;6;25.12.1957;0;6
NURELIF;6;13.05.1981;0;6
YASARIYA;6;10.08.1965;0;6
SELDEM;6;21.09.1982;0;6
SIHER;6;4.05.1955;0;6
SULBIHAN;6;14.11.1962;0;6
NULLUFER;6;14.12.1968;0;6
HAFET;6;24.02.1950;0;6
NURCEREN;6;24.03.1990;0;6
BALKISA;6;16.10.1945;0;6
BULGEN;6;9.06.1967;0;6
BELCAN;6;6.09.1986;0;6
HAMPELI;6;25.07.1948;0;6
MALI;6;17.12.1954;0;6
MULKUZAR;6;2.04.1955;0;6
LAHILE;6;1.05.1966;0;6
MAGPULE;6;22.03.1960;0;6
TURKIYEN;6;3.06.1961;0;6
MITKA;6;27.03.1968;0;6
GEZE;6;22.05.1950;0;6
GULCIHAR;6;29.11.1965;0;6
FIRKIYA;6;20.02.1966;0;6
GULESMA;6;16.10.1960;0;6
SEHIZAR;6;8.10.1949;0;6
GULESOR;6;30.04.1963;0;6
ZUMRITE;6;5.02.1969;0;6
MERUSAN;6;29.10.1965;0;6
NEBARET;6;6.11.1957;0;6
KANCI;6;11.11.1940;0;6
MITKAL;6;12.10.1959;0;6
SUREHIYE;6;29.08.1964;0;6
AYDU;6;23.03.1952;0;6
KANDIYE;6;1.11.1954;0;6
BEHCE;6;27.01.1969;0;6
ELINAZ;6;4.05.1965;0;6
DEGILA;6;9.01.1970;0;6
NAVRES;6;23.06.1952;0;6
HUYLETE;6;7.04.1963;0;6
ATYE;6;3.03.1959;0;6
HALIMZER;6;28.01.1973;0;6
OZLAM;6;17.11.1986;0;6
KEHZIBAN;6;2.01.1969;0;6
RIHAVZA;6;28.11.1951;0;6
RIZKIYET;6;24.07.1971;0;6
SAHIDAN;6;8.01.1955;0;6
EDIHA;6;13.12.1971;0;6
IRANHAN;6;15.11.1973;0;6
ZULEYA;6;13.06.1972;0;6
UZNUR;6;24.10.1980;0;6
TELLIZAR;6;28.11.1969;0;6
MENSURYE;6;2.03.1976;0;6
VEHIBA;6;2.05.1954;0;6
GULKEZ;6;28.02.1951;0;6
FERISTEH;6;26.12.1959;0;6
YARDAGUL;6;28.06.1973;0;6
ADULHAN;6;20.12.1966;0;6
SOVEYLA;6;27.10.1969;0;6
MAKULIYE;6;8.01.1973;0;6
GERDANI;6;29.11.1971;0;6
MAHPUSE;6;27.11.1971;0;6
ZEYCIHAN;6;14.10.1972;0;6
TEBIRZE;6;14.11.1965;0;6
ZIMZIMA;6;24.01.1966;0;6
GULLUSOR;6;11.11.1972;0;6
MAFIRUZ;6;3.10.1961;0;6
FAYNUR;6;14.10.1974;0;6
ZAZAN;6;24.01.1945;0;6
KODRET;6;30.03.1948;0;6
MARISE;6;18.01.1954;0;6
MEKIA;6;3.05.1975;0;6
CITIM;6;25.04.1975;0;6
MUHTEBAR;6;21.06.1975;0;6
KEMERUH;6;1.02.1955;0;6
VEHILE;6;9.02.1968;0;6
SUFIDE;6;15.09.1955;0;6
MUSEN;6;24.01.1967;0;6
RIKYETE;6;27.08.1970;0;6
HADIRA;6;7.07.1959;0;6
MARUFET;6;12.02.1975;0;6
SEYAHET;6;13.06.1963;0;6
NISMIYA;6;13.04.1965;0;6
DEGILE;6;11.04.1972;0;6
GULEMSAL;6;11.10.1957;0;6
SINIZAR;6;16.11.1942;0;6
AKIZET;6;8.08.1971;0;6
HENIF;6;2.01.1949;0;6
NECIBAN;6;27.11.1963;0;6
KESVER;6;25.09.1964;0;6
KULILIK;6;2.09.1966;0;6
SADETE;6;3.04.1963;0;6
BEHIYECAN;6;23.09.1979;0;6
PARVIN;6;4.06.1965;0;6
TEYYIBET;6;7.06.1970;0;6
HATON;6;7.08.1956;0;6
MUSAVVET;6;28.01.1978;0;6
MUSEMA;6;10.11.1978;0;6
KIYAMET;6;3.10.1964;0;6
NEVGIHAN;6;4.01.1982;0;6
GULREHAN;6;10.11.1957;0;6
NEHILA;6;11.10.1976;0;6
RUMUZE;6;27.02.1952;0;6
RAFIME;6;14.08.1962;0;6
BESRAN;6;22.01.1960;0;6
HACERAN;6;8.05.1980;0;6
BEDIKA;6;28.05.1951;0;6
ASKINNUR;6;18.09.1988;0;6
MAHMIRE;6;23.04.1958;0;6
SEHZENAN;6;15.10.1958;0;6
SONIYE;6;3.01.1981;0;6
BESRAYIL;6;9.08.1961;0;6
FAHIMET;6;9.04.1956;0;6
GULKEREM;6;30.06.1967;0;6
HANIMCA;6;4.02.1953;0;6
SHIRIN;6;24.11.1977;0;6
NAZIZE;6;30.09.1959;0;6
GULHAYRAN;6;28.07.1955;0;6
NUSFIYE;6;6.07.1969;0;6
MEDIFE;6;22.02.1952;0;6
SEFAHIYE;6;29.2.1965;0;6
FATIMATI;6;18.05.1967;0;6
NIHIR;6;14.05.1974;0;6
HURKUS;6;8.07.1959;0;6
ERKINAZ;6;29.03.1965;0;6
TERLEN;6;20.07.1967;0;6
MEFULE;6;26.04.1981;0;6
NESIRA;6;26.09.1970;0;6
NURENDAM;6;28.12.1972;0;6
NAGIYEN;6;16.04.1971;0;6
SALYA;6;11.03.1957;0;6
SEVGE;6;26.10.1973;0;6
SIYADE;6;22.03.1957;0;6
MULGUN;6;27.09.1969;0;6
SATKIYE;6;27.02.1956;0;6
SOYLIYE;6;27.12.1970;0;6
MUKATIS;6;26.02.1961;0;6
ZAYIBE;6;22.11.1957;0;6
UMIS;6;21.04.1957;0;6
SELIMEN;6;20.08.1961;0;6
SERASER;6;9.09.1971;0;6
LATAFAT;6;5.06.1966;0;6
KILMEN;6;7.07.1961;0;6
FANTAZI;6;8.03.1971;0;6
SELBAHAN;6;10.04.1972;0;6
BIRFEN;6;24.03.1962;0;6
FADIMEHANIM;6;19.01.1966;0;6
CENANIYE;6;11.10.1946;0;6
MEHLIYE;6;17.01.1962;0;6
ZEVLI;6;29.10.1961;0;6
MEHRIYA;6;25.04.1967;0;6
CILSEM;6;1.10.1979;0;6
NILDE;6;17.04.1982;0;6
NURAAT;6;5.07.1958;0;6
EMMIYE;6;11.08.1959;0;6
SARIYETE;6;28.05.1964;0;6
KABIRA;6;1.02.1957;0;6
EDEBIYA;6;23.01.1971;0;6
REMLETE;6;29.01.1972;0;6
MUZDEN;6;4.02.1961;0;6
SITIHAN;6;19.07.1963;0;6
GUZUM;6;23.08.1963;0;6
ZERIA;6;6.11.1949;0;6
SULFUNAZ;6;18.05.1963;0;6
MEMMUNIYE;6;7.04.1981;0;6
NAZDI;6;26.03.1949;0;6
NECALIYE;6;18.12.1958;0;6
NURPEN;6;21.05.1964;0;6
HASBUKE;6;4.08.1956;0;6
NUREDA;6;2.05.1980;0;6
VAYDA;6;12.08.1957;0;6
FEYAN;6;15.10.1964;0;6
FELIME;6;25.06.1969;0;6
IMANI;6;7.06.1948;0;6
ISMEGUL;6;30.05.1973;0;6
CEYLANE;6;19.03.1956;0;6
MUKEREME;6;6.10.1965;0;6
BELGIZA;6;6.07.1958;0;6
FICRIYE;6;6.04.1957;0;6
GULSENIM;6;29.2.1967;0;6
SAHRIBEN;6;6.05.1967;0;6
ACIME;6;8.07.1957;0;6
CEVIRE;6;16.03.1953;0;6
NEVLA;6;14.05.1974;0;6
AMENTI;6;4.10.1948;0;6
SULMIYE;6;29.08.1964;0;6
SAIKE;6;22.03.1949;0;6
SEYRIBAN;6;17.03.1960;0;6
AKTUL;6;17.10.1962;0;6
MIHRIYA;6;6.09.1968;0;6
DERYAHAN;6;12.09.1971;0;6
NAGIME;6;28.02.1961;0;6
MURCIYE;6;5.02.1960;0;6
GULEYIN;6;9.03.1945;0;6
BEDULCEMAL;6;21.03.1954;0;6
REMZIGUL;6;24.01.1965;0;6
CUMEN;6;26.05.1958;0;6
RACAN;6;23.04.1976;0;6
ELFUDE;6;19.06.1959;0;6
MEMNURE;6;3.08.1965;0;6
NERDA;6;22.05.1975;0;6
MECBURYE;6;11.09.1960;0;6
GULCENAN;6;8.10.1955;0;6
GULZOHRE;6;10.12.1970;0;6
HIJA;6;16.03.1976;0;6
MEFADIYE;6;26.05.1947;0;6
NAIKE;6;17.05.1956;0;6
MUVEYDA;6;1.03.1972;0;6
GOYGUN;6;30.12.1973;0;6
KHURAMAN;6;5.02.1969;0;6
SEHSANE;6;4.06.1958;0;6
BURTEN;6;14.09.1956;0;6
RUYZE;6;3.06.1958;0;6
YESME;6;30.03.1965;0;6
NAILAN;6;8.08.1961;0;6
MUYESSEL;6;28.12.1952;0;6
VESIHE;6;12.11.1974;0;6
BUNGUL;6;21.04.1955;0;6
MELKA;6;12.06.1956;0;6
TEHE;6;17.03.1957;0;6
GUMULCAN;6;20.05.1953;0;6
NAMIYET;6;16.02.1960;0;6
SABEHAT;6;9.08.1963;0;6
MULHIYE;6;20.11.1954;0;6
NARINCAN;6;24.01.1963;0;6
SAVDET;6;22.05.1971;0;6
AKUBET;6;13.11.1971;0;6
BAYIZE;6;14.10.1628;0;6
MUSLIMAN;6;28.06.1962;0;6
MAPERI;6;25.11.1973;0;6
ECIBE;6;17.03.1961;0;6
KEDIFE;6;20.10.1957;0;6
GULCIGDEM;6;3.02.1983;0;6
FAILET;6;22.10.1971;0;6
LALAHAN;6;7.12.1952;0;6
TEKNAS;6;21.06.1975;0;6
ESKIME;6;24.01.1959;0;6
FESIYE;6;19.05.1969;0;6
BAFIYE;6;5.10.1944;0;6
BELGINAR;6;11.09.1980;0;6
INHAT;6;15.04.1969;0;6
DUNYAGUZELI;6;7.02.1954;0;6
ZIVO;6;4.07.1967;0;6
SUPHAT;6;1.02.1964;0;6
ZEMZEMAN;6;1.09.1968;0;6
HACIRIYE;6;26.01.1959;0;6
SEHILNAZ;6;20.01.1963;0;6
EGLICE;6;27.09.1971;0;6
UMRIHAN;6;12.09.1971;0;6
HERDEMSAH;6;24.02.1974;0;6
MERARI;6;2.02.1956;0;6
SEVMA;6;22.10.1973;0;6
SEKNIYE;6;23.11.1965;0;6
MERYEMI;6;18.02.1957;0;6
GULNEVI;6;6.09.1967;0;6
BINEVIS;6;12.09.1962;0;6
MARIDE;6;4.11.1974;0;6
MUHRIMAN;6;12.06.1969;0;6
BILMA;6;20.02.1968;0;6
SERENAZ;6;12.12.1959;0;6
GULZIRI;6;18.01.1972;0;6
GULMIS;6;25.12.1962;0;6
HAVAZER;6;7.08.1953;0;6
NUGDA;6;15.12.1953;0;6
GULDOGDU;6;5.02.1968;0;6
MINEZER;6;12.03.1960;0;6
HANIDE;6;10.11.1967;0;6
SIBELAY;6;23.01.1979;0;6
FETME;6;20.12.1950;0;6
INCIRAY;6;16.09.1970;0;6
ZIRIN;6;16.12.1939;0;6
ADILSA;6;13.12.1973;0;6
MEHRAP;6;26.08.1982;0;6
MEGRUM;6;16.01.1970;0;6
FATU;6;1.03.1954;0;6
KOTIR;6;25.10.1976;0;6
NURTEM;6;7.09.1970;0;6
NEDIFA;6;21.03.1965;0;6
HAVSIYE;6;18.09.1969;0;6
SUDAVE;6;12.09.1982;0;6
SANAM;6;28.01.1974;0;6
GASIA;6;14.04.1976;0;6
KURDISTAN;6;15.01.1974;0;6
SUDAYE;6;16.07.1977;0;6
UMMUANA;6;27.09.1956;0;6
GULEYZA;6;6.02.1972;0;6
RESIKE;6;28.05.1967;0;6
KEZAN;6;20.04.1968;0;6
SAHINDI;6;28.02.1971;0;6
EMMEN;6;6.03.1963;0;6
UMMUKADIN;6;7.12.1964;0;6
RUIZA;6;10.06.1971;0;6
NURYAT;6;30.11.1956;0;6
GUPRAN;6;26.06.1961;0;6
TATJANA;6;18.07.1974;0;6
RAVZANUR;6;29.08.1989;0;6
FENUZE;6;24.04.1971;0;6
TUVBA;6;20.04.1981;0;6
GULFEDEN;6;1.02.1956;0;6
ZEDEFIYE;6;12.09.1961;0;6
HANIMANA;6;21.06.1962;0;6
GULUKIZ;6;7.12.1958;0;6
KIZKAYIT;6;13.06.1966;0;6
BAFTALI;6;20.06.1958;0;6
SELINE;6;12.11.1977;0;6
MENDILE;6;12.04.1960;0;6
MAYNURE;6;23.06.1963;0;6
ZENEP;6;23.08.1959;0;6
FICAN;6;12.05.1968;0;6
GULISIM;6;13.03.1961;0;6
HORYA;6;9.02.1972;0;6
FERFURA;6;16.01.1960;0;6
TOPPE;6;5.07.1967;0;6
TURZE;6;23.10.1955;0;6
GUNDE;6;7.10.1975;0;6
NESMILE;6;18.09.1950;0;6
TEVRIS;6;29.07.1946;0;6
YAGDA;6;9.07.1948;0;6
FUNDAN;6;23.02.1977;0;6
ILTIMAZ;6;11.06.1959;0;6
HANSENEM;6;6.01.1968;0;6
MANURE;6;8.06.1950;0;6
GULHEYRAN;6;10.01.1956;0;6
MUSEMMER;6;7.11.1951;0;6
ZIFET;6;30.08.1957;0;6
DILEHAN;6;26.03.1983;0;6
ARIGUL;6;9.07.1969;0;6
SAYIDA;6;7.05.1958;0;6
METICE;6;21.01.1964;0;6
GULKIYMET;6;20.02.1971;0;6
GULSITEM;6;6.02.1957;0;6
MULAYIME;6;4.11.1951;0;6
SIFATUN;6;15.02.1983;0;6
SEVGUZAR;6;9.07.1955;0;6
MEVIYE;6;26.08.1972;0;6
GUZUT;6;20.10.1962;0;6
FERYE;6;17.03.1965;0;6
ERUZE;6;21.12.1959;0;6
GULSIBEL;6;15.05.1968;0;6
DUDUCAN;6;11.03.1965;0;6
RUEYDE;6;27.04.1962;0;6
MUHTEVER;6;15.01.1972;0;6
VESAMET;6;29.07.1942;0;6
MIHRACA;6;15.07.1967;0;6
SAHINDEN;6;17.04.1968;0;6
AYATUN;6;13.10.1965;0;6
SELIMNAZ;6;25.12.1963;0;6
SUBUBE;6;25.11.1957;0;6
HACIHATUN;6;8.07.1970;0;6
MUHLISER;6;25.06.1961;0;6
FETTANIYE;6;29.2.1947;0;6
HUMMIYE;6;23.08.1957;0;6
ERVANIYE;6;7.04.1949;0;6
GUNSEVIM;6;23.12.1955;0;6
MUMUNET;6;14.02.1940;0;6
NEIDE;6;23.09.1959;0;6
NURKA;6;16.03.1946;0;6
PUNA;6;4.10.1969;0;6
AMIYET;6;19.03.1967;0;6
VELADET;6;16.12.1969;0;6
GEBEHAN;6;19.08.1936;0;6
MURVE;6;14.11.1962;0;6
ZINEB;6;25.05.1974;0;6
ZEKIE;6;3.02.1962;0;6
BEYNANE;6;2.08.1961;0;6
AMANE;6;4.01.1957;0;6
UZUDE;6;21.06.1960;0;6
DILARAY;6;26.08.1987;0;6
BILKEYIS;6;8.01.1951;0;6
NEFIE;6;5.05.1970;0;6
AGNIESZKA;6;24.05.1976;0;6
RUYNAZ;6;27.11.1956;0;6
NARBEYAZ;6;10.08.1982;0;6
RECMIYE;6;13.05.1953;0;6
DOINITA;6;28.05.1971;0;6
MELER;6;13.10.1952;0;6
MAYNOR;6;2.11.1949;0;6
MANZUME;6;8.07.1958;0;6
GUNANE;6;1.04.1959;0;6
BAKIDE;6;22.09.1956;0;6
HEMZADE;6;21.09.1948;0;6
BEDINUR;6;17.01.1958;0;6
DODEY;6;14.05.1942;0;6
BESIY;6;27.06.1945;0;6
MUNEYFE;6;18.12.1971;0;6
NESIBIYE;6;6.12.1946;0;6
SEMEY;6;8.02.1958;0;6
HUCCEY;6;9.03.1942;0;6
GULUBE;6;18.06.1951;0;6
SENIYHA;6;20.06.1965;0;6
AYLIMAN;6;6.02.1978;0;6
GULSOSUN;6;28.10.1972;0;6
RIHAYYE;6;7.01.1962;0;6
GULFIN;6;9.10.1977;0;6
KEZZIBANI;6;18.09.1956;0;6
ZELFA;6;2.12.1967;0;6
LEYYUZE;6;17.12.1959;0;6
NASLIYE;6;13.09.1952;0;6
NILVIN;6;24.02.1972;0;6
SUMEYDA;6;27.03.1983;0;6
MUGEM;6;28.12.1982;0;6
FANICA;6;6.06.1963;0;6
MARGERIT;6;7.02.1954;0;6
AYBERIN;6;21.09.1955;0;6
VEFAK;6;21.10.1980;0;6
ILEN;6;7.06.1969;0;6
MANULYA;6;2.11.1968;0;6
MUSARET;6;1.09.1968;0;6
SAMINA;6;19.10.1980;0;6
ULVIYYE;6;2.01.1974;0;6
SEDEFGUL;6;6.04.1977;0;6
RAZE;6;27.7.1629;0;6
IRFIYE;6;26.08.1969;0;6
NURGIHAN;6;26.04.1982;0;6
UGE;6;29.09.1961;0;6
NURSINA;6;22.05.1974;0;6
SANUBER;6;3.09.1945;0;6
EZMINE;6;19.04.1969;0;6
MEVHARET;6;30.2.1961;0;6
SINAFIYE;6;3.09.1947;0;6
GUCAN;6;5.05.1977;0;6
UMMUSI;6;19.08.1960;0;6
MUHECCEL;6;4.10.1960;0;6
MEZMURIYE;6;13.02.1956;0;6
NEVIBE;6;26.12.1965;0;6
MESAHAT;6;4.01.1951;0;6
NEDIHAT;6;21.04.1950;0;6
SIRIYA;6;24.11.1973;0;6
TESBIYE;6;2.08.1964;0;6
CUHERIYE;6;17.10.1955;0;6
BETTY;6;8.03.1962;0;6
SEMIHAGUL;6;27.12.1961;0;6
SEHUR;6;5.10.1946;0;6
LIBA;6;28.12.1965;0;6
GULERTEN;6;2.03.1957;0;6
BEHTER;6;30.04.1952;0;6
BEVRIYE;6;25.01.1961;0;6
GIRIZAN;6;1.01.1956;0;6
MUZERIFE;6;22.01.1973;0;6
RAFE;6;30.01.1946;0;6
SERAPGUL;6;21.07.1978;0;6
FAILA;6;11.06.1977;0;6
BELGIZE;6;29.08.1966;0;6
ZOHREGUL;6;21.01.1967;0;6
MUKEDER;6;19.07.1964;0;6
NISER;6;9.04.1981;0;6
HILVI;6;19.08.1948;0;6
BETUGUL;6;10.09.1969;0;6
NESIMAN;6;29.01.1970;0;6
YASEMINGUL;6;23.10.1969;0;6
FECIDE;6;14.11.1961;0;6
OANA;6;17.10.1980;0;6
AVEYS;6;13.08.1948;0;6
GAM;6;17.04.1961;0;6
KIBIRA;6;24.12.1965;0;6
ENBIS;6;16.12.1947;0;6
MURRIVET;6;24.12.1969;0;6
RAKUS;6;26.07.1948;0;6
ZEYNEPCAN;6;28.09.1989;0;6
CUNETI;6;24.08.1970;0;6
KEZIMAN;6;16.05.1958;0;6
NEVAHAT;6;13.01.1971;0;6
ISME;6;10.01.1951;0;6
NETIME;6;29.09.1966;0;6
YESENYA;6;5.06.1991;0;6
SADIFER;6;4.04.1963;0;6
HALLUMA;6;8.12.1953;0;6
EZDEHAR;6;14.11.1968;0;6
NERMINAY;6;4.01.1971;0;6
NURFESAN;6;18.04.1981;0;6
SELDANE;6;23.03.1969;0;6
FEDORA;6;12.04.1971;0;6
RAZILE;6;12.08.1961;0;6
OVES;6;29.01.1951;0;6
ZUHURA;6;20.08.1954;0;6
GULCAL;6;10.06.1976;0;6
SENGULEN;6;21.08.1959;0;6
SELKIN;6;17.12.1974;0;6
NERIZAN;6;14.06.1952;0;6
HANNIYE;6;9.03.1967;0;6
RAIFET;6;7.06.1962;0;6
RAZIMA;6;2.05.1960;0;6
GAMSE;6;12.11.1963;0;6
HAMAYLI;6;7.01.1958;0;6
SEHIRZAN;6;22.06.1957;0;6
SALFINAZ;6;21.03.1945;0;6
SELBA;6;7.07.1967;0;6
CEHIBE;6;18.12.1959;0;6
GEMSIYE;6;18.02.1961;0;6
MESIRRET;6;16.05.1949;0;6
UMMUSELEME;6;3.05.1985;0;6
NURNIHAN;6;27.01.1971;0;6
TAIDE;6;10.12.1964;0;6
KIVAR;6;7.01.1958;0;6
OCI;6;23.10.1946;0;6
FIRYA;6;18.01.1964;0;6
IMISEN;6;24.11.1942;0;6
NIKI;6;8.06.1949;0;6
HAYICE;6;24.11.1958;0;6
SEMSAY;6;27.05.1967;0;6
TEZBIHA;6;14.09.1974;0;6
VEDFAN;6;4.11.1965;0;6
DILISAH;6;17.05.1971;0;6
OLVIYE;6;6.04.1957;0;6
BADILE;6;21.08.1942;0;6
SAHSENA;6;19.08.1970;0;6
SELBER;6;12.01.1966;0;6
NURULHIDA;6;13.01.1964;0;6
UMIDA;6;25.08.1977;0;6
BRIGITTA;6;29.10.1951;0;6
DOROTA;6;17.05.1973;0;6
KUSSUN;6;14.12.1956;0;6
SEMSIBANU;6;24.05.1960;0;6
RUGIYYE;6;27.11.1963;0;6
BEHINUR;6;2.06.1943;0;6
JOULIA;6;22.11.1971;0;6
BUFIDE;6;1.06.1972;0;6
HAFSEDE;6;29.03.1961;0;6
SULBIYA;6;25.09.1964;0;6
NAZLUME;6;8.06.1956;0;6
ZERSIN;6;8.05.1975;0;6
JASMINE;6;26.08.1983;0;6
MAUREEN;6;8.11.1950;0;6
ASHIYE;6;27.09.1959;0;6
AFIDEN;6;22.09.1955;0;6
MAHSUBIYE;6;14.07.1963;0;6
SERFIN;6;3.02.1971;0;6
NECIMIYE;6;28.08.1961;0;6
BARBEL;6;8.03.1950;0;6
HUSMIYE;6;5.12.1954;0;6
ROBERTA;6;1.11.1975;0;6
MILGUN;6;8.12.1976;0;6
DELTA;6;1.02.1977;0;6
NELYA;6;4.05.1975;0;6
MEKA;6;3.01.1965;0;6
NADIREN;6;27.04.1966;0;6
ALTINTERIM;6;4.06.1949;0;6
GANIFER;6;6.01.1968;0;6
RUZANNA;6;10.12.1967;0;6
SUTTU;6;12.02.1961;0;6
IREFIYE;6;5.03.1955;0;6
HEATHER;6;2.06.1962;0;6
NEGIHA;6;10.12.1968;0;6
GUZEYYA;6;4.03.1979;0;6
FLORINA;6;6.01.1976;0;6
INARA;6;1.06.1983;0;6
VARTOHI;6;12.02.1940;0;6
NILCAY;6;12.09.1975;0;6
SEVGIYAN;6;21.10.1961;0;6
PIRUZAN;6;25.05.1957;0;6
NEVISTER;6;23.10.1953;0;6
DENISA;6;11.09.1969;0;6
MAVERA;6;25.02.1983;0;6
KABRIYE;6;17.08.1956;0;6
NARINSAH;6;13.06.1959;0;6
ZENUP;6;1.10.1955;0;6
KEFI;6;25.08.1944;0;6
REDIFIYE;6;21.09.1960;0;6
IMELDA;6;2.02.1974;0;6
HEIKE;6;17.08.1961;0;6
DIDA;6;30.11.1961;0;6
IWONA;6;1.07.1971;0;6
AYSILA;6;16.06.1981;0;6
ALEVTINA;6;15.03.1975;0;6
BIRCEN;6;27.04.1972;0;6
MIHRUNNISA;6;30.9.1620;0;6
SUVELLA;6;22.12.1976;0;6
ROKEN;6;24.12.1984;0;6
MESSUDIYE;6;14.04.1956;0;6
KANIMA;6;11.01.1958;0;6
SEFAYNUR;6;23.07.1978;0;6
AXENIA;6;29.09.1975;0;6
CEVVALE;6;15.05.1947;0;6
SATDIYE;6;21.03.1969;0;6
TEFILE;6;12.10.1965;0;6
CAROLYN;6;1.05.1962;0;6
RUSLANA;6;4.03.1977;0;6
ZOIA;6;7.03.1968;0;6
LADA;6;8.03.1973;0;6
TINATIN;6;14.01.1970;0;6
REYAL;6;13.05.1972;0;6
MANZURA;6;15.06.1969;0;6
GENOVEVA;6;6.09.1968;0;6
BEDRIS;6;6.11.1948;0;6
AYBUKEM;6;8.04.1980;0;6
FILLIYE;6;2.08.1964;0;6
KANDAHAR;6;19.02.1961;0;6
BALCAN;6;22.02.1976;0;6
MEZANE;6;27.04.1964;0;6
BERNEV;6;11.03.1973;0;6
BULBEN;6;16.06.1963;0;6
SAHARA;6;23.09.1983;0;6
MUHUBER;6;26.08.1965;0;6
ZEMIRA;6;25.10.1973;0;6
DUDUHANIM;6;4.03.1962;0;6
GULHILAL;6;4.10.1980;0;6
SELSEBIL;6;11.08.1974;0;6
LALECAN;6;7.11.1978;0;6
GULBASAK;6;23.02.1979;0;6
HANUMSE;6;13.06.1962;0;6
ZULFISAH;6;10.03.1950;0;6
SEHNIYE;6;27.03.1959;0;6
MUVETCEL;6;28.02.1954;0;6
MUTEZEM;6;23.12.1968;0;6
SANDIM;6;27.06.1973;0;6
MIOARA;6;8.05.1968;0;6
DILBENT;6;12.02.1967;0;6
SEBIS;6;26.09.1945;0;6
MISKE;6;12.08.1952;0;6
MEYZINE;6;23.04.1952;0;6
RUKSEL;6;27.01.1956;0;6
LEVUZE;6;8.12.1965;0;6
SEVGUNAZ;6;7.09.1962;0;6
CIDAM;6;16.01.1976;0;6
MUFERRIYE;6;6.05.1946;0;6
KIMETA;6;18.02.1960;0;6
MUKADDIZ;6;30.11.1955;0;6
VILDEN;6;22.10.1967;0;6
SENIFE;6;20.10.1949;0;6
OMURZADE;6;30.06.1966;0;6
EMIDE;6;14.03.1950;0;6
SEMLA;6;12.03.1971;0;6
ESADE;6;6.04.1956;0;6
NARIE;6;7.12.1978;0;6
GUTEN;6;18.10.1976;0;6
ZULFIDAR;6;23.12.1954;0;6
EDEL;6;8.01.1962;0;6
EYLE;6;17.05.1948;0;6
SELINDA;6;25.08.1979;0;6
VICTORITA;6;5.10.1973;0;6
OSMAN;304679;8.10.1962;304674;5
SULEYMAN;211808;8.11.1963;211803;5
MUSA;94638;30.05.1967;94633;5
YUNUS;77340;26.07.1974;77335;5
NURETTIN;63454;12.08.1965;63449;5
KAZIM;60253;28.08.1959;60248;5
IDRIS;39583;20.07.1969;39578;5
RIZA;37517;23.12.1960;37512;5
HAMDI;32573;12.11.1960;32568;5
KERIM;26226;4.03.1967;26221;5
CUNEYT;23699;11.03.1981;23694;5
CAHIT;21765;5.07.1968;21760;5
FETHI;15233;14.06.1964;15228;5
RUSTEM;11585;27.09.1964;11580;5
RECAI;10632;23.01.1967;10627;5
CELIL;10197;11.07.1966;10192;5
HAYRULLAH;9413;5.09.1966;9408;5
SITKI;8968;19.10.1962;8963;5
IZZETTIN;8801;30.05.1967;8796;5
FERIDUN;8270;20.01.1968;8265;5
MENDERES;8078;15.07.1973;8073;5
LUTFU;7965;28.06.1963;7960;5
VEHBI;7539;24.04.1965;7534;5
VURAL;6814;4.12.1972;6809;5
HABIB;6412;19.03.1971;6407;5
FAZIL;5473;4.07.1966;5468;5
ERDI;5040;20.07.1989;5035;5
MAKSUT;4092;6.11.1962;4087;5
TAYFUR;4027;21.11.1974;4022;5
CESUR;3188;30.09.1978;3183;5
VEYIS;3157;29.04.1963;3152;5
SIRRI;2836;6.03.1962;2831;5
TEOMAN;2734;27.02.1969;2729;5
SEYHO;2200;10.12.1954;2195;5
EFE;2083;18.04.1984;2078;5
EFKAN;1991;9.01.1976;1986;5
SEMIR;1790;27.09.1972;1785;5
SIH;1640;5.02.1959;1635;5
SAKIP;1315;30.10.1963;1310;5
ALPEREN;1114;6.08.1987;1109;5
HUMMET;1010;4.06.1966;1005;5
SELATTIN;691;5.10.1960;686;5
ATAY;673;20.08.1967;668;5
RUFAT;621;22.03.1958;616;5
SANCAR;564;17.02.1978;559;5
RITVAN;550;29.03.1969;545;5
SAHIP;543;11.10.1968;538;5
HUDEYDA;532;13.07.1963;527;5
BEDIH;513;26.02.1969;508;5
SURURI;424;30.11.1959;419;5
DEMIREL;402;16.08.1968;397;5
EBUZER;401;26.07.1974;396;5
NURBAY;370;16.04.1970;365;5
MEVLUD;313;13.12.1964;308;5
ALISEN;288;16.04.1969;283;5
UYGUR;236;17.07.1972;231;5
SEH;226;25.03.1958;221;5
NAMAZ;224;15.01.1954;219;5
TUGBERK;220;16.06.1987;215;5
BULDUK;217;17.06.1955;212;5
ESMANI;215;27.11.1958;210;5
SABEN;214;1.08.1967;209;5
ERGUVEN;185;2.08.1968;180;5
SANCAK;181;15.07.1973;176;5
PERTEV;179;7.04.1961;174;5
SERTAS;146;30.09.1981;141;5
TEVABIL;127;7.02.1965;122;5
YUSA;127;20.03.1981;122;5
ERSAY;123;10.04.1975;118;5
OKTEM;119;20.10.1973;114;5
FERYADI;118;2.01.1971;113;5
HEDIYETULLAH;117;24.07.1978;112;5
FERHO;114;18.03.1946;109;5
ZULKIFLI;109;22.06.1961;104;5
HAVVAS;104;14.03.1967;99;5
ERGEN;104;4.02.1968;99;5
PIR;104;7.03.1961;99;5
ILTERIS;99;29.03.1979;94;5
MIRAZ;99;13.10.1969;94;5
BURKAN;98;26.10.1980;93;5
ZUVER;80;27.01.1962;75;5
DARA;76;21.11.1975;71;5
ERCE;76;28.03.1983;71;5
UFUKTAN;72;14.05.1978;67;5
SAHSUVAR;71;6.08.1963;66;5
SUVAR;70;10.11.1974;65;5
KURTUL;70;19.02.1969;65;5
GIRGIN;70;17.02.1962;65;5
BABLI;70;19.10.1967;65;5
MUSIN;69;26.05.1963;64;5
RESIM;67;25.10.1963;62;5
ZILFIKAR;63;22.05.1961;58;5
ETKIN;62;16.04.1981;57;5
BOYRAZ;61;14.08.1957;56;5
MUSTEKIM;59;7.07.1977;54;5
OGUNC;58;4.12.1983;53;5
MURTAZE;57;6.05.1965;52;5
BIRAND;54;15.03.1985;49;5
GENCEHAN;54;21.05.1981;49;5
CEBAR;52;16.07.1970;47;5
BURAN;51;19.04.1967;46;5
MINIR;51;15.04.1961;46;5
CAZIP;49;18.10.1961;44;5
ESENER;47;1.05.1980;42;5
PILOT;47;18.06.1974;42;5
SAHIM;46;19.05.1961;41;5
HINCAL;45;21.01.1970;40;5
KUTAS;45;13.10.1967;40;5
SENCAR;44;19.05.1964;39;5
TEYSIR;43;2.01.1977;38;5
MULUK;43;7.01.1969;38;5
MINTAS;42;14.04.1969;37;5
BERHAT;41;20.01.1978;36;5
TURESIN;40;14.04.1963;35;5
APAYDIN;39;26.01.1965;34;5
SECAT;38;21.05.1967;33;5
GUNDAR;38;26.05.1974;33;5
SAZENUS;37;15.12.1968;32;5
GOREN;37;13.05.1965;32;5
ERGUNAY;36;6.02.1971;31;5
NEVZI;36;7.01.1964;31;5
MELIKHAN;34;6.03.1977;29;5
TUTKUN;34;21.11.1980;29;5
SERVENT;34;12.02.1975;29;5
GULAVI;33;1.02.1958;28;5
GORAY;33;1.09.1975;28;5
AHAD;32;9.04.1968;27;5
ISLAH;32;1.08.1970;27;5
EFO;31;9.04.1943;26;5
AYDAR;30;27.07.1965;25;5
OLGAN;30;9.05.1977;25;5
MAMOS;29;18.06.1956;24;5
HIDAYI;29;3.05.1967;24;5
NEFIL;29;13.10.1966;24;5
ACIL;29;30.07.1972;24;5
MAFIZ;29;16.05.1963;24;5
EMRUL;28;22.08.1969;23;5
YAKIN;28;27.12.1974;23;5
MURSIN;27;11.10.1960;22;5
NURSIT;27;21.05.1967;22;5
KAYAN;27;26.09.1963;22;5
MAHZUN;26;8.02.1970;21;5
HAYRUNNAS;25;13.02.1959;20;5
SERKAY;25;16.05.1983;20;5
NECVET;25;23.09.1958;20;5
DOGAL;25;15.12.1981;20;5
SENKAN;24;30.07.1970;19;5
SAHSI;24;17.03.1965;19;5
SAHAT;23;6.10.1962;18;5
NAHI;23;7.05.1962;18;5
MUHAN;22;28.08.1960;17;5
ZIFER;22;7.09.1960;17;5
NURKAY;22;15.10.1969;17;5
MUHTAC;22;28.06.1979;17;5
TURER;22;29.12.1960;17;5
GUNDENIZ;21;2.01.1971;16;5
NURDIN;21;26.04.1973;16;5
UTKUN;21;28.06.1982;16;5
FIRSAT;20;7.12.1981;15;5
SACI;20;11.05.1963;15;5
SAMUT;20;28.05.1961;15;5
SEHADE;20;19.12.1952;15;5
SAHSIN;18;4.10.1958;13;5
YURTAY;18;30.03.1966;13;5
METAL;18;7.11.1972;13;5
SARIK;18;25.09.1964;13;5
EBABIL;18;7.10.1973;13;5
SAHMER;18;25.06.1967;13;5
MELKE;17;20.08.1961;12;5
ABIDER;17;30.04.1967;12;5
ASKINER;17;11.10.1976;12;5
SUCAY;17;4.11.1972;12;5
TULUHAN;17;30.01.1972;12;5
EBRAL;17;25.04.1977;12;5
MUHDET;16;1.08.1972;11;5
SAYGILI;16;3.05.1968;11;5
ERDEHAN;16;18.06.1970;11;5
ARDIC;16;28.05.1980;11;5
AZO;15;8.02.1950;10;5
HEDEF;15;20.10.1973;10;5
GUREN;15;2.05.1968;10;5
MURAL;15;29.11.1972;10;5
CANAL;15;26.08.1973;10;5
MUDAFA;15;23.04.1968;10;5
NUKRET;15;26.06.1959;10;5
ISMISAH;15;12.07.1960;10;5
ARAZ;15;9.08.1966;10;5
EREK;15;11.03.1980;10;5
NUSHAT;15;21.03.1960;10;5
ARIK;15;24.08.1955;10;5
VECAT;15;2.05.1956;10;5
ULUNAY;15;9.01.1970;10;5
ABDULHAN;14;29.2.1969;9;5
GABI;14;7.04.1969;9;5
NURTAY;14;5.04.1964;9;5
MUHUP;14;15.01.1960;9;5
RUSET;14;9.01.1961;9;5
YALGIN;14;25.02.1966;9;5
ORSEL;14;28.10.1975;9;5
CAGIM;14;28.12.1983;9;5
ZUBEY;13;26.12.1956;8;5
TEKSAN;13;3.01.1978;8;5
MICAZ;13;3.05.1964;8;5
MUJDER;13;1.08.1974;8;5
SAHMEREN;13;8.10.1967;8;5
FEYZAT;13;18.05.1963;8;5
ONSER;13;7.11.1970;8;5
OZVERI;13;23.01.1979;8;5
ABOS;13;5.10.1957;8;5
SEFFET;13;30.06.1958;8;5
USTUNAY;13;17.09.1974;8;5
OVGUN;13;11.02.1986;8;5
NURKUT;13;24.06.1968;8;5
ONEY;13;30.2.1973;8;5
KURI;12;22.10.1934;7;5
BIRZAN;12;26.06.1967;7;5
MIDYAT;12;19.03.1971;7;5
AYDUN;12;24.06.1966;7;5
DUYAL;12;16.06.1973;7;5
GULTURK;12;10.07.1964;7;5
NIZAN;12;1.06.1964;7;5
IMRANI;12;18.09.1962;7;5
UBEYDA;12;23.09.1976;7;5
YANER;12;25.12.1982;7;5
YESRIP;12;15.04.1980;7;5
AREP;12;16.05.1955;7;5
AYVAR;12;9.02.1975;7;5
AFAK;12;16.02.1975;7;5
MENGUHAN;12;4.04.1971;7;5
IMIR;12;16.05.1955;7;5
OSAN;12;23.07.1964;7;5
AYDINAY;12;30.03.1967;7;5
MUZAHIM;11;25.03.1962;6;5
HONKAR;11;17.01.1962;6;5
IRCAN;11;3.08.1969;6;5
YESAR;11;29.03.1960;6;5
RAHIMI;11;19.11.1953;6;5
AHMER;11;17.08.1967;6;5
SEDAAT;11;7.11.1964;6;5
SELTAN;11;28.06.1974;6;5
DUYAR;11;19.12.1967;6;5
ZINHAR;11;18.06.1955;6;5
CEMI;11;21.07.1964;6;5
ENSAL;11;20.11.1971;6;5
GERIP;11;1.09.1965;6;5
TUCAN;11;10.04.1974;6;5
ESAME;11;1.04.1971;6;5
TANSUN;11;23.03.1973;6;5
MILAS;11;12.04.1974;6;5
NEZLET;11;30.09.1959;6;5
IHTILAL;11;17.01.1974;6;5
DESTI;10;23.06.1956;5;5
SEVMI;10;25.09.1960;5;5
TACO;10;13.11.1961;5;5
INSALLAH;10;15.04.1981;5;5
BERRI;10;24.07.1953;5;5
SAHSIVER;10;5.07.1959;5;5
ENAM;10;14.12.1975;5;5
MAHCUP;10;29.08.1953;5;5
SEFFA;10;8.02.1972;5;5
HAMLET;10;23.09.1969;5;5
ILGER;10;15.08.1964;5;5
CEMAN;10;5.01.1963;5;5
ALPERAY;10;13.01.1983;5;5
SATIK;10;16.07.1948;5;5
SEVINCER;10;18.10.1961;5;5
REVDET;10;14.02.1969;5;5
ERBU;10;9.10.1979;5;5
SEYIHAN;10;28.07.1963;5;5
SENUL;10;26.01.1970;5;5
OKCAY;9;5.10.1972;4;5
HAYAM;9;21.10.1980;4;5
NURIL;9;1.06.1974;4;5
POLI;9;8.07.1955;4;5
BESRIN;9;18.02.1974;4;5
TAKTIR;9;20.03.1978;4;5
MIGRAC;9;12.09.1972;4;5
OZYAR;9;9.11.1955;4;5
SAHRAN;9;26.01.1972;4;5
NURLA;9;5.01.1971;4;5
MESIYA;9;19.09.1962;4;5
MEKNUN;9;27.12.1962;4;5
MELISAH;9;21.06.1968;4;5
KAMAN;9;14.09.1960;4;5
CECO;9;13.09.1941;4;5
RAKI;9;26.11.1942;4;5
HURIS;9;25.04.1969;4;5
TUGA;9;29.03.1981;4;5
DERSU;9;15.01.1985;4;5
ORSEN;9;22.12.1975;4;5
SEBU;9;25.06.1962;4;5
MESIN;9;27.02.1968;4;5
ORFET;9;30.11.1954;4;5
KAVUS;9;10.07.1957;4;5
SENDAY;9;2.10.1971;4;5
SELVERI;9;3.12.1943;4;5
SIYASER;9;6.11.1964;4;5
ILBAS;9;10.10.1962;4;5
NUSVET;9;21.10.1968;4;5
ZEYIN;9;1.10.1948;4;5
SONMAZ;9;13.10.1963;4;5
TESELLI;9;18.07.1977;4;5
SEYRET;8;1.04.1957;3;5
AKDES;8;21.01.1959;3;5
NABET;8;14.02.1960;3;5
BEHI;8;27.05.1956;3;5
MAI;8;22.03.1950;3;5
NESAI;8;23.10.1979;3;5
SABAHAN;8;22.12.1968;3;5
SAFFA;8;26.03.1965;3;5
HIZAN;8;29.12.1981;3;5
PIRSENG;8;27.01.1980;3;5
CEVHAR;8;10.04.1972;3;5
YAZGIN;8;6.05.1984;3;5
MUNTEZA;8;5.03.1970;3;5
ORGEN;8;8.04.1966;3;5
CEMILAY;8;1.12.1973;3;5
KEYVAN;8;4.12.1977;3;5
SABIRIN;8;20.11.1960;3;5
YURTTAN;8;22.06.1953;3;5
IBADE;8;30.2.1954;3;5
MUDAHER;8;14.02.1966;3;5
ERSEVIM;8;27.07.1959;3;5
CEMAAT;8;10.04.1970;3;5
BAHAN;8;5.07.1979;3;5
NIVAN;8;18.09.1981;3;5
SIRINCAN;8;12.05.1984;3;5
UMMETULLAH;8;12.09.1950;3;5
LALO;8;28.06.1947;3;5
SADOL;8;1.11.1968;3;5
NURIN;8;12.07.1974;3;5
MERGEN;8;20.01.1972;3;5
BUKEN;8;20.06.1963;3;5
ISRAF;8;20.08.1957;3;5
BERF;8;5.11.1973;3;5
OTUKEN;8;15.06.1983;3;5
MUHEYYET;8;8.12.1952;3;5
BEN;8;27.01.1978;3;5
MUTEREM;8;26.05.1959;3;5
MUHTEREN;8;24.05.1975;3;5
YANARAY;8;26.08.1966;3;5
GOREM;8;20.07.1986;3;5
BURUN;8;10.06.1962;3;5
SERPAY;8;14.11.1979;3;5
SUN;8;25.07.1963;3;5
ULEV;7;11.12.1965;2;5
INAY;7;22.09.1969;2;5
ELIYE;7;23.12.1967;2;5
BERRUN;7;11.03.1976;2;5
CEVAN;7;24.07.1970;2;5
BINAYI;7;9.09.1981;2;5
GAZO;7;30.04.1947;2;5
HECRI;7;22.02.1956;2;5
TEKVA;7;24.04.1984;2;5
SIFAN;7;24.02.1977;2;5
OSKI;7;2.03.1946;2;5
DIRSIM;7;25.01.1977;2;5
ESMO;7;1.06.1957;2;5
SELAMA;7;20.05.1968;2;5
ROJDE;7;28.08.1984;2;5
KURDU;7;30.07.1967;2;5
AYPEK;7;4.02.1963;2;5
GOGMEN;7;24.01.1960;2;5
SIFAKER;7;2.04.1959;2;5
MIKAY;7;17.03.1976;2;5
YUCELAY;7;18.04.1962;2;5
ILCIHAN;7;20.09.1971;2;5
NEVRAH;7;21.05.1976;2;5
BEYDAR;7;27.12.1956;2;5
BILHAYAT;7;29.05.1960;2;5
USRAN;7;18.09.1965;2;5
ZAFI;7;14.12.1949;2;5
IRMAN;7;3.10.1957;2;5
OZLEMIN;7;5.09.1977;2;5
BURAM;7;25.04.1986;2;5
NEVER;7;6.10.1975;2;5
MERVEHAN;7;17.01.1988;2;5
GULAHI;7;18.04.1974;2;5
HURMEN;7;28.09.1976;2;5
EZA;7;23.08.1975;2;5
FAYI;7;17.06.1938;2;5
GOSTER;7;15.12.1954;2;5
MITAN;7;9.08.1965;2;5
FERZADE;7;25.02.1971;2;5
SADIS;7;5.04.1956;2;5
SERAIL;7;19.10.1964;2;5
MECLUM;7;28.10.1970;2;5
SULBI;7;6.09.1951;2;5
YASINER;7;16.05.1982;2;5
MAHRI;7;28.05.1957;2;5
SUKRANI;7;10.03.1973;2;5
TERMAN;7;21.01.1963;2;5
ZERUN;7;30.01.1962;2;5
ZEYN;7;13.01.1961;2;5
ATOS;7;28.01.1961;2;5
SEFRET;7;6.07.1960;2;5
HAMMES;7;20.06.1956;2;5
NERVAN;7;5.12.1969;2;5
GUVEM;7;15.07.1963;2;5
FELAKET;7;3.03.1964;2;5
SEBAY;7;13.11.1973;2;5
FERAGAT;7;18.07.1956;2;5
DUNYANUR;7;18.06.1974;2;5
RAIL;7;2.06.1966;2;5
ZURHAN;7;21.03.1966;2;5
NURVEREN;7;30.03.1970;2;5
ADILAY;7;29.12.1692;2;5
YILSAY;7;1.02.1964;2;5
HUSYAR;7;19.08.1976;2;5
NEZIMET;7;24.03.1957;2;5
AKILLI;7;29.11.1952;2;5
AKANDA;7;14.07.1980;2;5
GIRDAP;7;5.02.1987;2;5
TAMAN;7;9.02.1955;2;5
SERMUN;7;10.01.1968;2;5
KENI;7;1.08.1950;2;5
FITRAT;7;5.01.1943;2;5
IFAT;7;12.05.1953;2;5
SEHZA;7;28.02.1970;2;5
HAVIZ;6;21.11.1963;1;5
ERSEGUL;6;19.12.1983;1;5
SADISEN;6;17.08.1962;1;5
ELKA;6;8.03.1968;1;5
MUYRET;6;10.05.1965;1;5
EFIK;6;26.02.1960;1;5
MEHRE;6;25.07.1965;1;5
KULTAN;6;16.07.1953;1;5
AREBI;6;19.05.1962;1;5
HISSE;6;7.02.1968;1;5
DILVAZ;6;20.05.1971;1;5
RUFER;6;16.09.1973;1;5
DIRSE;6;9.11.1969;1;5
VELIYA;6;28.05.1975;1;5
SECEHAT;6;9.10.1971;1;5
HENAN;6;11.11.1978;1;5
GULYANA;6;15.11.1973;1;5
NUHE;6;4.11.1968;1;5
TEMIRTAS;6;14.02.1954;1;5
KUSE;6;13.08.1932;1;5
MISAN;6;13.01.1973;1;5
SAYHA;6;12.11.1962;1;5
MAVICAN;6;26.03.1977;1;5
SENKUL;6;5.11.1958;1;5
CAGRISIM;6;26.12.1984;1;5
ICMAL;6;21.03.1962;1;5
GULBI;6;14.05.1966;1;5
SEYYARI;6;12.01.1960;1;5
GULADI;6;6.02.1960;1;5
BEYSEN;6;29.10.1967;1;5
BILGOR;6;26.08.1970;1;5
MEKUL;6;16.02.1965;1;5
HEZAN;6;12.05.1967;1;5
CEVIZ;6;1.03.1959;1;5
GUNDUR;6;3.10.1969;1;5
SEHNI;6;14.04.1954;1;5
SEYLEN;6;3.12.1973;1;5
SEHHAR;6;29.07.1944;1;5
FEHMAN;6;21.10.1953;1;5
TUSEN;6;18.04.1982;1;5
MUZAHER;6;20.05.1952;1;5
GENCIHAN;6;23.04.1957;1;5
GULENDAG;6;17.11.1973;1;5
SUPAN;6;7.09.1969;1;5
NERMIZ;6;6.08.1953;1;5
IKBALI;6;14.08.1960;1;5
CILHAN;6;14.01.1966;1;5
ELTEM;6;10.02.1985;1;5
BEYNAR;6;18.04.1974;1;5
BUYAN;6;5.05.1944;1;5
ZULFICAN;6;15.11.1977;1;5
MINYET;6;30.05.1969;1;5
NUREM;6;28.11.1971;1;5
SAHSUMAN;6;12.08.1961;1;5
HEDAR;6;12.04.1982;1;5
BEDIZAMAN;6;10.10.1977;1;5
HAYRETI;6;12.07.1953;1;5
MAHABBET;6;30.10.1946;1;5
GURGEZ;6;19.02.1961;1;5
SEYRANGUL;6;20.12.1967;1;5
SERIFI;6;2.07.1941;1;5
SORA;6;27.01.1944;1;5
TURUNCU;6;6.01.1968;1;5
MUDRET;6;10.10.1967;1;5
HAMIN;6;20.02.1974;1;5
SERUN;6;22.04.1966;1;5
CUFER;6;1.04.1949;1;5
FERIDEN;6;5.05.1963;1;5
SAHIRAN;6;15.07.1968;1;5
VERKA;6;2.08.1946;1;5
REVSET;6;28.05.1968;1;5
GUNE;6;8.06.1967;1;5
CAYLAN;6;14.01.1977;1;5
NEAL;6;30.01.1970;1;5
MEVLI;6;23.04.1970;1;5
SAHAFET;6;15.04.1955;1;5
SEZE;6;16.11.1972;1;5
LEYSE;6;30.05.1959;1;5
HATU;6;12.09.1927;1;5
SENYA;6;9.03.1974;1;5
RUJAN;6;27.11.1978;1;5
MUGADDEM;6;17.10.1957;1;5
AYBAN;6;6.05.1962;1;5
GULVARI;6;7.10.1948;1;5
MURUVED;6;23.05.1969;1;5
EFRUS;6;21.03.1965;1;5
MINTAC;6;6.11.1971;1;5
FAYA;6;15.06.1955;1;5
MURSELEN;6;30.05.1974;1;5
SUFEDA;6;29.11.1956;1;5
EMETTULLAH;6;14.05.1968;1;5
TULUM;6;29.08.1964;1;5
EVIC;6;3.06.1980;1;5
NARDIN;6;22.08.1953;1;5
BENNA;6;10.10.1975;1;5
CADET;6;18.12.1955;1;5
URTEN;6;20.06.1957;1;5
SENDAN;6;3.04.1962;1;5
TURSIN;6;25.12.1944;1;5
SEVKINUR;6;21.7.1635;1;5
SAHINLER;6;5.07.1968;1;5
TELLIZADE;6;26.04.1966;1;5
SEYRIN;6;30.12.1951;1;5
EMHAN;6;24.01.1964;1;5
SOLAY;6;3.03.1975;1;5
ASKINAY;6;6.01.1980;1;5
MAHZURE;6;5.06.1949;1;5
ISLAHAT;6;22.02.1964;1;5
FEDALET;6;18.03.1963;1;5
SUNCAN;6;4.02.1966;1;5
GUNET;6;27.12.1966;1;5
GIRYAN;6;18.04.1978;1;5
MESEL;6;4.07.1966;1;5
NEYIL;6;15.06.1968;1;5
SELCIVAN;6;26.10.1977;1;5
JOAN;6;17.09.1954;1;5
FETAN;6;18.08.1958;1;5
HACILI;6;12.03.1962;1;5
KARSEL;6;11.06.1975;1;5
ESINC;6;21.12.1978;1;5
EMAY;6;11.10.1979;1;5
SEVRIN;6;15.12.1964;1;5
MEFANET;6;2.01.1966;1;5
AYISIK;6;10.02.1968;1;5
MUNUZ;6;18.11.1955;1;5
SUFULE;5;1.08.1956;0;5
MESLAHA;5;4.10.1971;0;5
MAYRANI;5;22.11.1936;0;5
SADRIE;5;28.06.1960;0;5
DAKI;5;5.11.1943;0;5
NEVREN;5;12.07.1976;0;5
MINUFE;5;21.08.1958;0;5
VECIHIYE;5;3.02.1957;0;5
MUSUGA;5;23.10.1956;0;5
GOLLUZAR;5;1.04.1959;0;5
YASEMINE;5;22.07.1975;0;5
MAHIPIRUZ;5;29.2.1953;0;5
MEHRISAH;5;7.02.1957;0;5
MABUP;5;28.03.1952;0;5
DOGE;5;15.06.1959;0;5
ILHADE;5;6.03.1963;0;5
SELIYHA;5;19.04.1970;0;5
SEBRU;5;14.05.1979;0;5
MAHPARA;5;26.09.1954;0;5
ALEVNUR;5;14.07.1974;0;5
GOKCENAZ;5;23.09.1989;0;5
MAYSERE;5;24.04.1959;0;5
SUHANDA;5;30.04.1971;0;5
GULTUNAY;5;11.07.1970;0;5
NADIREYE;5;14.07.1952;0;5
NEZIBAN;5;8.12.1959;0;5
REMIZYE;5;25.02.1988;0;5
MAYREY;5;14.06.1935;0;5
BESSIY;5;13.02.1941;0;5
HUREY;5;10.04.1944;0;5
MAKBERE;5;5.07.1962;0;5
GURSELAN;5;26.01.1973;0;5
MEDEHAT;5;27.03.1962;0;5
AYLENUR;5;11.05.1975;0;5
AYSECIN;5;27.02.1965;0;5
EDAHAN;5;21.05.1986;0;5
NERMUNE;5;26.06.1970;0;5
GEFURE;5;15.09.1958;0;5
FURUZHAN;5;26.05.1962;0;5
UNEYSE;5;21.09.1982;0;5
SAVE;5;20.12.1954;0;5
BERNAGUL;5;15.02.1982;0;5
BAYLA;5;30.2.1965;0;5
LEMINE;5;30.06.1958;0;5
MENIBE;5;11.01.1965;0;5
KADEME;5;23.06.1955;0;5
GUSE;5;14.02.1947;0;5
ZEBIYDE;5;29.01.1964;0;5
GUZELCAN;5;10.07.1977;0;5
NADRET;5;26.09.1961;0;5
REVZATE;5;30.06.1978;0;5
MAHPERIZ;5;6.07.1968;0;5
TEMIHA;5;18.07.1961;0;5
NEMIKAN;5;6.11.1966;0;5
GULIFTAR;5;2.09.1970;0;5
HAYDA;5;4.11.1966;0;5
GEZMINUR;5;27.01.1962;0;5
STER;5;9.06.1985;0;5
SEDRETE;5;7.08.1984;0;5
AYNUSA;5;26.02.1973;0;5
SIDRETE;5;9.09.1974;0;5
FARZE;5;11.08.1963;0;5
MIKELSUM;5;11.01.1983;0;5
MURSEDE;5;7.09.1963;0;5
ZUBEYRAN;5;3.01.1962;0;5
CEYDE;5;6.09.1981;0;5
YUSNA;5;12.04.1972;0;5
MAHMUBE;5;30.09.1958;0;5
OZLUFE;5;19.01.1980;0;5
MENCIK;5;7.08.1943;0;5
MAHRUFA;5;22.01.1975;0;5
HANSIYE;5;10.01.1977;0;5
BIRICE;5;6.04.1975;0;5
UVEYSE;5;15.08.1944;0;5
EHLIYET;5;7.05.1966;0;5
HUMRISAH;5;9.08.1961;0;5
ISLAME;5;25.11.1981;0;5
HANZA;5;15.09.1965;0;5
GERMUS;5;4.08.1973;0;5
HEVLET;5;19.01.1969;0;5
KIMETI;5;18.09.1968;0;5
HITI;5;13.06.1941;0;5
FUKRIYE;5;9.11.1954;0;5
HINA;5;16.06.1962;0;5
NISFANE;5;18.02.1963;0;5
ARUNA;5;9.06.1953;0;5
ERIYE;5;12.12.1955;0;5
ZEPNEP;5;26.08.1982;0;5
SIMANSA;5;1.04.1968;0;5
MAHRIBAN;5;21.12.1973;0;5
HIBRIYE;5;2.10.1961;0;5
SEVDED;5;11.08.1975;0;5
REKKIYE;5;17.08.1964;0;5
FAHIMA;5;18.04.1954;0;5
KESRIN;5;19.02.1966;0;5
HILIS;5;27.09.1954;0;5
FASULA;5;17.10.1952;0;5
HAFSU;5;24.04.1937;0;5
FARZIMELEK;5;25.06.1964;0;5
SIRVEN;5;6.03.1974;0;5
NEZBETE;5;13.09.1979;0;5
BEJNA;5;25.04.1987;0;5
ZENA;5;10.08.1968;0;5
ABDA;5;5.10.1947;0;5
VASIA;5;28.06.1974;0;5
TIRKE;5;9.11.1952;0;5
HIZNIGUL;5;23.05.1974;0;5
MUKADDAS;5;11.02.1979;0;5
SEFIHE;5;3.08.1966;0;5
HAZIKA;5;1.02.1956;0;5
BEYBUNE;5;20.07.1969;0;5
KEMLIYE;5;20.08.1969;0;5
HEZARI;5;29.07.1950;0;5
REMSE;5;16.07.1955;0;5
PIRIZAT;5;7.02.1963;0;5
GAZYA;5;15.03.1976;0;5
ISHEYYE;5;12.05.1964;0;5
RUBEYA;5;5.02.1971;0;5
EJDE;5;23.07.1973;0;5
HINT;5;4.03.1980;0;5
TAILE;5;17.04.1972;0;5
AYISI;5;25.09.1933;0;5
ZERGO;5;13.09.1959;0;5
BASNA;5;19.08.1969;0;5
ITTI;5;15.01.1945;0;5
HASSA;5;18.02.1935;0;5
KUCERI;5;26.03.1955;0;5
MUNEZZE;5;25.04.1968;0;5
ERISE;5;1.01.1966;0;5
TEREZI;5;12.04.1959;0;5
SUFEYRA;5;20.03.1968;0;5
RAKIBA;5;8.02.1958;0;5
NEJVA;5;24.02.1982;0;5
GULNIL;5;19.04.1969;0;5
ANBARE;5;11.06.1962;0;5
NAMZER;5;10.11.1952;0;5
NEZRE;5;6.02.1946;0;5
HAZRE;5;15.05.1949;0;5
MUSTAGFIRE;5;21.03.1953;0;5
NAYHAN;5;4.01.1964;0;5
MEHICE;5;14.03.1970;0;5
MUHELHEL;5;29.12.1963;0;5
MIHDIYA;5;5.11.1968;0;5
AFRAH;5;4.05.1983;0;5
IBTISEM;5;17.12.1976;0;5
SEVIDA;5;18.09.1967;0;5
ZIBI;5;30.07.1943;0;5
BEKRA;5;13.08.1962;0;5
YEZI;5;27.07.1975;0;5
HACCIYE;5;26.12.1961;0;5
KUBARI;5;11.03.1964;0;5
SEHIRA;5;21.07.1970;0;5
CIZRE;5;25.06.1959;0;5
FEYZENUR;5;14.04.1984;0;5
REMZIYYE;5;1.03.1974;0;5
CEVHARA;5;1.01.1962;0;5
ADLO;5;21.05.1943;0;5
NUCUD;5;2.12.1966;0;5
MUNIFA;5;8.09.1958;0;5
SEVKO;5;6.12.1957;0;5
MEKRIME;5;11.04.1955;0;5
SADAF;5;12.05.1964;0;5
ABULE;5;27.04.1969;0;5
NEDURE;5;5.06.1977;0;5
GOLUSTAN;5;14.07.1946;0;5
EMOSE;5;7.01.1945;0;5
RAHANI;5;4.03.1954;0;5
AFITA;5;4.11.1971;0;5
HEVRIZE;5;24.01.1969;0;5
MUZIRE;5;19.11.1962;0;5
NEBET;5;9.06.1981;0;5
GULPAR;5;12.12.1976;0;5
HANADI;5;11.02.1974;0;5
TEMBIYE;5;10.08.1976;0;5
ACUZE;5;8.11.1937;0;5
MULUKE;5;5.02.1977;0;5
SURKIYE;5;7.09.1962;0;5
MARYAN;5;30.08.1964;0;5
BEYLETA;5;16.09.1979;0;5
YUZLEM;5;29.06.1981;0;5
FEBRO;5;17.05.1960;0;5
KARLIGAS;5;15.07.1978;0;5
NURBA;5;12.11.1982;0;5
EPRIYE;5;12.08.1979;0;5
GULAYSEL;5;8.08.1966;0;5
METEBER;5;3.06.1975;0;5
RADIYYE;5;4.12.1964;0;5
MEREN;5;11.01.1957;0;5
MARDIYA;5;1.06.1976;0;5
FERDEVZ;5;28.06.1988;0;5
ABIRE;5;23.10.1971;0;5
HULUT;5;16.11.1989;0;5
RANDE;5;2.08.1976;0;5
HISNIYE;5;17.11.1968;0;5
ZENE;5;21.02.1967;0;5
HUNEYNA;5;3.05.1977;0;5
TISEM;5;19.03.1983;0;5
HAMRO;5;1.05.1953;0;5
HAVVE;5;22.07.1971;0;5
MEYADE;5;5.10.1974;0;5
TEKVE;5;8.10.1985;0;5
ZEBET;5;6.04.1965;0;5
GAYBE;5;7.04.1964;0;5
TARIHE;5;19.05.1971;0;5
LEYLETE;5;29.04.1977;0;5
KANIHA;5;12.02.1973;0;5
TAKVIYE;5;27.01.1974;0;5
DILNAVAS;5;12.11.1978;0;5
BEHHIYE;5;14.11.1943;0;5
SIHEN;5;4.04.1981;0;5
MERO;5;19.09.1950;0;5
ANTOINETTE;5;28.04.1964;0;5
SITTIYI;5;16.10.1951;0;5
GULSERPIL;5;23.01.1962;0;5
REFHA;5;25.09.1957;0;5
PIRSENK;5;29.10.1979;0;5
HUVIYE;5;16.01.1969;0;5
VEHIDA;5;25.01.1967;0;5
GARBIYA;5;8.08.1981;0;5
MUSAREF;5;2.05.1973;0;5
BERINE;5;5.10.1968;0;5
TERIZE;5;6.07.1959;0;5
SELMETA;5;24.04.1967;0;5
NEFRA;5;30.10.1975;0;5
SILMEZ;5;9.05.1983;0;5
LIDYE;5;5.11.1974;0;5
GERDO;5;2.04.1939;0;5
ERDIGAN;5;25.04.1954;0;5
MUNAVAR;5;6.08.1971;0;5
HAYETE;5;6.02.1977;0;5
NEILE;5;2.09.1972;0;5
ASITE;5;29.12.1972;0;5
NETELYE;5;18.01.1967;0;5
RAGDI;5;15.02.1933;0;5
SUAYDA;5;15.11.1964;0;5
GULSEH;5;24.06.1979;0;5
FEHDIYE;5;4.07.1962;0;5
CAHIDA;5;12.08.1973;0;5
NADIRSEN;5;15.07.1972;0;5
SAHNEZA;5;5.12.1986;0;5
SUHELLA;5;30.10.1977;0;5
SITARIYE;5;24.05.1973;0;5
KULSUME;5;6.05.1978;0;5
EBRIZET;5;21.11.1975;0;5
ZINARIN;5;3.02.1991;0;5
AYSIK;5;8.09.1936;0;5
CIBRIYE;5;22.05.1966;0;5
DILSOZ;5;11.02.1985;0;5
DINYA;5;21.12.1948;0;5
ZAINAB;5;20.04.1976;0;5
DEHILE;5;9.08.1935;0;5
SOMYA;5;23.04.1979;0;5
SEHMETE;5;2.06.1977;0;5
ABIZE;5;5.03.1964;0;5
KEMLA;5;7.04.1975;0;5
MARTHA;5;18.05.1969;0;5
ZUHEYLE;5;5.07.1973;0;5
FETHIYA;5;27.04.1975;0;5
KEZRIBAN;5;10.11.1961;0;5
MEHFIYE;5;30.01.1968;0;5
KETO;5;12.01.1953;0;5
CEVAHIRI;5;30.05.1947;0;5
ZEYRI;5;24.07.1962;0;5
SIPHO;5;5.06.1945;0;5
SODI;5;8.04.1950;0;5
REHIBE;5;15.11.1949;0;5
SEMEAT;5;4.05.1963;0;5
SUBEYYE;5;21.02.1964;0;5
HEYME;5;29.01.1949;0;5
SANINUR;5;1.01.1964;0;5
NUZUYE;5;4.12.1953;0;5
SEFRIYE;5;5.02.1958;0;5
NEBIYAN;5;29.01.1968;0;5
YAVIZE;5;20.03.1961;0;5
MAHSUSE;5;20.06.1950;0;5
SERBEZ;5;13.01.1953;0;5
SELMISAH;5;28.10.1945;0;5
MURAZIYE;5;18.11.1969;0;5
HAYVER;5;10.03.1951;0;5
SAHRIBE;5;28.06.1972;0;5
FETAHAT;5;12.03.1942;0;5
NILDENIZ;5;14.04.1980;0;5
KUSUME;5;30.01.1956;0;5
GULGUNES;5;7.09.1973;0;5
BAYRAMSE;5;8.02.1962;0;5
NAILEGUL;5;20.07.1957;0;5
FIRDEVSE;5;19.12.1955;0;5
AZE;5;10.05.1958;0;5
EBELI;5;14.09.1956;0;5
SEJDIYE;5;21.12.1975;0;5
LEVAL;5;21.08.1961;0;5
HAVASE;5;30.04.1963;0;5
SEYLI;5;5.10.1935;0;5
GOKSELEN;5;1.01.1969;0;5
ANACA;5;17.03.1962;0;5
NENET;5;7.03.1966;0;5
SALIKA;5;22.10.1958;0;5
MAVISER;5;14.11.1966;0;5
SEVGINE;5;21.01.1961;0;5
SAIMIYE;5;22.03.1970;0;5
FIDASIYE;5;20.03.1963;0;5
ZUFIYE;5;9.02.1967;0;5
OZDEGUL;5;12.10.1980;0;5
MESKUDE;5;21.06.1959;0;5
NEHURE;5;6.06.1970;0;5
GULBEGEN;5;13.03.1972;0;5
ASTRID;5;25.01.1958;0;5
GICI;5;8.04.1948;0;5
LEHURI;5;10.06.1953;0;5
MUSERIYE;5;7.08.1962;0;5
AHISER;5;11.04.1954;0;5
SUBADIYE;5;16.10.1963;0;5
LAFIYE;5;13.02.1963;0;5
AYFAL;5;26.03.1962;0;5
KETAI;5;30.01.1954;0;5
SEKTA;5;30.12.1949;0;5
LALIGUL;5;20.01.1945;0;5
NURCAGUL;5;30.03.1978;0;5
KOFER;5;9.01.1958;0;5
EVIS;5;20.02.1962;0;5
HUDASIYE;5;8.07.1948;0;5
HASRETGUL;5;4.02.1962;0;5
GULGADEM;5;15.04.1956;0;5
HAVICE;5;27.11.1959;0;5
REMIHAN;5;16.05.1954;0;5
MALA;5;3.04.1957;0;5
SAYUNUR;5;13.02.1968;0;5
SEHVIYE;5;4.05.1946;0;5
MEYHAL;5;19.03.1951;0;5
GUNUSEN;5;19.02.1972;0;5
KILAPDAN;5;9.08.1951;0;5
INTISAH;5;15.11.1958;0;5
MAVIDAN;5;2.04.1957;0;5
MAKKULE;5;11.04.1963;0;5
SEMIYEN;5;11.11.1964;0;5
NATIA;5;28.07.1982;0;5
NURDEGER;5;28.09.1964;0;5
SANIYAT;5;21.07.1964;0;5
BULGUL;5;6.09.1970;0;5
DURTANE;5;12.04.1956;0;5
CEMILENUR;5;24.03.1979;0;5
HEDIYENUR;5;6.09.1981;0;5
SELPAY;5;11.01.1984;0;5
GULAZAR;5;17.03.1957;0;5
MUAZZEL;5;14.10.1955;0;5
SEVIGE;5;16.07.1954;0;5
PURAN;5;24.01.1966;0;5
MALIGE;5;5.09.1952;0;5
FIHRIYE;5;10.10.1968;0;5
ASRIHAN;5;15.08.1972;0;5
KETAUN;5;5.10.1953;0;5
MAKA;5;3.05.1975;0;5
REHINE;5;4.10.1954;0;5
MAKIDE;5;22.10.1956;0;5
INABE;5;2.04.1951;0;5
AYBETUL;5;5.06.1986;0;5
SEFIHAN;5;12.06.1949;0;5
PORTIKAL;5;6.04.1959;0;5
KAZIMAN;5;2.01.1960;0;5
NAZIKO;5;17.09.1951;0;5
UNSEN;5;2.08.1959;0;5
RAHMANE;5;25.05.1950;0;5
RESMINAZ;5;10.11.1958;0;5
ELISO;5;20.06.1960;0;5
RIFAKET;5;14.07.1951;0;5
SUTNIYE;5;3.04.1952;0;5
DONEVER;5;16.09.1965;0;5
BISEL;5;17.05.1963;0;5
MEYLAN;5;4.07.1967;0;5
MEBLUKE;5;15.10.1961;0;5
MENFARET;5;10.04.1977;0;5
GUNAHAR;5;28.03.1965;0;5
ZERAFE;5;12.04.1956;0;5
NESLENUR;5;23.06.1983;0;5
SAZE;5;24.07.1959;0;5
ZENNIRE;5;19.09.1959;0;5
REMIGUL;5;3.05.1964;0;5
FIRDERS;5;30.01.1964;0;5
SULEGUL;5;1.02.1976;0;5
FATUMATULZEHRA;5;10.02.1981;0;5
GULDIDEM;5;30.05.1980;0;5
RAMIDA;5;13.07.1965;0;5
ZULFIKA;5;10.11.1965;0;5
DESTINAZ;5;28.09.1980;0;5
FEZIHAN;5;14.04.1953;0;5
NAFIGUL;5;9.09.1958;0;5
MEZAHAT;5;26.01.1961;0;5
IFTIHARE;5;24.09.1957;0;5
NEMLIHA;5;26.01.1968;0;5
MEYLUDE;5;6.05.1962;0;5
FAHRIZE;5;25.09.1960;0;5
NAHISE;5;24.11.1949;0;5
SENSA;5;2.03.1955;0;5
MEVDIYE;5;6.05.1954;0;5
CERYAN;5;17.10.1944;0;5
ALIYME;5;5.05.1966;0;5
GUNNIHAN;5;20.02.1966;0;5
ERVANUR;5;3.11.1981;0;5
SUKUDE;5;2.11.1953;0;5
CEMILEGUL;5;17.08.1967;0;5
KURTEN;5;20.01.1951;0;5
AYDUL;5;29.05.1971;0;5
NUREMEL;5;13.07.1966;0;5
SAHMINAZ;5;13.01.1963;0;5
ANSUMAN;5;4.08.1962;0;5
OZLA;5;10.12.1966;0;5
NISADIYE;5;19.03.1971;0;5
SUNCA;5;2.04.1967;0;5
BALHATUN;5;18.01.1948;0;5
HUSNISAN;5;6.06.1957;0;5
TAHSIRE;5;16.06.1956;0;5
FETIK;5;17.02.1960;0;5
MUKATTAR;5;30.09.1944;0;5
MERSIME;5;11.04.1950;0;5
PIRZAN;5;17.11.1969;0;5
SUSER;5;9.04.1959;0;5
NASIDIYE;5;17.12.1968;0;5
PERNA;5;27.11.1965;0;5
LALUZER;5;25.06.1958;0;5
FEYIZAN;5;17.02.1975;0;5
GUZADIYE;5;10.01.1963;0;5
MINAFER;5;15.05.1972;0;5
CUMLEZ;5;9.11.1977;0;5
NUHRIYE;5;8.04.1965;0;5
NESEVIN;5;12.08.1967;0;5
SINEF;5;1.12.1982;0;5
ASLANHAN;5;28.10.1949;0;5
SIFADIYE;5;20.08.1960;0;5
NESERIN;5;27.03.1964;0;5
TURANCA;5;21.09.1953;0;5
CEVIDAN;5;27.12.1969;0;5
GULCEHIR;5;7.03.1960;0;5
MUTMUNE;5;21.09.1972;0;5
ZENISAH;5;12.01.1965;0;5
NILGUNAY;5;4.12.1973;0;5
SAHSEREN;5;17.07.1966;0;5
SATMA;5;9.08.1964;0;5
GULCIL;5;3.03.1977;0;5
ZEKABIYE;5;27.10.1950;0;5
NURSEDEF;5;28.07.1981;0;5
UMUZ;5;5.09.1943;0;5
MADIRET;5;20.02.1961;0;5
SEVILENAY;5;30.11.1976;0;5
MURSITE;5;5.07.1964;0;5
ZIHNISAN;5;29.07.1964;0;5
GULSUZER;5;20.06.1968;0;5
VALERIYA;5;27.10.1977;0;5
NESEDIYE;5;9.02.1965;0;5
TSIALA;5;25.09.1952;0;5
SELMEHAN;5;12.03.1971;0;5
GUZELA;5;25.01.1951;0;5
GULNERMIN;5;1.03.1963;0;5
GUNDA;5;30.01.1968;0;5
GUNSELEN;5;23.01.1972;0;5
NESUN;5;16.06.1960;0;5
SEFILA;5;24.09.1970;0;5
SEFKE;5;14.09.1972;0;5
ONDEGUL;5;10.07.1970;0;5
GULRANA;5;18.05.1957;0;5
SERIKNAZ;5;25.09.1942;0;5
PAZIYE;5;24.02.1954;0;5
NUZGAN;5;25.12.1971;0;5
FEZANET;5;14.04.1947;0;5
HURRI;5;19.01.1966;0;5
FERHANAZ;5;14.11.1970;0;5
SUBIYA;5;11.08.1965;0;5
MUMURIYE;5;5.12.1958;0;5
SUNDUST;5;19.08.1954;0;5
KIZLAR;5;3.07.1956;0;5
PINARGUL;5;15.12.1986;0;5
MUNVVER;5;14.03.1971;0;5
FERIBE;5;25.01.1948;0;5
NAKDIYE;5;25.02.1959;0;5
HUZEYMEN;5;22.10.1960;0;5
NOKTAGUL;5;29.05.1969;0;5
NEVIK;5;16.04.1964;0;5
MEDALET;5;19.09.1962;0;5
NEMIZAT;5;18.08.1963;0;5
MULUSCAN;5;14.07.1955;0;5
ELDE;5;2.06.1975;0;5
NEVRESE;5;6.05.1958;0;5
RESMEGUL;5;13.03.1971;0;5
MONIGUE;5;12.04.1953;0;5
RUFUGUL;5;8.04.1970;0;5
BAKINUR;5;27.09.1961;0;5
KOSEK;5;11.02.1957;0;5
ZOBUK;5;3.11.1956;0;5
SONSES;5;27.09.1981;0;5
PUSAN;5;30.08.1943;0;5
NEVLIHAN;5;19.10.1976;0;5
MEYEM;5;28.03.1957;0;5
LUZIYE;5;5.09.1958;0;5
GULFARIYE;5;29.04.1962;0;5
DONAL;5;22.06.1966;0;5
SEHENDER;5;28.08.1951;0;5
HULUFER;5;1.07.1972;0;5
ACEY;5;16.06.1944;0;5
SADELU;5;27.11.1959;0;5
AGCAHAN;5;18.11.1945;0;5
ENTIGE;5;23.01.1964;0;5
SEYRANUS;5;10.05.1956;0;5
ZARUK;5;13.12.1935;0;5
FINDAY;5;15.07.1977;0;5
ZERNIGAR;5;9.04.1966;0;5
ZETINA;5;3.03.1976;0;5
DONENGUL;5;26.10.1981;0;5
MUSALIME;5;10.11.1955;0;5
REZIHA;5;8.03.1953;0;5
ANIC;5;21.04.1946;0;5
YERDENUR;5;19.12.1964;0;5
AGAVNIK;5;6.09.1934;0;5
SETEN;5;2.11.1962;0;5
PERVINE;5;11.10.1972;0;5
SEVCA;5;17.03.1975;0;5
NARZIYE;5;10.12.1962;0;5
NERGIZHAN;5;21.08.1980;0;5
RUHIBE;5;2.06.1952;0;5
SAHMIZAR;5;15.04.1951;0;5
FEVZANE;5;20.11.1969;0;5
HANIGUL;5;16.07.1955;0;5
HICLAN;5;4.09.1970;0;5
HURUMET;5;23.07.1970;0;5
KEZUK;5;12.03.1962;0;5
BAHARGULU;5;10.03.1970;0;5
GULHAME;5;13.11.1957;0;5
GULEVAT;5;5.08.1953;0;5
HERIKNAZ;5;22.02.1935;0;5
GULNANE;5;8.12.1949;0;5
HUMIRA;5;22.12.1953;0;5
ZAMIRET;5;27.09.1957;0;5
SAHIMET;5;8.01.1954;0;5
CESMEGUL;5;3.11.1978;0;5
MAHMUZE;5;3.01.1958;0;5
BASSI;5;21.06.1962;0;5
RAVZAT;5;11.02.1947;0;5
IBOLYA;5;30.12.1972;0;5
PAYMAN;5;29.08.1946;0;5
HAYRANNISA;5;2.03.1963;0;5
SAZIBAN;5;20.05.1971;0;5
GULEYMA;5;21.10.1970;0;5
DONSEN;5;24.12.1971;0;5
FAIYE;5;17.08.1961;0;5
ADELIYE;5;23.08.1962;0;5
MAHRURE;5;16.07.1954;0;5
SULLIYE;5;10.11.1954;0;5
SELVINAY;5;12.05.1971;0;5
NEKAFET;5;13.04.1959;0;5
MUSRUKA;5;18.07.1960;0;5
LALIS;5;19.03.1964;0;5
HUDAVIYE;5;25.09.1949;0;5
EVLIDA;5;16.07.1965;0;5
LEMISE;5;7.02.1973;0;5
HAKIYME;5;7.04.1953;0;5
SERCIM;5;7.08.1967;0;5
SEVIZ;5;21.03.1975;0;5
GULSEHIM;5;24.03.1948;0;5
GUNNEZ;5;20.04.1957;0;5
PELIHAN;5;4.09.1969;0;5
GULNEZ;5;29.07.1970;0;5
MUHRINE;5;17.01.1957;0;5
MEMNUNIYET;5;3.11.1959;0;5
SONAGUL;5;10.10.1971;0;5
MIHAR;5;29.04.1964;0;5
AFRANUR;5;16.08.1981;0;5
ROZBIBI;5;17.12.1967;0;5
AYCEMAL;5;9.07.1967;0;5
BELGINUR;5;27.10.1977;0;5
HUSIYE;5;21.01.1954;0;5
FELIDE;5;1.06.1939;0;5
SAFNUR;5;28.10.1971;0;5
YARSEL;5;29.05.1974;0;5
GULSEMIH;5;3.05.1976;0;5
GULCIBIK;5;19.03.1963;0;5
BASIDE;5;12.02.1967;0;5
YELESER;5;28.06.1962;0;5
RAZEL;5;27.07.1975;0;5
SELENGUL;5;22.07.1980;0;5
MUSEYYE;5;17.11.1965;0;5
SUBYE;5;28.12.1952;0;5
NEZEKAT;5;11.06.1965;0;5
ZILFIRAZ;5;20.04.1949;0;5
FATMAZEHRA;5;26.02.1989;0;5
GULBEZER;5;21.10.1962;0;5
FISNE;5;25.05.1972;0;5
SIMAYI;5;5.02.1963;0;5
DESTEMEN;5;24.09.1958;0;5
ZANNURE;5;15.01.1964;0;5
GELDI;5;15.01.1964;0;5
OGULBIBI;5;16.04.1969;0;5
HALBIBI;5;3.12.1959;0;5
NIGDELI;5;24.02.1964;0;5
NEJBIYE;5;5.09.1961;0;5
MUZUYYEN;5;22.09.1962;0;5
NURTOPU;5;17.09.1966;0;5
SATMEN;5;13.07.1973;0;5
MARIETTA;5;3.03.1958;0;5
TURUYE;5;23.02.1962;0;5
DILDADE;5;19.08.1966;0;5
SASENE;5;29.01.1953;0;5
MEVLUTE;5;10.11.1963;0;5
SUBBIYE;5;25.05.1944;0;5
BERUZE;5;24.12.1937;0;5
SENUKA;5;1.02.1933;0;5
SEVAYIL;5;20.05.1968;0;5
NASBIYE;5;17.04.1954;0;5
KULESER;5;5.02.1950;0;5
HERNAZE;5;12.10.1949;0;5
MAARIFE;5;16.06.1956;0;5
RETIFE;5;23.11.1950;0;5
KARAGUL;5;11.07.1947;0;5
YEDIME;5;15.10.1943;0;5
BEHIYAN;5;22.01.1962;0;5
ZUHIDE;5;19.07.1966;0;5
OFELIYA;5;17.04.1964;0;5
MEKBARE;5;1.03.1964;0;5
NURAYTEN;5;11.07.1956;0;5
IZABELA;5;19.03.1973;0;5
GULLAC;5;16.03.1957;0;5
GULENNAZ;5;18.11.1974;0;5
CINSEL;5;18.11.1953;0;5
GUNEHAR;5;30.10.1964;0;5
SADIHE;5;25.06.1966;0;5
NIGRE;5;22.08.1956;0;5
RAKIMAN;5;13.06.1951;0;5
REGIMAN;5;7.02.1966;0;5
HEMDUNE;5;29.2.1949;0;5
GULTENI;5;20.08.1966;0;5
ZOULFIA;5;10.10.1975;0;5
SEHRINAS;5;15.06.1950;0;5
MUTLUNUR;5;27.02.1987;0;5
BENGIGUL;5;11.05.1965;0;5
ZELFIDE;5;9.11.1959;0;5
ALAGEYIK;5;7.03.1963;0;5
LEYHA;5;11.05.1976;0;5
KADIBE;5;20.06.1966;0;5
GULZIRA;5;22.03.1975;0;5
VESIRE;5;9.03.1955;0;5
KATIBA;5;18.08.1966;0;5
GULSUMBUL;5;5.11.1984;0;5
ZEVCIHAN;5;11.01.1963;0;5
DOMNICA;5;26.07.1963;0;5
GUNNIGAR;5;13.01.1952;0;5
NINI;5;15.09.1942;0;5
NEDEN;5;19.08.1984;0;5
ROGUL;5;2.06.1959;0;5
MIRIVAN;5;1.09.1944;0;5
ILBIYE;5;24.07.1970;0;5
GULTE;5;23.07.1953;0;5
SERANCA;5;22.10.1963;0;5
YUZNUR;5;4.01.1971;0;5
PAPU;5;9.10.1935;0;5
PULU;5;14.11.1959;0;5
HEDUS;5;16.08.1945;0;5
GULTIKEN;5;29.08.1958;0;5
LIZGE;5;23.08.1985;0;5
IZMIHAL;5;25.11.1964;0;5
KADIRA;5;17.12.1961;0;5
SERZENK;5;6.08.1955;0;5
HEYIVHAN;5;30.08.1965;0;5
SEMLO;5;18.09.1951;0;5
NIHARIYE;5;1.02.1954;0;5
ZEHFERAN;5;14.02.1955;0;5
MEDILE;5;19.10.1972;0;5
NURSICAN;5;25.09.1975;0;5
MEYPERUZ;5;19.01.1968;0;5
TAMLICAN;5;22.04.1978;0;5
HUBI;5;16.04.1937;0;5
KADIRIYA;5;22.06.1961;0;5
SURHIYE;5;22.01.1963;0;5
FINNAZ;5;12.09.1959;0;5
ZUHURYE;5;8.08.1968;0;5
TUNYA;5;24.01.1976;0;5
AYDIZ;5;28.08.1962;0;5
GOLPERI;5;11.12.1968;0;5
HAZGUL;5;30.09.1989;0;5
SELMIYA;5;27.04.1964;0;5
MOHOBET;5;9.06.1966;0;5
GURCEK;5;17.03.1967;0;5
BILEHSA;5;20.07.1980;0;5
HAYIFHAN;5;8.07.1973;0;5
KOMRU;5;10.10.1952;0;5
ZERMISAN;5;12.09.1946;0;5
NAZIHET;5;9.10.1946;0;5
MEHILA;5;8.05.1963;0;5
MUTELZIM;5;26.03.1972;0;5
ANZULHA;5;11.10.1971;0;5
RUKUZAN;5;26.06.1965;0;5
NESIFET;5;19.03.1965;0;5
RUSKIYET;5;10.01.1973;0;5
ASUDA;5;12.05.1973;0;5
MELEKRIHAN;5;10.05.1958;0;5
MIMET;5;13.11.1973;0;5
HASUDE;5;18.09.1970;0;5
HURSUN;5;20.08.1979;0;5
TILLA;5;26.02.1966;0;5
KAMARUH;5;11.10.1960;0;5
FESIHAT;5;23.06.1973;0;5
AHRIYE;5;3.06.1963;0;5
MAYDAN;5;24.06.1967;0;5
VANDAN;5;21.12.1973;0;5
FECILE;5;18.12.1954;0;5
LELI;5;8.08.1959;0;5
FEVZIMELEK;5;28.07.1957;0;5
MESRUKA;5;24.12.1953;0;5
MISRICAN;5;20.03.1965;0;5
NENOS;5;21.08.1958;0;5
CESRA;5;17.04.1967;0;5
EPRUZE;5;13.05.1961;0;5
MUKINAZ;5;13.07.1962;0;5
HEFZI;5;4.01.1944;0;5
FEYFURIYE;5;28.02.1963;0;5
FILICE;5;24.01.1956;0;5
NAZPERI;5;30.10.1971;0;5
PIROZA;5;27.07.1971;0;5
BIBICAN;5;25.05.1948;0;5
AYFERGUL;5;25.02.1971;0;5
SALTANET;5;9.07.1965;0;5
ZIBIYDE;5;30.04.1957;0;5
RESIMA;5;11.10.1976;0;5
GUNLU;5;29.09.1967;0;5
GOLAN;5;18.05.1971;0;5
ZEHAL;5;3.12.1968;0;5
MUSSERREF;5;9.06.1976;0;5
SUTLU;5;7.04.1942;0;5
BEKIZ;5;20.05.1975;0;5
PERVI;5;20.09.1974;0;5
GAZILE;5;6.05.1962;0;5
HEZNE;5;10.08.1951;0;5
SEMSUNNEHAR;5;22.05.1969;0;5
TACGUL;5;29.05.1985;0;5
ZUFINAZ;5;6.04.1963;0;5
SONDUZ;5;6.12.1978;0;5
MELESHAN;5;28.05.1975;0;5
CILGEZI;5;27.05.1947;0;5
MENCIYE;5;8.05.1947;0;5
MIRDIN;5;1.09.1953;0;5
AYSESAN;5;30.07.1987;0;5
DURUGUL;5;2.05.1972;0;5
KANYA;5;27.01.1974;0;5
VECIZE;5;4.09.1969;0;5
MUHBAT;5;9.11.1968;0;5
SEVCE;5;26.02.1978;0;5
ESRI;5;13.08.1970;0;5
VEHIYE;5;4.09.1962;0;5
SINAMPERI;5;9.01.1960;0;5
MEMEHAN;5;16.05.1963;0;5
BESSU;5;29.8.1553;0;5
BAHARA;5;13.07.1946;0;5
NAZU;5;13.3.1165;0;5
ECI;5;4.04.1948;0;5
HEVU;5;19.04.1935;0;5
NEJMAN;5;7.02.1964;0;5
HEDIYEGUL;5;24.03.1978;0;5
SAHANDA;5;17.11.1955;0;5
ISPAHAN;5;1.04.1965;0;5
SELTENET;5;18.06.1956;0;5
FEHRUZE;5;29.05.1955;0;5
HAYZEREN;5;29.01.1968;0;5
BULKIYE;5;2.08.1952;0;5
ZIHNIYAR;5;20.09.1953;0;5
URGE;5;5.03.1953;0;5
HAVALIYE;5;2.12.1958;0;5
ATICA;5;27.12.1961;0;5
GUNAS;5;5.04.1964;0;5
BEYTUNUR;5;15.03.1969;0;5
SERGUZER;5;29.09.1952;0;5
USNA;5;17.06.1954;0;5
FUSSUN;5;5.09.1974;0;5
EJIDE;5;24.05.1961;0;5
GULBAYAR;5;6.09.1958;0;5
ZERGUZER;5;29.08.1962;0;5
NEDIA;5;28.05.1949;0;5
GULSUDE;5;19.04.1963;0;5
GULHARE;5;10.06.1975;0;5
MUBETCER;5;5.09.1964;0;5
GULGU;5;30.07.1965;0;5
NESIRIYE;5;21.10.1960;0;5
SEDIRE;5;22.08.1960;0;5
DONEAY;5;24.07.1977;0;5
SEHILAN;5;24.03.1957;0;5
GULNEHER;5;7.01.1961;0;5
YONISE;5;11.02.1968;0;5
ILIK;5;6.10.1936;0;5
NURBENT;5;19.11.1969;0;5
FIRIDEVS;5;28.04.1974;0;5
GULRA;5;18.08.1974;0;5
BALIKE;5;19.07.1970;0;5
ASMAGUL;5;29.09.1968;0;5
PEYMANE;5;14.09.1949;0;5
AYNURGUL;5;25.05.1971;0;5
FERAYA;5;27.05.1963;0;5
NEZAL;5;5.03.1970;0;5
DURUSEN;5;10.02.1954;0;5
GULBATAN;5;3.07.1955;0;5
IZADE;5;20.10.1952;0;5
BILGUNUR;5;13.06.1978;0;5
TULSER;5;20.06.1952;0;5
CENALIYE;5;9.10.1961;0;5
ASPIYE;5;21.07.1965;0;5
MUNEVVET;5;13.02.1967;0;5
SAFORIYE;5;13.02.1957;0;5
MUHLISIYE;5;23.06.1954;0;5
HEPNUR;5;7.04.1956;0;5
TULIS;5;7.06.1957;0;5
MEAL;5;4.04.1971;0;5
RECBIYE;5;17.03.1971;0;5
NURGEZ;5;6.06.1975;0;5
CECILE;5;16.01.1976;0;5
NEZRA;5;7.07.1983;0;5
SEBNAM;5;26.03.1972;0;5
MUBBET;5;29.09.1952;0;5
VESHA;5;21.05.1960;0;5
SEHNEM;5;20.11.1976;0;5
HUZULE;5;25.08.1963;0;5
NECIDIYE;5;16.06.1951;0;5
DEVRINAZ;5;2.11.1963;0;5
BAZGA;5;11.05.1955;0;5
KABURE;5;20.09.1962;0;5
MUGBET;5;29.06.1962;0;5
SERFERAZ;5;9.05.1967;0;5
BIGUM;5;30.05.1947;0;5
ZELIGE;5;12.01.1959;0;5
GULVIDAN;5;27.05.1970;0;5
TULDEN;5;3.04.1970;0;5
URFETKA;5;1.07.1957;0;5
SEMSIME;5;21.04.1963;0;5
REFKIYE;5;8.12.1955;0;5
RUYSEL;5;15.06.1958;0;5
SEVDINAS;5;13.12.1964;0;5
BEHIRET;5;6.05.1954;0;5
NEKER;5;8.08.1957;0;5
HENNAR;5;30.05.1965;0;5
CANEM;5;28.09.1985;0;5
ALSU;5;22.08.1982;0;5
BEHEYYE;5;22.01.1952;0;5
NURUBE;5;3.07.1972;0;5
ZARIFIYE;5;14.01.1960;0;5
BAZEN;5;19.10.1951;0;5
FEYRAZ;5;11.12.1960;0;5
KUCUKGUL;5;25.09.1952;0;5
TANEY;5;7.06.1946;0;5
GULGIZAR;5;16.02.1955;0;5
PASE;5;1.11.1939;0;5
NARSEL;5;30.01.1960;0;5
RAYIKAN;5;19.01.1950;0;5
AYSEGULER;5;4.01.1947;0;5
FIKRE;5;11.08.1953;0;5
SAHORE;5;14.09.1955;0;5
BARISTAN;5;18.09.1985;0;5
NARFIDE;5;10.02.1970;0;5
ELZBIETA;5;22.01.1967;0;5
GADDER;5;21.04.1968;0;5
GULCOHRE;5;16.03.1962;0;5
RADYETE;5;30.10.1964;0;5
ZANIYE;5;2.04.1954;0;5
NESLIYAN;5;1.07.1966;0;5
BERUHA;5;25.07.1961;0;5
KENDINAZ;5;16.08.1959;0;5
MENKURE;5;11.06.1963;0;5
ZINOS;5;30.05.1955;0;5
BALIGA;5;30.09.1945;0;5
GUMULCEN;5;14.09.1955;0;5
NUDAR;5;4.09.1970;0;5
SUFADIYE;5;2.01.1958;0;5
PURCAN;5;10.11.1974;0;5
ZEYHEN;5;22.04.1973;0;5
MILKIYA;5;11.09.1986;0;5
NEZIRIN;5;12.11.1960;0;5
NEHEM;5;1.02.1959;0;5
NUKI;5;2.12.1944;0;5
GARIPSAN;5;13.09.1977;0;5
HATICETIL;5;26.02.1974;0;5
DALIYE;5;1.03.1964;0;5
NESIAT;5;7.03.1966;0;5
HASNUR;5;15.10.1979;0;5
FERIHNAZ;5;11.04.1957;0;5
HEREMSAH;5;29.01.1976;0;5
MERIFET;5;11.12.1957;0;5
PERIA;5;28.03.1948;0;5
SIRYE;5;30.05.1962;0;5
SUHUBET;5;19.05.1964;0;5
RADISE;5;17.08.1975;0;5
TAYRI;5;23.10.1950;0;5
MESRUYE;5;16.02.1977;0;5
KASRIYE;5;7.08.1953;0;5
ZIRINAZ;5;15.12.1970;0;5
MALYETE;5;27.01.1963;0;5
SULAFE;5;1.05.1946;0;5
AYME;5;22.07.1966;0;5
MELIKNAZ;5;18.10.1964;0;5
HUZYETE;5;26.09.1954;0;5
BAMYA;5;11.11.1955;0;5
GULSECIM;5;7.08.1956;0;5
MERAKNAZ;5;5.08.1971;0;5
AYMA;5;8.01.1962;0;5
GULFINCAN;5;17.06.1975;0;5
SIRME;5;6.06.1948;0;5
FIRYET;5;26.04.1977;0;5
MUHTIME;5;11.02.1981;0;5
KAILE;5;13.07.1948;0;5
NAZEKE;5;25.03.1947;0;5
IFETE;5;26.07.1960;0;5
EDIPE;5;19.04.1958;0;5
HAVAYE;5;27.04.1978;0;5
MEHIDIYE;5;13.03.1974;0;5
LEYUSA;5;10.01.1977;0;5
NISLO;5;7.10.1925;0;5
ROJGUL;5;3.09.1986;0;5
RUKUYETE;5;23.11.1972;0;5
OZGEGUL;5;20.11.1987;0;5
GULDONUS;5;5.06.1970;0;5
UYA;5;4.05.1956;0;5
CUVEYRE;5;23.08.1950;0;5
SEFIKAT;5;17.08.1957;0;5
SAHZINET;5;11.05.1967;0;5
BILGAR;5;10.07.1955;0;5
GULCEMIN;5;9.06.1974;0;5
HEFSE;5;28.12.1972;0;5
MUBEYHAN;5;3.01.1963;0;5
MAHCEBIL;5;12.12.1943;0;5
GULSAYAN;5;15.07.1959;0;5
BENGINUR;5;23.04.1976;0;5
HEKIMA;5;14.12.1979;0;5
ZEHI;5;2.05.1953;0;5
KESIRA;5;28.02.1980;0;5
ZEBUDE;5;20.02.1958;0;5
MAZIYET;5;8.01.1971;0;5
BILNAS;5;27.08.1973;0;5
JILA;5;18.04.1986;0;5
MEGRIMA;5;15.02.1979;0;5
HEVAHAN;5;24.10.1956;0;5
HUSNIHAN;5;10.05.1971;0;5
BEGISI;5;12.07.1950;0;5
NEZIBA;5;5.08.1972;0;5
POR;5;26.02.1953;0;5
MUSELMAN;5;1.08.1980;0;5
PIRBEZ;5;29.09.1948;0;5
HOGI;5;25.10.1961;0;5
MANIYE;5;21.05.1962;0;5
HEVSET;5;25.01.1961;0;5
TAMIME;5;26.09.1966;0;5
MISI;5;11.07.1939;0;5
BEHIYEHAN;5;22.01.1970;0;5
GOYUN;5;6.01.1943;0;5
AYHANGUL;5;10.06.1967;0;5
SEVUL;5;9.02.1960;0;5
BURCIL;5;15.05.1985;0;5
HABBAN;5;3.01.1965;0;5
TUGCEGUL;5;28.07.1990;0;5
MUNSER;5;30.04.1967;0;5
HARIKE;5;9.01.1974;0;5
MIHRIBANU;5;30.06.1967;0;5
SUFEYDE;5;11.01.1957;0;5
ESAR;5;5.11.1969;0;5
ESMERALDA;5;5.11.1974;0;5
KULHIZAR;5;4.03.1937;0;5
ILKSU;5;13.06.1986;0;5
SAMHATUN;5;22.11.1937;0;5
GULKIYE;5;23.10.1951;0;5
NURCIYAN;5;25.03.1967;0;5
ZULIYA;5;4.03.1966;0;5
TSIURI;5;28.10.1960;0;5
MEHRICIHAN;5;10.03.1966;0;5
GULUYA;5;1.01.1976;0;5
GULGOR;5;23.12.1957;0;5
ANIKO;5;9.07.1953;0;5
KARANFILE;5;22.07.1944;0;5
SERIFFATMA;5;21.06.1941;0;5
NECILAN;5;28.12.1955;0;5
FERGUDAN;5;1.03.1970;0;5
KAZIMIYE;5;13.03.1967;0;5
AYGULE;5;19.09.1954;0;5
UNBULBANI;5;12.03.1966;0;5
ZARKALEM;5;10.12.1958;0;5
BAGCAGUL;5;8.02.1947;0;5
YAGDAGUL;5;28.01.1945;0;5
ZEYTUNA;5;18.09.1967;0;5
FIHRINAZ;5;12.06.1967;0;5
GULSEBA;5;1.05.1965;0;5
GULFURAZ;5;21.11.1970;0;5
NURUZ;5;26.07.1965;0;5
ZIHNIZAR;5;20.03.1954;0;5
BENOSE;5;19.07.1961;0;5
NINIFER;5;26.01.1962;0;5
SEVYET;5;1.03.1970;0;5
KUBBAR;5;29.10.1966;0;5
HATILE;5;2.05.1980;0;5
AYRILIK;5;3.06.1979;0;5
GOLESER;5;1.04.1958;0;5
HUNIYE;5;16.08.1974;0;5
MERYAMAN;5;5.02.1967;0;5
BERISAN;5;13.06.1956;0;5
HAFILE;5;2.09.1965;0;5
SEDILE;5;24.10.1960;0;5
MASINE;5;3.01.1945;0;5
HUZURE;5;20.04.1950;0;5
ACEMIYE;5;5.01.1963;0;5
NACIHA;5;22.10.1955;0;5
FILHAN;5;13.06.1964;0;5
ZEVO;5;20.03.1943;0;5
KANTURE;5;7.03.1968;0;5
SEKERYA;5;5.03.1972;0;5
RESMIYYE;5;5.12.1965;0;5
TURKUNAZ;5;10.01.1958;0;5
LILPER;5;9.06.1964;0;5
DADOK;5;27.01.1958;0;5
ABAYAT;5;21.02.1965;0;5
HURNUSE;5;22.07.1957;0;5
PERLAN;5;21.09.1961;0;5
FERAHGUL;5;30.11.1965;0;5
IBEK;5;3.08.1954;0;5
MANZURE;5;24.02.1969;0;5
HERGULEN;5;29.12.1973;0;5
HURZAT;5;23.06.1958;0;5
ENGINNAR;5;11.12.1972;0;5
SONCICEK;5;27.04.1973;0;5
SAYYARE;5;28.10.1955;0;5
TOKKALI;5;19.10.1959;0;5
MINICE;5;2.03.1976;0;5
PALLI;5;4.09.1944;0;5
TOYFE;5;17.09.1947;0;5
RUYIZE;5;4.03.1966;0;5
BAKTIGUL;5;30.03.1974;0;5
GULAMDAN;5;4.01.1969;0;5
SONPASA;5;13.07.1972;0;5
SALIMAT;5;2.05.1958;0;5
ZANBAK;5;16.10.1960;0;5
SELGUZAR;5;30.10.1944;0;5
MUSUBE;5;22.02.1963;0;5
MUZDE;5;12.01.1978;0;5
AYNAHAN;5;11.10.1962;0;5
CESMIGUL;5;6.03.1959;0;5
TALIKE;5;19.01.1966;0;5
NIGORA;5;25.04.1975;0;5
GUSTUN;5;24.08.1960;0;5
EBRUZE;5;22.01.1971;0;5
NECEHAN;5;25.05.1960;0;5
FERZIYA;5;7.02.1960;0;5
RUVEYHA;5;1.01.1980;0;5
SUKUNE;5;21.01.1950;0;5
ULKUSAH;5;5.03.1981;0;5
RESULIYE;5;30.03.1969;0;5
KAREFIL;5;20.06.1966;0;5
URFUDIYE;5;7.08.1949;0;5
NEHRA;5;21.01.1984;0;5
BAHTILE;5;29.09.1968;0;5
GULDOMUR;5;17.10.1968;0;5
MEHARET;5;27.02.1951;0;5
IHLIMA;5;14.04.1969;0;5
LUBE;5;27.01.1968;0;5
FAZILIYET;5;16.02.1971;0;5
NAFIGA;5;2.03.1970;0;5
AYSIYE;5;19.03.1957;0;5
ZAFURA;5;14.11.1961;0;5
RUGIZAN;5;17.03.1965;0;5
ATIFAT;5;11.08.1960;0;5
LADIKAR;5;11.09.1960;0;5
GULCAFER;5;6.05.1970;0;5
SEVGIZAR;5;27.07.1963;0;5
TEFIDIYE;5;19.10.1962;0;5
BELGISE;5;4.01.1948;0;5
HADIMA;5;30.11.1949;0;5
ZULUBE;5;8.11.1947;0;5
FANA;5;27.10.1945;0;5
UZGAN;5;25.01.1952;0;5
BELCIZ;5;28.12.1956;0;5
HULVER;5;3.06.1972;0;5
SENABER;5;27.06.1959;0;5
GULBIS;5;26.12.1955;0;5
MUNEBBIYE;5;9.01.1943;0;5
MEYRIS;5;12.10.1963;0;5
BATISE;5;1.12.1957;0;5
HANKUS;5;11.09.1944;0;5
NINGUL;5;29.05.1966;0;5
UZIME;5;24.11.1953;0;5
EVCIN;5;20.03.1960;0;5
SABIRAN;5;1.07.1945;0;5
SEVDAVER;5;23.06.1957;0;5
AYDANE;5;20.03.1963;0;5
GULAHAT;5;4.03.1969;0;5
MUBEYCAN;5;18.03.1975;0;5
ZEMINAZ;5;7.05.1951;0;5
ASLISEN;5;11.11.1955;0;5
ELDEBIRAN;5;2.02.1961;0;5
SELADIYE;5;26.04.1964;0;5
MEFFARE;5;13.05.1972;0;5
ELCINAY;5;15.08.1980;0;5
NIGEN;5;10.06.1976;0;5
SEDAH;5;11.05.1975;0;5
BAYRIE;5;21.05.1974;0;5
GULCINAN;5;1.03.1971;0;5
NUREYYA;5;7.01.1969;0;5
HASANA;5;16.10.1942;0;5
IRGUL;5;1.02.1956;0;5
RIVAYE;5;6.04.1944;0;5
HEYBETI;5;22.12.1946;0;5
BEYYA;5;4.05.1964;0;5
HARIZE;5;29.08.1948;0;5
HULLUYE;5;28.07.1969;0;5
NEYRIYE;5;15.02.1963;0;5
MARZUKA;5;26.10.1962;0;5
EZMIHAN;5;24.03.1951;0;5
FATIMETI;5;22.05.1963;0;5
ZEMA;5;25.01.1959;0;5
TUUBA;5;21.04.1984;0;5
GAREY;5;13.06.1958;0;5
SEMSINE;5;27.01.1959;0;5
NAZILIYE;5;5.05.1963;0;5
GULEMDAR;5;2.09.1962;0;5
SUZAR;5;12.01.1972;0;5
TURSINE;5;9.08.1957;0;5
RAKSAN;5;27.10.1964;0;5
LILDA;5;13.09.1966;0;5
MELIZE;5;5.04.1966;0;5
PERA;5;8.07.1941;0;5
REYANE;5;21.07.1966;0;5
HUMAYRA;5;8.09.1976;0;5
BUKHET;5;11.06.1968;0;5
AYPEN;5;9.02.1968;0;5
GULANDA;5;2.10.1971;0;5
MERSUKA;5;27.03.1967;0;5
GULUSHAN;5;23.01.1969;0;5
ESEMAN;5;5.10.1958;0;5
KABUL;5;15.04.1963;0;5
SEJDAN;5;28.08.1979;0;5
MUGIME;5;14.10.1966;0;5
MENTIZE;5;10.09.1965;0;5
MAKFIRET;5;26.07.1970;0;5
FETVE;5;23.04.1957;0;5
SAHLEVENT;5;23.09.1969;0;5
EZGISU;5;17.06.1990;0;5
KLODIN;5;16.03.1983;0;5
YASIMA;5;9.08.1981;0;5
AYHAL;5;13.01.1949;0;5
REBILA;5;27.10.1964;0;5
NURTUL;5;26.01.1974;0;5
AHUDUDU;5;25.09.1984;0;5
IGBALE;5;28.11.1963;0;5
MENZUNE;5;25.09.1966;0;5
GULSAF;5;16.05.1967;0;5
SONGULLU;5;23.03.1969;0;5
MULYA;5;9.10.1957;0;5
MUSELLA;5;17.07.1963;0;5
NAZURE;5;29.12.1958;0;5
ZIHNIS;5;14.03.1961;0;5
TUNCIYE;5;4.08.1966;0;5
ISIKAY;5;29.05.1964;0;5
MUBELLA;5;12.11.1962;0;5
NESALET;5;7.09.1967;0;5
NURSABA;5;19.02.1974;0;5
TURHANE;5;9.12.1948;0;5
HASISE;5;2.06.1971;0;5
SIHIRNAZ;5;19.12.1964;0;5
FILIN;5;24.11.1964;0;5
HUMANUR;5;9.05.1982;0;5
TULBIYE;5;2.07.1968;0;5
ILKNURAY;5;18.10.1981;0;5
EGANE;5;5.05.1977;0;5
RUKSAT;5;25.11.1950;0;5
NEFTUNE;5;17.03.1975;0;5
SEVSAN;5;10.07.1962;0;5
SACER;5;6.03.1967;0;5
GULFIKA;5;19.05.1954;0;5
SEYIRE;5;7.03.1968;0;5
EFILER;5;18.01.1978;0;5
SERME;5;20.01.1961;0;5
MUTAHHIRE;5;9.06.1954;0;5
GULFA;5;28.02.1971;0;5
NACICE;5;19.02.1965;0;5
SEYA;5;28.10.1974;0;5
GURBIYE;5;25.09.1959;0;5
SUNNEHAN;5;20.02.1976;0;5
METLIA;5;21.08.1971;0;5
MUTUA;5;12.01.1959;0;5
RIVAYDA;5;7.11.1973;0;5
CANSAT;5;30.09.1957;0;5
FELLEK;5;15.10.1961;0;5
GUVEYRIYE;5;12.01.1964;0;5
SANSINE;5;20.8.1560;0;5
UYGURE;5;6.12.1944;0;5
NEZHAN;5;10.12.1958;0;5
MUHAYET;5;14.01.1975;0;5
MELEFE;5;1.09.1956;0;5
RAMINE;5;21.04.1974;0;5
RUTIYE;5;23.07.1970;0;5
RAMYA;5;6.05.1979;0;5
TAVSI;5;4.06.1954;0;5
HUZIN;5;23.07.1981;0;5
EZBIHAN;5;27.08.1982;0;5
NILGI;5;18.08.1971;0;5
MOKE;5;1.12.1948;0;5
MAHRUSE;5;1.06.1945;0;5
KEZZUBAN;5;29.04.1970;0;5
DUDULU;5;8.07.1963;0;5
YAKUBE;5;2.05.1970;0;5
SAFAGUL;5;19.05.1956;0;5
CECENI;5;19.07.1957;0;5
UMBER;5;4.03.1975;0;5
NADIVER;5;17.01.1974;0;5
KECAN;5;12.06.1949;0;5
KAFURA;5;16.06.1968;0;5
MUHLIME;5;13.09.1952;0;5
NEJIBE;5;26.11.1953;0;5
GULERSEN;5;10.12.1957;0;5
TUFE;5;21.01.1968;0;5
BERIM;5;25.05.1964;0;5
CANSELIN;5;20.03.1985;0;5
YASARAN;5;17.03.1964;0;5
ISILAR;5;3.07.1964;0;5
GULEDAL;5;9.07.1962;0;5
CEBINE;5;29.10.1954;0;5
MEVLUKE;5;17.06.1976;0;5
SAMRE;5;23.10.1966;0;5
MINASER;5;10.04.1973;0;5
RIBASE;5;10.10.1962;0;5
HAMEYLI;5;1.12.1951;0;5
MEFTANE;5;26.02.1970;0;5
SEVEZAT;5;21.12.1955;0;5
NISLA;5;14.12.1977;0;5
KEFALET;5;19.07.1963;0;5
GULHURU;5;16.03.1961;0;5
JALIYE;5;6.12.1979;0;5
BURSA;5;28.06.1977;0;5
MUFRICA;5;29.07.1946;0;5
GULIBAN;5;28.12.1963;0;5
GADIRE;5;10.09.1973;0;5
BAHURE;5;23.09.1954;0;5
KULDANE;5;15.10.1936;0;5
HOGAN;5;12.04.1952;0;5
NERCES;5;19.01.1964;0;5
HURSUDIYE;5;23.02.1957;0;5
MAHIRET;5;25.10.1929;0;5
GUSNE;5;25.01.1953;0;5
RIHEYLE;5;10.06.1951;0;5
REHAYLE;5;10.10.1956;0;5
CUNE;5;11.10.1949;0;5
EBLIZET;5;25.02.1976;0;5
SONGUZ;5;20.09.1972;0;5
RAKITE;5;17.03.1965;0;5
LUBBA;5;18.03.1964;0;5
GULFIL;5;28.11.1955;0;5
FAKITA;5;12.09.1955;0;5
TELIHE;5;22.01.1957;0;5
MILEYIM;5;7.07.1974;0;5
USANDIK;5;29.04.1945;0;5
FESLIGAN;5;6.12.1959;0;5
TEMIRE;5;7.01.1958;0;5
VERDISAH;5;11.09.1970;0;5
FIRDEUS;5;4.05.1978;0;5
BAYSABAH;5;6.07.1970;0;5
LAYLAN;5;21.07.1959;0;5
TEMZILE;5;20.08.1964;0;5
TURKADIN;5;7.08.1939;0;5
MENAS;5;26.12.1970;0;5
NAZAT;5;26.08.1969;0;5
RAHAYLE;5;29.03.1971;0;5
LAYIBE;5;22.04.1953;0;5
ROKUS;5;1.03.1951;0;5
BAHICE;5;17.06.1968;0;5
MEMRIHAN;5;3.03.1978;0;5
ZELLIHA;5;19.08.1960;0;5
F.;5;29.11.1970;0;5
SARANUR;5;3.12.1984;0;5
IPEKGUL;5;13.08.1979;0;5
GAFUREY;5;2.09.1942;0;5
BIRISEN;5;13.10.1957;0;5
GUHARI;5;7.07.1952;0;5
DILFOROZ;5;4.01.1969;0;5
TEYLI;5;14.04.1956;0;5
TESBIHE;5;3.07.1971;0;5
TUNI;5;29.07.1958;0;5
KIBRI;5;24.01.1952;0;5
SAHIHA;5;1.07.1971;0;5
NIGE;5;26.04.1968;0;5
GEZNE;5;17.12.1971;0;5
YIDIZ;5;22.09.1977;0;5
DORDANE;5;10.06.1968;0;5
HAFUREY;5;23.10.1562;0;5
PITI;5;26.06.1933;0;5
GAZINE;5;8.07.1955;0;5
GOLNUR;5;2.07.1974;0;5
HANPULE;5;5.10.1954;0;5
FERIDEGUL;5;12.10.1975;0;5
SABAHE;5;19.08.1946;0;5
TEHIDE;5;9.09.1957;0;5
MUHIMME;5;4.02.1967;0;5
SEVDEAL;5;7.12.1959;0;5
MELEKEN;5;27.11.1961;0;5
ANALI;5;27.04.1952;0;5
GULUMFER;5;1.04.1969;0;5
HAPUS;5;6.11.1963;0;5
SABIHET;5;29.2.1945;0;5
LENKA;5;30.04.1972;0;5
LYAZZAT;5;8.08.1974;0;5
NAILIA;5;7.09.1967;0;5
NURCENNET;5;30.03.1983;0;5
HAFIZAN;5;24.08.1981;0;5
NESUBE;5;25.02.1966;0;5
SALINA;5;15.01.1976;0;5
EILEEN;5;19.12.1957;0;5
GUNENDAM;5;8.07.1949;0;5
FATIMEANA;5;9.08.1969;0;5
DARIN;5;29.08.1970;0;5
OZGURE;5;4.01.1977;0;5
FELHA;5;23.12.1964;0;5
MELVE;5;3.11.1986;0;5
SEFAHIR;5;19.03.1962;0;5
JULYE;5;11.07.1957;0;5
GULSINAR;5;4.05.1958;0;5
NESIREN;5;17.10.1967;0;5
ADELA;5;15.09.1978;0;5
ANACAN;5;25.06.1986;0;5
CEHIZE;5;10.11.1961;0;5
ASANIM;5;2.11.1963;0;5
NURDAGUN;5;1.05.1957;0;5
ATEN;5;1.10.1958;0;5
ANAGADIN;5;4.10.1961;0;5
ASANE;5;6.07.1980;0;5
BETTINA;5;6.10.1966;0;5
RESIHA;5;2.12.1945;0;5
DJAMILIA;5;20.10.1969;0;5
YULIANA;5;12.12.1978;0;5
ENVARE;5;1.04.1966;0;5
MERDIYEN;5;8.11.1965;0;5
GANIMAT;5;21.01.1967;0;5
BURTA;5;7.03.1969;0;5
HULMIYE;5;11.05.1967;0;5
SENDEN;5;24.03.1974;0;5
YESEM;5;2.03.1963;0;5
ILYANA;5;9.12.1974;0;5
GUSSIYE;5;5.06.1958;0;5
SECIHAT;5;10.07.1966;0;5
KEYDA;5;6.07.1976;0;5
GULZAFER;5;1.11.1971;0;5
EFILAY;5;10.04.1981;0;5
CEZMINAZ;5;6.07.1966;0;5
SUVEDE;5;29.07.1964;0;5
ZERRINTAC;5;7.10.1971;0;5
BEDRUNNISA;5;12.12.1928;0;5
LAMIS;5;27.10.1966;0;5
HAZURE;5;16.06.1973;0;5
SARIHE;5;11.07.1967;0;5
BUBERIYE;5;20.03.1959;0;5
RUSDUYE;5;1.04.1960;0;5
ADEVIYYE;5;6.08.1960;0;5
KIRBIYE;5;8.09.1970;0;5
RAZIHA;5;22.03.1972;0;5
VAHADE;5;12.10.1973;0;5
TATIYANA;5;30.10.1971;0;5
MUCERRA;5;22.06.1950;0;5
REFIAT;5;26.08.1963;0;5
AYSES;5;13.12.1956;0;5
SAFIYAT;5;30.04.1950;0;5
RAIKAN;5;30.2.1965;0;5
BEATA;5;4.11.1965;0;5
NIJEL;5;28.07.1970;0;5
TACIBE;5;2.11.1949;0;5
NESIRET;5;20.02.1945;0;5
SIVEM;5;29.01.1986;0;5
MUNCUYE;5;1.03.1960;0;5
GONULGUL;5;28.01.1966;0;5
GULEKER;5;10.08.1955;0;5
IRMEN;5;18.12.1965;0;5
MELAHAD;5;28.11.1955;0;5
MAHINAR;5;24.08.1959;0;5
ESMANIM;5;14.02.1972;0;5
BAHSIYE;5;1.08.1963;0;5
LEYUZA;5;8.02.1953;0;5
MINO;5;15.05.1962;0;5
BIBERYA;5;20.02.1971;0;5
NALMAS;5;4.01.1945;0;5
ZARFA;5;6.05.1967;0;5
CISAN;5;2.12.1969;0;5
SAKIDE;5;29.11.1967;0;5
DILMIN;5;16.05.1980;0;5
MUSEVVERE;5;26.03.1939;0;5
GULSEYIN;5;20.11.1967;0;5
ZILFISIYAH;5;13.09.1956;0;5
DUMITRA;5;21.05.1971;0;5
HUSUME;5;20.12.1967;0;5
SEVLEDA;5;13.10.1975;0;5
HEIDE;5;14.07.1947;0;5
SIVAZET;5;20.07.1970;0;5
JANINE;5;26.05.1965;0;5
SEHERCIN;5;20.09.1950;0;5
NIGARA;5;5.09.1976;0;5
RUHIYYA;5;11.08.1978;0;5
MUHEYYEN;5;12.02.1953;0;5
LUCRETIA;5;25.08.1965;0;5
MUTIYYE;5;29.2.1963;0;5
SAYYIDE;5;24.03.1937;0;5
SERFELI;5;28.01.1959;0;5
GERTRUDE;5;5.06.1948;0;5
MERYET;5;21.12.1965;0;5
DILYARA;5;28.08.1970;0;5
SEMSIFER;5;18.12.1962;0;5
KATARZYNA;5;27.03.1977;0;5
TIJIN;5;28.09.1974;0;5
GULIYA;5;22.01.1961;0;5
GOKCICEK;5;26.02.1971;0;5
EWA;5;16.01.1962;0;5
MEGUL;5;26.12.1969;0;5
LAVUZE;5;19.03.1959;0;5
ZLATKA;5;26.03.1962;0;5
NESTAN;5;29.07.1974;0;5
ELEANOR;5;15.08.1955;0;5
SAHVAR;5;11.06.1954;0;5
LALAZER;5;9.08.1955;0;5
ANTONETA;5;1.08.1970;0;5
OLESSIA;5;14.04.1976;0;5
ANILAY;5;17.06.1981;0;5
AFINA;5;3.01.1972;0;5
ZUHNIYE;5;23.08.1960;0;5
EFFE;5;15.05.1954;0;5
MEDIRE;5;29.11.1955;0;5
SEHGUL;5;21.05.1980;0;5
NAZILET;5;18.04.1956;0;5
ULVIYA;5;18.01.1967;0;5
JALEN;5;23.04.1971;0;5
HIYATI;5;8.10.1948;0;5
NEZLIYA;5;27.06.1963;0;5
UZEDIYE;5;12.05.1962;0;5
BILLA;5;16.09.1959;0;5
USUYE;5;8.10.1957;0;5
BINGU;5;27.04.1960;0;5
PERILAY;5;14.06.1972;0;5
SAZINET;5;11.11.1946;0;5
NILGE;5;6.11.1978;0;5
MEYCEM;5;3.05.1982;0;5
GULFEZE;5;10.06.1947;0;5
JANAN;5;9.06.1969;0;5
BEHAL;5;19.09.1969;0;5
GULIYAN;5;5.01.1976;0;5
MUKERREMIYE;5;28.01.1947;0;5
MELVIN;5;16.07.1981;0;5
BEMA;5;27.05.1975;0;5
MUMUNAT;5;20.02.1969;0;5
FATAHAN;5;16.12.1963;0;5
MELIKEN;5;21.06.1968;0;5
EMITE;5;21.07.1964;0;5
SUMREN;5;9.10.1967;0;5
MUEDDER;5;20.07.1953;0;5
SANURIYE;5;30.10.1952;0;5
KADIREYE;5;16.12.1961;0;5
MARUZE;5;10.05.1940;0;5
MEZDE;5;4.01.1956;0;5
GULSADET;5;3.01.1968;0;5
NIRA;5;25.07.1942;0;5
NAZELDE;5;20.04.1960;0;5
VURGUL;5;20.02.1970;0;5
MUNASER;5;1.09.1955;0;5
MUZME;5;3.07.1954;0;5
GOZUM;5;7.10.1978;0;5
MAHALLA;5;5.01.1959;0;5
SEHLEM;5;22.05.1970;0;5
ZIKIRIYE;5;3.11.1951;0;5
BAGFIDE;5;11.02.1940;0;5
EVEGUL;5;17.09.1964;0;5
REHBIYE;5;7.01.1946;0;5
SAKLA;5;15.10.1958;0;5
EMELYA;5;18.02.1964;0;5
NIMNAMI;5;25.07.1955;0;5
KEZBEN;5;21.03.1977;0;5
MAYUNUR;5;25.01.1968;0;5
BEDIDE;5;23.03.1957;0;5
GOLEFER;5;12.05.1971;0;5
ISMAIL;413250;1.02.1966;413246;4
RECEP;161775;14.09.1967;161771;4
MUHAMMET;80332;25.12.1975;80328;4
FARUK;55303;23.10.1973;55299;4
HALIT;51738;16.11.1964;51734;4
ILYAS;51169;27.06.1967;51165;4
EYUP;41840;2.07.1971;41836;4
HAKKI;40872;7.09.1961;40868;4
SALIM;33898;11.05.1962;33894;4
ERDINC;18400;16.10.1974;18396;4
VEYSI;16545;3.05.1975;16541;4
RESIT;14489;14.06.1963;14485;4
SAIM;14131;4.01.1966;14127;4
CAVIT;13635;19.05.1962;13631;4
ETHEM;12073;29.07.1965;12069;4
VAHIT;10865;27.07.1965;10861;4
BASRI;9275;27.06.1964;9271;4
EDIP;8683;11.06.1970;8679;4
BESIR;8036;6.12.1964;8032;4
TUGRUL;6513;23.06.1977;6509;4
ATAKAN;6067;24.08.1980;6063;4
ZEKAI;6021;21.01.1967;6017;4
ERSOY;5350;21.10.1976;5346;4
FERUDUN;5200;6.10.1968;5196;4
SAADETTIN;4455;14.06.1964;4451;4
CAGATAY;4131;19.12.1982;4127;4
FEHIM;4034;4.10.1963;4030;4
NAIF;3899;17.04.1966;3895;4
MAHFUZ;2297;22.03.1975;2293;4
FERZENDE;2081;22.04.1962;2077;4
MARUF;1934;29.10.1970;1930;4
ZAHIT;1828;13.01.1965;1824;4
IBIS;1574;11.11.1954;1570;4
ALIHAN;1428;8.11.1970;1424;4
FEYAT;1319;3.04.1975;1315;4
HAKI;1153;28.05.1967;1149;4
CIHAD;1017;13.04.1984;1013;4
GENCER;919;25.12.1977;915;4
RAMI;904;2.05.1961;900;4
MEHTI;765;1.10.1967;761;4
BEHRAM;759;14.04.1963;755;4
ORHUN;672;14.08.1984;668;4
TALET;665;4.06.1966;661;4
NUSRAT;625;8.06.1956;621;4
MUSLU;595;13.08.1959;591;4
SAMIH;583;23.05.1965;579;4
BEHIC;580;5.04.1966;576;4
ATIL;515;30.05.1974;511;4
FAKI;511;1.11.1962;507;4
ATACAN;499;3.02.1979;495;4
YAFES;465;18.08.1971;461;4
KINYAS;446;24.11.1973;442;4
SEYYIT;418;25.11.1967;414;4
SARP;399;18.12.1981;395;4
SAMIR;368;3.12.1975;364;4
CELALI;338;14.11.1963;334;4
FAHIR;312;4.09.1963;308;4
ZUFER;297;20.01.1960;293;4
KUTLUHAN;293;19.12.1980;289;4
ARGUN;290;18.12.1965;286;4
DELIL;276;21.01.1985;272;4
BEYZAT;276;27.05.1961;272;4
ESRAF;237;16.03.1962;233;4
PEYAMI;236;7.08.1967;232;4
DURMAZ;233;22.10.1978;229;4
ECIR;231;21.07.1965;227;4
SOYKAN;228;26.05.1984;224;4
URFI;226;21.12.1962;222;4
SULLU;224;19.03.1954;220;4
NEZIF;220;11.09.1971;216;4
BATU;215;3.12.1981;211;4
SABIH;213;17.10.1966;209;4
EBAZER;210;9.03.1958;206;4
DEMIRCAN;205;14.04.1969;201;4
TOKAY;192;2.09.1966;188;4
HETEM;187;6.08.1969;183;4
URFANI;182;14.03.1963;178;4
BATIKAN;180;17.08.1988;176;4
SUFYAN;171;23.11.1968;167;4
FUZULI;156;10.08.1967;152;4
ZEKARIYE;147;28.02.1967;143;4
SEBIH;144;27.06.1979;140;4
TANIL;136;3.12.1976;132;4
SIMON;130;11.06.1962;126;4
SEYFET;127;13.07.1958;123;4
MUSUR;126;14.08.1962;122;4
SELAH;125;12.09.1962;121;4
ORSAN;123;23.09.1981;119;4
SEDAI;119;10.04.1969;115;4
HICAZI;113;30.04.1965;109;4
FENDI;111;14.08.1966;107;4
SABO;111;12.10.1951;107;4
TELHA;103;26.07.1969;99;4
KALI;99;20.11.1952;95;4
KOREL;99;10.02.1974;95;4
MUHAMBER;97;30.2.1967;93;4
HEYSEM;94;27.08.1978;90;4
SIYAMET;94;20.01.1974;90;4
KULU;89;30.01.1953;85;4
GULBEYI;89;8.03.1961;85;4
ILGAR;89;25.08.1967;85;4
FERDIN;85;15.10.1972;81;4
TULGAY;83;27.07.1970;79;4
FETIN;83;24.11.1965;79;4
SERTEL;82;4.09.1969;78;4
YAZDAN;82;29.05.1964;78;4
AYKURT;78;3.07.1969;74;4
ZENNUN;78;22.04.1963;74;4
MUKBIL;76;30.10.1960;72;4
ISTEMIHAN;75;5.04.1972;71;4
TEMIN;71;23.08.1969;67;4
ARAFET;67;25.05.1971;63;4
YALKIN;67;7.09.1975;63;4
AYBAR;62;27.08.1966;58;4
NAHIR;60;3.11.1968;56;4
MUHAMER;58;25.04.1963;54;4
SITAR;57;8.12.1983;53;4
MURSAL;56;6.03.1963;52;4
BILSAY;56;20.08.1979;52;4
TANCU;55;19.05.1969;51;4
SEHVAN;53;11.03.1972;49;4
TURFAN;52;24.08.1966;48;4
KURTARAN;52;27.08.1970;48;4
GULBEK;52;2.09.1961;48;4
BEZMI;49;2.12.1957;45;4
BATIN;49;24.10.1981;45;4
MEDAYIN;48;12.05.1963;44;4
GEYLAN;47;8.10.1973;43;4
MURTEZE;47;23.01.1961;43;4
RICAL;45;21.03.1958;41;4
ORGUN;45;4.05.1978;41;4
ALGAN;41;20.04.1972;37;4
TURHAL;41;21.12.1965;37;4
HORIK;40;10.01.1959;36;4
ERBIN;39;5.08.1967;35;4
RODI;38;28.01.1980;34;4
MIRI;37;22.05.1954;33;4
OZGUNER;37;17.07.1970;33;4
KANUN;37;13.12.1972;33;4
HIDAYETTIN;36;28.10.1957;32;4
ERGUR;36;18.08.1965;32;4
SUBET;36;13.11.1974;32;4
HALAY;36;12.01.1953;32;4
CANKAN;36;1.07.1984;32;4
MECLIS;36;14.12.1962;32;4
NEHIYET;35;8.07.1973;31;4
NURER;35;21.09.1967;31;4
MEKSEL;35;2.03.1961;31;4
MIRALAY;34;20.12.1966;30;4
SIMO;33;20.11.1945;29;4
FAHRICAN;33;13.09.1972;29;4
SAHSEVER;32;1.03.1966;28;4
SENSOY;32;2.07.1974;28;4
ACUN;31;19.05.1968;27;4
BEYHAT;30;25.05.1963;26;4
ABA;29;24.12.1964;25;4
ONCER;28;11.12.1968;24;4
TUNAR;28;8.06.1978;24;4
AZADI;27;25.12.1980;23;4
LAYIK;27;14.02.1973;23;4
ASAR;27;25.05.1962;23;4
BAHTIN;27;10.01.1970;23;4
ASIRET;27;28.05.1968;23;4
UCKUN;26;20.03.1958;22;4
NECO;25;28.11.1974;21;4
RUSAT;25;14.11.1977;21;4
UFKU;25;3.02.1980;21;4
OKCAN;25;13.10.1977;21;4
SAHMET;24;30.09.1964;20;4
TURCEL;24;6.05.1982;20;4
SIFAYI;24;5.05.1966;20;4
NEZAHATTIN;23;8.10.1956;19;4
VARIS;23;30.07.1968;19;4
TANGOR;23;9.04.1962;19;4
SEHBAZ;23;26.01.1962;19;4
KAMI;23;13.08.1969;19;4
MEFAHIR;23;20.07.1959;19;4
SERDEST;23;10.02.1984;19;4
BLEDA;22;25.03.1976;18;4
FIRAS;21;9.10.1980;17;4
ARAB;21;12.08.1961;17;4
ROBIN;21;15.07.1982;17;4
SIRLI;21;30.08.1969;17;4
MANAS;21;21.06.1968;17;4
USKAN;20;11.11.1972;16;4
SEFAIL;20;8.01.1970;16;4
UMITHAN;20;9.06.1979;16;4
IZER;20;30.04.1970;16;4
OLCUM;20;19.05.1984;16;4
VEJDET;19;1.04.1961;15;4
HABIBI;19;3.03.1970;15;4
ULUSAL;19;25.12.1974;15;4
NURALP;19;11.04.1971;15;4
CAGMAN;19;3.10.1972;15;4
SEZAT;19;26.01.1963;15;4
BEYHUN;19;4.11.1973;15;4
MUFREZE;19;4.02.1960;15;4
NASEN;19;20.09.1953;15;4
KURULTAY;19;15.02.1962;15;4
AKI;18;13.05.1955;14;4
CENAL;18;26.05.1972;14;4
SUFI;18;28.07.1952;14;4
VISAM;18;18.08.1970;14;4
SENDOGDU;18;16.05.1961;14;4
IHSA;18;13.04.1964;14;4
AYAR;18;22.08.1962;14;4
MEVTUN;18;3.02.1973;14;4
OCEL;18;18.01.1969;14;4
METAY;18;9.03.1976;14;4
CANSA;18;20.06.1960;14;4
DERSAN;18;16.05.1985;14;4
CEZAHIR;18;20.03.1967;14;4
NAZIH;17;25.02.1965;13;4
ABDE;17;23.10.1944;13;4
VETAN;17;1.02.1966;13;4
ATIKAN;17;17.12.1968;13;4
ERER;17;28.08.1965;13;4
FERDAR;17;16.04.1973;13;4
MEHRAN;17;4.01.1970;13;4
HAMES;17;23.06.1958;13;4
PAZAR;16;19.08.1967;12;4
CUVAN;16;26.03.1982;12;4
ESNAN;16;17.07.1963;12;4
MEFAYIR;16;6.09.1965;12;4
ZULGAR;16;25.03.1966;12;4
ROMAN;16;25.02.1977;12;4
DOGDU;16;25.02.1967;12;4
UCAL;16;22.11.1964;12;4
TALU;16;23.10.1963;12;4
GULYEMIN;15;26.09.1978;11;4
NIZAMET;15;30.01.1944;11;4
TURSAN;15;30.2.1965;11;4
HAMUS;15;10.09.1952;11;4
ALBEN;15;3.04.1973;11;4
NEVHER;15;12.11.1969;11;4
HURHAN;14;30.05.1979;10;4
TACER;14;6.09.1972;10;4
DELLO;14;29.08.1944;10;4
HISRET;14;30.06.1974;10;4
HALAS;14;18.06.1962;10;4
OCAN;14;18.10.1979;10;4
RABIL;14;16.01.1960;10;4
IZHAR;14;11.03.1955;10;4
TEZHAN;14;8.02.1982;10;4
SUTAY;14;5.12.1967;10;4
IZAN;14;23.05.1966;10;4
INAM;13;10.10.1956;9;4
BEYLI;13;25.03.1966;9;4
GOKTEM;13;29.05.1982;9;4
YORDAN;13;2.10.1950;9;4
GIRMAN;13;23.07.1969;9;4
UCAY;13;19.07.1974;9;4
ILKUT;13;9.03.1977;9;4
TANYU;13;30.11.1968;9;4
RESTAN;13;13.12.1955;9;4
AZMET;12;13.06.1963;8;4
ILKBAY;12;11.05.1977;8;4
NAHYET;12;22.12.1970;8;4
HANUN;12;26.02.1951;8;4
HISMET;12;10.05.1943;8;4
KIDEM;12;6.06.1982;8;4
SEBAN;12;29.09.1965;8;4
HUSRI;12;28.10.1971;8;4
DEPREM;12;5.01.1974;8;4
CANIK;12;10.09.1959;8;4
MEHSER;12;5.06.1973;8;4
RUMAN;11;2.09.1966;7;4
ZINUR;11;15.11.1965;7;4
SORAL;11;25.01.1971;7;4
AKSAY;11;20.09.1978;7;4
SEVDIK;11;12.04.1961;7;4
BISMIL;11;11.01.1971;7;4
NEMIR;11;20.11.1965;7;4
LIVAN;11;5.07.1982;7;4
KUDRED;11;24.10.1970;7;4
SAGLIK;11;16.04.1960;7;4
NECLI;11;15.05.1958;7;4
URUFI;11;22.07.1964;7;4
ERIKAN;11;13.04.1969;7;4
MEFAR;11;30.08.1974;7;4
OZALTAN;11;12.09.1967;7;4
CUMAFER;11;28.09.1970;7;4
SEMMO;10;26.02.1957;6;4
SEKKIR;10;28.02.1961;6;4
SIBAN;10;21.05.1961;6;4
ULFAN;10;25.01.1963;6;4
EJMEN;10;7.09.1981;6;4
TUZER;10;16.10.1953;6;4
BILGINC;10;26.11.1980;6;4
MAHFER;10;30.07.1964;6;4
SAYMAZ;10;26.05.1961;6;4
NAYMAN;10;9.06.1950;6;4
ILKEL;10;23.02.1976;6;4
KURHAN;10;5.05.1973;6;4
CERI;10;23.03.1963;6;4
ILBER;10;23.08.1968;6;4
CANAR;10;12.03.1967;6;4
SONAD;10;8.12.1975;6;4
SENALP;10;8.05.1965;6;4
DELO;10;12.07.1939;6;4
ARAPHAN;10;12.01.1953;6;4
TOMUR;10;9.01.1956;6;4
YAHSAN;10;2.02.1973;6;4
KAMERHAN;10;13.03.1973;6;4
SAFRAN;10;15.06.1974;6;4
KARUN;10;17.05.1971;6;4
FAYDIN;10;23.10.1958;6;4
UMRU;9;22.04.1964;5;4
KAMILAN;9;16.01.1963;5;4
<NULL>;9;7.06.1965;5;4
NURSAHIN;9;30.10.1973;5;4
DEVREN;9;10.10.1976;5;4
SERHILDAN;9;11.06.1991;5;4
SEFAYIR;9;10.01.1970;5;4
MUHASIN;9;10.06.1960;5;4
SERCAY;9;28.04.1983;5;4
MIRSAN;9;2.07.1961;5;4
NEZAMET;9;7.03.1955;5;4
TUG;9;23.02.1968;5;4
BEDAYET;9;18.10.1959;5;4
BULCAN;9;18.07.1962;5;4
SAFAI;9;1.01.1959;5;4
SEFAN;9;30.06.1977;5;4
BASEL;9;19.06.1966;5;4
DURDAL;9;22.03.1971;5;4
TAHRAN;9;16.11.1973;5;4
MIHRIS;9;1.11.1950;5;4
PEKAN;9;29.11.1975;5;4
PIRAY;9;24.06.1976;5;4
SEHBAN;9;27.07.1961;5;4
SEDER;9;6.06.1976;5;4
SERMIYAN;9;28.03.1967;5;4
ADAK;9;28.08.1963;5;4
ILSAN;9;15.02.1963;5;4
ARMA;9;8.05.1976;5;4
ICEL;9;21.05.1970;5;4
SUTU;9;20.05.1941;5;4
IMBAT;9;25.01.1974;5;4
IFRAZ;9;19.06.1971;5;4
NURAK;9;3.09.1977;5;4
PURHAN;9;27.10.1958;5;4
GURBUS;9;27.12.1953;5;4
TANJO;9;18.08.1957;5;4
SELAVAT;9;26.08.1962;5;4
SELHAT;9;3.12.1974;5;4
GENAL;8;23.04.1963;4;4
ESSAN;8;1.08.1971;4;4
SEHIN;8;19.07.1971;4;4
NESIBI;8;27.06.1964;4;4
NAZARI;8;11.11.1959;4;4
RUBIN;8;25.02.1972;4;4
NEVVAR;8;26.09.1959;4;4
SUMERCAN;8;15.07.1966;4;4
CEMEL;8;9.08.1956;4;4
DUMRU;8;27.11.1971;4;4
VESIL;8;9.09.1966;4;4
KUSEY;8;14.08.1961;4;4
DURANAY;8;10.2.1723;4;4
ETIBAR;8;2.05.1973;4;4
TUNALI;8;30.04.1973;4;4
MUHTAREM;8;6.11.1966;4;4
KAYINAT;8;8.08.1967;4;4
KADIRSAH;8;3.05.1961;4;4
NERAL;8;26.07.1968;4;4
HACU;8;24.02.1940;4;4
VARIDAT;8;24.11.1959;4;4
SERBILEN;8;21.03.1978;4;4
YILLAR;8;29.03.1983;4;4
YEHSAN;8;12.02.1977;4;4
YARIN;8;22.12.1967;4;4
BEKLEN;8;14.03.1983;4;4
AFEL;8;26.05.1967;4;4
SEYIN;8;15.03.1960;4;4
VELIYULLAH;8;7.08.1955;4;4
OMURSEL;8;20.11.1980;4;4
OZDEK;8;27.04.1982;4;4
BILAR;8;2.12.1959;4;4
USTEL;8;23.07.1961;4;4
EZAT;8;18.03.1974;4;4
ILGAN;8;30.09.1964;4;4
ACAN;8;28.06.1961;4;4
VERCAN;8;22.01.1970;4;4
HANER;8;16.01.1978;4;4
GULAP;7;29.01.1959;3;4
DARISTAN;7;30.11.1979;3;4
FAZLIHAN;7;25.12.1977;3;4
RUKENT;7;9.08.1974;3;4
MINAT;7;5.06.1968;3;4
SERVETHAN;7;3.10.1970;3;4
SUMAN;7;7.12.1962;3;4
HEYBER;7;30.09.1978;3;4
ZEKIRIYE;7;4.03.1958;3;4
MUZEKER;7;5.07.1953;3;4
ESIT;7;1.01.1971;3;4
YEHUZE;7;1.01.1957;3;4
KIZILTAN;7;29.07.1957;3;4
GURLEN;7;20.12.1964;3;4
HUREYLE;7;16.05.1967;3;4
NAZIRI;7;2.06.1956;3;4
TUAY;7;20.09.1962;3;4
UMRAH;7;20.10.1981;3;4
SENGUZER;7;2.10.1967;3;4
MUGATDER;7;14.11.1963;3;4
NURHAS;7;26.04.1966;3;4
MACET;7;23.04.1948;3;4
SEZGEN;7;2.11.1962;3;4
SANSI;7;9.03.1964;3;4
NEHAS;7;29.02.1960;3;4
DERYAN;7;16.05.1971;3;4
HANSU;7;21.09.1972;3;4
KOTI;7;18.02.1932;3;4
TULGAN;7;13.12.1969;3;4
AGABEYI;7;30.05.1955;3;4
AYRIM;7;3.12.1978;3;4
SALIMAN;7;17.02.1960;3;4
NAZIZ;7;7.03.1964;3;4
BILHAYIR;7;20.08.1966;3;4
EZEM;7;29.09.1971;3;4
NECAL;7;13.08.1974;3;4
MECDET;7;20.04.1954;3;4
TUTAN;7;27.12.1971;3;4
VERDAL;7;13.07.1969;3;4
IZCAN;7;26.03.1967;3;4
RUSVET;7;24.10.1961;3;4
MEFER;7;9.01.1981;3;4
MELIT;7;27.11.1957;3;4
GURFAN;7;15.05.1972;3;4
NURZIYA;7;24.10.1955;3;4
URUYAN;7;4.12.1952;3;4
ZEHNUR;7;9.12.1967;3;4
SAVRUN;7;17.12.1978;3;4
MAHDI;7;15.12.1964;3;4
DERYAL;7;6.11.1978;3;4
YUCESEL;7;15.07.1972;3;4
ZORAN;7;21.05.1972;3;4
FETIS;7;20.06.1951;3;4
NURGAY;7;26.03.1974;3;4
REYZI;7;18.05.1973;3;4
PARLAYAN;7;30.05.1967;3;4
SECCAN;7;20.09.1969;3;4
MENEN;7;28.02.1973;3;4
YIL;6;17.04.1958;2;4
GULYET;6;25.07.1974;2;4
PORTI;6;13.09.1958;2;4
GIDAN;6;5.11.1966;2;4
ISLA;6;2.04.1974;2;4
FERSU;6;27.04.1952;2;4
FEYRUSEH;6;28.07.1978;2;4
AHLAN;6;4.01.1981;2;4
SAHAZ;6;17.08.1956;2;4
RAYAN;6;12.11.1980;2;4
INHAL;6;30.08.1955;2;4
BENZET;6;18.01.1965;2;4
SEREFET;6;27.02.1962;2;4
ILSEV;6;30.09.1971;2;4
TURKNUR;6;25.11.1974;2;4
SUVAY;6;5.05.1977;2;4
SUBEHAN;6;20.11.1959;2;4
PERSAN;6;2.11.1628;2;4
AYTAR;6;11.12.1941;2;4
NIKSAR;6;1.09.1973;2;4
HABER;6;17.12.1972;2;4
HANSEL;6;17.12.1978;2;4
HASRAT;6;12.12.1963;2;4
SAHIBET;6;8.02.1960;2;4
MUKSEL;6;19.10.1966;2;4
UNFER;6;5.10.1971;2;4
NUFET;6;29.04.1973;2;4
ERVEN;6;27.01.1968;2;4
ELAN;6;14.11.1970;2;4
HAVZER;6;6.09.1956;2;4
TAME;6;6.05.1968;2;4
MINIK;6;25.05.1963;2;4
SELIVET;6;12.10.1969;2;4
ROSHAT;6;27.04.1984;2;4
NIDAG;6;30.08.1984;2;4
ERUS;6;23.01.1975;2;4
UNSAY;6;19.03.1971;2;4
NURKADEM;6;6.11.1968;2;4
ZIHRI;6;22.02.1961;2;4
REFIS;6;23.10.1947;2;4
GOZLER;6;5.09.1979;2;4
RUJEN;6;4.10.1974;2;4
VEYSAN;6;3.08.1977;2;4
AN;6;10.09.1969;2;4
FER;6;27.09.1956;2;4
MURACAAT;6;22.04.1953;2;4
KEMANDER;6;14.11.1949;2;4
BALAK;6;15.09.1959;2;4
GORI;6;25.06.1947;2;4
KAVER;6;12.10.1968;2;4
ANSIN;6;13.07.1971;2;4
ACIHAN;6;16.07.1956;2;4
SAHMUR;6;12.12.1963;2;4
TANSEVER;6;26.08.1969;2;4
GURUNAY;6;12.04.1977;2;4
YENIS;6;21.07.1976;2;4
ZENCER;6;7.02.1958;2;4
RUHAY;6;15.02.1969;2;4
MERGIM;6;7.10.1966;2;4
ZIYNUR;6;27.12.1968;2;4
EMSAN;6;25.11.1969;2;4
IMIRAN;6;2.11.1970;2;4
FERIAT;6;7.06.1962;2;4
FEZALET;6;14.04.1961;2;4
ZULFIGAN;6;12.02.1980;2;4
SAZET;6;10.04.1957;2;4
SERBAR;6;14.12.1981;2;4
PILATIN;6;22.06.1961;2;4
ARZEM;6;8.09.1980;2;4
COSGUL;6;19.11.1965;2;4
NISHAN;5;27.01.1975;1;4
NEVAR;5;21.04.1956;1;4
REZI;5;6.10.1972;1;4
MURYET;5;5.12.1962;1;4
BIHAR;5;1.12.1970;1;4
SELO;5;28.10.1951;1;4
EMYET;5;8.03.1984;1;4
HUTTI;5;12.07.1939;1;4
DERVIN;5;10.06.1979;1;4
MEKO;5;3.10.1960;1;4
UCHAN;5;17.05.1953;1;4
EYLAN;5;28.03.1976;1;4
ILVA;5;6.07.1967;1;4
KAZALI;5;14.01.1950;1;4
SIRE;5;28.07.1942;1;4
HISRO;5;10.03.1945;1;4
SIKKO;5;8.06.1955;1;4
EFTIN;5;3.05.1974;1;4
LEVIZ;5;5.09.1980;1;4
AFIN;5;16.09.1980;1;4
NACO;5;16.05.1953;1;4
SAHZEMAN;5;23.06.1954;1;4
HASIK;5;22.12.1956;1;4
ZABITAN;5;6.06.1966;1;4
SILVEN;5;20.05.1967;1;4
BEYTEN;5;24.02.1979;1;4
HADRO;5;1.05.1959;1;4
HADLI;5;23.03.1948;1;4
MERSIL;5;17.02.1965;1;4
TURKAZ;5;15.05.1972;1;4
CANSEVDI;5;3.04.1966;1;4
ENFER;5;27.03.1955;1;4
SAHNI;5;2.11.1947;1;4
SAYIA;5;26.04.1953;1;4
AYDINSER;5;11.07.1959;1;4
BILGEAY;5;1.12.1976;1;4
MURU;5;14.09.1955;1;4
IHRAN;5;15.11.1958;1;4
UNSA;5;20.10.1974;1;4
PIRLANT;5;27.04.1950;1;4
HULKER;5;8.12.1958;1;4
ISREN;5;10.10.1984;1;4
AYZAN;5;3.03.1962;1;4
INSU;5;17.09.1985;1;4
DEMIREN;5;25.10.1965;1;4
SURAYE;5;8.01.1957;1;4
ENISER;5;6.09.1967;1;4
SENNUZ;5;18.10.1954;1;4
NURYAS;5;1.06.1968;1;4
ELVAR;5;16.03.1982;1;4
ALIKA;5;26.01.1942;1;4
SERIFHAN;5;22.05.1973;1;4
UGURTAY;5;10.04.1959;1;4
YUCEN;5;11.08.1967;1;4
CANSEFA;5;30.03.1960;1;4
NURFEDA;5;24.11.1972;1;4
NISET;5;3.09.1953;1;4
ZEKURE;5;15.04.1966;1;4
HAYMAN;5;9.10.1946;1;4
AYBUKER;5;18.08.1951;1;4
SELLU;5;14.12.1950;1;4
UMITGUL;5;2.07.1968;1;4
AYS;5;30.10.1961;1;4
MUCIZET;5;3.01.1959;1;4
AYKER;5;30.09.1964;1;4
TEMIS;5;6.08.1958;1;4
GOYSEL;5;17.07.1961;1;4
SONDAY;5;1.11.1973;1;4
HICRETHAN;5;24.06.1979;1;4
AHTEN;5;23.06.1949;1;4
SELCIHAN;5;26.11.1977;1;4
RAZET;5;30.10.1944;1;4
BELI;5;16.06.1957;1;4
SENIR;5;22.06.1973;1;4
GULBA;5;1.03.1959;1;4
ENDIZ;5;13.03.1968;1;4
GUMUSHAN;5;18.05.1959;1;4
SABIGUL;5;17.02.1972;1;4
ICABET;5;4.02.1973;1;4
RUZKAR;5;15.11.1952;1;4
IMADE;5;30.04.1972;1;4
CENO;5;4.02.1951;1;4
YUKSEM;5;7.06.1978;1;4
MUCAVER;5;24.12.1961;1;4
ASTI;5;19.02.1966;1;4
ZULEM;5;30.2.1979;1;4
MAHUS;5;3.09.1948;1;4
TILAVER;5;17.10.1965;1;4
CEVREN;5;19.02.1974;1;4
ASELET;5;24.08.1970;1;4
EZGEN;5;6.12.1970;1;4
HICABET;5;5.01.1956;1;4
OZPINAR;5;20.02.1978;1;4
SONEREN;5;13.04.1970;1;4
NURMET;5;15.07.1970;1;4
NURENGIN;5;22.08.1959;1;4
YUKSELIR;5;26.09.1954;1;4
SENCIHAN;5;19.05.1969;1;4
AZI;5;20.12.1938;1;4
KISE;5;20.04.1937;1;4
GERI;5;30.09.1943;1;4
ESVAN;5;8.04.1983;1;4
HATEN;5;9.03.1960;1;4
TULCA;5;26.03.1981;1;4
HAMSIN;5;3.11.1962;1;4
NIDAM;5;23.09.1968;1;4
GULDIN;5;28.05.1963;1;4
SENAH;5;3.02.1975;1;4
HUNEY;5;18.08.1950;1;4
HEMRAN;5;24.11.1966;1;4
BEHZAR;5;16.05.1963;1;4
ADILI;5;7.02.1952;1;4
HEM;5;12.04.1945;1;4
MINVAL;5;17.05.1961;1;4
FIRDUZ;5;24.06.1966;1;4
SEVAI;5;28.09.1973;1;4
NIKAP;5;16.02.1949;1;4
SEVECAN;5;23.05.1977;1;4
TIJER;5;29.10.1968;1;4
SECGEL;5;27.12.1970;1;4
ZERTAC;5;27.08.1955;1;4
CENEN;5;25.05.1960;1;4
SUARA;5;11.10.1967;1;4
MINHAL;5;13.10.1980;1;4
CELI;5;1.08.1958;1;4
EYNI;5;25.09.1962;1;4
KOTAS;5;22.01.1950;1;4
SEBEP;5;25.11.1977;1;4
MUKERRE;5;14.02.1958;1;4
SAYES;5;18.12.1953;1;4
GOGEN;5;30.08.1971;1;4
GULTURAN;5;21.02.1950;1;4
MAHITABAN;5;4.10.1944;1;4
VERAN;5;11.10.1961;1;4
MEZE;5;12.03.1958;1;4
GOGUL;5;22.01.1958;1;4
MEMLEKET;5;19.07.1956;1;4
PEKSAN;5;5.08.1972;1;4
NURYUZ;5;11.05.1952;1;4
HUDI;5;15.10.1948;1;4
MEFAL;5;9.04.1961;1;4
EMINAY;5;2.08.1977;1;4
ZEBIL;5;28.05.1966;1;4
AYSEFA;5;17.03.1962;1;4
HAYSUN;5;20.01.1964;1;4
EYLIM;5;4.10.1977;1;4
SENGU;5;10.12.1969;1;4
NULFET;5;21.10.1969;1;4
SEYNEL;5;28.01.1973;1;4
HELLI;5;18.02.1939;1;4
BUTUN;5;13.04.1962;1;4
AYMET;5;27.02.1965;1;4
ILI;5;3.09.1944;1;4
KENDISAH;5;14.11.1971;1;4
SEDAFER;5;3.01.1968;1;4
SATA;5;15.06.1944;1;4
SUTAN;5;9.06.1976;1;4
NECNUR;5;20.09.1968;1;4
SENGOZ;5;6.09.1945;1;4
IMARET;5;27.05.1958;1;4
ATIYLE;5;5.04.1962;1;4
MENEND;5;16.02.1970;1;4
ITAAT;5;2.11.1958;1;4
USEL;5;4.08.1962;1;4
CEYCAN;5;9.11.1970;1;4
DALIM;5;1.05.1980;1;4
TUREM;5;4.07.1978;1;4
SUNDUR;5;22.03.1958;1;4
ANAS;5;28.09.1963;1;4
EL;5;4.08.1969;1;4
NURIY;5;1.01.1948;1;4
HANZER;5;25.01.1962;1;4
ISSI;5;17.05.1956;1;4
ILIMSER;5;5.07.1966;1;4
ZIYADA;5;11.12.1969;1;4
MESNUR;5;4.05.1971;1;4
SEHHAN;5;10.10.1958;1;4
DERE;5;29.12.1986;1;4
NEFES;5;28.06.1980;1;4
AYHER;5;10.07.1959;1;4
GUNSIRAY;5;15.06.1967;1;4
SEZAFER;5;19.02.1966;1;4
MELAN;5;22.11.1972;1;4
SEMIZ;5;10.05.1968;1;4
MUTAY;5;10.10.1973;1;4
IMAS;5;4.12.1959;1;4
SULCAN;5;9.12.1977;1;4
ROHAN;5;16.01.1960;1;4
MABET;5;21.03.1970;1;4
MERVEN;5;15.08.1986;1;4
TURNER;5;30.04.1966;1;4
BERIS;5;22.06.1987;1;4
SUNEY;5;15.11.1966;1;4
SENSEVER;5;10.12.1968;1;4
SERPE;5;14.06.1988;1;4
SADIA;4;15.03.1953;0;4
FETHENE;4;23.01.1968;0;4
HUBUS;4;12.01.1945;0;4
MIHRA;4;11.04.1971;0;4
TELNAZ;4;1.09.1966;0;4
YUHABET;4;4.10.1972;0;4
EVDA;4;27.12.1972;0;4
ATNI;4;4.11.1961;0;4
MAYTEN;4;19.01.1960;0;4
MUAL;4;9.03.1944;0;4
NIGAHAN;4;16.05.1976;0;4
TARIZE;4;29.11.1969;0;4
ASAHAN;4;18.01.1960;0;4
EREMSI;4;25.02.1970;0;4
GUVEYRE;4;6.08.1948;0;4
HAFARIYE;4;6.06.1966;0;4
MIYSE;4;14.03.1951;0;4
ATIKEN;4;21.02.1960;0;4
SAHRUBAN;4;18.10.1954;0;4
SEVRAT;4;18.11.1967;0;4
CINGI;4;18.06.1987;0;4
LEYLAI;4;24.08.1945;0;4
NALIME;4;19.03.1973;0;4
HAVLATA;4;9.03.1964;0;4
NEZRAN;4;15.10.1949;0;4
GULGULAY;4;26.03.1975;0;4
BUMBUS;4;24.10.1957;0;4
ASGAN;4;15.10.1947;0;4
RAHANEY;4;16.12.1943;0;4
SIDYE;4;19.07.1965;0;4
MENEK;4;6.12.1974;0;4
NESLEHA;4;17.09.1963;0;4
NAZMIGUL;4;21.10.1962;0;4
SIBELGUL;4;18.02.1975;0;4
MENFUZE;4;26.05.1959;0;4
HADRIYE;4;18.01.1963;0;4
AYLIHAN;4;24.07.1978;0;4
BERAH;4;2.10.1977;0;4
SURANUR;4;26.04.1989;0;4
SIDYA;4;14.10.1962;0;4
SUMAYRA;4;4.10.1987;0;4
ARZUAY;4;1.12.1975;0;4
MAHRIFET;4;27.02.1971;0;4
MAKSUBE;4;11.01.1959;0;4
ALILE;4;18.08.1949;0;4
MEHVIBE;4;10.07.1976;0;4
EZERHAN;4;3.04.1971;0;4
GULUMSEHER;4;19.09.1963;0;4
SIDIKIYE;4;20.09.1955;0;4
MEJBURA;4;20.04.1958;0;4
GULUZUR;4;3.03.1973;0;4
NABIYA;4;5.10.1970;0;4
FERANDE;4;11.06.1949;0;4
FARZ;4;14.08.1951;0;4
NURCIMEN;4;19.08.1973;0;4
MUSIGE;4;29.12.1962;0;4
DINARZADE;4;6.07.1974;0;4
LELLA;4;18.03.1985;0;4
BENISUAT;4;12.06.1958;0;4
ZEZAN;4;19.11.1971;0;4
ETICE;4;1.01.1981;0;4
MEDRESE;4;14.12.1985;0;4
AYGER;4;19.11.1973;0;4
RAKIYYE;4;17.01.1990;0;4
MIKELSUN;4;12.09.1980;0;4
NURZIN;4;16.11.1986;0;4
PAIZE;4;16.08.1965;0;4
HINDIRIN;4;18.05.1984;0;4
MISEVRET;4;25.01.1978;0;4
NESTIMAN;4;7.11.1981;0;4
ZALAL;4;30.09.1981;0;4
SEYNEP;4;22.11.1974;0;4
ZELIFI;4;19.06.1945;0;4
GARIPE;4;4.08.1985;0;4
HUMEYLE;4;5.05.1976;0;4
DUDAN;4;22.12.1982;0;4
LORISTAN;4;21.09.1991;0;4
SEVDIGAR;4;18.06.1965;0;4
RIDDO;4;30.08.1962;0;4
ZERRUGA;4;8.01.1961;0;4
YUHANES;4;25.08.1977;0;4
SONGIL;4;29.2.1982;0;4
GEDDURE;4;27.02.1950;0;4
REVSO;4;22.09.1957;0;4
ETLISE;4;19.08.1966;0;4
GERMUSE;4;23.08.1953;0;4
HUZNISAH;4;17.02.1979;0;4
BEDEVCAN;4;11.10.1966;0;4
YENDISAH;4;16.08.1981;0;4
REVIDA;4;16.12.1967;0;4
ZAHO;4;14.06.1956;0;4
EBLISE;4;15.05.1967;0;4
SAMIAT;4;27.08.1972;0;4
NURIYEHAN;4;26.12.1956;0;4
NARINI;4;2.06.1960;0;4
MEHDIGAR;4;26.09.1976;0;4
TEVZIAT;4;4.03.1962;0;4
SAYAHAT;4;4.04.1971;0;4
KECO;4;24.02.1934;0;4
CEVHERA;4;17.02.1984;0;4
GAZIBE;4;10.06.1954;0;4
HEBRO;4;17.02.1965;0;4
ZUHEYYA;4;21.07.1967;0;4
ARRUNI;4;10.01.1934;0;4
SIMENSAH;4;28.03.1965;0;4
BEYZARI;4;30.07.1937;0;4
MAKBULLE;4;25.07.1971;0;4
KASANI;4;28.04.1942;0;4
SUKEYNET;4;7.10.1979;0;4
MEKBULA;4;4.08.1960;0;4
HEBRIYE;4;17.05.1960;0;4
NUSIBE;4;24.08.1976;0;4
MEGRICAN;4;28.08.1991;0;4
MEYMA;4;9.11.1955;0;4
NERUMAN;4;28.03.1974;0;4
MUCARET;4;2.05.1972;0;4
HORIYA;4;25.05.1965;0;4
MUNEVAR;4;15.05.1968;0;4
RUHO;4;12.12.1948;0;4
AYNULMERDIYE;4;1.12.1961;0;4
FAHIRA;4;15.04.1954;0;4
YASRIBE;4;11.03.1979;0;4
SIYHEM;4;1.06.1976;0;4
EDLE;4;8.03.1946;0;4
HANDI;4;20.04.1966;0;4
ERDAHANI;4;18.09.1948;0;4
BIRUCE;4;4.12.1960;0;4
KAMRA;4;27.10.1949;0;4
PERRO;4;3.08.1946;0;4
LAKIZER;4;2.01.1982;0;4
ZUAYNE;4;18.03.1959;0;4
SILIME;4;8.11.1968;0;4
FATTUME;4;30.06.1942;0;4
MEKIYYE;4;5.06.1973;0;4
VESSI;4;10.01.1934;0;4
KEMNIYE;4;8.12.1966;0;4
ERZENE;4;23.09.1947;0;4
BULUCA;4;20.08.1954;0;4
NUHROJ;4;7.01.1982;0;4
HELVE;4;8.11.1973;0;4
LILVE;4;4.03.1976;0;4
MIHDIYYE;4;22.03.1956;0;4
AMNI;4;5.02.1942;0;4
SUDUR;4;28.11.1969;0;4
HUBRUYE;4;29.08.1963;0;4
SINDIS;4;26.10.1969;0;4
DUHLE;4;24.12.1971;0;4
SEMSIYA;4;2.09.1968;0;4
VETFE;4;6.12.1965;0;4
ICBA;4;29.11.1956;0;4
ZINEM;4;7.06.1972;0;4
HAZZE;4;9.12.1952;0;4
CANNAZ;4;12.04.1979;0;4
DUNYE;4;22.10.1972;0;4
TARFIYE;4;25.02.1960;0;4
SARIZA;4;23.11.1969;0;4
ESFIHAN;4;17.01.1968;0;4
GARIME;4;23.05.1974;0;4
GAZZU;4;17.09.1929;0;4
HITTE;4;4.02.1947;0;4
MUHBETI;4;4.01.1964;0;4
SIVAZAT;4;21.05.1961;0;4
BITO;4;12.12.1928;0;4
SEZIME;4;27.08.1971;0;4
HANVE;4;13.05.1966;0;4
ZIHRE;4;24.12.1955;0;4
MIRCANE;4;7.05.1962;0;4
MAYADA;4;11.09.1974;0;4
GULISTANI;4;6.04.1960;0;4
GALLE;4;17.05.1976;0;4
BURUSA;4;1.06.1976;0;4
LILVA;4;4.09.1980;0;4
SERUZAN;4;20.03.1978;0;4
GULZANE;4;16.11.1982;0;4
AVASA;4;2.03.1945;0;4
NEFSANE;4;30.12.1972;0;4
MERRA;4;18.03.1967;0;4
HANSO;4;27.03.1959;0;4
SIKRO;4;28.02.1953;0;4
SEMSEHAN;4;19.10.1944;0;4
SALWA;4;26.01.1969;0;4
GAVRI;4;8.09.1955;0;4
HUZNUYE;4;26.06.1959;0;4
PAKO;4;25.07.1965;0;4
SILTE;4;15.10.1954;0;4
SUNGOL;4;3.03.1976;0;4
SAADETI;4;6.09.1957;0;4
MALDA;4;17.03.1985;0;4
ELISBAH;4;2.08.1965;0;4
HAVVO;4;28.08.1969;0;4
SALEMET;4;27.06.1973;0;4
HELGE;4;12.01.1978;0;4
MARGHERITA;4;10.05.1969;0;4
ZIYO;4;22.12.1943;0;4
EDESSA;4;30.01.1988;0;4
VECBIYE;4;8.09.1958;0;4
HEZZO;4;1.06.1936;0;4
IZLE;4;14.05.1981;0;4
CIHAZ;4;11.06.1977;0;4
KAROLINE;4;29.01.1984;0;4
FANIFE;4;1.12.1951;0;4
MISRO;4;23.01.1967;0;4
HARICI;4;17.02.1954;0;4
DURUYAN;4;12.09.1970;0;4
YILMAZE;4;1.08.1971;0;4
NATICA;4;8.04.1989;0;4
HAFSED;4;29.09.1943;0;4
HIZE;4;12.07.1977;0;4
VERDEKI;4;3.06.1959;0;4
REFIDA;4;1.03.1972;0;4
HIPSI;4;13.08.1959;0;4
EBLIN;4;7.02.1970;0;4
NAAMI;4;4.02.1937;0;4
DINYI;4;27.05.1932;0;4
MERIA;4;7.02.1965;0;4
VERDIKI;4;19.11.1948;0;4
JEANNETTE;4;29.07.1978;0;4
NINVE;4;23.01.1983;0;4
FADIA;4;8.07.1968;0;4
NECVEL;4;21.12.1981;0;4
LISBA;4;10.08.1960;0;4
VEFE;4;7.04.1986;0;4
FULUR;4;1.10.1970;0;4
SAYRANE;4;9.08.1973;0;4
SOAT;4;11.09.1975;0;4
YULYA;4;25.09.1985;0;4
JALET;4;1.02.1962;0;4
LILYANE;4;13.09.1982;0;4
RANYE;4;7.11.1979;0;4
DENIELA;4;24.08.1983;0;4
NESEBE;4;20.03.1967;0;4
SADRA;4;27.03.1973;0;4
BIRBARA;4;24.02.1977;0;4
YULYANA;4;10.11.1977;0;4
LIJBAH;4;17.06.1986;0;4
SAADA;4;22.04.1984;0;4
HINDIYA;4;6.03.1968;0;4
MESMIHA;4;29.09.1980;0;4
HASNO;4;17.02.1953;0;4
ZERIHE;4;30.01.1948;0;4
SEKERI;4;28.11.1981;0;4
YASRA;4;4.03.1975;0;4
HAYIRE;4;30.10.1961;0;4
HALISETE;4;3.03.1969;0;4
GAMIYE;4;2.04.1972;0;4
RABIGE;4;26.01.1964;0;4
AYHANI;4;18.04.1975;0;4
SAHREZET;4;4.02.1973;0;4
TEMIRTAC;4;9.07.1959;0;4
NUBARIN;4;27.05.1978;0;4
BERCI;4;22.09.1952;0;4
SIBHIYE;4;12.04.1965;0;4
FANOS;4;14.06.1973;0;4
KIRISTINE;4;18.07.1970;0;4
ROSMARIE;4;2.04.1984;0;4
ELIZEBET;4;26.07.1975;0;4
HELAN;4;18.02.1973;0;4
YUMNE;4;17.08.1951;0;4
KADRIJE;4;9.07.1981;0;4
VILADET;4;3.09.1966;0;4
MERRO;4;14.11.1935;0;4
SAMIREN;4;20.07.1962;0;4
SAITE;4;28.10.1959;0;4
DULGES;4;9.09.1981;0;4
DILKEN;4;12.03.1981;0;4
PERVAR;4;28.07.1974;0;4
EZMIRAN;4;18.05.1984;0;4
NECYA;4;9.07.1960;0;4
GAYLA;4;17.11.1970;0;4
SAMIRAM;4;18.04.1978;0;4
VASMIYE;4;3.08.1960;0;4
MURTEZIN;4;20.12.1961;0;4
AREBE;4;1.07.1958;0;4
JINDA;4;7.02.1989;0;4
TUBAR;4;7.02.1991;0;4
UMRATA;4;12.03.1964;0;4
TEZBIRE;4;8.07.1981;0;4
RAHIS;4;9.04.1983;0;4
BEYRATA;4;1.07.1974;0;4
REYFA;4;17.03.1967;0;4
RANIYA;4;29.06.1977;0;4
RESSE;4;12.07.1953;0;4
AMUDE;4;1.02.1966;0;4
LUSIYA;4;17.01.1967;0;4
MUNTIHE;4;8.09.1980;0;4
FAHITA;4;12.06.1973;0;4
ANBO;4;17.08.1930;0;4
SAVCIHAN;4;28.12.1977;0;4
HASIBI;4;20.06.1942;0;4
TACIHA;4;27.04.1966;0;4
HECIRE;4;10.11.1958;0;4
ZEHIME;4;11.05.1966;0;4
SIKARI;4;15.01.1924;0;4
MUNSE;4;14.08.1970;0;4
MERTA;4;30.09.1979;0;4
HIZI;4;8.10.1952;0;4
HEYDEM;4;24.11.1983;0;4
HISRIYE;4;28.06.1952;0;4
SEYRU;4;10.08.1940;0;4
NURSIVAN;4;9.02.1989;0;4
SILALE;4;15.04.1971;0;4
NICIME;4;4.05.1939;0;4
MAKRIYE;4;27.01.1959;0;4
MINFIYE;4;2.02.1981;0;4
MEHRIKAN;4;20.02.1952;0;4
BEYNETE;4;16.08.1974;0;4
MELAKIYE;4;29.08.1961;0;4
HAMDA;4;6.04.1978;0;4
SERUNAZ;4;16.12.1962;0;4
KADIA;4;1.02.1971;0;4
FEDIA;4;23.06.1967;0;4
MEYUSE;4;12.10.1959;0;4
BASRIYA;4;13.05.1973;0;4
HADIE;4;17.12.1977;0;4
TESIRE;4;15.08.1961;0;4
RIHANA;4;23.03.1965;0;4
SORIYE;4;19.03.1963;0;4
LEYLU;4;24.06.1967;0;4
SAVCIYE;4;21.10.1980;0;4
ZEYNUBE;4;2.11.1977;0;4
HULEYYA;4;12.06.1965;0;4
MENCUL;4;16.11.1946;0;4
FERHE;4;17.07.1949;0;4
TEMBIYA;4;9.12.1966;0;4
CORDULA;4;9.07.1965;0;4
ROJI;4;28.10.1973;0;4
YAZGULI;4;5.04.1944;0;4
HELILE;4;5.10.1975;0;4
SALME;4;17.01.1969;0;4
MERRI;4;7.05.1937;0;4
YILIDIZ;4;6.05.1970;0;4
AYINZALHA;4;13.06.1956;0;4
ZEHDIYE;4;19.05.1949;0;4
NACLE;4;22.08.1961;0;4
DIDO;4;3.04.1948;0;4
EMISI;4;18.03.1955;0;4
FILINCE;4;8.05.1953;0;4
NAZIMAN;4;4.11.1969;0;4
VASIYA;4;3.03.1957;0;4
BEHO;4;20.04.1947;0;4
BARIGA;4;23.06.1968;0;4
ZERGIYE;4;25.11.1956;0;4
NEVSA;4;21.09.1971;0;4
SEHERI;4;10.01.1955;0;4
LISE;4;19.11.1961;0;4
NAVRIZIYE;4;16.07.1966;0;4
MIYAL;4;20.09.1977;0;4
CANDIDE;4;1.05.1984;0;4
NAYFER;4;25.12.1977;0;4
SUALYA;4;1.09.1963;0;4
LEYLIME;4;5.11.1950;0;4
HANIMDUDU;4;21.10.1961;0;4
HASIBIYE;4;25.02.1955;0;4
MIYASIYE;4;20.12.1950;0;4
BUYUKKADIN;4;13.01.1950;0;4
NUBEYDE;4;24.11.1968;0;4
NETIYCE;4;8.06.1967;0;4
MAHIFIRUZ;4;10.06.1953;0;4
DILFURUZI;4;30.06.1955;0;4
BULUDU;4;15.08.1963;0;4
SUMEYEN;4;16.10.1983;0;4
BAHTIZER;4;19.12.1960;0;4
TUREY;4;7.12.1966;0;4
NURCANE;4;26.01.1962;0;4
FIRDEYIS;4;3.06.1962;0;4
EFAKAT;4;9.01.1967;0;4
DILCE;4;15.09.1984;0;4
AYPERIN;4;25.11.1962;0;4
MENGIS;4;29.07.1962;0;4
TAKIYET;4;13.10.1939;0;4
NURAYIM;4;22.10.1965;0;4
COLBEN;4;6.04.1970;0;4
KANTET;4;24.03.1957;0;4
SEMASE;4;5.02.1960;0;4
SUMRIYE;4;19.05.1966;0;4
BILALE;4;19.03.1959;0;4
GUNNAZIYE;4;3.05.1963;0;4
MURSUNE;4;6.07.1959;0;4
AYISEN;4;8.07.1956;0;4
UMUSIN;4;1.02.1961;0;4
KERZIYE;4;1.06.1956;0;4
AYES;4;15.01.1979;0;4
FIRDEN;4;8.11.1968;0;4
LEYMONA;4;15.03.1959;0;4
YAZAY;4;15.04.1979;0;4
KAMULE;4;30.11.1968;0;4
HURFIYE;4;19.04.1959;0;4
MEMURAN;4;6.05.1974;0;4
GULOL;4;18.12.1952;0;4
GULSEHRIBAN;4;14.10.1960;0;4
MUKREME;4;16.08.1947;0;4
ABISE;4;28.12.1950;0;4
SANEZ;4;13.02.1966;0;4
AYTEP;4;13.03.1968;0;4
GULEYFE;4;10.03.1957;0;4
DURKIYE;4;1.04.1962;0;4
NIGARIYE;4;9.10.1949;0;4
HURIK;4;4.03.1956;0;4
TSIRA;4;24.03.1968;0;4
SEMREHAN;4;25.12.1968;0;4
ZARURE;4;17.04.1962;0;4
FERIZON;4;26.12.1959;0;4
GULSAYIN;4;27.08.1955;0;4
ZIKIYE;4;7.04.1961;0;4
AGIFE;4;19.11.1965;0;4
SEVGILAY;4;14.01.1978;0;4
PARISE;4;18.04.1965;0;4
MINIGUL;4;13.05.1965;0;4
ZUBEDA;4;25.07.1968;0;4
CAMALE;4;11.11.1959;0;4
GULNAFIYE;4;27.11.1975;0;4
MEHDURE;4;15.01.1951;0;4
AYFEGUL;4;11.01.1972;0;4
SEKDA;4;17.03.1958;0;4
GULSAYI;4;28.11.1964;0;4
LANUFER;4;10.03.1959;0;4
GUZIDIYE;4;10.01.1964;0;4
LELIMAN;4;14.05.1953;0;4
NEZVIYE;4;7.07.1958;0;4
JUJUNA;4;30.11.1965;0;4
KUGUK;4;10.04.1953;0;4
NECIRE;4;28.11.1965;0;4
MEKSUDIYE;4;30.01.1964;0;4
MERMUNE;4;4.10.1962;0;4
AHSER;4;23.09.1961;0;4
MEHBIBE;4;9.06.1966;0;4
SINAYE;4;12.06.1951;0;4
AYSELE;4;22.04.1948;0;4
GURCUN;4;24.06.1966;0;4
PERIKAN;4;10.07.1968;0;4
ZULEYDA;4;27.08.1968;0;4
SEGER;4;11.11.1957;0;4
HUSAMIYE;4;17.10.1961;0;4
HAMIDENUR;4;18.08.1989;0;4
KASGAL;4;27.05.1965;0;4
PIRSEL;4;8.05.1957;0;4
MEHTAPNUR;4;9.06.1986;0;4
MAHBUKAR;4;5.01.1949;0;4
RAFINE;4;1.12.1956;0;4
KIYAMAN;4;20.07.1956;0;4
PENZIYE;4;5.04.1958;0;4
RUKIYENUR;4;24.08.1988;0;4
HOMAIL;4;29.2.1953;0;4
MIRIDE;4;22.02.1960;0;4
CISMINUR;4;1.05.1964;0;4
NARDIYE;4;4.06.1962;0;4
VEYHAN;4;20.11.1958;0;4
KITAYI;4;19.06.1968;0;4
MUYIBE;4;22.05.1945;0;4
MECMUA;4;29.11.1958;0;4
IHYANUR;4;17.03.1985;0;4
PULYA;4;8.09.1987;0;4
SANIGUL;4;11.07.1954;0;4
FERAYIL;4;6.08.1962;0;4
MERASE;4;19.05.1945;0;4
ETNA;4;6.07.1980;0;4
KUFER;4;17.03.1951;0;4
FERMINE;4;21.06.1952;0;4
MUVAHIDE;4;28.04.1946;0;4
DIDENUR;4;16.05.1980;0;4
MAHIYA;4;22.01.1961;0;4
FERAZE;4;9.04.1962;0;4
ASEGUL;4;6.05.1976;0;4
HAVALIK;4;19.06.1953;0;4
FATTIME;4;20.06.1976;0;4
SAHINNAS;4;30.06.1959;0;4
HESPIYE;4;24.01.1961;0;4
NIAYET;4;3.07.1958;0;4
ISMAFET;4;11.08.1958;0;4
ZELKIFE;4;12.10.1955;0;4
HURIKIZ;4;25.05.1948;0;4
SUSU;4;9.03.1951;0;4
ILKIME;4;1.07.1974;0;4
HIFFET;4;14.01.1950;0;4
EKIL;4;22.01.1985;0;4
LEYLICAN;4;8.06.1966;0;4
NEZDIYE;4;19.12.1957;0;4
RIYANE;4;5.04.1941;0;4
MUAYET;4;21.05.1965;0;4
MINAYET;4;20.09.1978;0;4
GAMILE;4;24.01.1947;0;4
MUZHAN;4;7.03.1953;0;4
HIZIRE;4;2.01.1949;0;4
AKCAKIZ;4;24.08.1952;0;4
BURUCAN;4;23.11.1975;0;4
MEDAHET;4;13.12.1942;0;4
MABURE;4;9.02.1956;0;4
ZINNIYE;4;15.10.1950;0;4
YONCANUR;4;5.12.1987;0;4
CAGNAN;4;13.02.1960;0;4
MUSAYET;4;18.08.1963;0;4
ALAGUL;4;28.04.1961;0;4
DIGAR;4;3.12.1958;0;4
REYLAN;4;26.05.1980;0;4
OZGESU;4;24.09.1989;0;4
MEHRUBAN;4;1.05.1963;0;4
ZEYTUL;4;28.06.1967;0;4
SEHRUZAN;4;30.08.1964;0;4
ZEKAVE;4;22.07.1954;0;4
YUKSELAY;4;18.12.1958;0;4
UZEYNE;4;11.12.1956;0;4
SERINNAZ;4;13.01.1950;0;4
HUSNIHAL;4;21.03.1966;0;4
HOSEDA;4;11.10.1972;0;4
GURSUME;4;14.12.1956;0;4
ZUREYDE;4;10.09.1973;0;4
MINNISA;4;20.02.1953;0;4
SIDAKA;4;6.04.1954;0;4
ALVARD;4;23.02.1966;0;4
PERMUDE;4;10.02.1961;0;4
MEZRUKE;4;20.06.1942;0;4
ZUMEYDE;4;7.12.1969;0;4
VAHIZE;4;28.02.1970;0;4
TURCE;4;4.11.1984;0;4
CANSUNUR;4;30.2.1991;0;4
LEUZE;4;24.01.1958;0;4
REYTA;4;10.01.1982;0;4
BAGDEL;4;15.09.1986;0;4
SUNACAN;4;21.03.1975;0;4
TEYLA;4;16.12.1954;0;4
IFTEHAR;4;29.10.1964;0;4
MUFRIZE;4;23.01.1957;0;4
SAHLISAN;4;18.12.1952;0;4
ZULAN;4;4.12.1951;0;4
SUBILE;4;22.01.1951;0;4
SEVANUR;4;7.07.1967;0;4
SEFASUR;4;16.12.1957;0;4
SEMIZE;4;6.06.1961;0;4
FERTANE;4;6.01.1964;0;4
HIKNUR;4;4.12.1966;0;4
HEDIFE;4;1.01.1963;0;4
GULKER;4;26.12.1970;0;4
REFICE;4;27.07.1958;0;4
BULBULE;4;19.12.1961;0;4
TEKDIRE;4;5.05.1972;0;4
FIRDET;4;11.04.1965;0;4
REFAHET;4;14.07.1962;0;4
GUNEZ;4;18.12.1965;0;4
HENUZE;4;26.09.1961;0;4
NIGBER;4;11.01.1965;0;4
IBAHAT;4;6.06.1960;0;4
MUSAADET;4;28.01.1950;0;4
SUNBILE;4;20.08.1956;0;4
NEZINE;4;26.12.1973;0;4
MAHUGUL;4;2.07.1965;0;4
GULCAM;4;9.02.1975;0;4
MEBBUSE;4;7.06.1960;0;4
NURYAG;4;10.01.1975;0;4
EDANAZ;4;4.06.1991;0;4
HUZEYDE;4;21.08.1968;0;4
HAMIDEGUL;4;13.01.1961;0;4
GUCIN;4;14.08.1972;0;4
HULYET;4;9.01.1963;0;4
KEZBIYE;4;25.06.1959;0;4
AYSEKER;4;27.05.1964;0;4
YASEMBUL;4;15.10.1950;0;4
NUHDIYE;4;13.12.1971;0;4
MIHRUBAN;4;1.11.1944;0;4
ZULFINIGAR;4;1.05.1984;0;4
ZULFISAN;4;26.01.1956;0;4
SEVDIS;4;20.07.1947;0;4
ZILAFER;4;29.09.1966;0;4
CEHIYE;4;5.11.1947;0;4
LEBIK;4;7.05.1944;0;4
SOLNUR;4;1.06.1979;0;4
KASIBE;4;20.01.1972;0;4
BESTURE;4;14.07.1970;0;4
ZELIL;4;16.12.1968;0;4
IPILIK;4;17.01.1959;0;4
SELFA;4;26.10.1976;0;4
TENZILET;4;21.04.1969;0;4
ZAYRIYE;4;29.03.1955;0;4
CAYIBE;4;30.12.1951;0;4
BIRSELIN;4;29.04.1971;0;4
GUNESIN;4;26.06.1970;0;4
SARANA;4;23.06.1939;0;4
MELEKTER;4;19.03.1952;0;4
MUKADDERET;4;23.07.1975;0;4
UMMIHA;4;28.03.1963;0;4
DUREYYA;4;25.11.1958;0;4
GUZINE;4;10.11.1959;0;4
NECMIHAN;4;17.07.1962;0;4
HACCEGUL;4;15.09.1958;0;4
MEMNUNA;4;20.01.1954;0;4
MADERET;4;4.10.1948;0;4
SINNAZ;4;4.11.1965;0;4
MEYLUK;4;29.08.1955;0;4
BUYUCE;4;29.06.1947;0;4
SEVIDAN;4;17.01.1972;0;4
SOPIO;4;12.01.1977;0;4
NEVAIL;4;5.11.1960;0;4
ARDANUR;4;28.12.1986;0;4
MENDUA;4;3.11.1957;0;4
NARGILA;4;14.12.1977;0;4
CIZEL;4;1.07.1979;0;4
UNZULAY;4;16.07.1976;0;4
HUBEYLA;4;9.01.1971;0;4
KAMERYE;4;10.07.1966;0;4
GOSE;4;12.07.1949;0;4
SEMIHAL;4;5.10.1957;0;4
VILDAM;4;8.06.1980;0;4
SEBAHAD;4;16.01.1964;0;4
HEFIYE;4;15.08.1948;0;4
FEYKIYE;4;18.10.1939;0;4
BEREKE;4;4.07.1958;0;4
MEHDUNE;4;5.11.1969;0;4
ARIFEGUL;4;15.04.1978;0;4
GUSEF;4;3.07.1983;0;4
MESIHAN;4;27.07.1978;0;4
ENIYSE;4;1.08.1978;0;4
RAFINA;4;6.11.1963;0;4
YETTER;4;2.03.1968;0;4
MEKTAP;4;27.08.1979;0;4
MEBSUSE;4;28.05.1949;0;4
SEBBER;4;21.12.1957;0;4
HELMINE;4;20.02.1952;0;4
BEYLUN;4;6.01.1976;0;4
FIGUL;4;7.03.1964;0;4
PAMBAK;4;4.12.1950;0;4
FIKA;4;15.06.1956;0;4
TUBI;4;21.05.1945;0;4
CORINNA;4;26.06.1971;0;4
RUKUYYE;4;7.04.1961;0;4
ASIFA;4;19.02.1950;0;4
SEBIYYE;4;29.08.1953;0;4
ICAZIYE;4;20.05.1962;0;4
HULMUSE;4;11.02.1961;0;4
SERALE;4;2.12.1970;0;4
KIBIRIYA;4;9.02.1966;0;4
ZULHAL;4;2.02.1972;0;4
KULHANIM;4;15.02.1941;0;4
BEHRIMAN;4;5.10.1958;0;4
SAHINDERE;4;22.10.1944;0;4
SENEREN;4;6.06.1950;0;4
FAHIZER;4;22.12.1960;0;4
BERGIZ;4;13.05.1964;0;4
NAMIKER;4;23.01.1951;0;4
SUNUS;4;24.09.1967;0;4
SIMAS;4;21.07.1942;0;4
SINGUL;4;17.11.1962;0;4
SEHRAYI;4;20.05.1955;0;4
NAZALI;4;16.06.1951;0;4
DURNEY;4;22.10.1949;0;4
NARDANIYE;4;17.12.1952;0;4
HERDE;4;18.06.1967;0;4
GIYAFE;4;21.03.1973;0;4
BAKSEL;4;22.01.1967;0;4
ZEBAHI;4;28.12.1953;0;4
PAMMUK;4;19.12.1965;0;4
EMETUK;4;7.02.1957;0;4
ENDE;4;20.12.1971;0;4
ESUK;4;30.09.1950;0;4
RAYNA;4;12.06.1958;0;4
MAHIMIHRI;4;22.10.1953;0;4
ZELIHANUR;4;21.08.1973;0;4
FIKIRE;4;7.02.1962;0;4
MUBUNE;4;10.06.1977;0;4
NULTEN;4;12.10.1959;0;4
DURSEY;4;21.08.1954;0;4
MEBIHA;4;6.01.1979;0;4
MUGEY;4;6.05.1963;0;4
SUMUZER;4;13.03.1956;0;4
KEKUK;4;16.05.1963;0;4
MASLAHAT;4;22.05.1964;0;4
GULGAZ;4;14.06.1956;0;4
NEYMA;4;30.09.1959;0;4
MEYILDE;4;23.06.1973;0;4
UMMUEYMEN;4;21.10.1981;0;4
MEYIDE;4;25.08.1965;0;4
SALEP;4;21.09.1970;0;4
MEKKEHAN;4;22.07.1981;0;4
SUHEYYA;4;1.02.1973;0;4
KANITAT;4;20.11.1968;0;4
IKNAR;4;30.08.1965;0;4
MILVAR;4;24.10.1950;0;4
BASAKNUR;4;14.09.1980;0;4
KISELI;4;19.11.1937;0;4
SEVGIYA;4;26.04.1970;0;4
MAKBUSE;4;6.01.1966;0;4
SIMSAR;4;5.05.1948;0;4
NEVSANE;4;29.03.1969;0;4
SILBER;4;20.07.1966;0;4
SEMINAL;4;18.08.1981;0;4
CERENAY;4;16.12.1990;0;4
HAFIZET;4;2.03.1955;0;4
SUHEYRA;4;28.10.1981;0;4
PERISEN;4;14.11.1961;0;4
SUBEYHAN;4;1.06.1956;0;4
PARIHAN;4;22.06.1970;0;4
TESILME;4;9.02.1954;0;4
VEYDA;4;8.10.1972;0;4
SAFIZER;4;3.02.1944;0;4
GULSALIYE;4;17.04.1954;0;4
ZERBAHI;4;17.03.1960;0;4
ZURUCE;4;13.06.1949;0;4
DONCAN;4;24.08.1977;0;4
GULDENNUR;4;2.04.1966;0;4
HAMSIDE;4;13.04.1940;0;4
NARIHAN;4;17.12.1972;0;4
HAZINET;4;16.08.1974;0;4
GULSAHER;4;14.06.1958;0;4
MARGARETE;4;20.05.1938;0;4
ADELU;4;1.09.1951;0;4
NURSUMAN;4;28.07.1976;0;4
EBUK;4;30.07.1942;0;4
TEBEREK;4;25.11.1955;0;4
HUSNEHAN;4;17.04.1985;0;4
ETFIYE;4;11.12.1945;0;4
BEDINE;4;10.11.1958;0;4
MAHBULIYE;4;26.05.1968;0;4
SAZEMET;4;10.11.1963;0;4
TURKTEN;4;1.01.1963;0;4
ZAFINAZ;4;24.12.1963;0;4
SERPILE;4;12.12.1971;0;4
KIMYANUR;4;19.12.1983;0;4
SEFNAZ;4;29.09.1964;0;4
GAIME;4;15.06.1944;0;4
AYISET;4;18.06.1953;0;4
KATTER;4;21.09.1952;0;4
NEMSIYE;4;15.05.1954;0;4
MIHREBAN;4;5.05.1959;0;4
LEYLIYA;4;4.07.1957;0;4
ZUFAL;4;12.01.1971;0;4
RUZIGAR;4;7.06.1952;0;4
GUYSEL;4;18.04.1960;0;4
SAFURUYE;4;23.03.1968;0;4
MELDEM;4;11.12.1980;0;4
ENDAMIGUL;4;1.06.1959;0;4
HURMUZIYE;4;6.05.1948;0;4
MEYMUNIYE;4;17.01.1962;0;4
GULBALI;4;14.12.1959;0;4
MENDUBE;4;12.11.1965;0;4
SUPUYE;4;13.03.1972;0;4
KELIMET;4;16.06.1966;0;4
IFAHAT;4;19.04.1957;0;4
CADRIE;4;27.10.1966;0;4
NURSALIYE;4;24.09.1958;0;4
MESAKIN;4;20.09.1981;0;4
NURUYET;4;18.02.1964;0;4
ZADEN;4;24.02.1966;0;4
BUHEYSA;4;7.10.1976;0;4
MECDUDE;4;22.12.1948;0;4
ABADAN;4;3.12.1951;0;4
SAHSULTAN;4;20.01.1957;0;4
BIBINIYAZ;4;9.08.1961;0;4
SULFET;4;11.10.1949;0;4
GULADE;4;12.04.1962;0;4
BAMIYE;4;24.12.1949;0;4
MEMRUNE;4;23.08.1972;0;4
HISVIYE;4;26.08.1949;0;4
YURDEN;4;18.08.1958;0;4
BIRANDA;4;20.06.1979;0;4
SEMRAMIZ;4;29.08.1964;0;4
NIHANNUR;4;9.08.1963;0;4
MEKTURE;4;30.10.1949;0;4
MULADIYE;4;25.10.1961;0;4
FATUK;4;19.05.1961;0;4
ZUBAYDE;4;30.12.1961;0;4
FERMIS;4;15.12.1961;0;4
TUCCE;4;25.02.1958;0;4
TUCCALI;4;18.06.1957;0;4
SEYIBET;4;18.11.1970;0;4
ELBE;4;1.03.1978;0;4
GULTATLI;4;13.04.1958;0;4
ADALE;4;5.12.1966;0;4
AKGULLU;4;21.08.1956;0;4
YELIZE;4;9.01.1981;0;4
MINERE;4;29.05.1963;0;4
GULRUHU;4;1.07.1939;0;4
KUKUL;4;1.05.1959;0;4
MIYRIYE;4;18.05.1959;0;4
NEVSALE;4;20.07.1960;0;4
ILKIHAN;4;21.04.1975;0;4
NAKEHAN;4;19.06.1966;0;4
FERINDER;4;12.02.1960;0;4
SADAGET;4;10.06.1971;0;4
YATIKAR;4;26.08.1964;0;4
KUMULA;4;6.02.1958;0;4
MELAHIYE;4;19.04.1963;0;4
SEHRAYE;4;12.01.1947;0;4
NUSLET;4;20.08.1942;0;4
ILGINUR;4;11.11.1972;0;4
NEZIYAN;4;2.11.1950;0;4
MUDEBER;4;14.04.1961;0;4
MULKIZER;4;12.02.1947;0;4
GULSEHAN;4;10.08.1965;0;4
HEYZURAN;4;2.10.1978;0;4
DIJEN;4;14.03.1965;0;4
DUGBA;4;20.01.1979;0;4
BELA;4;14.02.1972;0;4
PIKET;4;6.06.1973;0;4
ZULHIYA;4;16.07.1965;0;4
BAGSIS;4;27.10.1948;0;4
BASIS;4;14.05.1939;0;4
ZENNUREYN;4;19.01.1949;0;4
GULESIR;4;9.02.1957;0;4
UNNAZ;4;28.10.1970;0;4
DURHAYAT;4;25.04.1966;0;4
DUZEL;4;15.09.1963;0;4
AYSELER;4;13.07.1960;0;4
SEHDANE;4;10.05.1949;0;4
NURBER;4;24.05.1958;0;4
SEVKIL;4;16.12.1951;0;4
DILYA;4;22.06.1973;0;4
TUBAA;4;4.10.1978;0;4
SUZIDILARA;4;12.12.1984;0;4
TALIKA;4;10.12.1960;0;4
ZULUHE;4;12.03.1973;0;4
AIBANIZ;4;13.10.1963;0;4
ZEKIMAN;4;7.11.1965;0;4
ZULAHE;4;6.04.1954;0;4
KAMILLA;4;7.05.1981;0;4
SELENE;4;3.10.1978;0;4
UMMUKULSUM;4;5.05.1979;0;4
GUNA;4;14.06.1970;0;4
NEVLIN;4;6.08.1971;0;4
UMMUHA;4;4.11.1971;0;4
BEYRAN;4;12.07.1970;0;4
MUHINAR;4;24.12.1965;0;4
HAIFE;4;17.07.1961;0;4
LAHIDE;4;5.01.1958;0;4
DULAY;4;2.12.1965;0;4
GULHAMDAN;4;8.03.1968;0;4
KULUMSER;4;28.07.1950;0;4
KULFE;4;7.12.1944;0;4
GULBARE;4;12.09.1961;0;4
MULVET;4;23.12.1956;0;4
VEBIHAN;4;6.08.1969;0;4
MIGEN;4;4.03.1984;0;4
MERZUKIYE;4;12.10.1960;0;4
HEYVI;4;10.11.1943;0;4
GULDOREN;4;6.01.1965;0;4
KUSI;4;2.01.1933;0;4
FECIRA;4;12.04.1961;0;4
MILIYE;4;26.09.1940;0;4
RUKEM;4;12.01.1976;0;4
MURFUDE;4;17.07.1967;0;4
FERDENE;4;18.04.1950;0;4
HASGAR;4;30.08.1963;0;4
CIBAR;4;20.11.1949;0;4
OLIDA;4;6.09.1981;0;4
KUMU;4;18.03.1950;0;4
LEYILA;4;4.08.1965;0;4
FECERE;4;10.12.1937;0;4
KEZE;4;19.03.1938;0;4
RUHKEN;4;17.11.1974;0;4
ZELUL;4;19.11.1947;0;4
NAIFA;4;15.09.1963;0;4
MELICA;4;25.11.1971;0;4
KEMALLI;4;22.07.1957;0;4
MIFRICE;4;12.06.1976;0;4
GULUNDAM;4;7.04.1957;0;4
KIZO;4;7.02.1948;0;4
HULYETE;4;29.2.1973;0;4
HISRAN;4;28.07.1962;0;4
KAYSERI;4;30.08.1948;0;4
MOBAH;4;30.06.1981;0;4
LALIGAN;4;21.09.1945;0;4
YEZDA;4;7.01.1979;0;4
FEMIDE;4;2.12.1965;0;4
RUKIYETTE;4;23.03.1974;0;4
FEZIMA;4;12.11.1971;0;4
SIMHIZAR;4;20.06.1960;0;4
GAMZIYE;4;19.11.1976;0;4
MUNTAZEM;4;14.03.1979;0;4
TAVIS;4;27.05.1945;0;4
NAZME;4;28.06.1960;0;4
CAVIZE;4;25.05.1973;0;4
HURISINAN;4;20.12.1949;0;4
FECRIYA;4;27.08.1977;0;4
MUKLIME;4;1.09.1975;0;4
SAHAM;4;7.01.1967;0;4
ENZILET;4;19.07.1982;0;4
SEFKIYAT;4;5.09.1962;0;4
FIRHAT;4;2.07.1946;0;4
NARIH;4;7.11.1976;0;4
YAGMURCAN;4;2.01.1990;0;4
ISFINAZ;4;14.03.1972;0;4
SANIAT;4;26.10.1971;0;4
KEMERIYE;4;21.11.1952;0;4
BERAI;4;28.10.1977;0;4
NEFSICIHAN;4;14.06.1968;0;4
MUAALLA;4;4.01.1959;0;4
ETIBE;4;4.05.1961;0;4
SAVKAT;4;15.12.1966;0;4
SURMU;4;14.04.1952;0;4
NAHARI;4;17.02.1958;0;4
SIMAKI;4;17.03.1949;0;4
GULFEYAT;4;14.04.1975;0;4
GULCAR;4;11.01.1977;0;4
TEMINAT;4;22.07.1960;0;4
SINISAF;4;14.07.1968;0;4
MIYEFER;4;2.06.1976;0;4
MUHTEBBER;4;7.03.1979;0;4
REZIFE;4;20.08.1965;0;4
MEVSIYE;4;24.06.1969;0;4
TOKTABIBI;4;6.05.1952;0;4
SAHIKE;4;17.01.1972;0;4
ASSUMAN;4;15.11.1967;0;4
PURUZET;4;4.07.1948;0;4
ECIRE;4;9.04.1961;0;4
NARDA;4;12.04.1978;0;4
FESAHET;4;10.06.1970;0;4
FEDEM;4;15.07.1982;0;4
SUHILA;4;20.11.1956;0;4
SAVIM;4;1.01.1965;0;4
AYDONE;4;5.10.1979;0;4
MENTIKE;4;5.01.1968;0;4
BIBISARA;4;29.09.1953;0;4
CECE;4;10.05.1967;0;4
SEMAR;4;17.06.1979;0;4
GULAFTUN;4;10.04.1969;0;4
FECIME;4;19.03.1969;0;4
KUNCA;4;23.05.1948;0;4
SOHILLA;4;7.04.1964;0;4
VAHIME;4;2.09.1970;0;4
SENEMHAN;4;20.05.1987;0;4
NESIKA;4;7.02.1976;0;4
GULDILBER;4;17.05.1961;0;4
FULIYA;4;15.04.1972;0;4
BESIK;4;22.05.1944;0;4
DARIA;4;30.10.1973;0;4
PENBUK;4;11.07.1957;0;4
ESMAIL;4;30.11.1972;0;4
SUYLE;4;18.05.1970;0;4
FEYIDE;4;25.01.1964;0;4
ZAMANE;4;12.02.1956;0;4
VASIYLE;4;17.06.1953;0;4
SULHIYA;4;27.07.1966;0;4
SIMAM;4;12.11.1960;0;4
SEVZI;4;1.10.1950;0;4
VADILE;4;27.02.1969;0;4
GULBAH;4;29.11.1963;0;4
PERIGAN;4;26.11.1965;0;4
MELIMA;4;20.01.1973;0;4
ZERNAZ;4;27.08.1970;0;4
NEMIHAT;4;18.09.1970;0;4
NEBATE;4;8.01.1952;0;4
PAMBUG;4;14.11.1970;0;4
EBRUZ;4;20.04.1947;0;4
TELIZER;4;24.01.1960;0;4
ISMICIHAN;4;15.08.1957;0;4
HEZILE;4;25.07.1951;0;4
AKDILEK;4;20.10.1969;0;4
FILTAN;4;1.12.1963;0;4
MIZEYEN;4;12.10.1956;0;4
YURTTA;4;3.05.1953;0;4
MUSEYYER;4;1.08.1955;0;4
CINAZ;4;2.06.1978;0;4
HUBRAN;4;11.09.1957;0;4
URIFE;4;24.03.1968;0;4
LAVICAN;4;21.01.1979;0;4
SOLMAS;4;6.08.1963;0;4
BACHANIM;4;16.01.1958;0;4
EMNIYE;4;24.05.1953;0;4
CAZIDE;4;27.02.1966;0;4
REHAVZA;4;25.08.1949;0;4
MUNIJE;4;28.12.1951;0;4
BELKISAR;4;11.07.1975;0;4
FELEYNAZ;4;7.09.1969;0;4
SAHZENAN;4;3.03.1964;0;4
BEZAL;4;25.04.1951;0;4
FEYFUN;4;20.03.1958;0;4
ENZULHA;4;11.09.1970;0;4
GEYRAN;4;24.06.1947;0;4
GULUMDAR;4;5.01.1964;0;4
TEVGUL;4;26.11.1968;0;4
MERINAS;4;16.07.1967;0;4
ALAL;4;24.01.1955;0;4
OZDANE;4;20.08.1961;0;4
SEFERYA;4;15.01.1975;0;4
FATIMETE;4;10.08.1976;0;4
ELVA;4;9.08.1983;0;4
NOSAN;4;5.01.1965;0;4
GOKCENAY;4;19.04.1989;0;4
HAFZET;4;25.01.1955;0;4
HALVIYE;4;14.01.1945;0;4
HANIMSAN;4;25.07.1979;0;4
GEVRU;4;20.05.1969;0;4
ZERIFSAN;4;6.04.1954;0;4
UMEYE;4;12.03.1983;0;4
HUZEYCETE;4;30.2.1968;0;4
GURIN;4;29.04.1965;0;4
ZIMO;4;23.08.1953;0;4
SUBHA;4;25.07.1945;0;4
FIRIGAN;4;11.01.1963;0;4
ESRIFE;4;17.03.1970;0;4
GULNENE;4;3.10.1968;0;4
GUNISAN;4;7.09.1983;0;4
IFAKA;4;10.06.1940;0;4
NURSADAN;4;5.06.1963;0;4
NIFAR;4;28.02.1977;0;4
MAFIKAR;4;9.12.1952;0;4
MUNESE;4;9.10.1962;0;4
GULISIL;4;27.06.1974;0;4
ZIYANET;4;30.05.1955;0;4
KABINE;4;26.06.1969;0;4
MURBAN;4;26.04.1967;0;4
FELDE;4;27.01.1954;0;4
SAMRIYE;4;6.11.1963;0;4
GULPELIN;4;20.09.1979;0;4
KANIRE;4;19.02.1957;0;4
NURKALEM;4;27.07.1966;0;4
GUZEF;4;26.09.1950;0;4
CANANIYE;4;7.02.1967;0;4
MILIS;4;10.03.1953;0;4
SAVILE;4;13.01.1966;0;4
GUNDONDU;4;1.09.1962;0;4
BULGEYIS;4;6.06.1959;0;4
ZAFILE;4;24.11.1945;0;4
RUHIKAR;4;30.07.1951;0;4
TEMZE;4;17.05.1958;0;4
NURSEMAN;4;2.06.1967;0;4
BEDAAT;4;19.10.1946;0;4
LEYLEHAN;4;4.06.1961;0;4
NEFAYET;4;24.10.1972;0;4
ABIDETUL;4;3.06.1978;0;4
GULPERDE;4;6.08.1972;0;4
ESEHANIM;4;7.05.1970;0;4
NERGAHAN;4;23.03.1974;0;4
SELMUNE;4;10.08.1970;0;4
ZAYFE;4;25.09.1950;0;4
HAKIKET;4;29.12.1967;0;4
MUYESIR;4;25.10.1984;0;4
SULESER;4;8.12.1958;0;4
NEGIZ;4;30.07.1955;0;4
KARZIBAN;4;25.02.1950;0;4
BEYHUDA;4;7.09.1964;0;4
RADIKA;4;8.08.1972;0;4
NURSEBA;4;20.10.1979;0;4
GULLUKAR;4;29.04.1968;0;4
NESBIYE;4;7.01.1960;0;4
REMZETE;4;30.09.1975;0;4
MEVUDE;4;1.11.1956;0;4
SELVISE;4;4.09.1952;0;4
GUNGORE;4;2.05.1951;0;4
SAFINES;4;18.10.1950;0;4
ULFEDIYE;4;23.07.1946;0;4
MIRMAN;4;4.10.1959;0;4
NESLIYEN;4;22.03.1966;0;4
BEYDIYE;4;28.04.1963;0;4
ZOBIDE;4;17.06.1948;0;4
MUCIYE;4;18.07.1947;0;4
MUCESEN;4;14.01.1967;0;4
SAHZUMAN;4;14.01.1970;0;4
UZUMUYE;4;29.01.1954;0;4
NERMIYAN;4;21.02.1967;0;4
ELVUDA;4;10.09.1954;0;4
H.AYSE;4;28.12.1938;0;4
NALIFE;4;23.01.1954;0;4
LEYLIZAR;4;29.01.1944;0;4
YASARYA;4;17.03.1964;0;4
GULKEM;4;11.02.1987;0;4
SABIRYA;4;11.07.1968;0;4
FIDAHIYE;4;22.05.1955;0;4
AYTUNEL;4;23.03.1958;0;4
HADEVIYE;4;27.11.1951;0;4
HEYNAR;4;23.06.1978;0;4
MUSERRAH;4;26.01.1953;0;4
SULEYDA;4;2.05.1971;0;4
SUMMEHAN;4;10.09.1962;0;4
FEYZILE;4;15.04.1961;0;4
ZARIYA;4;9.07.1971;0;4
NAZENDAR;4;7.12.1968;0;4
GULLISEN;4;10.06.1969;0;4
CELYAN;4;17.04.1988;0;4
SERMINAS;4;27.01.1975;0;4
NEZLEHA;4;9.11.1945;0;4
EDAFIYE;4;13.11.1968;0;4
DUYGUM;4;16.02.1982;0;4
GONGUL;4;21.10.1971;0;4
SALEN;4;30.07.1964;0;4
NARGEHAN;4;14.06.1980;0;4
AFKA;4;4.05.1947;0;4
RUBEYSE;4;8.10.1973;0;4
RUKER;4;29.11.1973;0;4
NUKRAN;4;19.04.1964;0;4
ZENUS;4;22.08.1942;0;4
MISKEP;4;28.06.1966;0;4
TICEL;4;4.07.1968;0;4
SEAVETKA;4;18.01.1955;0;4
KUPUK;4;10.11.1945;0;4
FAHRUN;4;5.12.1970;0;4
EMRENUR;4;6.05.1986;0;4
MILEY;4;22.11.1965;0;4
BUSRAGUL;4;28.11.1988;0;4
MESURYE;4;22.06.1966;0;4
MALLA;4;6.07.1942;0;4
NESLIAY;4;24.11.1981;0;4
MAKVIRE;4;3.08.1960;0;4
DILBERKA;4;27.06.1949;0;4
NUSRETIYE;4;3.11.1958;0;4
PEYZA;4;5.12.1978;0;4
RIZVANGUL;4;18.05.1973;0;4
AYSIHAN;4;8.02.1957;0;4
SEZGINAY;4;19.02.1968;0;4
ENIDE;4;19.01.1978;0;4
FIRIHA;4;1.01.1965;0;4
NUSLIHAN;4;30.04.1961;0;4
MAYAH;4;21.11.1969;0;4
MUFERI;4;5.07.1950;0;4
BEZIHA;4;26.10.1973;0;4
ZILO;4;9.07.1944;0;4
GULLESER;4;29.05.1966;0;4
GIRYAZ;4;30.05.1968;0;4
RIZIKA;4;7.01.1948;0;4
NAZARIYE;4;26.02.1951;0;4
SEBAHANUR;4;22.12.1963;0;4
ZULMIYE;4;26.05.1969;0;4
BURCUNUR;4;20.09.1982;0;4
GULSUMNUR;4;2.03.1982;0;4
NEVZIHAN;4;24.08.1960;0;4
ZAYIME;4;3.08.1973;0;4
SEFIRIYE;4;18.05.1948;0;4
MULKESUN;4;21.04.1980;0;4
ZOLEYHA;4;13.11.1967;0;4
SIVIZAT;4;26.02.1963;0;4
HERAMSI;4;24.09.1973;0;4
TACISEL;4;15.05.1973;0;4
GOLFER;4;9.02.1963;0;4
AJSEL;4;13.03.1976;0;4
SEPNEN;4;2.05.1973;0;4
NURVERDI;4;16.04.1967;0;4
NEZYE;4;8.11.1953;0;4
MEDIYET;4;21.12.1950;0;4
MEHILE;4;21.02.1955;0;4
NERICAN;4;11.11.1971;0;4
MILGUL;4;19.12.1976;0;4
REFAHA;4;18.03.1960;0;4
NEFIYYE;4;9.03.1964;0;4
NERCIZ;4;25.10.1959;0;4
MAFURE;4;11.06.1953;0;4
PERGUN;4;24.04.1965;0;4
GULPERIYA;4;21.09.1968;0;4
SUNAHAT;4;12.06.1967;0;4
GULBEYAS;4;7.02.1964;0;4
HASURE;4;27.06.1948;0;4
BERVI;4;3.08.1977;0;4
ISTIHAN;4;2.10.1977;0;4
CERKEZIYE;4;16.12.1967;0;4
VEZA;4;17.08.1975;0;4
AFSANA;4;3.09.1981;0;4
NAZERIN;4;29.10.1968;0;4
ULEYME;4;17.07.1954;0;4
FITTOZ;4;11.11.1944;0;4
KILLI;4;17.05.1942;0;4
HORIYET;4;8.11.1967;0;4
MUSARIYE;4;8.05.1949;0;4
ULKUBAR;4;28.11.1959;0;4
DERNA;4;19.09.1979;0;4
ZIVAL;4;10.09.1974;0;4
HURISEV;4;9.10.1960;0;4
DURNIYE;4;8.07.1968;0;4
GUNNOR;4;15.10.1964;0;4
FIROS;4;9.12.1941;0;4
SEHBIYE;4;16.05.1968;0;4
IRENGI;4;5.08.1959;0;4
LEYLUZE;4;16.11.1965;0;4
ZILCAN;4;28.06.1964;0;4
SADEFIYE;4;1.01.1950;0;4
DURSEVIM;4;23.02.1959;0;4
YUZGEL;4;24.09.1967;0;4
SEDIME;4;26.04.1966;0;4
SUAYDE;4;25.08.1969;0;4
IRBABE;4;7.11.1934;0;4
MIZKAL;4;27.05.1955;0;4
RAMIYA;4;2.01.1983;0;4
BECIDE;4;21.06.1972;0;4
BENLIYE;4;15.09.1955;0;4
SUREHAN;4;4.10.1964;0;4
ABDIYE;4;24.09.1963;0;4
FIDAAT;4;21.04.1960;0;4
BASIYA;4;25.09.1972;0;4
CEVHIR;4;6.05.1956;0;4
NECBIRE;4;6.09.1989;0;4
MELIKSER;4;23.04.1976;0;4
NURPIL;4;16.05.1971;0;4
BILECAN;4;29.09.1980;0;4
BEYHE;4;15.10.1960;0;4
RAFIATA;4;27.11.1958;0;4
SINSAF;4;28.06.1950;0;4
SOHEYDA;4;3.11.1964;0;4
UMULHAYIR;4;16.03.1967;0;4
HATICAN;4;30.05.1970;0;4
MUHRICE;4;30.2.1976;0;4
FEYFURU;4;2.09.1958;0;4
KOZI;4;17.07.1942;0;4
MUKRUMAN;4;25.11.1972;0;4
GULUNC;4;8.10.1969;0;4
NEDRIFE;4;30.03.1971;0;4
MARIFA;4;30.11.1963;0;4
MUVECCET;4;3.08.1948;0;4
URANIYE;4;17.12.1958;0;4
SERKINAZ;4;30.10.1977;0;4
AYMEZ;4;23.01.1981;0;4
EYNELHAYAT;4;19.08.1947;0;4
BEYNIYE;4;25.11.1956;0;4
BERKIZE;4;6.08.1959;0;4
NOKI;4;25.11.1945;0;4
GULSENNUR;4;28.08.1983;0;4
ZHANAR;4;28.02.1978;0;4
SALHATA;4;9.06.1957;0;4
TAHFIYE;4;18.01.1966;0;4
REKYETE;4;1.11.1964;0;4
FERZINAZ;4;14.04.1952;0;4
SOYLEME;4;14.05.1961;0;4
SEMALPERI;4;16.02.1961;0;4
MAKBURIYE;4;12.05.1961;0;4
MERHIME;4;21.01.1960;0;4
SISTEM;4;1.03.1978;0;4
GULFEYIM;4;8.08.1977;0;4
MELEKMISAL;4;24.08.1958;0;4
MERYEMAN;4;27.03.1975;0;4
TEKINAZ;4;1.02.1967;0;4
ZAMZAMA;4;20.04.1967;0;4
FERFORI;4;18.10.1947;0;4
MILIHAN;4;15.11.1962;0;4
MUHRIVAN;4;10.12.1972;0;4
HAMIYETE;4;27.05.1963;0;4
ZERARIYE;4;27.05.1966;0;4
MERAKSAH;4;17.01.1972;0;4
FIRIYAZ;4;22.05.1959;0;4
GULSEMAL;4;29.03.1976;0;4
MIRARIYE;4;10.10.1974;0;4
TEVZAT;4;2.04.1976;0;4
NULYA;4;3.03.1983;0;4
SACLIHAN;4;12.03.1959;0;4
GULSAAT;4;24.11.1970;0;4
SEHRISTE;4;30.12.1966;0;4
MUREBIYE;4;4.05.1958;0;4
GULIZADE;4;29.10.1973;0;4
MIJGEN;4;19.08.1970;0;4
HACIC;4;27.07.1951;0;4
FELICAN;4;25.08.1976;0;4
ZAFERAY;4;22.08.1969;0;4
BILEKSAN;4;8.05.1972;0;4
SUNNI;4;16.04.1960;0;4
FERMUDA;4;4.07.1976;0;4
ESILAY;4;24.05.1983;0;4
BILOS;4;1.11.1962;0;4
SINESER;4;12.03.1951;0;4
BALKIRAZ;4;19.03.1957;0;4
TULLUN;4;10.06.1968;0;4
EBEDIYE;4;2.08.1973;0;4
LAVIZE;4;14.10.1974;0;4
GULFIKRIYE;4;14.07.1963;0;4
CIHALE;4;12.08.1962;0;4
SENNA;4;21.11.1948;0;4
MUZZEN;4;30.08.1955;0;4
MINEZZER;4;24.07.1961;0;4
MEKAMET;4;27.08.1953;0;4
PAYIZ;4;15.05.1978;0;4
MEREZHAN;4;24.09.1973;0;4
HARBIYA;4;25.07.1961;0;4
SAHICE;4;23.01.1965;0;4
NIZMET;4;23.09.1978;0;4
NIHU;4;1.05.1927;0;4
SEPIRZE;4;30.2.1967;0;4
SEHNIZ;4;15.02.1981;0;4
LAHICAN;4;29.01.1980;0;4
RONAK;4;1.01.1975;0;4
HEDU;4;14.12.1943;0;4
TEVADET;4;1.03.1966;0;4
HIZU;4;15.09.1945;0;4
NEFILA;4;4.10.1980;0;4
VECIDA;4;16.11.1979;0;4
BIRBEZ;4;8.04.1960;0;4
MAMBIZ;4;20.04.1963;0;4
GULILIK;4;15.01.1954;0;4
KULFET;4;26.12.1961;0;4
HOH;4;25.01.1938;0;4
MAGRUMA;4;5.08.1967;0;4
RECIA;4;20.07.1955;0;4
SIDAVE;4;6.05.1976;0;4
MERIFA;4;4.12.1969;0;4
NAM;4;1.05.1946;0;4
SAF;4;19.01.1950;0;4
NAFISA;4;23.05.1972;0;4
HAYZIRAN;4;27.02.1957;0;4
TUGGUL;4;26.10.1982;0;4
NARICE;4;24.06.1981;0;4
AZITA;4;15.05.1972;0;4
FERADE;4;5.11.1971;0;4
KAMASAN;4;17.03.1960;0;4
SUMEYRANUR;4;26.10.1987;0;4
EMIME;4;18.07.1966;0;4
NERZIN;4;16.11.1955;0;4
MUKERIYE;4;12.06.1957;0;4
GULDARE;4;6.11.1953;0;4
GEFER;4;19.12.1980;0;4
FERNISE;4;13.10.1966;0;4
MELTA;4;6.05.1977;0;4
UNSEREN;4;3.02.1952;0;4
GULSUZEN;4;6.05.1961;0;4
SEZERIYE;4;15.10.1962;0;4
PETE;4;21.02.1953;0;4
ADILEGUL;4;29.07.1975;0;4
KHANIM;4;8.08.1972;0;4
PERYEN;4;10.10.1953;0;4
ANNEMARIE;4;17.08.1952;0;4
ELMURA;4;2.11.1982;0;4
SERIBEN;4;10.06.1977;0;4
TAHIFE;4;8.07.1967;0;4
FEDIRE;4;21.09.1965;0;4
SUNARIN;4;10.01.1951;0;4
GULENE;4;3.07.1955;0;4
DURSEVIL;4;20.06.1965;0;4
FERGADAN;4;2.04.1960;0;4
MEHIME;4;14.04.1937;0;4
GULGUZ;4;27.08.1969;0;4
ZULEYKHA;4;5.03.1952;0;4
HELMA;4;23.12.1959;0;4
SERIFKADIN;4;27.05.1953;0;4
HAYNISE;4;14.11.1969;0;4
ARIFKADIN;4;8.06.1948;0;4
NERGEHAN;4;26.12.1975;0;4
LATIFIYE;4;23.11.1950;0;4
NECILAY;4;21.03.1965;0;4
GULNEKAR;4;10.01.1953;0;4
ANTIMAS;4;11.12.1961;0;4
MAYILDIZ;4;15.11.1956;0;4
MIRESTE;4;6.07.1945;0;4
ABITEL;4;1.09.1965;0;4
GULORMAN;4;24.07.1973;0;4
LIBAR;4;15.11.1962;0;4
OSANDIK;4;23.07.1945;0;4
HAZEREN;4;23.06.1945;0;4
DILPURUZ;4;14.02.1955;0;4
SACTI;4;25.02.1966;0;4
MUSKU;4;25.05.1961;0;4
MUGADDE;4;29.12.1947;0;4
SEDRA;4;15.02.1980;0;4
KAKAS;4;20.06.1968;0;4
HEFI;4;15.04.1954;0;4
SUDIYA;4;25.01.1963;0;4
SISSI;4;30.10.1944;0;4
GULEBATUN;4;26.01.1955;0;4
HARINAZ;4;11.02.1950;0;4
TURIST;4;19.07.1977;0;4
MUSENBE;4;25.05.1956;0;4
YURDISEL;4;14.04.1966;0;4
MEHRIK;4;7.03.1951;0;4
RUHIYAT;4;18.03.1949;0;4
RUKIYAT;4;4.09.1952;0;4
GUNNURE;4;7.08.1958;0;4
MERNAS;4;14.08.1969;0;4
TOYUS;4;2.03.1960;0;4
MAFERE;4;9.11.1946;0;4
KUSU;4;3.07.1955;0;4
GUMER;4;2.10.1963;0;4
SONUL;4;24.06.1970;0;4
GUNSUM;4;30.07.1949;0;4
LEYLAM;4;11.02.1969;0;4
EBRUN;4;5.01.1983;0;4
HIRDA;4;28.12.1935;0;4
FUREYA;4;6.10.1982;0;4
MERZIYET;4;30.08.1959;0;4
MENZURA;4;26.07.1962;0;4
RUHSARAN;4;29.08.1950;0;4
HALME;4;16.01.1954;0;4
PATUS;4;29.05.1961;0;4
NERHANIM;4;6.08.1963;0;4
BILON;4;2.10.1948;0;4
TOPPI;4;25.10.1950;0;4
MECLI;4;12.06.1943;0;4
HAYRENSA;4;3.07.1951;0;4
SIYMA;4;17.05.1959;0;4
GULSAHAT;4;2.04.1974;0;4
MENCURE;4;12.04.1965;0;4
NUSE;4;29.07.1962;0;4
NURDALI;4;10.02.1970;0;4
SUME;4;14.08.1961;0;4
MORIYE;4;6.10.1956;0;4
MAGGUL;4;30.07.1965;0;4
NEZERGUL;4;4.01.1963;0;4
ANSAH;4;18.04.1964;0;4
IPEKE;4;2.03.1955;0;4
SULPIYE;4;27.08.1956;0;4
ZAIDET;4;17.01.1932;0;4
MARIFAT;4;6.03.1973;0;4
RABIYAT;4;7.10.1955;0;4
HAZETE;4;28.06.1963;0;4
FARIZAT;4;30.08.1955;0;4
ZIVEYDE;4;4.07.1957;0;4
SENEMBER;4;17.07.1962;0;4
MEZAT;4;19.01.1955;0;4
SALTANE;4;18.08.1962;0;4
RURIYE;4;30.12.1955;0;4
FERFO;4;8.12.1947;0;4
EVGULU;4;9.01.1957;0;4
SAYINE;4;3.02.1966;0;4
SAHNIZER;4;29.08.1956;0;4
MUNTEHAN;4;3.06.1969;0;4
PEMILA;4;25.03.1983;0;4
NUFERE;4;15.03.1953;0;4
REYFAN;4;5.12.1959;0;4
GULYASE;4;13.07.1957;0;4
REBAB;4;20.10.1979;0;4
TURKANIYE;4;29.10.1955;0;4
HAVALE;4;13.04.1972;0;4
DILFILIZ;4;30.07.1969;0;4
FELMA;4;27.05.1962;0;4
GULFIAT;4;19.10.1941;0;4
DILBEN;4;8.02.1969;0;4
NURFAZA;4;5.11.1964;0;4
FIYRA;4;10.12.1955;0;4
HURRIYYET;4;9.03.1968;0;4
ARAPNAZ;4;19.07.1957;0;4
BUYUKHANIM;4;13.06.1947;0;4
ELMALI;4;26.01.1956;0;4
FEYRIYE;4;4.08.1952;0;4
SIVENAZ;4;24.11.1963;0;4
HAKGUL;4;16.05.1972;0;4
LUFIDE;4;4.07.1949;0;4
NELMA;4;15.11.1968;0;4
ZAHIRA;4;3.03.1959;0;4
ZAHIDENUR;4;28.05.1982;0;4
MENMUNIYE;4;17.08.1966;0;4
NELIHAN;4;7.03.1971;0;4
GUZEYLAN;4;9.01.1958;0;4
OZNA;4;7.04.1970;0;4
ZUTIYE;4;26.06.1966;0;4
CISEN;4;27.05.1987;0;4
FATMIS;4;5.03.1947;0;4
MEYBE;4;29.07.1965;0;4
NEZIYAT;4;3.10.1962;0;4
NURIYAN;4;23.10.1959;0;4
AYNISER;4;18.09.1955;0;4
FARUNNISA;4;14.06.1949;0;4
MATUME;4;6.06.1949;0;4
NEZRINA;4;20.03.1974;0;4
AURORA;4;18.10.1970;0;4
HASLI;4;27.10.1976;0;4
KAVSER;4;27.06.1963;0;4
GULERIN;4;15.04.1959;0;4
SEHZIMAN;4;21.05.1953;0;4
SENLEN;4;24.04.1970;0;4
MURUBE;4;28.12.1956;0;4
INZEL;4;1.01.1961;0;4
MERHAM;4;28.08.1971;0;4
NERBIL;4;26.07.1966;0;4
UMMANIYE;4;18.11.1959;0;4
ZELAH;4;3.12.1950;0;4
VEZACET;4;25.01.1944;0;4
SEYYANE;4;8.08.1948;0;4
GOKLIN;4;4.02.1982;0;4
ULUYA;4;9.01.1967;0;4
DIGDE;4;1.08.1983;0;4
NURCUVAN;4;16.02.1969;0;4
HUDADIYE;4;8.02.1954;0;4
ZULIFER;4;26.08.1975;0;4
SEVILLAY;4;26.07.1974;0;4
GULAET;4;11.06.1973;0;4
FESUN;4;22.01.1968;0;4
NADIGAN;4;27.05.1974;0;4
ELMIRAN;4;27.10.1977;0;4
SEHNAZE;4;6.08.1971;0;4
ACCE;4;28.10.1951;0;4
SUBIYEN;4;21.01.1969;0;4
SUDRIYE;4;20.11.1975;0;4
IRME;4;19.06.1972;0;4
IZAVER;4;4.09.1964;0;4
ZORGUL;4;18.11.1969;0;4
NIGANI;4;20.05.1946;0;4
PAKIZAT;4;24.06.1957;0;4
EFRADIYE;4;1.01.1957;0;4
BANEY;4;27.10.1934;0;4
DONDUS;4;10.04.1948;0;4
PITTI;4;27.10.1936;0;4
BALEY;4;17.08.1949;0;4
SADDIYE;4;25.03.1969;0;4
KESIFE;4;27.07.1955;0;4
ADNIBANI;4;15.02.1951;0;4
EMURE;4;29.03.1965;0;4
ESOG;4;1.05.1957;0;4
KAMUN;4;30.04.1938;0;4
ZETUN;4;20.10.1956;0;4
KEMUNE;4;29.09.1948;0;4
ADAGUL;4;25.04.1972;0;4
IHTINAZ;4;8.08.1986;0;4
KEZIVAN;4;3.04.1964;0;4
AYSAHAN;4;6.05.1969;0;4
SEMNE;4;23.10.1963;0;4
PAULINA;4;20.09.1972;0;4
FATTIS;4;12.07.1955;0;4
URUK;4;22.05.1958;0;4
MIESSE;4;12.11.1968;0;4
LEYLIFA;4;18.04.1965;0;4
REFAHIYE;4;16.01.1963;0;4
UNIFER;4;4.12.1966;0;4
OZNAY;4;20.02.1976;0;4
TEHIYE;4;14.09.1965;0;4
FECIA;4;11.04.1958;0;4
RAHLETE;4;11.03.1969;0;4
DILNUVAZ;4;21.05.1937;0;4
MISIRYA;4;22.01.1975;0;4
NAHYE;4;24.03.1974;0;4
NERGISE;4;28.02.1968;0;4
ASYETE;4;12.08.1972;0;4
CEZILE;4;9.02.1958;0;4
GULHURI;4;12.02.1960;0;4
MUBEYA;4;29.01.1971;0;4
MUZYEN;4;11.02.1965;0;4
NIGARHAN;4;14.07.1985;0;4
NATIBE;4;2.04.1964;0;4
FIRDEVES;4;3.10.1951;0;4
LEMENUR;4;21.05.1969;0;4
SAFIYENUR;4;2.09.1985;0;4
UMMUGUSUN;4;27.01.1967;0;4
MEHDIKAR;4;29.09.1955;0;4
HURSUDE;4;29.06.1965;0;4
ATLIYE;4;12.01.1958;0;4
NESIBEGUL;4;9.07.1984;0;4
ADILLE;4;8.06.1958;0;4
CANSURAT;4;10.10.1959;0;4
OZEVIN;4;5.04.1961;0;4
PERITAC;4;21.03.1962;0;4
IBRAHIME;4;14.04.1945;0;4
BANIGUL;4;13.04.1972;0;4
SUNEYYA;4;26.03.1964;0;4
HESNAGUL;4;13.11.1978;0;4
DESIRE;4;22.12.1986;0;4
NEBRULE;4;11.04.1961;0;4
MUZEYET;4;13.07.1963;0;4
TEMURE;4;9.07.1962;0;4
OZGULE;4;10.10.1970;0;4
FILARE;4;8.06.1969;0;4
HALBIYE;4;29.07.1955;0;4
DIYASET;4;7.03.1958;0;4
RENGUN;4;6.04.1962;0;4
JULYEN;4;14.06.1975;0;4
KINAZ;4;6.07.1955;0;4
HEFIDE;4;25.02.1948;0;4
NURSIMAN;4;16.03.1975;0;4
SUFEYLE;4;17.12.1967;0;4
SEDIA;4;6.01.1965;0;4
NERPIL;4;21.07.1975;0;4
ZIHRILBEN;4;12.07.1970;0;4
VIRDEVS;4;3.11.1971;0;4
FILURYA;4;22.04.1973;0;4
DUNYAZAT;4;12.01.1962;0;4
MEZIME;4;15.09.1952;0;4
FILDAL;4;18.11.1966;0;4
KANTURA;4;28.10.1946;0;4
EZADE;4;5.03.1963;0;4
SETTA;4;17.08.1955;0;4
ELCIL;4;8.05.1985;0;4
UMUSUM;4;11.07.1945;0;4
MENDUNE;4;28.05.1958;0;4
HEVVI;4;5.07.1956;0;4
MEVDA;4;8.08.1976;0;4
YAZYE;4;19.04.1976;0;4
SALIMIYE;4;12.09.1964;0;4
ZEMBILE;4;14.06.1964;0;4
MAHPERIN;4;25.08.1973;0;4
NAKSIDE;4;29.02.1980;0;4
PURNAZ;4;27.03.1957;0;4
HICLA;4;9.12.1967;0;4
ISBINAZ;4;13.08.1966;0;4
TANGUNER;4;13.08.1961;0;4
BERINAY;4;21.04.1970;0;4
LISANE;4;9.04.1956;0;4
MADUDE;4;28.11.1960;0;4
AYTUM;4;20.10.1981;0;4
NEVRAY;4;16.11.1973;0;4
GULEZEN;4;19.05.1963;0;4
FAZILIYE;4;15.05.1961;0;4
FADVA;4;10.08.1957;0;4
MENDURE;4;5.05.1953;0;4
NURILA;4;8.07.1961;0;4
UMMUHANA;4;14.01.1947;0;4
ARZIYA;4;5.01.1944;0;4
MAKIZE;4;17.03.1965;0;4
EFRAS;4;11.01.1935;0;4
MENEKSEN;4;16.10.1969;0;4
KEZBA;4;24.03.1969;0;4
DISUZE;4;9.05.1973;0;4
SEHUDE;4;20.10.1959;0;4
SEHLIVENT;4;1.01.1975;0;4
SUVERYA;4;4.05.1979;0;4
NURGU;4;22.01.1985;0;4
ADEV;4;22.05.1974;0;4
MEFTINE;4;19.07.1978;0;4
UNGUSUM;4;5.01.1968;0;4
BAYSA;4;20.03.1962;0;4
GULTEMIN;4;18.05.1969;0;4
ILFANIYE;4;22.01.1982;0;4
GUNIYAR;4;22.12.1953;0;4
ALMEZ;4;21.01.1973;0;4
HUNAFE;4;20.02.1962;0;4
DILET;4;19.03.1981;0;4
OYAGUL;4;17.02.1971;0;4
TEMHIDE;4;13.02.1957;0;4
VESFIYA;4;16.08.1967;0;4
SUKKERI;4;28.08.1944;0;4
DERSIN;4;11.12.1976;0;4
MERHUME;4;24.05.1967;0;4
IZLA;4;5.09.1958;0;4
RAHINE;4;10.01.1964;0;4
SADIYYE;4;28.05.1958;0;4
TIJEL;4;5.09.1977;0;4
ULCEZ;4;16.03.1944;0;4
TAHILE;4;27.06.1966;0;4
GULEBER;4;7.12.1958;0;4
CUHEYLA;4;25.03.1975;0;4
HIBAYE;4;5.09.1980;0;4
NIKOLETA;4;2.01.1959;0;4
SEHRIZEN;4;30.07.1954;0;4
TUGEY;4;28.02.1955;0;4
KEFYE;4;2.07.1973;0;4
KIMBERLY;4;21.08.1971;0;4
NEYYULA;4;1.08.1966;0;4
NEHIYYE;4;11.09.1958;0;4
MERNA;4;24.10.1977;0;4
IPAK;4;29.05.1977;0;4
ZIVE;4;13.12.1955;0;4
KAMZER;4;23.03.1975;0;4
NASVIYE;4;16.03.1961;0;4
BEDELYA;4;29.01.1976;0;4
RUKZEN;4;16.11.1956;0;4
EBRO;4;30.07.1977;0;4
SAMARA;4;26.12.1974;0;4
MEVZIDE;4;3.10.1969;0;4
GULAFE;4;3.08.1967;0;4
ZEME;4;28.12.1963;0;4
GULAYTAN;4;3.09.1953;0;4
MILUFER;4;12.07.1972;0;4
FAITE;4;10.11.1970;0;4
CAMALIYE;4;20.03.1954;0;4
YELDANE;4;8.04.1976;0;4
AYISENUR;4;26.07.1979;0;4
HAZIYET;4;26.07.1966;0;4
ASSEMGUL;4;18.01.1980;0;4
SERFIRAS;4;20.01.1947;0;4
NEFFUS;4;26.01.1953;0;4
MUHILE;4;4.11.1957;0;4
SELVETIYE;4;4.03.1946;0;4
AKSENUL;4;8.11.1967;0;4
BARNA;4;16.01.1980;0;4
SINERAY;4;24.04.1989;0;4
SIVEN;4;6.01.1967;0;4
MILCE;4;3.07.1948;0;4
LILOFER;4;7.06.1957;0;4
BIZARE;4;1.06.1949;0;4
SECHIL;4;19.06.1981;0;4
BEYANE;4;13.01.1960;0;4
SEGUL;4;26.08.1968;0;4
MERBANI;4;24.12.1966;0;4
BAGDATGUL;4;12.11.1972;0;4
RUKAT;4;8.04.1963;0;4
TENFIDE;4;25.12.1962;0;4
HAMEMI;4;7.02.1961;0;4
SAFIDAR;4;28.09.1958;0;4
ICRIYE;4;26.05.1963;0;4
ZIFE;4;1.08.1945;0;4
ZEYFA;4;9.01.1936;0;4
MENUCE;4;15.07.1975;0;4
ZEHIRET;4;7.01.1944;0;4
DILFUZAR;4;18.05.1967;0;4
ZURMIYE;4;5.12.1958;0;4
EKABIL;4;4.08.1981;0;4
SUALA;4;24.02.1969;0;4
SEHINNAZ;4;25.08.1964;0;4
NEFUZE;4;1.04.1953;0;4
SADIGE;4;7.02.1952;0;4
FITTE;4;6.09.1938;0;4
NEVYA;4;14.09.1985;0;4
LEMAL;4;18.04.1960;0;4
MEYTE;4;28.03.1951;0;4
CANDRA;4;6.06.1964;0;4
SENEGUL;4;21.12.1967;0;4
GUSTA;4;15.10.1989;0;4
SAHZAN;4;22.08.1951;0;4
ACMIYE;4;2.05.1952;0;4
LEYLIFE;4;4.08.1953;0;4
LADEFET;4;5.05.1954;0;4
ZEYBIDE;4;17.08.1967;0;4
VAZIYE;4;28.02.1957;0;4
MISKALE;4;9.02.1969;0;4
MISAVET;4;19.05.1970;0;4
FERIL;4;1.11.1962;0;4
HALUME;4;26.03.1959;0;4
BADIESER;4;4.07.1953;0;4
KATEN;4;21.05.1943;0;4
SEKE;4;8.01.1948;0;4
SIGDE;4;9.01.1976;0;4
AYDESEN;4;23.12.1970;0;4
IMISAN;4;24.05.1966;0;4
GOLIHAN;4;20.02.1979;0;4
MUSAMBER;4;8.02.1981;0;4
FEYZIMELEK;4;4.04.1966;0;4
ARBIYE;4;3.10.1970;0;4
PAKNUR;4;24.05.1952;0;4
UMMUHANGUL;4;20.09.1959;0;4
VAYRET;4;22.02.1970;0;4
MAHLUKA;4;6.11.1943;0;4
SININE;4;12.02.1971;0;4
NURSIM;4;8.12.1970;0;4
FERDIDE;4;9.11.1939;0;4
UZME;4;30.12.1958;0;4
PERMIL;4;9.06.1975;0;4
DULSEN;4;20.05.1972;0;4
YERDAN;4;15.02.1968;0;4
MIRIVET;4;25.06.1964;0;4
DURUSAH;4;10.02.1956;0;4
STEFKA;4;7.06.1958;0;4
CEMEHAN;4;4.04.1969;0;4
NEYSEL;4;3.09.1972;0;4
OBIS;4;28.09.1954;0;4
NEYMAN;4;17.06.1959;0;4
GUHERI;4;28.05.1952;0;4
TEMIYE;4;27.01.1971;0;4
NAZIY;4;7.06.1953;0;4
RUKKEN;4;29.05.1982;0;4
BESURE;4;3.10.1960;0;4
VESILET;4;23.06.1963;0;4
HAZNEDAR;4;2.03.1952;0;4
NURGUZAR;4;4.12.1976;0;4
ZELIFER;4;25.10.1968;0;4
MURUVVER;4;12.04.1954;0;4
MELIGE;4;11.06.1950;0;4
ZEILHA;4;23.01.1968;0;4
VADIHE;4;18.04.1951;0;4
KIYASE;4;1.10.1965;0;4
PENBA;4;18.01.1972;0;4
SACIBE;4;5.12.1960;0;4
TEZBIHE;4;10.04.1960;0;4
HAYIBE;4;3.07.1955;0;4
GOLSAN;4;18.06.1965;0;4
SIRIFE;4;1.02.1972;0;4
MEDIKO;4;20.05.1956;0;4
MIFIDE;4;3.09.1961;0;4
SEVLICAN;4;5.07.1968;0;4
GULAYSA;4;22.07.1965;0;4
NUFEYDE;4;17.09.1979;0;4
UYKUS;4;25.02.1950;0;4
BUSEGUL;4;12.12.1987;0;4
MARJA;4;24.04.1964;0;4
MUHRUCAN;4;8.06.1966;0;4
YAZIME;4;3.05.1974;0;4
FEYZIA;4;3.04.1972;0;4
NURVIYE;4;22.06.1966;0;4
KIRSTEN;4;2.10.1962;0;4
MAADET;4;13.06.1964;0;4
GULMAHIR;4;24.11.1956;0;4
BAYRAMGUL;4;17.09.1951;0;4
AKIFA;4;19.06.1962;0;4
KADEMSE;4;11.02.1956;0;4
BELUZAR;4;21.02.1952;0;4
GULSUNER;4;20.02.1964;0;4
GULTUGBA;4;12.06.1985;0;4
FATIY;4;12.07.1949;0;4
MERY;4;15.08.1969;0;4
MAZUME;4;29.09.1959;0;4
MUNISIYE;4;23.11.1947;0;4
ZAFIRIYE;4;8.10.1963;0;4
ZEMRO;4;10.12.1951;0;4
LACHIN;4;20.08.1976;0;4
MULIME;4;29.09.1970;0;4
PEHLUZAR;4;9.12.1958;0;4
SEFIME;4;30.03.1967;0;4
KADEMSAH;4;5.12.1956;0;4
INCIGUN;4;17.04.1983;0;4
GULMISALI;4;23.04.1976;0;4
JALA;4;27.08.1965;0;4
RAHIMENUR;4;18.08.1987;0;4
MAIZAR;4;13.01.1968;0;4
KUTEYLA;4;26.07.1947;0;4
MUZZEHER;4;6.07.1965;0;4
ZIYNIYE;4;23.03.1963;0;4
HILDEGARD;4;8.07.1958;0;4
YASADE;4;18.07.1970;0;4
GULSEZIN;4;23.05.1977;0;4
SARIYET;4;19.12.1961;0;4
BARINE;4;11.12.1968;0;4
NACIVAN;4;13.11.1959;0;4
PAPUS;4;26.05.1958;0;4
HASSIBE;4;16.10.1958;0;4
VEKIYE;4;4.12.1961;0;4
ZILLA;4;19.08.1963;0;4
DONSAL;4;19.09.1974;0;4
ANNELIESE;4;23.08.1938;0;4
SAFURYA;4;1.12.1966;0;4
UKDE;4;15.05.1988;0;4
NIYASA;4;1.10.1963;0;4
BAKINAZ;4;26.04.1964;0;4
ZUFRUYE;4;16.08.1971;0;4
TAZILE;4;6.03.1962;0;4
BEHZIYE;4;6.06.1963;0;4
CONSUELO;4;1.12.1953;0;4
PENZER;4;17.11.1965;0;4
MORDAGUL;4;14.09.1969;0;4
YURDUSEVER;4;12.06.1970;0;4
SUKUBE;4;19.09.1951;0;4
DIJLA;4;10.07.1979;0;4
SERIMA;4;5.03.1969;0;4
NAZEZ;4;18.12.1964;0;4
NEBIHAR;4;25.08.1977;0;4
PENZILE;4;5.03.1959;0;4
KENZIYE;4;2.04.1955;0;4
SERFANIM;4;5.02.1977;0;4
LATICE;4;8.04.1971;0;4
MEBRA;4;27.11.1981;0;4
NAZMISAH;4;13.11.1956;0;4
HALES;4;9.08.1949;0;4
KAYME;4;1.07.1953;0;4
ZENOVIA;4;14.02.1973;0;4
SELIL;4;25.08.1972;0;4
RAYSAN;4;9.10.1971;0;4
GULGUM;4;26.04.1972;0;4
RANO;4;8.11.1972;0;4
RUKUBE;4;20.01.1965;0;4
GULDESER;4;24.01.1961;0;4
TACESER;4;27.03.1969;0;4
MAHDUMA;4;18.06.1969;0;4
FEKIZE;4;6.10.1957;0;4
NEBA;4;1.11.1967;0;4
SOHPET;4;28.06.1975;0;4
GULSAMA;4;3.05.1965;0;4
ATIKAT;4;26.09.1970;0;4
GULSUMAY;4;5.01.1975;0;4
ARIFEN;4;11.03.1957;0;4
PADIGUL;4;26.09.1955;0;4
AYSEMDEN;4;8.10.1972;0;4
GULVATAN;4;26.06.1957;0;4
ISNEFET;4;29.07.1964;0;4
NEBRUKE;4;14.04.1961;0;4
TEYRA;4;23.09.1966;0;4
ANUSH;4;26.08.1974;0;4
GULSANEM;4;21.02.1981;0;4
ARAPKIZI;4;1.11.1966;0;4
GOULNARA;4;15.05.1976;0;4
KEVSIYE;4;13.06.1958;0;4
ETHEME;4;6.04.1964;0;4
NAYLEN;4;15.10.1967;0;4
FERDUSE;4;4.09.1958;0;4
CATERINA;4;23.12.1963;0;4
NADEZDA;4;10.11.1969;0;4
AZADA;4;18.09.1974;0;4
NURINUSA;4;14.11.1963;0;4
GULFANIYE;4;25.06.1970;0;4
ASENAY;4;23.11.1987;0;4
MOMUNE;4;22.01.1953;0;4
TUREGUL;4;8.07.1954;0;4
MAZIRE;4;19.12.1963;0;4
MULKUSE;4;20.07.1943;0;4
GURGEL;4;23.03.1960;0;4
NURSUZAN;4;7.02.1958;0;4
GULGAN;4;18.01.1968;0;4
BIKAN;4;25.06.1957;0;4
NAILYA;4;10.01.1973;0;4
FICEN;4;8.07.1961;0;4
SUNAYIL;4;4.01.1951;0;4
DENSU;4;30.01.1988;0;4
ELENE;4;18.03.1974;0;4
MAAZET;4;6.02.1968;0;4
ILKSEVI;4;18.04.1980;0;4
HERDEGUL;4;26.02.1964;0;4
GULSUNAN;4;26.01.1955;0;4
LEBBIYE;4;3.06.1954;0;4
SAGURE;4;14.09.1964;0;4
NEMANUR;4;25.08.1968;0;4
TAKHMINA;4;27.01.1978;0;4
NEZENTE;4;6.06.1969;0;4
FADIMETUL;4;30.10.1980;0;4
GERLINDE;4;18.10.1952;0;4
YAKUTE;4;2.04.1942;0;4
MAKTUME;4;14.02.1960;0;4
IRZIYE;4;11.01.1954;0;4
JOLANTA;4;12.03.1968;0;4
KALIYE;4;26.03.1965;0;4
NEGUZ;4;25.10.1961;0;4
ELMES;4;29.12.1967;0;4
ASELI;4;25.01.1954;0;4
NURNIL;4;22.10.1973;0;4
VASIBE;4;29.06.1966;0;4
MARGUERITE;4;29.05.1952;0;4
TASVIRA;4;20.02.1953;0;4
NUTTIYE;4;21.05.1959;0;4
GAMAR;4;17.02.1961;0;4
TURAFI;4;22.08.1951;0;4
GULURAY;4;19.10.1959;0;4
NIFIDIYE;4;3.04.1957;0;4
ZITTIK;4;20.08.1966;0;4
MERIM;4;10.12.1966;0;4
ELBILEN;4;9.12.1977;0;4
ZELAFET;4;1.07.1948;0;4
UMPE;4;27.08.1964;0;4
IMAAN;4;23.02.1976;0;4
AYLI;4;3.05.1982;0;4
IJLEL;4;5.04.1965;0;4
REZHAN;4;3.09.1964;0;4
GULSECIL;4;12.07.1968;0;4
NURBIYEN;4;27.12.1961;0;4
ECRE;4;15.02.1989;0;4
SEVINCEN;4;30.07.1961;0;4
HEMETI;4;10.01.1940;0;4
NUHUDIYE;4;5.09.1963;0;4
FERIYYE;4;30.07.1947;0;4
GALIMET;4;22.09.1952;0;4
MATIME;4;7.05.1969;0;4
MUHEDET;4;23.09.1961;0;4
MUBERRAK;4;20.04.1942;0;4
HALIYAZ;4;24.09.1967;0;4
ZEVCEN;4;28.03.1963;0;4
BAGRIYE;4;4.05.1957;0;4
MEDINEGUL;4;28.10.1967;0;4
MEBIYE;4;15.04.1967;0;4
KERMOS;4;6.10.1954;0;4
REFIKAN;4;3.07.1964;0;4
FARINAZ;4;16.06.1957;0;4
BEYYIYE;4;18.07.1962;0;4
TAFIKA;4;14.07.1959;0;4
VIRDES;4;1.05.1971;0;4
SAFFADE;4;23.04.1962;0;4
MUEDET;4;5.06.1959;0;4
AYTUGBA;4;13.01.1983;0;4
ZURRUYE;4;18.12.1954;0;4
TESVIKA;4;10.03.1936;0;4
RUHZAN;4;7.03.1955;0;4
GISNI;4;23.09.1954;0;4
MIHDIKAR;4;2.02.1962;0;4
RICHAN;4;27.10.1964;0;4
GULZEMIR;4;23.05.1958;0;4
NEDDE;4;18.12.1959;0;4
FUGE;4;13.05.1967;0;4
REKIDE;4;28.06.1946;0;4
MURELLA;4;5.04.1961;0;4
SEBILI;4;3.10.1960;0;4
KAZELE;4;3.01.1955;0;4
REYDE;4;21.12.1951;0;4
BEYI;4;11.03.1956;0;4
KATBI;4;6.08.1943;0;4
SACAK;4;16.06.1953;0;4
SANAA;4;17.09.1975;0;4
MEZEL;4;20.03.1960;0;4
YUSUF;247309;4.01.1966;247306;3
BEKIR;97752;23.05.1962;97749;3
YAKUP;72985;30.06.1968;72982;3
ISA;66514;30.08.1971;66511;3
BILAL;65042;28.12.1970;65039;3
ZIYA;31454;10.04.1963;31451;3
YAHYA;28556;25.02.1968;28553;3
MUHITTIN;28230;17.07.1963;28227;3
RESUL;28069;5.07.1971;28066;3
HILMI;27030;14.02.1963;27027;3
TEVFIK;26366;20.10.1961;26363;3
FAIK;17468;26.04.1962;17465;3
REFIK;15783;20.02.1963;15780;3
SEMSETTIN;13515;18.04.1964;13512;3
BAHADIR;11257;18.02.1979;11254;3
SABIT;6636;17.01.1963;6633;3
HAMDULLAH;5730;11.02.1976;5727;3
AZMI;5701;7.04.1962;5698;3
SEYITHAN;5501;21.02.1973;5498;3
MURTAZA;5042;21.09.1963;5039;3
OZDEMIR;4037;6.04.1964;4034;3
FETTAH;3958;30.04.1964;3955;3
RAGIP;3865;10.10.1966;3862;3
CESIM;3473;14.05.1974;3470;3
RAMIZ;3304;25.08.1957;3301;3
ORKUN;3074;11.04.1983;3071;3
ATIF;3000;21.09.1965;2997;3
ZAKIR;2858;18.04.1965;2855;3
MUMUN;2684;10.09.1961;2681;3
HASBI;2484;21.05.1961;2481;3
VASFI;2442;15.06.1963;2439;3
MANSUR;2409;18.06.1969;2406;3
DURAK;2338;26.07.1961;2335;3
SACIT;2031;8.05.1967;2028;3
HICABI;2026;2.01.1964;2023;3
MEHDI;2008;21.03.1971;2005;3
FARIS;1871;28.04.1965;1868;3
SIRAC;1861;17.01.1973;1858;3
MIRZA;1461;9.08.1965;1458;3
NAYIM;879;10.02.1968;876;3
HEKIM;857;17.05.1978;854;3
KIYAS;824;1.07.1962;821;3
ERTAC;823;16.06.1976;820;3
SAMIM;785;30.10.1964;782;3
RAFI;703;17.12.1963;700;3
HASARI;668;12.02.1972;665;3
NIZAMI;588;30.03.1962;585;3
ARKIN;559;26.05.1980;556;3
GENCO;510;6.04.1966;507;3
AYTUNC;483;12.05.1979;480;3
HACIM;460;25.09.1970;457;3
SADIN;460;13.05.1968;457;3
MENNAN;448;10.09.1965;445;3
TURAL;428;28.01.1971;425;3
LAMI;416;11.12.1965;413;3
CANTURK;411;7.12.1977;408;3
AGABEY;406;20.01.1954;403;3
HUSEM;388;26.12.1963;385;3
GAFFARI;370;1.01.1977;367;3
NURALI;357;28.11.1967;354;3
LETIF;337;11.02.1964;334;3
BULEND;337;12.05.1967;334;3
SEFKET;334;7.01.1962;331;3
KUBULAY;314;30.09.1972;311;3
BURKAY;298;10.09.1984;295;3
ORKAN;281;12.06.1981;278;3
EYVAZ;267;29.03.1964;264;3
MEKI;256;24.01.1978;253;3
HAYRANI;253;24.12.1967;250;3
HAMZE;237;4.12.1963;234;3
NIDAYI;227;13.12.1967;224;3
FERSAT;219;29.08.1962;216;3
TURKES;202;27.02.1970;199;3
UGURHAN;199;20.03.1978;196;3
EFGAN;198;20.12.1971;195;3
ALEN;190;15.05.1979;187;3
ISHAN;189;11.05.1978;186;3
TOYGUN;178;9.01.1980;175;3
NIHAD;173;24.01.1962;170;3
SERDIN;170;8.06.1968;167;3
RIYAD;164;18.08.1971;161;3
AFFAN;163;21.11.1965;160;3
DURUKAN;162;4.01.1984;159;3
HAYALI;160;11.04.1965;157;3
OZEYIR;150;19.04.1961;147;3
YILDIR;150;26.03.1965;147;3
CIHANSAH;143;13.06.1960;140;3
BEYSEFA;135;21.06.1963;132;3
TEBERNUS;134;10.07.1967;131;3
KUTSI;130;16.10.1970;127;3
ZULKER;127;2.07.1962;124;3
ZUHEYIR;121;9.09.1969;118;3
ZIYAT;114;24.03.1968;111;3
GURI;114;6.03.1953;111;3
HAZIRET;109;29.07.1971;106;3
HUSEN;108;3.05.1952;105;3
CAMI;107;5.05.1966;104;3
MEJNUN;102;23.07.1976;99;3
MUKREM;102;16.09.1961;99;3
BERTUG;101;18.10.1985;98;3
OZKAY;99;12.10.1973;96;3
ERSAH;99;5.03.1986;96;3
FAMI;98;6.05.1965;95;3
NIZAR;97;4.03.1977;94;3
ENDERCAN;97;30.2.1968;94;3
CENANI;92;15.07.1964;89;3
HULIS;91;30.06.1964;88;3
AMAC;88;3.04.1982;85;3
ULUHAN;87;4.04.1980;84;3
MEDIN;86;18.06.1969;83;3
GULEMIR;86;29.2.1967;83;3
FAYSEL;84;12.03.1973;81;3
SADIR;83;6.11.1963;80;3
MAHREM;82;16.07.1967;79;3
SEFAATTIN;79;26.12.1964;76;3
YARKIN;78;25.08.1982;75;3
TERKAN;77;4.04.1976;74;3
SALATTIN;77;25.06.1956;74;3
SEHIT;75;22.07.1970;72;3
SAVRAN;75;8.11.1962;72;3
ZILKIF;75;28.06.1963;72;3
MUSELLIM;74;1.03.1961;71;3
EHAT;74;15.03.1969;71;3
YAMAC;74;30.12.1979;71;3
SERDINC;73;1.07.1982;70;3
EDIM;71;10.09.1970;68;3
NEHYET;71;2.09.1974;68;3
HEDYETULLAH;69;21.04.1978;66;3
KULIHAN;69;9.04.1961;66;3
ALBER;68;26.09.1956;65;3
REGAIB;68;27.06.1983;65;3
NAZIFI;67;22.02.1965;64;3
HANCER;65;30.01.1938;62;3
ZULFUGAR;65;6.12.1959;62;3
ATLIHAN;64;13.10.1968;61;3
MUSTAKIM;64;22.09.1968;61;3
YUCAL;63;24.02.1965;60;3
TEMO;62;10.07.1951;59;3
DOGAC;62;17.10.1985;59;3
IHSANI;61;23.05.1973;58;3
FERZEN;60;14.10.1977;57;3
MUHIBBI;59;14.07.1954;56;3
BADIN;58;9.07.1970;55;3
TACIR;58;11.01.1962;55;3
ERKEN;57;8.10.1969;54;3
NEDAYI;57;10.06.1967;54;3
ABUS;56;26.08.1950;53;3
BOTAN;56;24.12.1985;53;3
SEYVAN;56;15.09.1975;53;3
ZAFFER;56;12.07.1972;53;3
HORO;55;15.06.1950;52;3
ABIZER;55;14.10.1965;52;3
SERHUN;55;20.02.1980;52;3
TOKCAN;54;29.07.1976;51;3
NURSI;54;7.09.1975;51;3
ERDAG;54;23.03.1970;51;3
UMITCAN;54;28.07.1985;51;3
DOGACAN;54;30.05.1989;51;3
MIRSAD;52;28.04.1980;49;3
NIYAT;52;23.03.1967;49;3
FAKIR;51;13.08.1970;48;3
OZERK;51;6.03.1981;48;3
HAMDUSANA;51;5.11.1980;48;3
ESAF;50;29.09.1972;47;3
NASER;50;1.07.1965;47;3
SAMIT;49;22.10.1962;46;3
SORES;49;10.12.1983;46;3
INTIKAM;47;5.10.1969;44;3
MIRKAN;47;17.05.1982;44;3
EGEHAN;46;4.10.1985;43;3
HEBIL;46;6.12.1964;43;3
GENCEL;46;5.01.1974;43;3
FERDAI;46;10.08.1969;43;3
KOZAN;46;9.05.1974;43;3
URAS;46;23.07.1983;43;3
MEDAIN;46;4.12.1962;43;3
ABU;45;13.05.1962;42;3
TANIN;45;18.03.1972;42;3
HUBYAR;45;29.06.1957;42;3
FIYAZ;45;10.04.1960;42;3
DAHA;45;13.12.1974;42;3
DIVANE;44;15.01.1964;41;3
SAHMAN;43;2.09.1959;40;3
ERSEVEN;43;30.07.1973;40;3
FIRTINA;42;18.10.1976;39;3
MARTIN;42;28.10.1980;39;3
KURAY;42;18.03.1968;39;3
BEYHANI;42;6.10.1974;39;3
BARAT;41;21.02.1971;38;3
SAHLAN;40;14.06.1975;37;3
SAVAK;40;30.01.1968;37;3
ZAFIR;40;9.01.1962;37;3
RAMAN;38;3.04.1964;35;3
SEREMET;38;5.09.1963;35;3
FIRKAN;38;18.08.1975;35;3
REBER;37;15.07.1985;34;3
CIHANGER;37;26.03.1966;34;3
RONI;37;27.10.1980;34;3
NUSURET;36;14.02.1964;33;3
ZEYTI;36;16.05.1963;33;3
SURETTIN;35;28.07.1958;32;3
BILGIVAR;34;20.11.1962;31;3
ERCIYAS;34;28.11.1968;31;3
ADALETTIN;34;11.11.1962;31;3
A;33;16.07.1955;30;3
BAHAT;33;5.08.1967;30;3
ERVAHI;33;9.08.1962;30;3
TIRHAN;32;13.10.1970;29;3
ARKADAS;32;8.09.1980;29;3
TUKAY;32;22.06.1968;29;3
ERCAY;32;13.03.1977;29;3
KURTULAY;32;10.09.1973;29;3
MILLI;32;11.10.1961;29;3
GULAM;32;24.07.1962;29;3
TACET;31;10.12.1962;28;3
OZVER;31;2.07.1974;28;3
SAMAT;31;19.02.1958;28;3
HAMIM;30;3.08.1969;27;3
NEZER;30;5.04.1970;27;3
ERDIS;30;16.12.1971;27;3
EKSAN;29;7.10.1964;26;3
ONSAL;29;26.08.1975;26;3
CANTAS;28;9.04.1973;25;3
ASET;28;8.07.1955;25;3
ZAHAR;28;26.11.1903;25;3
MERDEN;28;6.08.1968;25;3
EDAT;27;18.02.1976;24;3
HEYATI;27;25.07.1959;24;3
KAYNAK;27;9.03.1965;24;3
OZDENIZ;26;11.12.1978;23;3
FEZAI;26;21.08.1968;23;3
TUNAL;26;24.04.1964;23;3
ADIGOZEL;26;2.01.1951;23;3
ORPEN;26;29.06.1976;23;3
SEBAB;26;18.02.1962;23;3
ALIFER;26;4.11.1962;23;3
DENNIS;25;18.08.1983;22;3
CUNET;25;15.09.1972;22;3
MERSEL;25;14.08.1965;22;3
YASARCAN;25;11.09.1984;22;3
MIMAN;25;25.11.1958;22;3
ATILLE;25;25.04.1961;22;3
ORYAL;25;6.01.1963;22;3
TINAZ;25;6.05.1971;22;3
MIDAT;25;13.11.1963;22;3
KADI;25;22.08.1959;22;3
SONDER;25;14.06.1975;22;3
HATEMI;24;12.05.1957;21;3
LEBIP;24;28.01.1958;21;3
ASUTAY;24;7.05.1979;21;3
SERZAN;23;6.12.1982;20;3
ZEKAY;23;6.10.1967;20;3
NEZAR;23;12.04.1979;20;3
AKA;23;10.11.1952;20;3
BEDAT;23;15.11.1964;20;3
CANDENIZ;23;16.10.1984;20;3
UMURHAN;22;30.10.1976;19;3
YAZGAN;22;14.04.1986;19;3
YILMA;22;21.01.1975;19;3
TOYCAN;22;25.10.1973;19;3
TAYCAN;21;24.09.1982;18;3
TEKMAN;21;14.03.1975;18;3
TAS;21;8.05.1953;18;3
DERAL;21;2.12.1975;18;3
NEZIM;20;21.08.1966;17;3
BESRAVI;20;2.04.1962;17;3
SORO;20;17.09.1945;17;3
ONAN;20;7.09.1968;17;3
AVIZER;20;27.05.1958;17;3
EDLAN;20;10.09.1962;17;3
HUSMAN;19;25.06.1963;16;3
KUTAN;19;6.12.1973;16;3
AYTEMUR;19;28.10.1965;16;3
HAFIS;19;26.07.1974;16;3
NACAT;18;19.06.1963;15;3
GUMAN;18;12.03.1970;15;3
SER;18;24.07.1970;15;3
UGURSAY;18;9.11.1976;15;3
ZEYNIL;18;1.04.1965;15;3
UGURSAL;18;23.10.1968;15;3
EKMEN;18;23.12.1972;15;3
FERRUZ;18;26.06.1965;15;3
ILIYA;18;11.05.1950;15;3
MERZUK;18;20.04.1961;15;3
IYIGUN;18;5.09.1966;15;3
MUDAHHAR;17;10.07.1960;14;3
DEMHAT;17;22.07.1990;14;3
REKAN;17;23.03.1986;14;3
ALEMIN;17;30.08.1965;14;3
ESAMI;17;16.02.1970;14;3
TAYSUN;17;25.06.1976;14;3
ATAS;17;15.09.1955;14;3
YASAL;16;10.11.1976;13;3
BAHDI;16;18.12.1960;13;3
NECEP;16;9.11.1964;13;3
ALTUNER;16;15.09.1966;13;3
ZAFERHAN;16;13.07.1976;13;3
MAHZER;16;25.09.1954;13;3
NOGAY;16;11.05.1976;13;3
ULUCAN;16;27.09.1977;13;3
NEVRUS;16;12.04.1965;13;3
ZULFAR;16;24.01.1958;13;3
UCAN;16;25.11.1966;13;3
DURKAL;16;7.02.1962;13;3
GANDI;15;27.05.1966;12;3
AMIN;15;13.01.1974;12;3
HURDAL;15;28.04.1972;12;3
TUGSER;15;15.09.1981;12;3
SULU;15;1.10.1948;12;3
GORUS;15;27.02.1983;12;3
ILTEKIN;15;10.04.1963;12;3
METUS;15;17.08.1955;12;3
FILINTA;15;12.11.1979;12;3
FIKRAT;15;2.07.1961;12;3
TUVAN;15;25.10.1971;12;3
DELI;14;15.11.1953;11;3
SIYA;14;16.09.1965;11;3
COSAY;14;16.11.1982;11;3
GOKSAH;14;17.11.1987;11;3
SENKAYA;14;18.01.1960;11;3
DURUHAN;14;4.11.1978;11;3
SIRAT;14;10.09.1969;11;3
TOPO;14;8.11.1944;11;3
ITRI;14;14.12.1975;11;3
ANIT;14;9.05.1977;11;3
URFU;13;21.08.1960;10;3
MUSEL;13;11.01.1964;10;3
BEZGIN;13;15.11.1979;10;3
UFKAY;13;11.09.1974;10;3
UMAR;13;25.12.1970;10;3
BITIRIM;13;17.01.1970;10;3
TIBER;13;15.03.1977;10;3
SACET;13;18.03.1965;10;3
BEYAR;13;1.09.1976;10;3
SANVERDI;13;1.02.1965;10;3
TORAY;13;15.11.1979;10;3
YILGOREN;13;4.03.1958;10;3
MAHOS;13;11.7.1795;10;3
OZGOR;13;23.06.1964;10;3
PERKAN;12;8.07.1974;9;3
FERGAN;12;14.12.1971;9;3
NEZIRHAN;12;20.03.1982;9;3
HAYYAM;12;25.02.1967;9;3
NEYAZ;12;21.01.1967;9;3
BIDAT;12;28.09.1957;9;3
AHEN;12;12.01.1963;9;3
NAVER;12;24.08.1966;9;3
NISAT;12;24.11.1956;9;3
CANSAY;12;6.02.1970;9;3
HIKIMET;12;24.04.1969;9;3
SEKRAN;12;12.07.1963;9;3
UGRAY;12;3.09.1968;9;3
CULI;12;14.09.1959;9;3
RAHMEN;12;12.11.1965;9;3
TOMAY;12;29.08.1971;9;3
ERCIL;12;21.07.1976;9;3
EMINHAN;12;11.11.1971;9;3
DOLUN;12;14.08.1963;9;3
ISMIAZEM;11;22.08.1975;8;3
FEDEKAR;11;17.10.1974;8;3
RAGAYIP;11;30.01.1974;8;3
MAZLIM;11;28.10.1973;8;3
TOLON;11;16.09.1955;8;3
MUHRI;11;10.08.1973;8;3
CETINAY;11;10.03.1964;8;3
ILKTAN;11;13.01.1977;8;3
RAHBER;11;20.09.1965;8;3
HILAT;11;20.04.1955;8;3
BULEN;11;15.07.1972;8;3
SAYAD;11;11.10.1976;8;3
MUVIT;11;11.12.1966;8;3
MERKAN;11;6.09.1979;8;3
SENDER;11;24.04.1965;8;3
SUBAN;11;24.01.1974;8;3
BINER;10;3.07.1975;7;3
SEFAH;10;24.09.1969;7;3
HEMDAN;10;10.08.1959;7;3
MUDAHHER;10;24.10.1963;7;3
UGURSAN;10;9.04.1980;7;3
ISTEMIN;10;26.01.1967;7;3
ILMAZ;10;20.03.1966;7;3
KOKMEN;10;22.07.1971;7;3
ACEL;10;30.2.1964;7;3
TANUR;10;22.04.1973;7;3
MESUN;10;17.05.1970;7;3
BERHUDAR;10;20.06.1965;7;3
TALIK;10;14.02.1959;7;3
SIDTIK;10;1.05.1961;7;3
LEMIN;10;25.11.1965;7;3
SERVEN;10;21.04.1972;7;3
MESKAN;10;8.09.1973;7;3
NURZET;10;19.07.1966;7;3
HUDO;10;7.05.1961;7;3
AKKAS;10;19.02.1961;7;3
DURGAN;10;9.07.1958;7;3
ELFAN;10;21.09.1965;7;3
ISCAN;10;5.12.1964;7;3
EFTAN;10;12.07.1971;7;3
SUZANI;9;27.10.1966;6;3
MADAN;9;14.02.1964;6;3
SILHAN;9;4.07.1971;6;3
ZINDAN;9;2.01.1981;6;3
OZGUCAN;9;24.03.1985;6;3
TANJER;9;9.11.1959;6;3
EZGUN;9;29.11.1968;6;3
RUKI;9;13.10.1967;6;3
AMI;9;2.12.1936;6;3
FIRIK;9;23.08.1954;6;3
BILGILI;9;25.05.1966;6;3
NEZAYI;9;29.08.1963;6;3
ENGEL;9;2.01.1970;6;3
KAMEL;9;13.09.1966;6;3
ZAHMET;9;15.04.1972;6;3
SAVA;9;2.03.1961;6;3
SUNGUN;9;14.08.1976;6;3
MUHTER;9;26.01.1956;6;3
RUKNET;9;3.03.1959;6;3
UNAN;9;20.05.1952;6;3
FEVZIHAN;9;30.11.1976;6;3
IRSAN;9;26.07.1975;6;3
BERUL;9;12.12.1963;6;3
MESI;9;18.01.1955;6;3
FELHAN;8;6.12.1968;5;3
HAMOS;8;6.10.1944;5;3
ZEYNAN;8;27.10.1966;5;3
DIYA;8;30.2.1968;5;3
SAMAYIL;8;16.12.1952;5;3
HAKIKI;8;12.09.1966;5;3
MESTI;8;1.01.1958;5;3
TUGBER;8;8.12.1979;5;3
YILCAY;8;26.07.1972;5;3
SIRKET;8;21.05.1955;5;3
AGBAL;8;18.04.1949;5;3
HEKIMHAN;8;4.03.1974;5;3
ZUHRI;8;11.12.1953;5;3
SAVFET;8;3.06.1955;5;3
DIHAN;8;10.11.1977;5;3
BILKUR;8;14.01.1972;5;3
RUAT;8;6.03.1957;5;3
BERGIL;8;16.08.1971;5;3
OZU;8;27.07.1966;5;3
HICIRET;8;29.12.1969;5;3
METIHAN;8;23.05.1966;5;3
MASIR;8;28.04.1973;5;3
IDAVER;8;4.05.1958;5;3
ESEMIL;8;12.12.1961;5;3
SUNU;8;26.08.1953;5;3
ZEYNER;8;10.03.1964;5;3
ENZER;8;17.12.1970;5;3
NUVID;8;18.07.1971;5;3
DIRENIS;7;7.08.1983;4;3
SAHICIHAN;7;4.01.1958;4;3
TAHMIN;7;11.11.1955;4;3
META;7;28.04.1974;4;3
SURMET;7;25.02.1974;4;3
RIDAN;7;13.01.1981;4;3
HURAL;7;13.04.1978;4;3
HAMIDI;7;17.08.1973;4;3
TUME;7;5.04.1948;4;3
NEZVET;7;18.02.1964;4;3
ZANE;7;11.06.1983;4;3
FEYHAT;7;2.06.1971;4;3
MAZO;7;30.10.1941;4;3
BEGEN;7;10.09.1969;4;3
AVNET;7;26.11.1966;4;3
REMAN;7;13.07.1970;4;3
ERDEMHAN;7;22.07.1983;4;3
IHRAM;7;21.02.1967;4;3
CANSEZER;7;24.07.1960;4;3
MURTEZEM;7;17.03.1975;4;3
KALBEN;7;28.02.1986;4;3
NEBIN;7;18.12.1959;4;3
SANSIVAR;7;11.10.1959;4;3
TONER;7;25.10.1972;4;3
NEFAT;7;27.05.1954;4;3
ISEL;7;13.03.1969;4;3
BESIMI;7;14.04.1951;4;3
SALFET;7;1.04.1964;4;3
MUSUN;7;25.01.1957;4;3
HILMIHAN;7;18.11.1968;4;3
MINCAN;7;5.05.1971;4;3
SAHADAN;7;17.01.1967;4;3
GUKAN;7;14.07.1980;4;3
MUHAL;7;11.01.1967;4;3
REYHUN;7;27.09.1965;4;3
BINGOR;7;19.08.1965;4;3
NEFAL;7;21.08.1971;4;3
ZULKAN;7;20.01.1971;4;3
INSAN;7;24.12.1957;4;3
SELFAT;7;28.02.1959;4;3
VIDAL;7;26.10.1974;4;3
SERHAL;7;22.03.1977;4;3
SAGNAK;7;1.12.1983;4;3
CEVALI;7;25.02.1970;4;3
CENGAY;7;24.06.1985;4;3
CANAT;7;11.02.1965;4;3
ILAYET;7;2.07.1982;4;3
FEDAY;7;22.06.1972;4;3
ZEKAT;7;7.02.1974;4;3
DEYYAN;7;30.10.1972;4;3
FERTAN;7;21.11.1973;4;3
ERFIL;7;14.01.1973;4;3
BULCA;7;7.05.1960;4;3
HUZAN;7;4.12.1977;4;3
ERBILEN;7;10.06.1979;4;3
YAZIHAN;7;3.09.1970;4;3
NIDAY;6;14.05.1976;3;3
ISTENC;6;3.05.1986;3;3
SUFYA;6;17.08.1964;3;3
ZIHA;6;8.07.1971;3;3
TARI;6;25.04.1939;3;3
MURHAN;6;23.06.1968;3;3
ZULFUCAN;6;26.04.1975;3;3
DIRO;6;16.01.1943;3;3
SAFIN;6;15.03.1957;3;3
SUGAT;6;2.04.1968;3;3
OLUN;6;4.11.1960;3;3
UNLER;6;17.12.1972;3;3
ZEHIT;6;27.05.1962;3;3
DALCIN;6;19.07.1963;3;3
SIMAR;6;23.08.1968;3;3
EKSEL;6;9.10.1969;3;3
KURCAN;6;21.08.1958;3;3
ELHURI;6;21.08.1963;3;3
ARMAAN;6;9.12.1973;3;3
HITAP;6;29.04.1970;3;3
BEKIN;6;5.06.1973;3;3
BENIAL;6;26.06.1966;3;3
KAMUREN;6;17.02.1974;3;3
SEYFUR;6;17.04.1953;3;3
ASIRI;6;24.03.1964;3;3
SAHUR;6;14.09.1961;3;3
YERIS;6;24.02.1966;3;3
NEBIM;6;13.05.1973;3;3
GOREL;6;12.01.1968;3;3
NIZAT;6;4.06.1954;3;3
PEVRIZ;6;27.03.1969;3;3
KAY;6;25.04.1978;3;3
EYNAL;6;20.05.1958;3;3
GOLUN;6;30.11.1967;3;3
KUMRUSAH;6;6.06.1971;3;3
SABIS;6;16.08.1954;3;3
SAKAR;6;13.03.1951;3;3
NURAYIN;6;9.11.1963;3;3
MUCUZAT;6;1.01.1964;3;3
ILMAY;6;14.02.1963;3;3
MUSERIF;6;13.11.1974;3;3
MISLIHA;6;30.04.1981;3;3
HEMMI;6;18.10.1946;3;3
HIZEM;6;27.04.1952;3;3
SAGCAN;6;1.04.1985;3;3
HASAT;6;2.08.1980;3;3
TANRI;6;12.06.1956;3;3
ELTER;6;29.03.1950;3;3
BEYGUN;6;12.03.1974;3;3
TAMI;6;22.07.1958;3;3
CANU;6;3.07.1969;3;3
NASIN;6;26.11.1966;3;3
YUMEL;6;3.12.1961;3;3
AYHEN;6;27.02.1964;3;3
MEDDET;6;13.10.1979;3;3
MUNHAL;5;25.12.1968;2;3
KIVAN;5;13.03.1976;2;3
MUHABBAT;5;15.01.1976;2;3
DIBAN;5;5.12.1978;2;3
MITO;5;19.07.1949;2;3
TURA;5;2.07.1956;2;3
RUSVAN;5;28.05.1968;2;3
MEHICAN;5;20.08.1970;2;3
BEDEN;5;25.10.1963;2;3
MAHRUZ;5;1.08.1952;2;3
IMAMA;5;12.07.1970;2;3
RENAZ;5;26.03.1986;2;3
SESGIN;5;19.08.1973;2;3
MENHAR;5;9.01.1958;2;3
ENSEL;5;3.07.1970;2;3
MENDI;5;25.01.1955;2;3
REYFET;5;2.08.1971;2;3
ENVEL;5;19.05.1961;2;3
HABBI;5;29.07.1969;2;3
NUMET;5;8.12.1970;2;3
ELZADE;5;24.11.1952;2;3
SUNNA;5;5.03.1955;2;3
SEFAYIL;5;8.08.1964;2;3
MESKUR;5;20.05.1957;2;3
BINZAT;5;3.06.1961;2;3
BENIMSER;5;20.09.1962;2;3
ERSEMIN;5;7.11.1981;2;3
NOKTAY;5;10.02.1972;2;3
ZIDDIK;5;6.12.1957;2;3
HAYSEN;5;18.03.1970;2;3
MAHSEL;5;26.12.1964;2;3
ANDELIP;5;6.02.1946;2;3
YURTSEL;5;18.02.1964;2;3
DOYLET;5;23.09.1960;2;3
MINNA;5;28.02.1972;2;3
NERDAN;5;3.08.1975;2;3
BENAM;5;13.11.1956;2;3
IRAZI;5;21.09.1954;2;3
AVSEN;5;5.06.1959;2;3
MUNNET;5;2.11.1971;2;3
FILAR;5;25.05.1958;2;3
YETKINAY;5;21.02.1978;2;3
GURKEN;5;16.02.1968;2;3
NEVCI;5;27.01.1965;2;3
ZEYNELI;5;29.2.1955;2;3
ASMER;5;8.05.1946;2;3
MUSI;5;7.01.1954;2;3
SABUN;5;30.2.1982;2;3
GULBAT;5;10.09.1968;2;3
HUSRAY;5;23.10.1969;2;3
COZI;5;12.01.1969;2;3
NUGAY;5;27.07.1977;2;3
SES;5;12.07.1954;2;3
SAYIMER;5;15.06.1954;2;3
ZEYHUN;5;3.02.1968;2;3
EMBIA;5;1.07.1962;2;3
TICARET;5;14.04.1963;2;3
DEVHAN;5;7.04.1961;2;3
OVGUM;5;17.01.1989;2;3
KIRGIZ;5;17.04.1953;2;3
ILTAR;5;18.06.1960;2;3
ELKIN;5;5.09.1974;2;3
MULAY;5;24.07.1965;2;3
YASLAN;5;5.04.1970;2;3
GULEMER;5;10.11.1953;2;3
URTAN;5;26.01.1952;2;3
MEYVAN;5;17.06.1959;2;3
ZULGARIYE;5;8.12.1973;2;3
SELPER;5;2.12.1968;2;3
GOCEN;5;16.07.1982;2;3
SONTAS;5;23.07.1979;2;3
KOSAN;5;21.10.1975;2;3
PUNHAN;5;7.02.1972;2;3
HEDIM;5;25.09.1969;2;3
YURCAN;5;5.11.1965;2;3
EDREMIT;5;24.04.1967;2;3
ZIHNUR;5;2.03.1975;2;3
BAHTER;5;11.09.1953;2;3
BEYNAZI;5;25.02.1963;2;3
ASRET;5;30.06.1968;2;3
OMURGAN;5;10.11.1964;2;3
NUHSEL;5;17.10.1962;2;3
FILLO;5;18.03.1947;2;3
TENVIR;5;26.01.1950;2;3
ARIZ;5;30.08.1955;2;3
MUSHAN;5;21.12.1964;2;3
MISLINE;5;11.06.1968;2;3
DUYUNC;5;26.12.1986;2;3
YURTEL;5;20.10.1965;2;3
MUREL;5;21.11.1967;2;3
FERDIHAN;5;30.08.1957;2;3
BIRSET;5;11.09.1972;2;3
INTIHAM;5;12.06.1968;2;3
SEVIBAN;5;1.03.1974;2;3
MOSUN;5;30.01.1956;2;3
AYTOLUN;5;27.11.1957;2;3
EYGUN;5;16.07.1971;2;3
FARAY;5;7.01.1971;2;3
ILKSAH;5;8.08.1988;2;3
SUMAY;5;14.08.1974;2;3
AS;5;29.08.1955;2;3
ARJIN;5;25.09.1987;2;3
ILVANI;5;27.09.1963;2;3
ICEN;5;8.06.1963;2;3
MUCUDET;5;17.01.1966;2;3
EGLEN;5;20.10.1975;2;3
UNUVER;5;17.06.1965;2;3
YAGIS;5;25.08.1985;2;3
GEJO;5;4.05.1955;2;3
BILYAZ;5;12.08.1975;2;3
USER;5;29.11.1969;2;3
SARAHAN;5;28.02.1964;2;3
SIFRET;5;3.10.1958;2;3
SEZMEN;5;7.06.1970;2;3
NUVEL;5;8.12.1971;2;3
GUREVIN;5;3.10.1944;2;3
TOMRUK;5;10.11.1953;2;3
NESFET;5;28.06.1955;2;3
SALVET;5;21.03.1947;2;3
KANA;5;11.04.1948;2;3
GULBAK;4;18.03.1956;1;3
TULHA;4;5.10.1975;1;3
ILYAR;4;21.07.1965;1;3
ARIBE;4;29.04.1967;1;3
ALSEN;4;19.02.1961;1;3
NUROZ;4;8.01.1952;1;3
ERHA;4;10.08.1981;1;3
ERZA;4;28.02.1957;1;3
GULDAMI;4;26.09.1955;1;3
LIMEN;4;30.04.1977;1;3
DADA;4;17.05.1961;1;3
ZALIH;4;25.03.1977;1;3
ROJHAN;4;6.05.1988;1;3
SIHDI;4;21.06.1950;1;3
PERVIS;4;12.05.1975;1;3
GURBETI;4;8.02.1969;1;3
KANIVER;4;29.01.1987;1;3
GADRI;4;5.05.1944;1;3
ROSIN;4;8.04.1984;1;3
SEHIMI;4;3.09.1955;1;3
KIRMIS;4;15.09.1932;1;3
ELBERA;4;25.03.1977;1;3
NIAMI;4;25.07.1939;1;3
ISRAN;4;23.05.1986;1;3
PARIN;4;12.12.1981;1;3
SEGA;4;12.05.1977;1;3
YETERIN;4;25.06.1977;1;3
HALU;4;12.10.1929;1;3
RAZIN;4;7.02.1954;1;3
YEMANI;4;15.01.1966;1;3
HAMAY;4;21.04.1971;1;3
MUNUK;4;5.02.1950;1;3
MURE;4;7.05.1959;1;3
DEMA;4;6.07.1979;1;3
BEYCA;4;21.05.1965;1;3
ALIMZER;4;19.05.1957;1;3
YOKSEL;4;11.10.1952;1;3
FLORYA;4;1.05.1979;1;3
SUMRE;4;13.05.1968;1;3
YUMURCAK;4;7.10.1976;1;3
CEVAHIL;4;2.05.1958;1;3
IFDADI;4;23.01.1955;1;3
ZEHAN;4;5.08.1979;1;3
GULCEL;4;24.12.1966;1;3
NESVIN;4;29.05.1961;1;3
SIHRET;4;21.10.1967;1;3
NUFRET;4;4.02.1964;1;3
GULDUGAN;4;13.05.1959;1;3
SUKREM;4;4.07.1962;1;3
NEFIM;4;29.10.1964;1;3
NEVCIMAN;4;20.02.1954;1;3
JO;4;5.03.1964;1;3
UMITE;4;2.12.1983;1;3
BITEN;4;2.12.1972;1;3
ILGA;4;18.05.1977;1;3
GUNGEL;4;4.08.1956;1;3
MIGFER;4;4.06.1969;1;3
TELCAN;4;23.06.1978;1;3
GEYVAN;4;8.10.1943;1;3
ESENCAN;4;12.11.1984;1;3
SURUHAN;4;11.05.1957;1;3
DOGUNUR;4;8.06.1955;1;3
BUKRET;4;23.07.1983;1;3
ESARET;4;13.12.1965;1;3
REZDAN;4;1.12.1973;1;3
SAHVEREN;4;28.10.1961;1;3
MUBESSIR;4;15.10.1958;1;3
INSA;4;20.08.1956;1;3
SUZEYIN;4;7.08.1966;1;3
BIRDAG;4;2.09.1972;1;3
OLCIHAN;4;6.04.1965;1;3
ICAL;4;6.01.1969;1;3
HADAYET;4;4.04.1957;1;3
FUKRAN;4;20.12.1978;1;3
LAHUR;4;20.02.1943;1;3
RACIHAN;4;11.08.1963;1;3
IMIRHAN;4;20.10.1959;1;3
GURPER;4;23.03.1970;1;3
DUYCAN;4;3.06.1983;1;3
BAYDAN;4;7.05.1968;1;3
UNMAN;4;12.06.1966;1;3
INCO;4;12.02.1932;1;3
BAHTIKAR;4;1.08.1959;1;3
MAMAK;4;7.07.1947;1;3
SADEL;4;4.01.1969;1;3
IBRAN;4;18.06.1959;1;3
BAYRAMI;4;23.11.1973;1;3
SUZAL;4;8.08.1965;1;3
AGCAN;4;24.09.1973;1;3
HAVACA;4;12.05.1963;1;3
MANIS;4;20.04.1953;1;3
BISMI;4;9.03.1978;1;3
UFAK;4;13.07.1972;1;3
SUZCAN;4;29.06.1973;1;3
SENERAY;4;22.01.1973;1;3
SADAMAN;4;6.04.1961;1;3
MUEYET;4;9.04.1964;1;3
YAMUR;4;7.02.1975;1;3
GURDEM;4;9.06.1976;1;3
ZENIT;4;16.08.1970;1;3
SINANI;4;16.05.1967;1;3
ZUMRIT;4;16.11.1949;1;3
NIBAT;4;2.08.1959;1;3
HERMUS;4;11.03.1967;1;3
FERMANE;4;5.11.1957;1;3
MUSAN;4;10.11.1958;1;3
MUNASIR;4;18.07.1974;1;3
KASLI;4;23.04.1962;1;3
HAM;4;19.07.1955;1;3
TEMRUZ;4;9.06.1946;1;3
CEVO;4;18.01.1944;1;3
VESTAN;4;23.04.1972;1;3
CEYRI;4;6.05.1954;1;3
MUHAYER;4;12.06.1978;1;3
BULGAN;4;7.09.1969;1;3
TAMCAN;4;11.09.1980;1;3
KAZO;4;10.03.1941;1;3
AYVIN;4;21.07.1979;1;3
DIDAN;4;1.02.1942;1;3
HITO;4;11.02.1951;1;3
GELAY;4;21.12.1974;1;3
OZBEL;4;5.06.1984;1;3
SEYVI;4;8.05.1949;1;3
SERNAT;4;17.11.1980;1;3
KAMIS;4;7.08.1955;1;3
NIKTER;4;3.04.1955;1;3
BILSIM;4;7.11.1968;1;3
BAKAR;4;29.11.1950;1;3
NEVRESER;4;28.09.1962;1;3
NURBEK;4;20.12.1970;1;3
SUVEYYA;4;28.05.1968;1;3
CEHVERI;4;8.10.1951;1;3
MINCI;4;20.02.1951;1;3
ORENGUL;4;10.02.1944;1;3
BURTE;4;19.07.1974;1;3
EMETIN;4;12.07.1961;1;3
NIMEN;4;8.10.1966;1;3
KERSIM;4;1.11.1955;1;3
HEMDEM;4;14.05.1959;1;3
KOSEM;4;13.12.1957;1;3
BENYA;4;17.06.1959;1;3
BES;4;29.12.1959;1;3
RAVDET;4;20.04.1972;1;3
SELAMHAN;4;3.01.1987;1;3
MEVCAN;4;11.09.1968;1;3
RUGEN;4;6.07.1958;1;3
SIFFET;4;18.03.1955;1;3
SEYHANI;4;7.06.1978;1;3
HUSMET;4;2.08.1953;1;3
MEHYE;4;4.11.1949;1;3
SULTANHAN;4;26.05.1970;1;3
MUKESSIM;4;3.05.1968;1;3
HECAZ;4;29.03.1960;1;3
MUYSEL;4;13.12.1957;1;3
UMDE;4;21.04.1991;1;3
VAZIYET;4;13.03.1962;1;3
BEDAVI;4;17.06.1968;1;3
DERFIN;4;10.11.1983;1;3
FETAHA;4;25.05.1964;1;3
IBAYET;4;25.12.1946;1;3
SENSER;4;3.08.1963;1;3
INAT;4;12.10.1968;1;3
BUKLUM;4;11.10.1969;1;3
AYCER;4;10.03.1980;1;3
ERGUZ;4;12.07.1966;1;3
SEVCI;4;16.08.1963;1;3
BIREM;4;5.08.1982;1;3
SEZGINAR;4;6.12.1977;1;3
BISET;4;25.10.1972;1;3
SUZAYI;4;20.03.1961;1;3
DURUSU;4;13.04.1988;1;3
GONAN;4;25.04.1958;1;3
DESIN;4;10.10.1972;1;3
DOLEN;4;17.04.1965;1;3
HAVAN;4;1.11.1973;1;3
ELBIDE;4;25.08.1954;1;3
FILISTAN;4;29.12.1952;1;3
ZEBAHIR;4;10.05.1964;1;3
ATUFET;4;6.08.1960;1;3
MIRSAH;4;15.06.1972;1;3
TUGANA;4;20.01.1985;1;3
YUKSELI;4;23.03.1964;1;3
ZOHAL;4;19.08.1971;1;3
KAVIM;4;6.11.1966;1;3
SEFNUR;4;2.12.1972;1;3
GOLO;4;26.01.1944;1;3
MERTEBE;4;13.12.1958;1;3
YURKAN;4;25.05.1970;1;3
SEZAYE;4;5.07.1967;1;3
DERRA;4;1.09.1955;1;3
KURCI;4;24.01.1953;1;3
ZIHAL;4;19.01.1966;1;3
CALA;4;1.07.1953;1;3
YULA;4;4.04.1978;1;3
SAFALET;4;7.01.1965;1;3
YUMSEL;4;9.10.1974;1;3
HAVADI;4;16.02.1957;1;3
CANGUN;4;30.05.1974;1;3
TERIN;4;6.10.1959;1;3
PARISA;4;30.03.1975;1;3
GULNEBI;4;1.06.1963;1;3
GIZLI;4;20.04.1957;1;3
CAGLI;4;14.06.1979;1;3
AKCALI;4;19.02.1960;1;3
NESAYI;4;8.03.1974;1;3
SENYAZ;4;18.08.1948;1;3
FIKET;4;26.08.1956;1;3
HIZBER;4;11.02.1962;1;3
TEVEKKEL;4;6.01.1951;1;3
NEFSET;4;27.11.1970;1;3
HATME;4;16.11.1942;1;3
GOLEN;4;17.06.1965;1;3
ELERKI;4;7.06.1986;1;3
ARFAN;4;25.03.1958;1;3
BUNYANE;4;17.05.1958;1;3
MUKARREM;4;22.03.1973;1;3
SEMAIR;4;7.12.1955;1;3
NAVIN;4;12.08.1973;1;3
SONEY;4;25.02.1980;1;3
AYCAM;4;14.07.1978;1;3
MERHAT;4;20.05.1984;1;3
SAYLAV;4;30.09.1957;1;3
SUPRIZ;4;28.10.1969;1;3
GOMEC;4;22.12.1952;1;3
NUHRET;4;22.03.1975;1;3
FECRIN;4;12.10.1976;1;3
SANES;4;5.03.1971;1;3
MUBECCET;4;15.12.1953;1;3
SALEM;4;16.04.1959;1;3
NEDIRI;4;15.12.1948;1;3
HIDIYE;4;7.08.1960;1;3
MEVHUDE;3;9.10.1958;0;3
NECAHA;3;14.04.1962;0;3
ABUDET;3;15.12.1963;0;3
BEDOS;3;11.02.1961;0;3
BEYSU;3;12.10.1986;0;3
ZENNA;3;7.03.1970;0;3
TIVRIZ;3;13.05.1961;0;3
GULNAZIFE;3;21.12.1979;0;3
AFFEY;3;17.01.1951;0;3
NESAFET;3;25.08.1955;0;3
MILKESIM;3;23.01.1981;0;3
NURSALAN;3;22.03.1959;0;3
EZLAM;3;29.03.1976;0;3
TANSIL;3;8.07.1984;0;3
EFSUNKAR;3;20.03.1987;0;3
ADABIYE;3;28.10.1969;0;3
HAYRELNISA;3;9.03.1968;0;3
ESMEHATUN;3;20.09.1958;0;3
NUVEYYER;3;16.01.1953;0;3
SEVHE;3;18.04.1964;0;3
SEVIRAN;3;4.12.1976;0;3
BEDEHA;3;2.11.1961;0;3
HALEH;3;24.07.1975;0;3
MEYNO;3;20.02.1954;0;3
ZEHMANUR;3;14.09.1980;0;3
NINEL;3;24.06.1978;0;3
KESMINAZ;3;22.08.1965;0;3
TAMMEY;3;20.02.1955;0;3
EMINEBEYHAN;3;3.10.1948;0;3
FEGRIYE;3;21.11.1976;0;3
ETIGE;3;12.07.1966;0;3
MUYMINE;3;3.04.1961;0;3
FERZIGUL;3;2.02.1969;0;3
SAHERNAZ;3;24.03.1953;0;3
BILIFER;3;21.10.1973;0;3
NEALA;3;25.10.1964;0;3
REYHANA;3;2.08.1965;0;3
GEYHAN;3;6.05.1959;0;3
SUAVET;3;3.12.1954;0;3
SERILE;3;2.02.1962;0;3
FETIYEGUL;3;27.09.1962;0;3
MAHTEP;3;27.10.1974;0;3
EZEY;3;17.08.1935;0;3
SUYEN;3;20.05.1973;0;3
IFEKAT;3;10.12.1947;0;3
BAYREME;3;29.03.1956;0;3
TEVRI;3;26.12.1936;0;3
TEYYIBA;3;11.05.1978;0;3
SITHIYE;3;26.12.1969;0;3
SAHPARE;3;23.05.1944;0;3
BILGA;3;23.02.1970;0;3
BEDRISA;3;13.04.1953;0;3
NURSUM;3;22.03.1983;0;3
SAMIRAY;3;11.05.1956;0;3
GULSANA;3;1.03.1971;0;3
KETAYUM;3;14.05.1960;0;3
FATIMEIZEHRA;3;6.10.1970;0;3
NAZENDEN;3;8.04.1960;0;3
ARZUH;3;8.04.1963;0;3
NAIYLE;3;3.03.1968;0;3
ETTI;3;5.01.1951;0;3
YELKIN;3;13.05.1984;0;3
NIDYA;3;30.09.1958;0;3
BERMET;3;9.07.1984;0;3
UMULGULSUM;3;15.09.1972;0;3
CETINE;3;3.10.1961;0;3
NESIGUL;3;30.2.1970;0;3
UVEYLA;3;18.09.1974;0;3
MEYES;3;19.08.1980;0;3
KIMETLI;3;7.07.1968;0;3
ISTAGFIRA;3;2.03.1960;0;3
SAHNAZAN;3;14.05.1983;0;3
FELEKIYE;3;12.06.1953;0;3
SEHREZE;3;21.03.1972;0;3
LEYMUNATA;3;14.06.1984;0;3
MUNIRET;3;21.07.1983;0;3
MOHLISE;3;4.02.1968;0;3
REHMET;3;16.11.1983;0;3
RAKYATA;3;26.09.1988;0;3
SONDIZ;3;2.10.1969;0;3
SULEYLE;3;15.03.1986;0;3
NEFE;3;11.12.1934;0;3
MILICAN;3;26.07.1983;0;3
MAKSUMA;3;4.12.1970;0;3
MENIME;3;5.06.1967;0;3
MESLINE;3;17.04.1986;0;3
HECERI;3;4.07.1965;0;3
MUHRUNISA;3;10.11.1962;0;3
IFAN;3;11.03.1963;0;3
GUHERTAC;3;10.11.1959;0;3
MUHRINISAN;3;10.03.1983;0;3
ZILDA;3;21.04.1990;0;3
HEFIDAR;3;21.10.1988;0;3
GULSANAN;3;8.09.1968;0;3
LETO;3;8.03.1930;0;3
HARET;3;7.02.1970;0;3
SUZDAR;3;26.09.1989;0;3
ZEHURA;3;15.12.1958;0;3
EVRICAN;3;16.11.1991;0;3
PITTO;3;5.02.1965;0;3
LATO;3;28.01.1938;0;3
YUSLUMA;3;5.07.1981;0;3
TARIHA;3;23.07.1945;0;3
MESULAT;3;1.11.1979;0;3
ABDULI;3;13.07.1955;0;3
RUMELYA;3;9.12.1986;0;3
TASIH;3;7.08.1978;0;3
MUHTIBER;3;18.12.1974;0;3
ZERRU;3;3.03.1983;0;3
NURIZA;3;29.05.1972;0;3
HAYATUL;3;9.06.1972;0;3
FINCA;3;29.09.1964;0;3
DISLA;3;7.12.1970;0;3
FATURA;3;6.10.1969;0;3
ZIYHNET;3;2.09.1963;0;3
INDRA;3;5.09.1986;0;3
PENCEVIN;3;4.06.1981;0;3
PERUK;3;7.12.1944;0;3
SUVEYBET;3;9.05.1974;0;3
SAHRIMAN;3;7.02.1964;0;3
FERZIMELIK;3;4.11.1946;0;3
HALALE;3;20.09.1956;0;3
TENZIME;3;4.04.1979;0;3
MELISI;3;4.02.1965;0;3
ROJANUR;3;7.03.1957;0;3
EVEN;3;21.02.1987;0;3
SENAA;3;5.11.1983;0;3
ROJANUH;3;13.06.1965;0;3
IZMIRAN;3;26.07.1972;0;3
ZERGEN;3;20.02.1968;0;3
DURUNCE;3;9.04.1980;0;3
SEBRIZE;3;21.11.1984;0;3
GEBRA;3;14.06.1979;0;3
BIRSIL;3;25.07.1981;0;3
MUKBET;3;16.10.1967;0;3
MATRIONA;3;16.12.1972;0;3
NESBIHAN;3;25.10.1964;0;3
MUZZEYIN;3;26.06.1982;0;3
HAFIDAR;3;11.02.1985;0;3
KAFIE;3;11.05.1955;0;3
ITAN;3;4.07.1955;0;3
UNIDE;3;2.08.1977;0;3
JUVANA;3;18.01.1985;0;3
ZUBEDYE;3;29.2.1958;0;3
HACICI;3;28.06.1962;0;3
MITIA;3;24.04.1949;0;3
NERO;3;17.02.1942;0;3
SEADDET;3;23.05.1961;0;3
SEBIRNAZ;3;16.12.1969;0;3
HAZBIYA;3;11.01.1965;0;3
SIHDA;3;7.06.1960;0;3
HAZNEGUL;3;20.09.1991;0;3
HAZRO;3;15.01.1962;0;3
RAUFA;3;29.05.1975;0;3
YESLIBE;3;16.06.1975;0;3
NAKISA;3;3.07.1948;0;3
SISEL;3;19.06.1986;0;3
GURBEL;3;12.03.1975;0;3
GECI;3;28.04.1956;0;3
GULSO;3;24.06.1967;0;3
ROJDAR;3;15.10.1980;0;3
MANONI;3;28.08.1962;0;3
HEJIN;3;24.03.1977;0;3
EVIDAR;3;14.11.1986;0;3
SIDDIHA;3;25.01.1961;0;3
HIZRA;3;30.10.1950;0;3
SARHA;3;29.06.1950;0;3
LITFO;3;13.09.1934;0;3
MURRA;3;7.08.1939;0;3
HANINE;3;3.11.1956;0;3
FURYEL;3;14.07.1981;0;3
TURKKIYE;3;7.05.1956;0;3
FIKRIYYE;3;19.06.1962;0;3
BEYBO;3;28.12.1947;0;3
MUME;3;21.03.1965;0;3
RIFIA;3;14.05.1961;0;3
MEDINO;3;10.12.1964;0;3
DILHA;3;5.07.1966;0;3
GULFETE;3;5.10.1956;0;3
MULKO;3;22.05.1973;0;3
ZEBURHAN;3;18.05.1948;0;3
SARIZAN;3;12.12.1974;0;3
SURREYE;3;3.02.1965;0;3
ZUHEYYE;3;1.06.1969;0;3
GULCUR;3;13.02.1959;0;3
GERMA;3;5.10.1963;0;3
BELFE;3;21.01.1968;0;3
HAZA;3;22.02.1957;0;3
IZMEYRAN;3;2.09.1963;0;3
MERE;3;8.07.1961;0;3
SUKUREN;3;6.07.1965;0;3
TINCAN;3;30.06.1970;0;3
ENCILE;3;1.06.1957;0;3
SEHZET;3;14.06.1972;0;3
ROJKEN;3;14.05.1989;0;3
MUHDAN;3;14.07.1977;0;3
HELANI;3;18.01.1974;0;3
EDRIHAN;3;6.02.1958;0;3
RUHAYLE;3;15.04.1947;0;3
CAMIYA;3;10.11.1962;0;3
MAHCEMILE;3;28.08.1965;0;3
GAMME;3;23.10.1954;0;3
SIVERT;3;1.10.1970;0;3
HACIYA;3;22.04.1961;0;3
ZAVIYYE;3;7.01.1970;0;3
HARBO;3;28.07.1954;0;3
KEYFE;3;8.03.1966;0;3
NEFCET;3;29.08.1959;0;3
VEYSIYYE;3;2.05.1955;0;3
EYBEN;3;14.10.1972;0;3
NEFIHA;3;29.09.1956;0;3
MUATER;3;16.11.1981;0;3
FAYHA;3;30.03.1958;0;3
MATLUMA;3;3.08.1956;0;3
UNUDA;3;22.12.1985;0;3
HUZEYMI;3;12.01.1979;0;3
FIKRA;3;28.10.1969;0;3
LIFET;3;23.11.1951;0;3
BARANE;3;22.11.1984;0;3
URU;3;28.03.1978;0;3
SERU;3;5.09.1931;0;3
GUMRET;3;11.08.1963;0;3
MUCALET;3;18.07.1986;0;3
BAGIZA;3;15.10.1959;0;3
GULTEZA;3;16.11.1973;0;3
AISA;3;5.05.1947;0;3
SIMEYYE;3;10.02.1977;0;3
EMRICAN;3;10.11.1977;0;3
MUSEBYE;3;8.03.1956;0;3
GULHIZARE;3;18.07.1966;0;3
DEBAHA;3;17.08.1973;0;3
FAZA;3;28.08.1979;0;3
HUNEFE;3;12.02.1973;0;3
ENO;3;4.07.1931;0;3
SUGDIYE;3;17.07.1965;0;3
IKTIMAL;3;16.07.1979;0;3
YEKBAL;3;13.03.1970;0;3
VEZO;3;3.02.1952;0;3
GERIYA;3;2.03.1966;0;3
MELHIME;3;17.09.1976;0;3
GAVLE;3;22.11.1981;0;3
MUFIA;3;29.08.1962;0;3
SEHEN;3;17.03.1948;0;3
MERDISE;3;11.01.1973;0;3
MUSLUHAT;3;10.10.1973;0;3
BEDLISE;3;26.07.1968;0;3
SAFIHE;3;9.02.1976;0;3
EBLIZE;3;5.12.1937;0;3
SARIZADE;3;28.06.1980;0;3
HEVISTAN;3;23.08.1983;0;3
KUDRETE;3;17.02.1965;0;3
ERISA;3;2.07.1985;0;3
MEKRIYE;3;21.06.1952;0;3
JULIANNA;3;13.05.1970;0;3
PRISKILLA;3;11.02.1983;0;3
MAHBI;3;15.12.1929;0;3
HINNE;3;14.12.1964;0;3
ELITA;3;2.03.1980;0;3
ROJET;3;22.12.1971;0;3
NICUDE;3;6.08.1942;0;3
MILANE;3;26.03.1982;0;3
GULLEYHAN;3;19.06.1979;0;3
EBTESAM;3;21.06.1982;0;3
ELANE;3;27.03.1983;0;3
IZGAYRI;3;17.12.1923;0;3
BAZAR;3;24.03.1977;0;3
JULIETTE;3;29.12.1981;0;3
INGRIT;3;6.12.1968;0;3
KAMIA;3;7.01.1982;0;3
DEYBET;3;2.01.1975;0;3
EMRETE;3;14.12.1974;0;3
ATIDE;3;1.01.1981;0;3
ALIRIYE;3;4.09.1978;0;3
FIRDO;3;6.6.961;0;3
SEMIET;3;2.08.1982;0;3
BENISUADE;3;7.02.1946;0;3
SEMIREMIZ;3;24.06.1966;0;3
DILNAS;3;25.12.1981;0;3
SULYET;3;4.02.1960;0;3
VEZUHE;3;15.12.1971;0;3
YESRUBE;3;22.03.1985;0;3
HUNU;3;4.06.1975;0;3
BIRGITT;3;20.05.1978;0;3
MUKADDIRE;3;12.06.1962;0;3
CHRISTELLE;3;1.04.1981;0;3
MECDE;3;28.12.1977;0;3
ALBERE;3;18.05.1970;0;3
RAFHA;3;22.03.1958;0;3
HINNAS;3;19.06.1948;0;3
NEVERD;3;1.02.1948;0;3
KIMO;3;3.02.1977;0;3
SIGAYRE;3;28.10.1938;0;3
EVELIN;3;13.11.1986;0;3
VERDEL;3;21.04.1978;0;3
KECCO;3;19.05.1961;0;3
FARAHDIBE;3;13.01.1979;0;3
TUTHAN;3;14.12.1968;0;3
INTIBAH;3;19.04.1978;0;3
MESUTTE;3;22.09.1979;0;3
NEAME;3;20.10.1941;0;3
ILANDA;3;20.04.1973;0;3
BIZGIN;3;27.02.1988;0;3
KEFOKI;3;20.10.1948;0;3
HIBER;3;15.06.1979;0;3
ABITE;3;11.10.1975;0;3
VAHTA;3;15.09.1973;0;3
NURILHIDA;3;5.02.1975;0;3
ZEVRIYE;3;26.06.1955;0;3
ESHE;3;13.02.1970;0;3
SAHRAMAN;3;27.10.1981;0;3
SISILYA;3;20.03.1972;0;3
ZAZI;3;22.08.1925;0;3
BELDEN;3;13.02.1982;0;3
HASVA;3;19.12.1955;0;3
SILHA;3;9.09.1963;0;3
ANNALISE;3;24.09.1984;0;3
ZERKO;3;9.09.1980;0;3
HELENI;3;20.04.1980;0;3
TUZAN;3;3.07.1971;0;3
NOFELI;3;29.12.1951;0;3
FILYEN;3;16.04.1985;0;3
MIREME;3;22.11.1974;0;3
MANSIYE;3;13.08.1972;0;3
SAHNAZE;3;14.06.1972;0;3
KEVUK;3;26.06.1971;0;3
BELEDIYE;3;21.02.1971;0;3
LUMA;3;4.04.1975;0;3
SALTANI;3;10.07.1966;0;3
ROSBIN;3;25.07.1981;0;3
BULE;3;18.05.1962;0;3
SUNIK;3;9.06.1962;0;3
CIVIN;3;30.10.1987;0;3
DEMSI;3;29.09.1967;0;3
GATI;3;20.08.1973;0;3
HASNAA;3;12.02.1987;0;3
SEVDETA;3;23.06.1981;0;3
MENCOL;3;13.01.1965;0;3
HALSA;3;9.07.1966;0;3
GEYYE;3;16.02.1953;0;3
YESILYAPRAK;3;18.12.1983;0;3
NUDEM;3;29.2.1990;0;3
NEFUSE;3;13.04.1970;0;3
ZIHRA;3;1.07.1948;0;3
ZAHRETE;3;12.02.1981;0;3
SOSIM;3;17.02.1972;0;3
DINDARI;3;12.02.1977;0;3
MUZLIFE;3;5.04.1954;0;3
LUKSA;3;17.01.1984;0;3
HAFSADI;3;20.02.1954;0;3
HAMYETE;3;28.03.1979;0;3
GULFERDE;3;6.10.1973;0;3
TEHIYET;3;28.02.1966;0;3
MASE;3;6.04.1963;0;3
ARIMA;3;19.02.1969;0;3
AMASYA;3;12.11.1974;0;3
SERKIYA;3;8.02.1960;0;3
FIRYAR;3;4.08.1983;0;3
SITERYA;3;18.04.1957;0;3
VALINA;3;5.08.1979;0;3
AYNEBE;3;20.06.1961;0;3
FIRYALA;3;4.08.1969;0;3
ILZA;3;11.01.1978;0;3
MUHRANIYE;3;4.07.1971;0;3
CIMENIYE;3;13.06.1983;0;3
LAMMA;3;14.08.1969;0;3
HISME;3;14.06.1959;0;3
KULISTAN;3;20.12.1973;0;3
PELKIZE;3;28.01.1986;0;3
ESRIHAN;3;26.08.1985;0;3
FAHMILE;3;17.09.1981;0;3
SAKIRHAN;3;11.10.1966;0;3
NARME;3;18.03.1977;0;3
METINA;3;10.06.1984;0;3
MUSTAHFIRA;3;20.10.1966;0;3
NISBIYE;3;10.11.1965;0;3
SILALA;3;28.04.1968;0;3
MAKBALE;3;4.03.1959;0;3
NESMIHAN;3;21.07.1987;0;3
SELALA;3;22.04.1985;0;3
SONYET;3;23.12.1976;0;3
RAYDE;3;27.11.1980;0;3
YEMENE;3;25.07.1970;0;3
KIRSTINA;3;17.02.1991;0;3
SEMRETE;3;23.12.1989;0;3
NUSEYBET;3;11.05.1979;0;3
NEZHATA;3;6.08.1976;0;3
BISTIN;3;11.04.1984;0;3
KAFIFE;3;4.06.1969;0;3
MEKSIYE;3;4.08.1973;0;3
YENISAH;3;19.11.1971;0;3
GHALIA;3;24.02.1986;0;3
ESFA;3;15.05.1967;0;3
HIFIN;3;11.09.1973;0;3
TASIMA;3;27.05.1982;0;3
TUTANYA;3;14.02.1991;0;3
KEVKEBI;3;26.04.1967;0;3
ACIRA;3;13.02.1976;0;3
AMISE;3;22.12.1960;0;3
DARICAN;3;6.03.1973;0;3
ESTIR;3;7.02.1980;0;3
JAQUELINE;3;2.03.1977;0;3
SALDA;3;27.08.1982;0;3
HATICI;3;30.10.1963;0;3
SAWSAN;3;8.12.1973;0;3
ZENEB;3;28.01.1982;0;3
SAMPERI;3;18.02.1980;0;3
MENNI;3;2.02.1947;0;3
FATUMI;3;12.02.1944;0;3
BELHO;3;27.2.650;0;3
SEMIRAM;3;19.06.1964;0;3
HUZNET;3;23.01.1956;0;3
IBNANIYE;3;18.06.1966;0;3
SIHRAN;3;22.01.1962;0;3
SOZANI;3;28.01.1958;0;3
ZUMEYREN;3;13.03.1969;0;3
TULIHAN;3;11.10.1980;0;3
MISMIYE;3;24.03.1969;0;3
LEYLAL;3;1.06.1973;0;3
RAMLE;3;27.11.1980;0;3
KULUFER;3;21.05.1946;0;3
MUTALE;3;24.03.1966;0;3
MUARRA;3;3.12.1948;0;3
ERCAH;3;30.09.1967;0;3
YAZANGUL;3;10.06.1961;0;3
OLUCAY;3;30.03.1975;0;3
SUBULAY;3;13.12.1970;0;3
NEMAL;3;7.10.1943;0;3
NAZANTI;3;22.07.1957;0;3
NEZIE;3;16.02.1960;0;3
MUTEALA;3;10.01.1958;0;3
EZILHAN;3;18.04.1961;0;3
BILE;3;26.12.1969;0;3
PIRLAY;3;1.06.1962;0;3
UGU;3;6.05.1943;0;3
SUAVIYE;3;22.02.1951;0;3
SIBELLA;3;8.03.1979;0;3
RAHMETIYE;3;4.07.1964;0;3
SENCEGUL;3;3.08.1962;0;3
MUMISE;3;14.12.1960;0;3
HURUYAN;3;22.02.1962;0;3
SAFERE;3;16.12.1949;0;3
FERHADIYE;3;24.05.1973;0;3
NUHUYE;3;13.12.1975;0;3
BEYHICE;3;1.03.1959;0;3
ZEHEYLA;3;22.10.1959;0;3
NEBAHAN;3;12.12.1963;0;3
MUMURE;3;12.03.1962;0;3
IMIYAN;3;18.02.1968;0;3
ULVET;3;7.12.1963;0;3
HADIA;3;17.07.1965;0;3
MUYUBE;3;6.09.1958;0;3
HAYRISAN;3;29.01.1956;0;3
ZINNIRE;3;1.06.1990;0;3
INAS;3;27.10.1946;0;3
FIDAMIYE;3;15.06.1954;0;3
GULESEL;3;24.01.1961;0;3
EYTUL;3;9.02.1966;0;3
LETAVET;3;28.04.1963;0;3
YAGSEMEN;3;25.07.1960;0;3
REDIMAN;3;12.03.1944;0;3
EYSANIYE;3;28.06.1963;0;3
MUABBER;3;20.02.1973;0;3
NURRA;3;21.07.1986;0;3
ELMASANA;3;11.09.1967;0;3
KANISE;3;25.01.1977;0;3
SELIF;3;18.12.1954;0;3
SEBIRAN;3;8.08.1960;0;3
MAFRUZE;3;15.05.1977;0;3
SELMIS;3;25.08.1949;0;3
FERMUNE;3;17.06.1962;0;3
AYISEANA;3;6.01.1951;0;3
ZILIYE;3;19.06.1949;0;3
IOLANDA;3;14.06.1955;0;3
UMUKULSUM;3;12.08.1968;0;3
PIYAZEL;3;30.04.1964;0;3
DURDUANA;3;9.04.1947;0;3
SUHABIYE;3;18.11.1979;0;3
MESURUYE;3;2.11.1953;0;3
SELBIYAN;3;16.06.1954;0;3
BIYCE;3;5.07.1979;0;3
SEBLE;3;14.04.1969;0;3
REBIKA;3;30.11.1971;0;3
HAKNIYET;3;28.03.1975;0;3
LADIKE;3;3.04.1978;0;3
DONGER;3;21.04.1975;0;3
KEZIYBAN;3;4.06.1972;0;3
MILIHA;3;9.05.1968;0;3
SULUYA;3;18.09.1960;0;3
MAKIRE;3;19.06.1959;0;3
EDANIYE;3;14.09.1946;0;3
MAVIZAR;3;17.11.1965;0;3
ZELICE;3;14.04.1960;0;3
HIDASIYE;3;8.11.1962;0;3
ALISANE;3;12.04.1971;0;3
ISMIHANE;3;3.11.1962;0;3
GULSEMAY;3;2.12.1979;0;3
KEKUL;3;23.02.1960;0;3
GURCINE;3;7.02.1967;0;3
HAVAYIS;3;20.08.1950;0;3
SIRBAN;3;23.08.1967;0;3
SEHRIZ;3;6.03.1970;0;3
SUDUDE;3;8.09.1962;0;3
SAYNUL;3;6.12.1968;0;3
LYNDA;3;3.09.1959;0;3
ZELMA;3;22.04.1962;0;3
JENICA;3;25.07.1979;0;3
NERVIZ;3;26.09.1954;0;3
SAIYME;3;22.07.1961;0;3
MELLIYE;3;18.07.1935;0;3
TAMASHA;3;13.12.1962;0;3
ADELYA;3;4.02.1982;0;3
EJDAL;3;4.10.1959;0;3
FERDALIYE;3;14.11.1951;0;3
HUMAK;3;26.12.1937;0;3
FELIZE;3;28.06.1957;0;3
MAHFARET;3;23.10.1957;0;3
NEHAYAT;3;11.02.1951;0;3
MECHULE;3;12.02.1967;0;3
SERMINAY;3;23.09.1980;0;3
GULDUVAN;3;5.02.1963;0;3
NARIZER;3;17.02.1971;0;3
GULVARDI;3;18.04.1968;0;3
SAIDEN;3;5.01.1963;0;3
SAYDEN;3;25.08.1963;0;3
ZEYLIYE;3;4.12.1976;0;3
SANDI;3;7.06.1976;0;3
CEZARINA;3;24.03.1964;0;3
PATAK;3;28.08.1962;0;3
MURHADIYE;3;10.06.1984;0;3
ZULHAYE;3;28.03.1970;0;3
OZLUM;3;11.06.1981;0;3
GULHAKIYE;3;21.09.1959;0;3
REVIZE;3;8.06.1952;0;3
GULSAMIYE;3;3.11.1963;0;3
NAVISE;3;8.03.1957;0;3
MURSEM;3;5.08.1962;0;3
SERPILEN;3;9.04.1965;0;3
MAGULE;3;9.02.1957;0;3
HUZEYMAN;3;30.08.1973;0;3
SAHISLIM;3;24.07.1945;0;3
KATIPE;3;16.09.1966;0;3
BAFIRE;3;13.11.1946;0;3
GUNSEVIL;3;27.05.1956;0;3
MULKE;3;20.07.1956;0;3
LILY;3;30.05.1971;0;3
SAFARE;3;22.01.1959;0;3
ECEMNAZ;3;1.05.1991;0;3
ISSIL;3;17.05.1961;0;3
SAYIDEN;3;2.10.1973;0;3
MULTEM;3;2.11.1975;0;3
TEYFIKE;3;24.07.1959;0;3
MEVVA;3;28.06.1972;0;3
ZULHUMAN;3;6.11.1966;0;3
SUZIYEN;3;9.02.1960;0;3
ZOLA;3;23.02.1955;0;3
BEZZA;3;17.10.1980;0;3
NISARE;3;26.09.1952;0;3
GULLIYA;3;9.06.1945;0;3
MULHINAZ;3;17.06.1951;0;3
RASINE;3;24.11.1960;0;3
VEYSELE;3;22.09.1955;0;3
SABIYEN;3;20.06.1954;0;3
KULSEREN;3;11.11.1946;0;3
GULCIYAN;3;9.10.1966;0;3
FILDA;3;11.05.1978;0;3
MEVRUDIYE;3;6.01.1952;0;3
NUCAY;3;7.05.1970;0;3
NAZMIA;3;19.08.1949;0;3
YEPELEK;3;25.05.1972;0;3
MUZZEYYAN;3;23.12.1965;0;3
MAHGULE;3;5.09.1962;0;3
JORA;3;6.02.1955;0;3
GUGULI;3;10.03.1959;0;3
SUHOYLA;3;13.03.1955;0;3
NURTEREN;3;13.01.1963;0;3
NILIVER;3;22.08.1965;0;3
ACTI;3;26.09.1960;0;3
YADIKARE;3;17.01.1959;0;3
SINAMIYE;3;6.03.1951;0;3
MERMINE;3;11.11.1955;0;3
ZUBEYYE;3;28.10.1977;0;3
ZULPIYE;3;1.11.1977;0;3
DOSKUDA;3;5.04.1948;0;3
REKIFE;3;21.06.1962;0;3
SULIDE;3;11.01.1977;0;3
MUADET;3;10.07.1958;0;3
SAGZIYE;3;29.09.1951;0;3
MUASER;3;21.04.1963;0;3
NEMUK;3;5.12.1967;0;3
MURSIME;3;1.08.1966;0;3
NURHAVVA;3;16.01.1972;0;3
TUNE;3;10.01.1964;0;3
MUNTAHAN;3;11.08.1957;0;3
HAVIK;3;6.09.1950;0;3
FIDRES;3;3.08.1955;0;3
SUKIYE;3;19.06.1953;0;3
FAHME;3;22.10.1955;0;3
ZIRSAN;3;4.09.1971;0;3
NEVILAN;3;12.12.1955;0;3
BEYZANE;3;29.07.1950;0;3
MEBUBE;3;28.06.1956;0;3
KERIBAL;3;20.02.1958;0;3
FAFU;3;1.01.1967;0;3
MEHFURE;3;21.06.1964;0;3
MUSABBIHA;3;23.01.1937;0;3
YAKIBE;3;10.10.1969;0;3
NAZLIKA;3;1.11.1945;0;3
SURMIKA;3;23.04.1961;0;3
SUGLA;3;22.03.1962;0;3
HISABE;3;2.01.1960;0;3
ERFIZE;3;12.01.1956;0;3
TACE;3;4.08.1962;0;3
SEYNEM;3;8.10.1982;0;3
ILMIHA;3;4.10.1958;0;3
ZENNAHAR;3;12.10.1959;0;3
VEDAAT;3;2.02.1945;0;3
SAHIMAN;3;26.02.1954;0;3
MUSLIMEN;3;4.04.1976;0;3
CEYHUDE;3;16.02.1962;0;3
MUNTEHER;3;29.05.1961;0;3
ZENNIGUL;3;11.02.1952;0;3
FIRIYE;3;13.02.1953;0;3
REFILE;3;12.07.1941;0;3
GULCEMEN;3;24.09.1983;0;3
AYNIYAT;3;11.11.1953;0;3
MUSERREV;3;15.09.1960;0;3
FIDIRET;3;30.11.1969;0;3
NIHADET;3;17.03.1950;0;3
SIVEZER;3;15.11.1931;0;3
NETINCE;3;18.10.1967;0;3
SEMIAL;3;28.05.1953;0;3
SERMIHA;3;25.03.1969;0;3
ECRA;3;3.01.1989;0;3
SELATIYE;3;30.06.1966;0;3
BUNUR;3;30.04.1977;0;3
ZILAFET;3;22.06.1943;0;3
DAMLACAN;3;20.12.1987;0;3
SEVILAL;3;17.11.1967;0;3
CAKIRKIZ;3;1.05.1949;0;3
HULGIYE;3;21.10.1954;0;3
NESNIYE;3;10.12.1964;0;3
YASIMAN;3;30.06.1974;0;3
NUKKET;3;11.11.1962;0;3
ILANUR;3;9.07.1952;0;3
TUGUBA;3;16.11.1981;0;3
SUSENDER;3;26.11.1951;0;3
SEVKAL;3;25.12.1962;0;3
HULYANUR;3;2.08.1976;0;3
MUHASEBE;3;22.07.1955;0;3
RAFIFE;3;20.12.1945;0;3
MAYFIRE;3;22.07.1954;0;3
MUVLET;3;17.07.1961;0;3
MUHATTES;3;18.02.1962;0;3
SIHET;3;27.07.1955;0;3
GULLEC;3;19.09.1963;0;3
ZEHNISAN;3;1.05.1961;0;3
EVRAHATUN;3;21.10.1966;0;3
RASIFE;3;9.08.1979;0;3
SENDANE;3;2.09.1964;0;3
REDIHA;3;2.10.1955;0;3
TUBAHATUN;3;8.04.1977;0;3
SEZERGUL;3;28.06.1978;0;3
LEVHIZE;3;4.07.1949;0;3
MAHUZAR;3;6.12.1950;0;3
PAMUKGUL;3;14.11.1977;0;3
ZEYNISAH;3;2.08.1962;0;3
FEYZUNUR;3;1.05.1959;0;3
MEZITE;3;3.01.1954;0;3
TONTUL;3;25.11.1946;0;3
NEHEL;3;27.08.1952;0;3
ZENILE;3;21.06.1942;0;3
RICALE;3;25.05.1954;0;3
FAGIYE;3;2.09.1975;0;3
SAHSENAM;3;24.08.1949;0;3
DILNIYAZ;3;10.01.1966;0;3
SUVENDER;3;30.07.1952;0;3
GULHADUN;3;6.05.1961;0;3
NEVGUZEL;3;3.11.1947;0;3
NEME;3;2.04.1947;0;3
DURSENE;3;14.08.1964;0;3
SEVGICE;3;5.07.1956;0;3
RUFUYE;3;3.02.1969;0;3
SECKINE;3;9.05.1959;0;3
FENNURE;3;6.06.1964;0;3
SECILNUR;3;1.09.1989;0;3
AFILI;3;18.03.1949;0;3
MEVZURE;3;20.12.1967;0;3
FETIYA;3;10.09.1966;0;3
NAMISE;3;3.06.1963;0;3
TULCEN;3;20.03.1968;0;3
GUNEYIN;3;5.10.1971;0;3
EDAY;3;29.11.1980;0;3
NIZIHA;3;22.09.1965;0;3
PIRCIHAN;3;9.05.1959;0;3
SULTANHANIM;3;19.01.1960;0;3
SECDAN;3;12.02.1967;0;3
FEMA;3;26.10.1963;0;3
ZURIYYET;3;11.04.1936;0;3
SEHIBAN;3;24.05.1955;0;3
BAKIYYE;3;2.10.1939;0;3
GULNEBAT;3;9.11.1963;0;3
YASENBUL;3;21.07.1964;0;3
CENBIYE;3;8.11.1958;0;3
ASUNA;3;11.01.1972;0;3
SURRUYE;3;14.09.1948;0;3
MEPUSE;3;18.07.1959;0;3
VEFIKE;3;17.05.1957;0;3
MURYEN;3;23.05.1962;0;3
NUBEYNE;3;18.12.1972;0;3
TUCIN;3;30.07.1984;0;3
ZULHUCE;3;20.08.1964;0;3
IZMILE;3;22.12.1957;0;3
GULNURA;3;4.08.1981;0;3
LIVAYE;3;1.04.1946;0;3
UMMUGULHAN;3;15.11.1976;0;3
ZERNA;3;6.03.1984;0;3
GULDUM;3;9.04.1957;0;3
SALMET;3;6.09.1933;0;3
SILVARD;3;16.09.1960;0;3
PEHRUZE;3;10.06.1963;0;3
NOKTANUR;3;19.03.1977;0;3
GIZEL;3;27.07.1974;0;3
USARE;3;14.07.1954;0;3
NEVZEGUL;3;2.09.1952;0;3
YATER;3;9.03.1980;0;3
FEYINAZ;3;16.12.1978;0;3
LAHUZE;3;3.02.1957;0;3
FIDAIYE;3;22.05.1944;0;3
LALUPE;3;1.01.1955;0;3
SUMBIYE;3;19.09.1972;0;3
ZEYCANE;3;26.12.1957;0;3
SITGIYE;3;28.11.1969;0;3
JANSEL;3;8.09.1976;0;3
HUMAYAN;3;1.02.1946;0;3
KANURE;3;1.06.1947;0;3
NECLAHAT;3;20.06.1962;0;3
SUHANDER;3;20.04.1980;0;3
SEVSENE;3;25.01.1957;0;3
PEKRAN;3;12.06.1961;0;3
MAAFIYE;3;25.09.1942;0;3
SUDAYET;3;10.08.1956;0;3
ZEYTEN;3;23.11.1963;0;3
OZLENUR;3;25.08.1983;0;3
SONSERAY;3;2.12.1963;0;3
GULUNNAZ;3;28.11.1963;0;3
BANIHAN;3;21.04.1945;0;3
LUKIYE;3;4.06.1970;0;3
IFTADA;3;18.10.1949;0;3
TURNEY;3;8.09.1967;0;3
BERIAN;3;17.11.1958;0;3
SEVDEHAN;3;14.12.1970;0;3
SUDAT;3;26.12.1964;0;3
GULEVVER;3;4.08.1955;0;3
MAHBIKER;3;22.05.1961;0;3
MEISER;3;23.04.1955;0;3
MADURE;3;12.08.1971;0;3
REZIYA;3;18.03.1954;0;3
RUKAYE;3;20.09.1976;0;3
HASIYNE;3;15.11.1962;0;3
NECBURE;3;26.09.1948;0;3
HESABIYE;3;5.04.1953;0;3
FEHRIMAN;3;29.04.1976;0;3
SAKRIYE;3;26.03.1966;0;3
NATIGE;3;8.04.1969;0;3
MARETA;3;18.11.1960;0;3
NARGIZI;3;10.05.1954;0;3
SEVIYYEN;3;13.11.1957;0;3
GULUNA;3;26.06.1970;0;3
INCILAL;3;22.10.1963;0;3
IZGAN;3;21.06.1955;0;3
NESLIPAK;3;1.07.1945;0;3
NERIFE;3;2.06.1960;0;3
CURIDE;3;1.10.1944;0;3
ARFI;3;26.09.1967;0;3
NILPER;3;17.04.1984;0;3
CAKIRA;3;10.09.1928;0;3
DURRUSAHVER;3;6.01.1942;0;3
NALMEZ;3;15.04.1948;0;3
SEMIHANUR;3;2.04.1983;0;3
FILHAYAT;3;12.02.1965;0;3
KASIYE;3;19.05.1962;0;3
CEMMIYE;3;5.10.1975;0;3
SUNAYE;3;23.04.1962;0;3
ZELNISAN;3;11.11.1950;0;3
FILLIYET;3;25.11.1950;0;3
BEDIAI;3;22.10.1954;0;3
FIGAY;3;25.12.1976;0;3
GULAYDE;3;16.10.1965;0;3
HARUZE;3;23.01.1951;0;3
MINERIYE;3;12.10.1962;0;3
ANSET;3;21.03.1945;0;3
TACISAR;3;8.10.1948;0;3
MUHARREMIYE;3;25.10.1952;0;3
TEVIDIYE;3;5.11.1962;0;3
ZEHRAMIS;3;25.03.1974;0;3
SARFIRAZ;3;18.01.1967;0;3
MISKADUN;3;2.12.1965;0;3
NEVRESTEN;3;13.05.1948;0;3
MUHTENE;3;27.10.1962;0;3
HOLYA;3;16.08.1975;0;3
HURSES;3;18.09.1978;0;3
GUZEMEN;3;25.06.1958;0;3
EMRUGUL;3;19.06.1966;0;3
JANSEREY;3;6.01.1984;0;3
SAFICE;3;16.02.1951;0;3
MURZADE;3;29.05.1959;0;3
SUETLANA;3;14.12.1969;0;3
HALIMSE;3;6.12.1969;0;3
GUNLUR;3;3.08.1972;0;3
IDAYE;3;2.09.1932;0;3
CEMAILE;3;7.05.1968;0;3
ZADEGUL;3;4.12.1978;0;3
GULIKAN;3;19.01.1976;0;3
NECIYBE;3;2.07.1953;0;3
MUHASSER;3;24.06.1959;0;3
MAHRUZA;3;9.10.1960;0;3
ZIYADET;3;16.04.1957;0;3
ESNIYE;3;22.10.1969;0;3
EVINAY;3;28.09.1982;0;3
YAZIY;3;15.05.1953;0;3
NUBIN;3;27.07.1984;0;3
ALIYENUR;3;29.09.1974;0;3
CIMSIR;3;11.11.1945;0;3
MUCESSEL;3;19.01.1977;0;3
SAHKIZ;3;5.05.1945;0;3
BEDRUK;3;10.02.1959;0;3
HUDAME;3;27.01.1956;0;3
IFTALIYE;3;3.07.1955;0;3
LEBIHAN;3;7.05.1963;0;3
YELSIN;3;3.08.1969;0;3
NALANGUL;3;16.06.1970;0;3
GUZE;3;12.07.1944;0;3
SOLMA;3;16.06.1968;0;3
SEVIH;3;10.08.1963;0;3
SULHUYA;3;5.06.1967;0;3
BACAN;3;23.06.1961;0;3
GULSARIYE;3;29.07.1972;0;3
ADILET;3;29.03.1954;0;3
TUGBIYE;3;6.01.1977;0;3
MUNCIFE;3;22.03.1962;0;3
NAZIYKE;3;17.08.1946;0;3
SEFIGUL;3;28.12.1951;0;3
HANDEY;3;30.12.1933;0;3
HIDIYET;3;6.05.1961;0;3
GULKES;3;12.09.1948;0;3
HOSEY;3;1.10.1948;0;3
MEBIRE;3;7.07.1940;0;3
NISMET;3;5.01.1970;0;3
GUMRA;3;11.10.1982;0;3
IKLAN;3;17.01.1971;0;3
HULBUZ;3;26.06.1955;0;3
SUZENBER;3;8.01.1959;0;3
ZAREY;3;23.02.1944;0;3
GELISIM;3;27.02.1985;0;3
NAYISE;3;20.08.1951;0;3
PEYKIYE;3;9.03.1954;0;3
GULENDANE;3;9.03.1960;0;3
KADDES;3;15.11.1950;0;3
HASIBET;3;7.04.1944;0;3
NAZIMGUL;3;27.02.1950;0;3
NURUSE;3;19.05.1957;0;3
NURSELE;3;14.03.1970;0;3
YADIME;3;19.02.1959;0;3
CANSERAY;3;21.06.1972;0;3
AYZENET;3;19.04.1944;0;3
SULESEN;3;7.07.1978;0;3
GULFIRIZ;3;1.02.1967;0;3
KERSTIN;3;22.10.1966;0;3
MUKBULE;3;12.01.1978;0;3
TILFINAZ;3;14.12.1949;0;3
ELIFHATUN;3;30.04.1974;0;3
HAFUZA;3;30.11.1969;0;3
PERSIYA;3;20.09.1975;0;3
SEPIN;3;8.05.1977;0;3
YILISEN;3;26.01.1969;0;3
ZEYCANI;3;19.09.1959;0;3
SAHIDAT;3;7.8.1299;0;3
ERICA;3;9.08.1954;0;3
NISAGUL;3;18.08.1972;0;3
SAHARGUL;3;19.01.1948;0;3
BADEY;3;8.04.1960;0;3
GULSUMUN;3;20.02.1983;0;3
RUFIGUL;3;25.07.1970;0;3
MINKER;3;12.07.1967;0;3
AYSEPINAR;3;27.11.1986;0;3
NEFNE;3;2.05.1984;0;3
SELMATA;3;25.05.1967;0;3
AMENTU;3;5.02.1958;0;3
LESTIHAN;3;30.06.1973;0;3
LIVEYDE;3;2.04.1967;0;3
SEYFIRE;3;23.07.1966;0;3
SUDUS;3;25.12.1953;0;3
GULNABIYE;3;24.10.1943;0;3
UHRUC;3;13.01.1953;0;3
SAFAYDIN;3;23.01.1969;0;3
SEMAHIYE;3;17.06.1959;0;3
SAVAY;3;21.01.1967;0;3
SADEHAN;3;17.05.1971;0;3
MUNEYYA;3;14.08.1971;0;3
EFSU;3;9.10.1974;0;3
GULMESE;3;9.06.1977;0;3
FEHRUNDE;3;9.12.1955;0;3
URFINAZ;3;6.08.1949;0;3
MEVRESTE;3;23.08.1944;0;3
MINTANE;3;25.01.1955;0;3
ZULBIDE;3;24.08.1954;0;3
ARIYFE;3;26.09.1962;0;3
SASENEM;3;18.03.1956;0;3
NEZELI;3;7.07.1967;0;3
PENPELI;3;15.12.1968;0;3
NAMUGA;3;20.05.1957;0;3
ZADELI;3;19.04.1959;0;3
VEZUHA;3;16.12.1947;0;3
ZERDEGUL;3;11.01.1968;0;3
NURSEDE;3;28.01.1976;0;3
ESAMIYE;3;1.04.1953;0;3
HUSMUYE;3;24.09.1958;0;3
HACISER;3;6.04.1963;0;3
ULVERDE;3;22.01.1957;0;3
FETICE;3;21.02.1948;0;3
SUNNUYE;3;20.04.1959;0;3
ERISAL;3;23.09.1948;0;3
NEZEHAN;3;29.08.1948;0;3
LAHIZER;3;25.11.1966;0;3
SAVIC;3;4.09.1965;0;3
EVLIDE;3;10.07.1966;0;3
HAZIRA;3;30.08.1940;0;3
HIDASE;3;7.08.1970;0;3
UMMIYA;3;23.12.1962;0;3
UDAYE;3;19.10.1952;0;3
HUDASER;3;18.08.1965;0;3
GULUMER;3;28.05.1958;0;3
MEHBIYE;3;3.09.1964;0;3
GULZEYDE;3;19.12.1957;0;3
AKDER;3;25.10.1951;0;3
BULGE;3;7.02.1956;0;3
UFUDIYE;3;29.04.1952;0;3
ZEYNIFER;3;27.08.1970;0;3
GULFANE;3;4.06.1949;0;3
RATIBA;3;10.06.1958;0;3
ZEREF;3;21.05.1965;0;3
PEYGUL;3;29.04.1963;0;3
ACARYA;3;1.10.1980;0;3
NAZLIYAN;3;10.10.1959;0;3
SEVINIR;3;15.10.1962;0;3
ZEKIYENUR;3;21.02.1986;0;3
BIRAYE;3;12.09.1971;0;3
PERITAN;3;7.11.1970;0;3
ZUREYFE;3;8.01.1954;0;3
SERPINAR;3;17.01.1967;0;3
TUTKE;3;2.01.1961;0;3
HURUZUYE;3;15.02.1955;0;3
GULZUHRE;3;25.09.1962;0;3
ZAMANGUL;3;21.03.1967;0;3
PEHLUZE;3;29.01.1950;0;3
HANIYFE;3;1.02.1961;0;3
MINDIYE;3;18.10.1961;0;3
FAIMAN;3;20.09.1944;0;3
OGULSABIR;3;8.08.1967;0;3
SEHRAGUL;3;23.08.1951;0;3
OGULMURAT;3;8.01.1961;0;3
OGULCUMA;3;9.08.1966;0;3
NURYAL;3;20.11.1977;0;3
SAIHAT;3;12.09.1953;0;3
SEZENNUR;3;1.05.1975;0;3
SAHNAGUL;3;2.04.1970;0;3
EFRUME;3;7.05.1978;0;3
KEBIRHAN;3;2.05.1959;0;3
SEVHURE;3;15.08.1974;0;3
KUTMU;3;29.03.1962;0;3
PERDANIYE;3;30.03.1964;0;3
ANURE;3;12.11.1970;0;3
DOMIYE;3;30.05.1958;0;3
SABILET;3;16.09.1946;0;3
MURAFIYE;3;22.09.1954;0;3
EKIBE;3;11.07.1966;0;3
SASNE;3;30.09.1947;0;3
GULZARIF;3;10.09.1953;0;3
FENIHA;3;11.02.1971;0;3
TABIHA;3;25.11.1990;0;3
MENZUNIYE;3;18.06.1959;0;3
GULANDI;3;28.08.1960;0;3
MILLETHAN;3;15.09.1948;0;3
FITMET;3;14.04.1945;0;3
BIBISIRIN;3;23.10.1968;0;3
OGULBEY;3;29.2.1969;0;3
ZIYAGUL;3;10.10.1968;0;3
OGULEKE;3;26.11.1970;0;3
NADIT;3;3.02.1947;0;3
URUKYE;3;13.08.1942;0;3
HABIZET;3;12.07.1965;0;3
MEYSARA;3;1.06.1957;0;3
SEMENI;3;3.01.1965;0;3
NESDEREN;3;6.03.1976;0;3
GULFISNE;3;8.12.1973;0;3
HASKIS;3;24.05.1962;0;3
SEVGILER;3;6.08.1956;0;3
GULIRMAN;3;25.11.1969;0;3
SEMUK;3;6.12.1949;0;3
NURISTE;3;25.02.1973;0;3
GULRUHI;3;2.06.1958;0;3
ZAHINE;3;10.07.1972;0;3
ILSUN;3;1.10.1977;0;3
MINSER;3;3.08.1961;0;3
MISINE;3;10.10.1963;0;3
SAYIKE;3;27.09.1948;0;3
MEGFURE;3;11.02.1950;0;3
SEVIMKAR;3;18.01.1968;0;3
LUIDMILA;3;11.05.1975;0;3
HULLE;3;22.12.1978;0;3
HATUNCIK;3;3.12.1961;0;3
SAGINE;3;7.03.1958;0;3
SERMAHAN;3;7.12.1972;0;3
NURCUK;3;13.01.1974;0;3
SEBAVET;3;23.01.1955;0;3
MUDAHERE;3;1.09.1964;0;3
PIRGUL;3;23.06.1974;0;3
SENEME;3;29.05.1968;0;3
MUHIBER;3;2.02.1943;0;3
KIFAIAT;3;8.04.1958;0;3
OMIHAN;3;15.11.1977;0;3
TAYIME;3;18.12.1966;0;3
CEMSIDE;3;4.12.1957;0;3
ILEYDA;3;16.08.1987;0;3
SEFIKAN;3;14.03.1953;0;3
SEVIMGAR;3;13.08.1965;0;3
KICI;3;4.04.1953;0;3
GULUR;3;10.03.1950;0;3
TONBULA;3;19.08.1958;0;3
NIKAHBAN;3;24.09.1940;0;3
ZULLEYHA;3;23.12.1978;0;3
SANIYEN;3;22.09.1961;0;3
PAMIK;3;22.04.1947;0;3
GULBINAR;3;23.04.1973;0;3
GULSANS;3;5.04.1969;0;3
ASMUL;3;24.10.1970;0;3
MENFIRE;3;21.01.1955;0;3
MAKSUTE;3;18.10.1949;0;3
SEHRIYAZ;3;8.06.1944;0;3
MINISER;3;7.11.1959;0;3
DUMBULA;3;26.10.1957;0;3
ELVEREN;3;14.09.1964;0;3
SELCANE;3;20.05.1959;0;3
SAGVER;3;26.10.1954;0;3
GUNTEL;3;17.10.1958;0;3
MEGMURE;3;13.05.1962;0;3
ELBAHAT;3;18.12.1972;0;3
ZAHITE;3;22.01.1969;0;3
KIBRISE;3;1.11.1966;0;3
NURTA;3;14.02.1957;0;3
SAHTANE;3;24.08.1949;0;3
KADINHAN;3;11.05.1951;0;3
NERFIN;3;9.06.1970;0;3
GIULI;3;18.11.1960;0;3
ZINYAT;3;28.07.1971;0;3
OKSAM;3;1.05.1979;0;3
MUHSUNIYE;3;24.10.1958;0;3
DOGANNUR;3;28.02.1958;0;3
KEFAYE;3;12.07.1948;0;3
NURBERK;3;2.04.1990;0;3
GUNNEY;3;12.11.1944;0;3
YUCANUR;3;30.08.1963;0;3
NURMAHAN;3;26.12.1973;0;3
IHNUR;3;26.05.1969;0;3
CEMREGUL;3;5.06.1990;0;3
SURAIA;3;3.05.1960;0;3
DURNERE;3;21.04.1946;0;3
AYSHAT;3;3.05.1972;0;3
MEDEA;3;8.02.1960;0;3
HENNANE;3;23.06.1960;0;3
MELIKI;3;13.05.1954;0;3
KICAN;3;7.02.1966;0;3
RUHINA;3;24.01.1975;0;3
SERNEVAZ;3;10.12.1962;0;3
NEBIYYA;3;29.04.1976;0;3
SUSANN;3;23.04.1969;0;3
SEIDA;3;2.04.1954;0;3
OMRUNISA;3;1.03.1952;0;3
FIRKEN;3;6.03.1968;0;3
REYIHAN;3;23.03.1955;0;3
NAMSER;3;8.06.1950;0;3
CEZMENUR;3;9.11.1966;0;3
ILCEM;3;14.06.1990;0;3
MILIKE;3;12.01.1953;0;3
SUMEYNE;3;20.09.1988;0;3
VELIHE;3;24.01.1946;0;3
NEVRUN;3;6.10.1949;0;3
MERNUN;3;6.04.1959;0;3
AYSENURGUL;3;30.06.1978;0;3
VEKILA;3;16.06.1968;0;3
BAGDAN;3;6.05.1970;0;3
ARINA;3;17.12.1976;0;3
MENSUNE;3;18.04.1960;0;3
EMRIHA;3;13.05.1968;0;3
NUBEYDA;3;12.06.1969;0;3
ULMUHAN;3;21.09.1973;0;3
MAVES;3;13.06.1953;0;3
MESHULE;3;19.10.1957;0;3
NERMIYEN;3;21.09.1954;0;3
ATALET;3;14.11.1972;0;3
ENINE;3;1.04.1985;0;3
AYNIR;3;25.01.1964;0;3
AYBIKEN;3;3.08.1978;0;3
ENIL;3;9.10.1982;0;3
YETTILE;3;10.05.1937;0;3
MEHDINE;3;17.03.1970;0;3
ILKIS;3;8.10.1959;0;3
KUMA;3;12.06.1931;0;3
SAPGUL;3;15.02.1959;0;3
LATINE;3;29.07.1954;0;3
DILSEVER;3;30.06.1981;0;3
YULFER;3;19.07.1960;0;3
AGZUN;3;20.03.1937;0;3
EMILA;3;10.10.1960;0;3
SARIBA;3;22.09.1958;0;3
MECBUDE;3;13.12.1976;0;3
HIVEL;3;30.12.1987;0;3
GIYABI;3;2.12.1955;0;3
NADICE;3;22.09.1959;0;3
SUREYEN;3;25.10.1967;0;3
ISTIRAHAT;3;19.10.1963;0;3
GULFERDA;3;2.04.1982;0;3
ZEYINI;3;22.06.1908;0;3
HADICAN;3;23.12.1923;0;3
UMRUYA;3;4.08.1971;0;3
MAKBULAH;3;11.03.1956;0;3
VILIK;3;2.08.1949;0;3
PERGIZAR;3;21.12.1961;0;3
CULE;3;30.07.1934;0;3
DILIFE;3;4.11.1933;0;3
DILEZ;3;15.07.1988;0;3
GULZEMIL;3;27.02.1958;0;3
DILFE;3;14.06.1925;0;3
MERHEMET;3;4.10.1965;0;3
HEYVE;3;25.03.1965;0;3
GULLUBAHAR;3;17.04.1967;0;3
ZUNNURE;3;17.01.1962;0;3
BERMALI;3;23.08.1965;0;3
HEYIF;3;21.05.1948;0;3
BILAHS;3;17.04.1946;0;3
FEDIHE;3;26.01.1969;0;3
GULLISOR;3;10.08.1974;0;3
ZEFERAN;3;2.12.1947;0;3
TAMICAN;3;3.08.1974;0;3
GULUSUR;3;25.03.1960;0;3
LEMIE;3;28.01.1954;0;3
FERRAY;3;14.08.1977;0;3
GEZGUL;3;23.07.1971;0;3
NESLICIHAN;3;14.06.1974;0;3
RIBABE;3;29.09.1945;0;3
LAHIKE;3;28.05.1986;0;3
VERINE;3;19.10.1967;0;3
MARUSE;3;15.04.1943;0;3
KOBAR;3;20.09.1952;0;3
HANZO;3;22.11.1954;0;3
FEREHDIBA;3;20.05.1970;0;3
HALIMCAN;3;1.08.1983;0;3
KETTAN;3;2.05.1955;0;3
BIBILCAN;3;14.11.1969;0;3
TONHAZAR;3;18.02.1974;0;3
BALYA;3;20.08.1949;0;3
FIRIKET;3;30.11.1973;0;3
FEYRURI;3;11.10.1967;0;3
MINADIYA;3;7.07.1967;0;3
AGIDE;3;19.01.1961;0;3
HUSNIMELEK;3;6.01.1972;0;3
GESI;3;20.12.1956;0;3
IRANHANIM;3;2.02.1979;0;3
HEYRATI;3;9.02.1965;0;3
MUNEDYA;3;16.07.1978;0;3
HORISAN;3;14.04.1971;0;3
MENIDE;3;17.09.1964;0;3
ATLES;3;22.09.1963;0;3
SUBHET;3;19.02.1971;0;3
AYSANGUL;3;26.02.1970;0;3
NECEBET;3;7.07.1978;0;3
HAYRATI;3;8.03.1943;0;3
GULHICE;3;18.04.1966;0;3
BILEHSAH;3;11.07.1964;0;3
HAZARAN;3;5.07.1956;0;3
ELIFLEYLA;3;12.12.1969;0;3
CIDAYET;3;25.09.1980;0;3
RAVZET;3;28.06.1975;0;3
MEHPULE;3;24.09.1963;0;3
TURYE;3;28.12.1971;0;3
SAKIRZADE;3;17.12.1972;0;3
UMRETE;3;27.01.1971;0;3
MANZULE;3;20.09.1974;0;3
ZUMURAY;3;6.03.1976;0;3
MUVADDET;3;11.09.1966;0;3
SAZIMA;3;29.01.1971;0;3
MUTEZIN;3;24.09.1973;0;3
HEDEM;3;20.11.1975;0;3
SEVHIYAT;3;23.12.1954;0;3
GEGI;3;13.03.1932;0;3
BIZA;3;18.06.1931;0;3
MUMADIYE;3;11.03.1938;0;3
NEVIZA;3;22.03.1962;0;3
MUBBECEL;3;25.02.1976;0;3
HAZIDE;3;7.05.1952;0;3
YILDAZ;3;7.05.1985;0;3
SAVGUL;3;22.04.1966;0;3
MAZULET;3;14.08.1969;0;3
GULCEMIL;3;12.02.1966;0;3
UMULKELSUM;3;18.08.1971;0;3
CIFTEHAS;3;21.03.1953;0;3
ULKA;3;24.01.1963;0;3
SANU;3;1.02.1971;0;3
ZULHADE;3;17.08.1973;0;3
AYGULU;3;10.04.1974;0;3
BURUL;3;2.11.1980;0;3
BESBIBI;3;27.08.1974;0;3
BAZARHAN;3;24.10.1967;0;3
BEHRIYA;3;13.11.1979;0;3
GULBIHAR;3;27.07.1957;0;3
DOGUDAN;3;24.04.1974;0;3
BUSEYDE;3;13.08.1963;0;3
AKBET;3;8.05.1977;0;3
FAKIBE;3;11.02.1960;0;3
BILEKSAH;3;14.10.1979;0;3
ILTIFA;3;27.11.1968;0;3
SUREYRA;3;30.12.1974;0;3
SEMAKI;3;28.06.1957;0;3
MUFRUDE;3;13.10.1966;0;3
HANAY;3;26.09.1983;0;3
BERHUZAR;3;29.05.1939;0;3
GULSOR;3;15.01.1965;0;3
HIMAIL;3;26.10.1965;0;3
MISRIME;3;9.10.1964;0;3
HURISINEM;3;22.10.1964;0;3
TEMRIZ;3;23.10.1955;0;3
GULAVTUN;3;8.04.1961;0;3
PABUK;3;21.07.1961;0;3
ZUHRIYA;3;21.01.1962;0;3
MUYEZEM;3;27.07.1968;0;3
MEJBULE;3;29.10.1971;0;3
FELEKCAN;3;8.12.1958;0;3
BAHIRIYE;3;5.02.1962;0;3
FEYFURA;3;26.12.1963;0;3
SELVIHA;3;14.03.1974;0;3
GECICE;3;29.03.1966;0;3
MARAKIYE;3;19.09.1958;0;3
FERHICAN;3;18.09.1937;0;3
BEHYIYE;3;3.11.1976;0;3
FEVLUKA;3;28.07.1976;0;3
SAHASTA;3;22.02.1955;0;3
TOSON;3;14.05.1958;0;3
HALEME;3;15.09.1977;0;3
ETYIMEZ;3;19.08.1967;0;3
ARABIZENGI;3;20.11.1959;0;3
NECIBAT;3;7.03.1966;0;3
HURUZADE;3;21.02.1973;0;3
MUNNAVER;3;4.07.1983;0;3
FADIDE;3;19.11.1956;0;3
NURHALIYE;3;17.02.1977;0;3
ETIME;3;11.06.1965;0;3
HULKIYET;3;27.02.1962;0;3
ARISTE;3;1.03.1961;0;3
TENTENE;3;6.08.1949;0;3
NAZALIN;3;15.03.1949;0;3
SAHNEGUL;3;14.12.1966;0;3
BEHCETE;3;7.05.1950;0;3
GUYERCIN;3;22.09.1965;0;3
SERRIBAN;3;29.07.1963;0;3
BAZIRE;3;30.08.1951;0;3
MIYYESSER;3;21.01.1967;0;3
MECBIRE;3;24.02.1957;0;3
ZEMMINE;3;14.01.1964;0;3
ERIZAN;3;16.02.1976;0;3
NURIZEL;3;4.09.1966;0;3
HUNEYIN;3;20.02.1960;0;3
ZERFINAZ;3;3.07.1963;0;3
FARIYA;3;15.10.1969;0;3
PORTEKAL;3;13.02.1955;0;3
PAMPUK;3;26.01.1957;0;3
HEYBETHAN;3;30.01.1971;0;3
ISMIYET;3;20.11.1971;0;3
BAHIFHAN;3;8.08.1953;0;3
HEYZARAN;3;25.09.1951;0;3
MEHMUR;3;1.02.1953;0;3
SURAHYA;3;30.01.1976;0;3
FEVIZE;3;1.07.1977;0;3
KALANFIL;3;9.03.1949;0;3
SUHUYLE;3;17.02.1967;0;3
HULET;3;6.03.1972;0;3
AKPINAR;3;12.12.1973;0;3
BATUL;3;19.04.1967;0;3
NEFSICAN;3;2.03.1963;0;3
FIRUZEN;3;7.06.1964;0;3
FEVZUYE;3;4.03.1974;0;3
SURMIHAN;3;1.02.1964;0;3
APRUZ;3;7.10.1926;0;3
RUBASAN;3;14.08.1965;0;3
KENAR;3;24.07.1949;0;3
TAZIA;3;23.09.1976;0;3
GULIZAN;3;15.10.1968;0;3
HAVYA;3;15.01.1971;0;3
RUHSANE;3;9.05.1971;0;3
DURDARE;3;16.01.1971;0;3
AYINOR;3;4.11.1968;0;3
INEHAT;3;27.10.1977;0;3
YURGUL;3;16.09.1964;0;3
PERVIYE;3;18.06.1975;0;3
TAYBETHAN;3;3.10.1977;0;3
SAHZERI;3;13.01.1976;0;3
HIMAYUN;3;19.12.1956;0;3
FAHRENDE;3;12.04.1933;0;3
SANTANET;3;6.09.1974;0;3
TURKUSTAN;3;18.07.1972;0;3
NURSIBE;3;27.08.1982;0;3
SIVIYE;3;26.08.1963;0;3
HEMSAH;3;13.08.1969;0;3
SISIM;3;1.08.1950;0;3
RAVSEN;3;12.01.1985;0;3
NIVSICIHAN;3;26.01.1980;0;3
MEHBUSE;3;26.04.1950;0;3
MUSRUDE;3;27.10.1983;0;3
ELICAN;3;5.03.1968;0;3
GULINDAR;3;30.2.1967;0;3
RAFIYETE;3;28.03.1955;0;3
HOZRET;3;4.03.1964;0;3
HURIYETE;3;22.10.1971;0;3
GULLIN;3;13.03.1970;0;3
NUCIHAN;3;11.12.1961;0;3
SULSEN;3;17.10.1971;0;3
SAHZADA;3;4.09.1949;0;3
KARDRIYE;3;7.10.1979;0;3
LUVEYZA;3;14.12.1964;0;3
HIRMIK;3;30.11.1941;0;3
ISTEREM;3;19.07.1953;0;3
AMENE;3;14.02.1972;0;3
HIVREN;3;26.08.1985;0;3
SINET;3;14.12.1968;0;3
GULUZADE;3;20.11.1973;0;3
HAYNIYE;3;26.12.1961;0;3
MEREMA;3;15.01.1964;0;3
GULUCE;3;17.04.1969;0;3
NAYSEL;3;9.08.1971;0;3
NAYSE;3;9.08.1968;0;3
ANJELIK;3;1.09.1970;0;3
FADDEN;3;30.01.1975;0;3
EZLAN;3;23.08.1968;0;3
BASAY;3;24.03.1986;0;3
MUKADDERIYE;3;28.01.1949;0;3
NESMINE;3;9.07.1946;0;3
GULVINAZ;3;4.09.1968;0;3
MEVRIKE;3;25.02.1962;0;3
GULUREN;3;24.12.1953;0;3
RUKYATE;3;26.03.1974;0;3
MUTERRA;3;2.02.1959;0;3
MIRSIYE;3;17.07.1966;0;3
GURDENUR;3;26.02.1950;0;3
CEMENGUL;3;5.06.1958;0;3
OZCIN;3;12.09.1985;0;3
ANAMSAH;3;13.07.1954;0;3
NEZIZ;3;22.10.1955;0;3
ZEYLE;3;12.02.1966;0;3
ARZIYAN;3;22.07.1958;0;3
TASNUR;3;24.09.1971;0;3
GEMZE;3;18.01.1970;0;3
NIRZAN;3;24.12.1966;0;3
EDAVE;3;22.04.1946;0;3
DURUSEHVAR;3;1.01.1955;0;3
CAVITE;3;24.10.1957;0;3
MUJNAN;3;17.12.1959;0;3
INCISEN;3;21.07.1960;0;3
BAHTIMUR;3;26.03.1970;0;3
MAISA;3;29.07.1967;0;3
CELIYE;3;18.05.1954;0;3
ELFIDAG;3;23.08.1962;0;3
SAMIMIYE;3;18.09.1953;0;3
NECADIYE;3;11.03.1958;0;3
EMIRNAZ;3;16.02.1951;0;3
CIVELEK;3;25.10.1962;0;3
ZERUSAN;3;7.12.1950;0;3
BOBEKCE;3;22.03.1961;0;3
ELTEN;3;18.02.1959;0;3
SEKRINAZ;3;3.03.1970;0;3
MEGESER;3;18.03.1972;0;3
DALKIZ;3;3.02.1938;0;3
DONGEL;3;29.07.1972;0;3
NURIZEN;3;30.04.1963;0;3
VECHIDE;3;28.04.1962;0;3
SARBEN;3;20.06.1950;0;3
DUDANE;3;19.08.1948;0;3
MESLEHAN;3;26.02.1961;0;3
KAMISE;3;6.11.1967;0;3
IFTIHARIYE;3;23.01.1949;0;3
GULUMSAL;3;10.09.1964;0;3
BAHARAY;3;22.06.1976;0;3
NAFARET;3;29.10.1965;0;3
SEFIYNE;3;2.05.1976;0;3
CANFEDER;3;29.2.1965;0;3
NEZIYFE;3;25.04.1960;0;3
TAVILE;3;2.12.1969;0;3
CEYYIBE;3;5.12.1956;0;3
HUSNEFER;3;1.03.1954;0;3
MUBUVVET;3;7.01.1956;0;3
VAKFIYE;3;15.11.1936;0;3
TAMAMIYE;3;19.02.1949;0;3
HUSNUVER;3;30.08.1973;0;3
NECIYA;3;16.01.1961;0;3
NURZEM;3;1.11.1973;0;3
IRFA;3;10.09.1964;0;3
HURNUS;3;3.03.1975;0;3
MUSERER;3;20.11.1951;0;3
ZEVDIYE;3;30.03.1931;0;3
SUAYET;3;28.10.1971;0;3
MUSEYLA;3;19.02.1958;0;3
MEYESSER;3;25.11.1963;0;3
SUAYBE;3;19.12.1967;0;3
DILLER;3;1.07.1962;0;3
MUTLIYE;3;26.12.1982;0;3
BIRKEZ;3;8.03.1967;0;3
MUKAFAAT;3;2.08.1955;0;3
MEBZULE;3;28.04.1939;0;3
VAHIDENUR;3;13.06.1987;0;3
VARIYAT;3;1.07.1965;0;3
URMETKA;3;18.12.1954;0;3
TAZIME;3;21.05.1971;0;3
ZIBETKA;3;29.12.1950;0;3
DIYAL;3;3.04.1983;0;3
NAIYME;3;4.09.1945;0;3
MACIZE;3;2.02.1969;0;3
SEVRAY;3;17.08.1969;0;3
FEYDIYE;3;8.10.1948;0;3
HAVIKA;3;7.11.1944;0;3
MEFARAT;3;11.05.1972;0;3
GULCICEGI;3;24.09.1957;0;3
EREMSIYA;3;12.01.1969;0;3
ZEZIME;3;11.08.1963;0;3
ELAMIYE;3;5.08.1967;0;3
NEVADE;3;13.04.1943;0;3
MAHBU;3;18.01.1940;0;3
HALIYAS;3;26.05.1959;0;3
NUNUFAR;3;8.06.1961;0;3
FERAMIYE;3;23.12.1961;0;3
ZURIHA;3;1.06.1952;0;3
HULEYME;3;2.07.1963;0;3
GULSIMAT;3;29.05.1970;0;3
NURCAL;3;19.05.1959;0;3
MEMLIHAN;3;21.12.1974;0;3
GUNNAHAN;3;16.02.1968;0;3
GULCILE;3;23.07.1965;0;3
MUHTESIFE;3;23.02.1955;0;3
BASRAI;3;20.09.1957;0;3
ANJA;3;18.05.1973;0;3
MEVSUN;3;25.01.1955;0;3
NEVRIZIYE;3;26.12.1967;0;3
SALIE;3;12.04.1953;0;3
RAYGAN;3;6.06.1961;0;3
FIDANIA;3;24.09.1963;0;3
SEVEKER;3;14.06.1957;0;3
CANSENA;3;27.10.1979;0;3
SADBERA;3;9.12.1946;0;3
SELMIYEN;3;27.10.1952;0;3
BENIFE;3;3.05.1942;0;3
MUDRIKA;3;13.10.1970;0;3
ISEM;3;7.12.1986;0;3
LEFTERIYA;3;3.05.1941;0;3
RABIAN;3;13.12.1942;0;3
VATKA;3;28.07.1952;0;3
IBRIMA;3;5.01.1950;0;3
YUSURA;3;2.09.1955;0;3
DADI;3;7.11.1945;0;3
BICEM;3;5.01.1983;0;3
UZLUFER;3;1.09.1962;0;3
GULFEHEN;3;28.09.1958;0;3
KAFIDE;3;25.03.1951;0;3
VISDAN;3;23.10.1958;0;3
ADIKAR;3;11.02.1939;0;3
GULIZARA;3;23.11.1958;0;3
SANUS;3;19.07.1961;0;3
VELISE;3;3.07.1982;0;3
NAZKADIN;3;22.01.1953;0;3
SUKUFA;3;4.01.1970;0;3
TEVFIKIYE;3;3.04.1947;0;3
RUTTEN;3;13.11.1960;0;3
SIRIHAN;3;19.10.1973;0;3
MESIRIYE;3;12.08.1965;0;3
NADIYDE;3;4.01.1957;0;3
ALTUNHAN;3;7.01.1953;0;3
CEVHIDE;3;10.07.1956;0;3
TEBDILE;3;17.03.1936;0;3
MENTIFE;3;3.02.1973;0;3
HURYEM;3;15.10.1968;0;3
MUCIZAN;3;6.06.1953;0;3
IRANA;3;14.11.1956;0;3
LALIYE;3;20.10.1979;0;3
ELVIYA;3;9.04.1981;0;3
MEVLIBE;3;4.12.1967;0;3
HATUNANA;3;18.08.1948;0;3
BENOVSE;3;29.01.1968;0;3
LIZZET;3;28.07.1952;0;3
HASLIHAN;3;2.08.1970;0;3
NAGAM;3;19.09.1972;0;3
SPRESA;3;8.06.1956;0;3
MUBUVET;3;8.06.1958;0;3
ALEYKE;3;17.07.1975;0;3
CIGIDEM;3;17.04.1984;0;3
FERDUMAN;3;10.05.1966;0;3
HUSEYLA;3;30.2.1964;0;3
RAHMIGUL;3;7.12.1971;0;3
SABITIYE;3;19.12.1960;0;3
BENNAZI;3;20.05.1988;0;3
EBIBE;3;12.01.1971;0;3
MIHPARE;3;8.03.1941;0;3
KIRKIZ;3;7.06.1935;0;3
SABIYAT;3;12.10.1963;0;3
SEVCIYEN;3;7.03.1966;0;3
BERIHE;3;6.01.1952;0;3
ZEYBEGUL;3;9.03.1974;0;3
ERVIL;3;22.12.1982;0;3
GUDEREN;3;21.03.1970;0;3
NUHTIYE;3;13.07.1978;0;3
SUEYDE;3;16.04.1964;0;3
AYDILER;3;8.04.1958;0;3
ASKERYE;3;24.12.1972;0;3
ZUMRUTAL;3;5.08.1937;0;3
TELGUN;3;1.12.1960;0;3
RIFADE;3;10.12.1946;0;3
BEHIDIYE;3;7.07.1956;0;3
ZEYNOS;3;9.02.1957;0;3
HAYRENNISA;3;17.05.1960;0;3
GULYEN;3;29.04.1962;0;3
NEFTIYE;3;18.07.1968;0;3
BEHEN;3;20.04.1964;0;3
MICEVER;3;25.08.1957;0;3
MENIZ;3;10.03.1987;0;3
FITNAK;3;23.05.1958;0;3
ENNISE;3;2.01.1990;0;3
MUNIKE;3;26.07.1986;0;3
ZEIME;3;26.02.1958;0;3
NUKTEN;3;21.08.1972;0;3
DEHRA;3;5.09.1976;0;3
ELMASNUR;3;27.11.1988;0;3
MENZURIYE;3;29.04.1956;0;3
BAYDE;3;30.08.1951;0;3
IRVIDE;3;30.08.1962;0;3
MIZIHAN;3;15.10.1964;0;3
MUTHIYE;3;28.11.1970;0;3
VACIDIYE;3;2.04.1947;0;3
MIHLIVER;3;10.05.1957;0;3
SEYYUBE;3;17.06.1973;0;3
MUKAILE;3;7.06.1979;0;3
BAYDA;3;17.11.1973;0;3
HAZURA;3;30.10.1982;0;3
HURIZAN;3;23.08.1970;0;3
AYSAHANIM;3;19.12.1970;0;3
SAFEL;3;13.12.1967;0;3
ENSA;3;29.11.1985;0;3
ESFARIYE;3;23.10.1960;0;3
ISMAHANGUL;3;29.07.1979;0;3
TEFERIK;3;20.08.1958;0;3
SUZMEN;3;10.11.1953;0;3
HIRDI;3;11.02.1926;0;3
MERSEDES;3;23.03.1962;0;3
NURETEN;3;26.08.1969;0;3
FAIMET;3;23.09.1955;0;3
VADHAN;3;4.11.1959;0;3
TACIA;3;18.03.1966;0;3
MIKRIMAN;3;19.06.1980;0;3
CARIDE;3;25.11.1961;0;3
MAGFURET;3;4.09.1955;0;3
KUTNI;3;14.04.1945;0;3
AGBEGI;3;18.04.1967;0;3
IBRIZET;3;29.06.1962;0;3
KARIPNAZ;3;22.05.1955;0;3
TASMA;3;21.09.1947;0;3
HAMIYYE;3;30.01.1956;0;3
HUSNUPERI;3;1.08.1966;0;3
NUSICAN;3;20.09.1982;0;3
GULAYIN;3;1.07.1968;0;3
KADRINAZ;3;27.03.1963;0;3
MEHFIZE;3;6.01.1966;0;3
VATIHA;3;22.05.1966;0;3
KUMRISAH;3;25.01.1968;0;3
BERKISA;3;23.12.1952;0;3
MEBRUME;3;12.09.1955;0;3
SUYLER;3;28.01.1950;0;3
HENIM;3;29.12.1966;0;3
CICEKNAZ;3;9.05.1968;0;3
RUSKAL;3;29.01.1967;0;3
CEMEDE;3;20.10.1954;0;3
HACRETE;3;2.10.1970;0;3
ORFIDE;3;5.06.1981;0;3
PURUSHAN;3;2.01.1957;0;3
KIYEFET;3;24.07.1967;0;3
NISLIME;3;13.08.1980;0;3
MENFIYYE;3;8.04.1961;0;3
TEYIBETE;3;9.10.1971;0;3
SIMENPERI;3;16.12.1956;0;3
BEYBI;3;28.01.1951;0;3
NUFSICAN;3;28.02.1976;0;3
RECHAN;3;17.09.1983;0;3
TUMRIZ;3;19.03.1946;0;3
MEHVER;3;23.12.1966;0;3
SURUYET;3;29.09.1963;0;3
MORIVAN;3;20.06.1971;0;3
HUSNO;3;23.05.1959;0;3
DENYA;3;28.01.1974;0;3
HAZRETE;3;6.02.1954;0;3
RAFYE;3;9.06.1981;0;3
SERHINAZ;3;26.07.1958;0;3
TEVZIDE;3;12.06.1979;0;3
ZILBIYE;3;4.10.1965;0;3
KUTKI;3;8.09.1944;0;3
YADIYE;3;18.11.1963;0;3
SEVNA;3;16.08.1972;0;3
MEZBUTE;3;14.08.1966;0;3
HACIRAN;3;5.04.1964;0;3
KOLTI;3;3.12.1927;0;3
VEIBE;3;13.01.1965;0;3
FERINAS;3;11.11.1963;0;3
MAHIVER;3;28.09.1964;0;3
ASUME;3;16.11.1966;0;3
SURAYET;3;18.02.1975;0;3
HARFIYET;3;30.04.1982;0;3
GEM;3;11.10.1968;0;3
MEDRIKE;3;1.09.1970;0;3
SENYE;3;21.04.1973;0;3
AISAN;3;12.06.1931;0;3
MUBAYET;3;30.03.1966;0;3
EDLI;3;15.03.1936;0;3
GOLSUN;3;12.03.1975;0;3
NILAYDA;3;30.10.1989;0;3
ISALE;3;13.10.1965;0;3
GULBINNAZ;3;20.07.1974;0;3
SERDUMAN;3;8.06.1966;0;3
BESINAZ;3;2.11.1958;0;3
BEYHUSER;3;15.05.1933;0;3
UPER;3;20.05.1979;0;3
FEHNEZAR;3;5.04.1949;0;3
NARUZ;3;22.12.1977;0;3
GULCANDAN;3;10.06.1977;0;3
UNMIHAN;3;20.07.1963;0;3
MAHIPERI;3;4.07.1954;0;3
CEMINAZ;3;6.09.1961;0;3
LATIFET;3;4.02.1944;0;3
RAHIZET;3;22.05.1963;0;3
ESAL;3;26.01.1947;0;3
FIKAT;3;25.07.1958;0;3
NURTENI;3;12.04.1965;0;3
GADUN;3;6.01.1964;0;3
CUCAN;3;18.03.1952;0;3
VAHIYET;3;27.11.1977;0;3
ERGINAZ;3;12.10.1970;0;3
GULERSER;3;2.07.1962;0;3
PUNBUL;3;11.09.1960;0;3
ULIFER;3;11.01.1970;0;3
VIHAN;3;15.10.1980;0;3
CERIYA;3;25.08.1967;0;3
MERCU;3;4.08.1943;0;3
BERU;3;5.11.1973;0;3
CUVERYA;3;6.04.1973;0;3
KIJUL;3;18.02.1958;0;3
ZEMRUDE;3;19.08.1958;0;3
TEKSIME;3;14.10.1966;0;3
HEFSET;3;27.07.1961;0;3
HELIS;3;30.09.1965;0;3
KICIN;3;20.07.1952;0;3
OMUGULSUN;3;24.02.1978;0;3
BAKLISA;3;22.11.1959;0;3
SIYAHHAN;3;6.10.1979;0;3
SETTI;3;4.04.1964;0;3
HUZEYRA;3;14.12.1954;0;3
HAKILA;3;17.02.1973;0;3
ZEMUDE;3;28.03.1964;0;3
CARIYA;3;29.01.1970;0;3
MEKRIMA;3;6.12.1969;0;3
CURMI;3;10.03.1959;0;3
MAGRUM;3;9.12.1975;0;3
MUM;3;12.08.1949;0;3
HAFLET;3;26.06.1981;0;3
ZUMRIDE;3;26.01.1960;0;3
MENIA;3;9.10.1982;0;3
IVA;3;21.06.1966;0;3
ZELIFA;3;26.02.1968;0;3
MERDIYET;3;4.08.1981;0;3
ESIMA;3;18.03.1986;0;3
ENIFA;3;11.04.1947;0;3
ZERDELI;3;24.09.1958;0;3
CEYRA;3;12.04.1983;0;3
LEYAN;3;12.09.1971;0;3
PIRBES;3;14.03.1959;0;3
BAFRA;3;12.08.1979;0;3
ONBER;3;19.02.1979;0;3
MAHSEMA;3;14.12.1975;0;3
NET;3;15.08.1966;0;3
MEHCEMIN;3;18.06.1971;0;3
ZUBEYCE;3;26.02.1960;0;3
LEZIZA;3;18.08.1984;0;3
ENISET;3;16.08.1964;0;3
VEDYA;3;18.02.1977;0;3
HAMYIL;3;8.06.1957;0;3
RUIYET;3;12.02.1950;0;3
TELLICAN;3;12.09.1975;0;3
AKREYI;3;27.03.1959;0;3
HATAN;3;30.06.1943;0;3
ZULFUNAS;3;25.10.1953;0;3
SANPERI;3;10.03.1976;0;3
ADILEHAN;3;18.04.1961;0;3
MUZEYRA;3;3.03.1980;0;3
HEVZI;3;6.09.1949;0;3
CANPERI;3;30.11.1982;0;3
BUHTI;3;12.12.1962;0;3
FEZLA;3;25.07.1967;0;3
KERMEN;3;23.07.1946;0;3
ZULUKA;3;14.02.1957;0;3
SEFERIYYE;3;28.03.1965;0;3
NAZMIYEGUL;3;18.01.1972;0;3
SEFELI;3;19.10.1959;0;3
MURUSAN;3;20.08.1965;0;3
SERIFEI;3;3.12.1946;0;3
GUNEYYER;3;22.01.1985;0;3
GISELE;3;16.06.1944;0;3
MAYAN;3;24.04.1968;0;3
SIDDIGE;3;28.06.1966;0;3
HUYRIYE;3;6.04.1963;0;3
ERIFA;3;19.07.1979;0;3
GULDENAY;3;16.06.1971;0;3
GULBAHAN;3;10.01.1975;0;3
AYTEZ;3;27.12.1956;0;3
NEZAFE;3;16.10.1977;0;3
DILISAD;3;4.10.1961;0;3
ZILUFER;3;1.08.1943;0;3
NURYOLDAS;3;22.04.1983;0;3
SIFAHIYE;3;17.10.1955;0;3
MUZIKAN;3;10.06.1941;0;3
SAFFETI;3;30.11.1948;0;3
MIHRICEN;3;4.11.1978;0;3
HAFIZENUR;3;14.02.1988;0;3
SEMERE;3;16.05.1961;0;3
NEHRIBE;3;13.05.1978;0;3
MAHU;3;10.05.1979;0;3
SEHICAN;3;2.01.1972;0;3
NEMILA;3;1.06.1957;0;3
HATEMIYE;3;5.03.1957;0;3
SAFIGA;3;19.12.1962;0;3
BESNO;3;28.04.1970;0;3
MESIRA;3;19.05.1964;0;3
UMMANA;3;24.10.1956;0;3
FESLEGEN;3;5.09.1974;0;3
MERCANIYE;3;16.05.1966;0;3
HAMMANA;3;11.08.1959;0;3
FERNUS;3;24.09.1966;0;3
FERNUSA;3;5.05.1961;0;3
HANIMKADIN;3;2.02.1952;0;3
SEYMAH;3;3.01.1979;0;3
SENLI;3;12.06.1948;0;3
GULDARIYE;3;17.04.1961;0;3
GUZARI;3;5.12.1961;0;3
MUSAHADE;3;16.07.1947;0;3
FERKADIN;3;23.09.1949;0;3
NIYEMET;3;5.06.1974;0;3
TERMINE;3;28.05.1952;0;3
EHTISAN;3;23.04.1941;0;3
REYVE;3;25.02.1953;0;3
TORUNGUL;3;30.12.1972;0;3
KITOS;3;23.02.1958;0;3
CICIKIZ;3;15.07.1961;0;3
SEYGUL;3;2.07.1984;0;3
EHTISAM;3;17.12.1947;0;3
OGDEGUL;3;7.06.1972;0;3
SILME;3;24.06.1950;0;3
DOGUSEL;3;24.01.1949;0;3
SIMINE;3;12.08.1975;0;3
PURUZAT;3;12.06.1955;0;3
SERFIZAR;3;20.03.1958;0;3
BAFIR;3;20.10.1948;0;3
GULESEHER;3;19.10.1946;0;3
BEZENGUL;3;4.03.1980;0;3
MEFHIBE;3;10.11.1967;0;3
KIZLARHAN;3;11.01.1961;0;3
GULFIRA;3;19.12.1957;0;3
MOHBE;3;21.04.1953;0;3
SUDIYEN;3;4.06.1972;0;3
BASIGUL;3;23.09.1962;0;3
MAHBERIN;3;14.10.1982;0;3
CAKALIYE;3;7.07.1957;0;3
ZENURRE;3;8.09.1974;0;3
VEZIHAN;3;13.06.1959;0;3
BIRGULHAN;3;6.12.1983;0;3
MEVSIDE;3;21.01.1972;0;3
FIRGATLI;3;8.01.1958;0;3
SEDDIYE;3;27.02.1971;0;3
GOHCEK;3;22.09.1964;0;3
SUDHAN;3;25.04.1958;0;3
NESIVE;3;23.12.1974;0;3
SUSENBE;3;1.07.1948;0;3
RAZYAN;3;29.07.1967;0;3
SUDUYA;3;29.12.1960;0;3
YESIMIN;3;18.11.1975;0;3
NASTE;3;27.10.1939;0;3
NURYEM;3;21.05.1977;0;3
BAGINET;3;20.07.1950;0;3
DILEPRUZ;3;1.04.1953;0;3
LEVAY;3;14.09.1979;0;3
HIMEYRA;3;5.08.1963;0;3
HALLE;3;29.11.1936;0;3
LUPER;3;28.06.1956;0;3
MUKELSUM;3;22.11.1977;0;3
HAVABEYIM;3;27.09.1954;0;3
GAMZEHAN;3;17.12.1988;0;3
GULSENAN;3;24.12.1968;0;3
ERDAGUL;3;15.09.1970;0;3
TUDAN;3;20.08.1963;0;3
RUZYEN;3;26.06.1971;0;3
REYIZE;3;13.10.1950;0;3
SIYRAN;3;12.09.1940;0;3
BEDIRNISA;3;26.06.1933;0;3
SELIFER;3;22.11.1974;0;3
SAMAGA;3;5.04.1932;0;3
MINADYA;3;28.06.1961;0;3
RUGUYA;3;24.09.1963;0;3
ZILEYHAN;3;1.09.1959;0;3
FILIZGUL;3;18.11.1971;0;3
LILIK;3;3.08.1961;0;3
HOSYAR;3;9.03.1959;0;3
ULGI;3;19.03.1962;0;3
IRSALET;3;18.11.1963;0;3
KARAMERCAN;3;24.05.1967;0;3
HADIGA;3;25.03.1954;0;3
FARIGE;3;12.05.1945;0;3
GONLU;3;13.05.1961;0;3
MERMIN;3;13.04.1971;0;3
GULBASI;3;4.12.1951;0;3
FAHRIYET;3;17.11.1967;0;3
LISALET;3;15.05.1949;0;3
MUHTESINE;3;12.11.1946;0;3
ISPIHAN;3;10.04.1964;0;3
SECIBE;3;12.01.1961;0;3
SENISE;3;3.06.1968;0;3
SEHNUVER;3;25.11.1961;0;3
FAIZET;3;10.11.1956;0;3
TANYE;3;3.03.1953;0;3
SANZIME;3;6.09.1976;0;3
MESMILE;3;1.09.1961;0;3
MAHFILE;3;12.08.1941;0;3
MULKIHAN;3;16.06.1950;0;3
SAHMEZAT;3;14.01.1940;0;3
MAMIH;3;23.06.1942;0;3
DILEPURUZ;3;3.10.1935;0;3
MAZZES;3;6.10.1967;0;3
MIYA;3;26.08.1967;0;3
LEZAKET;3;12.12.1957;0;3
SELABIYE;3;9.01.1982;0;3
NEZIYHE;3;12.11.1964;0;3
HOKUMA;3;24.12.1956;0;3
GULGUR;3;3.01.1947;0;3
MENZIYE;3;19.04.1974;0;3
TEKLIFET;3;27.06.1967;0;3
MUHERIYE;3;30.04.1967;0;3
NAZELLI;3;4.08.1967;0;3
MIDAYHA;3;17.01.1966;0;3
KALANFIR;3;17.09.1956;0;3
GEVHERSAH;3;26.01.1954;0;3
FARKIYA;3;29.02.1956;0;3
GULBENZER;3;24.06.1963;0;3
OKULU;3;25.07.1953;0;3
ZOHER;3;9.01.1967;0;3
MEBAHAT;3;14.10.1946;0;3
MEMSURIYE;3;24.11.1951;0;3
NEZAHAL;3;27.05.1960;0;3
NAMEN;3;30.11.1953;0;3
PUSEYNE;3;27.12.1958;0;3
RUGHAN;3;8.07.1974;0;3
MENNET;3;5.09.1940;0;3
NECMURE;3;3.05.1970;0;3
HONGER;3;1.04.1955;0;3
BEHIYEGUL;3;30.04.1983;0;3
FIYRE;3;24.07.1953;0;3
MEHRIBAR;3;10.07.1970;0;3
IMILI;3;2.01.1948;0;3
EFDALIYE;3;21.03.1963;0;3
ZABIA;3;2.07.1955;0;3
GULDALE;3;3.12.1946;0;3
GULEMZIYE;3;28.11.1954;0;3
MUNFERIYE;3;24.01.1945;0;3
ZEHMURE;3;3.01.1957;0;3
SELBIL;3;20.01.1955;0;3
TURNALI;3;10.02.1962;0;3
FATMABETUL;3;9.08.1984;0;3
NESADE;3;9.09.1962;0;3
DOMUR;3;8.12.1972;0;3
ELBIYAN;3;19.03.1974;0;3
TEKIME;3;25.01.1955;0;3
GOKGUL;3;5.01.1962;0;3
VEFIRE;3;16.8.1317;0;3
CAYGULU;3;8.06.1962;0;3
ASAGUL;3;15.06.1939;0;3
BERGAM;3;30.08.1966;0;3
ZEYGIR;3;28.08.1953;0;3
NUNUBE;3;17.12.1974;0;3
DUNUS;3;7.02.1935;0;3
MUHLIYE;3;24.11.1962;0;3
GULERSE;3;13.05.1966;0;3
MESELE;3;17.07.1960;0;3
BEHZE;3;21.07.1954;0;3
ULCEN;3;4.05.1966;0;3
NAMIE;3;3.02.1959;0;3
SEHNEZ;3;6.06.1963;0;3
MURDE;3;14.01.1974;0;3
MAFIRAZ;3;7.09.1957;0;3
OYSU;3;15.03.1957;0;3
NEDIE;3;17.10.1977;0;3
NUVUT;3;12.12.1964;0;3
MADDER;3;5.03.1953;0;3
YILDIZIYE;3;20.11.1948;0;3
SECMIYE;3;26.03.1946;0;3
BIRIBAN;3;25.02.1976;0;3
ESERIYE;3;1.03.1956;0;3
URDIYE;3;9.05.1948;0;3
RASEMA;3;3.05.1950;0;3
ZALIFA;3;19.03.1966;0;3
SINASE;3;3.10.1939;0;3
EMIREN;3;16.05.1971;0;3
AKFIL;3;28.02.1973;0;3
FEYZAH;3;30.03.1973;0;3
BELIHAN;3;2.07.1958;0;3
SABIYAN;3;8.05.1962;0;3
MASIDIYE;3;23.01.1978;0;3
SEVKINA;3;21.07.1943;0;3
GUYSUM;3;17.04.1961;0;3
MUNIHE;3;8.05.1964;0;3
EHADIYE;3;16.04.1936;0;3
AYFERIN;3;12.07.1968;0;3
BELINAY;3;11.09.1986;0;3
MEYSERA;3;21.09.1984;0;3
GULHERGUN;3;15.11.1958;0;3
MINESEN;3;15.04.1961;0;3
AMANIYE;3;1.12.1964;0;3
CEZMIGUL;3;8.10.1958;0;3
ERSIYE;3;15.11.1957;0;3
MUBIYNE;3;19.07.1962;0;3
RUHISE;3;1.04.1948;0;3
BEIZE;3;21.06.1959;0;3
NURIFA;3;17.11.1953;0;3
HEDIE;3;27.02.1983;0;3
YURDANGUL;3;14.03.1966;0;3
NURCANIYE;3;28.08.1965;0;3
FACIDE;3;19.05.1976;0;3
FERDANES;3;12.10.1956;0;3
BAYTER;3;30.12.1949;0;3
MUFTUYE;3;1.06.1963;0;3
EDIBIYE;3;19.05.1952;0;3
RUKKE;3;19.02.1956;0;3
GULBIA;3;17.07.1954;0;3
MURFEN;3;7.01.1951;0;3
MUFECCEL;3;18.02.1953;0;3
LEHAN;3;19.11.1962;0;3
SADVER;3;27.10.1954;0;3
NERMIE;3;2.03.1978;0;3
ZILAH;3;21.11.1956;0;3
MUBEDDIL;3;27.05.1967;0;3
ILAFET;3;26.06.1941;0;3
RUSBIYE;3;26.08.1945;0;3
SEBBIYE;3;3.10.1955;0;3
MEVZUDE;3;12.05.1943;0;3
GULSAFE;3;5.05.1945;0;3
MEYAM;3;14.02.1953;0;3
BAHTISA;3;5.08.1950;0;3
SAHIZDE;3;3.05.1947;0;3
MANJOLA;3;23.12.1978;0;3
EBAZIYE;3;20.04.1961;0;3
NEVINC;3;10.01.1957;0;3
MUSHIDE;3;10.08.1949;0;3
UMMICE;3;19.10.1959;0;3
MINTOS;3;8.06.1950;0;3
ASIJE;3;14.01.1960;0;3
NEVZEL;3;20.02.1952;0;3
GULAFERET;3;29.07.1961;0;3
IMEY;3;1.8.1290;0;3
TUMGUL;3;16.06.1978;0;3
ZEROS;3;9.12.1961;0;3
UMSEN;3;17.12.1957;0;3
CEVRIK;3;14.11.1304;0;3
NAMIHA;3;29.11.1951;0;3
SAHASDE;3;12.07.1969;0;3
SAYIFA;3;4.12.1962;0;3
BULFER;3;23.01.1975;0;3
GUSSULU;3;13.11.1972;0;3
MEKTUNE;3;27.12.1962;0;3
UGRIYE;3;9.06.1940;0;3
UNBIYE;3;5.07.1935;0;3
ZIDDI;3;11.10.1965;0;3
SALBIYE;3;6.12.1963;0;3
SEHRIBAH;3;3.07.1990;0;3
OZBASAK;3;8.09.1965;0;3
DILVAR;3;11.06.1965;0;3
MEHPERUZ;3;13.03.1971;0;3
FALDAN;3;21.08.1972;0;3
EKMER;3;7.09.1958;0;3
ISMIHANIM;3;30.11.1949;0;3
VATHEY;3;21.12.1963;0;3
BANA;3;14.01.1942;0;3
GUNDESLI;3;7.01.1949;0;3
ABUGUNES;3;3.09.1951;0;3
EYTIBAR;3;5.04.1961;0;3
DILFARUZ;3;3.09.1945;0;3
BABET;3;16.11.1951;0;3
DERGEHAN;3;9.05.1980;0;3
TADISER;3;13.04.1953;0;3
FERIGAN;3;3.11.1963;0;3
ANIZELIHA;3;27.06.1971;0;3
YOLCAY;3;28.06.1979;0;3
FEYZANE;3;25.10.1961;0;3
NURGIZ;3;4.01.1973;0;3
ZILHIYE;3;4.01.1958;0;3
MEFDUNE;3;18.05.1955;0;3
MUFET;3;25.05.1966;0;3
BEDLI;3;1.08.1962;0;3
SEMREHA;3;3.07.1952;0;3
SAFKIYE;3;24.11.1951;0;3
GULAYLA;3;11.05.1955;0;3
CIVERIYE;3;21.12.1968;0;3
TAHLILE;3;27.08.1962;0;3
REP;3;29.12.1972;0;3
HUSULET;3;26.03.1953;0;3
SEHBANI;3;9.01.1967;0;3
GULFIRAY;3;16.07.1969;0;3
SETANAY;3;2.10.1980;0;3
FAHMET;3;7.10.1974;0;3
MOJGAN;3;29.01.1966;0;3
BITA;3;7.01.1975;0;3
RAIA;3;4.07.1963;0;3
AYMEL;3;6.02.1975;0;3
FUZULE;3;21.02.1965;0;3
TUFIDE;3;28.04.1940;0;3
JANETTE;3;27.04.1961;0;3
FIRAZAN;3;3.11.1975;0;3
SABAVET;3;12.08.1947;0;3
PERLE;3;30.05.1962;0;3
FIRARE;3;4.10.1972;0;3
MUMTAHA;3;14.08.1977;0;3
DONCAY;3;27.05.1977;0;3
MUGAY;3;14.03.1951;0;3
MELEKA;3;16.01.1951;0;3
MARUS;3;22.09.1952;0;3
RESSA;3;12.04.1964;0;3
GULBIYEN;3;6.04.1965;0;3
ESMEL;3;28.06.1980;0;3
AHESTE;3;18.08.1982;0;3
IZAFE;3;27.06.1961;0;3
OZVIN;3;28.09.1969;0;3
NURSENI;3;10.09.1964;0;3
NEMIGE;3;24.08.1955;0;3
ASLIHANIM;3;18.11.1958;0;3
ZOZANE;3;30.12.1964;0;3
UNZILA;3;1.04.1975;0;3
AYIMHAN;3;22.01.1955;0;3
LEBABE;3;30.08.1951;0;3
FAHRUNUSA;3;2.02.1967;0;3
ETINE;3;11.03.1965;0;3
SAHREN;3;6.07.1978;0;3
GOGECIN;3;29.07.1956;0;3
EKABIRE;3;14.09.1955;0;3
SIVEYKAR;3;8.08.1967;0;3
ZAYCAN;3;14.09.1969;0;3
REVASET;3;15.11.1939;0;3
DURGE;3;4.04.1954;0;3
NEMIGA;3;30.06.1958;0;3
TAYSEL;3;18.04.1974;0;3
FELA;3;30.01.1975;0;3
DUNYAZET;3;13.03.1948;0;3
ESERAY;3;12.11.1978;0;3
NEVCUHAN;3;6.05.1964;0;3
ENNE;3;22.05.1958;0;3
VESEVDE;3;1.12.1945;0;3
DEFILE;3;28.01.1979;0;3
NUFISE;3;11.10.1964;0;3
GULSURE;3;12.12.1961;0;3
FERDAHA;3;5.07.1977;0;3
LAHIZE;3;10.12.1957;0;3
KIZAL;3;14.09.1962;0;3
NESLINAZ;3;23.06.1966;0;3
NUSABIYE;3;8.02.1962;0;3
DOYDU;3;22.01.1951;0;3
VERIHAN;3;3.02.1975;0;3
KEVKEF;3;24.06.1945;0;3
CUMAZEN;3;14.06.1957;0;3
BETILAY;3;23.02.1973;0;3
HAPBE;3;24.06.1950;0;3
SELMAMIS;3;2.08.1968;0;3
MEZUKE;3;10.07.1965;0;3
KAYSIYE;3;4.09.1975;0;3
AYFEREN;3;16.10.1966;0;3
TANGULER;3;1.09.1970;0;3
IRAHIL;3;18.07.1957;0;3
SEHMAZ;3;2.08.1967;0;3
SIRINDONE;3;7.05.1968;0;3
SEFALE;3;12.04.1966;0;3
KERZIMEN;3;3.02.1956;0;3
MERMAN;3;28.06.1961;0;3
ARIZI;3;21.04.1961;0;3
FESIDA;3;26.11.1983;0;3
SEMRAYIL;3;14.04.1961;0;3
KINDI;3;4.08.1931;0;3
RAHILIYE;3;8.04.1968;0;3
MARSIDE;3;25.01.1985;0;3
ABIDETULEZHER;3;12.09.1979;0;3
ASYIYE;3;28.06.1975;0;3
KEVZI;3;9.04.1951;0;3
NILLI;3;27.06.1977;0;3
MEHIRCAN;3;21.07.1978;0;3
MUZEYHER;3;4.03.1953;0;3
UMMULLU;3;11.07.1955;0;3
NAZENDI;3;26.02.1959;0;3
ROLE;3;22.09.1983;0;3
SELIMETE;3;23.02.1961;0;3
FERDAVS;3;25.06.1983;0;3
SAMITE;3;24.04.1969;0;3
MUCUZE;3;25.02.1971;0;3
SAFKAT;3;6.04.1959;0;3
NEMSA;3;25.05.1969;0;3
HEVVE;3;22.11.1965;0;3
GULASIN;3;10.01.1980;0;3
LIZAY;3;4.07.1980;0;3
EZELIN;3;5.04.1959;0;3
ANAZ;3;11.03.1964;0;3
LITFIYE;3;8.09.1969;0;3
GULLISA;3;1.12.1965;0;3
SELFIN;3;8.04.1955;0;3
GULFENZE;3;11.01.1953;0;3
MAHMUDA;3;28.06.1976;0;3
GUMUSEN;3;28.08.1965;0;3
KADRIYEGUL;3;22.10.1981;0;3
NACIYEGUL;3;14.07.1967;0;3
SEHNABAT;3;13.06.1961;0;3
SELHE;3;3.05.1966;0;3
MEYE;3;19.10.1965;0;3
GULHENDAN;3;1.03.1958;0;3
ICRAL;3;7.07.1969;0;3
ETILE;3;10.01.1964;0;3
MERYEMNUR;3;23.11.1990;0;3
FERIFE;3;25.02.1948;0;3
NEFRUZE;3;2.06.1962;0;3
SONGONUL;3;9.01.1962;0;3
SEYHUNE;3;3.12.1958;0;3
ZERIM;3;3.09.1969;0;3
GUNAT;3;23.04.1953;0;3
UMMUSELAM;3;14.10.1943;0;3
NEKARIYE;3;18.12.1963;0;3
PERZE;3;27.08.1950;0;3
MUADDE;3;3.12.1944;0;3
AKIDA;3;9.03.1968;0;3
HEVIHAN;3;14.01.1959;0;3
SAGDIYE;3;30.04.1976;0;3
RABELI;3;16.10.1946;0;3
TEHMINA;3;14.06.1978;0;3
SEFCAN;3;18.05.1972;0;3
NESVIYE;3;26.03.1949;0;3
SOHBETE;3;19.10.1965;0;3
ZENNET;3;2.09.1968;0;3
ARGENTINA;3;26.03.1956;0;3
SUATE;3;6.11.1956;0;3
IZZA;3;24.10.1958;0;3
ZELAY;3;16.06.1984;0;3
NURIYETE;3;16.01.1980;0;3
VABIYE;3;20.03.1962;0;3
VEZIA;3;15.04.1949;0;3
EMELIYE;3;12.08.1941;0;3
HEDEFIYE;3;15.02.1964;0;3
IFKAT;3;22.10.1965;0;3
GULBERRIN;3;20.09.1968;0;3
TACIDER;3;24.01.1963;0;3
HUZRA;3;13.06.1965;0;3
NERJIN;3;13.09.1967;0;3
BIDE;3;12.12.1958;0;3
VELILE;3;28.11.1948;0;3
TELIA;3;23.11.1946;0;3
SUKREL;3;24.04.1950;0;3
SONYEL;3;3.08.1978;0;3
ESERIN;3;16.04.1972;0;3
HAYSIYE;3;25.11.1954;0;3
RAZIYEGUL;3;19.05.1975;0;3
KURUS;3;28.08.1960;0;3
ZATE;3;16.02.1960;0;3
EMELNUR;3;27.02.1988;0;3
SEBBAY;3;24.11.1957;0;3
SAMINAZ;3;8.11.1955;0;3
TAYYIRE;3;25.11.1946;0;3
MUNFIDE;3;21.04.1962;0;3
IPTISEN;3;21.09.1963;0;3
MUNTEZE;3;22.02.1974;0;3
GASIAT;3;6.02.1986;0;3
PERSUDE;3;5.04.1967;0;3
BEYIHE;3;14.08.1946;0;3
RAGDIYE;3;9.11.1963;0;3
MESIA;3;20.03.1971;0;3
ABRIZE;3;2.06.1962;0;3
UMRENE;3;18.12.1967;0;3
FEYAL;3;15.04.1965;0;3
TOFIDE;3;4.07.1961;0;3
TUHFIYE;3;16.02.1960;0;3
NESILAY;3;27.01.1979;0;3
REMISE;3;24.05.1950;0;3
SEYIRAN;3;26.12.1968;0;3
NURILHEDE;3;18.09.1972;0;3
CISMI;3;27.02.1956;0;3
ISLEV;3;30.2.1978;0;3
RABIYETUL;3;30.06.1975;0;3
ZENCIHA;3;8.09.1953;0;3
OLGUL;3;18.12.1968;0;3
BENEFIS;3;25.11.1956;0;3
HIMAYEN;3;23.10.1960;0;3
NURISIMA;3;27.02.1945;0;3
LAYLI;3;15.04.1955;0;3
HAMIDEHAN;3;10.01.1966;0;3
REMZIY;3;27.02.1988;0;3
BEIDA;3;20.04.1980;0;3
GULUTER;3;22.04.1955;0;3
MUSKUNAR;3;14.03.1953;0;3
ACERIYE;3;9.02.1956;0;3
FETNAT;3;14.10.1947;0;3
GULBARIS;3;14.06.1971;0;3
AZNI;3;19.05.1972;0;3
UMMAHANE;3;1.01.1950;0;3
TERZIME;3;3.09.1967;0;3
DEVRIME;3;21.07.1981;0;3
SAYIMET;3;10.02.1971;0;3
ORFE;3;30.12.1981;0;3
SINGE;3;28.10.1987;0;3
SEMIHET;3;29.07.1966;0;3
SIAA;3;29.07.1968;0;3
HORICAN;3;26.04.1968;0;3
AYSOY;3;17.05.1955;0;3
NASIFER;3;2.07.1958;0;3
GUZIFE;3;26.03.1966;0;3
NUHEYLA;3;25.07.1944;0;3
CUMASER;3;22.12.1964;0;3
SAYIET;3;17.09.1977;0;3
GAZVA;3;30.08.1951;0;3
SUGUL;3;30.06.1973;0;3
HAVARZEMIN;3;11.11.1953;0;3
UNYE;3;30.06.1976;0;3
ZILFIANA;3;6.10.1974;0;3
GULUMSEVER;3;24.11.1971;0;3
KAHILE;3;11.12.1973;0;3
DILSAR;3;30.11.1965;0;3
SIILE;3;20.03.1969;0;3
TESIME;3;30.10.1973;0;3
GULLUISTAN;3;15.12.1963;0;3
FATIZ;3;13.02.1959;0;3
TUHFETTULLAH;3;22.06.1963;0;3
SAHINEVAT;3;27.08.1967;0;3
DURIYEN;3;1.09.1963;0;3
FEYAZAN;3;4.09.1960;0;3
MEYYADE;3;8.02.1979;0;3
NADIRIYA;3;12.02.1975;0;3
PERIZET;3;27.01.1962;0;3
MEFHARE;3;27.08.1957;0;3
DIGER;3;30.03.1953;0;3
TAKSIRE;3;15.05.1958;0;3
ALEFE;3;12.02.1960;0;3
SAHZA;3;13.08.1949;0;3
LIHIZA;3;22.07.1949;0;3
KORDELA;3;12.10.1969;0;3
SUVADA;3;23.02.1965;0;3
BESLIYE;3;27.02.1984;0;3
MENFIZE;3;18.07.1949;0;3
YAZIBE;3;14.04.1972;0;3
MEHRECAN;3;8.08.1976;0;3
LUNE;3;6.07.1976;0;3
MECICE;3;7.12.1974;0;3
AGCUN;3;10.10.1938;0;3
MURSUME;3;22.02.1967;0;3
HASUBE;3;24.02.1963;0;3
FADIMETULZEHRA;3;4.10.1983;0;3
SIFAA;3;22.01.1969;0;3
SAGRIYE;3;9.11.1959;0;3
GEZIDE;3;21.12.1950;0;3
MAKBULEGUL;3;6.12.1975;0;3
NEHTIYE;3;4.02.1981;0;3
BAHCIYE;3;24.08.1962;0;3
MUREFFEH;3;6.07.1963;0;3
TUANNA;3;10.07.1987;0;3
TOHIDE;3;27.04.1962;0;3
NILHUN;3;26.04.1985;0;3
NEFIME;3;6.02.1946;0;3
TULEK;3;15.07.1971;0;3
SILDA;3;13.10.1976;0;3
LOBA;3;24.10.1969;0;3
KEVRI;3;25.03.1932;0;3
AYNAMAZ;3;26.12.1983;0;3
NECISE;3;3.07.1956;0;3
IMMHAN;3;5.07.1960;0;3
HAZMIK;3;21.09.1943;0;3
BEHZER;3;11.07.1952;0;3
HEBIZE;3;22.12.1973;0;3
DUNYAZEL;3;3.11.1952;0;3
MAHIDEVRAN;3;19.11.1948;0;3
SIYAL;3;7.09.1966;0;3
FIRKINAZ;3;10.03.1962;0;3
HAREMSAH;3;30.10.1978;0;3
MUSAVERE;3;23.02.1953;0;3
ASKUL;3;11.02.1948;0;3
ESMAYE;3;23.05.1959;0;3
KUNCU;3;25.10.1985;0;3
NEIR;3;9.03.1951;0;3
HARUNISA;3;17.10.1957;0;3
SULBE;3;7.06.1953;0;3
HAZNETE;3;27.03.1967;0;3
NAFE;3;30.01.1938;0;3
VESIFA;3;28.08.1983;0;3
VEZEY;3;23.11.1958;0;3
MUNVER;3;29.04.1958;0;3
NABIE;3;9.08.1967;0;3
SAYISE;3;17.05.1958;0;3
MUCELLEM;3;14.07.1970;0;3
FIKREZ;3;28.07.1982;0;3
SUZGAN;3;27.11.1959;0;3
FRUZAN;3;28.03.1968;0;3
UMMEYE;3;14.01.1989;0;3
FERYOL;3;21.08.1973;0;3
GANEY;3;15.12.1934;0;3
DILFIROS;3;16.08.1959;0;3
CULEYDA;3;4.10.1951;0;3
ASAFATMA;3;25.11.1950;0;3
DEYRA;3;3.05.1981;0;3
SEMEGUL;3;12.02.1962;0;3
MIYASEN;3;30.04.1979;0;3
RUTFIYE;3;23.04.1971;0;3
ASIKA;3;16.03.1949;0;3
OBES;3;6.07.1957;0;3
DILSET;3;10.12.1966;0;3
ISMIHATUN;3;3.07.1946;0;3
ZINIY;3;2.05.1957;0;3
ZIMETE;3;12.01.1963;0;3
ERIDE;3;15.05.1970;0;3
ITI;3;11.01.1941;0;3
ZUFIDE;3;30.09.1939;0;3
ENZELIHA;3;1.10.1960;0;3
SUNURIYE;3;11.12.1960;0;3
RUNAYI;3;3.01.1975;0;3
MAYIBE;3;30.07.1959;0;3
PIRIZADE;3;22.05.1959;0;3
SELUHA;3;18.03.1964;0;3
MUSACIDE;3;30.04.1990;0;3
ZEYTUNIYE;3;2.08.1967;0;3
ZEBIY;3;26.10.1935;0;3
SIDDISAH;3;24.03.1964;0;3
FERIMA;3;9.02.1974;0;3
NURFE;3;4.04.1962;0;3
IYA;3;24.09.1973;0;3
GIYAME;3;30.10.1975;0;3
DURGUS;3;6.05.1969;0;3
MEFHURE;3;7.07.1942;0;3
MEYSAN;3;14.07.1959;0;3
TALIAT;3;19.12.1964;0;3
YUKSEREN;3;16.01.1954;0;3
BESIMET;3;3.05.1953;0;3
ZSUZSANNA;3;17.07.1969;0;3
HINE;3;11.07.1962;0;3
SEVCEHAN;3;8.05.1967;0;3
HAMDIYYE;3;5.12.1961;0;3
ECINE;3;24.09.1980;0;3
FATGULU;3;14.08.1966;0;3
ALISYA;3;28.11.1985;0;3
IONELIA;3;29.05.1973;0;3
ZINEVRIYE;3;7.09.1956;0;3
MELTEMGUL;3;1.03.1983;0;3
ULKUSEL;3;23.11.1962;0;3
TAPI;3;25.08.1959;0;3
MUZULE;3;15.09.1962;0;3
DONSADE;3;4.12.1972;0;3
SHUSHANIK;3;5.04.1966;0;3
ERGUNE;3;25.06.1948;0;3
ELFIDIYE;3;6.03.1955;0;3
NUZHER;3;29.01.1937;0;3
EMETLAH;3;21.01.1966;0;3
NADVIYE;3;5.07.1961;0;3
INCIKAR;3;2.09.1954;0;3
GULSUMSER;3;16.12.1967;0;3
ARTA;3;11.01.1980;0;3
ZEYNEPANA;3;21.12.1958;0;3
GULGEM;3;6.01.1987;0;3
BRINDUSA;3;26.12.1975;0;3
GANIGMET;3;10.04.1965;0;3
GULLAFER;3;5.12.1962;0;3
DURNAGUL;3;11.11.1977;0;3
MUEYYIDE;3;27.04.1938;0;3
TURGADIN;3;21.01.1954;0;3
SIFAIYE;3;23.02.1957;0;3
AYISANA;3;5.08.1952;0;3
ENBIL;3;21.07.1968;0;3
BEVLIYE;3;25.06.1964;0;3
HEMIS;3;11.11.1948;0;3
SEFIFE;3;10.04.1966;0;3
DOROTHY;3;7.01.1964;0;3
KSENIYA;3;12.07.1976;0;3
SAHIRAZ;3;21.01.1939;0;3
NECIRIYE;3;7.12.1956;0;3
OL''GA;3;5.07.1977;0;3
KUPRIYA;3;17.10.1948;0;3
SEMSAN;3;5.11.1969;0;3
MIDRET;3;4.05.1952;0;3
ARUFE;3;23.12.1960;0;3
SEFIKER;3;15.11.1973;0;3
KADIRNUR;3;3.04.1977;0;3
HATICENA;3;12.10.1950;0;3
SEBBELI;3;3.01.1949;0;3
MEZAGO;3;7.08.1977;0;3
TERZILI;3;16.05.1962;0;3
SEVGAY;3;12.11.1977;0;3
AYSELIM;3;15.07.1961;0;3
EFEKAT;3;2.03.1960;0;3
HACEZ;3;6.08.1974;0;3
ZEHRILBEN;3;29.04.1955;0;3
NUZER;3;7.06.1963;0;3
NAMAZIYE;3;30.2.1963;0;3
RUHENGIZ;3;6.09.1976;0;3
YELIZHAN;3;24.05.1981;0;3
NERSEN;3;14.03.1965;0;3
MEBRUHA;3;13.04.1955;0;3
MEVCUDA;3;16.02.1969;0;3
KUZEYLA;3;8.09.1975;0;3
MARGARETHA;3;2.04.1942;0;3
KUNAY;3;18.03.1958;0;3
SEPKIN;3;18.05.1967;0;3
NICOLETTA;3;19.05.1972;0;3
TELLU;3;26.09.1965;0;3
MEYRAME;3;7.09.1977;0;3
SABORE;3;22.04.1938;0;3
VAKIDE;3;18.04.1974;0;3
SEHERNAS;3;23.09.1965;0;3
ILONKA;3;8.11.1948;0;3
DEBBIE;3;4.04.1968;0;3
IRINE;3;9.07.1974;0;3
SALINAZ;3;26.01.1968;0;3
NEBIZE;3;14.12.1963;0;3
RUYDE;3;29.05.1956;0;3
YUZZUK;3;2.07.1963;0;3
MUJLAL;3;1.04.1954;0;3
HAMIDEI;3;25.07.1935;0;3
RUHSEVER;3;21.06.1950;0;3
IFDAR;3;2.10.1963;0;3
HICRANGUL;3;10.05.1963;0;3
RUFINA;3;26.06.1966;0;3
SAHABIYE;3;13.08.1971;0;3
UZEMIYE;3;7.03.1955;0;3
HANIFER;3;8.12.1959;0;3
PEMBUS;3;28.03.1950;0;3
DURDUSEN;3;14.04.1974;0;3
OYSUN;3;20.07.1980;0;3
HAVVASEN;3;28.02.1964;0;3
JEANETTE;3;9.06.1961;0;3
RAHMANA;3;22.04.1965;0;3
KIBAL;3;3.10.1967;0;3
DURRIYYE;3;29.12.1946;0;3
URTUNAY;3;8.09.1956;0;3
STANISLAVA;3;7.06.1969;0;3
MUSLIMIYE;3;2.04.1964;0;3
MEYGUL;3;8.08.1959;0;3
HALATE;3;8.08.1971;0;3
FIZER;3;21.01.1957;0;3
ZUBEYTE;3;23.05.1961;0;3
ILKAYE;3;9.10.1960;0;3
MERHUBE;3;5.02.1978;0;3
ZUBERYA;3;30.09.1971;0;3
GULNEHIR;3;21.03.1966;0;3
SENUGUR;3;1.11.1944;0;3
LELYA;3;6.03.1972;0;3
KAMERTAP;3;18.05.1980;0;3
MIRJANA;3;26.02.1960;0;3
FRANZISKA;3;8.11.1970;0;3
ZATINE;3;25.01.1954;0;3
HUMAYLA;3;23.06.1951;0;3
LENARA;3;23.03.1970;0;3
GULYADI;3;11.12.1959;0;3
ETHIYE;3;7.02.1968;0;3
MUZUHAN;3;30.11.1958;0;3
TEREGUL;3;12.03.1967;0;3
TALIHAT;3;15.06.1962;0;3
MUHLIDE;3;26.07.1981;0;3
DURABIYE;3;6.01.1973;0;3
IREL;3;21.03.1958;0;3
SUBIHE;3;12.06.1945;0;3
ZUVEYBE;3;29.05.1960;0;3
MIHRAM;3;2.03.1953;0;3
ILAHAT;3;5.08.1981;0;3
UMUME;3;3.08.1964;0;3
NEFIYDE;3;20.11.1955;0;3
ANILHAYAT;3;21.04.1946;0;3
MUZEHEN;3;28.12.1957;0;3
EFLICE;3;22.02.1973;0;3
DODU;3;20.05.1956;0;3
GUFIYE;3;28.02.1951;0;3
TUNIYE;3;12.04.1976;0;3
BILTAP;3;30.07.1978;0;3
LESYA;3;9.08.1981;0;3
CIGDEMAL;3;9.04.1981;0;3
ETIKA;3;25.11.1953;0;3
SORAYA;3;6.01.1968;0;3
SERIHE;3;30.05.1961;0;3
BIDIHA;3;12.04.1965;0;3
SUFAYLA;3;23.03.1958;0;3
GURLU;3;29.11.1959;0;3
DIDARA;3;24.04.1961;0;3
MEHTEBAR;3;15.01.1941;0;3
FABIENNE;3;21.10.1969;0;3
AZIZEI;3;21.10.1960;0;3
MERIYEN;3;5.07.1965;0;3
AZIMINE;3;22.02.1954;0;3
HAFIZEI;3;24.07.1938;0;3
MARGIE;3;13.02.1965;0;3
EMNUR;3;21.08.1963;0;3
SANIYET;3;13.09.1965;0;3
HAYRULNUSA;3;15.12.1960;0;3
AHSUMAN;3;28.08.1966;0;3
TIMKA;3;9.05.1958;0;3
NEFISEI;3;15.08.1931;0;3
KALENFIL;3;5.12.1950;0;3
JUSTINE;3;23.09.1968;0;3
HUZEME;3;2.07.1955;0;3
NANISE;3;3.01.1964;0;3
ANBERIYE;3;21.11.1938;0;3
ROZIYE;3;20.02.1945;0;3
NAZIKDEN;3;18.11.1947;0;3
SAMANTHA;3;29.07.1972;0;3
MIYARE;3;16.01.1958;0;3
SAMLE;3;20.09.1952;0;3
SESHAN;3;3.01.1974;0;3
GULSUYU;3;1.02.1970;0;3
ROSEMARY;3;9.02.1952;0;3
SANSENEM;3;21.01.1973;0;3
RIVAZE;3;23.03.1978;0;3
KOVHER;3;30.11.1961;0;3
NURCUN;3;28.09.1976;0;3
MUSEHIR;3;18.11.1969;0;3
MAYIPER;3;5.01.1965;0;3
MEFHIDE;3;26.06.1966;0;3
INTIHA;3;22.12.1964;0;3
NEVDAN;3;15.03.1971;0;3
BENNAZ;3;3.06.1967;0;3
LAMISAL;3;19.11.1940;0;3
ZELULE;3;17.03.1967;0;3
GULKEVSER;3;20.10.1975;0;3
HUNEYDA;3;14.08.1978;0;3
GULSEK;3;6.11.1959;0;3
SABAYIN;3;15.08.1966;0;3
NEMISE;3;26.07.1975;0;3
NURHANGUL;3;7.04.1971;0;3
JILAL;3;6.06.1973;0;3
NIYLIFER;3;11.06.1947;0;3
VEYDE;3;21.06.1958;0;3
KARANFILI;3;24.03.1957;0;3
KABUHAN;3;12.05.1982;0;3
BEYTIHAN;3;3.11.1981;0;3
LAZZAT;3;1.04.1976;0;3
AHUTUBA;3;22.05.1983;0;3
MINURA;3;12.08.1958;0;3
GULFAYET;3;11.12.1963;0;3
BURCEK;3;4.01.1981;0;3
MZEVINAR;3;24.08.1968;0;3
SATBERK;3;6.04.1940;0;3
NEMZAR;3;16.06.1938;0;3
NURBUKE;3;14.02.1991;0;3
DRAGICA;3;19.09.1954;0;3
SOYSAN;3;2.01.1971;0;3
HEYRANSA;3;27.05.1945;0;3
LISELOTTE;3;27.03.1940;0;3
MAURA;3;3.07.1965;0;3
MEVFARET;3;24.07.1961;0;3
SEZGUR;3;11.12.1958;0;3
REVAL;3;24.11.1973;0;3
MUEDDA;3;24.03.1947;0;3
HOPA;3;25.12.1954;0;3
SEVIMHAN;3;26.04.1977;0;3
NADES;3;28.09.1958;0;3
KIBARGUL;3;23.07.1968;0;3
EMBIS;3;9.07.1932;0;3
NUTIYA;3;7.01.1949;0;3
HABBIS;3;10.03.1953;0;3
NAZIKEN;3;26.11.1951;0;3
DERYACAN;3;12.02.1982;0;3
FATIMAGUL;3;3.03.1970;0;3
SAZIFE;3;25.07.1973;0;3
MUTEFEKKIRE;3;23.04.1965;0;3
MESAADET;3;17.05.1973;0;3
LIKER;3;22.12.1963;0;3
HATICELI;3;14.08.1947;0;3
SEVIYAT;3;21.09.1965;0;3
MAHIFIRUZE;3;13.06.1959;0;3
ESVANE;3;14.03.1966;0;3
FAGAT;3;22.12.1956;0;3
NEFHARET;3;1.03.1970;0;3
IREHMI;3;8.05.1957;0;3
SEFIKAR;3;22.06.1948;0;3
MAHURA;3;9.08.1960;0;3
SAHKADIN;3;5.07.1941;0;3
NURMIYE;3;13.02.1950;0;3
TAVSIRE;3;12.06.1958;0;3
GIZEMSU;3;5.11.1982;0;3
FAHRUNNUSA;3;30.06.1960;0;3
FEVZINAZ;3;25.05.1963;0;3
ESMAFER;3;4.01.1963;0;3
SERUS;3;27.03.1947;0;3
CEMINA;3;19.09.1974;0;3
ZEKARET;3;20.03.1956;0;3
MECEL;3;15.12.1966;0;3
NURIPER;3;18.08.1955;0;3
TARIHAN;3;30.07.1963;0;3
ANTOANETA;3;14.09.1977;0;3
GULRAH;3;21.11.1968;0;3
IRIZBAN;3;16.11.1942;0;3
BAHKIYE;3;1.06.1965;0;3
SAVCAN;3;27.07.1969;0;3
NURIJA;3;18.03.1969;0;3
BILBIN;3;1.11.1962;0;3
BIRSUA;3;17.02.1978;0;3
MEHRAL;3;11.05.1970;0;3
SEYDAZE;3;9.02.1965;0;3
SELMAG;3;20.09.1969;0;3
SAHZIMENT;3;19.07.1955;0;3
FERHIMDE;3;19.12.1944;0;3
GIRSEN;3;29.03.1978;0;3
ZERCEHAN;3;19.11.1966;0;3
SEYYIDEGUL;3;14.12.1929;0;3
SERDAH;3;21.12.1971;0;3
HARZU;3;9.12.1944;0;3
SEVABIYE;3;22.04.1971;0;3
RUSENE;3;8.03.1949;0;3
GULFEZER;3;21.05.1952;0;3
NURSEBIL;3;5.02.1986;0;3
SAENDE;3;2.07.1956;0;3
SAHSIMEN;3;10.01.1979;0;3
GUCUN;3;17.05.1958;0;3
SEHSUDE;3;10.05.1961;0;3
MUKATDIZ;3;12.10.1964;0;3
NEZAFAT;3;5.09.1973;0;3
SELVIS;3;1.07.1952;0;3
GULSURA;3;20.11.1963;0;3
GUNNEFER;3;23.12.1965;0;3
MEHREMA;3;26.01.1956;0;3
MEYYAM;3;28.10.1969;0;3
BINNASE;3;21.12.1959;0;3
CEYHANE;3;17.12.1971;0;3
VACIYE;3;24.01.1953;0;3
CISMIYE;3;11.08.1954;0;3
GULBINUR;3;28.12.1978;0;3
HARIKAN;3;30.12.1972;0;3
NAHZAN;3;22.03.1969;0;3
SEVERINA;3;18.01.1973;0;3
YAGSER;3;23.06.1965;0;3
IZABER;3;10.02.1946;0;3
GULFES;3;18.02.1955;0;3
NURHAYAN;3;18.04.1963;0;3
MUZEER;3;16.03.1956;0;3
LUSE;3;30.10.1966;0;3
EHADE;3;4.03.1950;0;3
GULLUZARI;3;16.10.1965;0;3
NIYAZER;3;20.03.1957;0;3
LEHIMAN;3;6.06.1946;0;3
ESMELEK;3;12.11.1940;0;3
SEVIRDE;3;5.08.1936;0;3
BAHNUR;3;16.05.1981;0;3
ERGULAY;3;19.07.1973;0;3
SUHEYDAN;3;20.06.1955;0;3
ZILIHAN;3;5.10.1964;0;3
SABBE;3;5.12.1951;0;3
SECNUR;3;24.09.1982;0;3
HAKIZAR;3;23.06.1944;0;3
REBBANIYE;3;3.05.1957;0;3
SEKIVE;3;17.06.1956;0;3
BAISER;3;19.01.1956;0;3
ZEYBAN;3;1.10.1968;0;3
HARISER;3;7.11.1970;0;3
YASINAY;3;5.10.1987;0;3
MILIM;3;4.03.1979;0;3
ZEHYA;3;7.10.1969;0;3
EYTEL;3;16.05.1965;0;3
NARIMIN;3;25.01.1965;0;3
BELME;3;8.08.1965;0;3
HAPI;3;26.05.1963;0;3
DILANAY;3;17.01.1990;0;3
CHANTAL;3;25.09.1963;0;3
YOLAND;3;28.09.1943;0;3
AYMIR;3;10.12.1973;0;3
NEMNAMI;3;30.09.1943;0;3
IMTISAL;3;12.08.1961;0;3
NUMRIYE;3;15.08.1952;0;3
ENZADE;3;22.11.1962;0;3
SAYZADE;3;18.08.1968;0;3
MAHTUBE;3;8.06.1978;0;3
KUTUKTE;3;16.07.1951;0;3
MIRYANA;3;27.05.1950;0;3
YUMRA;3;30.2.1990;0;3
DIYALE;3;13.06.1979;0;3
SABAN;77903;16.09.1964;77901;2
SELAHATTIN;72684;17.02.1964;72682;2
VELI;56563;5.03.1962;56561;2
HAMZA;39887;12.02.1968;39885;2
CAFER;38578;26.02.1963;38576;2
OKTAY;35770;19.07.1975;35768;2
FUAT;32969;6.04.1971;32967;2
TAHIR;32329;19.12.1963;32327;2
FAHRETTIN;31512;16.03.1965;31510;2
OGUZ;26612;22.05.1978;26610;2
SERAFETTIN;24475;29.03.1962;24473;2
TARIK;22541;10.06.1979;22539;2
ERTUGRUL;20951;10.09.1971;20949;2
CEVAT;20022;7.03.1962;20020;2
AKIF;20014;21.05.1968;20012;2
ASIM;17468;4.03.1963;17466;2
CEMALETTIN;16098;6.06.1965;16096;2
TALIP;15580;24.02.1968;15578;2
OGUZHAN;15528;1.07.1983;15526;2
HASIM;15125;28.06.1965;15123;2
LOKMAN;13485;12.10.1976;13483;2
ABIDIN;12432;27.03.1966;12430;2
MERT;11636;12.07.1985;11634;2
CELALETTIN;10705;8.09.1966;10703;2
HULUSI;10388;16.09.1962;10386;2
ISKENDER;9949;27.02.1969;9947;2
NAMIK;9060;14.12.1965;9058;2
FESIH;6387;23.03.1975;6385;2
VAHAP;6218;1.11.1965;6216;2
SUPHI;6000;8.09.1966;5998;2
ALICAN;5974;3.10.1977;5972;2
ISRAFIL;5571;21.09.1970;5569;2
TIMUR;5111;13.07.1974;5109;2
HIZIR;4856;26.08.1966;4854;2
TAYYAR;3861;8.10.1965;3859;2
ALP;3560;22.06.1977;3558;2
DEDE;3286;11.04.1957;3284;2
MAHSUM;3208;14.10.1980;3206;2
TELAT;2832;7.07.1968;2830;2
NASIR;2475;24.08.1969;2473;2
BERK;2451;12.11.1985;2449;2
BATUHAN;2354;3.02.1987;2352;2
HATIP;2182;3.04.1968;2180;2
MEMIK;2158;16.09.1962;2156;2
KORHAN;2101;2.07.1979;2099;2
KURSAD;1966;24.04.1980;1964;2
SAHAP;1700;7.03.1965;1698;2
NABI;1654;21.11.1964;1652;2
BERKANT;1625;5.08.1979;1623;2
KUDDUSI;1610;23.08.1962;1608;2
BEYAZIT;1522;7.12.1971;1520;2
SIYAMI;1401;11.05.1965;1399;2
SIHO;1360;7.04.1957;1358;2
DEVRIS;1344;20.01.1965;1342;2
EFRAHIM;1247;9.03.1963;1245;2
PEHLUL;1245;23.11.1963;1243;2
SEYDO;1238;10.09.1956;1236;2
NASIF;1217;11.12.1963;1215;2
CUNEYIT;1193;27.11.1975;1191;2
MUSTAN;1186;6.07.1960;1184;2
HUSMEN;1142;7.10.1957;1140;2
NAYIF;1068;13.03.1963;1066;2
ZEKERYA;986;23.01.1966;984;2
UBEYIT;899;9.04.1968;897;2
SEKIP;870;14.01.1963;868;2
KORKUT;868;3.12.1973;866;2
DURGUT;857;27.02.1953;855;2
MASUK;751;16.08.1973;749;2
RAYIF;744;21.12.1963;742;2
KAPLAN;712;27.03.1960;710;2
SUMMANI;667;20.11.1963;665;2
ESET;655;17.08.1961;653;2
NECIM;655;20.01.1965;653;2
KABIL;650;13.11.1964;648;2
MUKAIL;635;17.04.1976;633;2
ESEF;547;9.11.1968;545;2
NASIT;541;25.05.1963;539;2
GULAGA;530;17.10.1959;528;2
YURDAER;520;28.09.1965;518;2
MIHRALI;511;28.10.1954;509;2
FIKRETTIN;509;26.12.1958;507;2
FERDUN;446;16.02.1966;444;2
HIKMETULLAH;445;22.07.1971;443;2
CAVUS;443;24.05.1965;441;2
ILIMDAR;432;4.07.1963;430;2
TEMIR;362;2.08.1961;360;2
CELIK;362;22.05.1954;360;2
HASEM;343;28.01.1979;341;2
EYUPHAN;339;14.03.1977;337;2
OZTEKIN;336;13.07.1970;334;2
OLKAN;335;6.08.1983;333;2
SERTIP;323;22.10.1965;321;2
VECIH;316;21.09.1964;314;2
SUAVI;306;2.07.1961;304;2
NEZIHI;303;30.07.1962;301;2
FEYYAT;282;5.09.1969;280;2
SAVKI;274;4.04.1957;272;2
VACIT;271;12.09.1960;269;2
ISMETULLAH;261;3.11.1969;259;2
HUROL;260;5.05.1973;258;2
LEMI;258;23.10.1966;256;2
BUGRAHAN;252;7.06.1987;250;2
FURAT;249;4.08.1979;247;2
OGULCAN;246;19.07.1988;244;2
GEYLANI;245;22.07.1977;243;2
NEVFEL;245;9.03.1964;243;2
FERAMUS;244;30.07.1964;242;2
SALTUK;242;7.10.1982;240;2
MUNTAZ;240;13.05.1967;238;2
ELYAS;233;8.01.1958;231;2
NIDAI;226;7.09.1962;224;2
DIKRAN;218;29.03.1961;216;2
RUFI;218;5.04.1959;216;2
ATLAN;217;13.09.1968;215;2
FERMANI;208;13.03.1963;206;2
KARAHAN;207;18.12.1971;205;2
ERSON;205;19.01.1972;203;2
YILDIRAN;204;14.05.1968;202;2
ERDOGDU;200;26.03.1964;198;2
TURAP;197;17.01.1966;195;2
BAHIR;195;18.08.1963;193;2
ARTUN;195;20.12.1977;193;2
EMIRSAH;192;18.01.1970;190;2
KORAL;188;1.04.1976;186;2
UMUTCAN;185;12.12.1988;183;2
GAFARI;178;28.01.1973;176;2
MIRSAT;174;26.06.1982;172;2
ULUC;172;16.06.1980;170;2
DEHAM;171;1.12.1970;169;2
FEYSAL;170;23.06.1967;168;2
TUGRAN;170;9.04.1969;168;2
RAFETTIN;167;23.09.1960;165;2
SIRZAT;166;30.09.1967;164;2
SALAH;166;18.07.1961;164;2
NAGI;163;15.04.1967;161;2
NAIT;163;6.08.1964;161;2
SULHI;161;13.06.1958;159;2
TASIN;160;29.06.1964;158;2
CEBELI;154;13.06.1965;152;2
RAYIM;154;10.11.1963;152;2
ONURHAN;151;16.03.1988;149;2
BINNET;151;23.05.1958;149;2
BARANSEL;143;1.11.1983;141;2
ATAMER;140;8.01.1968;138;2
TOGAY;140;28.04.1981;138;2
FELAT;137;27.11.1980;135;2
ERDUN;135;7.07.1965;133;2
KADIRI;133;16.07.1963;131;2
KUBLAY;131;5.12.1962;129;2
SEDIK;130;27.12.1969;128;2
SAHVELET;128;24.11.1950;126;2
KAYIHAN;124;18.11.1965;122;2
MIRHAC;124;3.04.1974;122;2
ARA;123;11.10.1958;121;2
SEDDAR;120;16.07.1969;118;2
NEHAT;117;4.05.1953;115;2
MUSFIK;116;21.02.1968;114;2
ALO;115;9.07.1938;113;2
ILAMI;115;29.08.1964;113;2
APIL;113;11.06.1960;111;2
ATLEN;111;12.03.1968;109;2
TEYMEN;110;18.11.1972;108;2
GAFAR;108;15.05.1966;106;2
MIRBEY;106;9.07.1965;104;2
TUGSAN;105;13.08.1982;103;2
ILBAY;104;15.03.1974;102;2
KEYFO;104;11.12.1949;102;2
OSKAN;103;7.05.1980;101;2
SUUT;102;14.01.1978;100;2
FEDAT;101;12.04.1970;99;2
FAMIL;100;25.01.1966;98;2
BASER;99;14.03.1972;97;2
OZGUC;99;29.05.1984;97;2
NASAN;97;30.05.1952;95;2
GUNTEKIN;95;18.10.1966;93;2
NORI;95;24.09.1956;93;2
YALIM;94;22.06.1976;92;2
TANRIVERDI;93;21.01.1963;91;2
NEJLET;92;1.11.1970;90;2
BIRET;91;1.02.1974;89;2
CUMAN;90;22.07.1967;88;2
SUCA;90;6.03.1961;88;2
SEMAHATTIN;88;4.07.1958;86;2
DANIYEL;88;10.11.1969;86;2
NAHIL;87;3.10.1966;85;2
HAYATIN;85;4.09.1962;83;2
DIBO;81;6.08.1961;79;2
ELYASA;81;9.11.1973;79;2
YUDA;79;27.11.1947;77;2
MIR;77;21.08.1965;75;2
NEYFEL;76;27.08.1976;74;2
NURZAT;75;23.05.1969;73;2
CIHANKER;75;11.06.1965;73;2
AKSOY;75;2.09.1970;73;2
NECLET;74;28.12.1968;72;2
REFAT;72;18.05.1965;70;2
NEDRETTIN;72;23.02.1962;70;2
CEVIK;71;28.09.1958;69;2
BORAY;70;30.10.1979;68;2
MUSIR;70;12.12.1951;68;2
DANYEL;69;10.09.1971;67;2
USTUNER;69;29.04.1969;67;2
HAMIDULLAH;68;26.01.1977;66;2
EBA;67;3.12.1968;65;2
TARCAN;66;10.07.1974;64;2
GAFER;65;6.02.1961;63;2
DOGUCAN;63;5.02.1989;61;2
BIRA;62;12.11.1944;60;2
AKTUG;60;4.01.1977;58;2
HOCA;58;28.04.1966;56;2
NEDIP;58;7.08.1970;56;2
BEYLUL;58;25.11.1966;56;2
KEKI;58;30.03.1950;56;2
FERZANDE;57;22.11.1965;55;2
SAMUEL;57;6.07.1958;55;2
TUNGA;56;10.12.1971;54;2
MUAMBER;56;6.11.1965;54;2
RAFFI;55;9.05.1964;53;2
SUHEYIL;55;21.11.1967;53;2
DUMLU;54;27.10.1961;52;2
HALIK;54;16.03.1965;52;2
VAHE;53;13.02.1952;51;2
UMUD;53;26.07.1978;51;2
HULUS;52;14.10.1954;50;2
NIKAIL;52;27.11.1970;50;2
SEHMI;52;12.06.1960;50;2
OLKAY;52;27.07.1981;50;2
DENIZER;52;27.09.1979;50;2
RAHMANI;52;6.11.1973;50;2
VESFI;51;8.09.1970;49;2
ATAK;50;23.04.1971;48;2
MUZZAFER;49;30.06.1973;47;2
OSKAY;49;20.12.1979;47;2
MOMIN;49;29.12.1957;47;2
SERUHAN;47;8.03.1960;45;2
ULUG;47;11.11.1967;45;2
BERKHAN;47;18.02.1983;45;2
TUGAN;47;12.02.1975;45;2
ESBER;46;7.06.1966;44;2
TUHAN;46;24.05.1980;44;2
MURSID;44;1.11.1974;42;2
SAFFAN;44;22.04.1967;42;2
AKHAN;44;22.12.1970;42;2
MEDED;44;10.10.1970;42;2
ISO;43;26.05.1949;41;2
MAHSUR;43;3.08.1972;41;2
KERIMHAN;42;15.09.1973;40;2
ERCUMAN;41;22.01.1972;39;2
IRFAT;41;21.04.1964;39;2
SAHSUVER;41;23.12.1963;39;2
FERZINDE;41;17.12.1968;39;2
FIGANI;41;16.05.1967;39;2
ETA;41;26.09.1967;39;2
ALHAN;40;1.06.1960;38;2
KURTAR;40;11.03.1966;38;2
HAMZI;40;28.12.1959;38;2
ILHAK;39;28.10.1979;37;2
CANDAR;39;7.11.1972;37;2
BIRSOY;39;18.02.1974;37;2
SAHZAT;39;24.07.1950;37;2
MELIHCAN;38;25.11.1987;36;2
LADIF;38;27.01.1957;36;2
SAFIK;38;2.01.1959;36;2
TEMURHAN;37;21.02.1958;35;2
ARTAN;37;10.08.1961;35;2
MUSREF;37;13.01.1958;35;2
ERSEGUN;36;26.02.1977;34;2
GUVENIR;36;5.01.1973;34;2
HAMAM;36;19.05.1954;34;2
GULBENK;36;28.10.1954;34;2
TURMUS;35;5.04.1942;33;2
DENGIN;35;13.03.1983;33;2
OLCUN;35;30.07.1981;33;2
ATAN;35;25.04.1968;33;2
TETER;35;27.08.1962;33;2
BESLER;35;22.07.1964;33;2
KUTHAN;34;23.03.1975;32;2
CUMUR;34;13.01.1960;32;2
MEDYEN;33;19.02.1973;31;2
KURTAY;33;27.06.1973;31;2
ANILCAN;33;5.02.1991;31;2
NUHU;33;17.11.1963;31;2
ELIYA;33;17.06.1950;31;2
SECKINER;32;2.08.1978;30;2
SEVDER;32;8.10.1983;30;2
NAFIL;32;10.03.1962;30;2
FARHO;31;12.01.1938;29;2
KOSAR;31;2.09.1968;29;2
TARIH;31;9.10.1971;29;2
VAYSEL;31;24.12.1959;29;2
CEZO;30;21.12.1941;28;2
ILHANI;30;10.06.1971;28;2
MUZAHIR;30;29.09.1962;28;2
CEFER;30;17.07.1960;28;2
MUTASIM;29;5.10.1968;27;2
TOPER;29;11.11.1968;27;2
FERAHATTIN;29;24.03.1956;27;2
ALDEMIR;29;13.04.1954;27;2
ZUBET;29;13.09.1958;27;2
FERAYIM;29;10.08.1965;27;2
SETDAR;28;6.12.1968;26;2
SECI;28;1.02.1959;26;2
MUZAFFAR;28;5.04.1958;26;2
SALIBA;28;2.10.1954;26;2
BILGUTAY;28;24.03.1970;26;2
FAYIM;28;27.10.1974;26;2
NOFER;28;29.02.1968;26;2
SITAM;27;13.03.1962;25;2
SELADIN;27;4.08.1967;25;2
OZBER;27;18.05.1971;25;2
HAZRETI;27;24.02.1968;25;2
TECER;27;20.09.1971;25;2
ZULKEF;27;22.10.1958;25;2
MUKRIMIN;26;25.07.1965;24;2
SEYFO;26;30.07.1949;24;2
OYKUN;26;9.06.1981;24;2
MURTEZ;26;3.06.1958;24;2
PIRZADE;26;12.11.1968;24;2
DURHAMI;26;23.05.1971;24;2
SEFFAT;26;9.09.1972;24;2
DENGIZ;26;16.06.1964;24;2
KITMIR;26;12.06.1959;24;2
ELHAMI;26;9.11.1961;24;2
NAZARET;26;13.08.1953;24;2
EMANUEL;25;14.05.1977;23;2
FILIP;25;3.12.1969;23;2
ADAY;25;9.07.1978;23;2
IMMET;25;13.04.1966;23;2
GARIPHAN;25;24.12.1966;23;2
BASAT;25;25.03.1975;23;2
YASARETTIN;25;24.11.1953;23;2
MEFHAR;24;17.09.1962;22;2
DEVIR;24;1.07.1977;22;2
AKDENIZ;24;10.10.1974;22;2
ZEYBEK;24;29.06.1969;22;2
SAFDER;24;21.11.1954;22;2
FEDIL;24;20.06.1972;22;2
BILAT;23;9.02.1967;21;2
ISMAT;23;12.10.1948;21;2
ROMI;23;24.12.1948;21;2
MUSE;23;25.10.1961;21;2
SULFI;23;29.01.1964;21;2
TOREHAN;23;14.04.1984;21;2
TURAB;23;24.06.1979;21;2
YASADIN;23;24.02.1957;21;2
ERDILEK;23;25.01.1973;21;2
VARAN;22;8.06.1981;20;2
BEDIRAN;22;25.04.1963;20;2
SAVNI;22;29.07.1953;20;2
MUDAYIM;22;14.08.1958;20;2
NUTKU;22;21.11.1969;20;2
TACAN;22;28.06.1968;20;2
AMIS;22;27.04.1942;20;2
IBADI;22;30.07.1962;20;2
IZHAN;21;24.06.1961;19;2
TEYMAN;21;25.08.1964;19;2
SABIL;21;29.03.1977;19;2
PEYAL;21;10.03.1967;19;2
MUSDAT;21;3.04.1967;19;2
CUCO;20;22.06.1952;18;2
REDIF;20;2.03.1965;18;2
DILEVER;20;11.05.1971;18;2
MASUN;20;26.02.1968;18;2
ZEVKI;20;15.03.1961;18;2
REMIZ;20;1.10.1962;18;2
SUVARI;20;4.06.1967;18;2
ERDINAY;20;23.12.1976;18;2
MUHTEDIR;20;6.07.1974;18;2
RABIH;19;9.10.1970;17;2
SEBUR;19;19.02.1981;17;2
MEFAIR;19;1.04.1962;17;2
MISALI;19;22.05.1963;17;2
NEIM;19;14.12.1950;17;2
AHYET;19;22.05.1964;17;2
SARGIN;19;2.05.1969;17;2
SAHPAZ;19;6.01.1959;17;2
SEVDAI;19;19.03.1953;17;2
NORAY;19;5.01.1961;17;2
CAHAT;19;24.08.1957;17;2
ELSAN;19;3.09.1971;17;2
BURSALI;19;1.05.1959;17;2
HAKSUN;18;29.10.1970;16;2
HACIMET;18;9.05.1964;16;2
AYTON;18;3.04.1967;16;2
MEDAIL;18;8.04.1962;16;2
BICER;18;4.07.1953;16;2
OZNER;18;30.07.1966;16;2
TOMAN;18;24.10.1962;16;2
MUKERRIM;18;26.06.1960;16;2
GONULLU;18;23.06.1959;16;2
TAVABIL;18;10.08.1965;16;2
UMURCAN;18;9.02.1987;16;2
MISLIM;18;7.03.1964;16;2
IBRAM;18;9.09.1965;16;2
EGESEL;18;25.06.1971;16;2
ELHAS;17;25.06.1957;15;2
HACINAZ;17;15.01.1960;15;2
MUDDESIR;17;10.07.1975;15;2
SAMIN;17;9.09.1961;15;2
ONEN;17;5.06.1969;15;2
GURBAN;17;26.05.1968;15;2
BINAL;17;25.01.1969;15;2
BIRAL;17;17.01.1973;15;2
YARCAN;17;18.06.1968;15;2
CAYMAZ;17;25.02.1970;15;2
KORE;17;4.03.1955;15;2
MILLA;17;25.01.1953;15;2
KUTLAN;17;12.04.1975;15;2
ZADIN;17;19.10.1964;15;2
IMIT;16;22.12.1972;14;2
FEZI;16;1.01.1964;14;2
BUBU;16;7.06.1943;14;2
MUEZZIN;16;23.05.1965;14;2
UNVAN;16;14.07.1965;14;2
BALO;16;4.04.1951;14;2
BAYSUN;16;11.06.1971;14;2
ZULKU;16;11.04.1966;14;2
FEVZAT;16;17.06.1958;14;2
KEFLI;16;13.10.1970;14;2
INANIR;16;5.11.1980;14;2
SONTURK;16;12.01.1976;14;2
HAMMI;16;24.06.1945;14;2
BINAN;15;19.05.1966;13;2
KANIVAR;15;10.08.1989;13;2
DIHAM;15;16.11.1967;13;2
CEMAYIL;15;4.01.1962;13;2
CEMSULTAN;15;5.03.1976;13;2
AYKAL;15;25.12.1968;13;2
CUMAATTIN;15;4.09.1968;13;2
ARTAC;15;23.03.1972;13;2
BAHACAN;15;5.05.1988;13;2
EDVIN;15;13.03.1976;13;2
NAZLUM;15;22.06.1957;13;2
SIYAMIN;15;18.02.1967;13;2
KUTER;15;14.01.1966;13;2
SAVKU;15;15.08.1960;13;2
SIN;14;12.01.1974;12;2
BEDRO;14;29.04.1931;12;2
NIHET;14;15.10.1967;12;2
SAMIDIN;14;16.11.1955;12;2
SIDDET;14;8.03.1964;12;2
HENNA;14;23.07.1940;12;2
HURSID;14;21.10.1961;12;2
ERSEVINC;14;20.11.1961;12;2
NECMET;14;4.04.1955;12;2
UNGOR;14;20.10.1961;12;2
ARICAN;14;27.01.1973;12;2
SERGAN;14;19.04.1975;12;2
PIRA;14;21.04.1958;12;2
LEBI;14;4.09.1959;12;2
YAFER;14;24.09.1970;12;2
ATIN;14;21.01.1967;12;2
GUNTAS;14;1.05.1979;12;2
KUTGUN;14;12.03.1978;12;2
DURGAL;14;19.01.1965;12;2
SUPHANI;14;8.05.1970;12;2
EDVAR;14;4.02.1958;12;2
OZBILEN;13;1.12.1977;11;2
KILAY;13;3.04.1975;11;2
SIREC;13;16.11.1968;11;2
HUDADA;13;2.05.1966;11;2
SINDI;13;28.01.1967;11;2
SEVDAYI;13;10.04.1965;11;2
MENDU;13;10.07.1958;11;2
SEFATI;13;24.08.1966;11;2
MUNADI;13;20.04.1961;11;2
ALINUR;13;29.03.1969;11;2
SIR;13;2.08.1955;11;2
SIMET;13;7.11.1965;11;2
OZCEM;13;30.08.1984;11;2
MAZIN;13;15.04.1966;11;2
VASI;13;27.09.1960;11;2
ERSIM;13;20.11.1977;11;2
RUJHAT;13;3.06.1985;11;2
BERKALP;13;18.11.1980;11;2
SURGUN;13;1.03.1964;11;2
SAM;13;11.04.1974;11;2
MIAT;13;13.09.1969;11;2
BURA;13;12.07.1979;11;2
GOKTEKIN;12;14.08.1964;10;2
ISBAT;12;29.08.1965;10;2
HEJAR;12;23.01.1985;10;2
GONGUR;12;5.03.1981;10;2
SADUS;12;12.11.1951;10;2
GOKDEM;12;2.01.1980;10;2
ZEYNALI;12;4.12.1956;10;2
NEJET;12;12.01.1969;10;2
YORGUN;12;10.10.1985;10;2
HUSNUCAN;12;22.09.1980;10;2
OYMAN;12;5.07.1967;10;2
ERIL;12;28.10.1974;10;2
NURKAT;12;13.05.1967;10;2
DAGCAN;12;9.07.1983;10;2
AHIT;12;15.03.1967;10;2
FIKIRET;12;6.11.1966;10;2
ESKAN;12;10.11.1975;10;2
MASER;12;9.10.1964;10;2
MESUL;12;3.03.1975;10;2
SEVKATI;12;29.05.1961;10;2
BASARI;12;9.12.1978;10;2
AKAT;12;5.01.1959;10;2
ONCAL;12;2.02.1974;10;2
OZDAG;12;5.09.1976;10;2
HANNEN;12;14.06.1968;10;2
VURAN;12;7.02.1966;10;2
ARMANC;12;5.05.1988;10;2
SEYDAL;11;14.08.1973;9;2
HALIF;11;11.12.1964;9;2
YAR;11;26.06.1959;9;2
DAVRAN;11;1.03.1979;9;2
SEBIB;11;26.03.1962;9;2
TOZO;11;4.11.1948;9;2
KURSUN;11;2.01.1955;9;2
ERZUMAN;11;23.10.1962;9;2
FERMUZ;11;12.07.1962;9;2
FERU;11;11.01.1940;9;2
KURDI;11;27.07.1949;9;2
KALBIN;11;9.08.1985;9;2
SAHBEY;11;30.04.1961;9;2
YENEN;11;21.02.1961;9;2
UMET;11;8.04.1962;9;2
UFKAN;11;24.12.1975;9;2
AZAP;11;28.02.1970;9;2
NAMO;11;17.11.1941;9;2
NEVDET;11;16.03.1968;9;2
EREZ;11;24.06.1983;9;2
AKSAL;11;30.2.1964;9;2
FERHENK;11;17.01.1973;9;2
EMRET;11;11.11.1973;9;2
MUTEMET;11;15.07.1970;9;2
SORGUN;11;30.12.1980;9;2
METHAN;11;12.07.1969;9;2
ZAMANI;11;22.02.1977;9;2
HUZEYFA;11;15.10.1978;9;2
ERMIL;11;14.05.1973;9;2
HAYETI;10;20.10.1965;8;2
YILGIN;10;16.10.1972;8;2
SARKIZ;10;2.06.1968;8;2
SAAD;10;24.01.1975;8;2
MURTEDA;10;18.02.1978;8;2
CELLI;10;20.03.1955;8;2
BERHUDAN;10;9.10.1990;8;2
BEKIM;10;10.11.1971;8;2
ZUNNUR;10;14.02.1969;8;2
ISKEN;10;24.05.1968;8;2
MASEN;10;24.09.1962;8;2
HIRCIN;10;5.09.1981;8;2
URUFET;10;24.07.1963;8;2
ONAR;10;30.11.1969;8;2
ARCIN;10;27.05.1981;8;2
OVER;10;10.05.1963;8;2
NEPHAN;10;28.07.1968;8;2
CIHANDER;10;25.10.1966;8;2
AYDAL;10;27.01.1964;8;2
GUNVAR;10;30.01.1960;8;2
NAKSIN;10;5.09.1979;8;2
NUSRI;10;16.07.1972;8;2
FEKI;10;5.08.1963;8;2
ILAT;10;26.10.1954;8;2
CAMEL;10;18.11.1967;8;2
KIYMAZ;10;6.01.1958;8;2
ELFESIH;10;2.04.1964;8;2
IKRAR;10;12.09.1972;8;2
YUZER;10;19.12.1967;8;2
TUNAN;10;11.03.1974;8;2
ALTIOK;10;30.4.1758;8;2
HANLI;9;19.03.1954;7;2
ZIYVER;9;1.06.1957;7;2
BERTU;9;12.12.1985;7;2
KAHAR;9;18.05.1969;7;2
SARDAL;9;12.05.1978;7;2
AKRAM;9;17.05.1961;7;2
AKANAY;9;9.02.1974;7;2
GUCUK;9;21.03.1942;7;2
ZEYHAT;9;20.05.1959;7;2
ERDICAN;9;17.08.1987;7;2
HASER;9;6.07.1951;7;2
ULMAN;9;13.05.1960;7;2
MISIR;9;2.09.1945;7;2
ENAS;9;9.01.1977;7;2
ELBAY;9;27.05.1969;7;2
ASAL;9;17.01.1965;7;2
REYFI;9;11.05.1962;7;2
BILGEC;9;14.10.1967;7;2
ELFEZIYA;9;12.12.1972;7;2
ZULUFKAR;9;12.06.1970;7;2
RAGAIP;9;17.09.1980;7;2
KURSAN;9;12.06.1962;7;2
DUYGAN;9;8.06.1982;7;2
YONER;9;13.02.1969;7;2
ESERCAN;9;30.01.1982;7;2
SAZILI;9;10.12.1965;7;2
ERFAN;9;11.09.1973;7;2
MEFAI;9;14.09.1963;7;2
AKAL;9;7.05.1964;7;2
MUSAMET;9;30.10.1959;7;2
GUZEYFE;9;6.04.1963;7;2
SEBUH;9;24.01.1955;7;2
HAMMUS;9;6.02.1965;7;2
DUCAN;8;16.09.1961;6;2
YAVUZE;8;30.2.1961;6;2
ARAY;8;12.01.1975;6;2
HEDAYI;8;2.05.1959;6;2
ZIRHAN;8;18.06.1967;6;2
ERDAM;8;24.01.1971;6;2
EVVEL;8;2.01.1962;6;2
ZIKIR;8;28.05.1954;6;2
BOYSAN;8;27.03.1968;6;2
KOREY;8;25.01.1960;6;2
YETISEN;8;19.02.1963;6;2
TANJUR;8;16.02.1962;6;2
BEYTUR;8;19.06.1963;6;2
SELDAR;8;19.09.1977;6;2
TETIK;8;26.10.1946;6;2
SOZERI;8;15.11.1964;6;2
KUL;8;13.06.1964;6;2
SULH;8;12.01.1964;6;2
IZVAN;8;18.02.1967;6;2
MUSELLEM;8;3.06.1957;6;2
ENAR;8;8.12.1971;6;2
SERDAT;8;9.03.1975;6;2
BERAD;8;23.04.1985;6;2
GERMAN;8;3.06.1975;6;2
RIFAIL;8;6.01.1977;6;2
BIJAN;8;22.07.1965;6;2
ASMET;8;10.10.1959;6;2
ANER;8;14.06.1973;6;2
SADAKA;8;6.02.1974;6;2
EMANI;8;19.05.1968;6;2
KOCAR;8;2.09.1962;6;2
KUTLUCAN;8;23.07.1971;6;2
OZDILER;8;23.06.1970;6;2
SURER;8;24.07.1968;6;2
SOREL;8;23.01.1981;6;2
TURKSEV;8;20.05.1974;6;2
SADENUS;8;29.04.1966;6;2
SERDAC;8;14.08.1974;6;2
KEVRAN;8;27.03.1972;6;2
DOGANSEL;8;14.08.1976;6;2
MUDAFER;8;14.07.1966;6;2
SUHIL;8;10.11.1955;6;2
ENUR;7;1.08.1969;5;2
USKUN;7;10.12.1960;5;2
HAFZI;7;24.01.1968;5;2
IZHAK;7;18.10.1979;5;2
MERTAL;7;8.09.1967;5;2
DIHAP;7;14.03.1981;5;2
HAZERI;7;8.05.1966;5;2
MENIF;7;23.07.1962;5;2
MISO;7;10.08.1951;5;2
SAMAS;7;16.07.1956;5;2
NAFET;7;4.07.1969;5;2
ECRI;7;8.01.1960;5;2
TOLKAY;7;24.06.1972;5;2
NEIL;7;25.11.1970;5;2
ZILFER;7;29.09.1966;5;2
MUSTU;7;21.04.1952;5;2
VERAL;7;11.11.1973;5;2
SURHAT;7;9.11.1974;5;2
SOYDAM;7;27.09.1966;5;2
GUNEYHAN;7;27.05.1984;5;2
ZIRAN;7;6.03.1961;5;2
ATLI;7;30.01.1955;5;2
MUHTI;7;12.03.1958;5;2
REYAT;7;26.09.1952;5;2
AYLAZ;7;23.03.1964;5;2
FERUN;7;13.11.1966;5;2
KEMAIL;7;6.07.1949;5;2
UCRET;7;26.02.1967;5;2
GUC;7;20.12.1971;5;2
URET;7;27.01.1962;5;2
KORU;7;13.04.1969;5;2
HULU;7;9.01.1963;5;2
SASAN;7;15.03.1968;5;2
HENUZ;7;30.11.1964;5;2
ZIYABENT;7;18.02.1964;5;2
ERAP;7;14.09.1974;5;2
MUKERREMIN;7;7.07.1952;5;2
SENAHI;7;21.10.1959;5;2
EVTAL;7;22.05.1969;5;2
HEBUN;7;17.08.1986;5;2
SERDI;7;2.12.1972;5;2
GORCAN;7;14.12.1970;5;2
FEVRUZ;7;14.10.1969;5;2
YONETIM;7;14.03.1977;5;2
SAMYEL;7;22.07.1957;5;2
TUNCELI;7;2.06.1968;5;2
SULHAT;7;7.03.1959;5;2
ERIZ;7;4.02.1959;5;2
BIRSAY;7;20.07.1972;5;2
EZMET;6;27.05.1964;4;2
INAC;6;17.12.1985;4;2
NURHAMI;6;2.05.1965;4;2
YAZAN;6;21.05.1959;4;2
YARAR;6;3.10.1960;4;2
HAVSER;6;28.03.1964;4;2
MIHSIN;6;22.07.1960;4;2
ARLAN;6;18.04.1962;4;2
SABU;6;1.07.1949;4;2
RESIK;6;29.08.1955;4;2
AMANIYEL;6;14.04.1978;4;2
DIVANI;6;9.12.1965;4;2
ARIM;6;6.01.1957;4;2
FERES;6;17.10.1967;4;2
MEZGIN;6;13.03.1984;4;2
NAIMI;6;11.02.1968;4;2
RINAS;6;11.12.1988;4;2
HUSRU;6;17.12.1952;4;2
NIHAI;6;6.07.1965;4;2
ALFET;6;23.02.1958;4;2
SANSEVER;6;23.06.1966;4;2
HUDAVENT;6;8.05.1970;4;2
AKARSU;6;7.01.1964;4;2
MUKAYET;6;28.01.1960;4;2
TUKAN;6;8.09.1969;4;2
ARTEN;6;30.2.1944;4;2
KAMIRAL;6;7.04.1963;4;2
ERTUS;6;1.01.1988;4;2
SALBI;6;1.05.1955;4;2
SECAL;6;17.03.1963;4;2
TEMURAN;6;28.05.1960;4;2
SANAR;6;14.01.1968;4;2
AKANSU;6;8.12.1975;4;2
MEHDET;6;2.09.1973;4;2
MEHDUN;6;27.12.1972;4;2
DINAL;6;11.03.1971;4;2
AKYUZ;6;22.01.1962;4;2
URKAY;6;20.06.1971;4;2
MEZUN;6;22.12.1966;4;2
RENAL;6;1.10.1981;4;2
NECMIN;6;9.08.1959;4;2
TUR;6;2.04.1957;4;2
MURSA;6;15.03.1950;4;2
BESIRI;6;5.04.1962;4;2
OTUGEN;6;30.09.1979;4;2
ISRAK;6;20.10.1977;4;2
UNUS;6;11.03.1972;4;2
EBUHAN;6;12.10.1979;4;2
ERDU;6;5.02.1967;4;2
OZKUR;6;6.01.1970;4;2
URCUN;6;4.03.1977;4;2
NURAYIL;6;29.02.1972;4;2
HUKUK;6;22.06.1978;4;2
MAHBUS;6;3.05.1977;4;2
NEMRUT;6;28.01.1975;4;2
ELEMAN;6;25.08.1961;4;2
ZIYAHAN;6;2.12.1980;4;2
BAYAT;6;7.12.1950;4;2
MEVZI;6;23.11.1949;4;2
CUNNET;6;3.05.1967;4;2
SAHHAN;6;20.05.1976;4;2
USTUNEL;6;24.03.1965;4;2
OKANDAN;6;22.07.1957;4;2
ARBEN;6;29.05.1982;4;2
ZERKAN;6;25.09.1975;4;2
ORSAY;6;3.05.1974;4;2
BELTAN;6;17.01.1960;4;2
ADLIHAN;6;27.09.1963;4;2
PRENS;6;29.10.1975;4;2
DIRENCAN;6;8.08.1991;4;2
AYSAD;6;3.09.1986;4;2
HIDAI;5;7.01.1963;3;2
SULFIKAR;5;24.11.1966;3;2
NERDAL;5;9.07.1971;3;2
ULVEN;5;3.05.1960;3;2
ROHI;5;29.08.1973;3;2
NEZMIN;5;28.07.1967;3;2
HADDO;5;7.07.1937;3;2
BIRI;5;15.11.1938;3;2
HAKKO;5;24.12.1938;3;2
BINAYET;5;22.02.1964;3;2
AVIN;5;15.01.1971;3;2
SILHO;5;12.07.1965;3;2
YEKTEN;5;24.01.1977;3;2
HAZAT;5;26.02.1981;3;2
REHIS;5;9.08.1972;3;2
NISBAH;5;11.09.1961;3;2
DILAVAR;5;22.07.1962;3;2
BORI;5;23.11.1962;3;2
RIZKAN;5;15.09.1969;3;2
ISAFET;5;16.06.1962;3;2
HACIRET;5;23.02.1964;3;2
ISMIL;5;29.03.1968;3;2
BEYTIN;5;21.04.1955;3;2
SAHZIVER;5;20.05.1955;3;2
NUFI;5;12.08.1970;3;2
ETAR;5;17.09.1970;3;2
DOGUSER;5;16.01.1986;3;2
ESINER;5;29.01.1967;3;2
MUHEYMIN;5;2.04.1979;3;2
DINMEZ;5;23.11.1956;3;2
EKSEN;5;21.04.1969;3;2
EJMAN;5;4.07.1966;3;2
ELDIVAN;5;9.01.1965;3;2
CEMSEFA;5;26.10.1961;3;2
ARTAR;5;15.08.1969;3;2
NURHAYATI;5;10.04.1956;3;2
HAZIL;5;17.08.1959;3;2
GULET;5;4.03.1972;3;2
ERNAS;5;21.05.1966;3;2
KURBUZ;5;24.05.1952;3;2
TURANAY;5;29.12.1976;3;2
MELUR;5;7.03.1971;3;2
ENSON;5;1.03.1969;3;2
BAHI;5;13.09.1956;3;2
BILKUTAY;5;25.11.1982;3;2
SELAVET;5;8.11.1973;3;2
SAHMEN;5;16.11.1953;3;2
MAFIR;5;18.10.1957;3;2
ADAS;5;25.04.1967;3;2
ZEZER;5;11.02.1959;3;2
UNAR;5;19.02.1961;3;2
BEYMEN;5;5.10.1964;3;2
ENKIN;5;21.01.1955;3;2
ZELAN;5;28.08.1981;3;2
NIYYET;5;27.06.1953;3;2
HUSAN;5;2.07.1963;3;2
HIZBET;5;2.11.1976;3;2
CENIZ;5;20.03.1965;3;2
MIDYAN;5;13.09.1974;3;2
UNCEL;5;22.09.1963;3;2
HIRMAN;5;8.07.1957;3;2
AHIM;5;25.08.1974;3;2
HUDAYDA;5;15.03.1964;3;2
ARTIS;5;5.04.1973;3;2
HAZET;5;5.11.1962;3;2
MIKRAN;5;26.07.1963;3;2
BUCAN;5;7.04.1970;3;2
SABIK;5;29.03.1959;3;2
HURRAM;5;24.09.1963;3;2
NURULA;5;12.03.1965;3;2
KUREYSIN;5;1.11.1961;3;2
ERCEN;5;10.07.1972;3;2
NURFI;5;16.08.1971;3;2
ELBISTAN;5;25.09.1980;3;2
SEHNUZ;5;29.11.1959;3;2
FEREN;5;24.02.1966;3;2
MISAR;5;8.09.1976;3;2
GULTEGIN;5;20.03.1962;3;2
ODEN;5;30.07.1965;3;2
DUYAN;5;11.12.1956;3;2
BEDAI;5;2.03.1955;3;2
SELVAT;5;13.04.1959;3;2
NIKMET;5;13.08.1948;3;2
HOZI;5;19.04.1956;3;2
SIGAN;5;24.03.1956;3;2
HADO;5;17.09.1945;3;2
MEVAN;5;1.12.1968;3;2
AVET;5;21.06.1959;3;2
ELBA;5;7.08.1980;3;2
VEZIRHAN;5;25.09.1969;3;2
AYSAM;5;27.01.1965;3;2
OLCAHAN;5;4.09.1973;3;2
AYDONAT;5;25.08.1960;3;2
NEFIR;5;8.09.1952;3;2
GONAY;5;18.02.1968;3;2
NESAL;5;13.07.1956;3;2
FEYRUS;5;11.09.1966;3;2
KADIRAY;5;3.09.1989;3;2
EZMAN;5;5.10.1973;3;2
SEVENGIL;5;7.11.1963;3;2
FERDIL;5;19.11.1971;3;2
BASA;5;15.05.1945;3;2
ZEYYAN;5;15.10.1970;3;2
SAKINER;5;16.06.1976;3;2
SEBAYIL;5;19.10.1965;3;2
URVE;5;23.01.1968;3;2
LEHAT;5;15.03.1983;3;2
MUZAHFER;5;21.01.1958;3;2
KAMALI;5;16.09.1962;3;2
TEVGER;5;1.01.1983;3;2
GUNOZ;5;9.06.1951;3;2
TUGSEL;5;6.11.1979;3;2
SUREC;5;8.11.1980;3;2
NURAIL;5;28.06.1965;3;2
SENBOL;5;2.11.1969;3;2
TENEL;4;22.03.1974;2;2
TUTKUM;4;3.02.1989;2;2
FERASAT;4;15.08.1957;2;2
EYIN;4;19.01.1977;2;2
HEREM;4;9.03.1978;2;2
JINDAR;4;30.10.1988;2;2
HEMAN;4;16.10.1956;2;2
MEKKO;4;2.05.1939;2;2
HEYSEL;4;3.05.1963;2;2
HEVVES;4;25.08.1957;2;2
UCI;4;7.03.1935;2;2
PISO;4;28.05.1948;2;2
CEYHANI;4;22.11.1970;2;2
SEMNUN;4;13.12.1962;2;2
KEMIRAN;4;17.05.1966;2;2
RUHIN;4;26.10.1977;2;2
MALKE;4;16.05.1978;2;2
MIKEL;4;12.12.1969;2;2
DAME;4;16.12.1983;2;2
BIRFAN;4;16.06.1972;2;2
NEZIRI;4;5.08.1964;2;2
KEFO;4;15.10.1954;2;2
GUTAY;4;11.12.1966;2;2
BERUN;4;9.07.1960;2;2
MIKAN;4;30.10.1964;2;2
MASAL;4;29.04.1957;2;2
MUHSER;4;13.08.1964;2;2
CAFI;4;22.02.1959;2;2
MEVRAN;4;29.04.1979;2;2
PAYAMI;4;22.01.1959;2;2
BATIYAR;4;27.08.1970;2;2
UMRET;4;8.07.1980;2;2
SERKUL;4;1.08.1978;2;2
MERCIK;4;20.02.1961;2;2
SONFER;4;25.10.1976;2;2
LUTFIHAN;4;29.01.1972;2;2
BEDIC;4;9.05.1957;2;2
YASARHAN;4;5.06.1968;2;2
OMURAN;4;9.05.1961;2;2
MUSAVIR;4;30.04.1966;2;2
GUNCAG;4;19.10.1970;2;2
HASHAN;4;19.01.1955;2;2
ULKEHAN;4;21.08.1969;2;2
NAYRI;4;10.08.1973;2;2
GOKHER;4;25.10.1966;2;2
SERDAP;4;14.07.1974;2;2
SAHIDAR;4;18.09.1957;2;2
UYKUN;4;8.11.1949;2;2
BIRCAG;4;10.03.1988;2;2
GUNESHAN;4;8.10.1960;2;2
FERIM;4;21.06.1979;2;2
CAMIS;4;3.08.1959;2;2
NEZLI;4;2.02.1961;2;2
MESUDI;4;29.12.1970;2;2
KURTARAY;4;28.08.1954;2;2
BELUR;4;12.02.1963;2;2
EJLAN;4;6.06.1956;2;2
BEYTEM;4;3.02.1985;2;2
SADIGAN;4;13.12.1947;2;2
KULUS;4;22.11.1936;2;2
MUKADDEREM;4;18.09.1969;2;2
GULAZIZ;4;11.04.1965;2;2
ANLAYIS;4;28.05.1978;2;2
SONET;4;5.05.1972;2;2
VUSAL;4;3.04.1972;2;2
HEBI;4;19.04.1957;2;2
BEKCAN;4;19.01.1965;2;2
ENCO;4;8.03.1955;2;2
SEVALI;4;20.02.1946;2;2
KAYGUN;4;23.12.1973;2;2
CARI;4;1.03.1972;2;2
HESI;4;12.10.1947;2;2
HASAR;4;1.12.1963;2;2
NORHAN;4;30.04.1964;2;2
HATAM;4;15.07.1967;2;2
TEMUZ;4;6.01.1971;2;2
ASUDER;4;9.09.1973;2;2
ZULMET;4;13.08.1957;2;2
CEVZI;4;26.04.1955;2;2
SONAER;4;24.03.1966;2;2
GIRAN;4;18.04.1964;2;2
YADIYAR;4;3.09.1980;2;2
MUSURET;4;15.07.1967;2;2
TASI;4;12.07.1948;2;2
NEJVAN;4;20.12.1981;2;2
UZEYIN;4;23.01.1971;2;2
ZULKANIYE;4;1.10.1956;2;2
ERBA;4;15.02.1967;2;2
IDRET;4;28.10.1963;2;2
YURTSAN;4;29.07.1967;2;2
IZDIRAP;4;28.03.1971;2;2
TARIN;4;4.09.1968;2;2
HAKCAN;4;4.05.1970;2;2
GUNSAD;4;14.07.1973;2;2
YEKSAN;4;14.09.1969;2;2
BEKHAN;4;3.05.1945;2;2
SENYAR;4;10.01.1964;2;2
AYDAM;4;20.10.1972;2;2
DESIM;4;21.11.1969;2;2
MAKO;4;25.2.1469;2;2
MIHREN;4;27.06.1961;2;2
HULAL;4;14.03.1972;2;2
BEDRICAN;4;13.07.1981;2;2
FINDO;4;3.09.1945;2;2
SEYNO;4;2.03.1947;2;2
FERAYDIN;4;5.08.1970;2;2
AYKON;4;19.02.1982;2;2
SEYYAP;4;27.04.1964;2;2
TUNCI;4;19.04.1958;2;2
MURSEFA;4;27.07.1956;2;2
TUKENMEZ;4;7.08.1960;2;2
SERGULER;4;28.07.1971;2;2
REHBET;4;6.01.1964;2;2
SAKO;4;7.09.1958;2;2
ELFES;4;21.04.1972;2;2
AFVAN;4;12.01.1977;2;2
SERMER;4;5.10.1956;2;2
AYATIN;4;17.09.1970;2;2
NEZDAR;4;23.01.1972;2;2
YEKTAN;4;15.09.1963;2;2
AHFET;4;27.11.1959;2;2
SERUL;4;24.07.1967;2;2
HIZMI;4;27.03.1950;2;2
MAKSER;4;12.11.1976;2;2
KAYRET;4;5.10.1971;2;2
MERVANI;4;9.10.1962;2;2
LEFAN;4;13.06.1977;2;2
SURMEN;4;30.12.1976;2;2
SEFHAT;4;28.03.1961;2;2
SOGUT;4;8.02.1965;2;2
EBREN;4;22.12.1979;2;2
KUCCUK;4;29.06.1954;2;2
IMRAT;4;25.02.1963;2;2
BISEM;4;4.10.1985;2;2
BENGINAR;4;30.04.1977;2;2
BEDICAN;4;15.12.1973;2;2
GUCEN;4;12.06.1966;2;2
LEMAT;4;24.08.1956;2;2
MUNIH;4;18.05.1964;2;2
ESEBIL;4;2.08.1968;2;2
ITIKAT;4;26.10.1968;2;2
NEHI;4;14.02.1967;2;2
DEMIN;4;27.11.1970;2;2
ENDAL;4;11.05.1973;2;2
UMUTAY;4;25.09.1977;2;2
PLATIN;4;17.08.1951;2;2
AYBAT;4;8.01.1957;2;2
MUSTAKBEL;4;7.09.1952;2;2
SEHZAD;4;12.12.1961;2;2
SUAN;4;23.06.1982;2;2
VAHIL;4;21.02.1963;2;2
SIHNI;4;24.05.1955;2;2
LUFET;4;21.08.1955;2;2
SEREFDIN;4;11.01.1971;2;2
KIMIS;4;17.08.1936;2;2
SENYUVA;4;2.03.1963;2;2
SONAN;4;3.08.1981;2;2
SUYER;4;28.07.1957;2;2
KUTEL;4;4.08.1958;2;2
FEYKAN;4;11.06.1975;2;2
PAKIN;3;13.03.1964;1;2
PASIK;3;10.01.1949;1;2
MAHTEM;3;29.09.1969;1;2
MUCAZET;3;8.10.1968;1;2
MUCUZET;3;12.12.1967;1;2
BURSEV;3;2.01.1979;1;2
HASIMI;3;4.07.1967;1;2
TUMRAN;3;25.04.1978;1;2
SAISTAN;3;20.04.1961;1;2
FIBEL;3;24.12.1976;1;2
CURE;3;9.04.1941;1;2
MERDAR;3;17.04.1957;1;2
MELVAN;3;22.06.1988;1;2
MEDINI;3;20.10.1960;1;2
DUMRATE;3;22.08.1986;1;2
KADRO;3;11.07.1948;1;2
RUHILAT;3;23.11.1977;1;2
HAYYAN;3;26.08.1977;1;2
ZEMREHAN;3;28.08.1973;1;2
SIRHAT;3;11.11.1973;1;2
SIBIH;3;27.08.1980;1;2
HAKISA;3;18.03.1966;1;2
EMUL;3;4.07.1946;1;2
HURUK;3;23.05.1934;1;2
MEKSI;3;3.06.1951;1;2
KESE;3;5.02.1941;1;2
YUSRET;3;26.04.1990;1;2
MUHUBI;3;14.02.1970;1;2
AHIL;3;1.02.1971;1;2
SANSA;3;29.08.1954;1;2
ABUZAT;3;26.12.1959;1;2
VILLIAM;3;18.04.1974;1;2
MENSI;3;6.08.1973;1;2
SERVERT;3;20.12.1972;1;2
ESYEL;3;16.02.1976;1;2
VEYSU;3;12.08.1954;1;2
MEGGI;3;9.05.1978;1;2
COLE;3;6.07.1984;1;2
BAAN;3;23.12.1981;1;2
ZIRU;3;26.12.1941;1;2
KASAN;3;28.03.1957;1;2
MARIM;3;14.08.1959;1;2
NIZGIN;3;30.09.1973;1;2
ALFA;3;17.04.1971;1;2
HISMA;3;22.07.1941;1;2
SIBHI;3;7.12.1977;1;2
ALAA;3;29.04.1990;1;2
ONDAN;3;13.01.1978;1;2
GURDE;3;12.10.1946;1;2
RODIN;3;13.12.1989;1;2
HILME;3;11.02.1951;1;2
RIMAN;3;15.07.1968;1;2
HUCO;3;4.07.1936;1;2
CEYDI;3;22.02.1955;1;2
EVHAN;3;19.08.1981;1;2
OKSER;3;22.04.1965;1;2
SEYIBAN;3;27.09.1969;1;2
MAKI;3;1.06.1942;1;2
REHIL;3;1.04.1973;1;2
FATUL;3;19.03.1962;1;2
GURDEL;3;27.04.1962;1;2
KADIRAN;3;13.05.1960;1;2
OZLIYEN;3;10.01.1986;1;2
IZDAL;3;21.06.1965;1;2
IZZED;3;20.03.1954;1;2
MURKAN;3;25.05.1967;1;2
BENGIL;3;11.08.1972;1;2
SERYAM;3;22.06.1960;1;2
ENSARE;3;23.12.1943;1;2
DIYAN;3;20.01.1986;1;2
NEDAYET;3;1.02.1969;1;2
KURNAZ;3;28.04.1963;1;2
SAREL;3;22.04.1978;1;2
OLFAZ;3;18.12.1963;1;2
FIGRET;3;23.06.1962;1;2
FAYHAN;3;9.02.1959;1;2
MILYON;3;2.12.1961;1;2
IFTER;3;15.05.1982;1;2
PIRIM;3;1.11.1967;1;2
SERDAHAN;3;5.04.1972;1;2
DILCER;3;25.07.1968;1;2
TAHRA;3;23.09.1965;1;2
ERBAHAR;3;16.02.1968;1;2
ELDIVEN;3;30.12.1974;1;2
ZULBE;3;19.04.1950;1;2
TABI;3;15.06.1950;1;2
NUSUN;3;26.09.1968;1;2
SONHAN;3;6.08.1970;1;2
TOLGUNAY;3;2.07.1982;1;2
DEYIM;3;17.01.1978;1;2
NEPTON;3;16.05.1939;1;2
KARAKURT;3;20.01.1930;1;2
OGEN;3;30.09.1957;1;2
DILGECAN;3;27.12.1988;1;2
EMRAHA;3;10.06.1974;1;2
BIRDAT;3;12.01.1969;1;2
SUREY;3;22.06.1972;1;2
SOYAL;3;29.09.1964;1;2
HURDAN;3;14.11.1957;1;2
SERKIN;3;7.02.1972;1;2
BERRUH;3;22.12.1954;1;2
PEYAN;3;5.12.1977;1;2
BILGINOL;3;19.09.1964;1;2
SOFYAN;3;19.12.1946;1;2
MUZUFE;3;16.06.1977;1;2
IRAF;3;12.04.1963;1;2
MUBAHI;3;11.12.1954;1;2
MENUR;3;15.10.1952;1;2
CEFAYI;3;7.03.1972;1;2
MUBUN;3;14.02.1976;1;2
EVET;3;1.11.1969;1;2
YASUN;3;19.10.1978;1;2
GUNKER;3;12.10.1949;1;2
NECAVER;3;20.06.1962;1;2
BASU;3;28.01.1970;1;2
SURUM;3;23.11.1948;1;2
YORUM;3;28.09.1991;1;2
HERGUNAY;3;25.10.1962;1;2
MEHAP;3;12.12.1987;1;2
ENDEZ;3;1.03.1967;1;2
AKSUT;3;24.03.1968;1;2
MUNTESEM;3;20.11.1970;1;2
EYLUN;3;12.10.1962;1;2
TURKCE;3;19.08.1964;1;2
SAPAR;3;20.07.1974;1;2
NURBIR;3;22.2.1324;1;2
GOKTE;3;8.02.1979;1;2
MUZEL;3;29.10.1959;1;2
SAHBAR;3;7.08.1934;1;2
SENNET;3;5.02.1963;1;2
CUMRA;3;5.01.1979;1;2
AYIPEK;3;23.07.1950;1;2
UCGUN;3;7.10.1944;1;2
UNURSAL;3;18.01.1975;1;2
HINKAR;3;12.11.1967;1;2
EZDEN;3;3.04.1961;1;2
KORGUL;3;17.12.1977;1;2
BAHATI;3;22.09.1974;1;2
GUER;3;11.10.1972;1;2
NEVHAL;3;27.11.1956;1;2
IHLIMAN;3;3.02.1963;1;2
ISSAF;3;10.05.1937;1;2
NURUVAN;3;14.07.1987;1;2
MIDRAN;3;20.09.1965;1;2
TALHE;3;14.12.1944;1;2
SIMLI;3;4.04.1977;1;2
KARAKOC;3;30.2.1958;1;2
AYHA;3;27.11.1968;1;2
ESFIYA;3;19.12.1975;1;2
RIFATA;3;30.08.1944;1;2
BAZAN;3;15.10.1963;1;2
BELKIA;3;21.10.1954;1;2
MUSLIYA;3;27.08.1949;1;2
KEDA;3;26.07.1971;1;2
SEMBIR;3;17.12.1981;1;2
NISRI;3;11.10.1942;1;2
BERET;3;3.03.1980;1;2
ANADIN;3;16.05.1957;1;2
LEYFER;3;29.09.1978;1;2
HANCAR;3;2.04.1950;1;2
RAZIYAN;3;13.6.1311;1;2
HUKU;3;10.02.1946;1;2
YETERHAN;3;4.06.1972;1;2
ADILLA;3;12.05.1964;1;2
ATTUR;3;15.01.1969;1;2
FEYZIHAN;3;11.08.1977;1;2
TELAY;3;7.06.1950;1;2
SARAFAT;3;26.11.1959;1;2
SUSLUCAN;3;30.03.1987;1;2
CEMRAL;3;23.04.1962;1;2
SALETIN;3;20.06.1963;1;2
GULERGIN;3;1.05.1957;1;2
CILENTI;3;8.08.1960;1;2
SELEMAN;3;23.01.1959;1;2
AYSEDDIN;3;13.05.1960;1;2
SAMBER;3;10.06.1960;1;2
ALTINDAG;3;3.03.1956;1;2
CIRAG;3;16.11.1970;1;2
DILDER;3;20.10.1983;1;2
BAYRAMSEN;3;23.08.1971;1;2
ALTINEL;3;23.02.1967;1;2
GONULSEVER;3;28.04.1968;1;2
ISMIAZAM;3;30.12.1956;1;2
ICSEL;3;13.03.1968;1;2
BERKIL;3;26.08.1989;1;2
YURUSEN;3;14.04.1970;1;2
REYSEL;3;16.10.1958;1;2
BELHUDAR;3;28.01.1962;1;2
CURIYET;3;14.10.1959;1;2
FITAT;3;26.04.1964;1;2
KORDAY;3;11.07.1972;1;2
DEVRET;3;11.08.1962;1;2
FERAAT;3;27.08.1954;1;2
MAZIR;3;16.01.1966;1;2
DERVAN;3;18.11.1979;1;2
TUSUN;3;17.02.1945;1;2
SEHET;3;18.01.1972;1;2
KEREMET;3;16.03.1984;1;2
SUBHAT;3;15.01.1962;1;2
NURUSAH;3;13.06.1960;1;2
BEBI;3;1.10.1956;1;2
SEKBAN;3;30.08.1969;1;2
TURYEN;3;2.08.1974;1;2
DIDARI;3;26.08.1952;1;2
ISVAN;3;24.08.1978;1;2
MUSKI;3;6.12.1951;1;2
BAYCA;3;5.02.1984;1;2
NEZAKAR;3;18.09.1957;1;2
BIKES;3;24.10.1970;1;2
JIVAN;3;26.10.1991;1;2
HECU;3;24.10.1933;1;2
CIMI;3;20.12.1951;1;2
SAR;3;9.02.1976;1;2
MOZI;3;17.04.1936;1;2
KEHAR;3;30.01.1955;1;2
ULKUER;3;12.12.1963;1;2
MINAN;3;8.09.1955;1;2
DEVAL;3;29.06.1957;1;2
BEHTAN;3;17.09.1976;1;2
DOYGU;3;14.11.1982;1;2
CENNETUL;3;30.03.1973;1;2
GOYCE;3;17.01.1955;1;2
MELTAM;3;22.03.1976;1;2
FERAZ;3;28.01.1966;1;2
GURTUZ;3;1.06.1955;1;2
MUHAY;3;8.12.1938;1;2
MUHRU;3;29.10.1958;1;2
APOS;3;14.10.1959;1;2
VEZIN;3;27.12.1971;1;2
MERAT;3;14.11.1957;1;2
PAYTUN;3;11.08.1952;1;2
KIDO;3;8.05.1949;1;2
SAHZEMIN;3;28.05.1984;1;2
MUTESSIR;3;5.11.1972;1;2
FETAHI;3;14.02.1944;1;2
GUMSER;3;19.04.1966;1;2
ATIKER;3;29.08.1962;1;2
ELFAT;3;10.03.1960;1;2
CEFAYET;3;22.07.1961;1;2
SIHNUR;3;7.07.1975;1;2
MUZET;3;3.06.1954;1;2
TAHLA;3;5.06.1977;1;2
MUSAMER;3;20.10.1955;1;2
NETICAN;3;19.10.1974;1;2
AYALP;3;21.01.1968;1;2
TULHAY;3;14.11.1964;1;2
CIMEL;3;10.05.1964;1;2
RESDAN;3;11.02.1948;1;2
BILISIN;3;18.03.1961;1;2
FERANUR;3;10.06.1968;1;2
FATEM;3;21.12.1964;1;2
VATANDAS;3;26.12.1956;1;2
MUHAPPET;3;15.07.1961;1;2
DALLI;3;18.11.1955;1;2
NURDACAN;3;20.08.1965;1;2
GUNKUR;3;7.02.1944;1;2
ZUHRAT;3;3.03.1969;1;2
ASUMEN;3;25.06.1963;1;2
MENTUR;3;17.09.1966;1;2
FIKRIYET;3;28.01.1966;1;2
FUDAY;3;28.09.1972;1;2
MIROS;3;26.11.1965;1;2
NAS;3;16.06.1963;1;2
ILKDEM;3;22.08.1978;1;2
RUKHAN;3;15.03.1977;1;2
ISANUR;3;26.09.1969;1;2
BERGU;3;10.06.1969;1;2
GOZER;3;29.10.1952;1;2
EFANI;3;26.04.1977;1;2
SEMBIL;3;7.01.1973;1;2
TURKAL;3;26.05.1963;1;2
GEZEL;3;12.03.1971;1;2
MAFET;3;11.12.1949;1;2
SIKRAN;3;20.12.1959;1;2
ZATINNUR;3;15.08.1960;1;2
MEZNA;3;23.05.1982;1;2
ROJVER;3;8.05.1984;1;2
X;3;4.08.1955;1;2
SERIHAT;3;4.01.1975;1;2
GULHANER;3;1.10.1969;1;2
LIBAN;3;12.01.1976;1;2
HASRETI;3;8.08.1950;1;2
RUCI;3;8.04.1950;1;2
TAYYIPHAN;3;28.01.1974;1;2
GULKAR;3;9.04.1970;1;2
SEVKAR;3;4.06.1968;1;2
YALINAY;3;28.05.1986;1;2
MERSAH;3;18.03.1963;1;2
ALDEN;3;4.06.1972;1;2
ERGINE;3;13.10.1970;1;2
SEYDICAN;3;28.11.1968;1;2
YELCAN;3;26.08.1976;1;2
HUSREN;3;16.10.1957;1;2
BALGIYA;3;26.02.1972;1;2
TUREYYE;3;15.01.1978;1;2
ZURAY;3;4.01.1971;1;2
DARE;3;17.06.1943;1;2
KERMA;3;22.01.1963;1;2
ERICAN;3;1.08.1964;1;2
MUZI;3;5.09.1947;1;2
SELALI;3;10.06.1973;1;2
BEZAZ;3;17.05.1951;1;2
LEMLIHA;3;6.12.1971;1;2
ZERAF;3;30.03.1955;1;2
SERMIS;3;26.09.1950;1;2
ZUBA;3;16.02.1939;1;2
TENAL;3;18.08.1960;1;2
MUSAFA;3;21.09.1946;1;2
MAHBULLAH;3;1.01.1950;1;2
EDIRHAN;3;25.07.1963;1;2
GAFURI;3;6.03.1963;1;2
ALISI;3;1.08.1958;1;2
BEDIRSAN;3;28.05.1966;1;2
ADIYOKTUR;3;25.10.1960;1;2
DEMOKRASI;3;8.01.1952;1;2
HIDRET;3;5.09.1965;1;2
SEZZA;3;26.04.1968;1;2
SITARI;3;3.06.1963;1;2
OZGUREL;3;17.07.1962;1;2
NURDEL;3;23.05.1975;1;2
ZINEVER;3;21.12.1944;1;2
DURDAS;3;7.03.1955;1;2
EMEKTAR;3;12.01.1964;1;2
MURUYEN;3;13.01.1971;1;2
ONSEN;3;6.04.1949;1;2
MINNER;3;14.04.1965;1;2
UTARET;3;6.02.1949;1;2
NERDEM;3;27.01.1970;1;2
IKAMET;3;13.10.1958;1;2
NEYSAN;3;28.06.1971;1;2
HEZRET;3;25.04.1977;1;2
AZERI;3;14.06.1969;1;2
SEHERBAN;3;16.09.1957;1;2
NURAYHAN;3;30.10.1973;1;2
FERNA;3;22.06.1973;1;2
HASENET;3;10.01.1963;1;2
GIZLIHAN;3;3.02.1977;1;2
ENDERAY;3;12.01.1972;1;2
NEHIT;3;16.11.1961;1;2
PIRVAN;3;25.04.1950;1;2
NURAKIN;3;13.09.1965;1;2
ILKTEM;3;29.12.1987;1;2
GUNHAY;3;21.12.1954;1;2
SARFET;3;30.12.1956;1;2
NURAKAN;3;20.01.1961;1;2
ISBILIR;3;19.06.1940;1;2
NEZAH;3;18.03.1959;1;2
AYHIN;3;16.12.1958;1;2
SERAFIL;3;28.06.1969;1;2
SUSLER;3;17.05.1963;1;2
ILTIZAM;3;25.07.1951;1;2
MUEY;2;20.04.1963;0;2
DURUYYE;2;15.04.1936;0;2
SERIBAL;2;20.09.1965;0;2
IVRIYE;2;19.06.1936;0;2
EMELGUL;2;18.08.1974;0;2
NURDALE;2;4.12.1956;0;2
NURGAHAN;2;7.06.1965;0;2
LULUFE;2;1.08.1968;0;2
HERDI;2;27.04.1944;0;2
GULHEY;2;14.10.1948;0;2
MIYASENUR;2;7.06.1970;0;2
ESIHAN;2;11.12.1929;0;2
HAYTUN;2;11.12.1968;0;2
VAIME;2;20.05.1964;0;2
TETEY;2;21.11.1946;0;2
ZUGAL;2;4.10.1952;0;2
ASAFE;2;20.04.1945;0;2
MEMIHAT;2;14.09.1946;0;2
EPSAN;2;14.03.1975;0;2
CIHANEY;2;24.10.1963;0;2
MENSAN;2;7.07.1975;0;2
UTKIYE;2;23.05.1963;0;2
SONSEHER;2;8.08.1967;0;2
MULKINE;2;2.07.1968;0;2
MUYESERE;2;9.07.1964;0;2
GULRUHAN;2;17.05.1968;0;2
YUZLUFET;2;14.06.1962;0;2
NIBIHAT;2;4.02.1959;0;2
MEDBURE;2;13.05.1936;0;2
LAHIRE;2;24.06.1951;0;2
BIRHANE;2;9.08.1967;0;2
MANENDE;2;10.09.1951;0;2
ZELINE;2;24.09.1979;0;2
NEVSEY;2;23.03.1949;0;2
ULZILE;2;5.08.1962;0;2
GOLCIHAN;2;2.08.1953;0;2
ATLIMAN;2;5.09.1966;0;2
ORDE;2;2.03.1952;0;2
TUNSAY;2;22.11.1963;0;2
RUSENA;2;25.02.1987;0;2
HACKUR;2;10.01.1948;0;2
HAVIHAN;2;20.10.1944;0;2
ALTINEY;2;13.02.1950;0;2
SEMACAN;2;19.07.1977;0;2
KADEFE;2;4.11.1950;0;2
ENTUL;2;29.12.1972;0;2
ASIKO;2;11.05.1933;0;2
UNMIYE;2;25.12.1973;0;2
MERIVA;2;1.02.1977;0;2
PERVINDE;2;12.06.1956;0;2
TEZIBE;2;7.03.1966;0;2
AZIK;2;24.02.1958;0;2
AHNUR;2;9.04.1973;0;2
ELENNUR;2;19.10.1973;0;2
SEHPARE;2;6.01.1969;0;2
KUFEYA;2;3.02.1966;0;2
SERUBAN;2;9.08.1969;0;2
CEVZENUR;2;27.11.1976;0;2
MUSARRAF;2;29.08.1961;0;2
MIKAYILE;2;17.11.1967;0;2
FADIMEYI;2;5.09.1966;0;2
FULYANUR;2;6.05.1990;0;2
HAMIMI;2;29.7.981;0;2
HUCCI;2;4.10.964;0;2
NEHOS;2;21.07.1969;0;2
ELENOR;2;1.12.1960;0;2
NEYHAL;2;30.09.1963;0;2
GUNNAN;2;19.12.1971;0;2
MUSLUNE;2;24.11.1959;0;2
MUSTEMIYE;2;27.04.1955;0;2
TEVRADE;2;15.02.1959;0;2
ASTANE;2;23.11.1948;0;2
HARUNE;2;25.06.1977;0;2
GEFI;2;7.02.1957;0;2
RABIAGUL;2;27.06.1970;0;2
INCIVER;2;26.08.1961;0;2
MELEY;2;12.08.1923;0;2
PAMIRE;2;5.06.1964;0;2
AKRIMA;2;5.12.1949;0;2
VARTANI;2;29.11.1937;0;2
SILDAN;2;26.12.1954;0;2
GULHEDER;2;30.2.1959;0;2
SEYASTA;2;29.12.1959;0;2
YASENIM;2;12.08.1978;0;2
EDILAY;2;23.03.1982;0;2
MELEYHAT;2;5.11.1962;0;2
BERIZAN;2;14.08.1952;0;2
ULGUSEN;2;17.02.1973;0;2
USULIYE;2;26.05.1949;0;2
GONI;2;28.05.1956;0;2
SUYTAN;2;8.08.1968;0;2
GUVIN;2;16.09.1947;0;2
USGUN;2;27.01.1950;0;2
MUSAYE;2;25.10.1975;0;2
SALIRE;2;27.01.1959;0;2
HAFIY;2;1.05.1937;0;2
NEISE;2;24.12.1956;0;2
SIDDIKIYE;2;15.09.1967;0;2
HAMPULI;2;21.11.1937;0;2
GULBIRAY;2;22.01.1985;0;2
BESIGUL;2;22.01.1960;0;2
CEYIZ;2;10.06.1968;0;2
MAHPIRIZ;2;1.02.1944;0;2
NADILIYE;2;16.02.1948;0;2
YUCESTAN;2;26.03.1969;0;2
EMISHAN;2;11.02.1962;0;2
GUZELIY;2;20.04.1977;0;2
HUCEY;2;4.03.1941;0;2
ZENDAL;2;8.06.1963;0;2
ZUMERE;2;22.07.1948;0;2
AYSUNAY;2;30.07.1967;0;2
OGULGEREK;2;23.02.1978;0;2
CESINE;2;20.01.1982;0;2
GULSAREN;2;2.10.1968;0;2
MEVISE;2;2.10.1965;0;2
DUREY;2;21.10.1952;0;2
SIBIYE;2;2.12.1951;0;2
HINOS;2;8.01.1977;0;2
MUNEKSE;2;19.03.1956;0;2
ZEMEYRE;2;14.04.1949;0;2
HENOG;2;19.09.1954;0;2
HUMIYET;2;2.07.1981;0;2
NISYAR;2;21.05.1946;0;2
BIRTEL;2;9.11.1952;0;2
VECEHA;2;27.10.1951;0;2
SEZAGUL;2;3.10.1977;0;2
UGRIYA;2;29.07.1951;0;2
SUMEYHE;2;4.08.1982;0;2
BANUSAH;2;19.09.1981;0;2
NEFIYESI;2;2.02.1951;0;2
FEYSUNE;2;2.07.1945;0;2
SONIY;2;9.09.1982;0;2
TILIM;2;11.02.1988;0;2
FARISET;2;27.02.1980;0;2
PERKIZAN;2;10.09.1974;0;2
GOLAT;2;27.02.1974;0;2
YERDAHAN;2;7.08.1940;0;2
RAHZIYE;2;12.12.1988;0;2
HAYRULSA;2;27.04.1990;0;2
DELALU;2;12.02.1941;0;2
MEYRETE;2;26.09.1984;0;2
GUFRA;2;12.12.1989;0;2
MELLES;2;20.06.1988;0;2
ISILHA;2;22.02.1925;0;2
ROJGEN;2;21.07.1981;0;2
MUHABERE;2;16.05.1985;0;2
UMMISERMETE;2;12.08.1984;0;2
IKFEL;2;27.07.1980;0;2
GAYSIYE;2;8.08.1974;0;2
UMIHABIBETE;2;22.02.1991;0;2
SIFAE;2;18.01.1978;0;2
NEVISA;2;1.07.1985;0;2
BUTLAN;2;23.05.1979;0;2
SAABET;2;23.11.1979;0;2
MISKIME;2;23.02.1990;0;2
AMMI;2;27.02.1950;0;2
ZIRAVE;2;27.07.1980;0;2
SANGI;2;22.08.1937;0;2
HIRBIYA;2;7.02.1952;0;2
AHIRA;2;27.02.1992;0;2
SERIDETA;2;3.03.1975;0;2
HILVATA;2;29.02.1980;0;2
BILNEVAS;2;11.09.1987;0;2
ASICAN;2;26.12.1985;0;2
ARAPA;2;1.04.1950;0;2
METILMUGIZ;2;21.04.1954;0;2
RAHMETA;2;16.06.1989;0;2
PERISAHIDE;2;17.04.1992;0;2
MUHRIFIZE;2;17.04.1989;0;2
MEVLIZADE;2;24.12.1983;0;2
FILYAZE;2;22.04.1973;0;2
NEVRISAH;2;19.09.1977;0;2
DEYRUZE;2;24.12.1986;0;2
HEVESI;2;17.06.1922;0;2
GULOZAN;2;22.10.1991;0;2
HAVLETA;2;17.02.1972;0;2
NEGRISAH;2;26.08.1982;0;2
MAHIDAN;2;19.10.1991;0;2
YELAVUZ;2;20.04.1981;0;2
GULSEMSA;2;30.01.1991;0;2
AYETEN;2;11.02.1979;0;2
PORIK;2;6.06.1933;0;2
SABAHHAN;2;12.08.1923;0;2
KUBURYE;2;17.01.1990;0;2
DEDIYE;2;16.04.1934;0;2
PERFI;2;21.07.1972;0;2
TUKENDI;2;2.03.1975;0;2
KEVKIYE;2;6.01.1975;0;2
ECIN;2;22.02.1931;0;2
SINAMSA;2;27.03.1980;0;2
ICRETE;2;25.11.1973;0;2
MUJGAR;2;10.04.1983;0;2
ELLO;2;16.02.1963;0;2
LESISAH;2;4.09.1980;0;2
FEYZENNUR;2;17.02.1972;0;2
EZBET;2;3.06.1980;0;2
NUGTIBER;2;21.09.1983;0;2
MURSULE;2;18.06.1975;0;2
SULTANIR;2;27.11.1974;0;2
FARAHNAS;2;7.02.1982;0;2
MUGURA;2;2.02.1945;0;2
GEDDURA;2;2.02.1975;0;2
SITERA;2;9.04.1990;0;2
HATLO;2;2.02.1957;0;2
BETULHAYAT;2;4.04.1990;0;2
MUHRIZAT;2;17.07.1972;0;2
SEFGUL;2;17.03.1972;0;2
TOZIYE;2;12.10.1935;0;2
NURSELAN;2;16.04.1979;0;2
FARFURI;2;7.02.1976;0;2
MENSULAT;2;23.08.1991;0;2
IFTEDE;2;1.05.1961;0;2
SETERIYE;2;6.02.1989;0;2
HIKMA;2;27.03.1956;0;2
RIMMILA;2;27.02.1962;0;2
VALIDAT;2;17.02.1966;0;2
DAHLA;2;7.12.1982;0;2
MAHZARET;2;17.03.1983;0;2
RUVYEDA;2;16.05.1970;0;2
MOMIYE;2;8.07.1970;0;2
TEYYUBIT;2;3.03.1975;0;2
NURPELDA;2;22.02.1991;0;2
FIRIZA;2;22.02.1991;0;2
COCI;2;21.05.1941;0;2
TOZANI;2;23.11.1949;0;2
NIFTEDE;2;9.08.1990;0;2
ERZINET;2;26.08.1986;0;2
DURDIN;2;28.01.1984;0;2
NEHSIYE;2;28.03.1974;0;2
LEDLISAH;2;7.03.1982;0;2
AFRIKE;2;22.02.1967;0;2
EDLIHE;2;23.01.1949;0;2
KANIHAT;2;11.12.1991;0;2
MIZGINAR;2;14.03.1989;0;2
ROAN;2;22.03.1992;0;2
YETHA;2;17.04.1990;0;2
NEYULLAH;2;12.02.1941;0;2
GEMYAN;2;11.03.1981;0;2
EMSIYAR;2;20.10.1980;0;2
BITNAS;2;29.12.1976;0;2
BERGEM;2;1.12.1990;0;2
HEKINAME;2;27.02.1992;0;2
PATISAH;2;6.06.1968;0;2
HATUH;2;22.02.1991;0;2
ELSANIYE;2;15.02.1979;0;2
RUKYAN;2;20.04.1942;0;2
SEGZADE;2;17.08.1990;0;2
TURKUYE;2;10.06.1961;0;2
SUMILE;2;28.09.1954;0;2
LEYLANI;2;2.06.1982;0;2
HEDILA;2;7.02.1970;0;2
FERRIK;2;21.11.1957;0;2
KESSUM;2;27.09.1985;0;2
MANAVER;2;22.01.1970;0;2
MILDAL;2;1.01.1989;0;2
MASIYA;2;3.03.1975;0;2
MEZNET;2;7.07.1958;0;2
ESLIFE;2;27.02.1956;0;2
ZIYANA;2;7.03.1975;0;2
HIMILA;2;11.10.1955;0;2
SAMAHET;2;9.03.1952;0;2
DILSARE;2;22.02.1961;0;2
ALAMAT;2;23.12.1966;0;2
BEYRETAN;2;8.09.1984;0;2
BEDULA;2;19.12.1962;0;2
FUREYAT;2;4.07.1972;0;2
NECMETULLAYL;2;18.05.1987;0;2
NESIBIGUL;2;9.02.1957;0;2
FAHREYE;2;7.02.1976;0;2
MUZEBIYE;2;4.07.1972;0;2
EREBHAN;2;7.02.1952;0;2
PIYASE;2;17.04.1953;0;2
SIMEHE;2;14.05.1967;0;2
EVRIHAN;2;17.09.1961;0;2
MUYYESE;2;24.01.1990;0;2
MEYMISI;2;17.04.1915;0;2
MIHDEYI;2;7.11.1982;0;2
BILANIZ;2;2.05.1963;0;2
HISNO;2;6.03.1962;0;2
HEVISAN;2;22.09.1990;0;2
ARDAHANI;2;19.04.1928;0;2
CUBRUSA;2;26.06.1973;0;2
HADYE;2;26.06.1963;0;2
GILUSAN;2;23.04.1975;0;2
RUVEYADA;2;12.04.1967;0;2
MARGIL;2;14.01.1992;0;2
BISATINUR;2;29.08.1991;0;2
GAZEBI;2;12.02.1971;0;2
MUAZZZEZ;2;16.06.1982;0;2
HINAT;2;7.01.1982;0;2
NEYUMMA;2;7.02.1964;0;2
GEDRE;2;1.03.1942;0;2
NURAEL;2;12.09.1970;0;2
REBBIYE;2;7.11.1973;0;2
GULADICLE;2;29.12.1975;0;2
RABIP;2;28.05.1971;0;2
UMULKULSUM;2;2.02.1969;0;2
AGDA;2;21.06.1969;0;2
VANSE;2;17.06.1978;0;2
SURMIYA;2;22.02.1961;0;2
REFYE;2;27.01.1950;0;2
KELSAMA;2;4.02.1956;0;2
MAHIREN;2;6.01.1979;0;2
FACIHE;2;7.03.1964;0;2
KESUMMA;2;29.01.1977;0;2
MUNEZEH;2;2.02.1981;0;2
HUKMIYA;2;10.07.1981;0;2
HISBIYE;2;17.02.1966;0;2
NASLIHE;2;11.12.1983;0;2
HURURAY;2;16.11.1976;0;2
MUNEVCVER;2;1.03.1990;0;2
NUMRA;2;8.07.1969;0;2
VETINA;2;22.10.1967;0;2
BUNEVER;2;13.05.1957;0;2
MEGRIFER;2;16.09.1964;0;2
RUGEYYA;2;11.06.1969;0;2
ZUHAYYA;2;3.11.1951;0;2
RIMILE;2;3.02.1976;0;2
NAFIHE;2;7.02.1964;0;2
MUHYEN;2;9.12.1989;0;2
VASFIYYA;2;27.12.1956;0;2
HEDLO;2;3.01.1945;0;2
TELIBET;2;18.09.1965;0;2
SILTU;2;24.11.1931;0;2
LALOS;2;18.09.1972;0;2
ENYA;2;28.02.1988;0;2
GULNIHAM;2;12.02.1977;0;2
NETAS;2;8.04.1927;0;2
TAHLIZE;2;5.08.1970;0;2
GAZALAE;2;3.04.1975;0;2
NEBRIHAN;2;27.03.1956;0;2
VEDFIYE;2;16.12.1974;0;2
GUMEYLE;2;7.04.1976;0;2
GALIPTEN;2;29.10.1971;0;2
HELIMCAN;2;6.01.1980;0;2
CIZVI;2;16.03.1940;0;2
GULASTAN;2;1.01.1981;0;2
MEHFUZA;2;30.2.1990;0;2
ACACE;2;16.06.1929;0;2
DORRI;2;30.05.1931;0;2
RENKDA;2;21.07.1988;0;2
SULDANI;2;12.02.1953;0;2
AMSO;2;9.02.1946;0;2
MEFRIDE;2;17.09.1989;0;2
SARAYILI;2;22.04.1973;0;2
SALALA;2;7.02.1958;0;2
MEDAYA;2;3.02.1975;0;2
RQKAN;2;1.08.1990;0;2
TAKQSHIN;2;16.11.1988;0;2
IRVAYDE;2;7.11.1970;0;2
AYINI;2;4.04.1925;0;2
KIRIME;2;2.04.1981;0;2
SUHEYYLE;2;29.04.1980;0;2
KEVKAB;2;7.08.1970;0;2
TAFLA;2;7.02.1934;0;2
VESSO;2;6.09.1970;0;2
GARPSAN;2;22.02.1961;0;2
LENFIYE;2;8.03.1975;0;2
SUZAMA;2;27.08.1932;0;2
RUSTEMI;2;6.12.1956;0;2
JANFER;2;29.01.1990;0;2
NERAZ;2;12.02.1965;0;2
EYMO;2;28.04.1951;0;2
MUKREBAN;2;27.03.1956;0;2
RIANI;2;29.2.1974;0;2
ZARIKA;2;17.11.1965;0;2
VAFE;2;27.01.1966;0;2
MUBETI;2;2.01.1957;0;2
YAZLIHAN;2;6.02.1980;0;2
SITIHA;2;19.10.1978;0;2
PERESSA;2;21.11.1989;0;2
KUNDI;2;17.02.1930;0;2
IZGAYIR;2;14.03.1965;0;2
GULEKSAN;2;13.10.1988;0;2
SANEHE;2;8.05.1986;0;2
KESEME;2;9.01.1940;0;2
HUNAVI;2;11.03.1940;0;2
OLIFER;2;7.11.1974;0;2
CIRAHAT;2;6.09.1991;0;2
UBEYTE;2;21.12.1981;0;2
YUSRAH;2;8.06.1962;0;2
SURRYYA;2;22.09.1973;0;2
SISER;2;3.03.1975;0;2
TURKKIYYE;2;18.08.1952;0;2
HALLVE;2;28.12.1975;0;2
HAMDIYET;2;22.08.1961;0;2
RAMEYLE;2;3.05.1976;0;2
EVIZAN;2;22.02.1991;0;2
EVVIN;2;12.12.1981;0;2
PISIK;2;23.04.1973;0;2
NURMIHAT;2;15.07.1986;0;2
MEHIZE;2;2.02.1945;0;2
GIRVA;2;24.04.1948;0;2
LUGUDE;2;27.02.1938;0;2
SEVDATI;2;16.03.1951;0;2
ELSUM;2;12.02.1971;0;2
ARRUN;2;27.02.1944;0;2
ZEYHNET;2;11.04.1946;0;2
UNUD;2;17.04.1992;0;2
BANAZIR;2;6.11.1990;0;2
DAHLE;2;4.03.1931;0;2
LITFA;2;11.03.1949;0;2
SUHEYME;2;22.12.1955;0;2
RABAHAT;2;22.09.1991;0;2
HUZNAGUL;2;27.12.1984;0;2
SENSUBE;2;7.03.1970;0;2
FURRIYE;2;17.03.1966;0;2
HACMA;2;2.04.1931;0;2
SENSULE;2;6.05.1979;0;2
NAMZIYE;2;1.04.1976;0;2
SIMOHAN;2;20.02.1977;0;2
AYNIKE;2;27.05.1974;0;2
FERSHA;2;13.06.1981;0;2
RUMMILE;2;21.02.1976;0;2
ALLEYE;2;27.02.1968;0;2
KECUMA;2;18.02.1936;0;2
DEHEYYI;2;5.09.1963;0;2
BENAZLI;2;22.11.1990;0;2
ADDULLA;2;7.02.1958;0;2
YUSRUB;2;6.01.1992;0;2
MIHNAS;2;16.10.1964;0;2
COHARA;2;26.03.1961;0;2
BIZE;2;16.08.1965;0;2
FARSI;2;17.08.1960;0;2
ZAHHURA;2;24.07.1937;0;2
HANDRIN;2;1.03.1974;0;2
MUKRICAN;2;22.03.1985;0;2
SITIHE;2;26.04.1955;0;2
MEHABAT;2;22.06.1985;0;2
SIIDA;2;21.03.1982;0;2
HUZNUSAH;2;24.06.1973;0;2
KEVLE;2;30.2.1951;0;2
GISFE;2;2.08.1933;0;2
LAKIZAR;2;4.02.1982;0;2
DEHLA;2;17.09.1966;0;2
KUSSUME;2;22.08.1961;0;2
HEYLEN;2;2.08.1945;0;2
ZULHACE;2;27.05.1962;0;2
SEMURET;2;7.04.1991;0;2
CAVHARA;2;12.06.1959;0;2
GEMIK;2;17.08.1930;0;2
MAYIFE;2;17.08.1972;0;2
AYNOLHAYAT;2;7.02.1946;0;2
FEREYSET;2;13.01.1992;0;2
FARYALE;2;12.11.1965;0;2
MUKDIYE;2;22.03.1967;0;2
MIFE;2;12.02.1935;0;2
BROKA;2;23.04.1961;0;2
HAYATELNUFUS;2;27.06.1950;0;2
FATYA;2;10.06.1982;0;2
NEMLIN;2;10.02.1984;0;2
TUJLA;2;7.10.1982;0;2
EMSIK;2;12.02.1953;0;2
SALASA;2;27.06.1956;0;2
YERDIHAN;2;12.02.1965;0;2
GIREYBA;2;12.03.1953;0;2
AVVASI;2;7.03.1946;0;2
SIGA;2;17.01.1972;0;2
MESAY;2;17.11.1990;0;2
IDALET;2;28.07.1969;0;2
BEDSI;2;17.08.1954;0;2
ARRUNE;2;25.09.1942;0;2
NEDRISAN;2;21.09.1982;0;2
GUMRAT;2;7.02.1964;0;2
GENSE;2;17.02.1960;0;2
INDEYYA;2;12.03.1971;0;2
INEYYE;2;27.02.1962;0;2
MENESI;2;13.02.1941;0;2
NEMUN;2;2.05.1975;0;2
SARIYI;2;11.04.1975;0;2
SEADA;2;10.09.1975;0;2
MANOLYE;2;29.07.1991;0;2
BEDRIEYE;2;17.10.1985;0;2
ENZILEN;2;3.04.1981;0;2
HEBRU;2;14.01.1991;0;2
MUEYMEN;2;17.05.1990;0;2
GURIBE;2;2.05.1975;0;2
LERVA;2;3.12.1955;0;2
NISIRA;2;26.06.1961;0;2
KASAMI;2;27.04.1944;0;2
RUCIN;2;23.11.1989;0;2
UNUDIYE;2;12.02.1965;0;2
HECEYLE;2;21.04.1956;0;2
IGREYBE;2;17.02.1954;0;2
TUBEY;2;17.02.1990;0;2
KEMLIN;2;9.11.1986;0;2
VARIM;2;6.06.1986;0;2
MUNEYYEZ;2;13.11.1965;0;2
LUTFIGUL;2;3.11.1965;0;2
ASMAA;2;6.02.1983;0;2
IRGEYYE;2;22.07.1967;0;2
MELSEMIN;2;16.01.1978;0;2
EIDA;2;2.02.1981;0;2
BITMI;2;12.01.1947;0;2
SERMETO;2;12.02.1965;0;2
GULISUM;2;1.01.2001;0;2
MIHYE;2;16.02.1980;0;2
BEYYU;2;3.03.1933;0;2
AFITAM;2;23.03.1979;0;2
IDIDAL;2;7.09.1982;0;2
INTISAM;2;14.01.1982;0;2
BASEMA;2;27.08.1974;0;2
SUFAYYA;2;17.02.1966;0;2
HUDEYCET;2;1.10.1985;0;2
BAGDISEN;2;17.04.1972;0;2
SEHZAMAN;2;14.02.1981;0;2
BENEFI;2;22.02.1955;0;2
KATIRE;2;9.04.1976;0;2
GULDAZ;2;20.03.1966;0;2
BUHAYRI;2;22.05.1955;0;2
AKKISA;2;2.02.1969;0;2
DERRI;2;27.02.1950;0;2
MUATTAL;2;2.02.1945;0;2
FEHMO;2;8.10.1936;0;2
SULEFA;2;3.10.1984;0;2
HAMDULSAMA;2;22.02.1961;0;2
HORBI;2;2.08.1945;0;2
RAMZIE;2;30.04.1992;0;2
CUZVA;2;22.02.1961;0;2
RESMO;2;27.02.1956;0;2
SUFYE;2;23.02.1989;0;2
VAZFA;2;4.03.1931;0;2
SEBIRDAN;2;27.10.1986;0;2
JAGLIN;2;1.03.1944;0;2
BEKTORYA;2;12.06.1982;0;2
FLORANS;2;24.04.1961;0;2
PORZIRIN;2;1.09.1973;0;2
HISINGUL;2;3.12.1980;0;2
RADVA;2;17.04.1981;0;2
NIRFEN;2;27.07.1968;0;2
MIBECEL;2;26.07.1967;0;2
SEMARA;2;3.07.1961;0;2
SIRACA;2;27.02.1962;0;2
ITAP;2;12.02.1983;0;2
NECLETUL;2;27.08.1971;0;2
MUSECCEM;2;2.02.1957;0;2
MASAY;2;12.04.1971;0;2
SAYRI;2;17.02.1966;0;2
KAZZIBAN;2;6.01.1975;0;2
DINHAN;2;29.05.1980;0;2
MEHDIYYE;2;27.11.1944;0;2
SUEHIYE;2;27.05.1974;0;2
MURSEMA;2;19.07.1972;0;2
AKLEMAN;2;7.02.1964;0;2
VAED;2;2.02.1981;0;2
BEDLIHAN;2;15.11.1982;0;2
AHNAZ;2;27.02.1962;0;2
CUNA;2;22.09.1973;0;2
GULSENET;2;1.04.1977;0;2
SEYRINI;2;2.04.1926;0;2
RASYE;2;7.08.1958;0;2
KEFEE;2;26.03.1976;0;2
NECCAH;2;13.03.1971;0;2
BEDINAZ;2;22.02.1949;0;2
IRYANA;2;10.12.1968;0;2
IYUNE;2;9.03.1964;0;2
GISVA;2;28.02.1973;0;2
VERDISAN;2;16.09.1989;0;2
HUNUD;2;27.08.1962;0;2
HUDEYE;2;7.10.1991;0;2
GAMAME;2;6.05.1980;0;2
PARZADE;2;7.06.1964;0;2
ZERFA;2;29.06.1980;0;2
GINDE;2;17.05.1972;0;2
MERDIYAT;2;12.07.1971;0;2
RUMIYLA;2;17.02.1948;0;2
HENVE;2;24.03.1937;0;2
NUHBAN;2;19.01.1975;0;2
NAYULA;2;30.04.1968;0;2
ZUHU;2;7.12.1964;0;2
KENSUME;2;2.06.1948;0;2
NEDRISE;2;24.04.1955;0;2
HISVAN;2;17.02.1954;0;2
HISVE;2;7.02.1958;0;2
FEYZELNUR;2;1.03.1981;0;2
HARFA;2;6.06.1951;0;2
RUMELE;2;3.04.1963;0;2
PIRAZTTAN;2;17.02.1942;0;2
AYTENPERI;2;20.07.1960;0;2
KASSUMA;2;20.08.1963;0;2
ISTERA;2;23.12.1963;0;2
RUZKIYYE;2;12.08.1965;0;2
EZBIRAN;2;17.07.1972;0;2
NEZAMA;2;29.07.1966;0;2
AISHANA;2;6.08.1980;0;2
KOCERNI;2;22.02.1955;0;2
GEVSERI;2;2.02.1963;0;2
RUMELA;2;7.08.1970;0;2
HINDIHAN;2;16.10.1965;0;2
LAFA;2;13.09.1984;0;2
HASSUNA;2;6.05.1948;0;2
ERVEYDA;2;2.02.1951;0;2
BAYEZI;2;9.12.1969;0;2
ELSUMEN;2;22.02.1973;0;2
IRMAYLE;2;22.02.1973;0;2
IGRAYBA;2;17.02.1966;0;2
KEYSUME;2;24.04.1949;0;2
ADOLE;2;18.10.1932;0;2
IMISI;2;12.08.1929;0;2
RAFSE;2;20.06.1988;0;2
KEBUKI;2;7.04.1976;0;2
CIZVA;2;7.04.1968;0;2
ZAYGA;2;27.02.1950;0;2
HARFE;2;2.04.1975;0;2
KAWTHAR;2;19.04.1981;0;2
ZEKATA;2;2.02.1975;0;2
MEGICAN;2;26.11.1991;0;2
FERICANE;2;26.08.1975;0;2
ZARGE;2;22.03.1943;0;2
KATTUMI;2;22.02.1967;0;2
ZIVERI;2;7.05.1976;0;2
AYYISE;2;27.05.1972;0;2
MUHALHAL;2;22.02.1961;0;2
SUKURLAH;2;8.05.1979;0;2
NEFELI;2;15.04.1953;0;2
PELDADE;2;19.04.1992;0;2
HOSNUGUL;2;7.02.1970;0;2
LASEMIN;2;26.09.1988;0;2
EKZEMIN;2;17.03.1987;0;2
CAZIYETE;2;21.03.1966;0;2
NAZLISEN;2;17.09.1971;0;2
SUNAYYA;2;17.02.1966;0;2
EDDUL;2;23.10.1931;0;2
AMRIYE;2;17.12.1948;0;2
MERSURIYE;2;5.12.1981;0;2
HEYLO;2;7.02.1958;0;2
BEVIDE;2;7.02.1964;0;2
ECRIFET;2;5.05.1975;0;2
GARISAH;2;16.11.1982;0;2
MAREH;2;2.07.1951;0;2
NASHIYE;2;5.12.1982;0;2
ZIDI;2;23.03.1937;0;2
ZEKU;2;14.07.1953;0;2
EMOKI;2;21.02.1940;0;2
SEVISTAN;2;19.04.1990;0;2
ZELIHI;2;27.02.1974;0;2
MAKIYET;2;16.04.1965;0;2
HANIKI;2;26.02.1941;0;2
BINAMET;2;5.05.1975;0;2
KEYSO;2;26.06.1961;0;2
MELEFI;2;7.02.1975;0;2
NENISE;2;7.02.1981;0;2
MINTEZE;2;13.09.1983;0;2
RADDIYA;2;25.12.1978;0;2
BAZIHA;2;12.02.1983;0;2
ZEKKO;2;7.08.1928;0;2
EBRIHE;2;22.04.1973;0;2
ZELEHI;2;21.04.1980;0;2
MEMTEZE;2;26.10.1984;0;2
GOLNAS;2;25.06.1973;0;2
YUMRET;2;22.02.1973;0;2
NISILIYE;2;17.02.1972;0;2
NETRE;2;17.02.1978;0;2
FIKOS;2;6.07.1977;0;2
LILLY;2;8.11.1976;0;2
HAYAFA;2;22.02.1931;0;2
CEYSO;2;26.06.1978;0;2
MAGDELANE;2;30.2.1989;0;2
FAHRUMIYE;2;13.04.1953;0;2
SIDURI;2;26.04.1989;0;2
LEYNO;2;27.03.1980;0;2
LULYANA;2;16.09.1989;0;2
BEYRATE;2;27.08.1967;0;2
MARGET;2;26.07.1988;0;2
GABRIYELE;2;14.12.1991;0;2
NINAVA;2;21.09.1982;0;2
FEYREME;2;18.08.1988;0;2
MAHBO;2;27.02.1950;0;2
HAYLI;2;12.08.1923;0;2
MARIEN;2;14.05.1989;0;2
ORSINA;2;25.02.1992;0;2
BILGES;2;21.08.1982;0;2
NAZEDAR;2;17.03.1990;0;2
NADKA;2;25.08.1983;0;2
CANDERK;2;7.10.1963;0;2
SANDRELLA;2;2.06.1980;0;2
TREI;2;7.08.1982;0;2
KATARINE;2;17.08.1930;0;2
USULA;2;7.11.1977;0;2
NIZHET;2;22.12.1958;0;2
NUVAL;2;12.02.1965;0;2
MUNHATA;2;21.02.1971;0;2
MICHAYELEA;2;16.08.1981;0;2
REHELLE;2;2.05.1969;0;2
YILDIL;2;7.02.1964;0;2
BEYTNEHRIN;2;21.11.1979;0;2
KAYSEN;2;21.05.1965;0;2
HELANE;2;18.01.1982;0;2
CULYANE;2;23.11.1979;0;2
ELERIYE;2;11.12.1983;0;2
DURYETE;2;8.08.1986;0;2
ZAHU;2;16.05.1975;0;2
SIBILIYA;2;21.06.1967;0;2
SUMINI;2;8.08.1949;0;2
ROJVIN;2;24.01.1975;0;2
TIRIZE;2;18.02.1960;0;2
DANYELE;2;21.04.1987;0;2
SHERIN;2;12.01.1989;0;2
TAMBIYA;2;13.12.1991;0;2
SIMME;2;25.04.1969;0;2
KESLEDI;2;2.02.1981;0;2
PERWIN;2;13.06.1991;0;2
JOCGULINE;2;5.05.1981;0;2
DELILO;2;20.06.1966;0;2
ARJIYAN;2;24.07.1990;0;2
GETIYE;2;27.03.1988;0;2
LAURAJALE;2;1.01.1969;0;2
MORTINO;2;4.11.1975;0;2
LISASIBEL;2;11.03.1971;0;2
ELBIRET;2;17.02.1984;0;2
MUSTEHFIRA;2;22.08.1943;0;2
NEDLIN;2;3.03.1975;0;2
RAWIYA;2;22.08.1979;0;2
ILORA;2;13.02.1966;0;2
HESLI;2;9.02.1979;0;2
BIRBERE;2;15.11.1986;0;2
DILIANA;2;17.02.1991;0;2
ELBIRTA;2;17.07.1978;0;2
KETIYBE;2;13.04.1971;0;2
LEMSO;2;3.05.1962;0;2
VIKTORE;2;18.11.1960;0;2
ELIVIN;2;23.09.1975;0;2
GULSUMER;2;23.05.1961;0;2
VIVIENE;2;15.04.1986;0;2
NANSI;2;16.11.1983;0;2
NASILA;2;28.04.1956;0;2
CURUSE;2;23.06.1955;0;2
DIYERIYE;2;6.09.1990;0;2
IBRIZED;2;7.03.1976;0;2
MEVDUA;2;17.06.1972;0;2
NIYLE;2;27.02.1974;0;2
LISBAH;2;13.03.1964;0;2
MEMIRCAN;2;11.01.1985;0;2
AMETELLA;2;2.01.1981;0;2
SEHZENAT;2;6.05.1975;0;2
MARIDIYE;2;27.03.1974;0;2
DIVVA;2;13.01.1956;0;2
LUCINDE;2;20.07.1984;0;2
IMSAFI;2;17.02.1972;0;2
LUSIE;2;24.08.1978;0;2
KARDIN;2;7.02.1989;0;2
ROKIYETA;2;28.01.1983;0;2
RAGYATE;2;18.05.1982;0;2
HUVAYDIL;2;11.03.1985;0;2
KAIZE;2;9.12.1990;0;2
KESERE;2;1.03.1967;0;2
ELBARA;2;27.02.1956;0;2
ZAMATA;2;2.08.1963;0;2
MARUSEN;2;27.04.1974;0;2
LAMHEN;2;7.02.1970;0;2
HACEM;2;1.10.1985;0;2
SEMLANI;2;17.08.1924;0;2
CUZFIN;2;17.03.1970;0;2
ILOK;2;19.06.1929;0;2
AMILIN;2;2.07.1970;0;2
LILLANA;2;17.04.1992;0;2
APTONIA;2;25.08.1988;0;2
SAROKIN;2;23.08.1980;0;2
VILYANA;2;13.01.1965;0;2
RIN;2;9.01.1973;0;2
MEREMI;2;26.12.1941;0;2
JANNE;2;10.09.1975;0;2
MARSILYA;2;16.02.1986;0;2
FERUSHAN;2;1.01.1969;0;2
SEKRIZAN;2;21.05.1948;0;2
ZIKEYE;2;6.06.1982;0;2
FELEKNAZI;2;27.04.1956;0;2
NASICA;2;6.02.1980;0;2
ILIJBAH;2;24.05.1955;0;2
NABERT;2;27.01.1935;0;2
DELLU;2;12.02.1929;0;2
NICBAH;2;11.06.1973;0;2
HAYAFAR;2;8.12.1951;0;2
VATFO;2;4.03.1951;0;2
GEHUI;2;2.08.1915;0;2
MENDUSIYE;2;19.07.1978;0;2
NEYSERAN;2;1.08.1978;0;2
SAINI;2;27.02.1944;0;2
ELIJABET;2;19.09.1961;0;2
FARCA;2;27.02.1932;0;2
LIJBE;2;19.08.1930;0;2
KESSIBAN;2;8.08.1974;0;2
HELENCRSTINA;2;13.10.1981;0;2
VARHI;2;7.08.1934;0;2
DITA;2;2.05.1982;0;2
MINSON;2;26.05.1986;0;2
ENICE;2;9.10.1989;0;2
HARAMSIYE;2;22.03.1979;0;2
CAZFIN;2;12.02.1941;0;2
ZAHORA;2;2.05.1970;0;2
DEKLATH;2;12.10.1984;0;2
VEDO;2;22.08.1925;0;2
OSTYAN;2;25.07.1961;0;2
BEDNARIN;2;13.09.1976;0;2
ARIDA;2;1.09.1978;0;2
ELINIE;2;9.08.1974;0;2
ELILYA;2;26.04.1963;0;2
KASTANTINIYE;2;27.09.1938;0;2
FARCIYE;2;21.11.1972;0;2
ANDORA;2;16.07.1982;0;2
HARNUF;2;18.04.1960;0;2
MENCUK;2;16.11.1982;0;2
FLEMIN;2;26.03.1976;0;2
HIZMO;2;16.03.1957;0;2
ELINOR;2;15.02.1984;0;2
CHAMIRAN;2;12.01.1977;0;2
MANNIRA;2;1.03.1948;0;2
GINVE;2;21.10.1982;0;2
ELISEBATH;2;8.10.1974;0;2
MADLEEN;2;24.12.1990;0;2
ALDRIN;2;11.05.1982;0;2
METHER;2;17.02.1948;0;2
TERIBE;2;2.09.1939;0;2
FERSEH;2;27.02.1974;0;2
AGNIZ;2;1.01.2001;0;2
SHEMIRAN;2;16.08.1977;0;2
ANELREA;2;15.01.1982;0;2
HANNLERE;2;24.01.1981;0;2
ILITA;2;11.01.1957;0;2
ELBISABETH;2;9.02.1990;0;2
MAHARIN;2;14.02.1986;0;2
FIRENCESKE;2;2.04.1977;0;2
EFGENIA;2;25.11.1974;0;2
AVNAT;2;1.04.1991;0;2
ASSYRIA;2;25.02.1979;0;2
BETHNAHRIN;2;6.07.1981;0;2
BEDNEHRIN;2;22.03.1973;0;2
ZIYALE;2;8.04.1970;0;2
ELIKSANDRA;2;9.01.1972;0;2
SEVRUN;2;7.01.1981;0;2
GILYANA;2;6.07.1981;0;2
NIBEHE;2;17.02.1966;0;2
POLINMUKADDES;2;18.09.1976;0;2
PEYRIT;2;6.01.1970;0;2
ORAKA;2;9.08.1978;0;2
ELINI;2;18.08.1941;0;2
MAJDA;2;11.10.1979;0;2
SIMONI;2;12.02.1960;0;2
SULEFE;2;2.04.1976;0;2
KINORA;2;24.08.1984;0;2
FEBRUMIYE;2;14.04.1982;0;2
LIDYAL;2;7.04.1964;0;2
TURMERI;2;23.04.1973;0;2
OZALIYE;2;16.08.1965;0;2
KESNEDE;2;21.07.1987;0;2
SIYADERE;2;22.02.1961;0;2
GULFAKAR;2;20.07.1982;0;2
FERAHMENCI;2;13.11.1985;0;2
ROZINE;2;16.01.1978;0;2
PHELIPPE;2;29.03.1971;0;2
SONY;2;10.02.1974;0;2
SILWA;2;17.12.1980;0;2
MANUELE;2;29.07.1972;0;2
HIZNIYI;2;27.02.1974;0;2
JACLYN;2;29.04.1988;0;2
TEHERESA;2;17.12.1984;0;2
DONIS;2;1.06.1984;0;2
SIMUNNI;2;2.02.1945;0;2
HAMNO;2;8.02.1958;0;2
MUALYE;2;29.06.1981;0;2
IRDOGAN;2;30.04.1933;0;2
GUINA;2;28.01.1988;0;2
KECE;2;12.04.1971;0;2
SABGIYE;2;17.02.1960;0;2
MINUVER;2;26.08.1978;0;2
SOBHIYE;2;27.08.1968;0;2
FIRAYSE;2;6.02.1981;0;2
SEHREHAN;2;26.03.1939;0;2
ELBUHAR;2;27.02.1974;0;2
SUBHIYYE;2;27.12.1950;0;2
JESSRA;2;12.04.1986;0;2
NESLINAN;2;19.02.1980;0;2
ZIHDO;2;7.02.1976;0;2
OLLA;2;25.05.1985;0;2
MEBRURA;2;12.01.1929;0;2
ESMIYHAN;2;2.11.1981;0;2
MEHDO;2;2.02.1951;0;2
HENYE;2;4.06.1975;0;2
HIMME;2;7.02.1946;0;2
TADVA;2;1.06.1990;0;2
OLUTE;2;17.02.1960;0;2
MISHARIMA;2;7.12.1989;0;2
KHANOM;2;27.08.1944;0;2
CHAMS;2;23.02.1974;0;2
RENYA;2;1.07.1986;0;2
ARDREA;2;9.10.1982;0;2
KETTINA;2;18.06.1986;0;2
JENDERK;2;8.02.1980;0;2
COZLIN;2;15.12.1984;0;2
GIRAT;2;9.03.1976;0;2
FIRYELN;2;20.06.1978;0;2
ALKSANDRA;2;4.03.1989;0;2
JONETH;2;7.03.1979;0;2
DOROSI;2;16.04.1985;0;2
CHERISTINA;2;24.02.1978;0;2
SIMUNE;2;10.05.1989;0;2
LAMO;2;18.04.1951;0;2
VESIDA;2;17.10.1978;0;2
NEZHIYE;2;7.02.1982;0;2
MAGIME;2;14.05.1959;0;2
HADICO;2;18.02.1954;0;2
ROHEL;2;30.07.1986;0;2
BERBARA;2;12.04.1982;0;2
NIJBAH;2;24.09.1980;0;2
NAZZI;2;23.04.1961;0;2
FURVAN;2;27.02.1974;0;2
MELEZIN;2;22.11.1991;0;2
FIRYALI;2;25.06.1959;0;2
CEHIDA;2;30.09.1985;0;2
KISMETI;2;2.05.1975;0;2
HARICO;2;12.02.1947;0;2
SIGAYRA;2;7.04.1970;0;2
REVIZATE;2;1.02.1974;0;2
MENEZIR;2;27.03.1986;0;2
ANNUDE;2;19.10.1989;0;2
MUNAHI;2;2.02.1981;0;2
NECCUDE;2;19.10.1989;0;2
KIPSI;2;17.08.1936;0;2
KEYVI;2;17.02.1960;0;2
ZECRE;2;26.03.1983;0;2
SACIRA;2;2.02.1975;0;2
RADYETA;2;26.03.1955;0;2
SIHENE;2;27.01.1974;0;2
NESRIL;2;12.02.1971;0;2
FAVAY;2;12.03.1941;0;2
ENSIHAN;2;7.02.1970;0;2
TEBRIZEN;2;21.11.1966;0;2
SINOKE;2;22.02.1961;0;2
KAORIYE;2;26.03.1985;0;2
SAHZENAT;2;17.07.1984;0;2
HAYAFE;2;24.04.1939;0;2
CEFALA;2;2.02.1951;0;2
ALBERA;2;27.04.1968;0;2
VENSIYE;2;29.01.1980;0;2
LEME;2;2.02.1975;0;2
ENTISAN;2;29.08.1988;0;2
GIZLE;2;4.12.1988;0;2
YIMNE;2;1.05.1991;0;2
MELULE;2;4.03.1990;0;2
SEYRENI;2;2.06.1975;0;2
ROHEME;2;27.01.1962;0;2
TUMEYLE;2;22.08.1991;0;2
SEHINABAT;2;12.02.1971;0;2
TECIHE;2;7.09.1979;0;2
BUSRET;2;7.05.1989;0;2
KUPRISE;2;21.03.1967;0;2
HAMRIK;2;25.06.1949;0;2
YULYANE;2;17.02.1976;0;2
KEVTEP;2;30.10.1957;0;2
KESNEDI;2;12.08.1968;0;2
SEMSIHAT;2;15.03.1965;0;2
LEDYE;2;7.03.1958;0;2
IZNIHAT;2;27.05.1986;0;2
PERUSHAN;2;26.05.1978;0;2
HINDIR;2;27.02.1932;0;2
BABRA;2;10.06.1982;0;2
JENAN;2;22.08.1979;0;2
TAKYE;2;2.05.1987;0;2
KEFSUME;2;2.05.1975;0;2
GERFALI;2;17.02.1942;0;2
CAHLIN;2;16.12.1971;0;2
MAKIRIT;2;21.02.1947;0;2
CANLIYE;2;12.05.1965;0;2
GIPPA;2;4.10.1975;0;2
EMELIM;2;4.06.1976;0;2
HIZMIK;2;6.02.1956;0;2
FATIMK;2;7.08.1928;0;2
DEMEET;2;21.04.1982;0;2
MIKRUME;2;23.02.1961;0;2
CERIZE;2;1.05.1956;0;2
KRSTINA;2;1.06.1983;0;2
BUNILLA;2;22.10.1977;0;2
ZULFATA;2;7.01.1977;0;2
HAYEFE;2;22.02.1955;0;2
GIZALE;2;22.04.1961;0;2
VAHBIYET;2;30.10.1948;0;2
ELMASYA;2;11.12.1973;0;2
SORGULE;2;21.04.1982;0;2
MECIZE;2;12.02.1983;0;2
CIHAZE;2;2.02.1981;0;2
SERBETE;2;6.01.1976;0;2
TIINA;2;5.02.1969;0;2
NEGOR;2;12.11.1959;0;2
DULLUCAN;2;13.02.1982;0;2
GULFARIN;2;22.06.1979;0;2
AMUSA;2;28.04.1956;0;2
AYICHEN;2;24.04.1962;0;2
EMGELE;2;12.03.1977;0;2
MAYDET;2;2.02.1975;0;2
TERFAN;2;12.04.1985;0;2
DOLGES;2;24.03.1980;0;2
ROHUL;2;17.12.1980;0;2
MARINNA;2;18.05.1989;0;2
SERGON;2;11.07.1977;0;2
NUSLO;2;17.02.1936;0;2
FIRHET;2;29.2.1966;0;2
ZEBRICAN;2;2.02.1963;0;2
BAIZ;2;11.09.1937;0;2
ANFIYE;2;22.03.1979;0;2
VEFAA;2;2.10.1981;0;2
ARBELLA;2;2.03.1981;0;2
PESLIN;2;2.07.1988;0;2
ANTALIN;2;15.12.1983;0;2
HUSNATA;2;17.11.1972;0;2
AYVES;2;24.01.1967;0;2
GAZIK;2;17.02.1942;0;2
HIRYET;2;27.05.1986;0;2
KEYMI;2;3.09.1962;0;2
VALLI;2;4.02.1990;0;2
HINDIZAN;2;26.05.1989;0;2
NEVJIN;2;1.02.1985;0;2
HUSEYMETE;2;12.02.1971;0;2
RUNAS;2;26.11.1971;0;2
NASEBI;2;2.11.1975;0;2
MECBURRE;2;7.02.1976;0;2
ROHNAYI;2;29.01.1991;0;2
MUZAYAN;2;19.02.1984;0;2
MEDKIYE;2;13.04.1941;0;2
DILIMAN;2;6.04.1984;0;2
EYLIFA;2;13.01.1964;0;2
EMRATA;2;13.02.1980;0;2
RUVEIDE;2;28.02.1974;0;2
NEHBET;2;28.05.1948;0;2
BESSNE;2;7.02.1964;0;2
MUNVAR;2;12.11.1977;0;2
DAIELA;2;20.06.1979;0;2
FARRASIN;2;12.04.1965;0;2
FAKTORIYE;2;1.10.1978;0;2
GULSILEN;2;26.05.1989;0;2
DOLFIN;2;26.04.1985;0;2
FIKTURIYE;2;26.03.1967;0;2
SITERYE;2;1.05.1982;0;2
GEHVI;2;29.08.1950;0;2
MENDIRAN;2;15.07.1971;0;2
SININI;2;12.02.1965;0;2
CEYHETE;2;20.02.1972;0;2
FABRA;2;26.06.1953;0;2
ZUMRETTAR;2;17.06.1972;0;2
KEYFEGOS;2;17.02.1972;0;2
DILGEHAN;2;2.02.1981;0;2
FATTHIYE;2;12.02.1983;0;2
ALAJIN;2;9.09.1982;0;2
EFITAP;2;22.04.1973;0;2
HEDIVAR;2;22.07.1991;0;2
HUNDEKAR;2;3.03.1974;0;2
SEVAFI;2;6.03.1975;0;2
MENSUMA;2;20.09.1991;0;2
FVUZE;2;22.02.1979;0;2
FARANSIN;2;28.10.1984;0;2
MATINE;2;27.01.1986;0;2
ERJIN;2;12.01.1989;0;2
BILNEZ;2;11.05.1976;0;2
MITAZSIM;2;27.06.1980;0;2
FEYRUSEN;2;22.06.1982;0;2
HAMRATA;2;26.10.1969;0;2
LUDYA;2;7.05.1987;0;2
MEFREDA;2;22.02.1979;0;2
HINEYNE;2;1.01.1944;0;2
TACIHE;2;26.05.1967;0;2
ZEYDINE;2;13.06.1975;0;2
VESNE;2;12.02.1953;0;2
CHAHEZA;2;15.05.1971;0;2
EMOSAH;2;8.06.1957;0;2
YEKBUM;2;11.04.1981;0;2
MIHANI;2;27.02.1968;0;2
HINDAN;2;25.05.1991;0;2
HIVINI;2;26.02.1981;0;2
MUGRUBIYE;2;15.10.1968;0;2
ELBIRIN;2;12.02.1983;0;2
NEZIHEF;2;9.09.1989;0;2
AREB;2;29.04.1929;0;2
MENDISTAN;2;29.08.1980;0;2
SEFYETA;2;6.10.1966;0;2
DULFIKAR;2;22.07.1987;0;2
DILGIHA;2;13.12.1977;0;2
RENDO;2;20.04.1948;0;2
KULSRAN;2;23.06.1986;0;2
VEJDAN;2;7.03.1982;0;2
ZEVIYYE;2;12.04.1965;0;2
NIROUZ;2;6.04.1984;0;2
NEZRETE;2;14.03.1952;0;2
MIZGINI;2;27.02.1980;0;2
HACIYI;2;27.08.1972;0;2
KAMARAYIN;2;1.06.1961;0;2
ZETLEMIRE;2;2.05.1975;0;2
MAHERDIKER;2;7.06.1988;0;2
MUBLIME;2;8.04.1981;0;2
KEJIHAN;2;22.02.1943;0;2
MERTEZIN;2;18.08.1972;0;2
EZBIREN;2;2.07.1986;0;2
GURCANE;2;4.05.1939;0;2
FABRUNIYA;2;10.06.1978;0;2
GARIFALIA;2;2.02.1957;0;2
GUTTI;2;7.07.1939;0;2
ANNUDA;2;22.04.1955;0;2
AKHIN;2;19.08.1984;0;2
HALIHE;2;27.02.1980;0;2
FAYAZA;2;17.02.1966;0;2
HARARI;2;27.08.1932;0;2
FESSO;2;9.05.1952;0;2
DEBAA;2;3.04.1939;0;2
GULENI;2;2.02.1957;0;2
ETIKETE;2;17.12.1990;0;2
REMIMA;2;6.06.1978;0;2
VENDA;2;3.07.1986;0;2
SITIZEYNEP;2;8.06.1987;0;2
BENNIYI;2;2.02.1951;0;2
HAISTAN;2;7.04.1982;0;2
DIRA;2;22.02.1967;0;2
NUEVDE;2;22.02.1937;0;2
CAMIDA;2;21.09.1971;0;2
MIRANET;2;18.10.1989;0;2
SIFNA;2;8.03.1936;0;2
ROHIL;2;13.06.1975;0;2
HUNAFU;2;27.02.1956;0;2
SLEIFA;2;22.11.1984;0;2
RUMAYLE;2;7.02.1964;0;2
CAZU;2;7.08.1934;0;2
ANNELI;2;3.02.1986;0;2
SUFNA;2;29.2.1979;0;2
TIDORE;2;12.05.1977;0;2
GURCIYA;2;10.02.1986;0;2
MARFIDE;2;17.02.1984;0;2
FENSEP;2;17.02.1972;0;2
GEVEZI;2;19.06.1942;0;2
FAHTURIYE;2;17.03.1966;0;2
BAYLETE;2;17.02.1966;0;2
BEYETE;2;13.10.1968;0;2
TERZE;2;13.04.1971;0;2
RAHUL;2;16.06.1970;0;2
EREGLIYE;2;19.06.1985;0;2
ANOT;2;17.02.1972;0;2
FABRUMIYE;2;10.01.1976;0;2
NEGHAN;2;4.08.1991;0;2
SUSANE;2;19.11.1982;0;2
GURSELENELINE;2;20.02.1972;0;2
JELIS;2;25.10.1980;0;2
ELIZABETSARA;2;18.12.1978;0;2
ZIBRIYE;2;26.10.1962;0;2
BEDHA;2;12.02.1965;0;2
BEYRESAH;2;7.02.1976;0;2
KULFA;2;2.05.1969;0;2
GISIYE;2;19.07.1985;0;2
LONYA;2;29.08.1978;0;2
SITARIYA;2;27.10.1987;0;2
MAHFUSA;2;24.04.1973;0;2
PITUN;2;18.04.1948;0;2
RIBO;2;2.02.1951;0;2
NESLIHET;2;15.12.1965;0;2
HOSNUGOL;2;4.07.1951;0;2
YEDIRMEZ;2;12.02.1977;0;2
MECIDA;2;23.08.1984;0;2
BORIN;2;27.04.1974;0;2
MENAVAR;2;22.02.1973;0;2
HAVAFA;2;27.02.1968;0;2
DILNEVES;2;23.11.1978;0;2
SUDULEYN;2;6.02.1984;0;2
EMINETI;2;7.01.1946;0;2
NOUJIN;2;18.01.1980;0;2
RAZIHE;2;21.09.1980;0;2
DINARZAR;2;27.02.1980;0;2
MISBIYE;2;17.02.1966;0;2
HEYFIN;2;19.05.1980;0;2
HIZMIYE;2;30.06.1974;0;2
BENEYYE;2;22.07.1967;0;2
ISTEGFIRE;2;2.08.1975;0;2
HALEBIYE;2;10.11.1976;0;2
ASIMETE;2;17.02.1954;0;2
RUWAIDA;2;27.11.1975;0;2
KEYNE;2;7.02.1940;0;2
ELMISAN;2;12.06.1982;0;2
PELSI;2;1.04.1989;0;2
ROMIYE;2;17.06.1960;0;2
NUJAN;2;2.02.1981;0;2
AGRIN;2;2.11.1987;0;2
GEYBIYE;2;7.02.1970;0;2
FOTHA;2;12.06.1965;0;2
ZARIRE;2;28.10.1991;0;2
MUUFA;2;21.11.1977;0;2
BEDIATULCEMAL;2;25.02.1956;0;2
BAVCIN;2;16.10.1975;0;2
KEHLIYE;2;23.04.1943;0;2
AVNIIYE;2;1.06.1984;0;2
HENIFA;2;2.04.1975;0;2
DEVRIYA;2;17.04.1978;0;2
HOMSI;2;17.03.1936;0;2
ARELU;2;7.02.1964;0;2
GLUNAZ;2;21.07.1985;0;2
MONIFA;2;26.05.1971;0;2
EWIN;2;21.05.1990;0;2
ISIRIN;2;30.08.1987;0;2
MEFRO;2;3.09.1977;0;2
SEYVE;2;17.02.1924;0;2
CAZILE;2;17.02.1954;0;2
MAHDIE;2;10.09.1982;0;2
ANDIRA;2;14.03.1970;0;2
SIHDE;2;7.02.1976;0;2
TASHIYE;2;9.05.1981;0;2
EVILIN;2;25.06.1984;0;2
SIMELE;2;18.05.1991;0;2
KILHET;2;4.07.1972;0;2
NUDAM;2;6.01.1992;0;2
LUKSIYA;2;7.12.1970;0;2
GEHRER;2;22.02.1967;0;2
LULIHAN;2;20.05.1978;0;2
MUMINETE;2;12.09.1971;0;2
TESELLIYE;2;1.05.1974;0;2
LAMHA;2;29.06.1946;0;2
NASCHO;2;4.03.1982;0;2
MANCI;2;17.08.1930;0;2
HELALI;2;17.08.1930;0;2
ANODA;2;3.04.1975;0;2
GILSO;2;17.04.1966;0;2
TAMLA;2;25.02.1976;0;2
ELBIZEN;2;21.01.1980;0;2
EMAYET;2;21.04.1974;0;2
SUSANANN;2;3.02.1954;0;2
ZATANUN;2;2.10.1972;0;2
SITILILE;2;24.07.1986;0;2
FERZIN;2;22.02.1961;0;2
ELISCHBA;2;27.03.1984;0;2
YESE;2;2.02.1975;0;2
FEHADE;2;26.06.1983;0;2
ZEMRET;2;30.04.1968;0;2
SAFISA;2;22.08.1931;0;2
DICANE;2;23.07.1986;0;2
SITYAZIN;2;27.04.1979;0;2
SAFYADA;2;12.03.1971;0;2
MEHLISA;2;12.02.1941;0;2
UMMETE;2;22.06.1977;0;2
HADULI;2;3.02.1951;0;2
MENDISAN;2;17.03.1966;0;2
ELBINE;2;16.09.1975;0;2
SEHIYET;2;22.03.1991;0;2
ANDERA;2;25.02.1977;0;2
HULYO;2;16.08.1976;0;2
CIRISTINE;2;10.05.1982;0;2
RAVBIYE;2;6.10.1985;0;2
DILHIN;2;11.12.1991;0;2
FEHRUSHAN;2;22.02.1967;0;2
LUCCEYA;2;11.09.1990;0;2
MILKANI;2;6.03.1961;0;2
HILTO;2;7.02.1946;0;2
RAZNA;2;17.12.1988;0;2
NEHIBET;2;6.05.1964;0;2
ALKSE;2;9.06.1990;0;2
KASIHA;2;1.04.1968;0;2
ROUJIN;2;27.09.1982;0;2
BEYRIBAN;2;30.03.1983;0;2
CHAHLA;2;6.01.1981;0;2
MIHAM;2;7.02.1952;0;2
BIHOKE;2;1.11.1977;0;2
SIAM;2;14.07.1970;0;2
AYINHAYAT;2;2.02.1957;0;2
JULIANE;2;11.06.1991;0;2
RONALIN;2;22.04.1991;0;2
DIJAR;2;18.01.1992;0;2
MEGRIN;2;22.09.1991;0;2
ZEBIRCAN;2;4.05.1976;0;2
GULVALAT;2;2.02.1975;0;2
NEZEFE;2;17.04.1960;0;2
MIREMI;2;25.06.1930;0;2
BENYE;2;17.02.1930;0;2
SEVINHAN;2;27.07.1991;0;2
AHVALAT;2;23.08.1978;0;2
NEYASE;2;7.02.1976;0;2
NEZZETTE;2;27.02.1974;0;2
ILESA;2;14.02.1989;0;2
ELMAZHAN;2;3.05.1975;0;2
SEHRABEN;2;17.04.1952;0;2
RAJYA;2;27.02.1986;0;2
ERDEMPERIN;2;12.02.1971;0;2
MERDEYE;2;6.02.1975;0;2
FENLIRE;2;13.05.1974;0;2
SURIYEY;2;7.01.1970;0;2
KEVKEPSARK;2;2.03.1969;0;2
ATIDEL;2;16.01.1991;0;2
YUCEYLE;2;12.06.1960;0;2
AKIZA;2;12.02.1953;0;2
TEYUBA;2;23.11.1970;0;2
ALZEMI;2;22.06.1972;0;2
NESNAYI;2;21.08.1951;0;2
KEDDI;2;22.08.1925;0;2
BEHEVI;2;9.01.1992;0;2
CEBINARYA;2;23.04.1949;0;2
NADIVAR;2;23.06.1973;0;2
HIBBIYE;2;22.02.1991;0;2
BIRUCA;2;22.02.1973;0;2
HAYAMI;2;29.06.1967;0;2
ROLANS;2;2.02.1969;0;2
LILJAN;2;26.07.1987;0;2
SEMMUNI;2;11.09.1963;0;2
MUAYSIM;2;30.2.1982;0;2
HORBIYE;2;30.03.1968;0;2
ITTISEM;2;12.09.1977;0;2
MIHDIYI;2;17.02.1948;0;2
SEMES;2;1.01.1986;0;2
HILOM;2;22.02.1955;0;2
NAZHA;2;27.08.1962;0;2
HISVI;2;13.04.1953;0;2
PERNILLA;2;4.01.1987;0;2
KETHERINA;2;28.09.1985;0;2
RAKIYEH;2;6.09.1991;0;2
ACHVAK;2;17.12.1978;0;2
NAVIA;2;5.03.1992;0;2
KAUKAB;2;3.04.1991;0;2
ANTIVENIT;2;12.02.1959;0;2
CELELE;2;27.06.1956;0;2
NESRAVIN;2;27.02.1950;0;2
LAYAL;2;6.05.1991;0;2
CHUMANA;2;4.01.1991;0;2
HAMISO;2;10.08.1949;0;2
TEZIME;2;22.05.1979;0;2
MUHTIRE;2;7.02.1970;0;2
MIHHIBBET;2;2.03.1957;0;2
SIGHE;2;7.07.1970;0;2
LARZIHAN;2;2.02.1945;0;2
SITTILUYUM;2;30.05.1949;0;2
GUBUHAR;2;17.01.1982;0;2
NACDIYE;2;2.02.1963;0;2
KANCANI;2;2.02.1963;0;2
SARCE;2;12.08.1923;0;2
FAYDANUR;2;6.04.1983;0;2
SARFI;2;26.11.1941;0;2
BELMAZI;2;12.02.1971;0;2
LIBNANIYE;2;27.10.1974;0;2
YAVGUL;2;18.04.1989;0;2
KOCEBI;2;27.02.1944;0;2
NABATI;2;1.01.2001;0;2
UMAYRA;2;1.06.1979;0;2
CELEBIYI;2;27.02.1956;0;2
UMMULKELSUN;2;8.10.1981;0;2
MATTA;2;7.08.1964;0;2
FAISA;2;11.12.1991;0;2
DULAVIZ;2;23.01.1985;0;2
PERINAR;2;18.12.1990;0;2
TARFO;2;2.02.1957;0;2
NURIYLE;2;2.06.1975;0;2
HEYEM;2;30.01.1976;0;2
SARORA;2;17.02.1966;0;2
SUBHO;2;27.02.1956;0;2
IRMILA;2;4.05.1962;0;2
PERDESLESIN;2;27.10.1950;0;2
SITTIHAM;2;22.10.1979;0;2
GESUME;2;30.2.1971;0;2
GERZUMA;2;27.04.1974;0;2
IRANI;2;7.02.1958;0;2
HUHET;2;14.09.1972;0;2
INTIS;2;22.10.1931;0;2
IMOSE;2;12.03.1941;0;2
FELEKILALEDDIN;2;22.02.1943;0;2
HAMSERIYE;2;7.02.1946;0;2
PEYANI;2;27.02.1980;0;2
SENKULE;2;23.10.1942;0;2
CAFERET;2;26.03.1964;0;2
HACANA;2;1.04.1961;0;2
FIRUZIYE;2;23.11.1969;0;2
NEZALIM;2;24.10.1975;0;2
MUTALA;2;6.10.1948;0;2
ENDAMIYE;2;13.05.1959;0;2
MEPRUZE;2;7.03.1962;0;2
NAVIZER;2;25.08.1967;0;2
FAHRU;2;30.10.1970;0;2
ZOHURE;2;6.12.1959;0;2
MAHMIR;2;26.09.1955;0;2
TIFIDIYE;2;19.01.1958;0;2
NEBILIYE;2;14.01.1969;0;2
MASUNE;2;1.01.1962;0;2
LALEZAN;2;2.10.1947;0;2
LEVUM;2;25.02.1965;0;2
ZEYCEL;2;26.08.1948;0;2
NIGOR;2;4.10.1962;0;2
MAHMUNE;2;28.07.1957;0;2
SEKUBE;2;26.12.1951;0;2
INDAM;2;30.2.1958;0;2
KADERCAN;2;17.04.1981;0;2
ULUFE;2;27.06.1955;0;2
CEVRAN;2;17.05.1965;0;2
KULCAN;2;18.08.1968;0;2
MIRIYAN;2;20.10.1947;0;2
BERLIYE;2;30.10.1963;0;2
MURETTIBE;2;6.12.1960;0;2
URZUYE;2;14.08.1977;0;2
MELAYE;2;18.03.1955;0;2
FELIMAN;2;21.02.1965;0;2
KIYAME;2;23.06.1963;0;2
MEJMULE;2;7.08.1979;0;2
MERGIZ;2;24.02.1940;0;2
NUGBE;2;30.10.1973;0;2
MAMURAN;2;11.05.1955;0;2
SEFFANE;2;2.10.1986;0;2
OZGUNUR;2;13.06.1983;0;2
SERIFGUL;2;29.04.1979;0;2
BERATGUL;2;8.06.1970;0;2
BUHIYE;2;2.03.1953;0;2
TESLIMIYE;2;27.10.1935;0;2
IMAK;2;19.02.1974;0;2
MEFTALE;2;16.07.1978;0;2
ISANE;2;9.09.1967;0;2
SEMUYA;2;14.05.1964;0;2
FECDIYE;2;1.02.1958;0;2
MEKRUBE;2;27.04.1979;0;2
MADIS;2;23.07.1963;0;2
GULAYGUL;2;2.07.1971;0;2
GUNARI;2;22.03.1958;0;2
MELAHATDIN;2;28.05.1954;0;2
MAKABULE;2;11.01.1971;0;2
SEHNIVER;2;24.04.1944;0;2
EKURIYE;2;1.04.1948;0;2
AZLIYE;2;30.2.1959;0;2
SECDEHAN;2;2.03.1973;0;2
CUZUYE;2;16.01.1966;0;2
HAVADIN;2;24.07.1973;0;2
ULAMIYE;2;3.05.1954;0;2
GULBAHAT;2;22.08.1957;0;2
RUKU;2;4.10.1961;0;2
SADIVER;2;7.07.1951;0;2
GUMRUYE;2;16.08.1976;0;2
AYETUL;2;16.06.1984;0;2
FADMANA;2;1.03.1964;0;2
MUTAHERE;2;13.04.1965;0;2
SERFANA;2;21.06.1961;0;2
NUZUFE;2;25.10.1964;0;2
IHLAMIYE;2;24.08.1977;0;2
MANGUL;2;9.10.1970;0;2
HIKRIYE;2;7.09.1955;0;2
NASAR;2;19.05.1969;0;2
ANSAANA;2;5.06.1944;0;2
HAMDIE;2;23.11.1971;0;2
BAHTIACIK;2;5.09.1962;0;2
CIDDEM;2;2.02.1969;0;2
MEVLE;2;26.02.1956;0;2
TENZURE;2;28.06.1935;0;2
EBAT;2;3.04.1962;0;2
DULIFER;2;21.10.1939;0;2
BAYREMSE;2;14.02.1970;0;2
MUKADIZ;2;6.03.1950;0;2
SEFIYAT;2;15.06.1958;0;2
IREMZIYE;2;3.08.1956;0;2
AHIMET;2;17.08.1947;0;2
ZATUL;2;22.09.1961;0;2
MUREFET;2;6.12.1945;0;2
ASNE;2;8.06.1960;0;2
ZERIYYE;2;7.03.1953;0;2
BILBEN;2;26.01.1977;0;2
GULSABI;2;21.09.1977;0;2
GULMUSE;2;22.02.1959;0;2
RIYAFET;2;17.08.1947;0;2
GULESUN;2;9.01.1977;0;2
MURDUFUN;2;13.08.1961;0;2
FAZIYLE;2;2.07.1961;0;2
HUMESA;2;28.12.1977;0;2
NURCIBE;2;1.05.1963;0;2
TOMRISE;2;10.11.1935;0;2
MENDUGA;2;11.08.1955;0;2
MUKERRIME;2;9.01.1961;0;2
MUHSENA;2;6.11.1974;0;2
HATIRCA;2;29.03.1947;0;2
CEFAILE;2;5.08.1945;0;2
DUNDIYE;2;30.08.1932;0;2
EMURIYE;2;4.09.1963;0;2
BAHIME;2;23.06.1943;0;2
SUDIL;2;19.09.1971;0;2
FIRKE;2;23.12.1974;0;2
HAFUZE;2;12.09.1957;0;2
HEBIK;2;18.06.1944;0;2
VELMA;2;25.03.1975;0;2
SEVRAL;2;9.11.1983;0;2
SARIC;2;21.07.1949;0;2
ICMEN;2;4.12.1977;0;2
DURSILE;2;22.03.1973;0;2
GULANIYE;2;8.12.1973;0;2
SUMEYYEH;2;7.05.1977;0;2
AYSIGUL;2;14.10.1977;0;2
MESEGUL;2;11.09.1963;0;2
CEMAFIYE;2;17.12.1969;0;2
YESINE;2;9.09.1962;0;2
MUHAZER;2;2.10.1970;0;2
ORAZBIBI;2;29.12.1960;0;2
MEHRABA;2;11.01.1947;0;2
HAVVASIN;2;24.06.1978;0;2
FAFIZE;2;14.09.1950;0;2
ELVARE;2;20.05.1941;0;2
MANSUBE;2;7.11.1971;0;2
NEHADE;2;19.09.1942;0;2
MAKMUL;2;24.06.1961;0;2
NUVET;2;4.05.1969;0;2
AYKILE;2;15.10.1977;0;2
FIKRIYEGUL;2;4.10.1943;0;2
GOVCUK;2;9.08.1958;0;2
GULDOVAN;2;29.03.1964;0;2
NESSIMA;2;29.11.1970;0;2
PERNUN;2;16.07.1971;0;2
TOMLIS;2;17.09.1940;0;2
SEFALIYE;2;22.05.1966;0;2
BILHI;2;8.06.1956;0;2
GULUFET;2;4.07.1963;0;2
YEYLA;2;11.04.1972;0;2
HESANA;2;10.02.1954;0;2
UMMINE;2;20.12.1969;0;2
SAHNEM;2;18.01.1973;0;2
HABLIYE;2;4.02.1951;0;2
RUBADIYE;2;9.07.1969;0;2
REBIBE;2;11.01.1951;0;2
GULNEZUK;2;17.11.1973;0;2
GULHANUR;2;30.11.1980;0;2
ESEMET;2;16.02.1972;0;2
AKIZER;2;2.03.1961;0;2
SUZUYEN;2;29.05.1966;0;2
UVIDE;2;11.09.1944;0;2
GOULMIRA;2;16.08.1974;0;2
GURDALIYE;2;13.07.1951;0;2
GIBAR;2;30.03.1951;0;2
GURCUME;2;30.08.1937;0;2
AYTURHAN;2;24.08.1967;0;2
GURSANIYE;2;16.01.1966;0;2
TALISER;2;28.03.1946;0;2
BADA;2;26.11.1990;0;2
NUTGIYE;2;21.09.1952;0;2
ZABIKE;2;5.08.1972;0;2
MAVGUL;2;10.03.1982;0;2
SEYMUNE;2;14.08.1969;0;2
ZERGULU;2;15.04.1969;0;2
HULSEN;2;4.01.1978;0;2
FAHRIDE;2;27.10.1966;0;2
MUSAGUL;2;21.12.1972;0;2
NEBAHIDE;2;27.03.1955;0;2
TEKMIRE;2;21.01.1954;0;2
EVLUDA;2;13.02.1972;0;2
PALLAK;2;10.12.1949;0;2
MUSALIHA;2;17.07.1939;0;2
MENOSA;2;17.12.1960;0;2
MINAIA;2;30.01.1973;0;2
MENEKSENUR;2;27.06.1984;0;2
EYIBE;2;13.02.1965;0;2
SEYHANGUL;2;23.11.1962;0;2
HOMAYIN;2;21.07.1962;0;2
SUHENDEN;2;16.03.1954;0;2
MALIME;2;4.05.1962;0;2
ELAYI;2;24.04.1966;0;2
ESMAULHUSNA;2;6.02.1984;0;2
NELVAN;2;17.07.1983;0;2
SALINAY;2;26.04.1979;0;2
HOMAYIL;2;2.02.1945;0;2
NURVAN;2;18.08.1972;0;2
ALTAP;2;20.04.1975;0;2
SAMAYI;2;22.02.1958;0;2
MUVALLA;2;30.2.1968;0;2
TERCAY;2;12.08.1978;0;2
MUSEYYA;2;8.10.1957;0;2
ORGIDE;2;26.04.1967;0;2
SAFFINAZ;2;12.03.1953;0;2
ERZEL;2;9.05.1959;0;2
SEMRAHAT;2;15.08.1980;0;2
ISBIL;2;5.02.1967;0;2
SHAKHLO;2;25.10.1978;0;2
NURCAKIR;2;24.05.1976;0;2
MUBARRAH;2;17.01.1960;0;2
NULBIN;2;22.03.1975;0;2
GULSEFAK;2;8.05.1976;0;2
EVIZ;2;2.12.1962;0;2
FADISE;2;14.12.984;0;2
AFIDAB;2;10.07.1962;0;2
HAKIGE;2;7.02.1973;0;2
GUZNUR;2;9.01.1981;0;2
INNUR;2;21.05.1975;0;2
MUTALIBE;2;28.06.1934;0;2
ZEYNETUR;2;15.07.1948;0;2
SEMIMIYE;2;20.10.1941;0;2
GULSADEN;2;4.11.1972;0;2
YILSEL;2;13.09.1981;0;2
MUFEYDA;2;7.03.1967;0;2
CAGANUR;2;11.03.1978;0;2
SEVDAGA;2;19.08.1971;0;2
NERGOZ;2;1.04.1959;0;2
ZHUZHUNA;2;17.11.1961;0;2
EZIMEN;2;22.01.1964;0;2
NERCIYAN;2;18.11.1944;0;2
GULNAFI;2;24.07.1959;0;2
NURANSEL;2;3.11.1974;0;2
GULPUZ;2;3.01.1969;0;2
NULHAN;2;6.06.1955;0;2
EFKARIYE;2;8.03.1988;0;2
ZITTIYE;2;25.10.1947;0;2
ZUTDIKE;2;9.03.1953;0;2
FEYYA;2;22.04.1977;0;2
SEVINCEL;2;17.11.1956;0;2
OMMIYE;2;10.02.1946;0;2
SUKNAZ;2;23.09.1982;0;2
ZURFIYE;2;21.06.1951;0;2
ZEMHURE;2;12.04.1958;0;2
FERUYE;2;7.08.1957;0;2
MADLENA;2;20.11.1962;0;2
TUGCENAZ;2;22.06.1991;0;2
GECDOGAN;2;30.11.1959;0;2
TUDUGUL;2;25.08.1966;0;2
NIBE;2;29.08.1941;0;2
LEYLISAN;2;24.10.1964;0;2
BIDAL;2;26.04.1968;0;2
NASURE;2;6.12.1952;0;2
ENNURE;2;22.05.1974;0;2
SEBIGUL;2;9.03.1975;0;2
AHISE;2;17.07.1961;0;2
NULBER;2;18.11.1979;0;2
VARDO;2;15.06.1969;0;2
MALAM;2;7.06.1952;0;2
FADUME;2;4.02.1965;0;2
AYSEMRA;2;26.07.1956;0;2
UMMEYAN;2;27.03.1962;0;2
NURDAR;2;11.06.1961;0;2
MIADE;2;20.08.1967;0;2
DARECAN;2;22.08.1968;0;2
GULKADRIYE;2;28.10.1985;0;2
TERBIZE;2;22.04.1964;0;2
SAYINNUR;2;20.11.1967;0;2
ZULDANE;2;7.01.1973;0;2
AYFEM;2;8.01.1970;0;2
SAREF;2;4.04.1939;0;2
NEZMINUR;2;13.11.1966;0;2
HAYRINISSA;2;5.11.1965;0;2
AYKURE;2;10.11.1952;0;2
MESNURE;2;5.03.1959;0;2
DIRIBAL;2;29.08.1949;0;2
MALIKEN;2;9.03.1954;0;2
ZARAFE;2;14.05.1951;0;2
PILANE;2;13.11.1968;0;2
AYSEDA;2;23.09.1986;0;2
NEVAHET;2;1.05.1941;0;2
TASFIYE;2;6.03.1963;0;2
HUCESTA;2;7.08.1950;0;2
DJAMILA;2;10.11.1966;0;2
SIYAHET;2;28.12.1934;0;2
ZADEGAN;2;22.02.1959;0;2
KUSKAN;2;2.12.1971;0;2
HURIN;2;11.11.1974;0;2
MEGFIRE;2;30.01.1940;0;2
MESUSE;2;22.06.1955;0;2
BANNUR;2;9.11.1985;0;2
NURBANA;2;1.04.1965;0;2
SELFIZAR;2;12.10.1940;0;2
MINGUZEL;2;8.08.1965;0;2
SEVAIR;2;30.04.1966;0;2
RAKHILA;2;19.11.1961;0;2
SELMIAN;2;15.03.1968;0;2
RIBAYE;2;10.11.1940;0;2
EMINEGULSEN;2;26.08.1967;0;2
FEZYA;2;23.02.1987;0;2
ZENNAR;2;9.10.1943;0;2
MUHADET;2;21.03.1973;0;2
FERESTE;2;2.09.1929;0;2
ELIFTE;2;6.03.1937;0;2
KEBIYE;2;19.11.1966;0;2
IKTISAT;2;2.03.1933;0;2
NEKIRE;2;25.07.1969;0;2
FAKURE;2;15.12.1935;0;2
SURBIHAN;2;9.10.1969;0;2
NEZAHIT;2;8.01.1961;0;2
SEDERYA;2;6.12.1977;0;2
SERCANA;2;25.02.1983;0;2
SEVIR;2;27.11.1965;0;2
BAGDAGIL;2;3.06.1978;0;2
SEVILTAN;2;10.10.1974;0;2
REFIKAR;2;28.07.1958;0;2
MERIBAL;2;29.11.1959;0;2
RUHISAZ;2;18.12.1950;0;2
NEBARE;2;15.04.1950;0;2
EZNE;2;28.10.1937;0;2
NURCAKIN;2;6.01.1964;0;2
NECIAT;2;18.09.1948;0;2
MERIYHAN;2;27.06.1965;0;2
HATIFET;2;15.03.1949;0;2
UMUTGUL;2;30.03.1984;0;2
SIYADET;2;17.03.1950;0;2
KETEVANI;2;5.04.1962;0;2
NURCEHRE;2;13.01.1959;0;2
ZENNIHAN;2;28.07.1972;0;2
SAHISTEN;2;29.01.1962;0;2
FENI;2;22.08.1967;0;2
ILKEZ;2;24.04.1980;0;2
AYDUNUR;2;3.10.1978;0;2
MIRISAN;2;30.01.1951;0;2
MENSUCAT;2;10.11.1971;0;2
GHIORGHITA;2;24.05.1967;0;2
TOVE;2;12.03.1954;0;2
SULLEYLA;2;17.11.1960;0;2
MERAHAN;2;14.11.1951;0;2
NAYTEN;2;7.03.1949;0;2
SAYYIME;2;27.02.1975;0;2
HANUMA;2;12.09.1958;0;2
KITAIN;2;28.10.1951;0;2
MAGRIFE;2;19.03.1949;0;2
ASULA;2;17.03.1947;0;2
PERHUZE;2;4.02.1959;0;2
DEMUREN;2;2.04.1955;0;2
BUCE;2;12.07.1983;0;2
SEDAYIGUL;2;20.03.1972;0;2
MERCISTAN;2;19.07.1944;0;2
ILGIYE;2;16.03.1945;0;2
SUNLU;2;5.09.1950;0;2
GULZADI;2;12.02.1959;0;2
VERISAN;2;17.11.1977;0;2
MABUB;2;11.08.1959;0;2
DUNNER;2;20.09.1948;0;2
DURSIYEN;2;9.04.1964;0;2
NUKDIYE;2;1.09.1967;0;2
NURSENEL;2;14.07.1957;0;2
BENIMSE;2;17.05.1956;0;2
LEFKIYE;2;22.03.1973;0;2
SENIYAN;2;14.11.1955;0;2
TAGUHI;2;3.04.1967;0;2
NERUBE;2;3.08.1965;0;2
FEHIMET;2;21.08.1947;0;2
SULTANNUR;2;20.07.1982;0;2
REFIYGA;2;29.07.1976;0;2
HURIYECAN;2;5.09.1985;0;2
NEMLIHAL;2;28.10.1965;0;2
PERADIYE;2;13.08.1958;0;2
NARINA;2;4.04.1972;0;2
IFRIYE;2;2.07.1956;0;2
MEHZEZ;2;26.07.1962;0;2
BILGUZE;2;19.05.1951;0;2
URKEL;2;6.04.1944;0;2
EKNAR;2;26.11.1956;0;2
GULKENT;2;28.05.1974;0;2
YASEMUN;2;16.02.1971;0;2
PIRNAY;2;23.03.1963;0;2
GULSIRE;2;16.04.1967;0;2
NANAN;2;23.11.1969;0;2
NURZUHAL;2;25.04.1970;0;2
MUNFARET;2;9.07.1979;0;2
CAVDAN;2;12.03.1947;0;2
GULGULSUN;2;26.07.1960;0;2
SEHFINAZ;2;24.11.1947;0;2
GULNILGUN;2;12.11.1973;0;2
PUMBUL;2;3.06.1958;0;2
SEMRAT;2;2.02.1963;0;2
NAYFE;2;7.08.1973;0;2
TURDANE;2;24.05.1933;0;2
NIHATE;2;9.06.1966;0;2
SERMENDE;2;11.06.1937;0;2
SIVIZET;2;21.02.1941;0;2
BAKHAR;2;12.05.1959;0;2
GULIZA;2;26.09.1947;0;2
GULHANNUR;2;6.09.1979;0;2
MASEDE;2;15.10.1961;0;2
ZETANE;2;14.01.1936;0;2
FILORISA;2;5.10.1943;0;2
EFRIGUL;2;30.05.1950;0;2
AFIDA;2;26.05.1973;0;2
ZEMHENUR;2;2.10.1945;0;2
GULNIZAR;2;2.03.1980;0;2
SEMAA;2;29.11.1963;0;2
MULTECIYE;2;14.06.1941;0;2
ZILET;2;21.11.1958;0;2
REVANUR;2;3.05.1991;0;2
UNZIL;2;27.06.1966;0;2
TEMSILE;2;12.05.1947;0;2
SETALET;2;16.09.1950;0;2
MIHIYE;2;24.09.1945;0;2
FILIHAT;2;25.05.1959;0;2
HAVISA;2;24.03.1946;0;2
SAHIZEM;2;24.01.1952;0;2
HAVLU;2;30.09.1923;0;2
MENSILE;2;10.08.1958;0;2
NEZZA;2;22.06.1954;0;2
MUBERE;2;7.03.1963;0;2
PAKIRE;2;13.12.1950;0;2
ASSI;2;1.04.1978;0;2
GOLUFER;2;30.06.1973;0;2
ASLEHAN;2;30.03.1975;0;2
ZAFARIYE;2;24.07.1970;0;2
SALVI;2;21.12.1971;0;2
CIFAN;2;16.11.1961;0;2
PEPE;2;17.09.1956;0;2
BEMPE;2;29.11.1971;0;2
SAHSEMEN;2;26.04.1940;0;2
GULFIDEN;2;29.01.1980;0;2
FERATIYE;2;7.08.1958;0;2
FEYZADE;2;15.05.1976;0;2
SURYEN;2;22.02.1967;0;2
GULZEHRE;2;20.04.1952;0;2
TADIYE;2;15.02.1941;0;2
GULGAYE;2;8.09.1963;0;2
ZAGFIRE;2;5.09.1950;0;2
CUVADE;2;8.04.1954;0;2
CUMURE;2;13.02.1953;0;2
NACIYEN;2;11.10.1945;0;2
NARKIZE;2;2.09.1973;0;2
SUNBIYE;2;8.03.1949;0;2
HUZEN;2;4.09.1941;0;2
NESEFER;2;19.02.1962;0;2
DILISEN;2;30.06.1976;0;2
IYAFET;2;22.06.1979;0;2
UMIYEN;2;24.03.1972;0;2
NACIYEHAN;2;19.07.1972;0;2
DUDUKA;2;16.02.1972;0;2
IZMINE;2;4.07.1967;0;2
NULEFER;2;10.02.1968;0;2
BEDRIMAN;2;24.11.1956;0;2
SELCIL;2;21.12.1977;0;2
AYSUNIYE;2;9.12.1970;0;2
RABIZE;2;14.04.1952;0;2
REYLE;2;26.09.1955;0;2
CENGINAZ;2;10.11.1960;0;2
DULUNAY;2;10.01.1962;0;2
SEYHANIYE;2;19.01.1965;0;2
SEMALE;2;12.02.1959;0;2
ILIFE;2;25.04.1973;0;2
MENEVISE;2;18.12.1958;0;2
MELUSE;2;14.05.1949;0;2
URFUDE;2;6.05.1963;0;2
TOKME;2;19.05.1957;0;2
ZEBBURE;2;2.02.1960;0;2
CIHANARA;2;16.02.1955;0;2
IHAYET;2;14.01.1953;0;2
LATIYE;2;10.11.1958;0;2
TALIKO;2;3.01.1960;0;2
GUMEC;2;5.02.1980;0;2
NUREFSEN;2;20.12.1981;0;2
PAMUKA;2;19.02.1952;0;2
ULKUTAN;2;1.05.1940;0;2
CANFINAZ;2;6.07.1951;0;2
MUZEYNA;2;21.12.1953;0;2
KEKLIBAR;2;11.01.1953;0;2
NESIY;2;8.02.1976;0;2
GULDAGNE;2;19.01.1970;0;2
YETARI;2;15.01.1953;0;2
FERDAYE;2;24.02.1958;0;2
EMEZ;2;22.09.1960;0;2
BILSU;2;30.07.1988;0;2
NINNOS;2;27.11.1967;0;2
CEHALE;2;5.10.1954;0;2
SEHARET;2;10.07.1943;0;2
HANIFENUR;2;20.01.1984;0;2
HELENUR;2;21.09.1980;0;2
SUMEYYEHAN;2;10.05.1980;0;2
CEYLANNUR;2;24.01.1979;0;2
MUSIYET;2;12.05.1947;0;2
SEVINCHAN;2;24.03.1964;0;2
PELMAN;2;24.11.1963;0;2
MARIORA;2;5.07.1974;0;2
ZUMEYYA;2;1.03.1969;0;2
BUSRE;2;7.05.1988;0;2
MAADDEL;2;18.12.1947;0;2
MAHPILE;2;7.11.1955;0;2
SUVIDE;2;8.12.1946;0;2
SEHBAR;2;12.08.1958;0;2
INGINAZ;2;1.09.1957;0;2
GULENZAR;2;14.06.1952;0;2
BETUHAN;2;1.06.1984;0;2
DURNEF;2;26.01.1960;0;2
MESTINE;2;11.01.1940;0;2
DURUCAK;2;19.05.1972;0;2
ZEBUS;2;12.09.1953;0;2
NURGIZEM;2;13.10.1989;0;2
HAVDANE;2;7.07.1940;0;2
SULEYUKSEL;2;26.02.1974;0;2
NASE;2;28.09.1958;0;2
MAKFUZE;2;7.07.1929;0;2
NURGILE;2;20.01.1970;0;2
NEZIYHAT;2;17.11.1975;0;2
ISGUL;2;20.10.1971;0;2
LAYEZEL;2;20.12.1956;0;2
HURIMAN;2;2.04.1948;0;2
FATIMATIL;2;27.12.1952;0;2
MUKRINAZ;2;12.12.1964;0;2
NIHA;2;27.05.1950;0;2
MURABBIYE;2;29.12.1957;0;2
KUMRUL;2;8.02.1965;0;2
UMMAAN;2;30.2.1966;0;2
AYMUNUR;2;3.03.1959;0;2
SELBIYAZ;2;25.04.1960;0;2
KARAMUK;2;5.02.1963;0;2
BEREMHAN;2;16.08.1932;0;2
UZHIYE;2;23.09.1960;0;2
SEHRUBA;2;14.12.1963;0;2
KIBRIA;2;12.05.1983;0;2
SOAD;2;9.04.1980;0;2
NERCIFAN;2;12.05.1956;0;2
SUNARIYE;2;26.09.1959;0;2
RUVEYIDE;2;9.05.1965;0;2
ALTINKIZ;2;16.07.1964;0;2
DURRUSEHVER;2;5.02.1947;0;2
PHATIMA;2;21.12.1963;0;2
NEMAHAN;2;12.06.1980;0;2
MECMIRE;2;20.06.1966;0;2
CEMNE;2;25.11.1955;0;2
GULARIFE;2;24.03.1975;0;2
REBEHAT;2;2.03.1946;0;2
GURSINE;2;12.09.1970;0;2
MUASSE;2;10.04.1952;0;2
HUSUNIYE;2;25.01.1973;0;2
FUSNE;2;19.03.1977;0;2
TURIYEN;2;30.2.1958;0;2
MIASSE;2;25.06.1948;0;2
HUZEYIME;2;5.8.978;0;2
ADIVI;2;8.03.1980;0;2
FEHRUZAN;2;27.05.1968;0;2
HAMANGUL;2;25.05.1943;0;2
AGIME;2;21.08.1991;0;2
REHANIYE;2;13.11.1952;0;2
ZEYECAN;2;21.04.1953;0;2
SEZAAT;2;27.09.1961;0;2
SENCEBIL;2;29.03.1981;0;2
MELBIS;2;9.03.1964;0;2
ZEYENP;2;12.02.1989;0;2
PURAYE;2;18.06.1956;0;2
RIFGUL;2;29.11.1958;0;2
MERSEM;2;22.11.1966;0;2
TEHIRE;2;1.11.1964;0;2
TEREZIJA;2;9.11.1944;0;2
SAVFIYE;2;22.01.1965;0;2
GUNYAS;2;16.07.1974;0;2
EMRAT;2;28.08.1970;0;2
CANIFER;2;4.02.1942;0;2
MIMSER;2;23.10.1952;0;2
MUHATDES;2;12.11.1954;0;2
ZAKINUR;2;2.08.1960;0;2
CEVRIYA;2;21.04.1956;0;2
GULDIYAN;2;16.02.1964;0;2
ELVEDE;2;27.07.1950;0;2
MACUDE;2;6.10.1965;0;2
HACILA;2;5.12.1963;0;2
SEVYEN;2;22.01.1967;0;2
SIDAYET;2;30.12.1972;0;2
IMRAK;2;15.04.1963;0;2
TEONA;2;14.12.1975;0;2
PELGA;2;10.06.1985;0;2
MEVLUDENUR;2;15.02.1988;0;2
FADIMEI;2;8.03.1939;0;2
GULNADIM;2;25.09.1970;0;2
SULER;2;12.12.1963;0;2
NAMKER;2;2.05.1951;0;2
GUNLAME;2;21.10.1973;0;2
NUDER;2;17.04.1972;0;2
HAFIYZE;2;6.01.1953;0;2
NEVIC;2;3.07.1961;0;2
NEBIKE;2;10.11.1983;0;2
EMINIE;2;21.01.1971;0;2
MIZEYYEN;2;18.12.1966;0;2
GUNSELE;2;26.02.1959;0;2
SEVIDIYE;2;16.05.1972;0;2
HEDAKAR;2;21.12.1948;0;2
ZELHANUR;2;19.01.1965;0;2
FADIGULU;2;7.01.1958;0;2
NEFIYSE;2;9.05.1975;0;2
ZULBIHA;2;29.11.1962;0;2
HUPLAR;2;15.01.1971;0;2
YUKSUNE;2;14.09.1957;0;2
KABILIYE;2;13.12.1963;0;2
MAZLUMIYE;2;20.11.1947;0;2
GULAPER;2;30.05.1942;0;2
SURMAN;2;16.01.1969;0;2
BUSEL;2;21.07.1970;0;2
NURSEMIYE;2;16.11.1962;0;2
FELEKMAZ;2;9.05.1941;0;2
MAHALE;2;11.03.1957;0;2
GULDEBIR;2;19.04.1961;0;2
ASYAN;2;1.07.1952;0;2
LEMINA;2;13.04.1955;0;2
USGEL;2;6.07.1942;0;2
GULERIK;2;25.02.1953;0;2
ZEBEK;2;1.05.1950;0;2
BADISE;2;26.10.1966;0;2
FERIGE;2;9.08.1971;0;2
GUNUN;2;17.08.1952;0;2
GUMEYRE;2;9.11.1959;0;2
GOSEGAG;2;29.01.1926;0;2
IREBE;2;22.07.1951;0;2
FEYRIDE;2;22.02.1961;0;2
MUGAZZEZ;2;12.02.1956;0;2
ULGEL;2;13.08.1945;0;2
DIBAR;2;19.01.1966;0;2
HEBUBE;2;11.11.1967;0;2
MELCAN;2;7.06.1978;0;2
TURUYA;2;11.10.1957;0;2
HABISE;2;28.04.1969;0;2
GULEYFER;2;21.02.1975;0;2
ADIYET;2;12.10.1972;0;2
GUSIFE;2;17.04.1932;0;2
FIRDEVUZ;2;3.01.1973;0;2
SUBUYEN;2;21.10.1955;0;2
DEHRIN;2;20.10.1954;0;2
PAKIYA;2;1.09.1963;0;2
ZERNISA;2;10.12.1960;0;2
SEKIPE;2;6.11.1962;0;2
NAGA;2;2.12.1956;0;2
MIHRICA;2;27.04.1974;0;2
ZEYNEBIYE;2;22.01.1947;0;2
NALEM;2;17.07.1976;0;2
MENDUME;2;30.07.1971;0;2
NURSERAP;2;28.02.1972;0;2
MEYRAL;2;28.12.1970;0;2
DURDUVAN;2;17.03.1962;0;2
SULIYHA;2;3.08.1970;0;2
BALSEKER;2;9.07.1948;0;2
SUMEYYRA;2;4.12.1990;0;2
SELVENAZ;2;24.02.1964;0;2
GULNAGME;2;3.05.1982;0;2
HAMIGUL;2;18.11.1946;0;2
HEBIBA;2;8.03.1978;0;2
AGACA;2;2.02.1951;0;2
LEYCEN;2;3.09.1983;0;2
NURDIYAR;2;28.05.1959;0;2
NURAYSEL;2;26.06.1955;0;2
ZAHIY;2;2.02.1964;0;2
ZAMIME;2;27.08.1936;0;2
MENFAT;2;23.10.1977;0;2
ZEMMINUR;2;3.12.1959;0;2
ORGUYA;2;18.07.1950;0;2
AZRANUR;2;6.01.1988;0;2
TEVFIGE;2;2.06.1951;0;2
NURSEME;2;2.01.1963;0;2
BUREYDA;2;30.08.1984;0;2
GULDONSUN;2;10.03.1972;0;2
UGURKUS;2;26.05.1948;0;2
YESIMAY;2;29.06.1970;0;2
SEFUNUR;2;8.04.1951;0;2
GULBUSRA;2;27.07.1990;0;2
BEHIGUL;2;3.01.1960;0;2
HAMUSE;2;20.07.1955;0;2
NUMEYRA;2;13.12.1960;0;2
MUREFFA;2;3.09.1953;0;2
MENEVSI;2;3.12.1971;0;2
AYFIRI;2;1.12.1971;0;2
FEDLIYE;2;27.12.1947;0;2
GUPERI;2;27.06.1980;0;2
FAYIKIYE;2;6.4.953;0;2
MENZUHA;2;23.08.1957;0;2
DURDUFER;2;28.08.1975;0;2
GULBAHTIYAR;2;16.06.1964;0;2
ZARIFANA;2;3.08.1983;0;2
ZAMHANUR;2;6.01.1964;0;2
GULALDI;2;14.09.1965;0;2
NURITE;2;21.03.1966;0;2
MIRACA;2;29.06.1974;0;2
BIRYAZ;2;22.02.1979;0;2
REHIDA;2;22.11.1970;0;2
HUDAVEND;2;22.11.1986;0;2
HEMMIGUL;2;9.10.1973;0;2
SIZEL;2;25.11.1976;0;2
NENEKIZ;2;19.05.1959;0;2
SEKERBANI;2;25.11.1949;0;2
GULCECAN;2;9.04.1989;0;2
HALIN;2;6.10.1973;0;2
IMMIGUSUN;2;27.07.1961;0;2
UMISA;2;5.05.1943;0;2
DENKSIZ;2;1.08.1946;0;2
MIYHANIM;2;24.07.1943;0;2
GUSMA;2;24.05.1965;0;2
CEMILET;2;17.04.1950;0;2
GULNURE;2;10.10.1969;0;2
MENZUKA;2;4.06.1953;0;2
GULSACAN;2;14.04.1944;0;2
BINNURE;2;10.01.1955;0;2
MASUTA;2;22.07.1974;0;2
LERKIZ;2;29.2.1955;0;2
MUGNIRE;2;4.01.1947;0;2
SAHUDAR;2;15.10.1936;0;2
SERGULU;2;16.01.1971;0;2
KOFAR;2;21.12.1967;0;2
NEZLER;2;1.08.1952;0;2
MUHSILE;2;6.07.1970;0;2
HUMAYIM;2;9.11.1953;0;2
KAYADUDU;2;16.05.1957;0;2
SUBUHA;2;16.04.1967;0;2
UMNISE;2;30.09.1970;0;2
BAYRAMAN;2;18.07.1958;0;2
TUTYALI;2;22.11.1936;0;2
GULSHAT;2;26.11.1976;0;2
GULSEMIYE;2;23.03.1961;0;2
GULSAYAT;2;26.12.1955;0;2
SUNAYLI;2;26.06.1972;0;2
SRI;2;20.07.1968;0;2
MAGLUBE;2;1.03.1948;0;2
ZELKIYE;2;10.12.1943;0;2
SHARABANI;2;20.10.1969;0;2
NIGDIYE;2;13.06.1967;0;2
EBAHIZE;2;7.02.1952;0;2
ZIYKIYE;2;14.08.1972;0;2
ZULU;2;26.02.1963;0;2
SONCILE;2;17.08.1979;0;2
HACIZ;2;7.05.1974;0;2
YAYLAHAN;2;28.09.1977;0;2
UMMUHANLI;2;20.12.1959;0;2
AYCICEGI;2;2.10.1946;0;2
ZENCENUR;2;12.10.1971;0;2
MENUNE;2;21.07.1962;0;2
BULENDE;2;17.07.1960;0;2
SUNEYLA;2;12.02.1950;0;2
BIRFEL;2;30.09.1979;0;2
GULNAZER;2;24.06.1965;0;2
RECIME;2;28.01.1962;0;2
FERIYET;2;2.02.1960;0;2
MENHIBE;2;23.06.1974;0;2
FADEL;2;29.2.1963;0;2
NAGAHAR;2;7.09.1972;0;2
GULCIBUK;2;30.09.1956;0;2
MERKINAZ;2;26.11.1955;0;2
BELHANE;2;3.04.1933;0;2
MUKAAFAT;2;20.01.1957;0;2
FERAGET;2;21.08.1962;0;2
GULSAHA;2;12.04.1963;0;2
FULUZE;2;1.02.1967;0;2
FESAYET;2;4.09.1958;0;2
TUTCE;2;12.10.1956;0;2
BALE;2;4.03.1952;0;2
UMIZET;2;24.12.1980;0;2
MEYSERI;2;26.02.1952;0;2
ZEYFISAN;2;17.12.1953;0;2
ZULFIKARA;2;16.08.1967;0;2
GULHAYET;2;4.10.1972;0;2
HADICETULKUBRA;2;30.09.1986;0;2
ABIYE;2;22.04.1957;0;2
MACITE;2;4.06.1966;0;2
ZEYNIZAR;2;21.07.1977;0;2
TERMIHAN;2;24.08.1960;0;2
SELMUSAH;2;16.11.1961;0;2
GULUDIYE;2;14.09.1973;0;2
RAKUYE;2;12.02.1959;0;2
MIRINE;2;28.07.1956;0;2
ZERAI;2;3.10.1961;0;2
GULYASEMEN;2;27.07.1962;0;2
MELUDIYE;2;16.01.1958;0;2
SIMINUR;2;3.07.1947;0;2
GULNAIME;2;10.01.1955;0;2
KURSUNE;2;8.02.1952;0;2
SAMGUL;2;25.04.1947;0;2
MAHMILE;2;22.06.1953;0;2
MUBESSE;2;3.11.1936;0;2
ZULGADEM;2;4.11.1950;0;2
NEZIL;2;13.12.1967;0;2
MAROL;2;24.06.1956;0;2
NURBE;2;22.12.1955;0;2
CEYYIDE;2;2.03.1950;0;2
ELVERIR;2;4.02.1953;0;2
NEVIRIYE;2;9.04.1988;0;2
LABIS;2;18.11.1948;0;2
SIMRIYE;2;8.03.1954;0;2
CEBIRAN;2;24.04.1976;0;2
ERHUMIYE;2;15.03.1958;0;2
GEZIK;2;10.02.1942;0;2
MEZUFE;2;14.10.1962;0;2
KIVIRCIK;2;11.01.1977;0;2
GULFAMIYE;2;9.06.1945;0;2
MINIGRE;2;5.04.1966;0;2
NICAVET;2;5.08.1953;0;2
NURIDIYE;2;8.01.1963;0;2
ZEYKINE;2;3.01.1963;0;2
ZELFISAN;2;19.10.1965;0;2
CUVEYRIYYE;2;7.08.1983;0;2
GULREMZIYE;2;8.04.1951;0;2
TUTKIYE;2;29.01.1951;0;2
ESINHAN;2;14.01.1959;0;2
NISANNUR;2;12.04.1983;0;2
HICE;2;5.03.1957;0;2
MERFUDE;2;7.01.1963;0;2
MAHMUL;2;9.09.1944;0;2
HURINAR;2;16.05.1972;0;2
MISYA;2;22.08.1955;0;2
NANIM;2;6.07.1959;0;2
NESKURE;2;17.10.1942;0;2
AHLIME;2;24.11.1949;0;2
NAHADIYE;2;23.07.1959;0;2
NEZGUN;2;15.11.1961;0;2
MEKEDINE;2;5.08.1927;0;2
AKNEBAT;2;23.11.1972;0;2
OGULDURDI;2;27.06.1952;0;2
EYFAN;2;24.08.1964;0;2
EDAVET;2;3.02.1959;0;2
NECMURIYE;2;26.08.1974;0;2
NERKIN;2;17.01.1974;0;2
VEJIN;2;16.02.1957;0;2
NEKILE;2;14.01.1957;0;2
EHRUME;2;27.06.1954;0;2
MUALE;2;2.12.1970;0;2
INAAT;2;12.02.1965;0;2
HITAMIYE;2;4.02.1959;0;2
MURSEMIN;2;9.10.1971;0;2
GULVISNE;2;16.05.1971;0;2
SAHMIDAN;2;22.01.1949;0;2
DILFIRUZE;2;17.04.1980;0;2
ZINNIT;2;19.08.1972;0;2
GULABIDE;2;18.09.1969;0;2
TAMRIKO;2;15.08.1973;0;2
ZEBITHAN;2;4.07.1946;0;2
MEHBIB;2;14.10.1956;0;2
SOHEDA;2;1.01.1978;0;2
KUMRUGUL;2;10.10.1976;0;2
KIRBA;2;10.06.1937;0;2
MEHSUDIYE;2;5.01.1967;0;2
YASELIN;2;13.04.1980;0;2
MISKIGUL;2;16.09.1958;0;2
UNZELE;2;23.05.1975;0;2
BERKINAZ;2;21.06.1954;0;2
CIVIL;2;16.03.1965;0;2
SEVTEN;2;29.08.1950;0;2
GULUFAR;2;24.09.1972;0;2
SESMINAZ;2;24.08.1975;0;2
DUDUSAH;2;1.10.1974;0;2
MIVA;2;7.09.1950;0;2
ANNAMARIE;2;7.10.1973;0;2
MUVLUDE;2;29.2.1979;0;2
GULDATLI;2;18.02.1954;0;2
VIJDANIYE;2;8.05.1971;0;2
GADIRYE;2;26.03.1966;0;2
SEIBET;2;30.01.1957;0;2
CISEGUL;2;6.05.1970;0;2
REYBE;2;17.03.1966;0;2
SULGUN;2;23.04.1981;0;2
AYBERI;2;2.08.1968;0;2
AKBEBE;2;15.08.1958;0;2
AKBIKE;2;3.06.1953;0;2
TACINISA;2;2.05.1969;0;2
ZIVAGUL;2;9.01.1982;0;2
OGULNIYAZ;2;13.03.1959;0;2
GULBEBE;2;7.06.1980;0;2
GERIME;2;28.06.1946;0;2
MEYMAN;2;3.03.1960;0;2
NILISER;2;11.12.1962;0;2
RUJIYE;2;1.12.1958;0;2
NURSAFI;2;14.06.1973;0;2
IGDELI;2;20.06.1956;0;2
MEYSURIYE;2;18.09.1957;0;2
RUHUDIYE;2;29.03.1973;0;2
MENSUDIYE;2;16.08.1961;0;2
HABUK;2;4.12.1947;0;2
GULCANI;2;23.07.1959;0;2
SETMEN;2;11.10.1958;0;2
GULLAME;2;17.02.1956;0;2
TABENDER;2;23.03.1964;0;2
DILPARE;2;21.12.1969;0;2
PERINA;2;18.02.1963;0;2
NUHAR;2;6.11.1963;0;2
TIRJAN;2;6.07.1954;0;2
KNARIK;2;19.07.1966;0;2
HILOLA;2;25.01.1984;0;2
AFIME;2;15.02.1961;0;2
LERMIYE;2;8.04.1952;0;2
HADINCIK;2;6.10.1947;0;2
HEVVAL;2;30.12.1981;0;2
MUBEYLE;2;8.08.1966;0;2
GONIN;2;18.11.1951;0;2
SAYKIYA;2;20.09.1949;0;2
KLAVDIA;2;2.04.1938;0;2
MERYEN;2;11.12.1961;0;2
SUVERDA;2;3.12.1948;0;2
PILIN;2;19.08.1964;0;2
HEMITE;2;23.10.1962;0;2
EZIRHAN;2;20.06.1958;0;2
MEZGUL;2;14.11.1959;0;2
ISLAL;2;28.05.1963;0;2
SUFEKAR;2;7.06.1974;0;2
HAVAZE;2;9.03.1951;0;2
HEFZE;2;9.07.1959;0;2
CESMEN;2;9.02.1945;0;2
IVKA;2;30.08.1947;0;2
FEGAN;2;2.09.1968;0;2
NAZIGET;2;22.12.1944;0;2
MEVLADE;2;13.03.1959;0;2
INCIMAN;2;4.05.1966;0;2
ASIYLE;2;11.01.1958;0;2
REBBIHAN;2;5.12.1962;0;2
NAZIMYE;2;5.06.1972;0;2
CALIDE;2;27.08.1962;0;2
GULBETEN;2;29.05.1964;0;2
LUTFUHAK;2;1.08.1939;0;2
IRHEM;2;27.03.1962;0;2
EZERMEN;2;21.10.1946;0;2
HAVASAN;2;12.07.1970;0;2
HAFIDEN;2;6.09.1926;0;2
KULSEN;2;16.09.1957;0;2
HADUNCUK;2;4.01.1958;0;2
EKLEMA;2;17.07.1973;0;2
HIKMEDE;2;18.05.1945;0;2
SUDDE;2;7.04.1953;0;2
DEVIDE;2;23.08.1975;0;2
SEZGIYE;2;11.01.1960;0;2
SERGULE;2;22.02.1959;0;2
OZALAY;2;14.08.1976;0;2
MELDANE;2;16.09.1959;0;2
ICABE;2;7.10.1948;0;2
AVMIYE;2;29.10.1938;0;2
CEHIME;2;26.08.1970;0;2
COSMINAZ;2;19.03.1964;0;2
NECLANUR;2;24.11.1969;0;2
MATANET;2;2.11.1970;0;2
MASIKER;2;24.11.1959;0;2
GULUFEN;2;8.02.1959;0;2
MULAZIME;2;27.07.1941;0;2
MAFTUNE;2;29.06.1946;0;2
AYSUGUL;2;14.04.1983;0;2
KUKULI;2;12.04.1950;0;2
TEYIDE;2;7.06.1980;0;2
RIHIGUL;2;4.05.1947;0;2
MERZA;2;9.02.1978;0;2
MAHZIYE;2;25.11.1940;0;2
NAZDA;2;3.02.1966;0;2
ANIDA;2;9.11.1984;0;2
MAHPUZA;2;23.01.1972;0;2
SUMEYYER;2;3.09.1985;0;2
PAHIYE;2;3.10.1955;0;2
VAIDA;2;27.04.1959;0;2
ZAVILE;2;7.03.1956;0;2
GULBEMBE;2;17.08.1974;0;2
VAVANI;2;14.09.1965;0;2
NEVRESIDE;2;3.08.1943;0;2
KICCEY;2;21.07.1946;0;2
LASIF;2;17.06.1975;0;2
CIGNUR;2;29.05.1973;0;2
NAMENUR;2;14.04.1985;0;2
MEMDUSE;2;23.05.1956;0;2
MUDAHHERE;2;13.11.1936;0;2
REBEHAN;2;20.07.1961;0;2
ZIGSAN;2;26.11.1965;0;2
PELINCAN;2;25.08.1991;0;2
TALLA;2;28.04.1971;0;2
MINTAA;2;6.07.1976;0;2
ASALE;2;6.06.1974;0;2
NEYRI;2;28.08.1967;0;2
GOKBUKE;2;24.10.1991;0;2
NIGIAR;2;21.12.1971;0;2
HUSNUCIHAN;2;17.06.1963;0;2
EBSAR;2;25.08.1977;0;2
NESABIR;2;14.09.1944;0;2
MEMURA;2;19.08.1965;0;2
SENIAN;2;1.11.1963;0;2
BETULA;2;7.06.1974;0;2
HESNANUR;2;3.06.1987;0;2
MAKKA;2;27.04.1979;0;2
MEVE;2;20.11.1957;0;2
HALIYLE;2;2.08.1968;0;2
SOYSEL;2;8.11.1964;0;2
AINA;2;15.07.1976;0;2
KETRIYE;2;12.04.1946;0;2
AIBENIZ;2;25.07.1966;0;2
YOKNAZ;2;3.11.1982;0;2
INSAT;2;9.04.1941;0;2
YURDENIZ;2;27.04.1975;0;2
GULYEDER;2;6.12.1963;0;2
REHIMAN;2;10.10.1949;0;2
SEHIFE;2;19.12.1943;0;2
GULCHEHRA;2;9.03.1975;0;2
GULBUKER;2;12.02.1975;0;2
HIRAMAN;2;4.01.1946;0;2
GAMSEL;2;5.06.1970;0;2
GUMAC;2;20.04.1965;0;2
KHAVAR;2;10.02.1970;0;2
GONIL;2;15.04.1946;0;2
NIGORAKHON;2;22.04.1971;0;2
NINER;2;29.03.1962;0;2
NURHAZEL;2;28.02.1987;0;2
CANSUGUL;2;7.10.1990;0;2
ZAYNAB;2;23.02.1980;0;2
DANIA;2;7.01.1985;0;2
ZERNIN;2;4.12.1989;0;2
NAKAHAN;2;16.06.1981;0;2
CESFINAZ;2;30.12.1962;0;2
CAKIRAYSE;2;11.09.1960;0;2
HUMEYYEN;2;11.05.1941;0;2
ZULHEYYA;2;6.01.1970;0;2
BALACAHANIM;2;25.06.1976;0;2
SERBAP;2;23.03.1958;0;2
ALUDE;2;11.06.1961;0;2
YETDILE;2;13.03.1984;0;2
NURTES;2;1.03.1977;0;2
BUSAN;2;5.03.1978;0;2
NAHADET;2;1.06.1972;0;2
LEBBEYK;2;28.03.1949;0;2
REFITE;2;22.01.1937;0;2
TURHANIM;2;13.11.1963;0;2
GULPIN;2;28.08.1966;0;2
PANBAK;2;8.12.1948;0;2
BARISAY;2;29.05.1976;0;2
BURLIYAT;2;20.11.1971;0;2
ESBEH;2;26.02.1946;0;2
ZILFICAN;2;21.05.1950;0;2
ZAYIYE;2;8.02.1951;0;2
MEZADET;2;4.08.1940;0;2
MAKSEDE;2;22.12.1938;0;2
KACIR;2;27.08.1938;0;2
GURGERCIN;2;12.05.1935;0;2
AVASI;2;17.02.1936;0;2
SUNGEL;2;27.03.1958;0;2
MAHTIYAR;2;2.05.1980;0;2
NUSIYEN;2;21.12.1965;0;2
YALSEMIN;2;28.01.1990;0;2
KUHI;2;17.02.1935;0;2
ERDIF;2;4.06.1944;0;2
KIBE;2;12.08.1935;0;2
ZEMLILE;2;7.08.1922;0;2
KOMAS;2;22.08.1937;0;2
ZULHUCAN;2;26.12.1960;0;2
SIVING;2;1.05.1979;0;2
DUDUGUZEL;2;27.02.1986;0;2
SAKIL;2;12.08.1923;0;2
CEYREN;2;12.10.1991;0;2
SEZDEM;2;23.03.1985;0;2
PEKLIZAR;2;2.08.1933;0;2
ILLIZ;2;8.10.1986;0;2
ILIZGAR;2;16.03.1963;0;2
EJMA;2;12.12.1971;0;2
YULUZGAR;2;5.05.1968;0;2
GULBUCUK;2;4.03.1956;0;2
DAVA;2;2.02.1981;0;2
PERGULE;2;11.06.1974;0;2
SEYYIHE;2;21.11.1947;0;2
DIDIF;2;7.08.1928;0;2
KEZIBAHAR;2;18.05.1970;0;2
NEBIRAY;2;6.03.1979;0;2
ISTAHAR;2;27.03.1968;0;2
DILMIR;2;1.01.1942;0;2
ATILEK;2;25.10.1925;0;2
GUZCAN;2;12.02.1965;0;2
CIKER;2;27.08.1932;0;2
KEDIFA;2;21.07.1972;0;2
FATMAELIF;2;2.03.1980;0;2
BILGILE;2;19.03.1975;0;2
MERHRIBAN;2;1.11.1967;0;2
SABREYLEGONUL;2;2.08.1969;0;2
MENEKS;2;17.05.1936;0;2
CEMEDAN;2;2.04.1945;0;2
FINKOZ;2;7.08.1940;0;2
MEVUS;2;6.11.1938;0;2
BESMAN;2;6.06.1969;0;2
KEZAL;2;26.06.1962;0;2
KUFFARE;2;8.06.1939;0;2
BACE;2;2.08.1933;0;2
AYSERE;2;24.09.1962;0;2
FARAYI;2;27.03.1968;0;2
HEMLI;2;30.11.1939;0;2
HUZBET;2;29.01.1982;0;2
AKHISAR;2;2.04.1966;0;2
IHTIRAM;2;7.04.1962;0;2
MARZIEH;2;27.07.1971;0;2
GOLBEYAZ;2;27.09.1944;0;2
KAYISER;2;4.10.1981;0;2
SEHMERAN;2;10.12.1975;0;2
KENTAR;2;22.05.1955;0;2
OSLEM;2;10.10.1986;0;2
FAMILET;2;11.08.1982;0;2
MEMISAH;2;11.07.1971;0;2
SARISE;2;4.06.1954;0;2
MIVESSER;2;23.06.1962;0;2
YADIFE;2;2.03.1986;0;2
BEFRICAN;2;10.09.1976;0;2
SAHSIMA;2;19.11.1972;0;2
SIMEZAR;2;21.11.1972;0;2
NUBAT;2;5.04.1967;0;2
MAIME;2;17.01.1983;0;2
HATUNCAN;2;9.11.1968;0;2
SEAADET;2;9.07.1969;0;2
SAVDAGUL;2;30.08.1989;0;2
KAYSAR;2;11.01.1978;0;2
TEMICAN;2;1.04.1985;0;2
HEVAI;2;24.07.1979;0;2
SEVDUL;2;7.11.1966;0;2
BILEHSAN;2;5.12.1977;0;2
HAFZIYE;2;14.01.1947;0;2
MIHIRCAN;2;30.2.1988;0;2
ZENNANE;2;2.04.1979;0;2
HOSKADEN;2;28.09.1966;0;2
HOSKADER;2;13.10.1973;0;2
REZETE;2;12.05.1953;0;2
KAMERAH;2;27.03.1956;0;2
SANIHET;2;25.08.1970;0;2
SULHET;2;16.09.1973;0;2
MINEDYA;2;7.05.1958;0;2
ZUDYA;2;7.03.1977;0;2
ASLISAN;2;25.06.1989;0;2
SUSLUMERCAN;2;10.01.1959;0;2
HORISIMA;2;23.10.1981;0;2
TAMKADEM;2;9.10.1963;0;2
FAYNAT;2;8.10.1978;0;2
SUREHIYA;2;1.06.1976;0;2
NARMIL;2;10.08.1970;0;2
BENICAR;2;19.09.1960;0;2
FEHRUSAH;2;16.12.1980;0;2
MAHRIYA;2;26.12.1968;0;2
ZEMINET;2;1.08.1966;0;2
RUKUYET;2;24.05.1957;0;2
RABIATE;2;21.12.1960;0;2
TEMCIHAN;2;5.10.1978;0;2
HEZEY;2;30.11.1944;0;2
ERICE;2;20.04.1973;0;2
NADILSAH;2;26.12.1979;0;2
NAZLICA;2;14.03.1965;0;2
SIRHET;2;5.02.1963;0;2
NAZIKBEDEN;2;24.02.1968;0;2
KAFIA;2;23.06.1969;0;2
UPEL;2;22.08.1973;0;2
GULTEKI;2;27.02.1960;0;2
NULUFE;2;16.07.1970;0;2
FARGIYE;2;18.05.1967;0;2
KULAV;2;16.09.1962;0;2
KAZILE;2;9.01.1967;0;2
KEMALIN;2;6.05.1968;0;2
FASLIBAHAR;2;7.04.1965;0;2
SIYAHGUL;2;10.06.1956;0;2
FAHIKE;2;7.10.1966;0;2
AYNULMELEK;2;17.09.1931;0;2
KESUN;2;7.02.1968;0;2
TAMCAHAN;2;11.07.1970;0;2
NEZIMAN;2;22.02.1964;0;2
ARSULE;2;14.10.1981;0;2
DOLGUNAY;2;7.02.1966;0;2
KUTNIYE;2;5.10.1968;0;2
SEKIRZADE;2;20.05.1970;0;2
RIZGAT;2;6.03.1960;0;2
CIHEN;2;20.09.1980;0;2
DILFEYRUZ;2;1.03.1953;0;2
ZAHICAN;2;19.06.1966;0;2
SADDIKA;2;27.05.1956;0;2
SUBIHIYE;2;26.02.1955;0;2
NEYCE;2;22.04.1978;0;2
ETIFE;2;24.12.1967;0;2
SIBEY;2;28.11.1991;0;2
MERCIMELEK;2;2.02.1973;0;2
MATIKA;2;22.07.1967;0;2
MEBLA;2;6.10.1981;0;2
FAYFURIYE;2;29.10.1969;0;2
BESRAYE;2;29.10.1949;0;2
DILEKSAN;2;26.03.1965;0;2
SUMUZAR;2;4.03.1954;0;2
HUSNICIHAN;2;10.06.1958;0;2
NISAHAN;2;13.06.1948;0;2
AYIM;2;7.08.1952;0;2
BIBICEMAL;2;2.08.1939;0;2
SAHIPCEMAL;2;22.08.1961;0;2
SATKIN;2;10.01.1941;0;2
KALDIKAC;2;22.08.1979;0;2
CIHANBIBI;2;10.01.1941;0;2
KARACAC;2;2.02.1965;0;2
HACIBIBI;2;17.08.1978;0;2
SEPI;2;25.01.1938;0;2
GALILE;2;9.11.1970;0;2
SEMERKANT;2;8.02.1958;0;2
TASBEBE;2;19.01.1961;0;2
CENERE;2;2.08.1957;0;2
GULBEYRE;2;22.08.1979;0;2
HASAL;2;13.04.1969;0;2
TOYLUK;2;17.08.1966;0;2
SEHRIZAMAN;2;21.02.1974;0;2
HALNISAN;2;26.01.1979;0;2
OSMANPERI;2;12.05.1947;0;2
VEBIHE;2;24.11.1961;0;2
RIBAT;2;11.11.1961;0;2
HOYLET;2;25.05.1963;0;2
GOGERHAN;2;9.11.1979;0;2
MACIHAN;2;26.09.1973;0;2
FEREHYA;2;21.04.1968;0;2
MANDALIN;2;30.04.1977;0;2
HUPRA;2;25.07.1969;0;2
SEFERYE;2;19.05.1960;0;2
REHEVZA;2;23.01.1961;0;2
PILAN;2;2.11.1976;0;2
GULEAN;2;21.06.1979;0;2
MISRICIHAN;2;22.05.1967;0;2
FULFIYE;2;10.11.1961;0;2
FIYAKET;2;2.04.1976;0;2
SULEMEZ;2;23.03.1977;0;2
GEVVE;2;23.08.1934;0;2
HEYFAN;2;26.11.1984;0;2
HAMURE;2;14.10.1960;0;2
ERSELE;2;1.02.1970;0;2
MUTBER;2;10.06.1950;0;2
SEYNAR;2;21.09.1971;0;2
RUSKATIYE;2;14.04.1957;0;2
AYNUC;2;18.04.1966;0;2
KAMELIYE;2;25.01.1973;0;2
FERIMELEK;2;4.11.1951;0;2
SEHRUZ;2;18.07.1967;0;2
SAHINSER;2;24.07.1963;0;2
ZUHRUYA;2;28.03.1959;0;2
NEVSICIHAN;2;9.02.1965;0;2
MEMIRHAN;2;4.11.1949;0;2
MUSLUMAN;2;22.09.1957;0;2
ARIKA;2;16.04.1958;0;2
SEHIRISTAN;2;3.02.1973;0;2
AKLIMET;2;1.11.1969;0;2
NAIYIME;2;22.08.1964;0;2
SOYLEMES;2;7.05.1972;0;2
RAHAVZA;2;1.08.1959;0;2
AYBICER;2;14.05.1989;0;2
HEVZIYE;2;17.10.1972;0;2
FERFIRI;2;9.03.1960;0;2
KUMRUT;2;16.05.1965;0;2
SERFILE;2;20.03.1968;0;2
NECEBE;2;27.05.1947;0;2
BEDILA;2;5.02.1958;0;2
SAHYESTE;2;25.05.1958;0;2
GULHINAR;2;4.08.1975;0;2
SAHINES;2;18.11.1968;0;2
FUNDU;2;27.02.1947;0;2
KATINE;2;17.02.1978;0;2
GULCENEK;2;2.07.1972;0;2
GULCEREZ;2;5.03.1980;0;2
SUYLENMEZ;2;15.12.1971;0;2
NAZYA;2;24.01.1964;0;2
GULBEDEL;2;14.01.1989;0;2
SURIHYA;2;25.09.1967;0;2
GAZETE;2;7.08.1963;0;2
TASIYA;2;14.01.1957;0;2
GAZIMET;2;13.01.1978;0;2
TONHEZAR;2;4.08.1969;0;2
GULHINDAN;2;29.03.1970;0;2
TEMENLI;2;27.06.1978;0;2
DILECAN;2;3.11.1985;0;2
PENBIG;2;24.08.1965;0;2
MELIKENAZ;2;6.04.1990;0;2
FERAHDUBA;2;9.05.1966;0;2
KEZIMA;2;9.12.1966;0;2
HAKIMYE;2;15.03.1970;0;2
FIRDEV;2;10.03.1967;0;2
SEVINNUR;2;16.06.1978;0;2
SACICE;2;14.12.1979;0;2
NAZDAL;2;30.06.1938;0;2
CEVNAZ;2;12.02.1956;0;2
EKIDE;2;27.04.1952;0;2
MOHIBBET;2;29.07.1942;0;2
KANE;2;20.05.1970;0;2
SIMERZE;2;17.08.1946;0;2
NULUFFER;2;13.01.1972;0;2
YEKNURE;2;11.07.1968;0;2
MUHIRNAZ;2;9.11.1986;0;2
NAZLICEMAL;2;9.12.1978;0;2
MUCIRA;2;23.04.1957;0;2
NECEBAT;2;18.07.1965;0;2
ERIOLA;2;5.09.1979;0;2
ZEREVSAN;2;8.06.1976;0;2
TEHMINAZ;2;16.02.1967;0;2
BEHIE;2;4.01.1966;0;2
MUSURDE;2;21.06.1966;0;2
SURMEHAN;2;24.12.1977;0;2
NENEGUL;2;17.05.1967;0;2
FELEGNAZ;2;9.06.1948;0;2
GULBESI;2;24.08.1952;0;2
TILIZER;2;19.05.1969;0;2
PEMILE;2;17.10.1962;0;2
LAHICE;2;12.07.1987;0;2
MIKLIME;2;17.02.1972;0;2
KEZZIBE;2;26.07.1961;0;2
NAHIDEH;2;5.08.1968;0;2
VELECAN;2;2.02.1964;0;2
GIVSER;2;23.09.1979;0;2
KURBANBIBI;2;2.08.1957;0;2
ESBIHAN;2;3.03.1969;0;2
TEVRENDE;2;2.04.1947;0;2
ROZAGUL;2;30.01.1977;0;2
EYNILHAYAT;2;16.08.1953;0;2
HIRDE;2;7.08.1922;0;2
GULIDAN;2;14.07.1974;0;2
ELFAZIYE;2;12.04.1983;0;2
HESIMA;2;3.05.1968;0;2
RAFO;2;12.08.1929;0;2
SARRI;2;22.08.1963;0;2
BEDEVIN;2;20.05.1983;0;2
GUSTER;2;22.05.1964;0;2
GOLISOR;2;26.09.1958;0;2
CEVILE;2;20.11.1948;0;2
VESIMA;2;30.03.1961;0;2
SARU;2;9.05.1935;0;2
MEMEZER;2;30.04.1970;0;2
BILEKSA;2;5.02.1949;0;2
VEYSILE;2;22.08.1964;0;2
RUHULBEYAN;2;18.03.1968;0;2
FEREHNUR;2;16.10.1972;0;2
NURAFSAN;2;3.12.1980;0;2
RUKEYTAN;2;2.05.1975;0;2
GUGER;2;2.05.1945;0;2
EVDE;2;9.10.1971;0;2
YADISA;2;1.05.1982;0;2
HERDEMTAZE;2;21.11.1963;0;2
KASINE;2;30.11.1932;0;2
ELBIHAN;2;18.06.1972;0;2
ZIRAAT;2;20.11.1972;0;2
GULHUMA;2;1.10.1948;0;2
TALYE;2;12.06.1976;0;2
SERDET;2;9.08.1964;0;2
SUYEYLA;2;23.06.1952;0;2
BESRAHIL;2;12.01.1955;0;2
HACITE;2;20.08.1981;0;2
MIRDI;2;16.09.1961;0;2
KEZZIBA;2;27.02.1977;0;2
NUHPERI;2;11.03.1978;0;2
HAKIRA;2;28.06.1969;0;2
FILNAZ;2;12.01.1975;0;2
SIYAHAR;2;21.11.1967;0;2
SAHRUZE;2;20.04.1976;0;2
SEVVAN;2;23.10.1974;0;2
NEYISE;2;3.12.1969;0;2
GULRUZ;2;13.06.1968;0;2
HIDIRE;2;18.06.1937;0;2
HEYZO;2;12.06.1932;0;2
SALLIHE;2;26.11.1962;0;2
DILBERCAN;2;10.08.1963;0;2
SUVEYBETE;2;18.01.1984;0;2
GULUMSA;2;10.03.1965;0;2
HAMMAYIL;2;22.10.1949;0;2
BITI;2;10.12.1928;0;2
TONA;2;25.06.1942;0;2
ZERINTAC;2;26.10.1949;0;2
AZADIYE;2;18.08.1990;0;2
RIHAVZE;2;10.12.1957;0;2
MUTTAZIM;2;14.12.1977;0;2
NEJLAL;2;9.09.1950;0;2
BEHCICE;2;19.04.1974;0;2
MULIKIYE;2;11.09.1955;0;2
BUSIRE;2;29.2.1946;0;2
YAZICAN;2;22.01.1982;0;2
HEKIBE;2;5.06.1968;0;2
MUBBERA;2;17.08.1969;0;2
SAKINEH;2;24.01.1964;0;2
ASIRAN;2;7.09.1978;0;2
MUNTEZAM;2;9.10.1974;0;2
ELVANNUR;2;30.2.1983;0;2
GULSONMEZ;2;29.11.1982;0;2
DELIHA;2;14.09.1956;0;2
SARAYA;2;7.09.1952;0;2
MERUSEN;2;26.11.1969;0;2
MESKINE;2;10.01.1988;0;2
PAVIZ;2;23.08.1963;0;2
DENIZA;2;12.05.1991;0;2
BANAHI;2;4.03.1974;0;2
URIFA;2;14.12.1963;0;2
SALIZE;2;20.09.1972;0;2
FARRAH;2;24.05.1980;0;2
ZERKELAM;2;22.09.1945;0;2
ZIYDE;2;26.06.1945;0;2
SUVAYLA;2;22.02.1964;0;2
PILTON;2;10.09.1955;0;2
NISRICIHAN;2;23.10.1968;0;2
HEZARAN;2;24.11.1951;0;2
MIKSAL;2;4.03.1960;0;2
SIMERZA;2;1.11.1943;0;2
HONAV;2;19.11.1963;0;2
MURSIKE;2;7.02.1967;0;2
MURICIHAN;2;25.04.1970;0;2
NAZARA;2;29.12.1958;0;2
CASRA;2;21.07.1977;0;2
RIKIYETE;2;17.05.1981;0;2
SEMLI;2;17.10.1956;0;2
HERDENCAN;2;29.03.1968;0;2
SUCAT;2;2.02.1971;0;2
DURDUMAN;2;4.01.1940;0;2
HULEYDA;2;26.05.1986;0;2
MELBIYE;2;17.06.1972;0;2
MERIHAL;2;29.11.1957;0;2
CAVIDER;2;19.12.1951;0;2
MINDA;2;30.10.1967;0;2
NACIVER;2;2.05.1964;0;2
RAIMET;2;20.01.1942;0;2
GULVIDA;2;4.03.1970;0;2
GULHANIFE;2;4.12.1956;0;2
MAHSINA;2;2.05.1977;0;2
SEYCANIM;2;12.05.1967;0;2
NILDAH;2;30.03.1981;0;2
MERINOS;2;13.03.1970;0;2
MERAKZAMAN;2;5.04.1972;0;2
LIUZE;2;24.04.1949;0;2
MUNIDE;2;23.04.1967;0;2
ALAMIYE;2;21.05.1948;0;2
ZULEN;2;29.02.1960;0;2
BIHICE;2;5.08.1964;0;2
PAHIZER;2;3.07.1961;0;2
MUDURGE;2;8.01.1946;0;2
RIKSAN;2;23.09.1938;0;2
TALIHIYE;2;10.03.1959;0;2
FELIN;2;14.05.1978;0;2
MAHISAR;2;9.01.1928;0;2
ULYANA;2;11.08.1974;0;2
MERGUZER;2;18.12.1937;0;2
CAMAN;2;2.12.1974;0;2
YEKTARE;2;22.08.1931;0;2
ZERGUZAR;2;12.01.1941;0;2
MIRFAN;2;9.01.1947;0;2
GULUYASA;2;7.05.1960;0;2
HELVAN;2;25.11.1975;0;2
BALHAN;2;23.06.1944;0;2
TELGUL;2;5.02.1954;0;2
OLKIDE;2;23.01.1983;0;2
GULBINAS;2;16.09.1963;0;2
TATLICAN;2;4.04.1979;0;2
DILSURE;2;5.08.1944;0;2
ULSAN;2;21.01.1944;0;2
FELAHIYE;2;5.12.1960;0;2
NAZIKLER;2;15.01.1953;0;2
HAMISA;2;23.01.1966;0;2
NAIGE;2;3.02.1947;0;2
MEYSUDE;2;20.09.1960;0;2
URKI;2;17.10.1954;0;2
GULYERI;2;30.09.1947;0;2
FERABIYE;2;17.02.1940;0;2
GULETEN;2;3.03.1957;0;2
NURCANI;2;13.04.1963;0;2
NECIBEI;2;26.12.1927;0;2
SEHRANIYE;2;24.06.1954;0;2
NURACIYE;2;27.03.1974;0;2
SUCEHAT;2;27.05.1963;0;2
NUHBAR;2;30.07.1989;0;2
GULUSDEN;2;1.08.1957;0;2
HAYRUNAS;2;30.05.1960;0;2
CEMILEI;2;21.05.1968;0;2
ILNARA;2;25.10.1976;0;2
SEVREM;2;22.10.1979;0;2
TEHLA;2;13.04.1943;0;2
ALTINKUPE;2;4.05.1939;0;2
MUKATTEZ;2;27.05.1961;0;2
PAKKIZ;2;7.11.1963;0;2
ARZUL;2;22.05.1973;0;2
BIRSADIYE;2;26.05.1959;0;2
KEBIYRE;2;7.11.1961;0;2
NIDAGUL;2;20.06.1969;0;2
DADIK;2;8.06.1964;0;2
NESERIYE;2;27.08.1975;0;2
PELKIYE;2;14.03.1973;0;2
BILGESER;2;24.12.1969;0;2
GUNNASIR;2;17.10.1972;0;2
GULFUDAN;2;8.09.1954;0;2
CEMALA;2;2.12.1965;0;2
NEZLAH;2;4.05.1949;0;2
SUVIYET;2;13.10.1946;0;2
OZETI;2;6.11.1962;0;2
HORUNAZ;2;10.04.1970;0;2
ICNUR;2;20.07.1974;0;2
GAZIYETE;2;9.07.1974;0;2
USLUFET;2;28.03.1955;0;2
UZGEL;2;12.02.1959;0;2
MURKINAZ;2;26.09.1962;0;2
BEDULZAMAN;2;21.09.1963;0;2
MUCIDEN;2;5.01.1947;0;2
ZERGELEM;2;8.12.1971;0;2
SEVGILIYE;2;17.01.1954;0;2
FARUZE;2;25.02.1951;0;2
ZEMIRET;2;27.07.1946;0;2
MINKA;2;29.02.1948;0;2
DURCIYE;2;16.05.1960;0;2
MEKUFE;2;10.10.1970;0;2
RUHINIKAR;2;1.03.1958;0;2
NURKADIYE;2;16.08.1961;0;2
ZAKILE;2;7.09.1953;0;2
HUDASEL;2;10.10.1964;0;2
HAYASET;2;19.11.1960;0;2
ERSIMAN;2;8.04.1973;0;2
MINCARIYE;2;6.03.1951;0;2
FUTUVET;2;9.02.1939;0;2
GULERZIN;2;5.08.1966;0;2
BAHRINAZ;2;28.12.1961;0;2
BIRSOZ;2;13.07.1956;0;2
SEZAHIYE;2;19.06.1938;0;2
SANURAY;2;4.11.1952;0;2
ZULFUSEN;2;17.03.1956;0;2
GIZGAYIT;2;15.01.1971;0;2
MUKADTIS;2;27.05.1974;0;2
FIROZE;2;30.2.1968;0;2
SANIZER;2;9.01.1965;0;2
MUCELLIYE;2;17.10.1963;0;2
KEHRIBA;2;1.01.1976;0;2
HEMIRA;2;12.09.1967;0;2
NILKAY;2;3.06.1988;0;2
FUTEHAT;2;18.05.1973;0;2
SEBET;2;30.10.1965;0;2
TUJEN;2;25.07.1969;0;2
MUSEYME;2;25.09.1965;0;2
HADEL;2;1.03.1973;0;2
MEHDIKA;2;12.06.1961;0;2
REYZA;2;13.02.1954;0;2
SEYYADE;2;19.02.1964;0;2
NARDANESI;2;16.03.1967;0;2
HEVHI;2;28.06.1965;0;2
YAKZA;2;26.11.1976;0;2
NASIKE;2;4.06.1958;0;2
HAMIYETKA;2;30.01.1933;0;2
FILDIZE;2;4.05.1956;0;2
GULSEC;2;22.12.1970;0;2
AFIYETKA;2;5.01.1958;0;2
FESLIHA;2;18.03.1951;0;2
LEPBE;2;12.05.1953;0;2
YILGUZ;2;1.08.1964;0;2
ATCA;2;21.10.1955;0;2
ITADIYE;2;19.05.1969;0;2
AYISETE;2;20.06.1973;0;2
BEDERIYE;2;29.03.1969;0;2
HACIMA;2;3.03.1964;0;2
BEKIZA;2;16.06.1953;0;2
LALEM;2;6.11.1972;0;2
IHTIMAL;2;16.11.1972;0;2
NILDEHAN;2;2.01.1983;0;2
TEVBET;2;11.08.1959;0;2
SENOZEN;2;18.10.1968;0;2
MUJGER;2;30.11.1962;0;2
YAZICE;2;18.08.1972;0;2
GULEYRAN;2;17.06.1966;0;2
LESLA;2;10.09.1970;0;2
NAYZE;2;13.05.1973;0;2
UMIYET;2;1.07.1970;0;2
MUREFE;2;4.10.1966;0;2
MESHUDA;2;20.08.1980;0;2
MESNIYE;2;17.02.1955;0;2
EVFER;2;12.08.1938;0;2
GUZGUN;2;26.07.1969;0;2
SIRINCE;2;18.07.1971;0;2
HEMILE;2;1.04.1952;0;2
SEDAHET;2;20.05.1955;0;2
SULATAN;2;6.01.1961;0;2
GULFAZ;2;10.04.1956;0;2
TAHFA;2;16.06.1946;0;2
SAMIYETE;2;20.09.1980;0;2
KORDELE;2;18.02.1959;0;2
HUDIYET;2;29.01.1967;0;2
NUCEYLA;2;20.12.1973;0;2
OJGUN;2;11.09.1961;0;2
ZERRA;2;5.02.1959;0;2
RESBIYE;2;12.03.1968;0;2
RUSAR;2;16.01.1976;0;2
NECEYLA;2;12.12.1958;0;2
BAHTANUR;2;21.01.1975;0;2
DILHAS;2;5.05.1962;0;2
MAHTEBER;2;22.07.1989;0;2
HAMDIS;2;20.12.1957;0;2
SATLIHAN;2;12.05.1955;0;2
SEVGINAY;2;6.11.1977;0;2
SAZIMETKA;2;14.01.1954;0;2
NESHIBE;2;1.09.1959;0;2
REVINAY;2;14.05.1963;0;2
NEFHIYE;2;21.10.1966;0;2
SEVTAS;2;3.10.1971;0;2
TALMEN;2;14.02.1968;0;2
DILBES;2;3.11.1970;0;2
FATMAPINAR;2;1.04.1986;0;2
GULEGRI;2;12.08.1961;0;2
TULET;2;19.07.1954;0;2
MINSEL;2;18.01.1972;0;2
GUNNURAY;2;17.01.1972;0;2
ISIKSER;2;25.10.1957;0;2
NURCIHAT;2;4.12.1985;0;2
GULMUSAL;2;26.04.1975;0;2
MEYSIRE;2;8.09.1971;0;2
GULCENAZ;2;21.01.1991;0;2
MURVETIYE;2;10.03.1950;0;2
ANICUTA;2;13.03.1976;0;2
ALTINGUN;2;15.08.1963;0;2
FIRTANE;2;18.06.1966;0;2
FEDIYA;2;30.01.1960;0;2
MUGIYET;2;14.06.1964;0;2
GULANO;2;24.05.1942;0;2
ARSLIHAN;2;20.11.1954;0;2
ZUBERIYE;2;13.11.1953;0;2
SAYNEZ;2;18.01.1960;0;2
MUZAKIYE;2;1.05.1954;0;2
YESADIYE;2;12.10.1949;0;2
HUZINE;2;24.04.1973;0;2
MEMILE;2;7.01.1960;0;2
ILKANE;2;26.09.1983;0;2
SAVMIYE;2;6.12.1953;0;2
CIVIRE;2;14.02.1942;0;2
SEMIRIYE;2;26.01.1969;0;2
MEREK;2;25.11.1979;0;2
UMULDAN;2;20.01.1938;0;2
RAYMET;2;7.08.1934;0;2
UYSEN;2;10.11.1965;0;2
HECIRAN;2;20.08.1957;0;2
YASEMINI;2;22.04.1962;0;2
NIYAZHAN;2;11.05.1942;0;2
BEHIYYA;2;8.08.1965;0;2
BASARIYE;2;6.08.1961;0;2
CEMRESU;2;5.05.1990;0;2
SEHNEZAR;2;22.06.1966;0;2
TEHFETULLAH;2;27.01.1964;0;2
HAFTA;2;7.11.1957;0;2
HAMIDEN;2;30.12.1964;0;2
KUFAR;2;9.10.1951;0;2
ARDAK;2;22.07.1965;0;2
KOKULU;2;20.11.1956;0;2
EMINESIBEL;2;29.2.1978;0;2
HORANIM;2;2.05.1975;0;2
SESENE;2;8.07.1947;0;2
DILEYIS;2;17.11.1984;0;2
VESIYLA;2;9.04.1956;0;2
HURINNISA;2;13.10.1937;0;2
MUSAFIRE;2;14.10.1938;0;2
GUNARE;2;16.02.1944;0;2
RASITIYE;2;14.06.1967;0;2
EFTA;2;29.05.1979;0;2
GULASVI;2;8.11.1962;0;2
CAFAHIR;2;7.10.1949;0;2
KADINAYSE;2;23.06.1955;0;2
AYSELHAN;2;18.05.1980;0;2
ARUZE;2;14.07.1937;0;2
DONESEN;2;15.06.1967;0;2
MURCU;2;29.09.1961;0;2
HUSLET;2;12.09.1943;0;2
PERIZEN;2;8.07.1950;0;2
HURIHANIM;2;6.03.1971;0;2
MESGULIYE;2;18.02.1983;0;2
MUAYEN;2;25.12.1966;0;2
HUSNEYI;2;4.11.1978;0;2
MEMNUHA;2;20.09.1934;0;2
HELUN;2;21.09.1980;0;2
MUZEYYIM;2;6.06.1972;0;2
GURCINAS;2;7.04.1961;0;2
MEYHARET;2;20.10.1969;0;2
DURDUANE;2;12.09.1971;0;2
FARDANE;2;15.11.1957;0;2
GULSAC;2;19.12.1969;0;2
GULADEM;2;26.08.1971;0;2
BEDUUL;2;7.02.1952;0;2
NEZNA;2;4.06.1962;0;2
SYUZANNA;2;23.03.1977;0;2
KEME;2;22.04.1947;0;2
SITDIKE;2;6.02.1960;0;2
MEVSER;2;2.07.1969;0;2
PELISE;2;30.07.1964;0;2
SELER;2;28.04.1983;0;2
EDEHA;2;30.07.1971;0;2
MUASES;2;6.05.1966;0;2
DILBIRUZ;2;13.04.1971;0;2
HAYHANI;2;6.08.1951;0;2
GUNUHAR;2;22.02.1944;0;2
SEDAF;2;14.05.1977;0;2
MUNTEA;2;3.10.1971;0;2
MERIAL;2;22.01.1950;0;2
NURJIN;2;5.08.1987;0;2
RUFGUL;2;6.11.1960;0;2
CAYLA;2;14.04.1951;0;2
NESHIYE;2;27.10.1940;0;2
SARGIYE;2;3.12.1973;0;2
NIYOZE;2;9.01.1956;0;2
BEL;2;24.12.1968;0;2
DILURBA;2;5.09.1959;0;2
HUNDE;2;22.06.1967;0;2
ZIHNETIYE;2;14.01.1949;0;2
MUSRUKE;2;6.07.1950;0;2
HERINAZ;2;11.08.1961;0;2
SEVGIHA;2;13.12.1943;0;2
HUDANIYE;2;12.03.1961;0;2
ZEMLIKE;2;13.02.1961;0;2
MUCUDIYE;2;14.07.1975;0;2
HUBEYBE;2;15.11.1971;0;2
MUBERREF;2;17.02.1954;0;2
KUSIME;2;7.7.968;0;2
NEVREGUL;2;27.02.1949;0;2
MERDUDE;2;15.08.1953;0;2
MUBAHET;2;13.12.1963;0;2
NERA;2;15.04.1982;0;2
MEKSUDA;2;30.10.1974;0;2
ASYENUR;2;23.04.1989;0;2
ZEKIBE;2;26.12.1969;0;2
NUROLA;2;3.08.1960;0;2
ZULMU;2;21.07.1949;0;2
SIDIGE;2;25.02.1954;0;2
GULEVATUN;2;28.10.1952;0;2
GULASEN;2;11.10.1962;0;2
ZARYA;2;29.08.1952;0;2
NERMIDE;2;20.01.1952;0;2
ESMARAL;2;19.09.1971;0;2
ISTEN;2;1.08.1970;0;2
VESNIYE;2;3.07.1957;0;2
MAHUZE;2;24.01.1940;0;2
CEZMINE;2;7.12.1957;0;2
MURUDIYE;2;11.11.1963;0;2
CEFAET;2;25.07.1960;0;2
MUCERRAH;2;24.10.1952;0;2
MELIKAT;2;19.04.1977;0;2
KEMSIYE;2;18.02.1961;0;2
DISLER;2;4.05.1976;0;2
PERISAHAN;2;21.10.1969;0;2
LEILI;2;5.06.1965;0;2
MAYTABE;2;15.12.1954;0;2
ICARE;2;7.09.1964;0;2
HADZER;2;3.03.1957;0;2
EMINANIM;2;11.08.1974;0;2
YUZMIYE;2;9.01.1941;0;2
FENIAZ;2;17.09.1959;0;2
FERFURU;2;27.12.1950;0;2
IKABET;2;24.11.1969;0;2
NURGUZER;2;20.03.1968;0;2
MESKULIYE;2;28.03.1979;0;2
GULSEVAT;2;28.08.1932;0;2
ZULEYNUR;2;25.01.1982;0;2
TEKRIFAT;2;24.06.1981;0;2
KEBURE;2;7.08.1928;0;2
TEKMIYE;2;21.02.1962;0;2
FEHRISAN;2;18.05.1953;0;2
RESIMDE;2;22.04.1955;0;2
SAMYETE;2;7.05.1976;0;2
ASIFET;2;5.06.1970;0;2
ESMAYI;2;19.09.1962;0;2
NIRVET;2;25.11.1946;0;2
SAKIRYE;2;28.05.1964;0;2
DUNYAZADE;2;24.08.1969;0;2
SAYILI;2;9.10.1942;0;2
TASTIKE;2;22.11.1977;0;2
HAYNISER;2;5.03.1966;0;2
RIDAYET;2;7.02.1964;0;2
MESVA;2;28.01.1986;0;2
UMRANI;2;6.03.1973;0;2
GUNBIKE;2;25.06.1982;0;2
SEMZERIN;2;30.08.1965;0;2
FAYINSER;2;19.12.1971;0;2
MATISAH;2;26.03.1966;0;2
MUSECCER;2;13.08.1980;0;2
SITHAN;2;28.09.1935;0;2
MUNIHAN;2;7.09.1956;0;2
HILINAZ;2;26.03.1974;0;2
ZIFI;2;1.01.1953;0;2
ZIRKIYE;2;12.01.1959;0;2
FESFIYE;2;12.03.1978;0;2
YILDEM;2;3.10.1982;0;2
CUZIYE;2;24.12.1969;0;2
HIFTI;2;13.05.1937;0;2
PURYAZ;2;18.12.1961;0;2
EFESIYA;2;3.03.1978;0;2
PERIYAZ;2;8.04.1952;0;2
ZEMIZER;2;10.01.1972;0;2
RAINE;2;2.01.1966;0;2
VAHFIYE;2;5.02.1956;0;2
MITEZIM;2;17.05.1980;0;2
AKIZZET;2;5.08.1963;0;2
MURARI;2;18.11.1933;0;2
MUSECEL;2;28.01.1967;0;2
RIVAYDE;2;4.11.1982;0;2
KANUNIYE;2;13.08.1977;0;2
ZEMIMA;2;21.12.1969;0;2
BASRAIL;2;16.02.1937;0;2
FEHINUR;2;5.12.1976;0;2
NIKAYET;2;20.04.1971;0;2
FEVRISAN;2;8.12.1957;0;2
PIRISHAN;2;17.07.1978;0;2
SELEMHAN;2;1.05.1986;0;2
BEFIYE;2;1.02.1963;0;2
SERAYIL;2;14.02.1949;0;2
NAHIYETE;2;29.09.1943;0;2
MEHANE;2;15.09.1944;0;2
SOSON;2;16.12.1934;0;2
MEZBIHA;2;15.02.1979;0;2
SOHDA;2;3.05.1977;0;2
MUZEHEL;2;11.10.1951;0;2
ERVET;2;28.03.1967;0;2
SERAZA;2;24.01.1967;0;2
SITIRKNAZ;2;4.09.1977;0;2
MILCES;2;10.12.1981;0;2
SEHIBET;2;14.07.1975;0;2
MESMIRE;2;1.01.1977;0;2
SOLEMEZ;2;29.05.1980;0;2
HABU;2;2.04.1956;0;2
YUZDENUR;2;16.09.1966;0;2
ZILHACCE;2;22.05.1967;0;2
SEBRO;2;27.05.1929;0;2
YARDEGUL;2;18.09.1977;0;2
MAVLUDE;2;21.02.1983;0;2
TEKSUN;2;21.08.1976;0;2
EZILE;2;3.09.1973;0;2
NIBAYET;2;19.09.1959;0;2
MUAZAM;2;24.07.1988;0;2
VAHICE;2;22.09.1952;0;2
NUVERYE;2;13.10.1968;0;2
RUHLETE;2;2.03.1959;0;2
MUHRISAH;2;8.07.1952;0;2
SAFURIYA;2;5.06.1984;0;2
SISEM;2;14.12.1972;0;2
NURINISAN;2;8.10.1957;0;2
SARAZE;2;10.01.1974;0;2
TAVAS;2;1.03.1944;0;2
GOLDE;2;27.01.1972;0;2
KIRAMIYE;2;23.11.1960;0;2
ESMINAZ;2;17.07.1974;0;2
SOYLETE;2;7.02.1972;0;2
GULME;2;25.11.1943;0;2
LATIFEH;2;12.02.1963;0;2
FEMIA;2;21.08.1978;0;2
CAIZER;2;27.11.1980;0;2
TUHFA;2;5.11.1972;0;2
FEZIA;2;25.03.1957;0;2
DILEKNAZ;2;24.02.1973;0;2
SOYNEMEZ;2;9.08.1973;0;2
NADIRSAN;2;5.09.1953;0;2
HURNISAN;2;11.11.1956;0;2
MUSUVET;2;1.08.1982;0;2
SEHREZA;2;12.01.1979;0;2
AYNELMERDIYE;2;8.06.1963;0;2
SUAYRA;2;16.05.1987;0;2
KULSUN;2;14.09.1970;0;2
SEFANET;2;24.12.1971;0;2
FERDIYA;2;3.01.1973;0;2
CIRE;2;20.05.1967;0;2
MADISA;2;7.02.1967;0;2
MISEVET;2;27.10.1953;0;2
ZAHRINAZ;2;5.09.1965;0;2
BILEYHAN;2;26.06.1939;0;2
MARAKNAZ;2;17.11.1969;0;2
MAGFIRAT;2;16.05.1948;0;2
YURDUSER;2;10.04.1960;0;2
ANSAHATUN;2;21.03.1956;0;2
SEKERHANIM;2;27.06.1969;0;2
ZAHTE;2;9.11.1942;0;2
FETIYHA;2;23.04.1959;0;2
MUGUL;2;14.01.1945;0;2
UZEYIRE;2;4.01.1963;0;2
NURSECIL;2;16.12.1972;0;2
NERCUMAN;2;15.06.1963;0;2
MUKADDEME;2;30.05.1938;0;2
MEFCURE;2;23.10.1961;0;2
SEYHINAZ;2;21.10.1977;0;2
NEBILET;2;8.08.1958;0;2
MIKRIBAN;2;29.01.1965;0;2
AVFET;2;1.04.1960;0;2
HUMI;2;20.11.1936;0;2
SUNNUGUL;2;2.03.1981;0;2
NERGINAZ;2;24.06.1975;0;2
ZARIKE;2;6.02.1970;0;2
SUKRUNAS;2;15.09.1961;0;2
NUGUME;2;2.04.1966;0;2
VATANUR;2;12.08.1966;0;2
MAVLE;2;26.04.1964;0;2
HURESER;2;25.10.1975;0;2
LAIGE;2;18.06.1974;0;2
NEBAFER;2;10.01.1972;0;2
UZINE;2;23.03.1970;0;2
MUZENBIL;2;12.06.1966;0;2
SILVIYE;2;25.08.1969;0;2
ZULBIYER;2;22.11.1963;0;2
GULPUNAR;2;2.02.1975;0;2
ISVIHAN;2;19.03.1982;0;2
OKCEN;2;18.01.1965;0;2
YAKUBET;2;12.03.1970;0;2
EVINE;2;17.01.1986;0;2
SITIZUBEYDA;2;23.05.1965;0;2
GIRIVAN;2;15.02.1985;0;2
ZEFIRA;2;12.04.1976;0;2
SUMEYAN;2;4.01.1992;0;2
MULKESSIM;2;18.02.1981;0;2
MEYTEBA;2;12.11.1963;0;2
EMU;2;27.05.1938;0;2
KUTUR;2;17.02.1953;0;2
URFIHAN;2;19.08.1964;0;2
TONBUS;2;15.10.1966;0;2
IKBAY;2;2.01.1979;0;2
HIVDAR;2;7.11.1988;0;2
MUHPERI;2;10.08.1982;0;2
KOMRIHAN;2;26.03.1970;0;2
ZERIFISTAN;2;15.07.1946;0;2
KESKU;2;14.05.1942;0;2
SEMSU;2;2.05.1951;0;2
SEKIRA;2;26.12.1952;0;2
NALIYA;2;23.04.1973;0;2
NETICA;2;25.11.1967;0;2
RUKEYTA;2;2.08.1974;0;2
MELKESUM;2;18.08.1968;0;2
GONEY;2;27.09.1970;0;2
SECIHE;2;16.12.1965;0;2
MAGBULA;2;19.12.1956;0;2
LALESIN;2;16.04.1972;0;2
HAFILET;2;6.10.1979;0;2
TILIYE;2;16.05.1970;0;2
GULANAM;2;2.08.1939;0;2
NEDIMEHAN;2;15.03.1954;0;2
SAZ;2;4.06.1944;0;2
PER;2;12.08.1929;0;2
GIZI;2;26.07.1959;0;2
HALAL;2;17.06.1972;0;2
GELAVIS;2;6.12.1975;0;2
HILA;2;13.02.1962;0;2
VERDAHAN;2;1.02.1971;0;2
MAGRIMA;2;9.07.1976;0;2
RADIYET;2;30.11.1986;0;2
DILBEZ;2;3.04.1938;0;2
SAZERI;2;28.06.1964;0;2
FUZIYE;2;14.12.1974;0;2
MAGMUR;2;2.08.1974;0;2
SUR;2;10.06.1946;0;2
MAT;2;6.03.1954;0;2
AVRIYE;2;23.08.1946;0;2
BISKI;2;9.01.1949;0;2
LEYL;2;7.01.1955;0;2
TANNIYE;2;2.08.1981;0;2
CURUM;2;16.02.1969;0;2
NISTIMA;2;1.05.1989;0;2
MAHRUM;2;9.12.1973;0;2
MIRYEMHAN;2;24.12.1960;0;2
CIRYA;2;12.07.1989;0;2
DEHILA;2;2.05.1956;0;2
MEHSUME;2;22.05.1961;0;2
NEAMI;2;19.09.1951;0;2
MIRYAMA;2;25.09.1970;0;2
TUTIHAN;2;13.09.1943;0;2
SIDAYE;2;26.04.1965;0;2
SUDAVER;2;12.05.1976;0;2
AKIREYI;2;13.01.1951;0;2
FOZIYE;2;24.10.1975;0;2
DUKTER;2;17.02.1967;0;2
HOZIYE;2;22.04.1987;0;2
GOLCEHRE;2;24.07.1977;0;2
FEFKIYE;2;1.09.1988;0;2
HEJYAN;2;9.10.1991;0;2
TAMIRCAN;2;26.02.1977;0;2
ZARU;2;15.02.1961;0;2
CIVEYRA;2;30.03.1961;0;2
DELIMA;2;21.08.1969;0;2
HUNCA;2;16.04.1964;0;2
TER;2;16.08.1957;0;2
MOHRICAN;2;10.01.1964;0;2
KANDE;2;9.11.1982;0;2
SUMUNE;2;30.2.1971;0;2
DUSTI;2;27.07.1941;0;2
HUSMU;2;14.01.1924;0;2
KOMRIYE;2;29.09.1960;0;2
MAYISEL;2;1.06.1985;0;2
GOLAV;2;17.04.1969;0;2
MEEBURE;2;25.12.1955;0;2
SELEHAN;2;23.06.1973;0;2
HUSEMMA;2;13.12.1976;0;2
ZELLEN;2;20.12.1951;0;2
KAMASAH;2;11.06.1960;0;2
BUNSER;2;25.06.1973;0;2
FEDAHAT;2;6.04.1949;0;2
ZARNIGAR;2;4.04.1954;0;2
ISNAFIYE;2;5.09.1954;0;2
BAKIGUL;2;10.02.1966;0;2
SEBBEN;2;25.06.1963;0;2
NICEM;2;30.01.1992;0;2
GULBAHI;2;12.10.1948;0;2
GULCILER;2;17.11.1959;0;2
NECIKE;2;18.08.1947;0;2
HABAN;2;17.01.1950;0;2
SELATEN;2;8.03.1950;0;2
KAMSAH;2;14.06.1943;0;2
SURUDE;2;28.02.1937;0;2
ACALYE;2;20.01.1980;0;2
GURIZ;2;25.11.1973;0;2
ENZELE;2;6.01.1931;0;2
SIMTER;2;3.01.1969;0;2
MUSERRIFE;2;28.03.1953;0;2
GULHUZ;2;19.12.1958;0;2
MUNAYET;2;27.11.1962;0;2
LEYHUZE;2;2.04.1958;0;2
HEMME;2;3.06.1966;0;2
BERIZAR;2;5.06.1974;0;2
FINDOZ;2;19.06.1959;0;2
MUDEPBERE;2;1.09.1953;0;2
ASNUR;2;11.08.1979;0;2
GOGEM;2;11.06.1973;0;2
BINEYYE;2;19.11.1952;0;2
IGDEN;2;6.12.1982;0;2
ULFIKAN;2;20.09.1971;0;2
PALAZE;2;19.08.1967;0;2
ZEYNAZ;2;4.08.1981;0;2
BEYDENUR;2;10.10.1979;0;2
MUKERRIYE;2;4.11.1969;0;2
AYNUZAR;2;21.12.1952;0;2
FENURE;2;23.06.1968;0;2
SINDUZ;2;16.08.1960;0;2
FAIA;2;7.01.1959;0;2
IREBIC;2;9.07.1966;0;2
MUNTEZIME;2;21.04.1975;0;2
MEFAKET;2;29.03.1951;0;2
AYCINE;2;9.12.1985;0;2
H.SEVIM;2;28.08.1946;0;2
NUHKET;2;20.05.1969;0;2
GULSUNU;2;7.03.1961;0;2
GABILE;2;25.07.1976;0;2
YASNUR;2;28.07.1989;0;2
DURSUL;2;5.08.1977;0;2
HATIMIYE;2;24.02.1966;0;2
UBUS;2;22.05.1972;0;2
GULMISA;2;4.01.1982;0;2
KERAME;2;11.06.1965;0;2
PANBIK;2;30.01.1968;0;2
UMMUSELI;2;9.07.1954;0;2
SABIAT;2;9.05.1947;0;2
NEZIVE;2;24.02.1981;0;2
GULPIYE;2;22.11.1981;0;2
EMIRI;2;22.09.1942;0;2
DUHANUR;2;18.10.1970;0;2
HATICEM;2;11.05.1989;0;2
HURSIYE;2;2.05.1951;0;2
SERFADIME;2;11.08.1956;0;2
FRANCE;2;18.05.1975;0;2
ELIFDUDU;2;7.11.1945;0;2
GULICIM;2;14.08.1966;0;2
SULSEREN;2;14.05.1969;0;2
SEPHAN;2;20.09.1963;0;2
ARIFDUDU;2;16.05.1944;0;2
SAYASTA;2;24.07.1954;0;2
RACILE;2;13.05.1956;0;2
TECURE;2;9.04.1961;0;2
MAHIYILDIZ;2;7.08.1965;0;2
SERZIYE;2;28.09.1962;0;2
KIZLARAGASI;2;26.02.1974;0;2
ACO;2;27.04.1943;0;2
PERHANIM;2;26.05.1956;0;2
DILPAR;2;3.10.1956;0;2
MUSLICIHAN;2;12.03.1945;0;2
HEPGULER;2;16.10.1952;0;2
SARABEGIM;2;21.06.1935;0;2
GILEHANIM;2;16.04.1961;0;2
MEMIRIYE;2;10.08.1954;0;2
FENA;2;11.10.1966;0;2
GULECER;2;30.09.1963;0;2
FATAN;2;11.11.1931;0;2
HURUNSE;2;4.09.1953;0;2
SABAYAT;2;22.02.1964;0;2
MEVTURE;2;17.01.1974;0;2
TELLIBAN;2;19.10.1973;0;2
YELENE;2;7.03.1962;0;2
TELLIKIZ;2;4.06.1954;0;2
MAYASEKER;2;22.02.1959;0;2
SARAVANI;2;8.02.1976;0;2
SANZE;2;29.11.1979;0;2
SOLMAN;2;21.09.1975;0;2
OREYZE;2;25.01.1941;0;2
TOMURUZ;2;1.07.1961;0;2
SAGIDE;2;16.07.1949;0;2
GULHENDEM;2;5.04.1942;0;2
CANNES;2;21.04.1984;0;2
KEMIRE;2;19.11.1967;0;2
LEMISER;2;16.09.1973;0;2
IMAYE;2;6.06.1969;0;2
GOKAR;2;12.05.1944;0;2
HUMAYA;2;2.04.1969;0;2
MAHICEMAL;2;19.09.1946;0;2
TOKALI;2;18.12.1967;0;2
AZIZER;2;27.03.1962;0;2
BESAI;2;15.08.1955;0;2
AYJAN;2;29.07.1976;0;2
SUGERE;2;29.2.1955;0;2
MAKLULE;2;16.05.1956;0;2
MAYICAN;2;9.06.1969;0;2
GULSAHRA;2;29.12.1966;0;2
MANIGUL;2;20.08.1972;0;2
MUHURE;2;9.08.1957;0;2
PAYIZE;2;19.12.1942;0;2
MAKBUYE;2;2.04.1981;0;2
MAYFURUZ;2;22.05.1943;0;2
KALEMKAS;2;3.02.1979;0;2
ZULFUYET;2;10.09.1965;0;2
JULITE;2;20.07.1966;0;2
MAHIZAT;2;8.07.1955;0;2
MIMINAT;2;17.05.1950;0;2
NEVZIYET;2;9.07.1979;0;2
EDLEZ;2;1.01.1975;0;2
SAHNABAT;2;11.10.1953;0;2
PEYRUS;2;18.04.1966;0;2
DEHREM;2;8.08.1977;0;2
BENPE;2;24.08.1968;0;2
CARISE;2;30.04.1949;0;2
ZALLI;2;13.8.983;0;2
GAZU;2;2.08.1933;0;2
MAYFIRUZ;2;7.11.1945;0;2
FAYZER;2;2.05.1968;0;2
NEBEHA;2;21.01.1969;0;2
MILIYET;2;21.03.1979;0;2
NURIYEGUL;2;9.09.1977;0;2
LAURENTIA;2;13.06.1980;0;2
MECIFE;2;19.03.1960;0;2
HUCRI;2;2.08.1933;0;2
SAHUDER;2;6.11.1957;0;2
SEREKIYE;2;4.07.1940;0;2
NEVIMGUL;2;27.03.1967;0;2
PELMA;2;22.07.1978;0;2
DILSUZ;2;6.11.1964;0;2
POLYE;2;29.05.1980;0;2
URFIGUL;2;20.02.1955;0;2
MESBULE;2;8.07.1963;0;2
GULMIZAR;2;26.03.1941;0;2
BILLORE;2;14.03.1943;0;2
LEYLIPER;2;9.11.1951;0;2
ZENFIRE;2;4.06.1969;0;2
RABEYE;2;21.10.1969;0;2
GUNTAM;2;13.08.1954;0;2
HEREKET;2;29.03.1954;0;2
SEDAHA;2;25.10.1970;0;2
HURUNISA;2;21.02.1968;0;2
YUSKEL;2;27.02.1971;0;2
TURUZE;2;20.12.1964;0;2
NASYA;2;25.02.1985;0;2
MUHLUZET;2;27.08.1956;0;2
UMMULBENI;2;6.05.1954;0;2
DILEHANIM;2;25.10.1934;0;2
MELAIK;2;6.12.1931;0;2
SOLVE;2;11.03.1952;0;2
MAYHOS;2;28.06.1973;0;2
ECEFNAZ;2;21.11.1969;0;2
TACRIYE;2;24.03.1960;0;2
MUNIE;2;11.01.1946;0;2
GOCAN;2;4.10.1951;0;2
TOPIYE;2;26.03.1965;0;2
MAVIYILDIZ;2;12.03.1958;0;2
SANDAR;2;4.03.1983;0;2
ABUHANIM;2;2.09.1948;0;2
ZIFO;2;6.01.1956;0;2
FAHRANSA;2;11.05.1944;0;2
CELVIYE;2;19.07.1948;0;2
SENSUBAN;2;19.06.1956;0;2
MURVESTE;2;25.09.1931;0;2
MELEYHAN;2;21.12.1962;0;2
SUNYET;2;14.02.1953;0;2
BALSAFA;2;4.11.1951;0;2
KARATEL;2;5.11.1947;0;2
GARIPGUL;2;21.07.1964;0;2
ZENCEFIR;2;26.08.1965;0;2
ZERYAN;2;22.02.1985;0;2
LAFIZE;2;26.09.1958;0;2
BELGOZAR;2;15.10.1949;0;2
KITAM;2;20.05.1954;0;2
GIDO;2;19.08.1951;0;2
GIRMISIYA;2;16.10.1966;0;2
ZENBIL;2;15.12.1964;0;2
GOCE;2;27.02.1956;0;2
SULTEN;2;7.11.1961;0;2
BESYE;2;12.04.1950;0;2
ADAYET;2;26.08.1964;0;2
INAYE;2;22.04.1968;0;2
MEYSINE;2;24.01.1961;0;2
SEVGIAY;2;12.08.1975;0;2
SANSES;2;10.06.1970;0;2
DILGEN;2;25.04.1988;0;2
SENERGUL;2;13.11.1973;0;2
REMZIYET;2;26.04.1969;0;2
SEVGIZER;2;24.04.1972;0;2
SARIBAS;2;22.02.1971;0;2
MEYITHAN;2;16.01.1960;0;2
ISLIFET;2;1.08.1964;0;2
FECINE;2;20.04.1959;0;2
SEHAZ;2;16.05.1971;0;2
GEVZETE;2;9.08.1973;0;2
CAYRAN;2;15.08.1977;0;2
SAHNURAN;2;14.06.1987;0;2
BAGINAT;2;20.09.1965;0;2
GUMAY;2;7.01.1965;0;2
SOYA;2;18.03.1962;0;2
KERIMET;2;10.11.1940;0;2
BASFIYET;2;23.06.1957;0;2
SELBIHA;2;9.09.1967;0;2
GULICET;2;10.02.1969;0;2
DADIME;2;4.09.1963;0;2
RUSEYDA;2;18.07.1976;0;2
VASFIYET;2;21.12.1962;0;2
ZELIGAN;2;2.01.1970;0;2
GULANSE;2;3.12.1942;0;2
ZIMIZAR;2;12.07.1947;0;2
BADEN;2;26.12.1968;0;2
TURKANAY;2;17.03.1959;0;2
SEVDABA;2;5.07.1951;0;2
ZERNISE;2;10.09.1965;0;2
MUJIDE;2;1.07.1974;0;2
GUZELHANIM;2;11.06.1955;0;2
MECINE;2;12.01.1947;0;2
REHIMET;2;19.08.1944;0;2
FIRDEVSALA;2;19.12.1959;0;2
GUVENGUL;2;30.09.1965;0;2
SURIYAL;2;30.08.1965;0;2
GULMINAR;2;21.09.1969;0;2
BIRDE;2;26.04.1976;0;2
ASEYA;2;25.04.1958;0;2
EDOS;2;20.08.1964;0;2
ALMI;2;25.11.1945;0;2
TAYUZ;2;22.01.1949;0;2
EHLIGUL;2;11.03.1970;0;2
MAKBUB;2;12.05.1956;0;2
ERIBIYE;2;20.04.1946;0;2
ARAPSULTAN;2;5.09.1965;0;2
SEFARI;2;14.12.1969;0;2
USLUGUL;2;27.11.1961;0;2
BAZIZ;2;29.08.1952;0;2
GULFEYRA;2;27.02.1980;0;2
BAHDILE;2;11.08.1947;0;2
GULARAP;2;17.06.1954;0;2
NEFARAT;2;16.08.1957;0;2
SAHUNUR;2;5.03.1960;0;2
KULEMDER;2;30.07.1963;0;2
CANDIL;2;5.08.1963;0;2
PERHANE;2;26.05.1975;0;2
SEVKURE;2;18.10.1965;0;2
HIFSIYA;2;10.01.1978;0;2
EVIDE;2;18.12.1940;0;2
UZEYINE;2;12.06.1946;0;2
BESIMAN;2;22.02.1945;0;2
DONYA;2;30.2.1951;0;2
MUHERE;2;3.02.1960;0;2
KULENDAM;2;11.12.1947;0;2
LIBERYA;2;19.05.1961;0;2
ARZUNAZ;2;11.02.1960;0;2
MUCERYA;2;7.06.1978;0;2
NEFDARIYE;2;4.08.1955;0;2
EFFA;2;20.12.1958;0;2
BALGUZAR;2;18.06.1966;0;2
TEVATIR;2;24.10.1944;0;2
PIRAYEN;2;25.03.1939;0;2
ARAPESE;2;12.04.1963;0;2
OZMERAL;2;22.01.1971;0;2
SEVKUL;2;9.10.1957;0;2
MUMRUYE;2;5.08.1961;0;2
ESHABILE;2;3.12.1957;0;2
NAFIREN;2;10.08.1975;0;2
MUSBIYE;2;25.09.1974;0;2
SELVERAY;2;19.07.1986;0;2
AYNIVER;2;24.09.1969;0;2
DONERYE;2;20.02.1950;0;2
PEKGUL;2;23.03.1954;0;2
NERCIYE;2;15.10.1952;0;2
MEMMURE;2;28.05.1945;0;2
RABAA;2;5.10.1945;0;2
SAHANBANU;2;25.07.1944;0;2
NURSAADET;2;4.10.1973;0;2
GULLUSAHAN;2;23.02.1961;0;2
MAHPEKAR;2;28.02.1941;0;2
NIGMETE;2;5.10.1951;0;2
SEKKUL;2;15.08.1943;0;2
GUVENSEL;2;21.09.1959;0;2
SABIRAY;2;8.06.1975;0;2
SELBIAN;2;4.09.1951;0;2
SECMINAZ;2;2.07.1958;0;2
ZEHTA;2;11.06.1970;0;2
HUNERIYE;2;30.07.1945;0;2
KELSER;2;1.12.1943;0;2
YASEMEL;2;18.07.1974;0;2
AHSENGUL;2;9.08.1974;0;2
SULTA;2;13.04.1965;0;2
NACIMET;2;4.07.1961;0;2
MUSIKAR;2;18.11.1950;0;2
SADIRET;2;4.08.1980;0;2
SIIMA;2;24.01.1991;0;2
UFUKGUL;2;12.07.1972;0;2
IKAVET;2;1.10.1949;0;2
YUZU;2;17.10.1943;0;2
DEVRANIYE;2;29.03.1964;0;2
NISAYE;2;12.03.1959;0;2
ULLUS;2;26.02.1958;0;2
MEHLIHAN;2;20.03.1958;0;2
ZUMRUDIYE;2;16.04.1961;0;2
ILHAL;2;24.02.1977;0;2
SUBYEN;2;25.10.1952;0;2
EBUZE;2;24.05.1931;0;2
ABDIKE;2;30.09.1955;0;2
NEVPER;2;14.02.1978;0;2
ZEMZIYE;2;4.10.1966;0;2
TEFIZE;2;30.12.1948;0;2
DILEG;2;29.03.1977;0;2
SAFERIYE;2;4.09.1960;0;2
NAZEHAN;2;17.06.1968;0;2
MUVECCED;2;19.08.1965;0;2
MINIYE;2;17.12.1952;0;2
GULSAHANE;2;3.11.1963;0;2
ILKBAR;2;25.02.1973;0;2
FIYEL;2;2.12.1969;0;2
AMDIYE;2;15.04.1978;0;2
NAVERDE;2;3.04.1956;0;2
ADMIYE;2;22.05.1958;0;2
FIYZE;2;7.05.1965;0;2
NASIAT;2;8.05.1961;0;2
MAHNURE;2;24.11.1941;0;2
SUNTEN;2;7.03.1967;0;2
MUCEYYEZ;2;16.12.1967;0;2
ENGULER;2;16.07.1976;0;2
AYNURSAN;2;18.02.1972;0;2
HENBIL;2;24.02.1961;0;2
ULCER;2;27.03.1956;0;2
GULIREM;2;29.07.1973;0;2
CUSAN;2;28.12.1960;0;2
UNISE;2;8.11.1944;0;2
AYNUSAH;2;24.12.1956;0;2
GULREN;2;28.12.1955;0;2
BADEMIYE;2;26.11.1968;0;2
FEYZIYET;2;2.10.1961;0;2
HANOS;2;17.05.1933;0;2
SONSEVER;2;28.02.1969;0;2
IZVIYE;2;25.09.1948;0;2
HURRUYE;2;24.07.1957;0;2
MEZA;2;17.07.1957;0;2
CESMINAS;2;29.07.1948;0;2
KIAMILE;2;15.02.1965;0;2
NEHUBE;2;20.11.1980;0;2
GIZTAMAM;2;4.12.1960;0;2
NEBAYI;2;7.10.1955;0;2
NIREM;2;16.02.1972;0;2
MUZLIFET;2;13.02.1970;0;2
IFFADE;2;18.12.1963;0;2
OZRIN;2;14.03.1986;0;2
MEZEHAT;2;1.04.1956;0;2
NURDALIYE;2;28.04.1972;0;2
YILCAG;2;8.06.1970;0;2
ESMIRAY;2;29.08.1983;0;2
MURINE;2;1.02.1960;0;2
GUSKA;2;10.02.1956;0;2
NASIMA;2;29.06.1960;0;2
NASIMAN;2;6.06.1961;0;2
ESANIYE;2;27.03.1968;0;2
ARZEGUL;2;17.11.1966;0;2
GUZELDE;2;8.06.1954;0;2
RUNAZ;2;27.10.1963;0;2
MELUDA;2;27.09.1966;0;2
ZIYNIGUL;2;20.07.1962;0;2
ASUKAR;2;23.03.1970;0;2
MAZILET;2;4.08.1965;0;2
RENEL;2;25.05.1987;0;2
SEBIYELDA;2;10.10.1976;0;2
NERCIME;2;19.05.1951;0;2
OZENSEV;2;13.12.1970;0;2
RUSYAN;2;1.05.1954;0;2
MAYASER;2;25.01.1968;0;2
LEZZAN;2;1.04.1968;0;2
GUZERI;2;19.09.1948;0;2
MECRIYE;2;11.10.1966;0;2
ELGUNAR;2;16.03.1968;0;2
DZEMILE;2;30.08.1971;0;2
ENURIYE;2;18.06.1961;0;2
TERZILE;2;1.07.1953;0;2
MAZINUR;2;23.07.1982;0;2
MERCANGUL;2;24.06.1963;0;2
CHADIE;2;4.01.1975;0;2
NASVET;2;28.08.1964;0;2
HAKKE;2;25.12.1966;0;2
BENZA;2;20.07.1979;0;2
SERPIGUL;2;9.12.1967;0;2
SEVIMBAY;2;29.06.1929;0;2
BATUNUR;2;24.07.1977;0;2
HIKBAL;2;29.12.1966;0;2
MUECCER;2;24.04.1938;0;2
HELBIYE;2;23.04.1925;0;2
FERENEZ;2;7.03.1946;0;2
EVDOCHIA;2;3.01.1970;0;2
BEHNAZE;2;23.06.1945;0;2
EBANE;2;14.04.1953;0;2
BATIE;2;28.11.1964;0;2
CEVRIE;2;22.05.1956;0;2
HIDAYIYE;2;27.08.1959;0;2
SEYMINE;2;29.2.1963;0;2
MAKTULE;2;4.12.1964;0;2
MUBEDDET;2;3.01.1957;0;2
UMICE;2;25.11.1945;0;2
YAMURAN;2;28.02.1983;0;2
HICRIN;2;14.02.1977;0;2
EYIMSER;2;15.02.1967;0;2
BEGIZE;2;18.08.1961;0;2
FATMEHAN;2;7.07.1952;0;2
NURGUNC;2;26.02.1975;0;2
ITIK;2;22.05.1949;0;2
KUFEY;2;10.11.1951;0;2
MUZEY;2;6.10.1947;0;2
KODEY;2;17.05.1942;0;2
ETEMIYE;2;2.08.1969;0;2
SIDDIZEYNEP;2;18.10.1967;0;2
SENAGUL;2;22.04.1985;0;2
HURUGAN;2;9.03.1965;0;2
IMMIGUSSUM;2;28.04.1971;0;2
UMBUL;2;20.01.1978;0;2
HIMMI;2;27.02.1964;0;2
TERVIZE;2;11.06.1973;0;2
HULBIYA;2;2.02.1982;0;2
BIKNUR;2;23.10.1980;0;2
ZEHNET;2;8.12.1973;0;2
NURUVER;2;26.01.1961;0;2
NECLAGUL;2;7.06.1966;0;2
NEFAFET;2;9.11.1948;0;2
IRDAN;2;7.11.1972;0;2
MEDURE;2;24.10.1954;0;2
MAREY;2;12.11.1937;0;2
OZGAY;2;19.04.1980;0;2
NEVGIL;2;12.09.1978;0;2
BUHARIYE;2;14.01.1978;0;2
ADLIBANI;2;8.08.1954;0;2
TACIZAR;2;24.05.1969;0;2
HISEY;2;29.07.1942;0;2
SONDU;2;29.06.1973;0;2
ASOG;2;8.10.1938;0;2
NIDAHAT;2;27.05.1977;0;2
SIDDIYA;2;17.07.1960;0;2
MERKULE;2;9.07.1970;0;2
AKIFIYE;2;19.10.1977;0;2
BINNES;2;5.07.1971;0;2
SEBLIHAN;2;14.12.1982;0;2
FIRIYEL;2;13.02.1968;0;2
GULUNDEN;2;19.02.1970;0;2
EBRUHA;2;24.12.1967;0;2
BEYSULAN;2;30.07.1948;0;2
OMURYAN;2;10.09.1979;0;2
ZENCANE;2;12.01.1949;0;2
GULMEVLANA;2;9.04.1975;0;2
IRZADE;2;1.03.1955;0;2
HEKIMIYE;2;21.04.1962;0;2
EYRICE;2;29.12.1939;0;2
HAVKI;2;29.06.1938;0;2
MEYUL;2;4.11.1951;0;2
GOZO;2;2.05.1945;0;2
FASUDE;2;29.12.1964;0;2
NAGHAN;2;25.09.1967;0;2
GULZEKIYE;2;24.05.1969;0;2
SIREY;2;8.11.1953;0;2
MESTINAS;2;1.03.1965;0;2
MENZULET;2;10.01.1974;0;2
GULISLAM;2;5.06.1966;0;2
HURIYYA;2;27.08.1963;0;2
RUF;2;12.11.1950;0;2
MALKI;2;3.02.1968;0;2
AZLIHAN;2;22.08.1977;0;2
AYBIKEHAN;2;5.09.1990;0;2
LEMILE;2;21.07.1957;0;2
PEYYAM;2;25.11.1979;0;2
KAZIMEN;2;4.07.1973;0;2
KURDANE;2;21.09.1947;0;2
SUHILET;2;3.03.1962;0;2
HALIBIYE;2;3.03.1968;0;2
ZILFICE;2;15.11.1973;0;2
SILCAN;2;4.06.1976;0;2
MECBURI;2;29.04.1969;0;2
MINTAIYE;2;30.10.1946;0;2
IRTIFAT;2;28.03.1954;0;2
MUNERRA;2;19.10.1969;0;2
GULDIDE;2;26.07.1949;0;2
FEVIME;2;22.06.1973;0;2
SAZELIYE;2;16.11.1959;0;2
RIZKA;2;21.01.1964;0;2
OZLEMHAN;2;21.08.1982;0;2
ULBE;2;22.06.1967;0;2
SEVZAN;2;8.04.1964;0;2
SENGULSEN;2;14.07.1979;0;2
LUKRES;2;22.02.1967;0;2
HILAFET;2;5.01.1959;0;2
KADERE;2;3.04.1977;0;2
JIYANDA;2;6.09.1988;0;2
SEFEHAT;2;17.03.1960;0;2
BEZIRHAN;2;7.11.1968;0;2
BIRLEN;2;9.09.1965;0;2
SAYDET;2;2.01.1951;0;2
BERRUHAN;2;7.10.1971;0;2
BIRCIVAN;2;24.01.1944;0;2
SELVIDAL;2;11.12.1977;0;2
YESIZ;2;15.07.1986;0;2
IZDIHA;2;7.05.1934;0;2
EFTALE;2;18.06.1959;0;2
FATHIS;2;24.11.1956;0;2
REYAGAN;2;9.08.1953;0;2
RAINA;2;14.03.1984;0;2
JUNG;2;19.11.1952;0;2
ERBANE;2;1.08.1965;0;2
MUKABET;2;30.03.1974;0;2
GULFETHIYE;2;28.01.1987;0;2
ZIHRICAN;2;14.03.1958;0;2
FEHIMEGUL;2;6.11.1960;0;2
NECIMAN;2;28.06.1956;0;2
SAFYATA;2;25.01.1964;0;2
EPIL;2;4.05.1981;0;2
BUGEM;2;1.06.1983;0;2
NEVRUSTE;2;1.04.1964;0;2
NECEGUL;2;18.01.1983;0;2
ULIN;2;6.02.1968;0;2
NEVINI;2;22.05.1954;0;2
SULDIYE;2;16.06.1977;0;2
MIHRUNISA;2;15.04.1970;0;2
CESMIM;2;9.06.1980;0;2
VISALET;2;2.04.1953;0;2
DULE;2;27.01.1978;0;2
EZZAZIYE;2;5.06.1978;0;2
FERENGIZ;2;27.02.1965;0;2
ZUBEYE;2;25.02.1964;0;2
EMILAY;2;21.12.1978;0;2
UNGEL;2;1.09.1943;0;2
BEDRULCEMAL;2;1.08.1958;0;2
ARMIS;2;28.02.1968;0;2
DUREN;2;4.08.1963;0;2
SEVHA;2;21.06.1963;0;2
DILFIN;2;10.01.1969;0;2
HEMRAH;2;21.02.1982;0;2
ZEMCIYE;2;9.11.1954;0;2
SENDENUR;2;2.09.1970;0;2
BABURAN;2;7.04.1956;0;2
FATMAGUN;2;21.04.1957;0;2
ANILYA;2;12.10.1983;0;2
TULBA;2;19.08.1975;0;2
BESUME;2;6.12.1961;0;2
SEMSAH;2;2.08.1954;0;2
ALEVSUN;2;3.06.1979;0;2
REYDAL;2;6.11.1980;0;2
SIBELA;2;25.10.1976;0;2
BERFUM;2;29.11.1987;0;2
DIVIDE;2;12.12.1953;0;2
SONGUNER;2;2.10.1972;0;2
NEVENGUL;2;11.08.1975;0;2
BAHINUR;2;22.04.1973;0;2
GULSEREK;2;24.11.1950;0;2
HAMEYRA;2;17.01.1964;0;2
HIMAME;2;10.07.1949;0;2
GULAGES;2;2.05.1975;0;2
SUZANHAN;2;16.09.1954;0;2
MUHAYYET;2;28.05.1963;0;2
IMLIHAN;2;15.05.1964;0;2
SEMHIYE;2;29.12.1949;0;2
EDRIFE;2;4.01.1969;0;2
AYDET;2;2.12.1958;0;2
REVIYET;2;3.08.1957;0;2
MINYETEL;2;19.10.1954;0;2
SERMISAN;2;20.08.1956;0;2
KELMA;2;15.04.1954;0;2
MASUTE;2;15.08.1983;0;2
SEVINAN;2;9.02.1978;0;2
SENDIHA;2;19.12.1964;0;2
BEYHIDE;2;26.01.1960;0;2
SEYITE;2;15.07.1973;0;2
EZGIGUL;2;28.07.1991;0;2
PALMIYE;2;29.03.1975;0;2
GAYEL;2;19.10.1968;0;2
YENSI;2;1.04.1983;0;2
FIKRETI;2;13.10.1972;0;2
SEHRABANI;2;16.11.1966;0;2
TEKFURE;2;23.12.1958;0;2
SEBAA;2;4.06.1962;0;2
PAK;2;17.05.1948;0;2
SABATIYE;2;14.08.1954;0;2
RALIHAN;2;16.03.1965;0;2
MEKSELINE;2;12.07.1961;0;2
MAPGULE;2;7.09.1963;0;2
FETTUME;2;2.02.1951;0;2
GULEMIS;2;15.09.1969;0;2
REHAVET;2;4.06.1949;0;2
KAMALYA;2;19.11.1971;0;2
ZEMBIL;2;1.10.1981;0;2
NEYGUL;2;17.02.1975;0;2
MERZUHAN;2;16.10.977;0;2
SEKERPARE;2;10.09.1955;0;2
KOSEMEN;2;2.02.1933;0;2
MAVYA;2;26.11.1968;0;2
NAZILYA;2;1.06.1957;0;2
ULEYHA;2;20.03.1961;0;2
GUNIYAZ;2;2.11.1971;0;2
UNSILE;2;17.06.1960;0;2
UMMUKUSUN;2;7.09.1942;0;2
MELEL;2;4.09.1969;0;2
HURUCES;2;18.10.1959;0;2
HUTFIYE;2;7.09.1970;0;2
SONSUNA;2;21.11.1965;0;2
LORAY;2;27.07.1977;0;2
VEYLAN;2;24.08.1985;0;2
ISRE;2;12.07.1975;0;2
NADIMET;2;18.12.1968;0;2
CEVHIRE;2;24.11.1943;0;2
MAGFIYE;2;22.05.1964;0;2
CUZELLA;2;26.11.1972;0;2
PEYIME;2;21.09.1972;0;2
MEYRIMAN;2;6.08.1957;0;2
SUURIYE;2;11.05.1981;0;2
EMELHAN;2;27.05.1944;0;2
OZBANU;2;25.12.1975;0;2
SUFELYA;2;4.03.1981;0;2
BEMRA;2;26.04.1981;0;2
ILAYGA;2;21.12.1978;0;2
MIVER;2;14.10.1953;0;2
SUMANYA;2;5.04.1985;0;2
LOVIZE;2;11.11.1969;0;2
SEVKILE;2;13.02.1968;0;2
SEHRIBER;2;25.05.1966;0;2
ZULAFI;2;12.02.1969;0;2
MIHEL;2;8.12.1978;0;2
NURSEDEN;2;17.08.1979;0;2
SUHUNET;2;5.09.1968;0;2
EBIHAN;2;28.02.1957;0;2
SITIGA;2;24.04.1959;0;2
SANINE;2;18.02.1986;0;2
ZIFAL;2;22.05.1969;0;2
GUNEYYA;2;30.01.1971;0;2
SILAGUL;2;10.09.1988;0;2
FETTAHNA;2;9.11.1957;0;2
CANSARA;2;18.07.1961;0;2
MEFRUKE;2;8.02.1967;0;2
RUGUBE;2;15.11.1955;0;2
MUHATDIS;2;23.09.1941;0;2
NUNI;2;4.06.1939;0;2
NEFHIZ;2;13.06.1953;0;2
MIRBANI;2;25.11.1942;0;2
SELMEHA;2;16.12.1968;0;2
SELGINAZ;2;9.03.1969;0;2
FUZULET;2;29.08.1979;0;2
ELEMSE;2;29.03.1956;0;2
AGET;2;17.01.1967;0;2
BILMAZ;2;11.07.1962;0;2
BESUN;2;9.11.1970;0;2
GULSEHRE;2;30.01.1948;0;2
GOVEREN;2;18.01.1958;0;2
MEYRICAN;2;26.05.1967;0;2
FIKRIS;2;2.05.1939;0;2
CEZIKA;2;3.06.1975;0;2
SOLAN;2;22.04.1974;0;2
NARHAL;2;7.08.1969;0;2
EYSI;2;3.03.1956;0;2
UMANE;2;7.10.1952;0;2
GONNAR;2;19.09.1949;0;2
YALA;2;7.03.1953;0;2
NURALEMIN;2;22.09.1984;0;2
HUNI;2;5.02.1954;0;2
GULASYA;2;4.08.1968;0;2
GOZEYDE;2;22.02.1957;0;2
MAHPARI;2;24.05.1947;0;2
SEMSAL;2;3.08.1974;0;2
IZABET;2;11.04.1978;0;2
KESILE;2;27.04.1963;0;2
ESMIR;2;13.11.1959;0;2
GOKYILDIZ;2;24.11.1957;0;2
GULHANAY;2;6.08.1972;0;2
GUNGUN;2;27.04.1969;0;2
EYTUN;2;17.09.1966;0;2
GULMAZ;2;19.03.1947;0;2
TUFANI;2;5.08.1963;0;2
UNAF;2;21.12.1988;0;2
BELFI;2;18.03.1960;0;2
MULIDE;2;26.08.1947;0;2
VAFIDE;2;16.01.1948;0;2
AYZILHA;2;14.07.1988;0;2
SAVCIYA;2;13.11.1977;0;2
MUZEHHET;2;8.11.1965;0;2
MEZRURE;2;5.08.1946;0;2
GELIBE;2;1.09.1982;0;2
HACCALI;2;22.07.1961;0;2
FIRINCI;2;6.07.1965;0;2
NILEN;2;4.04.1986;0;2
FIRDEGUL;2;30.12.1959;0;2
ISLIMGUL;2;1.10.1984;0;2
GULUMBER;2;28.06.1958;0;2
RAHAF;2;5.04.1966;0;2
EFIMIYA;2;5.12.1946;0;2
MULKUSEN;2;4.12.1975;0;2
MENAY;2;10.10.1983;0;2
MUHBARE;2;27.10.1971;0;2
EFAF;2;26.10.1969;0;2
MIJDIYE;2;19.04.1964;0;2
GULLUGAR;2;16.06.1976;0;2
IRAHLE;2;2.06.1951;0;2
JALIDE;2;2.08.1950;0;2
BEDLIYE;2;25.11.1970;0;2
NESIRYE;2;1.10.1974;0;2
SADES;2;17.01.1954;0;2
MESUDET;2;21.11.1948;0;2
NEVREZIN;2;26.11.1937;0;2
TURUM;2;19.03.1961;0;2
ALTIZIYE;2;12.02.1947;0;2
SANSELI;2;22.10.1956;0;2
HEKNUR;2;5.06.1968;0;2
SEVINDIYE;2;4.11.1961;0;2
ZAYYIDE;2;6.01.1964;0;2
MEMRUNIYE;2;5.03.1979;0;2
MAHALLIYE;2;9.03.1960;0;2
SIMSIYE;2;29.08.1946;0;2
NURIBEN;2;26.09.1958;0;2
TITI;2;1.02.1956;0;2
TEHIBE;2;2.09.1960;0;2
GULKU;2;1.08.1955;0;2
GUPSA;2;18.03.1979;0;2
ANAYASA;2;24.09.1962;0;2
KASEME;2;24.07.1970;0;2
VATFIYE;2;12.02.1965;0;2
REVAS;2;6.09.1970;0;2
BINANIYE;2;8.10.1969;0;2
GAVLA;2;25.10.1953;0;2
RADYE;2;4.08.1961;0;2
ALIYET;2;21.01.1974;0;2
NEFUSA;2;5.12.1975;0;2
GULHIZAN;2;4.11.1967;0;2
MUZEYINE;2;30.07.1951;0;2
NURSELEM;2;29.10.1972;0;2
VEHICAN;2;6.05.1964;0;2
DILFIR;2;15.08.1954;0;2
BINAVER;2;18.08.1972;0;2
BELILE;2;23.07.1971;0;2
EMELYE;2;8.01.1958;0;2
TEKSIL;2;25.04.1971;0;2
VILGIN;2;30.03.1973;0;2
FERIBAN;2;13.12.1978;0;2
NAZBET;2;16.06.1982;0;2
MERIBA;2;21.03.1978;0;2
GORGULU;2;26.10.1967;0;2
SAHIZMET;2;5.07.1963;0;2
MAHBUBI;2;13.06.1929;0;2
OZCA;2;30.07.1990;0;2
KUDREK;2;6.08.1976;0;2
K.;2;20.03.1955;0;2
RUSHEN;2;24.04.1976;0;2
FEYYAZE;2;15.04.1941;0;2
NURDAYGUL;2;30.07.1974;0;2
SUNDAN;2;9.11.1967;0;2
MIRIN;2;29.11.1967;0;2
NEJAH;2;9.04.1943;0;2
RAHAB;2;16.04.1977;0;2
NILIN;2;12.09.1963;0;2
DURUSAF;2;19.02.1948;0;2
GULNESIL;2;19.01.1974;0;2
AZALI;2;10.02.1945;0;2
TULEYDA;2;14.05.1961;0;2
HILVIYE;2;29.11.1965;0;2
IPEKCAN;2;6.07.1991;0;2
ESMUHAN;2;27.09.1980;0;2
MUNTAHE;2;16.05.1969;0;2
ULKUBIR;2;24.02.1980;0;2
HUMRE;2;21.08.1971;0;2
IRAM;2;29.03.1960;0;2
MUKEDDERAT;2;21.09.1960;0;2
ASRE;2;21.08.1960;0;2
EVER;2;9.05.1990;0;2
SELCEHAN;2;23.07.1984;0;2
MUFHIDE;2;29.10.1962;0;2
HURYASAM;2;1.03.1977;0;2
MIMTAZIYE;2;16.04.1956;0;2
UMMMUGULSUM;2;4.03.1976;0;2
PAKINE;2;16.06.1958;0;2
SEKURUYE;2;17.08.1971;0;2
CUMRAY;2;9.09.1981;0;2
SAHYET;2;7.07.1966;0;2
FIYAL;2;6.12.1965;0;2
IMANET;2;13.05.1982;0;2
NESIBETE;2;25.09.1980;0;2
IZLAFET;2;15.09.1969;0;2
UMULKESIM;2;2.05.1975;0;2
E.FETHIYE;2;5.05.1955;0;2
ILGEM;2;9.06.1989;0;2
SENHUSER;2;8.04.1947;0;2
MESUTA;2;11.03.1974;0;2
LUTFILE;2;19.08.1962;0;2
NELISA;2;17.02.1981;0;2
FETHIYEGUL;2;12.01.1957;0;2
JALEHAN;2;25.03.1976;0;2
MAFE;2;21.06.1965;0;2
INCIZER;2;2.05.1960;0;2
TECCER;2;25.07.1968;0;2
INCEAY;2;7.09.1966;0;2
GINCIYE;2;21.09.1952;0;2
ZEYNEHAR;2;21.03.1952;0;2
MAKBIKER;2;27.03.1945;0;2
MUGNISE;2;21.03.1961;0;2
GULBENAY;2;29.09.1981;0;2
GULKIRAN;2;21.02.1947;0;2
ENSILE;2;4.09.1962;0;2
MILIANA;2;25.07.1976;0;2
GULENCAM;2;17.03.1960;0;2
ECEMIYE;2;1.10.1947;0;2
EMRIGUL;2;12.12.1959;0;2
ZULFUZ;2;28.05.1970;0;2
MURVAT;2;11.02.1985;0;2
ANZILGA;2;22.07.1979;0;2
HALIYET;2;25.01.1963;0;2
FUSULET;2;19.11.1984;0;2
SUDIYET;2;16.01.1959;0;2
SEYDAHA;2;16.11.1977;0;2
AYSUNAN;2;22.08.1972;0;2
NESRIHAT;2;27.10.1967;0;2
ZAHIHA;2;5.10.1972;0;2
SAHRIBA;2;28.02.1989;0;2
FETFA;2;24.08.1955;0;2
MURZEM;2;8.02.1969;0;2
NISNIYE;2;7.02.1962;0;2
YABANGUL;2;10.02.1977;0;2
TEJAN;2;18.07.1975;0;2
OZLEV;2;1.11.1974;0;2
HABBUBE;2;4.01.1959;0;2
FERDEZ;2;18.04.1955;0;2
NESIPE;2;15.05.1958;0;2
SURSEN;2;9.03.1977;0;2
AYTUREN;2;24.11.1964;0;2
HIMIZE;2;25.12.1954;0;2
ELIFEGUL;2;28.04.1975;0;2
SEYDEN;2;15.10.1981;0;2
GULHUSNE;2;27.04.1969;0;2
REIYE;2;11.10.1968;0;2
GUMUSAY;2;10.07.1983;0;2
TECEMIN;2;27.01.1959;0;2
HATCALI;2;26.10.1955;0;2
DOLET;2;17.03.1971;0;2
CEZRA;2;9.08.1981;0;2
SIVEYBE;2;1.08.1970;0;2
HIRKAT;2;20.01.1955;0;2
ZELEN;2;4.07.1978;0;2
CEYDAHAN;2;20.08.1974;0;2
GULENDEME;2;13.10.1976;0;2
CIYDE;2;21.04.1984;0;2
MIMA;2;23.02.1967;0;2
MEHNINUR;2;17.05.1968;0;2
ZUBEYYEN;2;11.12.1958;0;2
SEDHAT;2;29.11.1956;0;2
GULUMDE;2;5.03.1965;0;2
IBRAY;2;21.05.1985;0;2
MEYIRE;2;22.02.1976;0;2
DERRE;2;24.02.1963;0;2
RESIMIYE;2;10.12.1958;0;2
BINGAL;2;14.12.981;0;2
KAFIRE;2;26.10.1966;0;2
ISANIYE;2;23.08.1974;0;2
MERUKA;2;7.05.1962;0;2
FEFIYE;2;30.11.1953;0;2
IKLIMEN;2;1.02.1960;0;2
MERYEMIYE;2;10.05.1968;0;2
SUFAY;2;23.12.1969;0;2
TEBIRE;2;7.03.1970;0;2
LEVUDE;2;29.02.1972;0;2
CAHRA;2;16.06.1956;0;2
SAHIMAZ;2;3.07.1948;0;2
FERHAH;2;20.01.1975;0;2
KAZUBAN;2;18.05.1960;0;2
0;2;12.08.1923;0;2
MEHEYYE;2;30.11.1950;0;2
MUHAYE;2;19.04.1964;0;2
HERISE;2;8.12.1954;0;2
ICMALE;2;5.01.1963;0;2
MUSEREFE;2;2.08.1975;0;2
RIFATE;2;23.12.1949;0;2
GULKIS;2;18.11.1974;0;2
TEKSIM;2;26.09.1980;0;2
SAHTAN;2;24.10.1946;0;2
RISADIYE;2;21.10.1965;0;2
NEVSICAN;2;28.10.1967;0;2
SERPINUR;2;18.02.1980;0;2
HEMEY;2;20.08.1957;0;2
LIVER;2;30.01.1963;0;2
ESLO;2;12.05.1929;0;2
TERBIYET;2;3.11.1969;0;2
OZLIFER;2;8.03.1984;0;2
MIZET;2;24.11.1943;0;2
FERAHCAN;2;21.09.1971;0;2
IRAHIYE;2;18.11.1950;0;2
VEHBIBE;2;28.06.1976;0;2
HULAYET;2;2.06.1957;0;2
AILENUR;2;12.02.1965;0;2
CEVE;2;3.11.1935;0;2
SETTARE;2;7.07.1955;0;2
HUNYA;2;14.04.1976;0;2
RACHAN;2;28.06.1972;0;2
SEHDAN;2;13.01.1962;0;2
GULTOPLAR;2;9.10.1969;0;2
SAHTIYE;2;11.08.1958;0;2
NEVZAL;2;14.02.1974;0;2
BADIFE;2;4.12.1967;0;2
IRVAN;2;19.11.1972;0;2
ENISEN;2;7.04.1964;0;2
TAYIRA;2;30.11.1963;0;2
FALIDE;2;11.09.1978;0;2
NARDIK;2;25.05.1961;0;2
MUBEYCE;2;22.01.1961;0;2
MEDRURE;2;14.03.1966;0;2
GIDE;2;30.03.1966;0;2
GULYEZ;2;12.07.1960;0;2
MUKADAS;2;10.09.1973;0;2
MESRUFE;2;7.01.1976;0;2
FIREYYE;2;19.04.1969;0;2
NURLAS;2;12.12.1976;0;2
ILTEREN;2;12.03.1956;0;2
MIYASSEL;2;13.09.1963;0;2
BIRCANAY;2;19.09.1983;0;2
MUTEZIME;2;20.08.1966;0;2
IKABE;2;26.05.1982;0;2
SEHELYA;2;24.10.1963;0;2
TURIYA;2;26.01.1962;0;2
AYBUKENBERIN;2;2.04.1964;0;2
MEYSILE;2;2.02.1969;0;2
HIZEYFE;2;6.05.1961;0;2
LEMAS;2;28.03.1981;0;2
GULEMSEM;2;23.12.1963;0;2
HASSIYYA;2;7.11.1951;0;2
MESEHAT;2;1.07.1954;0;2
ILTIRHAN;2;8.06.1942;0;2
ILVEYS;2;22.02.1949;0;2
HANARZA;2;17.02.1954;0;2
SAYESE;2;21.10.1958;0;2
ACLAL;2;17.03.1954;0;2
DIHAYBE;2;12.02.1971;0;2
DUNYEZER;2;27.02.1968;0;2
SABAHDOGAN;2;22.05.1949;0;2
KITABIN;2;17.02.1936;0;2
ILMIDEN;2;26.05.1969;0;2
GULIBER;2;2.08.1969;0;2
RETAN;2;7.03.1964;0;2
IKNAP;2;30.01.1979;0;2
ZENIMET;2;6.12.1955;0;2
CANSURA;2;22.02.1967;0;2
NURTEC;2;16.02.1970;0;2
CAKIYA;2;7.08.1928;0;2
AYCAMAL;2;1.05.1978;0;2
NESRINSAH;2;12.09.1976;0;2
LEVUZER;2;16.01.1960;0;2
SUHLEYA;2;7.02.1976;0;2
VACHIDE;2;24.10.1955;0;2
NESHIBA;2;11.11.1990;0;2
MUGATDIS;2;22.05.1967;0;2
RASIMYE;2;28.07.1963;0;2
REZIHAT;2;2.02.1957;0;2
MAKSI;2;7.05.1949;0;2
ANSELIF;2;22.12.1978;0;2
MENEVSIRIYE;2;10.10.1964;0;2
FAZULA;2;11.12.1979;0;2
ENFET;2;2.02.1957;0;2
FAOIME;2;17.07.1972;0;2
SIDDAKA;2;7.12.1952;0;2
NIGLAN;2;16.10.1985;0;2
HANIMLI;2;2.02.1957;0;2
HASGAN;2;2.02.1963;0;2
MUHIDDE;2;25.09.1980;0;2
MUJDAAR;2;12.01.1983;0;2
HAFRIYE;2;5.12.1963;0;2
MELUNE;2;4.08.1965;0;2
RAHHIL;2;10.11.1981;0;2
SUPHE;2;3.08.1951;0;2
SATIY;2;22.02.1961;0;2
ELISER;2;15.12.1984;0;2
MIZYAN;2;30.11.1955;0;2
ADAVIYYE;2;27.11.1947;0;2
MURDEFIN;2;22.11.1949;0;2
GULISTANBANI;2;12.08.1959;0;2
MUYESA;2;8.04.1960;0;2
MUHTERIYE;2;18.09.1933;0;2
FERIHET;2;26.06.1973;0;2
ZERNIYAR;2;1.03.1955;0;2
FIRTEZ;2;11.11.1966;0;2
GABZE;2;28.02.1970;0;2
RIDDE;2;4.05.1983;0;2
DIHEYBE;2;29.08.1956;0;2
TEMESI;2;27.05.1956;0;2
SEHURET;2;25.08.1952;0;2
SAMIET;2;26.04.1988;0;2
DURGEL;2;2.11.1954;0;2
MILKEN;2;1.06.1972;0;2
NURZEMIN;2;7.04.1978;0;2
KANIYA;2;27.11.1976;0;2
MIRDAN;2;27.02.1973;0;2
NEZYAT;2;2.08.1947;0;2
MUHVET;2;2.03.1969;0;2
ITEY;2;1.11.1955;0;2
NERIHAT;2;24.01.1970;0;2
GULFUROZ;2;14.01.1971;0;2
SEFYET;2;21.10.1969;0;2
GULBEZAR;2;22.05.1949;0;2
RAGDAR;2;13.03.1949;0;2
RAMISA;2;4.01.1969;0;2
GURBED;2;27.03.1982;0;2
HAMBUL;2;19.12.1971;0;2
GURTEL;2;22.02.1964;0;2
UZULA;2;9.01.1961;0;2
GULGULEN;2;14.05.1956;0;2
VILDAL;2;5.10.1984;0;2
SEHDEN;2;21.02.1967;0;2
MEBRULLE;2;1.09.1979;0;2
NELAY;2;26.09.1962;0;2
HEYMEN;2;24.03.1985;0;2
MAISETE;2;28.07.1983;0;2
ZOHREHAN;2;2.08.1981;0;2
DURYEKTA;2;19.08.1953;0;2
IMIHANIM;2;25.11.1952;0;2
AYISEYI;2;7.09.1959;0;2
MUESEL;2;17.10.1966;0;2
RAKIET;2;29.03.1962;0;2
ZALIYHA;2;15.01.1947;0;2
HAICE;2;14.06.1982;0;2
AKABE;2;5.03.1963;0;2
SURMEY;2;25.05.1954;0;2
EBRAN;2;18.07.1983;0;2
TEZIRE;2;15.05.1956;0;2
RUZUGAR;2;20.02.1964;0;2
HEZALI;2;14.11.1964;0;2
ZIHMIYE;2;24.12.1963;0;2
ZAHIDEN;2;8.07.1977;0;2
GOZUDE;2;19.04.1966;0;2
ERDILE;2;5.03.1988;0;2
ORZULE;2;2.05.1960;0;2
UVIS;2;17.06.1956;0;2
HACELE;2;28.03.1959;0;2
TAVHIRE;2;11.04.1964;0;2
ENSARIYE;2;2.02.1960;0;2
MUHRIBET;2;4.10.1967;0;2
MURSELA;2;1.11.1971;0;2
YURDAHAL;2;29.07.1974;0;2
MUHBERI;2;15.07.1978;0;2
IMUGULSUM;2;1.11.1963;0;2
TELLEY;2;24.08.1949;0;2
AYSAMET;2;25.12.1978;0;2
ZULFIRUZ;2;8.10.1935;0;2
MEGPULE;2;17.10.1957;0;2
CEVIYE;2;1.08.1960;0;2
BENNAZIR;2;12.01.1990;0;2
BENSUN;2;3.03.1972;0;2
REBYE;2;25.03.1957;0;2
MUZHER;2;4.04.1953;0;2
NESYIHAN;2;4.06.1982;0;2
OBEYS;2;21.10.1948;0;2
TUMU;2;6.07.1966;0;2
DULFIROZ;2;23.06.1975;0;2
ZERVAN;2;23.12.1970;0;2
GIRI;2;30.10.1944;0;2
SEMSEBAN;2;27.02.1959;0;2
MIZIYAN;2;14.11.1972;0;2
IMIHANI;2;30.05.1950;0;2
GIRIYA;2;5.03.1955;0;2
DIGEL;2;29.08.1977;0;2
ADILYA;2;10.06.1962;0;2
DEYHA;2;28.03.1965;0;2
ZEHEY;2;28.02.1959;0;2
ZAADE;2;14.12.1947;0;2
ESGULLU;2;2.01.1963;0;2
KOSEY;2;18.06.1948;0;2
UBES;2;30.11.1952;0;2
ZIYNETTE;2;3.02.1954;0;2
BEDEVHAN;2;28.04.1977;0;2
NADILA;2;12.02.1959;0;2
ZUBRE;2;2.02.1978;0;2
ASIHA;2;17.09.1945;0;2
FARIHAN;2;16.08.1958;0;2
NABEHAT;2;18.12.1961;0;2
VAHIDIYE;2;24.12.1973;0;2
GALISA;2;19.09.1972;0;2
TITILLI;2;27.08.1926;0;2
TERBUNUR;2;27.02.1965;0;2
EMISEM;2;1.06.1959;0;2
ZEBILHAN;2;1.03.1964;0;2
UZNER;2;24.10.1961;0;2
MUSENBER;2;30.01.1954;0;2
ZEYBENDE;2;28.02.1983;0;2
SELHI;2;11.08.1951;0;2
NEVRU;2;19.05.1978;0;2
OZGULHAN;2;12.08.1986;0;2
NESRIYAN;2;30.10.1963;0;2
TECIDE;2;17.05.1976;0;2
GEYRIYE;2;24.05.1955;0;2
SAHGULU;2;26.03.1969;0;2
NADIYAN;2;12.08.1954;0;2
BEGDAT;2;25.09.1969;0;2
DUDIHAN;2;6.11.1945;0;2
ZUMURTE;2;11.10.1969;0;2
DURSINI;2;4.01.1945;0;2
SARMI;2;18.07.1950;0;2
DOLSA;2;25.09.1960;0;2
MIDIHAN;2;5.10.1969;0;2
HACHAN;2;19.05.1965;0;2
RABIY;2;22.04.1958;0;2
SAGULI;2;29.03.1962;0;2
VEDIFAN;2;4.11.1963;0;2
ORKES;2;22.08.1949;0;2
SUZGEN;2;29.09.1982;0;2
MUJDEVER;2;26.09.1981;0;2
GEMSI;2;4.08.1959;0;2
ZEYTON;2;30.08.1965;0;2
STELICA;2;18.06.1974;0;2
EYNAR;2;6.09.1980;0;2
TEIBE;2;6.06.1966;0;2
YILDIZTEN;2;19.11.1938;0;2
SENGULCAN;2;4.10.1971;0;2
GULCARI;2;22.06.1956;0;2
NEVRUSE;2;2.05.1945;0;2
GULDEVRAN;2;11.08.1989;0;2
TORSAN;2;2.07.1959;0;2
LEFA;2;17.10.1964;0;2
GONCAFEM;2;4.10.1981;0;2
MUCDELIFE;2;1.03.1965;0;2
NUHRICE;2;24.01.1978;0;2
EBIZAN;2;17.05.1969;0;2
UMUNAZ;2;6.11.1979;0;2
CIDDE;2;8.04.1984;0;2
SAFENEZ;2;20.09.1967;0;2
MESRIKE;2;17.07.1959;0;2
TEFURIYE;2;9.05.1964;0;2
GULEYET;2;3.07.1969;0;2
KRISTIANE;2;22.11.1966;0;2
LUTFIE;2;14.02.1962;0;2
GOKSUHAN;2;14.09.1985;0;2
PERYANE;2;9.04.1954;0;2
ZARNISAN;2;8.01.1952;0;2
PETRINA;2;18.10.1977;0;2
ZAINA;2;29.09.1971;0;2
PATIMAT;2;6.02.1969;0;2
GULSEHVER;2;22.02.1942;0;2
SEVILSIN;2;16.04.1959;0;2
BERIRA;2;1.10.1986;0;2
ANATOLIA;2;23.10.1967;0;2
MAMURET;2;12.12.1960;0;2
GULPAKIZE;2;8.05.1975;0;2
SENTA;2;24.05.1976;0;2
INGER;2;25.04.1941;0;2
BESIBE;2;6.09.1963;0;2
GULNASI;2;3.12.1955;0;2
BIRGIL;2;21.11.1973;0;2
MERZIKAN;2;14.10.1969;0;2
FERGULE;2;24.09.1975;0;2
SUNDIS;2;3.04.1975;0;2
SEFIQE;2;8.07.1960;0;2
SIMDEL;2;27.03.1984;0;2
GULCIG;2;4.05.1978;0;2
SULHIYYE;2;7.06.1965;0;2
MUNU;2;25.04.1959;0;2
OGREN;2;15.10.1981;0;2
HATICEKADIN;2;24.07.1962;0;2
FEYZAVER;2;7.04.1978;0;2
KEFAHAT;2;21.11.1948;0;2
ZEYICE;2;8.05.1963;0;2
ANZHALIKA;2;25.01.1979;0;2
MIYARA;2;4.01.1962;0;2
PARVANEH;2;16.08.1956;0;2
oZGuL;2;2.05.1979;0;2
DILGUZAR;2;26.05.1949;0;2
MUNUVET;2;25.09.1980;0;2
FESMANI;2;5.06.1959;0;2
HUBEYYA;2;24.04.1979;0;2
GULYADIGAR;2;22.06.1969;0;2
TINCUTA;2;26.12.1970;0;2
NEGIME;2;18.04.1970;0;2
KUTMEN;2;16.06.1964;0;2
ELSIMA;2;6.08.1963;0;2
GULFUZER;2;10.04.1957;0;2
FIDDAN;2;10.04.1958;0;2
KIFAIYE;2;20.08.1953;0;2
NILAR;2;8.03.1984;0;2
UMURUYE;2;9.05.1973;0;2
LOUISA;2;4.07.1973;0;2
KERAZ;2;29.2.1970;0;2
NICIBE;2;18.01.1962;0;2
KOKKIZ;2;23.07.1935;0;2
MARZENA;2;21.01.1970;0;2
YAGUL;2;20.09.1960;0;2
NURBAGNU;2;14.04.1987;0;2
DONDENE;2;29.07.1964;0;2
MAFERI;2;1.08.1973;0;2
TUZIYE;2;1.07.1964;0;2
UNSAH;2;30.05.1985;0;2
HACIRHAN;2;17.07.1942;0;2
MURUVFET;2;4.02.1978;0;2
FETANA;2;8.10.1965;0;2
YARDA;2;22.11.1961;0;2
NURGER;2;30.11.1970;0;2
NAVIKE;2;17.07.1943;0;2
MARZHANAT;2;13.07.1974;0;2
NULLIFER;2;15.10.1964;0;2
NILYAR;2;24.12.1978;0;2
ADINUR;2;22.05.1965;0;2
MUZEFFE;2;26.12.1954;0;2
ZELDEN;2;28.09.1953;0;2
ERINE;2;3.04.1970;0;2
UTTIYE;2;19.08.1962;0;2
INCIKER;2;18.06.1963;0;2
MELEKTAN;2;26.10.1966;0;2
SANSIME;2;24.11.1976;0;2
MELIHHA;2;29.09.1964;0;2
GULNA;2;18.11.1980;0;2
NISYE;2;17.10.1940;0;2
GULISI;2;30.01.1968;0;2
SENCEM;2;19.05.1961;0;2
EBISEN;2;21.07.1959;0;2
SAHBEZ;2;22.01.1977;0;2
MEVKURIYE;2;7.04.1977;0;2
KUPRUYE;2;9.03.1961;0;2
NIVIM;2;25.07.1965;0;2
GURFIYE;2;20.05.1948;0;2
KARYN;2;16.08.1961;0;2
GUNDALI;2;4.10.1957;0;2
NURSELIME;2;10.05.1968;0;2
RUFEDA;2;18.03.1971;0;2
PAPULU;2;14.12.1942;0;2
ZELYE;2;27.09.1963;0;2
SAZEVER;2;14.06.1959;0;2
EMILY;2;7.09.1990;0;2
EVDOKIA;2;19.08.1960;0;2
ELBINA;2;27.08.1982;0;2
NAZIKJAN;2;23.06.1967;0;2
GELENA;2;14.04.1977;0;2
JEIRAN;2;15.09.1975;0;2
AYBOLEK;2;16.03.1979;0;2
VIKTORYIA;2;3.04.1975;0;2
CAMILYA;2;30.11.1973;0;2
ZEYNIGUL;2;6.12.1965;0;2
KATSIARYNA;2;22.09.1980;0;2
ASLIKAN;2;10.03.1969;0;2
BUHIDE;2;12.11.1966;0;2
ITEME;2;14.01.1959;0;2
MEVLIHA;2;22.02.1970;0;2
GULCAGRI;2;25.02.1976;0;2
TAKIBA;2;9.11.1940;0;2
IKMALE;2;16.06.1949;0;2
HAVISI;2;16.04.1976;0;2
HORUYET;2;24.10.1962;0;2
CEBEHAN;2;2.07.1945;0;2
MATUMA;2;19.11.1952;0;2
SAKINAY;2;28.12.1964;0;2
ADIVAT;2;6.05.1951;0;2
SAHMEZ;2;2.09.1962;0;2
CUHUDE;2;16.10.1952;0;2
BELLIK;2;17.01.1950;0;2
KULIZAR;2;5.11.1933;0;2
SEHERAY;2;17.09.1961;0;2
MEHBERI;2;9.03.1979;0;2
IFRAH;2;18.04.1969;0;2
PETRONELLA;2;17.09.1956;0;2
AVNER;2;7.03.1973;0;2
ESDA;2;15.04.1990;0;2
BIRGITTE;2;19.01.1972;0;2
PAKGUL;2;29.03.1959;0;2
GULZAHRI;2;13.09.1963;0;2
GULCHOHRA;2;27.02.1959;0;2
CADIFE;2;3.12.1961;0;2
RABULE;2;13.01.1964;0;2
ZERHIN;2;27.10.1959;0;2
RANEGUL;2;3.01.1971;0;2
SIMAYA;2;9.11.1971;0;2
SAHSINER;2;24.01.1953;0;2
VIOLA;2;7.01.1970;0;2
TSISANA;2;1.03.1965;0;2
KRISTEN;2;22.01.1968;0;2
MAREKHI;2;10.12.1971;0;2
IHDIBAR;2;20.11.1970;0;2
PURCEK;2;19.02.1977;0;2
SAHHIZER;2;22.12.1967;0;2
ZALLA;2;20.10.1965;0;2
GUFIZE;2;15.12.1945;0;2
SEHNEZER;2;28.08.1945;0;2
HAMIDIYET;2;3.09.1971;0;2
ZEHDA;2;15.05.1960;0;2
GULUMSAN;2;8.08.1974;0;2
KENIMET;2;8.05.1966;0;2
GURKIZ;2;14.12.1972;0;2
EZMINUR;2;26.06.1955;0;2
REVEYDE;2;20.07.1958;0;2
MESUDU;2;14.04.1972;0;2
URUSEL;2;20.11.1963;0;2
ZIYANE;2;28.12.1974;0;2
NERSEL;2;22.08.1967;0;2
MUGDIYE;2;2.02.1955;0;2
GALIMAT;2;4.12.1972;0;2
TEHRIYE;2;12.04.1958;0;2
ELISAVETA;2;1.02.1972;0;2
NIGUIAR;2;4.09.1969;0;2
RUVEYYA;2;4.10.1951;0;2
NARHANUM;2;15.07.1963;0;2
KIYMETIN;2;7.06.1956;0;2
TURISINA;2;18.08.1958;0;2
ESMIHA;2;24.10.1966;0;2
HAVIFE;2;8.03.1951;0;2
HULIDE;2;23.01.1967;0;2
ANNEGRET;2;19.05.1957;0;2
SEMANA;2;14.07.1947;0;2
GULDESUN;2;2.03.1968;0;2
HUKIYE;2;22.02.1971;0;2
HAZEMIN;2;19.03.1962;0;2
TENNAR;2;18.07.1958;0;2
NIFIZE;2;20.06.1961;0;2
VITALINA;2;4.01.1976;0;2
MEMFIYE;2;24.05.1962;0;2
TUREFE;2;17.12.1959;0;2
EYNURA;2;1.02.1983;0;2
HULAVER;2;8.08.1977;0;2
SAHVEN;2;1.01.1946;0;2
MEYNUNE;2;5.04.1959;0;2
SUKRUYEN;2;17.12.1966;0;2
RISSALAT;2;30.09.1974;0;2
CENGIZIYE;2;29.04.1976;0;2
KUBRUYE;2;26.07.1939;0;2
ILHAYET;2;27.01.1974;0;2
AYISEI;2;10.01.1940;0;2
FESLIGEN;2;29.01.1968;0;2
MUAFIRE;2;26.02.1978;0;2
MULKUNAS;2;6.06.1972;0;2
SERIYDE;2;1.04.1971;0;2
TEKIYA;2;9.12.1982;0;2
VEZIFA;2;14.06.1965;0;2
ISMIRIYE;2;17.01.1943;0;2
BENZURIYE;2;22.03.1961;0;2
GULUC;2;10.10.1950;0;2
MUECEL;2;27.09.1957;0;2
LIDIYE;2;5.11.1955;0;2
MUSLINE;2;7.08.1964;0;2
DULVIN;2;5.01.1972;0;2
NAZIRAT;2;12.02.1974;0;2
MIZIDE;2;15.07.1952;0;2
IRESMIYE;2;9.04.1952;0;2
GULVESILE;2;8.10.1974;0;2
CHALALA;2;8.04.1969;0;2
SONGOR;2;2.06.1956;0;2
KANUS;2;27.04.1949;0;2
SEPKEN;2;7.07.1980;0;2
MALEYKE;2;19.05.1969;0;2
MERIHHAN;2;10.01.1978;0;2
IZGUN;2;26.08.1982;0;2
JODIE;2;23.04.1977;0;2
NOURDJIHAN;2;15.06.1974;0;2
SELTIPI;2;27.04.1969;0;2
GULRUYA;2;27.03.1986;0;2
EZIDE;2;17.10.1950;0;2
BISTRA;2;22.07.1978;0;2
STANICA;2;2.09.1972;0;2
LINDSAY;2;19.12.1973;0;2
MURCEY;2;4.08.1948;0;2
HERMA;2;2.08.1937;0;2
KAPITALINA;2;9.11.1968;0;2
AYLAHAN;2;30.09.1987;0;2
HULYAMIN;2;4.05.1970;0;2
ZIFLI;2;29.06.1973;0;2
SUNIYA;2;6.09.1969;0;2
MUZAYYEN;2;3.07.1964;0;2
HAYRUNSA;2;13.01.1959;0;2
AYDEL;2;6.05.1949;0;2
OPAL;2;25.07.1989;0;2
GIRYEN;2;30.10.1979;0;2
FETRA;2;17.12.1979;0;2
CARINA;2;30.12.1976;0;2
BILGIDE;2;28.07.1984;0;2
VASIFIYE;2;24.10.1954;0;2
KISTAN;2;22.12.1964;0;2
CEYLAH;2;14.01.1992;0;2
RUKSAL;2;29.03.1966;0;2
AFINE;2;14.01.1961;0;2
GULSALI;2;21.07.1965;0;2
MIBER;2;22.10.1950;0;2
NICOLITA;2;30.09.1980;0;2
MUGISE;2;11.07.1976;0;2
GAMZECAN;2;7.05.1989;0;2
NUZGEN;2;29.01.1971;0;2
MENZUL;2;29.09.1956;0;2
GYULYAR;2;4.10.1977;0;2
MUZAHERE;2;23.02.1944;0;2
ZAMRIYE;2;20.01.1969;0;2
MUZHET;2;29.09.1959;0;2
ULFERIN;2;6.03.1971;0;2
GULNADIDE;2;4.06.1982;0;2
BUBERRA;2;17.12.1972;0;2
MUSHUDE;2;28.10.1965;0;2
ERPIN;2;28.09.1960;0;2
ZEVHER;2;21.07.1968;0;2
MAHSUS;2;6.05.1966;0;2
GURLIZ;2;21.12.1984;0;2
HICREN;2;19.07.1973;0;2
YABANGULU;2;14.01.1971;0;2
NIGUN;2;20.10.1985;0;2
SIKBAL;2;9.01.1959;0;2
GIULNAZ;2;5.10.1964;0;2
SIVELYA;2;22.01.1970;0;2
KIMIRE;2;16.07.1955;0;2
UMZIYE;2;16.09.1944;0;2
MEHEL;2;26.11.1971;0;2
NELKA;2;29.11.1962;0;2
TEVIKE;2;25.10.1973;0;2
EBRULAY;2;20.07.1977;0;2
ZULIFIYE;2;1.12.1959;0;2
OKUYA;2;5.03.1963;0;2
SADIYECAN;2;20.02.1980;0;2
NUBERYA;2;19.12.1985;0;2
SEFIHAT;2;23.10.1971;0;2
MURCIVAN;2;6.08.1965;0;2
BALCAM;2;17.04.1942;0;2
DENANIR;2;14.08.1965;0;2
BETURE;2;25.04.1974;0;2
MUTEHHARE;2;11.05.1976;0;2
LAMISEL;2;24.05.1943;0;2
NANIYE;2;11.10.1940;0;2
RENGINER;2;14.03.1979;0;2
SAYARA;2;19.12.1988;0;2
RIFAA;2;17.02.1960;0;2
MIRNAS;2;20.07.1944;0;2
INABAT;2;20.03.1964;0;2
MALEY;2;21.11.1960;0;2
ULKIN;2;9.07.1969;0;2
ABUTAP;2;5.07.1975;0;2
NESURAY;2;19.05.1974;0;2
SEFFURE;2;17.05.1947;0;2
NESEHAN;2;14.01.1971;0;2
SINAZET;2;9.03.1955;0;2
NEVEDDA;2;26.06.1949;0;2
KARLYGASH;2;6.01.1972;0;2
RUISE;2;25.02.1960;0;2
EROLE;2;29.12.1954;0;2
BALIMSER;2;11.03.1982;0;2
TAISIYA;2;2.01.1972;0;2
DILMAC;2;5.07.1983;0;2
RAZIDA;2;11.05.1976;0;2
YESADE;2;5.01.1980;0;2
OLIVYA;2;14.02.1984;0;2
SAYERA;2;28.10.1963;0;2
BANICICEK;2;29.12.1960;0;2
NAVIKTER;2;26.01.1966;0;2
GULAYSEN;2;4.01.1972;0;2
DUDEN;2;25.01.1982;0;2
NAMIKTAR;2;23.06.1948;0;2
GURUS;2;9.12.1956;0;2
MUZECCER;2;8.12.1962;0;2
AYGULSUN;2;2.02.1963;0;2
TILLER;2;11.11.1959;0;2
YELFUZE;2;18.11.1969;0;2
HAYIRLISAN;2;27.08.1953;0;2
HALEN;2;15.02.1973;0;2
INHA;2;3.06.1977;0;2
ZOFIA;2;29.2.1975;0;2
HOURIA;2;5.04.1962;0;2
HACERAY;2;21.12.1976;0;2
DURUMAN;2;17.09.1957;0;2
SARMIYE;2;11.11.1960;0;2
PARASCOVIA;2;6.09.1976;0;2
BEYSUL;2;14.02.1984;0;2
ILKNURHAN;2;1.06.1979;0;2
MUHALIFE;2;9.08.1945;0;2
HANIFEYI;2;4.01.1957;0;2
GULERDAN;2;29.09.1960;0;2
DERLE;2;10.01.1983;0;2
FELAKNAZ;2;28.09.1950;0;2
AYNUMA;2;9.06.1949;0;2
MINEHAT;2;25.10.1952;0;2
DILOROM;2;1.10.1979;0;2
HAVVAALI;2;4.05.1959;0;2
YONCAHAN;2;25.03.1975;0;2
EZOGELIN;2;6.09.1968;0;2
RIHALE;2;1.02.1961;0;2
DURKUS;2;25.03.1957;0;2
TUULA;2;21.11.1949;0;2
AYTENNUR;2;26.10.1965;0;2
GOVHERI;2;17.11.1957;0;2
MEVLUZE;2;9.04.1953;0;2
SIRRIYYE;2;20.06.1948;0;2
ANDZHELA;2;30.05.1970;0;2
RAFIKIYE;2;7.03.1959;0;2
LIBOS;2;5.11.1967;0;2
MINTANIYE;2;5.01.1963;0;2
ASUKA;2;29.03.1965;0;2
UMMAK;2;24.02.1947;0;2
LATEFET;2;19.10.1968;0;2
RAND;2;16.01.1982;0;2
ELIFIDE;2;17.04.1963;0;2
ZEMIK;2;6.12.1974;0;2
GULEHANIM;2;6.10.1949;0;2
CICIHANIM;2;20.05.1943;0;2
GULCIME;2;13.07.1982;0;2
GAYAT;2;8.10.1947;0;2
NURHATICE;2;9.07.1989;0;2
NESBIHA;2;17.05.1949;0;2
ALGA;2;29.12.1983;0;2
KUPSE;2;30.10.1974;0;2
GULBEDI;2;29.02.1980;0;2
LILIIA;2;26.10.1965;0;2
ISILDA;2;10.11.1977;0;2
MIHRIBAH;2;27.07.1953;0;2
DIVIN;2;19.06.1960;0;2
DILEKBER;2;20.02.1964;0;2
EMETLA;2;25.11.1947;0;2
FILDEZ;2;16.05.1960;0;2
SERINESEN;2;17.02.1961;0;2
SEGURE;2;29.05.1952;0;2
SANIJE;2;25.08.1963;0;2
ETTIBAR;2;27.07.1966;0;2
LORENA;2;8.11.1967;0;2
TANYILDIZI;2;2.08.1927;0;2
GULLUBAN;2;24.04.1952;0;2
SENOS;2;23.02.1968;0;2
BEZMIN;2;22.06.1954;0;2
TAMARAHAN;2;17.01.1972;0;2
ULCIN;2;22.01.1970;0;2
SELDAHA;2;27.06.1975;0;2
ZINNUS;2;19.10.1936;0;2
CONCHITA;2;14.02.1964;0;2
GULASMAN;2;22.06.1965;0;2
GUMMI;2;16.08.1964;0;2
FEDARI;2;7.02.1953;0;2
JOLANDA;2;19.02.1959;0;2
SEVGIC;2;12.09.1968;0;2
MEI;2;9.06.1969;0;2
JESSIKA;2;30.07.1976;0;2
ILAHINUR;2;7.05.1979;0;2
BENGISEN;2;8.10.1984;0;2
INCILIYE;2;27.12.1942;0;2
NUKDE;2;13.07.1973;0;2
NECAY;2;20.01.1972;0;2
GULSINAY;2;28.07.1972;0;2
GULSELAN;2;21.11.1963;0;2
KIBRAY;2;18.06.1958;0;2
BECCEL;2;3.08.1950;0;2
BAHTIE;2;17.07.1968;0;2
TIGEN;2;18.11.1969;0;2
ZAZIYE;2;3.05.1948;0;2
IMKANIYE;2;11.02.1963;0;2
HABBANA;2;19.01.1925;0;2
KEVZIYE;2;22.10.1960;0;2
AZUDE;2;11.05.1976;0;2
EFFELI;2;28.03.1952;0;2
NILFUFER;2;5.06.1983;0;2
HAFIZAR;2;22.09.1947;0;2
DEGISIM;2;10.06.1986;0;2
AYHUR;2;3.03.1983;0;2
HATCELI;2;13.10.1946;0;2
BETIDA;2;14.05.1966;0;2
SEYUN;2;9.07.1951;0;2
BAHTISIYAH;2;11.03.1955;0;2
HIYATE;2;29.08.1966;0;2
USRIYE;2;4.08.1946;0;2
ICILA;2;23.10.1948;0;2
DIRSAT;2;11.09.1975;0;2
NARSIN;2;19.02.1971;0;2
MERZIKE;2;14.07.1942;0;2
ISMANIM;2;13.07.1960;0;2
AYNUFER;2;10.06.1978;0;2
ZIDDIYKA;2;1.06.1961;0;2
ATINUR;2;6.06.1981;0;2
EPIR;2;26.07.1965;0;2
SEVIKER;2;12.09.1951;0;2
ESENGUR;2;27.03.1960;0;2
NASIFA;2;24.05.1955;0;2
NEZIREN;2;3.10.1957;0;2
FECIHE;2;1.04.1963;0;2
MUKUP;2;24.12.1941;0;2
GULLAN;2;26.04.1949;0;2
BERLAY;2;14.03.1969;0;2
BAGIM;2;23.04.1972;0;2
IDASE;2;9.08.1959;0;2
ANTONELA;2;30.11.1976;0;2
BEYNE;2;8.05.1940;0;2
ZULFERA;2;11.09.1943;0;2
MAHITER;2;20.02.1937;0;2
GOKCEMIN;2;28.11.1985;0;2
NEYIN;2;1.10.1970;0;2
AYLUN;2;22.05.1979;0;2
ELFIRA;2;13.04.1965;0;2
FURUG;2;18.12.1964;0;2
UGURSER;2;1.01.1961;0;2
HURMUSER;2;25.02.1954;0;2
REHMIGUL;2;30.03.1969;0;2
MIHRIBANE;2;23.09.1953;0;2
NEBAYIR;2;12.03.1953;0;2
ROUMIANA;2;2.11.1969;0;2
SERGULAY;2;24.04.1978;0;2
JIVKA;2;8.09.1952;0;2
GULERBA;2;25.02.1953;0;2
NEVRESEL;2;17.09.1969;0;2
GUHERGUL;2;16.11.1968;0;2
SEVDIKA;2;9.04.1956;0;2
MEKURE;2;29.11.1972;0;2
ZEBRUYE;2;5.05.1962;0;2
GULBEDIHA;2;24.09.1948;0;2
NILAYET;2;5.06.1981;0;2
KUBRAH;2;16.01.1986;0;2
MUNEHSER;2;12.12.1955;0;2
PAMAK;2;20.07.1971;0;2
EVIYE;2;16.12.1948;0;2
KADURIYE;2;3.07.1966;0;2
IDOS;2;21.08.1961;0;2
MOHMET;2;3.09.1978;0;2
SIDDIYGA;2;5.04.1966;0;2
SEBAHETA;2;19.08.1967;0;2
MUZEYER;2;5.06.1947;0;2
NEVRANIYE;2;6.01.1983;0;2
MURBANI;2;17.09.1950;0;2
GULZAYIDE;2;19.12.1960;0;2
MURVEL;2;25.12.1972;0;2
RUHSADIYE;2;28.03.1959;0;2
VEHCIYE;2;20.11.1953;0;2
RAHIGAN;2;1.11.1939;0;2
GULSAHIYE;2;14.07.1957;0;2
HAKIGA;2;8.08.1942;0;2
CEVIRYE;2;5.08.1979;0;2
ZIMAN;2;10.03.1938;0;2
ZEMHER;2;24.06.1942;0;2
GULZEKRIYE;2;21.11.1961;0;2
LALEGAN;2;12.05.1962;0;2
HAKEME;2;1.11.1938;0;2
MEDAAT;2;21.05.1963;0;2
SELVIDAN;2;5.11.1972;0;2
MUZNE;2;28.04.1965;0;2
MIGLENA;2;4.08.1970;0;2
NELBA;2;17.07.1966;0;2
MUHABBE;2;20.05.1960;0;2
HAYTUL;2;22.08.1967;0;2
SEYDENUR;2;2.06.1977;0;2
VEYDIYE;2;27.11.1959;0;2
ZAMIYE;2;18.12.1960;0;2
GULBEDA;2;6.08.1956;0;2
HELIFE;2;6.02.1965;0;2
MAHREME;2;4.03.1944;0;2
GULBAZIYE;2;23.01.1948;0;2
PARVANE;2;26.09.1967;0;2
VELIDAN;2;22.12.1958;0;2
TESBITE;2;17.10.1950;0;2
MAADEL;2;19.01.1951;0;2
MIZIME;2;28.05.1956;0;2
SELPI;2;20.04.1967;0;2
LAHMIYE;2;6.08.1955;0;2
RUAN;2;20.06.1952;0;2
EMIRGULSUN;2;6.07.1984;0;2
SERVIS;2;20.07.1942;0;2
FIRDAYET;2;6.04.1959;0;2
GUMESER;2;10.05.1959;0;2
NIHATIYE;2;9.02.1963;0;2
MULKISEN;2;1.07.1959;0;2
SEYIDENUR;2;1.06.1988;0;2
ZUMBURIYE;2;8.11.1961;0;2
SABIBER;2;20.06.1956;0;2
DEMOKRASIYE;2;6.08.1953;0;2
EMAZIYE;2;7.07.1956;0;2
KINAZER;2;2.07.1946;0;2
SEBAHTIYE;2;18.02.1973;0;2
DURAYSEL;2;16.01.1963;0;2
BELMIHA;2;17.09.1945;0;2
MAZUNE;2;22.08.1957;0;2
MAHFIDE;2;3.12.1959;0;2
MUNECCER;2;24.03.1958;0;2
HURIZER;2;29.01.1950;0;2
ZULFISIYA;2;21.02.1959;0;2
NAHALAN;2;5.07.1964;0;2
NEFBAHAR;2;25.04.1971;0;2
PEMILAY;2;21.01.1983;0;2
SEBLAY;2;8.01.1970;0;2
MURIZE;2;24.01.1954;0;2
HIMAMA;2;10.11.1956;0;2
DEHEBIYE;2;18.03.1960;0;2
KATTUF;2;3.06.1945;0;2
GUNDEGUN;2;18.12.1952;0;2
YOLANDE;2;16.02.1941;0;2
MARIZ;2;26.12.1953;0;2
ZEYYA;2;14.07.1937;0;2
GULREVAN;2;21.07.1978;0;2
EMMEL;2;19.09.1965;0;2
EVDET;2;15.09.1968;0;2
BEDLE;2;28.09.1928;0;2
SEKIRIYE;2;4.03.1950;0;2
BEHADIYE;2;4.07.1955;0;2
ILHAFE;2;10.07.1966;0;2
FALLACKE;2;20.11.1990;0;2
FEDAA;2;23.05.1975;0;2
KADINKO;2;17.03.1945;0;2
HASIYME;2;19.07.1976;0;2
MILDA;2;2.11.1970;0;2
HAYRILISAN;2;9.07.1969;0;2
HABKE;2;22.08.1931;0;2
FEDIMANA;2;6.05.1979;0;2
VOUSSALA;2;2.04.1978;0;2
NEFSAN;2;18.02.1956;0;2
CELAL;72212;11.06.1962;72211;1
ABDURRAHMAN;68594;19.12.1965;68593;1
ABDULKADIR;55799;4.11.1968;55798;1
MEMET;46508;15.02.1953;46507;1
TAHSIN;39765;2.03.1964;39764;1
HAYDAR;39591;4.05.1962;39590;1
DAVUT;38841;26.01.1968;38840;1
HAYRETTIN;35808;15.04.1966;35807;1
NECMETTIN;27811;26.05.1966;27810;1
BAHATTIN;25523;9.12.1966;25522;1
EYYUP;20511;23.07.1968;20510;1
ALAATTIN;16892;13.06.1968;16891;1
ABDULKERIM;14632;3.04.1967;14631;1
ABDURRAHIM;13124;30.2.1971;13123;1
HALUK;13026;12.04.1970;13025;1
AVNI;11448;3.12.1961;11447;1
MECIT;10980;18.08.1962;10979;1
NUH;10744;29.12.1970;10743;1
ABDULBAKI;8895;27.03.1966;8894;1
SADULLAH;8893;15.11.1966;8892;1
TACETTIN;8793;28.08.1967;8792;1
RAIF;8283;6.07.1962;8282;1
BEKTAS;7769;6.02.1964;7768;1
CEBRAIL;7278;12.12.1975;7277;1
KAAN;7156;23.11.1982;7155;1
SUAYIP;6819;24.11.1968;6818;1
SALAHATTIN;6109;24.09.1955;6108;1
RUSTU;6090;17.02.1960;6089;1
BEDRETTIN;5945;20.12.1967;5944;1
ABDI;5892;26.12.1960;5891;1
YIGIT;5236;17.04.1984;5235;1
TARKAN;4371;23.04.1978;4370;1
ABUBEKIR;4024;22.09.1968;4023;1
SAHABETTIN;3912;11.01.1968;3911;1
ECEVIT;3388;6.05.1977;3387;1
POLAT;3234;7.09.1973;3233;1
ABDULLATIF;3226;24.11.1966;3225;1
MITAT;3225;14.11.1967;3224;1
BARBAROS;3170;17.04.1975;3169;1
ALATTIN;2893;13.06.1967;2892;1
VEYSAL;2532;26.01.1967;2531;1
CASIM;2432;26.03.1966;2431;1
CENGIZHAN;2320;26.09.1979;2319;1
MUFIT;2233;8.01.1966;2232;1
ABDULHADI;2222;18.06.1965;2221;1
DOGUKAN;2187;21.02.1988;2186;1
OKKAS;2110;20.10.1954;2109;1
RIFKI;2082;23.01.1960;2081;1
CABIR;2079;20.02.1969;2078;1
ISAK;1783;8.10.1966;1782;1
NECATTIN;1697;19.07.1962;1696;1
TIMUCIN;1683;11.08.1978;1682;1
ZABIT;1625;19.02.1966;1624;1
ZIKRI;1596;16.01.1961;1595;1
RACI;1590;26.02.1965;1589;1
FERAMUZ;1548;3.10.1962;1547;1
ASKER;1539;29.04.1964;1538;1
AGIT;1490;8.06.1974;1489;1
ABDULMUTALIP;1392;25.08.1978;1391;1
TURABI;1374;9.04.1968;1373;1
TEMUR;1331;18.12.1955;1330;1
ASKERI;1297;4.12.1970;1296;1
BUNYAMI;1287;2.02.1970;1286;1
KASIF;1283;10.12.1959;1282;1
SEYH;1248;10.03.1961;1247;1
ATTILA;1181;22.04.1965;1180;1
SADUN;1171;5.01.1969;1170;1
EDNAN;1163;19.04.1962;1162;1
DAGISTAN;1158;19.06.1965;1157;1
RECAYI;1157;22.03.1967;1156;1
FILIT;1103;15.07.1965;1102;1
ERBAY;1066;25.07.1973;1065;1
SAID;1057;28.10.1975;1056;1
SIDKI;1043;23.12.1957;1042;1
GOKAN;1034;18.02.1983;1033;1
VECDI;1015;16.01.1966;1014;1
MIKAYIL;994;1.06.1974;993;1
UCLER;984;5.03.1968;983;1
M.;976;19.05.1950;975;1
BAKIR;974;14.03.1968;973;1
GOKALP;960;17.02.1978;959;1
SEBAHITTIN;926;1.09.1960;925;1
GAFFAR;915;28.02.1967;914;1
GURGIN;876;4.01.1969;875;1
NESIH;861;12.07.1977;860;1
HUSREV;843;4.05.1965;842;1
URAL;842;8.07.1969;841;1
ILYAZ;835;22.10.1964;834;1
ERTEKIN;812;8.06.1971;811;1
TAYIP;797;16.01.1965;796;1
NOMAN;753;7.11.1961;752;1
SEHMUZ;736;1.04.1977;735;1
HIFZI;714;15.02.1957;713;1
FETIH;708;24.07.1970;707;1
MUHTAR;689;10.10.1958;688;1
KATIP;667;16.06.1963;666;1
EFRAIL;664;10.08.1965;663;1
ASEF;649;12.12.1961;648;1
MAHSUNI;649;28.05.1977;648;1
TUMER;648;30.2.1970;647;1
CINDI;632;22.09.1964;631;1
FADLI;631;21.04.1964;630;1
COMERT;604;6.02.1971;603;1
YAGIZ;598;14.06.1987;597;1
SEVDIN;588;12.07.1967;587;1
BAYAZIT;586;14.03.1961;585;1
ERTUG;561;29.12.1980;560;1
MAMO;559;7.05.1944;558;1
MUSTAK;548;11.10.1959;547;1
MEKIN;547;29.02.1980;546;1
FEYSEL;534;13.04.1974;533;1
M;524;13.08.1953;523;1
ABDURAHIM;512;4.11.1967;511;1
TEYYAR;508;29.01.1966;507;1
HABES;505;3.02.1966;504;1
RAHMETULLAH;485;25.12.1976;484;1
SAMMAS;483;11.08.1965;482;1
BEYLER;474;1.09.1960;473;1
ALAY;461;19.02.1959;460;1
HAMET;447;1.02.1962;446;1
ESHAT;445;23.01.1976;444;1
TAYGUN;445;2.11.1988;444;1
AMIL;442;10.05.1963;441;1
ESHABIL;441;26.12.1977;440;1
MILAZIM;430;30.2.1964;429;1
SARPER;419;21.12.1979;418;1
MEHRALI;419;7.05.1957;418;1
SEHABETTIN;410;9.01.1962;409;1
ENEZ;408;15.11.1983;407;1
NEJDAT;407;16.03.1965;406;1
AYBARS;398;6.06.1980;397;1
ZAIT;389;14.10.1961;388;1
SEBAHETTIN;386;15.04.1957;385;1
MESUD;381;13.08.1974;380;1
NECDAT;380;15.08.1963;379;1
HALID;377;17.12.1973;376;1
NAHSAN;376;25.12.1965;375;1
CEMAIL;372;1.01.1952;371;1
SEBATTIN;369;9.07.1962;368;1
TACIM;367;27.08.1964;366;1
OZBAY;357;23.01.1976;356;1
SEYID;344;22.05.1970;343;1
GENC;336;7.04.1968;335;1
KILIC;331;29.05.1962;330;1
NESRULLAH;331;11.09.1975;330;1
VECIHI;328;3.04.1959;327;1
TANKUT;313;26.10.1974;312;1
FEDLI;306;12.05.1972;305;1
ZUBEYT;306;26.12.1967;305;1
ABDULMENAV;305;20.11.1976;304;1
ZELKIF;302;19.10.1963;301;1
SAFFETTIN;299;8.09.1960;298;1
KAFUR;296;10.04.1969;295;1
MERTER;292;28.10.1980;291;1
ATILGAN;287;25.11.1976;286;1
FEYIM;284;20.10.1966;283;1
ADNEN;284;12.11.1965;283;1
MEMILI;273;11.01.1959;272;1
SUKRULLAH;271;2.07.1975;270;1
VAKIF;270;22.05.1967;269;1
PEHLIVAN;268;19.04.1967;267;1
VEHAP;268;4.08.1964;267;1
SALIF;266;7.01.1966;265;1
GARBI;259;18.09.1980;258;1
NASIH;259;23.04.1969;258;1
ICABI;259;19.07.1965;258;1
ATINC;256;23.11.1976;255;1
MUCIP;255;8.02.1967;254;1
RAIM;255;9.11.1961;254;1
SERKIS;245;24.06.1949;244;1
ARET;244;13.12.1973;243;1
FAIZ;242;18.12.1960;241;1
CANTEKIN;242;25.03.1982;241;1
SIT;241;15.09.1965;240;1
MIZRAP;241;28.05.1963;240;1
RUSIT;238;16.03.1956;237;1
FEZAIL;236;2.01.1962;235;1
LEVEND;233;29.12.1968;232;1
ISFENDIYAR;231;6.08.1960;230;1
SAHBENDER;231;8.01.1952;230;1
BABUR;230;24.12.1969;229;1
LAMIH;228;3.08.1974;227;1
NUHI;226;13.03.1962;225;1
BARLAS;226;11.07.1977;225;1
ABUZAR;222;21.09.1960;221;1
MAHKUM;219;11.10.1980;218;1
MIMAR;218;29.04.1978;217;1
ALEMDAR;216;8.12.1967;215;1
OZDOGAN;216;20.01.1968;215;1
HISMAN;216;19.12.1964;215;1
MUCAIT;214;27.08.1969;213;1
NATIK;213;21.02.1962;212;1
BERC;213;8.07.1954;212;1
MAHSUK;208;23.01.1978;207;1
ONURCAN;206;15.02.1989;205;1
VEHPI;205;9.02.1966;204;1
KAVAS;205;29.2.1963;204;1
ESALETTIN;204;20.07.1966;203;1
RAFIK;199;2.11.1959;198;1
MUARREM;199;6.10.1971;198;1
KUREYS;198;27.11.1967;197;1
EMRECAN;194;19.10.1988;193;1
BAHREM;192;18.02.1970;191;1
SACETTIN;190;4.01.1968;189;1
BOGAC;183;22.12.1978;182;1
SUBUTAY;181;27.11.1971;180;1
BATUR;179;25.06.1979;178;1
FERAMIZ;177;11.07.1965;176;1
SUKRETTIN;177;1.12.1963;176;1
DUNYAMIN;176;30.06.1968;175;1
HERMAN;173;9.01.1967;172;1
AYATULLAH;172;23.10.1982;171;1
HADIN;172;25.06.1969;171;1
BINYAMI;171;21.01.1966;170;1
MUCAYIT;170;22.01.1969;169;1
BERHEM;167;2.01.1975;166;1
DEDO;166;12.01.1946;165;1
PIRO;166;11.07.1957;165;1
TOYGAR;165;8.05.1979;164;1
KEVORK;159;29.11.1953;158;1
SEZAIR;159;26.07.1969;158;1
TONGUC;157;24.12.1973;156;1
ATTILLA;155;17.04.1969;154;1
BERCES;153;16.12.1964;152;1
SAHALI;153;21.03.1966;152;1
ZULKARNEYN;152;22.12.1963;151;1
SAHIT;151;3.01.1967;150;1
HAKIF;151;18.05.1966;150;1
VEKIL;151;22.05.1967;150;1
GURSAT;149;13.11.1974;148;1
RIYAT;149;22.04.1976;148;1
KAZANFER;148;10.03.1963;147;1
M.SIRIN;146;16.12.1957;145;1
SEDRI;142;8.11.1963;141;1
CAHID;141;21.11.1971;140;1
GIYAS;140;7.10.1967;139;1
SIYABENT;140;13.09.1968;139;1
MARIF;136;5.02.1967;135;1
ZAHID;134;2.04.1973;133;1
MASAR;133;30.07.1962;132;1
TUGHAN;133;12.11.1981;132;1
HASIB;132;15.09.1961;131;1
BAKAN;131;29.01.1978;130;1
BEHMAN;130;1.09.1959;129;1
ERDUGAN;128;6.04.1956;127;1
VEDI;127;29.10.1960;126;1
ALISIR;127;12.01.1960;126;1
MAHO;127;23.08.1951;126;1
SAHMERDAN;125;16.06.1959;124;1
MELKI;124;24.07.1950;123;1
DUNYAMALI;123;30.09.1956;122;1
MIRALI;122;19.03.1960;121;1
TOROS;121;23.06.1967;120;1
TALIB;120;28.12.1967;119;1
MORIS;119;8.04.1963;118;1
BESAT;118;23.05.1965;117;1
MUHIT;118;25.03.1963;117;1
DORUKHAN;116;20.10.1988;115;1
KUDDUSU;115;11.02.1962;114;1
DAIM;115;9.10.1967;114;1
HACIBEKIR;114;1.09.1963;113;1
HUSREF;114;10.12.1958;113;1
MEKAIL;113;5.11.1976;112;1
SAHIMERDAN;110;27.05.1962;109;1
RICAI;110;23.10.1959;109;1
SEREFHAN;109;4.07.1975;108;1
GURKAY;109;28.08.1982;108;1
DANIEL;107;27.01.1979;106;1
H;106;23.05.1947;105;1
REFAI;105;13.10.1972;104;1
OLCAYTO;104;5.05.1972;103;1
MUHSUN;103;28.12.1965;102;1
REZZAK;101;18.02.1965;100;1
HANLAR;101;17.01.1957;100;1
OGAN;101;16.02.1977;100;1
NAKIP;100;23.09.1962;99;1
FAHRET;100;8.12.1963;99;1
BUNYEMIN;97;18.05.1972;96;1
OKYAR;97;5.04.1964;96;1
CAFERI;97;5.12.1964;96;1
RAGIB;97;14.01.1970;96;1
NECIL;96;3.07.1960;95;1
RESLAN;95;19.08.1970;94;1
MUSBAH;94;10.08.1967;93;1
EFEKAN;92;4.06.1985;91;1
GAZENFER;91;22.10.1969;90;1
LOMAN;91;15.08.1965;90;1
AKDOGAN;91;13.10.1955;90;1
MURTAZ;90;10.03.1962;89;1
TORAMAN;90;29.2.1961;89;1
RIFAI;89;16.12.1974;88;1
LUT;87;6.02.1974;86;1
CETINKAYA;85;29.2.1947;84;1
OZGENC;83;9.09.1976;82;1
MUGDET;83;5.09.1965;82;1
ZORBA;82;14.05.1952;81;1
IBAT;82;29.01.1961;81;1
SALEH;82;5.06.1963;81;1
MUKIM;81;21.10.1957;80;1
SABATTIN;80;26.12.1963;79;1
KUDRETTIN;80;13.10.1967;79;1
KIYAM;80;19.01.1960;79;1
SELADDIN;79;13.09.1960;78;1
MAYIR;79;30.10.1964;78;1
GURBEY;79;26.05.1985;78;1
RESET;78;19.12.1964;77;1
MUAFFAK;78;11.10.1964;77;1
SEMSETDIN;77;3.10.1963;76;1
BEZAT;77;24.07.1969;76;1
ALISAH;77;5.01.1964;76;1
SEBATIN;76;1.05.1960;75;1
RAKIM;76;27.07.1959;75;1
HURDOGAN;76;14.03.1972;75;1
OLGAC;76;5.02.1983;75;1
BASOL;75;12.08.1969;74;1
HANBEY;74;8.08.1960;73;1
AFAN;74;28.04.1969;73;1
GURMAN;74;8.09.1970;73;1
SERTUG;74;28.11.1983;73;1
CEMGIL;74;14.12.1980;73;1
FARIK;73;10.01.1963;72;1
SAHHUSEYIN;72;6.12.1958;71;1
BASIR;72;23.05.1961;71;1
ANT;72;20.06.1978;71;1
SEYFIDAR;72;6.01.1953;71;1
BERKCAN;72;21.02.1988;71;1
GULAMIR;72;29.01.1964;71;1
ZULKUFLU;70;14.06.1955;69;1
YURDER;70;27.11.1969;69;1
VECHI;69;27.04.1964;68;1
SUALP;69;21.06.1970;68;1
CAGHAN;69;7.02.1985;68;1
HISAM;68;13.02.1971;67;1
EBIL;68;28.12.1959;67;1
MUSLI;68;15.01.1957;67;1
YUMNU;68;11.04.1956;67;1
TALHAT;68;25.05.1972;67;1
ZEYNAR;68;25.06.1966;67;1
NASIM;67;1.06.1967;66;1
SAHBAN;67;14.03.1971;66;1
RAMUS;67;8.12.1959;66;1
HULAGU;67;19.12.1962;66;1
KOSE;66;7.12.1955;65;1
FERAHIM;65;2.01.1957;64;1
ERKMEN;65;14.04.1977;64;1
ACIP;65;19.05.1962;64;1
RUPEN;65;6.11.1953;64;1
BUBI;64;26.07.1958;63;1
MAHACIR;64;25.02.1971;63;1
NACIP;63;1.11.1965;62;1
SARKIS;63;7.07.1963;62;1
YAHUZA;63;11.06.1957;62;1
BAHSET;63;20.08.1969;62;1
ESFENDIYAR;63;2.02.1957;62;1
RIFET;62;5.04.1954;61;1
MUTU;62;5.06.1956;61;1
NESIB;62;26.03.1959;61;1
BEKO;62;11.06.1941;61;1
TOKER;62;28.09.1967;61;1
ZUBEYYIR;61;7.11.1967;60;1
BEYSAT;60;3.07.1963;59;1
AVDEL;60;12.08.1966;59;1
NIKOLA;60;17.12.1952;59;1
SEMATI;59;28.01.1967;58;1
ZIYAP;59;2.10.1966;58;1
KOCERO;59;15.12.1972;58;1
ESRAFIL;59;5.01.1971;58;1
MIMTAZ;59;16.07.1965;58;1
BEYDULLAH;59;5.09.1969;58;1
RASIN;59;18.09.1972;58;1
ALBAY;58;24.07.1967;57;1
HEMDULLAH;58;8.08.1964;57;1
KADO;58;6.06.1945;57;1
MUFID;58;20.06.1965;57;1
BEHMEN;58;22.03.1972;57;1
YURTTAS;58;5.09.1968;57;1
MENDUF;58;12.05.1965;57;1
KUVVET;57;11.08.1965;56;1
HASBAL;57;3.05.1959;56;1
DOGUSCAN;57;11.02.1988;56;1
HESBI;57;20.09.1959;56;1
AHET;56;24.05.1965;55;1
ERKUN;56;15.06.1965;55;1
MAHSEN;56;30.08.1960;55;1
TUGRULHAN;55;6.12.1985;54;1
KOTAN;55;20.11.1957;54;1
NIHANI;55;3.01.1963;54;1
MERKEZ;55;7.11.1958;54;1
MEVCI;55;17.06.1959;54;1
KOCO;55;27.01.1941;54;1
MITAD;54;12.06.1969;53;1
AKBEY;54;20.08.1965;53;1
CANDOGAN;54;12.11.1976;53;1
ASKAR;53;27.03.1968;52;1
CEMSIT;53;20.04.1967;52;1
BASKAN;53;4.11.1972;52;1
GENCEBAY;53;2.07.1981;52;1
SEVDEKAR;53;7.12.1956;52;1
ALISER;52;29.01.1970;51;1
ATAC;52;14.04.1972;51;1
BUROL;52;22.05.1973;51;1
GURDOGAN;50;12.11.1971;49;1
ENGIZ;49;8.11.1974;48;1
GUNALTAY;49;23.02.1965;48;1
AYKIN;49;18.05.1973;48;1
SOHRETTIN;49;3.12.1959;48;1
MUNCI;49;28.01.1962;48;1
MUHBETTIN;49;24.12.1974;48;1
ALTINER;48;17.01.1972;47;1
MUKADDIM;48;27.10.1955;47;1
ZORLU;48;3.03.1969;47;1
ERCUMEND;48;25.04.1968;47;1
ER;48;7.10.1959;47;1
SEFTER;48;19.06.1971;47;1
EHET;48;15.04.1964;47;1
DADAS;48;2.08.1972;47;1
FEDAYIL;47;5.08.1964;46;1
SIRAZI;47;7.03.1972;46;1
REMO;46;9.03.1941;45;1
RUDI;46;1.09.1980;45;1
ERDUR;46;10.03.1962;45;1
MUKRAMIN;46;19.03.1979;45;1
SAHIDIN;46;4.02.1966;45;1
EBAZEL;45;30.2.1954;44;1
BURCHAN;45;24.10.1979;44;1
MAHIT;45;8.01.1961;44;1
DURKAN;44;4.05.1978;43;1
TOGAN;44;30.04.1971;43;1
ERBEY;44;25.08.1966;43;1
FEDAHI;44;27.05.1964;43;1
RAMZI;43;19.04.1967;42;1
HAKDAN;43;17.02.1979;42;1
ERTUR;43;8.02.1971;42;1
MURZA;43;17.04.1969;42;1
MENAV;42;28.09.1978;41;1
ANSAR;42;6.02.1966;41;1
MUTLAK;42;7.07.1966;41;1
TUMA;42;26.01.1961;41;1
GUVENER;42;8.02.1970;41;1
MEFTUNI;41;11.09.1968;40;1
OKTEN;41;27.01.1970;40;1
IZNULLAH;41;1.08.1956;40;1
GUNKUT;41;21.08.1979;40;1
VALI;41;26.10.1971;40;1
ERDEBIL;40;18.11.1967;39;1
TEMRAZ;40;19.12.1950;39;1
MIHMAIL;40;30.09.1964;39;1
EDIN;40;28.10.1975;39;1
ABIDDER;40;13.12.1964;39;1
LUMAN;39;25.04.1959;38;1
EBEDI;39;18.06.1972;38;1
TAYYER;39;22.02.1974;38;1
VEZNI;39;15.02.1954;38;1
YETKINER;39;30.12.1972;38;1
CEMHAN;38;12.03.1978;37;1
AKKAN;38;27.01.1973;37;1
MESHER;38;4.07.1974;37;1
FALIH;38;20.06.1956;37;1
KURAL;38;25.10.1969;37;1
SERTAY;38;26.12.1980;37;1
TAYHAN;38;17.02.1977;37;1
SIHADE;38;3.01.1957;37;1
MEZHAR;37;10.10.1968;36;1
ZEYDI;37;8.09.1967;36;1
HENEFI;37;30.09.1953;36;1
HAZIK;37;30.09.1945;36;1
BAYER;36;30.12.1961;35;1
YURDALAN;36;6.04.1970;35;1
SENNAN;36;15.03.1966;35;1
SULUK;36;2.05.1942;35;1
CIHANER;35;6.11.1977;34;1
LISANI;35;14.03.1964;34;1
BARIK;35;2.09.1962;34;1
GURSAL;35;22.09.1967;34;1
BERATTIN;35;25.06.1975;34;1
SAKUP;35;17.03.1962;34;1
ZULKUFLI;35;17.12.1952;34;1
VECI;35;27.10.1962;34;1
ATUF;35;14.12.1962;34;1
TABIP;35;9.08.1978;34;1
ALPAR;35;19.12.1973;34;1
OZKAL;35;24.11.1970;34;1
TEVHID;35;12.01.1978;34;1
ERTAY;35;7.03.1971;34;1
MURADIN;34;2.10.1959;33;1
UCMAN;34;2.02.1964;33;1
BULET;34;27.09.1972;33;1
VAYIS;34;21.05.1958;33;1
VAHI;34;25.08.1965;33;1
GURSAD;34;7.06.1978;33;1
DOKTOR;34;16.01.1966;33;1
MUKMIN;34;2.01.1969;33;1
RESO;33;16.05.1942;32;1
PIYER;33;23.01.1961;32;1
MERTAN;33;3.07.1982;32;1
OZGURCAN;33;11.02.1986;32;1
MEVLID;33;9.01.1971;32;1
KUTUP;33;30.05.1966;32;1
CADIR;33;6.01.1964;32;1
MUSTECAP;33;12.10.1953;32;1
JIHAT;32;5.09.1983;31;1
ZAKI;32;7.02.1955;31;1
YUCEHAN;32;30.2.1985;31;1
ALTEMUR;32;15.04.1975;31;1
ESAFIL;32;7.07.1974;31;1
RIZKI;32;30.08.1965;31;1
SERAC;31;21.03.1972;30;1
MEYDI;31;3.07.1961;30;1
OZSOY;31;29.09.1977;30;1
PEHLULDANE;31;21.08.1960;30;1
ONURKAN;31;30.11.1984;30;1
BATUGHAN;31;8.03.1987;30;1
HUDAVENDIGAR;31;21.05.1961;30;1
HITAMI;31;19.11.1960;30;1
EMRUS;31;1.02.1954;30;1
NUMEN;31;11.04.1953;30;1
SANCAKTAR;30;17.03.1961;29;1
SIK;30;16.10.1966;29;1
SIRDAS;30;13.07.1984;29;1
OKSAL;30;19.08.1970;29;1
ERTAL;30;10.07.1969;29;1
GIROL;30;18.08.1972;29;1
ELYESA;30;28.12.1978;29;1
MIRKELAM;30;5.10.1981;29;1
TEMIRHAN;30;28.10.1970;29;1
ERTUNA;30;22.04.1978;29;1
DUGAN;30;19.12.1952;29;1
BERKMAN;29;26.05.1977;28;1
SARHAN;29;13.01.1964;28;1
KAFARI;29;3.05.1967;28;1
NECAYI;29;10.07.1966;28;1
NEVZAD;29;1.10.1959;28;1
MARIO;29;20.10.1964;28;1
BEHAT;29;7.10.1955;28;1
TOPEL;29;19.01.1969;28;1
KUTMAN;29;27.06.1973;28;1
KORMAN;29;18.12.1963;28;1
FERSET;29;22.02.1972;28;1
AKBULUT;29;23.12.1965;28;1
AKTAS;29;24.06.1949;28;1
HAYTA;29;6.05.1954;28;1
SADIM;28;27.11.1960;27;1
BERKI;28;17.11.1970;27;1
GAYIP;28;5.06.1973;27;1
ARSAN;28;10.05.1960;27;1
BALER;28;3.03.1969;27;1
SIPAHI;28;27.01.1958;27;1
SATIR;27;8.04.1955;26;1
CEHAT;27;1.10.1959;26;1
NAHMET;27;26.04.1979;26;1
ZINNAR;27;17.02.1975;26;1
MAHZAR;27;1.07.1960;26;1
SADIL;27;1.12.1960;26;1
CANTUG;27;30.11.1986;26;1
MUTIS;27;14.08.1951;26;1
ORAN;27;8.04.1964;26;1
BABIR;27;11.11.1964;26;1
CIHANKAR;27;19.01.1960;26;1
SONKAN;27;17.02.1984;26;1
DOST;27;22.04.1975;26;1
KURDO;26;9.02.1950;25;1
ERGENEKON;26;3.11.1977;25;1
AYTULLAH;26;4.07.1979;25;1
PETER;26;10.11.1965;25;1
SENASI;26;28.09.1963;25;1
KUDUS;26;30.09.1962;25;1
BEYIT;26;10.07.1967;25;1
URAN;26;4.11.1955;25;1
TURALI;26;26.10.1959;25;1
KAYIS;26;25.02.1959;25;1
SEHRETTIN;26;21.07.1957;25;1
SUMANI;26;24.01.1967;25;1
CANOL;26;18.12.1972;25;1
SEKAN;26;7.02.1978;25;1
JOSEF;25;8.09.1971;24;1
BEY;25;11.01.1960;24;1
BABIL;25;3.08.1964;24;1
USMEN;25;19.11.1959;24;1
HURKAL;25;1.03.1977;24;1
AKANSEL;25;25.11.1979;24;1
DUVAN;25;24.01.1961;24;1
SEYITNUR;25;12.05.1979;24;1
SERMENT;25;17.09.1975;24;1
AYNULLAH;25;19.06.1957;24;1
HERUN;25;25.04.1966;24;1
TAYLAND;24;3.06.1981;23;1
BILANT;24;25.02.1968;23;1
ERGUC;24;15.08.1970;23;1
SANAI;24;9.05.1967;23;1
ERKOL;24;5.01.1965;23;1
BARISHAN;24;19.11.1984;23;1
CANAP;24;30.04.1972;23;1
FEZLI;24;11.07.1963;23;1
MENEF;24;16.11.1969;23;1
KAFKAS;24;26.09.1978;23;1
YOLAC;24;1.08.1974;23;1
MEZYED;24;14.04.1965;23;1
KUTLUG;24;16.09.1976;23;1
AYDURAN;24;18.07.1967;23;1
KASAP;23;29.01.1959;22;1
ICAT;23;15.07.1977;22;1
SEDDET;23;10.07.1949;22;1
CANKAYA;23;1.05.1953;22;1
TUGSAL;23;18.01.1973;22;1
SARKAN;23;14.08.1981;22;1
COMART;23;23.03.1957;22;1
BAHADUR;23;14.01.1971;22;1
SARGUN;23;29.2.1965;22;1
EBCET;23;22.12.1977;22;1
BILET;23;24.09.1971;22;1
TURKILERI;23;19.03.1961;22;1
ARUN;23;16.06.1969;22;1
KOCU;23;6.02.1962;22;1
TUNCAL;23;4.07.1957;22;1
DIMITRO;23;13.03.1954;22;1
S.;22;12.05.1956;21;1
MUAFAK;22;1.08.1969;21;1
VURGUN;22;13.07.1979;21;1
SECAI;22;30.04.1966;21;1
BERHAM;22;12.08.1976;21;1
RIZMAN;22;15.10.1954;21;1
MUNIB;22;22.03.1957;21;1
SEYATI;22;29.03.1966;21;1
CENKIZ;22;26.07.1962;21;1
MISAFIR;22;25.09.1966;21;1
ALTER;22;11.04.1977;21;1
MENDO;22;28.08.1953;21;1
ZORO;21;1.03.1972;20;1
YESIR;21;22.09.1974;20;1
NUFIL;21;29.09.1960;20;1
BERKUK;21;11.06.1971;20;1
AYTURAN;21;7.10.1961;20;1
CURO;21;21.12.1950;20;1
ZINNOR;21;29.2.1967;20;1
EMRAIL;21;20.12.1967;20;1
SEY;20;23.03.1970;19;1
MUNUF;20;20.12.1963;19;1
MAHAP;20;4.07.1955;19;1
ASIP;20;26.03.1958;19;1
REBIH;20;29.10.1972;19;1
DERVISHAN;20;24.01.1979;19;1
IMET;20;11.08.1975;19;1
GURRI;20;13.04.1951;19;1
POLIS;20;10.11.1966;19;1
RAFFET;20;10.10.1962;19;1
SADUL;20;21.12.1970;19;1
MUTUS;20;5.05.1955;19;1
KAHREMAN;20;20.09.1950;19;1
BEHRUL;20;18.07.1971;19;1
MURIT;20;22.03.1954;19;1
OZMERT;20;14.03.1978;19;1
AREL;20;10.09.1969;19;1
PIRSULTAN;20;1.06.1961;19;1
MUHFI;20;26.11.1957;19;1
ERMIYA;20;22.10.1966;19;1
YARGI;20;25.09.1984;19;1
PENAHI;19;19.01.1964;18;1
GABRIYEL;19;9.09.1972;18;1
EFREM;19;9.01.1971;18;1
BEDIG;19;13.10.1965;18;1
ANDRE;19;3.11.1971;18;1
NEKTEL;19;3.04.1968;18;1
ZULCELAL;19;15.12.1965;18;1
HERKUL;19;20.06.1969;18;1
ATAR;19;13.03.1967;18;1
FERAIM;19;15.04.1959;18;1
GUNBAY;19;8.10.1959;18;1
EGECAN;19;19.09.1989;18;1
TORIN;19;24.01.1961;18;1
GUNYAMIN;19;24.03.1969;18;1
TOPAL;18;25.02.1943;17;1
BUNEYYA;18;14.09.1963;17;1
RAFAT;18;13.09.1960;17;1
YUMRU;18;5.01.1960;17;1
ULU;18;2.12.1958;17;1
NAIR;18;3.01.1963;17;1
UCKAN;18;12.08.1970;17;1
SALTIK;18;14.06.1978;17;1
MERTAY;18;22.04.1983;17;1
CENER;18;12.02.1980;17;1
HAMU;18;25.01.1943;17;1
HALISI;18;16.03.1961;17;1
EHYA;18;13.11.1961;17;1
TENGIZ;18;9.06.1968;17;1
MUSAHIT;18;14.06.1960;17;1
RIZGAN;18;30.12.1965;17;1
RATIF;18;2.04.1963;17;1
EHAD;18;15.02.1981;17;1
SAGOL;18;11.05.1957;17;1
SEFKAN;18;30.11.1983;17;1
JEAN;18;21.12.1963;17;1
BERKSAN;18;7.09.1981;17;1
GUKHAN;17;1.06.1986;16;1
MURVAN;17;30.12.1970;16;1
SAHMI;17;21.09.1963;16;1
SADIRI;17;23.09.1966;16;1
CELEP;17;28.12.1965;16;1
ADIBAL;17;25.08.1965;16;1
CAMALI;17;25.08.1967;16;1
KOKHAN;17;29.01.1976;16;1
BAYTAR;17;2.01.1967;16;1
SANO;17;6.03.1957;16;1
MUHERREM;17;27.07.1961;16;1
RITFAN;17;14.12.1968;16;1
BEYTAS;17;11.04.1963;16;1
MUSDAN;17;27.11.1969;16;1
SULUS;17;13.03.1952;16;1
ZINEL;17;17.02.1950;16;1
NAZAM;17;6.11.1965;16;1
KUTAL;17;8.01.1975;16;1
NERSES;17;17.12.1953;16;1
KUTLUK;17;30.09.1970;16;1
MENSER;17;4.01.1972;16;1
TURUSHAN;16;21.04.1979;15;1
ASILKAN;16;20.09.1985;15;1
AMER;16;6.05.1962;15;1
SUHRAP;16;18.05.1963;15;1
HIDAYETULLAH;16;24.09.1967;15;1
MULHIM;16;19.04.1957;15;1
HEMO;16;1.08.1942;15;1
MIZER;16;4.02.1966;15;1
HAMIK;16;13.11.1954;15;1
MAKSO;16;2.11.1950;15;1
MIRHAT;16;20.11.1974;15;1
PEVIL;16;22.06.1965;15;1
AVZI;16;28.08.1953;15;1
SIDGI;16;24.10.1957;15;1
SEZGINER;16;7.10.1974;15;1
SAHMAR;16;2.06.1960;15;1
ERSUT;16;12.12.1969;15;1
KOKER;16;27.05.1962;15;1
KUZEYFE;16;4.10.1967;15;1
GURGI;16;24.12.1969;15;1
HOCCET;16;19.01.1971;15;1
HUMET;16;25.05.1971;15;1
SAIN;16;2.12.1969;15;1
NUHTU;16;24.06.1964;15;1
SELAMUN;16;14.02.1973;15;1
ANIBAL;16;24.10.1963;15;1
KOR;16;22.04.1963;15;1
ZEVCET;16;7.11.1955;15;1
ERCIS;15;18.09.1964;14;1
YETIM;15;17.09.1955;14;1
SAMLI;15;8.12.1962;14;1
ERGINER;15;17.12.1958;14;1
ISIMSIZ;15;28.05.1956;14;1
EKRAN;15;24.10.1967;14;1
TAHLO;15;20.06.1944;14;1
CHRISTIAN;15;11.10.1980;14;1
SIKRI;15;27.11.1966;14;1
CAG;15;12.11.1980;14;1
SEZKIN;15;2.11.1963;14;1
GUNEYT;15;21.12.1976;14;1
VICDANI;15;3.12.1961;14;1
CIHANGUR;15;11.03.1973;14;1
MUFRIT;15;18.03.1977;14;1
SEYKAN;15;6.08.1980;14;1
KARHAN;15;28.09.1976;14;1
MADI;15;22.06.1963;14;1
ALTU;15;3.04.1980;14;1
ESFAK;15;1.07.1959;14;1
EDER;15;11.10.1983;14;1
OZDENER;15;30.11.1969;14;1
BEYIC;15;22.01.1965;14;1
MOHSUN;15;3.06.1959;14;1
OYMEN;15;30.11.1982;14;1
TANGUN;15;3.10.1975;14;1
HAYBER;15;21.10.1966;14;1
CEBEL;15;17.09.1966;14;1
PEVRILDANE;15;22.04.1971;14;1
ARJEN;14;17.05.1986;13;1
TASAN;14;24.08.1970;13;1
ABDISELAM;14;2.04.1965;13;1
TAYFON;14;24.05.1965;13;1
BARISKAN;14;13.02.1976;13;1
OZTUG;14;20.10.1980;13;1
SAFAHATTIN;14;22.10.1959;13;1
MARASAL;14;19.09.1967;13;1
BERKUN;14;21.12.1982;13;1
ZUBEYRI;14;6.03.1963;13;1
BESLEN;14;26.11.1956;13;1
BUKAN;14;25.04.1970;13;1
HABIR;14;18.08.1970;13;1
NIJAT;14;30.12.1959;13;1
TUNCHAN;14;25.06.1975;13;1
ENVAR;14;11.11.1967;13;1
SERDER;14;21.03.1968;13;1
ERSEVER;14;4.05.1972;13;1
UYANIK;14;29.05.1965;13;1
TACIL;14;22.05.1962;13;1
MIM;14;30.06.1967;13;1
AKINCI;14;26.02.1971;13;1
MUJDAD;14;8.05.1970;13;1
AYTOK;14;1.07.1960;13;1
NEDIR;14;5.10.1962;13;1
ERBEN;14;26.04.1972;13;1
SATIM;13;19.04.1958;12;1
CEVET;13;11.04.1971;12;1
YUHANNA;13;4.07.1955;12;1
UNDER;13;14.03.1972;12;1
UMRULLAH;13;14.05.1983;12;1
NINOS;13;5.12.1981;12;1
RUBEN;13;5.03.1949;12;1
OZKUT;13;28.01.1976;12;1
SEDAYIL;13;13.11.1960;12;1
SERBILENT;13;22.01.1979;12;1
MUHTELIF;13;8.10.1965;12;1
SEZAHI;13;27.10.1958;12;1
UFUKHAN;13;6.02.1982;12;1
YADO;13;21.10.1954;12;1
SERDOGAN;13;10.04.1970;12;1
MEHI;13;1.01.1946;12;1
TALIM;13;22.01.1975;12;1
KICO;13;6.11.1945;12;1
REHMAN;13;1.02.1964;12;1
KAYMAZ;13;21.05.1957;12;1
EKEN;13;11.01.1975;12;1
ATADAN;13;5.10.1967;12;1
ZAIR;13;4.05.1958;12;1
HAMDUSSENA;13;17.07.1980;12;1
CALIP;13;12.08.1958;12;1
BUTAY;13;19.02.1987;12;1
REKIN;13;23.05.1964;12;1
SIPKAT;13;23.05.1958;12;1
FENDO;12;15.01.1950;11;1
ADILBEY;12;27.03.1955;11;1
MILAHIM;12;17.09.1977;11;1
VAHAC;12;5.04.1982;11;1
SAMIYEL;12;29.12.1969;11;1
BASIM;12;23.01.1971;11;1
BEDREN;12;23.12.1958;11;1
ZILVER;12;10.09.1966;11;1
GOKSEVER;12;24.09.1977;11;1
PIRDAL;12;26.01.1968;11;1
YILDOGAN;12;5.04.1961;11;1
BAHRICAN;12;9.09.1982;11;1
DURMIS;12;24.04.1952;11;1
UZMAN;12;15.07.1976;11;1
NIGAHI;12;4.10.1958;11;1
HAKTANIR;12;2.11.1971;11;1
SEYYIDI;12;7.01.1960;11;1
EFTER;12;29.09.1969;11;1
ZUBEYD;12;10.11.1967;11;1
UMMUT;12;26.01.1978;11;1
HEPER;12;7.10.1963;11;1
CURA;12;16.04.1959;11;1
NATIF;12;2.03.1969;11;1
BELIG;12;20.05.1964;11;1
ELES;12;29.12.1965;11;1
AKIM;12;11.07.1955;11;1
BIRTEKIN;12;5.12.1971;11;1
ESIRAF;12;27.08.1962;11;1
GURDAG;12;3.11.1965;11;1
ZILFAR;12;26.03.1962;11;1
ILBARS;12;30.2.1976;11;1
SAHIDI;12;10.06.1956;11;1
ODEK;12;15.02.1969;11;1
BABI;12;3.07.1963;11;1
EJDERHAN;12;2.10.1971;11;1
METO;11;1.05.1951;10;1
ANTO;11;29.09.1949;10;1
KESIR;11;3.10.1960;10;1
MIRZAN;11;18.05.1961;10;1
EDISON;11;20.10.1978;10;1
BERZAT;11;28.10.1961;10;1
MEMUK;11;24.01.1954;10;1
NUHHAN;11;25.08.1978;10;1
DOLU;11;6.07.1969;10;1
TEKI;11;8.06.1946;10;1
YONET;11;22.08.1972;10;1
SENTEKIN;11;5.10.1963;10;1
ULUSAN;11;13.05.1970;10;1
SAIL;11;8.06.1966;10;1
GORHAN;11;26.06.1976;10;1
SERBULEND;11;6.10.1973;10;1
HURDEM;11;18.06.1973;10;1
SEFERCAN;11;17.01.1986;10;1
KELAM;11;3.01.1969;10;1
INTIZAM;11;13.03.1969;10;1
KARENI;11;10.05.1958;10;1
FIYAS;11;5.06.1965;10;1
MAZAN;11;1.02.1957;10;1
YURTKAN;11;13.03.1970;10;1
GUNBEY;11;20.01.1967;10;1
SEDDER;11;24.08.1977;10;1
MEHTER;11;1.03.1970;10;1
FERRAT;11;27.11.1973;10;1
MATOS;11;9.02.1941;10;1
HURYASA;10;9.03.1973;9;1
ESARI;10;6.12.1975;9;1
BESTAN;10;22.09.1968;9;1
HISAN;10;12.02.1967;9;1
ELBER;10;12.12.1970;9;1
SEHDI;10;8.05.1967;9;1
VISEM;10;18.04.1979;9;1
HEMEDAN;10;12.01.1965;9;1
SADU;10;20.12.1955;9;1
ZIVAR;10;15.03.1963;9;1
CHRISTOPHER;10;5.12.1983;9;1
GARZI;10;22.11.1961;9;1
BALABAN;10;27.04.1971;9;1
HUSAMET;10;25.01.1967;9;1
YEKDAG;10;26.12.1972;9;1
DOLGUN;10;19.01.1971;9;1
MUTAT;10;10.05.1964;9;1
ERGUNES;10;8.03.1970;9;1
MUSELIM;10;7.03.1971;9;1
ESPER;10;8.03.1970;9;1
SIMAVI;10;7.09.1970;9;1
ZIYACAN;10;17.01.1969;9;1
ERDUMAN;10;1.12.1965;9;1
ADEMI;10;13.04.1974;9;1
SAYKAN;10;2.09.1974;9;1
NEDI;10;3.01.1977;9;1
MAMIS;10;16.04.1961;9;1
KARDES;10;14.09.1972;9;1
CERGEZ;10;24.03.1968;9;1
EMANETULLAH;10;14.03.1971;9;1
AYBAS;10;22.10.1955;9;1
FARIH;10;22.12.1962;9;1
ERKIL;10;25.09.1982;9;1
SAYINER;10;3.02.1963;9;1
BETAL;10;21.07.1967;9;1
MAYER;10;16.07.1956;9;1
VARDAR;10;15.08.1960;9;1
MEROL;10;24.12.1971;9;1
DEMSUR;10;19.07.1966;9;1
HASSAN;10;3.11.1969;9;1
SEMIHI;10;9.12.1961;9;1
PEVRULDANE;10;17.03.1968;9;1
SAMIMI;10;14.06.1959;9;1
SARPAY;10;18.10.1976;9;1
ESHAB;10;27.08.1986;9;1
DIZDAR;10;30.04.1965;9;1
CANGUR;10;25.02.1970;9;1
BEKAN;9;7.09.1972;8;1
YERHAN;9;6.09.1974;8;1
HIDO;9;11.04.1936;8;1
NAVI;9;26.07.1967;8;1
KENCO;9;24.02.1963;8;1
DERO;9;13.12.1960;8;1
CELAM;9;14.07.1967;8;1
ABI;9;10.10.1944;8;1
ILLO;9;20.11.1683;8;1
BEDRUS;9;30.04.1965;8;1
MUSUL;9;8.06.1969;8;1
SIVAS;9;6.08.1962;8;1
AMET;9;12.02.1975;8;1
EZBER;9;28.06.1979;8;1
MIHAT;9;2.10.1971;8;1
AYTURAL;9;3.04.1968;8;1
ARDAG;9;12.01.1980;8;1
OLSAN;9;11.11.1983;8;1
SAKIT;9;10.03.1962;8;1
CUMAYIL;9;28.08.1971;8;1
SIVAT;9;16.11.1962;8;1
SARAL;9;24.08.1967;8;1
VERDIN;9;25.04.1966;8;1
VEDIT;9;6.12.1960;8;1
CEDDI;9;24.03.1968;8;1
ELLES;9;2.10.1954;8;1
MEDAYI;9;12.10.1967;8;1
NUTU;9;1.12.1957;8;1
UZGU;9;11.04.1974;8;1
SONBAY;9;11.08.1969;8;1
SARETTIN;9;14.05.1971;8;1
NEVSAT;9;23.11.1956;8;1
BIRDOGAN;9;9.03.1974;8;1
VESALETTIN;9;10.07.1949;8;1
HAYDARI;9;3.11.1964;8;1
PERUL;9;12.04.1974;8;1
ZEKAYE;9;28.03.1966;8;1
KIRHAN;9;3.09.1965;8;1
SAIK;9;17.09.1957;8;1
YEMLI;9;23.11.1967;8;1
HOSUN;9;10.02.1948;8;1
TORGAY;9;12.06.1957;8;1
EFTAR;9;10.07.1964;8;1
GORGI;9;21.10.1968;8;1
TUGGAN;9;22.02.1978;8;1
RABIN;9;25.10.1979;8;1
ALYAR;9;2.03.1961;8;1
MEHRAC;9;10.06.1978;8;1
EMREH;9;8.11.1987;8;1
GULFETTIN;9;28.12.1960;8;1
EMIRZE;9;30.07.1941;8;1
SOZAL;9;11.04.1975;8;1
VELIHAT;9;20.04.1963;8;1
SEBIP;9;2.08.1969;8;1
FERDAT;9;23.07.1973;8;1
IRAFET;9;15.09.1950;8;1
HENNAN;9;2.09.1963;8;1
NASIMI;9;17.06.1972;8;1
CANSAL;9;19.05.1968;8;1
SERANT;9;30.01.1973;8;1
ATSIZ;9;5.06.1979;8;1
BIMEN;9;25.06.1981;8;1
GURSET;9;10.07.1972;8;1
ADSIZ;9;20.02.1971;8;1
SEYDAHAN;9;7.04.1964;8;1
EMRUMIYE;9;24.10.1963;8;1
SERVERI;9;27.05.1950;8;1
BEKZADE;9;23.04.1957;8;1
MEYTULLAH;9;4.04.1962;8;1
TALEP;9;30.07.1974;8;1
BUHAN;9;24.04.1980;8;1
MEMUR;8;8.04.1952;7;1
TEKINAY;8;18.03.1974;7;1
HIDAT;8;5.07.1974;7;1
ZERDEST;8;11.06.1978;7;1
ROJVAN;8;28.08.1988;7;1
ROJDI;8;1.04.1985;7;1
MILLET;8;10.08.1970;7;1
KINAN;8;6.04.1978;7;1
ANTAR;8;7.12.1958;7;1
CIHET;8;9.11.1967;7;1
NECI;8;10.06.1964;7;1
UNVERDI;8;9.12.1972;7;1
NEZAKETTIN;8;3.09.1960;7;1
MUCET;8;19.08.1964;7;1
BIRSAT;8;12.02.1983;7;1
REFAHI;8;6.09.1964;7;1
BEHIR;8;11.09.1965;7;1
VERIM;8;21.01.1976;7;1
AZMIN;8;8.12.1969;7;1
HAMZET;8;4.12.1956;7;1
BEYHUDAR;8;25.01.1961;7;1
SAIMI;8;7.07.1959;7;1
NURGUT;8;6.10.1967;7;1
SERDAS;8;13.01.1973;7;1
SAYIK;8;5.01.1966;7;1
ELBUZ;8;28.11.1963;7;1
TASHAN;8;14.12.1968;7;1
AKDEM;8;11.03.1951;7;1
SEYDUL;8;25.09.1963;7;1
DOGANGUN;8;30.06.1977;7;1
SEVGILEN;8;30.12.1975;7;1
EFRAT;8;1.04.1962;7;1
IZMEN;8;20.01.1969;7;1
UFRET;8;19.06.1968;7;1
SERDARI;8;15.07.1966;7;1
SALIK;8;15.06.1972;7;1
MUKREMI;8;19.8.1719;7;1
SIRKAN;8;19.11.1978;7;1
BETRI;8;22.09.1969;7;1
FEHRUZ;8;15.05.1961;7;1
GOKDAL;8;12.09.1979;7;1
INDAT;8;8.09.1981;7;1
TELO;8;10.09.1955;7;1
MUKAYIT;8;7.10.1966;7;1
CEHFER;8;27.10.1960;7;1
BEDIRCAN;8;6.05.1981;7;1
GURGU;8;18.08.1959;7;1
BEZET;8;26.08.1968;7;1
MUCAHIR;8;20.03.1964;7;1
SALPER;8;29.07.1985;7;1
MASSALLAH;8;10.05.1959;7;1
MITLIK;8;24.07.1973;7;1
CEKO;8;2.09.1956;7;1
SUTO;8;1.01.1945;7;1
BALKAR;8;2.09.1978;7;1
DENIZKAN;8;17.04.1981;7;1
KURULAY;8;19.02.1957;7;1
ICRI;8;30.07.1963;7;1
ONGEL;8;21.01.1959;7;1
CAKO;8;8.07.1952;7;1
ARKUT;8;23.11.1974;7;1
TEZGUN;8;30.04.1974;7;1
KUVET;8;23.04.1974;7;1
KUSAY;8;18.09.1975;7;1
TORER;8;18.04.1953;7;1
GUCLEN;8;25.10.1977;7;1
UZAN;8;28.01.1980;7;1
HAYFI;8;24.01.1961;7;1
NAZIMI;8;30.09.1953;7;1
TAKIP;8;8.10.1963;7;1
GURUL;8;30.2.1968;7;1
ZAYIR;8;1.08.1966;7;1
ISMED;8;5.10.1942;7;1
OKER;8;5.07.1969;7;1
BUGUN;7;29.06.1973;6;1
CEZMIR;7;26.03.1976;6;1
NEKTER;7;28.08.1968;6;1
KEMEL;7;26.11.1977;6;1
SENET;7;24.06.1977;6;1
RIYAZ;7;10.04.1973;6;1
PALE;7;3.10.1981;6;1
IBLAL;7;7.09.1965;6;1
SEHEP;7;19.11.1970;6;1
MEDARI;7;22.05.1982;6;1
KIYMETTIN;7;11.11.1970;6;1
HASU;7;20.03.1936;6;1
VULKAN;7;1.07.1981;6;1
OMRI;7;23.07.1952;6;1
ILFAT;7;10.03.1969;6;1
ABUL;7;29.07.1963;6;1
REKAIP;7;20.04.1967;6;1
MECALI;7;1.09.1969;6;1
NAZIP;7;3.11.1957;6;1
ZEZGIN;7;1.10.1970;6;1
AGZAM;7;10.10.1971;6;1
TURKSOY;7;16.03.1964;6;1
VATANSEVER;7;18.11.1976;6;1
YAGVER;7;15.11.1964;6;1
SEZAYIN;7;15.07.1965;6;1
SENOCAK;7;20.03.1967;6;1
ESENBEL;7;11.01.1971;6;1
ISALETTIN;7;24.04.1971;6;1
FENSUR;7;27.11.1977;6;1
SEYDAR;7;14.05.1953;6;1
OTAG;7;6.08.1984;6;1
HAYKAN;7;7.11.1965;6;1
MUGAMMER;7;18.01.1961;6;1
HAKBIL;7;26.10.1975;6;1
BELUL;7;20.03.1961;6;1
OZDEGER;7;25.05.1979;6;1
YURTTABIR;7;8.08.1958;6;1
YUCEER;7;6.06.1972;6;1
MUZEMMIL;7;4.01.1981;6;1
TURI;7;29.08.1968;6;1
KULTUR;7;22.04.1973;6;1
VURAY;7;5.02.1976;6;1
KONAR;7;15.04.1970;6;1
MEBUS;7;1.05.1966;6;1
OZVAN;7;30.08.1981;6;1
VIJDANI;7;1.08.1970;6;1
YURDAKOL;7;10.12.1957;6;1
UMMIT;7;19.02.1972;6;1
YUREK;7;9.03.1986;6;1
SAYYAT;7;10.04.1970;6;1
TUNHAN;7;16.10.1984;6;1
FEYAZI;7;11.02.1964;6;1
MAFUS;7;20.01.1966;6;1
HALKIN;7;3.06.1977;6;1
FERMALI;7;4.12.1959;6;1
ESAM;7;24.11.1965;6;1
HANCAN;7;24.11.1972;6;1
MUSIK;7;15.01.1950;6;1
ZUBEYDIN;7;7.02.1968;6;1
HOS;7;25.10.1962;6;1
BEKLER;7;11.11.1961;6;1
BABURSAH;7;19.10.1981;6;1
MAHSIN;7;7.03.1972;6;1
NISRET;7;30.12.1966;6;1
FEDERAL;7;24.02.1973;6;1
ELEKBER;7;19.01.1960;6;1
ERGINAY;7;3.04.1975;6;1
MILAZ;7;14.02.1971;6;1
YASET;7;24.05.1970;6;1
FRANK;7;27.07.1971;6;1
TEMMUR;7;29.06.1964;6;1
GOLIN;7;24.02.1962;6;1
KURTULMUS;7;28.07.1970;6;1
KIYAK;7;12.05.1958;6;1
ABIZET;7;26.08.1965;6;1
USTER;7;20.08.1959;6;1
DOLKAN;7;20.02.1985;6;1
MUCAFET;7;5.11.1954;6;1
DEMOKRAT;7;18.10.1957;6;1
MIAD;7;3.12.1957;6;1
ADIM;7;14.03.1971;6;1
MUTHIS;7;27.03.1960;6;1
YEMILHAN;7;2.11.1966;6;1
KEYFLI;7;13.06.1955;6;1
HULVI;7;23.03.1962;6;1
SUHEY;7;10.03.1967;6;1
KUTDISI;7;19.08.1964;6;1
OZHUN;7;5.06.1976;6;1
SEHABET;7;19.06.1965;6;1
CINET;7;28.08.1967;6;1
BAHRIYELI;7;14.11.1968;6;1
SALER;7;8.01.1965;6;1
LEVANT;7;2.08.1969;6;1
MUVAFIK;7;13.10.1959;6;1
MURSIDI;6;16.08.1966;5;1
TOPAY;6;25.05.1958;5;1
MANZUR;6;2.02.1958;5;1
BEYRO;6;12.01.1965;5;1
BILENC;6;16.09.1960;5;1
SALIN;6;17.12.1971;5;1
BADIL;6;19.06.1968;5;1
KESO;6;26.06.1925;5;1
FAYAZ;6;5.03.1974;5;1
IRFI;6;30.08.1967;5;1
NESVAN;6;24.06.1973;5;1
GERRO;6;22.02.1962;5;1
GAIP;6;12.11.1972;5;1
ZILIFTAR;6;15.10.1972;5;1
MUKAYIR;6;29.08.1970;5;1
HAVADIS;6;15.01.1959;5;1
MESDI;6;30.12.1954;5;1
MUSTEKIN;6;16.05.1977;5;1
AHAN;6;6.12.1973;5;1
SOYLUHAN;6;20.02.1982;5;1
RESADI;6;9.12.1953;5;1
TUREHAN;6;18.06.1965;5;1
SEVUK;6;7.04.1948;5;1
ILTAY;6;18.10.1979;5;1
NIHALET;6;15.11.1949;5;1
IRKIM;6;17.11.1980;5;1
KURTCAN;6;15.02.1967;5;1
GUREM;6;21.01.1973;5;1
ISMETCAN;6;9.02.1986;5;1
NUHIT;6;14.07.1960;5;1
DERBIL;6;11.09.1973;5;1
VEFAI;6;22.07.1953;5;1
ICTIMA;6;28.01.1962;5;1
MUZEYYIR;6;6.01.1966;5;1
FERSOY;6;30.06.1976;5;1
ESIR;6;4.12.1968;5;1
ONGUR;6;29.10.1968;5;1
HADEM;6;1.08.1964;5;1
APILI;6;23.12.1961;5;1
KAYMAKAM;6;1.12.1941;5;1
NAMAL;6;15.03.1954;5;1
MEFTUM;6;30.05.1967;5;1
UTGU;6;29.2.1970;5;1
GERAY;6;20.10.1970;5;1
EMEC;6;1.04.1991;5;1
BINAV;6;13.07.1959;5;1
FIRYAT;6;10.11.1970;5;1
ISFAN;6;19.09.1976;5;1
HARIPHAN;6;17.03.1959;5;1
CANATAY;6;27.02.1976;5;1
USEME;6;13.08.1973;5;1
NEJDER;6;28.04.1965;5;1
TELHE;6;19.04.1954;5;1
ARIFAT;6;14.01.1965;5;1
FERUL;6;8.04.1952;5;1
CEMILHAN;6;3.11.1976;5;1
MEVKI;6;30.05.1952;5;1
YEKTAR;6;22.08.1959;5;1
KESIN;6;27.10.1969;5;1
NEZZAT;6;28.01.1962;5;1
GURSAY;6;28.09.1975;5;1
TINAS;6;1.06.1952;5;1
RECAYIP;6;7.08.1968;5;1
METUN;6;9.10.1965;5;1
YABAN;6;5.04.1978;5;1
METER;6;30.10.1972;5;1
SURU;6;25.12.1955;5;1
SUCU;6;12.04.1965;5;1
DARGIN;6;10.01.1986;5;1
SEYAD;6;19.08.1981;5;1
UMUDUM;6;11.11.1976;5;1
ESDER;6;2.04.1968;5;1
MUJDAL;6;27.11.1971;5;1
SAKARYA;6;13.03.1949;5;1
OZERCAN;6;20.07.1964;5;1
HALIZ;6;17.02.1961;5;1
SAYDI;6;12.09.1953;5;1
MUSDET;6;5.08.1967;5;1
TUGCU;6;5.05.1981;5;1
ERGONUL;6;15.03.1954;5;1
BIRJU;6;18.04.1979;5;1
YETISAL;6;12.10.1955;5;1
OKSUZ;6;22.03.1957;5;1
GUNERHAN;6;15.05.1970;5;1
MUHATTIN;6;29.04.1946;5;1
FERYADIL;6;21.01.1959;5;1
NUHSAN;6;27.10.1967;5;1
TANCER;6;29.09.1970;5;1
SEBIHATTIN;6;29.11.1957;5;1
MEHDICAN;6;4.11.1982;5;1
EYMUR;6;7.10.1952;5;1
BULKAN;6;2.01.1969;5;1
HAYIT;6;10.05.1949;5;1
RAFER;6;12.01.1958;5;1
OZDAR;6;23.07.1967;5;1
SEMASI;5;25.07.1948;4;1
RAMAZANI;5;28.01.1965;4;1
USLAN;5;12.03.1969;4;1
IKINCI;5;30.11.1966;4;1
SIRIZAN;5;13.07.1957;4;1
NUZRET;5;30.04.1958;4;1
EMINO;5;1.04.1945;4;1
MAASALLAH;5;14.02.1980;4;1
RISMI;5;21.06.1977;4;1
DIMET;5;5.12.1976;4;1
GUDAN;5;19.04.1980;4;1
BINDAR;5;19.08.1989;4;1
HOSENG;5;7.02.1978;4;1
MECRUN;5;18.12.1977;4;1
KESRAN;5;3.10.1973;4;1
FELAMEZ;5;17.11.1969;4;1
SENKAY;5;27.08.1978;4;1
ENAZ;5;29.2.1979;4;1
AYDANER;5;10.05.1958;4;1
TEKELI;5;18.07.1957;4;1
NISAMI;5;7.09.1955;4;1
SORGU;5;4.11.1975;4;1
METINAY;5;19.08.1970;4;1
FERIDI;5;10.09.1974;4;1
SEVINDI;5;27.02.1953;4;1
BORATAY;5;5.09.1974;4;1
PEYRUL;5;21.05.1973;4;1
MERIHCAN;5;28.05.1984;4;1
EFKARI;5;17.02.1962;4;1
HASET;5;16.12.1961;4;1
ERCAIL;5;25.02.1958;4;1
MUHAR;5;22.06.1958;4;1
MUKELLEF;5;16.01.1946;4;1
NUZHAT;5;23.02.1955;4;1
HAYRAL;5;12.06.1967;4;1
ADAHAN;5;3.01.1975;4;1
EROZ;5;26.02.1949;4;1
EMRUN;5;11.07.1976;4;1
GOKREM;5;1.02.1973;4;1
BERATHAN;5;25.12.1983;4;1
BURYANI;5;4.03.1970;4;1
VEFANUR;5;9.07.1969;4;1
GENAR;5;13.05.1979;4;1
ERHAM;5;20.08.1983;4;1
SEMUT;5;1.11.1970;4;1
SEZAIN;5;10.12.1962;4;1
SARIF;5;23.07.1968;4;1
YUCEAY;5;14.12.1977;4;1
HIKMED;5;28.03.1953;4;1
SALUR;5;15.08.1968;4;1
PESE;5;6.12.1954;4;1
SEFAHAN;5;10.12.1986;4;1
BORCIN;5;23.08.1986;4;1
EKINC;5;19.04.1983;4;1
BAHRAN;5;21.09.1974;4;1
HORA;5;6.03.1976;4;1
KOMUR;5;20.08.1947;4;1
CEBIL;5;17.12.1972;4;1
GEFO;5;6.02.1955;4;1
MUNIK;5;22.05.1961;4;1
TERO;5;25.05.1934;4;1
FEHMIN;5;24.01.1971;4;1
ZAHFER;5;2.09.1962;4;1
TALUK;5;4.01.1976;4;1
TARUN;5;10.05.1975;4;1
HEMU;5;1.09.1934;4;1
SUVATI;5;4.10.1969;4;1
PERVUL;5;19.02.1964;4;1
KALIS;5;8.10.1950;4;1
HURSAT;5;7.02.1968;4;1
ARDIN;5;7.01.1949;4;1
YAKSI;5;1.06.1966;4;1
NIZAYIM;5;18.09.1961;4;1
MUHTESEN;5;22.03.1975;4;1
BULTAN;5;28.06.1955;4;1
MUHIN;5;8.09.1959;4;1
REZVAN;5;14.02.1965;4;1
UZEYFA;5;26.07.1973;4;1
KAJIN;5;29.09.1991;4;1
FERMEN;5;11.01.1969;4;1
PEYCAN;5;29.11.1966;4;1
DINSEVER;5;13.09.1971;4;1
CIKO;5;9.08.1944;4;1
PEPO;5;27.08.1937;4;1
ERFIN;5;22.08.1982;4;1
SENNIK;5;30.08.1959;4;1
AYSEF;5;18.03.1966;4;1
DELHA;5;28.03.1965;4;1
MORO;5;17.10.1948;4;1
NUHER;5;10.09.1960;4;1
BUGURCAN;5;18.09.1990;4;1
KALU;5;21.04.1946;4;1
KAHRIMEN;5;14.09.1964;4;1
YURTLU;5;20.02.1952;4;1
SEHRU;5;21.08.1967;4;1
YURDADON;5;22.04.1982;4;1
SAVASIM;5;17.05.1982;4;1
HUDAHI;5;4.11.1956;4;1
YURDANER;5;14.04.1974;4;1
SEMAHETTIN;5;25.11.1954;4;1
MUZAFFET;5;12.10.1950;4;1
SERHANT;5;1.04.1980;4;1
ATASEL;5;27.05.1972;4;1
AYTOLAN;5;27.10.1973;4;1
NURDOVAN;5;22.12.1959;4;1
HISTO;5;1.09.1949;4;1
ENAN;5;22.11.1963;4;1
CAPAR;5;15.08.1949;4;1
KUTDIS;5;17.01.1960;4;1
SEVCET;5;12.04.1963;4;1
HILFAN;5;1.11.1949;4;1
UNDAL;5;23.02.1967;4;1
DURGANI;5;18.09.1959;4;1
GOKTU;5;7.12.1983;4;1
MAHZEN;5;26.06.1945;4;1
ENGIL;5;1.11.1973;4;1
ZEKAN;5;19.09.1971;4;1
BOLKAR;5;9.06.1983;4;1
KULAL;5;18.07.1985;4;1
ZEYKAN;5;13.01.1981;4;1
OZMER;5;6.02.1980;4;1
TAHSIL;5;15.02.1972;4;1
BAKIM;5;24.10.1969;4;1
TAZIM;5;5.04.1956;4;1
ALBAYRAK;5;19.03.1968;4;1
BEYTULA;5;19.02.1955;4;1
CAHANKER;5;7.02.1965;4;1
NORU;5;25.08.1967;4;1
AZAN;5;3.12.1970;4;1
HURSAD;5;18.07.1982;4;1
TEKTEN;5;23.11.1963;4;1
ZEKERE;5;19.04.1955;4;1
MISTI;5;28.03.1943;4;1
TUFAY;5;20.04.1959;4;1
ELMAR;5;18.04.1973;4;1
LEVZAT;5;18.05.1964;4;1
CORA;5;12.07.1966;4;1
ILAVER;5;14.11.1969;4;1
BAPLI;5;4.12.1960;4;1
TULKAY;5;14.04.1970;4;1
FEDAIR;5;4.01.1959;4;1
IFTADI;5;13.12.1967;4;1
ALDUN;5;15.03.1968;4;1
NESRUL;5;12.11.1957;4;1
KURAN;5;10.01.1969;4;1
FUDEL;4;26.07.1958;3;1
ZEMIL;4;25.01.1966;3;1
YELMIHAN;4;16.11.1965;3;1
SAHBENDE;4;14.10.1951;3;1
FERDU;4;9.09.1968;3;1
HAMAN;4;3.11.1960;3;1
FARO;4;8.08.1967;3;1
HILO;4;28.11.1953;3;1
SELHET;4;6.10.1979;3;1
ZEKAYET;4;1.12.1962;3;1
METTO;4;3.09.1945;3;1
ERFAT;4;16.12.1960;3;1
KRISTIAN;4;18.08.1978;3;1
MUBARREK;4;5.05.1986;3;1
DILGEC;4;19.12.1981;3;1
AMRI;4;11.05.1966;3;1
MAVALI;4;12.05.1967;3;1
YURAN;4;7.05.1971;3;1
FERAS;4;30.12.1971;3;1
ZUHREP;4;22.01.1964;3;1
TAMIN;4;3.04.1975;3;1
BAGRI;4;12.02.1969;3;1
SIHZADE;4;7.03.1959;3;1
ZULYEZEN;4;2.09.1970;3;1
ISAMET;4;6.01.1964;3;1
FAZILI;4;21.01.1959;3;1
ETNAY;4;28.05.1964;3;1
TEKHAN;4;9.05.1982;3;1
ULGUR;4;29.01.1961;3;1
SADIT;4;18.10.1948;3;1
ONGOR;4;3.07.1948;3;1
HARIK;4;1.10.1952;3;1
OLKAC;4;29.06.1968;3;1
MUSTAKIL;4;20.07.1970;3;1
BEDIUZZAMAN;4;30.12.1963;3;1
NEOMAN;4;15.06.1968;3;1
AZEN;4;23.02.1955;3;1
CIHANGOR;4;20.08.1953;3;1
BEHIL;4;18.02.1953;3;1
BIHZAT;4;18.09.1946;3;1
NURDUVAN;4;4.09.1966;3;1
ZEKER;4;11.07.1962;3;1
SERIFCAN;4;10.07.1984;3;1
CELIT;4;30.09.1955;3;1
MUSTA;4;21.09.1947;3;1
YANMAZ;4;25.11.1973;3;1
MERZUF;4;7.05.1966;3;1
MUSAIL;4;8.09.1967;3;1
TALIF;4;21.01.1975;3;1
DIL;4;21.05.1964;3;1
BEDAYI;4;9.12.1958;3;1
ESEMI;4;17.08.1965;3;1
BAHCAT;4;25.11.1951;3;1
YANIK;4;15.08.1960;3;1
SENKUT;4;14.02.1960;3;1
SONSUZ;4;4.06.1979;3;1
HOSCAN;4;20.07.1961;3;1
NURIAY;4;14.07.1965;3;1
KUMAN;4;19.04.1953;3;1
SEFIYULLAH;4;3.11.1977;3;1
ILIMNUR;4;1.10.1973;3;1
NEBICAN;4;2.09.1987;3;1
ERNUL;4;27.11.1972;3;1
KAZA;4;23.02.1955;3;1
AFERIN;4;9.01.1980;3;1
KUCUKHAN;4;18.05.1967;3;1
MERASAL;4;6.07.1972;3;1
SAHINSAH;4;26.04.1968;3;1
HUDAYAR;4;9.05.1966;3;1
SEYFEL;4;4.08.1957;3;1
ESAS;4;19.05.1955;3;1
BEYRUZ;4;20.11.1978;3;1
TEMEZ;4;23.09.1966;3;1
MELHAM;4;28.03.1958;3;1
SURUC;4;11.06.1974;3;1
NURAMI;4;24.10.1958;3;1
SEMSULLAH;4;4.07.1960;3;1
BUNYET;4;16.05.1957;3;1
AVZER;4;21.08.1974;3;1
GUNSOY;4;11.12.1969;3;1
GUNTUG;4;15.07.1988;3;1
ERTIL;4;29.11.1954;3;1
CANGIZ;4;18.03.1956;3;1
TUGCI;4;19.09.1977;3;1
MUSAF;4;12.04.1978;3;1
ANFER;4;6.01.1961;3;1
SELEVAT;4;22.11.1962;3;1
NEDET;4;21.05.1972;3;1
ERGEL;4;20.12.1943;3;1
NEFTER;4;30.03.1973;3;1
YUCESAN;4;23.01.1951;3;1
KUTLAR;4;6.03.1969;3;1
FEDER;4;22.02.1969;3;1
ILVI;4;11.10.1964;3;1
FEMEDIN;4;20.09.1965;3;1
YEKIN;4;4.03.1973;3;1
MOHTER;4;6.09.1953;3;1
LAFI;4;17.08.1962;3;1
CELO;4;2.12.1950;3;1
INZAR;4;18.04.1973;3;1
MAHSET;4;14.05.1964;3;1
ZUBEYIN;4;27.03.1962;3;1
ISAT;4;6.11.1953;3;1
EFSIN;4;27.05.1971;3;1
SOLET;4;16.09.1972;3;1
MEHTAR;4;2.05.1965;3;1
NESUR;4;20.10.1961;3;1
SEBAHATI;4;4.10.1948;3;1
DURDAG;4;21.06.1962;3;1
HUCET;4;16.04.1966;3;1
DOSTCAN;4;8.04.1987;3;1
ACUZ;4;19.02.1941;3;1
CAHANSAH;4;27.09.1949;3;1
OVEN;4;13.02.1970;3;1
ERSE;4;16.10.1983;3;1
MUKU;4;23.02.1953;3;1
CEVAKAR;4;2.03.1976;3;1
SAZAK;4;22.09.1982;3;1
HALISHAN;4;22.01.1988;3;1
HUBER;4;19.02.1966;3;1
AFSUN;4;18.10.1971;3;1
TUGRAY;4;1.03.1949;3;1
SEVINDIR;4;1.02.1962;3;1
AKCAHAN;4;19.04.1979;3;1
SEDATI;4;13.07.1961;3;1
BURCAG;4;13.03.1988;3;1
ADIP;4;14.04.1959;3;1
MEHTAN;4;14.10.1981;3;1
MERTUL;4;29.09.1972;3;1
AYKUTLU;4;25.03.1977;3;1
YERAL;4;5.11.1958;3;1
ILDAY;4;3.12.1981;3;1
OZBAL;4;10.08.1974;3;1
OLDAC;4;2.05.1982;3;1
ORGUT;4;26.02.1976;3;1
ULTAN;4;10.02.1959;3;1
SENDUH;4;6.12.1978;3;1
MASIN;4;20.12.1968;3;1
AZIN;4;9.12.1964;3;1
NURCET;4;14.06.1952;3;1
ORDUSAN;4;14.12.1974;3;1
ILKERHAN;4;8.03.1980;3;1
REZO;4;6.02.1945;3;1
NIDAVER;4;19.01.1959;3;1
IMAL;4;27.04.1961;3;1
HOSIN;4;14.04.1960;3;1
ELMEDIN;4;10.05.1973;3;1
SITIL;4;4.02.1953;3;1
SADDI;4;16.01.1952;3;1
NISBETTIN;4;16.12.1965;3;1
NESAH;4;3.01.1969;3;1
KIR;4;6.06.1955;3;1
RUBAT;4;29.11.1980;3;1
OZEK;4;13.11.1963;3;1
AYGUNAY;4;4.03.1967;3;1
TUHRAN;4;28.10.1962;3;1
VICDAT;4;3.01.1955;3;1
FEDAYIR;4;29.06.1967;3;1
MINTER;4;15.09.1960;3;1
ULFANI;4;11.11.1957;3;1
ADLEM;4;11.08.1975;3;1
BENGIZ;4;25.03.1962;3;1
BEYIS;4;30.10.1972;3;1
ILKTAC;4;20.10.1974;3;1
MUSAME;4;17.11.1970;3;1
EVIRGEN;4;22.11.1967;3;1
KAMURRAN;4;27.05.1985;3;1
RAFIS;4;14.09.1944;3;1
SALIMCAN;4;19.03.1978;3;1
DUNYADAR;4;15.01.1962;3;1
BOCUK;3;15.01.1960;2;1
HAKSEVDI;3;22.11.1944;2;1
ILICA;3;10.07.1960;2;1
BILAMIN;3;14.09.1972;2;1
NEFIZ;3;26.07.1950;2;1
HAFFARI;3;16.05.1964;2;1
YURSEVEN;3;27.08.1981;2;1
ROFER;3;20.11.1987;2;1
SUVEYS;3;30.07.1956;2;1
BEDRU;3;28.04.1936;2;1
BADELI;3;7.01.1968;2;1
RUSENG;3;8.02.1989;2;1
TEMME;3;4.12.1940;2;1
DEYLAN;3;29.08.1985;2;1
MUBTEDA;3;5.12.1975;2;1
ELMUS;3;5.06.1972;2;1
SAI;3;17.11.1946;2;1
ZINNER;3;24.02.1986;2;1
MEKEN;3;25.05.1980;2;1
LEYNI;3;5.06.1985;2;1
SERBE;3;9.11.1968;2;1
KONI;3;24.07.1973;2;1
DINAVER;3;24.09.1976;2;1
SEHVAZ;3;2.08.1965;2;1
KEYSER;3;20.01.1969;2;1
SALBE;3;17.12.1970;2;1
MINHAN;3;1.09.1984;2;1
HANNES;3;12.08.1977;2;1
MELYAN;3;30.06.1970;2;1
ANTAN;3;10.09.1975;2;1
JACOB;3;14.01.1986;2;1
RAYSO;3;17.09.1968;2;1
BEHNEN;3;22.12.1978;2;1
DIYE;3;18.09.1956;2;1
MENAT;3;8.04.1987;2;1
AIS;3;10.07.1944;2;1
GALIS;3;9.03.1968;2;1
ESABUL;3;19.12.1970;2;1
NEFTIN;3;27.09.1968;2;1
BELIK;3;21.12.1945;2;1
ZILIFKAR;3;15.10.1970;2;1
SENBAY;3;4.09.1980;2;1
OZCAL;3;25.11.1966;2;1
SEFAET;3;9.11.1958;2;1
GIYAP;3;4.02.1953;2;1
API;3;8.10.1946;2;1
APIS;3;9.03.1962;2;1
SERVAY;3;21.02.1979;2;1
YEKCAN;3;11.08.1958;2;1
SERFAN;3;26.08.1988;2;1
HIBAL;3;10.09.1978;2;1
NUSIRET;3;25.08.1971;2;1
ENSAN;3;2.09.1967;2;1
KANTER;3;2.03.1970;2;1
SENNEL;3;7.01.1963;2;1
ELHUN;3;10.02.1956;2;1
NUTFETIN;3;12.06.1967;2;1
CINER;3;22.05.1960;2;1
BAYSU;3;6.05.1964;2;1
RIYAZI;3;1.09.1943;2;1
NEZAETTIN;3;29.07.1952;2;1
CAYCAN;3;22.10.1967;2;1
EPER;3;10.04.1975;2;1
MECI;3;23.09.1959;2;1
SUBEYIR;3;20.01.1978;2;1
GENEL;3;21.10.1963;2;1
MUCELLAT;3;2.04.1970;2;1
OKNUR;3;11.03.1979;2;1
FEZAT;3;6.12.1964;2;1
EYSA;3;4.03.1958;2;1
OKCUL;3;23.01.1973;2;1
BELKIYAR;3;21.08.1955;2;1
MURAFET;3;5.11.1961;2;1
YURTTAKAL;3;2.01.1967;2;1
EPHER;3;30.05.1957;2;1
TANSIK;3;5.10.1964;2;1
NURBI;3;11.04.1972;2;1
ZIYALIM;3;26.12.1945;2;1
SAFIYULLAH;3;8.05.1944;2;1
HEDER;3;19.01.1972;2;1
GICO;3;2.09.1936;2;1
URUFU;3;3.08.1963;2;1
NEJLI;3;27.01.1961;2;1
ANDI;3;8.02.1982;2;1
SITAYIR;3;6.02.1962;2;1
EMURHAN;3;25.10.1965;2;1
MENDUK;3;4.05.1965;2;1
SEAN;3;13.06.1986;2;1
KEKLI;3;29.08.1956;2;1
MURGUSAH;3;1.11.1962;2;1
BAYGUN;3;27.05.1978;2;1
SINAI;3;8.03.1962;2;1
NIFAT;3;21.10.1951;2;1
NUTUF;3;16.11.1969;2;1
SIFATI;3;4.10.1970;2;1
DEFLIN;3;11.05.1979;2;1
UHRAN;3;19.03.1952;2;1
SERTO;3;10.05.1952;2;1
OZKAR;3;12.06.1968;2;1
SENTUR;3;4.07.1979;2;1
UMRI;3;7.06.1970;2;1
GUNESCAN;3;25.08.1985;2;1
ESREM;3;8.06.1967;2;1
MUTAN;3;9.08.1950;2;1
KOKCAN;3;14.08.1959;2;1
SAYLAR;3;28.02.1963;2;1
CIFTCI;3;21.01.1957;2;1
HAMICAN;3;28.09.1981;2;1
SERBINAL;3;25.04.1977;2;1
MIRIK;3;28.01.1944;2;1
BEYRUN;3;14.09.1971;2;1
ORSAL;3;29.09.1969;2;1
BESRO;3;7.03.1957;2;1
HIVET;3;12.01.1986;2;1
SUTUN;3;3.10.1974;2;1
ORUN;3;18.03.1983;2;1
ATIM;3;9.05.1972;2;1
SAHMELIK;3;24.11.1981;2;1
ELFASI;3;12.02.1963;2;1
ZENAR;3;12.02.1977;2;1
FIRO;3;5.12.1943;2;1
YERVAN;3;15.02.1965;2;1
NAKSO;3;5.04.1965;2;1
MELIHHAN;3;2.09.1972;2;1
HUDUDA;3;15.03.1968;2;1
GORGAN;3;11.01.1956;2;1
LETIFHAN;3;19.06.1974;2;1
SARAFET;3;14.06.1961;2;1
HOLI;3;1.10.1966;2;1
MUZAHIT;3;17.10.1970;2;1
KAMERAY;3;29.01.1978;2;1
MEZIT;3;2.11.1960;2;1
TORUL;3;19.05.1943;2;1
RAGMAN;3;18.05.1957;2;1
FAHRUNNAS;3;16.04.1959;2;1
ONDAR;3;15.06.1955;2;1
ZERDAN;3;20.07.1963;2;1
CEBRA;3;14.07.1974;2;1
CEFHER;3;1.06.1970;2;1
MERGAN;3;8.12.1967;2;1
NECIPZADE;3;17.12.1949;2;1
ALSAY;3;6.04.1976;2;1
AKLEN;3;25.11.1982;2;1
UDAVER;3;20.05.1966;2;1
AKSEVER;3;8.05.1969;2;1
TOYLAN;3;21.05.1987;2;1
AYETIN;3;20.04.1966;2;1
EZIM;3;1.11.1969;2;1
GACER;3;28.11.1964;2;1
ERTURAY;3;24.07.1979;2;1
UZMEN;3;2.02.1967;2;1
HOMAN;3;3.04.1964;2;1
YASATAN;3;5.05.1969;2;1
TANCI;3;16.08.1952;2;1
IMDAL;3;6.12.1967;2;1
BERHUN;3;22.02.1982;2;1
TANCIL;3;21.01.1950;2;1
HUDEYA;3;16.10.1963;2;1
BEHREN;3;6.08.1947;2;1
ILKDAL;3;3.12.1966;2;1
GULABETTIN;3;18.04.1974;2;1
KESBER;3;20.02.1976;2;1
SAKIM;3;5.12.1969;2;1
YAZIM;3;21.01.1978;2;1
AGITHAN;3;13.05.1948;2;1
POTO;3;15.08.1937;2;1
KULO;3;24.12.1931;2;1
MABUS;3;26.12.1957;2;1
SASIN;3;24.05.1959;2;1
NAIFI;3;20.01.1972;2;1
ZAVAL;3;10.08.1963;2;1
MUCAHER;3;18.08.1962;2;1
KARALI;3;30.11.1962;2;1
MESTANI;3;15.08.1965;2;1
SEFYAN;3;20.12.1973;2;1
MEMIN;3;26.08.1948;2;1
AKBIL;3;27.04.1970;2;1
KUYAS;3;23.08.1974;2;1
SUSKUN;3;24.09.1987;2;1
HUSU;3;4.03.1943;2;1
HUSNUKEMAL;3;29.12.1968;2;1
KAMUS;3;29.10.1941;2;1
SOYBEY;3;13.12.1964;2;1
YUSGEL;3;10.06.1966;2;1
FEHMIHAN;3;28.12.1969;2;1
CANIL;3;3.01.1976;2;1
KUSET;3;11.07.1963;2;1
NEFARETTIN;3;19.05.1961;2;1
RAVET;3;1.09.1954;2;1
ELTAN;3;22.12.1961;2;1
ISMETIN;3;12.08.1944;2;1
ALYAZ;3;14.04.1960;2;1
SEYDETTIN;3;18.06.1958;2;1
KARCA;3;22.05.1987;2;1
DUYKAN;3;4.02.1980;2;1
NERKAN;3;20.11.1976;2;1
TANJAN;3;18.10.1968;2;1
CAGCAN;3;8.04.1985;2;1
TIHAN;3;27.07.1962;2;1
EMRAG;3;27.05.1976;2;1
BERGAN;3;12.01.1967;2;1
BEYRUT;3;9.09.1975;2;1
BINET;3;29.12.1971;2;1
INANET;3;24.05.1942;2;1
GUCCUK;3;1.05.1946;2;1
UNLEN;3;16.04.1969;2;1
AVAN;3;10.03.1970;2;1
BUGUR;3;17.12.1961;2;1
HEDIGAR;3;30.11.1983;2;1
TURSAT;3;18.01.1978;2;1
SEVCAT;3;19.08.1967;2;1
URUNCAN;3;12.12.1989;2;1
FEYYO;3;20.01.1937;2;1
KOSAY;3;16.08.1971;2;1
MUHTERIM;3;20.04.1967;2;1
SARDAR;3;12.04.1973;2;1
ZENEL;3;14.08.1963;2;1
TUGCER;3;3.03.1984;2;1
BEDAY;3;21.12.1947;2;1
HASBET;3;25.04.1946;2;1
SULEYI;3;14.11.1943;2;1
MAHBUZ;3;24.08.1961;2;1
INDAL;3;8.10.1974;2;1
OZMAL;3;6.01.1967;2;1
TELA;3;12.10.1962;2;1
MISIRLI;3;5.12.1962;2;1
SAMAVI;3;30.04.1965;2;1
NADAR;3;10.01.1953;2;1
LEVZET;3;16.01.1956;2;1
BERHIM;3;9.06.1978;2;1
SURMELICAN;3;5.08.1965;2;1
KONER;3;1.01.1984;2;1
UMITAY;3;29.05.1975;2;1
MUBEREK;3;20.08.1965;2;1
RECAIP;3;30.11.1971;2;1
SARCAN;3;19.05.1973;2;1
EHI;3;23.1.1303;2;1
ZIBU;3;2.11.1929;2;1
KURIS;3;23.09.1957;2;1
HAMGIR;3;7.12.1965;2;1
BEYNEL;3;24.02.1971;2;1
HUTTU;3;23.05.1936;2;1
FIRKIZADE;3;17.12.1967;2;1
BEVAR;3;12.12.1974;2;1
DILKUT;3;14.12.1969;2;1
AHRAZ;3;26.07.1937;2;1
YOLSEL;3;10.02.1966;2;1
DUGHAN;3;2.06.1991;2;1
EMDULLAH;3;16.01.1964;2;1
UNAYET;3;4.05.1963;2;1
MIHTAR;3;15.11.1969;2;1
SAHMA;3;16.10.1953;2;1
GOCKAN;3;3.11.1981;2;1
SAZEMUS;3;8.01.1958;2;1
IZO;3;30.2.1950;2;1
NAKSAN;3;11.06.1975;2;1
MESIT;3;28.03.1959;2;1
FADEM;3;9.01.1980;2;1
CAGA;3;21.09.1981;2;1
SERREF;3;28.10.1968;2;1
CAGSUN;3;4.11.1978;2;1
BILGISON;3;2.07.1978;2;1
IMAZ;3;17.07.1953;2;1
SEDAKA;3;23.10.1976;2;1
SETIN;3;15.12.1977;2;1
ESHAR;3;3.07.1953;2;1
DEMREN;3;11.06.1984;2;1
DULGAR;3;7.05.1966;2;1
EBNUR;3;10.09.1968;2;1
NEDIL;3;24.12.1972;2;1
VILHEL;3;29.05.1949;2;1
ARVIN;3;7.11.1987;2;1
CANGER;3;12.01.1972;2;1
BORTECENE;3;26.07.1984;2;1
FIRAN;3;5.08.1955;2;1
NEGI;3;30.07.1958;2;1
ERZUN;3;18.06.1969;2;1
ZIMER;3;28.04.1944;2;1
NEZAI;3;1.08.1966;2;1
NADEMIN;3;8.04.1962;2;1
ANLAS;3;24.01.1983;2;1
CEMRAH;3;10.01.1988;2;1
BAHDIYER;3;10.07.1976;2;1
SUHUL;3;16.08.1967;2;1
BUYUSEN;3;20.11.1961;2;1
MEYSIN;3;27.09.1960;2;1
ZIDEN;3;26.02.1967;2;1
RUZKAN;3;1.06.1974;2;1
HURSAH;3;23.12.1981;2;1
HERAY;3;28.11.1964;2;1
AGI;2;21.09.1954;1;1
ZULCENAN;2;20.10.1965;1;1
NURSON;2;26.04.1965;1;1
NAZULLAH;2;28.02.1953;1;1
NIDAH;2;16.06.1987;1;1
TOKTA;2;5.01.1958;1;1
NIZZAM;2;28.12.1990;1;1
YETI;2;16.02.1973;1;1
DEZGIN;2;28.05.1978;1;1
BAGDET;2;15.06.1962;1;1
SUKURDAR;2;10.07.1973;1;1
EZUN;2;24.08.1962;1;1
GAFFARIYE;2;27.09.1937;1;1
NULPER;2;12.02.1966;1;1
BERDEN;2;10.06.1980;1;1
DANYE;2;10.05.1986;1;1
BIDO;2;28.02.1947;1;1
RUHCENAN;2;2.01.1951;1;1
BULENET;2;28.06.1972;1;1
BEHTAR;2;17.12.1949;1;1
FAHUR;2;27.12.1970;1;1
MUZEMBIL;2;8.03.1956;1;1
DEBI;2;26.05.1957;1;1
MESNEVI;2;28.12.1961;1;1
NARIZ;2;29.09.1959;1;1
TUBYAN;2;8.05.1983;1;1
HURBUZ;2;12.06.1965;1;1
OZUR;2;25.06.1967;1;1
MUABBET;2;11.02.1969;1;1
KURTULAN;2;16.05.1965;1;1
SEVLAT;2;4.10.1974;1;1
GAFERI;2;14.04.1965;1;1
ZULHU;2;13.02.1964;1;1
KUBAY;2;9.08.1981;1;1
ENIZER;2;13.07.1952;1;1
PERTEF;2;6.12.1959;1;1
IMRAR;2;21.10.1963;1;1
MUHTELA;2;23.07.1967;1;1
NECAVETTIN;2;27.02.1944;1;1
MIMIN;2;24.08.1955;1;1
MUCAN;2;29.05.1955;1;1
EMRUME;2;27.06.1964;1;1
HUZZAM;2;12.03.1970;1;1
AYTES;2;27.06.1967;1;1
MUREM;2;29.03.1975;1;1
KIRCA;2;27.10.1960;1;1
FERFAT;2;30.08.1967;1;1
MIMILI;2;8.01.1955;1;1
ULLU;2;11.02.1957;1;1
HULVAN;2;2.10.1962;1;1
HILMA;2;22.03.1938;1;1
FIKNUR;2;6.09.1980;1;1
TEVRAD;2;20.08.1960;1;1
HAREKET;2;7.05.1968;1;1
GOCUK;2;28.11.1971;1;1
VAHDETHAN;2;16.10.1985;1;1
BAHT;2;18.01.1971;1;1
PIRKEN;2;11.10.1958;1;1
SOYAYDIN;2;7.12.1971;1;1
GOKSEVIN;2;30.10.1986;1;1
AZATIN;2;12.03.1962;1;1
CUCEL;2;7.06.1961;1;1
BOLCAN;2;10.06.1957;1;1
MUMINI;2;8.10.1962;1;1
AYBAK;2;21.11.1942;1;1
MERIHSAH;2;11.12.1983;1;1
UNSAN;2;23.10.1949;1;1
AYTURA;2;7.06.1959;1;1
FERDET;2;17.04.1948;1;1
TUGTAC;2;3.11.1979;1;1
SELVEL;2;25.02.1947;1;1
SADMAN;2;29.03.1956;1;1
YURDOGAN;2;14.04.1969;1;1
TURUYEN;2;4.07.1968;1;1
YILKAY;2;18.03.1962;1;1
BATANAY;2;13.05.1985;1;1
BEKLIS;2;27.12.1937;1;1
SOFIYAN;2;19.10.1971;1;1
EZKAN;2;18.10.1969;1;1
ISNEN;2;21.03.1950;1;1
HUDAFER;2;3.09.1965;1;1
MUSELLI;2;9.03.1961;1;1
LALELI;2;20.07.1973;1;1
MEHAT;2;26.01.1964;1;1
SENOR;2;23.07.1967;1;1
MINKARI;2;16.04.1972;1;1
MIMER;2;23.03.1960;1;1
SIPIR;2;22.06.1959;1;1
SULHSEVER;2;25.05.1955;1;1
MUGRET;2;7.03.1964;1;1
MUSABI;2;20.01.1955;1;1
ESKA;2;19.06.1983;1;1
TEZA;2;22.10.1968;1;1
ZUHALI;2;24.06.1957;1;1
SERTA;2;4.11.1978;1;1
MENSUN;2;26.07.1954;1;1
ILMIZE;2;22.05.1949;1;1
GORGEN;2;29.10.1979;1;1
SATUH;2;2.05.1951;1;1
TURKIN;2;27.01.1959;1;1
SERNIZ;2;20.12.1960;1;1
MUTEHHAR;2;14.10.1952;1;1
TEMET;2;14.01.1956;1;1
IRSADE;2;22.04.1987;1;1
ALBA;2;3.02.1946;1;1
KERAMEN;2;21.01.1981;1;1
MEKGE;2;9.03.1947;1;1
OZUHAN;2;29.05.1976;1;1
PASAR;2;26.09.1972;1;1
HAPUK;2;30.11.1964;1;1
NISABI;2;22.03.1951;1;1
PASAM;2;6.05.1947;1;1
SAFRET;2;20.04.1951;1;1
DUSAN;2;12.04.1956;1;1
MUZAHIP;2;27.08.1935;1;1
EFRATUN;2;8.04.1976;1;1
SATKI;2;16.12.1964;1;1
NEBIR;2;4.12.1975;1;1
NASUHAN;2;17.09.1988;1;1
ZAHITHAN;2;19.03.1966;1;1
KAMILHAN;2;10.01.1972;1;1
EYGI;2;8.04.1980;1;1
FERZAL;2;9.12.1979;1;1
SEVFET;2;28.05.1941;1;1
KULEM;2;19.08.1940;1;1
URSAL;2;21.10.1953;1;1
TIGCAN;2;22.06.1962;1;1
RAMSES;2;27.11.1955;1;1
MEYFAR;2;24.11.1968;1;1
NEZIRCAN;2;17.08.1982;1;1
CIVDEM;2;16.05.1979;1;1
HAMASET;2;4.09.1961;1;1
SAFVAT;2;13.8.986;1;1
TEBARUS;2;24.06.1966;1;1
TUTUM;2;22.08.1946;1;1
ORDEY;2;5.03.1950;1;1
MERZIVAN;2;9.07.1969;1;1
SEFAGAT;2;26.12.1957;1;1
KINAS;2;24.07.1967;1;1
PERENDE;2;25.07.1973;1;1
NAHET;2;18.02.1963;1;1
FAYSER;2;23.11.1978;1;1
KAMURAL;2;27.07.1955;1;1
NIMETHAN;2;12.10.1989;1;1
TUYKUN;2;1.09.1950;1;1
AFEN;2;30.05.1969;1;1
MERZUN;2;9.08.1970;1;1
SAZEYI;2;7.11.1970;1;1
EKSAL;2;25.12.1961;1;1
SAHRUZAT;2;15.04.1946;1;1
TUJAN;2;15.05.1975;1;1
VERDEN;2;3.11.1972;1;1
SOFA;2;19.09.1973;1;1
EZMUR;2;13.02.1957;1;1
SULHHAN;2;14.09.1984;1;1
VAKAR;2;29.03.1981;1;1
CINCIK;2;6.08.1956;1;1
DURSET;2;10.08.1971;1;1
DURAKSAM;2;23.05.1969;1;1
ZIKRIYA;2;5.07.1963;1;1
TEHRA;2;28.02.1982;1;1
EYIHAN;2;12.03.1967;1;1
MURATAL;2;1.03.1943;1;1
INCIK;2;16.06.1971;1;1
GULDURMUS;2;25.12.1957;1;1
SIMAI;2;10.02.1972;1;1
ERTANE;2;5.12.1954;1;1
TEKRUR;2;2.09.1962;1;1
MAHIM;2;5.05.1973;1;1
ISVEHAN;2;7.11.1982;1;1
SELAMED;2;30.01.1972;1;1
TALUHA;2;29.11.1974;1;1
SURMALI;2;29.2.1965;1;1
CEMRECAN;2;23.11.1991;1;1
SIYER;2;25.05.1969;1;1
NURPAY;2;5.10.1987;1;1
ARMETTIN;2;26.09.1959;1;1
ALEVTAN;2;12.02.1970;1;1
GULHADIN;2;3.03.1968;1;1
MUHAK;2;29.01.1967;1;1
NURDEHAN;2;20.05.1959;1;1
SANSET;2;25.02.1961;1;1
GAVAS;2;20.01.1958;1;1
BURRAN;2;29.05.1969;1;1
HARRAN;2;6.05.1985;1;1
PETUL;2;14.07.1957;1;1
BIRTANIR;2;7.06.1945;1;1
NAZIRCAN;2;23.07.1961;1;1
KURE;2;29.12.1961;1;1
TINSEL;2;20.06.1971;1;1
HAMDUL;2;26.07.1957;1;1
DENIZTAN;2;13.10.1985;1;1
EDVA;2;10.03.1969;1;1
GULKI;2;21.08.1969;1;1
MUCELLIF;2;26.11.1971;1;1
IGDAN;2;29.07.1966;1;1
BAS;2;11.05.1965;1;1
BADO;2;25.05.1940;1;1
CEVRAS;2;17.07.1960;1;1
TUBERK;2;2.03.1987;1;1
NEMI;2;16.11.1955;1;1
FARZENDE;2;18.09.1966;1;1
FEHRIBAN;2;21.02.1986;1;1
MEYSET;2;22.07.1967;1;1
RESMICAN;2;26.07.1988;1;1
KARAVAN;2;1.10.1973;1;1
HESRO;2;4.09.1967;1;1
MURAS;2;16.04.1969;1;1
OZHUR;2;29.04.1980;1;1
RUPER;2;19.02.1959;1;1
MEMUHAN;2;13.09.1955;1;1
NECIH;2;7.08.1964;1;1
BURKU;2;20.07.1982;1;1
SELKI;2;25.04.1967;1;1
ACERHAN;2;8.05.1967;1;1
TAVER;2;16.1.981;1;1
SEMERHAN;2;17.05.1984;1;1
TUMAR;2;17.06.1973;1;1
KODI;2;29.08.1944;1;1
TERVET;2;8.07.1971;1;1
MAAF;2;24.11.1954;1;1
SUYDAN;2;8.05.1971;1;1
GAZAIL;2;2.04.1984;1;1
TIRKAN;2;1.01.1974;1;1
GOLDAR;2;2.08.1975;1;1
KULLI;2;5.08.1954;1;1
SADDAT;2;23.01.1975;1;1
YOKSUN;2;17.03.1986;1;1
HIRMI;2;15.01.1965;1;1
GOLTEKIN;2;12.12.1948;1;1
Z;2;23.06.1961;1;1
CEVRAT;2;7.03.1982;1;1
NEDEM;2;12.10.1962;1;1
SULAV;2;14.08.1949;1;1
EMMARE;2;28.11.1952;1;1
MENSUK;2;23.07.1962;1;1
KUBI;2;7.02.1945;1;1
NIMO;2;22.03.1936;1;1
SERHEN;2;29.10.1990;1;1
AJAR;2;30.01.1978;1;1
NECEM;2;30.03.1972;1;1
FEDALI;2;26.06.1966;1;1
EBO;2;23.08.1945;1;1
SAVIR;2;20.11.1956;1;1
IMRUZ;2;10.03.1962;1;1
FINAT;2;5.04.1963;1;1
BAGRIM;2;20.06.1984;1;1
VEZNEDAR;2;21.08.1956;1;1
MINASIF;2;16.07.1986;1;1
METIH;2;22.09.1973;1;1
MESALIM;2;4.02.1946;1;1
SEHMET;2;26.04.1964;1;1
MUSTEZIM;2;1.05.1964;1;1
SEHYAN;2;19.04.1975;1;1
AZEB;2;6.12.1978;1;1
ZURYAN;2;10.10.1948;1;1
LITFAN;2;2.03.1969;1;1
NIHO;2;7.11.1951;1;1
SISU;2;23.08.1942;1;1
HEBO;2;12.06.1956;1;1
NECIFZADE;2;8.08.1958;1;1
NEVCUMAN;2;19.09.1964;1;1
TUNSER;2;25.04.1946;1;1
HILTER;2;17.08.1965;1;1
MILHAC;2;14.09.1959;1;1
AKCEL;2;4.11.1947;1;1
SEAP;2;8.12.1975;1;1
SIYABET;2;24.08.1939;1;1
MUNTESIR;2;13.03.1966;1;1
OHSAN;2;13.10.1974;1;1
KARYAGDI;2;21.02.1957;1;1
NESIFI;2;19.01.1972;1;1
ATFER;2;15.09.1972;1;1
SUBEY;2;23.01.1967;1;1
ELFADA;2;7.06.1961;1;1
ERDIK;2;23.12.1977;1;1
GUNBAHAR;2;21.02.1985;1;1
CANSEP;2;17.06.1942;1;1
KONYALI;2;25.03.1961;1;1
MEJLI;2;3.08.1966;1;1
BAYGIN;2;17.04.1960;1;1
MESNE;2;21.01.1979;1;1
LAVRENCE;2;11.06.1940;1;1
RAFED;2;15.11.1935;1;1
CALHAN;2;21.09.1932;1;1
HARIN;2;24.09.1954;1;1
OLGEN;2;24.10.1985;1;1
GUVEC;2;30.10.1957;1;1
BEHRIL;2;21.11.1963;1;1
ESIF;2;19.03.1961;1;1
CEMALHAN;2;7.09.1946;1;1
HAYTEM;2;26.11.1961;1;1
CANIGUR;2;3.01.1962;1;1
SEHSINAN;2;6.05.1967;1;1
GURBUZER;2;22.07.1967;1;1
GAZEM;2;7.09.1977;1;1
IYET;2;22.09.1971;1;1
FAIZUN;2;19.04.1955;1;1
BUREN;2;29.12.1985;1;1
GUDEN;2;1.08.1951;1;1
FUTUVVET;2;5.04.1943;1;1
OZENUR;2;21.04.1963;1;1
TECCAN;2;7.10.1974;1;1
GEVFER;2;21.03.1939;1;1
ISHET;2;15.09.1962;1;1
RIGAT;2;3.02.1974;1;1
ZULBER;2;20.09.1958;1;1
ELBIZ;2;25.08.1967;1;1
BEHTIYAR;2;10.10.1950;1;1
EHLICAN;2;30.09.1968;1;1
MEYSEREM;2;16.04.1973;1;1
EBADIN;2;6.01.1975;1;1
CIRO;2;7.05.1934;1;1
YALIZ;2;20.10.1980;1;1
CUHO;2;15.04.1951;1;1
MELIYAN;2;29.08.1982;1;1
SUMET;2;24.03.1974;1;1
NEFIT;2;7.11.1970;1;1
GAMO;2;2.08.1933;1;1
NEFIK;2;1.05.1965;1;1
ZUMMET;2;27.06.1983;1;1
TELHEM;2;12.01.1972;1;1
FENAN;2;24.06.1982;1;1
MUSEVAT;2;7.10.1962;1;1
NAAME;2;12.02.1941;1;1
VAADET;2;14.09.1978;1;1
HEDAT;2;22.09.1956;1;1
LIMENT;2;7.03.1975;1;1
SARAZ;2;24.05.1939;1;1
YAFA;2;17.10.1990;1;1
GUNAYIL;2;15.03.1956;1;1
SELKA;2;27.09.1978;1;1
BEYGIN;2;23.04.1973;1;1
GURGEM;2;19.04.1963;1;1
AYIHAN;2;4.08.1971;1;1
CIFCI;2;9.01.1960;1;1
YURDAGEL;2;22.02.1943;1;1
HAFUS;2;8.02.1964;1;1
ZINETULLAH;2;18.04.1959;1;1
HEVAR;2;30.10.1991;1;1
AKU;2;14.06.1961;1;1
KUVAN;2;1.03.1987;1;1
CUCUK;2;4.12.1945;1;1
FEYUZ;2;28.06.1939;1;1
HAYO;2;14.05.1938;1;1
HAYAS;2;28.07.1950;1;1
FAHRISAH;2;7.08.1984;1;1
KUDO;2;22.05.1945;1;1
HAVARI;2;27.08.1944;1;1
BILAD;2;17.08.1984;1;1
HERKI;2;2.08.1933;1;1
HEYMAN;2;18.03.1976;1;1
MAKRUM;2;6.03.1977;1;1
DILGAZ;2;21.11.1989;1;1
BENAV;2;25.01.1967;1;1
GAL;2;19.10.1985;1;1
MEZRIHAN;2;21.03.1986;1;1
SAMIYETTIN;2;26.05.1976;1;1
NEDELI;2;29.08.1971;1;1
MARU;2;17.03.1944;1;1
TOLCA;2;3.02.1986;1;1
IRET;2;12.07.1962;1;1
KOLU;2;7.07.1946;1;1
GIVER;2;13.10.1961;1;1
SEKRI;2;7.02.1962;1;1
BIRIK;2;4.02.1954;1;1
SEYMANI;2;5.09.1980;1;1
CANBEL;2;24.10.1987;1;1
REBBAN;2;22.12.1948;1;1
PIYAN;2;14.07.1962;1;1
HUSULU;2;16.08.1955;1;1
MUKDEBER;2;14.09.1968;1;1
MAGFIR;2;16.07.1965;1;1
RODOS;2;5.07.1977;1;1
CIMENDER;2;13.10.1965;1;1
DANIYAN;2;23.02.1954;1;1
NIZATI;2;17.02.1959;1;1
DELHAN;2;26.10.1977;1;1
SALADIN;2;8.11.1958;1;1
LIYAT;2;17.10.1988;1;1
KOTTI;2;16.11.1932;1;1
HADAN;2;21.02.1961;1;1
MERTAS;2;17.09.1975;1;1
SERTAV;2;11.04.1973;1;1
IDAHAT;2;28.01.1958;1;1
ASIRAY;2;28.09.1980;1;1
NISBAT;2;2.05.1964;1;1
TEMES;2;17.03.1978;1;1
SEZO;2;14.03.1945;1;1
NURZAL;2;24.11.1975;1;1
KAYIT;2;14.10.1946;1;1
KEMENDER;2;3.12.1952;1;1
SAFAKLAR;2;26.01.1945;1;1
RECAY;2;25.08.1962;1;1
ILSAT;2;21.08.1983;1;1
SAHSAL;2;22.05.1955;1;1
ZAICAN;2;4.12.1954;1;1
REHAMI;2;27.02.1949;1;1
USTEGUL;2;4.01.1967;1;1
URDEN;2;20.05.1961;1;1
AKANTURK;2;19.02.1974;1;1
ESENLER;2;4.10.1964;1;1
MUSTEK;2;9.12.1946;1;1
ISBAHAN;2;1.01.1955;1;1
HORASAN;2;14.07.1949;1;1
ZULUL;2;25.02.1965;1;1
TAKLA;2;9.11.1955;1;1
SAHVERAN;2;23.06.1948;1;1
CAHI;2;4.08.1954;1;1
KOKTAY;2;24.07.1959;1;1
ZAHIRI;2;14.11.1970;1;1
SECEAT;2;27.06.1964;1;1
BELSUN;2;28.10.1978;1;1
IMDADI;2;6.11.1944;1;1
KOSHAN;2;24.02.1950;1;1
MURHEN;2;1.08.1974;1;1
HUNEL;2;7.03.1970;1;1
HULAGUL;2;4.02.1963;1;1
BULER;2;27.06.1971;1;1
UNKAL;2;19.10.1973;1;1
MURYAN;2;16.10.1946;1;1
NIZET;2;6.05.1956;1;1
KANCAY;2;20.09.1965;1;1
ENERJIN;2;15.01.1972;1;1
MAVIDEN;2;28.01.1974;1;1
ERDIYEN;2;13.07.1954;1;1
VEJNUR;2;11.01.1974;1;1
BIRDENIZ;2;23.05.1973;1;1
C.;2;16.02.1964;1;1
MEMZE;2;17.09.1955;1;1
ERNAR;2;20.07.1979;1;1
DEMISA;2;19.01.1943;1;1
SETI;2;15.12.1961;1;1
MUSAFFER;2;17.07.1960;1;1
HICARET;2;11.11.1953;1;1
ENSAF;2;16.01.1941;1;1
NEIDIM;2;16.04.1972;1;1
NURAHIM;2;23.06.1979;1;1
ELSEVEN;2;30.04.1957;1;1
AYMERGEN;2;13.04.1970;1;1
APUS;2;26.12.1949;1;1
HANEDEN;2;29.01.1977;1;1
NUSUFET;2;21.01.1970;1;1
ENZA;2;10.07.1975;1;1
SAMIZ;2;29.12.1965;1;1
BIRGEHAN;2;21.08.1982;1;1
INIZE;2;13.02.1953;1;1
MAHFEL;2;17.06.1954;1;1
FEHRUZAT;2;13.02.1952;1;1
FIKRAL;2;5.03.1967;1;1
SEFHA;2;27.05.1962;1;1
SUPAHI;2;8.01.1964;1;1
AKSES;2;24.09.1956;1;1
BASRET;2;28.02.1986;1;1
BAHTUM;2;16.03.1970;1;1
MEBRUH;2;11.06.1967;1;1
OVGUCAN;2;4.02.1990;1;1
TEMHA;2;15.06.1980;1;1
SEMIRCAN;2;3.08.1977;1;1
NEDAVET;2;11.11.1969;1;1
SUVEY;2;16.11.1969;1;1
ESECAN;2;11.01.1978;1;1
ATENA;2;18.12.994;1;1
OZLUSEN;2;8.05.1973;1;1
SIGRET;2;13.09.1962;1;1
YEMNIHA;2;6.01.1964;1;1
BERIR;2;20.05.1958;1;1
EBIN;2;22.10.1971;1;1
BERDIN;2;22.04.1976;1;1
ATTUN;2;9.07.1937;1;1
PEKSIN;2;7.08.1956;1;1
BERNAT;2;16.07.1984;1;1
CORAL;2;18.09.1963;1;1
EZKA;2;12.05.1986;1;1
RAFEL;2;6.03.1975;1;1
NIYABET;2;6.02.1974;1;1
ANIZ;2;17.05.1980;1;1
NUJDET;2;19.11.1972;1;1
GOKYUZ;2;7.10.1988;1;1
IGNEL;2;15.06.1955;1;1
MENYET;2;29.12.1944;1;1
IZAT;2;26.05.1968;1;1
GOVSAL;2;30.07.1966;1;1
GULHAMIN;2;25.11.1953;1;1
NUSAT;2;17.04.1968;1;1
HANIZ;2;6.01.1987;1;1
TUGSEV;2;19.11.1959;1;1
GULTEKIR;2;18.06.1974;1;1
DARANI;2;8.08.1977;1;1
GARIBEN;2;28.06.1974;1;1
BAKSIN;2;30.05.1972;1;1
IMLIHA;2;20.10.1942;1;1
ERTEL;2;4.01.1970;1;1
RAHMIZ;2;15.06.1958;1;1
RANIM;2;1.01.1988;1;1
BESTELI;2;18.04.1961;1;1
REMIL;2;3.02.1971;1;1
MISNINA;2;26.10.1977;1;1
OZDA;2;25.07.1987;1;1
YENUS;2;29.03.1958;1;1
AYDEGER;2;24.06.1984;1;1
GOYNU;2;23.02.1971;1;1
CAGLAHAN;2;14.09.1988;1;1
GIYBET;2;28.11.1979;1;1
HAVDIYE;2;15.11.1959;1;1
LIYAN;2;1.09.1985;1;1
NOYAL;2;16.11.1973;1;1
HIZLI;2;5.05.1966;1;1
AYFUL;2;7.10.1958;1;1
UKLA;2;9.08.1960;1;1
SEHRISAN;2;10.08.1984;1;1
CALYAN;2;8.08.1956;1;1
FERHIN;2;24.09.1958;1;1
RUSTEN;2;21.01.1973;1;1
KEMIN;2;1.03.1966;1;1
VICDA;2;29.08.1957;1;1
HUDEYET;2;30.06.1970;1;1
BEHIK;2;28.06.1943;1;1
ULKUT;2;10.03.1967;1;1
SEHINSAH;2;3.12.1955;1;1
GUMULU;2;17.04.1954;1;1
MEKSERINA;2;14.01.1965;1;1
MUHTESE;2;5.07.1968;1;1
SANMAZ;2;29.07.1971;1;1
HALMIYE;2;12.08.1959;1;1
DELUL;2;15.05.1963;1;1
SECAR;2;14.11.1957;1;1
ATFAN;2;20.06.1973;1;1
MUHAS;2;15.09.1971;1;1
OZGURTAN;2;26.02.1978;1;1
INCIN;2;8.03.1970;1;1
TUNALAY;2;7.01.1974;1;1
OLBEN;2;9.07.1977;1;1
BALKIN;2;7.12.1987;1;1
HIDIYAT;2;9.01.1958;1;1
KOLER;2;2.10.1950;1;1
ALPEL;2;14.11.1971;1;1
ILKSON;2;14.06.1959;1;1
SATRET;2;4.08.1963;1;1
SEMEH;2;7.08.1964;1;1
YEVMIL;2;30.04.1964;1;1
TUMRU;2;20.12.1945;1;1
UFUL;2;21.03.1978;1;1
DADLI;2;13.02.1953;1;1
VASNI;2;19.08.1944;1;1
PELIVAN;2;11.05.1978;1;1
URBAY;2;8.08.1964;1;1
MIZGAN;2;23.07.1962;1;1
NIHAP;2;26.01.1954;1;1
SAKIRCAN;2;15.11.1954;1;1
BURCEM;2;1.11.1989;1;1
GOKDE;2;6.11.1989;1;1
BILDER;2;12.02.1980;1;1
CANVEREN;2;4.07.1970;1;1
MEMISHAN;2;18.04.1969;1;1
SEMDEN;2;29.07.1948;1;1
IRES;2;23.04.1961;1;1
BESSEN;2;9.11.1966;1;1
BAYSON;2;3.01.1951;1;1
NUKU;2;29.11.1944;1;1
ALER;2;27.01.1976;1;1
BASRO;2;4.02.1960;1;1
BEDUHAN;2;4.06.1968;1;1
VENNEHAR;2;29.11.1962;1;1
TEVAP;2;12.03.1971;1;1
HESARI;2;4.06.1953;1;1
HACEP;2;8.08.1962;1;1
BESERI;2;13.06.1975;1;1
KEBUT;2;20.10.1964;1;1
ABIDI;2;18.06.1979;1;1
HOSU;2;1.05.1938;1;1
HACCU;2;17.05.1926;1;1
URKMEN;2;18.05.1964;1;1
MORFI;2;21.05.1949;1;1
MUHLISIN;2;6.04.1961;1;1
EFZEL;2;7.06.1946;1;1
GURKEM;2;7.10.1989;1;1
DILKES;2;3.05.1974;1;1
NEVRESIN;2;18.04.1947;1;1
REHIMI;2;5.02.1949;1;1
MUKRAM;2;18.10.1966;1;1
BIHICAN;2;17.11.1964;1;1
MUTLULUK;2;22.06.1979;1;1
HAPIL;2;19.04.1958;1;1
BETRUS;2;4.10.1949;1;1
SEZGAN;2;27.03.1968;1;1
YETSEL;2;24.02.1965;1;1
BEDENI;2;25.06.1967;1;1
RAMAZET;2;15.04.1957;1;1
ERCIH;2;11.11.1973;1;1
MEFARI;2;26.04.1973;1;1
MULCEM;2;27.05.1959;1;1
SEBRAIL;2;25.11.1981;1;1
LITAFET;2;12.06.1953;1;1
AYZEM;2;5.01.1977;1;1
OGUZAN;2;7.02.1975;1;1
SULLUHAN;2;7.03.1948;1;1
MARICEL;2;6.11.1974;1;1
BORKE;2;5.11.1980;1;1
SIMBAT;2;30.05.1972;1;1
NEGIR;2;15.12.1962;1;1
MUFTEN;2;7.06.1976;1;1
MUHLISI;2;7.05.1960;1;1
SAHMEREM;2;23.12.1969;1;1
SAALI;2;16.09.1962;1;1
NESU;2;16.03.1955;1;1
KUNDAY;2;20.03.1971;1;1
GAHRIMEN;2;25.09.1982;1;1
IKBAM;2;26.11.1959;1;1
GAYRA;2;30.01.1954;1;1
SEKIMAN;2;14.11.1946;1;1
SIFKAT;2;16.12.1961;1;1
GUNERGUN;2;30.2.1965;1;1
EPTER;2;15.02.1961;1;1
SORMAZ;2;26.06.1981;1;1
VIRDAL;2;1.07.1975;1;1
CEMREN;2;12.04.1960;1;1
ZAKKUM;2;19.06.1988;1;1
SEFAA;2;7.07.1972;1;1
HILMIYA;2;23.02.1963;1;1
GORKMEN;2;2.12.1984;1;1
ERNAN;2;15.12.1963;1;1
TEREM;2;28.07.1965;1;1
OLIM;2;5.02.1956;1;1
ADER;2;6.06.1990;1;1
KADAN;2;15.01.1954;1;1
ZENGIBAR;2;4.03.1981;1;1
METIM;2;22.06.1944;1;1
RAYAL;2;19.04.1971;1;1
AYSOLMAZ;2;21.10.1938;1;1
BILGETURK;2;17.06.1981;1;1
AFAKAN;2;9.06.1963;1;1
TEZAR;2;26.04.1966;1;1
TURKAR;2;28.03.1953;1;1
OZBAG;2;2.02.1976;1;1
ELICIN;2;24.01.1979;1;1
ARSEZ;2;27.08.1958;1;1
GUNAYDI;2;16.02.1964;1;1
FERUZI;2;24.01.1955;1;1
IYI;2;19.10.1948;1;1
SEZHAN;2;2.05.1984;1;1
BEYCI;2;5.11.1964;1;1
SUTKAN;2;20.04.1952;1;1
SEBAHIL;2;10.10.1961;1;1
NEBUVET;2;11.02.1943;1;1
ZELIMHAN;2;11.06.1985;1;1
EMRUHI;2;20.09.1969;1;1
NEJNUR;2;2.07.1977;1;1
AFFAT;2;20.02.1959;1;1
IRFAZ;2;22.11.1961;1;1
HUDAT;2;18.03.1947;1;1
CUMAZI;2;15.08.1954;1;1
MUSEYYET;2;9.08.1956;1;1
SONGUNAY;2;16.08.1973;1;1
SEBAYETTIN;2;26.11.1947;1;1
MUSAHHAR;2;27.11.1954;1;1
NADIRAY;2;20.06.1977;1;1
ECA;2;22.04.1984;1;1
DERGUN;2;12.05.1958;1;1
ZIBIT;2;19.06.1945;1;1
REFTALI;1;23.10.1972;0;1
TEVSUR;1;17.01.1960;0;1
FADOG;1;5.05.1937;0;1
ZEDOG;1;12.07.1947;0;1
ROVSANA;1;21.03.1981;0;1
HACALET;1;22.08.1931;0;1
EBRAGUL;1;22.11.1979;0;1
TEMELNUR;1;21.05.1959;0;1
BIRIMAN;1;1.02.1943;0;1
SAVHAR;1;11.11.1952;0;1
MURTED;1;11.10.1982;0;1
KIFYA;1;12.08.1977;0;1
GULHANGUL;1;2.10.1969;0;1
UGURNUR;1;21.09.1974;0;1
SEBINIYE;1;17.02.1948;0;1
HIFIYE;1;17.06.1972;0;1
DEIRYA;1;24.02.1982;0;1
MUHZEHER;1;18.01.1966;0;1
ELIFLA;1;7.02.1987;0;1
AYSUMEN;1;17.10.1985;0;1
PERIY;1;5.08.1928;0;1
ZEVKAN;1;12.06.1965;0;1
SERFIDE;1;27.04.1945;0;1
LEYLMUN;1;7.05.1964;0;1
GULKESIM;1;2.07.1980;0;1
HOMRI;1;2.02.1957;0;1
NISIHAN;1;12.04.1929;0;1
SERULA;1;1.09.1974;0;1
ZENEY;1;9.04.1919;0;1
HATMASULTAN;1;28.04.1950;0;1
GULFAH;1;11.05.1978;0;1
ERE;1;21.09.1985;0;1
NIKKEY;1;6.04.1944;0;1
ZERIHBAN;1;18.06.1985;0;1
PURHANIYE;1;23.12.1961;0;1
FERIYHA;1;16.08.1951;0;1
EFRUZEL;1;21.09.1972;0;1
NURBEYEN;1;7.03.1974;0;1
AKEY;1;7.02.1952;0;1
CADILE;1;26.01.1934;0;1
CLEO;1;7.12.1971;0;1
ABIGUL;1;5.06.1951;0;1
BIRLE;1;17.12.1943;0;1
GULMUSEMMA;1;20.03.1984;0;1
BEYAZHAN;1;2.05.1987;0;1
GIMEY;1;9.02.1955;0;1
GULERYIL;1;26.01.1967;0;1
MALHIYE;1;3.03.1963;0;1
HUDUR;1;2.02.1975;0;1
EZIK;1;12.08.1923;0;1
NERPUZ;1;1.07.1987;0;1
NEVSIHAN;1;17.10.1948;0;1
MEYEREM;1;22.02.1967;0;1
FATMASEMIHA;1;21.05.1983;0;1
AHSENNUR;1;28.06.1989;0;1
AYSEGULELE;1;19.07.1957;0;1
TECISEL;1;17.05.1978;0;1
UGRUYA;1;14.08.1973;0;1
REFIKAREMZIYE;1;19.05.1960;0;1
BAHARHAN;1;27.02.1986;0;1
ARSIT;1;13.07.1973;0;1
FIRDEL;1;13.10.1963;0;1
NEBAHAY;1;17.02.1972;0;1
SUNUC;1;27.07.1989;0;1
YASARIN;1;10.02.1972;0;1
AMMARA;1;21.10.1989;0;1
KENGUL;1;22.07.1961;0;1
NESLAHA;1;25.05.1967;0;1
ZEHLIHA;1;28.05.1943;0;1
HARAFET;1;4.06.1974;0;1
HIBANUR;1;23.03.1991;0;1
YALITE;1;21.03.1971;0;1
SEZAK;1;29.10.1979;0;1
LEVRENDE;1;6.08.1955;0;1
EGESOY;1;22.08.1989;0;1
ELYEM;1;3.01.1991;0;1
SAYHAL;1;17.11.1959;0;1
AYNIHET;1;8.04.1957;0;1
HAZYAN;1;21.02.1984;0;1
BATIFE;1;8.02.1934;0;1
LEYLASERPIL;1;1.05.1955;0;1
MUNSIFE;1;18.09.1951;0;1
SIRADET;1;9.11.1945;0;1
VECHA;1;27.01.1964;0;1
SURUDAN;1;22.02.1961;0;1
HURTUGBA;1;17.06.1989;0;1
RESMILE;1;21.03.1948;0;1
GAHURE;1;20.03.1936;0;1
HATURE;1;7.12.1972;0;1
BETULHANIM;1;26.05.1972;0;1
ANSARIYE;1;13.03.1984;0;1
UFIKAN;1;3.08.1968;0;1
YUVAHIDE;1;29.09.1936;0;1
ISHAF;1;8.06.1964;0;1
MUSUKAN;1;2.10.1963;0;1
CENNIY;1;4.05.1981;0;1
NURTANSU;1;29.08.1986;0;1
ZUKEYNA;1;19.06.1948;0;1
MERHEC;1;20.02.1965;0;1
ASLIHANBAHAR;1;10.06.1986;0;1
ELINAY;1;1.12.1977;0;1
ELPIRI;1;12.06.1965;0;1
EDNUBAN;1;12.03.1965;0;1
BEDESHAN;1;2.09.1938;0;1
FATUMETUZEHRA;1;2.07.1975;0;1
BUKADAR;1;7.06.1973;0;1
AYSEGULPERI;1;27.09.1943;0;1
YEKAN;1;16.05.1974;0;1
NEVZIHA;1;27.11.1940;0;1
MEDINEHAFIZE;1;20.01.1976;0;1
SUUM;1;7.05.1976;0;1
MAHIPERUZE;1;18.06.1948;0;1
AZIZENIHAL;1;26.03.1974;0;1
FATIMESEMA;1;20.03.1946;0;1
HANZAN;1;27.10.1980;0;1
ERSINA;1;18.05.1976;0;1
NUPER;1;8.05.1969;0;1
TANSENAR;1;20.08.1967;0;1
MIYENNES;1;26.03.1982;0;1
SEHPEREN;1;11.06.1949;0;1
HAFERI;1;2.03.1957;0;1
EZIET;1;7.08.1964;0;1
DILOF;1;2.02.1951;0;1
AZEY;1;1.01.2001;0;1
PERIRAT;1;16.11.1940;0;1
HAMPULU;1;11.03.1950;0;1
YUSRANUR;1;13.08.1990;0;1
FIPER;1;9.02.1964;0;1
RUSYEN;1;27.09.1972;0;1
FIRDEVSIALA;1;2.02.1957;0;1
KIFAYA;1;16.10.1944;0;1
IRAZIYEN;1;30.03.1956;0;1
GURUCU;1;23.04.1936;0;1
TULGUZ;1;5.05.1981;0;1
MEZDIYE;1;28.05.1966;0;1
SUBAYA;1;7.05.1946;0;1
GULENSEN;1;18.08.1939;0;1
RECIBAN;1;6.04.1957;0;1
MEYALE;1;11.05.1927;0;1
KATAYUN;1;16.12.1939;0;1
GULRIZE;1;21.11.1960;0;1
SADIYEBANU;1;8.05.1980;0;1
BERRAKCAN;1;14.10.1987;0;1
BIBECAN;1;14.03.1971;0;1
MIHASA;1;8.07.1964;0;1
BAYSEBAH;1;17.02.1965;0;1
SAHLIHA;1;27.09.1974;0;1
PANIS;1;24.04.1929;0;1
TONIS;1;21.02.1966;0;1
EKABIRI;1;4.04.1951;0;1
ASILHANIM;1;17.09.1970;0;1
ZEYLIHA;1;22.02.1967;0;1
OMULLU;1;8.04.1922;0;1
SOGNUR;1;28.11.1961;0;1
AYRIKA;1;22.02.1949;0;1
NEFTINE;1;19.04.1970;0;1
ASTENE;1;1.09.1954;0;1
NONUS;1;12.02.1971;0;1
ZILBENT;1;11.04.1946;0;1
DUSENSE;1;6.11.1962;0;1
EZGISAN;1;30.11.1987;0;1
SUNASET;1;3.04.1963;0;1
HUMULBENI;1;3.09.1956;0;1
BELFIM;1;6.02.1971;0;1
BERILAY;1;23.07.1987;0;1
ZILIT;1;12.04.1947;0;1
GULERNAZ;1;28.03.1957;0;1
BENGUNAY;1;25.02.1981;0;1
MUSABIHA;1;28.03.1962;0;1
SEDEP;1;17.08.1966;0;1
KEVIRE;1;20.02.1963;0;1
DIZAN;1;2.02.1933;0;1
MUBESSEL;1;6.08.1955;0;1
ILINUM;1;17.09.1929;0;1
INCIYAZ;1;17.02.1954;0;1
TILMAN;1;10.11.1980;0;1
TATAVUN;1;4.05.1950;0;1
MUHAZARIYE;1;12.12.1964;0;1
HAZENGUL;1;23.08.1983;0;1
FULYET;1;22.07.1973;0;1
SABIHAMERYEM;1;8.12.1952;0;1
NURLAT;1;17.02.1954;0;1
TEYSEL;1;22.10.1979;0;1
NUTVUYA;1;14.03.1953;0;1
SAPURA;1;7.08.1958;0;1
NEJLIM;1;29.09.1972;0;1
PENAHIR;1;23.10.1945;0;1
MAHAYAZ;1;17.04.1954;0;1
AYTEZIN;1;27.04.1944;0;1
GANTURE;1;12.04.1965;0;1
ICI;1;2.02.1957;0;1
SAHBANAT;1;21.06.1964;0;1
MELFERAT;1;7.02.1982;0;1
ISIKREMZIYE;1;7.04.1960;0;1
BILVARE;1;18.02.1960;0;1
VEDEHAT;1;22.08.1937;0;1
FILOS;1;2.02.1963;0;1
ZAVITE;1;11.02.1952;0;1
ZERAV;1;27.07.1980;0;1
MUKADDESMUGE;1;25.02.1986;0;1
TAMRIZ;1;16.06.1955;0;1
YASSEMIL;1;26.04.1961;0;1
LEBAN;1;2.02.1988;0;1
HATINEY;1;6.11.1955;0;1
IZIK;1;22.11.1949;0;1
OPSAN;1;26.03.1966;0;1
SERVETGUL;1;11.05.1981;0;1
HATAYA;1;3.02.1966;0;1
YASEMINDILAN;1;17.02.1992;0;1
ENDAMGUL;1;16.02.1969;0;1
REVHANIYE;1;7.03.1940;0;1
GUTLU;1;2.02.1963;0;1
ELBAHA;1;26.04.1948;0;1
MESINA;1;3.03.1975;0;1
RAHIBIYE;1;3.06.1973;0;1
ZINETTE;1;29.11.1961;0;1
NAZBILE;1;2.02.1981;0;1
NAZELLIN;1;8.11.1988;0;1
ERVAY;1;6.01.1987;0;1
MANUSIYE;1;17.01.1972;0;1
SULBIN;1;27.06.1974;0;1
RIFAYE;1;20.08.1935;0;1
SAKLIN;1;27.07.1980;0;1
TETEVUN;1;22.05.1973;0;1
KADEY;1;17.04.1948;0;1
SEFKAY;1;6.07.1991;0;1
UZGULE;1;22.01.1985;0;1
TILYA;1;20.06.1974;0;1
GEVNI;1;5.10.1950;0;1
GUVI;1;27.07.1944;0;1
GAFURRE;1;18.02.1961;0;1
ESMAYULHUSNA;1;29.10.1984;0;1
GOLYA;1;11.02.1939;0;1
NUSIGE;1;6.07.1945;0;1
REBIK;1;6.07.1978;0;1
EDIRBAN;1;1.03.1950;0;1
GURUZE;1;7.03.1976;0;1
SENEHET;1;14.08.1978;0;1
AYSEREYHAN;1;22.08.1919;0;1
FEKRESAN;1;6.08.1963;0;1
GOCERYE;1;25.03.1953;0;1
NESEY;1;3.07.1933;0;1
CEDDENUR;1;27.08.1944;0;1
ELIFSIBEL;1;27.03.1980;0;1
SURMELIGUL;1;10.01.1981;0;1
SUNHE;1;22.02.1961;0;1
MICIHER;1;22.01.1973;0;1
OLGE;1;5.07.1961;0;1
BEDEY;1;2.08.1927;0;1
NUBRICAN;1;24.02.1966;0;1
SIDIYA;1;6.11.1974;0;1
MAYPIRUZ;1;22.06.1948;0;1
BIBICAKIR;1;2.08.1963;0;1
HISU;1;2.02.1957;0;1
CANESTEHAN;1;7.08.1976;0;1
BUSIDE;1;16.07.1977;0;1
SENCILAY;1;16.10.1947;0;1
YETEYIN;1;13.03.1949;0;1
MAFIREZ;1;23.04.1949;0;1
KIVARET;1;2.05.1963;0;1
FINYA;1;17.02.1966;0;1
BOZOR;1;24.02.1943;0;1
ISAFA;1;17.02.1966;0;1
BITANE;1;11.07.1986;0;1
ZETUM;1;29.2.1975;0;1
HURRIHAN;1;9.04.1958;0;1
HAFI.;1;22.08.1936;0;1
NEDIGAR;1;16.05.1976;0;1
GURZET;1;16.01.1956;0;1
SURIYHAN;1;12.02.1959;0;1
MUFUNDE;1;16.04.1957;0;1
NEFISIYE;1;11.06.1963;0;1
FICE;1;1.02.1943;0;1
HUZUNAZ;1;2.02.1957;0;1
GULMEDI;1;21.07.1964;0;1
VARTEY;1;26.10.1930;0;1
HOSSEY;1;10.09.1952;0;1
GEYIZ;1;27.08.1973;0;1
KILLEY;1;4.05.1929;0;1
TIFAYET;1;6.06.1963;0;1
SUMURAN;1;14.08.1956;0;1
GUHEREY;1;12.02.1953;0;1
GUHAREY;1;6.08.1957;0;1
MIKAHILE;1;11.12.1973;0;1
YUCESSEL;1;11.03.1950;0;1
DULGULE;1;11.12.1970;0;1
HISER;1;27.05.1956;0;1
NURSALLIYE;1;17.09.1967;0;1
FIREY;1;22.08.1931;0;1
FURIZEN;1;20.05.1976;0;1
MUSEYYIBE;1;13.12.1947;0;1
VICTAN;1;17.03.1960;0;1
CANCIVER;1;2.02.1951;0;1
MERCUHAN;1;2.04.1963;0;1
MIBARE;1;17.08.1936;0;1
MAVCAN;1;22.02.1961;0;1
BETGUL;1;27.02.1950;0;1
SERVEZ;1;7.05.1934;0;1
ZUBIYA;1;11.08.1964;0;1
MAZISE;1;1.03.1961;0;1
ZEYCAY;1;24.10.1942;0;1
GOKBONCUK;1;26.04.1966;0;1
ULFIS;1;17.04.1936;0;1
AYCIMEN;1;12.05.1983;0;1
TAYYBE;1;30.04.1965;0;1
AYYILKIN;1;6.12.1942;0;1
NURGUYAN;1;19.05.1955;0;1
BELKIZCANU;1;15.12.1991;0;1
BEYAH;1;12.03.1983;0;1
GULIRAZ;1;21.02.1963;0;1
FADIMADIN;1;6.02.1954;0;1
BUZZEN;1;12.09.1965;0;1
IFTALE;1;6.08.1972;0;1
DERECE;1;27.08.1938;0;1
MUBEDET;1;2.02.1939;0;1
VEYSIDE;1;1.10.1936;0;1
UDBIYE;1;13.06.1943;0;1
SAIRIYE;1;4.04.1962;0;1
PORIYE;1;4.03.1938;0;1
PEVRISE;1;16.06.1945;0;1
GULDIR;1;25.09.1941;0;1
ULTERI;1;12.07.1965;0;1
LEYMANE;1;1.03.1943;0;1
SAHIRET;1;13.06.1946;0;1
INTIBAR;1;3.10.1988;0;1
GULSELIL;1;21.01.1957;0;1
SANIMNUR;1;26.02.1949;0;1
ZICEL;1;26.10.1936;0;1
ZUMENYE;1;5.05.1975;0;1
NESRUDE;1;2.11.1957;0;1
LEYIM;1;16.09.1984;0;1
AYBALASUNDUS;1;10.12.1991;0;1
IREZME;1;5.12.1947;0;1
ZEYTE;1;22.05.1967;0;1
BEYHUZA;1;22.02.1967;0;1
SUFUKE;1;18.04.1941;0;1
DILCAT;1;4.04.1959;0;1
NURKALE;1;12.08.1965;0;1
BUTEN;1;19.10.1964;0;1
RUMEYISA;1;16.12.1981;0;1
UMMETIYE;1;27.02.1962;0;1
NUYUBE;1;14.08.1944;0;1
PERIHAH;1;7.01.1980;0;1
MAKSUL;1;22.07.1973;0;1
MUYESSEM;1;16.08.1955;0;1
NOGBE;1;26.12.1973;0;1
HADUFE;1;26.03.1959;0;1
LEYMIYE;1;28.06.1973;0;1
NUYBE;1;21.11.1941;0;1
GULAZGUN;1;22.03.1955;0;1
MEVDIBE;1;27.09.1974;0;1
FILIMAN;1;16.02.1964;0;1
FATIZE;1;6.11.1974;0;1
KEZIBBAN;1;19.04.1990;0;1
MUSTEHIME;1;12.07.1927;0;1
NEJLEHAN;1;3.08.1975;0;1
DANSER;1;12.02.1953;0;1
NABIRA;1;15.02.1973;0;1
DILDESTE;1;23.02.1955;0;1
TURKACI;1;18.11.1958;0;1
MELESIR;1;6.01.1944;0;1
BOLKUZAR;1;11.10.1956;0;1
NESTI;1;17.04.1936;0;1
MESUMET;1;6.12.1976;0;1
FERFADIYE;1;11.03.1975;0;1
ARZIYAR;1;16.03.1957;0;1
SEBAHATTAR;1;18.05.1936;0;1
GULTULU;1;5.08.1983;0;1
MUNCUHEN;1;29.10.1981;0;1
NEAGU;1;3.06.1973;0;1
NUGIYE;1;6.11.1984;0;1
NESIPKAN;1;26.04.1954;0;1
SUMENYYA;1;7.04.1977;0;1
SUYELLA;1;1.12.1983;0;1
TAHYET;1;19.09.1956;0;1
SENFIDE;1;22.06.1967;0;1
GUMAFER;1;30.11.1969;0;1
ESMADUYGU;1;8.11.1988;0;1
AZNIFER;1;4.05.1962;0;1
MARZIHAN;1;25.03.1945;0;1
UGURSEV;1;11.04.1981;0;1
UMMUSUGUL;1;3.10.1972;0;1
MEYMULE;1;27.02.1955;0;1
PEHRINAZ;1;27.05.1943;0;1
NUGUBE;1;16.08.1957;0;1
TIFTIYE;1;16.09.1983;0;1
HILVANIYE;1;12.11.1935;0;1
ZINISAK;1;17.08.1936;0;1
TAYGIBE;1;30.07.1972;0;1
DURSU;1;12.02.1965;0;1
SAVFIDE;1;2.11.1969;0;1
SERHMIL;1;11.09.1964;0;1
NAHALLAN;1;4.01.1957;0;1
NIHLIFER;1;8.03.1958;0;1
BIRSEI;1;20.03.1971;0;1
IRASEN;1;23.08.1978;0;1
SIMRAH;1;7.10.1958;0;1
UNZAL;1;1.11.1960;0;1
EMUME;1;13.04.1984;0;1
MEHBARI;1;23.08.1971;0;1
GUBIHAN;1;9.01.1968;0;1
KARINNA;1;12.09.1966;0;1
LUGUYE;1;6.06.1963;0;1
SAYZEL;1;11.11.1958;0;1
MERDE;1;27.10.1991;0;1
H.KAMILE;1;17.05.1978;0;1
LUBEDA;1;27.07.1968;0;1
MUZELGEL;1;7.05.1940;0;1
ZELPA;1;21.08.1980;0;1
MEHPUB;1;11.01.1987;0;1
POPI;1;5.07.1945;0;1
NISAFIYE;1;14.04.1941;0;1
FERHATIYE;1;11.03.1964;0;1
CEZAN;1;12.06.1953;0;1
SUHENDAL;1;13.09.1950;0;1
SEYNUN;1;4.06.1975;0;1
FIRIDEZ;1;12.05.1941;0;1
DALUFER;1;12.08.1923;0;1
MURUCET;1;13.03.1975;0;1
DALIFER;1;24.06.1963;0;1
SEHMIHAN;1;23.01.1943;0;1
FATLIS;1;22.02.1955;0;1
MENUSIYE;1;6.03.1962;0;1
POLISE;1;21.04.1951;0;1
PULUSE;1;18.04.1945;0;1
BILYOR;1;13.03.1971;0;1
PENOL;1;28.05.1971;0;1
MENUN;1;26.05.1953;0;1
TURKUDIYE;1;18.11.1952;0;1
MAKSUS;1;21.03.1965;0;1
MEVAYIL;1;17.03.1966;0;1
SEVRIL;1;14.05.1975;0;1
GULMERIYE;1;21.12.1971;0;1
NECMIRE;1;9.03.1950;0;1
BESELI;1;12.08.1923;0;1
KATET;1;10.03.1952;0;1
GUKNUR;1;1.11.1991;0;1
BAKKULE;1;10.11.1957;0;1
MELHIYA;1;16.10.1975;0;1
NUUBE;1;19.12.1953;0;1
IYCAN;1;22.06.1967;0;1
RASEMIN;1;6.10.1971;0;1
FARZILET;1;29.03.1975;0;1
MERCIYAN;1;2.02.1975;0;1
LEZENDER;1;1.01.1955;0;1
GUNKOZ;1;19.12.1944;0;1
MUSAKERE;1;20.05.1984;0;1
NASA;1;23.11.1953;0;1
MEJMURIYE;1;27.01.1980;0;1
SUBAYET;1;7.02.1976;0;1
MUHSAR;1;17.08.1936;0;1
ULBEYAZ;1;21.07.1968;0;1
NAZIFEANA;1;16.06.1933;0;1
HANIFANA;1;27.05.1956;0;1
NUGZIYE;1;29.12.1974;0;1
ANDEM;1;4.07.1963;0;1
RUZBUYE;1;26.09.1958;0;1
ESPARIYE;1;1.10.1966;0;1
INCIYAR;1;22.02.1981;0;1
MUKATTISE;1;12.09.1934;0;1
REHIBAN;1;26.04.1976;0;1
NARICIN;1;5.09.1941;0;1
IMUHANI;1;27.03.1968;0;1
BUZEYNE;1;11.06.1971;0;1
SEMRIGUL;1;29.03.1950;0;1
SUMRULIYE;1;26.02.1971;0;1
MUCES;1;16.04.1937;0;1
MULGUNAZ;1;28.12.1958;0;1
TARMIS;1;21.06.1957;0;1
TEYFIDIYE;1;19.01.1964;0;1
SALYE;1;3.04.1963;0;1
ZINDA;1;12.08.1923;0;1
BUVE;1;30.03.1956;0;1
MURAHAT;1;12.03.1953;0;1
DENUDE;1;4.08.1963;0;1
ASURET;1;14.03.1973;0;1
DURDUNAR;1;30.04.1973;0;1
ALTINSEF;1;17.06.1965;0;1
MUREBBER;1;27.02.1938;0;1
SUMEYLE;1;17.06.1965;0;1
ULGERIYE;1;3.05.1971;0;1
OZDEMET;1;1.05.1991;0;1
MILKIRAZ;1;9.03.1982;0;1
ARAFIL;1;24.09.1950;0;1
NESLIGUN;1;21.09.1983;0;1
FADINANA;1;13.06.1986;0;1
ALANKAYA;1;28.10.1943;0;1
MUESSAR;1;10.06.1957;0;1
MUSSE;1;12.02.1959;0;1
MEYTIMER;1;9.03.1948;0;1
ROSELINDE;1;18.04.1960;0;1
HUPRUZE;1;23.12.1956;0;1
REFIYDE;1;6.08.1972;0;1
DARIGA;1;21.05.1961;0;1
AYITCEMAL;1;22.08.1931;0;1
IRISTI;1;27.08.1926;0;1
NURIVVER;1;14.05.1952;0;1
CENUN;1;4.10.1960;0;1
MERDAGUL;1;23.03.1972;0;1
METILAY;1;9.12.1980;0;1
ESMIYAN;1;26.09.1934;0;1
KESMET;1;2.05.1975;0;1
SENSIBAN;1;15.05.1962;0;1
SERUFE;1;1.02.1961;0;1
GULBEYZ;1;27.02.1956;0;1
HATUHAS;1;1.06.1955;0;1
GULUMSERE;1;27.02.1968;0;1
ZALFI;1;2.02.1957;0;1
AHIDIYE;1;22.02.1961;0;1
FEKKINE;1;1.10.1956;0;1
BIDANIYE;1;14.12.1964;0;1
FAFINAZ;1;2.02.1957;0;1
SEFRIKA;1;21.09.1957;0;1
AKGULE;1;7.06.1937;0;1
MAFUZER;1;27.02.1950;0;1
DESTURIYE;1;19.05.1924;0;1
NAVSE;1;24.11.1985;0;1
SEMRAYI;1;2.09.1964;0;1
SEMINOR;1;2.02.1951;0;1
ZERNIGUL;1;22.07.1937;0;1
MAHMUTIYE;1;2.03.1957;0;1
GULHAM;1;12.03.1950;0;1
NADIRN;1;17.03.1960;0;1
ZUCACE;1;17.02.1966;0;1
CINADI;1;15.05.1973;0;1
NISIME;1;12.02.1971;0;1
RUSUDIYE;1;7.07.1970;0;1
NERIYA;1;3.10.1988;0;1
SIDDIKAR;1;1.06.1973;0;1
SAHISA;1;26.08.1972;0;1
HAVAIS;1;27.02.1974;0;1
ILVENUR;1;22.02.1991;0;1
ZARNICHAN;1;16.02.1962;0;1
LANIFER;1;24.03.1955;0;1
DUKUL;1;6.12.1980;0;1
SUKER;1;8.02.1935;0;1
HALINA;1;2.07.1940;0;1
NIHANSU;1;13.09.1991;0;1
SERDUMEN;1;22.02.1958;0;1
IMRAHANE;1;27.02.1968;0;1
MAKUZE;1;9.02.1965;0;1
IFAYA;1;23.07.1971;0;1
ZEDAF;1;5.05.1970;0;1
IDALE;1;30.05.1960;0;1
GUREDAG;1;17.12.1972;0;1
GUREDA;1;11.06.1940;0;1
EMIRZER;1;22.10.1990;0;1
FILIKER;1;18.09.1966;0;1
GIOULBENIZ;1;28.06.1955;0;1
SUMERHA;1;29.12.1985;0;1
CEZMUREN;1;7.04.1958;0;1
ANIA;1;27.11.1970;0;1
MELIKER;1;16.12.1970;0;1
BIRZER;1;21.10.1982;0;1
SEZGUZEL;1;19.10.1979;0;1
BEDIHEN;1;6.01.1974;0;1
ZULFISYE;1;1.06.1961;0;1
SWEN;1;1.08.1968;0;1
GULKAM;1;16.07.1969;0;1
SEHNIZER;1;2.02.1951;0;1
SEVUYE;1;16.10.1973;0;1
ATTRACTA;1;19.04.1951;0;1
ZULFIGA;1;22.02.1967;0;1
ULFEM;1;15.10.1956;0;1
UMMIN;1;6.07.1942;0;1
PELIHA;1;23.10.1942;0;1
YUVABILSEN;1;8.10.1944;0;1
CEVHIYE;1;21.11.1957;0;1
FIDADEN;1;20.03.1977;0;1
HASLISAN;1;4.11.1939;0;1
ZUBIYHA;1;6.10.1962;0;1
MIHNIYER;1;1.04.1943;0;1
ZELCIYAN;1;22.04.1949;0;1
GJULIZAR;1;23.03.1975;0;1
MAUTAP;1;26.01.1986;0;1
FEGAH;1;16.01.1983;0;1
MELEHITTIN;1;24.05.1963;0;1
GOLUMAN;1;12.07.1941;0;1
NEUMAN;1;27.01.1956;0;1
DANU;1;9.12.1984;0;1
SERURE;1;23.05.1961;0;1
HUVMA;1;27.06.1950;0;1
NURTAZIYE;1;21.04.1965;0;1
SUNNEFER;1;18.06.1946;0;1
GONDONER;1;2.02.1951;0;1
SEVDAYE;1;4.08.1981;0;1
NESEDE;1;27.02.1974;0;1
SULUYHA;1;6.02.1972;0;1
NEKDAL;1;22.02.1961;0;1
GULTAHI;1;7.08.1934;0;1
FIRAHIYE;1;12.04.1941;0;1
SAFINAN;1;20.04.1942;0;1
GULSEFIYE;1;8.12.1974;0;1
CABIRIYE;1;23.12.1949;0;1
SANLIM;1;1.09.1953;0;1
FIRKADIN;1;30.10.1968;0;1
SANDUM;1;1.07.1952;0;1
HACCUK;1;25.04.1963;0;1
ZENIVE;1;26.10.1965;0;1
TULFIYE;1;21.07.1959;0;1
HATCUK;1;23.04.1937;0;1
SAYYALE;1;29.06.1944;0;1
TALIZAR;1;17.08.1930;0;1
SEBANE;1;6.05.1966;0;1
GUCCEK;1;13.02.1937;0;1
CEMALIKE;1;29.07.1940;0;1
UMUHA;1;7.03.1952;0;1
SERMIDAL;1;24.03.1981;0;1
RUGIDE;1;26.04.1971;0;1
CEFAYEL;1;6.03.1961;0;1
TUFALE;1;6.01.1951;0;1
KESFINAZ;1;23.12.1952;0;1
AZNURE;1;12.10.1953;0;1
GURSERE;1;23.05.1942;0;1
DURHIYE;1;7.08.1934;0;1
NUNKARE;1;6.06.1951;0;1
MURFIN;1;11.12.1973;0;1
MURCAM;1;1.08.1966;0;1
MUSEFFIYE;1;16.05.1959;0;1
CACER;1;9.12.1934;0;1
SUBEYA;1;22.06.1967;0;1
BURSUYE;1;6.03.1973;0;1
GULSIDAN;1;21.08.1988;0;1
CEHURE;1;15.05.1970;0;1
GURSANI;1;17.02.1948;0;1
GURSANE;1;2.11.1978;0;1
MEHSUTE;1;21.02.1957;0;1
OZCANE;1;9.02.1952;0;1
SEHMIYAR;1;2.02.1951;0;1
HASNET;1;7.02.1952;0;1
LESLIHAN;1;8.06.1983;0;1
PASGUL;1;14.12.1938;0;1
ZEYNITIYE;1;12.02.1971;0;1
GULACTIN;1;22.02.1967;0;1
AHUZE;1;7.05.1942;0;1
MAYGUN;1;19.05.1952;0;1
KUZAN;1;2.04.1945;0;1
GULTAZZE;1;22.02.1967;0;1
GULAIYE;1;7.06.1964;0;1
NEJDASIYE;1;7.02.1975;0;1
ERSANIYE;1;1.11.1966;0;1
KIFAYI;1;2.06.1963;0;1
NISAMIYE;1;11.02.1957;0;1
TALITE;1;22.04.1943;0;1
RUFIGE;1;21.04.1959;0;1
MUGANNIYE;1;27.02.1968;0;1
DEMIHA;1;22.08.1931;0;1
TEYAZEL;1;21.06.1977;0;1
HULADIYE;1;2.08.1969;0;1
LEFURA;1;27.02.1956;0;1
MUCVEN;1;21.10.1966;0;1
NARKILE;1;7.02.1946;0;1
GULFINDIK;1;16.03.1933;0;1
MISVIKA;1;21.03.1941;0;1
ESGONUL;1;2.06.1968;0;1
MUCDEM;1;22.09.1937;0;1
DUFDER;1;1.06.1955;0;1
NARENDE;1;14.04.1907;0;1
IGAFET;1;10.05.1974;0;1
SUZEYYAN;1;29.07.1944;0;1
NEMAHAT;1;6.07.1939;0;1
ZULKADI;1;3.04.1931;0;1
GULHASER;1;27.05.1950;0;1
ZENCAFIL;1;9.06.1970;0;1
DONARIK;1;12.09.1950;0;1
FAHRIMEN;1;23.05.1954;0;1
GIZBES;1;2.04.1972;0;1
NESLANI;1;16.04.1969;0;1
SEHSUN;1;19.11.1957;0;1
GUNEYEL;1;11.06.1938;0;1
ZUFERYA;1;12.06.1970;0;1
LINARA;1;8.02.1975;0;1
GILABUDAN;1;6.04.1956;0;1
NAZLISA;1;2.07.1981;0;1
NIGAHBANK;1;16.07.1955;0;1
BAKIYENUR;1;12.11.1990;0;1
HUSRAM;1;13.10.1934;0;1
GOPER;1;6.08.1937;0;1
FAYIGE;1;15.12.1951;0;1
MIRGULAY;1;27.11.1963;0;1
TEVHIBE;1;13.06.1953;0;1
ZULGADI;1;1.10.1973;0;1
GUNEYHA;1;27.08.1956;0;1
GICINI;1;22.02.1955;0;1
TEMRAY;1;12.01.1959;0;1
LIPING;1;26.01.1978;0;1
ZERDANUR;1;11.02.1962;0;1
MINEYLA;1;3.03.1969;0;1
SERHANDE;1;10.05.1976;0;1
ZABAHNUR;1;11.01.1968;0;1
IPAGIYE;1;24.05.1976;0;1
SAFEHET;1;9.02.1969;0;1
SUKUNIYE;1;1.05.1954;0;1
SAHSENIYE;1;22.01.1967;0;1
CHORENA;1;19.05.1962;0;1
METAR;1;23.12.1981;0;1
SOGNUL;1;12.02.1958;0;1
ARFIFE;1;12.02.1965;0;1
GULCIYEN;1;16.05.1970;0;1
ISISANA;1;1.04.1972;0;1
NEHRIBAR;1;11.12.1969;0;1
MUBASIYE;1;26.04.1991;0;1
MUSEPPIYE;1;28.05.1973;0;1
UBUZ;1;15.04.1946;0;1
NEHRIHAN;1;19.06.1984;0;1
ISDAL;1;20.06.1958;0;1
TUNACANSU;1;28.06.1979;0;1
SELIYAN;1;22.07.1967;0;1
GULDAT;1;6.10.1977;0;1
MIKEN;1;1.11.1985;0;1
GUNDONEM;1;27.06.1965;0;1
ASUMANE;1;6.06.1949;0;1
DURISAF;1;7.05.1946;0;1
SULELA;1;2.01.1974;0;1
GULDINC;1;13.07.1965;0;1
FEKAAT;1;16.05.1958;0;1
KATIBENUR;1;23.04.1992;0;1
GULHEMDE;1;23.02.1949;0;1
MUHABBED;1;8.03.1976;0;1
ZAGIDA;1;7.05.1962;0;1
KARAKIS;1;6.12.1937;0;1
LUZME;1;17.06.1985;0;1
SEGERIYE;1;11.04.1966;0;1
MUALLIME;1;12.06.1929;0;1
TUGLAY;1;26.11.1963;0;1
SEPAT;1;20.05.1980;0;1
MUKAIDE;1;22.02.1955;0;1
SULEMYA;1;16.09.1977;0;1
SERVIGUL;1;20.01.1971;0;1
BANGU;1;30.06.1972;0;1
MELAHATFUNDA;1;7.06.1970;0;1
GULALIYE;1;26.02.1948;0;1
PEKUZAT;1;9.12.1930;0;1
OZLIYAN;1;6.07.1958;0;1
GUTAHI;1;7.08.1928;0;1
FADEMI;1;26.02.1971;0;1
RUCAT;1;27.08.1938;0;1
MENOKSA;1;1.10.1945;0;1
METAVET;1;21.03.1941;0;1
TORULAY;1;12.09.1971;0;1
SAFINAZNUR;1;25.12.1991;0;1
MINURET;1;1.04.1932;0;1
CULCAN;1;29.07.1978;0;1
RUKNE;1;25.12.1961;0;1
NEJMUNE;1;27.03.1950;0;1
MUESSEZ;1;4.07.1938;0;1
POTTAK;1;2.06.1963;0;1
PILIK;1;7.04.1964;0;1
MEYMANAT;1;11.03.1956;0;1
HUMAI;1;2.03.1938;0;1
RIYALET;1;22.08.1931;0;1
ZENCIDE;1;16.10.1945;0;1
HAVCAN;1;14.10.1930;0;1
SEFRAT;1;1.02.1967;0;1
HATUNGUL;1;12.12.1959;0;1
YUZRE;1;21.04.1929;0;1
CAGLIYE;1;17.06.1972;0;1
KILABUDAN;1;21.03.1945;0;1
BELUCAN;1;11.04.1957;0;1
NURHEYLA;1;26.08.1973;0;1
INTISA;1;26.04.1946;0;1
MUKANNIYE;1;22.07.1943;0;1
GULLUMEN;1;1.04.1972;0;1
TARIME;1;11.09.1938;0;1
MESMIDE;1;13.04.1941;0;1
SAGARA;1;26.10.1966;0;1
MUHREDIYE;1;27.10.1938;0;1
MEVRIDIYE;1;10.10.1964;0;1
RAFIMA;1;1.05.1938;0;1
MEHLIKAANIL;1;13.10.1986;0;1
MIRACNUR;1;30.06.1990;0;1
CILDER;1;25.10.1978;0;1
KUYUBE;1;6.05.1941;0;1
ESNANUR;1;15.09.1983;0;1
RABIFE;1;12.05.1941;0;1
MUBERNA;1;16.10.1976;0;1
MASUMIYE;1;12.02.1971;0;1
GUYNUL;1;28.08.1960;0;1
GUFAN;1;16.02.1945;0;1
ZUHDIKE;1;17.02.1938;0;1
LEGANE;1;21.10.1970;0;1
PERIYAR;1;3.07.1944;0;1
NURASTI;1;11.08.1987;0;1
RUKKAT;1;4.04.1949;0;1
HEKSURE;1;1.05.1938;0;1
MUSEBBEYE;1;7.12.1956;0;1
MUJCKAN;1;11.09.1964;0;1
MUSAPBIYE;1;7.02.1964;0;1
MECMURA;1;1.08.1949;0;1
DARIZHAN;1;10.09.1965;0;1
ILKPINAR;1;25.04.1977;0;1
HUKUKIYE;1;21.06.1964;0;1
SEMUNURI;1;27.05.1971;0;1
VADISE;1;22.10.1979;0;1
GULDOGAR;1;11.07.1971;0;1
HEHIME;1;12.06.1952;0;1
DURRUSSEHVAR;1;11.10.1979;0;1
URKEM;1;7.04.1940;0;1
ERZIK;1;21.11.1938;0;1
HUDASI;1;26.04.1966;0;1
ZELHAP;1;2.02.1957;0;1
SAHISDEN;1;8.04.1988;0;1
NULLU;1;15.03.1970;0;1
ILADYA;1;16.08.1953;0;1
NUNUPHAR;1;18.06.1952;0;1
RUVEYSAH;1;3.01.1969;0;1
E.GONUL;1;19.05.1967;0;1
NILNEHAR;1;8.05.1986;0;1
SERIHAP;1;21.06.1951;0;1
MENDUKE;1;30.03.1961;0;1
NURDANNUR;1;22.09.1973;0;1
SAGZEME;1;10.04.1958;0;1
RUZNE;1;22.04.1931;0;1
RAHIRE;1;6.02.1962;0;1
DOGUL;1;18.06.1947;0;1
NIFTER;1;21.04.1976;0;1
SUNKARA;1;16.03.1947;0;1
HALISAR;1;16.06.1964;0;1
SASITTE;1;2.02.1957;0;1
MEDULI;1;14.05.1951;0;1
SAMIYAR;1;20.11.1916;0;1
FEVFIYE;1;9.09.1952;0;1
FEHMURE;1;11.04.1945;0;1
CUNNAZ;1;4.10.1955;0;1
FERASE;1;18.04.1948;0;1
FARIYAN;1;16.06.1961;0;1
BUMBUL;1;16.03.1962;0;1
MUNEZEM;1;10.06.1980;0;1
IRNUR;1;3.05.1957;0;1
SEVERINE;1;8.07.1974;0;1
NEVINER;1;26.07.1982;0;1
GULMETAN;1;13.06.1977;0;1
SUSIME;1;21.06.1934;0;1
ZEYDIHAN;1;29.12.1931;0;1
LOBIYE;1;16.02.1945;0;1
MISRIANI;1;23.09.1969;0;1
SEFKAL;1;1.05.1962;0;1
RUYISEL;1;16.09.1964;0;1
MINIKIZ;1;4.06.1978;0;1
NEZMINAR;1;22.07.1940;0;1
AYSENURGULE;1;1.09.1988;0;1
ZENNEGAR;1;22.02.1955;0;1
OZLEMHALIME;1;13.12.1978;0;1
NUAYLA;1;1.03.1959;0;1
RAFINAZ;1;20.09.1947;0;1
ARTER;1;6.06.1957;0;1
TAKRURE;1;2.08.1939;0;1
ARTIK;1;16.05.1958;0;1
SAVRE;1;25.10.1968;0;1
LIVAZEN;1;5.06.1969;0;1
MUYIGUL;1;4.05.1967;0;1
SALLIYE;1;11.02.1937;0;1
GULIKO;1;1.10.1969;0;1
ZILLIYE;1;9.03.1946;0;1
GUZENDER;1;3.03.1951;0;1
NAHIKET;1;11.04.1956;0;1
MURCELLA;1;17.02.1972;0;1
SERVANE;1;6.06.1948;0;1
ZUHRIYET;1;23.09.1977;0;1
MEDIAT;1;24.09.1955;0;1
SEVKIZ;1;7.08.1940;0;1
MUHENNES;1;27.02.1975;0;1
ULUME;1;22.08.1985;0;1
ZIBEIDA;1;2.05.1957;0;1
GURSENI;1;23.06.1949;0;1
HICIYE;1;8.12.1971;0;1
NERPIN;1;12.02.1953;0;1
GULSATIN;1;29.12.1974;0;1
BAIYE;1;2.02.1933;0;1
NEVAYET;1;17.03.1947;0;1
TARSUN;1;7.05.1979;0;1
ZOZANGUL;1;22.08.1979;0;1
ALDUZAN;1;23.05.1955;0;1
FELEHNAZ;1;2.02.1951;0;1
UMEKANI;1;12.02.1935;0;1
BENZIN;1;7.02.1946;0;1
CENNEDIYE;1;19.08.1979;0;1
NEHHARE;1;7.08.1940;0;1
RUHEDDI;1;16.02.1956;0;1
CIHANPASA;1;17.02.1966;0;1
MUHET;1;16.07.1935;0;1
GEGNAR;1;16.04.1965;0;1
BILGENAZ;1;16.02.1965;0;1
BURSON;1;3.01.1975;0;1
FARFULI;1;6.06.1973;0;1
MEKIHAT;1;18.10.1956;0;1
NIDIYET;1;21.03.1965;0;1
NEAKET;1;2.02.1939;0;1
SUVAZET;1;6.09.1961;0;1
HEYHATE;1;7.07.1958;0;1
SASFIYE;1;17.07.1972;0;1
FENIHAN;1;25.10.1969;0;1
KAFULI;1;2.07.1940;0;1
NEHIRAN;1;19.05.1960;0;1
DUREYINA;1;6.01.1952;0;1
SEVDADE;1;9.05.1919;0;1
NURLEYLA;1;13.12.1955;0;1
MEMNUHE;1;28.06.1936;0;1
GOLKIZ;1;17.06.1948;0;1
HULIFER;1;22.12.1990;0;1
SEHERTAN;1;29.12.1986;0;1
IBTAC;1;21.11.1970;0;1
GUZARE;1;17.02.1978;0;1
MAARES;1;13.10.1945;0;1
TEZKIYE;1;23.01.1943;0;1
DIRIBA;1;2.08.1939;0;1
YESERE;1;7.02.1946;0;1
ESFIRE;1;19.04.1954;0;1
GULUKA;1;11.11.1961;0;1
SEMEAN;1;18.08.1975;0;1
SEVMINE;1;3.07.1984;0;1
VIDRIYE;1;22.02.1967;0;1
NERANIYE;1;10.09.1953;0;1
HEMIKA;1;17.06.1929;0;1
NISELI;1;3.04.1957;0;1
SEYADET;1;16.08.1945;0;1
RUHINNAZ;1;11.04.1960;0;1
MUZERIM;1;24.10.1966;0;1
HULYESER;1;28.11.1970;0;1
MUASEL;1;27.04.1951;0;1
DANEVER;1;6.03.1949;0;1
HERYAN;1;1.02.1959;0;1
GUNASTI;1;22.08.1954;0;1
GUNNABIYE;1;27.04.1974;0;1
KARMIN;1;19.12.1988;0;1
NURCUL;1;28.02.1950;0;1
SEMSEMA;1;23.02.1950;0;1
FEBZIYE;1;27.08.1944;0;1
MIRHIBE;1;24.05.1949;0;1
ZAIYE;1;8.05.1928;0;1
NUKIS;1;29.04.1955;0;1
BIBERNAZ;1;23.03.1961;0;1
NUZIRE;1;2.08.1933;0;1
CEVNAN;1;11.02.1951;0;1
SOHELYA;1;11.08.1944;0;1
SURBIHA;1;2.03.1957;0;1
SINYADE;1;11.04.1991;0;1
TUHEYLA;1;25.07.1945;0;1
MESANET;1;17.04.1930;0;1
NUKAR;1;12.10.1935;0;1
FEMSIYE;1;12.08.1989;0;1
NAIA;1;2.05.1945;0;1
SABAHIM;1;12.03.1959;0;1
HECEGUL;1;11.06.1958;0;1
DENA;1;22.09.1964;0;1
LEDI;1;25.10.1975;0;1
NURELAM;1;3.02.1964;0;1
MIRIBAL;1;22.02.1961;0;1
NILDANUR;1;20.09.1981;0;1
SAYRAGUL;1;4.07.1971;0;1
SENEHAN;1;17.12.1966;0;1
UMMAME;1;3.05.1973;0;1
NECIAN;1;21.02.1969;0;1
BIRLIYE;1;29.05.1944;0;1
MARUHA;1;27.10.1940;0;1
HUMEYHA;1;14.12.1965;0;1
OZDESEN;1;9.05.1988;0;1
CHAFIE;1;25.05.1981;0;1
SHUSHIK;1;6.07.1938;0;1
NELCIHAN;1;7.07.1969;0;1
FERDENUR;1;27.02.1992;0;1
NUMIGAT;1;3.04.1943;0;1
SERRAHAZAL;1;13.10.1990;0;1
MUHALLEK;1;9.03.1931;0;1
EFRUZEFILIZ;1;26.02.1963;0;1
YEKNAZ;1;20.09.1933;0;1
SENAYOL;1;23.02.1979;0;1
SEMAHIL;1;12.08.1953;0;1
TENCIN;1;1.03.1960;0;1
INAYEL;1;7.03.1973;0;1
SAHUNAR;1;4.03.1957;0;1
OCRET;1;27.08.1938;0;1
GULDENAM;1;6.09.1974;0;1
NURCEVHER;1;4.03.1957;0;1
BILHANIM;1;30.10.1984;0;1
NURSEVDE;1;9.03.1991;0;1
URE;1;27.08.1914;0;1
KUMBISER;1;11.05.1949;0;1
SUHLET;1;9.03.1953;0;1
LAHOVARIA;1;22.02.1965;0;1
KISARA;1;29.06.1965;0;1
FEMINNUR;1;26.12.1971;0;1
MAHISET;1;10.11.1966;0;1
HAZIZAT;1;27.07.1971;0;1
TEKTIRE;1;7.08.1928;0;1
LIMONNUR;1;3.03.1974;0;1
ERMAZA;1;22.10.1953;0;1
MUREYYE;1;22.02.1967;0;1
NAHURI;1;22.08.1925;0;1
AYENDE;1;23.03.1952;0;1
TERSUFE;1;3.04.1982;0;1
NAYINCE;1;29.01.1984;0;1
GOZALA;1;12.03.1959;0;1
FUTI;1;6.08.1926;0;1
IFAKE;1;3.05.1957;0;1
VIRCAN;1;1.06.1981;0;1
HURSELEN;1;30.12.1978;0;1
SEVNINUR;1;22.02.1943;0;1
SEYHATEN;1;21.09.1988;0;1
EDRIBE;1;11.02.1928;0;1
HUREMINE;1;16.09.1977;0;1
MENSEKER;1;27.02.1956;0;1
BAHTUMAN;1;27.02.1962;0;1
SEYIL;1;11.10.1963;0;1
MAGULI;1;27.02.1962;0;1
FARFULE;1;25.04.1931;0;1
SEFLEM;1;12.10.1991;0;1
NEKIZ;1;8.06.1946;0;1
BEYRIM;1;2.02.1957;0;1
HENIDE;1;9.03.1983;0;1
FERENAS;1;13.09.1968;0;1
MAASIR;1;2.08.1921;0;1
KULTARAY;1;22.03.1946;0;1
NURCAGAN;1;11.10.1970;0;1
NUELBER;1;12.10.1929;0;1
NEAR;1;7.03.1970;0;1
ESENKIZ;1;7.10.1982;0;1
SEMSIBAL;1;11.03.1961;0;1
BUKKET;1;27.02.1989;0;1
FILZ;1;27.02.1986;0;1
SEHZENE;1;20.02.1991;0;1
KUSIKE;1;16.09.1959;0;1
PANBULI;1;1.01.1981;0;1
HAMICHE;1;13.06.1965;0;1
DIDAYET;1;3.06.1977;0;1
YENIKIZ;1;2.03.1945;0;1
MASAKER;1;12.02.1941;0;1
MUGALLAH;1;21.06.1952;0;1
GULMAGFIRET;1;22.02.1935;0;1
HANIMSEN;1;12.04.1971;0;1
ESELYA;1;7.05.1976;0;1
GULELEN;1;11.02.1945;0;1
INREN;1;16.09.1951;0;1
CUHURE;1;9.03.1932;0;1
SELFIZ;1;17.02.1948;0;1
GULAYDIM;1;18.03.1966;0;1
LAFAT;1;11.05.1976;0;1
FRANCINA;1;19.02.1943;0;1
MADIRAT;1;14.01.1974;0;1
YAKIDAR;1;13.01.1992;0;1
GULZAFIRAN;1;16.06.1970;0;1
MIGSURE;1;11.02.1955;0;1
SAFIHAN;1;9.08.1971;0;1
SERDIYAR;1;8.11.1956;0;1
ALTUNKIZ;1;15.10.1923;0;1
ADIKEHATUN;1;17.02.1954;0;1
EFDAR;1;26.01.1939;0;1
GULBEYDI;1;17.06.1966;0;1
UMMUHATUN;1;26.06.1989;0;1
KUSUHRAY;1;12.10.1925;0;1
FIDAKE;1;9.02.1974;0;1
NIKAIP;1;7.04.1975;0;1
LEHVIYE;1;7.02.1940;0;1
NEFAZE;1;21.12.1960;0;1
NEREN;1;16.07.1959;0;1
MEHLIMAR;1;22.08.1961;0;1
SELLDA;1;21.10.1980;0;1
GONULNURGUL;1;17.11.1963;0;1
MEVSILE;1;23.06.1964;0;1
ILMUHHAN;1;19.09.1964;0;1
IFTATE;1;28.04.1950;0;1
SIMIBER;1;9.06.1969;0;1
BAHSEDEN;1;5.10.1944;0;1
SULEYM;1;22.03.1986;0;1
GULERENDAM;1;1.09.1943;0;1
SALAYA;1;20.02.1944;0;1
NESTA;1;13.12.1981;0;1
MERSAL;1;18.05.1975;0;1
RASIMEGUL;1;26.04.1975;0;1
ARCUN;1;21.07.1970;0;1
SHULERA;1;23.04.1970;0;1
NECDEHAR;1;22.07.1931;0;1
SUFAHAT;1;1.04.1979;0;1
TENESUP;1;27.10.1989;0;1
VILMEN;1;17.01.1972;0;1
FURINAZ;1;6.04.1961;0;1
NURFEYIZ;1;17.10.1990;0;1
BINNAZDENIZ;1;14.08.1977;0;1
GOLDUGAN;1;17.03.1942;0;1
MUREYSA;1;22.10.1985;0;1
BILI;1;22.09.1961;0;1
ZERNE;1;21.10.1978;0;1
DENIZTANYERI;1;12.11.1968;0;1
SERIHI;1;2.07.1946;0;1
TUMRA;1;21.08.1989;0;1
GUNNEAR;1;1.05.1961;0;1
ISILNUR;1;14.12.1989;0;1
NARMILE;1;27.06.1938;0;1
ASLIYEN;1;1.03.1960;0;1
GOKNEM;1;8.09.1938;0;1
TEHRIDE;1;7.11.1964;0;1
GULKEZIBAN;1;8.09.1987;0;1
RUHALIYE;1;19.09.1977;0;1
ASINUR;1;21.05.1966;0;1
MEHBERUZ;1;19.08.1982;0;1
SINEMDE;1;12.06.1965;0;1
DENNIME;1;18.08.1960;0;1
BIRIRE;1;6.05.1948;0;1
ILKNURE;1;2.02.1975;0;1
NEVZUDE;1;29.2.1947;0;1
MEYHIYE;1;9.01.1980;0;1
SALIHATUZZEHRA;1;1.03.1949;0;1
SEYHANZADE;1;15.11.1979;0;1
NUSUNET;1;2.02.1957;0;1
RAUSHANIA;1;10.03.1981;0;1
ZALICE;1;6.07.1968;0;1
HUDARET;1;27.04.1936;0;1
BELMIR;1;28.06.1990;0;1
NUIVAR;1;27.06.1944;0;1
ULVILE;1;29.02.1948;0;1
GULSUMHATUN;1;19.09.1939;0;1
GUNEHAN;1;6.06.1970;0;1
LASIFE;1;17.02.1948;0;1
MUHRUZAR;1;7.02.1940;0;1
NAFUYE;1;2.09.1956;0;1
IREMSAH;1;24.06.1991;0;1
ALCEHRE;1;17.04.1966;0;1
IFRUK;1;1.07.1967;0;1
MEZMAN;1;7.06.1950;0;1
ANAKHANIM;1;18.07.1963;0;1
MUBERRER;1;6.11.1944;0;1
KADIMET;1;1.02.1948;0;1
TULKISAR;1;5.03.1938;0;1
ZDENA;1;17.04.1970;0;1
BAHARDAGUL;1;26.02.1983;0;1
NURENSAH;1;26.05.1963;0;1
GULYANAQ;1;23.06.1972;0;1
HAFIZEHATUN;1;10.11.1956;0;1
GULZUNBUL;1;4.02.1955;0;1
TAISER;1;13.08.1959;0;1
GUFEM;1;18.11.1960;0;1
GULCEGUN;1;28.07.1983;0;1
NUSUDIYE;1;29.2.1961;0;1
DERMIN;1;7.05.1952;0;1
SEDADE;1;30.11.1974;0;1
ESMIGUL;1;3.03.1973;0;1
KURTHATUN;1;6.07.1960;0;1
ZEHRAHATUN;1;7.10.1964;0;1
MUCIBER;1;7.06.1964;0;1
HUSEREN;1;13.03.1953;0;1
SECINFER;1;27.10.1932;0;1
KURTSEN;1;12.02.1971;0;1
GIOULGAIT;1;30.03.1953;0;1
NUBERCIHAN;1;22.08.1931;0;1
DINNIYAZ;1;29.05.1925;0;1
OLCAHIN;1;17.11.1936;0;1
GURTEMIN;1;6.03.1938;0;1
MUBIHAN;1;11.06.1968;0;1
SUSAMMER;1;1.01.1953;0;1
GEBIRAN;1;27.09.1974;0;1
ZETAME;1;7.04.1961;0;1
FADULET;1;13.08.1962;0;1
DILSUZAR;1;17.10.1934;0;1
GURISER;1;12.07.1944;0;1
PEHAR;1;30.06.1974;0;1
EFILET;1;1.11.1942;0;1
HICERET;1;27.02.1932;0;1
EKRAME;1;13.03.1941;0;1
ZELAHATUN;1;13.01.1983;0;1
ESMABER;1;17.12.1984;0;1
NURTHANIM;1;22.04.1961;0;1
REDIME;1;17.10.1936;0;1
ISRAFIZE;1;27.02.1956;0;1
KURTSATU;1;2.02.1951;0;1
NEDIREP;1;11.06.1944;0;1
IFTEHARE;1;29.05.1936;0;1
SIBASE;1;18.05.1946;0;1
MIHIRAC;1;12.02.1971;0;1
ESMEH;1;12.05.1929;0;1
AYATE;1;12.07.1950;0;1
MIHAYE;1;13.06.1946;0;1
CESIDE;1;21.03.1948;0;1
ZEYMISAN;1;27.08.1944;0;1
DURNISER;1;6.11.1938;0;1
DILSIFE;1;26.10.1933;0;1
SADIMENT;1;17.02.1942;0;1
SIBEYDA;1;20.06.1966;0;1
NIMETHATUN;1;6.03.1963;0;1
ZULBIY;1;11.06.1934;0;1
SULTNA;1;16.12.1971;0;1
KURTKIZ;1;22.02.1955;0;1
ZALGUZEL;1;16.02.1935;0;1
MAITAP;1;12.06.1965;0;1
FIDAZ;1;2.08.1933;0;1
GUCIRE;1;19.05.1953;0;1
REDIHE;1;27.02.1938;0;1
CULIYDE;1;20.08.1930;0;1
IVTADE;1;27.08.1950;0;1
MIYAZER;1;2.02.1963;0;1
ZULUSE;1;2.08.1933;0;1
KAZINE;1;17.09.1978;0;1
MURZIYEN;1;7.02.1970;0;1
AKKIS;1;23.03.1967;0;1
SERKALEM;1;19.07.1979;0;1
NESAHILE;1;30.04.1953;0;1
RAYNIYE;1;23.04.1948;0;1
MECLAL;1;18.01.1978;0;1
GURMELI;1;8.02.1978;0;1
GULLEF;1;27.02.1956;0;1
SAMUZER;1;16.05.1958;0;1
NURCIYHAN;1;4.03.1992;0;1
DESIME;1;19.04.1943;0;1
MUTAREN;1;18.02.1960;0;1
SEBAHHAT;1;22.03.1974;0;1
GULBADEL;1;21.02.1989;0;1
SEYRANUR;1;24.12.1991;0;1
RATIME;1;2.02.1957;0;1
ELBARI;1;2.02.1963;0;1
KANTAZ;1;17.03.1942;0;1
AKKIZI;1;1.04.1966;0;1
SEHNAL;1;2.04.1969;0;1
SAIMISE;1;28.06.1945;0;1
MALIZE;1;8.05.1979;0;1
MEKIBA;1;22.02.1949;0;1
CANICAN;1;17.03.1990;0;1
MIHASER;1;30.01.1971;0;1
YASARIM;1;7.12.1991;0;1
SEFEDA;1;26.12.1969;0;1
TURAHAN;1;8.04.1964;0;1
SEVNURI;1;5.04.1956;0;1
ZIGUZEL;1;4.04.1948;0;1
EYCER;1;1.09.1971;0;1
MEVZUR;1;26.07.1984;0;1
GULKAL;1;16.02.1952;0;1
CEFAHIL;1;11.05.1984;0;1
SEHKURE;1;17.02.1960;0;1
LALIZE;1;10.05.1974;0;1
YEGANI;1;16.01.1950;0;1
ELNE;1;17.06.1970;0;1
HATUNNUR;1;6.02.1992;0;1
CITIK;1;6.05.1951;0;1
DURSEYINE;1;22.11.1953;0;1
RAGIBI;1;27.03.1956;0;1
ULVIHANIM;1;17.04.1930;0;1
DUNSUNHATUN;1;2.08.1933;0;1
YURDASEVIM;1;2.09.1970;0;1
BERGUYE;1;11.07.1952;0;1
NERFUDE;1;16.05.1951;0;1
TEYYUME;1;27.06.1944;0;1
SELVIME;1;7.02.1958;0;1
PARIA;1;7.08.1988;0;1
NAZIMDER;1;12.07.1952;0;1
PELLU;1;29.02.1944;0;1
SIYARIYE;1;7.02.1952;0;1
SABUKA;1;6.08.1978;0;1
REFE;1;28.06.1931;0;1
NURGIBE;1;17.06.1960;0;1
UDRET;1;4.08.1939;0;1
SEMVIYE;1;2.02.1951;0;1
LAHURIYE;1;17.04.1942;0;1
GULSEKAR;1;23.05.1931;0;1
GUKRAN;1;21.02.1972;0;1
ZUHLIYE;1;22.04.1961;0;1
CANFESIL;1;29.2.1966;0;1
SEZAKET;1;4.06.1975;0;1
SUZEHEN;1;22.02.1967;0;1
ZILEM;1;1.02.1976;0;1
MEFRI;1;22.02.1937;0;1
RUSALE;1;17.02.1954;0;1
SEFERIYET;1;22.06.1943;0;1
ZURIKA;1;13.03.1946;0;1
MUNKET;1;3.04.1933;0;1
SERFIDAR;1;7.03.1934;0;1
GELDAG;1;22.06.1982;0;1
ZULUKAR;1;9.04.1964;0;1
MAKUSE;1;12.02.1947;0;1
MEBRI;1;22.02.1967;0;1
FEZGI;1;10.01.1957;0;1
SIVIL;1;26.03.1979;0;1
GUNBEZ;1;20.07.1963;0;1
AYMIYET;1;6.02.1949;0;1
SUKRIYET;1;6.02.1949;0;1
REGIHE;1;2.06.1963;0;1
FEZIKE;1;14.03.1947;0;1
NESTIYEN;1;13.02.1983;0;1
TURAMCA;1;11.01.1936;0;1
BENKURE;1;11.07.1944;0;1
SIPLE;1;13.04.1963;0;1
MAKRUSA;1;2.10.1927;0;1
SEYINE;1;22.02.1934;0;1
GULDUREM;1;22.02.1955;0;1
ARSLANHANHANIM;1;27.02.1950;0;1
NUSUYE;1;30.04.1976;0;1
UZETIYE;1;21.04.1953;0;1
ORSULE;1;6.04.1973;0;1
IZALIYE;1;27.08.1982;0;1
SUZETI;1;21.08.1943;0;1
KADIRIRIYE;1;6.12.1974;0;1
HAYRISANI;1;14.11.1955;0;1
SEYCEHAN;1;11.01.1934;0;1
GUMAME;1;29.01.1940;0;1
SEREDUHAN;1;7.03.1944;0;1
BEBIHA;1;1.02.1954;0;1
NASIBHAN;1;27.11.1945;0;1
ARSLANE;1;30.03.1931;0;1
CEVTIYE;1;2.02.1951;0;1
NERENGUL;1;20.02.1954;0;1
ASLANHANIM;1;21.01.1963;0;1
KURMA;1;21.06.1940;0;1
RIKKE;1;19.05.1966;0;1
MERFUS;1;11.03.1945;0;1
KEZBUN;1;6.11.1962;0;1
MESINAZ;1;2.10.1974;0;1
PILIC;1;18.03.1954;0;1
SIYUZA;1;26.04.1933;0;1
KAKUYE;1;28.04.1951;0;1
SAMULE;1;22.02.1943;0;1
SEYIFE;1;11.06.1946;0;1
ERDAP;1;22.04.1961;0;1
BEHME;1;11.10.1944;0;1
NATALLA;1;12.08.1972;0;1
LEMRA;1;14.02.1979;0;1
NORDEN;1;4.07.1939;0;1
UVLIYA;1;22.02.1955;0;1
EVFIYE;1;20.07.1948;0;1
ZUDEYDE;1;5.02.1991;0;1
HULUBE;1;8.05.1965;0;1
SERHIBAN;1;4.03.1951;0;1
TUGFA;1;3.04.1989;0;1
BERADI;1;7.05.1958;0;1
MEHRICAMAL;1;24.06.1984;0;1
GUVENUR;1;23.04.1976;0;1
SULTANSEVGI;1;27.02.1968;0;1
GURRU;1;2.08.1970;0;1
SENURDILBER;1;1.06.1967;0;1
FUSKA;1;26.04.1945;0;1
MEVLEDE;1;14.05.1947;0;1
SULBAHAN;1;3.02.1943;0;1
MAHMEDET;1;3.12.1932;0;1
IBCAK;1;2.03.1945;0;1
CAYNAZ;1;16.02.1956;0;1
MUVVEDDE;1;6.05.1975;0;1
TAHIREHATUN;1;7.03.1952;0;1
HURUMUZ;1;27.02.1956;0;1
HAYTER;1;21.05.1956;0;1
NETICEGUL;1;7.01.1964;0;1
ESRAHIYE;1;6.05.1975;0;1
NURAIF;1;27.09.1972;0;1
GURTHANIM;1;12.02.1941;0;1
SANSERDI;1;27.04.1956;0;1
AYMILE;1;2.08.1963;0;1
LUBAZIYE;1;13.02.1946;0;1
SUNAYAS;1;6.12.1969;0;1
SAHINDEM;1;14.02.1954;0;1
SUZINE;1;11.05.1932;0;1
IKLIMANUR;1;26.07.1990;0;1
ASUMANNUR;1;6.05.1985;0;1
FIDESE;1;14.03.1942;0;1
GULPEYAZ;1;2.02.1957;0;1
MULBIYE;1;12.01.1965;0;1
SAMINAT;1;20.04.1932;0;1
SULEMERCAN;1;26.03.1974;0;1
SIHBER;1;11.05.1968;0;1
GUNUNDAR;1;2.02.1951;0;1
MELKUBA;1;29.04.1954;0;1
NUVELYA;1;21.05.1966;0;1
SECGU;1;1.03.1983;0;1
SUZEYME;1;1.07.1948;0;1
AYTUNAY;1;7.08.1991;0;1
OZUNUR;1;8.07.1978;0;1
EMIREHATUN;1;15.04.1933;0;1
NURTUKEN;1;14.06.1934;0;1
FULNUR;1;18.11.1979;0;1
JINVERI;1;5.09.1952;0;1
CISANA;1;11.08.1950;0;1
HULLIYET;1;27.07.1956;0;1
FEHETTIS;1;23.04.1955;0;1
SIRKAT;1;29.09.1946;0;1
GULCAHAR;1;12.07.1954;0;1
FADUMAN;1;21.01.1980;0;1
SEVBAHAN;1;14.02.1989;0;1
AHSINE;1;1.11.1979;0;1
GULBEHTAR;1;27.03.1962;0;1
BULSEL;1;2.02.1951;0;1
SUVERDI;1;16.12.1969;0;1
NURDAHIL;1;17.01.1971;0;1
RAFIRE;1;22.02.1967;0;1
SENFEZA;1;5.04.1951;0;1
ESSIZ;1;9.03.1968;0;1
NURMADER;1;12.11.1967;0;1
DEYMEGUL;1;3.07.1978;0;1
MEBESSER;1;19.03.1979;0;1
HAKUNE;1;1.11.1953;0;1
NENIR;1;21.01.1979;0;1
YELMA;1;1.05.1959;0;1
MARGHUBA;1;19.05.1983;0;1
MINIZE;1;17.02.1951;0;1
SENARIGUL;1;12.04.1965;0;1
MAKNUZE;1;22.02.1947;0;1
HALIGME;1;26.05.1968;0;1
SELBEHAN;1;1.11.1978;0;1
MZIVA;1;9.04.1967;0;1
EMSINE;1;5.04.1962;0;1
UMELYA;1;9.12.1964;0;1
MURSANE;1;19.04.1966;0;1
MELIGAT;1;28.01.1964;0;1
FUNDA.;1;3.07.1980;0;1
POSINAZ;1;28.04.1938;0;1
GUZALLA;1;27.11.1952;0;1
KHATUNI;1;1.02.1961;0;1
SEHAYLA;1;17.02.1960;0;1
AYMENER;1;17.02.1942;0;1
HURMETI;1;27.08.1962;0;1
NECERIA;1;27.08.1932;0;1
GOZME;1;26.07.1941;0;1
MAHSE;1;7.08.1934;0;1
MUSEHIBE;1;22.02.1943;0;1
TESADET;1;29.10.1935;0;1
UGURAN;1;20.05.1946;0;1
PEHZAT;1;23.05.1931;0;1
TANILE;1;17.06.1954;0;1
GUNSEDA;1;22.06.1980;0;1
BAHDUNUR;1;29.10.1991;0;1
KEFAIL;1;10.03.1980;0;1
HAYRUMAN;1;1.10.1960;0;1
EVDEN;1;6.03.1950;0;1
GULBAHARNUR;1;16.09.1991;0;1
ELIFMINE;1;11.04.1990;0;1
SUMDUR;1;22.08.1949;0;1
HATUNER;1;26.03.1958;0;1
KADRIFE;1;8.11.1976;0;1
MUSIZE;1;22.08.1925;0;1
FERAIDE;1;12.08.1923;0;1
INNAP;1;23.12.1976;0;1
MEKDES;1;19.03.1979;0;1
SUMLU;1;30.09.1966;0;1
HUNNAN;1;18.04.1964;0;1
FEVYA;1;24.03.1963;0;1
ESRAA;1;8.02.1981;0;1
MUGMIYE;1;10.03.1974;0;1
LAIFE;1;11.10.1929;0;1
SUZUDIL;1;11.08.1991;0;1
ASIKLA;1;7.08.1934;0;1
NIRBAN;1;2.10.1981;0;1
TUGBU;1;13.10.1987;0;1
NURFES;1;13.04.1948;0;1
BUHANDAN;1;6.09.1931;0;1
HUZER;1;22.08.1955;0;1
NAZIKENUR;1;4.06.1989;0;1
MUAYYE;1;7.04.1976;0;1
REFIYEYI;1;20.03.1954;0;1
UMMIGUZEL;1;8.12.1963;0;1
ESSEYDE;1;26.05.1979;0;1
CAGDAGUL;1;2.09.1984;0;1
ESENGULRU;1;23.10.1969;0;1
MUBERHEN;1;26.03.1932;0;1
YURDDAKAL;1;9.03.1943;0;1
KURSEN;1;28.09.1945;0;1
TALIHGUL;1;23.05.1957;0;1
KERDANE;1;22.08.1937;0;1
GULASLAN;1;9.01.1970;0;1
SALLIK;1;30.07.1973;0;1
LIBASIYE;1;6.02.1957;0;1
NERMUK;1;12.05.1959;0;1
MOYLUDE;1;29.05.1950;0;1
NEZLIK;1;23.06.1955;0;1
GURDANIYE;1;17.02.1936;0;1
CINKIZ;1;27.01.1951;0;1
EMRIY;1;1.06.1991;0;1
ZENNIB;1;11.05.1942;0;1
METELIK;1;1.03.1937;0;1
NECAFET;1;5.03.1939;0;1
ISPIRNAZ;1;22.02.1961;0;1
MUNEHEM;1;11.09.1933;0;1
HUDARE;1;7.08.1928;0;1
NUHURE;1;7.08.1940;0;1
PENUC;1;22.09.1943;0;1
ISGUDAR;1;17.02.1953;0;1
NAKSIYET;1;23.07.1964;0;1
FASURE;1;18.04.1960;0;1
MUSEMMEHA;1;22.02.1967;0;1
NEHRIBAL;1;22.07.1978;0;1
HANIMGOS;1;22.08.1925;0;1
PILKIDAR;1;10.06.1964;0;1
UMULKULSU;1;26.05.1971;0;1
SEYDACAN;1;3.04.1991;0;1
PENIYEN;1;23.04.1949;0;1
ZENNUSEN;1;22.09.1973;0;1
ESENGOL;1;1.02.1986;0;1
ZINETUN;1;21.02.1966;0;1
LEVIS;1;5.09.1975;0;1
FILTAS;1;13.05.1976;0;1
RUHUYAT;1;28.02.1968;0;1
SITAYET;1;15.10.1932;0;1
REYFIYE;1;22.02.1967;0;1
IPEKET;1;17.02.1966;0;1
ZILFILA;1;7.06.1934;0;1
TEMANUR;1;13.01.1949;0;1
BILISAN;1;2.06.1975;0;1
ERSINLER;1;1.01.1961;0;1
SEHREZAR;1;12.07.1964;0;1
EZKIM;1;21.08.1983;0;1
NUREYAN;1;17.09.1972;0;1
ELIFANIM;1;22.03.1943;0;1
EYHANE;1;4.09.1964;0;1
FERNADIYE;1;11.04.1955;0;1
NAZMKIYE;1;13.02.1977;0;1
CUMLER;1;23.08.1943;0;1
NEREVIN;1;17.04.1965;0;1
FIDDI;1;11.09.1945;0;1
ZAAFE;1;15.04.1957;0;1
SHAINIDEE;1;30.10.1955;0;1
YURDUGUZEL;1;2.02.1963;0;1
KAYIFE;1;18.02.1964;0;1
EZBEL;1;22.06.1961;0;1
FIKAL;1;9.09.1965;0;1
NASIYAT;1;7.04.1946;0;1
JELAY;1;4.08.1969;0;1
HISAYET;1;1.04.1950;0;1
DURRUSENIM;1;20.05.1928;0;1
SALIHSER;1;27.09.1962;0;1
VILDAS;1;10.09.1968;0;1
NUKCAN;1;16.02.1980;0;1
PERIBIN;1;21.10.1941;0;1
ASIYYAT;1;2.08.1981;0;1
MUSKUNAN;1;2.02.1975;0;1
HATICEYASEMIN;1;3.07.1972;0;1
GUNNURDAN;1;8.09.1985;0;1
CENGUZEL;1;14.02.1965;0;1
MEGUBE;1;2.05.1975;0;1
HEVILAY;1;11.05.1975;0;1
TEKUL;1;22.02.1985;0;1
MINELFI;1;7.04.1934;0;1
MUFARIKAT;1;7.04.1934;0;1
MEHIBER;1;11.03.1937;0;1
HICALET;1;22.03.1961;0;1
HANIFET;1;27.03.1944;0;1
REFALI;1;17.02.1960;0;1
KERHIBAR;1;17.12.1966;0;1
GULSIR;1;1.07.1961;0;1
NURDUK;1;29.06.1938;0;1
SEVILCAY;1;10.06.1978;0;1
FATISEN;1;28.11.1980;0;1
GUMNAME;1;27.08.1938;0;1
HIKMINUR;1;22.01.1965;0;1
AURIKA;1;21.08.1969;0;1
GULMAHIRE;1;9.01.1976;0;1
KEBIA;1;26.08.1934;0;1
FILGAT;1;12.02.1965;0;1
MESILCAN;1;11.09.1963;0;1
YAZJEMAL;1;3.09.1978;0;1
SUHULIYE;1;25.04.1971;0;1
HANIIFE;1;16.10.1988;0;1
NUTDUA;1;12.02.1959;0;1
NUFKIYE;1;7.06.1970;0;1
HACIRETHAN;1;2.11.1933;0;1
HATUNHANIM;1;22.09.1958;0;1
MUDISI;1;22.02.1933;0;1
PURNURECE;1;30.11.1990;0;1
MAAZZER;1;22.04.1967;0;1
MUSENBAG;1;1.08.1973;0;1
MAZMURE;1;7.08.1934;0;1
NEKANET;1;7.08.1946;0;1
CONKA;1;10.10.1942;0;1
GERVER;1;7.08.1940;0;1
NIHALA;1;13.05.1972;0;1
VEZIRAN;1;17.06.1977;0;1
NELBISE;1;7.02.1946;0;1
ELHAMRE;1;26.02.1978;0;1
MENSURRE;1;2.04.1980;0;1
SAVETE;1;2.02.1957;0;1
MUBASEREN;1;17.05.1976;0;1
NUBUGVET;1;6.11.1980;0;1
SUBIYYAN;1;11.05.1975;0;1
RUVUHAN;1;22.07.1943;0;1
NIZARE;1;14.07.1953;0;1
UZUK;1;21.03.1948;0;1
GEKU;1;24.06.1940;0;1
ULFIZE;1;18.04.1966;0;1
AJIMEN;1;1.01.1973;0;1
SUNEYLEN;1;27.10.1956;0;1
SUZUK;1;27.02.1938;0;1
MISKUDE;1;17.03.1950;0;1
MAGBUDE;1;12.09.1965;0;1
MULUSA;1;19.07.1948;0;1
UNZULEBETUL;1;11.02.1978;0;1
MINIZAR;1;26.02.1975;0;1
FULYAHAN;1;20.08.1987;0;1
SABUHAN;1;27.03.1986;0;1
RUHSATA;1;26.08.1917;0;1
REPIYE;1;1.04.1950;0;1
RUHSATE;1;22.08.1925;0;1
ZELIYKE;1;17.08.1954;0;1
SUHAYE;1;17.08.1960;0;1
ILHANGUL;1;2.02.1986;0;1
MILISER;1;28.09.1967;0;1
AYCIG;1;5.10.1968;0;1
GULDEBAN;1;23.04.1947;0;1
UTULAY;1;21.03.1966;0;1
SENAVIYE;1;13.02.1987;0;1
MUTVIYE;1;4.05.1946;0;1
YAVSER;1;3.12.1963;0;1
NEYZE;1;12.08.1941;0;1
SULFAR;1;2.02.1951;0;1
GULSEBNEM;1;27.01.1986;0;1
MUMECCIL;1;1.01.2001;0;1
UZULMEZ;1;17.06.1966;0;1
ZIYALEM;1;19.06.1943;0;1
ZLATIYE;1;22.08.1937;0;1
JENFER;1;3.06.1960;0;1
SATUYE;1;11.05.1970;0;1
TEFSIRIYE;1;19.08.1925;0;1
MURGUHAN;1;11.01.1962;0;1
SUREYYASELIN;1;27.09.1990;0;1
FECIRHAN;1;10.07.1967;0;1
PERMURE;1;1.01.1938;0;1
SUNNER;1;7.07.1940;0;1
HUDAKAT;1;23.08.1956;0;1
FECRUNNISA;1;20.03.1923;0;1
MEVZUFE;1;19.04.1947;0;1
SAPHAT;1;2.02.1927;0;1
ELAHAT;1;2.04.1934;0;1
MELIYHAT;1;22.08.1949;0;1
SERMAS;1;24.05.1964;0;1
ZEYNISEN;1;17.02.1960;0;1
NUHUYDE;1;12.08.1941;0;1
MEDUM;1;26.06.1937;0;1
SEPURE;1;1.12.1951;0;1
GOZILA;1;22.10.1969;0;1
PAYENDER;1;11.07.1951;0;1
ENTELA;1;28.11.1976;0;1
GULTENAN;1;2.05.1957;0;1
INCISAN;1;5.10.1956;0;1
MAGLUTA;1;10.02.1945;0;1
NUCBE;1;11.07.1951;0;1
SERANOS;1;26.08.1926;0;1
MAKPIL;1;12.03.1941;0;1
MESDUDE;1;27.02.1944;0;1
FIGURA;1;1.06.1960;0;1
ZULKAADE;1;16.07.1958;0;1
ADAKAR;1;6.02.1944;0;1
GURSELER;1;21.09.1969;0;1
MUZAKE;1;8.02.1945;0;1
MUSERE;1;28.06.1958;0;1
CEZVAN;1;6.03.1933;0;1
GULENPE;1;2.04.1963;0;1
GULLAZE;1;5.05.1966;0;1
ZOHRI;1;12.08.1941;0;1
FERDANNE;1;13.02.1967;0;1
HULUSEGUL;1;22.02.1976;0;1
GULMUM;1;12.05.1978;0;1
HACIBIYE;1;3.07.1950;0;1
ZULFICANAN;1;29.01.1971;0;1
NURSATIYE;1;3.05.1938;0;1
SINAYGUL;1;24.11.1977;0;1
KAHAREY;1;22.05.1937;0;1
RAYHALI;1;26.12.1945;0;1
KAFIZE;1;23.02.1961;0;1
MEMNUSIYE;1;18.08.1946;0;1
MUNIREGUL;1;20.04.1989;0;1
HULAM;1;18.12.1987;0;1
NARINDE;1;25.05.1941;0;1
RAZUG;1;14.07.1947;0;1
LEHVAZE;1;9.08.1926;0;1
NEBRUSEL;1;2.08.1957;0;1
NIZMIRA;1;28.03.1953;0;1
HEDRANE;1;7.02.1964;0;1
ESMURAL;1;14.07.1953;0;1
KAMZEL;1;13.10.1956;0;1
SEFDAL;1;17.03.1972;0;1
TESLIMSAH;1;6.02.1977;0;1
ZEZIHA;1;28.07.1943;0;1
FIDAME;1;22.10.1985;0;1
NARIDEN;1;14.04.1947;0;1
ULIK;1;25.04.1925;0;1
SEVCAL;1;6.05.1969;0;1
NUGRAL;1;2.01.1966;0;1
ZULAYA;1;15.04.1948;0;1
SIYATCA;1;27.08.1932;0;1
SERIBAY;1;15.09.1965;0;1
IPAL;1;29.05.1942;0;1
KESTIK;1;29.09.1942;0;1
CEMUNUR;1;12.07.1967;0;1
FURUZI;1;21.05.1968;0;1
MENKUBE;1;21.03.1947;0;1
SEHRAIL;1;9.03.1958;0;1
SAYINES;1;7.06.1951;0;1
FATIYA;1;22.02.1937;0;1
NEJLEN;1;9.03.1961;0;1
MEDIGUL;1;2.02.1969;0;1
RAKUBA;1;4.03.1971;0;1
ITLAMA;1;12.10.1970;0;1
NUSEBIHA;1;1.02.1949;0;1
ASIRIF;1;27.08.1932;0;1
MIRCE;1;18.04.1941;0;1
MINSEREF;1;2.02.1957;0;1
SANKUL;1;26.04.1939;0;1
GULSANDA;1;1.01.2001;0;1
KETAYUL;1;1.10.1968;0;1
HIDEY;1;7.08.1934;0;1
BIYHAN;1;20.04.1954;0;1
GULPERVER;1;9.06.1979;0;1
URUKIYYE;1;2.05.1939;0;1
MARZUK;1;30.11.1930;0;1
FUZEYME;1;27.12.1974;0;1
MEMNUKE;1;12.04.1971;0;1
SATITE;1;9.04.1946;0;1
LOMET;1;3.01.1933;0;1
SEFNURE;1;22.06.1967;0;1
HASLUK;1;22.02.1935;0;1
GELENDER;1;16.04.1955;0;1
VELADE;1;16.03.1939;0;1
DIDARBACI;1;30.2.1976;0;1
YARADAN;1;21.07.1969;0;1
DURHAMIYE;1;23.11.1954;0;1
EDILIYA;1;21.09.1982;0;1
FAKINUR;1;6.10.1961;0;1
UMEYZE;1;8.10.1985;0;1
ANSIT;1;10.05.1928;0;1
NURIFFET;1;21.02.1970;0;1
MEYHURE;1;26.10.1964;0;1
IZAHAD;1;21.06.1967;0;1
SUSPEN;1;17.04.1960;0;1
GULSEVGIN;1;15.10.1982;0;1
SAHMAMA;1;9.05.1952;0;1
MUDADDER;1;23.01.1978;0;1
TIBIYAN;1;7.11.1969;0;1
HERDAM;1;26.06.1942;0;1
SEYVENAZ;1;21.11.1983;0;1
ZOKAY;1;12.08.1923;0;1
ZEFEY;1;8.03.1946;0;1
OZNEYIR;1;2.10.1945;0;1
GULNILAY;1;14.09.1976;0;1
FADOS;1;3.07.1955;0;1
TEBERIL;1;21.06.1969;0;1
HULTER;1;29.03.1949;0;1
KIBARCA;1;12.02.1967;0;1
SUBAK;1;20.08.1954;0;1
SADUGUL;1;22.06.1991;0;1
EMINCI;1;2.05.1945;0;1
MUHARA;1;15.09.1956;0;1
PEYKINE;1;2.02.1951;0;1
AREVATOK;1;16.06.1945;0;1
NURPERIHAN;1;10.09.1988;0;1
KATU;1;2.08.1933;0;1
DURNISE;1;9.04.1961;0;1
NEVRANUR;1;1.12.1971;0;1
EFRUMI;1;1.12.1971;0;1
NAZLIMEN;1;5.12.1953;0;1
GULGIKAR;1;9.07.1979;0;1
TUTCALAR;1;21.03.1940;0;1
HAMMIGUL;1;7.08.1916;0;1
SUGUIRAT;1;15.09.1972;0;1
MIKNAZ;1;25.01.1975;0;1
MEMNUYE;1;1.04.1928;0;1
GUSUFA;1;19.12.1957;0;1
GULBAGANU;1;27.12.1983;0;1
YALIFER;1;10.11.1950;0;1
AINAT;1;20.05.1930;0;1
KUMIYDE;1;24.05.1970;0;1
USTUHAN;1;15.02.1967;0;1
HAKVET;1;19.09.1966;0;1
SEYUM;1;18.06.1959;0;1
LAILAT;1;14.05.1935;0;1
NARZIYA;1;20.06.1950;0;1
MIGDE;1;19.05.1954;0;1
FIYMAN;1;9.04.1964;0;1
GULUSTANU;1;28.05.1987;0;1
HURIZIYA;1;22.08.1954;0;1
ZUVEYRA;1;18.01.1980;0;1
BELGUYA;1;16.01.1952;0;1
GURMUS;1;22.10.1924;0;1
MEHTUBE;1;18.09.1980;0;1
TELLIDURNA;1;6.04.1933;0;1
KAYYUME;1;26.08.1984;0;1
SONANA;1;24.06.1949;0;1
KOLPERI;1;19.11.1955;0;1
ZEYNEBU;1;11.02.1957;0;1
RENGHIN;1;11.04.1976;0;1
HURUFET;1;28.03.1942;0;1
NUTKAYA;1;26.09.1984;0;1
MINTANIM;1;9.04.1985;0;1
VEZLIHA;1;30.01.1970;0;1
MINDEHAN;1;6.11.1967;0;1
NUTHUYA;1;21.06.1981;0;1
HUDABE;1;7.04.1952;0;1
BIGENUR;1;14.06.1982;0;1
SERGINAZ;1;19.04.1979;0;1
NEZZADE;1;21.02.1945;0;1
NAYZIR;1;2.02.1939;0;1
SIZTEN;1;20.10.1938;0;1
TOKES;1;1.01.2001;0;1
MEYULDE;1;9.01.1946;0;1
UNAS;1;2.08.1939;0;1
SELIFO;1;22.06.1961;0;1
PEYKINAZ;1;7.08.1934;0;1
SIMALYILDIZI;1;8.09.1956;0;1
ZARULE;1;11.06.1975;0;1
ARZUAYTUG;1;17.07.1978;0;1
BELDEHAN;1;10.01.1992;0;1
ULUMSA;1;29.06.1962;0;1
NAYICE;1;7.08.1934;0;1
AZRAG;1;8.01.1978;0;1
NAHURE;1;22.06.1967;0;1
SAHZADEGUL;1;3.04.1945;0;1
GULFILEZ;1;9.03.1951;0;1
ZEMBENUR;1;13.04.1946;0;1
EVLUYA;1;9.06.1964;0;1
DILFURUZU;1;21.04.1948;0;1
ERGULSUM;1;11.02.1951;0;1
MIRIC;1;17.02.1966;0;1
GUNAYTEN;1;15.01.1945;0;1
ENEKIZ;1;8.12.1944;0;1
TEBINUR;1;2.02.1957;0;1
DONSENEM;1;11.08.1987;0;1
EDEVE;1;6.04.1960;0;1
SALEBE;1;1.01.1981;0;1
NERDANIYE;1;7.02.1952;0;1
MELIFO;1;22.06.1961;0;1
ENEM;1;26.11.1984;0;1
INZEHAL;1;7.05.1981;0;1
ADISABAH;1;11.04.1938;0;1
HILARAY;1;2.03.1991;0;1
GULAK;1;3.02.1959;0;1
SEHRIBANA;1;24.06.1967;0;1
ADILEMERYEM;1;5.10.1974;0;1
RONDA;1;11.04.1976;0;1
MUNUNET;1;23.05.1943;0;1
BILKARIZ;1;26.03.1943;0;1
MUNRIYE;1;11.04.1936;0;1
MESURAY;1;2.05.1970;0;1
NARDANELI;1;28.03.1944;0;1
SAFERAN;1;11.02.1967;0;1
ESUG;1;17.06.1955;0;1
BUIS;1;2.01.1960;0;1
TESLIK;1;6.02.1953;0;1
ZEMHANIM;1;21.04.1969;0;1
YUZGULU;1;2.02.1981;0;1
BINGULGULSEN;1;7.01.1943;0;1
GULMELAL;1;13.11.1965;0;1
ESANE;1;26.04.1981;0;1
RUKEYA;1;21.07.1977;0;1
BAHAY;1;19.02.1983;0;1
SEYHZANE;1;16.01.1946;0;1
SUKRIYI;1;12.08.1923;0;1
HIKMETHAN;1;11.02.1933;0;1
NURDAGOR;1;1.03.1943;0;1
MUJFAN;1;9.08.1981;0;1
ILMUYE;1;4.03.1957;0;1
ZUHIYLA;1;27.11.1974;0;1
BOYUKHANIM;1;20.06.1941;0;1
FADENE;1;19.04.1947;0;1
SADELE;1;30.05.1976;0;1
HURMENEK;1;1.11.1962;0;1
NUSVART;1;4.08.1937;0;1
SULBIA;1;16.09.1982;0;1
FERHUNLE;1;3.05.1947;0;1
ILAZIYE;1;26.04.1959;0;1
GULNIYMET;1;26.12.1948;0;1
ULRUYE;1;1.05.1972;0;1
ILBEGUM;1;17.08.1978;0;1
GUSEREF;1;2.04.1963;0;1
EBUS;1;27.08.1920;0;1
FATMAGURSEL;1;6.08.1948;0;1
MUALLAKIYA;1;5.04.1964;0;1
NAZLIGULSUM;1;10.08.1986;0;1
NEMIS;1;11.09.1950;0;1
FAYESTE;1;10.04.1983;0;1
DODUS;1;26.06.1973;0;1
NADIYNE;1;8.08.1987;0;1
HAZIYNE;1;23.02.1967;0;1
GISELI;1;9.10.1930;0;1
GULSENDEN;1;1.06.1953;0;1
TEYKA;1;15.09.1960;0;1
GULSEPTI;1;19.07.1985;0;1
SEYFIRAZ;1;13.05.1963;0;1
AYSEBALKIZ;1;21.12.1947;0;1
KULERSIN;1;24.09.1950;0;1
MUZEYCA;1;24.05.1965;0;1
REISA;1;6.03.1957;0;1
UMMUCIHAN;1;21.05.1961;0;1
SIYERE;1;17.08.1936;0;1
GULSEHA;1;18.09.1985;0;1
NARIMET;1;7.11.1951;0;1
BIRSENIN;1;23.07.1981;0;1
IMMIHA;1;16.01.1981;0;1
MEVFUS;1;4.03.1951;0;1
SEFULI;1;1.03.1983;0;1
FETAHME;1;27.08.1914;0;1
MENEVSA;1;2.02.1981;0;1
HIGAR;1;6.05.1989;0;1
KABEGUL;1;19.09.1989;0;1
KAYGUL;1;5.04.1986;0;1
PIRVARE;1;7.08.1928;0;1
NAAMHATUN;1;28.04.1956;0;1
GULSABRIYE;1;5.10.1974;0;1
DONZER;1;22.06.1979;0;1
KAYAGIZ;1;19.09.1952;0;1
KEZBIAN;1;1.11.1965;0;1
HARDANE;1;21.11.1983;0;1
TESIBE;1;17.08.1983;0;1
MADUMAK;1;22.02.1961;0;1
ETCE;1;16.03.1941;0;1
HAMUGUL;1;1.01.2001;0;1
GOGGUL;1;8.08.1933;0;1
SERIUL;1;11.04.1963;0;1
NEERIMAN;1;29.06.1942;0;1
CERCISE;1;30.10.1946;0;1
AYDAY;1;19.02.1978;0;1
ENGINSEL;1;15.04.1954;0;1
SALIYHA;1;21.02.1959;0;1
USMIYE;1;18.12.1943;0;1
NUTVIYA;1;6.04.1948;0;1
TEFEYDE;1;8.07.1933;0;1
MAAVIYE;1;27.08.1926;0;1
KAFAYET;1;27.03.1944;0;1
ZEBRAHI;1;25.09.1985;0;1
PERILER;1;13.04.1959;0;1
MEHUGUL;1;19.02.1966;0;1
SEVTAL;1;6.04.1981;0;1
GUNLURE;1;18.04.1960;0;1
ZULFIAY;1;12.08.1982;0;1
KETEAYUN;1;7.12.1980;0;1
URULAY;1;8.12.1986;0;1
HUMMAYUN;1;2.03.1960;0;1
LISTIYE;1;13.11.1970;0;1
TEHMIL;1;9.10.1975;0;1
DESTENAZ;1;22.02.1991;0;1
MINNURIY;1;23.06.1951;0;1
RUSSET;1;8.03.1981;0;1
MEJDANIYE;1;26.09.1976;0;1
ZEHINUR;1;6.07.1973;0;1
MAGSEKER;1;17.06.1948;0;1
KAMERCIL;1;27.08.1920;0;1
FERMIDA;1;6.04.1926;0;1
BESIHAT;1;2.02.1937;0;1
MESMEHATIN;1;29.03.1962;0;1
SOBEN;1;24.09.1947;0;1
AYFERNUR;1;11.12.1987;0;1
ASLIHAH;1;30.09.1979;0;1
NUZCIYE;1;19.07.1939;0;1
NEYMINE;1;19.03.1966;0;1
NEPRUZ;1;24.12.1979;0;1
SEVRIHAN;1;6.04.1987;0;1
SUKUFFE;1;2.09.1975;0;1
SAMIRIN;1;7.04.1940;0;1
NADZEYA;1;4.05.1977;0;1
GULPISE;1;4.08.1951;0;1
SEVDEBA;1;5.01.1939;0;1
SIAT;1;4.07.1975;0;1
EDIMBANU;1;16.06.1969;0;1
NAZLIZAR;1;4.07.1976;0;1
KEMERBANI;1;8.04.1951;0;1
SADEKKAT;1;13.08.1958;0;1
HEKGUL;1;22.10.1988;0;1
AFARUZ;1;23.03.1932;0;1
FATOC;1;27.11.1972;0;1
BIKARE;1;12.03.1934;0;1
SALIHAGUL;1;18.08.1984;0;1
TURKEM;1;14.03.1978;0;1
KABIRAT;1;9.12.1944;0;1
KAMILAT;1;4.06.1939;0;1
KUBLA;1;24.01.1961;0;1
MEHTAL;1;27.02.1968;0;1
MAHFURUZE;1;29.04.1955;0;1
ADAZKER;1;2.03.1949;0;1
HIMMIGUL;1;22.12.1955;0;1
DURMUT;1;7.12.1990;0;1
SEMIYLE;1;27.02.1992;0;1
FATIC;1;26.06.1956;0;1
KITIK;1;19.03.1966;0;1
MEJRUSA;1;23.08.1957;0;1
SUKRIFE;1;6.11.1986;0;1
NAGRUZ;1;22.02.1967;0;1
SELDIHA;1;3.04.1981;0;1
NURDALLI;1;17.07.1958;0;1
NEZIMAT;1;22.02.1955;0;1
DILFUAY;1;17.06.1966;0;1
ZUTUYE;1;21.04.1951;0;1
COMER;1;23.04.1955;0;1
PEROG;1;12.02.1953;0;1
MUESSES;1;6.10.1969;0;1
TIFDIK;1;17.07.1954;0;1
LIYBEN;1;8.04.1981;0;1
DOYMEN;1;1.04.1956;0;1
LUVIZIYE;1;2.09.1979;0;1
GULKAYE;1;27.02.1992;0;1
AGGIZ;1;16.02.1969;0;1
YETERBERGEN;1;11.11.1991;0;1
PERZANE;1;11.10.1982;0;1
MINEBER;1;2.02.1975;0;1
BACIKALFA;1;17.08.1924;0;1
RUHIREVAN;1;17.02.1960;0;1
FILFIRAZ;1;14.04.1971;0;1
HUDENE;1;30.04.1944;0;1
INMI;1;1.12.1952;0;1
GULREVA;1;22.03.1981;0;1
SERINBAHAR;1;17.04.1965;0;1
NAMIZE;1;24.09.1961;0;1
MERZEHAN;1;24.08.1954;0;1
KEZA;1;26.03.1933;0;1
TURSI;1;2.08.1915;0;1
NURALAN;1;15.10.1945;0;1
NABUK;1;14.06.1937;0;1
BENIANDENIZ;1;24.06.1973;0;1
GULDURAK;1;7.08.1988;0;1
YAYLAGULI;1;24.06.1961;0;1
TEYFIGE;1;27.03.1950;0;1
ELUK;1;12.08.1929;0;1
NURABET;1;2.02.1975;0;1
DAMARA;1;27.04.1938;0;1
YAYLADALI;1;2.02.1951;0;1
ZULFICCE;1;1.02.1952;0;1
TULAYYA;1;9.01.1967;0;1
SAHZE;1;12.06.1958;0;1
YESEMI;1;22.02.1967;0;1
SAKESTE;1;15.01.1945;0;1
DELOKE;1;12.02.1959;0;1
CISTAN;1;12.03.1953;0;1
SUFELI;1;17.08.1930;0;1
UMMIGUSSUN;1;7.04.1946;0;1
GULYAKAN;1;17.02.1972;0;1
HANIKEY;1;17.08.1960;0;1
ZULHANIM;1;6.10.1978;0;1
NERIMAH;1;6.10.1979;0;1
MEBRUSIYE;1;26.05.1951;0;1
HUMASE;1;17.10.1960;0;1
NASAYET;1;9.09.1945;0;1
CEMIAFER;1;7.04.1954;0;1
MEKAFET;1;27.06.1974;0;1
ZUMUNAL;1;2.02.1957;0;1
GUZIYDIYE;1;22.04.1956;0;1
NAMIM;1;2.08.1933;0;1
ZEFISAN;1;22.08.1943;0;1
URFUNAR;1;21.03.1964;0;1
PURDANE;1;3.01.1969;0;1
SASNA;1;26.02.1946;0;1
RUDALE;1;4.11.1963;0;1
ZEKIYLE;1;7.10.1970;0;1
RUEDA;1;9.05.1982;0;1
RABIATU;1;24.09.1979;0;1
MURKIZAT;1;17.08.1936;0;1
OZNURGUL;1;27.03.1974;0;1
NETRED;1;2.12.1963;0;1
FIRASER;1;21.02.1951;0;1
PEYNUR;1;8.10.1952;0;1
RUKGUYE;1;22.08.1955;0;1
PEYMENIYE;1;9.03.1975;0;1
NAYINE;1;22.11.1953;0;1
MENMURIYE;1;19.01.1964;0;1
ISAME;1;26.09.1965;0;1
ENISEI;1;28.03.1957;0;1
TOKATLI;1;1.01.2001;0;1
SUKUFET;1;27.09.1973;0;1
FERDUNDE;1;11.04.1975;0;1
SATUS;1;16.10.1964;0;1
MUADAT;1;22.08.1931;0;1
KATDER;1;14.07.1963;0;1
KUCEK;1;25.01.1969;0;1
GULFIZIYE;1;1.01.2001;0;1
SAHIMIYE;1;27.03.1962;0;1
LUBESSER;1;17.09.1966;0;1
HENSER;1;22.08.1937;0;1
YUSEMMA;1;9.03.1976;0;1
MIRZAHA;1;27.02.1992;0;1
MEYUZE;1;11.09.1959;0;1
KADIMOLLA;1;22.06.1937;0;1
SERBEL;1;27.08.1950;0;1
EZUK;1;12.08.1947;0;1
UKRUYE;1;5.08.1951;0;1
ELVINDE;1;17.08.1936;0;1
AVAYIS;1;12.08.1941;0;1
IMETI;1;22.04.1943;0;1
PEYGEL;1;14.05.1975;0;1
MECBARE;1;27.08.1938;0;1
MESEBIYE;1;16.03.1959;0;1
RAMUZE;1;28.10.1960;0;1
EHRUM;1;7.08.1946;0;1
MEBUSET;1;1.07.1966;0;1
YUZIGAR;1;17.10.1956;0;1
NURZANAN;1;3.05.1968;0;1
SEYFURIYE;1;2.08.1945;0;1
IDEYSE;1;22.08.1925;0;1
SAMUZET;1;7.08.1940;0;1
MATISE;1;26.05.1949;0;1
MUCEVIR;1;17.08.1960;0;1
SIYENDER;1;7.03.1971;0;1
NULUYE;1;11.12.1956;0;1
RAMIBE;1;8.05.1976;0;1
DEYBIFER;1;12.08.1935;0;1
NEMRUNIYE;1;22.06.1966;0;1
DAFIDE;1;7.08.1952;0;1
AVAIS;1;6.11.1944;0;1
VAHDISEN;1;7.05.1961;0;1
NEDAHIR;1;6.04.1951;0;1
MURKEZAT;1;21.01.1982;0;1
LUBESER;1;28.11.1974;0;1
CANCEVER;1;12.11.1973;0;1
MUSEMMAHA;1;26.05.1976;0;1
SEVBAY;1;12.02.1965;0;1
ZEVLUSAN;1;11.07.1950;0;1
MEMULE;1;27.04.1938;0;1
UZZETI;1;7.02.1970;0;1
DODE;1;22.08.1931;0;1
ULMIGUL;1;15.02.1980;0;1
DOGANE;1;11.02.1951;0;1
HAYRISER;1;30.12.1960;0;1
HASTE;1;22.02.1931;0;1
SEMRU;1;26.10.1970;0;1
EVAYIS;1;7.08.1934;0;1
ZUNUSAH;1;10.10.1930;0;1
SELCENNUR;1;19.04.1985;0;1
HURUMIZE;1;23.01.1961;0;1
HAVIC;1;1.01.2001;0;1
HADBIYE;1;12.08.1929;0;1
HUDAYUN;1;12.05.1957;0;1
BIDESE;1;17.07.1956;0;1
MUDEVVERE;1;8.06.1954;0;1
FAGIME;1;22.12.1946;0;1
MUHIBBIYE;1;15.05.1935;0;1
EVLURU;1;27.08.1971;0;1
EVLUR;1;3.04.1977;0;1
EVLERU;1;10.06.1964;0;1
MERGULEN;1;27.02.1963;0;1
SUVANDER;1;22.02.1961;0;1
GORGE;1;23.07.1964;0;1
ZEMMISAN;1;6.06.1939;0;1
HATICEG;1;2.02.1987;0;1
HURUZU;1;10.12.1965;0;1
ELVERU;1;17.02.1954;0;1
ILKNAY;1;28.08.1982;0;1
SEBIYEGUL;1;7.02.1970;0;1
MERRAM;1;16.09.1947;0;1
KUTRETE;1;17.03.1930;0;1
ZULFUNAL;1;15.03.1974;0;1
ERSAADET;1;12.08.1963;0;1
SENMINE;1;20.05.1927;0;1
GOBAR;1;12.02.1953;0;1
EHRUMEN;1;16.03.1957;0;1
LAYUZE;1;9.05.1947;0;1
SUNMUYE;1;28.09.1948;0;1
PIRUZA;1;5.10.1932;0;1
GULMISI;1;7.08.1940;0;1
FETGIME;1;24.05.1946;0;1
SEVIMA;1;8.05.1984;0;1
SEYYARGUL;1;22.02.1961;0;1
ZULUKE;1;17.02.1990;0;1
MUSEPBIHA;1;12.08.1929;0;1
MEJDUDE;1;21.10.1959;0;1
TARIHSER;1;16.06.1945;0;1
FENARET;1;22.02.1967;0;1
SADEDE;1;29.07.1954;0;1
BELAGAT;1;27.08.1926;0;1
BELGIM;1;10.05.1965;0;1
ZULCA;1;6.04.1955;0;1
PERUNE;1;18.10.1953;0;1
FIKASET;1;11.03.1939;0;1
SALUNAZ;1;16.02.1962;0;1
MENISEK;1;21.11.1947;0;1
HUFEYDAT;1;19.04.1948;0;1
DEMIZHAN;1;22.01.1985;0;1
BIREMHAN;1;12.08.1935;0;1
EVSANIYE;1;26.10.1966;0;1
AFNEL;1;15.05.1990;0;1
BEZRA;1;14.10.1981;0;1
KIZCAHAZ;1;16.04.1962;0;1
MUBERRAG;1;7.08.1934;0;1
GULL;1;1.11.1972;0;1
HURMIZIYE;1;11.01.1957;0;1
NUTHUYE;1;12.05.1964;0;1
GULCIGIR;1;11.05.1974;0;1
GOKNAZ;1;21.09.1964;0;1
GULKESER;1;27.08.1950;0;1
BULBIYE;1;6.03.1977;0;1
NURSUMEYA;1;6.07.1990;0;1
IFAYE;1;10.05.1955;0;1
KICCALI;1;23.06.1959;0;1
GULLEK;1;26.06.1961;0;1
UNZUBAN;1;6.01.1973;0;1
FETTOS;1;12.06.1941;0;1
HAVLEHATUN;1;7.05.1979;0;1
EMUSE;1;20.09.1956;0;1
ADIGER;1;7.08.1931;0;1
EMRALIYE;1;20.10.1943;0;1
GULUZANI;1;26.11.1955;0;1
ZEBIT;1;22.08.1919;0;1
NEZBADE;1;6.07.1964;0;1
NEVMEHAL;1;10.06.1946;0;1
SERMISAH;1;7.11.1946;0;1
KUSAGAG;1;9.04.1926;0;1
MARZIYET;1;25.05.1947;0;1
SERVERDE;1;7.10.1929;0;1
BAHIGUL;1;26.03.1950;0;1
GULAKA;1;10.09.1977;0;1
COSARGUL;1;15.05.1962;0;1
MUSUMA;1;11.03.1982;0;1
SAHBEBE;1;19.09.1975;0;1
BOLGUN;1;6.04.1933;0;1
EMDA;1;28.03.1929;0;1
YASULTAN;1;21.04.1965;0;1
OGULSELVI;1;9.03.1967;0;1
OGULDONDU;1;15.07.1958;0;1
MAHIMSAH;1;21.04.1971;0;1
OGULKISI;1;25.04.1943;0;1
BEBERAUFE;1;23.03.1979;0;1
GELDIGUL;1;2.03.1963;0;1
ZULPE;1;15.11.1958;0;1
BOLDUGUL;1;16.11.1965;0;1
OGULBUKE;1;13.09.1958;0;1
ANABIBI;1;25.10.1955;0;1
EMZET;1;12.08.1935;0;1
SITTIHA;1;27.02.1962;0;1
NUMUFE;1;2.02.1939;0;1
NAFIGAR;1;17.08.1942;0;1
NERGHIUZEL;1;11.12.1977;0;1
DERKIN;1;25.08.1979;0;1
MURKUZET;1;11.12.1964;0;1
HUZURU;1;26.09.1970;0;1
NIKAHIYE;1;1.01.2001;0;1
BECEL;1;26.06.1941;0;1
CICAG;1;2.08.1927;0;1
NORSA;1;19.09.1941;0;1
MABUL;1;17.04.1963;0;1
SERDENUR;1;30.05.1975;0;1
MUSERREFI;1;20.07.1978;0;1
MISILLI;1;11.07.1940;0;1
VERZILE;1;16.12.1957;0;1
MESAVER;1;10.04.1965;0;1
ALMALA;1;11.01.1983;0;1
NAREL;1;28.06.1980;0;1
ELIFGOKCEN;1;7.02.1990;0;1
PAZARHAN;1;2.08.1925;0;1
KADENFES;1;6.04.1950;0;1
SEVGIBE;1;12.05.1971;0;1
MURSALE;1;22.03.1955;0;1
SUVAYDA;1;17.04.1983;0;1
VAHHIDE;1;16.04.1987;0;1
LUGIS;1;2.05.1951;0;1
GULEDIYE;1;27.03.1974;0;1
TUDYE;1;7.09.1970;0;1
MEVRANUR;1;15.10.1983;0;1
BATTUM;1;12.08.1935;0;1
ENTEM;1;9.10.1952;0;1
GULCEHREN;1;17.08.1954;0;1
GURTOP;1;21.04.1948;0;1
TAYNAZ;1;28.04.1968;0;1
ZERMIDE;1;13.03.1973;0;1
IMIC;1;27.05.1968;0;1
MERZIK;1;11.06.1963;0;1
USGUDAR;1;6.04.1967;0;1
BIRSELMAN;1;1.06.1966;0;1
TUGBAHILAL;1;28.02.1987;0;1
SEHLEVEND;1;20.07.1972;0;1
EYSARA;1;18.07.1948;0;1
KULZADE;1;7.03.1956;0;1
RUKHET;1;24.11.1979;0;1
NERCINS;1;26.01.1973;0;1
GUVENDER;1;26.06.1955;0;1
GULRUFU;1;19.07.1955;0;1
SEVDAGMEN;1;18.04.1969;0;1
GOSEL;1;17.02.1966;0;1
UNIZ;1;6.07.1981;0;1
ORHUC;1;12.03.1965;0;1
MERBADE;1;7.02.1952;0;1
BENNIHA;1;17.02.1966;0;1
LUZBIYE;1;17.05.1964;0;1
ZAREF;1;29.06.1947;0;1
NIVEDIYE;1;17.02.1948;0;1
DULDULE;1;26.05.1966;0;1
SENCIFE;1;16.11.1976;0;1
SUGUFER;1;21.09.1948;0;1
NAZLUGUL;1;1.02.1967;0;1
HARDES;1;12.02.1941;0;1
MAHSUBU;1;17.04.1954;0;1
FATMAK;1;9.11.1963;0;1
MEKTUPHAN;1;12.07.1965;0;1
SERMAHA;1;26.07.1960;0;1
PURDEZ;1;7.02.1952;0;1
EHRAMIYE;1;27.08.1938;0;1
HASLER;1;12.02.1953;0;1
HAMISHAN;1;1.10.1955;0;1
ZUHNUR;1;12.05.1977;0;1
HACCET;1;28.01.1964;0;1
TEBLIKAN;1;1.06.1973;0;1
SUKRANGUL;1;9.07.1986;0;1
PURANDOT;1;17.08.1930;0;1
SEVBUKE;1;27.10.1990;0;1
MIADIN;1;29.03.1946;0;1
BELGINER;1;4.04.1969;0;1
ZAYNURE;1;27.05.1949;0;1
FADIMEGONCA;1;7.09.1976;0;1
KAKAY;1;12.08.1923;0;1
NUGREN;1;30.06.1955;0;1
IZMEL;1;4.06.1979;0;1
RAGINAT;1;8.07.1979;0;1
ZELBUZE;1;12.02.1941;0;1
CESNIMAZ;1;24.05.1953;0;1
GULKANAT;1;17.09.1948;0;1
ZULLUGER;1;24.07.1961;0;1
TUTGE;1;15.11.1948;0;1
GULEVE;1;7.07.1950;0;1
NUFELI;1;15.03.1962;0;1
GUHDIJA;1;11.08.1948;0;1
SEDAA;1;14.10.1983;0;1
MECHULIYE;1;30.09.1965;0;1
GIZDEM;1;22.02.1990;0;1
EBRUME;1;7.02.1978;0;1
ZABIYA;1;12.03.1959;0;1
EDAVIS;1;7.06.1946;0;1
BILGEGUN;1;25.06.1980;0;1
UMMUZET;1;22.09.1955;0;1
MIYHANE;1;12.08.1929;0;1
MUHACIDE;1;27.03.1980;0;1
IPEZ;1;1.04.1938;0;1
LOKER;1;2.08.1933;0;1
ELFUZER;1;15.02.1935;0;1
ISMILAZ;1;23.12.1967;0;1
H.NURIYE;1;2.08.1933;0;1
GURMU;1;21.11.1940;0;1
YAMANE;1;18.11.1955;0;1
GOZUGULEN;1;2.08.1933;0;1
EDEVET;1;1.02.1966;0;1
ORAZGUL;1;16.02.1952;0;1
BUSEERA;1;12.02.1983;0;1
OGULSA;1;17.08.1978;0;1
BIBIRABIA;1;2.08.1969;0;1
BEBECEMAL;1;23.08.1948;0;1
BIBIZULEYHA;1;21.12.1948;0;1
ROZBEBE;1;14.07.1959;0;1
KURBANDURDU;1;10.04.1946;0;1
AHBIBI;1;25.09.1961;0;1
CUMABIKE;1;12.08.1964;0;1
OGULBEKE;1;22.08.1937;0;1
RECEPGUL;1;18.10.1991;0;1
BEBESEHRA;1;27.10.1968;0;1
BOLDI;1;2.02.1963;0;1
BEBEAYSE;1;17.06.1965;0;1
ZIFINUN;1;28.03.1962;0;1
BIBIMELIKE;1;9.08.1975;0;1
BIBISAHRA;1;2.08.1981;0;1
ZIFUNAN;1;7.02.1982;0;1
BIBIRUZI;1;20.09.1971;0;1
OGULYAZ;1;17.06.1975;0;1
OGULHALLI;1;19.05.1953;0;1
ENARGUL;1;1.09.1977;0;1
OGULSAFAR;1;16.06.1982;0;1
SUAIYE;1;27.04.1974;0;1
GURE;1;17.02.1942;0;1
HAZIMENT;1;29.03.1944;0;1
VINAYET;1;21.12.1977;0;1
KARAS;1;22.04.1931;0;1
TEYBAHAN;1;27.04.1932;0;1
KARAJ;1;17.02.1936;0;1
GARAFIL;1;11.08.1947;0;1
TUTCALI;1;18.09.1960;0;1
MAHPIB;1;11.05.1984;0;1
NIDELI;1;8.09.1964;0;1
DILARUZ;1;2.12.1949;0;1
BILSORMA;1;1.05.1954;0;1
MUCCAR;1;4.03.1951;0;1
DILRUKIYE;1;11.02.1951;0;1
GUMUNIYE;1;16.07.1969;0;1
TEBARIYE;1;21.02.1971;0;1
SIVKIDIL;1;25.02.1942;0;1
EKDIYE;1;20.02.1934;0;1
SAFTEK;1;17.08.1930;0;1
TEKBIRIYE;1;1.09.1961;0;1
MEMNUNUYE;1;6.04.1963;0;1
ILHEME;1;7.12.1940;0;1
UMMISINAN;1;12.08.1929;0;1
EMINEGULER;1;12.02.1947;0;1
NEDERIYE;1;27.04.1950;0;1
ESRABETUL;1;23.04.1988;0;1
GULANDAME;1;22.09.1955;0;1
SALVEZAR;1;2.03.1956;0;1
NEVUBER;1;7.08.1928;0;1
MUNTANIYE;1;27.03.1956;0;1
GULUCI;1;10.05.1952;0;1
CISELU;1;21.03.1947;0;1
HANSIDE;1;19.10.1930;0;1
UMMULHARAM;1;15.04.1986;0;1
NERMESHAN;1;28.05.1937;0;1
FERRUKA;1;17.11.1950;0;1
KEVSU;1;21.05.1952;0;1
ZUMNET;1;1.06.1968;0;1
KEZIMBAN;1;22.03.1967;0;1
MUFRIZAT;1;17.12.1947;0;1
TELUK;1;27.08.1938;0;1
MAFIZAR;1;16.08.1980;0;1
ZILFUZE;1;11.10.1988;0;1
BAZEY;1;1.02.1955;0;1
DURACAK;1;7.02.1957;0;1
NECUK;1;7.02.1940;0;1
BILCI;1;17.02.1966;0;1
NECLAA;1;12.02.1965;0;1
YOLSU;1;4.12.1990;0;1
BEDRIGUL;1;11.11.1990;0;1
MEPTELAH;1;21.07.1982;0;1
MEVLUL;1;11.10.1932;0;1
SEMAANNUR;1;7.03.1990;0;1
ELDEGUN;1;30.09.1960;0;1
GULCAK;1;14.10.1985;0;1
FURDEZ;1;17.02.1954;0;1
MELIKIZ;1;22.02.1973;0;1
HUMERYEM;1;27.06.1980;0;1
NAAGAR;1;12.08.1964;0;1
ZIYSEN;1;18.02.1984;0;1
NURLEN;1;12.02.1960;0;1
GABIRE;1;13.03.1965;0;1
ZENNIN;1;20.06.1957;0;1
SAHITEN;1;6.01.1978;0;1
TILARA;1;7.04.1970;0;1
NURDENK;1;25.04.1950;0;1
MISVAN;1;1.06.1949;0;1
YELIFE;1;26.11.1983;0;1
IHSANNAZ;1;19.01.1936;0;1
SARANGIUL;1;4.02.1976;0;1
CICEKLER;1;8.09.1950;0;1
BERNAHAN;1;4.07.1980;0;1
ILAHIN;1;17.03.1972;0;1
MURETDET;1;22.05.1961;0;1
HULABI;1;12.04.1929;0;1
NUVEYAR;1;2.07.1975;0;1
THINA;1;4.01.1959;0;1
SUNDUZHAN;1;7.10.1987;0;1
BEYREHAN;1;21.09.1983;0;1
ZENKI;1;17.04.1936;0;1
EKALET;1;11.02.1962;0;1
GULFELEK;1;18.03.1966;0;1
EYNU;1;26.04.1964;0;1
NIRGU;1;7.02.1976;0;1
MUFLISE;1;14.11.1968;0;1
RAFIYAN;1;2.11.1963;0;1
ZULEFE;1;21.01.1939;0;1
UNSAC;1;12.05.1953;0;1
ZYNEP;1;1.12.1991;0;1
MINMET;1;25.10.1930;0;1
BAYRAMHANUM;1;23.08.1944;0;1
DELAGE;1;16.08.1952;0;1
MERANI;1;20.05.1960;0;1
KUCUKHANUM;1;29.04.1941;0;1
HUKARIYE;1;23.03.1955;0;1
SELVILE;1;6.05.1960;0;1
FARINUR;1;2.05.1937;0;1
REBAYET;1;11.03.1935;0;1
MABUBER;1;2.02.1957;0;1
SEHZIBAN;1;7.05.1970;0;1
FANDUL;1;1.05.1938;0;1
TEMCIYE;1;29.04.1932;0;1
ILIVE;1;27.02.1944;0;1
NEDIYMAN;1;30.11.1960;0;1
ZUBEYTEN;1;27.02.1962;0;1
IKTAN;1;22.02.1967;0;1
OGDEM;1;7.11.1982;0;1
MEDNIYE;1;7.06.1934;0;1
MIRSASE;1;27.11.1950;0;1
NEVRIBE;1;17.08.1990;0;1
MIVE;1;19.10.1923;0;1
CEVLIYE;1;14.02.1971;0;1
GULYETTI;1;16.07.1982;0;1
NESEGULER;1;1.05.1962;0;1
MAHBEREM;1;22.02.1967;0;1
MUNEVA;1;7.03.1960;0;1
TEMIYME;1;23.04.1967;0;1
ISBI;1;2.11.1975;0;1
GULFUM;1;17.10.1934;0;1
MUZEK;1;23.09.1946;0;1
GUMSELI;1;1.10.1948;0;1
EMHANI;1;11.04.1933;0;1
ILMAHA;1;8.08.1970;0;1
HURTES;1;21.04.1962;0;1
ISABIYE;1;21.01.1952;0;1
METEA;1;19.04.1956;0;1
ISINGUL;1;22.05.1981;0;1
MILLIAY;1;25.03.1973;0;1
ISKULI;1;22.06.1961;0;1
EYYUPE;1;7.01.1946;0;1
BIRDAHA;1;25.03.1940;0;1
KUSTU;1;20.08.1934;0;1
VAMIL;1;13.11.1947;0;1
VAVEYNA;1;17.05.1942;0;1
MUHHIRE;1;22.07.1943;0;1
MIVRET;1;16.01.1972;0;1
YETTIYE;1;6.09.1924;0;1
BAHRISEN;1;26.03.1963;0;1
DIRYAKER;1;27.03.1950;0;1
SEZMEHAN;1;8.01.1940;0;1
SUSHANIM;1;2.08.1944;0;1
HARZETI;1;3.10.1973;0;1
ASBULI;1;14.04.1929;0;1
MUSDEKIM;1;26.11.1988;0;1
MURAHIME;1;2.02.1957;0;1
NEHMIYE;1;3.11.1977;0;1
IPSULUKA;1;2.06.1945;0;1
SEVIMHANIM;1;26.12.1965;0;1
HERURE;1;1.01.1968;0;1
MEVDI;1;4.01.1971;0;1
SELMUHAN;1;13.05.1965;0;1
ZELYAN;1;2.05.1969;0;1
SELVIDANE;1;11.06.1981;0;1
MUHAYYEN;1;15.03.1947;0;1
SABAIDE;1;9.02.1934;0;1
EMIEN;1;11.12.1973;0;1
COVAHIR;1;17.08.1924;0;1
FERRIHAN;1;20.03.1941;0;1
NEZAYNUR;1;6.02.1985;0;1
ZUHREHAN;1;23.05.1990;0;1
HULMISER;1;18.06.1929;0;1
SULEIKRA;1;23.02.1970;0;1
HURRAYA;1;16.12.1984;0;1
HADUNKIZ;1;1.01.1976;0;1
SAHHESTER;1;10.07.1958;0;1
SELVANSEDA;1;7.02.1982;0;1
MILTIHAN;1;22.03.1967;0;1
HUMAYEN;1;2.02.1945;0;1
SAHZINAZ;1;6.01.1944;0;1
CHICHAK;1;22.06.1967;0;1
PINNAR;1;15.06.1977;0;1
USKULI;1;11.03.1927;0;1
GETRIYE;1;24.01.1955;0;1
MUCELTA;1;2.10.1969;0;1
IPSILE;1;27.08.1932;0;1
SENUY;1;19.09.1982;0;1
HIFZE;1;21.03.1954;0;1
SAHALLA;1;16.11.1974;0;1
BEHYAN;1;15.11.1946;0;1
KUCHATUN;1;10.06.1957;0;1
MELIKEM;1;30.10.1966;0;1
MAHTEREM;1;13.06.1927;0;1
INCULAY;1;26.12.1960;0;1
GUSSE;1;2.07.1933;0;1
NARIDIN;1;21.06.1944;0;1
MAHABATHON;1;1.06.1960;0;1
MENBEHA;1;9.07.1943;0;1
FATULLA;1;2.11.1947;0;1
FEYMEN;1;27.04.1926;0;1
MUHSAN;1;7.05.1982;0;1
BERAFIYE;1;21.05.1947;0;1
SELIP;1;28.08.1976;0;1
SUHFIYE;1;4.02.1951;0;1
BAMUK;1;7.03.1931;0;1
SULPIHA;1;7.08.1952;0;1
ZENNESAN;1;23.05.1944;0;1
DONDIYAN;1;26.01.1964;0;1
SEMSIVA;1;27.05.1978;0;1
SEMSEFA;1;17.04.1966;0;1
SEBIYEHAN;1;20.09.1960;0;1
NEZLIHAT;1;20.06.1940;0;1
DEKIYE;1;21.03.1941;0;1
SETIMKAR;1;16.03.1938;0;1
SIYYARE;1;21.06.1939;0;1
NEZIKAR;1;17.10.1984;0;1
MEHMEKAR;1;28.05.1926;0;1
NULGER;1;26.07.1967;0;1
SEMAHATUN;1;4.02.1965;0;1
VIKRIYE;1;2.08.1933;0;1
GULLENDA;1;2.08.1963;0;1
BEDIYYE;1;27.05.1956;0;1
SADUME;1;15.08.1934;0;1
MUTEPER;1;17.02.1966;0;1
MULGUNE;1;27.06.1968;0;1
GORIMAN;1;18.03.1942;0;1
GULUMSET;1;29.06.1938;0;1
NILBESTE;1;13.10.1989;0;1
MEKBAYE;1;1.04.1940;0;1
MIGBER;1;26.06.1952;0;1
HANUMCIK;1;1.02.1952;0;1
BILTAM;1;26.08.1965;0;1
UMMIL;1;8.08.1986;0;1
KHALIMAT;1;16.07.1983;0;1
SELCINAY;1;5.10.1984;0;1
MAUSSEMA;1;1.06.1952;0;1
GULYAT;1;2.03.1973;0;1
ELIFSAN;1;16.04.1983;0;1
ERMELEK;1;27.05.1974;0;1
GULCEYREK;1;13.04.1927;0;1
SABYAT;1;7.09.1981;0;1
HENICE;1;12.02.1965;0;1
SERMUSTEN;1;11.06.1975;0;1
BEZDIRAY;1;26.11.1965;0;1
LELIZER;1;11.08.1963;0;1
NURSUNAY;1;17.08.1966;0;1
MAKBULENUR;1;22.02.1991;0;1
TSITSO;1;9.09.1966;0;1
SERVISEN;1;27.08.1953;0;1
LAZIBE;1;5.06.1968;0;1
SEYELAN;1;1.07.1971;0;1
SIFAKAT;1;2.05.1921;0;1
DURUKAY;1;11.02.1985;0;1
SENBA;1;2.05.1981;0;1
SERAHATUN;1;26.12.1989;0;1
OZNIGAR;1;20.08.1939;0;1
MERIHEM;1;12.02.1953;0;1
TALANUR;1;30.2.1991;0;1
GULGULSEN;1;5.07.1962;0;1
SABAHIL;1;11.06.1980;0;1
MERVEL;1;2.12.1987;0;1
HESINET;1;12.01.1956;0;1
BEHRUZA;1;7.08.1934;0;1
KHANA;1;9.03.1978;0;1
GUNESGUL;1;22.02.1987;0;1
BAHRIKE;1;22.08.1931;0;1
ZARGALAM;1;1.01.1954;0;1
SEBREM;1;12.04.1983;0;1
MUNEVSEN;1;21.06.1987;0;1
ALFIRA;1;2.02.1982;0;1
BIBIZYLYHA;1;29.12.1981;0;1
NURULGEN;1;27.10.1939;0;1
TAMRO;1;23.08.1952;0;1
TUNANUR;1;12.08.1974;0;1
NAZIBROLA;1;16.11.1964;0;1
TAYFIDE;1;30.03.1940;0;1
GIOULKHANOUM;1;8.08.1970;0;1
LUCHMIRA;1;14.10.1941;0;1
DAVLATHAN;1;17.07.1964;0;1
DIRYAL;1;27.05.1977;0;1
SEMAIT;1;18.09.1953;0;1
MELDIHAN;1;26.02.1987;0;1
RUHELA;1;19.08.1952;0;1
MAFUZEN;1;20.10.1951;0;1
SELENNUR;1;20.12.1990;0;1
PERUKAN;1;9.06.1934;0;1
HUMIHRAN;1;8.04.1970;0;1
REKIBAN;1;12.08.1935;0;1
MARKHET;1;5.09.1982;0;1
NAHHIHAN;1;11.11.1972;0;1
VALENSIYA;1;25.01.1977;0;1
RAMET;1;27.01.1956;0;1
GULEYEN;1;6.02.1965;0;1
SUDIYAN;1;5.02.1957;0;1
TUHILA;1;5.10.1928;0;1
UFUYE;1;22.03.1967;0;1
NEZACET;1;21.06.1954;0;1
HAKIPER;1;26.06.1940;0;1
HURURE;1;14.02.1961;0;1
NADUL;1;22.08.1931;0;1
NECVANE;1;7.12.1937;0;1
IKRAMAT;1;8.07.1961;0;1
ISMAYA;1;27.04.1965;0;1
KHAZALA;1;22.04.1961;0;1
NARRGES;1;21.10.1983;0;1
SARVANI;1;13.11.1979;0;1
RENNISEN;1;6.04.1978;0;1
PHIKRIA;1;2.05.1979;0;1
ESVEDA;1;24.02.1980;0;1
CANDANUR;1;4.03.1989;0;1
AZIZAT;1;20.03.1975;0;1
PURSEM;1;22.11.1980;0;1
ALANAS;1;12.02.1959;0;1
GRATSIELLA;1;21.12.1976;0;1
KHABIBA;1;15.10.1983;0;1
MEVLUDEGUL;1;3.07.1986;0;1
SELMIKAN;1;22.07.1960;0;1
LAMPRINE;1;19.06.1951;0;1
EPRAR;1;19.07.1986;0;1
ZIMFIRA;1;17.04.1969;0;1
MUNHAYI;1;23.04.1937;0;1
EZERKANT;1;16.09.1965;0;1
MUZIYA;1;16.05.1937;0;1
FINDAZ;1;22.08.1967;0;1
AYSENENGUL;1;3.01.1969;0;1
MAHFIRIZ;1;1.04.1947;0;1
MENSURNE;1;17.05.1972;0;1
OLTAC;1;29.09.1976;0;1
FERRUHAL;1;22.02.1967;0;1
GUNHATUN;1;23.03.1982;0;1
ULUSE;1;26.09.1962;0;1
SECIMOR;1;30.06.1951;0;1
NAIKA;1;17.11.1930;0;1
KANOR;1;27.02.1944;0;1
BEYHIZA;1;26.06.1965;0;1
HAVULLI;1;12.05.1929;0;1
GUENRIETTA;1;4.01.1975;0;1
OLFA;1;12.03.1975;0;1
LENNA;1;24.02.1979;0;1
ILEYDANUR;1;20.04.1989;0;1
SEZRA;1;2.09.1982;0;1
COSKUNAZ;1;6.10.1962;0;1
GEDAYIN;1;13.12.1949;0;1
NEBATEN;1;11.11.1971;0;1
GUZZIN;1;14.02.1974;0;1
NURTULIN;1;6.09.1989;0;1
SAKSEL;1;20.08.1980;0;1
NURTUBAY;1;22.07.1985;0;1
TSIYALA;1;2.08.1939;0;1
NIHRE;1;11.12.1985;0;1
CHAKHARNAZ;1;21.05.1976;0;1
NORMAN;1;29.06.1960;0;1
KASEYE;1;2.02.1952;0;1
KUKULA;1;1.04.1925;0;1
MIKBIRE;1;30.07.1946;0;1
OZUSEN;1;26.07.1991;0;1
SOLTANAT;1;10.04.1973;0;1
HEVVAH;1;23.12.1958;0;1
SEPILAY;1;19.04.1977;0;1
BEYAZHATUN;1;12.11.1947;0;1
JULVARA;1;19.09.1975;0;1
PRIDA;1;6.04.1956;0;1
DILBE;1;1.01.1990;0;1
NEKALEN;1;28.07.1974;0;1
EVSAH;1;2.02.1951;0;1
GLIUZOR;1;5.09.1939;0;1
EYIFER;1;25.05.1934;0;1
BIHTERNUR;1;8.12.1980;0;1
MUCASET;1;22.02.1973;0;1
MAKBUK;1;13.06.1936;0;1
VIRGUN;1;21.02.1975;0;1
FERDINANS;1;7.05.1934;0;1
NESUA;1;11.09.1945;0;1
KULCAY;1;23.02.1965;0;1
MUVELLET;1;1.06.1937;0;1
ZEVCAHAN;1;16.12.1950;0;1
GULESAH;1;27.12.1982;0;1
AYSEDONER;1;24.06.1978;0;1
MEGSURE;1;26.01.1933;0;1
SESRAN;1;29.01.1990;0;1
MIHIDE;1;1.09.1960;0;1
NUREYLAN;1;22.02.1967;0;1
MELIGIN;1;7.12.1968;0;1
RUCEYDA;1;5.01.1969;0;1
LIAISSAN;1;10.11.1970;0;1
SAATET;1;20.12.1959;0;1
MAHITE;1;17.02.1947;0;1
ASEME;1;11.04.1981;0;1
KULFERE;1;22.03.1928;0;1
MINDIHAN;1;7.03.1940;0;1
MIRDEN;1;18.04.1944;0;1
ESBEHA;1;12.04.1975;0;1
BITTEZ;1;10.07.1928;0;1
FIRAYA;1;12.09.1969;0;1
DUSSEL;1;22.10.1949;0;1
NENSURE;1;29.11.1976;0;1
BEDAS;1;8.02.1972;0;1
EJRA;1;29.04.1985;0;1
SUBATEN;1;11.11.1971;0;1
MELIKIN;1;16.01.1988;0;1
ELIVE;1;7.04.1940;0;1
HENNIYE;1;28.03.1979;0;1
ZELAHAN;1;14.06.1971;0;1
BAYURE;1;21.12.1941;0;1
SUVERDE;1;18.06.1940;0;1
HAZIZAN;1;5.07.1977;0;1
SERIFRAZ;1;18.10.1952;0;1
HITABEN;1;15.08.1984;0;1
TIBRIZE;1;27.08.1938;0;1
IBRISINI;1;8.12.1956;0;1
HEVADE;1;3.04.1975;0;1
HEYFHAN;1;18.02.1942;0;1
MIHTO;1;5.12.1944;0;1
HIRYA;1;13.02.1982;0;1
BEREZAR;1;6.12.1950;0;1
PATIZE;1;9.03.1970;0;1
ERDIME;1;7.01.1988;0;1
HERGOL;1;16.01.1987;0;1
TUHTI;1;27.08.1932;0;1
AIBE;1;27.05.1940;0;1
ELANURA;1;23.09.1964;0;1
ZAHALE;1;18.07.1948;0;1
MULKESIYE;1;6.06.1991;0;1
MEHSUMA;1;12.05.1977;0;1
SARISHAN;1;25.04.1961;0;1
TANIME;1;7.03.1988;0;1
MGULHAN;1;24.11.1990;0;1
ZEFIYA;1;22.08.1949;0;1
MAHMUNUR;1;8.03.1964;0;1
SORSIN;1;12.08.1923;0;1
PORIYA;1;21.12.1963;0;1
ZECIRIYE;1;22.04.1961;0;1
AYNASER;1;12.09.1989;0;1
FIHIDE;1;12.08.1988;0;1
HEDIRYE;1;26.10.1977;0;1
MKIYMET;1;10.04.1992;0;1
GECICA;1;12.08.1953;0;1
FERAHDIBAR;1;29.05.1956;0;1
SUREHYA;1;19.08.1966;0;1
BENAZIN;1;29.04.1992;0;1
TEPIRZE;1;7.02.1964;0;1
POPIN;1;25.04.1930;0;1
GEBI;1;3.10.1990;0;1
DIKTAR;1;17.02.1990;0;1
NAKSIYA;1;13.05.1965;0;1
KEYSEBANI;1;18.04.1960;0;1
KEYSEBAN;1;8.05.1970;0;1
TANICE;1;12.08.1980;0;1
ITFAT;1;12.06.1976;0;1
HEDEMCAN;1;18.06.1960;0;1
CAVDARI;1;3.03.1975;0;1
NEBUS;1;12.04.1959;0;1
KERPO;1;17.08.1930;0;1
ZUMRUZE;1;6.05.1980;0;1
MINICA;1;18.03.1954;0;1
MAMERCAN;1;2.08.1945;0;1
HISKI;1;27.08.1944;0;1
NOBAH;1;11.09.1967;0;1
TEMIRCAN;1;16.12.1982;0;1
HAATEM;1;18.07.1990;0;1
MUHNAZ;1;2.10.1980;0;1
MUNUNRE;1;12.02.1983;0;1
KAYSEBANO;1;4.03.1963;0;1
AYNULBEDIA;1;23.04.1961;0;1
EYDU;1;6.02.1956;0;1
TANRIYE;1;18.08.1978;0;1
SERCANE;1;26.11.1985;0;1
HAYGEZ;1;5.11.1978;0;1
MELAHAK;1;6.10.1991;0;1
MUSMURUYE;1;22.06.1991;0;1
GEYLI;1;28.02.1942;0;1
NALIYET;1;6.02.1992;0;1
NUHUBAR;1;22.11.1985;0;1
HINARE;1;18.09.1966;0;1
MUKDES;1;27.02.1956;0;1
SENENSAH;1;24.11.1984;0;1
TETBAZIN;1;2.03.1975;0;1
FAHNAZ;1;9.07.1988;0;1
ANILGUL;1;4.04.1987;0;1
HAFIZZE;1;27.07.1982;0;1
TUNHAZAR;1;7.02.1981;0;1
HAPSEDE;1;22.05.1955;0;1
MINHACER;1;4.05.1963;0;1
EZILET;1;25.11.1973;0;1
UNRCAN;1;25.10.1988;0;1
ZUFLINAZ;1;27.07.1986;0;1
MUNDIYE;1;6.08.1944;0;1
ESMENTULLAH;1;5.06.1956;0;1
PERMIE;1;25.03.1935;0;1
MARISAN;1;3.07.1988;0;1
GULEYFERAT;1;23.04.1964;0;1
MUSEYRAN;1;16.10.1987;0;1
MECRIMA;1;7.08.1946;0;1
MEHBUDE;1;7.08.1976;0;1
PERICA;1;12.08.1917;0;1
GULUL;1;22.02.1979;0;1
AFRIKA;1;17.08.1972;0;1
HUBE;1;22.08.1961;0;1
TOLICAN;1;7.02.1976;0;1
MUJDI;1;25.12.1989;0;1
ZUDIYA;1;12.02.1959;0;1
KESIMA;1;12.05.1973;0;1
GARIF;1;19.06.1989;0;1
MAZAMET;1;7.08.1970;0;1
SUSLUMURDAN;1;17.02.1972;0;1
TAMRICAN;1;22.02.1973;0;1
NURYAVUZ;1;27.02.1974;0;1
FIHRICE;1;22.02.1961;0;1
YEMISGUL;1;1.06.1974;0;1
SANISFE;1;12.02.1965;0;1
SUZETHAN;1;10.07.1939;0;1
TONLAR;1;17.08.1966;0;1
HANCIHAN;1;27.02.1974;0;1
BECBURE;1;12.02.1983;0;1
VALIDEN;1;9.01.1988;0;1
TACILBET;1;22.04.1982;0;1
UMUKESUN;1;27.10.1988;0;1
HAKIMYET;1;6.06.1987;0;1
BEYBUL;1;12.08.1959;0;1
ALMASTAN;1;10.08.1976;0;1
EMGULSEM;1;29.2.1986;0;1
RAKIETE;1;7.03.1976;0;1
FEZIMELEK;1;10.04.1978;0;1
ZUMRETEN;1;27.08.1974;0;1
FIGRICE;1;27.05.1962;0;1
ZIDDIYA;1;7.02.1982;0;1
MESULET;1;17.02.1966;0;1
GARE;1;30.01.1979;0;1
SULIK;1;7.02.1976;0;1
AYFEZ;1;2.02.1975;0;1
MEKIMA;1;27.02.1974;0;1
BEDUCEMAL;1;2.12.1962;0;1
KEMERIK;1;14.02.1935;0;1
ESMANTULLAH;1;5.06.1956;0;1
GULTEP;1;2.02.1981;0;1
AFETSON;1;1.09.1978;0;1
GURGECIN;1;30.05.1944;0;1
KEMADIYE;1;7.02.1976;0;1
MINAFIYE;1;26.07.1965;0;1
CEVHERAT;1;7.06.1987;0;1
MUCERER;1;2.02.1975;0;1
MUHRUBA;1;12.08.1971;0;1
PULIYA;1;29.08.1991;0;1
TAMAZER;1;7.02.1976;0;1
EDILET;1;7.08.1970;0;1
ATITE;1;21.01.1974;0;1
SAPHAN;1;2.02.1975;0;1
HASBEKE;1;19.06.1954;0;1
MENFFAT;1;30.04.1973;0;1
SURMERCAN;1;24.05.1961;0;1
FORIZE;1;12.08.1959;0;1
FEZAHET;1;7.02.1976;0;1
HUZIM;1;23.09.1930;0;1
EMINE.NILGUN;1;10.09.1980;0;1
GULSETI;1;13.03.1979;0;1
MUSKEL;1;24.03.1943;0;1
GULSITTI;1;17.03.1979;0;1
NAYIFHAN;1;7.02.1958;0;1
MUCAHITE;1;16.04.1970;0;1
NAZICEMAL;1;14.11.1971;0;1
UZEYCAN;1;6.12.1971;0;1
HEYBAT;1;12.02.1959;0;1
TAYPAT;1;16.08.1958;0;1
RUHENNAZ;1;7.07.1972;0;1
SELBINURHAYAT;1;13.06.1991;0;1
SEKERAZ;1;3.03.1966;0;1
AYSELHAYAT;1;22.05.1949;0;1
IRENBIBI;1;7.08.1982;0;1
NIDIA;1;6.11.1978;0;1
SEFVA;1;3.04.1972;0;1
NAFERUZ;1;12.09.1940;0;1
RUBABET;1;8.05.1964;0;1
AGIRYE;1;16.12.1980;0;1
GEZEM;1;9.05.1973;0;1
SOREYYA;1;19.03.1990;0;1
MERIHSAN;1;17.05.1972;0;1
SIYAHKAL;1;27.06.1955;0;1
HOMRISAN;1;17.04.1966;0;1
GULUFYA;1;2.07.1969;0;1
URDEK;1;9.05.1945;0;1
MARYATE;1;27.11.1968;0;1
MEYRUZE;1;22.02.1967;0;1
MEHCIBEN;1;22.02.1967;0;1
TAM;1;22.02.1949;0;1
ERDEMCEN;1;2.07.1965;0;1
GUGI;1;13.04.1947;0;1
IFIYET;1;25.03.1967;0;1
HUZGUL;1;18.09.1972;0;1
SOHLA;1;23.10.1967;0;1
KINAVIZ;1;11.03.1979;0;1
ANARGULI;1;24.02.1973;0;1
HURUSIMA;1;17.10.1942;0;1
MEHCUMAN;1;19.12.1974;0;1
DOSTMAN;1;26.09.1980;0;1
MEZERE;1;14.06.1971;0;1
NUROS;1;17.04.1980;0;1
SIHAC;1;27.02.1974;0;1
SENDENET;1;7.02.1970;0;1
OMUGULSUM;1;10.02.1988;0;1
HASBIK;1;23.04.1973;0;1
MUMAZER;1;27.08.1932;0;1
BOLGI;1;12.03.1959;0;1
NUREYEN;1;22.04.1967;0;1
UMMUKESIM;1;29.05.1973;0;1
AMASGUL;1;17.02.1972;0;1
DILEMEZ;1;29.06.1975;0;1
FIDDETE;1;29.04.1986;0;1
REZIME;1;5.11.1962;0;1
MINIFI;1;11.06.1975;0;1
BEDRIKEMAL;1;6.01.1964;0;1
KITAYUM;1;21.02.1966;0;1
NURHAMIYET;1;3.03.1973;0;1
USMANPERI;1;17.04.1972;0;1
SAIMIME;1;26.08.1955;0;1
UMULKERSIM;1;17.02.1960;0;1
GULBEYRA;1;22.08.1973;0;1
ULUKBIBI;1;27.08.1974;0;1
RUNI;1;19.06.1966;0;1
INCINAS;1;21.11.1983;0;1
BIBICOKER;1;12.08.1953;0;1
HAYRAZ;1;19.02.1964;0;1
MINASINA;1;8.09.1963;0;1
NEMIYA;1;27.03.1974;0;1
MAHRUBA;1;8.06.1976;0;1
GULSEBEM;1;21.01.1984;0;1
NIFSIYETE;1;17.05.1975;0;1
AHSUMA;1;17.10.1972;0;1
BILSEMA;1;9.01.1973;0;1
FEDILYA;1;22.03.1973;0;1
KEMAYI;1;1.01.1980;0;1
AMTIYE;1;26.08.1949;0;1
RIHYETE;1;11.11.1963;0;1
ZIYDIYE;1;12.04.1965;0;1
YARIM;1;11.04.1981;0;1
GARIE;1;4.09.1934;0;1
OLKIYA;1;21.10.1990;0;1
ROJGUN;1;27.02.1968;0;1
PAMRUK;1;6.02.1931;0;1
BEYFURI;1;12.08.1929;0;1
HATICE.;1;13.09.1983;0;1
AVSETE;1;19.09.1989;0;1
GULAI;1;11.05.1963;0;1
KENEM;1;19.11.1987;0;1
KIYMED;1;7.02.1952;0;1
INCITURK;1;7.06.1964;0;1
KUMERAN;1;23.11.1969;0;1
NUFSICIHAN;1;24.04.1967;0;1
TAMIRAT;1;14.06.1958;0;1
SUSGUL;1;1.09.1991;0;1
HEZYETE;1;21.04.1963;0;1
MUVAFFA;1;9.12.1951;0;1
KISNIS;1;11.01.1982;0;1
ZUZI;1;1.02.1931;0;1
DURAYYET;1;28.03.1956;0;1
MEVSICAT;1;2.02.1973;0;1
HABIBENURDAN;1;16.12.1972;0;1
MEFBURE;1;26.06.1962;0;1
GULABUTUN;1;2.02.1951;0;1
MOKRIME;1;11.05.1985;0;1
HAZALUK;1;17.08.1924;0;1
NADIDA;1;18.04.1953;0;1
KEMERAH;1;22.02.1949;0;1
RIYETA;1;2.02.1969;0;1
DURRIYET;1;27.02.1956;0;1
SEHRIYEN;1;21.06.1939;0;1
SURAHIYYA;1;17.06.1984;0;1
CEVHIZAR;1;2.12.1979;0;1
MUNASAH;1;22.01.1973;0;1
RIVAIDE;1;2.06.1975;0;1
YEMO;1;27.08.1926;0;1
YUKCAN;1;25.05.1985;0;1
ZINNEK;1;29.03.1991;0;1
NURBASA;1;6.01.1980;0;1
KULKUL;1;12.08.1959;0;1
GENCEGE;1;7.08.1958;0;1
TOMARBIBI;1;17.08.1978;0;1
CIMAY;1;2.08.1933;0;1
DOKTUBIBI;1;22.08.1979;0;1
ARUKE;1;27.08.1980;0;1
COCUL;1;12.08.1965;0;1
ZIYADEHAN;1;17.08.1948;0;1
IBADETHAN;1;17.08.1948;0;1
SATKINBIBI;1;17.08.1978;0;1
TONNUK;1;22.08.1967;0;1
UPA;1;7.08.1976;0;1
BIBIZIYA;1;2.03.1933;0;1
SEHERBIBI;1;27.08.1974;0;1
CINESTA;1;7.08.1958;0;1
BEZIPE;1;22.08.1961;0;1
UVGANBIBI;1;17.08.1978;0;1
APAL;1;12.08.1965;0;1
SEYREHAN;1;12.08.1971;0;1
TOHTA;1;12.08.1941;0;1
GULEPSAH;1;27.08.1974;0;1
MERBET;1;22.08.1961;0;1
BIBISURE;1;12.08.1983;0;1
BEBEKAYA;1;27.08.1980;0;1
ASILBIBI;1;12.08.1971;0;1
ATIMBIBI;1;12.08.1983;0;1
DURDUBIBI;1;2.08.1933;0;1
SONOHAN;1;27.08.1980;0;1
KALDIK;1;12.08.1953;0;1
CEMBIBI;1;22.08.1943;0;1
RECEPBIBI;1;2.08.1963;0;1
TURDUHAL;1;22.08.1961;0;1
SOLUN;1;17.08.1948;0;1
TURHANBIBI;1;2.08.1957;0;1
RIZBEBE;1;22.08.1943;0;1
ZEBEKAN;1;22.08.1973;0;1
CENARA;1;17.08.1948;0;1
NAPAHAN;1;2.08.1963;0;1
APIDE;1;17.08.1978;0;1
ACAIP;1;2.08.1975;0;1
KULBIBI;1;2.03.1963;0;1
BIBIRAS;1;22.08.1943;0;1
SEDIP;1;27.08.1962;0;1
TORKAY;1;17.08.1948;0;1
NAKIBAY;1;17.08.1978;0;1
BAKTI;1;17.08.1972;0;1
KULKADE;1;12.08.1983;0;1
CUNINEK;1;17.08.1978;0;1
PISTABIBI;1;2.08.1951;0;1
KONGUR;1;7.08.1976;0;1
SAFATUHAN;1;27.08.1968;0;1
SOKUMBIBI;1;27.08.1980;0;1
CIPAR;1;12.08.1953;0;1
SIRGA;1;7.08.1958;0;1
ANAL;1;12.08.1953;0;1
TURNAHAN;1;12.08.1977;0;1
LAHAL;1;2.08.1957;0;1
BAKIK;1;7.08.1958;0;1
IKBALBIBI;1;22.08.1973;0;1
GULANBIBI;1;2.08.1957;0;1
BASAM;1;27.08.1950;0;1
CEMALBIBI;1;12.08.1977;0;1
ORUNBEBE;1;12.08.1971;0;1
BEBESENAM;1;2.08.1975;0;1
ERZAIN;1;22.08.1979;0;1
SERKI;1;12.08.1971;0;1
AYITBIBI;1;7.08.1976;0;1
GULDERHAN;1;12.08.1971;0;1
LALBIBI;1;7.08.1958;0;1
DEVLETBIBI;1;2.08.1933;0;1
AYSIRIK;1;7.08.1982;0;1
TOTIYA;1;2.08.1957;0;1
RUZBIBI;1;2.08.1975;0;1
HADOL;1;22.08.1943;0;1
ASILEHAN;1;22.08.1943;0;1
TATLILULU;1;12.08.1965;0;1
MENDIBIBI;1;2.08.1951;0;1
SOLABIBI;1;2.08.1975;0;1
ZUJNET;1;22.08.1943;0;1
YAMIZ;1;17.08.1960;0;1
SOKSUR;1;22.08.1949;0;1
OGULAYIM;1;7.08.1952;0;1
MUNCAKBIBI;1;7.08.1982;0;1
HATIMBIBI;1;22.08.1961;0;1
MENDIGUL;1;22.08.1967;0;1
MARCAK;1;22.08.1943;0;1
ACEPBIBI;1;22.08.1973;0;1
UPUL;1;12.08.1965;0;1
TURGANBIBI;1;27.08.1950;0;1
BIBIZUPUN;1;2.08.1957;0;1
BIBIKONUL;1;12.08.1947;0;1
SUKSUR;1;12.08.1929;0;1
CIDDEBIBI;1;22.08.1931;0;1
AYINBEBE;1;22.08.1949;0;1
CERIN;1;22.08.1943;0;1
AGLAK;1;2.08.1963;0;1
MERALBIBI;1;22.08.1955;0;1
BIBISARAH;1;27.08.1950;0;1
CIGDE;1;7.08.1958;0;1
SONUN;1;7.08.1982;0;1
AKSENAN;1;22.08.1979;0;1
NUSHA;1;27.08.1980;0;1
ABAGUL;1;2.08.1981;0;1
MEZLEME;1;22.02.1961;0;1
NUNETULLAH;1;14.05.1949;0;1
MENIZE;1;3.02.1961;0;1
TANKO;1;3.10.1945;0;1
HAFSINE;1;5.04.1966;0;1
ZOZE;1;22.08.1925;0;1
Z0ZI;1;22.02.1955;0;1
BAKACAN;1;29.03.1965;0;1
ELPA;1;24.12.1979;0;1
MONURE;1;6.10.1972;0;1
ARNAVAZ;1;11.04.1972;0;1
MERAKCAN;1;25.05.1967;0;1
AIDET;1;2.02.1957;0;1
RAFATA;1;6.11.1950;0;1
HIRDEMCAN;1;5.04.1963;0;1
TERVINDE;1;2.08.1933;0;1
ZINURI;1;3.08.1939;0;1
SENABET;1;15.05.1969;0;1
AYNESER;1;25.04.1971;0;1
NADISAH;1;3.04.1969;0;1
MOMIHAN;1;22.04.1945;0;1
DAIMAN;1;11.02.1957;0;1
TERINDAZ;1;12.02.1953;0;1
ANUSA;1;7.02.1982;0;1
MELIHHE;1;17.03.1966;0;1
SINIYA;1;30.05.1980;0;1
MAPBUP;1;17.07.1987;0;1
MAAZZES;1;17.02.1966;0;1
MIDRUKE;1;5.12.1986;0;1
NOSAFERIN;1;27.04.1962;0;1
LELIBE;1;22.02.1961;0;1
EMINAZ;1;27.02.1962;0;1
TEHSIMA;1;11.12.1979;0;1
NEHBIYE;1;16.08.1975;0;1
FIYYET;1;8.08.1975;0;1
CELNAZ;1;6.01.1963;0;1
OSYA;1;14.06.1977;0;1
SIMILIZAR;1;16.10.1956;0;1
MEYAR;1;7.02.1958;0;1
MUZEYRAN;1;7.05.1988;0;1
PILANDIK;1;27.02.1956;0;1
ZEYNURIYE;1;16.08.1975;0;1
MEMMIHAN;1;8.06.1979;0;1
FELGIMELEK;1;27.05.1962;0;1
SANGILMEZ;1;21.12.1974;0;1
ARSELE;1;22.02.1949;0;1
NURSERNA;1;17.02.1960;0;1
FAKIZER;1;15.03.1956;0;1
MURFICE;1;3.06.1981;0;1
REZBER;1;2.02.1945;0;1
MIFRICAN;1;17.04.1984;0;1
AKIDEN;1;1.01.1956;0;1
MULIYER;1;1.02.1967;0;1
SENEMPERI;1;2.01.1963;0;1
FISFOR;1;27.08.1920;0;1
SONBULBUL;1;23.03.1955;0;1
METUBE;1;16.08.1969;0;1
SORMU;1;11.02.1963;0;1
DALILE;1;10.07.1963;0;1
BEBICAN;1;22.02.1943;0;1
ZEMZENA;1;1.03.1948;0;1
DEMLIHAN;1;6.03.1974;0;1
ROJMIN;1;12.01.1971;0;1
TANKADEM;1;27.02.1974;0;1
DOYDUM;1;1.08.1981;0;1
BIRGULSUN;1;12.06.1990;0;1
PAMUT;1;12.06.1989;0;1
PIRUZADE;1;12.02.1977;0;1
LAYA;1;22.04.1975;0;1
FEYLUKE;1;22.08.1961;0;1
ZILFINAS;1;12.08.1941;0;1
TANZILET;1;20.04.1990;0;1
SOYLENMEZ;1;17.02.1972;0;1
GOLIK;1;18.06.1936;0;1
FEYRUZSAN;1;17.03.1990;0;1
ELBINAZ;1;7.02.1970;0;1
EYUBET;1;17.02.1972;0;1
SANDIGUL;1;22.08.1961;0;1
HONAZ;1;17.02.1978;0;1
NIZVICIHAN;1;15.07.1971;0;1
HURUSMAN;1;27.03.1968;0;1
RAHISAN;1;7.02.1976;0;1
UNRAN;1;2.02.1987;0;1
NURANPERI;1;22.10.1973;0;1
PERIZEDE;1;29.09.1990;0;1
ANARAGUL;1;11.04.1973;0;1
SIMMAMPERI;1;12.02.1953;0;1
NECEVET;1;22.02.1973;0;1
ZAZIA;1;2.05.1951;0;1
MENZILAT;1;17.02.1987;0;1
SUTNAZ;1;6.04.1984;0;1
PITAN;1;22.09.1961;0;1
MURTEZI;1;17.11.1987;0;1
LEYLAKASIM;1;27.07.1980;0;1
FEYZURE;1;22.06.1961;0;1
MENIHAT;1;16.11.1982;0;1
KASAM;1;7.02.1976;0;1
HIBI;1;12.08.1923;0;1
CECICE;1;2.02.1975;0;1
NAVUSTAN;1;17.02.1948;0;1
GILTAN;1;3.04.1963;0;1
SALTEN;1;7.02.1982;0;1
KARAGAS;1;17.02.1966;0;1
FEFLIKAT;1;22.02.1961;0;1
MAHDULE;1;22.02.1967;0;1
TEKILE;1;8.05.1960;0;1
MEHCENIN;1;19.04.1962;0;1
FERAHDILA;1;22.02.1967;0;1
HEDLEM;1;2.08.1939;0;1
SEMRIKAN;1;12.02.1983;0;1
GULHORI;1;7.08.1963;0;1
ESPHAN;1;27.08.1932;0;1
SIMANGUL;1;2.03.1963;0;1
MASOOMEH;1;22.10.1975;0;1
BAGDAKUL;1;9.04.1988;0;1
FEHIHE;1;27.10.1968;0;1
SAYIGAL;1;22.02.1961;0;1
FAFURU;1;27.09.1970;0;1
MIYYASER;1;6.01.1987;0;1
HANSEADET;1;12.02.1959;0;1
GARIPNAR;1;12.03.1965;0;1
SEHISTE;1;21.12.1957;0;1
FIKRIYAZ;1;30.08.1974;0;1
NEMZIYA;1;27.02.1968;0;1
HARETE;1;16.03.1943;0;1
HEFTGUL;1;17.08.1924;0;1
SALZAN;1;12.02.1959;0;1
FEVRUKA;1;7.06.1980;0;1
HEVZO;1;27.08.1938;0;1
TAYIPE;1;22.03.1973;0;1
FEHLIKA;1;17.02.1966;0;1
GONPERI;1;6.03.1946;0;1
TOSI;1;12.06.1947;0;1
HAMBUK;1;2.01.1939;0;1
FERKET;1;22.02.1967;0;1
MEMISAN;1;8.05.1980;0;1
GULSONI;1;2.02.1951;0;1
ZONEL;1;22.02.1961;0;1
HIZINET;1;24.04.1964;0;1
FIRGUT;1;19.08.1966;0;1
SEMSOR;1;27.02.1956;0;1
TUNCELLI;1;11.09.1946;0;1
LIMONATA;1;25.05.1973;0;1
ZIDYE;1;2.05.1975;0;1
DIFEROZ;1;7.02.1970;0;1
ANTIBAL;1;12.02.1965;0;1
SUMHEZAR;1;7.07.1964;0;1
TASHAT;1;15.07.1979;0;1
MUSLUFERT;1;12.07.1958;0;1
HIZRETE;1;2.03.1948;0;1
SUREYHIDE;1;17.03.1966;0;1
FILIDE;1;23.06.1965;0;1
NEZMIHAN;1;26.08.1964;0;1
FAHRIDIBA;1;10.04.1972;0;1
REFIET;1;22.02.1973;0;1
NARDIZ;1;12.02.1965;0;1
FAFLIKA;1;2.02.1963;0;1
ALFAZI;1;26.06.1976;0;1
HAYAHAT;1;2.02.1969;0;1
FUNDIKA;1;23.04.1937;0;1
PIREZO;1;24.09.1973;0;1
DAGCICEK;1;17.02.1966;0;1
SAHINIR;1;22.06.1973;0;1
FEVLUKAT;1;12.02.1965;0;1
FALFIMA;1;14.08.1964;0;1
OVEC;1;7.08.1934;0;1
FAFRIKA;1;1.11.1965;0;1
FEVLIKA;1;17.06.1976;0;1
TINYET;1;6.04.1973;0;1
NAYLON;1;13.06.1965;0;1
IKBAN;1;21.11.1981;0;1
GULISUR;1;17.02.1966;0;1
KYMET;1;11.11.1990;0;1
MISHI;1;15.08.1966;0;1
SANEMGUL;1;9.09.1991;0;1
ORINAZ;1;23.03.1967;0;1
BIZKIYET;1;14.12.1965;0;1
FEHLUKA;1;16.11.1976;0;1
SEVKIAT;1;12.02.1965;0;1
ATANGUL;1;12.03.1989;0;1
MAHBEREY;1;7.02.1976;0;1
ZINED;1;5.05.1973;0;1
FERADIBA;1;22.07.1979;0;1
NACIBA;1;24.05.1973;0;1
TOHOS;1;12.02.1959;0;1
ZEGO;1;12.03.1965;0;1
REEFIYA;1;17.08.1980;0;1
SIBHET;1;12.02.1965;0;1
BAHAZ;1;8.11.1990;0;1
FEHRIDIBA;1;15.04.1964;0;1
SEHEVZA;1;23.04.1972;0;1
ISMUNAZ;1;26.04.1973;0;1
SAINIYE;1;7.02.1976;0;1
FEGLUKA;1;1.06.1962;0;1
NARENCE;1;22.02.1973;0;1
NORYE;1;4.06.1963;0;1
HIRHAL;1;7.02.1946;0;1
CEVAHIRAT;1;27.06.1950;0;1
TOSUYA;1;22.02.1955;0;1
FELEKAZ;1;4.06.1980;0;1
TUKI;1;15.10.1949;0;1
PENBUG;1;22.02.1961;0;1
ALTINI;1;4.09.1969;0;1
HAYDAGUL;1;6.11.1984;0;1
ESMICAN;1;11.06.1991;0;1
NANIME;1;2.04.1975;0;1
TIPKI;1;12.08.1929;0;1
MEFIHA;1;2.07.1974;0;1
MILNAZ;1;6.03.1977;0;1
MENICEN;1;22.02.1967;0;1
CUMHIRIYET;1;2.02.1969;0;1
ZIMI;1;12.03.1941;0;1
NESIET;1;22.03.1974;0;1
GULHIDRA;1;26.01.1952;0;1
MECEBAT;1;15.04.1973;0;1
BINIS;1;27.06.1974;0;1
NATHAN;1;26.08.1945;0;1
AZRET;1;17.01.1946;0;1
SECIRYA;1;2.04.1975;0;1
KIZNENOS;1;1.02.1947;0;1
FEYLAZ;1;22.02.1967;0;1
EMPIRME;1;12.03.1959;0;1
KAMILECAN;1;12.02.1959;0;1
SEHRIYEZADE;1;1.05.1964;0;1
HORAMAN;1;14.02.1923;0;1
HULKIYAT;1;9.04.1973;0;1
TULCEZ;1;17.02.1972;0;1
ULKAYIT;1;16.11.1967;0;1
FEVRUZA;1;30.11.1984;0;1
ZUMEYRI;1;12.08.1941;0;1
FAHILE;1;27.02.1968;0;1
NECABAT;1;17.02.1966;0;1
FAKRULKA;1;10.01.1940;0;1
SERFRAZ;1;1.06.1970;0;1
SARINBAN;1;16.05.1981;0;1
NEZETTE;1;17.12.1972;0;1
NULGIL;1;22.08.1991;0;1
GOLDENIZ;1;2.02.1963;0;1
FAKITET;1;20.05.1980;0;1
GAILETE;1;12.02.1971;0;1
KAVILE;1;17.02.1954;0;1
AHYE;1;6.06.1950;0;1
SUMERZA;1;28.08.1960;0;1
AHUMERAL;1;23.09.1983;0;1
SEHENAZ;1;25.09.1971;0;1
HATICETE;1;17.06.1990;0;1
NUHBUHAR;1;14.07.1980;0;1
TATICE;1;11.03.1966;0;1
TELGEZ;1;11.02.1961;0;1
KUKER;1;10.05.1946;0;1
BIRHIYE;1;2.10.1981;0;1
YUZGOL;1;16.12.1986;0;1
MEYTUBE;1;2.02.1975;0;1
HEMSU;1;19.02.1941;0;1
MIHARI;1;9.12.1970;0;1
SIMTENAY;1;22.11.1979;0;1
EDISABAH;1;18.03.1972;0;1
NENICAN;1;11.09.1981;0;1
ZERENGIZ;1;22.08.1925;0;1
URAYET;1;8.04.1970;0;1
TERVAN;1;4.03.1942;0;1
METHUSSEMA;1;29.05.1966;0;1
SUMEYNA;1;16.12.1981;0;1
UMMIYETE;1;20.10.1990;0;1
TEKELIM;1;18.01.1987;0;1
ADILESAH;1;16.03.1972;0;1
FERAHTIBA;1;22.04.1973;0;1
AKHISAN;1;4.04.1963;0;1
ESRASULTAN;1;23.12.1976;0;1
MISFICIHAN;1;13.04.1976;0;1
IMANFIGEN;1;1.01.1982;0;1
FAHR;1;29.07.1982;0;1
JEREN;1;6.03.1969;0;1
NUREYYEN;1;17.03.1960;0;1
MARISEL;1;17.02.1990;0;1
RUZYE;1;21.05.1936;0;1
HURUYRA;1;14.05.1967;0;1
BERVA;1;22.10.1991;0;1
SEVNC;1;24.05.1991;0;1
REGIHAN;1;7.02.1958;0;1
PEROZA;1;12.08.1935;0;1
RUFKAT;1;27.09.1956;0;1
HANMESHUDE;1;7.02.1958;0;1
MUSOM;1;27.08.1932;0;1
ROJAY;1;8.04.1986;0;1
SENEMHANIM;1;27.02.1980;0;1
VACHIYE;1;2.03.1960;0;1
KAMALYE;1;7.04.1964;0;1
FURDANUR;1;11.08.1963;0;1
TULAYAT;1;21.06.1962;0;1
VEKILLA;1;12.06.1959;0;1
BENIZER;1;12.10.1989;0;1
HULYACAN;1;23.06.1987;0;1
HUZEYCAN;1;3.10.1983;0;1
GULGEDEM;1;13.03.1957;0;1
SANIYAR;1;1.12.1981;0;1
MAHKUL;1;14.04.1979;0;1
SUMERZE;1;20.03.1950;0;1
HAKULE;1;12.08.1935;0;1
MUHULBENT;1;22.08.1931;0;1
SIMERZAN;1;3.09.1980;0;1
BEHIDAR;1;2.07.1990;0;1
NURFICAN;1;18.02.1966;0;1
SEMSIHAMER;1;7.04.1958;0;1
GEVU;1;27.08.1926;0;1
MEZIA;1;7.06.1964;0;1
MUDURYE;1;16.02.1964;0;1
RIHIYA;1;17.02.1972;0;1
METIBE;1;30.04.1975;0;1
SIMHAZER;1;4.05.1962;0;1
ADILESAR;1;22.02.1967;0;1
HOMIN;1;22.07.1937;0;1
KAZ;1;24.06.1983;0;1
TANHAZAR;1;22.02.1967;0;1
CEDIBE;1;28.01.1967;0;1
BILESAH;1;6.08.1973;0;1
BUYUSER;1;17.07.1942;0;1
IDIN;1;7.03.1940;0;1
HIMAYUM;1;22.08.1963;0;1
MUFTERIN;1;17.10.1966;0;1
SAYZENET;1;25.07.1949;0;1
HETINE;1;19.03.1966;0;1
VENICE;1;18.11.1988;0;1
MARIYEH;1;18.05.1991;0;1
DELUHA;1;22.03.1961;0;1
FADILME;1;27.04.1985;0;1
TAHSIMA;1;24.05.1967;0;1
GOLCICEK;1;7.02.1964;0;1
NAZNURCAN;1;16.12.1961;0;1
AKUTE;1;23.06.1973;0;1
FELENAZ;1;27.05.1942;0;1
SULHICAN;1;7.04.1928;0;1
HESBIHAN;1;22.04.1954;0;1
MISMIRANDI;1;9.01.1973;0;1
MULKESE;1;9.10.1976;0;1
FARICATUL;1;27.04.1962;0;1
ANBERHAN;1;2.03.1951;0;1
RAHUZA;1;8.04.1933;0;1
SAADDEF;1;12.02.1971;0;1
MEKREMINAZ;1;22.03.1961;0;1
KIRMIZIHAN;1;22.08.1925;0;1
RIHAFEZE;1;4.06.1971;0;1
MIRANI;1;5.04.1973;0;1
REGAHAN;1;19.09.1979;0;1
ZULHUNAZ;1;5.12.1957;0;1
YEDISAH;1;17.02.1976;0;1
YADISEN;1;19.10.1985;0;1
RAYLER;1;3.02.1969;0;1
KEDIRE;1;17.02.1948;0;1
NAZVAN;1;10.04.1989;0;1
MUHSENAT;1;2.03.1951;0;1
NOJDAR;1;1.02.1976;0;1
KEYSEBANU;1;2.08.1975;0;1
SAHRNURE;1;26.06.1975;0;1
YAMLIHEN;1;10.03.1958;0;1
BERIK;1;27.02.1950;0;1
RIJBER;1;17.02.1972;0;1
MAHFIZYE;1;26.01.1957;0;1
TALILA;1;22.02.1967;0;1
HAVZARAN;1;27.11.1974;0;1
ZIBATER;1;10.11.1952;0;1
SAHREZA;1;22.02.1961;0;1
BILEVSAH;1;14.04.1965;0;1
VARDEY;1;2.05.1981;0;1
GAVRES;1;12.04.1941;0;1
HERAL;1;16.06.1928;0;1
PERVANEH;1;12.04.1979;0;1
RESNA;1;26.10.1982;0;1
YARDIGAR;1;23.06.1967;0;1
SURAHIYA;1;17.08.1948;0;1
MAGADA;1;17.12.1972;0;1
HULETE;1;27.05.1950;0;1
LARIKA;1;21.01.1984;0;1
MUHTEZA;1;17.12.1978;0;1
TADDIRIYE;1;12.08.1971;0;1
MIHFAN;1;18.03.1982;0;1
SEVG;1;8.12.1989;0;1
SIGAL;1;22.02.1967;0;1
VEDILA;1;17.02.1979;0;1
KUTIRK;1;16.07.1946;0;1
HOMAVIL;1;4.01.1974;0;1
IREMISTAN;1;12.02.1965;0;1
KUTLARHAN;1;21.11.1974;0;1
NARTAC;1;21.05.1975;0;1
VESEMET;1;22.02.1967;0;1
MULKESAN;1;30.05.1974;0;1
NETISE;1;27.03.1972;0;1
AHANUR;1;20.11.1976;0;1
NURPENBE;1;18.05.1969;0;1
NEMICAN;1;26.05.1976;0;1
SEFINC;1;26.03.1937;0;1
FEHRIBA;1;29.06.1974;0;1
NEJMIZE;1;20.05.1964;0;1
MUYEDDER;1;23.02.1943;0;1
HALFETE;1;27.02.1962;0;1
RUFAYLA;1;12.02.1965;0;1
MAKSADE;1;23.02.1957;0;1
MERZUFUN;1;11.11.1967;0;1
HALYASE;1;16.01.1967;0;1
SILLA;1;19.10.1980;0;1
SAHIHAN;1;7.02.1970;0;1
OZBUN;1;13.12.1980;0;1
ELFAZYA;1;4.01.1965;0;1
YURTTASIN;1;8.06.1949;0;1
MUTLARHAN;1;10.05.1976;0;1
ULKULAY;1;7.10.1987;0;1
FERIHAGUL;1;7.02.1960;0;1
ARVAS;1;10.09.1987;0;1
CIDEYET;1;12.03.1959;0;1
MUSLUHE;1;15.05.1989;0;1
HANIMHAS;1;6.04.1950;0;1
VESFICIHAN;1;22.05.1986;0;1
MUYEFER;1;1.11.1979;0;1
GULUMSEV;1;27.01.1986;0;1
OZERAN;1;21.04.1977;0;1
SAYSTE;1;12.12.1986;0;1
HARAC;1;7.02.1970;0;1
ISTERIM;1;7.08.1928;0;1
SEVKIYIAT;1;19.04.1977;0;1
MECBULA;1;24.01.1953;0;1
BEDIYAS;1;4.03.1962;0;1
GARIYE;1;3.03.1959;0;1
SEYDAH;1;26.04.1936;0;1
GULERMI;1;1.03.1958;0;1
NILRUBAN;1;4.09.1972;0;1
HARISIMAN;1;4.03.1961;0;1
BUHAYEDIYE;1;6.01.1969;0;1
UREYNEP;1;8.01.1972;0;1
HEYZU;1;22.02.1943;0;1
AZAL;1;7.02.1946;0;1
MUYUSSER;1;22.02.1967;0;1
MUNEYYER;1;30.05.1956;0;1
BASRAFI;1;1.03.1942;0;1
BERIZADE;1;27.10.1973;0;1
DIVO;1;27.02.1956;0;1
SAHRISTA;1;24.06.1973;0;1
TANGO;1;6.03.1943;0;1
HASIYETE;1;22.02.1961;0;1
SIZKAZ;1;1.07.1956;0;1
RUSAD;1;27.10.1987;0;1
BESIH;1;30.05.1962;0;1
FERREHDIBA;1;5.03.1962;0;1
FERIGOL;1;7.10.1964;0;1
LEBIBA;1;25.04.1962;0;1
ZERENGI;1;2.10.1955;0;1
KURDERT;1;23.03.1985;0;1
ENOS;1;8.07.1934;0;1
DOLE;1;17.11.1966;0;1
YADISAR;1;14.12.1984;0;1
HAMMAIL;1;30.04.1947;0;1
SARABON;1;28.06.1971;0;1
TEYBETE;1;24.03.1967;0;1
CAIHDE;1;11.03.1988;0;1
HURISMAN;1;2.02.1957;0;1
DEVRETHAN;1;12.02.1985;0;1
SICICE;1;7.02.1982;0;1
CAZIA;1;15.07.1970;0;1
EYNURHEYAT;1;2.04.1970;0;1
GULFAHIM;1;18.03.1960;0;1
ESMAYUCEL;1;23.01.1977;0;1
FANUSI;1;19.06.1965;0;1
ERNEVAS;1;9.09.1985;0;1
GULCEREK;1;17.11.1990;0;1
SAHOZER;1;2.05.1981;0;1
AHITNAME;1;18.08.1959;0;1
GAYLAR;1;1.08.1972;0;1
BILDANUR;1;25.08.1985;0;1
MISMIRE;1;12.02.1953;0;1
SINANBERI;1;9.12.1957;0;1
LIBYETE;1;7.08.1988;0;1
HUBRET;1;15.01.1938;0;1
ZIRBAR;1;2.08.1921;0;1
NEVOZE;1;15.08.1975;0;1
ISMANPERI;1;21.07.1983;0;1
BAZGO;1;8.02.1946;0;1
HACCERILA;1;28.06.1979;0;1
BIJER;1;11.08.1981;0;1
SEMINHAN;1;5.08.1987;0;1
MUZESER;1;22.09.1973;0;1
BEYBET;1;13.10.1987;0;1
ZEYBETHAN;1;22.02.1967;0;1
DURIYYET;1;22.08.1973;0;1
FIDYETE;1;24.04.1977;0;1
KERMANSAH;1;23.07.1973;0;1
RUCE;1;17.04.1991;0;1
KAYINE;1;26.11.1978;0;1
TEHIME;1;3.03.1973;0;1
SAHZENNAN;1;15.01.1973;0;1
MIHCIN;1;25.11.1949;0;1
SIVAYDA;1;22.02.1961;0;1
HIRHIR;1;12.02.1935;0;1
SAHSIBA;1;1.11.1990;0;1
TEPRIZE;1;26.05.1963;0;1
HALIZAR;1;27.05.1974;0;1
SIRMUZAR;1;2.02.1957;0;1
MERYEMMA;1;22.02.1979;0;1
MECBURHAN;1;17.02.1942;0;1
YELIHAN;1;12.05.1989;0;1
MEYAF;1;27.03.1962;0;1
DILILA;1;27.10.1986;0;1
NUSAFERIN;1;8.07.1975;0;1
GONERCIN;1;7.03.1958;0;1
ESMUYE;1;22.02.1961;0;1
EBUKESME;1;5.05.1975;0;1
HUGI;1;28.06.1937;0;1
SIYAHTELLI;1;16.01.1934;0;1
FAYFUR;1;27.12.1968;0;1
NEMIHAN;1;10.02.1956;0;1
HULELE;1;18.02.1954;0;1
SUMSUR;1;26.01.1957;0;1
MOKSINE;1;8.05.1955;0;1
PAHYE;1;30.2.1953;0;1
NAFIREZ;1;6.07.1967;0;1
OZELM;1;28.06.1991;0;1
TATMAZIN;1;7.08.1922;0;1
SEHRITAN;1;17.05.1954;0;1
SIRIZAT;1;27.02.1954;0;1
K.MESRUKE;1;10.12.1971;0;1
BAHIYET;1;17.08.1930;0;1
HEZERA;1;7.05.1980;0;1
SUKRAR;1;10.07.1949;0;1
UMILE;1;7.04.1988;0;1
LEVIHA;1;14.12.1969;0;1
OGNUR;1;7.03.1982;0;1
SUKRANHANIM;1;5.05.1971;0;1
ENZIRE;1;17.02.1954;0;1
SUKRUSENAN;1;9.11.1969;0;1
GULUNTAN;1;14.05.1964;0;1
BALLIHANIM;1;18.08.1971;0;1
MAYCAN;1;16.05.1988;0;1
MAHISAKAR;1;26.04.1967;0;1
MENZURIYET;1;18.09.1948;0;1
HEYBET.;1;6.03.1985;0;1
DAGILA;1;22.03.1955;0;1
EMAYIL;1;2.08.1969;0;1
BESNAI;1;22.08.1931;0;1
NUGAR;1;2.08.1951;0;1
SAHISTA;1;2.09.1981;0;1
BIZIN;1;12.02.1941;0;1
TAYYIPET;1;29.05.1986;0;1
SINEPPERI;1;16.06.1970;0;1
CEHAVIR;1;6.04.1956;0;1
BISVER;1;17.02.1966;0;1
BILGOL;1;25.10.1973;0;1
BADISEHE;1;12.08.1971;0;1
SELIVA;1;9.02.1954;0;1
SUVAYLE;1;24.02.1992;0;1
SANIYETE;1;17.08.1972;0;1
ROJGAR;1;18.08.1974;0;1
BINNAKS;1;27.02.1962;0;1
NALYEHAN;1;1.04.1946;0;1
BAZIHAN;1;28.08.1944;0;1
BAKLISE;1;7.02.1964;0;1
BEGIHANIM;1;28.04.1972;0;1
KEHRIME;1;15.05.1988;0;1
AILETE;1;26.11.1972;0;1
BAHYA;1;12.03.1959;0;1
REKABET;1;2.05.1974;0;1
GULMUKADEST;1;21.05.1982;0;1
TOMHAZAR;1;27.02.1974;0;1
NEMES;1;17.02.1960;0;1
HALHAL;1;23.11.1960;0;1
CEVAHRAN;1;27.08.1968;0;1
KICAL;1;7.08.1922;0;1
HIFI;1;2.08.1933;0;1
DEMIYE;1;1.06.1979;0;1
MAYSET;1;3.05.1957;0;1
ANTICA;1;17.05.1984;0;1
HANGIL;1;17.02.1966;0;1
ELIDIA;1;25.02.1974;0;1
GULSUSUN;1;21.11.1972;0;1
GULCEMAT;1;25.04.1988;0;1
ABRUZ;1;16.06.1946;0;1
FIYETE;1;26.12.1977;0;1
GUNAF;1;20.06.1954;0;1
HUCCETE;1;26.06.1960;0;1
MUNEVS;1;22.03.1953;0;1
RAFUYE;1;2.02.1951;0;1
CUBEYDE;1;16.03.1976;0;1
SARIYER;1;30.10.1971;0;1
SARLE;1;27.02.1956;0;1
MUMTEZI;1;15.01.1974;0;1
RUHAZA;1;19.06.1966;0;1
ROZYA;1;26.11.1971;0;1
NEMIRAN;1;29.11.1979;0;1
LAYIZER;1;10.10.1948;0;1
SOHURYE;1;12.03.1965;0;1
SILT;1;7.08.1934;0;1
SAHIZERI;1;26.10.1960;0;1
MEHSINA;1;2.09.1978;0;1
MESRIBE;1;9.02.1976;0;1
TEYBBET;1;1.12.1991;0;1
HEYIFAN;1;17.06.1966;0;1
TASHIA;1;25.05.1973;0;1
NUSFICIHAN;1;29.07.1975;0;1
MAKBUEL;1;22.03.1955;0;1
CIGOEM;1;25.10.1990;0;1
TAYIBBET;1;21.08.1990;0;1
BIDEMGUL;1;22.03.1991;0;1
HALLIME;1;16.06.1965;0;1
ZUMMEYRAN;1;16.06.1987;0;1
ZUBAR;1;25.12.1988;0;1
HIRIK;1;21.03.1929;0;1
SUREYLE;1;18.10.1972;0;1
AKBULE;1;22.02.1973;0;1
KUMIRYE;1;8.11.1966;0;1
AHBILE;1;27.12.1975;0;1
TILLIZER;1;24.09.1949;0;1
SEHERHAZ;1;21.05.1983;0;1
CILLINAZ;1;18.10.1956;0;1
MAHTU;1;14.03.1991;0;1
MIKI;1;2.10.1975;0;1
NURTELIN;1;8.08.1969;0;1
ANTISAH;1;12.08.1941;0;1
ZERIKE;1;22.02.1955;0;1
AYTAF;1;4.08.1970;0;1
NUHULE;1;29.04.1970;0;1
ELHIZAR;1;13.01.1959;0;1
DERHIYE;1;29.03.1977;0;1
TADILE;1;27.11.1950;0;1
GULSUMKADIN;1;17.11.1948;0;1
DUNDANI;1;11.03.1969;0;1
GUZELIYE;1;17.02.1972;0;1
AKLEME;1;21.05.1980;0;1
NETUBE;1;18.05.1944;0;1
MUKSUM;1;12.04.1978;0;1
NICO;1;7.08.1922;0;1
MERKOBE;1;8.11.1939;0;1
FAHRINEZ;1;18.01.1956;0;1
MILASIYE;1;12.09.1946;0;1
ZEYNEBAN;1;12.03.1971;0;1
SOYLECAN;1;10.12.1975;0;1
PERVINGULER;1;12.05.1972;0;1
CAMFIDE;1;18.08.1959;0;1
SAIMEDIN;1;12.04.1947;0;1
TEVREK;1;24.03.1972;0;1
KUHERIYE;1;17.04.1930;0;1
SESMAN;1;12.02.1980;0;1
TANSEF;1;6.04.1966;0;1
GULPARIYE;1;7.02.1964;0;1
CAVAN;1;8.09.1966;0;1
GULIRYEN;1;7.04.1964;0;1
SIRIKA;1;17.08.1924;0;1
FIGANIYE;1;26.04.1958;0;1
KEREME;1;11.10.1975;0;1
RALAN;1;4.02.1978;0;1
RESUHA;1;20.12.1972;0;1
IRDESEL;1;4.08.1949;0;1
TUNSEY;1;3.10.1941;0;1
YASIYANHANIM;1;12.12.1971;0;1
NURSAHVAR;1;21.11.1952;0;1
IKAFA;1;12.08.1953;0;1
TALIHHAN;1;8.04.1952;0;1
MEPRIKA;1;24.05.1937;0;1
SERPUR;1;21.08.1971;0;1
SUBETI;1;30.03.1950;0;1
GULABE;1;7.04.1958;0;1
MAYINNUR;1;18.03.1970;0;1
KEYRI;1;27.10.1957;0;1
VEZIKA;1;27.08.1950;0;1
SEFAHADE;1;13.07.1956;0;1
SEMENBAY;1;7.07.1964;0;1
GUNNISA;1;18.10.1981;0;1
GURDINC;1;2.12.1969;0;1
UMMUNISA;1;29.05.1975;0;1
FAALIYE;1;14.07.1941;0;1
AYAZA;1;27.02.1935;0;1
REKABE;1;4.06.1972;0;1
ALAZA;1;3.12.1985;0;1
SAMADIYE;1;7.04.1946;0;1
DONISER;1;1.07.1941;0;1
UNKILAP;1;16.10.1945;0;1
TULAS;1;16.05.1947;0;1
TEMASAH;1;1.09.1979;0;1
NAYSERIN;1;7.07.1981;0;1
CEZERIYE;1;14.03.1947;0;1
ISILBAZ;1;22.02.1949;0;1
BEKLIYE;1;17.08.1930;0;1
TURTIYAN;1;5.07.1927;0;1
VALYIDE;1;12.08.1953;0;1
URBUS;1;22.08.1925;0;1
FIKRUN;1;2.02.1969;0;1
HIDAETA;1;25.10.1961;0;1
SAYGIYA;1;12.05.1959;0;1
YORMA;1;6.11.1979;0;1
BIKEHANIM;1;15.04.1989;0;1
MEVRIGUL;1;21.08.1944;0;1
ZELVIHAN;1;26.02.1991;0;1
TERAVET;1;26.02.1971;0;1
LUBISA;1;12.08.1935;0;1
MULFERIYE;1;2.08.1933;0;1
GULENDEMIR;1;12.04.1965;0;1
AITER;1;4.02.1951;0;1
SENOZEL;1;17.07.1954;0;1
ZERGEH;1;14.02.1953;0;1
SEINAZ;1;17.08.1978;0;1
GULURYEN;1;24.07.1954;0;1
SUKIBE;1;6.08.1938;0;1
DILSUDE;1;3.03.1951;0;1
MUHIPBE;1;20.05.1932;0;1
FERUHNUR;1;8.06.1973;0;1
CAHITAN;1;13.05.1938;0;1
MUISALI;1;2.08.1933;0;1
KADIFEYKA;1;28.11.1971;0;1
NETAMET;1;1.09.1961;0;1
TANERRICA;1;4.03.1937;0;1
VELFIDE;1;3.09.1950;0;1
NAHIKAR;1;29.07.1952;0;1
MUKADE;1;12.08.1929;0;1
MUKMERIYE;1;18.10.1965;0;1
SAHVETIYE;1;15.04.1959;0;1
PERIVET;1;13.04.1940;0;1
MINYAN;1;25.02.1949;0;1
MEHPARIYE;1;22.04.1973;0;1
HAYRIMUSAN;1;4.03.1957;0;1
HAPLI;1;17.09.1954;0;1
HURMEZET;1;26.03.1958;0;1
ERDESEL;1;22.06.1972;0;1
NAKIKA;1;26.12.1943;0;1
OZCANIM;1;17.08.1982;0;1
SEYCIHANIM;1;12.05.1959;0;1
DILBERYE;1;7.09.1958;0;1
SEMERGEND;1;25.03.1966;0;1
PISIN;1;1.09.1966;0;1
TESKILE;1;26.02.1967;0;1
NOVIDE;1;27.02.1938;0;1
KUDRETVERDI;1;16.05.1932;0;1
MUHEYYER;1;11.09.1942;0;1
SEYCANI;1;12.03.1965;0;1
NECURE;1;27.09.1939;0;1
MUJUGAN;1;2.07.1959;0;1
MIHPER;1;13.02.1963;0;1
ALEMZAR;1;21.04.1963;0;1
LEBIYAN;1;26.06.1966;0;1
DEZIZE;1;16.04.1953;0;1
NASUFE;1;2.08.1927;0;1
FERANIYE;1;1.01.1970;0;1
ZEVDI;1;17.05.1936;0;1
ZURAYE;1;30.11.1963;0;1
NAKIZAD;1;22.03.1943;0;1
GUNERGE;1;28.02.1954;0;1
GULNESLI;1;12.08.1935;0;1
SAFEYE;1;22.04.1937;0;1
SUCAYE;1;13.04.1941;0;1
YUCELIYE;1;19.03.1969;0;1
USGUNA;1;26.06.1969;0;1
SANIGE;1;12.02.1953;0;1
ESMETEL;1;16.03.1966;0;1
ZEYCAMIM;1;28.03.1942;0;1
MIRTE;1;29.04.1966;0;1
HAFSIDE;1;28.11.1960;0;1
DIYSAH;1;5.05.1964;0;1
NURFADI;1;19.06.1966;0;1
ATIRNAZ;1;21.02.1970;0;1
AKTUREL;1;25.11.1937;0;1
BELKINUR;1;2.04.1967;0;1
UMURSEN;1;11.07.1949;0;1
MILID;1;12.08.1985;0;1
KANIBET;1;26.03.1966;0;1
SADETUL;1;8.11.1946;0;1
JUMRAN;1;11.01.1951;0;1
TURUHA;1;7.12.1973;0;1
TIRENZAT;1;3.10.1947;0;1
SIVADIYE;1;6.05.1958;0;1
MAHBERIM;1;7.03.1976;0;1
DAVUDIYE;1;23.05.1966;0;1
FERFILLI;1;12.08.1935;0;1
GULSUNNET;1;2.05.1949;0;1
KAMLU;1;19.02.1930;0;1
ZELKINA;1;10.12.1958;0;1
GERIZE;1;24.03.1949;0;1
CAZIBIYE;1;6.04.1955;0;1
YAGMURSEL;1;23.02.1990;0;1
MURIYA;1;2.11.1957;0;1
MOSEMA;1;16.04.1970;0;1
DUNDUR;1;1.04.1950;0;1
SERAMIN;1;4.05.1977;0;1
RUBIDA;1;29.10.1980;0;1
ZEHIRYA;1;25.09.1991;0;1
PERIZADI;1;11.07.1974;0;1
SERETIYE;1;11.05.1965;0;1
FURAYE;1;25.06.1967;0;1
URUVEYDE;1;16.02.1957;0;1
LEHIR;1;5.08.1948;0;1
SAFIREYE;1;8.05.1968;0;1
NAHIMET;1;11.03.1960;0;1
EMORE;1;16.02.1956;0;1
MELAKE;1;27.04.1980;0;1
BERBAN;1;7.03.1976;0;1
ZENZADE;1;10.04.1968;0;1
AZABIYE;1;1.03.1957;0;1
MERHUSE;1;17.10.1972;0;1
NUHRA;1;30.06.1965;0;1
SEKINETE;1;9.04.1976;0;1
ENTIGA;1;30.04.1964;0;1
NUKDUYE;1;1.07.1983;0;1
FABIR;1;14.12.1935;0;1
MEHIYBE;1;2.08.1974;0;1
FEZGUL;1;2.02.1987;0;1
AFIYYET;1;17.06.1935;0;1
MIYASIN;1;5.11.1963;0;1
YETKIYE;1;27.11.1956;0;1
DONUMEN;1;3.05.1936;0;1
HAYKURA;1;18.11.1960;0;1
CALENUR;1;21.02.1936;0;1
EMSALIN;1;24.10.1988;0;1
SURDAN;1;3.08.1953;0;1
RUBISEL;1;22.07.1983;0;1
MEMNINIYE;1;12.08.1965;0;1
ZURHUYA;1;15.01.1974;0;1
GULDENHAN;1;17.02.1990;0;1
NILUGFER;1;22.07.1973;0;1
NITAN;1;28.07.1980;0;1
BIROLIYE;1;5.11.1979;0;1
GULIHIZAR;1;6.12.1959;0;1
VAKISE;1;22.06.1978;0;1
MUHRUVET;1;23.02.1961;0;1
ZINETTAR;1;23.01.1936;0;1
MAHINNUR;1;26.12.1966;0;1
NURYAM;1;5.03.1974;0;1
TEFIYKE;1;6.01.1957;0;1
SAHFURA;1;21.10.1960;0;1
SAFFEBE;1;7.05.1964;0;1
FITANE;1;11.09.1945;0;1
NUDUFA;1;22.03.1973;0;1
HEZENGUL;1;11.04.1963;0;1
LEYHIZAR;1;3.01.1962;0;1
NESLIKAN;1;26.01.1956;0;1
HESRIN;1;30.08.1965;0;1
SEBEAR;1;12.08.1953;0;1
MUEZRER;1;7.06.1958;0;1
ZARILE;1;1.02.1931;0;1
IZIREL;1;19.05.1954;0;1
FIRDA;1;17.08.1954;0;1
GULPERCEM;1;3.08.1942;0;1
MELIKCA;1;17.02.1966;0;1
NAZZIME;1;2.02.1957;0;1
SHELLEY;1;21.07.1981;0;1
BIRRIVAN;1;26.04.1990;0;1
TAKIY;1;16.06.1923;0;1
GULURIZ;1;16.12.1964;0;1
HUNAVER;1;7.06.1938;0;1
URSET;1;19.06.1965;0;1
SEHIMEN;1;1.02.1949;0;1
MESKARE;1;1.02.1949;0;1
ISMEDAL;1;17.02.1966;0;1
LAHBER;1;11.06.1950;0;1
USNEFER;1;21.05.1930;0;1
MERKUKE;1;22.03.1967;0;1
NIFDADIYE;1;8.02.1951;0;1
PELA;1;16.04.1959;0;1
HURDEVIZ;1;22.10.1973;0;1
SAMNUR;1;25.04.1939;0;1
VILIS;1;26.06.1928;0;1
IHDADIYE;1;30.09.1956;0;1
NEVCIGUL;1;18.02.1961;0;1
MEVLIGUL;1;27.04.1983;0;1
MUNECAT;1;30.10.1945;0;1
MESENRE;1;13.02.1947;0;1
MUTAHAT;1;22.08.1955;0;1
NURISU;1;5.01.1956;0;1
MAHIFURUZE;1;7.09.1934;0;1
SENOZAN;1;1.07.1945;0;1
ZAHMETIYE;1;11.02.1956;0;1
RUYGUL;1;3.12.1958;0;1
RUHBAN;1;12.02.1977;0;1
AYUPER;1;25.04.1951;0;1
SUNIS;1;13.12.1951;0;1
GULAGZIM;1;11.02.1962;0;1
FERRUZAT;1;21.04.1970;0;1
MUNIRAY;1;21.09.1964;0;1
UZGIYE;1;21.11.1952;0;1
AYSENDER;1;23.02.1947;0;1
ASINDER;1;16.05.1963;0;1
ZAHMEDIYE;1;26.11.1973;0;1
SAGFURA;1;22.02.1967;0;1
HUYSER;1;13.03.1961;0;1
NECILEN;1;21.04.1951;0;1
RUSFIYE;1;5.02.1976;0;1
ZEYNEBBEYIM;1;7.07.1958;0;1
HIMADIYE;1;21.05.1948;0;1
SEHLIBA;1;27.08.1967;0;1
AYAZIYE;1;27.10.1956;0;1
SELVUS;1;15.06.1966;0;1
YUKSELNUR;1;22.02.1991;0;1
GURLUM;1;1.07.1958;0;1
HUSUDE;1;1.11.1955;0;1
AYNERGIZ;1;6.08.1936;0;1
SULUKIYE;1;16.11.1934;0;1
NILIBAR;1;12.02.1965;0;1
HUSNIVER;1;22.02.1949;0;1
SARIKADIN;1;24.03.1949;0;1
MUCDADIYE;1;22.11.1941;0;1
GOLSAY;1;19.11.1962;0;1
MULKUBA;1;12.06.1971;0;1
SALABIYE;1;11.03.1973;0;1
GULLANDAL;1;26.12.1967;0;1
ZORUYE;1;22.06.1967;0;1
TAZECAN;1;26.09.1936;0;1
ULFUYEN;1;9.09.1975;0;1
SEHMUZE;1;16.04.1986;0;1
RAGFIL;1;17.12.1948;0;1
DIYZEM;1;8.06.1987;0;1
ZEHABIYE;1;7.08.1922;0;1
NEVZIKE;1;12.05.1965;0;1
HOLINSER;1;11.09.1976;0;1
SERERGUL;1;5.01.1939;0;1
BELGINAT;1;26.02.1963;0;1
HARIPSE;1;27.05.1984;0;1
MUZENIYE;1;17.04.1954;0;1
FITNETKA;1;2.08.1939;0;1
ZAMILE;1;17.02.1966;0;1
BERHANE;1;23.05.1989;0;1
MEHELAT;1;26.10.1989;0;1
DUZUN;1;14.07.1934;0;1
FATIMABETUL;1;18.12.1978;0;1
NURBAYAT;1;22.02.1961;0;1
GITMA;1;17.02.1966;0;1
AYNATULMERDIYE;1;22.04.1979;0;1
AYMIRAY;1;24.02.1992;0;1
VENNAHAR;1;23.01.1966;0;1
KUDRETKA;1;17.08.1954;0;1
HAIME;1;16.09.1958;0;1
VEHHIBE;1;17.08.1972;0;1
M.SABIYE;1;22.07.1949;0;1
HILIDER;1;16.07.1965;0;1
AHLICE;1;16.02.1938;0;1
SEHERNA;1;12.02.1971;0;1
HERDEMGULEN;1;17.02.1966;0;1
GUNNERMAN;1;26.01.1985;0;1
AZEHER;1;12.02.1941;0;1
NEDILET;1;11.05.1964;0;1
TORTUM;1;17.05.1972;0;1
INCILAY.;1;14.03.1986;0;1
MESELI;1;21.02.1977;0;1
ZUMBUZ;1;26.03.1975;0;1
NURFIDIYE;1;27.06.1956;0;1
RABBE;1;18.06.1972;0;1
GUNTUL;1;20.10.1978;0;1
SUZANIYE;1;12.08.1953;0;1
SALEMCAN;1;6.08.1938;0;1
ZULLALE;1;7.08.1934;0;1
NAZEDER;1;7.10.1958;0;1
RABIYETE;1;27.03.1950;0;1
NEMINA;1;29.03.1961;0;1
MISEVIYE;1;22.10.1968;0;1
NAZGULER;1;21.02.1951;0;1
MARYETUL;1;2.02.1969;0;1
MURVIDE;1;1.05.1982;0;1
KURBANHANIM;1;16.05.1957;0;1
DALALET;1;26.06.1961;0;1
NURUSSENE;1;28.07.1956;0;1
GADIRSAH;1;27.02.1968;0;1
MECHER;1;24.03.1974;0;1
HEZAT;1;20.01.1980;0;1
GULEBATTIN;1;6.02.1938;0;1
BADEMCI;1;21.06.1951;0;1
NEVREZTE;1;1.09.1991;0;1
MUPTELE;1;26.03.1961;0;1
MIHRIBAHAR;1;2.06.1983;0;1
AYSETU;1;8.09.1969;0;1
GINYA;1;27.08.1926;0;1
NAZUMAN;1;26.07.1967;0;1
GULORDU;1;16.07.1946;0;1
ZAYLA;1;27.02.1968;0;1
SESIZ;1;22.02.1955;0;1
EVLEYAN;1;5.04.1939;0;1
ZUMBULUYE;1;4.02.1952;0;1
SUFALA;1;22.08.1970;0;1
MESUDIYYE;1;12.05.1956;0;1
KELIBAR;1;5.02.1940;0;1
TOPCICEK;1;3.05.1973;0;1
NAKISLI;1;19.04.1966;0;1
SANZEDE;1;17.02.1972;0;1
MELENGUL;1;13.11.1965;0;1
SAYVETE;1;11.04.1969;0;1
MUKAYILE;1;18.09.1978;0;1
ZULEYNAZ;1;17.03.1987;0;1
GULATMA;1;20.08.1960;0;1
FENTUZYA;1;6.04.1980;0;1
GULAVATAN;1;7.02.1952;0;1
GURINAZ;1;7.02.1975;0;1
SEVILDAR;1;12.10.1984;0;1
BAHABET;1;22.02.1985;0;1
PURYAS;1;9.02.1956;0;1
UZETTI;1;29.06.1965;0;1
MUJAN;1;27.07.1980;0;1
ULKUSE;1;20.04.1945;0;1
GURVESIN;1;19.05.1960;0;1
KIPARIYE;1;17.07.1984;0;1
FEHIMENUR;1;26.03.1989;0;1
DIMAG;1;25.12.1989;0;1
NERMIA;1;11.11.1967;0;1
MUERRA;1;27.01.1973;0;1
BERINA;1;19.02.1970;0;1
NEVCIVANIYE;1;18.10.1950;0;1
NESREGUL;1;26.03.1961;0;1
SEVGITA;1;14.01.1959;0;1
ZUHEYLAN;1;13.05.1953;0;1
SAZIDER;1;21.08.1969;0;1
BERNAK;1;15.01.1977;0;1
SELRI;1;1.06.1930;0;1
SELYAN;1;4.02.1961;0;1
YAKUZE;1;2.02.1957;0;1
NESHIA;1;7.10.1972;0;1
JURIN;1;16.06.1962;0;1
AYFENDE;1;28.03.1953;0;1
MUHALLAH;1;6.10.1972;0;1
BERFINA;1;7.07.1976;0;1
DAKOSI;1;7.08.1934;0;1
ETUFA;1;1.02.1954;0;1
PAKILE;1;7.02.1950;0;1
ZETKIYE;1;22.02.1991;0;1
HANSAN;1;17.02.1960;0;1
VARIKA;1;7.08.1922;0;1
RAHBET;1;25.05.1974;0;1
NERGUZET;1;12.08.1941;0;1
MURDESAN;1;27.02.1945;0;1
VEBIJE;1;15.04.1958;0;1
NAYHUN;1;1.04.1973;0;1
IBADETKA;1;22.08.1961;0;1
EMIRKESIM;1;1.06.1968;0;1
ISMELE;1;2.08.1933;0;1
ZERUD;1;3.10.1974;0;1
HIKMETKA;1;12.11.1947;0;1
NUHIYET;1;19.07.1965;0;1
HARZE;1;24.06.1979;0;1
NURSEVINHULYA;1;18.03.1979;0;1
REFANE;1;22.08.1949;0;1
CEFARIL;1;6.11.1974;0;1
SAHARDA;1;9.02.1970;0;1
ARZUBETUL;1;14.07.1981;0;1
MIANE;1;2.08.1957;0;1
MAVET;1;12.02.1959;0;1
SERIAY;1;8.07.1958;0;1
FERROH;1;25.02.1980;0;1
ATSIYE;1;16.11.1968;0;1
NEZDIHAN;1;26.11.1968;0;1
SEHAFET;1;21.04.1954;0;1
TEKRUL;1;12.06.1955;0;1
MISENE;1;22.08.1937;0;1
DELVAIRKA;1;27.08.1956;0;1
MUBEYNA;1;18.05.1981;0;1
TUMMUS;1;19.05.1948;0;1
SIDIKAGUZIN;1;10.09.1927;0;1
AKIDEI;1;28.02.1949;0;1
SARINUR;1;21.04.1992;0;1
DURSUME;1;7.02.1922;0;1
HULPER;1;28.02.1971;0;1
MUTASAVVER;1;22.07.1966;0;1
TELFIKA;1;22.08.1943;0;1
NURBESER;1;13.09.1941;0;1
GULSAZI;1;6.12.1964;0;1
NECLIA;1;22.02.1967;0;1
ERZADIYE;1;2.08.1945;0;1
MEBRUHE;1;11.07.1950;0;1
TURKEREN;1;23.06.1967;0;1
MIVIYE;1;17.08.1948;0;1
DITURIYE;1;2.08.1951;0;1
SABENE;1;11.03.1951;0;1
MUZESSEM;1;1.01.1980;0;1
GEREREY;1;6.02.1954;0;1
NURGAMZE;1;9.08.1985;0;1
NEVCIM;1;12.12.1946;0;1
GUSIDE;1;24.10.1932;0;1
SAVERKA;1;27.08.1938;0;1
SERGOZAR;1;23.03.1958;0;1
FILDISE;1;7.08.1958;0;1
HUSNUSE;1;2.08.1945;0;1
BINDUA;1;11.01.1986;0;1
IKMETKA;1;22.08.1961;0;1
MEFRIKA;1;11.11.1951;0;1
SEVICIYEN;1;7.05.1964;0;1
CIDAY;1;5.08.1969;0;1
CEBRIYA;1;21.12.1983;0;1
RUYISE;1;7.08.1952;0;1
LUMTURIYE;1;22.08.1961;0;1
HIYBETI;1;10.06.1949;0;1
RUKSAR;1;9.11.1964;0;1
YUKSERA;1;27.09.1944;0;1
DIFEZAR;1;12.01.1943;0;1
CUHERI;1;13.01.1955;0;1
RUGER;1;27.01.1963;0;1
RUHZEL;1;20.09.1939;0;1
NECITE;1;22.02.1931;0;1
MEZHIYET;1;22.11.1948;0;1
URFILE;1;17.11.1972;0;1
NEVNIHAT;1;13.09.1929;0;1
SELMEDA;1;10.07.1973;0;1
UMAIL;1;28.01.1988;0;1
MEHRENGIZ;1;4.09.1957;0;1
RASIMET;1;15.10.1959;0;1
ZUHRENAZ;1;6.08.1938;0;1
HUSPIKE;1;27.02.1938;0;1
MEJBIR;1;9.01.1991;0;1
MAARIFIYE;1;22.03.1961;0;1
SUZIYAN;1;17.05.1984;0;1
HASIGAN;1;7.08.1957;0;1
GULSERVET;1;12.06.1941;0;1
EMMISEL;1;25.04.1955;0;1
SACINE;1;7.08.1922;0;1
AVLE;1;21.06.1989;0;1
BAHRIS;1;19.03.1963;0;1
SILZA;1;17.12.1976;0;1
SIBUSA;1;17.02.1978;0;1
MUHIPLE;1;11.03.1944;0;1
HOSCA;1;7.02.1938;0;1
YUMME;1;24.12.1962;0;1
SULUYME;1;14.08.1981;0;1
ASNA;1;27.08.1938;0;1
RANCIYE;1;1.01.2001;0;1
GULPANI;1;9.04.1978;0;1
KADINIYE;1;11.10.1956;0;1
BEYIZIYE;1;12.08.1947;0;1
IGRIE;1;9.06.1963;0;1
SARFIE;1;19.04.1986;0;1
GULFIMA;1;26.03.1965;0;1
PIPI;1;21.08.1937;0;1
MESBUDIYE;1;24.11.1942;0;1
MEPULE;1;25.03.1940;0;1
ZOHRENAZ;1;15.07.1988;0;1
KURTBEN;1;25.12.1977;0;1
BILYUR;1;22.11.1964;0;1
MISNUR;1;14.07.1968;0;1
HAKIDA;1;23.03.1942;0;1
AKTIME;1;12.08.1971;0;1
BIGHAN;1;6.07.1936;0;1
NEVSIDE;1;22.05.1967;0;1
AYJEN;1;11.12.1975;0;1
ISMAZEM;1;6.04.1972;0;1
HUCEDIYE;1;21.09.1962;0;1
ZUHNAZ;1;18.05.1963;0;1
MUHBIREN;1;24.04.1973;0;1
MUSERRI;1;27.10.1953;0;1
NEVRISLE;1;27.09.1949;0;1
NAMETE;1;27.08.1968;0;1
MALEUGE;1;1.07.1965;0;1
RURTEN;1;26.12.1973;0;1
OBEYDE;1;2.06.1981;0;1
SULLAIYE;1;26.03.1946;0;1
BESSIRA;1;12.08.1971;0;1
NEYYIBE;1;22.05.1955;0;1
SARERE;1;3.06.1949;0;1
GULEDNAN;1;17.01.1965;0;1
MUTEHARE;1;7.09.1958;0;1
SEHRIMAZ;1;5.04.1969;0;1
PELLIN;1;29.06.1978;0;1
SELENUR;1;22.11.1955;0;1
NUMINET;1;30.11.1958;0;1
MURVETKA;1;17.08.1942;0;1
KERBAN;1;12.07.1987;0;1
AKUBE;1;22.03.1967;0;1
VARYAT;1;27.10.1988;0;1
MEDINEHAN;1;6.02.1959;0;1
ESDI;1;7.11.1944;0;1
GULZIBAR;1;13.01.1973;0;1
SEYZIMAN;1;16.08.1974;0;1
KEYTAN;1;9.02.1965;0;1
HUCIYE;1;1.11.1967;0;1
GULHAYAZ;1;2.02.1957;0;1
CAHILA;1;12.04.1971;0;1
NASLISAN;1;26.02.1965;0;1
YELINAY;1;25.05.1984;0;1
METUNE;1;12.04.1969;0;1
ZULFISEN;1;30.09.1956;0;1
SUKRAHAN;1;17.02.1966;0;1
SAYSILE;1;7.04.1970;0;1
ELIFANE;1;25.08.1958;0;1
UMRUHAYAT;1;21.04.1939;0;1
AYNANA;1;27.01.1962;0;1
USLUBAN;1;20.07.1954;0;1
H.SUZET;1;16.02.1951;0;1
SAMAYAN;1;24.03.1957;0;1
SANTIYE;1;25.04.1956;0;1
FISNIYE;1;17.03.1972;0;1
MEDUA;1;1.03.1944;0;1
GOLAYET;1;27.05.1956;0;1
ELVIREN;1;7.08.1946;0;1
DEHLIS;1;12.10.1989;0;1
USSIYE;1;5.04.1956;0;1
PENSIYE;1;30.05.1962;0;1
AVDETA;1;12.07.1973;0;1
HAYZERE;1;27.12.1943;0;1
AYSATE;1;6.02.1956;0;1
NUMIRIYE;1;27.10.1968;0;1
SERHABA;1;7.01.1956;0;1
EVNISAH;1;17.08.1924;0;1
RUAYDE;1;13.01.1985;0;1
YILGU;1;7.01.1977;0;1
ONDEREN;1;7.07.1964;0;1
KERMIHAN;1;8.02.1952;0;1
ISGEN;1;2.08.1927;0;1
KAPSAN;1;2.08.1933;0;1
ALLAZI;1;20.04.1961;0;1
KANISAY;1;17.08.1954;0;1
KAZIMEKAN;1;7.07.1973;0;1
MAKBUZA;1;4.07.1959;0;1
MANAKAY;1;7.08.1934;0;1
KAMILKAN;1;7.08.1946;0;1
BAKDIL;1;2.08.1921;0;1
BEVLIN;1;8.08.1983;0;1
GANYA;1;22.08.1955;0;1
KAKEMA;1;17.08.1942;0;1
GULERAHAN;1;10.09.1947;0;1
FERIHADE;1;23.09.1955;0;1
PAZILE;1;24.04.1959;0;1
REHIMKAN;1;16.03.1963;0;1
CAMSUBAN;1;6.10.1961;0;1
GULIZAT;1;17.04.1965;0;1
AYCANIM;1;11.11.1973;0;1
FIHNET;1;15.12.1930;0;1
SURUSSAN;1;2.03.1948;0;1
PESIHAN;1;7.10.1964;0;1
YUZEFA;1;22.12.1980;0;1
ATUSE;1;7.08.1934;0;1
UMMUGULCIN;1;25.02.1960;0;1
AYHATAN;1;27.03.1968;0;1
BEYUSE;1;8.03.1946;0;1
MAVRIZ;1;22.02.1961;0;1
KULKIZ;1;3.08.1933;0;1
MENEVGUL;1;22.04.1967;0;1
SENGULSADE;1;7.01.1976;0;1
BELIHULIZAR;1;16.05.1946;0;1
SERIFAY;1;23.02.1988;0;1
MEZLUNE;1;7.11.1964;0;1
BARUS;1;2.08.1951;0;1
PENISE;1;4.06.1949;0;1
YUDANUR;1;7.01.1958;0;1
TURKKADIN;1;16.02.1938;0;1
SAMIHI;1;28.04.1962;0;1
DILTER;1;1.06.1971;0;1
ULKGUN;1;6.07.1973;0;1
FIYZA;1;11.06.1972;0;1
ZATELE;1;26.03.1975;0;1
TEME;1;21.11.1959;0;1
IMSAKA;1;2.11.1949;0;1
GAYIBIYE;1;25.04.1972;0;1
MENDUZE;1;25.10.1951;0;1
HUDAHAT;1;7.01.1946;0;1
MUVEDDEL;1;7.03.1946;0;1
BILAYN;1;22.06.1991;0;1
KUZEYMA;1;17.09.1972;0;1
ZEKANET;1;17.08.1936;0;1
BIRNAKIM;1;4.11.1990;0;1
GAIZE;1;1.08.1985;0;1
MIHRAMIS;1;16.02.1951;0;1
HAYIRSEL;1;5.08.1988;0;1
ZOLFU;1;17.01.1957;0;1
SAHNETE;1;17.02.1966;0;1
AKISSE;1;7.09.1982;0;1
FAHDIYE;1;11.05.1982;0;1
BAYISA;1;6.09.1961;0;1
NENFISE;1;17.10.1990;0;1
MERVUSE;1;7.03.1952;0;1
OMLUYE;1;2.07.1969;0;1
ZILLI;1;6.09.1960;0;1
UNVARI;1;17.09.1960;0;1
MURSENIL;1;30.04.1959;0;1
BENNIKAR;1;7.05.1964;0;1
MERMIS;1;6.08.1967;0;1
MISULUN;1;25.12.1937;0;1
RUMILYA;1;17.02.1966;0;1
MAKSUMET;1;7.12.1970;0;1
GULFATIH;1;22.09.1938;0;1
SEBKIYE;1;2.08.1951;0;1
HULKET;1;5.04.1962;0;1
CEZBAHAR;1;4.03.1947;0;1
ALPARI;1;21.06.1953;0;1
HABIYDE;1;17.11.1972;0;1
SAHIBIYYE;1;14.11.1985;0;1
ANSAL;1;17.02.1954;0;1
NURSIYEM;1;12.02.1948;0;1
FATTEN;1;24.04.1950;0;1
TEFRIL;1;1.04.1954;0;1
PERZIYE;1;3.02.1951;0;1
NURTERENNUR;1;18.07.1965;0;1
MAFALET;1;28.05.1968;0;1
AFIKET;1;25.02.1966;0;1
ZAHADE;1;16.09.1938;0;1
FINUR;1;7.10.1964;0;1
FIRIYZE;1;20.04.1974;0;1
SELNAY;1;12.10.1965;0;1
GOZALAN;1;18.12.1937;0;1
FELATIYE;1;21.08.1960;0;1
CIMENAY;1;11.05.1988;0;1
HALUN;1;6.11.1965;0;1
FURUZAY;1;11.11.1985;0;1
MEFERIT;1;2.03.1963;0;1
EVRANI;1;6.02.1967;0;1
NEJBA;1;29.2.1962;0;1
NILFERIN;1;30.06.1972;0;1
ULPERIM;1;17.08.1981;0;1
SEZAYA;1;4.03.1971;0;1
BELKISER;1;2.12.1986;0;1
HAMDIYAR;1;23.03.1967;0;1
DUYSA;1;19.05.1975;0;1
SEKYE;1;13.04.1966;0;1
FAIZIYE;1;9.12.1952;0;1
FUVADIYE;1;22.06.1955;0;1
REKDA;1;12.03.1959;0;1
SUKRUYYE;1;22.11.1967;0;1
ADALETE;1;6.10.1972;0;1
ELBINAS;1;10.03.1969;0;1
KIMYAGER;1;16.01.1941;0;1
RUHKAR;1;3.01.1939;0;1
MEHIYYE;1;11.09.1939;0;1
GEVRUCAN;1;27.02.1962;0;1
TILIZ;1;6.04.1973;0;1
AYTEMIZE;1;21.05.1975;0;1
MULASE;1;22.03.1966;0;1
GUNTEREN;1;26.04.1965;0;1
HUCESDE;1;5.12.1961;0;1
GULLUNAS;1;17.08.1954;0;1
PERYET;1;26.05.1955;0;1
UREYRE;1;22.04.1972;0;1
MELEKSAM;1;16.03.1953;0;1
MUKEMMIYE;1;17.08.1936;0;1
SERMEDA;1;16.12.1970;0;1
MULHUK;1;29.09.1955;0;1
PEYMANI;1;8.07.1945;0;1
KUMIRYA;1;19.04.1972;0;1
SEVLEN;1;22.04.1961;0;1
YUHAIT;1;7.03.1958;0;1
ZELSEN;1;13.09.1965;0;1
SEHSA;1;21.05.1963;0;1
CIIMET;1;24.07.1964;0;1
MULISIYE;1;13.04.1965;0;1
FERINDAG;1;29.2.1985;0;1
SATILA;1;22.08.1925;0;1
GULURIYE;1;27.05.1953;0;1
ILGAFET;1;11.02.1958;0;1
NILFAR;1;2.09.1939;0;1
ELFIYEN;1;14.04.1971;0;1
ELIFYEN;1;6.02.1943;0;1
VEFAHIR;1;26.06.1937;0;1
SAFYILDIZ;1;8.10.1936;0;1
ELKAZ;1;5.09.1936;0;1
SEFIKIYE;1;17.12.1960;0;1
NACIDAR;1;7.07.1952;0;1
BELVAN;1;13.06.1975;0;1
HILMIS;1;17.08.1954;0;1
SUREDA;1;3.08.1936;0;1
FATANE;1;17.10.1960;0;1
HURIYEHANIM;1;22.01.1991;0;1
MURIYDE;1;14.11.1986;0;1
TURKISAN;1;8.03.1962;0;1
BEHIYDA;1;3.08.1972;0;1
ZIBANIM;1;17.06.1967;0;1
GULZIFAR;1;20.03.1974;0;1
KIBAYRE;1;15.07.1965;0;1
HAMISIYE;1;6.02.1951;0;1
VUNDA;1;1.04.1973;0;1
GULMUJGAN;1;2.08.1966;0;1
MUCEDDEL;1;16.01.1954;0;1
SEHMINOR;1;13.03.1956;0;1
SABBAR;1;22.08.1931;0;1
NIVIRE;1;1.04.1959;0;1
SIRIYYE;1;2.03.1981;0;1
GULAHIYE;1;26.03.1956;0;1
FULEYDA;1;22.02.1976;0;1
FERIMDAG;1;7.04.1979;0;1
GULSURUN;1;9.01.1969;0;1
FEZAMEN;1;24.03.1964;0;1
MUDANE;1;22.02.1973;0;1
SITADE;1;26.06.1958;0;1
FAYRAN;1;4.04.1965;0;1
NURBUN;1;8.03.1964;0;1
SEVICIHAN;1;19.05.1939;0;1
NIGEHAR;1;4.05.1968;0;1
MAZIZIYE;1;26.05.1960;0;1
ESRAYA;1;6.01.1963;0;1
DEVRICAN;1;2.01.1979;0;1
GIFAYE;1;15.11.1944;0;1
CENANNIYE;1;21.08.1952;0;1
ILKECAN;1;21.08.1990;0;1
DILFUZEHAN;1;3.02.1976;0;1
DILTEN;1;26.10.1960;0;1
MUETTEP;1;21.05.1928;0;1
MELATUN;1;24.09.1985;0;1
SERMURAL;1;1.06.1973;0;1
SEVGIYEN;1;22.03.1973;0;1
LINGUL;1;28.11.1982;0;1
HORISAR;1;3.09.1944;0;1
DILERBA;1;29.05.1953;0;1
DORTBIN;1;23.07.1967;0;1
NURINNAS;1;5.04.1977;0;1
FARNISE;1;16.03.1958;0;1
DEVRIMAN;1;25.04.1976;0;1
UMBUS;1;26.01.1972;0;1
GULTURKAN;1;25.12.1960;0;1
BILIGAN;1;16.10.1970;0;1
TERRA;1;22.02.1973;0;1
MUHALIYE;1;17.10.1964;0;1
MUGATTAS;1;13.10.1953;0;1
SAKERIYE;1;5.07.1962;0;1
KESRO;1;12.02.1965;0;1
NABIZAR;1;27.08.1956;0;1
VETLA;1;18.02.1985;0;1
GULKAD;1;1.12.1977;0;1
BELGIZIYE;1;21.03.1965;0;1
NEBIO;1;27.02.1950;0;1
SAHIE;1;22.07.1937;0;1
VESSABIYE;1;6.07.1952;0;1
NEMAZIYE;1;20.06.1966;0;1
SOYLEYA;1;18.06.1965;0;1
MURUZUDE;1;27.08.1966;0;1
MENDUVA;1;29.03.1958;0;1
NAZIMHAN;1;8.07.1940;0;1
MESRUTIYE;1;11.06.1952;0;1
DURNUYA;1;2.04.1975;0;1
HAYAZI;1;7.08.1922;0;1
ZAFIFE;1;28.05.1962;0;1
NURAHI;1;1.02.1962;0;1
AKVIYE;1;7.01.1946;0;1
HULGO;1;16.01.1963;0;1
IMAMIRE;1;21.09.1965;0;1
SELEP;1;2.03.1981;0;1
IDADE;1;24.09.1972;0;1
MUZZAN;1;27.11.1956;0;1
MERAKSA;1;19.08.1966;0;1
SUVILE;1;13.11.1967;0;1
MUHURET;1;13.07.1964;0;1
SEHYNAZ;1;9.03.1940;0;1
SIMMIL;1;22.02.1961;0;1
BESOY;1;1.03.1941;0;1
FARDEGUL;1;19.04.1972;0;1
RAFTA;1;6.05.1954;0;1
DUTCA;1;22.06.1961;0;1
MATO;1;12.08.1929;0;1
LOLISTAN;1;1.12.1987;0;1
GULFIYEM;1;6.11.1986;0;1
EBRUBASAK;1;14.08.1991;0;1
GINAF;1;26.11.1972;0;1
RAFIATE;1;17.02.1972;0;1
BEYMEZ;1;2.12.1975;0;1
EVEZGUL;1;22.02.1973;0;1
SORSIRIN;1;27.02.1974;0;1
TAVZIYE;1;4.09.1980;0;1
NUKLET;1;7.01.1976;0;1
NAKSIFER;1;16.12.1933;0;1
GUNUSER;1;16.08.1958;0;1
STERA;1;12.12.1949;0;1
MUCIME;1;6.04.1967;0;1
SAHAVE;1;12.08.1929;0;1
IMMILEYLA;1;2.02.1951;0;1
BUSEYZA;1;17.03.1960;0;1
PEMBESIN;1;15.08.1961;0;1
GUNYASA;1;22.01.1938;0;1
MURACE;1;24.06.1961;0;1
MUVERRAH;1;19.04.1949;0;1
PERIHAS;1;14.08.1954;0;1
SALAYI;1;10.07.1958;0;1
REVSIYA;1;1.02.1976;0;1
SIDOS;1;17.08.1924;0;1
ELVERE;1;10.08.1967;0;1
TAVSINE;1;6.03.1962;0;1
HOKEME;1;16.02.1945;0;1
ESVARI;1;6.10.1968;0;1
GUNLUER;1;22.02.1961;0;1
MULSET;1;13.01.1975;0;1
MILITER;1;30.09.1973;0;1
SEFFANNUR;1;26.03.1966;0;1
YENIBAHAR;1;27.07.1968;0;1
RUHSURA;1;8.05.1966;0;1
RUSINE;1;21.01.1925;0;1
SEMAGA;1;1.04.1970;0;1
ESNE;1;6.09.1965;0;1
NASIBAT;1;22.10.1973;0;1
SUDNIYE;1;7.08.1922;0;1
MUCCESEM;1;22.05.1959;0;1
KEBUREN;1;22.02.1961;0;1
YURTGULER;1;8.02.1964;0;1
KATMERGUL;1;23.12.1964;0;1
SEZEREN;1;22.09.1962;0;1
SENEP;1;10.01.1975;0;1
NESDIKE;1;23.07.1949;0;1
MINIKE;1;22.03.1948;0;1
PERSER;1;27.02.1974;0;1
BORCAN;1;22.02.1977;0;1
BAGSE;1;12.08.1935;0;1
TURGUYA;1;28.04.1958;0;1
MEVANUR;1;15.02.1992;0;1
TIPIYE;1;20.11.1970;0;1
GULLUESER;1;2.02.1951;0;1
DIBAH;1;18.06.1976;0;1
ZARAC;1;17.07.1983;0;1
NHACIYE;1;22.03.1961;0;1
GOKNUL;1;17.02.1960;0;1
DILYAN;1;7.08.1934;0;1
HORIZAN;1;9.04.1975;0;1
SUKUNAZ;1;16.11.1958;0;1
MUKTEREMEN;1;26.07.1966;0;1
AYTANGUL;1;17.02.1954;0;1
ZEBECET;1;22.08.1955;0;1
TISIRA;1;18.09.1952;0;1
BUREYRE;1;15.03.1988;0;1
HAYATUN;1;1.10.1955;0;1
SIDIKAN;1;2.08.1981;0;1
SUNUYA;1;27.03.1980;0;1
ZEKINIYE;1;1.03.1959;0;1
NURIFIYE;1;5.11.1962;0;1
ENVERYA;1;22.05.1971;0;1
BIRIKE;1;6.09.1950;0;1
ZETHONE;1;27.08.1944;0;1
HUNNAZ;1;29.07.1970;0;1
ILBIR;1;29.04.1980;0;1
UNNUR;1;8.09.1966;0;1
ZERKUS;1;9.09.1969;0;1
AYSEISIDIKA;1;11.01.1961;0;1
TURLEN;1;18.03.1966;0;1
DJEMILE;1;24.10.1966;0;1
SIRINAS;1;12.06.1982;0;1
PORSUK;1;2.08.1927;0;1
MUSELIYE;1;9.04.1956;0;1
NAKIBAT;1;22.02.1955;0;1
MESELIYE;1;9.04.1956;0;1
LEMINAR;1;23.06.1953;0;1
HAKSIYE;1;15.02.1937;0;1
AGUZAR;1;6.06.1956;0;1
MUSIRKIYE;1;24.06.1948;0;1
NESEYE;1;13.09.1985;0;1
NINIFE;1;1.02.1950;0;1
TENZERE;1;27.11.1968;0;1
SEDVA;1;17.10.1990;0;1
EDBIYE;1;22.03.1943;0;1
BIBIHALIME;1;29.04.1986;0;1
ISMILHAYAT;1;3.03.1963;0;1
SEVTENE;1;15.06.1953;0;1
AYNUUR;1;4.10.1980;0;1
NASHAT;1;3.04.1951;0;1
SINAPERI;1;2.03.1975;0;1
MEGULE;1;7.10.1940;0;1
LUTUFYE;1;11.04.1964;0;1
SIRELGUN;1;1.08.1964;0;1
NURDANSES;1;16.09.1985;0;1
KABILIYET;1;21.04.1966;0;1
ALFUR;1;2.03.1957;0;1
SUNTAC;1;12.02.1977;0;1
NERAYI;1;3.05.1942;0;1
EZNIF;1;12.02.1965;0;1
MIRCIYE;1;1.07.1966;0;1
CULVENT;1;7.02.1982;0;1
GHIULNARE;1;21.08.1978;0;1
HUMEYZA;1;7.11.1982;0;1
NURESIN;1;10.11.1983;0;1
HARIPNAZ;1;27.06.1965;0;1
RAIYHA;1;12.08.1923;0;1
HAZUL;1;7.08.1928;0;1
UNUFE;1;27.03.1967;0;1
ZIRIBINTI;1;27.12.1930;0;1
ZUZAM;1;6.03.1954;0;1
MAGLE;1;22.03.1979;0;1
SAVFENUR;1;27.07.1961;0;1
FAZEN;1;2.02.1958;0;1
TIRMA;1;22.12.1973;0;1
HATUNZER;1;23.04.1965;0;1
HEREMO;1;22.03.1940;0;1
SINELIF;1;1.05.1991;0;1
MADIHSAH;1;10.05.1979;0;1
MUSEYET;1;17.08.1924;0;1
MUHTEBE;1;19.06.1966;0;1
MAKFURET;1;21.05.1987;0;1
HALUYE;1;11.02.1957;0;1
CANSEVIN;1;1.10.1990;0;1
GERCI;1;6.06.1950;0;1
MULFE;1;16.07.1965;0;1
SALDAT;1;17.02.1972;0;1
USTUFE;1;3.04.1973;0;1
MISRIYA;1;21.03.1956;0;1
ZURYETE;1;6.05.1951;0;1
LESVAN;1;22.08.1979;0;1
MUNEVRE;1;17.07.1972;0;1
SIRISTAN;1;14.08.1976;0;1
SALHATE;1;17.02.1961;0;1
NIHAVET;1;1.02.1964;0;1
BEREAAT;1;21.06.1975;0;1
MACUZE;1;8.08.1946;0;1
BEDLEYN;1;13.01.1953;0;1
SAMIRAR;1;26.01.1970;0;1
HERDAR;1;21.08.1954;0;1
ZEMYE;1;3.04.1973;0;1
FERMETE;1;16.09.1956;0;1
MELKIZE;1;4.11.1946;0;1
FUREYSET;1;11.04.1974;0;1
LIVAY;1;13.06.1971;0;1
ERVAK;1;11.09.1951;0;1
DEHMED;1;7.02.1984;0;1
ATIZER;1;3.10.1974;0;1
MEGSUTHANE;1;23.04.1973;0;1
NARDANA;1;27.02.1962;0;1
SEMSUSANE;1;18.11.1965;0;1
UZRIFE;1;17.02.1960;0;1
KULIH;1;22.02.1961;0;1
SERIZATE;1;21.09.1988;0;1
BIRIZAN;1;27.02.1944;0;1
CERHIYE;1;4.06.1975;0;1
ALEYTE;1;22.02.1967;0;1
FIRKIYET;1;27.06.1968;0;1
GULAVAZ;1;25.03.1937;0;1
SELAHO;1;7.08.1916;0;1
NAIMETE;1;11.10.1956;0;1
BIZARO;1;12.08.1923;0;1
BENGUSULE;1;17.02.1984;0;1
ATECAN;1;18.05.1974;0;1
GULRIBAN;1;24.04.1955;0;1
RIFYATA;1;29.07.1980;0;1
KORKO;1;17.08.1924;0;1
ZIMIRHAN;1;24.08.1967;0;1
SURENC;1;2.05.1981;0;1
HERAMPERI;1;16.03.1971;0;1
FIRYAZO;1;12.08.1917;0;1
SAYTAN;1;22.04.1984;0;1
RATICE;1;22.02.1979;0;1
MIVHER;1;19.05.1966;0;1
HURYAZ;1;24.04.1931;0;1
BULAKSAN;1;11.06.1970;0;1
GULPERISAN;1;12.05.1959;0;1
KIYBET;1;22.09.1985;0;1
MAHFURET;1;30.06.1962;0;1
BIRYE;1;26.11.1990;0;1
KEFHAS;1;17.05.1954;0;1
MERZUMELEK;1;29.06.1962;0;1
HIMSE;1;26.03.1954;0;1
FENERNAZ;1;16.03.1982;0;1
BEVASIN;1;9.05.1970;0;1
SUAKAR;1;6.05.1974;0;1
NACLIYA;1;27.06.1966;0;1
HELEMSIYAH;1;21.09.1972;0;1
NURNEDAL;1;6.04.1975;0;1
MEREKYE;1;12.02.1977;0;1
MENIFIYE;1;27.02.1968;0;1
HASNAPERI;1;27.01.1956;0;1
LABIA;1;12.04.1988;0;1
NUSEMIN;1;20.07.1984;0;1
AYICE;1;3.08.1975;0;1
BETIFE;1;23.05.1947;0;1
HIRINAN;1;6.11.1968;0;1
REVHIYA;1;28.03.1968;0;1
GULAYSAN;1;26.06.1948;0;1
SIFAYA;1;13.06.1983;0;1
ZARKIYA;1;13.10.1978;0;1
GULSAYET;1;22.07.1973;0;1
HAFZEDE;1;24.02.1987;0;1
GURVI;1;7.02.1952;0;1
HEREBISIYA;1;27.02.1974;0;1
MAKEMET;1;21.08.1969;0;1
HERDENA;1;12.05.1978;0;1
SALIGEN;1;18.02.1942;0;1
SEMKI;1;9.03.1934;0;1
FENU;1;7.12.1937;0;1
YILLDIZ;1;6.09.1991;0;1
ILENCE;1;17.08.1978;0;1
YAKSA;1;3.09.1983;0;1
FEHILA;1;12.02.1971;0;1
MURARIYE;1;12.04.1953;0;1
SEMSINIHAL;1;12.12.1975;0;1
FERRAHDIBAN;1;17.11.1978;0;1
YAPAMAZ;1;7.05.1982;0;1
MAGRI;1;22.07.1961;0;1
SIMALPERI;1;12.08.1929;0;1
TAMCUVAN;1;9.02.1964;0;1
ASLIGAN;1;16.03.1982;0;1
FAMIN;1;4.07.1969;0;1
NORAYDA;1;29.06.1973;0;1
EREMSIYE;1;4.02.1957;0;1
MELEKSIMEN;1;1.10.1984;0;1
GULJIMER;1;13.08.1959;0;1
FERIZIMELEK;1;17.08.1924;0;1
GOLDENE;1;1.03.1971;0;1
BELDI;1;12.08.1917;0;1
TARISOR;1;26.09.1954;0;1
FECURE;1;17.08.1930;0;1
MEZHEP;1;28.08.1990;0;1
MANICE;1;28.03.1973;0;1
PARSORI;1;4.07.1956;0;1
HEZELAL;1;21.12.1930;0;1
DELELI;1;6.04.1966;0;1
ELVESIYA;1;27.05.1980;0;1
HANAV;1;27.03.1932;0;1
RESIMIGUL;1;7.10.1982;0;1
HEPSO;1;24.08.1931;0;1
FURIYAS;1;12.02.1947;0;1
SALIHATA;1;5.04.1957;0;1
SEHREBAT;1;29.06.1956;0;1
ZEKERNAZ;1;25.08.1961;0;1
FAMIYA;1;27.02.1980;0;1
YALPER;1;24.08.1990;0;1
MEREKNAZ;1;16.07.1965;0;1
ZEMZAMAN;1;21.03.1958;0;1
HUSNANPERI;1;11.01.1986;0;1
MARAK;1;23.04.1973;0;1
NIVAHIR;1;27.08.1938;0;1
NISLIFE;1;5.09.1957;0;1
GULREZ;1;7.08.1975;0;1
HULKINAS;1;26.05.1966;0;1
RAZETE;1;5.06.1955;0;1
GULBASA;1;17.02.1966;0;1
GULSUNAYI;1;18.05.1978;0;1
PERVENDE;1;19.04.1944;0;1
VESYE;1;16.07.1947;0;1
MUHTUSENE;1;2.02.1981;0;1
FAYICE;1;22.02.1979;0;1
KOSTEKI;1;12.05.1946;0;1
ZUBEYDETE;1;7.02.1964;0;1
EYYINE;1;30.04.1977;0;1
BILESK;1;12.02.1965;0;1
HEMYET;1;29.03.1962;0;1
METLICAN;1;12.04.1991;0;1
SUPKIYE;1;21.01.1974;0;1
HAYLAN;1;9.02.1962;0;1
HAREMSIYAH;1;26.04.1966;0;1
ASEDET;1;27.07.1964;0;1
BIHLETE;1;27.02.1944;0;1
NUZEHAT;1;20.04.1959;0;1
PORYAZ;1;7.08.1970;0;1
SILIHYA;1;22.02.1979;0;1
FIHET;1;7.10.1976;0;1
IRFIYA;1;2.08.1975;0;1
TASUH;1;17.08.1924;0;1
NINEFER;1;12.08.1971;0;1
MIRESER;1;4.05.1943;0;1
MIRUSAR;1;7.01.1960;0;1
SEHILYE;1;26.06.1973;0;1
HUNENYN;1;13.01.1953;0;1
BECIYA;1;12.02.1965;0;1
MIHTIME;1;9.12.1937;0;1
BERKIZAR;1;6.07.1990;0;1
ATISAH;1;22.11.1967;0;1
MUNTEBER;1;19.12.1955;0;1
KAFIYETE;1;12.10.1983;0;1
BAYIFHAN;1;5.12.1954;0;1
SAAYISTE;1;12.05.1965;0;1
PAZIME;1;2.02.1963;0;1
HAZURO;1;18.09.1953;0;1
GULINDAM;1;21.06.1953;0;1
FECAYI;1;12.02.1959;0;1
HEMINAZ;1;17.02.1954;0;1
HICETTE;1;12.08.1965;0;1
GULVESI;1;1.08.1968;0;1
NURMAYE;1;21.02.1988;0;1
ABRIYE;1;21.05.1978;0;1
SAHZENUR;1;16.05.1981;0;1
SELVIMELEK;1;22.02.1967;0;1
ZERAYE;1;27.06.1980;0;1
RUBAHSAN;1;5.04.1963;0;1
NUNEFEL;1;16.01.1977;0;1
HANIMO;1;22.10.1931;0;1
MELEKSINEM;1;1.03.1961;0;1
YUZBINNAZ;1;27.03.1962;0;1
BUHASE;1;18.10.1961;0;1
SEMSUSENA;1;12.02.1959;0;1
MUNCELA;1;30.05.1982;0;1
MELEKZEMIN;1;23.08.1961;0;1
ALKIZE;1;3.07.1972;0;1
SALTANK;1;17.02.1954;0;1
OMRANIYE;1;26.02.1957;0;1
MISLO;1;12.08.1923;0;1
GULBARYE;1;13.08.1965;0;1
AYISO;1;25.04.1910;0;1
BABSAH;1;6.05.1974;0;1
GARIBNAZ;1;11.09.1990;0;1
GULSEHEM;1;16.07.1981;0;1
TEYRO;1;22.01.1946;0;1
MUFEHIR;1;13.03.1949;0;1
MENSUPE;1;15.08.1971;0;1
TEKMAL;1;8.04.1964;0;1
MELEKO;1;17.08.1924;0;1
GUZLUYE;1;25.02.1971;0;1
GULINC;1;7.03.1976;0;1
GUZLER;1;8.09.1980;0;1
KULILKA;1;17.02.1966;0;1
HUMRUNAZ;1;19.09.1956;0;1
GULDERAM;1;12.03.1971;0;1
BEYENMEZ;1;22.06.1989;0;1
HABRO;1;25.02.1942;0;1
FAYCAN;1;14.08.1989;0;1
MESRIKAN;1;25.08.1985;0;1
HANIMSEL;1;12.07.1970;0;1
VALIFE;1;8.11.1984;0;1
SIMEK;1;17.03.1974;0;1
GULDUNYE;1;30.08.1980;0;1
HENU;1;11.08.1932;0;1
BENDEN;1;2.03.1956;0;1
MEMSI;1;2.08.1921;0;1
FIDICEMAL;1;28.05.1944;0;1
KERSIME;1;9.04.1991;0;1
ALIYETE;1;21.06.1960;0;1
IZNIFET;1;27.06.1962;0;1
BIRYET;1;6.09.1963;0;1
BIRINAS;1;17.02.1990;0;1
ESREG;1;22.02.1949;0;1
BENERIS;1;12.02.1953;0;1
SISINO;1;16.02.1959;0;1
BEDEVNAS;1;13.07.1983;0;1
ZEMIYEZER;1;6.08.1969;0;1
IGVAN;1;1.03.1936;0;1
MUSEMEN;1;21.10.1990;0;1
SEYVET;1;23.02.1967;0;1
RESMIN;1;24.03.1991;0;1
GULILKO;1;2.03.1957;0;1
GULSICIM;1;26.06.1990;0;1
FINDICEMAL;1;12.08.1965;0;1
GULZAYE;1;21.03.1988;0;1
GULZANA;1;28.12.1986;0;1
GULNAFUR;1;18.03.1945;0;1
FENISET;1;27.11.1962;0;1
RUBAYISAH;1;13.05.1950;0;1
MENCAL;1;12.08.1935;0;1
KANLI;1;17.08.1924;0;1
SENFENUR;1;7.04.1966;0;1
BEMIHAT;1;27.08.1979;0;1
TACSEMIN;1;5.05.1975;0;1
UBEYE;1;14.03.1983;0;1
DELALNAZ;1;12.02.1971;0;1
EDICE;1;7.03.1976;0;1
MUHZEMIN;1;24.03.1950;0;1
NECRUFE;1;12.07.1965;0;1
NULIFAR;1;28.03.1954;0;1
VAHIDETE;1;27.08.1956;0;1
SONYAPRAK;1;29.09.1991;0;1
ZERDINAZ;1;12.08.1977;0;1
ZUHRETTE;1;27.08.1962;0;1
GILHEM;1;15.02.1989;0;1
SUNEYA;1;2.03.1969;0;1
MISVET;1;21.04.1965;0;1
KUSURU;1;25.04.1940;0;1
BISAYENE;1;28.04.1974;0;1
ZERDU;1;29.09.1930;0;1
GEYNI;1;5.05.1927;0;1
NUERTEN;1;19.07.1963;0;1
MEZHEM;1;27.02.1968;0;1
SENERNAZ;1;2.02.1969;0;1
GUYSEN;1;13.05.1984;0;1
FIGRIYE;1;26.09.1975;0;1
ZERKINAZ;1;27.02.1956;0;1
INSINE;1;11.05.1973;0;1
HULNAZ;1;3.05.1943;0;1
CIVAYRE;1;2.07.1980;0;1
MINALYE;1;21.01.1980;0;1
EMAMETE;1;9.07.1937;0;1
SEDHIYE;1;22.04.1966;0;1
FELEKO;1;12.08.1923;0;1
FERGUZE;1;16.01.1965;0;1
CEBIRYE;1;12.04.1983;0;1
NOGU;1;28.06.1946;0;1
KEDES;1;26.07.1959;0;1
GULMIRACE;1;1.12.1960;0;1
NESRUYE;1;12.09.1965;0;1
FEHYET;1;7.02.1964;0;1
GULSURET;1;29.04.1989;0;1
RUVAYIDE;1;2.02.1957;0;1
SERFIYA;1;12.04.1965;0;1
ELYAN;1;9.06.1975;0;1
FERTAP;1;12.12.1977;0;1
GULFEC;1;2.02.1963;0;1
VATIHE;1;26.10.1943;0;1
FAMAI;1;16.05.1965;0;1
SEFINETE;1;4.09.1981;0;1
YUMRAN;1;22.08.1981;0;1
KEMERIYAN;1;18.02.1966;0;1
HAYNUSER;1;22.04.1967;0;1
SINIHAZAR;1;26.03.1972;0;1
MECBURU;1;1.05.1949;0;1
SORME;1;1.03.1962;0;1
EFSIYA;1;17.07.1966;0;1
MAVITAN;1;21.05.1965;0;1
CEJNIYE;1;12.02.1971;0;1
NURILHEDA;1;22.01.1991;0;1
HAVDET;1;7.10.1988;0;1
ANALGUL;1;15.02.1982;0;1
RAHMETTE;1;3.03.1975;0;1
LULAFER;1;16.07.1963;0;1
HADIKKA;1;18.03.1950;0;1
RUNAI;1;5.05.1975;0;1
ZEMRAN;1;7.02.1982;0;1
HAVZET;1;17.07.1982;0;1
SUKLU;1;7.08.1975;0;1
ZEHDILE;1;5.07.1955;0;1
KUSKU;1;8.05.1982;0;1
SABRESTE;1;8.05.1964;0;1
BAHTAR;1;21.11.1978;0;1
HALBINAZ;1;28.02.1957;0;1
YAGMURE;1;26.06.1989;0;1
SAHUNE;1;2.10.1981;0;1
ENZERHAN;1;10.05.1976;0;1
SAHRISETE;1;21.03.1941;0;1
DINIS;1;6.08.1991;0;1
SURETA;1;26.02.1957;0;1
BILAKSAN;1;22.02.1979;0;1
METREBE;1;12.05.1989;0;1
NARHAYAT;1;24.02.1962;0;1
MIGVER;1;12.07.1931;0;1
FIKAYET;1;8.11.1975;0;1
SEHIHA;1;21.08.1987;0;1
MEHIRNAZ;1;1.11.1952;0;1
HULKUYE;1;23.05.1961;0;1
GEDRAN;1;7.02.1970;0;1
SEZAYEN;1;7.02.1982;0;1
GOLSAAT;1;2.06.1981;0;1
NARIVAN;1;16.04.1988;0;1
MUSEVBIYE;1;7.02.1957;0;1
MEREKZAMAN;1;8.04.1958;0;1
MELIKSE;1;30.05.1974;0;1
NEMICAT;1;27.09.1950;0;1
FERAHDUMAN;1;2.04.1975;0;1
SUHIME;1;22.03.1948;0;1
SEVEDET;1;12.02.1971;0;1
GULSURUR;1;1.02.1985;0;1
SAYIGA;1;19.02.1965;0;1
GULTEYLA;1;26.09.1979;0;1
MAHYIZER;1;26.09.1987;0;1
BETILE;1;22.05.1961;0;1
MUNIBER;1;16.10.1968;0;1
SEMIHAR;1;7.12.1946;0;1
HUYSEN;1;29.11.1968;0;1
GULLEME;1;27.11.1980;0;1
MERVANUR;1;8.10.1991;0;1
SUSELI;1;29.09.1955;0;1
SONEZ;1;6.11.1972;0;1
HEMDANE;1;23.12.1944;0;1
MUCTEHA;1;12.09.1987;0;1
MAPUP;1;4.11.1974;0;1
TERHINE;1;1.01.2001;0;1
RUVIYYEM;1;25.04.1953;0;1
HOSNAS;1;5.12.1928;0;1
SELVEDA;1;1.11.1974;0;1
HAMDINAZ;1;13.10.1948;0;1
ZERINISAN;1;9.02.1970;0;1
MUZEYYEEN;1;11.01.1955;0;1
NARENDER;1;14.07.1964;0;1
MEKTEP;1;13.12.1987;0;1
BOSTANGUL;1;1.07.1976;0;1
DURAHAN;1;24.01.1967;0;1
BENGUSAH;1;7.02.1979;0;1
LAYUZEL;1;29.04.1938;0;1
MEYSUDA;1;26.05.1978;0;1
GULSEMAHA;1;7.11.1958;0;1
SOMNURE;1;21.04.1975;0;1
HATCAHANIM;1;21.01.1991;0;1
HESBAHAR;1;23.08.1977;0;1
FEHNAZAR;1;1.02.1967;0;1
GENCAFER;1;2.04.1927;0;1
GULEDEM;1;26.11.1970;0;1
MAKIFE;1;4.03.1991;0;1
NEREMAN;1;11.12.1979;0;1
KINDINAR;1;22.03.1955;0;1
MOHOP;1;22.02.1949;0;1
ZILFUNUR;1;6.03.1991;0;1
NERBAHAR;1;6.04.1974;0;1
MUSGUM;1;12.06.1965;0;1
PERUFE;1;6.04.1992;0;1
GANISA;1;5.04.1984;0;1
METRURE;1;4.05.1927;0;1
HUCAYLA;1;18.05.1982;0;1
SONOY;1;28.04.1985;0;1
SUNESER;1;7.07.1932;0;1
DESENKA;1;2.09.1944;0;1
ULYAM;1;27.03.1956;0;1
MECMU;1;21.06.1963;0;1
BINNIHAR;1;2.02.1969;0;1
HESUNE;1;17.08.1936;0;1
GULMAH;1;17.05.1990;0;1
FERHUNDER;1;7.05.1964;0;1
GULSIMAM;1;6.10.1950;0;1
NUDET;1;7.01.1965;0;1
ZENNILE;1;28.04.1950;0;1
GORGUNAZ;1;2.05.1950;0;1
GULSEREL;1;2.05.1957;0;1
SENAYER;1;7.04.1964;0;1
GULMAYE;1;12.09.1983;0;1
EHRINAZ;1;23.05.1979;0;1
RUIDIL;1;21.04.1930;0;1
HAMASLI;1;27.08.1932;0;1
OZMUR;1;12.04.1968;0;1
DORTGUL;1;12.02.1965;0;1
AFARIM;1;2.01.1949;0;1
ZERNURE;1;22.03.1955;0;1
NECBEYI;1;27.01.1932;0;1
NEJBAHAT;1;12.10.1971;0;1
GULYANDAM;1;9.08.1953;0;1
KESNEF;1;29.2.1953;0;1
NEFHURIYE;1;11.12.1975;0;1
MUKEZZIN;1;17.02.1960;0;1
MAHBURUZ;1;2.02.1963;0;1
SERBAB;1;12.08.1935;0;1
GIULU;1;27.11.1953;0;1
BEKLI;1;22.04.1931;0;1
FAIMIYET;1;28.06.1948;0;1
SEHGINAZ;1;11.12.1973;0;1
FILIKAN;1;22.04.1970;0;1
PINARCAN;1;11.11.1985;0;1
SHAFAGAT;1;16.07.1953;0;1
PINARHAN;1;1.12.1983;0;1
TERBINUR;1;8.08.1953;0;1
MEFAKAT;1;27.06.1938;0;1
NAZEKER;1;16.02.1979;0;1
HURRUMET;1;16.02.1989;0;1
PAVIZK;1;12.02.1953;0;1
GELAVEJ;1;12.07.1991;0;1
PAHISK;1;4.04.1955;0;1
URUFA;1;1.10.1950;0;1
BAVIZ;1;22.08.1925;0;1
PURIHAN;1;9.05.1977;0;1
MUVARRIH;1;22.08.1955;0;1
FEREYNAZ;1;7.08.1952;0;1
SEINIZ;1;28.10.1990;0;1
HEFSA;1;12.08.1953;0;1
UNBER;1;2.02.1939;0;1
ZAMO;1;2.08.1933;0;1
LEHICAN;1;27.02.1974;0;1
NIYARI;1;23.09.1980;0;1
HERMIK;1;7.08.1928;0;1
NEMAM;1;15.11.1977;0;1
ZEKIBA;1;8.01.1957;0;1
HATUNZIN;1;3.12.1949;0;1
NELIFA;1;13.05.1977;0;1
LEYICAN;1;22.09.1985;0;1
ZEMRIT;1;22.06.1979;0;1
LAICE;1;21.02.1983;0;1
LEYOZA;1;2.11.1973;0;1
ASMU;1;1.02.1936;0;1
HELBIN;1;18.12.1989;0;1
GKOULTZAN;1;7.03.1978;0;1
URUFEHAN;1;5.04.1986;0;1
RUJVER;1;29.07.1991;0;1
ELFIHAN;1;30.09.1950;0;1
KESRUH;1;1.01.2001;0;1
VAHBIRE;1;1.03.1966;0;1
HAMAHIL;1;13.03.1950;0;1
ZEMIRAN;1;2.02.1951;0;1
KUBILE;1;13.03.1937;0;1
ULEFA;1;27.05.1979;0;1
HUSJIN;1;22.02.1937;0;1
HURBI;1;23.05.1961;0;1
FATMAZTAN;1;9.01.1966;0;1
TITO;1;17.08.1936;0;1
CIHANET;1;30.07.1991;0;1
FERAHSIN;1;17.04.1980;0;1
HELIMZER;1;12.05.1964;0;1
NAHICAN;1;19.06.1973;0;1
HAFZAT;1;4.07.1928;0;1
SITU;1;23.04.1949;0;1
GIFTAN;1;12.12.1970;0;1
NAVSAN;1;29.08.1981;0;1
TAZIYA;1;25.07.1971;0;1
ZAHFARAN;1;21.03.1957;0;1
NEFIBA;1;21.06.1966;0;1
ZINADE;1;30.03.1956;0;1
KICULU;1;22.08.1931;0;1
LATIA;1;4.04.1975;0;1
MAHRIBE;1;27.08.1980;0;1
HAKKILA;1;16.06.1970;0;1
KEVZE;1;27.06.1986;0;1
AFSAT;1;11.04.1980;0;1
VILAN;1;24.04.1981;0;1
EVFA;1;3.04.1968;0;1
MEHICA;1;12.02.1953;0;1
SEHZANAN;1;17.05.1967;0;1
SUMU;1;22.08.1937;0;1
BILBEZ;1;4.08.1941;0;1
SILLER;1;27.02.1992;0;1
SAHLIME;1;2.01.1974;0;1
HEVMET;1;1.12.1965;0;1
MEYRUMA;1;28.08.1967;0;1
MEGMER;1;22.04.1991;0;1
ZENIBA;1;18.05.1979;0;1
SEBRIHAN;1;17.08.1978;0;1
TEVSILE;1;7.08.1928;0;1
MERARIHAN;1;4.05.1945;0;1
RACIN;1;14.12.1988;0;1
IDABET;1;7.08.1982;0;1
MEGRUMA;1;7.09.1976;0;1
SUNCU;1;4.03.1941;0;1
SORISVAN;1;26.04.1978;0;1
BIMINE;1;22.02.1955;0;1
CEVEYRA;1;21.03.1965;0;1
HUMAV;1;28.09.1950;0;1
GECOL;1;1.01.2001;0;1
ARMUSOK;1;25.01.1955;0;1
GELEVIJ;1;27.08.1980;0;1
BIZINAK;1;2.08.1945;0;1
PISAN;1;12.08.1935;0;1
HUMARI;1;24.03.1961;0;1
SANZI;1;24.04.1955;0;1
CAZ;1;27.08.1974;0;1
NESIDA;1;22.02.1991;0;1
GEZIZE;1;8.12.1990;0;1
GELAVIR;1;12.08.1977;0;1
GANZAT;1;5.06.1951;0;1
HAVZ;1;27.08.1938;0;1
HAYZI;1;22.08.1931;0;1
ZERT;1;17.08.1978;0;1
KUCI;1;17.04.1965;0;1
HEFST;1;12.08.1935;0;1
NAVIL;1;26.08.1978;0;1
SINC;1;17.02.1936;0;1
SIDAP;1;11.05.1981;0;1
MULULSE;1;4.05.1969;0;1
SIDABE;1;6.08.1979;0;1
TEMIHE;1;6.01.1990;0;1
MELILE;1;21.10.1981;0;1
BETSAH;1;12.08.1977;0;1
SAP;1;21.08.1930;0;1
ENDILE;1;27.12.1980;0;1
VARICE;1;27.08.1986;0;1
BUKKI;1;15.05.1963;0;1
ZULF;1;22.11.1979;0;1
CEVERI;1;29.03.1950;0;1
SILIR;1;22.02.1991;0;1
RINAK;1;6.02.1992;0;1
MOMIM;1;2.08.1915;0;1
HUNEYSA;1;26.01.1991;0;1
HUZEYRAN;1;12.08.1923;0;1
TEMINA;1;2.08.1981;0;1
MEGMUR;1;29.03.1966;0;1
MAGDUMA;1;21.11.1981;0;1
MESIMA;1;22.11.1965;0;1
GULHAC;1;8.03.1952;0;1
ETFA;1;29.05.1961;0;1
SAZEMAN;1;6.04.1974;0;1
NIHAZET;1;28.06.1967;0;1
ATFA;1;23.03.1955;0;1
VERINA;1;7.02.1988;0;1
MUVARREK;1;9.08.1952;0;1
FAYCA;1;7.12.1982;0;1
GERDENI;1;2.08.1961;0;1
EYMEM;1;7.08.1982;0;1
TEYMENE;1;27.02.1992;0;1
SENTIBA;1;12.03.1983;0;1
DUTMIR;1;8.04.1975;0;1
BESOK;1;26.06.1952;0;1
FEYRUZGAN;1;7.10.1982;0;1
MERGUM;1;2.08.1933;0;1
ZERDEBI;1;29.03.1958;0;1
BAHAV;1;12.08.1935;0;1
MEKRUM;1;17.08.1936;0;1
MARARI;1;30.04.1954;0;1
MAHRIME;1;13.06.1956;0;1
KIZMET;1;16.09.1986;0;1
SENK;1;6.06.1956;0;1
RIP;1;27.08.1950;0;1
MAHRIMA;1;24.09.1980;0;1
DOK;1;17.08.1936;0;1
ZILF;1;22.08.1931;0;1
HEZEYCA;1;29.09.1982;0;1
BAHIYA;1;11.05.1967;0;1
CURMA;1;21.11.1977;0;1
HUMEMEYRAN;1;14.05.1958;0;1
GEGISI;1;27.08.1932;0;1
NIRI;1;27.08.1926;0;1
TADILA;1;2.12.1981;0;1
ZUMERYAN;1;13.03.1986;0;1
MELYAHAN;1;12.08.1941;0;1
SADRIYEM;1;24.05.1975;0;1
SIDAVA;1;7.03.1964;0;1
MULKUYEHAN;1;22.02.1991;0;1
AKLIMU;1;17.08.1954;0;1
MEHSIME;1;25.02.1954;0;1
GAYILA;1;1.03.1961;0;1
CIGAR;1;7.03.1976;0;1
GULLIMDAN;1;26.04.1966;0;1
UCYILDIZ;1;24.02.1961;0;1
KUTRI;1;27.02.1944;0;1
KEYFU;1;17.03.1966;0;1
MULKIZAN;1;6.12.1974;0;1
KOKA;1;17.03.1964;0;1
NURSENAN;1;30.01.1955;0;1
EKILA;1;3.03.1961;0;1
RAHSANDE;1;27.08.1968;0;1
CEVERYA;1;6.01.1945;0;1
ZAHFI;1;17.02.1948;0;1
MIHRISTAN;1;19.03.1964;0;1
MUSSELMA;1;19.10.1970;0;1
BEGSI;1;20.09.1969;0;1
GULATTE;1;28.06.1960;0;1
TULININ;1;28.06.1982;0;1
CUMHURIYYET;1;21.06.1990;0;1
GOLLUSOR;1;12.02.1947;0;1
ZEYEN;1;27.03.1992;0;1
MERZIMA;1;22.01.1979;0;1
MEHDIYAR;1;14.04.1991;0;1
FASEBYE;1;18.04.1958;0;1
URYET;1;8.01.1974;0;1
HED;1;4.01.1974;0;1
HAMIA;1;17.03.1966;0;1
KASEN;1;22.08.1931;0;1
HISDIMAN;1;17.03.1990;0;1
HERIBA;1;16.08.1988;0;1
MEHENGIZ;1;5.04.1992;0;1
KEBISE;1;17.08.1972;0;1
LEYLIBESERI;1;22.07.1946;0;1
MARDILET;1;21.02.1971;0;1
HEL;1;20.06.1946;0;1
HIZEYCA;1;28.06.1966;0;1
DOHTER;1;27.08.1950;0;1
ZENBILE;1;17.08.1984;0;1
TAYFER;1;7.06.1980;0;1
ALUM;1;28.02.1972;0;1
MERCUME;1;29.02.1972;0;1
HEVSO;1;9.02.1942;0;1
NADAHAT;1;17.07.1972;0;1
SIYAGAN;1;16.12.1980;0;1
HOMAR;1;22.05.1978;0;1
MIHRARI;1;17.10.1966;0;1
NELYAHAN;1;7.04.1973;0;1
TAGUN;1;7.08.1922;0;1
HINIR;1;23.03.1961;0;1
NETEFA;1;13.06.1959;0;1
HAVSED;1;3.06.1955;0;1
MELEKDIBA;1;12.01.1989;0;1
DAVIS;1;21.01.1977;0;1
FELEN;1;21.11.1968;0;1
TEVDET;1;22.08.1975;0;1
BEHU;1;7.08.1910;0;1
FAHIYET;1;26.10.1979;0;1
NAZYE;1;18.03.1990;0;1
MIRHAZ;1;3.10.1961;0;1
BEFRIK;1;7.08.1932;0;1
BANUMANISE;1;22.08.1967;0;1
GULSEYI;1;28.04.1987;0;1
BAGZER;1;16.06.1979;0;1
ZENANE;1;29.03.1981;0;1
SEHRUGUL;1;22.05.1979;0;1
FELAM;1;17.05.1990;0;1
ISLET;1;17.08.1972;0;1
CUHEYRA;1;20.02.1942;0;1
CAVHIR;1;7.08.1928;0;1
KERAFIL;1;7.08.1958;0;1
IRANOK;1;27.08.1926;0;1
HASMIHAN;1;30.06.1952;0;1
MUSANPERI;1;7.03.1976;0;1
HAVSAD;1;20.03.1942;0;1
GOCERCIN;1;1.07.1980;0;1
SABRIMAN;1;24.04.1966;0;1
GAJI;1;16.06.1982;0;1
GURTI;1;25.04.1937;0;1
MEZYENA;1;23.04.1959;0;1
NAMICE;1;12.12.1967;0;1
ZUBEYCET;1;23.02.1967;0;1
RUJHELAT;1;5.07.1982;0;1
NIDIMHAN;1;19.11.1952;0;1
BESTNA;1;5.04.1947;0;1
FAZILLE;1;17.03.1964;0;1
SEMIDA;1;27.02.1992;0;1
KOKEP;1;22.07.1979;0;1
HEMIHAN;1;27.08.1956;0;1
VELINA;1;11.06.1971;0;1
TUZIK;1;12.07.1951;0;1
MESRAK;1;22.08.1925;0;1
BAZGAN;1;27.12.1974;0;1
DULHAN;1;7.02.1982;0;1
URUFAT;1;7.08.1934;0;1
BADIRYE;1;21.11.1977;0;1
HEDIYEHAN;1;16.04.1965;0;1
DUGTER;1;30.12.1979;0;1
BEGSIHAN;1;17.08.1966;0;1
SINKA;1;17.03.1936;0;1
CUVEYRAHAN;1;20.11.1972;0;1
SUDAV;1;22.02.1991;0;1
RUPERVER;1;22.05.1973;0;1
SAHU;1;13.04.1942;0;1
ELIFEHAN;1;27.08.1974;0;1
BEDRIYEM;1;25.05.1975;0;1
RALIHA;1;14.04.1959;0;1
DILANAR;1;19.11.1985;0;1
MEETTOSENA;1;27.09.1962;0;1
KUSTAN;1;26.12.1987;0;1
RUNAHIK;1;5.06.1979;0;1
AKRAYI;1;2.05.1975;0;1
MUHUBBAT;1;11.03.1981;0;1
HIZIRET;1;1.04.1978;0;1
FEYROZE;1;7.01.1970;0;1
DOKTER;1;7.08.1976;0;1
CUMEYRA;1;21.01.1971;0;1
ZEGNI;1;16.10.1928;0;1
FERUNDAG;1;13.02.1965;0;1
GURZIYDA;1;18.04.1966;0;1
KUBACKI;1;23.12.1960;0;1
DUNYAME;1;26.09.1973;0;1
MUTRIYYE;1;22.07.1955;0;1
SENERE;1;22.06.1950;0;1
MEYIBIYE;1;28.02.1981;0;1
GESINE;1;27.09.1955;0;1
IMMINAZ;1;11.05.1957;0;1
CAKIRHAVA;1;3.09.1987;0;1
ALIMEI;1;1.09.1948;0;1
BAYESE;1;29.12.1931;0;1
GURSEVIN;1;26.10.1950;0;1
YADIGARE;1;5.02.1928;0;1
YUCESSER;1;2.07.1951;0;1
HUYSAL;1;21.12.1929;0;1
FEDAHET;1;3.06.1941;0;1
FERLUGA;1;27.08.1950;0;1
MERBUDE;1;16.04.1941;0;1
HAYRULISA;1;30.04.1937;0;1
NAFLA;1;4.02.1957;0;1
BERKITAN;1;17.04.1936;0;1
KEPBAN;1;1.07.1972;0;1
HILAFIYE;1;27.03.1956;0;1
SIFATEN;1;10.10.1960;0;1
UMMARE;1;3.12.1986;0;1
YAKSENUN;1;9.03.1970;0;1
SUKUTIYE;1;28.05.1942;0;1
PERIVER;1;18.04.1948;0;1
GULSERCI;1;16.02.1951;0;1
SEHREN;1;16.04.1928;0;1
KUNNAS;1;1.12.1930;0;1
NESKE;1;26.12.1939;0;1
YOZAR;1;11.03.1969;0;1
SEHIICAN;1;1.07.1975;0;1
NURLIN;1;2.04.1990;0;1
SUNANIYE;1;21.11.1960;0;1
RASIKE;1;27.12.1985;0;1
YURTSEMIN;1;20.11.1989;0;1
GULOYSA;1;7.12.1961;0;1
MEHEBE;1;22.01.1955;0;1
SEFDE;1;26.01.1973;0;1
VAGON;1;21.02.1976;0;1
KANCAFER;1;19.11.1942;0;1
GULSEVU;1;8.03.1940;0;1
ESINCAN;1;28.08.1986;0;1
MUHPARE;1;21.02.1992;0;1
TECAHAT;1;10.05.1972;0;1
MELDAGUL;1;21.07.1962;0;1
HAZERSAN;1;25.06.1989;0;1
PIRSENE;1;24.02.1967;0;1
KAMISAH;1;12.08.1941;0;1
MIZAMGUL;1;27.09.1968;0;1
SAFHEN;1;2.02.1951;0;1
MUAFIRET;1;24.04.1970;0;1
SEMERRUH;1;16.07.1987;0;1
DILEYRA;1;19.11.1988;0;1
GULNESLIHAN;1;12.10.1989;0;1
AYSEGULIN;1;19.01.1966;0;1
MUZHAYAT;1;26.07.1959;0;1
SERRUN;1;11.04.1986;0;1
HATICENAZ;1;22.02.1967;0;1
TENBE;1;6.10.1961;0;1
AYSEALI;1;7.10.1934;0;1
HUZRAN;1;7.10.1988;0;1
VEMIGJE;1;26.01.1963;0;1
ZUKAIYE;1;25.07.1949;0;1
ZULFERIM;1;11.04.1958;0;1
NURIZIYE;1;12.08.1965;0;1
MULAHAZAT;1;6.05.1968;0;1
MIHRIBANGUL;1;14.02.1992;0;1
BEYASTAN;1;27.04.1932;0;1
FERZURE;1;23.07.1973;0;1
PINARIYE;1;20.03.1976;0;1
MUZEYYENHAN;1;23.04.1951;0;1
MUNEVFER;1;22.12.1949;0;1
GULMEFTUN;1;7.12.1968;0;1
SOLGUN;1;10.03.1960;0;1
HAMALAK;1;6.01.1975;0;1
MUNISCAN;1;10.05.1958;0;1
TIYEK;1;18.07.1987;0;1
NURSAHIDE;1;22.02.1973;0;1
KIFARET;1;23.04.1973;0;1
NABA;1;29.04.1968;0;1
SAKINEI;1;18.10.1925;0;1
JULFET;1;12.10.1975;0;1
CEYHANGUL;1;23.04.1967;0;1
HAYRIYEGOZDE;1;30.09.1989;0;1
TUZZEHRA;1;23.01.1985;0;1
AMETI;1;26.10.1982;0;1
UMUDUYE;1;16.04.1970;0;1
SAHRUBANU;1;13.04.1965;0;1
YUCESSE;1;29.06.1956;0;1
SUZULEN;1;27.11.1970;0;1
GIRNEGUL;1;19.11.1975;0;1
NURTUGBA;1;7.02.1988;0;1
BEDULCAMAL;1;5.03.1957;0;1
BECIHAN;1;12.11.1972;0;1
NESIGA;1;4.08.1962;0;1
DURSALAN;1;19.10.1963;0;1
PENEMZER;1;23.03.1948;0;1
MUTELA;1;4.12.1983;0;1
FIRDESDE;1;19.07.1958;0;1
AKABIR;1;22.01.1955;0;1
GULBIZER;1;3.12.1973;0;1
GUNFERAH;1;11.10.1980;0;1
SENLE;1;10.03.1962;0;1
UMUTSEN;1;28.09.1970;0;1
DOZA;1;27.02.1992;0;1
ILFICAN;1;21.06.1963;0;1
ZULGU;1;3.02.1950;0;1
NAZIVE;1;16.11.1961;0;1
IGVEZ;1;22.02.1927;0;1
YUKFER;1;18.06.1947;0;1
MUNTEZINE;1;1.03.1980;0;1
LERDEN;1;26.03.1982;0;1
HASLICA;1;16.11.1965;0;1
EVLANUR;1;27.02.1986;0;1
NURAYNURGUL;1;9.06.1991;0;1
SEFANA;1;22.09.1949;0;1
YURDUGULU;1;16.04.1958;0;1
MEHIYYET;1;11.09.1958;0;1
NUESEN;1;16.02.1963;0;1
KABUTER;1;27.05.1924;0;1
KEBIRUN;1;6.07.1987;0;1
MUMTIHAN;1;8.10.1979;0;1
NAZIKTAN;1;2.12.1942;0;1
ZUREFE;1;2.02.1951;0;1
HAMRETIN;1;1.03.1937;0;1
RAGAN;1;25.03.1951;0;1
MUBIDIYE;1;27.02.1956;0;1
SEHRIVEN;1;19.11.1973;0;1
NULE;1;27.10.1962;0;1
TABIYYE;1;26.10.1934;0;1
SERIMSE;1;27.06.1955;0;1
SENCUN;1;2.10.1981;0;1
ILGAHAN;1;26.12.1988;0;1
AGABACI;1;15.02.1951;0;1
KHANIMZAR;1;2.08.1939;0;1
SAFAYAT;1;11.01.1954;0;1
PEZILE;1;11.12.1978;0;1
ANZUME;1;19.06.1943;0;1
JAVALEN;1;14.05.1973;0;1
SARIYYA;1;13.05.1936;0;1
TIKEZBAN;1;2.08.1941;0;1
GULTURNA;1;16.02.1957;0;1
UMMUNAS;1;8.07.1939;0;1
GULNAFILE;1;17.04.1952;0;1
NIZAMEGUL;1;23.10.1982;0;1
SAVKUYE;1;28.05.1976;0;1
ALIMEGUL;1;8.01.1990;0;1
GULMURAH;1;1.11.1966;0;1
GURMAY;1;7.09.1946;0;1
SAHSELAM;1;2.01.1987;0;1
FIKRIA;1;12.12.1980;0;1
RAFIDIYE;1;21.09.1959;0;1
FAHIRNISAN;1;27.02.1974;0;1
SECADET;1;7.10.1934;0;1
YURDAGULSUM;1;7.08.1957;0;1
YILSEMIN;1;24.06.1980;0;1
KULNAR;1;29.01.1937;0;1
HILALZULAL;1;13.04.1992;0;1
SAYKINE;1;1.02.1973;0;1
HUMAKADIN;1;16.04.1964;0;1
FADENDUDU;1;2.04.1927;0;1
LEFITA;1;9.11.1972;0;1
BAYFER;1;5.03.1957;0;1
SERASET;1;9.08.1957;0;1
ETNUR;1;17.02.1966;0;1
BAHDISAH;1;11.09.1986;0;1
MUAZZERE;1;12.11.1981;0;1
ERLIHA;1;28.04.1961;0;1
NARGU;1;29.05.1957;0;1
HATICETURABIYA;1;18.12.1982;0;1
GULLUDAN;1;7.06.1952;0;1
COFER;1;12.02.1959;0;1
NERKUZ;1;23.02.1953;0;1
GUNAYDIK;1;11.04.1961;0;1
TELLISENE;1;5.09.1956;0;1
BUDANE;1;3.02.1950;0;1
KULLUZAR;1;30.04.1941;0;1
ZEVNI;1;17.03.1930;0;1
PERHUN;1;28.05.1962;0;1
SEYRIL;1;29.09.1981;0;1
GUNIZIN;1;26.12.1970;0;1
HURNE;1;24.10.1930;0;1
PILANTA;1;1.05.1949;0;1
EMMEHAN;1;17.04.1930;0;1
GOMSEL;1;17.04.1942;0;1
GUNNANE;1;17.11.1984;0;1
HANIBE;1;17.06.1978;0;1
ZUNIRE;1;16.03.1938;0;1
ELMOR;1;8.05.1983;0;1
GATCE;1;21.11.1951;0;1
GULLUBEN;1;5.06.1971;0;1
ALUNAY;1;1.03.1968;0;1
OKJUCEN;1;2.12.1969;0;1
KAGIHAN;1;7.08.1934;0;1
TAMAYA;1;19.02.1930;0;1
BULOR;1;27.06.1956;0;1
TELLIBANI;1;12.02.1941;0;1
LEDARIZA;1;2.01.1941;0;1
GULBAGAN;1;25.12.1974;0;1
ALTINZER;1;11.05.1948;0;1
MULFUDA;1;7.04.1958;0;1
BALU;1;16.02.1937;0;1
MILKESEN;1;11.07.1975;0;1
ZERIGAN;1;6.04.1933;0;1
HATTCE;1;8.11.1938;0;1
BEDIYAR;1;29.07.1954;0;1
MOPUL;1;4.03.1963;0;1
KUBURE;1;2.02.1932;0;1
SEBIRIYE;1;11.04.1975;0;1
SEREFNISA;1;26.12.1939;0;1
NUCIRI;1;19.06.1936;0;1
ZALFIRAZ;1;6.06.1951;0;1
RUHSERE;1;21.03.1947;0;1
SUGURIYE;1;27.01.1956;0;1
GUBARE;1;6.12.1972;0;1
REHARSE;1;17.04.1942;0;1
PEMPEGULSUM;1;21.06.1982;0;1
ISIKGUL;1;7.07.1974;0;1
ZOHREBANU;1;27.08.1956;0;1
FARDE;1;18.11.1972;0;1
SEBAHAGUL;1;7.04.1964;0;1
GUNLUS;1;23.03.1961;0;1
AKARYA;1;18.02.1966;0;1
DANANDER;1;22.01.1958;0;1
BESTISEKER;1;27.08.1926;0;1
GULUNUS;1;7.02.1946;0;1
ZILFIZIYE;1;17.02.1954;0;1
SEBINEM;1;14.10.1972;0;1
ZEHRAKIZ;1;7.10.1928;0;1
HANBASA;1;4.02.1967;0;1
BALBAZ;1;26.11.1978;0;1
EBUTEL;1;27.04.1985;0;1
HEVESE;1;26.03.1967;0;1
GUNRA;1;26.06.1965;0;1
ZEROY;1;6.05.1962;0;1
LEMANDAR;1;11.07.1950;0;1
MANZER;1;1.03.1938;0;1
LEYLINAZ;1;13.01.1939;0;1
SELLIHAN;1;16.07.1947;0;1
AIMA;1;23.05.1957;0;1
ALTIMAS;1;21.08.1958;0;1
SENINGUL;1;7.06.1969;0;1
HURUNUSE;1;1.07.1950;0;1
MELIKBE;1;22.02.1961;0;1
SONAHANIM;1;4.04.1933;0;1
AGDAN;1;17.03.1953;0;1
MUBAGI;1;8.09.1945;0;1
TELPERI;1;1.03.1957;0;1
SAYAGUL;1;2.02.1962;0;1
NARGILLI;1;11.08.1975;0;1
MUSEYMAN;1;22.02.1979;0;1
MAYTAVAN;1;29.12.1949;0;1
GAYRANSA;1;12.08.1962;0;1
SUYATEL;1;6.01.1962;0;1
PEHER;1;7.02.1928;0;1
DILERPURUZ;1;12.08.1947;0;1
TEFRIYE;1;27.08.1926;0;1
RUNDI;1;11.04.1957;0;1
BELIGHAN;1;27.08.1932;0;1
HANIMZA;1;11.03.1966;0;1
ASYAHANIM;1;27.01.1938;0;1
HURUNISE;1;6.11.1948;0;1
TEBRUZ;1;16.07.1946;0;1
BANIHANIM;1;16.02.1928;0;1
SAKSAK;1;11.01.1951;0;1
DESDEBAG;1;21.01.1950;0;1
MUPTALA;1;8.02.1934;0;1
NENAZIL;1;27.11.1931;0;1
MESMEBEGIM;1;7.02.1940;0;1
RIYHANGUL;1;19.01.1951;0;1
SELAMAM;1;22.02.1967;0;1
MIASA;1;6.03.1966;0;1
BALLIME;1;17.11.1954;0;1
UCENAL;1;19.06.1960;0;1
CIVANTEL;1;26.03.1966;0;1
GEFIRYA;1;12.02.1965;0;1
ILIPAR;1;2.06.1967;0;1
TAYIZER;1;17.02.1990;0;1
MILKEZ;1;26.07.1990;0;1
GULNEFCI;1;29.07.1983;0;1
VILAHET;1;5.06.1972;0;1
KIRDEFE;1;5.01.1944;0;1
YAYEMIN;1;5.04.1992;0;1
MEZBARE;1;21.02.1963;0;1
MAMUG;1;27.02.1962;0;1
FERGE;1;2.02.1957;0;1
DUHRAN;1;29.07.1969;0;1
YIYASER;1;17.02.1942;0;1
FEYFURAT;1;26.12.1941;0;1
TELIFER;1;8.03.1964;0;1
TEKBINE;1;17.06.1966;0;1
SUDDIYA;1;6.09.1989;0;1
HUCRIYA;1;27.02.1974;0;1
RUHIBET;1;23.02.1959;0;1
NECEVAT;1;16.07.1982;0;1
BAFIYA;1;7.02.1982;0;1
SISSE;1;7.02.1964;0;1
MURIK;1;1.04.1930;0;1
SECILA;1;17.11.1978;0;1
SINNE;1;1.11.1979;0;1
GOLIZ;1;30.2.1982;0;1
ROBINE;1;4.06.1976;0;1
SERFIRAT;1;2.08.1939;0;1
HIVAREN;1;7.10.1980;0;1
GOLGEZ;1;22.02.1961;0;1
KESERIYA;1;21.06.1972;0;1
SAHBEGI;1;21.04.1976;0;1
SACLLI;1;11.03.1948;0;1
AYSEASENA;1;5.07.1975;0;1
FAHISAN;1;8.05.1940;0;1
MELESAH;1;16.10.1986;0;1
GIGAS;1;22.04.1961;0;1
GULSUAT;1;15.03.1959;0;1
SEVDISON;1;3.08.1978;0;1
DILSAM;1;7.03.1952;0;1
BILHIZAR;1;15.03.1986;0;1
SEMNEN;1;5.05.1975;0;1
UHI;1;12.08.1929;0;1
PAPUR;1;16.07.1987;0;1
HAYNAR;1;13.08.1958;0;1
SAHIMME;1;4.11.1936;0;1
BIRCIK;1;12.02.1971;0;1
KALEMZAR;1;21.05.1941;0;1
FAZYA;1;15.02.1939;0;1
DEFTER;1;14.09.1970;0;1
HUCRE;1;16.03.1965;0;1
MULKEZER;1;10.05.1985;0;1
ZABEYDE;1;19.03.1959;0;1
FEHRISA;1;17.02.1948;0;1
KEVEZ;1;26.02.1960;0;1
NERCEVAT;1;8.02.1967;0;1
SEGINUR;1;22.02.1973;0;1
MIHRIZAMAN;1;12.02.1965;0;1
BEJDE;1;16.11.1989;0;1
HUCRUYA;1;14.02.1963;0;1
FAZIE;1;20.06.1948;0;1
SALFIRIZ;1;16.04.1964;0;1
MILKI;1;16.05.1937;0;1
VOTHAN;1;24.02.1937;0;1
TAPE;1;19.03.1960;0;1
GULICELIK;1;15.09.1938;0;1
BAKIRA;1;12.05.1971;0;1
MEMULA;1;17.08.1924;0;1
FERZ;1;11.05.1952;0;1
GOLCEK;1;1.03.1985;0;1
RUKYET;1;2.01.1957;0;1
EKLIMEN;1;2.04.1975;0;1
HASPINAR;1;26.10.1987;0;1
MORE;1;24.03.1942;0;1
KARLIKAS;1;22.01.1952;0;1
LALIME;1;13.11.1983;0;1
NISAF;1;7.08.1934;0;1
PERIGE;1;4.05.1951;0;1
BEDISHAN;1;7.02.1946;0;1
GIYRA;1;17.02.1954;0;1
EHTIYAT;1;11.02.1936;0;1
FERZIGOL;1;15.07.1965;0;1
MERZIGOL;1;3.04.1963;0;1
BENHURA;1;24.10.1948;0;1
NEJLANUR;1;3.04.1991;0;1
FEROS;1;17.02.1960;0;1
EVDUZEN;1;9.04.1951;0;1
BAYANBANI;1;10.02.1938;0;1
GULBAHSI;1;12.05.1971;0;1
SUMBULYETER;1;27.08.1977;0;1
MUHTARAN;1;6.02.1967;0;1
HUCURE;1;17.03.1942;0;1
SURYAR;1;12.04.1959;0;1
BALIMA;1;6.01.1951;0;1
GULEPRUS;1;26.10.1978;0;1
MUNRE;1;7.10.1988;0;1
NUMIRE;1;7.03.1940;0;1
MELHAYAT;1;21.01.1965;0;1
SAHISTEHANIM;1;1.11.1948;0;1
PIRASE;1;8.07.1974;0;1
FIREYZA;1;18.02.1936;0;1
SEHERLALE;1;23.02.1943;0;1
BULGA;1;26.11.1942;0;1
SERRAHI;1;27.02.1968;0;1
KIRLARBEYI;1;11.06.1963;0;1
GUNNURA;1;24.07.1973;0;1
AKGUZ;1;21.02.1947;0;1
SAYFURE;1;21.05.1951;0;1
KIDAS;1;29.05.1938;0;1
LILHAN;1;21.05.1987;0;1
GOHCAN;1;19.02.1954;0;1
KOLISEN;1;27.11.1944;0;1
GULSAMAMA;1;11.01.1982;0;1
TERUNKIZ;1;18.01.1950;0;1
MELIBER;1;26.05.1940;0;1
MAHNIYE;1;7.11.1946;0;1
MULBIDE;1;1.05.1955;0;1
SABUNA;1;12.09.1977;0;1
URBAP;1;25.01.1967;0;1
TECIRE;1;11.01.1960;0;1
BELKIZIYE;1;17.02.1942;0;1
PATOS;1;17.02.1972;0;1
DADUK;1;1.01.2001;0;1
MEZETUL;1;17.08.1930;0;1
FERAHDIVAN;1;23.10.1970;0;1
HURUZAR;1;2.04.1957;0;1
MUNINAT;1;6.02.1927;0;1
LEBISER;1;14.05.1976;0;1
RACIAN;1;6.04.1986;0;1
JULDE;1;27.12.1975;0;1
ZEYNEBNUR;1;29.03.1979;0;1
HULUKHAN;1;16.06.1938;0;1
ZEYIMET;1;8.04.1970;0;1
LILPA;1;27.03.1950;0;1
TEYFAN;1;22.06.1967;0;1
OPER;1;8.02.1962;0;1
SIBRAY;1;1.03.1979;0;1
SERIDAN;1;12.08.1929;0;1
RAYYET;1;22.02.1973;0;1
GULLENDAM;1;26.03.1958;0;1
ROYCA;1;14.03.1992;0;1
MULUKSA;1;4.05.1955;0;1
NURANHANIM;1;7.08.1958;0;1
HUZURA;1;16.11.1976;0;1
TEMERIS;1;22.01.1985;0;1
BEDIRIYA;1;30.05.1971;0;1
GULSANAT;1;12.05.1959;0;1
NENEBACI;1;2.05.1951;0;1
SEYFURI;1;2.08.1927;0;1
SERFILEZ;1;24.12.1957;0;1
ZEYNAF;1;11.09.1934;0;1
WAI;1;14.03.1970;0;1
LETIFIYE;1;28.04.1965;0;1
MANTO;1;14.08.1952;0;1
BASREYE;1;21.07.1939;0;1
SUIZADE;1;22.02.1961;0;1
GULBAHTIM;1;21.02.1964;0;1
BEDILSAN;1;17.02.1948;0;1
DEFIKAM;1;25.06.1981;0;1
TOHVEN;1;4.07.1932;0;1
CILDIRAGUL;1;17.02.1972;0;1
DILPUS;1;21.12.1957;0;1
MASTAN;1;26.06.1955;0;1
BERLINGIL;1;19.10.1974;0;1
KANIDA;1;11.02.1978;0;1
HAZELEVREN;1;30.09.1978;0;1
RUHUNE;1;22.12.1977;0;1
SAYINAR;1;20.04.1956;0;1
HENDEGUL;1;4.12.1947;0;1
GULCIMA;1;1.05.1944;0;1
PERLUN;1;24.05.1967;0;1
BALLUZ;1;7.02.1946;0;1
SOLMINAZ;1;24.04.1979;0;1
GALIZER;1;6.05.1938;0;1
VASAR;1;23.07.1967;0;1
SEGIBET;1;6.03.1974;0;1
ESNANPERI;1;21.01.1963;0;1
ZANNE;1;6.04.1955;0;1
KALIHE;1;22.06.1961;0;1
GULORBAN;1;26.02.1971;0;1
SENSAFA;1;12.08.1923;0;1
FEMAZ;1;22.08.1925;0;1
TAMIRIYE;1;19.01.1959;0;1
SAHNEVAT;1;12.03.1941;0;1
FIKINAZ;1;1.03.1943;0;1
CAZMIYE;1;17.02.1966;0;1
BIYGE;1;21.07.1990;0;1
NUSNUYE;1;26.03.1971;0;1
ERUFUDE;1;25.06.1970;0;1
MIVEMBER;1;12.08.1929;0;1
VEZDUHAR;1;16.03.1957;0;1
ZANZADE;1;6.12.1944;0;1
TUSUM;1;21.02.1956;0;1
LUDIYE;1;15.05.1929;0;1
SOMI;1;15.07.1959;0;1
AYFUKE;1;26.02.1953;0;1
GULENGEZ;1;12.11.1941;0;1
KALENZER;1;17.02.1966;0;1
GULYALEK;1;10.05.1977;0;1
ZULFISAYAN;1;22.07.1955;0;1
BAKSEM;1;2.10.1983;0;1
GEZENGUL;1;3.01.1956;0;1
NEZMICAN;1;16.01.1939;0;1
LEYLIZER;1;12.02.1971;0;1
ENTIMES;1;22.05.1955;0;1
HAVGE;1;7.03.1976;0;1
MINEZAR;1;28.02.1950;0;1
DILIRBAH;1;22.02.1967;0;1
TOPBE;1;18.02.1948;0;1
HAYRIMNISA;1;18.03.1958;0;1
APTEL;1;5.03.1963;0;1
ETVE;1;13.09.1943;0;1
MILKAH;1;6.08.1975;0;1
ORUNCA;1;27.08.1926;0;1
SEBIHAYAT;1;24.03.1959;0;1
SAMRAL;1;2.03.1969;0;1
YAYLAGUZELI;1;26.07.1977;0;1
HUCRU;1;11.03.1949;0;1
SEMLEGUL;1;19.09.1943;0;1
DUNUK;1;2.02.1933;0;1
MINGUR;1;4.04.1956;0;1
SAHIDUKTOR;1;21.02.1953;0;1
KASMER;1;6.02.1966;0;1
MINNISE;1;12.02.1957;0;1
ARSIYAN;1;15.11.1980;0;1
NARIGUZEL;1;25.01.1971;0;1
ALUDA;1;16.07.1982;0;1
BINNIY;1;27.11.1967;0;1
MUSGUNUZ;1;29.04.1980;0;1
LOBAR;1;10.05.1964;0;1
GUYCEK;1;27.02.1956;0;1
TAVAZ;1;26.04.1961;0;1
KILAVATAN;1;12.08.1929;0;1
KUBEYLA;1;21.08.1985;0;1
MERALCAN;1;26.10.1991;0;1
YASEMEIN;1;1.11.1976;0;1
GULGEYIZ;1;22.02.1961;0;1
DUYSELGUNES;1;21.04.1953;0;1
FARIGA;1;29.08.1972;0;1
ZEMINNUR;1;1.04.1973;0;1
VICTONIA;1;14.03.1968;0;1
SEMERRA;1;13.03.1987;0;1
HAYRANCAN;1;16.12.1968;0;1
SALANUR;1;21.08.1976;0;1
CERAM;1;23.05.1933;0;1
KULPERIN;1;2.04.1951;0;1
MAIZEZ;1;3.02.1969;0;1
TORUZ;1;22.08.1925;0;1
MULFUDE;1;10.11.1963;0;1
TAHMULE;1;6.05.1939;0;1
FIRDENES;1;2.02.1957;0;1
HAMUDIYE;1;6.02.1950;0;1
MESLINAZ;1;23.03.1967;0;1
NAHAYAT;1;3.05.1956;0;1
PAYIZET;1;22.02.1967;0;1
VAYCAN;1;26.08.1989;0;1
MAHPALE;1;6.05.1956;0;1
HURZE;1;9.09.1963;0;1
GULDELI;1;22.08.1931;0;1
KIBARHAN;1;26.11.1942;0;1
HANDANIYE;1;26.12.1970;0;1
IZTIFET;1;21.08.1976;0;1
BASIYET;1;28.04.1964;0;1
SUREHAT;1;28.04.1960;0;1
BELBIN;1;1.12.1979;0;1
BAGMET;1;16.08.1941;0;1
LADISER;1;26.04.1981;0;1
ZEMBIGUL;1;11.02.1932;0;1
FETFIZE;1;2.08.1939;0;1
SAHDILBER;1;16.01.1972;0;1
MARINGUL;1;8.11.1958;0;1
ZILADE;1;11.10.1975;0;1
PENZADE;1;24.02.1967;0;1
GURCO;1;15.08.1938;0;1
MOHTO;1;7.02.1964;0;1
DIRITGAN;1;6.06.1962;0;1
MAYRAMA;1;24.02.1973;0;1
FOTBUL;1;7.07.1943;0;1
SURSU;1;27.04.1944;0;1
HANPAL;1;22.08.1943;0;1
RUASE;1;27.02.1956;0;1
BETHINAR;1;27.12.1986;0;1
GULUMSALI;1;13.09.1934;0;1
ESENGUY;1;27.07.1989;0;1
DARUZE;1;23.10.1937;0;1
ACIZET;1;26.03.1948;0;1
GOVE;1;2.02.1957;0;1
TEVHAN;1;21.04.1956;0;1
GAYZATLE;1;1.02.1971;0;1
MILGINAS;1;11.06.1955;0;1
BIDARE;1;22.02.1967;0;1
FAHIRET;1;10.01.1973;0;1
MANDALIYE;1;1.12.1970;0;1
MUCEVHA;1;22.03.1967;0;1
NAZDANE;1;8.02.1963;0;1
NURUNAY;1;18.01.1981;0;1
KIZGAL;1;4.04.1945;0;1
KIBO;1;2.08.1933;0;1
ELMASSENEM;1;19.07.1936;0;1
MUHMINET;1;11.02.1975;0;1
BAKLAGUL;1;3.10.1951;0;1
ZEZUL;1;2.08.1927;0;1
FEHERNAZ;1;28.07.1960;0;1
MURGULE;1;12.02.1965;0;1
BARFI;1;27.03.1956;0;1
NAZINCI;1;17.02.1966;0;1
KIRIZAT;1;1.04.1935;0;1
EGBAT;1;1.06.1956;0;1
YENIGAZEL;1;30.06.1974;0;1
AMPUL;1;18.01.1990;0;1
MIRITHAN;1;7.02.1964;0;1
KERDE;1;9.01.1958;0;1
NISBEL;1;16.04.1981;0;1
TEYVE;1;26.04.1971;0;1
NIMUNET;1;25.07.1963;0;1
HUBYE;1;11.02.1976;0;1
HOPPAZE;1;22.08.1913;0;1
KITA;1;27.08.1932;0;1
YAGGUL;1;29.01.1950;0;1
NESPILE;1;9.05.1942;0;1
SALIGUL;1;21.07.1957;0;1
GOGGE;1;15.05.1956;0;1
TUTUYEM;1;22.04.1963;0;1
VARGUZEL;1;21.02.1941;0;1
GULEFA;1;2.05.1945;0;1
KINOS;1;12.02.1959;0;1
SUNIYET;1;28.10.1955;0;1
SAEDET;1;1.04.1976;0;1
RUVILYA;1;25.01.1958;0;1
HURBUYE;1;22.04.1966;0;1
SEVLAH;1;30.03.1978;0;1
ZECO;1;10.10.1929;0;1
HUMURYE;1;17.04.1960;0;1
NUJIDE;1;12.03.1929;0;1
SOYLERGUL;1;2.02.1963;0;1
BIDOS;1;6.01.1953;0;1
ZAHIZAR;1;23.12.1982;0;1
PANZEHER;1;27.08.1938;0;1
REVEL;1;1.08.1939;0;1
HOPPE;1;2.07.1939;0;1
MAYIYILDI;1;18.03.1947;0;1
HUCURUYE;1;22.05.1967;0;1
PERIKAT;1;7.03.1934;0;1
NENU;1;7.08.1934;0;1
SAMDEL;1;12.02.1965;0;1
RAZINET;1;21.08.1947;0;1
SOYLET;1;21.01.1948;0;1
HUBRAYI;1;16.04.1934;0;1
FELANAZ;1;13.12.1951;0;1
HIYRAT;1;17.08.1948;0;1
GULEBANI;1;2.03.1945;0;1
GEZME;1;2.02.1969;0;1
HAMSEKER;1;7.08.1957;0;1
AYSANDIK;1;27.02.1944;0;1
MACI;1;2.08.1915;0;1
RABYA;1;7.08.1934;0;1
FERYAM;1;12.03.1971;0;1
SINEK;1;18.02.1929;0;1
KAKIZER;1;17.08.1954;0;1
CIYENDEM;1;27.02.1974;0;1
ADALLET;1;23.08.1983;0;1
SELBUR;1;6.02.1955;0;1
SUPEN;1;9.11.1973;0;1
OKXANA;1;2.04.1981;0;1
BILIBIL;1;27.04.1944;0;1
IHSAMIYE;1;26.11.1977;0;1
CURUYA;1;7.12.1985;0;1
MESDANE;1;11.10.1961;0;1
ELMUNUR;1;7.08.1982;0;1
LEKIFAR;1;29.11.1951;0;1
MEFARIDIYE;1;17.07.1942;0;1
MESAKAT;1;26.11.1936;0;1
MEYREN;1;30.06.1975;0;1
ARAPSEN;1;12.02.1947;0;1
BIHRASEB;1;28.11.1963;0;1
REYLI;1;22.11.1942;0;1
ZENNIBIYE;1;11.12.1957;0;1
MUHINET;1;27.08.1975;0;1
MIRZAYEVA;1;26.07.1942;0;1
GULNAZELI;1;1.11.1955;0;1
GULISTEM;1;1.04.1984;0;1
GULFIYRE;1;22.02.1967;0;1
SELVIKIRAZ;1;21.06.1941;0;1
NUFERIYA;1;7.09.1970;0;1
NAZIRGUL;1;22.02.1955;0;1
BEYUKBADJI;1;27.01.1960;0;1
BENSUNUR;1;2.12.1981;0;1
MUHIYYE;1;17.04.1957;0;1
MUSTELIF;1;26.11.1978;0;1
MUZDAL;1;24.03.1961;0;1
EFTANE;1;2.09.1963;0;1
KULSTAN;1;26.09.1984;0;1
MUHABBA;1;15.01.1943;0;1
UZMEGUL;1;12.02.1965;0;1
HUNLE;1;22.02.1979;0;1
MERSIDIYE;1;22.05.1946;0;1
MIDEYHA;1;17.09.1972;0;1
FAZILEYI;1;8.04.1932;0;1
LEFERIYE;1;21.06.1964;0;1
ENTUYE;1;7.02.1970;0;1
FUZEL;1;12.04.1953;0;1
MAKBEKAR;1;26.09.1964;0;1
GULPEM;1;22.04.1931;0;1
DILCAR;1;6.08.1954;0;1
GULDERA;1;22.04.1937;0;1
MUAPPER;1;27.04.1925;0;1
KABIKAR;1;11.02.1955;0;1
GULDESLAN;1;13.06.1971;0;1
NEJGULE;1;2.02.1963;0;1
NEFARE;1;22.02.1973;0;1
ZEHNIGUL;1;17.02.1966;0;1
GADEN;1;6.02.1956;0;1
MAPIRAZE;1;24.07.1948;0;1
DANGUL;1;22.05.1979;0;1
MENSURUGE;1;11.03.1945;0;1
MURSALIYYE;1;6.02.1942;0;1
GULFATIS;1;21.01.1984;0;1
NEMZADE;1;17.04.1948;0;1
MUCEYRE;1;4.04.1964;0;1
ULUKSAN;1;10.04.1964;0;1
GULFIYRA;1;23.03.1972;0;1
TAYFUDE;1;27.02.1985;0;1
KOKULLUAY;1;27.04.1974;0;1
GULAZIME;1;2.02.1963;0;1
MUHFER;1;14.10.1989;0;1
GURCUISTAN;1;16.01.1966;0;1
EMINEKAMURAN;1;3.11.1990;0;1
TEBKILIYE;1;18.01.1954;0;1
SADEKUL;1;6.10.1966;0;1
SELGIZAR;1;27.02.1980;0;1
CAGIDE;1;22.02.1967;0;1
MERMURIYE;1;6.02.1984;0;1
NEBATIYER;1;11.10.1969;0;1
GULDUK;1;22.01.1961;0;1
MUHSULE;1;17.11.1966;0;1
FEYRE;1;19.02.1972;0;1
BEDIGHA;1;21.12.1958;0;1
CALIHA;1;22.02.1967;0;1
IMAHA;1;22.03.1945;0;1
GUNAYDEN;1;18.09.1956;0;1
KAGBE;1;11.01.1972;0;1
NEZZIYE;1;29.08.1938;0;1
NAFAKA;1;28.03.1950;0;1
NEHMIDE;1;26.08.1964;0;1
NUZEYME;1;11.03.1991;0;1
MURITHAN;1;6.09.1990;0;1
AYNR;1;28.12.1967;0;1
GURCUNUR;1;13.01.1986;0;1
RECIMA;1;22.02.1961;0;1
NILBETUL;1;21.09.1981;0;1
CANVEDA;1;21.10.1969;0;1
FELDANE;1;4.05.1976;0;1
ZUNEYBE;1;27.02.1974;0;1
GULATMI;1;21.05.1982;0;1
TEVRIZIYE;1;22.04.1919;0;1
NAZDET;1;17.12.1954;0;1
MUDADIYE;1;17.06.1938;0;1
GALBINUR;1;12.02.1965;0;1
BERAHA;1;18.05.1968;0;1
EBLIKE;1;24.01.1955;0;1
AHINAZ;1;22.02.1947;0;1
PEVRUM;1;4.02.1961;0;1
TEVCAN;1;11.07.1966;0;1
GOOS;1;26.04.1959;0;1
HARIL;1;14.04.1938;0;1
GUSTUM;1;9.09.1953;0;1
FIRZENDE;1;21.07.1952;0;1
NURBENZER;1;24.04.1968;0;1
NUSUYET;1;19.04.1967;0;1
NARISIN;1;16.01.1931;0;1
UCSAN;1;6.01.1946;0;1
SIBLE;1;6.08.1977;0;1
KETIK;1;17.09.1959;0;1
RESITIYE;1;1.03.1965;0;1
DEMILE;1;12.05.1974;0;1
HASIBEL;1;10.05.1971;0;1
AFIFIYE;1;3.12.1937;0;1
MERDAIYE;1;15.11.1951;0;1
MUFREZ;1;10.11.1965;0;1
GUMSIYE;1;8.05.1953;0;1
BAKISAN;1;16.11.1935;0;1
ZINNIBE;1;16.04.1950;0;1
EHRUZE;1;28.03.1977;0;1
SIKARNAZ;1;26.03.1941;0;1
SEBILIHAN;1;26.06.1955;0;1
VECIDAN;1;29.01.1958;0;1
MERZIYAHANIM;1;30.10.1970;0;1
GURTAGUL;1;7.02.1964;0;1
MAPEYHER;1;22.02.1949;0;1
BIRADET;1;3.07.1978;0;1
PERDIK;1;14.12.1983;0;1
VADIME;1;6.09.1956;0;1
SELKINAZ;1;14.08.1968;0;1
KUZADIYE;1;6.10.1978;0;1
NEFTARIYE;1;6.10.1989;0;1
SELKIRAZ;1;23.03.1948;0;1
KACEY;1;2.05.1963;0;1
BENLICAN;1;7.02.1952;0;1
AFIKAR;1;12.11.1951;0;1
DALLIM;1;11.08.1981;0;1
NIRFAT;1;4.02.1951;0;1
MERZILE;1;2.02.1951;0;1
MAHMURU;1;29.08.1974;0;1
KARLIHAN;1;11.01.1964;0;1
ZUZADE;1;12.03.1947;0;1
YENEGUL;1;6.11.1968;0;1
TOSAT;1;11.09.1962;0;1
RAHSANHATICE;1;21.12.1978;0;1
GULLEMAN;1;7.03.1987;0;1
LUBUDA;1;1.12.1991;0;1
HEFZIYE;1;14.01.1947;0;1
CEVRIGUL;1;11.01.1986;0;1
SAFUREN;1;28.04.1962;0;1
MUNHERI;1;23.10.1949;0;1
MARUYE;1;26.04.1954;0;1
FURMANIYE;1;7.02.1964;0;1
SAHURET;1;12.07.1941;0;1
NUFERYE;1;7.09.1970;0;1
ALTUNISIK;1;30.01.1937;0;1
ASUAN;1;14.11.1981;0;1
SEDDARIYE;1;7.04.1964;0;1
KUDRIYE;1;22.11.1937;0;1
NUGEL;1;16.08.1982;0;1
SOHRETNAZ;1;5.06.1991;0;1
GULSEFAHA;1;27.02.1956;0;1
UFGUL;1;6.12.1955;0;1
BINGE;1;19.09.1953;0;1
MUDARA;1;15.12.1964;0;1
FITIRET;1;1.08.1990;0;1
EBUDIYE;1;11.09.1956;0;1
KUSHAN;1;20.05.1974;0;1
GULCEVER;1;26.12.1964;0;1
HURUFUYE;1;2.02.1945;0;1
SULEZAR;1;16.07.1929;0;1
MIFRAT;1;4.02.1951;0;1
SANICAN;1;26.11.1969;0;1
GULDUMUR;1;1.05.1971;0;1
MUSAVIL;1;2.02.1951;0;1
YADIGARGUL;1;16.04.1964;0;1
HAYYAL;1;13.06.1964;0;1
NAGIA;1;29.09.1982;0;1
ESBADE;1;23.01.1984;0;1
MALHATUN;1;12.06.1938;0;1
GUHATIN;1;29.01.1971;0;1
GULENZI;1;25.02.1974;0;1
ESENYA;1;17.01.1992;0;1
NERDISAN;1;1.11.1973;0;1
KADEMKER;1;19.01.1954;0;1
ZENHURE;1;27.09.1956;0;1
ARAPNAZLI;1;25.10.1953;0;1
NEZMURUYE;1;16.05.1964;0;1
ULSUN;1;12.07.1977;0;1
TEVRISE;1;23.07.1929;0;1
IFAGE;1;2.03.1957;0;1
GULCIZEM;1;2.02.1957;0;1
GULDAD;1;1.03.1961;0;1
KAFIGUL;1;1.02.1966;0;1
EMETIK;1;17.02.1948;0;1
SAASTE;1;7.12.1981;0;1
SEVNE;1;6.06.1968;0;1
NARIHATUN;1;10.09.1946;0;1
ZUYAL;1;9.04.1972;0;1
NUMSUYE;1;22.06.1953;0;1
SORDABIL;1;16.09.1951;0;1
NESILIN;1;24.08.1966;0;1
ORUCIYE;1;2.02.1975;0;1
NEZRIL;1;17.05.1982;0;1
UMMUHAT;1;1.05.1929;0;1
OKTAVIANA;1;27.01.1975;0;1
VESRET;1;16.02.1964;0;1
SEVIMDAG;1;19.05.1974;0;1
HONAY;1;11.09.1974;0;1
LEZAHA;1;8.09.1932;0;1
MENEVIR;1;7.08.1928;0;1
DUHTERI;1;1.08.1955;0;1
MADANIYET;1;2.08.1939;0;1
DZEVRIYE;1;28.06.1973;0;1
NERGINHAN;1;4.12.1978;0;1
BASVIYE;1;22.08.1943;0;1
MUBEVVER;1;2.08.1927;0;1
SENGUNUR;1;11.06.1957;0;1
KORDEN;1;6.02.1955;0;1
NURFAZE;1;2.03.1981;0;1
FAHRINIGAR;1;29.09.1943;0;1
LEVANSER;1;1.01.1955;0;1
BEYLIHAN;1;10.01.1949;0;1
BISLIME;1;18.11.1939;0;1
RUYIGUL;1;7.08.1928;0;1
MUBEYCA;1;6.06.1962;0;1
GULAHFER;1;26.04.1960;0;1
MAMURYA;1;12.12.1959;0;1
MAFERIYE;1;28.03.1950;0;1
TURGIZ;1;27.08.1960;0;1
ZILCADE;1;2.03.1983;0;1
MURESAN;1;8.04.1971;0;1
ENZELNA;1;6.03.1945;0;1
SAHESNE;1;23.08.1930;0;1
FATMETI;1;9.12.1950;0;1
YASAFATMA;1;13.10.1975;0;1
MUAZZIBE;1;2.08.1933;0;1
SUVEYLAH;1;17.02.1972;0;1
SAMMER;1;23.06.1953;0;1
TAHALLA;1;4.04.1964;0;1
ZADIS;1;26.07.1931;0;1
NEJLAH;1;7.01.1964;0;1
NEFRIMAN;1;27.04.1941;0;1
SELFAS;1;16.09.1934;0;1
HAYRUNSAH;1;4.11.1958;0;1
SEZADIYE;1;11.06.1959;0;1
SEVINDA;1;29.03.1944;0;1
HUSABIYE;1;19.02.1930;0;1
FETAYE;1;5.06.1987;0;1
UVET;1;13.08.1934;0;1
GULDALP;1;10.08.1952;0;1
AZADUI;1;12.11.1929;0;1
ASVIYE;1;7.09.1956;0;1
EMITI;1;2.03.1933;0;1
PIRAAN;1;11.04.1951;0;1
TELLAG;1;23.10.1965;0;1
HUMAYER;1;2.08.1933;0;1
MIHRIDE;1;18.03.1930;0;1
MURGUZAT;1;9.11.1953;0;1
PAHTI;1;30.08.1956;0;1
GULDAH;1;11.11.1980;0;1
LILLIFER;1;11.03.1966;0;1
NERCIMEN;1;7.03.1981;0;1
MELODINA;1;5.12.1970;0;1
TUNAGUL;1;21.12.1952;0;1
RUJDANE;1;2.08.1939;0;1
NILAYHAN;1;26.05.1987;0;1
SUHDIYE;1;30.2.1970;0;1
YURDAREK;1;4.08.1962;0;1
NEHZAN;1;18.08.1965;0;1
MUHILA;1;12.05.1942;0;1
SEYDAVER;1;21.02.1966;0;1
EJLAL;1;12.09.1954;0;1
NULVIN;1;1.04.1978;0;1
SEDBAN;1;22.12.1937;0;1
NARGUZ;1;22.08.1961;0;1
ELLIYE;1;2.04.1947;0;1
SEYARET;1;11.03.1963;0;1
SEYHUR;1;8.03.1963;0;1
FEDAH;1;22.08.1931;0;1
SUBEYEN;1;22.06.1972;0;1
SEHRIBINAZ;1;6.03.1961;0;1
NURUVE;1;16.03.1980;0;1
TALIS;1;27.02.1974;0;1
GULDEFE;1;7.03.1958;0;1
MUHRUSA;1;22.08.1925;0;1
MEYTABA;1;21.12.1965;0;1
EDDIYE;1;8.03.1951;0;1
NERIDET;1;7.04.1946;0;1
ZERRUSAN;1;26.07.1958;0;1
HUSMANIYE;1;18.02.1960;0;1
MIGIL;1;17.10.1978;0;1
NEVAZIYA;1;27.08.1974;0;1
SEVSIYE;1;22.07.1943;0;1
FEIKA;1;22.05.1961;0;1
REZBANIYE;1;7.01.1978;0;1
SAHZIMEN;1;19.12.1981;0;1
MUNEKKER;1;15.07.1939;0;1
HILMIZIYE;1;16.06.1962;0;1
ISTIDE;1;21.09.1946;0;1
NEZGIHAN;1;7.04.1970;0;1
SUKUME;1;20.08.1933;0;1
RIHNA;1;11.03.1951;0;1
EDIA;1;27.06.1959;0;1
GOLZADE;1;16.12.1933;0;1
SAFERDI;1;4.09.1951;0;1
HUSULE;1;11.02.1946;0;1
HALENNUR;1;17.03.1948;0;1
DURANJA;1;5.09.1946;0;1
UZEYAN;1;6.06.1953;0;1
ZUVEN;1;21.10.1976;0;1
SUKLUN;1;26.03.1929;0;1
SAJIDA;1;27.08.1950;0;1
NIAY;1;29.10.1962;0;1
SEVDAAR;1;5.06.1972;0;1
AKIPAR;1;3.09.1943;0;1
FEHZA;1;12.06.1970;0;1
HATICHE;1;11.11.1987;0;1
YEKSU;1;24.02.1992;0;1
SUFEYLAH;1;24.01.1965;0;1
SAVAHAT;1;5.08.1959;0;1
NILGUVEN;1;14.07.1970;0;1
RICVAN;1;27.08.1938;0;1
SELFIL;1;30.04.1966;0;1
BEDIRIYENUR;1;26.01.1952;0;1
ELADIR;1;4.12.1954;0;1
DEHAY;1;24.02.1983;0;1
NURCIA;1;17.05.1954;0;1
HEYAR;1;12.08.1929;0;1
HUNNUR;1;1.07.1982;0;1
NURBENEK;1;13.03.1976;0;1
MISHAS;1;11.12.1981;0;1
PALUZA;1;29.07.1951;0;1
RECEHAN;1;16.04.1973;0;1
PERIH;1;9.02.1961;0;1
NAYLAHAN;1;12.09.1959;0;1
TUFLU;1;1.11.1948;0;1
CUZUDE;1;18.12.1966;0;1
GULCENUR;1;3.02.1991;0;1
SEVDINA;1;7.12.1961;0;1
NAREGUL;1;27.02.1962;0;1
MUAALA;1;8.07.1970;0;1
FATAGAN;1;18.11.1970;0;1
GULFEYDA;1;17.04.1954;0;1
ZULEYBI;1;12.01.1975;0;1
LUMAHSER;1;11.09.1966;0;1
OYMA;1;6.02.1979;0;1
ERGULENT;1;18.09.1969;0;1
NILRUBA;1;4.04.1991;0;1
VASIE;1;16.01.1959;0;1
NERGUM;1;17.05.1984;0;1
GULPERRA;1;30.03.1955;0;1
FERAHMIYE;1;20.05.1967;0;1
FERHANUR;1;2.02.1951;0;1
BIRSERE;1;12.08.1953;0;1
ILKAYPINAR;1;12.01.1973;0;1
ERDIGUL;1;27.10.1947;0;1
GULSERPTI;1;14.07.1966;0;1
RUHIDAN;1;16.07.1957;0;1
RADIKE;1;6.05.1960;0;1
AYATAY;1;13.05.1989;0;1
TENNURCAN;1;5.04.1966;0;1
OMRAH;1;19.09.1978;0;1
MARKELA;1;28.10.1976;0;1
NEZLISEN;1;23.04.1974;0;1
RAVGANIAT;1;22.06.1975;0;1
NUHHILAL;1;9.02.1938;0;1
SELIMAH;1;17.10.1965;0;1
MEMDUDE;1;23.03.1988;0;1
GULAYSIM;1;4.05.1960;0;1
FERIHANUR;1;4.09.1979;0;1
UFEK;1;13.03.1970;0;1
MUFRUYE;1;12.02.1950;0;1
VELDAG;1;2.02.1961;0;1
ESCAN;1;15.10.1982;0;1
URCEL;1;11.04.1980;0;1
SEYNAGUL;1;22.05.1990;0;1
MUJDEGAR;1;8.12.1981;0;1
MUBELLAH;1;26.07.1931;0;1
NAZEYLI;1;12.02.1959;0;1
FIDAET;1;2.03.1976;0;1
AYTEREN;1;19.07.1949;0;1
YUPSERUN;1;22.01.1974;0;1
EHIDA;1;8.06.1959;0;1
SEFEDE;1;5.06.1945;0;1
UBEYCAN;1;25.11.1954;0;1
PETRIYE;1;28.06.1971;0;1
MUVVEZZER;1;22.08.1937;0;1
GULZHANAT;1;7.11.1977;0;1
NILFUR;1;27.02.1965;0;1
LUBAS;1;18.10.1966;0;1
NURAET;1;16.10.1973;0;1
MUZERREN;1;12.02.1959;0;1
AYINCI;1;24.10.1962;0;1
IKINAR;1;29.01.1952;0;1
FIDANKA;1;3.04.1977;0;1
HUDALIYE;1;30.2.1960;0;1
ZIYADER;1;15.04.1972;0;1
MULKEM;1;11.06.1963;0;1
UMMUZAT;1;16.06.1932;0;1
GULFERRA;1;6.02.1945;0;1
MESLAM;1;7.04.1945;0;1
SEHRIZADA;1;11.06.1962;0;1
SELVAH;1;28.07.1977;0;1
LITER;1;22.08.1937;0;1
DURANCE;1;13.02.1980;0;1
SERGUZEN;1;12.08.1929;0;1
HAFIBE;1;12.01.1938;0;1
MAHVIDE;1;26.11.1968;0;1
RUSDAN;1;21.02.1956;0;1
MAKRUZ;1;17.08.1924;0;1
MURABBA;1;23.02.1958;0;1
RUKZIYE;1;6.06.1940;0;1
TAKAT;1;26.08.1935;0;1
MISEN;1;18.11.1952;0;1
SERIFEZADE;1;1.04.1948;0;1
EMRIZADE;1;1.12.1947;0;1
MERELE;1;16.06.1946;0;1
GOGUNE;1;21.05.1958;0;1
MIHMANIYE;1;27.02.1938;0;1
NAZADEN;1;2.06.1951;0;1
BENOKAN;1;1.06.1961;0;1
SEHDAZE;1;13.03.1971;0;1
SECRIN;1;28.10.1987;0;1
GULHISER;1;27.02.1944;0;1
SELAHMIYE;1;1.04.1959;0;1
RUHUYET;1;17.11.1974;0;1
HURIZAR;1;15.03.1941;0;1
BALKIZER;1;4.12.1952;0;1
KESMEHAN;1;2.02.1961;0;1
NEIS;1;16.04.1964;0;1
TAALIYET;1;27.08.1920;0;1
RUHINEZ;1;12.01.1964;0;1
EMIRHA;1;29.07.1952;0;1
TURENAY;1;27.05.1977;0;1
FERUNAZ;1;30.10.1950;0;1
JALENAZ;1;13.06.1974;0;1
BESMELE;1;27.08.1950;0;1
MAVIYET;1;11.06.1944;0;1
BEDUSA;1;26.08.1949;0;1
MEHDIHA;1;19.02.1966;0;1
BAGKIYE;1;24.03.1974;0;1
IMMIAAN;1;1.10.1950;0;1
HUMMUGUL;1;11.02.1927;0;1
HAYRUSSA;1;14.11.1964;0;1
JAHLE;1;1.01.1973;0;1
YANKA;1;7.08.1947;0;1
FILIZAT;1;11.01.1951;0;1
MENIE;1;9.04.1950;0;1
HULER;1;17.03.1969;0;1
MERZUDE;1;27.08.1952;0;1
FATUSAH;1;6.01.1941;0;1
PISSANA;1;17.05.1954;0;1
NADRE;1;30.03.1954;0;1
SELIDA;1;13.02.1965;0;1
GURFIDAN;1;23.05.1975;0;1
CEHVIYE;1;7.05.1970;0;1
MECMAS;1;3.06.1938;0;1
NAIGER;1;23.11.1956;0;1
SALIFER;1;23.02.1954;0;1
MEGBURE;1;29.12.1955;0;1
NESICE;1;25.11.1991;0;1
YULSEL;1;8.07.1940;0;1
CELVIE;1;2.08.1933;0;1
MUCHGUINAZ;1;4.02.1959;0;1
RAHANY;1;27.08.1944;0;1
RAHNEY;1;11.09.1939;0;1
ASIMED;1;29.03.1956;0;1
KUGEY;1;7.09.1933;0;1
ZOREY;1;20.07.1943;0;1
ALTIK;1;16.04.1944;0;1
NEVDUHA;1;14.03.1971;0;1
HUGAY;1;17.08.1929;0;1
NATEY;1;7.08.1928;0;1
HATOZ;1;11.06.1925;0;1
GURCEY;1;8.10.1925;0;1
TOMU;1;18.03.1953;0;1
ALTIS;1;15.04.1945;0;1
ATLANT;1;24.02.1955;0;1
ZULFUMAL;1;1.12.1970;0;1
MURDEM;1;11.12.1982;0;1
LUCILIA;1;15.02.1978;0;1
MAHBIBIYE;1;23.05.1961;0;1
BASINE;1;27.03.1968;0;1
UMMUBE;1;14.11.1971;0;1
CANSIL;1;9.02.1976;0;1
NEMCAN;1;16.05.1957;0;1
AGNISA;1;1.10.1971;0;1
FINDEY;1;28.05.1959;0;1
MASUKAR;1;22.02.1973;0;1
VEYSELET;1;17.02.1960;0;1
HUTCCEY;1;27.08.1950;0;1
GAYRETE;1;15.06.1958;0;1
SEVEGUL;1;21.01.1961;0;1
MAHVERE;1;11.01.1938;0;1
MUVAY;1;4.11.1957;0;1
LUTFYE;1;11.04.1992;0;1
GULBELKIZ;1;3.05.1976;0;1
PUSNE;1;20.10.1953;0;1
ASLUHAN;1;10.03.1982;0;1
MAHISEBER;1;1.11.1973;0;1
ULKIYAN;1;7.02.1976;0;1
NUDYA;1;30.12.1959;0;1
MEMER;1;12.02.1959;0;1
TAYDE;1;26.11.1979;0;1
HELIMAN;1;26.06.1976;0;1
GULSEDAT;1;16.06.1951;0;1
MEKPUL;1;22.02.1967;0;1
HAFFI;1;1.02.1961;0;1
MUZZEYAN;1;27.05.1974;0;1
KEDRET;1;6.10.1972;0;1
MUMTANE;1;21.07.1972;0;1
GULSATIYE;1;26.06.1937;0;1
CARIBE;1;2.08.1933;0;1
ADINI;1;7.08.1928;0;1
PELINGUL;1;12.10.1990;0;1
MUKAYYIF;1;22.02.1937;0;1
MULI;1;2.07.1963;0;1
MEMENE;1;2.08.1933;0;1
TEHNIY;1;20.08.1947;0;1
GUDUREL;1;11.02.1951;0;1
MUHFERRA;1;16.10.1964;0;1
AYSUSAM;1;15.08.1965;0;1
SAHALEM;1;18.03.1958;0;1
AFFIFE;1;15.03.1965;0;1
GUZAYDA;1;26.05.1961;0;1
JITKOVA;1;13.04.1973;0;1
NUDSEL;1;23.07.1991;0;1
ZEBOV;1;18.06.1946;0;1
AZIYET;1;6.02.1980;0;1
KIRZ;1;19.03.1966;0;1
MESUHA;1;12.02.1965;0;1
VETALET;1;3.05.1969;0;1
SUHALEN;1;16.04.1971;0;1
BEHENUR;1;6.02.1960;0;1
EVRUZ;1;13.11.1981;0;1
NIHAIR;1;12.02.1971;0;1
GULEYFAR;1;22.02.1973;0;1
MAZHARIYE;1;2.02.1975;0;1
SUMEYME;1;23.06.1964;0;1
ILTIHAN;1;24.10.1934;0;1
UFLUNAZ;1;3.03.1957;0;1
DuRDANE;1;14.07.1953;0;1
DEREHAN;1;26.09.1990;0;1
EDHEMIYE;1;14.02.1955;0;1
TEDBIR;1;6.06.1975;0;1
PEPEY;1;21.06.1926;0;1
AGCELI;1;12.08.1943;0;1
MOHTUNE;1;21.12.1965;0;1
ILAMA;1;13.02.1935;0;1
MAHBURIZ;1;22.01.1971;0;1
ZULMIYET;1;1.05.1974;0;1
SUGNIYE;1;20.05.1973;0;1
MEBNUNE;1;23.10.1956;0;1
HEFSIYE;1;18.11.1958;0;1
SELDET;1;2.02.1963;0;1
NEHNI;1;13.04.1953;0;1
GULPU;1;2.02.1951;0;1
DETER;1;3.04.1942;0;1
KUTULIYE;1;24.05.1973;0;1
YURGEL;1;11.10.1974;0;1
MAHPEYRUZ;1;27.02.1968;0;1
NURGUL.;1;19.02.1976;0;1
CEZIMUR;1;24.05.1970;0;1
REFIKAY;1;10.03.1962;0;1
REKIFA;1;24.07.1966;0;1
FEVLIYA;1;12.03.1977;0;1
VETFO;1;15.09.1940;0;1
RUHTE;1;29.01.1956;0;1
SAAADET;1;17.06.1972;0;1
MUSAMA;1;3.04.1969;0;1
SAYISTA;1;5.03.1971;0;1
SULEYDAM;1;22.03.1955;0;1
CANHUDE;1;21.09.1978;0;1
SEMSUPANI;1;22.02.1967;0;1
UMMUGUSU;1;27.02.1950;0;1
RAHIYA;1;1.07.1968;0;1
IMSEN;1;10.08.1945;0;1
MEHETDET;1;6.11.1959;0;1
FENSURNE;1;18.10.1985;0;1
MUKADDIME;1;27.01.1974;0;1
SERUME;1;12.02.1953;0;1
NEBUHAT;1;18.03.1960;0;1
ISLIMGULERMAN;1;22.03.1974;0;1
CAYSE;1;1.11.1979;0;1
NAYI;1;7.02.1958;0;1
HAMAYIN;1;23.08.1949;0;1
SAZMI;1;18.11.1956;0;1
GUMSAHAN;1;6.12.1990;0;1
YARAN;1;1.08.1981;0;1
BEDRIYENAZ;1;8.09.1991;0;1
UTIL;1;16.07.1979;0;1
MIHLANTIK;1;7.02.1970;0;1
AYASAN;1;22.05.1979;0;1
YAZGULE;1;16.04.1975;0;1
GOKBENI;1;6.05.1978;0;1
HAMDINUR;1;3.03.1933;0;1
SAHIBEN;1;26.05.1977;0;1
GULKO;1;7.02.1958;0;1
DALTAN;1;26.12.1981;0;1
BENDIHA;1;17.04.1972;0;1
DINEZET;1;22.10.1979;0;1
TAT;1;24.03.1978;0;1
INAZIYE;1;6.03.1968;0;1
CANTURE;1;12.04.1965;0;1
MIMIY;1;17.08.1930;0;1
MAPUBER;1;2.03.1957;0;1
CUMAREZ;1;12.02.1959;0;1
GUDSIYE;1;12.02.1966;0;1
AZED;1;16.10.1989;0;1
ZIRVAIK;1;12.08.1929;0;1
TANZIFE;1;1.06.1956;0;1
MAGLAT;1;2.08.1933;0;1
NEZENGIL;1;26.04.1955;0;1
MUHSEREN;1;22.02.1967;0;1
HULYATE;1;7.02.1970;0;1
MABBALE;1;21.05.1963;0;1
SEBILEGUL;1;22.02.1967;0;1
SERHUS;1;30.07.1948;0;1
TENKURE;1;19.11.1931;0;1
SAVRUNAY;1;2.02.1975;0;1
AYYOS;1;1.01.2001;0;1
FEDIN;1;16.10.1955;0;1
NURZIT;1;23.10.1950;0;1
KEMALEN;1;19.01.1971;0;1
BELMUREN;1;26.10.1966;0;1
SERABA;1;22.08.1983;0;1
ZAFEN;1;2.10.1957;0;1
SUUILE;1;14.02.1970;0;1
GULMUVEDDET;1;22.03.1973;0;1
HIMEYCE;1;3.03.1963;0;1
UPEK;1;10.02.1964;0;1
RIHAYE;1;21.06.1977;0;1
FINE;1;5.06.1972;0;1
RUHUZAN;1;2.08.1945;0;1
LALAPURUZ;1;21.02.1954;0;1
NUFUBE;1;17.12.1965;0;1
MATUS;1;7.11.1946;0;1
TEFERNUS;1;7.02.1958;0;1
VILYAR;1;1.08.1962;0;1
SAPDER;1;11.10.1954;0;1
DENS;1;22.02.1961;0;1
CUNEYTE;1;10.08.1960;0;1
ZULFEY;1;9.08.1934;0;1
SUVEYDAM;1;4.10.1977;0;1
AKINUR;1;10.07.1979;0;1
SAZILIYE;1;27.02.1950;0;1
LOSTAHAN;1;17.08.1930;0;1
GURBIC;1;26.05.1953;0;1
KUREYSET;1;13.11.1989;0;1
ROZKAR;1;6.08.1978;0;1
FILSEN;1;7.02.1970;0;1
IJLALE;1;6.11.1960;0;1
ZIL;1;22.08.1925;0;1
MENDOLI;1;21.06.1940;0;1
MALUH;1;13.06.1958;0;1
NILFIDE;1;18.02.1972;0;1
NESTURE;1;27.03.1974;0;1
PERVERI;1;14.05.1935;0;1
BILTAZE;1;3.09.1957;0;1
MERUME;1;12.08.1929;0;1
YURDANURAL;1;12.02.1953;0;1
SAGDICE;1;6.10.1980;0;1
TERKINDE;1;17.08.1942;0;1
PULSAL;1;12.08.1941;0;1
FATMAYURDAGUL;1;9.11.1971;0;1
HISEDAR;1;26.07.1972;0;1
MENSARE;1;12.02.1951;0;1
PEYFER;1;16.10.1959;0;1
PERDAL;1;22.02.1967;0;1
SEKIZE;1;7.08.1928;0;1
VAHRILISAN;1;1.02.1960;0;1
MOFIDE;1;27.02.1956;0;1
HAYLANUR;1;28.11.1946;0;1
VAHDANET;1;2.02.1957;0;1
MURAKKAZ;1;27.07.1949;0;1
AYNAOMERDIYE;1;22.02.1967;0;1
NEPBE;1;18.03.1936;0;1
SAHHANDER;1;6.06.1980;0;1
TESLIYE;1;22.08.1937;0;1
UMMUDURSUN;1;4.03.1945;0;1
MURDEGUL;1;7.02.1952;0;1
IZAAT;1;4.03.1952;0;1
GEMSE;1;14.08.1941;0;1
HABBALI;1;12.07.1929;0;1
BEYMAZE;1;4.03.1942;0;1
HADET;1;12.02.1927;0;1
DILBO;1;17.08.1924;0;1
HAYRANDA;1;28.04.1962;0;1
MUCABE;1;8.12.1943;0;1
KEJJIY;1;19.02.1938;0;1
FIKIRLI;1;1.06.1944;0;1
NEVINSE;1;20.01.1975;0;1
UREYNE;1;4.05.1968;0;1
SEHRIDIL;1;11.01.1928;0;1
HAYIRLISE;1;9.03.1950;0;1
NURTAMIN;1;30.01.1973;0;1
KUFFEY;1;2.08.1927;0;1
VECAHA;1;12.03.1935;0;1
EYHANI;1;22.02.1955;0;1
SADUMAR;1;7.02.1970;0;1
SERDARE;1;27.08.1926;0;1
MUBEYME;1;11.08.1988;0;1
SARDANE;1;6.12.1972;0;1
MEFRUAT;1;12.03.1959;0;1
NACADE;1;16.06.1928;0;1
SABAHANUR;1;19.02.1990;0;1
RRAHIME;1;27.05.1956;0;1
NARILLA;1;22.05.1964;0;1
YUNIFE;1;22.02.1967;0;1
NESABI;1;16.07.1958;0;1
DIRAJE;1;6.09.1985;0;1
SEMAHAGUL;1;28.04.1968;0;1
OZMINIRE;1;12.02.1956;0;1
BENZUHRE;1;4.04.1963;0;1
NEZANGUL;1;21.06.1964;0;1
MIRHICAN;1;23.11.1973;0;1
DURCA;1;7.04.1974;0;1
MEMURHAN;1;22.08.1919;0;1
TIJLA;1;8.02.1964;0;1
NAYISA;1;17.11.1959;0;1
TAKIDE;1;1.02.1928;0;1
SUMBULIYE;1;2.04.1951;0;1
ZAIDIYE;1;27.11.1968;0;1
HULUZER;1;3.10.1987;0;1
URSULAY;1;27.07.1974;0;1
MINTEZIME;1;4.04.1967;0;1
EZMER;1;17.02.1960;0;1
HEMIDEHAN;1;1.01.1944;0;1
NILUFUR;1;13.09.1971;0;1
ERGULNAR;1;26.03.1966;0;1
HATICIK;1;13.06.1975;0;1
FATMASENGUL;1;5.01.1947;0;1
NEVSEHER;1;30.10.1953;0;1
BALHUN;1;30.04.1991;0;1
TAKACAN;1;13.01.1964;0;1
HUSEMIYE;1;23.10.1961;0;1
NURMES;1;6.04.1969;0;1
SERAPZEHRA;1;21.11.1991;0;1
SUPILE;1;12.06.1961;0;1
USMEHAN;1;26.05.1947;0;1
LEVGUN;1;18.10.1965;0;1
MESLIYET;1;12.02.1953;0;1
GULAFRUZ;1;22.05.1973;0;1
TEBHIDE;1;16.09.1974;0;1
YAYLACICEGI;1;12.10.1971;0;1
BILKEM;1;26.11.1983;0;1
ISMIM;1;23.03.1969;0;1
NERBI;1;7.08.1934;0;1
SAZENIN;1;21.04.1965;0;1
PEYNAN;1;9.09.1962;0;1
ESENDIL;1;2.06.1976;0;1
SENEYET;1;26.05.1984;0;1
MUCCEL;1;13.05.1962;0;1
FEHRUZA;1;7.12.1958;0;1
NELSUME;1;29.07.1958;0;1
ONAYIM;1;8.03.1952;0;1
RAHNUR;1;28.05.1968;0;1
DURVEL;1;26.06.1960;0;1
MELEKBEGUN;1;13.06.1976;0;1
NEVSERI;1;7.07.1952;0;1
KEFSIRE;1;17.07.1961;0;1
ASHLEY;1;26.02.1987;0;1
YUSUFINA;1;12.12.1929;0;1
GANDIRIYE;1;16.01.1969;0;1
NECAS;1;12.08.1945;0;1
GUNELAY;1;22.02.1973;0;1
ADNUBANU;1;16.08.1981;0;1
ELIFNAZLI;1;3.08.1989;0;1
MURTIZE;1;8.09.1970;0;1
BIRKIN;1;27.04.1990;0;1
MIRAYCAN;1;9.09.1990;0;1
DILSAAD;1;12.02.1977;0;1
BEHERIN;1;1.06.1961;0;1
GULHEVAL;1;15.12.1983;0;1
EZBA;1;8.11.1982;0;1
BELGUM;1;25.04.1981;0;1
MUTEYME;1;5.07.1975;0;1
ZOHUDE;1;2.02.1963;0;1
BERGOZER;1;6.10.1941;0;1
GABY;1;23.10.1973;0;1
KYMBAT;1;2.02.1977;0;1
CUMALA;1;21.05.1969;0;1
NIYE;1;22.06.1960;0;1
SULFAN;1;22.06.1963;0;1
KUSEYMA;1;7.02.1956;0;1
TOPLUKAN;1;19.02.1959;0;1
SIHHATINUR;1;14.06.1959;0;1
GULBAGEN;1;2.03.1967;0;1
DILRIBA;1;3.04.1977;0;1
NURFUDAY;1;21.09.1976;0;1
HUMIYRA;1;27.02.1950;0;1
GULHUSRAN;1;13.04.1963;0;1
EMSAY;1;13.09.1981;0;1
FATMASEL;1;26.04.1946;0;1
MUZUCET;1;23.11.1933;0;1
ENDRY;1;27.09.1978;0;1
IPTADE;1;28.06.1974;0;1
BELNAY;1;12.04.1939;0;1
FETEYNA;1;16.01.1977;0;1
CAMGUL;1;6.12.1975;0;1
CELLAKE;1;7.02.1952;0;1
ZIHNIVAR;1;12.11.1941;0;1
CAGLE;1;7.11.1970;0;1
GULUGSE;1;14.11.1951;0;1
NACIDIYE;1;26.05.1954;0;1
TIPBIYE;1;22.03.1967;0;1
GUZIHA;1;12.02.1953;0;1
GIZIN;1;20.10.1961;0;1
SUPHANA;1;10.05.1964;0;1
FERKUNDE;1;17.08.1942;0;1
VISNAT;1;2.10.1955;0;1
JILDIZKAN;1;23.05.1963;0;1
SUPCIN;1;4.11.1991;0;1
MARELLA;1;7.03.1970;0;1
BERETNA;1;7.02.1976;0;1
SUHBIYE;1;27.03.1952;0;1
KEMEHRAN;1;23.03.1947;0;1
TERESE;1;30.07.1975;0;1
SEVDANESE;1;12.01.1971;0;1
YILBAN;1;15.07.1939;0;1
SUCUDA;1;17.03.1966;0;1
ZENZILE;1;2.02.1945;0;1
TESHUZE;1;2.02.1957;0;1
SMENTA;1;7.12.1976;0;1
RUHAYME;1;1.02.1962;0;1
ADDUBAMI;1;3.08.1957;0;1
CANSURIYET;1;22.04.1943;0;1
HUBYER;1;3.12.1976;0;1
HASAYA;1;21.05.1939;0;1
NIREZ;1;24.07.1982;0;1
BUTUFE;1;22.02.1955;0;1
TERCIHA;1;2.07.1963;0;1
FETDANE;1;7.04.1964;0;1
FECIL;1;8.08.1979;0;1
DILAG;1;6.12.1986;0;1
MEBCAN;1;6.04.1968;0;1
SEMAYIN;1;8.11.1974;0;1
HILALSAH;1;4.02.1982;0;1
YENGISU;1;30.06.1986;0;1
NICHEL;1;1.12.1984;0;1
GULSUNNUR;1;18.06.1973;0;1
BIBIMAHKEM;1;12.08.1929;0;1
NACDE;1;19.07.1948;0;1
EHIZEN;1;7.03.1974;0;1
NURKABI;1;14.02.1992;0;1
MURGUN;1;7.02.1967;0;1
GUMSIHAN;1;20.08.1979;0;1
TEBIA;1;10.02.1945;0;1
MEVEDET;1;19.03.1949;0;1
ESTIN;1;29.08.1983;0;1
BEZMINE;1;16.05.1955;0;1
CUPITER;1;22.02.1967;0;1
BEYATEN;1;29.09.1958;0;1
UJLAY;1;1.01.1961;0;1
ZAGFIRAN;1;13.04.1939;0;1
RUTBAY;1;21.09.1953;0;1
ILIMIYE;1;4.02.1950;0;1
ZELILHAY;1;22.02.1965;0;1
MIHIRICAN;1;9.10.1975;0;1
DULCEN;1;18.06.1959;0;1
TEVDEST;1;2.08.1921;0;1
SAHURRE;1;1.04.1961;0;1
AFIHAN;1;14.06.1980;0;1
MESUDEYE;1;1.05.1945;0;1
GUNGORLU;1;17.12.1942;0;1
DIDERAN;1;7.04.1976;0;1
GULHIBE;1;16.05.1953;0;1
IZAZ;1;16.10.1974;0;1
SUYUMKUL;1;6.07.1970;0;1
TULINE;1;26.08.1989;0;1
URUNAZ;1;26.11.1956;0;1
TIINCE;1;14.01.1988;0;1
DEMGULEN;1;26.07.1965;0;1
BELTEN;1;11.12.1989;0;1
EFILDER;1;1.04.1952;0;1
BELHINUR;1;14.04.1959;0;1
MUCRA;1;1.08.1972;0;1
MERUSTE;1;2.08.1945;0;1
SONSARAY;1;26.02.1963;0;1
NURAYBIKE;1;4.05.1984;0;1
FIRGUL;1;12.04.1966;0;1
SUMEYIRA;1;22.01.1988;0;1
SEHRENAN;1;2.07.1962;0;1
SAFUREGUL;1;12.06.1969;0;1
GUNRAL;1;22.10.1972;0;1
UMMUMULU;1;16.07.1970;0;1
HIBAYET;1;2.02.1957;0;1
ECIMER;1;27.08.1932;0;1
MARZ;1;6.04.1969;0;1
IFTADER;1;28.03.1962;0;1
MEMLIHA;1;27.02.1992;0;1
KUBRACAN;1;26.03.1992;0;1
EMRIGE;1;10.11.1959;0;1
MEKEBEN;1;12.02.1971;0;1
OZERIN;1;1.03.1962;0;1
ALGEN;1;25.10.1962;0;1
HANDISE;1;21.12.1987;0;1
NEVAHI;1;17.11.1945;0;1
MAHIMURE;1;14.03.1973;0;1
TALIHAY;1;11.08.1989;0;1
RUGEL;1;17.01.1961;0;1
PULUZA;1;3.03.1975;0;1
SONKUL;1;22.02.1961;0;1
IHLASIYE;1;6.06.1964;0;1
GULSAHEN;1;17.07.1987;0;1
FINDIDA;1;12.05.1971;0;1
VAHIDEN;1;2.04.1957;0;1
MIDDIYE;1;12.03.1975;0;1
RETIHA;1;7.10.1980;0;1
AYZEL;1;27.02.1962;0;1
TEZKAR;1;21.12.1940;0;1
SAVERGUL;1;29.08.1961;0;1
DUNUYAZ;1;23.12.1946;0;1
NURDOGMUS;1;16.06.1973;0;1
YETKE;1;15.02.1979;0;1
SIDDIH;1;6.02.1945;0;1
SEVINDAL;1;7.09.1970;0;1
CEYBA;1;2.08.1933;0;1
ALEVNECIBE;1;30.10.1980;0;1
ZEVIL;1;1.02.1972;0;1
HUSAT;1;2.08.1933;0;1
SAHRIYA;1;16.04.1974;0;1
NURILSIMA;1;2.02.1939;0;1
EZBIDE;1;6.09.1969;0;1
NURMAHIRE;1;1.11.1949;0;1
EJLA;1;26.11.1969;0;1
ASLITURK;1;25.06.1979;0;1
NEFIHE;1;22.02.1955;0;1
FAYAL;1;12.05.1961;0;1
SIMONU;1;30.04.1971;0;1
BEYSUM;1;24.10.1961;0;1
AYMALHAYAT;1;16.11.1965;0;1
SUVEDIYE;1;3.03.1961;0;1
NURISEBA;1;2.08.1951;0;1
GAHIRE;1;22.02.1986;0;1
SONSUR;1;12.07.1983;0;1
ZIRRIN;1;27.02.1962;0;1
A.GUL;1;3.03.1969;0;1
AMILET;1;26.02.1949;0;1
F.GULUMSER;1;16.11.1959;0;1
GUREYYA;1;22.06.1985;0;1
HUNDI;1;24.03.1974;0;1
SUENDEN;1;12.02.1965;0;1
NUGRA;1;5.10.1983;0;1
MAVRUDIYE;1;2.10.1963;0;1
HAYRINNUR;1;6.05.1927;0;1
KONCIFER;1;28.04.1962;0;1
BEHTISEN;1;18.08.1965;0;1
AYDIYER;1;30.03.1957;0;1
HAYTE;1;27.12.1962;0;1
VADDUHA;1;7.02.1964;0;1
AYSERDER;1;22.02.1961;0;1
ANTEBIYE;1;10.04.1964;0;1
URUFNAZ;1;9.09.1952;0;1
CANSURER;1;17.08.1983;0;1
HANCEL;1;1.03.1956;0;1
MAHADE;1;1.11.1948;0;1
NEVINDAL;1;9.10.1973;0;1
AFEET;1;26.01.1980;0;1
SEHRAZAR;1;24.02.1985;0;1
BRIEGE;1;11.12.1983;0;1
MABRIKE;1;19.03.1945;0;1
VEDAG;1;9.12.1980;0;1
UMUSELAM;1;17.05.1980;0;1
KAVIMET;1;27.04.1956;0;1
UMULCAN;1;26.05.1982;0;1
MELLIK;1;21.05.1971;0;1
ZEHEDE;1;13.04.1957;0;1
SELVRE;1;7.05.1964;0;1
USTUNCE;1;27.02.1962;0;1
BAHTIVAR;1;8.09.1952;0;1
BULGUZAR;1;2.03.1963;0;1
FIGIRAN;1;1.10.1978;0;1
LULUS;1;19.02.1978;0;1
MUHUBBER;1;17.02.1960;0;1
SARIYYE;1;22.12.1991;0;1
OZUCAN;1;4.06.1942;0;1
NAZHIME;1;17.08.1930;0;1
SULUFEYLA;1;27.07.1962;0;1
RUFKUYE;1;11.06.1970;0;1
MECBUREH;1;16.08.1971;0;1
MEHRIL;1;23.05.1967;0;1
GOYSEN;1;2.02.1981;0;1
SADIBEZ;1;15.06.1948;0;1
RAGIBIYE;1;27.05.1974;0;1
CUHUYE;1;11.06.1944;0;1
GULTAHRI;1;13.11.1955;0;1
ILAHIME;1;22.03.1967;0;1
BEHDET;1;17.02.1966;0;1
ZULVIYA;1;24.01.1983;0;1
MUNHERIYE;1;21.05.1965;0;1
SIDALET;1;12.02.1947;0;1
NUZIHE;1;17.01.1928;0;1
KAMERIYYE;1;21.04.1944;0;1
EMRARE;1;11.06.1990;0;1
SAHSIBEN;1;4.05.1943;0;1
MULUVER;1;2.12.1969;0;1
TAREN;1;22.08.1937;0;1
GULENBI;1;16.02.1957;0;1
CELVER;1;26.04.1965;0;1
NUIBE;1;17.03.1972;0;1
SURAFIYE;1;22.02.1961;0;1
SEFEIHA;1;3.04.1955;0;1
NUSHAL;1;8.06.1974;0;1
NILHAL;1;8.02.1981;0;1
YUREN;1;16.08.1940;0;1
MIHRIBEN;1;27.02.1968;0;1
GUNILLA;1;14.12.1981;0;1
NERKIZET;1;24.04.1949;0;1
GULICEN;1;28.01.1985;0;1
SEYBEN;1;14.03.1973;0;1
SAHDIRIM;1;13.01.1981;0;1
MO;1;16.11.1975;0;1
NAHINAR;1;2.02.1957;0;1
LINDAHAN;1;19.12.1987;0;1
BAYIRGULU;1;1.04.1973;0;1
TACINAZ;1;21.07.1947;0;1
SENCIL;1;5.02.1969;0;1
MEHBEKE;1;17.02.1948;0;1
HOZAT;1;30.11.1950;0;1
ESRAYIM;1;2.02.1945;0;1
HAYIFI;1;18.06.1967;0;1
NEHICAN;1;1.02.1934;0;1
ACARNAZ;1;10.05.1939;0;1
EMIRSEN;1;12.02.1965;0;1
E.CENNET;1;2.04.1933;0;1
CEMAZEN;1;26.02.1958;0;1
SUNAFEL;1;4.05.1953;0;1
HUSEYRE;1;10.02.1969;0;1
GECO;1;17.02.1978;0;1
MEKBARI;1;7.05.1952;0;1
TERCA;1;21.11.1963;0;1
SEBAVER;1;7.02.1952;0;1
SUBELGIN;1;24.05.1977;0;1
FILIZKAR;1;17.08.1930;0;1
MUBEC;1;7.02.1964;0;1
NIRREM;1;3.11.1984;0;1
CEYDABETUL;1;17.03.1983;0;1
SUBEYNE;1;16.03.1965;0;1
BAGNAZ;1;12.10.1978;0;1
AKLUME;1;6.08.1984;0;1
MUREYE;1;27.08.1926;0;1
HAMDIDE;1;24.05.1936;0;1
RUHSINE;1;2.03.1957;0;1
BEHRINUR;1;27.02.1980;0;1
LELLEMINE;1;27.03.1944;0;1
UTLIYE;1;10.04.1937;0;1
KADIMAN;1;27.08.1926;0;1
AYSINNE;1;28.03.1975;0;1
MEVKARE;1;17.02.1972;0;1
TASIDER;1;23.02.1965;0;1
ERGAHAN;1;2.02.1957;0;1
FIDENUR;1;18.03.1972;0;1
BELBINAZ;1;1.02.1958;0;1
MEHRALAY;1;8.06.1943;0;1
SERRAY;1;20.08.1977;0;1
DULEY;1;16.03.1961;0;1
SENGUNAL;1;16.06.1961;0;1
NURPETEK;1;27.12.1984;0;1
SEVEDE;1;1.05.1966;0;1
CEYRO;1;23.05.1977;0;1
RAMHIYE;1;16.03.1962;0;1
MERBUKE;1;28.02.1956;0;1
BAHTIYARGUL;1;30.05.1973;0;1
UMMUKELTUM;1;12.02.1953;0;1
REYHANCAN;1;23.09.1982;0;1
ACIYEP;1;2.08.1933;0;1
AYKENDAM;1;7.02.1964;0;1
TEFE;1;26.09.1936;0;1
CASIRE;1;21.05.1966;0;1
SANUMA;1;7.05.1945;0;1
ARSELEN;1;17.02.1978;0;1
GULYAGCA;1;12.02.1953;0;1
NEMRIN;1;5.04.1957;0;1
MUBURYA;1;6.02.1969;0;1
SELMAZ;1;6.12.1968;0;1
NEVAI;1;9.07.1991;0;1
ALIHEN;1;6.04.1974;0;1
TAFE;1;12.08.1935;0;1
GULFADIMA;1;2.02.1969;0;1
FATILA;1;17.02.1954;0;1
ADADET;1;27.05.1981;0;1
TESKINE;1;18.02.1965;0;1
BULENDEN;1;2.02.1969;0;1
SUHABE;1;30.09.1991;0;1
MIYIL;1;6.05.1968;0;1
CERRO;1;27.02.1986;0;1
EHIDE;1;9.03.1940;0;1
SUFEYRE;1;22.02.1961;0;1
NUKLUER;1;11.01.1961;0;1
GULBIYAS;1;19.03.1976;0;1
NASPIYE;1;11.05.1968;0;1
BALIDE;1;22.02.1973;0;1
SAVZAT;1;22.09.1973;0;1
MERHIBAT;1;12.08.1935;0;1
IREBIYA;1;12.03.1957;0;1
UMMUREYHANE;1;15.04.1989;0;1
ULSUM;1;27.02.1974;0;1
NURNEVIN;1;17.02.1966;0;1
ZIBIDIYE;1;22.02.1955;0;1
ADINBANU;1;19.07.1989;0;1
NUHRUHER;1;2.11.1969;0;1
PEMPERUS;1;16.02.1946;0;1
MENZILIYE;1;27.11.1974;0;1
GULSURUYE;1;17.02.1960;0;1
DOVLETEN;1;17.12.1960;0;1
ELIGSA;1;7.03.1988;0;1
MININE;1;10.05.1958;0;1
ZILFEN;1;27.12.1972;0;1
GULSADETTIN;1;29.07.1956;0;1
SEKIBAT;1;16.12.1974;0;1
SUVADI;1;5.05.1975;0;1
HASCEN;1;9.10.1982;0;1
TUHIDE;1;2.01.1969;0;1
FELEZ;1;27.05.1968;0;1
HUSEYINE;1;27.07.1973;0;1
ESERCE;1;28.04.1956;0;1
AYHILAL;1;13.04.1986;0;1
ZULEYNA;1;11.02.1980;0;1
SEHRANEGUL;1;5.06.1982;0;1
GULHAKAN;1;7.02.1964;0;1
SAYTI;1;2.02.1963;0;1
BELGINAZ;1;12.09.1989;0;1
SEVIYZA;1;17.02.1960;0;1
MUSTENIZE;1;27.05.1949;0;1
GUYFER;1;2.03.1957;0;1
MEHADAT;1;23.03.1959;0;1
ZUYNE;1;8.03.1966;0;1
NURDANU;1;15.03.1985;0;1
MAKBULEN;1;4.02.1963;0;1
MECBUNE;1;23.03.1967;0;1
MUNTAZEN;1;11.06.1961;0;1
UHIDE;1;17.09.1972;0;1
NURILBENET;1;2.08.1915;0;1
GATIRIYE;1;19.06.1958;0;1
GOLDENUR;1;28.11.1949;0;1
ZULAYI;1;4.05.1961;0;1
KIYSEL;1;12.02.1971;0;1
UYKIRAN;1;30.06.1950;0;1
TOYFIDE;1;8.09.1950;0;1
AYPUR;1;28.10.1974;0;1
EHTER;1;1.09.1978;0;1
ZEYNEPBUZ;1;24.10.1984;0;1
DEMSEGUL;1;4.03.1957;0;1
HASEBE;1;1.08.1977;0;1
SEDIRNAZ;1;5.07.1941;0;1
GULGAMET;1;11.04.1985;0;1
ICLIM;1;22.02.1973;0;1
SAVKILE;1;1.09.1964;0;1
RESIBIYE;1;6.02.1955;0;1
SEMRAAY;1;12.08.1976;0;1
ZENDUNE;1;22.04.1967;0;1
UNIESSE;1;28.11.1956;0;1
ZUMRUDUYE;1;4.05.1957;0;1
SEHILYA;1;9.04.1975;0;1
MERCANER;1;7.08.1934;0;1
AYLAHA;1;6.10.1986;0;1
IZALE;1;6.07.1973;0;1
SAFINIYE;1;11.07.1980;0;1
FEIDLATO;1;8.09.1973;0;1
TAMEM;1;27.06.1968;0;1
CIRPIN;1;26.01.1972;0;1
PAYUM;1;12.02.1971;0;1
SAVUDA;1;2.02.1975;0;1
MAHMIDE;1;26.06.1977;0;1
NESSIYE;1;7.02.1964;0;1
IKTIBAR;1;21.09.1983;0;1
MUYASA;1;29.07.1965;0;1
TEVRIN;1;30.01.1964;0;1
ALTUNYA;1;22.02.1961;0;1
NEHRUMAN;1;25.04.1967;0;1
HIFIZE;1;16.04.1982;0;1
GULENYA;1;22.03.1967;0;1
LALEH;1;22.04.1971;0;1
TOMUNA;1;26.05.1972;0;1
TERLIKAN;1;17.05.1978;0;1
GULDIDA;1;15.12.1961;0;1
IMTAN;1;22.02.1967;0;1
KIYME;1;21.02.1963;0;1
MUSEVVIME;1;11.09.1987;0;1
DIRHAM;1;22.08.1991;0;1
ZADICE;1;22.03.1955;0;1
NEFILAY;1;12.11.1969;0;1
CAHILIYE;1;1.09.1955;0;1
HAVELI;1;11.05.1945;0;1
MUMKIN;1;7.12.1970;0;1
DURSIDIYE;1;22.08.1961;0;1
RAYSUN;1;11.04.1976;0;1
SEVIEYE;1;7.08.1940;0;1
TEMEME;1;4.07.1950;0;1
BIHADAR;1;23.10.1979;0;1
ZAYIGUL;1;9.06.1958;0;1
MUZEZEZ;1;21.12.1958;0;1
KIYMATLI;1;22.06.1960;0;1
KULANAZ;1;17.02.1946;0;1
FADIMESIBEL;1;6.01.1992;0;1
SELIMEBIBI;1;22.08.1925;0;1
HAHI;1;24.05.1937;0;1
NESLIHAL;1;16.06.1973;0;1
HUYEM;1;11.02.1982;0;1
SULEF;1;5.12.1982;0;1
TATLIGUN;1;2.04.1981;0;1
OLCEZ;1;9.04.1951;0;1
PERVINPAR;1;16.10.1962;0;1
MILBAN;1;5.12.1968;0;1
NUMRE;1;24.01.1941;0;1
GIFRAN;1;12.08.1935;0;1
TEMESUM;1;9.01.1967;0;1
HEYSE;1;2.12.1963;0;1
GUNDEGOR;1;6.04.1939;0;1
UTKUGUN;1;28.05.1988;0;1
UMMUHUSUN;1;1.04.1973;0;1
GULFURZU;1;25.05.1961;0;1
ISNAHIYE;1;3.03.1951;0;1
EMINEEYISSI;1;22.03.1973;0;1
NUZULAY;1;16.07.1974;0;1
DELAILE;1;21.06.1965;0;1
SEKKIRI;1;2.09.1945;0;1
SARBAT;1;2.02.1951;0;1
NETIZAR;1;2.02.1957;0;1
ZUHREL;1;12.03.1953;0;1
SEKKERE;1;12.06.1977;0;1
SILTANE;1;2.10.1981;0;1
SIFIKA;1;2.05.1980;0;1
KITTAYUN;1;29.05.1963;0;1
AHNEZ;1;2.02.1963;0;1
SILOLA;1;17.02.1966;0;1
NEZYETE;1;26.09.1982;0;1
OZGELGUL;1;2.02.1981;0;1
GOZIY;1;19.04.1953;0;1
SUNHEYLA;1;29.06.1980;0;1
SIDERI;1;30.08.1982;0;1
ASEIYE;1;17.02.1951;0;1
HIMEY;1;16.06.1932;0;1
RAHUZER;1;7.03.1946;0;1
BEYTISER;1;13.10.1980;0;1
HUVEYYA;1;19.11.1969;0;1
DILIYAN;1;22.05.1961;0;1
HIYDI;1;29.2.1981;0;1
MUHYEDINE;1;12.02.1959;0;1
MARCIKIZ;1;25.04.1961;0;1
FOZ;1;9.03.1961;0;1
HEBIDAR;1;27.02.1992;0;1
TERFIYA;1;19.02.1971;0;1
AYDUVAR;1;27.02.1956;0;1
TERZIYEN;1;26.02.1979;0;1
SECELYA;1;26.04.1983;0;1
SUPANITA;1;5.08.1975;0;1
ILTENAY;1;5.05.1989;0;1
NEOLDUM;1;18.09.1957;0;1
MURSEREM;1;4.02.1936;0;1
ERVIM;1;25.03.1979;0;1
SEHVELET;1;18.02.1973;0;1
MUETTER;1;16.10.1930;0;1
DURALLE;1;9.09.1966;0;1
KEZBANNUR;1;16.06.1969;0;1
NILISAH;1;3.02.1990;0;1
SERCEHAN;1;2.06.1963;0;1
SULBILYE;1;28.10.1982;0;1
SEVGIDIL;1;2.03.1970;0;1
DEVRINUR;1;18.06.1961;0;1
SARAYNUR;1;2.02.1958;0;1
SERAYNUR;1;2.02.1958;0;1
UZRAN;1;22.08.1931;0;1
YOLBAHAR;1;4.03.1975;0;1
SERAYIYI;1;22.02.1943;0;1
SEVIUM;1;9.09.1981;0;1
NAFITE;1;11.03.1956;0;1
BEYANA;1;21.08.1974;0;1
FIGENAY;1;12.04.1977;0;1
YESLIBA;1;23.02.1972;0;1
MILIKA;1;6.03.1956;0;1
SENSEZER;1;13.09.1975;0;1
NUSRIHAN;1;2.02.1963;0;1
HAYLAMI;1;22.02.1943;0;1
LALU;1;12.08.1929;0;1
IFRICE;1;17.02.1948;0;1
MATHIYE;1;12.08.1965;0;1
JALILA;1;27.02.1968;0;1
GAYRI;1;23.06.1961;0;1
VERDISEN;1;27.02.1992;0;1
SUFRET;1;6.07.1963;0;1
GUNUSA;1;22.04.1979;0;1
HUSNIYECAN;1;15.07.1949;0;1
VANDERTOORNJEHONNA;1;14.01.1949;0;1
SERDALE;1;13.06.1964;0;1
SAMENTA;1;19.07.1976;0;1
SUNAFIYE;1;22.02.1961;0;1
ISLUM;1;27.04.1968;0;1
URCES;1;19.03.1954;0;1
ILLAH;1;2.02.1951;0;1
ZOBIME;1;2.08.1945;0;1
BALLIHAN;1;25.11.1978;0;1
GULGOKSEN;1;3.09.1950;0;1
FAVRUSAH;1;21.08.1985;0;1
ERUSEL;1;4.08.1966;0;1
HELKUYE;1;22.08.1949;0;1
HACISABIR;1;27.06.1980;0;1
MIRHEN;1;26.04.1948;0;1
DULKAR;1;17.08.1942;0;1
YUCESEVIM;1;16.05.1950;0;1
MEHIHAT;1;17.05.1972;0;1
BACIHAN;1;7.12.1964;0;1
RENNA;1;11.01.1971;0;1
SUBEYRE;1;26.01.1979;0;1
BIKECAN;1;20.04.1963;0;1
TUNULAY;1;17.03.1954;0;1
ILKEMAY;1;21.09.1977;0;1
SILVINAZ;1;28.03.1975;0;1
SENALSENER;1;2.01.1977;0;1
BERDIS;1;23.08.1955;0;1
MEHBIRAZ;1;14.02.1941;0;1
GULHATO;1;17.09.1942;0;1
RUBERSAH;1;17.02.1979;0;1
PERE;1;27.02.1962;0;1
TASUAM;1;15.04.1965;0;1
NENUFE;1;17.04.1948;0;1
EZIRET;1;27.06.1962;0;1
AVNEY;1;22.08.1919;0;1
GULELDEM;1;1.06.1973;0;1
NUFIYAL;1;13.05.1965;0;1
YILDENUR;1;17.02.1948;0;1
SALBIHA;1;17.08.1936;0;1
MAFRIZE;1;4.01.1947;0;1
DUNETHAN;1;27.08.1926;0;1
SAZGUL;1;12.04.1956;0;1
FONDA;1;4.03.1976;0;1
UNNE;1;22.02.1967;0;1
NESISE;1;26.09.1960;0;1
HADRU;1;3.11.1952;0;1
TARTEY;1;22.08.1925;0;1
BILHUDE;1;6.05.1978;0;1
TAKIYYA;1;17.03.1943;0;1
EVVATE;1;17.02.1966;0;1
NEFISAN;1;14.10.1951;0;1
FIHETE;1;11.11.1972;0;1
MEMDUZE;1;26.06.1963;0;1
NADIRIS;1;17.02.1954;0;1
NADIGEN;1;8.10.1985;0;1
GUZIYET;1;1.02.1954;0;1
HASBINAR;1;2.10.1979;0;1
ELEMSAL;1;6.05.1949;0;1
TABEREK;1;21.07.1975;0;1
REYGAN;1;19.06.1987;0;1
MEDINE''I;1;22.07.1967;0;1
MUBAKER;1;12.12.1971;0;1
SALUNA;1;29.10.1956;0;1
LUHUBE;1;2.06.1950;0;1
SELLUME;1;11.05.1973;0;1
RELIHA;1;16.06.1969;0;1
TUHUBA;1;14.07.1974;0;1
TEZCAL;1;11.04.1974;0;1
NILIFOR;1;21.05.1953;0;1
HAKBATIL;1;3.10.1972;0;1
GUZIYEN;1;27.02.1974;0;1
SENKAT;1;30.11.1951;0;1
SONILE;1;1.03.1976;0;1
SAFARI;1;4.09.1976;0;1
ASILNUR;1;21.01.1965;0;1
SUVAYILE;1;15.04.1961;0;1
PEMBERUS;1;6.10.1939;0;1
HIMKET;1;12.11.1977;0;1
HISTERE;1;17.02.1966;0;1
MUZEHET;1;28.10.1977;0;1
EVNIYA;1;12.09.1988;0;1
YAZYASAN;1;22.02.1979;0;1
ESREDE;1;27.08.1956;0;1
SEHRINE;1;11.09.1983;0;1
YUKZEL;1;2.06.1981;0;1
KATIIBE;1;21.03.1972;0;1
ROCI;1;2.02.1987;0;1
MEYYULE;1;23.03.1966;0;1
NETILA;1;16.04.1951;0;1
KESRIBANI;1;22.02.1949;0;1
CEYRETE;1;17.02.1972;0;1
MILYANET;1;9.10.1985;0;1
SEBRIL;1;11.04.1970;0;1
BERIFVAN;1;22.08.1991;0;1
KEMLETE;1;23.08.1977;0;1
CEMAILA;1;23.09.1973;0;1
OZNUGUL;1;2.08.1990;0;1
EVILHAN;1;16.11.1981;0;1
HURSIL;1;17.06.1980;0;1
YEZE;1;14.11.1981;0;1
DILBERUS;1;6.04.1961;0;1
FASIA;1;26.06.1991;0;1
VECAHE;1;22.02.1961;0;1
SEYFITA;1;11.07.1975;0;1
PERIVANE;1;26.08.1978;0;1
GULISTKAN;1;2.12.1991;0;1
HERIC;1;14.04.1971;0;1
ROHANI;1;6.08.1976;0;1
NESFIYA;1;7.02.1964;0;1
CEVHRE;1;7.12.1982;0;1
SURMAZ;1;2.05.1975;0;1
ERCVAN;1;7.03.1952;0;1
HALIMO;1;22.08.1955;0;1
GAYABI;1;2.02.1963;0;1
EDYA;1;30.04.1988;0;1
IMIHA;1;19.04.1936;0;1
MUAZZEMIYE;1;5.04.1927;0;1
HORUSIMAN;1;2.03.1963;0;1
IVENTIA;1;25.12.1977;0;1
BAHICA;1;16.06.1981;0;1
RAVZIYA;1;8.03.1941;0;1
GUNU;1;16.02.1976;0;1
GEVRIZE;1;17.01.1948;0;1
BEMIYE;1;11.07.1943;0;1
FIILIZ;1;12.06.1983;0;1
SEZAVERDI;1;1.03.1967;0;1
SERGVEBUN;1;27.02.1992;0;1
YASSAMIN;1;4.02.1975;0;1
BEHRUKE;1;21.02.1965;0;1
GIPRIYE;1;2.02.1957;0;1
MUHAT;1;17.07.1984;0;1
KOCERHAN;1;7.02.1946;0;1
GORBET;1;27.04.1968;0;1
TOHUDE;1;12.02.1971;0;1
VETHO;1;17.05.1958;0;1
NIGFER;1;15.04.1983;0;1
KASTAMA;1;22.04.1955;0;1
MUZZEYER;1;27.06.1974;0;1
ASUAY;1;12.07.1973;0;1
ZEHRUBAN;1;30.05.1974;0;1
CANSURIYE;1;12.03.1965;0;1
HICRANIYE;1;2.08.1921;0;1
LUKZAN;1;15.08.1951;0;1
SAHSUDE;1;26.04.1959;0;1
CEDIYE;1;28.01.1938;0;1
TOYDE;1;7.12.1974;0;1
SEYLDA;1;5.08.1974;0;1
VERDIGAN;1;29.07.1965;0;1
GUYSE;1;4.09.1978;0;1
ELBURE;1;11.02.1979;0;1
HULZEMIN;1;27.07.1972;0;1
THANAA;1;30.01.1986;0;1
BATISEL;1;17.09.1966;0;1
EZEBIL;1;21.07.1936;0;1
HINDIL;1;2.06.1951;0;1
HOCIRA;1;17.02.1966;0;1
ESRAM;1;9.05.1990;0;1
NEVAYETUR;1;6.05.1973;0;1
ZEHE;1;13.05.1964;0;1
TILBENAZ;1;20.09.1990;0;1
MINKESE;1;22.02.1967;0;1
GUVENAZ;1;28.02.1974;0;1
SAYICA;1;17.03.1972;0;1
DERVISPINAR;1;21.04.1975;0;1
SEGIHA;1;2.02.1969;0;1
SEHMIREN;1;28.04.1982;0;1
ZUNEYRA;1;1.02.1980;0;1
GULBESDI;1;24.10.1949;0;1
MUBAHAN;1;26.12.1962;0;1
PURIZHAN;1;22.04.1961;0;1
IMMICIHAN;1;8.05.1988;0;1
MEVTUDE;1;26.06.1983;0;1
SEMAHAL;1;1.11.1979;0;1
BAHALIGUL;1;7.02.1964;0;1
ASELHAN;1;25.05.1990;0;1
HUVIYYE;1;5.04.1932;0;1
HUSSUME;1;24.01.1967;0;1
AYSENAHAN;1;4.09.1984;0;1
SAATI;1;6.06.1981;0;1
ZULFUSAN;1;24.06.1955;0;1
MEHBIKAR;1;1.06.1967;0;1
NEFISECAN;1;11.06.1950;0;1
BUSEMIN;1;8.10.1987;0;1
CAGNAY;1;12.01.1985;0;1
MELVIL;1;7.11.1946;0;1
ISVERIZ;1;7.08.1928;0;1
ZERNICAN;1;6.09.1974;0;1
NECMINNISA;1;2.12.1929;0;1
ANELISE;1;27.05.1980;0;1
HINEMLA;1;21.03.1950;0;1
HIFANUR;1;9.01.1992;0;1
GUNESRANA;1;6.05.1954;0;1
DISER;1;28.06.1979;0;1
SISLI;1;21.06.1975;0;1
DUSEFER;1;8.03.1948;0;1
MISTEYDE;1;28.04.1956;0;1
SAKUFE;1;27.08.1926;0;1
ASIMESEZER;1;7.12.1944;0;1
BEDRINNISA;1;1.01.2001;0;1
UMMUGULFEM;1;7.03.1957;0;1
DINNAVAZ;1;30.12.1945;0;1
DILGON;1;27.04.1956;0;1
UGURLUAY;1;24.12.1970;0;1
RAZAR;1;6.08.1961;0;1
HAKEY;1;1.06.1951;0;1
MUNEVVEN;1;28.08.1979;0;1
ISLIN;1;18.02.1966;0;1
KITAYEN;1;21.05.1938;0;1
GULFARAH;1;17.01.1962;0;1
HAVVALLI;1;13.04.1956;0;1
PERISENEL;1;6.01.1943;0;1
ALYSE;1;18.07.1965;0;1
ASIFFER;1;28.10.1973;0;1
DANICA;1;29.07.1950;0;1
RUTHMAN;1;27.05.1980;0;1
CUCIYE;1;17.11.1954;0;1
IZNEVET;1;22.02.1961;0;1
NAMGUL;1;27.02.1974;0;1
NAKZIYA;1;7.08.1934;0;1
GORSELIN;1;22.02.1967;0;1
RINCIYE;1;11.12.1973;0;1
NEVEN;1;7.08.1960;0;1
NEDIVE;1;30.12.1940;0;1
GULHATIRA;1;2.03.1975;0;1
YARSEN;1;14.04.1991;0;1
NIYDEMGUL;1;16.07.1970;0;1
ATLICE;1;26.12.1976;0;1
SALIHEGUL;1;24.04.1966;0;1
OZAKSAM;1;18.02.1942;0;1
AGSEN;1;15.05.1944;0;1
SERIPIL;1;19.06.1978;0;1
NURIYESER;1;27.05.1950;0;1
NAZIDAR;1;12.10.1971;0;1
NASARA;1;12.02.1992;0;1
BIAMIYE;1;7.12.1964;0;1
MELIKSINA;1;16.10.1985;0;1
MIRYE;1;26.03.1977;0;1
SIRIYET;1;16.05.1983;0;1
MUCADEL;1;7.02.1952;0;1
DILENAY;1;7.09.1988;0;1
SURHAYAT;1;26.03.1964;0;1
SULANAY;1;12.02.1947;0;1
MASINA;1;2.08.1939;0;1
MILOS;1;7.08.1934;0;1
IKI;1;2.02.1981;0;1
SITTARE;1;19.12.1989;0;1
GULMUSER;1;12.05.1977;0;1
NURSUME;1;7.02.1976;0;1
DOHA;1;13.04.1989;0;1
AYCELENAYSE;1;17.11.1980;0;1
IHTADIYE;1;12.04.1965;0;1
HAMZURE;1;15.05.1957;0;1
AYTEKSIM;1;15.11.1974;0;1
GUZIDEN;1;8.02.1950;0;1
IBLIYA;1;8.06.1954;0;1
FERKE;1;29.05.1969;0;1
MISFIRE;1;22.02.1961;0;1
ZULUNCA;1;26.10.1934;0;1
HEVDA;1;26.06.1972;0;1
SUKADAK;1;27.08.1932;0;1
TUAT;1;21.08.1973;0;1
BERFIDE;1;7.07.1988;0;1
FETIMAN;1;22.02.1961;0;1
IKAIFI;1;1.06.1959;0;1
ELUSTUN;1;26.07.1959;0;1
ESRRA;1;23.02.1989;0;1
AYZIER;1;27.02.1991;0;1
NESRIYYE;1;17.02.1960;0;1
ZENVIYE;1;6.07.1957;0;1
MAZLIMA;1;7.02.1946;0;1
DUDAK;1;18.07.1982;0;1
NETAY;1;14.07.1986;0;1
KARAZ;1;19.02.1968;0;1
YASEYIN;1;1.10.1991;0;1
BELKIZET;1;2.03.1975;0;1
SUSENI;1;27.04.1974;0;1
HARUNNUSA;1;15.12.1985;0;1
DIVILYE;1;14.03.1947;0;1
NEDRAN;1;22.02.1978;0;1
GERIFE;1;15.07.1930;0;1
PEKIZAN;1;12.02.1959;0;1
CUDYA;1;30.06.1991;0;1
NAZIYAL;1;1.08.1959;0;1
FATUCA;1;21.03.1965;0;1
REHAVZE;1;12.11.1977;0;1
ALINUS;1;17.06.1965;0;1
NARGILI;1;21.02.1963;0;1
SELELA;1;18.11.1981;0;1
SAYIBET;1;22.05.1961;0;1
ANZILYA;1;24.12.1978;0;1
ROVUZE;1;23.06.1978;0;1
HIZRIFE;1;22.02.1961;0;1
PEYRIZE;1;16.05.1946;0;1
KAYSUN;1;27.04.1992;0;1
NARGIBE;1;28.11.1984;0;1
NURSELDA;1;12.02.1989;0;1
GUNMINNET;1;17.03.1960;0;1
FERDANEI;1;16.10.1987;0;1
FERISHAN;1;29.03.1962;0;1
DURRUNEV;1;3.09.1957;0;1
SUECE;1;28.06.1991;0;1
JANSER;1;11.02.1948;0;1
TEMMIME;1;13.05.1940;0;1
MILOVIDOVA;1;1.05.1966;0;1
ISMIRAZ;1;11.01.1932;0;1
AYSESIDDIKA;1;2.08.1921;0;1
DURISAN;1;22.12.1961;0;1
SIRINYA;1;21.09.1975;0;1
AYSEAYGUL;1;24.04.1970;0;1
INALIYET;1;18.01.1947;0;1
BENLICE;1;26.12.1958;0;1
ZIRAVINE;1;12.02.1947;0;1
HANIFESONGUL;1;24.03.1974;0;1
SERILEN;1;21.12.1970;0;1
MEVILE;1;10.08.1948;0;1
MUHIDA;1;24.05.1945;0;1
RUFZAN;1;25.02.1941;0;1
DIRARA;1;17.02.1966;0;1
NEZHERVER;1;2.06.1939;0;1
EZEYET;1;1.05.1972;0;1
MISHALE;1;11.01.1960;0;1
GULVERIYE;1;7.08.1956;0;1
ANILCICEK;1;9.02.1991;0;1
YISRIYE;1;29.05.1967;0;1
SEHIJA;1;9.09.1976;0;1
REYHAME;1;24.06.1960;0;1
SURAYHA;1;26.12.1965;0;1
ERSINUR;1;26.10.1991;0;1
TURUSEL;1;11.04.1974;0;1
NUGUHA;1;8.10.1964;0;1
SUERAN;1;8.10.1940;0;1
IPRIME;1;22.04.1966;0;1
EMELGULDAL;1;11.08.1963;0;1
NIMTAC;1;12.08.1935;0;1
TARAFET;1;12.08.1941;0;1
MURADIR;1;28.03.1968;0;1
MUTINA;1;4.07.1956;0;1
POLYANNA;1;2.04.1975;0;1
DONAYHAN;1;7.10.1961;0;1
OFUK;1;12.02.1971;0;1
SEVME;1;27.12.1956;0;1
PIZA;1;1.06.1944;0;1
HUCUBE;1;12.08.1941;0;1
SINEMGAN;1;12.09.1990;0;1
BARILISA;1;21.06.1928;0;1
MUMERRAH;1;2.03.1957;0;1
ERDAMIYE;1;12.11.1935;0;1
HADAC;1;2.08.1927;0;1
GUBANI;1;30.08.1933;0;1
YOKKI;1;9.07.1974;0;1
UZDU;1;18.02.1966;0;1
FATMAAYZIN;1;26.05.1946;0;1
AZMA;1;17.02.1948;0;1
ASLIHANKUBRA;1;6.07.1988;0;1
NUNUVER;1;1.02.1977;0;1
SABRIMELEK;1;11.08.1940;0;1
NESRISAN;1;9.09.1964;0;1
BATILE;1;13.02.1947;0;1
MELVADE;1;16.06.1955;0;1
HIDEYAT;1;17.05.1965;0;1
FARAL;1;19.10.1984;0;1
RODAN;1;28.08.1989;0;1
GILBER;1;1.07.1980;0;1
NAIGAN;1;17.09.1961;0;1
MERLA;1;22.06.1973;0;1
TEZMEN;1;6.05.1955;0;1
IRCIHAN;1;28.08.1967;0;1
TANLAY;1;11.04.1942;0;1
REMIYYE;1;27.09.1948;0;1
MAHDUHAN;1;18.10.1969;0;1
OBENGUL;1;9.08.1974;0;1
GUNFIZE;1;15.10.1942;0;1
ACARGUL;1;16.06.1964;0;1
MELGET;1;16.03.1941;0;1
GULPERRI;1;17.02.1978;0;1
GAMEZE;1;28.08.1956;0;1
SEHYE;1;12.08.1953;0;1
EPTIHAC;1;13.12.1984;0;1
KHALIA;1;17.02.1978;0;1
ZEYNEVE;1;22.02.1961;0;1
SERIYAL;1;1.10.1961;0;1
ONES;1;7.02.1982;0;1
GULBUR;1;2.10.1953;0;1
KOLKOLE;1;21.09.1936;0;1
HURUVEYDE;1;24.01.1990;0;1
ULGULEN;1;2.04.1969;0;1
GULFIDAY;1;9.08.1952;0;1
NADUVAN;1;7.05.1964;0;1
GULVEYDA;1;27.02.1974;0;1
NASFI;1;22.02.1961;0;1
GULESON;1;6.02.1957;0;1
PEKE;1;7.08.1922;0;1
GULPET;1;27.04.1956;0;1
MUSTAME;1;17.12.1966;0;1
AYNUNUR;1;16.08.1975;0;1
TESGUL;1;27.11.1968;0;1
NEZIKTER;1;16.06.1955;0;1
IMIDE;1;7.12.1950;0;1
MAKHABIYE;1;9.01.1964;0;1
GUDIM;1;22.06.1966;0;1
MUZAHIME;1;2.05.1987;0;1
GOKULLU;1;16.06.1963;0;1
SUSAME;1;28.04.1973;0;1
NADIDIYE;1;1.02.1967;0;1
MUNEVVE;1;2.02.1975;0;1
EIMNE;1;27.08.1944;0;1
LUBIYE;1;6.06.1951;0;1
MISHAN;1;17.09.1956;0;1
BEDIETUL;1;22.11.1961;0;1
HANSEGUL;1;23.04.1988;0;1
MERHANE;1;6.11.1978;0;1
KEZUBEN;1;2.04.1969;0;1
ALJEN;1;25.05.1991;0;1
REYHAVIYE;1;17.02.1966;0;1
FILIZGAR;1;16.10.1978;0;1
RIKAT;1;17.12.1978;0;1
UMUIDE;1;7.03.1956;0;1
VEGIYE;1;9.05.1963;0;1
AYNUZE;1;13.10.1961;0;1
ASLIHANNUR;1;24.02.1977;0;1
ZERRIYE;1;21.04.1974;0;1
MAFIRIZ;1;1.02.1954;0;1
ELENAZ;1;23.06.1988;0;1
HALEZAN;1;5.07.1984;0;1
DURUDU;1;27.02.1944;0;1
UMANA;1;1.03.1964;0;1
MEKSALINE;1;6.11.1980;0;1
GULNEVIL;1;25.08.1988;0;1
ISITE;1;16.06.1955;0;1
SABITIYYE;1;4.05.1951;0;1
KURBA;1;29.12.1990;0;1
FITRE;1;27.08.1932;0;1
SINAFIR;1;27.12.1956;0;1
MAHINURE;1;14.03.1973;0;1
SELBIYAR;1;27.07.1962;0;1
LEVEL;1;2.06.1963;0;1
KUNVA;1;20.10.1960;0;1
UFAY;1;22.04.1973;0;1
ILKFIDAN;1;20.05.1972;0;1
MILEHET;1;16.04.1975;0;1
ELVIZ;1;4.03.1979;0;1
EMIINE;1;20.08.1963;0;1
MUHEVVEC;1;7.09.1931;0;1
MAHACEN;1;6.03.1957;0;1
YUREM;1;2.08.1951;0;1
JULIDEGUL;1;27.05.1968;0;1
DURSEHVAR;1;13.09.1945;0;1
TESRINI;1;7.02.1952;0;1
FEYKUS;1;2.08.1933;0;1
AKJEMAL;1;22.07.1979;0;1
IPTIDA;1;9.05.1945;0;1
S.ARMAGAN;1;23.08.1980;0;1
MYAHRI;1;30.03.1979;0;1
NIGLAR;1;12.02.1971;0;1
URUKUYA;1;1.06.1965;0;1
KILAVETTIN;1;18.03.1933;0;1
ILIKNUR;1;21.11.1974;0;1
SEVKILET;1;22.04.1967;0;1
LIZIN;1;20.02.1974;0;1
TILIN;1;3.01.1974;0;1
TEDERGIN;1;21.10.1974;0;1
KISLA;1;21.09.1988;0;1
ESRUH;1;26.12.1983;0;1
GIMRIYE;1;10.05.1958;0;1
KILIS;1;1.06.1966;0;1
SEHTIYE;1;8.04.1939;0;1
DUNYEZEK;1;12.02.1960;0;1
VILDANUN;1;1.04.1984;0;1
MURIA;1;22.06.1937;0;1
MUNTEZER;1;2.12.1981;0;1
SEYRISTAN;1;22.03.1955;0;1
MUHTESNA;1;2.03.1969;0;1
YENEDAGLAR;1;22.02.1991;0;1
ZULKIDA;1;22.04.1971;0;1
RUZEL;1;18.07.1967;0;1
GORYEN;1;27.11.1990;0;1
RUNCAY;1;23.02.1970;0;1
GASRA;1;9.10.1976;0;1
MULHICAN;1;2.08.1950;0;1
VAICE;1;7.09.1964;0;1
HATICEN;1;26.12.1976;0;1
RUKZE;1;28.02.1956;0;1
LEVGUL;1;17.02.1984;0;1
RAYHANI;1;28.02.1954;0;1
DANER;1;7.02.1976;0;1
SABANAT;1;21.04.1975;0;1
NUSRUHAN;1;2.02.1963;0;1
HAMALIYE;1;16.03.1977;0;1
KALAMKAS;1;1.07.1969;0;1
MEHSILA;1;12.02.1941;0;1
HOMI;1;24.08.1977;0;1
NADILLE;1;22.02.1973;0;1
SUPHUYI;1;24.03.1988;0;1
TEHMIDE;1;7.03.1928;0;1
ILMIYYE;1;19.01.1968;0;1
HEVLIYA;1;24.10.1983;0;1
ISMEGAN;1;7.02.1958;0;1
MEVFUBE;1;7.06.1976;0;1
SELFRAZ;1;5.04.1963;0;1
HABBULU;1;27.02.1938;0;1
NIFERIYE;1;16.01.1937;0;1
ESDELYA;1;28.10.1976;0;1
SUBULET;1;2.02.1969;0;1
KOKEZ;1;16.12.1939;0;1
VERNIYE;1;27.08.1956;0;1
UTUBE;1;3.01.1971;0;1
FERATIBE;1;19.03.1970;0;1
SAIYIR;1;2.02.1975;0;1
MAZIL;1;27.02.1944;0;1
GULENDEYMEN;1;11.11.1970;0;1
HAMNET;1;15.03.1969;0;1
MEHLISER;1;1.05.1979;0;1
LUZENUR;1;6.02.1957;0;1
ERMEZET;1;16.09.1956;0;1
LINCAN;1;16.06.1982;0;1
FENSI;1;12.04.1941;0;1
PEYAMA;1;17.02.1972;0;1
IZAYE;1;11.03.1951;0;1
EBECE;1;12.08.1935;0;1
CENE;1;26.10.1929;0;1
NURCEYHAN;1;4.04.1963;0;1
NEGRE;1;1.08.1961;0;1
GEZIHE;1;1.02.1937;0;1
GEMIDONDU;1;17.07.1973;0;1
MEDAL;1;3.11.1971;0;1
ISARA;1;12.09.1966;0;1
KANASET;1;22.05.1983;0;1
ILILLAH;1;27.12.1968;0;1
HUDAV;1;7.02.1952;0;1
FELLUCE;1;7.06.1958;0;1
AYNULMARDIYE;1;3.04.1973;0;1
ZULHAMA;1;27.03.1969;0;1
AVNIZELIHA;1;8.06.1980;0;1
ITHAYE;1;7.02.1970;0;1
REMZIYLE;1;8.08.1958;0;1
SANSENGUL;1;26.12.1965;0;1
DICLAY;1;28.02.1975;0;1
NEVIF;1;1.07.1956;0;1
RUSAS;1;17.03.1966;0;1
TEMENTA;1;9.09.1977;0;1
MUHEBBE;1;7.02.1976;0;1
MAKSEL;1;8.04.1985;0;1
ANSALI;1;5.04.1964;0;1
SUGUP;1;12.08.1929;0;1
ZOFDIYE;1;23.03.1967;0;1
RUSVIYE;1;29.03.1967;0;1
DERNAZ;1;1.07.1984;0;1
DURASIN;1;22.04.1967;0;1
TULAVE;1;19.02.1971;0;1
MUKRUBEN;1;16.04.1982;0;1
ANZULLA;1;13.03.1945;0;1
URUCEY;1;6.11.1960;0;1
BILENDEN;1;4.02.1969;0;1
MENBAHAR;1;23.05.1961;0;1
HERMESI;1;24.03.1967;0;1
KUSMEZ;1;29.01.1959;0;1
BURYEDA;1;25.03.1957;0;1
REMLET;1;23.08.1972;0;1
MUCIBET;1;22.04.1982;0;1
KASVA;1;12.02.1941;0;1
HAMUIDE;1;7.02.1973;0;1
DILCEHAN;1;12.05.1971;0;1
BEYHUNE;1;14.08.1960;0;1
REDAH;1;24.04.1961;0;1
KEPSE;1;27.02.1950;0;1
ENBIRAN;1;25.04.1977;0;1
FEYZUYE;1;17.02.1972;0;1
MUSEVERAT;1;20.02.1964;0;1
KAYFA;1;13.02.1928;0;1
KORALIYA;1;12.11.1959;0;1
MINYASI;1;7.03.1964;0;1
TUBULAY;1;11.09.1976;0;1
PENER;1;1.11.1965;0;1
NEFFU;1;2.08.1933;0;1
DUNYAZER;1;29.09.1981;0;1
GULBESKER;1;6.01.1937;0;1
EFBER;1;27.12.1961;0;1
MUYASAR;1;21.01.1939;0;1
GULSAHANI;1;12.11.1972;0;1
HUZRIYA;1;2.03.1963;0;1
SUYBET;1;27.02.1986;0;1
HACADE;1;2.02.1951;0;1
ZONRUNAZ;1;27.12.1965;0;1
CIREK;1;23.12.1968;0;1
MUSAGAT;1;8.04.1980;0;1
MUSEREH;1;2.04.1975;0;1
ZAFDE;1;12.03.1965;0;1
GULNEMSI;1;25.02.1946;0;1
MUSAVAAT;1;27.02.1974;0;1
SAYSITE;1;3.05.1967;0;1
GULVESIM;1;11.06.1981;0;1
NACILCE;1;1.07.1937;0;1
AYSEKADRIYE;1;6.10.1976;0;1
ZEGINE;1;6.04.1973;0;1
BEDIRUL;1;23.04.1961;0;1
AYSINAY;1;13.01.1989;0;1
SULUNAZ;1;17.08.1966;0;1
MURISIN;1;17.04.1960;0;1
MITHIYE;1;27.02.1974;0;1
SAHIZEZAMAN;1;19.07.1952;0;1
REMZUYE;1;22.02.1967;0;1
LEVSER;1;6.09.1962;0;1
NIMSE;1;2.04.1959;0;1
SEVRINNAZ;1;12.09.1959;0;1
DURDULI;1;17.04.1966;0;1
MUNEVVERI;1;16.11.1968;0;1
AZGUN;1;12.10.1976;0;1
MAHTIGUL;1;22.02.1967;0;1
NECLAHE;1;28.03.1972;0;1
OBEYIS;1;20.06.1946;0;1
ZURHEYYA;1;28.03.1962;0;1
TUYANA;1;12.08.1984;0;1
KUSIDE;1;7.01.1952;0;1
SAYDANUR;1;29.05.1979;0;1
FIZYON;1;12.03.1985;0;1
ATIVET;1;22.03.1967;0;1
MEYYI;1;10.08.1948;0;1
GULFERAYI;1;6.09.1970;0;1
NEVINGAYE;1;23.08.1951;0;1
MEDIHHA;1;26.08.1956;0;1
ISLEM;1;19.02.1959;0;1
BAHSUDE;1;7.02.1987;0;1
NUSHE;1;11.07.1990;0;1
HUMARYA;1;10.12.1984;0;1
SIFEY;1;14.06.1966;0;1
LADINE;1;5.01.1972;0;1
NIMENUR;1;22.02.1987;0;1
ZIVEYRE;1;30.11.1972;0;1
SUZYE;1;21.02.1966;0;1
MOMYA;1;27.02.1962;0;1
FERZIHANE;1;16.12.1963;0;1
MEMIZAR;1;12.08.1935;0;1
IHTIBAL;1;12.02.1953;0;1
ZAYIDI;1;21.04.1951;0;1
SEVDATA;1;17.02.1942;0;1
IMREHANE;1;17.04.1966;0;1
PIPEI;1;4.02.1962;0;1
MUNEVVVER;1;6.02.1968;0;1
EYUBENUR;1;10.05.1975;0;1
GUDA;1;7.07.1958;0;1
GULUMDAL;1;27.03.1971;0;1
CENURE;1;17.08.1960;0;1
DILEKNESE;1;11.10.1985;0;1
YAGUBE;1;21.06.1966;0;1
GULBINER;1;26.09.1983;0;1
NEZMAYIN;1;8.05.1975;0;1
GULSAHADE;1;13.09.1968;0;1
SUNDISE;1;17.09.1962;0;1
ALSAR;1;3.01.1974;0;1
HASANYE;1;6.07.1960;0;1
OLESIA;1;19.06.1983;0;1
ORDUSAH;1;17.02.1960;0;1
NAFIJA;1;30.04.1948;0;1
SIZIDE;1;22.02.1955;0;1
SELMANIN;1;3.09.1969;0;1
MISDA;1;9.06.1985;0;1
HACARAY;1;2.05.1969;0;1
ZARUN;1;22.12.1985;0;1
DILFURAY;1;12.02.1965;0;1
GULFURUS;1;1.01.2001;0;1
CAREDE;1;10.09.1940;0;1
UNKE;1;21.04.1974;0;1
HEVIDAN;1;22.06.1991;0;1
CEMIDA;1;2.04.1975;0;1
BIRSIME;1;11.07.1973;0;1
CANDIK;1;27.02.1974;0;1
HEDIG;1;16.07.1953;0;1
HAZANE;1;24.10.1946;0;1
AHZEMIN;1;29.09.1962;0;1
BURYEDE;1;4.08.1953;0;1
ILKAL;1;26.06.1975;0;1
MENZUBE;1;13.02.1975;0;1
EBADIL;1;9.10.1946;0;1
SULIYBE;1;22.09.1957;0;1
BIBIZADE;1;25.08.1966;0;1
TIFA;1;21.06.1941;0;1
BAHTIZAN;1;15.02.1974;0;1
BEHRINISA;1;2.08.1945;0;1
SEHMUNAZ;1;22.06.1970;0;1
DURBAHAR;1;2.10.1961;0;1
SUNABER;1;11.01.1945;0;1
MESSIHA;1;7.05.1976;0;1
ONDA;1;27.05.1962;0;1
MAHBUPSAH;1;11.05.1975;0;1
RUTGUYE;1;1.02.1960;0;1
NUFSUCIHAN;1;11.06.1975;0;1
RETSI;1;17.02.1972;0;1
MENUSURE;1;22.02.1967;0;1
EMETULLLAH;1;7.09.1988;0;1
CURUYE;1;23.01.1973;0;1
KIZME;1;17.02.1954;0;1
PAMIRIYE;1;18.01.1977;0;1
FELLEN;1;28.04.1962;0;1
GINUS;1;7.02.1976;0;1
SOFULAY;1;13.03.1965;0;1
SEHEREZADE;1;21.09.1964;0;1
SEZEYEN;1;21.02.1966;0;1
KIRILHAN;1;27.02.1971;0;1
FEYYALE;1;12.02.1971;0;1
KOZUDE;1;21.10.1941;0;1
AIDYN;1;18.01.1974;0;1
REVATIYE;1;25.05.1973;0;1
FAYNE;1;2.05.1982;0;1
GULSAVER;1;2.12.1939;0;1
NAHAYDA;1;27.04.1968;0;1
TEVCID;1;17.03.1978;0;1
SUUHAN;1;11.09.1980;0;1
GULBITAN;1;12.02.1965;0;1
IRAHIR;1;28.04.1977;0;1
NENBER;1;29.2.1950;0;1
MIHSIME;1;7.02.1958;0;1
SEFHURE;1;23.06.1951;0;1
AMIDA;1;1.10.1984;0;1
DUNUF;1;7.02.1952;0;1
BICIHA;1;8.12.1966;0;1
BAGZI;1;27.08.1932;0;1
HALENE;1;17.02.1972;0;1
HALUMA;1;21.03.1935;0;1
HUCRAM;1;17.02.1966;0;1
BEZIRE;1;19.03.1948;0;1
FENIME;1;9.01.1982;0;1
ANJILHA;1;17.12.1978;0;1
EZRAN;1;14.10.1968;0;1
SIRINAR;1;2.02.1969;0;1
AYDELI;1;11.05.1957;0;1
SAZELYE;1;29.04.1939;0;1
BAYRIFE;1;27.08.1938;0;1
SERIZET;1;27.05.1961;0;1
OMMULSUM;1;17.02.1978;0;1
HICICA;1;12.02.1965;0;1
MEZKIYE;1;22.04.1985;0;1
TEYYAREY;1;22.02.1973;0;1
IGANE;1;17.02.1960;0;1
ZINVET;1;7.03.1964;0;1
HATUNAY;1;22.11.1991;0;1
VELPARE;1;1.02.1964;0;1
KIYAYET;1;22.08.1937;0;1
PEYAME;1;7.05.1958;0;1
MUSTINAS;1;17.10.1948;0;1
GUNERCE;1;2.02.1939;0;1
MIKERREM;1;22.08.1971;0;1
NIMAL;1;21.04.1977;0;1
HEBRA;1;2.08.1975;0;1
FAILIGA;1;22.03.1973;0;1
COKSUKUR;1;30.04.1956;0;1
GULSERDAR;1;18.04.1966;0;1
NURCADE;1;10.10.1955;0;1
IPRISIM;1;7.07.1968;0;1
MEHFANE;1;17.08.1942;0;1
ORGER;1;7.11.1946;0;1
IRHAYLA;1;23.04.1967;0;1
NELVA;1;26.05.1974;0;1
NIHVEN;1;26.02.1976;0;1
MILET;1;21.03.1970;0;1
TECISER;1;13.02.1965;0;1
SEKIRZAN;1;28.12.1957;0;1
ESIYEM;1;21.09.1980;0;1
ISMINEZ;1;1.05.1944;0;1
FATMAA;1;7.12.1983;0;1
NEBREZ;1;26.10.1978;0;1
SAYIZA;1;7.02.1970;0;1
AYCELIN;1;27.02.1991;0;1
AYSINEM;1;7.04.1988;0;1
TEMUNE;1;7.11.1988;0;1
SADIFA;1;12.08.1929;0;1
SECGIM;1;10.10.1978;0;1
SENEMSA;1;17.04.1966;0;1
HARIPSA;1;12.05.1983;0;1
GULHANPERI;1;27.10.1968;0;1
NEZAVAT;1;22.02.1967;0;1
NUSIMAN;1;22.09.1973;0;1
BERATKAN;1;13.06.1984;0;1
RAYINAZ;1;7.02.1956;0;1
AYNIZEYIHA;1;12.02.1965;0;1
YIBAT;1;5.09.1976;0;1
COVERA;1;15.08.1965;0;1
GIROS;1;22.02.1967;0;1
HAZIANE;1;3.03.1975;0;1
MABIZE;1;19.07.1968;0;1
RUVIDA;1;10.10.1991;0;1
SUCADE;1;13.02.1982;0;1
DENIZHANIM;1;2.05.1963;0;1
SELV;1;2.06.1987;0;1
PERZEY;1;13.02.1971;0;1
YILGEN;1;25.07.1977;0;1
VASVE;1;17.05.1984;0;1
ENSEGUL;1;1.06.1990;0;1
NIYASSE;1;16.06.1975;0;1
AYSEGULISTAN;1;28.03.1981;0;1
SAHFEREH;1;8.03.1975;0;1
TIMIY;1;21.05.1966;0;1
MAK.ULE;1;6.06.1985;0;1
GOZAN;1;16.04.1965;0;1
ZIMIYE;1;22.02.1967;0;1
HINAM;1;2.10.1954;0;1
ZERILHAN;1;22.12.1979;0;1
GULMUZLUBE;1;12.06.1976;0;1
VESTAH;1;1.11.1979;0;1
MEHRINAS;1;6.01.1967;0;1
VESFAH;1;1.11.1979;0;1
SUREYAN;1;16.11.1980;0;1
AVISI;1;29.04.1925;0;1
SOKEREN;1;3.05.1977;0;1
GAFARIYE;1;7.04.1958;0;1
HILDAHAN;1;29.04.1984;0;1
GULBERAZ;1;22.03.1988;0;1
GEZINE;1;21.05.1961;0;1
ZULHAYAL;1;3.12.1964;0;1
GIRYE;1;8.05.1973;0;1
AYYISEHAN;1;16.03.1964;0;1
INCAP;1;7.05.1958;0;1
ZAZIME;1;21.11.1963;0;1
CUNU;1;22.02.1949;0;1
MESATA;1;25.06.1955;0;1
SONOGUR;1;9.05.1955;0;1
FATIMETOZEHRA;1;4.08.1963;0;1
SEVPIL;1;17.12.1968;0;1
OTYAN;1;19.02.1972;0;1
SAFRAZ;1;11.03.1981;0;1
SULGEN;1;17.02.1966;0;1
ZETUNET;1;17.02.1960;0;1
REMZILE;1;26.06.1967;0;1
SERDETE;1;13.03.1953;0;1
GULOSTAN;1;12.05.1966;0;1
SETHIYE;1;6.10.1927;0;1
SUYELA;1;17.10.1972;0;1
GELIBAR;1;22.02.1961;0;1
MURDAHA;1;27.01.1980;0;1
ARIZIYE;1;12.05.1965;0;1
HACEREY;1;9.03.1958;0;1
RAHAL;1;19.05.1960;0;1
CEMINEL;1;16.02.1964;0;1
EBRUHANIM;1;5.09.1976;0;1
BALAN;1;11.11.1986;0;1
SADUMAM;1;13.08.1971;0;1
LUTUFA;1;24.04.1973;0;1
NERUDE;1;11.06.1961;0;1
KIBAY;1;12.11.1989;0;1
DILFROS;1;23.05.1974;0;1
SARUNCA;1;17.02.1972;0;1
MEKULE;1;5.12.1959;0;1
HULYAR;1;4.04.1951;0;1
DILFORIZ;1;13.04.1950;0;1
EKREMI;1;22.06.1978;0;1
HAFFEY;1;17.05.1936;0;1
MURDIA;1;23.11.1978;0;1
LEZVIYE;1;19.12.1986;0;1
MUHKADES;1;16.03.1970;0;1
ZUHRUHAN;1;11.04.1966;0;1
YONGUL;1;17.07.1978;0;1
GULMIZGIN;1;21.02.1984;0;1
RUZGIYE;1;7.09.1978;0;1
ZEYIRCAN;1;5.05.1957;0;1
TAHIRDE;1;17.02.1972;0;1
ZARIMCE;1;7.03.1964;0;1
RAMIY;1;12.01.1959;0;1
HATAVI;1;26.01.1953;0;1
SHILAN;1;9.02.1977;0;1
RABIAHAN;1;3.08.1943;0;1
PEVRIME;1;12.02.1965;0;1
MUVETIR;1;7.08.1958;0;1
GOHRA;1;27.04.1940;0;1
EBAYMUSLUM;1;23.02.1967;0;1
FEGIRE;1;15.03.1974;0;1
HEDIRE;1;6.03.1940;0;1
ZEYIRIBAN;1;7.10.1973;0;1
DULFIRUZ;1;22.07.1989;0;1
HAMSEG;1;2.02.1957;0;1
TERZIRE;1;2.10.1977;0;1
HIKMAN;1;12.02.1965;0;1
BACIME;1;26.03.1952;0;1
HARIFET;1;8.11.1974;0;1
HORIDE;1;5.02.1959;0;1
SEHHRIBAN;1;13.11.1991;0;1
BERKISE;1;12.03.1953;0;1
SEBINEBAT;1;12.02.1965;0;1
ADIRHAN;1;1.09.1968;0;1
DIFROZ;1;22.02.1968;0;1
TARAT;1;22.06.1968;0;1
RABO;1;22.08.1943;0;1
SAADEK;1;27.06.1974;0;1
MIDIYAN;1;11.06.1974;0;1
ELMASGUL;1;15.10.1981;0;1
BEYAZAY;1;6.07.1955;0;1
HAYCIMEN;1;19.02.1966;0;1
HADIHA;1;22.07.1971;0;1
NURSEMEN;1;7.06.1987;0;1
FERYIT;1;3.04.1969;0;1
IRAZIYA;1;10.01.1975;0;1
SAHIDEK;1;23.03.1973;0;1
GAMEY;1;17.02.1954;0;1
GULSERPEN;1;11.11.1950;0;1
NUREYI;1;20.06.1990;0;1
TANZIRIYE;1;11.05.1955;0;1
FEYRO;1;16.07.1945;0;1
ESUFE;1;14.10.1952;0;1
GAZIBAN;1;11.06.1939;0;1
NIYYAT;1;22.05.1955;0;1
VAKIFE;1;18.11.1953;0;1
EMINEY;1;22.08.1931;0;1
DONDO;1;21.10.1982;0;1
SEFIATI;1;4.03.1963;0;1
ESEV;1;1.02.1949;0;1
RAMEY;1;21.07.1948;0;1
SEKMIYE;1;22.02.1967;0;1
MENKSE;1;22.10.1991;0;1
UVAYS;1;18.05.1947;0;1
GULDIRAN;1;22.02.1967;0;1
HETAIN;1;14.06.1947;0;1
FILLAY;1;3.09.1920;0;1
BESEYE;1;18.03.1956;0;1
MEDEY;1;12.08.1929;0;1
OCIYE;1;22.03.1961;0;1
AYILENUR;1;2.01.1969;0;1
FIDALYA;1;6.07.1978;0;1
LEVZIN;1;7.02.1958;0;1
MENTISE;1;20.09.1948;0;1
YUREBE;1;22.02.1967;0;1
MEKEY;1;1.01.1927;0;1
AYNIZELIHAN;1;27.02.1950;0;1
TUKMEN;1;27.06.1980;0;1
PARIZADE;1;8.05.1982;0;1
AYISEHANIM;1;24.05.1961;0;1
OZHIYE;1;20.06.1968;0;1
MUCEZZET;1;3.06.1978;0;1
KAHARI;1;22.04.1931;0;1
SUVETHAN;1;3.06.1975;0;1
YETKOL;1;11.11.1987;0;1
IFAKKAT;1;7.01.1964;0;1
KEJJEY;1;15.02.1938;0;1
UBEYSI;1;18.09.1963;0;1
TITTI;1;6.01.1940;0;1
FETHIZE;1;13.12.1949;0;1
FAYISA;1;17.02.1960;0;1
ORKUYE;1;17.10.1954;0;1
GULMATI;1;3.11.1965;0;1
KAMRIYE;1;8.02.1958;0;1
DUYUS;1;7.10.1984;0;1
ISNAHAN;1;3.01.1969;0;1
FETMI;1;7.08.1964;0;1
FATISA;1;9.09.1979;0;1
NUNEY;1;17.07.1936;0;1
NAZFE;1;24.03.1981;0;1
NEDANI;1;5.11.1982;0;1
SIRNA;1;12.11.1959;0;1
MEGRIBIYE;1;17.08.1936;0;1
HEDIZ;1;2.03.1973;0;1
MOELLE;1;4.01.1948;0;1
TENRA;1;3.02.1989;0;1
FELICITE;1;18.05.1987;0;1
FERZANUR;1;17.04.1984;0;1
MENTIS;1;2.08.1939;0;1
ESETMA;1;27.02.1962;0;1
SEFAKA;1;28.07.1961;0;1
GULTU;1;27.02.1968;0;1
MAZENGUL;1;21.06.1982;0;1
BETRU;1;21.03.1977;0;1
ELIFEY;1;27.02.1950;0;1
GULFEDAU;1;7.12.1956;0;1
SADIBEN;1;27.02.1974;0;1
YLVA;1;15.06.1973;0;1
NURSANEL;1;11.01.1982;0;1
SERHRIBAN;1;1.03.1954;0;1
GELECEK;1;18.05.1975;0;1
EMRHAN;1;12.03.1983;0;1
ZUHAYAT;1;27.03.1962;0;1
MUZZERIFE;1;7.03.1971;0;1
EZZEL;1;29.11.1982;0;1
OBUS;1;30.05.1931;0;1
HABIHAN;1;1.01.2001;0;1
ZEBINET;1;26.02.1972;0;1
MIYAASE;1;27.03.1989;0;1
KUMIYE;1;7.09.1964;0;1
MUHACIN;1;27.08.1953;0;1
MASURA;1;21.03.1948;0;1
UZUMA;1;2.08.1951;0;1
SELIVER;1;19.10.1989;0;1
HATICIE;1;28.05.1991;0;1
MUDIHAN;1;18.06.1975;0;1
MEKUDE;1;26.05.1974;0;1
VASIRE;1;17.11.1966;0;1
YETET;1;13.03.1981;0;1
SEHNNAZ;1;16.02.1979;0;1
PERZIMELEK;1;27.02.1956;0;1
DUNZA;1;6.02.1972;0;1
OLUYIS;1;17.02.1954;0;1
OMIYE;1;22.02.1967;0;1
HOREHAN;1;16.09.1985;0;1
AREYS;1;26.09.1955;0;1
MEGSUDE;1;27.01.1975;0;1
OZNIR;1;28.06.1956;0;1
DUDGAN;1;17.02.1960;0;1
HEZAZAL;1;26.03.1966;0;1
SICADE;1;22.02.1967;0;1
ZAHIRDE;1;22.06.1985;0;1
MEZIZE;1;7.06.1964;0;1
ONIR;1;13.05.1965;0;1
FERAHEDIMA;1;22.02.1992;0;1
HAFINE;1;2.05.1944;0;1
TAVUDE;1;1.07.1950;0;1
SAGULUYE;1;2.02.1951;0;1
TEHI;1;14.06.1953;0;1
YANIYE;1;21.07.1975;0;1
TISMER;1;27.04.1971;0;1
AIYA;1;29.04.1955;0;1
BEGOL;1;17.08.1948;0;1
ZILHAYA;1;12.02.1971;0;1
MEHSIDE;1;12.04.1959;0;1
NASIRAN;1;21.06.1975;0;1
SABZE;1;20.07.1974;0;1
MUNEVIS;1;5.03.1963;0;1
SAHGULYA;1;16.06.1971;0;1
OLEM;1;5.07.1984;0;1
ZILHAYE;1;17.02.1966;0;1
ASERHAN;1;2.02.1975;0;1
FERZIY;1;17.08.1942;0;1
RAZIYEHAN;1;5.05.1975;0;1
PEZIHAN;1;26.05.1948;0;1
MUHCIZAT;1;7.02.1976;0;1
MGULSUM;1;2.02.1981;0;1
GAMSI;1;7.02.1970;0;1
DIFIRUZ;1;4.03.1987;0;1
ZUMURET;1;15.05.1941;0;1
DILFROZ;1;6.01.1989;0;1
GUVENDEM;1;17.02.1972;0;1
IHNAS;1;12.05.1971;0;1
ZEBRIHAN;1;7.10.1928;0;1
SARCIYE;1;2.05.1975;0;1
MUHTUBER;1;8.03.1980;0;1
UREKET;1;11.05.1964;0;1
MUVAHIP;1;14.02.1941;0;1
MEHLIBER;1;21.07.1953;0;1
MELHUBA;1;27.04.1980;0;1
NURGADEM;1;27.02.1971;0;1
GULSAFAYI;1;21.10.1942;0;1
SEYLIFER;1;4.03.1938;0;1
MAYAC;1;20.02.1942;0;1
Y1LDIZ;1;17.02.1960;0;1
AZZIYE;1;26.07.1941;0;1
HIBSE;1;7.02.1952;0;1
MARSIME;1;8.02.1961;0;1
VAHIFE;1;25.05.1961;0;1
MESSULE;1;3.02.1975;0;1
UMRAKI;1;22.12.1986;0;1
HIHIN;1;27.04.1962;0;1
ZELICI;1;5.07.1963;0;1
GULSAYRA;1;17.10.1972;0;1
IRICA;1;24.02.1970;0;1
MESEDO;1;7.12.1934;0;1
SEYKINE;1;16.05.1980;0;1
SUBIYET;1;27.02.1962;0;1
TERSIYE;1;16.02.1957;0;1
LUVSER;1;1.08.1978;0;1
PALAZIYE;1;2.08.1960;0;1
MINASA;1;1.12.1953;0;1
NECALE;1;8.12.1946;0;1
AYSEMIH;1;15.02.1959;0;1
MIHEYE;1;12.02.1965;0;1
MINBER;1;12.11.1935;0;1
ULDUS;1;2.02.1957;0;1
FENHAR;1;21.12.1971;0;1
VIOLLCE;1;11.09.1969;0;1
NEVZIRE;1;30.04.1963;0;1
URABIYE;1;27.02.1956;0;1
NIRBILGI;1;17.03.1942;0;1
BAKTYGUL;1;4.08.1977;0;1
NEVAZIS;1;19.07.1980;0;1
PEREK;1;2.08.1933;0;1
RITVA;1;2.05.1940;0;1
ALIMEHATUN;1;5.12.1920;0;1
DIRIYE;1;23.08.1973;0;1
TILAVIZ;1;12.10.1941;0;1
RUHSAHI;1;19.07.1942;0;1
NILFIGAN;1;29.06.1982;0;1
SULHANA;1;29.04.1970;0;1
DJAMIAT;1;21.04.1954;0;1
GENIRE;1;11.03.1975;0;1
EFLAKE;1;9.11.1956;0;1
RAYNE;1;23.01.1960;0;1
KYZJIBEK;1;3.06.1976;0;1
MUSPIRIYE;1;26.05.1926;0;1
MIRFIDE;1;1.06.1971;0;1
AYMINE;1;5.02.1946;0;1
INGRIDBAERBEL;1;19.04.1956;0;1
FERDINDE;1;11.06.1964;0;1
GUKUS;1;27.05.1956;0;1
SAFILA;1;7.02.1950;0;1
RUSHARA;1;13.08.1972;0;1
MENTUA;1;3.04.1942;0;1
ZABILI;1;20.07.1976;0;1
SEBBINAZ;1;6.03.1975;0;1
MUNUHA;1;5.06.1963;0;1
YURDAYNUR;1;17.05.1960;0;1
GYONGYVER;1;10.02.1973;0;1
DURDUHANI;1;28.06.1965;0;1
HUP;1;1.12.1967;0;1
ALTINTARIM;1;26.08.1977;0;1
NUNUFA;1;8.10.1965;0;1
REZEDA;1;1.01.1965;0;1
ESIAY;1;29.04.1966;0;1
EVELINE;1;20.02.1953;0;1
NASADET;1;21.03.1966;0;1
TATILYA;1;22.10.1991;0;1
SOGUK;1;23.03.1967;0;1
BOGUSLAWA;1;29.08.1978;0;1
LINN;1;30.06.1965;0;1
DOGUGUL;1;28.02.1957;0;1
GULUCIN;1;7.03.1942;0;1
FIZIAL;1;18.07.1978;0;1
REYZEN;1;2.08.1954;0;1
GAIANA;1;6.03.1960;0;1
PARDA;1;16.10.1969;0;1
DASURE;1;17.10.1963;0;1
ZUPEYDE;1;24.10.1961;0;1
RAKIYET;1;27.07.1962;0;1
BENSUH;1;17.05.1954;0;1
ZEHREN;1;21.07.1955;0;1
SENGUNAZ;1;12.09.1958;0;1
DARSUN;1;6.07.1972;0;1
JASMIH;1;10.11.1970;0;1
FILYALI;1;7.02.1982;0;1
GULALKAN;1;17.02.1990;0;1
DUHTARI;1;2.04.1969;0;1
MUBIYYIN;1;12.03.1971;0;1
ESEKADIN;1;17.08.1942;0;1
NURBEHAN;1;18.06.1963;0;1
GUMMUHANI;1;1.06.1973;0;1
AMKE;1;3.03.1946;0;1
DURAKSEN;1;22.08.1943;0;1
FATMAGADIN;1;24.10.1973;0;1
KADINSI;1;2.02.1957;0;1
NUENNES;1;11.06.1960;0;1
LERGUN;1;21.07.1981;0;1
ILKNER;1;28.06.1987;0;1
HICREM;1;12.09.1977;0;1
DEGAY;1;22.11.1978;0;1
DILCHAH;1;10.12.1950;0;1
EPTESEM;1;2.08.1963;0;1
KUZIYDE;1;30.2.1980;0;1
ELIPIDA;1;25.07.1947;0;1
ZUZANE;1;1.03.1973;0;1
MERDDIYE;1;14.08.1968;0;1
TURKGOZ;1;15.08.1940;0;1
FILZAN;1;12.03.1971;0;1
ELISABED;1;26.08.1956;0;1
HIMALYE;1;26.08.1960;0;1
ANNELISA;1;13.05.1952;0;1
GURFUNAZAR;1;7.03.1952;0;1
GULSHAIYR;1;14.01.1967;0;1
URENDE;1;30.04.1956;0;1
UMMUHUNI;1;22.01.1961;0;1
SARISUZAN;1;14.05.1954;0;1
TANGULU;1;19.01.1966;0;1
DUYDU;1;14.04.1963;0;1
MUHUTTET;1;16.03.1946;0;1
NEMRUN;1;17.04.1960;0;1
TURKANKADIN;1;27.08.1944;0;1
SEHNIZE;1;16.10.1952;0;1
UMMUNAHI;1;12.01.1971;0;1
VELULLAH;1;7.02.1964;0;1
ASTIRIT;1;24.02.1938;0;1
HATMIGUL;1;22.08.1937;0;1
SELIMADIN;1;19.10.1968;0;1
KOZMAN;1;8.05.1966;0;1
MAHZANA;1;9.04.1952;0;1
LATFE;1;12.06.1983;0;1
GAJANE;1;22.10.1972;0;1
ANAFADIME;1;22.08.1973;0;1
PERYIL;1;13.04.1990;0;1
TEYLE;1;22.03.1967;0;1
SUZUNAY;1;15.01.1981;0;1
HAYINE;1;1.04.1966;0;1
VIKAN;1;18.03.1974;0;1
ZAGIDAT;1;5.04.1967;0;1
SIVIYA;1;21.11.1975;0;1
HAVCILE;1;12.02.1959;0;1
TEVRIZA;1;6.01.1976;0;1
DESEGUL;1;14.05.1956;0;1
FANTUZE;1;28.11.1974;0;1
IKLEME;1;1.03.1961;0;1
ERGUNA;1;21.10.1991;0;1
ABUHANIFE;1;16.05.1970;0;1
RUTUYE;1;26.04.1966;0;1
HAMIHDE;1;23.10.1963;0;1
SAFINOZ;1;1.03.1966;0;1
SERVENAZ;1;9.10.1962;0;1
HUMUSA;1;16.02.1992;0;1
SETSADE;1;14.03.1959;0;1
KERSIBAN;1;11.10.1966;0;1
DURUSADE;1;30.2.1937;0;1
LUTIFER;1;6.10.1963;0;1
SEMSUMEL;1;3.05.1963;0;1
GULEZGI;1;4.03.1989;0;1
AFIFER;1;12.07.1971;0;1
KAFIDAR;1;11.07.1961;0;1
SEFTEP;1;7.06.1946;0;1
FEYBE;1;21.04.1976;0;1
EMNUL;1;7.04.1982;0;1
ZUMIYE;1;19.09.1971;0;1
ZENEGUL;1;23.05.1979;0;1
ASLIHANGOZDE;1;21.10.1974;0;1
DURUNA;1;25.12.1955;0;1
MAHLE;1;6.08.1969;0;1
LEYLAHANIM;1;16.04.1963;0;1
HASIBIN;1;16.06.1981;0;1
AISEANA;1;8.02.1938;0;1
YURDGUL;1;8.06.1958;0;1
AISELI;1;2.02.1933;0;1
VESVANE;1;11.11.1945;0;1
HAPPUS;1;7.05.1952;0;1
NAFIKTER;1;26.03.1953;0;1
JUNEY;1;1.01.1956;0;1
UMMUALA;1;14.12.1966;0;1
ZEMNUR;1;19.04.1966;0;1
LIKEYLA;1;22.01.1973;0;1
ESENS;1;22.02.1979;0;1
MERNAY;1;1.08.1971;0;1
LIRIFER;1;11.07.1944;0;1
MUHASENE;1;17.07.1972;0;1
URUYDE;1;6.08.1945;0;1
RUSUME;1;10.06.1939;0;1
ELYASIYE;1;6.04.1966;0;1
DURSAIDE;1;3.03.1951;0;1
TAHKIBE;1;22.09.1961;0;1
UZEYHA;1;3.04.1933;0;1
MUSTAHKEM;1;2.12.1954;0;1
HUSTEN;1;7.04.1954;0;1
NAVIKDER;1;28.11.1931;0;1
BEYDANAM;1;2.03.1963;0;1
NILIPAR;1;15.10.1979;0;1
SIHRISTAN;1;7.02.1964;0;1
MEVFIS;1;26.06.1953;0;1
SEREFEYI;1;7.08.1958;0;1
NAHIKE;1;21.08.1967;0;1
MIYESSERE;1;2.07.1974;0;1
SHERVIN;1;5.07.1972;0;1
MAKZUDE;1;29.04.1944;0;1
SIDIKKE;1;8.08.1988;0;1
FASIDE;1;11.10.1967;0;1
ADILETTIN;1;21.06.1969;0;1
EZILCAN;1;15.03.1958;0;1
AYINNUR;1;26.04.1951;0;1
ELSEVER;1;9.06.1983;0;1
TUNAYCAN;1;19.07.1979;0;1
HORUSTEN;1;7.05.1940;0;1
MUSEYYAR;1;16.04.1974;0;1
MERICSEL;1;29.06.1956;0;1
ZULEYYEN;1;25.04.1957;0;1
OYASIN;1;17.08.1968;0;1
MALIFA;1;1.06.1967;0;1
NESIVA;1;12.02.1989;0;1
TAHKIBAT;1;12.12.1965;0;1
NESRO;1;27.03.1972;0;1
DONDUSEN;1;14.05.1968;0;1
SAHICER;1;3.05.1961;0;1
ZAMIHE;1;16.07.1958;0;1
ECZANE;1;14.05.1950;0;1
DONUSEN;1;17.12.1978;0;1
INCIKE;1;4.06.1952;0;1
FITEN;1;26.05.1973;0;1
KENIN;1;3.02.1973;0;1
SUMERYAH;1;13.04.1984;0;1
ANDEN;1;2.03.1975;0;1
MUYSER;1;20.09.1970;0;1
MUREYFE;1;25.04.1943;0;1
HAPILE;1;22.08.1943;0;1
ZULKUYE;1;27.04.1974;0;1
SEVRILAY;1;27.08.1962;0;1
ELBISEN;1;23.06.1949;0;1
MAKURE;1;11.05.1946;0;1
NASTURE;1;13.05.1955;0;1
GULMAFI;1;24.10.1952;0;1
SEHNEZE;1;4.04.1959;0;1
MELCEHAN;1;16.02.1946;0;1
BIRZEN;1;14.05.1971;0;1
OZSOZ;1;15.10.1940;0;1
NORSEL;1;22.04.1943;0;1
EMINESEYDA;1;25.08.1981;0;1
PEYK;1;6.11.1961;0;1
IONITA;1;24.06.1975;0;1
SEUBE;1;23.06.1958;0;1
GULNIHA;1;11.11.1969;0;1
NELE;1;11.11.1965;0;1
KERRI;1;8.11.1972;0;1
SAFIRYE;1;22.06.1958;0;1
MEBURILE;1;21.09.1950;0;1
CAFERETTIN;1;19.05.1955;0;1
HAZILAT;1;6.06.1954;0;1
HEYMAR;1;8.05.1952;0;1
KUVER;1;17.09.1934;0;1
SEVDIAL;1;26.12.1936;0;1
ANNMARGARET;1;13.03.1951;0;1
LIESELOTTE;1;6.06.1947;0;1
SOLANGE;1;18.10.1953;0;1
HATCENA;1;25.12.1957;0;1
FATAMANA;1;6.05.1969;0;1
NIZIYE;1;17.05.1939;0;1
SUFALE;1;1.10.1951;0;1
KUNEC;1;20.01.1936;0;1
SAFONI;1;11.12.1944;0;1
SHERIDAN;1;30.03.1967;0;1
USUNNUR;1;16.04.1970;0;1
BUBETCEL;1;27.05.1955;0;1
ZUBAYDAT;1;26.01.1979;0;1
NIMGUL;1;2.11.1963;0;1
ARJA;1;2.05.1962;0;1
SANAE;1;15.05.1974;0;1
NAZUGUM;1;28.04.1980;0;1
GULCANSU;1;21.05.1987;0;1
IKBALYA;1;21.01.1953;0;1
MAGY;1;6.12.1957;0;1
RAVIKA;1;7.10.1976;0;1
FELAMINE;1;12.02.1965;0;1
LIOBA;1;24.09.1968;0;1
SOFIANA;1;12.05.1967;0;1
YASSAMAN;1;17.08.1960;0;1
AIA;1;17.08.1972;0;1
YAPRAKGUL;1;17.07.1983;0;1
HURRISAN;1;2.07.1968;0;1
ANNELORE;1;12.04.1938;0;1
HAVVACA;1;5.10.1949;0;1
SABIBI;1;21.08.1980;0;1
HAVANNA;1;16.01.1966;0;1
MELIKSIMA;1;16.04.1974;0;1
MAGRAPZEMIN;1;25.02.1949;0;1
UYKUYA;1;24.12.1955;0;1
RAFAGA;1;24.09.1949;0;1
GULFURAN;1;5.10.1986;0;1
ABUTETIL;1;1.05.1985;0;1
ZULKAY;1;18.04.1981;0;1
NURFIN;1;21.09.1975;0;1
PABIC;1;22.08.1919;0;1
TERBUR;1;29.04.1937;0;1
RAHIMEHAN;1;1.06.1965;0;1
SESSADE;1;27.02.1978;0;1
PAPIC;1;23.11.1961;0;1
GANDIGER;1;17.10.1973;0;1
SEPBELI;1;11.04.1966;0;1
AISENA;1;21.07.1932;0;1
UMMUGONUL;1;1.01.1937;0;1
SULUFE;1;26.02.1937;0;1
ZANNIBA;1;18.05.1942;0;1
KANAET;1;27.07.1977;0;1
NASENE;1;21.12.1948;0;1
HAVVILI;1;11.06.1942;0;1
BURSADIYE;1;26.09.1952;0;1
FELANET;1;7.04.1933;0;1
LEYLUMAN;1;11.06.1956;0;1
SANTEL;1;15.05.1982;0;1
AYBULUT;1;17.11.1990;0;1
DZUNIK;1;14.03.1958;0;1
SEVIMEL;1;20.04.1937;0;1
MINSURE;1;9.04.1962;0;1
MESSUDA;1;17.07.1972;0;1
NEVVIN;1;28.11.1968;0;1
MUKANIYE;1;27.10.1960;0;1
NIHAZER;1;22.02.1961;0;1
SENFUL;1;4.06.1939;0;1
BELFUZAR;1;24.10.1982;0;1
MUSEKFER;1;2.11.1955;0;1
MEHLAM;1;26.12.1960;0;1
AZZEN;1;1.03.1981;0;1
NECUH;1;23.04.1984;0;1
HAVILEN;1;22.02.1960;0;1
GULSEVIR;1;11.10.1974;0;1
MEHMIYE;1;22.05.1955;0;1
TAMZIN;1;28.06.1974;0;1
SULEYBAT;1;3.09.1962;0;1
HATICEGONUL;1;17.10.1951;0;1
MIESSEL;1;1.05.1971;0;1
TURLAY;1;18.08.1962;0;1
MUHEMEN;1;7.02.1956;0;1
SUVILA;1;13.01.1959;0;1
ARIFANA;1;27.03.1942;0;1
NURDAD;1;2.07.1957;0;1
ZERFINUR;1;18.05.1952;0;1
SUFLTAN;1;19.09.1975;0;1
SAVME;1;17.02.1960;0;1
FETTANA;1;7.03.1933;0;1
GUVERGUL;1;24.11.1971;0;1
HAFSANA;1;17.02.1951;0;1
OYNAZ;1;1.07.1979;0;1
SERPME;1;11.10.1965;0;1
MURUSTEN;1;2.02.1975;0;1
ZEYFEN;1;16.10.1968;0;1
MAKRURE;1;12.08.1917;0;1
RAYLIYE;1;27.10.1968;0;1
GULSUYA;1;2.11.1957;0;1
MUGANIYE;1;7.02.1964;0;1
AKCANA;1;2.09.1957;0;1
MEVCUDAT;1;22.06.1973;0;1
BUDURA;1;2.11.1975;0;1
SAHSITEM;1;27.05.1932;0;1
AKILYE;1;12.11.1982;0;1
MAYIZES;1;12.02.1947;0;1
TACELI;1;2.01.1955;0;1
VARTUSH;1;12.09.1971;0;1
BIRGIZAR;1;24.02.1953;0;1
ABIGAIL;1;20.05.1982;0;1
BELHUZER;1;25.02.1947;0;1
RADICA;1;3.04.1977;0;1
GULIRA;1;21.01.1980;0;1
GHARIBA;1;7.01.1969;0;1
UNKUHAN;1;19.06.1982;0;1
AYPUKER;1;24.04.1950;0;1
FEROHAN;1;22.02.1972;0;1
BELIGMA;1;26.06.1978;0;1
JAROSLAVA;1;25.04.1974;0;1
AKANYA;1;18.07.1976;0;1
KUPULU;1;19.03.1960;0;1
IMRALE;1;26.02.1971;0;1
CEZIMAN;1;2.04.1975;0;1
BERMEN;1;3.10.1985;0;1
CEHLA;1;25.01.1973;0;1
EMMAZIYE;1;22.01.1973;0;1
MILKIYET;1;26.02.1977;0;1
ATTIAT;1;15.01.1982;0;1
NAZEFUL;1;7.08.1952;0;1
TEFIYNE;1;8.12.1952;0;1
BILLORIFE;1;21.05.1953;0;1
ELWIRA;1;4.04.1973;0;1
SUZUL;1;13.05.1990;0;1
NURADE;1;6.07.1977;0;1
UMMUSANI;1;20.05.1933;0;1
SEBAER;1;22.02.1949;0;1
MIRJAN;1;25.02.1987;0;1
HAVARENGIGUL;1;1.01.1961;0;1
NEDZADA;1;13.02.1971;0;1
DONFER;1;27.02.1962;0;1
MEHHUDE;1;21.12.1967;0;1
ISMUHANI;1;5.06.1933;0;1
ZEDAH;1;15.12.1974;0;1
VUJGAN;1;21.04.1963;0;1
GULUSEYE;1;11.08.1951;0;1
SAHANHANIM;1;5.09.1969;0;1
SEVDEDE;1;1.08.1980;0;1
FEYGUL;1;26.02.1959;0;1
NURAYETI;1;12.04.1983;0;1
SUMENYEM;1;14.03.1984;0;1
ANNELIE;1;2.11.1970;0;1
TSISMARI;1;16.02.1967;0;1
R.CANAN;1;26.02.1985;0;1
DANUSIA;1;28.03.1967;0;1
ZERRENTIN;1;29.12.1949;0;1
ARIANNA;1;27.04.1953;0;1
VIBEKE;1;18.01.1969;0;1
GULCEYHUN;1;2.10.1970;0;1
MEKKELI;1;12.11.1951;0;1
KUREYDE;1;21.02.1966;0;1
TEYGUL;1;2.04.1969;0;1
YASAYEN;1;7.01.1952;0;1
SUHVAL;1;12.11.1977;0;1
HUSENIYE;1;16.02.1951;0;1
MEBUDE;1;29.10.1967;0;1
HASUIM;1;2.02.1951;0;1
HULHAN;1;6.09.1974;0;1
UMMUHENI;1;6.05.1974;0;1
SUBUS;1;22.01.1955;0;1
HAVILET;1;17.02.1972;0;1
MEHLUVER;1;6.09.1956;0;1
GUREYDE;1;29.10.1973;0;1
ZOFRAN;1;10.07.1969;0;1
SANDICA;1;24.05.1975;0;1
HAVISSE;1;16.05.1962;0;1
MUKNISE;1;22.02.1961;0;1
FATMASULTAN;1;2.08.1927;0;1
KURIYDE;1;12.03.1965;0;1
UZAYDA;1;22.02.1991;0;1
MESHURA;1;6.01.1974;0;1
SUHUVET;1;22.04.1961;0;1
HUDUDIYE;1;11.11.1952;0;1
EMINESAH;1;29.05.1956;0;1
NERUN;1;17.02.1966;0;1
GULZEHTE;1;13.06.1941;0;1
MAVZUNE;1;21.09.1982;0;1
NEVRIMSEL;1;24.04.1968;0;1
MAVRIYE;1;2.05.1945;0;1
ZUBURE;1;27.10.1986;0;1
GUSSUYE;1;25.07.1949;0;1
KHALIGOUL;1;5.08.1962;0;1
NEZBA;1;3.03.1981;0;1
INGUN;1;18.08.1974;0;1
SEHLAL;1;11.10.1968;0;1
DURSUMIYE;1;16.02.1959;0;1
AROPAT;1;17.03.1971;0;1
ELIFNIHAN;1;7.09.1975;0;1
FESLIKEN;1;22.02.1991;0;1
GERCIYE;1;3.05.1955;0;1
ULJAN;1;12.08.1983;0;1
SANOAT;1;29.12.1964;0;1
SAYATE;1;16.10.1971;0;1
MENGUN;1;6.06.1959;0;1
NUZEN;1;29.10.1947;0;1
DUMEYRE;1;29.12.1967;0;1
TANSULE;1;11.10.1959;0;1
NURTURE;1;4.12.1948;0;1
ASSOVDA;1;5.11.1963;0;1
OZEYIN;1;1.12.1937;0;1
RAHIYDA;1;21.04.1952;0;1
LUCILE;1;22.06.1968;0;1
DUMEYRA;1;21.08.1983;0;1
AZIZHANIM;1;23.12.1952;0;1
MOHANNA;1;24.02.1970;0;1
REFINAZ;1;1.03.1930;0;1
MEFERAT;1;12.10.1977;0;1
MAIYET;1;9.05.1941;0;1
LIOBOV;1;16.04.1974;0;1
ARIADNE;1;27.04.1992;0;1
SETUL;1;27.02.1991;0;1
NIKANE;1;2.05.1933;0;1
MERVEY;1;16.02.1958;0;1
HURISAFA;1;5.10.1954;0;1
GULANU;1;12.07.1983;0;1
MIZAYEN;1;22.05.1978;0;1
KIYARE;1;29.04.1963;0;1
MASUMEH;1;10.03.1967;0;1
H.SULE;1;19.10.1971;0;1
NEBIHIM;1;9.02.1955;0;1
SAYESER;1;7.03.1964;0;1
SENRIBAN;1;3.12.1981;0;1
NERDEN;1;16.09.1969;0;1
ZEMGUL;1;7.11.1976;0;1
UMMUDE;1;7.09.1982;0;1
ILKNIMA;1;12.03.1971;0;1
TAJLAN;1;13.09.1952;0;1
ISTINA;1;17.12.1978;0;1
YELPERI;1;1.06.1979;0;1
SAKINI;1;21.10.1975;0;1
GUZULE;1;6.10.1961;0;1
ZEKIYENURLU;1;4.02.1986;0;1
MUHRIYET;1;28.04.1938;0;1
SABIME;1;22.03.1967;0;1
LAURENTA;1;14.10.1967;0;1
MARTEHELA;1;23.10.1977;0;1
ELBAYIN;1;22.08.1973;0;1
DILIAFROUZ;1;2.07.1983;0;1
MEIDA;1;27.11.1972;0;1
UNNI;1;28.04.1963;0;1
PILSEN;1;18.04.1972;0;1
IVRAHA;1;28.01.1976;0;1
AGCEMAN;1;2.02.1951;0;1
NUFTADE;1;1.12.1954;0;1
PAMMIS;1;7.03.1952;0;1
MUZAHHAN;1;23.11.1936;0;1
RABBIKA;1;2.02.1981;0;1
FILIZKAN;1;17.04.1946;0;1
BELIZAT;1;26.12.1984;0;1
FAGET;1;8.11.1966;0;1
ANYUTA;1;5.05.1970;0;1
ESMAL;1;2.04.1975;0;1
YAKUBA;1;27.12.1956;0;1
KUNEVVER;1;22.05.1961;0;1
FIRUZAT;1;25.11.1979;0;1
NESLIH;1;12.06.1965;0;1
SEHIRAN;1;12.11.1965;0;1
SULIYYA;1;22.02.1949;0;1
MEFHURA;1;1.05.1966;0;1
GULSUMSEN;1;7.10.1970;0;1
DONDUKIZ;1;22.02.1949;0;1
MELHUZAT;1;3.05.1941;0;1
AYSACA;1;6.07.1953;0;1
HATCEANA;1;29.2.1953;0;1
MIMTAZI;1;3.07.1983;0;1
HAVHI;1;23.03.1969;0;1
GUMURIYE;1;6.03.1975;0;1
VEDRIYE;1;6.05.1960;0;1
MUNUNE;1;2.08.1987;0;1
BEBECCAR;1;27.09.1956;0;1
AYINCE;1;7.02.1958;0;1
HAMANA;1;2.07.1975;0;1
NABIKA;1;21.03.1939;0;1
NURIVVET;1;28.11.1968;0;1
GUNEGUN;1;27.04.1956;0;1
NIKAYE;1;23.04.1949;0;1
MESUURE;1;1.09.1973;0;1
TIRAFIYA;1;21.05.1963;0;1
MUKATDEREN;1;11.05.1963;0;1
FENHAN;1;6.12.1963;0;1
AZIYLE;1;7.06.1954;0;1
RAZITA;1;22.08.1931;0;1
ICLE;1;3.05.1964;0;1
HECIME;1;2.12.1981;0;1
SEVRAM;1;30.12.1990;0;1
ENONSE;1;22.10.1972;0;1
MIASEL;1;2.12.1963;0;1
BESPINAZ;1;4.04.1962;0;1
ZENIRIYE;1;11.06.1974;0;1
GANIYMAN;1;29.04.1960;0;1
HALEFISU;1;5.11.1963;0;1
SAHZENI;1;22.11.1976;0;1
REBIFE;1;28.04.1962;0;1
HAMIIDE;1;17.02.1990;0;1
HAJARKHANIM;1;27.09.1957;0;1
ELVUNAZ;1;17.02.1960;0;1
HAZRETIYE;1;26.08.1975;0;1
MEHRANE;1;8.01.1963;0;1
NEDISAH;1;26.07.1963;0;1
FUGUR;1;22.03.1972;0;1
PERYADI;1;19.01.1966;0;1
MISNIL;1;1.09.1963;0;1
FETENA;1;4.03.1959;0;1
NERSOY;1;6.01.1975;0;1
ASINDAR;1;11.06.1960;0;1
ENUSEL;1;26.08.1959;0;1
BAKIA;1;1.09.1977;0;1
TEMILI;1;27.04.1968;0;1
MUNESTER;1;2.02.1963;0;1
ZALGAN;1;26.04.1951;0;1
TAYYIFE;1;2.03.1963;0;1
SUDDAHA;1;3.01.1941;0;1
GULNUZAR;1;21.09.1969;0;1
NENER;1;18.04.1979;0;1
KONCAFIR;1;12.04.1965;0;1
DURANNE;1;25.07.1967;0;1
MEVZIBE;1;29.05.1974;0;1
TELLIY;1;22.02.1955;0;1
ZURBIHAN;1;11.04.1969;0;1
BALYE;1;15.02.1986;0;1
KARAMGUL;1;12.10.1959;0;1
MEJBUDE;1;23.02.1955;0;1
BILARA;1;6.11.1933;0;1
AYLETE;1;2.02.1981;0;1
NANEL;1;1.09.1975;0;1
MUMENIE;1;22.08.1949;0;1
MABUDIYE;1;4.04.1951;0;1
NURTUNC;1;1.04.1970;0;1
UMMUSULEYIM;1;22.11.1986;0;1
AGGELIN;1;3.11.1954;0;1
IKLIYMA;1;7.09.1962;0;1
RIMLATA;1;22.03.1961;0;1
SEBILAN;1;29.11.1975;0;1
SEHRINUSA;1;18.07.1958;0;1
KETLAZ;1;26.10.1976;0;1
ZOVKHRA;1;10.04.1958;0;1
BEDRINIAM;1;8.02.1965;0;1
RUKSELEN;1;22.08.1967;0;1
DERIZAT;1;18.10.1962;0;1
HANDEDILAN;1;29.09.1991;0;1
ESPINA;1;13.03.1991;0;1
NECLA''I;1;30.2.1933;0;1
HASREM;1;26.09.1982;0;1
CHRISOULA;1;7.03.1946;0;1
KULZUM;1;11.11.1967;0;1
ANTJEJUTTA;1;27.08.1950;0;1
NAGIMA;1;29.05.1972;0;1
CABAHAN;1;26.08.1984;0;1
MAYPIP;1;26.09.1965;0;1
UREYDI;1;24.05.1940;0;1
SHEELAGH;1;3.10.1974;0;1
RYMA;1;17.05.1981;0;1
JEKATERINA;1;17.02.1977;0;1
LERA;1;3.11.1976;0;1
RADITA;1;10.05.1972;0;1
ECEAYTAN;1;29.12.1991;0;1
FUMAY;1;11.12.1969;0;1
MUFLIHA;1;17.01.1948;0;1
MENDAHIL;1;15.02.1965;0;1
PEPIL;1;7.10.1946;0;1
ARSELOZ;1;7.02.1964;0;1
BENYAL;1;27.10.1982;0;1
OUMCHARAT;1;27.07.1969;0;1
NASPELVER;1;14.10.1940;0;1
COLPON;1;12.07.1970;0;1
WASSILA;1;8.12.1971;0;1
RAIJA;1;9.08.1938;0;1
ALITA;1;3.04.1959;0;1
MUVMINE;1;11.09.1962;0;1
TUMSEV;1;3.10.1991;0;1
LILIANNA;1;17.01.1974;0;1
FATMAECMEN;1;21.04.1974;0;1
TAYYIFA;1;29.01.1928;0;1
SARYET;1;28.06.1990;0;1
ULKUTEN;1;15.01.1946;0;1
GEHAD;1;22.12.1956;0;1
RADMIRA;1;4.05.1974;0;1
ZHALA;1;25.12.1971;0;1
GULASAL;1;18.05.1975;0;1
HACERBANU;1;21.07.1972;0;1
YAZAL;1;30.06.1991;0;1
AYSENURAN;1;10.09.1974;0;1
KERY;1;22.12.1967;0;1
SABIRNISA;1;12.06.1950;0;1
SIRINNUR;1;7.04.1973;0;1
FEGIHA;1;27.10.1977;0;1
CACILIE;1;13.10.1938;0;1
SAFINGUL;1;22.08.1955;0;1
OLEYSA;1;25.02.1976;0;1
SELL;1;27.08.1974;0;1
SUNHER;1;22.08.1943;0;1
REIKHAN;1;20.05.1967;0;1
SCHIAU;1;19.04.1963;0;1
ROSALEEN;1;27.10.1971;0;1
LERFI;1;17.02.1973;0;1
M.NURAN;1;5.06.1953;0;1
SABIHACANDAN;1;19.09.1970;0;1
RENIDE;1;3.09.1963;0;1
MOCANU;1;5.09.1980;0;1
ELMAYA;1;3.06.1985;0;1
NERGIZET;1;14.02.1974;0;1
LULYETA;1;7.04.1964;0;1
AZUMAN;1;12.07.1983;0;1
FUZANE;1;29.04.1955;0;1
SANCIFER;1;12.02.1965;0;1
MARIJKE;1;20.06.1947;0;1
USA;1;30.06.1979;0;1
ACURIYE;1;1.08.1974;0;1
AFITEN;1;27.02.1974;0;1
AYSEYE;1;7.10.1952;0;1
IFFE;1;22.02.1967;0;1
FEVKAT;1;2.02.1963;0;1
FINI;1;25.04.1961;0;1
FETTAHANA;1;17.07.1936;0;1
NARILYA;1;11.08.1978;0;1
MAHISEVER;1;29.03.1944;0;1
SALIYET;1;22.02.1931;0;1
NURTUYA;1;29.12.1974;0;1
AFIDEI;1;6.04.1965;0;1
SAFURET;1;25.05.1960;0;1
AYNULMARIYE;1;22.09.1966;0;1
SASANE;1;21.03.1964;0;1
MEVDETE;1;22.02.1973;0;1
BENYEZ;1;7.09.1970;0;1
MEHLIZAR;1;16.03.1947;0;1
RUYIZAT;1;7.07.1933;0;1
SEYARA;1;11.07.1967;0;1
EZEZ;1;21.04.1969;0;1
PUHUL;1;10.06.1960;0;1
SENELAY;1;11.11.1972;0;1
JAMJIT;1;14.10.1975;0;1
HUTTE;1;7.06.1952;0;1
UMMUHHAN;1;16.05.1981;0;1
PERNISIM;1;30.03.1969;0;1
RUZISEN;1;2.01.1950;0;1
SIMEMHAN;1;29.04.1980;0;1
SERIFIYYE;1;26.05.1967;0;1
ZENDIFA;1;17.02.1966;0;1
HEYIC;1;12.02.1959;0;1
ZIYEVER;1;28.08.1980;0;1
PIRDEVIS;1;30.08.1980;0;1
ZULFUTA;1;26.02.1965;0;1
MERZEM;1;17.01.1988;0;1
SEBIRYA;1;13.12.1977;0;1
ARIFEANA;1;25.09.1982;0;1
GOLSA;1;17.02.1972;0;1
EFAL;1;10.06.1954;0;1
HUMAYNA;1;8.05.1958;0;1
TUGEL;1;22.02.1973;0;1
PANBUS;1;26.05.1940;0;1
NESDURE;1;19.04.1973;0;1
SULFIDAN;1;6.03.1957;0;1
MEMNON;1;19.04.1960;0;1
MERCA;1;17.04.1966;0;1
SAHBAZE;1;6.04.1945;0;1
DOTSA;1;30.12.1952;0;1
GERDU;1;6.03.1962;0;1
ZEHIRNAZ;1;22.02.1955;0;1
EYSURAN;1;21.04.1971;0;1
IDYET;1;22.05.1979;0;1
ZEKIYYA;1;1.11.1954;0;1
BASUMAN;1;21.04.1980;0;1
GUFTADE;1;30.09.1990;0;1
GEYSA;1;5.06.1988;0;1
NEZATAN;1;2.03.1975;0;1
CEZADE;1;12.09.1965;0;1
SAADEN;1;13.02.1975;0;1
FURDEST;1;13.02.1983;0;1
RIFGA;1;26.11.1924;0;1
BERREN;1;11.04.1961;0;1
ZAIDAT;1;5.11.1960;0;1
GUNNURIYE;1;13.03.1958;0;1
ZEKIZAR;1;1.01.1963;0;1
ERKEGUL;1;13.10.1975;0;1
HUSNUNIYYET;1;7.02.1952;0;1
MEHVE;1;6.07.1977;0;1
GUBRAHI;1;27.04.1944;0;1
ZAIBAT;1;1.06.1943;0;1
SAHINTI;1;7.02.1958;0;1
RIVAYEDE;1;21.07.1982;0;1
BENDENUR;1;18.03.1969;0;1
SEFIKAANA;1;17.02.1966;0;1
UMULTIN;1;21.05.1978;0;1
ZUZER;1;2.11.1969;0;1
NURCILE;1;22.03.1985;0;1
VESRAN;1;27.07.1991;0;1
ISFINAT;1;11.04.1963;0;1
ISTAGFIRE;1;2.02.1978;0;1
MEYREFA;1;14.07.1962;0;1
GULTEBA;1;11.03.1985;0;1
SURYETTE;1;14.05.1965;0;1
RUSADIYE;1;6.02.1959;0;1
LAYKE;1;23.03.1991;0;1
GULCEHERE;1;2.09.1963;0;1
FESTIKAN;1;6.02.1991;0;1
HERMIS;1;8.03.1976;0;1
GULPAK;1;7.01.1982;0;1
MIORITA;1;23.04.1965;0;1
MAMPERI;1;6.03.1979;0;1
YILDABIYE;1;27.07.1978;0;1
FURUAL;1;2.01.1950;0;1
GURNAYIN;1;1.03.1961;0;1
SEYLABE;1;18.05.1973;0;1
LEYLIVAR;1;27.02.1956;0;1
NAZIREHAN;1;19.02.1992;0;1
ZERRIHAN;1;5.12.1988;0;1
PERIDAN;1;19.09.1974;0;1
BEDRIYECAN;1;7.02.1964;0;1
SOFOYLE;1;21.05.1963;0;1
NEMNUME;1;22.02.1961;0;1
NAKIYBE;1;16.04.1947;0;1
KIZANA;1;2.03.1959;0;1
IRSEM;1;10.09.1991;0;1
CONNIE;1;29.07.1973;0;1
GORSER;1;2.10.1939;0;1
NEVSALI;1;7.03.1958;0;1
SENAYYAR;1;8.04.1969;0;1
SEMAHER;1;1.10.1970;0;1
MASALLAHA;1;2.02.1951;0;1
PATISAN;1;28.08.1947;0;1
RAMINA;1;1.01.1991;0;1
SADENI;1;16.08.1982;0;1
FERMIHAN;1;11.11.1975;0;1
SELMAHI;1;7.06.1963;0;1
SIMMA;1;7.02.1964;0;1
MUCEYYER;1;11.03.1967;0;1
KAYSERE;1;13.05.1976;0;1
INETA;1;17.07.1975;0;1
ZURVE;1;26.05.1967;0;1
NESURIKE;1;7.02.1982;0;1
HERMILE;1;12.03.1973;0;1
NIZLE;1;12.08.1947;0;1
SERDILAN;1;6.04.1987;0;1
NEVEDET;1;4.02.1954;0;1
GULPAYI;1;11.06.1952;0;1
GULTEGEN;1;9.08.1940;0;1
YENSA;1;19.07.1966;0;1
DAYENDE;1;16.09.1946;0;1
ZEKUNE;1;12.05.1947;0;1
AYSEBIR;1;26.11.1966;0;1
MESORE;1;7.02.1964;0;1
MIDEBE;1;22.08.1937;0;1
LAYFER;1;11.03.1974;0;1
ESSU;1;2.02.1975;0;1
SULIM;1;26.05.1975;0;1
SERPILSEN;1;7.09.1960;0;1
AYENDI;1;21.05.1991;0;1
LUME;1;30.12.1980;0;1
NURUZAR;1;7.03.1976;0;1
EHRIZ;1;21.10.1947;0;1
IBBHAN;1;7.08.1975;0;1
ZERDIGAR;1;16.06.1938;0;1
GELSEVIM;1;12.11.1954;0;1
ROGBE;1;7.01.1957;0;1
SIDAY;1;1.03.1941;0;1
UNESER;1;16.12.1949;0;1
SUFIYLA;1;6.09.1971;0;1
BEYTISEBA;1;11.05.1973;0;1
GOLLIYE;1;1.08.1980;0;1
MERCINAN;1;16.11.1962;0;1
ZULMUT;1;28.02.1974;0;1
TEKMULE;1;3.09.1966;0;1
RAZARIYE;1;21.07.1959;0;1
BIRBIRLE;1;12.07.1978;0;1
GULZEFRE;1;13.11.1949;0;1
UMUREL;1;27.06.1962;0;1
SERMAZI;1;16.02.1962;0;1
PURGUN;1;7.03.1943;0;1
ERGANIYE;1;10.05.1964;0;1
BUBIZEYTIN;1;1.10.1966;0;1
MULKIN;1;21.04.1957;0;1
HUZEFE;1;12.02.1971;0;1
GULKERIYE;1;10.02.1969;0;1
SUMEYRAKEVSER;1;1.01.1992;0;1
TOMRES;1;9.07.1957;0;1
NURLIYE;1;12.03.1959;0;1
NAHIYBE;1;26.02.1960;0;1
MURRIDE;1;2.02.1975;0;1
MAYTIMA;1;26.04.1973;0;1
MULIKE;1;14.04.1975;0;1
CEZMIHAL;1;10.05.1966;0;1
LUMUNE;1;25.09.1977;0;1
GONEMIR;1;2.02.1947;0;1
KERRAH;1;22.02.1943;0;1
BEMTUL;1;26.08.1960;0;1
GURBINAZ;1;7.08.1940;0;1
SEBBANE;1;26.07.1965;0;1
UHRA;1;26.09.1983;0;1
MEYNURA;1;2.02.1965;0;1
BIRSABIR;1;23.09.1975;0;1
ESNIL;1;12.10.1972;0;1
ELZARA;1;18.07.1989;0;1
INABIYE;1;27.03.1950;0;1
BEDYE;1;20.02.1966;0;1
CUMEYRIYE;1;27.02.1987;0;1
MUKKAT;1;27.08.1938;0;1
DONDUHANIM;1;5.04.1983;0;1
MUDOBE;1;28.12.1956;0;1
MZEVINARI;1;8.04.1964;0;1
AYSANUR;1;15.02.1962;0;1
LEDIFA;1;27.03.1956;0;1
YUZUMUTLU;1;10.04.1964;0;1
GULBAHCA;1;4.06.1949;0;1
TAZEKAR;1;30.10.1938;0;1
YONERGE;1;22.06.1938;0;1
EMRUSE;1;7.02.1928;0;1
TAFSIRIYE;1;7.08.1954;0;1
GULSULAY;1;14.03.1959;0;1
CNOBIKA;1;22.05.1967;0;1
MEVLAH;1;29.05.1976;0;1
YUGRAL;1;2.07.1945;0;1
RUTEBA;1;21.02.1984;0;1
GULHIN;1;29.03.1979;0;1
PEKBAL;1;21.01.1964;0;1
HULCAN;1;24.02.1972;0;1
ENSUZ;1;12.12.1960;0;1
GULTUGU;1;2.09.1964;0;1
BESNEY;1;16.09.1979;0;1
ELBERRU;1;9.03.1990;0;1
SAIMAN;1;18.03.1962;0;1
SUFURE;1;30.01.1943;0;1
TEYSIRE;1;16.03.1981;0;1
BELKE;1;21.07.1989;0;1
SALVIYA;1;9.05.1978;0;1
NURKIM;1;16.10.1965;0;1
CE;1;5.08.1980;0;1
RUZVAN;1;2.08.1957;0;1
IZINYE;1;4.05.1955;0;1
DIEUWERKE;1;11.09.1964;0;1
FLORICEL;1;19.06.1970;0;1
TANTICA;1;1.07.1981;0;1
AGIZAR;1;1.12.1935;0;1
BIHFER;1;1.01.1984;0;1
SENICAN;1;7.04.1951;0;1
SANSSIN;1;28.01.1991;0;1
MERRAL;1;1.07.1964;0;1
FERAFNAZ;1;16.06.1970;0;1
NEJIA;1;10.07.1971;0;1
ALESIA;1;1.11.1977;0;1
SERCEMZEYEP;1;18.02.1987;0;1
SEGUN;1;19.03.1992;0;1
MAVLUDA;1;25.05.1960;0;1
PARPAR;1;8.06.1938;0;1
NAMIKDAR;1;27.03.1950;0;1
IMDIYE;1;18.03.1957;0;1
ZULUMAR;1;22.06.1931;0;1
JAYIT;1;23.11.1967;0;1
BRUNHILD;1;17.08.1942;0;1
BESIKTAS;1;26.04.1948;0;1
HAVVAYI;1;12.02.1953;0;1
LETEVET;1;8.03.1958;0;1
NAKEN;1;12.04.1959;0;1
MAHKULE;1;16.09.1979;0;1
HUSGUZEL;1;27.08.1944;0;1
VAHINUR;1;3.08.1940;0;1
TIN;1;16.12.1989;0;1
ALIYMAN;1;12.12.1959;0;1
JEVGENIA;1;13.12.1974;0;1
BELHUZE;1;11.02.1954;0;1
MUGEGULSAH;1;27.02.1980;0;1
NEHTUN;1;28.01.1970;0;1
NESSEL;1;6.12.1982;0;1
MUHTESEMNUR;1;26.08.1983;0;1
ORGIL;1;25.10.1966;0;1
JONNA;1;8.06.1979;0;1
GULMAISSA;1;20.05.1961;0;1
ZATIYA;1;14.11.1917;0;1
FAHRIBE;1;5.10.1987;0;1
MUSVIGA;1;7.02.1934;0;1
MEFUSIYA;1;22.04.1973;0;1
CHERGHINA;1;7.09.1969;0;1
PETEM;1;29.03.1987;0;1
FATANA;1;3.07.1932;0;1
MINAYIR;1;26.11.1958;0;1
OLWYN;1;18.09.1962;0;1
UDABE;1;6.11.1953;0;1
MURVIZAN;1;29.08.1958;0;1
NEYDIYE;1;21.03.1959;0;1
ENIFRIBAN;1;20.07.1934;0;1
FATMAESIN;1;24.06.1952;0;1
BEGUZEL;1;18.12.1966;0;1
SEHRAZANT;1;26.10.1977;0;1
HIFSA;1;29.11.1959;0;1
ZEHVI;1;17.09.1954;0;1
NEVDINE;1;20.04.1972;0;1
AYGULEK;1;6.11.1963;0;1
SANAYGUL;1;2.02.1969;0;1
NUSEHAT;1;17.02.1966;0;1
DEMETER;1;10.03.1992;0;1
DESENGUL;1;27.02.1980;0;1
MUINET;1;2.08.1939;0;1
NILBERNA;1;2.09.1973;0;1
YETEGUL;1;2.07.1959;0;1
SNEZANA;1;26.03.1961;0;1
SUZETTE;1;28.03.1982;0;1
ARZIK;1;11.02.1957;0;1
IBDADE;1;18.02.1955;0;1
SAHULE;1;9.12.1972;0;1
YUZIDE;1;26.05.1976;0;1
SAHZANAT;1;7.02.1964;0;1
ALAKA;1;22.03.1931;0;1
IHNAZ;1;8.04.1936;0;1
MENKIBET;1;20.02.1964;0;1
MELEKSIGMA;1;10.05.1973;0;1
MEMLUGNE;1;19.02.1979;0;1
NESEOZGECAN;1;3.11.1983;0;1
BUHSEVER;1;4.03.1957;0;1
NESANUR;1;12.02.1953;0;1
MUNURHAN;1;12.06.1976;0;1
LEBIRSE;1;15.12.1956;0;1
NURENSAR;1;20.10.1952;0;1
RASHA;1;28.11.1985;0;1
SOUREIA;1;5.02.1969;0;1
GULLUCENAN;1;29.03.1937;0;1
SAHICINAN;1;22.02.1937;0;1
GULLUCINAN;1;2.04.1927;0;1
HILMEYE;1;21.05.1960;0;1
TUNUYA;1;12.02.1971;0;1
DURDUSE;1;22.01.1938;0;1
MELEKOZER;1;22.03.1943;0;1
TEVGE;1;24.03.1968;0;1
CANCI;1;4.03.1963;0;1
MERCAIL;1;1.03.1960;0;1
ULKINAR;1;2.01.1969;0;1
NEVRINAS;1;22.06.1963;0;1
YAKINCAN;1;18.08.1953;0;1
IMROL;1;8.04.1952;0;1
FERVUZA;1;27.10.1986;0;1
VANIYE;1;17.03.1972;0;1
SIGER;1;5.04.1977;0;1
SENKIN;1;21.02.1960;0;1
AFIZER;1;27.06.1962;0;1
TELINE;1;17.02.1978;0;1
KULNAZIR;1;13.01.1952;0;1
ESENGULU;1;15.09.1982;0;1
DURSADETTIN;1;19.11.1973;0;1
FETHEM;1;1.11.1984;0;1
MIHRABAN;1;7.10.1988;0;1
GURZIDA;1;7.07.1974;0;1
BEDISEN;1;5.06.1963;0;1
TEKCEN;1;5.10.1983;0;1
CORELE;1;30.12.1954;0;1
NUCAFER;1;2.08.1933;0;1
GULCEFRE;1;15.02.1966;0;1
MIRHIBAN;1;4.10.1980;0;1
BUHANIYE;1;6.12.1953;0;1
NURDANSEL;1;11.01.1957;0;1
YELIZCAN;1;19.05.1990;0;1
VIRGIL;1;20.11.1974;0;1
GULPIDER;1;16.05.1944;0;1
GULCETAY;1;28.01.1978;0;1
ESARSEL;1;7.08.1957;0;1
NEVFIS;1;24.03.1951;0;1
CHYNARA;1;11.02.1982;0;1
KELAMIYE;1;12.05.1933;0;1
VELIFER;1;11.05.1936;0;1
MERYAL;1;11.02.1956;0;1
ADEVEYE;1;27.03.1956;0;1
NANETTE;1;20.11.1967;0;1
ELLORINA;1;19.05.1965;0;1
PIERETTE;1;2.01.1955;0;1
KIRAZOZGE;1;2.02.1981;0;1
BILLIE;1;1.04.1991;0;1
BENGUTUL;1;2.09.1976;0;1
OZSU;1;17.06.1976;0;1
ZHORZHETA;1;3.10.1963;0;1
PILVI;1;30.01.1976;0;1
YEVHENIYA;1;22.11.1981;0;1
LOYZA;1;21.12.1973;0;1
AYTUBA;1;30.08.1981;0;1
KATHE;1;18.11.1944;0;1
SYLVETTE;1;12.07.1965;0;1
AYSEICELILE;1;12.05.1947;0;1
LEMIF;1;7.04.1928;0;1
IVONA;1;2.04.1961;0;1
RUHBEYAN;1;16.05.1946;0;1
SAMPRIE;1;17.02.1948;0;1
NINGUN;1;17.02.1972;0;1
VINERA;1;19.12.1971;0;1
WALEH;1;9.08.1960;0;1
SAROLTA;1;5.01.1973;0;1
ZIYAKET;1;17.04.1936;0;1
TUTAS;1;16.03.1939;0;1
CILEMNUR;1;22.12.1991;0;1
SEFATA;1;5.11.1956;0;1
SUNATEL;1;20.01.1969;0;1
ZHEZHEV;1;30.04.1964;0;1
NARIDA;1;13.02.1969;0;1
TETYENA;1;8.12.1975;0;1
INDERA;1;24.06.1966;0;1
MUCICET;1;7.02.1976;0;1
RIANA;1;3.02.1980;0;1
PIATIMAT;1;3.05.1968;0;1
SOFIYAT;1;5.08.1961;0;1
ANIFA;1;19.10.1976;0;1
CANBANU;1;6.11.1956;0;1
ZURYEZEM;1;7.05.1988;0;1
ATNIBANU;1;22.02.1955;0;1
FLYURIYA;1;18.10.1974;0;1
ILKAYIR;1;2.07.1980;0;1
LAVRA;1;18.06.1975;0;1
ALSEVIM;1;30.06.1963;0;1
OLGASULE;1;23.08.1981;0;1
WILMA;1;1.11.1968;0;1
ANGELIANA;1;30.08.1986;0;1
SAGHRI;1;7.09.1956;0;1
KUMSIAT;1;30.11.1965;0;1
GULVI;1;19.03.1977;0;1
GIRNAY;1;7.02.1976;0;1
AGHU;1;26.07.1976;0;1
ASK;1;24.03.1928;0;1
MEHABAD;1;11.08.1980;0;1
NESRAR;1;11.09.1977;0;1
HADUS;1;22.04.1931;0;1
MECNURE;1;23.03.1949;0;1
SUMDURAN;1;17.07.1950;0;1
MOUYET;1;22.07.1931;0;1
DURMELEK;1;11.09.1951;0;1
MINOO;1;29.03.1957;0;1
GUZIGEN;1;6.10.1954;0;1
MUSINAZ;1;6.01.1932;0;1
KHADIJAT;1;6.06.1966;0;1
GUNEYER;1;3.11.1954;0;1
ZEHRADENIZ;1;22.09.1965;0;1
TEVKIA;1;17.08.1924;0;1
CEBENUR;1;5.08.1948;0;1
DERME;1;17.06.1984;0;1
BACIKADIN;1;27.04.1974;0;1
IRGECAN;1;22.05.1989;0;1
GERIZAN;1;13.11.1929;0;1
RAZIKER;1;14.03.1965;0;1
NURINISSA;1;29.01.1947;0;1
KIMBAT;1;23.01.1976;0;1
IRAZCAN;1;3.08.1984;0;1
TUBAFIRDEVS;1;4.07.1978;0;1
MUVAZZEZ;1;26.06.1959;0;1
ZERBIYA;1;19.06.1991;0;1
TURKCEN;1;10.09.1962;0;1
MISMINA;1;28.02.1991;0;1
FAINA;1;30.03.1991;0;1
BURMAGUL;1;19.05.1971;0;1
UNSUNAY;1;26.07.1957;0;1
OGOULSONA;1;4.04.1956;0;1
SARUMAN;1;25.08.1961;0;1
SURAIDA;1;12.10.1955;0;1
SALIZAR;1;11.03.1934;0;1
SAGLARA;1;13.04.1981;0;1
FERMUZEN;1;14.04.1960;0;1
DAMIRA;1;14.03.1978;0;1
AGEETH;1;18.10.1970;0;1
ANIYAT;1;18.08.1952;0;1
LUZUME;1;5.04.1960;0;1
HEKIBURAN;1;8.01.1940;0;1
MULHAKA;1;17.04.1918;0;1
SALMINA;1;9.03.1973;0;1
ESLISAH;1;28.02.1966;0;1
SNEZHANA;1;15.08.1979;0;1
SEHANE;1;3.10.1975;0;1
EMILITTA;1;27.10.1956;0;1
LONIE;1;24.08.1968;0;1
BEHGUZAR;1;22.08.1943;0;1
MEFHUZIYE;1;13.02.1958;0;1
BILEREN;1;14.06.1962;0;1
UMMUGULEN;1;30.03.1941;0;1
NAJOUA;1;16.05.1972;0;1
BELBA;1;4.01.1978;0;1
NIRSEL;1;13.10.1984;0;1
LAMIAE;1;18.10.1978;0;1
GULTEKIS;1;14.10.1948;0;1
FERMUNUR;1;1.10.1962;0;1
FATMALAR;1;20.03.1965;0;1
SAGIMEBAT;1;27.06.1944;0;1
IANINA;1;16.03.1978;0;1
IOLIA;1;23.07.1974;0;1
ILAHIYE;1;27.12.1956;0;1
JULIYANNE;1;9.10.1964;0;1
CANUSER;1;6.05.1951;0;1
KALERIYA;1;17.05.1946;0;1
SANELYA;1;2.07.1979;0;1
REYKA;1;26.04.1978;0;1
OZEMRIYE;1;30.10.1949;0;1
MUZAFFERIYET;1;18.01.1958;0;1
HUMSET;1;9.12.1970;0;1
PEMBEBINAY;1;25.04.1962;0;1
ONURDAN;1;25.10.1963;0;1
KAMURAY;1;3.10.1976;0;1
ADRIANNA;1;4.10.1976;0;1
BAGIGUL;1;4.12.1982;0;1
MEHTEN;1;19.09.1981;0;1
BUGKE;1;18.03.1992;0;1
MUZEYYENI;1;9.11.1963;0;1
ALINTER;1;12.02.1953;0;1
PROLET;1;13.02.1975;0;1
AGATHA;1;26.08.1960;0;1
RUHSINA;1;21.11.1973;0;1
MARBIYE;1;20.04.1965;0;1
CAVLIN;1;29.09.1991;0;1
HOSANNA;1;17.12.1961;0;1
NURTERIM;1;2.07.1948;0;1
NUSEYLA;1;8.02.1958;0;1
GULDUTAN;1;11.01.1937;0;1
DIBEKLI;1;4.03.1960;0;1
GOLTER;1;14.03.1958;0;1
UYSAR;1;30.01.1967;0;1
FADEKAR;1;13.03.1972;0;1
NEZDEN;1;1.12.1942;0;1
EMBIL;1;22.08.1973;0;1
BOCUKAN;1;16.08.1966;0;1
MAYHAL;1;22.02.1969;0;1
ELIFASA;1;27.08.1926;0;1
GANAHAT;1;27.12.1956;0;1
GULDONU;1;16.11.1981;0;1
SABBOY;1;4.06.1979;0;1
HUZNUR;1;10.09.1985;0;1
YATI;1;3.11.1962;0;1
MUCIZIYE;1;9.01.1942;0;1
MUKLUMIYE;1;1.11.1967;0;1
VICIYE;1;5.07.1951;0;1
SELIMAT;1;26.06.1972;0;1
REKIME;1;7.11.1946;0;1
EUZAME;1;20.01.1970;0;1
SEMSEYE;1;9.03.1946;0;1
GULFEER;1;16.05.1971;0;1
DIYESEL;1;27.04.1962;0;1
SERFENE;1;22.02.1991;0;1
FADENI;1;17.03.1956;0;1
FIYDAN;1;19.10.1948;0;1
REVARIYE;1;10.05.1965;0;1
AYSELDIN;1;20.03.1966;0;1
HOBANIYE;1;2.10.1988;0;1
SEHURA;1;16.04.1957;0;1
EFSUNE;1;9.06.1977;0;1
OYGUL;1;21.09.1988;0;1
GULISMAN;1;11.02.1967;0;1
SELPIHAN;1;2.02.1984;0;1
MEFRIS;1;13.03.1949;0;1
ELPEREM;1;25.01.1973;0;1
HAFELI;1;22.04.1973;0;1
MUZIYER;1;21.01.1971;0;1
HELCAN;1;23.06.1986;0;1
HUMANE;1;26.01.1973;0;1
EPIRIM;1;16.07.1975;0;1
HAFIZANIM;1;16.05.1957;0;1
MERFUKE;1;11.04.1975;0;1
FAKUZA;1;26.05.1986;0;1
DILIBE;1;17.02.1972;0;1
YANEMIN;1;19.05.1974;0;1
DILFIL;1;8.03.1973;0;1
GULNADIRE;1;16.06.1961;0;1
SEHEYLAN;1;1.04.1968;0;1
FEVZIHA;1;23.10.1934;0;1
DUREFIYE;1;6.02.1951;0;1
BEDCAL;1;19.06.1960;0;1
GULZAHADE;1;24.02.1943;0;1
GULNAFIA;1;4.04.1940;0;1
SELVERDONUS;1;22.07.1949;0;1
HITEME;1;7.03.1958;0;1
INUFER;1;25.05.1964;0;1
GOLDALI;1;21.06.1959;0;1
ZEKILE;1;29.08.1974;0;1
ILIKA;1;29.07.1965;0;1
VERAYI;1;24.04.1973;0;1
ZAVEREN;1;3.07.1967;0;1
DURUZADE;1;4.06.1956;0;1
NIJDAN;1;26.03.1965;0;1
TELTEL;1;21.06.1965;0;1
HITCE;1;11.01.1956;0;1
RUZ;1;29.2.1942;0;1
NARIYMAN;1;4.10.1954;0;1
DUMU;1;7.02.1958;0;1
SEHMIL;1;2.11.1971;0;1
NICAYET;1;27.02.1956;0;1
GIYAMA;1;2.03.1969;0;1
NECIVER;1;12.07.1965;0;1
SEGILE;1;10.07.1974;0;1
ZULHUDAR;1;13.11.1963;0;1
MAYONOR;1;6.10.1948;0;1
YANIFER;1;23.03.1967;0;1
AYSUBAH;1;1.06.1988;0;1
UZEDE;1;30.12.1973;0;1
CEHANE;1;28.05.1962;0;1
SEYISTE;1;9.07.1955;0;1
GULTEZIN;1;15.09.1955;0;1
SERINNEZ;1;19.09.1971;0;1
SITDIKIYE;1;23.03.1971;0;1
MAYNIHUR;1;9.06.1966;0;1
KULEY;1;7.08.1952;0;1
NEPURE;1;15.02.1957;0;1
TUREYFI;1;27.02.1956;0;1
KANIMAT;1;24.12.1971;0;1
ILBAL;1;26.07.1967;0;1
NUTTIYA;1;12.08.1935;0;1
NUTYA;1;2.04.1957;0;1
GULHAZEN;1;8.09.1954;0;1
NUVERYA;1;29.05.1984;0;1
GULPERAN;1;26.11.1982;0;1
ETIFAT;1;2.06.1963;0;1
NESIRRIN;1;17.03.1954;0;1
EVCEN;1;16.03.1951;0;1
MEYTANE;1;6.03.1959;0;1
HALIMANA;1;16.08.1967;0;1
PINARAL;1;22.02.1961;0;1
MURKIZA;1;1.07.1936;0;1
MEPRUS;1;27.07.1956;0;1
ADTIKE;1;22.08.1969;0;1
MESYURE;1;22.01.1957;0;1
RUVIKE;1;23.09.1935;0;1
HURDAR;1;9.04.1981;0;1
MUSTEMA;1;26.09.1967;0;1
RANZAN;1;7.10.1961;0;1
NALVER;1;3.10.1969;0;1
GUTFIYE;1;26.12.1971;0;1
ILTUR;1;10.11.1976;0;1
YULE;1;19.06.1988;0;1
MUSTESNAN;1;5.04.1964;0;1
EBIYAT;1;4.06.1966;0;1
FERYUZA;1;24.12.1969;0;1
GULSERHAT;1;7.04.1970;0;1
SABIRANA;1;3.02.1945;0;1
SOFFANE;1;21.04.1987;0;1
FEDANE;1;6.10.1979;0;1
IOULIIA;1;26.07.1976;0;1
ULDUZA;1;22.10.1973;0;1
METTUN;1;26.05.1935;0;1
FERHAYI;1;24.08.1961;0;1
ZURBER;1;22.03.1972;0;1
FEHIMETE;1;26.06.1983;0;1
ZAHMANUR;1;14.04.1958;0;1
NEFZER;1;2.04.1958;0;1
GULAH;1;2.10.1963;0;1
SEHBINUR;1;23.06.1955;0;1
MAHLAKA;1;17.08.1930;0;1
SASULU;1;1.04.1955;0;1
NIBIYE;1;8.01.1963;0;1
BENEYSE;1;1.01.1962;0;1
GULLASVIYE;1;30.04.1969;0;1
HEPISE;1;27.07.1974;0;1
MURBANE;1;18.03.1953;0;1
GULEZIZ;1;6.08.1968;0;1
TEFKIFE;1;16.03.1946;0;1
DIGIYE;1;21.04.1956;0;1
SEMCEN;1;18.10.1980;0;1
ULFIE;1;24.05.1983;0;1
GUNESSER;1;10.02.1984;0;1
FEYZINAZ;1;13.04.1979;0;1
DENNUR;1;2.10.1970;0;1
EDIE;1;28.08.1961;0;1
SAVSER;1;10.06.1951;0;1
EFTALIN;1;6.02.1981;0;1
MISME;1;1.11.1950;0;1
BILKIBAR;1;24.10.1971;0;1
RUMASE;1;27.02.1950;0;1
GILAFER;1;24.09.1986;0;1
GULZAHDER;1;2.12.1955;0;1
HULVUYE;1;18.07.1966;0;1
EZOM;1;15.02.1978;0;1
MISEMMA;1;3.10.1973;0;1
NAIMENUR;1;13.11.1990;0;1
SEBIHNUR;1;17.08.1930;0;1
CUMRUTE;1;22.08.1937;0;1
MUDIYEN;1;14.06.1957;0;1
BIRMEZ;1;2.02.1975;0;1
RAHIGEN;1;22.11.1960;0;1
RAHYE;1;27.03.1950;0;1
TZVETA;1;29.07.1968;0;1
FERZADIYE;1;6.07.1937;0;1
EDILME;1;13.05.1952;0;1
SERAFIN;1;9.04.1971;0;1
CHENIS;1;15.12.1970;0;1
SELVENUR;1;11.03.1976;0;1
RUBAI;1;14.10.1946;0;1
ELITSA;1;5.10.1978;0;1
KINYA;1;23.09.1990;0;1
MUENSER;1;23.12.1965;0;1
AYTIBEN;1;28.11.1973;0;1
MESILSA;1;3.04.1976;0;1
ASMARA;1;27.02.1981;0;1
SONCAG;1;26.05.1968;0;1
NUFEZA;1;17.04.1954;0;1
BEDRIMEN;1;17.11.1936;0;1
EZGITAN;1;14.03.1989;0;1
MUMUFE;1;27.03.1956;0;1
GUNESELI;1;29.06.1964;0;1
NAZLIN;1;11.06.1949;0;1
IKREMEN;1;28.10.1963;0;1
GUBET;1;19.04.1988;0;1
WALBURGA;1;18.04.1948;0;1
MAYEME;1;6.09.1977;0;1
REYEGAN;1;27.10.1965;0;1
MURHANE;1;24.02.1955;0;1
AHMIDIYE;1;13.07.1932;0;1
MUSBANI;1;2.02.1945;0;1
DAZIYE;1;22.08.1931;0;1
GUNNEBAR;1;17.02.1966;0;1
BACIDE;1;26.09.1941;0;1
NEBAHU;1;3.11.1963;0;1
GARIPSEREN;1;17.01.1966;0;1
BEYNEZER;1;22.08.1925;0;1
GULDEFIRET;1;14.05.1951;0;1
SEZAKER;1;11.02.1952;0;1
MUETCEL;1;23.02.1956;0;1
MUCERREM;1;17.03.1966;0;1
NADISER;1;27.01.1955;0;1
NEBAHIR;1;30.12.1958;0;1
MURVANI;1;1.10.1948;0;1
RIZAFET;1;17.08.1936;0;1
GULBAHNE;1;23.05.1951;0;1
BEDAIYE;1;1.01.2001;0;1
GULBEYDIYE;1;27.10.1962;0;1
NEBAI;1;27.12.1954;0;1
SIGVAYET;1;6.02.1956;0;1
DUSEN;1;2.05.1991;0;1
CHIRMIN;1;9.07.1954;0;1
ZELNA;1;7.08.1946;0;1
UVERYA;1;27.03.1980;0;1
SERIFHANIYE;1;8.03.1956;0;1
MUBAREN;1;26.06.1967;0;1
MUKNESEL;1;18.12.1966;0;1
GULSAYE;1;24.02.1967;0;1
ECEBIYE;1;1.06.1959;0;1
SEVNEZ;1;14.05.1977;0;1
TESELLAH;1;25.04.1989;0;1
EMYAN;1;13.03.1947;0;1
HERCIN;1;11.11.1971;0;1
TEGMINE;1;9.12.1967;0;1
MINAZIYE;1;12.08.1929;0;1
MUKANBER;1;8.09.1934;0;1
GULLUSEFAR;1;29.01.1962;0;1
MURVANE;1;17.08.1924;0;1
YELSEMIN;1;16.10.1968;0;1
SELMINAR;1;17.10.1963;0;1
EPRUH;1;3.02.1975;0;1
UZEIME;1;22.04.1958;0;1
NEHVEDA;1;5.07.1956;0;1
MURKANE;1;17.02.1954;0;1
MUNESFER;1;21.06.1933;0;1
MURMET;1;12.08.1935;0;1
VENSER;1;9.03.1942;0;1
SEHRIYAN;1;13.06.1937;0;1
SEYIDENAZ;1;6.09.1966;0;1
INAYETGUL;1;11.07.1969;0;1
IMMAS;1;14.02.1934;0;1
NIYYAR;1;16.02.1938;0;1
FATIE;1;22.10.1964;0;1
GUNNUFER;1;21.11.1982;0;1
MUEZZIME;1;21.04.1946;0;1
MUSTEZAT;1;15.01.1965;0;1
NUHTAC;1;3.12.1989;0;1
UMUKUL;1;18.01.1960;0;1
SAHSIGUR;1;11.02.1961;0;1
MIGRI;1;23.02.1976;0;1
NEZIYEN;1;29.05.1981;0;1
GULLUAN;1;15.01.1956;0;1
NEFURIYE;1;21.01.1981;0;1
RADVANIYE;1;26.12.1953;0;1
CENISE;1;2.02.1963;0;1
SERIYEN;1;13.02.1964;0;1
HATFET;1;1.02.1959;0;1
HASAME;1;27.05.1934;0;1
ORANIYE;1;25.11.1966;0;1
URFER;1;14.02.1965;0;1
SAYSI;1;2.08.1921;0;1
NEFSAR;1;13.10.1948;0;1
ATVET;1;12.08.1941;0;1
BIGUN;1;4.11.1976;0;1
DILAVERIYE;1;3.02.1977;0;1
SINUS;1;26.02.1953;0;1
DARSA;1;11.09.1958;0;1
BEDAG;1;21.09.1989;0;1
UMZADIYE;1;29.04.1967;0;1
SERIHKE;1;16.01.1959;0;1
MOSUNE;1;13.04.1960;0;1
ENGINAN;1;5.06.1984;0;1
NERIHSUL;1;17.07.1966;0;1
BEDRIHA;1;26.06.1966;0;1
SEHMAT;1;11.04.1962;0;1
UNNIYE;1;27.02.1972;0;1
MIDDER;1;20.12.1964;0;1
RUMIZ;1;21.11.1964;0;1
EREYFE;1;30.04.1968;0;1
SELCANGUL;1;6.04.1984;0;1
ESENNURAY;1;12.08.1969;0;1
FERANNUR;1;26.01.1974;0;1
PLANUR;1;15.06.1973;0;1
NALAHA;1;20.07.1958;0;1
FESLAN;1;9.02.1947;0;1
GUNSELVI;1;22.12.1967;0;1
SALIHYE;1;18.04.1938;0;1
MUCIHAN;1;6.04.1965;0;1
KEZMAHAN;1;11.01.1977;0;1
ILKDENIZ;1;19.02.1978;0;1
EMRUBA;1;6.03.1989;0;1
NETAFER;1;6.10.1936;0;1
MUKKERIYEM;1;25.11.1959;0;1
GULDET;1;23.06.1974;0;1
CEYA;1;21.06.1964;0;1
HULAFE;1;16.04.1961;0;1
VERDINAL;1;1.04.1961;0;1
SEHERGUHER;1;26.08.1943;0;1
MISKANE;1;28.12.1961;0;1
SUHFEYLA;1;4.07.1966;0;1
AYESTE;1;3.08.1928;0;1
MEMRUYE;1;29.04.1966;0;1
MORSUDE;1;7.02.1959;0;1
MEYDINE;1;6.11.1956;0;1
SEYNURIYE;1;21.04.1960;0;1
MUSFEDES;1;11.07.1973;0;1
ZERGUYER;1;24.05.1961;0;1
ZAYDIYE;1;6.11.1942;0;1
MERGUSKALE;1;26.02.1952;0;1
GULLAYET;1;28.10.1970;0;1
MEMZUGA;1;11.03.1939;0;1
VELMIYE;1;12.03.1934;0;1
ILKBAHAN;1;17.12.1972;0;1
MEVKUDE;1;22.08.1955;0;1
GULVIDE;1;24.12.1962;0;1
RAGILIA;1;14.05.1975;0;1
ZULFERIT;1;6.12.1949;0;1
GULFESNI;1;10.03.1950;0;1
ZEMNA;1;18.09.1966;0;1
NEVVIM;1;19.02.1962;0;1
BAHATIYAR;1;11.04.1968;0;1
MUSERRIT;1;26.01.1937;0;1
MENIFER;1;20.01.1956;0;1
YAGSIMIN;1;11.09.1973;0;1
REMIKA;1;11.05.1937;0;1
SADETKA;1;28.03.1977;0;1
MUNEKBER;1;9.04.1941;0;1
ACZE;1;18.07.1954;0;1
NECZA;1;26.01.1957;0;1
MUJGELEN;1;7.07.1968;0;1
KHIRDA;1;30.2.1976;0;1
BAKHIRA;1;7.07.1965;0;1
UMURDE;1;30.11.1953;0;1
NAHIHAN;1;21.06.1962;0;1
CEMASIYE;1;14.02.1961;0;1
KAHDIRIYE;1;27.04.1971;0;1
ZUMRUYEGUL;1;2.03.1951;0;1
NERKUZEL;1;24.04.1946;0;1
SEVINDAN;1;1.02.1962;0;1
FENIS;1;21.05.1945;0;1
FEJLA;1;12.08.1959;0;1
ESREL;1;9.09.1975;0;1
SEHUCAN;1;29.12.1952;0;1
MUNEZZAT;1;9.06.1957;0;1
MELIHSA;1;15.11.1979;0;1
GURBAL;1;24.02.1949;0;1
LULVE;1;10.01.1991;0;1
SEVERCEN;1;24.08.1963;0;1
MUSABBER;1;4.05.1947;0;1
ZUFEL;1;16.03.1976;0;1
GUNTEZI;1;21.10.1978;0;1
FELIZAN;1;6.09.1944;0;1
RESAVIYE;1;14.03.1945;0;1
NEYLIHAN;1;8.09.1977;0;1
AHTIYAR;1;26.05.1946;0;1
ENIR;1;2.05.1968;0;1
SEVEZ;1;23.10.1938;0;1
DILESER;1;27.01.1964;0;1
SOHELA;1;16.08.1933;0;1
ZILDAN;1;15.02.1956;0;1
NOFET;1;23.03.1941;0;1
NEDIMER;1;26.09.1963;0;1
BINBAS;1;6.08.1950;0;1
NEVREZE;1;17.11.1954;0;1
NURSELET;1;15.07.1953;0;1
MANINDE;1;27.08.1938;0;1
GHIULISEN;1;26.08.1953;0;1
SEYAAT;1;14.10.1932;0;1
IRAZGUL;1;1.01.1971;0;1
LEVUZA;1;3.10.1944;0;1
NEZAYIT;1;9.04.1941;0;1
SEYRUS;1;23.06.1939;0;1
URKUNAZ;1;12.03.1954;0;1
CUMAZADE;1;16.11.1952;0;1
FIRDEYS;1;24.11.1970;0;1
NERZIVAN;1;16.02.1967;0;1
ZERREF;1;9.05.1962;0;1
NEIMAN;1;11.10.1981;0;1
KAFE;1;29.11.1925;0;1
UMIDI;1;16.09.1951;0;1
TENZEGUL;1;11.04.1962;0;1
HASIRIYE;1;7.03.1964;0;1
IFNEHAT;1;2.10.1941;0;1
EDARET;1;20.04.1931;0;1
MUBEDDILE;1;29.09.1951;0;1
MERDUSAN;1;29.04.1949;0;1
HENDUNE;1;18.12.1961;0;1
VAKIS;1;27.08.1932;0;1
BURRUN;1;7.09.1952;0;1
MESADED;1;25.09.1984;0;1
UPET;1;26.12.1972;0;1
KERIMUS;1;2.09.1968;0;1
MOZKAN;1;27.06.1967;0;1
FERUNNISA;1;23.12.1991;0;1
RAYLIN;1;26.12.1983;0;1
TULEYLA;1;14.01.1961;0;1
ESRUYE;1;7.11.1959;0;1
ETLIHA;1;26.11.1949;0;1
VILDER;1;14.09.1989;0;1
NISAY;1;16.05.1982;0;1
KUNDAHAR;1;1.06.1973;0;1
MUFDI;1;25.03.1957;0;1
DUCEYNE;1;5.05.1950;0;1
GELSEN;1;1.05.1955;0;1
NAILGUL;1;27.02.1962;0;1
LUBEYLE;1;17.03.1963;0;1
SIYE;1;16.07.1975;0;1
FULIZA;1;26.09.1971;0;1
MEHIDYE;1;2.08.1975;0;1
NEFNET;1;11.06.1946;0;1
ZULKINAZ;1;12.03.1977;0;1
MUNIRSEL;1;22.01.1960;0;1
ZULKINA;1;27.02.1974;0;1
ZEYHIT;1;16.11.1969;0;1
HAYRINISAL;1;29.2.1961;0;1
ZULGEDER;1;4.11.1960;0;1
GOLEYSE;1;23.03.1937;0;1
GELMET;1;27.08.1956;0;1
KASUN;1;14.06.1956;0;1
ORLINDA;1;10.06.1991;0;1
SHEMAYLA;1;9.06.1990;0;1
MURANDA;1;19.06.1949;0;1
CORJET;1;16.05.1935;0;1
BALANARGIZ;1;2.09.1960;0;1
FATUMATUSZEHRA;1;12.08.1923;0;1
GULON;1;13.04.1946;0;1
BURBARA;1;1.06.1955;0;1
ANTEA;1;29.11.1991;0;1
IBDISAN;1;6.01.1928;0;1
ORIMA;1;21.01.1948;0;1
IRIKETI;1;27.08.1938;0;1
VEFIZE;1;6.02.1948;0;1
ERMIDE;1;25.05.1948;0;1
YIMIN;1;27.06.1957;0;1
LILVANA;1;1.10.1956;0;1
SILFA;1;11.07.1962;0;1
PUNDA;1;26.04.1972;0;1
MIRYENE;1;21.04.1957;0;1
RIKZEN;1;28.04.1950;0;1
INZAMIN;1;6.11.1944;0;1
KEFFO;1;7.08.1976;0;1
MIEHAOL;1;26.06.1961;0;1
MIHTIBAR;1;23.09.1943;0;1
SAFISAN;1;23.07.1951;0;1
SINNUS;1;29.09.1969;0;1
GEDEM;1;27.07.1974;0;1
SAHSIYLE;1;21.11.1959;0;1
IFKAY;1;26.06.1963;0;1
SEYFIYETULAH;1;2.02.1957;0;1
JEHAD;1;22.09.1949;0;1
CINGA;1;24.08.1989;0;1
BARRAH;1;7.02.1983;0;1
ZULHIGER;1;22.02.1967;0;1
ROJALIN;1;7.02.1982;0;1
ELBIZET;1;19.12.1966;0;1
HURIFIYE;1;19.06.1973;0;1
GUREVI;1;17.02.1954;0;1
BERZEG;1;27.05.1986;0;1
CANTENUR;1;2.02.1969;0;1
NAFIZEALEV;1;26.09.1948;0;1
TEFHIKA;1;28.02.1961;0;1
SEHIRDAN;1;2.05.1944;0;1
ELMIKA;1;5.04.1975;0;1
HAYATIME;1;18.02.1960;0;1
MEYYAS;1;21.12.1969;0;1
HESIFA;1;7.07.1969;0;1
NURILHADA;1;19.11.1965;0;1
SIHEMI;1;12.02.1971;0;1
TEHIR;1;7.06.1964;0;1
GAZRA;1;22.02.1967;0;1
KANABA;1;12.08.1959;0;1
GOZEYIN;1;26.02.1939;0;1
SIVILE;1;23.08.1967;0;1
IKFIYA;1;12.09.1977;0;1
TEYFER;1;8.04.1946;0;1
NEZALET;1;10.10.1944;0;1
MERDIYYE;1;4.04.1988;0;1
HIMSAN;1;7.07.1963;0;1
IHVIYE;1;6.10.1940;0;1
ILTIDAR;1;27.12.1968;0;1
BENEV;1;22.09.1954;0;1
MEYYASI;1;7.08.1928;0;1
GULRAHIME;1;10.11.1965;0;1
ADILEY;1;7.02.1946;0;1
ASFIHAN;1;12.08.1971;0;1
MALAKE;1;6.08.1977;0;1
UNABER;1;12.08.1929;0;1
SELNAN;1;28.12.1982;0;1
SELVERGUL;1;10.01.1987;0;1
HAVRIYE;1;11.05.1973;0;1
SEMINI;1;12.06.1947;0;1
CAGALA;1;18.05.1979;0;1
GUBREYYA;1;28.03.1948;0;1
TEVVABE;1;21.08.1960;0;1
SITFIYE;1;6.11.1937;0;1
GUNUHAN;1;30.04.1963;0;1
ADANIR;1;27.10.1980;0;1
TUZEYRA;1;15.02.1976;0;1
BEKYE;1;7.08.1928;0;1
DEGIM;1;6.11.1981;0;1
MUHAMMED;34776;21.07.1983;34776;0
SAIT;33277;21.05.1964;33277;0
RASIM;24877;1.10.1961;24877;0
SEYFETTIN;23615;20.05.1965;23615;0
NIZAMETTIN;17780;22.07.1964;17780;0
SEYHMUS;17013;7.05.1968;17013;0
HUSAMETTIN;16418;11.09.1964;16418;0
HIDIR;15825;14.07.1962;15825;0
RASIT;14709;3.07.1964;14709;0
ABBAS;11163;2.01.1963;11163;0
FEYZULLAH;10730;21.01.1967;10730;0
ISHAK;9873;24.06.1969;9873;0
ALAETTIN;9866;19.12.1959;9866;0
OKKES;9564;26.10.1967;9564;0
ABDULAZIZ;9469;5.12.1966;9469;0
SEHMUS;9018;30.07.1971;9018;0
CENK;8721;20.09.1980;8721;0
EBUBEKIR;7902;16.02.1974;7902;0
ABDULVAHAP;7860;5.08.1969;7860;0
ALPASLAN;7539;13.10.1975;7539;0
BURHANETTIN;7148;23.10.1964;7148;0
BATTAL;6456;15.02.1965;6456;0
SEYFULLAH;6169;14.04.1969;6169;0
ABDULHAMIT;6108;9.12.1967;6108;0
ALAADDIN;6061;21.02.1968;6061;0
YUNIS;6005;14.06.1966;6005;0
KEMALETTIN;5716;25.10.1961;5716;0
VAHDETTIN;5468;11.11.1966;5468;0
ALIRIZA;5076;14.01.1963;5076;0
ALPARSLAN;5055;21.08.1976;5055;0
RAMADAN;4866;8.09.1958;4866;0
DURALI;4583;25.08.1961;4583;0
ABDULHAKIM;4289;30.01.1974;4289;0
ABDULHALIM;4245;18.06.1970;4245;0
SELAHADDIN;4212;19.08.1960;4212;0
ABDIL;4176;30.09.1963;4176;0
KUTBETTIN;3887;6.09.1969;3887;0
VAKKAS;3815;15.10.1964;3815;0
ABDULMECIT;3778;6.10.1964;3778;0
ABDULSELAM;3717;11.11.1975;3717;0
ATALAY;3652;10.05.1971;3652;0
NUREDDIN;3611;24.11.1961;3611;0
ABDURAHMAN;3585;7.06.1961;3585;0
MIKDAT;3475;13.10.1958;3475;0
SELAHITTIN;3453;28.03.1957;3453;0
MEHMETALI;3377;15.08.1962;3377;0
MUTTALIP;3340;8.12.1966;3340;0
NUSRETTIN;3259;14.02.1963;3259;0
GIYASETTIN;3251;2.06.1969;3251;0
SADRETTIN;3082;18.08.1966;3082;0
NASUH;3080;22.05.1961;3080;0
MUHYETTIN;3078;6.10.1967;3078;0
ERKUT;2954;3.12.1978;2954;0
ABIT;2949;10.11.1965;2949;0
ABDULGANI;2936;19.09.1968;2936;0
ZUHTU;2880;10.11.1960;2880;0
NURITTIN;2775;28.05.1958;2775;0
KIYASETTIN;2745;25.05.1966;2745;0
FETHULLAH;2585;25.09.1975;2585;0
ALAEDDIN;2517;22.11.1960;2517;0
HALDUN;2508;10.10.1972;2508;0
BESTAMI;2461;2.05.1975;2461;0
ABDULBARI;2445;13.06.1964;2445;0
ABDULCELIL;2436;30.06.1970;2436;0
FAYIK;2415;18.08.1965;2415;0
BAHADDIN;2386;6.01.1964;2386;0
ABDULHALIK;2386;10.05.1970;2386;0
TEYFIK;2384;25.02.1968;2384;0
EFENDI;2349;12.07.1963;2349;0
IDIRIS;2309;9.02.1966;2309;0
MACIT;2291;30.11.1963;2291;0
MIKTAT;2265;25.02.1962;2265;0
NECMEDDIN;2245;30.01.1964;2245;0
ABDULMUTTALIP;2243;26.03.1973;2243;0
MUHIDDIN;2205;23.09.1959;2205;0
RAUF;2191;4.06.1967;2191;0
ABDULMENAF;2184;9.07.1973;2184;0
ABDULGAFUR;2150;14.03.1968;2150;0
ABDULSAMET;2106;11.03.1983;2106;0
ZEKAYI;2090;20.11.1968;2090;0
SAYIT;2018;18.05.1964;2018;0
METEHAN;2015;25.04.1983;2015;0
ABDUSSELAM;2000;7.05.1968;2000;0
CANIP;1921;30.10.1964;1921;0
FETULLAH;1910;24.03.1974;1910;0
SERACETTIN;1894;24.05.1969;1894;0
REMEZAN;1849;16.12.1958;1849;0
CABBAR;1834;8.07.1966;1834;0
ALAITTIN;1791;16.03.1958;1791;0
TOLGAHAN;1717;27.12.1986;1717;0
KORKMAZ;1651;13.12.1970;1651;0
ABDULCEBBAR;1632;25.07.1968;1632;0
DURSUNALI;1611;5.10.1959;1611;0
KERAMETTIN;1599;1.11.1965;1599;0
SEDRETTIN;1538;29.05.1965;1538;0
TAYYIP;1513;25.11.1963;1513;0
SEMSEDDIN;1496;7.05.1963;1496;0
KAGAN;1466;6.08.1982;1466;0
ABDURREZAK;1422;8.04.1968;1422;0
ASAF;1400;1.05.1964;1400;0
CUMAALI;1399;21.01.1969;1399;0
BAHAETTIN;1390;22.05.1955;1390;0
SIRACETTIN;1376;10.03.1972;1376;0
SELAHETTIN;1375;27.10.1954;1375;0
ZEKERIYYA;1374;17.12.1963;1374;0
REIS;1351;23.07.1972;1351;0
MEHMED;1348;10.12.1966;1348;0
ABDULSEMET;1337;1.12.1973;1337;0
ZIYAETTIN;1296;2.07.1958;1296;0
HAYREDDIN;1295;15.11.1963;1295;0
UBEYDULLAH;1282;9.06.1974;1282;0
YONUS;1280;22.10.1959;1280;0
MURAD;1277;2.01.1971;1277;0
TEFIK;1270;2.05.1965;1270;0
APTULLAH;1252;2.11.1961;1252;0
SULHATTIN;1251;5.04.1963;1251;0
AGA;1238;15.02.1956;1238;0
HALILIBRAHIM;1234;7.11.1965;1234;0
ZIYATTIN;1228;18.04.1963;1228;0
HULISI;1223;24.07.1966;1223;0
ABDURREZZAK;1220;24.12.1971;1220;0
LUTFULLAH;1199;20.03.1970;1199;0
ALISEYDI;1194;21.04.1961;1194;0
ZEYNELABIDIN;1194;9.06.1968;1194;0
BAHITTIN;1175;12.12.1964;1175;0
AHMED;1168;30.08.1971;1168;0
HAMDIN;1164;30.01.1973;1164;0
MIRZE;1157;16.02.1962;1157;0
ABDULVAHIT;1139;23.02.1967;1139;0
EFRAIM;1136;21.06.1965;1136;0
FAHREDDIN;1131;16.10.1960;1131;0
ALIOSMAN;1131;15.12.1960;1131;0
ABDO;1127;22.04.1956;1127;0
SAMED;1102;23.02.1988;1102;0
AGAH;1096;8.03.1967;1096;0
SEYFEDDIN;1078;13.04.1964;1078;0
SAHISMAIL;1057;21.06.1960;1057;0
GAFUR;1049;25.07.1965;1049;0
ALIEKBER;1034;14.03.1969;1034;0
CELALEDDIN;1029;11.09.1967;1029;0
ALADDIN;1022;20.09.1968;1022;0
NEJMI;1012;24.06.1969;1012;0
NASRETTIN;1004;23.06.1967;1004;0
IZETTIN;986;13.04.1971;986;0
SELAMETTIN;978;18.08.1966;978;0
VAHYETTIN;961;19.03.1970;961;0
SADRI;949;17.03.1962;949;0
SEREFETTIN;945;15.06.1965;945;0
NEJMETTIN;942;9.03.1970;942;0
REMAZAN;933;26.03.1961;933;0
ALPTEKIN;933;19.09.1974;933;0
MULAZIM;924;15.06.1961;924;0
BAYRAMALI;916;12.09.1961;916;0
HALAF;897;21.06.1960;897;0
SALAHADDIN;895;12.12.1958;895;0
ABDULVEHAP;895;9.06.1968;895;0
ALETTIN;878;12.12.1961;878;0
KURTCA;873;19.02.1962;873;0
SABAHADDIN;871;2.05.1961;871;0
ISMAYIL;866;17.12.1965;866;0
SEBAHADDIN;864;23.11.1960;864;0
ERTUNC;863;7.02.1978;863;0
APDULLAH;858;26.05.1961;858;0
ABDURRAZAK;850;25.02.1965;850;0
RASIH;844;14.04.1960;844;0
VASIF;829;20.12.1962;829;0
SEYFITTIN;813;11.07.1956;813;0
ALLAHVERDI;810;14.04.1961;810;0
IZZEDDIN;809;14.07.1969;809;0
AYETULLAH;809;17.10.1983;809;0
ZEYDIN;802;22.05.1971;802;0
ENSARI;800;19.11.1974;800;0
DURHASAN;790;29.05.1961;790;0
SELEHATTIN;786;10.04.1964;786;0
VELIT;775;24.06.1978;775;0
ERTURK;774;16.01.1974;774;0
RAKIP;771;3.02.1967;771;0
ABDULHEKIM;758;21.07.1975;758;0
CAPAN;754;9.01.1964;754;0
ABDULLA;749;23.05.1960;749;0
MUHAMET;746;24.08.1969;746;0
MUGDAT;722;11.11.1974;722;0
FASIH;722;7.03.1970;722;0
MUNIP;718;25.12.1961;718;0
NECMITTIN;716;4.09.1955;716;0
TACEDDIN;714;24.01.1962;714;0
KARABEY;713;22.10.1956;713;0
ERKAL;711;17.05.1967;711;0
ALIBEY;705;7.12.1960;705;0
ABDUSSAMET;700;21.10.1977;700;0
SIHMEHMET;694;12.12.1967;694;0
HUSAMEDDIN;686;8.07.1961;686;0
ABDURRAZZAK;671;17.10.1967;671;0
ALAHATTIN;669;23.11.1966;669;0
VAHITTIN;664;22.10.1958;664;0
ALAIDDIN;662;14.07.1959;662;0
NASUF;656;23.08.1961;656;0
CIMSIT;653;6.08.1959;653;0
YASIR;650;14.08.1985;650;0
NIZAMEDDIN;650;6.11.1963;650;0
GULALI;646;3.09.1959;646;0
CAVAT;645;25.05.1961;645;0
DURMUSALI;645;15.01.1959;645;0
DIYADIN;644;8.06.1975;644;0
SABETTIN;635;17.10.1966;635;0
MUHUTTIN;634;14.11.1964;634;0
SERAFEDDIN;632;12.09.1958;632;0
MUSAMETTIN;630;7.03.1963;630;0
ABDULNASIR;622;22.10.1974;622;0
ABDULRAHIM;612;14.12.1974;612;0
SIHMUS;609;3.08.1964;609;0
KUDBETTIN;608;13.06.1972;608;0
RASUL;608;12.01.1968;608;0
ATNAN;603;2.04.1967;603;0
GENCAGA;602;7.02.1961;602;0
ABDULBASIT;595;9.06.1977;595;0
SEYHDAVUT;593;14.01.1970;593;0
M.EMIN;590;4.02.1952;590;0
ABDULMELIK;587;6.11.1975;587;0
FARAC;587;15.05.1962;587;0
CEMALEDDIN;586;1.11.1962;586;0
ALIIHSAN;582;24.09.1963;582;0
BERKER;577;23.07.1986;577;0
BABA;573;22.01.1957;573;0
YONIS;571;20.04.1963;571;0
BEHSAT;568;4.11.1968;568;0
RECEB;567;21.02.1963;567;0
ZAIM;556;8.04.1960;556;0
CEVZET;555;25.01.1973;555;0
KARTAL;548;29.2.1981;548;0
NEVAF;544;26.05.1970;544;0
SAHMETTIN;540;6.02.1961;540;0
SAIP;539;19.11.1961;539;0
ERTAS;539;12.10.1975;539;0
ZIYADDIN;537;16.08.1962;537;0
MERTCAN;536;22.03.1989;536;0
ABDULHALUK;532;24.02.1977;532;0
COSGUN;529;9.10.1967;529;0
GULAHMET;527;8.02.1963;527;0
HIFZULLAH;525;6.12.1972;525;0
MUCAHID;521;1.11.1984;521;0
NURIDDIN;518;16.02.1955;518;0
DEMIRALI;517;10.09.1954;517;0
KARANI;513;16.04.1963;513;0
ABDILKADIR;509;1.06.1965;509;0
SABAHITTIN;508;7.04.1960;508;0
ZEYNEDDIN;505;6.07.1973;505;0
HACIBEY;505;20.06.1958;505;0
SEMDIN;498;2.10.1966;498;0
SAVCI;496;28.02.1976;496;0
ABDURREHIM;492;21.07.1965;492;0
YADIN;489;19.09.1968;489;0
MUTALIP;487;27.07.1974;487;0
DIYAP;485;13.06.1963;485;0
DANYAL;485;5.10.1970;485;0
MURATHAN;481;20.09.1980;481;0
LAZGIN;481;21.10.1975;481;0
SALAHITTIN;481;22.05.1951;481;0
ABDULGAFFAR;474;18.01.1968;474;0
MUHYEDDIN;472;7.09.1966;472;0
ZIKRULLAH;470;2.01.1972;470;0
ABDULALIM;468;11.08.1971;468;0
SUKRI;468;3.10.1961;468;0
EBEDIN;465;8.02.1970;465;0
MEHMETEMIN;464;15.10.1967;464;0
SECAATTIN;460;1.01.1963;460;0
VEJDI;456;8.12.1971;456;0
SERTIF;453;20.03.1969;453;0
ORBAY;448;16.06.1977;448;0
CANBERK;446;19.12.1988;446;0
FEVZULLAH;443;6.06.1970;443;0
GOKTURK;442;6.08.1981;442;0
SEMISTAN;442;22.01.1960;442;0
ABDULCABBAR;441;9.03.1967;441;0
NEYTULLAH;439;25.03.1976;439;0
FEREMEZ;436;6.04.1970;436;0
BEDREDDIN;431;25.03.1966;431;0
OMERUL;431;4.09.1965;431;0
NAHSEN;430;8.07.1970;430;0
VAHIP;429;22.07.1961;429;0
SELHATTIN;426;15.03.1973;426;0
SELAATTIN;425;16.04.1962;425;0
AMIR;424;1.10.1966;424;0
SIHMUSLUM;424;8.10.1963;424;0
BEYSIM;422;22.03.1963;422;0
MEHDIN;419;4.09.1972;419;0
ABDUSSEMET;419;22.06.1964;419;0
VAHDI;419;8.04.1961;419;0
EDHEM;418;17.07.1964;418;0
BOLAT;418;26.08.1965;418;0
TACITTIN;416;6.07.1958;416;0
HACIALI;416;24.05.1966;416;0
KAMAL;415;23.10.1956;415;0
SELAHATDIN;414;23.08.1960;414;0
METHI;412;15.10.1972;412;0
MEZHER;410;25.07.1971;410;0
SEYITALI;410;30.11.1959;410;0
ABDULCEBAR;409;23.04.1972;409;0
ZUBEYIT;409;29.12.1966;409;0
KUTBEDDIN;408;2.06.1969;408;0
FERID;407;22.01.1966;407;0
EFRAYIM;406;11.01.1967;406;0
HAMID;402;12.12.1968;402;0
CAZIM;401;20.01.1960;401;0
SAMETTIN;400;2.10.1961;400;0
UBEYT;399;3.04.1969;399;0
KOROGLU;399;14.06.1963;399;0
MAHMUD;398;8.06.1975;398;0
HAYRITTIN;398;14.02.1955;398;0
OZBEY;396;15.01.1971;396;0
BURHANEDDIN;392;16.03.1965;392;0
FAHRITTIN;392;8.06.1953;392;0
KURBANI;391;17.05.1962;391;0
APTI;391;8.10.1959;391;0
NAYIL;390;6.04.1966;390;0
KOCALI;390;8.10.1961;390;0
MIHDI;389;19.01.1969;389;0
ASIF;388;13.05.1966;388;0
BUBO;388;8.06.1957;388;0
MUSTECEP;388;8.06.1957;388;0
ERALP;387;30.04.1980;387;0
TEYMUR;387;15.08.1962;387;0
BEDII;385;5.09.1967;385;0
SADEDDIN;383;20.01.1964;383;0
NUSREDDIN;380;27.05.1962;380;0
TAHIRHAN;380;16.04.1971;380;0
TACDIN;379;27.01.1964;379;0
FAYAT;377;2.05.1968;377;0
VACIP;376;19.09.1966;376;0
ERDENER;374;16.10.1973;374;0
SEKVAN;371;10.05.1978;371;0
MENAF;370;16.11.1975;370;0
SUBHI;369;20.08.1961;369;0
AGOP;366;10.04.1949;366;0
ELLEZ;365;7.12.1960;365;0
CERCIS;363;11.03.1963;363;0
NURETDIN;359;4.05.1962;359;0
SEYDOS;359;23.12.1968;359;0
TEVHIT;358;15.10.1963;358;0
ELBEYI;358;2.03.1956;358;0
SEYITAHMET;358;2.01.1964;358;0
MASHAR;356;3.03.1968;356;0
ALIHAYDAR;355;5.11.1959;355;0
NECATIN;354;30.11.1963;354;0
ERTURUL;352;3.11.1965;352;0
CENKER;352;24.02.1980;352;0
ABDULFETTAH;351;27.01.1964;351;0
SUAYP;348;23.03.1976;348;0
HASANALI;345;26.09.1963;345;0
MUNZUR;342;6.12.1952;342;0
SULHETTIN;341;29.08.1961;341;0
HASANHUSEYIN;339;5.03.1964;339;0
VESIM;339;2.10.1974;339;0
BEHREM;336;19.12.1966;336;0
CAHFER;336;25.06.1973;336;0
TAKI;335;5.11.1965;335;0
ABDULREZZAK;335;4.09.1975;335;0
NECAATTIN;335;13.05.1961;335;0
SELAHIDDIN;332;27.11.1954;332;0
KIRKOR;331;2.11.1948;331;0
DURDALI;330;26.01.1962;330;0
MEHMETCAN;327;8.03.1980;327;0
ISRAIL;325;3.11.1958;325;0
ZIYAEDDIN;325;23.01.1961;325;0
EYYUB;324;13.09.1973;324;0
MUAZ;323;7.01.1983;323;0
BARBOROS;322;4.03.1976;322;0
TEMER;320;29.08.1966;320;0
DIYADDIN;317;5.05.1978;317;0
MIRSEVDIN;317;13.06.1965;317;0
MUSAB;316;7.07.1988;316;0
SULHADDIN;316;17.08.1964;316;0
H.IBRAHIM;313;10.01.1950;313;0
ALAMETTIN;313;12.02.1972;313;0
HIYASETTIN;311;28.04.1964;311;0
OKYAY;310;8.02.1970;310;0
DAIMI;308;12.01.1974;308;0
ATAHAN;306;9.02.1983;306;0
MUHAREM;305;4.12.1971;305;0
M.ALI;303;14.11.1949;303;0
KUTFETTIN;303;23.08.1964;303;0
ALIASKER;302;23.11.1965;302;0
AHMETALI;302;4.01.1962;302;0
YAGUP;299;29.03.1966;299;0
ALIYAR;299;21.12.1954;299;0
HAKKAN;297;13.06.1979;297;0
SAHBETTIN;296;12.12.1970;296;0
CANDEMIR;295;7.07.1973;295;0
ZIYETTIN;294;20.11.1960;294;0
ARTIN;293;3.09.1948;293;0
VELITTIN;292;23.01.1958;292;0
ABDULREZAK;289;27.02.1971;289;0
ZEKARIYA;288;9.01.1967;288;0
SAHAMETTIN;286;20.05.1951;286;0
SERKANT;286;19.04.1977;286;0
CUNEYD;285;3.11.1976;285;0
ILBEYI;285;28.04.1956;285;0
EYUB;284;21.01.1970;284;0
YAKUB;284;25.12.1968;284;0
ALIPASA;284;12.02.1961;284;0
HABIBULLAH;284;18.11.1969;284;0
ZEYNALABIDIN;283;26.12.1971;283;0
ZIYAFETTIN;283;6.12.1961;283;0
MUTULLAH;281;6.12.1963;281;0
IDRIZ;279;10.01.1963;279;0
SABAHETTIN;278;13.02.1959;278;0
HALIDUN;277;17.12.1960;277;0
SAMITTIN;277;11.04.1962;277;0
SIHLI;276;19.02.1960;276;0
ABID;275;19.05.1965;275;0
KAPTAN;273;2.06.1962;273;0
DURBABA;272;11.08.1955;272;0
ABIDDIN;270;9.01.1974;270;0
ZUBEYR;269;2.06.1972;269;0
KUDBEDDIN;269;28.01.1975;269;0
ZEYNULLAH;269;18.05.1958;269;0
ABTULLAH;267;28.03.1963;267;0
MISTIK;266;22.09.1954;266;0
SUAYYIP;266;11.04.1961;266;0
NECAETTIN;265;30.07.1954;265;0
REFAETTIN;265;15.04.1960;265;0
ECVET;264;14.10.1970;264;0
ABDULRAHMAN;262;2.02.1971;262;0
SAHMURAT;262;13.11.1958;262;0
ALPTUG;262;8.12.1985;262;0
M.SALIH;262;22.02.1954;262;0
SUNULLAH;259;7.10.1970;259;0
ZIYAATTIN;259;9.10.1960;259;0
VAKAS;258;29.07.1949;258;0
BAHAEDDIN;257;28.10.1958;257;0
ELAATTIN;257;14.09.1959;257;0
MIHTAT;256;20.03.1967;256;0
HAYDER;255;17.03.1959;255;0
TOPCU;255;12.04.1964;255;0
MUDUR;254;10.10.1963;254;0
BINYAMIN;254;25.01.1970;254;0
YUNUZ;254;15.09.1966;254;0
SEYDAHMET;254;3.05.1965;254;0
SAHABEDDIN;252;26.02.1966;252;0
RUSDU;251;5.03.1955;251;0
ALEDDIN;250;12.11.1961;250;0
DAVUD;249;10.05.1971;249;0
M.ZEKI;249;4.04.1954;249;0
RECEPALI;249;30.04.1965;249;0
ERKAM;248;23.03.1987;248;0
MIZBAH;248;12.07.1974;248;0
SEMSITTIN;248;22.12.1954;248;0
ABDUSSAMED;248;12.09.1985;248;0
ATABEY;248;21.06.1968;248;0
ABDULILAH;246;23.09.1973;246;0
GIYASEDDIN;246;14.01.1971;246;0
MEMETALI;245;20.01.1958;245;0
ZUHDU;244;4.12.1955;244;0
YIGITCAN;243;20.09.1989;243;0
SALAHETTIN;243;22.08.1951;243;0
SAYIP;242;19.03.1962;242;0
ABDULSAMED;241;17.01.1986;241;0
KALIP;240;30.07.1960;240;0
TAJDIN;240;2.08.1970;240;0
MAAZ;240;13.01.1973;240;0
VECHETTIN;240;20.01.1972;240;0
MIKTAD;239;22.07.1962;239;0
FEVZETTIN;238;20.12.1979;238;0
EYIP;237;10.01.1967;237;0
VAYSAL;237;13.08.1964;237;0
LUKMAN;236;22.01.1973;236;0
OHANNES;234;17.06.1952;234;0
MUHAMED;233;14.08.1979;233;0
FEDAIL;233;18.02.1962;233;0
M.SAIT;230;22.08.1952;230;0
KEKO;230;2.05.1944;230;0
NASREDDIN;228;21.04.1967;228;0
TURKUT;228;28.10.1963;228;0
ONAT;226;28.12.1982;226;0
NAMUK;224;13.02.1962;224;0
KEMALEDDIN;224;18.07.1959;224;0
ZIYADIN;224;30.03.1968;224;0
ALBERT;222;13.03.1957;222;0
OGUZCAN;222;25.04.1987;222;0
VEHIP;220;1.01.1969;220;0
MEHMETSAH;220;25.01.1973;220;0
YASEF;219;23.10.1953;219;0
TANDOGAN;218;12.07.1969;218;0
DAHIL;218;11.11.1955;218;0
BAHATDIN;217;21.02.1963;217;0
ABDULLETIF;217;6.03.1965;217;0
DAGHAN;217;22.12.1982;217;0
KERAMI;217;30.04.1969;217;0
NUGMAN;217;4.09.1969;217;0
ABDURREHMAN;215;6.08.1954;215;0
GULMEHMET;215;18.05.1965;215;0
SEYDULLAH;214;9.07.1968;214;0
EFECAN;214;3.07.1989;214;0
AVRAM;214;14.08.1944;214;0
ABDULMETIN;211;26.01.1973;211;0
ABDULSELIM;211;10.03.1973;211;0
BOZKURT;211;1.03.1961;211;0
SADDAM;210;23.08.1990;210;0
YONUZ;210;18.05.1960;210;0
CANGIR;209;8.03.1965;209;0
M.SIDDIK;209;28.11.1949;209;0
AHMEDI;208;27.12.1963;208;0
IMADETTIN;208;11.07.1963;208;0
FIRAR;207;25.01.1965;207;0
NASRULLAH;206;3.07.1970;206;0
ELAETTIN;205;2.05.1951;205;0
DAVIT;204;17.05.1954;204;0
GOKBERK;204;28.04.1988;204;0
ALAATDIN;203;2.04.1966;203;0
ALAHITTIN;203;3.12.1962;203;0
ZEYYAT;202;2.06.1967;202;0
ABDULKAHAR;202;12.09.1974;202;0
ABAS;202;24.07.1962;202;0
FEYTULLAH;201;11.01.1977;201;0
ABDIN;201;8.01.1974;201;0
RUKNETTIN;201;8.11.1960;201;0
ZEKERRIYA;201;30.2.1964;201;0
BAYRAKTAR;201;15.05.1961;201;0
M.SERIF;200;26.08.1952;200;0
MUHITDIN;199;15.03.1960;199;0
KOCA;199;26.11.1958;199;0
HUSAM;199;27.05.1962;199;0
ZAMIR;199;28.12.1961;199;0
SEMUN;198;9.12.1957;198;0
ABDULKUDUS;198;15.11.1969;198;0
KADIRCAN;198;2.10.1977;198;0
HAFIT;198;29.08.1967;198;0
SEYHAMIT;197;27.12.1966;197;0
MURATCAN;197;1.01.1987;197;0
TEYFUR;196;28.10.1960;196;0
GULAMI;196;28.07.1974;196;0
JAK;195;24.08.1953;195;0
SEYYID;194;4.07.1982;194;0
TAKYEDDIN;194;27.01.1971;194;0
FARETTIN;194;6.02.1962;194;0
MUFTAH;193;15.01.1968;193;0
KARABET;192;1.11.1944;192;0
SEYHMUSLUM;192;22.01.1960;192;0
OKHAN;191;22.03.1978;191;0
ILBEY;191;10.11.1976;191;0
ABIL;191;19.03.1965;191;0
CEVCET;190;20.09.1964;190;0
ZEYIT;189;8.02.1974;189;0
ABDUSELAM;189;25.11.1967;189;0
MUSLIH;189;26.04.1964;189;0
ERASLAN;188;8.08.1972;188;0
VEJDIN;188;10.11.1980;188;0
ABDULAZIM;188;29.11.1963;188;0
FEREC;187;26.09.1962;187;0
MEHMEDI;187;28.12.1959;187;0
ALIKEMAL;187;19.11.1970;187;0
BALABEY;187;23.09.1952;187;0
CANKUT;186;24.11.1980;186;0
EMIRALI;186;28.08.1961;186;0
VEIS;185;26.09.1963;185;0
NECMIDDIN;185;15.03.1956;185;0
VELID;184;13.10.1978;184;0
GARBIS;184;16.03.1958;184;0
DOGANCAN;182;6.04.1991;182;0
CANPOLAT;182;18.06.1975;182;0
DIRBAZ;182;26.12.1963;182;0
APDIL;182;1.12.1961;182;0
HUKUMDAR;182;28.07.1965;182;0
HAMUT;181;28.07.1958;181;0
HUKMU;181;21.09.1956;181;0
HULUSU;180;30.04.1960;180;0
FARHAN;179;10.11.1955;179;0
MISTAN;179;29.01.1955;179;0
HAYIM;179;10.06.1949;179;0
VAHDEDDIN;178;8.05.1963;178;0
KIYASEDDIN;178;14.11.1966;178;0
ALPHAN;178;21.08.1979;178;0
RATIP;177;24.03.1961;177;0
ERNAIL;177;17.07.1968;177;0
NIZAMITTIN;177;18.10.1957;177;0
MERTKAN;177;7.02.1983;177;0
LEZGI;176;23.05.1959;176;0
BAHAITTIN;176;11.02.1954;176;0
KAFFAR;175;29.09.1962;175;0
EBUTALIP;175;14.02.1976;175;0
YAVUZHAN;175;2.07.1983;175;0
HENIFI;175;10.08.1960;175;0
REYIS;174;11.04.1973;174;0
ERGUDER;173;29.11.1966;173;0
SALDIRAY;173;8.09.1968;173;0
NECIB;172;6.08.1959;172;0
ABDULGAZI;171;16.10.1963;171;0
SADREDDIN;171;19.05.1965;171;0
YASETTIN;171;13.12.1963;171;0
RAGUP;170;3.03.1964;170;0
TAKYETTIN;170;12.12.1971;170;0
HAVZULLAH;170;9.05.1981;170;0
SERTER;170;13.09.1980;170;0
MUSLAHATTIN;170;21.11.1960;170;0
ARAM;169;20.12.1960;169;0
SEDAD;169;6.02.1970;169;0
KELAMI;169;15.02.1967;169;0
BEKTES;169;13.01.1958;169;0
LIYADIN;169;15.09.1974;169;0
CORC;168;27.05.1966;168;0
CAGFER;168;4.03.1959;168;0
SEFKI;166;19.01.1962;166;0
DURDAGI;166;20.10.1956;166;0
ERTURAN;164;6.04.1963;164;0
RASIK;163;16.09.1967;163;0
VAHID;163;28.02.1967;163;0
ATAULLAH;163;10.10.1964;163;0
DINC;163;4.11.1969;163;0
CAGKAN;163;27.05.1989;163;0
DIYAEDDIN;162;17.06.1976;162;0
FERAMIS;162;9.01.1968;162;0
MERDALI;162;23.09.1955;162;0
HOSROF;162;21.09.1966;162;0
IZEDDIN;161;10.10.1968;161;0
ARKAN;161;14.03.1976;161;0
ZULKARNI;161;15.07.1966;161;0
MIDHAT;160;22.05.1957;160;0
MUTALLIP;160;16.06.1964;160;0
SEYDALI;159;29.09.1962;159;0
FUAD;159;2.04.1963;159;0
MUHDI;159;4.04.1970;159;0
ABAMUSLIM;159;13.06.1956;159;0
RUJDI;159;23.06.1964;159;0
SEYHMUZ;158;2.11.1970;158;0
HACIBAYRAM;157;2.04.1967;157;0
LUTFETTIN;157;6.04.1962;157;0
TEMINDAR;156;12.04.1959;156;0
SUAYB;155;6.01.1980;155;0
CETINER;155;22.09.1962;155;0
NEVVAF;155;15.04.1960;155;0
ALEATTIN;155;24.11.1967;155;0
YAKO;155;13.12.1943;155;0
NOGMAN;155;1.03.1965;155;0
MERTOL;155;29.09.1973;155;0
MAHLI;155;4.10.1965;155;0
VAHTI;154;19.08.1963;154;0
DURBEY;153;14.06.1966;153;0
HALUDUN;152;9.01.1964;152;0
EDIB;152;20.06.1965;152;0
SERAFETDIN;152;21.07.1959;152;0
SEBAHATDIN;152;30.03.1962;152;0
PIRAGA;152;22.05.1958;152;0
CEMALITTIN;151;23.06.1962;151;0
VASVI;151;6.09.1967;151;0
SAHHAYDAR;151;22.03.1962;151;0
ABDULTALIP;150;18.03.1973;150;0
HAYRETDIN;150;19.10.1962;150;0
DOGUHAN;150;2.10.1987;150;0
MUSEYIP;149;12.05.1958;149;0
MEHMETNURI;149;29.04.1972;149;0
BARISCAN;149;27.09.1989;149;0
FETTULLAH;148;6.09.1976;148;0
MUSLUH;148;10.04.1973;148;0
MAYIL;148;15.08.1966;148;0
ALIKSAN;148;24.01.1966;148;0
SADETDIN;147;4.01.1963;147;0
MUHTALIP;147;14.10.1973;147;0
VECDIN;147;14.10.1977;147;0
SEYFALI;147;27.01.1958;147;0
OZALP;146;1.01.1968;146;0
ABDULHAK;146;15.05.1968;146;0
ESAD;146;16.01.1977;146;0
SALAHIDDIN;146;19.06.1954;146;0
IBO;145;21.04.1946;145;0
ABDULMUHSIN;145;27.03.1967;145;0
MAAS;145;7.08.1970;145;0
KANDEMIR;145;1.01.1971;145;0
SIRACEDDIN;145;27.09.1971;145;0
NAIP;145;14.05.1956;145;0
UGUZ;144;3.08.1961;144;0
FELIT;143;10.04.1967;143;0
HUSEYN;143;18.04.1941;143;0
CEMBELI;143;15.04.1966;143;0
YUNUSEMRE;142;1.09.1987;142;0
FAHRETDIN;142;26.06.1961;142;0
VADETTIN;142;3.04.1965;142;0
DAHAM;142;30.2.1970;142;0
OMERALI;141;28.03.1963;141;0
LEON;141;23.06.1952;141;0
MEHMETSALIH;140;13.10.1973;140;0
MUZBAH;140;5.11.1973;140;0
YIGITHAN;140;13.10.1987;140;0
DIYAETTIN;139;16.05.1972;139;0
FEYZETTIN;138;23.09.1975;138;0
BAHCELI;138;23.08.1964;138;0
ELDIVAS;138;7.06.1961;138;0
RESIL;138;18.08.1954;138;0
IZAMETTIN;137;18.02.1958;137;0
FERSENDE;137;3.05.1973;137;0
YAMIN;137;6.02.1958;137;0
MAHFUS;136;12.01.1979;136;0
HAFZULLAH;136;6.02.1977;136;0
M.SELIM;136;24.07.1953;136;0
CESARETTIN;136;11.07.1967;136;0
MEHMETSIRIN;135;13.12.1974;135;0
ZOHTU;135;8.08.1951;135;0
SELAHEDDIN;134;15.04.1952;134;0
BAHRETTIN;134;18.02.1964;134;0
BATURAY;134;17.11.1984;134;0
OZAYDIN;133;30.09.1971;133;0
ELBEGI;133;9.09.1953;133;0
MUNUP;132;21.02.1964;132;0
ABDUREZAK;132;13.08.1964;132;0
MIHAIL;132;12.03.1957;132;0
SEYFIDDIN;132;1.09.1957;132;0
SECAETTIN;132;6.10.1956;132;0
VASIP;131;15.12.1968;131;0
H.MEHMET;131;20.05.1950;131;0
MIRZEYDIN;131;27.11.1968;131;0
SERACEDDIN;130;11.09.1963;130;0
SILO;130;29.04.1939;130;0
MUKDAT;130;22.12.1956;130;0
IPRAHIM;130;9.07.1962;130;0
KUNTAY;130;22.05.1980;130;0
MUKAYIL;130;13.04.1972;130;0
BAYBARS;129;30.09.1976;129;0
DANIYAL;129;29.01.1962;129;0
ABDULBAHRI;129;11.06.1960;129;0
TACIDDIN;129;7.05.1958;129;0
ERBAKAN;129;27.01.1977;129;0
ALADIN;128;7.04.1964;128;0
ABDULBASIR;128;17.12.1974;128;0
HISAMETTIN;128;10.05.1966;128;0
VADULLAH;128;8.02.1968;128;0
MEHEMET;128;17.07.1946;128;0
BAHIDDIN;127;3.10.1962;127;0
MUNIF;127;21.05.1963;127;0
BEDROS;127;12.09.1952;127;0
BERTAL;127;15.01.1957;127;0
ALIGUL;126;7.02.1965;126;0
CAYIT;126;1.01.1964;126;0
VASFETTIN;126;5.06.1969;126;0
ZAYIT;126;14.08.1963;126;0
BADDAL;126;7.06.1965;126;0
TAYAR;126;6.07.1971;126;0
VAHIDDIN;125;8.05.1954;125;0
ISAMETTIN;125;6.02.1967;125;0
HACIMEHMET;124;18.11.1964;124;0
SUAYIB;124;28.07.1972;124;0
SEDREDDIN;124;24.03.1963;124;0
MECID;124;3.07.1960;124;0
ZEKERYE;124;30.10.1965;124;0
KIRAMI;124;4.12.1959;124;0
ALAYBEY;124;23.07.1958;124;0
NEBIH;123;2.11.1965;123;0
EKRAM;123;2.12.1963;123;0
ATASOY;123;22.08.1971;123;0
RUSTI;123;4.04.1957;123;0
KURTBEY;123;12.07.1960;123;0
FEVZEDDIN;123;27.04.1984;123;0
ABDULGAFAR;122;20.10.1968;122;0
ERAYDIN;122;13.03.1966;122;0
MEKSUT;122;16.03.1965;122;0
KEKIL;122;16.06.1938;122;0
NECMETDIN;121;16.02.1962;121;0
SINCAR;121;18.02.1966;121;0
SEBAATTIN;121;15.05.1962;121;0
ABDULSAMAT;121;11.06.1972;121;0
HACIAHMET;121;20.06.1963;121;0
APDI;121;20.08.1960;121;0
CELADIN;121;5.04.1963;121;0
INONU;120;12.09.1967;120;0
NEZMI;120;18.09.1971;120;0
BAYTEKIN;120;27.08.1967;120;0
ABDULMENAP;120;21.10.1977;120;0
MUSTUK;120;12.09.1956;120;0
KUDDISI;119;26.02.1967;119;0
ABUTALIP;119;1.10.1966;119;0
HACELI;119;12.03.1971;119;0
KOCAK;119;11.07.1961;119;0
SABAHIDDIN;119;8.11.1963;119;0
ALHAS;118;3.09.1958;118;0
METTIN;118;21.05.1973;118;0
TEYYIP;118;24.10.1963;118;0
NAMAN;118;23.08.1968;118;0
ABUZEYIT;118;26.04.1966;118;0
NECDETTIN;118;5.10.1956;118;0
CELALETDIN;118;14.10.1966;118;0
KIYASI;118;9.03.1959;118;0
SAPRI;118;26.09.1957;118;0
ERKAY;117;9.11.1980;117;0
ABDULHAMID;117;4.11.1977;117;0
CEVAD;117;14.03.1956;117;0
GORGIN;117;23.03.1960;117;0
ZAYIM;117;4.05.1961;117;0
RESAI;117;22.03.1965;117;0
JOZEF;116;30.07.1952;116;0
SECATTIN;116;24.05.1966;116;0
MUHENDIS;116;27.08.1969;116;0
ASHABIL;115;23.11.1973;115;0
HUDAYIM;115;21.05.1962;115;0
ILMETTIN;115;14.02.1967;115;0
SEYFETULLAH;114;22.08.1979;114;0
NECETTIN;114;13.06.1963;114;0
SIYAHMET;114;30.2.1968;114;0
ABDULAH;114;27.09.1967;114;0
SAHSETTIN;114;29.04.1962;114;0
ABDULKUDDUS;113;27.12.1964;113;0
CEPRAIL;113;28.01.1974;113;0
MUHTAT;113;10.07.1961;113;0
MERTALI;113;22.03.1953;113;0
BEHZET;112;23.05.1968;112;0
OMERI;112;24.11.1965;112;0
BURAKHAN;112;23.06.1988;112;0
EBUZEYT;112;20.06.1968;112;0
ABDAL;112;7.03.1951;112;0
ABDUSSAMAT;112;4.03.1966;112;0
FETAH;112;30.04.1971;112;0
ALIHSAN;112;10.07.1965;112;0
ERTUN;112;19.03.1968;112;0
OMERCAN;112;15.08.1988;112;0
MENZEHER;112;8.04.1976;112;0
BOZO;111;5.12.1951;111;0
SEYFETDIN;111;16.08.1962;111;0
DUZALI;111;14.11.1956;111;0
MIHDAT;110;16.01.1965;110;0
KILINC;110;20.01.1956;110;0
IMIRZE;110;17.11.1961;110;0
FERIDON;110;21.10.1954;110;0
MUHAMMETALI;110;30.06.1980;110;0
APTURRAHMAN;110;23.09.1954;110;0
AHMETCAN;110;13.10.1977;110;0
NAHAT;110;24.07.1956;110;0
NACETTIN;109;29.04.1961;109;0
H.HUSEYIN;109;12.06.1948;109;0
SEBEHATTIN;109;5.12.1965;109;0
ERHUN;109;23.02.1977;109;0
RUFAI;109;15.02.1971;109;0
BAHYETTIN;109;27.10.1973;109;0
GENCALI;109;21.03.1961;109;0
NUTULLAH;109;6.02.1968;109;0
ESHET;109;5.01.1971;109;0
SADDIK;108;3.10.1971;108;0
FEZAIR;108;18.10.1952;108;0
ABDULKAHHAR;108;14.12.1970;108;0
SAFETTIN;108;19.06.1962;108;0
ZULKARNEYIN;108;20.08.1961;108;0
ALATDIN;107;6.12.1960;107;0
ERSOZ;107;19.11.1968;107;0
ABDURAZAK;107;24.12.1962;107;0
CARULLAH;107;7.01.1972;107;0
ABDULSETTAR;107;7.05.1971;107;0
MUCDAT;107;5.07.1974;107;0
VAHTETTIN;107;13.02.1963;107;0
ABUT;107;11.03.1959;107;0
ZEMIRHAN;107;4.02.1970;107;0
TAZEBEY;107;4.05.1961;107;0
CIBRAIL;106;18.07.1970;106;0
OSMANNURI;106;23.04.1964;106;0
MEHEMMET;106;21.12.1962;106;0
MEHMETHAN;105;6.08.1979;105;0
NESRETTIN;105;16.11.1964;105;0
M.NURI;105;14.10.1953;105;0
APDURRAHMAN;105;13.03.1960;105;0
NUHBEY;105;6.05.1964;105;0
ZEYREK;105;19.05.1969;105;0
MIGDAT;104;2.02.1964;104;0
MEMED;104;15.07.1963;104;0
IBADULLAH;104;5.11.1965;104;0
ALIBAZ;104;4.05.1956;104;0
ALAETDIN;103;6.04.1958;103;0
NUREDIN;103;22.01.1970;103;0
SOFU;103;4.04.1959;103;0
BEKDAS;102;27.10.1957;102;0
DURKAYA;102;4.04.1965;102;0
SENIH;102;18.09.1968;102;0
FERAMI;102;29.11.1970;102;0
KURTMAN;102;1.06.1964;102;0
BOGACHAN;102;25.06.1981;102;0
TAHSIM;102;10.08.1974;102;0
MUKTAT;101;4.05.1957;101;0
OLTAN;101;20.10.1983;101;0
SUAYUP;101;13.10.1963;101;0
ALAMEDDIN;101;12.02.1971;101;0
TEYIP;101;10.09.1965;101;0
IRSADI;101;13.12.1965;101;0
ROBERT;100;5.11.1972;100;0
BEKDES;100;1.05.1960;100;0
ABDULHALIT;99;10.09.1971;99;0
AHMETHAN;99;11.08.1973;99;0
CAKMAK;99;25.01.1955;99;0
HUSAMETDIN;99;12.11.1961;99;0
RUBIL;99;24.12.1964;99;0
MEHMETZEKI;99;6.05.1966;99;0
IZAK;99;21.08.1958;99;0
ONNIK;99;16.12.1951;99;0
CEBIR;98;30.01.1965;98;0
MESIH;98;18.10.1971;98;0
HELMI;98;14.11.1958;98;0
HAYATTIN;97;24.02.1966;97;0
CERRAH;97;10.12.1961;97;0
ZULKANI;97;4.11.1964;97;0
H.AHMET;97;15.02.1951;97;0
ANTER;97;24.05.1965;97;0
SERKIZ;97;5.02.1951;97;0
MUHTESIN;97;29.08.1975;97;0
FERZENDER;97;18.11.1961;97;0
ABDULHAY;96;14.01.1963;96;0
NECMEDIN;96;11.06.1969;96;0
VECHEDDIN;96;30.09.1972;96;0
REKABI;96;7.01.1971;96;0
BAYEZIT;96;8.04.1955;96;0
IDIRIZ;96;6.12.1962;96;0
BUMIN;96;27.09.1970;96;0
YASADDIN;96;28.11.1958;96;0
MIGIRDIC;96;19.02.1950;96;0
SUBAY;95;16.12.1970;95;0
SEREFEDDIN;95;18.11.1958;95;0
HUSSAM;95;18.11.1954;95;0
SAMMAZ;95;26.01.1966;95;0
ORHANGAZI;95;9.09.1972;95;0
APTULKADIR;95;4.05.1960;95;0
SABANALI;95;28.03.1965;95;0
ABDULGAFFUR;95;11.10.1972;95;0
CAGTAY;94;10.05.1985;94;0
MESSUT;94;19.01.1972;94;0
ZIYEDDIN;94;26.01.1958;94;0
NASUHI;93;14.07.1964;93;0
USAMETTIN;93;22.11.1968;93;0
TAYIR;93;19.11.1968;93;0
KEREP;93;28.03.1968;93;0
APDULKADIR;93;12.04.1960;93;0
HASPI;93;11.05.1963;93;0
NECBETTIN;93;14.01.1960;93;0
GADIR;93;27.12.1965;93;0
TAGI;93;23.02.1962;93;0
BARTU;93;14.12.1986;93;0
KUTBEDIN;92;8.03.1970;92;0
TEMUCIN;92;29.04.1971;92;0
MOSE;92;4.07.1958;92;0
ECDER;92;18.10.1968;92;0
MUCAHITTIN;92;12.08.1966;92;0
ABDUS;92;12.01.1967;92;0
EBAMUSLUM;92;12.08.1967;92;0
MIRBAHATTIN;92;29.03.1971;92;0
LEVON;92;24.07.1956;92;0
ABO;91;16.06.1946;91;0
SIAHMET;91;9.02.1970;91;0
ABDULSEMED;91;21.01.1977;91;0
M.RESIT;91;11.11.1952;91;0
BAZIT;91;21.08.1965;91;0
DAVID;91;2.04.1972;91;0
MUAMMET;91;12.08.1973;91;0
HOKKES;91;22.09.1965;91;0
BEHTI;91;24.10.1965;91;0
SEVDAKAR;91;7.10.1958;91;0
VISALI;91;1.10.1965;91;0
PIRALI;91;4.10.1961;91;0
GULMEMET;91;14.04.1959;91;0
ZAMANHAN;91;7.09.1959;91;0
BAHSI;91;11.09.1957;91;0
ULFETTIN;91;11.12.1961;91;0
ZUFTU;90;5.06.1964;90;0
AFACAN;90;27.05.1973;90;0
HUSAMITTIN;90;9.02.1958;90;0
SELAADDIN;90;3.12.1963;90;0
CAVID;90;6.01.1959;90;0
SEMSIDDIN;90;4.07.1960;90;0
CEVDAT;89;12.02.1968;89;0
KOC;89;8.09.1958;89;0
CELATTIN;89;9.09.1966;89;0
RIZKULLAH;89;16.08.1963;89;0
GOKHUN;89;12.07.1984;89;0
MESIM;89;23.01.1958;89;0
BEYSAFA;89;25.10.1959;89;0
SABRULLAH;89;27.12.1981;89;0
KAFAR;88;22.12.1956;88;0
VEFIK;88;19.04.1965;88;0
ZUHEYR;88;15.03.1972;88;0
MERGUP;88;6.12.1968;88;0
BEYNABI;88;4.08.1957;88;0
CAIT;88;13.03.1961;88;0
ASALETTIN;88;24.04.1969;88;0
SUAIP;87;2.03.1971;87;0
MUSAP;87;12.06.1987;87;0
MEMO;87;15.01.1955;87;0
MUHIYETTIN;87;21.03.1965;87;0
NECADDIN;87;23.04.1957;87;0
NAMETULLAH;87;21.01.1977;87;0
SEYIDHAN;87;11.02.1976;87;0
BAPIR;87;6.09.1957;87;0
CEMALETDIN;87;16.05.1959;87;0
ERDEMIR;87;17.05.1968;87;0
KADDAFI;87;11.10.1984;87;0
HIVZULLAH;87;7.01.1976;87;0
ZEMCI;86;7.01.1964;86;0
FERHAD;86;26.04.1972;86;0
ZULGANI;86;24.08.1971;86;0
TARZAN;86;23.12.1970;86;0
ABDU;86;25.12.1957;86;0
ZIYAADDIN;86;15.11.1962;86;0
ERGANI;86;11.01.1976;86;0
NEDAI;86;16.04.1966;86;0
TASDEMIR;86;10.06.1954;86;0
AVAT;86;19.12.1961;86;0
BILALI;85;7.02.1975;85;0
BARI;85;8.01.1958;85;0
VASIL;85;2.01.1956;85;0
ELBEY;85;29.12.1966;85;0
ATANER;85;2.11.1969;85;0
KUDDIS;85;25.04.1963;85;0
AHYA;85;15.03.1963;85;0
SAFII;85;18.04.1974;85;0
ABUSEYF;84;17.12.1958;84;0
MAHSUT;84;11.07.1968;84;0
MUHUDDIN;84;5.05.1962;84;0
KAFER;84;18.12.1964;84;0
NEJDI;84;25.02.1964;84;0
LAHDO;84;7.05.1960;84;0
ABDURRAKIP;84;30.09.1970;84;0
ILBEGI;84;28.01.1950;84;0
KAYACAN;84;26.07.1980;84;0
ALAYITTIN;84;15.05.1963;84;0
NUKRETTIN;84;25.12.1961;84;0
SELAETTIN;84;24.02.1953;84;0
MENSURI;84;30.11.1971;84;0
SATIMEHMET;84;1.10.1960;84;0
BAYBORA;84;23.07.1978;84;0
GASSAN;84;8.11.1965;84;0
HAGOP;84;13.05.1961;84;0
CEBRI;83;6.10.1966;83;0
TARUK;83;9.04.1969;83;0
MEYDIN;83;19.01.1958;83;0
BEDIRETTIN;83;21.03.1969;83;0
LIYATTIN;83;11.12.1967;83;0
M.KEMAL;83;13.01.1946;83;0
DIYATTIN;82;1.05.1977;82;0
SACID;82;25.03.1976;82;0
MISAK;82;15.11.1952;82;0
YASATTIN;82;14.10.1959;82;0
SARVEN;82;18.07.1979;82;0
EBUZEYIT;81;15.01.1961;81;0
SELAMEDDIN;81;10.11.1965;81;0
GABRIEL;81;29.05.1983;81;0
ABITTER;81;7.05.1969;81;0
ERGUT;81;21.01.1961;81;0
GIYASI;81;22.12.1969;81;0
SERIFALI;81;1.02.1963;81;0
APTIL;81;1.08.1962;81;0
ELAADDIN;80;26.10.1954;80;0
BAHADIRHAN;80;28.11.1984;80;0
CELADDIN;80;3.08.1968;80;0
MUDAHIR;80;3.05.1964;80;0
HAYRIDDIN;80;14.05.1956;80;0
GOKTAY;80;8.10.1976;80;0
ESBENDER;80;6.03.1953;80;0
FUHAT;80;7.01.1970;80;0
OKTAR;80;10.12.1964;80;0
MEHMETSIDDIK;80;13.02.1969;80;0
ROBER;80;4.09.1963;80;0
OMERULFARUK;79;20.01.1965;79;0
TUGKAN;79;5.04.1985;79;0
BATURALP;79;29.03.1987;79;0
FIRGANI;79;17.05.1959;79;0
ABDULMENNAN;79;13.03.1967;79;0
UBEYD;79;11.02.1977;79;0
SARAFETTIN;79;22.08.1969;79;0
FERAC;79;8.02.1960;79;0
ERSAT;79;3.01.1985;79;0
SIBLI;79;10.02.1962;79;0
HALITTIN;79;17.11.1954;79;0
SUHAYIP;79;4.03.1971;79;0
ZUHURI;79;7.04.1958;79;0
NURMEHMET;79;11.03.1971;79;0
KILICASLAN;79;9.03.1966;79;0
YERVANT;79;25.03.1954;79;0
YADULLAH;79;16.08.1959;79;0
ALIATTIN;78;17.04.1963;78;0
BATTALGAZI;78;24.06.1972;78;0
ABAMUSLUM;78;15.03.1962;78;0
H.ALI;78;26.10.1951;78;0
ABDULMANAF;78;16.12.1972;78;0
DUNYAMIL;78;23.08.1965;78;0
APUL;78;13.11.1951;78;0
NECAITTIN;78;28.11.1953;78;0
TUGFAN;78;18.10.1978;78;0
VELIDDIN;78;26.08.1955;78;0
ABDULKASIM;78;10.06.1964;78;0
TIMURHAN;78;21.05.1976;78;0
ORKUT;78;16.12.1982;78;0
M.HANIFI;78;30.07.1954;78;0
DERIH;78;24.05.1973;78;0
ALAADIN;77;24.11.1969;77;0
GAMBER;77;16.12.1967;77;0
MEHMETHANIFI;77;18.02.1971;77;0
ADAM;77;7.03.1971;77;0
METINER;77;29.11.1957;77;0
SAGIP;77;1.10.1966;77;0
VAIT;77;12.09.1963;77;0
BASKIN;77;17.04.1968;77;0
MUHTULLAH;77;27.06.1974;77;0
KARABALIK;77;10.05.1958;77;0
SUCETTIN;77;4.11.1968;77;0
DIMITRI;77;22.12.1949;77;0
MECDI;76;23.09.1958;76;0
ALIFUAT;76;30.09.1967;76;0
SABEDIN;76;16.01.1964;76;0
ONURALP;76;7.03.1986;76;0
AZIZHAN;76;11.03.1976;76;0
ABDULRAZAK;76;11.03.1967;76;0
CENGAVER;76;21.11.1970;76;0
KURBANALI;76;7.10.1960;76;0
ABDULMUTALLIP;76;15.01.1977;76;0
SUCAATTIN;76;23.08.1958;76;0
EYYUPHAN;75;27.03.1976;75;0
EBEDDIN;75;4.10.1973;75;0
MESHUT;75;27.04.1969;75;0
ABDULVAHHAP;75;21.02.1966;75;0
UTMAN;75;17.01.1967;75;0
ABDURRAUF;75;1.12.1963;75;0
NIZAMETDIN;75;26.12.1961;75;0
NAFEL;75;7.08.1972;75;0
AYIT;75;10.11.1966;75;0
AMMAR;74;23.05.1984;74;0
NURETIN;74;20.12.1967;74;0
RUSDEM;74;6.09.1965;74;0
LOMEN;74;26.12.1964;74;0
PULAT;74;7.06.1952;74;0
BASIRI;74;26.03.1967;74;0
HUBUYAR;74;7.02.1964;74;0
VAHAN;74;9.05.1954;74;0
REBII;74;3.10.1960;74;0
MISTO;73;26.05.1935;73;0
SEYITBATTAL;73;18.09.1973;73;0
SABEDDIN;73;16.11.1968;73;0
ALAATIN;73;3.03.1973;73;0
ABDUREZZAK;73;8.02.1972;73;0
FAHAT;73;2.10.1968;73;0
HAYDARALI;73;21.02.1960;73;0
HACIMURAT;73;22.07.1966;73;0
ORFI;73;5.06.1967;73;0
VAIZ;72;7.01.1961;72;0
BATURHAN;72;5.10.1984;72;0
YERLI;72;19.10.1954;72;0
SUUD;72;17.11.1977;72;0
TEYAR;72;18.09.1969;72;0
ZAHITTIN;72;14.02.1978;72;0
EJDAR;72;17.03.1971;72;0
FAKIRULLAH;72;29.04.1973;72;0
GORKAN;71;28.04.1983;71;0
HAMMET;71;29.12.1960;71;0
MAARIF;71;19.04.1959;71;0
GEBRO;71;12.06.1958;71;0
GARABET;71;22.02.1957;71;0
SADIRETTIN;71;1.08.1964;71;0
SERVETTIN;71;25.01.1961;71;0
SERKUT;71;30.05.1977;71;0
ERDUVAN;71;21.01.1961;71;0
CANBOLAT;71;4.11.1967;71;0
IKRAMETTIN;71;18.08.1966;71;0
LIYADDIN;71;13.05.1972;71;0
ISTEPAN;71;28.09.1949;71;0
RESAD;70;13.08.1965;70;0
ALEADDIN;70;14.11.1964;70;0
MUHAMMEDI;70;9.04.1964;70;0
KAYIM;70;3.11.1970;70;0
BECET;70;23.01.1972;70;0
NUSAMETTIN;70;22.03.1964;70;0
BATAL;70;3.12.1962;70;0
ZENUN;70;15.08.1962;70;0
NIMETTULLAH;70;19.11.1978;70;0
ABDULGADIR;70;21.11.1965;70;0
FERAMIL;70;28.03.1962;70;0
ISMAILHAKKI;70;10.06.1962;70;0
SECAHATTIN;70;11.05.1969;70;0
ERARSLAN;70;14.02.1971;70;0
ILAMETTIN;70;24.12.1974;70;0
SIHMUZ;70;24.03.1969;70;0
SABAHATDIN;70;26.01.1959;70;0
ZULKIFIL;70;27.08.1957;70;0
RASID;70;22.09.1968;70;0
SUCATTIN;70;24.05.1961;70;0
BAHADIN;69;22.02.1964;69;0
RECAIL;69;22.03.1964;69;0
ZEKERI;69;6.08.1962;69;0
TEGMEN;69;6.01.1972;69;0
SAHATTIN;69;8.04.1958;69;0
ERDURAN;69;18.06.1961;69;0
VARTAN;69;1.10.1956;69;0
ARTUR;69;22.05.1976;69;0
BAKIL;69;7.05.1950;69;0
KERAM;69;17.11.1967;69;0
HEBIP;69;21.12.1963;69;0
IZZETIN;68;12.11.1969;68;0
ABUZEYT;68;7.07.1964;68;0
SEBEKI;68;2.08.1970;68;0
ABUZET;68;8.09.1966;68;0
BEREKAT;68;13.11.1967;68;0
TASIM;68;15.04.1965;68;0
BAHAATTIN;68;21.03.1965;68;0
ZEYNUN;68;18.08.1959;68;0
YASABEY;68;13.02.1967;68;0
MAHSAR;68;21.02.1963;68;0
ZORBEY;68;1.05.1974;68;0
FEHRAT;68;5.06.1967;68;0
RUSDI;68;16.10.1952;68;0
SEYHHAMIT;67;11.11.1963;67;0
ALIBABA;67;3.02.1965;67;0
ABDULFERIT;67;16.08.1970;67;0
CETO;67;20.10.1957;67;0
GALIB;67;4.12.1961;67;0
OMERHAN;67;20.11.1977;67;0
EBABEKIR;67;12.01.1964;67;0
MERTHAN;67;11.12.1983;67;0
HAMIZA;67;3.08.1965;67;0
LUTVI;67;21.12.1964;67;0
BUNYAMIL;67;24.10.1964;67;0
KACAK;67;15.07.1962;67;0
FETAHMET;66;2.02.1963;66;0
SELAHATIN;66;12.03.1965;66;0
VAHYEDDIN;66;29.08.1967;66;0
BAHRAM;66;4.06.1963;66;0
GAFFUR;66;10.11.1963;66;0
YESARI;66;30.09.1958;66;0
LOGMAN;66;5.10.1962;66;0
MUFTU;66;17.05.1961;66;0
ILMITTIN;66;13.05.1961;66;0
HAYIK;66;22.07.1949;66;0
MAHZUNI;65;9.03.1975;65;0
TACETDIN;65;28.01.1965;65;0
HIZBULLAH;65;3.03.1981;65;0
MEHMETSAIT;65;28.09.1971;65;0
APTUL;65;19.01.1963;65;0
KONURALP;65;17.06.1974;65;0
SAVASKAN;65;23.02.1974;65;0
OGUZKAN;65;9.11.1977;65;0
TOHIT;65;26.08.1969;65;0
EZDIN;64;8.02.1973;64;0
KAHIR;64;23.07.1963;64;0
ABDULMESIH;64;20.09.1955;64;0
HIKMETTIN;64;27.07.1966;64;0
DAVER;64;28.04.1962;64;0
ALAADTIN;64;9.06.1967;64;0
MUHYITTIN;64;28.08.1957;64;0
CENKAY;64;25.12.1984;64;0
SEFAHATTIN;64;9.02.1959;64;0
BERHO;64;21.02.1949;64;0
ILMIDDIN;64;9.12.1958;64;0
RUKNEDDIN;63;30.10.1966;63;0
SUGAYIP;63;20.03.1967;63;0
EGIT;63;6.03.1965;63;0
SEIT;63;27.07.1960;63;0
NECAHATTIN;63;5.06.1958;63;0
KUCUKAGA;63;10.05.1955;63;0
ATAGUN;63;15.07.1968;63;0
ZEKARYA;63;30.04.1962;63;0
MAARUF;63;5.04.1974;63;0
ABDUSEMET;62;14.05.1963;62;0
SELEHADDIN;62;16.03.1963;62;0
HATTAP;62;8.01.1976;62;0
MICHAEL;62;6.06.1982;62;0
CIRCIS;62;2.01.1956;62;0
ERTURAL;62;26.11.1956;62;0
YUSUFCAN;62;3.04.1988;62;0
REZAK;62;6.08.1962;62;0
BAHETTIN;62;23.09.1958;62;0
TACIT;62;1.02.1967;62;0
MEMETEMIN;62;19.07.1961;62;0
IBRAHIMHALIL;62;16.04.1971;62;0
MUTLUK;62;3.07.1976;62;0
DURASI;62;21.03.1959;62;0
KAHAN;61;28.10.1977;61;0
POLATKAN;61;3.05.1975;61;0
BEGALI;61;18.06.1961;61;0
EYYO;61;11.05.1944;61;0
ZEYD;61;18.10.1983;61;0
AHO;61;3.11.1957;61;0
ABDULCELAL;61;16.07.1965;61;0
SABITTIN;61;12.09.1961;61;0
ABTI;61;15.01.1959;61;0
EMRETTIN;61;9.02.1967;61;0
EBAMUSLIM;61;29.04.1963;61;0
MUHYIDDIN;61;6.09.1960;61;0
FEIM;61;17.03.1966;61;0
SAZIL;61;30.07.1967;61;0
ZULKUFIL;61;2.08.1946;61;0
ALEKS;61;25.10.1980;61;0
ERCUMET;60;4.11.1967;60;0
ZEYNILABIDIN;60;16.03.1966;60;0
ABDULSEMAT;60;8.01.1976;60;0
ABDULRAKIP;60;14.09.1979;60;0
ABDUNNASIR;60;22.09.1969;60;0
HAMMUT;60;11.08.1958;60;0
ALTAR;60;21.06.1979;60;0
ZULKEFIL;60;18.03.1962;60;0
NEVRETTIN;60;27.11.1962;60;0
ABDULKANI;60;18.11.1963;60;0
ELATTIN;60;10.11.1958;60;0
NIZAMIDDIN;60;3.09.1957;60;0
SEYYITHAN;59;24.10.1970;59;0
FEYZEDDIN;59;26.06.1983;59;0
HACIOSMAN;59;27.05.1961;59;0
OKTAN;59;24.04.1970;59;0
DURKUT;59;21.11.1954;59;0
ETNAN;59;26.12.1959;59;0
NECDI;59;3.11.1959;59;0
APTURAHMAN;59;3.01.1956;59;0
ABDULVELI;59;30.01.1971;59;0
ILHAMETTIN;59;18.04.1970;59;0
BABACAN;59;10.10.1974;59;0
ELDIN;59;4.06.1979;59;0
TURUDU;59;28.01.1956;59;0
VITALI;59;3.12.1949;59;0
SAADEDDIN;58;20.05.1965;58;0
ALATIN;58;22.02.1966;58;0
ERSAVAS;58;10.01.1971;58;0
KERBELA;58;1.04.1975;58;0
NECATTI;58;28.02.1969;58;0
ALIBEKE;58;29.02.1964;58;0
ASABIL;58;15.10.1969;58;0
MERDOL;58;23.01.1967;58;0
SABRETTIN;58;29.08.1966;58;0
LATIFSAH;58;25.08.1960;58;0
ALBUZ;58;6.03.1965;58;0
MUHDAT;58;7.06.1962;58;0
BIMAL;58;28.05.1955;58;0
DAVETI;58;20.01.1963;58;0
DALIP;58;12.05.1952;58;0
NEJMEDDIN;57;4.07.1965;57;0
OMERFARUK;57;6.05.1981;57;0
HURSEHIT;57;21.06.1969;57;0
ABDULRAUF;57;1.02.1973;57;0
HUSEYYIN;57;24.06.1961;57;0
KADRETTIN;57;4.02.1963;57;0
ZIYAD;57;17.03.1976;57;0
TURKYILMAZ;57;9.06.1958;57;0
FEHMETTIN;57;5.07.1960;57;0
NAVAF;56;1.08.1966;56;0
SELANIK;56;29.05.1965;56;0
ABDULHAFIZ;56;30.05.1968;56;0
ABDULCABAR;56;25.08.1973;56;0
ABDULVEHHAP;56;19.10.1963;56;0
GABIL;56;7.12.1969;56;0
KERAMEDDIN;56;22.05.1965;56;0
GASIM;56;30.07.1968;56;0
SELAITTIN;56;29.10.1954;56;0
MIZRAK;56;6.05.1965;56;0
SENADIN;56;3.04.1967;56;0
FEZAYIR;56;12.06.1959;56;0
SAHADDIN;56;30.2.1961;56;0
URFETTIN;56;24.02.1966;56;0
CEVZAT;55;27.06.1970;55;0
FEREMUZ;55;19.04.1966;55;0
HUSEMETTIN;55;22.02.1967;55;0
MUNTECEP;55;29.09.1961;55;0
KINYAZ;55;19.11.1967;55;0
DIYAADDIN;55;24.11.1976;55;0
FEZULLAH;55;30.05.1966;55;0
SIYAMENT;55;16.05.1977;55;0
MUHETTIN;55;10.03.1958;55;0
CUMAYI;55;15.09.1965;55;0
KILICARSLAN;55;12.03.1969;55;0
MIRZALI;55;24.06.1961;55;0
SAHMEDDIN;55;9.09.1955;55;0
YAVUZER;55;1.10.1972;55;0
GUCHAN;55;5.05.1976;55;0
EFRAZIM;55;1.05.1958;55;0
YETVART;55;2.07.1947;55;0
NASRADDIN;54;23.11.1966;54;0
NESUH;54;29.03.1970;54;0
KANAN;54;8.06.1965;54;0
MUSAMEDDIN;54;3.08.1961;54;0
RAKIF;54;16.05.1964;54;0
KUDSI;54;2.04.1962;54;0
EMMAR;54;17.01.1975;54;0
CAGRIHAN;54;21.08.1986;54;0
SEADETTIN;54;18.12.1952;54;0
HACIOMER;54;7.04.1963;54;0
ERKOC;54;19.10.1976;54;0
SAMIDDIN;54;23.09.1958;54;0
YILBAY;54;28.12.1976;54;0
RASAT;53;12.11.1963;53;0
ABDULSELAMI;53;20.11.1972;53;0
MEHMETSERIF;53;4.08.1970;53;0
ZIDAN;53;9.05.1962;53;0
SEKMAN;53;18.01.1974;53;0
UZEYYIR;53;18.11.1968;53;0
NURITDIN;53;4.03.1962;53;0
IZNI;53;27.07.1959;53;0
EVKAN;53;10.02.1975;53;0
TIMURCIN;53;20.09.1970;53;0
HASANCAN;53;8.03.1988;53;0
MUKTALIP;53;4.11.1969;53;0
ABDULCEMIL;53;23.06.1958;53;0
ZURBE;53;18.07.1962;53;0
SEDDAT;53;1.02.1978;53;0
ATABAY;53;12.03.1963;53;0
MURTUZ;53;17.02.1953;53;0
BERKEL;53;16.12.1963;53;0
BEYAMI;52;14.06.1961;52;0
MUZZAFFER;52;18.01.1972;52;0
ABDULATIF;52;12.11.1965;52;0
BAHYEDDIN;52;1.07.1967;52;0
CEZAIL;52;6.04.1969;52;0
AIT;52;28.10.1959;52;0
NECIBULLAH;52;1.04.1987;52;0
FAHRIDDIN;52;12.11.1951;52;0
HAYRATTIN;52;22.11.1959;52;0
NAHIM;52;3.12.1963;52;0
ALAHADDIN;52;16.06.1964;52;0
ZEKERIYYE;52;10.08.1964;52;0
VANER;52;16.03.1976;52;0
FAHAMETTIN;52;5.08.1964;52;0
KUNTER;52;29.05.1977;52;0
BAHARETTIN;52;8.08.1963;52;0
VAKUR;52;1.01.1970;52;0
ABDULKAFUR;52;7.02.1968;52;0
M.SEFIK;52;21.11.1953;52;0
AVDI;52;19.06.1955;52;0
IMIRZA;51;5.04.1962;51;0
RUHULLAH;51;29.01.1986;51;0
AZDIN;51;15.06.1967;51;0
TAIP;51;5.07.1957;51;0
PASABEY;51;18.02.1954;51;0
ORHANETTIN;51;26.10.1956;51;0
LAZIM;51;4.08.1965;51;0
CENAB;51;29.05.1971;51;0
SEDDI;51;22.09.1955;51;0
ZULKUFUL;51;28.07.1946;51;0
MARDIROS;51;12.06.1911;51;0
ZULMAT;50;19.01.1966;50;0
EFRASIM;50;17.06.1961;50;0
BEHAETTIN;50;6.11.1952;50;0
IZZEDIN;50;22.12.1965;50;0
NEVZETTIN;50;7.04.1957;50;0
ABABEKIR;50;24.06.1963;50;0
KIRAL;50;9.12.1965;50;0
DOGANER;50;17.10.1974;50;0
OMERIL;50;14.01.1967;50;0
SELATDIN;50;4.12.1958;50;0
FERITTIN;50;10.07.1956;50;0
FAHRULLAH;50;24.02.1971;50;0
KUCUKBEY;50;3.05.1958;50;0
SUURI;50;30.06.1958;50;0
APDURAHMAN;50;15.08.1961;50;0
MAHPUS;50;4.09.1977;50;0
ELDAR;50;3.04.1977;50;0
ANTRANIK;50;7.08.1950;50;0
ABDULSEBUR;49;9.12.1980;49;0
ABDULVAHIP;49;5.04.1964;49;0
M.MUSTAFA;49;22.03.1955;49;0
GENCOSMAN;49;21.02.1976;49;0
FEVVAZ;49;29.06.1969;49;0
FATHULLAH;49;6.04.1974;49;0
HOGIR;49;10.05.1991;49;0
ABDULVASIH;49;30.09.1973;49;0
SAHBEDDIN;49;23.05.1969;49;0
NUGRETTIN;49;28.11.1963;49;0
HAMMADI;49;23.01.1954;49;0
ERDOST;49;26.07.1985;49;0
ERGAN;49;7.07.1966;49;0
H.OSMAN;49;12.11.1952;49;0
SADEDTIN;49;28.11.1963;49;0
H.MUSTAFA;49;20.04.1954;49;0
ARTUG;49;1.04.1984;49;0
SALAHATDIN;49;8.06.1953;49;0
RASI;49;6.04.1964;49;0
MEHEDDIN;49;7.11.1960;49;0
VAYIT;48;10.09.1962;48;0
SAHADETTIN;48;14.04.1963;48;0
ABDULMECID;48;27.07.1972;48;0
HAZBI;48;12.05.1956;48;0
HUSO;48;20.04.1940;48;0
DENHO;48;3.05.1947;48;0
ZIKRETTIN;48;20.03.1966;48;0
IMDAD;48;10.09.1970;48;0
SAMBAZ;48;22.08.1970;48;0
OCALAN;48;9.04.1971;48;0
HEBIB;48;9.03.1962;48;0
SAGBAN;48;13.04.1964;48;0
MUCAHIDDIN;48;10.10.1962;48;0
SAHITTIN;48;26.12.1960;48;0
BOZBEY;48;16.06.1952;48;0
TAYYIB;48;28.10.1977;48;0
BALAMIR;48;25.12.1974;48;0
ESEDULLAH;48;12.10.1965;48;0
ISABALI;48;22.04.1955;48;0
MUHANMET;48;3.05.1973;48;0
USREF;48;1.07.1960;48;0
BERKET;48;16.07.1964;48;0
MEKSEN;48;14.09.1968;48;0
NIKO;48;29.08.1949;48;0
MUIN;47;25.12.1964;47;0
DEMIRKAN;47;27.05.1976;47;0
YUSUFHAN;47;30.04.1973;47;0
MUDDALIP;47;29.07.1964;47;0
FATTAH;47;13.04.1960;47;0
DERBAS;47;25.06.1963;47;0
MEHMETSELIM;47;25.11.1973;47;0
SEYFEDIN;47;22.02.1969;47;0
EFRIM;47;4.07.1961;47;0
ABRAHAM;47;12.09.1952;47;0
ABDULAHAT;47;27.11.1963;47;0
ABBAZ;47;15.03.1965;47;0
ALETDIN;47;11.05.1960;47;0
CABIL;47;10.07.1965;47;0
BAYKUL;47;15.06.1977;47;0
NAYIT;47;1.04.1964;47;0
FEHIMDAR;47;21.05.1958;47;0
RUFAYI;47;10.10.1973;47;0
MEHETTIN;47;17.04.1962;47;0
SAHYETTIN;47;12.11.1974;47;0
YAMI;47;14.08.1970;47;0
FEYMI;47;28.01.1961;47;0
HASANBASRI;46;26.07.1962;46;0
CANBEY;46;24.11.1971;46;0
KUTALMIS;46;23.04.1983;46;0
CAFFER;46;24.07.1968;46;0
SALHATTIN;46;27.01.1968;46;0
TAYYUP;46;19.10.1960;46;0
FAHIT;46;23.02.1971;46;0
HACIVELI;46;4.12.1958;46;0
ZEYNIDDIN;46;5.07.1966;46;0
AKINER;46;13.10.1978;46;0
ERDIC;46;20.11.1970;46;0
CEBRAYIL;46;4.05.1974;46;0
ATNEN;46;8.08.1966;46;0
REFAITTIN;46;22.03.1960;46;0
HEMIT;46;10.02.1955;46;0
KUBILAYHAN;46;7.04.1979;46;0
ERK;46;13.04.1977;46;0
EBUL;46;27.10.1959;46;0
KANUNI;46;11.10.1976;46;0
ABDULKADIM;46;28.03.1968;46;0
NOMEN;46;12.02.1965;46;0
MACID;46;21.09.1967;46;0
HATIF;46;30.10.1967;46;0
KULUHAN;46;8.10.1957;46;0
AGMUR;46;28.10.1969;46;0
HUDAIM;46;19.11.1959;46;0
AGIM;46;20.08.1962;46;0
NESIF;46;26.07.1968;46;0
SAHUT;46;10.03.1955;46;0
ABDULRAZZAK;45;18.07.1971;45;0
MUHYEDIN;45;24.04.1964;45;0
SELCUKHAN;45;19.09.1979;45;0
FEVZU;45;20.01.1956;45;0
ABDULHALIL;45;22.04.1975;45;0
ALIYASAR;45;14.02.1964;45;0
MAZUL;45;9.05.1963;45;0
RESID;45;3.12.1959;45;0
SULHEDDIN;45;3.03.1961;45;0
BAZO;45;30.04.1950;45;0
HUT;45;16.10.1970;45;0
HAVRAN;45;12.10.1964;45;0
IMAD;45;6.07.1977;45;0
UKASE;45;16.06.1956;45;0
NACIT;45;20.08.1963;45;0
MUHAMMEDALI;45;4.05.1983;45;0
SEFFAN;45;11.03.1970;45;0
BORAHAN;45;4.10.1979;45;0
FERDETTIN;45;9.08.1967;45;0
MENDIRES;45;26.01.1967;45;0
GULHASAN;45;6.05.1955;45;0
GUDDUSI;45;8.09.1964;45;0
SAMEDDIN;45;23.09.1966;45;0
SULTANALI;45;2.05.1958;45;0
GUNALP;45;18.08.1974;45;0
EZRAIL;44;30.07.1970;44;0
ZULKARI;44;26.11.1960;44;0
ZORBAY;44;7.04.1975;44;0
AZETTIN;44;15.06.1966;44;0
ABITTIN;44;19.04.1964;44;0
TEMIM;44;13.12.1965;44;0
BATDAL;44;2.07.1961;44;0
DUNYAMI;44;5.07.1963;44;0
FAHMETTIN;44;16.12.1965;44;0
SELAHITDIN;44;10.05.1960;44;0
ERENCAN;44;28.11.1988;44;0
NEZAFETTIN;44;7.03.1959;44;0
S.AHMET;44;5.08.1951;44;0
MENTES;44;25.12.1963;44;0
ALIMERDAN;44;27.09.1960;44;0
SEHALI;44;3.12.1956;44;0
GURDENIZ;44;10.11.1970;44;0
KOSELI;44;8.03.1954;44;0
OZCELIK;44;6.02.1957;44;0
SERHENK;44;28.10.1969;44;0
FEHREMEZ;44;28.01.1956;44;0
ZEMERHAN;44;1.05.1966;44;0
MUMINALI;44;21.08.1955;44;0
AGALI;44;29.07.1944;44;0
HASSARI;44;18.03.1969;44;0
ABDURAZZAK;43;18.12.1965;43;0
MEHMETRESIT;43;29.03.1967;43;0
CEBRAHIL;43;6.05.1976;43;0
ABDUREHMAN;43;25.03.1955;43;0
MANUEL;43;1.09.1970;43;0
TAKYEDIN;43;15.05.1973;43;0
YUSEF;43;26.12.1950;43;0
SABAHEDDIN;43;16.02.1957;43;0
ERTUGRAL;43;1.08.1946;43;0
REFAHATTIN;43;21.09.1958;43;0
MEHMEDALI;43;1.11.1958;43;0
MEHMAIL;43;28.06.1963;43;0
EBULMUHSIN;43;23.02.1962;43;0
KOCABEY;43;19.11.1956;43;0
ERYILMAZ;43;25.12.1957;43;0
SIHALI;43;20.01.1962;43;0
BEHRUZ;43;12.05.1961;43;0
DINO;43;12.02.1947;43;0
TAKSIM;43;21.06.1964;43;0
SELHADDIN;43;23.02.1969;43;0
MAGRUP;43;18.04.1958;43;0
KIYAN;42;5.02.1970;42;0
SURULLAH;42;25.08.1964;42;0
ALEETTIN;42;12.09.1960;42;0
ABDULVAHID;42;19.02.1975;42;0
SEYMUS;42;24.02.1974;42;0
SAHAB;42;2.04.1971;42;0
MIKDAD;42;18.08.1961;42;0
FERZENT;42;13.07.1965;42;0
KUTTUSI;42;5.07.1966;42;0
ABUDDER;42;3.03.1958;42;0
CELASIN;42;10.02.1965;42;0
GURANI;42;22.07.1978;42;0
HALILULLAH;42;2.08.1972;42;0
EMINALI;42;13.03.1963;42;0
NIHATTIN;42;11.12.1961;42;0
ZULFIKIR;42;22.05.1963;42;0
EZALETTIN;42;20.06.1961;42;0
SEYIDI;42;2.01.1963;42;0
ALIRZA;42;6.09.1962;42;0
ERGUDEN;42;1.09.1958;42;0
ULUKAN;42;6.08.1978;42;0
ABEDIN;42;14.09.1965;42;0
ESMETULLAH;42;27.10.1978;42;0
BEYADIN;42;16.05.1953;42;0
SEFERALI;42;23.03.1961;42;0
ELEDDIN;42;25.10.1957;42;0
ALIABBAS;42;24.01.1963;42;0
TAYLANT;41;23.11.1980;41;0
RUHSATI;41;23.08.1968;41;0
ZEYAT;41;4.06.1976;41;0
SABGATULLAH;41;7.01.1977;41;0
DEHHAM;41;17.11.1970;41;0
SALAHEDDIN;41;3.07.1952;41;0
ABDULVAHAB;41;2.08.1972;41;0
NEZAMETTIN;41;2.03.1964;41;0
ABDUREHIM;41;9.12.1963;41;0
M.SAKIR;41;2.07.1957;41;0
BABAOGLAN;41;21.01.1956;41;0
ONURAL;41;28.07.1988;41;0
FEHAMETTIN;41;1.12.1956;41;0
MOHYETTIN;41;5.07.1957;41;0
ULUER;41;10.03.1963;41;0
ALLATTIN;41;5.10.1969;41;0
CEMBERI;41;23.12.1968;41;0
BEYALI;41;29.11.1957;41;0
ABDULSITAR;41;1.09.1980;41;0
ZURAP;41;8.09.1953;41;0
NAGIP;41;18.01.1964;41;0
DIRGAM;41;19.12.1955;41;0
SIBGETULLAH;40;20.09.1977;40;0
ABDULMENEF;40;27.12.1968;40;0
TELHAT;40;27.06.1971;40;0
SUHEYP;40;12.10.1981;40;0
KONUR;40;27.08.1972;40;0
BATIHAN;40;22.10.1986;40;0
ABDULMUKIT;40;11.11.1973;40;0
SEMSEDIN;40;24.03.1965;40;0
VASFEDDIN;40;5.09.1973;40;0
TANIR;40;6.09.1972;40;0
MIHI;40;2.07.1945;40;0
CEHDI;40;6.11.1956;40;0
EBETTIN;40;10.08.1972;40;0
ABDULALI;40;8.12.1956;40;0
FIKREDDIN;40;18.05.1958;40;0
SEBGETULLAH;40;12.12.1975;40;0
IZZIDDIN;40;15.10.1955;40;0
MUFUT;40;5.05.1967;40;0
FETDAH;40;14.05.1969;40;0
MUNACETTIN;40;26.03.1969;40;0
BERAATTIN;40;18.03.1965;40;0
ERCETIN;40;25.03.1962;40;0
MELIKGAZI;40;26.05.1964;40;0
ISGENDER;40;22.08.1961;40;0
ZUHRAP;40;13.10.1956;40;0
BOYBEYI;40;18.12.1956;40;0
ERSAGUN;40;7.10.1983;40;0
ERGENC;40;20.10.1978;40;0
ABDULBEKIR;40;3.06.1974;40;0
VEFKI;40;1.05.1952;40;0
DAIL;40;13.12.1955;40;0
TORGUT;40;29.01.1947;40;0
ALIKAN;40;20.03.1969;40;0
ILIYAS;40;29.04.1959;40;0
ATASAY;40;16.10.1971;40;0
NECEDDIN;40;29.09.1961;40;0
MOHSIN;40;24.06.1956;40;0
NECAI;39;21.10.1966;39;0
NURALLAH;39;26.01.1979;39;0
M.TAHIR;39;10.10.1953;39;0
RUDVAN;39;22.09.1971;39;0
CENG;39;5.05.1981;39;0
ABDULILLAH;39;19.07.1976;39;0
SAVMI;39;17.06.1952;39;0
ISAM;39;13.06.1970;39;0
MOHAMMED;39;28.03.1968;39;0
APDUL;39;3.03.1964;39;0
AZAMETTIN;39;4.01.1966;39;0
UTKUCAN;39;17.12.1989;39;0
DAHIR;39;1.04.1962;39;0
ABDUSSELIM;39;7.05.1961;39;0
TIMOCIN;39;7.10.1959;39;0
SELAHADTIN;39;26.03.1965;39;0
KABLAN;39;29.05.1958;39;0
NECIBETTIN;39;23.11.1960;39;0
IRZA;39;7.06.1959;39;0
CAPPAR;39;8.11.1966;39;0
EMSALETTIN;39;14.09.1960;39;0
ZEKKI;39;18.01.1957;39;0
SEDULLAH;39;25.05.1968;39;0
SEYITGUL;39;26.06.1972;39;0
SIYAHBENT;39;6.05.1960;39;0
MEMETNURI;39;27.10.1963;39;0
ATILLAH;39;1.08.1974;39;0
SOYER;39;14.05.1970;39;0
NAZARALI;39;11.08.1952;39;0
ZIYAMETTIN;39;11.06.1958;39;0
ATAALLAH;39;30.06.1964;39;0
NUVEREN;39;15.05.1972;39;0
MATAR;39;11.11.1959;39;0
ANSARI;39;16.01.1963;39;0
KAMO;38;7.06.1943;38;0
SAYDIN;38;29.10.1971;38;0
ABDUSSEMED;38;10.04.1971;38;0
NASRATTIN;38;11.05.1959;38;0
UBEYTULLAH;38;24.09.1976;38;0
ABDULMUTELIP;38;27.11.1971;38;0
KOSTANTIN;38;12.01.1950;38;0
THOMAS;38;27.01.1984;38;0
ZAHRETTIN;38;2.12.1968;38;0
MEHMETCIK;38;19.11.1966;38;0
UKKASE;38;14.11.1956;38;0
NURSANI;38;25.02.1983;38;0
NUTFI;38;14.11.1960;38;0
SEBAETTIN;38;21.10.1953;38;0
AYFETTIN;38;16.11.1965;38;0
HUKMI;38;14.12.1958;38;0
MEHMETAKIF;38;4.06.1978;38;0
SEYIDAHMET;38;21.10.1961;38;0
RAKUP;38;30.10.1964;38;0
OGEDAY;38;22.01.1983;38;0
TURAK;38;21.02.1941;38;0
MAMIL;38;27.04.1957;38;0
FERAMEZ;38;23.09.1968;38;0
BORGA;38;14.01.1981;38;0
ALDOGAN;38;23.12.1958;38;0
RISKI;38;15.05.1974;38;0
HESIN;38;24.09.1961;38;0
ORTAC;38;14.11.1976;38;0
ALISULTAN;38;9.07.1950;38;0
MEYDANALI;38;16.07.1953;38;0
ZEYYAD;37;26.06.1972;37;0
SERAFFETTIN;37;6.12.1961;37;0
BOLKAN;37;22.03.1977;37;0
UGURKAN;37;28.08.1983;37;0
EBUMUSLUM;37;29.10.1973;37;0
FEYYAD;37;22.12.1963;37;0
ABDULLILAH;37;8.05.1979;37;0
MULAHIM;37;20.04.1972;37;0
MARAVGI;37;17.09.1958;37;0
CIBRI;37;24.08.1964;37;0
ROY;37;26.07.1980;37;0
FEMI;37;23.12.1965;37;0
ALAITDIN;37;14.06.1959;37;0
SEBAITTIN;37;19.07.1956;37;0
OZDINC;37;16.05.1974;37;0
OKDAY;37;8.02.1970;37;0
GANBER;37;17.04.1964;37;0
MEMICI;37;2.09.1959;37;0
ABDULREHIM;37;21.01.1966;37;0
HUSEYINALI;37;3.05.1956;37;0
RUTKAY;37;15.01.1989;37;0
CEMSI;37;3.04.1958;37;0
VAHIYETTIN;37;10.08.1967;37;0
NEMETULLAH;37;12.12.1973;37;0
ZEYNELABIDDIN;37;14.01.1970;37;0
HACIP;37;15.06.1954;37;0
CAFET;37;30.10.1962;37;0
HISYAR;37;19.10.1976;37;0
SEYRULLAH;37;25.04.1959;37;0
DIRGAN;37;30.05.1956;37;0
URAZ;37;23.03.1985;37;0
HACIIBRAHIM;36;6.02.1969;36;0
MUSEYYIP;36;23.05.1953;36;0
ABDUSAMET;36;19.05.1978;36;0
SUHEYB;36;23.03.1984;36;0
ERUL;36;2.11.1951;36;0
CEMALLETTIN;36;22.09.1971;36;0
ALIMURAT;36;25.04.1960;36;0
YAKUPHAN;36;14.05.1983;36;0
HEYBETTULLAH;36;29.03.1977;36;0
NESREDDIN;36;25.11.1965;36;0
ABDULBESIR;36;15.06.1971;36;0
REHMETULLAH;36;7.01.1970;36;0
FAIT;36;4.01.1963;36;0
DIVALI;36;28.09.1969;36;0
GURU;36;5.12.1953;36;0
MUHMIN;36;26.06.1961;36;0
ABDULMUMIN;36;5.09.1962;36;0
OLKUN;36;2.02.1972;36;0
TASER;36;3.01.1974;36;0
HASANBEY;36;28.03.1957;36;0
GENCAL;36;8.10.1969;36;0
SECAADDIN;36;29.08.1962;36;0
SEFAETTIN;36;2.08.1961;36;0
PEHLIL;36;19.04.1969;36;0
DEDEBEY;36;10.03.1957;36;0
BAKO;36;1.10.1931;36;0
AVCI;36;2.07.1968;36;0
AGADEDE;36;20.09.1943;36;0
MEYTI;36;21.07.1974;36;0
EGAH;36;17.01.1963;36;0
MISTIN;36;15.01.1947;36;0
ZAHIDDIN;36;28.10.1976;36;0
MUHRIZ;36;19.02.1958;36;0
ZULGARNI;36;29.12.1970;36;0
YASEDDIN;36;13.01.1963;36;0
AKBABA;35;27.07.1963;35;0
ABDULMURAT;35;12.04.1969;35;0
MENUH;35;6.07.1963;35;0
ERHAT;35;26.06.1977;35;0
ZEBIH;35;29.05.1976;35;0
CEVLI;35;9.09.1968;35;0
TUMUR;35;10.10.1966;35;0
HASO;35;25.07.1939;35;0
FAHMI;35;10.04.1965;35;0
RAMMO;35;7.03.1937;35;0
ABDULMALIK;35;23.07.1975;35;0
SAITHAN;35;28.12.1970;35;0
MIKAEL;35;18.11.1974;35;0
NURSAIT;35;30.09.1973;35;0
KUBAT;35;15.06.1970;35;0
GAFFER;35;19.09.1967;35;0
ULUSOY;35;29.03.1975;35;0
NUHNACI;35;10.06.1955;35;0
YURTAL;35;15.04.1958;35;0
ABDURAMAN;35;10.11.1958;35;0
ABDULKAFI;35;11.01.1965;35;0
EFRAYIL;35;2.02.1965;35;0
ULUTAN;35;29.07.1976;35;0
AGAHAN;35;6.03.1976;35;0
SUUDI;35;2.09.1969;35;0
KAHRI;35;25.05.1965;35;0
NIGMETULLAH;35;20.11.1971;35;0
ELAEDDIN;35;11.05.1949;35;0
DEMIRTAS;35;20.06.1948;35;0
ZAID;35;11.01.1961;35;0
ABDULHASIM;35;19.11.1978;35;0
FERHATTIN;35;22.10.1960;35;0
ESAMETTIN;35;7.02.1958;35;0
HUDEYDAN;35;21.07.1965;35;0
SARACETTIN;35;2.12.1957;35;0
KURTCEBE;35;8.10.1966;35;0
ONOL;35;14.09.1963;35;0
UNAT;35;14.07.1976;35;0
CENKHAN;34;14.12.1982;34;0
ERSAHIN;34;28.01.1966;34;0
YUSUFU;34;26.09.1968;34;0
CAFAR;34;20.11.1958;34;0
CUMAA;34;22.06.1961;34;0
FAYIZ;34;27.10.1964;34;0
HISAMEDDIN;34;25.09.1961;34;0
ZEYNEDIN;34;24.03.1974;34;0
SIBGATULLAH;34;8.12.1974;34;0
ESVERI;34;28.10.1973;34;0
HAYRETIN;34;10.04.1969;34;0
BUNYAT;34;15.03.1961;34;0
TAVIL;34;26.07.1963;34;0
CELALITTIN;34;11.05.1950;34;0
BIYAMI;34;26.11.1964;34;0
EMINCAN;34;18.11.1985;34;0
EYUPCAN;34;3.07.1989;34;0
ERTUNGA;34;9.06.1977;34;0
KARAMURAT;34;4.03.1980;34;0
EBULFEZ;34;20.01.1971;34;0
OGUZKAAN;34;30.06.1984;34;0
BAATTIN;34;11.01.1964;34;0
ERAT;34;27.04.1973;34;0
ATAM;34;21.12.1958;34;0
YALCINKAYA;34;24.02.1957;34;0
SECAITTIN;34;23.12.1958;34;0
ALPDOGAN;34;13.07.1973;34;0
ABDULMUHTALIP;34;12.04.1977;34;0
SUNMANI;34;28.09.1963;34;0
NEBO;34;23.03.1938;34;0
BEHSET;34;25.05.1960;34;0
BURHANITTIN;34;15.09.1950;34;0
YIGITALP;34;23.08.1987;34;0
TUNAKAN;34;15.01.1977;34;0
ALIHIDIR;34;19.10.1953;34;0
VEYS;34;21.11.1961;34;0
SAFIYETTIN;34;23.11.1962;34;0
HUDIDA;34;20.02.1953;34;0
ESED;34;15.11.1963;34;0
ABDURKADIR;34;30.09.1957;34;0
NORETTIN;34;24.03.1959;34;0
FUDEYL;34;15.02.1977;34;0
ALEKSAN;34;17.12.1960;34;0
BUNYAMUN;34;24.03.1969;34;0
MENDOH;34;23.02.1964;34;0
BEYAMIL;34;4.02.1959;34;0
BILEC;34;12.01.1962;34;0
YURDAKAN;34;13.10.1966;34;0
IMAMBAKIR;34;4.01.1982;34;0
KAZIKLI;34;5.03.1953;34;0
GALENDER;33;27.04.1960;33;0
CANALI;33;8.08.1973;33;0
LEVET;33;16.04.1972;33;0
ABDULMENAN;33;23.09.1962;33;0
CALAL;33;17.06.1959;33;0
CUNDULLAH;33;20.08.1988;33;0
HUFZULLAH;33;11.09.1968;33;0
A.KADIR;33;18.03.1958;33;0
NUSRATTIN;33;21.10.1957;33;0
RAMIL;33;5.06.1971;33;0
SEBAHEDDIN;33;1.09.1957;33;0
HUZEYIR;33;9.04.1964;33;0
MOHRELI;33;19.02.1959;33;0
ERCENK;33;3.11.1979;33;0
GOKKAN;33;28.11.1980;33;0
ELETTIN;33;9.05.1956;33;0
TEKINER;33;28.01.1970;33;0
SEYDIAHMET;33;14.06.1973;33;0
ARHAN;33;8.09.1973;33;0
YENILMEZ;33;26.08.1967;33;0
COSKUNER;33;30.10.1969;33;0
ALUS;33;19.03.1956;33;0
ERDOVAN;33;5.10.1959;33;0
ALPERTUNGA;33;1.04.1980;33;0
MAREM;33;19.12.1965;33;0
CELAT;33;20.03.1967;33;0
SAFYETTIN;33;18.10.1976;33;0
COLI;33;29.03.1959;33;0
M.SABRI;33;21.12.1944;33;0
HALIP;33;14.01.1964;33;0
MULAIM;33;19.12.1966;33;0
KURTIS;33;7.01.1946;33;0
COSKAN;33;30.09.1973;33;0
DURASAN;33;26.01.1962;33;0
TASO;32;4.03.1942;32;0
TACATTIN;32;6.01.1962;32;0
IMAMETTIN;32;8.10.1966;32;0
IBIL;32;5.07.1953;32;0
HASMETTIN;32;6.01.1960;32;0
SEHDAVUT;32;13.05.1968;32;0
VAHAB;32;6.09.1964;32;0
MERALI;32;29.01.1965;32;0
CEKDAR;32;22.07.1989;32;0
BUBE;32;12.04.1971;32;0
FARMAN;32;24.12.1951;32;0
ASAT;32;4.06.1959;32;0
ABDULMELEK;32;19.05.1978;32;0
SELLAHATTIN;32;5.06.1969;32;0
UZEYR;32;30.01.1964;32;0
AVVAT;32;21.07.1956;32;0
HASSO;32;5.10.1940;32;0
MIHO;32;17.08.1942;32;0
SULHADIN;32;24.12.1960;32;0
ERTIN;32;20.05.1975;32;0
EMCET;32;18.03.1964;32;0
M.SADIK;32;21.11.1956;32;0
MUZAMETTIN;32;21.02.1966;32;0
ALAHETTIN;32;10.01.1958;32;0
SITGI;32;19.04.1961;32;0
FERIDDIN;32;24.08.1955;32;0
SAHIDDIN;32;30.01.1966;32;0
FEYZUL;32;1.02.1957;32;0
AYGUT;32;17.11.1961;32;0
APTURRAHIM;32;15.07.1958;32;0
MUSAFETTIN;32;16.02.1961;32;0
BIN;32;9.02.1956;32;0
KAHYA;32;15.06.1959;32;0
SEHABEDDIN;32;10.10.1964;32;0
KORUTURK;32;7.09.1976;32;0
SEDIRETTIN;32;12.08.1962;32;0
NURMEMET;32;29.11.1961;32;0
ZAMAHAN;32;7.07.1962;32;0
FATMIR;32;21.05.1966;32;0
BEYSIN;32;25.01.1967;32;0
ESPENDER;32;16.02.1954;32;0
SEYHMEHMET;32;22.09.1962;32;0
ABUSEYIF;31;28.11.1959;31;0
SEHHAMIT;31;8.04.1965;31;0
ALICEM;31;9.08.1984;31;0
BAHATIN;31;14.02.1966;31;0
CIBO;31;21.03.1940;31;0
ERBULENT;31;15.05.1976;31;0
M.TEVFIK;31;30.11.1944;31;0
MEVALI;31;21.08.1956;31;0
BENYAMIN;31;28.04.1970;31;0
NUTFULLAH;31;1.07.1961;31;0
ALISAIT;31;8.05.1964;31;0
SEBAHIDDIN;31;9.07.1958;31;0
GENCA;31;8.02.1966;31;0
TEBERDAR;31;3.02.1963;31;0
DORUKAN;31;20.03.1989;31;0
BURHANETDIN;31;19.10.1959;31;0
BEHATTIN;31;2.03.1953;31;0
KEMALETDIN;31;23.02.1963;31;0
SIRER;31;26.05.1969;31;0
FARABI;31;5.11.1973;31;0
SULFETTIN;31;12.12.1959;31;0
KAIL;31;2.01.1954;31;0
MIRBADIN;31;25.04.1961;31;0
HUTBETTIN;31;6.07.1969;31;0
OBEYIT;31;10.07.1968;31;0
MUSLIHITTIN;31;11.10.1963;31;0
EVNI;31;28.09.1957;31;0
TEFFIK;31;16.03.1962;31;0
HUSSEM;31;21.11.1956;31;0
KAIM;31;20.10.1964;31;0
RAZIK;31;20.04.1964;31;0
SENAD;31;25.09.1977;31;0
PIRHASAN;30;22.09.1969;30;0
MUHAMMEDUL;30;18.10.1978;30;0
SERDARHAN;30;26.07.1979;30;0
MUZDAT;30;20.05.1958;30;0
HACIHALIL;30;29.05.1956;30;0
SULAHATTIN;30;6.06.1962;30;0
ABTULKADIR;30;14.06.1963;30;0
HASIL;30;6.11.1974;30;0
SERMED;30;20.10.1968;30;0
VECETTIN;30;26.05.1974;30;0
ABDULMUTI;30;1.11.1970;30;0
HIKMETTULLAH;30;22.11.1970;30;0
ABDULVASI;30;22.06.1968;30;0
M.NEZIR;30;27.08.1953;30;0
RIZGO;30;10.05.1944;30;0
METHAT;30;9.12.1958;30;0
CAHVER;30;24.01.1970;30;0
MUCELLIT;30;20.01.1957;30;0
AFKAN;30;9.01.1977;30;0
EMANULLAH;30;23.08.1972;30;0
KADIRALI;30;4.01.1962;30;0
ABDULRESIT;30;13.11.1962;30;0
CEVDETTIN;30;17.11.1955;30;0
CEHTI;30;8.05.1958;30;0
MUKREMIL;30;11.05.1965;30;0
BOLUKBASI;30;14.02.1964;30;0
SEYHALI;30;30.11.1963;30;0
BEKIRCAN;30;28.01.1984;30;0
BEHRULLAH;30;3.11.1974;30;0
ERCAG;30;25.04.1986;30;0
MIRZAMEHMET;30;2.09.1966;30;0
IZZETHAN;30;11.01.1970;30;0
OZTUNC;30;2.10.1971;30;0
MIRSEVDI;30;3.03.1959;30;0
HAKKARI;30;23.11.1972;30;0
KADAFI;30;18.10.1984;30;0
VEYIZ;30;19.06.1963;30;0
MUCEDDIN;30;14.04.1958;30;0
FERZALI;30;6.06.1950;30;0
ELADDIN;30;6.11.1954;30;0
EDNAIL;30;24.09.1962;30;0
SAHSEDDIN;30;17.06.1959;30;0
KUREYIS;30;10.03.1955;30;0
MUSTUL;30;23.12.1962;30;0
IBILI;30;10.11.1954;30;0
SEHRALI;30;19.11.1951;30;0
YAFEZ;30;22.01.1971;30;0
CELEM;30;6.10.1961;30;0
MUHITIN;30;25.11.1970;30;0
HUMEYDI;30;20.01.1957;30;0
SEHMEHMET;30;21.08.1964;30;0
KIRAMETTIN;29;20.05.1968;29;0
VELIYETTIN;29;2.12.1963;29;0
H.BAYRAM;29;21.01.1955;29;0
CELALDIN;29;4.08.1965;29;0
SEYFULMULUK;29;19.02.1965;29;0
SELHADIN;29;21.12.1972;29;0
ABDULHELIM;29;5.02.1968;29;0
CAMALETTIN;29;7.02.1966;29;0
MEHMETLATIF;29;13.02.1973;29;0
AZRAIL;29;21.01.1979;29;0
CASUR;29;6.04.1971;29;0
M.CEMIL;29;3.02.1947;29;0
ABDUNNUR;29;15.03.1969;29;0
TIRHI;29;30.06.1965;29;0
HACIMUSTAFA;29;7.11.1963;29;0
SEBAYITTIN;29;14.11.1960;29;0
NECDED;29;20.04.1964;29;0
RICAYI;29;28.03.1961;29;0
OZGURHAN;29;25.01.1983;29;0
MUDERIS;29;28.03.1963;29;0
ALIMDAR;29;20.09.1962;29;0
PIRIBEY;29;28.05.1960;29;0
ALINACI;29;1.06.1959;29;0
HIFSULLAH;29;19.02.1972;29;0
REFAIL;29;26.08.1954;29;0
ABDULVAHAT;29;3.11.1975;29;0
SEYD;29;5.05.1961;29;0
RUSLAN;29;16.06.1983;29;0
LEFTER;29;2.08.1966;29;0
KURES;29;12.12.1961;29;0
MUSAYI;29;11.11.1962;29;0
TABIB;29;13.02.1970;29;0
AYTIMUR;29;5.01.1972;29;0
AMANULLAH;29;6.02.1968;29;0
GURALP;29;26.06.1977;29;0
MEMLI;29;4.07.1953;29;0
SIYAAHMET;29;27.04.1970;29;0
NECMETIN;29;28.11.1970;29;0
EYAZ;29;10.11.1967;29;0
NUHMEHMET;29;27.10.1956;29;0
IMADEDDIN;29;23.02.1963;29;0
ABBASALI;29;2.09.1954;29;0
HESE;29;6.02.1965;29;0
BURAKCAN;29;30.2.1990;29;0
BEYAZID;29;28.12.1978;29;0
FETLI;29;20.03.1975;29;0
TIMURLENK;28;10.05.1966;28;0
VEDII;28;22.01.1960;28;0
ABDULNUR;28;15.09.1969;28;0
FEVKI;28;10.10.1956;28;0
AKUP;28;12.11.1950;28;0
MUHO;28;26.10.1942;28;0
HASRETTIN;28;24.10.1967;28;0
RUSTAM;28;12.03.1961;28;0
RIZGAR;28;21.08.1987;28;0
SELAHADIN;28;22.09.1957;28;0
VEYSETTIN;28;21.11.1966;28;0
SADDETTIN;28;20.04.1969;28;0
KAVVAS;28;15.03.1960;28;0
YUMNI;28;20.05.1959;28;0
BAHAIDDIN;28;25.05.1956;28;0
OMAR;28;25.08.1959;28;0
RAHMATULLAH;28;14.02.1974;28;0
ILLEZ;28;8.02.1960;28;0
FERZULLAH;28;3.10.1972;28;0
SEZAIL;28;2.08.1967;28;0
COBAN;28;18.01.1965;28;0
SEFATTIN;28;18.09.1960;28;0
MENGUC;28;20.09.1963;28;0
BESET;28;4.10.1964;28;0
KORGUN;28;30.10.1977;28;0
KAYS;28;3.01.1972;28;0
RIZANUR;28;8.06.1963;28;0
USUK;28;23.03.1948;28;0
BURHANI;28;23.02.1969;28;0
MERTGUN;28;16.02.1976;28;0
MIDRAP;28;22.01.1964;28;0
BARETTIN;28;21.10.1968;28;0
ELYAZ;28;15.10.1966;28;0
ABDILMUTTALIP;28;4.01.1970;28;0
TAYANC;28;8.03.1976;28;0
KOSUN;28;12.02.1956;28;0
KAYTANCI;28;21.06.1952;28;0
DENGIR;28;29.01.1979;28;0
HAMPARSUN;28;20.12.1951;28;0
SUKUTI;27;4.12.1953;27;0
ABDULGALIP;27;7.05.1967;27;0
TUMUCIN;27;23.09.1978;27;0
ABDULFARUK;27;18.09.1963;27;0
FEHMEDDIN;27;20.04.1962;27;0
MIZRABI;27;1.01.1971;27;0
KULTIGIN;27;16.05.1977;27;0
M.HALIT;27;7.04.1954;27;0
AMO;27;16.03.1938;27;0
HUMUT;27;24.01.1962;27;0
AHMI;27;2.04.1955;27;0
BERAKAT;27;24.06.1969;27;0
ABDULMUTTALIB;27;12.01.1978;27;0
FEREDUN;27;14.11.1973;27;0
ANTUVAN;27;20.09.1957;27;0
ERDAS;27;3.04.1965;27;0
MOHAMED;27;23.02.1976;27;0
DAHI;27;16.07.1970;27;0
FEDDAH;27;6.10.1964;27;0
ISAH;27;14.07.1974;27;0
ERYIGIT;27;13.11.1973;27;0
SULMAN;27;1.06.1947;27;0
NURAHMET;27;1.11.1963;27;0
SERAFITTIN;27;3.02.1953;27;0
EFER;27;10.09.1965;27;0
FARITTIN;27;11.09.1954;27;0
UZEIR;27;12.12.1964;27;0
MUHRELI;27;4.03.1953;27;0
ELAHATTIN;27;21.10.1961;27;0
FAZUL;27;29.10.1967;27;0
MOHRETTIN;27;16.08.1967;27;0
TAFIL;27;8.05.1954;27;0
MAKSUD;27;9.09.1964;27;0
YASARNURI;27;6.01.1969;27;0
MOHAMMAD;27;11.04.1972;27;0
TUMERKAN;27;22.05.1979;27;0
ALAYI;27;22.02.1965;27;0
MESRU;27;27.05.1975;27;0
NESDET;27;10.11.1958;27;0
FERKI;27;13.10.1952;27;0
YORUK;27;25.04.1973;27;0
ABDILKERIM;27;1.01.1963;27;0
ABDIS;27;18.08.1955;27;0
VASIM;27;30.07.1965;27;0
ERBABI;27;13.08.1966;27;0
SELETTIN;27;1.10.1960;27;0
YAHSIN;27;1.11.1970;27;0
JEHAT;27;8.03.1979;27;0
YIGITER;27;8.06.1982;27;0
TURUSAN;27;20.06.1981;27;0
MEHENDIS;27;9.08.1968;27;0
CALAP;27;28.04.1957;27;0
ABDULMUSA;27;11.12.1965;27;0
ALIDEDE;27;20.12.1959;27;0
OZANCAN;27;20.12.1989;27;0
KAYGUSUZ;27;17.05.1974;27;0
VAHATTIN;27;14.03.1959;27;0
REZZUK;27;5.10.1968;27;0
MUZEYDIN;27;15.03.1969;27;0
OCAK;27;16.09.1964;27;0
SAHYUSUF;27;25.12.1958;27;0
SEYIDALI;27;7.10.1965;27;0
EBUSEYF;26;12.02.1958;26;0
ABDULCEMAL;26;5.10.1967;26;0
HALKAN;26;23.09.1976;26;0
MUTTALIB;26;22.04.1971;26;0
ALIADDIN;26;19.05.1965;26;0
ULHAK;26;3.03.1985;26;0
NIZAMETIN;26;17.10.1963;26;0
LAZAR;26;10.01.1952;26;0
ABDULHAKKI;26;12.06.1973;26;0
TEYYUP;26;7.03.1962;26;0
BIRO;26;19.11.1939;26;0
NIZAMEDIN;26;16.06.1969;26;0
ISLAMI;26;9.05.1978;26;0
MUKRI;26;24.08.1967;26;0
SEBGATULLAH;26;18.05.1975;26;0
AYETTULLAH;26;12.01.1986;26;0
HIYAS;26;16.03.1973;26;0
SEKFAN;26;22.05.1966;26;0
MIHYETTIN;26;6.02.1962;26;0
SEYTHAN;26;22.10.1976;26;0
KUTDUSI;26;22.11.1967;26;0
SABAATTIN;26;4.08.1965;26;0
SELAYITTIN;26;19.11.1958;26;0
BUHRAN;26;29.01.1962;26;0
ZIYATALI;26;1.01.1954;26;0
ERENSOY;26;1.02.1977;26;0
FERDAYI;26;1.09.1966;26;0
KUZUBEY;26;16.05.1961;26;0
RECEBALI;26;8.10.1960;26;0
VURKAN;26;15.07.1986;26;0
NECABETTIN;26;2.05.1952;26;0
SALAATTIN;26;30.2.1955;26;0
AGZEM;26;12.11.1965;26;0
CANALP;26;19.04.1980;26;0
PASAALI;26;17.02.1960;26;0
MURATALI;26;6.08.1973;26;0
ATMACA;26;28.10.1964;26;0
HARUNI;26;7.04.1966;26;0
NEZDET;26;30.04.1957;26;0
SUAYYUP;26;2.04.1950;26;0
RUHITTIN;26;4.04.1955;26;0
YAYLABEYI;26;23.01.1958;26;0
HOSOGLAN;26;27.11.1961;26;0
BURANETTIN;26;30.06.1964;26;0
ABULFEZ;26;10.07.1976;26;0
NART;26;16.12.1971;26;0
SIRALI;26;29.11.1958;26;0
GULEDIN;26;1.05.1973;26;0
ADEMRIZA;26;7.04.1960;26;0
SEDIR;26;28.02.1970;26;0
M.SIDIK;26;29.04.1951;26;0
SAADIN;26;11.03.1968;26;0
EROGLU;26;19.08.1956;26;0
SAZIM;26;1.04.1961;26;0
SIRAZDIN;26;11.02.1971;26;0
NEZARETTIN;26;6.11.1961;26;0
MUSLAHADDIN;26;28.05.1959;26;0
MUSALI;26;14.06.1963;26;0
TABUR;26;11.02.1957;26;0
SEYFIALI;26;30.05.1956;26;0
ABTIL;26;25.04.1966;26;0
GEZMIS;26;19.06.1979;26;0
AND;26;7.11.1976;26;0
CAHVAR;26;19.12.1953;26;0
MAHYEDDIN;26;26.10.1963;26;0
BARKAN;26;18.06.1981;26;0
SAHIB;25;27.08.1972;25;0
AYBEY;25;17.12.1961;25;0
KAFFARI;25;17.12.1971;25;0
YAHYAHAN;25;23.10.1977;25;0
HACIHUSEYIN;25;29.11.1963;25;0
ZEYNULABIDIN;25;11.03.1967;25;0
KUDBEDIN;25;29.10.1971;25;0
MUZBEH;25;14.03.1975;25;0
TAHAR;25;28.11.1965;25;0
MUMTAS;25;9.08.1972;25;0
DAHHAM;25;10.03.1968;25;0
MIHYEDDIN;25;14.06.1960;25;0
SEYFETIN;25;5.10.1971;25;0
TOMAS;25;18.02.1969;25;0
PETRO;25;23.04.1955;25;0
YOSEF;25;21.03.1958;25;0
ABDULRIZAK;25;5.06.1971;25;0
GULDEDE;25;20.07.1963;25;0
DURANALI;25;1.09.1955;25;0
MUHLUS;25;8.11.1965;25;0
ABTURRAHMAN;25;11.01.1962;25;0
HECABI;25;17.01.1955;25;0
SANCER;25;1.03.1974;25;0
BAYITTIN;25;1.08.1962;25;0
IBRAYIM;25;8.11.1966;25;0
KAYGISIZ;25;15.09.1969;25;0
FAAT;25;22.05.1960;25;0
CIHANBEY;25;10.01.1964;25;0
GIRAYHAN;25;17.11.1985;25;0
ZIYAITTIN;25;9.08.1949;25;0
NAYIP;25;26.10.1962;25;0
DEMOKAN;25;12.01.1982;25;0
NURBEY;25;28.12.1971;25;0
MUHEMMET;25;19.03.1969;25;0
KRAL;25;12.02.1978;25;0
CANKURT;25;19.03.1977;25;0
SOYDANER;25;15.03.1972;25;0
BINAT;25;20.09.1956;25;0
HALIDDIN;25;16.06.1958;25;0
SEMSIT;25;24.02.1962;25;0
ERGUNAL;25;2.12.1971;25;0
SUCEDDIN;25;25.02.1965;25;0
UBBAT;25;17.01.1964;25;0
H.OMER;25;22.05.1957;25;0
YALCINER;25;29.03.1966;25;0
ERSAD;25;3.04.1983;25;0
YURTER;25;15.09.1966;25;0
CANBULAT;25;15.11.1959;25;0
KERIMULLAH;25;9.03.1981;25;0
BANGIN;25;1.11.1977;25;0
FAHRETIN;25;18.12.1965;25;0
IZEDIN;25;9.07.1962;25;0
MIRZEMEHMET;25;7.11.1966;25;0
HESSIN;25;20.01.1958;25;0
FUDAYIL;25;14.10.1968;25;0
ALEKBER;25;12.01.1965;25;0
MUSTAFAALI;25;3.08.1959;25;0
ERDUHAN;25;26.06.1940;25;0
MEZAHIM;25;22.02.1954;25;0
ALPKAN;25;22.11.1983;25;0
SAVASER;25;26.02.1967;25;0
RISALETTIN;25;11.04.1966;25;0
VARGIN;25;10.06.1977;25;0
SEYITMEHMET;25;16.09.1963;25;0
FERUT;25;29.03.1979;25;0
MAIR;25;19.07.1966;25;0
TARKIN;25;25.10.1980;25;0
MUHANBER;25;8.10.1968;25;0
SALIHCAN;25;5.09.1986;25;0
DAYIMI;25;14.09.1973;25;0
ABDUSSETTAR;25;23.03.1959;25;0
BETTAL;24;15.03.1964;24;0
ALPGIRAY;24;13.12.1978;24;0
SAGBETULLAH;24;4.09.1974;24;0
MUSTO;24;24.02.1940;24;0
VAHTEDDIN;24;19.12.1962;24;0
ABDULLILLAH;24;17.10.1979;24;0
BORHAN;24;27.02.1968;24;0
HACIHASAN;24;23.06.1964;24;0
AKIT;24;6.03.1943;24;0
NAKIF;24;29.12.1973;24;0
ZAHAT;24;2.03.1970;24;0
BAHAADDIN;24;5.08.1970;24;0
ZEYNITTIN;24;2.07.1960;24;0
DIJVAR;24;28.09.1973;24;0
CANVER;24;3.06.1985;24;0
TACEDIN;24;19.09.1965;24;0
FAHREDIN;24;6.09.1964;24;0
ILHAMEDDIN;24;12.08.1974;24;0
CETTIN;24;5.06.1975;24;0
COLLO;24;1.07.1954;24;0
MAMET;24;18.07.1957;24;0
YUHANUN;24;22.07.1969;24;0
ANDREAS;24;23.08.1979;24;0
MECDIN;24;30.10.1961;24;0
GEVRIYI;24;26.06.1946;24;0
VEFADIN;24;5.03.1981;24;0
VEYSO;24;22.10.1860;24;0
ARTUNC;24;1.12.1982;24;0
MUTAHIR;24;8.09.1960;24;0
KEMALITTIN;24;5.01.1950;24;0
AYCETIN;24;14.12.1962;24;0
ZULFETTIN;24;3.09.1958;24;0
MEHMETSAKIR;24;16.05.1976;24;0
YASAT;24;22.11.1964;24;0
HISABALI;24;2.12.1941;24;0
KAYABEY;24;21.11.1955;24;0
VAHDEDIN;24;25.09.1969;24;0
SECATI;24;5.09.1965;24;0
YURTALAN;24;3.12.1968;24;0
NESUHI;24;18.10.1961;24;0
SELVETTIN;24;8.04.1961;24;0
FAMETTIN;24;20.07.1961;24;0
KALEMDER;24;8.07.1960;24;0
ZEYID;24;13.02.1982;24;0
ARAFETTIN;24;9.11.1965;24;0
MUHIDIN;24;23.01.1964;24;0
HEMDI;24;16.04.1961;24;0
IBRAHIMHAKKI;24;17.10.1966;24;0
MUANMER;24;11.11.1969;24;0
ELFESIYAR;24;25.12.1974;24;0
MAHYETTIN;24;19.02.1965;24;0
ESASETTIN;24;8.10.1973;24;0
BEHZAD;24;8.10.1959;24;0
ABDULHABIP;24;21.01.1978;24;0
MEHMETSENA;24;26.04.1978;24;0
CELALEDIN;24;26.12.1962;24;0
OZENDER;24;1.09.1973;24;0
HARON;24;6.03.1967;24;0
M.LATIF;24;6.11.1957;24;0
KOKEL;24;19.01.1970;24;0
TARGAN;24;17.01.1965;24;0
GURKAL;24;10.01.1974;24;0
IYSA;24;21.02.1965;24;0
SUKURU;24;19.11.1958;24;0
ZULGARI;24;5.05.1966;24;0
MUSAIT;24;18.07.1968;24;0
GULBEGI;24;20.09.1961;24;0
PENAH;24;10.05.1962;24;0
NUHO;24;27.06.1952;24;0
MEHMANI;24;17.03.1964;24;0
NAFIH;24;30.09.1967;24;0
ERTOGRUL;24;27.07.1957;24;0
GOKBORU;24;1.12.1981;24;0
SALETTIN;24;25.01.1960;24;0
RAIP;24;25.07.1970;24;0
CIHANDAR;24;16.03.1965;24;0
ZULKARNE;24;12.09.1964;24;0
ERGELDI;24;13.11.1967;24;0
RABBANI;24;4.01.1970;24;0
NOVFEL;24;16.03.1963;24;0
OZTAS;24;5.06.1964;24;0
BOBUS;24;8.01.1957;24;0
I.HALIL;24;4.07.1965;24;0
SEBIT;24;20.07.1959;24;0
ZALKIF;24;10.04.1966;24;0
IZZITTIN;24;14.11.1945;24;0
DEVRANI;23;22.07.1978;23;0
MAHMUTHAN;23;5.11.1977;23;0
TUGTEKIN;23;27.07.1972;23;0
TELHAN;23;10.06.1967;23;0
MUSHAP;23;14.05.1987;23;0
SIHHAMIT;23;1.12.1962;23;0
HUD;23;27.01.1970;23;0
SEYDIN;23;23.09.1963;23;0
SERZAT;23;6.04.1979;23;0
MICHEL;23;8.12.1980;23;0
VADAT;23;26.03.1976;23;0
ABDUSSEMAT;23;9.08.1968;23;0
ABDULVEHAB;23;6.03.1963;23;0
MISTAFA;23;16.04.1944;23;0
YEHYA;23;5.06.1966;23;0
MEMETSIDDIK;23;10.01.1958;23;0
MENIR;23;21.11.1964;23;0
UBET;23;21.04.1960;23;0
ABBUT;23;27.07.1953;23;0
EJDAT;23;26.06.1975;23;0
BEZZAT;23;16.11.1963;23;0
ALEEDDIN;23;17.05.1962;23;0
CUMAYA;23;30.2.1969;23;0
YASARALI;23;4.03.1965;23;0
YALMAN;23;30.10.1962;23;0
PIYAMI;23;16.06.1963;23;0
METECAN;23;30.06.1986;23;0
RECAHI;23;27.07.1960;23;0
TOLGACAN;23;15.03.1987;23;0
FETTI;23;22.09.1954;23;0
OZBERK;23;7.07.1983;23;0
OZGUVEN;23;25.09.1970;23;0
SEMIHCAN;23;20.04.1989;23;0
CEMALET;23;27.09.1964;23;0
RAUP;23;17.02.1968;23;0
ERDAR;23;15.09.1970;23;0
KAYYUM;23;14.08.1957;23;0
ELVETTIN;23;17.04.1960;23;0
MUAREM;23;10.05.1971;23;0
MEMMET;23;11.01.1962;23;0
MUDERRIS;23;22.02.1964;23;0
SIHMAN;23;9.12.1964;23;0
KUSAT;23;24.04.1967;23;0
BAYI;23;23.02.1948;23;0
CEDIH;23;14.01.1970;23;0
HAYREDIN;23;8.07.1963;23;0
ZAKIF;23;18.09.1965;23;0
ISYAR;23;19.10.1971;23;0
SENADDIN;23;30.03.1975;23;0
SACITTIN;23;23.08.1961;23;0
MEMETSALIH;23;27.03.1966;23;0
MUSBAHATTIN;23;5.08.1971;23;0
HASANI;23;9.10.1967;23;0
CANBEK;23;11.11.1979;23;0
MASUNI;23;14.05.1974;23;0
HAYFETTIN;23;28.04.1971;23;0
MAYUF;23;1.04.1957;23;0
KEREMCAN;23;13.06.1987;23;0
SERECETTIN;23;7.03.1970;23;0
FAIM;23;9.01.1973;23;0
KUDUSI;23;23.10.1963;23;0
CENBELI;23;30.05.1968;23;0
SELEDDIN;23;11.03.1962;23;0
TELLIBEY;23;13.05.1962;23;0
EMIRASLAN;23;1.05.1955;23;0
TELET;23;17.12.1966;23;0
GUVENTURK;23;14.07.1969;23;0
TEMCIT;23;18.06.1956;23;0
YOKSULI;23;24.08.1978;23;0
M.HALIL;23;27.06.1953;23;0
SERTUNC;23;6.12.1979;23;0
VAHIB;23;22.05.1962;23;0
KORALP;23;24.10.1979;23;0
FECRETTIN;23;10.09.1963;23;0
M.IHSAN;23;18.10.1954;23;0
HENIS;23;26.08.1963;23;0
ELBRUZ;23;6.09.1980;23;0
SEDVAN;23;17.05.1963;23;0
MUHAIL;23;5.04.1938;23;0
UKKAS;22;2.10.1949;22;0
HACIYUSUF;22;15.04.1970;22;0
SEMSETIN;22;2.07.1968;22;0
FAHTI;22;27.04.1973;22;0
MUCETTIN;22;1.11.1968;22;0
HACALI;22;19.01.1966;22;0
MITTAT;22;21.10.1964;22;0
HACIMEMET;22;5.09.1949;22;0
SERGENDER;22;8.10.1976;22;0
M.BESIR;22;3.10.1954;22;0
FERSENT;22;5.05.1971;22;0
ZUHDI;22;20.10.1946;22;0
HUSAMEDIN;22;7.01.1968;22;0
SADEDIN;22;17.10.1965;22;0
ABDULSABUR;22;14.10.1974;22;0
DIYAB;22;18.04.1957;22;0
SARAC;22;13.02.1971;22;0
KERAMETDIN;22;20.08.1965;22;0
SEVKETTIN;22;17.11.1959;22;0
EZVER;22;14.03.1976;22;0
MEFAYIL;22;5.06.1968;22;0
SEYFITDIN;22;12.01.1960;22;0
NEJATI;22;28.03.1960;22;0
ALAEDTIN;22;2.03.1962;22;0
SEYFUL;22;19.08.1964;22;0
RICAIL;22;16.06.1959;22;0
GULETTIN;22;4.12.1971;22;0
RIKAP;22;15.07.1950;22;0
SEYIF;22;14.04.1951;22;0
AZMETTIN;22;3.05.1960;22;0
TOGMAN;22;18.09.1960;22;0
EFRETTIN;22;12.04.1959;22;0
KIYAFETTIN;22;5.09.1961;22;0
REFAEDDIN;22;2.05.1951;22;0
ITRIS;22;24.04.1964;22;0
KEMTER;22;26.11.1963;22;0
KORALTAN;22;14.02.1965;22;0
KEMALCAN;22;25.03.1985;22;0
SAADETDIN;22;25.12.1963;22;0
SAAP;22;7.03.1965;22;0
H.BEKIR;22;23.03.1952;22;0
MERDINSAH;22;28.08.1952;22;0
ALPERHAN;22;6.09.1986;22;0
SIYASETTIN;22;26.02.1967;22;0
BAYDUR;22;4.08.1961;22;0
ZULKARNEY;22;8.02.1966;22;0
MECMETTIN;22;11.08.1967;22;0
ARKUN;22;4.08.1969;22;0
BAYRAK;22;18.06.1956;22;0
ABDULRIZA;22;11.06.1973;22;0
NESEMI;22;1.08.1967;22;0
AGACAN;22;6.08.1969;22;0
SEDREDIN;22;5.02.1965;22;0
ESADULLAH;22;27.07.1965;22;0
SAMEDIN;22;6.08.1960;22;0
ABDULMANAV;22;6.09.1974;22;0
NEZRETTIN;22;17.02.1968;22;0
YAHYE;22;21.12.1964;22;0
VAHIDETTIN;22;15.01.1947;22;0
SABIRI;22;4.06.1963;22;0
SEBHATTIN;22;24.04.1975;22;0
ARDIL;22;11.11.1983;22;0
ERBUG;22;25.04.1971;22;0
MEHTIN;22;12.04.1972;22;0
BERKEHAN;22;13.11.1982;22;0
FATLI;22;5.11.1958;22;0
HALILCAN;22;19.06.1987;22;0
AYIP;22;2.11.1967;22;0
ORYAN;22;13.02.1972;22;0
NUVEYRAN;22;26.01.1966;22;0
HAYRABET;22;5.05.1952;22;0
VAHDETDIN;21;13.10.1966;21;0
IZZETDIN;21;21.11.1963;21;0
ALOS;21;4.10.1946;21;0
RESSO;21;28.10.1944;21;0
FERIDIN;21;8.07.1966;21;0
ITMAN;21;16.06.1969;21;0
FEVAZ;21;29.01.1976;21;0
HUKMETTIN;21;14.11.1958;21;0
ATILKAN;21;2.07.1976;21;0
TEMMO;21;29.01.1947;21;0
ALIK;21;4.07.1954;21;0
ABDULSAMAD;21;26.02.1974;21;0
IZZI;21;5.12.1951;21;0
BUNYAM;21;25.12.1963;21;0
MECRUM;21;20.10.1977;21;0
KASO;21;16.09.1942;21;0
STEFAN;21;26.03.1974;21;0
HAYATULLAH;21;29.07.1975;21;0
MUHUTTUN;21;25.04.1969;21;0
ABDULKAHIR;21;1.07.1976;21;0
HAFIZULLAH;21;26.10.1979;21;0
DIYAATTIN;21;21.11.1980;21;0
HACIEMIN;21;4.01.1964;21;0
APTULLA;21;27.04.1961;21;0
SEHITTIN;21;16.08.1961;21;0
NEJMITTIN;21;10.02.1965;21;0
HUSAMIDDIN;21;25.04.1957;21;0
REFAHITTIN;21;22.08.1963;21;0
BAHRULLAH;21;9.08.1964;21;0
M.YASAR;21;18.10.1954;21;0
FEZAYIL;21;4.10.1960;21;0
FAHIM;21;1.09.1960;21;0
CAHITTIN;21;30.04.1955;21;0
MUZELLIF;21;17.03.1955;21;0
AKSEMSETTIN;21;18.06.1981;21;0
MUKSIN;21;3.09.1973;21;0
DAUT;21;16.07.1962;21;0
DOGKAN;21;5.01.1989;21;0
CETE;21;9.11.1959;21;0
TASBEY;21;5.01.1969;21;0
DEHRI;21;4.08.1965;21;0
YELTEKIN;21;17.02.1971;21;0
MITHAD;21;27.08.1970;21;0
SAKIF;21;6.11.1972;21;0
APPAS;21;2.09.1956;21;0
ALEDIN;21;7.10.1968;21;0
ABDULKAYYUM;21;1.02.1966;21;0
MALKOC;21;7.10.1971;21;0
BERAETTIN;21;6.10.1959;21;0
TUMICIN;21;24.08.1979;21;0
BERKUT;21;3.09.1979;21;0
OGUZALP;21;28.04.1983;21;0
MUHANMER;21;17.06.1972;21;0
KALKAN;21;11.01.1971;21;0
ABOBEKIR;21;22.12.1952;21;0
KALMAN;21;7.11.1945;21;0
GULEDDIN;21;12.02.1974;21;0
MAFUZ;21;14.04.1974;21;0
TEVIT;21;22.09.1970;21;0
DIRBAS;21;27.06.1972;21;0
MEHEMT;21;10.05.1980;21;0
ALIMCAN;21;23.09.1966;21;0
SEBRULLAH;21;26.04.1981;21;0
ATIP;21;23.04.1959;21;0
GULBEDDIN;21;22.11.1988;21;0
ERGON;21;24.12.1943;21;0
MEHSUT;21;26.09.1971;21;0
CEVATTIN;21;12.06.1965;21;0
SAIB;21;24.04.1959;21;0
FAKRULLAH;21;6.06.1976;21;0
CANKER;21;11.11.1971;21;0
MUAS;21;14.10.1977;21;0
M.CAN;21;6.11.1958;21;0
BOLU;21;20.12.1958;21;0
ALLAHYAR;21;26.12.1953;21;0
ZULFALI;21;22.05.1962;21;0
NAVRUZALI;21;19.10.1956;21;0
NEDRI;21;7.08.1968;21;0
CIHANBIR;21;7.04.1965;21;0
SABRALI;21;15.10.1946;21;0
KERBI;21;21.12.1958;21;0
KERIMCAN;21;19.07.1982;21;0
ALPAGUT;21;28.03.1973;21;0
NUHCAN;21;7.12.1977;21;0
HASSUN;21;12.05.1951;21;0
TEYFUK;21;12.03.1967;21;0
BINAMI;20;1.02.1975;20;0
AHMETTURAN;20;27.10.1962;20;0
RADIF;20;26.03.1971;20;0
KARABABA;20;13.05.1955;20;0
SADETIN;20;7.03.1966;20;0
ABUTTER;20;18.06.1963;20;0
SACEDDIN;20;26.05.1962;20;0
TEVIK;20;30.06.1965;20;0
ECDAT;20;30.07.1973;20;0
ABDULRESUL;20;11.09.1966;20;0
SADAM;20;1.10.1989;20;0
VAFI;20;24.10.1970;20;0
GORGIS;20;18.03.1960;20;0
MUSATFA;20;8.06.1976;20;0
USO;20;12.01.1942;20;0
ZIKREDDIN;20;22.01.1972;20;0
CIGERHUN;20;30.10.1983;20;0
AYVAS;20;9.05.1967;20;0
UFUKCAN;20;12.02.1989;20;0
BAITTIN;20;6.01.1959;20;0
REFAYITTIN;20;28.03.1964;20;0
CAPBAR;20;3.05.1957;20;0
MEJDI;20;22.07.1963;20;0
ADEMALI;20;1.02.1967;20;0
REUF;20;21.01.1951;20;0
AZMAN;20;24.05.1961;20;0
RESULI;20;12.08.1978;20;0
SIYAMETTIN;20;11.05.1964;20;0
NUREDTIN;20;29.07.1960;20;0
REFAYI;20;8.01.1968;20;0
VESAI;20;13.07.1964;20;0
ERTUGRULGAZI;20;4.05.1976;20;0
GADIM;20;10.11.1966;20;0
SEYF;20;3.02.1966;20;0
TUCCAR;20;30.12.1969;20;0
BINYALI;20;25.02.1963;20;0
ALPCAN;20;26.09.1983;20;0
TOYGAN;20;23.03.1978;20;0
OZKAYA;20;25.06.1950;20;0
ESIREF;20;25.12.1961;20;0
I.HAKKI;20;26.07.1942;20;0
APBAS;20;13.07.1953;20;0
BUMINHAN;20;10.12.1978;20;0
HOKMU;20;30.08.1958;20;0
ERYASAR;20;19.05.1961;20;0
SIYABEND;20;26.01.1981;20;0
AZIZCAN;20;30.01.1980;20;0
SERKAR;20;18.09.1981;20;0
GESIM;20;4.01.1965;20;0
HOSRUF;20;28.05.1956;20;0
SELHATIN;20;16.02.1965;20;0
KUDFETTIN;20;27.01.1969;20;0
ZIYATIN;20;22.03.1965;20;0
MIRZEMEMET;20;15.04.1959;20;0
BASO;20;9.01.1944;20;0
SEBETULLAH;20;11.06.1978;20;0
FUDEYIL;20;13.03.1971;20;0
AVANI;20;18.11.1940;20;0
MUFTI;20;16.04.1951;20;0
M.BAKI;20;26.02.1954;20;0
SADITTIN;20;9.03.1951;20;0
SEID;20;1.08.1963;20;0
PARS;20;20.04.1960;20;0
YARBAY;20;11.12.1965;20;0
GURTEKIN;20;11.02.1963;20;0
EYVEZ;20;28.12.1958;20;0
CEKAN;20;18.02.1986;20;0
DIRIH;20;1.08.1958;20;0
ABDULHAT;20;21.11.1959;20;0
EKER;20;30.01.1968;20;0
SAHPENDER;20;30.03.1953;20;0
SUCAETTIN;20;7.02.1954;20;0
YUNAL;20;22.09.1969;20;0
AZEDIN;20;12.03.1971;20;0
HAMADI;20;27.02.1961;20;0
ATAGAN;20;13.11.1973;20;0
SAHABITTIN;20;12.12.1962;20;0
ATULLAH;20;22.05.1967;20;0
ZEKIF;20;5.07.1962;20;0
MAKSUNI;20;13.11.1975;20;0
ACIB;20;30.08.1962;20;0
NEJAD;20;8.06.1957;20;0
HANRI;20;11.10.1956;20;0
TUGRAL;19;10.10.1960;19;0
SELIMCAN;19;9.08.1987;19;0
ABDULNAFI;19;4.08.1965;19;0
SUHAP;19;28.01.1971;19;0
BAHCET;19;30.01.1967;19;0
HEMET;19;4.04.1964;19;0
NUSRETDIN;19;4.04.1969;19;0
SECADDIN;19;1.08.1965;19;0
LEBIB;19;30.06.1963;19;0
SADATTIN;19;30.11.1969;19;0
M.HADI;19;11.04.1959;19;0
SEHYMUS;19;20.09.1975;19;0
HUSSO;19;29.08.1940;19;0
MUHUYETTIN;19;1.10.1960;19;0
EFRAM;19;10.06.1955;19;0
MARKUS;19;14.08.1982;19;0
MARKOS;19;27.08.1980;19;0
MATTHIAS;19;6.03.1985;19;0
BOBIL;19;3.09.1965;19;0
NABIL;19;30.01.1968;19;0
BEKKIR;19;29.11.1978;19;0
SULAYMAN;19;16.01.1966;19;0
BENJAMIN;19;3.01.1975;19;0
FAYIT;19;8.08.1964;19;0
ABDULHEMIT;19;26.11.1962;19;0
LOGMEN;19;2.10.1964;19;0
DEMIRKAYA;19;12.07.1953;19;0
LIFAT;19;3.11.1965;19;0
ATILYA;19;13.01.1959;19;0
NUHALI;19;21.10.1967;19;0
ERKANI;19;3.10.1963;19;0
ZOHDU;19;21.02.1951;19;0
NECATDIN;19;14.06.1961;19;0
ERKURT;19;28.02.1968;19;0
MAHMUTALI;19;29.09.1962;19;0
ORFAN;19;15.08.1958;19;0
CEVDED;19;14.03.1962;19;0
AKER;19;8.01.1970;19;0
NIDAYIM;19;22.02.1957;19;0
RIYASETTIN;19;25.02.1960;19;0
OROC;19;30.06.1966;19;0
CANIBEY;19;24.01.1964;19;0
VAHITDIN;19;10.09.1960;19;0
CANANI;19;20.05.1962;19;0
FERYUZ;19;26.11.1960;19;0
BEDRITTIN;19;14.06.1951;19;0
BISLIM;19;12.07.1953;19;0
OLCAYTUG;19;17.01.1986;19;0
SEBAHATIN;19;13.02.1961;19;0
KOSMAN;19;27.02.1972;19;0
GURYAY;19;23.10.1972;19;0
TEKKESIN;19;29.10.1958;19;0
MAHPUZ;19;23.12.1974;19;0
SAHAMEDDIN;19;20.05.1953;19;0
ZILKIFLI;19;15.05.1962;19;0
TAHVIL;19;4.06.1957;19;0
MUHYETIN;19;12.09.1968;19;0
PEHRUL;19;21.05.1967;19;0
TAVIT;19;14.04.1956;19;0
EYYIP;19;6.01.1964;19;0
APTULKERIM;19;30.06.1956;19;0
TUGMAN;19;11.01.1962;19;0
HUBEYB;19;27.09.1985;19;0
YAGIZHAN;19;27.06.1988;19;0
SEYAMI;19;12.10.1965;19;0
SEHEDDIN;19;30.08.1955;19;0
NURATTIN;19;9.02.1965;19;0
SABAHATIN;19;4.11.1968;19;0
ABDULVEKIL;19;14.09.1977;19;0
GUTBETTIN;19;18.09.1967;19;0
RAHMETTULLAH;19;5.03.1978;19;0
LETIFSAH;19;29.12.1962;19;0
BEDIN;19;21.03.1976;19;0
ERCEM;19;12.12.1974;19;0
MIHTI;19;19.11.1955;19;0
AHMETSAH;19;9.03.1978;19;0
KUTVETTIN;19;10.12.1966;19;0
SAYID;19;15.05.1972;19;0
BILBAY;19;26.04.1976;19;0
NADIRHAN;19;1.01.1965;19;0
ENNAGI;19;18.11.1962;19;0
MUSAVETTIN;19;10.03.1956;19;0
FERAD;19;22.08.1963;19;0
SUNNAH;19;1.06.1958;19;0
MIHMANI;19;7.01.1962;19;0
BAHCALI;19;8.11.1953;19;0
SEKIB;19;23.06.1957;19;0
TAKSIN;19;2.11.1962;19;0
MEVSUT;19;14.12.1961;19;0
ARAPALI;19;27.01.1964;19;0
MUCELLIP;19;15.02.1966;19;0
YUSAH;19;28.03.1975;19;0
ATAOL;19;25.09.1969;19;0
DAHAR;19;23.09.1964;19;0
NISIM;19;13.04.1953;19;0
SAHHUT;19;8.09.1956;19;0
UHUT;19;7.03.1985;19;0
BEDRIDDIN;19;23.04.1959;19;0
OZDIN;19;29.07.1961;19;0
ARAKIL;19;19.12.1947;19;0
CEMENDER;19;10.01.1960;19;0
MIZAM;19;8.06.1966;19;0
SUKREDDIN;18;13.08.1954;18;0
ABDULKAFFAR;18;28.07.1960;18;0
ABUMUSLUM;18;3.04.1966;18;0
HOYLU;18;2.01.1968;18;0
ABDULVASIF;18;25.02.1969;18;0
ZINAVER;18;6.01.1976;18;0
NAHMAN;18;3.01.1965;18;0
DEVRES;18;14.04.1968;18;0
MUCVEL;18;21.04.1969;18;0
CEDAN;18;3.07.1963;18;0
REMMO;18;6.07.1943;18;0
SADIDDIN;18;15.07.1958;18;0
SALAHADIN;18;3.01.1959;18;0
VEHHAP;18;19.08.1956;18;0
TAVFIK;18;16.11.1951;18;0
DAHUT;18;16.04.1969;18;0
BARZAN;18;13.11.1981;18;0
ERSET;18;9.04.1969;18;0
ALEXANDER;18;10.11.1979;18;0
GEORGE;18;3.03.1971;18;0
JOHANNES;18;17.06.1986;18;0
ISTAYFO;18;7.01.1960;18;0
YAHKO;18;21.03.1961;18;0
BESSAM;18;16.09.1968;18;0
SEBATULLAH;18;23.10.1977;18;0
MASUT;18;29.10.1969;18;0
ABDULHABIB;18;29.10.1966;18;0
FAIL;18;4.08.1954;18;0
NAMETTIN;18;8.05.1971;18;0
CAVET;18;11.04.1968;18;0
NISARI;18;30.03.1959;18;0
NUF;18;3.08.1973;18;0
OKMEN;18;2.02.1974;18;0
IBAZER;18;1.12.1954;18;0
SERTHAN;18;6.08.1980;18;0
BAHITDIN;18;24.06.1965;18;0
SEBADDIN;18;21.11.1963;18;0
KAFFER;18;30.07.1965;18;0
MASUR;18;28.10.1971;18;0
BAHADTIN;18;16.08.1968;18;0
BAY;18;2.06.1945;18;0
SELAEDDIN;18;24.02.1948;18;0
FEYZU;18;29.09.1960;18;0
AFGAN;18;29.07.1971;18;0
ILKDOGAN;18;15.07.1969;18;0
MUSENNIF;18;8.10.1964;18;0
SEZAITTIN;18;12.05.1960;18;0
MUHEMMED;18;26.08.1982;18;0
ATILLAHAN;18;18.02.1982;18;0
EFREDDIN;18;22.08.1950;18;0
NURMUHAMMET;18;4.07.1977;18;0
BERGUTAY;18;17.04.1984;18;0
SAABETTIN;18;20.10.1968;18;0
DEREBEY;18;13.04.1961;18;0
NAZMETTIN;18;9.06.1961;18;0
SAITTIN;18;20.03.1962;18;0
SEDARETTIN;18;17.07.1964;18;0
SELFETTIN;18;1.05.1964;18;0
BASET;18;12.07.1967;18;0
ATABEK;18;19.06.1974;18;0
MIHTAD;18;28.12.1968;18;0
NEVZATTIN;18;27.12.1956;18;0
KAYDI;18;25.06.1942;18;0
ATILHAN;18;9.03.1972;18;0
ALIBEK;18;26.12.1961;18;0
NECAMETTIN;18;6.11.1961;18;0
HUKUM;18;16.10.1964;18;0
FEVRI;18;12.02.1954;18;0
ALIBINAT;18;13.01.1955;18;0
HAYDARHAN;18;16.06.1973;18;0
HANTEMUR;18;13.06.1962;18;0
M.RESAT;18;15.01.1952;18;0
AZADIN;18;7.06.1968;18;0
HESAM;18;23.06.1964;18;0
SIVDIN;18;24.04.1965;18;0
VELYETTIN;18;29.10.1967;18;0
ISMETTULLAH;18;25.09.1968;18;0
ABDULSETAR;18;1.06.1976;18;0
BAGIR;18;16.03.1948;18;0
OBEYDULLAH;18;19.11.1965;18;0
CERGIZ;18;2.08.1979;18;0
HARUNRESIT;18;23.02.1974;18;0
OKKAN;18;30.10.1972;18;0
NECIBITTIN;18;28.11.1956;18;0
FERDON;18;12.02.1959;18;0
HUZULI;18;20.01.1968;18;0
GARANI;18;3.08.1976;18;0
RAYIP;18;12.06.1964;18;0
ALIESREF;18;8.12.1967;18;0
HAKEM;18;24.08.1964;18;0
KORTAN;18;26.01.1981;18;0
AKIP;18;26.07.1970;18;0
SUHIP;18;17.08.1956;18;0
DASDEMIR;18;20.12.1943;18;0
TOLGAN;18;12.05.1981;18;0
IMARETTIN;18;21.09.1964;18;0
MESUK;18;6.01.1972;18;0
VEYSULLAH;18;11.06.1967;18;0
FUDAYL;18;29.12.1973;18;0
ABDULHADIN;18;29.08.1972;18;0
SEHMUSLUM;18;8.08.1959;18;0
CANYURT;18;29.01.1972;18;0
ESHAP;18;19.07.1974;18;0
NOYFEL;18;4.02.1975;18;0
HAMZALI;18;29.05.1956;18;0
M.HANEFI;18;22.06.1948;18;0
IMAMALI;18;28.04.1961;18;0
MUSAI;18;26.08.1964;18;0
ZULGARNEYN;18;24.10.1968;18;0
MIZIRAP;18;27.06.1963;18;0
YUNUSCAN;18;30.01.1988;18;0
BATURMAN;18;22.09.1986;18;0
VEHIT;18;5.05.1951;18;0
RIZK;18;7.04.1954;18;0
UGURAL;17;3.02.1961;17;0
MUSAYIP;17;30.09.1966;17;0
SERKAL;17;10.06.1978;17;0
BEHADDIN;17;20.11.1953;17;0
FAKIH;17;19.07.1971;17;0
NACIM;17;7.08.1964;17;0
AHMETDURAN;17;18.06.1966;17;0
IBNI;17;29.06.1971;17;0
FEYZO;17;30.11.1947;17;0
ALLO;17;1.05.1937;17;0
ERZAT;17;15.05.1971;17;0
ILHAMIN;17;27.01.1976;17;0
FETHULLA;17;4.04.1968;17;0
SAHYEDDIN;17;23.03.1973;17;0
OSI;17;30.10.1900;17;0
EYETULLAH;17;16.12.1984;17;0
SEDAM;17;2.02.1988;17;0
HALLAC;17;30.04.1961;17;0
VELAATTIN;17;30.11.1963;17;0
IHSAMETTIN;17;15.07.1967;17;0
ZOHRAP;17;29.08.1964;17;0
ABDULVALI;17;20.02.1968;17;0
ABDUSSAMAD;17;19.05.1966;17;0
EDVARD;17;17.01.1961;17;0
MARVAN;17;9.07.1979;17;0
CIRCO;17;26.04.1936;17;0
OLIVER;17;19.05.1981;17;0
JORJ;17;9.09.1953;17;0
EDMON;17;26.07.1957;17;0
SEGVAN;17;28.08.1979;17;0
BEHDIN;17;23.08.1968;17;0
M.SIRAC;17;5.02.1953;17;0
BERKAT;17;10.09.1966;17;0
RAKIB;17;27.11.1970;17;0
ZALIM;17;14.10.1969;17;0
BASRAVI;17;28.12.1959;17;0
HIVZI;17;11.02.1961;17;0
NIKAYIL;17;16.01.1972;17;0
ERTUZUN;17;25.08.1972;17;0
ESFENDER;17;5.08.1947;17;0
LADIM;17;9.02.1964;17;0
SIFAHI;17;13.11.1954;17;0
ZAITTIN;17;1.08.1973;17;0
CEMALIDDIN;17;22.11.1957;17;0
SULUMAN;17;21.07.1961;17;0
HUSAMI;17;16.07.1977;17;0
CUMAIL;17;14.11.1969;17;0
ZEKERRIYYA;17;19.12.1962;17;0
CEVIT;17;2.06.1969;17;0
SAHINALI;17;8.08.1959;17;0
ASLANALI;17;23.10.1968;17;0
DEMIRAL;17;6.04.1957;17;0
ZUHTI;17;13.07.1953;17;0
ATOM;17;15.11.1962;17;0
NAHITTIN;17;20.02.1960;17;0
HIZIRALI;17;2.10.1964;17;0
SOYTURK;17;24.02.1976;17;0
AYFEDDIN;17;5.04.1961;17;0
ESABI;17;6.08.1970;17;0
HASMI;17;5.01.1965;17;0
OSMANGAZI;17;1.11.1978;17;0
HACIKURT;17;4.09.1960;17;0
ERTUGAY;17;7.07.1975;17;0
NECAEDDIN;17;26.09.1954;17;0
SAVASAN;17;19.02.1973;17;0
BAYKARA;17;8.12.1957;17;0
ENTER;17;28.09.1966;17;0
FENNI;17;24.01.1964;17;0
SINAMETTIN;17;10.09.1953;17;0
ERCUMERT;17;28.08.1966;17;0
KIPER;17;20.09.1967;17;0
MURADIF;17;27.02.1963;17;0
MIRMELEK;17;28.11.1957;17;0
CERIT;17;13.02.1966;17;0
IBADETTIN;17;24.08.1970;17;0
ABUDUN;17;24.10.1973;17;0
ABDULSEMIH;17;19.01.1980;17;0
AZIZULLAH;17;29.09.1973;17;0
SAVETTIN;17;23.06.1967;17;0
BIRAGA;17;28.10.1959;17;0
NAZMITTIN;17;24.07.1953;17;0
REYIZ;17;14.06.1966;17;0
MOMUN;17;25.03.1956;17;0
KUTAZ;17;25.12.1970;17;0
BABAHAN;17;2.09.1974;17;0
TECATTIN;17;3.07.1969;17;0
GULADIN;17;15.10.1968;17;0
ABDULMUTALIB;17;4.05.1979;17;0
SIYAHAHMET;17;4.08.1961;17;0
CELALLETTIN;17;18.04.1965;17;0
AMADIN;17;7.01.1969;17;0
MEHMETRESAT;17;1.08.1974;17;0
MEMETCAN;17;12.07.1973;17;0
VELEDDIN;17;25.12.1962;17;0
IMALETTIN;17;16.02.1964;17;0
NECCAR;17;1.06.1960;17;0
HASANHAN;17;5.12.1959;17;0
MUZEKKAR;17;22.07.1958;17;0
BINBASI;17;11.04.1956;17;0
MAZHER;17;8.07.1960;17;0
BARTUG;17;13.10.1985;17;0
MUNYAMIN;17;14.08.1965;17;0
NACITTIN;17;5.01.1960;17;0
BAHSALI;17;8.05.1952;17;0
MURZE;17;16.04.1962;17;0
VACETTIN;17;9.12.1969;17;0
ABDULMACIT;17;24.02.1967;17;0
BAYKURT;17;1.07.1969;17;0
DERVISALI;17;9.02.1958;17;0
FATHI;17;19.01.1975;17;0
YAVUZA;17;3.10.1962;17;0
REMEDAN;17;16.12.1945;17;0
FEDAIM;17;4.02.1962;17;0
TASKAN;17;23.04.1962;17;0
AVAD;17;13.08.1958;17;0
HIYASEDDIN;17;11.07.1966;17;0
BARHAN;17;27.07.1977;17;0
TARDU;17;10.11.1972;17;0
MESTO;17;21.03.1938;17;0
EDEBALI;17;14.06.1985;17;0
ALIBEKI;17;1.03.1961;17;0
GASIP;17;25.07.1969;17;0
KORAN;17;13.04.1972;17;0
JANBERK;17;17.04.1984;17;0
MAGRIP;17;24.01.1950;17;0
UKBE;17;19.07.1986;17;0
ASGAR;16;14.04.1962;16;0
PEHRIL;16;23.06.1965;16;0
ALISAHIN;16;13.03.1972;16;0
NUROSMAN;16;9.10.1961;16;0
ISFENDI;16;1.03.1957;16;0
HACETTIN;16;26.10.1968;16;0
ZIRAM;16;19.11.1963;16;0
YIHYA;16;27.11.1967;16;0
CEMALEDIN;16;8.08.1968;16;0
NIHYET;16;9.05.1967;16;0
ASHAT;16;26.01.1969;16;0
BASIT;16;18.03.1975;16;0
BEDREDIN;16;22.03.1967;16;0
FAREDDIN;16;1.07.1961;16;0
RESTEM;16;22.02.1963;16;0
MEHMUT;16;28.12.1960;16;0
ALEX;16;16.11.1982;16;0
ROBIL;16;10.05.1979;16;0
SAMUN;16;14.12.1952;16;0
HEYBETTIN;16;18.11.1972;16;0
INZIBAT;16;17.11.1966;16;0
NEJDED;16;22.09.1964;16;0
SAFETULLAH;16;22.04.1980;16;0
FAKA;16;16.11.1964;16;0
TIMURTAS;16;10.10.1976;16;0
TALAL;16;4.06.1975;16;0
ABDULKUDUZ;16;21.07.1966;16;0
CABRAIL;16;22.07.1975;16;0
NECIMETTIN;16;7.09.1964;16;0
YOKSUNI;16;8.01.1980;16;0
BEYDI;16;3.05.1962;16;0
VELITDIN;16;23.03.1962;16;0
GULEFENDI;16;2.03.1973;16;0
NECAHITTIN;16;27.09.1952;16;0
NECABI;16;5.06.1959;16;0
NECAIL;16;4.06.1958;16;0
BILALETTIN;16;23.09.1969;16;0
BASBUG;16;24.08.1974;16;0
SAHABBAS;16;3.04.1948;16;0
MEVLUTALI;16;18.10.1965;16;0
D.ALI;16;7.06.1942;16;0
MUSTECIP;16;2.10.1953;16;0
ALIDURSUN;16;16.09.1959;16;0
HACIPIR;16;1.01.1960;16;0
ATKIN;16;12.09.1965;16;0
CELALETIN;16;23.04.1967;16;0
SELAMETDIN;16;21.05.1959;16;0
SEYIP;16;8.05.1966;16;0
DURSUNBEY;16;21.09.1961;16;0
VELETTIN;16;9.02.1957;16;0
APDURRAHIM;16;27.05.1959;16;0
SADRET;16;5.03.1966;16;0
APDULLA;16;9.08.1967;16;0
KOCBEY;16;18.03.1969;16;0
KAZENFER;16;4.12.1962;16;0
SEYDIALI;16;24.05.1959;16;0
MUHIDTIN;16;8.05.1966;16;0
HUSUK;16;16.10.1945;16;0
BEKDEMIR;16;10.04.1955;16;0
ALIGALIP;16;12.11.1950;16;0
FIRKANI;16;13.11.1959;16;0
BULUTHAN;16;29.12.1982;16;0
CELLAT;16;22.05.1960;16;0
VAHTET;16;23.12.1973;16;0
MANSAR;16;25.08.1970;16;0
ERDOGMUS;16;30.10.1960;16;0
TAFIK;16;23.08.1957;16;0
VAZIF;16;16.06.1954;16;0
YUSUFZIYA;16;26.05.1967;16;0
TASGIN;16;28.10.1968;16;0
MIMARSINAN;16;18.02.1975;16;0
BAKKI;16;3.12.1959;16;0
ALIDOGAN;16;24.01.1966;16;0
ESKENDER;16;12.09.1958;16;0
BAYLOZ;16;3.02.1962;16;0
FESSIH;16;14.06.1970;16;0
ABDULSELLAM;16;10.02.1975;16;0
NIYMETULLAH;16;5.11.1976;16;0
MUCIB;16;29.04.1978;16;0
CUNIYET;16;27.05.1971;16;0
FAIR;16;27.11.1962;16;0
AYBORA;16;27.09.1974;16;0
YOSUF;16;19.09.1966;16;0
UMEYIR;16;12.11.1980;16;0
RIFGI;16;29.04.1962;16;0
SERCENK;16;12.04.1982;16;0
FEYAD;16;29.04.1967;16;0
BEKIRHAN;16;23.04.1982;16;0
ESBENDIYAR;16;16.02.1956;16;0
BEKTEMUR;16;21.11.1949;16;0
MANSIR;16;5.07.1969;16;0
RIZALI;16;23.09.1954;16;0
ARSOY;16;11.10.1973;16;0
CABAR;16;8.06.1973;16;0
ONTURK;16;3.10.1971;16;0
MAHSUNU;16;9.05.1973;16;0
ABAZER;16;4.07.1966;16;0
REMADAN;16;1.07.1947;16;0
CANATAN;16;22.02.1967;16;0
YILMAZER;16;11.07.1967;16;0
TACKIN;16;11.05.1976;16;0
BATUG;16;24.05.1986;16;0
S.MEHMET;16;8.05.1944;16;0
TURGUD;16;1.07.1966;16;0
BESTAMIN;16;9.12.1982;16;0
M.AKIF;16;28.10.1962;16;0
TANGUT;16;22.11.1966;16;0
ISAMEDDIN;16;18.06.1967;16;0
BAYKUR;16;12.04.1970;16;0
RESSUL;16;27.03.1988;16;0
PISAR;16;7.04.1970;16;0
OHANES;16;22.06.1943;16;0
NEJDETTIN;16;8.04.1959;16;0
FARI;16;6.06.1957;16;0
SOKMEN;16;1.12.1958;16;0
FAKRI;16;24.11.1969;16;0
COLAK;15;8.09.1951;15;0
UBEYID;15;19.11.1973;15;0
SABHATTIN;15;19.11.1975;15;0
MULHAK;15;5.07.1964;15;0
CIMO;15;30.01.1941;15;0
ABUSEF;15;7.11.1955;15;0
SAROHAN;15;22.11.1954;15;0
ESHED;15;26.01.1979;15;0
SABREDDIN;15;2.01.1967;15;0
GURZAP;15;14.05.1979;15;0
VEYSEDDIN;15;27.01.1968;15;0
SAFVAN;15;16.06.1975;15;0
ZEHRETTIN;15;29.10.1969;15;0
FIDAYIL;15;2.09.1967;15;0
SILAHATTIN;15;21.12.1959;15;0
DIRII;15;24.01.1943;15;0
ABDURRIZAK;15;7.10.1957;15;0
AVGIN;15;9.08.1980;15;0
IDBAN;15;18.06.1982;15;0
BITRIS;15;23.10.1947;15;0
SINCO;15;5.10.1957;15;0
ALBERTO;15;16.05.1957;15;0
KENEDI;15;6.09.1970;15;0
ANTONI;15;2.10.1964;15;0
KECEL;15;13.11.1971;15;0
TICIR;15;3.05.1967;15;0
HESIP;15;21.11.1957;15;0
AJNAN;15;3.03.1968;15;0
HASEN;15;18.08.1960;15;0
SIHOMER;15;3.05.1963;15;0
ELKAN;15;26.02.1978;15;0
IKRAMIN;15;29.09.1972;15;0
EYYUBI;15;14.02.1971;15;0
BILTEKIN;15;27.03.1968;15;0
ABDULMUTTELIP;15;29.08.1969;15;0
ABTURAHMAN;15;22.04.1959;15;0
OLGUNER;15;1.10.1972;15;0
ONBASI;15;20.07.1961;15;0
EBUMUSLIM;15;13.10.1967;15;0
SEYDUK;15;8.07.1967;15;0
ALIKUZU;15;22.08.1965;15;0
NECAADDIN;15;11.10.1953;15;0
TAHIP;15;6.10.1959;15;0
SEBAHADTIN;15;26.10.1959;15;0
SUVAYIP;15;25.08.1976;15;0
YARIS;15;4.08.1975;15;0
UZEYRI;15;16.07.1961;15;0
MEVLANI;15;17.04.1975;15;0
KOPARAL;15;30.08.1954;15;0
MANSURI;15;29.11.1968;15;0
ABDULKADRI;15;18.05.1964;15;0
EMIRULLAH;15;28.02.1969;15;0
ORKAY;15;19.07.1980;15;0
ABZER;15;25.03.1966;15;0
AKBAY;15;19.01.1963;15;0
HAMZAT;15;2.11.1956;15;0
SABUTAY;15;25.12.1975;15;0
RUBI;15;22.10.1970;15;0
NACATTIN;15;28.05.1962;15;0
ALAHATDIN;15;29.06.1963;15;0
ABDULSUKUR;15;10.01.1968;15;0
ERBAS;15;27.02.1971;15;0
NURMUHAMMED;15;3.02.1978;15;0
CUMAHAN;15;25.07.1969;15;0
OYKAN;15;10.05.1976;15;0
ERKUNT;15;29.10.1971;15;0
KIRAC;15;9.01.1970;15;0
FIKRULLAH;15;8.11.1968;15;0
NAMIKKEMAL;15;12.05.1962;15;0
RIZAK;15;15.07.1965;15;0
CERCIZ;15;20.02.1968;15;0
BAHIYETTIN;15;26.12.1969;15;0
SADULAH;15;21.07.1970;15;0
ATTAR;15;3.10.1966;15;0
PIRMUS;15;9.09.1968;15;0
MUCIT;15;15.01.1962;15;0
UMUTHAN;15;16.02.1984;15;0
SERAFETIN;15;3.05.1966;15;0
IZETIN;15;22.03.1965;15;0
M.CEMAL;15;23.01.1949;15;0
ZEKMAN;15;12.03.1945;15;0
TANIK;15;5.04.1974;15;0
SABIDIN;15;26.01.1959;15;0
EKIP;15;12.02.1977;15;0
TACITDIN;15;21.02.1953;15;0
OZMETIN;15;14.09.1961;15;0
EMIRZA;15;2.05.1957;15;0
YANSUR;15;18.10.1975;15;0
CUMATTIN;15;4.06.1970;15;0
FAHRITDIN;15;2.01.1957;15;0
HUMBET;15;5.09.1962;15;0
VASIH;15;17.10.1977;15;0
ALEMETTIN;15;17.11.1965;15;0
M.ZIYA;15;27.04.1956;15;0
BABURHAN;15;24.02.1980;15;0
MUHUT;15;20.06.1965;15;0
RAIK;15;30.11.1963;15;0
SEYRETTIN;15;21.11.1965;15;0
ORDUHAN;15;7.09.1969;15;0
ELIMDAR;15;28.08.1967;15;0
MIRHASAN;15;26.03.1957;15;0
ULASCAN;15;26.10.1988;15;0
YASATURK;15;16.04.1963;15;0
GUBULAY;15;8.12.1968;15;0
APIK;15;27.03.1950;15;0
OGUZKAGAN;15;9.09.1985;15;0
DORUKCAN;15;2.06.1989;15;0
NASAT;15;2.08.1959;15;0
SEBAHTIN;15;8.04.1961;15;0
MEBRUK;15;27.01.1959;15;0
FEYAS;15;3.07.1978;15;0
ORKUNT;15;28.05.1977;15;0
NURHAMZA;15;8.01.1963;15;0
GURBAY;15;1.03.1981;15;0
MEKSELNA;15;11.10.1953;15;0
SABAHTIN;15;23.08.1969;15;0
NAMDAR;15;12.11.1964;15;0
BIYAMIN;15;18.02.1965;15;0
SELAATDIN;15;6.04.1959;15;0
AYDOK;15;13.08.1957;15;0
JAMES;15;12.02.1978;15;0
OSMANALI;15;16.08.1959;15;0
YAGIZCAN;15;24.07.1990;15;0
MAHMET;15;2.10.1956;15;0
SARIBEY;15;17.09.1961;15;0
ANASTAS;15;13.12.1950;15;0
DOGUSHAN;15;12.07.1988;15;0
ALIKAYA;14;1.03.1968;14;0
DAVUTHAN;14;15.08.1982;14;0
SALAHATIN;14;15.07.1961;14;0
ABDULKAZI;14;11.07.1958;14;0
NACATI;14;4.12.1961;14;0
MAHIL;14;17.09.1969;14;0
TECETTIN;14;8.10.1967;14;0
ABDURRAMAN;14;8.11.1964;14;0
TEVIL;14;8.09.1962;14;0
CAGRIL;14;3.02.1977;14;0
TASAR;14;1.11.1967;14;0
VEHDETTIN;14;13.06.1960;14;0
SURRI;14;9.02.1968;14;0
BABO;14;18.02.1947;14;0
ANVER;14;26.06.1969;14;0
USAMEDDIN;14;23.07.1967;14;0
FUVAT;14;19.10.1969;14;0
NIZAMMETTIN;14;7.11.1975;14;0
FAYYAT;14;24.06.1947;14;0
SEYHMUSA;14;24.07.1967;14;0
HAMMO;14;5.07.1948;14;0
TACEDTIN;14;28.08.1967;14;0
KERMO;14;8.10.1940;14;0
TALHAN;14;11.10.1977;14;0
TUMAS;14;12.01.1966;14;0
FEHAT;14;8.11.1966;14;0
ALPTURK;14;29.09.1979;14;0
ABDULVEDUT;14;26.05.1961;14;0
IHLAL;14;6.02.1965;14;0
TACADDIN;14;30.01.1965;14;0
ROBEL;14;5.11.1975;14;0
ABDULHAKI;14;24.05.1969;14;0
MATAY;14;27.07.1989;14;0
COZEF;14;21.09.1961;14;0
VALIT;14;14.12.1969;14;0
EBUZEYD;14;10.05.1965;14;0
EBUZET;14;24.06.1969;14;0
FARUH;14;4.02.1973;14;0
TOFAN;14;19.01.1972;14;0
DIYEP;14;10.10.1957;14;0
GOKSOY;14;17.03.1981;14;0
KUZU;14;6.04.1950;14;0
REFAATTIN;14;27.03.1968;14;0
DERKAN;14;21.10.1983;14;0
YAGMEN;14;28.08.1957;14;0
DANI;14;6.08.1975;14;0
SEBATDIN;14;1.01.1960;14;0
AZZEM;14;15.08.1959;14;0
ERBEK;14;9.03.1972;14;0
ZEKAIL;14;11.05.1970;14;0
BAYKAR;14;2.09.1974;14;0
DINAN;14;7.10.1983;14;0
SAITALI;14;13.03.1965;14;0
GURCAG;14;6.12.1985;14;0
ATAKHAN;14;22.03.1987;14;0
YURTCAN;14;25.11.1976;14;0
KILINCARSLAN;14;24.05.1956;14;0
NECAD;14;22.12.1961;14;0
BATUKAN;14;28.04.1990;14;0
MAGRUF;14;4.03.1972;14;0
NEZDAT;14;29.07.1964;14;0
MIRATI;14;2.04.1969;14;0
SEGMEN;14;23.05.1961;14;0
ASLANPASA;14;16.05.1952;14;0
ASILTURK;14;13.02.1978;14;0
ULVU;14;10.03.1962;14;0
ECMAIN;14;16.06.1968;14;0
SURMELIBEY;14;3.01.1961;14;0
USMAN;14;12.04.1968;14;0
EBULKASIM;14;2.01.1963;14;0
ABDULKAYA;14;20.01.1956;14;0
TALETTIN;14;1.03.1964;14;0
H.ISMAIL;14;15.11.1942;14;0
ABDULFEYYAZ;14;12.02.1960;14;0
ABDULFATIH;14;25.07.1973;14;0
SERTAL;14;25.11.1974;14;0
YUZBASI;14;17.04.1959;14;0
EDIBALI;14;30.03.1986;14;0
ALPAGO;14;20.06.1978;14;0
ABTUL;14;23.06.1967;14;0
ALICEMAL;14;5.05.1969;14;0
TANERI;14;1.02.1962;14;0
BEHCETTIN;14;11.06.1959;14;0
ERDESIR;14;2.06.1963;14;0
MISDIK;14;6.12.1948;14;0
PIRAHMET;14;9.08.1965;14;0
KURTAGA;14;6.11.1946;14;0
ERTUGRAN;14;18.09.1963;14;0
HILALETTIN;14;15.02.1965;14;0
HALILRAHMAN;14;19.07.1971;14;0
DERYAMI;14;27.02.1972;14;0
AGIL;14;10.04.1959;14;0
SUKRUCAN;14;25.01.1975;14;0
SERTKAN;14;25.09.1978;14;0
KAKO;14;14.06.1937;14;0
PELIR;14;9.10.1953;14;0
MURUT;14;17.07.1961;14;0
ENCUMEN;14;27.01.1971;14;0
DAYIM;14;22.12.1972;14;0
CEZIR;14;12.07.1968;14;0
OBEYT;14;21.05.1964;14;0
CESIMI;14;19.04.1964;14;0
IZBAT;14;13.01.1982;14;0
OZCETIN;14;28.10.1954;14;0
ASKERHAN;14;9.01.1971;14;0
M.NECATI;14;22.07.1943;14;0
VEHYETTIN;14;9.05.1949;14;0
MEHMETBAKI;14;30.04.1971;14;0
ABDULFETAH;14;17.07.1967;14;0
CANDOST;14;21.02.1988;14;0
EZDER;14;8.11.1964;14;0
SEVITTIN;14;16.11.1963;14;0
ATASEV;14;10.02.1968;14;0
GOKDEMIR;14;5.04.1969;14;0
KESGIN;14;23.06.1957;14;0
RUSUHI;14;26.02.1947;14;0
NEFFEL;14;27.01.1977;14;0
MIFTAR;14;13.12.1954;14;0
FEYDULLAH;14;27.05.1969;14;0
HAYATTI;14;1.01.1975;14;0
ALIZIVER;14;8.11.1976;14;0
AFIT;14;8.05.1974;14;0
MUHANDIS;14;23.09.1967;14;0
MEHMETHANEFI;14;15.01.1975;14;0
ASAMETTIN;14;22.01.1962;14;0
VECDETTIN;14;15.08.1960;14;0
MELAHIM;14;23.12.1979;14;0
ZULFELI;14;25.09.1959;14;0
ABDULSAKIR;14;8.09.1977;14;0
MUHBEDDIN;14;2.06.1977;14;0
M.HAYRI;14;12.08.1949;14;0
DELIBAS;14;2.11.1964;14;0
ERDONMEZ;14;15.11.1967;14;0
ABDULSITTAR;14;5.03.1974;14;0
FAZLETTIN;14;19.10.1970;14;0
RIBER;14;2.08.1987;14;0
MUHURDAR;14;21.10.1960;14;0
BABEK;14;8.02.1977;14;0
ARIFCAN;14;14.01.1980;14;0
ALAYBEYI;14;27.12.1949;14;0
CAFERKULU;14;1.01.1951;14;0
PERTAV;14;7.07.1962;14;0
CAGATAYHAN;14;2.04.1982;14;0
HALILDEDE;14;7.03.1958;14;0
CERULLAH;14;17.02.1962;14;0
SEDIT;14;19.11.1960;14;0
MUMUNALI;14;12.07.1950;14;0
CUNEYDI;14;13.08.1976;14;0
BEYRUL;14;3.11.1959;14;0
SAYUP;14;5.04.1960;14;0
CUHADAR;14;2.08.1966;14;0
M.MURAT;14;14.01.1970;14;0
SEFALETTIN;14;29.05.1965;14;0
SAHDI;14;22.03.1961;14;0
TIMURCAN;14;26.08.1974;14;0
RISLEN;14;15.02.1963;14;0
ENVERI;14;19.06.1964;14;0
RISLAN;14;27.05.1960;14;0
MISBEH;14;11.08.1970;14;0
ABDUSSELAMI;14;17.08.1962;14;0
NUVERAN;14;10.02.1959;14;0
MUHLIF;14;4.02.1962;14;0
YUSRI;14;9.10.1973;14;0
FESI;14;19.07.1967;14;0
BUBAN;14;13.11.1970;14;0
BAHAP;14;4.07.1964;14;0
APTILKADIR;14;28.11.1965;14;0
SEYHATTIN;14;14.09.1960;14;0
CENGER;14;12.05.1973;14;0
RAVIL;14;14.10.1963;14;0
ERTEMEL;14;30.09.1959;14;0
BAYZIT;14;16.10.1949;14;0
ERCU;14;1.08.1980;14;0
ALAYETTIN;14;20.07.1959;14;0
BOZBEYLI;13;2.02.1975;13;0
KESSAF;13;27.07.1960;13;0
DEVRUS;13;17.02.1960;13;0
ABDULVESAH;13;19.12.1972;13;0
RAMO;13;11.06.1941;13;0
SEYUP;13;7.11.1977;13;0
MUHIB;13;3.07.1963;13;0
MUHTAD;13;29.05.1965;13;0
BERKUTAY;13;27.12.1983;13;0
DUCANE;13;28.10.1981;13;0
MUSAYIT;13;17.03.1965;13;0
PUSAT;13;3.08.1978;13;0
SEROHAN;13;20.03.1945;13;0
ABDULAHAD;13;14.01.1972;13;0
HATAP;13;30.12.1979;13;0
SEMED;13;10.06.1977;13;0
ABDULLAHAT;13;1.10.1961;13;0
MICVEL;13;30.01.1955;13;0
SENANIK;13;10.02.1958;13;0
MEMDOH;13;15.05.1951;13;0
FEYSER;13;17.11.1973;13;0
DARAP;13;25.08.1981;13;0
DUMER;13;23.08.1965;13;0
SETTER;13;2.10.1971;13;0
GAYBI;13;16.06.1967;13;0
COLLU;13;5.01.1958;13;0
ABDULFATTAH;13;12.07.1957;13;0
SEZAYIL;13;21.03.1972;13;0
CETTO;13;11.11.1953;13;0
MECDEL;13;1.09.1960;13;0
DIREI;13;18.03.1966;13;0
YAHKUP;13;30.11.1973;13;0
NAZAMETTIN;13;30.01.1962;13;0
ILIYO;13;17.10.1939;13;0
GEBRIYEL;13;24.08.1983;13;0
SUAP;13;8.08.1966;13;0
AGID;13;13.02.1988;13;0
ISRAYIL;13;14.11.1963;13;0
ALVAN;13;15.06.1963;13;0
MUHAMMAD;13;6.12.1978;13;0
VAIL;13;21.12.1969;13;0
IMADDIN;13;10.09.1972;13;0
SEFVAN;13;28.01.1966;13;0
ALLAATTIN;13;27.05.1973;13;0
M.ARIF;13;23.09.1958;13;0
SAMBAS;13;23.05.1964;13;0
DOVAN;13;22.06.1958;13;0
UVEYIZ;13;18.07.1964;13;0
ERMETIN;13;24.01.1959;13;0
AKDEMIR;13;11.07.1946;13;0
MUHMUN;13;2.09.1963;13;0
NEBATTIN;13;27.03.1970;13;0
NICATI;13;1.02.1959;13;0
COLBEY;13;21.05.1965;13;0
BAHRITTIN;13;24.05.1946;13;0
DOGANBEY;13;5.03.1972;13;0
TEYUP;13;4.04.1960;13;0
CAVITTIN;13;15.05.1955;13;0
VAGIF;13;18.01.1974;13;0
ZEKICAN;13;12.03.1987;13;0
SEZAETTIN;13;18.03.1956;13;0
ALAYDIN;13;9.11.1966;13;0
BEYDAT;13;18.04.1961;13;0
ERSURAL;13;29.03.1954;13;0
CESARI;13;2.05.1964;13;0
SEDAIR;13;23.02.1964;13;0
GAZIANFER;13;30.07.1966;13;0
AYMETIN;13;19.04.1965;13;0
ASLANBEY;13;10.10.1963;13;0
SAVTEKIN;13;13.10.1971;13;0
GULYAMI;13;26.02.1968;13;0
YAVUZCAN;13;19.12.1986;13;0
MUSADDIK;13;9.08.1957;13;0
ESVETTIN;13;22.10.1960;13;0
ZAKIN;13;1.03.1968;13;0
VAHBI;13;5.08.1960;13;0
D.MEHMET;13;27.07.1949;13;0
MUHU;13;27.06.1936;13;0
BUNYANI;13;15.06.1966;13;0
MECLUN;13;28.02.1967;13;0
BEYRULLAH;13;10.01.1964;13;0
BEDRETDIN;13;29.12.1960;13;0
KARABEKIR;13;15.08.1957;13;0
EMINULLAH;13;18.05.1977;13;0
ZULKARNIN;13;8.12.1958;13;0
NUSURETTIN;13;30.04.1960;13;0
MUSLIHIDDIN;13;30.12.1970;13;0
NACEDDIN;13;30.03.1951;13;0
NECLAT;13;11.12.1959;13;0
ELVENT;13;8.08.1967;13;0
RAMEZAN;13;12.10.1962;13;0
TURBAY;13;12.01.1969;13;0
CAKICI;13;9.05.1954;13;0
REIZ;13;9.03.1957;13;0
ABDURSELAM;13;29.10.1960;13;0
CEMALETIN;13;14.10.1965;13;0
FOVZI;13;9.06.1958;13;0
BEYTULLA;13;23.07.1968;13;0
SIHHASAN;13;24.08.1952;13;0
ETTEM;13;10.12.1966;13;0
KURGIN;13;15.01.1943;13;0
SAHVAN;13;22.04.1968;13;0
ABDULSALIH;13;8.03.1975;13;0
RAIS;13;28.12.1968;13;0
ASEM;13;13.10.1970;13;0
NASREDIN;13;4.11.1971;13;0
MIRMEHMET;13;5.02.1969;13;0
VAHYEDIN;13;21.09.1966;13;0
MIRSEYDIN;13;1.03.1958;13;0
KUTFEDIN;13;13.01.1962;13;0
SUPHU;13;7.08.1964;13;0
SABAHATULLAH;13;13.05.1981;13;0
BATLIMAN;13;13.05.1950;13;0
IRKAN;13;16.10.1973;13;0
ERYETIS;13;29.08.1969;13;0
ZULFAKAR;13;20.03.1968;13;0
DALISTAN;13;18.08.1961;13;0
VECEDDIN;13;30.10.1971;13;0
CANBULUT;13;19.11.1963;13;0
GURMEN;13;27.01.1966;13;0
REFKI;13;28.05.1956;13;0
BEHAEDDIN;13;16.06.1955;13;0
AZIR;13;10.02.1952;13;0
M.LUTFI;13;1.10.1950;13;0
HACIBEKTAS;13;17.09.1965;13;0
NEVFER;13;26.11.1962;13;0
SABRICAN;13;20.01.1987;13;0
SEGBETULLAH;13;1.07.1974;13;0
FETHATTIN;13;16.04.1968;13;0
VECEDIN;13;13.11.1968;13;0
MUZBAHATTIN;13;30.04.1973;13;0
ECIVET;13;4.04.1973;13;0
MEHMETULLAH;13;4.02.1975;13;0
MEHMETARIF;13;28.06.1973;13;0
BEYSET;13;5.02.1960;13;0
M.HUSEYIN;13;6.03.1957;13;0
M.SAH;13;20.03.1955;13;0
HOSO;13;8.04.1949;13;0
MEHYETTIN;13;13.03.1962;13;0
DEMIRALP;13;21.06.1967;13;0
CESSUR;13;10.08.1961;13;0
URGUP;13;11.07.1967;13;0
TEZEBEY;13;12.02.1962;13;0
HUSEYINPASA;13;10.07.1943;13;0
EFLAT;13;17.06.1945;13;0
TURKALAY;13;15.09.1966;13;0
CAMES;13;11.07.1970;13;0
NUHDEDE;13;21.04.1967;13;0
CUMALETTIN;13;17.10.1970;13;0
GOKYAY;13;23.07.1970;13;0
ANDAY;13;1.01.1982;13;0
IMAMEDDIN;13;10.03.1977;13;0
BEHLULDANE;13;12.09.1970;13;0
MIKAHIL;13;21.07.1968;13;0
HUSAMMETTIN;13;8.01.1968;13;0
SIHCA;13;18.07.1954;13;0
RUSUT;13;24.12.1962;13;0
GISSAN;13;9.03.1964;13;0
FIRATCAN;13;3.04.1990;13;0
DERGAN;13;29.11.1962;13;0
KUBBETTIN;13;27.12.1964;13;0
FATIR;13;8.02.1966;13;0
GIYASEDIN;13;10.01.1965;13;0
KUTFEDDIN;13;19.04.1974;13;0
TUMKAN;13;26.10.1978;13;0
HAK;13;4.08.1962;13;0
LUVEREN;13;15.09.1964;13;0
ZATIN;13;10.06.1969;13;0
SEREFITTIN;13;7.04.1944;13;0
HUBEYIT;13;20.04.1981;13;0
ORMAN;13;30.04.1963;13;0
AYKENT;13;1.06.1975;13;0
KAYUM;13;24.12.1954;13;0
NEBATIN;13;19.12.1964;13;0
BASIL;13;9.12.1953;13;0
PEHLEVI;12;8.01.1968;12;0
VELIBEY;12;16.01.1958;12;0
FEYZULLA;12;1.11.1960;12;0
SUEYUP;12;7.11.1977;12;0
HANBEK;12;29.05.1966;12;0
TAKATTIN;12;3.09.1959;12;0
SEFKATI;12;10.10.1951;12;0
NURRETTIN;12;23.12.1965;12;0
SUNUSI;12;21.11.1957;12;0
SAHDETTIN;12;30.12.1973;12;0
CEVELI;12;11.08.1967;12;0
SEYDIBATTAL;12;16.08.1965;12;0
KAN;12;17.11.1984;12;0
BAHOZ;12;7.08.1985;12;0
KIRHO;12;4.05.1945;12;0
TAYIB;12;5.02.1966;12;0
RIFHAT;12;25.09.1976;12;0
HISO;12;8.05.1932;12;0
ENDERHAN;12;10.01.1982;12;0
HALAC;12;18.11.1956;12;0
ABDULVEHIT;12;17.04.1964;12;0
MEAZ;12;29.11.1969;12;0
SEYYIDHAN;12;28.12.1973;12;0
VAHABETTIN;12;20.11.1957;12;0
FAHRADDIN;12;7.01.1963;12;0
SERVEDDIN;12;14.01.1965;12;0
MIRPENC;12;5.11.1976;12;0
MUHARRAM;12;11.01.1956;12;0
SALHADIN;12;15.12.1968;12;0
MICHIM;12;12.09.1965;12;0
ISLAMEDDIN;12;28.12.1971;12;0
ABDULSALAM;12;2.07.1962;12;0
ARDAL;12;4.11.1978;12;0
ZEYDEN;12;10.11.1970;12;0
AMANUEL;12;15.05.1983;12;0
SATTAM;12;9.06.1973;12;0
ZULFEKAR;12;25.05.1965;12;0
BEDRETIN;12;17.10.1971;12;0
CELLAL;12;23.07.1965;12;0
CARSIM;12;5.07.1974;12;0
FARHAT;12;2.07.1975;12;0
BARSAVM;12;5.05.1945;12;0
HEMZE;12;28.08.1958;12;0
KATO;12;21.02.1965;12;0
ABDULGENI;12;12.01.1976;12;0
TEDARIS;12;8.05.1959;12;0
BERZANI;12;4.07.1974;12;0
ILAMEDDIN;12;13.04.1979;12;0
ABUZIT;12;23.03.1958;12;0
ZULBETTIN;12;22.09.1969;12;0
SIYIT;12;17.10.1952;12;0
KEFALETTIN;12;3.09.1955;12;0
HARUNU;12;18.08.1965;12;0
MUSAKAZIM;12;22.10.1957;12;0
ALIMEHMET;12;29.02.1956;12;0
SANBAZ;12;24.08.1964;12;0
ZULKADIR;12;20.11.1963;12;0
SALAETTIN;12;22.11.1947;12;0
ERYAMAN;12;6.06.1971;12;0
MAFIL;12;3.11.1962;12;0
ORHON;12;1.03.1968;12;0
SAHMUS;12;11.05.1973;12;0
FERAHMUZ;12;27.02.1970;12;0
SUBITAY;12;26.10.1971;12;0
AGIF;12;1.08.1967;12;0
ASLIBEY;12;24.06.1968;12;0
AKAGUNDUZ;12;10.08.1945;12;0
BEHADIR;12;15.01.1943;12;0
VEYISEL;12;7.12.1959;12;0
MEVLUDIN;12;18.07.1962;12;0
ALAUDDIN;12;24.03.1971;12;0
MUCIBURRAHMAN;12;17.08.1976;12;0
GENCTURK;12;16.05.1968;12;0
IZANI;12;21.02.1956;12;0
FEHBI;12;15.01.1970;12;0
SELAIDDIN;12;29.08.1960;12;0
SECAEDDIN;12;5.09.1959;12;0
TUNCKAN;12;2.01.1977;12;0
MUCAVIT;12;8.09.1960;12;0
SAVUN;12;24.08.1975;12;0
TANYOLAC;12;30.10.1967;12;0
ZEZAYI;12;20.01.1962;12;0
FAHRIS;12;17.02.1962;12;0
ERCIMET;12;17.04.1964;12;0
VAHDETIN;12;21.07.1963;12;0
AZBI;12;4.12.1953;12;0
MUTAHIT;12;2.11.1965;12;0
NECMITDIN;12;6.10.1956;12;0
HUSAMEDTIN;12;5.05.1960;12;0
MUCEHIT;12;7.04.1977;12;0
ABDURRAIF;12;23.05.1967;12;0
SEHETTIN;12;8.10.1959;12;0
EMREDDIN;12;22.09.1972;12;0
SAATTIN;12;30.11.1963;12;0
BEHCAT;12;13.07.1964;12;0
ALKAY;12;17.08.1975;12;0
KERRAR;12;28.06.1973;12;0
BAYDIN;12;1.02.1961;12;0
ZEKARIYYA;12;21.08.1960;12;0
KEMALLETTIN;12;26.09.1972;12;0
OSMANI;12;17.05.1961;12;0
MUHRETTIN;12;28.03.1958;12;0
APO;12;3.03.1952;12;0
DASBEY;12;19.01.1967;12;0
MAKSUM;12;5.02.1963;12;0
ZALOGLU;12;16.05.1976;12;0
ZULGAYIR;12;28.11.1961;12;0
SALADDIN;12;2.12.1958;12;0
ABDULSAMI;12;13.07.1962;12;0
NAHYETTIN;12;17.03.1963;12;0
JOHN;12;23.05.1966;12;0
HARABI;12;18.07.1967;12;0
HAMITTIN;12;16.07.1969;12;0
ABDULKEREM;12;25.08.1983;12;0
TEMOCIN;12;28.12.1959;12;0
A.OSMAN;12;4.03.1949;12;0
IHTIYAT;12;4.08.1962;12;0
LILLO;12;17.01.1939;12;0
TELAL;12;5.10.1964;12;0
ABDULMEVLAN;12;4.09.1981;12;0
HIVIL;12;1.09.1956;12;0
SUHYETTIN;12;8.02.1969;12;0
DEVALI;12;27.05.1979;12;0
SUNALP;12;19.08.1985;12;0
SAHBEDIN;12;17.10.1973;12;0
GAYBETULLAH;12;12.06.1976;12;0
ABUMUSLIM;12;19.04.1963;12;0
APTULAZIZ;12;19.12.1950;12;0
MEMETSERIF;12;5.12.1951;12;0
MEHMETSABRI;12;9.07.1970;12;0
ISAHAN;12;2.01.1962;12;0
ALIZAR;12;23.02.1958;12;0
MURTEZAN;12;21.11.1958;12;0
MUITTIN;12;30.07.1959;12;0
VACITTIN;12;18.04.1964;12;0
MEDAIM;12;23.01.1961;12;0
DERBAZ;12;13.03.1960;12;0
MUZAFETTIN;12;20.11.1954;12;0
SUEYYUP;12;23.09.1968;12;0
FERUDIN;12;4.07.1964;12;0
NAHIYETTIN;12;20.05.1961;12;0
SENATTIN;12;15.07.1971;12;0
KUDRETULLAH;12;28.05.1965;12;0
SAHBETULLAH;12;25.01.1980;12;0
MAZNUN;12;22.11.1969;12;0
M.REFIK;12;15.04.1959;12;0
ABDULVEHHAB;12;17.04.1974;12;0
TECIR;12;21.12.1966;12;0
SAFAATTIN;12;4.09.1960;12;0
ABBAN;12;24.02.1959;12;0
NUHFEL;12;23.05.1961;12;0
BOLUBEY;12;12.08.1968;12;0
NECIF;12;24.01.1970;12;0
AVNULLAH;12;9.05.1959;12;0
FETALI;12;27.12.1956;12;0
TEKMEZ;12;6.04.1959;12;0
MUSTABA;12;8.02.1968;12;0
MUKDEDIR;12;11.06.1971;12;0
ZIYAETDIN;12;14.09.1961;12;0
EMRALI;12;6.05.1965;12;0
ISMAHIL;12;21.08.1965;12;0
ERTOK;12;14.07.1960;12;0
ABDULLAZIZ;12;7.08.1974;12;0
BERKOK;12;1.01.1975;12;0
HACIKAYA;12;5.04.1962;12;0
ALLADDIN;12;23.04.1975;12;0
SERHAS;12;22.11.1973;12;0
BERKOL;12;10.08.1970;12;0
MUSTAFAKEMAL;12;6.06.1971;12;0
SIHEY;12;20.11.1953;12;0
ORFU;12;28.10.1963;12;0
BABUS;12;20.12.1962;12;0
BAYINDIR;12;6.06.1967;12;0
BETULLAH;12;21.02.1974;12;0
USTAT;12;22.09.1965;12;0
SALHADDIN;12;19.12.1958;12;0
RIFAYI;12;14.06.1974;12;0
EKINCAN;12;23.02.1990;12;0
BAHEDDIN;12;15.08.1954;12;0
SAHSAT;12;29.11.1955;12;0
MUKRU;12;12.07.1963;12;0
ABDULVEDAT;12;7.10.1968;12;0
AZITTIN;12;15.10.1970;12;0
OKTAV;12;20.11.1958;12;0
AKTAY;12;25.03.1956;12;0
YUSRU;12;25.08.1971;12;0
OSMANCAN;12;16.04.1987;12;0
KILICHAN;12;12.02.1980;12;0
ALSAN;12;8.05.1971;12;0
M.REMZI;12;1.10.1948;12;0
MIRDAS;12;29.04.1963;12;0
METINCAN;12;24.04.1986;12;0
HISAMITTIN;12;9.07.1951;12;0
FET;11;6.07.1958;11;0
HAKHAN;11;10.02.1977;11;0
SUPI;11;10.08.1966;11;0
OLCAYTU;11;13.12.1980;11;0
SABATDIN;11;29.08.1966;11;0
HAYDO;11;29.11.1943;11;0
ALICENGIZ;11;22.03.1963;11;0
AHMETI;11;21.04.1964;11;0
ABDULRAGIP;11;11.10.1978;11;0
DAHAN;11;17.09.1967;11;0
MULHUM;11;22.08.1968;11;0
ABDUNASIR;11;30.11.1971;11;0
RAHFET;11;19.12.1971;11;0
TEKYEDIN;11;25.04.1976;11;0
DAVI;11;9.11.1953;11;0
FELEDUN;11;17.01.1973;11;0
CEHIT;11;5.10.1966;11;0
SILAH;11;6.06.1962;11;0
ABDULNEBI;11;25.02.1971;11;0
BRUSK;11;29.09.1980;11;0
BAHMAN;11;28.01.1968;11;0
BARSOM;11;24.10.1948;11;0
ZENDIN;11;7.09.1972;11;0
MEZBAH;11;14.07.1978;11;0
SARGON;11;4.04.1979;11;0
EYATULLAH;11;14.08.1985;11;0
NECIRVAN;11;30.07.1989;11;0
TUGBEY;11;20.12.1981;11;0
BABEKIR;11;27.12.1953;11;0
TEKYEDDIN;11;26.10.1970;11;0
KAVA;11;15.07.1982;11;0
MUVAFAK;11;11.06.1967;11;0
BUSAR;11;11.04.1960;11;0
NEZAM;11;27.03.1964;11;0
MEHMETNUR;11;14.06.1977;11;0
BEHYETTIN;11;2.01.1978;11;0
ERDIVAN;11;16.12.1959;11;0
SIYAMEND;11;18.08.1986;11;0
BAHZET;11;1.09.1969;11;0
MAYKIL;11;6.10.1982;11;0
FARAT;11;27.12.1973;11;0
IZIDDIN;11;11.05.1961;11;0
NUSURAT;11;25.01.1962;11;0
M.NIHAT;11;10.07.1948;11;0
MUSAMETDIN;11;9.10.1960;11;0
TONYUKUK;11;30.12.1975;11;0
NECADIN;11;26.04.1957;11;0
MUSTAFACAN;11;23.10.1986;11;0
SALAMI;11;21.03.1967;11;0
SEFITTIN;11;25.01.1949;11;0
SELATI;11;24.03.1963;11;0
SEBAIDDIN;11;8.01.1958;11;0
GOKDAG;11;23.04.1983;11;0
HAKKICAN;11;25.07.1986;11;0
TALUT;11;20.04.1975;11;0
MAHMUTCAN;11;8.04.1986;11;0
GARBIZ;11;13.04.1951;11;0
MELIKCAN;11;28.04.1987;11;0
KURMAY;11;25.05.1976;11;0
NACIBEY;11;7.12.1951;11;0
KADEMALI;11;11.12.1962;11;0
YETISAN;11;23.04.1972;11;0
RESUHI;11;10.05.1953;11;0
FEIZ;11;10.12.1957;11;0
SEDAIL;11;12.12.1962;11;0
MURADDIN;11;22.06.1959;11;0
AZIZALI;11;8.07.1972;11;0
ABDULAHMET;11;4.12.1972;11;0
VURALHAN;11;27.12.1987;11;0
ALOSMAN;11;20.02.1964;11;0
SADIC;11;17.10.1964;11;0
IBAL;11;28.01.1968;11;0
ERTAM;11;13.09.1964;11;0
MAHIRCAN;11;6.02.1987;11;0
KORTAY;11;28.07.1984;11;0
CANBURAK;11;27.05.1985;11;0
ATASEVEN;11;8.11.1958;11;0
CENUP;11;28.07.1964;11;0
URGUPLU;11;17.06.1970;11;0
OSMANPASA;11;11.05.1971;11;0
KASSIM;11;3.02.1970;11;0
NIHAYETTIN;11;28.3.1785;11;0
YELKAN;11;15.04.1976;11;0
HATIB;11;28.07.1971;11;0
AGCABEY;11;14.09.1956;11;0
GULBABA;11;13.12.1973;11;0
SURHAY;11;7.09.1966;11;0
TUGSAT;11;16.01.1977;11;0
NIHAYI;11;28.03.1972;11;0
MOHRALI;11;12.08.1965;11;0
AGDEM;11;21.12.1968;11;0
SEHLEN;11;30.10.1961;11;0
BESSAT;11;17.07.1969;11;0
ZULKAYIR;11;29.08.1959;11;0
USEYIN;11;5.08.1967;11;0
HAMZETTIN;11;16.07.1958;11;0
ILLAZ;11;18.02.1965;11;0
SATRETTIN;11;9.02.1960;11;0
YUNUSHAN;11;8.12.1986;11;0
VECNI;11;12.11.1963;11;0
SAZETTIN;11;6.05.1967;11;0
KARAHASAN;11;22.03.1957;11;0
SALIHZEKI;11;3.09.1956;11;0
MURFIT;11;11.12.1964;11;0
BINTUG;11;26.12.1973;11;0
EFEHAN;11;19.04.1987;11;0
MITHATCAN;11;23.01.1990;11;0
SAMICAN;11;28.02.1986;11;0
MUZUR;11;21.08.1954;11;0
KALMAM;11;17.05.1958;11;0
SAZAI;11;14.05.1963;11;0
SAFYEDDIN;11;16.02.1967;11;0
RIZGIN;11;8.06.1966;11;0
IREC;11;12.08.1980;11;0
HESET;11;26.08.1963;11;0
HANTEMIR;11;22.01.1967;11;0
SAREFETTIN;11;30.10.1963;11;0
MENFI;11;13.11.1969;11;0
ZAMIRHAN;11;5.07.1970;11;0
ABETTIN;11;12.07.1977;11;0
EMENULLAH;11;9.01.1973;11;0
MESRUK;11;10.07.1977;11;0
AYETTIN;11;3.04.1966;11;0
SEYFIL;11;21.10.1966;11;0
NAIB;11;5.07.1959;11;0
MUTHAT;11;3.01.1958;11;0
NEVREDDIN;11;27.04.1958;11;0
SOHRAP;11;2.06.1969;11;0
SABADDIN;11;21.08.1959;11;0
TITAN;11;30.01.1967;11;0
TAKIYETTIN;11;13.02.1967;11;0
NAVZAT;11;9.02.1978;11;0
CEVZEL;11;5.04.1978;11;0
SEDETTIN;11;24.11.1961;11;0
HASEDIN;11;19.08.1968;11;0
HALILURRAHMAN;11;11.12.1971;11;0
SULEYMEN;11;3.03.1977;11;0
VEDUT;11;7.05.1972;11;0
MAMUT;11;26.02.1959;11;0
MESRUL;11;11.08.1974;11;0
SELIHATTIN;11;10.11.1962;11;0
MUHAMMETTIN;11;2.05.1972;11;0
EDIZHUN;11;23.03.1981;11;0
ABDURRAHMEN;11;22.01.1966;11;0
NEKI;11;3.02.1950;11;0
GOVEN;11;28.02.1963;11;0
KESFI;11;20.03.1969;11;0
BADTAL;11;14.05.1956;11;0
MESUTCAN;11;29.06.1986;11;0
M.NACI;11;30.04.1960;11;0
HICRETTIN;11;14.04.1963;11;0
TAKIN;11;14.09.1966;11;0
HUSRETTIN;11;3.06.1967;11;0
ABDILAZIZ;11;27.04.1965;11;0
YUSUFI;11;5.12.1965;11;0
DAVAZ;11;16.07.1957;11;0
FETHETTIN;11;27.12.1968;11;0
ARSIM;11;2.12.1966;11;0
SEMETTIN;11;12.04.1961;11;0
MENSUT;11;23.12.1969;11;0
CENBERI;11;13.07.1968;11;0
MUTESIM;11;12.08.1971;11;0
ALAIDTIN;11;24.05.1954;11;0
OREL;11;16.10.1963;11;0
ELFETTIN;11;23.10.1959;11;0
ORGAY;11;28.08.1976;11;0
APTULHAMIT;11;29.01.1955;11;0
SEYFAL;11;23.12.1953;11;0
ALISIH;11;30.03.1959;11;0
USLER;11;17.06.1967;11;0
PEVLUL;11;11.03.1969;11;0
DURANETTIN;11;17.05.1969;11;0
VELIDEDE;11;16.02.1951;11;0
YILAYDIN;11;18.04.1969;11;0
VEYSELKARANI;11;1.10.1977;11;0
MUTTALLIP;11;1.04.1961;11;0
ERGAZI;11;25.01.1978;11;0
BEYYAMI;11;22.05.1959;11;0
ADINAN;11;28.01.1962;11;0
RECAYIL;11;7.09.1968;11;0
SENAYIF;11;11.02.1963;11;0
GEDRO;11;18.12.1957;11;0
MENAZIL;11;7.07.1960;11;0
ERKANT;11;7.02.1974;11;0
ATILAN;11;15.12.1960;11;0
ULUBEY;11;6.11.1977;11;0
SAADDIN;11;1.10.1955;11;0
SAFKI;11;13.09.1967;11;0
RAHIF;11;18.11.1961;11;0
ZORLUKAN;11;18.07.1967;11;0
COLO;11;23.06.1949;11;0
FELEKTUN;11;23.10.1977;11;0
GOKTAS;11;27.01.1969;11;0
TUNACAN;11;22.08.1984;11;0
CANIB;11;13.07.1954;11;0
SIHAMIT;11;27.11.1974;11;0
SABATULLAH;11;14.06.1981;11;0
MEMETRESIT;11;14.12.1961;11;0
FEDULLAH;11;3.12.1974;11;0
UBAT;11;4.10.1969;11;0
MISPAH;11;14.08.1974;11;0
TAKITTIN;11;12.08.1957;11;0
OVAGIM;11;8.08.1950;11;0
BURUSK;11;3.04.1983;11;0
KANSAV;11;11.05.1981;11;0
SELEHATDIN;11;15.03.1964;11;0
M.VEYSI;11;3.08.1956;11;0
SAMINI;11;12.08.1968;11;0
SEFETTIN;11;21.06.1965;11;0
AYDINCAN;11;19.06.1988;11;0
KEVIN;11;7.06.1987;11;0
KUNT;11;5.01.1967;11;0
YUMLU;11;25.03.1965;11;0
ATAER;11;22.09.1963;11;0
KUPLAY;11;8.02.1946;11;0
MUSALETTIN;11;25.11.1966;11;0
OKTUNC;11;16.07.1978;11;0
KOCAGA;11;14.06.1948;11;0
OSKAR;11;23.03.1980;11;0
MUIDDIN;11;30.11.1965;11;0
EMVER;11;1.04.1961;11;0
BEKRI;11;5.10.1957;11;0
SEHID;11;22.02.1961;11;0
VESIH;11;17.12.1974;11;0
MEDHAT;11;20.08.1955;11;0
RIZKALLA;11;26.02.1954;11;0
VIRANI;10;14.01.1965;10;0
AKTURK;10;9.04.1979;10;0
ALISEYIT;10;20.07.1962;10;0
BESTANI;10;23.07.1966;10;0
ABDULSEMAD;10;11.04.1972;10;0
ABDULKEMAL;10;12.11.1964;10;0
PEKTAS;10;4.09.1964;10;0
FAGRETTIN;10;29.07.1961;10;0
OMEROSMAN;10;4.02.1960;10;0
HURSEYIT;10;3.10.1966;10;0
MUCAHATTIN;10;27.05.1961;10;0
AMADDIN;10;10.06.1980;10;0
HORSIT;10;7.04.1964;10;0
ARDACAN;10;20.09.1989;10;0
OZEREN;10;27.03.1973;10;0
ZEKERRIYE;10;14.01.1973;10;0
BIRHO;10;15.03.1933;10;0
VELO;10;22.01.1949;10;0
MUHTELIP;10;14.10.1972;10;0
BAYIR;10;14.11.1966;10;0
HIKMEDDIN;10;30.01.1962;10;0
FEREDIN;10;8.05.1972;10;0
FEHET;10;30.01.1964;10;0
USI;10;2.05.1935;10;0
ALAVEDDIN;10;24.07.1975;10;0
BESSEM;10;26.11.1973;10;0
SITTAM;10;18.05.1965;10;0
MUAMMAR;10;27.04.1964;10;0
ILIYE;10;19.03.1955;10;0
ISMAILHAN;10;8.05.1978;10;0
ZUHIR;10;22.01.1971;10;0
ZIR;10;13.06.1967;10;0
GURO;10;16.02.1947;10;0
PAUL;10;2.10.1977;10;0
ISTEYFO;10;17.03.1961;10;0
MIKAYEL;10;21.09.1975;10;0
PATRICK;10;14.01.1979;10;0
ALEKSANDIR;10;2.08.1965;10;0
EYVES;10;7.06.1969;10;0
REYSO;10;11.11.1950;10;0
ZIYE;10;20.09.1963;10;0
ABEDDIN;10;27.10.1974;10;0
MUHI;10;25.09.1942;10;0
SAMOEL;10;18.12.1937;10;0
FAHRATTIN;10;12.08.1968;10;0
ABDULSATTAR;10;21.11.1975;10;0
SEHADETTIN;10;11.05.1959;10;0
SARAFEDDIN;10;13.05.1965;10;0
BAADDIN;10;28.04.1961;10;0
VAHETTIN;10;8.07.1953;10;0
TACETIN;10;21.08.1965;10;0
URFAT;10;16.06.1954;10;0
RUFKI;10;7.09.1952;10;0
ERENTURK;10;14.05.1972;10;0
TUNCALP;10;29.05.1968;10;0
SAMITDIN;10;2.12.1954;10;0
GULCETIN;10;12.12.1964;10;0
NECBI;10;16.11.1964;10;0
EBULHAYIR;10;18.05.1957;10;0
ILDER;10;30.07.1970;10;0
PELUL;10;20.10.1964;10;0
NESETTIN;10;4.05.1956;10;0
YERISAN;10;21.04.1959;10;0
HUSUT;10;26.08.1965;10;0
KERIMALI;10;27.01.1979;10;0
MEMEDALI;10;19.09.1961;10;0
OKUR;10;23.02.1972;10;0
HISABI;10;7.08.1959;10;0
ABDULBASRI;10;14.04.1978;10;0
SECALETTIN;10;25.04.1960;10;0
NECBITTIN;10;5.06.1949;10;0
SAHINBEY;10;14.01.1960;10;0
HABIT;10;6.11.1962;10;0
FEHTI;10;9.10.1967;10;0
VEDAI;10;3.10.1968;10;0
ABANOZ;10;21.08.1957;10;0
BEYNAMI;10;5.05.1966;10;0
FAHITTIN;10;17.11.1956;10;0
ZINNUREYIN;10;25.4.1760;10;0
SEBAADDIN;10;26.02.1964;10;0
MEZAYIM;10;7.11.1960;10;0
EROLCAN;10;25.09.1980;10;0
KURTCE;10;4.08.1943;10;0
APDULKERIM;10;12.06.1969;10;0
VAHDEDTIN;10;23.11.1961;10;0
NECMEDTIN;10;12.11.1957;10;0
BERAHATTIN;10;11.02.1968;10;0
BAHAUDDIN;10;6.11.1971;10;0
ZEYYIT;10;7.04.1977;10;0
GUDDUSU;10;14.03.1966;10;0
FUZULU;10;30.01.1968;10;0
H.MEMET;10;8.04.1942;10;0
EJNAN;10;16.07.1968;10;0
HUBEYT;10;14.07.1986;10;0
BEDIROS;10;26.05.1944;10;0
MUTTELIP;10;7.08.1966;10;0
YEKVART;10;10.01.1954;10;0
ERHAYAT;10;12.10.1968;10;0
BESLAN;10;4.04.1954;10;0
FARAMUZ;10;7.05.1961;10;0
MUSUT;10;26.07.1968;10;0
SEYHU;10;14.12.1955;10;0
HARIZ;10;28.10.1967;10;0
HASBEY;10;3.07.1960;10;0
APDULMUTTALIP;10;3.03.1967;10;0
HAKAY;10;21.01.1975;10;0
EZDAR;10;11.02.1964;10;0
ALINAS;10;18.05.1952;10;0
IBEDULLAH;10;28.01.1976;10;0
TIFAN;10;30.2.1963;10;0
BAYDAR;10;13.07.1952;10;0
SONBEY;10;18.07.1974;10;0
FERABI;10;21.04.1970;10;0
DURKAY;10;15.08.1964;10;0
NEZMETTIN;10;19.12.1954;10;0
TAIF;10;16.08.1964;10;0
VAHTEDIN;10;18.06.1965;10;0
SUAIB;10;17.07.1968;10;0
VAMIK;10;5.11.1951;10;0
SECEATTIN;10;6.11.1971;10;0
CINDO;10;18.08.1954;10;0
IMAMHUSEYIN;10;23.11.1954;10;0
ERENLER;10;24.10.1975;10;0
GEKKO;10;8.04.1941;10;0
ALICIHAN;10;19.02.1973;10;0
CEMBELLI;10;18.04.1966;10;0
EYVAS;10;27.11.1972;10;0
MIRBATTIN;10;6.12.1963;10;0
SUEYIP;10;8.09.1963;10;0
SURACETTIN;10;11.02.1959;10;0
NECETI;10;2.04.1965;10;0
ZUKRULLAH;10;22.12.1980;10;0
IZZETULLAH;10;16.08.1967;10;0
ISLAMETTIN;10;30.10.1968;10;0
KIYASEDIN;10;1.02.1966;10;0
ZEKRI;10;6.03.1957;10;0
KUTTAS;10;16.06.1968;10;0
SEYITBATAL;10;23.06.1974;10;0
KUTBETIN;10;2.12.1967;10;0
HUSAMETIN;10;8.10.1963;10;0
ABDULHAKAN;10;3.01.1978;10;0
M.NEDIM;10;23.11.1958;10;0
KARDAS;10;24.03.1958;10;0
ISMETTIN;10;10.10.1958;10;0
LEMIH;10;25.12.1967;10;0
BEDILHAN;10;13.10.1974;10;0
SECIH;10;2.10.1973;10;0
ANDELI;10;30.11.1962;10;0
VASVETTIN;10;12.01.1971;10;0
MEMDU;10;8.07.1964;10;0
HERKAN;10;12.12.1970;10;0
CUMAETTIN;10;18.09.1965;10;0
MOHAMMET;10;2.09.1969;10;0
MUTLUER;10;5.10.1976;10;0
SENAYIM;10;1.06.1956;10;0
VERZIL;10;25.06.1969;10;0
URSIT;10;4.06.1960;10;0
AYDUGAN;10;3.04.1958;10;0
ASILCAN;10;19.08.1989;10;0
YOSIF;10;17.01.1966;10;0
ALLAHVEREN;10;1.08.1949;10;0
VEYISI;10;20.05.1970;10;0
SAHRETTIN;10;5.11.1961;10;0
VECHEDIN;10;18.06.1977;10;0
SECETTIN;10;7.01.1970;10;0
CIHATTIN;10;29.04.1961;10;0
TASDIN;10;25.01.1970;10;0
ZIHAT;10;7.04.1978;10;0
TEMERHAN;10;23.11.1968;10;0
HANEMIR;10;6.05.1961;10;0
MAHFIZ;10;28.03.1982;10;0
BURGEHAN;10;14.07.1979;10;0
SALEHATTIN;10;25.04.1957;10;0
MUSLEHATTIN;10;26.07.1965;10;0
TOLGAR;10;23.02.1979;10;0
YENSUR;10;16.10.1956;10;0
IMAMVERDI;10;14.06.1958;10;0
SAHBAS;10;18.08.1954;10;0
CAHANGIR;10;23.08.1962;10;0
FESHI;10;11.12.1976;10;0
ALIASLAN;10;23.01.1963;10;0
SELEHETTIN;10;3.08.1963;10;0
CEMASETTIN;10;24.05.1957;10;0
HASANDEDE;10;1.02.1958;10;0
IMIRZALI;10;1.01.1965;10;0
MUHUTDIN;10;15.08.1971;10;0
TADIL;10;2.12.1951;10;0
ZEKERIA;10;1.08.1970;10;0
BESDAMI;10;16.07.1973;10;0
BEYCET;10;15.09.1960;10;0
DINCOL;10;9.06.1959;10;0
SINAP;10;5.10.1963;10;0
IRGAT;10;8.03.1979;10;0
ABDULCENAP;10;5.01.1981;10;0
GEVAN;10;29.11.1962;10;0
HASBETTIN;10;1.08.1960;10;0
ERGEZER;10;4.07.1953;10;0
TAKIDDIN;10;9.06.1964;10;0
TANYOL;10;17.11.1968;10;0
RAZETTIN;10;13.12.1948;10;0
DOGAKAN;10;29.06.1985;10;0
SENDIF;10;29.12.1960;10;0
NURULAH;10;28.10.1981;10;0
KIRAMEN;10;30.07.1973;10;0
ZEYT;10;13.03.1978;10;0
HULAKI;10;20.01.1967;10;0
BIRKAL;10;9.04.1974;10;0
TEVEKELLI;10;30.01.1968;10;0
CAMISAP;10;12.10.1761;10;0
GUNYAMI;10;25.07.1961;10;0
RAMZAN;10;11.05.1976;10;0
SELAHTIN;10;3.03.1965;10;0
SEKMEN;10;14.10.1971;10;0
FEDAYIM;10;28.09.1958;10;0
ABDULHANAN;10;4.08.1973;10;0
HACIMAHMUT;10;20.04.1970;10;0
SEYHIS;10;30.03.1963;10;0
MUSBEH;10;5.05.1968;10;0
SEMSEDTIN;10;28.05.1963;10;0
DERVES;10;12.10.1963;10;0
ZAIDDIN;10;15.12.1978;10;0
ABDURRESIT;10;26.08.1943;10;0
BEYSAL;10;6.09.1959;10;0
EBUZEL;10;29.05.1968;10;0
MUTELLIM;10;22.09.1967;10;0
FERCANI;10;10.04.1955;10;0
MUZAFFERETTIN;10;18.03.1945;10;0
HAMPAR;10;30.01.1955;10;0
ERTU;10;23.04.1974;10;0
BALABEK;10;22.08.1952;10;0
YILKUT;10;17.05.1967;10;0
UBADE;10;9.12.1983;10;0
ARAT;10;22.01.1982;10;0
UGURALP;10;9.01.1981;10;0
HAKDILER;10;12.08.1981;10;0
YUSSUF;10;6.07.1966;10;0
BAYEZID;10;30.01.1972;10;0
ALAHEDDIN;10;27.11.1959;10;0
AYATI;10;14.11.1959;10;0
AYYAD;10;28.01.1968;10;0
BEYHAMI;9;16.01.1969;9;0
MAHAMMET;9;18.08.1963;9;0
ILYASIN;9;4.03.1969;9;0
SEHAMIT;9;12.01.1971;9;0
ENKARI;9;18.11.1976;9;0
YASSIN;9;21.12.1970;9;0
ISINER;9;17.12.1988;9;0
KARAALI;9;20.06.1953;9;0
ZILFIGAR;9;4.09.1956;9;0
AYTUC;9;13.02.1975;9;0
SERBUN;9;30.2.1987;9;0
HAMITCAN;9;30.12.1986;9;0
MANAF;9;13.02.1966;9;0
YEMIN;9;20.01.1964;9;0
HASAM;9;11.05.1980;9;0
MAROGI;9;12.12.1948;9;0
CEZAI;9;27.01.1972;9;0
DEYSEM;9;25.11.1974;9;0
HOSNAV;9;30.08.1980;9;0
INAYETULLAH;9;7.09.1975;9;0
ZEKIRYA;9;3.01.1972;9;0
SAYFETTIN;9;14.04.1968;9;0
M.MASUM;9;27.07.1964;9;0
FEVAS;9;10.03.1972;9;0
SELFIC;9;6.05.1950;9;0
M.SEVKET;9;17.12.1944;9;0
FEHIT;9;27.06.1968;9;0
SUHAYP;9;20.03.1976;9;0
FAVLUS;9;25.04.1978;9;0
SAMOIL;9;4.08.1938;9;0
SERRO;9;26.03.1946;9;0
GERCIS;9;22.06.1954;9;0
GEBRAIL;9;7.09.1963;9;0
VILYAM;9;2.07.1978;9;0
MEJDIN;9;6.08.1974;9;0
NURIDIN;9;14.02.1969;9;0
AHMAD;9;26.3.1714;9;0
LOZAN;9;8.06.1969;9;0
IBARHIM;9;17.02.1967;9;0
AMRAN;9;18.06.1972;9;0
SAHDULLAH;9;15.03.1977;9;0
MUHTASIM;9;9.02.1977;9;0
FERZETTIN;9;1.03.1963;9;0
AMRULLAH;9;13.01.1968;9;0
HAPIP;9;11.01.1960;9;0
MIHITTIN;9;21.09.1961;9;0
CUMAYLI;9;24.02.1968;9;0
SURHAP;9;24.09.1970;9;0
SERAFEDIN;9;20.09.1961;9;0
IBUS;9;26.10.1943;9;0
HACIDEDE;9;13.08.1957;9;0
GIYASETDIN;9;28.06.1968;9;0
NECEATTIN;9;3.01.1963;9;0
MUALLIM;9;11.04.1969;9;0
NORITTIN;9;8.12.1958;9;0
ATASEVER;9;14.07.1974;9;0
TANAR;9;8.06.1964;9;0
VESAYI;9;28.08.1968;9;0
NIYAMI;9;6.07.1970;9;0
ERSUNAL;9;12.01.1971;9;0
DEKAN;9;7.05.1974;9;0
MUCAHETTIN;9;7.07.1958;9;0
SEYFULLA;9;17.02.1962;9;0
NUHUT;9;1.10.1959;9;0
HAZBULLAH;9;4.10.1978;9;0
NESLIBEY;9;4.04.1963;9;0
VEHAB;9;29.10.1965;9;0
TEMURCIN;9;5.03.1950;9;0
EMRULLA;9;13.04.1961;9;0
ILLAS;9;6.08.1963;9;0
MUDESSIM;9;9.02.1942;9;0
ONGAN;9;30.10.1982;9;0
MUAMET;9;1.01.1966;9;0
ARSLANALI;9;21.06.1965;9;0
GAVSI;9;26.04.1965;9;0
TOHAN;9;7.12.1976;9;0
EMRAK;9;21.07.1970;9;0
VELYEDDIN;9;8.11.1965;9;0
KURTMEHMET;9;29.06.1961;9;0
VESEL;9;1.01.1968;9;0
SEFAITTIN;9;18.11.1952;9;0
VAHADDIN;9;24.04.1957;9;0
TOYKAN;9;12.04.1983;9;0
RAGIF;9;11.12.1973;9;0
SAIDDIN;9;18.03.1958;9;0
MURADETTIN;9;20.09.1967;9;0
CANBABA;9;16.11.1748;9;0
ABBASI;9;11.09.1966;9;0
GOKTUNC;9;5.04.1985;9;0
LOKMANHEKIM;9;11.09.1977;9;0
HAYADI;9;9.11.1962;9;0
EDISUN;9;11.01.1979;9;0
APTIKERIM;9;22.04.1947;9;0
ZIYATDIN;9;29.04.1963;9;0
TEKKE;9;29.06.1952;9;0
BEYDOGAN;9;29.01.1955;9;0
DAGUT;9;18.02.1958;9;0
EHMET;9;20.07.1955;9;0
TAMEL;9;6.09.1969;9;0
MUJDETTIN;9;8.01.1973;9;0
HABESI;9;15.02.1973;9;0
NUSRED;9;29.07.1962;9;0
SAFATTIN;9;29.2.1966;9;0
ERHAMI;9;5.03.1969;9;0
SEBEHADDIN;9;1.02.1955;9;0
ABDULSEDDAR;9;4.05.1975;9;0
NUGRULLAH;9;18.07.1971;9;0
ABDULSAIT;9;29.09.1961;9;0
ALADTIN;9;25.06.1964;9;0
ARSLANBEY;9;9.06.1951;9;0
YAKIM;9;4.02.1960;9;0
MAKSUN;9;26.06.1973;9;0
NAMIDER;9;8.03.1973;9;0
BILYAMI;9;24.11.1968;9;0
YETGINER;9;4.06.1964;9;0
SENALI;9;15.01.1973;9;0
FETAHATTIN;9;5.05.1955;9;0
HANZELE;9;10.04.1985;9;0
KEKKO;9;13.07.1937;9;0
COLBEYI;9;11.04.1958;9;0
PEHLEVAN;9;18.07.1957;9;0
MUSACAN;9;19.04.1985;9;0
RAHMETTIN;9;4.06.1960;9;0
MUSLUHITTIN;9;15.02.1974;9;0
DASKIN;9;17.03.1964;9;0
HUCUM;9;12.09.1965;9;0
CELALATTIN;9;7.06.1963;9;0
NEZMITTIN;9;20.06.1952;9;0
MUSADIR;9;29.05.1962;9;0
KENTER;9;22.04.1979;9;0
SAMALI;9;11.12.1958;9;0
HASANHAYRI;9;12.06.1965;9;0
ABDULMEVLA;9;5.06.1973;9;0
TEYFUN;9;3.06.1975;9;0
HANALI;9;17.07.1956;9;0
ABDULGAHAR;9;24.09.1961;9;0
KESFETTIN;9;3.05.1959;9;0
CUZEYRI;9;25.01.1969;9;0
NURO;9;19.07.1951;9;0
FARRUK;9;7.12.1969;9;0
ZORAF;9;5.01.1958;9;0
SULEMAN;9;24.10.1973;9;0
MENSUP;9;1.04.1965;9;0
UMITYASAR;9;21.02.1973;9;0
M.SAHIN;9;6.07.1956;9;0
HUSROF;9;7.11.1957;9;0
SAITNUR;9;8.04.1981;9;0
ABDULEHET;9;15.12.1968;9;0
MIRZAMEMET;9;14.06.1956;9;0
SEREFATTIN;9;19.01.1971;9;0
CETER;9;2.03.1971;9;0
EBUZIYA;9;9.05.1960;9;0
BAYRO;9;6.01.1955;9;0
SULHATIN;9;27.06.1965;9;0
TEKYETTIN;9;3.06.1966;9;0
SAHABETDIN;9;21.04.1965;9;0
MUDRIK;9;1.07.1974;9;0
USTUNDAG;9;18.11.1975;9;0
BAHREDDIN;9;13.08.1962;9;0
ABDULGARIP;9;14.03.1972;9;0
CUNEYID;9;5.01.1972;9;0
URUNGU;9;28.07.1970;9;0
VAHBETTIN;9;18.08.1969;9;0
MEHME;9;10.08.1982;9;0
IMADITTIN;9;5.02.1957;9;0
FEMIL;9;28.01.1963;9;0
DEMIRYASA;9;30.09.1956;9;0
AGAN;9;20.06.1955;9;0
MUTTULLAH;9;7.07.1966;9;0
RUHIDDIN;9;30.2.1953;9;0
IBOS;9;7.03.1955;9;0
ZEYNELABDIN;9;17.05.1966;9;0
SEREFETDIN;9;24.01.1961;9;0
SUCAHATTIN;9;22.05.1965;9;0
FELAHATTIN;9;22.02.1964;9;0
RAZIM;9;27.12.1963;9;0
DIRSEHAN;9;3.08.1978;9;0
SERTCAN;9;9.02.1982;9;0
RIDAYETTIN;9;8.08.1969;9;0
KARAOGLAN;9;15.01.1964;9;0
BUHATTIN;9;9.04.1975;9;0
BAHDIN;9;23.07.1965;9;0
ZUREF;9;14.11.1959;9;0
HOSREV;9;6.05.1963;9;0
ARGON;9;15.04.1947;9;0
BIRER;9;21.09.1962;9;0
BILGITAY;9;14.02.1975;9;0
HERGUNER;9;18.09.1953;9;0
SERACATTIN;9;8.02.1964;9;0
HUKKAS;9;21.12.1941;9;0
ALTUGHAN;9;21.10.1985;9;0
MUSALLIM;9;14.01.1965;9;0
ALAMEDIN;9;14.05.1966;9;0
VISALETTIN;9;7.06.1951;9;0
MESDAN;9;2.09.1956;9;0
NISANER;9;26.09.1969;9;0
SAFAETTIN;9;28.11.1961;9;0
FERAMERZ;9;13.11.1972;9;0
ABBASKULU;9;1.12.1949;9;0
MUTIH;9;27.08.1971;9;0
HUDBETTIN;9;20.05.1970;9;0
SEYITCAN;9;22.12.1979;9;0
SETRETTIN;9;12.01.1959;9;0
HUBEYDULLAH;9;13.11.1974;9;0
TUMAN;9;4.02.1972;9;0
EZETTIN;9;5.12.1964;9;0
BADIR;9;30.11.1967;9;0
BERCET;9;2.05.1975;9;0
HIZBETULLAH;9;25.01.1973;9;0
AZATTIN;9;19.05.1970;9;0
ESALEDDIN;9;9.10.1956;9;0
MUAFIK;9;12.04.1972;9;0
FIREYDUN;9;27.03.1979;9;0
HANAHMET;9;13.05.1943;9;0
MULIS;9;4.07.1967;9;0
ATALAN;9;21.12.1947;9;0
CANSOY;9;20.03.1981;9;0
YURTARSLAN;9;18.07.1955;9;0
MUSTABEY;9;27.05.1958;9;0
ZILFALI;9;16.03.1956;9;0
FEHRET;9;26.04.1967;9;0
DASO;9;11.06.1940;9;0
YAYLABEY;9;23.09.1969;9;0
UCER;9;19.01.1954;9;0
KEREMSAH;9;14.02.1980;9;0
VEHDET;9;14.03.1961;9;0
MURSETTIN;9;6.01.1967;9;0
SEYFELI;9;9.04.1952;9;0
ABDULNACI;9;21.05.1966;9;0
TOPCI;9;11.07.1964;9;0
ETEMSAH;9;19.1.1737;9;0
BOYBEGI;9;1.10.1950;9;0
AVINI;9;6.12.1972;9;0
AYTUMEN;9;8.10.1969;9;0
MECITTIN;9;17.06.1955;9;0
MUDAMI;9;20.01.1967;9;0
CORUH;9;6.03.1973;9;0
ERDAY;9;2.04.1975;9;0
SAYETTIN;9;11.05.1961;9;0
BEYATIN;9;21.02.1962;9;0
CAGAKAN;9;10.06.1988;9;0
RACIP;9;11.08.1965;9;0
OGUT;9;1.02.1965;9;0
BILLO;9;23.08.1938;9;0
MULLAALI;9;30.10.1958;9;0
DOGUKAAN;9;24.01.1990;9;0
ABDULEZEL;9;4.03.1964;9;0
SEZERCAN;9;24.10.1987;9;0
MEMDUF;9;12.08.1966;9;0
MAHAMET;9;24.11.1959;9;0
RAHIP;9;7.02.1973;9;0
RESULU;9;11.11.1970;9;0
CALISKAN;9;2.12.1965;9;0
LUEY;9;21.09.1974;9;0
AKSEMSEDDIN;9;29.10.1982;9;0
SIHMEMET;9;24.05.1954;9;0
SUIDI;9;7.12.1965;9;0
MUARIF;9;12.07.1969;9;0
EMRULAH;9;7.09.1977;9;0
ERCOMERT;9;1.09.1960;9;0
HAMMUD;9;5.03.1953;9;0
ISAHAK;9;17.02.1956;9;0
DERGAM;9;13.03.1965;9;0
IRECEP;9;10.08.1958;9;0
SAHDIN;9;6.11.1961;9;0
SERMES;9;29.12.1978;9;0
SELAHHATTIN;9;13.10.1967;9;0
HANS;9;15.10.1981;9;0
MIRTAZA;9;1.03.1964;9;0
CIBRIL;9;2.04.1964;9;0
BERKTAN;9;4.08.1975;9;0
TUGRULSAN;9;25.04.1980;9;0
ABDULHEY;9;16.01.1965;9;0
SID;9;12.10.1972;9;0
HADIMI;9;28.08.1956;9;0
SEROP;9;5.01.1961;9;0
HAMZAALI;9;29.10.1951;9;0
ERKMAN;9;30.01.1966;9;0
AKBAS;9;28.04.1950;9;0
TUNGAY;9;19.03.1970;9;0
ALIIKSAN;9;1.02.1970;9;0
APDILKADIR;9;18.07.1963;9;0
ZEKIRIYA;9;13.05.1979;9;0
KEREMHAN;9;25.07.1983;9;0
SUCADDIN;9;2.01.1958;9;0
FEYYAS;9;5.11.1966;9;0
FETA;9;13.12.1965;9;0
OKGES;9;16.07.1961;9;0
ZEKAYA;9;10.12.1950;9;0
KONSTANTIN;9;26.02.1966;9;0
SUHAIP;9;1.11.1969;9;0
REFAYDIN;9;29.01.1959;9;0
IBROS;9;5.02.1961;9;0
IMUT;9;2.09.1973;9;0
VEIZ;9;18.09.1956;9;0
M.KASIM;9;18.08.1957;9;0
SEYIH;8;18.06.1944;8;0
CEMALATTIN;8;8.6.1728;8;0
ALHO;8;4.01.1948;8;0
MICCO;8;27.12.1939;8;0
KADREDDIN;8;22.06.1959;8;0
ABDULMUIN;8;18.02.1957;8;0
SEITHAN;8;3.12.1967;8;0
HAZRETTIN;8;29.10.1972;8;0
VAYIZ;8;21.06.1971;8;0
GOKBEY;8;19.09.1982;8;0
ERHAK;8;15.01.1978;8;0
VAHTETIN;8;28.08.1963;8;0
BETRETTIN;8;2.01.1968;8;0
CEBLI;8;28.05.1964;8;0
ERALI;8;22.11.1954;8;0
SANIH;8;2.03.1960;8;0
TASKINER;8;13.06.1975;8;0
HASANGAZI;8;17.08.1955;8;0
SAHVELI;8;18.11.1959;8;0
TURGAL;8;11.05.1968;8;0
KELHAN;8;27.10.1963;8;0
ABDULEMIN;8;12.10.1975;8;0
OSO;8;4.12.1701;8;0
SAHAHMET;8;28.07.1968;8;0
HAMBEY;8;4.06.1960;8;0
NUSRADDIN;8;6.01.1973;8;0
NUSRULLAH;8;1.10.1983;8;0
HULMI;8;17.03.1974;8;0
CELALADDIN;8;25.02.1969;8;0
MEMHET;8;25.08.1984;8;0
ABDULNADIR;8;13.11.1962;8;0
BEKKO;8;23.08.1953;8;0
HASIR;8;10.08.1976;8;0
ESNAF;8;20.01.1976;8;0
HANES;8;15.02.1958;8;0
FEVAT;8;26.08.1964;8;0
MUSATAFA;8;9.07.1978;8;0
ABDULNEVAF;8;28.01.1966;8;0
A.KERIM;8;16.12.1941;8;0
A.AZIZ;8;27.03.1949;8;0
SADRATTIN;8;23.07.1973;8;0
MADIH;8;5.05.1958;8;0
MISLIT;8;2.07.1968;8;0
FEYZULAH;8;25.09.1964;8;0
FAYZULLAH;8;7.04.1968;8;0
CONI;8;9.09.1980;8;0
GEBRIEL;8;9.07.1983;8;0
TOMA;8;23.04.1969;8;0
LUKAS;8;20.04.1989;8;0
RABII;8;28.07.1974;8;0
BEBEKIR;8;28.11.1954;8;0
MARCO;8;21.05.1986;8;0
ANTUN;8;27.12.1939;8;0
FABIO;8;25.06.1978;8;0
IRYAD;8;26.12.1966;8;0
RIZKO;8;20.08.1944;8;0
BELYAN;8;30.01.1981;8;0
FERSAD;8;8.05.1983;8;0
SEYITHALIL;8;15.08.1963;8;0
HAYRADDIN;8;1.04.1960;8;0
PETRUS;8;13.09.1975;8;0
TAVFO;8;21.04.1951;8;0
ALIIMRAN;8;6.11.1983;8;0
USTAD;8;16.04.1981;8;0
BERCEZ;8;18.07.1970;8;0
KEMIL;8;11.06.1974;8;0
LAHDU;8;23.06.1943;8;0
NICMETTIN;8;25.11.1973;8;0
AKID;8;1.09.1972;8;0
ABDULRESAT;8;15.04.1974;8;0
GERNAS;8;11.09.1980;8;0
PALA;8;6.12.1963;8;0
ZEYDO;8;1.09.1945;8;0
BEHETTIN;8;22.09.1965;8;0
M.HILMI;8;7.11.1941;8;0
REMZAN;8;18.10.1959;8;0
GOKAL;8;17.07.1979;8;0
HOKKAS;8;5.10.1953;8;0
SANIBEY;8;26.03.1964;8;0
KEMALIDDIN;8;14.3.1712;8;0
FERAMIN;8;24.12.1954;8;0
KUTTUSU;8;12.01.1962;8;0
LEMZI;8;26.02.1964;8;0
HAYRITDIN;8;17.09.1956;8;0
REFAIDDIN;8;18.01.1952;8;0
ALBI;8;7.08.1966;8;0
REFII;8;30.11.1963;8;0
ALIKOC;8;25.09.1956;8;0
SAHZUVER;8;9.09.1961;8;0
ABDULYASAR;8;17.02.1970;8;0
HACINUH;8;9.05.1972;8;0
MUYITTIN;8;2.05.1960;8;0
HICABETTIN;8;11.05.1965;8;0
NESATI;8;6.11.1954;8;0
FETHIBEY;8;27.09.1950;8;0
ALIFAIK;8;19.01.1952;8;0
SEMSUTTIN;8;15.03.1953;8;0
ELAIDDIN;8;18.07.1959;8;0
NIAT;8;28.06.1955;8;0
TUYGAN;8;25.05.1972;8;0
RISKULLAH;8;17.09.1965;8;0
M.FEVZI;8;30.06.1940;8;0
NURUTTIN;8;15.07.1958;8;0
MEHMETCEMIL;8;20.09.1978;8;0
NUGFER;8;20.08.1967;8;0
SAFIT;8;16.05.1960;8;0
SUHAVI;8;14.04.1953;8;0
SELAHETDIN;8;14.09.1954;8;0
KAMILCAN;8;1.10.1979;8;0
SECARETTIN;8;12.02.1968;8;0
SADIH;8;21.05.1967;8;0
BIRALI;8;8.04.1961;8;0
VAHTETDIN;8;4.08.1967;8;0
EMRULLLAH;8;19.08.1985;8;0
BEYTULAH;8;7.06.1985;8;0
BERSIS;8;28.07.1981;8;0
SULEK;8;27.11.1959;8;0
GURKUT;8;22.12.1962;8;0
NECADI;8;22.12.1955;8;0
CENIP;8;15.05.1960;8;0
REFAYETTIN;8;27.02.1964;8;0
ADILCAN;8;11.08.1980;8;0
ISMAILCAN;8;29.01.1986;8;0
VAYITTIN;8;29.03.1961;8;0
VASBI;8;10.11.1972;8;0
DEBERNUS;8;10.04.1950;8;0
MUHAMMEDULEMIN;8;28.08.1981;8;0
UHUD;8;15.03.1988;8;0
ABDULMUKTALIP;8;26.09.1978;8;0
CELEDDIN;8;8.08.1966;8;0
BEGLER;8;13.07.1956;8;0
YUSUP;8;2.02.1964;8;0
GUNSAZAK;8;25.02.1983;8;0
ZUFTI;8;24.04.1960;8;0
ABTULLA;8;29.01.1960;8;0
TAYIF;8;28.07.1976;8;0
BEYBOREK;8;18.12.1950;8;0
ISABEY;8;24.02.1957;8;0
FEYAMI;8;17.06.1976;8;0
CUMUYA;8;14.08.1969;8;0
M.HAKKI;8;11.11.1953;8;0
TANYAR;8;8.04.1971;8;0
YONIZ;8;11.12.1970;8;0
MAKSIM;8;21.12.1975;8;0
HUMEYNI;8;27.10.1982;8;0
ERKUS;8;15.11.1958;8;0
ABDULMUTDALIP;8;8.11.1971;8;0
KURTES;8;17.01.1948;8;0
ESAFET;8;21.09.1965;8;0
I;8;10.09.1955;8;0
BAHSETTIN;8;23.01.1955;8;0
ABDULKEBIR;8;8.04.1970;8;0
EMRIMEYYA;8;24.04.1968;8;0
VESAT;8;2.10.1963;8;0
SAVASHAN;8;26.10.1975;8;0
ATALAR;8;21.08.1960;8;0
ESKIN;8;7.09.1964;8;0
YUSUFALI;8;30.05.1973;8;0
ALIAGA;8;7.04.1966;8;0
NUTKI;8;25.01.1946;8;0
ALISAYIT;8;13.10.1959;8;0
BOYBEY;8;28.06.1966;8;0
NAVDAR;8;13.04.1983;8;0
ALIKAMER;8;20.11.1969;8;0
MUTIULLAH;8;15.02.1953;8;0
SAKULI;8;10.04.1965;8;0
SAPUR;8;10.08.1978;8;0
MENAFI;8;15.05.1967;8;0
ABDULSELEM;8;10.04.1972;8;0
EMARETTIN;8;27.02.1970;8;0
ZIYATHAN;8;26.10.1962;8;0
UMARETTIN;8;7.10.1972;8;0
DAVATI;8;29.05.1958;8;0
NESULLAH;8;16.02.1975;8;0
MIRBAHADDIN;8;6.05.1966;8;0
ILYADIN;8;24.08.1976;8;0
ABDULSABIR;8;23.04.1983;8;0
ENCUMAN;8;18.04.1981;8;0
UGUZHAN;8;8.10.1975;8;0
HUVZULLAH;8;27.07.1971;8;0
AZATHAN;8;15.08.1973;8;0
HUSRUF;8;6.03.1963;8;0
TACIDIN;8;1.07.1956;8;0
ALAHVERDI;8;24.05.1966;8;0
ESASEDDIN;8;25.05.1971;8;0
TALO;8;8.02.1943;8;0
MIRZETTIN;8;9.06.1963;8;0
AKDAN;8;21.08.1963;8;0
KUTLUKHAN;8;17.02.1971;8;0
MAHFI;8;11.05.1973;8;0
SEYFULISLAM;8;18.11.1978;8;0
GOKTUNA;8;7.04.1981;8;0
ZULUMAT;8;25.04.1949;8;0
ZUBIR;8;27.08.1957;8;0
MUHIYEDDIN;8;26.07.1957;8;0
ABDULKAFAR;8;10.01.1964;8;0
A.HAMIT;8;14.06.1957;8;0
GINYAS;8;17.10.1976;8;0
FUATCAN;8;17.01.1988;8;0
MUTESIR;8;10.08.1978;8;0
FEYZEDIN;8;10.10.1982;8;0
IHSAK;8;4.02.1973;8;0
SUKURULLAH;8;3.01.1983;8;0
ANIF;8;18.09.1953;8;0
SINANCAN;8;1.09.1988;8;0
CEDIT;8;20.04.1967;8;0
OKDEM;8;18.12.1969;8;0
BEYOL;8;4.02.1960;8;0
EMRAHCAN;8;3.07.1984;8;0
ZANI;8;3.08.1949;8;0
SAFITTIN;8;12.06.1957;8;0
ORTUNC;8;23.03.1983;8;0
KAHIL;8;28.08.1959;8;0
ACUNER;8;9.05.1966;8;0
ASIRALI;8;15.10.1958;8;0
GOKSEVEN;8;26.03.1976;8;0
NETIF;8;15.03.1969;8;0
VEHCETTIN;8;9.07.1974;8;0
DADASHAN;8;10.03.1974;8;0
VAHHAP;8;11.06.1956;8;0
TAPTIK;8;28.10.1948;8;0
SADRETDIN;8;23.09.1956;8;0
KUTLUER;8;26.01.1950;8;0
CEMSAH;8;27.01.1980;8;0
AKYIL;8;21.02.1959;8;0
CELEL;8;23.10.1960;8;0
ZEZAI;8;13.01.1965;8;0
UTKUHAN;8;11.01.1987;8;0
A.BAKI;8;7.03.1953;8;0
SAFIYEDDIN;8;28.03.1976;8;0
SEVTER;8;29.2.1987;8;0
MAGSUT;8;14.12.1970;8;0
DEVAZ;8;9.05.1961;8;0
ABEYDULLAH;8;2.08.1957;8;0
VELET;8;15.06.1952;8;0
FETTEH;8;9.12.1971;8;0
CEDUH;8;13.01.1954;8;0
RAFETULLAH;8;1.09.1976;8;0
ERTEK;8;5.02.1970;8;0
LIHATTIN;8;1.12.1958;8;0
AZEDDIN;8;12.12.1972;8;0
CUKAN;8;2.08.1953;8;0
ALIHIKMET;8;29.01.1965;8;0
VESVI;8;21.05.1969;8;0
SERAZDIN;8;20.04.1965;8;0
ETMAN;8;30.2.1959;8;0
SEYHETTIN;8;20.03.1961;8;0
RAFUK;8;18.12.1970;8;0
REMZETTIN;8;16.08.1965;8;0
ABULMUHSIN;8;14.12.1955;8;0
TEVHIK;8;15.06.1953;8;0
ZERRAR;8;21.10.1962;8;0
ZIRAR;8;28.03.1972;8;0
MAHRUF;8;8.11.1968;8;0
SADRETIN;8;17.04.1971;8;0
ABDULMUDDALIP;8;3.08.1970;8;0
MUBARIZ;8;25.04.1967;8;0
ERBERK;8;12.01.1986;8;0
ALIBAYRAM;8;20.04.1954;8;0
ERDAGI;8;15.08.1967;8;0
KAMBERALI;8;28.04.1964;8;0
ALISTAN;8;21.03.1961;8;0
HASANBALI;8;10.09.1946;8;0
ATTILE;8;22.11.1965;8;0
ILHAS;8;1.05.1971;8;0
CUNDI;8;12.07.1959;8;0
CEZRAIL;8;12.10.1975;8;0
HASANPASA;8;27.06.1950;8;0
BETO;8;20.07.1973;8;0
CENALP;8;11.05.1975;8;0
DURSUNMURAT;8;10.06.1963;8;0
SELAMULLAH;8;26.10.1969;8;0
MILAIM;8;22.08.1962;8;0
ESRAIL;8;21.01.1964;8;0
ERTOP;8;9.06.1973;8;0
MUHUBBI;8;26.10.1954;8;0
SAHMEMET;8;21.06.1946;8;0
SIHDURAN;8;15.01.1950;8;0
IRFANETTIN;8;2.11.1961;8;0
SAVLET;8;4.10.1963;8;0
VEYIP;8;19.04.1962;8;0
ELDIVAZ;8;12.11.1949;8;0
CEMILCAN;8;1.03.1989;8;0
BERATIN;8;22.11.1971;8;0
SALIHMEHMET;8;12.02.1951;8;0
EVRENOS;8;20.08.1957;8;0
CELAHATTIN;8;6.02.1961;8;0
BEHAYDIN;8;30.04.1972;8;0
BEZHAT;8;5.09.1975;8;0
SEYDAMET;8;18.04.1968;8;0
TEKANT;8;14.06.1975;8;0
HULAGUHAN;8;4.10.1972;8;0
ALAEDIN;8;21.03.1967;8;0
ZERAFETTIN;8;11.02.1955;8;0
YANAL;8;26.11.1966;8;0
NUHEL;8;21.09.1966;8;0
ABDULLAZIM;8;8.12.1957;8;0
DAG;8;18.04.1962;8;0
ALLIS;8;10.04.1965;8;0
ZULKARIN;8;28.05.1969;8;0
AYGENC;8;16.04.1982;8;0
D.MEMET;8;5.05.1945;8;0
M.SALIM;8;13.07.1951;8;0
FERHET;8;15.10.1962;8;0
PIRESIM;8;5.03.1945;8;0
TURUGSAN;8;21.02.1981;8;0
VAHAT;8;21.06.1967;8;0
H.BASRI;8;18.06.1958;8;0
ZAHIDIN;8;22.05.1968;8;0
OBET;8;28.12.1962;8;0
KARABULUT;8;20.06.1961;8;0
MERHAMETTIN;8;25.11.1968;8;0
YAGUB;8;10.09.1967;8;0
SEFAATDIN;8;6.05.1961;8;0
SEYMUZ;8;11.12.1972;8;0
VEHDAT;8;23.02.1969;8;0
FATIHCAN;8;4.07.1988;8;0
TOGRUL;8;8.06.1963;8;0
YELDAR;8;29.07.1984;8;0
ESSAT;8;5.02.1973;8;0
TANBERK;8;22.02.1976;8;0
MILHAK;8;21.06.1963;8;0
HUSEIN;8;18.02.1970;8;0
ARGIN;8;21.10.1972;8;0
ABDULVAHHAB;8;24.05.1976;8;0
OYSAL;8;1.01.1972;8;0
ABDULSEDAT;8;6.08.1978;8;0
SABADIN;8;30.01.1966;8;0
LIVEREN;8;26.02.1969;8;0
SAHMETLI;8;4.05.1978;8;0
URUSTEM;8;13.01.1962;8;0
OKES;8;30.2.1972;8;0
VEBI;8;26.09.1959;8;0
TOPUZ;8;11.10.1957;8;0
ILHANETTIN;8;14.05.1970;8;0
VUGAR;8;14.06.1981;8;0
BASTUG;8;2.12.1962;8;0
BOKE;8;21.10.1970;8;0
SAMISTAN;8;23.10.1962;8;0
BEGZADE;8;10.12.1954;8;0
RAGUF;8;10.09.1963;8;0
ERTUGAN;8;19.01.1972;8;0
TEZKAN;8;8.11.1976;8;0
MUHRALI;8;14.02.1951;8;0
ALIABA;8;30.12.1969;8;0
MEVAHIP;8;14.09.1950;8;0
TEUMAN;8;15.05.1946;8;0
ATABERK;8;21.08.1982;8;0
SEYFIDIN;8;19.06.1954;8;0
FIRATHAN;8;18.05.1983;8;0
ELBURUZ;8;16.07.1983;8;0
EFTALETTIN;8;3.11.1963;8;0
NASID;8;30.04.1961;8;0
CELALEDTIN;8;5.09.1959;8;0
FARET;8;8.04.1954;8;0
EFRAHIL;8;21.10.1965;8;0
ERSAYIN;8;19.12.1959;8;0
OGURCAN;8;8.11.1954;8;0
VIRON;8;1.10.1954;8;0
ABUZERI;7;11.10.1955;7;0
GULBETTIN;7;8.12.1989;7;0
HARIF;7;12.10.1964;7;0
BOZ;7;10.07.1948;7;0
RECEBI;7;18.05.1963;7;0
OSMANBEY;7;14.04.1964;7;0
TAKETTIN;7;3.11.1961;7;0
SUKUTU;7;7.06.1967;7;0
ABDULRAIF;7;6.05.1971;7;0
CEVAZ;7;2.10.1967;7;0
ABDULMESUT;7;5.12.1975;7;0
NIHADDIN;7;14.11.1955;7;0
RAMMI;7;10.06.1933;7;0
MEHSUM;7;7.06.1983;7;0
OMERCIK;7;9.06.1983;7;0
ZEYNELDIN;7;26.02.1972;7;0
BEHYEDDIN;7;28.03.1979;7;0
DEVIT;7;22.06.1983;7;0
AVCU;7;13.03.1961;7;0
USUP;7;12.08.1952;7;0
SEDDAM;7;20.02.1983;7;0
ALIKO;7;12.04.1946;7;0
RAAT;7;1.04.1962;7;0
ABDULKUDDUZ;7;1.03.1967;7;0
ABDUSSALAM;7;10.02.1971;7;0
SIRACATTIN;7;23.08.1961;7;0
YUHANIN;7;1.09.1980;7;0
ABDUSAMAT;7;15.09.1958;7;0
AZZO;7;6.01.1940;7;0
BOBI;7;17.05.1975;7;0
LUKA;7;3.11.1976;7;0
NURULLA;7;7.12.1973;7;0
SITTAR;7;26.12.1973;7;0
MAHAMA;7;18.01.1957;7;0
MUZAFAR;7;15.06.1956;7;0
MARC;7;26.01.1976;7;0
SAHID;7;23.02.1979;7;0
PETROS;7;28.02.1978;7;0
JOSEPH;7;21.01.1974;7;0
ZIYET;7;3.01.1977;7;0
FAYYAD;7;28.04.1958;7;0
EJDET;7;1.07.1981;7;0
HIFZILLAH;7;15.08.1978;7;0
YEVSI;7;22.11.1948;7;0
MOBIN;7;14.08.1975;7;0
BERAKET;7;29.12.1955;7;0
MEHMETATA;7;17.10.1965;7;0
JONATHAN;7;18.12.1981;7;0
NURITIN;7;11.03.1965;7;0
REHAT;7;18.03.1983;7;0
ABDULZAHIR;7;24.03.1975;7;0
BINO;7;5.05.1973;7;0
CEMHUR;7;10.05.1947;7;0
SADUR;7;21.12.1970;7;0
NEZETTIN;7;20.04.1956;7;0
NICMEDDIN;7;1.07.1967;7;0
BEYETTIN;7;7.11.1971;7;0
CEGER;7;13.09.1985;7;0
SUBASI;7;7.11.1971;7;0
NOGMEN;7;30.07.1964;7;0
SAMILI;7;30.03.1965;7;0
SURAP;7;30.2.1955;7;0
PEYLUL;7;28.10.1963;7;0
YASIDIN;7;15.12.1957;7;0
OZATA;7;6.12.1968;7;0
APTULMECIT;7;28.09.1949;7;0
SABETDIN;7;5.03.1965;7;0
ALDONAT;7;11.08.1971;7;0
ABTURRAHIM;7;21.04.1966;7;0
CEZIM;7;18.01.1962;7;0
AKAH;7;18.05.1946;7;0
TEMURSAH;7;28.07.1956;7;0
SIAMI;7;16.08.1960;7;0
HURBAY;7;25.10.1978;7;0
YIGITAGA;7;25.12.1970;7;0
CEFAT;7;20.04.1968;7;0
VEJNI;7;4.01.1969;7;0
BEHAITTIN;7;6.10.1953;7;0
A.TURAN;7;4.09.1945;7;0
SENBEY;7;29.07.1971;7;0
DURHANETTIN;7;3.08.1958;7;0
MITDAT;7;17.10.1954;7;0
ALEITTIN;7;29.07.1960;7;0
ALEIDDIN;7;18.08.1956;7;0
TAHAN;7;11.10.1977;7;0
ERGUDAR;7;27.10.1971;7;0
USREV;7;1.01.1969;7;0
SAHZETTIN;7;17.12.1956;7;0
RUKNI;7;13.08.1948;7;0
MIRACETTIN;7;30.06.1967;7;0
CAHIDDIN;7;28.07.1963;7;0
RAMUZ;7;6.10.1959;7;0
EZMI;7;8.05.1948;7;0
ISRACETTIN;7;6.10.1960;7;0
ABDULLAHHAN;7;24.04.1978;7;0
KORUR;7;22.01.1967;7;0
YASARBEY;7;21.06.1952;7;0
MUSETTIN;7;10.04.1952;7;0
NEBAHADDIN;7;28.01.1961;7;0
ERDAT;7;9.02.1972;7;0
RAFEDDIN;7;17.10.1955;7;0
KURTPASA;7;3.09.1942;7;0
YILOREN;7;12.06.1974;7;0
ABDULFUAT;7;2.02.1957;7;0
CENKMEN;7;25.11.1973;7;0
TAYKAN;7;11.01.1974;7;0
GUBILAY;7;12.04.1973;7;0
TEGFIK;7;1.02.1967;7;0
HARUT;7;21.04.1961;7;0
MURVETTIN;7;11.05.1958;7;0
MUHAMMMET;7;7.05.1989;7;0
SERFETTIN;7;9.04.1967;7;0
S;7;8.06.1945;7;0
CEZAR;7;27.11.1960;7;0
M.HIKMET;7;8.10.1944;7;0
MIKAYIR;7;8.06.1972;7;0
HASETTIN;7;5.09.1972;7;0
ZAFERCAN;7;22.11.1978;7;0
SUCAADDIN;7;27.05.1962;7;0
VADIM;7;4.05.1977;7;0
KAPDAN;7;15.09.1956;7;0
FEYZITTIN;7;14.07.1953;7;0
BAHDETTIN;7;18.04.1968;7;0
ZEYFULLAH;7;11.02.1959;7;0
FETHADDIN;7;25.10.1974;7;0
MUSTACEP;7;30.01.1963;7;0
KUTBAY;7;20.10.1971;7;0
NEJATTIN;7;27.11.1960;7;0
SIYH;7;15.12.1957;7;0
BUYNAT;7;14.11.1975;7;0
SAZELI;7;2.07.1949;7;0
HUZEYF;7;8.11.1978;7;0
ABDULAHET;7;3.06.1966;7;0
SERAFATTIN;7;21.09.1954;7;0
MUNZIR;7;12.04.1973;7;0
ONVER;7;15.08.1954;7;0
ABTULMUTTALIP;7;4.10.1968;7;0
AYDENER;7;18.06.1967;7;0
BOGUS;7;14.09.1954;7;0
VELATTIN;7;14.03.1960;7;0
MUDTALIP;7;24.10.1953;7;0
TIMUCINHAN;7;29.05.1978;7;0
TANRIKUT;7;24.12.1966;7;0
CIRKIN;7;16.01.1949;7;0
FARUT;7;16.01.1973;7;0
MUHIM;7;26.08.1957;7;0
ALITAS;7;28.08.1964;7;0
ELEATTIN;7;4.01.1969;7;0
GULATTIN;7;9.02.1970;7;0
FAHRAT;7;30.11.1957;7;0
AHMETMURAT;7;26.03.1974;7;0
SINAMI;7;28.09.1969;7;0
ISABETTIN;7;16.09.1960;7;0
DANISMENT;7;28.03.1971;7;0
IBEYDULLAH;7;1.08.1970;7;0
AMMER;7;12.04.1973;7;0
ZIYAHATTIN;7;30.11.1965;7;0
VAYIP;7;24.01.1950;7;0
BAHAYI;7;23.12.1959;7;0
RAHIMULLAH;7;2.07.1979;7;0
MUHAMMETEMIN;7;10.12.1967;7;0
CEYHUNI;7;28.07.1965;7;0
IRIZA;7;5.02.1956;7;0
ERKAYA;7;15.09.1957;7;0
ABDULNAZAR;7;22.06.1961;7;0
KAYIP;7;7.10.1966;7;0
TAYUP;7;30.06.1962;7;0
FEHEM;7;10.01.1953;7;0
EMINAGA;7;26.11.1953;7;0
ABDULKELAM;7;6.12.1966;7;0
ABDUSSEKUR;7;23.11.1952;7;0
FEKIRULLAH;7;2.09.1966;7;0
SALDIRAN;7;25.12.1953;7;0
FATEH;7;4.04.1969;7;0
NURIBEY;7;10.12.1964;7;0
OGETAY;7;3.11.1981;7;0
YEVMITTIN;7;23.03.1962;7;0
ERTURUN;7;7.05.1969;7;0
SAGLAM;7;14.07.1952;7;0
ALEHATTIN;7;22.03.1965;7;0
SEFULLAH;7;10.10.1969;7;0
SEYITMAHMUT;7;19.04.1931;7;0
SEREFETIN;7;21.04.1970;7;0
DEDEALI;7;17.04.1949;7;0
EHDINUR;7;30.12.1974;7;0
KUVI;7;28.04.1957;7;0
BARBARUS;7;23.01.1956;7;0
ROSTEM;7;6.01.1983;7;0
MADENI;7;22.12.1964;7;0
MEHMETNESIM;7;10.09.1972;7;0
MEZER;7;25.12.1966;7;0
IBNIYAMI;7;15.04.1962;7;0
NEJMEDIN;7;21.09.1962;7;0
ERZAK;7;26.02.1954;7;0
HUDEDA;7;15.01.1958;7;0
ABDULHALIS;7;10.03.1971;7;0
SEVKATTIN;7;1.08.1941;7;0
SEYFILMULUK;7;21.11.1966;7;0
HARRUN;7;1.04.1976;7;0
AKO;7;27.07.1938;7;0
SIRACEDIN;7;29.01.1966;7;0
ZOHRETTIN;7;7.07.1962;7;0
ZUHRETTIN;7;6.12.1966;7;0
GUNDUZALP;7;19.03.1979;7;0
ZIYAUDDIN;7;28.07.1958;7;0
TATARHAN;7;2.04.1970;7;0
EFRAYIN;7;19.12.1958;7;0
CIL;7;19.01.1979;7;0
HAYRULAH;7;14.03.1975;7;0
HAYBETULLAH;7;1.04.1979;7;0
MUCIBIRAHMAN;7;9.09.1975;7;0
IBRAHIMHAN;7;22.04.1959;7;0
SEBAHATULLAH;7;14.03.1975;7;0
ZEMEHAN;7;16.07.1968;7;0
HUSIN;7;18.06.1966;7;0
SABETULLAH;7;1.03.1987;7;0
ZEYTULLAH;7;4.08.1970;7;0
SEREFFETTIN;7;5.09.1966;7;0
VACID;7;9.08.1969;7;0
BERKSOY;7;7.11.1973;7;0
NEYAZI;7;3.07.1951;7;0
ILYASA;7;15.03.1971;7;0
SALIP;7;2.10.1964;7;0
ALIPER;7;21.08.1973;7;0
RESULLAH;7;25.08.1977;7;0
BOZU;7;2.09.1952;7;0
EFLET;7;16.01.1956;7;0
SEYFICAN;7;24.09.1980;7;0
MUSURHAN;7;20.04.1972;7;0
HINDAL;7;18.10.1962;7;0
KAANHAN;7;9.06.1986;7;0
SUHUT;7;29.12.1981;7;0
SEFETULLAH;7;10.05.1977;7;0
DOGUSAN;7;11.10.1988;7;0
MUDAI;7;6.09.1970;7;0
ABDULMENAB;7;21.05.1979;7;0
TURKOGLU;7;3.10.1963;7;0
AYKOC;7;10.08.1975;7;0
SECATIN;7;27.11.1966;7;0
BIYAMIL;7;21.07.1956;7;0
SEFAYETTIN;7;3.01.1961;7;0
APTULMUTTALIP;7;29.07.1974;7;0
EBUTALHA;7;29.10.1980;7;0
KASIP;7;29.11.1959;7;0
MUSLATIN;7;30.01.1969;7;0
ALIKADIR;7;13.01.1965;7;0
AYHAT;7;21.12.1962;7;0
CELETTIN;7;11.02.1961;7;0
SIYAVUS;7;14.07.1962;7;0
HIKMEDIN;7;7.05.1968;7;0
MUHSIM;7;8.12.1972;7;0
IMADIN;7;24.06.1972;7;0
SEBHETULLAH;7;30.10.1977;7;0
A.HAKIM;7;12.02.1956;7;0
ABDULGALIK;7;28.12.1972;7;0
SEYIDULLAH;7;12.11.1968;7;0
SIROP;7;16.06.1946;7;0
KULINK;7;10.10.1974;7;0
VEFADDIN;7;11.12.1976;7;0
AFIYETTIN;7;16.03.1975;7;0
RAHIT;7;16.05.1959;7;0
ESHAD;7;9.07.1973;7;0
ZEHREDDIN;7;1.02.1970;7;0
SAGDETTIN;7;28.12.1967;7;0
MISBAHATTIN;7;16.10.1965;7;0
DIYAIDDIN;7;24.01.1971;7;0
MOHYEDDIN;7;8.11.1961;7;0
ERNAYIL;7;3.01.1972;7;0
EDNAYIL;7;26.05.1963;7;0
ABDULMUDTALIP;7;30.12.1977;7;0
REZAI;7;9.04.1966;7;0
BENYAMI;7;29.02.1956;7;0
MEHMETTAHIR;7;1.07.1978;7;0
KELO;7;7.05.1955;7;0
LEVHI;7;5.07.1959;7;0
GUHDAR;7;20.07.1980;7;0
KARABAY;7;4.05.1951;7;0
DURGAY;7;10.04.1974;7;0
VELIYITTIN;7;14.03.1952;7;0
BILYAMIN;7;18.09.1971;7;0
ENC;7;15.02.1982;7;0
ORBEY;7;10.08.1982;7;0
ALIBEG;7;23.08.1968;7;0
SANCAY;7;16.06.1976;7;0
AMANBEY;7;26.02.1960;7;0
ALESKER;7;2.04.1965;7;0
AGAMALI;7;12.10.1945;7;0
NEVRUZALI;7;18.08.1959;7;0
ERTUBAY;7;9.03.1971;7;0
NIFTALI;7;1.05.1941;7;0
VEDATALI;7;6.03.1972;7;0
SAHMENI;7;16.06.1948;7;0
TEHMAN;7;26.02.1968;7;0
TACIN;7;19.10.1965;7;0
YINER;7;26.11.1962;7;0
ERCEVIK;7;29.09.1977;7;0
APTULBAKI;7;29.11.1960;7;0
TEFVIK;7;2.10.1966;7;0
ISIKHAN;7;19.05.1970;7;0
SAHINBAZ;7;5.03.1960;7;0
BEHRUN;7;30.07.1979;7;0
SADIBEY;7;3.05.1961;7;0
MUSAT;7;10.05.1979;7;0
ALPKAAN;7;15.02.1984;7;0
NEFATI;7;5.10.1961;7;0
RUJDET;7;23.10.1969;7;0
CANKU;7;9.04.1984;7;0
AYUP;7;9.07.1958;7;0
SEYHAHMET;7;20.03.1974;7;0
VELAADDIN;7;25.03.1964;7;0
IMANETTIN;7;8.04.1968;7;0
VAITTIN;7;8.09.1961;7;0
ALLAVI;7;22.09.1939;7;0
FETIM;7;12.02.1975;7;0
FERAHMI;7;25.01.1955;7;0
ERZAIL;7;26.12.1971;7;0
BEYAZITTIN;7;27.04.1965;7;0
FEHRETTIN;7;6.11.1957;7;0
YILDIRHAN;7;27.05.1969;7;0
SABATIN;7;9.11.1966;7;0
CANKUR;7;28.12.1982;7;0
LUMEN;7;3.04.1968;7;0
YAGKUP;7;27.09.1959;7;0
GUTTUSU;7;13.01.1958;7;0
OMRUMIYE;7;17.02.1971;7;0
MIZRAB;7;17.08.1960;7;0
SUVAVI;7;13.04.1975;7;0
ENFEL;7;16.02.1975;7;0
ISACAN;7;12.07.1988;7;0
NAZMIN;7;14.06.1971;7;0
BESHAT;7;19.04.1974;7;0
SAADULLAH;7;16.11.1971;7;0
CIHADDIN;7;8.07.1976;7;0
EYYUPCAN;7;29.08.1985;7;0
ILKERCAN;7;17.08.1986;7;0
HUZULU;7;14.09.1966;7;0
ESFETTIN;7;27.10.1970;7;0
EFEM;7;7.09.1978;7;0
MAMAT;7;5.05.1955;7;0
FOVZU;7;23.01.1957;7;0
SURIRI;7;8.05.1975;7;0
TURKASLAN;7;2.12.1974;7;0
ABDILHAMIT;7;14.02.1957;7;0
NASRITTIN;7;10.09.1955;7;0
M.MUNIR;7;30.12.1948;7;0
DEDU;7;22.09.1937;7;0
RIFAAT;7;28.08.1970;7;0
ISAMIL;7;5.02.1978;7;0
KUT;7;24.06.1965;7;0
KEHYA;7;17.04.1949;7;0
SEZAHIR;7;24.04.1965;7;0
MUHLIZ;7;3.01.1965;7;0
MUHDIN;7;26.02.1966;7;0
M.FAHRI;7;2.01.1940;7;0
TALAAT;7;7.04.1974;7;0
CUMHA;7;2.08.1968;7;0
SABAHADIN;7;3.10.1964;7;0
ABDEL;7;20.03.1955;7;0
AYKUTHAN;7;8.10.1982;7;0
ARGAN;7;17.10.1974;7;0
SIHAP;7;9.12.1971;7;0
HILATI;7;9.06.1960;7;0
BURHANNETTIN;7;25.06.1964;7;0
ALETIN;7;12.07.1966;7;0
FARUN;7;14.10.1968;7;0
TALATTIN;7;16.09.1957;7;0
TARGAY;7;18.02.1970;7;0
FEROL;7;15.03.1970;7;0
HACIMUSA;7;27.11.1968;7;0
SERTOK;7;16.02.1957;7;0
AYKANAT;7;4.11.1970;7;0
MURATTIN;7;14.04.1965;7;0
ALIHATTIN;7;10.04.1963;7;0
SVEN;7;6.11.1978;7;0
ROVSEN;7;19.06.1975;7;0
CEVABI;7;11.04.1963;7;0
IBIR;7;26.08.1959;7;0
CUMADDIN;7;6.08.1968;7;0
BUGRACAN;7;28.03.1990;7;0
HUVAT;7;10.07.1965;7;0
BILBASAR;7;20.06.1971;7;0
NURHANETTIN;7;1.02.1970;7;0
BERKIM;7;22.11.1981;7;0
SIBKAT;7;22.10.1958;7;0
NASO;7;18.01.1943;7;0
RECAT;7;15.09.1968;7;0
RISAR;7;6.04.1965;7;0
TARKHAN;7;29.05.1974;7;0
UCANER;7;14.05.1964;7;0
OGUZTURK;7;22.07.1977;7;0
MUSAMETIN;7;6.06.1963;7;0
NEBII;7;5.09.1968;7;0
ONDAY;7;12.04.1979;7;0
FAHRIZ;7;3.01.1960;7;0
TEYIN;7;10.12.1955;7;0
SAYDUN;7;17.05.1958;7;0
ADVAN;7;19.11.1970;7;0
HIMDAN;7;10.01.1957;7;0
IBSIR;6;4.11.1959;6;0
SAHABATTIN;6;13.12.1969;6;0
YAHIYA;6;8.06.1959;6;0
KESEF;6;28.01.1974;6;0
TALIBI;6;19.04.1962;6;0
YARALI;6;15.09.1965;6;0
GURES;6;14.03.1964;6;0
NURRULLAH;6;7.06.1981;6;0
SOLER;6;7.08.1978;6;0
BIRKUT;6;20.08.1967;6;0
CEMALGURSEL;6;3.04.1970;6;0
OMUS;6;19.10.1946;6;0
ZEKAIYE;6;2.01.1960;6;0
SUYUP;6;12.05.1960;6;0
HAMIDO;6;27.08.1955;6;0
YUSUFKENAN;6;27.03.1975;6;0
MERDIMEYDAN;6;5.07.1970;6;0
SULHU;6;6.01.1954;6;0
TAKYADDIN;6;1.10.1976;6;0
ISHAT;6;8.08.1978;6;0
BEYREM;6;8.01.1971;6;0
NISREDDIN;6;6.10.1970;6;0
NISRETTIN;6;25.09.1968;6;0
FAVAZ;6;27.09.1976;6;0
HELLUS;6;26.12.1963;6;0
NEHSET;6;23.12.1978;6;0
SADREDIN;6;24.07.1962;6;0
FERMO;6;2.03.1937;6;0
OZAR;6;26.12.1965;6;0
SIHDAVUT;6;3.01.1968;6;0
MURSIL;6;8.02.1968;6;0
SEYHOMER;6;1.12.1979;6;0
ZIYEETTIN;6;3.08.1976;6;0
ABDULBASI;6;4.10.1971;6;0
HITMAN;6;21.09.1959;6;0
ABDULRRAHIM;6;28.04.1979;6;0
MUSAL;6;6.01.1961;6;0
INIZ;6;23.01.1945;6;0
YORULMAZ;6;1.02.1967;6;0
ZEYNELABITTIN;6;26.04.1976;6;0
KUTBIDDIN;6;30.06.1974;6;0
REDVAN;6;7.01.1976;6;0
ABDULKADER;6;27.11.1958;6;0
NESREDIN;6;26.10.1966;6;0
AYID;6;30.08.1963;6;0
BEDREDTIN;6;6.04.1954;6;0
FALAMAZ;6;3.05.1971;6;0
ABDUSEMAT;6;27.01.1968;6;0
MUSHAB;6;11.09.1987;6;0
MERHAS;6;16.02.1985;6;0
SIRACADDIN;6;16.02.1965;6;0
MEHMETSIRAC;6;3.12.1970;6;0
MUHBITTIN;6;15.06.1981;6;0
CAHIL;6;13.10.1960;6;0
SADRADDIN;6;6.12.1965;6;0
MUHUBULLAH;6;10.06.1971;6;0
YEDULLAH;6;8.05.1968;6;0
MATTIAS;6;13.11.1983;6;0
HAPSUNO;6;17.05.1940;6;0
MEJDEL;6;17.04.1976;6;0
YARGIT;6;15.10.1983;6;0
CENAR;6;23.10.1975;6;0
SAMUYEL;6;19.12.1975;6;0
SIMUN;6;18.05.1956;6;0
GELO;6;29.12.1946;6;0
BASSAM;6;12.07.1974;6;0
RADVAN;6;10.05.1964;6;0
ABDULILEH;6;7.10.1969;6;0
ABDUSEMED;6;7.04.1971;6;0
MEHMI;6;15.10.1939;6;0
MAZHARETTIN;6;17.08.1962;6;0
IMED;6;16.01.1971;6;0
MURO;6;17.12.1938;6;0
CENGIN;6;30.11.1976;6;0
RASSO;6;16.03.1932;6;0
EMMANUEL;6;2.05.1973;6;0
GABRO;6;22.07.1959;6;0
ZEYDULLAH;6;19.07.1973;6;0
FAHRIZAT;6;24.06.1975;6;0
SIYAMED;6;10.11.1969;6;0
SEHABEDIN;6;28.03.1967;6;0
NIYAZETTIN;6;24.05.1964;6;0
ABDULKADDIR;6;17.09.1945;6;0
SAYFO;6;9.03.1955;6;0
ABDULBARIN;6;20.12.1981;6;0
ABDULMANEF;6;12.09.1975;6;0
NAVVAF;6;17.12.1958;6;0
KUTLUGHAN;6;10.02.1979;6;0
SAGDAN;6;30.09.1967;6;0
BABACA;6;26.08.1952;6;0
SULTANHAMIT;6;6.07.1959;6;0
ZUBEYDULLAH;6;4.12.1978;6;0
IZAMI;6;6.02.1962;6;0
SAGDULLAH;6;15.11.1968;6;0
MUS;6;5.07.1955;6;0
HIZMETULLAH;6;6.12.1976;6;0
TECAATTIN;6;15.05.1968;6;0
OKTAS;6;13.07.1970;6;0
HIDAVERDI;6;6.01.1963;6;0
SELACETTIN;6;23.06.1962;6;0
ZEKABI;6;19.10.1962;6;0
NUHIL;6;28.01.1965;6;0
HILAMI;6;25.06.1958;6;0
SEBAHITDIN;6;23.01.1958;6;0
NECAYITTIN;6;17.01.1959;6;0
ZEKAVETTIN;6;24.03.1966;6;0
ZEYKI;6;12.10.1966;6;0
SELANI;6;17.09.1972;6;0
MUTTALIF;6;27.08.1972;6;0
ZIYABEY;6;17.07.1964;6;0
MUTTET;6;28.06.1960;6;0
BEHTULLAH;6;27.05.1966;6;0
RACIH;6;16.03.1955;6;0
GOKSAR;6;5.09.1978;6;0
BOZBEK;6;14.05.1963;6;0
TURKLER;6;1.02.1976;6;0
TOYGUR;6;17.09.1976;6;0
MUTIN;6;6.08.1963;6;0
HAFUZ;6;13.04.1961;6;0
GUNEYIT;6;30.11.1971;6;0
M.DURSUN;6;17.02.1943;6;0
MEDHET;6;10.02.1961;6;0
EYUPSULTAN;6;28.07.1973;6;0
NURFETTIN;6;3.02.1955;6;0
NESATTIN;6;2.07.1955;6;0
YETISKEN;6;25.12.1971;6;0
HAYRULLA;6;23.12.1953;6;0
MUVAHIT;6;7.07.1981;6;0
APTURAMAN;6;21.08.1961;6;0
HUSEYIH;6;21.12.1981;6;0
UGURBEY;6;17.02.1977;6;0
CIHANGIRAY;6;17.11.1968;6;0
ESVEDDIN;6;28.08.1945;6;0
RAYIK;6;8.03.1962;6;0
ZULKIFL;6;20.07.1948;6;0
NIHAS;6;5.04.1953;6;0
VOLGAN;6;10.01.1980;6;0
SULFITTIN;6;1.06.1961;6;0
ALIYULMURTAZA;6;29.11.1956;6;0
ZEKAETTIN;6;3.06.1953;6;0
NEVET;6;20.11.1966;6;0
KIBARETTIN;6;28.04.1975;6;0
ELBIL;6;11.02.1963;6;0
BARBAROZ;6;14.03.1968;6;0
PIROL;6;3.01.1967;6;0
TAHADDIN;6;19.03.1959;6;0
AZIMKAR;6;30.03.1973;6;0
ORHANCAN;6;26.06.1978;6;0
ERKEK;6;27.09.1966;6;0
IBNISINA;6;21.07.1988;6;0
MUSVIK;6;16.03.1977;6;0
TAHACAN;6;23.06.1984;6;0
ETIHAN;6;13.08.1976;6;0
SERKER;6;14.10.1957;6;0
SUCUATTIN;6;16.01.1966;6;0
KUTEN;6;27.12.1966;6;0
FENSAL;6;27.01.1962;6;0
GANIBEY;6;8.11.1942;6;0
MUHTET;6;15.11.1970;6;0
MUHTALIF;6;12.03.1967;6;0
CELALIDDIN;6;25.05.1959;6;0
ECMAIL;6;19.12.1974;6;0
RAJI;6;1.02.1960;6;0
SENATI;6;26.01.1975;6;0
YURTASLAN;6;7.02.1968;6;0
HURCEM;6;4.04.1982;6;0
VATANER;6;8.04.1967;6;0
EGAHI;6;20.09.1967;6;0
BURAT;6;22.12.1983;6;0
ALKAR;6;25.11.1970;6;0
SIYHO;6;1.05.1950;6;0
OMIT;6;13.11.1975;6;0
BOZALI;6;24.09.1959;6;0
UKKES;6;14.10.1955;6;0
VECIT;6;26.12.1954;6;0
ULUTURK;6;24.04.1963;6;0
UNYAMI;6;20.11.1965;6;0
HUSEYINGAZI;6;3.11.1966;6;0
APDULVAHAP;6;7.12.1967;6;0
GOKSAD;6;6.10.1984;6;0
CUNAY;6;8.10.1972;6;0
MUDAT;6;17.02.1969;6;0
ALIMERT;6;16.05.1980;6;0
TUGSAD;6;10.05.1984;6;0
GUZELAGA;6;15.07.1958;6;0
BUNYAMEN;6;29.12.1962;6;0
HACILAR;6;22.11.1962;6;0
KESIF;6;8.11.1956;6;0
ZEYFETTIN;6;17.04.1967;6;0
APDURAMAN;6;25.05.1959;6;0
TAIR;6;17.05.1970;6;0
MAHMUDU;6;25.09.1966;6;0
NISAMETTIN;6;2.01.1973;6;0
KUTALP;6;6.05.1988;6;0
GULAMRESUL;6;17.03.1964;6;0
BEYZAVI;6;1.08.1973;6;0
SURURU;6;10.07.1965;6;0
ZIYAATDIN;6;9.08.1972;6;0
AYMETTIN;6;1.03.1972;6;0
AVNIBEY;6;17.01.1965;6;0
HACIABDULLAH;6;1.10.1966;6;0
ZATULLAH;6;17.10.1968;6;0
CIVAT;6;21.10.1958;6;0
TARIKHAN;6;22.12.1980;6;0
FIKRICAN;6;30.06.1987;6;0
NETIM;6;25.08.1958;6;0
ALISAMI;6;28.07.1973;6;0
SABIP;6;7.12.1965;6;0
TAVUT;6;4.03.1964;6;0
ARIFHAN;6;28.11.1976;6;0
SISMAN;6;28.12.1945;6;0
TUNCBILEK;6;4.02.1965;6;0
ABDULSADIK;6;29.06.1971;6;0
SADIKCAN;6;17.01.1981;6;0
SEZKAN;6;7.11.1975;6;0
KADRICAN;6;16.07.1973;6;0
VACIB;6;21.10.1970;6;0
GOKLER;6;6.02.1985;6;0
BEDUH;6;22.02.1960;6;0
OKDEN;6;14.07.1965;6;0
TANOL;6;5.06.1970;6;0
MEDAI;6;3.01.1966;6;0
AGBABA;6;16.06.1952;6;0
ALAVERDI;6;9.07.1973;6;0
HIDDIR;6;13.09.1975;6;0
GIRAVI;6;4.04.1946;6;0
CAYDIN;6;19.02.1976;6;0
FERHETTIN;6;17.02.1965;6;0
HANLER;6;28.10.1980;6;0
HANABDAL;6;7.02.1964;6;0
GEREVAN;6;19.09.1965;6;0
KIRIT;6;26.03.1959;6;0
ABDULILA;6;27.04.1975;6;0
IBNIYAMIN;6;22.09.1951;6;0
SUHEYIP;6;2.12.1964;6;0
CERHE;6;6.11.1965;6;0
ZEYNALABDIN;6;12.09.1961;6;0
BOTI;6;25.04.1961;6;0
VEDULLAH;6;1.06.1966;6;0
CICO;6;9.09.1947;6;0
SURECETTIN;6;15.06.1977;6;0
UMRETTIN;6;28.07.1981;6;0
M.NESIM;6;4.10.1957;6;0
EVLO;6;11.08.1965;6;0
SIGBETULLAH;6;23.02.1983;6;0
HEVZULLAH;6;29.06.1979;6;0
EHDUNUR;6;22.10.1969;6;0
ZILKUF;6;4.09.1982;6;0
SAHYEDIN;6;5.04.1968;6;0
MAHAMMED;6;3.11.1987;6;0
TETERHAN;6;5.06.1972;6;0
HAMZULLAH;6;9.09.1976;6;0
FERZANDER;6;2.08.1968;6;0
EYLAS;6;1.01.1972;6;0
ALIERCAN;6;8.08.1975;6;0
HANTEYMUR;6;15.07.1960;6;0
ALLAADDIN;6;1.05.1973;6;0
HAMADIN;6;1.06.1967;6;0
KATIB;6;14.12.1966;6;0
SEREFAT;6;23.01.1971;6;0
SULHEDIN;6;12.10.1951;6;0
MAHAREM;6;10.06.1970;6;0
KUBETTIN;6;23.06.1973;6;0
A.MECIT;6;19.12.1955;6;0
SEFDIN;6;19.01.1966;6;0
KAYASETTIN;6;10.11.1964;6;0
BARZANI;6;10.08.1983;6;0
FEDRULLAH;6;12.02.1977;6;0
NURKEMAL;6;20.11.1963;6;0
SEREK;6;1.01.1977;6;0
MAHZUM;6;23.03.1968;6;0
BABOS;6;9.01.1955;6;0
ABDULGAHHAR;6;3.05.1978;6;0
DOLMAZ;6;30.10.1970;6;0
TAHARHAN;6;6.12.1973;6;0
EBUZIT;6;17.02.1948;6;0
EZRAFIL;6;2.10.1974;6;0
M.NAFI;6;10.07.1947;6;0
SALAR;6;10.09.1963;6;0
ABDURRAGIP;6;14.04.1985;6;0
NURETTTIN;6;18.04.1973;6;0
ABDURAKIP;6;8.11.1978;6;0
FETTULAH;6;9.03.1977;6;0
A.RAHMAN;6;24.04.1954;6;0
M.NECIP;6;21.07.1953;6;0
YILMAS;6;27.06.1970;6;0
TEVEKKELI;6;12.09.1961;6;0
TURKDOGAN;6;15.09.1960;6;0
MUHSEL;6;21.08.1966;6;0
ACIKGOZ;6;28.02.1948;6;0
AKKOC;6;19.10.1943;6;0
VEDDAT;6;10.10.1971;6;0
ISFANDIYAR;6;21.11.1965;6;0
ATASER;6;12.10.1971;6;0
NAKIL;6;17.05.1953;6;0
HIFZURRAHMAN;6;24.03.1958;6;0
NURCETIN;6;2.11.1950;6;0
CEZAYIL;6;22.07.1960;6;0
FIDEYIL;6;23.01.1974;6;0
HASBIN;6;20.12.1975;6;0
TURKSEVEN;6;29.05.1964;6;0
SEBAYDIN;6;18.06.1961;6;0
TAGATTIN;6;20.05.1952;6;0
GUNSAY;6;23.03.1963;6;0
MURTUZA;6;6.07.1972;6;0
CENDEL;6;15.05.1982;6;0
AVKAN;6;5.11.1968;6;0
SELCOK;6;25.10.1964;6;0
YUNIZ;6;30.05.1968;6;0
MUAVVIZ;6;26.02.1985;6;0
ESVENDIYAR;6;7.03.1957;6;0
CIHANKIR;6;27.08.1959;6;0
SIHOSMAN;6;13.08.1952;6;0
NECIMITTIN;6;17.02.1956;6;0
ALIP;6;22.03.1960;6;0
M.HALIS;6;27.12.1953;6;0
SADARETTIN;6;12.10.1966;6;0
ELAMETTIN;6;28.09.1970;6;0
M.MASUK;6;5.07.1964;6;0
MUJDEBA;6;25.01.1965;6;0
VECIHETTIN;6;9.05.1965;6;0
ABDULHAYDAR;6;15.09.1950;6;0
FEYSI;6;28.10.1973;6;0
BEHCED;6;16.06.1969;6;0
NAHIP;6;15.04.1959;6;0
EMREDIN;6;16.06.1976;6;0
FIDAIL;6;29.09.1967;6;0
ESSET;6;22.07.1972;6;0
SEKEN;6;26.07.1980;6;0
MUSRUHAN;6;15.08.1968;6;0
SARACEDDIN;6;14.01.1963;6;0
MENIH;6;11.06.1961;6;0
SUEYP;6;1.03.1962;6;0
MIRZEDIN;6;25.05.1975;6;0
SIYAMEDDIN;6;26.02.1958;6;0
CUNYET;6;3.06.1974;6;0
IZETHAN;6;20.12.1974;6;0
RUKNEDIN;6;3.08.1983;6;0
DARAN;6;23.01.1970;6;0
M.GARIP;6;21.09.1968;6;0
M.RAUF;6;27.05.1952;6;0
KENANI;6;30.07.1972;6;0
IKRAMIL;6;12.12.1971;6;0
KORSAN;6;23.11.1965;6;0
GULBEG;6;5.11.1961;6;0
MEHMAYIL;6;17.05.1965;6;0
AYTUGRUL;6;14.08.1978;6;0
MUKAFETTIN;6;19.12.1959;6;0
RAZZAK;6;17.01.1957;6;0
HANAVDEL;6;11.04.1966;6;0
HIMETULLAH;6;9.08.1978;6;0
KAHHAR;6;1.12.1967;6;0
SADIDIN;6;16.03.1947;6;0
AYAD;6;28.10.1964;6;0
KELHI;6;3.01.1964;6;0
HOSTI;6;4.10.1957;6;0
BAYREM;6;7.05.1968;6;0
KARO;6;8.11.1944;6;0
SIHSIN;6;22.01.1961;6;0
ABDULMUTTALLIP;6;17.11.1975;6;0
ALAETIN;6;11.08.1969;6;0
NECADTIN;6;18.12.1956;6;0
HIKMETYAR;6;13.10.1987;6;0
MUSTAFALI;6;16.05.1956;6;0
UVEYZ;6;3.02.1974;6;0
MUSATTIN;6;11.05.1973;6;0
SECAATDIN;6;12.05.1956;6;0
IMIRCAN;6;17.11.1947;6;0
SECEADDIN;6;14.05.1966;6;0
GUMUSPALA;6;21.11.1965;6;0
TAGETTIN;6;19.10.1964;6;0
TAZABEY;6;13.04.1958;6;0
SULTANMURAT;6;20.04.1967;6;0
SULTANBEY;6;30.11.1951;6;0
ALIKULU;6;23.12.1957;6;0
TABIL;6;8.10.1965;6;0
ENGINER;6;15.02.1975;6;0
VURHAN;6;24.08.1972;6;0
ERSUL;6;24.02.1977;6;0
ESENTURK;6;26.12.1971;6;0
ALITAN;6;15.03.1970;6;0
VEJDAT;6;21.08.1962;6;0
RAMIN;6;7.05.1983;6;0
EBULFET;6;11.12.1955;6;0
ASGER;6;3.11.1958;6;0
MUSAHAN;6;11.01.1975;6;0
KANBERALI;6;20.03.1960;6;0
OSTURK;6;20.08.1968;6;0
KEDIR;6;11.06.1958;6;0
ASISTAN;6;19.07.1974;6;0
SERTURK;6;11.08.1976;6;0
FAZILETTIN;6;19.04.1954;6;0
RIZAALI;6;27.07.1950;6;0
HAFID;6;22.05.1976;6;0
UNALDI;6;15.10.1967;6;0
SIRULLAH;6;22.06.1960;6;0
H.NURI;6;25.02.1953;6;0
ERENALP;6;2.02.1987;6;0
LISANETTIN;6;27.02.1955;6;0
MUSABETTIN;6;2.11.1952;6;0
EHRAN;6;28.08.1969;6;0
HAYRICAN;6;30.04.1980;6;0
NEMDAR;6;10.12.1953;6;0
RUHETTIN;6;22.08.1949;6;0
NURDEMIR;6;9.10.1955;6;0
YASIT;6;27.04.1960;6;0
MUSTAF;6;27.10.1963;6;0
NURADDIN;6;29.06.1971;6;0
RAZO;6;30.06.1939;6;0
KIRO;6;26.11.1941;6;0
NEZIP;6;8.12.1962;6;0
RASO;6;12.01.1938;6;0
MEKSELI;6;20.08.1959;6;0
EKREMIN;6;7.06.1968;6;0
SEHMEMET;6;12.02.1946;6;0
ABAZ;6;28.05.1968;6;0
ZAUR;6;8.11.1972;6;0
BORTECIN;6;15.04.1982;6;0
MEHMEDIN;6;28.05.1972;6;0
SEFIR;6;11.02.1958;6;0
NUHMAN;6;11.06.1972;6;0
MUHAMMEDIL;6;19.09.1971;6;0
EDILHAN;6;27.10.1971;6;0
TURKBEY;6;18.01.1963;6;0
SOZMEN;6;7.11.1979;6;0
ALISEFA;6;19.02.1982;6;0
MUHBIL;6;11.04.1968;6;0
ISLAMHAN;6;29.03.1984;6;0
DEDEAGA;6;23.03.1949;6;0
ERLEVENT;6;15.06.1963;6;0
USDAT;6;24.02.1965;6;0
NIMETTIN;6;23.07.1965;6;0
BEHDI;6;9.05.1970;6;0
SABEHATTIN;6;28.7.1636;6;0
FEREMUS;6;8.08.1970;6;0
MIMTAS;6;15.06.1966;6;0
TAYER;6;25.07.1974;6;0
M.NEVZAT;6;21.03.1957;6;0
CEHID;6;4.01.1962;6;0
TAHIRCAN;6;23.04.1990;6;0
ZULKEFLI;6;17.02.1968;6;0
KAHIN;6;30.05.1966;6;0
MUHHAMMED;6;9.03.1986;6;0
MAHADDIN;6;19.01.1972;6;0
BEDIHI;6;7.07.1952;6;0
FEDRI;6;20.12.1968;6;0
BAYTAZ;6;20.08.1965;6;0
SERT;6;21.11.1954;6;0
NEZATTIN;6;6.05.1956;6;0
MUDAIR;6;10.10.1973;6;0
NEJMETIN;6;16.07.1969;6;0
TEKINALP;6;19.07.1952;6;0
GONDER;6;18.11.1967;6;0
ERYIL;6;9.03.1979;6;0
ABTILKADIR;6;27.05.1970;6;0
SEDATCAN;6;18.03.1987;6;0
SATVET;6;16.10.1950;6;0
SIHMUSTAFA;6;9.11.1974;6;0
REMUS;6;6.04.1964;6;0
BAGDAS;6;26.01.1985;6;0
BELLO;6;26.05.1955;6;0
ILAHMI;6;16.07.1964;6;0
BIRINDAR;6;12.01.1977;6;0
HIYASEDIN;6;12.04.1961;6;0
GIDIR;6;10.07.1960;6;0
DIYAUDDIN;6;14.03.1976;6;0
SOLEYMAN;6;26.06.1961;6;0
EBUHUREYRE;6;15.02.1985;6;0
TILAMIZ;6;18.07.1965;6;0
HAMZAYAR;6;4.11.1969;6;0
ZAYIDIN;6;22.03.1969;6;0
BEZIRGAN;6;16.08.1967;6;0
ABDULRAKIB;6;15.10.1984;6;0
GENCALP;6;11.06.1982;6;0
ALEMIDDIN;6;27.12.1965;6;0
MUEDDIN;6;9.01.1957;6;0
M.RIFAT;6;22.05.1937;6;0
SALAHI;6;11.01.1962;6;0
KUTTISI;6;1.09.1970;6;0
MURSI;6;20.03.1961;6;0
VECDAT;6;25.04.1961;6;0
ERTAYLAN;6;18.05.1969;6;0
D.;6;24.06.1949;6;0
ATOK;6;2.05.1960;6;0
ERCAL;6;15.09.1967;6;0
TEZOL;6;18.10.1977;6;0
SAFFEDDIN;6;26.04.1956;6;0
KOSAT;6;24.04.1975;6;0
IZRAIL;6;25.04.1965;6;0
RINAT;6;8.04.1979;6;0
OZMERIC;6;17.12.1964;6;0
NUHYETTIN;6;22.02.1973;6;0
TORCA;6;23.04.1955;6;0
O.FARUK;6;29.11.1956;6;0
UTBAN;6;4.02.1978;6;0
CAGRICAN;6;18.12.1989;6;0
NEVRAK;6;15.07.1964;6;0
CENKUT;6;7.08.1972;6;0
GOKBAY;6;11.05.1979;6;0
M.AZIZ;6;18.10.1965;6;0
ESATULLAH;6;19.11.1966;6;0
AZIL;6;10.02.1965;6;0
YAVUS;6;11.08.1976;6;0
DEYAP;6;12.11.1975;6;0
FAHREDTIN;6;12.06.1960;6;0
FURKANI;6;18.02.1940;6;0
NAKSIBENDI;6;28.08.1970;6;0
SECAHETTIN;6;21.06.1956;6;0
HURGAZI;6;7.09.1979;6;0
TASMEHMET;6;6.10.1961;6;0
MUTDALIP;6;11.02.1964;6;0
ARMANAK;6;25.12.1946;6;0
FAIKCAN;6;28.10.1980;6;0
VERANI;6;6.12.1971;6;0
VASSAF;6;21.01.1955;6;0
CIHADI;6;24.06.1962;6;0
DEDEHAN;6;27.05.1973;6;0
M.FAIK;6;13.04.1957;6;0
SEKIF;6;6.12.1970;6;0
ISBARA;6;2.02.1968;6;0
SARIM;6;8.04.1967;6;0
GONC;6;25.11.1978;6;0
ARBAK;6;14.11.1953;6;0
KUBAN;6;11.11.1984;6;0
MENDRES;6;18.09.1974;6;0
M.METIN;6;9.11.1956;6;0
MUHAYBIR;6;4.08.1958;6;0
TAPO;6;1.01.1958;6;0
ATILAH;6;22.07.1967;6;0
ATALLAH;6;26.02.1963;6;0
SAMSUN;6;21.01.1961;6;0
ERDUAN;6;25.09.1957;6;0
EBUSEYIF;5;2.11.1961;5;0
MUTALIB;5;27.05.1983;5;0
ALIDURAN;5;16.07.1954;5;0
OZTUN;5;2.06.1982;5;0
CEYRULLAH;5;5.09.1965;5;0
ZAYID;5;3.02.1976;5;0
CAKA;5;7.07.1965;5;0
EMEKCI;5;11.02.1983;5;0
CUSKUN;5;5.12.1972;5;0
ABDULNECIP;5;29.4.1573;5;0
ESATTIN;5;24.03.1969;5;0
MEHMETGUL;5;24.12.1960;5;0
GURTUG;5;11.01.1982;5;0
KORALTAY;5;11.03.1970;5;0
MIRACHAN;5;19.10.1989;5;0
HUKMEN;5;23.11.1965;5;0
DEVKAN;5;23.12.1980;5;0
ALIZIYA;5;26.02.1954;5;0
ABDULMAHMUT;5;13.01.1966;5;0
FETTIH;5;15.09.1967;5;0
SEYHOSMAN;5;10.03.1953;5;0
MEHMEDDIN;5;27.06.1957;5;0
SELEH;5;11.01.1977;5;0
ABDULMEHMET;5;21.03.1979;5;0
ABUDIN;5;18.07.1977;5;0
KINNO;5;27.08.1937;5;0
MELLE;5;13.09.1965;5;0
SALLAHATTIN;5;24.01.1953;5;0
M.MIHDI;5;30.12.1961;5;0
CEMHOR;5;22.10.1955;5;0
MANDUH;5;25.04.1964;5;0
MUCIBIRRAHMAN;5;17.05.1974;5;0
HATTO;5;10.02.1939;5;0
TEVFO;5;17.04.1954;5;0
FERHUZAT;5;12.06.1952;5;0
FADAYI;5;29.09.1963;5;0
ABDULETIF;5;29.04.1965;5;0
M.MUHSIN;5;5.01.1952;5;0
KADIRO;5;23.08.1940;5;0
FEDRETTIN;5;9.08.1985;5;0
SIMMO;5;16.11.1933;5;0
FEREDDIN;5;11.07.1976;5;0
ABDULCAHIT;5;19.02.1966;5;0
HAYYO;5;1.12.1934;5;0
MUSO;5;1.10.1959;5;0
FAYDULLAH;5;21.01.1985;5;0
CEMSID;5;24.08.1984;5;0
GENCAN;5;11.09.1969;5;0
MEMOS;5;12.09.1983;5;0
ZINETTIN;5;2.10.1960;5;0
DAHUD;5;18.08.1949;5;0
M.ILHAN;5;10.11.1945;5;0
DIHHAM;5;13.05.1961;5;0
MUHANMED;5;22.06.1980;5;0
RAKAN;5;2.01.1981;5;0
ZIHAP;5;18.08.1973;5;0
HOGUR;5;18.01.1991;5;0
HOSNU;5;7.07.1962;5;0
VASIB;5;21.11.1976;5;0
EBUZEYID;5;29.12.1955;5;0
SUBGETULLAH;5;13.02.1980;5;0
NAFII;5;26.09.1966;5;0
RAFAI;5;8.04.1963;5;0
ABDULRREZAK;5;15.11.1967;5;0
MUZBUH;5;24.11.1983;5;0
DAVAS;5;22.01.1952;5;0
SAO;5;23.05.1941;5;0
NEZHEDDIN;5;23.06.1973;5;0
HAMURABI;5;20.02.1975;5;0
MEHCIT;5;3.05.1960;5;0
MARCUS;5;14.11.1975;5;0
SENAZI;5;5.06.1970;5;0
HUBEYD;5;29.03.1987;5;0
ACAC;5;3.04.1961;5;0
ANTON;5;1.10.1948;5;0
AHRUN;5;19.05.1963;5;0
RASTAM;5;11.12.1958;5;0
MINIP;5;30.01.1973;5;0
ABDULMAKSUT;5;24.06.1970;5;0
MOHAMAD;5;18.02.1955;5;0
JONNY;5;7.01.1990;5;0
CED;5;16.04.1978;5;0
ADRIAN;5;4.01.1981;5;0
DEHEM;5;18.07.1978;5;0
CELLO;5;8.06.1963;5;0
SIYAMEN;5;5.08.1980;5;0
SEMEDIN;5;9.06.1965;5;0
ABDULADIL;5;27.02.1974;5;0
BAHYEDIN;5;29.11.1969;5;0
MEHYEDDIN;5;11.08.1969;5;0
CESAS;5;28.01.1968;5;0
BILEL;5;5.08.1957;5;0
ABDIK;5;23.11.1945;5;0
ZAHRADDIN;5;2.10.1966;5;0
M.MUZAFFER;5;18.01.1964;5;0
SEBGATTULLAH;5;28.10.1978;5;0
AZHAR;5;17.06.1963;5;0
VANIS;5;26.10.1950;5;0
HINNO;5;14.04.1972;5;0
MIRZO;5;2.06.1959;5;0
YUHAN;5;6.01.1989;5;0
HUTU;5;9.11.1944;5;0
URSAT;5;2.01.1984;5;0
ABDULMUIT;5;30.2.1978;5;0
SALHETTIN;5;29.10.1972;5;0
BAHVER;5;10.10.1990;5;0
ABDUCCELIL;5;21.11.1957;5;0
GEORG;5;18.01.1980;5;0
FARUG;5;25.03.1968;5;0
MIRKAC;5;9.10.1960;5;0
SEKIN;5;19.01.1970;5;0
NURULEMIN;5;24.08.1977;5;0
RECAP;5;19.03.1967;5;0
ZILIFDAR;5;20.03.1964;5;0
YAVAS;5;23.01.1955;5;0
TARIM;5;2.05.1955;5;0
DOYGUN;5;26.06.1973;5;0
SUAYI;5;12.04.1962;5;0
SUVEYIL;5;18.10.1972;5;0
SUFYANI;5;30.01.1970;5;0
ALISAR;5;17.03.1980;5;0
MUHUTDUN;5;13.06.1955;5;0
FARIDIN;5;16.02.1962;5;0
SALAHITDIN;5;29.01.1955;5;0
VIYSEL;5;3.03.1955;5;0
YAGSIN;5;25.04.1970;5;0
NISALI;5;17.09.1974;5;0
TURKEC;5;20.07.1966;5;0
SOYDAS;5;14.09.1980;5;0
KUZUM;5;15.06.1956;5;0
OMERDEDE;5;5.04.1944;5;0
BAKIT;5;13.02.1979;5;0
ALAHITDIN;5;29.12.1965;5;0
SEHADDIN;5;22.04.1957;5;0
CEPBAR;5;13.09.1964;5;0
SERAMET;5;29.06.1968;5;0
NEBAHITTIN;5;17.05.1959;5;0
SEYITTIN;5;7.05.1943;5;0
HUSAMITDIN;5;23.08.1942;5;0
RACAI;5;17.11.1973;5;0
H.DURAN;5;16.10.1956;5;0
SAHSEFER;5;30.03.1960;5;0
SEHRULLAH;5;6.06.1974;5;0
SERAMI;5;16.05.1979;5;0
RAVUT;5;20.11.1953;5;0
CUMAYETTIN;5;27.05.1966;5;0
ELAITTIN;5;1.06.1955;5;0
ALAHIDDIN;5;2.01.1960;5;0
UZEYIL;5;30.05.1968;5;0
TURKYASAR;5;13.05.1952;5;0
SITKICAN;5;22.09.1984;5;0
KANIT;5;30.04.1985;5;0
ARPASLAN;5;15.12.1978;5;0
EKREMCAN;5;12.05.1991;5;0
ELAMDAR;5;21.08.1962;5;0
BELKANT;5;5.01.1977;5;0
TAYHUR;5;28.06.1965;5;0
NAZIMCAN;5;30.12.1987;5;0
NECAIDDIN;5;20.08.1949;5;0
HUBEYIB;5;3.06.1987;5;0
ABDULBAGI;5;28.08.1966;5;0
SECAIDDIN;5;25.12.1948;5;0
VAIDIN;5;25.12.1964;5;0
ARIFALI;5;4.04.1966;5;0
IZAM;5;26.08.1962;5;0
RIZABEY;5;28.10.1961;5;0
OGULTAN;5;2.04.1977;5;0
ERTEGUN;5;12.04.1974;5;0
NIDAIM;5;1.09.1948;5;0
BEDRULLAH;5;3.07.1981;5;0
SELAATIN;5;26.07.1974;5;0
ISHA;5;29.03.1967;5;0
DAVUTALI;5;15.07.1967;5;0
ABDURSEMET;5;12.12.1959;5;0
DOSTER;5;24.12.1984;5;0
SUBAYDIN;5;7.03.1964;5;0
GULUBEY;5;24.07.1952;5;0
YAYHA;5;22.03.1964;5;0
SEMSUDDIN;5;28.01.1956;5;0
ABDULKAYIM;5;29.07.1963;5;0
ZAHRIDDIN;5;5.03.1978;5;0
SULHITTIN;5;16.01.1954;5;0
MURAFETTIN;5;4.07.1966;5;0
TANZU;5;25.03.1973;5;0
GOKYAR;5;23.08.1968;5;0
HANMEHMET;5;18.06.1969;5;0
ERBILGIN;5;4.01.1958;5;0
TURKESAN;5;16.04.1962;5;0
ILMIZA;5;6.09.1967;5;0
REFATTIN;5;4.01.1965;5;0
RESAYI;5;21.10.1963;5;0
HASPOLAT;5;12.03.1968;5;0
DURMUSHAN;5;16.06.1984;5;0
BARBORAS;5;23.06.1970;5;0
VEFAETTIN;5;15.05.1960;5;0
AKOGLAN;5;9.06.1961;5;0
SELAMITTIN;5;17.02.1953;5;0
BIRIBEY;5;13.03.1960;5;0
REFAADDIN;5;28.04.1962;5;0
DANIYAR;5;27.08.1971;5;0
VELIDTIN;5;5.11.1954;5;0
TAYFIR;5;13.03.1964;5;0
SULUBEY;5;30.01.1956;5;0
BAHABEY;5;21.07.1959;5;0
ZIYRAM;5;20.06.1958;5;0
MIKAT;5;4.05.1969;5;0
AKKUZU;5;30.05.1950;5;0
K.MEHMET;5;20.04.1951;5;0
TURKAYA;5;20.05.1965;5;0
ELET;5;29.05.1968;5;0
TEGIN;5;2.03.1975;5;0
AKTEM;5;24.04.1962;5;0
ARZ;5;1.08.1972;5;0
NECLETTIN;5;3.09.1961;5;0
NIHATI;5;22.11.1967;5;0
RAZINIHAN;5;28.11.1959;5;0
AYGAH;5;27.03.1976;5;0
YETISKIN;5;15.02.1957;5;0
MIKAYI;5;11.06.1973;5;0
NAGMAN;5;6.10.1957;5;0
BATIGUN;5;7.10.1984;5;0
SENAETTIN;5;10.04.1959;5;0
APDULBAKI;5;10.09.1964;5;0
MUSAYITTIN;5;7.02.1965;5;0
SEYFEDTIN;5;7.04.1968;5;0
FERAHITTIN;5;25.12.1954;5;0
SEMAETTIN;5;23.04.1941;5;0
ZERRAT;5;22.06.1968;5;0
UZEHIR;5;24.01.1965;5;0
SADDETIN;5;1.04.1968;5;0
EMANETTIN;5;11.09.1958;5;0
ERGINBAY;5;5.03.1983;5;0
BINOL;5;22.07.1968;5;0
UNALAN;5;3.10.1967;5;0
SEZATTIN;5;1.06.1962;5;0
ILMIDIN;5;17.06.1957;5;0
AKTAR;5;6.08.1963;5;0
ABEKIR;5;2.03.1943;5;0
ALBIZ;5;28.12.1966;5;0
MEHAMMET;5;2.09.1961;5;0
NECAATI;5;16.06.1953;5;0
USRET;5;10.12.1952;5;0
ERUN;5;27.06.1962;5;0
MUSLIMIN;5;25.02.1968;5;0
METAHAN;5;13.09.1986;5;0
TALIMDAR;5;26.12.1964;5;0
MEHMETMUSTAFA;5;27.02.1975;5;0
NAFUZ;5;17.08.1973;5;0
NESIJ;5;21.05.1985;5;0
TEKDAL;5;27.11.1976;5;0
USEMA;5;16.12.1981;5;0
EZAMETTIN;5;15.10.1959;5;0
BURHANGAZI;5;5.02.1966;5;0
CENIL;5;10.10.1966;5;0
MEHRIALI;5;4.11.1948;5;0
MERDAY;5;5.11.1966;5;0
MELAYIP;5;15.06.1959;5;0
TAIB;5;7.09.1969;5;0
ABDULHAKEM;5;11.01.1969;5;0
TURIL;5;8.03.1964;5;0
FARAMUS;5;5.02.1961;5;0
USGUL;5;20.06.1966;5;0
HUBBAT;5;21.07.1955;5;0
LUTVU;5;17.07.1969;5;0
ZAHMI;5;13.01.1955;5;0
ATAKOL;5;12.10.1976;5;0
BEYAGA;5;11.03.1949;5;0
ISLAMBEY;5;25.02.1983;5;0
MUSRETTIN;5;11.01.1956;5;0
SARACATTIN;5;17.02.1957;5;0
IBEYIT;5;25.05.1967;5;0
ONURSAH;5;11.02.1985;5;0
TUTGUN;5;5.11.1980;5;0
NUHAY;5;21.01.1979;5;0
BEHBI;5;29.10.1955;5;0
EGIN;5;7.08.1962;5;0
HUDAYINAZAR;5;23.04.1963;5;0
DERBENT;5;26.01.1978;5;0
ALAUTTIN;5;5.02.1949;5;0
DEMIROZ;5;13.08.1952;5;0
FEREMIZ;5;20.05.1958;5;0
CETINCAN;5;14.07.1979;5;0
SERAMETTIN;5;13.07.1975;5;0
GULAMNEBI;5;23.03.1969;5;0
CANYILMAZ;5;7.03.1961;5;0
BASALI;5;7.07.1949;5;0
BEKIRALI;5;5.07.1954;5;0
OZKURT;5;3.11.1960;5;0
MUYMIN;5;4.04.1974;5;0
SAATBEY;5;22.01.1944;5;0
ERDOS;5;14.02.1960;5;0
ALPDENIZ;5;29.11.1984;5;0
GUNDUZHAN;5;18.04.1980;5;0
ATFI;5;5.10.1963;5;0
TURKOL;5;21.10.1967;5;0
KILICALI;5;11.11.1955;5;0
RUKMETTIN;5;28.08.1956;5;0
RAVUF;5;9.06.1957;5;0
VELIYEDDIN;5;18.01.1955;5;0
PILINK;5;25.05.1960;5;0
ZAHIRHAN;5;28.03.1972;5;0
DEYAM;5;2.06.1979;5;0
KOMANDO;5;1.04.1978;5;0
SEMETULLAH;5;27.11.1977;5;0
ERULLAH;5;2.09.1980;5;0
VEFI;5;5.01.1968;5;0
ALMADIN;5;21.03.1968;5;0
BALYOZ;5;29.01.1956;5;0
ABDULMELIH;5;7.03.1962;5;0
BESAR;5;11.03.1961;5;0
ABDULMUCAHIT;5;1.10.1976;5;0
SEYDU;5;21.07.1944;5;0
ORUNBAY;5;16.09.1975;5;0
CUMABAY;5;19.05.1970;5;0
MEHFUZ;5;10.01.1977;5;0
HAMIDIN;5;24.01.1957;5;0
CAIF;5;13.11.1964;5;0
BURHANETIN;5;14.10.1972;5;0
CABIT;5;23.08.1971;5;0
ZEYNALABIDDIN;5;17.10.1977;5;0
VAHYETIN;5;20.04.1964;5;0
SIYABEN;5;9.06.1959;5;0
VEHBETTIN;5;3.01.1974;5;0
NEDER;5;8.03.1976;5;0
MUHENDIZ;5;27.05.1978;5;0
SOHYETTIN;5;14.04.1966;5;0
SEYFETTULLAH;5;30.04.1979;5;0
ELFEDIN;5;25.02.1967;5;0
ABDULMEMET;5;28.10.1971;5;0
EMIRARSLAN;5;1.02.1961;5;0
HANEFER;5;4.06.1969;5;0
BAHAYETTIN;5;21.03.1970;5;0
MUFTULLAH;5;23.08.1971;5;0
CUNEYET;5;14.05.1981;5;0
MIRZEALI;5;20.05.1955;5;0
SEFDER;5;17.05.1957;5;0
BEHNAM;5;30.04.1981;5;0
NABIT;5;17.08.1955;5;0
URHANETTIN;5;30.05.1943;5;0
NACIF;5;14.07.1961;5;0
OMUT;5;22.11.1970;5;0
HEFZULLAH;5;20.06.1976;5;0
HUKMETULLAH;5;13.03.1971;5;0
SEFVETULLAH;5;1.05.1967;5;0
TAMERHAN;5;30.01.1987;5;0
SAGLAR;5;7.07.1982;5;0
VELIAHT;5;2.02.1968;5;0
VEFATTIN;5;12.12.1969;5;0
NESURULLAH;5;10.08.1978;5;0
FERZANDA;5;9.05.1958;5;0
MERDEHAN;5;6.11.1963;5;0
VEHBULLAH;5;3.07.1973;5;0
KADIL;5;19.05.1948;5;0
MUDAHIM;5;18.08.1961;5;0
NIYATTIN;5;15.01.1953;5;0
MEMDUK;5;1.04.1964;5;0
NAZARETTIN;5;30.08.1951;5;0
KALENDAR;5;29.03.1971;5;0
SEVTEKIN;5;21.04.1958;5;0
SELEATTIN;5;27.03.1961;5;0
CEMETTIN;5;12.09.1953;5;0
EROGUL;5;4.12.1946;5;0
FETIHI;5;15.07.1952;5;0
SEBAHETDIN;5;13.01.1956;5;0
MEMUN;5;28.03.1954;5;0
RUHBIL;5;29.11.1957;5;0
CELAADDIN;5;22.11.1964;5;0
MAHMI;5;8.03.1950;5;0
TOMRUL;5;24.09.1955;5;0
SERGULENT;5;17.12.1973;5;0
M.CESIM;5;17.11.1961;5;0
MUTHULLAH;5;24.11.1975;5;0
CEVAYDIN;5;8.09.1973;5;0
TABIR;5;9.01.1978;5;0
KORZAY;5;7.02.1986;5;0
MUSEMETTIN;5;4.10.1962;5;0
MIZAMETTIN;5;1.06.1956;5;0
FAZULLAH;5;17.05.1966;5;0
DURUSOY;5;22.06.1963;5;0
AYRUS;5;1.11.1961;5;0
CELAETTIN;5;4.02.1959;5;0
ABDULBEDI;5;8.12.1967;5;0
ESAMEDDIN;5;18.06.1967;5;0
SARSILMAZ;5;4.04.1974;5;0
DAISTAN;5;21.12.1967;5;0
SERAFEDTIN;5;30.08.1955;5;0
BOLENT;5;5.07.1971;5;0
ABDULCAFER;5;29.10.1966;5;0
FECI;5;27.11.1959;5;0
ERESIL;5;7.08.1959;5;0
SUFER;5;24.07.1956;5;0
GOKSAY;5;27.08.1982;5;0
SERAFIDDIN;5;28.05.1954;5;0
CIHANDUR;5;1.06.1972;5;0
FAHRIALEM;5;13.11.1966;5;0
PEYVENT;5;7.11.1969;5;0
ERTURGUL;5;25.03.1975;5;0
VAYETTIN;5;18.08.1970;5;0
SULEYIMAN;5;6.03.1943;5;0
SAGBATULLAH;5;30.01.1985;5;0
FEYLEZUR;5;29.12.1979;5;0
AYBARSHAN;5;25.05.1984;5;0
FEYATI;5;21.03.1967;5;0
CIBRIK;5;24.09.1953;5;0
SIGO;5;8.06.1957;5;0
HOSRO;5;12.05.1960;5;0
FUDAIL;5;23.05.1980;5;0
FAKURULLAH;5;19.07.1975;5;0
GELHAN;5;11.09.1968;5;0
CELAATTIN;5;12.02.1965;5;0
DELUBAS;5;17.04.1950;5;0
SEMZIN;5;11.02.1959;5;0
DALHA;5;17.04.1959;5;0
HASAMETTIN;5;24.10.1970;5;0
HIKMETILLAH;5;8.01.1964;5;0
IZZETCAN;5;28.04.1984;5;0
EBOBEKIR;5;1.07.1958;5;0
PEHLUVAN;5;3.10.1955;5;0
AGALAR;5;29.04.1955;5;0
HULVANI;5;6.10.1962;5;0
PAYDAS;5;16.07.1980;5;0
ZEREVAN;5;25.08.1991;5;0
SIHU;5;18.11.1939;5;0
RIZAHAN;5;9.09.1953;5;0
MECITHAN;5;25.04.1973;5;0
ABDUVAHAP;5;28.01.1968;5;0
AHMO;5;17.01.1954;5;0
SARMAN;5;10.02.1957;5;0
SEBAHADIN;5;9.02.1951;5;0
ONUL;5;15.08.1971;5;0
TOYMAN;5;17.01.1972;5;0
KULTURAL;5;5.10.1963;5;0
BILENDER;5;19.10.1967;5;0
TALIT;5;19.09.1951;5;0
ABDULKIYAS;5;26.07.1953;5;0
HIKMETCAN;5;21.04.1986;5;0
TELLAT;5;11.04.1961;5;0
ABDILBAKI;5;23.03.1961;5;0
ALASKER;5;15.09.1960;5;0
ZILFELI;5;23.02.1968;5;0
HANMET;5;28.05.1963;5;0
TOKSAL;5;11.09.1970;5;0
ELEMDAR;5;8.07.1965;5;0
MUTAYIT;5;20.02.1969;5;0
IMAMKULU;5;20.03.1956;5;0
EKIREM;5;20.01.1967;5;0
ERDANAY;5;26.08.1975;5;0
ALISINAN;5;6.09.1967;5;0
OCAKVERDI;5;15.03.1946;5;0
ERTEMIZ;5;10.04.1962;5;0
ZIYETHAN;5;4.02.1954;5;0
FATIHMEHMET;5;29.07.1983;5;0
EKIT;5;29.08.1938;5;0
ABULFET;5;7.09.1949;5;0
ABDURRESAT;5;21.03.1963;5;0
ALLAH;5;7.07.1967;5;0
ALAYBEGI;5;17.03.1941;5;0
SUTTO;5;17.08.1940;5;0
HACIKERIM;5;3.09.1943;5;0
ALITURAN;5;24.05.1960;5;0
AYGAN;5;17.09.1982;5;0
BURCALI;5;3.07.1957;5;0
BEYDEMIR;5;25.11.1965;5;0
NIZALI;5;1.10.1947;5;0
ATENER;5;13.01.1976;5;0
BEYSULTAN;5;5.09.1967;5;0
SULETTIN;5;1.01.1955;5;0
TUNCTURK;5;10.04.1970;5;0
ABDURRAHMANGAZI;5;5.08.1962;5;0
BAYBURT;5;15.06.1953;5;0
TEHMEN;5;18.07.1967;5;0
RESITHAN;5;21.05.1973;5;0
BASTURK;5;14.09.1974;5;0
MUSLUHATTIN;5;4.08.1963;5;0
MUSTEBEY;5;3.09.1955;5;0
ONDERHAN;5;13.04.1985;5;0
MEHMETDEDE;5;3.06.1967;5;0
KAHAP;5;22.12.1959;5;0
MEFKAR;5;10.12.1954;5;0
GULHABI;5;25.02.1978;5;0
MUHUDIN;5;20.10.1962;5;0
CELIKCAN;5;15.11.1956;5;0
MAFIK;5;20.07.1961;5;0
TAHCETTIN;5;5.03.1966;5;0
ISSAK;5;18.06.1973;5;0
SACIDDIN;5;5.04.1953;5;0
ANSAY;5;6.10.1974;5;0
FARIDDIN;5;29.03.1945;5;0
CEVCETTIN;5;6.11.1968;5;0
SAADDETTIN;5;1.11.1965;5;0
MUBAYETTIN;5;9.02.1961;5;0
ARTUK;5;12.11.1967;5;0
YAKUPCAN;5;24.11.1984;5;0
IBADIL;5;24.10.1949;5;0
HAMDICAN;5;21.03.1988;5;0
BURAL;5;14.05.1979;5;0
MUKIMSAH;5;26.4.1561;5;0
ORHAL;5;18.10.1971;5;0
NEVERAN;5;14.05.1967;5;0
ONDAL;5;19.05.1966;5;0
ISABIL;5;16.10.1967;5;0
MUSAMITTIN;5;10.03.1955;5;0
ABDULKAMIL;5;9.01.1976;5;0
BALEMIR;5;23.08.1980;5;0
KADIRETTIN;5;16.10.1959;5;0
BERKKAN;5;1.08.1985;5;0
MEHMETSUKRU;5;7.03.1957;5;0
ALBERK;5;16.02.1985;5;0
PAKSOY;5;22.07.1968;5;0
YAVUZKAN;5;2.09.1978;5;0
FERAZIM;5;9.12.1974;5;0
VEHEP;5;5.11.1955;5;0
OZAYIR;5;14.04.1975;5;0
EBES;5;26.09.1962;5;0
DANYAN;5;7.10.1966;5;0
SEHSAMIL;5;14.01.1977;5;0
GAYGUSUZ;5;7.06.1972;5;0
ABDIKADIR;5;24.04.1958;5;0
KARIB;5;26.04.1957;5;0
BEDIREN;5;21.03.1955;5;0
HURRE;5;17.02.1963;5;0
SIZAYI;5;23.07.1965;5;0
YEHYE;5;14.09.1963;5;0
ALIYUL;5;6.03.1958;5;0
GUNEYKAN;5;27.03.1988;5;0
KILINCASLAN;5;29.06.1955;5;0
ABIDULLAH;5;23.10.1976;5;0
HAMDULLA;5;21.02.1962;5;0
AKDIN;5;25.02.1978;5;0
ANVAR;5;20.10.1964;5;0
UNYAMIN;5;18.09.1966;5;0
BABAS;5;28.06.1944;5;0
BADETTIN;5;24.08.1976;5;0
HASIF;5;4.02.1974;5;0
VESVEDIN;5;11.03.1973;5;0
ESHABI;5;5.12.1974;5;0
HUTBEDDIN;5;2.12.1952;5;0
MUHIBIDDIN;5;13.04.1965;5;0
MIZBAHATTIN;5;8.12.1980;5;0
MUSIP;5;22.08.1955;5;0
TEVEKKELLI;5;22.01.1955;5;0
EFRAMI;5;27.04.1968;5;0
ASUF;5;26.08.1978;5;0
EZDESIR;5;13.05.1949;5;0
ERCAHAN;5;20.02.1959;5;0
KURUL;5;20.03.1975;5;0
BEHITTIN;5;1.01.1963;5;0
BIRZADE;5;4.03.1972;5;0
DALOKAY;5;19.11.1978;5;0
SAYDAL;5;17.09.1965;5;0
FECREDDIN;5;28.08.1972;5;0
YILDIRIMHAN;5;20.02.1981;5;0
SOYTEKIN;5;28.03.1962;5;0
ABDULHI;5;10.08.1962;5;0
BUYAMIN;5;29.04.1965;5;0
ABIZAR;5;1.02.1963;5;0
KOCAN;5;12.04.1968;5;0
GUDAR;5;25.05.1981;5;0
NEHSAN;5;5.08.1965;5;0
RIDFAN;5;30.04.1968;5;0
ABDULAY;5;23.01.1961;5;0
ABDICAN;5;6.09.1979;5;0
BAYTURK;5;13.09.1969;5;0
MUDAR;5;8.02.1983;5;0
ZIKIRI;5;20.11.1969;5;0
M.FIKRI;5;23.04.1952;5;0
GUDDISI;5;9.05.1971;5;0
RAFETDIN;5;23.05.1960;5;0
ALFRED;5;6.06.1947;5;0
NEJBETTIN;5;5.02.1968;5;0
SAMILHAN;5;20.09.1952;5;0
MUHTEDDIN;5;24.12.1968;5;0
MIDHET;5;3.03.1952;5;0
ZULKIFRI;5;7.11.1961;5;0
GUNNAMIN;5;10.11.1965;5;0
ABDULSEKUR;5;10.06.1975;5;0
AZMICAN;5;30.07.1988;5;0
YURDABEY;5;14.11.1974;5;0
NEFFAL;5;16.09.1978;5;0
VLADIMIR;5;21.12.1968;5;0
NEYFER;5;21.08.1976;5;0
ERBAL;5;22.11.1970;5;0
BILGEKAGAN;5;29.2.1982;5;0
BORAKAN;5;10.10.1976;5;0
ILAYETTIN;5;23.04.1970;5;0
OTAN;5;22.09.1973;5;0
MUZEKAR;5;7.09.1956;5;0
BERNARD;5;18.05.1956;5;0
NEVTEL;5;4.01.1966;5;0
ILKUTAY;5;22.08.1981;5;0
VEYSAT;5;13.03.1964;5;0
SAHFETTIN;5;27.11.1962;5;0
ERBUL;5;13.11.1970;5;0
ADILEN;5;1.02.1966;5;0
ERSAYIM;5;22.03.1975;5;0
NURIDTIN;5;1.02.1959;5;0
SADULLA;5;22.01.1957;5;0
KANAY;5;26.06.1977;5;0
ZUMBER;5;5.10.1957;5;0
KIYASITTIN;5;24.02.1957;5;0
KIYASETIN;5;1.11.1956;5;0
ZIYEN;5;19.11.1964;5;0
SAHBI;4;24.08.1977;4;0
ESBAT;4;28.10.1976;4;0
ERTURGUT;4;20.10.1964;4;0
ABDULSSELAM;4;2.02.1971;4;0
NASURULLAH;4;21.05.1974;4;0
KUTMETTIN;4;11.04.1960;4;0
ASARI;4;30.07.1976;4;0
NEJMETDIN;4;25.10.1961;4;0
ULUBATLI;4;28.11.1978;4;0
HUZIFE;4;25.03.1973;4;0
ABDULNAHIT;4;30.2.1968;4;0
M.ERDOGAN;4;15.05.1940;4;0
RESVET;4;7.02.1977;4;0
MUFIK;4;5.08.1959;4;0
SUHABI;4;4.06.1973;4;0
MEKSELIN;4;2.07.1971;4;0
TILLO;4;23.04.1961;4;0
ISAPALI;4;18.06.1945;4;0
M.FADIL;4;23.06.1950;4;0
ALITUNC;4;4.12.1969;4;0
TAHAYASIN;4;9.07.1988;4;0
NECADETTIN;4;9.01.1945;4;0
KANIM;4;11.02.1967;4;0
MUHREM;4;30.08.1965;4;0
MICO;4;19.12.1931;4;0
OZTEMEL;4;24.01.1963;4;0
CANGUVEN;4;7.08.1969;4;0
EDUARD;4;20.03.1979;4;0
USTA;4;20.10.1963;4;0
BARTIN;4;15.02.1980;4;0
KUSO;4;26.11.1940;4;0
NISRADDIN;4;29.08.1956;4;0
MEHMETCEVAT;4;3.04.1983;4;0
AZZIZ;4;16.10.1968;4;0
ELFEDDIN;4;11.02.1964;4;0
ZADETTIN;4;7.10.1968;4;0
GETRAN;4;8.11.1977;4;0
AYYUP;4;5.09.1960;4;0
FAHRUZAT;4;28.05.1978;4;0
BARIZ;4;27.04.1970;4;0
FIROSAN;4;23.09.1968;4;0
SELLAHADDIN;4;9.07.1970;4;0
MIDAI;4;7.10.1972;4;0
HASANAT;4;12.02.1973;4;0
IDRII;4;11.08.1940;4;0
SEHBETTIN;4;20.09.1971;4;0
VEYSIN;4;1.09.1962;4;0
SERIZDIN;4;29.11.1976;4;0
DERII;4;2.04.1945;4;0
ALINAKI;4;21.09.1972;4;0
IDAM;4;8.03.1964;4;0
MAAT;4;24.07.1949;4;0
ABDULMAHSUM;4;21.12.1956;4;0
ZANNUN;4;23.04.1952;4;0
FETHULAH;4;21.08.1977;4;0
SANANIK;4;13.03.1965;4;0
MII;4;3.04.1932;4;0
MADDI;4;18.01.1976;4;0
NEHYETTIN;4;4.03.1966;4;0
TACCETTIN;4;17.04.1958;4;0
FIDEYIR;4;14.12.1964;4;0
HABBIP;4;10.02.1941;4;0
VEJDDIN;4;20.12.1985;4;0
SAHKULU;4;3.11.1952;4;0
GASUP;4;27.09.1957;4;0
EKREMHAN;4;29.01.1975;4;0
HAVVAZ;4;5.09.1959;4;0
TARHI;4;1.11.1957;4;0
ZUHEYL;4;29.05.1966;4;0
AMSIH;4;4.08.1928;4;0
ALAVEDIN;4;16.08.1974;4;0
YASSIR;4;11.08.1986;4;0
RAAD;4;7.07.1967;4;0
SEYREDDIN;4;18.05.1961;4;0
BOBO;4;25.07.1970;4;0
FAHRUDDIN;4;19.06.1942;4;0
AHYAT;4;10.08.1972;4;0
IRYAT;4;21.12.1975;4;0
SURRU;4;2.10.1968;4;0
INAMULLAH;4;11.12.1983;4;0
ABDULFEYAT;4;2.07.1946;4;0
DIRIHI;4;1.07.1941;4;0
ABDURIZAK;4;14.04.1973;4;0
BAHHI;4;21.05.1936;4;0
ALFRET;4;24.10.1971;4;0
CON;4;9.04.1972;4;0
MATIAS;4;5.03.1982;4;0
ADVERT;4;7.06.1964;4;0
RUBERT;4;24.08.1971;4;0
ISTAYFAN;4;28.07.1965;4;0
BAHTTIN;4;30.01.1977;4;0
SUHDO;4;22.11.1933;4;0
JOHAN;4;2.09.1990;4;0
HIDAYETTULLAH;4;8.12.1982;4;0
ELIYO;4;12.09.1965;4;0
JAKOB;4;7.08.1969;4;0
PATRIK;4;5.07.1986;4;0
NAHIYAT;4;10.04.1965;4;0
AARON;4;15.11.1979;4;0
BONCI;4;14.03.1939;4;0
ZENAVER;4;15.08.1982;4;0
DENDAH;4;14.03.1982;4;0
MATHIAS;4;28.10.1982;4;0
KURYAKOS;4;10.11.1977;4;0
ISHOK;4;15.08.1987;4;0
ANCUR;4;15.02.1977;4;0
EDVERT;4;27.03.1956;4;0
SEHBEDIN;4;21.08.1980;4;0
KURYO;4;28.11.1933;4;0
ELIAS;4;27.10.1986;4;0
BOBIY;4;21.05.1985;4;0
CAK;4;3.03.1954;4;0
KULEYP;4;20.08.1960;4;0
AYATTULLAH;4;25.03.1982;4;0
MEHMETNAIM;4;26.10.1980;4;0
DEHUT;4;7.04.1963;4;0
ALAIDIN;4;9.11.1965;4;0
KIRYO;4;11.05.1951;4;0
ABDURRAHMIN;4;3.09.1984;4;0
ZIYAB;4;18.12.1972;4;0
HASKIYEL;4;8.04.1985;4;0
HAKIMETTIN;4;29.11.1965;4;0
BINNO;4;5.08.1945;4;0
ESHAM;4;11.10.1980;4;0
BERJEN;4;3.05.1975;4;0
KUTBATTIN;4;15.06.1970;4;0
ABUZEYD;4;8.07.1957;4;0
HUTI;4;18.04.1947;4;0
BEHLO;4;9.05.1936;4;0
ZIYAMEDDIN;4;3.07.1970;4;0
FAKKA;4;18.06.1971;4;0
GERNOS;4;10.08.1934;4;0
BUDRUS;4;6.09.1968;4;0
KILIP;4;5.08.1970;4;0
HAPSUN;4;4.06.1962;4;0
REHMETTULLAH;4;23.04.1978;4;0
GORAN;4;23.04.1977;4;0
HADULLAH;4;26.11.1961;4;0
YOHAN;4;28.10.1988;4;0
SUZAIL;4;16.09.1960;4;0
INTER;4;27.05.1974;4;0
BARSAVUM;4;30.11.1933;4;0
BAHYADDIN;4;16.11.1973;4;0
ZIRVER;4;29.12.1964;4;0
HEMDIN;4;25.08.1966;4;0
M.HALIM;4;27.04.1959;4;0
RESU;4;14.01.1942;4;0
MASOK;4;29.12.1986;4;0
ILAVETTIN;4;17.11.1973;4;0
BERNAS;4;17.04.1987;4;0
ZIAD;4;2.01.1989;4;0
ROHUM;4;5.09.1963;4;0
KARAGETIREN;4;11.03.1972;4;0
ALAVETTIN;4;1.08.1968;4;0
SETREDDIN;4;10.01.1970;4;0
SIPHAN;4;8.02.1979;4;0
CILFI;4;30.10.1961;4;0
ROBI;4;16.03.1973;4;0
MUHAMMEDHAN;4;29.02.1984;4;0
ONDERCAN;4;18.02.1985;4;0
HAMDDIN;4;3.02.1975;4;0
FAIS;4;15.10.1980;4;0
FERAHADDIN;4;29.06.1974;4;0
FERHUT;4;15.11.1947;4;0
TONY;4;13.09.1987;4;0
CUZEF;4;5.10.1979;4;0
ZAKARIA;4;19.02.1970;4;0
KHALED;4;1.02.1969;4;0
ABDURRIZZAK;4;21.12.1972;4;0
EMULLAH;4;5.10.1986;4;0
UMER;4;5.03.1969;4;0
CIBALI;4;29.09.1956;4;0
AKAGA;4;1.02.1955;4;0
GAYIS;4;26.06.1964;4;0
MEHRELI;4;22.11.1956;4;0
SIYAHMI;4;29.12.1970;4;0
MUTAYIR;4;2.09.1970;4;0
TEVABI;4;14.10.1963;4;0
PERVILDANE;4;14.09.1975;4;0
FERYATI;4;10.04.1981;4;0
APDURAHIM;4;22.10.1965;4;0
BEZAYIM;4;22.10.1958;4;0
FECIRI;4;20.08.1973;4;0
ZURRAP;4;20.07.1948;4;0
ZULCELALI;4;22.01.1971;4;0
ARPER;4;30.04.1976;4;0
ABAY;4;29.12.1962;4;0
ICRAMI;4;21.12.1967;4;0
NECAIR;4;27.07.1977;4;0
YUCELER;4;8.06.1973;4;0
GAYHAN;4;12.10.1955;4;0
ESATCAN;4;17.03.1986;4;0
CUNAYIT;4;9.01.1968;4;0
ERSUNAR;4;27.08.1969;4;0
SEZAIDDIN;4;2.10.1959;4;0
FERZAIL;4;20.04.1953;4;0
BAGATTIN;4;5.07.1966;4;0
SEYITAL;4;26.10.1981;4;0
ASGI;4;27.03.1955;4;0
HAZIREN;4;1.08.1962;4;0
IZEYIR;4;17.01.1972;4;0
ZULKARNEYM;4;3.11.1967;4;0
DARBAS;4;2.12.1964;4;0
DOGUBEY;4;17.06.1972;4;0
KARADAG;4;19.06.1958;4;0
FEFZI;4;26.11.1965;4;0
MUFITCAN;4;8.06.1979;4;0
SEHIDDIN;4;27.08.1967;4;0
MUCID;4;12.06.1964;4;0
GADDAFI;4;1.09.1975;4;0
SAMETCAN;4;16.11.1991;4;0
UZEGIR;4;18.09.1962;4;0
AYDUVAN;4;4.08.1960;4;0
NURATI;4;5.04.1968;4;0
GOKTUGHAN;4;20.08.1984;4;0
ISVENDIYAR;4;6.03.1967;4;0
RIFATCAN;4;24.10.1982;4;0
NUHTULLAH;4;6.12.1962;4;0
SAYFULLAH;4;6.12.1969;4;0
REFAHADDIN;4;10.03.1956;4;0
NESAD;4;26.03.1950;4;0
RIFFAT;4;13.06.1956;4;0
ILTUZER;4;16.12.1955;4;0
TURKHUN;4;22.01.1977;4;0
VICAN;4;2.02.1957;4;0
RUKNU;4;12.09.1957;4;0
CASIF;4;15.11.1963;4;0
BEYTUG;4;24.03.1975;4;0
SELAHUDDIN;4;2.10.1938;4;0
HESPI;4;13.10.1959;4;0
IDRISNEBI;4;19.06.1968;4;0
ALAYLI;4;3.08.1961;4;0
ELHAT;4;11.05.1959;4;0
OKRAY;4;27.08.1973;4;0
BAHUTTIN;4;29.05.1959;4;0
NAHIDDIN;4;20.05.1953;4;0
CAFERALI;4;1.06.1955;4;0
OLGUCAN;4;17.11.1990;4;0
EKREMALI;4;18.08.1966;4;0
UNLUER;4;7.03.1964;4;0
VEFAH;4;11.01.1970;4;0
EBI;4;19.06.1974;4;0
SEFAHITTIN;4;11.09.1964;4;0
DURSOY;4;5.12.1956;4;0
ULUSHAN;4;29.10.1978;4;0
IMANVERDI;4;15.11.1958;4;0
EKE;4;10.12.1958;4;0
KAASIM;4;26.10.1983;4;0
TUNCBAY;4;4.09.1974;4;0
ORHANBEY;4;16.05.1970;4;0
AGLIM;4;22.08.1961;4;0
CAKIN;4;10.07.1954;4;0
VAHADETTIN;4;24.05.1963;4;0
BUHRANETTIN;4;9.02.1968;4;0
TASKIRAN;4;2.11.1962;4;0
HAYREDTIN;4;27.04.1969;4;0
REKAYIP;4;16.04.1978;4;0
BAGATUR;4;27.03.1979;4;0
SUVABI;4;20.09.1969;4;0
BURCKAN;4;20.05.1987;4;0
MIHDAD;4;27.11.1948;4;0
BEYDIN;4;27.10.1964;4;0
MUCAATTIN;4;3.03.1964;4;0
VETAT;4;8.06.1968;4;0
MEHMETZIYA;4;26.08.1958;4;0
HACIARIF;4;14.07.1952;4;0
TURGUTAY;4;23.04.1978;4;0
KEMENT;4;20.04.1963;4;0
MUSTACIP;4;27.08.1947;4;0
UFUKDAN;4;20.11.1964;4;0
ATAGUNDUZ;4;28.09.1953;4;0
SUHAYB;4;9.01.1991;4;0
BEHIT;4;22.11.1958;4;0
SIMAIL;4;21.03.1969;4;0
SUABI;4;25.02.1964;4;0
KAYAMEHMET;4;6.02.1961;4;0
SEMON;4;20.06.1970;4;0
YEKTAG;4;16.06.1972;4;0
UCAK;4;24.06.1968;4;0
BASAGA;4;24.05.1954;4;0
SEZAHATTIN;4;16.06.1953;4;0
SEZAEDDIN;4;21.02.1943;4;0
ALISUKRU;4;3.04.1940;4;0
GIYASITTIN;4;26.10.1964;4;0
GAZIBEY;4;4.06.1967;4;0
M.NAIL;4;29.04.1942;4;0
MUHEMMER;4;26.02.1960;4;0
ABSIN;4;20.04.1959;4;0
NURCETTIN;4;12.01.1972;4;0
SACATTIN;4;16.10.1968;4;0
URISAN;4;7.05.1956;4;0
APDULAZIZ;4;8.01.1952;4;0
SEFAHADDIN;4;4.05.1965;4;0
HILMITTIN;4;8.12.1950;4;0
RESITCAN;4;15.10.1964;4;0
CENKAL;4;12.10.1976;4;0
ERBAN;4;12.03.1977;4;0
MUHKEM;4;27.02.1963;4;0
ABDULVAHABI;4;18.02.1969;4;0
HUDAMI;4;24.08.1974;4;0
YOKSUL;4;23.12.1980;4;0
DADALOGLU;4;16.10.1971;4;0
EBUSEYIT;4;4.04.1955;4;0
BEKTASI;4;6.08.1970;4;0
HOSRAF;4;12.01.1951;4;0
H.MUSA;4;11.04.1944;4;0
BILALHAN;4;20.02.1987;4;0
SEHMUSA;4;13.03.1969;4;0
ABDULVAHAPGAZI;4;25.08.1973;4;0
KALELI;4;11.06.1969;4;0
DALAN;4;8.08.1990;4;0
KAKKO;4;18.02.1951;4;0
MUSTEGIM;4;27.07.1973;4;0
EFRAIN;4;11.01.1968;4;0
CAMEZ;4;17.03.1955;4;0
EMIRAH;4;1.01.1979;4;0
AHDEM;4;21.03.1965;4;0
SAADI;4;1.03.1972;4;0
NUSAMETDIN;4;1.10.1962;4;0
BABEY;4;11.10.1946;4;0
DIKCE;4;17.12.1982;4;0
CESIN;4;20.04.1980;4;0
ABDULFET;4;24.09.1955;4;0
CANKORAY;4;18.01.1986;4;0
DURASLAN;4;3.07.1975;4;0
VEDAYI;4;21.03.1965;4;0
FARUZ;4;1.02.1962;4;0
SEMEDDIN;4;21.09.1971;4;0
TAMBAY;4;11.12.1958;4;0
OZGUNES;4;16.03.1976;4;0
GAMSIZ;4;17.08.1967;4;0
GOKCAG;4;18.04.1989;4;0
CELALABBAS;4;24.02.1964;4;0
SEHBENDER;4;6.01.1946;4;0
MUZEKIR;4;1.09.1966;4;0
ERENHAN;4;15.05.1985;4;0
APBAZ;4;21.09.1964;4;0
MAKSUR;4;3.06.1962;4;0
ESRETTIN;4;24.10.1972;4;0
MAHIP;4;29.03.1960;4;0
BEHLIL;4;30.04.1963;4;0
ABDULSALIM;4;8.03.1963;4;0
SECDER;4;9.11.1970;4;0
GULAMHAYDAR;4;7.12.1968;4;0
ULUBAT;4;13.10.1980;4;0
UNVEREN;4;29.03.1959;4;0
BERDARI;4;6.03.1969;4;0
ABDULSINAN;4;18.05.1980;4;0
BILALCAN;4;15.04.1983;4;0
SALIMBEY;4;21.07.1957;4;0
CUMUK;4;21.03.1944;4;0
HANCERI;4;8.07.1959;4;0
KOCYIGIT;4;17.12.1961;4;0
BAKICAN;4;7.07.1978;4;0
HACISAKIR;4;14.07.1971;4;0
ADLER;4;13.07.1976;4;0
HACIAGA;4;9.03.1964;4;0
PIYAMIN;4;10.08.1958;4;0
ABONOZ;4;21.10.1960;4;0
DUSUNER;4;1.11.1978;4;0
KOCAMAN;4;26.06.1946;4;0
SUKRUBEY;4;17.12.1946;4;0
DOLGA;4;26.11.1980;4;0
MUFETTIS;4;21.11.1956;4;0
CAGDAY;4;27.12.1986;4;0
EYUBUL;4;11.06.1966;4;0
OZHAKAN;4;8.01.1983;4;0
HAYAETTIN;4;9.09.1949;4;0
SERTAR;4;20.05.1971;4;0
MUSTECAB;4;1.06.1965;4;0
AYBAY;4;21.04.1961;4;0
GALIPCAN;4;19.02.1988;4;0
VURSAY;4;25.03.1959;4;0
ABDULCAN;4;11.09.1964;4;0
GENCKAN;4;17.10.1980;4;0
OZGIN;4;30.09.1975;4;0
SIRINALI;4;9.11.1940;4;0
TURSUNALI;4;27.02.1955;4;0
ERTOS;4;15.05.1978;4;0
NESDAT;4;21.03.1966;4;0
ABDULHAMI;4;4.03.1966;4;0
YAHYAKEMAL;4;10.08.1981;4;0
BAVO;4;19.07.1945;4;0
BABIK;4;18.11.1943;4;0
IMAMHASAN;4;24.10.1943;4;0
MURATCEM;4;7.07.1978;4;0
KULABI;4;8.09.1943;4;0
EKPER;4;27.04.1964;4;0
FEYSULLAH;4;16.08.1974;4;0
AHATNUR;4;10.06.1962;4;0
SELLAHATIN;4;26.08.1979;4;0
HIZBI;4;26.06.1973;4;0
SAHEBETTIN;4;17.07.1980;4;0
MAHDIN;4;26.04.1967;4;0
CIMSID;4;12.10.1976;4;0
KULUK;4;27.03.1968;4;0
AMETTIN;4;21.06.1961;4;0
ABDULGEFAR;4;1.12.1967;4;0
MIRBAHADIN;4;15.09.1963;4;0
BUTI;4;22.05.1961;4;0
ZIBARI;4;3.06.1959;4;0
DINCKAN;4;16.06.1973;4;0
NAVZET;4;22.05.1967;4;0
IMAMEDIN;4;15.03.1972;4;0
NUMMAN;4;20.06.1977;4;0
SEVKETHAN;4;29.12.1971;4;0
KURBANBAY;4;22.02.1956;4;0
SILAS;4;25.05.1987;4;0
ABDULGAFIR;4;20.12.1961;4;0
NEGMAN;4;3.02.1970;4;0
AVUZER;4;19.05.1960;4;0
CUMSIT;4;25.03.1958;4;0
CEZVET;4;25.12.1968;4;0
ASREF;4;14.01.1954;4;0
YAFET;4;26.06.1969;4;0
HAMEDIN;4;5.08.1968;4;0
HIDEYETULLAH;4;16.06.1964;4;0
SERACEDIN;4;25.11.1961;4;0
SEDIN;4;25.06.1979;4;0
SELAHATTTIN;4;2.06.1979;4;0
TACDDIN;4;2.05.1972;4;0
NADELI;4;28.09.1973;4;0
HAMITHAN;4;2.11.1981;4;0
MUTAIT;4;22.08.1974;4;0
MELIKZADE;4;28.05.1967;4;0
KOMSER;4;8.11.1965;4;0
HOSROV;4;23.07.1955;4;0
FERASETTIN;4;14.07.1970;4;0
KALABALIK;4;28.04.1956;4;0
FERYETTIN;4;25.03.1962;4;0
ABDULEHED;4;18.01.1976;4;0
MUHTASIN;4;6.09.1977;4;0
MEHMETSAFI;4;26.01.1965;4;0
UMITALI;4;25.02.1976;4;0
KEDIM;4;3.09.1968;4;0
MICAHIT;4;22.05.1973;4;0
OZERHAN;4;17.02.1976;4;0
NACMI;4;10.07.1974;4;0
BEYMAL;4;19.10.1967;4;0
KELAN;4;19.04.1967;4;0
SURAC;4;8.10.1976;4;0
FEDLULLAH;4;20.05.1981;4;0
BALUL;4;13.07.1978;4;0
SIYAHAMET;4;26.04.1954;4;0
MEKINEDDIN;4;18.09.1969;4;0
SABHATULLAH;4;21.04.1981;4;0
ABDULILHAN;4;27.06.1984;4;0
ZEBEYIR;4;16.02.1967;4;0
CEDRIS;4;17.11.1967;4;0
MUSTEHIR;4;12.09.1972;4;0
SEYAHATTIN;4;1.08.1971;4;0
NIYAZIN;4;4.04.1974;4;0
MEHFI;4;7.03.1972;4;0
GIYADIN;4;14.10.1955;4;0
ALU;4;27.06.1935;4;0
MEHMETSAHIN;4;15.10.1974;4;0
SALEDDIN;4;4.06.1970;4;0
ZEFER;4;7.10.1967;4;0
MOHITTIN;4;6.09.1948;4;0
COLU;4;3.03.1944;4;0
VAHBEDDIN;4;11.08.1976;4;0
SAHINHAN;4;18.08.1978;4;0
CEZALI;4;13.07.1957;4;0
CIDAR;4;29.11.1983;4;0
HUBEYIP;4;9.03.1983;4;0
ALAAITTIN;4;22.12.1973;4;0
BAHTLIMAN;4;3.10.1968;4;0
SERDALI;4;12.11.1961;4;0
MUDAVIM;4;30.01.1946;4;0
HASKAN;4;16.11.1965;4;0
FAYZI;4;19.02.1966;4;0
SUFUYAN;4;16.01.1957;4;0
NEVAIP;4;8.06.1947;4;0
OFLAZ;4;27.11.1959;4;0
SEYRAFI;4;19.09.1970;4;0
M.MUHARREM;4;26.01.1947;4;0
GUNPAR;4;19.02.1972;4;0
KEFAEDDIN;4;22.03.1969;4;0
GUNTURKUN;4;26.02.1952;4;0
RAVUK;4;27.02.1959;4;0
FURAL;4;7.03.1957;4;0
NAKSETTIN;4;1.02.1965;4;0
SECAMI;4;26.02.1965;4;0
BODUR;4;16.08.1946;4;0
YEL;4;22.03.1962;4;0
HASAH;4;14.04.1975;4;0
MUKMUN;4;2.04.1965;4;0
ABDILMECIT;4;28.08.1967;4;0
FECAI;4;17.01.1966;4;0
DENGI;4;21.07.1983;4;0
ALEATDIN;4;28.04.1955;4;0
ASPI;4;9.03.1964;4;0
RABBIL;4;22.02.1969;4;0
MUCAIP;4;25.10.1959;4;0
EMIRALLAH;4;17.07.1972;4;0
BEYTISERIF;4;7.12.1966;4;0
KENEN;4;9.01.1977;4;0
MUFRETTIN;4;7.07.1964;4;0
SABAADDIN;4;13.07.1958;4;0
BEKTAN;4;22.09.1969;4;0
SINASIN;4;6.02.1957;4;0
HAYFEDDIN;4;26.09.1967;4;0
HAYASETTIN;4;5.10.1968;4;0
ABDUMUTALIP;4;5.06.1978;4;0
ABDULKUDDUSI;4;22.02.1953;4;0
DEVRIMER;4;11.07.1981;4;0
ZEKAHI;4;1.02.1949;4;0
DEHMAN;4;29.12.1963;4;0
ALFAN;4;15.04.1970;4;0
M.KADIR;4;8.01.1954;4;0
EZHAT;4;23.10.1972;4;0
CELMAN;4;26.02.1960;4;0
ARPAT;4;29.06.1968;4;0
EMIRDIN;4;6.04.1975;4;0
ACIZ;4;10.11.1970;4;0
SILHATTIN;4;2.06.1963;4;0
CAMIL;4;30.07.1956;4;0
FADAI;4;19.11.1976;4;0
ESABETTIN;4;23.06.1953;4;0
IHLAN;4;19.07.1956;4;0
KIRDAR;4;1.08.1956;4;0
NIZAMIN;4;21.08.1956;4;0
DENYAL;4;4.04.1974;4;0
UGURCEM;4;21.02.1977;4;0
KAVSI;4;5.02.1947;4;0
ZEKRIYA;4;21.10.1964;4;0
TEKKES;4;15.08.1974;4;0
CADULLAH;4;6.12.1965;4;0
HUNBET;4;1.01.1963;4;0
OZKEN;4;30.10.1970;4;0
SELAMETIN;4;3.03.1979;4;0
BULUTCAN;4;26.04.1984;4;0
SALIDIN;4;28.04.1952;4;0
ADEMCAN;4;13.10.1970;4;0
MEMETULLAH;4;23.08.1985;4;0
MUKBIR;4;25.10.1960;4;0
KACMAZ;4;3.07.1959;4;0
SEVES;4;20.05.1981;4;0
GEYBETULLAH;4;30.03.1980;4;0
MUHABETTIN;4;6.11.1974;4;0
SEYITAGA;4;17.09.1962;4;0
HUDIYDA;4;14.10.1957;4;0
SIMKO;4;15.03.1949;4;0
ILMUDDIN;4;27.05.1962;4;0
SAVUCU;4;4.07.1959;4;0
ALPAT;4;5.12.1977;4;0
NUSIREVAN;4;16.02.1971;4;0
M.BAKIR;4;22.07.1971;4;0
M.ZEMIN;4;11.05.1960;4;0
MUHBEDIN;4;1.01.1982;4;0
SEYIDGUL;4;6.07.1965;4;0
YEKO;4;24.12.1945;4;0
HUSMETULLAH;4;26.04.1979;4;0
CESAREDDIN;4;5.08.1969;4;0
SECADIN;4;14.10.1971;4;0
FERAMAZ;4;18.08.1965;4;0
ABDULMITALIP;4;22.03.1972;4;0
BEYZET;4;5.07.1957;4;0
ABDURRANMAN;4;30.07.1977;4;0
FELEMES;4;18.07.1941;4;0
ASMETULLAH;4;2.10.1982;4;0
KAANCAN;4;2.02.1992;4;0
VASIK;4;13.05.1971;4;0
MIRHAS;4;15.02.1980;4;0
NAGMETULLAH;4;9.12.1965;4;0
ERORHAN;4;15.06.1966;4;0
MUTTAHIR;4;4.09.1969;4;0
SACAATTIN;4;29.04.1960;4;0
MUCAIL;4;5.11.1972;4;0
IZAFETTIN;4;29.08.1963;4;0
SERASKER;4;22.02.1938;4;0
ELATIN;4;2.02.1973;4;0
MAFAK;4;11.06.1962;4;0
ERGUNDUZ;4;16.05.1957;4;0
MUTTEKIN;4;26.12.1967;4;0
PIRU;4;26.04.1945;4;0
HESIM;4;21.04.1955;4;0
MIVAN;4;19.09.1955;4;0
TETO;4;3.03.1955;4;0
STAR;4;20.02.1986;4;0
HOSSO;4;14.01.1946;4;0
PENCI;4;2.04.1969;4;0
ESPENDIYAR;4;8.08.1965;4;0
HEMREVIN;4;7.06.1960;4;0
NICIRVAN;4;7.11.1983;4;0
SELAHETIN;4;5.12.1955;4;0
MEHMETZAHIR;4;5.05.1971;4;0
SEMAATTIN;4;25.08.1954;4;0
MUSTAATTIN;4;2.11.1964;4;0
ABDILCELIL;4;18.08.1967;4;0
ALIYYUL;4;27.01.1978;4;0
SALMANI;4;21.05.1977;4;0
ILKIFTAR;4;16.02.1971;4;0
BEYLUR;4;5.06.1964;4;0
HIZMULLAH;4;25.07.1959;4;0
ABDURRASIT;4;8.03.1957;4;0
TILAL;4;15.08.1958;4;0
VASIT;4;4.07.1954;4;0
ACILAN;4;3.01.1957;4;0
HASREDDIN;4;6.12.1973;4;0
SEVENER;4;13.09.1979;4;0
ZULFIKARALI;4;14.06.1984;4;0
GIYAM;4;10.06.1964;4;0
SEVDAGAR;4;26.12.1963;4;0
ABDULHATIP;4;4.03.1970;4;0
KUMANDAN;4;3.06.1972;4;0
MUHEDDIN;4;11.01.1953;4;0
SAYAF;4;16.01.1955;4;0
ARBAY;4;18.04.1963;4;0
ESLAN;4;8.04.1969;4;0
SIKALI;4;11.06.1955;4;0
SECCAD;4;22.07.1988;4;0
IKAN;4;12.11.1973;4;0
TEKMEN;4;14.03.1967;4;0
GALIPHAN;4;6.07.1976;4;0
HAZEYIN;4;3.12.1962;4;0
CEMELETTIN;4;11.09.1970;4;0
M.UGUR;4;3.12.1966;4;0
PAYSAL;4;13.04.1976;4;0
SERGULAN;4;25.10.1975;4;0
TEHVIT;4;16.01.1963;4;0
MENSURU;4;28.05.1961;4;0
ALIDEMIR;4;3.07.1967;4;0
SEHEMBER;4;30.08.1963;4;0
KIYESETTIN;4;24.03.1968;4;0
YUVUZ;4;8.02.1984;4;0
ENTURK;4;11.03.1978;4;0
BEYBABA;4;14.01.1963;4;0
MENDIZ;4;24.11.1972;4;0
YENITURK;4;14.05.1969;4;0
CAPO;4;22.11.1955;4;0
ABDULYASIN;4;30.06.1983;4;0
ABDISIH;4;20.06.1953;4;0
SEFAADDIN;4;6.12.1960;4;0
SAHISMAYIL;4;2.02.1960;4;0
TEVFIT;4;9.09.1965;4;0
ALICAM;4;27.09.1973;4;0
HACIELI;4;4.08.1971;4;0
FERDICAN;4;26.06.1981;4;0
VELISIH;4;28.11.1958;4;0
FARIT;4;23.05.1956;4;0
SIVARI;4;6.07.1962;4;0
AKVAN;4;13.08.1975;4;0
DOLAR;4;24.11.1966;4;0
SEZAATTIN;4;9.06.1950;4;0
FERGAP;4;7.06.1975;4;0
DECCANE;4;5.04.1976;4;0
ADEMBABA;4;13.10.1974;4;0
RIFAD;4;22.12.1972;4;0
BEYOGLU;4;19.04.1971;4;0
BILYAMIL;4;26.05.1969;4;0
OYKEN;4;16.10.1984;4;0
NUFIT;4;29.01.1971;4;0
MUSTAFET;4;6.08.1960;4;0
YAYA;4;12.07.1965;4;0
NAMVER;4;21.04.1960;4;0
FEDAYETTIN;4;11.04.1969;4;0
FERATIN;4;12.02.1964;4;0
SAMATTIN;4;1.07.1953;4;0
SOLAK;4;9.07.1959;4;0
PAPKEN;4;9.12.1942;4;0
KOMO;4;24.04.1949;4;0
MUKSUN;4;6.05.1969;4;0
PANO;4;13.02.1940;4;0
NEZAKIR;4;24.11.1958;4;0
UBBET;4;16.01.1959;4;0
REMEZEN;4;10.08.1958;4;0
BEDERHAN;4;28.05.1938;4;0
EBEBEKIR;4;22.01.1969;4;0
HAKKIHAN;4;20.05.1984;4;0
USEM;4;26.11.1970;4;0
MIKRAMIN;4;7.11.1968;4;0
ABDULZAHIT;4;17.06.1961;4;0
NURTALIP;4;1.08.1977;4;0
KUTBIZADE;4;5.06.1983;4;0
DELIKAN;4;1.10.1985;4;0
ESARETTIN;4;19.05.1976;4;0
SALAADDIN;4;24.09.1953;4;0
DAVUTCAN;4;23.12.1984;4;0
OZTAC;4;2.03.1985;4;0
EROZAN;4;24.12.1986;4;0
MUTTAKI;4;10.07.1986;4;0
GUNEYCAN;4;13.10.1989;4;0
MUKAN;4;2.02.1970;4;0
KILICAY;4;8.09.1979;4;0
ERCUMA;4;11.07.1968;4;0
ARICI;4;28.12.1957;4;0
SERHATHAN;4;8.05.1983;4;0
NUTKULLAH;4;9.09.1958;4;0
VEHBICAN;4;19.06.1990;4;0
CEVVAT;4;18.03.1973;4;0
MENGUCEK;4;2.05.1973;4;0
GURLEK;4;9.03.1948;4;0
GIYESETTIN;4;10.07.1969;4;0
VEDAY;4;22.09.1971;4;0
ABDULMUMUN;4;13.10.1958;4;0
AYBERG;4;15.12.1985;4;0
AKCURA;4;1.12.1954;4;0
VALID;4;8.12.1953;4;0
KAYABAY;4;18.10.1954;4;0
SERTTAS;4;8.05.1975;4;0
KUDSAL;4;1.03.1964;4;0
ESAFETTIN;4;4.08.1953;4;0
ZILFUKAR;4;16.04.1969;4;0
NECAHI;4;22.09.1956;4;0
OMRUMIYYE;4;7.04.1962;4;0
SEBAATDIN;4;10.08.1964;4;0
CERCUS;4;1.09.1968;4;0
MUSANNIF;4;24.11.1948;4;0
NUT;4;18.04.1970;4;0
EFLATIN;4;3.05.1961;4;0
METEKAN;4;19.04.1981;4;0
KATVAN;4;9.05.1940;4;0
SAVUM;4;25.09.1968;4;0
AKREM;4;13.07.1967;4;0
HUSNULLAH;4;16.04.1969;4;0
ALKAYA;4;23.01.1973;4;0
SEHBETULLAH;4;14.05.1978;4;0
UTKAY;4;2.03.1984;4;0
ABDULFELAH;4;15.10.1966;4;0
SELLAMI;4;4.12.1976;4;0
MUZZEYDIN;4;24.10.1971;4;0
BASTAMI;4;13.05.1967;4;0
ERGIDEN;4;1.03.1956;4;0
SEMDI;4;6.05.1972;4;0
TEMIRAY;4;30.11.1961;4;0
GANICAN;4;2.01.1986;4;0
MEKSENLI;4;8.01.1958;4;0
BEGARI;4;27.11.1970;4;0
BEHEDDIN;4;28.01.1956;4;0
NECALETTIN;4;25.10.1963;4;0
TONGA;4;30.09.1975;4;0
GAZIENFER;4;26.02.1965;4;0
ABDURRUHMAN;4;6.08.1978;4;0
SUKAY;4;26.01.1962;4;0
HAFUZULLAH;4;10.08.1974;4;0
MERICHAN;4;3.03.1991;4;0
RESTEN;4;14.11.1964;4;0
INIS;4;21.05.1964;4;0
HADAR;4;28.03.1955;4;0
H.VELI;4;4.11.1944;4;0
SEZERHAN;4;20.11.1989;4;0
ABDULBAHAR;4;14.03.1967;4;0
VALIDIN;4;3.12.1955;4;0
ZUREP;4;12.01.1963;4;0
VOKAN;4;16.11.1983;4;0
OMRETTIN;4;3.04.1968;4;0
CEMRAIL;4;19.07.1982;4;0
KORKUN;4;10.09.1968;4;0
ABDUGAFUR;4;30.2.1975;4;0
SEHOSMAN;4;3.09.1970;4;0
UZZEYIR;4;12.02.1964;4;0
NIMETULA;4;7.04.1960;4;0
SOPHI;4;1.04.1966;4;0
AROL;4;14.09.1956;4;0
TEBABIL;4;16.04.1969;4;0
TUREGUN;4;22.08.1967;4;0
MEHMETZAKIR;4;10.08.1976;4;0
KAFIR;4;6.10.1955;4;0
MEHYEDIN;4;5.05.1959;4;0
ABDULSUPHAN;4;5.04.1979;4;0
ALIYYULMURTEZA;4;13.12.1957;4;0
SAYMIN;4;24.02.1982;4;0
SAGMI;4;30.2.1964;4;0
YEKTAMI;4;27.01.1974;4;0
CEDDUH;4;21.06.1956;4;0
MUKTAD;4;2.10.1968;4;0
RUFIL;4;30.10.1968;4;0
ERTUREL;4;15.05.1947;4;0
DANISTAY;4;17.06.1982;4;0
GIRO;4;13.02.1964;4;0
S.MUSLUM;4;30.08.1956;4;0
SUIP;4;5.06.1958;4;0
MUKRUM;4;4.06.1951;4;0
SEVFIK;4;7.02.1971;4;0
YUSIF;4;17.01.1964;4;0
BABIS;4;15.05.1968;4;0
HACABI;4;8.06.1977;4;0
SAVILEY;4;26.06.1979;4;0
BINNAMIN;4;17.09.1956;4;0
ISMAL;4;29.07.1974;4;0
BILLAL;4;18.01.1977;4;0
NASAL;4;20.07.1963;4;0
MAZNUM;4;1.11.1972;4;0
ISMALI;4;20.01.1988;4;0
RASIF;4;5.08.1963;4;0
KAYI;4;9.08.1957;4;0
BELKER;4;25.03.1982;4;0
CANFIRAT;4;12.02.1979;4;0
MUKREBIN;4;14.08.1969;4;0
OMERIDDIN;4;30.03.1971;4;0
VELIYUTTIN;4;27.08.1939;4;0
ZEYYID;4;23.11.1973;4;0
MURSAT;4;16.05.1958;4;0
NURSEVDIN;4;13.10.1978;4;0
M.NAZIM;4;9.07.1944;4;0
CEMBURAK;4;19.09.1983;4;0
SILVIO;4;20.06.1965;4;0
DURGAZI;4;19.12.1962;4;0
RAVIK;4;14.10.1963;4;0
NURKUN;4;4.11.1970;4;0
SEDTAR;4;2.04.1969;4;0
SULDUR;4;3.01.1939;4;0
GARY;4;8.04.1961;4;0
ALBASLAN;4;10.06.1972;4;0
BOLUKBAS;4;13.05.1963;4;0
ROSAT;4;5.05.1982;4;0
HAKIP;4;11.08.1972;4;0
VUCUTI;4;12.12.1945;4;0
DEHIL;4;26.06.1980;4;0
ESSEYIT;4;14.06.1940;4;0
TAYHUN;4;5.12.1970;4;0
MEFDUN;4;3.10.1975;4;0
NECAHETTIN;4;19.10.1957;4;0
EBUZED;4;1.01.1972;4;0
ALPTIMUCIN;4;28.04.1986;4;0
GULVELI;4;14.02.1978;4;0
SEVDAIL;4;2.12.1966;4;0
M.BAHATTIN;4;25.07.1942;4;0
KUTAYHAN;4;21.06.1986;4;0
HOKGES;4;29.10.1954;4;0
GURTAY;4;13.04.1965;4;0
BURYAMIN;4;22.10.1957;4;0
MUZEKA;4;11.07.1958;4;0
EMYETTIN;4;16.07.1969;4;0
ABUMUHSIN;4;7.04.1979;4;0
SAFFETDIN;4;17.07.1960;4;0
KARAY;4;17.12.1970;4;0
SONALP;4;24.06.1979;4;0
BERKENT;4;14.06.1978;4;0
SEHBEDDIN;4;9.12.1963;4;0
UNET;4;23.12.1973;4;0
IZNESIR;4;21.10.1951;4;0
YOMLU;4;3.08.1954;4;0
ABDUCCEBBAR;4;8.03.1958;4;0
MURATBEY;4;10.01.1976;4;0
ZUFDU;4;15.10.1962;4;0
FIDAVERDI;4;6.06.1971;4;0
CENAHATTIN;4;19.04.1962;4;0
SERGEY;4;5.01.1981;4;0
HUZURI;4;6.01.1967;4;0
NUHTAN;4;15.05.1961;4;0
BASKURT;4;12.05.1967;4;0
AYKOL;4;2.11.1968;4;0
CUNEIT;4;8.05.1979;4;0
OSET;4;20.05.1982;4;0
VASGEN;4;30.04.1964;4;0
ULUGBEK;4;6.03.1971;4;0
JANBEK;4;8.09.1984;4;0
MAMED;4;20.11.1979;4;0
EBILMUHSIN;4;28.10.1959;4;0
ODHAN;4;7.07.1965;4;0
MUCAID;4;25.12.1978;4;0
KEMALATA;4;5.09.1968;4;0
OYTUNC;4;12.11.1985;4;0
ALPOGAN;4;13.11.1973;4;0
ANDIC;4;14.08.1975;4;0
ORKIN;4;13.02.1989;4;0
BAHAYITTIN;4;4.08.1955;4;0
VAIDDIN;4;20.03.1961;4;0
SALTER;4;3.06.1961;4;0
ILKTUG;4;9.05.1986;4;0
VAADETTIN;4;1.09.1978;4;0
VEHBER;4;18.04.1953;4;0
TOKTAY;4;22.01.1958;4;0
FERSEN;4;19.08.1965;4;0
SUTCE;4;22.07.1956;4;0
ILBAZ;4;27.10.1968;4;0
BICKIN;4;11.08.1981;4;0
BAHAETDIN;4;3.11.1958;4;0
GUCKAN;4;18.07.1982;4;0
ALAYEDDIN;4;18.06.1958;4;0
TUGALP;4;7.12.1965;4;0
EBIB;4;15.02.1942;4;0
SEMUZ;4;6.08.1964;4;0
RUHKAN;4;25.03.1978;4;0
EJVET;4;15.11.1960;4;0
BURTAC;4;4.06.1981;4;0
KALGAY;4;10.12.1964;4;0
HURZEMIN;3;7.01.1958;3;0
MUHTEMET;3;27.12.1971;3;0
FEDDAL;3;16.06.1972;3;0
AFRAIL;3;26.02.1966;3;0
ALIALPER;3;23.10.1969;3;0
ZULGARNIN;3;14.11.1961;3;0
M.DOGAN;3;22.12.1940;3;0
NUSHATTIN;3;21.04.1975;3;0
MEVCET;3;18.07.1959;3;0
MUHSAMETTIN;3;10.08.1968;3;0
CAYIZ;3;30.12.1962;3;0
OZBULUT;3;29.11.1976;3;0
BURAKSAN;3;20.03.1985;3;0
SEMAADDIN;3;15.10.1965;3;0
KARASIH;3;20.09.1945;3;0
SEYHMEMET;3;30.06.1962;3;0
SAHADIN;3;30.04.1969;3;0
SARBAY;3;9.05.1968;3;0
TOKAR;3;9.09.1957;3;0
NACDET;3;3.01.1961;3;0
ALIASKAR;3;8.12.1957;3;0
ALIYUSUF;3;13.01.1953;3;0
OMEREL;3;16.06.1967;3;0
ABDULMEVLUT;3;16.03.1968;3;0
ARTEM;3;26.04.1981;3;0
ULGENALP;3;29.03.1967;3;0
SEYDIK;3;7.02.1968;3;0
BEDIREDDIN;3;8.10.1973;3;0
ABDULIZZETTIN;3;12.10.1953;3;0
MEHMETHAYRI;3;20.07.1964;3;0
SEFEDIN;3;9.01.1960;3;0
UCO;3;21.10.1931;3;0
CESURHAN;3;16.06.1987;3;0
DERDAIL;3;13.04.1969;3;0
NEGFEL;3;25.02.1969;3;0
HAMZAHAN;3;29.08.1982;3;0
ANKARI;3;4.08.1967;3;0
AVDIN;3;8.10.1979;3;0
ABDULTARIK;3;9.10.1978;3;0
SULUYMAN;3;25.10.1959;3;0
DAYIP;3;17.08.1953;3;0
SOHUP;3;17.05.1967;3;0
KELAMETTIN;3;22.08.1985;3;0
VARHAN;3;7.01.1983;3;0
BAYARAM;3;23.05.1991;3;0
BESTEMIN;3;26.10.1975;3;0
NEYSULLAH;3;27.10.1983;3;0
MEYSEDDIN;3;10.02.1984;3;0
MUHBULLAH;3;19.10.1980;3;0
NUSRELLAH;3;8.04.1969;3;0
YAZDIN;3;28.12.1985;3;0
CUMO;3;20.12.1942;3;0
ABDULMANAP;3;3.01.1987;3;0
ABDULFATAH;3;13.09.1978;3;0
UBUYDULLAH;3;11.12.1958;3;0
REKIP;3;7.06.1984;3;0
RECO;3;4.04.1944;3;0
YIHYE;3;13.04.1976;3;0
EMRILLAH;3;26.05.1976;3;0
IZZER;3;19.01.1964;3;0
IHMEDI;3;17.06.1954;3;0
KIYAFEDDIN;3;13.11.1982;3;0
MEZRUK;3;28.12.1972;3;0
ABDULFEHIM;3;8.06.1980;3;0
MIKRI;3;12.05.1979;3;0
NASETTIN;3;15.10.1967;3;0
FEVVAS;3;1.04.1977;3;0
SIPGATULLAH;3;25.05.1971;3;0
SERGEL;3;4.11.1990;3;0
MEKKIN;3;12.05.1973;3;0
GERO;3;26.11.1963;3;0
SELENIK;3;2.04.1951;3;0
MUSTEKIDDIN;3;3.09.1968;3;0
ESHAK;3;12.11.1973;3;0
ZATTIN;3;20.09.1983;3;0
ABDULBAS;3;12.05.1972;3;0
DAHHAN;3;21.09.1968;3;0
MIKEYIL;3;12.10.1980;3;0
USSAME;3;10.01.1976;3;0
ALIUMRAN;3;12.08.1984;3;0
ENEVER;3;6.05.1964;3;0
SALLIH;3;19.06.1960;3;0
FAVVAZ;3;26.05.1956;3;0
ABDULBEDII;3;22.10.1967;3;0
ABDULAMIR;3;30.08.1975;3;0
NUSHEDDIN;3;3.05.1957;3;0
YAVAR;3;1.02.1957;3;0
SALHAM;3;29.01.1968;3;0
NAMIZ;3;2.01.1942;3;0
MUNTASIR;3;17.05.1976;3;0
HUSEMEDDIN;3;2.01.1970;3;0
MAKRUT;3;3.03.1961;3;0
SAHFI;3;10.09.1965;3;0
MERVAL;3;12.04.1971;3;0
MICVIL;3;15.03.1939;3;0
FERETTIN;3;8.04.1962;3;0
HIZNAN;3;7.10.1955;3;0
MAMU;3;17.04.1935;3;0
NEZAHEDDIN;3;18.05.1960;3;0
HUMMUT;3;1.09.1952;3;0
CATO;3;5.08.1949;3;0
ABDULNASIP;3;27.10.1964;3;0
ULAEDDIN;3;26.05.1956;3;0
FAHRIZADE;3;4.08.1974;3;0
GUNDOR;3;6.10.1939;3;0
ENKIDU;3;23.11.1981;3;0
SAHDO;3;27.01.1966;3;0
CHRISTOPH;3;29.04.1991;3;0
JULIYAN;3;15.10.1987;3;0
TAKADDIN;3;30.09.1974;3;0
BENJAMEN;3;17.01.1977;3;0
CEKNAS;3;30.2.1976;3;0
RASSIK;3;27.10.1958;3;0
PHILIPP;3;3.03.1987;3;0
DIAETTIN;3;14.10.1967;3;0
FAYYAZ;3;1.01.1974;3;0
SALLO;3;29.10.1932;3;0
SEHVELI;3;25.09.1977;3;0
SILHADIN;3;30.2.1973;3;0
TEHLO;3;3.07.1948;3;0
CALI;3;13.10.1966;3;0
HAFZILLAH;3;18.12.1979;3;0
KAYSETTIN;3;13.01.1984;3;0
MISKO;3;29.10.1940;3;0
SEVKED;3;19.07.1958;3;0
BEHZETTIN;3;20.09.1963;3;0
NAHRO;3;24.11.1974;3;0
BAREKET;3;27.07.1959;3;0
HAMPARSON;3;8.08.1971;3;0
YUHANNES;3;11.10.1984;3;0
SEVRETTIN;3;5.09.1974;3;0
SIBO;3;16.11.1967;3;0
TOMAZ;3;21.04.1977;3;0
SAMOYEL;3;1.05.1956;3;0
DUMMAR;3;21.04.1979;3;0
FETHO;3;25.09.1951;3;0
SUBGATULLAH;3;7.02.1986;3;0
SIHHO;3;2.04.1957;3;0
VATANI;3;17.09.1958;3;0
RABIO;3;12.08.1954;3;0
CANBER;3;28.01.1975;3;0
M.MARUF;3;2.01.1980;3;0
AKRAN;3;30.06.1968;3;0
BOZETTIN;3;16.04.1970;3;0
PAOLO;3;27.04.1981;3;0
RAHMETTULAH;3;29.09.1970;3;0
SEYFUTTIN;3;6.09.1963;3;0
TOMMY;3;5.04.1989;3;0
YAKOB;3;18.05.1961;3;0
ABDURREHMEN;3;16.06.1960;3;0
TERHI;3;25.10.1955;3;0
GELLO;3;5.02.1932;3;0
MAHZUR;3;8.09.1966;3;0
MEM;3;15.11.1981;3;0
TEVFI;3;12.08.1929;3;0
MURTADA;3;27.12.1979;3;0
EDVER;3;4.07.1962;3;0
MIHAYEL;3;14.12.1987;3;0
TAKIYEDDIN;3;17.02.1962;3;0
EDEBIN;3;13.12.1978;3;0
GERABET;3;20.12.1966;3;0
CENABETTIN;3;24.01.1975;3;0
NEHROZ;3;24.10.1970;3;0
BESSIM;3;9.09.1982;3;0
DIRK;3;11.03.1984;3;0
WELAT;3;1.04.1989;3;0
HEMADAN;3;20.01.1990;3;0
DEHHAN;3;25.01.1968;3;0
SEMDDIN;3;10.03.1976;3;0
KULLUK;3;14.11.1965;3;0
MECVEL;3;6.01.1968;3;0
TERZEN;3;22.03.1981;3;0
RAFHAT;3;24.06.1973;3;0
HOBIL;3;26.08.1947;3;0
MUDI;3;13.12.1982;3;0
MIHU;3;5.09.1936;3;0
KENEDY;3;23.03.1978;3;0
KERENK;3;9.07.1942;3;0
DENK;3;17.11.1991;3;0
CIBRETTIN;3;15.07.1965;3;0
SEVKEDDIN;3;14.02.1955;3;0
CUAN;3;29.04.1986;3;0
SURHAS;3;7.04.1979;3;0
MUGDAR;3;26.07.1981;3;0
DENDEH;3;8.06.1958;3;0
KAYSEDDIN;3;9.09.1970;3;0
FEKE;3;21.06.1962;3;0
SEPGETULLAH;3;20.01.1971;3;0
TIRHO;3;7.09.1970;3;0
MEVLEN;3;6.02.1988;3;0
SAHREDDIN;3;16.04.1966;3;0
RIMON;3;19.02.1956;3;0
ABDUKADIR;3;8.09.1980;3;0
MAHMOUD;3;23.12.1955;3;0
VECDEDDIN;3;13.09.1971;3;0
HEYBETTULAH;3;8.02.1985;3;0
SEKKIRO;3;4.4.976;3;0
SENENIK;3;21.10.1939;3;0
FETTIN;3;3.07.1960;3;0
MOVLUT;3;20.06.1950;3;0
ULUSAH;3;28.01.1985;3;0
TEVABIR;3;3.08.1937;3;0
MEDETHAN;3;15.07.1972;3;0
ERBAIL;3;20.05.1946;3;0
NIYASETTIN;3;19.04.1966;3;0
HUDAIL;3;3.09.1956;3;0
HUSENK;3;13.04.1952;3;0
APTIRAHIM;3;20.02.1959;3;0
TOLU;3;1.01.1983;3;0
NEJMIDDIN;3;6.08.1965;3;0
HABIBCAN;3;17.08.1985;3;0
AGAHHAN;3;4.02.1987;3;0
GAFURRAHIM;3;25.01.1966;3;0
YASINCAN;3;24.04.1988;3;0
JET;3;11.06.1974;3;0
DUNYAMIR;3;1.07.1976;3;0
INCEBEY;3;28.05.1974;3;0
NUGRI;3;26.09.1960;3;0
YILDIZER;3;28.05.1948;3;0
ZENUL;3;19.05.1961;3;0
IBRHIM;3;24.11.1983;3;0
AMIRHAN;3;29.03.1962;3;0
FIRAKI;3;12.08.1945;3;0
HABIBRAHMAN;3;24.12.1965;3;0
CEMAATTIN;3;24.11.1969;3;0
IBRAIHM;3;1.11.1983;3;0
MUNTEKIN;3;22.12.1977;3;0
MUGMIN;3;18.08.1963;3;0
HARKAN;3;14.05.1979;3;0
CAVETTIN;3;27.07.1962;3;0
SEYFIT;3;8.09.1962;3;0
SEBASTIAN;3;4.01.1987;3;0
GURKOK;3;11.03.1959;3;0
TEMAL;3;3.07.1953;3;0
ALAYITDIN;3;27.12.1963;3;0
MERTAGA;3;4.06.1974;3;0
HAZERCAN;3;11.04.1990;3;0
CEFAETTIN;3;12.11.1961;3;0
EFLATTIN;3;29.06.1954;3;0
HASBAY;3;8.04.1959;3;0
HASIRETTIN;3;15.04.1960;3;0
ERGOR;3;4.01.1957;3;0
BILKUT;3;4.05.1964;3;0
DURDITTIN;3;4.12.1954;3;0
ONDAS;3;12.01.1973;3;0
CUMAITTIN;3;26.08.1952;3;0
TUNCAT;3;10.11.1958;3;0
KANAYIM;3;19.01.1960;3;0
SEYHITTIN;3;24.08.1932;3;0
SEBAYIDDIN;3;16.11.1966;3;0
NEVENT;3;7.03.1974;3;0
FARUL;3;12.08.1970;3;0
EMRITTIN;3;8.11.1956;3;0
RUTVAN;3;3.03.1970;3;0
ALEYITTIN;3;25.10.1962;3;0
HALIDON;3;24.12.1961;3;0
SABANCAN;3;29.06.1988;3;0
TURKSEVER;3;1.08.1978;3;0
YILHAN;3;26.01.1979;3;0
BAYSAR;3;5.01.1966;3;0
EYRUL;3;2.04.1968;3;0
CEPPAR;3;13.03.1959;3;0
MURSALIN;3;8.12.1968;3;0
CAGALTAY;3;20.05.1981;3;0
BEGCAN;3;13.09.1968;3;0
USEYIT;3;3.04.1984;3;0
ICABETTIN;3;16.03.1960;3;0
VEHMI;3;10.09.1958;3;0
EBRAYIL;3;4.05.1979;3;0
NESUF;3;29.05.1958;3;0
IZBULLAH;3;22.05.1980;3;0
KENDIHAN;3;12.05.1967;3;0
SANKUR;3;25.08.1964;3;0
YASAUDDIN;3;5.03.1955;3;0
KEMALUDDIN;3;13.06.1965;3;0
SALIHBEY;3;25.11.1977;3;0
TERKIN;3;25.06.1974;3;0
MESUTALI;3;17.02.1981;3;0
SELAHUTTIN;3;20.12.1953;3;0
OZGURDENIZ;3;21.06.1976;3;0
ISHAR;3;13.08.1965;3;0
SADAIL;3;28.04.1949;3;0
PEYAMIN;3;11.12.1960;3;0
ORHANAY;3;13.03.1964;3;0
ABDULMUHEYMIN;3;7.05.1984;3;0
VEDATTIN;3;24.04.1969;3;0
NATUK;3;30.07.1971;3;0
MULAZZIM;3;27.12.1968;3;0
SELHUN;3;14.12.1972;3;0
KAGHAN;3;1.10.1980;3;0
SEYFUDDIN;3;20.09.1961;3;0
SELAUDDIN;3;21.12.1946;3;0
KASIMALI;3;5.10.1976;3;0
BERAITTIN;3;29.03.1958;3;0
ERESUL;3;26.04.1955;3;0
SATUL;3;13.08.1971;3;0
FETIBEY;3;19.04.1944;3;0
ZAHIDI;3;1.02.1964;3;0
MUZAAFFER;3;5.07.1983;3;0
URGUT;3;1.02.1960;3;0
SIRVANI;3;27.04.1979;3;0
SEHMAIL;3;27.10.1962;3;0
TURKSAL;3;11.10.1967;3;0
RECAETTIN;3;6.11.1968;3;0
RIKABI;3;3.08.1971;3;0
ZEYFITTIN;3;8.02.1956;3;0
NECVETTIN;3;25.12.1952;3;0
FERHAMI;3;7.06.1973;3;0
MERSET;3;26.08.1985;3;0
HEDAI;3;6.10.1972;3;0
NAFUS;3;29.10.1946;3;0
HUSEYINBEY;3;3.07.1963;3;0
RECAATTIN;3;7.03.1962;3;0
CEVAETTIN;3;18.01.1952;3;0
TOKUR;3;17.11.1964;3;0
ALISEFIK;3;30.2.1959;3;0
RAKAYIP;3;7.08.1980;3;0
BENNAMI;3;8.10.1958;3;0
ZELKUF;3;27.07.1968;3;0
AZDER;3;7.01.1967;3;0
VURSAL;3;24.06.1963;3;0
YUCEKAN;3;3.06.1986;3;0
EMALETTIN;3;13.11.1968;3;0
MERDUN;3;24.12.1970;3;0
ALIARSLAN;3;19.01.1975;3;0
ERSANI;3;17.06.1978;3;0
ABTULRAHIM;3;13.01.1968;3;0
NEBAETTIN;3;8.01.1956;3;0
NECAHIT;3;7.10.1953;3;0
HIDIRELLEZ;3;22.04.1967;3;0
LAVI;3;19.01.1970;3;0
ABDULRAHIP;3;29.11.1963;3;0
INZI;3;13.09.1947;3;0
K.MEMET;3;17.09.1948;3;0
MOTUS;3;6.10.1938;3;0
NAMSAL;3;25.09.1961;3;0
GORKER;3;15.06.1986;3;0
ZULKERNI;3;22.11.1964;3;0
ANIFI;3;4.01.1967;3;0
HERSET;3;6.03.1967;3;0
EFRADDIN;3;30.07.1940;3;0
CELEBICAN;3;6.04.1962;3;0
YASARDOGU;3;10.04.1964;3;0
ISHAKHAN;3;2.12.1990;3;0
DOGMAN;3;26.09.1964;3;0
YURTDAS;3;24.07.1970;3;0
HASIMCAN;3;28.11.1990;3;0
SIRACIDDIN;3;1.08.1968;3;0
SALTUKHAN;3;12.04.1977;3;0
HACIBEK;3;16.07.1940;3;0
ARTANC;3;7.02.1973;3;0
BEKCET;3;22.02.1970;3;0
BEYYAMIN;3;12.09.1955;3;0
SEDDAN;3;29.12.1966;3;0
ABDUCELIL;3;3.12.1965;3;0
OZTUNA;3;25.09.1977;3;0
YUMUSHAN;3;9.04.1976;3;0
TADAT;3;27.06.1972;3;0
SAHAMITTIN;3;11.04.1951;3;0
ABDULKAZIM;3;9.03.1972;3;0
NAZLIBEY;3;1.11.1949;3;0
ELHADI;3;23.07.1965;3;0
MIRZABEY;3;9.09.1951;3;0
HALILAGA;3;8.11.1973;3;0
MEKABIR;3;26.12.1957;3;0
AFIL;3;26.08.1958;3;0
MUNTAZIR;3;5.10.1976;3;0
VAKUF;3;12.02.1964;3;0
KARACAN;3;12.04.1986;3;0
EZANETTIN;3;10.11.1973;3;0
SENMUZ;3;19.02.1975;3;0
ADULKADIR;3;16.04.1982;3;0
BEYZAD;3;22.02.1959;3;0
ALIDAS;3;24.07.1962;3;0
SAHRIK;3;18.06.1965;3;0
ZULKARNIYIN;3;7.03.1953;3;0
IZAMETDIN;3;25.11.1953;3;0
VUREL;3;19.10.1957;3;0
BERTEN;3;28.08.1977;3;0
OVAK;3;18.07.1954;3;0
ALAMDAR;3;8.06.1967;3;0
KOCMEHMET;3;1.11.1961;3;0
MUSAATTIN;3;16.11.1971;3;0
HURRAMI;3;24.07.1957;3;0
TUGLAN;3;18.03.1975;3;0
ABDULHAFUR;3;14.05.1961;3;0
REZAKI;3;17.07.1968;3;0
HAYRUDDIN;3;9.03.1979;3;0
HUSAMMEDDIN;3;14.02.1965;3;0
NECDETDIN;3;1.09.1953;3;0
HASIMETTIN;3;26.10.1957;3;0
MOHREDDIN;3;9.07.1964;3;0
ERTURI;3;14.09.1964;3;0
ABDULKAVI;3;22.12.1975;3;0
GURREM;3;17.11.1955;3;0
IHSANULLAH;3;30.06.1983;3;0
BURHANIDDIN;3;13.01.1957;3;0
OMERILFARUK;3;21.05.1959;3;0
BILIMER;3;22.05.1977;3;0
OZBILGIN;3;25.10.1975;3;0
OLCAYHAN;3;15.04.1974;3;0
HAFIZETTIN;3;19.10.1962;3;0
SAHMERT;3;4.11.1976;3;0
AZIMETTIN;3;1.07.1968;3;0
EMRAHHAN;3;23.04.1983;3;0
GOKTOLGA;3;17.10.1979;3;0
YAVUZTURK;3;21.05.1987;3;0
TASMAN;3;2.07.1961;3;0
MUHUDDUN;3;4.07.1961;3;0
KAFIL;3;26.05.1961;3;0
HANGERI;3;18.04.1960;3;0
AGABALI;3;12.06.1948;3;0
REZATTIN;3;1.05.1962;3;0
SUAYYIB;3;12.08.1964;3;0
MUSALIM;3;30.01.1966;3;0
MUSURETTIN;3;19.02.1965;3;0
YILDIRMAZ;3;23.10.1949;3;0
HASAN.;3;26.12.1988;3;0
MUSUM;3;10.06.1960;3;0
ABREK;3;19.07.1981;3;0
ZEYFIL;3;18.01.1974;3;0
MENFER;3;11.03.1957;3;0
OVUZ;3;5.08.1969;3;0
MUTELIP;3;23.12.1967;3;0
HUSUREF;3;3.08.1961;3;0
FERHANT;3;29.06.1971;3;0
HACIDEMIR;3;15.11.1953;3;0
REFAKATTIN;3;30.10.1954;3;0
CAVIR;3;6.08.1964;3;0
HALMURAT;3;12.05.1962;3;0
GENCI;3;28.06.1951;3;0
RASULI;3;25.02.1976;3;0
HAZARHAN;3;6.01.1989;3;0
FUATTIN;3;12.12.1938;3;0
FEVZULLA;3;16.12.1974;3;0
USTAY;3;19.04.1973;3;0
MELIHGAZI;3;5.07.1979;3;0
MENSUL;3;29.11.1974;3;0
OKUL;3;17.07.1953;3;0
DEMIRKANI;3;15.07.1953;3;0
TUHFAN;3;21.08.1982;3;0
CANMURAT;3;24.03.1970;3;0
LITFI;3;15.10.1967;3;0
KARASEYH;3;1.11.1317;3;0
HIZIRSAH;3;2.03.1971;3;0
BERRATI;3;8.11.1976;3;0
HADIBEY;3;21.11.1961;3;0
KANVER;3;10.12.1954;3;0
KABDAN;3;9.08.1953;3;0
BUNYAMITTIN;3;18.05.1955;3;0
ABDULNURI;3;30.05.1968;3;0
DOGANOZ;3;4.08.1980;3;0
NUKREDDIN;3;7.07.1952;3;0
ERTOZ;3;29.05.1967;3;0
HINC;3;29.09.1974;3;0
CESIR;3;15.03.1971;3;0
BEYDUL;3;23.02.1970;3;0
DEVRAT;3;9.10.1978;3;0
BAHAUTTIN;3;27.06.1957;3;0
NEZAFEDDIN;3;27.07.1963;3;0
VELIPASA;3;25.05.1960;3;0
BATRAMAN;3;2.05.1968;3;0
ABDULSERIF;3;18.11.1973;3;0
SIRAHMAN;3;3.02.1965;3;0
CEZAETTIN;3;13.09.1957;3;0
MUCAP;3;9.05.1956;3;0
SEMSUT;3;12.07.1968;3;0
ISAFETTIN;3;22.11.1959;3;0
BAKIBEY;3;12.01.1953;3;0
DAGKAN;3;8.12.1987;3;0
APTULMUTALIP;3;30.12.1975;3;0
BALIBEY;3;12.10.1976;3;0
OSMANAGA;3;10.10.1972;3;0
NAKIDDIN;3;19.08.1946;3;0
MEMDUG;3;10.05.1975;3;0
KIZILTUG;3;25.05.1958;3;0
RESANETTIN;3;10.07.1961;3;0
UYGURHAN;3;13.10.1965;3;0
MUYMUN;3;23.03.1968;3;0
NACITDIN;3;30.2.1954;3;0
GURSAR;3;2.08.1974;3;0
ERKUM;3;20.05.1961;3;0
AYTEGIN;3;11.05.1971;3;0
CEFARETTIN;3;7.07.1976;3;0
KADIRAGA;3;28.08.1969;3;0
HACIKURBAN;3;1.07.1967;3;0
CANBORA;3;14.12.1980;3;0
ERDONER;3;7.07.1965;3;0
FERITCAN;3;18.09.1991;3;0
TACAM;3;1.03.1977;3;0
FURKAY;3;29.08.1983;3;0
HIDAYEDDIN;3;24.09.1965;3;0
NEZMIT;3;15.08.1964;3;0
RESULEKREM;3;3.02.1978;3;0
SEMMUN;3;6.11.1962;3;0
SEYDAGA;3;1.07.1956;3;0
ALIAZIZ;3;28.01.1974;3;0
YARGIC;3;12.07.1975;3;0
FEREMOZ;3;18.10.1939;3;0
GEKO;3;8.02.1931;3;0
CELALIN;3;20.10.1971;3;0
BASKI;3;19.07.1974;3;0
COSLU;3;16.06.1970;3;0
SELGEN;3;16.10.1975;3;0
DEDALI;3;29.12.1963;3;0
ERCEREN;3;6.04.1985;3;0
BINAF;3;22.10.1954;3;0
GEBLAN;3;2.02.1956;3;0
HUSRAV;3;26.08.1958;3;0
SEYADIN;3;19.01.1966;3;0
ERSELAM;3;13.09.1980;3;0
AKARCAN;3;9.09.1980;3;0
PENCALI;3;10.04.1974;3;0
AYBEG;3;7.12.1976;3;0
HIRTAN;3;24.03.1953;3;0
MUAAZ;3;19.10.1979;3;0
ZIAETTIN;3;29.08.1962;3;0
TAYAN;3;26.02.1982;3;0
ABDULMENAFI;3;20.05.1961;3;0
FERACETTIN;3;13.08.1953;3;0
LAZKI;3;1.06.1934;3;0
SULHETIN;3;30.12.1953;3;0
EYLAZ;3;17.10.1971;3;0
AMATTIN;3;12.05.1981;3;0
SUNULAH;3;17.08.1980;3;0
MURBADIN;3;2.12.1963;3;0
SEHABATTIN;3;18.03.1971;3;0
IMAREDDIN;3;27.04.1979;3;0
TAYIM;3;17.04.1972;3;0
VAHPI;3;4.04.1970;3;0
TAHYETTIN;3;26.09.1978;3;0
MUHUMMET;3;29.05.1977;3;0
ABDULSEFIK;3;23.12.1959;3;0
FETULAH;3;21.6.1316;3;0
KUTTO;3;26.11.1933;3;0
KAYTARAN;3;2.01.1964;3;0
RAHMANVERDI;3;29.12.1968;3;0
MURSELAT;3;18.10.1980;3;0
NURSAID;3;17.11.1981;3;0
MARESAL;3;15.07.1978;3;0
FREYDUN;3;1.02.1976;3;0
GULAVDIN;3;9.11.1971;3;0
EDNUR;3;12.07.1965;3;0
SEYITBETAL;3;3.04.1967;3;0
HASREV;3;18.02.1956;3;0
MURPENC;3;24.01.1963;3;0
KERRO;3;25.01.1942;3;0
MIYAMI;3;20.08.1981;3;0
AMEDIN;3;10.04.1967;3;0
KOCABAY;3;26.06.1956;3;0
TURATBEG;3;6.04.1964;3;0
CIHANBAY;3;27.08.1968;3;0
ABDULSAIM;3;21.01.1960;3;0
SULAHADDIN;3;10.09.1956;3;0
SARECETTIN;3;6.07.1961;3;0
ABDULALAM;3;14.02.1972;3;0
IDRISHAN;3;24.07.1963;3;0
SEMRULLAH;3;16.10.1986;3;0
KUKEL;3;28.09.1966;3;0
FEYIT;3;6.09.1979;3;0
ABDULMETTIN;3;17.03.1980;3;0
NAFIYETTIN;3;24.05.1969;3;0
SEVIDIN;3;7.02.1941;3;0
MEHMETNECIP;3;30.06.1970;3;0
SAHBETIN;3;3.07.1969;3;0
RAHMANTULLAH;3;7.12.1980;3;0
SEYITVAN;3;28.02.1970;3;0
TEBRIZI;3;11.09.1980;3;0
NURLAH;3;8.09.1973;3;0
HARUK;3;13.12.1971;3;0
GURBIZ;3;8.05.1974;3;0
NASIRHAN;3;22.09.1981;3;0
MAHZUT;3;27.12.1965;3;0
HANMAHMUT;3;12.06.1960;3;0
DEVATI;3;8.10.1972;3;0
APTULCEBBAR;3;26.02.1947;3;0
MUFI;3;5.09.1969;3;0
CEZVI;3;22.11.1959;3;0
ALLAETTIN;3;13.03.1954;3;0
SUNAT;3;17.01.1969;3;0
ABDULMULTALIP;3;26.02.1977;3;0
HUSROV;3;24.06.1956;3;0
ETIKULLAH;3;14.02.1967;3;0
HEMZA;3;19.07.1955;3;0
SITAI;3;12.08.1954;3;0
HETTEM;3;24.04.1966;3;0
FERYEDDIN;3;4.01.1961;3;0
LEDIN;3;11.03.1960;3;0
FEREMES;3;24.12.1969;3;0
MUNCU;3;24.01.1961;3;0
BEDU;3;16.06.1952;3;0
HIRCO;3;20.09.1936;3;0
SAYITALI;3;10.12.1959;3;0
MIRSAM;3;9.02.1966;3;0
MERTIHAN;3;2.11.1981;3;0
ERSOYLU;3;2.09.1951;3;0
FADLULLAH;3;1.05.1984;3;0
GURKIN;3;27.03.1962;3;0
SAIDNUR;3;26.09.1988;3;0
ABDULCAPBAR;3;3.11.1971;3;0
RIYADIN;3;23.03.1964;3;0
SUBHU;3;8.11.1957;3;0
ABDULMUNAF;3;23.06.1971;3;0
SAHIYETTIN;3;14.03.1976;3;0
KEY;3;3.01.1958;3;0
MIJDIN;3;7.03.1970;3;0
CINGOZ;3;25.01.1965;3;0
ABDULMUKIM;3;12.02.1971;3;0
GULABIN;3;13.08.1983;3;0
ZORAP;3;15.05.1974;3;0
M.ZAHIR;3;2.11.1953;3;0
VASVEDIN;3;2.09.1967;3;0
CAZMI;3;14.01.1961;3;0
ABDULMUSLUM;3;16.10.1967;3;0
REDIP;3;29.06.1968;3;0
MUHTESIP;3;23.03.1972;3;0
SENADI;3;29.02.1952;3;0
MACUT;3;9.10.1971;3;0
UDAI;3;10.10.1965;3;0
FEYBAKI;3;15.02.1959;3;0
ELVUN;3;18.01.1969;3;0
ZULKAMIN;3;30.07.1967;3;0
SATDAR;3;25.10.1961;3;0
KERANI;3;25.01.1959;3;0
KEFAITTIN;3;9.01.1953;3;0
BORANETTIN;3;21.09.1963;3;0
ISHAKDEDE;3;24.04.1941;3;0
ILTERISHAN;3;7.02.1987;3;0
IGIT;3;1.09.1942;3;0
ERDEMIN;3;5.12.1984;3;0
MUHSITTIN;3;29.09.1961;3;0
YENIER;3;7.08.1978;3;0
ERGUNEY;3;8.07.1976;3;0
BERATDIN;3;28.10.1982;3;0
MUAVIZ;3;26.08.1984;3;0
BAHAITDIN;3;4.04.1957;3;0
MINYAMIN;3;18.03.1958;3;0
SEVIDDIN;3;12.01.1961;3;0
M.MUHDI;3;8.07.1950;3;0
NECAFETTIN;3;9.07.1954;3;0
SEFADIN;3;10.06.1964;3;0
SEBULLAH;3;3.08.1980;3;0
SENEDIN;3;28.12.1960;3;0
ECMEIN;3;14.02.1958;3;0
BARIDIN;3;9.07.1949;3;0
UBEYDULLA;3;12.04.1965;3;0
BURAHAN;3;16.11.1975;3;0
NIYADIN;3;27.07.1951;3;0
FARHATTIN;3;17.10.1968;3;0
SAFEDDIN;3;5.03.1961;3;0
ATALA;3;13.07.1940;3;0
AYRUN;3;21.04.1964;3;0
VECAHATTIN;3;23.12.1952;3;0
MUHUTIN;3;7.06.1965;3;0
NEYTULLA;3;21.09.1968;3;0
SANEDDIN;3;27.01.1967;3;0
BEZAIM;3;12.3.1305;3;0
TUGGAY;3;9.04.1979;3;0
ALPKAGAN;3;3.10.1970;3;0
EYHEM;3;14.01.1986;3;0
AHDI;3;26.07.1958;3;0
NIZAFETTIN;3;22.01.1967;3;0
AFIZ;3;5.03.1969;3;0
SEBADIN;3;19.10.1958;3;0
SUBUTAYHAN;3;15.12.1975;3;0
ARTUNER;3;22.07.1972;3;0
MIHCA;3;18.07.1986;3;0
AYTOL;3;4.08.1953;3;0
HAFIR;3;28.02.1970;3;0
MEDAYIL;3;23.01.1961;3;0
YENAR;3;16.02.1978;3;0
CANAYDIN;3;8.05.1956;3;0
SEVINGEL;3;15.11.1968;3;0
REHBI;3;16.02.1968;3;0
KABIR;3;5.09.1967;3;0
SADIRETDIN;3;18.01.1969;3;0
A.HADI;3;28.02.1958;3;0
MURSIDIN;3;13.06.1951;3;0
FEDAYIN;3;11.04.1964;3;0
NECETIN;3;6.09.1961;3;0
MUAVVEZ;3;29.03.1978;3;0
TOKCAY;3;21.02.1977;3;0
ABDIR;3;7.06.1966;3;0
SAGDIC;3;10.05.1972;3;0
EYNEDDIN;3;15.03.1967;3;0
ENCUMENT;3;10.02.1970;3;0
CENIT;3;29.07.1948;3;0
NIZAMIL;3;16.04.1962;3;0
MUSLIDIN;3;1.12.1949;3;0
OZYIGIT;3;9.09.1972;3;0
TECELLE;3;5.08.1966;3;0
CAYIP;3;11.09.1959;3;0
NEBAN;3;2.07.1957;3;0
ASLANER;3;7.09.1942;3;0
ALIYUKSEL;3;8.05.1968;3;0
KADRISEN;3;6.10.1966;3;0
AYNETTIN;3;27.07.1953;3;0
TARHAT;3;3.11.1967;3;0
NAMATULLAH;3;18.09.1984;3;0
SAFATULLAH;3;26.05.1975;3;0
VESFEDDIN;3;28.12.1978;3;0
ANDREW;3;24.01.1973;3;0
SERAZIM;3;1.11.1957;3;0
TURKEDDIN;3;10.02.1967;3;0
ALIYASA;3;22.08.1949;3;0
MIRZELI;3;12.09.1950;3;0
ABDULSSEMET;3;11.01.1968;3;0
KARIPHAN;3;16.06.1942;3;0
ZULALETTIN;3;18.01.1955;3;0
MAHTUM;3;25.12.1975;3;0
FATHATTIN;3;26.05.1961;3;0
SIY;3;18.12.1956;3;0
ASRETTIN;3;7.10.1969;3;0
PADISAH;3;12.09.1977;3;0
AMARETTIN;3;6.10.1966;3;0
YETIN;3;3.07.1967;3;0
ABDULAFI;3;8.07.1963;3;0
HESAMETTIN;3;3.03.1960;3;0
M.NESIH;3;9.11.1965;3;0
TATER;3;6.09.1956;3;0
VASFEDIN;3;4.06.1973;3;0
SANADIN;3;8.03.1963;3;0
ERTIM;3;4.07.1978;3;0
ZABIDIN;3;5.09.1963;3;0
NAHSIN;3;5.10.1978;3;0
DIRBO;3;12.07.1951;3;0
ZEHAT;3;4.02.1969;3;0
KUTO;3;15.12.1943;3;0
SEDIM;3;2.11.1969;3;0
IZDIN;3;11.09.1950;3;0
ABDULGANIM;3;26.07.1971;3;0
SIYADDIN;3;29.08.1967;3;0
MUFEYIR;3;12.06.1985;3;0
AFIYEDDIN;3;17.09.1970;3;0
ECDET;3;26.12.1970;3;0
MEMEDI;3;5.06.1960;3;0
HESKI;3;23.06.1969;3;0
SEYHEMIR;3;11.12.1974;3;0
SUPHADDIN;3;13.04.1970;3;0
EZVET;3;9.02.1965;3;0
ZENELABIDIN;3;4.02.1965;3;0
MUTAMET;3;14.08.1977;3;0
HERHAT;3;27.12.1978;3;0
FERMEZ;3;3.07.1962;3;0
HALEBI;3;26.09.1976;3;0
ASASETTIN;3;19.05.1975;3;0
SEMALETTIN;3;15.08.1966;3;0
YESREP;3;16.04.1968;3;0
SECRETTIN;3;19.08.1971;3;0
TILO;3;18.10.1933;3;0
HUDEDAN;3;8.02.1960;3;0
ERTIF;3;1.04.1970;3;0
TULGAHAN;3;6.12.1975;3;0
ZIREVAN;3;5.02.1988;3;0
REFETULLAH;3;25.10.1964;3;0
SABITHAN;3;22.01.1980;3;0
ZIYABETTIN;3;5.01.1962;3;0
VELYEDIN;3;13.01.1965;3;0
BERZET;3;16.02.1977;3;0
M.RAIF;3;20.06.1962;3;0
HUKGEC;3;18.04.1932;3;0
MUKDADIR;3;9.06.1972;3;0
OGULSAN;3;21.11.1984;3;0
MEHMETYASAR;3;25.02.1949;3;0
MUTAIP;3;2.12.1956;3;0
CETINEL;3;19.01.1979;3;0
BEKSAT;3;30.04.1979;3;0
MEMU;3;28.04.1944;3;0
DINU;3;22.04.1955;3;0
HOSEBI;3;19.07.1978;3;0
SEBETTULLAH;3;15.03.1981;3;0
KOCERU;3;27.06.1965;3;0
TECO;3;25.10.1956;3;0
HEBIBEKIR;3;19.02.1944;3;0
FETULLA;3;9.06.1967;3;0
SAHMIR;3;21.08.1965;3;0
VUHAP;3;21.08.1980;3;0
FEYRULLAH;3;23.06.1972;3;0
HOSTEVI;3;24.07.1955;3;0
TAHRIK;3;5.01.1973;3;0
NAVHOS;3;27.03.1959;3;0
BAHITIN;3;8.06.1976;3;0
ABDUAZIZ;3;7.06.1968;3;0
LAV;3;18.04.1956;3;0
ERSALAN;3;9.10.1979;3;0
MADIN;3;7.01.1974;3;0
MIHVAN;3;15.11.1977;3;0
RESSU;3;3.10.1933;3;0
FIRAMERZ;3;2.04.1985;3;0
CERGIS;3;4.06.1956;3;0
SEREDDIN;3;28.04.1953;3;0
BUNHAN;3;18.08.1973;3;0
MACITTIN;3;24.02.1959;3;0
IZETDIN;3;16.08.1968;3;0
PEKINER;3;3.04.1964;3;0
HOSAN;3;5.06.1972;3;0
MUSLAHATDIN;3;18.02.1956;3;0
HACIDURAN;3;27.12.1962;3;0
UKAN;3;9.06.1977;3;0
SAVDULLAH;3;21.05.1969;3;0
VELIITTIN;3;3.11.1959;3;0
HUSREVI;3;7.09.1964;3;0
SAHITDIN;3;11.03.1962;3;0
SALAHADTIN;3;22.02.1948;3;0
VELIYUDDIN;3;3.02.1963;3;0
CATAL;3;6.11.1946;3;0
ZULKERNEYIN;3;30.09.1971;3;0
ALHAZ;3;11.03.1971;3;0
DAGISDAN;3;29.08.1954;3;0
KAMALEDDIN;3;8.07.1976;3;0
MEMETVELI;3;28.10.1965;3;0
TARIKAN;3;1.07.1983;3;0
SAHNALI;3;1.02.1943;3;0
TURULSAN;3;27.01.1976;3;0
EKINCI;3;29.09.1965;3;0
TIYAR;3;19.09.1952;3;0
SAMMET;3;16.01.1948;3;0
ONTAS;3;25.01.1973;3;0
FILTEKIN;3;5.02.1985;3;0
A.RIZA;3;6.02.1934;3;0
ELSAR;3;24.11.1955;3;0
RAZMI;3;28.11.1968;3;0
ELLER;3;9.08.1960;3;0
PASU;3;29.11.1948;3;0
KULFETTIN;3;9.03.1964;3;0
BAKUHAN;3;9.09.1988;3;0
SEVKIHAN;3;16.08.1983;3;0
BURUKAN;3;18.02.1987;3;0
SEDAYIM;3;23.05.1953;3;0
CAIZ;3;2.09.1957;3;0
MURTUZALI;3;29.06.1944;3;0
CANERHAN;3;19.03.1976;3;0
ALALETTIN;3;26.09.1967;3;0
SUBAYKAN;3;4.05.1968;3;0
SERGENC;3;11.12.1985;3;0
ATAYIL;3;5.01.1969;3;0
TURABIL;3;14.01.1978;3;0
SEVGULAN;3;25.02.1972;3;0
ABIB;3;22.01.1974;3;0
BALLO;3;21.01.1956;3;0
ALLEDDIN;3;9.12.1971;3;0
TOTAN;3;29.06.1946;3;0
KUTVEDIN;3;2.06.1959;3;0
BEHSAN;3;7.10.1959;3;0
NAZAMEDDIN;3;11.10.1951;3;0
GUVENT;3;5.01.1975;3;0
MIRHUSEYIN;3;28.05.1974;3;0
SEBBIH;3;22.02.1968;3;0
DIDAL;3;6.03.1971;3;0
MERDIZ;3;1.04.1951;3;0
EMENTURK;3;16.03.1976;3;0
ILFETIN;3;3.07.1954;3;0
MILEZ;3;30.09.1953;3;0
NACETIN;3;30.12.1962;3;0
OZTOK;3;26.12.1956;3;0
HACINEBI;3;20.02.1936;3;0
SIDIT;3;22.08.1966;3;0
ABDULBERAT;3;21.06.1961;3;0
RAY;3;15.12.1965;3;0
ERBAYI;3;28.09.1971;3;0
SUKAYIP;3;20.10.1963;3;0
CANATA;3;24.06.1988;3;0
NUTGU;3;20.12.1952;3;0
SERDAYI;3;14.02.1981;3;0
MUSDEBA;3;11.01.1972;3;0
OMERGAZI;3;3.11.1980;3;0
SERCAHIL;3;4.05.1961;3;0
VAAP;3;23.01.1957;3;0
M.HUSNU;3;30.03.1942;3;0
CEVRULLAH;3;14.05.1955;3;0
ZULKEYFLI;3;15.09.1965;3;0
IFALETTIN;3;30.06.1956;3;0
MUSTESAR;3;2.11.1942;3;0
NECIPHAN;3;22.01.1981;3;0
VOLKANHAN;3;18.07.1984;3;0
BEYDILI;3;10.03.1951;3;0
ATESER;3;24.03.1974;3;0
GOKBULUT;3;8.08.1962;3;0
TURHAY;3;1.02.1969;3;0
ARABALI;3;28.05.1942;3;0
ERDOHAN;3;3.02.1956;3;0
MUSTAKIN;3;24.06.1974;3;0
NEHIP;3;8.06.1976;3;0
FAIDIN;3;25.10.1957;3;0
TAGCAN;3;23.06.1988;3;0
MURVETIN;3;19.12.1953;3;0
CUMATIN;3;10.02.1961;3;0
UNHAL;3;10.05.1954;3;0
NEZRI;3;11.04.1961;3;0
PINHAS;3;2.05.1935;3;0
MUKIT;3;16.10.1974;3;0
BILIMAN;3;18.12.1958;3;0
SEYITGAN;3;26.09.1968;3;0
FERHADDIN;3;2.03.1971;3;0
USNU;3;2.11.1963;3;0
SEMAYETTIN;3;26.07.1966;3;0
NEBAHTIN;3;29.01.1962;3;0
ZABUR;3;12.03.1977;3;0
SIHMIZ;3;11.03.1970;3;0
FEHIMI;3;25.08.1949;3;0
MURTALIP;3;21.02.1963;3;0
UNSOY;3;25.11.1981;3;0
GUNERDIN;3;11.08.1965;3;0
AYRULLAH;3;22.05.1960;3;0
ZULFIKRI;3;9.02.1963;3;0
SEMATIN;3;23.07.1958;3;0
BAHTILIMAN;3;22.10.1950;3;0
VADETIN;3;5.12.1963;3;0
ABDURSELIM;3;20.01.1960;3;0
IBRAIL;3;8.03.1971;3;0
CEBECI;3;21.03.1983;3;0
MEHMEK;3;20.08.1980;3;0
REMZIN;3;13.06.1979;3;0
MAHSUMI;3;30.09.1972;3;0
REZMI;3;19.01.1972;3;0
CEMALP;3;3.09.1971;3;0
ALIASGAR;3;5.07.1966;3;0
YAZICI;3;29.2.1953;3;0
HATAMI;3;10.09.1954;3;0
NASUR;3;28.07.1973;3;0
SURALP;3;26.07.1969;3;0
OZANER;3;28.09.1985;3;0
FIKRETCAN;3;30.09.1989;3;0
NEFTALI;3;25.11.1967;3;0
FEYYAMI;3;19.10.1965;3;0
YOKSILI;3;27.09.1976;3;0
ABDILLATIF;3;15.12.1957;3;0
ABDULMENNAF;3;27.10.1980;3;0
SELEHADTIN;3;24.02.1956;3;0
KIYIS;3;30.05.1952;3;0
MALIH;3;21.01.1963;3;0
USKUL;3;29.2.1951;3;0
CELAITTIN;3;8.01.1955;3;0
ANMET;3;16.06.1983;3;0
KELAMEDDIN;3;27.04.1967;3;0
SAMETHAN;3;19.11.1978;3;0
EBILKASIM;3;14.04.1960;3;0
SIRACUDDIN;3;20.09.1979;3;0
BAHAI;3;10.04.1958;3;0
NIHABI;3;26.07.1956;3;0
NADIRETTIN;3;19.06.1966;3;0
TIRAS;3;3.10.1941;3;0
CABPAR;3;27.10.1965;3;0
HIDIRCAN;3;12.03.1992;3;0
SAVASIR;3;6.12.1960;3;0
DENYEN;3;18.10.1970;3;0
CAFERHAN;3;14.08.1964;3;0
REZAR;3;19.03.1982;3;0
IYVAZ;3;24.02.1975;3;0
BURTECIN;3;20.09.1951;3;0
AKTUNC;3;2.05.1980;3;0
MENDEM;3;17.07.1969;3;0
TEKIR;3;3.12.1956;3;0
ABDULMUTALIM;3;16.07.1968;3;0
ABES;3;4.11.1967;3;0
KIYASETDIN;3;9.03.1976;3;0
ERSONMEZ;3;12.03.1970;3;0
M.SAYIT;3;6.04.1974;3;0
AHMETZEKI;3;2.12.1962;3;0
CENGIZTOPEL;3;12.10.1969;3;0
SADIP;3;7.12.1968;3;0
ABDULFAIK;3;17.04.1951;3;0
SABITCAN;3;16.12.1966;3;0
BAYRAMCAN;3;27.09.1979;3;0
SEBADTIN;3;10.08.1957;3;0
INGIN;3;8.08.1971;3;0
ZULBEY;3;23.09.1960;3;0
HALEFI;3;3.04.1960;3;0
ERSEZ;3;28.04.1958;3;0
DASAR;3;28.03.1963;3;0
FEHTULLAH;3;12.10.1978;3;0
EMRUMEYYA;3;26.11.1968;3;0
SAGBIL;3;10.08.1970;3;0
CESUN;3;21.12.1976;3;0
NECASI;3;10.11.1965;3;0
HABAS;3;25.05.1956;3;0
ATMEN;3;2.06.1955;3;0
ASALEDDIN;3;10.03.1970;3;0
KURSET;3;3.12.1977;3;0
MUKREN;3;29.12.1959;3;0
JANDARMA;3;23.08.1942;3;0
KAYDAR;3;16.09.1956;3;0
GAYRETTIN;3;10.07.1976;3;0
NADER;3;3.01.1970;3;0
ABDULKEDIM;3;11.01.1973;3;0
SABIDDIN;3;12.01.1969;3;0
EMIROGLU;3;1.09.1957;3;0
HAKIN;3;13.08.1979;3;0
ABDURRESUL;3;7.01.1978;3;0
OKMAN;3;28.10.1964;3;0
TAMERCAN;3;29.04.1980;3;0
IZZETTTIN;3;21.01.1986;3;0
ABDULRIZZAK;3;17.08.1978;3;0
ERBULUT;3;15.08.1968;3;0
ULVICAN;3;11.08.1965;3;0
YARGIN;3;21.06.1983;3;0
HIZIRCAN;3;11.08.1979;3;0
M.NAIM;3;19.09.1947;3;0
JONAS;3;3.08.1982;3;0
NEHRU;3;21.03.1964;3;0
FIZULI;3;28.05.1972;3;0
SADADDIN;3;10.10.1959;3;0
MUJDIN;3;20.09.1972;3;0
HUN;3;6.09.1962;3;0
ILAETTIN;3;28.05.1966;3;0
ENUSTUN;3;28.09.1957;3;0
NIMETTULAH;3;20.10.1971;3;0
SEVKIDDIN;3;3.08.1963;3;0
OZMUT;3;22.08.1970;3;0
HUDBEDDIN;3;18.12.1971;3;0
ALPTUNGA;3;9.03.1987;3;0
ASHABI;3;27.04.1936;3;0
ORBEN;3;20.12.1985;3;0
AMHET;3;4.09.1989;3;0
ALIIRZA;3;10.10.1971;3;0
SAGKAL;3;22.04.1957;3;0
MEHMETTAHA;3;28.07.1975;3;0
ABDULLAHCAN;3;1.04.1970;3;0
TUMERHAN;3;2.11.1987;3;0
MUSAFIL;3;22.03.1985;3;0
VARGUN;3;4.08.1969;3;0
DOGHAN;3;3.05.1985;3;0
COSKUNCAN;3;15.04.1981;3;0
TUFAT;3;14.04.1955;3;0
FEYYIZ;3;29.06.1965;3;0
CERBI;3;16.02.1980;3;0
YAMLIHA;3;12.08.1969;3;0
SIHABETTIN;3;30.08.1949;3;0
ERGU;3;27.09.1966;3;0
GAYASETTIN;3;2.01.1966;3;0
BAYKAM;3;15.10.1961;3;0
KAHA;3;25.09.1971;3;0
MUHHAMET;3;6.03.1976;3;0
UBEYIR;3;11.12.1987;3;0
PAKER;3;5.12.1976;3;0
MEKSANNA;3;8.06.1960;3;0
KESSEF;3;8.10.1963;3;0
ERGENOKON;3;17.03.1988;3;0
SELCUKI;3;5.02.1955;3;0
TAYKUT;3;5.04.1972;3;0
YADER;3;24.07.1986;3;0
APTULCEMAL;3;7.04.1962;3;0
APDUSSEMAT;3;15.08.1960;3;0
MAHMUZ;3;5.07.1969;3;0
MILIC;3;25.05.1971;3;0
FERANUS;3;18.04.1954;3;0
KAMERETTIN;3;27.05.1955;3;0
MIZHAR;3;27.07.1968;3;0
SIHSINAN;3;28.05.1965;3;0
ABDUSETTAR;3;1.09.1963;3;0
FATAH;3;24.03.1957;3;0
MUHAP;3;29.2.1966;3;0
GUDBETTIN;3;29.04.1957;3;0
HASGIR;3;9.07.1952;3;0
ZELNEL;3;2.11.1975;3;0
CERCI;3;15.12.1955;3;0
ZAYDIN;3;21.01.1961;3;0
HOYRAN;3;23.03.1959;3;0
ZARETTIN;3;22.04.1965;3;0
ALPBUGRA;3;11.01.1991;3;0
.;3;1.09.1955;3;0
SAHDEDDIN;3;24.11.1974;3;0
SIDIKI;3;10.08.1964;3;0
FEYZETIN;3;14.06.1980;3;0
EBUSADIK;3;21.10.1982;3;0
ASHAP;3;25.12.1977;3;0
H.RAMAZAN;3;3.02.1958;3;0
TECATIN;3;7.03.1964;3;0
MUZZEFER;3;6.02.1972;3;0
NIYETULLAH;3;7.12.1969;3;0
SALAATDIN;3;27.10.1957;3;0
SELEHATIN;3;8.03.1970;3;0
MELLA;3;22.11.1947;3;0
HAVAZ;3;21.06.1981;3;0
BARTUHAN;3;24.12.1989;3;0
PEVAT;3;11.06.1957;3;0
KECELI;3;6.06.1960;3;0
KOYER;3;11.11.1973;3;0
BORAK;3;24.06.1986;3;0
ASELETTIN;3;15.04.1967;3;0
MURADIM;3;12.11.1974;3;0
ASLANBEK;3;10.06.1977;3;0
MUKTADIR;3;18.11.1979;3;0
ABDILVAHIT;3;12.04.1974;3;0
CAGCIL;3;7.07.1983;3;0
CELBI;3;26.01.1950;3;0
BAYIT;3;30.08.1964;3;0
CILASIN;3;29.04.1964;3;0
FELATUN;3;20.11.1953;3;0
FEVZIM;3;13.12.1953;3;0
YASEVI;3;20.01.1975;3;0
ILKINER;3;15.10.1970;3;0
SAADETIN;3;14.08.1966;3;0
MUZAFEER;3;8.07.1980;3;0
BALKAY;3;7.10.1981;3;0
FADETTIN;3;28.08.1965;3;0
BOZOK;3;26.07.1974;3;0
ZEVADIN;3;30.10.1947;3;0
PALET;3;22.06.1975;3;0
RABIG;3;27.02.1981;3;0
KARIKIN;3;1.09.1943;3;0
BILGIDAY;3;2.09.1987;3;0
TURKEUN;3;7.07.1977;3;0
SERCAMI;3;2.08.1965;3;0
SERVATI;3;7.01.1964;3;0
FRANCOIS;3;10.11.1967;3;0
GURTUNA;3;14.05.1974;3;0
RENC;3;13.09.1986;3;0
DOGUKAGAN;3;1.06.1990;3;0
IMRALI;3;7.08.1964;3;0
IMADATTIN;3;3.11.1967;3;0
TURKGENC;3;19.02.1965;3;0
ZABID;3;9.04.1964;3;0
NERETTIN;3;6.10.1961;3;0
MUSTETTIN;3;27.03.1957;3;0
MASUP;3;1.04.1966;3;0
MUKTED;3;12.07.1974;3;0
ODMAN;3;3.07.1965;3;0
OMERRUL;3;2.08.1963;3;0
EDMOND;3;24.01.1955;3;0
AKALIN;3;20.06.1964;3;0
TUGGIN;3;4.11.1979;3;0
BEHVAT;3;1.09.1977;3;0
TREVOR;3;23.04.1964;3;0
TAYGAN;3;9.05.1978;3;0
MUGIM;3;21.08.1973;3;0
HICRANI;3;12.11.1960;3;0
PIERRE;3;11.06.1967;3;0
HAKSAN;3;10.07.1969;3;0
OHRAN;3;22.09.1975;3;0
M.HAFIZ;3;29.03.1948;3;0
KAMILSAH;3;20.12.1972;3;0
KADIBEY;3;15.12.1977;3;0
ESHAF;3;22.10.1977;3;0
HEYVEZ;3;2.06.1965;3;0
ILKANT;3;14.08.1981;3;0
ALMAN;3;26.04.1971;3;0
VEYISALI;3;29.05.1952;3;0
ZEMIR;3;7.01.1976;3;0
MADAR;3;17.01.1960;3;0
SUHACAN;3;30.07.1963;3;0
NORIDDIN;3;11.03.1958;3;0
MUTAR;3;21.12.1948;3;0
USULU;3;10.11.1956;3;0
SARVAL;3;17.11.1960;3;0
EBIDULLAH;3;25.02.1963;3;0
NORHAY;3;17.10.1962;3;0
VICTOR;3;16.10.1984;3;0
FARID;3;29.2.1973;3;0
NUFEN;3;16.07.1967;3;0
KADIRULLAH;3;7.01.1964;3;0
SOYKAL;3;21.03.1983;3;0
SIGBATULLAH;3;6.07.1983;3;0
YEVNI;3;13.05.1969;3;0
TAYGA;3;11.07.1988;3;0
HARETTIN;3;23.03.1956;3;0
ABDULLAHI;3;27.10.1973;3;0
NEFAYIL;3;10.12.1957;3;0
KIRIL;3;16.02.1963;3;0
ERTOL;3;26.03.1981;3;0
MIDIRAP;3;9.03.1955;3;0
ZAFFET;3;11.09.1973;3;0
CEMTUG;3;5.11.1991;3;0
SALAITTIN;3;6.11.1958;3;0
ENVERPASA;3;3.09.1968;3;0
ALIBERK;3;5.07.1986;3;0
BURAKALP;3;28.01.1981;3;0
YILPAR;3;19.12.1962;3;0
MEDETTIN;3;21.03.1953;3;0
MUSLETTIN;3;22.11.1957;3;0
MUNFERIT;3;6.05.1949;3;0
SELET;3;19.03.1960;3;0
NESIT;3;27.09.1968;3;0
CENKAN;3;16.09.1982;3;0
ICAN;3;9.11.1957;3;0
GUMRAHI;3;14.05.1951;3;0
TURGA;3;26.01.1969;3;0
ABDULHABIR;3;21.02.1974;3;0
FERDINC;3;20.03.1972;3;0
CEZMIHAN;3;26.12.1977;3;0
HALEDDIN;3;15.03.1971;3;0
RUHIDIN;3;15.06.1972;3;0
MUDDIN;3;22.08.1958;3;0
ALPTIMUR;3;5.11.1989;3;0
NURDUGAN;3;20.12.1966;3;0
MEVVAS;3;8.10.1949;3;0
BEZIT;3;21.01.1959;3;0
ALICO;3;9.04.1963;3;0
AHMEDDIN;3;13.06.1962;3;0
SULEYMANSIRRI;3;17.03.1944;3;0
ONARAN;3;14.12.1964;3;0
ERTURUM;3;8.10.1956;3;0
SEDATIN;3;17.04.1964;3;0
CANTAC;3;29.03.1985;3;0
MOTOS;3;22.11.1936;3;0
SERDUN;3;22.05.1978;3;0
ZEYYET;3;25.06.1960;3;0
ZUBEGIR;3;4.09.1955;3;0
ERDUGRUL;3;12.07.1958;3;0
ABDUSAMAD;3;6.04.1971;3;0
GELEF;3;3.02.1962;3;0
RISKALLAH;3;13.06.1960;3;0
SIYAHI;2;17.02.1960;2;0
TASIT;2;22.09.1951;2;0
AHMEDIDURAN;2;12.04.1980;2;0
IBRAHIMETHEM;2;22.06.1975;2;0
GOHAN;2;16.08.1987;2;0
ABDILCEBBAR;2;10.01.1984;2;0
KIRAT;2;1.10.1982;2;0
EMIROMER;2;22.09.1951;2;0
AGUCAN;2;26.12.1952;2;0
ALIHADDIN;2;9.01.1976;2;0
CANHASAN;2;11.12.1978;2;0
MEHMETAZMI;2;1.07.1967;2;0
ABDURRAMHAN;2;19.04.1985;2;0
EMRAYIL;2;5.03.1978;2;0
NALIP;2;29.04.1968;2;0
HEYRULLAH;2;14.04.1964;2;0
IBIK;2;29.10.1950;2;0
SEYHYUSUF;2;14.03.1974;2;0
HACIISMAIL;2;5.01.1981;2;0
MEHMETDURSUN;2;27.09.1950;2;0
SECAATIN;2;21.07.1957;2;0
VAYLO;2;10.03.1966;2;0
YUSUFAGA;2;8.04.1953;2;0
GOKBURAK;2;17.08.1987;2;0
ERMUSTAFA;2;24.02.1970;2;0
NURBARI;2;9.05.1984;2;0
CEBE;2;11.05.1964;2;0
APDULMUTALIP;2;12.03.1968;2;0
SELAADIN;2;14.03.1956;2;0
BULUTKAN;2;5.01.1989;2;0
NURCELAL;2;8.05.1954;2;0
SAZEDDIN;2;30.11.1947;2;0
ABDULBER;2;12.09.1981;2;0
HICIRI;2;14.02.1976;2;0
TOPPO;2;26.09.1952;2;0
ABDULTAHA;2;29.04.1967;2;0
HARUM;2;3.05.1970;2;0
MEHMETHALUK;2;23.10.1965;2;0
ATAMURAT;2;13.06.1960;2;0
ATEF;2;27.06.1961;2;0
ALIKILINC;2;28.04.1950;2;0
NUHATTIN;2;7.10.1969;2;0
TARAP;2;16.02.1965;2;0
ERBAK;2;2.03.1961;2;0
HACIBEG;2;11.05.1953;2;0
SIRZAN;2;22.04.1975;2;0
SEYYUP;2;3.09.1965;2;0
VEKKAS;2;11.12.1973;2;0
ZIYAADIN;2;12.02.1959;2;0
NUHULLAH;2;7.10.1988;2;0
NAZIMEDDIN;2;4.10.1972;2;0
TALAZ;2;22.06.1962;2;0
RUHSANI;2;8.01.1985;2;0
H.MAHMUT;2;3.03.1953;2;0
SUMULLAH;2;3.11.1947;2;0
CAMESEP;2;19.08.1963;2;0
HALLOS;2;29.09.1947;2;0
SALAHTIN;2;7.09.1957;2;0
BULGUDAY;2;13.01.1982;2;0
ABUDULLAH;2;25.06.1979;2;0
M.FEHMI;2;12.06.1945;2;0
HEYADDIN;2;17.03.1962;2;0
RESOL;2;26.05.1952;2;0
RAUB;2;13.05.1973;2;0
TOMO;2;5.01.1962;2;0
ABDUSSAIT;2;2.11.1970;2;0
TUGUSAN;2;15.11.1984;2;0
KIRIM;2;4.10.1986;2;0
HUTTO;2;12.04.1937;2;0
MUEZETTIN;2;27.05.1978;2;0
HASSADDIN;2;11.03.1981;2;0
ABDULANAS;2;19.10.1986;2;0
TIRHAT;2;6.06.1990;2;0
A.VAHAP;2;23.01.1981;2;0
MUHAMMETDIYADI;2;24.01.1989;2;0
SELAMMETTIN;2;12.10.1981;2;0
ABDULAZEL;2;27.05.1950;2;0
BEHATIN;2;27.02.1986;2;0
MELAYIN;2;21.02.1988;2;0
GURRIN;2;7.02.1934;2;0
NETAM;2;27.02.1956;2;0
ABDULCENAN;2;12.02.1989;2;0
HAFZEDDIN;2;2.09.1975;2;0
MUSLUMETTIN;2;22.05.1991;2;0
TAKVADDIN;2;6.08.1990;2;0
DAYADIN;2;12.02.1953;2;0
EBEZEYT;2;12.01.1977;2;0
MUSLIT;2;2.02.1951;2;0
ABDULRAKIF;2;30.03.1984;2;0
REMIK;2;11.06.1946;2;0
MIRLAZIM;2;12.07.1983;2;0
HIDREDDIN;2;2.02.1963;2;0
FEVIZI;2;6.10.1984;2;0
EGITHAN;2;29.03.1992;2;0
NEVRUZKAVA;2;27.04.1976;2;0
SACUDEDE;2;24.10.1977;2;0
HISRETTIN;2;7.02.1970;2;0
SALLAHTIN;2;10.10.1987;2;0
ISALLAH;2;13.02.1983;2;0
BINYAMEL;2;7.10.1989;2;0
SEYHGUL;2;12.03.1935;2;0
SORESHAN;2;7.08.1975;2;0
BENDIVALAT;2;22.03.1967;2;0
MARRUF;2;7.10.1982;2;0
BINAYA;2;8.02.1940;2;0
ARRO;2;27.02.1956;2;0
SITTAN;2;17.02.1966;2;0
TOMIR;2;24.03.1943;2;0
EJMER;2;14.11.1990;2;0
MELLUL;2;5.08.1981;2;0
SEYBETTULHEM;2;27.01.1980;2;0
MAAC;2;20.10.1991;2;0
DAHIN;2;17.05.1972;2;0
MEYZER;2;27.02.1944;2;0
TALAHATTIN;2;17.02.1990;2;0
CAZAYIR;2;7.02.1976;2;0
TEYYO;2;2.02.1969;2;0
AYREDDIN;2;7.02.1976;2;0
KUDRULLAH;2;12.02.1970;2;0
ERCIYEZ;2;25.01.1985;2;0
MIHID;2;4.06.1957;2;0
HAMKI;2;21.09.1988;2;0
EGELI;2;28.04.1956;2;0
CINDAR;2;17.06.1990;2;0
MULESIM;2;12.04.1983;2;0
SENABEDDIN;2;22.04.1973;2;0
ABDULKEHHAR;2;30.09.1968;2;0
FENERDIN;2;17.11.1989;2;0
OBEID;2;3.02.1969;2;0
EHMI;2;16.08.1942;2;0
TANDEVIR;2;9.03.1981;2;0
SILFIC;2;21.09.1953;2;0
MUZZEFFER;2;20.02.1976;2;0
HESABEDDIN;2;17.03.1972;2;0
MUNTAHAP;2;17.06.1978;2;0
SEDULMULUK;2;5.02.1956;2;0
MAAVYA;2;21.01.1982;2;0
SEFKETULLAH;2;21.11.1977;2;0
BENDEKAR;2;11.12.1991;2;0
HUKO;2;29.09.1947;2;0
MISHEH;2;14.04.1971;2;0
MEHMETBASRI;2;2.11.1980;2;0
HIBIL;2;27.02.1974;2;0
MIGAYBIR;2;12.02.1971;2;0
HAYAEDDIN;2;23.03.1973;2;0
MEMIALAN;2;16.06.1965;2;0
DIYASETTIN;2;27.02.1992;2;0
MIZRI;2;30.07.1974;2;0
MUHZIR;2;7.07.1964;2;0
SEMDEDDIN;2;12.04.1959;2;0
EBOZEYIT;2;2.02.1951;2;0
SUVAYP;2;2.06.1975;2;0
YIRKAN;2;26.01.1991;2;0
HAYULLAH;2;7.02.1982;2;0
MIO;2;13.09.1953;2;0
SECTIM;2;26.03.1982;2;0
FAVAD;2;28.02.1967;2;0
EBUZIYAT;2;30.10.1976;2;0
M.NEYTULLAH;2;26.03.1931;2;0
ROCIVAN;2;4.04.1981;2;0
AVVAZ;2;21.10.1957;2;0
RIFAHI;2;12.02.1971;2;0
SERDES;2;14.10.1986;2;0
HUFEYZET;2;22.06.1966;2;0
FARADDIN;2;20.02.1969;2;0
HEVVAS;2;3.12.1962;2;0
HUDAKADIMNUR;2;8.04.1976;2;0
HEVRAN;2;14.12.1968;2;0
HERBISTIN;2;22.12.1979;2;0
MIHABAT;2;22.02.1967;2;0
MUHEVVES;2;29.09.1991;2;0
VEGAH;2;26.06.1982;2;0
ZIHNEDDIN;2;30.2.1971;2;0
FATLETTIN;2;24.03.1976;2;0
ABDULMELEF;2;22.02.1967;2;0
ABURAKIP;2;2.10.1969;2;0
DALGAN;2;7.05.1985;2;0
KUDURULLAH;2;27.06.1968;2;0
CENGVELAT;2;13.12.1976;2;0
SARPFIRAT;2;21.09.1984;2;0
M.SUUD;2;1.09.1962;2;0
BISSAR;2;2.07.1969;2;0
BEHEYDDIN;2;26.11.1965;2;0
DOZDAR;2;27.03.1992;2;0
ZEYINEDDIN;2;3.06.1974;2;0
NUSURULLAH;2;7.12.1958;2;0
SIBHAN;2;27.02.1974;2;0
DODA;2;16.04.1965;2;0
ALICEBRAIL;2;18.03.1974;2;0
KERMU;2;7.08.1928;2;0
HANFIS;2;17.02.1948;2;0
MIRVAL;2;26.04.1976;2;0
FEDUS;2;2.05.1939;2;0
FURAK;2;20.06.1960;2;0
ABDULMUNE;2;8.03.1976;2;0
BEDDII;2;20.10.1978;2;0
AMENELLAH;2;8.05.1989;2;0
CUDAN;2;16.12.1941;2;0
ERSAM;2;7.02.1964;2;0
NEVSIRVAN;2;12.02.1971;2;0
HAVZEL;2;6.11.1971;2;0
DEFO;2;12.05.1959;2;0
BEDDI;2;28.12.1974;2;0
NEBEBEDDIN;2;12.02.1971;2;0
DERRII;2;16.03.1958;2;0
HASABEDDIN;2;17.12.1966;2;0
SAHSAK;2;1.09.1939;2;0
VACDDIN;2;1.01.1974;2;0
TALHED;2;8.10.1991;2;0
FETLEDDIN;2;9.04.1977;2;0
USUPO;2;1.08.1921;2;0
ZEYNEN;2;11.06.1964;2;0
ATHAM;2;17.05.1972;2;0
AMMANUEL;2;16.11.1946;2;0
SERENIK;2;22.06.1973;2;0
CANERSOY;2;6.03.1974;2;0
BATURAL;2;2.08.1987;2;0
ABDULNEBIL;2;20.04.1989;2;0
ZERIVAN;2;4.02.1991;2;0
FELEMENS;2;12.02.1959;2;0
NEMZI;2;22.02.1955;2;0
SERAFHAN;2;14.03.1971;2;0
DIHHAN;2;7.02.1946;2;0
ABDALLAH;2;2.06.1963;2;0
HORZUM;2;12.06.1971;2;0
SAKULU;2;16.10.1987;2;0
REHIYAN;2;1.03.1962;2;0
NASHATTIN;2;17.02.1960;2;0
SABRIZAN;2;7.07.1991;2;0
ULGEM;2;16.04.1970;2;0
CUCU;2;29.05.1962;2;0
MEFDUAT;2;11.07.1974;2;0
MAHRAM;2;22.04.1967;2;0
NICENG;2;2.10.1981;2;0
KESKINALI;2;11.09.1978;2;0
IZYEP;2;2.02.1951;2;0
ANCIR;2;21.11.1945;2;0
GUMAR;2;15.10.1955;2;0
SERGENDE;2;11.06.1976;2;0
MUCVIL;2;28.12.1962;2;0
ARJAN;2;6.03.1985;2;0
MEKLAN;2;12.04.1971;2;0
FEGREDIN;2;23.03.1968;2;0
CAMALADDIN;2;11.08.1975;2;0
IRYAL;2;2.02.1969;2;0
MUSTAKIDDIN;2;5.01.1983;2;0
ABDULAGANI;2;13.10.1988;2;0
MUSTAKADDIN;2;21.02.1975;2;0
GIZBAN;2;15.02.1935;2;0
RIFHATTIN;2;6.11.1990;2;0
CATLI;2;7.02.1970;2;0
AFZER;2;3.03.1989;2;0
LENIS;2;27.03.1982;2;0
FEDEAI;2;27.03.1974;2;0
RAMMU;2;10.02.1932;2;0
HIFIL;2;12.04.1959;2;0
VAHAS;2;26.04.1991;2;0
SEYRIDDIN;2;7.08.1934;2;0
ABDULVADUT;2;11.09.1973;2;0
ACACO;2;2.04.1959;2;0
SIFLIC;2;2.02.1951;2;0
KESNA;2;29.03.1974;2;0
ROBET;2;22.10.1985;2;0
EMLOHAN;2;17.02.1966;2;0
IBEYT;2;25.08.1970;2;0
SEROHUN;2;2.04.1982;2;0
FARHU;2;7.03.1934;2;0
ABDURRIHIM;2;5.08.1975;2;0
MUSTEHEDDIN;2;13.04.1959;2;0
LATAS;2;2.08.1921;2;0
FUTHILA;2;1.09.1977;2;0
SARFIC;2;21.06.1972;2;0
YAVUR;2;2.06.1975;2;0
SABABADDIN;2;2.08.1963;2;0
COTKAR;2;22.05.1991;2;0
ABDULMUTTEKIM;2;23.02.1973;2;0
FERKALIN;2;6.11.1978;2;0
ABDILILAH;2;22.11.1967;2;0
DELYAN;2;26.12.1965;2;0
HALTEM;2;1.04.1978;2;0
SERFIC;2;18.05.1960;2;0
AZIZOGLU;2;26.05.1966;2;0
OTENER;2;8.03.1982;2;0
ZIRRAR;2;9.01.1979;2;0
HOZNU;2;7.02.1946;2;0
NUHDIN;2;17.05.1978;2;0
VURMAZ;2;17.04.1984;2;0
MUHBILAH;2;3.06.1980;2;0
KUTTBETTIN;2;21.01.1948;2;0
MUHUDUN;2;12.02.1965;2;0
LIHAZIM;2;7.08.1928;2;0
SAHTUN;2;30.04.1987;2;0
DURHO;2;10.10.1934;2;0
MEMMO;2;27.06.1938;2;0
CEVHOR;2;7.05.1939;2;0
OTI;2;17.03.1942;2;0
MAHLEP;2;25.12.1977;2;0
MUTBAK;2;29.10.1972;2;0
ABDULMUHSUN;2;2.02.1957;2;0
CAHVIT;2;12.03.1980;2;0
AMONIEL;2;16.04.1958;2;0
SEYIDBILAL;2;17.05.1990;2;0
GOHUT;2;10.05.1961;2;0
ISJAN;2;29.09.1988;2;0
GARNOS;2;8.10.1967;2;0
ALDIYER;2;30.11.1973;2;0
ISOFEHMI;2;17.08.1924;2;0
ENDEREUS;2;27.01.1944;2;0
KOSNTANTIN;2;7.11.1982;2;0
RAVHI;2;6.11.1990;2;0
ZEYTO;2;12.02.1971;2;0
ATLAFUN;2;6.01.1977;2;0
ROMEL;2;1.03.1982;2;0
KIRISTIYAN;2;23.05.1987;2;0
GEDAM;2;2.10.1980;2;0
ROLANT;2;23.04.1979;2;0
ERYO;2;11.06.1982;2;0
NIMROD;2;30.06.1981;2;0
HANIBEL;2;11.06.1967;2;0
SINIK;2;2.02.1967;2;0
ELIJAS;2;22.03.1988;2;0
MAZHARATTIN;2;4.12.1962;2;0
SLEMIN;2;28.05.1982;2;0
REBERT;2;26.11.1978;2;0
ESRES;2;16.10.1968;2;0
YAVNO;2;27.02.1962;2;0
PIERRA;2;27.06.1981;2;0
HERIP;2;2.03.1981;2;0
HAFDI;2;12.02.1947;2;0
JOHNNY;2;16.07.1985;2;0
HORIS;2;2.05.1951;2;0
DIREYI;2;21.01.1981;2;0
M.BILAL;2;29.05.1976;2;0
FAROK;2;14.09.1990;2;0
M.SULTAN;2;22.01.1973;2;0
MUFERID;2;21.01.1968;2;0
ANTANIYOS;2;21.04.1965;2;0
NISRATIN;2;12.05.1969;2;0
TOMMI;2;19.04.1979;2;0
IHMEYDI;2;13.04.1947;2;0
CEYNIS;2;7.08.1928;2;0
USE;2;29.05.1950;2;0
JIMMY;2;11.12.1985;2;0
ABCET;2;17.06.1978;2;0
BRAHIM;2;20.07.1989;2;0
ANDARAUZ;2;7.08.1940;2;0
ANVERT;2;8.07.1981;2;0
DANILE;2;8.03.1982;2;0
SERGIS;2;22.02.1967;2;0
SEHAZZO;2;10.10.1939;2;0
AMONUEL;2;3.02.1963;2;0
JOHANES;2;16.07.1980;2;0
REZUK;2;8.08.1964;2;0
ABDULKAHR;2;19.12.1981;2;0
ABDULMURTAZA;2;19.12.1978;2;0
YEZGIN;2;27.11.1980;2;0
FARCO;2;19.07.1966;2;0
DEHDIS;2;27.02.1974;2;0
HIRMIZ;2;27.02.1938;2;0
MATTHAEUS;2;6.10.1990;2;0
ENDEREVOS;2;27.04.1950;2;0
SERILLAH;2;1.08.1982;2;0
DAHHO;2;16.04.1956;2;0
PIEER;2;22.10.1985;2;0
GEORIGE;2;23.03.1984;2;0
BISIM;2;23.02.1979;2;0
DEVID;2;27.01.1983;2;0
MOVRIZIO;2;20.08.1985;2;0
OROM;2;1.10.1979;2;0
ADWAR;2;2.09.1983;2;0
NIKLAS;2;11.08.1988;2;0
DANIAL;2;10.02.1988;2;0
EDVERD;2;2.07.1951;2;0
NURSIVEN;2;25.08.1978;2;0
SINIVIL;2;12.02.1947;2;0
NAHROZ;2;9.11.1976;2;0
ROBIR;2;22.12.1985;2;0
JOZEFH;2;13.03.1980;2;0
CUZEYF;2;3.04.1951;2;0
SEVERIOS;2;12.06.1991;2;0
SANHAARIP;2;28.07.1978;2;0
NABUCHABNOSAR;2;8.06.1978;2;0
HARFAT;2;15.12.1991;2;0
ROMIL;2;15.08.1980;2;0
CHRISTIYEN;2;2.12.1979;2;0
METEY;2;11.12.1983;2;0
YAHKOP;2;27.02.1956;2;0
MATYUS;2;29.2.1991;2;0
FEYNEZZUR;2;28.06.1973;2;0
JAKOP;2;2.05.1963;2;0
ZINAVAR;2;7.05.1976;2;0
NAUZAT;2;1.01.1990;2;0
MEHAVI;2;7.03.1970;2;0
NARAMSIN;2;18.08.1991;2;0
ANDRIAS;2;18.08.1987;2;0
LUCAS;2;14.02.1983;2;0
CULYANO;2;24.08.1973;2;0
FUTRUS;2;9.02.1970;2;0
FARUCULLAH;2;1.01.2001;2;0
ANDREYAS;2;16.11.1986;2;0
ANDRAVUZ;2;16.12.1956;2;0
MORITZ;2;20.12.1983;2;0
MEMETBESIR;2;27.06.1929;2;0
EDHEMO;2;27.02.1974;2;0
KEMALEITTIN;2;4.02.1972;2;0
MATTHEUS;2;1.02.1989;2;0
FILEKSINOS;2;19.03.1978;2;0
AHRUL;2;14.11.1972;2;0
AMONYEL;2;27.02.1950;2;0
YUNAN;2;27.12.1955;2;0
KEYSETTIN;2;11.02.1980;2;0
CEFFI;2;7.02.1946;2;0
WALAT;2;28.09.1987;2;0
BERSAVUM;2;4.01.1941;2;0
GELGAMESH;2;20.09.1981;2;0
KUSTANTIN;2;29.03.1965;2;0
SANHARIB;2;30.03.1986;2;0
ISLEYMUN;2;17.08.1912;2;0
ABJAR;2;21.10.1981;2;0
JONNIY;2;30.06.1978;2;0
YILMAZHAR;2;11.01.1938;2;0
YILFAN;2;10.12.1985;2;0
BARSI;2;2.08.1927;2;0
MESDEL;2;6.06.1987;2;0
TEVVAR;2;27.11.1956;2;0
ISHAKO;2;25.05.1938;2;0
IHVEDEDE;2;27.08.1974;2;0
HIPO;2;2.02.1969;2;0
WANGYU;2;22.11.1979;2;0
EMENUEL;2;26.04.1966;2;0
KRYAKOS;2;17.09.1960;2;0
ABDULBATI;2;16.11.1981;2;0
FAULUS;2;28.11.1989;2;0
FATROS;2;13.04.1979;2;0
HEYBATULLAH;2;21.10.1986;2;0
ILHEMI;2;27.06.1980;2;0
IHVADIDA;2;26.07.1959;2;0
ZAKARIYA;2;26.05.1988;2;0
HUVVEZ;2;28.03.1974;2;0
ABDULVEHEB;2;17.06.1973;2;0
MECIDO;2;22.01.1936;2;0
IZYAD;2;20.03.1976;2;0
RASCHID;2;2.12.1988;2;0
PHILIPUS;2;6.11.1982;2;0
IHRAT;2;22.09.1991;2;0
BENYAMEN;2;8.06.1989;2;0
OLLE;2;17.06.1980;2;0
JOHNANDRIAS;2;30.06.1981;2;0
TACDO;2;7.12.1946;2;0
CUHI;2;12.02.1941;2;0
ALEEDIN;2;7.02.1964;2;0
GEVVI;2;16.06.1940;2;0
MECKUNO;2;2.08.1909;2;0
JONES;2;11.08.1985;2;0
DENIEL;2;14.09.1981;2;0
M.ZEYNI;2;21.01.1978;2;0
ENDIREVOS;2;16.08.1986;2;0
ENDEREOS;2;7.03.1982;2;0
SALITO;2;7.01.1988;2;0
GIRIGO;2;15.04.1933;2;0
FETRUS;2;23.02.1970;2;0
ABGAR;2;27.07.1986;2;0
FILIFOS;2;12.11.1989;2;0
BASILIYOS;2;15.02.1991;2;0
SIRADDIN;2;1.05.1979;2;0
ZIRULLAH;2;22.03.1991;2;0
ABDULKILAM;2;27.01.1968;2;0
CUMSITSAH;2;17.02.1978;2;0
RAHMATTULAH;2;7.02.1976;2;0
SAKKIR;2;12.10.1935;2;0
CILAL;2;17.02.1954;2;0
DAYEL;2;12.11.1983;2;0
AMANYIL;2;21.09.1980;2;0
ZENAVAR;2;21.10.1971;2;0
PULUS;2;1.06.1986;2;0
SABATULLA;2;7.06.1982;2;0
GELEBDUN;2;17.02.1936;2;0
UBEDO;2;7.02.1964;2;0
ABULMANAF;2;15.05.1954;2;0
KARACUN;2;7.02.1940;2;0
FADLUN;2;21.11.1991;2;0
YESRIVE;2;1.09.1985;2;0
MEHMETMAHSUM;2;7.06.1968;2;0
MUKEIL;2;22.02.1967;2;0
KEYFAN;2;17.02.1984;2;0
BEYENDUL;2;3.10.1985;2;0
HEBETTIN;2;27.02.1970;2;0
BILINDAR;2;3.11.1991;2;0
BINDEST;2;30.12.1985;2;0
KENIVAR;2;4.12.1987;2;0
ELISABAT;2;6.01.1966;2;0
MISCHEL;2;30.09.1989;2;0
ADVERD;2;12.02.1965;2;0
SILEMAN;2;15.11.1991;2;0
ZEKALETTIN;2;16.11.1970;2;0
ZANNUR;2;11.10.1985;2;0
MUHSUL;2;15.01.1976;2;0
PEYRU;2;12.02.1941;2;0
SEWEM;2;18.11.1980;2;0
MATTEUS;2;24.03.1991;2;0
IRMIK;2;16.05.1970;2;0
MATEHUS;2;26.11.1989;2;0
MATIYUS;2;4.08.1990;2;0
ZEYNULABDIN;2;17.03.1966;2;0
ERDES;2;9.06.1976;2;0
NAZGIN;2;16.05.1987;2;0
MORIZ;2;16.07.1983;2;0
ENDURU;2;25.06.1974;2;0
DEGERLI;2;6.10.1991;2;0
SALIBO;2;25.07.1969;2;0
ROSTUM;2;2.02.1975;2;0
MUHUTEZE;2;7.02.1970;2;0
PIRKEMEL;2;26.12.1990;2;0
NUEY;2;18.08.1983;2;0
VENO;2;17.02.1978;2;0
CICCO;2;12.02.1977;2;0
ENDRAVOS;2;22.03.1965;2;0
SEHBATTIN;2;20.05.1974;2;0
NAZAMEDIN;2;29.01.1970;2;0
SUVARDIN;2;1.10.1985;2;0
MORAT;2;17.10.1990;2;0
YUHANON;2;6.10.1986;2;0
IDIRAVUS;2;30.06.1974;2;0
ISLEMIN;2;26.06.1984;2;0
AFREM;2;21.10.1986;2;0
GITRAN;2;17.02.1982;2;0
SENGO;2;2.02.1979;2;0
URVETULLAH;2;7.03.1982;2;0
ZEYFET;2;22.08.1961;2;0
MECDER;2;27.02.1956;2;0
ABDULHAFIF;2;1.12.1982;2;0
FUSAL;2;17.02.1954;2;0
ABDULKUDIS;2;18.06.1983;2;0
AFDIN;2;27.02.1968;2;0
ERDISEYR;2;14.06.1972;2;0
HURSITSAH;2;17.01.1966;2;0
MUHUMMUT;2;23.02.1947;2;0
DELBIRIN;2;19.07.1981;2;0
ELFESYAN;2;1.12.1976;2;0
KEVKES;2;16.11.1986;2;0
GEBRU;2;1.07.1990;2;0
YUHHANNA;2;9.09.1988;2;0
PEVLUS;2;14.02.1980;2;0
BEYOND;2;7.02.1988;2;0
AUGIN;2;30.04.1991;2;0
SIRGEL;2;7.06.1988;2;0
CHERIF;2;2.05.1989;2;0
SENHARIB;2;3.02.1986;2;0
CEDGAN;2;15.06.1956;2;0
KENGI;2;12.02.1976;2;0
BARIZOR;2;21.02.1992;2;0
SAHRAZAD;2;27.03.1968;2;0
MENDELI;2;2.02.1945;2;0
AKESET;2;1.11.1979;2;0
GAMGIN;2;11.07.1981;2;0
MIHIBIL;2;22.02.1931;2;0
GANGIN;2;14.05.1978;2;0
DAISAM;2;6.08.1973;2;0
PATTE;2;12.01.1986;2;0
GERETTIN;2;13.06.1964;2;0
REKAR;2;26.12.1991;2;0
KAWME;2;16.05.1987;2;0
BAHLO;2;27.02.1980;2;0
SALMEDDIN;2;2.02.1975;2;0
ANVAN;2;11.08.1985;2;0
BANGHI;2;19.09.1987;2;0
APEDIN;2;22.06.1985;2;0
ZEMOHAN;2;26.09.1983;2;0
RESSMI;2;20.10.1987;2;0
SIMIT;2;11.04.1991;2;0
ROKES;2;7.02.1989;2;0
DIYEADDIN;2;21.08.1977;2;0
KULEYIP;2;12.02.1977;2;0
BARO;2;30.03.1956;2;0
MASHUT;2;27.10.1987;2;0
FIZURUN;2;5.03.1963;2;0
ASKADIN;2;2.10.1987;2;0
RIIDI;2;7.02.1946;2;0
CAHYEDDIN;2;1.01.1978;2;0
BEZEDE;2;27.05.1978;2;0
UBUZET;2;1.05.1972;2;0
BEYYEDDIN;2;2.02.1981;2;0
NARETTIN;2;8.01.1952;2;0
HAVCIKO;2;7.08.1934;2;0
BABEKKIR;2;21.05.1954;2;0
TAYREDDIN;2;27.12.1973;2;0
ZENEVER;2;2.02.1981;2;0
HEVRAS;2;12.02.1989;2;0
MIR-I;2;11.12.1967;2;0
MIHED;2;12.02.1965;2;0
ABUDO;2;11.03.1952;2;0
ABDUHAKIM;2;7.09.1988;2;0
MILLETNUZ;2;22.02.1967;2;0
MILLETNAS;2;27.02.1974;2;0
YAVSI;2;27.02.1950;2;0
ILAVEDDIN;2;7.02.1976;2;0
INDIRAVUZ;2;29.2.1985;2;0
ABIRAM;2;5.03.1991;2;0
CORE;2;24.08.1989;2;0
INDROWUS;2;3.03.1992;2;0
KENNEDI;2;1.04.1979;2;0
BINNAYAN;2;1.05.1982;2;0
MIZRO;2;11.09.1964;2;0
BERSAVM;2;7.02.1934;2;0
DENHU;2;22.08.1925;2;0
SEYERIYOS;2;20.12.1986;2;0
RABIK;2;17.05.1984;2;0
NAZMIR;2;13.05.1975;2;0
DENNIZ;2;27.01.1991;2;0
SEVERYOS;2;15.07.1990;2;0
TUMAZ;2;14.02.1979;2;0
CIVVAN;2;25.04.1991;2;0
ENBIN;2;2.11.1975;2;0
JUAN;2;21.09.1991;2;0
SIVERYAZ;2;29.10.1982;2;0
NUMAL;2;22.03.1985;2;0
HADIDA;2;17.02.1978;2;0
ZINAVIR;2;14.03.1971;2;0
TEMBELI;2;22.02.1967;2;0
FEVES;2;27.02.1980;2;0
TAYTALUZ;2;1.06.1980;2;0
SEFDAN;2;21.03.1982;2;0
KACI;2;21.03.1977;2;0
ZOBAK;2;6.05.1945;2;0
ADREAS;2;10.03.1992;2;0
DADIS;2;22.02.1943;2;0
JISARI;2;2.08.1927;2;0
NAZAMATIN;2;10.12.1989;2;0
KEYIFHASRAN;2;2.02.1987;2;0
MIGIBIR;2;9.11.1971;2;0
GETIREN;2;12.05.1983;2;0
REYNET;2;16.08.1985;2;0
MEDEMI;2;1.08.1985;2;0
ENDRAVUZ;2;1.06.1990;2;0
ABURRAHIM;2;25.01.1991;2;0
NEZEDIN;2;29.03.1956;2;0
RIDVA;2;14.08.1990;2;0
MILEIM;2;14.12.1986;2;0
SINWAR;2;17.04.1992;2;0
MUHAMATHUSEYIN;2;4.02.1989;2;0
MOUHAMEDMAHSAUM;2;2.12.1991;2;0
ZUBAYR;2;22.02.1961;2;0
RAAID;2;4.03.1976;2;0
BAKUS;2;2.01.1987;2;0
MATAJ;2;10.10.1990;2;0
INDRAVUS;2;15.07.1982;2;0
VALET;2;7.11.1982;2;0
GIYASEYDIN;2;27.06.1980;2;0
MURSIDDIN;2;23.03.1973;2;0
ORIL;2;6.05.1989;2;0
DIMRET;2;2.12.1988;2;0
KALUUZ;2;15.03.1980;2;0
DUNYEL;2;23.02.1979;2;0
INDRAVUZ;2;12.02.1965;2;0
SIBEB;2;27.07.1980;2;0
GEORGA;2;23.09.1988;2;0
KURYAKUS;2;5.12.1972;2;0
TEMMUZO;2;2.02.1951;2;0
FELIX;2;17.09.1990;2;0
AMJAD;2;27.08.1938;2;0
EMSO;2;17.02.1966;2;0
HISRAT;2;7.02.1982;2;0
HOCEK;2;2.08.1933;2;0
HAZDIN;2;27.02.1974;2;0
SERBAS;2;11.02.1988;2;0
ISTIRNAS;2;18.02.1990;2;0
HASBEDDIN;2;2.11.1975;2;0
FEDEVI;2;4.03.1975;2;0
HAMER;2;29.05.1944;2;0
GELLER;2;2.03.1939;2;0
BERHADAN;2;21.02.1992;2;0
CILKES;2;23.07.1964;2;0
YAVSEF;2;12.01.1982;2;0
COTA;2;16.05.1989;2;0
MEHROZ;2;21.03.1987;2;0
DIMIT;2;12.02.1941;2;0
EMENIYEL;2;7.01.1976;2;0
TAYYFUR;2;17.03.1966;2;0
NUSHED;2;7.02.1982;2;0
ISRAYEL;2;15.01.1991;2;0
SUVEYIS;2;17.02.1936;2;0
ZAYNET;2;8.12.1982;2;0
ELWAN;2;10.06.1987;2;0
IDRIHI;2;10.06.1970;2;0
ALEVADDIN;2;21.02.1971;2;0
BAZIR;2;2.07.1981;2;0
ORGIN;2;9.04.1974;2;0
SULEYAMN;2;19.03.1973;2;0
KILEP;2;12.02.1941;2;0
MIDAS;2;22.12.1991;2;0
FAVAS;2;17.05.1972;2;0
FATLEDDIN;2;17.02.1960;2;0
MUHAMMEDELEMIN;2;19.08.1973;2;0
GINCO;2;2.08.1933;2;0
MEHLEZIMENU;2;13.02.1959;2;0
KIRAVETTIN;2;6.06.1941;2;0
ABULBARI;2;10.04.1976;2;0
FEZZULLAH;2;16.01.1985;2;0
SERINO;2;17.03.1940;2;0
BEHHAT;2;2.08.1975;2;0
WILYEM;2;6.04.1981;2;0
ANDARAOS;2;7.08.1934;2;0
GISSEN;2;26.04.1971;2;0
CUZIF;2;22.02.1967;2;0
CEDUN;2;12.02.1959;2;0
GEBRIYEN;2;5.05.1979;2;0
GORDE;2;22.06.1967;2;0
AMANUYEL;2;11.02.1978;2;0
MEZZET;2;7.08.1940;2;0
CICCI;2;12.08.1923;2;0
HOSSEYIN;2;24.07.1991;2;0
FARAMEZ;2;1.04.1974;2;0
BAHHAT;2;2.05.1932;2;0
SAIYA;2;2.02.1969;2;0
IFUN;2;12.05.1927;2;0
MARBAYIN;2;1.09.1941;2;0
JASEM;2;22.03.1992;2;0
HIZRAT;2;12.07.1964;2;0
OSDIN;2;25.01.1991;2;0
JIHAD;2;6.01.1989;2;0
JUSSEF;2;22.01.1992;2;0
MOUSSA;2;16.06.1964;2;0
KHALIL;2;1.05.1966;2;0
YEDIBELA;2;11.11.1973;2;0
CUMHOR;2;18.01.1941;2;0
BARATTIN;2;24.01.1981;2;0
MAHARRAM;2;11.04.1940;2;0
BARZAT;2;12.02.1965;2;0
NEDAN;2;14.07.1963;2;0
AYUTULLAH;2;3.04.1980;2;0
HEFIF;2;22.02.1967;2;0
MATRAN;2;26.03.1969;2;0
SIYEMET;2;2.02.1951;2;0
HAMDALLAH;2;16.03.1983;2;0
IHLEL;2;10.07.1969;2;0
MEKIDDIN;2;29.06.1955;2;0
SERECIDDIN;2;20.01.1977;2;0
SILHITTIN;2;2.02.1951;2;0
CINEMRI;2;13.07.1964;2;0
GAZEF;2;11.05.1966;2;0
CIMHUR;2;17.09.1950;2;0
TEOGMAN;2;17.11.1984;2;0
HACICEMAL;2;19.11.1977;2;0
ALIBARIS;2;17.01.1981;2;0
SAMBA;2;15.02.1971;2;0
KEMALIST;2;14.11.1950;2;0
ALIMRAN;2;3.08.1966;2;0
TURDA;2;2.09.1963;2;0
MAZHAREDDIN;2;28.08.1988;2;0
BABRAHMAN;2;12.10.1962;2;0
FIRZI;2;4.08.1959;2;0
MUCEDDIT;2;23.10.1968;2;0
YUGNUS;2;20.01.1946;2;0
CIHANDEGER;2;26.07.1965;2;0
AGAEFENDI;2;2.06.1946;2;0
ZEIT;2;15.06.1980;2;0
EHLUMAN;2;17.01.1962;2;0
MEZDIN;2;30.01.1939;2;0
MUADDEM;2;21.03.1963;2;0
SILAV;2;2.05.1951;2;0
ILIKER;2;16.03.1945;2;0
HACIMIN;2;29.07.1970;2;0
SENNASI;2;4.10.1968;2;0
SUBETULLAH;2;13.08.1970;2;0
ILBASI;2;7.02.1966;2;0
MEHMETDURAN;2;12.04.1970;2;0
BAGSI;2;12.05.1965;2;0
ARTAS;2;20.11.1977;2;0
RUKMEDDIN;2;14.02.1960;2;0
AKSET;2;12.12.1963;2;0
ABDULADI;2;4.02.1942;2;0
HUBEYP;2;11.04.1987;2;0
ZAMUR;2;10.06.1946;2;0
DEMRAL;2;16.10.1971;2;0
LISAMI;2;18.04.1967;2;0
ERZAH;2;27.11.1968;2;0
ELFUAT;2;2.11.1961;2;0
PAZI;2;7.08.1940;2;0
SIFAIL;2;14.03.1970;2;0
MUZEYIT;2;18.09.1978;2;0
SERYANI;2;8.12.1945;2;0
SEMAHATDIN;2;26.06.1954;2;0
DERVANI;2;16.12.1978;2;0
SAHDOGAN;2;23.04.1965;2;0
FEVYAZ;2;9.07.1967;2;0
UMUTBEY;2;5.11.1980;2;0
YUNUSNADI;2;28.06.1943;2;0
MEHMETUGUR;2;21.02.1963;2;0
OMURKAN;2;13.11.1975;2;0
IMZE;2;4.02.1949;2;0
SAZAYI;2;5.08.1974;2;0
SEVGET;2;28.09.1950;2;0
EFKAY;2;21.10.1986;2;0
BILADER;2;6.07.1974;2;0
ERSUNER;2;8.01.1976;2;0
APDU;2;28.10.1948;2;0
MUASIN;2;4.09.1972;2;0
NUGRUL;2;16.10.1984;2;0
EVLIYAKUL;2;14.01.1960;2;0
ALEHETTIN;2;10.02.1971;2;0
ABDULHAMDI;2;26.08.1955;2;0
BERHOL;2;1.06.1965;2;0
DUYAMI;2;24.11.1955;2;0
ONDES;2;10.10.1955;2;0
KEMALITDIN;2;11.01.1964;2;0
MUHAC;2;7.09.1978;2;0
SELLATIN;2;2.03.1970;2;0
ALPTURAN;2;12.05.1990;2;0
TECABI;2;3.08.1962;2;0
ABDULKENAN;2;20.08.1981;2;0
HULAGI;2;9.07.1975;2;0
DURSUNMEHMET;2;27.05.1950;2;0
HECAYI;2;28.01.1970;2;0
TURRAN;2;16.07.1932;2;0
HUAT;2;29.04.1968;2;0
HULAKU;2;1.02.1951;2;0
BEHBUT;2;7.03.1959;2;0
HACIMEMIS;2;26.03.1972;2;0
RAHMICAN;2;7.01.1988;2;0
M.DENIZ;2;8.05.1973;2;0
SADIKHAN;2;23.03.1980;2;0
HAKICAN;2;22.02.1991;2;0
EMRECEM;2;16.09.1991;2;0
NEZAMITTIN;2;25.08.1969;2;0
HEKABI;2;5.01.1960;2;0
GUSRET;2;9.02.1967;2;0
SUPUTAY;2;6.09.1967;2;0
GULAG;2;30.10.1962;2;0
SEBAYITDIN;2;24.04.1965;2;0
GOKDA;2;8.04.1979;2;0
RECAITTIN;2;27.02.1969;2;0
SIRINBEY;2;14.11.1964;2;0
MUHBIR;2;7.10.1944;2;0
VAHDITTIN;2;5.05.1956;2;0
ABTULAH;2;24.08.1967;2;0
RAZEDDIN;2;20.01.1956;2;0
MUMLANI;2;10.09.1969;2;0
FUGAT;2;18.02.1971;2;0
MUKSIT;2;8.08.1987;2;0
TAYKUR;2;16.11.1967;2;0
SUCAITTIN;2;20.10.1952;2;0
HIKABI;2;24.11.1945;2;0
ZAHTI;2;1.04.1960;2;0
COMALI;2;25.11.1957;2;0
NIZAMITDIN;2;22.07.1955;2;0
PITANAK;2;19.10.1949;2;0
BAYIDDIN;2;9.09.1954;2;0
NANUK;2;9.12.1971;2;0
ELBEYLI;2;17.11.1959;2;0
GONHAN;2;15.08.1971;2;0
MUMAMMET;2;8.11.1987;2;0
SIRRULLAH;2;28.07.1947;2;0
TALIPCAN;2;30.09.1987;2;0
KARIMAN;2;3.03.1947;2;0
NURIT;2;5.04.1947;2;0
SONCU;2;9.09.1960;2;0
HARBIHAN;2;6.10.1964;2;0
CENGUR;2;13.10.1971;2;0
SAVELET;2;21.10.1966;2;0
MUSTEYIM;2;14.03.1952;2;0
EBUTALIB;2;28.11.1989;2;0
UMMAT;2;18.07.1979;2;0
OZGURKAN;2;7.01.1984;2;0
NUSRETHAN;2;1.04.1981;2;0
NEZMEDDIN;2;4.03.1948;2;0
HENEFIL;2;4.05.1957;2;0
TUGRULCAN;2;14.05.1985;2;0
EYIB;2;14.11.1966;2;0
REFIKALI;2;7.04.1955;2;0
SAHBEN;2;24.04.1969;2;0
MAFRAT;2;20.04.1968;2;0
VERAHIM;2;7.02.1964;2;0
DURMISALI;2;9.05.1958;2;0
SECAHI;2;22.07.1939;2;0
ALAHUDDIN;2;20.11.1958;2;0
TEMURALI;2;17.12.1944;2;0
CEMKUT;2;11.05.1972;2;0
URKESE;2;24.02.1970;2;0
ALINAIM;2;26.03.1963;2;0
ZORER;2;15.07.1942;2;0
MERTGUL;2;12.07.1978;2;0
NURSALIH;2;23.08.1982;2;0
HANEFIL;2;28.03.1961;2;0
SULTANAZIZ;2;12.02.1960;2;0
BEREM;2;1.10.1964;2;0
ZEYNALABIT;2;19.10.1955;2;0
YEHUZA;2;8.09.1958;2;0
MULKUM;2;12.11.1969;2;0
MIRZAP;2;20.10.1975;2;0
NIGAIL;2;4.09.1956;2;0
SEFAYIN;2;1.08.1957;2;0
Y.;2;1.09.1941;2;0
FEZUL;2;5.10.1947;2;0
ISABI;2;17.05.1944;2;0
MALIC;2;17.06.1967;2;0
FEVZUL;2;16.04.1954;2;0
MUSAMI;2;28.05.1971;2;0
ABREG;2;26.07.1980;2;0
KABETTIN;2;14.11.1979;2;0
MUKEDDIM;2;3.11.1956;2;0
EFRESIM;2;2.08.1951;2;0
ERDULLAH;2;28.07.1959;2;0
ORDUVAR;2;25.05.1966;2;0
GUNDOG;2;15.09.1939;2;0
ERISCAN;2;3.12.1989;2;0
ERTAT;2;22.01.1975;2;0
NECAETDIN;2;24.04.1944;2;0
TUGAYHAN;2;19.07.1984;2;0
CAKIRALI;2;11.12.1962;2;0
DEMIRAGA;2;20.12.1948;2;0
HAZMETTIN;2;14.06.1965;2;0
UBBAD;2;15.01.1959;2;0
IZIR;2;17.02.1954;2;0
ZULKEREYNI;2;3.02.1960;2;0
SEBAHIDTIN;2;23.04.1970;2;0
SELDUS;2;19.03.1948;2;0
HISAP;2;25.11.1946;2;0
AYDINBEY;2;5.01.1951;2;0
KURTMUSTAFA;2;23.03.1959;2;0
CABER;2;24.08.1968;2;0
AKBI;2;2.02.1945;2;0
BEKER;2;30.04.1953;2;0
ATLANTIK;2;18.03.1968;2;0
SELAHAITTIN;2;20.03.1967;2;0
SERVETBEY;2;22.12.1953;2;0
APUR;2;25.08.1964;2;0
GULADIL;2;17.04.1957;2;0
BUNYAME;2;22.03.1976;2;0
VEDATCAN;2;6.09.1990;2;0
NEBAITTIN;2;6.09.1965;2;0
ESALETDIN;2;14.02.1967;2;0
NEFAHATTIN;2;23.07.1970;2;0
SUVAI;2;23.03.1966;2;0
SEVKETBEY;2;5.07.1966;2;0
RAFAITTIN;2;3.11.1952;2;0
SUCAEDDIN;2;30.01.1965;2;0
ILMIZ;2;14.09.1958;2;0
NEZVETTIN;2;14.12.1955;2;0
ATIC;2;23.06.1982;2;0
NEFATTIN;2;13.03.1956;2;0
INAYETTIN;2;16.09.1949;2;0
HALUKCAN;2;20.01.1990;2;0
ERSAR;2;16.09.1966;2;0
REFIKCAN;2;16.04.1990;2;0
GUCEM;2;19.01.1985;2;0
ESIRI;2;13.11.1975;2;0
KAGAHAN;2;3.07.1982;2;0
LEDIF;2;18.12.1974;2;0
SUVAAT;2;9.10.1967;2;0
SUKURBEY;2;15.06.1950;2;0
MURADIL;2;11.04.1950;2;0
TEVVAB;2;16.06.1953;2;0
SAFVETULLAH;2;8.09.1970;2;0
ORUCREIS;2;8.08.1989;2;0
ABDULBAHA;2;15.08.1954;2;0
TOGHAN;2;5.11.1988;2;0
SEBAITDIN;2;7.04.1961;2;0
BOYGAR;2;25.01.1983;2;0
KERREM;2;9.05.1978;2;0
K;2;10.03.1969;2;0
UGURGUN;2;2.06.1980;2;0
OZBAYKAL;2;27.08.1972;2;0
BAHSIN;2;10.04.1973;2;0
KAZIMTAS;2;3.10.1940;2;0
SEVDUK;2;18.01.1972;2;0
NAZMEDDIN;2;15.01.1965;2;0
CAHITHAN;2;27.11.1978;2;0
SURDAL;2;7.04.1965;2;0
PERDEV;2;9.11.1946;2;0
SIRRIHAN;2;3.03.1984;2;0
UGRUN;2;11.06.1982;2;0
KANATLI;2;24.02.1967;2;0
NARULLAH;2;8.01.1981;2;0
OZBEKIR;2;29.12.1963;2;0
YENAIL;2;2.07.1972;2;0
NUHSAIT;2;23.08.1958;2;0
HACISELIM;2;21.05.1976;2;0
MIHHAT;2;14.08.1958;2;0
RAHMANKUL;2;10.10.1978;2;0
FELAHITTIN;2;1.08.1947;2;0
KORAYHAN;2;14.02.1990;2;0
NASIFI;2;17.05.1970;2;0
AYKUNT;2;8.06.1959;2;0
GIYASATTIN;2;30.05.1981;2;0
SERFITTIN;2;14.11.1955;2;0
NIKAYEL;2;28.02.1965;2;0
BARBAROSHAN;2;16.06.1986;2;0
TAZETTIN;2;6.05.1964;2;0
OMERPASA;2;15.06.1978;2;0
ENVERBEY;2;28.09.1963;2;0
HUSNUBEY;2;25.11.1976;2;0
TUZUNER;2;9.11.1954;2;0
EVDAN;2;15.10.1944;2;0
AHCAN;2;3.08.1991;2;0
BEYBALA;2;14.12.1971;2;0
EYYAMI;2;18.07.1963;2;0
YUKSELBEY;2;11.09.1983;2;0
MUHISIN;2;17.02.1966;2;0
KEMALATTIN;2;25.06.1977;2;0
HUSSEMET;2;5.10.1970;2;0
NECIMET;2;14.10.1958;2;0
MAKSIT;2;9.04.1952;2;0
SEDRETDIN;2;2.12.1943;2;0
VADDETTIN;2;1.09.1956;2;0
YAKUF;2;29.2.1973;2;0
SENDINC;2;28.08.1963;2;0
KARAYEL;2;5.06.1970;2;0
ERKAMIN;2;21.08.1986;2;0
FEDAD;2;1.06.1979;2;0
TONEL;2;10.10.1961;2;0
YUGEDAY;2;9.12.1986;2;0
CELAIR;2;9.12.1958;2;0
BEKAM;2;26.01.1947;2;0
CETDIN;2;8.09.1976;2;0
KANNUR;2;17.10.1966;2;0
TOYGAY;2;27.01.1980;2;0
HAMZACAN;2;29.11.1990;2;0
SANBEG;2;8.04.1955;2;0
SAHABENDI;2;13.10.1969;2;0
ERMEYDAN;2;21.10.1972;2;0
DASGIN;2;2.12.1945;2;0
SUNKUR;2;21.12.1942;2;0
BAYTU;2;22.04.1982;2;0
CAGRIALP;2;26.12.1989;2;0
MUSLINA;2;9.03.1956;2;0
BARAJ;2;5.10.1972;2;0
BETRETDIN;2;9.01.1975;2;0
BEDDES;2;27.02.1962;2;0
TAHKIMAT;2;4.12.1946;2;0
MULLU;2;27.09.1953;2;0
EYIPHAN;2;6.01.1973;2;0
CANUBEY;2;4.08.1950;2;0
KITADE;2;3.03.1961;2;0
PIRZA;2;1.06.1954;2;0
MUSHAT;2;7.02.1972;2;0
GULAGBI;2;12.02.1962;2;0
HUSEYINALP;2;3.11.1972;2;0
KUBULAYHAN;2;14.06.1977;2;0
ABDULVAHABIGAZI;2;24.04.1961;2;0
BINYAT;2;3.07.1972;2;0
YASAF;2;10.11.1958;2;0
NEMZETTIN;2;13.12.1973;2;0
GULYUSUF;2;5.01.1962;2;0
SEHHALIL;2;8.03.1979;2;0
HULBU;2;13.12.1948;2;0
APDULVAHIT;2;9.12.1957;2;0
NEFDAL;2;26.11.1984;2;0
MUHRIS;2;22.11.1976;2;0
LUGMAN;2;1.03.1957;2;0
NEBIY;2;17.02.1962;2;0
CEK;2;22.03.1959;2;0
ERTORER;2;19.09.1946;2;0
TAATTIN;2;7.03.1962;2;0
MEHMETPASA;2;2.09.1977;2;0
ABUSEYIT;2;20.03.1979;2;0
HUDEYFA;2;28.08.1986;2;0
SERDAI;2;18.02.1968;2;0
TEKAMUL;2;3.05.1978;2;0
ORKUNHAN;2;9.03.1982;2;0
MANSURU;2;9.12.1965;2;0
MIHRALIBEY;2;24.04.1967;2;0
ZUBAYIR;2;26.08.1957;2;0
KAYAYURT;2;12.08.1955;2;0
CAFAT;2;9.06.1964;2;0
ERBAH;2;15.02.1973;2;0
AHLET;2;27.07.1973;2;0
MUSTAFAHAN;2;4.07.1985;2;0
SEVDULLAH;2;6.11.1956;2;0
CONSTANTIN;2;21.12.1975;2;0
AGCABAL;2;7.02.1964;2;0
MOHREDIN;2;8.09.1970;2;0
BUGAC;2;23.03.1972;2;0
BEHSIM;2;27.05.1961;2;0
TIGMUR;2;15.12.1970;2;0
ENISUL;2;3.11.1974;2;0
ESSELAM;2;24.01.1985;2;0
KAVUR;2;23.04.1964;2;0
TEKDEN;2;2.11.1981;2;0
ERVADI;2;14.10.1963;2;0
BOLHAN;2;4.04.1960;2;0
HAGI;2;1.08.1956;2;0
YUNISEMRE;2;12.02.1979;2;0
FARAMIZ;2;27.06.1964;2;0
ILGAZI;2;8.08.1960;2;0
KAYTUK;2;18.11.1978;2;0
KULYUSUF;2;5.09.1960;2;0
YABIR;2;9.01.1958;2;0
BAKKIR;2;11.11.1962;2;0
IBAK;2;2.11.1953;2;0
BEHRAT;2;21.12.1959;2;0
MUTTELIF;2;10.11.1952;2;0
URUSDEM;2;12.02.1955;2;0
ZURGAYIR;2;8.09.1969;2;0
FERITDIN;2;20.05.1957;2;0
VEHABI;2;2.09.1963;2;0
CESURI;2;28.03.1959;2;0
MEKAYI;2;18.04.1972;2;0
NEZAYIL;2;17.02.1957;2;0
DINSAL;2;11.12.1976;2;0
ZULIFTAR;2;30.12.1953;2;0
DOLUHAN;2;6.06.1987;2;0
MUINETTIN;2;13.06.1962;2;0
ATAMEL;2;4.05.1962;2;0
VEYSALI;2;3.05.1975;2;0
HUSMI;2;24.04.1955;2;0
YOKTAN;2;15.12.1977;2;0
BURYAMI;2;17.09.1967;2;0
HASANBAKI;2;19.11.1960;2;0
TAHRIP;2;13.09.1963;2;0
BAYSAT;2;7.02.1959;2;0
IZETULLAH;2;20.06.1969;2;0
CUMAMURAT;2;25.06.1967;2;0
CUMAGELDI;2;10.01.1952;2;0
ALLAHNAZAR;2;4.03.1960;2;0
GAYBULLAH;2;8.11.1976;2;0
ESETULLAH;2;9.08.1964;2;0
SUVAIL;2;23.12.1971;2;0
SEHVETTIN;2;20.02.1955;2;0
HOSAGA;2;11.04.1955;2;0
BEKULU;2;2.04.1969;2;0
HUDAYIVERDI;2;4.01.1981;2;0
SUBAYI;2;1.11.1970;2;0
MUSDAFA;2;25.12.1927;2;0
MIRIZA;2;9.09.1953;2;0
ABDUC;2;15.10.1954;2;0
CENEP;2;15.11.1962;2;0
PEHLI;2;16.05.1969;2;0
EDAETTIN;2;21.08.1952;2;0
FASFI;2;6.05.1964;2;0
ZIYATI;2;3.04.1969;2;0
H.ETEM;2;22.01.1956;2;0
TACMEHMET;2;10.01.1971;2;0
ALLAHKULU;2;24.11.1961;2;0
EVEZ;2;22.12.1970;2;0
COGRA;2;11.11.1945;2;0
SILVANI;2;15.07.1974;2;0
AHMETDURMUS;2;5.08.1951;2;0
ELEMIN;2;25.04.1983;2;0
NURCAHIT;2;7.04.1972;2;0
CANBARIS;2;13.03.1985;2;0
ENESBIN;2;29.08.1985;2;0
CEMMURAT;2;6.10.1975;2;0
BASAL;2;30.01.1976;2;0
GURDOGAR;2;30.11.1975;2;0
YETKUN;2;17.12.1975;2;0
HUDAVENDI;2;8.10.1957;2;0
CENGIZCAN;2;4.02.1986;2;0
NURSABAN;2;2.10.1965;2;0
GURRE;2;14.08.1950;2;0
PIRSELIM;2;15.10.1980;2;0
CIRAKMAN;2;25.08.1967;2;0
RAMITTIN;2;7.12.1966;2;0
MUCAITTIN;2;12.08.1974;2;0
MUSLITTIN;2;15.08.1962;2;0
MERICCAN;2;28.06.1987;2;0
ALIBESE;2;21.10.1942;2;0
DEMIRKALE;2;21.05.1944;2;0
YAKERIM;2;11.05.1974;2;0
IHSANBEY;2;4.02.1950;2;0
TURKKAYA;2;11.08.1940;2;0
SAGBET;2;12.04.1965;2;0
ZULKEYNA;2;15.11.1980;2;0
ALIFAHRI;2;28.06.1962;2;0
ERDURAL;2;5.10.1959;2;0
BAYLAR;2;19.09.1954;2;0
ISMETBEY;2;12.01.1948;2;0
DEHAVER;2;2.04.1968;2;0
GOKMENHAN;2;17.08.1978;2;0
OMURALI;2;8.10.1962;2;0
SERKAT;2;17.08.1987;2;0
MUTAYYIP;2;5.05.1968;2;0
MURATAN;2;14.12.1974;2;0
BAYRAMPASA;2;9.06.1962;2;0
BEHRUDAR;2;15.02.1953;2;0
NUTVI;2;19.10.1959;2;0
ULBEY;2;3.04.1974;2;0
UBEY;2;2.06.1973;2;0
EMIRPASA;2;30.10.1953;2;0
BERAYITTIN;2;3.02.1979;2;0
EDMAN;2;25.11.1964;2;0
OMERKAN;2;10.04.1986;2;0
PULENT;2;3.08.1969;2;0
ARIFAGA;2;15.10.1982;2;0
CARPAN;2;9.12.1970;2;0
AHMETSALIH;2;1.10.1965;2;0
BURKAL;2;13.07.1981;2;0
ARITAY;2;15.05.1980;2;0
GOKTUN;2;15.06.1987;2;0
TUNAER;2;17.01.1984;2;0
NAZMICAN;2;4.03.1988;2;0
ATKAN;2;30.03.1967;2;0
MERSUS;2;27.06.1963;2;0
SAKIRALI;2;13.07.1970;2;0
ENSARULLAH;2;16.02.1979;2;0
SIHAB;2;11.05.1988;2;0
BUYRUK;2;18.06.1985;2;0
REZAHI;2;17.11.1958;2;0
FERDINAN;2;16.04.1957;2;0
GUNERKAN;2;3.06.1968;2;0
ABTULHALIM;2;1.02.1970;2;0
OGURTAN;2;27.12.1954;2;0
FEZITTIN;2;25.09.1931;2;0
BERKTURK;2;5.04.1966;2;0
FEDHI;2;4.01.1973;2;0
TOLKA;2;29.09.1979;2;0
GOHHAN;2;26.10.1979;2;0
REYIM;2;20.12.1974;2;0
ZIHNICAN;2;21.10.1970;2;0
NOVZETTIN;2;1.04.1972;2;0
BARTAL;2;22.08.1931;2;0
SERHAZ;2;8.02.1992;2;0
ALIEFTER;2;19.03.1942;2;0
HANOGLU;2;12.03.1991;2;0
OZDIREN;2;21.04.1981;2;0
BOYBAY;2;12.08.1935;2;0
HASANBALABAN;2;6.04.1960;2;0
ASURBABA;2;30.04.1935;2;0
SAANER;2;2.06.1975;2;0
KATAN;2;12.02.1941;2;0
BAPO;2;22.08.1931;2;0
ESPAHI;2;13.02.1963;2;0
ERCANSON;2;11.02.1975;2;0
VILA;2;20.06.1985;2;0
VELIHAYDAR;2;13.10.1963;2;0
PIRKEMAL;2;21.01.1972;2;0
IMAMLI;2;18.12.1954;2;0
MEHMETSEVKI;2;17.09.1991;2;0
ARKOC;2;27.05.1985;2;0
MEKKEDIN;2;4.01.1963;2;0
ZECETTIN;2;3.04.1936;2;0
SEYHHASAN;2;17.02.1942;2;0
MESAI;2;28.02.1960;2;0
OKTAYI;2;19.05.1954;2;0
TALII;2;11.01.1952;2;0
HIDIRHAN;2;17.07.1989;2;0
AHMETHIKMET;2;30.04.1974;2;0
DURAKAN;2;19.01.1972;2;0
BABIKHAN;2;27.11.1974;2;0
CANONDER;2;8.09.1975;2;0
ALPSAR;2;28.07.1976;2;0
MERTALIM;2;28.06.1966;2;0
CANDEREN;2;27.01.1992;2;0
ERKALI;2;25.05.1954;2;0
ERJENG;2;30.10.1971;2;0
SITEMOGLU;2;2.03.1981;2;0
KALMEM;2;22.11.1985;2;0
SERGENELDAL;2;6.10.1978;2;0
ETTAR;2;18.01.1976;2;0
VECHII;2;10.02.1976;2;0
VEHRAM;2;5.03.1949;2;0
GAZAI;2;15.05.1965;2;0
SELAHAATTIN;2;22.08.1954;2;0
HUZULLAH;2;11.05.1955;2;0
DEVAM;2;22.08.1970;2;0
KAKEL;2;3.05.1969;2;0
COLLI;2;23.01.1972;2;0
FEKURULLAH;2;14.03.1965;2;0
ABDULHUSEYIN;2;9.10.1961;2;0
YUMNUHAN;2;7.04.1978;2;0
SEVFKET;2;19.07.1976;2;0
EMENETULLAH;2;12.05.1982;2;0
MUZAFFERHAN;2;20.04.1961;2;0
SAHPUR;2;8.10.1986;2;0
ALLAHATTIN;2;18.05.1965;2;0
SUTAL;2;29.10.1958;2;0
BIRADOST;2;4.04.1985;2;0
FAKIZADE;2;12.12.1956;2;0
KOTO;2;27.09.1943;2;0
ZAFERULLAH;2;25.03.1956;2;0
ABDURCABBAR;2;20.09.1966;2;0
CEDIM;2;27.03.1974;2;0
NADU;2;18.04.1969;2;0
BABUK;2;19.11.1956;2;0
BAVIK;2;11.04.1963;2;0
ZUNUN;2;15.01.1954;2;0
EZDINSIR;2;21.03.1979;2;0
MUHIBBULLAH;2;10.09.1975;2;0
SIYAHBEND;2;18.09.1974;2;0
FERRUDUN;2;25.08.1958;2;0
ALFATUN;2;19.09.1954;2;0
SIFDIN;2;5.06.1938;2;0
ZIHATTIN;2;23.09.1966;2;0
YESEH;2;20.03.1982;2;0
ABDULHASEM;2;10.01.1973;2;0
KOZUBAY;2;17.05.1960;2;0
AYTUK;2;11.07.1976;2;0
ALMADDIN;2;9.08.1972;2;0
AHYED;2;20.01.1978;2;0
GAKIL;2;24.11.1956;2;0
DEYYIP;2;9.02.1960;2;0
CELLADIN;2;27.05.1968;2;0
CELELEDDIN;2;25.10.1967;2;0
SURECEDDIN;2;13.01.1959;2;0
MUHAAMMED;2;24.12.1981;2;0
SELEMULLAH;2;11.09.1955;2;0
BAGALI;2;7.01.1972;2;0
BAREM;2;11.06.1979;2;0
ZORAV;2;12.09.1968;2;0
DESDI;2;23.09.1942;2;0
SUCCA;2;9.08.1943;2;0
MEHMETZADE;2;29.12.1958;2;0
SAHISLAM;2;12.08.1968;2;0
KOLOZ;2;3.04.1976;2;0
YOLDASBAY;2;25.01.1950;2;0
KUCUKBAY;2;21.05.1951;2;0
ORUMBAY;2;16.04.1977;2;0
EBZEL;2;18.08.1941;2;0
SERGAZI;2;12.05.1947;2;0
OSMANBAY;2;20.01.1931;2;0
KULMEHMET;2;2.08.1975;2;0
NEVRULLAH;2;5.09.1985;2;0
USAT;2;29.05.1940;2;0
PIRMUZ;2;12.07.1977;2;0
YASEH;2;29.03.1967;2;0
ABDULALEM;2;12.01.1959;2;0
OZEDIN;2;12.08.1976;2;0
IZDINSIR;2;15.02.1961;2;0
TALHAM;2;18.07.1962;2;0
ETAULLAH;2;12.06.1963;2;0
IMRULLAH;2;9.07.1988;2;0
DELIAHMET;2;12.05.1956;2;0
CUSKON;2;28.07.1986;2;0
ABDULUVAHAP;2;8.05.1974;2;0
HOLKI;2;7.02.1970;2;0
MUHTULAH;2;9.02.1964;2;0
ALAATTTIN;2;9.09.1969;2;0
ABDULKAFFUR;2;24.08.1964;2;0
SABETIN;2;9.02.1966;2;0
CARHA;2;25.01.1937;2;0
TECIDDIN;2;10.02.1960;2;0
SAHYETIN;2;12.02.1959;2;0
ESASEDIN;2;25.01.1978;2;0
OZGURCEM;2;28.12.1988;2;0
SULAHETTIN;2;2.07.1954;2;0
MUTEYIT;2;7.05.1970;2;0
ABDULVEHEP;2;17.11.1948;2;0
EMERHAN;2;19.01.1978;2;0
MUFREDDIN;2;16.06.1971;2;0
TIYANIS;2;29.11.1972;2;0
MAPUS;2;27.02.1974;2;0
RUHMETULLAH;2;27.04.1974;2;0
FEYRUZI;2;22.09.1974;2;0
ERDELEN;2;8.08.1980;2;0
HUNISI;2;11.04.1966;2;0
BALYOS;2;26.11.1960;2;0
MIRSEYAF;2;14.01.1943;2;0
BUBIL;2;27.02.1956;2;0
KEMALEDIN;2;12.02.1967;2;0
GULETIN;2;19.04.1978;2;0
KEMARETTIN;2;7.07.1966;2;0
M.FUDEYIL;2;25.11.1967;2;0
ERAFAT;2;10.05.1967;2;0
MERZEYDIN;2;19.10.1971;2;0
ERCUMED;2;18.10.1971;2;0
HARZEMSAH;2;3.05.1970;2;0
ATIKULLAH;2;22.04.1985;2;0
KELIMULLAH;2;10.05.1979;2;0
ISKAT;2;17.10.1966;2;0
BEYLAR;2;22.10.1949;2;0
TACDETTIN;2;27.02.1975;2;0
MEHMETBESIR;2;21.12.1977;2;0
CENBELLI;2;27.07.1965;2;0
OMER.FARUK;2;5.03.1980;2;0
SINBAT;2;20.08.1964;2;0
ZEKKERIYA;2;23.03.1948;2;0
UKTAY;2;10.03.1986;2;0
TALABANI;2;29.01.1979;2;0
CAMISA;2;26.05.1956;2;0
M.TALAT;2;9.07.1947;2;0
ZUBEIT;2;22.05.1949;2;0
M.FAZIL;2;15.01.1948;2;0
OZYAY;2;18.02.1980;2;0
COTYAR;2;3.08.1986;2;0
MECRIM;2;3.04.1953;2;0
NAMU;2;28.03.1950;2;0
ISPAT;2;19.12.1981;2;0
HALLEF;2;10.01.1966;2;0
DEMIRBAS;2;8.06.1952;2;0
NEGMETULLAH;2;27.06.1968;2;0
AYDULLAH;2;18.10.1965;2;0
FIRAMEZ;2;5.11.1946;2;0
M.ISMET;2;9.12.1953;2;0
PIYADE;2;10.12.1972;2;0
ERTANC;2;17.11.1977;2;0
FARHETTIN;2;14.09.1965;2;0
CANKET;2;21.02.1940;2;0
FERDINAT;2;12.03.1963;2;0
NASIRI;2;5.10.1972;2;0
ZULKEYF;2;19.01.1972;2;0
SUHBETTIN;2;2.02.1977;2;0
GEYASETTIN;2;3.11.1975;2;0
SEHYMUZ;2;16.05.1975;2;0
DEVANE;2;6.02.1971;2;0
OSMETULLAH;2;25.04.1964;2;0
RAMETULLAH;2;26.08.1973;2;0
MUTEVLI;2;1.11.1966;2;0
ABDULMITELIP;2;4.05.1970;2;0
FIZILLAH;2;28.03.1966;2;0
RAHYEDDIN;2;2.01.1960;2;0
CELLALEDDIN;2;10.06.1948;2;0
MEHMETKASIM;2;8.04.1967;2;0
ERDEVAN;2;4.08.1978;2;0
CUMERT;2;11.04.1954;2;0
ZUBEYID;2;1.08.1967;2;0
HIVYAN;2;26.06.1981;2;0
M.RACI;2;9.03.1968;2;0
MUHSUM;2;25.01.1981;2;0
FAHRETTINKERIM;2;16.12.1962;2;0
TEYYIB;2;22.08.1948;2;0
MASRUK;2;26.05.1981;2;0
TAYYAN;2;26.07.1968;2;0
CUZERI;2;24.08.1955;2;0
KOCKAR;2;29.06.1985;2;0
HAMDULAH;2;5.12.1974;2;0
SEFIYEDIN;2;27.12.1960;2;0
FAHYETTIN;2;14.12.1976;2;0
KUMUR;2;16.12.1944;2;0
MAMINT;2;1.06.1959;2;0
ENUVER;2;13.12.1968;2;0
HAKKIM;2;19.04.1978;2;0
BIZDAR;2;23.03.1964;2;0
HELEF;2;17.03.1972;2;0
SELEDIN;2;14.03.1966;2;0
MIRSEVDIM;2;6.03.1963;2;0
NIMETULAH;2;19.04.1979;2;0
MEHMETRACI;2;17.07.1964;2;0
SUHYEDDIN;2;16.01.1963;2;0
HEYDER;2;12.08.1966;2;0
CETHAN;2;22.11.1972;2;0
ZEYIDDIN;2;22.04.1953;2;0
FARHADDIN;2;14.04.1965;2;0
KOLUZ;2;10.08.1970;2;0
MUYETTIN;2;14.08.1961;2;0
ABDULGANNI;2;21.08.1957;2;0
ECAT;2;28.04.1976;2;0
NEVZULLAH;2;28.02.1977;2;0
HICAZETTIN;2;26.12.1957;2;0
AKIFHAN;2;26.10.1980;2;0
ESMETTULLAH;2;25.08.1976;2;0
VAYIDIN;2;7.08.1952;2;0
IYIT;2;2.07.1951;2;0
KADRULLAH;2;19.01.1966;2;0
GUNBEYI;2;28.10.1933;2;0
NAZUM;2;16.03.1967;2;0
MUCAHIP;2;28.05.1974;2;0
HACAT;2;21.08.1953;2;0
ABDULZAFER;2;6.07.1961;2;0
TERAT;2;12.09.1977;2;0
MUSTEHITTIN;2;14.10.1954;2;0
BEDIRITTIN;2;14.01.1964;2;0
ERZIVAN;2;6.05.1961;2;0
CEMADIL;2;22.11.1948;2;0
AKBUGA;2;20.03.1937;2;0
VELIHATTIN;2;9.06.1976;2;0
HUDEM;2;3.05.1966;2;0
SALIHIN;2;2.02.1970;2;0
CANLI;2;26.01.1957;2;0
KATADE;2;29.10.1986;2;0
NURMETIN;2;18.10.1948;2;0
VEYYIS;2;6.12.1944;2;0
HENDER;2;4.06.1978;2;0
MUSTATDIN;2;13.12.1961;2;0
NESETDIN;2;18.12.1952;2;0
KUZEYIR;2;16.10.1963;2;0
VELIYYITTIN;2;7.12.1950;2;0
SEYITBETTAL;2;13.12.1970;2;0
CEVABETTIN;2;2.10.1956;2;0
TALAITTIN;2;9.08.1948;2;0
KURKUT;2;11.07.1933;2;0
YUKSUN;2;6.01.1964;2;0
TAYLI;2;3.10.1960;2;0
NECAYIT;2;2.01.1957;2;0
ZULGUF;2;26.04.1973;2;0
ZULKUFI;2;20.08.1968;2;0
S.SULEYMAN;2;4.08.1956;2;0
ELFATIH;2;2.11.1976;2;0
ZEKIRI;2;9.04.1967;2;0
SELAHATTINCAN;2;2.03.1991;2;0
SONMEZAY;2;16.10.1972;2;0
TALUY;2;22.05.1982;2;0
ALIL;2;19.12.1947;2;0
MURTAZAN;2;26.05.1961;2;0
MUHREDDIN;2;22.02.1951;2;0
TEBERMUS;2;26.10.1966;2;0
FELAHADDIN;2;22.09.1967;2;0
SERECEDDIN;2;13.05.1971;2;0
M.MUSERREF;2;22.02.1957;2;0
OYSEL;2;12.12.1943;2;0
OGUZALI;2;7.12.1970;2;0
KADRETDIN;2;2.05.1973;2;0
MEHMETMEHDI;2;28.09.1977;2;0
HAFSULLAH;2;12.12.1978;2;0
GOSROF;2;5.12.1971;2;0
MITLEK;2;27.05.1965;2;0
ESREDDIN;2;17.11.1962;2;0
ISABELI;2;17.03.1961;2;0
MEMETSAHIN;2;27.10.1962;2;0
SERMEDI;2;5.05.1962;2;0
CAMSET;2;25.04.1961;2;0
SEGIN;2;3.02.1977;2;0
OKAL;2;29.03.1973;2;0
RASIMI;2;16.01.1963;2;0
MEMETTAHIR;2;9.02.1955;2;0
AHKAN;2;21.09.1973;2;0
FILUS;2;29.01.1945;2;0
AHMUT;2;13.07.1980;2;0
BEGENC;2;8.09.1971;2;0
ALIOZAN;2;1.04.1990;2;0
TOYANC;2;21.02.1981;2;0
CERAL;2;5.08.1967;2;0
FEYMALI;2;11.09.1959;2;0
YERKAN;2;19.08.1979;2;0
NEVRIT;2;27.01.1950;2;0
SUHPI;2;29.03.1973;2;0
SEYDAVUT;2;30.03.1976;2;0
NORULLAH;2;20.05.1969;2;0
A.RAHIM;2;13.12.1956;2;0
IYANET;2;20.09.1978;2;0
A.CEBBAR;2;22.08.1955;2;0
MUSDECEP;2;25.11.1940;2;0
MEHFAR;2;29.05.1965;2;0
SATIF;2;7.02.1961;2;0
BAITDIN;2;12.06.1966;2;0
NAGMET;2;1.12.1958;2;0
SERTUK;2;5.07.1963;2;0
TUNRAL;2;15.01.1951;2;0
ALDINC;2;3.10.1987;2;0
UMUTALI;2;12.08.1966;2;0
PERDEL;2;29.06.1973;2;0
HABIBIRAHMAN;2;14.12.1965;2;0
ABDUZZAHIR;2;24.06.1943;2;0
CANIBEK;2;18.07.1989;2;0
TUGAYCAN;2;13.10.1990;2;0
CINUCEN;2;30.05.1980;2;0
UGRAL;2;8.12.1961;2;0
HUSEYINHAN;2;22.01.1977;2;0
BAYDOGAN;2;4.07.1978;2;0
IREFIK;2;15.07.1967;2;0
NECILET;2;5.03.1967;2;0
VERESUL;2;2.05.1964;2;0
MUCELLIB;2;3.12.1963;2;0
MURZEYDIN;2;3.04.1963;2;0
M.ZUBEYIR;2;28.02.1951;2;0
SEVAB;2;7.03.1984;2;0
RIFATDIN;2;22.05.1953;2;0
GUNDUZBEY;2;19.05.1966;2;0
ESDAR;2;2.05.1966;2;0
BOZBAY;2;10.02.1944;2;0
SALIT;2;9.04.1956;2;0
YURTSAY;2;22.03.1976;2;0
AJDER;2;5.04.1976;2;0
LEZDAR;2;24.04.1990;2;0
AGABALA;2;15.02.1947;2;0
MUMIDDIN;2;1.01.1944;2;0
DEMIRSAN;2;1.03.1973;2;0
AZLEN;2;27.06.1951;2;0
ISRAVIL;2;22.12.1958;2;0
ERGIT;2;2.01.1962;2;0
CEZBI;2;22.03.1966;2;0
MEKTUM;2;10.08.1980;2;0
RASIDDIN;2;30.10.1947;2;0
ZEKKERIYE;2;30.12.1974;2;0
CUMHURHAN;2;4.04.1982;2;0
ABTURAHIM;2;10.12.1954;2;0
ERGIC;2;10.10.1977;2;0
SEHZAYI;2;27.10.1942;2;0
UFGUN;2;14.01.1979;2;0
COME;2;3.11.1972;2;0
UCGUNER;2;4.04.1970;2;0
MUSEVDIN;2;13.09.1965;2;0
NUFTULLAH;2;22.04.1963;2;0
ABBAT;2;5.01.1979;2;0
ABDURRAHAN;2;7.10.1969;2;0
ESHATTIN;2;17.09.1974;2;0
MENACETTIN;2;5.02.1975;2;0
ENAT;2;10.11.1952;2;0
MAVIZ;2;1.04.1986;2;0
SURAHBIL;2;7.06.1972;2;0
FAZLU;2;14.05.1975;2;0
DEMIRYASAR;2;28.06.1955;2;0
ZIYADALI;2;3.11.1972;2;0
SIYAHPUS;2;25.11.1935;2;0
BUNYABI;2;14.11.1963;2;0
RAFII;2;4.10.1960;2;0
ZUER;2;1.05.1965;2;0
MUSAMMETTIN;2;9.03.1958;2;0
ABDULGEYLANI;2;2.09.1969;2;0
MASIK;2;28.10.1975;2;0
HAYBATULLAH;2;24.04.1974;2;0
ZEVCETTIN;2;26.10.1963;2;0
UBUDULLAH;2;14.10.1957;2;0
CORU;2;8.09.1939;2;0
IDHAM;2;14.12.1964;2;0
FETHADIN;2;16.01.1970;2;0
BEVAT;2;28.08.1963;2;0
MISHAT;2;17.03.1969;2;0
USUF;2;25.08.1967;2;0
RECEM;2;12.07.1962;2;0
MUSBAHETTIN;2;2.01.1953;2;0
KOLIHAN;2;17.05.1958;2;0
MUETTIN;2;17.11.1964;2;0
TAKIYEDIN;2;13.07.1968;2;0
HEKIMO;2;1.01.1957;2;0
MUSBAHADDIN;2;7.05.1970;2;0
HABEDDIN;2;10.04.1971;2;0
EHDIN;2;30.01.1956;2;0
CIDAYETTIN;2;29.10.1961;2;0
AYETULLA;2;15.04.1973;2;0
CEZMEDDIN;2;27.09.1959;2;0
MUHTEDIN;2;6.03.1984;2;0
GULEMIN;2;2.01.1978;2;0
SAHSAN;2;1.05.1973;2;0
ABUR;2;30.10.1946;2;0
SENAEDDIN;2;19.07.1978;2;0
YASRIP;2;7.08.1971;2;0
FIDAYL;2;1.12.1969;2;0
ABDULSEBIL;2;30.01.1978;2;0
SINULLAH;2;3.01.1962;2;0
ESREFHAN;2;4.06.1958;2;0
HAIT;2;23.07.1952;2;0
CINEYT;2;22.10.1968;2;0
SIYADIN;2;24.04.1960;2;0
ENZELI;2;15.03.1963;2;0
OZEYR;2;26.06.1930;2;0
SEYADDIN;2;25.09.1960;2;0
FEHMEDIN;2;16.01.1977;2;0
AZMAIN;2;14.11.1965;2;0
MUACET;2;4.05.1968;2;0
ZERMEHMET;2;26.11.1965;2;0
HAYBETTIN;2;12.06.1961;2;0
ESRAFI;2;23.10.1982;2;0
AYMEDIN;2;1.01.1987;2;0
MUZBAHADDIN;2;4.12.1972;2;0
YARADIN;2;24.02.1969;2;0
SAFHATULLAH;2;3.05.1974;2;0
SAHABATIN;2;1.01.1969;2;0
AZMETULLAH;2;7.11.1975;2;0
ZAMIN;2;21.02.1969;2;0
ULAMETTIN;2;15.02.1976;2;0
MEZUL;2;20.12.1976;2;0
BIRED;2;13.03.1974;2;0
ABDULBASUT;2;28.04.1971;2;0
FAYDAN;2;5.09.1977;2;0
FETHEDIN;2;20.09.1972;2;0
REFATULLAH;2;15.07.1963;2;0
RAID;2;26.09.1982;2;0
PILING;2;17.04.1950;2;0
ODAY;2;3.02.1987;2;0
NUSLU;2;26.01.1963;2;0
SECETIN;2;3.03.1963;2;0
MUDRUK;2;20.11.1958;2;0
M.GURI;2;29.01.1948;2;0
YUKMEN;2;28.09.1983;2;0
EZMEIN;2;5.03.1954;2;0
DINLER;2;10.11.1971;2;0
ABDULELIM;2;27.05.1960;2;0
HEDYETTULLAH;2;22.02.1964;2;0
MENDIH;2;24.02.1970;2;0
DERBAZHAN;2;15.06.1942;2;0
MEDRES;2;30.08.1977;2;0
ILABI;2;15.04.1971;2;0
CUNEYS;2;4.09.1972;2;0
VALYETTIN;2;27.10.1967;2;0
NERFIL;2;4.02.1962;2;0
RUHHANI;2;19.10.1975;2;0
ISADI;2;14.08.1979;2;0
MADIR;2;1.03.1965;2;0
TUNCAYIR;2;22.04.1961;2;0
ELAATDIN;2;5.01.1939;2;0
MUKRANI;2;9.01.1975;2;0
TAYYARI;2;21.11.1976;2;0
NUHAGA;2;6.09.1967;2;0
SINAYIL;2;7.02.1963;2;0
MUSLAHETTIN;2;12.03.1969;2;0
BURHA;2;17.04.1986;2;0
BURUHAN;2;28.01.1988;2;0
RUHHI;2;7.06.1974;2;0
SATUG;2;11.04.1976;2;0
MUDDES;2;9.04.1950;2;0
YIGITOL;2;27.09.1983;2;0
NILBAY;2;30.12.1983;2;0
ASHET;2;9.05.1974;2;0
MUSAHTI;2;11.11.1949;2;0
SAFAN;2;6.01.1976;2;0
FERECULLAH;2;28.11.1973;2;0
HUSEBI;2;15.02.1982;2;0
HOSABI;2;23.02.1984;2;0
MESHAR;2;28.01.1971;2;0
IVDI;2;29.09.1963;2;0
MUSEHTI;2;20.03.1952;2;0
PIRUZBEY;2;25.07.1971;2;0
ODBAN;2;15.08.1983;2;0
FEGRI;2;30.2.1972;2;0
SILU;2;7.02.1946;2;0
MISAHTI;2;21.03.1970;2;0
UBEYDULAH;2;15.02.1976;2;0
MUAVI;2;24.11.1975;2;0
MUSLUHUTTIN;2;16.09.1970;2;0
KEVKEZ;2;2.06.1975;2;0
MEZBIH;2;10.12.1974;2;0
CEBELIK;2;24.11.1969;2;0
SAVLI;2;6.06.1972;2;0
SEDDIK;2;3.03.1965;2;0
GAFOR;2;23.02.1964;2;0
GEGO;2;2.05.1945;2;0
LESKIRI;2;2.02.1956;2;0
KAVIS;2;27.08.1977;2;0
ABDURGAFUR;2;4.01.1969;2;0
MAGDIT;2;12.02.1971;2;0
EBUBBEKIR;2;24.04.1985;2;0
SAYIB;2;3.01.1965;2;0
REBAR;2;5.09.1983;2;0
MAHRIF;2;30.11.1977;2;0
SETIL;2;17.06.1939;2;0
HANAVDAL;2;10.09.1961;2;0
MAVLUT;2;20.01.1986;2;0
FAKO;2;7.08.1934;2;0
SITARHAN;2;26.03.1960;2;0
VAHIR;2;13.10.1982;2;0
BIJAR;2;2.03.1986;2;0
SERHINK;2;19.01.1960;2;0
HIRO;2;6.08.1939;2;0
GABAR;2;10.09.1991;2;0
SERCAT;2;5.11.1991;2;0
M.TAYYAR;2;4.10.1945;2;0
YAHUDA;2;19.11.1976;2;0
UDAY;2;9.11.1991;2;0
SERADIN;2;5.12.1975;2;0
NAHIF;2;17.05.1935;2;0
BABU;2;18.11.1925;2;0
LATIFHAN;2;13.12.1959;2;0
SERAJDIN;2;27.05.1974;2;0
ABUCET;2;30.09.1974;2;0
FEKKI;2;6.04.1953;2;0
FERCAT;2;10.01.1989;2;0
ABDULKEHAR;2;14.12.1965;2;0
FERMUZSAH;2;25.02.1963;2;0
HAMREVIN;2;2.06.1974;2;0
PERISHAN;2;18.05.1967;2;0
MEHMETHASAN;2;12.04.1965;2;0
ERKAS;2;10.10.1985;2;0
MEHMETHALIS;2;15.10.1976;2;0
DEVRIMCAN;2;17.06.1988;2;0
SERDENGECTI;2;4.01.1960;2;0
SENISI;2;11.11.1965;2;0
KISMIR;2;29.12.1947;2;0
UFKI;2;29.03.1957;2;0
M.HARUN;2;8.11.1959;2;0
GALKAN;2;30.08.1956;2;0
FAHRETTTIN;2;3.05.1973;2;0
MUSTAHATTIN;2;20.11.1976;2;0
NEBIHATTIN;2;10.04.1969;2;0
SELAHHITTIN;2;6.09.1975;2;0
IDAMIN;2;8.03.1977;2;0
SEABETTIN;2;16.03.1964;2;0
FEDRAL;2;16.06.1975;2;0
ABDULAHED;2;20.09.1978;2;0
ERKANAT;2;22.04.1983;2;0
SELAHIDTIN;2;26.11.1974;2;0
HURBILEK;2;8.08.1971;2;0
LEOMAN;2;15.03.1960;2;0
MAHIRCIHAN;2;14.05.1984;2;0
PERDAH;2;12.05.1969;2;0
VEREL;2;27.09.1976;2;0
DURBIL;2;15.06.1957;2;0
YUSUFISLAM;2;11.10.1989;2;0
RESHUL;2;4.11.1973;2;0
SANTURK;2;7.04.1978;2;0
ESAAT;2;25.03.1941;2;0
NURADEM;2;23.06.1972;2;0
OCCAN;2;29.01.1974;2;0
ESBEN;2;21.11.1963;2;0
MIRDAMAT;2;7.04.1946;2;0
AMOS;2;27.03.1950;2;0
VURALI;2;20.03.1974;2;0
ZEREFETTIN;2;13.05.1969;2;0
KANIBEY;2;15.01.1971;2;0
TEGMAN;2;29.08.1948;2;0
TANDOGDU;2;13.04.1953;2;0
TEMIRAZ;2;13.10.1937;2;0
EKEM;2;18.10.1969;2;0
AGABABA;2;2.12.1939;2;0
TEMURAZ;2;20.03.1948;2;0
NAZRETTIN;2;20.04.1961;2;0
TASTEN;2;5.11.1948;2;0
BALACOBAN;2;24.12.1931;2;0
FATALI;2;8.09.1962;2;0
ASDAN;2;28.09.1948;2;0
AYVAZBALI;2;8.06.1981;2;0
SEYFULMULK;2;12.02.1975;2;0
NECEDIN;2;7.12.1955;2;0
DEDEKORKUT;2;28.07.1987;2;0
TOSO;2;11.08.1936;2;0
TOYDEMIR;2;26.01.1951;2;0
ERENGUC;2;15.12.1968;2;0
CENTAY;2;30.08.1974;2;0
KAMU;2;17.02.1980;2;0
CEMASAP;2;10.12.1946;2;0
KUDVETTIN;2;6.12.1954;2;0
KUTVETIN;2;4.01.1973;2;0
TARHATTIN;2;19.10.1952;2;0
CASIP;2;3.04.1959;2;0
HESO;2;24.06.1928;2;0
NEHET;2;2.06.1969;2;0
HANTAHIR;2;29.01.1938;2;0
SUBHATTIN;2;20.11.1954;2;0
BINAYIM;2;12.02.1959;2;0
FEYZIRAHMAN;2;12.02.1974;2;0
TAYYAP;2;29.09.1946;2;0
MEPUS;2;20.08.1966;2;0
SEYBI;2;2.10.1972;2;0
ATAMAY;2;11.09.1957;2;0
MUSIM;2;19.04.1958;2;0
MEGSUT;2;17.10.1964;2;0
HUNDAR;2;13.09.1984;2;0
KEYHUN;2;20.09.1969;2;0
DURAR;2;9.02.1948;2;0
GENCLIK;2;22.06.1970;2;0
AHMEDALI;2;21.10.1968;2;0
ABBASHAN;2;2.11.1983;2;0
TANBAY;2;30.12.1969;2;0
ALIMAHIR;2;27.05.1954;2;0
FERHADIN;2;30.01.1962;2;0
HANMEMET;2;2.06.1938;2;0
CELALHAN;2;26.04.1961;2;0
HURSOY;2;21.08.1972;2;0
SULEHETTIN;2;27.09.1949;2;0
MILEZIM;2;12.10.1964;2;0
MUFTALI;2;12.08.1929;2;0
KASIN;2;30.2.1970;2;0
NIHADIN;2;7.04.1954;2;0
BADAL;2;30.08.1941;2;0
BEGSAFA;2;28.09.1962;2;0
YUCEYURT;2;2.03.1976;2;0
MEMETSAKIR;2;3.10.1971;2;0
SUKRUKAYA;2;2.09.1972;2;0
AHMETCIHAN;2;26.07.1988;2;0
NECDIM;2;19.10.1951;2;0
DALGIC;2;10.06.1947;2;0
SAVACI;2;23.03.1955;2;0
MEMETCEMIL;2;29.11.1971;2;0
ABDUHAMIT;2;27.07.1961;2;0
SUHATTIN;2;19.09.1956;2;0
SEBAATIN;2;2.02.1957;2;0
ELEDIN;2;20.03.1973;2;0
APTULRAHMAN;2;24.02.1954;2;0
SULFEDDIN;2;7.09.1954;2;0
ABDULREHMEN;2;14.03.1952;2;0
MUMDAZ;2;29.08.1964;2;0
FAHSIT;2;2.11.1961;2;0
EFRAYI;2;27.04.1958;2;0
FAYRETTIN;2;1.12.1956;2;0
CEMHASAN;2;27.04.1969;2;0
PIRSEFA;2;9.09.1973;2;0
ILGAS;2;14.12.1944;2;0
FARS;2;19.10.1963;2;0
LIFAZ;2;2.05.1939;2;0
ELENDER;2;29.01.1956;2;0
FERHAK;2;21.08.1986;2;0
HALISBEY;2;22.05.1967;2;0
ERGAHI;2;20.10.1962;2;0
ESAMETDIN;2;10.02.1956;2;0
MUTALIF;2;23.08.1974;2;0
MUSLATTIN;2;11.04.1952;2;0
DORTLER;2;24.05.1952;2;0
AYYAR;2;20.12.1969;2;0
HUBBADE;2;27.06.1949;2;0
ABDULYAHYA;2;23.02.1969;2;0
MEMEDULLAH;2;13.12.1956;2;0
BAYBEYI;2;19.03.1937;2;0
BUMUN;2;8.11.1979;2;0
FAYLAT;2;9.03.1963;2;0
KUDTUSI;2;15.05.1950;2;0
IRAMADAN;2;17.02.1954;2;0
SARPKAYA;2;22.04.1972;2;0
BILHAMI;2;21.02.1974;2;0
SURSIT;2;19.06.1970;2;0
YETISCAN;2;11.02.1960;2;0
ALBUS;2;9.12.1956;2;0
KANTEMIR;2;14.03.1946;2;0
SUCATDIN;2;14.07.1964;2;0
MUHTEMIT;2;12.10.1960;2;0
SERVETDIN;2;13.03.1966;2;0
AYDINHAN;2;21.01.1973;2;0
KOCZADE;2;25.10.1967;2;0
MITATCAN;2;7.12.1985;2;0
M.ERCUMENT;2;2.04.1967;2;0
YIGITCEM;2;13.05.1990;2;0
ERSADI;2;6.06.1964;2;0
FARAMIS;2;13.01.1968;2;0
ERDENEL;2;6.01.1975;2;0
BADIYEL;2;2.10.1965;2;0
EBULLEYS;2;19.04.1971;2;0
ERCAYI;2;18.05.1957;2;0
TEVRIL;2;1.11.1959;2;0
SELAADTIN;2;29.04.1972;2;0
OKSENT;2;6.12.1962;2;0
FAYETTIN;2;1.12.1961;2;0
BERRATIN;2;25.10.1948;2;0
ERHEN;2;27.10.1981;2;0
ERGANT;2;17.06.1970;2;0
MAHAMER;2;11.02.1959;2;0
RECATI;2;11.01.1953;2;0
ILIMSAH;2;23.12.1969;2;0
GURDAR;2;21.09.1973;2;0
SERAATTIN;2;16.09.1972;2;0
SAHMENDAR;2;1.04.1958;2;0
YIGID;2;24.08.1978;2;0
BARBOROZ;2;28.03.1962;2;0
SOYSEVER;2;30.05.1950;2;0
GULEYDIN;2;22.11.1964;2;0
VELIULLAH;2;14.12.1938;2;0
ISOVA;2;8.08.1929;2;0
MUZATUG;2;7.03.1973;2;0
MURTECEP;2;8.01.1975;2;0
ERIDUN;2;20.02.1953;2;0
TURKON;2;17.01.1973;2;0
SALIIBRAM;2;25.08.1968;2;0
LIVAYDIN;2;8.10.1963;2;0
HAVNI;2;6.10.1965;2;0
HERSAN;2;6.01.1961;2;0
NESAMETTIN;2;13.12.1974;2;0
MECIDDIN;2;5.04.1949;2;0
ZERULLAH;2;20.06.1960;2;0
CEMKAN;2;23.06.1982;2;0
HURSADI;2;22.05.1952;2;0
DEDIS;2;15.04.1968;2;0
ZENHUR;2;15.09.1974;2;0
BARSAUM;2;28.02.1947;2;0
YURTOKUL;2;16.01.1961;2;0
MUCAIDIN;2;7.10.1961;2;0
SELEATDIN;2;20.01.1951;2;0
CIVANALI;2;23.06.1964;2;0
URFAI;2;29.02.1960;2;0
M.FIRAT;2;23.08.1968;2;0
REYYEM;2;23.10.1955;2;0
NEFATIN;2;25.11.1941;2;0
HAKIT;2;13.10.1959;2;0
CAMBEL;2;14.01.1951;2;0
HACCIM;2;17.06.1969;2;0
CURRE;2;6.08.1957;2;0
BUNAMI;2;14.10.1971;2;0
EBUSEF;2;25.04.1979;2;0
M.MEHDIN;2;27.03.1971;2;0
EJMAL;2;21.02.1975;2;0
MIHRAMI;2;30.2.1955;2;0
AKUCAN;2;24.09.1953;2;0
BEHISTI;2;23.10.1989;2;0
MADO;2;8.12.1934;2;0
HACIEMIR;2;30.06.1937;2;0
GALO;2;22.09.1955;2;0
MUHASIP;2;8.01.1970;2;0
ABDURSAMET;2;24.05.1959;2;0
KUBUS;2;18.05.1950;2;0
ABDULSEFA;2;21.09.1963;2;0
YEMLEHAN;2;11.04.1957;2;0
ELKAMA;2;19.05.1967;2;0
ABDUSSETTER;2;5.04.1950;2;0
DANKIN;2;20.10.1985;2;0
HAMAT;2;17.06.1942;2;0
IBISI;2;17.12.1970;2;0
DEVREM;2;21.11.1976;2;0
ERNUH;2;13.02.1965;2;0
ILEVI;2;12.04.1977;2;0
YENERHAN;2;8.01.1988;2;0
SANAIF;2;27.09.1964;2;0
APTULHALIK;2;30.12.1968;2;0
KASIMHAN;2;16.08.1975;2;0
EMBIR;2;22.09.1983;2;0
GUNTEK;2;11.10.1957;2;0
DEVUT;2;26.09.1960;2;0
ABDUN;2;22.05.1969;2;0
KAFLEN;2;6.06.1968;2;0
BATTALHAN;2;18.03.1985;2;0
ECAVIT;2;18.05.1963;2;0
MUZAHITTIN;2;11.08.1959;2;0
FEDAVI;2;12.04.1968;2;0
HALILETTIN;2;3.11.1969;2;0
NAMUKKEMAL;2;6.01.1963;2;0
MUASSEN;2;9.12.1940;2;0
COLHAN;2;9.01.1976;2;0
ENTUM;2;9.07.1973;2;0
GOKYUZU;2;18.04.1989;2;0
BULAN;2;5.01.1961;2;0
ALPAYHAN;2;13.12.1974;2;0
M.ASAF;2;20.08.1936;2;0
OZKAM;2;25.06.1970;2;0
MUKADDIN;2;6.04.1962;2;0
KORAT;2;24.01.1984;2;0
FERAMUN;2;17.11.1953;2;0
BERKEMAL;2;22.06.1971;2;0
SAVURAN;2;1.10.1959;2;0
NEVZATCAN;2;16.08.1988;2;0
YUVAN;2;23.11.1956;2;0
DAMAR;2;30.03.1969;2;0
TURGAYI;2;15.11.1957;2;0
ERYASIN;2;15.02.1971;2;0
ABITCAN;2;25.08.1947;2;0
IFRAL;2;28.10.1950;2;0
MEVLIDI;2;1.11.1954;2;0
SERACITTIN;2;7.08.1964;2;0
IZAFI;2;27.06.1961;2;0
TOYER;2;8.11.1986;2;0
BEHRENG;2;7.07.1983;2;0
ABDULCIHAT;2;30.04.1963;2;0
CANMETIN;2;10.12.1975;2;0
IFLAH;2;6.08.1972;2;0
OZLEMIM;2;29.03.1968;2;0
ALPERCAN;2;30.01.1984;2;0
OGUZSAN;2;4.08.1991;2;0
ULAMI;2;13.04.1961;2;0
ABISEF;2;17.08.1955;2;0
MEDIL;2;25.05.1967;2;0
BAGCALI;2;2.08.1933;2;0
FERRUHCAN;2;9.08.1957;2;0
NUSHI;2;1.03.1966;2;0
GUNTAR;2;3.07.1980;2;0
ESENALI;2;27.10.1980;2;0
CANSAIT;2;26.02.1984;2;0
HETIM;2;2.01.1952;2;0
ISLAMER;2;21.10.1985;2;0
TEKINHAN;2;28.01.1964;2;0
RAIFCAN;2;1.08.1989;2;0
KANEL;2;11.10.1982;2;0
GURBUZHAN;2;17.08.1976;2;0
SAMUK;2;21.03.1973;2;0
HASANAGA;2;10.08.1950;2;0
NUVARAN;2;8.12.1976;2;0
NIGMEN;2;8.03.1963;2;0
EKRAMIN;2;14.09.1965;2;0
EBRAIL;2;10.09.1964;2;0
DANYEN;2;3.12.1963;2;0
ABDULNABI;2;8.09.1956;2;0
BIRHEN;2;30.01.1972;2;0
MUVVAFFAK;2;15.08.1966;2;0
OMRUME;2;18.03.1970;2;0
FARUS;2;28.09.1968;2;0
MAKSUNU;2;9.07.1974;2;0
NUSRETCAN;2;14.10.1991;2;0
NUHUL;2;30.03.1951;2;0
SABITAY;2;2.11.1964;2;0
AHIYET;2;24.12.1983;2;0
NECEMETTIN;2;13.01.1968;2;0
FAGRUK;2;14.05.1974;2;0
ATLAY;2;12.11.1962;2;0
BESTANE;2;21.08.1974;2;0
KUDIS;2;12.06.1965;2;0
OSMAL;2;17.10.1954;2;0
BEGZO;2;3.06.1956;2;0
KADERULLAH;2;2.02.1977;2;0
SUCAATDIN;2;14.02.1948;2;0
ERGIHAN;2;1.08.1972;2;0
RAHSIN;2;12.07.1956;2;0
ILBA;2;20.05.1973;2;0
ABDULSADI;2;29.03.1963;2;0
MUSITTIN;2;23.01.1979;2;0
YILTEKIN;2;25.02.1978;2;0
MAFUK;2;4.01.1959;2;0
AHDET;2;17.03.1985;2;0
MUTESEM;2;22.05.1987;2;0
REFHAT;2;10.10.1971;2;0
VETTIN;2;30.06.1968;2;0
HAMANULLAH;2;5.09.1978;2;0
ABDULFEHMI;2;15.08.1962;2;0
RECAHIL;2;26.11.1954;2;0
HADAYAT;2;11.01.1971;2;0
MUDDESSIR;2;27.07.1974;2;0
SIYHMUS;2;16.11.1961;2;0
GURCAM;2;1.05.1970;2;0
MUZAFERETTIN;2;24.05.1926;2;0
GOKBER;2;10.08.1984;2;0
GALEN;2;11.12.1988;2;0
NADIRCAN;2;18.03.1979;2;0
YUREGIR;2;17.01.1956;2;0
ABDULVARIS;2;12.05.1974;2;0
BARAKAT;2;29.07.1973;2;0
FASI;2;6.03.1971;2;0
YEMANET;2;6.01.1985;2;0
ABDULGEFUR;2;13.10.1984;2;0
SEBGITULLAH;2;21.09.1975;2;0
SEHREDDIN;2;5.11.1942;2;0
GULLEDIN;2;22.07.1970;2;0
GASO;2;5.08.1957;2;0
ERAM;2;12.09.1975;2;0
YAFI;2;27.08.1968;2;0
GULERTAN;2;27.07.1976;2;0
ALTUGU;2;9.05.1971;2;0
ERBILIR;2;10.05.1961;2;0
FAZILCAN;2;20.03.1987;2;0
TAKAIDDIN;2;11.12.1964;2;0
KIZIL;2;2.03.1973;2;0
AHMEDIL;2;7.02.1973;2;0
BAHUR;2;13.08.1971;2;0
ABDUNUR;2;5.07.1972;2;0
HUSAMATTIN;2;24.03.1962;2;0
IHAT;2;9.10.1959;2;0
TANYURT;2;23.06.1958;2;0
TUNCSEL;2;4.05.1985;2;0
KUTTIS;2;4.08.1962;2;0
AHUN;2;25.08.1978;2;0
SELAMEDIN;2;16.08.1968;2;0
ABDULHENAN;2;24.01.1991;2;0
YAHYATTIN;2;16.07.1956;2;0
IMZAT;2;15.01.1956;2;0
IZBEH;2;18.06.1981;2;0
ALISADI;2;12.05.1965;2;0
MUCEN;2;15.05.1978;2;0
IDYAP;2;12.02.1971;2;0
ONKER;2;25.09.1978;2;0
MUKEYIL;2;25.08.1958;2;0
OLE;2;4.08.1967;2;0
M.SERDAR;2;30.11.1974;2;0
VOLKAY;2;2.04.1987;2;0
MINZIR;2;12.12.1970;2;0
K.OSMAN;2;28.05.1976;2;0
BELKAYA;2;2.05.1980;2;0
CANBAHADIR;2;27.06.1969;2;0
ARSLANBERK;2;13.07.1978;2;0
CRISTINEL;2;7.10.1973;2;0
AKVER;2;17.07.1975;2;0
YAHUZER;2;10.10.1945;2;0
ATABAN;2;23.11.1960;2;0
SERTUR;2;23.01.1983;2;0
RUSETTIN;2;22.01.1973;2;0
NASU;2;1.01.1969;2;0
MANSUN;2;14.03.1965;2;0
MEHMETER;2;23.10.1981;2;0
MUSEYRI;2;4.11.1974;2;0
RASIMCAN;2;6.11.1987;2;0
SAITDIN;2;24.03.1959;2;0
SABAHATTIH;2;16.02.1971;2;0
CEMALIN;2;18.01.1970;2;0
NECAHADDIN;2;5.10.1963;2;0
RUSTUCAN;2;30.07.1984;2;0
SANDUR;2;30.09.1958;2;0
EZAY;2;16.12.1961;2;0
EROKAN;2;5.10.1974;2;0
ACARKAN;2;12.10.1988;2;0
SUVA;2;6.03.1976;2;0
BATULAY;2;12.10.1974;2;0
OMERSAN;2;12.11.1981;2;0
NASIRETTIN;2;1.02.1966;2;0
CANEP;2;1.08.1979;2;0
TARKANT;2;6.05.1976;2;0
OKAT;2;25.07.1973;2;0
TERMIZ;2;6.07.1942;2;0
CEZAVIR;2;15.02.1969;2;0
CIVANSIR;2;28.10.1983;2;0
VAHIZ;2;28.04.1951;2;0
BAADIR;2;16.08.1971;2;0
LEVRI;2;9.07.1954;2;0
OKKEC;2;12.08.1965;2;0
AHENCAN;2;17.04.1947;2;0
NUAYIM;2;23.09.1968;2;0
MIKDED;2;6.04.1974;2;0
IBRAHIIM;2;4.08.1991;2;0
ABDULISLAM;2;29.10.1976;2;0
GABBAR;2;21.04.1988;2;0
AHMETCEMIL;2;18.05.1969;2;0
SALMEN;2;28.08.1966;2;0
ABDUSSATTAR;2;6.01.1972;2;0
AYTEMIR;2;11.03.1963;2;0
TUGREL;2;6.08.1973;2;0
KOL;2;4.01.1972;2;0
ISHADE;2;12.09.1967;2;0
VECTTIN;2;30.07.1980;2;0
BACET;2;2.04.1962;2;0
MIDAHI;2;5.09.1958;2;0
OZILTER;2;29.05.1975;2;0
DERSAH;2;26.11.1982;2;0
MUHAMA;2;10.12.1952;2;0
SELHAMI;2;8.11.1968;2;0
SAHOSMAN;2;6.08.1968;2;0
MUZAFFERITTIN;2;5.06.1925;2;0
MUHIBETTIN;2;13.03.1974;2;0
ILIVI;2;20.12.1943;2;0
TILAMUZ;2;19.10.1959;2;0
ABDULCAPPAR;2;28.05.1954;2;0
SAHABBETIN;2;17.04.1964;2;0
ERBILEK;2;3.04.1975;2;0
ALISINA;2;30.08.1990;2;0
MEVLUDI;2;18.08.1956;2;0
CANEMRE;2;12.03.1985;2;0
BECCET;2;27.07.1961;2;0
RESULULLAH;2;19.08.1978;2;0
SABAHTTIN;2;10.05.1962;2;0
AZBAN;2;16.05.1952;2;0
SUPHEDIN;2;7.06.1974;2;0
ULUSU;2;8.12.1983;2;0
ASFUR;2;21.08.1974;2;0
NEZIRETTIN;2;17.07.1966;2;0
DOUKAN;2;30.07.1991;2;0
YUCETAN;2;17.03.1984;2;0
BAGRAN;2;15.10.1959;2;0
HUNTURK;2;13.02.1967;2;0
BUKREMIN;2;7.01.1976;2;0
YEMILHA;2;26.07.1956;2;0
ABDULZEKI;2;21.11.1972;2;0
NUSETTIN;2;25.06.1979;2;0
CIYAR;2;22.12.1981;2;0
RAYBER;2;5.08.1963;2;0
PAMO;2;13.03.1930;2;0
TAGMER;2;29.08.1967;2;0
OZYUREK;2;15.04.1955;2;0
MEYRULLAH;2;26.01.1955;2;0
HACIEFENDI;2;7.02.1958;2;0
GUMUKUN;2;24.04.1948;2;0
GULKAHAN;2;18.02.1980;2;0
GIRMEN;2;21.01.1971;2;0
TACIILMAZ;2;21.06.1945;2;0
MUSTUN;2;26.03.1980;2;0
KORBANBAY;2;1.04.1972;2;0
GAMMER;2;9.06.1976;2;0
AHNUN;2;12.12.1983;2;0
HIDAYYET;2;28.02.1961;2;0
MUSHER;2;23.05.1973;2;0
SINAHMET;2;2.04.1975;2;0
CEPAR;2;17.02.1966;2;0
TUCCANE;2;24.03.1961;2;0
OMRUMEYYA;2;8.06.1973;2;0
MIKAGIL;2;3.09.1990;2;0
LUVERAN;2;17.03.1957;2;0
ALEETIN;2;19.08.1970;2;0
SINANPASA;2;21.01.1972;2;0
ILAMEDIN;2;29.11.1966;2;0
ESIRGEN;2;27.08.1984;2;0
NUKAY;2;26.01.1982;2;0
ZUNNURI;2;27.07.1971;2;0
MUHAZ;2;13.03.1983;2;0
VAHHAC;2;22.12.1985;2;0
NAYFEL;2;30.08.1968;2;0
ABDULGAFFARI;2;5.08.1963;2;0
S.ABDURRAHMAN;2;24.08.1948;2;0
SERAFFEDDIN;2;22.09.1966;2;0
ABBIDIN;2;24.11.1971;2;0
SEG;2;9.03.1961;2;0
ABURRAHMAN;2;5.09.1982;2;0
MADRAN;2;5.08.1968;2;0
NUVFEL;2;4.06.1980;2;0
TEKGUN;2;20.02.1980;2;0
HASALI;2;28.07.1961;2;0
CIMA;2;20.06.1953;2;0
GURIS;2;9.11.1964;2;0
MUALI;2;22.05.1952;2;0
SIHBEY;2;7.07.1967;2;0
ALICELAL;2;11.04.1979;2;0
EVLAT;2;3.12.1940;2;0
HACIRAMAZAN;2;7.10.1951;2;0
KACO;2;21.04.1958;2;0
NOYFER;2;25.08.1982;2;0
MUZAETTIN;2;16.02.1960;2;0
MEHMETILYAS;2;22.02.1985;2;0
ZAYNAL;2;10.02.1961;2;0
MULIK;2;28.10.1967;2;0
RIFHET;2;27.09.1969;2;0
MIRTEZA;2;25.05.1964;2;0
HURDOGDU;2;11.11.1968;2;0
SUBAYIR;2;25.11.1963;2;0
BINYAME;2;14.04.1964;2;0
GUNNAM;2;11.11.1964;2;0
ABDULVAHDETTIN;2;28.07.1969;2;0
MUKKAIL;2;28.05.1968;2;0
APDUS;2;23.03.1934;2;0
SAADEDTIN;2;17.01.1964;2;0
APTULHAY;2;2.08.1939;2;0
OZAND;2;23.10.1957;2;0
GURZ;2;18.02.1984;2;0
TUGLUHAN;2;7.09.1979;2;0
FERULLAH;2;9.09.1967;2;0
MITRAP;2;9.08.1970;2;0
KADIRALP;2;12.01.1974;2;0
DEHRAN;2;24.04.1967;2;0
AKUN;2;8.09.1958;2;0
MUSTIL;2;10.01.1952;2;0
DOLUBEY;2;25.07.1976;2;0
ALIYULLAH;2;24.04.1939;2;0
NEFTAL;2;19.06.1983;2;0
ANDREI;2;2.08.1987;2;0
MUSTAA;2;17.01.1986;2;0
TIMUCUN;2;23.02.1974;2;0
ZOHEYIR;2;5.01.1970;2;0
IZANUR;2;14.01.1962;2;0
BARKI;2;23.11.1951;2;0
ATATUR;2;19.11.1948;2;0
RAITTIN;2;16.06.1958;2;0
DEMIRDAG;2;29.05.1953;2;0
BEDRITDIN;2;20.09.1974;2;0
HURMETIN;2;2.10.1968;2;0
IBRUS;2;21.01.1944;2;0
BEHEADDIN;2;25.04.1967;2;0
BASARGAN;2;4.10.1974;2;0
ROKET;2;22.08.1971;2;0
ERLIMAN;2;14.07.1959;2;0
EMIM;2;19.04.1953;2;0
ADALEDDIN;2;18.12.1950;2;0
M.SEVKI;2;14.11.1942;2;0
EKVAN;2;25.03.1966;2;0
IRIFAT;2;15.09.1956;2;0
NUHUTTIN;2;3.05.1974;2;0
HIMMED;2;20.11.1955;2;0
DOGMUS;2;23.10.1955;2;0
VUCUDI;2;19.08.1962;2;0
NIYABI;2;30.2.1945;2;0
FIDAYIT;2;10.10.1977;2;0
ERDOL;2;3.05.1957;2;0
ELYASI;2;26.08.1970;2;0
M.BAYRAM;2;8.09.1956;2;0
YETISTI;2;11.12.1954;2;0
SADUM;2;4.03.1966;2;0
KEREMETTIN;2;7.05.1982;2;0
ELCIVAN;2;4.11.1976;2;0
AYAVAR;2;11.07.1958;2;0
ERMI;2;4.03.1969;2;0
NEBHAN;2;5.07.1969;2;0
SEZERI;2;19.02.1961;2;0
ANDREY;2;28.02.1990;2;0
UNYOL;2;26.08.1978;2;0
KUDRETDIN;2;5.04.1972;2;0
NEDAHI;2;19.08.1977;2;0
MEZRAP;2;3.03.1954;2;0
BILATTIN;2;23.05.1949;2;0
UFAT;2;17.08.1963;2;0
BABACIK;2;2.07.1941;2;0
FEDAIYI;2;26.02.1962;2;0
FAKIN;2;21.03.1960;2;0
VATANAY;2;14.03.1977;2;0
MULLAH;2;26.01.1962;2;0
CIVER;2;25.12.1969;2;0
VELIYYIDDIN;2;23.01.1948;2;0
KUSREV;2;3.11.1971;2;0
HAYIRMEHMET;2;23.02.1976;2;0
MERGIZAT;2;14.11.1962;2;0
ZUHRAB;2;8.10.1963;2;0
CASSIM;2;26.12.1961;2;0
KADIOGLU;2;7.05.1985;2;0
OMUROL;2;2.05.1973;2;0
NUHETTIN;2;4.02.1949;2;0
SEZERAN;2;10.12.1969;2;0
MUHIK;2;22.05.1955;2;0
MUNYEMIN;2;21.01.1967;2;0
ALIDUR;2;24.05.1958;2;0
TUFRAN;2;9.02.1948;2;0
ZAHADDIN;2;16.11.1953;2;0
LECIN;2;11.09.1949;2;0
MUSEVVIT;2;7.01.1955;2;0
SINAMEDDIN;2;15.05.1964;2;0
PEKSOY;2;19.06.1986;2;0
ALASGER;2;25.05.1954;2;0
SORHUN;2;2.02.1968;2;0
YUNUSALI;2;22.02.1955;2;0
BEYHES;2;3.02.1975;2;0
TUMURHAN;2;28.03.1964;2;0
ERNST;2;23.02.1961;2;0
ERKUDER;2;2.08.1939;2;0
TIMMUR;2;21.07.1984;2;0
HAKANALI;2;1.01.1981;2;0
TOROSHAN;2;16.02.1988;2;0
EBUDDERDA;2;15.08.1952;2;0
GURFIRAT;2;16.01.1981;2;0
TED;2;8.07.1980;2;0
ARDESIR;2;22.06.1965;2;0
NURSAMET;2;25.01.1983;2;0
OGUNCAN;2;2.08.1988;2;0
ALPKUT;2;7.10.1980;2;0
MIRHAMIT;2;1.12.1966;2;0
NISANLI;2;17.01.1985;2;0
ATASAHIN;2;5.01.1969;2;0
AZAB;2;4.08.1963;2;0
CEKDER;2;24.06.1991;2;0
HANDEVI;2;21.06.1978;2;0
TUGRULLAH;2;2.08.1964;2;0
REZETTIN;2;9.09.1950;2;0
SEVKETALI;2;18.10.1969;2;0
NEZLAT;2;12.09.1953;2;0
SADULLLAH;2;18.01.1990;2;0
BAFRAN;2;18.07.1959;2;0
ABIDUN;2;8.08.1967;2;0
EFKAL;2;24.02.1986;2;0
ERTUNE;2;15.03.1973;2;0
USLUM;2;1.08.1977;2;0
ZUHAYIR;2;13.10.1973;2;0
ABDURRAHAMAN;2;17.02.1982;2;0
TANKUD;2;1.08.1957;2;0
MANZUM;2;9.06.1972;2;0
CELILHAN;2;14.02.1980;2;0
ALPA;2;17.07.1957;2;0
NURHAKAN;2;7.07.1980;2;0
SEYITRIZA;2;4.06.1971;2;0
VURDAL;2;7.10.1972;2;0
HUNKAS;2;27.05.1956;2;0
TEKNAIL;2;12.08.1979;2;0
UMUTER;2;22.11.1957;2;0
ALIEDDIN;2;25.06.1966;2;0
OKKASE;2;21.03.1978;2;0
CANANBEY;2;17.02.1969;2;0
BERKOZ;2;28.02.1944;2;0
SALAVAT;2;13.01.1981;2;0
ERSUMER;2;27.10.1960;2;0
EBUBEKKIR;2;26.01.1982;2;0
ISLAMBEK;2;13.07.1985;2;0
SAGIR;2;5.02.1972;2;0
MUDAM;2;21.05.1977;2;0
SALIHITTIN;2;10.01.1955;2;0
ALLAN;2;18.08.1974;2;0
UZBAY;2;17.07.1989;2;0
SAHRUH;2;21.03.1963;2;0
PESIN;2;11.08.1966;2;0
KOSALI;2;30.03.1956;2;0
BAYTUGAN;2;19.03.1981;2;0
BIRAMETTIN;2;11.12.1953;2;0
NAGIF;2;12.09.1963;2;0
SOYDAL;2;11.11.1971;2;0
PIRKADEM;2;2.10.1968;2;0
PURYAMI;2;14.02.1962;2;0
ZEKVAN;2;20.11.1986;2;0
ELKAS;2;27.03.1954;2;0
MURSELLIM;2;27.11.1972;2;0
CANBASAR;2;4.06.1975;2;0
ESVEDIN;2;24.02.1964;2;0
ISMAILCEM;2;15.04.1985;2;0
ERSIT;2;24.10.1974;2;0
MUHAMMEDUN;2;28.01.1975;2;0
SARTAC;2;10.09.1981;2;0
BUGRAK;2;20.05.1981;2;0
OKSUN;2;7.09.1985;2;0
DALMAN;2;18.01.1957;2;0
CENGIR;2;4.12.1962;2;0
KIPCAK;2;5.11.1949;2;0
TARRAN;2;13.12.1954;2;0
BAHRIYAR;2;19.12.1951;2;0
CAGAHAN;2;2.07.1980;2;0
NAGIB;2;22.10.1956;2;0
TAMAC;2;8.08.1977;2;0
M.MUTLU;2;15.09.1971;2;0
M.TEYFIK;2;2.05.1951;2;0
BERGAY;2;21.02.1979;2;0
SAIMER;2;6.11.1957;2;0
BAHANGIR;2;3.08.1955;2;0
HELMUT;2;15.07.1965;2;0
ASKHAN;2;21.07.1970;2;0
GUFRANI;2;2.04.1963;2;0
SALIHMURAT;2;18.04.1972;2;0
CARL;2;2.01.1963;2;0
KARSTEN;2;9.04.1987;2;0
KURTBOKE;2;7.06.1984;2;0
AYVAT;2;18.06.1964;2;0
HURUSTEM;2;25.07.1976;2;0
DURAFET;2;9.03.1961;2;0
SELVANT;2;8.07.1958;2;0
PEYDULLAH;2;29.09.1991;2;0
SEHOMER;2;14.03.1957;2;0
NURFEDDIN;2;19.11.1964;2;0
CELIKHAN;2;8.01.1974;2;0
MEHMETAVNI;2;16.09.1952;2;0
ZEHMI;2;6.12.1969;2;0
DERYADIL;2;10.03.1967;2;0
SAHNUZ;2;30.03.1962;2;0
OZBUG;2;16.10.1962;2;0
DURBALI;2;19.03.1971;2;0
HERDOGAN;2;17.06.1970;2;0
SETVAN;2;27.02.1963;2;0
HASANMURAT;2;26.07.1977;2;0
AYBATUR;2;18.10.1989;2;0
SAHANDIS;2;14.01.1965;2;0
HALITPASA;2;22.09.1976;2;0
APTULAZIM;2;13.02.1965;2;0
NAHMI;2;16.08.1967;2;0
DIKREN;2;18.10.1971;2;0
MEHMIS;2;17.06.1963;2;0
HUSETTIN;2;14.06.1963;2;0
VELISAH;2;12.12.1966;2;0
SEYFUS;2;11.05.1955;2;0
KEVNIN;2;27.06.1941;2;0
HASMEDDIN;2;5.10.1959;2;0
NEZAREDDIN;2;24.04.1943;2;0
CANGIRAY;2;15.07.1981;2;0
SEBAHATTTIN;2;10.02.1971;2;0
TEMINER;2;15.12.1968;2;0
REVAIT;2;14.01.1969;2;0
ILAHIM;2;12.05.1967;2;0
SEZAMETTIN;2;22.12.1960;2;0
MUSTADIN;2;1.10.1981;2;0
NASIL;2;17.01.1978;2;0
HIDIRSAH;2;24.09.1982;2;0
GURZALP;2;30.03.1981;2;0
MUHADIL;2;28.06.1970;2;0
SEYYIDDIN;2;28.03.1966;2;0
SELAYIDDIN;2;27.05.1956;2;0
IRIZVAN;2;24.09.1963;2;0
BOGU;2;7.07.1982;2;0
MUDHAT;2;14.03.1958;2;0
URSAY;2;26.03.1983;2;0
DUACI;2;1.06.1946;2;0
ERVAYI;2;21.07.1963;2;0
VELISEN;2;29.07.1967;2;0
SEYDINC;2;22.04.1985;2;0
SEMHI;2;26.05.1958;2;0
DUNYABIR;2;16.04.1963;2;0
CEBBARI;2;30.05.1954;2;0
BAHETDIN;2;1.03.1956;2;0
CULUSI;2;28.02.1972;2;0
HELLEZ;2;14.05.1957;2;0
RUKNITTIN;2;19.10.1967;2;0
GUSUP;2;29.06.1937;2;0
DOGUC;2;16.01.1960;2;0
RASITTIN;2;20.03.1952;2;0
HUSEMITTIN;2;7.10.1960;2;0
BALKIRAY;2;17.10.1961;2;0
MAHIDDIN;2;6.03.1961;2;0
SABEHITTIN;2;28.06.1971;2;0
TACEN;2;15.11.1970;2;0
BENZEDE;2;15.11.1940;2;0
CETINOL;2;14.02.1958;2;0
MISDO;2;10.11.1930;2;0
TEC;2;20.12.1957;2;0
RISKALLA;2;15.09.1951;2;0
ABDULFERT;2;19.01.1954;2;0
PESVAR;2;5.01.1968;2;0
KAKGO;1;12.08.1935;1;0
MIYELZEL;1;28.11.1955;1;0
SEYIK;1;12.04.1946;1;0
TAHTI;1;26.07.1978;1;0
KUCAN;1;22.10.1979;1;0
MEHMETTURAN;1;10.03.1950;1;0
CUBEYR;1;6.07.1984;1;0
IRCAIL;1;29.2.1957;1;0
NUSAHAT;1;19.03.1967;1;0
TECATI;1;5.09.1970;1;0
NUKRUHAN;1;22.02.1961;1;0
EDIZER;1;30.08.1990;1;0
EHRAL;1;22.08.1949;1;0
ABUZERCAN;1;9.04.1957;1;0
BATTALI;1;15.04.1969;1;0
CAFFERI;1;14.04.1985;1;0
ALLETIN;1;26.10.1966;1;0
YADU;1;21.02.1959;1;0
HURYEN;1;11.02.1980;1;0
HAKNIYAZ;1;2.12.1980;1;0
BUYUKMEMIS;1;30.05.1950;1;0
EMIRUNNAS;1;26.04.1977;1;0
ALICUMALI;1;3.10.1966;1;0
SAHINKUTSAL;1;24.05.1943;1;0
RUHBAKI;1;30.10.1963;1;0
FENDAM;1;22.07.1988;1;0
NECMAYIL;1;21.03.1957;1;0
YUFEL;1;2.12.1975;1;0
SEYTEL;1;12.08.1977;1;0
ERTANHAN;1;28.02.1989;1;0
PIRZEYT;1;4.02.1951;1;0
ARINSU;1;30.12.1991;1;0
METHUN;1;6.05.1988;1;0
ULUGTEKIN;1;17.07.1978;1;0
AKOPUK;1;8.03.1956;1;0
SAMADIN;1;21.05.1954;1;0
ALPUTKU;1;3.07.1974;1;0
ABDULVEFA;1;26.11.1963;1;0
ABDULISMAIL;1;21.12.1961;1;0
MUKADDERI;1;20.04.1959;1;0
BURAMI;1;24.09.1949;1;0
H.AYDIN;1;22.02.1966;1;0
DUCANDOGAN;1;7.04.1940;1;0
MUSEREVAN;1;3.02.1963;1;0
MEHMETUMIT;1;21.07.1984;1;0
MEHMETKENAN;1;14.02.1984;1;0
H.TAHIR;1;21.04.1959;1;0
MUHTIN;1;1.12.1972;1;0
KURTSAD;1;28.04.1986;1;0
HALITI;1;19.12.1985;1;0
MICAIL;1;28.06.1959;1;0
HURCENK;1;5.06.1983;1;0
ERISMET;1;1.11.1951;1;0
OZLEVENT;1;12.01.1977;1;0
TURKOGUZ;1;26.04.1985;1;0
DILSIZ;1;12.08.1929;1;0
ZULKEFER;1;29.12.1954;1;0
HAMDISANA;1;23.10.1961;1;0
HUDAIKUL;1;12.08.1983;1;0
MUHAMEDDIN;1;14.01.1968;1;0
EYUPOSMAN;1;24.03.1974;1;0
SERTTAC;1;24.02.1984;1;0
VAHAPGOL;1;27.08.1926;1;0
OSMANNNURI;1;8.11.1945;1;0
HASSIK;1;1.07.1956;1;0
MUHSUT;1;7.02.1964;1;0
H.KAYA;1;5.07.1969;1;0
POLATAKBULAK;1;3.06.1939;1;0
LEFKOSE;1;7.06.1976;1;0
YUVER;1;26.02.1973;1;0
NURHANTAHIR;1;6.08.1970;1;0
RAMAZANBASRI;1;4.09.1973;1;0
MISLANA;1;30.01.1967;1;0
MEYETTIN;1;19.04.1957;1;0
ILKSAL;1;1.12.1955;1;0
KUTUB;1;28.07.1979;1;0
MUHAMMEDIKBAL;1;22.10.1983;1;0
ABDULDURSUN;1;18.05.1972;1;0
K.HUSEYIN;1;22.08.1949;1;0
ABDULGOKHAN;1;6.04.1969;1;0
MAHREDDIN;1;11.02.1957;1;0
SERKISCAN;1;17.04.1982;1;0
ERSOYER;1;27.04.1974;1;0
BAYRAMVAHAP;1;21.11.1976;1;0
MIKALIL;1;22.10.1985;1;0
KELSATO;1;25.04.1918;1;0
MESGULI;1;22.11.1975;1;0
ABISEYIF;1;1.12.1970;1;0
ABDULMUFIT;1;28.07.1955;1;0
MEHMETFURKAN;1;26.04.1991;1;0
MUCMIN;1;7.06.1982;1;0
BERDIBEK;1;16.09.1953;1;0
MAHMUTANSAR;1;25.03.1977;1;0
SAIYIT;1;27.05.1974;1;0
KEREMZEYDAN;1;7.03.1973;1;0
METVIL;1;14.09.1965;1;0
GULAMMUHAMMED;1;12.08.1947;1;0
FETHIDDIN;1;21.01.1940;1;0
ALASGAR;1;12.11.1988;1;0
MEHMETMASUM;1;10.08.1976;1;0
MIDIRAF;1;6.10.1960;1;0
IMAMSAHIN;1;30.06.1953;1;0
SIREDDIN;1;16.09.1947;1;0
BULENTEKBER;1;25.02.1975;1;0
ERDALGUNGOR;1;11.09.1971;1;0
MEHMETTURHAN;1;16.11.1970;1;0
MEHMETNAZIF;1;1.09.1928;1;0
I.SENOL;1;29.05.1973;1;0
HASVI;1;2.06.1945;1;0
VENER;1;21.11.1965;1;0
CEMAT;1;28.10.1983;1;0
BURHAR;1;14.06.1971;1;0
DANEN;1;12.08.1959;1;0
HAKDIN;1;26.01.1975;1;0
ABDULFAHRI;1;2.02.1989;1;0
GINDO;1;21.01.1981;1;0
ABDULTALIB;1;1.06.1965;1;0
NUHAK;1;7.04.1958;1;0
TURGANBAY;1;12.08.1959;1;0
IBRAHIMRUHI;1;21.01.1972;1;0
CINIS;1;13.01.1981;1;0
MICIR;1;12.03.1971;1;0
BOZZO;1;13.03.1977;1;0
CUMEYDI;1;17.02.1966;1;0
HIKMETVACIT;1;9.01.1976;1;0
MUTEBAT;1;17.03.1977;1;0
SELAHHADDIN;1;6.07.1987;1;0
CAGHATAYI;1;2.11.1979;1;0
MAMILO;1;17.08.1924;1;0
AGAHI;1;29.08.1926;1;0
SABAHHADIN;1;12.12.1956;1;0
NEDAMI;1;21.11.1959;1;0
KOCUN;1;12.08.1947;1;0
DOSTBAY;1;27.08.1938;1;0
HALUKTEOMAN;1;3.10.1951;1;0
MISTU;1;27.08.1932;1;0
TANCULAT;1;6.04.1966;1;0
CAVU;1;7.08.1928;1;0
UZUR;1;1.06.1935;1;0
SAHINMERDAN;1;26.08.1942;1;0
KURU;1;15.04.1960;1;0
HIRPO;1;21.06.1936;1;0
HASANBAY;1;12.08.1953;1;0
MAHAK;1;7.08.1934;1;0
INCEBAY;1;2.08.1933;1;0
RAZZAN;1;26.10.1982;1;0
FURIZ;1;26.11.1976;1;0
MURSELCAN;1;3.07.1991;1;0
VAYLOG;1;4.10.1969;1;0
ALESKAR;1;9.04.1958;1;0
NAYIBI;1;1.02.1962;1;0
DAYYIP;1;19.04.1954;1;0
GIROV;1;7.08.1952;1;0
HUCABI;1;22.02.1973;1;0
SEFAREDDIN;1;6.05.1941;1;0
MUHAMMETKORAY;1;22.10.1991;1;0
ZAYETDIN;1;7.02.1976;1;0
NAPOLYON;1;22.08.1931;1;0
MIDESIM;1;12.04.1956;1;0
AYLAS;1;7.04.1952;1;0
ZULIFKER;1;11.06.1931;1;0
SALIHMUHSIN;1;26.02.1984;1;0
NERON;1;21.01.1969;1;0
SILATTIN;1;20.04.1943;1;0
M.YUCEL;1;27.08.1963;1;0
UKRET;1;16.11.1953;1;0
SAMAV;1;12.06.1938;1;0
BETTAS;1;30.04.1955;1;0
TURKDAG;1;13.02.1942;1;0
TUGRANCAN;1;18.10.1981;1;0
NIHMAN;1;26.06.1970;1;0
TOLUNHAN;1;2.08.1987;1;0
SENAIRECAI;1;27.08.1938;1;0
LEFZAIL;1;23.05.1985;1;0
CEVKAN;1;21.03.1938;1;0
SEVKETIN;1;25.05.1964;1;0
DEMIRAYDIN;1;6.11.1950;1;0
FERAHETTIN;1;19.06.1976;1;0
ALIMIN;1;14.02.1965;1;0
ABITLER;1;27.11.1962;1;0
BECED;1;11.02.1963;1;0
NOKLU;1;21.11.1951;1;0
BURNAMI;1;2.02.1933;1;0
CUMAK;1;7.07.1969;1;0
GUDURED;1;26.02.1960;1;0
CELAN;1;17.01.1941;1;0
HALIPLAM;1;16.05.1938;1;0
SURIL;1;21.06.1971;1;0
TALMAN;1;8.05.1984;1;0
GULHALI;1;28.12.1960;1;0
MEHMETEREN;1;2.09.1981;1;0
BIYAMAN;1;4.06.1975;1;0
MEMULU;1;12.02.1965;1;0
BAYHACI;1;28.04.1950;1;0
ZULGANNI;1;25.04.1955;1;0
ZIYAADTIN;1;2.03.1957;1;0
MELLAV;1;21.04.1947;1;0
SAIBI;1;16.03.1952;1;0
FENCAN;1;5.05.1957;1;0
ASURRAHMAN;1;22.03.1985;1;0
IZMIRLI;1;19.12.1983;1;0
CEMBATUR;1;26.07.1991;1;0
YAHMEN;1;12.07.1946;1;0
ABDULGASIM;1;12.02.1971;1;0
RECAYIH;1;12.02.1965;1;0
HAYDUN;1;5.10.1990;1;0
VATANCAN;1;10.03.1973;1;0
DANIYER;1;1.12.1961;1;0
FIDIYAT;1;6.07.1965;1;0
CAPHAN;1;26.05.1985;1;0
LUTFEM;1;16.06.1958;1;0
MURSE;1;17.02.1966;1;0
ISSAH;1;1.04.1966;1;0
NUDAMI;1;26.11.1959;1;0
BELGUZA;1;14.02.1941;1;0
RECAVI;1;24.04.1947;1;0
ATAYTURK;1;20.10.1964;1;0
MUSLADIM;1;10.11.1982;1;0
DELAUL;1;4.08.1982;1;0
OSMANZER;1;1.03.1984;1;0
ELDURAN;1;24.09.1936;1;0
GAYRIMEN;1;6.06.1977;1;0
H.NASUF;1;6.04.1949;1;0
SAHINOL;1;22.02.1967;1;0
ERKEC;1;7.08.1940;1;0
LOHMAN;1;30.10.1973;1;0
KEFAL;1;26.04.1978;1;0
DUNYAMILI;1;27.02.1944;1;0
NUGREDIN;1;9.06.1960;1;0
ATESOGLU;1;1.06.1976;1;0
APDUSSELAM;1;1.10.1966;1;0
REFUK;1;13.03.1965;1;0
BILGAYIP;1;13.04.1959;1;0
PEFLIL;1;16.05.1975;1;0
ERESU;1;20.05.1977;1;0
SAMBAL;1;23.09.1952;1;0
PAZIYIT;1;16.11.1951;1;0
HUVEYIZ;1;13.08.1965;1;0
BEZAYIL;1;15.08.1953;1;0
ISAIL;1;19.01.1966;1;0
BEYASSIN;1;16.12.1970;1;0
NEBIHAS;1;16.03.1957;1;0
MACUP;1;27.04.1976;1;0
ELGUR;1;1.07.1947;1;0
SAHINKIR;1;20.07.1961;1;0
CULAMI;1;7.03.1964;1;0
NURSAHANE;1;1.05.1982;1;0
MUUHSIN;1;23.06.1973;1;0
DOGUTAN;1;22.06.1973;1;0
YETISAY;1;24.06.1987;1;0
SITAMKER;1;27.02.1966;1;0
KADERBEY;1;17.06.1983;1;0
SEHVERI;1;27.05.1938;1;0
MEKIL;1;16.04.1941;1;0
BEKIRUL;1;28.02.1986;1;0
TEVGUT;1;23.10.1953;1;0
ABULTURAP;1;2.10.1957;1;0
ABDULSETTARI;1;6.03.1968;1;0
DURANMEHMET;1;13.03.1960;1;0
KUZUMA;1;16.04.1970;1;0
FERAMUR;1;26.09.1967;1;0
ABDULKESEF;1;25.04.1930;1;0
MUHAMUT;1;20.08.1970;1;0
ATEYHAN;1;2.08.1921;1;0
IMAMKATIP;1;27.11.1967;1;0
ZEYDRAHMAN;1;8.03.1962;1;0
ALIIBRAHIM;1;22.11.1955;1;0
NEFIZET;1;12.02.1947;1;0
SUAYYEN;1;27.01.1968;1;0
ICRAYI;1;22.03.1961;1;0
CEMALATDIN;1;14.07.1950;1;0
SUBAHI;1;2.03.1956;1;0
ZAKAYI;1;19.07.1986;1;0
SEAZI;1;16.08.1979;1;0
BAHTUR;1;26.09.1983;1;0
ZULHAK;1;11.06.1983;1;0
SELAYE;1;2.02.1969;1;0
GENCBEY;1;22.02.1967;1;0
CEZMITTIN;1;28.04.1950;1;0
ELTUT;1;9.04.1975;1;0
MATHIEU;1;3.01.1987;1;0
FAHAM;1;15.05.1974;1;0
CEMALIT;1;22.02.1967;1;0
ABDULSERVER;1;11.03.1991;1;0
ALAETTTIN;1;2.06.1950;1;0
EMIRHADI;1;17.04.1966;1;0
OLCAYCAN;1;17.05.1990;1;0
SAKIRBEY;1;22.09.1961;1;0
YUNUSNUR;1;7.07.1977;1;0
ZADAN;1;30.10.1980;1;0
ERHAKI;1;2.11.1987;1;0
CESITAN;1;16.02.1985;1;0
SEMAHITTIN;1;21.06.1977;1;0
FARIHTIN;1;26.04.1952;1;0
SAMES;1;23.10.1985;1;0
KARDIYAN;1;27.02.1962;1;0
FIKRULAH;1;11.07.1975;1;0
DADYAN;1;3.07.1976;1;0
KARASI;1;26.09.1961;1;0
YURDAKIN;1;2.10.1981;1;0
ISMETARIF;1;27.02.1950;1;0
OVAR;1;22.12.1989;1;0
SAHSUFER;1;29.05.1959;1;0
SEMILGAZI;1;11.01.1951;1;0
ULUVERDI;1;19.08.1981;1;0
NURIYAMAN;1;18.02.1950;1;0
SETGUN;1;12.05.1966;1;0
KANAYIN;1;14.03.1964;1;0
SAVEDTIN;1;2.11.1975;1;0
FERITAGA;1;11.12.1975;1;0
SEVDAD;1;7.02.1988;1;0
KADERIN;1;9.04.1982;1;0
SAHNAL;1;26.08.1978;1;0
UCOL;1;6.08.1991;1;0
SEBAIT;1;17.05.1954;1;0
ZULFUNACI;1;21.06.1990;1;0
SALIHAY;1;18.01.1990;1;0
BATDIN;1;26.03.1961;1;0
MUDAHKER;1;12.11.1959;1;0
FEDAYITTIN;1;14.04.1977;1;0
UYASETTIN;1;9.06.1984;1;0
ZIKRULAH;1;26.03.1982;1;0
BARISAN;1;2.04.1981;1;0
KERIMSADIK;1;21.07.1983;1;0
SAHSOVER;1;10.05.1964;1;0
NEBAIDDIN;1;23.06.1967;1;0
SEKEROSMAN;1;2.08.1933;1;0
MEMECAN;1;27.02.1974;1;0
SADILMIS;1;27.02.1932;1;0
GURUVELI;1;17.01.1986;1;0
HAFIZALI;1;7.02.1952;1;0
YENCAY;1;11.07.1991;1;0
ERCANER;1;11.12.1980;1;0
ZEYFIDDIN;1;14.04.1954;1;0
SONTEK;1;27.06.1978;1;0
UNVERSIN;1;19.04.1986;1;0
BENYAME;1;24.04.1957;1;0
OVAI;1;17.11.1960;1;0
SABADUN;1;21.04.1954;1;0
HASBEN;1;12.01.1977;1;0
AZIZAGA;1;24.08.1934;1;0
SONERGUN;1;22.12.1982;1;0
ZEYFITDIN;1;7.04.1932;1;0
BURGAN;1;13.02.1975;1;0
BIRKANT;1;17.07.1976;1;0
MEHAZIM;1;4.04.1964;1;0
BORAC;1;15.01.1982;1;0
AKIFDENIZ;1;11.06.1961;1;0
Y.MEHMET;1;12.06.1959;1;0
YASARTAN;1;12.02.1989;1;0
IFKI;1;1.03.1961;1;0
YAKSER;1;11.04.1979;1;0
BEVZAT;1;11.05.1948;1;0
KEMAITTIN;1;24.06.1938;1;0
FERAHSET;1;8.03.1966;1;0
EMNULLAH;1;5.04.1979;1;0
KARAAGA;1;7.04.1939;1;0
ALTUGCAN;1;29.03.1990;1;0
KARLUKHAN;1;5.10.1978;1;0
SUKU;1;29.2.1966;1;0
ZEKAITTIN;1;11.10.1956;1;0
TORGOT;1;18.06.1937;1;0
NETZEL;1;6.01.1975;1;0
NUVFER;1;16.07.1958;1;0
EJDAM;1;5.04.1966;1;0
SACITHAN;1;7.04.1987;1;0
ERHANONAL;1;21.10.1982;1;0
EFESHAN;1;26.01.1983;1;0
SABAIDDIN;1;22.01.1974;1;0
SEZADDIN;1;12.02.1971;1;0
GUNAYSU;1;7.07.1982;1;0
ISAGA;1;22.02.1951;1;0
BEDULLAH;1;20.03.1975;1;0
OZKUDAR;1;19.05.1960;1;0
GUVVEN;1;22.02.1979;1;0
YURGOR;1;18.01.1966;1;0
MUAAMMER;1;6.06.1971;1;0
SECIMER;1;2.03.1957;1;0
DUAETTIN;1;16.07.1944;1;0
VESARI;1;6.01.1972;1;0
HIBAITTIN;1;26.04.1953;1;0
ALALITTIN;1;22.04.1949;1;0
SELAMIBEY;1;21.08.1950;1;0
TEFRIKAN;1;11.11.1979;1;0
EHLIS;1;7.10.1963;1;0
ABTEKIN;1;21.06.1944;1;0
RAVUD;1;7.03.1939;1;0
EYUPAGA;1;14.04.1964;1;0
ILHADI;1;30.2.1952;1;0
METICAN;1;3.10.1981;1;0
RATIM;1;9.05.1944;1;0
FERKAD;1;15.10.1980;1;0
CALISAL;1;1.11.1958;1;0
CEVDETCAN;1;18.02.1992;1;0
SEYFIMULK;1;12.04.1935;1;0
DURDETTIN;1;2.02.1945;1;0
KUTLUHANBILGE;1;29.2.1989;1;0
FERDIGUN;1;23.08.1987;1;0
OZDAGAN;1;15.10.1988;1;0
CANKATAN;1;8.05.1987;1;0
AZIMKER;1;1.04.1974;1;0
CUMAITDIN;1;21.05.1965;1;0
ERGIDAR;1;19.08.1971;1;0
KANAIM;1;6.01.1967;1;0
CEMAITTIN;1;27.08.1950;1;0
REFGI;1;27.04.1974;1;0
SERTESEN;1;13.03.1976;1;0
AZMIHAN;1;28.08.1988;1;0
CEFGAN;1;23.06.1975;1;0
ONDERFAIK;1;2.06.1969;1;0
CEZMICAN;1;12.08.1991;1;0
GUNAMI;1;16.04.1944;1;0
USAYIT;1;10.06.1973;1;0
H.HUSNU;1;24.06.1955;1;0
ADILYAMAN;1;9.10.1967;1;0
EFTEL;1;27.08.1938;1;0
MUYIDIN;1;25.08.1947;1;0
SECALEDDIN;1;13.03.1956;1;0
CANNET;1;3.05.1990;1;0
FAHADDIN;1;12.04.1965;1;0
OSMANZEKI;1;27.05.1974;1;0
SEVALETTIN;1;27.02.1962;1;0
YAVUZI;1;29.03.1975;1;0
SIHHI;1;22.10.1979;1;0
BEYADIL;1;4.10.1956;1;0
OGUZAY;1;13.01.1977;1;0
CORDAN;1;6.10.1965;1;0
MUCAHATDIN;1;11.08.1957;1;0
OZAMETTIN;1;26.07.1941;1;0
ABDULAZAK;1;2.02.1978;1;0
SALACAK;1;11.06.1985;1;0
RUCEL;1;18.07.1974;1;0
BEHNAT;1;12.11.1953;1;0
ORDUBEY;1;9.03.1964;1;0
AZELETTIN;1;22.02.1967;1;0
VETUR;1;7.11.1970;1;0
ABDULTAYYIP;1;19.11.1945;1;0
A.BAHRI;1;12.08.1929;1;0
K.SUKRU;1;6.02.1937;1;0
KORKURT;1;11.10.1979;1;0
ZIKRICAN;1;12.08.1935;1;0
ALTIHAN;1;21.01.1953;1;0
NUSEFETTIN;1;9.03.1935;1;0
YILDISAN;1;1.09.1961;1;0
CUVELEK;1;7.02.1970;1;0
ZUKIL;1;14.02.1947;1;0
MUEMMIN;1;24.12.1950;1;0
ERDINCI;1;16.11.1967;1;0
ZIYAHUDDIN;1;2.02.1939;1;0
SAACETTIN;1;2.02.1963;1;0
HENES;1;16.12.1968;1;0
SEBAHUTTIN;1;2.02.1969;1;0
BAHUDDIN;1;18.06.1949;1;0
HERKAIL;1;19.07.1944;1;0
ZANDALI;1;13.12.1977;1;0
AYLAGA;1;16.06.1965;1;0
BEUDDIN;1;7.11.1947;1;0
YURDECAN;1;2.02.1957;1;0
BAUDDIN;1;29.07.1950;1;0
MUSDAK;1;8.03.1947;1;0
ENESULABIDIN;1;6.02.1960;1;0
GURSENAL;1;28.07.1977;1;0
YEUZE;1;19.05.1974;1;0
SUBAYDIL;1;28.09.1972;1;0
MACITHAN;1;10.07.1989;1;0
CENKKAN;1;1.05.1987;1;0
MUZAYDIN;1;6.05.1950;1;0
KETIM;1;9.04.1957;1;0
SUGAYIB;1;16.04.1939;1;0
REZAIL;1;23.06.1966;1;0
NASRUDDIN;1;22.06.1949;1;0
MEVLUDALI;1;6.11.1967;1;0
ABDULBARIS;1;16.09.1987;1;0
RINDOL;1;22.03.1958;1;0
HALITBESIM;1;11.06.1957;1;0
HEYDIN;1;27.04.1929;1;0
SEDRADIN;1;7.06.1964;1;0
KURTCEPHE;1;26.03.1972;1;0
ESMENDIN;1;29.05.1948;1;0
BENERALI;1;16.02.1967;1;0
CANDINDAR;1;11.01.1980;1;0
UGURASLAN;1;19.05.1979;1;0
CUNDAR;1;3.03.1943;1;0
ZAMELLI;1;25.07.1967;1;0
HAFITHAN;1;29.06.1988;1;0
ALTARHAN;1;16.03.1987;1;0
DEMIRSAL;1;24.11.1957;1;0
SELCUKEFETURK;1;16.07.1945;1;0
ZUNUBEY;1;3.12.1963;1;0
ZORDOGAN;1;12.07.1953;1;0
CILLIHAN;1;17.09.1980;1;0
YAKUPTURAN;1;23.02.1969;1;0
ULVISINA;1;24.10.1988;1;0
INNE;1;6.03.1978;1;0
TORLAK;1;23.09.1967;1;0
ZIVERHAN;1;21.09.1988;1;0
SAMUDDIN;1;11.04.1934;1;0
NEIDUM;1;16.03.1949;1;0
BEHUDDIN;1;17.08.1948;1;0
GUZELETTIN;1;8.03.1957;1;0
ABUZEYIR;1;22.11.1968;1;0
NIZAMBEY;1;6.05.1951;1;0
ALIMEMIS;1;17.12.1987;1;0
GURERMAN;1;7.02.1958;1;0
BIRANIL;1;12.11.1976;1;0
MUGTESEM;1;20.05.1973;1;0
MOLLAMAHMUT;1;22.10.1961;1;0
FEYRUZZAFER;1;18.09.1975;1;0
TOKBAY;1;27.06.1950;1;0
YUNUZALI;1;6.01.1966;1;0
O.;1;2.08.1933;1;0
BAHTUN;1;11.11.1961;1;0
ASIMOZI;1;18.05.1987;1;0
SAMRI;1;16.09.1946;1;0
OZERDURMUS;1;29.10.1973;1;0
KOKLEM;1;24.04.1981;1;0
AKVELI;1;6.06.1954;1;0
SEFEL;1;17.02.1954;1;0
VATANDAR;1;21.03.1987;1;0
ILTIMUR;1;15.02.1978;1;0
GULAPTUL;1;17.02.1966;1;0
MITHAP;1;24.04.1958;1;0
BURCAKAN;1;3.01.1991;1;0
BERDIYA;1;28.08.1983;1;0
RAGOP;1;7.06.1954;1;0
SARTUG;1;24.06.1970;1;0
HIKAIL;1;2.08.1957;1;0
MUKATTIN;1;8.05.1984;1;0
GOKERHAN;1;27.11.1976;1;0
NELBIY;1;20.05.1982;1;0
YASINPASA;1;30.2.1973;1;0
KAYABEKIR;1;30.08.1955;1;0
MUSKUNER;1;7.02.1940;1;0
ZERAFIL;1;23.03.1992;1;0
BAYHUN;1;19.07.1966;1;0
SUVERDEM;1;17.02.1942;1;0
CURTIS;1;16.02.1980;1;0
SAVASTEPE;1;7.09.1953;1;0
FETIAGA;1;28.09.1956;1;0
CEMCENKER;1;18.08.1973;1;0
BENALI;1;13.02.1947;1;0
OKDAG;1;13.07.1972;1;0
ONERERHAN;1;5.11.1984;1;0
KAMILONUR;1;19.07.1986;1;0
MENSURAGA;1;11.11.1956;1;0
REFAATDIN;1;6.04.1950;1;0
ALPAKO;1;18.05.1973;1;0
BARTUCAN;1;7.04.1990;1;0
NIGMAN;1;27.02.1950;1;0
ATACAG;1;22.06.1982;1;0
SAHTETTIN;1;11.06.1957;1;0
TIMOTI;1;19.02.1961;1;0
AYTANC;1;15.05.1986;1;0
NEBAHATI;1;12.12.1965;1;0
FUATBEY;1;24.02.1985;1;0
SEFKAYA;1;16.02.1977;1;0
FERRIZ;1;7.02.1946;1;0
GULAYETTIN;1;6.09.1967;1;0
ZEKIRYE;1;29.04.1956;1;0
SEHRETDIN;1;9.04.1952;1;0
ELMIZA;1;3.03.1967;1;0
MEFAITTIN;1;30.04.1956;1;0
ALIBI;1;6.11.1956;1;0
ALIBUDAK;1;12.02.1965;1;0
SELVITTIN;1;22.03.1943;1;0
METINGAZI;1;26.01.1956;1;0
ESENFER;1;9.09.1977;1;0
HACIBI;1;22.01.1961;1;0
SETTAS;1;29.03.1971;1;0
ATABER;1;15.12.1962;1;0
TEZLEN;1;11.08.1942;1;0
KURTAHMET;1;1.08.1965;1;0
IZINDER;1;17.02.1954;1;0
ISHAKALI;1;26.05.1969;1;0
SAMILAGA;1;21.11.1983;1;0
KASPULAT;1;6.11.1981;1;0
INCEKOCA;1;26.05.1989;1;0
ABDULKUTDUS;1;4.03.1949;1;0
OLGUNALI;1;1.10.1977;1;0
KACALI;1;21.06.1941;1;0
UNDAY;1;16.02.1952;1;0
TONGAZ;1;18.07.1971;1;0
SEFAIDDIN;1;19.06.1954;1;0
GELEMET;1;23.03.1953;1;0
NACITIN;1;2.02.1957;1;0
KEMAH;1;30.01.1938;1;0
ZIMIR;1;29.03.1932;1;0
BULGIZ;1;2.04.1933;1;0
MUDAIDDIN;1;6.06.1943;1;0
NEFAYITTIN;1;24.07.1955;1;0
FILDIR;1;28.02.1954;1;0
NUVRETTIN;1;11.03.1956;1;0
NEFAI;1;16.11.1977;1;0
PEYYAMISEFA;1;9.02.1991;1;0
MECBURUGUR;1;26.12.1978;1;0
ATUNC;1;7.09.1940;1;0
MUSABURAK;1;2.12.1989;1;0
MUKAYYET;1;12.11.1972;1;0
SARACITTIN;1;22.05.1943;1;0
UNSU;1;16.11.1951;1;0
MUZAHIDDIN;1;27.04.1968;1;0
EBUBEKIRBINSIDDIK;1;25.02.1975;1;0
SAIMALI;1;16.11.1955;1;0
RUBEYMAN;1;6.10.1962;1;0
MUDAVI;1;26.03.1953;1;0
NECAHATI;1;27.11.1970;1;0
NURDULLAH;1;21.02.1975;1;0
AYZITER;1;26.01.1950;1;0
SARIDOGAN;1;12.09.1959;1;0
ERVAIL;1;26.02.1975;1;0
ERTUKAN;1;22.11.1976;1;0
ZIKRUL;1;22.03.1983;1;0
ABDURHA;1;6.11.1987;1;0
GUKCIN;1;14.01.1971;1;0
KIPRIS;1;2.04.1975;1;0
SAFFAK;1;7.02.1982;1;0
ELBOZ;1;17.05.1954;1;0
BICANBEY;1;12.02.1977;1;0
ENDEL;1;19.11.1945;1;0
GOLKALP;1;6.02.1975;1;0
APDULREZZAK;1;15.06.1989;1;0
ZEHNITTIN;1;28.01.1937;1;0
ECIT;1;11.02.1981;1;0
AHMETBEY;1;27.11.1948;1;0
SULBEY;1;22.04.1967;1;0
ILMUZA;1;22.04.1979;1;0
SANIF;1;4.04.1931;1;0
ARDIBEN;1;22.06.1943;1;0
BEKARET;1;7.02.1952;1;0
HASBIR;1;1.11.1979;1;0
ZEHNEDDIN;1;11.04.1930;1;0
NERMITTIN;1;6.04.1954;1;0
NEBAHAETTIN;1;22.03.1980;1;0
RAFAHITTIN;1;22.08.1937;1;0
MIRZEBEY;1;27.06.1956;1;0
OZGURGENC;1;28.10.1991;1;0
ANTUFAN;1;7.09.1976;1;0
SADAYI;1;21.03.1977;1;0
MEHLUT;1;26.06.1973;1;0
MAHTAN;1;22.05.1967;1;0
KURTLAK;1;21.03.1955;1;0
KORTA;1;24.07.1955;1;0
ALATTINBEY;1;3.11.1957;1;0
SECERETTIN;1;17.02.1972;1;0
NECEIL;1;14.09.1976;1;0
MAAFI;1;11.08.1956;1;0
GULABDU;1;18.06.1974;1;0
MURATPASA;1;24.03.1970;1;0
NESUHU;1;7.02.1952;1;0
AYNIZADE;1;11.04.1943;1;0
RENER;1;7.08.1984;1;0
DAMER;1;17.05.1966;1;0
MIGRACI;1;21.11.1970;1;0
METINGUNDUZ;1;21.01.1963;1;0
HEMCIVAN;1;1.01.1951;1;0
TOZALI;1;21.01.1983;1;0
ARSALAN;1;17.02.1960;1;0
ATAKOK;1;17.03.1944;1;0
ZEZAITTIN;1;21.07.1976;1;0
NACAHITTIN;1;27.04.1950;1;0
RICAYE;1;14.11.1961;1;0
MUHAMMEDSALIH;1;4.05.1956;1;0
SAHMERDAR;1;17.11.1983;1;0
ERKUTBEY;1;12.05.1977;1;0
GULSEYIT;1;20.07.1956;1;0
SANUH;1;17.12.1961;1;0
TUGISLAM;1;27.07.1991;1;0
VETHULLAH;1;22.02.1955;1;0
BURRAK;1;14.12.1970;1;0
BAYCETIN;1;20.04.1941;1;0
ALPASLANGAZI;1;6.09.1973;1;0
ERKERIM;1;10.01.1981;1;0
HAYTAZ;1;22.08.1925;1;0
SULKATIN;1;11.08.1958;1;0
TURKERMEHTI;1;22.02.1973;1;0
IBRAFIM;1;2.02.1951;1;0
IZZAT;1;30.03.1960;1;0
ALIKAPTAN;1;23.11.1973;1;0
NIZAHITTIN;1;16.09.1935;1;0
AKGOZ;1;13.09.1974;1;0
HABIBNURU;1;18.09.1991;1;0
BINYA;1;13.04.1947;1;0
CEMGUN;1;6.02.1979;1;0
SALBAY;1;21.02.1957;1;0
MUTAASIM;1;6.07.1969;1;0
SAMAYEL;1;12.02.1965;1;0
COSFER;1;6.05.1977;1;0
VEHHEB;1;23.06.1959;1;0
KOYLAN;1;11.08.1945;1;0
FEZAR;1;8.06.1975;1;0
GIREYHAN;1;30.07.1971;1;0
KANRA;1;27.04.1938;1;0
SUNEZ;1;28.03.1956;1;0
MIDAIM;1;27.08.1938;1;0
CUMABEY;1;2.05.1957;1;0
ALPERSEN;1;8.03.1989;1;0
MUHAMMETCAGRI;1;27.04.1992;1;0
KOKTENSEL;1;4.01.1980;1;0
BEHLEVAN;1;17.05.1948;1;0
FETDE;1;6.07.1968;1;0
FEHAMUR;1;22.02.1949;1;0
ABDULLAHPASA;1;22.09.1984;1;0
TUTKUCAN;1;25.05.1991;1;0
MUGFEL;1;3.09.1947;1;0
TALHANI;1;8.06.1985;1;0
SERTKAYA;1;17.12.1972;1;0
AYHANGAZI;1;9.05.1966;1;0
ORKUNCAN;1;1.11.1991;1;0
RUCET;1;12.04.1953;1;0
ORESIN;1;23.04.1949;1;0
CAGRIS;1;12.10.1984;1;0
CEMALBEY;1;7.07.1976;1;0
KOKNAL;1;13.08.1982;1;0
ENDULUS;1;10.02.1951;1;0
NURHAYIR;1;12.09.1959;1;0
MUGAZ;1;16.04.1974;1;0
COSKUNTUNA;1;18.04.1992;1;0
HAYRETTINBEY;1;9.06.1977;1;0
MUHISSIN;1;17.02.1948;1;0
CANAYBEY;1;7.09.1955;1;0
YASARYALCIN;1;22.02.1973;1;0
MUAVENET;1;30.03.1957;1;0
ELDIVET;1;2.08.1951;1;0
SERAVET;1;24.03.1940;1;0
SANCAL;1;22.02.1943;1;0
RISAMET;1;2.02.1951;1;0
MUGITTIN;1;2.04.1957;1;0
NIGMEDDIN;1;28.01.1943;1;0
KUZUBAY;1;15.05.1973;1;0
MUKRUEMIN;1;6.11.1962;1;0
ZULFITTIN;1;26.06.1961;1;0
ERBAGUN;1;19.05.1970;1;0
NUGRU;1;9.07.1974;1;0
TURESEN;1;21.06.1974;1;0
MUSTIM;1;15.02.1946;1;0
HAMDULBAY;1;16.05.1952;1;0
ALIMSEN;1;23.04.1949;1;0
SERHITTIN;1;19.11.1954;1;0
AYKOT;1;6.10.1972;1;0
FEREHATTIN;1;29.07.1981;1;0
KEYDANE;1;11.06.1946;1;0
KAYIRTAN;1;2.09.1974;1;0
REFAETDIN;1;20.01.1960;1;0
FADER;1;17.11.1972;1;0
ENESMALIK;1;11.09.1991;1;0
MEHMETSUHA;1;27.02.1968;1;0
VEYSELALI;1;17.03.1954;1;0
BAHITI;1;22.02.1961;1;0
UNSAS;1;8.05.1978;1;0
SELAHAETTIN;1;6.05.1968;1;0
HAYRULLLAH;1;22.02.1991;1;0
SAHYUNER;1;26.10.1941;1;0
GUNEYITTIN;1;26.03.1942;1;0
FAYIL;1;26.01.1977;1;0
BASTIR;1;16.05.1982;1;0
BEYKUTAY;1;17.02.1978;1;0
REFAEHETTIN;1;2.03.1957;1;0
DIGERITTIN;1;10.05.1934;1;0
M.KUZU;1;9.05.1934;1;0
MOHAZ;1;21.04.1975;1;0
NIBRASEDDIN;1;29.09.1947;1;0
TALER;1;29.05.1976;1;0
OZDERHAN;1;25.06.1978;1;0
BEHCETULVI;1;7.05.1976;1;0
ERDEMSI;1;2.02.1945;1;0
TAHIM;1;7.06.1970;1;0
NIPRASETTIN;1;19.02.1991;1;0
SAFAIR;1;26.11.1943;1;0
NETVI;1;3.08.1939;1;0
EYYUBULLAH;1;11.01.1982;1;0
NUHSIN;1;12.06.1965;1;0
OVET;1;27.04.1973;1;0
ORGAHAN;1;27.07.1986;1;0
MUAMMIN;1;12.02.1965;1;0
ABDULAZIZHAN;1;30.05.1983;1;0
NUZI;1;12.02.1971;1;0
TEKLIM;1;2.02.1957;1;0
ZAR;1;12.08.1941;1;0
CABALI;1;13.02.1976;1;0
NECAFATTIN;1;23.05.1941;1;0
YUSUFETTIN;1;22.02.1949;1;0
SELASIN;1;26.05.1969;1;0
VESELEM;1;26.05.1991;1;0
SUDENKAR;1;12.08.1953;1;0
SEMINCAN;1;7.07.1972;1;0
NEHATTIN;1;6.06.1941;1;0
MUHTTALIP;1;15.02.1982;1;0
MERTOGLU;1;28.05.1980;1;0
MUHAYIR;1;7.08.1934;1;0
COSEN;1;22.04.1980;1;0
GOKSELIM;1;3.09.1990;1;0
BATUHA;1;10.05.1971;1;0
ERCAVUS;1;25.02.1963;1;0
TOGUMAN;1;8.10.1950;1;0
HAMIYETTIN;1;27.08.1968;1;0
SERREM;1;4.03.1983;1;0
LEVENTHAN;1;26.12.1989;1;0
SAMIMCAN;1;19.01.1950;1;0
NAHITCAN;1;8.09.1991;1;0
MESNUT;1;8.02.1950;1;0
EF.KEMAL;1;12.08.1953;1;0
PAHRETTIN;1;30.04.1956;1;0
BEYATLI;1;7.11.1979;1;0
PATRON;1;1.04.1971;1;0
BAKAI;1;2.04.1970;1;0
ERDENEZ;1;6.03.1987;1;0
ORKON;1;16.05.1989;1;0
BURDUGAY;1;3.01.1986;1;0
MAHALIK;1;28.04.1962;1;0
SEFERETTIN;1;21.07.1965;1;0
BEGDILI;1;2.01.1963;1;0
YEK;1;2.03.1963;1;0
HIFRURAHMAN;1;23.02.1949;1;0
SUPEYLAN;1;22.06.1961;1;0
SILAYER;1;22.02.1979;1;0
KARAMERT;1;1.02.1991;1;0
DARUS;1;7.09.1964;1;0
SEVFETTIN;1;17.03.1946;1;0
NUHENBER;1;8.11.1956;1;0
MUSADA;1;29.06.1958;1;0
DEVZAT;1;1.04.1966;1;0
VAYITDIN;1;6.12.1965;1;0
SURYANI;1;9.07.1974;1;0
VEKZE;1;17.03.1960;1;0
GAZIMEMET;1;27.06.1940;1;0
HACIYURT;1;28.01.1985;1;0
KIYS;1;9.04.1940;1;0
HIDAYIT;1;25.07.1985;1;0
SENARSLAN;1;12.02.1982;1;0
BEZBET;1;7.11.1952;1;0
NIRHAM;1;18.06.1957;1;0
ALICI;1;13.02.1965;1;0
JAMIL;1;2.09.1965;1;0
MUSLEYIN;1;27.08.1920;1;0
TIBRAN;1;22.05.1955;1;0
IKRAYIL;1;21.06.1975;1;0
JUBERKAN;1;6.02.1981;1;0
SOAYIP;1;2.02.1957;1;0
SELHAMIT;1;9.04.1975;1;0
NUVEY;1;26.07.1943;1;0
CEBO;1;26.07.1960;1;0
EFURCAN;1;28.02.1967;1;0
E.NURI;1;28.04.1946;1;0
HELUK;1;11.04.1944;1;0
SOKULU;1;16.02.1956;1;0
BOYRAZOGLU;1;1.06.1967;1;0
SEYIFI;1;23.02.1947;1;0
BUYNA;1;16.09.1976;1;0
VELIEDDIN;1;6.07.1971;1;0
ALMUS;1;1.07.1961;1;0
ERCANAN;1;20.10.1971;1;0
OZOZAN;1;2.06.1972;1;0
FUZEYFE;1;18.08.1980;1;0
SUUDUBEY;1;2.02.1955;1;0
BEZATI;1;11.06.1978;1;0
JUNET;1;22.08.1971;1;0
INSANI;1;19.02.1971;1;0
KAMBUR;1;16.02.1933;1;0
DOMANIS;1;4.03.1937;1;0
ALBAZ;1;19.03.1966;1;0
HOT;1;11.04.1932;1;0
GAZIOSMAN;1;7.12.1990;1;0
FERAADDIN;1;26.05.1970;1;0
ATESAGA;1;26.04.1942;1;0
CAGATAS;1;7.10.1984;1;0
HUKUKI;1;13.11.1974;1;0
VAHRIN;1;12.05.1959;1;0
BAKTAY;1;10.05.1976;1;0
EKRAMIL;1;22.03.1970;1;0
RAGAIB;1;25.03.1990;1;0
ARUMAN;1;1.06.1953;1;0
IPSIR;1;17.10.1983;1;0
YURDADAG;1;7.12.1964;1;0
YILDEMIR;1;30.06.1972;1;0
HOKKAC;1;17.03.1954;1;0
ERTUGREL;1;27.04.1942;1;0
CENKAYBARS;1;26.08.1977;1;0
K.MURAT;1;11.09.1977;1;0
LUTFERIT;1;17.02.1962;1;0
GUTDUSU;1;29.2.1961;1;0
MERZUVAN;1;17.06.1960;1;0
SE;1;11.09.1970;1;0
NAKUR;1;24.05.1978;1;0
HALISGUVEN;1;29.01.1984;1;0
FAHRAMI;1;26.08.1983;1;0
ALDAM;1;27.07.1986;1;0
RIZAYI;1;21.01.1971;1;0
CAFFAR;1;22.01.1975;1;0
KAYATURAN;1;26.11.1966;1;0
HABIBIN;1;18.11.1987;1;0
DURAHATTIN;1;22.11.1961;1;0
EHMED;1;21.03.1978;1;0
SUMBANI;1;14.04.1971;1;0
FIKRED;1;3.02.1969;1;0
MAKTUT;1;27.12.1968;1;0
FATIG;1;30.03.1980;1;0
ZORTURK;1;27.11.1953;1;0
SUVARET;1;3.04.1965;1;0
TAGLAN;1;27.03.1980;1;0
OLKAYTUG;1;17.07.1986;1;0
ORHAT;1;4.10.1953;1;0
CIRPAN;1;26.07.1979;1;0
EFLAETTIN;1;11.04.1940;1;0
SEFAMI;1;24.09.1975;1;0
M.AFSIN;1;12.03.1982;1;0
A.FIKRET;1;11.12.1966;1;0
GAZZENFER;1;10.02.1972;1;0
FAHREN;1;11.09.1970;1;0
SERAYIH;1;26.05.1954;1;0
HASALIH;1;7.06.1979;1;0
HURMELIH;1;6.07.1961;1;0
OKYUNUS;1;28.03.1980;1;0
ALPBORU;1;26.09.1991;1;0
CIGERGUN;1;21.03.1977;1;0
FIKRETHAN;1;4.04.1985;1;0
ALPARSLANHAN;1;19.02.1990;1;0
REGAYI;1;22.06.1987;1;0
KUTLUAKTAS;1;13.06.1989;1;0
ERSAIL;1;21.05.1953;1;0
AHPER;1;24.07.1980;1;0
ABDULYAVUZ;1;25.03.1964;1;0
AYDINERDOGAN;1;16.10.1973;1;0
IKBARHAN;1;9.05.1990;1;0
EFRANIYE;1;17.07.1966;1;0
HACIFAIK;1;26.06.1932;1;0
ABDULMALIP;1;24.09.1967;1;0
SEHADEDDIN;1;11.01.1971;1;0
NUTI;1;22.02.1967;1;0
PEKSEVER;1;26.02.1963;1;0
SEMEKTIN;1;2.08.1939;1;0
TAGIDDIN;1;22.05.1943;1;0
M.GURBUZ;1;17.08.1955;1;0
OMER.I;1;8.11.1951;1;0
CENKTUG;1;7.10.1984;1;0
PELENDER;1;22.04.1959;1;0
KIRKORIK;1;16.06.1938;1;0
SENYUREK;1;1.11.1970;1;0
SOYGAL;1;19.11.1968;1;0
TILAVERGAZI;1;6.05.1969;1;0
ANGI;1;12.09.1977;1;0
HULBIZ;1;21.02.1956;1;0
SAYITER;1;28.11.1977;1;0
ARDANER;1;16.03.1962;1;0
APULAGA;1;2.08.1921;1;0
ABDULLAGAZI;1;13.02.1977;1;0
DOKUZOGUZ;1;2.07.1979;1;0
SEFKIN;1;13.08.1951;1;0
ABDULVEHHABIGAZI;1;23.03.1963;1;0
Z.TUNCER;1;5.08.1972;1;0
ABTULVAHAP;1;7.03.1956;1;0
ZIYEATDIN;1;14.04.1953;1;0
OTAGAN;1;28.12.1990;1;0
TERANI;1;23.10.1976;1;0
VERETTIN;1;14.10.1970;1;0
MUDDEL;1;11.05.1960;1;0
EMLIA;1;1.11.1967;1;0
MUCADAT;1;22.08.1990;1;0
OEMER;1;26.02.1991;1;0
BEHLER;1;10.06.1987;1;0
HIBADULLAH;1;6.04.1933;1;0
APTU;1;7.11.1964;1;0
MUGMUN;1;7.12.1972;1;0
YALCINALI;1;27.11.1962;1;0
SEZERALI;1;13.02.1987;1;0
AKYER;1;21.06.1944;1;0
SIYAMIS;1;7.05.1970;1;0
KARABAYIR;1;2.03.1948;1;0
HASMAT;1;7.02.1970;1;0
HAKIBEY;1;19.02.1957;1;0
HAYRETBAY;1;13.02.1947;1;0
ANZOR;1;23.04.1950;1;0
HATUT;1;22.08.1931;1;0
MUSADER;1;21.10.1988;1;0
AHMEDIRULLAH;1;1.04.1977;1;0
FERTEL;1;2.04.1939;1;0
SEREBA;1;26.06.1990;1;0
SAGIM;1;1.09.1942;1;0
KULUMMET;1;18.06.1952;1;0
HUDALI;1;28.02.1949;1;0
MUTHAN;1;6.11.1971;1;0
ARSADI;1;8.04.1939;1;0
IYIL;1;2.08.1927;1;0
SERVISTAN;1;6.05.1967;1;0
LEHUM;1;27.02.1956;1;0
SIFATTIN;1;21.10.1984;1;0
FERYAGDI;1;24.06.1971;1;0
MURREM;1;16.07.1979;1;0
MURATSONAD;1;19.07.1987;1;0
MARHAMET;1;21.08.1967;1;0
BULDU;1;27.01.1974;1;0
BUZALI;1;2.01.1935;1;0
FERUDUMER;1;26.04.1952;1;0
ESBATI;1;12.08.1953;1;0
HAMPARS;1;1.11.1954;1;0
ABUMETTIN;1;8.01.1946;1;0
MIMSIN;1;28.02.1949;1;0
DURAP;1;12.02.1977;1;0
HABUYAR;1;17.02.1941;1;0
ZIVVER;1;18.08.1969;1;0
IBEYHIDE;1;24.09.1978;1;0
TAKKE;1;17.02.1966;1;0
BIRENSEL;1;2.11.1974;1;0
FEHRAMUS;1;25.04.1983;1;0
KEMTERI;1;7.05.1968;1;0
DURHAYIR;1;16.06.1961;1;0
ABDETTIN;1;7.08.1928;1;0
SULASI;1;16.01.1977;1;0
SERDEBIL;1;22.02.1985;1;0
CITAK;1;12.04.1957;1;0
NURIZIR;1;7.05.1982;1;0
EMES;1;17.02.1966;1;0
SUGAYUP;1;22.10.1966;1;0
MUZERRIF;1;16.12.1970;1;0
TABAHATTIN;1;17.11.1966;1;0
HALLA;1;17.06.1936;1;0
GULUMAGA;1;26.02.1960;1;0
RUATTIN;1;22.03.1979;1;0
ZARATTIN;1;24.04.1979;1;0
NEDIMSAH;1;12.04.1963;1;0
ERTUGRULBEY;1;21.07.1972;1;0
NEYZULLAH;1;12.08.1941;1;0
GULKAMIL;1;15.10.1950;1;0
ZIAYETTIN;1;22.02.1965;1;0
SIHHABETTIN;1;24.03.1964;1;0
ABDURRAHMANI;1;3.06.1969;1;0
SALDIM;1;1.03.1943;1;0
YUSMAN;1;16.06.1961;1;0
NUYRETTIN;1;16.06.1944;1;0
MUZAHATTIN;1;12.08.1971;1;0
HAMDETTIN;1;2.07.1975;1;0
KUDISSI;1;14.10.1950;1;0
DURSEFA;1;30.07.1962;1;0
SEFEHAN;1;14.09.1987;1;0
NERZET;1;22.08.1937;1;0
NEZEHATDIN;1;18.05.1960;1;0
USURAF;1;2.08.1951;1;0
SEBAATI;1;25.05.1968;1;0
DINYAMI;1;6.08.1953;1;0
MUZAVETTIN;1;22.08.1955;1;0
SAHONDER;1;8.11.1970;1;0
SIYAMA;1;14.12.1958;1;0
HISARETTIN;1;12.08.1935;1;0
ATMI;1;11.09.1954;1;0
ZEYFETDIN;1;5.05.1966;1;0
BEGSET;1;3.11.1950;1;0
MUHUM;1;27.02.1974;1;0
IBAZAL;1;21.06.1957;1;0
NECAYIL;1;2.02.1969;1;0
BEZAIT;1;29.05.1950;1;0
SANVEREN;1;16.03.1964;1;0
ILMUZE;1;1.02.1955;1;0
MUTTULLAF;1;11.04.1992;1;0
UREL;1;14.12.1988;1;0
GUNEVEL;1;9.07.1955;1;0
MUNRI;1;11.06.1943;1;0
NURFATIH;1;25.04.1982;1;0
MUHAMVER;1;2.02.1957;1;0
SEBEYETTIN;1;6.03.1942;1;0
FEYZUZ;1;16.12.1953;1;0
ABDULLAHMUTTALIP;1;12.04.1965;1;0
ALIHADI;1;22.07.1967;1;0
SERAMIS;1;21.07.1969;1;0
E.BEKIR;1;21.12.1963;1;0
TESADIF;1;21.05.1975;1;0
REFASETTIN;1;11.06.1962;1;0
YILDIRIMBEY;1;27.10.1974;1;0
NAILCAVUS;1;5.05.1985;1;0
GUPUR;1;7.08.1940;1;0
ABSUL;1;17.08.1930;1;0
ARUL;1;2.06.1975;1;0
HACBETTIN;1;17.08.1942;1;0
OLCANAY;1;27.06.1985;1;0
APTULRESIT;1;17.08.1924;1;0
TUK;1;14.04.1978;1;0
OGUZBAY;1;12.04.1965;1;0
ABDULKASIF;1;1.04.1959;1;0
YILSAR;1;27.01.1956;1;0
ERTEMEN;1;1.06.1973;1;0
OMERAL;1;25.10.1951;1;0
EREMRE;1;3.06.1976;1;0
CELEBIHAN;1;16.11.1984;1;0
HALIKVERDI;1;15.09.1977;1;0
ABDULSEDTAR;1;2.08.1963;1;0
MERETKUL;1;27.06.1949;1;0
HIDIRKULU;1;19.05.1963;1;0
MUHAMMETZAHIR;1;17.06.1962;1;0
MURTAZAKUL;1;12.02.1983;1;0
SIIRNAZAR;1;27.08.1968;1;0
KULAMRESUL;1;6.05.1986;1;0
KILICDURDU;1;16.11.1965;1;0
GULUMSAKI;1;11.06.1975;1;0
UVEZGELDI;1;27.10.1978;1;0
ALLAHVERDIHACI;1;7.08.1922;1;0
DURDUMURAT;1;2.08.1974;1;0
MUKAYIN;1;17.02.1983;1;0
ATILANT;1;12.02.1977;1;0
ABDUTMUTTALIP;1;9.07.1972;1;0
SENUYIDDIN;1;13.01.1958;1;0
H.HAMIT;1;21.12.1969;1;0
RUFEDDIN;1;6.06.1968;1;0
BAKAYI;1;22.02.1967;1;0
SUAYF;1;25.10.1980;1;0
EYUPHICRANI;1;12.11.1982;1;0
MUSEYYI;1;27.01.1952;1;0
ABDULMUSLIM;1;27.07.1932;1;0
ERBUKEN;1;18.12.1963;1;0
NECAVIT;1;21.11.1981;1;0
KORKUNT;1;19.04.1978;1;0
ILKNURULLAH;1;2.10.1983;1;0
NURBETTIN;1;12.09.1965;1;0
CUMAGAFFAR;1;25.09.1967;1;0
SALIHASLAN;1;7.11.1972;1;0
MUSEYYIT;1;12.09.1971;1;0
AKARDENIZ;1;4.08.1991;1;0
TEYMURTAS;1;19.02.1966;1;0
TONGABAY;1;22.08.1972;1;0
SEYHRAZI;1;11.02.1980;1;0
URRET;1;1.12.1960;1;0
TUMURTAS;1;7.02.1952;1;0
ALINECI;1;21.12.1953;1;0
AGZER;1;4.04.1963;1;0
ZULHANLI;1;2.02.1963;1;0
HUSAMETDUN;1;11.03.1974;1;0
MUDUVET;1;20.10.1980;1;0
CERRAF;1;13.12.1976;1;0
KIYASEDTIN;1;6.05.1980;1;0
ABDULGAFURALIM;1;15.06.1980;1;0
AKILBEY;1;5.12.1960;1;0
HUZILI;1;21.05.1978;1;0
VEYZULLAH;1;1.05.1972;1;0
GENCARDEM;1;27.02.1974;1;0
ALPERTUG;1;13.04.1992;1;0
ZIYABA;1;27.10.1980;1;0
EHVANI;1;12.11.1965;1;0
GULKADIR;1;2.03.1972;1;0
YASAI;1;16.02.1975;1;0
CAGAFER;1;18.02.1964;1;0
GOGAY;1;25.09.1962;1;0
RECAYII;1;15.01.1979;1;0
ASANBEY;1;1.04.1953;1;0
ZAFETDIN;1;16.02.1956;1;0
GURBUZHAKAN;1;6.04.1967;1;0
EBOZER;1;14.02.1974;1;0
EKANI;1;7.11.1970;1;0
ELUL;1;2.04.1963;1;0
ATLEY;1;11.02.1957;1;0
TELABI;1;19.02.1984;1;0
MUHREDIN;1;29.12.1950;1;0
MUSLUMHUR;1;1.10.1975;1;0
HULGU;1;1.06.1981;1;0
CELALETDINI;1;25.10.1971;1;0
HAYTKUL;1;22.02.1943;1;0
MUSTAFAANT;1;7.07.1973;1;0
ABDUNAIM;1;8.03.1987;1;0
YAZBAKI;1;17.08.1972;1;0
MUHKEMTAS;1;19.06.1960;1;0
VELINIYAZ;1;27.02.1962;1;0
MOLLASAHIN;1;17.03.1924;1;0
MAMEDULLAH;1;2.08.1963;1;0
BERDINAZAR;1;26.04.1959;1;0
MURATNIYAZ;1;27.08.1980;1;0
MIRVANKUL;1;2.06.1987;1;0
NAZARGELDI;1;6.07.1949;1;0
ABDULHUMAYAN;1;16.08.1976;1;0
MEHMETAZIM;1;2.08.1951;1;0
EZIDULLAH;1;12.08.1953;1;0
EMRAHKUL;1;2.08.1957;1;0
BAYRAMGELDI;1;23.11.1977;1;0
BABANIYAZ;1;19.10.1943;1;0
MOLLARAHMANVERDI;1;28.07.1949;1;0
MEVLAMVERDI;1;4.05.1957;1;0
SOHRETDIN;1;7.10.1966;1;0
TEMUREL;1;26.01.1968;1;0
FERAHZET;1;24.12.1964;1;0
RESALETTIN;1;22.04.1955;1;0
HUSNUSAIM;1;4.03.1952;1;0
YUNISHAN;1;2.06.1976;1;0
KEBAYI;1;21.03.1971;1;0
KURFAL;1;6.01.1963;1;0
NURETTINGUL;1;6.04.1992;1;0
KARADELI;1;22.02.1949;1;0
BOYREK;1;22.02.1965;1;0
EBILMUSLUM;1;11.09.1938;1;0
AGABAL;1;16.01.1982;1;0
KECEALI;1;11.02.1975;1;0
BERDOGAN;1;11.03.1982;1;0
HAYIRSEVER;1;8.04.1949;1;0
SUGUR;1;15.05.1961;1;0
EBULFAZLI;1;28.03.1973;1;0
YURDSEVER;1;2.02.1970;1;0
KAVMIM;1;3.02.1975;1;0
VAAT;1;21.08.1987;1;0
COSKUT;1;18.08.1969;1;0
FEKRI;1;6.06.1990;1;0
HAPIB;1;16.09.1938;1;0
FIYAMETTIN;1;18.03.1954;1;0
DUNCAY;1;11.08.1981;1;0
AZKIN;1;1.10.1979;1;0
AHMETSEN;1;22.02.1979;1;0
KAPTANIDERYA;1;16.03.1978;1;0
EGOS;1;29.04.1948;1;0
TAHSINPASA;1;25.08.1974;1;0
CEDVIN;1;19.10.1948;1;0
BITTI;1;17.02.1972;1;0
MUVEHHIT;1;18.03.1965;1;0
MURTAZAMALIK;1;27.07.1978;1;0
NUAMMER;1;10.07.1974;1;0
AYDINSAL;1;17.04.1954;1;0
HUSEYINRAHMI;1;16.01.1973;1;0
YOLDOGAN;1;11.01.1977;1;0
FANIIRFAN;1;15.05.1982;1;0
NEMAIL;1;8.02.1952;1;0
SEFKATDIN;1;25.01.1964;1;0
ABDIBAKI;1;27.09.1968;1;0
SABRICEMAL;1;6.05.1942;1;0
MUZEMMIT;1;24.12.1979;1;0
HARUNTUFAN;1;27.02.1980;1;0
LOKMANALI;1;14.12.1979;1;0
REMZITTIN;1;21.06.1935;1;0
YILDIRAYITTIN;1;23.03.1967;1;0
BAYRAMSAHIN;1;2.01.1977;1;0
KADEMAGA;1;17.02.1972;1;0
FERKIT;1;2.08.1945;1;0
HUL;1;23.05.1959;1;0
RAHMITTIN;1;25.08.1957;1;0
FENSUN;1;21.08.1974;1;0
LALALI;1;28.05.1923;1;0
SELSUHAN;1;3.10.1990;1;0
BIHNAM;1;12.07.1965;1;0
OZGODEK;1;5.03.1984;1;0
BERBURTANE;1;14.04.1952;1;0
IBRAHIMAGA;1;21.01.1968;1;0
KURTULUSHAN;1;13.09.1973;1;0
SITKULLAH;1;30.05.1953;1;0
RAFIG;1;16.02.1943;1;0
MUCIBURAHMAN;1;27.06.1981;1;0
KUCUKDOGAN;1;24.01.1939;1;0
ILBAYIN;1;21.03.1936;1;0
GULTEKIL;1;6.07.1980;1;0
KENCAGA;1;24.04.1957;1;0
DORAMAN;1;8.04.1963;1;0
RUFAATTIN;1;11.01.1956;1;0
DEFIK;1;22.04.1931;1;0
CETINAGA;1;21.06.1972;1;0
ALINIZAM;1;22.01.1942;1;0
HELIMBEY;1;2.02.1975;1;0
HAFITI;1;2.02.1951;1;0
OZUNALP;1;12.11.1984;1;0
GUNANDAN;1;6.01.1968;1;0
HACMET;1;9.10.1977;1;0
HACIDDIN;1;20.05.1965;1;0
ILKNAN;1;26.09.1984;1;0
DUNCAN;1;30.11.1981;1;0
OZAYDINLI;1;17.06.1978;1;0
ANTOS;1;19.06.1974;1;0
CENAPCAN;1;28.05.1970;1;0
NEHAYETTIN;1;7.05.1979;1;0
CIHANUTTIN;1;16.06.1945;1;0
AYBARTUGU;1;27.06.1984;1;0
TELADIN;1;2.02.1957;1;0
SALTURAY;1;6.10.1947;1;0
TALATHAN;1;2.05.1988;1;0
AFVERDI;1;12.07.1952;1;0
BAHADDUR;1;11.04.1973;1;0
FAHRIBEY;1;16.03.1934;1;0
YILDURAN;1;11.07.1944;1;0
SEYHULISLAM;1;7.10.1980;1;0
SAINER;1;25.05.1974;1;0
SADASMAN;1;2.03.1953;1;0
MUSTAFAPASA;1;21.04.1976;1;0
SERTAGA;1;4.01.1957;1;0
NAZNUN;1;26.03.1944;1;0
ALKOL;1;1.06.1956;1;0
BOROSOT;1;19.08.1956;1;0
CUMHURALI;1;25.11.1956;1;0
TARITTIN;1;11.01.1963;1;0
PEYDAR;1;8.07.1968;1;0
KOYLUMCENK;1;10.02.1974;1;0
ILYASHAN;1;7.03.1978;1;0
YASELIM;1;1.07.1983;1;0
SENHAMIT;1;2.06.1967;1;0
TURGUTBEY;1;26.11.1973;1;0
GOKBORUHAN;1;27.06.1989;1;0
OZHAKKI;1;8.06.1982;1;0
GUHSAN;1;2.06.1969;1;0
UKKASA;1;26.12.1937;1;0
KUSSEMET;1;25.04.1972;1;0
DIKMAN;1;6.07.1973;1;0
FERUTUN;1;23.07.1969;1;0
ORTAS;1;27.12.1962;1;0
CEYHURI;1;5.06.1989;1;0
GUNATA;1;25.11.1966;1;0
ABANUS;1;12.04.1923;1;0
TUFHAN;1;11.12.1979;1;0
ORDUC;1;17.07.1967;1;0
OZYILMAZ;1;21.06.1942;1;0
TOGMANBAY;1;1.11.1952;1;0
NURIEFTAL;1;7.01.1946;1;0
ULYASEN;1;21.07.1974;1;0
NESAHITTIN;1;16.04.1965;1;0
AKANSER;1;11.01.1949;1;0
KEYLANE;1;29.11.1968;1;0
ZIHADDIN;1;25.04.1951;1;0
SAYKUN;1;6.11.1971;1;0
AITTIN;1;7.02.1952;1;0
ALIPESE;1;9.11.1957;1;0
ZIYNETULLAH;1;1.08.1986;1;0
TINASTEPE;1;18.04.1941;1;0
ABIDATIN;1;6.10.1961;1;0
TEYZAT;1;14.03.1941;1;0
CANBURAHMAN;1;27.02.1987;1;0
KAYSERSAH;1;22.12.1968;1;0
ABDULYIGIT;1;13.01.1989;1;0
SUAVIN;1;2.02.1959;1;0
ABDULVAUF;1;25.05.1946;1;0
DUCCANI;1;9.02.1970;1;0
JUNEYT;1;7.02.1962;1;0
ALCER;1;27.02.1987;1;0
A.SALIH;1;12.04.1972;1;0
HARUNGUL;1;21.02.1958;1;0
NOSRETTIN;1;16.02.1988;1;0
HACIBIR;1;7.10.1970;1;0
HAMITDIN;1;5.02.1963;1;0
OZBAKIR;1;14.10.1956;1;0
ORDAY;1;11.06.1972;1;0
MURTEZAM;1;21.08.1961;1;0
DOYCAN;1;22.10.1985;1;0
FAHRIRAMAN;1;19.09.1974;1;0
EVRENPASA;1;23.10.1991;1;0
HACIMUHAMMET;1;23.02.1973;1;0
HATIPHUSEYIN;1;12.08.1971;1;0
ATAKEREY;1;12.09.1989;1;0
ONURAN;1;29.07.1991;1;0
ZUBEYHIR;1;23.08.1964;1;0
RENAD;1;5.02.1969;1;0
MUHAHMET;1;21.06.1991;1;0
CAKABEY;1;26.06.1979;1;0
YAKUPKADRI;1;22.03.1991;1;0
GOKSELHAN;1;26.01.1991;1;0
ERDOGDI;1;11.10.1965;1;0
BERAHITTIN;1;26.08.1987;1;0
OLDAY;1;12.02.1977;1;0
NASIHU;1;29.03.1988;1;0
FIZIREHMAN;1;12.08.1959;1;0
UZKAM;1;27.04.1988;1;0
SELCUKMURAT;1;15.08.1974;1;0
CIHANIRIZA;1;4.09.1974;1;0
NECMIDTIN;1;16.10.1948;1;0
GAZIPASA;1;19.11.1971;1;0
KOCMAN;1;12.03.1965;1;0
MUSAMERT;1;9.10.1991;1;0
SAHIHI;1;17.03.1982;1;0
ASEBAHATTIN;1;2.02.1957;1;0
SALIHBABA;1;18.05.1930;1;0
HEZGUN;1;26.02.1963;1;0
HUDAVENDIKAR;1;26.06.1970;1;0
HIDAP;1;2.03.1951;1;0
SEHMETTIN;1;21.06.1942;1;0
ZULGIF;1;24.10.1972;1;0
ATEGIN;1;11.04.1966;1;0
HELIMAGA;1;23.10.1969;1;0
ALIBASA;1;1.09.1973;1;0
YUNCAR;1;16.06.1961;1;0
FAATTIN;1;7.11.1940;1;0
KEMALYASAR;1;19.10.1972;1;0
MEHMETUFUK;1;17.12.1980;1;0
MIYMIN;1;11.06.1964;1;0
TEMELALI;1;2.05.1951;1;0
FIRARAGA;1;21.10.1973;1;0
MUSTAFANECATI;1;12.02.1989;1;0
AVNIDDIN;1;26.05.1969;1;0
RESULSITKI;1;25.06.1945;1;0
PIRMUSTAFA;1;22.08.1943;1;0
CEMYASIN;1;6.01.1992;1;0
ZIYAHURSIT;1;9.02.1938;1;0
TECAVI;1;3.12.1931;1;0
COMSIT;1;12.02.1941;1;0
EBUZIYET;1;27.02.1968;1;0
MIRHAK;1;7.12.1950;1;0
SEYATTIN;1;6.04.1992;1;0
RAYYIP;1;1.01.1992;1;0
BIJEM;1;11.04.1926;1;0
CENVECAN;1;12.08.1923;1;0
KIFES;1;7.08.1934;1;0
GELHO;1;22.08.1925;1;0
YANFES;1;21.12.1981;1;0
MUSLUG;1;25.06.1983;1;0
M.YUMNU;1;1.10.1941;1;0
RAFYETTIN;1;28.06.1962;1;0
CINARHAN;1;13.03.1965;1;0
FEYRI;1;15.10.1944;1;0
ILHANEDDIN;1;18.03.1972;1;0
GIRIT;1;5.03.1975;1;0
ABDULSELAAM;1;13.01.1982;1;0
NUDAI;1;7.11.1986;1;0
PENCELI;1;1.04.1971;1;0
YEDILA;1;12.08.1971;1;0
HESU;1;11.04.1928;1;0
FIRIKO;1;25.04.1946;1;0
CINIZ;1;19.05.1972;1;0
SEBNI;1;19.05.1946;1;0
CANGOZ;1;28.12.1980;1;0
GURGO;1;1.05.1929;1;0
ABDULKUBAT;1;21.12.1963;1;0
FERSEDIN;1;20.07.1964;1;0
EZIZHAN;1;17.02.1966;1;0
MAHDAT;1;29.11.1965;1;0
SIYANBET;1;7.02.1976;1;0
EYBUTULLAH;1;22.04.1961;1;0
SULLHATTIN;1;4.11.1950;1;0
MUHASUP;1;16.11.1982;1;0
HAVZILLAH;1;2.02.1981;1;0
ZULKUM;1;30.2.1978;1;0
OMERATTIN;1;17.08.1972;1;0
MIRBADDIN;1;1.06.1988;1;0
CERHO;1;21.03.1950;1;0
ZIHATHAN;1;6.01.1981;1;0
OMOREDIN;1;7.02.1976;1;0
NAHMETTULLAH;1;17.05.1974;1;0
SIYABED;1;12.05.1989;1;0
SIRACETIN;1;27.11.1984;1;0
MENEFMAHCUP;1;6.03.1973;1;0
ABDULCELAT;1;12.02.1965;1;0
BIJAT;1;24.03.1967;1;0
BEYLOZ;1;7.03.1964;1;0
MEHFUL;1;22.04.1979;1;0
MUHBADDIN;1;22.08.1961;1;0
EHRAH;1;17.12.1991;1;0
ELFASIYA;1;18.10.1933;1;0
SIHABENT;1;7.06.1976;1;0
SIYEAHMET;1;7.02.1976;1;0
MEHMETTEFIK;1;28.04.1976;1;0
MIBADDIN;1;5.10.1974;1;0
MEMETSAFI;1;25.03.1973;1;0
SULLAHATTIN;1;2.08.1957;1;0
ZEYNALBIDIN;1;24.01.1985;1;0
KURTCEBET;1;22.07.1943;1;0
FERHIZADE;1;17.08.1972;1;0
HEVRUZ;1;19.09.1977;1;0
ZAPTI;1;2.02.1951;1;0
RAFATTULLAH;1;13.04.1977;1;0
ZEBARI;1;8.01.1957;1;0
EHMUR;1;14.03.1971;1;0
MITHI;1;23.08.1964;1;0
SUMI;1;9.03.1934;1;0
SAFIULLAH;1;7.08.1982;1;0
ZEYDDIN;1;29.12.1970;1;0
ZOROF;1;7.11.1962;1;0
SULBETTIN;1;23.03.1975;1;0
SEKAFI;1;12.03.1977;1;0
MUSLIHUTTIN;1;17.02.1954;1;0
FERHANHAN;1;22.02.1967;1;0
LAHETTIN;1;27.06.1974;1;0
AYLU;1;9.10.1934;1;0
SEFYEDDIN;1;2.02.1975;1;0
NEMETTULLAH;1;22.04.1991;1;0
MITHULLAH;1;9.05.1976;1;0
KUTUBETTIN;1;16.03.1946;1;0
ABURREZAK;1;4.05.1975;1;0
ALIKADRI;1;20.05.1960;1;0
KADRISINAN;1;6.12.1978;1;0
SIBKETULLAH;1;4.05.1963;1;0
CAPUR;1;13.04.1963;1;0
BIREDOST;1;25.11.1990;1;0
ELMELIK;1;27.04.1989;1;0
KOKSALMURAT;1;7.03.1979;1;0
ELFETTAH;1;10.02.1957;1;0
SAVICI;1;26.04.1966;1;0
TEYMUS;1;7.02.1956;1;0
GULAMKADIR;1;12.08.1953;1;0
RUHAVI;1;29.03.1974;1;0
SILAHTAR;1;21.04.1972;1;0
CEBALI;1;1.08.1972;1;0
AHIHAN;1;22.02.1961;1;0
SILAHDAR;1;17.04.1978;1;0
SIYABETTIN;1;1.01.1982;1;0
TAYHEDDIN;1;2.09.1974;1;0
KEREMBARIS;1;10.12.1946;1;0
ZEMILHAN;1;7.02.1964;1;0
MAZMI;1;13.08.1988;1;0
MUHAMMT;1;27.09.1991;1;0
HETI;1;26.03.1934;1;0
KOLUKAN;1;11.06.1991;1;0
HEKKARI;1;26.10.1965;1;0
HAKKAVI;1;6.06.1968;1;0
MUSULHATTIN;1;7.08.1934;1;0
FERZENRE;1;20.10.1966;1;0
CELLADI;1;21.12.1965;1;0
HAMEDDIN;1;18.04.1937;1;0
ZUBIYIT;1;17.02.1960;1;0
UBIYIT;1;12.02.1959;1;0
FERKIZADE;1;27.06.1980;1;0
FERKUSAN;1;26.02.1976;1;0
KASIMBEK;1;12.08.1971;1;0
MUHAMMEDKUL;1;22.08.1961;1;0
IRISKUL;1;7.08.1946;1;0
ABDULGAYUM;1;27.08.1956;1;0
SATUVVALDIR;1;22.08.1967;1;0
COGRAHAN;1;2.08.1951;1;0
TURHANBAY;1;22.06.1931;1;0
KESIKBAY;1;12.08.1971;1;0
MOLLAKUT;1;12.08.1941;1;0
HEKIMBEG;1;7.08.1964;1;0
KONUKBAY;1;12.08.1923;1;0
NAYMANBAY;1;22.08.1955;1;0
TOYCU;1;27.08.1950;1;0
GULMUHAMMED;1;2.08.1981;1;0
ARAPBAY;1;7.08.1958;1;0
SATVALDI;1;2.08.1981;1;0
ABDULMUKADES;1;12.08.1983;1;0
KAMCIBEK;1;7.08.1976;1;0
HABIBBULLAH;1;29.09.1990;1;0
POMO;1;17.08.1972;1;0
MURAHMET;1;20.08.1987;1;0
AHMETYAR;1;7.08.1976;1;0
KUDAS;1;23.05.1943;1;0
AYUBBAY;1;12.08.1935;1;0
ALTMIS;1;12.08.1947;1;0
ARBAB;1;2.08.1957;1;0
EGES;1;12.08.1971;1;0
KOKON;1;7.08.1928;1;0
KUTMEHMET;1;2.08.1963;1;0
ABDULKAMCI;1;22.08.1961;1;0
SERHMEHMET;1;2.08.1969;1;0
KURKUL;1;12.08.1977;1;0
SAHIPBAY;1;2.08.1921;1;0
TURATBEK;1;2.08.1975;1;0
CIHANBEK;1;22.08.1943;1;0
TORUMKELDI;1;12.08.1959;1;0
KERIMKUL;1;22.08.1967;1;0
SATUNKUL;1;22.08.1961;1;0
TOHTOHOCA;1;7.08.1970;1;0
TEMURBAY;1;12.08.1941;1;0
GULAMETTIN;1;7.08.1958;1;0
TOHTOBEY;1;2.08.1975;1;0
IBRAHIMVERDI;1;12.08.1953;1;0
HABIBILAH;1;12.03.1977;1;0
NISANBAY;1;7.08.1976;1;0
EYITBAY;1;7.08.1982;1;0
ILACBEK;1;17.08.1978;1;0
ABDULCEFAR;1;2.08.1969;1;0
EMANEDDIN;1;22.08.1973;1;0
AFSERCAN;1;22.08.1979;1;0
AKIMKUL;1;10.05.1952;1;0
AYITKULU;1;17.08.1966;1;0
AYETKULU;1;7.08.1982;1;0
HAIG;1;2.08.1921;1;0
HALIKUL;1;22.08.1967;1;0
AMENULLAH;1;2.08.1963;1;0
KUETBEG;1;12.08.1971;1;0
GELDIBEK;1;7.08.1958;1;0
EGESBAY;1;27.08.1968;1;0
SAHFEYZULLAH;1;22.08.1955;1;0
HOSVAKIT;1;7.08.1958;1;0
HUDAYVERDI;1;27.08.1968;1;0
ERGESBAY;1;22.08.1955;1;0
HANAFIYA;1;17.08.1948;1;0
CAYCIBEG;1;27.08.1938;1;0
BAKIBAY;1;12.08.1923;1;0
ORUZUBAY;1;27.08.1938;1;0
SERMUHAMMED;1;12.08.1971;1;0
MUHAMMEDYAR;1;22.08.1931;1;0
SUPHANKUL;1;27.08.1938;1;0
TAHTABEG;1;7.08.1958;1;0
HUDAS;1;12.08.1923;1;0
CUTANKI;1;7.08.1976;1;0
KUTANBAY;1;17.08.1960;1;0
KULAYHAN;1;12.08.1971;1;0
ISLAMVERDI;1;27.08.1980;1;0
TURABEG;1;2.08.1951;1;0
AMAS;1;7.08.1970;1;0
GONCABAY;1;7.08.1982;1;0
HOCAYAR;1;12.08.1983;1;0
TABALDI;1;27.08.1950;1;0
KERIMVERDI;1;2.08.1975;1;0
EGEMBERDI;1;2.08.1951;1;0
HARIBEG;1;17.08.1960;1;0
ESETTULLAH;1;7.08.1976;1;0
ARABEDDIN;1;22.08.1979;1;0
ELMUHAMMED;1;2.08.1975;1;0
URAYVERDI;1;7.08.1976;1;0
ABDULSABI;1;12.08.1971;1;0
SARTBEY;1;1.01.2001;1;0
HOCAMKELDI;1;22.08.1955;1;0
COMAT;1;7.08.1982;1;0
TASBEK;1;7.08.1982;1;0
MIRGENC;1;7.02.1988;1;0
FAISAL;1;2.03.1987;1;0
SEBAGUTULAH;1;28.03.1974;1;0
SEYITNUH;1;2.04.1987;1;0
AHDINUR;1;6.12.1980;1;0
ALAYIBEY;1;2.02.1975;1;0
MUTIHAN;1;26.01.1983;1;0
ESFENDIYA;1;7.04.1982;1;0
YAHSUP;1;16.11.1964;1;0
RUBBAIL;1;18.12.1967;1;0
ETERULLAH;1;21.12.1967;1;0
FAYSETTIN;1;1.10.1972;1;0
NAMETTULLAH;1;7.02.1958;1;0
HAYRETTN;1;2.02.1975;1;0
APDULHADI;1;17.03.1972;1;0
UZEYDULLAH;1;17.03.1960;1;0
EYYOP;1;2.10.1944;1;0
KURKU;1;2.05.1951;1;0
VAHDDEDIN;1;21.09.1953;1;0
MIRALAYI;1;4.06.1969;1;0
FIRKZADE;1;7.03.1937;1;0
SAPHATTIN;1;26.05.1970;1;0
ESVETHAN;1;13.03.1983;1;0
GURGON;1;9.08.1972;1;0
ABUGEYLAN;1;8.08.1960;1;0
CUNUZ;1;21.12.1960;1;0
ABDULFARIS;1;7.02.1964;1;0
BAZU;1;22.03.1973;1;0
FERHIT;1;11.08.1974;1;0
TARIHHAN;1;16.10.1975;1;0
CAYIF;1;3.07.1969;1;0
EZAM;1;1.01.1958;1;0
MEHDIZANA;1;12.04.1988;1;0
CAFIR;1;16.08.1969;1;0
SILHEDDIN;1;17.02.1954;1;0
ATDULMUTALIP;1;2.04.1975;1;0
RUSAMETTIN;1;12.02.1977;1;0
VAHIYESETTIN;1;23.03.1967;1;0
ISASETTIN;1;17.03.1966;1;0
BEHCAN;1;4.04.1981;1;0
ZEYNALABEDIN;1;22.01.1979;1;0
EMIRULFEYSEL;1;16.03.1968;1;0
FERYADDIN;1;7.08.1958;1;0
GIZET;1;18.07.1965;1;0
UBEYTULAH;1;22.01.1967;1;0
DUKU;1;15.03.1991;1;0
ABDULKADAFI;1;10.03.1990;1;0
FERYADIN;1;22.06.1979;1;0
MIRAZO;1;22.04.1973;1;0
MIRMEMET;1;7.02.1976;1;0
YEDALLAH;1;11.03.1976;1;0
SAHVELAT;1;29.05.1972;1;0
ALBAKI;1;12.08.1971;1;0
TACATIN;1;27.11.1963;1;0
KKNH;1;12.02.1971;1;0
MEFYETTIN;1;10.02.1982;1;0
CAHYETTIN;1;8.08.1957;1;0
HUFZILLAH;1;13.03.1965;1;0
ZURFIKAR;1;11.12.1987;1;0
ABDULMULUK;1;17.02.1966;1;0
ISMEULLAH;1;21.09.1966;1;0
GULYACI;1;17.08.1961;1;0
SIYANBEND;1;27.08.1962;1;0
SIHEYETTIN;1;9.04.1931;1;0
ELFEKAN;1;12.11.1977;1;0
GOCMEZ;1;24.09.1982;1;0
OFKES;1;30.10.1991;1;0
EFESIYAR;1;6.06.1974;1;0
LULFI;1;16.06.1988;1;0
ABDULHADU;1;30.01.1965;1;0
VEHYATTIN;1;21.02.1974;1;0
EBOMUSLIM;1;17.03.1954;1;0
FESIFI;1;24.04.1973;1;0
SULHATDIN;1;1.07.1985;1;0
ARUV;1;22.12.1947;1;0
DILANER;1;27.07.1964;1;0
LAHMI;1;1.06.1977;1;0
BARBURUS;1;7.05.1985;1;0
FEVHI;1;7.02.1976;1;0
NECETTI;1;19.07.1989;1;0
TIRHANI;1;24.04.1973;1;0
YESREF;1;2.02.1963;1;0
FEYYIM;1;17.06.1986;1;0
TAHRANI;1;23.07.1961;1;0
MAFUR;1;17.08.1966;1;0
ABDOLGANI;1;21.06.1973;1;0
MISAIT;1;3.06.1973;1;0
KOLOS;1;11.04.1937;1;0
FAVZETTIN;1;21.12.1982;1;0
GARIPZADE;1;27.05.1980;1;0
YADIL;1;26.05.1990;1;0
BEYLIGU;1;11.06.1953;1;0
HARIDUN;1;23.08.1963;1;0
KIYNAS;1;6.11.1983;1;0
MISRAFEDDIN;1;4.05.1951;1;0
MUFREDIN;1;29.04.1966;1;0
KOMRAN;1;27.12.1974;1;0
TURKENC;1;7.04.1970;1;0
HUDEYDAY;1;17.02.1972;1;0
BELENDER;1;22.04.1973;1;0
BAKKIL;1;27.02.1956;1;0
MUTTELIM;1;24.04.1972;1;0
MASTU;1;17.02.1978;1;0
BABUL;1;27.02.1974;1;0
ADISIRIN;1;7.05.1958;1;0
ABDAREZZAK;1;1.05.1984;1;0
SAHBATTI;1;16.04.1974;1;0
FEZHI;1;27.04.1974;1;0
MIREMEHMET;1;6.04.1973;1;0
BINYAN;1;12.02.1959;1;0
KURBEDDIN;1;9.04.1973;1;0
ZAKKARIYE;1;13.04.1946;1;0
ERTUGIRUL;1;6.04.1992;1;0
DIRBAZHAN;1;26.12.1989;1;0
HAMEFER;1;22.02.1961;1;0
KUBELSIN;1;7.02.1970;1;0
VELIAT;1;17.02.1972;1;0
EYLEMI;1;17.04.1972;1;0
RAHYETTIN;1;12.06.1971;1;0
HUCRETTIN;1;1.04.1952;1;0
EMIRER;1;1.02.1974;1;0
VESVETTIN;1;26.09.1975;1;0
MOHMAN;1;26.07.1961;1;0
AZEPSIHIR;1;1.05.1970;1;0
GADO;1;2.08.1945;1;0
MAHADI;1;9.05.1970;1;0
MUSTAFE;1;27.06.1974;1;0
MUHAMMETSIDDIK;1;12.02.1971;1;0
MUSAALP;1;29.09.1987;1;0
FAZLUTTIN;1;26.03.1941;1;0
MEMISAT;1;17.02.1936;1;0
FERKO;1;20.11.1939;1;0
ULKEVAN;1;22.04.1969;1;0
FEHRENDIYAR;1;6.07.1943;1;0
OGUZHAKAN;1;10.02.1986;1;0
DENKHAD;1;15.07.1979;1;0
KELIMETULLAH;1;27.10.1980;1;0
RIKNEDDIN;1;23.02.1987;1;0
FARACETTIN;1;1.01.2001;1;0
FERASEDDIN;1;6.05.1974;1;0
VAHDIL;1;1.12.1964;1;0
AFYEDDIN;1;13.03.1988;1;0
MISABETTIN;1;19.10.1983;1;0
SABADULLAH;1;2.02.1975;1;0
CAVHER;1;6.08.1956;1;0
ELVESYA;1;5.04.1973;1;0
CEMUGUR;1;30.10.1974;1;0
YAS;1;24.03.1955;1;0
BEYLIKO;1;18.03.1954;1;0
FERHINK;1;13.05.1959;1;0
SOLHATTIN;1;17.09.1948;1;0
BAYRUZ;1;2.04.1975;1;0
MIRPEC;1;7.02.1982;1;0
TETU;1;12.08.1953;1;0
CEZET;1;22.08.1973;1;0
EBDULCEBBAR;1;12.02.1949;1;0
MUSTAFFA;1;22.02.1961;1;0
NECIMBASRI;1;22.02.1961;1;0
GARGIN;1;2.08.1952;1;0
ALIMENDEN;1;12.08.1917;1;0
EBDULLAH;1;17.02.1960;1;0
KIRITHAN;1;18.05.1972;1;0
KADIR.BARIS;1;15.02.1990;1;0
CIFTASLAN;1;26.12.1965;1;0
ABULVAHAP;1;6.12.1985;1;0
FEYSELHAN;1;2.09.1969;1;0
NEVZEDDIN;1;22.07.1966;1;0
LIVAEDDIN;1;26.08.1973;1;0
HUSRUV;1;8.12.1939;1;0
FORMEN;1;19.03.1982;1;0
HESBULLAH;1;23.05.1985;1;0
VELMEDIN;1;17.03.1960;1;0
IMROZ;1;7.12.1979;1;0
DEVETI;1;17.03.1960;1;0
BIRZO;1;2.02.1957;1;0
KADU;1;22.08.1925;1;0
MUTHIH;1;2.02.1969;1;0
RUSMEN;1;21.06.1968;1;0
KILSU;1;15.06.1934;1;0
MEMETSABETTIN;1;23.07.1939;1;0
SIHMOZ;1;27.02.1974;1;0
ZEYNALABINDIN;1;17.02.1972;1;0
SAKIRBARI;1;18.04.1966;1;0
NEMENETULLAH;1;13.01.1975;1;0
YESRUP;1;18.04.1983;1;0
IZHAT;1;22.06.1991;1;0
DIAYEDDIN;1;25.07.1981;1;0
ESGAZI;1;18.06.1966;1;0
KIRET;1;15.05.1965;1;0
FETU;1;27.08.1920;1;0
ABDULMEENAF;1;11.11.1991;1;0
MUHTULE;1;7.02.1964;1;0
SOHBETTIN;1;12.02.1965;1;0
ABDULULAH;1;6.01.1967;1;0
CUNEYIS;1;13.09.1987;1;0
LUFULLAH;1;14.04.1990;1;0
FAHRILCIHAT;1;29.10.1963;1;0
TAHABETTIN;1;2.08.1921;1;0
ARDURRAHMAN;1;27.09.1986;1;0
MIHTULLAH;1;22.07.1967;1;0
DECANE;1;2.03.1957;1;0
ADULHALIK;1;9.09.1973;1;0
ZURVAN;1;1.06.1980;1;0
TAYBI;1;21.01.1958;1;0
EBULYAMIN;1;27.10.1950;1;0
ERSENAN;1;16.05.1981;1;0
REZGIN;1;18.12.1960;1;0
CECIS;1;10.04.1973;1;0
BAHAREM;1;4.05.1963;1;0
RAHYEDIN;1;22.06.1971;1;0
DOLAYI;1;9.04.1973;1;0
CIHANULLAH;1;1.10.1989;1;0
NIZMETTULLAH;1;3.04.1973;1;0
BACADDIN;1;27.02.1956;1;0
INCIGOZ;1;23.03.1979;1;0
FEYZULALH;1;7.02.1976;1;0
HEYDAR;1;13.07.1956;1;0
AMENETULLAH;1;15.05.1971;1;0
HIKMETTULAH;1;1.07.1979;1;0
ROFET;1;11.05.1972;1;0
HOSMIR;1;12.02.1951;1;0
DIYADEN;1;27.10.1986;1;0
FEYZIOGLU;1;6.07.1985;1;0
ZULFETAN;1;17.03.1966;1;0
BAYLEZ;1;24.07.1944;1;0
MUHTEDA;1;3.05.1939;1;0
FEDREDDIN;1;26.06.1967;1;0
SEHRIK;1;26.02.1961;1;0
ERCAS;1;21.06.1990;1;0
KURKO;1;17.03.1928;1;0
ABDULHUDUS;1;3.11.1975;1;0
ABDUTALIP;1;26.06.1965;1;0
MURRESIT;1;18.08.1934;1;0
NECADEDDIN;1;23.06.1967;1;0
ABTULMUTALIP;1;17.08.1958;1;0
RAHIK;1;8.05.1981;1;0
ESKULLAH;1;21.10.1965;1;0
MEHMETSABAHATTIN;1;26.02.1978;1;0
KUDBEDTTIN;1;18.09.1965;1;0
A.SAMAT;1;10.03.1964;1;0
MUTTEVELLI;1;27.02.1956;1;0
ZIYDIN;1;11.04.1981;1;0
VALKAN;1;28.03.1992;1;0
VECHETIN;1;21.06.1974;1;0
SIYRUZ;1;12.04.1941;1;0
BILINK;1;22.08.1931;1;0
RECEPALTAN;1;1.01.1958;1;0
PAKYEDIN;1;16.08.1965;1;0
MEHMETGARIP;1;22.02.1973;1;0
ZIYEP;1;20.04.1966;1;0
SUMO;1;2.01.1958;1;0
KAKUL;1;3.05.1979;1;0
SEYITHACI;1;7.02.1976;1;0
HAYYATI;1;21.06.1990;1;0
SIYIDAHMET;1;3.05.1957;1;0
KORKU;1;29.07.1935;1;0
MUKFI;1;26.09.1991;1;0
ERSIRIN;1;17.05.1978;1;0
MEVZUMELEK;1;6.01.1951;1;0
AZAPSIR;1;9.11.1969;1;0
BILYAM;1;15.09.1981;1;0
OGOZ;1;17.05.1960;1;0
SICA;1;8.03.1968;1;0
AHYABEY;1;26.08.1954;1;0
ORHANKAZI;1;25.04.1965;1;0
LAHIT;1;15.08.1973;1;0
GAHEL;1;27.08.1938;1;0
FATTIH;1;8.12.1977;1;0
SAHTIN;1;14.04.1978;1;0
FIDYAT;1;25.03.1961;1;0
CANSAP;1;7.02.1934;1;0
MERDAS;1;21.03.1941;1;0
MEHMETDINER;1;17.02.1972;1;0
VAHDULAH;1;23.04.1979;1;0
FERIYETTIN;1;26.02.1959;1;0
ZUBEYER;1;14.01.1952;1;0
NEVSADDIN;1;2.10.1975;1;0
SURACEDDIN;1;2.02.1951;1;0
EMENATULLAH;1;17.10.1969;1;0
TEYYUPHAN;1;2.06.1969;1;0
BAYROZ;1;20.05.1972;1;0
YEMENHAN;1;27.02.1962;1;0
SEHMOS;1;1.07.1967;1;0
MAGAZ;1;23.06.1991;1;0
ZERHETTIN;1;22.08.1979;1;0
SEHMOZ;1;2.02.1969;1;0
MHEMET;1;1.11.1985;1;0
PAYAL;1;4.08.1979;1;0
BOZAK;1;27.02.1956;1;0
CAVZET;1;22.03.1955;1;0
ZULFKUF;1;3.06.1966;1;0
MAMGULI;1;11.04.1963;1;0
MIROMER;1;21.12.1974;1;0
VAHDDETIN;1;18.06.1978;1;0
KUTFETIN;1;22.02.1967;1;0
RAHIYETTIN;1;12.04.1947;1;0
RAZINIHAT;1;26.01.1983;1;0
SUHBEDDIN;1;17.03.1966;1;0
ARIB;1;1.03.1968;1;0
SURACADDIN;1;26.03.1967;1;0
EFRUN;1;5.05.1983;1;0
SEFILMULIK;1;28.02.1971;1;0
MIRHAKIM;1;23.06.1967;1;0
CECIZ;1;2.05.1987;1;0
SEHRENK;1;17.06.1972;1;0
YUSEYIN;1;17.08.1948;1;0
MEHMETISA;1;22.05.1973;1;0
BAVA;1;26.02.1967;1;0
BERZANA;1;16.10.1980;1;0
MEMFI;1;5.02.1989;1;0
NIHAC;1;7.05.1970;1;0
IBRAHIMHAKKAN;1;1.09.1974;1;0
ABDULBURHAN;1;27.07.1987;1;0
VEHBEDDIN;1;9.01.1976;1;0
HUSEYIRN;1;1.05.1990;1;0
ABDULELAM;1;17.09.1950;1;0
MUHBIDDIN;1;16.09.1980;1;0
EBUZID;1;18.03.1964;1;0
KORKIN;1;17.04.1933;1;0
SIYABANT;1;2.02.1957;1;0
ABDURRREZZAK;1;1.12.1990;1;0
GEMGIN;1;5.07.1981;1;0
TEYMURHAN;1;10.11.1980;1;0
MOHTULA;1;5.08.1947;1;0
GAYBEDDIN;1;28.05.1949;1;0
BAYRAHMET;1;2.09.1989;1;0
BASYIGIT;1;4.08.1936;1;0
KADIRIGUL;1;22.02.1967;1;0
MUHAMETCEM;1;21.04.1960;1;0
PUNYAMIN;1;6.03.1961;1;0
FEYBALI;1;12.08.1953;1;0
MUTALLIB;1;27.01.1956;1;0
GADERULLAH;1;28.08.1966;1;0
BUGTAN;1;19.05.1980;1;0
SEHPAZ;1;7.08.1922;1;0
ALIVERDI;1;26.06.1973;1;0
BELAIDDIN;1;5.06.1956;1;0
BIRYIL;1;11.01.1977;1;0
RESAHI;1;12.03.1941;1;0
TONCEL;1;22.06.1948;1;0
EFGAR;1;22.06.1975;1;0
OZBILEK;1;1.06.1972;1;0
INKAN;1;18.04.1971;1;0
MURIFETTIN;1;26.10.1965;1;0
UDNAN;1;1.02.1962;1;0
FEYRU;1;1.01.2001;1;0
HATTAN;1;28.10.1987;1;0
OZPAR;1;13.12.1970;1;0
SEFIRIDVAN;1;26.12.1959;1;0
HIDIRAGA;1;30.06.1954;1;0
GUZBER;1;26.09.1959;1;0
YASARVECDI;1;14.03.1947;1;0
RAGBEYDIN;1;2.08.1951;1;0
A.SETTAR;1;26.11.1965;1;0
SAHIFETTIN;1;1.11.1960;1;0
ILALDI;1;24.01.1940;1;0
ESHO;1;2.08.1927;1;0
SAGUN;1;7.01.1946;1;0
MISIN;1;2.08.1939;1;0
REYSULLAH;1;17.02.1936;1;0
GUNDOVAR;1;8.03.1967;1;0
SUHANMER;1;2.10.1960;1;0
NEYYIT;1;2.02.1957;1;0
DURSEVEN;1;29.08.1952;1;0
ETNAM;1;21.03.1946;1;0
SABITBEY;1;21.06.1961;1;0
YOLAL;1;16.03.1940;1;0
ARPIL;1;24.05.1979;1;0
IZAZET;1;12.11.1953;1;0
GAZIANTEP;1;9.10.1953;1;0
SEVKITTIN;1;25.05.1936;1;0
HUSSAMIDDIN;1;3.04.1933;1;0
AKOVA;1;9.06.1982;1;0
YORDAL;1;17.09.1946;1;0
FECAZAT;1;18.04.1966;1;0
MUCAYIM;1;10.06.1954;1;0
RUHISEFA;1;27.04.1965;1;0
SENACETTIN;1;10.12.1969;1;0
RUDEYYA;1;27.02.1974;1;0
MURABETTIN;1;1.08.1953;1;0
FELAITTIN;1;18.07.1938;1;0
ULKTAY;1;19.02.1975;1;0
VEFZI;1;7.01.1962;1;0
BASTANI;1;26.06.1957;1;0
HAMIYITTIN;1;7.08.1964;1;0
TAUN;1;10.12.1980;1;0
SEYZALI;1;7.10.1971;1;0
ZEKAIDIN;1;17.05.1972;1;0
GUZALATTIN;1;11.12.1974;1;0
MIKAYE;1;2.02.1951;1;0
NAGITTIN;1;12.05.1953;1;0
AKSEVIL;1;6.07.1959;1;0
EMAVIL;1;6.11.1956;1;0
YAGAR;1;13.10.1981;1;0
YAKKUP;1;4.07.1991;1;0
OZISIK;1;1.07.1938;1;0
ZULFEHIM;1;26.11.1950;1;0
RAHMATULAH;1;2.02.1963;1;0
CANESSEP;1;3.09.1971;1;0
ANDELIF;1;5.12.1961;1;0
MIHDET;1;6.08.1975;1;0
TUTKAY;1;18.05.1970;1;0
FEHIN;1;6.10.1990;1;0
ALIYO;1;7.08.1934;1;0
TOKDIL;1;8.03.1940;1;0
NIYSAN;1;27.03.1962;1;0
EMIRALEM;1;4.01.1943;1;0
KAIMHAN;1;18.05.1974;1;0
CENAH;1;28.06.1957;1;0
ERSUZER;1;5.12.1967;1;0
SELBAN;1;7.02.1988;1;0
SEREFDILER;1;3.05.1960;1;0
HUCEYETTIN;1;2.01.1945;1;0
GURKOS;1;21.10.1936;1;0
BADIYAR;1;10.06.1952;1;0
ALTINTIS;1;26.10.1940;1;0
HAYATIR;1;9.03.1954;1;0
MUZAMETDIN;1;1.09.1970;1;0
ABDULEKREM;1;22.08.1919;1;0
KARATEKE;1;27.10.1936;1;0
MUHEYDER;1;26.05.1976;1;0
SUAYBUN;1;17.10.1975;1;0
NUHCIHAT;1;18.02.1987;1;0
UYDAS;1;30.12.1973;1;0
MAHTUNI;1;15.05.1972;1;0
MUMMIN;1;27.03.1956;1;0
MEHMEDBEDI;1;2.03.1957;1;0
GUNYEVI;1;18.11.1982;1;0
ZULCEL;1;18.05.1976;1;0
BESERIYET;1;12.07.1971;1;0
SERVIYET;1;2.10.1974;1;0
ABDUSSEKAR;1;6.03.1957;1;0
VARDAL;1;11.02.1944;1;0
EYDER;1;23.12.1977;1;0
FENSIH;1;17.02.1972;1;0
NAFIF;1;11.10.1938;1;0
ORIJINAL;1;2.02.1969;1;0
TAMUR;1;19.03.1966;1;0
H.KEMALETTIN;1;26.08.1943;1;0
ABDURRAZIK;1;6.11.1963;1;0
BINNABI;1;22.02.1961;1;0
NURAYETTIN;1;12.02.1965;1;0
AKMESE;1;1.05.1936;1;0
ANNIBAL;1;16.02.1964;1;0
VACITCAN;1;15.09.1987;1;0
TEBIB;1;29.08.1974;1;0
TURKILERLESIN;1;16.09.1969;1;0
NIHATHAN;1;2.02.1973;1;0
MIZGEN;1;21.03.1974;1;0
FERIZETTIN;1;10.05.1948;1;0
ELGUDER;1;22.02.1943;1;0
DEMIRPENCE;1;12.07.1971;1;0
RICAY;1;5.12.1962;1;0
GURGANI;1;19.06.1982;1;0
ECIDER;1;9.09.1965;1;0
OZDET;1;9.05.1961;1;0
GOLFAR;1;30.09.1961;1;0
DUYCANE;1;27.11.1987;1;0
BAHAATDIN;1;24.07.1990;1;0
USTUNTAS;1;7.12.1934;1;0
SUNDAYIL;1;16.04.1962;1;0
M.FEYZI;1;26.02.1969;1;0
AHMETSIH;1;6.07.1969;1;0
DILAVERHAN;1;3.04.1990;1;0
NESRIDIN;1;9.07.1975;1;0
PAYZIT;1;2.08.1951;1;0
IMDIHAN;1;12.03.1977;1;0
BEZAMI;1;17.08.1960;1;0
SELFO;1;17.08.1924;1;0
MAHHUS;1;11.06.1970;1;0
OLAMAN;1;12.08.1929;1;0
IRFANGUL;1;2.12.1936;1;0
EYAMIN;1;17.08.1936;1;0
IKLIN;1;21.10.1957;1;0
BERTURK;1;7.01.1953;1;0
HURAYDIN;1;20.10.1962;1;0
SELIKAN;1;7.04.1981;1;0
ZALEDDIN;1;27.02.1956;1;0
ABDUULHAKIM;1;22.10.1991;1;0
MUHAMETHANIFI;1;22.02.1967;1;0
SIABENT;1;25.05.1971;1;0
FAAKIM;1;22.01.1963;1;0
CEMALIDIN;1;7.08.1952;1;0
KAMRETTIN;1;22.08.1925;1;0
MUCATTIN;1;11.01.1974;1;0
KERIMETTIN;1;26.12.1975;1;0
ERTOSUN;1;17.10.1972;1;0
ERVAHIN;1;22.01.1966;1;0
DURBAZ;1;27.09.1962;1;0
HADYETULLAH;1;25.02.1973;1;0
TEYMER;1;28.06.1960;1;0
ODAL;1;5.06.1975;1;0
ALIISAN;1;9.12.1977;1;0
VECADIN;1;16.06.1981;1;0
TURKENDER;1;26.08.1961;1;0
HICAIL;1;2.02.1951;1;0
MUDCET;1;28.02.1974;1;0
EMRUSAH;1;16.09.1974;1;0
MEVFUZ;1;27.12.1974;1;0
EDAVETTIN;1;6.03.1980;1;0
KASTI;1;5.09.1963;1;0
MEHMETHUSEYIN;1;13.07.1969;1;0
ZAHIRHAL;1;6.02.1972;1;0
YIRMAK;1;23.01.1979;1;0
MISLUM;1;26.04.1981;1;0
ZENIN;1;14.06.1937;1;0
UMITGARIP;1;28.08.1982;1;0
BERATSABAN;1;16.01.1973;1;0
ENVAN;1;14.04.1972;1;0
ALIYULMURTEZA;1;12.05.1951;1;0
NIFSULLAH;1;16.04.1976;1;0
GUCCO;1;12.06.1964;1;0
HAYATBEY;1;7.04.1954;1;0
ALBU;1;4.03.1958;1;0
GOLEMIR;1;22.03.1961;1;0
NURBAYIR;1;11.06.1975;1;0
RECAFETTIN;1;20.05.1954;1;0
ZOR;1;7.05.1946;1;0
YUSVETTIN;1;28.07.1973;1;0
AFYEDIN;1;19.07.1977;1;0
YUSIK;1;22.08.1925;1;0
EVRETTIN;1;2.12.1979;1;0
HEYBEDIN;1;3.05.1981;1;0
BILAZIM;1;20.08.1978;1;0
ESREK;1;17.03.1945;1;0
SEZADIN;1;12.08.1959;1;0
ESGER;1;7.08.1958;1;0
MESMETDIN;1;3.04.1972;1;0
ALIBAHAT;1;27.09.1934;1;0
BERNUH;1;18.03.1957;1;0
SANTAY;1;17.05.1942;1;0
DIYAEDIN;1;23.09.1987;1;0
EHMEDI;1;3.02.1957;1;0
TOLUSEL;1;22.10.1991;1;0
RUHATIN;1;15.03.1956;1;0
DIYAMEN;1;23.06.1958;1;0
TAFETTIN;1;9.10.1964;1;0
URDER;1;17.11.1953;1;0
SEBRIT;1;12.08.1953;1;0
MUSTAFAGUL;1;12.08.1935;1;0
OZARIF;1;16.11.1935;1;0
ERIDAN;1;7.11.1982;1;0
MISILI;1;1.01.2001;1;0
MEYBULLAH;1;21.03.1960;1;0
NEFZAT;1;28.10.1958;1;0
IBRAHIMFATIH;1;1.10.1986;1;0
YONGA;1;19.04.1981;1;0
SADDATTIN;1;27.02.1980;1;0
YUKSELHAN;1;4.01.1968;1;0
IBZER;1;11.05.1975;1;0
NECABIDIN;1;2.08.1957;1;0
BOZASLAN;1;17.05.1948;1;0
NAFKET;1;27.08.1956;1;0
SERTAKUL;1;14.05.1986;1;0
ERTURU;1;7.04.1966;1;0
ERINDIR;1;10.07.1977;1;0
FUCAN;1;23.05.1975;1;0
FILUST;1;7.08.1946;1;0
ACNAN;1;19.11.1975;1;0
EFSENDIYAR;1;24.06.1955;1;0
BEGSIM;1;21.05.1970;1;0
HIDAY;1;11.05.1945;1;0
SUCUDI;1;5.06.1959;1;0
SERRER;1;2.04.1939;1;0
KANIDIN;1;14.04.1956;1;0
GUFAT;1;4.08.1987;1;0
TIMURAN;1;22.02.1961;1;0
BEHNOUSH;1;12.08.1953;1;0
CAGCA;1;2.04.1976;1;0
ZIYAATIN;1;19.06.1964;1;0
APSEF;1;16.05.1961;1;0
EMINZAT;1;7.02.1952;1;0
AHUR;1;27.10.1944;1;0
BATMUR;1;30.12.1945;1;0
NAKIYETTIN;1;12.08.1958;1;0
ENTIF;1;24.10.1973;1;0
NAHIYETIN;1;26.02.1958;1;0
SEYITGOL;1;6.06.1987;1;0
ABAYDULLAH;1;2.05.1975;1;0
SALAEDDIN;1;27.04.1944;1;0
MUAMMEDIN;1;19.10.1956;1;0
ABDULSAKUR;1;2.06.1950;1;0
GUNDEGAN;1;19.04.1938;1;0
DANUS;1;12.08.1947;1;0
MESDUN;1;17.11.1960;1;0
ALPTUNER;1;6.11.1963;1;0
ABDILSELIM;1;22.04.1945;1;0
RASIDIN;1;29.05.1982;1;0
RIYAEDDIN;1;2.02.1981;1;0
SERBETULLAH;1;11.12.1985;1;0
KEFADIN;1;13.11.1961;1;0
PESET;1;6.01.1939;1;0
TEVDIK;1;7.12.1936;1;0
INATULLAH;1;2.03.1963;1;0
AGAMURAT;1;2.08.1945;1;0
FILDAR;1;21.10.1965;1;0
MUGEYEL;1;22.06.1949;1;0
KEFAHITTIN;1;6.09.1943;1;0
ABIZA;1;22.02.1961;1;0
TUFANETTIN;1;26.11.1946;1;0
ALIASGERI;1;10.03.1973;1;0
YENIIZ;1;17.04.1935;1;0
FEVRUL;1;27.11.1968;1;0
ALKOC;1;8.02.1983;1;0
ZUHTUKAR;1;28.09.1976;1;0
ZEYNAABIDIN;1;7.07.1946;1;0
ABDILKOFOR;1;22.02.1961;1;0
KIYANSAH;1;2.08.1945;1;0
ABUZEYET;1;26.02.1933;1;0
TUGBENT;1;22.08.1961;1;0
TAKVIM;1;6.01.1965;1;0
ADINAY;1;22.04.1949;1;0
MUTARETTIN;1;17.03.1960;1;0
BERGAHAN;1;8.02.1940;1;0
TOZDEN;1;19.05.1949;1;0
SERIFSON;1;19.10.1980;1;0
SENETAY;1;11.05.1968;1;0
YEVSAL;1;11.12.1963;1;0
BACITTIN;1;25.04.1970;1;0
TENUS;1;2.02.1962;1;0
HURKAZIM;1;9.02.1961;1;0
CELIKTEN;1;26.11.1936;1;0
SIYEHMET;1;22.01.1937;1;0
AYINTER;1;17.02.1942;1;0
MUHARIBI;1;6.05.1961;1;0
SEVKEN;1;2.02.1957;1;0
YAMIM;1;22.06.1973;1;0
AMIM;1;23.07.1977;1;0
TURSUNHAN;1;27.08.1950;1;0
YUSUFBEK;1;7.08.1928;1;0
ESBERDI;1;8.01.1981;1;0
KOKSEGEN;1;7.08.1928;1;0
HIDRIS;1;22.01.1960;1;0
ARIFULLAH;1;3.04.1959;1;0
AKILHAN;1;12.08.1947;1;0
AYTKURBAN;1;17.08.1954;1;0
ZEYBER;1;14.02.1964;1;0
ALIMBAY;1;6.04.1957;1;0
NIYAZBEK;1;14.04.1978;1;0
SENSIZBAY;1;27.08.1920;1;0
DUSO;1;1.10.1944;1;0
ABULMUTALLIP;1;22.12.1960;1;0
HIZAYETTIN;1;22.02.1941;1;0
KABDULMUTTALIP;1;7.08.1940;1;0
COLABAY;1;2.08.1939;1;0
ABDULGELEN;1;22.02.1955;1;0
VARID;1;29.12.1939;1;0
KURDIS;1;2.08.1927;1;0
MEFGAN;1;26.10.1982;1;0
OZEGIR;1;23.12.1940;1;0
MEHMETGOKHAN;1;8.05.1979;1;0
ERSEZEN;1;26.11.1971;1;0
URANUS;1;30.01.1967;1;0
MUFRU;1;12.02.1971;1;0
PIRENZ;1;9.02.1973;1;0
EMIULLAH;1;7.10.1964;1;0
CAKIROGLU;1;7.02.1982;1;0
HATAULLAH;1;28.02.1961;1;0
EZZAYIM;1;7.10.1964;1;0
YURTSAL;1;24.11.1986;1;0
KAMBERCAN;1;26.04.1963;1;0
MOMMER;1;9.09.1969;1;0
HIBZI;1;26.03.1976;1;0
BEHTUN;1;16.04.1952;1;0
TERHO;1;7.02.1940;1;0
ELFATI;1;18.05.1966;1;0
NEJATCAN;1;22.03.1991;1;0
GULTURKUN;1;2.04.1975;1;0
EVRESEN;1;16.05.1963;1;0
ERTAV;1;14.10.1966;1;0
ALPIL;1;2.09.1970;1;0
FATIF;1;23.01.1991;1;0
SEFETIN;1;18.08.1953;1;0
GURCUNAY;1;4.05.1974;1;0
BAKTIMUR;1;9.03.1981;1;0
BILGIYAR;1;7.02.1945;1;0
HASBETULLAH;1;6.11.1980;1;0
CUMAEDDIN;1;2.01.1963;1;0
SALUK;1;3.07.1978;1;0
SINNAN;1;23.06.1969;1;0
ABDULMUDALLIP;1;8.05.1981;1;0
TALIHSIS;1;12.02.1970;1;0
ADAMCIL;1;1.11.1965;1;0
MUHTALIB;1;30.06.1956;1;0
ASKARHAN;1;10.11.1977;1;0
GULUMMET;1;2.04.1957;1;0
DABANCA;1;22.08.1937;1;0
PERTEVEL;1;26.01.1965;1;0
HACISAIT;1;7.08.1928;1;0
CALNUR;1;18.09.1990;1;0
KOKDUR;1;11.03.1975;1;0
ERKALKAN;1;13.09.1936;1;0
UFLAN;1;16.04.1963;1;0
MIJRABI;1;1.01.1966;1;0
ICOZ;1;7.05.1937;1;0
YURTTEKIN;1;8.09.1973;1;0
KAVAL;1;9.06.1939;1;0
RUDKAY;1;10.10.1991;1;0
GAMLAT;1;1.03.1969;1;0
FERSAY;1;21.10.1963;1;0
SERGUDEN;1;24.10.1966;1;0
HUSAYIM;1;16.04.1964;1;0
BURNAZ;1;10.02.1938;1;0
VAHIDITTIN;1;11.06.1928;1;0
TANGER;1;22.11.1972;1;0
YOLTAS;1;17.06.1976;1;0
ORNAY;1;21.02.1982;1;0
AHTI;1;22.11.1964;1;0
FELEADDIN;1;18.04.1962;1;0
HUNASI;1;26.11.1956;1;0
HADAYUN;1;7.08.1934;1;0
BILSEVER;1;17.11.1948;1;0
KUNAYAN;1;23.02.1938;1;0
ILKEREN;1;23.05.1991;1;0
HUSIRI;1;17.03.1972;1;0
NICATIN;1;1.05.1940;1;0
KISKO;1;29.06.1956;1;0
HULEYSI;1;21.12.1963;1;0
BUSTEKIN;1;26.11.1990;1;0
HALIMZA;1;19.02.1955;1;0
OZENSOY;1;9.06.1941;1;0
NUHDIYAR;1;28.12.1959;1;0
HAZERET;1;22.01.1952;1;0
FILBAKI;1;25.04.1956;1;0
NURULLAHBEY;1;1.02.1980;1;0
ABDULMUKELLEF;1;1.05.1950;1;0
MUZEDEN;1;19.06.1960;1;0
SILVAYI;1;7.11.1976;1;0
VACIBUL;1;25.07.1975;1;0
ZIYATAN;1;27.04.1962;1;0
MUYAFFER;1;11.09.1956;1;0
SARACETDIN;1;24.04.1975;1;0
EBISU;1;22.11.1961;1;0
HAHAN;1;23.03.1966;1;0
SABITIN;1;11.11.1962;1;0
LEBIG;1;19.10.1953;1;0
HERON;1;5.02.1969;1;0
ROHINAL;1;3.06.1957;1;0
EMANNULLAH;1;13.03.1968;1;0
ERSEDE;1;14.10.1979;1;0
MIKREMI;1;7.08.1970;1;0
CUMARETTIN;1;22.07.1972;1;0
CANIHER;1;18.05.1964;1;0
UKREMIN;1;22.02.1967;1;0
ECAL;1;8.08.1961;1;0
YURDAGUNSAL;1;3.07.1971;1;0
ARLA;1;13.04.1985;1;0
ALIEJDER;1;29.05.1956;1;0
ISFANDIGER;1;9.05.1940;1;0
EBISSUUD;1;16.07.1953;1;0
URSITDIN;1;3.11.1958;1;0
NETYI;1;10.11.1953;1;0
KUMKERI;1;6.03.1935;1;0
NEVCETTIN;1;22.01.1984;1;0
SIHHEMDAN;1;7.09.1956;1;0
HATAAN;1;4.09.1974;1;0
SAZIVAN;1;22.08.1949;1;0
SAITGUL;1;13.04.1935;1;0
GURBUZCAN;1;2.05.1961;1;0
VUZARE;1;23.05.1961;1;0
MEYDO;1;27.08.1926;1;0
SEHEMETTIN;1;12.02.1953;1;0
ERSED;1;3.02.1957;1;0
SENYETTIN;1;4.07.1963;1;0
GEYHANI;1;10.11.1988;1;0
URAR;1;11.08.1990;1;0
VAHAPIDDIN;1;26.12.1966;1;0
NESYUH;1;12.05.1965;1;0
PERZENDE;1;6.02.1972;1;0
BAYTULLAH;1;28.10.1991;1;0
MENNAM;1;22.12.1944;1;0
BULMAN;1;2.08.1945;1;0
MULHAIM;1;13.02.1983;1;0
CUCA;1;27.10.1974;1;0
DAGMAN;1;7.02.1976;1;0
CIMRAIL;1;3.05.1991;1;0
NUHBETTIN;1;1.11.1979;1;0
HIRGAYIP;1;4.10.1961;1;0
HUNGOR;1;6.11.1969;1;0
BINYAMEDIN;1;25.08.1963;1;0
NIYAMIL;1;23.11.1947;1;0
CUMAFI;1;2.08.1951;1;0
ABDULNEDIM;1;23.09.1968;1;0
RUHMETULLA;1;21.02.1962;1;0
M.SAHIT;1;2.02.1957;1;0
HABIPSEN;1;26.06.1960;1;0
SAFFETBEK;1;27.08.1956;1;0
LEHEP;1;3.06.1949;1;0
SEYIZ;1;16.08.1961;1;0
HORTO;1;27.02.1962;1;0
HIMADETTIN;1;20.06.1969;1;0
TALLAT;1;9.02.1958;1;0
UBEYIDULLAH;1;6.02.1957;1;0
KAMZELI;1;21.05.1953;1;0
ABULFETTAH;1;17.08.1930;1;0
HEYETTIN;1;12.08.1935;1;0
KUTPETTIN;1;2.09.1954;1;0
FAHMEDDIN;1;1.10.1961;1;0
SULAHEDDIN;1;13.08.1954;1;0
VADATI;1;7.02.1964;1;0
SEVKIYETTIN;1;22.08.1937;1;0
ZULFUT;1;6.01.1975;1;0
SUNUSU;1;11.01.1947;1;0
POLATSOY;1;5.01.1980;1;0
KIYETTIN;1;2.02.1957;1;0
ECAHIT;1;15.05.1970;1;0
SEBHADIN;1;23.01.1967;1;0
SEBAGATULLAH;1;6.08.1979;1;0
ABDULMANEV;1;26.05.1965;1;0
SEGBATULLAH;1;11.06.1975;1;0
SARICANDER;1;20.06.1940;1;0
UMYUN;1;17.04.1972;1;0
KIREMEDDIN;1;3.06.1969;1;0
KISMETTIN;1;26.05.1966;1;0
GAYRETULLAH;1;16.02.1968;1;0
BEHREMSAH;1;21.02.1964;1;0
BIYALI;1;14.07.1944;1;0
NAHZULLAH;1;16.04.1964;1;0
MUDELIF;1;2.02.1967;1;0
NAMEDIN;1;11.09.1986;1;0
SERECATIN;1;16.04.1973;1;0
SAREZA;1;20.11.1988;1;0
KIRAMEDDIN;1;8.01.1964;1;0
ECEBETTIN;1;7.06.1969;1;0
AZAMEDIN;1;10.02.1958;1;0
ZECREDDIN;1;16.03.1965;1;0
ZEMANEDDIN;1;12.03.1965;1;0
BEHVAD;1;22.02.1949;1;0
HUSAMETETIN;1;12.08.1971;1;0
SEMEVAT;1;14.01.1956;1;0
EMEDIN;1;26.08.1972;1;0
NEBRULLAH;1;7.02.1971;1;0
RADIH;1;12.02.1941;1;0
MUHABBEDDIN;1;21.03.1970;1;0
BARYETTIN;1;3.02.1954;1;0
SEGBAN;1;16.05.1931;1;0
SAYANDAG;1;7.04.1949;1;0
SAFIYEDIN;1;2.03.1963;1;0
BEHIZAT;1;6.11.1937;1;0
SURKUN;1;22.08.1937;1;0
FETAYIL;1;11.12.1981;1;0
MUSHABEDIN;1;5.10.1963;1;0
NEZRULLAH;1;14.07.1980;1;0
MINYASER;1;2.07.1963;1;0
VAFETTIN;1;29.09.1981;1;0
MAZULLAH;1;2.03.1957;1;0
VASFIYEDDIN;1;19.02.1967;1;0
KISMETULLAH;1;26.08.1966;1;0
YUZTEKIN;1;2.02.1981;1;0
SAIFETTIN;1;16.06.1975;1;0
ZEMIRGAN;1;1.05.1974;1;0
SAHBEDULLAH;1;2.03.1984;1;0
MEDETTULLAH;1;16.12.1980;1;0
FEYAR;1;16.10.1986;1;0
CENDI;1;2.03.1951;1;0
M.IZZET;1;17.10.1960;1;0
SUCAHHATTIN;1;27.02.1956;1;0
SERHADIN;1;13.12.1963;1;0
FERSENDER;1;26.11.1972;1;0
VASETULLAH;1;6.11.1978;1;0
ANAMULLAH;1;14.03.1966;1;0
HEYFETULLAH;1;6.12.1967;1;0
ALANEDDIM;1;22.02.1973;1;0
ABDULNEAF;1;21.06.1969;1;0
MUSBAHTTIN;1;2.02.1975;1;0
EDBEDIN;1;24.02.1960;1;0
MUTTEZIN;1;7.02.1964;1;0
MUKAYUL;1;6.11.1974;1;0
ZECRETTIN;1;12.02.1965;1;0
CUDHEDDIN;1;12.06.1977;1;0
SENETTIN;1;3.03.1951;1;0
HOKO;1;23.05.1971;1;0
ABDABEKIR;1;17.08.1924;1;0
MAHACET;1;3.07.1957;1;0
KULAMIR;1;12.08.1935;1;0
NUSBAHATTIN;1;17.07.1990;1;0
CENBEL;1;9.06.1958;1;0
ACMAIN;1;14.08.1941;1;0
NESMETULLAH;1;2.02.1987;1;0
MIHE;1;27.08.1926;1;0
TABIYETTIN;1;12.02.1961;1;0
EBEYTULLAH;1;22.01.1931;1;0
SEZSAI;1;11.10.1991;1;0
VEYSEDIN;1;22.05.1967;1;0
MEFERI;1;21.10.1974;1;0
SIHMET;1;22.06.1963;1;0
EKENAL;1;11.05.1979;1;0
ERFIT;1;7.04.1976;1;0
MERZUMAN;1;26.10.1971;1;0
DIYATIN;1;7.07.1964;1;0
TIPO;1;26.07.1943;1;0
MENHULLAH;1;29.06.1975;1;0
MIRAZEDIN;1;1.10.1958;1;0
LEZDIN;1;1.12.1947;1;0
BEDET;1;22.11.1956;1;0
MISANDIK;1;17.01.1972;1;0
ESFEDIN;1;3.10.1987;1;0
KEDRETTIN;1;17.02.1966;1;0
NECEFEDIN;1;11.09.1973;1;0
DUCVAR;1;12.02.1965;1;0
CAVDET;1;12.04.1965;1;0
GEYBUTULLAH;1;27.08.1980;1;0
KERIMHUSRET;1;22.08.1973;1;0
AVZEL;1;22.02.1979;1;0
AVVANI;1;15.04.1941;1;0
BAHARTTIN;1;3.06.1974;1;0
NUHYEDIN;1;28.01.1959;1;0
RIYATTIN;1;27.02.1992;1;0
ZUBBEYIT;1;1.11.1962;1;0
KODBADIN;1;27.08.1956;1;0
PIRBAUT;1;2.06.1940;1;0
EHBAR;1;8.10.1970;1;0
RIZZAK;1;2.02.1969;1;0
RIZAKO;1;22.12.1939;1;0
FEKIN;1;26.06.1984;1;0
A.BARI;1;19.02.1960;1;0
MEKAIR;1;12.02.1983;1;0
OBYT;1;19.08.1932;1;0
ANDALI;1;12.02.1953;1;0
HASKI;1;27.02.1962;1;0
MIYAFET;1;12.06.1965;1;0
CEBIH;1;22.04.1979;1;0
CIBLIK;1;8.09.1958;1;0
SANAHADDIN;1;8.04.1958;1;0
HAFIYEDDIN;1;7.01.1978;1;0
ABIDURRAHMAN;1;8.10.1982;1;0
MUHIBDIN;1;21.07.1978;1;0
FEMEDI;1;1.03.1974;1;0
M.NASIB;1;12.02.1965;1;0
VEFATIN;1;11.07.1962;1;0
MUHABIDIN;1;26.05.1970;1;0
CEMBELIK;1;26.04.1946;1;0
LIYAADDIN;1;3.03.1951;1;0
USYETTIN;1;11.08.1986;1;0
CEFRETTIN;1;25.06.1983;1;0
MENAYIM;1;22.09.1991;1;0
NEZADIN;1;9.03.1970;1;0
EFETULLAH;1;21.06.1978;1;0
NEZMEIN;1;8.02.1964;1;0
IMETIN;1;5.05.1966;1;0
AZBEDIN;1;28.07.1968;1;0
TAYLEDDIN;1;22.02.1967;1;0
USYET;1;21.05.1968;1;0
OZMI;1;8.06.1965;1;0
KEBARETTIN;1;22.05.1964;1;0
YARBEK;1;23.06.1991;1;0
NAYDIN;1;26.12.1982;1;0
SIRHEBIP;1;24.07.1973;1;0
EMINDIN;1;6.07.1985;1;0
BILO;1;12.02.1935;1;0
HUSBULLAH;1;21.06.1972;1;0
VUHAPDDIN;1;2.08.1981;1;0
HANEFDAR;1;29.11.1977;1;0
HISABEDIN;1;9.04.1964;1;0
TIMEN;1;10.07.1989;1;0
CEMBER;1;2.02.1975;1;0
MESAYIK;1;19.02.1960;1;0
MESHUK;1;21.07.1975;1;0
CEZAFETTIN;1;2.02.1969;1;0
GIMSIT;1;26.08.1985;1;0
TEYMETULLAH;1;16.04.1970;1;0
SAMIYEDDIN;1;19.12.1977;1;0
OMERBURAK;1;14.02.1991;1;0
TAKIEDDIN;1;21.05.1975;1;0
ETAETTIN;1;27.08.1926;1;0
HEDEYETULLAH;1;2.02.1963;1;0
IBADDIN;1;6.03.1981;1;0
SAFYETULLAH;1;9.05.1988;1;0
SECHEDIN;1;18.04.1984;1;0
MENAHIN;1;15.08.1980;1;0
HASAMEDDIN;1;7.02.1964;1;0
DEYIP;1;2.03.1963;1;0
SIREDIN;1;22.07.1973;1;0
MEKYEDDIN;1;3.02.1975;1;0
ABDULHASET;1;5.01.1961;1;0
CEYVET;1;6.07.1981;1;0
CEDIN;1;17.10.1975;1;0
TEKIEDDIN;1;23.04.1973;1;0
ASTEGMEN;1;7.11.1976;1;0
MEHDER;1;10.03.1980;1;0
SICAHETTIN;1;1.12.1979;1;0
YESRIF;1;21.12.1985;1;0
PIYALETTIN;1;17.02.1960;1;0
EYBETULLAH;1;9.02.1961;1;0
NURULMEDED;1;22.02.1991;1;0
HURIKAN;1;2.08.1927;1;0
SEMADIN;1;2.02.1957;1;0
EMERULLAH;1;12.02.1965;1;0
BEDUALLAH;1;15.07.1969;1;0
ISMEDULLAH;1;17.12.1966;1;0
SEBURULLAH;1;3.07.1980;1;0
ABDULGAFFAN;1;27.04.1962;1;0
NURMEDET;1;10.05.1982;1;0
FAHILILAH;1;26.05.1961;1;0
KABARO;1;7.08.1945;1;0
MALGIR;1;3.12.1985;1;0
ATARULLAH;1;23.02.1977;1;0
ABDUHANI;1;3.07.1975;1;0
APDULKADIM;1;23.06.1956;1;0
ABDULAHAKIM;1;26.10.1985;1;0
HISYARI;1;6.05.1968;1;0
AHMETHAKAN;1;22.06.1971;1;0
ZUGAYP;1;23.05.1954;1;0
EHDINNUR;1;26.04.1976;1;0
NEMMAL;1;15.03.1965;1;0
M.DINCER;1;29.2.1978;1;0
BINALIN;1;27.03.1980;1;0
M.SAIP;1;6.04.1974;1;0
MICHAT;1;27.02.1968;1;0
SEKNETULLAH;1;27.02.1980;1;0
SAITEMIR;1;12.04.1953;1;0
FUDEYT;1;1.11.1979;1;0
MAHFUZULLAH;1;12.02.1971;1;0
SIRACCETIN;1;19.01.1972;1;0
ASHAD;1;17.05.1974;1;0
MUZLUH;1;27.02.1974;1;0
VEZYETTIN;1;2.08.1981;1;0
CENBERIK;1;16.05.1966;1;0
MUMSIN;1;11.05.1969;1;0
SEKLER;1;27.02.1980;1;0
VAZEDDIN;1;27.08.1932;1;0
PIRAL;1;22.08.1937;1;0
MIRSEYAP;1;26.05.1943;1;0
AMAYETTIN;1;17.02.1972;1;0
SEHDETULLAH;1;10.10.1973;1;0
LEYSI;1;29.2.1973;1;0
MUHAMMETHABIP;1;21.03.1986;1;0
NIZZAMETTIN;1;22.07.1973;1;0
ABDULMUID;1;6.06.1983;1;0
SAFAKHATTIN;1;26.01.1985;1;0
ERCAYIL;1;12.12.1974;1;0
ABDULPASA;1;16.06.1969;1;0
ANAFI;1;23.10.1980;1;0
CENAYI;1;2.11.1986;1;0
MURSITHAN;1;5.12.1988;1;0
TUNCAIL;1;28.03.1966;1;0
GUZELALI;1;1.03.1977;1;0
CANUT;1;18.04.1966;1;0
HOKUM;1;22.07.1949;1;0
NEJMET;1;17.02.1942;1;0
SUKRUNUR;1;25.11.1970;1;0
ERKAIL;1;12.04.1979;1;0
HERYANI;1;13.01.1969;1;0
BALOGLU;1;17.04.1971;1;0
MUTAYIM;1;14.02.1973;1;0
DURGOL;1;15.11.1989;1;0
SEYIHETTIN;1;2.02.1954;1;0
TEHFIT;1;13.11.1987;1;0
MUKAIR;1;17.05.1970;1;0
YAVUZERIN;1;1.02.1990;1;0
CIHAMI;1;22.04.1967;1;0
SEYDURAHMAN;1;22.02.1973;1;0
FAIH;1;11.07.1987;1;0
SAIDALI;1;16.12.1965;1;0
DURSUNPASA;1;6.06.1963;1;0
CANGEZER;1;6.12.1984;1;0
IHMANI;1;12.01.1971;1;0
YURDTAS;1;24.06.1973;1;0
SERDENGER;1;26.05.1991;1;0
FIYAZI;1;1.06.1952;1;0
MIZIRAL;1;1.07.1967;1;0
ZULHAMI;1;20.08.1960;1;0
HACIBAKI;1;18.10.1985;1;0
MUHTEZE;1;23.06.1982;1;0
AYPAZ;1;20.07.1982;1;0
SALPAR;1;18.07.1981;1;0
BORTEKIN;1;27.07.1979;1;0
ALIYERLI;1;27.02.1956;1;0
GUNDEMIR;1;30.07.1980;1;0
SUNTAY;1;14.04.1983;1;0
NECMETTINYAVUZ;1;7.04.1976;1;0
YENOL;1;7.05.1988;1;0
VECIHATTIN;1;3.06.1955;1;0
EYYUF;1;21.06.1963;1;0
HERMIYAS;1;14.07.1980;1;0
NURMUHAMED;1;6.06.1976;1;0
BAYRAMBEK;1;26.10.1979;1;0
BUDAKBEY;1;12.11.1974;1;0
MIRMELKI;1;17.02.1966;1;0
AMU;1;27.02.1938;1;0
HIZRI;1;27.02.1974;1;0
HOSAVI;1;29.11.1963;1;0
FERHEM;1;3.08.1980;1;0
ABUZAHIR;1;26.07.1964;1;0
EHLIM;1;26.09.1989;1;0
SEFIKNURI;1;2.07.1963;1;0
NAVDELI;1;24.09.1973;1;0
DEVIS;1;2.02.1939;1;0
DILOVA;1;17.10.1990;1;0
ENDELI;1;7.08.1934;1;0
BIRCO;1;11.04.1951;1;0
ABDULLCEBBAR;1;6.12.1974;1;0
LESKO;1;27.02.1956;1;0
ZEYNELTUNCAY;1;27.06.1983;1;0
ATTU;1;26.07.1950;1;0
HIRYASI;1;6.03.1992;1;0
ABDULMANNAV;1;12.01.1977;1;0
MIHACIR;1;19.05.1975;1;0
REVO;1;27.03.1953;1;0
ZURYAT;1;4.06.1958;1;0
HUSABI;1;2.05.1973;1;0
PURMUS;1;5.05.1991;1;0
CUMAR;1;27.02.1950;1;0
MIYALI;1;12.02.1961;1;0
DAGAZ;1;6.08.1990;1;0
SIHCAN;1;27.02.1938;1;0
MIRSEYID;1;14.10.1976;1;0
HUVACE;1;12.12.1949;1;0
MAVAZ;1;30.04.1956;1;0
MAZU;1;4.12.1960;1;0
VALATTIN;1;1.05.1971;1;0
DESVAN;1;11.06.1991;1;0
CIGSI;1;6.08.1979;1;0
MIRMIHI;1;4.01.1954;1;0
KARDAR;1;3.06.1961;1;0
SORANI;1;15.10.1970;1;0
BEHROZ;1;2.05.1988;1;0
FAGIR;1;2.09.1987;1;0
ABDUKAHAR;1;18.03.1965;1;0
DERBAN;1;27.02.1943;1;0
YUSUFUFUK;1;16.12.1976;1;0
YUSUFISIK;1;12.07.1978;1;0
ABUBAKIR;1;16.04.1976;1;0
MISRIDDIN;1;28.08.1973;1;0
VEYSIK;1;17.08.1930;1;0
SETARHAN;1;19.04.1964;1;0
BABIZDIN;1;21.09.1965;1;0
TELELLI;1;27.08.1932;1;0
BEHSI;1;22.08.1943;1;0
SAHKULI;1;1.01.2001;1;0
MIRDAT;1;7.08.1976;1;0
ABDULBAZIT;1;13.06.1990;1;0
MIZGEFTI;1;21.04.1948;1;0
BUKRI;1;28.04.1961;1;0
CAHSIN;1;22.08.1979;1;0
MAMSIN;1;22.08.1931;1;0
FEKO;1;7.08.1922;1;0
KIL;1;17.08.1930;1;0
HEVARI;1;24.08.1991;1;0
MIKAS;1;27.11.1991;1;0
KEKLAV;1;2.08.1933;1;0
ABDULSTAR;1;6.04.1991;1;0
AKRET;1;7.10.1988;1;0
MEDNI;1;17.08.1942;1;0
MIRAHMET;1;21.03.1954;1;0
MUHAMEET;1;18.04.1990;1;0
AHMATHAN;1;17.08.1978;1;0
CEHVEN;1;11.08.1981;1;0
ILMEDULLAH;1;15.08.1971;1;0
ABOZEYIT;1;24.03.1967;1;0
SARACADDIN;1;4.04.1955;1;0
RUMLETE;1;26.06.1978;1;0
ABDULFENAF;1;21.08.1965;1;0
ZERAR;1;3.08.1962;1;0
DESTKO;1;27.08.1950;1;0
NEHYEDDIN;1;18.08.1965;1;0
BARANIK;1;2.06.1975;1;0
SERECINDI;1;28.07.1944;1;0
KONDU;1;2.08.1933;1;0
AMIDI;1;29.05.1961;1;0
MAGDU;1;12.08.1965;1;0
SICAK;1;12.08.1977;1;0
RIJYAR;1;7.02.1988;1;0
OYANIK;1;8.11.1980;1;0
AHYAHAN;1;24.03.1961;1;0
LESGIRI;1;2.08.1927;1;0
MELKO;1;7.08.1946;1;0
MUFERDI;1;24.08.1966;1;0
ASKO;1;5.04.1971;1;0
KURUK;1;22.08.1943;1;0
NEYAR;1;23.05.1990;1;0
SEMETHAN;1;2.08.1927;1;0
AGAK;1;22.08.1931;1;0
CIHSI;1;24.02.1966;1;0
ABDULBEY;1;11.06.1962;1;0
ABDULHABI;1;17.10.1984;1;0
KEVYEDIN;1;7.12.1976;1;0
ISLAHETTIN;1;17.06.1984;1;0
NAHOS;1;12.07.1989;1;0
VEKAS;1;3.09.1991;1;0
ABDULRIDDAR;1;5.03.1957;1;0
SINYAR;1;5.09.1978;1;0
ERDELAN;1;7.06.1988;1;0
VARDAT;1;27.06.1965;1;0
CEGERHUN;1;27.02.1992;1;0
BIBU;1;9.06.1964;1;0
IDDIRIS;1;1.05.1965;1;0
KARADACEDDIN;1;27.08.1930;1;0
MAMEZER;1;2.02.1945;1;0
SERHENG;1;6.04.1961;1;0
SIMYAN;1;22.10.1991;1;0
ABUBEKIRSIDDIK;1;12.05.1971;1;0
EVRAZ;1;19.07.1991;1;0
HUSEVI;1;18.08.1959;1;0
JIYAR;1;27.02.1992;1;0
NEJIP;1;1.05.1961;1;0
FAHRISERDAR;1;26.12.1981;1;0
HIJYAR;1;9.03.1991;1;0
CANPUR;1;21.05.1988;1;0
HEVINT;1;10.03.1976;1;0
SELAHDIN;1;2.05.1971;1;0
HUSTEVI;1;29.06.1974;1;0
MIRMUHYETTIN;1;27.03.1974;1;0
KORUS;1;11.10.1972;1;0
NAVDENK;1;12.04.1992;1;0
SERACDIN;1;21.05.1953;1;0
BAHMEN;1;30.03.1950;1;0
RECIF;1;11.12.1969;1;0
SAFYADDIN;1;26.10.1965;1;0
NEDALI;1;1.03.1974;1;0
CESEDDIN;1;1.11.1984;1;0
CEZIH;1;1.09.1971;1;0
KIHAN;1;17.02.1990;1;0
KEVNAR;1;27.09.1986;1;0
TUTVI;1;21.12.1958;1;0
ZALAT;1;1.10.1991;1;0
SAADRETTIN;1;17.08.1984;1;0
KAYTERAN;1;6.05.1939;1;0
EMIRSELAM;1;16.01.1984;1;0
BORZO;1;16.08.1976;1;0
GERAVI;1;5.02.1970;1;0
FAZLEDDIN;1;1.08.1979;1;0
LEMDIN;1;22.10.1967;1;0
BADDIN;1;23.03.1967;1;0
KUBADIN;1;1.07.1967;1;0
HUSARET;1;1.06.1973;1;0
UBEYITDULLAH;1;23.05.1960;1;0
HAMRAVIN;1;25.04.1986;1;0
VAHYUDIN;1;1.01.1951;1;0
PARTI;1;12.08.1953;1;0
SIHRZAT;1;12.08.1959;1;0
KAZUM;1;23.08.1970;1;0
HOSRET;1;27.08.1956;1;0
BAVADIN;1;27.12.1962;1;0
SABENDER;1;13.08.1970;1;0
AZURIK;1;7.08.1934;1;0
ABDULATTIF;1;1.09.1973;1;0
RAHIMHAN;1;19.02.1942;1;0
ARGES;1;28.07.1989;1;0
MELANK;1;2.08.1963;1;0
ABURAFI;1;22.02.1991;1;0
HANADEL;1;26.06.1960;1;0
GITO;1;2.08.1921;1;0
CIHADIR;1;21.11.1957;1;0
MEYTER;1;5.11.1975;1;0
PERVIZHAN;1;9.05.1965;1;0
CIYAZAN;1;18.01.1990;1;0
HASED;1;11.02.1991;1;0
HEJYAR;1;13.02.1992;1;0
BEJEN;1;17.02.1990;1;0
MUMBAREK;1;20.05.1965;1;0
KEYHUSREV;1;26.05.1964;1;0
DEMIRYAT;1;20.02.1992;1;0
IRAT;1;17.02.1990;1;0
CERYIS;1;24.07.1985;1;0
MULAHADDIN;1;22.02.1941;1;0
DURULER;1;22.11.1975;1;0
OZUKAN;1;22.04.1937;1;0
SUKURULAH;1;22.10.1979;1;0
ABDIRIZA;1;22.04.1955;1;0
ADILORBAY;1;23.09.1990;1;0
EBDIRAMAN;1;28.05.1968;1;0
ADEMGUL;1;1.08.1937;1;0
MUSAHATTIN;1;2.02.1963;1;0
BICAHI;1;8.03.1950;1;0
TURABEY;1;8.05.1972;1;0
PELE;1;25.10.1988;1;0
FERCEM;1;27.12.1986;1;0
YAGMAN;1;3.11.1965;1;0
GOKMUSA;1;23.07.1980;1;0
SECAADTIN;1;26.08.1963;1;0
ZEKIYIDDIN;1;22.10.1954;1;0
UPRUSAH;1;16.09.1988;1;0
OLTUNC;1;30.03.1991;1;0
KANSAD;1;21.11.1984;1;0
HURABBAS;1;23.05.1984;1;0
BILDIREN;1;18.03.1970;1;0
MEYDUH;1;7.02.1970;1;0
TEYAMIS;1;16.02.1965;1;0
AMCA;1;6.11.1978;1;0
MUHALIT;1;18.10.1950;1;0
NIMEDDIN;1;21.08.1934;1;0
SABIDTIN;1;6.01.1975;1;0
CENAATTIN;1;23.02.1954;1;0
CERCIGIZ;1;9.09.1973;1;0
ULKUBEY;1;3.02.1964;1;0
NICDET;1;26.04.1975;1;0
ALPTEMUCIN;1;18.11.1986;1;0
SERHEND;1;13.03.1989;1;0
ABDILMUTDALIP;1;14.11.1962;1;0
FEHREZAT;1;8.01.1964;1;0
AHMETTOLGA;1;16.01.1984;1;0
TAYERI;1;23.06.1961;1;0
S.SAVAS;1;22.10.1943;1;0
HASANERINC;1;29.03.1990;1;0
ERA;1;6.02.1965;1;0
HURAYRE;1;16.10.1985;1;0
RUFKAN;1;26.02.1966;1;0
ABDULESHAK;1;2.02.1963;1;0
SARTEKIN;1;7.10.1940;1;0
SEKAMET;1;16.08.1980;1;0
KUSUREV;1;7.04.1970;1;0
DALSEREN;1;19.04.1981;1;0
CITIR;1;8.04.1980;1;0
ELPEREK;1;16.04.1971;1;0
SEHAZIM;1;12.04.1935;1;0
VELUIDDIN;1;11.02.1963;1;0
ORUZ;1;1.02.1985;1;0
VELIYUTTUN;1;7.04.1930;1;0
GORGUHAN;1;12.02.1989;1;0
OLGUR;1;4.02.1977;1;0
ABDULGOKAY;1;20.09.1988;1;0
NECEHATDIN;1;23.11.1959;1;0
SARAYCAN;1;11.04.1949;1;0
IRCEP;1;11.01.1956;1;0
CEVZETTIN;1;4.03.1946;1;0
ECIRALI;1;1.11.1965;1;0
ISKKENDER;1;4.01.1984;1;0
AKINTURK;1;6.07.1976;1;0
SEHYAMAN;1;8.09.1957;1;0
EMBEY;1;27.03.1956;1;0
USTUNCUMALI;1;16.07.1976;1;0
YOHANN;1;20.03.1989;1;0
NESAIR;1;16.02.1946;1;0
MENTEK;1;5.12.1954;1;0
NUHDAN;1;2.05.1956;1;0
BAYSEKER;1;3.02.1969;1;0
TUFEYL;1;23.09.1985;1;0
AYANDOG;1;9.02.1970;1;0
NAFIDUR;1;28.02.1968;1;0
MUSDAATTIN;1;24.07.1972;1;0
ZENOL;1;17.01.1948;1;0
NEFIRLI;1;6.03.1961;1;0
SEHVARI;1;22.01.1943;1;0
SAHMEYDAN;1;11.04.1973;1;0
KUFET;1;15.06.1965;1;0
ALIMUZAFFER;1;12.05.1947;1;0
MURATERDI;1;20.10.1991;1;0
YUMURU;1;16.01.1991;1;0
ELEMDER;1;20.01.1992;1;0
HAYRULLAHBEY;1;2.10.1945;1;0
ESATHAN;1;8.02.1947;1;0
EFKANI;1;25.01.1953;1;0
ISBENDER;1;14.04.1958;1;0
ALLAHVERAN;1;14.03.1934;1;0
ABALUL;1;6.08.1977;1;0
REMIZAN;1;1.05.1930;1;0
SAMHAL;1;7.08.1946;1;0
FAMETUN;1;7.04.1946;1;0
ILAHAN;1;14.03.1957;1;0
SAHAMETIN;1;6.07.1938;1;0
BEHRIBEY;1;5.01.1950;1;0
IPEKCI;1;11.11.1981;1;0
ABRAM;1;14.01.1976;1;0
LAVRENTI;1;2.08.1945;1;0
MESUTMAHMUT;1;25.03.1988;1;0
ABDULKADIRBAKI;1;1.06.1984;1;0
KANAL;1;6.06.1974;1;0
SEVRER;1;27.02.1950;1;0
NESIOP;1;2.07.1963;1;0
PEKINSAL;1;22.02.1967;1;0
BAFABEY;1;25.06.1973;1;0
HANELI;1;24.03.1949;1;0
ABDULLAHVERDI;1;21.09.1961;1;0
VILANT;1;11.01.1982;1;0
HAFIZAHMET;1;17.05.1960;1;0
BECAH;1;1.02.1959;1;0
MUZAEFFER;1;5.04.1981;1;0
ZIYABET;1;15.05.1956;1;0
ABULFAT;1;23.03.1937;1;0
TEFUR;1;6.12.1979;1;0
AZIMBEY;1;18.09.1966;1;0
GEMAL;1;4.08.1938;1;0
ARIFBEY;1;13.04.1959;1;0
YUMULU;1;11.01.1986;1;0
HALDEM;1;21.06.1983;1;0
SENNETTIN;1;21.05.1971;1;0
LAMIDER;1;3.08.1967;1;0
AYKUTALI;1;18.10.1987;1;0
ISMAILASIM;1;21.06.1965;1;0
HAYRIEMIN;1;15.03.1935;1;0
ERCAHIS;1;27.01.1971;1;0
HANOSMAN;1;3.01.1933;1;0
EHTIEMAN;1;21.06.1931;1;0
MIRSALEY;1;1.01.2001;1;0
ERTUKAY;1;7.05.1982;1;0
TOPTAS;1;17.07.1960;1;0
ILIMBEY;1;12.09.1932;1;0
DINOS;1;27.02.1968;1;0
DILIKAN;1;6.06.1963;1;0
AFOS;1;7.02.1970;1;0
BINEBEY;1;15.06.1948;1;0
TEZETTIN;1;7.02.1934;1;0
TICERET;1;27.01.1971;1;0
TAZEDDIN;1;6.02.1931;1;0
TASHIN;1;13.01.1977;1;0
BAGCELI;1;16.01.1992;1;0
KARHAMAN;1;27.02.1980;1;0
ALIKELES;1;7.04.1988;1;0
AHMETTULLAH;1;18.05.1987;1;0
DAYO;1;22.08.1925;1;0
NUKDO;1;17.03.1948;1;0
SULEHHETTIN;1;13.02.1959;1;0
TEYMEZ;1;2.02.1963;1;0
KOCASINAN;1;17.08.1990;1;0
MUHAMEDD;1;23.08.1985;1;0
SARADDIN;1;11.06.1948;1;0
MUSDO;1;27.08.1926;1;0
BINEMAL;1;7.03.1988;1;0
MEMOCAN;1;14.10.1989;1;0
MUHAMMETSENA;1;6.10.1989;1;0
YUSUF.SEZAI;1;26.05.1984;1;0
ILMISAH;1;6.07.1985;1;0
CALGA;1;1.12.1949;1;0
KOLCI;1;26.03.1941;1;0
SAHIMEDIN;1;2.01.1938;1;0
MAGRU;1;10.10.1951;1;0
TUGUT;1;26.10.1958;1;0
FERMAT;1;25.05.1987;1;0
ABDULBALIK;1;16.05.1971;1;0
GURAKAN;1;19.03.1982;1;0
IRDIS;1;8.03.1992;1;0
BAKAY;1;26.06.1984;1;0
MANSUP;1;21.07.1990;1;0
UBI;1;7.08.1934;1;0
BURHANADDIN;1;2.10.1976;1;0
HATIBI;1;19.09.1980;1;0
MURATEREN;1;1.12.1991;1;0
ABDULNAKI;1;12.04.1953;1;0
MOLLAAHMET;1;22.01.1949;1;0
OKTURK;1;2.10.1980;1;0
BALEBEY;1;19.04.1948;1;0
IZZETSUKRU;1;23.10.1980;1;0
TAHSILDAR;1;27.08.1926;1;0
TEKIRDAG;1;12.02.1965;1;0
ZEYNELABDI;1;22.10.1973;1;0
SULHANETTIN;1;12.02.1965;1;0
SENAHMET;1;12.03.1977;1;0
ESEDDULLAH;1;3.09.1962;1;0
BINMET;1;14.03.1965;1;0
ISIMDAR;1;27.06.1956;1;0
BAYRAMSELCUK;1;5.08.1982;1;0
MUHAMMEDGOKHAN;1;4.06.1991;1;0
TUYITTIN;1;11.06.1956;1;0
MAHMETTIN;1;23.08.1973;1;0
ULUKAR;1;17.12.1942;1;0
CEMULVI;1;29.03.1977;1;0
EKINAY;1;12.03.1972;1;0
ERDAMAN;1;6.07.1968;1;0
HAZERETGULU;1;15.04.1935;1;0
HASSEM;1;6.03.1989;1;0
LEVENTALI;1;23.08.1969;1;0
TONBAY;1;7.02.1970;1;0
DUNUYAMALI;1;22.04.1951;1;0
A.ZAFER;1;12.09.1965;1;0
PEYYAMIN;1;27.08.1977;1;0
ILKKAYA;1;23.03.1967;1;0
ISMISANI;1;7.08.1922;1;0
FUAAT;1;13.05.1983;1;0
KALKANTURK;1;24.02.1967;1;0
ATUNER;1;16.04.1974;1;0
MUSAFFAN;1;30.11.1978;1;0
MIRHABIP;1;12.07.1934;1;0
HUSEYINKULU;1;11.02.1931;1;0
ELIRZA;1;13.12.1951;1;0
SOYTAS;1;15.03.1968;1;0
OKLAY;1;26.02.1954;1;0
NECEHETTIN;1;16.02.1933;1;0
MUHAMMETRIZA;1;17.01.1978;1;0
AKIFCEYHUN;1;18.05.1973;1;0
METINERDEM;1;2.08.1974;1;0
NAKYETTIN;1;1.05.1949;1;0
ABAIHSAN;1;17.02.1966;1;0
CAMALATTIN;1;24.01.1967;1;0
HEVULLAH;1;13.03.1958;1;0
EYIS;1;2.12.1952;1;0
HAZANFER;1;1.10.1926;1;0
BERATBEY;1;6.01.1986;1;0
YENERGEL;1;24.02.1973;1;0
MIRSEYDI;1;7.08.1928;1;0
AVGUST;1;26.01.1971;1;0
ALISAYIM;1;26.06.1965;1;0
ESVENDER;1;22.08.1931;1;0
SAKUF;1;22.07.1973;1;0
BEYTULLAN;1;16.06.1986;1;0
YURDI;1;17.02.1942;1;0
FERRAS;1;17.02.1954;1;0
SERDARALI;1;21.07.1982;1;0
SIRINDOST;1;12.02.1941;1;0
ALMESA;1;8.09.1933;1;0
ERENTAC;1;2.09.1986;1;0
ERETIN;1;16.02.1965;1;0
SAREFEDDIN;1;12.06.1950;1;0
MALHO;1;2.08.1933;1;0
IBRARIM;1;17.07.1990;1;0
SEYIKALI;1;10.02.1934;1;0
YILTEZE;1;14.05.1964;1;0
YAZARKAN;1;6.09.1978;1;0
CENGEHAN;1;21.08.1976;1;0
NAMAZHAN;1;28.05.1944;1;0
BILTAD;1;1.05.1983;1;0
ISAALI;1;18.05.1956;1;0
AMMANI;1;26.01.1961;1;0
ZERER;1;12.02.1941;1;0
SELMUSA;1;19.04.1976;1;0
CEMANEDDIN;1;21.01.1966;1;0
VAYSIN;1;8.03.1964;1;0
SUCCETTIN;1;1.04.1961;1;0
ZIHINLI;1;27.04.1943;1;0
ALIHAMZA;1;12.11.1947;1;0
ABDUVAHIP;1;23.03.1967;1;0
MUDIR;1;26.02.1949;1;0
TALHADDIN;1;2.05.1939;1;0
NACIH;1;11.03.1973;1;0
EMIRTEKIN;1;7.10.1976;1;0
ALIAATTIN;1;22.06.1973;1;0
REZZALE;1;7.08.1934;1;0
HUBAI;1;13.02.1938;1;0
ABDULBADI;1;18.05.1965;1;0
VASIYETTIN;1;7.02.1952;1;0
ABDULMERAL;1;1.03.1972;1;0
PEVLIVAN;1;22.02.1967;1;0
GUVANI;1;1.03.1969;1;0
FASIN;1;16.06.1982;1;0
SULTEKIN;1;27.02.1950;1;0
REHIZ;1;24.01.1961;1;0
FAZLAN;1;7.08.1916;1;0
MORSEL;1;17.02.1966;1;0
ILFIT;1;21.05.1982;1;0
FATIHMEMET;1;26.05.1969;1;0
MUCAZI;1;1.11.1971;1;0
RUSTEMER;1;11.06.1945;1;0
KASIMI;1;27.08.1973;1;0
FEHDETTIN;1;17.01.1971;1;0
HUKUNTILLAH;1;11.01.1964;1;0
MEHMETVASI;1;17.05.1953;1;0
MUTEHETTIN;1;2.07.1951;1;0
GUTFETTIN;1;11.03.1977;1;0
GILBAY;1;28.04.1965;1;0
ABUSELAMI;1;8.10.1976;1;0
CANALAN;1;7.06.1964;1;0
TAGSIM;1;30.07.1972;1;0
SERGUNTAC;1;4.06.1987;1;0
SERVAL;1;1.01.2001;1;0
MAHIRPASA;1;1.05.1980;1;0
ULUKAY;1;1.05.1969;1;0
ABDURRAK;1;12.02.1965;1;0
SARALI;1;8.04.1964;1;0
YURDAKOC;1;24.04.1961;1;0
MEHMETSITKI;1;11.06.1938;1;0
ONCEAY;1;1.10.1984;1;0
BEYSAFALAR;1;1.11.1961;1;0
KERENI;1;17.08.1930;1;0
FEZENDE;1;24.03.1938;1;0
DEYO;1;22.08.1931;1;0
MURSEYIDIN;1;7.02.1940;1;0
ELTURK;1;24.04.1967;1;0
TANOREN;1;2.09.1951;1;0
TIMUREFE;1;14.04.1959;1;0
EMINTURK;1;7.02.1952;1;0
HAYATIBEY;1;2.02.1957;1;0
SAHMAIL;1;5.03.1937;1;0
BINBEY;1;16.12.1963;1;0
SEFILSAH;1;27.08.1932;1;0
ELTEKIN;1;27.08.1974;1;0
OZPAY;1;21.02.1987;1;0
BALLE;1;12.02.1947;1;0
HACINASO;1;2.02.1957;1;0
ALCE;1;12.02.1935;1;0
TURKKOZ;1;7.08.1970;1;0
CARCI;1;24.10.1934;1;0
DOLA;1;23.10.1986;1;0
KOCAKALI;1;11.01.1974;1;0
ZIYAPASA;1;12.02.1935;1;0
HAKKADIR;1;16.04.1980;1;0
HAKCELIL;1;19.04.1983;1;0
CELILCAN;1;29.2.1986;1;0
GIRAYALP;1;10.04.1990;1;0
VAHIY;1;12.08.1982;1;0
ILKUTLAY;1;28.04.1981;1;0
LADIR;1;21.11.1983;1;0
HIDIRSIH;1;19.07.1935;1;0
NIYASEDIN;1;22.02.1979;1;0
SAFADIN;1;26.04.1971;1;0
SEFATDIN;1;2.04.1990;1;0
SEYHANLI;1;8.09.1932;1;0
MUZDEBAG;1;22.04.1973;1;0
TURGUTHAN;1;20.10.1971;1;0
ILTAD;1;27.02.1962;1;0
HAYDARDEDE;1;9.07.1952;1;0
TANFUR;1;4.10.1966;1;0
SIHEYIP;1;18.02.1964;1;0
EVSAY;1;22.02.1967;1;0
MUNSADIR;1;7.02.1964;1;0
HAVAZIM;1;11.06.1966;1;0
EMRAMI;1;17.02.1978;1;0
AYDINDEDE;1;11.05.1960;1;0
AHMETDEDE;1;22.03.1943;1;0
CELALATIK;1;2.02.1951;1;0
ZULUFKU;1;17.09.1966;1;0
SIHKATIP;1;25.04.1946;1;0
SELEFETTIN;1;28.04.1940;1;0
CAMALAN;1;28.04.1958;1;0
EKRASIM;1;2.09.1970;1;0
DERVISMEHMET;1;30.2.1955;1;0
UCERET;1;17.04.1957;1;0
ISBAH;1;11.04.1949;1;0
HALKIAN;1;26.03.1975;1;0
USEYT;1;2.03.1986;1;0
BINIALI;1;22.08.1937;1;0
ILHANER;1;7.02.1988;1;0
MUSLEHAT;1;28.11.1960;1;0
LIVAREN;1;2.09.1981;1;0
IMIRZALIDEDE;1;2.06.1957;1;0
ABUZIDTIN;1;15.03.1962;1;0
DURANER;1;6.10.1963;1;0
SITAMI;1;22.02.1937;1;0
HAKKIAN;1;22.12.1979;1;0
ERTORUN;1;7.12.1964;1;0
BENHAL;1;10.06.1958;1;0
OZYON;1;26.10.1961;1;0
GOKSELER;1;7.02.1988;1;0
YIHYULLAH;1;17.11.1990;1;0
SERCESME;1;25.01.1961;1;0
TULGACAN;1;6.11.1969;1;0
SERAFETTN;1;2.01.1933;1;0
SINANGIL;1;28.08.1986;1;0
MEHMETHAKAN;1;16.03.1976;1;0
BILOT;1;14.05.1971;1;0
KARSOKEN;1;17.02.1948;1;0
ABDULCEYLANI;1;14.10.1954;1;0
ZUKUDU;1;12.04.1959;1;0
EBRAHIL;1;12.06.1962;1;0
MAVEZ;1;27.02.1948;1;0
ATEMER;1;7.05.1950;1;0
DAGUSTAN;1;11.05.1943;1;0
SEYFANLI;1;21.11.1965;1;0
ZUYER;1;22.02.1979;1;0
ALIGULHAS;1;22.05.1937;1;0
CEFAATTIN;1;2.04.1963;1;0
HASANASIR;1;3.08.1930;1;0
SURUYETTIN;1;27.02.1955;1;0
BAYBARSHAN;1;17.04.1989;1;0
DEMIRAC;1;17.03.1966;1;0
BERKUKAPSIZ;1;7.02.1958;1;0
SEHABETDIN;1;2.08.1957;1;0
MEZMUN;1;23.07.1983;1;0
BEYVELI;1;16.01.1966;1;0
YURDDAS;1;6.06.1969;1;0
ABDULCEDIT;1;11.07.1972;1;0
PIRADE;1;30.01.1990;1;0
BIRUMUT;1;13.10.1991;1;0
NURUCIHAN;1;21.09.1974;1;0
YAGMUZ;1;21.08.1956;1;0
HABILHAN;1;14.04.1978;1;0
ARIFOGLU;1;22.02.1967;1;0
MEYRUL;1;22.02.1961;1;0
CANBEKDEDE;1;11.12.1967;1;0
PASLANMAZ;1;24.08.1968;1;0
UMMANULUSU;1;9.04.1982;1;0
DURMUG;1;27.08.1974;1;0
MISAM;1;16.03.1939;1;0
H.CAHIT;1;28.03.1973;1;0
BAGKIR;1;12.02.1965;1;0
IRCAHIS;1;4.10.1953;1;0
ERTURIL;1;19.04.1964;1;0
SEBDULLAH;1;29.08.1950;1;0
NEMATULLAH;1;15.05.1971;1;0
HASANEREN;1;16.05.1984;1;0
AMUL;1;1.02.1966;1;0
ERGAIP;1;24.09.1978;1;0
ALIMUHAMMET;1;14.09.1961;1;0
BAGDILI;1;27.02.1956;1;0
CERRULLAH;1;22.02.1991;1;0
GOZUACIK;1;24.02.1949;1;0
KOCUAGA;1;1.09.1956;1;0
KUTBEYTIN;1;2.04.1981;1;0
JERFIN;1;9.12.1981;1;0
MESUFI;1;8.11.1956;1;0
HARBAY;1;16.12.1969;1;0
NULFULLAH;1;11.12.1941;1;0
FESRET;1;24.09.1974;1;0
SUHEDAT;1;1.07.1980;1;0
HARINC;1;24.04.1984;1;0
DILEKAN;1;28.12.1991;1;0
ERDUREN;1;17.08.1942;1;0
TALIGIN;1;26.02.1971;1;0
IRFANCAN;1;14.05.1991;1;0
SEVGUNAY;1;24.06.1970;1;0
ONURTAN;1;25.06.1984;1;0
MEHMETMELIH;1;23.06.1960;1;0
MUSAMMEDDIN;1;27.05.1950;1;0
NUSANETTIN;1;6.11.1950;1;0
FESAT;1;29.2.1966;1;0
ILKMALETTIN;1;22.09.1967;1;0
FEZATIN;1;7.03.1970;1;0
MUSAMMET;1;21.02.1972;1;0
NEFAEDDIN;1;11.06.1949;1;0
AKCAGAN;1;9.05.1983;1;0
HACICAFER;1;8.06.1938;1;0
TELATIN;1;26.05.1938;1;0
SENZAT;1;3.02.1982;1;0
YABITSIN;1;15.02.1961;1;0
FAHRETTIH;1;23.07.1947;1;0
GOYMEN;1;11.05.1986;1;0
OSMANLEVENT;1;20.03.1984;1;0
IMALAT;1;2.02.1951;1;0
PARSMANAS;1;6.06.1976;1;0
TAYYARECI;1;30.08.1968;1;0
YESSARI;1;9.10.1965;1;0
MIRMAHMUT;1;17.05.1954;1;0
ONERBAY;1;21.04.1977;1;0
CAHINDER;1;26.05.1978;1;0
TANRIKUL;1;7.08.1981;1;0
BARAM;1;26.07.1951;1;0
FERAHHATTIN;1;26.01.1970;1;0
NUHRAHIM;1;10.09.1957;1;0
GUNUAY;1;8.11.1974;1;0
ALESMAN;1;25.10.1969;1;0
ZELADIN;1;16.06.1960;1;0
VEFATI;1;21.02.1959;1;0
FIKRETIN;1;12.10.1983;1;0
REVDETTIN;1;8.01.1957;1;0
BAHKI;1;25.07.1971;1;0
FERDIH;1;7.06.1957;1;0
HABLULLAH;1;4.10.1991;1;0
UYTUN;1;14.02.1978;1;0
SONKUT;1;13.04.1979;1;0
BESUT;1;15.03.1969;1;0
EVSANI;1;12.04.1971;1;0
SAIMIN;1;22.02.1967;1;0
CEMIZ;1;21.01.1973;1;0
MEKSUN;1;28.09.1974;1;0
TAVAP;1;9.02.1947;1;0
SEZGINOL;1;6.09.1969;1;0
SEVAYITIN;1;4.04.1963;1;0
VECDII;1;25.02.1956;1;0
MUAHAMMER;1;24.11.1967;1;0
FASIT;1;21.06.1942;1;0
GULTON;1;13.07.1942;1;0
KISKIN;1;13.10.1965;1;0
AYBI;1;3.09.1983;1;0
ALEMSE;1;11.06.1974;1;0
APTIALI;1;20.04.1960;1;0
TELGIN;1;22.04.1966;1;0
ICRAI;1;24.02.1970;1;0
ORBERK;1;15.03.1991;1;0
FAITDIN;1;7.09.1946;1;0
FERJAT;1;24.07.1959;1;0
SENEROL;1;26.02.1948;1;0
TERKIS;1;28.04.1965;1;0
ZULKARANI;1;13.01.1950;1;0
EKMAL;1;16.03.1959;1;0
MENDEREK;1;16.02.1976;1;0
MUCEDTIN;1;6.08.1969;1;0
CEVAYEDDIN;1;6.10.1960;1;0
ALAHTIN;1;4.09.1958;1;0
ELEHEDDIN;1;7.12.1970;1;0
SEVAHTIN;1;18.10.1973;1;0
MUHBAYETIN;1;1.02.1966;1;0
OZRET;1;26.08.1983;1;0
ERRESUL;1;13.07.1964;1;0
ALES;1;12.03.1947;1;0
HURALI;1;23.09.1961;1;0
AHMETERDI;1;7.02.1960;1;0
VELAYTIN;1;3.04.1986;1;0
EREDIN;1;14.03.1970;1;0
HABIDIN;1;19.01.1945;1;0
BIRSAFA;1;4.01.1992;1;0
MUZAYEDDIN;1;14.11.1941;1;0
IDAYETTIN;1;9.08.1952;1;0
BERSIM;1;22.03.1930;1;0
SIYABENDER;1;7.02.1982;1;0
SABIYETTIN;1;6.05.1979;1;0
BAHATGUR;1;11.02.1969;1;0
RUSDEN;1;11.12.1973;1;0
MERDINAT;1;4.03.1972;1;0
HIDAHIM;1;22.07.1971;1;0
MURADTIN;1;26.04.1946;1;0
TANEV;1;5.08.1981;1;0
KAGANAY;1;23.09.1991;1;0
HUNSAL;1;27.03.1968;1;0
ELCOMERT;1;3.06.1941;1;0
CEMSUT;1;29.04.1940;1;0
ULAHAN;1;23.02.1988;1;0
HAZIS;1;6.07.1966;1;0
KUSURI;1;26.02.1967;1;0
YEGE;1;7.09.1981;1;0
BALKANI;1;2.10.1981;1;0
OLCAYTUN;1;16.10.1962;1;0
SENAYETIN;1;26.04.1951;1;0
EHTAN;1;4.05.1963;1;0
SEYYIAT;1;7.05.1946;1;0
EBATIN;1;7.06.1977;1;0
HACETIN;1;29.11.1961;1;0
AYBATIN;1;25.06.1961;1;0
AHMETSONER;1;3.03.1990;1;0
DURAI;1;29.09.1948;1;0
KOZIFE;1;29.06.1974;1;0
EFRAZIR;1;16.03.1949;1;0
HUBBET;1;13.05.1965;1;0
GAZIMUSA;1;4.12.1923;1;0
FEYTHULLAH;1;23.01.1979;1;0
SEBAKI;1;29.08.1983;1;0
BUYUKRAMAZAN;1;2.02.1957;1;0
KEKAN;1;11.02.1963;1;0
NECMETTTIN;1;12.06.1982;1;0
MUSEREFETTIN;1;26.11.1972;1;0
OZZEYYIR;1;27.12.1974;1;0
TAGITTIN;1;26.03.1973;1;0
BOYBAGI;1;22.02.1955;1;0
DAVSO;1;2.08.1933;1;0
BOZOG;1;2.08.1939;1;0
HAMOG;1;21.04.1958;1;0
KAYACI;1;21.05.1983;1;0
HUSEYIUN;1;3.02.1957;1;0
MEMETTURGUT;1;25.09.1936;1;0
MUZZAZI;1;24.04.1960;1;0
BUTTO;1;6.06.1975;1;0
MIHTEDIM;1;14.01.1971;1;0
ILMIZAR;1;17.08.1924;1;0
BEKIRO;1;23.10.1928;1;0
ABDULMAYIP;1;12.02.1965;1;0
KAYMACI;1;7.08.1934;1;0
EMMRAH;1;7.08.1988;1;0
ERDALAY;1;11.03.1981;1;0
SIHBEG;1;17.05.1948;1;0
MINETOGLU;1;7.02.1958;1;0
MUTIF;1;1.05.1949;1;0
KADIROL;1;12.03.1952;1;0
PIRVANI;1;7.03.1969;1;0
TEVAHIL;1;6.12.1956;1;0
ELVAHIL;1;17.02.1972;1;0
CIHATHAN;1;30.2.1991;1;0
ZULGANIL;1;22.04.1971;1;0
ALTIPARMAK;1;5.09.1939;1;0
KAZIMRIZA;1;12.06.1963;1;0
SALIHIHSAN;1;19.03.1948;1;0
KATIPOGLU;1;21.04.1980;1;0
MADDETTIN;1;13.02.1956;1;0
MESUMI;1;21.11.1980;1;0
MEMGULI;1;7.04.1976;1;0
MEVZU;1;22.01.1931;1;0
ABDULVAHITTIN;1;7.08.1934;1;0
MUCAHADDIN;1;27.02.1956;1;0
ERHALIL;1;9.03.1975;1;0
MUTASIN;1;22.02.1979;1;0
TUNAHANC;1;12.02.1983;1;0
HUMMETULLAH;1;29.03.1968;1;0
TURANDEDE;1;28.04.1946;1;0
DIRGEC;1;24.07.1991;1;0
MUTAZ;1;22.05.1976;1;0
HASMIR;1;27.07.1956;1;0
MEHMETSURUR;1;26.10.1985;1;0
FEKIR;1;17.11.1954;1;0
UNALCAN;1;21.09.1991;1;0
COCUK;1;23.01.1970;1;0
ZIYUDDIN;1;2.02.1975;1;0
GOKUSA;1;13.03.1971;1;0
MAHSURNI;1;13.04.1970;1;0
COLLOV;1;27.01.1963;1;0
ORKAC;1;6.02.1979;1;0
TAGDIR;1;22.11.1955;1;0
CEVRAIL;1;27.02.1968;1;0
AYIDEN;1;29.09.1971;1;0
BERHAMI;1;27.04.1956;1;0
FEYADIN;1;19.07.1959;1;0
YARBEY;1;2.02.1987;1;0
ISPARAALP;1;14.03.1978;1;0
EBEYDIN;1;30.07.1962;1;0
SEYHATI;1;22.02.1967;1;0
GUVENBEY;1;28.10.1967;1;0
ISAMIN;1;24.09.1972;1;0
GOKGEN;1;27.01.1980;1;0
OLUNAY;1;16.03.1968;1;0
UYEYNE;1;14.06.1970;1;0
MIDAD;1;16.08.1966;1;0
HERSEVEN;1;27.02.1962;1;0
BENSET;1;17.02.1960;1;0
SOMO;1;22.02.1979;1;0
KERBE;1;13.11.1953;1;0
MEHMETHADIN;1;3.09.1980;1;0
IZULLAH;1;26.04.1972;1;0
FEYYAN;1;21.02.1965;1;0
AKKONAKLI;1;23.07.1966;1;0
NURULLAN;1;1.06.1991;1;0
ALTIGOZ;1;2.03.1967;1;0
HUDAIYI;1;28.11.1969;1;0
ADIKUL;1;7.08.1922;1;0
SIHMARIF;1;16.06.1949;1;0
MEFADI;1;17.02.1958;1;0
FEDARETTIN;1;17.02.1960;1;0
BAHDET;1;7.02.1964;1;0
OZYORUK;1;7.09.1970;1;0
M.HAZRET;1;17.02.1942;1;0
UZERSAH;1;22.02.1985;1;0
SAZENUC;1;22.01.1969;1;0
HAFRETTIN;1;8.03.1934;1;0
SITALI;1;2.02.1957;1;0
MULLAHACI;1;1.02.1936;1;0
DULAFER;1;12.01.1976;1;0
EFEN;1;7.10.1958;1;0
LAHIR;1;17.11.1964;1;0
MUTEVIT;1;13.01.1963;1;0
YILDRIM;1;15.04.1992;1;0
SUKRANETTIN;1;3.05.1967;1;0
HUBEYIK;1;30.2.1978;1;0
SEMIRTAY;1;23.05.1968;1;0
MEHMETDIP;1;1.02.1943;1;0
HAKANA;1;28.03.1991;1;0
SEMYEDDIN;1;7.02.1958;1;0
KAYZIM;1;14.07.1956;1;0
KUBULEYHAN;1;1.04.1959;1;0
KENKER;1;2.03.1963;1;0
GOKYIGIT;1;15.03.1977;1;0
RECEPAY;1;27.06.1950;1;0
LISLAN;1;19.04.1941;1;0
NIZEMMETTIN;1;12.04.1971;1;0
KORKUT.KAGAN;1;8.02.1985;1;0
CEHHUN;1;24.05.1973;1;0
SAHINPER;1;16.09.1982;1;0
SUZIER;1;5.05.1980;1;0
MEMETVAYSI;1;12.09.1981;1;0
SEYHALDIN;1;22.02.1955;1;0
RAMAZANERMAN;1;8.12.1977;1;0
SEFIKCAN;1;20.04.1990;1;0
FARSID;1;7.10.1972;1;0
ALULAZIM;1;29.03.1962;1;0
SECDI;1;14.09.1970;1;0
VEHITULLAH;1;25.03.1969;1;0
A.YILMAZ;1;29.02.1956;1;0
KHAIRY;1;13.12.1971;1;0
WOUTER;1;27.01.1968;1;0
ERDALAN;1;5.08.1986;1;0
KUDVEDIN;1;8.12.1960;1;0
DEYSIM;1;16.09.1989;1;0
GURSUER;1;9.07.1951;1;0
FAIZZETTIN;1;17.05.1946;1;0
FILCANI;1;24.04.1984;1;0
WOUTES;1;27.01.1968;1;0
NUFYAR;1;17.05.1966;1;0
ZEVADIL;1;22.07.1955;1;0
PALATIN;1;17.08.1940;1;0
LEZZIN;1;20.05.1982;1;0
HADIP;1;11.04.1951;1;0
YULDURHAN;1;7.05.1964;1;0
SIDDIG;1;7.02.1964;1;0
CEMILCAHIT;1;11.01.1959;1;0
CIBIR;1;7.04.1957;1;0
YILDIRIMER;1;3.05.1975;1;0
M.MUHUDDIN;1;6.06.1935;1;0
TUNASEL;1;17.06.1960;1;0
APDULLAHI;1;3.03.1966;1;0
IRTAN;1;12.12.1977;1;0
ILBAYA;1;1.09.1948;1;0
FERUDUL;1;11.05.1956;1;0
EYUPNUR;1;2.09.1968;1;0
UNSAT;1;20.03.1974;1;0
ESAFI;1;6.12.1955;1;0
SONGAY;1;2.08.1957;1;0
SULHHI;1;1.10.1981;1;0
BULUCHAN;1;15.08.1991;1;0
TAYGUT;1;18.01.1971;1;0
MENEMENCI;1;5.03.1972;1;0
EJMAYIN;1;16.04.1970;1;0
MIYEDDIN;1;12.06.1961;1;0
ESBIR;1;28.12.1974;1;0
UCHAL;1;6.12.1971;1;0
GAYIZ;1;27.02.1950;1;0
ALIKUTAY;1;26.03.1975;1;0
ERDIZ;1;21.05.1971;1;0
ERSOYTAN;1;13.09.1974;1;0
AKATLI;1;16.07.1966;1;0
ESATMAHMUT;1;1.09.1961;1;0
ESAFILKEF;1;27.09.1980;1;0
AVNEDDIN;1;13.03.1965;1;0
SUHEYYUP;1;29.05.1943;1;0
ESSAMED;1;19.05.1972;1;0
CENKANIL;1;21.02.1971;1;0
CUVER;1;7.01.1952;1;0
UZEYFER;1;24.01.1973;1;0
FILAL;1;21.05.1971;1;0
EZGEL;1;22.03.1970;1;0
M.MURSIT;1;5.10.1974;1;0
ALTUGAN;1;23.01.1991;1;0
FARUC;1;7.02.1964;1;0
KUBUL;1;27.06.1970;1;0
EMIRLER;1;7.02.1964;1;0
SEAVI;1;11.06.1938;1;0
SAMIER;1;3.09.1953;1;0
BINDEBIR;1;1.03.1953;1;0
VASVADDIN;1;4.05.1971;1;0
KERIMUDDIN;1;1.02.1960;1;0
ERIMCAN;1;29.04.1992;1;0
SANBERK;1;27.09.1990;1;0
KAMIRHAN;1;17.12.1970;1;0
TERCIK;1;27.06.1950;1;0
ELAHITTIN;1;9.04.1958;1;0
MUTASUP;1;4.04.1961;1;0
AFERALI;1;21.06.1962;1;0
BEHAYIDDIN;1;22.02.1955;1;0
BEKIROKTAY;1;11.10.1941;1;0
TURFAY;1;7.07.1970;1;0
FEYHANT;1;16.08.1968;1;0
GIRGEY;1;15.08.1975;1;0
KENADIN;1;11.07.1971;1;0
DUYMAZ;1;14.03.1951;1;0
ALICAT;1;2.06.1945;1;0
AGAHCUMA;1;21.07.1984;1;0
EFAT;1;21.01.1989;1;0
CULYAR;1;27.09.1981;1;0
SELCUKALI;1;12.12.1987;1;0
KUDBIZADE;1;26.12.1981;1;0
MECITCAN;1;11.03.1988;1;0
ASANAY;1;17.03.1941;1;0
HASPETTIN;1;5.12.1961;1;0
ASPITIN;1;16.10.1959;1;0
DEYRABI;1;16.05.1957;1;0
ALPDEGER;1;22.02.1973;1;0
IMHAR;1;16.12.1986;1;0
OZYA;1;19.02.1972;1;0
GOKSELIKIZ;1;20.05.1971;1;0
BISTAMI;1;14.02.1971;1;0
HALIMRAHMAN;1;7.02.1988;1;0
ERBESIT;1;1.06.1955;1;0
TANRIOVER;1;3.12.1943;1;0
CUMALICAN;1;5.11.1979;1;0
CEMOKTAY;1;9.03.1961;1;0
ADEMAY;1;20.09.1979;1;0
FETTAHKERIM;1;23.03.1972;1;0
BEKIRZISAN;1;29.04.1967;1;0
CERRECI;1;21.10.1952;1;0
SEFERAY;1;18.02.1972;1;0
SEBEHATULLAH;1;19.03.1982;1;0
ABDULCABPAR;1;6.12.1972;1;0
SIBLO;1;13.01.1933;1;0
GUNESDEN;1;4.07.1989;1;0
UYTAN;1;8.04.1949;1;0
OKRETTIN;1;27.02.1938;1;0
FATIHMURAT;1;4.03.1959;1;0
DESTAMI;1;22.05.1973;1;0
DILAVET;1;1.10.1979;1;0
HANGAZI;1;2.02.1951;1;0
MIRIALEM;1;9.05.1958;1;0
SEDERETTIN;1;3.07.1982;1;0
H.ALPER;1;28.09.1979;1;0
SERGENDA;1;4.11.1976;1;0
ESSEF;1;21.02.1958;1;0
APDULHALIM;1;22.04.1967;1;0
KUTFEDI;1;22.02.1967;1;0
GURBUZALI;1;16.05.1960;1;0
YOYLU;1;1.01.1958;1;0
MIKAIR;1;27.02.1968;1;0
MUDABI;1;27.08.1980;1;0
VEDAIR;1;5.02.1991;1;0
ZURGARNE;1;16.11.1964;1;0
SERCAIL;1;7.12.1952;1;0
DAMRAH;1;21.12.1990;1;0
ERNEGI;1;17.04.1960;1;0
MUTDAMIL;1;27.02.1956;1;0
SEYFILLAH;1;29.03.1950;1;0
SERENALI;1;13.12.1981;1;0
HILIMAGA;1;12.08.1923;1;0
YAGSAMET;1;16.06.1983;1;0
MUDAFAA;1;3.05.1961;1;0
RECALIM;1;22.03.1967;1;0
BOZTAMI;1;17.02.1978;1;0
ERKANLI;1;16.11.1970;1;0
TECEATTIN;1;20.12.1978;1;0
NUHRAMAZAN;1;1.09.1988;1;0
EBILHIDA;1;22.11.1943;1;0
H.ABDIL;1;12.02.1953;1;0
CEZAMIR;1;1.10.1955;1;0
BUFARI;1;22.03.1973;1;0
MENDIF;1;11.01.1963;1;0
MUSUREF;1;29.01.1985;1;0
ABDULRIYAK;1;18.05.1947;1;0
SEMMALI;1;17.08.1930;1;0
MUKAFFEL;1;2.03.1965;1;0
ELHAC;1;27.08.1926;1;0
ADVITTIN;1;12.08.1941;1;0
ABDULKUDDIS;1;22.01.1991;1;0
YABARI;1;11.03.1986;1;0
CINIBEKIR;1;17.10.1955;1;0
YABARIK;1;11.04.1987;1;0
DUNNAMIL;1;1.02.1954;1;0
AHMETHIDAYETULLAH;1;1.03.1925;1;0
SEZEGEN;1;12.12.1965;1;0
TURRUL;1;2.02.1987;1;0
AMDERAS;1;20.11.1983;1;0
NAMIT;1;21.07.1969;1;0
LIDAL;1;6.08.1984;1;0
HURSELAHATTIN;1;8.06.1959;1;0
ARTI;1;4.08.1977;1;0
CUMALIM;1;28.01.1991;1;0
HASNURI;1;7.03.1964;1;0
HICABIMENRES;1;11.08.1955;1;0
ABDURRAYIF;1;25.06.1971;1;0
HAKANHAN;1;27.07.1974;1;0
HAZIRETI;1;20.02.1978;1;0
SERIFULLAH;1;17.08.1936;1;0
SUHMUS;1;13.02.1945;1;0
HAKVEREN;1;27.02.1956;1;0
BEBIL;1;11.11.1981;1;0
KORGIN;1;17.07.1978;1;0
FEYZIDDIN;1;13.12.1988;1;0
HAMADDIN;1;2.02.1951;1;0
KUSEM;1;12.10.1990;1;0
GULTURAY;1;15.07.1979;1;0
RUHSI;1;6.02.1971;1;0
ABDULHASIB;1;30.09.1982;1;0
VURALER;1;27.03.1938;1;0
OZTOPRAK;1;6.03.1943;1;0
SUHRAL;1;28.04.1950;1;0
GOKTEAY;1;14.12.1978;1;0
BEYSUNI;1;1.02.1977;1;0
EVRASIM;1;24.07.1972;1;0
HUSAYET;1;21.06.1982;1;0
BAZIRGEN;1;8.01.1970;1;0
CANOGLU;1;2.02.1969;1;0
OFLAS;1;14.03.1935;1;0
DARACI;1;7.02.1958;1;0
HURRET;1;21.01.1972;1;0
ISLAMIN;1;11.02.1981;1;0
NENEOGLU;1;26.05.1959;1;0
TEBERDAL;1;12.04.1971;1;0
MEKSENNE;1;2.02.1951;1;0
ESHABILKEF;1;2.08.1927;1;0
LOKMANHAN;1;3.03.1982;1;0
ABDUMKERIM;1;29.06.1987;1;0
UKBAT;1;17.04.1972;1;0
ABDULHALID;1;17.03.1972;1;0
FEHMITTIN;1;21.07.1988;1;0
RAUC;1;7.12.1968;1;0
CANSIT;1;21.05.1970;1;0
DALLOKAY;1;29.01.1980;1;0
NERAMIN;1;2.03.1957;1;0
ERFAYIK;1;5.05.1981;1;0
ESBABIL;1;26.09.1960;1;0
SEYDIKAN;1;21.03.1982;1;0
M.BURHANETTIN;1;12.08.1929;1;0
CEYHUNERUKAN;1;26.03.1988;1;0
ATAKOLU;1;28.09.1987;1;0
VIRGI;1;2.09.1975;1;0
SAHIDETTIN;1;12.05.1965;1;0
ERLEN;1;22.04.1967;1;0
BEHAUTTIN;1;2.05.1946;1;0
MUNISHAN;1;4.01.1969;1;0
GUTDUS;1;30.10.1953;1;0
MUHITTINI;1;21.08.1929;1;0
MUHADAT;1;7.08.1934;1;0
HUYLU;1;2.03.1940;1;0
ACEVIT;1;27.02.1956;1;0
METUSLAH;1;21.10.1982;1;0
MUHARREBE;1;12.08.1923;1;0
ISMETPASA;1;12.10.1971;1;0
MUKATER;1;17.01.1972;1;0
ABDUNNAIM;1;29.07.1942;1;0
ERTUGRULEFE;1;11.01.1963;1;0
FAHRULISLAM;1;11.12.1966;1;0
SULEYMANU;1;23.10.1983;1;0
DEMMEN;1;24.06.1985;1;0
SIGLETIF;1;2.08.1969;1;0
ABDULAVNI;1;4.01.1971;1;0
ALPMUTLU;1;28.08.1979;1;0
FELAKETTIN;1;16.03.1975;1;0
KUTSAV;1;3.09.1989;1;0
ASAFIL;1;6.04.1961;1;0
ZURTULLAH;1;17.02.1960;1;0
SIBERKAN;1;27.07.1991;1;0
ADLET;1;22.03.1967;1;0
SAYUK;1;30.01.1970;1;0
DOGUKHAN;1;6.02.1992;1;0
BESTEMIH;1;27.10.1990;1;0
DOGUBAY;1;8.06.1979;1;0
SENTAS;1;3.07.1969;1;0
CEVATER;1;17.02.1978;1;0
CESARETIN;1;14.04.1953;1;0
ERDEGAN;1;5.11.1973;1;0
ELDEBIR;1;23.05.1970;1;0
VELIYULAH;1;2.02.1959;1;0
URYAS;1;20.09.1972;1;0
YEMLEHA;1;17.02.1972;1;0
ABDULSULEYMAN;1;18.04.1988;1;0
UNUVERSE;1;27.05.1968;1;0
NEFAYIR;1;3.10.1990;1;0
SEDAIM;1;2.07.1972;1;0
KULAS;1;4.09.1983;1;0
IZZETVOLKAN;1;8.01.1979;1;0
RAFAH;1;11.01.1986;1;0
TURGUTALI;1;19.05.1965;1;0
ONURCAG;1;22.10.1988;1;0
ABDURAHAT;1;10.02.1946;1;0
BAHYAN;1;1.06.1961;1;0
HARETDIN;1;12.10.1989;1;0
ERCANAR;1;22.02.1973;1;0
YUUNIS;1;22.02.1955;1;0
NAKSEN;1;11.07.1962;1;0
DANISHAN;1;11.03.1967;1;0
TEMUMDAR;1;1.11.1979;1;0
SEREFATDIN;1;2.02.1963;1;0
EBBULMUHSIN;1;27.07.1972;1;0
HUMADE;1;17.10.1932;1;0
KUTTUS;1;12.03.1935;1;0
TAMIM;1;23.12.1967;1;0
W;1;26.08.1953;1;0
IYMET;1;1.06.1967;1;0
SALEMI;1;17.02.1972;1;0
MUNIREDDIN;1;1.09.1949;1;0
ONERHAN;1;1.12.1978;1;0
FATDAH;1;29.01.1965;1;0
ILEDIN;1;27.10.1990;1;0
PIYAR;1;22.10.1989;1;0
DIKKO;1;4.05.1949;1;0
CEMISAN;1;12.02.1953;1;0
MIKAYR;1;2.09.1981;1;0
IBNAN;1;3.08.1968;1;0
UMMEDDIN;1;28.06.1991;1;0
BULENTTIN;1;17.08.1978;1;0
SARAFADDIN;1;5.07.1981;1;0
MIRHAM;1;17.02.1966;1;0
REBIP;1;6.02.1956;1;0
ABDULGAVAR;1;11.12.1985;1;0
NETCAN;1;15.03.1974;1;0
BURALLETTIN;1;17.12.1970;1;0
SILVENT;1;22.03.1973;1;0
SILHADDIN;1;3.12.1944;1;0
ISKAIL;1;27.07.1974;1;0
ABDULSEYFI;1;23.06.1972;1;0
ILYAMI;1;1.01.1975;1;0
HILLO;1;23.08.1934;1;0
ATTILAH;1;6.06.1973;1;0
DUNGIJ;1;27.05.1974;1;0
NECMADIN;1;11.04.1976;1;0
ZIMBAT;1;27.06.1961;1;0
MEYHUP;1;22.11.1978;1;0
HEYSAN;1;2.02.1975;1;0
REPI;1;22.07.1948;1;0
NESBI;1;7.04.1964;1;0
PALDAR;1;14.12.1989;1;0
ABDESSELAM;1;27.02.1992;1;0
ALPSAYIM;1;19.11.1956;1;0
KEN;1;23.03.1992;1;0
AKINMETE;1;7.12.1965;1;0
ERZAHIM;1;19.08.1951;1;0
MEZIH;1;21.03.1970;1;0
S.YILMAZ;1;1.12.1938;1;0
ALPARDA;1;16.03.1974;1;0
HILMEDDIN;1;7.02.1988;1;0
EYYIMETTIN;1;6.05.1974;1;0
ABULSITTAR;1;5.03.1975;1;0
SILDIRAY;1;22.03.1973;1;0
VECID;1;22.12.1958;1;0
MIAZ;1;22.02.1937;1;0
MAHMENUR;1;19.10.1989;1;0
BERDUHA;1;24.02.1992;1;0
HATIBULLAH;1;1.02.1982;1;0
XXXXXXXXXXXX;1;29.09.1948;1;0
HAMDOLA;1;25.03.1981;1;0
MUDDESER;1;25.03.1953;1;0
BEYTAZ;1;26.05.1983;1;0
HEYGEM;1;17.06.1963;1;0
ABDURAHHMAN;1;8.04.1943;1;0
TECAYER;1;2.02.1969;1;0
EFLI;1;5.03.1966;1;0
ASLANDURAN;1;13.04.1941;1;0
FURHAT;1;2.07.1975;1;0
KUTBIDIN;1;1.04.1949;1;0
SIHISLAM;1;22.03.1949;1;0
TEVMAN;1;18.02.1942;1;0
DORMEZ;1;17.02.1990;1;0
ABDULSERAC;1;30.04.1979;1;0
NEVDEN;1;25.07.1966;1;0
VEDAR;1;22.03.1958;1;0
BILALETDIN;1;6.05.1931;1;0
GERNOT;1;7.10.1981;1;0
CEYMIS;1;1.03.1955;1;0
MOCA;1;17.02.1960;1;0
APDURREZAK;1;12.12.1947;1;0
NISAM;1;26.09.1982;1;0
UMRAT;1;1.10.1990;1;0
SIRRUH;1;1.04.1972;1;0
MENZEL;1;16.05.1927;1;0
EZDIS;1;1.12.1959;1;0
SIGLI;1;5.05.1978;1;0
ABDUHRAHMAN;1;27.05.1979;1;0
SIBIKAN;1;28.12.1987;1;0
ISATULLAH;1;7.10.1964;1;0
NOAN;1;21.03.1977;1;0
RIDVANALP;1;1.01.1975;1;0
ORHANBAY;1;12.08.1941;1;0
PASET;1;1.11.1961;1;0
GURRANI;1;29.03.1966;1;0
MIMTUGRUL;1;2.10.1976;1;0
MIZRAVI;1;13.04.1955;1;0
KUDLU;1;17.05.1972;1;0
DURCEM;1;17.08.1978;1;0
SIAMEDDIN;1;6.09.1978;1;0
MUAHARREM;1;1.03.1959;1;0
BERSAT;1;8.11.1981;1;0
TEBERHUN;1;3.03.1986;1;0
AHMETUL;1;13.07.1961;1;0
ELVALIT;1;26.04.1961;1;0
YURDATAN;1;19.01.1947;1;0
FENLI;1;17.06.1965;1;0
GEVAS;1;15.02.1970;1;0
IKRAMCAN;1;17.03.1991;1;0
KAHRIZAN;1;22.02.1967;1;0
YAGMI;1;29.04.1989;1;0
FIDANOGLU;1;6.06.1973;1;0
ABDINASIR;1;12.04.1971;1;0
ABDULTAHAR;1;1.12.1979;1;0
TIRYAKIOGLU;1;29.03.1971;1;0
SIRIZDIN;1;21.02.1980;1;0
ELHAMDULLAH;1;10.05.1975;1;0
HULKIDDIN;1;17.02.1966;1;0
HIDIRYAZ;1;8.04.1970;1;0
SELAGATTULLAH;1;22.03.1961;1;0
REHMUTULLAH;1;30.11.1975;1;0
BINYAMIR;1;3.03.1975;1;0
BIRZU;1;7.08.1946;1;0
FAHEDDIN;1;17.03.1972;1;0
DEHAMEDDIN;1;7.03.1970;1;0
IMAMCERAH;1;22.02.1955;1;0
ZERDIS;1;26.07.1981;1;0
HUMRETTI;1;16.10.1956;1;0
ELAHAN;1;9.05.1979;1;0
IBRAHIMN;1;8.08.1988;1;0
OMREDDIN;1;7.04.1978;1;0
HAMKO;1;23.07.1973;1;0
SIMANI;1;2.11.1967;1;0
KONUTURK;1;26.03.1976;1;0
MAMOALAN;1;4.03.1963;1;0
APDO;1;18.06.1974;1;0
TOLUBAY;1;20.06.1983;1;0
ERPINAL;1;24.10.1990;1;0
PANZAHIR;1;18.03.1982;1;0
FELENMEZ;1;12.04.1953;1;0
SEYHAZIM;1;11.07.1975;1;0
ALPERKUTLU;1;17.02.1972;1;0
MIDEL;1;24.07.1971;1;0
ASIKGARIP;1;4.03.1962;1;0
APTILRAHMAN;1;18.11.1967;1;0
ICFAN;1;15.09.1969;1;0
LOEY;1;27.02.1974;1;0
CUNAYT;1;19.06.1968;1;0
YAMUHAMMET;1;23.01.1973;1;0
MUHHOCA;1;19.01.1966;1;0
MUHEZZEB;1;2.02.1957;1;0
TACCEDDIN;1;2.02.1957;1;0
ABDUUSSELAM;1;22.07.1979;1;0
ABDUSSADIK;1;3.01.1967;1;0
NABITTIN;1;29.08.1991;1;0
NEJBI;1;16.05.1953;1;0
SEYITHAMIT;1;7.08.1934;1;0
YONCABICER;1;21.02.1953;1;0
APTULCABBAR;1;10.04.1969;1;0
SAGMETTIN;1;27.02.1962;1;0
ZULFIGARHAN;1;3.11.1983;1;0
MURTIZA;1;2.02.1963;1;0
M.SALAH;1;8.04.1964;1;0
MUKADTET;1;1.11.1973;1;0
NAHSIBENDI;1;30.08.1976;1;0
ABDURRAHIMM;1;1.02.1986;1;0
SUSGUN;1;28.01.1983;1;0
KADEROGLU;1;26.06.1960;1;0
UMUTALP;1;19.07.1981;1;0
HUNKARCAN;1;9.12.1990;1;0
ALPSINA;1;10.11.1988;1;0
FEDAETTIN;1;14.09.1961;1;0
UYKENER;1;20.12.1938;1;0
ABDURRAHMANALI;1;30.09.1956;1;0
JABA;1;1.02.1954;1;0
ATANEZIHI;1;9.06.1957;1;0
DOLON;1;18.04.1944;1;0
EJDERHUN;1;12.07.1959;1;0
HASANMEDIN;1;2.02.1975;1;0
MISTILLI;1;8.06.1991;1;0
ASOM;1;12.05.1971;1;0
OZNET;1;6.10.1953;1;0
LEMAIDDIN;1;2.02.1963;1;0
AYTAMER;1;22.05.1973;1;0
BEDHUZAMAN;1;2.10.1951;1;0
ZEKKER;1;24.02.1972;1;0
BILYEMIN;1;11.12.1973;1;0
KUMTAY;1;16.12.1976;1;0
YEVMEDDIN;1;21.09.1981;1;0
RUKYEDDIN;1;1.03.1991;1;0
HUVEYIS;1;9.05.1978;1;0
EZDINSAH;1;2.07.1975;1;0
SENEDI;1;11.04.1980;1;0
GOBILAY;1;13.05.1959;1;0
BEYCIOGLU;1;2.06.1975;1;0
MEVRULDANE;1;21.02.1966;1;0
MEHMET.ALI;1;12.09.1941;1;0
TOLGATAN;1;8.10.1973;1;0
ULKULU;1;27.08.1944;1;0
AHMETIHSAN;1;12.08.1977;1;0
VEYSELLER;1;21.06.1963;1;0
NURABI;1;29.05.1956;1;0
NASURLAH;1;7.05.1964;1;0
IHLAZ;1;18.04.1983;1;0
ABDULPASIT;1;1.10.1972;1;0
MITAYET;1;11.11.1940;1;0
ERCAHIN;1;7.02.1952;1;0
ATILLATURKHAN;1;17.02.1990;1;0
BENCET;1;26.11.1990;1;0
BESTDAMI;1;3.09.1979;1;0
DUSENBIH;1;16.07.1935;1;0
ZAKUM;1;23.02.1986;1;0
IHISAN;1;29.11.1991;1;0
CANERK;1;18.11.1983;1;0
PIRKAL;1;3.06.1979;1;0
URFAL;1;7.04.1974;1;0
SULLAHADDIN;1;22.02.1973;1;0
CETINDOGAN;1;26.02.1965;1;0
NAHASAN;1;18.02.1966;1;0
SIHAGA;1;17.02.1972;1;0
BAHAIDTIN;1;22.02.1967;1;0
SEHBEG;1;22.03.1955;1;0
HASMETULLAH;1;3.05.1985;1;0
FAKILULLAH;1;18.05.1983;1;0
HALIMEDDIN;1;25.02.1967;1;0
KAYAT;1;25.10.1960;1;0
ALTUNDIREK;1;7.10.1968;1;0
SULEYMAH;1;17.06.1972;1;0
BEYTAZIN;1;17.04.1948;1;0
VEDAYIL;1;21.10.1964;1;0
SEVGULENT;1;18.04.1985;1;0
SIHYAKUP;1;26.02.1982;1;0
CANPERK;1;15.06.1973;1;0
SONGURTEKIN;1;7.08.1938;1;0
ALPONUR;1;20.10.1976;1;0
BIRGAY;1;15.05.1987;1;0
ERALTAY;1;1.09.1990;1;0
KOZOK;1;5.08.1943;1;0
MEHMETOZCAN;1;17.02.1960;1;0
HALESKAR;1;2.04.1963;1;0
HAMITAN;1;21.02.1947;1;0
PEYNAL;1;12.02.1953;1;0
CIYAVAN;1;2.02.1969;1;0
KEHMIRAN;1;15.07.1947;1;0
GICHAN;1;7.06.1970;1;0
ISBIB;1;13.03.1951;1;0
NETSER;1;24.03.1974;1;0
FUATA;1;9.04.1977;1;0
SAIDINURSI;1;22.02.1967;1;0
TUBEK;1;13.09.1980;1;0
OZOGUL;1;27.04.1949;1;0
TAFAN;1;18.06.1983;1;0
HASANVEHBI;1;6.11.1950;1;0
SELAHIDDINI;1;5.03.1968;1;0
SELERCAN;1;6.08.1985;1;0
ATANBAY;1;3.05.1983;1;0
CELELADDIN;1;6.10.1973;1;0
MUSABITDIN;1;8.10.1956;1;0
FEHZI;1;13.06.1959;1;0
BEHUR;1;8.07.1979;1;0
KEMALHAN;1;28.05.1990;1;0
BESDEMIN;1;22.02.1961;1;0
AGMED;1;11.09.1937;1;0
SULALETTIN;1;8.07.1944;1;0
CAMO;1;11.06.1943;1;0
YESH;1;1.05.1991;1;0
AHTAN;1;2.02.1975;1;0
TOKGOZ;1;8.01.1939;1;0
MEHTICAN;1;28.08.1985;1;0
CENKDAR;1;27.06.1980;1;0
KUSREF;1;29.03.1956;1;0
NASEL;1;16.05.1958;1;0
MUKTEDER;1;6.01.1979;1;0
LEHSAR;1;17.12.1978;1;0
MUKBEDDIN;1;6.05.1972;1;0
NIZAHMET;1;23.09.1958;1;0
HALTAY;1;4.11.1947;1;0
CAVAHIRCAN;1;16.03.1982;1;0
DEMIREZEN;1;11.08.1951;1;0
REFORUM;1;22.08.1973;1;0
HASBITTIN;1;7.04.1944;1;0
SAADIK;1;2.06.1970;1;0
APDILMUTTALIP;1;7.01.1987;1;0
ASAMIL;1;22.02.1961;1;0
ELVADI;1;17.02.1966;1;0
FEYLES;1;16.12.1971;1;0
CELAEDIN;1;17.02.1954;1;0
VACHETTIN;1;16.01.1966;1;0
TUYYAN;1;21.09.1973;1;0
MUHIDER;1;1.06.1950;1;0
ISLAMAGIL;1;5.05.1973;1;0
POZARAY;1;1.01.1974;1;0
PERKDIN;1;28.02.1990;1;0
SEHISLAM;1;22.12.1979;1;0
HUSRAIL;1;17.02.1966;1;0
ERHAC;1;29.06.1977;1;0
TURKUYAN;1;20.03.1976;1;0
TEOMANHAN;1;1.05.1985;1;0
MUTAHASSUN;1;21.02.1964;1;0
NEKSI;1;7.04.1967;1;0
ZAKERIYA;1;27.02.1956;1;0
EKSERIM;1;16.06.1975;1;0
CESURCAN;1;14.05.1985;1;0
KEMARAL;1;12.08.1947;1;0
AKDIL;1;26.09.1963;1;0
ABDULLAHTAMER;1;24.04.1965;1;0
ERAMIYE;1;2.02.1951;1;0
FAKIAGA;1;18.02.1952;1;0
BUNEYYER;1;19.11.1989;1;0
MUZAFFERETDIN;1;9.05.1987;1;0
NEFAITTIN;1;23.08.1937;1;0
ERZADI;1;15.05.1990;1;0
ABDILOZGUR;1;9.11.1989;1;0
ILKCAY;1;27.02.1962;1;0
ORALATA;1;8.07.1957;1;0
AELETIN;1;26.10.1960;1;0
ALEVKAN;1;17.03.1990;1;0
TELIKAN;1;16.11.1970;1;0
AHMETBORAN;1;12.03.1991;1;0
MEAHIR;1;21.08.1969;1;0
BATGERI;1;30.06.1988;1;0
FUATHAN;1;3.01.1974;1;0
AMDULLAH;1;27.11.1974;1;0
MEZUR;1;2.01.1955;1;0
BESINER;1;25.02.1987;1;0
ALPERT;1;26.12.1979;1;0
NECALIN;1;22.02.1961;1;0
DENIZKAY;1;26.03.1949;1;0
HOSGELDI;1;20.02.1971;1;0
TUMURLENK;1;16.07.1961;1;0
ILDET;1;24.10.1964;1;0
ALIVAHIT;1;17.10.1944;1;0
IYAMETTIN;1;7.10.1970;1;0
KUMEYL;1;1.04.1971;1;0
GULANNEBI;1;22.08.1937;1;0
MUBAHIT;1;7.02.1976;1;0
TAETTIN;1;1.03.1953;1;0
ZEBEDIN;1;21.10.1971;1;0
ABDURRAHZAK;1;23.02.1943;1;0
HUCA;1;10.01.1985;1;0
IBAY;1;11.01.1964;1;0
TEMIRCIN;1;11.05.1938;1;0
CERCIOGLU;1;23.03.1988;1;0
SERAYETTIN;1;3.04.1963;1;0
MULHIK;1;9.04.1934;1;0
CELUL;1;27.08.1956;1;0
NUGFEN;1;2.11.1969;1;0
NUPHAN;1;25.05.1967;1;0
REFGETIN;1;10.03.1944;1;0
SAMUH;1;17.07.1943;1;0
ORTLEK;1;8.10.1964;1;0
ZIBEYIR;1;30.03.1970;1;0
KAVAAS;1;16.01.1969;1;0
MERMUS;1;12.10.1959;1;0
BEYBASI;1;18.10.1956;1;0
CERBU;1;12.08.1935;1;0
ZIKIF;1;9.11.1965;1;0
ROKAN;1;10.08.1990;1;0
NEYTEDIN;1;6.03.1981;1;0
GULLOR;1;12.08.1917;1;0
FARIR;1;27.02.1974;1;0
KUNAZ;1;12.02.1971;1;0
NEZBITTIN;1;6.04.1950;1;0
VETKAN;1;22.08.1989;1;0
FAYSAN;1;15.04.1983;1;0
NEDIMSAN;1;7.02.1946;1;0
ENFELEZ;1;29.10.1969;1;0
ETREMIN;1;17.02.1942;1;0
DABIS;1;2.02.1969;1;0
SEZAHIL;1;11.07.1957;1;0
EZRAYIL;1;24.12.1982;1;0
DENVER;1;12.12.1959;1;0
MEVZER;1;16.03.1978;1;0
ABDULTUFAN;1;7.03.1976;1;0
DARB;1;7.02.1970;1;0
CANULKER;1;12.06.1965;1;0
MIZRE;1;1.11.1985;1;0
CIGAN;1;12.02.1935;1;0
ETITURK;1;19.04.1976;1;0
MEKSELIMA;1;14.10.1987;1;0
ROJMAN;1;16.03.1980;1;0
TAHARETTIN;1;3.01.1985;1;0
BENYEMI;1;11.03.1944;1;0
CANVAR;1;23.06.1965;1;0
JULEN;1;2.02.1969;1;0
CULYAN;1;5.03.1979;1;0
BENYEMIL;1;12.04.1977;1;0
RAVUSTAN;1;9.04.1970;1;0
ESETIN;1;6.02.1991;1;0
BUFET;1;5.11.1975;1;0
LEVENTCETIN;1;18.06.1968;1;0
SERTIS;1;27.02.1950;1;0
ATHARUST;1;11.02.1964;1;0
ESEVIL;1;1.11.1976;1;0
CAFFAL;1;24.09.1955;1;0
BURHANEDIM;1;7.04.1988;1;0
DOYSUN;1;12.07.1967;1;0
SEMANEL;1;8.04.1970;1;0
AHMEDIREMZI;1;26.11.1964;1;0
YUNNUS;1;7.04.1976;1;0
ALIDIP;1;22.08.1925;1;0
SOHEYL;1;6.09.1980;1;0
GORSAL;1;18.08.1961;1;0
ABDULMAHSIN;1;9.07.1956;1;0
HAMDULULAH;1;24.04.1985;1;0
SONGULEN;1;12.03.1971;1;0
IKBALPASA;1;8.03.1960;1;0
HADDAT;1;9.04.1966;1;0
NAMSIZ;1;19.08.1987;1;0
OCALKORAY;1;2.09.1985;1;0
HISULLAH;1;13.11.1941;1;0
SALAYTIN;1;23.06.1962;1;0
ORDUBEYI;1;11.02.1967;1;0
ERSAKUN;1;16.05.1977;1;0
TAHHIR;1;2.01.1955;1;0
CUBEYT;1;6.05.1959;1;0
TEBRIS;1;18.06.1986;1;0
ABDUNAZIR;1;12.06.1977;1;0
SELIHATIN;1;2.02.1975;1;0
ZIYAFEDIN;1;7.08.1976;1;0
DEMSA;1;1.07.1930;1;0
ABDULKAYAS;1;12.02.1989;1;0
ABDURSEMED;1;2.03.1973;1;0
FEYAM;1;12.06.1973;1;0
BURGUVI;1;12.03.1971;1;0
CULENT;1;11.11.1965;1;0
SUEYUB;1;1.04.1971;1;0
GORGUNAY;1;18.04.1961;1;0
BARAHAN;1;3.03.1973;1;0
MUGTAT;1;6.07.1978;1;0
M.HAFIZUR;1;26.10.1973;1;0
ILASIN;1;2.03.1969;1;0
ERDUVEN;1;22.02.1943;1;0
YILHAK;1;20.04.1977;1;0
KAHKESAN;1;11.01.1981;1;0
AGMIL;1;2.02.1969;1;0
MEFAIDDIN;1;29.01.1965;1;0
MEFACAN;1;12.02.1989;1;0
SIHLU;1;12.08.1923;1;0
GOKTUFAN;1;30.10.1989;1;0
NISPAH;1;7.05.1962;1;0
TICAYI;1;9.03.1957;1;0
VEKIP;1;14.03.1950;1;0
KIMLILIR;1;24.12.1965;1;0
SAGMET;1;1.03.1953;1;0
BAGADUR;1;6.08.1990;1;0
EZANI;1;17.08.1972;1;0
ALTUGRUL;1;7.02.1970;1;0
SABATIH;1;27.02.1974;1;0
ILMENDER;1;1.06.1980;1;0
YILDIRA;1;16.01.1972;1;0
SAMMETTIN;1;17.03.1972;1;0
NESEYMI;1;2.01.1969;1;0
ABDUYHADI;1;5.05.1991;1;0
ABITULKERIM;1;17.02.1966;1;0
SAHBAHEDDIN;1;2.08.1975;1;0
GEDBAN;1;22.08.1913;1;0
ESEFIL;1;16.02.1951;1;0
NEZAHADTIN;1;26.09.1958;1;0
NAILCELAL;1;13.06.1976;1;0
VOLKANCAN;1;5.04.1990;1;0
YEKSANE;1;12.02.1953;1;0
ZULKARNEN;1;17.02.1960;1;0
SUHO;1;2.04.1966;1;0
GALAF;1;19.06.1972;1;0
GIRBI;1;27.12.1986;1;0
SEKVET;1;8.02.1988;1;0
DIMAR;1;22.02.1973;1;0
HACIYOL;1;17.02.1966;1;0
ESHABA;1;11.07.1966;1;0
ZAFIRULLAH;1;12.10.1953;1;0
S.ERDAL;1;30.04.1976;1;0
ABDARRAHMAN;1;8.07.1988;1;0
HOCETTIN;1;22.02.1979;1;0
CARAH;1;15.11.1939;1;0
REJBER;1;27.03.1992;1;0
IDALEDIN;1;29.04.1968;1;0
IBADIN;1;12.02.1959;1;0
CULLO;1;2.08.1927;1;0
HUVEYIC;1;1.03.1959;1;0
BEYCER;1;14.02.1973;1;0
VAAZETTIN;1;14.03.1983;1;0
LIDVAN;1;21.10.1959;1;0
FEZAYIM;1;22.02.1943;1;0
ORUHAN;1;2.02.1963;1;0
ATAKAYA;1;27.05.1971;1;0
TEMIZHAN;1;12.02.1965;1;0
BEGLE;1;2.02.1957;1;0
NUYFEL;1;23.09.1967;1;0
EMILGALIP;1;19.10.1961;1;0
HASARRI;1;23.08.1968;1;0
SANBEK;1;2.08.1945;1;0
ADDEM;1;10.09.1990;1;0
MUSAYETIN;1;23.02.1975;1;0
ABDULHIKMET;1;24.03.1967;1;0
ZAGI;1;2.02.1981;1;0
MEMETHALIT;1;2.09.1957;1;0
ESFEN;1;2.07.1975;1;0
CUMALIYASAR;1;3.03.1961;1;0
NEJMIN;1;23.08.1972;1;0
RADIER;1;12.12.1938;1;0
IKRABIN;1;23.08.1980;1;0
OKYARTAN;1;15.04.1972;1;0
GEVLI;1;2.10.1980;1;0
ABUZERGAFUR;1;10.11.1972;1;0
HUSEMETDIN;1;1.11.1970;1;0
URIYAN;1;11.09.1953;1;0
ADILKADIR;1;24.02.1961;1;0
HASABI;1;20.05.1975;1;0
METUMULLAH;1;22.08.1967;1;0
MUSSA;1;1.06.1960;1;0
GERGERLI;1;7.07.1979;1;0
SASIP;1;1.03.1974;1;0
BERATGAZI;1;28.04.1992;1;0
ABDOL;1;22.06.1991;1;0
SEHSALIH;1;13.07.1991;1;0
KAFURI;1;21.01.1967;1;0
MEHMETCUMA;1;28.11.1980;1;0
MUDLAC;1;13.03.1959;1;0
KILLO;1;17.08.1930;1;0
ELYEASA;1;30.08.1991;1;0
GAFARRI;1;13.08.1966;1;0
RUHULLA;1;14.05.1991;1;0
M.NESET;1;7.09.1933;1;0
EFIF;1;16.03.1970;1;0
GIR;1;11.08.1967;1;0
ABUSADIK;1;27.10.1962;1;0
HAYURULLAH;1;7.02.1976;1;0
NOSRET;1;4.09.1967;1;0
ERSABAH;1;20.07.1983;1;0
MUHUDTIN;1;5.12.1975;1;0
ABUZERGAFFUR;1;11.02.1979;1;0
SEMMED;1;7.02.1982;1;0
DENTAS;1;11.06.1975;1;0
ABDITALIP;1;7.02.1976;1;0
ZIAYEDIN;1;12.03.1965;1;0
EBUKASIM;1;7.03.1988;1;0
USU;1;22.08.1931;1;0
HALILARAHMAN;1;12.05.1975;1;0
ABISEYF;1;9.03.1934;1;0
HEMILO;1;23.04.1934;1;0
SEYHMET;1;5.03.1961;1;0
FILAZIZ;1;1.05.1920;1;0
GANDO;1;2.08.1915;1;0
MILLO;1;27.04.1938;1;0
HUSEYIN.;1;10.07.1990;1;0
KUCUKYUSUF;1;27.08.1944;1;0
UNFAN;1;4.03.1973;1;0
MEHMETCEM;1;19.08.1972;1;0
KASOV;1;18.04.1954;1;0
HORYAN;1;8.03.1954;1;0
SAVLO;1;10.06.1972;1;0
YAKUPCEM;1;10.10.1985;1;0
UMITI;1;2.02.1974;1;0
MEMETMESUT;1;28.06.1978;1;0
AHALI;1;6.05.1979;1;0
KAFUL;1;23.02.1955;1;0
TERBIZ;1;11.07.1968;1;0
ZAITDIN;1;12.11.1985;1;0
ZOVER;1;2.03.1957;1;0
NUKFEL;1;1.06.1967;1;0
ERFETTIN;1;22.02.1979;1;0
MECNON;1;26.03.1967;1;0
ABUDULKADIR;1;28.08.1991;1;0
FAKIRI;1;17.04.1947;1;0
KUREYES;1;18.07.1947;1;0
KORES;1;17.02.1954;1;0
MAMILI;1;12.02.1965;1;0
HACAZ;1;5.10.1983;1;0
HALILMEMET;1;27.08.1926;1;0
KIZMAZ;1;7.08.1928;1;0
TEVFUK;1;11.03.1957;1;0
SEYDOBAS;1;21.04.1965;1;0
BERALI;1;23.07.1942;1;0
ZUREYYET;1;10.04.1958;1;0
EMIROZ;1;10.04.1940;1;0
PETES;1;15.06.1960;1;0
ZEYVA;1;12.12.1985;1;0
ATAYIK;1;6.11.1980;1;0
KUCUKMEMET;1;17.10.1935;1;0
SEYAS;1;21.09.1991;1;0
USAMET;1;26.02.1990;1;0
SAHET;1;23.10.1965;1;0
TECCAL;1;27.10.1920;1;0
IBRHAHIM;1;11.11.1991;1;0
CEMGIR;1;8.04.1976;1;0
H.ABDULHAKIM;1;24.07.1970;1;0
ZENU;1;2.08.1933;1;0
ABUSUFYAN;1;17.10.1990;1;0
BASRU;1;16.06.1964;1;0
ABDUVEHAP;1;27.02.1968;1;0
ENVERSEDAT;1;8.06.1991;1;0
FAVDULLAH;1;12.10.1987;1;0
NOREDIN;1;28.01.1973;1;0
NETULLAH;1;6.02.1973;1;0
NOZBIH;1;26.01.1977;1;0
M.GOLI;1;7.02.1964;1;0
MUGANNI;1;8.08.1944;1;0
NAZEDIN;1;14.03.1977;1;0
HASIGIR;1;7.08.1934;1;0
NESHULLAH;1;23.11.1990;1;0
SIBIHI;1;22.02.1955;1;0
TESTIK;1;1.05.1972;1;0
HIREDIN;1;27.03.1968;1;0
CENAV;1;23.09.1971;1;0
REMU;1;7.07.1934;1;0
MUTO;1;7.04.1946;1;0
MODEN;1;7.12.1973;1;0
AKGURBUZ;1;2.06.1939;1;0
ECEBAY;1;16.07.1991;1;0
YOGMITTIN;1;10.02.1957;1;0
ALPARSLANTURK;1;4.01.1971;1;0
UCMANTURK;1;25.09.1938;1;0
AZRAHIL;1;21.03.1989;1;0
HOKMET;1;16.01.1964;1;0
NEJDATTIN;1;29.06.1961;1;0
SEYFIAGA;1;7.02.1970;1;0
SAVTUG;1;30.09.1984;1;0
MUSDADDIN;1;7.09.1980;1;0
ZEYVEDDIN;1;7.06.1964;1;0
MEHEYEDIN;1;7.02.1958;1;0
AHFAN;1;8.03.1958;1;0
APBAK;1;14.04.1946;1;0
YALCINDIRIM;1;4.03.1990;1;0
TEKUYIDDIN;1;27.12.1956;1;0
BEYANC;1;5.06.1961;1;0
AHBAB;1;12.12.1982;1;0
UMURALP;1;3.03.1988;1;0
TEMUM;1;21.07.1983;1;0
TAKYEDIM;1;17.02.1960;1;0
ISKANDAR;1;11.02.1972;1;0
MEZIYNETDIN;1;17.08.1984;1;0
SECILKAN;1;7.09.1947;1;0
TUGIN;1;3.07.1970;1;0
IKBALAGA;1;21.04.1935;1;0
RALP;1;7.06.1975;1;0
KUMAR;1;12.03.1991;1;0
HENNEN;1;16.03.1956;1;0
PIRCI;1;26.11.1963;1;0
OZASLAN;1;8.03.1964;1;0
LEKALEM;1;17.04.1966;1;0
CANETTIN;1;2.02.1981;1;0
ETLAN;1;26.03.1965;1;0
ERKAND;1;29.09.1988;1;0
SERBURAK;1;10.08.1990;1;0
SERAHIL;1;18.12.1964;1;0
MULBAK;1;6.01.1961;1;0
SUKRUDDIN;1;22.02.1949;1;0
MINTECAP;1;27.12.1956;1;0
TAMZER;1;8.06.1975;1;0
APDULGANI;1;11.03.1961;1;0
LOKAN;1;27.01.1983;1;0
MUTAHIP;1;2.02.1951;1;0
NURF;1;23.04.1970;1;0
BOBOS;1;27.05.1965;1;0
APTULAY;1;2.02.1972;1;0
YURDAOKUL;1;6.05.1953;1;0
TAYLANSAFAK;1;12.11.1989;1;0
KEYFETTIN;1;22.02.1967;1;0
LEYTUN;1;6.07.1990;1;0
OLAF;1;29.09.1967;1;0
KARCAHAN;1;9.09.1974;1;0
SUPBI;1;17.07.1989;1;0
VERDINC;1;13.07.1982;1;0
FEYZULKADIR;1;27.05.1978;1;0
SEMUNELGAZI;1;22.05.1986;1;0
SEMAVIL;1;7.03.1964;1;0
YETDAR;1;17.07.1981;1;0
MUMINDEDE;1;1.04.1954;1;0
HACETDIN;1;16.02.1975;1;0
FIRRAT;1;3.07.1981;1;0
NAZMISEN;1;7.08.1988;1;0
POLITKAN;1;17.02.1960;1;0
BASEGMEZ;1;16.11.1948;1;0
AYDINZEKI;1;22.06.1967;1;0
ETUVAL;1;11.06.1978;1;0
ATADUYGU;1;21.12.1961;1;0
GUET;1;6.04.1965;1;0
FEYRUZUR;1;7.07.1973;1;0
MUSDIL;1;12.08.1941;1;0
GADIRI;1;27.02.1974;1;0
SAHRANI;1;21.04.1981;1;0
NITTULLAH;1;19.04.1974;1;0
ABDULEZELI;1;7.07.1952;1;0
WOLFGANG;1;14.05.1958;1;0
DENGIL;1;11.11.1981;1;0
RIAYETTIN;1;2.06.1959;1;0
CADI;1;12.02.1974;1;0
A.MUNIR;1;7.04.1953;1;0
KEMIRAL;1;24.07.1946;1;0
SAFICAN;1;21.09.1957;1;0
HURADALET;1;29.10.1969;1;0
HAKUN;1;22.11.1979;1;0
CERCIN;1;30.07.1962;1;0
HAYDETULAH;1;6.06.1979;1;0
DALLIN;1;3.10.1975;1;0
T.FIKRET;1;19.10.1960;1;0
SELTIK;1;16.03.1957;1;0
SEREVEDDIN;1;1.05.1957;1;0
HASANETTIN;1;24.04.1966;1;0
EMRALLAH;1;24.02.1971;1;0
KANAK;1;28.02.1966;1;0
KuRSAD;1;30.04.1978;1;0
GILEMENT;1;17.08.1936;1;0
GALIPSINAN;1;20.11.1991;1;0
TEMMUS;1;3.10.1942;1;0
GORSOY;1;15.04.1979;1;0
ERGUNEL;1;26.11.1966;1;0
YILFAR;1;15.03.1970;1;0
ERALTAN;1;4.01.1967;1;0
SAMIYIN;1;2.11.1957;1;0
GARIPALI;1;15.05.1974;1;0
RUDUBARI;1;2.04.1953;1;0
DOYGUR;1;6.05.1976;1;0
MANSUL;1;6.04.1955;1;0
SAHAPHAN;1;2.10.1986;1;0
CAHA;1;16.01.1939;1;0
MESTAY;1;12.02.1983;1;0
DAYIOGLU;1;12.06.1959;1;0
COPLU;1;22.02.1949;1;0
SEFEADDIN;1;19.02.1971;1;0
LEVENTGANI;1;12.04.1959;1;0
DINCCENK;1;3.10.1969;1;0
LAVDIM;1;22.08.1955;1;0
H.ZEHNI;1;11.04.1952;1;0
FELEDDIN;1;12.02.1965;1;0
YETIMGANI;1;7.06.1945;1;0
ERCUMETN;1;3.09.1991;1;0
ISLEK;1;12.06.1982;1;0
NEZLAY;1;6.06.1973;1;0
ABDILAZ;1;13.10.1950;1;0
NURHALETTIN;1;6.10.1978;1;0
SELAHATTEN;1;17.05.1978;1;0
ATLASI;1;12.08.1941;1;0
HAKTUG;1;16.01.1992;1;0
UZERYA;1;17.01.1989;1;0
NIHAFETTIN;1;2.04.1966;1;0
DUMLUPINAR;1;19.10.1928;1;0
JANN;1;22.05.1989;1;0
OYLAN;1;22.09.1980;1;0
KUR;1;30.01.1979;1;0
TALETDIN;1;6.11.1964;1;0
EVRANAT;1;14.05.1962;1;0
IRVAT;1;12.06.1953;1;0
SUNDER;1;1.12.1953;1;0
ONCEER;1;16.04.1941;1;0
MUSTITTIN;1;16.11.1958;1;0
MIHMANDAR;1;8.07.1967;1;0
PERENT;1;7.06.1956;1;0
HEBIBULLAH;1;1.11.1955;1;0
ANTONY;1;17.11.1981;1;0
TAYADCAN;1;6.02.1959;1;0
READDIN;1;24.01.1975;1;0
EMREOZGUR;1;24.06.1978;1;0
MERAB;1;13.12.1978;1;0
URLANI;1;28.02.1966;1;0
BEDAHATTIN;1;2.11.1951;1;0
ABDULTALHA;1;10.05.1972;1;0
HUSNER;1;27.05.1962;1;0
METTUR;1;21.08.1968;1;0
HAYKIR;1;24.05.1990;1;0
SIRHAZ;1;26.11.1989;1;0
ENDOGAN;1;30.03.1961;1;0
KIVAC;1;1.06.1973;1;0
GOKDIL;1;17.03.1986;1;0
MOROVA;1;4.03.1948;1;0
SELKUN;1;22.10.1971;1;0
NASRETDIN;1;13.04.1950;1;0
FERGALIT;1;26.04.1978;1;0
IRIBEDEN;1;17.04.1942;1;0
MUFTAHIDDIN;1;29.04.1941;1;0
SARACATDIN;1;21.12.1971;1;0
ZILKARNEY;1;2.12.1973;1;0
IRYEH;1;16.06.1981;1;0
MUHARRETTIN;1;1.11.1955;1;0
VAHIDETDIN;1;16.11.1975;1;0
TARAGAY;1;2.09.1973;1;0
MENDUG;1;28.01.1977;1;0
HERNUL;1;25.03.1967;1;0
SUTVI;1;21.05.1976;1;0
SENVENT;1;12.05.1976;1;0
SEZAKI;1;27.04.1968;1;0
FERIDAY;1;1.02.1985;1;0
NALSI;1;9.01.1962;1;0
VERNUS;1;20.02.1990;1;0
SORGAC;1;6.07.1936;1;0
IRZIVAN;1;12.01.1971;1;0
ISMAILBAYIR;1;21.02.1940;1;0
RIZNAN;1;29.05.1956;1;0
BILAYET;1;22.10.1966;1;0
SULEYMANCAN;1;28.03.1988;1;0
KIBRIT;1;21.07.1982;1;0
UGURUGRAS;1;5.03.1985;1;0
MUJDEMIL;1;13.11.1973;1;0
ELDEBURAN;1;22.09.1949;1;0
MUGAYRET;1;2.05.1981;1;0
HUSNETTIN;1;26.06.1961;1;0
SIMASI;1;12.11.1983;1;0
BIHAMI;1;27.06.1971;1;0
MUTHET;1;12.02.1965;1;0
MAZIP;1;12.02.1971;1;0
TEKINSEL;1;27.01.1950;1;0
MUSAIKAZIM;1;13.04.1953;1;0
MURDAT;1;16.03.1973;1;0
NOOMAN;1;18.03.1963;1;0
ABDIRAZAK;1;16.09.1965;1;0
NEYFERI;1;27.10.1980;1;0
FEVVEZ;1;6.02.1980;1;0
SELTOK;1;1.10.1964;1;0
NEVKAT;1;4.10.1984;1;0
IULIUS;1;13.10.1980;1;0
ALTAHAN;1;22.01.1984;1;0
BASETTIN;1;4.07.1982;1;0
LUDO;1;27.07.1972;1;0
SELATTIM;1;4.12.1959;1;0
BEKARHAN;1;20.06.1972;1;0
ERSINANIL;1;1.09.1976;1;0
SEDULMELIK;1;21.03.1975;1;0
ESFANDIYAR;1;16.03.1956;1;0
HASEMIDDIN;1;27.11.1986;1;0
RUZIFER;1;6.04.1977;1;0
TORK;1;17.09.1937;1;0
BUNDA;1;27.03.1944;1;0
MUHMETTIN;1;23.09.1971;1;0
ARGUVAN;1;5.04.1957;1;0
MEHMEALI;1;26.04.1978;1;0
YARGICALI;1;27.10.1986;1;0
ZEVDAKER;1;17.02.1954;1;0
GRKAN;1;6.10.1979;1;0
M.YAKUP;1;6.10.1970;1;0
ENGUREL;1;7.04.1976;1;0
ERBUN;1;26.02.1977;1;0
SEMUYUL;1;16.05.1975;1;0
ABDULSEZAI;1;17.01.1954;1;0
AVUT;1;17.01.1978;1;0
MUSTESEM;1;2.02.1980;1;0
GIYAMI;1;7.11.1982;1;0
EKINHAN;1;30.01.1991;1;0
JAVET;1;9.04.1964;1;0
CEHLIL;1;11.10.1971;1;0
EHLIL;1;29.03.1965;1;0
BUYTULLAH;1;7.10.1982;1;0
NEFVEL;1;21.01.1984;1;0
BAGKUR;1;6.04.1983;1;0
ESTUR;1;6.11.1980;1;0
ELLUZAR;1;8.04.1965;1;0
EBUHUYRRA;1;3.08.1981;1;0
BAHABETTIN;1;26.09.1929;1;0
ZUKARNEYS;1;19.04.1963;1;0
VIRGIN;1;20.11.1975;1;0
SIRZADTIN;1;21.02.1959;1;0
KEMALPASA;1;10.07.1974;1;0
UFYEM;1;17.07.1972;1;0
BESTAT;1;16.05.1982;1;0
PECEN;1;21.06.1978;1;0
LUTFULLAHBIROL;1;6.10.1960;1;0
M.OZKAN;1;20.12.1965;1;0
DEMER;1;6.09.1971;1;0
ABDULKERAMETTIN;1;17.10.1966;1;0
DOGUKAY;1;19.11.1991;1;0
GATFAN;1;13.06.1979;1;0
MUTEMIN;1;11.08.1974;1;0
ENBIR;1;27.10.1980;1;0
ORSIT;1;21.04.1990;1;0
UDO;1;3.07.1990;1;0
ZAHNI;1;28.02.1950;1;0
YASHAR;1;21.11.1947;1;0
MURATILTAR;1;16.07.1974;1;0
ILMIR;1;28.01.1940;1;0
ABDULMESUD;1;8.02.1976;1;0
KARABUDAK;1;15.10.1974;1;0
SAGFETTIN;1;22.01.1967;1;0
NIMIK;1;2.09.1951;1;0
SIDDIKI;1;14.08.1980;1;0
YEDGIN;1;10.12.1962;1;0
HACILEMAN;1;12.08.1953;1;0
AYDUHAN;1;26.07.1967;1;0
KEFAATTIN;1;24.05.1966;1;0
ILHANDER;1;11.02.1957;1;0
FAKITTIN;1;26.06.1966;1;0
SUALI;1;25.07.1985;1;0
ORKUNMUSA;1;14.11.1984;1;0
VERKAN;1;24.08.1983;1;0
ERENAYTAC;1;5.07.1977;1;0
OZALTANIN;1;2.02.1985;1;0
ERHO;1;20.02.1940;1;0
KEFAADDIN;1;2.02.1956;1;0
AHMETHILMI;1;21.04.1971;1;0
APDILLE;1;2.02.1951;1;0
MEYRESE;1;29.08.1962;1;0
ALPAKAN;1;25.11.1975;1;0
ABDULLAHAK;1;7.03.1964;1;0
TAYGU;1;22.03.1973;1;0
FERTI;1;7.02.1946;1;0
SUADDIN;1;7.09.1970;1;0
MUHTACEL;1;23.11.1960;1;0
MUHTECIL;1;12.04.1959;1;0
BULENTI;1;16.02.1975;1;0
MINKAYIN;1;1.04.1982;1;0
ETILLA;1;1.12.1949;1;0
BARISAL;1;14.10.1982;1;0
CEYIT;1;8.02.1972;1;0
SELAHTAR;1;12.05.1983;1;0
KAREM;1;1.02.1967;1;0
KAVAN;1;19.05.1978;1;0
MIRCEMIL;1;29.04.1962;1;0
BAHRUDDUN;1;22.02.1955;1;0
YUCELVAHIT;1;17.02.1978;1;0
VEYSELCAN;1;19.03.1992;1;0
NESSAR;1;16.06.1951;1;0
BELKUTAY;1;7.12.1982;1;0
CELALETTINILHAN;1;4.01.1979;1;0
MUBRUK;1;12.02.1965;1;0
CAMSEF;1;6.03.1971;1;0
FERUTTUN;1;3.05.1973;1;0
OKUDAN;1;6.03.1957;1;0
NURRULAH;1;27.05.1967;1;0
ZERDAHA;1;4.02.1949;1;0
SERGANDAR;1;4.01.1992;1;0
KANYUR;1;17.11.1984;1;0
CAHITEFE;1;22.12.1967;1;0
ABDULGURBET;1;8.05.1976;1;0
KUZGUN;1;5.08.1982;1;0
ABUSAMET;1;10.02.1976;1;0
KIRDAL;1;21.10.1953;1;0
NESIPULLAH;1;12.01.1978;1;0
OKSEV;1;17.02.1990;1;0
CITEN;1;12.02.1983;1;0
CEKIHAN;1;21.11.1951;1;0
VEYAS;1;3.03.1992;1;0
TEMELDILAVER;1;1.06.1965;1;0
EVRENER;1;6.03.1956;1;0
AHMEDIBILAL;1;29.07.1987;1;0
ZEGNEL;1;7.07.1959;1;0
MECNI;1;25.05.1963;1;0
ELDAYI;1;21.06.1942;1;0
KUTCAN;1;27.07.1959;1;0
ISADOGU;1;27.05.1970;1;0
ROJCIVAN;1;4.06.1981;1;0
ALIMETE;1;6.03.1947;1;0
AYTUT;1;7.02.1948;1;0
GOGUSGER;1;10.02.1949;1;0
HAGEN;1;22.07.1988;1;0
SELAMATTIN;1;9.05.1973;1;0
O.TUNCER;1;12.03.1947;1;0
AYKO;1;4.02.1955;1;0
MUZLETTIN;1;12.06.1966;1;0
ABDURREYYAH;1;17.02.1948;1;0
TURFAR;1;23.02.1959;1;0
LAZIF;1;9.02.1969;1;0
IVRIZ;1;10.07.1950;1;0
VEZAIP;1;12.08.1953;1;0
GURAYCAN;1;11.04.1963;1;0
FERZULU;1;8.11.1962;1;0
DUNDARALP;1;26.12.1990;1;0
GAYAZ;1;2.06.1956;1;0
MIFTEHITTIN;1;10.05.1956;1;0
SENISIK;1;22.11.1937;1;0
HUZURCAN;1;24.11.1966;1;0
BRYNLEY;1;20.02.1962;1;0
BASARAL;1;24.04.1982;1;0
GUNDEMI;1;22.06.1957;1;0
TURGAZ;1;1.12.1965;1;0
ODSUKARCI;1;23.09.1974;1;0
KANSAN;1;9.05.1987;1;0
CARIH;1;17.08.1978;1;0
ERENDIL;1;5.06.1971;1;0
TOKLAY;1;16.06.1960;1;0
HAFIM;1;13.01.1973;1;0
CANREZAN;1;29.11.1980;1;0
DUYSAN;1;2.10.1987;1;0
KAYIHANER;1;21.10.1971;1;0
EBILNASIN;1;11.01.1973;1;0
KIBIS;1;22.02.1951;1;0
MARDIRES;1;6.10.1954;1;0
GUNIYIT;1;25.01.1967;1;0
SULJ;1;11.07.1991;1;0
SIMYAMI;1;22.08.1973;1;0
GIRAFET;1;4.01.1961;1;0
HACIOZCAN;1;21.02.1974;1;0
SAVKAY;1;15.06.1984;1;0
MIRKOC;1;5.11.1977;1;0
KULMUHAMMED;1;27.09.1980;1;0
SUGRADIN;1;5.07.1975;1;0
NUTVEN;1;17.01.1976;1;0
MUHEMED;1;4.04.1970;1;0
AYMERT;1;4.08.1987;1;0
ABDUSALAM;1;18.02.1970;1;0
MEVSIT;1;26.02.1971;1;0
CEMAS;1;6.02.1963;1;0
URGUBLU;1;19.02.1967;1;0
NEFYEDDIN;1;5.08.1979;1;0
SAHEMIN;1;2.07.1953;1;0
UMUTBARAN;1;19.04.1991;1;0
MUSTAFIL;1;6.02.1977;1;0
SUVEYID;1;16.08.1990;1;0
VURAK;1;27.09.1991;1;0
SAIDULLAH;1;5.12.1968;1;0
MASTIR;1;23.09.1986;1;0
MEJDETTIN;1;18.03.1960;1;0
SERVAHITTIN;1;6.02.1950;1;0
A.YALCIN;1;11.01.1974;1;0
ZEYNIDIN;1;7.10.1974;1;0
FURAN;1;7.11.1988;1;0
MIAN;1;7.10.1956;1;0
SENDUREN;1;26.11.1986;1;0
AZAATTIN;1;2.07.1957;1;0
AYSAYAR;1;1.03.1946;1;0
VECYETTIN;1;12.02.1971;1;0
HEZBETULLAH;1;2.02.1981;1;0
NEZREDIN;1;21.12.1977;1;0
SAHBAIL;1;6.02.1961;1;0
ABAZIT;1;12.02.1971;1;0
SUDRETTIN;1;9.03.1977;1;0
HAZAM;1;6.01.1974;1;0
MENABETTIN;1;11.09.1951;1;0
HALILUL;1;30.10.1953;1;0
BEHAP;1;4.12.1966;1;0
AYNURIDDIN;1;11.03.1949;1;0
TELEBAN;1;21.05.1966;1;0
CANREFA;1;28.10.1991;1;0
BABULU;1;10.08.1929;1;0
OZALKAN;1;12.07.1976;1;0
OYTUL;1;17.05.1984;1;0
USTAC;1;8.06.1982;1;0
DURUALI;1;21.12.1953;1;0
TEFIL;1;30.12.1960;1;0
YUGFER;1;11.12.1967;1;0
N.ATILA;1;6.11.1972;1;0
YAHLEMIN;1;23.10.1967;1;0
EGUR;1;7.01.1976;1;0
NUSIHI;1;2.02.1957;1;0
MOHA;1;22.08.1931;1;0
IKTA;1;22.09.1973;1;0
AGEH;1;2.07.1975;1;0
DEVRANSUR;1;4.07.1968;1;0
OMERMESUT;1;7.10.1970;1;0
ERGAFAR;1;22.02.1967;1;0
YURDEER;1;9.08.1975;1;0
GUNERGAZI;1;20.05.1940;1;0
OSMANZIN;1;13.01.1965;1;0
HALILALP;1;5.04.1991;1;0
SUHAHIP;1;10.06.1985;1;0
MURSELL;1;18.12.1988;1;0
GULCENET;1;16.03.1964;1;0
JURGEN;1;18.02.1957;1;0
TEMBOT;1;5.07.1982;1;0
CANERDEM;1;12.07.1988;1;0
MENGUNUR;1;12.03.1967;1;0
MUTHALIP;1;17.02.1954;1;0
TEKADDIN;1;9.08.1943;1;0
PEHBIL;1;7.11.1952;1;0
EMINELI;1;4.05.1957;1;0
ERMINER;1;27.11.1968;1;0
PEHLUDANE;1;2.02.1951;1;0
EMINRASIT;1;2.04.1981;1;0
ZULFUGARI;1;21.07.1969;1;0
BIRTUGRUL;1;26.02.1983;1;0
DEHNA;1;18.03.1978;1;0
VRET;1;25.01.1967;1;0
CEMSUHA;1;15.10.1972;1;0
KUCUKTEKIN;1;17.12.1984;1;0
SUNDULLAH;1;26.05.1939;1;0
KURMAS;1;27.01.1979;1;0
NORETIN;1;14.04.1970;1;0
KORYAN;1;24.05.1985;1;0
HASBULLAH;1;12.02.1965;1;0
GOKHASAN;1;4.02.1980;1;0
DORUKSAH;1;29.06.1979;1;0
ABDDURRAHIM;1;17.08.1976;1;0
ULBI;1;21.07.1974;1;0
IREK;1;1.05.1969;1;0
DONJUAN;1;24.02.1967;1;0
MURATGAZI;1;29.11.1978;1;0
MURATCUMHUR;1;21.12.1973;1;0
RUHUTDIN;1;8.11.1972;1;0
ERENYUCEL;1;24.01.1979;1;0
SEYHANGIR;1;9.02.1982;1;0
KOKLAY;1;5.03.1950;1;0
SEFYETTIN;1;26.03.1966;1;0
HUSNURIZA;1;22.07.1961;1;0
GUMMET;1;16.02.1943;1;0
GONULTAS;1;1.01.2001;1;0
CIPDER;1;2.08.1933;1;0
NAFIAN;1;17.08.1959;1;0
SAHEKBER;1;18.10.1980;1;0
NECDETIN;1;13.01.1941;1;0
YUCESER;1;11.08.1943;1;0
SUNDAK;1;4.04.1959;1;0
ORPAN;1;30.08.1976;1;0
ERSEFA;1;13.09.1947;1;0
SENGURBUZ;1;2.01.1969;1;0
BASHAGA;1;11.05.1962;1;0
I.MURAT;1;18.09.1979;1;0
SEZAYDIN;1;6.02.1962;1;0
OCEN;1;19.04.1985;1;0
REMUZ;1;7.08.1960;1;0
BAKSAN;1;16.04.1985;1;0
SINGUZ;1;22.02.1983;1;0
MEHER;1;17.05.1975;1;0
ATAMETIN;1;25.01.1957;1;0
PERKIT;1;21.04.1975;1;0
UGURTURK;1;8.02.1959;1;0
PIRIREIS;1;27.10.1991;1;0
ISMAILADNAN;1;1.10.1948;1;0
SAVASARMAN;1;22.08.1975;1;0
BENZAT;1;26.05.1966;1;0
ARNAZ;1;26.10.1990;1;0
PINGZHOU;1;27.01.1971;1;0
TANUL;1;21.06.1954;1;0
DANIER;1;11.02.1969;1;0
ASKERMEHMET;1;10.12.1977;1;0
BARBORUS;1;12.05.1953;1;0
HAKANALP;1;13.08.1987;1;0
OGUZABBAS;1;23.09.1974;1;0
YELTAN;1;9.09.1980;1;0
ATUR;1;21.03.1953;1;0
LOHMEN;1;22.02.1967;1;0
UNULMAZ;1;1.04.1955;1;0
SIMONIF;1;30.09.1942;1;0
IHSANFIN;1;2.05.1975;1;0
ALTUFAN;1;2.02.1951;1;0
MENDEBIR;1;22.03.1967;1;0
NECIVETDIN;1;27.01.1973;1;0
OZCANER;1;25.10.1972;1;0
MECAZI;1;21.08.1987;1;0
NURDAYIL;1;26.09.1982;1;0
MUZAYITTIN;1;21.07.1971;1;0
SULDEN;1;2.04.1948;1;0
HALISNUR;1;13.10.1985;1;0
UMITFAHRI;1;2.02.1981;1;0
OZGARI;1;16.11.1982;1;0
KANADA;1;29.12.1978;1;0
YILDIRIL;1;28.09.1970;1;0
USDACAN;1;21.11.1987;1;0
DUYURHAN;1;18.04.1992;1;0
ABUZEF;1;22.03.1955;1;0
HURDURSUN;1;17.02.1948;1;0
KARAKOK;1;2.02.1969;1;0
CEZ;1;28.06.1967;1;0
ATANIN;1;30.05.1963;1;0
ULUCEN;1;22.08.1976;1;0
BEHAADDIN;1;24.05.1955;1;0
ASLANSA;1;30.06.1979;1;0
GULVAY;1;16.03.1947;1;0
GULEBI;1;11.04.1963;1;0
MEKKEYAR;1;7.07.1969;1;0
ENESBINNUR;1;13.10.1981;1;0
HAFIZERGUN;1;29.05.1965;1;0
TOCA;1;2.10.1957;1;0
ONSAR;1;28.05.1941;1;0
CETINALI;1;26.05.1975;1;0
CANTAYLAN;1;30.03.1985;1;0
ERDING;1;4.02.1975;1;0
M.KEREM;1;19.06.1971;1;0
MAHIRSAH;1;19.10.1973;1;0
BENILCAN;1;14.05.1990;1;0
MAZRAP;1;18.04.1939;1;0
FILLIP;1;16.11.1976;1;0
DJEYMI;1;25.01.1991;1;0
SARK;1;10.04.1927;1;0
TAYLANER;1;12.09.1971;1;0
M.HUNKAR;1;17.08.1974;1;0
MAHIRER;1;21.12.1971;1;0
ILYAMIN;1;27.09.1982;1;0
NEMETCAN;1;20.02.1970;1;0
TOMI;1;24.12.1972;1;0
EPIRDEN;1;11.08.1989;1;0
SEFERCIVAN;1;10.11.1963;1;0
OKTEMER;1;7.02.1937;1;0
CANPINAR;1;7.07.1959;1;0
TURANSALI;1;14.05.1976;1;0
ZEFKI;1;4.10.1958;1;0
NUTVER;1;25.03.1961;1;0
BILYAS;1;22.01.1970;1;0
MUBDI;1;27.04.1972;1;0
ALIBARUT;1;25.02.1937;1;0
KOMAY;1;20.04.1989;1;0
NECMIYETTIN;1;26.12.1965;1;0
OTYAM;1;28.03.1980;1;0
TEFIKFIKRET;1;26.03.1964;1;0
FERUDUNGAZI;1;22.07.1967;1;0
ESEFIKEF;1;23.12.1962;1;0
OTKAN;1;15.04.1969;1;0
ERDEMALP;1;30.10.1986;1;0
MIHRALLI;1;12.06.1965;1;0
OZFIRAT;1;22.02.1964;1;0
MUSLUHIDDIN;1;28.07.1973;1;0
OZBABA;1;13.03.1965;1;0
HIKAN;1;9.12.1982;1;0
RAJAB;1;18.08.1978;1;0
CANKAZIM;1;11.07.1974;1;0
BAYKANER;1;6.07.1971;1;0
AYTAL;1;17.03.1982;1;0
SONKAY;1;14.11.1978;1;0
ABDULVAHABICIHAN;1;9.07.1970;1;0
LUTAY;1;9.12.1976;1;0
BORCAK;1;9.05.1976;1;0
DINEMI;1;9.05.1963;1;0
ERYAN;1;6.05.1973;1;0
KAPLANER;1;7.06.1981;1;0
TALEDDIN;1;25.06.1940;1;0
OZVOLKAN;1;16.11.1956;1;0
ALEC;1;14.04.1966;1;0
VETA;1;23.03.1974;1;0
TAHAKAN;1;8.06.1991;1;0
YUNUZEMRE;1;25.03.1979;1;0
CEMKORAY;1;14.11.1982;1;0
JAVLER;1;30.09.1975;1;0
TOMASZ;1;21.11.1963;1;0
FERKANT;1;2.05.1981;1;0
ONERCAN;1;29.08.1989;1;0
M.TOLUNAY;1;29.04.1973;1;0
ESOR;1;27.01.1951;1;0
YURDAKURT;1;12.05.1935;1;0
VARACAN;1;2.02.1951;1;0
ALTUVAN;1;11.08.1956;1;0
SERPEK;1;12.04.1947;1;0
REFU;1;27.06.1956;1;0
DAGIR;1;7.02.1952;1;0
TUMURLEK;1;2.05.1969;1;0
ALPTUHAN;1;21.07.1988;1;0
YAGLI;1;7.02.1976;1;0
S.ASKIN;1;12.07.1953;1;0
HEVANT;1;20.03.1960;1;0
JOFRI;1;9.02.1981;1;0
CUTYAR;1;8.08.1991;1;0
MAKIM;1;25.08.1985;1;0
CEMTUGRUL;1;28.02.1971;1;0
GANIMURAT;1;21.05.1957;1;0
EMIRDAG;1;12.03.1941;1;0
M.CENKER;1;28.10.1973;1;0
BEYKUL;1;1.11.1960;1;0
NEMNA;1;28.04.1950;1;0
IRCAY;1;11.11.1963;1;0
RUNYANI;1;27.02.1974;1;0
GUNVANI;1;19.01.1966;1;0
ICAVI;1;27.02.1974;1;0
LUFKAN;1;9.03.1984;1;0
OZATAKAN;1;10.03.1975;1;0
SALAHEDIN;1;22.02.1967;1;0
ILACIN;1;4.06.1987;1;0
GUNSARAY;1;8.02.1982;1;0
ABDURALIM;1;2.10.1973;1;0
SATRAZAM;1;30.10.1971;1;0
GORMAN;1;27.02.1962;1;0
MUSTAYA;1;20.02.1979;1;0
HALKTAN;1;27.11.1958;1;0
ALBTEKIN;1;30.11.1976;1;0
ERIZEL;1;25.02.1969;1;0
ILICIN;1;14.10.1936;1;0
ALALLEDIN;1;18.04.1960;1;0
EHAN;1;27.10.1974;1;0
MUZAYIN;1;11.05.1951;1;0
YENERALP;1;26.05.1988;1;0
GURDUN;1;7.07.1958;1;0
ALALETIN;1;22.04.1948;1;0
NOAY;1;27.10.1956;1;0
FADAKAR;1;11.01.1974;1;0
ALIMUNIR;1;22.02.1961;1;0
APPAN;1;23.03.1940;1;0
APPAK;1;2.05.1927;1;0
CUMHURBULENT;1;19.02.1975;1;0
TURKUTAY;1;11.06.1982;1;0
VAHTANIYET;1;15.04.1970;1;0
SEHULLAH;1;24.01.1973;1;0
ATALER;1;21.12.1980;1;0
USTACET;1;1.04.1964;1;0
ZUHIL;1;2.03.1967;1;0
SIVAYI;1;21.04.1984;1;0
CAYLAYAN;1;2.06.1982;1;0
DOLUER;1;10.02.1973;1;0
SAFALATIN;1;26.01.1965;1;0
KUNYEMIN;1;4.10.1962;1;0
ATADURAN;1;6.12.1954;1;0
ZUHTA;1;24.05.1942;1;0
SEHFETTIN;1;1.11.1955;1;0
GAFIR;1;9.04.1957;1;0
HAYRATAN;1;26.10.1960;1;0
BURCAKHAN;1;14.05.1983;1;0
H.TUFAN;1;17.11.1945;1;0
VESALI;1;7.07.1971;1;0
ALAKSANDIR;1;6.11.1961;1;0
MINCIP;1;16.09.1963;1;0
BEKSUT;1;11.06.1974;1;0
BAKSET;1;9.05.1975;1;0
RIFSI;1;5.07.1963;1;0
ERGUDERCAN;1;2.06.1991;1;0
HAYTUNC;1;11.09.1972;1;0
CELALBEHAR;1;24.07.1955;1;0
ABLUM;1;25.09.1977;1;0
GOMIDAS;1;25.09.1987;1;0
BAKITURK;1;7.01.1957;1;0
GOKSUCAN;1;22.09.1988;1;0
REHAGUR;1;26.02.1991;1;0
ISILDAR;1;29.02.1988;1;0
KUTLUKAGAN;1;4.03.1974;1;0
MEHMETABID;1;11.04.1962;1;0
NACDAN;1;6.09.1929;1;0
MAYAR;1;3.09.1977;1;0
NURSENETTIN;1;29.12.1949;1;0
YUMIL;1;20.03.1976;1;0
CANSARP;1;15.07.1989;1;0
URFADIN;1;7.02.1949;1;0
GAZANHAN;1;2.12.1962;1;0
EFGAM;1;9.02.1971;1;0
REFIKSADIK;1;17.06.1979;1;0
NABIH;1;11.02.1978;1;0
ELIRAHMAN;1;2.08.1975;1;0
REGAYUP;1;14.02.1965;1;0
VEZATTIN;1;1.12.1956;1;0
SUCUADDIN;1;8.02.1956;1;0
LIDAR;1;19.07.1963;1;0
SEKKUR;1;23.01.1966;1;0
FEVKIN;1;15.12.1967;1;0
BALIG;1;17.08.1991;1;0
ERDINAN;1;22.03.1986;1;0
ZEYNELIN;1;14.10.1961;1;0
AYVERDI;1;14.09.1963;1;0
SEHDIN;1;11.06.1970;1;0
TAMMAM;1;7.08.1964;1;0
JANBOLAT;1;17.07.1962;1;0
SADIFI;1;26.07.1972;1;0
NIDET;1;2.09.1968;1;0
BEYTAZEM;1;30.11.1969;1;0
LENASI;1;22.10.1973;1;0
GUNERSEL;1;26.12.1975;1;0
GOGKAN;1;21.02.1971;1;0
DINNAR;1;10.05.1970;1;0
CANATIN;1;5.02.1979;1;0
MUIP;1;6.07.1935;1;0
BURHAY;1;1.12.1991;1;0
CERRIN;1;11.02.1985;1;0
YAKUL;1;27.08.1971;1;0
IDIHAN;1;22.08.1931;1;0
BINNAIM;1;4.04.1957;1;0
SEZAYIDDIN;1;29.06.1959;1;0
AVRIZAK;1;16.07.1975;1;0
GEYLU;1;26.09.1940;1;0
RAHUT;1;26.10.1953;1;0
SELARIF;1;12.02.1977;1;0
HUDAVETTIN;1;17.11.1948;1;0
MUSINAT;1;16.12.1952;1;0
BEYMIN;1;1.05.1976;1;0
VEZATIN;1;27.08.1938;1;0
MUCAYIH;1;27.01.1974;1;0
AKKISI;1;22.05.1973;1;0
VEDIM;1;21.04.1975;1;0
HEMRULLAH;1;17.11.1966;1;0
RUMIS;1;11.06.1934;1;0
VAADDIN;1;23.05.1935;1;0
FELIH;1;26.02.1942;1;0
HUDADIN;1;13.07.1951;1;0
METAHIR;1;3.08.1963;1;0
MUHAZIBIN;1;22.02.1965;1;0
MUAZZIBIN;1;2.02.1957;1;0
SEHZAI;1;24.02.1952;1;0
KARHANI;1;9.03.1980;1;0
ALISADAN;1;30.04.1956;1;0
ESGAN;1;22.02.1967;1;0
GULBEYTI;1;14.05.1951;1;0
INMITTIN;1;2.02.1957;1;0
DURYAMIL;1;18.12.1969;1;0
RAKUM;1;16.05.1960;1;0
MUKAMIL;1;22.10.1960;1;0
ISTIGBAR;1;2.06.1977;1;0
HORAL;1;17.03.1960;1;0
RUKREDDIN;1;15.05.1953;1;0
OSMANCIK;1;27.04.1944;1;0
HALAKAN;1;23.06.1969;1;0
ZIGVER;1;7.08.1934;1;0
HUTKU;1;16.01.1958;1;0
ONKAL;1;26.08.1959;1;0
MUVEDDIN;1;1.12.1973;1;0
CANTORAY;1;8.01.1972;1;0
YARKENT;1;27.09.1970;1;0
YILDIRIY;1;16.02.1973;1;0
HADNAN;1;14.05.1977;1;0
NECEDET;1;22.02.1967;1;0
SAMETBAKI;1;26.07.1971;1;0
EYKUN;1;20.06.1973;1;0
ZIYNULLAH;1;2.01.1963;1;0
HAMMAR;1;6.08.1986;1;0
ILBERS;1;2.04.1975;1;0
BATUMHAN;1;25.12.1989;1;0
AYDUAN;1;6.10.1966;1;0
REZIM;1;17.08.1936;1;0
NADIDDIN;1;16.07.1945;1;0
BAZMI;1;16.01.1952;1;0
NIYAFETTIN;1;3.03.1975;1;0
YUKSENAY;1;27.03.1962;1;0
SEVDISAH;1;20.02.1972;1;0
BEYTIH;1;9.01.1946;1;0
HUZO;1;22.08.1931;1;0
KASETTIN;1;11.10.1987;1;0
CEVATI;1;11.08.1959;1;0
NUHTEREM;1;10.04.1963;1;0
SENPINAR;1;11.02.1979;1;0
IRGUVAN;1;14.09.1988;1;0
NIHZI;1;29.08.1985;1;0
HATILA;1;29.03.1960;1;0
EKCAN;1;17.11.1958;1;0
MUNAHCEDDIN;1;27.04.1951;1;0
HIBIS;1;16.01.1972;1;0
EYTURAL;1;16.06.1946;1;0
UZBER;1;25.10.1977;1;0
MEMDUD;1;29.07.1964;1;0
RUSIDDIN;1;15.09.1959;1;0
CELAHTIN;1;11.04.1950;1;0
NURANETDIN;1;21.04.1958;1;0
DILAVEDDIN;1;1.01.1960;1;0
AKDUGAN;1;5.07.1936;1;0
ERTAMER;1;6.08.1968;1;0
SADANNUR;1;8.03.1966;1;0
HUDAETTIN;1;1.02.1947;1;0
HESAT;1;14.06.1941;1;0
SUCAYITDIN;1;8.04.1956;1;0
SELAHALTIN;1;8.04.1973;1;0
FAYIDDIN;1;21.05.1940;1;0
BAFITTIN;1;27.01.1968;1;0
BEYAEDDIN;1;6.01.1960;1;0
REHCET;1;27.02.1968;1;0
SUNGAY;1;17.02.1976;1;0
CEHANER;1;11.02.1970;1;0
ILKBAS;1;27.04.1956;1;0
ZELMEY;1;29.2.1941;1;0
SECLI;1;18.04.1966;1;0
MIHYA;1;8.05.1980;1;0
SALEHITTIN;1;15.02.1990;1;0
M.SAID;1;15.03.1951;1;0
BIHMEND;1;13.05.1971;1;0
GOKKAR;1;14.02.1972;1;0
APTUREZAK;1;12.09.1955;1;0
DAYFA;1;22.08.1937;1;0
ABBAY;1;13.12.1970;1;0
ULMEDDIN;1;7.10.1962;1;0
MAGRITE;1;19.01.1964;1;0
SEBAHAHEDDIN;1;2.06.1969;1;0
NENGIN;1;15.04.1983;1;0
ABUDELER;1;23.08.1976;1;0
AYTEKI;1;20.04.1938;1;0
SEHSUAR;1;27.02.1953;1;0
EKREMCAGRI;1;30.03.1986;1;0
KUTRED;1;9.08.1974;1;0
AMADEDDIN;1;22.08.1931;1;0
CERCISCAN;1;29.04.1971;1;0
KUDSU;1;16.05.1952;1;0
MELASIN;1;16.07.1949;1;0
BEYGAZI;1;12.07.1968;1;0
ALAMETDDIN;1;7.02.1976;1;0
ZERENER;1;22.02.1967;1;0
KARAMULAZIM;1;11.11.1956;1;0
ELSALIH;1;13.03.1967;1;0
REBAZ;1;22.09.1991;1;0
RIBAZ;1;7.08.1988;1;0
NASUM;1;7.04.1976;1;0
SACLIDEDE;1;25.04.1957;1;0
MUHSINIL;1;17.04.1966;1;0
KAHYAOGLU;1;11.08.1962;1;0
LEVNET;1;28.12.1972;1;0
DIMIYAN;1;7.08.1940;1;0
RUYETCAN;1;2.01.1949;1;0
MEYHTI;1;6.08.1974;1;0
HALILKAN;1;9.03.1991;1;0
SITTIR;1;27.03.1978;1;0
VECDARIN;1;26.06.1940;1;0
EDENIZ;1;26.02.1971;1;0
NUZUR;1;2.04.1956;1;0
JANBERG;1;15.05.1982;1;0
MURATSER;1;8.06.1979;1;0
REYYAH;1;26.02.1955;1;0
IFTALETTIN;1;29.12.1954;1;0
ABDULCELALEDDIN;1;12.07.1966;1;0
SENDUF;1;9.05.1976;1;0
