isim;toplam;ortalamadt;erkek;kadin
NESLIHAN;62916;18.12.1978;2;62914
SADET;10565;1.10.1962;741;9824
GONUL;80113;18.5.1972;120;79993
MURAT;417070;29.2.1977;417022;48
SENEM;28123;16.1.1968;2;28121
ZOHRE;21808;15.1.1959;1;21807
ARIFE;55047;1.2.1964;11;55036
AYSE;958027;2.3.1965;28;957999
MELEK;117938;25.7.1969;378;117560
YILDIZ;72457;27.9.1971;407;72050
KASIM;28774;2.10.1965;28768;6
HAKAN;145829;10.6.1981;145807;22
SERKAN;115696;18.12.1983;115661;35
SINAN;75938;11.3.1978;75845;93
MEHMET;1654547;13.9.1967;1654494;53
BULENT;92118;3.9.1975;92010;108
YASEMIN;146240;1.3.1981;36;146204
AYKUT;19925;30.10.1981;19858;67
ISMINUR;1017;17.9.1973;0;1017
HAMIT;34379;7.10.1963;34371;8
ABDURAHMAN;3585;7.6.1961;3585;0
SEBAHATTIN;27050;6.10.1965;27025;25
SOLMAZ;10139;22.7.1965;221;9918
MESUT;85450;26.6.1977;85398;52
MINE;39222;26.8.1974;0;39222
ZELIHA;130131;20.1.1963;4;130127
TUGBA;74757;20.4.1987;18;74739
SEBAHAT;45202;24.11.1962;10;45192
ERCAN;86799;24.4.1979;86542;257
ETEM;6454;12.6.1963;6447;7
OGUZ;26612;22.5.1978;26610;2
MESUDE;15589;1.6.1966;0;15589
MUSTAFA;976926;23.5.1967;976890;36
HANIM;73033;26.11.1959;1;73032
ZAHIDE;50097;26.5.1963;1;50096
HALIL;265844;22.6.1964;265832;12
VEYSEL;50501;5.1.1969;50470;31
BURCU;50523;8.6.1987;18;50505
SEYHAMIT;197;27.12.1966;197;0
RIFAT;26489;20.12.1963;26483;6
UMMET;3292;12.12.1969;3274;18
ALI;835233;3.12.1964;835210;23
ISMET;89440;15.2.1960;78218;11222
IBRAHIM;440142;16.5.1966;440126;16
DONE;37109;25.7.1961;3;37106
HAKKI;40872;7.9.1961;40868;4
HULYA;168032;5.3.1979;7;168025
ESRA;94705;24.5.1986;8;94697
MERYEM;217950;6.3.1964;8;217942
HALIFE;434;23.3.1962;330;104
SEHRIBAN;14930;30.2.1963;2;14928
OMER;274298;10.11.1967;274289;9
MUNIR;5677;6.1.1964;5651;26
HIMMET;8878;3.10.1961;8825;53
KEMAL;149425;8.12.1962;149371;54
FADIME;160129;28.3.1964;3;160126
ELIF;212567;3.8.1969;22;212545
YUSUF;247309;4.1.1966;247306;3
KAKGO;1;12.8.1935;1;0
KIBAR;9890;23.11.1963;777;9113
ATILA;9794;29.9.1966;9764;30
ERDOGAN;52695;10.8.1968;52674;21
SIRIN;17343;30.5.1969;1923;15420
BATTAL;6456;15.2.1965;6456;0
LUTFIYE;44205;8.5.1958;0;44205
HUSEYIN;550756;12.10.1963;550739;17
ISMAIL;413250;1.2.1966;413246;4
HATICE;684256;27.5.1966;22;684234
DILEK;145020;18.10.1981;301;144719
AYGUL;16842;29.2.1977;32;16810
AHMET;811489;10.2.1968;811466;23
YALCIN;35683;7.5.1972;35668;15
SUNA;43317;1.1.1971;10;43307
UGUR;96392;5.4.1981;94912;1480
GAZI;12930;10.9.1965;12799;131
AYSEL;153224;14.1.1972;10;153214
EMINE;784220;6.1.1965;48;784172
SEVIL;35146;25.6.1975;50;35096
SATI;47613;20.1.1960;3750;43863
ZEYNEP;328213;4.5.1965;15;328198
ILYAS;51169;27.6.1967;51165;4
HIDAYET;27691;15.4.1963;17060;10631
HAMDI;32573;12.11.1960;32568;5
EMRE;60224;4.12.1986;59188;1036
SINEM;28379;4.9.1978;8;28371
KUDRET;25151;23.10.1965;5825;19326
HUSNE;25125;14.11.1959;2;25123
HAMZA;39887;12.2.1968;39885;2
BARIS;45170;3.12.1983;44812;358
CEVHER;2328;22.6.1967;1326;1002
ADIL;34678;9.2.1965;34667;11
NAIMA;241;4.8.1962;1;240
SELDA;39888;1.2.1982;3;39885
VEDAT;46794;1.10.1974;46622;172
DURAN;29310;2.2.1962;27488;1822
DONDU;87202;3.3.1961;2;87200
VELI;56563;5.3.1962;56561;2
ESME;25225;17.7.1958;3;25222
UNSAL;5451;4.6.1971;5095;356
LEYLA;135791;23.3.1974;4;135787
RAMAZAN;283749;4.9.1967;283710;39
SEZGIN;22283;15.8.1977;20326;1957
DOGAN;40254;25.3.1972;40177;77
OSMAN;304679;8.10.1962;304674;5
BALI;543;28.5.1963;522;21
SEMIHA;42208;19.1.1965;2;42206
ERDAL;82548;3.10.1976;82497;51
SEVGI;112756;10.7.1975;124;112632
NURAY;91779;8.3.1976;590;91189
HACI;87987;15.9.1961;86894;1093
OZGUR;60899;24.11.1982;56160;4739
GUZIDE;6282;25.11.1961;0;6282
CEMILE;122793;25.12.1960;4;122789
GULUMSER;14919;24.10.1966;1;14918
FATMA;1216833;10.2.1962;48;1216785
GURCU;5767;25.11.1960;19;5748
KARIP;775;17.6.1956;755;20
SONGUL;131608;17.6.1978;13;131595
TUNCAY;49840;30.5.1977;48882;958
YILMAZ;102708;28.3.1969;102608;100
SULEYMAN;211808;8.11.1963;211803;5
DERYA;96596;28.8.1983;2195;94401
TUNCER;11237;5.7.1969;11198;39
FATIME;27467;23.1.1959;1;27466
ABIDIN;12432;27.3.1966;12430;2
KEZIBAN;79893;20.7.1961;0;79893
SENA;2863;16.6.1983;165;2698
AYNUR;135972;11.10.1973;248;135724
TUBA;41101;6.4.1986;22;41079
KADIR;133560;29.9.1967;133485;75
SUAT;40982;23.9.1973;38528;2454
IMREN;4307;1.1.1976;167;4140
IZZET;34410;29.7.1963;33706;704
GUHER;989;2.2.1958;8;981
AYHAN;108873;16.3.1972;96921;11952
YUNUS;77340;26.7.1974;77335;5
TURAN;43884;26.12.1966;43611;273
DEMET;28636;5.7.1982;8;28628
MUHARREM;68131;27.10.1965;68034;97
SERPIL;93960;14.4.1977;22;93938
TANER;33156;29.6.1979;33071;85
NAZIFE;49932;1.5.1961;2;49930
LEVENT;50000;3.6.1978;49845;155
ALEV;14960;29.12.1979;252;14708
NURSEN;34488;22.3.1971;48;34440
FATIS;1169;19.2.1956;0;1169
TULAY;68789;26.1.1976;56;68733
NIHAT;69492;23.10.1968;69463;29
MUHAMMED;34776;21.7.1983;34776;0
OZDEN;12887;6.8.1970;2991;9896
ADEM;147001;14.12.1973;146995;6
DUDU;49471;15.7.1958;3;49468
HAYDAR;39591;4.5.1962;39590;1
NURCAN;88957;8.11.1978;472;88485
GURAY;4839;23.10.1975;4509;330
FERYAZ;439;17.12.1961;36;403
TENZILE;9212;6.7.1963;0;9212
ISIN;1046;21.11.1972;103;943
CEBRAIL;7278;12.12.1975;7277;1
YETER;69238;22.7.1962;550;68688
INAN;3827;30.3.1981;3731;96
ZULFU;5779;9.7.1963;3783;1996
CENNET;48029;2.6.1962;27;48002
VASIP;131;15.12.1968;131;0
HASAN;569961;14.1.1964;569950;11
GULAY;87146;24.5.1975;50;87096
RAHMIYE;4140;26.3.1958;0;4140
EBRU;67589;10.10.1984;3;67586
GULLU;61807;17.5.1959;39;61768
NIMET;49846;4.6.1964;3935;45911
ZARIF;2440;16.5.1961;941;1499
HAKSEVER;24;9.4.1972;14;10
LUTFI;22061;27.12.1961;22048;13
HAMIYET;15547;30.10.1965;0;15547
ABDULLAH;200287;21.9.1965;200278;9
SEMSI;14117;10.12.1958;1363;12754
ADALET;17640;19.11.1966;562;17078
REMZI;44722;1.3.1962;44697;25
MEMET;46508;15.2.1953;46507;1
NERGIZ;13346;1.9.1971;13;13333
ILKER;29213;17.12.1979;28902;311
SAHIN;51947;7.9.1970;51473;474
GULSUM;94269;19.2.1964;4;94265
FATIH;162900;11.8.1982;162881;19
KAMILE;35259;30.9.1961;3;35256
BAYRAM;120914;24.10.1966;120204;710
NECLA;71430;25.4.1970;1;71429
GULUZAR;37520;5.5.1960;1;37519
NURHAYET;18;1.5.1968;0;18
EYUP;41840;2.7.1971;41836;4
FILIZ;123946;5.8.1978;185;123761
BAGDAT;2150;24.5.1962;56;2094
GULUS;563;27.5.1962;0;563
SIYAHI;2;17.2.1960;2;0
BIRSEN;39573;17.1.1970;57;39516
AKGUL;5277;20.10.1960;134;5143
HATEM;3331;17.6.1964;986;2345
ALAADDIN;6061;21.2.1968;6061;0
SEVDA;63769;13.10.1981;9;63760
BEYHAN;28074;13.4.1970;2712;25362
BEYHAMI;9;16.1.1969;9;0
AKIF;20014;21.5.1968;20012;2
BEKIR;97752;23.5.1962;97749;3
ZEKERIYA;29477;30.12.1966;29459;18
HALIME;96759;14.12.1965;4;96755
EROL;92427;24.6.1971;92420;7
NURHAYAT;17012;3.3.1967;31;16981
EBUSEYF;26;12.2.1958;26;0
ZULEYHA;30741;1.5.1974;0;30741
DENIZ;67298;16.4.1982;28623;38675
GULSEREN;53538;24.11.1968;5;53533
FATEY;480;18.5.1944;0;480
CILEM;4524;11.12.1984;7;4517
RAZIYE;45199;17.2.1962;0;45199
NERIMAN;60534;27.4.1965;5;60529
BILAL;65042;28.12.1970;65039;3
MENEVSE;5701;25.3.1959;1;5700
MECDI;76;23.9.1958;76;0
NALAN;17093;14.6.1975;0;17093
SENGUL;64474;3.11.1971;70;64404
ASLAN;13437;23.8.1967;13399;38
ABDULKADIR;55799;4.11.1968;55798;1
ALIYE;39407;6.2.1963;1;39406
ULGER;1980;8.12.1965;13;1967
NURDA;190;19.12.1975;12;178
NAZMIYE;67818;24.1.1959;1;67817
NESIR;50;6.10.1961;38;12
MIYASE;14732;30.11.1961;1;14731
SABAN;77903;16.9.1964;77901;2
MERAL;76331;11.3.1975;187;76144
GULSIFA;68;5.4.1960;0;68
YUCEL;33658;3.10.1972;29615;4043
SEMRA;99290;1.3.1978;5;99285
SULTAN;178968;28.10.1964;3365;175603
MUSA;94638;30.5.1967;94633;5
YIGIT;5236;17.4.1984;5235;1
SEKER;3858;3.11.1956;368;3490
SEVIM;165614;19.11.1967;191;165423
KAZIM;60253;28.8.1959;60248;5
ZEKIYE;72394;11.11.1959;4;72390
MAHMUT;166090;18.7.1963;166080;10
MENEKSE;14902;21.10.1968;2;14900
UMMUGULSUM;21262;2.10.1963;0;21262
CELAL;72212;11.6.1962;72211;1
NEVIN;45333;4.11.1968;25;45308
RIZA;37517;23.12.1960;37512;5
SAFIYE;67939;10.4.1962;0;67939
BINNAZ;13846;20.6.1960;18;13828
YASIN;65582;25.2.1980;65550;32
MEVLUT;64642;11.10.1962;64497;145
SADULLAH;8893;15.11.1966;8892;1
BEDRIYE;44351;23.5.1961;2;44349
DURSUN;87044;10.3.1959;71821;15223
RUKIYE;77758;23.12.1967;0;77758
GULER;77299;20.6.1970;188;77111
NURI;60612;28.7.1961;59611;1001
MUZAFFER;80854;28.5.1962;73832;7022
ISIL;8188;15.7.1977;40;8148
DILBER;28193;14.1.1967;34;28159
ONUR;49728;23.2.1985;48994;734
RECEP;161775;14.9.1967;161771;4
BEHICE;12574;27.4.1963;0;12574
FIRAT;22212;7.5.1983;22160;52
ZEKI;72870;24.12.1966;72852;18
VOLKAN;43410;7.8.1984;43394;16
BIRSEL;8297;26.10.1971;85;8212
HUSAMETTIN;16418;11.9.1964;16418;0
CANDAN;4419;8.10.1974;676;3743
BAHADIR;11257;18.2.1979;11254;3
KENAN;81659;30.3.1973;81650;9
GULHAN;35670;12.3.1974;1122;34548
AZIZ;47790;28.8.1964;47774;16
YAHYA;28556;25.2.1968;28553;3
SALIH;134832;7.3.1963;134820;12
HATUN;39395;17.10.1962;2;39393
MELAHAT;51710;1.10.1961;3;51707
GULDANE;23130;24.9.1965;1;23129
SAZIYE;33589;7.7.1957;0;33589
BELGUZAR;4359;26.6.1961;157;4202
NAZLI;47131;28.10.1970;20;47111
AYSUN;51510;15.3.1980;137;51373
AYDAN;6325;16.6.1976;265;6060
DURDANE;27523;2.4.1962;3;27520
OZKAN;41972;8.4.1980;41855;117
KADRIYE;119672;18.2.1966;3;119669
SELCUK;47172;12.7.1979;47074;98
URFAN;718;27.1.1964;682;36
SUKRIYE;44649;7.4.1960;1;44648
ESO;79;6.8.1953;5;74
GULEY;4906;11.3.1955;2;4904
YASAR;166296;5.1.1964;147116;19180
GULDAL;515;22.8.1970;15;500
GULTEN;75207;2.7.1969;3;75204
TAMER;21986;23.11.1975;21978;8
MERCAN;8097;18.10.1965;317;7780
HANDAN;21318;30.6.1976;23;21295
NEZAHAT;34632;13.8.1965;1;34631
CANAN;65148;13.1.1980;1315;63833
EMRAH;67884;7.9.1986;67413;471
NEJMI;1012;24.6.1969;1012;0
FAHRETTIN;31512;16.3.1965;31510;2
GURBET;15023;10.12.1979;249;14774
SEYHAN;29237;3.6.1973;5249;23988
OZLEM;159995;7.9.1984;300;159695
SEDAT;72826;9.3.1976;72741;85
NEJLA;37908;25.11.1971;2;37906
ENGIN;69754;10.9.1978;68378;1376
ISMIHAN;6899;23.12.1962;56;6843
HAVVA;145104;27.12.1962;3;145101
ASEF;649;12.12.1961;648;1
BOZBEYLI;13;2.2.1975;13;0
SEHER;72275;21.1.1966;18;72257
FERIDE;62581;11.7.1962;1;62580
SONER;34926;11.5.1981;34225;701
BEDIHA;7233;15.10.1967;1;7232
NURETTIN;63454;12.8.1965;63449;5
SIBEL;99427;23.10.1982;9;99418
MEDINE;59535;14.8.1967;7;59528
SELMA;115335;28.4.1976;7;115328
SINASI;7427;25.6.1965;7420;7
DONERCAN;47;18.10.1974;0;47
BELGIZAR;804;15.1.1966;1;803
CUMA;39703;8.2.1966;39460;243
BAHAR;43246;16.9.1976;148;43098
ULGEN;605;5.3.1971;142;463
MEHTAP;40344;15.1.1982;37;40307
BUNYAMIN;20161;13.7.1974;20155;6
HIKMET;69093;30.6.1963;49296;19797
NEVZAT;47724;4.2.1966;46912;812
OZNUR;34649;12.7.1979;536;34113
MAKBULE;67429;13.1.1959;3;67426
SEVKIYE;5180;15.12.1957;1;5179
SAADET;59349;7.9.1962;450;58899
INCI;23484;26.10.1969;3;23481
GULHANIM;15970;17.5.1959;0;15970
SERDAR;71352;5.5.1981;71262;90
NAMI;1628;2.3.1963;1613;15
LATIF;11185;6.11.1965;11173;12
NIGAR;24226;16.1.1965;3;24223
RESUL;28069;5.7.1971;28066;3
NURGUL;45235;28.3.1978;4;45231
BURHAN;49669;27.6.1971;49663;6
TURKAN;100587;26.8.1967;142;100445
FATIMA;9381;7.9.1961;0;9381
SALIHA;63244;11.8.1965;0;63244
KIRAZ;12804;2.1.1962;8;12796
FIKRIYE;48819;24.4.1958;2;48817
GULBEYAZ;14514;10.1.1963;0;14514
NADIRE;18131;2.10.1959;2;18129
DURUSAN;6;15.12.1959;0;6
GOKHAN;106408;14.10.1984;106352;56
FUNDA;32175;15.1.1982;18;32157
NURTEN;87150;8.3.1968;14;87136
NEVIM;7311;6.4.1968;9;7302
ZEHRA;142857;29.7.1966;3;142854
VAHIDE;18895;12.4.1962;0;18895
SENAY;40724;22.5.1975;766;39958
SEDA;41545;24.3.1986;89;41456
SIDIKA;26889;11.3.1961;2;26887
RUSTEM;11585;27.9.1964;11580;5
ZIYA;31454;10.4.1963;31451;3
HULUSI;10388;16.9.1962;10386;2
PINAR;74887;20.5.1985;83;74804
NAILE;23302;19.4.1962;1;23301
HUDA;778;19.10.1977;180;598
IMMIGULSUM;192;15.5.1963;0;192
NIHAL;45133;13.11.1973;75;45058
NACIYE;74369;22.12.1958;4;74365
NECATI;60148;27.3.1961;60140;8
GEVHER;1002;2.1.1958;10;992
ILHAN;61274;14.9.1971;57839;3435
NEZIRIYE;26;23.6.1968;0;26
REMZIYE;72408;2.4.1965;5;72403
SITTIK;491;29.4.1961;408;83
RAHIME;60825;8.8.1962;0;60825
HALISE;23621;4.8.1964;0;23621
YUKSEL;97140;30.12.1967;54475;42665
UKKAS;22;2.10.1949;22;0
TASIT;2;22.9.1951;2;0
PENPE;6059;20.7.1956;0;6059
BEYAZIT;1522;7.12.1971;1520;2
TULIN;15033;16.4.1971;6;15027
BETUL;33236;17.6.1982;15;33221
ZIYNET;3111;17.11.1966;3;3108
SENER;12900;4.9.1971;11560;1340
ENVER;41864;3.8.1965;41825;39
FATOS;7357;3.1.1978;1;7356
OZER;12423;18.4.1972;12249;174
SADIA;4;15.3.1953;0;4
GALIP;14637;13.7.1964;14629;8
NADIDE;8264;14.10.1957;0;8264
OZAN;14348;12.4.1984;14303;45
ABUSEYIF;31;28.11.1959;31;0
SIDDIK;9188;3.8.1964;8937;251
SEYIT;24541;28.11.1964;24292;249
NEDRIYE;117;1.8.1963;0;117
KIFAYET;2419;18.4.1964;8;2411
NAIM;12515;10.4.1968;12507;8
SERDAL;16570;2.10.1979;16335;235
SEYFULLAH;6169;14.4.1969;6169;0
KAMIL;59627;15.10.1962;59569;58
ERGUN;28584;16.1.1972;28183;401
REFTALI;1;23.10.1972;0;1
CABIR;2079;20.2.1969;2078;1
HAVA;77993;25.12.1959;2;77991
MUKADDES;27060;14.1.1965;75;26985
SEY;20;23.3.1970;19;1
MIYELZEL;1;28.11.1955;1;0
HAYRIYE;99185;8.1.1958;7;99178
ARIF;79659;28.6.1965;79573;86
BEHSAT;568;4.11.1968;568;0
FERAMUZ;1548;3.10.1962;1547;1
COSKUN;26899;11.6.1973;26868;31
GONCA;11536;1.10.1981;3;11533
SEBAHADDIN;864;23.11.1960;864;0
BESEY;2991;27.4.1952;0;2991
CEMALETTIN;16098;6.6.1965;16096;2
GULESER;10227;19.8.1963;1;10226
HURSUT;902;3.9.1956;881;21
ABDURRAHMAN;68594;19.12.1965;68593;1
KAFIYE;4371;28.6.1960;1;4370
AYISE;12136;21.8.1948;0;12136
SAMI;44782;1.4.1963;44651;131
ESEY;21;26.9.1948;0;21
SABAHAT;20817;1.7.1958;7;20810
RASIM;24877;1.10.1961;24877;0
NURIYE;75021;5.11.1959;2;75019
TEVSUR;1;17.1.1960;0;1
ASUMAN;25764;8.11.1972;117;25647
MUTLU;15549;7.1.1980;12698;2851
FARUK;55303;23.10.1973;55299;4
IRFAN;60748;7.2.1970;59372;1376
ENEZ;408;15.11.1983;407;1
CEMAL;91136;22.10.1961;90968;168
TAHIR;32329;19.12.1963;32327;2
SUHEYLA;27061;21.4.1967;1;27060
BADEGUL;1440;10.10.1973;0;1440
SANCAKTAR;30;17.3.1961;29;1
GULFER;7058;3.9.1969;3;7055
NEBAHAT;42864;20.1.1965;2;42862
GULFIDAN;8590;17.8.1966;1;8589
HALIM;15631;28.10.1963;14475;1156
MEVSUR;38;17.9.1968;0;38
ONDER;28175;2.10.1977;28140;35
GULBAHAR;29386;21.12.1969;12;29374
EFLATUN;447;26.7.1962;405;42
EKREM;65947;3.6.1967;65939;8
SALMAN;4427;23.1.1965;4415;12
CENGIZ;86162;3.5.1973;86149;13
IHSAN;59817;22.2.1964;58764;1053
GUNSELI;1511;22.1.1965;0;1511
SEMA;67014;15.9.1977;116;66898
MERVE;49848;11.1.1989;25;49823
HANIFI;14946;24.2.1968;14917;29
HAZAL;9913;13.2.1968;16;9897
KAMURAN;12496;23.9.1969;7029;5467
SEDRETTIN;1538;29.5.1965;1538;0
NEZAKET;19694;4.1.1961;18;19676
ELIFE;30305;2.5.1957;1;30304
NEZIHAT;2284;2.10.1964;0;2284
GOHER;698;1.3.1953;0;698
GULSEN;92800;5.6.1971;16;92784
SEVAL;26365;29.12.1976;307;26058
SADETTIN;20443;20.11.1964;20435;8
MIHRIBAN;9708;18.5.1970;3;9705
EMIS;6289;27.8.1957;2;6287
OKTAY;35770;19.7.1975;35768;2
DURIYE;10612;3.6.1958;0;10612
NIYAZI;40444;1.10.1959;40434;10
AREFE;1021;21.1.1966;92;929
SERIFE;163317;17.1.1960;9;163308
GOKCEK;422;13.8.1961;12;410
IMMIHAN;2650;26.6.1959;0;2650
SEYIK;1;12.4.1946;1;0
SANIYE;76169;23.3.1960;2;76167
ALISEYDI;1194;21.4.1961;1194;0
MUNEVVER;64346;18.1.1963;56;64290
KADIFE;3177;17.5.1959;0;3177
NURAN;65804;5.9.1970;349;65455
RABIA;63748;21.8.1964;3;63745
HILMI;27030;14.2.1963;27027;3
MEVHUDE;3;9.10.1958;0;3
ULKU;24285;16.3.1970;1302;22983
FUAT;32969;6.4.1971;32967;2
TAHSIN;39765;2.3.1964;39764;1
TALAT;10364;8.7.1964;10306;58
HAYRETTIN;35808;15.4.1966;35807;1
ABUSEYF;84;17.12.1958;84;0
HURZEMIN;3;7.1.1958;3;0
FAHRI;31672;14.9.1964;31624;48
ASIYE;90433;28.9.1962;2;90431
GULNAZ;18885;30.12.1964;2;18883
ALAATTIN;16892;13.6.1968;16891;1
SAMIYE;11901;13.5.1959;0;11901
SAFFET;11254;6.5.1962;9051;2203
CEZMI;3588;4.4.1967;3552;36
MUNUF;20;20.12.1963;19;1
NUVIT;293;21.5.1963;176;117
ERHAN;60851;21.5.1980;60736;115
FERAY;5710;11.12.1976;139;5571
BIRDANE;771;4.4.1972;1;770
SALIME;5178;15.10.1964;0;5178
UMIT;75272;8.6.1979;69453;5819
NAIME;33190;26.6.1962;1;33189
PENBEGUL;269;15.5.1963;0;269
ZAFER;54917;17.2.1976;53510;1407
NILGUN;40577;19.10.1974;0;40577
EREN;14574;21.9.1982;13763;811
UFUK;33351;24.2.1980;31607;1744
MELTEM;28863;7.6.1983;4;28859
SABIA;162;23.4.1958;0;162
MUSLUM;22702;6.9.1970;22689;13
SEMSETTIN;13515;18.4.1964;13512;3
NAFIYE;19745;26.11.1960;3;19742
BEHIYE;26279;12.10.1960;1;26278
AYTAC;9889;26.5.1978;8733;1156
SEVGIN;1113;23.7.1973;536;577
OZGUL;20551;24.12.1975;266;20285
UMMUHAN;26860;17.7.1965;1;26859
IRAZ;3744;30.11.1960;1;3743
HALIT;51738;16.11.1964;51734;4
AYSEGUL;72491;14.11.1980;2;72489
TOLGA;24191;26.8.1984;24139;52
SABRI;54390;13.11.1960;54320;70
MEVLUDE;29470;4.6.1961;1;29469
FETTAH;3958;30.4.1964;3955;3
SEBIHA;20159;6.8.1965;1;20158
REDIFE;504;5.10.1961;0;504
YAKUP;72985;30.6.1968;72982;3
LEYLI;1607;30.12.1953;7;1600
HANEY;1156;18.7.1948;0;1156
ZULFIKAR;3950;27.5.1968;3675;275
OLCAY;16667;1.12.1976;11080;5587
ESMA;67599;12.9.1968;1;67598
FINDIK;3203;1.5.1957;26;3177
MURUVET;7081;21.3.1960;21;7060
TAMAM;2388;18.7.1957;5;2383
ABBAS;11163;2.1.1963;11163;0
BEKTAS;7769;6.2.1964;7768;1
HACER;146311;3.3.1968;35;146276
HUSNIYE;26423;12.9.1960;2;26421
CICEK;17021;24.5.1966;11;17010
MELEHAT;3217;17.2.1964;0;3217
GULCIHAN;6189;17.6.1968;3;6186
CESUR;3188;30.9.1978;3183;5
GOKSEL;10526;17.2.1974;9024;1502
CAGLAR;10160;28.2.1983;9452;708
FEYZULLAH;10730;21.1.1967;10730;0
EFTAL;1000;7.9.1973;883;117
GULLER;5441;12.1.1960;2;5439
ERTUGRUL;20951;10.9.1971;20949;2
SELVER;18183;3.5.1962;588;17595
HUSNUYE;2772;29.1.1960;0;2772
MIKAYIL;994;1.6.1974;993;1
SEBILE;7474;17.5.1964;0;7474
SAKINE;37650;28.7.1963;1;37649
HADICE;19734;8.8.1955;0;19734
ZEKINE;2785;16.1.1964;2;2783
TAHTI;1;26.7.1978;1;0
ADILE;31977;19.5.1963;1;31976
SELIM;52549;5.10.1971;52438;111
LALE;13756;16.4.1972;3;13753
VIRANI;10;14.1.1965;10;0
DEVRIS;1344;20.1.1965;1342;2
IMAM;6791;17.10.1963;6782;9
REYHAN;46334;22.6.1972;1526;44808
NAZIM;26393;23.2.1962;26380;13
IBO;145;21.4.1946;145;0
BEKDAS;102;27.10.1957;102;0
SADIYE;51792;26.7.1963;0;51792
ABDULVAHAP;7860;5.8.1969;7860;0
MAMA;68;27.4.1958;3;65
GULISTAN;19104;20.3.1971;75;19029
AYTUL;4013;13.5.1974;15;3998
PERIHAN;69895;27.2.1967;3;69892
ZUBEYDE;62387;27.7.1970;5;62382
HADI;4083;30.10.1966;4070;13
HAKI;1153;28.5.1967;1149;4
NURSEL;34002;21.9.1973;268;33734
MUNIFE;896;30.6.1962;0;896
METIN;148205;20.6.1973;148107;98
TEKIN;16052;4.1.1973;15995;57
CETIN;42192;18.8.1972;42178;14
NECIP;16880;18.4.1964;16872;8
SABRIYE;38247;26.7.1960;1;38246
ABDULSEBUR;49;9.12.1980;49;0
BEYTULLAH;10143;3.8.1973;10113;30
UNAL;29978;9.5.1971;29616;362
SILA;1351;11.6.1986;25;1326
DILAN;2679;25.5.1988;19;2660
OKAN;23649;5.1.1982;23639;10
ILKE;1363;7.7.1983;312;1051
ILHAMI;18625;6.10.1968;18601;24
BAHTIYAR;9554;18.12.1968;7203;2351
SEFA;17036;17.7.1977;13902;3134
SONAY;6911;16.7.1978;427;6484
DUZEY;12;2.12.1942;0;12
ERDEM;30794;25.5.1979;29883;911
ELMAS;48274;25.4.1960;646;47628
HASIM;15125;28.6.1965;15123;2
NEDIM;21840;6.2.1968;21832;8
FERDANE;8130;27.11.1961;0;8130
ISRAFIL;5571;21.9.1970;5569;2
CIHAN;43198;24.12.1977;37248;5950
AVNI;11448;3.12.1961;11447;1
FIDAN;28203;26.12.1966;52;28151
NIBER;27;3.3.1970;0;27
SABIR;1447;2.12.1969;562;885
FERHAT;56532;18.9.1974;56467;65
NEFISE;15524;15.11.1959;1;15523
CEVRIYE;19674;8.5.1960;0;19674
TELLI;5994;2.11.1960;112;5882
MUEY;2;20.4.1963;0;2
SELVI;15952;2.5.1964;42;15910
UMUT;28229;12.7.1981;26791;1438
NAREY;41;17.10.1953;0;41
BOYRAZ;61;14.8.1957;56;5
CAFER;38578;26.2.1963;38576;2
PEHLIVAN;268;19.4.1967;267;1
SAVAS;30790;18.8.1979;30729;61
KAZI;900;8.4.1960;305;595
ZEYNAL;4758;26.4.1967;4752;6
SATEY;66;13.2.1949;0;66
KIYMET;41089;15.2.1964;23;41066
SALIM;33898;11.5.1962;33894;4
KUCUK;1818;18.11.1958;1191;627
NESRIN;49158;18.10.1973;26;49132
SERVET;40568;20.8.1970;29891;10677
GURSEL;14229;12.2.1970;11698;2531
CIGDEM;78309;24.8.1982;6;78303
MEHRIBAN;3603;24.11.1966;2;3601
GUNES;13987;18.6.1973;1002;12985
SENOL;38917;26.3.1975;37799;1118
ISMIGUL;4185;17.11.1964;1;4184
DURDU;24293;19.1.1960;8054;16239
MUHIDE;230;3.4.1961;0;230
ESENGUL;11455;28.10.1977;0;11455
HARUN;60004;19.9.1974;59995;9
NILAY;9949;20.4.1981;0;9949
IZABEL;35;15.12.1973;0;35
DESTE;898;26.11.1964;1;897
DEVLET;2552;17.8.1970;556;1996
TEMAM;1525;29.4.1960;0;1525
KIBRA;246;23.4.1965;0;246
SEDEF;9542;18.5.1975;13;9529
ASUR;1529;21.4.1959;1391;138
SABIRE;12880;18.11.1958;3;12877
SEYID;344;22.5.1970;343;1
INSAF;2444;4.8.1958;9;2435
EBUSEYIF;5;2.11.1961;5;0
SABAH;1569;12.1.1970;486;1083
HALUK;13026;12.4.1970;13025;1
IBSIR;6;4.11.1959;6;0
SERAP;66805;19.2.1981;28;66777
LULIFER;56;28.7.1966;0;56
EYYUP;20511;23.7.1968;20510;1
TEMUR;1331;18.12.1955;1330;1
GULU;984;10.8.1956;12;972
SERMAYE;32;2.1.1962;1;31
SUGLE;47;5.3.1969;0;47
DAMLA;8817;17.10.1987;0;8817
CAGDAS;5198;25.7.1985;5048;150
EMIN;65770;5.5.1964;65478;292
HANIFE;154646;3.6.1961;19;154627
NAZIK;10843;10.3.1961;16;10827
MULLA;1422;26.5.1962;1344;78
EFDAL;534;23.11.1971;472;62
FAHRIYE;31493;20.10.1959;0;31493
IMMI;784;23.12.1955;0;784
AYFER;63718;11.4.1975;180;63538
FADOG;1;5.5.1937;0;1
GULCAN;59109;5.8.1978;61;59048
ALIRIZA;5076;14.1.1963;5076;0
ZEYTIN;889;29.11.1970;3;886
NURULLAH;17667;1.1.1974;17659;8
SERMIN;14176;5.6.1970;25;14151
FEVZI;37382;20.1.1963;37359;23
ADNAN;65586;7.7.1971;65568;18
TAKI;335;5.11.1965;335;0
AKIN;17173;25.8.1976;17122;51
KIVANC;2533;2.12.1981;2360;173
ERKAN;91310;28.7.1980;91277;33
KEZZIBAN;1171;18.3.1965;0;1171
ISA;66514;30.8.1971;66511;3
SAFINAZ;7078;29.9.1959;0;7078
DUYGU;39630;15.1.1986;216;39414
KURTULUS;4449;30.9.1975;4224;225
SEYIH;8;18.6.1944;8;0
BAGNU;94;3.12.1977;0;94
NEBI;8427;16.7.1966;8412;15
ERTURUL;352;3.11.1965;352;0
FERUDUN;5200;6.10.1968;5196;4
GULUSTAN;9436;16.7.1964;37;9399
ASIME;1502;25.7.1965;0;1502
NADIME;2103;9.2.1961;0;2103
NURHAN;32975;22.2.1971;1736;31239
ZUHRE;8556;12.2.1961;1;8555
ELVAN;17006;19.6.1976;4406;12600
ILKAY;18734;14.2.1979;5991;12743
ISHAK;9873;24.6.1969;9873;0
SEYDI;7832;5.6.1965;7604;228
HAMDULLAH;5730;11.2.1976;5727;3
EYLEM;10407;28.4.1983;306;10101
TAMIS;71;30.3.1950;1;70
GANI;2999;28.2.1964;2988;11
HURIYE;67987;9.12.1959;1;67986
MENDERES;8078;15.7.1973;8073;5
SADI;10870;20.5.1965;10769;101
GOKCE;8362;26.5.1984;907;7455
ZERIF;1004;4.1.1957;5;999
OZEL;1500;10.2.1969;1009;491
SEBATIN;76;1.5.1960;75;1
TURGUT;34966;29.9.1969;34960;6
ERSIN;43587;13.4.1980;42147;1440
TARIK;22541;10.6.1979;22539;2
RAHMA;504;24.5.1961;0;504
ZELIHAN;1137;16.4.1965;1;1136
NIZAMI;588;30.3.1962;585;3
SEYH;1248;10.3.1961;1247;1
FIRAS;21;9.10.1980;17;4
EZO;201;30.6.1976;4;197
MAMO;559;7.5.1944;558;1
MAHSUT;84;11.7.1968;84;0
RAFIYE;3286;19.3.1962;0;3286
MEMIS;7359;29.8.1960;7349;10
DURUYE;2008;25.6.1958;0;2008
ORHAN;130842;30.12.1972;130834;8
UGURAL;17;3.2.1961;17;0
ESA;46;9.3.1966;39;7
KAYA;8730;27.7.1962;8007;723
KISMET;4134;17.11.1975;403;3731
NUH;10744;29.12.1970;10743;1
SAMET;22865;14.3.1986;22813;52
MUNURE;4698;11.5.1962;0;4698
CEMIYLE;80;1.2.1962;0;80
TACETTIN;8793;28.8.1967;8792;1
MAKSUT;4092;6.11.1962;4087;5
SADAN;3083;14.11.1962;1377;1706
KERZIBAN;2377;6.11.1967;0;2377
HULISI;1223;24.7.1966;1223;0
DILSAD;695;30.7.1979;36;659
RESIT;14489;14.6.1963;14485;4
NADIR;14380;10.10.1965;14067;313
ZEYTUN;4003;14.10.1962;9;3994
KADER;24471;11.1.1983;1693;22778
SEYFI;10055;9.12.1965;10030;25
MEVLUDIYE;2499;20.5.1963;1;2498
BAHRI;23221;2.5.1962;23201;20
LEMAN;17501;22.1.1962;4;17497
BESSEY;943;14.9.1954;0;943
SECKIN;9437;28.1.1977;7643;1794
UMRAN;18880;8.2.1975;1976;16904
REGAYIP;122;6.2.1976;85;37
NEZEHAT;798;11.4.1968;0;798
AYTEN;114970;13.6.1968;13;114957
DONSEL;346;16.9.1977;1;345
SEHERNAZ;1729;16.5.1963;0;1729
NAZIR;1802;4.10.1960;1786;16
DURMUS;51237;6.6.1960;51151;86
SAIT;33277;21.5.1964;33277;0
BIRDAL;815;9.6.1976;484;331
YELIZ;36504;9.7.1984;0;36504
OZDILEK;186;30.12.1966;112;74
KUBILAY;5876;13.6.1977;5863;13
DUNDAR;2402;9.3.1969;2371;31
SEVKI;14579;2.7.1960;14469;110
SEVKET;35644;16.6.1961;35529;115
ZEYCAN;5366;7.7.1965;28;5338
OZDEMIR;4037;6.4.1964;4034;3
HELIME;1627;27.12.1959;0;1627
YURDAGUL;18689;22.3.1968;25;18664
MUTALIP;487;27.7.1974;487;0
CANER;16739;16.9.1982;16636;103
EMRULLAH;18121;5.9.1972;18114;7
NIZAMETTIN;17780;22.7.1964;17780;0
SUKRU;77177;3.3.1961;77162;15
HATEME;111;16.7.1952;0;111
BIRGUL;48357;27.2.1977;4;48353
AKAN;1324;16.2.1978;1318;6
FATO;309;16.12.1947;0;309
SADUMAN;5688;23.2.1967;101;5587
LATIFE;19925;6.6.1961;1;19924
TEVEKGUL;19;24.5.1971;1;18
VESILE;25125;9.12.1961;1;25124
DAVUT;38841;26.1.1968;38840;1
SONNUR;1887;16.11.1978;6;1881
GUNAY;25571;18.2.1969;7788;17783
HADIYA;9;21.12.1963;0;9
HABIBE;45611;16.6.1965;3;45608
HEDIYE;55168;14.6.1965;2;55166
NEJMETTIN;942;9.3.1970;942;0
AISE;3577;16.12.1950;2;3575
SADIK;47710;15.1.1963;47693;17
HANZEY;196;13.1.1955;0;196
SUMEYYE;7358;28.8.1986;2;7356
SEH;226;25.3.1958;221;5
MUCAHIT;11583;19.7.1977;11565;18
BUKET;11697;28.1.1983;2;11695
MULIFER;14;6.5.1972;0;14
LULUFER;442;24.9.1968;0;442
BINAMI;20;1.2.1975;20;0
REFIKA;12862;19.12.1958;0;12862
GUNGOR;16048;29.12.1963;9899;6149
TURNA;769;14.3.1972;3;766
AYLAR;119;13.6.1965;5;114
ARZU;94164;26.12.1978;29;94135
PERIZE;446;2.3.1960;0;446
ZELISAN;80;10.2.1966;0;80
VAKKAS;3815;15.10.1964;3815;0
SIH;1640;5.2.1959;1635;5
CEZANUR;81;2.8.1968;1;80
HASRET;9733;27.8.1977;1222;8511
YADIGER;234;9.9.1968;51;183
RAHMI;20823;5.11.1963;20674;149
OZCAN;49942;1.10.1974;46360;3582
BIROL;25570;8.4.1975;25510;60
FIRDANE;99;21.7.1961;0;99
KERIME;13516;4.4.1962;1;13515
GULUSAN;5244;7.10.1961;23;5221
ILKNUR;59960;1.9.1979;68;59892
ASE;60;5.5.1948;1;59
SEYFETTIN;23615;20.5.1965;23615;0
SAZEY;8;8.9.1944;0;8
ULVIYE;11699;8.2.1959;0;11699
BESIME;5447;20.2.1963;0;5447
HURU;12997;3.6.1961;0;12997
ATILLA;23058;23.11.1971;23032;26
FERIHA;9486;10.4.1957;0;9486
SULE;20236;25.5.1979;0;20236
NAZIRE;24531;19.3.1959;1;24530
VAHDETTIN;5468;11.11.1966;5468;0
BADAGUL;44;19.5.1970;0;44
TAYFUN;21038;28.11.1979;21016;22
EMIR;16005;16.2.1967;7721;8284
KUCAN;1;22.10.1979;1;0
SERENGUL;383;20.12.1974;0;383
SERHAT;29580;7.11.1982;28991;589
HALE;6969;2.1.1975;1;6968
DILAVER;6294;20.6.1966;5984;310
FEHMI;22615;25.9.1963;22599;16
MEYREM;4553;14.12.1969;0;4553
BEHZAT;3226;1.8.1964;3210;16
REFIYE;7087;27.6.1957;0;7087
HURI;12097;27.6.1960;9;12088
BEDRETTIN;5945;20.12.1967;5944;1
ZADE;646;20.7.1957;37;609
BILGE;12956;27.8.1975;930;12026
FURKAN;5611;4.5.1987;5516;95
NAZAN;24937;8.7.1978;3;24934
SUFULE;5;1.8.1956;0;5
SIDDIKA;16201;14.12.1959;0;16201
HAMIDE;62774;30.3.1960;1;62773
SEYHHAMIT;67;11.11.1963;67;0
HAFURE;397;5.1.1965;0;397
ARZI;4203;8.4.1955;0;4203
GULSEVIM;3912;18.7.1963;0;3912
ZIBET;146;9.5.1958;1;145
MUTTALIP;3340;8.12.1966;3340;0
TESLIME;15608;2.3.1962;0;15608
MUHUTTIN;634;14.11.1964;634;0
MIYESE;1588;13.1.1963;0;1588
NAZIRIYE;150;10.10.1962;0;150
OKAY;2509;27.2.1977;2488;21
NESE;39292;22.7.1976;15;39277
NULUFER;3016;26.11.1974;1;3015
SECIM;963;7.5.1969;553;410
BILSEN;1527;15.8.1967;4;1523
URYAN;105;29.7.1965;86;19
FAZIL;5473;4.7.1966;5468;5
MUNEVER;1313;25.9.1967;2;1311
MAHAMMET;9;18.8.1963;9;0
SEYCAN;1153;26.3.1973;43;1110
SELAATTIN;425;16.4.1962;425;0
MENZIL;86;3.6.1974;5;81
MUHTEMET;3;27.12.1971;3;0
SAZIMET;3186;11.9.1957;0;3186
NAZILE;7314;25.9.1960;0;7314
MUALLA;12416;20.12.1959;6;12410
RABIYE;20701;16.12.1963;1;20700
HAMDIYE;19355;13.10.1963;1;19354
ZEYNEL;16615;2.8.1967;16533;82
NUSRET;17370;15.10.1965;16619;751
SERAFETTIN;24475;29.3.1962;24473;2
HUSNA;9519;19.4.1965;6;9513
GULBAK;4;18.3.1956;1;3
IPEK;25185;10.7.1971;228;24957
GULNUR;9938;27.3.1975;1;9937
SEYHO;2200;10.12.1954;2195;5
IBIS;1574;11.11.1954;1570;4
VAHAP;6218;1.11.1965;6216;2
MERI;258;22.6.1962;41;217
HUSNU;25436;27.7.1961;25216;220
SELBINAZ;608;5.5.1965;0;608
ALISAN;2833;14.4.1964;2822;11
ONAL;804;7.4.1965;793;11
BACEY;22;9.4.1950;0;22
MANSUR;2409;18.6.1969;2406;3
HIDIR;15825;14.7.1962;15825;0
KANBER;2375;2.10.1961;2362;13
GULTAZE;1222;11.3.1962;0;1222
ALLAHVERDI;810;14.4.1961;810;0
MUSLUME;3199;16.8.1964;0;3199
MEDIHA;22948;14.9.1959;1;22947
MITHAT;12486;2.3.1968;12479;7
ZINET;5893;11.8.1961;5;5888
SELATTIN;691;5.10.1960;686;5
NILUFER;30720;3.8.1974;2;30718
SAIME;34000;30.3.1963;2;33998
ULKUYE;245;23.10.1970;0;245
RASIT;14709;3.7.1964;14709;0
USTUN;1286;22.11.1968;1146;140
ZEDOG;1;12.7.1947;0;1
ASLIHAN;13279;5.4.1977;18;13261
FIRAZ;462;22.5.1964;65;397
ICLAL;4024;11.9.1965;6;4018
ABDULGAZI;171;16.10.1963;171;0
AYDIN;81076;30.6.1971;80661;415
EMEL;68461;21.11.1977;75;68386
HILAL;32414;24.5.1982;873;31541
ABDULKERIM;14632;3.4.1967;14631;1
YENER;7989;1.5.1974;7910;79
ASIM;17468;4.3.1963;17466;2
GURSOY;959;12.2.1976;946;13
SUKRAN;95134;7.3.1970;61;95073
SAHURE;1618;8.7.1959;0;1618
ZIHNI;4231;6.11.1961;4199;32
SUZAN;37701;23.2.1970;73;37628
MENDUH;3318;3.8.1971;3297;21
TEYFIK;2384;25.2.1968;2384;0
MUFIT;2233;8.1.1966;2232;1
FERMAN;2729;30.7.1969;2516;213
HUZEYFE;581;11.10.1978;550;31
BERRIN;15281;10.1.1972;7;15274
YADIGAR;14130;18.5.1967;1558;12572
GULDEREN;7582;16.4.1968;1;7581
OKKES;9564;26.10.1967;9564;0
PAKIZE;36238;16.7.1959;1;36237
ISMINAZ;2529;1.6.1963;0;2529
UZEYIR;12276;3.10.1967;12268;8
MARZIYA;287;19.8.1964;0;287
ISRAIL;325;3.11.1958;325;0
GAMZE;37361;7.8.1986;0;37361
IMRAN;10811;14.1.1971;2065;8746
SUMBUL;2119;16.1.1971;11;2108
BEKAN;9;7.9.1972;8;1
SELAHATTIN;72684;17.2.1964;72682;2
EZGUL;43;18.4.1973;1;42
ESE;17036;7.3.1958;497;16539
ATAY;673;20.8.1967;668;5
DERVIS;9747;9.1.1963;9735;12
NAZIH;17;25.2.1965;13;4
NURDAN;23374;3.8.1976;74;23300
DURUYYE;2;15.4.1936;0;2
SELFIRAZ;319;15.4.1957;0;319
MEVLUDUYE;29;26.1.1962;0;29
KADIRIYE;4421;15.6.1968;0;4421
SAHRA;638;5.1.1975;9;629
VEYSAL;2532;26.1.1967;2531;1
AZMIYE;358;16.6.1956;0;358
FAIK;17468;26.4.1962;17465;3
GULSAADET;9;21.7.1958;0;9
FIKRET;50171;14.7.1967;47015;3156
TALIP;15580;24.2.1968;15578;2
MIRZA;1461;9.8.1965;1458;3
FERIK;521;13.3.1959;256;265
AYCAN;9677;9.11.1978;1530;8147
IFAKAT;4709;21.2.1954;2;4707
SADIR;83;6.11.1963;80;3
HAVEY;19;11.6.1952;0;19
NECMETTIN;27811;26.5.1966;27810;1
FEYZI;10061;1.3.1961;10052;9
MARZIYE;1221;30.2.1961;0;1221
HALIDE;14955;13.11.1963;1;14954
HAFIZ;1185;13.5.1961;1171;14
SERIBAL;2;20.9.1965;0;2
GUZEL;10955;3.3.1962;925;10030
ABUZER;11123;28.9.1962;11115;8
SEVILAY;25726;22.2.1978;6;25720
AZIZE;35076;24.7.1966;2;35074
ZELIFE;589;30.1.1961;0;589
SELIME;23357;1.7.1961;1;23356
OZGE;28561;20.11.1987;192;28369
REHA;1266;18.12.1972;1165;101
SELIN;11589;8.9.1986;2;11587
MUYESE;126;8.2.1962;0;126
KERIM;26226;4.3.1967;26221;5
MUAZ;323;7.1.1983;323;0
MIKAIL;13720;11.2.1975;13704;16
JALE;9491;22.3.1969;0;9491
BELKIS;5868;11.7.1970;0;5868
ELA;2726;9.2.1984;1;2725
MEHPARA;12;24.11.1962;0;12
SIDDI;269;21.2.1961;1;268
SENNUR;13575;22.3.1973;46;13529
HAVAHAN;619;18.2.1960;0;619
SIRVAN;1532;24.11.1978;131;1401
DEGER;478;24.7.1976;248;230
SERIF;31295;13.4.1962;25902;5393
SAYIME;5465;21.2.1966;0;5465
MAHIRE;2769;1.6.1959;0;2769
MUAZZEZ;24348;30.6.1962;4;24344
HAFEY;203;26.1.1954;0;203
BEDIR;4958;7.7.1965;4771;187
ORAL;1575;6.3.1973;1568;7
NUR;12942;5.9.1977;654;12288
DIDEM;16260;5.7.1984;0;16260
EDA;28664;18.7.1983;4;28660
TEKBIR;158;1.7.1977;14;144
ESIN;21271;21.2.1975;477;20794
SEZAI;18556;14.10.1968;18534;22
ALPASLAN;7539;13.10.1975;7539;0
CUMALI;16656;3.5.1969;16586;70
ZAYIDE;1005;9.5.1962;0;1005
YELIS;155;24.1.1981;0;155
GAFFARI;370;1.1.1977;367;3
GUL;32513;12.11.1975;367;32146
REBIYE;904;19.1.1960;0;904
TAYLAN;4434;18.4.1979;4328;106
KAMBER;2495;10.9.1966;2479;16
ASKIN;7905;15.5.1978;6553;1352
MEYASE;586;2.4.1966;0;586
ZEYNELABIDIN;1194;9.6.1968;1194;0
SEVINC;33270;28.5.1971;368;32902
ABDULREZAK;289;27.2.1971;289;0
YESIM;27496;25.8.1982;4;27492
SUMEYRE;118;25.10.1986;0;118
GUNTULU;56;13.12.1981;0;56
OLGU;320;24.8.1985;171;149
AYSENUR;7033;1.4.1982;0;7033
HAYRI;22641;26.3.1963;22598;43
ARMAGAN;4680;2.5.1975;2473;2207
CEMIL;62169;12.8.1964;62154;15
NEVIDE;483;19.5.1962;0;483
ZEMZEM;3408;24.11.1968;2;3406
FULYA;8678;5.1.1981;1;8677
GULENBER;394;24.8.1957;0;394
CUNEYT;23699;11.3.1981;23694;5
MUZEYYEN;57447;5.2.1964;7;57440
OMUR;13456;13.10.1976;7630;5826
MIRCAN;397;2.8.1968;33;364
CEVAHIR;10628;29.5.1960;720;9908
TESLIM;270;19.2.1965;262;8
TARKAN;4371;23.4.1978;4370;1
LUTFU;7965;28.6.1963;7960;5
CEM;30466;14.12.1980;30452;14
SONGUN;237;28.10.1971;3;234
MUAMMER;51001;19.2.1967;49398;1603
ZUHAL;30242;17.4.1975;32;30210
KORCAN;241;27.8.1982;231;10
KAFUR;296;10.4.1969;295;1
SEYMA;12790;19.10.1985;0;12790
FERHAN;9299;24.1.1971;3902;5397
SALI;591;6.11.1962;572;19
AYLIN;20492;21.12.1980;24;20468
FETHI;15233;14.6.1964;15228;5
SUNAY;11860;20.11.1973;2614;9246
FEYZIYE;2217;21.9.1962;0;2217
BEDRI;9133;23.6.1964;8917;216
GULSER;18954;3.11.1961;36;18918
FIGEN;29441;6.1.1978;4;29437
MUKERREM;14984;10.1.1960;1929;13055
NAHIDE;19131;26.5.1963;0;19131
MACIDE;4725;17.1.1960;0;4725
FERDI;19495;19.12.1983;19481;14
KADEM;2575;24.6.1964;1563;1012
HASIP;3123;23.10.1966;3117;6
EDVIYE;68;20.10.1950;0;68
SUAYIP;6819;24.11.1968;6818;1
NERMAN;1348;14.10.1966;38;1310
AGA;1238;15.2.1956;1238;0
NESIME;5637;17.6.1962;6;5631
AZZET;452;17.9.1962;3;449
ERGUL;11591;7.8.1970;4657;6934
VEDIYE;157;14.9.1959;0;157
BINAZ;230;8.9.1966;0;230
ABDULRAZZAK;45;18.7.1971;45;0
BURAK;36797;15.3.1987;36764;33
SERTAC;4762;6.2.1982;4609;153
NADI;1112;1.10.1963;1092;20
YAGMUR;8096;7.1.1988;416;7680
BAKI;15229;11.11.1965;15220;9
MIHRIYE;2449;12.8.1955;0;2449
IZZETTIN;8801;30.5.1967;8796;5
HALIS;22405;24.10.1963;22380;25
BASRI;9275;27.6.1964;9271;4
BIRTANE;180;25.8.1974;0;180
ESMER;7783;15.7.1967;50;7733
GOKMEN;7535;7.9.1979;7274;261
FETIYE;5255;15.7.1960;0;5255
FERIT;18826;20.11.1970;18818;8
MUHITTIN;28230;17.7.1963;28227;3
KADRI;12942;7.11.1966;12934;8
MELIKE;26777;21.1.1978;2;26775
MUNUR;2945;3.6.1966;2915;30
TIJEN;1457;17.12.1972;2;1455
CAHIT;21765;5.7.1968;21760;5
MEHMETALI;3377;15.8.1962;3377;0
NECMIYE;24542;27.7.1958;2;24540
NADIRIYE;612;16.7.1963;0;612
SEHMUZ;736;1.4.1977;735;1
ABDULHAKIM;4289;30.1.1974;4289;0
NERMIN;64608;14.2.1967;37;64571
MUSAB;316;7.7.1988;316;0
SEREF;26922;21.1.1968;26137;785
BUSRA;16975;7.12.1987;14;16961
ROVSANA;1;21.3.1981;0;1
IMMIGUL;119;19.8.1962;0;119
BIRAY;521;18.10.1975;121;400
FEVZIYE;18446;1.11.1959;0;18446
SURMELI;1972;14.7.1960;981;991
SEVGUL;10571;3.3.1974;8;10563
NIDA;3028;5.6.1981;322;2706
CELALETTIN;10705;8.9.1966;10703;2
ASHAN;658;19.5.1953;11;647
OGUZHAN;15528;1.7.1983;15526;2
GAZAL;8423;20.9.1963;59;8364
EZGIN;181;23.12.1983;112;69
REMEZAN;1849;16.12.1958;1849;0
VAIZ;72;7.1.1961;72;0
ASA;78;9.3.1944;1;77
GULPERI;12705;30.4.1963;1;12704
PERVIN;12987;21.7.1970;3;12984
SELMAN;11129;24.7.1975;10156;973
GOKBEN;1406;24.2.1982;32;1374
BESIRE;2818;18.9.1963;0;2818
IDRIS;39583;20.7.1969;39578;5
ZULKIF;1162;5.11.1966;1155;7
MUKADDER;13788;8.12.1964;1145;12643
KOCER;1247;30.10.1965;186;1061
ASLIYE;791;8.6.1968;0;791
FIYAKA;13;27.9.1972;6;7
NEDIME;8972;12.2.1958;1;8971
MUHAMMET;80332;25.12.1975;80328;4
NECDET;27015;5.1.1965;26907;108
MIRAC;2351;11.8.1982;1734;617
SEMSIBAN;86;4.8.1963;0;86
GAZEL;1210;10.7.1965;125;1085
SUNDUZ;5603;1.7.1967;11;5592
AYCA;6727;5.1.1983;7;6720
MAHIDE;4349;13.12.1964;0;4349
RESAD;70;13.8.1965;70;0
BANU;15884;27.2.1981;2;15882
NESIBE;18832;4.4.1965;1;18831
SABITE;1202;23.4.1960;0;1202
SATUN;49;24.12.1958;2;47
FETI;2970;23.4.1964;2841;129
ABDULGAFUR;2150;14.3.1968;2150;0
NACI;20550;26.8.1964;20524;26
NEJMEDDIN;57;4.7.1965;57;0
SEFIKA;31278;6.4.1960;1;31277
SEBAT;1430;7.11.1956;64;1366
SABIHA;29400;12.11.1960;0;29400
AYGUN;4565;5.6.1972;1237;3328
ERMAN;6605;10.4.1982;6501;104
ASLI;39398;10.8.1976;21;39377
KIRAMETTIN;29;20.5.1968;29;0
ZULFUNAZ;392;2.6.1963;0;392
PELIN;14749;1.8.1984;2;14747
SAYIM;3460;6.2.1968;3426;34
FEDDAL;3;16.6.1972;3;0
ERDINC;18400;16.10.1974;18396;4
ERCUMENT;4774;29.12.1971;4762;12
GULSAH;27136;9.2.1983;6;27130
BENHUR;197;10.10.1974;168;29
FERYA;774;13.3.1979;6;768
MERSIYE;715;1.4.1960;0;715
KEVSER;26534;29.10.1970;33;26501
NUMAN;7671;4.8.1970;7656;15
TASKIN;3752;3.1.1975;3733;19
ABDULAZIZ;9469;5.12.1966;9469;0
CEYDA;7310;18.6.1981;0;7310
SERCAN;18671;21.11.1985;16253;2418
TEYYIBE;247;14.12.1959;0;247
CERCIS;363;11.3.1963;363;0
VAHIT;10865;27.7.1965;10861;4
MUBERRA;6754;16.1.1967;0;6754
CIHANGIR;5125;19.9.1973;5114;11
NUSRETTIN;3259;14.2.1963;3259;0
ZELOS;58;1.5.1951;0;58
SAHBI;4;24.8.1977;4;0
BATUHAN;2354;3.2.1987;2352;2
TUFAN;9033;29.3.1973;9000;33
FADIMA;4785;5.2.1965;0;4785
EJDER;3329;18.12.1971;3321;8
SEHNAZ;5343;28.8.1973;3;5340
NURDAGUL;1992;18.10.1971;1;1991
AYLA;34468;3.11.1970;3;34465
GOKCEN;4342;6.4.1977;704;3638
NEZIHE;9333;25.8.1958;0;9333
BAHRIYE;23860;16.6.1958;7;23853
SAHESER;151;10.5.1966;9;142
ABDULVAHIT;1139;23.2.1967;1139;0
SAFAK;9900;27.9.1977;6482;3418
HAFIZE;46679;5.9.1961;4;46675
SALIYE;3223;24.12.1962;0;3223
SELAHA;373;16.1.1966;0;373
TULUN;3362;17.11.1967;2;3360
ABDULMUTALIP;1392;25.8.1978;1391;1
KUDURET;361;16.2.1967;90;271
NAGIHAN;19077;12.5.1981;22;19055
MUBECCEL;4263;4.9.1951;1;4262
HACARE;37;25.5.1963;0;37
NAYIME;1577;30.7.1965;0;1577
HAMI;3014;17.6.1964;2665;349
BELGIN;17917;5.2.1975;103;17814
FETHIYE;18868;15.12.1958;0;18868
MUSIDE;387;21.6.1960;0;387
MITAD;54;12.6.1969;53;1
GULENDER;2390;12.8.1966;2;2388
SARAY;1656;7.1.1962;4;1652
AYDOGAN;3658;5.10.1969;3567;91
YESIL;357;28.4.1974;102;255
VEHBI;7539;24.4.1965;7534;5
MELIHAT;5102;6.4.1960;0;5102
SUNER;234;6.4.1967;100;134
BAHATTIN;25523;9.12.1966;25522;1
HURRIYET;4636;13.1.1971;582;4054
ISKENDER;9949;27.2.1969;9947;2
ABDULGANI;2936;19.9.1968;2936;0
FETHENE;4;23.1.1968;0;4
JULYET;74;17.4.1962;0;74
MELIHA;62164;13.5.1961;5;62159
ARSLAN;11940;16.12.1960;11915;25
FIRDEVS;24078;30.4.1963;5;24073
MUNIRE;17912;25.11.1958;0;17912
KEMALETTIN;5716;25.10.1961;5716;0
RAHMETULLAH;485;25.12.1976;484;1
SECKINER;32;2.8.1978;30;2
AYDA;1517;19.2.1973;8;1509
MUKREMIN;3427;5.11.1968;3407;20
MEDAHA;26;9.11.1961;0;26
ATAKAN;6067;24.8.1980;6063;4
EKLIME;72;30.3.1964;0;72
SECIL;13211;11.6.1982;122;13089
EBUZER;401;26.7.1974;396;5
RESMIGUL;2203;11.4.1964;1;2202
SULHIYE;898;30.12.1955;0;898
RIDVAN;32285;25.9.1978;32239;46
HACIBAYRAM;157;2.4.1967;157;0
SELAMI;27484;14.7.1970;27469;15
VAHDETDIN;21;13.10.1966;21;0
TACNUR;7;20.10.1968;1;6
SEYDA;11139;27.3.1981;151;10988
SAMIL;2721;12.6.1968;2711;10
KIFAYE;283;7.11.1954;0;283
FEHIME;16472;15.6.1961;1;16471
REFIK;15783;20.2.1963;15780;3
HACALET;1;22.8.1931;0;1
CIVADE;52;22.12.1957;0;52
EBRAGUL;1;22.11.1979;0;1
LOKMAN;13485;12.10.1976;13483;2
AYDEMIR;2114;29.11.1966;2105;9
RUKEN;2294;18.11.1984;17;2277
OZGEN;2735;4.12.1975;1206;1529
ZERRIN;12377;28.7.1972;9;12368
SOLMAZGUL;8;13.8.1968;0;8
SERFINAZ;1715;23.12.1958;1;1714
SAFIYA;1089;27.6.1965;0;1089
GULSIN;412;8.3.1974;1;411
ULKER;9772;27.12.1962;440;9332
AZET;86;2.5.1965;13;73
SAHAP;1700;7.3.1965;1698;2
OYA;16536;2.9.1973;1;16535
TELAT;2832;7.7.1968;2830;2
ELIFHAN;272;13.8.1963;0;272
NECMI;16704;5.3.1965;16675;29
MUHLIS;6882;11.12.1963;6876;6
SAYNUR;2317;6.11.1971;5;2312
NEVSIYE;122;7.1.1967;0;122
OZHAN;3230;23.6.1979;3172;58
NAHIT;3289;28.7.1966;3278;11
NURDANE;5998;12.4.1968;0;5998
AYNE;172;14.10.1957;0;172
GUNFER;167;22.5.1962;10;157
GIRAZ;39;22.7.1951;0;39
AFEY;52;2.4.1944;0;52
NASIM;67;1.6.1967;66;1
TEMELNUR;1;21.5.1959;0;1
RUHIYE;3061;10.8.1960;0;3061
NAYIM;879;10.2.1968;876;3
FAIZE;3042;29.11.1958;0;3042
MECIT;10980;18.8.1962;10979;1
NEZAHA;146;5.4.1964;0;146
BIRIMAN;1;1.2.1943;0;1
SEMAHA;407;6.2.1969;0;407
GOKNUR;1975;25.8.1981;36;1939
HACIIBRAHIM;36;6.2.1969;36;0
GULDEN;17328;10.12.1976;1;17327
SEMAHAT;6296;5.9.1960;29;6267
ZULFUYE;1029;14.4.1964;0;1029
BINNUR;4848;2.2.1975;6;4842
BEYAZ;7967;19.1.1962;83;7884
SALIHE;8079;17.9.1965;1;8078
TEVABIL;127;7.2.1965;122;5
GULSUN;12794;4.1.1972;1;12793
ABDURREZAK;1422;8.4.1968;1422;0
ALPER;25393;18.7.1982;25301;92
NEJMIYE;931;27.1.1968;0;931
NERMIYE;970;7.12.1960;0;970
ERDI;5040;20.7.1989;5035;5
GULCIN;22723;21.9.1974;7;22716
SEZER;11780;29.5.1976;8063;3717
SERMET;1099;26.5.1967;1033;66
KIBRIYE;1522;11.5.1960;0;1522
ONAY;622;14.10.1973;408;214
MESLAHA;5;4.10.1971;0;5
SEMANUR;2835;7.9.1979;0;2835
RECAI;10632;23.1.1967;10627;5
MIHRICAN;3133;22.4.1978;1;3132
INAL;322;6.11.1966;270;52
HAYRULLAH;9413;5.9.1966;9408;5
HASANBASRI;46;26.7.1962;46;0
ADILIYE;160;19.11.1962;0;160
NAZIME;13327;25.10.1963;2;13325
MUJGAN;13049;21.9.1966;2;13047
TURGAY;31025;9.2.1977;31003;22
SEBAHA;362;7.8.1965;0;362
HASMET;1056;20.5.1964;1049;7
NUREDDIN;3611;24.11.1961;3611;0
ABDURRAHIM;13124;30.2.1971;13123;1
HASIBE;34443;20.10.1961;1;34442
SELBIHAN;171;29.3.1979;0;171
NAVRUZ;2718;5.7.1962;203;2515
SAHABETTIN;3912;11.1.1968;3911;1
EDIBE;10574;26.3.1966;1;10573
VURAL;6814;4.12.1972;6809;5
AZMI;5701;7.4.1962;5698;3
ULYA;518;11.8.1964;1;517
GULENDAM;3836;10.7.1962;0;3836
IREM;6481;28.12.1984;143;6338
EBU;364;17.9.1977;353;11
SEMIH;22181;27.12.1979;22159;22
ABUBEKIR;4024;22.9.1968;4023;1
SAIM;14131;4.1.1966;14127;4
USAME;307;5.7.1984;299;8
ZULFINAZ;2225;20.11.1960;0;2225
SATUT;91;28.3.1951;0;91
SELAHADDIN;4212;19.8.1960;4212;0
BILGINUR;316;23.1.1967;0;316
ENES;9726;7.7.1985;9692;34
SERHAN;5972;30.2.1979;5496;476
ZULFUKAR;2607;5.9.1964;2573;34
GOKNIL;270;18.3.1980;5;265
TIBET;330;16.6.1977;274;56
ABDULBAKI;8895;27.3.1966;8894;1
BERKANT;1625;5.8.1979;1623;2
AYTAN;1852;16.1.1967;56;1796
HAKVERDI;619;26.9.1964;598;21
AYNI;2064;5.11.1955;15;2049
EDANUR;372;19.8.1988;0;372
SARPER;419;21.12.1979;418;1
MUNUFE;379;20.8.1965;0;379
ALPAY;3987;26.3.1977;3978;9
NAIL;16490;10.9.1963;16480;10
TEYYAR;508;29.1.1966;507;1
MUNADIYE;537;15.2.1959;0;537
BIRTEN;951;10.1.1970;5;946
NEZIHA;17094;29.11.1960;0;17094
HURREM;1469;11.2.1963;834;635
NEBIYE;9353;11.6.1960;0;9353
VEYSI;16545;3.5.1975;16541;4
FIRDES;15888;29.1.1961;2;15886
YILDIRIM;10343;30.7.1971;10327;16
SAVHAR;1;11.11.1952;0;1
FAZILE;4322;11.1.1961;0;4322
SAADETTIN;4455;14.6.1964;4451;4
TEVFIK;26366;20.10.1961;26363;3
AYTEKIN;12232;16.8.1972;12049;183
YURDANUR;5839;2.11.1961;98;5741
FERGUL;428;9.11.1975;4;424
KURSAT;6002;3.6.1980;5996;6
UBEYDE;189;14.3.1971;75;114
SELIHA;697;13.11.1967;0;697
CEREN;7295;8.12.1986;66;7229
SENCER;536;9.7.1977;514;22
DILARA;4991;26.11.1983;0;4991
SUHEYL;373;21.7.1973;361;12
GULUSTUN;7;5.4.1966;0;7
METE;6965;27.5.1973;6953;12
SURIYE;4701;6.1.1959;21;4680
SERTAN;2569;24.12.1980;2558;11
BIRNUR;1122;17.12.1972;1;1121
MEHPARE;1265;10.4.1964;1;1264
GULIZAR;28510;22.12.1963;2;28508
HACIMEHMET;124;18.11.1964;124;0
KURBANI;391;17.5.1962;391;0
AYSEHAN;1007;21.10.1956;0;1007
SIMGE;2381;18.5.1987;2;2379
HANIF;262;3.7.1961;155;107
MINEVVER;660;1.7.1968;0;660
SEVER;781;4.4.1971;291;490
SUREYHA;56;10.4.1971;0;56
VILDAN;23003;7.9.1974;78;22925
KUBRA;33443;8.1.1985;7;33436
BULUT;1844;14.9.1982;1650;194
TULGAY;83;27.7.1970;79;4
BELMA;6333;21.2.1973;0;6333
MUNTEHA;749;10.2.1964;10;739
EMIHAN;43;15.6.1974;0;43
PENBE;7993;19.5.1955;0;7993
EMIK;69;25.3.1954;0;69
SAKIRE;5383;24.1.1959;3;5380
AZIME;23950;14.7.1962;2;23948
BUNYEMIN;97;18.5.1972;96;1
ABDULMECIT;3778;6.10.1964;3778;0
ALAETTIN;9866;19.12.1959;9866;0
SELAHATDIN;414;23.8.1960;414;0
YAVUZ;47504;13.7.1976;47493;11
BILGEN;3832;12.11.1978;97;3735
MEMNUNE;8904;18.9.1956;0;8904
GULTER;2028;21.1.1957;14;2014
ABID;275;19.5.1965;275;0
ESER;7269;16.12.1977;5059;2210
CISEL;164;26.1.1984;0;164
BERNA;17348;8.7.1981;8;17340
ERTAN;20515;24.3.1974;20416;99
MEHMETTURAN;1;10.3.1950;1;0
MERT;11636;12.7.1985;11634;2
TURKAY;2936;4.8.1969;2151;785
AFRAIL;3;26.2.1966;3;0
ESBER;46;7.6.1966;44;2
CUBEYR;1;6.7.1984;1;0
ANDAC;397;28.7.1982;320;77
GULENDAN;331;28.11.1963;0;331
NAZIF;11308;16.7.1962;11191;117
RESAT;14436;3.3.1966;14429;7
FATIK;1003;7.4.1954;1;1002
EVREN;11167;5.9.1983;9315;1852
TAYYAR;3861;8.10.1965;3859;2
ESEF;547;9.11.1968;545;2
GOZEL;1306;13.3.1955;100;1206
HATCA;102;22.9.1954;0;102
HABIB;6412;19.3.1971;6407;5
GULCUN;857;29.2.1964;0;857
ABDULSAMET;2106;11.3.1983;2106;0
ALIBABA;67;3.2.1965;67;0
MUJDAN;31;26.3.1965;1;30
SUPHIYE;5041;6.8.1963;2;5039
SUHA;1611;11.9.1969;1500;111
FAIKA;2897;8.10.1955;0;2897
BILHAN;530;9.2.1972;246;284
BERKAN;2892;29.1.1983;2853;39
GENCER;919;25.12.1977;915;4
IVRIYE;2;19.6.1936;0;2
TURHAN;12426;21.6.1963;12332;94
TASO;32;4.3.1942;32;0
BURGUL;43;11.6.1975;0;43
ZAFIRE;97;22.7.1960;0;97
BIRCAN;15823;30.8.1977;2517;13306
DURYA;56;21.11.1966;1;55
VAROL;2353;19.1.1971;2347;6
IMIHAN;1591;8.12.1955;0;1591
ESAT;12462;17.1.1967;12454;8
BERAT;5202;21.2.1980;4012;1190
IRCAIL;1;29.2.1957;1;0
ZAKINE;809;8.9.1964;0;809
ULAS;5776;1.4.1983;5735;41
GURAL;246;6.7.1967;224;22
ALAEDDIN;2517;22.11.1960;2517;0
ABIT;2949;10.11.1965;2949;0
KEREM;18055;10.12.1973;18046;9
FAZILET;11147;2.11.1968;18;11129
GULTEKIN;10195;22.10.1968;9105;1090
HATAYI;472;11.4.1955;13;459
RAHIM;7371;18.1.1964;7038;333
SENEL;14606;16.7.1965;5916;8690
SUHENDAN;212;9.1.1962;1;211
MAZLUM;3315;28.9.1972;3168;147
HANEFI;2377;5.7.1963;2357;20
ALHAN;40;1.6.1960;38;2
FADILE;7797;1.3.1970;2;7795
SITIYE;189;15.2.1968;0;189
ZEKIRE;106;13.12.1964;0;106
ESEN;9509;21.2.1975;832;8677
TURABI;1374;9.4.1968;1373;1
MURTED;1;11.10.1982;0;1
RUHI;6876;11.2.1963;6827;49
NERGUL;2002;12.4.1972;1;2001
MENSURE;13449;15.2.1964;0;13449
CEYLAN;17038;18.11.1981;2079;14959
HASARI;668;12.2.1972;665;3
ISLIM;10588;10.11.1965;3;10585
HUDAVERDI;2295;8.2.1964;2167;128
MADEN;73;22.1.1960;65;8
SUMEYA;135;19.11.1983;0;135
UMMUHANIM;30;17.9.1963;0;30
SENIHA;7242;23.2.1960;1;7241
CAHID;141;21.11.1971;140;1
HICRAN;10725;20.11.1975;98;10627
GUVEN;13766;1.2.1976;13173;593
TAHA;2818;28.2.1981;2795;23
FERIZE;1255;28.12.1960;0;1255
ECEVIT;3388;6.5.1977;3387;1
OYKU;727;14.10.1985;34;693
ERAY;9830;28.8.1981;9470;360
KIFYA;1;12.8.1977;0;1
GULSEVIL;576;28.5.1967;0;576
DICLE;1675;28.11.1983;74;1601
HACEY;75;6.8.1944;0;75
AYSEN;20088;28.10.1969;6;20082
SUHAT;186;7.9.1972;175;11
IKBAL;10055;22.7.1960;248;9807
CIHAT;9958;30.10.1974;9936;22
YETIS;1355;26.5.1976;1294;61
ALIBEY;705;7.12.1960;705;0
ODUL;164;25.12.1983;39;125
ALTEY;82;29.12.1949;0;82
NIYMET;1003;26.10.1966;18;985
RUKUYE;537;9.9.1959;0;537
BANIYE;204;6.12.1954;0;204
CEVDET;30569;27.12.1964;30559;10
ISMI;1904;6.8.1956;27;1877
GORKAN;71;28.4.1983;71;0
MADET;18;27.5.1971;0;18
FAYIKA;416;20.7.1961;0;416
FIKRI;18872;3.1.1961;18839;33
SEMSIYE;1247;7.3.1960;0;1247
HUBUS;4;12.1.1945;0;4
TUNAY;4614;14.12.1973;3116;1498
SOYDAN;630;9.1.1978;571;59
ZULFIYE;18343;11.12.1961;0;18343
RANA;2630;7.11.1973;13;2617
ORDEK;802;8.2.1957;0;802
HISIR;22;25.6.1963;0;22
BEHCET;10429;1.9.1965;10421;8
HAFISE;889;3.3.1967;0;889
GULLUZAR;8646;17.1.1960;0;8646
YUCESTE;25;23.11.1963;0;25
BEDIRIYE;971;17.2.1964;0;971
ZEYNIK;14;4.2.1944;0;14
BEDIH;513;26.2.1969;508;5
SELCAN;3488;24.7.1983;100;3388
GIZEM;14638;1.2.1989;0;14638
ARIN;103;5.9.1982;60;43
MULKIYE;8372;13.10.1973;1;8371
SAHBETTIN;296;12.12.1970;296;0
TAYLAND;24;3.6.1981;23;1
NAZIYE;3431;3.2.1958;0;3431
DEVRIM;5204;20.5.1978;3310;1894
AFIFE;5578;26.5.1960;0;5578
DILAY;1457;17.3.1985;5;1452
SAFA;2272;20.10.1975;1984;288
SEDAR;61;12.4.1984;51;10
ELCIN;4646;24.4.1982;208;4438
AYSAN;3576;12.12.1960;83;3493
FERDA;9811;10.12.1975;1047;8764
EZGI;11876;9.2.1988;53;11823
MEDEHA;25;23.6.1963;0;25
SEZEN;7195;8.10.1979;291;6904
GULENDEM;1008;6.11.1963;0;1008
SERIBAN;656;21.1.1968;0;656
MUZAFER;1081;27.12.1968;1017;64
ALADIN;128;7.4.1964;128;0
GOGER;12;19.10.1959;0;12
AZIM;1243;5.8.1970;1231;12
GOZDE;15151;29.11.1987;4;15147
BUGRA;2500;15.6.1986;2402;98
KAYAHAN;500;6.3.1980;492;8
GULAGA;530;17.10.1959;528;2
MUGE;9312;2.5.1981;0;9312
ASIYA;3497;4.10.1962;2;3495
KAFFAR;175;29.9.1962;175;0
ISEY;33;24.4.1943;0;33
ARDA;4015;26.6.1983;3771;244
ELISA;19;12.2.1968;2;17
ESET;655;17.8.1961;653;2
BARAN;3288;24.5.1980;2403;885
FADIL;4882;8.5.1966;4788;94
ALIME;22272;30.9.1959;0;22272
NAZENDE;742;11.7.1958;0;742
UGRAS;317;11.5.1981;297;20
GOCER;278;1.8.1961;20;258
CAHIDE;15462;26.12.1966;0;15462
ZULKUF;5932;20.5.1971;5887;45
ASGAR;16;14.4.1962;16;0
RIFKI;2082;23.1.1960;2081;1
SERIN;724;10.3.1966;54;670
RUJDA;9;26.8.1986;1;8
CANGUL;698;4.11.1978;1;697
NAZIHA;104;17.2.1957;0;104
KUTSAL;553;14.2.1976;450;103
BUYUK;141;2.4.1949;65;76
MURUVVET;16040;4.12.1958;26;16014
GUNNUR;3788;2.5.1972;30;3758
BINALI;5545;24.6.1958;5432;113
EMEY;62;25.8.1944;0;62
INCE;295;26.1.1962;56;239
NAKI;903;20.2.1967;893;10
CENAN;1774;5.9.1964;842;932
MELAHA;354;8.8.1964;0;354
TACIM;367;27.8.1964;366;1
MUSAYIP;17;30.9.1966;17;0
KADIME;956;21.11.1961;3;953
GULHANGUL;1;2.10.1969;0;1
GAFFAR;915;28.2.1967;914;1
SUBIYE;276;8.2.1959;0;276
HUNKAR;1449;2.1.1966;526;923
CANTURK;411;7.12.1977;408;3
EKIN;1477;14.12.1984;620;857
GURKAN;15984;30.4.1980;15841;143
CAYDAN;13;28.6.1955;0;13
LUTFULLAH;1199;20.3.1970;1199;0
KALO;94;24.7.1942;79;15
TUGRAL;19;10.10.1960;19;0
DILEM;251;10.8.1987;1;250
CANSU;12910;25.2.1989;136;12774
TENAY;55;24.11.1970;6;49
MELDA;3306;21.5.1978;1;3305
PAKIN;3;13.3.1964;1;2
ERKIN;1877;2.9.1976;1868;9
ENDER;13338;15.3.1974;12598;740
OKHAN;191;22.3.1978;191;0
MUFIDE;3881;13.8.1959;0;3881
ENIS;6483;28.4.1976;6399;84
GURDAL;1130;15.10.1975;1052;78
SERIYE;742;22.3.1958;0;742
BETTAL;24;15.3.1964;24;0
NAMIK;9060;14.12.1965;9058;2
RUHAL;36;10.5.1973;3;33
MEFARET;1577;12.7.1967;2;1575
KEMALI;297;5.9.1961;149;148
BEDIA;18170;18.7.1966;2;18168
GUZUN;340;24.5.1964;0;340
ZEMCI;86;7.1.1964;86;0
KAFAR;88;22.12.1956;88;0
GEYIK;215;16.8.1955;0;215
KALENDER;1607;12.2.1966;1589;18
TUMAY;969;29.2.1975;384;585
GULBUN;155;21.2.1962;2;153
MATEM;40;3.4.1965;24;16
IMDAT;9352;30.8.1969;9284;68
MAHAGUL;14;4.7.1962;0;14
EVRIM;5618;29.7.1982;904;4714
ENIZE;77;14.1.1971;0;77
ESREF;20011;20.4.1966;19753;258
SELINA;72;29.12.1981;0;72
ALIEKBER;1034;14.3.1969;1034;0
MUHSIN;23192;30.12.1966;23175;17
ONAT;226;28.12.1982;226;0
GAYE;2621;29.6.1979;6;2615
UGURNUR;1;21.9.1974;0;1
UGEY;20;5.7.1954;0;20
SEYDALI;159;29.9.1962;159;0
NESIM;4153;7.11.1970;4117;36
SIDDIYE;39;6.11.1964;0;39
FERAH;4150;30.7.1973;295;3855
HABIP;9062;6.9.1969;9053;9
NECBIYE;116;14.2.1957;0;116
ORUC;2982;24.1.1967;1952;1030
NECIBE;14026;23.9.1960;0;14026
FAZLI;12197;15.5.1962;12191;6
TUNC;2116;23.12.1976;2110;6
ABUZERI;7;11.10.1955;7;0
MERVEGUL;40;5.3.1990;0;40
TURUNC;246;26.7.1962;6;240
NURAL;3198;22.7.1964;768;2430
BESRA;6233;21.4.1968;1;6232
OZGUN;3182;5.5.1980;2080;1102
ETEY;36;7.10.1946;0;36
SUKRUYE;12212;6.5.1960;0;12212
RUSEN;4835;30.4.1967;2652;2183
DEVRANI;23;22.7.1978;23;0
SUPHI;6000;8.9.1966;5998;2
BOZO;111;5.12.1951;111;0
OZDES;34;19.3.1981;23;11
ANIL;8702;1.3.1986;7459;1243
NURCIN;1097;4.5.1978;6;1091
NURAYET;455;7.11.1967;2;453
GULFIRAZ;563;19.9.1958;0;563
GULEN;5360;16.1.1966;34;5326
HURYASA;10;9.3.1973;9;1
MAHIR;18081;2.10.1967;18065;16
NURTAN;645;10.2.1966;22;623
BENGU;2141;4.2.1981;20;2121
KORAY;11738;7.6.1981;11668;70
DERDA;49;25.7.1980;38;11
BILKAN;68;6.5.1974;39;29
RAHSAN;3575;27.1.1980;6;3569
MUCEVHER;1202;24.4.1959;10;1192
NEJAT;4700;6.3.1964;4678;22
ALIALPER;3;23.10.1969;3;0
SAHNAZ;1137;30.8.1965;1;1136
EMEK;612;3.2.1980;200;412
OZAY;6404;16.5.1975;4851;1553
LUTFUYE;716;25.6.1957;0;716
TENEL;4;22.3.1974;2;2
SITKI;8968;19.10.1962;8963;5
ALHAS;118;3.9.1958;118;0
SEBINIYE;1;17.2.1948;0;1
SEZAYI;3753;28.5.1968;3739;14
HANCER;65;30.1.1938;62;3
FIKEN;16;18.11.1967;0;16
RAUF;2191;4.6.1967;2191;0
OGUN;2407;8.2.1977;2366;41
ESBAT;4;28.10.1976;4;0
MUSTAK;548;11.10.1959;547;1
CANSEL;2287;15.7.1979;140;2147
NURCEM;9;19.12.1981;0;9
HIFIYE;1;17.6.1972;0;1
SALIDE;17;7.3.1961;0;17
ERSOY;5350;21.10.1976;5346;4
OVGU;273;10.9.1984;29;244
BUSE;1508;15.12.1988;0;1508
MAYRANI;5;22.11.1936;0;5
JULIDE;1866;16.8.1972;0;1866
MENNAN;448;10.9.1965;445;3
NADIM;1046;2.1.1961;1040;6
M.;976;19.5.1950;975;1
MUMTAZ;3539;24.6.1963;3523;16
SIMAL;219;20.4.1982;32;187
HAMO;519;13.3.1946;507;12
ATIKE;9130;6.7.1961;0;9130
TUTKU;602;19.7.1986;213;389
NEHIR;2073;1.7.1978;299;1774
SABIT;6636;17.1.1963;6633;3
SEHZADE;307;25.12.1961;34;273
NAZEN;696;6.10.1962;2;694
ALTAN;6871;15.1.1971;6681;190
NURSIN;594;13.2.1978;80;514
DILSAT;768;19.9.1971;40;728
ZARIFE;15316;7.4.1960;2;15314
MEHRI;2745;25.11.1959;24;2721
DEVRIMSEL;6;18.4.1978;0;6
SEZIN;2037;9.7.1979;39;1998
NEVRUZ;2225;11.12.1966;553;1672
ZENNURE;6803;19.7.1962;0;6803
ZULAL;3188;10.4.1971;275;2913
ALIIHSAN;582;24.9.1963;582;0
FARIZ;722;21.5.1967;715;7
SEVDIYE;6940;23.3.1963;0;6940
GANIME;7435;20.5.1959;0;7435
AGI;2;21.9.1954;1;1
ATALAY;3652;10.5.1971;3652;0
YOSMA;3980;5.11.1956;15;3965
SEYNAZ;102;4.4.1973;0;102
BESI;2630;30.1.1948;3;2627
ERTEGUL;8;15.10.1954;0;8
ULEV;7;11.12.1965;2;5
GALIDE;7;10.1.1970;0;7
SEHMUS;9018;30.7.1971;9018;0
BILGIN;6919;5.12.1971;4324;2595
BEDIRHAN;2361;1.9.1967;2332;29
GULSEL;966;28.9.1959;19;947
RUMI;339;23.3.1958;321;18
EYSEL;192;20.5.1967;1;191
SUNDUS;10903;8.10.1962;8;10895
ALTIN;2004;9.4.1967;20;1984
NEVRIYE;11465;3.7.1960;0;11465
HAYAT;5940;22.1.1969;233;5707
AYSER;10417;22.7.1963;3;10414
RINDI;697;26.6.1957;0;697
BURHANETTIN;7148;23.10.1964;7148;0
SACIDE;8277;12.12.1964;0;8277
MUKADES;408;23.7.1974;1;407
SUKUFE;495;27.6.1950;0;495
MIRAY;2940;10.9.1983;52;2888
MUCELLA;4455;25.2.1967;3;4452
SEVDE;1332;8.11.1983;0;1332
ORKUN;3074;11.4.1983;3071;3
BASAK;7425;10.5.1984;69;7356
TANJU;6643;26.11.1979;6443;200
ABO;91;16.6.1946;91;0
BASARAN;604;20.8.1974;597;7
KEZBAN;46001;9.6.1963;0;46001
BURKAY;298;10.9.1984;295;3
CEVAT;20022;7.3.1962;20020;2
BESTE;1276;19.1.1985;5;1271
OZUM;261;22.3.1986;33;228
PERUZE;1527;7.11.1952;0;1527
NAZMI;23121;27.9.1962;23114;7
VUSLAT;491;25.5.1972;35;456
GULSAN;3742;25.9.1962;10;3732
FETAHMET;66;2.2.1963;66;0
MAHBERE;23;5.1.1956;0;23
CISEM;1042;3.10.1987;0;1042
VAHDET;1729;21.1.1973;1691;38
GUNER;19567;5.3.1962;4811;14756
HELGA;42;9.4.1958;0;42
MUNISE;6561;1.11.1961;0;6561
TUGCE;13836;23.4.1989;5;13831
ALPARSLAN;5055;21.8.1976;5055;0
NURBAKI;89;5.12.1976;79;10
MUHAMET;746;24.8.1969;746;0
EMELGUL;2;18.8.1974;0;2
NURKAN;643;23.3.1974;269;374
CANPASA;473;30.3.1954;3;470
SEFIK;10741;9.9.1963;10726;15
SENNAZ;547;10.5.1969;1;546
ISPIR;108;9.3.1958;80;28
ZABIT;1625;19.2.1966;1624;1
MUHTEREM;10410;10.12.1965;4942;5468
BILIN;16;2.6.1964;2;14
SIDIK;937;12.11.1963;930;7
RUHIGUL;704;25.11.1958;0;704
ABDULTALIP;150;18.3.1973;150;0
ASYA;6713;5.5.1967;5;6708
NIHAYET;3199;7.6.1968;86;3113
NUSAHAT;1;19.3.1967;1;0
GENC;336;7.4.1968;335;1
SADRIE;5;28.6.1960;0;5
TURAL;428;28.1.1971;425;3
RASIME;4860;6.6.1962;0;4860
MUHSINE;6963;2.8.1964;0;6963
FAHREDDIN;1131;16.10.1960;1131;0
HURSAN;26;14.2.1972;15;11
YURDE;8;18.9.1969;0;8
BILGIHAN;735;25.4.1976;310;425
FERAHNAZ;694;22.2.1964;1;693
HAYATI;19045;3.5.1967;18916;129
IZZETIYE;67;21.12.1955;0;67
EBUBEKIR;7902;16.2.1974;7902;0
VEDIA;937;25.5.1953;1;936
ENGUL;240;17.2.1970;9;231
FAHRUNNISA;312;11.10.1952;0;312
MUSERREF;20196;30.5.1959;109;20087
YELDA;4660;13.4.1980;0;4660
GULNIGAR;244;11.10.1967;0;244
SOHRET;5906;26.3.1960;59;5847
CAVIT;13635;19.5.1962;13631;4
NEZIR;7025;23.10.1966;7018;7
SARIYE;11422;22.5.1965;0;11422
HAZIME;2228;1.5.1964;0;2228
TAMEY;48;3.6.1953;0;48
NURCIHAN;4700;15.5.1970;31;4669
ORAY;224;21.1.1978;215;9
GULLUNAZ;295;7.9.1960;0;295
GULGUN;4836;16.9.1968;5;4831
AYBEN;1061;19.7.1978;4;1057
KURSAD;1966;24.4.1980;1964;2
BURCAK;2033;6.5.1983;288;1745
NURCUHAN;40;5.5.1971;0;40
ONER;6023;7.3.1976;5976;47
SUHAN;164;18.6.1973;76;88
SONYA;282;11.2.1977;0;282
YAGIZ;598;14.6.1987;597;1
OZTURK;2743;12.7.1971;2737;6
IKLIM;139;29.5.1982;4;135
DEIRYA;1;24.2.1982;0;1
DAKI;5;5.11.1943;0;5
DINIYE;29;19.9.1953;0;29
TUNA;5381;1.2.1977;3641;1740
IRMAK;1521;13.10.1985;217;1304
AHMEDIDURAN;2;12.4.1980;2;0
PIREY;46;21.1.1943;0;46
HASHANIM;136;29.3.1957;0;136
NEBIHA;1709;22.7.1962;0;1709
INCISER;422;18.4.1960;0;422
ZUHTU;2880;10.11.1960;2880;0
MEFTUNE;815;1.2.1962;1;814
NADIYE;10018;28.10.1959;0;10018
ZISAN;1035;16.6.1965;60;975
GUNEY;2612;14.4.1975;1886;726
FERIDUN;8270;20.1.1968;8265;5
CEMALATTIN;8;8.6.1728;8;0
SIDI;8;5.11.1956;0;8
GULFIYE;2904;21.1.1964;0;2904
MERVAN;567;8.6.1983;532;35
MARYEM;15;7.11.1954;0;15
PERIZADE;2518;17.11.1963;0;2518
NEVRIDE;95;1.2.1953;0;95
ZAIRA;18;20.5.1972;0;18
CIVAN;1121;26.3.1969;511;610
BAYHAN;347;27.6.1966;220;127
NEVAL;3867;24.10.1970;12;3855
ERGIN;14173;17.6.1975;14053;120
NURDALE;2;4.12.1956;0;2
FUGEN;689;22.10.1960;1;688
UMUHAN;272;2.6.1959;0;272
SUVEYDA;297;4.4.1968;0;297
BEDRANA;22;17.9.1981;0;22
TALIYE;1943;19.2.1961;1;1942
MEVRA;346;1.11.1984;6;340
HAYAL;1883;25.4.1973;24;1859
GULSEMIN;1834;4.6.1980;0;1834
MELIH;10797;12.1.1977;10756;41
CAN;18343;1.12.1978;17855;488
SURA;531;3.5.1972;13;518
HATEMI;24;12.5.1957;21;3
DILFIRUZ;132;11.11.1963;0;132
SABETTIN;635;17.10.1966;635;0
SEMSEDDIN;1496;7.5.1963;1496;0
ELAETTIN;205;2.5.1951;205;0
NUFIDE;59;26.11.1965;0;59
MIHRA;4;11.4.1971;0;4
ERENGUL;726;14.3.1974;3;723
MEVSIM;243;27.5.1980;21;222
NURGAHAN;2;7.6.1965;0;2
DILFURUZ;367;22.8.1961;0;367
SEBEHAT;453;3.12.1963;0;453
HAVIZ;6;21.11.1963;1;5
GULNAME;994;17.9.1959;1;993
RAILE;440;19.3.1965;0;440
MURVET;14179;28.3.1961;83;14096
ZINNET;7688;1.9.1962;0;7688
ELANUR;835;21.8.1983;2;833
TACITTIN;416;6.7.1958;416;0
SAHZADE;1146;25.9.1958;180;966
ALADDIN;1022;20.9.1968;1022;0
COLAK;15;8.9.1951;15;0
VASFI;2442;15.6.1963;2439;3
NERGIS;3122;25.8.1975;3;3119
BENAN;1095;16.10.1973;286;809
NUREY;188;4.4.1955;0;188
ZAHIT;1828;13.1.1965;1824;4
BILINC;50;19.1.1981;25;25
HEZO;77;18.11.1953;0;77
SEVTAP;5443;18.10.1976;7;5436
LEYLANUR;27;13.12.1977;0;27
KESKI;154;19.7.1958;1;153
ELAADDIN;80;26.10.1954;80;0
NEVREN;5;12.7.1976;0;5
TULGUN;15;3.1.1963;0;15
SEVAY;216;28.5.1974;4;212
ABDULHAMIT;6108;9.12.1967;6108;0
BEDIRYE;466;15.9.1966;0;466
ULKAY;246;28.11.1973;52;194
CANBERK;446;19.12.1988;446;0
ERTUNC;863;7.2.1978;863;0
SITEM;338;4.8.1982;34;304
ERSEN;3904;27.6.1976;3691;213
BAHADDIN;2386;6.1.1964;2386;0
VEDIHA;593;21.6.1968;0;593
SIBGETULLAH;40;20.9.1977;40;0
CIHAD;1017;13.4.1984;1013;4
TUGBAY;139;19.7.1979;97;42
NURET;52;16.10.1962;20;32
SINA;250;30.7.1976;175;75
TECATI;1;5.9.1970;1;0
TULHA;4;5.10.1975;1;3
VECIHE;2478;1.5.1959;1;2477
NECAT;8505;29.1.1966;8335;170
MERDAN;1186;4.3.1970;1161;25
ESHAN;104;29.7.1966;45;59
ALKAN;2115;5.6.1978;2107;8
SAYIN;155;1.3.1966;138;17
ZULFIGAR;166;6.7.1963;151;15
BILGI;5318;5.8.1968;556;4762
VEHBIYE;1457;13.9.1967;0;1457
IBRAHIMETHEM;2;22.6.1975;2;0
PERMIN;341;30.6.1968;0;341
GULSANI;86;6.4.1964;3;83
SAHBANU;41;6.11.1973;1;40
SEHNUR;189;13.12.1971;10;179
LULUFE;2;1.8.1968;0;2
VEYIS;3157;29.4.1963;3152;5
ABDULSAMED;241;17.1.1986;241;0
HERDI;2;27.4.1944;0;2
SEVCAN;18726;27.4.1979;188;18538
OZDAL;571;16.2.1975;511;60
ABIDE;4702;14.3.1963;1;4701
MURADIYE;10635;10.9.1965;1;10634
FEYZA;6140;30.6.1981;10;6130
FUSUN;6782;4.1.1970;3;6779
GULSEVER;972;12.11.1968;0;972
SELVIHAN;1750;19.7.1979;2;1748
CAGLAYAN;2276;2.5.1979;1581;695
GURSUM;105;1.8.1962;0;105
SELA;138;24.11.1963;22;116
NECMEDDIN;2245;30.1.1964;2245;0
BURCIN;10221;6.11.1983;1687;8534
MUHZEHER;1;18.1.1966;0;1
GULNIHAL;1628;26.10.1973;0;1628
NERMINE;118;22.5.1960;0;118
HORIYE;1099;30.5.1958;0;1099
GUZIN;4819;7.4.1964;2;4817
SELEHATTIN;786;10.4.1964;786;0
SACIT;2031;8.5.1967;2028;3
GAFURE;1393;16.6.1962;0;1393
ATIYE;14845;18.4.1961;33;14812
NUKRUHAN;1;22.2.1961;1;0
YURDAN;418;7.9.1966;17;401
VASIF;829;20.12.1962;829;0
HAFI;348;14.5.1948;41;307
HEMENGUL;224;29.3.1968;0;224
FUNDAY;16;28.11.1976;0;16
ZERIFE;3209;7.5.1965;1;3208
KEBIRE;2800;27.2.1960;0;2800
GURTAN;76;3.1.1969;57;19
AKAY;672;27.9.1973;634;38
FETHULLAH;2585;25.9.1975;2585;0
SEYITHAN;5501;21.2.1973;5498;3
GARIP;4871;8.12.1969;3705;1166
ATIF;3000;21.9.1965;2997;3
ATIFE;1055;22.8.1961;2;1053
TANZILE;37;3.5.1968;0;37
NULIFER;1502;21.8.1977;0;1502
NILGUL;1822;12.1.1971;0;1822
SUREYYA;21944;4.1.1969;3819;18125
RAGUP;170;3.3.1964;170;0
GONCAGUL;1193;22.6.1980;0;1193
ZERIN;1477;7.4.1970;6;1471
ELIFLA;1;7.2.1987;0;1
SELEHA;60;22.9.1967;0;60
UGURCAN;828;22.8.1982;785;43
DEMIR;3666;12.6.1958;3658;8
MUSLIMAT;305;13.5.1956;0;305
FEYYAZ;3742;25.8.1977;3731;11
AYSUMEN;1;17.10.1985;0;1
MINUFE;5;21.8.1958;0;5
ULFET;4918;25.5.1959;928;3990
LILIFER;345;10.9.1966;0;345
SAHABATTIN;6;13.12.1969;6;0
ZEHRIBAN;35;1.11.1976;0;35
ISIK;4049;14.12.1969;1022;3027
SUSANBER;34;23.7.1953;0;34
DOLUNAY;334;7.8.1978;59;275
SEDIHA;48;13.11.1967;0;48
IFAKET;1739;14.6.1957;0;1739
KADIM;991;27.5.1964;977;14
NEJDET;9528;15.7.1968;9507;21
RAIFE;6377;12.7.1961;1;6376
HAVAGUL;638;10.7.1968;0;638
GURCAN;8607;24.9.1973;6458;2149
FIKRETTIN;509;26.12.1958;507;2
AHMETTURAN;20;27.10.1962;20;0
TUGRUL;6513;23.6.1977;6509;4
KUTBEDIN;92;8.3.1970;92;0
PERISAN;4747;14.5.1959;11;4736
OZENC;473;15.10.1978;268;205
BENSU;203;14.7.1983;0;203
RUHAN;2118;22.2.1969;532;1586
ZULFI;3024;12.6.1958;1420;1604
BELKIZ;3671;30.6.1972;0;3671
ISILAY;1056;17.11.1978;41;1015
MUCAIT;214;27.8.1969;213;1
SUZEN;841;9.8.1964;15;826
ERTURGUT;4;20.10.1964;4;0
BEHZET;112;23.5.1968;112;0
DURSUNE;4415;27.11.1958;0;4415
KAHRAMAN;8175;24.7.1969;8167;8
GULHEY;2;14.10.1948;0;2
ALHO;8;4.1.1948;8;0
SATIGUL;235;9.9.1976;0;235
INANC;1423;12.8.1982;1164;259
EDIZER;1;30.8.1990;1;0
RAIF;8283;6.7.1962;8282;1
MIHRINUR;87;14.11.1964;0;87
ILKIM;212;10.1.1982;21;191
SEBNEM;7455;1.3.1978;1;7454
HADIYE;6414;19.12.1957;0;6414
VECIHIYE;5;3.2.1957;0;5
NIL;2653;30.5.1977;12;2641
BILGEHAN;2611;1.3.1981;1429;1182
ZUBEYIR;4791;2.9.1969;4784;7
SUMEYYA;2627;3.11.1984;1;2626
CEYHAN;7374;20.2.1974;3914;3460
MAZHAR;2823;25.9.1965;2817;6
NURGUN;1312;21.9.1967;53;1259
FARIA;147;30.2.1969;0;147
SEMRAH;205;17.2.1969;2;203
ALETTIN;878;12.12.1961;878;0
KUMRU;3052;19.10.1961;9;3043
TAYYIBE;2684;22.11.1960;0;2684
KALIP;240;30.7.1960;240;0
EHRAL;1;22.8.1949;1;0
METEHAN;2015;25.4.1983;2015;0
EZEL;1165;22.4.1973;164;1001
RUKIYA;156;23.3.1966;0;156
SAHAR;893;18.12.1952;12;881
SATIYA;13;7.12.1950;0;13
FITNET;2673;15.12.1954;0;2673
TALHA;2108;18.5.1982;2091;17
RUCHAN;590;10.6.1970;326;264
ALATDIN;107;6.12.1960;107;0
SEKINE;2997;16.10.1960;0;2997
SAHIZAR;967;13.4.1952;0;967
OZEN;3725;20.12.1969;1036;2689
KORKUT;868;3.12.1973;866;2
SEHHAMIT;31;8.4.1965;31;0
YAGUP;299;29.3.1966;299;0
SEMAIL;120;1.5.1957;39;81
ALIOSMAN;1131;15.12.1960;1131;0
MUSUGA;5;23.10.1956;0;5
PERIY;1;5.8.1928;0;1
SELMIN;989;9.3.1970;3;986
BAHATDIN;217;21.2.1963;217;0
EMRIYE;10902;20.9.1961;2;10900
NECAHA;3;14.4.1962;0;3
MURTAZA;5042;21.9.1963;5039;3
GURBUZ;6666;24.11.1967;6416;250
BAHRINUR;10;25.11.1968;2;8
SUMEYRA;9429;21.2.1986;0;9429
ISRA;88;29.8.1981;1;87
ZAIRE;46;29.7.1964;0;46
SUAVI;306;2.7.1961;304;2
TUBANUR;158;15.5.1985;0;158
GULDALI;1306;17.1.1961;13;1293
NURSEDA;90;9.11.1985;0;90
FERHUNDA;15;4.4.1968;0;15
NADRIYE;355;22.9.1964;0;355
SELVA;2560;17.8.1972;1;2559
ARKIN;559;26.5.1980;556;3
MIYASENUR;2;7.6.1970;0;2
BEDRAN;739;23.10.1970;725;14
REZAN;1977;6.1.1965;186;1791
MEVHIBE;1100;11.9.1965;0;1100
HURIYET;1459;24.12.1967;110;1349
ZEVKAN;1;12.6.1965;0;1
TENGUL;16;27.1.1962;0;16
OCAL;970;28.6.1969;959;11
SEMSE;5286;2.4.1964;0;5286
CAMAL;661;28.9.1956;655;6
SELCEN;919;6.7.1982;0;919
ALTUN;11000;10.3.1964;233;10767
TELNAZ;4;1.9.1966;0;4
BILNAZ;371;3.6.1975;0;371
DOGA;551;1.2.1985;351;200
SAIDE;7750;16.2.1962;1;7749
SEFIL;48;1.5.1962;36;12
SEMIYE;4276;27.2.1964;0;4276
TOLGAHAN;1717;27.12.1986;1717;0
ABUZERCAN;1;9.4.1957;1;0
GULHAYAT;1234;9.6.1970;1;1233
GULSEHER;2164;6.7.1965;0;2164
FARIZE;122;4.12.1963;0;122
BERIN;1411;12.3.1969;3;1408
IZZEDDIN;809;14.7.1969;809;0
MURSIDE;5926;19.7.1964;1;5925
NURAYDIN;156;21.4.1968;87;69
HAFIYE;666;1.10.1958;0;666
CENGIZHAN;2320;26.9.1979;2319;1
MAHBUP;2089;7.11.1957;50;2039
SERIYA;29;23.5.1971;0;29
EFEY;26;14.8.1942;0;26
FEHIMAN;181;4.7.1961;2;179
KANIME;764;10.6.1958;0;764
ZOZAN;3398;3.4.1971;7;3391
MURSIT;963;22.7.1967;850;113
GULUN;255;10.3.1971;15;240
SIRRI;2836;6.3.1962;2831;5
MAKSUDE;2614;25.6.1960;0;2614
FERIHAN;4129;1.6.1960;5;4124
GAZANFER;903;18.1.1967;885;18
TOYGAR;165;8.5.1979;164;1
NEZAHET;1163;6.9.1955;0;1163
MEVLANA;579;9.12.1978;491;88
MAHIBE;83;8.1.1963;0;83
CINAR;2610;6.5.1978;1100;1510
ENSAR;2883;22.7.1975;2869;14
HANDE;8997;10.11.1983;0;8997
KAAN;7156;23.11.1982;7155;1
GUNSEL;1780;8.6.1957;32;1748
ALICEM;31;9.8.1984;31;0
MUSRA;68;26.4.1983;0;68
YETKIN;1777;23.10.1977;1641;136
PEHRIL;16;23.6.1965;16;0
VEHIDE;82;7.8.1955;0;82
FATI;3027;8.8.1956;68;2959
SAYIFE;20;29.9.1965;0;20
SUPHAN;1707;9.12.1971;547;1160
HAKIME;7920;21.6.1965;0;7920
BENNUR;250;13.10.1975;11;239
AYZE;14;4.2.1969;0;14
KUTLAY;929;7.7.1974;794;135
SERFIDE;1;27.4.1945;0;1
ABDULSSELAM;4;2.2.1971;4;0
GULYA;252;29.2.1972;0;252
HARIFE;20;12.2.1965;0;20
KINNEY;34;15.6.1945;0;34
NAFIA;4154;21.11.1954;2;4152
BERFI;506;17.7.1957;0;506
MICCO;8;27.12.1939;8;0
ESIHAN;2;11.12.1929;0;2
FERO;45;10.5.1949;17;28
BEDEV;96;18.1.1971;0;96
GOLLUZAR;5;1.4.1959;0;5
GOKSAL;2028;5.3.1974;1899;129
SARI;1076;5.10.1951;151;925
MUHYETTIN;3078;6.10.1967;3078;0
HAFIRE;24;20.7.1967;0;24
KEVI;854;21.1.1956;0;854
BESRIYE;226;11.12.1969;0;226
RUMAN;11;2.9.1966;7;4
NARI;268;17.9.1954;5;263
EYYUB;324;13.9.1973;324;0
GULUSUM;423;23.4.1966;0;423
YUHABET;4;4.10.1972;0;4
BAGDAGUL;2110;5.3.1967;0;2110
APTULLAH;1252;2.11.1961;1252;0
FEYMAN;76;8.6.1971;5;71
NADILE;898;28.2.1970;0;898
EZIME;249;19.4.1959;0;249
SUBHAN;578;2.6.1969;88;490
NURSELIN;223;19.1.1977;6;217
ATIBE;27;18.9.1964;1;26
HEZAR;305;1.7.1963;0;305
SADIMAN;1767;27.4.1965;30;1737
SADUN;1171;5.1.1969;1170;1
BILGIYE;455;9.11.1969;0;455
DAVUD;249;10.5.1971;249;0
SARIHAN;13;25.5.1966;6;7
LETIFE;792;22.1.1961;1;791
RESAN;222;4.5.1975;5;217
BEYZO;23;25.1.1950;16;7
ZEYNUR;525;12.11.1976;58;467
MINEVER;594;8.2.1968;2;592
SAFAT;54;23.4.1965;19;35
SABATTIN;80;26.12.1963;79;1
RUHANE;335;6.7.1965;0;335
GULENDE;233;9.4.1965;0;233
ZEBEY;140;22.11.1943;0;140
RESMIYE;10963;6.1.1958;1;10962
MEMUR;8;8.4.1952;7;1
ITER;8;12.11.1947;0;8
AYATULLAH;172;23.10.1982;171;1
GULSEYRAN;29;22.1.1961;0;29
ALIATTIN;78;17.4.1963;78;0
AYFEL;396;21.8.1965;1;395
VEIS;185;26.9.1963;185;0
MUKAIL;635;17.4.1976;633;2
SONMEZ;2216;20.1.1972;1546;670
PASO;92;28.12.1949;86;6
SONHAYAT;25;5.12.1971;0;25
MELEHA;155;12.10.1962;0;155
MILHAN;117;2.12.1963;6;111
PEMPE;2882;14.12.1961;1;2881
EDIP;8683;11.6.1970;8679;4
TUGAY;3092;7.8.1981;3071;21
MIKDAT;3475;13.10.1958;3475;0
ABDUL;3899;17.5.1967;3892;7
UBEYT;399;3.4.1969;399;0
ABDULREZZAK;335;4.9.1975;335;0
MARIFET;1081;17.2.1972;7;1074
UBEYID;15;19.11.1973;15;0
BURHANEDDIN;392;16.3.1965;392;0
ALATTIN;2893;13.6.1967;2892;1
GULZEYNEP;15;17.9.1974;0;15
MEBRURE;1330;6.1.1953;0;1330
MUHITDIN;199;15.3.1960;199;0
ESEFATMA;143;30.4.1955;0;143
SITTI;2626;15.7.1957;1;2625
FERAMUS;244;30.7.1964;242;2
MUSEREF;256;25.1.1969;3;253
EZET;60;27.10.1961;1;59
NAIDE;2632;8.5.1963;1;2631
MUFTIYE;10;10.4.1967;0;10
PASA;4181;28.4.1961;4014;167
MUNZUR;342;6.12.1952;342;0
ELEY;178;15.3.1942;1;177
MINURE;97;13.7.1965;0;97
CUMAALI;1399;21.1.1969;1399;0
ALAADIN;77;24.11.1969;77;0
KAZIME;740;3.12.1954;0;740
YASEMINE;5;22.7.1975;0;5
FAYSAL;4976;14.7.1975;4970;6
AZAT;595;30.3.1982;555;40
CABBAR;1834;8.7.1966;1834;0
ESNA;277;5.7.1971;0;277
NISEY;11;13.5.1944;0;11
GIYASETTIN;3251;2.6.1969;3251;0
KATIBE;4316;12.6.1963;0;4316
GULLUK;8;25.11.1954;0;8
ALICAN;5974;3.10.1977;5972;2
SEFER;20616;21.9.1963;20475;141
SURUCE;8;17.2.1975;0;8
SAYESTE;1886;10.10.1957;0;1886
MUTALIB;5;27.5.1983;5;0
MAHSUNI;649;28.5.1977;648;1
NAZLIHAN;805;21.4.1972;0;805
DUNYA;1244;10.4.1974;74;1170
DILSA;823;26.8.1963;0;823
SABAHADDIN;871;2.5.1961;871;0
CIDEM;2429;12.1.1978;3;2426
KUTBETTIN;3887;6.9.1969;3887;0
NUNUFE;55;13.9.1953;0;55
TAYFUR;4027;21.11.1974;4022;5
MAHIPIRUZ;5;29.2.1953;0;5
LIMUN;19;13.3.1960;0;19
ABDULMUTTALIP;2243;26.3.1973;2243;0
HICRET;1452;13.3.1978;325;1127
OZEYIR;150;19.4.1961;147;3
SEDRIYE;675;14.12.1962;1;674
KAFURE;52;10.12.1958;0;52
HAYTUN;2;11.12.1968;0;2
SAMED;1102;23.2.1988;1102;0
BINGUL;2002;14.9.1965;9;1993
HAMPUL;27;26.12.1958;0;27
GOHAN;2;16.8.1987;2;0
DILFORUZ;16;17.11.1967;0;16
KANI;3256;29.11.1962;3249;7
HABIL;2880;1.8.1966;2874;6
SIRACETTIN;1376;10.3.1972;1376;0
NASIDE;2572;26.4.1964;0;2572
RISKAT;69;4.1.1974;2;67
AYSETE;1312;10.7.1971;0;1312
HACIRE;6898;25.11.1971;0;6898
VEZIR;1666;16.1.1965;1637;29
HANSE;1298;14.7.1964;1;1297
IMI;83;24.3.1940;0;83
M.SAIT;230;22.8.1952;230;0
KINEY;19;21.3.1956;0;19
NASIBE;3809;22.10.1964;0;3809
ZUBEYR;269;2.6.1972;269;0
MERYEME;330;20.6.1971;0;330
NIHAN;6242;14.2.1982;56;6186
KESIM;229;28.3.1963;196;33
SABAHATTIN;17655;4.1.1965;17635;20
YURDAER;520;28.9.1965;518;2
BATTALI;1;15.4.1969;1;0
NEZIFE;1407;15.1.1961;0;1407
NECMETDIN;121;16.2.1962;121;0
NARIN;7999;12.11.1966;41;7958
DINCER;5691;28.1.1974;5679;12
ABDI;5892;26.12.1960;5891;1
VEFA;1680;9.8.1975;1449;231
VEJDET;19;1.4.1961;15;4
ILYA;95;13.10.1960;42;53
TAMO;8;29.11.1953;1;7
DIDARE;567;25.9.1958;0;567
HASBI;2484;21.5.1961;2481;3
FADO;31;25.3.1947;0;31
SAKIR;27266;3.2.1963;27257;9
FETULLAH;1910;24.3.1974;1910;0
SUKREDDIN;18;13.8.1954;18;0
BATTALGAZI;78;24.6.1972;78;0
ZULMAT;50;19.1.1966;50;0
SAHADET;217;2.12.1963;29;188
HAVES;93;5.7.1968;3;90
BENGI;807;12.7.1976;66;741
UMIYE;72;6.4.1963;0;72
BOZE;52;21.9.1965;0;52
HUMEYRE;79;30.4.1957;0;79
ZIYAETTIN;1296;2.7.1958;1296;0
FEZIYE;56;12.10.1967;0;56
SUAIP;87;2.3.1971;87;0
ULKIYE;1720;3.2.1968;0;1720
ASLISAH;17;29.1.1976;1;16
VALIDE;550;10.6.1974;0;550
LEYLMUN;1;7.5.1964;0;1
CEZAYIR;958;16.5.1965;785;173
SERBAY;581;8.5.1985;574;7
HAKSUN;18;29.10.1970;16;2
ZILFINAZ;424;9.8.1956;0;424
MEHDIN;419;4.9.1972;419;0
DURUYA;31;3.1.1963;1;30
ASILE;262;23.11.1969;0;262
SEYDULLAH;214;9.7.1968;214;0
INCAZ;30;25.3.1964;1;29
ADIBE;47;29.1.1961;1;46
UMU;35;13.1.1969;1;34
CEBAR;52;16.7.1970;47;5
CENK;8721;20.9.1980;8721;0
SABILE;217;14.4.1961;0;217
ERKAL;711;17.5.1967;711;0
SEHRIYE;6259;10.4.1956;0;6259
KARAKAS;425;22.10.1964;9;416
BISAR;1668;8.11.1966;1662;6
HEPGUL;72;21.2.1963;0;72
SARE;8345;16.3.1964;2;8343
FUDEL;4;26.7.1958;3;1
SEMRAHAN;14;2.3.1976;0;14
NESIFE;555;9.11.1966;0;555
ZERIHA;13;5.8.1961;0;13
MAHI;2837;4.4.1958;13;2824
HAKIDE;97;2.2.1960;0;97
MIYASER;1113;8.5.1970;1;1112
ABDILCEBBAR;2;10.1.1984;2;0
ZINNETE;115;20.6.1955;0;115
EFENDI;2349;12.7.1963;2349;0
GULSERAN;28;23.10.1970;0;28
GULKESIM;1;2.7.1980;0;1
NAMUK;224;13.2.1962;224;0
GULSEFA;993;1.5.1963;0;993
HOMRI;1;2.2.1957;0;1
DILSAH;4540;1.11.1964;3;4537
AGGUL;710;7.11.1962;9;701
ABDULCEMAL;26;5.10.1967;26;0
MUHUBBET;869;17.8.1959;0;869
AGIT;1490;8.6.1974;1489;1
MEHRISAH;5;7.2.1957;0;5
YAZGUL;4244;21.2.1975;0;4244
MARUF;1934;29.10.1970;1930;4
BESRAYI;607;29.2.1965;0;607
HARBIYE;1727;3.10.1965;7;1720
MURIVVET;34;9.5.1959;0;34
HAZARI;250;13.5.1954;1;249
KORKMAZ;1651;13.12.1970;1651;0
MECBURE;6802;10.12.1963;0;6802
YUNUSEMRE;142;1.9.1987;142;0
FERZIMELEK;604;13.9.1958;0;604
HAYATIN;85;4.9.1962;83;2
NIZAM;2634;29.9.1969;2623;11
MUTEVER;10;2.9.1975;1;9
FIROZ;37;26.12.1960;8;29
ABDUSSELAM;2000;7.5.1968;2000;0
KIRAT;2;1.10.1982;2;0
AYSEMA;421;24.6.1973;0;421
EDINE;15;25.6.1961;6;9
GULERDEN;7;5.1.1964;1;6
ABDULSELAM;3717;11.11.1975;3717;0
EMIROMER;2;22.9.1951;2;0
SOSEY;80;6.11.1954;0;80
KELIME;712;21.12.1967;0;712
KUMRIYE;645;30.9.1962;0;645
GULI;6544;26.4.1955;141;6403
MABUP;5;28.3.1952;0;5
ADIGUZEL;1416;24.8.1961;1328;88
SICAN;32;24.8.1967;0;32
RUSTU;6090;17.2.1960;6089;1
NISIHAN;1;12.4.1929;0;1
HAKIM;3280;29.1.1973;3272;8
GUNDUZ;3130;8.9.1967;2456;674
NASIR;2475;24.8.1969;2473;2
MEDENI;5707;3.10.1973;5696;11
SEVCIHAN;933;7.6.1969;0;933
TEOMAN;2734;27.2.1969;2729;5
FERFURI;206;5.10.1951;0;206
DESTI;10;23.6.1956;5;5
BESIR;8036;6.12.1964;8032;4
SAHMETTIN;540;6.2.1961;540;0
SERULA;1;1.9.1974;0;1
ABDURRAZAK;850;25.2.1965;850;0
GUNAYI;16;18.12.1972;0;16
MUHRIBA;10;23.1.1964;0;10
ABDULMENAF;2184;9.7.1973;2184;0
DEDO;166;12.1.1946;165;1
LETIF;337;11.2.1964;334;3
ZENEY;1;9.4.1919;0;1
SONE;16;7.11.1978;0;16
ZAHIRE;2444;25.12.1958;0;2444
NAFIZ;5452;9.3.1963;5435;17
KOCA;199;26.11.1958;199;0
SEMIHAT;391;7.10.1961;0;391
MUHUDDIN;84;5.5.1962;84;0
HAVLE;426;22.8.1959;0;426
HATMASULTAN;1;28.4.1950;0;1
ABUDET;3;15.12.1963;0;3
SERACEDDIN;130;11.9.1963;130;0
RABIYA;935;6.11.1973;0;935
ERSEGUL;6;19.12.1983;1;5
PERYA;13;27.2.1974;0;13
HORI;1523;26.11.1953;0;1523
CAFFERI;1;14.4.1985;1;0
TEZER;390;2.7.1962;217;173
SERDA;974;1.10.1976;72;902
HANI;1232;11.3.1946;44;1188
URKIYE;2456;7.6.1958;0;2456
VAIME;2;20.5.1964;0;2
TACATTIN;32;6.1.1962;32;0
EBEDIN;465;8.2.1970;465;0
TUBAY;468;6.8.1985;26;442
SAYIKA;41;19.3.1960;0;41
GULKAN;277;14.7.1975;78;199
CERAN;80;4.4.1963;7;73
HULAY;22;19.6.1973;1;21
IMIS;932;7.2.1958;0;932
SADDIK;108;3.10.1971;108;0
DILBAR;304;8.8.1960;1;303
RIFKIYE;280;22.3.1953;0;280
KOSE;66;7.12.1955;65;1
PASIK;3;10.1.1949;1;2
HERDEM;4282;23.12.1970;28;4254
SAMO;42;28.1.1956;26;16
ERDEN;1568;11.6.1966;1450;118
BILALI;85;7.2.1975;85;0
RUHIDE;138;27.4.1960;0;138
GULKIZ;3151;29.10.1959;0;3151
RAHILE;1822;12.3.1964;0;1822
SARA;6679;23.12.1968;6;6673
SIDIYE;29;11.3.1963;0;29
SATIR;27;8.4.1955;26;1
MUSAVET;78;16.8.1968;5;73
GULSEMA;491;23.10.1973;0;491
BURCAY;154;24.11.1980;111;43
IMIT;16;22.12.1972;14;2
MEHDIYE;1762;30.3.1966;1;1761
YEMLIHA;1123;9.9.1967;1013;110
ISMUHAN;267;22.10.1954;1;266
AYETULLAH;809;17.10.1983;809;0
GULBETTIN;7;8.12.1989;7;0
CELIL;10197;11.7.1966;10192;5
CAGLA;4776;6.2.1986;46;4730
SAHIBE;2579;18.6.1964;0;2579
MUSEYIP;149;12.5.1958;149;0
GULCICEK;1254;28.12.1965;0;1254
MIHRAC;561;5.8.1980;367;194
GIRAY;925;30.11.1978;892;33
FET;11;6.7.1958;11;0
SAHRIBAN;288;26.5.1967;0;288
GULFAH;1;11.5.1978;0;1
NERIMA;26;5.1.1969;0;26
MEYESE;108;20.1.1966;0;108
ROJDA;853;11.3.1986;23;830
ZUMRETE;2068;26.2.1965;32;2036
ERASLAN;188;8.8.1972;188;0
FECIRE;670;15.2.1954;0;670
AKTURK;10;9.4.1979;10;0
FULDEN;500;15.11.1984;0;500
INCIGUL;216;6.11.1973;0;216
BESIM;3311;24.8.1963;3293;18
SAZI;285;12.4.1958;236;49
ERE;1;21.9.1985;0;1
KUTLU;761;24.8.1971;589;172
ISMICAN;81;9.10.1969;2;79
DEVRAN;1865;7.5.1982;1120;745
NIDAL;120;18.6.1981;75;45
MALIK;3047;13.1.1970;3039;8
NURHAK;377;13.7.1983;218;159
TETEY;2;21.11.1946;0;2
BENGEY;16;16.4.1950;0;16
MIKTAT;2265;25.2.1962;2265;0
BERK;2451;12.11.1985;2449;2
ONGUL;180;26.12.1968;0;180
SEBATI;525;23.4.1962;509;16
INTIZAR;216;2.6.1964;1;215
ALLETIN;1;26.10.1966;1;0
SEZA;892;20.4.1964;86;806
MAHINUR;3306;22.11.1959;0;3306
CAGRI;6573;8.6.1986;5938;635
SAH;1010;7.3.1963;949;61
ENISE;4488;18.12.1970;0;4488
CAGATAY;4131;19.12.1982;4127;4
BENGUL;1408;26.8.1978;0;1408
RUSAN;1176;10.6.1964;934;242
ZULCENAN;2;20.10.1965;1;1
KERIMAN;5001;13.12.1959;3;4998
OZBAY;357;23.1.1976;356;1
TAYLANT;41;23.11.1980;41;0
RUYA;1963;13.2.1982;8;1955
FAYIK;2415;18.8.1965;2415;0
HACCE;464;30.7.1955;0;464
UMMUCAN;16;8.11.1969;0;16
AYKAN;1260;1.6.1978;1205;55
NUKET;2656;11.6.1970;16;2640
MAKSUDIYE;90;22.6.1958;0;90
DILFIROZ;170;20.9.1965;0;170
SABAP;53;22.10.1956;26;27
SATO;62;19.2.1945;55;7
SEMIRAL;105;30.9.1961;12;93
GOLSUM;14;21.9.1966;0;14
YADU;1;21.2.1959;1;0
NURALI;357;28.11.1967;354;3
SAHIDE;6676;18.7.1964;0;6676
FERZI;441;18.4.1961;168;273
NURSAC;127;25.11.1984;2;125
ERKUT;2954;3.12.1978;2954;0
FERUZE;1389;19.6.1956;0;1389
GOLCAN;10;20.12.1980;0;10
AGUCAN;2;26.12.1952;2;0
SATIYE;7960;30.3.1961;0;7960
MELAY;24;24.4.1977;0;24
DIDAR;1828;18.5.1964;9;1819
ABDULVAHIP;49;5.4.1964;49;0
DOGE;5;15.6.1959;0;5
ZUMRUT;5079;14.11.1969;137;4942
ZINI;2626;13.11.1954;6;2620
ASURE;393;13.1.1964;0;393
KUMI;48;3.9.1932;0;48
ISAF;134;8.9.1965;0;134
ACAR;391;28.4.1963;289;102
SADIM;28;27.11.1960;27;1
ATA;2948;16.9.1968;2938;10
SILO;130;29.4.1939;130;0
AKBABA;35;27.7.1963;35;0
GOKALP;960;17.2.1978;959;1
MERDAL;74;14.5.1972;61;13
BEDOS;3;11.2.1961;0;3
ABDO;1127;22.4.1956;1127;0
AYVAZ;1644;27.5.1968;1634;10
EVLIYA;450;23.8.1972;392;58
DILA;702;20.4.1987;1;701
NAZLIGUL;332;15.6.1974;0;332
FATMAHAN;68;20.11.1953;0;68
MELIS;3574;8.11.1984;5;3569
RAYFA;16;8.12.1958;0;16
EYHAN;158;25.6.1968;27;131
GEVREY;74;1.3.1945;0;74
ASEY;124;1.1.1939;0;124
FEYHAN;369;13.10.1964;9;360
NURLANA;11;20.4.1973;0;11
NIKKEY;1;6.4.1944;0;1
NAYLE;395;28.6.1964;0;395
ZERIBAN;63;19.11.1977;0;63
ZERIHBAN;1;18.6.1985;0;1
DELLAL;14;16.10.1956;2;12
GAFARI;178;28.1.1973;176;2
BAYKAN;435;6.3.1974;404;31
IDIL;1342;22.4.1981;7;1335
GORKEM;4407;21.9.1986;3238;1169
NESIL;384;30.7.1978;80;304
ACELYA;632;25.10.1986;0;632
TURAP;197;17.1.1966;195;2
MEHMETNURI;149;29.4.1972;149;0
SEZI;67;8.5.1977;5;62
SEYRANI;480;28.6.1969;348;132
ILKIN;1018;12.5.1973;366;652
GURUN;12;24.7.1969;6;6
NESLI;2008;21.8.1967;23;1985
EMOS;481;25.3.1949;1;480
ERKAY;117;9.11.1980;117;0
GOKSEN;1640;1.10.1974;233;1407
CESMINAZ;1876;6.10.1958;0;1876
KUREYS;198;27.11.1967;197;1
MINNET;485;9.1.1960;64;421
GALENDER;33;27.4.1960;33;0
SEREFE;27;11.3.1967;0;27
EVREM;29;15.4.1980;8;21
GULGEZ;912;1.3.1959;0;912
DINDAR;995;11.12.1971;783;212
AYCIN;1005;11.9.1981;28;977
MEYRIYE;10;4.10.1963;0;10
PURHANIYE;1;23.12.1961;0;1
GULLUSAN;483;7.12.1968;0;483
HANAN;74;27.1.1968;34;40
SERIFHANIM;39;8.11.1968;0;39
HANNAN;370;14.9.1964;354;16
MUJDAT;5319;12.2.1978;5300;19
SUMRU;663;10.3.1966;1;662
BURC;464;29.12.1981;448;16
ZULALE;280;17.10.1953;0;280
BEGUM;4335;27.11.1985;1;4334
ILKSEN;836;12.2.1976;45;791
GAFUR;1049;25.7.1965;1049;0
SERENAY;180;25.5.1985;1;179
ALISAHIN;16;13.3.1972;16;0
YOSUN;54;17.9.1979;3;51
BAYBARS;129;30.9.1976;129;0
DILER;1363;16.5.1975;107;1256
CAVIDAN;2049;29.2.1964;5;2044
ANAKIZ;2945;30.2.1958;0;2945
CUMHUR;9659;27.7.1972;9539;120
DONUS;4750;1.3.1965;8;4742
H.IBRAHIM;313;10.1.1950;313;0
PEMPEGUL;53;18.9.1976;0;53
BORA;6045;29.6.1979;6034;11
KAMER;7870;30.5.1962;1502;6368
ABDULMURAT;35;12.4.1969;35;0
GULIZ;2271;29.4.1979;1;2270
GURHAN;4596;6.8.1976;4412;184
MESTAN;2433;17.7.1959;2400;33
ULKE;215;25.4.1961;15;200
ALP;3560;22.6.1977;3558;2
FADEN;2173;12.10.1960;0;2173
GULBIN;2373;4.6.1974;0;2373
HURYEN;1;11.2.1980;1;0
MUMIN;15232;14.11.1962;15082;150
GULSELIN;85;3.3.1970;0;85
ABDULMENEF;40;27.12.1968;40;0
BELDE;73;11.1.1985;0;73
SEYDO;1238;10.9.1956;1236;2
SEDEN;769;19.2.1982;10;759
TURUL;86;12.8.1967;78;8
DURALI;4583;25.8.1961;4583;0
TENNUR;897;6.8.1968;13;884
VASFIYE;9885;26.2.1957;0;9885
NESIP;1309;20.1.1966;1284;25
KONCA;1167;2.7.1970;0;1167
ZEKAI;6021;21.1.1967;6017;4
NEZIH;1940;28.6.1968;1911;29
UMMU;37996;17.4.1961;8;37988
GURSU;224;21.12.1975;142;82
ULFER;465;23.5.1967;5;460
SANEM;1194;7.2.1981;0;1194
HAVISE;777;28.9.1964;0;777
HAKNIYAZ;1;2.12.1980;1;0
DOGANAY;396;19.12.1978;297;99
FERIYHA;1;16.8.1951;0;1
GUCLU;452;18.12.1978;443;9
GENCAY;1916;28.12.1978;1848;68
MEHMED;1348;10.12.1966;1348;0
ZEYYAT;202;2.6.1967;202;0
BIRHAN;806;12.3.1975;523;283
MESKURE;1518;17.4.1955;0;1518
HESNA;4947;23.1.1959;1;4946
GENCO;510;6.4.1966;507;3
SITTIYE;521;27.9.1964;0;521
CENKHAN;34;14.12.1982;34;0
AYDINER;130;12.11.1971;122;8
MESERET;80;13.12.1960;1;79
RENGIN;1280;27.11.1971;32;1248
ERSUN;1205;4.10.1974;1129;76
TURKER;4441;30.11.1974;4370;71
EVDA;4;27.12.1972;0;4
AYBIKE;683;26.1.1985;0;683
KADREDDIN;8;22.6.1959;8;0
SEVEN;665;30.6.1977;169;496
BARBAROS;3170;17.4.1975;3169;1
MAHIZER;916;19.11.1961;1;915
TIMUR;5111;13.7.1974;5109;2
AHENK;77;24.2.1981;2;75
ULGE;31;24.10.1975;1;30
VECIDE;1105;3.8.1965;0;1105
VETHAN;208;16.1.1964;0;208
CANDEGER;208;14.6.1967;26;182
EFRUZEL;1;21.9.1972;0;1
KORHAN;2101;2.7.1979;2099;2
YASEMEN;2163;1.6.1972;1;2162
MURSEL;13114;2.12.1967;12344;770
HASENE;1739;2.7.1955;0;1739
FEHIM;4034;4.10.1963;4030;4
FISUN;2422;20.12.1970;0;2422
AYBALA;194;26.7.1983;2;192
HALDUN;2508;10.10.1972;2508;0
SEYIDEGUL;33;16.3.1956;0;33
ERGUVAN;11;9.9.1966;1;10
ADLAN;310;13.7.1973;302;8
ERSEL;1707;22.5.1977;1609;98
BUYUKMEMIS;1;30.5.1950;1;0
MUSLIME;2330;5.7.1963;0;2330
AJLAN;194;18.2.1970;163;31
TURUSHAN;16;21.4.1979;15;1
ALIHADDIN;2;9.1.1976;2;0
BIRSU;112;21.3.1981;4;108
BENNAR;14;9.12.1979;0;14
AYSEDUDU;1386;8.12.1960;0;1386
EMEN;45;6.7.1963;2;43
NURBEYEN;1;7.3.1974;0;1
ERSAN;9926;8.1.1976;9825;101
REZZAN;2070;10.5.1971;71;1999
BEYSU;3;12.10.1986;0;3
SEYRAN;8760;1.6.1965;199;8561
FERRUH;3118;9.8.1966;2964;154
EMIRUNNAS;1;26.4.1977;1;0
KURBET;158;21.7.1976;22;136
ZENNA;3;7.3.1970;0;3
NAGEHAN;3499;25.12.1981;5;3494
UNSEL;145;27.10.1957;25;120
IMIGULSUM;16;6.5.1965;0;16
NURSEZA;23;2.10.1978;0;23
OZKAY;99;12.10.1973;96;3
HASARIYE;13;29.5.1973;0;13
NEVIL;630;21.3.1969;4;626
ERSOZ;107;19.11.1968;107;0
GULFIGAR;25;3.9.1966;0;25
ILTER;1480;29.3.1973;1124;356
NASRETTIN;1004;23.6.1967;1004;0
RAFET;17956;13.5.1962;17377;579
GOKER;669;29.2.1980;661;8
ELHAN;164;30.2.1966;72;92
SERKAL;17;10.6.1978;17;0
MELIKSAH;589;25.12.1976;553;36
SEYYIDE;879;29.3.1955;1;878
ASENA;766;13.9.1984;4;762
SEFERIYE;669;26.10.1958;2;667
YAMAN;794;22.10.1968;770;24
ECE;7374;10.2.1984;10;7364
GULYASAR;471;23.11.1965;4;467
FEDAYI;1077;7.4.1970;1058;19
KAGAN;1466;6.8.1982;1466;0
BERCIS;98;3.12.1962;0;98
GUNDAY;198;3.7.1977;174;24
CILER;1656;9.6.1976;4;1652
MUTARE;12;16.6.1969;0;12
GOKSIN;314;2.11.1978;137;177
TEMEL;12560;13.8.1961;12520;40
ZULGARNIN;3;14.11.1961;3;0
TEZCAN;4570;14.10.1974;2775;1795
RASIK;163;16.9.1967;163;0
ATIL;515;30.5.1974;511;4
MEVLIDE;1300;7.1.1968;0;1300
ISAK;1783;8.10.1966;1782;1
MUHABBET;2077;29.5.1967;71;2006
FATMAGUL;3691;19.5.1967;1;3690
NASRI;192;8.1.1964;185;7
NIKAR;400;16.11.1958;0;400
ETHEM;12073;29.7.1965;12069;4
BENSON;17;18.12.1967;5;12
BIRTAN;621;12.11.1976;461;160
AMIL;442;10.5.1963;441;1
ALICUMALI;1;3.10.1966;1;0
SACIYE;108;15.11.1964;0;108
SAHER;267;15.10.1949;1;266
SENAI;710;21.1.1964;703;7
CIHANGUL;317;27.3.1968;6;311
MUDRIYE;9;4.5.1956;0;9
SEYRET;8;1.4.1957;3;5
GULKIBAR;183;10.2.1965;0;183
MUMUN;2684;10.9.1961;2681;3
HAFIFE;848;15.1.1963;0;848
MELIKA;577;14.10.1970;1;576
AYBER;207;5.3.1972;51;156
FEHIYE;34;21.8.1962;0;34
FERAHA;42;13.9.1963;0;42
HICABI;2026;2.1.1964;2023;3
FIDIS;60;24.4.1948;0;60
ZEYNEPHAN;8;30.1.1978;0;8
SAHINKUTSAL;1;24.5.1943;1;0
HUMEYRA;6166;30.1.1980;1;6165
SEMASI;5;25.7.1948;4;1
CANHASAN;2;11.12.1978;2;0
SEREN;1662;19.1.1984;120;1542
MEHMETAZMI;2;1.7.1967;2;0
RUHBAKI;1;30.10.1963;1;0
MAHZUNI;65;9.3.1975;65;0
MUMINE;8831;1.8.1961;0;8831
KESSAF;13;27.7.1960;13;0
KAYHAN;4367;3.6.1976;4341;26
HEZAL;155;5.8.1959;0;155
BIRKAN;2893;15.1.1981;2651;242
OKYAR;97;5.4.1964;96;1
EDIZ;1293;15.3.1978;1264;29
ATNI;4;4.11.1961;0;4
FIRDOS;546;14.8.1965;0;546
ZUGAL;2;4.10.1952;0;2
AKGUN;811;1.1.1968;610;201
KIYMAT;160;14.10.1964;1;159
DURSEN;856;4.8.1965;15;841
MEZIYET;1608;8.1.1960;47;1561
NAFI;1983;25.1.1964;1960;23
AKEY;1;7.2.1952;0;1
SEKIBE;950;11.4.1956;0;950
ILHADE;5;6.3.1963;0;5
MUSFIKA;361;27.2.1951;0;361
CAZIM;401;20.1.1960;401;0
NURSON;2;26.4.1965;1;1
MEMDUH;6405;29.7.1963;6391;14
NURTAC;1341;9.2.1977;196;1145
FENDAM;1;22.7.1988;1;0
MAYTEN;4;19.1.1960;0;4
SEMREL;6;7.1.1961;0;6
YILDIRAY;9091;10.11.1976;9055;36
HULKI;785;19.7.1959;779;6
EMRAL;332;4.6.1973;130;202
ABAMUSLUM;78;15.3.1962;78;0
ISRET;19;30.1.1974;2;17
LALEZER;105;15.9.1955;0;105
SENGUN;660;11.4.1957;81;579
MERESE;158;7.11.1954;0;158
SEMRAL;336;6.7.1965;9;327
FEZANUR;28;10.7.1975;0;28
ILBILGE;27;18.4.1974;0;27
NESAT;2840;19.9.1964;2832;8
MEHRIBE;38;2.1.1969;0;38
HAMIDIYE;1052;16.11.1962;1;1051
NASURULLAH;4;21.5.1974;4;0
TEVRAT;3713;11.12.1963;1020;2693
BINAY;277;7.5.1966;43;234
NECMAYIL;1;21.3.1957;1;0
NIRGUL;878;18.2.1974;0;878
SEYMANUR;134;2.1.1989;0;134
NEDRET;4761;6.9.1963;1063;3698
ILAYDA;591;29.12.1988;0;591
MUYESSER;10125;16.10.1960;10;10115
ASAFE;2;20.4.1945;0;2
MESURE;1307;20.5.1966;0;1307
MILAY;67;20.5.1975;9;58
HANDEGUL;55;24.9.1985;0;55
MERVA;960;16.6.1983;34;926
REYHANE;1052;19.12.1959;0;1052
SERAN;286;29.10.1975;46;240
NAFILE;696;17.5.1967;0;696
ZEKERIYE;4245;21.9.1968;4233;12
MUAL;4;9.3.1944;0;4
OZDAN;20;11.1.1965;6;14
GURSEV;25;5.4.1970;6;19
FENDIYE;769;16.1.1960;0;769
SELIYHA;5;19.4.1970;0;5
GULDENIZ;969;6.1.1979;8;961
SAHHUSEYIN;72;6.12.1958;71;1
HEPSEN;90;18.8.1970;2;88
AHU;3337;28.5.1982;2;3335
ABDURRAMHAN;2;19.4.1985;2;0
MAVER;291;5.1.1965;0;291
SERAB;177;8.3.1969;1;176
GULPER;683;9.6.1968;0;683
SAHIKA;775;24.9.1977;0;775
NIGAHAN;4;16.5.1976;0;4
UMMAHAN;14914;2.5.1961;2;14912
SIMA;601;15.10.1971;2;599
SULBIYE;3714;24.5.1957;0;3714
MUCAHID;521;1.11.1984;521;0
SUHEDA;1506;12.11.1974;28;1478
OMERFARUK;57;6.5.1981;57;0
FERZIYE;680;20.12.1961;0;680
ERBIL;1966;10.11.1974;1810;156
HATIBE;193;14.7.1969;0;193
LEVIN;157;23.12.1967;12;145
AYNA;238;5.2.1953;0;238
KARA;501;20.12.1958;469;32
GABRIELA;84;8.12.1976;2;82
ALEADDIN;70;14.11.1964;70;0
MUNA;166;21.7.1974;0;166
GOKAN;1034;18.2.1983;1033;1
ABDURRAZZAK;671;17.10.1967;671;0
MELISA;969;3.7.1985;0;969
MURISE;13;30.2.1958;0;13
MAHMUTHAN;23;5.11.1977;23;0
EHSAN;195;12.9.1959;161;34
SERACETTIN;1894;24.5.1969;1894;0
SAKIBE;754;16.4.1958;0;754
SEYHUN;768;5.10.1972;581;187
SARAYI;363;21.5.1959;0;363
MUSAP;87;12.6.1987;87;0
NEMIKA;128;10.2.1950;0;128
REIS;1351;23.7.1972;1351;0
SANAZ;115;4.4.1968;0;115
RAMIYE;736;5.10.1959;0;736
NAZULLAH;2;28.2.1953;1;1
GULALE;21;23.9.1964;0;21
MUHIDDIN;2205;23.9.1959;2205;0
MUJGEN;832;9.4.1971;0;832
NEZEHA;35;16.7.1965;0;35
SERGUL;2656;26.3.1974;7;2649
ZALIHA;377;28.5.1969;0;377
SOSI;157;3.8.1948;0;157
SERTIF;453;20.3.1969;453;0
KEZI;189;5.5.1948;0;189
ERTAC;823;16.6.1976;820;3
INAYET;4063;23.3.1964;733;3330
ALIKAYA;14;1.3.1968;14;0
YUFEL;1;2.12.1975;1;0
IZEDDIN;161;10.10.1968;161;0
DONER;1197;9.8.1973;21;1176
EYLEN;26;2.2.1981;1;25
HACERE;3030;5.11.1956;0;3030
SERDEM;89;30.3.1981;29;60
MAHIYE;2753;24.6.1959;1;2752
HARIF;7;12.10.1964;7;0
REMAZAN;933;26.3.1961;933;0
HACICE;1768;15.11.1967;1;1767
GULBEN;1129;12.10.1976;1;1128
KARAMAN;208;8.6.1958;198;10
ZELEYHA;86;17.9.1952;0;86
NURFER;220;5.4.1968;4;216
SIDKI;1043;23.12.1957;1042;1
ALIDURAN;5;16.7.1954;5;0
SABAHA;50;26.7.1958;0;50
MEMIHAT;2;14.9.1946;0;2
FADIYE;154;1.5.1967;0;154
SERTAP;316;27.8.1977;23;293
NIMMET;66;17.7.1969;12;54
SEYTEL;1;12.8.1977;1;0
KIMYA;515;8.6.1966;10;505
CADILE;1;26.1.1934;0;1
GULENDEN;253;10.5.1964;0;253
MEZIDE;193;22.2.1957;0;193
MIHTAT;256;20.3.1967;256;0
HUZUR;171;30.3.1980;88;83
ESLIHAN;132;18.6.1973;0;132
FEYTULLAH;201;11.1.1977;201;0
MAHPERI;804;3.8.1973;0;804
RAGIP;3865;10.10.1966;3862;3
NESIMI;1551;13.3.1967;1543;8
BIRGUN;291;8.1.1970;41;250
SUMMEYE;46;5.7.1988;0;46
SEVIN;1757;9.1.1972;33;1724
IFAGAT;259;15.8.1961;0;259
TIVRIZ;3;13.5.1961;0;3
MAHSUNE;50;2.7.1965;3;47
EVA;87;6.8.1960;0;87
MURTEZA;1568;9.5.1960;1562;6
HATIME;1388;11.5.1963;0;1388
SAZIMENT;400;20.4.1954;1;399
DOGUS;852;24.1.1987;803;49
SERMIL;149;6.9.1972;1;148
MESALE;12;30.1.1974;0;12
DOYDUK;197;20.5.1957;1;196
MUHAN;22;28.8.1960;17;5
ISBIR;22;7.11.1961;11;11
ABDULLATIF;3226;24.11.1966;3225;1
GULYAPRAK;8;18.7.1976;0;8
OZBEN;286;6.2.1980;74;212
VARAN;22;8.6.1981;20;2
POYRAZ;252;24.7.1980;240;12
SEHERGUL;331;16.8.1963;0;331
GULNAZIFE;3;21.12.1979;0;3
ASKAR;53;27.3.1968;52;1
SEMAN;123;9.3.1961;36;87
DESTEGUL;656;11.11.1969;0;656
IMRAL;518;7.12.1967;121;397
GULCUM;22;30.10.1965;0;22
LILAY;67;30.9.1977;0;67
ASALET;421;17.12.1971;101;320
AYLER;97;6.10.1971;0;97
TAHIRE;1680;21.4.1960;0;1680
AHEY;6;7.1.1941;0;6
BURYAN;13;2.12.1963;1;12
YURTSEV;47;28.12.1971;26;21
DIRENIS;7;7.8.1983;4;3
NAYILE;403;8.12.1964;0;403
ZERGA;1421;1.1.1966;0;1421
MUSEYYIP;36;23.5.1953;36;0
SERBULENT;705;4.7.1978;681;24
GULAL;151;25.3.1960;14;137
NESADET;15;6.2.1959;0;15
KILIC;331;29.5.1962;330;1
AKSU;125;4.6.1978;34;91
FADLI;631;21.4.1964;630;1
SERAT;311;22.9.1977;269;42
TEMUCIN;92;29.4.1971;92;0
SERIM;107;20.6.1972;39;68
GAYAL;58;27.6.1939;0;58
URAL;842;8.7.1969;841;1
VICDAN;2814;1.3.1962;67;2747
HALUDUN;152;9.1.1964;152;0
SERAL;304;15.9.1975;54;250
EPSAN;2;14.3.1975;0;2
SERDAGUL;11;23.12.1978;0;11
ENDAM;774;20.1.1966;16;758
GULSIMET;143;3.1.1972;0;143
TATLI;160;8.7.1959;82;78
ERCIN;1170;13.5.1978;1059;111
SAIKA;99;3.7.1966;0;99
BIRDESEN;22;13.10.1973;0;22
VATAN;561;9.11.1974;423;138
MIRCEY;56;18.9.1944;0;56
ERKUL;197;1.11.1972;191;6
AFFEY;3;17.1.1951;0;3
CEYHUN;7452;6.6.1979;7274;178
NEVGUN;40;10.4.1966;0;40
COSAR;377;12.7.1972;365;12
CIHANEY;2;24.10.1963;0;2
GUSSUM;770;6.7.1963;0;770
MAHTEM;3;29.9.1969;1;2
TARIZE;4;29.11.1969;0;4
AMINA;174;26.4.1964;0;174
ASAHAN;4;18.1.1960;0;4
HUR;203;9.1.1971;187;16
HEYBET;2243;13.5.1974;813;1430
NURSAH;736;17.12.1984;62;674
EGEMEN;2385;21.1.1984;2293;92
OZDIL;50;2.8.1970;9;41
EMRAYIL;2;5.3.1978;2;0
MUKKADER;25;10.2.1977;1;24
GULDA;44;24.7.1982;0;44
METAN;20;11.10.1966;6;14
BOZ;7;10.7.1948;7;0
SEVDAGUL;317;23.7.1976;0;317
MIRO;102;20.6.1945;84;18
GAFIYE;12;22.1.1963;0;12
KIVILCIM;467;25.6.1980;89;378
SALATIN;298;18.7.1949;19;279
ABDUSAMET;36;19.5.1978;36;0
MULVER;32;28.5.1966;0;32
ISINSU;98;21.3.1978;0;98
MENSAN;2;7.7.1975;0;2
UTKIYE;2;23.5.1963;0;2
LEVIM;66;13.1.1962;0;66
BESE;141;22.7.1952;9;132
CLEO;1;7.12.1971;0;1
AKIBE;60;11.5.1961;0;60
EBUTALIP;175;14.2.1976;175;0
MURSUDE;186;16.3.1964;0;186
CEZMINUR;579;2.4.1959;1;578
ERTANHAN;1;28.2.1989;1;0
SADISE;165;23.3.1955;0;165
UZGEN;13;16.2.1975;0;13
MAHSEKER;184;7.10.1955;0;184
ZEKERYA;986;23.1.1966;984;2
ZAHID;134;2.4.1973;133;1
EMETULLAH;1647;30.9.1955;6;1641
SERAY;2300;25.9.1979;83;2217
AMINE;4140;25.8.1979;1;4139
EREMSI;4;25.2.1970;0;4
RESA;23;17.12.1964;4;19
SUKUTI;27;4.12.1953;27;0
ABIGUL;1;5.6.1951;0;1
ELCI;14;13.1.1977;4;10
NACIBE;24;16.2.1962;0;24
TURCAY;18;2.10.1975;12;6
SELIMCAN;19;9.8.1987;19;0
EZZET;34;8.6.1961;5;29
SEHBAL;178;30.1.1967;1;177
BIRLE;1;17.12.1943;0;1
ABDULMETIN;211;26.1.1973;211;0
MAHSUN;997;17.8.1982;989;8
ZABITE;148;14.1.1964;0;148
BEHADDIN;17;20.11.1953;17;0
KAMZE;88;8.3.1976;0;88
MIHRI;1116;3.6.1957;54;1062
UNVER;837;28.7.1964;755;82
BARANSEL;143;1.11.1983;141;2
MITAT;3225;14.11.1967;3224;1
GULSEVAL;9;12.8.1972;0;9
MAKBER;38;30.12.1975;0;38
SELVINAZ;6012;23.12.1962;1;6011
MUHIBE;1617;1.10.1956;0;1617
BEYZA;3734;17.10.1981;8;3726
MEKIYE;3127;19.4.1975;0;3127
ALIZE;68;23.12.1982;0;68
NURSEREN;344;7.11.1961;0;344
KARABEY;713;22.10.1956;713;0
TELHAT;40;27.6.1971;40;0
HAYETI;10;20.10.1965;8;2
SUER;130;1.1.1964;104;26
SAHIB;25;27.8.1972;25;0
MESUD;381;13.8.1974;380;1
ASILKAN;16;20.9.1985;15;1
SONSEHER;2;8.8.1967;0;2
RAFI;703;17.12.1963;700;3
GULSAFIYE;6;23.3.1964;0;6
BILEN;669;18.12.1974;526;143
MEHDI;2008;21.3.1971;2005;3
BEDEVI;1161;2.10.1964;41;1120
SEMIRE;4080;11.11.1972;0;4080
AYSIN;3116;19.10.1973;28;3088
KUMRAL;182;11.11.1974;21;161
TURKMEN;1766;22.10.1961;285;1481
SUFEYLA;180;15.11.1967;0;180
SURE;66;28.6.1962;0;66
IZGEN;25;5.7.1975;2;23
M.DOGAN;3;22.12.1940;3;0
GURGIN;876;4.1.1969;875;1
AYISEHAN;106;29.8.1947;0;106
ASKERI;1297;4.12.1970;1296;1
DUNAY;13;20.1.1975;4;9
IHSANIYE;1130;15.1.1960;1;1129
NIDAH;2;16.6.1987;1;1
HASKAR;570;2.7.1957;0;570
BIHTER;1159;20.7.1982;2;1157
RECEBI;7;18.5.1963;7;0
MEHRICAN;684;18.4.1977;0;684
PIRZEYT;1;4.2.1951;1;0
SUHANDAN;74;17.9.1958;0;74
FECRI;812;4.2.1980;731;81
GULEM;154;1.10.1973;6;148
ABDULRAHIM;612;14.12.1974;612;0
KUMSAL;99;27.5.1984;15;84
MUHTEBER;3874;30.1.1968;12;3862
SULEYHA;779;27.9.1971;1;778
FINCAN;1122;11.6.1961;1;1121
SELALE;405;1.2.1976;0;405
AYSON;163;6.7.1969;8;155
YADIN;489;19.9.1968;489;0
MEMIK;2158;16.9.1962;2156;2
MENZURE;79;3.10.1960;0;79
NESAFET;3;25.8.1955;0;3
BAHAEDDIN;257;28.10.1958;257;0
HUCCET;141;27.11.1959;114;27
REYSAN;34;2.10.1970;1;33
ERTURK;774;16.1.1974;774;0
BESAT;118;23.5.1965;117;1
ABDULMENAV;305;20.11.1976;304;1
NUSHATTIN;3;21.4.1975;3;0
GAFILE;8;27.4.1957;0;8
YUVA;17;16.12.1964;3;14
HAMSA;392;20.4.1957;0;392
MAILE;471;29.10.1959;0;471
NEMIDE;574;1.3.1959;0;574
KADIRE;1261;6.11.1954;0;1261
SARIBAN;419;14.4.1962;0;419
ADLIYE;200;24.3.1958;0;200
TEVHIDE;4059;1.2.1958;0;4059
ALPGIRAY;24;13.12.1978;24;0
IKRAM;6972;13.4.1968;4062;2910
HURISER;788;5.6.1955;0;788
GULMUSEMMA;1;20.3.1984;0;1
MISKAL;460;20.2.1962;0;460
MAHFUZ;2297;22.3.1975;2293;4
SEYHMUS;17013;7.5.1968;17013;0
SENAYI;823;29.6.1968;715;108
SITRET;11;22.1.1954;0;11
CAMAY;22;24.5.1970;3;19
SERVINAZ;720;16.3.1954;0;720
MUSERET;11;17.6.1967;0;11
NUSEYBE;47;22.3.1983;0;47
BEDREDDIN;431;25.3.1966;431;0
FETIHA;274;19.11.1962;0;274
SAIBE;1652;7.12.1958;0;1652
ARINSU;1;30.12.1991;1;0
YESARE;20;21.8.1967;1;19
SARP;399;18.12.1981;395;4
SEBRU;5;14.5.1979;0;5
ERKAM;248;23.3.1987;248;0
ZEYNETTIN;1225;23.9.1973;1137;88
HUDAI;1051;17.2.1969;1036;15
MULKINE;2;2.7.1968;0;2
HARIS;388;20.5.1966;382;6
ARTEMIZ;78;3.2.1965;16;62
ARAFA;310;21.10.1966;235;75
KEMALEDDIN;224;18.7.1959;224;0
HAZAR;728;21.7.1973;284;444
GULTAN;853;8.5.1966;1;852
HURMIYE;203;8.6.1962;0;203
MUHLISE;2979;6.5.1963;0;2979
FURUZAN;720;30.1.1965;46;674
ATIK;643;25.5.1966;596;47
EZDIN;64;8.2.1973;64;0
BATURHAN;72;5.10.1984;72;0
NURVET;238;19.5.1968;18;220
ECEM;1859;20.11.1989;4;1855
NESIBA;108;5.11.1966;0;108
SERPILAY;34;8.10.1972;0;34
SEJDA;35;8.9.1979;0;35
FEYZAN;437;1.7.1971;24;413
BASAR;1615;25.6.1979;1595;20
MUYESERE;2;9.7.1964;0;2
BEYTUL;424;21.7.1976;166;258
FATIMETU;9;14.9.1972;0;9
ALAITTIN;1791;16.3.1958;1791;0
ABDULMUIN;8;18.2.1957;8;0
GULSERIF;26;7.10.1972;0;26
RAHAN;112;2.6.1962;12;100
HARIKA;2259;18.8.1975;8;2251
GILMAN;329;14.2.1957;10;319
SITKIYE;624;12.12.1957;0;624
ZIYAEDDIN;325;23.1.1961;325;0
AKIFE;1550;2.12.1963;0;1550
FEDLI;306;12.5.1972;305;1
EFRASIM;50;17.6.1961;50;0
BERIVAN;3665;25.9.1984;0;3665
HAZIM;2889;7.10.1963;2850;39
OKYAY;310;8.2.1970;310;0
GULCEMAL;2103;1.6.1961;126;1977
SEYFEDDIN;1078;13.4.1964;1078;0
TEBER;71;18.2.1966;63;8
GULRUHAN;2;17.5.1968;0;2
HACIYUSUF;22;15.4.1970;22;0
HAZIMET;39;8.5.1960;6;33
UTKU;3590;9.2.1983;3424;166
ZUHRINAZ;12;23.12.1963;0;12
INAY;7;22.9.1969;2;5
MUHABET;471;3.5.1972;3;468
REZIKA;103;26.11.1968;0;103
KEKO;230;2.5.1944;230;0
YURDAY;95;24.6.1970;48;47
VEZIHA;260;8.10.1963;0;260
SUMER;1700;10.8.1961;658;1042
TANKUT;313;26.10.1974;312;1
MEMO;87;15.1.1955;87;0
YURDUSEN;300;8.5.1964;40;260
CEVDAT;89;12.2.1968;89;0
HUMA;730;10.4.1963;2;728
GUFER;222;12.6.1964;2;220
MEVCET;3;18.7.1959;3;0
NAZEKET;31;20.10.1965;0;31
NEYTULLAH;439;25.3.1976;439;0
GULENAY;567;27.8.1975;1;566
DONDUNUR;17;21.9.1980;0;17
HURIHAN;261;19.11.1962;0;261
BERFUN;10;1.11.1981;2;8
IFFET;3031;14.2.1960;18;3013
MAIDE;1961;22.5.1965;0;1961
ADIGUL;58;30.7.1957;20;38
HIDAI;5;7.1.1963;3;2
SAID;1057;28.10.1975;1056;1
BUGRAHAN;252;7.6.1987;250;2
DINAR;357;11.9.1976;96;261
FERYEL;12;23.1.1974;0;12
DANIYE;228;23.10.1955;3;225
RUVEYDA;2794;24.4.1975;3;2791
BESNA;3538;24.4.1971;0;3538
BEYAZHAN;1;2.5.1987;0;1
ASIL;1004;11.9.1976;966;38
ETER;80;30.9.1960;0;80
OYLUM;337;17.12.1982;0;337
DOGUKAN;2187;21.2.1988;2186;1
KAVIYE;38;21.6.1961;0;38
ULKUNUR;55;9.12.1977;0;55
GIMEY;1;9.2.1955;0;1
ABDULRAHMAN;262;2.2.1971;262;0
AYSECIK;171;9.5.1973;0;171
HAVVAHAN;16;3.11.1956;0;16
AYTEK;458;16.1.1981;435;23
BEGI;343;2.10.1945;22;321
ERTEM;307;29.4.1973;288;19
HAYEL;229;2.12.1977;2;227
METHUN;1;6.5.1988;1;0
ZULBIYE;5492;16.10.1960;0;5492
GULFEM;1187;6.10.1968;0;1187
ECMEL;279;12.3.1969;98;181
MENAV;42;28.9.1978;41;1
MAHSUM;3208;14.10.1980;3206;2
ERNUR;326;20.10.1970;172;154
NUREFSAN;168;12.11.1980;0;168
SERAH;22;3.4.1977;5;17
SAKIN;1416;21.11.1971;1333;83
AZAMET;357;29.1.1962;179;178
ADLE;4274;21.1.1958;0;4274
MILKESIM;3;23.1.1981;0;3
SAHIRE;1024;5.1.1962;0;1024
BARIKA;563;2.1.1967;0;563
GULSEV;528;21.7.1971;1;527
EFRAIM;1136;21.6.1965;1136;0
ULGUN;72;2.3.1965;6;66
FODUL;126;22.10.1961;0;126
HALKAN;26;23.9.1976;26;0
FERNAZ;101;3.4.1966;0;101
TERZIYE;17;21.2.1962;0;17
CELALEDDIN;1029;11.9.1967;1029;0
BERFEY;18;20.5.1952;0;18
EREL;97;14.1.1969;66;31
SULBUYE;66;23.5.1966;0;66
YASIR;650;14.8.1985;650;0
NEVHIZ;27;7.4.1954;1;26
KALI;99;20.11.1952;95;4
NETICE;4437;24.7.1973;0;4437
CEVZET;555;25.1.1973;555;0
RECAYI;1157;22.3.1967;1156;1
FIRUZ;263;15.12.1963;200;63
IMAMETTIN;32;8.10.1966;32;0
TANAY;121;4.1.1973;74;47
GULERYIL;1;26.1.1967;0;1
IZAHAT;38;25.4.1964;4;34
MUHYEDDIN;472;7.9.1966;472;0
ATAMAN;728;13.8.1969;721;7
KUBULAY;314;30.9.1972;311;3
RADOS;102;3.2.1972;0;102
ABDULGALIP;27;7.5.1967;27;0
MAHBUB;205;18.1.1961;17;188
ANTIKA;1760;15.6.1970;2;1758
MALHIYE;1;3.3.1963;0;1
TUZUN;119;17.8.1963;18;101
SADEGUL;2479;21.7.1971;0;2479
LEYLUFER;166;19.5.1954;0;166
AKLIME;1038;21.3.1968;0;1038
NUFER;210;6.10.1965;176;34
SAFURE;2925;16.7.1961;0;2925
GULGULE;298;27.8.1956;0;298
SUHEYP;40;12.10.1981;40;0
ASEFE;12;6.3.1941;0;12
RAGIBE;815;6.5.1958;0;815
ALANUR;193;20.3.1965;3;190
ERINC;414;25.3.1981;316;98
HANIMKIZ;198;7.8.1954;0;198
SEHRA;267;18.11.1967;0;267
KUDDUSI;1610;23.8.1962;1608;2
TOLGAY;587;4.2.1982;578;9
MERIC;2574;14.1.1979;1654;920
SERHAD;380;12.4.1979;374;6
DILVIN;173;3.11.1980;0;173
ZERCAN;108;12.1.1964;0;108
NILIFER;1225;28.5.1970;0;1225
TIMURLENK;28;10.5.1966;28;0
NEZENGUL;159;19.9.1967;0;159
GULGAMZE;6;17.8.1979;0;6
MUVEDDET;1082;21.6.1950;2;1080
FESIH;6387;23.3.1975;6385;2
VASIFE;34;5.4.1962;0;34
AVIDE;21;19.12.1961;0;21
ULTER;17;5.2.1959;2;15
ABDULNASIR;622;22.10.1974;622;0
TAHIDE;216;23.10.1964;0;216
LAMIA;2623;6.2.1962;0;2623
EMRA;852;18.12.1981;340;512
ABDULMELIK;587;6.11.1975;587;0
FERAMIZ;177;11.7.1965;176;1
SAGBETULLAH;24;4.9.1974;24;0
KUDDISI;119;26.2.1967;119;0
AYNIYE;209;11.12.1957;0;209
GURCI;518;27.8.1959;1;517
TURKUZ;50;14.6.1963;6;44
SEVNUR;1078;11.8.1976;7;1071
RAMI;904;2.5.1961;900;4
ASYE;1274;19.4.1963;0;1274
CEMALEDDIN;586;1.11.1962;586;0
FEYZANUR;100;1.10.1985;0;100
ARAL;119;13.5.1977;109;10
UMUR;914;29.6.1978;864;50
RAVZA;126;12.4.1980;0;126
MECIDE;706;26.6.1959;0;706
YILDIZHAN;123;10.11.1969;28;95
NEVSI;24;3.3.1954;0;24
TUMER;648;30.2.1970;647;1
OZLEN;734;21.2.1974;60;674
FERAL;144;12.1.1968;24;120
ZIVER;1985;2.11.1967;1748;237
MEHYET;63;18.5.1970;1;62
NALIP;2;29.4.1968;2;0
RASHAN;11;16.4.1977;0;11
REFIGA;82;26.8.1960;0;82
KUTMETTIN;4;11.4.1960;4;0
SABIYE;1832;14.1.1960;1;1831
SEBIHE;857;21.8.1958;0;857
TANGUL;240;23.5.1967;2;238
NAZIFA;47;28.12.1954;0;47
ASINA;86;7.7.1978;1;85
GULUFE;90;8.6.1964;0;90
SAHDIYE;164;26.7.1969;0;164
BULEND;337;12.5.1967;334;3
IMMIHANIM;10;14.8.1963;0;10
NARGUL;1511;12.5.1970;1;1510
BURHANE;7;3.12.1954;0;7
RAMZIYA;9;3.12.1966;0;9
GOKAY;3668;5.6.1981;3580;88
EFE;2083;18.4.1984;2078;5
BERCEM;194;19.4.1986;4;190
GULVER;468;20.9.1968;0;468
KAMRAN;299;22.9.1967;212;87
GUVEYRE;4;6.8.1948;0;4
SELBI;2375;22.4.1965;2;2373
ZEMHANUR;79;11.6.1958;0;79
GULVEREN;823;26.10.1969;0;823
NASRIYE;50;8.12.1965;0;50
BILGUN;156;5.12.1971;3;153
GULNARE;36;23.6.1971;0;36
GULMETIN;46;7.12.1950;9;37
AMMAR;74;23.5.1984;74;0
NURSIMA;123;25.12.1976;0;123
SEMRAY;337;26.4.1970;0;337
SAHINDE;3853;29.1.1956;0;3853
TOKCAN;54;29.7.1976;51;3
BEYCE;108;11.11.1964;1;107
MISTIK;266;22.9.1954;266;0
KUPRA;1149;19.1.1962;0;1149
ZUBEYDA;2757;3.12.1972;0;2757
HUREYYA;60;23.5.1972;4;56
GULEFSAN;9;9.2.1979;0;9
TERCAN;729;3.2.1972;406;323
EVIN;2757;23.6.1983;15;2742
MUGDAT;722;11.11.1974;722;0
SELAMET;3412;2.6.1972;1050;2362
NEVZET;691;25.11.1968;654;37
GULSIME;311;23.6.1973;0;311
HASIDE;40;30.1.1961;0;40
MASUM;1306;27.4.1973;1297;9
HEYRULLAH;2;14.4.1964;2;0
MUCELLE;51;2.4.1970;0;51
VISAL;82;16.2.1963;6;76
YUKSELEN;136;26.10.1965;41;95
MUBEYYEN;485;1.1.1959;0;485
KAHIRE;37;30.8.1970;0;37
BEZAR;568;3.7.1958;0;568
DELAL;3089;19.6.1966;117;2972
DILRUBA;354;17.12.1980;0;354
NEGIHAN;126;13.5.1979;0;126
BENNAN;10;10.11.1966;3;7
SAMIME;1129;9.10.1962;0;1129
ASUDE;1113;29.11.1974;0;1113
ASARI;4;30.7.1976;4;0
TANSEL;2359;27.7.1974;1772;587
MEHRINAZ;308;2.2.1961;0;308
HASANHUSEYIN;339;5.3.1964;339;0
MUHIBBET;168;4.6.1955;2;166
ZULAY;227;28.12.1973;0;227
SAMIR;368;3.12.1975;364;4
IBIK;2;29.10.1950;2;0
SAHNUR;556;18.10.1968;29;527
YUZUKUTLU;6;15.10.1622;0;6
PUSULU;16;5.4.1945;0;16
YUZLUFET;2;14.6.1962;0;2
KOKSAL;9922;27.2.1972;9855;67
MIYESSE;118;2.10.1965;0;118
SAYIT;2018;18.5.1964;2018;0
ESVET;691;14.11.1968;350;341
MUNTAHA;107;14.8.1964;1;106
SERA;498;28.2.1982;5;493
ABDULHALIM;4245;18.6.1970;4245;0
HUDUR;1;2.2.1975;0;1
NISA;1023;5.11.1978;6;1017
NECATTIN;1697;19.7.1962;1696;1
KUTAY;882;11.4.1982;862;20
NURSOY;22;22.3.1972;6;16
ETIK;30;4.1.1950;9;21
GUNDEM;57;17.11.1980;7;50
ZEYNEBE;202;26.10.1973;0;202
EZIK;1;12.8.1923;0;1
NERPUZ;1;1.7.1987;0;1
SADRIYE;1890;27.9.1958;0;1890
UNZULE;7778;27.11.1962;0;7778
CERKEZ;879;6.7.1961;786;93
MAHPARA;5;26.9.1954;0;5
FATIMEYI;11;23.2.1964;0;11
MUCEHER;29;7.5.1964;0;29
HARISE;46;14.11.1962;0;46
ALEVNUR;5;14.7.1974;0;5
MAHPERE;25;9.10.1966;0;25
TURSUN;1440;9.4.1950;750;690
SAVET;162;10.2.1960;12;150
HACO;287;25.11.1950;187;100
NEJMETDIN;4;25.10.1961;4;0
GULAN;441;23.2.1970;12;429
DEVRUS;13;17.2.1960;13;0
HACAR;355;10.3.1965;4;351
MASUDE;21;5.9.1972;0;21
ABUTALIP;119;1.10.1966;119;0
SEHRUBAN;40;26.12.1952;0;40
ULUGTEKIN;1;17.7.1978;1;0
MEHRIZAT;21;4.4.1960;0;21
CELILE;3681;16.2.1966;0;3681
NERGIHAN;163;30.1.1980;0;163
ARAFET;67;25.5.1971;63;4
MEYREY;31;19.2.1939;0;31
ILGIN;744;11.7.1981;215;529
OZAL;1214;2.12.1985;1201;13
SUDIYE;1926;12.9.1960;0;1926
MEDA;28;22.3.1964;0;28
GULSAD;58;18.2.1976;4;54
NAYMA;52;5.12.1963;0;52
NEVSIHAN;1;17.10.1948;0;1
SEHRI;19568;26.4.1962;325;19243
SEYHYUSUF;2;14.3.1974;2;0
ABDULKAFFAR;18;28.7.1960;18;0
MEYEREM;1;22.2.1967;0;1
GULBANI;330;20.6.1961;0;330
SIT;241;15.9.1965;240;1
GORAL;104;17.1.1967;79;25
ALIFUAT;76;30.9.1967;76;0
GOKCENAZ;5;23.9.1989;0;5
MAHPARE;163;26.3.1959;0;163
MISRIKA;19;19.1.1967;0;19
RADIF;20;26.3.1971;20;0
CEHAT;27;1.10.1959;26;1
SITI;355;21.11.1959;0;355
GULSANIYE;50;14.2.1965;0;50
NIBIHAT;2;4.2.1959;0;2
INKILAP;70;16.2.1963;48;22
KARABABA;20;13.5.1955;20;0
AFO;22;14.8.1942;9;13
CEMALI;1945;4.6.1962;1895;50
HILMIYE;5477;12.5.1955;0;5477
MELIK;2792;17.2.1978;2667;125
MIRSAT;174;26.6.1982;172;2
EZIZE;25;29.8.1959;0;25
SEBIHAT;479;3.9.1961;0;479
NUZBET;14;14.2.1973;0;14
MUTTALIB;26;22.4.1971;26;0
RUHSEN;523;7.4.1966;93;430
MEYRE;33;2.5.1957;0;33
MUNIP;718;25.12.1961;718;0
GOKTEKIN;12;14.8.1964;10;2
ELVEDA;3615;20.3.1965;12;3603
NEZLAHAN;6;30.12.1969;0;6
EDALET;359;8.8.1954;7;352
NESIHAT;462;3.1.1975;1;461
CENNEY;54;16.12.1939;0;54
GULVEDA;34;22.5.1973;0;34
SADISEN;6;17.8.1962;1;5
OZGECAN;320;5.9.1986;28;292
SAHZAMAN;17;26.12.1959;2;15
UBEYIT;899;9.4.1968;897;2
SURBIYE;93;8.9.1962;0;93
SEHABETTIN;410;9.1.1962;409;1
SAHINUR;816;5.12.1960;5;811
OMERUL;431;4.9.1965;431;0
SAHASER;40;20.9.1962;1;39
VAHIDA;10;19.10.1959;0;10
BEDAHA;10;28.12.1957;0;10
UMMUHANI;5274;30.6.1964;0;5274
MEHLIKA;1074;28.1.1968;0;1074
TULUNAY;130;11.8.1967;10;120
EDEVIYE;540;2.4.1960;0;540
GUNAL;969;17.6.1961;602;367
GULSELI;245;20.9.1964;0;245
MEDBURE;2;13.5.1936;0;2
ESRANUR;267;5.9.1986;0;267
ASSIYE;1812;23.6.1966;0;1812
ATILGAN;287;25.11.1976;286;1
FATMASEMIHA;1;21.5.1983;0;1
ESIK;38;23.5.1952;0;38
HACIISMAIL;2;5.1.1981;2;0
DILFIGAR;12;15.1.1981;0;12
MAYSERE;5;24.4.1959;0;5
ABDULMUHSIN;145;27.3.1967;145;0
PAMUK;5208;29.2.1957;9;5199
MESRUR;303;2.10.1960;273;30
ASAF;1400;1.5.1964;1400;0
AYDEGUL;20;23.11.1972;0;20
EMSAL;5782;24.4.1965;501;5281
HUDAYI;1228;26.5.1966;1187;41
HEVES;904;16.11.1964;84;820
MEVLANE;293;11.11.1974;165;128
AHSENNUR;1;28.6.1989;0;1
BERRAK;1153;2.12.1980;16;1137
AYSEGULELE;1;19.7.1957;0;1
MUZEHHER;913;25.7.1956;1;912
RUKSEN;39;7.5.1956;7;32
SAMUR;33;16.10.1957;14;19
MURIYET;22;18.12.1964;0;22
GULENGUL;194;25.11.1969;0;194
ARBIL;16;1.7.1968;2;14
AKOPUK;1;8.3.1956;1;0
SAMADIN;1;21.5.1954;1;0
TECISEL;1;17.5.1978;0;1
GULESIN;142;30.11.1974;0;142
BERKI;28;17.11.1970;27;1
ALEDDIN;250;12.11.1961;250;0
MUHAMMER;4297;6.10.1970;4216;81
HANIFIYE;38;5.10.1958;0;38
RINDIYE;277;15.4.1970;0;277
NAKSIDIL;6;17.9.1977;0;6
ECENUR;76;9.9.1989;0;76
ZEKERIYYA;1374;17.12.1963;1374;0
ELGIN;144;12.1.1977;31;113
SELAHE;11;6.6.1953;0;11
LAHIRE;2;24.6.1951;0;2
FERHUN;70;7.3.1969;56;14
ILYAR;4;21.7.1965;1;3
FETTULLAH;148;6.9.1976;148;0
LARISA;87;4.8.1972;0;87
TUGRULHAN;55;6.12.1985;54;1
IMHAN;1511;19.10.1963;1;1510
RAYIFE;443;22.1.1964;0;443
BURCA;37;18.10.1981;3;34
BIRHANE;2;9.8.1967;0;2
ASKIM;408;20.8.1975;112;296
GULDOGAN;272;6.12.1965;48;224
MUHYEDIN;45;24.4.1964;45;0
DURSUNALI;1611;5.10.1959;1611;0
FURUZ;40;8.8.1969;15;25
MAKBUL;120;4.4.1963;41;79
NEBILE;3270;15.2.1964;1;3269
NAME;1562;11.1.1968;4;1558
HASINE;5317;3.5.1961;1;5316
TUMUCIN;27;23.9.1978;27;0
MUSLIM;2725;11.2.1965;2718;7
ABDULCELIL;2436;30.6.1970;2436;0
TURAY;352;1.6.1972;294;58
SERVAN;254;29.5.1983;215;39
NUROSMAN;16;9.10.1961;16;0
ZEHNI;1492;3.3.1957;1469;23
SEVGIL;658;27.4.1968;0;658
SUVAT;356;15.5.1971;350;6
ATTILA;1181;22.4.1965;1180;1
DIGDEM;1426;18.1.1984;0;1426
ILYASIN;9;4.3.1969;9;0
CEMALE;89;20.10.1959;1;88
SEBA;208;14.7.1969;11;197
PERCEM;49;15.11.1979;4;45
REGAIP;624;28.10.1975;398;226
ABDULHAY;96;14.1.1963;96;0
UYGAR;1409;12.7.1983;1374;35
DURGUT;857;27.2.1953;855;2
MUHSAMETTIN;3;10.8.1968;3;0
SALAHATTIN;6109;24.9.1955;6108;1
GULZADE;4290;29.8.1960;3;4287
BALA;122;3.1.1968;36;86
URCAN;33;12.7.1966;22;11
BELEMIR;92;22.7.1990;7;85
NUKHET;1457;19.10.1974;4;1453
UMMI;601;7.12.1960;4;597
TANSU;1640;11.9.1979;1283;357
AYNEL;110;13.12.1971;0;110
ALISEYIT;10;20.7.1962;10;0
IRSAT;106;30.5.1975;95;11
KIYASETTIN;2745;25.5.1966;2745;0
YENIGUL;1135;10.1.1973;0;1135
BEHRIYE;134;7.4.1958;0;134
AHIDE;69;1.10.1965;0;69
MESRURE;1862;21.5.1953;0;1862
ALAATDIN;203;2.4.1966;203;0
SELHA;40;27.9.1966;0;40
SUHANDA;5;30.4.1971;0;5
GULAYDIN;384;20.6.1962;61;323
UGRUYA;1;14.8.1973;0;1
GAFIRE;7;19.5.1972;0;7
GUROL;3507;3.11.1971;3499;8
YADIKAR;3728;19.11.1965;243;3485
M.SIRIN;146;16.12.1957;145;1
MEVRE;170;26.2.1985;1;169
YAPRAK;2183;4.1.1985;0;2183
DUHAN;105;4.7.1982;82;23
UNER;311;17.11.1960;252;59
SAMURE;21;7.11.1953;0;21
GULTUNAY;5;11.7.1970;0;5
SERHA;13;16.12.1970;0;13
GUDRET;86;25.2.1968;35;51
GUZUDE;239;15.12.1963;0;239
EDNAN;1163;19.4.1962;1162;1
MEHMETDURSUN;2;27.9.1950;2;0
SENIZ;2339;24.10.1975;71;2268
NURSALAN;3;22.3.1959;0;3
SUSEN;412;26.6.1961;0;412
FATMANA;10802;3.6.1960;0;10802
H;106;23.5.1947;105;1
ZEKARIYE;147;28.2.1967;143;4
TEYIBE;177;2.5.1967;0;177
TUGCEM;73;8.7.1988;3;70
SEMINE;1519;25.5.1968;0;1519
HAFARIYE;4;6.6.1966;0;4
SEHAMIT;9;12.1.1971;9;0
SIDAR;674;12.9.1984;329;345
AHMED;1168;30.8.1971;1168;0
FERYAT;900;28.9.1978;433;467
FEZAYI;26;3.2.1973;19;7
ABDUSSEMET;419;22.6.1964;419;0
FEHAMET;166;5.11.1945;4;162
SAFET;1305;13.3.1964;972;333
ELIYE;7;23.12.1967;2;5
MASALLAH;8170;18.12.1974;4994;3176
VEDII;28;22.1.1960;28;0
OLGUN;4426;4.8.1977;4398;28
RAKIBE;1784;12.7.1960;0;1784
ALPUTKU;1;3.7.1974;1;0
MUHIP;136;3.7.1959;118;18
ELFIDA;686;12.2.1963;0;686
TENZIL;150;10.9.1957;13;137
VIOLET;18;21.5.1960;0;18
ZIHNIYE;663;11.9.1956;0;663
MIHRACE;122;22.7.1974;2;120
OGEY;30;24.7.1944;0;30
BARIN;32;18.10.1981;18;14
GOKSUN;354;3.12.1980;128;226
EYYUPHAN;75;27.3.1976;75;0
NEVRES;598;2.12.1957;234;364
HAZEL;2875;5.8.1968;29;2846
MEKSELINA;83;4.12.1969;54;29
UMMUGUL;5037;11.6.1959;0;5037
BERRUN;7;11.3.1976;2;5
BADE;408;27.8.1974;1;407
MUKRUME;99;17.10.1961;0;99
NASIYE;720;20.9.1959;0;720
SEVTAC;22;19.3.1978;4;18
RUHALE;6;25.11.1967;0;6
ABDULVEFA;1;26.11.1963;1;0
GULBIYAZ;255;11.2.1960;0;255
EMIRHAN;1780;9.2.1979;1689;91
FEZAIR;108;18.10.1952;108;0
GUR;75;21.2.1966;69;6
SUAYIB;124;28.7.1972;124;0
NABI;1654;21.11.1964;1652;2
REFIKAREMZIYE;1;19.5.1960;0;1
EZLAM;3;29.3.1976;0;3
YASER;673;14.11.1978;600;73
EMIRE;4368;9.5.1962;2;4366
ERALP;387;30.4.1980;387;0
HAZAN;393;16.8.1980;12;381
SEVGILI;1018;6.10.1960;11;1007
SINCAR;121;18.2.1966;121;0
ABDULISMAIL;1;21.12.1961;1;0
REYHANI;210;16.1.1974;145;65
MEKKE;401;22.2.1971;29;372
RUMEYSA;1672;1.9.1984;1;1671
YAHIYA;6;8.6.1959;6;0
APDULLAH;858;26.5.1961;858;0
REYYAN;251;4.9.1983;12;239
MUKADDERI;1;20.4.1959;1;0
SECAATIN;2;21.7.1957;2;0
ILBAY;104;15.3.1974;102;2
DOGU;452;3.12.1977;431;21
BAHARHAN;1;27.2.1986;0;1
TANSIL;3;8.7.1984;0;3
BAHADIRHAN;80;28.11.1984;80;0
ADEVIYE;4101;25.7.1959;0;4101
FAKIH;17;19.7.1971;17;0
NAZAHAT;106;10.11.1971;0;106
SUKREN;133;30.9.1963;0;133
MUZEHER;312;12.6.1963;3;309
DORUK;697;19.4.1986;665;32
KABIRE;341;3.3.1958;0;341
GULKUT;7;27.8.1970;0;7
SERNAZ;416;13.8.1966;2;414
SIRINSAH;236;8.6.1963;0;236
SEITHAN;8;3.12.1967;8;0
MEMDUHA;2828;21.6.1955;0;2828
NAKILE;29;7.8.1952;0;29
ALTAY;905;19.2.1971;895;10
HULKIYE;547;10.7.1961;0;547
BURAMI;1;24.9.1949;1;0
H.AYDIN;1;22.2.1966;1;0
DUCANDOGAN;1;7.4.1940;1;0
NURETDIN;359;4.5.1962;359;0
MASIDE;693;28.5.1984;0;693
NESLIHA;78;7.5.1971;0;78
ABDUSEMET;62;14.5.1963;62;0
SALISE;1465;2.11.1958;0;1465
TAYRAN;44;18.5.1970;37;7
KONUR;40;27.8.1972;40;0
TOKTA;2;5.1.1958;1;1
NUSIN;97;23.5.1970;5;92
YASEF;219;23.10.1953;219;0
SUBEL;68;21.9.1972;0;68
LEVEND;233;29.12.1968;232;1
VERDA;499;14.1.1973;0;499
SEMSINUR;870;13.8.1966;4;866
IGDEM;13;15.9.1983;0;13
SIMDEN;23;2.6.1977;0;23
ZEKAYI;2090;20.11.1968;2090;0
NAZEY;225;28.9.1956;0;225
HANLI;9;19.3.1954;7;2
SEMIHE;363;12.4.1960;0;363
CAYIZ;3;30.12.1962;3;0
MUZDELIFE;91;11.3.1964;0;91
RESIDE;3692;14.12.1960;2;3690
SABIDE;61;12.2.1967;0;61
KABE;30;10.3.1974;1;29
OZBULUT;3;29.11.1976;3;0
FADIGUL;108;18.10.1961;0;108
ZUFER;297;20.1.1960;293;4
REZZAK;101;18.2.1965;100;1
GULTEK;53;1.6.1965;1;52
ARIBE;4;29.4.1967;1;3
PEHLUL;1245;23.11.1963;1243;2
MEHMETHAN;105;6.8.1979;105;0
ZEMZEME;486;9.7.1968;0;486
SEMSUL;108;19.5.1949;0;108
GULE;1302;3.8.1961;0;1302
GULSIMA;641;24.5.1970;0;641
SEVLIHAN;43;2.7.1979;0;43
USLU;89;23.7.1962;47;42
SUSLU;385;18.4.1967;44;341
HEPSAN;6;18.3.1970;0;6
SAHANE;70;14.12.1965;5;65
SEVGILLI;109;21.12.1957;0;109
MUKTEDIR;153;22.4.1966;141;12
SEMAHATTIN;88;4.7.1958;86;2
IPAR;19;10.4.1976;0;19
AYBUKE;809;5.11.1986;0;809
CANSEN;355;27.12.1965;15;340
GOZDENUR;100;15.8.1988;0;100
ESYA;76;27.12.1957;0;76
ELIFI;125;16.8.1953;0;125
VAYLO;2;10.3.1966;2;0
ARSIT;1;13.7.1973;0;1
NECAI;39;21.10.1966;39;0
CIHANSER;89;25.8.1966;22;67
ERCIS;15;18.9.1964;14;1
GUNSER;314;3.2.1954;13;301
YONCA;3760;10.10.1981;0;3760
NAHIME;145;11.3.1961;0;145
MIYSE;4;14.3.1951;0;4
EFKAN;1991;9.1.1976;1986;5
GUNHAN;477;1.10.1968;369;108
DONAY;972;6.3.1979;3;969
HAZRETTIN;8;29.10.1972;8;0
UNZILE;10452;22.6.1963;0;10452
MUAZEZ;722;5.3.1972;0;722
IKSAN;385;23.12.1970;368;17
SULFINAZ;17;19.10.1962;0;17
VAYIZ;8;21.6.1971;8;0
SEMAH;134;22.8.1968;2;132
ILVIYE;14;24.5.1966;0;14
HIFZI;714;15.2.1957;713;1
EKBER;641;6.5.1967;622;19
MUSFIK;116;21.2.1968;114;2
MUHTAR;689;10.10.1958;688;1
BESTAMI;2461;2.5.1975;2461;0
KETEVAN;26;22.1.1967;0;26
BIRDAN;41;14.12.1969;5;36
SEVGU;62;8.8.1966;0;62
CARIYE;191;30.6.1967;0;191
INCILAY;1175;15.3.1974;1;1174
BESSI;1027;24.10.1952;1;1026
NEZIHI;303;30.7.1962;301;2
MEDET;3059;22.9.1970;2957;102
SEREFETTIN;945;15.6.1965;945;0
CANIYE;73;9.6.1965;0;73
FELHAN;8;6.12.1968;5;3
RAGBET;86;11.7.1957;2;84
FATIMEI;18;25.9.1957;0;18
NESET;7228;6.12.1963;7182;46
DAVUTHAN;14;15.8.1982;14;0
VAHID;163;28.2.1967;163;0
HIVIDAR;22;13.4.1989;0;22
KESEF;6;28.1.1974;6;0
LUMAN;39;25.4.1959;38;1
GULSEVDI;33;29.3.1964;0;33
SADE;714;16.1.1965;8;706
ATIKEN;4;21.2.1960;0;4
RUHSAR;570;24.12.1958;13;557
KURBAN;2232;21.6.1961;2217;15
TAHIBE;157;11.3.1964;0;157
GOKBEY;8;19.9.1982;8;0
BADIN;58;9.7.1970;55;3
SELAHETTIN;1375;27.10.1954;1375;0
MANENDE;2;10.9.1951;0;2
KEJEY;11;21.8.1952;0;11
AYSU;2414;14.1.1977;9;2405
ILVAN;387;27.3.1968;139;248
SAHANDE;84;8.3.1958;0;84
EFRAHIM;1247;9.3.1963;1245;2
AIDE;93;27.3.1965;0;93
ZELINE;2;24.9.1979;0;2
BAHADIN;69;22.2.1964;69;0
MUSEREVAN;1;3.2.1963;1;0
SEVDET;1343;21.7.1972;64;1279
BAKIYE;5468;28.1.1958;1;5467
SELGIN;44;15.1.1980;1;43
ELCIM;71;18.3.1981;2;69
GULBIYE;1751;14.5.1961;0;1751
BINNAS;384;8.3.1954;2;382
OYTUN;561;11.1.1983;509;52
EMI;34;29.12.1950;4;30
FIRDEL;1;13.10.1963;0;1
NIZZAM;2;28.12.1990;1;1
ALPEREN;1114;6.8.1987;1109;5
KAHINE;9;30.5.1959;0;9
RUKSAN;207;13.6.1958;1;206
IMMUHAN;157;25.5.1959;0;157
AGAH;1096;8.3.1967;1096;0
SELEME;34;17.6.1967;4;30
SEFKAT;316;6.7.1959;32;284
SEVGICAN;927;16.9.1970;4;923
RUHSATI;41;23.8.1968;41;0
NISHAN;5;27.1.1975;1;4
NEBAHAY;1;17.2.1972;0;1
RIHAN;1656;2.12.1959;19;1637
GULAYSE;1486;1.2.1959;0;1486
SELME;225;3.1.1964;1;224
ASKI;197;4.1.1963;182;15
PERRIN;86;23.7.1971;0;86
NAFIZE;2292;25.6.1959;0;2292
MUKADER;318;22.6.1974;6;312
SUEDA;766;28.1.1962;2;764
SUNUC;1;27.7.1989;0;1
MULKINAZ;1852;9.5.1964;0;1852
MENSUR;2209;12.10.1968;1155;1054
HAZBIYE;389;20.2.1962;0;389
MAHBERI;72;28.8.1976;0;72
SIFA;2451;11.4.1979;278;2173
NADIREYE;5;14.7.1952;0;5
KUFAYE;10;19.11.1956;0;10
NIYET;135;2.10.1974;72;63
YASARIN;1;10.2.1972;0;1
SELCUKHAN;45;19.9.1979;45;0
EFSUNKAR;3;20.3.1987;0;3
SELAY;333;12.9.1983;8;325
YURTSEVER;175;5.1.1975;129;46
SANSEL;111;27.6.1970;20;91
BILENGUL;13;6.9.1974;0;13
SEFURE;689;9.5.1963;0;689
NURICIHAN;57;26.1.1956;17;40
NACAR;260;10.12.1955;13;247
EMRAY;56;17.2.1980;14;42
DILFIRAZ;314;24.12.1956;0;314
HANIMGUL;82;8.6.1965;0;82
YETI;2;16.2.1973;1;1
MERTER;292;28.10.1980;291;1
FARIS;1871;28.4.1965;1868;3
SURURI;424;30.11.1959;419;5
NADIRYE;55;27.9.1970;0;55
YUSUFAGA;2;8.4.1953;2;0
ZIDYA;23;1.5.1971;0;23
NESEGUL;608;8.2.1975;0;608
SEHAR;720;16.6.1955;0;720
MEFKURE;667;17.7.1956;0;667
MEHMETUMIT;1;21.7.1984;1;0
TEVFIKE;47;3.10.1965;0;47
NECDAT;380;15.8.1963;379;1
AMMARA;1;21.10.1989;0;1
ECEHAN;246;3.8.1983;16;230
YASIYA;138;10.8.1962;0;138
GULISAN;1106;28.11.1962;2;1104
TACISER;258;27.8.1961;2;256
ARZUHAN;225;2.6.1977;4;221
SENDAL;95;29.9.1969;31;64
CASIME;12;28.12.1973;0;12
GULPINAR;506;25.12.1980;0;506
M.MUSTAFA;49;22.3.1955;49;0
H.;382;25.11.1948;374;8
ULUBATLI;4;28.11.1978;4;0
SAHIYE;285;28.6.1963;0;285
MAKBULA;106;21.10.1961;0;106
VAHYETTIN;961;19.3.1970;961;0
CIDE;50;16.10.1953;0;50
HURSIT;4551;22.7.1964;4494;57
SELEHADDIN;62;16.3.1963;62;0
HAKHAN;11;10.2.1977;11;0
REBIA;552;20.3.1958;0;552
NEVSEY;2;23.3.1949;0;2
UCGUL;99;18.4.1968;0;99
VECDI;1015;16.1.1966;1014;1
MUCAZET;3;8.10.1968;1;2
ERSON;205;19.1.1972;203;2
SEVBAN;191;1.4.1982;116;75
NULGUN;112;1.11.1972;0;112
BERGIN;185;9.4.1966;14;171
NACIM;17;7.8.1964;17;0
TIMUCIN;1683;11.8.1978;1682;1
DEZGIN;2;28.5.1978;1;1
MUCERRET;24;16.5.1953;4;20
MURSIDI;6;16.8.1966;5;1
ABDULBASIT;595;9.6.1977;595;0
MINCIYE;287;27.1.1959;0;287
METIYE;359;2.1.1961;0;359
BENAZIR;366;25.5.1990;0;366
AYBEY;25;17.12.1961;25;0
MEHBARE;150;15.11.1971;0;150
ZIYATTIN;1228;18.4.1963;1228;0
GULSENI;29;12.2.1964;3;26
SUZANI;9;27.10.1966;6;3
FATMAI;21;27.9.1944;0;21
TEKINAY;8;18.3.1974;7;1
MEHLIKE;100;2.7.1978;0;100
KENGUL;1;22.7.1961;0;1
MESINE;36;2.11.1965;1;35
NURSEMIN;424;18.11.1980;0;424
SEMSETIN;22;2.7.1968;22;0
SAFURA;615;1.7.1962;0;615
NEZIYA;38;29.7.1965;0;38
SANI;851;15.5.1964;788;63
ZIFA;11;16.10.1944;0;11
SUAL;286;9.12.1968;6;280
ADVIYE;2169;21.5.1955;0;2169
FADIMANA;7059;1.3.1968;0;7059
NEBAHET;191;17.6.1957;0;191
CADIYE;28;18.3.1958;0;28
NUBIYE;13;25.2.1960;0;13
FITOZ;22;28.1.1953;0;22
TANYEL;157;22.1.1972;87;70
AYTUNC;483;12.5.1979;480;3
CIHANER;35;6.11.1977;34;1
FELIT;143;10.4.1967;143;0
VACIDE;1145;26.12.1957;0;1145
ZAIDE;3530;30.4.1961;0;3530
BERHAN;502;13.3.1977;400;102
MUJGEL;9;25.8.1958;0;9
ABDULHADI;2222;18.6.1965;2221;1
HANBEY;74;8.8.1960;73;1
SAHRUBAN;4;18.10.1954;0;4
TEKMINE;14;9.10.1968;0;14
NARIFE;26;8.5.1971;0;26
AYGULER;30;11.7.1968;1;29
ABU;45;13.5.1962;42;3
HIZIR;4856;26.8.1966;4854;2
GOKBURAK;2;17.8.1987;2;0
HAYRUNISA;377;13.8.1965;0;377
CANSER;897;10.3.1971;134;763
BUNYAMI;1287;2.2.1970;1286;1
NILSUN;98;2.8.1976;0;98
HAFIZA;2775;22.3.1955;0;2775
FEREHA;9;29.4.1968;0;9
MUAVIYE;67;9.8.1969;28;39
FEMIN;7;16.1.1960;1;6
SELHATTIN;426;15.3.1973;426;0
ULZILE;2;5.8.1962;0;2
ZENURIYE;35;22.9.1964;0;35
HETEM;187;6.8.1969;183;4
ELHAS;17;25.6.1957;15;2
NESLAHA;1;25.5.1967;0;1
ZEHLIHA;1;28.5.1943;0;1
GULBENGI;6;23.7.1973;0;6
ERZAN;143;9.2.1969;42;101
SULFIKAR;5;24.11.1966;3;2
SIYASET;1082;28.6.1969;8;1074
ZIYAFET;260;18.1.1962;66;194
ILKINAY;6;18.1.1974;0;6
NOYAN;345;9.3.1975;319;26
MERTCAN;536;22.3.1989;536;0
GARIPSAH;439;29.2.1979;2;437
DILARE;238;15.7.1971;1;237
GOLCIHAN;2;2.8.1953;0;2
YUNIS;6005;14.6.1966;6005;0
ANZELIHA;230;24.3.1967;0;230
URFU;13;21.8.1960;10;3
SEVIDE;275;27.2.1966;0;275
FATIMETUZZEHRA;99;23.1.1966;0;99
SAHINAZ;2225;10.9.1961;0;2225
NURSEVIM;218;9.2.1972;0;218
MAFIRET;46;13.12.1968;2;44
SELEN;3795;9.6.1984;15;3780
AFSIN;348;28.10.1979;333;15
MUSFIKE;29;7.2.1961;0;29
HEYBETULLAH;354;27.4.1973;310;44
HIMET;61;29.12.1967;48;13
SEMIA;608;2.5.1961;0;608
NURZAT;75;23.5.1969;73;2
MUZEYEN;1430;2.1.1969;0;1430
TEVHIT;358;15.10.1963;358;0
ENBER;47;5.8.1952;9;38
HACARA;25;10.4.1968;0;25
BESIYE;200;20.10.1967;0;200
SAHHANIM;776;22.6.1954;0;776
ERGULU;373;3.2.1972;363;10
KEZIBA;151;20.6.1959;0;151
FELEK;3435;24.10.1972;59;3376
MUCUZET;3;12.12.1967;1;2
SAYAN;481;4.10.1961;40;441
IFTIHAR;124;3.11.1964;6;118
GURLER;216;13.1.1971;194;22
BURAKSAN;3;20.3.1985;3;0
TAYIBE;1499;9.6.1965;0;1499
ZIBA;251;22.5.1958;0;251
SAHMERDAN;125;16.6.1959;124;1
TEMIR;362;2.8.1961;360;2
OSMANBEY;7;14.4.1964;7;0
MAHBUBE;1295;13.8.1960;0;1295
CAVIDE;3344;8.6.1957;0;3344
HORIHAN;159;10.4.1957;0;159
SARIVAN;54;11.1.1958;0;54
FAKIDE;227;14.10.1965;0;227
GEZAL;355;10.8.1963;2;353
MAISE;88;10.7.1968;0;88
ZIYADIN;224;30.3.1968;224;0
NIZAMEDDIN;650;6.11.1963;650;0
ABDULVESAH;13;19.12.1972;13;0
ADABIYE;3;28.10.1969;0;3
HUMMET;1010;4.6.1966;1005;5
ENKARI;9;18.11.1976;9;0
EMRAN;434;3.4.1976;210;224
NECATIN;354;30.11.1963;354;0
RADIFE;1240;30.1.1965;0;1240
NISI;22;29.9.1941;0;22
GAZALI;2411;1.5.1960;29;2382
SUKRIYAN;12;4.3.1967;0;12
BASIYE;32;7.8.1961;0;32
SAHIME;788;23.12.1958;0;788
ABDULHALUK;532;24.2.1977;532;0
NEZIBAN;5;8.12.1959;0;5
SEVLIYA;22;28.9.1978;0;22
SEVRAT;4;18.11.1967;0;4
ARAFAT;1392;6.4.1974;1376;16
NAZIBE;25;27.6.1960;0;25
ASIF;388;13.5.1966;388;0
RAKIP;771;3.2.1967;771;0
NIYASE;111;23.5.1958;0;111
MUTEBER;4077;30.10.1956;23;4054
SUNGUL;95;22.10.1973;1;94
SATILMIS;23347;3.7.1962;23241;106
OLGA;641;19.10.1973;23;618
ULVI;2202;14.3.1967;2192;10
HARAFET;1;4.6.1974;0;1
MENIVE;7;29.7.1964;0;7
ERMUSTAFA;2;24.2.1970;2;0
MINIRE;2024;5.2.1960;0;2024
HUZIFE;4;25.3.1973;4;0
HUKMET;93;7.3.1972;57;36
TALET;665;4.6.1966;661;4
BERFIN;469;30.8.1985;2;467
RAFIKA;189;28.11.1960;0;189
MUSUDE;189;8.2.1963;0;189
SEYYIT;418;25.11.1967;414;4
REMIZYE;5;25.2.1988;0;5
NURBARI;2;9.5.1984;2;0
HIBANUR;1;23.3.1991;0;1
HANDENUR;54;5.6.1989;0;54
SAFIRE;694;7.3.1964;0;694
BACI;169;28.9.1956;0;169
HAYRELNISA;3;9.3.1968;0;3
HULUSU;180;30.4.1960;180;0
KOZAG;6;3.2.1967;0;6
YALITE;1;21.3.1971;0;1
SERAFEDDIN;632;12.9.1958;632;0
SEZAK;1;29.10.1979;0;1
GULUZ;163;22.8.1969;0;163
HINDO;16;8.11.1944;7;9
RAYIF;744;21.12.1963;742;2
HUMAYUN;308;7.6.1953;5;303
KIMET;652;11.1.1965;0;652
SAHIMERDAN;110;27.5.1962;109;1
BAKIR;974;14.3.1968;973;1
ZIRAF;89;4.3.1958;0;89
HURUYE;701;30.3.1961;1;700
NESRIYE;213;27.1.1969;0;213
MAGFERET;6;29.6.1950;0;6
TELHA;103;26.7.1969;99;4
IMUHAN;12;14.4.1951;0;12
OKKAS;2110;20.10.1954;2109;1
ENSARI;800;19.11.1974;800;0
OLKAN;335;6.8.1983;333;2
NIDAY;6;14.5.1976;3;3
ZUBER;196;23.4.1959;188;8
IDE;1204;25.4.1963;1;1203
LEVRENDE;1;6.8.1955;0;1
MEZHER;410;25.7.1971;410;0
ABDULNUR;28;15.9.1969;28;0
CANEY;56;19.11.1956;2;54
KONCAGUL;366;28.11.1967;0;366
FAKIR;51;13.8.1970;48;3
ERSAHIN;34;28.1.1966;34;0
GORGUN;218;5.11.1969;185;33
MAKUL;506;13.10.1969;7;499
MEFTUN;883;22.8.1972;650;233
ABDULBARI;2445;13.6.1964;2445;0
ZUMRE;232;25.11.1970;12;220
ALISER;52;29.1.1970;51;1
MUJGE;22;27.2.1984;0;22
IFAGET;112;15.12.1957;0;112
MEHMETKENAN;1;14.2.1984;1;0
RAIDE;73;6.5.1969;0;73
IFRET;18;20.8.1963;3;15
ZUMRA;393;21.6.1981;2;391
ORCUN;3610;8.10.1984;3604;6
EGEHAN;46;4.10.1985;43;3
NILDA;295;4.3.1981;0;295
HALIDUN;277;17.12.1960;277;0
BEDIRSAH;26;2.3.1953;15;11
RAMO;13;11.6.1941;13;0
RAMAZANI;5;28.1.1965;4;1
ZINETE;72;28.4.1958;0;72
ABDULGAFFAR;474;18.1.1968;474;0
SADRETTIN;3082;18.8.1966;3082;0
ABDULSELIM;211;10.3.1973;211;0
DINAY;16;19.9.1974;5;11
SEMUN;198;9.12.1957;198;0
SIZAN;15;12.4.1967;0;15
IKLIMA;389;19.4.1973;0;389
SEYYAL;113;3.11.1971;3;110
HAFSA;159;19.5.1981;0;159
RABIE;218;8.10.1958;0;218
INNA;80;24.5.1975;0;80
EGESOY;1;22.8.1989;0;1
SEYIBE;90;24.8.1961;0;90
HARBINAZ;395;11.7.1966;0;395
SAHANDER;473;24.3.1961;9;464
KAYOS;22;4.8.1956;0;22
ELYEM;1;3.1.1991;0;1
VELIYETTIN;29;2.12.1963;29;0
PEYRAN;13;26.7.1965;0;13
SEZCAN;289;3.1.1978;106;183
DEFNE;619;26.3.1979;0;619
MENDIFE;69;29.9.1963;0;69
TABIBE;31;14.8.1964;0;31
MUNUFER;167;18.10.1972;0;167
TALIBI;6;19.4.1962;6;0
VAHTI;154;19.8.1963;154;0
SAYHAL;1;17.11.1959;0;1
NOMAN;753;7.11.1961;752;1
ESMI;61;11.12.1950;0;61
FIRKAT;375;15.3.1954;13;362
ONURSAL;180;7.3.1977;173;7
KURTAR;40;11.3.1966;38;2
BEBEK;73;24.6.1967;24;49
MULHIME;70;4.5.1953;0;70
OVUNC;286;15.1.1984;246;40
YOLDAS;330;28.1.1982;306;24
SAADEDDIN;58;20.5.1965;58;0
ADIFE;1511;28.9.1962;1;1510
ALSEN;4;19.2.1961;1;3
MAYREY;5;14.6.1935;0;5
TEVRIYE;32;25.3.1960;0;32
ATLIMAN;2;5.9.1966;0;2
NURTAS;84;3.1.1975;19;65
GULLUSTAN;78;7.7.1966;0;78
AYNIZELIHA;930;29.10.1966;0;930
SURAY;166;14.2.1978;110;56
AYNIHET;1;8.4.1957;0;1
GULLUHAN;516;28.9.1966;0;516
ERHAK;8;15.1.1978;8;0
ORDE;2;2.3.1952;0;2
MENDUHA;1154;20.5.1963;0;1154
HAZYAN;1;21.2.1984;0;1
BIRNAZ;1151;13.4.1966;0;1151
SEMIRA;1492;18.1.1972;0;1492
EDLIBAN;6;25.7.1959;0;6
YETIM;15;17.9.1955;14;1
TEMO;62;10.7.1951;59;3
ALIM;7688;24.8.1967;7557;131
NIGMET;3145;19.8.1967;78;3067
TOMRIS;926;13.10.1955;18;908
MEYRI;114;24.11.1951;0;114
TURKO;52;10.2.1950;7;45
GUREL;1032;15.9.1967;948;84
SIMAY;581;25.11.1984;23;558
BURSEV;3;2.1.1979;1;2
H.TAHIR;1;21.4.1959;1;0
GULDAN;1212;29.12.1970;4;1208
ARINC;44;15.3.1984;36;8
TACEDDIN;714;24.1.1962;714;0
YURDA;902;27.5.1970;41;861
GULDANI;23;6.9.1959;0;23
MEHIBE;296;10.4.1965;0;296
FELEMEZ;1600;7.9.1967;1590;10
VAHIYE;20;15.7.1964;0;20
SEZAY;195;24.2.1980;156;39
HANPUL;60;7.7.1962;0;60
GULSEM;545;19.1.1972;0;545
DUZGUN;1701;11.8.1971;1695;6
FIGAN;1267;25.11.1972;15;1252
SEHDIYE;135;19.3.1968;0;135
ABDULNAHIT;4;30.2.1968;4;0
TUNSAY;2;22.11.1963;0;2
DANIYAL;129;29.1.1962;129;0
ABDULKUDUS;198;15.11.1969;198;0
MECNUN;962;3.2.1977;879;83
HACIMET;18;9.5.1964;16;2
BARKIN;325;21.11.1983;313;12
CEBE;2;11.5.1964;2;0
SENDOGAN;1242;25.12.1970;1142;100
YASAM;240;26.9.1984;87;153
BELGE;20;30.8.1969;1;19
MUHTIN;1;1.12.1972;1;0
KELES;489;2.4.1958;474;15
EFRAN;16;20.5.1963;7;9
BATIFE;1;8.2.1934;0;1
RUHUGUL;230;16.10.1961;0;230
ALO;115;9.7.1938;113;2
ACEM;151;13.9.1964;121;30
SULENUR;43;14.4.1984;0;43
KARIBE;33;23.1.1957;0;33
YALIM;94;22.6.1976;92;2
LEYLASERPIL;1;1.5.1955;0;1
SEYMAN;177;20.5.1976;18;159
CINGI;4;18.6.1987;0;4
MUBIN;512;5.4.1967;372;140
MIHRAP;217;7.1.1984;24;193
NESLISAH;485;26.5.1980;5;480
UNSER;59;5.4.1954;8;51
GULMUS;26;4.1.1957;0;26
EYIP;237;10.1.1967;237;0
SOZER;156;16.1.1971;118;38
ZIYNETE;12;6.5.1962;0;12
KERI;9;19.10.1933;1;8
OLCAYTO;104;5.5.1972;103;1
KIBARET;32;3.2.1962;0;32
KURTSAD;1;28.4.1986;1;0
GULCEK;20;5.6.1969;0;20
ELVIN;735;26.8.1981;14;721
GULALI;646;3.9.1959;646;0
HAMID;402;12.12.1968;402;0
MINTEHA;432;20.1.1962;0;432
EGE;595;26.5.1983;368;227
CUMHURIYET;437;25.5.1971;81;356
MUNSIFE;1;18.9.1951;0;1
EMREN;107;19.2.1976;65;42
MAYNUR;572;26.4.1966;0;572
MURAD;1277;2.1.1971;1277;0
ZURYA;13;5.5.1963;3;10
SONNAZ;29;18.9.1969;0;29
SILEM;32;14.10.1984;1;31
MAVUS;1325;2.10.1956;1;1324
FATIMETUZ;28;23.7.1970;0;28
NURDOGAN;1840;11.9.1968;1293;547
BILENT;953;30.9.1972;945;8
KARACA;405;24.5.1963;393;12
SEYUP;13;7.11.1977;13;0
SERMA;92;17.7.1968;0;92
CELEBI;2623;22.5.1965;2601;22
SEVINAL;8;14.12.1973;1;7
PEYMAN;289;29.11.1963;10;279
KABIL;650;13.11.1964;648;2
ISMAYIL;866;17.12.1965;866;0
MUSTO;24;24.2.1940;24;0
SEFAI;373;19.3.1969;320;53
SIRADET;1;9.11.1945;0;1
MAHRIYE;60;27.6.1966;0;60
MACIT;2291;30.11.1963;2291;0
MISTO;73;26.5.1935;73;0
OMERI;112;24.11.1965;112;0
SEMAADDIN;3;15.10.1965;3;0
GULSEVEN;2430;15.1.1969;1;2429
GULSARA;25;16.9.1964;0;25
NURSER;166;9.9.1959;2;164
HALITI;1;19.12.1985;1;0
GOKSAN;153;23.8.1978;122;31
KUDBETTIN;608;13.6.1972;608;0
HAYRUNNISA;1884;13.5.1961;0;1884
GULRU;148;26.7.1979;0;148
SADETIN;20;7.3.1966;20;0
GULCAY;493;23.7.1976;5;488
EZRAIL;44;30.7.1970;44;0
ESMERAY;1024;29.6.1980;4;1020
EDEBIYE;146;4.6.1956;0;146
VECHA;1;27.1.1964;0;1
IMIRZA;51;5.4.1962;51;0
FATUMETUZ;9;11.12.1942;0;9
BUSEYNE;95;28.9.1969;0;95
ASFIYE;19;27.5.1962;0;19
MUHTESEM;728;10.8.1968;449;279
ESMEHATUN;3;20.9.1958;0;3
SADDET;122;13.1.1974;2;120
ANA;227;9.2.1961;0;227
GULSA;133;12.10.1970;0;133
MENCI;1059;9.1.1954;6;1053
ANZILHA;1198;24.11.1968;1;1197
IKBALE;197;3.11.1958;0;197
MUIN;47;25.12.1964;47;0
IZZETE;71;12.5.1950;0;71
ALAETDIN;103;6.4.1958;103;0
PEMBE;6530;13.10.1964;1;6529
TUGTEKIN;23;27.7.1972;23;0
NEVRIZ;92;13.6.1964;23;69
NONA;20;30.11.1966;0;20
ADELET;406;3.3.1969;8;398
TANIL;136;3.12.1976;132;4
SIYAT;39;21.5.1958;9;30
TALIHA;1690;19.4.1966;6;1684
BEDIZ;87;18.4.1968;10;77
BEDIYE;638;15.1.1967;0;638
MESTURE;531;11.12.1950;0;531
GOKSEMIN;16;8.10.1977;5;11
HATIP;2182;3.4.1968;2180;2
SURUDAN;1;22.2.1961;0;1
ERDAN;304;28.5.1964;286;18
MICAIL;1;28.6.1959;1;0
ESMANUR;205;11.3.1986;0;205
SEHRAP;14;6.3.1963;3;11
HURTUGBA;1;17.6.1989;0;1
FIRUZE;651;19.11.1975;0;651
AYKURT;78;3.7.1969;74;4
BESTANI;10;23.7.1966;10;0
APDULMUTALIP;2;12.3.1968;2;0
FERRAH;457;28.4.1974;28;429
IZZETIN;68;12.11.1969;68;0
POLAT;3234;7.9.1973;3233;1
SUPI;11;10.8.1966;11;0
ALIGUL;126;7.2.1965;126;0
NAIF;3899;17.4.1966;3895;4
FEZA;1063;4.8.1971;204;859
MERIH;2207;14.10.1969;813;1394
HURCAN;199;27.7.1975;102;97
RUSENA;2;25.2.1987;0;2
VAHIBE;728;25.6.1961;0;728
GOKTURK;442;6.8.1981;442;0
HAYALI;160;11.4.1965;157;3
TACETDIN;65;28.1.1965;65;0
SUHEYB;36;23.3.1984;36;0
NUROZ;4;8.1.1952;1;3
NEVAR;5;21.4.1956;1;4
SUMERYA;601;26.10.1985;0;601
NURISIK;18;12.4.1977;0;18
GOKCAN;604;17.9.1976;308;296
SABEDIN;76;16.1.1964;76;0
HURMA;290;19.12.1961;0;290
DURU;332;29.6.1963;38;294
GULIHAN;108;16.5.1965;5;103
HURCENK;1;5.6.1983;1;0
HANSA;220;26.3.1966;0;220
ESMIHAN;244;29.8.1969;0;244
NACETTIN;109;29.4.1961;109;0
FATIMETUL;33;8.2.1969;0;33
SEMINUR;306;11.1.1967;1;305
FEVZU;45;20.1.1956;45;0
KARASIH;3;20.9.1945;3;0
IZETTIN;986;13.4.1971;986;0
KIZHANIM;271;15.9.1949;0;271
SERVER;3101;3.3.1956;856;2245
RESMILE;1;21.3.1948;0;1
LEYLAI;4;24.8.1945;0;4
ZIYVER;9;1.6.1957;7;2
SIRMA;4040;23.7.1959;1;4039
ZOHRA;1269;28.12.1956;0;1269
ENUR;7;1.8.1969;5;2
ERISMET;1;1.11.1951;1;0
DENIZHAN;588;22.1.1981;521;67
OZLEVENT;1;12.1.1977;1;0
KURDO;26;9.2.1950;25;1
CILE;564;2.12.1978;7;557
DURAY;414;15.4.1970;227;187
DEMIRAY;171;23.10.1965;163;8
HILKAT;162;29.11.1957;25;137
TUNCEL;1073;16.9.1965;1037;36
EYUB;284;21.1.1970;284;0
REMO;46;9.3.1941;45;1
BENLI;209;19.9.1961;55;154
SAYME;445;27.11.1968;0;445
TACI;423;1.8.1964;375;48
GULTAC;274;28.9.1975;10;264
BILFER;57;11.8.1976;0;57
ATANUR;1195;27.12.1971;1131;64
MIHDAT;110;16.1.1965;110;0
RANE;89;17.1.1960;0;89
NURSEMA;453;1.6.1977;1;452
UVEYIS;262;22.2.1958;36;226
GOKDENIZ;65;25.6.1981;57;8
GULUPER;6;4.8.1970;0;6
VEHIME;6;12.9.1951;0;6
TURKOGUZ;1;26.4.1985;1;0
M.ERDOGAN;4;15.5.1940;4;0
SAHAMET;16;17.9.1965;5;11
ABUS;56;26.8.1950;53;3
CAVAT;645;25.5.1961;645;0
MIGDAT;104;2.2.1964;104;0
CEZMIYE;79;3.11.1960;0;79
PERI;1992;24.10.1958;0;1992
NAZIDE;96;28.5.1959;0;96
GORSEN;19;13.1.1965;2;17
AYSUM;12;6.3.1975;0;12
KAPLAN;712;27.3.1960;710;2
GULSENIN;24;5.12.1955;0;24
GAHURE;1;20.3.1936;0;1
SELAADIN;2;14.3.1956;2;0
MEBURE;54;12.10.1959;0;54
AYLE;230;26.11.1969;0;230
DUDUNUR;8;8.12.1985;0;8
BAHIDDIN;127;3.10.1962;127;0
NURUYE;78;2.8.1958;0;78
ARAP;3648;13.8.1959;3175;473
ADIFET;37;1.9.1961;0;37
KIBRIYA;339;8.9.1959;3;336
BESSIY;5;13.2.1941;0;5
VENHER;29;29.3.1971;2;27
VEHIP;220;1.1.1969;220;0
NUVEYYER;3;16.1.1953;0;3
HATURE;1;7.12.1972;0;1
BAVER;196;1.8.1987;180;16
VAHTEDDIN;24;19.12.1962;24;0
NURSAN;1081;26.12.1971;28;1053
HAMOS;8;6.10.1944;5;3
VAHTETIN;8;28.8.1963;8;0
SUMERA;22;21.6.1980;0;22
SUTYE;45;3.12.1971;0;45
OMERULFARUK;79;20.1.1965;79;0
TURABIYE;11;6.11.1965;2;9
GULAVER;123;26.2.1961;4;119
BULUTKAN;2;5.1.1989;2;0
RUFET;381;27.6.1962;374;7
SIRET;142;26.2.1962;68;74
SEBIYE;578;7.2.1961;0;578
BAGDET;2;15.6.1962;1;1
TEYBE;153;4.1.1961;0;153
SAVKI;274;4.4.1957;272;2
PIRHASAN;30;22.9.1969;30;0
MARIYE;1108;8.1.1968;0;1108
MUHUBET;590;4.9.1965;1;589
HACKUR;2;10.1.1948;0;2
MUADDET;24;5.1.1951;0;24
NEZIRE;4350;7.7.1962;0;4350
IMSAL;53;24.5.1963;13;40
SEMDIN;498;2.10.1966;498;0
FIDYE;7;20.3.1960;0;7
LAMIHA;174;18.4.1971;0;174
SEYHMEMET;3;30.6.1962;3;0
VAKIF;270;22.5.1967;269;1
GULFEN;528;9.5.1966;2;526
DAMLAGUL;27;21.1.1984;0;27
SUMEYE;203;25.12.1986;0;203
BETULHANIM;1;26.5.1972;0;1
MARINE;40;4.7.1968;0;40
VADIHA;35;16.2.1967;0;35
ANSARIYE;1;13.3.1984;0;1
FERUDE;11;15.2.1959;0;11
VEDIHE;28;23.7.1958;0;28
ZEYYAD;37;26.6.1972;37;0
DILSIZ;1;12.8.1929;1;0
SUMEYHA;58;25.7.1984;0;58
UMMIYE;3210;9.10.1962;0;3210
AZEM;919;8.1.1969;893;26
SALLI;886;27.12.1953;9;877
SUDUYE;57;4.7.1962;0;57
GOGERCIN;1443;15.8.1962;0;1443
HAVIHAN;2;20.10.1944;0;2
MUZZAFER;49;30.6.1973;47;2
MUESSER;2433;25.10.1961;10;2423
SEVHE;3;18.4.1964;0;3
SAHADIN;3;30.4.1969;3;0
RUFAT;621;22.3.1958;616;5
MAHFIRET;13;10.9.1976;0;13
HIBA;56;4.4.1969;4;52
MUSEBIYE;161;27.7.1960;0;161
HANDAL;19;21.9.1967;3;16
SELAM;715;25.10.1969;686;29
ABDURREZZAK;1220;24.12.1971;1220;0
MEHRIYE;493;6.6.1958;0;493
SEDAGUL;44;20.10.1982;0;44
UMMIHAN;2244;20.9.1964;1;2243
UFIKAN;1;3.8.1968;0;1
ALTINEY;2;13.2.1950;0;2
MESUKE;8;30.1.1967;0;8
AIYSE;12;26.1.1960;0;12
GAMZEGUL;86;1.12.1986;0;86
SAHESTE;349;24.9.1962;1;348
ABA;29;24.12.1964;25;4
SAZIME;909;8.6.1962;0;909
SEMACAN;2;19.7.1977;0;2
ZERIHAN;74;19.3.1963;0;74
SARFINAZ;142;8.6.1957;0;142
SENAL;858;15.12.1966;309;549
EBRUHAN;24;29.10.1980;3;21
SUZIN;23;17.1.1971;0;23
USLAN;5;12.3.1969;4;1
YUVAHIDE;1;29.9.1936;0;1
HAYRETDIN;150;19.10.1962;150;0
GULDESTE;1361;29.9.1960;0;1361
H.BAYRAM;29;21.1.1955;29;0
FERASET;270;9.5.1959;35;235
ISHAF;1;8.6.1964;0;1
HAKIFE;140;27.12.1959;0;140
KIBIRIYE;17;5.7.1964;0;17
MUSUKAN;1;2.10.1963;0;1
MUKATTES;190;5.9.1963;0;190
NALIME;4;19.3.1973;0;4
FIRGAT;118;14.7.1957;1;117
GULNIDA;18;19.10.1975;0;18
CENNIY;1;4.5.1981;0;1
HEKMET;310;6.3.1959;212;98
NESIRE;140;11.9.1965;0;140
HATIS;12;6.1.1952;0;12
CEZVANUR;35;4.4.1962;0;35
MAKBULIYE;78;3.2.1960;0;78
SEHURE;366;10.12.1953;0;366
FAHRETDIN;142;26.6.1961;142;0
ZEREN;377;8.10.1976;17;360
ABDULBASIR;128;17.12.1974;128;0
FERIZ;228;20.10.1962;170;58
SEVIRAN;3;4.12.1976;0;3
GANIMET;2320;8.1.1964;33;2287
NEFER;53;17.10.1974;45;8
ILDA;178;22.3.1967;1;177
NURTANSU;1;29.8.1986;0;1
TUGKAN;79;5.4.1985;79;0
UBEYDULLAH;1282;9.6.1974;1282;0
ZULKEFER;1;29.12.1954;1;0
ZUKEYNA;1;19.6.1948;0;1
CANDEMIR;295;7.7.1973;295;0
SEMIRAN;250;15.5.1966;0;250
HUREY;5;10.4.1944;0;5
ISTEK;593;9.2.1983;50;543
RESVET;4;7.2.1977;4;0
MUZAHIM;11;25.3.1962;6;5
DOGUHAN;150;2.10.1987;150;0
MELAHET;280;28.9.1952;0;280
IHYA;76;24.2.1965;56;20
HACIBEKIR;114;1.9.1963;113;1
YEKTANE;89;13.3.1960;0;89
MURATHAN;481;20.9.1980;481;0
NECIBIYE;106;12.9.1963;0;106
MIKTAD;239;22.7.1962;239;0
HOMAK;49;2.3.1955;0;49
MERHEC;1;20.2.1965;0;1
KADEFE;2;4.11.1950;0;2
ULKUHAN;214;18.3.1982;5;209
CESIM;3473;14.5.1974;3470;3
GULIN;2130;3.12.1977;32;2098
LUTFETTIN;157;6.4.1962;157;0
MEFTUNI;41;11.9.1968;40;1
HATICETUL;121;3.1.1975;1;120
NURCELAL;2;8.5.1954;2;0
NACER;7;8.4.1967;0;7
MENUH;35;6.7.1963;35;0
SEMRAN;718;19.2.1968;7;711
REFET;334;18.10.1949;314;20
SADIME;274;3.9.1961;0;274
SERVIN;327;13.9.1970;7;320
ZEYNEB;1070;30.6.1966;0;1070
FECRIYE;1431;2.9.1963;0;1431
DERAN;34;12.5.1981;13;21
MUKTAT;101;4.5.1957;101;0
MERAY;256;28.6.1975;13;243
SERPIN;519;7.2.1961;1;518
EZER;51;16.10.1969;39;12
HATUNKIZ;33;11.8.1949;0;33
YEKTA;1116;11.1.1971;762;354
ENTUL;2;29.12.1972;0;2
RUHSER;82;24.7.1951;0;82
ASIKO;2;11.5.1933;0;2
SEN;544;22.11.1954;111;433
BATIHAN;40;22.10.1986;40;0
NURTEKIN;495;6.11.1969;434;61
MUHIB;13;3.7.1963;13;0
ALAHATTIN;669;23.11.1966;669;0
GOZDEM;133;17.11.1985;1;132
TERLAN;519;1.1.1960;3;516
ASSIYA;247;13.11.1964;0;247
KUBRANUR;111;13.8.1989;0;111
CANEL;210;9.1.1976;125;85
ZELIYHA;193;21.12.1963;0;193
BEDIRI;70;20.6.1964;64;6
VEFIK;88;19.4.1965;88;0
SAZEDDIN;2;30.11.1947;2;0
HAMDISANA;1;23.10.1961;1;0
HANIMSAH;1269;4.9.1969;0;1269
SEYBAN;35;14.12.1974;10;25
FETIH;708;24.7.1970;707;1
FIDOS;94;22.5.1945;0;94
SAFI;1019;22.10.1963;889;130
BELKISE;537;3.12.1961;0;537
HURSEHIT;57;21.6.1969;57;0
ISLAM;6437;9.5.1972;6417;20
NABIDE;22;10.9.1951;0;22
GURSAT;149;13.11.1974;148;1
BUSRAN;23;24.1.1979;0;23
ZENURE;915;5.11.1966;0;915
ALMAZ;139;5.4.1965;2;137
ILIM;177;5.4.1977;90;87
AYBERK;556;10.11.1984;520;36
ESRAGUL;49;4.8.1984;0;49
HALIMIYE;6;26.7.1964;0;6
SARBAY;3;9.5.1968;3;0
SELVET;3550;5.9.1961;1015;2535
ASLIHANBAHAR;1;10.6.1986;0;1
MUNAFER;7;12.4.1955;0;7
SUAYB;155;6.1.1980;155;0
MAKBERE;5;5.7.1962;0;5
SAHBAN;67;14.3.1971;66;1
MUCTEBA;213;16.7.1965;200;13
CEVZAT;55;27.6.1970;55;0
RUKIYET;62;28.1.1968;0;62
TUGCA;50;1.8.1985;13;37
ERIN;69;12.2.1972;33;36
HAMIRE;260;4.9.1957;0;260
ASLINUR;181;24.3.1985;0;181
IDIRIS;2309;9.2.1966;2309;0
FELEKNAZ;1756;3.3.1965;0;1756
GUVERCIN;1287;11.1.1968;0;1287
KAZIBE;220;19.11.1957;0;220
HAVLATA;4;9.3.1964;0;4
YURDANE;22;11.7.1962;0;22
NEZRAN;4;15.10.1949;0;4
SEDREDDIN;124;24.3.1963;124;0
SENEHA;16;14.2.1964;0;16
KANIYE;3860;17.4.1956;0;3860
ELINAY;1;1.12.1977;0;1
AFET;3293;22.2.1957;87;3206
SAYKA;8;1.10.1958;0;8
FERHUNDE;976;22.4.1957;0;976
SELMAGUL;14;28.1.1975;0;14
IDARE;14;9.8.1954;8;6
NARDANE;897;20.1.1964;0;897
NUTFIYE;386;22.8.1959;0;386
MIYESER;1315;16.11.1969;0;1315
ZEMZEMO;6;12.11.1960;0;6
UNMIYE;2;25.12.1973;0;2
SEHLAN;73;7.12.1964;65;8
MAHAP;20;4.7.1955;19;1
NURDEN;386;15.9.1964;2;384
SELAME;121;6.5.1960;2;119
ZEMIL;4;25.1.1966;3;1
ELPIRI;1;12.6.1965;0;1
UGURTAN;147;7.8.1970;136;11
ORDEGUL;9;22.10.1964;0;9
NIVIT;24;17.8.1968;16;8
INCINUR;195;25.5.1976;0;195
EDNUBAN;1;12.3.1965;0;1
MURSIN;27;11.10.1960;22;5
CUMHURIYE;106;11.1.1959;0;106
MALIKE;1589;4.10.1962;4;1585
ERDIN;1100;17.10.1970;1079;21
GUNEL;576;29.12.1962;87;489
ARZUHAL;30;21.8.1976;0;30
ABDULLILLAH;24;17.10.1979;24;0
SALAHATIN;14;15.7.1961;14;0
SECAAT;43;17.12.1952;15;28
NEZAHATTIN;23;8.10.1956;19;4
MELEKNUR;94;29.6.1974;0;94
SAYIMA;282;15.10.1964;0;282
GURSELAN;5;26.1.1973;0;5
KEMALE;226;5.11.1956;0;226
BESIN;81;6.12.1971;58;23
BOCUK;3;15.1.1960;2;1
HUDAIKUL;1;12.8.1983;1;0
MERIVA;2;1.2.1977;0;2
BERKAY;2064;6.3.1986;1997;67
BEDESHAN;1;2.9.1938;0;1
MEDEHAT;5;27.3.1962;0;5
ABDULSEMET;1337;1.12.1973;1337;0
FATUMETUZEHRA;1;2.7.1975;0;1
NEVA;94;16.9.1976;2;92
SERAFFETTIN;37;6.12.1961;37;0
SEYDAGUL;29;21.7.1979;0;29
ELKA;6;8.3.1968;1;5
ALIADDIN;26;19.5.1965;26;0
ZURIYE;676;19.4.1959;14;662
SAYLAN;116;4.3.1970;53;63
FEZAN;19;1.1.1972;5;14
EDAGUL;41;14.6.1982;0;41
YETIR;7;17.11.1969;0;7
SATIM;13;19.4.1958;12;1
BUKADAR;1;7.6.1973;0;1
GULSAT;87;7.7.1969;8;79
NADIRET;52;21.9.1956;0;52
AYSEMIN;241;15.7.1978;0;241
MISLICIHAN;27;7.10.1956;0;27
MUNIBE;1013;11.7.1956;0;1013
MANOLYA;630;8.8.1981;1;629
GURCUHAN;19;27.11.1971;0;19
GUSSUN;840;27.11.1967;0;840
MUJDE;4851;15.5.1982;17;4834
FEVZULLAH;443;6.6.1970;443;0
ABDULKAZI;14;11.7.1958;14;0
PERVINDE;2;12.6.1956;0;2
ZERI;600;6.10.1950;3;597
AHMETDURAN;17;18.6.1966;17;0
URFI;226;21.12.1962;222;4
ILDENIZ;129;1.2.1977;57;72
SELADDIN;79;13.9.1960;78;1
SEMSINAZ;80;4.4.1958;0;80
BELKISA;893;7.11.1962;0;893
SEVIME;317;11.1.1958;0;317
AYDANUR;971;2.2.1974;7;964
HULUSIYE;30;11.4.1954;0;30
SALAHAT;44;10.1.1967;0;44
ERDIHAN;243;3.2.1974;15;228
LEBINE;8;10.12.1973;0;8
MESLEHA;6;14.10.1971;0;6
RIVAYET;317;10.4.1958;9;308
MEYSUN;122;9.5.1962;3;119
MUTAHHARE;29;10.12.1954;0;29
OZTUN;5;2.6.1982;5;0
MEHIN;14;30.2.1966;6;8
MEYDAN;115;8.3.1959;109;6
AYSEGULPERI;1;27.9.1943;0;1
HAKSEVDI;3;22.11.1944;2;1
HAYRUN;76;13.7.1975;8;68
RENIN;51;8.9.1970;0;51
ATAMER;140;8.1.1968;138;2
YEKAN;1;16.5.1974;0;1
BATURALP;79;29.3.1987;79;0
FAKIYE;338;24.11.1959;0;338
AZRA;299;20.4.1978;4;295
GULSERAY;10;10.4.1970;1;9
NEVZIHA;1;27.11.1940;0;1
ESMEHAN;1680;13.6.1963;0;1680
SERDIN;170;8.6.1968;167;3
NAZLIM;378;23.7.1966;288;90
HAYRINISAN;7;1.4.1964;0;7
SUKRETTIN;177;1.12.1963;176;1
MUYASE;67;23.3.1960;0;67
MEMETALI;245;20.1.1958;245;0
MEDINEHAFIZE;1;20.1.1976;0;1
SEDAHAT;8;6.7.1963;1;7
YUSRA;1108;8.9.1981;1;1107
NEVCIHAN;841;20.8.1966;22;819
SUNAR;217;28.6.1969;75;142
HALISIYE;7;20.8.1958;0;7
SUUM;1;7.5.1976;0;1
ALKIM;155;16.7.1982;90;65
AKIDE;1401;11.12.1968;0;1401
HAVVANUR;408;19.4.1984;0;408
AYILE;16;8.1.1964;0;16
SAHICIHAN;7;4.1.1958;4;3
SAHSENE;1426;13.7.1957;0;1426
ALEM;229;26.8.1967;94;135
AYLENUR;5;11.5.1975;0;5
BETRETTIN;8;2.1.1968;8;0
HURSEL;69;1.3.1963;9;60
MAHIPERUZE;1;18.6.1948;0;1
MUNUBE;310;4.4.1963;0;310
LAURA;49;7.2.1976;0;49
MUHTAD;13;29.5.1965;13;0
ARIKAN;176;2.12.1974;168;8
AZIZENIHAL;1;26.3.1974;0;1
FATIMESEMA;1;20.3.1946;0;1
SILAN;446;24.10.1987;4;442
BERKUTAY;13;27.12.1983;13;0
NURPER;266;14.9.1969;0;266
FERHAD;86;26.4.1972;86;0
HALILIBRAHIM;1234;7.11.1965;1234;0
FEYZETTIN;138;23.9.1975;138;0
MUFERRAH;96;20.6.1955;4;92
NAZIMEN;6;25.10.1967;0;6
LALEN;14;18.3.1971;0;14
YONTEM;24;12.6.1978;8;16
UMMAN;241;18.5.1967;65;176
NEZIYE;1343;13.4.1960;0;1343
GULGULAY;4;26.3.1975;0;4
PEYAMI;236;7.8.1967;232;4
TEZIBE;2;7.3.1966;0;2
ESLIYE;7;25.1.1955;0;7
ARZIYE;752;26.3.1955;0;752
FERZENDE;2081;22.4.1962;2077;4
HISAR;127;28.4.1974;119;8
TALIHE;603;3.5.1963;0;603
AZIK;2;24.2.1958;0;2
HACIM;460;25.9.1970;457;3
SADIN;460;13.5.1968;457;3
ATVIYE;48;9.2.1962;0;48
MAHPERA;6;16.1.1977;0;6
ARKAN;161;14.3.1976;161;0
BAHIR;195;18.8.1963;193;2
EMANET;455;17.6.1968;175;280
MUHAREM;305;4.12.1971;305;0
ZILFI;1469;23.4.1959;109;1360
AMER;16;6.5.1962;15;1
MURRUVET;162;9.7.1955;0;162
GAFAR;108;15.5.1966;106;2
HANZAN;1;27.10.1980;0;1
MUNIRIYE;85;5.11.1961;0;85
PAPATYA;256;19.9.1975;0;256
GUVENC;765;21.9.1978;721;44
MUFIK;4;5.8.1959;4;0
MEYHUBE;9;16.7.1975;0;9
KASAP;23;29.1.1959;22;1
MEDAHAT;11;20.3.1955;0;11
NEDIMAN;95;3.8.1957;0;95
SEHNAS;47;22.6.1974;0;47
TEKGUL;348;21.3.1974;1;347
MEFHARET;644;12.8.1958;1;643
ASMAN;29;21.1.1955;2;27
ERSINA;1;18.5.1976;0;1
NAYLA;130;21.12.1962;0;130
MUKEREM;97;17.12.1970;18;79
ZAKIR;2858;18.4.1965;2855;3
LIMAN;406;23.9.1960;110;296
HONKAR;11;17.1.1962;6;5
OMRAN;134;16.11.1968;55;79
GULRUH;159;5.12.1959;0;159
KUTLUAY;157;22.12.1971;124;33
YURDAL;623;12.6.1971;594;29
VAYIT;48;10.9.1962;48;0
SEYDAL;11;14.8.1973;9;2
BUMBUS;4;24.10.1957;0;4
FAIGA;7;25.1.1955;0;7
NACIFE;103;24.6.1959;0;103
FERAT;4757;10.3.1974;4743;14
SOLEN;206;23.7.1978;19;187
MERHAMET;63;22.2.1971;8;55
SAMIYET;68;8.6.1968;0;68
KARANI;513;16.4.1963;513;0
MUHAMEDDIN;1;14.1.1968;1;0
MURIVET;196;21.9.1963;1;195
SUSEY;7;5.3.1938;0;7
NAZLIYE;1329;30.9.1962;0;1329
AJDA;1092;23.3.1981;0;1092
GUN;209;8.11.1970;118;91
SUBER;58;8.7.1973;2;56
YARALI;6;15.9.1965;6;0
CEYRULLAH;5;5.9.1965;5;0
NEFSIYE;59;6.12.1960;0;59
NUPER;1;8.5.1969;0;1
IKLIME;1031;18.7.1961;1;1030
RITVAN;550;29.3.1969;545;5
HUSREV;843;4.5.1965;842;1
EYUPOSMAN;1;24.3.1974;1;0
RUYAM;103;17.3.1977;4;99
ALPTEKIN;933;19.9.1974;933;0
BILGISER;40;2.2.1971;0;40
SEBAHE;6;9.2.1950;0;6
ABDULNAFI;19;4.8.1965;19;0
ABDULBER;2;12.9.1981;2;0
CEBBAR;728;18.9.1962;720;8
NURHANI;24;27.3.1971;13;11
ANI;542;27.12.1961;7;535
GULUSA;7;22.3.1963;0;7
BIRAND;54;15.3.1985;49;5
SEBILAY;139;4.6.1977;0;139
RIFAKAT;8;25.3.1960;0;8
GULEFER;1132;2.1.1964;1;1131
ZIVA;29;3.12.1968;0;29
MAYIDE;199;15.1.1964;0;199
SAHVER;787;29.1.1956;10;777
SUHABI;4;4.6.1973;4;0
RAYET;96;21.1.1966;46;50
YELTEN;13;5.6.1972;2;11
TANSENAR;1;20.8.1967;0;1
SERTTAC;1;24.2.1984;1;0
SIRRIYE;163;22.3.1950;0;163
HANZI;112;28.8.1948;0;112
HACIALI;416;24.5.1966;416;0
VAHAPGOL;1;27.8.1926;1;0
MIYENNES;1;26.3.1982;0;1
HEDO;232;12.1.1950;3;229
TAZEGUL;1173;27.1.1964;1;1172
SEHPEREN;1;11.6.1949;0;1
OSMANNNURI;1;8.11.1945;1;0
ASGAN;4;15.10.1947;0;4
BABA;573;22.1.1957;573;0
GENIME;45;19.12.1958;0;45
SEYNA;35;5.1.1977;0;35
SADRI;949;17.3.1962;949;0
MUHTESIM;187;16.11.1974;180;7
TAKETTIN;7;3.11.1961;7;0
RAHANEY;4;16.12.1943;0;4
OZAYDIN;133;30.9.1971;133;0
CENAP;1204;9.6.1971;1188;16
TOKAR;3;9.9.1957;3;0
MEMURIYE;57;15.7.1958;0;57
GULDEM;1031;22.7.1976;1;1030
HASIMI;3;4.7.1967;1;2
DERDIYE;472;17.9.1962;0;472
TURKEL;71;21.1.1964;47;24
HASSIK;1;1.7.1956;1;0
KAHRIBAR;49;18.4.1976;0;49
ERUL;36;2.11.1951;36;0
AZIZIYE;115;2.7.1958;0;115
IKRIME;27;6.3.1973;2;25
HAFERI;1;2.3.1957;0;1
ZUZAN;170;13.2.1979;0;170
A.;412;8.5.1952;394;18
HICIRI;2;14.2.1976;2;0
BAYSAL;244;30.3.1969;229;15
CIMEN;3364;12.8.1978;18;3346
SUKURDAR;2;10.7.1973;1;1
GULEMDER;20;17.8.1968;0;20
TECELLI;188;22.9.1972;170;18
DURYE;73;4.1.1964;0;73
BEDEHA;3;2.11.1961;0;3
MEDIHE;375;25.2.1954;0;375
SERBI;7;1.2.1968;0;7
CAHIRE;12;15.12.1971;0;12
AHSEN;1616;3.5.1972;216;1400
GULTEZE;29;15.12.1962;0;29
ZAHIR;2721;25.3.1967;2465;256
NACDET;3;3.1.1961;3;0
ULKEN;189;19.12.1967;44;145
HAYREDDIN;1295;15.11.1963;1295;0
GULMEZ;132;4.6.1964;10;122
AZMIGUL;7;11.3.1953;0;7
NUSIYE;24;16.10.1960;0;24
SAHADETTIN;48;14.4.1963;48;0
MASURE;8;3.5.1966;0;8
SANAL;70;23.12.1957;49;21
ZULCIHAN;11;6.2.1975;0;11
BIRSIN;80;4.5.1963;16;64
MUYRET;6;10.5.1965;1;5
FERIDA;35;7.6.1971;0;35
SENAHA;9;29.2.1967;0;9
HUREYRA;66;12.11.1977;21;45
KADIRHAN;76;29.10.1975;67;9
MUDAHHAR;17;10.7.1960;14;3
SAYNAZ;71;3.7.1971;0;71
RANEY;21;25.11.1952;0;21
ELVIDE;1237;28.11.1958;0;1237
MENMUNE;26;10.10.1967;0;26
MERIHAN;133;17.5.1965;0;133
ALATIN;58;22.2.1966;58;0
DURKAYA;102;4.4.1965;102;0
EZIET;1;7.8.1964;0;1
ESEHAN;7;23.1.1961;1;6
SAKIP;1315;30.10.1963;1310;5
ZIYADDIN;537;16.8.1962;537;0
GULGE;8;23.12.1978;0;8
LISAN;397;27.8.1963;282;115
SUSI;58;10.12.1941;0;58
BEDRIZAMAN;91;14.6.1965;1;90
ABUMUSLUM;18;3.4.1966;18;0
AFFE;121;30.7.1961;0;121
TESMIYE;165;29.5.1954;0;165
CEBLI;8;28.5.1964;8;0
TEYFUR;196;28.10.1960;196;0
AZIMET;674;26.6.1957;536;138
PEYRUZE;2031;14.1.1960;0;2031
DILOF;1;2.2.1951;0;1
IBNI;17;29.6.1971;17;0
MUHSUT;1;7.2.1964;1;0
MEHMETEMIN;464;15.10.1967;464;0
HESBIYE;30;25.6.1956;0;30
SANSER;179;1.11.1972;115;64
AHNUR;2;9.4.1973;0;2
HAMPOL;6;10.7.1960;0;6
IKINCI;5;30.11.1966;4;1
MEHRALI;419;7.5.1957;418;1
NEFIYE;1839;22.1.1961;0;1839
ZERNISAN;1241;28.8.1954;1;1240
FATIMATUZZEHRA;124;8.3.1974;0;124
H.KAYA;1;5.7.1969;1;0
SERAYI;996;24.5.1961;0;996
MUSIME;7;19.11.1970;0;7
YAZBAHAR;110;18.5.1965;0;110
DILAL;14;28.8.1976;3;11
ABUHAYAT;130;19.4.1958;3;127
HARDEM;6;23.2.1967;0;6
HIRAT;16;9.6.1949;0;16
ZEBIDE;306;28.1.1971;0;306
AYSAL;164;30.10.1962;8;156
REFIKE;308;2.8.1962;0;308
GULISE;289;30.12.1968;0;289
AZEY;1;1.1.1;0;1
SEDANUR;507;25.2.1984;0;507
A;33;16.7.1955;30;3
TEVRIZ;324;19.9.1959;12;312
PERIRAT;1;16.11.1940;0;1
H.HUSEYIN;109;12.6.1948;109;0
HEMRA;93;17.1.1968;0;93
ZUHURIYE;19;13.2.1963;0;19
AZMET;12;13.6.1963;8;4
SUSAM;795;2.11.1966;9;786
SAHIP;543;11.10.1968;538;5
HAMPULU;1;11.3.1950;0;1
NEBAT;1517;11.8.1958;2;1515
SEVNAZ;74;16.8.1972;0;74
ELENNUR;2;19.10.1973;0;2
GULYE;27;3.10.1970;0;27
GULSAFA;129;14.1.1957;0;129
DONEY;69;28.9.1952;1;68
TALAN;71;20.6.1968;2;69
BEDILE;149;19.9.1961;0;149
ZUHRA;3203;14.2.1960;0;3203
DUCANE;13;28.10.1981;13;0
GULBENT;27;29.5.1966;1;26
HOYLU;18;2.1.1968;18;0
BAHATIN;31;14.2.1966;31;0
ERDIL;274;15.9.1974;256;18
SULHATTIN;1251;5.4.1963;1251;0
POLATAKBULAK;1;3.6.1939;1;0
GULFIROZ;14;11.6.1966;0;14
SABHATTIN;15;19.11.1975;15;0
KOROGLU;399;14.6.1963;399;0
HASPIKE;95;25.7.1964;0;95
NERIHAN;64;29.3.1964;1;63
SEYITBATTAL;73;18.9.1973;73;0
HANIK;43;18.9.1952;2;41
KEKLIK;1039;30.2.1964;2;1037
SEFIKE;1373;10.3.1964;0;1373
EFIDE;124;22.1.1963;0;124
NUSRAT;625;8.6.1956;621;4
FAHIRE;381;17.1.1953;0;381
NAZEYKE;32;22.3.1958;0;32
SUZER;153;9.6.1970;16;137
MUZZEYEN;186;11.6.1975;0;186
SAHARIYE;9;10.4.1955;0;9
ASIGUL;23;27.3.1870;0;23
YUSRANUR;1;13.8.1990;0;1
ZEYRA;38;16.8.1966;0;38
BERLIN;276;2.7.1972;4;272
ZULKARI;44;26.11.1960;44;0
GULCAHAN;95;10.8.1965;0;95
SUHAL;160;28.9.1967;6;154
HURKAN;155;30.12.1979;143;12
FAHTI;22;27.4.1973;22;0
HULYAM;13;21.12.1974;0;13
GULOREN;318;11.11.1955;0;318
ASIHAN;26;16.7.1958;0;26
FIPER;1;9.2.1964;0;1
ZAYID;5;3.2.1976;5;0
EZENGUL;41;3.7.1960;0;41
SIDYE;4;19.7.1965;0;4
ABDULHEKIM;758;21.7.1975;758;0
TABER;14;28.11.1963;8;6
AYSECIN;5;27.2.1965;0;5
DILDAR;336;3.8.1961;29;307
AYPER;712;19.10.1965;30;682
VAKAS;258;29.7.1949;258;0
RUSYEN;1;27.9.1972;0;1
BEHIRE;763;15.10.1953;0;763
OZTEKIN;336;13.7.1970;334;2
NUSET;52;28.3.1959;25;27
HEKIME;234;19.11.1971;0;234
SEHPARE;2;6.1.1969;0;2
ILAY;356;11.11.1985;15;341
SEVRET;67;1.4.1972;32;35
FIRDEVSIALA;1;2.2.1957;0;1
MURSELIN;249;22.8.1975;112;137
CEVIDE;81;21.2.1963;0;81
HALEH;3;24.7.1975;0;3
SAYDAM;85;11.2.1961;75;10
BORTECINE;10;11.2.1982;4;6
BILAY;99;26.7.1974;19;80
BILAT;23;9.2.1967;21;2
MUAMMERE;91;11.11.1945;0;91
HADISE;413;15.6.1962;0;413
MEYNO;3;20.2.1954;0;3
HABIS;54;16.8.1952;1;53
KIFAYA;1;16.10.1944;0;1
GURES;6;14.3.1964;6;0
YURTSEVEN;140;25.7.1969;97;43
IRAZIYEN;1;30.3.1956;0;1
MIYASSER;75;17.11.1973;0;75
CUDI;205;15.6.1974;197;8
SAHIR;451;19.2.1962;404;47
ULHAK;26;3.3.1985;26;0
ABDULFARUK;27;18.9.1963;27;0
ABDULSEMAD;10;11.4.1972;10;0
GURUCU;1;23.4.1936;0;1
SURBUYE;11;11.9.1964;0;11
ZAIT;389;14.10.1961;388;1
ATTILLA;155;17.4.1969;154;1
CAKA;5;7.7.1965;5;0
NULFER;137;9.9.1972;1;136
AYSEVIL;75;9.6.1974;0;75
FILYET;50;10.5.1952;0;50
GULBETUL;11;22.6.1976;0;11
TOPAL;18;25.2.1943;17;1
HORMET;628;4.4.1958;17;611
ALIASKAR;3;8.12.1957;3;0
BERSUN;29;7.10.1973;1;28
ULBIYE;317;22.6.1964;0;317
ABDIL;4176;30.9.1963;4176;0
TULGUZ;1;5.5.1981;0;1
MEZDIYE;1;28.5.1966;0;1
LEFKOSE;1;7.6.1976;1;0
MELIHCAN;38;25.11.1987;36;2
SEHMA;60;12.1.1980;0;60
MEVLIT;941;21.1.1966;932;9
VECIHA;603;26.7.1961;0;603
SEDIYE;870;21.4.1959;0;870
RUHSAL;64;10.7.1968;5;59
KAHAN;61;28.10.1977;61;0
DURRU;47;20.2.1955;17;30
FENER;811;14.6.1974;40;771
FAIZ;242;18.12.1960;241;1
SUBAYA;1;7.5.1946;0;1
GULUFER;497;20.11.1971;0;497
ILICA;3;10.7.1960;2;1
MEKSELIN;4;2.7.1971;4;0
NUDIYE;165;11.8.1961;0;165
YUVER;1;26.2.1973;1;0
MARIF;136;5.2.1967;135;1
FILIZE;78;3.12.1964;0;78
MUCAHIDE;748;20.3.1977;0;748
DILERAY;7;25.3.1986;0;7
GELENGUL;155;23.5.1968;0;155
FEHMEDDIN;27;20.4.1962;27;0
ISLIME;44;12.2.1960;0;44
SEVILE;337;26.8.1969;0;337
OLTAN;101;20.10.1983;101;0
GULYAZ;556;13.2.1967;1;555
GULENSEN;1;18.8.1939;0;1
SEYDANUR;130;13.10.1987;0;130
CUNEYD;285;3.11.1976;285;0
GULPENBE;76;15.1.1958;0;76
MISAL;137;10.3.1975;6;131
TILLO;4;23.4.1961;4;0
KADIRYE;1027;20.6.1968;0;1027
SAFAHAT;34;18.9.1965;2;32
ERDENER;374;16.10.1973;374;0
MERDIYE;1873;7.1.1966;0;1873
BEHAETTIN;50;6.11.1952;50;0
DURDUHAN;113;4.1.1957;3;110
NURHANTAHIR;1;6.8.1970;1;0
SADETDIN;147;4.1.1963;147;0
MAHSUK;208;23.1.1978;207;1
DEMIRKAN;47;27.5.1976;47;0
IJLAL;1012;26.1.1968;0;1012
ABDULMUKIT;40;11.11.1973;40;0
NIRGUN;56;29.5.1966;0;56
MENSUDE;25;2.10.1970;0;25
GUFRAN;93;29.8.1978;29;64
NEVRA;1115;5.2.1980;4;1111
ENDEM;254;15.1.1966;18;236
MEHSUDE;16;29.11.1967;0;16
ZUMRET;107;11.5.1964;28;79
ERALI;8;22.11.1954;8;0
IRSAD;49;9.12.1981;42;7
GAMBER;77;16.12.1967;77;0
IZET;228;6.10.1964;206;22
MIYASA;219;17.1.1962;0;219
RECIBAN;1;6.4.1957;0;1
YAVUZHAN;175;2.7.1983;175;0
MEYALE;1;11.5.1927;0;1
MESLIHA;15;3.1.1970;1;14
MASUME;112;9.5.1959;1;111
SEMIRAY;209;21.7.1973;2;207
KATAYUN;1;16.12.1939;0;1
MAFILE;56;13.1.1968;0;56
MENEK;4;6.12.1974;0;4
SUBHIYE;356;18.12.1957;0;356
SAFIGUL;549;25.6.1962;0;549
ELEM;594;23.3.1983;5;589
VEHIBE;896;9.3.1962;0;896
ALIYUSUF;3;13.1.1953;3;0
SULYA;28;21.10.1970;0;28
ELIFCAN;181;29.5.1988;0;181
DERMAN;792;6.4.1976;222;570
YERHAN;9;6.9.1974;8;1
TOPPO;2;26.9.1952;2;0
RAMAZANBASRI;1;4.9.1973;1;0
MUNHAL;5;25.12.1968;2;3
SENSUN;6;29.9.1972;0;6
MAHBARE;18;5.12.1963;0;18
ORSAN;123;23.9.1981;119;4
GULRIZE;1;21.11.1960;0;1
ABDULTAHA;2;29.4.1967;2;0
INONU;120;12.9.1967;120;0
SEYHMUZ;158;2.11.1970;158;0
SECGIN;619;2.11.1972;377;242
ZERGUN;53;25.9.1963;2;51
KUFEYA;2;3.2.1966;0;2
OZDE;289;5.1.1987;9;280
GULSUME;2440;14.10.1963;0;2440
CANSEV;193;24.5.1980;12;181
SADIYEBANU;1;8.5.1980;0;1
ALIYAR;299;21.12.1954;299;0
NESLEHA;4;17.9.1963;0;4
OMERALI;141;28.3.1963;141;0
ENNUR;121;21.2.1982;11;110
ANITA;103;7.5.1971;0;103
PEHLEVI;12;8.1.1968;12;0
KAFI;125;25.1.1963;57;68
BERRAKCAN;1;14.10.1987;0;1
NAZMIGUL;4;21.10.1962;0;4
HUBIYE;14;8.6.1956;0;14
BIBECAN;1;14.3.1971;0;1
SERUBAN;2;9.8.1969;0;2
BILAMIN;3;14.9.1972;2;1
HIYASETTIN;311;28.4.1964;311;0
SARICE;52;4.12.1978;0;52
MELHAT;72;20.11.1974;0;72
MIHASA;1;8.7.1964;0;1
NEBRIYE;11;15.6.1972;0;11
NESIYE;193;16.2.1965;0;193
ZULEYHAN;318;17.10.1977;0;318
TUNAHAN;1498;7.2.1986;1468;30
TEYMUR;387;15.8.1962;387;0
CEZAIR;638;20.5.1960;529;109
GIZLEM;21;20.11.1985;0;21
GULTEREN;132;17.5.1956;0;132
TAYYIP;1513;25.11.1963;1513;0
MAHITAP;103;15.11.1958;0;103
FATE;64;13.11.1956;2;62
ALIHAN;1428;8.11.1970;1424;4
GURGUN;318;5.12.1969;276;42
FEYZO;17;30.11.1947;17;0
ADULE;466;5.2.1964;0;466
BAYSEBAH;1;17.2.1965;0;1
SAHLIHA;1;27.9.1974;0;1
SEHTAP;119;19.1.1980;2;117
FEVZETTIN;238;20.12.1979;238;0
PILTAN;188;2.6.1966;19;169
ZOBEYDE;19;26.12.1970;0;19
FIRINCE;144;22.7.1960;0;144
EZMET;6;27.5.1964;4;2
HURHAN;14;30.5.1979;10;4
ZALIHE;45;23.4.1961;0;45
MUHIYETTIN;87;21.3.1965;87;0
ERHAT;35;26.6.1977;35;0
PIROZHAN;178;19.12.1959;0;178
SIHMUS;609;3.8.1964;609;0
GULLI;1993;15.1.1957;9;1984
RAZIA;12;1.2.1974;0;12
HARUM;2;3.5.1970;2;0
ALENUR;19;4.9.1968;0;19
GULUSEN;428;26.12.1964;0;428
SELATIN;216;29.7.1953;156;60
MISLANA;1;30.1.1967;1;0
EZUN;2;24.8.1962;1;1
CEVZENUR;2;27.11.1976;0;2
BEGO;122;20.10.1947;92;30
GAFFARIYE;2;27.9.1937;1;1
RAIZE;158;13.7.1970;0;158
ALBAY;58;24.7.1967;57;1
KIBARIYE;1565;17.5.1966;0;1565
BAYAZ;22;11.9.1951;0;22
FEHRI;98;16.6.1960;17;81
SUMMIYE;19;29.1.1980;0;19
KEYFO;104;11.12.1949;102;2
SEBGUL;6;15.11.1966;0;6
BARI;85;8.1.1958;85;0
MEYETTIN;1;19.4.1957;1;0
MUSARRAF;2;29.8.1961;0;2
SEBEHATTIN;109;5.12.1965;109;0
SAHNEBAT;8;29.6.1963;0;8
DUCAN;8;16.9.1961;6;2
NEBIHE;1438;26.8.1964;0;1438
SEYFETULLAH;114;22.8.1979;114;0
YASSIN;9;21.12.1970;9;0
ARAFE;63;30.4.1965;9;54
SAREY;150;9.4.1949;0;150
BELGEN;114;26.8.1986;0;114
MIKAYILE;2;17.11.1967;0;2
DERYAGUL;17;8.5.1980;0;17
TILIF;6;11.2.1956;0;6
SIYASI;29;20.4.1960;23;6
PANIS;1;24.4.1929;0;1
SEBIL;279;21.3.1980;25;254
CEMALLETTIN;36;22.9.1971;36;0
HAFISA;21;15.9.1954;0;21
HALLO;58;20.8.1936;45;13
FADIMEYI;2;5.9.1966;0;2
BORAN;414;17.5.1979;390;24
SEVVAL;137;25.4.1974;8;129
SALAHA;33;14.8.1954;0;33
ZEYNO;374;10.11.1960;32;342
MUKRIMIN;26;25.7.1965;24;2
HALIF;11;11.12.1964;9;2
IFDADE;57;1.5.1958;0;57
ESIM;165;21.5.1971;21;144
MINADIYE;224;11.5.1964;0;224
FERICAN;142;28.4.1974;1;141
ILKGUN;94;15.5.1975;2;92
MUZAFFERIYE;105;29.5.1947;0;105
SEVKAT;192;6.9.1965;16;176
LILUFER;173;30.6.1967;0;173
H.ALI;78;26.10.1951;78;0
ZAKIRE;2592;15.12.1959;0;2592
CEVRI;231;10.5.1959;163;68
SENIYE;3725;3.1.1957;0;3725
REFREF;147;15.1.1966;1;146
ASLIPINAR;6;2.8.1976;0;6
ESRIN;107;8.5.1979;4;103
FEDAI;3124;3.12.1970;3102;22
KAFILE;8;10.2.1960;0;8
NURSAY;41;12.7.1973;3;38
UMRU;9;22.4.1964;5;4
SIHAM;299;25.4.1971;2;297
NAIFE;231;30.11.1964;0;231
TONIS;1;21.2.1966;0;1
GULMINNET;95;18.7.1960;0;95
SUVEYDE;115;28.4.1964;0;115
ZEHMANUR;3;14.9.1980;0;3
KETAVIN;7;19.2.1953;0;7
OLCAYTU;11;13.12.1980;11;0
HAMIS;344;2.1.1957;304;40
ZORBAY;44;7.4.1975;44;0
MUBINE;155;17.9.1960;0;155
BOLKAN;37;22.3.1977;37;0
FERIAL;60;25.10.1956;0;60
EFIK;6;26.2.1960;1;5
SAMIH;583;23.5.1965;579;4
NEVSAL;90;26.12.1964;2;88
SAMIRE;763;22.1.1974;1;762
MESADET;190;24.12.1953;0;190
NURRULLAH;6;7.6.1981;6;0
DOGANCAN;182;6.4.1991;182;0
NULPER;2;12.2.1966;1;1
EKABIRI;1;4.4.1951;0;1
ILFAN;130;23.2.1969;78;52
MUHUBE;498;25.7.1964;1;497
SAHENDER;314;19.2.1955;2;312
SIYAR;313;25.4.1984;300;13
FULYANUR;2;6.5.1990;0;2
MAHMURE;4371;22.8.1955;0;4371
GULBEY;531;12.6.1965;511;20
FENDI;111;14.8.1966;107;4
ISFENDI;16;1.3.1957;16;0
BERKMAN;29;26.5.1977;28;1
ISALET;67;25.1.1961;7;60
SIMTEN;136;20.2.1970;0;136
RAHIBE;181;23.12.1960;0;181
MESUDIYE;952;30.11.1966;0;952
ZEYNALABIDIN;283;26.12.1971;283;0
RADIYE;1675;12.5.1962;1;1674
SEFINAZ;95;6.2.1963;0;95
ATFIYE;136;5.3.1961;0;136
SEHO;43;29.3.1951;37;6
MEHMETHALUK;2;23.10.1965;2;0
OMEREL;3;16.6.1967;3;0
DURNA;1899;22.9.1963;27;1872
NURANI;70;5.2.1965;38;32
MEKPARE;14;23.5.1971;0;14
BERDEN;2;10.6.1980;1;1
AILE;158;24.3.1963;1;157
ASILHANIM;1;17.9.1970;0;1
HURSIDIYE;20;4.2.1960;0;20
MAHMUD;398;8.6.1975;398;0
MUHAMMEDUL;30;18.10.1978;30;0
ZEYLIHA;1;22.2.1967;0;1
ABDULMEVLUT;3;16.3.1968;3;0
MULHAK;15;5.7.1964;15;0
HAMIYE;2606;12.6.1962;0;2606
ANSAR;42;6.2.1966;41;1
SERCIN;421;14.11.1978;56;365
GULNORA;6;24.12.1972;0;6
SEZGI;604;10.11.1981;89;515
ZUHEYLA;333;27.9.1972;0;333
ATAMURAT;2;13.6.1960;2;0
NURDAL;233;29.7.1972;55;178
CEFA;103;7.11.1969;67;36
SIRAC;1861;17.1.1973;1858;3
SEVDIGUL;16;3.2.1968;1;15
BEHLUL;1023;10.11.1972;998;25
ILKSAL;1;1.12.1955;1;0
ZEKARIYA;288;9.1.1967;288;0
SEBAHETTIN;386;15.4.1957;385;1
DANYE;2;10.5.1986;1;1
IMGE;224;3.7.1986;4;220
OMULLU;1;8.4.1922;0;1
NURHAL;82;25.12.1964;10;72
BIDO;2;28.2.1947;1;1
ONURALP;76;7.3.1986;76;0
SERDARHAN;30;26.7.1979;30;0
MILCAN;125;22.5.1973;62;63
MESNET;58;5.10.1957;7;51
LEYLEY;7;22.12.1946;0;7
SEVIMGUL;224;18.4.1966;0;224
HAMIMI;2;29.7.981;0;2
ZIMMET;15;29.2.1961;3;12
CEVAN;7;24.7.1970;2;5
HAKTAN;629;30.4.1981;605;24
SEBAATTIN;121;15.5.1962;121;0
EFGAN;198;20.12.1971;195;3
SABATDIN;11;29.8.1966;11;0
NAFIKE;12;19.5.1977;0;12
SELIMA;297;19.12.1968;1;296
DURUN;8;14.10.1960;0;8
AYDAGUL;364;2.9.1974;1;363
CAMIA;127;23.7.1974;0;127
OLGAY;281;2.8.1982;271;10
GOKSENIN;198;30.3.1977;130;68
NURBANU;519;15.7.1986;0;519
ALLO;17;1.5.1937;17;0
ASER;47;30.5.1955;11;36
BARAT;41;21.2.1971;38;3
FERDAL;201;19.7.1975;118;83
SOGNUR;1;28.11.1961;0;1
SIDIGA;25;30.6.1960;0;25
AKSEL;432;18.4.1972;222;210
FERZAN;611;16.1.1968;212;399
ANSE;788;15.8.1952;0;788
ERTEKIN;812;8.6.1971;811;1
ATEF;2;27.6.1961;2;0
KUBRAN;50;20.3.1977;14;36
IZAMETTIN;137;18.2.1958;137;0
ERGENEKON;26;3.11.1977;25;1
ABUTTER;20;18.6.1963;20;0
OLGUNAY;48;24.3.1978;5;43
BELDA;223;21.2.1979;7;216
SERHAP;116;1.10.1974;3;113
ULGU;52;3.8.1954;6;46
MUNTIHA;23;29.10.1963;0;23
HUCCI;2;4.10.964;0;2
ERHA;4;10.8.1981;1;3
GULBAY;123;16.1.1962;44;79
ERDEBIL;40;18.11.1967;39;1
FAZLIYE;95;15.2.1953;0;95
SANIH;8;2.3.1960;8;0
NIFAKET;6;20.11.1959;0;6
SEMNUR;25;7.1.1972;0;25
KUTUB;1;28.7.1979;1;0
TASKINER;8;13.6.1975;8;0
ISAPALI;4;18.6.1945;4;0
GUNDOGAN;493;7.1.1965;444;49
SULTANE;1226;3.11.1963;0;1226
NEHOS;2;21.7.1969;0;2
ELIZ;226;4.11.1976;0;226
SUZI;319;4.1.1963;210;109
UMRE;107;11.5.1986;12;95
LEMIYE;674;20.7.1960;0;674
M.FADIL;4;23.6.1950;4;0
GONENC;187;6.5.1978;127;60
YUDUM;721;21.1.1986;2;719
ERZAT;17;15.5.1971;17;0
AYRIKA;1;22.2.1949;0;1
ELENOR;2;1.12.1960;0;2
SIDRET;460;19.2.1960;2;458
SAHINDER;1906;12.1.1960;7;1899
SIYNEM;26;2.8.1983;0;26
MEZRUKA;21;13.5.1947;0;21
NURITTIN;2775;28.5.1958;2775;0
SEZANUR;59;10.10.1973;8;51
HAMMET;71;29.12.1960;71;0
TUGBANUR;82;3.8.1988;0;82
NINEL;3;24.6.1978;0;3
BALKAN;164;1.2.1979;158;6
SERYA;165;21.6.1977;2;163
CAMELIA;29;13.10.1971;0;29
AKTAN;286;8.10.1970;255;31
GURUR;216;22.2.1987;173;43
MADAN;9;14.2.1964;6;3
NEYHAL;2;30.9.1963;0;2
YIGITCAN;243;20.9.1989;243;0
MEVLUD;313;13.12.1964;308;5
NEFTINE;1;19.4.1970;0;1
NILKAN;11;18.6.1983;1;10
UMRAL;212;4.4.1965;51;161
SUMRAY;23;26.2.1970;0;23
HAPA;140;13.10.1952;0;140
NERDAL;5;9.7.1971;3;2
ESMAGUL;103;5.10.1978;0;103
BURKAN;98;26.10.1980;93;5
NALA;25;14.8.1965;0;25
GULUMEN;63;21.4.1968;0;63
INAC;6;17.12.1985;4;2
AHMEDI;208;27.12.1963;208;0
ELIS;204;22.11.1980;2;202
MUHIBET;142;29.3.1962;0;142
MUHAMMEDIKBAL;1;22.10.1983;1;0
KARTAL;548;29.2.1981;548;0
GULACTI;564;2.5.1966;0;564
FERAHDIBA;247;30.12.1972;0;247
MUNNEVVER;10;14.2.1971;0;10
MUDUR;254;10.10.1963;254;0
EYSAN;55;5.11.1968;20;35
KATIP;667;16.6.1963;666;1
SERGIN;72;21.7.1973;29;43
NACATI;14;4.12.1961;14;0
ZEYDAN;373;21.6.1973;363;10
ASTENE;1;1.9.1954;0;1
NUSREDDIN;380;27.5.1962;380;0
SITTIKA;2087;26.2.1955;0;2087
MUSRIKA;187;9.7.1965;1;186
VAHITTIN;664;22.10.1958;664;0
SAYILE;67;27.11.1965;0;67
SELVIN;327;4.1.1977;5;322
SAYMA;380;11.9.1965;0;380
ERCIHAN;351;24.2.1968;302;49
TURFAN;52;24.8.1966;48;4
SOYKAN;228;26.5.1984;224;4
AYCEN;77;7.7.1973;4;73
KILINC;110;20.1.1956;110;0
NONUS;1;12.2.1971;0;1
SUAYUP;101;13.10.1963;101;0
RAMISE;399;3.9.1957;0;399
TULGA;114;12.3.1966;95;19
SEREFNAZ;789;27.2.1965;0;789
ALIKILINC;2;28.4.1950;2;0
ARTEM;3;26.4.1981;3;0
ZELIKE;112;19.8.1967;0;112
SUMMEYYE;27;4.12.1988;0;27
NUHATTIN;2;7.10.1969;2;0
VEDHAN;28;9.1.1960;0;28
ZILBENT;1;11.4.1946;0;1
SITKIYA;27;21.7.1959;0;27
KIYAN;42;5.2.1970;42;0
BETULAY;22;12.5.1980;0;22
GULENNUR;82;4.3.1970;0;82
MERNUS;93;11.10.1969;30;63
LUTVIYE;102;26.4.1962;0;102
SEVGULI;31;12.9.1962;0;31
DIYAEDDIN;162;17.6.1976;162;0
ILMAN;58;24.6.1954;13;45
REVSAN;407;12.11.1977;15;392
VEDA;604;8.5.1977;39;565
SARHAN;29;13.1.1964;28;1
ABDULDURSUN;1;18.5.1972;1;0
SURREYYA;48;25.9.1972;2;46
K.HUSEYIN;1;22.8.1949;1;0
SEMAYI;102;11.2.1966;50;52
NEVCIVAN;387;26.8.1957;64;323
KOTAN;55;20.11.1957;54;1
MELICE;219;4.8.1966;0;219
SEFILE;73;24.11.1965;0;73
AVNIYE;1016;23.7.1958;0;1016
GULENDAR;26;10.12.1963;0;26
ABDULGOKHAN;1;6.4.1969;1;0
HAVANUR;245;2.8.1981;0;245
NEZIM;20;21.8.1966;17;3
MIZAN;46;16.3.1968;18;28
SAHINE;694;14.6.1959;0;694
EBIDE;215;21.5.1963;0;215
HACRIYE;17;4.6.1961;0;17
KERIMA;155;18.7.1967;0;155
TAYIBET;191;2.7.1973;0;191
DUSENSE;1;6.11.1962;0;1
MURET;52;2.8.1969;12;40
HURUYET;108;15.4.1966;13;95
SERVINAS;13;11.12.1962;0;13
HAYDO;11;29.11.1943;11;0
TEZEGUL;57;27.11.1961;0;57
LEZAN;12;10.1.1963;0;12
KAMO;38;7.6.1943;38;0
VELIBEY;12;16.1.1958;12;0
SUAYP;348;23.3.1976;348;0
GUSUM;151;26.5.1959;0;151
ABIS;34;15.1.1953;9;25
FERYAL;1979;6.6.1972;6;1973
CETINER;155;22.9.1962;155;0
ISINER;9;17.12.1988;9;0
BERDAN;151;28.5.1972;110;41
ALITUNC;4;4.12.1969;4;0
UMMUGULSUN;1020;7.9.1969;0;1020
BEDII;385;5.9.1967;385;0
DENIZE;13;12.7.1977;0;13
GULABI;806;12.9.1970;799;7
TARAP;2;16.2.1965;2;0
AYFA;9;9.9.1976;0;9
EZGISAN;1;30.11.1987;0;1
NEDIMHAN;21;11.12.1968;1;20
KULHAN;37;28.9.1960;29;8
DIREN;514;7.6.1984;170;344
ORHUN;672;14.8.1984;668;4
FIDEL;164;30.8.1981;104;60
BESER;1983;13.6.1952;98;1885
SOLER;6;7.8.1978;6;0
FILCAN;60;16.10.1960;0;60
YERDEGUL;44;3.1.1971;0;44
EMEKCI;5;11.2.1983;5;0
NESIRIN;160;14.6.1967;0;160
KESMINAZ;3;22.8.1965;0;3
ACURE;23;2.5.1956;0;23
GULBEDEN;676;2.3.1964;1;675
ISITAN;25;3.4.1974;16;9
HINCAL;45;21.1.1970;40;5
SENAZ;55;1.10.1968;1;54
PULLU;390;17.9.1953;1;389
ELLEZ;365;7.12.1960;365;0
TAMMEY;3;20.2.1955;0;3
VAIZE;10;15.11.1955;0;10
MAVIS;1960;4.7.1962;4;1956
EYLUL;613;19.8.1986;39;574
SEDDAR;120;16.7.1969;118;2
MAMOS;29;18.6.1956;24;5
RUHCENAN;2;2.1.1951;1;1
GUSU;12;21.5.1954;0;12
NEVZER;343;12.10.1956;5;338
DILIF;306;2.9.1954;0;306
SUNASET;1;3.4.1963;0;1
HATAI;82;14.11.1942;1;81
GOKTAN;218;10.1.1978;211;7
MAHSUME;131;18.4.1971;0;131
AMBER;350;8.1.1970;10;340
DALGA;28;19.5.1974;6;22
MAHREDDIN;1;11.2.1957;1;0
ERDIM;214;26.4.1976;203;11
AGCA;565;11.4.1956;74;491
SIBELGUL;4;18.2.1975;0;4
NEFIZ;3;26.7.1950;2;1
YILGIN;10;16.10.1972;8;2
GULDER;265;19.7.1967;1;264
NURZEN;34;28.2.1965;0;34
GULYETER;842;21.5.1965;0;842
TUMRAN;3;25.4.1978;1;2
MELIYHA;80;30.12.1961;0;80
NIKET;121;26.5.1961;2;119
BEHICAN;254;18.6.1971;2;252
HAKKAN;297;13.6.1979;297;0
HUMULBENI;1;3.9.1956;0;1
ESENNUR;46;20.6.1977;0;46
HEMDULLAH;58;8.8.1964;57;1
ZILAN;99;14.9.1984;35;64
CANSIN;484;22.2.1986;219;265
DIJAN;27;27.2.1983;0;27
YAVER;773;26.7.1965;767;6
PEREHAN;20;11.1.1963;0;20
AYSIM;304;3.10.1975;0;304
BERGUZAR;891;2.7.1952;12;879
BELFIM;1;6.2.1971;0;1
ELEN;92;5.3.1978;1;91
SUNDA;30;25.3.1973;8;22
EKIM;245;5.6.1981;153;92
BERILAY;1;23.7.1987;0;1
SERKISCAN;1;17.4.1982;1;0
ATACAN;499;3.2.1979;495;4
NAKIYE;1328;5.4.1956;0;1328
ESARI;10;6.12.1975;9;1
IBIL;32;5.7.1953;32;0
UMUGULSUM;283;30.4.1960;0;283
DIRENC;116;14.1.1983;102;14
SEYIDE;2759;22.9.1958;0;2759
ERBAK;2;2.3.1961;2;0
ZILIT;1;12.4.1947;0;1
ALIMURAT;36;25.4.1960;36;0
ARAKS;11;13.9.1962;2;9
HALEF;2078;23.6.1961;2068;10
HASANGAZI;8;17.8.1955;8;0
EYMEN;249;27.11.1982;155;94
RABIHA;581;10.4.1969;0;581
BILDANE;240;28.7.1978;0;240
HUSAMEDDIN;686;8.7.1961;686;0
NURDANUR;141;16.9.1968;0;141
SEMIYET;60;3.11.1970;0;60
VEDAD;110;24.4.1968;102;8
MILAYIM;133;21.11.1962;80;53
TABIYE;57;14.12.1963;0;57
ARMAN;903;8.8.1974;871;32
ALICENGIZ;11;22.3.1963;11;0
ABDULKEMAL;10;12.11.1964;10;0
ERSOYER;1;27.4.1974;1;0
CEMRE;712;18.6.1988;146;566
LUSIN;124;7.2.1959;0;124
CUSKUN;5;5.12.1972;5;0
KIRKOR;331;2.11.1948;331;0
VAHE;53;13.2.1952;51;2
ESMEGUL;78;28.6.1974;0;78
HAYATTIN;97;24.2.1966;97;0
NECETTIN;114;13.6.1963;114;0
CANBEY;46;24.11.1971;46;0
HASANALI;345;26.9.1963;345;0
REFAH;206;18.11.1968;92;114
LENA;95;25.2.1980;0;95
LIDA;39;24.6.1972;0;39
NURDENIZ;77;16.8.1978;2;75
MIHRALI;511;28.10.1954;509;2
YASINE;85;22.10.1975;0;85
MELEYHA;32;8.9.1964;0;32
GULCIMEN;565;2.5.1971;0;565
HURKIYE;9;19.3.1956;0;9
M.ZEKI;249;4.4.1954;249;0
SURULLAH;42;25.8.1964;42;0
FERDIYE;501;20.1.1958;0;501
PEKTAS;10;4.9.1964;10;0
DEDE;3286;11.4.1957;3284;2
NEBAHATTIN;110;30.12.1962;104;6
HASMETTIN;32;6.1.1960;32;0
KAFARI;29;3.5.1967;28;1
OZALP;146;1.1.1968;146;0
MARIANA;153;11.5.1974;0;153
FEREMUZ;55;19.4.1966;55;0
SOZEN;179;5.5.1968;17;162
RAVIYE;375;20.2.1954;0;375
GULERNAZ;1;28.3.1957;0;1
ZELHA;800;23.7.1956;0;800
BENGUNAY;1;25.2.1981;0;1
NEBISE;8;16.5.1961;0;8
BULUN;8;11.8.1958;0;8
DAIMI;308;12.1.1974;308;0
NASUHI;93;14.7.1964;93;0
KARANFIL;1142;21.6.1963;111;1031
GULSERI;422;26.3.1957;0;422
NEVGUL;101;3.6.1970;0;101
BERCIN;105;22.11.1982;12;93
GUNNAN;2;19.12.1971;0;2
MUSABIHA;1;28.3.1962;0;1
SEDEP;1;17.8.1966;0;1
ELFIDE;1380;7.11.1959;0;1380
ASMIYE;20;7.4.1967;0;20
KULER;7;28.11.1945;0;7
PERCIN;40;22.2.1977;31;9
KEVIRE;1;20.2.1963;0;1
BAKAN;131;29.1.1978;130;1
ILHAK;39;28.10.1979;37;2
ABDULNECIP;5;29.4.1573;5;0
SAKI;228;29.8.1966;212;16
SARKIZ;10;2.6.1968;8;2
BILKAY;157;9.6.1971;35;122
ZUHRIYE;1320;27.6.1963;0;1320
DIZAN;1;2.2.1933;0;1
GUNAYDIN;1091;1.1.1962;601;490
KUTALMIS;46;23.4.1983;46;0
GULSABAH;227;1.4.1967;0;227
GEVRI;1258;21.10.1956;1;1257
FAGRETTIN;10;29.7.1961;10;0
MAIL;437;23.7.1961;421;16
SAYGI;298;5.11.1971;158;140
NAZIMET;106;27.6.1955;0;106
MUKRIME;896;9.5.1962;0;896
KANDIL;78;2.7.1978;15;63
FUNDAGUL;157;2.7.1986;0;157
IKRA;31;16.3.1986;5;26
NEZMIYE;101;4.9.1962;0;101
NAHSAN;376;25.12.1965;375;1
NATIKA;24;8.10.1956;0;24
ILGINAY;18;22.5.1969;0;18
MUSLUNE;2;24.11.1959;0;2
MUHBET;3067;25.4.1968;1;3066
MUSIRE;147;6.12.1948;0;147
TAHAYASIN;4;9.7.1988;4;0
EMINENUR;18;12.10.1980;0;18
GULDEMET;311;23.8.1977;0;311
SANER;331;19.4.1975;283;48
SEVDIL;15;11.3.1962;8;7
MUBESSEL;1;6.8.1955;0;1
AKAR;180;29.12.1973;159;21
BAYRAMVAHAP;1;21.11.1976;1;0
SANLI;286;8.11.1971;260;26
ONSEL;57;27.9.1973;38;19
KEVORK;159;29.11.1953;158;1
ILINUM;1;17.9.1929;0;1
NEHIDE;407;28.12.1959;0;407
BINEFS;729;12.2.1963;0;729
NASIME;82;16.8.1965;1;81
FIRAR;207;25.1.1965;207;0
AKKIZ;3201;4.1.1959;0;3201
UZAY;292;18.10.1976;215;77
ZAYDE;259;26.8.1963;0;259
HAMRA;684;27.1.1964;1;683
ESMIN;55;9.3.1959;0;55
MUSTEMIYE;2;27.4.1955;0;2
SABIYET;11;17.9.1965;0;11
CAYAN;283;8.1.1981;253;30
MOHUBE;68;4.10.1958;0;68
BATUR;179;25.6.1979;178;1
ZEBIH;35;29.5.1976;35;0
BELKIZE;954;15.7.1969;0;954
GULLISAH;43;28.7.1973;0;43
VERA;121;24.10.1966;0;121
GULSEVIN;635;6.2.1969;0;635
OMEROSMAN;10;4.2.1960;10;0
EMINEBEYHAN;3;3.10.1948;0;3
NURAT;22;4.2.1968;13;9
FEGRIYE;3;21.11.1976;0;3
GARIBE;1043;15.10.1970;0;1043
MERZUKA;777;5.5.1956;0;777
PERIAN;10;23.12.1961;0;10
GUNOL;20;19.7.1966;14;6
FEYZULLA;12;1.11.1960;12;0
ICRAN;139;21.7.1976;6;133
SEBAHET;191;11.11.1952;0;191
RUHULLAH;51;29.1.1986;51;0
CEMHAN;38;12.3.1978;37;1
TEVRADE;2;15.2.1959;0;2
INCIYAZ;1;17.2.1954;0;1
BESILE;348;25.3.1965;0;348
GULUMPASA;22;9.1.1958;0;22
GURSELEN;138;29.9.1971;0;138
OLGER;11;14.3.1953;1;10
EDAHAN;5;21.5.1986;0;5
SUEYUP;12;7.11.1977;12;0
ZENNUP;585;5.9.1959;0;585
DEMIREL;402;16.8.1968;397;5
TILMAN;1;10.11.1980;0;1
MASITE;209;9.12.1984;0;209
MUVRET;39;26.12.1966;3;36
MEVA;986;7.7.1963;2;984
HANBEK;12;29.5.1966;12;0
GAFFURE;15;8.12.1965;0;15
RACI;1590;26.2.1965;1589;1
HIDAT;8;5.7.1974;7;1
HUSNI;724;20.11.1959;614;110
ERBAY;1066;25.7.1973;1065;1
SECGUL;931;17.2.1974;10;921
MUHDET;16;1.8.1972;11;5
NECIHAN;57;5.2.1968;0;57
GUNDOGDU;379;22.8.1963;305;74
SENADE;7;21.1.1974;0;7
NURSIDE;258;16.4.1970;0;258
MERIMAN;39;17.2.1968;1;38
GEYLANI;245;22.7.1977;243;2
ZABITA;16;10.3.1958;0;16
MENFUZE;4;26.5.1959;0;4
SAKILE;13;7.3.1957;0;13
TATAVUN;1;4.5.1950;0;1
MIKALIL;1;22.10.1985;1;0
CEBAYIR;9;14.8.1970;1;8
MENFIA;10;25.7.1973;0;10
SAHINGUL;15;30.1.1965;2;13
MINTO;43;28.8.1953;0;43
BEYZADE;276;20.4.1957;168;108
ZINEY;54;5.3.1957;0;54
MIZRAP;241;28.5.1963;240;1
AYFAR;18;3.4.1962;3;15
HACIBEG;2;11.5.1953;2;0
TAYBE;484;29.1.1961;0;484
ASTANE;2;23.11.1948;0;2
BIRIYE;36;1.7.1975;0;36
ESATTIN;5;24.3.1969;5;0
SUREYA;665;11.8.1972;40;625
MERZIYE;495;10.9.1959;0;495
NEJDAT;407;16.3.1965;406;1
ASI;65;4.6.1946;9;56
MUNEVVERE;722;21.8.1954;0;722
SIRZAN;2;22.4.1975;2;0
SULEYLA;262;12.6.1971;0;262
MUHAZARIYE;1;12.12.1964;0;1
NERKIS;118;1.4.1952;0;118
ITIR;356;13.5.1980;0;356
SEYYUP;2;3.9.1965;2;0
RABIH;19;9.10.1970;17;2
CAKI;25;12.8.1947;2;23
SERMIYE;264;29.9.1964;0;264
SEMILAY;12;25.2.1980;1;11
COLPAN;36;10.12.1958;5;31
ISABET;187;1.6.1958;8;179
HURSEYIT;10;3.10.1966;10;0
MIHIR;15;23.4.1960;0;15
HAZENGUL;1;23.8.1983;0;1
GULSAHAR;77;9.8.1960;0;77
EDGE;10;23.11.1984;3;7
IMIRZE;110;17.11.1961;110;0
KELSATO;1;25.4.1918;1;0
GULDENUR;347;9.1.1966;1;346
CEFAKAR;75;29.5.1974;63;12
MESGULI;1;22.11.1975;1;0
TONGUC;157;24.12.1973;156;1
HACINAZ;17;15.1.1960;15;2
SUDDU;37;2.12.1954;0;37
CAGNUR;89;22.7.1981;2;87
AZIZHAN;76;11.3.1976;76;0
SENTURK;1330;7.8.1970;1316;14
ARZUMAN;188;1.3.1965;58;130
SEYDE;951;29.1.1960;1;950
PERIZA;191;20.1.1966;0;191
AKISE;471;17.12.1971;0;471
GEVRIYE;464;9.5.1962;181;283
GULCEM;50;11.12.1977;2;48
ZERGUL;155;7.7.1968;1;154
FERUZ;256;7.12.1959;159;97
ZEYSAN;10;22.6.1960;0;10
HAN;76;10.9.1956;39;37
MIHDI;389;19.1.1969;389;0
NERMUNE;5;26.6.1970;0;5
ZUAL;46;29.12.1957;0;46
DURAK;2338;26.7.1961;2335;3
NAGI;163;15.4.1967;161;2
FULIN;39;14.10.1973;0;39
KUPELI;58;27.3.1955;20;38
FULYET;1;22.7.1973;0;1
NAZAR;302;10.2.1974;171;131
SABIHAMERYEM;1;8.12.1952;0;1
NECADETTIN;4;9.1.1945;4;0
BEREKET;612;3.2.1968;540;72
ULGENALP;3;29.3.1967;3;0
AYLIYE;7;10.10.1973;0;7
YUSUFU;34;26.9.1968;34;0
BULENET;2;28.6.1972;1;1
FESIHA;111;7.10.1966;1;110
SAYIRE;56;14.12.1965;0;56
SEBEHA;56;12.9.1960;0;56
MECIHA;10;14.11.1958;0;10
ETIGE;3;12.7.1966;0;3
SIDAL;183;28.8.1981;25;158
SELIMHAN;54;6.10.1974;34;20
ULKEM;144;4.10.1980;29;115
HARUNE;2;25.6.1977;0;2
ABISEYIF;1;1.12.1970;1;0
RUFIYE;347;8.6.1960;0;347
ATLAN;217;13.9.1968;215;2
FETANET;269;19.5.1956;12;257
MUCAHATTIN;10;27.5.1961;10;0
NURLAT;1;17.2.1954;0;1
PERHAN;82;15.4.1968;2;80
VELIT;775;24.6.1978;775;0
FIRDEVIZ;17;26.12.1966;0;17
IDAYET;144;15.4.1967;45;99
TEMURHAN;37;21.2.1958;35;2
MUYMINE;3;3.4.1961;0;3
NACIP;63;1.11.1965;62;1
SAIRE;491;4.4.1963;0;491
MEHMETHANIFI;77;18.2.1971;77;0
SIHO;1360;7.4.1957;1358;2
SIRAZ;70;8.12.1971;10;60
AYGUR;33;20.7.1965;9;24
ADELINA;8;16.11.1971;0;8
OKSAN;1271;4.6.1973;94;1177
SUHENDAM;17;22.12.1964;0;17
MAGBULE;86;11.6.1965;0;86
ABDULMUFIT;1;28.7.1955;1;0
ASU;411;24.12.1980;0;411
BEHTAR;2;17.12.1949;1;1
MUTAHHAR;113;14.9.1953;75;38
MUHIT;118;25.3.1963;117;1
SUKRANE;98;16.2.1954;0;98
CAFAR;34;20.11.1958;34;0
ERSA;7;7.9.1981;0;7
BERAAT;314;11.7.1977;117;197
RESULE;70;2.12.1971;0;70
RUHUYE;67;24.1.1964;0;67
OZLEYIS;116;5.6.1980;15;101
EFRAIL;664;10.8.1965;663;1
FIRGANI;79;17.5.1959;79;0
NESIDE;893;7.8.1963;0;893
KERMAN;31;2.1.1963;6;25
TAKATTIN;12;3.9.1959;12;0
IMRA;40;2.12.1972;2;38
FERZIGUL;3;2.2.1969;0;3
SEFKATI;12;10.10.1951;12;0
ERCUMET;60;4.11.1967;60;0
TELHAN;23;10.6.1967;23;0
REMIZIYE;7;11.4.1965;0;7
MINEGUL;33;7.10.1978;0;33
GULLUSAH;278;13.2.1971;0;278
YILDAN;171;8.5.1975;17;154
SULFIYE;216;1.7.1957;0;216
ZUMRAL;412;15.7.1972;0;412
BILLUR;958;13.8.1973;3;955
MIHAELA;121;13.5.1975;0;121
MUSGUL;27;6.2.1965;5;22
MEHMETFURKAN;1;26.4.1991;1;0
ARFER;6;14.12.1964;0;6
HACETTIN;16;26.10.1968;16;0
TOPAY;6;25.5.1958;5;1
RUSKET;75;12.10.1966;0;75
CEBIR;98;30.1.1965;98;0
MAHIL;14;17.9.1969;14;0
NEHIME;66;4.9.1960;0;66
AZIBE;25;28.8.1963;0;25
HUBRIYE;299;11.5.1958;0;299
FILIT;1103;15.7.1965;1102;1
NIVIDE;6;13.6.1960;0;6
MEHRE;6;25.7.1965;1;5
GULAP;7;29.1.1959;3;4
FIRASET;87;21.4.1968;8;79
TAIBE;229;30.10.1963;0;229
HAFFARI;3;16.5.1964;2;1
MEDIA;97;8.10.1959;0;97
TUHAN;46;24.5.1980;44;2
PERIZAT;500;22.2.1959;0;500
BESRI;82;30.5.1967;72;10
INCAN;13;20.4.1971;0;13
SABINE;113;24.5.1974;0;113
REZMIYE;6;7.12.1954;0;6
BILIR;65;22.11.1969;32;33
MASUK;751;16.8.1973;749;2
SEVGULU;97;28.3.1963;0;97
DERHAN;32;12.9.1979;25;7
SEVGIYE;575;30.3.1966;0;575
CEBAHIR;8;30.3.1977;0;8
TECETTIN;14;8.10.1967;14;0
MUSABIYE;46;23.9.1962;0;46
CUMAA;34;22.6.1961;34;0
NEJLET;92;1.11.1970;90;2
RASAT;53;12.11.1963;53;0
KEVAR;23;11.3.1947;0;23
TEYSEL;1;22.10.1979;0;1
MELIDE;13;26.4.1975;0;13
NADIHAN;58;30.2.1975;0;58
MUSUDIYE;20;25.10.1959;0;20
BAYRAMA;54;1.10.1952;1;53
NAFIE;88;12.9.1959;0;88
HURYE;35;25.7.1964;0;35
ILGEN;135;18.2.1976;8;127
NEIME;59;5.8.1952;0;59
HERBINAZ;20;27.8.1959;0;20
BIRSEV;23;22.10.1968;0;23
PERIYE;109;9.2.1954;0;109
MEMED;104;15.7.1963;104;0
HURRIYE;87;3.8.1967;0;87
GULFEHEM;72;6.7.1968;0;72
VELAT;371;4.11.1984;349;22
RUSKAT;241;28.2.1968;6;235
HENIFE;558;20.6.1949;0;558
GEFURE;5;15.9.1958;0;5
LAYIKA;266;8.11.1961;0;266
SAHIZE;1009;29.8.1967;0;1009
HUDEY;8;9.6.1974;2;6
SIRIZAN;5;13.7.1957;4;1
TAVHIDE;15;7.4.1963;0;15
MUCMIN;1;7.6.1982;1;0
NAMIYE;1021;15.5.1960;0;1021
EMMI;8;14.7.1956;1;7
HADRIYE;4;18.1.1963;0;4
HEDIBE;450;23.10.1973;0;450
GOLGEN;30;16.8.1982;1;29
AYINZELIHA;465;27.4.1968;0;465
NECADDIN;87;23.4.1957;87;0
NUTVUYA;1;14.3.1953;0;1
SUMAYYE;7;25.9.1978;0;7
IZETIYE;6;5.11.1958;0;6
FAZILA;347;26.12.1955;1;346
SEVLER;44;19.2.1971;0;44
EYLEME;11;7.9.1984;0;11
VEKKAS;2;11.12.1973;2;0
ZULBENT;18;21.4.1970;0;18
ISI;24;20.7.1940;6;18
AKASYA;32;9.7.1974;0;32
RAIME;308;18.10.1961;0;308
TEMIN;71;23.8.1969;67;4
ABDURRAMAN;14;8.11.1964;14;0
MARIA;500;1.11.1966;1;499
FAMILE;512;28.9.1968;0;512
SEMURE;68;21.8.1974;3;65
ZIYAADIN;2;12.2.1959;2;0
SAADAT;17;10.3.1970;0;17
SEHEL;1127;18.9.1964;4;1123
YURSEVEN;3;27.8.1981;2;1
NATELLA;12;1.9.1973;0;12
RUHILE;12;28.9.1968;0;12
SUNGUR;175;8.7.1964;162;13
FATMANUR;1387;19.1.1984;0;1387
PAYAM;510;23.6.1972;1;509
IKNUR;102;4.4.1975;0;102
MENUS;126;9.1.1956;0;126
HAZIYE;24;17.10.1955;0;24
NURSAT;90;24.4.1972;37;53
CEVLI;35;9.9.1968;35;0
HEDIME;37;18.4.1959;0;37
KAFFARI;25;17.12.1971;25;0
RAGIYE;11;9.4.1964;0;11
TELLIYE;67;2.4.1968;0;67
GOLI;210;2.8.1950;16;194
MUSHAP;23;14.5.1987;23;0
BEGE;18;19.7.1957;2;16
BERDIBEK;1;16.9.1953;1;0
ILERI;22;7.10.1964;15;7
SERIHAN;270;6.3.1969;4;266
SEMI;562;22.2.1965;421;141
VEHICE;8;15.7.1951;0;8
SEMIYYE;31;10.7.1963;0;31
NAFIYA;499;8.4.1966;0;499
M.SERIF;200;26.8.1952;200;0
BIRICAN;19;24.10.1975;1;18
MUSEYYEN;7;27.1.1961;0;7
ACER;152;7.9.1965;8;144
AFI;94;18.6.1954;10;84
HAVI;100;24.1.1950;6;94
GULHA;14;27.10.1968;0;14
HULIS;91;30.6.1964;88;3
NAICE;7;9.12.1968;0;7
MEHMETGUL;5;24.12.1960;5;0
SEFAHAT;146;19.4.1968;8;138
MULAZIM;924;15.6.1961;924;0
SAYDIN;38;29.10.1971;38;0
SAPURA;1;7.8.1958;0;1
SELAHAT;267;11.10.1974;5;262
MAHMUTANSAR;1;25.3.1977;1;0
GEFI;2;7.2.1957;0;2
ASIP;20;26.3.1958;19;1
SEYYID;194;4.7.1982;194;0
SEYDIK;3;7.2.1968;3;0
FAHUR;2;27.12.1970;1;1
AYLEN;35;24.11.1968;1;34
SUHRAP;16;18.5.1963;15;1
SAHERNAZ;3;24.3.1953;0;3
KAYIME;13;14.6.1955;0;13
RUHSAN;364;19.2.1967;46;318
MAHFIRUZ;18;9.1.1956;0;18
HAKILE;65;11.11.1959;0;65
RABIAGUL;2;27.6.1970;0;2
PERVIL;78;6.3.1970;38;40
NEJLIM;1;29.9.1972;0;1
MUHAMED;233;14.8.1979;233;0
HACCA;611;24.1.1955;0;611
FATIMATUZEHRA;6;12.7.1983;0;6
MANSURE;196;13.10.1967;0;196
YAKUT;416;21.11.1967;80;336
HOCA;58;28.4.1966;56;2
YUMMA;232;14.12.1955;0;232
EYUPHAN;339;14.3.1977;337;2
ATNAN;603;2.4.1967;603;0
BERMA;28;24.8.1976;0;28
PIRLANTA;46;2.11.1961;0;46
ABDULBAHRI;129;11.6.1960;129;0
MIZRABI;27;1.1.1971;27;0
PENAHIR;1;23.10.1945;0;1
HULBIYE;44;22.2.1956;0;44
SULMAZ;8;23.2.1956;0;8
SUPIYE;29;9.6.1957;0;29
FEYAZ;577;28.4.1981;567;10
PERUZHAN;23;19.8.1964;17;6
NUHULLAH;2;7.10.1988;2;0
YAVUZE;8;30.2.1961;6;2
FEYIM;284;20.10.1966;283;1
IZZETDIN;21;21.11.1963;21;0
INCIVER;2;26.8.1961;0;2
RUVEYDE;3251;17.11.1961;0;3251
FATUMETUL;8;14.2.1975;0;8
SEDEFHAN;6;11.9.1964;0;6
PEYKAN;44;4.11.1966;8;36
ILBEY;191;10.11.1976;191;0
RUHTAN;21;23.1.1967;13;8
BIRKUT;6;20.8.1967;6;0
MAHAYAZ;1;17.4.1954;0;1
NEBAL;7;3.2.1963;0;7
AFFAN;163;21.11.1965;160;3
MURRUVVET;19;11.8.1955;0;19
RUMEYSE;51;26.2.1979;0;51
FURUZHAN;5;26.5.1962;0;5
RASAN;201;2.10.1977;2;199
BINDAL;61;22.9.1966;33;28
NURRETTIN;12;23.12.1965;12;0
ISTENC;6;3.5.1986;3;3
GURAN;103;25.11.1967;81;22
KUTBEDDIN;408;2.6.1969;408;0
UNEYSE;5;21.9.1982;0;5
MEMBA;6;3.6.1979;0;6
SUKUR;798;29.1.1967;711;87
MUHAMMEDI;70;9.4.1964;70;0
DEMIRHAN;624;24.2.1968;468;156
GUZAY;47;26.12.1967;9;38
KARAALI;9;20.6.1953;9;0
AYLIHAN;4;24.7.1978;0;4
EVAY;15;15.2.1974;0;15
ISMAHAN;6147;16.1.1962;0;6147
HUMAYIN;37;25.10.1960;0;37
BIRDEMET;7;23.6.1968;0;7
ESALET;197;2.8.1965;74;123
CANEV;18;27.4.1971;0;18
BUKE;125;3.6.1984;5;120
GOKSU;815;1.2.1986;233;582
DANIS;234;26.4.1972;227;7
NURVER;224;26.1.1966;13;211
YALIN;257;30.8.1981;244;13
MUGRIYE;83;10.7.1948;0;83
BERFU;328;9.5.1983;3;325
SAIYIT;1;27.5.1974;1;0
SUNUSI;12;21.11.1957;12;0
EZIBE;6;3.3.1966;0;6
CEVET;13;11.4.1971;12;1
SENSU;61;2.6.1973;5;56
BILIFER;3;21.10.1973;0;3
NURKAYA;22;10.3.1967;14;8
PENAHI;19;19.1.1964;18;1
MELIKHAN;34;6.3.1977;29;5
TETYANA;118;6.7.1973;0;118
NAMIDE;106;1.11.1968;0;106
TAKYEDDIN;194;27.1.1971;194;0
MURSIDIYE;154;27.10.1959;0;154
AVSIN;67;19.10.1979;51;16
CEHIDE;66;21.8.1964;0;66
TUMRAL;12;13.7.1961;5;7
AYTUG;777;18.11.1979;672;105
MAHFUS;136;12.1.1979;136;0
CAVUS;443;24.5.1965;441;2
SIVI;414;10.2.1955;0;414
GURTUG;5;11.1.1982;5;0
BERRA;625;6.9.1965;3;622
MINNE;6;6.9.1965;0;6
BEYTI;595;25.8.1962;571;24
GALIYE;165;12.11.1959;0;165
MESE;27;18.2.1968;0;27
HAZRET;477;16.9.1972;348;129
FEBRUNIYE;16;19.8.1966;0;16
AYSELIN;22;25.4.1978;0;22
SIREL;41;18.9.1971;1;40
AYSEREN;167;14.9.1964;0;167
TAYLA;16;11.3.1961;2;14
ARZUM;469;16.8.1976;10;459
VEHPI;205;9.2.1966;204;1
MELIHSAH;92;4.11.1982;82;10
GULBEYAN;204;26.2.1967;0;204
KEREMZEYDAN;1;7.3.1973;1;0
IREN;62;19.5.1977;9;53
LIMON;436;21.7.1965;2;434
TEVIL;14;8.9.1962;14;0
METVIL;1;14.9.1965;1;0
AYTEZIN;1;27.4.1944;0;1
SEFURA;59;24.1.1968;0;59
ABDULCEBAR;409;23.4.1972;409;0
HANIME;696;1.3.1960;0;696
NACMIYE;13;22.5.1964;0;13
BESTAN;10;22.9.1968;9;1
GULTEBER;16;22.8.1961;0;16
PERVANE;133;28.7.1965;3;130
REVZETE;517;11.7.1969;0;517
YAZGULU;1190;10.2.1966;0;1190
MINAVER;88;10.8.1970;0;88
FERAHDIBE;7;29.6.1971;0;7
YEMLIHAN;541;8.6.1966;463;78
SAVE;5;20.12.1954;0;5
RESMI;310;11.3.1960;170;140
GURSER;81;23.3.1963;7;74
MELEY;2;12.8.1923;0;2
GANTURE;1;12.4.1965;0;1
HEVI;672;5.2.1953;5;667
YITER;64;7.4.1962;0;64
HACERA;216;21.6.1971;0;216
CIMO;15;30.1.1941;15;0
BIRGOL;49;11.5.1973;0;49
FAIME;1310;11.9.1970;0;1310
TEBERIK;227;28.2.1962;3;224
KUNDUZ;8;19.6.1955;2;6
FEZI;16;1.1.1964;14;2
KIYAFET;1528;6.11.1959;4;1524
ANSA;2056;2.1.1950;1;2055
YELMIHAN;4;16.11.1965;3;1
GULAMMUHAMMED;1;12.8.1947;1;0
MINEY;10;22.10.1949;0;10
TURMUS;35;5.4.1942;33;2
TATAR;142;26.3.1959;106;36
NARINCI;129;5.7.1960;0;129
ICI;1;2.2.1957;0;1
SUKUTU;7;7.6.1967;7;0
BAHIRE;1856;27.7.1957;0;1856
FERIZAT;244;30.3.1959;2;242
MUZEYHA;13;18.5.1962;0;13
NEZEHE;191;27.1.1959;0;191
RAYILE;43;9.1.1962;0;43
VERDEK;337;19.3.1962;0;337
VEZIRE;734;15.2.1964;0;734
IMMIGULSUN;42;11.1.1968;0;42
NEALA;3;25.10.1964;0;3
HURMET;1155;23.3.1966;129;1026
CEMSIT;53;20.4.1967;52;1
SAHBANAT;1;21.6.1964;0;1
KAHIR;64;23.7.1963;64;0
SAHVELI;8;18.11.1959;8;0
NARSIDE;11;27.12.1957;0;11
FERIDON;110;21.10.1954;110;0
BERRAN;153;4.8.1967;2;151
MELFERAT;1;7.2.1982;0;1
HORU;3578;21.11.1956;0;3578
ZINE;319;15.1.1962;0;319
HAZIRAN;113;5.9.1966;38;75
OZFER;17;18.12.1973;8;9
BERIA;116;2.3.1954;0;116
NEDARET;7;11.10.1952;0;7
BERAH;4;2.10.1977;0;4
ABBASE;20;17.10.1958;0;20
BILCAN;323;14.10.1979;21;302
TOMURCUK;60;14.10.1972;2;58
MAYIR;79;30.10.1964;78;1
GULFIKAR;546;21.11.1956;0;546
GULLAY;14;19.12.1974;0;14
ABDULMENNAN;79;13.3.1967;79;0
REYHANA;3;2.8.1965;0;3
ZILAL;37;14.3.1969;3;34
RAHMET;376;6.10.1979;87;289
BERNAGUL;5;15.2.1982;0;5
AYMELEK;281;5.10.1958;1;280
SATUK;86;19.9.1974;80;6
AYBEGUM;50;15.3.1985;0;50
DESTAN;407;22.1.1967;238;169
AYSANE;98;6.8.1954;0;98
ZULEYLA;28;12.9.1975;0;28
HAMAMI;232;7.5.1956;0;232
VIRJIN;18;27.1.1944;0;18
TEZGUL;230;11.11.1973;1;229
FETHIDDIN;1;21.1.1940;1;0
AYAZ;129;25.8.1977;113;16
RUKAN;108;19.4.1982;27;81
MUKKADDES;19;24.2.1973;0;19
RUBEYDA;95;7.7.1976;0;95
FAIDE;348;1.3.1966;0;348
FATUMETUZZEHRA;44;28.10.1945;0;44
ZEHRIN;62;18.5.1963;0;62
ILHAM;1172;10.4.1972;842;330
ADAR;23;25.6.1990;16;7
ILGI;226;22.8.1976;21;205
AKDES;8;21.1.1959;3;5
HUNER;319;8.1.1970;81;238
EVSEN;682;1.2.1972;8;674
FETIHIYE;8;9.2.1957;0;8
ANLAM;8;2.4.1984;1;7
NASIP;1018;26.4.1968;651;367
ZULKUFLU;70;14.6.1955;69;1
VECAHAT;60;13.1.1947;6;54
LEMANUR;70;12.1.1963;0;70
ATES;508;1.2.1968;487;21
ISIKREMZIYE;1;7.4.1960;0;1
GULSUNA;70;16.6.1967;0;70
NESLIGUL;257;20.5.1977;0;257
CAGRIL;14;3.2.1977;14;0
NIZAMETIN;26;17.10.1963;26;0
BILVARE;1;18.2.1960;0;1
VEDEHAT;1;22.8.1937;0;1
SAFYE;100;5.3.1964;0;100
SAHAMETTIN;286;20.5.1951;286;0
NAVRUZE;11;7.4.1958;0;11
CAFAYIR;14;15.10.1963;0;14
SABA;178;28.11.1973;10;168
NESMIYE;306;1.10.1968;0;306
CINEL;7;26.4.1982;1;6
NURSENEM;23;27.5.1981;0;23
EMBIYA;586;5.10.1967;474;112
SAHRE;1078;24.2.1967;0;1078
FILOS;1;2.2.1963;0;1
AYBENIZ;178;18.9.1971;0;178
SURANUR;4;26.4.1989;0;4
SEMIR;1790;27.9.1972;1785;5
HAMDEGUL;7;25.4.1960;0;7
NEBAHA;27;21.4.1964;0;27
GULBIBI;17;19.11.1974;0;17
RAFIA;978;11.2.1959;0;978
ZAVITE;1;11.2.1952;0;1
MUGRI;17;4.7.1941;0;17
NAZIKE;4993;11.10.1958;0;4993
HAMIME;61;18.12.1967;0;61
KEFAYET;111;5.10.1952;1;110
GULRIZ;143;10.10.1970;0;143
GULCE;750;21.9.1979;3;747
BENAL;526;12.2.1966;117;409
ERKEN;57;8.10.1969;54;3
H.MEHMET;131;20.5.1950;131;0
ZERAV;1;27.7.1980;0;1
MEYMUNE;357;6.9.1960;0;357
SUMERRA;21;23.10.1981;0;21
SIDYA;4;14.10.1962;0;4
EDHEM;418;17.7.1964;418;0
PAMIRE;2;5.6.1964;0;2
SUNAL;109;19.5.1969;53;56
REHIME;739;4.4.1955;0;739
ERZA;4;28.2.1957;1;3
BERAY;230;4.3.1979;21;209
HICAP;39;17.5.1956;12;27
ABDULRAIF;7;6.5.1971;7;0
FEYCAN;8;18.12.1963;1;7
ADAVIYE;188;13.2.1956;0;188
MUYESER;512;5.4.1967;1;511
MUSAYIT;13;17.3.1965;13;0
ELIHAN;29;2.2.1969;1;28
DIHLE;57;21.6.1958;0;57
BAYLA;5;30.2.1965;0;5
SATTI;8;27.7.1942;1;7
YASARE;1649;24.5.1958;0;1649
ZUBIYDE;82;2.5.1960;0;82
ALIS;668;19.12.1957;342;326
MUSEVVER;80;24.1.1954;0;80
SABAHET;97;5.9.1951;0;97
TACIRE;56;14.8.1964;0;56
DIYDEM;68;30.5.1983;0;68
HEDAYE;40;21.4.1957;0;40
MUKADDESMUGE;1;25.2.1986;0;1
DURKADIN;9676;25.10.1958;0;9676
LEMINE;5;30.6.1958;0;5
BASIR;72;23.5.1961;71;1
SENIVER;9;28.9.1962;0;9
GULNIHAN;76;26.7.1977;0;76
ALASGAR;1;12.11.1988;1;0
MEHMETMASUM;1;10.8.1976;1;0
MEHTAB;55;16.9.1976;0;55
BEDIREDDIN;3;8.10.1973;3;0
BURUC;13;21.5.1984;7;6
IKLIL;50;24.11.1968;6;44
MUCIBE;84;3.11.1956;0;84
SATIME;60;26.8.1960;0;60
RASMIYE;31;27.6.1963;0;31
VECIYE;346;1.1.1960;0;346
GULLIHAN;74;10.4.1965;1;73
MUEDDET;177;9.10.1953;0;177
ILHAMIN;17;27.1.1976;17;0
GULACAN;27;6.1.1968;0;27
TAMRIZ;1;16.6.1955;0;1
MUSADE;348;18.8.1966;5;343
NAYIL;390;6.4.1966;390;0
HIFZULLAH;525;6.12.1972;525;0
SILVAN;181;3.7.1976;21;160
KORALTAY;5;11.3.1970;5;0
FAYKA;28;6.3.1961;0;28
NAZ;417;18.7.1981;1;416
MENIS;142;29.10.1959;0;142
SENKAN;24;30.7.1970;19;5
MIDIRAF;1;6.10.1960;1;0
GULCUHAN;22;14.6.1974;0;22
SAISTAN;3;20.4.1961;1;2
OGUNC;58;4.12.1983;53;5
TUMUR;35;10.10.1966;35;0
YASSEMIL;1;26.4.1961;0;1
KULTIGIN;27;16.5.1977;27;0
NISBETI;8;27.10.1961;0;8
MAHDUME;96;14.4.1954;0;96
LAIKE;122;16.6.1971;0;122
DIYADIN;644;8.6.1975;644;0
AKRIMA;2;5.12.1949;0;2
FIBEL;3;24.12.1976;1;2
FETHULLA;17;4.4.1968;17;0
SIHHAMIT;23;1.12.1962;23;0
ESSUM;177;13.4.1962;2;175
CEMALGURSEL;6;3.4.1970;6;0
GULSADE;1146;4.1.1963;0;1146
MUNUSE;944;15.2.1962;0;944
ZEYNAP;644;17.2.1962;0;644
MENIBE;5;11.1.1965;0;5
GUNAN;101;9.6.1967;70;31
NAZIMEDDIN;2;4.10.1972;2;0
SAHISTAN;113;13.3.1960;62;51
KARABET;192;1.11.1944;192;0
TUKEL;35;24.2.1951;1;34
ILGUL;30;11.3.1967;0;30
MEJBURE;168;18.12.1966;0;168
MIRACHAN;5;19.10.1989;5;0
SERALP;59;1.6.1970;7;52
SUNULLAH;259;7.10.1970;259;0
FUAD;159;2.4.1963;159;0
MUZEMBIL;2;8.3.1956;1;1
SEBAL;11;16.10.1964;0;11
CERRAH;97;10.12.1961;97;0
GEYHAN;3;6.5.1959;0;3
SUAVET;3;3.12.1954;0;3
NURE;2037;22.7.1958;0;2037
FARIKA;408;11.4.1968;0;408
BESSE;114;4.5.1959;0;114
LILIA;64;24.3.1975;0;64
AYBARS;398;6.6.1980;397;1
LEBAN;1;2.2.1988;0;1
VARTANI;2;29.11.1937;0;2
TUTKUM;4;3.2.1989;2;2
GUNUL;164;9.1.1976;0;164
GOVHER;112;20.10.1954;0;112
CEVAZ;7;2.10.1967;7;0
TACER;14;6.9.1972;10;4
LALA;148;13.1.1952;3;145
ZULHICE;30;10.11.1961;1;29
OMRIYE;2986;30.6.1959;1;2985
SEVKAN;231;30.11.1978;132;99
ALGUN;28;24.3.1966;9;19
LERMAN;26;27.3.1962;0;26
IMAMSAHIN;1;30.6.1953;1;0
HUKMEN;5;23.11.1965;5;0
HATINEY;1;6.11.1955;0;1
ARDEMIS;23;14.5.1944;0;23
TUNGA;56;10.12.1971;54;2
HUNAT;7;17.7.1976;0;7
ORKIDE;360;11.11.1979;0;360
HICRIYE;301;15.3.1956;0;301
SAHZEDE;72;20.5.1963;13;59
OMRUM;156;6.5.1986;23;133
SIREDDIN;1;16.9.1947;1;0
BERAN;144;16.10.1977;98;46
GOKTEN;148;12.3.1975;101;47
BADER;30;1.10.1963;0;30
AYTUN;566;16.5.1972;351;215
SAHDUMAN;14;10.1.1970;7;7
KADEME;5;23.6.1955;0;5
GUNNAZ;1185;7.4.1964;0;1185
MUZDAT;30;20.5.1958;30;0
TURSEL;16;29.8.1961;3;13
KANIM;4;11.2.1967;4;0
BASER;99;14.3.1972;97;2
EHLI;26;10.7.1960;9;17
SEVHER;14;22.1.1971;1;13
DEBI;2;26.5.1957;1;1
MINAL;11;20.1.1972;3;8
GULLIZAR;2865;20.8.1957;0;2865
TUNAYDIN;11;14.10.1955;5;6
BAHTISEN;1429;29.11.1967;42;1387
RAYLA;8;5.7.1966;0;8
SACIRE;61;10.10.1972;0;61
LEYLAN;480;28.10.1960;0;480
BAYRAMIYE;572;7.6.1974;0;572
BIRANT;69;16.8.1974;46;23
SETENAY;336;2.12.1983;1;335
SEMAYE;150;6.12.1967;0;150
YUSUFHAN;47;30.4.1973;47;0
ALTUG;1509;6.10.1979;1491;18
ABUZEYT;68;7.7.1964;68;0
CENANI;92;15.7.1964;89;3
DILEKHAN;8;6.9.1977;2;6
SILDAN;2;26.12.1954;0;2
LINA;125;27.8.1969;0;125
CURE;3;9.4.1941;1;2
MERAM;102;20.9.1972;9;93
BULENTEKBER;1;25.2.1975;1;0
ERDALGUNGOR;1;11.9.1971;1;0
SERILE;3;2.2.1962;0;3
BERRAH;103;2.3.1970;3;100
FETIYEGUL;3;27.9.1962;0;3
ERKA;8;1.10.1972;1;7
NURSELEN;110;21.1.1972;1;109
DEVKAN;5;23.12.1980;5;0
NUSURET;36;14.2.1964;33;3
MAKBILE;13;25.10.1965;0;13
ADNI;30;2.1.1959;13;17
GULHEDER;2;30.2.1959;0;2
HUSNEGUL;45;23.10.1976;0;45
GULLUNUR;8;19.1.1977;0;8
ERDENAY;56;14.9.1974;45;11
SEYLA;373;8.2.1969;0;373
FERID;407;22.1.1966;407;0
GULUSAH;196;7.10.1965;0;196
ICLA;115;26.3.1972;0;115
TURKEY;53;30.9.1955;34;19
HURUHAN;58;12.8.1957;0;58
NAZET;7;26.4.1962;1;6
TAKYETTIN;170;12.12.1971;170;0
SAMLI;15;8.12.1962;14;1
BULUNMAZ;136;8.9.1953;0;136
SAINUR;35;28.1.1953;0;35
ONURHAN;151;16.3.1988;149;2
SERBET;504;2.2.1968;5;499
OMUS;6;19.10.1946;6;0
NUSIDE;24;27.5.1956;0;24
SENDEGUL;107;13.2.1976;0;107
IZIK;1;22.11.1949;0;1
NURETIN;74;20.12.1967;74;0
ZARIYE;357;20.10.1958;0;357
SABIRIYE;62;24.3.1964;0;62
SEYASTA;2;29.12.1959;0;2
ZIYCAN;16;23.9.1956;0;16
SUHAP;19;28.1.1971;19;0
SELVIYE;1675;1.3.1964;0;1675
OPSAN;1;26.3.1966;0;1
YASENIM;2;12.8.1978;0;2
GUSE;5;14.2.1947;0;5
BAHA;959;18.7.1968;946;13
AZER;513;18.7.1978;182;331
OZGU;674;29.4.1982;146;528
SUMAYRA;4;4.10.1987;0;4
CASIM;2432;26.3.1966;2431;1
ADUL;1845;11.8.1961;5;1840
SAHDETTIN;12;30.12.1973;12;0
SIYAMI;1401;11.5.1965;1399;2
AMAC;88;3.4.1982;85;3
SABIHE;656;12.8.1961;0;656
MUDDESIR;17;10.7.1975;15;2
GOZDEN;25;6.8.1977;2;23
MESNEVI;2;28.12.1961;1;1
GULTANE;218;3.11.1962;0;218
MEHMETTURHAN;1;16.11.1970;1;0
MEHMETNAZIF;1;1.9.1928;1;0
CIYDEM;773;28.1.1974;0;773
SERVETGUL;1;11.5.1981;0;1
SIYABE;102;30.1.1963;0;102
MAYA;897;17.5.1958;1;896
FERMA;19;10.5.1962;3;16
SERINCE;57;2.4.1964;0;57
ESENAY;46;30.1.1984;0;46
SERIHA;49;27.1.1962;0;49
YETGIN;268;5.11.1971;233;35
SACEDDIN;20;26.5.1962;20;0
CANAY;361;23.11.1975;93;268
MULAYIM;1491;28.12.1962;1246;245
MEHTI;765;1.10.1967;761;4
AYNIL;189;14.6.1975;0;189
I.SENOL;1;29.5.1973;1;0
GULUMSE;69;16.7.1968;0;69
EDILAY;2;23.3.1982;0;2
FERASAT;4;15.8.1957;2;2
GULSEDEF;16;17.8.1978;0;16
AYSEYI;14;17.9.1956;0;14
SABUR;170;19.4.1957;30;140
TURGAL;8;11.5.1968;8;0
IRFET;105;22.6.1964;18;87
TOPRAK;82;20.4.1983;53;29
AYDEN;159;17.5.1968;5;154
IRINA;346;20.2.1973;0;346
HASVI;1;2.6.1945;1;0
NUSU;14;15.12.1945;0;14
SEVLIYE;145;21.11.1969;0;145
NURZAN;20;25.3.1965;1;19
ARZUAY;4;1.12.1975;0;4
IZLIFET;29;20.1.1974;0;29
SUKRULLAH;271;2.7.1975;270;1
BASI;157;11.2.1952;3;154
MENEY;10;19.6.1954;0;10
KAYIM;70;3.11.1970;70;0
HATAYA;1;3.2.1966;0;1
MENENGUL;36;18.8.1972;0;36
MEHIYE;31;24.1.1964;0;31
ERSAVAS;58;10.1.1971;58;0
KAPTAN;273;2.6.1962;273;0
CAKIR;2558;1.9.1963;556;2002
BEYTIYE;933;6.7.1957;0;933
ILNUR;36;6.11.1972;0;36
MENI;28;28.12.1947;1;27
TALAZ;2;22.6.1962;2;0
YASEMINDILAN;1;17.2.1992;0;1
ABDULMESUT;7;5.12.1975;7;0
CEVAIR;67;6.11.1960;11;56
RUHAT;367;2.10.1964;141;226
RENGIGUL;100;12.1.1966;0;100
MATLEN;11;27.12.1964;0;11
HAMAIL;878;20.1.1960;2;876
DEMIRALI;517;10.9.1954;517;0
SANNUR;19;6.4.1969;3;16
MELEYHAT;2;5.11.1962;0;2
SEVLI;775;1.12.1963;3;772
SEHDAVUT;32;13.5.1968;32;0
VENER;1;21.11.1965;1;0
MAHTEP;3;27.10.1974;0;3
EZEY;3;17.8.1935;0;3
MAHRIFET;4;27.2.1971;0;4
SUYEN;3;20.5.1973;0;3
NAZRIYE;56;4.1.1959;0;56
SUBUTAY;181;27.11.1971;180;1
SUSEM;204;8.4.1965;2;202
ZEBIYDE;5;29.1.1964;0;5
MULHUME;7;27.10.1972;0;7
MENZILE;197;11.4.1968;0;197
SEMAI;139;26.6.1964;84;55
ALEMDAR;216;8.12.1967;215;1
YURDEGUL;9;21.7.1960;0;9
AYFET;50;7.2.1969;4;46
BIRSAN;532;6.7.1964;32;500
NIHADDIN;7;14.11.1955;7;0
NAZRIFE;37;22.10.1960;0;37
YUHANNA;13;4.7.1955;12;1
AZAD;459;19.5.1984;450;9
SORGUL;169;30.12.1970;0;169
CEMLE;14;7.3.1959;0;14
ABDUSSAMET;700;21.10.1977;700;0
USKUDAR;135;15.5.1964;45;90
SEHIDE;1077;27.11.1959;0;1077
ERGINER;15;17.12.1958;14;1
TASAR;14;1.11.1967;14;0
BAHCET;19;30.1.1967;19;0
MUNUP;132;21.2.1964;132;0
ZANA;189;16.10.1984;161;28
ABDULHALIK;2386;10.5.1970;2386;0
EZMEHAN;8;22.12.1956;0;8
HANISE;269;18.10.1961;0;269
FERISTAH;2418;10.2.1957;13;2405
ZEKAIYE;6;2.1.1960;6;0
KERAMETTIN;1599;1.11.1965;1599;0
SUHEYDA;318;14.2.1971;3;315
AHMETI;11;21.4.1964;11;0
SERDIL;51;25.11.1979;23;28
MUREBBIYE;14;27.10.1957;0;14
GULGULU;10;13.4.1964;0;10
CENEY;33;14.12.1950;0;33
SILE;20;21.3.1973;1;19
NUTIYE;267;23.1.1961;0;267
ASO;147;8.10.1939;2;145
HASIMET;58;1.6.1965;49;9
ENDAMGUL;1;16.2.1969;0;1
SEYFO;26;30.7.1949;24;2
YETGUL;30;13.3.1973;0;30
REVHANIYE;1;7.3.1940;0;1
ULMIYE;183;19.6.1964;0;183
GULDAMI;4;26.9.1955;1;3
ABDULIZZETTIN;3;12.10.1953;3;0
SEVLET;42;25.5.1966;16;26
KEVHER;27;29.9.1946;1;26
HURINAZ;928;25.6.1963;0;928
BENIAN;138;25.9.1969;8;130
DURHAN;397;11.4.1960;352;45
BILAN;57;6.4.1975;43;14
SEHNIZAR;7;23.1.1956;0;7
TALIB;120;28.12.1967;119;1
SIAHMET;91;9.2.1970;91;0
ZILFIGAR;9;4.9.1956;9;0
NAFYE;111;30.8.1957;0;111
TOZEY;7;25.10.1951;0;7
NURHAT;151;11.10.1977;97;54
IFEKAT;3;10.12.1947;0;3
SEYMEN;308;29.7.1972;271;37
KUTLUHAN;293;19.12.1980;289;4
GUTLU;1;2.2.1963;0;1
UGURKAN;37;28.8.1983;37;0
DELLO;14;29.8.1944;10;4
MAKSUBE;4;11.1.1959;0;4
BAHTISAN;83;9.12.1968;2;81
MUHREM;4;30.8.1965;4;0
BORHAN;24;27.2.1968;24;0
BERIZAN;2;14.8.1952;0;2
CAFERI;97;5.12.1964;96;1
MINTA;212;9.8.1961;0;212
NARIZ;2;29.9.1959;1;1
ERBIN;39;5.8.1967;35;4
NAZI;1198;9.2.1953;83;1115
BIR;11;16.10.1973;4;7
HAFIDE;268;7.10.1960;0;268
SEFIYE;2465;2.11.1956;0;2465
CEMAT;1;28.10.1983;1;0
GUZI;12;2.3.1948;0;12
ZEKA;63;4.9.1962;40;23
SUFYA;6;17.8.1964;3;3
CELALDIN;29;4.8.1965;29;0
GULEMINE;31;1.12.1966;0;31
ALILE;4;18.8.1949;0;4
GULIYE;193;27.9.1961;0;193
ULGUSEN;2;17.2.1973;0;2
NEHIBE;153;26.7.1967;0;153
GUZELCAN;5;10.7.1977;0;5
MUCETTIN;22;1.11.1968;22;0
FARIHA;21;12.12.1967;0;21
BEDIYHA;26;6.11.1965;0;26
ZILFIYE;96;7.4.1960;0;96
KOYUN;11;14.7.1937;1;10
DALAL;21;12.3.1957;2;19
HUD;23;27.1.1970;23;0
FUL;46;6.11.1968;0;46
KIZEY;18;20.12.1947;0;18
PERICAN;42;28.5.1971;0;42
BAYREME;3;29.3.1956;0;3
RATIP;177;24.3.1961;177;0
TAHMIN;7;11.11.1955;4;3
USULIYE;2;26.5.1949;0;2
NURAYDE;24;14.12.1972;0;24
MEHVIBE;4;10.7.1976;0;4
RUHSANI;2;8.1.1985;2;0
KARDELEN;124;10.1.1988;3;121
BATIKAN;180;17.8.1988;176;4
ELBAHA;1;26.4.1948;0;1
OKCAY;9;5.10.1972;4;5
HUSEMETTIN;55;22.2.1967;55;0
MERHAN;44;5.5.1968;8;36
SEMEHA;66;28.3.1968;0;66
EDIS;107;17.4.1973;89;18
FERIYA;117;19.11.1966;0;117
ZENAN;21;29.4.1963;0;21
BURHAR;1;14.6.1971;1;0
ZULIYE;61;8.6.1956;0;61
VAHAB;32;6.9.1964;32;0
SEVGUN;71;28.11.1971;15;56
HEMIDE;277;4.8.1958;0;277
SUVEYLA;1165;16.10.1969;0;1165
SABURE;72;20.3.1961;0;72
NECMEDIN;96;11.6.1969;96;0
MIRALI;122;19.3.1960;121;1
GONI;2;28.5.1956;0;2
FODIL;24;12.12.1957;0;24
NABET;8;14.2.1960;3;5
MESINA;1;3.3.1975;0;1
SAHSENEM;2303;18.3.1960;0;2303
SEYHAT;493;16.6.1962;64;429
SUDYA;15;8.2.1971;0;15
SUYTAN;2;8.8.1968;0;2
AYLANUR;40;19.2.1967;0;40
HAFE;21;26.9.1961;0;21
RAHIBIYE;1;3.6.1973;0;1
GUVIN;2;16.9.1947;0;2
DILAHAN;11;22.12.1986;0;11
H.MAHMUT;2;3.3.1953;2;0
EZERHAN;4;3.4.1971;0;4
ZINETTE;1;29.11.1961;0;1
CEVELI;12;11.8.1967;12;0
NAYILA;9;24.9.1962;0;9
HUCI;14;30.6.1938;0;14
HAVAS;175;13.6.1958;37;138
HIDO;9;11.4.1936;8;1
MEHMETHAYRI;3;20.7.1964;3;0
TERI;62;14.4.1961;0;62
KELHAN;8;27.10.1963;8;0
ELMAST;952;2.9.1957;0;952
ESHAT;445;23.1.1976;444;1
NAZBILE;1;2.2.1981;0;1
NESIH;861;12.7.1977;860;1
LALES;219;19.6.1982;0;219
AMADDIN;10;10.6.1980;10;0
ZEMZEMI;47;22.6.1954;0;47
NURHAMI;6;2.5.1965;4;2
HORSIT;10;7.4.1964;10;0
NAZDAR;1173;8.1.1967;1;1172
TEVRI;3;26.12.1936;0;3
BENEVS;84;11.11.1966;0;84
MANZUR;6;2.2.1958;5;1
PERVAN;13;30.12.1965;0;13
YAZAN;6;21.5.1959;4;2
BECET;70;23.1.1972;70;0
DANEN;1;12.8.1959;1;0
SAHTURNA;83;11.3.1977;0;83
MUBAREK;418;3.12.1979;303;115
FEDA;217;17.5.1970;85;132
NAZELLIN;1;8.11.1988;0;1
ABDULSELAMI;53;20.11.1972;53;0
HAKDIN;1;26.1.1975;1;0
TEYYIBA;3;11.5.1978;0;3
ERVAY;1;6.1.1987;0;1
M;524;13.8.1953;523;1
MANUSIYE;1;17.1.1972;0;1
MIRZE;1157;16.2.1962;1157;0
MUSAMETTIN;630;7.3.1963;630;0
NADRET;5;26.9.1961;0;5
ABDULFAHRI;1;2.2.1989;1;0
MUHRIBAN;252;1.7.1973;0;252
GOCERI;26;10.1.1953;17;9
SULBIN;1;27.6.1974;0;1
PEKER;65;12.12.1960;55;10
VAZIHE;10;8.12.1951;0;10
SARITE;22;7.4.1968;0;22
GINDO;1;21.1.1981;1;0
NURIHAN;78;8.1.1961;4;74
SEHIT;75;22.7.1970;72;3
GULUHAN;60;30.2.1966;1;59
SORI;68;28.5.1956;1;67
HEBIBE;138;11.10.1961;0;138
MICO;4;19.12.1931;4;0
IGDE;155;3.11.1976;0;155
VEHAP;268;4.8.1964;267;1
SEHAP;83;20.7.1959;69;14
SITHIYE;3;26.12.1969;0;3
NESIN;148;2.6.1974;56;92
KAVAS;205;29.2.1963;204;1
BEYAMI;52;14.6.1961;52;0
HUSRAN;224;20.1.1971;13;211
TONBUL;87;13.7.1962;3;84
USGUN;2;27.1.1950;0;2
GENAL;8;23.4.1963;4;4
MUNURIYE;92;27.3.1961;0;92
FATIN;437;29.4.1965;417;20
TOMBUL;98;26.3.1960;3;95
SEHIRNAZ;66;22.2.1961;0;66
KUTRET;145;7.2.1965;72;73
TUMBUL;7;26.7.1968;0;7
SUMULLAH;2;3.11.1947;2;0
CAMESEP;2;19.8.1963;2;0
FILOR;69;11.11.1945;1;68
EMSA;12;4.10.1968;0;12
SEHLA;179;12.2.1968;0;179
GULUMSEHER;4;19.9.1963;0;4
RIFAYE;1;20.8.1935;0;1
VENDIHA;10;12.12.1963;1;9
SUKRET;216;25.9.1964;116;100
USKUN;7;10.12.1960;5;2
VESIGUL;26;15.2.1962;0;26
MIYESSER;1046;12.12.1969;0;1046
ESEL;70;15.4.1967;2;68
ABDULTALIB;1;1.6.1965;1;0
NECAYI;29;10.7.1966;28;1
BILSEREN;11;23.12.1968;0;11
HALLOS;2;29.9.1947;2;0
HANBEGI;28;22.7.1950;1;27
SAMETTIN;400;2.10.1961;400;0
TARHAN;389;27.9.1968;367;22
GEVRE;178;6.2.1963;0;178
NUHAK;1;7.4.1958;1;0
MUSAYE;2;25.10.1975;0;2
ZELIH;102;23.8.1951;0;102
HORE;174;16.3.1952;0;174
SAMIA;252;8.2.1964;0;252
MERIVAN;31;10.3.1971;2;29
SALAHTIN;2;7.9.1957;2;0
IRCAN;11;3.8.1969;6;5
REVZATE;5;30.6.1978;0;5
ABDURAHIM;512;4.11.1967;511;1
NABAT;72;19.10.1954;0;72
SEZGUL;133;14.4.1977;3;130
KEZEY;8;1.2.1952;0;8
KAZAL;11;21.2.1953;1;10
EYIN;4;19.1.1977;2;2
MAHIGUL;874;29.3.1962;0;874
SAKLIN;1;27.7.1980;0;1
SEBUR;19;19.2.1981;17;2
TURCAN;888;8.4.1967;365;523
ABDULCEBBAR;1632;25.7.1968;1632;0
MUZAHAR;7;30.1.1955;0;7
TETEVUN;1;22.5.1973;0;1
KADEY;1;17.4.1948;0;1
SEFKAY;1;6.7.1991;0;1
GUVER;71;29.1.1964;1;70
UZGULE;1;22.1.1985;0;1
URHAN;421;30.4.1951;413;8
FENDO;12;15.1.1950;11;1
NURHALE;6;25.4.1961;0;6
FEHMIYE;2793;22.5.1957;0;2793
SAHPARE;3;23.5.1944;0;3
SALIRE;2;27.1.1959;0;2
TILYA;1;20.6.1974;0;1
NUHA;31;23.11.1973;2;29
SIDIKIYE;4;20.9.1955;0;4
ZEMILE;33;16.3.1962;0;33
SAVER;731;27.5.1956;12;719
HOREY;11;25.5.1948;0;11
SEFEDIN;3;9.1.1960;3;0
ETI;93;28.11.1957;7;86
KOC;89;8.9.1958;89;0
GULBER;81;2.9.1966;0;81
ZAYDA;25;2.12.1958;0;25
GULUM;679;28.2.1969;52;627
ABDULGAFAR;122;20.10.1968;122;0
BULGUDAY;2;13.1.1982;2;0
HAFIY;2;1.5.1937;0;2
ABUDULLAH;2;25.6.1979;2;0
SELVICAN;53;18.6.1976;0;53
SABET;44;30.2.1963;29;15
RENGUL;240;20.11.1968;0;240
NAHILE;245;20.6.1965;0;245
BEYRO;6;12.1.1965;5;1
AZO;15;8.2.1950;10;5
USKAN;20;11.11.1972;16;4
MUJDET;182;11.3.1968;124;58
SAHSIN;18;4.10.1958;13;5
NEISE;2;24.12.1956;0;2
GEVNI;1;5.10.1950;0;1
GULDAM;22;28.7.1962;0;22
MEHMETCAN;327;8.3.1980;327;0
ABUZAR;222;21.9.1960;221;1
UCO;3;21.10.1931;3;0
GUVI;1;27.7.1944;0;1
SIDDIKIYE;2;15.9.1967;0;2
EFI;8;13.9.1961;1;7
LIUBA;14;25.11.1975;0;14
GAFURRE;1;18.2.1961;0;1
SIHEM;441;12.4.1978;1;440
NERZAN;92;3.10.1964;3;89
YUZGUL;248;17.6.1980;1;247
ELISE;39;1.4.1975;0;39
ISMIGUZEL;237;28.9.1960;7;230
FINCO;54;19.2.1954;0;54
EPRU;20;17.3.1978;1;19
TURGANBAY;1;12.8.1959;1;0
IBRAHIMRUHI;1;21.1.1972;1;0
SACIHAN;12;3.9.1975;2;10
MAHPERIZ;5;6.7.1968;0;5
IRFANI;293;11.9.1960;285;8
ZERGE;473;16.5.1959;0;473
ALIZIYA;5;26.2.1954;5;0
OZTEMEL;4;24.1.1963;4;0
SAYGILI;16;3.5.1968;11;5
MUTULLAH;281;6.12.1963;281;0
BINGOL;872;28.12.1967;87;785
SEYDIBATTAL;12;16.8.1965;12;0
MAZIZE;24;29.7.1958;0;24
KAMLE;136;23.2.1955;0;136
BESEN;34;21.4.1978;12;22
AVAZ;29;28.2.1966;22;7
ERHUN;109;23.2.1977;109;0
FILIK;215;17.2.1954;9;206
INCIHAN;113;23.7.1974;1;112
URKUYE;53;21.6.1960;0;53
SUZIYE;45;4.7.1957;0;45
FEYFURI;103;30.3.1965;0;103
CINIS;1;13.1.1981;1;0
OKTEN;41;27.1.1970;40;1
HAMPULI;2;21.11.1937;0;2
SARIGUL;730;20.7.1966;0;730
ZENNURIYE;213;7.6.1962;0;213
ILKAN;675;27.1.1982;590;85
ELFESIYE;105;19.7.1976;10;95
SAHVERDI;136;18.5.1962;130;6
ECO;74;3.1.1944;4;70
CANGUVEN;4;7.8.1969;4;0
FATIGUL;92;1.6.1957;0;92
CEVAYIR;112;15.11.1965;13;99
SUMUYE;7;24.10.1976;0;7
AKKAN;38;27.1.1973;37;1
ESMAYULHUSNA;1;29.10.1984;0;1
SABEDDIN;73;16.11.1968;73;0
NEFASET;16;15.7.1954;0;16
GOLYA;1;11.2.1939;0;1
NUSIGE;1;6.7.1945;0;1
CESURHAN;3;16.6.1987;3;0
MISLI;131;20.3.1956;9;122
MAFIYE;447;26.5.1961;0;447
TASIHA;127;21.11.1974;1;126
ABDULMAHMUT;5;13.1.1966;5;0
GULBIRAY;2;22.1.1985;0;2
HAMSIYE;244;3.11.1963;0;244
ELBEYI;358;2.3.1956;358;0
SEMO;156;2.11.1950;111;45
LAMAN;145;3.2.1962;3;142
FATTEY;17;23.5.1946;0;17
ELO;50;13.10.1947;2;48
SOSUN;644;24.2.1961;30;614
PERKAN;12;8.7.1974;9;3
ATIKA;477;1.3.1960;1;476
MAARIF;71;19.4.1959;71;0
HACIHASAN;24;23.6.1964;24;0
DALI;10;14.3.1961;0;10
ASKER;1539;29.4.1964;1538;1
SAZIDE;77;23.2.1962;0;77
MICIR;1;12.3.1971;1;0
HAFZA;23;30.7.1973;0;23
OZGER;77;30.1.1971;65;12
SATIA;1784;14.3.1952;0;1784
ALISEN;288;16.4.1969;283;5
CILEK;323;11.4.1980;0;323
BILGA;3;23.2.1970;0;3
BOZZO;1;13.3.1977;1;0
LIMEN;4;30.4.1977;1;3
AYSEFATMA;314;11.10.1959;0;314
SAHMURAT;262;13.11.1958;262;0
GOLGEM;17;26.6.1985;0;17
KOKSEL;61;18.10.1964;43;18
BESIGUL;2;22.1.1960;0;2
GULSANE;49;25.8.1958;0;49
MEDAYIN;48;12.5.1963;44;4
HADIS;99;10.5.1973;84;15
MIYASSE;36;14.11.1960;0;36
KEMALIYE;555;24.8.1965;1;554
SUHBET;334;30.1.1969;2;332
MECBURIYE;566;29.2.1964;0;566
TURKES;202;27.2.1970;199;3
REBIK;1;6.7.1978;0;1
TUBYAN;2;8.5.1983;1;1
SERTAS;146;30.9.1981;141;5
AKILE;6131;6.12.1959;1;6130
SEMATI;59;28.1.1967;58;1
SUVER;14;18.2.1976;3;11
DERDAIL;3;13.4.1969;3;0
SEVDAG;252;27.10.1977;0;252
ABDULLA;749;23.5.1960;749;0
BEDRISA;3;13.4.1953;0;3
EDIRBAN;1;1.3.1950;0;1
PAKISE;52;18.10.1964;0;52
TEMIHA;5;18.7.1961;0;5
ERSIL;30;27.4.1973;20;10
ASRI;143;16.10.1962;122;21
SEYNUR;520;27.12.1975;16;504
NEGFEL;3;25.2.1969;3;0
GURUZE;1;7.3.1976;0;1
ILKHAN;91;19.7.1980;83;8
HAZER;300;13.4.1971;92;208
CEYIZ;2;10.6.1968;0;2
NURSUM;3;22.3.1983;0;3
KEZIBE;202;27.4.1963;0;202
EYGUL;14;19.9.1968;0;14
SEBIH;144;27.6.1979;140;4
SENEHET;1;14.8.1978;0;1
CANALI;33;8.8.1973;33;0
AYSEREYHAN;1;22.8.1919;0;1
SAHBENDE;4;14.10.1951;3;1
CUMEYDI;1;17.2.1966;1;0
GIYAFET;32;8.5.1963;0;32
IFET;271;22.9.1964;1;270
SEBEKI;68;2.8.1970;68;0
HAYIRLI;445;22.12.1961;18;427
MAHPIRIZ;2;1.2.1944;0;2
OZDEM;1057;22.5.1976;257;800
TESVIDE;7;4.7.1958;0;7
REHAN;241;28.10.1961;15;226
SAMIRAY;3;11.5.1956;0;3
SEMAM;429;19.4.1965;0;429
SENAN;346;4.1.1972;225;121
ALIASKER;302;23.11.1965;302;0
HASGUL;1311;15.12.1967;341;970
CAFFER;46;24.7.1968;46;0
SISAN;35;23.1.1950;0;35
TEVIK;20;30.6.1965;20;0
AYTUC;9;13.2.1975;9;0
GEVEY;23;18.4.1945;0;23
GULFEHIM;52;28.11.1963;0;52
EVGUL;12;29.5.1971;0;12
HIKMETVACIT;1;9.1.1976;1;0
FEKRESAN;1;6.8.1963;0;1
NURKET;28;17.11.1969;2;26
ZILIHA;27;4.5.1963;0;27
SAMILE;407;16.2.1961;0;407
MENIHE;32;23.7.1966;0;32
NUREDIN;103;22.1.1970;103;0
FEYAT;1319;3.4.1975;1315;4
HAZINE;914;27.9.1969;2;912
ABDULHALIL;45;22.4.1975;45;0
NUMINE;12;1.3.1973;0;12
UBEYD;79;11.2.1977;79;0
FERSAN;104;26.4.1968;51;53
SITKA;23;9.5.1961;0;23
BILGER;108;13.4.1965;13;95
URUC;14;29.1.1961;7;7
MEJBURA;4;20.4.1958;0;4
NARIYE;1358;22.7.1961;0;1358
HAMZAHAN;3;29.8.1982;3;0
ALAATIN;73;3.3.1973;73;0
ADI;182;21.6.1949;45;137
SAYDE;66;26.1.1965;0;66
SEFKET;334;7.1.1962;331;3
SAHILE;256;4.12.1967;1;255
NUREL;434;13.1.1966;44;390
HATIMA;18;29.4.1959;0;18
ZIDIYE;11;14.4.1961;0;11
HAYET;66;14.6.1963;2;64
BEDIL;31;15.5.1963;18;13
NEMIKAN;5;6.11.1966;0;5
CIBO;31;21.3.1940;31;0
SERPIYE;7;16.9.1971;0;7
TELIYE;27;9.2.1972;0;27
FERAI;123;17.4.1963;11;112
MUTEBAT;1;17.3.1977;1;0
YELGUN;8;19.6.1978;0;8
MEYVE;14;18.6.1971;0;14
NADILIYE;2;16.2.1948;0;2
FERGAN;12;14.12.1971;9;3
HATAY;416;26.5.1959;232;184
SUADE;380;8.3.1960;0;380
SEMIHAN;302;20.12.1967;1;301
UVEYS;629;16.2.1959;73;556
NEYHAN;54;18.1.1964;4;50
ERCUMEN;68;11.6.1966;52;16
CENET;74;7.8.1968;1;73
BOZAN;2193;21.1.1965;2100;93
KEYFI;71;21.8.1967;25;46
MUSLIYE;32;2.3.1959;0;32
GULSEMI;41;4.5.1973;0;41
ZERBAN;9;16.6.1972;0;9
SEHRIZE;56;10.1.1952;0;56
RABI;100;13.5.1967;86;14
GOCERYE;1;25.3.1953;0;1
GULFINAZ;512;23.2.1962;0;512
NESEY;1;3.7.1933;0;1
ZIHNET;73;12.4.1966;3;70
SESI;7;13.3.1957;1;6
CEDDENUR;1;27.8.1944;0;1
GULUZUR;4;3.3.1973;0;4
SELAHHADDIN;1;6.7.1987;1;0
NABIYA;4;5.10.1970;0;4
NEVILE;136;12.11.1966;0;136
NEVIYE;196;7.3.1962;0;196
MONICA;25;4.7.1972;0;25
NEJDE;14;22.9.1968;0;14
ZEYDA;47;6.5.1972;3;44
SUKRUYAN;14;23.5.1967;0;14
MUHALLA;44;12.5.1960;0;44
FERAYE;102;1.3.1969;0;102
NABIYE;205;26.2.1955;0;205
METTIN;118;21.5.1973;118;0
IZAFET;76;8.7.1963;2;74
YUCESTAN;2;26.3.1969;0;2
ABDULFETTAH;351;27.1.1964;351;0
CAGHATAYI;1;2.11.1979;1;0
KANAT;113;2.1.1975;101;12
VEHDETTIN;14;13.6.1960;14;0
MUAZZAM;65;5.7.1961;34;31
CUNEYIT;1193;27.11.1975;1191;2
GULLAR;18;22.4.1962;0;18
BILENC;6;16.9.1960;5;1
SURYAL;126;20.12.1955;0;126
ELIFSIBEL;1;27.3.1980;0;1
KAVI;38;13.5.1954;1;37
ELIK;7;20.10.1947;0;7
MUFTAH;193;15.1.1968;193;0
POLATKAN;61;3.5.1975;61;0
FAYIZE;197;14.3.1964;0;197
HURBUZ;2;12.6.1965;1;1
MERALI;32;29.1.1965;32;0
HATIN;579;14.5.1964;0;579
HELIN;490;5.6.1985;1;489
EMISHAN;2;11.2.1962;0;2
HATUNE;110;30.10.1955;0;110
NURGUZEL;357;2.3.1974;0;357
SONEL;217;6.9.1974;128;89
GULPASA;2243;19.3.1959;202;2041
GUZELIY;2;20.4.1977;0;2
AGCE;25;10.3.1954;0;25
AYSEV;22;24.7.1974;1;21
SURMELIGUL;1;10.1.1981;0;1
MURDANE;9;23.4.1957;0;9
NEZE;8;27.1.1965;0;8
EZIMET;20;3.8.1958;7;13
BERTAN;725;7.7.1979;686;39
FULDA;50;14.4.1980;0;50
SUNHE;1;22.2.1961;0;1
GOLGE;28;4.5.1978;1;27
SALAHADDIN;895;12.12.1958;895;0
HEMET;19;4.4.1964;19;0
SIRMAGUL;10;30.8.1974;0;10
GULSANA;3;1.3.1971;0;3
BILGIC;59;17.10.1966;45;14
MERDINE;18;10.5.1957;0;18
HASNA;267;30.8.1945;0;267
DURGUN;44;27.6.1972;36;8
NIMETULLAH;1079;23.2.1975;1055;24
RIZVAN;1470;18.1.1962;1410;60
NEZIME;172;1.8.1959;1;171
NUGRIYE;31;5.9.1962;0;31
MICIHER;1;22.1.1973;0;1
ABDULEMIN;8;12.10.1975;8;0
HIDAYETULLAH;16;24.9.1967;15;1
ZEHRIYE;111;7.4.1958;0;111
HUCEY;2;4.3.1941;0;2
KETAYUM;3;14.5.1960;0;3
ZEHIDE;941;14.11.1964;0;941
NASUF;656;23.8.1961;656;0
SAYIDE;350;15.2.1962;0;350
MAGFIRET;93;21.9.1964;3;90
SIRZAT;166;30.9.1967;164;2
MEVKURE;38;30.7.1966;0;38
KAFER;84;18.12.1964;84;0
OLGE;1;5.7.1961;0;1
ECDAT;20;30.7.1973;20;0
SELIHAN;42;29.1.1972;1;41
BETTUL;9;21.2.1974;0;9
CIHANSAH;143;13.6.1960;140;3
ULVEN;5;3.5.1960;3;2
MAMILO;1;17.8.1924;1;0
RAMIZ;3304;25.8.1957;3301;3
BEDEY;1;2.8.1927;0;1
NURSEVIL;189;19.9.1973;0;189
DINE;16;29.4.1973;0;16
NABAHAT;281;29.8.1969;0;281
DIKMEN;165;8.10.1963;59;106
MEDIYHA;21;24.5.1960;0;21
FANIYE;141;16.1.1969;0;141
SONBAHAR;149;19.3.1975;1;148
ASHABIL;115;23.11.1973;115;0
BERHIYE;8;12.3.1957;0;8
ELDEGUL;106;28.12.1969;0;106
NUBRICAN;1;24.2.1966;0;1
SUYUP;6;12.5.1960;6;0
FARAH;82;19.7.1976;2;80
MEBRULE;441;1.12.1959;0;441
HALIMET;40;11.2.1955;0;40
MUNIS;136;9.3.1957;60;76
EDELET;9;9.12.1957;0;9
BEYZANUR;66;19.2.1988;0;66
AGAHI;1;29.8.1926;1;0
SABIH;213;17.10.1966;209;4
SEHRINUR;14;30.9.1975;0;14
GULUSER;131;25.1.1962;0;131
FERDUN;446;16.2.1966;444;2
BAHCE;44;18.9.1960;0;44
LERIMAN;123;13.5.1961;0;123
SEFIRE;172;18.2.1959;0;172
FATIMEIZEHRA;3;6.10.1970;0;3
RUZIYE;2582;18.5.1957;0;2582
HAMIDO;6;27.8.1955;6;0
ZENDAL;2;8.6.1963;0;2
M.FEHMI;2;12.6.1945;2;0
SUAD;261;14.5.1964;112;149
YAR;11;26.6.1959;9;2
SABAHHADIN;1;12.12.1956;1;0
AYTULU;12;28.2.1969;0;12
GAZENFER;91;22.10.1969;90;1
SIDIYA;1;6.11.1974;0;1
OZMEN;628;29.10.1976;540;88
SEBIYHA;28;7.5.1966;0;28
NAKSIYE;610;24.5.1959;0;610
SEHIL;33;26.7.1972;19;14
BIBER;43;21.2.1958;1;42
ALPTUG;262;8.12.1985;262;0
TURKIYE;2329;14.6.1959;4;2325
NEDAMI;1;21.11.1959;1;0
HEYADDIN;2;17.3.1962;2;0
M.EMIN;590;4.2.1952;590;0
DADA;4;17.5.1961;1;3
YURDAKUL;825;29.5.1961;475;350
MAYPIRUZ;1;22.6.1948;0;1
KOCUN;1;12.8.1947;1;0
ZALE;494;26.6.1959;0;494
BIBICAKIR;1;2.8.1963;0;1
DOSTBAY;1;27.8.1938;1;0
SENEY;17;25.2.1970;1;16
ATILIM;164;18.6.1983;151;13
SELAHEDDIN;134;15.4.1952;134;0
MEJNUN;102;23.7.1976;99;3
OSO;8;4.12.1701;8;0
DENGIN;35;13.3.1983;33;2
FERDAG;754;9.2.1977;78;676
MEYSERE;90;10.5.1963;8;82
AYMEN;35;23.11.1977;7;28
HACALI;22;19.1.1966;22;0
SANCAR;564;17.2.1978;559;5
HISU;1;2.2.1957;0;1
HALUKTEOMAN;1;3.10.1951;1;0
MUBARE;34;10.1.1969;0;34
ULFU;48;8.2.1963;24;24
NEBIHAT;608;16.6.1961;0;608
DUDUS;177;17.6.1954;0;177
CANESTEHAN;1;7.8.1976;0;1
GULIFTAR;5;2.9.1970;0;5
ESGUL;22;3.4.1967;0;22
MUDDALIP;47;29.7.1964;47;0
ERGEM;12;19.1.1982;1;11
BUSIDE;1;16.7.1977;0;1
YERLI;72;19.10.1954;72;0
MEMINE;23;14.3.1961;0;23
NAZENDEN;3;8.4.1960;0;3
NUSAMETTIN;70;22.3.1964;70;0
SALIKE;39;16.11.1961;0;39
GULZEMIN;164;22.7.1966;1;163
SADEM;205;15.3.1965;164;41
SURRI;14;9.2.1968;14;0
CELIK;362;22.5.1954;360;2
BELIHA;11;18.12.1958;0;11
BEDIRYA;17;28.2.1968;0;17
NASIFE;273;6.6.1966;0;273
ABILE;43;7.10.1956;0;43
MISTU;1;27.8.1932;1;0
NAYME;271;12.4.1967;0;271
ZUMERE;2;22.7.1948;0;2
SUNIYE;310;2.8.1962;0;310
SENCILAY;1;16.10.1947;0;1
YETEYIN;1;13.3.1949;0;1
RAHIL;126;2.1.1965;9;117
KAN;12;17.11.1984;12;0
AYSUNAY;2;30.7.1967;0;2
ORCAN;146;28.8.1975;128;18
BEGALI;61;18.6.1961;61;0
MASIME;10;29.8.1967;0;10
BASRIYE;424;9.12.1964;0;424
SURREYA;68;4.6.1976;1;67
EZINE;925;26.4.1963;0;925
NURSEVER;88;3.9.1973;0;88
ENGUN;41;17.5.1965;25;16
OGULGEREK;2;23.2.1978;0;2
YUSUFKENAN;6;27.3.1975;6;0
MESILE;14;29.2.1965;0;14
FERDU;4;9.9.1968;3;1
MERSIN;217;13.1.1963;162;55
ZULUF;87;13.8.1967;0;87
MERDIMEYDAN;6;5.7.1970;6;0
BINER;10;3.7.1975;7;3
NAZIHE;145;17.7.1959;0;145
YELENA;65;6.7.1974;0;65
SERDAG;112;5.3.1975;23;89
PIRI;205;19.6.1954;178;27
ZEYNETI;739;22.9.1955;1;738
TANCULAT;1;6.4.1966;1;0
GULBARI;206;8.12.1963;2;204
YAHYAHAN;25;23.10.1977;25;0
FERANDE;4;11.6.1949;0;4
HARZI;6;6.3.1952;0;6
KOCALI;390;8.10.1961;390;0
OZBILEN;13;1.12.1977;11;2
MAFIREZ;1;23.4.1949;0;1
GULHANDAN;61;23.8.1971;0;61
KIVARET;1;2.5.1963;0;1
KEMUN;7;4.1.1958;0;7
MUBARA;10;3.3.1970;0;10
BENAY;442;11.2.1980;3;439
ARZUH;3;8.4.1963;0;3
MERDAR;3;17.4.1957;1;2
SAFFETTIN;299;8.9.1960;298;1
BEZI;100;5.8.1946;1;99
SEVET;10;7.9.1974;3;7
KEJI;381;22.4.1956;0;381
EDUARD;4;20.3.1979;4;0
FIRDAN;18;9.9.1962;1;17
BIZAR;387;3.12.1952;1;386
CAVU;1;7.8.1928;1;0
GULPEMBE;155;29.6.1972;0;155
FINYA;1;17.2.1966;0;1
BOZOR;1;24.2.1943;0;1
HOHI;144;25.9.1953;0;144
OZUR;2;25.6.1967;1;1
SARIT;7;5.12.1973;0;7
URFET;1005;28.1.1959;372;633
SUHUDE;31;21.12.1963;0;31
ISAFA;1;17.2.1966;0;1
PIRIHAN;24;7.9.1959;0;24
ANKARI;3;4.8.1967;3;0
FIRGAN;25;6.1.1962;15;10
SEVDAM;10;21.8.1981;0;10
SEMSEDIN;40;24.3.1965;40;0
PIRUZE;781;1.8.1963;0;781
BITANE;1;11.7.1986;0;1
BATAL;70;3.12.1962;70;0
UZUR;1;1.6.1935;1;0
MUABBET;2;11.2.1969;1;1
KURTULAN;2;16.5.1965;1;1
CESINE;2;20.1.1982;0;2
GARIBAN;119;2.6.1979;10;109
YASARA;8;23.1.1958;1;7
GULSAREN;2;2.10.1968;0;2
SAHIT;151;3.1.1967;150;1
MEDIYE;495;6.7.1960;1;494
SAHLIYE;17;6.2.1965;0;17
EBA;67;3.12.1968;65;2
ILMIHAN;217;7.1.1968;20;197
MUZEFFER;163;17.9.1959;141;22
MENEMSE;760;22.4.1959;0;760
MEDYE;18;14.7.1979;0;18
SIYAHMET;114;30.2.1968;114;0
GULUSE;68;26.11.1959;0;68
NAR;72;2.3.1962;0;72
SUBAY;95;16.12.1970;95;0
HAKIYE;394;9.5.1957;0;394
ELENA;615;4.7.1972;0;615
ZETUM;1;29.2.1975;0;1
GULIS;123;11.2.1966;1;122
SAHAHMET;8;28.7.1968;8;0
SALIN;6;17.12.1971;5;1
MEVISE;2;2.10.1965;0;2
FATIM;3304;23.11.1952;10;3294
HURRIHAN;1;9.4.1958;0;1
HAYDA;5;4.11.1966;0;5
RESOL;2;26.5.1952;2;0
AYTAS;78;10.2.1974;61;17
SAHINMERDAN;1;26.8.1942;1;0
CIHANE;24;22.6.1967;0;24
AVDIN;3;8.10.1979;3;0
FADILA;114;4.12.1956;1;113
NAIYLE;3;3.3.1968;0;3
TEKCAN;54;21.7.1978;43;11
PUSAT;13;3.8.1978;13;0
BASIRET;19;14.6.1969;0;19
CELENK;40;20.8.1966;15;25
TILLI;22;10.10.1950;1;21
FATTIM;6;18.2.1941;0;6
CEBRIYE;92;23.3.1961;0;92
VADETTIN;142;3.4.1965;142;0
ZILFO;109;22.11.1948;87;22
NEBIH;123;2.11.1965;123;0
GENCOSMAN;49;21.2.1976;49;0
DUREY;2;21.10.1952;0;2
HAFI.;1;22.8.1936;0;1
GURSELE;6;1.3.1971;0;6
ABDULTARIK;3;9.10.1978;3;0
REZI;5;6.10.1972;1;4
FATUS;124;25.11.1957;0;124
SIBIYE;2;2.12.1951;0;2
HAMILE;144;10.4.1966;0;144
NAZAKET;42;14.9.1963;0;42
ETTI;3;5.1.1951;0;3
KURU;1;15.4.1960;1;0
NEDIGAR;1;16.5.1976;0;1
NAKSI;102;19.10.1963;67;35
FERIYE;626;1.3.1956;0;626
NAILI;22;6.4.1957;15;7
ADET;39;11.11.1952;5;34
SALA;15;13.11.1954;3;12
AYDE;52;25.8.1972;0;52
GURZET;1;16.1.1956;0;1
FETTIH;5;15.9.1967;5;0
HIRPO;1;21.6.1936;1;0
SAMIHA;331;4.6.1957;0;331
HINOS;2;8.1.1977;0;2
SULUYMAN;3;25.10.1959;3;0
HAMBEY;8;4.6.1960;8;0
SURIYHAN;1;12.2.1959;0;1
HANGUL;468;27.6.1966;0;468
HASANBAY;1;12.8.1953;1;0
MAHAK;1;7.8.1934;1;0
BEYCAN;620;1.3.1972;437;183
RUKET;32;24.3.1978;1;31
HAFARI;30;14.3.1969;21;9
MUKKADDER;21;22.3.1978;0;21
MUNEKSE;2;19.3.1956;0;2
SAKIFE;108;12.9.1968;0;108
SEREFEDDIN;95;18.11.1958;95;0
RAUB;2;13.5.1973;2;0
MUFUNDE;1;16.4.1957;0;1
SIVE;152;22.2.1963;0;152
SISI;399;6.9.1952;0;399
INCEBAY;1;2.8.1933;1;0
MERHIBAN;8;5.2.1971;0;8
NEFISIYE;1;11.6.1963;0;1
NEFILE;94;7.4.1964;0;94
TURKI;137;22.1.1959;104;33
HACIHUSEYIN;25;29.11.1963;25;0
BAHOZ;12;7.8.1985;12;0
FADIK;5413;27.1.1958;4;5409
SELAHATIN;66;12.3.1965;66;0
SIRANUS;135;30.4.1949;0;135
CEYRAN;625;4.1.1954;2;623
RAZZAN;1;26.10.1982;1;0
SATE;7;2.2.1960;0;7
SAIP;539;19.11.1961;539;0
ZAHIDIYE;25;13.9.1960;0;25
SERBUN;9;30.2.1987;9;0
BINA;184;12.8.1956;13;171
META;7;28.4.1974;4;3
DIJLE;121;10.9.1979;2;119
FICE;1;1.2.1943;0;1
NURDILEK;56;4.10.1975;0;56
MELVAN;3;22.6.1988;1;2
ZULBET;13;19.6.1962;0;13
DAYIP;3;17.8.1953;3;0
FURIZ;1;26.11.1976;1;0
GULPEZ;6;7.6.1955;0;6
IHSANE;473;23.7.1954;0;473
ERBULENT;31;15.5.1976;31;0
FAKIRE;21;27.6.1960;0;21
TUREV;13;22.4.1981;7;6
SUEYLA;185;13.1.1965;0;185
ABUSEF;15;7.11.1955;15;0
YELKIN;3;13.5.1984;0;3
ZIRAM;16;19.11.1963;16;0
IMMIYE;9;6.2.1961;0;9
KOPUK;225;13.5.1956;1;224
SEVIYE;4593;4.5.1961;0;4593
BERTU;9;12.12.1985;7;2
ELIN;36;14.11.1980;2;34
GULSE;119;4.10.1962;0;119
HERGUL;176;27.1.1969;17;159
KILAY;13;3.4.1975;11;2
ADILBEY;12;27.3.1955;11;1
FERGUN;60;4.8.1966;15;45
FEVKI;28;10.10.1956;28;0
OZ;66;15.7.1965;56;10
MERDI;33;8.1.1962;27;6
MURSELCAN;1;3.7.1991;1;0
ARDACAN;10;20.9.1989;10;0
RAHAT;8;28.5.1957;2;6
DENNIS;25;18.8.1983;22;3
KULU;89;30.1.1953;85;4
HUNKER;147;9.9.1962;12;135
ORKAN;281;12.6.1981;278;3
HUZUNAZ;1;2.2.1957;0;1
VAYLOG;1;4.10.1969;1;0
SETDAR;28;6.12.1968;26;2
GULYAS;52;7.4.1965;1;51
GULMEDI;1;21.7.1964;0;1
SEFAH;10;24.9.1969;7;3
SIYAM;79;26.7.1975;27;52
VARTEY;1;26.10.1930;0;1
USTA;4;20.10.1963;4;0
RECVA;14;17.7.1968;0;14
NURSUN;157;30.5.1967;1;156
DIYAP;485;13.6.1963;485;0
VARLIK;77;14.8.1972;49;28
SOHUP;3;17.5.1967;3;0
YAKUPHAN;36;14.5.1983;36;0
GULIFER;118;24.7.1971;0;118
YASAMEN;17;11.8.1967;0;17
MAHIRIYE;10;13.9.1958;0;10
NIFSICIHAN;120;18.11.1963;0;120
RUJDAN;15;7.2.1972;8;7
KIPRIYE;45;20.4.1962;0;45
DILFUROZ;28;8.12.1973;0;28
FILLI;70;2.7.1956;0;70
SEYHOSMAN;5;10.3.1953;5;0
PAZAR;16;19.8.1967;12;4
PERIZ;11;14.9.1963;0;11
OZGUNAY;34;15.10.1973;26;8
GONULAY;46;28.5.1973;1;45
LEYYA;9;15.1.1979;0;9
ZEMEYRE;2;14.4.1949;0;2
ALESKAR;1;9.4.1958;1;0
CEBELI;154;13.6.1965;152;2
OBEN;370;5.8.1979;250;120
GUSUN;197;7.8.1962;0;197
KAZIYE;67;1.5.1959;0;67
NAYIBI;1;1.2.1962;1;0
HOSSEY;1;10.9.1952;0;1
SITTEY;8;5.4.1946;0;8
SERFE;287;11.10.1962;0;287
FIRDEVIS;473;11.10.1964;0;473
SOHULA;6;13.7.1961;0;6
SIMSEK;281;8.7.1964;243;38
MITTAT;22;21.10.1964;22;0
FIRDOZ;7;10.2.1966;0;7
HENOG;2;19.9.1954;0;2
SIMAN;34;21.11.1972;10;24
DAYYIP;1;19.4.1954;1;0
SAZIMAN;74;5.8.1953;18;56
NIDYA;3;30.9.1958;0;3
HAMITCAN;9;30.12.1986;9;0
FERAHAT;141;3.5.1971;9;132
MISBAH;247;30.9.1962;237;10
NEBAAT;106;1.6.1961;1;105
BABO;14;18.2.1947;14;0
ZILFIKAR;63;22.5.1961;58;5
LEVET;33;16.4.1972;33;0
ISBAT;12;29.8.1965;10;2
TOSUN;499;1.7.1955;484;15
GIROV;1;7.8.1952;1;0
GEYIZ;1;27.8.1973;0;1
SEVDAL;120;20.4.1973;33;87
SEVLAT;2;4.10.1974;1;1
SEGRA;28;28.10.1964;0;28
SIDKIYE;127;29.4.1954;0;127
SENNURE;78;25.3.1964;0;78
ASIRE;670;4.12.1960;0;670
KILLEY;1;4.5.1929;0;1
GULSEDA;145;3.8.1983;0;145
ESIBE;18;17.10.1972;0;18
ILKBAY;12;11.5.1977;8;4
MEVZIYE;71;26.4.1966;0;71
EBUMUSLUM;37;29.10.1973;37;0
ZUMRIYE;789;8.7.1958;0;789
MEHRIGUL;35;9.8.1963;0;35
BEDA;19;17.11.1974;1;18
BERGIZAR;7;27.7.1952;0;7
AZADI;27;25.12.1980;23;4
TAYBET;2063;20.5.1974;0;2063
ILMIYE;1404;26.5.1956;1;1403
ZEYNEBA;145;17.12.1973;0;145
ECER;12;25.1.1971;2;10
HAMAN;4;3.11.1960;3;1
GAFERI;2;14.4.1965;1;1
TIFAYET;1;6.6.1963;0;1
RAMMI;7;10.6.1933;7;0
HASILE;22;1.3.1969;0;22
YETKI;34;2.10.1975;23;11
MURYET;5;5.12.1962;1;4
SAFER;325;2.8.1954;172;153
HUMIYET;2;2.7.1981;0;2
SOYSAL;145;19.5.1971;136;9
TOMO;2;5.1.1962;2;0
SEHVER;60;17.5.1956;3;57
ABDULVASIF;18;25.2.1969;18;0
ILKIZ;99;20.12.1973;12;87
TANDOGAN;218;12.7.1969;218;0
KUMRI;2031;11.10.1958;0;2031
MUCIZAT;55;21.6.1960;10;45
SAMIM;785;30.10.1964;782;3
EMBIYE;1614;16.2.1962;43;1571
ONCEL;283;21.3.1970;190;93
GULCEHAN;90;24.9.1962;0;90
SUMURAN;1;14.8.1956;0;1
NERGUN;126;14.1.1968;5;121
ABDULRAGIP;11;11.10.1978;11;0
GULUNAY;44;19.12.1971;0;44
OZEREN;10;27.3.1973;10;0
GULSU;163;5.8.1971;0;163
ABDUSSAIT;2;2.11.1970;2;0
NISYAR;2;21.5.1946;0;2
TURKOZ;104;6.4.1956;34;70
DINER;35;18.2.1975;26;9
TUGUSAN;2;15.11.1984;2;0
ZELEHA;20;18.3.1956;0;20
ESSAN;8;1.8.1971;4;4
HADIME;487;5.2.1962;0;487
AKSEN;169;2.6.1969;37;132
GUHEREY;1;12.2.1953;0;1
BESIMA;35;7.5.1971;0;35
LUKMAN;236;22.1.1973;236;0
GURSAH;58;7.2.1981;29;29
ILGUN;171;6.5.1970;10;161
ROHI;5;29.8.1973;3;2
GUHAREY;1;6.8.1957;0;1
DEMIRCAN;205;14.4.1969;201;4
HUSAM;199;27.5.1962;199;0
BERGEN;221;9.2.1989;3;218
GULNARA;180;21.10.1970;0;180
KASIF;1283;10.12.1959;1282;1
MUTSEL;17;1.10.1970;11;6
ERVA;110;2.9.1984;3;107
BERMET;3;9.7.1984;0;3
GULMISAL;165;11.9.1974;0;165
REFA;173;9.4.1964;82;91
ZULKARNEYN;152;22.12.1963;151;1
ERSEGUN;36;26.2.1977;34;2
RUKKIYE;1068;5.6.1962;0;1068
RUHCAN;56;24.5.1967;21;35
EVSER;70;28.7.1963;3;67
FAHIR;312;4.9.1963;308;4
MIKAHILE;1;11.12.1973;0;1
ALYA;490;21.8.1962;0;490
BARTIN;4;15.2.1980;4;0
RAFIK;199;2.11.1959;198;1
YETSIN;14;20.8.1968;2;12
MIMAR;218;29.4.1978;217;1
SAHSI;24;17.3.1965;19;5
JULE;66;25.4.1975;0;66
GEZMINUR;5;27.1.1962;0;5
HUCABI;1;22.2.1973;1;0
OZLER;424;14.7.1973;153;271
UMULGULSUM;3;15.9.1972;0;3
MUNIRYE;19;21.3.1968;0;19
ZULKANI;97;4.11.1964;97;0
ZALIH;4;25.3.1977;1;3
SALHATTIN;46;27.1.1968;46;0
AZIMIYE;6;8.6.1960;0;6
BAHAETTIN;1390;22.5.1955;1390;0
BIRTEL;2;9.11.1952;0;2
CETINE;3;3.10.1961;0;3
NESIGUL;3;30.2.1970;0;3
GULBINAY;7;8.7.1978;0;7
KASIDE;409;9.8.1961;0;409
VECEHA;2;27.10.1951;0;2
MURSEN;61;10.4.1962;0;61
SEFAREDDIN;1;6.5.1941;1;0
ZULHU;2;13.2.1964;1;1
SULHU;6;6.1.1954;6;0
GULBESTE;32;23.7.1963;0;32
DUYSAL;69;7.4.1981;11;58
KIRIM;2;4.10.1986;2;0
HACIMEMET;22;5.9.1949;22;0
MUSEBBIYE;362;23.9.1954;0;362
SELDAL;21;9.9.1978;14;7
SEZAGUL;2;3.10.1977;0;2
MUHAMMETKORAY;1;22.10.1991;1;0
URGER;9;29.10.1957;0;9
ASLIGUL;286;16.6.1977;0;286
ALEETTIN;42;12.9.1960;42;0
NASLIHAN;30;30.11.1974;0;30
GULNAZI;137;28.9.1956;0;137
HIKMIYE;683;15.3.1969;0;683
YUCESSEL;1;11.3.1950;0;1
KULTAN;6;16.7.1953;1;5
DULGULE;1;11.12.1970;0;1
MEFA;144;25.11.1966;83;61
MENIFE;564;19.6.1967;0;564
GULNAHAR;89;19.8.1958;0;89
HATIRNAZ;37;2.4.1965;1;36
UGRIYA;2;29.7.1951;0;2
SEFAT;53;28.3.1969;30;23
NAHIBE;118;25.8.1959;0;118
SUSLEM;6;30.1.1986;0;6
BEYNUR;158;1.6.1974;112;46
ZUFTU;90;5.6.1964;90;0
RASIDE;1433;26.7.1967;0;1433
ZULGANI;86;24.8.1971;86;0
GARIPCAN;71;2.7.1976;1;70
GARI;12;22.9.1950;0;12
RISVAN;44;18.5.1967;38;6
FARZ;4;14.8.1951;0;4
AKIS;16;24.9.1964;8;8
UZER;51;17.10.1961;43;8
FUZULI;156;10.8.1967;152;4
M.HALIT;27;7.4.1954;27;0
EMRUH;21;4.12.1980;12;9
ZIKRIYE;1070;14.10.1956;0;1070
BUGUN;7;29.6.1973;6;1
NISE;109;18.10.1958;0;109
HISER;1;27.5.1956;0;1
NEZMIN;5;28.7.1967;3;2
HICAZE;14;1.12.1961;0;14
SEZAR;265;4.10.1972;245;20
MUZZEYYEN;101;8.6.1975;0;101
AYTON;18;3.4.1967;16;2
ZAYETDIN;1;7.2.1976;1;0
AFAN;74;28.4.1969;73;1
NAPOLYON;1;22.8.1931;1;0
BADIL;6;19.6.1968;5;1
CIMSIT;653;6.8.1959;653;0
SOHEYLA;78;23.8.1966;0;78
EBRAR;169;13.3.1983;62;107
GULYAN;99;7.7.1965;1;98
SEHERIYE;16;13.1.1953;0;16
PERAHAN;22;16.11.1960;0;22
HAMILI;18;7.1.1957;4;14
YASAGUL;633;4.3.1969;0;633
SEVICAN;154;29.9.1970;1;153
EYLAM;15;8.3.1985;0;15
AKI;18;13.5.1955;14;4
VECHEDDIN;96;30.9.1972;96;0
BINEVS;574;12.12.1966;0;574
MIDESIM;1;12.4.1956;1;0
NURCIMEN;4;19.8.1973;0;4
GUNTAC;91;22.11.1979;85;6
BOLAT;418;26.8.1965;418;0
ELFESYA;101;11.10.1975;43;58
ZEYIT;189;8.2.1974;189;0
BURAKHAN;112;23.6.1988;112;0
NUREN;514;21.8.1961;5;509
MESHUDE;232;21.11.1961;0;232
HALID;377;17.12.1973;376;1
SAFIKA;85;5.9.1955;0;85
GUNAC;53;15.9.1958;4;49
UNEL;55;11.9.1957;18;37
FAYIDE;17;25.7.1968;0;17
SERVI;483;27.2.1950;2;481
ZUMRAY;212;20.8.1975;0;212
ZUHURE;19;3.5.1962;0;19
SEBATTIN;369;9.7.1962;368;1
UVEYLA;3;18.9.1974;0;3
SUMEYHE;2;4.8.1982;0;2
MESHUR;74;17.8.1965;20;54
GULEK;126;6.9.1966;95;31
KECI;14;28.11.1937;0;14
FITNAT;2402;21.12.1955;0;2402
NURSALLIYE;1;17.9.1967;0;1
SEYDIN;23;23.9.1963;23;0
BANUSAH;2;19.9.1981;0;2
AYLAS;1;7.4.1952;1;0
FIREY;1;22.8.1931;0;1
NURSEVIN;53;8.10.1974;0;53
ZILIF;132;11.11.1961;1;131
MAHSIME;30;30.1.1976;0;30
GULERMAN;277;13.4.1965;11;266
ISMEY;13;23.10.1947;0;13
KAMELYA;80;19.4.1976;0;80
SEREFNUR;674;13.9.1959;8;666
YETMEZ;11;12.7.1970;1;10
CANSUN;70;22.8.1976;30;40
SEYFINAZ;130;24.3.1960;1;129
PORTAKAL;234;24.3.1962;0;234
RESME;15;12.12.1958;0;15
RISALET;322;4.3.1961;66;256
GAZIYE;137;16.8.1962;0;137
SERZAT;23;6.4.1979;23;0
HACIHALIL;30;29.5.1956;30;0
SARIZE;29;30.11.1969;0;29
ALGUL;136;19.2.1966;0;136
MUSIGE;4;29.12.1962;0;4
ALIYASAR;45;14.2.1964;45;0
KUSO;4;26.11.1940;4;0
KESO;6;26.6.1925;5;1
MELEKHAN;44;13.1.1961;0;44
VARIYET;67;12.4.1975;3;64
HEVAL;252;22.11.1982;76;176
HUTTO;2;12.4.1937;2;0
ZUBEY;13;26.12.1956;8;5
DUDUGUL;66;24.11.1971;0;66
MUCEHHER;38;28.6.1956;0;38
FURIZEN;1;20.5.1976;0;1
SUNAN;71;23.8.1965;17;54
NUBER;83;12.10.1958;1;82
SADREDDIN;171;19.5.1965;171;0
EFSUN;553;29.5.1981;6;547
SERGENDER;22;8.10.1976;22;0
MUSEYYIBE;1;13.12.1947;0;1
SUADIYE;172;4.1.1966;0;172
MAHAN;15;29.5.1960;1;14
MULKU;198;17.12.1960;152;46
BINUR;15;1.4.1969;0;15
ROJDAN;42;16.4.1984;2;40
HAZNI;708;26.9.1960;396;312
BENDI;183;16.7.1955;4;179
HUZNIYE;100;16.10.1965;0;100
ZAHRA;2821;21.8.1965;0;2821
HEREMSI;173;1.8.1966;0;173
NAYIF;1068;13.3.1963;1066;2
HAZNIYE;388;30.5.1965;0;388
HIZBULLAH;65;3.3.1981;65;0
EFIN;9;20.8.1975;0;9
NEFIYESI;2;2.2.1951;0;2
RASUL;608;12.1.1968;608;0
NEZETE;472;4.2.1971;0;472
MIHDIYE;1810;17.7.1966;0;1810
MEHMEDDIN;5;27.6.1957;5;0
AKISA;42;21.12.1963;0;42
NASRADDIN;54;23.11.1966;54;0
AYNO;433;27.2.1949;0;433
DINARZADE;4;6.7.1974;0;4
MUEZETTIN;2;27.5.1978;2;0
ABDULALIM;468;11.8.1971;468;0
SAFYA;794;22.10.1964;0;794
SIKRIYE;30;1.4.1967;0;30
MENFIYE;507;11.11.1968;0;507
FARO;4;8.8.1967;3;1
NEFYA;86;5.10.1964;0;86
HASIA;46;30.4.1978;0;46
METHI;412;15.10.1972;412;0
SIRINE;187;23.7.1970;0;187
DILO;41;25.11.1954;28;13
KIRHO;12;4.5.1945;12;0
KANIA;410;25.8.1979;0;410
NEFYE;91;7.5.1959;0;91
SARUHAN;277;7.3.1968;265;12
HALISA;916;4.12.1960;0;916
CACAN;227;2.6.1958;174;53
BILMEZ;621;28.8.1979;7;614
CANE;57;8.8.1973;1;56
SIRINI;293;29.6.1958;0;293
RAKIYE;987;14.4.1969;0;987
DIKRAN;218;29.3.1961;216;2
MENFIAT;203;8.8.1975;0;203
LELLA;4;18.3.1985;0;4
MEYES;3;19.8.1980;0;3
ZUMEYRAN;513;10.7.1969;0;513
FARHA;229;10.12.1952;2;227
ALYE;1001;3.11.1958;0;1001
SEHLIYE;88;2.8.1969;0;88
SAFIA;325;13.4.1975;0;325
SEKERNAZ;2226;1.7.1964;0;2226
TAYYIBET;199;4.6.1970;0;199
ZEMRETE;137;25.2.1970;0;137
HALIMI;943;2.8.1950;1;942
KIMETLI;3;7.7.1968;0;3
MIZGIN;902;24.12.1985;127;775
SEDIK;130;27.12.1969;128;2
MERYEMA;489;21.7.1972;0;489
NEDIHA;97;14.9.1966;0;97
MUNAVER;144;12.5.1976;3;141
VAHBIYE;44;21.9.1968;0;44
IDI;583;15.2.1956;3;580
HOSIA;8;2.3.1984;0;8
BENISUAT;4;12.6.1958;0;4
NAZIMA;142;2.10.1957;0;142
MUBAHAT;290;23.7.1953;5;285
FEYSUNE;2;2.7.1945;0;2
SIFI;163;28.5.1952;0;163
BENIYE;42;7.5.1956;0;42
SEMSA;711;21.4.1966;0;711
ISTAGFIRA;3;2.3.1960;0;3
MANAF;9;13.2.1966;9;0
MAHFUZE;443;25.3.1970;0;443
FEHIMA;237;1.6.1966;0;237
HUSNUSAH;27;6.7.1954;0;27
GAMI;113;7.4.1952;2;111
RAHMETE;169;12.7.1976;1;168
TAKYADDIN;6;1.10.1976;6;0
ANISE;193;16.4.1961;0;193
CIBRAIL;106;18.7.1970;106;0
ABDURAZZAK;43;18.12.1965;43;0
SERVETE;39;20.5.1953;0;39
SERIFA;83;28.9.1970;0;83
ROJIN;139;27.1.1986;1;138
PAKISTAN;109;21.8.1977;7;102
BAHREM;192;18.2.1970;191;1
SIRO;49;5.3.1939;7;42
NAZO;377;6.3.1952;1;376
HAREMSI;29;19.3.1968;0;29
VATHA;1631;16.7.1964;1;1630
MASALA;8;14.7.1986;0;8
SUHEYLE;324;12.6.1969;0;324
KEDER;83;23.11.1980;13;70
GARBI;259;18.9.1980;258;1
GULHAT;60;28.5.1980;2;58
GULFERAH;206;6.11.1961;0;206
SEMAVI;187;9.3.1971;165;22
ISYAN;23;6.8.1979;11;12
LEZGIN;1095;1.4.1975;1089;6
ENBIYA;622;2.8.1965;498;124
ZEZAN;4;19.11.1971;0;4
FASLA;562;19.12.1959;0;562
ZARE;54;26.5.1963;8;46
HAZNE;711;24.7.1958;0;711
SONIY;2;9.9.1982;0;2
CAZIYE;1267;9.1.1968;0;1267
RUGES;11;2.2.1986;0;11
STER;5;9.6.1985;0;5
SUDAN;160;5.4.1973;14;146
GUNCE;154;24.2.1986;11;143
SAHNAZAN;3;14.5.1983;0;3
YEMIN;9;20.1.1964;9;0
MIHAN;149;9.7.1976;9;140
MAHFUZA;276;15.4.1974;0;276
GULDEST;9;21.8.1982;0;9
KESER;1240;9.3.1967;37;1203
NEZETA;10;13.3.1973;0;10
NURA;2022;10.1.1964;0;2022
FELEKIYE;3;12.6.1953;0;3
SEFI;159;27.5.1958;33;126
DAHIL;218;11.11.1955;218;0
SAMYE;52;2.1.1973;0;52
SEYRANE;30;1.1.1963;5;25
ZEKERRIYE;10;14.1.1973;10;0
AMO;27;16.3.1938;27;0
RAGDE;58;4.8.1962;0;58
TILIM;2;11.2.1988;0;2
LAZIME;46;11.1.1957;0;46
MEYREMHAN;19;25.12.1972;0;19
LALI;259;7.6.1952;0;259
VETHA;946;15.7.1967;0;946
NARINCIYE;22;17.12.1960;0;22
SEVI;487;15.5.1968;1;486
TIRHAN;32;13.10.1970;29;3
ISVET;23;21.1.1961;8;15
M.SALIH;262;22.2.1954;262;0
NASRA;321;8.1.1966;0;321
KUDBEDDIN;269;28.1.1975;269;0
MISKINE;92;7.4.1983;0;92
FARISET;2;27.2.1980;0;2
MECID;124;3.7.1960;124;0
SUNE;15;18.1.1965;0;15
LATIFA;548;10.1.1953;0;548
DELALI;296;18.9.1957;18;278
NISRADDIN;4;29.8.1956;4;0
KIYMETLI;36;18.1.1960;1;35
EBUZEYT;112;20.6.1968;112;0
SEVE;383;2.2.1960;0;383
ZEKRIYE;11;18.10.1960;0;11
TEYBET;202;18.9.1974;0;202
TENZIRE;446;14.6.1970;0;446
MIRSEL;23;9.1.1975;4;19
KOCERI;869;12.4.1956;8;861
VENSE;38;20.2.1976;0;38
SAROHAN;15;22.11.1954;15;0
RAMZIYE;185;21.9.1972;0;185
TAYBAT;20;17.9.1961;0;20
ZAHRIYE;143;25.9.1959;0;143
BENDE;117;26.9.1956;2;115
SINEMI;70;7.8.1950;0;70
HAFSAT;154;8.11.1956;0;154
SEHREZE;3;21.3.1972;0;3
SITTE;112;24.11.1953;0;112
RIFA;350;27.4.1961;0;350
NEDIHE;31;22.11.1972;0;31
ZOHRIYE;111;13.12.1968;0;111
EVRIN;110;4.11.1980;11;99
ETICE;4;1.1.1981;0;4
SIYANET;13;21.3.1983;0;13
SEMET;598;7.7.1967;578;20
FIRYEL;50;15.3.1972;1;49
BIRHO;10;15.3.1933;10;0
CAYDA;11;25.2.1974;0;11
FELEKNAS;63;11.11.1965;0;63
GAYSE;22;24.12.1973;0;22
ABDULSAMAT;121;11.6.1972;121;0
HASSADDIN;2;11.3.1981;2;0
LEYMUNATA;3;14.6.1984;0;3
FIRIZE;21;30.8.1959;0;21
MUNIRET;3;21.7.1983;0;3
HASAM;9;11.5.1980;9;0
ROJHAT;190;3.8.1984;137;53
BENGIN;192;9.8.1979;170;22
BIHAR;5;1.12.1970;1;4
SAHMET;24;30.9.1964;20;4
PERKIZAN;2;10.9.1974;0;2
MOHLISE;3;4.2.1968;0;3
SOSIN;313;2.4.1965;4;309
METHIYE;1846;21.8.1964;0;1846
ZELAL;1148;27.1.1984;1;1147
ISHAN;189;11.5.1978;186;3
SELMET;40;26.12.1965;31;9
MELES;175;28.1.1968;0;175
HAFSAD;28;30.6.1957;0;28
SEHIDA;24;12.3.1972;1;23
MEDRESE;4;14.12.1985;0;4
SALIMA;50;29.11.1969;0;50
HEYSEM;94;27.8.1978;90;4
NAVI;9;26.7.1967;8;1
FIDAYET;79;10.12.1963;26;53
SEHREBAN;183;29.2.1963;0;183
YIHYA;16;27.11.1967;16;0
HASO;35;25.7.1939;35;0
SEDRETE;5;7.8.1984;0;5
SUKRI;468;3.10.1961;468;0
FEYRUZE;548;16.9.1969;0;548
FEDIYE;109;1.11.1964;0;109
NADA;21;11.11.1970;0;21
GOLAT;2;27.2.1974;0;2
FAHMI;35;10.4.1965;35;0
EBEDDIN;75;4.10.1973;75;0
MENICE;3545;14.1.1974;1;3544
SEMSIHAN;1200;16.6.1969;12;1188
ZEYNULABIDIN;25;11.3.1967;25;0
FIRYAL;128;10.4.1975;0;128
ZEYNILABIDIN;60;16.3.1966;60;0
KETIBE;34;17.4.1967;0;34
RAISA;30;22.6.1971;0;30
RAFIDE;151;2.1.1972;0;151
GELSUM;10;20.5.1979;0;10
MERYETE;14;21.7.1969;0;14
MEDINI;3;20.10.1960;1;2
MUSLIMA;20;6.3.1979;0;20
ABDULKAHAR;202;12.9.1974;202;0
MENAF;370;16.11.1975;370;0
MENFIYET;10;4.2.1979;0;10
CEMIA;29;7.7.1976;0;29
SEHMIRAN;58;28.4.1967;2;56
SEFIA;118;29.11.1963;0;118
CEKDAR;32;22.7.1989;32;0
HURME;27;18.11.1950;0;27
ISHAT;6;8.8.1978;6;0
RATIBE;511;18.1.1957;0;511
MARIYETE;57;11.10.1968;0;57
DILSE;49;29.12.1964;0;49
NECUDE;103;25.9.1953;0;103
ESYE;212;2.6.1969;0;212
YERDAHAN;2;7.8.1940;0;2
AYNUSA;5;26.2.1973;0;5
PELKIZAN;17;12.4.1967;0;17
FADIMEANA;1556;22.10.1964;0;1556
DARISTAN;7;30.11.1979;3;4
SIDRETE;5;9.9.1974;0;5
NESEP;92;23.6.1963;0;92
TEBRIYE;29;12.4.1963;0;29
NAHAYET;9;11.3.1973;0;9
HAMZE;237;4.12.1963;234;3
ABDULANAS;2;19.10.1986;2;0
ZULEYFE;31;28.1.1967;0;31
ELBIRE;20;4.3.1970;0;20
HISRI;15;11.5.1937;0;15
TASUA;13;17.4.1977;0;13
KUDBEDIN;25;29.10.1971;25;0
HALAT;66;10.12.1983;9;57
SURMET;7;25.2.1974;4;3
HADDO;5;7.7.1937;3;2
MAZUL;45;9.5.1963;45;0
ABUZET;68;8.9.1966;68;0
HACCI;115;30.9.1951;43;72
SAMYA;110;16.5.1971;0;110
ADDULE;142;1.6.1959;0;142
HADRA;1244;26.11.1964;2;1242
KATIA;12;11.5.1977;0;12
LEVIZE;138;25.6.1961;0;138
FIRYAZ;432;9.9.1964;0;432
MUBEYAN;14;20.8.1964;0;14
SEHLE;47;22.2.1959;0;47
CAVAHIR;57;26.8.1962;3;54
FARZE;5;11.8.1963;0;5
DUMRATE;3;22.8.1986;1;2
ZUHRUYE;44;13.3.1962;0;44
MARDIYE;77;9.5.1974;0;77
SADA;47;16.3.1957;3;44
ELBIREN;64;2.5.1983;0;64
BEHREM;336;19.12.1966;336;0
EDIBA;23;13.4.1971;0;23
REHMET;3;16.11.1983;0;3
AFRE;18;16.1.1966;0;18
DURNEL;31;23.4.1963;0;31
HEDYE;84;19.6.1972;0;84
BASARA;8;17.3.1954;2;6
MIKELSUM;5;11.1.1983;0;5
ABDULSEMAT;60;8.1.1976;60;0
TARZAN;86;23.12.1970;86;0
ZULEYFA;8;30.3.1977;0;8
HEYVA;7;15.1.1965;0;7
AYGER;4;19.11.1973;0;4
SOSUNE;9;21.9.1960;0;9
AFIFA;6;25.6.1966;0;6
CANGIR;209;8.3.1965;209;0
NUSRETDIN;19;4.4.1969;19;0
FEYRUZSAH;25;28.7.1966;13;12
RAHZIYE;2;12.12.1988;0;2
SABIRA;169;24.3.1960;0;169
SURCAN;9;1.6.1977;1;8
MASALLA;9;22.12.1974;0;9
MURSEDE;5;7.9.1963;0;5
REKIYE;69;8.4.1963;0;69
NASIBA;95;7.5.1957;0;95
NECIM;655;20.1.1965;653;2
RIZKIYE;414;27.1.1968;0;414
ABDULMECID;48;27.7.1972;48;0
FATMI;125;21.1.1949;0;125
ZUBEYRAN;5;3.1.1962;0;5
SOZDAR;32;14.11.1989;11;21
RAKIYA;42;19.12.1964;0;42
SALHA;197;2.7.1954;0;197
MEVLIDIYE;411;7.5.1966;0;411
TIRHAT;2;6.6.1990;2;0
GARIB;51;10.10.1963;41;10
AKUP;28;12.11.1950;28;0
HAYRULSA;2;27.4.1990;0;2
A.VAHAP;2;23.1.1981;2;0
SUMMEYA;13;14.5.1986;0;13
DELALU;2;12.2.1941;0;2
RAVZIYE;15;6.4.1958;0;15
GALIBE;278;22.5.1965;0;278
USAMETTIN;93;22.11.1968;93;0
MEYRETE;2;26.9.1984;0;2
MUHAMMETDIYADI;2;24.1.1989;2;0
GUFRA;2;12.12.1989;0;2
MELLES;2;20.6.1988;0;2
SEDIKA;422;13.8.1966;0;422
VELIDE;188;16.2.1971;0;188
ISILHA;2;22.2.1925;0;2
MENFUSE;8;2.5.1975;0;8
SUUT;102;14.1.1978;100;2
MENIFA;67;3.3.1970;0;67
ROJGEN;2;21.7.1981;0;2
BEHIYA;22;27.10.1973;0;22
ILIHAN;40;22.9.1963;0;40
DILCAN;78;24.6.1978;2;76
RESIME;805;9.1.1963;0;805
SIREC;13;16.11.1968;11;2
RICAI;110;23.10.1959;109;1
MAAZEZ;18;13.10.1975;0;18
BELKIZA;526;21.1.1967;0;526
MUHABERE;2;16.5.1985;0;2
MENCE;267;3.11.1959;0;267
SEHRINAZ;1731;13.11.1958;0;1731
UMMISERMETE;2;12.8.1984;0;2
RAKIA;46;25.12.1976;0;46
ZEYNETE;43;29.8.1962;0;43
IKFEL;2;27.7.1980;0;2
ABDULVEHAP;895;9.6.1968;895;0
NAZLIFE;99;9.3.1961;0;99
RAKYETE;38;12.8.1975;0;38
HIZNI;300;17.7.1955;188;112
NISAN;1144;11.6.1967;428;716
ZEYNI;2203;8.2.1964;1083;1120
ABDULVAHID;42;19.2.1975;42;0
HEMIYET;22;15.9.1966;0;22
RAKYATA;3;26.9.1988;0;3
REVHIYE;18;21.12.1973;0;18
SARO;127;30.1.1964;55;72
AYSANI;195;27.11.1953;0;195
MENIHA;39;5.5.1967;0;39
HUMRA;140;25.5.1959;0;140
DIRRA;14;4.1.1971;0;14
BERFO;343;18.2.1957;0;343
RAVSE;12;15.4.1955;0;12
SULHADDIN;316;17.8.1964;316;0
MILHAT;7;23.1.1967;1;6
CAZYA;109;22.6.1958;0;109
AYDEM;41;8.4.1976;11;30
SUSAN;1832;1.1.1965;0;1832
BEYREM;6;8.1.1971;6;0
MUTABER;45;15.2.1960;1;44
GAYSIYE;2;8.8.1974;0;2
ANVER;14;26.6.1969;14;0
HAFZI;7;24.1.1968;5;2
FARAC;587;15.5.1962;587;0
SELAMMETTIN;2;12.10.1981;2;0
ZAHRE;96;22.5.1964;0;96
RAKIYYE;4;17.1.1990;0;4
DURRI;439;9.8.1953;11;428
BEZIK;6;25.1.1949;0;6
DIYADDIN;317;5.5.1978;317;0
REFIA;1150;3.12.1950;0;1150
KOMRI;34;27.3.1959;0;34
SONDIZ;3;2.10.1969;0;3
HAZNO;58;24.9.1943;0;58
RAMIME;31;20.4.1968;0;31
ZERO;541;1.7.1952;3;538
ABDULAZEL;2;27.5.1950;2;0
REVSI;327;6.4.1952;0;327
ZUHEYRA;24;20.8.1973;0;24
NUSRADDIN;8;6.1.1973;8;0
ABDAL;112;7.3.1951;112;0
CEYDE;5;6.9.1981;0;5
VETHIYE;41;6.6.1963;0;41
UMIHABIBETE;2;22.2.1991;0;2
SAHYEDDIN;17;23.3.1973;17;0
AKIT;24;6.3.1943;24;0
EYTEN;44;16.3.1969;0;44
MUSKINE;6;30.1.1980;0;6
TAYIB;12;5.2.1966;12;0
BEHATIN;2;27.2.1986;2;0
DURCAN;1366;13.6.1967;137;1229
AYSA;1517;5.11.1947;7;1510
AYSI;953;12.3.1946;0;953
HATUNI;212;23.8.1955;0;212
MUNZILE;14;19.9.1961;0;14
SIFAE;2;18.1.1978;0;2
SEHADET;78;2.3.1970;10;68
NUCUDE;84;28.3.1960;0;84
SEVDETE;60;10.2.1972;0;60
MUNAVVER;140;28.12.1975;4;136
NAFISE;230;6.12.1968;0;230
FATIHE;81;28.12.1973;0;81
SIFE;37;15.7.1964;3;34
BESNE;624;14.8.1961;0;624
FELEKI;135;4.4.1961;0;135
M.ALI;303;14.11.1949;303;0
SEVICE;8;7.4.1978;0;8
NEVISA;2;1.7.1985;0;2
FEREMEZ;436;6.4.1970;436;0
RAKYA;14;9.4.1971;0;14
RIFHA;27;12.4.1969;0;27
DELALE;145;10.2.1955;0;145
MUHDIYE;409;4.7.1963;0;409
MAAS;145;7.8.1970;145;0
RAHIDE;98;19.8.1960;0;98
TERFA;290;24.3.1972;0;290
SULTANI;3789;18.3.1961;0;3789
MIKELSUN;4;12.9.1980;0;4
EYTAN;80;11.6.1976;16;64
GAYSA;11;3.7.1973;0;11
MULKIYA;14;29.2.1976;0;14
MENAN;77;29.10.1970;68;9
NEVAF;544;26.5.1970;544;0
GAMMI;33;29.12.1956;0;33
VENSA;10;10.1.1979;0;10
SEFAAT;392;19.5.1974;63;329
SEYAHAT;121;18.2.1971;6;115
RAFA;17;23.5.1951;1;16
RIFHAT;12;25.9.1976;12;0
SOHBET;600;3.9.1973;13;587
BUTLAN;2;23.5.1979;0;2
MEYREME;210;30.4.1975;0;210
ISAN;87;17.1.1962;37;50
FERHA;568;20.4.1962;1;567
SAABET;2;23.11.1979;0;2
MIRAN;474;28.4.1964;79;395
ELCAN;8;9.12.1981;1;7
SEDIKE;47;10.1.1964;0;47
KELSUME;262;17.3.1975;0;262
CINDI;632;22.9.1964;631;1
ABDULSEMED;91;21.1.1977;91;0
BUHARI;137;16.11.1966;60;77
NISFIYE;12;4.8.1968;0;12
GEZO;29;26.9.1951;1;28
HUSRET;305;4.1.1973;287;18
SULEYLE;3;15.3.1986;0;3
HUNAF;190;30.8.1955;0;190
BEYLETE;106;4.3.1978;0;106
SERVETI;6;2.11.1978;0;6
MEYSE;299;17.6.1958;0;299
KUBAR;702;21.9.1968;1;701
NEFE;3;11.12.1934;0;3
REFIDE;168;14.4.1958;0;168
NARO;30;18.5.1963;1;29
ZIGAYRA;15;6.9.1959;0;15
ASEMIN;14;15.6.1965;1;13
LEMYE;276;20.4.1957;0;276
LEMIA;299;9.6.1965;0;299
MEVLUDA;19;2.1.1965;0;19
NURZIN;4;16.11.1986;0;4
KELAMETTIN;3;22.8.1985;3;0
KEYFIYE;36;7.8.1975;0;36
IKLAM;13;16.3.1987;4;9
MELAYIN;2;21.2.1988;2;0
OSI;17;30.10.1900;17;0
BIRI;5;15.11.1938;3;2
MEHSUM;7;7.6.1983;7;0
RIHANI;205;13.5.1953;2;203
ANUDE;119;22.6.1975;0;119
MISKIME;2;23.2.1990;0;2
MUBER;28;26.11.1948;0;28
PAIZE;4;16.8.1965;0;4
HAYRIYA;35;10.3.1963;0;35
SEROHAN;13;20.3.1945;13;0
HAZNA;173;29.11.1960;0;173
SEKIR;68;23.3.1959;37;31
SEVLE;11;23.8.1964;0;11
ARZAN;6;12.12.1963;0;6
AYNILHAYAT;205;21.10.1963;0;205
MEHMETCEVAT;4;3.4.1983;4;0
FILDES;11;4.3.1978;0;11
LAMYA;33;16.6.1964;0;33
ROJAN;55;13.1.1985;7;48
SECADDIN;19;1.8.1965;19;0
NISREDDIN;6;6.10.1970;6;0
MIZGINE;18;3.1.1980;0;18
SAFIYYE;128;6.5.1970;0;128
GURRIN;2;7.2.1934;2;0
AMMI;2;27.2.1950;0;2
ASKIYE;28;11.11.1963;0;28
HACIRI;10;9.1.1956;0;10
LAZGIN;481;21.10.1975;481;0
REVSE;61;16.1.1964;0;61
MILICAN;3;26.7.1983;0;3
ZIRAVE;2;27.7.1980;0;2
ABDULHAK;146;15.5.1968;146;0
SANGI;2;22.8.1937;0;2
NETAM;2;27.2.1956;2;0
GULPERIN;65;17.5.1971;0;65
ABDULCENAN;2;12.2.1989;2;0
HIRBIYA;2;7.2.1952;0;2
ZEYZAN;8;2.3.1979;0;8
ABDULMENAN;33;23.9.1962;33;0
CIHANI;18;23.1.1971;10;8
MUNTAZIM;14;30.1.1973;3;11
SEHA;353;30.6.1976;80;273
MAYESE;7;16.7.1954;0;7
BERFE;94;20.4.1965;0;94
ANISA;10;11.2.1967;0;10
MENISE;74;20.3.1965;0;74
ISKAN;897;7.12.1971;871;26
HELAT;18;22.7.1979;2;16
HAVE;63;11.4.1966;0;63
NIMETE;36;13.4.1951;0;36
MAYASA;6;23.12.1961;0;6
FEYRUSE;40;2.5.1974;2;38
HACIRA;199;23.11.1967;0;199
HINDIRIN;4;18.5.1984;0;4
MUNCIYE;187;12.2.1952;0;187
HULYAN;13;11.6.1973;0;13
FERHO;114;18.3.1946;109;5
HAFZEDDIN;2;2.9.1975;2;0
HAKMIYE;16;11.10.1976;0;16
NISRETTIN;6;25.9.1968;6;0
AHIRA;2;27.2.1992;0;2
MISEVRET;4;25.1.1978;0;4
YUSNA;5;12.4.1972;0;5
RESID;45;3.12.1959;45;0
MISKIN;28;19.7.1976;13;15
SURYA;111;24.11.1968;7;104
ZUHEYIR;121;9.9.1969;118;3
BEDRE;68;27.10.1950;0;68
NESTIMAN;4;7.11.1981;0;4
SEYHA;170;8.9.1971;7;163
MUSLUMETTIN;2;22.5.1991;2;0
VARHAN;3;7.1.1983;3;0
TAKVADDIN;2;6.8.1990;2;0
DAYADIN;2;12.2.1953;2;0
BEHRINAZ;7;14.10.1958;0;7
GARBIYE;92;13.6.1973;0;92
FERKIYE;14;26.12.1966;0;14
EYCAN;22;10.9.1976;6;16
DURMAZ;233;22.10.1978;229;4
SERUHAN;47;8.3.1960;45;2
ABDULRAKIP;60;14.9.1979;60;0
ABDULAHAD;13;14.1.1972;13;0
SERIDETA;2;3.3.1975;0;2
MAKSUMA;3;4.12.1970;0;3
HILVATA;2;29.2.1980;0;2
DILBIRIN;41;7.1.1986;30;11
SEREFHAN;109;4.7.1975;108;1
FERZEN;60;14.10.1977;57;3
NECIME;598;12.2.1965;0;598
HUZNI;165;5.2.1959;140;25
FENSA;8;3.5.1978;0;8
DAHILE;29;20.7.1961;0;29
SEFE;68;25.1.1967;1;67
TASIHE;38;27.11.1972;0;38
VACIHA;11;25.6.1959;0;11
EBEZEYT;2;12.1.1977;2;0
DALALE;8;17.12.1969;0;8
ATYA;7;25.3.1962;0;7
FERUSE;6;1.12.1960;0;6
NISLIHAN;43;18.11.1960;0;43
MEKAN;200;16.10.1978;154;46
ZENUN;70;15.8.1962;70;0
LAMIYE;653;23.6.1959;0;653
ZUBEYIT;409;29.12.1966;409;0
MAHMUBE;5;30.9.1958;0;5
NASIHA;291;10.4.1964;1;290
LAMI;416;11.12.1965;413;3
SARICAN;21;6.3.1974;4;17
DILNEVAS;28;4.5.1966;0;28
LUSIYE;47;12.11.1953;0;47
LAZAR;26;10.1.1952;26;0
MAROGI;9;12.12.1948;9;0
SITTO;125;11.9.1948;0;125
MARIN;121;19.1.1954;0;121
MENFO;10;20.4.1951;0;10
M.TEVFIK;31;30.11.1944;31;0
ZEYNET;347;1.12.1964;50;297
HISO;12;8.5.1932;12;0
LEBIB;19;30.6.1963;19;0
ABDUREZAK;132;13.8.1964;132;0
ZALAL;4;30.9.1981;0;4
NEFO;23;11.2.1945;0;23
ZEKO;151;8.4.1948;3;148
IZGAYRA;25;5.8.1956;0;25
AZETTIN;44;15.6.1966;44;0
FASLI;38;28.6.1952;0;38
MENIME;3;5.6.1967;0;3
AZDIN;51;15.6.1967;51;0
RUKIYYE;98;18.1.1978;0;98
ABDULMESIH;64;20.9.1955;64;0
SELAMETTIN;978;18.8.1966;978;0
RAKKIYE;83;30.4.1969;0;83
M.BESIR;22;3.10.1954;22;0
DAHAM;142;30.2.1970;142;0
ABDULRAZAK;76;11.3.1967;76;0
MUHLISA;55;30.2.1956;0;55
TEVFIKA;571;3.12.1950;0;571
DIRRE;39;26.7.1953;0;39
HAFZULLAH;136;6.2.1977;136;0
MAHDIYE;13;19.12.1975;0;13
ABDULHAKKI;26;12.6.1973;26;0
SEYNEP;4;22.11.1974;0;4
MUSLIT;2;2.2.1951;2;0
ALAN;48;21.12.1974;39;9
NASREDDIN;228;21.4.1967;228;0
EBUZEYIT;81;15.1.1961;81;0
HANIMI;1375;27.1.1956;0;1375
BENI;21;4.5.1970;14;7
FATIHA;193;29.7.1972;1;192
ZUMEYRA;102;29.2.1976;0;102
MESHUT;75;27.4.1969;75;0
BILNEVAS;2;11.9.1987;0;2
ASICAN;2;26.12.1985;0;2
ZELIFI;4;19.6.1945;0;4
HUKMIYE;285;28.1.1964;0;285
SERO;30;26.3.1948;10;20
AVASE;9;1.12.1949;0;9
NESULE;7;10.6.1965;0;7
CANET;172;17.9.1965;5;167
HATICA;300;2.12.1949;0;300
USAMEDDIN;14;23.7.1967;14;0
ARAPA;2;1.4.1950;0;2
LEYLO;40;8.7.1949;2;38
ABDULRAKIF;2;30.3.1984;2;0
METILMUGIZ;2;21.4.1954;0;2
SILHAN;9;4.7.1971;6;3
MIKRIME;12;8.5.1964;0;12
EYETULLAH;17;16.12.1984;17;0
TEYBAT;13;5.4.1974;0;13
MESLINE;3;17.4.1986;0;3
HABIBA;43;30.9.1963;0;43
FELEKE;18;7.10.1966;0;18
MENFEAT;10;12.2.1969;0;10
LAIZE;6;2.4.1964;0;6
RAHMETA;2;16.6.1989;0;2
REMIK;2;11.6.1946;2;0
ATMAN;237;7.12.1962;172;65
MELIHET;22;5.1.1963;0;22
ZINAVER;18;6.1.1976;18;0
HASIAT;7;21.12.1974;0;7
HECERI;3;4.7.1965;0;3
GARIPE;4;4.8.1985;0;4
REHSAN;231;22.12.1980;2;229
ABIDDIN;270;9.1.1974;270;0
VETFA;250;27.10.1967;0;250
TALIHAN;13;11.3.1973;3;10
SEYDOS;359;23.12.1968;359;0
SADEDDIN;383;20.1.1964;383;0
MOMI;57;23.3.1954;0;57
HAMSI;435;7.5.1953;0;435
AZZIZ;4;16.10.1968;4;0
DINDARE;67;26.10.1969;0;67
ELFEDDIN;4;11.2.1964;4;0
SERZAN;23;6.12.1982;20;3
PERISAHIDE;2;17.4.1992;0;2
BITER;53;6.7.1975;3;50
HATAP;13;30.12.1979;13;0
NEHIYET;35;8.7.1973;31;4
MUHRUNISA;3;10.11.1962;0;3
GULSUNE;42;1.2.1968;0;42
TURAC;111;28.4.1976;87;24
MUHRIFIZE;2;17.4.1989;0;2
CEMO;28;15.6.1960;10;18
NASIHAT;402;13.10.1972;1;401
SUNBUL;2087;8.11.1960;14;2073
PIRO;166;11.7.1957;165;1
JIHAT;32;5.9.1983;31;1
NEFEL;87;17.8.1978;33;54
JIYAN;225;7.2.1989;50;175
ASIDE;40;19.8.1971;0;40
MEVLIZADE;2;24.12.1983;0;2
FILYAZE;2;22.4.1973;0;2
MULHIM;16;19.4.1957;15;1
HOZAN;37;5.2.1985;30;7
MEKKIYE;1123;22.6.1973;0;1123
SANIHE;145;9.1.1969;0;145
MIRLAZIM;2;12.7.1983;2;0
MELIHE;1128;24.11.1964;0;1128
MALIYE;202;23.2.1965;0;202
GULISAH;238;23.12.1975;1;237
NOFA;1093;2.4.1961;0;1093
NEZLISAH;50;12.11.1977;0;50
FEVKIYE;587;20.12.1952;0;587
NOFI;92;21.8.1951;2;90
SENIHE;463;15.11.1962;0;463
HAVLA;222;11.5.1962;0;222
FIRTINA;42;18.10.1976;39;3
PIROZ;273;29.1.1962;0;273
EDIM;71;10.9.1970;68;3
SEBAH;58;15.5.1966;16;42
ADDUL;181;12.1.1962;0;181
HIDREDDIN;2;2.2.1963;2;0
TONGUL;11;3.8.1976;0;11
RAVSI;25;25.10.1941;0;25
HAMDIN;1164;30.1.1973;1164;0
BEDIRAN;22;25.4.1963;20;2
VEJDIN;188;10.11.1980;188;0
RADYA;14;4.1.1981;0;14
HATTAP;62;8.1.1976;62;0
KAMILAN;9;16.1.1963;5;4
ZEYNEDDIN;505;6.7.1973;505;0
MENDIL;8;14.7.1962;1;7
EVINDAR;92;14.1.1987;22;70
BINEFSI;38;18.12.1957;0;38
SEHEM;401;11.12.1966;0;401
NEZHAT;37;21.9.1971;0;37
KASEM;38;15.8.1959;12;26
SIN;14;12.1.1974;12;2
ZEYTUNE;72;22.10.1967;0;72
FEVIZI;2;6.10.1984;2;0
KEJJI;103;4.6.1952;0;103
HEKIM;857;17.5.1978;854;3
FEDILE;1154;30.11.1966;0;1154
TURCEL;24;6.5.1982;20;4
GULEYHAN;78;17.10.1972;2;76
OZLUFE;5;19.1.1980;0;5
FATTAH;47;13.4.1960;47;0
MIRHAN;226;17.1.1971;202;24
MALAHAT;66;8.7.1963;0;66
EVRA;39;15.12.1983;0;39
HALFA;6;30.8.1954;0;6
EGITHAN;2;29.3.1992;2;0
SILTI;39;18.7.1940;0;39
SINO;509;23.5.1948;501;8
SEMAAT;91;14.2.1959;4;87
NEVRISAH;2;19.9.1977;0;2
ROJBIN;241;26.2.1986;10;231
SEYRI;446;13.1.1951;0;446
RIDAN;7;13.1.1981;4;3
DARA;76;21.11.1975;71;5
MELEKSAH;528;16.2.1978;35;493
SEYHDAVUT;593;14.1.1970;593;0
IZHAK;7;18.10.1979;5;2
HUSNUGUL;708;17.10.1968;0;708
TALI;181;6.9.1953;65;116
NAMET;404;23.1.1975;373;31
DEYRUZE;2;24.12.1986;0;2
PIRAN;185;21.11.1966;176;9
VAHDEDDIN;178;8.5.1963;178;0
SEVIKE;216;14.7.1963;0;216
BEYO;22;7.12.1960;2;20
ZARA;139;17.10.1972;2;137
SIDAN;28;21.12.1978;8;20
SADO;129;16.12.1945;121;8
HUSMAN;19;25.6.1963;16;3
DEMHAT;17;22.7.1990;14;3
MIR;77;21.8.1965;75;2
SERIVAN;44;16.12.1974;0;44
SELEH;5;11.1.1977;5;0
KAHIDE;8;29.2.1970;0;8
ZERGAH;20;15.4.1964;0;20
ALOS;21;4.10.1946;21;0
ZADETTIN;4;7.10.1968;4;0
ABAS;202;24.7.1962;202;0
SERI;157;11.7.1956;2;155
BUHAR;48;26.12.1964;5;43
GEMRA;200;8.2.1967;0;200
NEVRUZKAVA;2;27.4.1976;2;0
FIKIRYE;33;28.9.1963;0;33
HASBIYE;1308;2.2.1958;0;1308
FAYIME;329;10.6.1970;0;329
MELEKSAN;200;15.8.1962;0;200
ABDULMEHMET;5;21.3.1979;5;0
SAMAHAT;126;6.1.1956;1;125
HEDLA;297;20.6.1967;0;297
UMUD;53;26.7.1978;51;2
IFAN;3;11.3.1963;0;3
MERTAL;7;8.9.1967;5;2
SABRINA;64;5.2.1980;0;64
SAMIK;9;7.4.1947;1;8
SELAMEDDIN;81;10.11.1965;81;0
AZNIF;139;13.11.1948;3;136
RUKYA;70;18.11.1963;0;70
ARI;167;8.1.1979;161;6
HEVESI;2;17.6.1922;0;2
MAZET;18;23.7.1967;1;17
PORI;100;18.6.1948;0;100
CACANI;116;13.3.1955;0;116
FERSI;131;14.12.1955;0;131
SANIHA;224;16.3.1963;0;224
KADO;58;6.6.1945;57;1
GADRA;67;25.5.1965;0;67
NEVROZ;209;27.11.1982;66;143
GULOZAN;2;22.10.1991;0;2
HUMEYLE;4;5.5.1976;0;4
SAMIHAT;15;20.6.1973;0;15
HAVLETA;2;17.2.1972;0;2
ZUHRENUR;7;10.1.1976;0;7
SACUDEDE;2;24.10.1977;2;0
PERO;371;8.2.1947;4;367
TAYYUP;46;19.10.1960;46;0
TAJDIN;240;2.8.1970;240;0
MUSRIKE;82;4.8.1966;0;82
GULSIRIN;163;11.7.1973;1;162
PERDE;124;12.12.1967;0;124
DELLI;52;3.11.1954;19;33
DUDAN;4;22.12.1982;0;4
KESSUME;165;1.1.1967;0;165
SEMIAT;21;22.8.1966;0;21
NECLE;247;7.12.1964;0;247
LORISTAN;4;21.9.1991;0;4
KESSUMA;66;10.12.1971;0;66
SEYMUS;42;24.2.1974;42;0
BOZI;217;15.2.1955;14;203
FERSE;20;3.9.1956;0;20
SAGI;100;13.6.1953;5;95
FERSIK;7;28.8.1945;0;7
SIYAMET;94;20.1.1974;90;4
SIMENSA;44;5.1.1975;0;44
HEDLE;1603;14.3.1959;0;1603
BEYYO;44;7.9.1949;0;44
KEZO;20;16.7.1950;1;19
ZERGI;90;28.7.1954;0;90
FASIH;722;7.3.1970;722;0
CANDAS;368;18.5.1979;348;20
YAZE;264;19.7.1963;0;264
GETRAN;4;8.11.1977;4;0
MUKRIMAN;16;17.12.1969;0;16
DELIL;276;21.1.1985;272;4
MEKI;256;24.1.1978;253;3
NAKIF;24;29.12.1973;24;0
SIDIKE;143;28.1.1963;0;143
NERSIN;39;14.9.1972;8;31
PERVIZ;52;18.2.1960;40;12
HAYDAN;11;15.8.1974;0;11
NEGRISAH;2;26.8.1982;0;2
KERIMHAN;42;15.9.1973;40;2
DIYATTIN;82;1.5.1977;82;0
MELAL;93;30.9.1960;20;73
MIHRISAN;17;11.9.1966;0;17
HISRETTIN;2;7.2.1970;2;0
HAMSE;228;15.12.1958;0;228
MAHIDAN;2;19.10.1991;0;2
NAZLISAH;57;19.8.1960;0;57
ELMA;271;18.8.1967;1;270
SERBEST;219;25.7.1978;185;34
SUREYYE;239;7.10.1968;12;227
SALLAHTIN;2;10.10.1987;2;0
TEYYIP;118;24.10.1963;118;0
NASIH;259;23.4.1969;258;1
HUZNA;217;27.6.1964;0;217
AFRA;471;17.8.1971;0;471
CEVER;58;26.4.1965;50;8
RESSO;21;28.10.1944;21;0
BUBO;388;8.6.1957;388;0
SAHA;2063;13.8.1966;3;2060
SEBRIYE;69;21.11.1965;0;69
OZBEK;349;10.8.1971;342;7
NEZIRA;49;26.10.1963;0;49
FEDILA;73;13.3.1973;0;73
NESLISAN;22;14.8.1969;0;22
FAHRITAC;35;1.4.1962;1;34
GUHAR;130;8.9.1957;0;130
TARFA;393;9.2.1961;0;393
SEYHE;23;17.10.1966;0;23
ISALLAH;2;13.2.1983;2;0
HISAM;68;13.2.1971;67;1
DIYALA;7;30.5.1985;0;7
GUHERTAC;3;10.11.1959;0;3
FEDO;13;3.6.1953;2;11
YAZYA;34;2.6.1973;0;34
BINYAMEL;2;7.10.1989;2;0
YAZIYA;61;30.9.1973;0;61
MERICAN;51;13.12.1972;0;51
NAMETULLAH;87;21.1.1977;87;0
HISAMETTIN;128;10.5.1966;128;0
ARABI;367;4.12.1955;57;310
PELSIN;23;5.9.1988;0;23
ABDURAZAK;107;24.12.1962;107;0
YAZIYE;84;29.1.1968;0;84
ABDIN;201;8.1.1974;201;0
ENDERHAN;12;10.1.1982;12;0
NALIN;218;7.9.1987;0;218
SEYHGUL;2;12.3.1935;2;0
SEMSIGUL;63;10.8.1966;0;63
YELAVUZ;2;20.4.1981;0;2
ABDUSSEMED;38;10.4.1971;38;0
GEDRA;36;8.2.1969;1;35
YESRIBE;49;29.2.1980;0;49
CAZIME;40;18.3.1960;0;40
MENAL;129;8.11.1985;16;113
SALAH;166;18.7.1961;164;2
HATI;200;19.12.1947;0;200
MELO;39;27.10.1948;1;38
SAHAN;906;25.12.1964;747;159
MUHTALIP;147;14.10.1973;147;0
GULSEMSA;2;30.1.1991;0;2
LIDER;181;25.3.1982;155;26
GAZZI;30;17.7.1946;0;30
NESLIN;261;1.1.1978;2;259
AYETEN;2;11.2.1979;0;2
AYYUP;4;5.9.1960;4;0
MUTLAK;42;7.7.1966;41;1
SEFAK;111;16.9.1972;50;61
YURSALIN;7;11.3.1961;0;7
GULSEMET;12;8.4.1973;0;12
YASAL;16;10.11.1976;13;3
ELISAN;11;9.12.1979;2;9
PORIK;2;6.6.1933;0;2
DEVRANE;7;1.10.1963;1;6
ROZA;379;7.2.1965;1;378
MEVLAN;183;6.3.1984;163;20
BAYARAM;3;23.5.1991;3;0
ZIGNET;53;10.10.1966;0;53
NEZLISAN;6;17.4.1980;0;6
EFEKAN;92;4.6.1985;91;1
FEDANUR;7;5.9.1973;0;7
SEM;25;14.8.1980;18;7
GUNDENIZ;21;2.1.1971;16;5
SIVAN;148;7.7.1983;125;23
MEDYA;116;24.12.1988;0;116
HEVA;722;9.8.1966;0;722
SARAFETTIN;79;22.8.1969;79;0
SORESHAN;2;7.8.1975;2;0
SABAHHAN;2;12.8.1923;0;2
NURALLAH;39;26.1.1979;39;0
NIMETTULLAH;70;19.11.1978;70;0
HEYBETTULLAH;36;29.3.1977;36;0
KUBURYE;2;17.1.1990;0;2
FAZLIHAN;7;25.12.1977;3;4
FURAT;249;4.8.1979;247;2
BESTEMIN;3;26.10.1975;3;0
CANO;90;15.5.1960;80;10
TALIN;291;5.8.1971;0;291
DEDIYE;2;16.4.1934;0;2
HAFIDA;7;18.6.1966;0;7
EZRA;24;28.10.1971;7;17
EMIRYE;33;22.2.1973;0;33
AMSE;1480;15.7.1959;2;1478
SEHRIZADE;27;30.7.1969;0;27
MUZZAFFER;52;18.1.1972;52;0
EZLIFE;16;4.2.1977;0;16
FATTUMA;233;2.5.1952;0;233
PERFI;2;21.7.1972;0;2
MELEKNAZ;182;26.2.1965;0;182
MUHRINISAN;3;10.3.1983;0;3
ICRET;33;10.7.1966;10;23
UNDER;13;14.3.1972;12;1
NEVRAN;76;29.12.1974;7;69
GULHATUN;1671;12.5.1960;0;1671
SEVDIGAR;4;18.6.1965;0;4
HISSA;67;14.1.1959;0;67
TUKENDI;2;2.3.1975;0;2
HANSI;518;24.5.1952;0;518
FEZILE;1564;14.3.1963;0;1564
GUKHAN;17;1.6.1986;16;1
ERZIHAN;40;11.4.1967;2;38
KEVKIYE;2;6.1.1975;0;2
MEDI;101;5.5.1951;15;86
ISMETE;290;25.10.1951;0;290
IZHAN;21;24.6.1961;19;2
SEDAM;17;2.2.1988;17;0
ECIN;2;22.2.1931;0;2
FEYSEL;534;13.4.1974;533;1
SINAMSA;2;27.3.1980;0;2
IKRAMI;154;24.6.1965;131;23
FATIMI;546;18.1.1948;0;546
TOZAN;49;5.3.1965;11;38
VESFIYE;191;24.7.1964;0;191
SIRRIN;8;3.7.1975;0;8
NUSRULLAH;8;1.10.1983;8;0
NOFE;232;3.8.1956;0;232
ESHED;15;26.1.1979;15;0
ALMAST;628;17.1.1960;0;628
OGUR;550;22.8.1974;540;10
ZILDA;3;21.4.1990;0;3
RINDE;240;12.3.1964;0;240
ABDULRESUL;20;11.9.1966;20;0
SUMAYYA;21;27.11.1979;0;21
ABDULATIF;52;12.11.1965;52;0
MARAS;22;29.2.1967;15;7
SERFIRAZ;346;3.9.1953;23;323
AYET;293;21.3.1964;242;51
AZIZA;239;17.9.1965;0;239
BEREKAT;68;13.11.1967;68;0
BENDIVALAT;2;22.3.1967;2;0
RONAYI;75;8.5.1981;5;70
CEZAI;9;27.1.1972;9;0
DIYAR;350;29.6.1984;239;111
HEFIDAR;3;21.10.1988;0;3
ICRETE;2;25.11.1973;0;2
SIVEZAT;46;26.8.1949;0;46
MUJGAR;2;10.4.1983;0;2
MUNTAZ;240;13.5.1967;238;2
SAYMAN;46;7.3.1963;18;28
AFITAP;454;15.5.1962;1;453
ELLO;2;16.2.1963;0;2
ZAHAT;24;2.3.1970;24;0
FERRAHDIBA;41;23.6.1972;0;41
NESRETTIN;105;16.11.1964;105;0
IZZEDIN;50;22.12.1965;50;0
VEKALET;49;30.6.1966;12;37
LESISAH;2;4.9.1980;0;2
NEYO;16;3.5.1948;0;16
LINDA;513;1.2.1977;0;513
HAVLI;12;29.7.1953;0;12
IDAN;256;2.4.1963;238;18
MUNIRA;105;16.7.1962;0;105
HUSA;7;1.2.1964;0;7
HEMI;426;14.6.1956;14;412
AFITAN;16;28.1.1968;0;16
VERDI;580;21.12.1959;67;513
NEYSULLAH;3;27.10.1983;3;0
VESILA;94;19.10.1969;0;94
VELO;10;22.1.1949;10;0
SACO;18;5.10.1946;4;14
SOFI;101;15.11.1953;60;41
SEMMI;61;7.12.1952;16;45
MARRUF;2;7.10.1982;2;0
RECAIL;69;22.3.1964;69;0
GULSANAN;3;8.9.1968;0;3
FEYZENNUR;2;17.2.1972;0;2
FAIKE;455;20.11.1965;0;455
DURSAN;145;3.3.1963;45;100
CECANI;165;27.12.1959;0;165
BINAYA;2;8.2.1940;2;0
ARRO;2;27.2.1956;2;0
ARAB;21;12.8.1961;17;4
ABDULHALIT;99;10.9.1971;99;0
NAHMAN;18;3.1.1965;18;0
RIDDO;4;30.8.1962;0;4
ABUDIN;5;18.7.1977;5;0
FUVAT;14;19.10.1969;14;0
RIDDA;39;2.5.1970;7;32
MUZBEH;25;14.3.1975;25;0
HULMI;8;17.3.1974;8;0
EDLISE;7;26.11.1971;0;7
LETO;3;8.3.1930;0;3
ZIYADE;416;8.2.1960;5;411
ZERRUGA;4;8.1.1961;0;4
ZERIK;10;3.8.1963;0;10
SAHITAP;28;6.6.1980;0;28
SADDAM;210;23.8.1990;210;0
NEZLIHAN;42;3.9.1974;0;42
DAIME;166;29.4.1965;1;165
SIHA;116;8.10.1967;0;116
EZBET;2;3.6.1980;0;2
NUGTIBER;2;21.9.1983;0;2
MURSULE;2;18.6.1975;0;2
CEZMIR;7;26.3.1976;6;1
ZUBIDE;742;26.4.1955;0;742
CECAN;174;29.6.1968;114;60
KINI;143;10.1.1958;0;143
ARZO;6;25.7.1947;0;6
APTA;111;28.1.1955;0;111
ADULI;99;20.3.1957;0;99
NEVVAF;155;15.4.1960;155;0
NEJBIR;24;23.9.1989;2;22
SITTAN;2;17.2.1966;2;0
SEHRIZAN;60;14.5.1960;0;60
YAZI;1093;16.10.1962;7;1086
UMRULLAH;13;14.5.1983;12;1
SULTANIR;2;27.11.1974;0;2
RUKNEDDIN;63;30.10.1966;63;0
SEMSEY;771;16.8.1960;0;771
AVAS;1467;28.7.1958;18;1449
SELLO;6;26.10.1976;0;6
UTTI;23;11.9.1944;0;23
GAZALE;421;5.5.1964;0;421
FARAHNAS;2;7.2.1982;0;2
ABDULFERIT;67;16.8.1970;67;0
MEYSEDDIN;3;10.2.1984;3;0
GENDUHA;71;22.8.1966;0;71
IDA;297;16.12.1963;2;295
GULKEN;17;20.4.1978;3;14
HEDI;316;24.8.1950;16;300
HISA;27;17.8.1965;6;21
YUHANES;4;25.8.1977;0;4
SAADE;33;5.12.1953;0;33
HALLAC;17;30.4.1961;17;0
DURRE;157;13.8.1953;0;157
RIDA;62;23.8.1971;19;43
DODO;28;19.4.1963;20;8
MUHBULLAH;3;19.10.1980;3;0
EYFER;41;19.9.1974;1;40
ABDUSELAM;189;25.11.1967;189;0
HALAC;12;18.11.1956;12;0
FULYE;43;9.1.1973;0;43
SEMILE;172;23.1.1966;0;172
LEMIHE;6;27.3.1969;0;6
NEHYET;71;2.9.1974;68;3
LAMIHE;40;22.11.1976;0;40
MUHO;28;26.10.1942;28;0
SURHAN;66;20.9.1974;31;35
ISTIKLAL;186;9.4.1967;108;78
FATAM;9;27.1.1975;0;9
MUGURA;2;2.2.1945;0;2
SONGIL;4;29.2.1982;0;4
FAVAZ;6;27.9.1976;6;0
FERSENDE;137;3.5.1973;137;0
TOMIR;2;24.3.1943;2;0
MEKIN;547;29.2.1980;546;1
KUDUSIYE;6;16.6.1970;0;6
MENIRA;14;18.9.1966;0;14
HARET;3;7.2.1970;0;3
REDDE;217;16.8.1962;0;217
KESUME;108;17.9.1971;0;108
BUBI;64;26.7.1958;63;1
GEDDURA;2;2.2.1975;0;2
NIZAMA;25;26.10.1971;0;25
TAHAR;25;28.11.1965;25;0
GEDDURE;4;27.2.1950;0;4
HAVANA;5284;15.11.1960;1;5283
SUZDAR;3;26.9.1989;0;3
HUZNUGUL;39;20.4.1974;0;39
HEDLI;44;26.5.1951;0;44
SELO;5;28.10.1951;1;4
MUJDEHAN;25;30.7.1982;0;25
NAVAF;56;1.8.1966;56;0
FINCI;280;29.12.1951;0;280
KENCO;9;24.2.1963;8;1
DAGLAR;46;18.8.1977;37;9
DAHAN;11;17.9.1967;11;0
CEMILA;91;18.1.1966;0;91
SERDAN;73;27.7.1975;46;27
HEFIN;6;26.12.1989;0;6
HELLUS;6;26.12.1963;6;0
NEHSET;6;23.12.1978;6;0
EJMER;2;14.11.1990;2;0
HEVIN;33;25.6.1987;0;33
ADLA;387;17.5.1957;0;387
SITERA;2;9.4.1990;0;2
RUMEYLA;35;18.12.1974;0;35
HATLO;2;2.2.1957;0;2
MENCIK;5;7.8.1943;0;5
RADDA;16;9.11.1968;0;16
ZERDEST;8;11.6.1978;7;1
SARETE;49;6.6.1967;0;49
KANCO;145;1.4.1959;133;12
DERBAS;47;25.6.1963;47;0
GULANDER;8;24.6.1978;0;8
TEYYUP;26;7.3.1962;26;0
LEZGI;176;23.5.1959;176;0
FETUM;12;24.12.1958;0;12
DEHAM;171;1.12.1970;169;2
PELVIN;24;9.10.1973;0;24
BETULHAYAT;2;4.4.1990;0;2
SELAH;125;12.9.1962;121;4
MUHRIZAT;2;17.7.1972;0;2
FAHRUZAT;4;28.5.1978;4;0
SEFGUL;2;17.3.1972;0;2
SEMAHET;66;24.6.1952;0;66
PIRUZ;96;6.9.1960;0;96
MUHTELIP;10;14.10.1972;10;0
MILAZIM;430;30.2.1964;429;1
SEFIE;11;12.7.1967;0;11
TOZIYE;2;12.10.1935;0;2
BASRA;791;17.5.1961;1;790
SULEYHAN;17;1.7.1974;2;15
VEJDI;456;8.12.1971;456;0
NURSELAN;2;16.4.1979;0;2
GULSIMAN;42;5.11.1975;0;42
KAMAR;18;30.3.1953;6;12
BEKI;134;18.10.1951;4;130
TACDIN;379;27.1.1964;379;0
MEYSUME;6;29.4.1955;0;6
AKSUN;41;25.3.1974;30;11
KINNI;187;16.11.1954;0;187
YASIME;507;2.11.1962;0;507
FARFURI;2;7.2.1976;0;2
LEYMUN;433;20.11.1968;0;433
MENSULAT;2;23.8.1991;0;2
OMERCIK;7;9.6.1983;7;0
VECDIN;147;14.10.1977;147;0
EBRIZE;107;12.4.1966;0;107
ATTO;18;5.7.1951;11;7
HUSNIGUL;59;22.7.1970;0;59
EMIRA;172;6.3.1972;1;171
GOLTEN;19;7.10.1962;0;19
IFTEDE;2;1.5.1961;0;2
SEDRI;142;8.11.1963;141;1
VATFA;454;4.7.1958;0;454
SADREDIN;6;24.7.1962;6;0
RAKKIYA;6;18.5.1967;0;6
MUTIA;657;24.9.1956;0;657
MISKIYE;22;21.3.1961;0;22
MEDO;49;8.2.1941;3;46
RUBAR;17;12.6.1988;7;10
NUBAR;972;13.11.1968;113;859
NURDAG;32;30.8.1976;6;26
SETERIYE;2;6.2.1989;0;2
BURUCA;61;5.2.1970;0;61
HURYET;53;27.4.1972;4;49
HIKMA;2;27.3.1956;0;2
VASFEDDIN;40;5.9.1973;40;0
MISE;22;14.11.1958;0;22
HIKMETTIN;64;27.7.1966;64;0
DEVRES;18;14.4.1968;18;0
SEDES;10;12.7.1967;0;10
FIZZA;45;20.6.1960;0;45
FEVVAZ;49;29.6.1969;49;0
FAYIZ;34;27.10.1964;34;0
AMSI;192;23.9.1953;1;191
MELLUL;2;5.8.1981;2;0
ADDULA;16;23.11.1962;0;16
BEYAZGUL;33;28.6.1973;0;33
FERSO;34;9.10.1950;4;30
ZEYAT;41;4.6.1976;41;0
BINAN;15;19.5.1966;13;2
ROZAN;46;1.12.1979;4;42
RIMMILA;2;27.2.1962;0;2
VEZIRA;14;8.4.1966;0;14
HECI;91;25.11.1941;11;80
VALIDAT;2;17.2.1966;0;2
SEYBETTULHEM;2;27.1.1980;2;0
NEHAYET;17;28.5.1946;3;14
MAAC;2;20.10.1991;2;0
FETTUMA;14;1.1.1963;0;14
SEZAIR;159;26.7.1969;158;1
SEVILEN;245;13.2.1975;6;239
DAHIN;2;17.5.1972;2;0
FETUMA;7;29.11.1953;0;7
EMISE;776;2.11.1957;0;776
ROJHAN;4;6.5.1988;1;3
REMZIYA;31;2.12.1968;0;31
DAHLA;2;7.12.1982;0;2
BOZA;17;2.5.1967;3;14
ZEHURA;3;15.12.1958;0;3
HASE;137;7.7.1953;3;134
MAHRUFA;5;22.1.1975;0;5
RIME;367;28.2.1962;0;367
BEHYA;36;28.3.1967;0;36
NASIT;541;25.5.1963;539;2
MAHZARET;2;17.3.1983;0;2
RUVYEDA;2;16.5.1970;0;2
HISAMEDDIN;34;25.9.1961;34;0
REVSO;4;22.9.1957;0;4
REVSEN;112;4.3.1977;0;112
EVRICAN;3;16.11.1991;0;3
FERMO;6;2.3.1937;6;0
ETLISE;4;19.8.1966;0;4
PITTO;3;5.2.1965;0;3
GULDAR;42;9.4.1972;7;35
MOMIYE;2;8.7.1970;0;2
CAHFER;336;25.6.1973;336;0
RUVEYLA;21;25.1.1966;0;21
HELIM;555;12.1.1963;535;20
HILVA;232;15.4.1961;0;232
MUHABAT;14;17.3.1981;3;11
FANO;8;24.10.1945;0;8
MULHUM;11;22.8.1968;11;0
BARIYE;136;23.5.1957;0;136
HANSIYE;5;10.1.1977;0;5
SAHRIZE;7;22.4.1956;0;7
VELIYE;1056;6.9.1956;0;1056
TEYYUBIT;2;3.3.1975;0;2
BIRICE;5;6.4.1975;0;5
GERMUSE;4;23.8.1953;0;4
BESSO;52;10.4.1952;0;52
CEZO;30;21.12.1941;28;2
NURPELDA;2;22.2.1991;0;2
TEFIK;1270;2.5.1965;1270;0
RAMMO;35;7.3.1937;35;0
FIRIZA;2;22.2.1991;0;2
FAYIKE;67;5.9.1965;0;67
SIMENSE;16;9.1.1968;0;16
FAYDA;36;28.8.1970;0;36
UVEYSE;5;15.8.1944;0;5
NAZLISAN;10;11.5.1978;0;10
DEYSEM;9;25.11.1974;9;0
OZAR;6;26.12.1965;6;0
HAMRI;172;13.5.1962;2;170
HINO;43;14.9.1953;6;37
SAHAB;42;2.4.1971;42;0
COCI;2;21.5.1941;0;2
ZEZO;39;28.7.1942;0;39
ZEVAL;68;6.8.1970;29;39
RAFIE;59;29.9.1967;0;59
TOZANI;2;23.11.1949;0;2
SUVEYLE;50;9.12.1970;0;50
SUMEYLA;29;16.2.1984;0;29
LATO;3;28.1.1938;0;3
NIFTEDE;2;9.8.1990;0;2
GARIBI;161;10.7.1958;0;161
CUCI;40;10.10.1947;3;37
ZEVCAN;155;15.7.1965;6;149
ERZINET;2;26.8.1986;0;2
EMYET;5;8.3.1984;1;4
GULAYET;107;30.10.1963;0;107
DURDIN;2;28.1.1984;0;2
NEHSIYE;2;28.3.1974;0;2
KIYASEDDIN;178;14.11.1966;178;0
HUZNISAH;4;17.2.1979;0;4
GOZI;339;1.11.1954;0;339
FIDDA;631;21.12.1959;1;630
KESUM;8;30.4.1980;0;8
IDIYE;45;15.10.1963;0;45
HILVE;119;4.11.1956;0;119
SONCAY;88;4.8.1981;47;41
RAFFI;55;9.5.1964;53;2
KINNO;5;27.8.1937;5;0
LEDLISAH;2;7.3.1982;0;2
ZERKA;91;12.6.1958;0;91
MEYZER;2;27.2.1944;2;0
TAVRAT;67;24.10.1954;3;64
AFRIKE;2;22.2.1967;0;2
MURIBAN;14;28.3.1967;0;14
MEHMETRESIT;43;29.3.1967;43;0
MENSURET;10;2.6.1977;0;10
YUSLUMA;3;5.7.1981;0;3
EDLIHE;2;23.1.1949;0;2
HUZNIGUL;16;16.6.1967;0;16
KANIHAT;2;11.12.1991;0;2
TARIHA;3;23.7.1945;0;3
MIZGINAR;2;14.3.1989;0;2
EHLIYET;5;7.5.1966;0;5
SADAM;20;1.10.1989;20;0
ROAN;2;22.3.1992;0;2
HAFSIK;9;19.4.1941;0;9
ADLI;122;27.1.1954;27;95
BEDEVCAN;4;11.10.1966;0;4
YETHA;2;17.4.1990;0;2
NEYULLAH;2;12.2.1941;0;2
FARAHDIBA;18;22.9.1971;0;18
MESIKA;27;29.8.1961;0;27
HURAL;7;13.4.1978;4;3
NEVRISAN;16;24.5.1964;0;16
ZALI;18;11.1.1958;7;11
BUBE;32;12.4.1971;32;0
VALIYE;28;3.2.1966;0;28
GEMYAN;2;11.3.1981;0;2
HUMUT;27;24.1.1962;27;0
SAMRA;264;30.9.1958;0;264
SADAT;168;14.10.1968;152;16
BAYIR;10;14.11.1966;10;0
EMSIYAR;2;20.10.1980;0;2
HAVLET;19;3.10.1965;0;19
BITNAS;2;29.12.1976;0;2
TANSER;188;21.2.1972;116;72
NEZIHET;239;4.6.1963;0;239
FERAHNAS;8;11.4.1973;0;8
HUMRISAH;5;9.8.1961;0;5
NIZAMMETTIN;14;7.11.1975;14;0
SALTANAT;1178;28.10.1959;3;1175
TALAHATTIN;2;17.2.1990;2;0
BERGEM;2;1.12.1990;0;2
SANYA;82;14.5.1971;0;82
YENDISAH;4;16.8.1981;0;4
SUNBULE;108;16.2.1954;0;108
CEBRI;83;6.10.1966;83;0
REVIDA;4;16.12.1967;0;4
HEKINAME;2;27.2.1992;0;2
PATISAH;2;6.6.1968;0;2
NESLIME;11;20.11.1967;0;11
ZARI;63;13.8.1950;22;41
YASA;1117;30.6.1957;301;816
HATUH;2;22.2.1991;0;2
MEDIK;40;18.7.1955;2;38
HAMZIYE;62;28.6.1968;0;62
DAYIME;12;22.1.1973;0;12
ELSANIYE;2;15.2.1979;0;2
DIVAN;335;11.2.1968;33;302
GEVEZ;598;15.7.1957;0;598
MARO;12;25.1.1957;2;10
ZERE;102;17.1.1960;0;102
MAYTAN;8;27.6.1970;0;8
BERHAT;41;20.1.1978;36;5
HEMSI;46;23.1.1949;0;46
CAZAYIR;2;7.2.1976;2;0
DIHAP;7;14.3.1981;5;2
SAVCI;496;28.2.1976;496;0
NAMAN;118;23.8.1968;118;0
HAFSI;194;30.4.1952;0;194
MESULAT;3;1.11.1979;0;3
BEDIFE;12;25.7.1964;0;12
BILSEL;113;29.7.1956;8;105
GULSEME;19;29.4.1972;0;19
RUKYAN;2;20.4.1942;0;2
HEVIK;11;25.5.1941;0;11
BESSIK;10;17.2.1949;0;10
BURUCE;64;5.2.1967;0;64
SUHELYA;11;14.2.1979;0;11
BILSE;7;24.4.1977;0;7
ABDULI;3;13.7.1955;0;3
ZAHO;4;14.6.1956;0;4
MURADIN;34;2.10.1959;33;1
SEGZADE;2;17.8.1990;0;2
RADA;22;1.10.1974;6;16
ADDULI;132;22.2.1953;0;132
HUSNIYEGUL;6;11.10.1970;0;6
TEYYO;2;2.2.1969;2;0
RUMELYA;3;9.12.1986;0;3
BARIZ;4;27.4.1970;4;0
SERTIP;323;22.10.1965;321;2
ZAHIYE;112;28.10.1958;0;112
ZEHO;10;2.8.1957;0;10
TURKUYE;2;10.6.1961;0;2
CELALADDIN;8;25.2.1969;8;0
AYREDDIN;2;7.2.1976;2;0
KUDRULLAH;2;12.2.1970;2;0
ERCIYEZ;2;25.1.1985;2;0
HANE;187;25.9.1955;1;186
ROZET;36;20.10.1960;0;36
NEYYO;59;29.8.1950;0;59
NUSRELLAH;3;8.4.1969;3;0
MILKIYE;124;25.4.1970;0;124
HASRETTIN;28;24.10.1967;28;0
BUBU;16;7.6.1943;14;2
AMIRE;202;9.12.1970;0;202
BEHYE;85;29.6.1966;0;85
NEZRIHAN;6;10.12.1961;0;6
MEYMI;24;11.4.1943;0;24
MIHID;2;4.6.1957;2;0
MURVVET;9;4.5.1985;0;9
SAPHA;245;27.2.1960;0;245
EBLISE;4;15.5.1967;0;4
TOZI;7;27.4.1943;0;7
SUMILE;2;28.9.1954;0;2
FEREHAN;36;28.6.1966;0;36
FAYLA;19;9.8.1970;0;19
REDDA;82;10.3.1968;0;82
RADIFA;7;24.2.1965;0;7
MOMINE;77;29.1.1958;0;77
MEYSO;86;4.7.1962;0;86
HAVVAS;104;14.3.1967;99;5
LEKIZAR;6;26.10.1976;0;6
LEYLANI;2;2.6.1982;0;2
NURHUDA;28;5.1.1977;3;25
KESUMA;53;18.3.1973;0;53
ZEYNELDIN;7;26.2.1972;7;0
MELESI;173;6.8.1956;0;173
FESLA;64;4.1.1969;0;64
HALI;49;6.5.1957;31;18
SONYAZ;7;25.9.1977;0;7
CUNET;25;15.9.1972;22;3
TASIH;3;7.8.1978;0;3
RAHILA;29;19.11.1965;0;29
YAZDIN;3;28.12.1985;3;0
HEDILA;2;7.2.1970;0;2
BINAYI;7;9.9.1981;2;5
GAMRA;65;13.11.1963;0;65
TERFI;21;26.10.1954;1;20
SEYIDHAN;87;11.2.1976;87;0
FERRIK;2;21.11.1957;0;2
FATUMA;105;25.1.1967;0;105
AMSA;109;19.7.1963;0;109
ISLAME;5;25.11.1981;0;5
LIBYA;19;14.8.1978;0;19
KANIHE;7;2.12.1980;0;7
AMIDE;28;5.4.1964;0;28
SAHGUL;207;9.3.1957;0;207
HABAT;17;26.7.1984;11;6
CECANE;19;25.9.1966;0;19
ABDULHAN;14;29.2.1969;9;5
KESRA;170;1.8.1971;12;158
GULSENEN;12;13.2.1965;0;12
HASIYE;839;27.6.1962;4;835
LEVHA;19;19.9.1972;0;19
MUSLUMA;6;15.8.1977;0;6
MUHTIBER;3;18.12.1974;0;3
GELSUN;11;6.8.1976;0;11
KESSUM;2;27.9.1985;0;2
AFITE;12;16.3.1972;0;12
MIRAL;206;25.7.1964;28;178
MEYRO;66;6.3.1947;0;66
NASRULLAH;206;3.7.1970;206;0
HANZA;5;15.9.1965;0;5
HUNUS;12;22.7.1951;0;12
AYLAN;239;20.5.1968;16;223
GAYET;34;25.6.1958;5;29
AVVAS;101;15.4.1959;4;97
NESIHE;140;5.6.1972;0;140
MUNEVVEL;7;21.5.1958;0;7
SEBO;36;13.12.1953;9;27
ZERRU;3;3.3.1983;0;3
MANAVER;2;22.1.1970;0;2
BERFIYE;139;22.6.1969;0;139
HIMAYI;7;17.8.1962;0;7
VETFIYE;9;24.10.1968;0;9
ZELIHE;178;29.1.1956;0;178
SAMIAT;4;27.8.1972;0;4
CAVIDEN;48;19.6.1966;0;48
MEMHET;8;25.8.1984;8;0
MILDAL;2;1.1.1989;0;2
HEMO;16;1.8.1942;15;1
FIROSAN;4;23.9.1968;4;0
TANRIVERDI;93;21.1.1963;91;2
MASIYA;2;3.3.1975;0;2
NURIYEHAN;4;26.12.1956;0;4
HAMKI;2;21.9.1988;2;0
NESRA;311;29.12.1978;0;311
BUNEYYE;16;6.2.1963;9;7
MESURET;6;12.2.1971;0;6
EGELI;2;28.4.1956;2;0
YEKPARE;15;28.8.1961;0;15
NURIZA;3;29.5.1972;0;3
GULSELEN;62;25.2.1966;0;62
NEZET;38;5.9.1965;11;27
EBEDI;39;18.6.1972;38;1
ZULFAN;15;22.1.1973;0;15
MEZNET;2;7.7.1958;0;2
SABREDDIN;15;2.1.1967;15;0
ZELHI;36;10.12.1949;0;36
BEDI;1177;30.7.1962;1151;26
ZIHA;6;8.7.1971;3;3
SELANIK;56;29.5.1965;56;0
SEPHA;46;13.8.1965;0;46
BERFA;24;29.2.1957;0;24
BARA;7;28.11.1956;1;6
TURKEN;540;17.1.1960;9;531
ESLIFE;2;27.2.1956;0;2
SIMIL;7;12.11.1965;1;6
DELI;14;15.11.1953;11;3
NEHICE;13;30.2.1967;0;13
GERMUS;5;4.8.1973;0;5
MELLE;5;13.9.1965;5;0
KESKO;30;19.3.1953;7;23
ZEYNE;253;29.7.1961;4;249
HORIK;40;10.1.1959;36;4
KADRO;3;11.7.1948;1;2
RAZIKE;17;26.8.1969;0;17
MUCVEL;18;21.4.1969;18;0
BEDIE;57;30.4.1963;0;57
ZIYANA;2;7.3.1975;0;2
CINDAR;2;17.6.1990;2;0
ARDIHAN;18;13.8.1970;1;17
ROFER;3;20.11.1987;2;1
DURRIYE;451;5.10.1961;0;451
CUMO;3;20.12.1942;3;0
MICHEL;23;8.12.1980;23;0
NESUH;54;29.3.1970;54;0
MIRZADE;27;27.8.1965;6;21
KARI;101;30.5.1946;2;99
KAFYE;14;15.11.1964;0;14
HIMILA;2;11.10.1955;0;2
HEKSE;16;21.7.1954;0;16
HAYATUL;3;9.6.1972;0;3
SEYHI;64;29.5.1952;54;10
NUFUSA;55;26.12.1965;0;55
SAMAHET;2;9.3.1952;0;2
HENVA;40;26.9.1964;0;40
HASINA;104;20.12.1961;0;104
FAYYAT;14;24.6.1947;14;0
SELLAHADDIN;4;9.7.1970;4;0
NARINI;4;2.6.1960;0;4
CICEGI;119;5.9.1954;0;119
FERISE;44;16.6.1951;0;44
ZENNUR;885;1.12.1968;70;815
MUHSUNE;32;13.10.1967;0;32
DILSARE;2;22.2.1961;0;2
ABDULILAH;246;23.9.1973;246;0
NICME;168;24.7.1960;0;168
ZEHRE;294;26.2.1955;0;294
SILTO;23;9.7.1942;0;23
ABDULMANAP;3;3.1.1987;3;0
ALAMAT;2;23.12.1966;0;2
FERIDIN;21;8.7.1966;21;0
ERZO;43;12.7.1960;1;42
MULESIM;2;12.4.1983;2;0
MEHDIGAR;4;26.9.1976;0;4
ZAIM;556;8.4.1960;556;0
HEVLET;5;19.1.1969;0;5
ADULA;22;15.4.1965;1;21
ZECRIYE;12;5.3.1960;0;12
HEZI;37;23.9.1941;3;34
SEMED;13;10.6.1977;13;0
AREBI;6;19.5.1962;1;5
HIKMEDDIN;10;30.1.1962;10;0
CAZIYA;10;1.3.1954;0;10
ATIYYE;97;20.2.1961;6;91
KIMETI;5;18.9.1968;0;5
BEYRETAN;2;8.9.1984;0;2
RUKKIYA;13;30.3.1968;0;13
CIDAN;41;8.4.1963;35;6
ABDULFATAH;3;13.9.1978;3;0
VEZIRI;292;22.2.1956;0;292
BEDULA;2;19.12.1962;0;2
MILAHIM;12;17.9.1977;11;1
VADAT;23;26.3.1976;23;0
SENABEDDIN;2;22.4.1973;2;0
MERYAM;745;30.8.1965;0;745
HURIYYET;29;11.6.1973;1;28
MIZBAH;248;12.7.1974;248;0
SABGATULLAH;41;7.1.1977;41;0
AYDAR;30;27.7.1965;25;5
HITI;5;13.6.1941;0;5
TIFLA;13;22.10.1957;0;13
LEYZA;8;6.10.1975;0;8
MURSAL;56;6.3.1963;52;4
UBUYDULLAH;3;11.12.1958;3;0
NESREDDIN;36;25.11.1965;36;0
FUKRIYE;5;9.11.1954;0;5
FUREYAT;2;4.7.1972;0;2
YUSRAN;12;13.3.1975;1;11
NECMETULLAYL;2;18.5.1987;0;2
RABBIYE;8;5.6.1962;0;8
FETEHNA;123;21.5.1956;0;123
SAHINET;145;14.12.1973;0;145
ABDULLAHAT;13;1.10.1961;13;0
GULCINI;19;28.4.1963;0;19
NESIBIGUL;2;9.2.1957;0;2
HANO;123;12.10.1941;12;111
FINCA;3;29.9.1964;0;3
HAZERI;7;8.5.1966;5;2
MUAYYET;20;18.8.1980;4;16
SAMIRA;339;17.4.1974;0;339
DELSAH;13;19.4.1966;0;13
SEHE;65;23.1.1969;0;65
HOSNAV;9;30.8.1980;9;0
TEVZIAT;4;4.3.1962;0;4
KENDAL;60;26.11.1984;48;12
SADICE;162;11.6.1966;1;161
REYYA;82;29.9.1962;0;82
DISLA;3;7.12.1970;0;3
GADE;19;27.8.1972;0;19
CANUR;19;23.6.1973;6;13
MELFO;7;17.10.1959;0;7
HALVE;32;14.6.1956;0;32
M.TAHIR;39;10.10.1953;39;0
SULAHATTIN;30;6.6.1962;30;0
HAKIF;151;18.5.1966;150;1
ITMAN;21;16.6.1969;21;0
GALI;116;9.7.1959;11;105
ABDUSSEMAT;23;9.8.1968;23;0
HUCEYLE;19;29.12.1964;0;19
HINA;5;16.6.1962;0;5
ABDULKEHHAR;2;30.9.1968;2;0
FENERDIN;2;17.11.1989;2;0
ABDULMANAF;78;16.12.1972;78;0
TERFE;620;20.1.1967;0;620
SEYRO;278;24.2.1950;0;278
FERA;39;16.8.1965;3;36
FAHREYE;2;7.2.1976;0;2
RIYHAN;21;22.2.1957;0;21
SUVEYS;3;30.7.1956;2;1
ATTIYA;8;1.10.1952;0;8
EDI;24;13.10.1959;15;9
ZULFE;366;4.1.1959;1;365
MEDINA;119;7.6.1968;0;119
SAVNI;22;29.7.1953;20;2
ABDULNADIR;8;13.11.1962;8;0
CUVAN;16;26.3.1982;12;4
FATURA;3;6.10.1969;0;3
VAHYEDDIN;66;29.8.1967;66;0
HANZADE;450;15.3.1965;5;445
SAHPERI;68;17.2.1965;0;68
CICEKLI;7;24.9.1965;1;6
FEREDIN;10;8.5.1972;10;0
BUNEYYA;18;14.9.1963;17;1
ZIYHNET;3;2.9.1963;0;3
ABDULKAHHAR;108;14.12.1970;108;0
HAPSE;114;24.1.1960;0;114
EDAVIYE;470;6.11.1958;0;470
SAMURAY;49;19.12.1973;23;26
CAGDA;50;10.1.1984;5;45
MUZEBIYE;2;4.7.1972;0;2
TIRKO;11;6.4.1954;2;9
KEVSERI;7;5.10.1957;0;7
ABDULVAHHAP;75;21.2.1966;75;0
GULICE;9;15.12.1968;0;9
UNUT;15;26.8.1975;5;10
OBEID;2;3.2.1969;2;0
NACAT;18;19.6.1963;15;3
BAHAADDIN;24;5.8.1970;24;0
EYSAL;18;28.11.1964;0;18
EREBHAN;2;7.2.1952;0;2
MUHSUN;103;28.12.1965;102;1
ZERDA;31;26.1.1976;0;31
MEYMO;263;30.1.1954;0;263
SERINI;106;16.9.1959;0;106
EHMI;2;16.8.1942;2;0
SAYAHAT;4;4.4.1971;0;4
HAMDO;112;27.6.1955;106;6
PIYASE;2;17.4.1953;0;2
ELMAZ;502;10.2.1962;70;432
LAMA;88;7.2.1959;0;88
SANSLI;14;13.8.1977;2;12
TANDEVIR;2;9.3.1981;2;0
SEYYITHAN;59;24.10.1970;59;0
BILDEM;14;4.1.1981;0;14
SILFIC;2;21.9.1953;2;0
ABTULKADIR;30;14.6.1963;30;0
DURRA;167;19.4.1962;0;167
KERVAN;51;25.11.1977;30;21
KAMIRAN;500;24.4.1958;228;272
AFIF;254;24.4.1970;233;21
ASIFE;491;8.2.1961;0;491
AVIZE;30;5.7.1963;0;30
NECDE;20;20.11.1958;0;20
MUZZEFFER;2;20.2.1976;2;0
HAYRO;97;26.12.1950;50;47
HAFSE;65;17.11.1962;0;65
MUKEDDES;26;9.2.1973;0;26
NECME;109;13.12.1958;2;107
MUHDI;159;4.4.1970;159;0
KECO;4;24.2.1934;0;4
HEVLA;22;30.2.1963;0;22
ABDURREHIM;492;21.7.1965;492;0
CESARET;80;1.3.1971;66;14
AMILE;70;2.9.1956;0;70
FEYYAT;282;5.9.1969;280;2
ZUBEYYIR;61;7.11.1967;60;1
PERZADE;41;26.5.1967;0;41
ARGUN;290;18.12.1965;286;4
KAMLA;14;9.11.1950;0;14
SIHDI;4;21.6.1950;1;3
BEYZE;34;6.1.1957;0;34
CUCO;20;22.6.1952;18;2
EMINI;75;26.4.1948;0;75
CICEKI;42;2.8.1955;0;42
MENEKSAH;8;2.1.1978;1;7
CEVHERA;4;17.2.1984;0;4
KESIDE;7;22.7.1972;0;7
CELILA;43;6.5.1973;0;43
FEHET;10;30.1.1964;10;0
MEKBULE;69;9.3.1961;0;69
EYSER;38;11.5.1958;0;38
SALLAHATTIN;5;24.1.1953;5;0
HESABEDDIN;2;17.3.1972;2;0
SIMEHE;2;14.5.1967;0;2
NASUH;3080;22.5.1961;3080;0
EMO;142;19.1.1946;6;136
NEBIHAN;121;10.11.1969;7;114
SEKIP;870;14.1.1963;868;2
GALYA;61;2.1.1966;0;61
HELISE;7;29.3.1964;0;7
TEBRIZ;15;11.4.1966;3;12
GAZIBE;4;10.6.1954;0;4
TEKSAN;13;3.1.1978;8;5
DIYAETTIN;139;16.5.1972;139;0
GANDI;15;27.5.1966;12;3
GOLE;18;2.11.1956;0;18
SULHEDDIN;45;3.3.1961;45;0
ABDULHAFIZ;56;30.5.1968;56;0
EVRIHAN;2;17.9.1961;0;2
M.MIHDI;5;30.12.1961;5;0
FIDAY;8;23.9.1976;2;6
MUYYESE;2;24.1.1990;0;2
CEMHOR;5;22.10.1955;5;0
SUREYE;34;4.3.1967;3;31
NISFANE;5;18.2.1963;0;5
HUBRU;7;22.8.1957;0;7
FEVAZ;21;29.1.1976;21;0
PERISA;15;9.12.1968;0;15
MUNTAHAP;2;17.6.1978;2;0
FARIKE;107;28.3.1971;0;107
INDRA;3;5.9.1986;0;3
ESAD;146;16.1.1977;146;0
GURZAP;15;14.5.1979;15;0
TAHMINE;120;7.2.1972;0;120
PENCEVIN;3;4.6.1981;0;3
MIDAI;4;7.10.1972;4;0
ZIRI;180;19.12.1953;0;180
GEMRE;14;25.12.1953;0;14
SEDULMULUK;2;5.2.1956;2;0
SAIZE;337;27.1.1966;0;337
MEYMISI;2;17.4.1915;0;2
HEBRO;4;17.2.1965;0;4
BAZIGE;20;17.10.1962;0;20
NEZAN;69;15.3.1972;5;64
ISIMSIZ;15;28.5.1956;14;1
HULIYE;88;5.11.1967;0;88
BEKKO;8;23.8.1953;8;0
VALAT;42;4.9.1984;35;7
MARUFA;36;26.12.1968;0;36
SADATTIN;19;30.11.1969;19;0
REDA;29;28.5.1972;5;24
ATI;73;25.8.1951;15;58
MEVLIYE;735;30.3.1963;1;734
BIRO;26;19.11.1939;26;0
ARUNA;5;9.6.1953;0;5
SEYFULMULUK;29;19.2.1965;29;0
NESIMA;79;25.5.1968;0;79
MIHDEYI;2;7.11.1982;0;2
FEYSAL;170;23.6.1967;168;2
MELUL;64;14.12.1967;36;28
HUTTI;5;12.7.1939;1;4
BASKAN;53;4.11.1972;52;1
BEYIRE;9;19.9.1953;0;9
MICVEL;13;30.1.1955;13;0
ZELIS;193;24.10.1974;0;193
HERDEMCAN;375;27.7.1967;0;375
HECER;245;13.8.1970;93;152
UTMAN;75;17.1.1967;75;0
HANIFA;34;23.3.1960;0;34
CANI;271;12.12.1963;15;256
MEYSU;37;24.3.1975;0;37
KEZZI;72;3.3.1954;0;72
BILANIZ;2;2.5.1963;0;2
SULTO;8;20.7.1946;2;6
PEYRUZHAN;38;23.7.1964;1;37
ZIRO;59;13.11.1951;2;57
HEDRA;19;15.2.1968;0;19
RAHIMA;220;27.10.1959;0;220
HIZIMI;13;21.10.1953;0;13
HISNO;2;6.3.1962;0;2
HIZNE;39;24.9.1956;1;38
BEHYEDDIN;7;28.3.1979;7;0
ROJA;24;13.12.1984;0;24
AHMI;27;2.4.1955;27;0
ZUHEYYA;4;21.7.1967;0;4
HEVISAN;2;22.9.1990;0;2
CAZI;164;2.1.1953;1;163
ARDAHANI;2;19.4.1928;0;2
ARRUNI;4;10.1.1934;0;4
HEVLE;6;2.3.1955;0;6
ABLA;47;21.3.1963;0;47
SIMENSAH;4;28.3.1965;0;4
PERUK;3;7.12.1944;0;3
NESRULLAH;331;11.9.1975;330;1
CUBRUSA;2;26.6.1973;0;2
FERAC;79;8.2.1960;79;0
KASEMI;8;17.6.1939;0;8
METRA;17;25.3.1963;0;17
NECAH;182;1.6.1969;5;177
ABDULVEHIT;12;17.4.1964;12;0
SITAM;27;13.3.1962;25;2
VEYSIYE;727;30.11.1976;0;727
HAVLIYE;46;2.4.1961;0;46
FATHULLAH;49;6.4.1974;49;0
SIHDAVUT;6;3.1.1968;6;0
FINCE;47;25.11.1967;0;47
FARHAN;179;10.11.1955;179;0
ZEKERI;69;6.8.1962;69;0
HASANAT;4;12.2.1973;4;0
NEKTER;7;28.8.1968;6;1
SUVEYBET;3;9.5.1974;0;3
HAMISI;48;3.7.1951;0;48
BEYAZI;62;26.8.1956;3;59
SAHRIMAN;3;7.2.1964;0;3
ERIYE;5;12.12.1955;0;5
RUVAYDA;30;7.4.1970;0;30
HUKMETTIN;21;14.11.1958;21;0
ARNA;68;27.3.1959;1;67
IDRII;4;11.8.1940;4;0
MAAVYA;2;21.1.1982;2;0
SIRI;41;6.9.1950;12;29
GULBARIN;155;17.12.1968;0;155
ABDULRAUF;57;1.2.1973;57;0
FAYDE;12;22.8.1971;0;12
MEMDUHE;72;4.3.1952;0;72
ADO;84;14.7.1942;43;41
CEDAN;18;3.7.1963;18;0
BEKIZE;17;20.12.1957;0;17
SEYRE;47;13.10.1957;0;47
HADYE;2;26.6.1963;0;2
KEVE;102;1.4.1961;0;102
INAYETULLAH;9;7.9.1975;9;0
GILUSAN;2;23.4.1975;0;2
TALIA;1385;26.12.1961;0;1385
SAHABEDDIN;252;26.2.1966;252;0
RADDE;13;6.6.1960;0;13
BEYZARI;4;30.7.1937;0;4
HECCI;7;7.12.1943;0;7
NEJLE;38;20.6.1967;0;38
NEBIL;946;27.3.1969;935;11
RIKKIYE;7;21.7.1963;0;7
NECEH;16;22.12.1972;0;16
SUDA;74;8.7.1967;1;73
MUNE;642;28.7.1978;0;642
CIYA;29;7.2.1985;23;6
NUZRET;5;30.4.1958;4;1
KANIVAR;15;10.8.1989;13;2
SUHEN;6;9.9.1967;0;6
DIRRI;78;20.12.1946;3;75
SENANIK;13;10.2.1958;13;0
NEPTUN;89;13.7.1963;14;75
PERVIS;4;12.5.1975;1;3
KIVAN;5;13.3.1976;2;3
MEDHIYE;54;27.12.1951;0;54
SUSINI;6;8.10.1956;0;6
BENEFSI;21;6.2.1948;0;21
CUVEYDE;6;10.9.1964;0;6
MESUDA;21;6.12.1966;0;21
RABHA;6;3.9.1957;0;6
SAMIHE;61;11.12.1961;0;61
RUVEYADA;2;12.4.1967;0;2
ATTIYE;33;23.10.1964;2;31
RUSTAM;28;12.3.1961;28;0
EKRAM;123;2.12.1963;123;0
MARGIL;2;14.1.1992;0;2
SUEYDA;41;17.1.1966;0;41
GULGEC;13;10.5.1978;0;13
GAZO;7;30.4.1947;2;5
VEDHA;176;3.1.1964;0;176
VEYSEDDIN;15;27.1.1968;15;0
IZMIHAN;10;7.3.1967;0;10
HAZNIGUL;6;22.7.1972;0;6
CERKES;77;4.8.1948;71;6
EMME;8;2.9.1951;0;8
GERIBI;9;21.9.1962;0;9
NICMI;127;4.9.1951;2;125
KOCERE;117;22.5.1959;1;116
FERZIMELIK;3;4.11.1946;0;3
ZERU;24;22.7.1944;1;23
CEYLA;229;15.4.1976;0;229
SEFKETULLAH;2;21.11.1977;2;0
ELHAM;79;19.9.1976;13;66
MARIYA;221;15.6.1967;0;221
GAYDE;124;8.5.1961;0;124
HALIYE;607;21.8.1962;1;606
BISATINUR;2;29.8.1991;0;2
LALIHAN;1232;14.1.1969;0;1232
BENDEKAR;2;11.12.1991;2;0
GIYASEDDIN;246;14.1.1971;246;0
GURSES;153;18.7.1971;127;26
ZEPNEP;5;26.8.1982;0;5
ABDULMALIK;35;23.7.1975;35;0
GAZEBI;2;12.2.1971;0;2
DEVIT;7;22.6.1983;7;0
SAMIYYE;9;28.8.1967;0;9
NEDE;76;5.3.1968;0;76
NUFUSE;47;23.3.1967;0;47
BERHI;18;21.7.1943;4;14
MUKKADES;53;28.6.1979;0;53
MEAZ;12;29.11.1969;12;0
MUAZZZEZ;2;16.6.1982;0;2
HECRI;7;22.2.1956;2;5
REKIP;3;7.6.1984;3;0
NURHIDA;8;8.10.1971;0;8
MAKBULLE;4;25.7.1971;0;4
CANPOLAT;182;18.6.1975;182;0
HINAT;2;7.1.1982;0;2
HALALE;3;20.9.1956;0;3
TEZGIN;15;12.3.1968;9;6
ABDURRAUF;75;1.12.1963;75;0
MERIFE;16;2.10.1958;0;16
YASAMIN;87;23.9.1976;0;87
SEMILA;10;28.12.1977;0;10
NEYUMMA;2;7.2.1964;0;2
ASLIN;53;15.5.1980;2;51
GEDRE;2;1.3.1942;0;2
EBRIYE;6;6.7.1959;0;6
ZIYAT;114;24.3.1968;111;3
ZEYNITTIN;24;2.7.1960;24;0
FERUZAN;1102;29.2.1958;118;984
NURAEL;2;12.9.1970;0;2
KANAAT;66;18.5.1972;9;57
KAFYA;44;14.12.1975;0;44
HILVAN;18;25.2.1982;2;16
HASIR;8;10.8.1976;8;0
KASANI;4;28.4.1942;0;4
IBTESAM;6;21.5.1971;0;6
REBBIYE;2;7.11.1973;0;2
VECHI;69;27.4.1964;68;1
BARIKE;93;22.4.1968;0;93
SUKEYNET;4;7.10.1979;0;4
GULADICLE;2;29.12.1975;0;2
RABIP;2;28.5.1971;0;2
MIHDO;9;26.8.1946;0;9
UMULKULSUM;2;2.2.1969;0;2
HASIL;30;6.11.1974;30;0
ARABE;49;8.9.1961;0;49
ARJEN;14;17.5.1986;13;1
VEZIYET;9;11.7.1968;2;7
AGDA;2;21.6.1969;0;2
BEYRETE;20;3.11.1978;0;20
KAINAT;45;28.4.1971;32;13
MEKBULA;4;4.8.1960;0;4
GERIBE;10;22.6.1971;0;10
BEFRI;30;22.1.1955;0;30
VANSE;2;17.6.1978;0;2
NIHAD;173;24.1.1962;170;3
HITTI;19;19.9.1944;0;19
HEBRIYE;4;17.5.1960;0;4
SIMANSA;5;1.4.1968;0;5
BAHARI;47;4.7.1951;1;46
HATIRA;318;30.4.1973;15;303
DEVRIYE;49;28.5.1958;0;49
SAZAN;42;18.3.1964;1;41
ABDULBESIR;36;15.6.1971;36;0
BARBARA;64;2.1.1961;0;64
MAHRIBAN;5;21.12.1973;0;5
RADI;113;9.7.1964;107;6
HUKO;2;29.9.1947;2;0
IDDA;7;14.2.1960;0;7
MEKYA;26;30.11.1973;0;26
NUSIBE;4;24.8.1976;0;4
SARAN;67;5.2.1962;15;52
SULHETTIN;341;29.8.1961;341;0
HIBRIYE;5;2.10.1961;0;5
RECO;3;4.4.1944;3;0
TENZIME;3;4.4.1979;0;3
BEDRO;14;29.4.1931;12;2
MELISI;3;4.2.1965;0;3
NICMA;11;24.5.1959;0;11
DEMO;22;11.5.1968;16;6
SELHADIN;29;21.12.1972;29;0
REMMO;18;6.7.1943;18;0
GAZZO;15;17.2.1940;0;15
ABDULHELIM;29;5.2.1968;29;0
SURMIYA;2;22.2.1961;0;2
SADIDDIN;18;15.7.1958;18;0
SARISTAN;93;15.7.1972;2;91
REFYE;2;27.1.1950;0;2
KELSAMA;2;4.2.1956;0;2
GEZZO;17;25.10.1943;0;17
MAHIREN;2;6.1.1979;0;2
FACIHE;2;7.3.1964;0;2
MIDYA;22;5.10.1982;0;22
MEGRICAN;4;28.8.1991;0;4
BARIA;22;1.7.1957;0;22
FIRUZAN;722;6.9.1967;44;678
FETTUM;13;2.8.1957;0;13
ABDU;86;25.12.1957;86;0
KOCI;33;3.10.1946;16;17
BESIRA;58;10.2.1966;0;58
DIJVAR;24;28.9.1973;24;0
MAHFIZE;31;23.3.1976;0;31
RIZGAR;28;21.8.1987;28;0
IDO;88;16.4.1960;81;7
MEYMA;4;9.11.1955;0;4
MISHEH;2;14.4.1971;2;0
MANISA;36;12.2.1970;1;35
DEHHAM;41;17.11.1970;41;0
RIYAD;164;18.8.1971;161;3
NERUMAN;4;28.3.1974;0;4
ARAM;169;20.12.1960;169;0
ROJANUR;3;7.3.1957;0;3
SANGUL;34;26.12.1969;0;34
KESUMMA;2;29.1.1977;0;2
ZEYNEBI;15;9.5.1956;0;15
RUDVAN;39;22.9.1971;39;0
NOME;6;22.11.1967;0;6
KEZUBAN;7;9.4.1961;0;7
SEVDED;5;11.8.1975;0;5
BAZIGA;29;5.11.1963;0;29
RIYAT;149;22.4.1976;148;1
NEZIRHAN;12;20.3.1982;9;3
ABDULCABBAR;441;9.3.1967;441;0
SEYYIDHAN;12;28.12.1973;12;0
LEYLE;94;22.6.1964;0;94
BELHE;6;29.11.1948;0;6
NECMA;59;7.12.1969;0;59
VAHABETTIN;12;20.11.1957;12;0
ALMAZI;6;3.6.1973;0;6
NADYA;294;13.7.1962;0;294
CETO;67;20.10.1957;67;0
MEHMETBASRI;2;2.11.1980;2;0
RESSI;41;4.11.1947;0;41
ESNAF;8;20.1.1976;8;0
KAMAL;415;23.10.1956;415;0
AYNULHAYAT;267;5.8.1964;0;267
LAMIH;228;3.8.1974;227;1
HIBIL;2;27.2.1974;2;0
SISIN;128;30.2.1964;0;128
MIGAYBIR;2;12.2.1971;2;0
BEZO;10;9.10.1959;1;9
HISIN;29;16.4.1960;8;21
MANDUH;5;25.4.1964;5;0
BEDRU;3;28.4.1936;2;1
EVEN;3;21.2.1987;0;3
ZUMER;43;12.10.1966;31;12
MUCARET;4;2.5.1972;0;4
HAYAEDDIN;2;23.3.1973;2;0
AYSO;72;20.12.1941;0;72
MUHBIYE;6;15.2.1979;0;6
HEBRIZE;33;21.2.1966;0;33
CAYIT;126;1.1.1964;126;0
GULTENE;9;14.9.1947;0;9
MUNEZEH;2;2.2.1981;0;2
YIHYE;3;13.4.1976;3;0
NIZAMEDIN;26;16.6.1969;26;0
VELID;184;13.10.1978;184;0
HORIYA;4;25.5.1965;0;4
SITTIHAN;40;3.11.1965;0;40
CEMALEDIN;16;8.8.1968;16;0
NIHYET;16;9.5.1967;16;0
NIZAME;28;26.9.1969;0;28
ESMERI;69;25.8.1960;2;67
HADLE;81;30.12.1957;0;81
MEKIYA;83;10.4.1977;0;83
FAHIME;229;23.11.1967;0;229
EMINO;5;1.4.1945;4;1
SIDE;164;9.1.1962;0;164
LAIME;8;9.9.1957;0;8
SANCAK;181;15.7.1973;176;5
PEYRUZA;10;5.4.1960;0;10
RAMILE;58;29.3.1968;0;58
MEMIALAN;2;16.6.1965;2;0
HUKMIYA;2;10.7.1981;0;2
SERMED;30;20.10.1968;30;0
NAHYET;12;22.12.1970;8;4
SEHBETTIN;4;20.9.1971;4;0
HAMDIYA;9;2.11.1969;0;9
HIZNIYE;57;4.8.1963;0;57
VEFIKA;35;26.1.1965;0;35
GULFILIZ;80;14.11.1968;0;80
NEYULE;28;10.9.1961;0;28
TURKU;60;24.2.1977;8;52
CAMALETTIN;29;7.2.1966;29;0
AMIRA;72;1.2.1976;0;72
GULNAS;144;7.9.1966;0;144
ASME;11;3.3.1950;0;11
YUSRE;49;22.11.1972;0;49
HUSEYYIN;57;24.6.1961;57;0
ARAY;8;12.1.1975;6;2
HISBIYE;2;17.2.1966;0;2
REKKIYE;5;17.8.1964;0;5
HASIME;1380;13.10.1957;0;1380
HANES;8;15.2.1958;8;0
SUHEYIL;55;21.11.1967;53;2
NASLIHE;2;11.12.1983;0;2
MARYA;104;15.4.1970;0;104
FARMAN;32;24.12.1951;32;0
HARMA;18;2.2.1956;0;18
FEYIME;378;7.12.1961;0;378
VELICAN;79;12.5.1981;59;20
HURURAY;2;16.11.1976;0;2
PERIZAR;13;30.1.1963;0;13
MUNEVCVER;2;1.3.1990;0;2
SEMRE;195;18.11.1961;7;188
SELAHADIN;28;22.9.1957;28;0
FAHIMA;5;18.4.1954;0;5
ZOZANI;127;23.3.1959;0;127
EZDIHAN;6;12.9.1978;0;6
GURBETI;4;8.2.1969;1;3
HALIMA;132;18.11.1963;0;132
NUMRA;2;8.7.1969;0;2
ARRUNA;9;18.7.1957;0;9
VETINA;2;22.10.1967;0;2
PERIN;154;26.8.1967;0;154
NERHAN;36;8.2.1972;6;30
BUNEVER;2;13.5.1957;0;2
MUNIFER;116;18.8.1970;0;116
SEYHMUSA;14;24.7.1967;14;0
MEHTIYE;174;23.8.1959;0;174
SARAP;70;16.3.1969;0;70
ISLAMI;26;9.5.1978;26;0
DIYASETTIN;2;27.2.1992;2;0
SEYYAH;27;4.6.1967;20;7
SUHER;22;26.1.1977;1;21
CANVER;24;3.6.1985;24;0
SEVDAT;103;8.2.1970;47;56
ICAT;23;15.7.1977;22;1
REVZIYE;48;9.10.1964;0;48
GULIZER;97;7.7.1968;0;97
VEYSIN;4;1.9.1962;4;0
MIZRI;2;30.7.1974;2;0
ABDUNASIR;11;30.11.1971;11;0
MEHMETLATIF;29;13.2.1973;29;0
MUHZIR;2;7.7.1964;2;0
KEJJE;7;29.1.1971;0;7
MEGRIFER;2;16.9.1964;0;2
EYYO;61;11.5.1944;61;0
FELAT;137;27.11.1980;135;2
SEMDEDDIN;2;12.4.1959;2;0
MIRRA;7;25.11.1949;0;7
EBOZEYIT;2;2.2.1951;2;0
BILGISAN;37;11.10.1980;1;36
KESIRE;106;19.9.1970;0;106
NADIL;50;16.11.1967;43;7
HUDADA;13;2.5.1966;11;2
MUNEVAR;4;15.5.1968;0;4
RUGEYYA;2;11.6.1969;0;2
SUVAYP;2;2.6.1975;2;0
ABDE;17;23.10.1944;13;4
HATKE;18;12.9.1968;0;18
RAHFET;11;19.12.1971;11;0
AYSETA;20;25.2.1977;0;20
TEYLAN;8;29.5.1967;1;7
MUNTAZE;118;5.1.1958;0;118
SEHIYE;42;17.11.1953;0;42
PERVER;144;21.6.1971;44;100
YIRKAN;2;26.1.1991;2;0
SODE;49;1.10.1954;0;49
MESHURE;231;4.9.1959;0;231
SUHAM;347;4.9.1967;1;346
BILGESAN;22;29.1.1983;0;22
IZGUL;33;6.10.1978;0;33
HARBA;24;6.8.1958;0;24
TEKYEDIN;11;25.4.1976;11;0
BERIHAN;75;11.10.1960;0;75
AVCU;7;13.3.1961;7;0
VECETTIN;30;26.5.1974;30;0
LAYLA;27;21.10.1977;0;27
ZUHAYYA;2;3.11.1951;0;2
RIMILE;2;3.2.1976;0;2
GUNDANE;8;2.11.1956;0;8
VAZHA;34;20.8.1949;0;34
HULYE;115;14.12.1973;0;115
HEDIYA;101;24.4.1971;0;101
NUROJ;8;26.12.1982;2;6
RUKNETTIN;201;8.11.1960;201;0
PERINAZ;1036;12.4.1963;0;1036
ASAT;32;4.6.1959;32;0
HAPSI;15;4.4.1946;0;15
GULISTEN;12;20.12.1967;0;12
RUHO;4;12.12.1948;0;4
NAFIHE;2;7.2.1964;0;2
MUHYEN;2;9.12.1989;0;2
VASFIYYA;2;27.12.1956;0;2
HEDLO;2;3.1.1945;0;2
NADYE;57;21.8.1977;0;57
HEREM;4;9.3.1978;2;2
HACCO;35;15.8.1945;5;30
ABDULVEHAB;23;6.3.1963;23;0
SENAA;3;5.11.1983;0;3
ZUHRET;22;28.6.1968;0;22
KESRIN;5;19.2.1966;0;5
TELIBET;2;18.9.1965;0;2
ROJANUH;3;13.6.1965;0;3
SURME;327;22.6.1959;1;326
AZRAIL;29;21.1.1979;29;0
YUHANIZE;9;20.11.1976;0;9
AYNULMERDIYE;4;1.12.1961;0;4
MUAZZEM;139;14.5.1970;32;107
SILTU;2;24.11.1931;0;2
MUEZZIN;16;23.5.1965;14;2
MEHVES;168;9.1.1971;0;168
HILIS;5;27.9.1954;0;5
HINDA;12;4.3.1970;0;12
FASULA;5;17.10.1952;0;5
LEBIBE;724;9.1.1956;0;724
BEDIYA;161;1.6.1974;0;161
LALOS;2;18.9.1972;0;2
MEMDOH;13;15.5.1951;13;0
M.RESIT;91;11.11.1952;91;0
BESRAVI;20;2.4.1962;17;3
MENSURA;40;11.9.1972;0;40
SULTANA;149;6.8.1941;0;149
IZMIRAN;3;26.7.1972;0;3
FEYZINUR;20;6.12.1969;3;17
FAYAZ;6;5.3.1974;5;1
ZERGEN;3;20.2.1968;0;3
NUJIN;15;11.10.1983;0;15
TEYIBET;13;9.1.1976;0;13
ENYA;2;28.2.1988;0;2
BUHARE;9;26.3.1961;0;9
HAYULLAH;2;7.2.1982;2;0
BERCES;153;16.12.1964;152;1
CEVHERI;37;6.9.1975;24;13
SEHSENEM;8;15.8.1961;0;8
MELKAN;25;9.1.1978;17;8
RIM;26;9.9.1978;0;26
ILHANE;22;12.5.1960;0;22
REHMETULLAH;36;7.1.1970;36;0
NEDA;171;21.1.1974;5;166
ABUZEYIT;118;26.4.1966;118;0
FAHIRA;4;15.4.1954;0;4
SALAHADIN;18;3.1.1959;18;0
MUATTAR;151;8.6.1959;0;151
NECLAN;200;6.7.1973;1;199
GAZALA;29;26.9.1964;0;29
YASRIBE;4;11.3.1979;0;4
HADYA;6;7.2.1978;0;6
MIRCI;8;15.6.1953;0;8
ABDUNNASIR;60;22.9.1969;60;0
LAMIE;42;22.12.1970;0;42
GULNIHAM;2;12.2.1977;0;2
SIYHEM;4;1.6.1976;0;4
AVIS;83;12.12.1951;2;81
MUHABBAT;5;15.1.1976;2;3
NETAS;2;8.4.1927;0;2
TAHLIZE;2;5.8.1970;0;2
MIO;2;13.9.1953;2;0
NEYYULE;52;23.10.1957;0;52
BERZAN;151;16.5.1978;130;21
GAZELI;64;3.10.1964;5;59
NESEPHAN;33;19.8.1956;0;33
HALAF;897;21.6.1960;897;0
BEYAN;331;11.11.1964;14;317
NUHAT;81;10.7.1979;18;63
ERZEN;34;5.10.1972;7;27
HAFSU;5;24.4.1937;0;5
SECTIM;2;26.3.1982;2;0
MUKKEREM;23;28.4.1976;8;15
MENIRE;85;5.7.1961;0;85
YARAR;6;3.10.1960;4;2
URUDE;8;11.5.1957;0;8
MUCIBIRRAHMAN;5;17.5.1974;5;0
HASYA;22;1.12.1972;0;22
DERVIN;5;10.6.1979;1;4
ILHEM;42;1.1.1980;2;40
GEZALI;31;12.10.1961;1;30
HATTO;5;10.2.1939;5;0
DURUNCE;3;9.4.1980;0;3
RUKENT;7;9.8.1974;3;4
JINDAR;4;30.10.1988;2;2
M.HADI;19;11.4.1959;19;0
SEBRIZE;3;21.11.1984;0;3
PELDA;83;2.8.1989;0;83
ZEVIYE;12;2.2.1955;0;12
EDLE;4;8.3.1946;0;4
RONAI;13;4.5.1986;2;11
TEVFO;5;17.4.1954;5;0
MAMI;39;2.9.1942;25;14
CAZO;9;28.11.1932;0;9
GEBRA;3;14.6.1979;0;3
BIRSIL;3;25.7.1981;0;3
MEHMETSELIM;47;25.11.1973;47;0
SUREYHAN;10;20.5.1966;0;10
FEVAT;8;26.8.1964;8;0
MURSIL;6;8.2.1968;6;0
NEZLIME;6;27.7.1962;0;6
FAVAD;2;28.2.1967;2;0
DILSAN;243;25.2.1966;0;243
SEYFEDIN;47;22.2.1969;47;0
USUP;7;12.8.1952;7;0
HISSE;6;7.2.1968;1;5
GAZALAE;2;3.4.1975;0;2
HELVA;40;19.4.1964;0;40
NEBRIHAN;2;27.3.1956;0;2
DAVI;11;9.11.1953;11;0
ZEKIYA;163;13.3.1967;1;162
DERO;9;13.12.1960;8;1
GULHAS;187;27.6.1959;1;186
FERHIYE;18;24.8.1954;0;18
SAVAL;27;4.12.1962;2;25
DILVAZ;6;20.5.1971;1;5
VEDFIYE;2;16.12.1974;0;2
RENAS;31;13.1.1983;25;6
REBIH;20;29.10.1972;19;1
HANDI;4;20.4.1966;0;4
FARZIMELEK;5;25.6.1964;0;5
MERCIHAN;53;29.9.1967;0;53
VARIDE;13;30.5.1954;0;13
REFIE;40;5.11.1957;0;40
NALIYE;69;3.8.1963;0;69
HENI;36;27.3.1956;10;26
GUMEYLE;2;7.4.1976;0;2
FERHUZAT;5;12.6.1952;5;0
EBUZIYAT;2;30.10.1976;2;0
DERVISE;185;5.7.1952;0;185
SIDDIKE;64;5.1.1960;0;64
MIHBET;8;14.1.1965;0;8
SIRVEN;5;6.3.1974;0;5
MEHMETSERIF;53;4.8.1970;53;0
ZULFA;78;16.4.1969;0;78
M.NEYTULLAH;2;26.3.1931;2;0
RIMILA;6;22.5.1973;0;6
URFIYE;351;6.3.1960;0;351
MUKBET;3;16.10.1967;0;3
KESIBE;20;29.3.1953;0;20
SAMSA;8;25.9.1961;0;8
NEZBETE;5;13.9.1979;0;5
GALIPTEN;2;29.10.1971;0;2
NEMZIYE;46;23.9.1956;0;46
EMRILLAH;3;26.5.1976;3;0
RUKIYYA;6;21.6.1975;0;6
FATMAN;26;15.6.1953;0;26
DILSEN;129;2.5.1971;0;129
ERDAHANI;4;18.9.1948;0;4
FARA;7;3.10.1957;0;7
ABTA;12;5.7.1957;0;12
ZIYAP;59;2.10.1966;58;1
HAKKO;5;24.12.1938;3;2
MARUFE;35;11.3.1960;0;35
RIMA;182;19.2.1968;0;182
MERYEMHAN;74;6.10.1970;0;74
KEMMIYE;6;1.9.1973;0;6
NEFLE;24;19.7.1961;0;24
KAHLE;232;26.5.1954;0;232
GULASER;59;6.3.1969;0;59
ZEKIRYA;9;3.1.1972;9;0
KEMILE;431;4.4.1969;1;430
BIRUCE;4;4.12.1960;0;4
HELIMCAN;2;6.1.1980;0;2
MATRIONA;3;16.12.1972;0;3
MESHER;38;4.7.1974;37;1
VESFI;51;8.9.1970;49;2
NESBIHAN;3;25.10.1964;0;3
MELKIYE;13;13.5.1970;0;13
IKRAME;19;12.5.1961;0;19
FADAYI;5;29.9.1963;5;0
CIZVI;2;16.3.1940;0;2
ERSAT;79;3.1.1985;79;0
SADIKA;1992;4.7.1954;0;1992
SONGUR;108;22.7.1969;64;44
SUMME;155;10.6.1960;0;155
SEVMI;10;25.9.1960;5;5
GULASTAN;2;1.1.1981;0;2
ROCIVAN;2;4.4.1981;2;0
BEJNA;5;25.4.1987;0;5
MEHFUZA;2;30.2.1990;0;2
NAHIYET;68;20.4.1972;4;64
BEDRA;57;27.4.1966;5;52
FERSENT;22;5.5.1971;22;0
FAHRADDIN;12;7.1.1963;12;0
HELI;27;5.12.1946;0;27
SEYHOMER;6;1.12.1979;6;0
ACACE;2;16.6.1929;0;2
MANIFE;7;15.5.1966;0;7
HAYRANI;253;24.12.1967;250;3
ABDULMELEK;32;19.5.1978;32;0
ATASOY;123;22.8.1971;123;0
ATILKAN;21;2.7.1976;21;0
MIRICAN;27;27.1.1964;8;19
ZENA;5;10.8.1968;0;5
AFIDE;431;22.8.1958;0;431
NAFYA;175;9.5.1964;0;175
BILSEM;34;25.10.1975;0;34
BERAKAT;27;24.6.1969;27;0
DORRI;2;30.5.1931;0;2
SERIZDIN;4;29.11.1976;4;0
MARYE;22;30.4.1968;0;22
IZZER;3;19.1.1964;3;0
MUZZEYIN;3;26.6.1982;0;3
SIBEN;32;12.9.1976;4;28
SELLAHATTIN;32;5.6.1969;32;0
KAMRA;4;27.10.1949;0;4
SUUD;72;17.11.1977;72;0
HAKIMA;11;22.8.1965;0;11
RENKDA;2;21.7.1988;0;2
SULDANI;2;12.2.1953;0;2
ALMAS;288;7.10.1961;0;288
SANAYI;110;21.10.1969;100;10
HAFIDAR;3;11.2.1985;0;3
PERRO;4;3.8.1946;0;4
ABLE;40;21.6.1960;0;40
NEZIHAN;140;16.4.1963;1;139
ZIDAN;53;9.5.1962;53;0
AMSO;2;9.2.1946;0;2
HAZZI;12;27.7.1965;0;12
IHMEDI;3;17.6.1954;3;0
KAFIE;3;11.5.1955;0;3
ATIYYA;11;1.3.1954;0;11
ZAMAN;213;5.9.1970;157;56
ABDA;5;5.10.1947;0;5
TALIBE;155;26.7.1964;0;155
LAKIZER;4;2.1.1982;0;4
IRFI;6;30.8.1967;5;1
SAFVAN;15;16.6.1975;15;0
INCEGUL;58;24.1.1980;0;58
TEMMO;21;29.1.1947;21;0
AMSEY;16;21.3.1947;0;16
MEHMETSALIH;140;13.10.1973;140;0
ZUAYNE;4;18.3.1959;0;4
CIRVA;48;6.4.1958;0;48
AVVAZ;2;21.10.1957;2;0
SILTAN;23;25.7.1969;7;16
ITAN;3;4.7.1955;0;3
SILIME;4;8.11.1968;0;4
UZLIFET;113;2.3.1969;0;113
ISMAN;131;23.3.1960;28;103
FEYSER;13;17.11.1973;13;0
MEFRIDE;2;17.9.1989;0;2
RAYE;10;21.5.1963;0;10
GALYE;41;27.7.1965;0;41
BESME;57;9.10.1960;0;57
RUSA;14;25.9.1978;3;11
ISMAT;23;12.10.1948;21;2
ROLA;7;26.8.1974;0;7
VASIA;5;28.6.1974;0;5
FERFURE;107;3.10.1965;0;107
VEYSETTIN;28;21.11.1966;28;0
GAYRIYE;9;9.4.1958;0;9
RAMZI;43;19.4.1967;42;1
AFITAB;33;1.11.1967;1;32
RIFAHI;2;12.2.1971;2;0
ZARIFA;38;22.6.1959;0;38
NEVRIM;53;10.5.1974;1;52
SERDES;2;14.10.1986;2;0
HUFEYZET;2;22.6.1966;2;0
FARADDIN;2;20.2.1969;2;0
ADE;28;30.3.1930;0;28
KELSUM;41;11.2.1972;0;41
BINEVSI;6;26.11.1952;0;6
UNIDE;3;2.8.1977;0;3
FERHI;26;8.6.1955;11;15
FELEDUN;11;17.1.1973;11;0
HATIYE;383;29.12.1956;0;383
DESTINA;17;6.7.1985;0;17
KIYAFEDDIN;3;13.11.1982;3;0
SARAYILI;2;22.4.1973;0;2
MEHMETSAH;220;25.1.1973;220;0
FERAHET;8;4.5.1967;0;8
HEVVAS;2;3.12.1962;2;0
MUMTAS;25;9.8.1972;25;0
SALALA;2;7.2.1958;0;2
UZLUFET;40;12.10.1968;1;39
TACEDIN;24;19.9.1965;24;0
DEYER;21;12.8.1971;11;10
HUDAKADIMNUR;2;8.4.1976;2;0
ILFET;102;2.5.1967;30;72
HAZARA;55;8.6.1956;0;55
MEDAYA;2;3.2.1975;0;2
RQKAN;2;1.8.1990;0;2
TAKQSHIN;2;16.11.1988;0;2
JUVANA;3;18.1.1985;0;3
HEYAM;22;7.12.1981;3;19
MISTAFA;23;16.4.1944;23;0
ABDULETIF;5;29.4.1965;5;0
FEYRUSAH;163;1.4.1974;31;132
IRVAYDE;2;7.11.1970;0;2
HIKMETULLAH;445;22.7.1971;443;2
HADICI;54;21.12.1955;0;54
MEVLO;13;20.12.1949;3;10
MEZIYYET;77;17.12.1946;1;76
AYINI;2;4.4.1925;0;2
ZULHIMAR;12;17.9.1957;0;12
MUNTECEP;55;29.9.1961;55;0
KIRIME;2;2.4.1981;0;2
CANDA;13;8.2.1978;2;11
ZUHDIYE;74;12.2.1954;0;74
MEYMENE;208;25.1.1959;0;208
ZERIFI;20;22.9.1950;0;20
ZUBEDYE;3;29.2.1958;0;3
MECLISE;7;10.9.1976;0;7
KANDILE;75;7.12.1969;0;75
KEMEL;7;26.11.1977;6;1
ZEYD;61;18.10.1983;61;0
MUCGEN;58;16.5.1965;0;58
MELESE;57;12.12.1966;0;57
SUHEYYLE;2;29.4.1980;0;2
BEHI;8;27.5.1956;3;5
KEVKAB;2;7.8.1970;0;2
ALEATTIN;155;24.11.1967;155;0
RAHME;349;28.4.1962;0;349
HUZNU;123;20.9.1967;116;7
FERICE;297;4.9.1960;0;297
DERII;4;2.4.1945;4;0
TIRKE;5;9.11.1952;0;5
MEZRUK;3;28.12.1972;3;0
SELMINAZ;216;28.1.1960;0;216
MUNAVVAR;18;13.6.1977;0;18
SAME;53;18.6.1955;1;52
ZEYEP;6;29.8.1974;0;6
MEDIYA;50;6.9.1968;0;50
FATTUME;4;30.6.1942;0;4
TAFLA;2;7.2.1934;0;2
ABDULFEHIM;3;8.6.1980;3;0
MEKIYYE;4;5.6.1973;0;4
HIZNIGUL;5;23.5.1974;0;5
SAGE;24;12.10.1952;0;24
SENE;31;17.3.1974;0;31
VESSO;2;6.9.1970;0;2
RUFAI;109;15.2.1971;109;0
GARPSAN;2;22.2.1961;0;2
LENFIYE;2;8.3.1975;0;2
DORINA;19;7.9.1974;0;19
HILYA;75;30.11.1958;0;75
SUZAMA;2;27.8.1932;0;2
HACICI;3;28.6.1962;0;3
IRAN;677;21.4.1970;5;672
HAMIM;30;3.8.1969;27;3
HEJAR;12;23.1.1985;10;2
HANIMA;97;2.4.1955;0;97
M.MUHSIN;5;5.1.1952;5;0
RAHMAN;2175;29.3.1976;2114;61
TACIDDIN;129;7.5.1958;129;0
HEVRAN;2;14.12.1968;2;0
VESSI;4;10.1.1934;0;4
UZEYR;32;30.1.1964;32;0
CEMET;49;2.1.1964;6;43
SEDDAM;7;20.2.1983;7;0
VERDIYE;30;27.1.1972;0;30
VETFI;8;26.9.1960;1;7
RUSTEMI;2;6.12.1956;0;2
SEYLAN;493;13.3.1970;77;416
SECI;28;1.2.1959;26;2
NEDYE;92;14.6.1975;0;92
HARIP;30;29.6.1962;1;29
HERBISTIN;2;22.12.1979;2;0
DARAP;13;25.8.1981;13;0
RUHEYLA;14;14.4.1967;0;14
MERDIYA;17;8.8.1978;0;17
CENG;39;5.5.1981;39;0
GOZE;166;7.3.1970;2;164
ERIS;135;23.11.1974;114;21
KEMNIYE;4;8.12.1966;0;4
SONDAL;11;16.2.1977;2;9
MIHABAT;2;22.2.1967;2;0
MINA;470;25.3.1970;11;459
BEZARI;17;16.5.1956;0;17
HEMAN;4;16.10.1956;2;2
MITIA;3;24.4.1949;0;3
HASNE;137;30.1.1957;0;137
JAN;120;12.11.1965;107;13
JANFER;2;29.1.1990;0;2
AHDIYE;24;8.7.1967;0;24
ATIYA;226;4.12.1962;2;224
NERAZ;2;12.2.1965;0;2
AHIN;43;12.12.1977;23;20
RONA;38;14.7.1970;9;29
ERZENE;4;23.9.1947;0;4
EYMO;2;28.4.1951;0;2
MUKREBAN;2;27.3.1956;0;2
MIKRI;3;12.5.1979;3;0
NERIMEN;32;11.4.1972;0;32
SORE;9;30.7.1969;0;9
NASETTIN;3;15.10.1967;3;0
RIANI;2;29.2.1974;0;2
NERO;3;17.2.1942;0;3
KADIRO;5;23.8.1940;5;0
HURSIDE;161;19.6.1960;0;161
ROJVAN;8;28.8.1988;7;1
MALIN;10;1.12.1982;0;10
ZARIKA;2;17.11.1965;0;2
SEADDET;3;23.5.1961;0;3
VAFE;2;27.1.1966;0;2
BULUCA;4;20.8.1954;0;4
SANAY;135;27.10.1963;15;120
MAAZ;240;13.1.1973;240;0
NURULHUDE;91;30.11.1973;0;91
SALHAN;28;8.7.1964;19;9
SUKRIYA;24;14.3.1973;0;24
HEMRIN;17;16.1.1988;0;17
MUKADDAS;5;11.2.1979;0;5
NUHROJ;4;7.1.1982;0;4
SEYFIYE;164;28.3.1956;0;164
ABDULCABAR;56;25.8.1973;56;0
MIRVET;43;11.9.1967;1;42
ASHAT;16;26.1.1969;16;0
KINEM;26;26.12.1989;0;26
SEBIRNAZ;3;16.12.1969;0;3
SEBRI;37;18.7.1962;25;12
GAYDA;60;22.9.1960;0;60
FAHREDIN;24;6.9.1964;24;0
BEDIHE;196;29.5.1958;0;196
CILI;135;30.4.1955;0;135
MUBETI;2;2.1.1957;0;2
AFTA;12;27.6.1960;0;12
HAZBIYA;3;11.1.1965;0;3
ASRA;18;6.5.1975;0;18
LEMA;391;5.7.1964;0;391
SEFIHE;5;3.8.1966;0;5
MUSATAFA;8;9.7.1978;8;0
FEVVAS;3;1.4.1977;3;0
MUHEVVES;2;29.9.1991;2;0
HAZIKA;5;1.2.1956;0;5
MEYSI;68;19.1.1955;1;67
HUCEYLA;46;23.10.1969;0;46
MUDURE;7;2.12.1953;0;7
SAHZIYE;229;1.7.1953;0;229
SIPGATULLAH;3;25.5.1971;3;0
GOLNAZ;7;11.7.1968;0;7
YAZLIHAN;2;6.2.1980;0;2
SITIHA;2;19.10.1978;0;2
ABDULMUTI;30;1.11.1970;30;0
MAGDURE;7;12.11.1969;0;7
BADELI;3;7.1.1968;2;1
HEVIDAR;37;6.1.1989;1;36
LALAN;14;2.1.1969;0;14
PERESSA;2;21.11.1989;0;2
SERVEDDIN;12;14.1.1965;12;0
BAZO;45;30.4.1950;45;0
MEKKO;4;2.5.1939;2;2
SIHDA;3;7.6.1960;0;3
KUNDI;2;17.2.1930;0;2
IZGAYIR;2;14.3.1965;0;2
ABDUSSAMAT;112;4.3.1966;112;0
MELEZ;59;18.8.1971;0;59
ABDULNEVAF;8;28.1.1966;8;0
SORO;20;17.9.1945;17;3
VEGAH;2;26.6.1982;2;0
MULTEZIM;77;26.1.1970;19;58
HAZNEGUL;3;20.9.1991;0;3
SAMA;59;13.2.1962;1;58
ZIHNEDDIN;2;30.2.1971;2;0
NAZIRA;200;19.1.1957;0;200
GELSUME;23;24.1.1967;0;23
USI;10;2.5.1935;10;0
CALAL;33;17.6.1959;33;0
FEDRETTIN;5;9.8.1985;5;0
VACIBE;29;4.7.1962;0;29
BASHANIM;62;26.3.1973;0;62
SOYCAN;18;6.8.1975;9;9
ZENNUN;78;22.4.1963;74;4
HINDI;66;2.1.1947;4;62
SURI;118;9.9.1963;76;42
HINDIYE;239;28.5.1956;0;239
FAYRIYE;9;8.11.1971;0;9
ELIZABET;154;8.12.1966;0;154
BISRA;43;30.11.1977;0;43
HAZRO;3;15.1.1962;0;3
NEFIZE;3904;14.7.1960;0;3904
HELVE;4;8.11.1973;0;4
FATLETTIN;2;24.3.1976;2;0
EMINA;57;9.9.1963;0;57
NISMIYE;96;16.9.1976;0;96
HISRET;14;30.6.1974;10;4
TARI;6;25.4.1939;3;3
SUPHO;6;13.2.1956;0;6
SOSINI;48;5.1.1951;0;48
DAHHAM;25;10.3.1968;25;0
LILVE;4;4.3.1976;0;4
ZIYEETTIN;6;3.8.1976;6;0
GULEKSAN;2;13.10.1988;0;2
RAUFA;3;29.5.1975;0;3
MIRPENC;12;5.11.1976;12;0
DURDA;10;5.12.1965;2;8
BEHIYYE;162;11.6.1958;0;162
BIZI;28;22.6.1939;0;28
SERGEL;3;4.11.1990;3;0
HOGIR;49;10.5.1991;49;0
MAIA;49;27.2.1972;0;49
ABDULMELEF;2;22.2.1967;2;0
BAKIRE;104;14.9.1958;0;104
SAKINET;17;9.4.1959;0;17
HAMSO;14;10.8.1956;2;12
NEFISHAN;56;21.5.1966;0;56
BEYBUNE;5;20.7.1969;0;5
MAI;8;22.3.1950;3;5
CEYLANI;268;28.7.1973;260;8
SANEHE;2;8.5.1986;0;2
ALINAKI;4;21.9.1972;4;0
FEREC;187;26.9.1962;187;0
KAFIYA;6;14.11.1968;0;6
ABURAKIP;2;2.10.1969;2;0
MEZHAR;37;10.10.1968;36;1
MUHARRAM;12;11.1.1956;12;0
RUFER;6;16.9.1973;1;5
ZUHER;136;28.9.1969;113;23
HESIBE;279;15.5.1961;0;279
ZEHRETTIN;15;29.10.1969;15;0
HADLA;32;30.12.1952;0;32
KESEME;2;9.1.1940;0;2
SELVE;214;9.2.1969;2;212
EDISE;16;6.6.1970;0;16
ALAVEDDIN;10;24.7.1975;10;0
HAMIDI;7;17.8.1973;4;3
FURUZEN;7;13.6.1978;0;7
MELEHET;35;12.1.1961;0;35
DALGAN;2;7.5.1985;2;0
HUNAVI;2;11.3.1940;0;2
KUMRUYE;15;26.4.1966;0;15
YESLIBE;3;16.6.1975;0;3
M.SELIM;136;24.7.1953;136;0
OLIFER;2;7.11.1974;0;2
LAYIK;27;14.2.1973;23;4
TEREZ;11;11.7.1953;0;11
SEVAP;37;13.2.1981;8;29
DILEN;12;25.5.1979;1;11
IMAN;229;3.10.1969;48;181
SURKAN;13;3.5.1974;6;7
AHAD;32;9.4.1968;27;5
AKIYE;94;25.11.1959;0;94
KELSUMA;26;29.10.1965;0;26
VADHE;7;22.4.1950;0;7
CASUR;29;6.4.1971;29;0
NEZEHET;149;19.5.1967;0;149
SERINE;75;15.12.1964;0;75
HELIMI;12;11.7.1951;0;12
NAKISA;3;3.7.1948;0;3
ESTER;452;14.3.1950;10;442
SEVCIYE;13;4.5.1975;0;13
KUDURULLAH;2;27.6.1968;2;0
CIRVE;22;14.4.1949;0;22
SAYFETTIN;9;14.4.1968;9;0
SITO;18;11.8.1949;6;12
VESMIYE;24;3.8.1971;0;24
HAZRA;103;21.4.1962;0;103
AYCE;244;2.7.1973;1;243
IPTISAM;23;28.6.1974;0;23
KEMLIYE;5;20.8.1969;0;5
KUDDUS;159;26.8.1961;146;13
NEVREZ;654;2.8.1964;171;483
EKRIME;21;10.9.1965;0;21
ATAULLAH;163;10.10.1964;163;0
CENGVELAT;2;13.12.1976;2;0
RANYA;31;7.9.1979;0;31
ILCAN;72;13.3.1974;38;34
CIRAHAT;2;6.9.1991;0;2
HEZARI;5;29.7.1950;0;5
UBEYTE;2;21.12.1981;0;2
BAHYEDDIN;52;1.7.1967;52;0
YUSRAH;2;8.6.1962;0;2
REMSE;5;16.7.1955;0;5
MEKKIN;3;12.5.1973;3;0
SARPFIRAT;2;21.9.1984;2;0
GULYEMIN;15;26.9.1978;11;4
M.SUUD;2;1.9.1962;2;0
BISSAR;2;2.7.1969;2;0
NAZMIYA;22;7.10.1960;0;22
SURRYYA;2;22.9.1973;0;2
SEVKA;86;19.5.1955;0;86
NAZLIYA;19;1.5.1959;0;19
VEHHAP;18;19.8.1956;18;0
SIMMO;5;16.11.1933;5;0
EFNAN;158;27.4.1978;27;131
SALVA;10;12.1.1968;1;9
BEHEYDDIN;2;26.11.1965;2;0
SURIYYE;24;17.4.1965;1;23
SISEL;3;19.6.1986;0;3
FEYYAD;37;22.12.1963;37;0
SISER;2;3.3.1975;0;2
GURBEL;3;12.3.1975;0;3
EMRIHAN;65;15.3.1980;16;49
GECI;3;28.4.1956;0;3
TURKKIYYE;2;18.8.1952;0;2
HANAF;6;10.7.1971;0;6
MIHDIYYE;4;22.3.1956;0;4
HAVER;250;18.7.1961;16;234
HALLVE;2;28.12.1975;0;2
ZEHIYE;262;15.4.1965;0;262
GULSO;3;24.6.1967;0;3
HAMDIYET;2;22.8.1961;0;2
INI;9;26.1.1945;0;9
ALIKO;7;12.4.1946;7;0
DOZDAR;2;27.3.1992;2;0
GULNAR;933;15.1.1966;5;928
ZEYINEDDIN;2;3.6.1974;2;0
GERO;3;26.11.1963;3;0
SITER;10;8.12.1980;1;9
MAZIDE;26;24.3.1973;0;26
HAFSO;23;23.5.1954;0;23
SADDETTIN;28;20.4.1969;28;0
RAMA;8;22.10.1961;1;7
KAVVAS;28;15.3.1960;28;0
SUHEM;125;14.4.1970;0;125
HAMDE;41;20.1.1960;2;39
ROJDAR;3;15.10.1980;0;3
ABDULBASI;6;4.10.1971;6;0
RAMEYLE;2;3.5.1976;0;2
MANONI;3;28.8.1962;0;3
GULSINEM;190;15.2.1975;0;190
EVIZAN;2;22.2.1991;0;2
IZLEM;213;20.1.1984;5;208
HAMMO;14;5.7.1948;14;0
KADRE;10;5.12.1946;0;10
HIBETULLAH;25;27.7.1969;18;7
BELHI;21;9.10.1952;0;21
CEZYA;22;11.1.1965;0;22
SELENIK;3;2.4.1951;3;0
MUAZES;37;27.7.1970;0;37
SAYFA;19;21.12.1972;0;19
HEJIN;3;24.3.1977;0;3
NEVZIYE;408;23.12.1961;0;408
AMNI;4;5.2.1942;0;4
HITMAN;6;21.9.1959;6;0
SUDUR;4;28.11.1969;0;4
HAMRIYE;48;11.6.1965;0;48
SEMSENUR;44;10.8.1972;0;44
EVVIN;2;12.12.1981;0;2
NUVIDE;25;3.7.1959;0;25
ALIK;21;4.7.1954;21;0
PISIK;2;23.4.1973;0;2
VIJDAN;1214;8.8.1970;42;1172
SEFHIYE;6;25.10.1959;0;6
NURMIHAT;2;15.7.1986;0;2
SALHADIN;12;15.12.1968;12;0
HILALE;161;3.4.1962;0;161
ADA;45;30.9.1979;8;37
ASIYAN;50;9.11.1979;1;49
HAVSER;6;28.3.1964;4;2
CUDIYE;41;26.11.1957;0;41
FEREDDIN;5;11.7.1976;5;0
HAZE;9;25.3.1945;0;9
KANDEMIR;145;1.1.1971;145;0
MEHIZE;2;2.2.1945;0;2
NUSURULLAH;2;7.12.1958;2;0
HASUNE;12;21.1.1960;0;12
GIRVA;2;24.4.1948;0;2
SIBHAN;2;27.2.1974;2;0
NUSRA;33;25.9.1977;0;33
MUSKUFER;7;17.4.1954;0;7
HISNA;8;18.12.1957;0;8
LUGUDE;2;27.2.1938;0;2
ENZILE;35;12.2.1963;0;35
SEVDATI;2;16.3.1951;0;2
ZULEYHE;12;17.5.1967;0;12
HUBRUYE;4;29.8.1963;0;4
GULSUMA;186;13.4.1968;0;186
SILYA;11;23.8.1975;0;11
ZAHIRET;17;5.1.1954;0;17
ELSUM;2;12.2.1971;0;2
ARRUN;2;27.2.1944;0;2
ZEYHNET;2;11.4.1946;0;2
DICLEHAN;99;22.5.1975;1;98
AKIME;81;9.6.1959;0;81
NEDIP;58;7.8.1970;56;2
ZIN;11;22.5.1973;0;11
GAZALEY;80;18.6.1960;0;80
PIRIZAT;5;7.2.1963;0;5
SEHAT;37;22.1.1965;15;22
DODA;2;16.4.1965;2;0
ABDULRRAHIM;6;28.4.1979;6;0
GAZYA;5;15.3.1976;0;5
ALICEBRAIL;2;18.3.1974;2;0
EVIDAR;3;14.11.1986;0;3
FEHRIYE;54;25.1.1958;0;54
NECBIR;14;21.6.1990;4;10
MUKRI;26;24.8.1967;26;0
TIFLI;17;12.2.1946;2;15
KERMU;2;7.8.1928;2;0
M.MASUM;9;27.7.1964;9;0
HEYSEL;4;3.5.1963;2;2
CIHANNUR;75;29.10.1973;6;69
ZARGA;16;30.9.1968;0;16
AVVAT;32;21.7.1956;32;0
UNUD;2;17.4.1992;0;2
BANAZIR;2;6.11.1990;0;2
RESO;33;16.5.1942;32;1
SIDDIHA;3;25.1.1961;0;3
HANFIS;2;17.2.1948;2;0
ALAMET;22;28.6.1968;7;15
IDAM;4;8.3.1964;4;0
RUMEYLE;12;10.11.1973;0;12
HUDE;231;4.9.1979;1;230
BESSEM;10;26.11.1973;10;0
SAILE;624;23.9.1969;0;624
HIZRA;3;30.10.1950;0;3
MURVAN;17;30.12.1970;16;1
SIDA;45;24.4.1968;3;42
HINDE;47;4.6.1968;0;47
FERIHE;87;27.12.1964;0;87
GALLI;26;22.8.1959;0;26
FASIHA;51;4.6.1964;0;51
MAAT;4;24.7.1949;4;0
MIRVAL;2;26.4.1976;2;0
RAAT;7;1.4.1962;7;0
HIDE;6;30.11.1967;0;6
GUMUS;1023;28.4.1959;37;986
SEME;39;26.10.1956;1;38
MIZER;16;4.2.1966;15;1
FEDUS;2;2.5.1939;2;0
FIZA;15;22.2.1973;0;15
SAHNAS;28;24.1.1975;0;28
HULUS;52;14.10.1954;50;2
LORIN;35;1.5.1973;0;35
ISHEYYE;5;12.5.1964;0;5
FEVAS;9;10.3.1972;9;0
ABDULCAHIT;5;19.2.1966;5;0
ZUHDI;22;20.10.1946;22;0
SARHA;3;29.6.1950;0;3
GUZAL;6;21.4.1976;0;6
HILDAN;12;2.6.1980;1;11
DAHLE;2;4.3.1931;0;2
RAYYA;36;17.7.1961;0;36
NAAM;36;29.4.1955;4;32
AYNELHAYAT;70;12.8.1961;0;70
ABDULLETIF;217;6.3.1965;217;0
LITFA;2;11.3.1949;0;2
ABDULMAHSUM;4;21.12.1956;4;0
ABDULILLAH;39;19.7.1976;39;0
HUNDA;20;2.8.1982;0;20
SUHEYME;2;22.12.1955;0;2
AYSEM;479;2.8.1976;2;477
NISFICIHAN;190;15.6.1961;0;190
NECO;25;28.11.1974;21;4
ZAVIYE;43;18.10.1968;0;43
HAYYO;5;1.12.1934;5;0
HINI;10;23.12.1950;0;10
RACIYE;383;12.7.1957;0;383
LITFO;3;13.9.1934;0;3
RABAHAT;2;22.9.1991;0;2
FESIHE;145;16.3.1970;0;145
MURRA;3;7.8.1939;0;3
FAYSEL;84;12.3.1973;81;3
HUZNAGUL;2;27.12.1984;0;2
HISFE;12;9.12.1954;0;12
RAGIB;97;14.1.1970;96;1
HANINE;3;3.11.1956;0;3
FIDEN;20;1.2.1974;0;20
FURAK;2;20.6.1960;2;0
SENSUBE;2;7.3.1970;0;2
FURRIYE;2;17.3.1966;0;2
VERDIHAN;29;6.6.1975;0;29
HUT;45;16.10.1970;45;0
ABDULMUNE;2;8.3.1976;2;0
HACMA;2;2.4.1931;0;2
AYIS;202;5.2.1958;1;201
NOMA;11;1.2.1968;0;11
ZANNUN;4;23.4.1952;4;0
RUBEYA;5;5.2.1971;0;5
DIHLA;6;7.1.1969;0;6
MUSAL;6;6.1.1961;6;0
RASIMA;9;29.10.1962;0;9
MUSTEKIDDIN;3;3.9.1968;3;0
FETHULAH;4;21.8.1977;4;0
LEHIBE;6;12.7.1957;0;6
KADIYE;22;30.10.1958;0;22
SINDIS;4;26.10.1969;0;4
HACIR;332;28.7.1969;10;322
MARAL;325;8.11.1969;5;320
SENSULE;2;6.5.1979;0;2
SIIDE;15;19.1.1963;0;15
CELAM;9;14.7.1967;8;1
FURYEL;3;14.7.1981;0;3
NAMZIYE;2;1.4.1976;0;2
NEHLE;50;22.1.1964;0;50
REYYE;59;17.10.1959;0;59
GURCIYE;332;14.6.1961;0;332
HALEPCE;6;16.4.1991;0;6
ABDULLILAH;37;8.5.1979;37;0
SELFIC;9;6.5.1950;9;0
IBADET;207;20.7.1963;13;194
TURKKIYE;3;7.5.1956;0;3
NACYA;20;30.3.1966;0;20
MERHABA;353;13.5.1962;2;351
BEDDII;2;20.10.1978;2;0
ESHAK;3;12.11.1973;3;0
VELAATTIN;17;30.11.1963;17;0
HILO;4;28.11.1953;3;1
IHSAMETTIN;17;15.7.1967;17;0
INIZ;6;23.1.1945;6;0
MENO;13;21.1.1785;0;13
RUHILAT;3;23.11.1977;1;2
SIMOHAN;2;20.2.1977;0;2
AYNIKE;2;27.5.1974;0;2
EJDE;5;23.7.1973;0;5
AMENELLAH;2;8.5.1989;2;0
KANIVER;4;29.1.1987;1;3
FERSHA;2;13.6.1981;0;2
MEHBET;8;29.11.1963;0;8
FIKRIYYE;3;19.6.1962;0;3
RISKIYE;167;1.2.1972;0;167
A.KERIM;8;16.12.1941;8;0
FELISE;7;4.5.1957;0;7
HIZNO;9;13.10.1939;0;9
BEYBO;3;28.12.1947;0;3
RUMMILE;2;21.2.1976;0;2
MEHRIVAN;24;6.4.1968;0;24
HODI;31;25.5.1889;0;31
NASRATTIN;38;11.5.1959;38;0
RIYME;8;23.3.1962;0;8
GADRI;4;5.5.1944;1;3
HAMISE;244;10.7.1963;0;244
HUTO;11;23.2.1953;1;10
MUME;3;21.3.1965;0;3
MENEL;31;10.11.1984;0;31
MUSGAN;33;4.11.1960;0;33
HASYE;12;5.11.1972;0;12
SITTAM;10;18.5.1965;10;0
ALLEYE;2;27.2.1968;0;2
KECUMA;2;18.2.1936;0;2
DEHEYYI;2;5.9.1963;0;2
SEBGATULLAH;26;18.5.1975;26;0
BENAZLI;2;22.11.1990;0;2
UMMIGULSUM;166;8.3.1973;0;166
EDIB;152;20.6.1965;152;0
BILGUL;117;5.2.1969;1;116
ADDULLA;2;7.2.1958;0;2
YUSRUB;2;6.1.1992;0;2
ZISEN;7;18.9.1964;1;6
BERGIHAN;7;6.8.1960;0;7
ESMERHAN;16;5.7.1975;0;16
NESIPHAN;13;20.4.1940;0;13
HINT;5;4.3.1980;0;5
MIHNAS;2;16.10.1964;0;2
TACEDTIN;14;28.8.1967;14;0
ZEMMI;9;9.8.1954;0;9
SELHET;4;6.10.1979;3;1
MICHIM;12;12.9.1965;12;0
SURUYE;224;20.4.1959;11;213
HALVA;14;23.1.1949;0;14
KANIE;19;3.11.1972;0;19
ANNUT;7;27.2.1960;0;7
FAMILA;11;3.2.1972;0;11
KEMURAN;56;21.4.1974;40;16
AFYET;12;16.11.1973;2;10
COHARA;2;26.3.1961;0;2
RIVEYDA;10;20.8.1967;0;10
VADFA;9;13.6.1953;0;9
CAILE;25;9.10.1966;0;25
BIZE;2;16.8.1965;0;2
<NULL>;9;7.6.1965;5;4
IZHEYYE;19;21.11.1965;0;19
CUDAN;2;16.12.1941;2;0
NESEBI;28;5.7.1959;0;28
FARSI;2;17.8.1960;0;2
SIMO;33;20.11.1945;29;4
ARNE;73;15.5.1954;0;73
MURHAN;6;23.6.1968;3;3
VADHA;815;7.4.1960;0;815
TAILE;5;17.4.1972;0;5
SEVSEN;119;1.10.1977;2;117
ZATTIN;3;20.9.1983;3;0
SAHMAN;43;2.9.1959;40;3
SEHYMUS;19;20.9.1975;19;0
ILHAME;488;8.7.1957;0;488
HACICA;25;4.6.1966;0;25
GEZALE;7;14.8.1952;0;7
ZAHHURA;2;24.7.1937;0;2
SILTANI;21;26.3.1969;0;21
BASRAYI;11;24.2.1951;0;11
GULEMBER;89;12.5.1960;0;89
DIBAN;5;5.12.1978;2;3
FARAHNAZ;17;22.10.1972;0;17
RIFIA;3;14.5.1961;0;3
HANDRIN;2;1.3.1974;0;2
NIDEM;103;17.11.1983;0;103
DUHLE;4;24.12.1971;0;4
HASMA;9;10.8.1953;0;9
ABDULBAS;3;12.5.1972;3;0
LAILA;11;6.8.1978;0;11
MUKRICAN;2;22.3.1985;0;2
FATME;786;6.5.1955;0;786
ERSAM;2;7.2.1964;2;0
YORULMAZ;6;1.2.1967;6;0
SITIHE;2;26.4.1955;0;2
BEYAZE;15;16.12.1943;0;15
MEHABAT;2;22.6.1985;0;2
REHMI;83;2.8.1957;64;19
MUSO;5;1.10.1959;5;0
ILYAZ;835;22.10.1964;834;1
NEVSIRVAN;2;12.2.1971;2;0
MEVALI;31;21.8.1956;31;0
SIIDA;2;21.3.1982;0;2
HUZNUSAH;2;24.6.1973;0;2
HUSAMEDIN;22;7.1.1968;22;0
KEVLE;2;30.2.1951;0;2
GISFE;2;2.8.1933;0;2
LAKIZAR;2;4.2.1982;0;2
SADIYA;53;2.3.1966;1;52
ORDAM;30;28.1.1974;0;30
YAKUB;284;25.12.1968;284;0
DEHLA;2;17.9.1966;0;2
PERU;35;16.11.1945;0;35
HEVE;93;8.12.1953;0;93
FIKRO;7;21.6.1947;0;7
KUSSUME;2;22.8.1961;0;2
KOCERO;59;15.12.1972;58;1
HEYLEN;2;2.8.1945;0;2
SAKINA;80;4.5.1965;0;80
EDULE;12;8.3.1970;0;12
FERCE;13;19.2.1952;1;12
SULYE;7;13.9.1958;0;7
MEDINO;3;10.12.1964;0;3
DILHA;3;5.7.1966;0;3
SEMSIYA;4;2.9.1968;0;4
BESSA;8;6.10.1950;0;8
VEDILE;15;9.6.1976;0;15
VETFE;4;6.12.1965;0;4
GUZELI;28;5.3.1955;0;28
SEVDIN;588;12.7.1967;587;1
GUREYBE;10;25.3.1956;0;10
ZULHACE;2;27.5.1962;0;2
NURSAL;618;14.2.1968;163;455
SALMA;15;5.2.1965;0;15
HIFA;9;25.8.1981;0;9
MUYYESSER;20;7.11.1962;0;20
FIDAYIL;15;2.9.1967;15;0
A.AZIZ;8;27.3.1949;8;0
FAHIT;46;23.2.1971;46;0
ZEKIYYE;48;10.9.1959;0;48
LAYLE;6;26.3.1969;0;6
BAISE;627;9.12.1952;0;627
DAHHAN;3;21.9.1968;3;0
SEMURET;2;7.4.1991;0;2
RUHIYET;8;15.2.1966;0;8
RUHSEL;100;10.6.1958;6;94
YUZDAN;6;27.7.1979;0;6
AYISI;5;25.9.1933;0;5
SANANIK;4;13.3.1965;4;0
HACE;84;24.4.1952;8;76
HUSSO;19;29.8.1940;19;0
RUVAYDE;11;8.10.1970;0;11
SEMIN;433;30.8.1970;62;371
HAVZEL;2;6.11.1971;2;0
CAVHARA;2;12.6.1959;0;2
GULFETE;3;5.10.1956;0;3
GEMIK;2;17.8.1930;0;2
FETHA;7;25.4.1975;0;7
MELIHAN;416;18.1.1963;3;413
MULKO;3;22.5.1973;0;3
MIKEYIL;3;12.10.1980;3;0
HELIMA;32;28.11.1953;0;32
MAZZEZ;25;10.6.1967;0;25
DEFO;2;12.5.1959;2;0
TAVFIK;18;16.11.1951;18;0
USSAME;3;10.1.1976;3;0
NURSABAH;213;3.1.1967;0;213
MAYIFE;2;17.8.1972;0;2
CECEN;26;5.2.1961;17;9
BAHRAM;66;4.6.1963;66;0
MELEKI;97;6.4.1960;0;97
AYNOLHAYAT;2;7.2.1946;0;2
FAKIHE;61;28.8.1950;0;61
NESAI;8;23.10.1979;3;5
ANUT;26;20.12.1967;0;26
SECIDE;37;14.4.1967;0;37
BELSEN;6;30.5.1966;0;6
ZERGO;5;13.9.1959;0;5
FEREYSET;2;13.1.1992;0;2
FARYALE;2;12.11.1965;0;2
HABIBI;19;3.3.1970;15;4
MUKDIYE;2;22.3.1967;0;2
ZEBURHAN;3;18.5.1948;0;3
NACIME;51;3.4.1961;0;51
ZELLO;23;20.4.1947;0;23
GULSUMAN;25;6.1.1971;0;25
NUZHET;391;7.3.1953;178;213
SOZAN;72;10.5.1963;1;71
NEHIYE;99;20.7.1958;0;99
MIFE;2;12.2.1935;0;2
AYTULLAH;26;4.7.1979;25;1
BROKA;2;23.4.1961;0;2
CELIYLE;15;14.7.1962;0;15
VAFI;20;24.10.1970;20;0
MUEYYET;179;10.11.1952;33;146
ICBA;4;29.11.1956;0;4
VECDIYE;54;7.5.1964;0;54
HAYATELNUFUS;2;27.6.1950;0;2
FATYA;2;10.6.1982;0;2
TERFIYE;41;15.6.1963;0;41
BEDDI;2;28.12.1974;2;0
NEMLIN;2;10.2.1984;0;2
ALIUMRAN;3;12.8.1984;3;0
TUJLA;2;7.10.1982;0;2
EMSIK;2;12.2.1953;0;2
SALASA;2;27.6.1956;0;2
MII;4;3.4.1932;4;0
HAYYAN;3;26.8.1977;1;2
SUPHIYA;9;17.1.1974;0;9
ENEVER;3;6.5.1964;3;0
HECO;22;1.9.1943;1;21
NEBEBEDDIN;2;12.2.1971;2;0
DERRII;2;16.3.1958;2;0
MEKO;5;3.10.1960;1;4
ZEYNELABITTIN;6;26.4.1976;6;0
HAYYAM;12;25.2.1967;9;3
YERDIHAN;2;12.2.1965;0;2
GIREYBA;2;12.3.1953;0;2
NECDIYE;75;25.2.1963;0;75
MAHKUME;10;7.4.1965;0;10
FAHIDE;85;30.1.1967;0;85
SAHYA;38;17.11.1973;0;38
BENISAADE;24;8.10.1961;0;24
BASIT;16;18.3.1975;16;0
HASABEDDIN;2;17.12.1966;2;0
RONAY;35;30.4.1986;14;21
ISLAMEDDIN;12;28.12.1971;12;0
KUTBIDDIN;6;30.6.1974;6;0
MIHRAN;124;10.5.1960;88;36
AVVASI;2;7.3.1946;0;2
YEHYA;23;5.6.1966;23;0
SEFYETE;18;5.1.1973;0;18
BASNA;5;19.8.1969;0;5
SARIZAN;3;12.12.1974;0;3
HABIZE;60;6.12.1967;0;60
SEVDETI;13;17.10.1962;0;13
MITO;5;19.7.1949;2;3
HEDIYETULLAH;117;24.7.1978;112;5
KAHAR;9;18.5.1969;7;2
DUMER;13;23.8.1965;13;0
SAHSAK;2;1.9.1939;2;0
ROSIN;4;8.4.1984;1;3
GULSIMEN;17;4.9.1969;0;17
MULKUBAR;13;25.9.1971;0;13
SIGA;2;17.1.1972;0;2
TURA;5;2.7.1956;2;3
AKLIMA;119;30.5.1969;0;119
GURCIN;83;19.10.1965;11;72
TARFE;12;6.7.1956;0;12
UMMUKELSUM;12;22.2.1978;0;12
VACDDIN;2;1.1.1974;2;0
ZEMI;21;6.3.1959;0;21
KUTSIYE;149;24.3.1961;0;149
HALIKA;17;28.5.1964;0;17
MESAY;2;17.11.1990;0;2
MUZEYIN;70;18.10.1963;1;69
IDALET;2;28.7.1969;0;2
EMMUNE;72;2.6.1951;0;72
BEDSI;2;17.8.1954;0;2
DURI;244;4.4.1955;2;242
SURREYE;3;3.2.1965;0;3
TUME;7;5.4.1948;4;3
HEYYAM;14;6.1.1979;7;7
ZINEM;4;7.6.1972;0;4
SAFIYET;81;14.11.1962;3;78
REDIYE;154;21.8.1955;0;154
ZEMREHAN;3;28.8.1973;1;2
MUKKERREM;16;8.11.1961;3;13
HAZZE;4;9.12.1952;0;4
FESLE;8;5.3.1956;0;8
ASMA;65;30.8.1962;0;65
MAASALLAH;5;14.2.1980;4;1
SAHIZADE;17;5.8.1973;0;17
YUMNI;28;20.5.1959;28;0
KINNE;36;2.10.1956;0;36
ILHAMEDDIN;24;12.8.1974;24;0
ABITTIN;44;19.4.1964;44;0
MUNNEVER;18;16.6.1968;0;18
ITTI;5;15.1.1945;0;5
HASSA;5;18.2.1935;0;5
FAHRIYYE;6;20.12.1960;0;6
TALHED;2;8.10.1991;2;0
HASSO;32;5.10.1940;32;0
ARRUNE;2;25.9.1942;0;2
MADDI;4;18.1.1976;4;0
SIRACEDDIN;145;27.9.1971;145;0
DAVRAN;11;1.3.1979;9;2
NEDRISAN;2;21.9.1982;0;2
REDVAN;6;7.1.1976;6;0
MECUDE;7;5.2.1957;0;7
CEMILI;12;23.2.1960;0;12
SALLIH;3;19.6.1960;3;0
REDE;12;30.12.1963;0;12
MERICE;20;16.3.1967;0;20
SADRATTIN;8;23.7.1973;8;0
GUMRAT;2;7.2.1964;0;2
MUHUYETTIN;19;1.10.1960;19;0
SAHRIZAN;7;3.1.1974;0;7
GENSE;2;17.2.1960;0;2
BILLOR;406;20.8.1957;3;403
AZIZI;8;8.9.1954;2;6
SAFFURA;6;13.3.1979;0;6
INDEYYA;2;12.3.1971;0;2
ABDULAZIM;188;29.11.1963;188;0
ZUHEYYE;3;1.6.1969;0;3
KERMO;14;8.10.1940;14;0
FAVVAZ;3;26.5.1956;3;0
RAZIME;46;12.12.1968;0;46
YESER;169;6.8.1975;16;153
KUCERI;5;26.3.1955;0;5
GULCUR;3;13.2.1959;0;3
AMUS;13;23.11.1958;4;9
CELADET;41;23.2.1954;28;13
HADILE;73;5.1.1964;0;73
VESO;9;12.1.1947;0;9
GERMA;3;5.10.1963;0;3
ZUBEYRA;29;30.9.1971;1;28
NEHYETTIN;4;4.3.1966;4;0
NURULHUDA;170;26.9.1965;4;166
MAHIYET;56;8.1.1964;2;54
BINAYET;5;22.2.1964;3;2
SAMAR;22;20.8.1981;2;20
BAZIT;91;21.8.1965;91;0
INEYYE;2;27.2.1962;0;2
MENESI;2;13.2.1941;0;2
ROMI;23;24.12.1948;21;2
FETLEDDIN;2;9.4.1977;2;0
USUPO;2;1.8.1921;2;0
NEMUN;2;2.5.1975;0;2
HIKMETTULLAH;30;22.11.1970;30;0
BELFE;3;21.1.1968;0;3
CEBRAHIL;43;6.5.1976;43;0
HAZA;3;22.2.1957;0;3
IZMEYRAN;3;2.9.1963;0;3
NUCUDA;10;18.12.1962;0;10
TACCETTIN;4;17.4.1958;4;0
HABO;12;18.9.1944;3;9
ABDULBEDII;3;22.10.1967;3;0
ZEYNEN;2;11.6.1964;2;0
ABDULAH;114;27.9.1967;114;0
HALLI;72;15.1.1950;5;67
SAMIHAN;6;21.1.1963;0;6
SARIYI;2;11.4.1975;0;2
ABDULSALAM;12;2.7.1962;12;0
GARIBA;26;8.3.1972;0;26
ABDULKADER;6;27.11.1958;6;0
ZENGIN;60;8.12.1972;48;12
NURFEL;59;11.10.1974;10;49
SEADA;2;10.9.1975;0;2
MANOLYE;2;29.7.1991;0;2
MELIME;30;22.1.1974;0;30
ECMEN;16;21.1.1971;8;8
MADIH;8;5.5.1958;8;0
VASIL;85;2.1.1956;85;0
MEFIDE;15;22.8.1971;0;15
BARANI;35;19.2.1965;23;12
FIDEYIR;4;14.12.1964;4;0
BESSIME;7;1.9.1966;0;7
AVIN;5;15.1.1971;3;2
SEHEMI;34;29.6.1958;0;34
MUNEZZE;5;25.4.1968;0;5
BEDRIEYE;2;17.10.1985;0;2
ENZILEN;2;3.4.1981;0;2
BINEFSE;55;23.9.1953;0;55
HADICA;34;15.11.1950;0;34
MERE;3;8.7.1961;0;3
HEBRU;2;14.1.1991;0;2
MUEYMEN;2;17.5.1990;0;2
SARIFE;22;30.9.1971;0;22
AZZE;19;18.9.1959;0;19
SADYE;13;6.4.1970;0;13
ERISE;5;1.1.1966;0;5
FAYDULLAH;5;21.1.1985;5;0
HABBIP;4;10.2.1941;4;0
SUKUREN;3;6.7.1965;0;3
BENAZE;6;23.10.1983;0;6
SABUHA;221;29.3.1982;0;221
ERIHAN;13;2.7.1959;0;13
FAYAT;377;2.5.1968;377;0
TEREZI;5;12.4.1959;0;5
KEHLA;22;2.3.1967;0;22
TEKOSIN;8;8.12.1979;0;8
SUFEYRA;5;20.3.1968;0;5
NESREDIN;6;26.10.1966;6;0
GURIBE;2;2.5.1975;0;2
DILBERAY;67;14.4.1984;0;67
SADEDIN;22;17.10.1965;22;0
NUHI;226;13.3.1962;225;1
HICRI;461;10.11.1966;449;12
LERVA;2;3.12.1955;0;2
NISIRA;2;26.6.1961;0;2
ATHAM;2;17.5.1972;2;0
VEJDDIN;4;20.12.1985;4;0
M.SEVKET;9;17.12.1944;9;0
KASAMI;2;27.4.1944;0;2
RUCIN;2;23.11.1989;0;2
NASRIN;37;30.3.1968;1;36
AYID;6;30.8.1963;6;0
UNUDIYE;2;12.2.1965;0;2
TAMA;6;23.3.1970;0;6
MUZAHHER;21;22.5.1951;1;20
RUSVAN;5;28.5.1968;2;3
BERKER;577;23.7.1986;577;0
UMMEHAN;3427;11.8.1959;0;3427
MUZAZZEZ;8;19.12.1976;0;8
HERDEN;14;20.11.1963;0;14
NISAL;11;26.4.1961;0;11
ABDULKUDDUZ;7;1.3.1967;7;0
MUZAFFAR;28;5.4.1958;26;2
TANSELI;37;16.11.1965;2;35
INCIYE;42;11.3.1960;0;42
HECEYLE;2;21.4.1956;0;2
NUVAR;15;16.3.1965;8;7
NESMIN;14;28.11.1975;1;13
MUAYYEN;20;4.1.1962;2;18
AMMANUEL;2;16.11.1946;2;0
IGREYBE;2;17.2.1954;0;2
SECAATTIN;460;1.1.1963;460;0
SETTER;13;2.10.1971;13;0
MUCIP;255;8.2.1967;254;1
ZILKADE;85;5.5.1957;0;85
RIFAI;89;16.12.1974;88;1
CAZYE;91;18.4.1965;0;91
CUNDULLAH;33;20.8.1988;33;0
RAKIBA;5;8.2.1958;0;5
MUBECEL;58;3.1.1958;0;58
SAIMA;159;24.10.1964;1;158
YILBAS;7;8.4.1970;1;6
NEVRIHAN;25;23.12.1967;0;25
SEMSITTIN;248;22.12.1954;248;0
INTISAR;36;3.5.1978;0;36
MIDHAT;160;22.5.1957;160;0
DOGAY;40;7.10.1974;25;15
HISNE;6;26.11.1965;0;6
YENAL;790;10.2.1977;778;12
DAHUT;18;16.4.1969;18;0
SEHREBANI;15;16.4.1957;0;15
RAVHIYE;14;5.11.1975;0;14
YASIMIN;48;14.7.1969;0;48
TINCAN;3;30.6.1970;0;3
MUVAFFAK;273;2.9.1959;266;7
IBRET;19;12.6.1972;12;7
ENCILE;3;1.6.1957;0;3
BEHA;20;30.10.1959;13;7
ZUMRUTHAN;9;15.9.1965;0;9
SAMER;26;15.8.1971;19;7
GULEDA;60;30.12.1976;0;60
TUBEY;2;17.2.1990;0;2
CEMSID;5;24.8.1984;5;0
DILFURUS;11;27.2.1972;0;11
KEMLIN;2;9.11.1986;0;2
FAHRIYA;34;28.8.1958;0;34
SEHIM;61;18.12.1958;36;25
NEYLUFER;49;20.2.1950;0;49
CEDIDE;158;7.9.1956;0;158
FURUZE;92;30.10.1960;0;92
SAHKULU;4;3.11.1952;4;0
VARIM;2;6.6.1986;0;2
DELILE;65;15.1.1968;0;65
TERZAN;22;18.8.1972;16;6
NERGUZEL;216;1.11.1958;0;216
SERINGUL;750;19.4.1967;0;750
GABI;14;7.4.1969;9;5
BEHIC;580;5.4.1966;576;4
BARZAN;18;13.11.1981;18;0
IPTISEM;11;8.3.1975;0;11
HELE;18;1.3.1978;0;18
NEJVA;5;24.2.1982;0;5
ZUHEYR;88;15.3.1972;88;0
SARIDE;8;26.12.1959;0;8
ERIM;512;2.4.1975;499;13
GULNIL;5;19.4.1969;0;5
MUATTER;45;19.11.1959;0;45
HAZBI;48;12.5.1956;48;0
SARDAL;9;12.5.1978;7;2
ERZE;9;11.3.1944;0;9
HENE;115;20.12.1967;0;115
SUBHI;369;20.8.1961;369;0
SIHMEHMET;694;12.12.1967;694;0
AMAL;15;5.1.1969;0;15
ABDULVASI;30;22.6.1968;30;0
SEHZET;3;14.6.1972;0;3
AMIR;424;1.10.1966;424;0
MAGFIRE;44;10.2.1956;0;44
FEHIT;9;27.6.1968;9;0
SUCAN;26;10.6.1978;5;21
KINYAZ;55;19.11.1967;55;0
SUHAYLA;17;22.8.1972;0;17
TAYIP;797;16.1.1965;796;1
SEVINCAN;27;22.1.1964;0;27
MUNEYYEZ;2;13.11.1965;0;2
VIRNA;17;16.12.1978;0;17
SAFINUR;294;23.1.1967;0;294
HALINUR;42;17.12.1969;0;42
TOGAY;140;28.4.1981;138;2
ZERAN;16;1.8.1972;0;16
LUTFIGUL;2;3.11.1965;0;2
NESIYBE;9;26.11.1973;0;9
NEHRIBAN;41;11.5.1971;0;41
ASMAA;2;6.2.1983;0;2
PAKIZA;34;19.6.1966;0;34
TURKE;11;15.1.1952;1;10
MEYHAN;33;11.3.1967;1;32
VASFIYA;13;29.5.1953;0;13
ROJKEN;3;14.5.1989;0;3
SELVAN;160;3.5.1978;19;141
GONGUR;12;5.3.1981;10;2
MUHDAN;3;14.7.1977;0;3
REMZO;10;4.8.1960;1;9
SERTEM;56;26.5.1974;5;51
RUZGAR;251;26.4.1977;97;154
BEDREDTIN;6;6.4.1954;6;0
ANBARE;5;11.6.1962;0;5
IRGEYYE;2;22.7.1967;0;2
NISANI;169;21.10.1967;73;96
SERENIK;2;22.6.1973;2;0
GULNAAM;7;24.11.1968;0;7
GENCAN;5;11.9.1969;5;0
GASUP;4;27.9.1957;4;0
MELSEMIN;2;16.1.1978;0;2
SAHIDA;14;1.3.1966;0;14
HIBE;61;19.7.1969;2;59
CAZIBE;592;16.6.1956;0;592
BESRAIL;71;25.6.1961;0;71
HILIN;7;6.11.1984;0;7
SILAHATTIN;15;21.12.1959;15;0
CANERSOY;2;6.3.1974;2;0
SERRA;766;7.8.1982;0;766
GULZAMAN;40;3.5.1965;0;40
LORA;95;15.9.1977;0;95
NAZE;259;19.3.1957;0;259
GABRIYEL;19;9.9.1972;18;1
HANNA;248;30.7.1951;221;27
SILVER;23;6.4.1978;6;17
MUAMMAR;10;27.4.1964;10;0
ILIYE;10;19.3.1955;10;0
NAMZER;5;10.11.1952;0;5
SEHI;21;12.12.1951;1;20
MARTA;84;16.7.1957;0;84
GULSENUR;13;20.5.1971;0;13
MARTIN;42;28.10.1980;39;3
DERVISHAN;20;24.1.1979;19;1
TALHAN;14;11.10.1977;14;0
VIKTORYA;202;13.7.1948;0;202
EFREM;19;9.1.1971;18;1
NEZRE;5;6.2.1946;0;5
HAYRET;334;17.10.1959;61;273
SIMUNI;25;29.9.1956;0;25
CANKUT;186;24.11.1980;186;0
GALIBA;11;14.12.1966;0;11
HELANI;3;18.1.1974;0;3
UMRA;95;2.12.1983;4;91
TUMAS;14;12.1.1966;14;0
EIDA;2;2.2.1981;0;2
BITMI;2;12.1.1947;0;2
ELIFA;92;7.8.1970;0;92
UGURAY;84;5.3.1979;67;17
ISMAILHAN;10;8.5.1978;10;0
BATURAL;2;2.8.1987;2;0
RIVA;22;1.12.1970;6;16
FEDVE;40;10.7.1968;0;40
ABDULAMIR;3;30.8.1975;3;0
ABDULNEBIL;2;20.4.1989;2;0
SERMETO;2;12.2.1965;0;2
MUEYYED;18;17.6.1964;10;8
IMAT;195;21.2.1965;133;62
HIYAM;36;9.12.1967;0;36
KADRIYA;25;28.4.1966;0;25
EKREMHAN;4;29.1.1975;4;0
SEKMAN;53;18.1.1974;53;0
HAVVAZ;4;5.9.1959;4;0
RUSENG;3;8.2.1989;2;1
ESENER;47;1.5.1980;42;5
AZAM;233;28.4.1966;226;7
SIDO;11;15.11.1948;5;6
GULISUM;2;1.1.1;0;2
SEADET;877;5.4.1952;8;869
MIHYE;2;16.2.1980;0;2
AMIN;15;13.1.1974;12;3
MUFERREH;9;17.8.1970;3;6
ARIFA;52;21.6.1968;4;48
BUTUL;8;30.5.1970;0;8
AYNZILHA;41;29.4.1968;0;41
DULFURUZ;8;12.10.1962;0;8
TEMME;3;4.12.1940;2;1
ZERIVAN;2;4.2.1991;2;0
ROJDI;8;1.4.1985;7;1
BEYYU;2;3.3.1933;0;2
DAVIYE;54;9.7.1954;0;54
AFITAM;2;23.3.1979;0;2
EKRAN;15;24.10.1967;14;1
SEHIN;8;19.7.1971;4;4
LAIKA;156;19.7.1964;0;156
MUNYET;14;15.12.1963;0;14
IDIDAL;2;7.9.1982;0;2
NEBEHAT;304;18.3.1965;0;304
CANNAZ;4;12.4.1979;0;4
CEHIT;11;5.10.1966;11;0
MIHTAP;23;2.5.1971;1;22
ABDULMUTTALIB;27;12.1.1978;27;0
FIKAN;29;25.12.1966;0;29
INTISAM;2;14.1.1982;0;2
BEDREDIN;16;22.3.1967;16;0
HAZRE;5;15.5.1949;0;5
MUSTAGFIRE;5;21.3.1953;0;5
BASEMA;2;27.8.1974;0;2
REVA;102;12.4.1982;9;93
AKRAM;9;17.5.1961;7;2
LEYMAN;39;16.12.1966;0;39
NEVEL;127;20.4.1964;1;126
NEBEHET;25;19.5.1967;0;25
DUNYE;4;22.10.1972;0;4
ICLAN;35;7.1.1966;0;35
FETIN;83;24.11.1965;79;4
KANAN;54;8.6.1965;54;0
FELEMENS;2;12.2.1959;2;0
LALEHAN;223;3.6.1972;0;223
TEKVA;7;24.4.1984;2;5
NEMZI;2;22.2.1955;2;0
SECAHET;8;26.5.1964;0;8
LUTFIYYE;11;20.2.1963;0;11
TARHI;4;1.11.1957;4;0
FARHI;8;15.6.1941;1;7
EDRIHAN;3;6.2.1958;0;3
SERAFHAN;2;14.3.1971;2;0
NADAN;44;10.1.1972;2;42
TARFIYE;4;25.2.1960;0;4
KEVKEP;348;12.3.1966;5;343
ABDULSAMAD;21;26.2.1974;21;0
GUMRAH;142;29.8.1974;90;52
IZMIRE;15;23.12.1959;0;15
SABIKA;39;7.3.1964;0;39
MIHO;32;17.8.1942;32;0
ZUBEYT;306;26.12.1967;305;1
FALAMAZ;6;3.5.1971;6;0
ERZANI;10;5.7.1938;0;10
CETTIN;24;5.6.1975;24;0
SUFAYYA;2;17.2.1966;0;2
HUDEYCET;2;1.10.1985;0;2
CANDAR;39;7.11.1972;37;2
NARIMAN;46;16.6.1971;3;43
ABDUSSALAM;7;10.2.1971;7;0
BAGDISEN;2;17.4.1972;0;2
ELI;105;28.6.1957;73;32
DIHHAN;2;7.2.1946;2;0
ZORO;21;1.3.1972;20;1
CEZIYE;15;26.12.1967;0;15
SIHAN;118;23.9.1973;48;70
SAFRA;15;12.1.1968;0;15
SEHZAMAN;2;14.2.1981;0;2
RAIFA;58;16.7.1964;0;58
NAYHAN;5;4.1.1964;0;5
SARIZA;4;23.11.1969;0;4
UYAR;70;28.2.1969;62;8
GOLDEN;14;2.4.1969;1;13
ARDAL;12;4.11.1978;12;0
FEHAT;14;8.11.1966;14;0
RAZIYA;103;26.3.1954;0;103
CINNET;22;7.11.1970;1;21
SEYAL;22;30.2.1979;0;22
BENEFI;2;22.2.1955;0;2
KATIRE;2;9.4.1976;0;2
KEVOKI;7;1.10.1965;0;7
NEDRE;9;25.10.1952;0;9
DIBA;311;10.5.1976;0;311
RAVYA;7;22.1.1977;0;7
NEDVE;18;16.8.1962;0;18
UNVAN;16;14.7.1965;14;2
BENEFSE;87;25.5.1947;0;87
SAHIZER;2277;7.6.1962;0;2277
SASI;7;28.6.1933;0;7
DURDAN;61;17.8.1961;0;61
YIL;6;17.4.1958;2;4
RUHAYLE;3;15.4.1947;0;3
NACLA;16;15.7.1977;0;16
GULDAZ;2;20.3.1966;0;2
NUTKIYA;12;12.1.1960;0;12
HIRANUR;13;30.2.1984;0;13
VELICE;25;16.6.1971;0;25
ATICE;121;7.3.1971;0;121
NARTANE;27;17.7.1962;0;27
ABDALLAH;2;2.6.1963;2;0
HORZUM;2;12.6.1971;2;0
SAKULU;2;16.10.1987;2;0
CAMIYA;3;10.11.1962;0;3
FETAH;112;30.4.1971;112;0
ZINNUR;826;22.8.1969;521;305
REHIYAN;2;1.3.1962;2;0
DUMAN;246;15.11.1959;119;127
NASHATTIN;2;17.2.1960;2;0
VAHAC;12;5.4.1982;11;1
ESFIHAN;4;17.1.1968;0;4
HACIVELI;46;4.12.1958;46;0
GARIME;4;23.5.1974;0;4
BUHAYRI;2;22.5.1955;0;2
GULSELAM;11;22.8.1964;0;11
CANIM;8;6.4.1972;2;6
ISTEM;105;25.6.1982;11;94
GULZIYE;23;26.12.1961;0;23
AKKISA;2;2.2.1969;0;2
SULHAN;85;18.12.1965;50;35
ERAL;126;12.5.1973;96;30
AYFE;29;17.7.1963;0;29
SABRIZAN;2;7.7.1991;2;0
MUSKIYE;31;27.5.1950;0;31
ERISAN;14;7.11.1966;8;6
MECBURA;31;21.4.1965;0;31
NUSHEDDIN;3;3.5.1957;3;0
ULGEM;2;16.4.1970;2;0
ZOHRAP;17;29.8.1964;17;0
MAHCEMILE;3;28.8.1965;0;3
H.AHMET;97;15.2.1951;97;0
MUSTECEP;388;8.6.1957;388;0
DERRI;2;27.2.1950;0;2
MAHMURA;26;6.7.1957;0;26
GULEMDAN;58;2.2.1971;0;58
M.NEZIR;30;27.8.1953;30;0
METHO;7;8.4.1949;0;7
NURSAHIN;9;30.10.1973;5;4
ZEYNAN;8;27.10.1966;5;3
MUATTAL;2;2.2.1945;0;2
FEHMO;2;8.10.1936;0;2
MUINE;43;14.12.1957;0;43
SULEFA;2;3.10.1984;0;2
MERCANE;47;11.10.1964;0;47
BAHAIDDIN;28;25.5.1956;28;0
ALPTURK;14;29.9.1979;14;0
ABDULVEHHAP;56;19.10.1963;56;0
YESAR;11;29.3.1960;6;5
CANSET;286;27.12.1972;11;275
BEDO;31;8.2.1948;25;6
KEBIZ;183;5.9.1959;1;182
OZBIL;58;24.9.1976;35;23
NURDENE;9;2.11.1974;0;9
ABDULVASIH;49;30.9.1973;49;0
GULNARIN;71;21.4.1965;0;71
HUMERYA;156;4.8.1979;0;156
SAYGIN;812;7.4.1981;762;50
MEHBUP;243;15.7.1960;4;239
NEVZETTIN;50;7.4.1957;50;0
CUCU;2;29.5.1962;2;0
VESIYLE;62;27.2.1963;0;62
GAZZU;4;17.9.1929;0;4
MUTI;366;6.10.1961;360;6
AYNAZ;75;10.8.1976;0;75
ABDULHAMID;117;4.11.1977;117;0
ZEKAYET;4;1.12.1962;3;1
SEBAAT;177;11.7.1960;0;177
HITTE;4;4.2.1947;0;4
HUSO;48;20.4.1940;48;0
SABAHAN;8;22.12.1968;3;5
MEFDUAT;2;11.7.1974;2;0
HEZZI;11;19.1.1967;0;11
TENZILA;32;9.11.1973;0;32
MAHRAM;2;22.4.1967;2;0
GAMME;3;23.10.1954;0;3
AFACAN;90;27.5.1973;90;0
YAMANI;17;18.5.1970;6;11
PIRUZHAN;91;6.1.1955;1;90
BEYLER;474;1.9.1960;473;1
HAMDULSAMA;2;22.2.1961;0;2
YAVAR;3;1.2.1957;3;0
TANIR;40;6.9.1972;40;0
HARBI;319;16.6.1974;297;22
MUHBETI;4;4.1.1964;0;4
SALHAM;3;29.1.1968;3;0
HORBI;2;2.8.1945;0;2
GURSEREN;38;23.1.1969;0;38
RAMZIE;2;30.4.1992;0;2
SIVERT;3;1.10.1970;0;3
DERSIM;77;5.5.1980;24;53
SURET;286;11.1.1963;6;280
GERDAN;128;16.12.1972;1;127
CUZVA;2;22.2.1961;0;2
MEMOS;5;12.9.1983;5;0
UYSAL;1226;9.6.1969;1016;210
SEYHNAZ;26;21.1.1971;0;26
SIVAZAT;4;21.5.1961;0;4
KESRIYE;7;13.6.1952;0;7
EPRIZE;8;28.3.1968;0;8
RESMO;2;27.2.1956;0;2
HACIYA;3;22.4.1961;0;3
YEDIGAR;27;17.5.1971;6;21
NUBARI;17;10.12.1950;0;17
FAREDDIN;16;1.7.1961;16;0
ABDUSEMAT;6;27.1.1968;6;0
ZINETTIN;5;2.10.1960;5;0
SUFYE;2;23.2.1989;0;2
NICENG;2;2.10.1981;2;0
KARAHAN;207;18.12.1971;205;2
ANGELINA;17;18.9.1964;0;17
DULSAN;7;17.2.1969;0;7
NECVA;263;22.2.1970;0;263
SUKRIYYE;8;3.6.1949;0;8
IZZI;21;5.12.1951;21;0
RECEB;567;21.2.1963;567;0
RAVSAN;74;5.4.1978;37;37
KERBELA;58;1.4.1975;58;0
NAMIZ;3;2.1.1942;3;0
ERZI;18;21.12.1956;2;16
PERIHANI;7;12.4.1944;0;7
KESKINALI;2;11.9.1978;2;0
MUSLUH;148;10.4.1973;148;0
MIHSIN;6;22.7.1960;4;2
LILIANA;77;30.2.1973;0;77
BITO;4;12.12.1928;0;4
SAHICAN;41;22.7.1962;6;35
PERIDE;24;13.1.1965;0;24
SEKNA;166;17.7.1969;0;166
MUCESSEM;328;10.2.1955;0;328
ZAVIYYE;3;7.1.1970;0;3
FATEN;14;22.6.1964;0;14
CANSEVER;863;14.2.1971;194;669
SILAH;11;6.6.1962;11;0
ABDULVEDUT;14;26.5.1961;14;0
LAYKA;8;3.8.1964;0;8
MUNTASIR;3;17.5.1976;3;0
SEZIME;4;27.8.1971;0;4
HAFSIYE;31;21.5.1970;0;31
KEMLE;16;27.2.1956;0;16
HANVE;4;13.5.1966;0;4
IRHAN;20;5.4.1967;13;7
HACIYE;145;27.6.1961;0;145
IZYEP;2;2.2.1951;2;0
GADRE;6;12.1.1953;0;6
HUSEMEDDIN;3;2.1.1970;3;0
NESILE;124;17.5.1971;0;124
SELMEN;23;17.6.1952;15;8
CENAL;18;26.5.1972;14;4
SEHZAT;104;30.3.1958;94;10
VAZFA;2;4.3.1931;0;2
GULSERIN;638;25.2.1959;0;638
JANA;20;22.10.1965;0;20
NEDIRE;81;8.5.1960;0;81
EMIL;102;1.6.1969;79;23
SEBIRDAN;2;27.10.1986;0;2
UCHAN;5;17.5.1953;1;4
MAKRUT;3;3.3.1961;3;0
KEFE;61;5.2.1961;0;61
ABDULVALI;17;20.2.1968;17;0
ZEYLAN;19;3.3.1965;1;18
TUBAN;9;1.6.1980;2;7
NEZVET;7;18.2.1964;4;3
ZIHRE;4;24.12.1955;0;4
CORC;168;27.5.1966;168;0
JAGLIN;2;1.3.1944;0;2
EFRAM;19;10.6.1955;19;0
MARSEL;38;3.1.1963;26;12
BEKTORYA;2;12.6.1982;0;2
FLORANS;2;24.4.1961;0;2
ARLAN;6;18.4.1962;4;2
HARBO;3;28.7.1954;0;3
SAHFI;3;10.9.1965;3;0
ZEYHAN;210;11.4.1967;22;188
MULKIYET;38;8.9.1978;0;38
SIMON;130;11.6.1962;126;4
IHLAL;14;6.2.1965;14;0
PORZIRIN;2;1.9.1973;0;2
HISINGUL;2;3.12.1980;0;2
MEHICE;5;14.3.1970;0;5
GAYBI;13;16.6.1967;13;0
SAYGUL;177;8.3.1975;3;174
NEVZAD;29;1.10.1959;28;1
SENET;7;24.6.1977;6;1
ELIZE;138;13.10.1968;0;138
MUSHAB;6;11.9.1987;6;0
ADAM;77;7.3.1971;77;0
MUHELHEL;5;29.12.1963;0;5
ZIYAFETTIN;283;6.12.1961;283;0
MINAZ;36;7.3.1964;1;35
VECIH;316;21.9.1964;314;2
DEYLAN;3;29.8.1985;2;1
NAHLA;7;9.8.1966;0;7
ZULFUCAN;6;26.4.1975;3;3
ESLEM;117;19.11.1984;25;92
IREMGUL;15;4.2.1986;0;15
ASIMA;95;4.7.1961;0;95
RADVA;2;17.4.1981;0;2
EMMA;43;12.11.1972;0;43
KEFIYE;41;27.3.1961;0;41
YESIR;21;22.9.1974;20;1
DAHUD;5;18.8.1949;5;0
BERMAL;93;6.7.1984;0;93
FARHO;31;12.1.1938;29;2
VEDI;127;29.10.1960;126;1
RABAH;8;13.1.1978;1;7
RESHAN;18;25.11.1977;2;16
MERVAL;3;12.4.1971;3;0
TOMRIZ;44;29.12.1949;1;43
KEYFE;3;8.3.1966;0;3
ZUHIR;10;22.1.1971;10;0
SEHRIMEN;11;30.5.1959;0;11
SAYHAN;87;21.4.1968;36;51
M.CEMIL;29;3.2.1947;29;0
NEFCET;3;29.8.1959;0;3
MIHDIYA;5;5.11.1968;0;5
NIRFEN;2;27.7.1968;0;2
MIRCANE;4;7.5.1962;0;4
ROHIYE;6;20.10.1957;0;6
MEHBUBE;75;2.8.1958;0;75
TABIYET;7;4.6.1975;0;7
MUKRIMA;72;5.10.1966;0;72
FEDYE;47;20.11.1979;0;47
ZUHEYL;4;29.5.1966;4;0
MICVIL;3;15.3.1939;3;0
HUREYRE;71;13.11.1976;30;41
SABINA;104;18.12.1977;0;104
MIRELA;36;22.11.1974;0;36
SEMME;58;13.9.1953;0;58
ANCIR;2;21.11.1945;2;0
NUBAHAR;27;11.3.1985;0;27
MIBECEL;2;26.7.1967;0;2
ZEYDIYE;8;7.11.1955;0;8
AMSIH;4;4.8.1928;4;0
KALIME;138;10.1.1960;0;138
SEMARA;2;3.7.1961;0;2
YESEMIN;56;5.11.1976;0;56
VEYSIYYE;3;2.5.1955;0;3
SIRACATTIN;7;23.8.1961;7;0
SIRACA;2;27.2.1962;0;2
NALEN;89;8.3.1970;0;89
TUMA;42;26.1.1961;41;1
ESMAHAN;699;14.10.1964;0;699
NESLIYE;93;29.5.1958;0;93
DAVIYA;12;25.7.1959;0;12
SELAHITTIN;3453;28.3.1957;3453;0
ALAVEDIN;4;16.8.1974;4;0
GULNEVIM;11;29.8.1961;0;11
TAYIR;93;19.11.1968;93;0
NATALIA;336;15.4.1976;0;336
MEYRAMA;95;20.3.1970;0;95
ITAP;2;12.2.1983;0;2
NECLETUL;2;27.8.1971;0;2
MUSECCEM;2;2.2.1957;0;2
ENSER;311;10.6.1968;301;10
MENTULLAH;6;22.3.1964;0;6
YAZGI;168;20.10.1985;13;155
EVGIN;202;6.2.1982;182;20
NOFEL;135;13.9.1961;127;8
AFRAH;5;4.5.1983;0;5
MAHCEMIL;7;24.3.1936;0;7
KADIRCAN;198;2.10.1977;198;0
M.ILHAN;5;10.11.1945;5;0
GUMAR;2;15.10.1955;2;0
HAYFER;23;22.12.1961;1;22
SERGENDE;2;11.6.1976;2;0
NEHER;20;24.4.1968;1;19
NILFER;134;29.8.1967;0;134
MERHAS;6;16.2.1985;6;0
MASAY;2;12.4.1971;0;2
SAYRI;2;17.2.1966;0;2
KAZZIBAN;2;6.1.1975;0;2
SEYRIYE;72;26.2.1964;0;72
DINHAN;2;29.5.1980;0;2
SIFAN;7;24.2.1977;2;5
IMER;94;13.7.1970;24;70
EYBEN;3;14.10.1972;0;3
SIRACADDIN;6;16.2.1965;6;0
MEHDIYYE;2;27.11.1944;0;2
IBTISEM;5;17.12.1976;0;5
FEYZAL;29;7.2.1974;3;26
NIROZ;6;17.11.1981;0;6
NUSHET;152;18.6.1958;67;85
SUGAYIP;63;20.3.1967;63;0
ZEYDEN;12;10.11.1970;12;0
ZURE;37;20.4.1956;0;37
RIYAL;15;4.5.1981;6;9
SUEHIYE;2;27.5.1974;0;2
VIYAN;78;3.9.1986;0;78
ADNEN;284;12.11.1965;283;1
ATILAY;383;25.5.1968;377;6
ROHAT;110;21.10.1982;79;31
YEKBUN;118;23.2.1983;4;114
SIRHAT;3;11.11.1973;1;2
MURSEMA;2;19.7.1972;0;2
EMIRCAN;236;27.1.1985;225;11
SAHIZA;17;27.11.1960;0;17
LERZAN;453;14.1.1966;5;448
ADIKE;531;11.4.1961;0;531
AKLEMAN;2;7.2.1964;0;2
SABO;111;12.10.1951;107;4
VAED;2;2.2.1981;0;2
HAVIN;45;4.12.1980;2;43
BEDLIHAN;2;15.11.1982;0;2
SEVRA;50;7.4.1982;0;50
HILAY;97;21.3.1983;2;95
ALIYA;125;28.7.1966;0;125
NECIYE;77;11.8.1963;0;77
YUKSAN;8;19.1.1955;1;7
ASMAHAN;14;22.5.1973;0;14
LEYMEN;13;16.3.1970;0;13
DIHHAM;5;13.5.1961;5;0
NEFIHA;3;29.9.1956;0;3
TAYIS;13;11.11.1966;2;11
SEVIDA;5;18.9.1967;0;5
AHNAZ;2;27.2.1962;0;2
MUCVIL;2;28.12.1962;2;0
JANET;323;3.6.1958;0;323
HOSGUN;38;15.5.1962;1;37
MAYADA;4;11.9.1974;0;4
SELVINUR;44;6.1.1980;0;44
ABDILKADIR;509;1.6.1965;509;0
MUATER;3;16.11.1981;0;3
CUNA;2;22.9.1973;0;2
VECHIYE;244;28.5.1953;0;244
MUHANMED;5;22.6.1980;5;0
GULSENET;2;1.4.1977;0;2
LIMET;29;4.11.1956;0;29
FAYHA;3;30.3.1958;0;3
ARZUGUL;155;3.8.1975;0;155
SALAHEDDIN;41;3.7.1952;41;0
ARJAN;2;6.3.1985;2;0
MEHTEP;11;29.1.1981;0;11
MATLUMA;3;3.8.1956;0;3
FERETTIN;3;8.4.1962;3;0
OLCAN;130;17.10.1972;81;49
SEYRINI;2;2.4.1926;0;2
MEHMETSIRAC;6;3.12.1970;6;0
HURNAZ;37;6.1.1961;0;37
RASYE;2;7.8.1958;0;2
GULVIN;33;6.3.1980;0;33
YUCE;247;29.8.1971;202;45
YUMNIYE;26;20.7.1948;0;26
NESRIHAN;43;18.4.1973;0;43
RAKAN;5;2.1.1981;5;0
NECYE;7;1.7.1971;0;7
UNUDA;3;22.12.1985;0;3
KEFEE;2;26.3.1976;0;2
NECCAH;2;13.3.1971;0;2
HUZEYMI;3;12.1.1979;0;3
DALYAN;165;17.5.1975;156;9
ZIBI;5;30.7.1943;0;5
EFECAN;214;3.7.1989;214;0
GAZAP;18;9.6.1949;4;14
COLLU;13;5.1.1958;13;0
ZERISAN;14;24.9.1965;0;14
MUBEYYE;23;21.10.1968;1;22
NACIDE;591;10.6.1960;0;591
BEDINAZ;2;22.2.1949;0;2
IRYANA;2;10.12.1968;0;2
GUGERCIN;106;4.3.1961;0;106
FIRYALE;13;29.5.1974;0;13
KELTUM;26;11.9.1962;0;26
AREFET;56;27.3.1966;50;6
FIKRA;3;28.10.1969;0;3
ABDUREHMAN;43;25.3.1955;43;0
TAKVE;10;27.1.1986;0;10
IYUNE;2;9.3.1964;0;2
SEKVAN;371;10.5.1978;371;0
VESVIYE;50;7.10.1961;0;50
MEKLAN;2;12.4.1971;2;0
ELBIN;10;5.11.1976;1;9
RESTEM;16;22.2.1963;16;0
COLLO;24;1.7.1954;24;0
MUNIF;127;21.5.1963;127;0
FEGREDIN;2;23.3.1968;2;0
HUSNUMELEK;41;26.12.1958;0;41
OMAR;28;25.8.1959;28;0
GULISTANI;4;6.4.1960;0;4
LIFET;3;23.11.1951;0;3
MIHYEDDIN;25;14.6.1960;25;0
SEILE;8;25.4.1966;0;8
GULHUN;21;3.10.1974;0;21
KANCIYE;6;9.6.1972;0;6
ALIFE;26;22.11.1966;0;26
MERGUP;88;6.12.1968;88;0
SAHRABAN;34;26.1.1964;0;34
NECIHE;23;24.6.1955;0;23
YASSIR;4;11.8.1986;4;0
NAHIR;60;3.11.1968;56;4
HAMAME;80;11.4.1954;0;80
GISVA;2;28.2.1973;0;2
CAMALADDIN;2;11.8.1975;2;0
MUHBITTIN;6;15.6.1981;6;0
VERDISAN;2;16.9.1989;0;2
HUNUD;2;27.8.1962;0;2
BEKRA;5;13.8.1962;0;5
HIZNAN;3;7.10.1955;3;0
MAYGUL;123;9.2.1974;0;123
BUDUR;7;14.3.1980;0;7
SUNYE;40;25.5.1973;0;40
AFIYE;409;5.8.1962;0;409
GALLE;4;17.5.1976;0;4
RAAD;4;7.7.1967;4;0
BURUSA;4;1.6.1976;0;4
NIYAZE;160;19.7.1954;0;160
IRYAL;2;2.2.1969;2;0
BARANE;3;22.11.1984;0;3
HUDEYE;2;7.10.1991;0;2
ESIYE;299;22.1.1968;0;299
GAMAME;2;6.5.1980;0;2
NADIHA;24;24.2.1970;0;24
SILVA;360;20.1.1956;0;360
MUSTAKIDDIN;2;5.1.1983;2;0
ABDULAGANI;2;13.10.1988;2;0
METO;11;1.5.1951;10;1
EVIM;47;15.2.1982;0;47
MUSTAKADDIN;2;21.2.1975;2;0
PARZADE;2;7.6.1964;0;2
MELIFE;35;28.8.1966;0;35
GIZBAN;2;15.2.1935;2;0
HEVVES;4;25.8.1957;2;2
YEZI;5;27.7.1975;0;5
GALIYA;7;18.4.1972;0;7
AYSENE;29;14.5.1961;0;29
FASIHE;7;29.10.1956;0;7
ZAMIRE;48;3.1.1965;0;48
RIFHATTIN;2;6.11.1990;2;0
HIZAME;9;28.6.1955;0;9
SERVA;60;12.2.1969;1;59
SAHRIZA;9;17.7.1958;2;7
GULENUR;54;15.12.1972;0;54
KUDRETI;12;21.1.1949;0;12
CATLI;2;7.2.1970;2;0
ZINDAN;9;2.1.1981;6;3
SABU;6;1.7.1949;4;2
HACCIYE;5;26.12.1961;0;5
VAHIDDIN;125;8.5.1954;125;0
HEYCAN;128;17.6.1965;16;112
NEBATI;122;3.2.1965;101;21
KUBARI;5;11.3.1964;0;5
NURIZ;9;12.11.1970;0;9
URU;3;28.3.1978;0;3
AFZER;2;3.3.1989;2;0
PERISANI;26;20.6.1956;0;26
SAHREBAN;37;11.8.1970;0;37
LILVA;4;4.9.1980;0;4
MUDRIKE;105;24.5.1971;1;104
SERU;3;5.9.1931;0;3
EYFEL;16;4.11.1973;0;16
LENIS;2;27.3.1982;2;0
GUMRET;3;11.8.1963;0;3
KEMRAN;62;14.7.1966;30;32
ANTER;97;24.5.1965;97;0
FEDEAI;2;27.3.1974;2;0
MAMU;3;17.4.1935;3;0
ZERFA;2;29.6.1980;0;2
RAMMU;2;10.2.1932;2;0
GINDE;2;17.5.1972;0;2
DIRSE;6;9.11.1969;1;5
EFSER;101;25.2.1967;6;95
FEMILE;56;12.6.1967;0;56
SEHIRE;54;19.4.1964;0;54
HIFIL;2;12.4.1959;2;0
SERUZAN;4;20.3.1978;0;4
SEHZIYE;32;11.5.1958;0;32
INZILE;304;23.9.1964;0;304
MERDIYAT;2;12.7.1971;0;2
SEHIRA;5;21.7.1970;0;5
RUMIYLA;2;17.2.1948;0;2
HENVE;2;24.3.1937;0;2
NUHBAN;2;19.1.1975;0;2
ABDULVAHAB;41;2.8.1972;41;0
NAYULA;2;30.4.1968;0;2
SAHO;18;9.11.1945;5;13
SELHAN;175;9.11.1972;115;60
ELFO;14;6.2.1952;0;14
SEYREDDIN;4;18.5.1961;4;0
MUCALET;3;18.7.1986;0;3
ZIHAP;5;18.8.1973;5;0
YAZAR;86;22.9.1978;61;25
BOBO;4;25.7.1970;4;0
KITTI;11;8.1.1945;0;11
PERDI;21;12.7.1956;0;21
SERE;27;22.8.1961;0;27
ATTI;7;30.6.1947;0;7
SILHO;5;12.7.1965;3;2
BAGIZA;3;15.10.1959;0;3
TARIKA;12;4.3.1966;0;12
CAHIL;6;13.10.1960;6;0
ABDULFATTAH;13;12.7.1957;13;0
TERHAN;67;9.11.1964;39;28
ZUHU;2;7.12.1964;0;2
SAYDAN;97;5.6.1966;77;20
CIZRE;5;25.6.1959;0;5
GULZANE;4;16.11.1982;0;4
ELFI;23;5.1.1963;7;16
TARIKE;8;25.1.1963;0;8
EYLAN;5;28.3.1976;1;4
NEDVA;41;4.11.1969;0;41
MUHRICAN;24;23.9.1974;0;24
SAMIT;49;22.10.1962;46;3
SEYAT;247;16.8.1972;232;15
NAZLICAN;89;21.6.1985;0;89
CAIZE;790;5.11.1967;0;790
KENSUME;2;2.6.1948;0;2
FEYZENUR;5;14.4.1984;0;5
MEHMUT;16;28.12.1960;16;0
AVASA;4;2.3.1945;0;4
AFIYET;648;5.2.1963;8;640
MEKKI;217;12.6.1970;211;6
ASIMAN;144;11.11.1967;3;141
GULTEZA;3;16.11.1973;0;3
HAZI;13;18.9.1942;0;13
NATIFE;47;11.5.1960;0;47
NEDRISE;2;24.4.1955;0;2
MUREN;77;28.11.1966;40;37
VELIYA;6;28.5.1975;1;5
HISVAN;2;17.2.1954;0;2
ABDULNEBI;11;25.2.1971;11;0
HISVE;2;7.2.1958;0;2
TEMIZE;19;25.8.1956;0;19
UZLEM;19;4.9.1982;0;19
FEYZELNUR;2;1.3.1981;0;2
MILAN;23;28.1.1973;7;16
BAHIZAR;31;12.1.1954;0;31
VAHAS;2;26.4.1991;2;0
VASILE;180;10.10.1959;0;180
SEYRIDDIN;2;7.8.1934;2;0
MIHI;40;2.7.1945;40;0
KUDSIYE;52;27.2.1959;0;52
FARIDA;39;25.10.1964;0;39
ABDULVADUT;2;11.9.1973;2;0
RUMEYDA;13;6.11.1981;0;13
HARFA;2;6.6.1951;0;2
SITA;7;18.2.1965;0;7
RUMELE;2;3.4.1963;0;2
PETRA;27;13.7.1970;2;25
RIYAZ;7;10.4.1973;6;1
MENCO;14;3.12.1954;0;14
HAMDUSENA;322;24.10.1980;272;50
PIRAZTTAN;2;17.2.1942;0;2
BERIKA;230;26.8.1966;0;230
UCI;4;7.3.1935;2;2
REMZIYYE;5;1.3.1974;0;5
SIBIH;3;27.8.1980;1;2
ACACO;2;2.4.1959;2;0
SEKINA;22;16.6.1967;0;22
MIYAZE;6;22.12.1972;0;6
IKRAMIYE;827;17.12.1960;2;825
SIFLIC;2;2.2.1951;2;0
CEVHARA;5;1.1.1962;0;5
ADLO;5;21.5.1943;0;5
SADRADDIN;6;6.12.1965;6;0
ILVA;5;6.7.1967;1;4
KAZALI;5;14.1.1950;1;4
AISA;3;5.5.1947;0;3
SIMEYYE;3;10.2.1977;0;3
ELAATTIN;257;14.9.1959;257;0
KESNA;2;29.3.1974;2;0
EMRICAN;3;10.11.1977;0;3
FAHRUDDIN;4;19.6.1942;4;0
ROBET;2;22.10.1985;2;0
MUSEBYE;3;8.3.1956;0;3
AYTENPERI;2;20.7.1960;0;2
EMLOHAN;2;17.2.1966;2;0
SAMINE;63;14.11.1964;1;62
KASSUMA;2;20.8.1963;0;2
NUFE;22;29.2.1954;0;22
MAMET;24;18.7.1957;24;0
ISTERA;2;23.12.1963;0;2
RUZKIYYE;2;12.8.1965;0;2
EZBIRAN;2;17.7.1972;0;2
IBEYT;2;25.8.1970;2;0
NEFSANE;4;30.12.1972;0;4
FATHIYE;15;26.3.1957;0;15
TAYBA;37;29.10.1961;0;37
CINDIYE;9;5.3.1972;0;9
NASIRE;91;10.9.1965;0;91
ABDUSSAMAD;17;19.5.1966;17;0
NEZAMA;2;29.7.1966;0;2
MURUDE;88;20.5.1961;0;88
GULHIZARE;3;18.7.1966;0;3
AISHANA;2;6.8.1980;0;2
NECAHAT;45;16.7.1956;9;36
HUBRIZE;7;3.10.1971;0;7
KOCERNI;2;22.2.1955;0;2
SEROHUN;2;2.4.1982;2;0
RIHANE;107;7.1.1954;0;107
NEVRE;40;26.6.1977;0;40
SENNAR;23;7.5.1972;14;9
NEZAHEDDIN;3;18.5.1960;3;0
FARHU;2;7.3.1934;2;0
HEDE;35;16.5.1961;0;35
SEVKIYA;11;23.8.1969;0;11
MERRA;4;18.3.1967;0;4
DIHAM;15;16.11.1967;13;2
CEZYE;20;29.8.1970;0;20
GEVSERI;2;2.2.1963;0;2
AHYAT;4;10.8.1972;4;0
MAHIN;19;4.7.1973;11;8
FERZANDE;57;22.11.1965;55;2
SEYDIYE;160;22.11.1956;0;160
DEBAHA;3;17.8.1973;0;3
EFRIM;47;4.7.1961;47;0
SIRE;5;28.7.1942;1;4
AMANUEL;12;15.5.1983;12;0
MANUELA;35;6.6.1972;0;35
METTO;4;3.9.1945;3;1
GABRIEL;81;29.5.1983;81;0
SALIBA;28;2.10.1954;26;2
HUFZULLAH;33;11.9.1968;33;0
ABABEKIR;50;24.6.1963;50;0
RUMELA;2;7.8.1970;0;2
HINDIHAN;2;16.10.1965;0;2
LAFA;2;13.9.1984;0;2
ABDURRIHIM;2;5.8.1975;2;0
HANSO;4;27.3.1959;0;4
NESIBI;8;27.6.1964;4;4
INCILE;40;29.4.1966;0;40
HUZNE;55;17.10.1961;0;55
SIKRO;4;28.2.1953;0;4
AYETTULLAH;26;12.1.1986;26;0
MUSTEHEDDIN;2;13.4.1959;2;0
FERFUR;143;20.2.1950;0;143
HASSUNA;2;6.5.1948;0;2
ABDURREHMAN;215;6.8.1954;215;0
ENISA;33;25.2.1972;0;33
TIFLE;16;22.11.1959;0;16
HAYAM;9;21.10.1980;4;5
NESVAN;6;24.6.1973;5;1
LATAS;2;2.8.1921;2;0
FAZA;3;28.8.1979;0;3
NUCUD;5;2.12.1966;0;5
SAAD;10;24.1.1975;8;2
MUTASIM;29;5.10.1968;27;2
ERVEYDA;2;2.2.1951;0;2
MUNIFA;5;8.9.1958;0;5
BAYEZI;2;9.12.1969;0;2
MISLIT;8;2.7.1968;8;0
ELYAS;233;8.1.1958;231;2
ELSUMEN;2;22.2.1973;0;2
MEHE;10;6.2.1973;1;9
HEDICE;40;18.11.1943;0;40
ZOZI;10;7.8.1951;0;10
YEKTEN;5;24.1.1977;3;2
MIKDAD;42;18.8.1961;42;0
HAYLE;12;20.3.1962;0;12
GALIB;67;4.12.1961;67;0
IRMAYLE;2;22.2.1973;0;2
FUTHILA;2;1.9.1977;2;0
HOGUR;5;18.1.1991;5;0
IGRAYBA;2;17.2.1966;0;2
KEYSUME;2;24.4.1949;0;2
SARFIC;2;21.6.1972;2;0
HAMMUT;60;11.8.1958;60;0
YAVUR;2;2.6.1975;2;0
SABABADDIN;2;2.8.1963;2;0
PALE;7;3.10.1981;6;1
COTKAR;2;22.5.1991;2;0
ZANE;7;11.6.1983;4;3
HUNEFE;3;12.2.1973;0;3
SEMSEHAN;4;19.10.1944;0;4
ADOLE;2;18.10.1932;0;2
GULBIL;18;11.10.1966;1;17
ABDULMUTTEKIM;2;23.2.1973;2;0
SUHAYP;9;20.3.1976;9;0
GAYYE;6;23.7.1970;0;6
HAKISA;3;18.3.1966;1;2
GULESTAN;8;19.9.1961;1;7
TELI;74;23.9.1972;10;64
ERVAH;28;12.11.1952;3;25
NAZARI;8;11.11.1959;4;4
IMISI;2;12.8.1929;0;2
GOZELI;11;6.6.1969;0;11
RAFSE;2;20.6.1988;0;2
KEBUKI;2;7.4.1976;0;2
HAYDER;255;17.3.1959;255;0
UBEYTULLAH;38;24.9.1976;38;0
HIZNA;49;13.10.1959;2;47
MINET;22;13.5.1970;1;21
SABHA;320;16.2.1960;0;320
CIZVA;2;7.4.1968;0;2
MENIF;7;23.7.1962;5;2
SEYME;55;18.7.1968;0;55
SURAYYA;46;11.8.1971;11;35
SEBAP;186;26.9.1958;177;9
HISRO;5;10.3.1945;1;4
YISRA;14;11.12.1973;0;14
TAKIYE;45;13.8.1951;0;45
FERKALIN;2;6.11.1978;2;0
ABDILILAH;2;22.11.1967;2;0
IZGAYRE;20;9.8.1955;0;20
DELYAN;2;26.12.1965;2;0
ZAYGA;2;27.2.1950;0;2
HARFE;2;2.4.1975;0;2
ERSAL;341;26.9.1971;329;12
SERCIL;48;5.4.1974;4;44
DIRII;15;24.1.1943;15;0
FIDDE;17;8.9.1954;0;17
CEVHERE;77;10.2.1956;0;77
KAWTHAR;2;19.4.1981;0;2
ENO;3;4.7.1931;0;3
HALTEM;2;1.4.1978;2;0
ZEKATA;2;2.2.1975;0;2
MEGICAN;2;26.11.1991;0;2
FERICANE;2;26.8.1975;0;2
FESULE;13;3.4.1964;0;13
SODA;25;29.4.1954;0;25
ESEM;92;20.12.1981;15;77
ASRIYE;253;26.11.1962;0;253
BEDRIYA;29;17.9.1969;0;29
NASIHE;95;21.1.1968;0;95
ZEYDI;37;8.9.1967;36;1
SEVKO;5;6.12.1957;0;5
SERFIC;2;18.5.1960;2;0
SATTAM;12;9.6.1973;12;0
ZARGE;2;22.3.1943;0;2
NEJDI;84;25.2.1964;84;0
HANUF;6;23.12.1946;0;6
RUJGAN;7;16.10.1957;0;7
ZIR;10;13.6.1967;10;0
EMOSI;8;29.9.1946;0;8
AKILA;32;6.4.1962;0;32
ABDUREZZAK;73;8.2.1972;73;0
TEYSIR;43;2.1.1977;38;5
SALWA;4;26.1.1969;0;4
NASIF;1217;11.12.1963;1215;2
ILMEN;19;21.1.1970;13;6
YUHANIN;7;1.9.1980;7;0
HADRE;307;26.7.1963;0;307
AYTEC;12;5.8.1973;3;9
KATTUMI;2;22.2.1967;0;2
AZIZOGLU;2;26.5.1966;2;0
NURIL;9;1.6.1974;4;5
OTENER;2;8.3.1982;2;0
MARINA;239;20.1.1973;0;239
SILAMET;6;16.2.1964;0;6
ZIBE;6;4.1.1950;0;6
IBLAL;7;7.9.1965;6;1
LILIYA;43;12.8.1973;0;43
SUGDIYE;3;17.7.1965;0;3
MEKRIME;5;11.4.1955;0;5
ZIVERI;2;7.5.1976;0;2
AYYISE;2;27.5.1972;0;2
ZIRRAR;2;9.1.1979;2;0
IKTIMAL;3;16.7.1979;0;3
SADAF;5;12.5.1964;0;5
MUHALHAL;2;22.2.1961;0;2
ZERIFA;55;29.5.1971;0;55
MEMETSIDDIK;23;10.1.1958;23;0
IRYAT;4;21.12.1975;4;0
DELILA;241;3.7.1970;0;241
SEFYA;21;25.11.1961;0;21
ESIME;66;23.10.1965;0;66
AKBAL;38;17.8.1945;4;34
GAVRI;4;8.9.1955;0;4
TALIH;490;15.4.1973;418;72
SUKURLAH;2;8.5.1979;0;2
ABULE;5;27.4.1969;0;5
YEKBAL;3;13.3.1970;0;3
NEFELI;2;15.4.1953;0;2
MUAZZES;275;19.4.1967;0;275
FEREDUN;27;14.11.1973;27;0
FERSIYE;15;19.11.1963;0;15
TEYAR;72;18.9.1969;72;0
NAZIHAT;38;7.3.1966;0;38
ERFAT;4;16.12.1960;3;1
PELDADE;2;19.4.1992;0;2
SUSUN;158;28.10.1968;0;158
HAMIL;77;21.11.1958;66;11
HURE;21;2.12.1948;0;21
NEDURE;5;5.6.1977;0;5
SEYDAN;77;20.11.1972;58;19
ABDULMUTELIP;38;27.11.1971;38;0
HOSNU;5;7.7.1962;5;0
BRUSK;11;29.9.1980;11;0
SURRU;4;2.10.1968;4;0
VEZO;3;3.2.1952;0;3
BEYHA;35;7.11.1958;1;34
FEYZEDDIN;59;26.6.1983;59;0
HOZNU;2;7.2.1946;2;0
HOSNUGUL;2;7.2.1970;0;2
HIBRI;9;4.3.1948;0;9
TACADDIN;14;30.1.1965;14;0
HUZNUYE;4;26.6.1959;0;4
LASEMIN;2;26.9.1988;0;2
VESFA;114;15.5.1976;0;114
PAKO;4;25.7.1965;0;4
SAMIYA;43;14.2.1964;0;43
EKZEMIN;2;17.3.1987;0;2
SULHADIN;32;24.12.1960;32;0
EMUL;3;4.7.1946;1;2
NAKSE;6;4.7.1950;0;6
ABDUSAMAT;7;15.9.1958;7;0
MEYASER;52;29.10.1972;0;52
CAZIYETE;2;21.3.1966;0;2
MUBTEDA;3;5.12.1975;2;1
NAHMET;27;26.4.1979;26;1
NAZLISEN;2;17.9.1971;0;2
GERIYA;3;2.3.1966;0;3
SEBIB;11;26.3.1962;9;2
SEDO;21;16.2.1949;3;18
MURFIDE;75;7.6.1964;0;75
VAHILE;32;24.9.1965;0;32
MURTEDA;10;18.2.1978;8;2
HUMMUT;3;1.9.1952;3;0
SUNAYYA;2;17.2.1966;0;2
SEFAHET;6;20.9.1957;0;6
BAHMAN;11;28.1.1968;11;0
GURO;10;16.2.1947;10;0
EDDUL;2;23.10.1931;0;2
GEMI;51;21.4.1960;0;51
NUHDIN;2;17.5.1978;2;0
MELHIME;3;17.9.1976;0;3
HAZAT;5;26.2.1981;3;2
INAMULLAH;4;11.12.1983;4;0
SEBILA;156;14.3.1972;0;156
MEVLA;162;26.11.1977;24;138
ABDURRIZAK;15;7.10.1957;15;0
VURMAZ;2;17.4.1984;2;0
ABDULSABUR;22;14.10.1974;22;0
SITAR;57;8.12.1983;53;4
NEFICE;12;25.1.1967;0;12
HICRE;8;25.6.1963;0;8
IKREM;18;10.5.1971;9;9
ULFIYE;963;5.7.1961;0;963
AMRIYE;2;17.12.1948;0;2
MERSURIYE;2;5.12.1981;0;2
BEHESTI;15;4.6.1989;9;6
SAITHAN;35;28.12.1970;35;0
CATO;3;5.8.1949;3;0
MISRA;107;11.1.1984;0;107
MUHBILAH;2;3.6.1980;2;0
ZEBEYDE;9;27.3.1969;0;9
ZIYNETI;461;12.4.1958;0;461
HEZNA;24;17.8.1968;0;24
SABAHETTIN;278;13.2.1959;278;0
MAYIS;18;2.10.1966;6;12
NESILHAN;16;19.8.1981;0;16
ABDULFEYAT;4;2.7.1946;4;0
BEYZI;13;13.9.1962;4;9
HAMDAN;64;2.10.1958;54;10
HEYLO;2;7.2.1958;0;2
GOLUSTAN;5;14.7.1946;0;5
BEVIDE;2;7.2.1964;0;2
MULKINAS;11;16.6.1968;0;11
GEVES;12;16.1.1953;0;12
MAKIYE;21;10.1.1964;0;21
MULAHIM;37;20.4.1972;37;0
KUTTBETTIN;2;21.1.1948;2;0
GAVLE;3;22.11.1981;0;3
SEZAYIL;13;21.3.1972;13;0
ZULFEKAR;12;25.5.1965;12;0
EZBIR;6;23.4.1982;0;6
ZIKRI;1596;16.1.1961;1595;1
DAIMA;13;9.7.1967;0;13
ECRIFET;2;5.5.1975;0;2
DIYANET;106;4.11.1985;8;98
PIROZE;199;12.1.1962;0;199
RAZIYET;16;14.6.1954;0;16
SERAI;54;12.3.1963;0;54
AZZO;7;6.1.1940;7;0
MILLET;8;10.8.1970;7;1
GARISAH;2;16.11.1982;0;2
MUHUDUN;2;12.2.1965;2;0
ICRA;48;3.4.1981;0;48
SAADIYE;25;30.6.1964;0;25
MUFIA;3;29.8.1962;0;3
MAREH;2;2.7.1951;0;2
NASHIYE;2;5.12.1982;0;2
EMOSE;5;7.1.1945;0;5
BUNYAM;21;25.12.1963;21;0
MENIR;23;21.11.1964;23;0
SEHEN;3;17.3.1948;0;3
BINEVSE;29;6.2.1962;0;29
ZIYNI;26;21.9.1957;9;17
ZIDI;2;23.3.1937;0;2
SEBRE;9;10.12.1967;0;9
LIHAZIM;2;7.8.1928;2;0
ZEKU;2;14.7.1953;0;2
ISMEN;15;1.9.1970;5;10
MERDISE;3;11.1.1973;0;3
DIRIHI;4;1.7.1941;4;0
EMOKI;2;21.2.1940;0;2
ATIFA;14;7.4.1959;0;14
SEVISTAN;2;19.4.1990;0;2
ZELIHI;2;27.2.1974;0;2
SAHRISTAN;56;12.4.1977;1;55
MAKIYET;2;16.4.1965;0;2
HANIKI;2;26.2.1941;0;2
HURUK;3;23.5.1934;1;2
SEYFETIN;25;5.10.1971;25;0
HISAN;10;12.2.1967;9;1
HUSUNA;6;3.5.1968;0;6
BINAMET;2;5.5.1975;0;2
FERDE;55;8.2.1963;2;53
ABDURIZAK;4;14.4.1973;4;0
RENDI;136;5.4.1956;1;135
CETTO;13;11.11.1953;13;0
KEYSO;2;26.6.1961;0;2
SAHTUN;2;30.4.1987;2;0
NURSEVEN;559;23.2.1974;4;555
HAZO;17;11.2.1952;1;16
MIYASI;21;23.6.1957;0;21
UMRIYE;559;7.12.1960;0;559
ZEYNEDIN;34;24.3.1974;34;0
DURHO;2;10.10.1934;2;0
MEMMO;2;27.6.1938;2;0
BEYYAZ;6;9.12.1950;0;6
MELEFI;2;7.2.1975;0;2
HELO;8;4.4.1938;2;6
NENISE;2;7.2.1981;0;2
ABDULNASIP;3;27.10.1964;3;0
ULAEDDIN;3;26.5.1956;3;0
CEVHOR;2;7.5.1939;2;0
TECRIHAN;71;18.8.1964;2;69
BIZO;10;29.4.1955;1;9
SELAMIYE;128;15.7.1963;0;128
MUSLUHAT;3;10.10.1973;0;3
BEDLISE;3;26.7.1968;0;3
RAHANI;5;4.3.1954;0;5
MECRUM;21;20.10.1977;21;0
KURI;12;22.10.1934;7;5
AYDENIZ;348;26.1.1975;116;232
SEFIYA;28;1.9.1967;0;28
TASIE;7;19.3.1962;0;7
TABIA;15;20.10.1962;0;15
TOZO;11;4.11.1948;9;2
SADETI;8;16.2.1962;0;8
IYDE;34;10.4.1960;0;34
BEDRETIN;12;17.10.1971;12;0
GULO;113;25.5.1956;21;92
MINTEZE;2;13.9.1983;0;2
SABRO;23;13.7.1947;6;17
MEYASA;14;17.5.1962;0;14
KASO;21;16.9.1942;21;0
BESO;40;26.9.1951;1;39
FIGEL;20;8.9.1971;0;20
MIDIYE;9;3.3.1959;0;9
REFIHE;8;29.5.1968;0;8
SAFIHE;3;9.2.1976;0;3
ELIZA;90;1.4.1955;0;90
REHILE;22;9.1.1958;0;22
MEKSI;3;3.6.1951;1;2
RADDIYA;2;25.12.1978;0;2
MECDEL;13;1.9.1960;13;0
BAZIHA;2;12.2.1983;0;2
SAYCAN;98;29.11.1965;63;35
BOBI;7;17.5.1975;7;0
TACO;10;13.11.1961;5;5
GEYDA;11;7.10.1976;0;11
BEZE;22;8.2.1946;0;22
EBLIZE;3;5.12.1937;0;3
RESI;46;21.7.1946;1;45
GULANDAN;24;29.10.1961;0;24
SILTE;4;15.10.1954;0;4
GERRO;6;22.2.1962;5;1
ZEKKO;2;7.8.1928;0;2
CUCE;6;15.7.1965;0;6
MUHUBULLAH;6;10.6.1971;6;0
IDEM;29;16.3.1976;4;25
SARIZADE;3;28.6.1980;0;3
MAFIZE;62;23.10.1960;0;62
MEHICAN;5;20.8.1970;2;3
RESIK;6;29.8.1955;4;2
EBRIHE;2;22.4.1973;0;2
SEFIAT;7;7.3.1970;0;7
NIFER;20;7.12.1965;1;19
HEVISTAN;3;23.8.1983;0;3
NURIBAN;243;15.1.1966;0;243
CEHDI;40;6.11.1956;40;0
ELMUS;3;5.6.1972;2;1
GEZI;80;28.4.1950;1;79
ZELEHI;2;21.4.1980;0;2
CELLAL;12;23.7.1965;12;0
ZUMRUTE;80;15.6.1969;0;80
MEMTEZE;2;26.10.1984;0;2
GOLNAS;2;25.6.1973;0;2
OTI;2;17.3.1942;2;0
AFITA;5;4.11.1971;0;5
HENO;36;10.5.1941;1;35
MINAT;7;5.6.1968;3;4
YENICE;67;1.5.1976;0;67
KUDRETE;3;17.2.1965;0;3
SUNGOL;4;3.3.1976;0;4
YUMRET;2;22.2.1973;0;2
FEYZULAH;8;25.9.1964;8;0
ERISA;3;2.7.1985;0;3
SEHIMI;4;3.9.1955;1;3
SECEHAT;6;9.10.1971;1;5
MAHLEP;2;25.12.1977;2;0
HEVRIZE;5;24.1.1969;0;5
KUBRIYE;42;17.7.1962;0;42
VASIB;5;21.11.1976;5;0
MAHFERI;10;11.4.1979;0;10
CEZAIL;52;6.4.1969;52;0
MENSIYE;46;4.9.1967;0;46
RIZGO;30;10.5.1944;30;0
MUTBAK;2;29.10.1972;2;0
KESE;3;5.2.1941;1;2
DIRO;6;16.1.1943;3;3
YUSRET;3;26.4.1990;1;2
MUHUBI;3;14.2.1970;1;2
MAHREM;82;16.7.1967;79;3
SERFA;10;9.7.1969;0;10
NESIHA;352;17.9.1971;0;352
BAYZAR;60;23.2.1954;0;60
ERSET;18;9.4.1969;18;0
MAHSUDE;124;3.3.1969;0;124
MEKRIYE;3;21.6.1952;0;3
ABDULMUHSUN;2;2.2.1957;2;0
NISILIYE;2;17.2.1972;0;2
ORDI;15;16.10.1939;0;15
EBUZEYID;5;29.12.1955;5;0
AIT;52;28.10.1959;52;0
SUBGETULLAH;5;13.2.1980;5;0
YEDULLAH;6;8.5.1968;6;0
ULKAN;115;3.11.1968;13;102
FAHRIZADE;3;4.8.1974;3;0
MAMIRE;34;9.10.1963;0;34
MESRUDE;18;5.11.1957;0;18
NAFII;5;26.9.1966;5;0
RAFAI;5;8.4.1963;5;0
MUCIRE;28;11.12.1964;0;28
BAZI;83;25.3.1966;61;22
CAHVIT;2;12.3.1980;2;0
UBET;23;21.4.1960;23;0
ABDULRREZAK;5;15.11.1967;5;0
SAADETI;4;6.9.1957;0;4
MUZBUH;5;24.11.1983;5;0
MALDA;4;17.3.1985;0;4
RAZAN;61;13.9.1968;7;54
NEZATA;7;10.5.1965;0;7
A.KADIR;33;18.3.1958;33;0
HALO;24;18.1.1940;5;19
ERZIME;9;10.9.1975;0;9
UZEYLE;7;23.5.1983;0;7
BAHITTIN;1175;12.12.1964;1175;0
NETRE;2;17.2.1978;0;2
DIREI;13;18.3.1966;13;0
HULFE;10;28.1.1968;0;10
DAVAS;5;22.1.1952;5;0
HAZMI;194;29.10.1955;90;104
DANYAL;485;5.10.1970;485;0
AMONIEL;2;16.4.1958;2;0
FAVLUS;9;25.4.1978;9;0
MUZIRE;5;19.11.1962;0;5
FIKOS;2;6.7.1977;0;2
MIKAEL;35;18.11.1974;35;0
TIDORA;13;26.12.1978;0;13
KOSTANTIN;38;12.1.1950;38;0
EDVARD;17;17.1.1961;17;0
JULIANNA;3;13.5.1970;0;3
PRISKILLA;3;11.2.1983;0;3
EMANUEL;25;14.5.1977;23;2
DAVIT;204;17.5.1954;204;0
ISO;43;26.5.1949;41;2
BAHHI;4;21.5.1936;4;0
MELKE;17;20.8.1961;12;5
MAHBI;3;15.12.1929;0;3
FIRYAN;15;16.7.1964;1;14
VERDE;399;20.7.1962;0;399
SEYIDBILAL;2;17.5.1990;2;0
VIKTORIA;38;3.8.1967;0;38
MARKUS;19;14.8.1982;19;0
LILLY;2;8.11.1976;0;2
RAKIDE;41;9.9.1959;0;41
FAYZULLAH;8;7.4.1968;8;0
ELISBAH;4;2.8.1965;0;4
HAVVO;4;28.8.1969;0;4
EVLIYE;17;20.1.1966;5;12
SALEMET;4;27.6.1973;0;4
FASLE;10;16.12.1958;0;10
MARVAN;17;9.7.1979;17;0
GULFAN;142;8.5.1967;2;140
GOHUT;2;10.5.1961;2;0
HAYAFA;2;22.2.1931;0;2
GUNDOR;3;6.10.1939;3;0
ISJAN;2;29.9.1988;2;0
CEYSO;2;26.6.1978;0;2
GARNOS;2;8.10.1967;2;0
MARKOS;19;27.8.1980;19;0
MAGDELANE;2;30.2.1989;0;2
GULYET;6;25.7.1974;2;4
MELKI;124;24.7.1950;123;1
FAHRUMIYE;2;13.4.1953;0;2
MATTIAS;6;13.11.1983;6;0
MASI;12;3.10.1948;2;10
ELISABET;13;10.7.1973;0;13
CORCET;44;12.7.1961;0;44
HELGE;4;12.1.1978;0;4
AHIL;3;1.2.1971;1;2
AVGIN;15;9.8.1980;15;0
MADLIN;36;20.11.1968;0;36
MUSEL;13;11.1.1964;10;3
HINNE;3;14.12.1964;0;3
AHO;61;3.11.1957;61;0
GORGIS;20;18.3.1960;20;0
ZIYANI;23;25.3.1955;1;22
NEBET;5;9.6.1981;0;5
ALDIYER;2;30.11.1973;2;0
ROBEL;14;5.11.1975;14;0
JENIFER;6;23.1.1987;0;6
ENKIDU;3;23.11.1981;3;0
MICHAEL;62;6.6.1982;62;0
PERIVAN;45;8.6.1973;0;45
JILDA;46;10.5.1970;0;46
NATHALIE;24;10.4.1977;0;24
SIDURI;2;26.4.1989;0;2
NINOS;13;5.12.1981;12;1
LEYNO;2;27.3.1980;0;2
ISOFEHMI;2;17.8.1924;2;0
MARIYANA;6;28.7.1980;0;6
ELITA;3;2.3.1980;0;3
SAHDO;3;27.1.1966;3;0
NASIB;33;2.11.1966;19;14
LULYANA;2;16.9.1989;0;2
NINVA;13;26.5.1987;0;13
BEYRATE;2;27.8.1967;0;2
ROJET;3;22.12.1971;0;3
BEYRETA;6;23.10.1973;0;6
MARGET;2;26.7.1988;0;2
NUSRATTIN;33;21.10.1957;33;0
GABRIYELE;2;14.12.1991;0;2
SEDI;85;25.11.1959;67;18
CIRCO;17;26.4.1936;17;0
CIRCIS;62;2.1.1956;62;0
CONI;8;9.9.1980;8;0
DAVID;91;2.4.1972;91;0
RUDI;46;1.9.1980;45;1
GEBRO;71;12.6.1958;71;0
MARGARET;27;27.7.1953;0;27
ENDEREUS;2;27.1.1944;2;0
THOMAS;38;27.1.1984;38;0
SEMMO;10;26.2.1957;6;4
KOSNTANTIN;2;7.11.1982;2;0
DANIEL;107;27.1.1979;106;1
JOSEF;25;8.9.1971;24;1
SEMSO;38;10.12.1948;5;33
RUBEN;13;5.3.1949;12;1
SAMUEL;57;6.7.1958;55;2
TERZO;48;29.6.1948;0;48
NEVERT;16;17.10.1965;0;16
RAFIDA;6;18.3.1969;0;6
DIANA;162;27.2.1977;0;162
NINAVA;2;21.9.1982;0;2
LUKSE;6;27.5.1977;0;6
FEYREME;2;18.8.1988;0;2
MAHBO;2;27.2.1950;0;2
SAYRAN;10;1.7.1965;1;9
HACIZE;15;15.3.1964;0;15
CEMEDI;9;30.9.1962;0;9
BEYRIYE;12;25.7.1973;0;12
RAVHI;2;6.11.1990;2;0
ALFRET;4;24.10.1971;4;0
KESRE;6;19.2.1949;0;6
HAPSUNO;6;17.5.1940;6;0
HAYLI;2;12.8.1923;0;2
KIRMIS;4;15.9.1932;1;3
ELBERE;8;15.8.1969;0;8
ESMEN;67;7.6.1964;20;47
ISMUNI;64;15.7.1951;0;64
ZEYTO;2;12.2.1971;2;0
SABAHI;100;27.4.1959;57;43
SAMOIL;9;4.8.1938;9;0
MARGHERITA;4;10.5.1969;0;4
JENNY;8;17.3.1977;0;8
ELISABETH;53;26.5.1962;0;53
MARIEN;2;14.5.1989;0;2
ZIYO;4;22.12.1943;0;4
GEBRIEL;8;9.7.1983;8;0
KITSO;10;27.11.1941;0;10
YESMIN;21;18.4.1962;0;21
NICUDE;3;6.8.1942;0;3
HAZZO;13;28.1.1956;0;13
ATLAFUN;2;6.1.1977;2;0
ORSINA;2;25.2.1992;0;2
STEFAN;21;26.3.1974;21;0
SAO;5;23.5.1941;5;0
MERTE;17;15.8.1960;0;17
SIBGATULLAH;34;8.12.1974;34;0
VETHE;11;28.1.1956;0;11
HAYIC;101;14.1.1959;0;101
FAHRITTIN;392;8.6.1953;392;0
EDESSA;4;30.1.1988;0;4
SURYE;73;29.8.1964;0;73
SARKIYE;53;13.5.1968;0;53
NAZMIRE;25;2.7.1960;0;25
BILGES;2;21.8.1982;0;2
VECBIYE;4;8.9.1958;0;4
GANIM;196;30.9.1964;185;11
HAZARE;205;3.2.1956;0;205
SENCAN;1161;29.2.1968;224;937
NEZHEDDIN;5;23.6.1973;5;0
NAZEDAR;2;17.3.1990;0;2
NADKA;2;25.8.1983;0;2
VIRCIN;6;26.4.1942;0;6
NEVRIYA;6;6.11.1981;0;6
HEZZO;4;1.6.1936;0;4
NACIRE;34;6.9.1972;0;34
HEDYA;44;8.4.1969;0;44
CANDERK;2;7.10.1963;0;2
LINE;16;14.9.1976;0;16
RUMIYE;169;21.9.1959;0;169
KRISTINA;45;13.4.1976;0;45
SANDRELLA;2;2.6.1980;0;2
HIYAS;26;16.3.1973;26;0
TREI;2;7.8.1982;0;2
KATARINE;2;17.8.1930;0;2
SILVIA;75;21.6.1972;0;75
ANNA;434;16.8.1961;0;434
USULA;2;7.11.1977;0;2
LUKA;7;3.11.1976;7;0
TOMA;8;23.4.1969;8;0
HELEN;96;13.2.1974;0;96
BULUS;67;10.4.1974;45;22
MILANE;3;26.3.1982;0;3
KATHARINA;8;6.11.1959;0;8
CHRISTOPH;3;29.4.1991;3;0
JULIYAN;3;15.10.1987;3;0
MICHAELA;7;16.3.1982;0;7
GULLEYHAN;3;19.6.1979;0;3
TAKADDIN;3;30.9.1974;3;0
NIZHET;2;22.12.1958;0;2
GULPAR;5;12.12.1976;0;5
MINTEHE;10;1.8.1964;0;10
ALEXANDER;18;10.11.1979;18;0
NATALIE;14;28.6.1980;0;14
CAZIK;8;12.5.1944;0;8
SERRO;9;26.3.1946;9;0
MARLIN;8;13.1.1973;0;8
CON;4;9.4.1972;4;0
ROMEL;2;1.3.1982;2;0
KIRISTIYAN;2;23.5.1987;2;0
NUVAL;2;12.2.1965;0;2
MAHABAD;7;19.11.1979;1;6
BIRZAN;12;26.6.1967;7;5
GEDAM;2;2.10.1980;2;0
TAHLO;15;20.6.1944;14;1
ESTEL;11;14.4.1978;0;11
MUNHATA;2;21.2.1971;0;2
MICHAYELEA;2;16.8.1981;0;2
RANJA;6;24.6.1988;0;6
EBTESAM;3;21.6.1982;0;3
ROLANT;2;23.4.1979;2;0
ERYO;2;11.6.1982;2;0
MAHA;125;16.10.1961;0;125
REHELLE;2;2.5.1969;0;2
MARTINA;24;8.2.1976;0;24
YILDIL;2;7.2.1964;0;2
BENJAMEN;3;17.1.1977;3;0
REFKA;51;9.8.1945;0;51
MONIKA;62;12.8.1967;0;62
BEYTNEHRIN;2;21.11.1979;0;2
NIMROD;2;30.6.1981;2;0
IZLE;4;14.5.1981;0;4
KAYSEN;2;21.5.1965;0;2
HANIBEL;2;11.6.1967;2;0
SEMANI;8;9.10.1945;2;6
ABRAHAM;47;12.9.1952;47;0
ELANE;3;27.3.1983;0;3
SUMUNI;20;5.4.1948;0;20
HELANE;2;18.1.1982;0;2
KATJA;8;13.6.1976;0;8
VICTORIA;63;25.10.1975;0;63
DENHO;48;3.5.1947;48;0
YAKO;155;13.12.1943;155;0
GULCEN;257;19.6.1968;2;255
SENO;22;29.3.1943;2;20
CULYANE;2;23.11.1979;0;2
AYYUCE;82;24.5.1985;1;81
HANADI;5;11.2.1974;0;5
TENZIHA;6;19.10.1974;0;6
HAMIK;16;13.11.1954;15;1
TEMBIYE;5;10.8.1976;0;5
LUKSIYE;25;15.4.1981;0;25
SINIK;2;2.2.1967;2;0
EFLIN;6;14.5.1964;0;6
SAI;3;17.11.1946;2;1
ALEX;16;16.11.1982;16;0
ELIJAS;2;22.3.1988;2;0
LUSI;125;12.2.1956;0;125
LUCY;8;1.12.1980;0;8
MATIAS;4;5.3.1982;4;0
ZABET;6;13.2.1977;0;6
ATO;20;19.9.1949;6;14
FILIP;25;3.12.1969;23;2
ELBERA;4;25.3.1977;1;3
DANIELA;131;28.8.1976;0;131
GEORGE;18;3.3.1971;18;0
ERTIN;32;20.5.1975;32;0
NURBET;62;1.10.1972;1;61
ADVERT;4;7.6.1964;4;0
TEODORA;37;7.4.1963;0;37
ELERIYE;2;11.12.1983;0;2
HAYRUL;91;16.4.1967;81;10
CELLI;10;20.3.1955;8;2
HEKMIYE;12;29.11.1971;0;12
MISO;7;10.8.1951;5;2
RUBERT;4;24.8.1971;4;0
ISTAYFAN;4;28.7.1965;4;0
TAALA;6;30.11.1971;0;6
IMEN;34;3.5.1982;0;34
ABDUNNUR;29;15.3.1969;29;0
MAZHARATTIN;2;4.12.1962;2;0
GULCANAN;20;9.8.1972;0;20
IZGAYRI;3;17.12.1923;0;3
NICOLETA;61;6.1.1976;0;61
KASIDA;23;2.1.1951;0;23
DURYETE;2;8.8.1986;0;2
ABDULHAKI;14;24.5.1969;14;0
ROJHILAT;6;20.2.1980;0;6
DIRBAZ;182;26.12.1963;182;0
ZAHU;2;16.5.1975;0;2
YUHANUN;24;22.7.1969;24;0
SLEMIN;2;28.5.1982;2;0
ELLEN;12;15.1.1965;0;12
LAHDO;84;7.5.1960;84;0
SARAH;71;11.2.1976;0;71
ROBERT;100;5.11.1972;100;0
MATTHIAS;19;6.3.1985;19;0
CHRISTIAN;15;11.10.1980;14;1
BARSOM;11;24.10.1948;11;0
REBERT;2;26.11.1978;2;0
SANDRA;95;7.10.1975;0;95
ESMERE;11;14.6.1969;0;11
NURULLA;7;7.12.1973;7;0
ESRES;2;16.10.1968;2;0
BAHTTIN;4;30.1.1977;4;0
FABRO;9;5.8.1972;0;9
ROBIL;16;10.5.1979;16;0
SIBILIYA;2;21.6.1967;0;2
YAVNO;2;27.2.1962;2;0
OLIVER;17;19.5.1981;17;0
SUMINI;2;8.8.1949;0;2
HEDAYI;8;2.5.1959;6;2
HANA;78;23.5.1953;1;77
SUHDO;4;22.11.1933;4;0
ROJVIN;2;24.1.1975;0;2
GEYLAN;47;8.10.1973;43;4
IDBAN;15;18.6.1982;15;0
CEKNAS;3;30.2.1976;3;0
ANTO;11;29.9.1949;10;1
HAMURABI;5;20.2.1975;5;0
LUCIA;30;16.9.1968;0;30
GABRIELE;22;17.9.1961;2;20
PIERRA;2;27.6.1981;2;0
BINYAMIN;254;25.1.1970;254;0
TIRIZE;2;18.2.1960;0;2
DANYELE;2;21.4.1987;0;2
KATRIN;44;2.11.1971;0;44
SHERIN;2;12.1.1989;0;2
BEDIG;19;13.10.1965;18;1
REYZAN;130;29.6.1964;5;125
TAMBIYA;2;13.12.1991;0;2
RADIYA;18;3.11.1973;0;18
HAVIL;124;18.6.1958;11;113
DILBERI;9;4.4.1979;2;7
ZINNER;3;24.2.1986;2;1
SIMME;2;25.4.1969;0;2
BAZAR;3;24.3.1977;0;3
KESLEDI;2;2.2.1981;0;2
LORIS;26;10.5.1955;3;23
HELAL;26;3.8.1964;2;24
FASILA;6;13.9.1967;0;6
HASNIYE;201;5.6.1957;0;201
HAVRAN;45;12.10.1964;45;0
RAMIL;33;5.6.1971;33;0
HERIP;2;2.3.1981;2;0
RASSIK;3;27.10.1958;3;0
HAFDI;2;12.2.1947;2;0
ACUZE;5;8.11.1937;0;5
PERWIN;2;13.6.1991;0;2
JOHNNY;2;16.7.1985;2;0
JOCGULINE;2;5.5.1981;0;2
JULIETTE;3;29.12.1981;0;3
JACGUELINE;13;24.1.1969;0;13
LUVIZE;14;4.1.1958;0;14
DELILO;2;20.6.1966;0;2
PORTI;6;13.9.1958;2;4
MUALLE;55;1.4.1968;1;54
METHAT;30;9.12.1958;30;0
NUVER;13;3.5.1953;0;13
ARJIYAN;2;24.7.1990;0;2
CIHAZ;4;11.6.1977;0;4
GETIYE;2;27.3.1988;0;2
BELIYE;7;17.8.1962;0;7
HORIS;2;2.5.1951;2;0
HADIFE;39;29.6.1959;0;39
MIKRIYE;22;23.5.1967;0;22
DIREYI;2;21.1.1981;2;0
LAURAJALE;2;1.1.1969;0;2
MORTINO;2;4.11.1975;0;2
LISASIBEL;2;11.3.1971;0;2
MARIBEL;7;10.3.1948;0;7
ALDA;6;25.5.1966;0;6
MEJDEL;6;17.4.1976;6;0
ALTUNGUL;94;29.1.1963;0;94
NESO;17;6.2.1953;1;16
SERAC;31;21.3.1972;30;1
TEVFIYE;10;26.1.1964;0;10
SAMIRAN;80;17.10.1967;3;77
SITTAR;7;26.12.1973;7;0
GIDAN;6;5.11.1966;2;4
M.BILAL;2;29.5.1976;2;0
MULUKE;5;5.2.1977;0;5
CARULLAH;107;7.1.1972;107;0
ELBIRET;2;17.2.1984;0;2
MEHCIT;5;3.5.1960;5;0
SAMAN;47;1.5.1958;23;24
SEKFAN;26;22.5.1966;26;0
FAROK;2;14.9.1990;2;0
FILUR;6;30.2.1972;0;6
AMAN;19;4.3.1962;10;9
AYSENI;18;15.12.1958;0;18
MUSTEHFIRA;2;22.8.1943;0;2
SEHILE;68;19.12.1967;0;68
NEDLIN;2;3.3.1975;0;2
SUNYA;28;10.1.1970;0;28
INGRIT;3;6.12.1968;0;3
RAWIYA;2;22.8.1979;0;2
M.SULTAN;2;22.1.1973;2;0
CARSIM;12;5.7.1974;12;0
OSKI;7;2.3.1946;2;5
RISMI;5;21.6.1977;4;1
MUFERID;2;21.1.1968;2;0
ANTANIYOS;2;21.4.1965;2;0
FERVET;9;6.12.1968;0;9
NISRATIN;2;12.5.1969;2;0
BEHTIYE;320;23.10.1957;0;320
GERCIS;9;22.6.1954;9;0
PHILIPP;3;3.3.1987;3;0
ILORA;2;13.2.1966;0;2
TOMMI;2;19.4.1979;2;0
NELA;14;9.10.1969;0;14
HIRISTINA;9;4.10.1946;0;9
HESLI;2;9.2.1979;0;2
BIRBERE;2;15.11.1986;0;2
JAKLIN;152;26.1.1966;0;152
HELENA;30;14.7.1980;0;30
ZENDIN;11;7.9.1972;11;0
IHMEYDI;2;13.4.1947;2;0
BACO;13;17.9.1957;2;11
DILIANA;2;17.2.1991;0;2
MERIN;47;1.4.1969;3;44
VERDO;9;29.11.1963;2;7
MINTIHA;138;13.2.1962;0;138
SILVE;11;5.7.1970;0;11
MINAS;115;19.1.1958;71;44
ISTIR;24;17.12.1949;0;24
KERAMET;149;6.9.1972;71;78
KADERI;6;10.3.1975;0;6
SILI;17;11.4.1940;9;8
MAHABAT;15;18.7.1981;2;13
SURKIYE;5;7.9.1962;0;5
SEMIREN;11;5.5.1962;0;11
CAKLIN;20;17.6.1969;0;20
REGDA;13;1.6.1964;0;13
CHRISTINE;55;26.6.1964;0;55
ELBIRTA;2;17.7.1978;0;2
BENYAMIN;31;28.4.1970;31;0
CEYNIS;2;7.8.1928;2;0
EBETTIN;40;10.8.1972;40;0
RUME;8;13.6.1953;0;8
KETIYBE;2;13.4.1971;0;2
FERCA;6;13.10.1974;0;6
FEYHAT;7;2.6.1971;4;3
USE;2;29.5.1950;2;0
REHIS;5;9.8.1972;3;2
LEMSO;2;3.5.1962;0;2
ANDREAS;24;23.8.1979;24;0
JOHANNES;18;17.6.1986;18;0
LUKAS;8;20.4.1989;8;0
ALBERT;222;13.3.1957;222;0
PAUL;10;2.10.1977;10;0
JIMMY;2;11.12.1985;2;0
KAROLINE;4;29.1.1984;0;4
RITA;216;22.8.1961;0;216
VIKTORE;2;18.11.1960;0;2
BITRIS;15;23.10.1947;15;0
JOHAN;4;2.9.1990;4;0
PATRICIA;34;1.5.1963;0;34
MARYAN;5;30.8.1964;0;5
ELIVIN;2;23.9.1975;0;2
DIAETTIN;3;14.10.1967;3;0
BAHRETTIN;134;18.2.1964;134;0
MESUTE;6;22.4.1970;0;6
SEHEP;7;19.11.1970;6;1
AYMAN;38;29.12.1965;16;22
GULSUMER;2;23.5.1961;0;2
IBRIZE;21;22.1.1969;0;21
FARHAT;12;2.7.1975;12;0
MAHAMA;7;18.1.1957;7;0
SANSA;3;29.8.1954;1;2
ABCET;2;17.6.1978;2;0
LAMYE;11;7.4.1956;0;11
FEYRUSA;16;28.2.1974;3;13
BRAHIM;2;20.7.1989;2;0
VIVIENE;2;15.4.1986;0;2
TINA;53;17.10.1975;0;53
AMANIYEL;6;14.4.1978;4;2
ANDARAUZ;2;7.8.1940;2;0
LUSIA;6;19.7.1975;0;6
MARIE;40;14.4.1960;0;40
YAHKUP;13;30.11.1973;13;0
NANSI;2;16.11.1983;0;2
FAYYAZ;3;1.1.1974;3;0
MELANI;23;19.2.1981;0;23
PIYER;33;23.1.1961;32;1
BASIMA;9;2.12.1959;0;9
SAMUN;16;14.12.1952;16;0
COZEFIN;9;15.9.1947;0;9
ZAHURA;14;15.10.1953;0;14
SUSANNA;25;14.8.1965;0;25
ZIGAYRE;10;19.8.1955;0;10
SAFO;16;25.10.1951;1;15
NASILA;2;28.4.1956;0;2
HAZMIYE;23;5.3.1960;0;23
ZINAR;122;9.11.1979;114;8
ANVERT;2;8.7.1981;2;0
MENDUHE;70;29.4.1963;0;70
BIRIVAN;178;16.7.1975;0;178
CURUSE;2;23.6.1955;0;2
DIYERIYE;2;6.9.1990;0;2
LEVISE;9;15.3.1980;0;9
ANDREA;35;9.4.1968;15;20
BEHRAM;759;14.4.1963;755;4
ISAMETTIN;125;6.2.1967;125;0
IBRIZED;2;7.3.1976;0;2
KAMIA;3;7.1.1982;0;3
MEVDUA;2;17.6.1972;0;2
NIYLE;2;27.2.1974;0;2
DEYBET;3;2.1.1975;0;3
NURSIME;16;15.1.1979;0;16
FARKIYE;19;28.3.1970;0;19
SAHBIYE;10;26.6.1970;0;10
SEMIYA;275;23.1.1969;0;275
DANILE;2;8.3.1982;2;0
SALLO;3;29.10.1932;3;0
LISBAH;2;13.3.1964;0;2
SERGIS;2;22.2.1967;2;0
ISTEYFO;10;17.3.1961;10;0
SONYE;16;11.12.1978;0;16
MATAY;14;27.7.1989;14;0
EMRETE;3;14.12.1974;0;3
MAHSINE;12;3.1.1973;0;12
HIDAYETTULLAH;4;8.12.1982;4;0
BEYLETA;5;16.9.1979;0;5
YARGIT;6;15.10.1983;6;0
ESRE;22;4.3.1976;0;22
MUZAFAR;7;15.6.1956;7;0
HAYATULLAH;21;29.7.1975;21;0
MEMIRCAN;2;11.1.1985;0;2
ANUDA;35;2.9.1974;0;35
SULYAN;19;23.2.1976;0;19
AMETELLA;2;2.1.1981;0;2
SEHZENAT;2;6.5.1975;0;2
GULBIYA;18;27.8.1960;0;18
ATIDE;3;1.1.1981;0;3
MANUEL;43;1.9.1970;43;0
ALIRIYE;3;4.9.1978;0;3
JENNIFER;26;28.7.1978;0;26
CHRISTINA;41;26.3.1978;0;41
DIMET;5;5.12.1976;4;1
DANIYEL;88;10.11.1969;86;2
ELIYO;4;12.9.1965;4;0
SEHAZZO;2;10.10.1939;2;0
NECIBULLAH;52;1.4.1987;52;0
MEZBAH;11;14.7.1978;11;0
MUEZZEN;6;16.2.1976;0;6
FANIFE;4;1.12.1951;0;4
DALALI;18;26.8.1946;0;18
NADIA;89;2.3.1965;0;89
TOMAS;25;18.2.1969;25;0
MISRO;4;23.1.1967;0;4
FIRDO;3;6.6.961;0;3
ELBER;10;12.12.1970;9;1
NISANE;38;4.11.1962;0;38
YUZLEM;5;29.6.1981;0;5
MARIDIYE;2;27.3.1974;0;2
SEHVELI;3;25.9.1977;3;0
DIVVA;2;13.1.1956;0;2
FEBRO;5;17.5.1960;0;5
TANYA;231;12.12.1975;0;231
ISABEL;14;7.3.1979;0;14
HILAN;58;1.10.1953;1;57
COZEF;14;21.9.1961;14;0
AMONUEL;2;3.2.1963;2;0
LUCINDE;2;20.7.1984;0;2
MARCUS;5;14.11.1975;5;0
NURBAHAR;119;11.10.1978;0;119
KARLIGAS;5;15.7.1978;0;5
IMSAFI;2;17.2.1972;0;2
SIKRI;15;27.11.1966;14;1
ALBER;68;26.9.1956;65;3
KRISTIAN;4;18.8.1978;3;1
JAKOB;4;7.8.1969;4;0
LILYA;7;29.7.1979;0;7
NURBA;5;12.11.1982;0;5
LUSIE;2;24.8.1978;0;2
DORIS;33;20.2.1963;2;31
ISTAYFO;18;7.1.1960;18;0
MELANIE;27;21.12.1979;0;27
DIANE;16;8.9.1967;0;16
JOHANES;2;16.7.1980;2;0
GEBRAIL;9;7.9.1963;9;0
ZAHRI;13;26.11.1952;2;11
MENUSE;50;27.10.1959;0;50
BARSAVM;12;5.5.1945;12;0
MIRYAM;22;18.4.1969;0;22
PATRIK;4;5.7.1986;4;0
KARDIN;2;7.2.1989;0;2
HALA;16;9.1.1967;0;16
MARC;7;26.1.1976;7;0
ALEKSANDRA;56;7.6.1958;0;56
KAROLIN;144;16.11.1978;0;144
REZUK;2;8.8.1964;2;0
SAHID;7;23.2.1979;7;0
HARICI;4;17.2.1954;0;4
CEVAD;117;14.3.1956;117;0
EGIT;63;6.3.1965;63;0
ROKIYETA;2;28.1.1983;0;2
SEMIET;3;2.8.1982;0;3
BETULE;34;16.12.1965;0;34
FERDEVS;59;30.12.1975;0;59
RAGYATE;2;18.5.1982;0;2
MUSLIHAN;26;11.4.1969;0;26
BENISUADE;3;7.2.1946;0;3
FERYAS;31;29.5.1966;1;30
LACRAMIOARA;16;6.1.1976;0;16
ABDULKAHR;2;19.12.1981;2;0
CAHIZE;64;19.11.1967;0;64
TAMCIHAN;177;12.6.1973;0;177
SAHMETE;17;3.6.1971;0;17
DURUYAN;4;12.9.1970;0;4
SALUHA;8;22.4.1956;0;8
ABDULMURTAZA;2;19.12.1978;2;0
FEYRUSHAN;24;7.4.1976;0;24
TANZIRE;8;10.3.1966;0;8
HUVAYDIL;2;11.3.1985;0;2
VEDET;31;22.11.1968;17;14
NAZAMETTIN;13;30.1.1962;13;0
MUSATFA;20;8.6.1976;20;0
HINDISTAN;85;29.1.1978;4;81
YILMAZE;4;1.8.1971;0;4
BENNIYE;9;5.7.1943;0;9
SILHADIN;3;30.2.1973;3;0
HAYLETE;11;14.5.1967;0;11
EPRIYE;5;12.8.1979;0;5
HEYBETTIN;16;18.11.1972;16;0
YEZGIN;2;27.11.1980;2;0
MENSULE;33;30.12.1970;0;33
TAKIBE;30;28.1.1964;0;30
AJDAR;9;7.1.1982;3;6
FARCO;2;19.7.1966;2;0
VILYAM;9;2.7.1978;9;0
KAIZE;2;9.12.1990;0;2
NAHIYAT;4;10.4.1965;4;0
NUSER;7;24.11.1957;0;7
KIRISTINA;9;28.3.1975;0;9
SEMIREMIZ;3;24.6.1966;0;3
JOZEF;116;30.7.1952;116;0
ROBIN;21;15.7.1982;17;4
KESERE;2;1.3.1967;0;2
SONIA;26;27.8.1967;0;26
YILDA;107;11.3.1979;3;104
DEHDIS;2;27.2.1974;2;0
NATICA;4;8.4.1989;0;4
SINCO;15;5.10.1957;15;0
KIM;14;25.2.1974;5;9
HIRMIZ;2;27.2.1938;2;0
ELBARA;2;27.2.1956;0;2
LIDYA;87;22.1.1973;0;87
MATTHAEUS;2;6.10.1990;2;0
SUSANNE;28;2.2.1972;0;28
TEHLO;3;3.7.1948;3;0
DILNAS;3;25.12.1981;0;3
ZAMATA;2;2.8.1963;0;2
NARINCE;34;24.1.1971;0;34
ENDEREVOS;2;27.4.1950;2;0
MIKAYEL;10;21.9.1975;10;0
MEHMETSAIT;65;28.9.1971;65;0
HARCIYE;14;25.5.1973;0;14
HATMAN;36;11.3.1955;2;34
MARUSEN;2;27.4.1974;0;2
LAMHEN;2;7.2.1970;0;2
HACEM;2;1.10.1985;0;2
SIBLI;79;10.2.1962;79;0
CALI;3;13.10.1966;3;0
SEMLANI;2;17.8.1924;0;2
CENAR;6;23.10.1975;6;0
CAHVER;30;24.1.1970;30;0
SERILLAH;2;1.8.1982;2;0
ABUZAT;3;26.12.1959;1;2
MARTINE;6;3.9.1970;0;6
HATE;23;30.12.1945;0;23
KARIN;251;12.11.1974;1;250
NAHRIN;15;21.8.1985;0;15
AARON;4;15.11.1979;4;0
CUZFIN;2;17.3.1970;0;2
HAYFE;15;2.6.1959;0;15
BONCI;4;14.3.1939;4;0
SAVMI;39;17.6.1952;39;0
NAZELIN;32;24.1.1966;0;32
HAFSED;4;29.9.1943;0;4
RABII;8;28.7.1974;8;0
HIZE;4;12.7.1977;0;4
ILOK;2;19.6.1929;0;2
MEJDIN;9;6.8.1974;9;0
SAHIM;46;19.5.1961;41;5
MIRE;30;15.3.1953;20;10
AMILIN;2;2.7.1970;0;2
BOBIL;19;3.9.1965;19;0
LILLANA;2;17.4.1992;0;2
TONI;50;20.1.1975;43;7
SULYET;3;4.2.1960;0;3
DAHHO;2;16.4.1956;2;0
APTONIA;2;25.8.1988;0;2
MAHBUBA;32;14.4.1966;0;32
PIEER;2;22.10.1985;2;0
GEORIGE;2;23.3.1984;2;0
BISIM;2;23.2.1979;2;0
SAROKIN;2;23.8.1980;0;2
GULAYSEL;5;8.8.1966;0;5
HAZNU;6;16.11.1951;0;6
VEZIHE;48;7.9.1964;0;48
GULBEYEN;10;15.12.1976;0;10
NAZIKI;7;9.8.1956;0;7
NURSEZEN;7;24.7.1986;1;6
INSALLAH;10;15.4.1981;5;5
ERDAHAN;24;2.11.1966;13;11
VILYANA;2;13.1.1965;0;2
RAHEL;90;6.9.1953;0;90
RIN;2;9.1.1973;0;2
VERDEKI;4;3.6.1959;0;4
DEVID;2;27.1.1983;2;0
HENAN;6;11.11.1978;1;5
ILIYO;13;17.10.1939;13;0
MEREMI;2;26.12.1941;0;2
BEBEKIR;8;28.11.1954;8;0
GULZIN;9;3.5.1981;0;9
VEZUHE;3;15.12.1971;0;3
BEDEN;5;25.10.1963;2;3
SAYIBA;13;24.1.1958;0;13
MOVRIZIO;2;20.8.1985;2;0
OROM;2;1.10.1979;2;0
JANNE;2;10.9.1975;0;2
HAYRITTIN;398;14.2.1955;398;0
MARSILYA;2;16.2.1986;0;2
SENAZI;5;5.6.1970;5;0
MUHEBBET;16;15.7.1962;0;16
ELIME;46;18.1.1960;0;46
REFIDA;4;1.3.1972;0;4
CLAUDIA;53;2.7.1971;0;53
ADWAR;2;2.9.1983;2;0
PETROS;7;28.2.1978;7;0
IVI;7;29.12.1954;0;7
BAHYETTIN;109;27.10.1973;109;0
NABIL;19;30.1.1968;19;0
FERUSHAN;2;1.1.1969;0;2
ELBIRAN;17;2.10.1980;0;17
HUBEYD;5;29.3.1987;5;0
SEKRIZAN;2;21.5.1948;0;2
GAFFUR;66;10.11.1963;66;0
YESRUBE;3;22.3.1985;0;3
HEMZE;12;28.8.1958;12;0
NEFLA;6;1.4.1963;0;6
HAVZULLAH;170;9.5.1981;170;0
SAMUYEL;6;19.12.1975;6;0
ZIKEYE;2;6.6.1982;0;2
CATALINA;16;30.4.1980;0;16
NIKLAS;2;11.8.1988;2;0
DANIAL;2;10.2.1988;2;0
LIZ;38;22.9.1972;0;38
HANNI;76;29.7.1956;8;68
MARI;572;13.10.1951;1;571
EDVERD;2;2.7.1951;2;0
TESIHA;9;23.10.1979;0;9
FELEKNAZI;2;27.4.1956;0;2
NURSIVEN;2;25.8.1978;2;0
PEYRUZ;46;18.3.1964;3;43
METEBER;5;3.6.1975;0;5
BAHTI;84;6.1.1964;50;34
SINI;112;8.12.1962;1;111
ZENAVER;4;15.8.1982;4;0
NASICA;2;6.2.1980;0;2
ILIJBAH;2;24.5.1955;0;2
CAG;15;12.11.1980;14;1
NABERT;2;27.1.1935;0;2
MUSE;23;25.10.1961;21;2
DELLU;2;12.2.1929;0;2
NICBAH;2;11.6.1973;0;2
MIDYAT;12;19.3.1971;7;5
KESERI;35;16.9.1970;0;35
ICABI;259;19.7.1965;258;1
HIPSI;4;13.8.1959;0;4
HUNU;3;4.6.1975;0;3
DENDAH;4;14.3.1982;4;0
BIRGITT;3;20.5.1978;0;3
SEHDI;10;8.5.1967;9;1
HAYAFAR;2;8.12.1951;0;2
GULAZ;9;26.7.1965;0;9
VATFO;2;4.3.1951;0;2
SINIVIL;2;12.2.1947;2;0
SEKKIR;10;28.2.1961;6;4
GUDAN;5;19.4.1980;4;1
GEHUI;2;2.8.1915;0;2
MENDUSIYE;2;19.7.1978;0;2
NEYSERAN;2;1.8.1978;0;2
HAFZILLAH;3;18.12.1979;3;0
CESURE;10;1.1.1967;0;10
SAINI;2;27.2.1944;0;2
MAHBURE;35;30.11.1957;0;35
MUKADDIRE;3;12.6.1962;0;3
MESMIA;13;29.2.1980;0;13
NAHROZ;2;9.11.1976;2;0
ELIJABET;2;19.9.1961;0;2
FARCA;2;27.2.1932;0;2
HELENE;12;13.2.1965;0;12
CHRISTELLE;3;1.4.1981;0;3
LIJBE;2;19.8.1930;0;2
ROBIR;2;22.12.1985;2;0
JOZEFH;2;13.3.1980;2;0
MUBERRE;39;23.10.1961;0;39
KESSIBAN;2;8.8.1974;0;2
CUZEYF;2;3.4.1951;2;0
MECDE;3;28.12.1977;0;3
MARCO;8;21.5.1986;8;0
SEVERIOS;2;12.6.1991;2;0
GULYANA;6;15.11.1973;1;5
JULIANA;10;25.6.1976;0;10
SANHAARIP;2;28.7.1978;2;0
HELENCRSTINA;2;13.10.1981;0;2
CEMIS;23;8.9.1959;5;18
VARHI;2;7.8.1934;0;2
NABUCHABNOSAR;2;8.6.1978;2;0
DITA;2;2.5.1982;0;2
MINSON;2;26.5.1986;0;2
MEKEN;3;25.5.1980;2;1
ACAC;5;3.4.1961;5;0
ENICE;2;9.10.1989;0;2
TASIM;68;15.4.1965;68;0
KAYSETTIN;3;13.1.1984;3;0
DURYAN;17;4.10.1962;0;17
PISO;4;28.5.1948;2;2
FARIYE;148;25.6.1957;0;148
SEYZA;11;30.6.1973;1;10
FERSAH;25;1.9.1967;9;16
HARFAT;2;15.12.1991;2;0
DIYAB;22;18.4.1957;22;0
JULYANA;8;2.9.1984;0;8
NISBAH;5;11.9.1961;3;2
HARAMSIYE;2;22.3.1979;0;2
ROMIL;2;15.8.1980;2;0
MECO;21;27.2.1951;14;7
CAZFIN;2;12.2.1941;0;2
MORIS;119;8.4.1963;118;1
ANTUVAN;27;20.9.1957;27;0
YAHKO;18;21.3.1961;18;0
MUASSER;16;29.8.1965;2;14
BEYBUN;310;15.12.1967;0;310
LEZZET;14;24.3.1961;3;11
ADAY;25;9.7.1978;23;2
ANNE;53;3.3.1955;0;53
MELIZA;11;15.5.1980;0;11
ZAHORA;2;2.5.1970;0;2
ANTON;5;1.10.1948;5;0
DEKLATH;2;12.10.1984;0;2
JASMIN;50;10.2.1983;1;49
RANI;13;12.1.1953;3;10
CHRISTIYEN;2;2.12.1979;2;0
SIMONA;35;20.9.1976;0;35
VEDO;2;22.8.1925;0;2
ABI;9;10.10.1944;8;1
LEYNI;3;5.6.1985;2;1
GEBRIYEL;13;24.8.1983;13;0
SERBE;3;9.11.1968;2;1
ELIZABETH;50;25.2.1967;0;50
METEY;2;11.12.1983;2;0
HUNAFI;12;18.2.1957;0;12
VILLIAM;3;18.4.1974;1;2
ELINE;8;2.8.1973;0;8
YAHKOP;2;27.2.1956;2;0
MEYYO;7;20.7.1946;0;7
MATHIAS;4;28.10.1982;4;0
MARLIS;7;27.9.1983;0;7
OSTYAN;2;25.7.1961;0;2
MATYUS;2;29.2.1991;2;0
KURYAKOS;4;10.11.1977;4;0
ROZ;10;22.1.1961;1;9
MARAVGI;37;17.9.1958;37;0
NARCIN;31;12.1.1975;7;24
SIMUN;6;18.5.1956;6;0
FEYNEZZUR;2;28.6.1973;2;0
JAKOP;2;2.5.1963;2;0
NESMI;29;5.2.1962;19;10
ISHOK;4;15.8.1987;4;0
BEDNARIN;2;13.9.1976;0;2
EMELIN;14;18.3.1953;2;12
RAYHAN;120;6.8.1961;47;73
NEHRIN;37;3.3.1980;14;23
BIRCI;6;9.9.1961;0;6
AHRUN;5;19.5.1963;5;0
GABRIELLA;19;16.10.1975;0;19
MENSI;3;6.8.1973;1;2
ARIDA;2;1.9.1978;0;2
MISKO;3;29.10.1940;3;0
ELINIE;2;9.8.1974;0;2
VERCIN;55;2.1.1951;1;54
LANA;14;3.6.1973;0;14
ELILYA;2;26.4.1963;0;2
KASTANTINIYE;2;27.9.1938;0;2
REHBER;133;30.6.1972;106;27
CEMED;8;26.11.1956;0;8
KADRETTIN;57;4.2.1963;57;0
MECDIN;24;30.10.1961;24;0
KRISTINE;14;13.8.1972;0;14
ZINAVAR;2;7.5.1976;2;0
IKTIDAR;9;22.11.1974;3;6
NAUZAT;2;1.1.1990;2;0
KEYNI;12;16.1.1953;0;12
SEVKED;3;19.7.1958;3;0
KERIMEN;13;30.1.1967;0;13
MAKSO;16;2.11.1950;15;1
FARCIYE;2;21.11.1972;0;2
MEHAVI;2;7.3.1970;2;0
SEYREN;12;17.6.1979;1;11
ANCUR;4;15.2.1977;4;0
EMNI;8;14.8.1955;0;8
ANDORA;2;16.7.1982;0;2
HARNUF;2;18.4.1960;0;2
RASTAM;5;11.12.1958;5;0
FAHAT;73;2.10.1968;73;0
MENCUK;2;16.11.1982;0;2
DIVANI;6;9.12.1965;4;2
SEHIZE;30;14.11.1958;0;30
BILANT;24;25.2.1968;23;1
EBLIN;4;7.2.1970;0;4
NARAMSIN;2;18.8.1991;2;0
EDVERT;4;27.3.1956;4;0
ALBERE;3;18.5.1970;0;3
EYNUR;21;24.8.1972;4;17
ILYAN;11;10.1.1964;5;6
LIVIZE;6;23.1.1950;0;6
FLEMIN;2;26.3.1976;0;2
HIZMO;2;16.3.1957;0;2
LILI;45;17.12.1959;0;45
JOZEFIN;25;6.6.1940;0;25
JOSEPH;7;21.1.1974;7;0
MIRJAM;7;27.4.1984;0;7
ELINOR;2;15.2.1984;0;2
CHAMIRAN;2;12.1.1977;0;2
TERESA;14;21.12.1962;0;14
MELISSA;139;7.12.1984;0;139
ANDRIAS;2;18.8.1987;2;0
RADIYYE;5;4.12.1964;0;5
BEHZETTIN;3;20.9.1963;3;0
MANNIRA;2;1.3.1948;0;2
GINVE;2;21.10.1982;0;2
ELISEBATH;2;8.10.1974;0;2
GURCE;24;7.4.1958;1;23
LUCAS;2;14.2.1983;2;0
MADLEEN;2;24.12.1990;0;2
NAAMI;4;4.2.1937;0;4
MEHREM;55;25.3.1959;8;47
ALDRIN;2;11.5.1982;0;2
RAFHA;3;22.3.1958;0;3
CULYANO;2;24.8.1973;2;0
NAHRO;3;24.11.1974;3;0
FUTRUS;2;9.2.1970;2;0
BAREKET;3;27.7.1959;3;0
METHER;2;17.2.1948;0;2
BEKKIR;19;29.11.1978;19;0
SEHBEDIN;4;21.8.1980;4;0
TERIBE;2;2.9.1939;0;2
FERSEH;2;27.2.1974;0;2
SAHALI;153;21.3.1966;152;1
TAKVA;12;6.5.1973;1;11
SINCAN;48;24.6.1970;26;22
HATTI;11;2.5.1953;2;9
DIRSIM;7;25.1.1977;2;5
HINNAS;3;19.6.1948;0;3
JEKLIN;7;24.11.1960;0;7
AGNIZ;2;1.1.1;0;2
FARUCULLAH;2;1.1.1;2;0
ANDREYAS;2;16.11.1986;2;0
ANTUN;8;27.12.1939;8;0
SHEMIRAN;2;16.8.1977;0;2
ANDRAVUZ;2;16.12.1956;2;0
PETRO;25;23.4.1955;25;0
GEVRIYI;24;26.6.1946;24;0
HILI;10;24.5.1947;0;10
LEMIZ;10;25.1.1965;0;10
VALIT;14;14.12.1969;14;0
ANDRE;19;3.11.1971;18;1
MORITZ;2;20.12.1983;2;0
ANELREA;2;15.1.1982;0;2
HANNLERE;2;24.1.1981;0;2
ILITA;2;11.1.1957;0;2
KULIK;11;5.11.1963;3;8
CEKLIN;9;10.1.1971;0;9
MEMETBESIR;2;27.6.1929;2;0
EDHEMO;2;27.2.1974;2;0
NERCIS;15;5.11.1957;0;15
IME;8;3.1.1955;0;8
KEMALEITTIN;2;4.2.1972;2;0
ELBISABETH;2;9.2.1990;0;2
MAHARIN;2;14.2.1986;0;2
FIRENCESKE;2;2.4.1977;0;2
EFGENIA;2;25.11.1974;0;2
MATTHEUS;2;1.2.1989;2;0
KURYO;4;28.11.1933;4;0
HAFO;14;30.3.1941;2;12
AVNAT;2;1.4.1991;0;2
TIRHI;29;30.6.1965;29;0
SONI;96;24.4.1958;1;95
HAFIF;128;26.6.1963;29;99
HAMPARSON;3;8.8.1971;3;0
MIRYEM;217;30.9.1957;0;217
ASSYRIA;2;25.2.1979;0;2
GELO;6;29.12.1946;6;0
KINAN;8;6.4.1978;7;1
PATRICK;10;14.1.1979;10;0
FILEKSINOS;2;19.3.1978;2;0
DILGES;60;20.2.1986;36;24
NESEB;12;14.12.1961;1;11
HAZME;23;16.3.1963;0;23
BETHNAHRIN;2;6.7.1981;0;2
BEDNEHRIN;2;22.3.1973;0;2
AHRUL;2;14.11.1972;2;0
ZIYALE;2;8.4.1970;0;2
ELIKSANDRA;2;9.1.1972;0;2
DINYI;4;27.5.1932;0;4
ALBERTO;15;16.5.1957;15;0
AMONYEL;2;27.2.1950;2;0
UMMUS;1349;22.10.1957;0;1349
SEVRUN;2;7.1.1981;0;2
SIKKO;5;8.6.1955;1;4
MAGDALENA;7;7.6.1974;0;7
ELIAS;4;27.10.1986;4;0
LILYANA;14;5.4.1963;0;14
GILYANA;2;6.7.1981;0;2
ANKIN;14;7.5.1952;0;14
YUHANNES;3;11.10.1984;3;0
YUNAN;2;27.12.1955;2;0
MERIA;4;7.2.1965;0;4
NEVERD;3;1.2.1948;0;3
HILDA;198;29.3.1969;0;198
ELMEZ;6;23.4.1955;0;6
TAHSINE;103;12.9.1952;0;103
NURSAIT;35;30.9.1973;35;0
MUSBAH;94;10.8.1967;93;1
SALIC;1298;4.8.1960;1;1297
RENA;114;24.2.1970;0;114
NIBEHE;2;17.2.1966;0;2
SEVRETTIN;3;5.9.1974;3;0
KEYSETTIN;2;11.2.1980;2;0
CEFFI;2;7.2.1946;2;0
WALAT;2;28.9.1987;2;0
HULFA;374;10.11.1960;0;374
POLINMUKADDES;2;18.9.1976;0;2
PEYRIT;2;6.1.1970;0;2
REBECCA;14;3.4.1973;0;14
SIBO;3;16.11.1967;3;0
VILDA;55;5.9.1974;0;55
BERSAVUM;2;4.1.1941;2;0
SIKKARI;9;18.1.1949;0;9
DENISE;46;18.7.1973;0;46
GELGAMESH;2;20.9.1981;2;0
POLI;9;8.7.1955;4;5
ORAKA;2;9.8.1978;0;2
POLIN;28;10.8.1965;0;28
KATHLEEN;10;14.9.1958;0;10
JORJ;17;9.9.1953;17;0
KUSTANTIN;2;29.3.1965;2;0
ELINI;2;18.8.1941;0;2
VERDIKI;4;19.11.1948;0;4
TOMAZ;3;21.4.1977;3;0
SANHARIB;2;30.3.1986;2;0
ALEKSANDIR;10;2.8.1965;10;0
BOBIY;4;21.5.1985;4;0
MAJDA;2;11.10.1979;0;2
FABIO;8;25.6.1978;8;0
SHIRLEY;11;3.8.1955;0;11
ISLEYMUN;2;17.8.1912;2;0
NARMAN;118;19.9.1962;32;86
ABJAR;2;21.10.1981;2;0
MIRIAM;15;30.5.1978;0;15
JONNIY;2;30.6.1978;2;0
JEANNETTE;4;29.7.1978;0;4
RASEL;248;14.8.1947;0;248
SIMONI;2;12.2.1960;0;2
SAMIYEL;12;29.12.1969;11;1
NINVE;4;23.1.1983;0;4
SULEFE;2;2.4.1976;0;2
ACIK;15;26.4.1713;6;9
YILMAZHAR;2;11.1.1938;2;0
EDRA;13;28.8.1987;1;12
YILFAN;2;10.12.1985;2;0
ARIM;6;6.1.1957;4;2
ILONA;40;22.5.1969;0;40
KINORA;2;24.8.1984;0;2
FEBRUMIYE;2;14.4.1982;0;2
JAK;195;24.8.1953;195;0
LIDYAL;2;7.4.1964;0;2
SAMOYEL;3;1.5.1956;3;0
BARSI;2;2.8.1927;2;0
MEREN;5;11.1.1957;0;5
BILDAN;162;17.9.1969;2;160
KIMO;3;3.2.1977;0;3
TURMERI;2;23.4.1973;0;2
FADIA;4;8.7.1968;0;4
MARIO;29;20.10.1964;28;1
MESDEL;2;6.6.1987;2;0
OZALIYE;2;16.8.1965;0;2
MASAALLAH;29;16.11.1972;10;19
KESNEDE;2;21.7.1987;0;2
TEVVAR;2;27.11.1956;2;0
NECVEL;4;21.12.1981;0;4
DIYAADDIN;55;24.11.1976;55;0
SIYADERE;2;22.2.1961;0;2
MARLEN;16;22.12.1964;0;16
LISBA;4;10.8.1960;0;4
ISHAKO;2;25.5.1938;2;0
NURHILAL;75;17.3.1975;1;74
MUKRIYE;23;22.1.1967;0;23
IHVEDEDE;2;27.8.1974;2;0
KUBAT;35;15.6.1970;35;0
ZEDE;25;25.4.1960;2;23
BIRCE;241;28.10.1985;3;238
MAZO;7;30.10.1941;4;3
ZEHRANUR;109;21.1.1983;0;109
GULFAKAR;2;20.7.1982;0;2
FERAHMENCI;2;13.11.1985;0;2
NIBAL;12;6.6.1975;0;12
RADIME;6;16.1.1959;0;6
NARICI;15;21.8.1973;0;15
HIPO;2;2.2.1969;2;0
SIGAYRE;3;28.10.1938;0;3
MINIP;5;30.1.1973;5;0
WANGYU;2;22.11.1979;2;0
ZEHRO;6;15.7.1962;0;6
HENA;47;28.6.1973;0;47
KIRISTIN;20;30.11.1979;0;20
ROZINE;2;16.1.1978;0;2
PHELIPPE;2;29.3.1971;0;2
KRISTIN;71;5.6.1979;0;71
SONY;2;10.2.1974;0;2
ILLO;9;20.11.1683;8;1
SILWA;2;17.12.1980;0;2
MANUELE;2;29.7.1972;0;2
HANNE;47;12.2.1962;27;20
EVELIN;3;13.11.1986;0;3
KETRIN;51;20.7.1970;0;51
ELBIR;21;7.2.1969;15;6
EMENUEL;2;26.4.1966;2;0
MIHAIL;132;12.3.1957;132;0
CAK;4;3.3.1954;4;0
ERDAS;27;3.4.1965;27;0
SULAYMAN;19;16.1.1966;19;0
KRYAKOS;2;17.9.1960;2;0
ABDULBATI;2;16.11.1981;2;0
NURIDIN;9;14.2.1969;9;0
SONJA;25;20.3.1973;0;25
HIZNIYI;2;27.2.1974;0;2
JACLYN;2;29.4.1988;0;2
HAVO;6;24.3.1967;0;6
ESVERI;34;28.10.1973;34;0
YUMNA;21;18.12.1981;0;21
MONA;35;3.12.1975;0;35
ADIBA;6;21.12.1971;0;6
TEHERESA;2;17.12.1984;0;2
DONIS;2;1.6.1984;0;2
SEVILCAN;479;26.7.1976;9;470
SIMUNNI;2;2.2.1945;0;2
STEFANIE;12;1.8.1982;0;12
FAULUS;2;28.11.1989;2;0
HAMNO;2;8.2.1958;0;2
FATROS;2;13.4.1979;2;0
DURA;95;30.12.1959;2;93
VEFE;4;7.4.1986;0;4
MUALYE;2;29.6.1981;0;2
FULUR;4;1.10.1970;0;4
ERVAN;52;13.3.1972;44;8
NATALYA;164;24.9.1974;0;164
VERDEL;3;21.4.1978;0;3
HEYBATULLAH;2;21.10.1986;2;0
BIZARI;11;6.4.1963;0;11
IRDOGAN;2;30.4.1933;0;2
KECCO;3;19.5.1961;0;3
IMAD;45;6.7.1977;45;0
GUINA;2;28.1.1988;0;2
KECE;2;12.4.1971;0;2
FEDI;40;2.11.1953;17;23
SABGIYE;2;17.2.1960;0;2
MUKDAT;130;22.12.1956;130;0
RUMIYA;6;11.5.1972;0;6
FEZULLAH;55;30.5.1966;55;0
EYVES;10;7.6.1969;10;0
SARAC;22;13.2.1971;22;0
SAYRANE;4;9.8.1973;0;4
SERVERT;3;20.12.1972;1;2
ESYEL;3;16.2.1976;1;2
GURCIHAN;107;7.11.1966;11;96
AYNIHAYAT;26;15.4.1955;0;26
FARAHDIBE;3;13.1.1979;0;3
ILHEMI;2;27.6.1980;2;0
KEHLE;68;30.4.1952;0;68
MINUVER;2;26.8.1978;0;2
EBUZEYD;14;10.5.1965;14;0
SOBHIYE;2;27.8.1968;0;2
TUTHAN;3;14.12.1968;0;3
FIRAYSE;2;6.2.1981;0;2
METIA;15;29.7.1966;0;15
SEHREHAN;2;26.3.1939;0;2
KULEYP;4;20.8.1960;4;0
REYSO;10;11.11.1950;10;0
KERAMETDIN;22;20.8.1965;22;0
ZIBEYDE;21;14.8.1965;0;21
MARDIYA;5;1.6.1976;0;5
AYATTULLAH;4;25.3.1982;4;0
ELBUHAR;2;27.2.1974;0;2
RUFA;6;25.12.1961;0;6
NICAH;7;3.6.1969;0;7
IHVADIDA;2;26.7.1959;2;0
ZIYAD;57;17.3.1976;57;0
GULSENE;45;1.5.1968;0;45
NEDIYE;175;9.8.1966;0;175
HIND;14;8.7.1967;0;14
HEMDIYE;140;19.5.1961;0;140
AKIL;557;30.7.1958;545;12
SUBHIYYE;2;27.12.1950;0;2
MEVHUBE;33;30.2.1970;0;33
SEMYE;26;23.10.1972;0;26
JESSRA;2;12.4.1986;0;2
NESLINAN;2;19.2.1980;0;2
ZAKARIYA;2;26.5.1988;2;0
HUVVEZ;2;28.3.1974;2;0
SUUDIYE;48;14.4.1964;0;48
MEHMETNAIM;4;26.10.1980;4;0
ABDULVEHEB;2;17.6.1973;2;0
MECIDO;2;22.1.1936;2;0
RAFAT;18;13.9.1960;17;1
RAFIZE;23;9.12.1956;0;23
KEVKEB;24;3.11.1963;1;23
MARVA;6;20.9.1988;0;6
ABDULMAKSUT;5;24.6.1970;5;0
BESSAM;18;16.9.1968;18;0
SIYAMENT;55;16.5.1977;55;0
MEKAIL;113;5.11.1976;112;1
ZEYHEP;6;17.7.1972;0;6
HIYEM;26;13.6.1976;0;26
FERDEVZ;5;28.6.1988;0;5
DILMAN;30;17.2.1977;6;24
ESEMIN;16;9.10.1975;0;16
SOAT;4;11.9.1975;0;4
DEHUT;4;7.4.1963;4;0
SIYEM;12;3.4.1975;0;12
ZIYE;10;20.9.1963;10;0
ZIHDO;2;7.2.1976;0;2
FERDOS;12;21.3.1966;0;12
HASIB;132;15.9.1961;131;1
ZEYNA;41;21.1.1962;2;39
HANEN;44;13.3.1981;12;32
HENEN;8;22.1.1979;0;8
SUMAYA;15;25.7.1972;0;15
OLLA;2;25.5.1985;0;2
NADIYA;79;23.11.1966;0;79
NACAH;8;25.9.1970;1;7
FADI;105;3.9.1958;18;87
ABIRE;5;23.10.1971;0;5
HODA;68;30.7.1959;0;68
BASSAM;6;12.7.1974;6;0
MOHAMAD;5;18.2.1955;5;0
IRYAD;8;26.12.1966;8;0
MINIRA;37;15.3.1963;0;37
MEBRURA;2;12.1.1929;0;2
ESMIYHAN;2;2.11.1981;0;2
ZIYET;7;3.1.1977;7;0
HUVEYDE;46;16.2.1966;0;46
VISEM;10;18.4.1979;9;1
IZYAD;2;20.3.1976;2;0
GANIYE;286;26.3.1959;0;286
KONI;3;24.7.1973;2;1
HULUT;5;16.11.1989;0;5
MEZIN;14;28.3.1967;8;6
RANDE;5;2.8.1976;0;5
RANDA;11;10.10.1976;0;11
HUNEYNE;11;28.6.1971;0;11
MEHDO;2;2.2.1951;0;2
HENYE;2;4.6.1975;0;2
ELVIS;38;4.12.1974;24;14
HISNIYE;5;17.11.1968;0;5
RECA;35;8.5.1966;6;29
NUHE;6;4.11.1968;1;5
ALAIDIN;4;9.11.1965;4;0
RASCHID;2;2.12.1988;2;0
TANJA;25;14.2.1978;3;22
TAYIBAT;7;14.9.1960;0;7
HIMME;2;7.2.1946;0;2
TADVA;2;1.6.1990;0;2
ZEKAY;23;6.10.1967;20;3
OLUTE;2;17.2.1960;0;2
SAHRI;46;10.12.1959;2;44
PHILIPUS;2;6.11.1982;2;0
LEYA;46;10.6.1948;1;45
BASIM;12;23.1.1971;11;1
ZENE;5;21.2.1967;0;5
FAYYAD;7;28.4.1958;7;0
IHRAT;2;22.9.1991;2;0
ZAHRETTIN;38;2.12.1968;38;0
MUHUTTUN;21;25.4.1969;21;0
RENDE;37;5.4.1966;0;37
DALYA;59;24.3.1979;0;59
AHMAD;9;26.3.1714;9;0
YULYA;4;25.9.1985;0;4
EJDET;7;1.7.1981;7;0
AMANDA;14;11.10.1975;0;14
RADVAN;6;10.5.1964;6;0
ZUHA;12;22.5.1963;0;12
DUMMAR;3;21.4.1979;3;0
LOZAN;9;8.6.1969;9;0
MEDARI;7;22.5.1982;6;1
YESRA;71;4.11.1977;0;71
JONNY;5;7.1.1990;5;0
BENYAMEN;2;8.6.1989;2;0
YOSEF;25;21.3.1958;25;0
EDMON;17;26.7.1957;17;0
JALET;4;1.2.1962;0;4
MISHARIMA;2;7.12.1989;0;2
SARGON;11;4.4.1979;11;0
MANAL;10;23.2.1981;0;10
EMENI;7;24.1.1983;0;7
CED;5;16.4.1978;5;0
IMET;20;11.8.1975;19;1
DANYEL;69;10.9.1971;67;2
FLORENTINA;39;10.5.1974;0;39
MAHRUZ;5;1.8.1952;2;3
GAZVE;7;16.2.1962;0;7
AHLAM;14;30.2.1978;0;14
KHANOM;2;27.8.1944;0;2
MERVET;21;5.7.1975;0;21
ISTAR;16;17.3.1970;0;16
LILYANE;4;13.9.1982;0;4
OLLE;2;17.6.1980;2;0
VIKTOR;53;11.7.1952;42;11
HUNEYNA;5;3.5.1977;0;5
KATO;12;21.2.1965;12;0
EYMAN;11;21.9.1976;4;7
CHAMS;2;23.2.1974;0;2
EHLEM;9;8.2.1982;1;8
RENYA;2;1.7.1986;0;2
ABIR;31;26.3.1970;16;15
ISAM;39;13.6.1970;39;0
TISEM;5;19.3.1983;0;5
ARDREA;2;9.10.1982;0;2
JOHNANDRIAS;2;30.6.1981;2;0
CEHVER;246;8.7.1968;236;10
HANUN;12;26.2.1951;8;4
BEDROS;127;12.9.1952;127;0
TACDO;2;7.12.1946;2;0
ORBAY;448;16.6.1977;448;0
CUHI;2;12.2.1941;2;0
HAMRO;5;1.5.1953;0;5
BAYKAL;832;20.2.1977;815;17
SEVKETTIN;22;17.11.1959;22;0
KETTINA;2;18.6.1986;0;2
GUSEN;27;8.2.1969;0;27
ALEEDIN;2;7.2.1964;2;0
NESLE;26;7.4.1963;0;26
RANYE;4;7.11.1979;0;4
ELHEM;44;22.9.1971;8;36
KINA;106;13.12.1959;0;106
DILAVAR;5;22.7.1962;3;2
GEVVI;2;16.6.1940;2;0
KIRYO;4;11.5.1951;4;0
FETHO;3;25.9.1951;3;0
RIZKO;8;20.8.1944;8;0
ANTAR;8;7.12.1958;7;1
NIAMI;4;25.7.1939;1;3
FERES;6;17.10.1967;4;2
INTIBAH;3;19.4.1978;0;3
CEYHANI;4;22.11.1970;2;2
SEFRI;10;16.5.1945;1;9
JENDERK;2;8.2.1980;0;2
SEFRE;202;7.3.1958;0;202
COZLIN;2;15.12.1984;0;2
ROZANA;8;10.12.1977;0;8
HAVVE;5;22.7.1971;0;5
GIRAT;2;9.3.1976;0;2
SUBGATULLAH;3;7.2.1986;3;0
MECKUNO;2;2.8.1909;2;0
CHRISTEL;12;19.7.1944;0;12
ROZE;18;28.4.1954;0;18
SELI;58;4.6.1972;2;56
FIRYELN;2;20.6.1978;0;2
ALKSANDRA;2;4.3.1989;0;2
DENIS;50;19.8.1981;34;16
DENIELA;4;24.8.1983;0;4
JONETH;2;7.3.1979;0;2
DOROSI;2;16.4.1985;0;2
IDRIZ;279;10.1.1963;279;0
HEYLAN;6;27.11.1963;0;6
JONES;2;11.8.1985;2;0
CHERISTINA;2;24.2.1978;0;2
SIMUNE;2;10.5.1989;0;2
ADRIAN;5;4.1.1981;5;0
ARTIN;293;3.9.1948;293;0
LYDIA;16;25.9.1970;0;16
ERVIN;190;15.3.1980;144;46
YADEL;37;22.12.1978;2;35
MEYADE;5;5.10.1974;0;5
HIRIYE;10;28.1.1956;0;10
NESEBE;4;20.3.1967;0;4
KEVSEL;23;21.9.1974;0;23
CAPAN;754;9.1.1964;754;0
DENIEL;2;14.9.1981;2;0
INAM;13;10.10.1956;9;4
SADRA;4;27.3.1973;0;4
SIHHO;3;2.4.1957;3;0
LAMO;2;18.4.1951;0;2
CIHET;8;9.11.1967;7;1
MAZI;19;6.7.1964;3;16
M.ZEYNI;2;21.1.1978;2;0
AHMETHAN;99;11.8.1973;99;0
MIKRIMA;13;24.6.1971;0;13
TEKVE;5;8.10.1985;0;5
ABDULGENI;12;12.1.1976;12;0
VESIDA;2;17.10.1978;0;2
IZNUR;52;21.3.1977;1;51
NEZHIYE;2;7.2.1982;0;2
ABDURRAHMIN;4;3.9.1984;4;0
NARE;91;19.1.1958;0;91
MESUTTE;3;22.9.1979;0;3
MAGIME;2;14.5.1959;0;2
RAHIYE;143;25.1.1958;0;143
ABDULALI;40;8.12.1956;40;0
EYVAZ;267;29.3.1964;264;3
ZIYAB;4;18.12.1972;4;0
HADICO;2;18.2.1954;0;2
FIKREDDIN;40;18.5.1958;40;0
HENISE;43;6.7.1964;0;43
BEZGIN;13;15.11.1979;10;3
ADIYE;224;15.11.1958;0;224
DEHEM;5;18.7.1978;5;0
SINE;329;1.10.1964;2;327
NECI;8;10.6.1964;7;1
HAKKIYE;30;23.4.1961;0;30
NADIHE;19;7.5.1970;0;19
BIRBARA;4;24.2.1977;0;4
LILYAN;21;7.8.1966;0;21
HASKIYEL;4;8.4.1985;4;0
ENDIREVOS;2;16.8.1986;2;0
ROHEL;2;30.7.1986;0;2
NEAME;3;20.10.1941;0;3
YULYANA;4;10.11.1977;0;4
BERBARA;2;12.4.1982;0;2
ENDEREOS;2;7.3.1982;2;0
NIJBAH;2;24.9.1980;0;2
SALITO;2;7.1.1988;2;0
GIRIGO;2;15.4.1933;2;0
FETRUS;2;23.2.1970;2;0
LIJBAH;4;17.6.1986;0;4
HIFZILLAH;7;15.8.1978;7;0
YEVSI;7;22.11.1948;7;0
ABGAR;2;27.7.1986;2;0
NAZZI;2;23.4.1961;0;2
FILIFOS;2;12.11.1989;2;0
EFTIN;5;3.5.1974;1;4
BASILIYOS;2;15.2.1991;2;0
FURVAN;2;27.2.1974;0;2
MEDLIN;6;15.8.1981;0;6
ZEBET;5;6.4.1965;0;5
ILANDA;3;20.4.1973;0;3
EBUZET;14;24.6.1969;14;0
SEHRE;43;18.9.1960;0;43
NACYE;22;27.10.1964;0;22
SIRADDIN;2;1.5.1979;2;0
SULEN;40;3.10.1972;3;37
DINAVER;3;24.9.1976;2;1
HURYETE;6;11.3.1977;0;6
ZIRULLAH;2;22.3.1991;2;0
MELEZIN;2;22.11.1991;0;2
GULISA;31;3.8.1970;0;31
OMERHAN;67;20.11.1977;67;0
GAYBE;5;7.4.1964;0;5
HURICAN;30;24.7.1970;0;30
SEYFURA;9;19.6.1975;0;9
FIRYALI;2;25.6.1959;0;2
NEZAMETTIN;41;2.3.1964;41;0
IMAMA;5;12.7.1970;2;3
ELFIN;16;12.8.1978;2;14
GAYIP;28;5.6.1973;27;1
HAYRETE;8;9.7.1967;0;8
CEHIDA;2;30.9.1985;0;2
KUME;11;30.3.1932;0;11
SAADA;4;22.4.1984;0;4
ABDULCELAL;61;16.7.1965;61;0
KISMETI;2;2.5.1975;0;2
ISRAN;4;23.5.1986;1;3
DILOS;6;14.6.1958;0;6
ZIKRETTIN;48;20.3.1966;48;0
ABDULKILAM;2;27.1.1968;2;0
HARICO;2;12.2.1947;0;2
SIGAYRA;2;7.4.1970;0;2
REVIZATE;2;1.2.1974;0;2
TASIA;247;17.3.1966;0;247
HAMRE;8;24.2.1961;0;8
MUKADAR;10;29.3.1969;2;8
HUKMUYE;8;5.11.1959;0;8
MIHYETTIN;26;6.2.1962;26;0
SEHVAZ;3;2.8.1965;2;1
AYSERI;20;23.2.1962;0;20
MENEZIR;2;27.3.1986;0;2
ANNUDE;2;19.10.1989;0;2
MARIFE;304;23.8.1963;1;303
TARIHE;5;19.5.1971;0;5
NESLIHAT;27;19.10.1972;0;27
SAYIZE;43;13.10.1967;0;43
MUNAHI;2;2.2.1981;0;2
MASIFE;48;25.8.1985;0;48
NECCUDE;2;19.10.1989;0;2
BELYAN;8;30.1.1981;8;0
SUADI;18;28.6.1968;12;6
ORDEKI;23;23.5.1966;0;23
LEYLETE;5;29.4.1977;0;5
SELMETE;39;25.2.1969;0;39
HINDIYA;4;6.3.1968;0;4
FINDI;64;27.6.1962;54;10
KIPSI;2;17.8.1936;0;2
VEYSU;3;12.8.1954;1;2
FERCAN;155;3.4.1975;56;99
BIZGIN;3;27.2.1988;0;3
SAKIYE;145;13.7.1955;0;145
KEFOKI;3;20.10.1948;0;3
VATANI;3;17.9.1958;3;0
HAKIMETTIN;4;29.11.1965;4;0
KIRAL;50;9.12.1965;50;0
KEYVI;2;17.2.1960;0;2
BINNO;4;5.8.1945;4;0
NIBEL;29;8.12.1979;0;29
ESHAM;4;11.10.1980;4;0
IHSANI;61;23.5.1973;58;3
SIFNE;8;30.2.1978;0;8
CELLO;5;8.6.1963;5;0
CUMSITSAH;2;17.2.1978;2;0
RAHMATTULAH;2;7.2.1976;2;0
ZECRE;2;26.3.1983;0;2
ESMO;7;1.6.1957;2;5
SIYAMEN;5;5.8.1980;5;0
SACIRA;2;2.2.1975;0;2
MAHKUM;219;11.10.1980;218;1
GAYYA;19;25.12.1945;0;19
BEDRIHAN;55;7.6.1972;36;19
ABDULILEH;6;7.10.1969;6;0
SAKKIR;2;12.10.1935;2;0
NURHIDE;7;6.6.1968;0;7
CILAL;2;17.2.1954;2;0
SUSIN;354;20.4.1969;0;354
HIDAYETTIN;36;28.10.1957;32;4
EMNE;20;30.2.1964;1;19
HILIYE;80;10.10.1959;0;80
TEMIRTAS;6;14.2.1954;1;5
DAYEL;2;12.11.1983;2;0
AMANYIL;2;21.9.1980;2;0
LIZA;103;8.1.1968;0;103
CANIT;20;24.10.1954;0;20
SUFIYE;36;15.8.1957;0;36
KUDI;9;22.4.1940;0;9
MIREN;8;6.1.1956;0;8
ZENAVAR;2;21.10.1971;2;0
MOBIN;7;14.8.1975;7;0
SEGVAN;17;28.8.1979;17;0
RADYETA;2;26.3.1955;0;2
ENUSE;14;14.3.1973;0;14
SIHENE;2;27.1.1974;0;2
MESMIHA;4;29.9.1980;0;4
MELIKAN;51;29.2.1971;12;39
ABEDDIN;10;27.10.1974;10;0
PULUS;2;1.6.1986;2;0
RABIO;3;12.8.1954;3;0
HASNO;4;17.2.1953;0;4
MUHETTIN;55;10.3.1958;55;0
FECRE;24;18.8.1961;0;24
NESRIL;2;12.2.1971;0;2
FAVAY;2;12.3.1941;0;2
ESMIYE;48;3.11.1960;0;48
HIBER;3;15.6.1979;0;3
NEFA;17;3.12.1964;10;7
NEZHET;40;3.2.1957;4;36
ENSIHAN;2;7.2.1970;0;2
SABATULLA;2;7.6.1982;2;0
TEBRIZEN;2;21.11.1966;0;2
MEDYEN;33;19.2.1973;31;2
HIFZIYE;117;14.11.1943;0;117
ZERIHE;4;30.1.1948;0;4
SEKERI;4;28.11.1981;0;4
SANYE;57;12.10.1974;1;56
HASIN;22;22.10.1965;13;9
GELEBDUN;2;17.2.1936;2;0
NISBET;666;2.6.1962;12;654
NEZHETE;33;2.6.1958;0;33
MAYASE;9;2.1.1979;0;9
BEDREN;12;23.12.1958;11;1
SUFI;18;28.7.1952;14;4
SINOKE;2;22.2.1961;0;2
UBEDO;2;7.2.1964;2;0
ZULFETE;6;30.1.1978;0;6
YASRA;4;4.3.1975;0;4
KAORIYE;2;26.3.1985;0;2
BEGU;9;19.9.1955;1;8
MALYA;10;25.4.1972;0;10
CACANE;6;29.12.1945;0;6
RAGDA;92;28.8.1960;0;92
ABDUSEMED;6;7.4.1971;6;0
SAHZENAT;2;17.7.1984;0;2
KANIHA;5;12.2.1973;0;5
HAYIRE;4;30.10.1961;0;4
ADULLE;6;27.3.1949;0;6
ABULMANAF;2;15.5.1954;2;0
SEHRO;14;26.3.1947;0;14
SAFIYETE;70;14.12.1970;0;70
KARACUN;2;7.2.1940;2;0
MEFRICE;7;1.7.1977;0;7
HALISETE;4;3.3.1969;0;4
EZVER;22;14.3.1976;22;0
FADLUN;2;21.11.1991;2;0
ZINO;21;9.12.1952;1;20
ABITE;3;11.10.1975;0;3
HAYAFE;2;24.4.1939;0;2
CANBER;3;28.1.1975;3;0
CEFALA;2;2.2.1951;0;2
EYATULLAH;11;14.8.1985;11;0
M.MARUF;3;2.1.1980;3;0
GAMIYE;4;2.4.1972;0;4
SIHMUSLUM;424;8.10.1963;424;0
AKRAN;3;30.6.1968;3;0
BERJEN;4;3.5.1975;4;0
VAHTA;3;15.9.1973;0;3
BERAKET;7;29.12.1955;7;0
YESRIVE;2;1.9.1985;2;0
SEBATULLAH;18;23.10.1977;18;0
NURILHIDA;3;5.2.1975;0;3
ALBERA;2;27.4.1968;0;2
VENSIYE;2;29.1.1980;0;2
TAKVIYE;5;27.1.1974;0;5
IMISE;49;7.6.1958;0;49
HAYLIYE;56;5.3.1962;0;56
ZULFET;90;30.2.1959;16;74
NIHET;14;15.10.1967;12;2
SILVET;7;19.12.1959;0;7
RABIGE;4;26.1.1964;0;4
FEYZE;21;16.1.1975;0;21
IBARHIM;9;17.2.1967;9;0
LEME;2;2.2.1975;0;2
MEHMETMAHSUM;2;7.6.1968;2;0
MEHMETATA;7;17.10.1965;7;0
MUKEIL;2;22.2.1967;2;0
ZEVRIYE;3;26.6.1955;0;3
DILFER;36;21.4.1966;0;36
DILNAVAS;5;12.11.1978;0;5
MAHSUMA;30;1.2.1974;0;30
AYHANI;4;18.4.1975;0;4
SAHREZET;4;4.2.1973;0;4
SEMEDIN;5;9.6.1965;5;0
FENSE;10;27.12.1973;0;10
NADIRA;19;17.1.1959;0;19
BEYLATA;10;14.8.1969;2;8
TEMIRTAC;4;9.7.1959;0;4
MEZGIN;6;13.3.1984;4;2
KEYFAN;2;17.2.1984;2;0
BEYENDUL;2;3.10.1985;2;0
NUBARIN;4;27.5.1978;0;4
HEBETTIN;2;27.2.1970;2;0
FERSAD;8;8.5.1983;8;0
ESHE;3;13.2.1970;0;3
SEHAN;20;27.3.1970;2;18
SAFFA;8;26.3.1965;3;5
KIYMETTIN;7;11.11.1970;6;1
BEZARE;7;11.5.1963;0;7
MEHMI;6;15.10.1939;6;0
BILINDAR;2;3.11.1991;2;0
ENTISAN;2;29.8.1988;0;2
GIZLE;2;4.12.1988;0;2
BINDEST;2;30.12.1985;2;0
KENIVAR;2;4.12.1987;2;0
BINDAR;5;19.8.1989;4;1
HARFIYE;30;6.11.1956;0;30
MAHBUSE;16;5.12.1968;0;16
YIMNE;2;1.5.1991;0;2
MELULE;2;4.3.1990;0;2
HEZNIYE;9;5.10.1961;0;9
BOZETTIN;3;16.4.1970;3;0
SEYRENI;2;2.6.1975;0;2
TENZIRA;8;13.6.1970;0;8
BEHHIYE;5;14.11.1943;0;5
FILYAS;9;4.9.1980;0;9
FEYRUZAN;8;10.4.1963;1;7
NARIME;371;13.11.1961;0;371
ROHEME;2;27.1.1962;0;2
HADIM;39;17.9.1961;29;10
ZUHDU;244;4.12.1955;244;0
SUAYLA;18;17.11.1964;0;18
TUMEYLE;2;22.8.1991;0;2
SIHEN;5;4.4.1981;0;5
SAHRAMAN;3;27.10.1981;0;3
SEHINABAT;2;12.2.1971;0;2
TECIHE;2;7.9.1979;0;2
HECCE;6;19.4.1964;0;6
BUSRET;2;7.5.1989;0;2
DIRE;9;5.7.1957;0;9
SIPHIYE;6;9.6.1960;0;6
ALAMEDDIN;101;12.2.1971;101;0
KUTBATTIN;4;15.6.1970;4;0
BERCI;4;22.9.1952;0;4
KUPRISE;2;21.3.1967;0;2
SOSINE;24;11.5.1945;0;24
PAOLO;3;27.4.1981;3;0
HAMRIK;2;25.6.1949;0;2
YULYANE;2;17.2.1976;0;2
MERDIN;253;8.4.1968;140;113
ABUZEYD;4;8.7.1957;4;0
SIBHIYE;4;12.4.1965;0;4
BEGEN;7;10.9.1969;4;3
KEVTEP;2;30.10.1957;0;2
KESNEDI;2;12.8.1968;0;2
BERFIK;7;9.1.1959;0;7
BEHDIN;17;23.8.1968;17;0
HUTI;4;18.4.1947;4;0
FANOS;4;14.6.1973;0;4
SISILYA;3;20.3.1972;0;3
KIRISTINE;4;18.7.1970;0;4
ROSMARIE;4;2.4.1984;0;4
ELIZEBET;4;26.7.1975;0;4
MALIKI;96;1.10.1970;78;18
MEGGI;3;9.5.1978;1;2
ELISABAT;2;6.1.1966;2;0
HELAN;4;18.2.1973;0;4
RUSDIYE;92;26.4.1953;0;92
MAZHARETTIN;6;17.8.1962;6;0
ABBUT;23;27.7.1953;23;0
NECIRVAN;11;30.7.1989;11;0
TENBIYE;6;25.6.1961;0;6
YUMNE;4;17.8.1951;0;4
USO;20;12.1.1942;20;0
SEMNUN;4;13.12.1962;2;2
NAIMI;6;11.2.1968;4;2
MISCHEL;2;30.9.1989;2;0
MERO;5;19.9.1950;0;5
ADVERD;2;12.2.1965;2;0
KENEDI;15;6.9.1970;15;0
SEMSIHAT;2;15.3.1965;0;2
SUAP;13;8.8.1966;13;0
LEDYE;2;7.3.1958;0;2
ANTOINETTE;5;28.4.1964;0;5
GULDAG;29;24.12.1977;0;29
IZNIHAT;2;27.5.1986;0;2
PERUSHAN;2;26.5.1978;0;2
HINDIR;2;27.2.1932;0;2
ZAZI;3;22.8.1925;0;3
SILEMAN;2;15.11.1991;2;0
BABRA;2;10.6.1982;0;2
SITTIYI;5;16.10.1951;0;5
KADRIJE;4;9.7.1981;0;4
ATIKET;9;11.6.1966;0;9
HORO;55;15.6.1950;52;3
JENAN;2;22.8.1979;0;2
TUGBEY;11;20.12.1981;11;0
ZEKALETTIN;2;16.11.1970;2;0
ZIKREDDIN;20;22.1.1972;20;0
VILADET;4;3.9.1966;0;4
MUBARREK;4;5.5.1986;3;1
GULSERPIL;5;23.1.1962;0;5
ZANNUR;2;11.10.1985;2;0
BELDEN;3;13.2.1982;0;3
HUSNAVER;65;6.9.1961;1;64
RAHMETTULAH;3;29.9.1970;3;0
TAKYE;2;2.5.1987;0;2
SEYFUTTIN;3;6.9.1963;3;0
NESRI;122;7.7.1967;63;59
M.SIRAC;17;5.2.1953;17;0
HIZRET;196;25.7.1970;16;180
KEFSUME;2;2.5.1975;0;2
AJDAN;51;4.1.1977;31;20
MAVI;785;5.4.1959;38;747
BAYAZIT;586;14.3.1961;585;1
MUHSUL;2;15.1.1976;2;0
HASVA;3;19.12.1955;0;3
GERFALI;2;17.2.1942;0;2
BEHAT;29;7.10.1955;28;1
CAHLIN;2;16.12.1971;0;2
ARMENUHI;42;29.7.1950;0;42
MAKIRIT;2;21.2.1947;0;2
ANJEL;95;22.10.1948;0;95
ZARUHI;85;20.11.1944;0;85
MERRO;4;14.11.1935;0;4
PETER;26;10.11.1965;25;1
ANTONI;15;2.10.1964;15;0
HISNI;32;3.1.1946;3;29
EHLIYE;16;10.6.1965;0;16
SIPAN;36;2.9.1983;25;11
CANLIYE;2;12.5.1965;0;2
PEYRU;2;12.2.1941;2;0
TOMMY;3;5.4.1989;3;0
THERESE;9;16.12.1956;0;9
BENJAMIN;19;3.1.1975;19;0
SEWEM;2;18.11.1980;2;0
GIPPA;2;4.10.1975;0;2
MATTEUS;2;24.3.1991;2;0
EMELIM;2;4.6.1976;0;2
SAMIREN;4;20.7.1962;0;4
SAITE;4;28.10.1959;0;4
GULUYE;30;5.2.1955;0;30
DULGES;4;9.9.1981;0;4
IRMIK;2;16.5.1970;2;0
HIZMIK;2;6.2.1956;0;2
FATIMK;2;7.8.1928;0;2
DEMEET;2;21.4.1982;0;2
MISEL;123;18.4.1962;112;11
MATEHUS;2;26.11.1989;2;0
NURUSSABAH;11;27.4.1960;0;11
MUSTAKIME;164;15.1.1959;0;164
TEGMEN;69;6.1.1972;69;0
RAMIMA;8;6.9.1977;0;8
MIKRUME;2;23.2.1961;0;2
GULHISAR;53;26.8.1960;0;53
SABRA;17;21.7.1959;0;17
BEHLO;4;9.5.1936;4;0
CERIZE;2;1.5.1956;0;2
NURSEFA;524;11.8.1972;36;488
MATIYUS;2;4.8.1990;2;0
SILHA;3;9.9.1963;0;3
AYDO;24;27.5.1956;4;20
ANNALISE;3;24.9.1984;0;3
KRSTINA;2;1.6.1983;0;2
BUNILLA;2;22.10.1977;0;2
SEYITHALIL;8;15.8.1963;8;0
ZEYNULABDIN;2;17.3.1966;2;0
ABDULADIL;5;27.2.1974;5;0
AGID;13;13.2.1988;13;0
ZERKO;3;9.9.1980;0;3
SISAM;7;28.8.1958;1;6
ERDES;2;9.6.1976;2;0
AKMAN;197;28.12.1963;177;20
IMED;6;16.1.1971;6;0
NAZGIN;2;16.5.1987;2;0
ZULFATA;2;7.1.1977;0;2
ZIYAMEDDIN;4;3.7.1970;4;0
DILKEN;4;12.3.1981;0;4
NAIT;163;6.8.1964;161;2
KIYMETI;130;27.11.1955;0;130
PERVAR;4;28.7.1974;0;4
ASAN;55;14.4.1968;36;19
YAKOB;3;18.5.1961;3;0
MORIZ;2;16.7.1983;2;0
HELENI;3;20.4.1980;0;3
ENDURU;2;25.6.1974;2;0
REFHA;5;25.9.1957;0;5
DIBO;81;6.8.1961;79;2
ZEMRA;17;19.10.1971;3;14
TUZAN;3;3.7.1971;0;3
FAKKA;4;18.6.1971;4;0
MURO;6;17.12.1938;6;0
GERNOS;4;10.8.1934;4;0
HAYEFE;2;22.2.1955;0;2
DEGERLI;2;6.10.1991;2;0
NERVET;16;8.8.1970;1;15
BUDRUS;4;6.9.1968;4;0
GIZALE;2;22.4.1961;0;2
SALIBO;2;25.7.1969;2;0
SEBGETULLAH;40;12.12.1975;40;0
EFKAR;75;22.6.1975;46;29
CEMALIYE;857;16.9.1960;1;856
VAHBIYET;2;30.10.1948;0;2
ELMASYA;2;11.12.1973;0;2
VEZNIYE;19;24.12.1953;0;19
MAVIDE;39;29.7.1968;0;39
PIRSENK;5;29.10.1979;0;5
AMRAN;9;18.6.1972;9;0
EJDAT;23;26.6.1975;23;0
KUSE;6;13.8.1932;1;5
FURAY;7;26.12.1978;0;7
SINAZ;41;24.7.1971;3;38
HUSMUGUL;9;9.8.1968;0;9
ROJE;12;4.6.1968;4;8
TELYA;12;28.10.1975;0;12
SORGULE;2;21.4.1982;0;2
INZIBAT;16;17.11.1966;16;0
ZINNAR;27;17.2.1975;26;1
COLE;3;6.7.1984;1;2
EVCAN;93;30.6.1961;9;84
GULCINE;11;8.4.1957;0;11
CENGIN;6;30.11.1976;6;0
KEDERI;9;1.10.1966;0;9
MECIZE;2;12.2.1983;0;2
RINAS;6;11.12.1988;4;2
EZMIRAN;4;18.5.1984;0;4
CIHAZE;2;2.2.1981;0;2
KARE;12;12.9.1958;0;12
DILFERUZ;55;21.11.1957;0;55
SERBETE;2;6.1.1976;0;2
TIINA;2;5.2.1969;0;2
NEGOR;2;12.11.1959;0;2
ABDUREHIM;41;9.12.1963;41;0
ABDURREHMEN;3;16.6.1960;3;0
VELIHAN;40;10.9.1975;33;7
FAYIT;19;8.8.1964;19;0
MAYSA;8;6.10.1979;0;8
KEMIRAN;4;17.5.1966;2;2
FAIT;36;4.1.1963;36;0
NECYA;4;9.7.1960;0;4
YEMAME;12;9.4.1959;0;12
TEMAME;9;22.5.1957;0;9
SIYA;14;16.9.1965;11;3
DULLUCAN;2;13.2.1982;0;2
NOFELI;3;29.12.1951;0;3
VATHAN;88;17.11.1960;1;87
FASIL;16;7.2.1964;7;9
GAYLA;4;17.11.1970;0;4
RESE;8;12.1.1953;0;8
GULFARIN;2;22.6.1979;0;2
NECAR;46;30.7.1957;6;40
FOZA;7;17.10.1959;0;7
SEMIME;82;4.6.1956;0;82
RATIFE;53;12.8.1965;0;53
ROSTUM;2;2.2.1975;2;0
GURRI;20;13.4.1951;19;1
KEYSER;3;20.1.1969;2;1
SEHRAZAT;100;15.9.1970;1;99
NAMIA;20;19.9.1969;0;20
MUHUTEZE;2;7.2.1970;2;0
GULAMI;196;28.7.1974;196;0
PIRKEMEL;2;26.12.1990;2;0
AMUSA;2;28.4.1956;0;2
KESIR;11;3.10.1960;10;1
ZILFA;14;27.6.1960;1;13
KILIP;4;5.8.1970;4;0
SINAS;36;19.2.1968;2;34
AYICHEN;2;24.4.1962;0;2
TERHI;3;25.10.1955;3;0
SAHZINE;23;28.12.1955;0;23
HUVIYE;5;16.1.1969;0;5
EMGELE;2;12.3.1977;0;2
HAPSUN;4;4.6.1962;4;0
GELLO;3;5.2.1932;3;0
ISRAYIL;13;14.11.1963;13;0
DILNAVAZ;22;13.9.1966;1;21
LEVIZ;5;5.9.1980;1;4
SINDA;23;27.12.1988;0;23
SEMEHAT;139;11.6.1963;0;139
HAYRADDIN;8;1.4.1960;8;0
BAHYEDIN;5;29.11.1969;5;0
BABEKIR;11;27.12.1953;11;0
MAYDET;2;2.2.1975;0;2
NUEY;2;18.8.1983;2;0
VEHIDA;5;25.1.1967;0;5
MUSURE;167;30.9.1956;0;167
TERFAN;2;12.4.1985;0;2
BILMES;7;14.1.1971;0;7
FEYRUZHAN;14;5.10.1956;0;14
HEYMUNE;23;30.7.1960;0;23
GARBIYA;5;8.8.1981;0;5
DOLGES;2;24.3.1980;0;2
ROHUL;2;17.12.1980;0;2
VENO;2;17.2.1978;2;0
CICCO;2;12.2.1977;2;0
PETRUS;8;13.9.1975;8;0
HOSENG;5;7.2.1978;4;1
RUSIN;9;26.7.1981;2;7
FILYEN;3;16.4.1985;0;3
REHMETTULLAH;4;23.4.1978;4;0
SAMIRAM;4;18.4.1978;0;4
KURSUN;11;2.1.1955;9;2
ENDRAVOS;2;22.3.1965;2;0
MARINNA;2;18.5.1989;0;2
SERGON;2;11.7.1977;0;2
MIREME;3;22.11.1974;0;3
SEKIYE;25;21.2.1954;0;25
MEYNUR;29;30.9.1970;1;28
MANSIYE;3;13.8.1972;0;3
NUSLO;2;17.2.1936;0;2
SEKIRI;6;6.7.1958;0;6
SARIN;11;8.5.1968;1;10
ABDULHEMIT;19;26.11.1962;19;0
SEHBATTIN;2;20.5.1974;2;0
TAKYEDIN;43;15.5.1973;43;0
FIRHET;2;29.2.1966;0;2
NAZAMEDIN;2;29.1.1970;2;0
KASIME;20;20.10.1954;0;20
REHIMA;124;21.8.1961;0;124
ZEBRICAN;2;2.2.1963;0;2
MAHZUR;3;8.9.1966;3;0
BAIZ;2;11.9.1937;0;2
ZIBO;51;4.3.1951;10;41
OMREN;28;12.12.1968;13;15
SINDAR;25;2.1.1989;8;17
SAHNAZE;3;14.6.1972;0;3
ANFIYE;2;22.3.1979;0;2
SUVARDIN;2;1.10.1985;2;0
VEFAA;2;2.10.1981;0;2
NIMAN;28;22.6.1966;22;6
ISLA;6;2.4.1974;2;4
ARBELLA;2;2.3.1981;0;2
VASMIYE;4;3.8.1960;0;4
MURTEZIN;4;20.12.1961;0;4
MEM;3;15.11.1981;3;0
NECIHAT;13;20.3.1967;5;8
PESLIN;2;2.7.1988;0;2
MUSAREF;5;2.5.1973;0;5
AREBE;4;1.7.1958;0;4
MORAT;2;17.10.1990;2;0
SEHRISTAN;448;17.8.1976;0;448
SAHBAZ;202;21.5.1958;178;24
ANTALIN;2;15.12.1983;0;2
HUSNATA;2;17.11.1972;0;2
JINDA;4;7.2.1989;0;4
RAZA;8;3.4.1964;0;8
NATASCHA;6;8.5.1981;0;6
SARKIS;63;7.7.1963;62;1
YUHANON;2;6.10.1986;2;0
JONATHAN;7;18.12.1981;7;0
IDIRAVUS;2;30.6.1974;2;0
ISLEMIN;2;26.6.1984;2;0
AFREM;2;21.10.1986;2;0
SIDER;12;11.10.1982;0;12
AYHANE;12;30.3.1968;0;12
RANDI;45;20.6.1950;0;45
NISRIN;18;15.11.1979;0;18
AYVES;2;24.1.1967;0;2
RIZAN;97;3.9.1962;27;70
GITRAN;2;17.2.1982;2;0
ZIRHAN;8;18.6.1967;6;2
GAZIK;2;17.2.1942;0;2
HIRYET;2;27.5.1986;0;2
TECRUBE;11;4.2.1960;0;11
NEVILA;11;14.9.1968;0;11
RASSO;6;16.3.1932;6;0
KEVUK;3;26.6.1971;0;3
RICA;20;16.2.1964;5;15
BELEDIYE;3;21.2.1971;0;3
KEYMI;2;3.9.1962;0;2
SENGO;2;2.2.1979;2;0
VALLI;2;4.2.1990;0;2
HINDIZAN;2;26.5.1989;0;2
NEVJIN;2;1.2.1985;0;2
BENEZIR;6;30.4.1990;0;6
TEVFI;3;12.8.1929;3;0
HEYAT;19;1.6.1956;3;16
AYDI;131;25.7.1964;1;130
HUSEYMETE;2;12.2.1971;0;2
RUNAS;2;26.11.1971;0;2
HESINE;29;22.3.1960;0;29
FIRDAZ;6;15.7.1962;0;6
DILVAN;16;2.4.1986;9;7
NASEBI;2;2.11.1975;0;2
SEKIME;8;7.6.1951;0;8
MECBURRE;2;7.2.1976;0;2
REFAI;105;13.10.1972;104;1
ERDEMCAN;17;6.8.1966;1;16
URVETULLAH;2;7.3.1982;2;0
ZEYDIN;802;22.5.1971;802;0
ZEYFET;2;22.8.1961;2;0
NIZMIYE;8;25.4.1965;0;8
ROHNAYI;2;29.1.1991;0;2
LUMA;3;4.4.1975;0;3
VEFADIN;24;5.3.1981;24;0
MUZAYAN;2;19.2.1984;0;2
SAHDULLAH;9;15.3.1977;9;0
TAVFO;8;21.4.1951;8;0
MEHYEDDIN;5;11.8.1969;5;0
MEDKIYE;2;13.4.1941;0;2
MECDER;2;27.2.1956;2;0
FAHIZE;38;2.1.1958;0;38
HADE;7;2.9.1952;0;7
NUFEL;292;26.5.1968;237;55
FEYRUZ;1495;26.3.1969;317;1178
SUNNIYE;45;23.7.1960;0;45
ABDULHAFIF;2;1.12.1982;2;0
FUSAL;2;17.2.1954;2;0
SOMA;9;29.11.1957;0;9
BAAN;3;23.12.1981;1;2
ABDULKUDIS;2;18.6.1983;2;0
SERVETHAN;7;3.10.1970;3;4
TUBAR;4;7.2.1991;0;4
TEYMAN;21;25.8.1964;19;2
RUHIN;4;26.10.1977;2;2
NEYAZ;12;21.1.1967;9;3
AFDIN;2;27.2.1968;2;0
DILIMAN;2;6.4.1984;0;2
HALIYA;16;17.4.1966;0;16
ERDISEYR;2;14.6.1972;2;0
CESAS;5;28.1.1968;5;0
GORAN;4;23.4.1977;4;0
GULINAZ;515;13.10.1956;0;515
HURSITSAH;2;17.1.1966;2;0
HAYATULNUFUS;6;14.5.1960;0;6
EYLIFA;2;13.1.1964;0;2
HADULLAH;4;26.11.1961;4;0
SALTANI;3;10.7.1966;0;3
SUVAR;70;10.11.1974;65;5
ROJBI;7;21.2.1980;0;7
TEKYEDDIN;11;26.10.1970;11;0
EMRATA;2;13.2.1980;0;2
RUVEIDE;2;28.2.1974;0;2
MUHUMMUT;2;23.2.1947;2;0
NEHBET;2;28.5.1948;0;2
DURKAN;44;4.5.1978;43;1
BILEL;5;5.8.1957;5;0
AYSUL;31;19.8.1970;1;30
BESSNE;2;7.2.1964;0;2
MUNVAR;2;12.11.1977;0;2
DAIELA;2;20.6.1979;0;2
HEDYETULLAH;69;21.4.1978;66;3
MURTADA;3;27.12.1979;3;0
GAYA;8;17.3.1967;0;8
SEZAN;298;29.6.1970;32;266
DELBIRIN;2;19.7.1981;2;0
YILDIZE;25;25.5.1949;1;24
ZIRU;3;26.12.1941;1;2
SITTU;7;6.1.1957;0;7
SAFYET;7;3.4.1970;0;7
MENICAN;151;1.3.1973;0;151
ELFESYAN;2;1.12.1976;2;0
TEMIM;44;13.12.1965;44;0
SIBER;270;20.12.1971;3;267
RAHMATULLAH;28;14.2.1974;28;0
NURISE;97;11.10.1960;0;97
FARRASIN;2;12.4.1965;0;2
SARATA;6;11.2.1958;0;6
MENTEHA;7;6.8.1976;0;7
ALIN;178;25.9.1971;9;169
BEDRUS;9;30.4.1965;8;1
FAKTORIYE;2;1.10.1978;0;2
UMRATA;4;12.3.1964;0;4
MUHI;10;25.9.1942;10;0
KEVKES;2;16.11.1986;2;0
MUSUL;9;8.6.1969;8;1
KAVA;11;15.7.1982;11;0
RUJIN;16;17.2.1982;0;16
GULSILEN;2;26.5.1989;0;2
SAHMIRAN;63;28.5.1968;2;61
SELAMA;7;20.5.1968;2;5
HOSNUT;15;4.11.1966;8;7
MECRUN;5;18.12.1977;4;1
RENAZ;5;26.3.1986;2;3
GEBRU;2;1.7.1990;2;0
MUFID;58;20.6.1965;57;1
GULSEHIR;68;23.11.1958;0;68
YOHAN;4;28.10.1988;4;0
YUHHANNA;2;9.9.1988;2;0
DINA;74;10.11.1966;1;73
SALBE;3;17.12.1970;2;1
PEVLUS;2;14.2.1980;2;0
EDVER;3;4.7.1962;3;0
ROSBIN;3;25.7.1981;0;3
GINA;30;27.3.1971;0;30
BEYOND;2;7.2.1988;2;0
VIDAT;166;14.6.1961;11;155
SIVAS;9;6.8.1962;8;1
MELEKIYE;19;15.7.1960;0;19
DOLFIN;2;26.4.1985;0;2
FERHAY;11;24.5.1975;3;8
AUGIN;2;30.4.1991;2;0
MIHAYEL;3;14.12.1987;3;0
JESSICA;14;9.1.1982;0;14
TEDARIS;12;8.5.1959;12;0
MALKE;4;16.5.1978;2;2
FIKTURIYE;2;26.3.1967;0;2
SITERYE;2;1.5.1982;0;2
BULE;3;18.5.1962;0;3
GULBAG;26;20.12.1971;2;24
TEZBIRE;4;8.7.1981;0;4
SUNIK;3;9.6.1962;0;3
GEHVI;2;29.8.1950;0;2
RAHIS;4;9.4.1983;0;4
HARICE;20;13.8.1971;0;20
HAMRIN;6;11.5.1987;0;6
ZEYNABA;6;25.10.1981;0;6
SEHREZAT;14;14.6.1977;0;14
SEYTHAN;26;22.10.1976;26;0
ZEYNU;16;10.5.1951;2;14
GURGUL;25;23.2.1965;4;21
BERINE;5;5.10.1968;0;5
MENDIRAN;2;15.7.1971;0;2
SININI;2;12.2.1965;0;2
CEYHETE;2;20.2.1972;0;2
DILAR;27;1.7.1972;3;24
SIRGEL;2;7.6.1988;2;0
TAKIYEDDIN;3;17.2.1962;3;0
NERSAN;7;15.2.1981;1;6
HEYFA;26;18.2.1977;0;26
TEKLIFE;169;4.1.1973;0;169
EDEBIN;3;13.12.1978;3;0
HAMDUSENE;12;1.4.1985;2;10
ALCIN;28;7.8.1967;16;12
ISMIYE;466;27.7.1956;0;466
CHERIF;2;2.5.1989;2;0
TERIZE;5;6.7.1959;0;5
OYCAN;16;4.2.1977;4;12
SORES;49;10.12.1983;46;3
MARYAM;336;20.2.1945;0;336
FABRA;2;26.6.1953;0;2
SENHARIB;2;3.2.1986;2;0
HULVIYE;75;4.12.1960;0;75
SUZAIL;4;16.9.1960;4;0
BEYRATA;4;1.7.1974;0;4
CEDGAN;2;15.6.1956;2;0
ABDULAHAT;47;27.11.1963;47;0
NASILE;30;18.5.1967;0;30
ESNAN;16;17.7.1963;12;4
ZUMRETTAR;2;17.6.1972;0;2
DILGEC;4;19.12.1981;3;1
KEYFEGOS;2;17.2.1972;0;2
GULDIYAR;123;27.9.1965;0;123
CIVIN;3;30.10.1987;0;3
KENGI;2;12.2.1976;2;0
DILGEHAN;2;2.2.1981;0;2
MARY;32;27.7.1962;0;32
SAMOEL;10;18.12.1937;10;0
BAHIYE;61;19.8.1959;0;61
BEGIN;13;16.3.1967;6;7
BARIZOR;2;21.2.1992;2;0
CABIRE;18;6.8.1960;0;18
POLINA;20;30.8.1969;0;20
FATTHIYE;2;12.2.1983;0;2
SELMETA;5;24.4.1967;0;5
SAHRAZAD;2;27.3.1968;2;0
ALAJIN;2;9.9.1982;0;2
EFITAP;2;22.4.1973;0;2
MENDELI;2;2.2.1945;2;0
BERKAT;17;10.9.1966;17;0
AFIN;5;16.9.1980;1;4
HEDIVAR;2;22.7.1991;0;2
NURITIN;7;11.3.1965;7;0
AKESET;2;1.11.1979;2;0
INTER;4;27.5.1974;4;0
HUNDEKAR;2;3.3.1974;0;2
SOZDEN;9;21.7.1965;1;8
GAMGIN;2;11.7.1981;2;0
TEKIYE;13;4.3.1976;0;13
SEVAFI;2;6.3.1975;0;2
MENSUMA;2;20.9.1991;0;2
KEVOK;11;11.10.1963;0;11
MIHIBIL;2;22.2.1931;2;0
REYFA;4;17.3.1967;0;4
ABDULKUDDUS;113;27.12.1964;113;0
KANITE;45;16.8.1969;0;45
MUHTEZIM;8;13.8.1970;0;8
ABDULSETTAR;107;7.5.1971;107;0
DEMSI;3;29.9.1967;0;3
FVUZE;2;22.2.1979;0;2
FARANSIN;2;28.10.1984;0;2
NACO;5;16.5.1953;1;4
GANGIN;2;14.5.1978;2;0
DAISAM;2;6.8.1973;2;0
SUMEYRAN;11;8.12.1979;0;11
PATTE;2;12.1.1986;2;0
JULIA;38;2.12.1973;0;38
MATINE;2;27.1.1986;0;2
ERJIN;2;12.1.1989;0;2
BERHUDAN;10;9.10.1990;8;2
ZUHAT;47;17.6.1981;37;10
HANZAT;18;14.1.1954;1;17
RANIYA;4;29.6.1977;0;4
GERETTIN;2;13.6.1964;2;0
BENEVIS;8;24.1.1966;0;8
HASI;451;10.3.1955;6;445
AYNUL;37;21.7.1961;0;37
TAKDIRE;34;15.8.1954;0;34
UYAN;70;18.6.1971;32;38
SEVAFA;9;11.9.1968;0;9
REKAR;2;26.12.1991;2;0
KAWME;2;16.5.1987;2;0
GERABET;3;20.12.1966;3;0
MENFIET;9;2.6.1985;0;9
BAHLO;2;27.2.1980;2;0
MINHAN;3;1.9.1984;2;1
SALMEDDIN;2;2.2.1975;2;0
KASAN;3;28.3.1957;1;2
LUKUS;11;4.9.1970;0;11
REHAT;7;18.3.1983;7;0
FIRYAS;65;10.6.1965;0;65
ALIIMRAN;8;6.11.1983;8;0
RESSE;4;12.7.1953;0;4
BILNEZ;2;11.5.1976;0;2
SENEVER;9;30.2.1967;2;7
GATI;3;20.8.1973;0;3
AYSATA;9;13.6.1968;0;9
AMUDE;4;1.2.1966;0;4
GEJI;200;16.6.1957;0;200
TAHIRA;8;27.6.1967;0;8
MITAZSIM;2;27.6.1980;0;2
CEPRAIL;113;28.1.1974;113;0
FEYRUSEN;2;22.6.1982;0;2
SEVDAN;84;2.6.1970;16;68
HAMRATA;2;26.10.1969;0;2
ANVAN;2;11.8.1985;2;0
NEFRA;5;30.10.1975;0;5
LUSIYA;4;17.1.1967;0;4
ILDEM;102;11.2.1983;6;96
VIRGINIA;7;5.4.1959;0;7
HANNES;3;12.8.1977;2;1
YENGIN;14;25.7.1969;7;7
ABDIK;5;23.11.1945;5;0
BANGHI;2;19.9.1987;2;0
LUDYA;2;7.5.1987;0;2
CENABETTIN;3;24.1.1975;3;0
APEDIN;2;22.6.1985;2;0
BARINA;6;13.12.1985;0;6
MEFREDA;2;22.2.1979;0;2
NEHROZ;3;24.10.1970;3;0
SAHBEDDIN;49;23.5.1969;49;0
FAHRATTIN;10;12.8.1968;10;0
HINEYNE;2;1.1.1944;0;2
SULALE;26;4.10.1956;1;25
BENER;234;24.1.1973;222;12
SAHZEMAN;5;23.6.1954;1;4
NECATE;52;26.11.1980;0;52
HASNAA;3;12.2.1987;0;3
ZEMOHAN;2;26.9.1983;2;0
GORGIN;117;23.3.1960;117;0
TACIHE;2;26.5.1967;0;2
SEVDETA;3;23.6.1981;0;3
REVAN;78;9.9.1979;15;63
BOTAN;56;24.12.1985;53;3
BENDO;8;27.4.1944;0;8
RESILE;12;25.8.1960;0;12
HUSSAM;95;18.11.1954;95;0
ZEYDINE;2;13.6.1975;0;2
SILMEZ;5;9.5.1983;0;5
ABDULZAHIR;7;24.3.1975;7;0
DURNAZ;41;22.10.1966;1;40
BESSIM;3;9.9.1982;3;0
RESSMI;2;20.10.1987;2;0
SIMIT;2;11.4.1991;2;0
REBI;90;8.5.1964;80;10
NEZER;30;5.4.1970;27;3
MENCOL;3;13.1.1965;0;3
KECEL;15;13.11.1971;15;0
ROJDE;7;28.8.1984;2;5
OSKAN;103;7.5.1980;101;2
HAZALI;15;3.7.1969;5;10
DIRK;3;11.3.1984;3;0
VESNE;2;12.2.1953;0;2
ERDENIZ;367;8.2.1978;352;15
LADIGAR;194;17.1.1969;14;180
SIS;14;3.8.1967;3;11
LIDYE;5;5.11.1974;0;5
NEVRIZE;109;6.2.1962;0;109
ZAKI;32;7.2.1955;31;1
RAKIYETE;18;1.7.1976;0;18
CHAHEZA;2;15.5.1971;0;2
AZIMA;109;12.9.1965;0;109
ZAHRADDIN;5;2.10.1966;5;0
VESIFE;15;3.4.1969;0;15
EMOSAH;2;8.6.1957;0;2
YEKBUM;2;11.4.1981;0;2
NEFIDE;585;13.2.1961;0;585
FERSU;6;27.4.1952;2;4
SAIDA;41;4.9.1974;0;41
MIHANI;2;27.2.1968;0;2
HALSA;3;9.7.1966;0;3
M.MUZAFFER;5;18.1.1964;5;0
NECET;76;12.2.1966;68;8
HINDAN;2;25.5.1991;0;2
HASIBA;35;20.12.1960;0;35
SUMAN;7;7.12.1962;3;4
REBER;37;15.7.1985;34;3
SEBGATTULLAH;5;28.10.1978;5;0
BAPIR;87;6.9.1957;87;0
GEYYE;3;16.2.1953;0;3
ROKES;2;7.2.1989;2;0
MARIM;3;14.8.1959;1;2
NOFIYE;7;8.10.1970;0;7
BARSAVUM;4;30.11.1933;4;0
HIVINI;2;26.2.1981;0;2
GULBERIN;6;1.9.1982;0;6
YESILYAPRAK;3;18.12.1983;0;3
NUDEM;3;29.2.1990;0;3
FEDYA;7;6.2.1979;0;7
BAHYADDIN;4;16.11.1973;4;0
NARIYA;6;8.12.1964;0;6
MUGRUBIYE;2;15.10.1968;0;2
DAVER;64;28.4.1962;64;0
BILDEN;36;11.8.1975;2;34
SOSE;38;3.12.1955;0;38
BINO;7;5.5.1973;7;0
HUSRU;6;17.12.1952;4;2
MIRZAN;11;18.5.1961;10;1
ELBIRIN;2;12.2.1983;0;2
SEMLAN;12;1.8.1952;0;12
NEZIHEF;2;9.9.1989;0;2
DIYEADDIN;2;21.8.1977;2;0
MUVAFAK;11;11.6.1967;11;0
GERDEN;49;4.5.1974;0;49
SEYNI;31;11.7.1967;18;13
MELYAN;3;30.6.1970;2;1
AREB;2;29.4.1929;0;2
AMRI;4;11.5.1966;3;1
KULEYIP;2;12.2.1977;2;0
MAFYA;7;26.4.1972;0;7
RUKIYETE;143;6.2.1976;0;143
MENDISTAN;2;29.8.1980;0;2
MAVALI;4;12.5.1967;3;1
GAZE;18;24.8.1950;0;18
ERGEN;104;4.2.1968;99;5
TICIR;15;3.5.1967;15;0
SURMI;192;16.9.1955;0;192
SEFYETA;2;6.10.1966;0;2
WELAT;3;1.4.1989;3;0
DULFIKAR;2;22.7.1987;0;2
ZINDE;9;3.10.1975;2;7
NEFUSE;3;13.4.1970;0;3
ZIHRA;3;1.7.1948;0;3
BARO;2;30.3.1956;2;0
MASHUT;2;27.10.1987;2;0
HEMADAN;3;20.1.1990;3;0
MIKEL;4;12.12.1969;2;2
MUNTIHE;4;8.9.1980;0;4
NIZGIN;3;30.9.1973;1;2
DILGIHA;2;13.12.1977;0;2
RENDO;2;20.4.1948;0;2
CIGERHUN;20;30.10.1983;20;0
KEVZER;123;24.12.1972;0;123
BUSAR;11;11.4.1960;11;0
NARAN;110;30.10.1961;2;108
FIZURUN;2;5.3.1963;2;0
KULSRAN;2;23.6.1986;0;2
VEJDAN;2;7.3.1982;0;2
FAHITA;4;12.6.1973;0;4
NEZRET;10;27.12.1967;0;10
FERZENT;42;13.7.1965;42;0
ESIDE;21;30.12.1962;0;21
RUBIN;8;25.2.1972;4;4
ZAHRETE;3;12.2.1981;0;3
ZEVIYYE;2;12.4.1965;0;2
ANBO;4;17.8.1930;0;4
FILIS;322;15.1.1970;1;321
NEZAM;11;27.3.1964;11;0
RICAL;45;21.3.1958;41;4
GERDO;5;2.4.1939;0;5
FERIA;37;1.7.1959;0;37
NIROUZ;2;6.4.1984;0;2
MEHMETNUR;11;14.6.1977;11;0
SOSIM;3;17.2.1972;0;3
CEMHUR;7;10.5.1947;7;0
BASIRE;200;11.12.1956;0;200
ASKADIN;2;2.10.1987;2;0
NECIMA;87;29.4.1971;0;87
DEHHAN;3;25.1.1968;3;0
DIVALI;36;28.9.1969;36;0
HEZBIYE;7;9.3.1971;0;7
MERDIHAN;30;23.6.1977;0;30
AZHAR;5;17.6.1963;5;0
SISO;20;4.7.1949;9;11
USTAD;8;16.4.1981;8;0
DINDARI;3;12.2.1977;0;3
FEYRUSEH;6;28.7.1978;2;4
ERDIGAN;5;25.4.1954;0;5
NEZRETE;2;14.3.1952;0;2
HEJAN;9;11.10.1985;3;6
FIDE;35;23.1.1971;0;35
SEMDDIN;3;10.3.1976;3;0
NEVVAR;8;26.9.1959;4;4
SELAL;39;3.9.1976;15;24
BERCEZ;8;18.7.1970;8;0
SAVCIHAN;4;28.12.1977;0;4
HEMEDAN;10;12.1.1965;9;1
VECHETTIN;240;20.1.1972;240;0
KULLUK;3;14.11.1965;3;0
ORDAN;8;4.10.1963;2;6
MIZGINI;2;27.2.1980;0;2
CIBRI;37;24.8.1964;37;0
HACIYI;2;27.8.1972;0;2
ZIRVER;4;29.12.1964;4;0
SAHRABANI;7;10.1.1966;0;7
RIIDI;2;7.2.1946;2;0
NADIRSAH;140;18.8.1971;12;128
KAMARAYIN;2;1.6.1961;0;2
ZETLEMIRE;2;2.5.1975;0;2
HESIP;15;21.11.1957;15;0
CAHYEDDIN;2;1.1.1978;2;0
FEDAT;101;12.4.1970;99;2
MAHERDIKER;2;7.6.1988;0;2
BEZEDE;2;27.5.1978;2;0
MUHTASIM;9;9.2.1977;9;0
HASIBI;4;20.6.1942;0;4
BILTAN;21;11.2.1965;6;15
UBUZET;2;1.5.1972;2;0
MUBLIME;2;8.4.1981;0;2
M.NURI;105;14.10.1953;105;0
KEJIHAN;2;22.2.1943;0;2
MUZLIFE;3;5.4.1954;0;3
CELEBIYE;11;28.7.1949;0;11
SAVKIYE;27;3.8.1956;0;27
SAFIN;6;15.3.1957;3;3
MERTEZIN;2;18.8.1972;0;2
LUKSA;3;17.1.1984;0;3
BEYYEDDIN;2;2.2.1981;2;0
NUCUT;63;15.1.1959;0;63
ALFA;3;17.4.1971;1;2
YUNUZ;254;15.9.1966;254;0
ZEBERHAN;7;22.1.1955;0;7
EZBIREN;2;2.7.1986;0;2
SAFVET;325;22.12.1948;201;124
BENIZAR;9;3.11.1986;0;9
NARETTIN;2;8.1.1952;2;0
AVES;24;15.3.1961;4;20
CIYAN;10;29.6.1986;2;8
NESLIHE;6;4.4.1974;0;6
GURCANE;2;4.5.1939;0;2
FABRUNIYA;2;10.6.1978;0;2
HISMA;3;22.7.1941;1;2
GARIFALIA;2;2.2.1957;0;2
SALIBE;83;30.6.1961;2;81
HEMDIN;4;25.8.1966;4;0
GUTTI;2;7.7.1939;0;2
HILFA;17;13.9.1954;0;17
HAVCIKO;2;7.8.1934;2;0
MUNAVAR;5;6.8.1971;0;5
BABEKKIR;2;21.5.1954;2;0
MENICA;166;12.12.1970;0;166
ANNUDA;2;22.4.1955;0;2
RAKIB;17;27.11.1970;17;0
HAFSADI;3;20.2.1954;0;3
AKHIN;2;19.8.1984;0;2
SAFE;13;26.9.1956;1;12
AYISA;14;8.12.1947;0;14
HALIHE;2;27.2.1980;0;2
GUMAN;18;12.3.1970;15;3
NURHEYAT;18;4.10.1957;0;18
FAYAZA;2;17.2.1966;0;2
MARTE;6;24.3.1941;0;6
BERZANI;12;4.7.1974;12;0
HAYETE;5;6.2.1977;0;5
BEHYETTIN;11;2.1.1978;11;0
MASHAR;356;3.3.1968;356;0
M.HALIM;4;27.4.1959;4;0
ILAMEDDIN;12;13.4.1979;12;0
MECVEL;3;6.1.1968;3;0
TAYREDDIN;2;27.12.1973;2;0
TERZEN;3;22.3.1981;3;0
HAMYETE;3;28.3.1979;0;3
ZENEVER;2;2.2.1981;2;0
SADU;10;20.12.1955;9;1
REKAN;17;23.3.1986;14;3
RESU;4;14.1.1942;4;0
NUJDAR;6;4.7.1985;0;6
HEVRAS;2;12.2.1989;2;0
HARARI;2;27.8.1932;0;2
MIR-I;2;11.12.1967;2;0
GULFERDE;3;6.10.1973;0;3
ABDULKAHIR;21;1.7.1976;21;0
MIHED;2;12.2.1965;2;0
ABUDO;2;11.3.1952;2;0
FESSO;2;9.5.1952;0;2
DEBAA;2;3.4.1939;0;2
MELISE;121;6.1.1976;0;121
GULENI;2;2.2.1957;0;2
ABDUHAKIM;2;7.9.1988;2;0
SEHDA;6;17.1.1962;0;6
HASU;7;20.3.1936;6;1
SABRIYA;70;5.12.1962;0;70
SADUR;7;21.12.1970;7;0
NEILE;5;2.9.1972;0;5
ETIKETE;2;17.12.1990;0;2
VAZIFE;57;12.8.1964;0;57
REMIMA;2;6.6.1978;0;2
TACIHA;4;27.4.1966;0;4
VENDA;2;3.7.1986;0;2
SITIZEYNEP;2;8.6.1987;0;2
ALVAN;13;15.6.1963;13;0
MILLETNUZ;2;22.2.1967;2;0
ASETE;7;3.12.1966;0;7
BENNIYI;2;2.2.1951;0;2
MILLETNAS;2;27.2.1974;2;0
KEMIL;8;11.6.1974;8;0
YAVSI;2;27.2.1950;2;0
DIYANA;32;25.9.1971;0;32
VAHDIYE;12;25.1.1966;0;12
HAFIZULLAH;21;26.10.1979;21;0
ROZELIN;11;19.11.1984;0;11
MASOK;4;29.12.1986;4;0
MERAN;148;20.4.1968;114;34
HIYAL;239;30.7.1963;3;236
DIYANE;10;16.12.1977;0;10
HAISTAN;2;7.4.1982;0;2
DIRA;2;22.2.1967;0;2
AVNET;7;26.11.1966;4;3
MUSUR;126;14.8.1962;122;4
FARUH;14;4.2.1973;14;0
NUEVDE;2;22.2.1937;0;2
CAMIDA;2;21.9.1971;0;2
DEVREN;9;10.10.1976;5;4
ZINUR;11;15.11.1965;7;4
ILAVEDDIN;2;7.2.1976;2;0
RAVZETE;28;20.1.1970;0;28
ASITE;5;29.12.1972;0;5
TEHIYET;3;28.2.1966;0;3
PARIN;4;12.12.1981;1;3
SEHIDIYE;7;13.5.1974;0;7
NEJDED;16;22.9.1964;16;0
CIHAL;8;23.5.1968;2;6
MIRANET;2;18.10.1989;0;2
NETELYE;5;18.1.1967;0;5
SIFNA;2;8.3.1936;0;2
INDIRAVUZ;2;29.2.1985;2;0
SILVIYA;27;25.6.1964;0;27
VANIS;5;26.10.1950;5;0
ROHIL;2;13.6.1975;0;2
MASE;3;6.4.1963;0;3
HUNAFU;2;27.2.1956;0;2
SEGA;4;12.5.1977;1;3
HECIRE;4;10.11.1958;0;4
SLEIFA;2;22.11.1984;0;2
SAHDET;44;29.6.1966;1;43
GULKADER;95;1.11.1980;0;95
ILAVETTIN;4;17.11.1973;4;0
RUMAYLE;2;7.2.1964;0;2
RAGDI;5;15.2.1933;0;5
HUSEYN;143;18.4.1941;143;0
ZIVAR;10;15.3.1963;9;1
BERNAS;4;17.4.1987;4;0
CAZU;2;7.8.1934;0;2
ANNELI;2;3.2.1986;0;2
MADLEN;94;24.3.1957;0;94
SUFNA;2;29.2.1979;0;2
TIDORE;2;12.5.1977;0;2
RAFHAT;3;24.6.1973;3;0
TAN;455;25.12.1975;435;20
GURCIYA;2;10.2.1986;0;2
UMREN;82;12.5.1970;3;79
MARFIDE;2;17.2.1984;0;2
ZEHIME;4;11.5.1966;0;4
BIHAN;61;15.9.1957;10;51
BEKIM;10;10.11.1971;8;2
LAHDU;8;23.6.1943;8;0
SIKARI;4;15.1.1924;0;4
ABIRAM;2;5.3.1991;2;0
DORA;74;17.3.1965;23;51
HINNO;5;14.4.1972;5;0
CORE;2;24.8.1989;2;0
INDROWUS;2;3.3.1992;2;0
FENSEP;2;17.2.1972;0;2
METANET;122;3.3.1970;3;119
VENHAR;544;28.2.1972;8;536
GEVEZI;2;19.6.1942;0;2
ANTAN;3;10.9.1975;2;1
KENNEDI;2;1.4.1979;2;0
FAHTURIYE;2;17.3.1966;0;2
ANGELA;107;6.10.1972;0;107
ZIAD;4;2.1.1989;4;0
BINNAYAN;2;1.5.1982;2;0
MUNSE;4;14.8.1970;0;4
MIRZO;5;2.6.1959;5;0
MIZRO;2;11.9.1964;2;0
HASIK;5;22.12.1956;1;4
BAYLETE;2;17.2.1966;0;2
FERCIYE;8;21.11.1960;0;8
SELEMET;11;26.11.1977;0;11
MISAN;6;13.1.1973;1;5
ARIMA;3;19.2.1969;0;3
BEYETE;2;13.10.1968;0;2
AHLAN;6;4.1.1981;2;4
TOFAN;14;19.1.1972;14;0
YUHAN;5;6.1.1989;5;0
METINE;67;14.9.1961;0;67
BERSAVM;2;7.2.1934;2;0
LEMHA;7;20.4.1970;0;7
TERZE;2;13.4.1971;0;2
DENHU;2;22.8.1925;2;0
ANULA;10;18.5.1962;0;10
JACOB;3;14.1.1986;2;1
RAHUL;2;16.6.1970;0;2
EREGLIYE;2;19.6.1985;0;2
POLIS;20;10.11.1966;19;1
AMASYA;3;12.11.1974;0;3
HASRETE;12;23.4.1958;0;12
ROHUM;4;5.9.1963;4;0
KIRMIZ;11;28.8.1950;0;11
SERKIZ;97;5.2.1951;97;0
NUPELDA;23;12.5.1989;0;23
MERTA;4;30.9.1979;0;4
RAHANE;8;19.8.1967;0;8
SEYERIYOS;2;20.12.1986;2;0
EDITH;17;5.4.1951;0;17
RABIK;2;17.5.1984;2;0
NAZMIR;2;13.5.1975;2;0
ANOT;2;17.2.1972;0;2
ELVER;128;12.2.1957;56;72
MUHAMMAD;13;6.12.1978;13;0
BIRKEN;15;6.8.1972;4;11
DENNIZ;2;27.1.1991;2;0
ALTEN;43;6.7.1959;8;35
HOBIL;3;26.8.1947;3;0
ASIN;17;3.2.1970;6;11
KATARINA;7;17.10.1969;0;7
GIZAL;27;22.8.1965;1;26
TACET;31;10.12.1962;28;3
HERMAN;173;9.1.1967;172;1
MENTIHA;20;25.5.1968;0;20
STELLA;38;19.10.1966;0;38
SEVERYOS;2;15.7.1990;2;0
MARIAN;8;17.2.1965;1;7
TUMAZ;2;14.2.1979;2;0
NIHAI;6;6.7.1965;4;2
FABRUMIYE;2;10.1.1976;0;2
HIZI;4;8.10.1952;0;4
SERKIYA;3;8.2.1960;0;3
NEGHAN;2;4.8.1991;0;2
SUSANE;2;19.11.1982;0;2
GURSELENELINE;2;20.2.1972;0;2
JELIS;2;25.10.1980;0;2
ELIZABETSARA;2;18.12.1978;0;2
SENASI;26;28.9.1963;25;1
ZIBRIYE;2;26.10.1962;0;2
TESILE;6;29.2.1973;0;6
BEDHA;2;12.2.1965;0;2
CIVVAN;2;25.4.1991;2;0
REMIME;11;27.6.1966;0;11
EMMANUEL;6;2.5.1973;6;0
BEYRESAH;2;7.2.1976;0;2
KULFA;2;2.5.1969;0;2
ENBIN;2;2.11.1975;2;0
FECRA;101;2.1.1969;0;101
NICMETTIN;8;25.11.1973;8;0
ERZANE;6;1.5.1960;0;6
SYLVIA;13;22.11.1960;0;13
HUMEYYA;10;24.4.1981;0;10
GARABET;71;22.2.1957;71;0
DERCAN;32;18.1.1978;8;24
MOSE;92;4.7.1958;92;0
JUAN;2;21.9.1991;2;0
EDISON;11;20.10.1978;10;1
SIVERYAZ;2;29.10.1982;2;0
GABRO;6;22.7.1959;6;0
KATIYE;24;16.11.1957;0;24
NUMAL;2;22.3.1985;2;0
KARAGETIREN;4;11.3.1972;4;0
ZEMIRE;180;21.7.1960;0;180
MUDI;3;13.12.1982;3;0
HADIDA;2;17.2.1978;2;0
ZINAVIR;2;14.3.1971;2;0
GISIYE;2;19.7.1985;0;2
NEZETTIN;7;20.4.1956;7;0
GURU;36;5.12.1953;36;0
LONYA;2;29.8.1978;0;2
TEMBELI;2;22.2.1967;2;0
YETERIN;4;25.6.1977;1;3
KESEM;8;22.12.1955;1;7
MURBET;34;18.5.1965;1;33
HALYE;6;19.11.1963;0;6
VULKAN;7;1.7.1981;6;1
FIRYAR;3;4.8.1983;0;3
HEYDEM;4;24.11.1983;0;4
SITARIYA;2;27.10.1987;0;2
NICMEDDIN;7;1.7.1967;7;0
KEBAN;24;25.10.1974;6;18
GULES;31;17.7.1960;3;28
MUHIDIYE;9;15.11.1969;0;9
FEVES;2;27.2.1980;2;0
MIHU;3;5.9.1936;3;0
FIRSAT;20;7.12.1981;15;5
SUAYDA;5;15.11.1964;0;5
SITERYA;3;18.4.1957;0;3
MAHFUSA;2;24.4.1973;0;2
ALAVETTIN;4;1.8.1968;4;0
HAYFA;33;29.5.1957;0;33
TAYTALUZ;2;1.6.1980;2;0
SERKANT;286;19.4.1977;286;0
DILVER;19;12.12.1968;5;14
VALINA;3;5.8.1979;0;3
PITUN;2;18.4.1948;0;2
SEFDAN;2;21.3.1982;2;0
AYNEBE;3;20.6.1961;0;3
ABDULRIZAK;25;5.6.1971;25;0
GULSEH;5;24.6.1979;0;5
FIRYALA;3;4.8.1969;0;3
KACI;2;21.3.1977;2;0
RIBO;2;2.2.1951;0;2
NESLIHET;2;15.12.1965;0;2
MEYSEL;28;4.6.1970;1;27
HISRIYE;4;28.6.1952;0;4
FEHDIYE;5;4.7.1962;0;5
ILZA;3;11.1.1978;0;3
IMRAH;16;28.8.1981;9;7
RAYIHA;27;26.3.1959;0;27
RIFIYE;6;29.7.1939;0;6
VAIL;13;21.12.1969;13;0
HOSNUGOL;2;4.7.1951;0;2
HUTU;5;9.11.1944;5;0
MUHRANIYE;3;4.7.1971;0;3
REMAN;7;13.7.1970;4;3
SACI;20;11.5.1963;15;5
ZOBAK;2;6.5.1945;2;0
CIMENIYE;3;13.6.1983;0;3
SETREDDIN;4;10.1.1970;4;0
ADREAS;2;10.3.1992;2;0
REFIHA;44;22.1.1961;0;44
YEDIRMEZ;2;12.2.1977;0;2
MECIDA;2;23.8.1984;0;2
LAMMA;3;14.8.1969;0;3
BORIN;2;27.4.1974;0;2
MENAVAR;2;22.2.1973;0;2
BIRIFAN;6;7.11.1979;0;6
MASUT;18;29.10.1969;18;0
HEBIL;46;6.12.1964;43;3
ERTAS;539;12.10.1975;539;0
REDIF;20;2.3.1965;18;2
ANDAN;15;22.1.1973;3;12
CAHIDA;5;12.8.1973;0;5
NADIRSEN;5;15.7.1972;0;5
SEGHA;59;8.10.1966;0;59
HAVAFA;2;27.2.1968;0;2
FETIHE;163;21.10.1959;0;163
BIRMAN;21;13.5.1964;4;17
DIYAATTIN;21;21.11.1980;21;0
ITIBAR;257;2.6.1960;3;254
SIPHAN;4;8.2.1979;4;0
ZUHEL;28;14.1.1964;0;28
SEYRU;4;10.8.1940;0;4
TASIN;160;29.6.1964;158;2
DADIS;2;22.2.1943;2;0
DILNEVES;2;23.11.1978;0;2
JISARI;2;2.8.1927;2;0
TORUN;1050;23.1.1961;453;597
SAHNEZA;5;5.12.1986;0;5
SUDULEYN;2;6.2.1984;0;2
EMINETI;2;7.1.1946;0;2
GULISEN;71;21.4.1965;0;71
BELKIZAN;14;3.2.1955;0;14
YUZBIN;66;9.8.1980;0;66
NOUJIN;2;18.1.1980;0;2
NURSIVAN;4;9.2.1989;0;4
CILFI;4;30.10.1961;4;0
BADEL;66;15.8.1979;0;66
SILALE;4;15.4.1971;0;4
SUHELLA;5;30.10.1977;0;5
BERRI;10;24.7.1953;5;5
RAZIHE;2;21.9.1980;0;2
NICIME;4;4.5.1939;0;4
HABIBET;6;26.10.1967;0;6
KAHLA;19;8.6.1951;0;19
ZUNNUR;10;14.2.1969;8;2
NAYDE;59;24.6.1968;0;59
DINARZAR;2;27.2.1980;0;2
SURIYYA;22;5.9.1961;3;19
NAZAMATIN;2;10.12.1989;2;0
KEYIFHASRAN;2;2.2.1987;2;0
ARIYE;14;17.12.1959;1;13
MIGIBIR;2;9.11.1971;2;0
GETIREN;2;12.5.1983;2;0
MAKRIYE;4;27.1.1959;0;4
EFRIYE;7;21.5.1971;0;7
REYNET;2;16.8.1985;2;0
MINFIYE;4;2.2.1981;0;4
MEDEMI;2;1.8.1985;2;0
HEREMSIYE;18;13.8.1972;0;18
SUZANE;13;3.6.1961;0;13
SITARIYE;5;24.5.1973;0;5
MISBIYE;2;17.2.1966;0;2
HIFSI;144;23.8.1966;122;22
HEYFIN;2;19.5.1980;0;2
KULSUME;5;6.5.1978;0;5
MEHRIKAN;4;20.2.1952;0;4
HIZAN;8;29.12.1981;3;5
ENDRAVUZ;2;1.6.1990;2;0
KENEDY;3;23.3.1978;3;0
HIZMIYE;2;30.6.1974;0;2
HISME;3;14.6.1959;0;3
BENEYYE;2;22.7.1967;0;2
HAYNUR;15;17.2.1966;0;15
ISTEGFIRE;2;2.8.1975;0;2
URSAT;5;2.1.1984;5;0
RAHISE;6;19.8.1976;0;6
ZIKRULLAH;470;2.1.1972;470;0
KULISTAN;3;20.12.1973;0;3
ABDULSATTAR;10;21.11.1975;10;0
RAFYA;9;9.12.1963;0;9
EBABEKIR;67;12.1.1964;67;0
ABURRAHIM;2;25.1.1991;2;0
REZEN;12;29.12.1968;3;9
TURGAN;54;2.10.1962;25;29
ZABITAN;5;6.6.1966;1;4
ABDULMUIT;5;30.2.1978;5;0
DURE;35;23.11.1956;0;35
HULVE;6;18.11.1952;0;6
NARINC;828;25.3.1968;1;827
SIRU;8;22.8.1943;0;8
KERENK;3;9.7.1942;3;0
TEMER;320;29.8.1966;320;0
SAFFURE;14;9.1.1960;0;14
SALHETTIN;5;29.10.1972;5;0
HALEBIYE;2;10.11.1976;0;2
MAHSURE;44;12.3.1958;0;44
HALU;4;12.10.1929;1;3
EZNUR;148;21.5.1966;8;140
NEZEDIN;2;29.3.1956;2;0
BEYETTIN;7;7.11.1971;7;0
RIDVA;2;14.8.1990;2;0
SEMYA;94;1.11.1976;0;94
DENK;3;17.11.1991;3;0
ASIMETE;2;17.2.1954;0;2
KESERIYE;6;22.9.1972;0;6
REHIM;169;27.4.1959;163;6
EBRIZET;5;21.11.1975;0;5
MANSURA;56;22.8.1968;0;56
VASFETTIN;126;5.6.1969;126;0
RUWAIDA;2;27.11.1975;0;2
FERSIN;12;13.8.1975;6;6
CEMBELI;143;15.4.1966;143;0
BEYNETE;4;16.8.1974;0;4
MILEIM;2;14.12.1986;2;0
KEYNE;2;7.2.1940;0;2
PIA;8;6.7.1973;0;8
MELAKIYE;4;29.8.1961;0;4
DILOVAN;37;16.11.1987;11;26
NASIBET;11;16.1.1973;3;8
ELMISAN;2;12.6.1982;0;2
PELSI;2;1.4.1989;0;2
ROMIYE;2;17.6.1960;0;2
REHMETE;10;24.2.1972;0;10
MUHRIME;6;24.7.1965;0;6
AMET;9;12.2.1975;8;1
IMRIYE;17;4.7.1968;0;17
SINWAR;2;17.4.1992;2;0
PELKIZE;3;28.1.1986;0;3
NUJAN;2;2.2.1981;0;2
ZINARIN;5;3.2.1991;0;5
BALO;16;4.4.1951;14;2
AGRIN;2;2.11.1987;0;2
LEZIME;7;2.8.1958;0;7
GEYBIYE;2;7.2.1970;0;2
REHMA;7;13.3.1975;0;7
HAMDA;4;6.4.1978;0;4
SERUNAZ;4;16.12.1962;0;4
CAYZE;7;4.4.1960;0;7
RESEN;13;22.5.1976;3;10
MUHAMATHUSEYIN;2;4.2.1989;2;0
MOHAMED;27;23.2.1976;27;0
MOUHAMEDMAHSAUM;2;2.12.1991;2;0
FOTHA;2;12.6.1965;0;2
RONAHI;20;6.12.1982;8;12
HEYFE;19;25.8.1970;0;19
ZARIRE;2;28.10.1991;0;2
ZUBAYR;2;22.2.1961;2;0
MUUFA;2;21.11.1977;0;2
BEDIATULCEMAL;2;25.2.1956;0;2
RAAID;2;4.3.1976;2;0
MIRI;37;22.5.1954;33;4
SERKIS;245;24.6.1949;244;1
BAKUS;2;2.1.1987;2;0
MATAJ;2;10.10.1990;2;0
INDRAVUS;2;15.7.1982;2;0
BAVCIN;2;16.10.1975;0;2
ESRIHAN;3;26.8.1985;0;3
FAHMILE;3;17.9.1981;0;3
VALET;2;7.11.1982;2;0
NEVRUZE;145;10.2.1959;0;145
BEHRIVAN;18;2.2.1987;0;18
VAFA;15;8.4.1977;4;11
SILVEN;5;20.5.1967;1;4
KINDE;6;17.3.1973;0;6
KATYA;32;3.11.1976;0;32
DILMEN;32;26.7.1977;5;27
CAVIDA;8;16.5.1957;0;8
AYVAS;20;9.5.1967;20;0
KEHLIYE;2;23.4.1943;0;2
IMADDIN;13;10.9.1972;13;0
AVNIIYE;2;1.6.1984;0;2
MEVAL;9;19.8.1972;1;8
BAHVER;5;10.10.1990;5;0
HENIFA;2;2.4.1975;0;2
HORINAZ;64;6.10.1966;0;64
MEDRIYE;14;29.4.1966;0;14
HAME;20;28.8.1954;10;10
KESRAN;5;3.10.1973;4;1
DEVRIYA;2;17.4.1978;0;2
ERDIVAN;11;16.12.1959;11;0
SEFKIYE;134;22.10.1955;0;134
SAKIRHAN;3;11.10.1966;0;3
HOMSI;2;17.3.1936;0;2
HERBIN;6;17.5.1987;0;6
CIBRETTIN;3;15.7.1965;3;0
SERHET;16;28.4.1975;8;8
SADIKE;575;7.2.1965;0;575
NARME;3;18.3.1977;0;3
GIYASEYDIN;2;27.6.1980;2;0
AYSIK;5;8.9.1936;0;5
M.SAKIR;41;2.7.1957;41;0
GAZELE;102;2.8.1961;0;102
OZDOGAN;216;20.1.1968;215;1
NARICAN;6;19.7.1975;0;6
MAHBET;14;24.1.1973;0;14
ARELU;2;7.2.1964;0;2
GLUNAZ;2;21.7.1985;0;2
NEZIDE;163;27.5.1957;0;163
MONIFA;2;26.5.1971;0;2
ABDUCCELIL;5;21.11.1957;5;0
FAGRIYE;9;7.8.1962;0;9
EWIN;2;21.5.1990;0;2
ISIRIN;2;30.8.1987;0;2
MEFRO;2;3.9.1977;0;2
AKID;8;1.9.1972;8;0
FEYRUSSAH;15;7.1.1973;3;12
LETIFA;17;20.9.1961;0;17
ERDEMHAN;7;22.7.1983;4;3
MURSIDDIN;2;23.3.1973;2;0
SEYVE;2;17.2.1924;0;2
CAZILE;2;17.2.1954;0;2
SIYAN;13;21.12.1960;1;12
MAHDIE;2;10.9.1982;0;2
FADYA;8;12.11.1974;0;8
ANDIRA;2;14.3.1970;0;2
SIHDE;2;7.2.1976;0;2
HENEFI;37;30.9.1953;36;1
HINAR;296;18.3.1966;0;296
ABDULRESAT;8;15.4.1974;8;0
TASHIYE;2;9.5.1981;0;2
ORIL;2;6.5.1989;2;0
RAYSO;3;17.9.1968;2;1
ESINE;43;8.12.1970;0;43
HABES;505;3.2.1966;504;1
ROJAT;14;6.11.1982;6;8
DIMRET;2;2.12.1988;2;0
DAME;4;16.12.1983;2;2
EVILIN;2;25.6.1984;0;2
KALUUZ;2;15.3.1980;2;0
MAYAT;7;2.7.1964;0;7
METINA;3;10.6.1984;0;3
DUNYEL;2;23.2.1979;2;0
SIMELE;2;18.5.1991;0;2
INDRAVUZ;2;12.2.1965;2;0
SEVKEDDIN;3;14.2.1955;3;0
SUGAT;6;2.4.1968;3;3
KILHET;2;4.7.1972;0;2
SIBEB;2;27.7.1980;2;0
ROBI;4;16.3.1973;4;0
NUDAM;2;6.1.1992;0;2
GEORGA;2;23.9.1988;2;0
BEHNEN;3;22.12.1978;2;1
LUKSIYA;2;7.12.1970;0;2
GEHRER;2;22.2.1967;0;2
MERIHA;42;17.3.1963;1;41
MARDIN;39;21.5.1974;7;32
LEVZIYE;69;19.8.1964;0;69
KADIA;4;1.2.1971;0;4
BAHAATTIN;68;21.3.1965;68;0
LULIHAN;2;20.5.1978;0;2
NEZATE;14;30.9.1965;0;14
CIBRIYE;5;22.5.1966;0;5
MESIH;98;18.10.1971;98;0
MUSTAHFIRA;3;20.10.1966;0;3
MUMINETE;2;12.9.1971;0;2
TESELLIYE;2;1.5.1974;0;2
ZEYDULLAH;6;19.7.1973;6;0
LAMHA;2;29.6.1946;0;2
KURYAKUS;2;5.12.1972;2;0
GEORG;5;18.1.1980;5;0
TEMMUZO;2;2.2.1951;2;0
NASCHO;2;4.3.1982;0;2
SIBHI;3;7.12.1977;1;2
RISMIYE;16;19.2.1970;0;16
MANCI;2;17.8.1930;0;2
ZIYAADDIN;86;15.11.1962;86;0
FELIX;2;17.9.1990;2;0
HELALI;2;17.8.1930;0;2
FEDIA;4;23.6.1967;0;4
AMJAD;2;27.8.1938;2;0
ANODA;2;3.4.1975;0;2
SALHE;27;29.6.1958;0;27
MEYUSE;4;12.10.1959;0;4
GILSO;2;17.4.1966;0;2
TAMLA;2;25.2.1976;0;2
ELBIZEN;2;21.1.1980;0;2
BASRIYA;4;13.5.1973;0;4
EMAYET;2;21.4.1974;0;2
CUAN;3;29.4.1986;3;0
DANA;19;15.12.1969;3;16
EMSO;2;17.2.1966;2;0
FATTI;8;8.7.1939;0;8
ESNUR;37;19.8.1975;0;37
SUSANANN;2;3.2.1954;0;2
HISRAT;2;7.2.1982;2;0
PAKIYE;67;21.9.1965;0;67
GURBIN;20;29.11.1965;0;20
HARBE;12;18.1.1964;0;12
SEKINET;14;8.1.1961;0;14
SAYHA;6;12.11.1962;1;5
FIAT;104;2.3.1968;7;97
ZARKA;20;3.12.1954;0;20
HADIE;4;17.12.1977;0;4
LELA;25;13.8.1971;0;25
HOCEK;2;2.8.1933;2;0
ZATANUN;2;2.10.1972;0;2
HASRIYE;25;12.8.1958;0;25
HAZDIN;2;27.2.1974;2;0
SITILILE;2;24.7.1986;0;2
LISA;38;12.6.1971;1;37
NISBIYE;3;10.11.1965;0;3
CELADDIN;80;3.8.1968;80;0
SERBAS;2;11.2.1988;2;0
ISTIRNAS;2;18.2.1990;2;0
HASBEDDIN;2;2.11.1975;2;0
ZALIM;17;14.10.1969;17;0
SURHAS;3;7.4.1979;3;0
ALAA;3;29.4.1990;1;2
NAYET;47;15.4.1957;6;41
FERZIN;2;22.2.1961;0;2
ELISCHBA;2;27.3.1984;0;2
BEYTEN;5;24.2.1979;1;4
FIKRAN;352;23.1.1964;10;342
GADA;8;10.5.1972;0;8
YESE;2;2.2.1975;0;2
BENISADE;8;8.11.1943;0;8
SILALA;3;28.4.1968;0;3
FEHADE;2;26.6.1983;0;2
TESIRE;4;15.8.1961;0;4
ZEMRET;2;30.4.1968;0;2
MELHEM;42;5.10.1962;11;31
DILSOZ;5;11.2.1985;0;5
ONDAN;3;13.1.1978;1;2
SAFISA;2;22.8.1931;0;2
MAKBALE;3;4.3.1959;0;3
NADIRSA;7;19.11.1975;0;7
RIHANA;4;23.3.1965;0;4
DICANE;2;23.7.1986;0;2
BEHMEN;58;22.3.1972;57;1
MULKUNAZ;219;8.10.1965;0;219
HEYHET;11;9.1.1979;0;11
MAHSIMA;109;28.4.1975;0;109
KEDRIYE;21;30.4.1965;0;21
FASLIYE;8;5.2.1961;0;8
BIRFAN;4;16.6.1972;2;2
SORIYE;4;19.3.1963;0;4
VAFIYE;68;26.10.1953;0;68
LEYLU;4;24.6.1967;0;4
SITYAZIN;2;27.4.1979;0;2
CELATTIN;89;9.9.1966;89;0
MUHAMMEDHAN;4;29.2.1984;4;0
NECETE;12;24.9.1977;0;12
HAYATE;14;21.8.1959;2;12
ATIE;8;12.3.1964;0;8
EZBER;9;28.6.1979;8;1
SAFYADA;2;12.3.1971;0;2
MUGDAR;3;26.7.1981;3;0
RASIDA;6;27.10.1970;0;6
MEHLISA;2;12.2.1941;0;2
FEDEVI;2;4.3.1975;2;0
NESMIHAN;3;21.7.1987;0;3
SELALA;3;22.4.1985;0;3
SONYET;3;23.12.1976;0;3
ABIL;191;19.3.1965;191;0
DINYA;5;21.12.1948;0;5
HAMER;2;29.5.1944;2;0
SEFVAN;13;28.1.1966;13;0
UMMETE;2;22.6.1977;0;2
ZAINAB;5;20.4.1976;0;5
DENDEH;3;8.6.1958;3;0
SAFETULLAH;16;22.4.1980;16;0
HADULI;2;3.2.1951;0;2
MENDISAN;2;17.3.1966;0;2
NURMAN;15;14.6.1962;6;9
SIYAMEND;11;18.8.1986;11;0
FAKA;16;16.11.1964;16;0
MUKAFET;12;16.12.1969;1;11
BORI;5;23.11.1962;3;2
KAYSEDDIN;3;9.9.1970;3;0
GELLER;2;2.3.1939;2;0
BERHADAN;2;21.2.1992;2;0
HURSEN;48;19.11.1965;7;41
ELBINE;2;16.9.1975;0;2
GURDE;3;12.10.1946;1;2
CILKES;2;23.7.1964;2;0
SIYAHAN;105;12.12.1972;0;105
HAYRU;17;21.6.1970;3;14
REVIN;21;15.2.1966;9;12
FATINE;24;19.7.1962;0;24
BAYSUN;16;11.6.1971;14;2
SEHIYET;2;22.3.1991;0;2
RAYDE;3;27.11.1980;0;3
NILVER;17;3.8.1975;2;15
MIRAS;35;24.7.1977;26;9
DEHILE;5;9.8.1935;0;5
HAFIFA;6;16.8.1967;0;6
NARINE;42;13.3.1956;0;42
ANDERA;2;25.2.1977;0;2
MIRHAT;16;20.11.1974;15;1
HULYO;2;16.8.1976;0;2
CIRISTINE;2;10.5.1982;0;2
YEMENE;3;25.7.1970;0;3
RAVBIYE;2;6.10.1985;0;2
DILHIN;2;11.12.1991;0;2
FEHRUSHAN;2;22.2.1967;0;2
FERSAT;219;29.8.1962;216;3
GERNAS;8;11.9.1980;8;0
ZULFEN;11;10.2.1967;0;11
ZIRAVIK;17;2.6.1953;0;17
LUCCEYA;2;11.9.1990;0;2
MILKANI;2;6.3.1961;0;2
YAVSEF;2;12.1.1982;2;0
HILTO;2;7.2.1946;0;2
KIRSTINA;3;17.2.1991;0;3
RAZNA;2;17.12.1988;0;2
TAYCAN;21;24.9.1982;18;3
COTA;2;16.5.1989;2;0
NEHIBET;2;6.5.1964;0;2
SAVCIYE;4;21.10.1980;0;4
FERZETTIN;9;1.3.1963;9;0
MUNICE;11;4.5.1973;0;11
ZEYNUBE;4;2.11.1977;0;4
ZEDIHA;7;22.2.1971;0;7
ALKSE;2;9.6.1990;0;2
MEHROZ;2;21.3.1987;2;0
SOMYA;5;23.4.1979;0;5
SEMRETE;3;23.12.1989;0;3
NUSEYBET;3;11.5.1979;0;3
KASIHA;2;1.4.1968;0;2
PAKIZAN;7;29.1.1966;0;7
FEKE;3;21.6.1962;3;0
ROUJIN;2;27.9.1982;0;2
SEVGOL;8;16.2.1981;0;8
SARIYA;263;11.10.1967;0;263
SAHYE;7;5.2.1968;0;7
DIMIT;2;12.2.1941;2;0
EMENIYEL;2;7.1.1976;2;0
AYNETE;8;23.9.1975;0;8
SEHMETE;5;2.6.1977;0;5
TAYYFUR;2;17.3.1966;2;0
ALIPASA;284;12.2.1961;284;0
GULFATMA;309;30.9.1960;0;309
SIRVET;8;23.11.1969;1;7
FAHRIDDIN;52;12.11.1951;52;0
BEYRIBAN;2;30.3.1983;0;2
KEMINE;8;17.5.1960;1;7
NIZAR;97;4.3.1977;94;3
RAMIS;3702;12.5.1963;3693;9
NIHARI;438;8.9.1966;2;436
MUAZZAZ;20;19.9.1967;0;20
CHAHLA;2;6.1.1981;0;2
RODIN;3;13.12.1989;1;2
TIMURTAS;16;10.10.1976;16;0
NUSHED;2;7.2.1982;2;0
MIRARI;209;23.11.1954;0;209
ABIZE;5;5.3.1964;0;5
PIRSENG;8;27.1.1980;3;5
NEZHATA;3;6.8.1976;0;3
SARYA;264;11.3.1968;0;264
ONDERCAN;4;18.2.1985;4;0
HEJA;37;10.6.1986;16;21
HUVEYDA;130;10.6.1972;4;126
DIMA;11;12.11.1980;1;10
BERSAN;49;23.6.1979;20;29
MIHAM;2;7.2.1952;0;2
GULGEN;76;3.6.1974;2;74
ABUZIT;12;23.3.1958;12;0
HAJAR;11;13.7.1969;4;7
BIHOKE;2;1.11.1977;0;2
BISTIN;3;11.4.1984;0;3
MEHA;10;30.12.1974;0;10
SIAM;2;14.7.1970;0;2
FARUG;5;25.3.1968;5;0
ZATENUR;12;30.11.1974;0;12
SEPGETULLAH;3;20.1.1971;3;0
SANA;32;27.12.1962;0;32
RODI;38;28.1.1980;34;4
ISMIHAL;10;23.12.1968;1;9
PALA;8;6.12.1963;8;0
HULEYYA;4;12.6.1965;0;4
KEMLA;5;7.4.1975;0;5
KAFIFE;3;4.6.1969;0;3
MELEKSIME;6;24.9.1969;0;6
DILEVER;20;11.5.1971;18;2
AYINHAYAT;2;2.2.1957;0;2
MEKSIYE;3;4.8.1973;0;3
GURI;114;6.3.1953;111;3
OMRI;7;23.7.1952;6;1
TANZER;668;14.8.1970;572;96
ISRAYEL;2;15.1.1991;2;0
MARTHA;5;18.5.1969;0;5
CHRISTOPHER;10;5.12.1983;9;1
JULIANE;2;11.6.1991;0;2
BURCUM;31;24.2.1985;0;31
RONALIN;2;22.4.1991;0;2
DULSA;20;6.8.1966;0;20
DIJAR;2;18.1.1992;0;2
MEHMETSIRIN;135;13.12.1974;135;0
MEGRIN;2;22.9.1991;0;2
ZEBIRCAN;2;4.5.1976;0;2
HILME;3;11.2.1951;1;2
GULVALAT;2;2.2.1975;0;2
SEVDAR;60;29.10.1966;54;6
ESABIL;327;27.4.1974;320;7
NEZEFE;2;17.4.1960;0;2
ZELHAN;15;10.3.1958;0;15
MIRKAC;5;9.10.1960;5;0
HAMDDIN;4;3.2.1975;4;0
YENISAH;3;19.11.1971;0;3
MIREMI;2;25.6.1930;0;2
BENYE;2;17.2.1930;0;2
DEBORA;10;6.1.1975;0;10
SAVDA;6;10.4.1987;0;6
SEVINHAN;2;27.7.1991;0;2
AHVALAT;2;23.8.1978;0;2
NEYASE;2;7.2.1976;0;2
SAHAZ;6;17.8.1956;2;4
MUAMER;169;6.3.1971;163;6
SUVEYIS;2;17.2.1936;2;0
KUDRETTIN;80;13.10.1967;79;1
ZAYNET;2;8.12.1982;2;0
ELWAN;2;10.6.1987;2;0
GUNAZ;38;30.9.1962;0;38
IDRIHI;2;10.6.1970;2;0
MENCUL;4;16.11.1946;0;4
AMRULLAH;9;13.1.1968;9;0
ALLAATTIN;13;27.5.1973;13;0
SERHILDAN;9;11.6.1991;5;4
UGURLU;97;5.2.1959;66;31
BISENK;64;24.3.1986;0;64
ALEVADDIN;2;21.2.1971;2;0
AJNAN;15;3.3.1968;15;0
MUZBAH;140;5.11.1973;140;0
NEZZETTE;2;27.2.1974;0;2
BAZIR;2;2.7.1981;2;0
ORGIN;2;9.4.1974;2;0
FERHE;4;17.7.1949;0;4
ILESA;2;14.2.1989;0;2
TAHMINA;33;28.7.1983;0;33
ZIVI;18;22.3.1954;2;16
SULEYAMN;2;19.3.1973;2;0
TURKSEN;57;29.1.1956;17;40
ELMAZHAN;2;3.5.1975;0;2
SEHRABEN;2;17.4.1952;0;2
GHALIA;3;24.2.1986;0;3
RAJYA;2;27.2.1986;0;2
KILEP;2;12.2.1941;2;0
ERDEMPERIN;2;12.2.1971;0;2
CANIP;1921;30.10.1964;1921;0
ESFA;3;15.5.1967;0;3
NEZRIFE;169;4.2.1965;0;169
TEMBIYA;4;9.12.1966;0;4
TIRHO;3;7.9.1970;3;0
GAIP;6;12.11.1972;5;1
MIDAS;2;22.12.1991;2;0
FAVAS;2;17.5.1972;2;0
MERTHAN;67;11.12.1983;67;0
HIFIN;3;11.9.1973;0;3
FAHRIZAT;6;24.6.1975;6;0
ALKIN;240;6.11.1978;233;7
MUHSIME;24;12.1.1961;0;24
MERDEYE;2;6.2.1975;0;2
CENGAVER;76;21.11.1970;76;0
EZIN;15;24.11.1969;4;11
AYNILMERDIYE;6;10.5.1972;0;6
AMEL;8;3.2.1962;1;7
SIYAMED;6;10.11.1969;6;0
FILYAZ;8;13.7.1979;0;8
NEMAN;19;28.11.1963;10;9
GARZI;10;22.11.1961;9;1
MIHAL;80;17.2.1968;36;44
FENLIRE;2;13.5.1974;0;2
BAHZET;11;1.9.1969;11;0
TASIMA;3;27.5.1982;0;3
MISBET;9;14.8.1969;0;9
FATLEDDIN;2;17.2.1960;2;0
BARISCAN;149;27.9.1989;149;0
HALENUR;284;1.1.1979;0;284
SURIYEY;2;7.1.1970;0;2
SEHABEDIN;6;28.3.1967;6;0
GULFE;611;20.4.1960;0;611
FAIS;4;15.10.1980;4;0
DILNEVAZ;104;5.11.1972;0;104
YASMIN;61;17.3.1980;0;61
SUMA;21;30.4.1966;0;21
KEVKEPSARK;2;2.3.1969;0;2
SELFIYE;38;8.6.1965;0;38
ATIDEL;2;16.1.1991;0;2
FERAHADDIN;4;29.6.1974;4;0
MUHAMMEDELEMIN;2;19.8.1973;2;0
SEKIN;5;19.1.1970;5;0
HAYRETIN;34;10.4.1969;34;0
YASEL;39;20.2.1974;20;19
FERHUT;4;15.11.1947;4;0
SEYFIDDIN;132;1.9.1957;132;0
TUTANYA;3;14.2.1991;0;3
MEVLEN;3;6.2.1988;3;0
ZUHEYLE;5;5.7.1973;0;5
HANIZE;20;3.1.1971;0;20
BASRAVI;17;28.12.1959;17;0
GINCO;2;2.8.1933;2;0
DIYEP;14;10.10.1957;14;0
NUPEL;10;17.11.1988;0;10
ALMA;53;5.8.1960;0;53
NEKTEL;19;3.4.1968;18;1
CORDULA;4;9.7.1965;0;4
HAYATA;6;23.10.1966;0;6
KEVKEBI;3;26.4.1967;0;3
MEHLEZIMENU;2;13.2.1959;2;0
S.;22;12.5.1956;21;1
BEZZAT;23;16.11.1963;23;0
NURULEMIN;5;24.8.1977;5;0
MEYSA;23;3.11.1971;0;23
AFFET;147;24.3.1960;6;141
YUCEYLE;2;12.6.1960;0;2
ROJI;4;28.10.1973;0;4
AKIZA;2;12.2.1953;0;2
TEYUBA;2;23.11.1970;0;2
ALZEMI;2;22.6.1972;0;2
RIMAN;3;15.7.1968;1;2
TALYA;52;25.7.1978;1;51
NEZIRI;4;5.8.1964;2;2
HEMDAN;10;10.8.1959;7;3
NESNAYI;2;21.8.1951;0;2
KEDDI;2;22.8.1925;0;2
AKIZE;41;10.9.1969;0;41
AYDIL;95;5.10.1968;28;67
KIRAVETTIN;2;6.6.1941;2;0
NEHILE;22;23.4.1960;0;22
YAZGULI;4;5.4.1944;0;4
FETHIYA;5;27.4.1975;0;5
DELEF;26;18.12.1967;4;22
ACIRA;3;13.2.1976;0;3
BEHEVI;2;9.1.1992;0;2
ZEYDO;8;1.9.1945;8;0
AMISE;3;22.12.1960;0;3
ALEEDDIN;23;17.5.1962;23;0
DARICAN;3;6.3.1973;0;3
SEYFETE;25;18.10.1967;0;25
ABULBARI;2;10.4.1976;2;0
NIYAZETTIN;6;24.5.1964;6;0
GARIBIYE;6;26.1.1966;0;6
CEBINARYA;2;23.4.1949;0;2
FEZZULLAH;2;16.1.1985;2;0
SAFIE;20;27.12.1974;0;20
CIZVE;6;7.4.1952;0;6
EMCET;32;18.3.1964;32;0
MESCIDE;9;14.1.1973;0;9
HASEN;15;18.8.1960;15;0
NADIVAR;2;23.6.1973;0;2
REFAT;72;18.5.1965;70;2
NAZLIYI;9;2.2.1955;0;9
HELILE;4;5.10.1975;0;4
SEHADETTIN;10;11.5.1959;10;0
SAHREDDIN;3;16.4.1966;3;0
DUHA;62;13.8.1972;15;47
SERINO;2;17.3.1940;2;0
SALME;4;17.1.1969;0;4
BEHETTIN;8;22.9.1965;8;0
GAYLE;10;3.8.1971;0;10
EKIME;10;19.6.1970;0;10
CEVA;14;15.11.1941;0;14
HIBBIYE;2;22.2.1991;0;2
ERZUMAN;11;23.10.1962;9;2
SAYFIYE;17;24.5.1959;0;17
BIRUCA;2;22.2.1973;0;2
RIFET;62;5.4.1954;61;1
HAYAMI;2;29.6.1967;0;2
ABDULKADDIR;6;17.9.1945;6;0
SEVGINUR;306;11.3.1972;0;306
BEHHAT;2;2.8.1975;2;0
NORMA;14;13.7.1961;0;14
NURFAN;22;26.4.1969;10;12
GUNTER;54;30.3.1973;42;12
HALILE;88;19.9.1961;0;88
RAZIN;4;7.2.1954;1;3
GIANNA;6;30.1.1971;0;6
TONY;4;13.9.1987;4;0
WILYEM;2;6.4.1981;2;0
NATALIN;31;29.3.1983;0;31
FATTUM;487;2.10.1950;0;487
ANDARAOS;2;7.8.1934;2;0
MERSEL;25;14.8.1965;22;3
ROLANS;2;2.2.1969;0;2
GISSEN;2;26.4.1971;2;0
CUZIF;2;22.2.1967;2;0
CEDUN;2;12.2.1959;2;0
ESTIR;3;7.2.1980;0;3
INGRID;38;13.9.1952;0;38
BAHAT;33;5.8.1967;30;3
CULYA;17;18.12.1959;0;17
LILJAN;2;26.7.1987;0;2
MIRNA;11;7.4.1978;0;11
ROZIN;7;25.5.1972;0;7
RENATE;27;19.2.1954;0;27
CUZEF;4;5.10.1979;4;0
GEBRIYEN;2;5.5.1979;2;0
SEMMUNI;2;11.9.1963;0;2
GORDE;2;22.6.1967;2;0
JAQUELINE;3;2.3.1977;0;3
OMAY;23;11.12.1976;10;13
LINDE;22;19.9.1970;0;22
AMANUYEL;2;11.2.1978;2;0
HEYET;13;6.1.1976;3;10
MUAYSIM;2;30.2.1982;0;2
YUHANIS;47;22.5.1976;0;47
SALDA;3;27.8.1982;0;3
MEZZET;2;7.8.1940;2;0
SUMERCAN;8;15.7.1966;4;4
HORBIYE;2;30.3.1968;0;2
CICCI;2;12.8.1923;2;0
NECIL;96;3.7.1960;95;1
ITTISEM;2;12.9.1977;0;2
IPTIHAC;10;28.3.1953;0;10
MIHDIYI;2;17.2.1948;0;2
MERRI;4;7.5.1937;0;4
SAYFO;6;9.3.1955;6;0
SEMES;2;1.1.1986;0;2
YUSEF;43;26.12.1950;43;0
MAYKIL;11;6.10.1982;11;0
HILOM;2;22.2.1955;0;2
IYDI;8;14.8.1964;0;8
BESNI;17;6.4.1964;0;17
HADRO;5;1.5.1959;1;4
NAZHA;2;27.8.1962;0;2
HOSSEYIN;2;24.7.1991;2;0
HISVI;2;13.4.1953;0;2
FARAMEZ;2;1.4.1974;2;0
BAHHAT;2;2.5.1932;2;0
NESME;9;7.11.1957;0;9
YURAN;4;7.5.1971;3;1
SAIYA;2;2.2.1969;2;0
MERLIN;35;17.2.1985;2;33
ROY;37;26.7.1980;37;0
CUMANA;9;15.8.1971;0;9
LORANS;9;6.10.1955;0;9
YILIDIZ;4;6.5.1970;0;4
IFUN;2;12.5.1927;2;0
PERNILLA;2;4.1.1987;0;2
BEHNAN;53;19.3.1970;37;16
BERMIN;12;30.4.1971;0;12
MARBAYIN;2;1.9.1941;2;0
RIMON;3;19.2.1956;3;0
HEDRE;8;26.2.1964;0;8
HUDIYE;20;5.6.1958;0;20
FERIZA;128;12.3.1966;0;128
ABDUKADIR;3;8.9.1980;3;0
SAHAT;23;6.10.1962;18;5
HATICI;3;30.10.1963;0;3
EYSEM;9;1.4.1982;3;6
ZIRRI;8;29.2.1951;0;8
SABITA;38;8.8.1959;0;38
KETHERINA;2;28.9.1985;0;2
UFFET;38;5.12.1954;1;37
RAKIYEH;2;6.9.1991;0;2
ACHVAK;2;17.12.1978;0;2
MANAR;8;8.10.1982;1;7
TALAL;16;4.6.1975;16;0
SAWSAN;3;8.12.1973;0;3
NAVIA;2;5.3.1992;0;2
GULBAYAN;57;21.9.1960;0;57
SESGIN;5;19.8.1973;2;3
GULBENIZ;62;14.8.1969;0;62
RAYAN;6;12.11.1980;2;4
FADIS;222;19.1.1960;0;222
ZAKARIA;4;19.2.1970;4;0
NAJLA;15;10.4.1971;0;15
KAUKAB;2;3.4.1991;0;2
JASEM;2;22.3.1992;2;0
HAPIP;9;11.1.1960;9;0
ANTIVENIT;2;12.2.1959;0;2
MAHMOUD;3;23.12.1955;3;0
HIZRAT;2;12.7.1964;2;0
CELELE;2;27.6.1956;0;2
ZENEB;3;28.1.1982;0;3
OSDIN;2;25.1.1991;2;0
JIHAD;2;6.1.1989;2;0
ZEINAB;14;10.8.1977;0;14
KHALED;4;1.2.1969;4;0
JUSSEF;2;22.1.1992;2;0
GEORGETA;38;26.11.1970;0;38
NESRAVIN;2;27.2.1950;0;2
DIYE;3;18.9.1956;2;1
ERIME;6;13.5.1980;0;6
LAYAL;2;6.5.1991;0;2
BIDAT;12;28.9.1957;9;3
MARIAM;27;5.3.1966;0;27
MOUSSA;2;16.6.1964;2;0
CHUMANA;2;4.1.1991;0;2
KHALIL;2;1.5.1966;2;0
MOHAMMED;39;28.3.1968;39;0
VISAM;18;18.8.1970;14;4
NATIK;213;21.2.1962;212;1
AYINZALHA;4;13.6.1956;0;4
ABDURRAKIP;84;30.9.1970;84;0
HUCO;3;4.7.1936;1;2
HAMISO;2;10.8.1949;0;2
KEZRIBAN;5;10.11.1961;0;5
NEZAR;23;12.4.1979;20;3
BAYGUL;25;25.2.1971;2;23
OLMEZ;25;21.6.1962;10;15
ZEYNIDDIN;46;5.7.1966;46;0
ABDULBARIN;6;20.12.1981;6;0
FENERI;19;28.7.1965;1;18
TEZIME;2;22.5.1979;0;2
YEDIBELA;2;11.11.1973;2;0
HEZNI;195;4.8.1965;1;194
ZEHDIYE;4;19.5.1949;0;4
CUMHOR;2;18.1.1941;2;0
M.HILMI;8;7.11.1941;8;0
HURIYA;15;18.11.1965;1;14
BAGER;31;23.3.1966;1;30
HUSNAGUL;20;12.12.1978;0;20
HADLI;5;23.3.1948;1;4
MUSLIHE;8;22.6.1970;0;8
MUSADDET;7;11.2.1968;0;7
ABDULKUDUZ;16;21.7.1966;16;0
MUHTIRE;2;7.2.1970;0;2
ANBER;320;29.4.1962;13;307
BARATTIN;2;24.1.1981;2;0
MUCDAT;107;5.7.1974;107;0
NEZO;12;23.3.1967;0;12
RAHIMI;11;19.11.1953;6;5
GULTEM;21;6.5.1971;0;21
RECAP;5;19.3.1967;5;0
MIHHIBBET;2;2.3.1957;0;2
ZELHO;8;17.7.1956;0;8
SAMPERI;3;18.2.1980;0;3
GURNAZ;73;19.10.1965;0;73
SAHINAS;35;5.7.1965;0;35
ZERRI;32;7.6.1950;0;32
SIGHE;2;7.7.1970;0;2
ZEYNIYE;225;25.8.1959;0;225
IMDAD;48;10.9.1970;48;0
PELLI;9;29.1.1960;0;9
LARZIHAN;2;2.2.1945;0;2
MEDE;11;12.2.1948;0;11
SITTILUYUM;2;30.5.1949;0;2
GUBUHAR;2;17.1.1982;0;2
HUSNET;19;26.3.1953;1;18
NACLE;4;22.8.1961;0;4
DIYA;8;30.2.1968;5;3
HAMUT;181;28.7.1958;181;0
NACDIYE;2;2.2.1963;0;2
BUNYAT;34;15.3.1961;34;0
KANCANI;2;2.2.1963;0;2
SARCE;2;12.8.1923;0;2
BESGUL;108;26.9.1972;2;106
GULBITER;37;5.5.1973;0;37
HULIKE;20;20.4.1969;0;20
NAZENIN;190;22.4.1966;0;190
FAYDANUR;2;6.4.1983;0;2
GULSIM;33;13.12.1971;0;33
MAHARRAM;2;11.4.1940;2;0
TUMEN;187;19.7.1971;120;67
MENHAR;5;9.1.1958;2;3
RIZKAN;5;15.9.1969;3;2
REMZAN;8;18.10.1959;8;0
SARFI;2;26.11.1941;0;2
HULIKA;44;15.9.1961;0;44
BARZAT;2;12.2.1965;2;0
GULCIVAN;104;13.2.1963;0;104
BEDEVIYA;28;10.11.1974;0;28
BELMAZI;2;12.2.1971;0;2
CEYDI;3;22.2.1955;1;2
MENNI;3;2.2.1947;0;3
ABDULMANEF;6;12.9.1975;6;0
LIBNANIYE;2;27.10.1974;0;2
FATUMI;3;12.2.1944;0;3
NEDAN;2;14.7.1963;2;0
AYUTULLAH;2;3.4.1980;2;0
MERCANI;14;19.5.1958;0;14
M.SADIK;32;21.11.1956;32;0
SARIME;6;22.9.1957;0;6
M.ARIF;13;23.9.1958;13;0
ELME;6;1.6.1945;0;6
SENIH;102;18.9.1968;102;0
FASFIYE;8;30.1.1955;0;8
ABDURRIZZAK;4;21.12.1972;4;0
SINDI;13;28.1.1967;11;2
ERDEHAN;16;18.6.1970;11;5
YAVGUL;2;18.4.1989;0;2
VECDEDDIN;3;13.9.1971;3;0
METIHE;28;17.11.1965;0;28
FETO;17;8.9.1946;8;9
MEHFIYE;5;30.1.1968;0;5
FARAT;11;27.12.1973;11;0
KETO;5;12.1.1953;0;5
EMRIYA;33;12.3.1972;11;22
BELHO;3;27.2.650;0;3
MERSIL;5;17.2.1965;1;4
SEMIRAM;3;19.6.1964;0;3
EVLIN;36;14.11.1975;0;36
KOCEBI;2;27.2.1944;0;2
NABATI;2;1.1.1;0;2
NESLO;6;10.2.1935;0;6
NEFI;144;12.3.1962;131;13
OZGEL;20;17.8.1972;9;11
HAYRATTIN;52;22.11.1959;52;0
HUZNET;3;23.1.1956;0;3
SENIYA;31;17.1.1968;0;31
LULU;58;29.2.1960;0;58
CEVHAR;8;10.4.1972;3;5
HEMAMI;9;25.4.1951;0;9
UMAYRA;2;1.6.1979;0;2
IBNANIYE;3;18.6.1966;0;3
CELEBIYI;2;27.2.1956;0;2
FELAMEZ;5;17.11.1969;4;1
UMMULKELSUN;2;8.10.1981;0;2
UZEYLA;11;22.9.1984;0;11
MENAT;3;8.4.1987;2;1
RIZKIYA;22;12.1.1968;0;22
NAVVAF;6;17.12.1958;6;0
ZEYTUNI;9;12.9.1962;0;9
DIDO;4;3.4.1948;0;4
NEVFEL;245;9.3.1964;243;2
MERCI;22;30.1.1953;2;20
MATTA;2;7.8.1964;0;2
ZUMRETTE;21;29.5.1964;0;21
EMISI;4;18.3.1955;0;4
HAYSEL;25;30.11.1959;0;25
EMULLAH;4;5.10.1986;4;0
UZGUL;19;29.9.1972;0;19
FAISA;2;11.12.1991;0;2
CEVAHIRI;5;30.5.1947;0;5
MERDIE;9;5.6.1975;0;9
CABRAIL;16;22.7.1975;16;0
VEYSO;24;22.10.1860;24;0
FILINCE;4;8.5.1953;0;4
PERINAS;12;27.4.1967;0;12
MEYDIYE;24;16.12.1963;0;24
KADIFA;7;2.11.1957;0;7
BESRIN;9;18.2.1974;4;5
DULAVIZ;2;23.1.1985;0;2
ZEYRI;5;24.7.1962;0;5
PERINAR;2;18.12.1990;0;2
UMIHAN;82;24.5.1971;0;82
BAYAN;57;15.8.1957;0;57
NIYAL;54;28.4.1967;2;52
HEFIF;2;22.2.1967;2;0
TARFO;2;2.2.1957;0;2
NAJLE;6;6.6.1969;0;6
NURIYLE;2;2.6.1975;0;2
HEYEM;2;30.1.1976;0;2
FADYE;6;11.4.1980;0;6
TURK;94;16.5.1956;87;7
ZUHAR;15;7.9.1966;0;15
RAMADAN;4866;8.9.1958;4866;0
MATRAN;2;26.3.1969;2;0
MIRVAN;27;18.7.1969;19;8
MIHITTIN;9;21.9.1961;9;0
CELILI;11;26.1.1958;1;10
NAZIMAN;4;4.11.1969;0;4
SELMI;163;26.7.1963;28;135
VASIYA;4;3.3.1957;0;4
SERVE;58;15.10.1968;0;58
IZIDDIN;11;11.5.1961;11;0
HEYBETTULAH;3;8.2.1985;3;0
CEGER;7;13.9.1985;7;0
SUEL;67;16.1.1964;8;59
IFAYET;27;14.6.1966;0;27
SARORA;2;17.2.1966;0;2
AIS;3;10.7.1944;2;1
SUDI;223;18.5.1964;212;11
SIYEMET;2;2.2.1951;2;0
SIPHO;5;5.6.1945;0;5
SUBHO;2;27.2.1956;0;2
KEFO;4;15.10.1954;2;2
FILLIZ;8;23.9.1982;0;8
UMER;4;5.3.1969;4;0
SIHRAN;3;22.1.1962;0;3
SEHRABAN;15;23.10.1958;0;15
SUBASI;7;7.11.1971;7;0
EZDIHAR;17;8.11.1965;0;17
YEMANI;4;15.1.1966;1;3
ZELO;66;16.1.1954;0;66
IRMILA;2;4.5.1962;0;2
SARAFEDDIN;10;13.5.1965;10;0
NESILSAH;8;13.6.1984;0;8
SERAHAN;10;20.9.1973;3;7
SOZANI;3;28.1.1958;0;3
IZZIDDIN;40;15.10.1955;40;0
HAMDALLAH;2;16.3.1983;2;0
IHLEL;2;10.7.1969;2;0
ZEZI;285;25.1.1952;0;285
NURSI;54;7.9.1975;51;3
SEKKIRO;3;4.4.976;3;0
PERDESLESIN;2;27.10.1950;0;2
MANIRA;8;5.9.1968;0;8
SODI;5;8.4.1950;0;5
EMZADE;203;17.6.1956;0;203
GULMINAZ;84;26.8.1958;0;84
CEMEL;8;9.8.1956;4;4
MEKIDDIN;2;29.6.1955;2;0
HAZIN;76;16.4.1974;41;35
SERECIDDIN;2;20.1.1977;2;0
SITTIHAM;2;22.10.1979;0;2
TEKSEN;48;1.4.1969;12;36
GESUME;2;30.2.1971;0;2
SOYLEMEZ;760;30.2.1976;3;757
MEDIN;86;18.6.1969;83;3
ZUMEYREN;3;13.3.1969;0;3
GERZUMA;2;27.4.1974;0;2
SEBAHEDDIN;33;1.9.1957;33;0
SURETHAN;724;12.6.1972;0;724
RAVIDE;28;28.2.1959;0;28
TULIHAN;3;11.10.1980;0;3
UMEYYE;24;28.11.1978;0;24
SABITTIN;61;12.9.1961;61;0
NURCEN;62;12.8.1967;0;62
BEHO;4;20.4.1947;0;4
MISMIYE;3;24.3.1969;0;3
SILHITTIN;2;2.2.1951;2;0
IRANI;2;7.2.1958;0;2
IBTISAM;17;11.7.1971;0;17
MERISAN;34;22.1.1971;0;34
SABAHEDDIN;43;16.2.1957;43;0
MEYSIYE;9;30.10.1970;0;9
BARIGA;4;23.6.1968;0;4
BAHDI;16;18.12.1960;13;3
HUHET;2;14.9.1972;0;2
INTIS;2;22.10.1931;0;2
ABUDE;7;9.2.1951;0;7
ESRAFIL;59;5.1.1971;58;1
IMOSE;2;12.3.1941;0;2
HEYBER;7;30.9.1978;3;4
CINEMRI;2;13.7.1964;2;0
GAZEF;2;11.5.1966;2;0
FELEKILALEDDIN;2;22.2.1943;0;2
LEYLAL;3;1.6.1973;0;3
ABDULHABIB;18;29.10.1966;18;0
NEBIHET;9;27.2.1972;0;9
CIMHUR;2;17.9.1950;2;0
ZERGIYE;4;25.11.1956;0;4
HUZEYIR;33;9.4.1964;33;0
LEMIHA;62;4.6.1966;0;62
HAMSERIYE;2;7.2.1946;0;2
DURSEL;379;9.7.1967;25;354
SIBAN;10;21.5.1961;6;4
PEYANI;2;27.2.1980;0;2
SENENIK;3;21.10.1939;3;0
RAMLE;3;27.11.1980;0;3
ABTI;61;15.1.1959;61;0
BASKADIN;6;27.1.1950;0;6
FERMUS;62;6.5.1958;2;60
NAZIFER;121;19.2.1965;0;121
MUKADDIS;388;16.8.1957;0;388
REHIBE;5;15.11.1949;0;5
ADIVE;167;25.6.1963;0;167
GULFARI;69;24.2.1958;0;69
SAMMA;45;13.5.1963;31;14
SAMMAZ;95;26.1.1966;95;0
GAFER;65;6.2.1961;63;2
UMUS;3128;12.11.1960;0;3128
AYSANA;762;2.4.1955;0;762
HAVIZE;887;8.2.1965;0;887
KADIN;3934;27.3.1953;0;3934
HACIBEY;505;20.6.1958;505;0
AKKADIN;1994;3.7.1955;1;1993
FETTIN;3;3.7.1960;3;0
DULBER;66;16.2.1959;0;66
IMZAL;11;15.2.1966;2;9
GULEYMAN;34;9.6.1966;0;34
TURKAZ;5;15.5.1972;1;4
SAMMAS;483;11.8.1965;482;1
SEMEAT;5;4.5.1963;0;5
NEVRISE;28;28.7.1965;0;28
GULTOP;92;1.3.1963;0;92
NIKARE;8;11.2.1955;0;8
OMURAY;51;14.6.1976;17;34
ZULUHA;211;19.12.1963;0;211
IMRANIYE;71;8.4.1969;0;71
CAGTAY;94;10.5.1985;94;0
NADIBE;11;6.10.1963;0;11
SARIHA;17;21.7.1962;0;17
SENKULE;2;23.10.1942;0;2
GULIHSAN;9;2.7.1957;1;8
GULERSUN;22;27.1.1970;0;22
ORDU;97;4.9.1969;85;12
ASIR;3735;26.1.1962;3699;36
ZAMIR;199;28.12.1961;199;0
ELVANIYE;45;1.2.1960;0;45
TEOGMAN;2;17.11.1984;2;0
IREP;188;10.11.1962;0;188
DURSIYE;1617;22.10.1965;0;1617
ECIR;231;21.7.1965;227;4
ISMAHANI;6;21.3.1952;0;6
EREM;169;13.12.1980;126;43
NURTOP;203;24.9.1966;4;199
SEDAN;22;13.10.1978;11;11
MEFAIR;19;1.4.1962;17;2
BATDAL;44;2.7.1961;44;0
VICTAN;1;17.3.1960;0;1
YALDIZ;110;24.4.1958;2;108
MOVLUT;3;20.6.1950;3;0
ZULIFKER;1;11.6.1931;1;0
NAZIFI;67;22.2.1965;64;3
CANCIVER;1;2.2.1951;0;1
ILKGUL;394;20.9.1975;0;394
ELFIDAN;259;9.11.1965;0;259
ZEDEF;327;16.1.1961;1;326
ABIZER;55;14.10.1965;52;3
MERCUHAN;1;2.4.1963;0;1
ISMEHAN;1267;25.6.1958;0;1267
MAVISE;392;23.8.1961;0;392
CILLI;602;6.11.1958;0;602
UMMIHANI;39;6.1.1955;0;39
MENEFSE;210;11.10.1949;0;210
RABISE;88;10.4.1950;0;88
UMMUSUN;365;14.7.1959;0;365
BURCE;230;4.11.1984;5;225
BILGUZAR;8;29.8.1957;0;8
MIBARE;1;17.8.1936;0;1
MAZEZ;334;15.12.1963;0;334
SIDEM;31;26.7.1986;0;31
CAFERET;2;26.3.1964;0;2
GURGAN;30;11.3.1959;18;12
IJDAL;8;10.6.1965;2;6
ARFE;79;19.12.1965;0;79
NAVRUZIYE;30;9.9.1957;0;30
ANAKADIN;1264;25.4.1957;0;1264
UMMEHANI;313;15.8.1955;0;313
KULUFER;3;21.5.1946;0;3
NAZELIM;16;10.3.1964;0;16
KAYMAK;771;23.6.1959;11;760
AYSEANA;803;1.6.1954;0;803
ANIS;1391;15.6.1958;12;1379
NEVSA;4;21.9.1971;0;4
BILGIZAR;11;13.12.1969;0;11
MUBECCER;35;14.11.1956;0;35
MAVCAN;1;22.2.1961;0;1
MUAMMET;91;12.8.1973;91;0
KERZI;237;24.3.1958;0;237
HACANA;2;1.4.1961;0;2
HATICEANA;93;15.5.1949;0;93
RASIH;844;14.4.1960;844;0
BAADDIN;10;28.4.1961;10;0
BETGUL;1;27.2.1950;0;1
MUCEVVER;122;8.10.1957;1;121
BAYAR;381;19.8.1964;372;9
AVSAR;410;25.10.1971;334;76
INZAL;6;9.12.1971;0;6
HAVVANA;2101;22.11.1961;0;2101
HACICEMAL;2;19.11.1977;2;0
SALIHMUHSIN;1;26.2.1984;1;0
SEHERI;4;10.1.1955;0;4
CAFIYE;606;21.10.1969;0;606
CESIKA;19;11.11.1981;0;19
NERON;1;21.1.1969;1;0
MUTALE;3;24.3.1966;0;3
BAYRAMALI;916;12.9.1961;916;0
NUGRAN;70;22.2.1969;1;69
KULBAHAR;6;30.1.1947;0;6
MUKREM;102;16.9.1961;99;3
ILLEZ;28;8.2.1960;28;0
CEYFUN;39;8.5.1975;32;7
SEKURE;1587;17.5.1955;0;1587
GULFERIN;11;5.12.1962;0;11
NECAATTIN;335;13.5.1961;335;0
SILATTIN;1;20.4.1943;1;0
OZSEN;31;2.6.1965;6;25
HACIKADIN;671;12.11.1959;0;671
MUARRA;3;3.12.1948;0;3
TURKSEL;48;8.10.1961;25;23
MERYEMANA;745;19.3.1965;0;745
SAHRIYE;379;3.8.1963;0;379
ALIBARIS;2;17.1.1981;2;0
ERTURAL;62;26.11.1956;62;0
BERADIYE;99;23.7.1965;0;99
GURCEM;10;21.4.1985;1;9
M.YUCEL;1;27.8.1963;1;0
LISE;4;19.11.1961;0;4
KUTLUGHAN;6;10.2.1979;6;0
PERGUL;52;5.7.1968;1;51
RAFETTIN;167;23.9.1960;165;2
NAVRIZ;46;10.10.1964;1;45
NAVRIZIYE;4;16.7.1966;0;4
HIVZI;17;11.2.1961;17;0
NAVRIZE;9;17.12.1962;0;9
MEVLIYA;117;17.12.1970;1;116
MUHAMMETALI;110;30.6.1980;110;0
SOFU;103;4.4.1959;103;0
NURPERI;189;13.5.1973;0;189
ERCAH;3;30.9.1967;0;3
UNVERDI;8;9.12.1972;7;1
SEYAN;37;28.1.1968;5;32
UKRET;1;16.11.1953;1;0
MAVICAN;6;26.3.1977;1;5
CAVIYE;27;16.8.1966;0;27
MUZEYDE;30;10.8.1960;0;30
SERVEZ;1;7.5.1934;0;1
GULAZEM;76;16.7.1966;0;76
HOKKES;91;22.9.1965;91;0
DESDE;23;10.2.1965;0;23
ZEHA;6;1.10.1962;0;6
GULBADE;187;23.10.1963;0;187
YAZANGUL;3;10.6.1961;0;3
NURUYA;42;21.2.1964;0;42
TURKUT;228;28.10.1963;228;0
NARGULE;40;23.12.1969;0;40
ZILIFDAR;5;20.3.1964;5;0
ZUBIYA;1;11.8.1964;0;1
GULICIN;9;27.9.1959;0;9
SADEN;109;3.10.1961;18;91
FIRUZIYE;2;23.11.1969;0;2
HACIEMIN;21;4.1.1964;21;0
SABI;77;26.12.1960;69;8
EFRAYIM;406;11.1.1967;406;0
SONA;2942;2.5.1957;0;2942
NEZALIM;2;24.10.1975;0;2
FERIZAN;474;18.4.1963;30;444
SEVAT;73;4.2.1973;58;15
SAMAV;1;12.6.1938;1;0
SERMAN;137;1.6.1969;32;105
SIFAYI;24;5.5.1966;20;4
IRIHAN;19;8.9.1960;0;19
GANIMA;34;13.9.1955;0;34
BETTAS;1;30.4.1955;1;0
YAVAS;5;23.1.1955;5;0
KUDDUSU;115;11.2.1962;114;1
SAMBA;2;15.2.1971;2;0
NUSURAT;11;25.1.1962;11;0
SAMAS;7;16.7.1956;5;2
NUGRETTIN;49;28.11.1963;49;0
UMUSE;96;23.9.1959;0;96
MAZISE;1;1.3.1961;0;1
GULBES;38;30.5.1957;0;38
PORUZE;6;15.10.1960;0;6
ZEYCAY;1;24.10.1942;0;1
HAVAANA;171;13.11.1964;0;171
GULDEDE;25;20.7.1963;25;0
IFAZE;103;1.8.1953;0;103
HAYRULNISA;63;27.12.1966;0;63
DEMRAN;8;15.2.1971;1;7
DURSUYA;7;10.1.1962;0;7
EMREGUL;23;15.5.1973;0;23
RUFI;218;5.4.1959;216;2
MUTALA;2;6.10.1948;0;2
ENDAMIYE;2;13.5.1959;0;2
BEYICE;120;27.2.1960;0;120
DURHASAN;790;29.5.1961;790;0
TURKDAG;1;13.2.1942;1;0
ZATI;442;22.5.1963;431;11
MAFIRE;191;1.12.1956;0;191
GUZIYE;8;14.8.1961;0;8
GOKCEM;91;26.3.1984;19;72
MUCEFFER;53;1.2.1959;1;52
TUGRANCAN;1;18.10.1981;1;0
NURU;221;11.1.1955;197;24
KUBAY;2;9.8.1981;1;1
GOKBONCUK;1;26.4.1966;0;1
ULFIS;1;17.4.1936;0;1
AYGEN;406;15.11.1971;66;340
OLUCAY;3;30.3.1975;0;3
AYCIMEN;1;12.5.1983;0;1
MEPRUZE;2;7.3.1962;0;2
DURGUL;567;26.7.1971;3;564
SEVDAYI;13;10.4.1965;11;2
LEFIDE;17;1.12.1962;0;17
OLCA;127;6.2.1977;14;113
YURTTAS;58;5.9.1968;57;1
SAMINUR;10;30.8.1957;0;10
ULCAY;119;16.1.1954;6;113
MUFTALE;10;17.7.1949;0;10
APTURRAHMAN;110;23.9.1954;110;0
MENAR;12;25.6.1978;1;11
ERAN;125;24.4.1971;116;9
LOGMEN;19;2.10.1964;19;0
NAFIS;494;12.9.1966;481;13
COMERT;604;6.2.1971;603;1
SANVER;364;27.9.1968;343;21
SENAR;898;22.10.1974;625;273
RENGI;68;12.3.1962;11;57
GORCEK;75;21.6.1962;0;75
ENSEL;5;3.7.1970;2;3
BEGIM;22;21.10.1953;2;20
SEYFET;127;13.7.1958;123;4
MUSAFFA;46;19.7.1956;5;41
TOPEL;29;19.1.1969;28;1
LALIZER;618;17.3.1957;1;617
SEBIA;80;18.9.1958;0;80
TAYYBE;1;30.4.1965;0;1
YASASIN;161;13.12.1970;130;31
MOLLA;418;22.11.1959;272;146
SUMENYE;40;13.2.1982;0;40
DEMIRAN;36;3.6.1956;1;35
BILGUR;12;12.4.1974;0;12
SUBULAY;3;13.12.1970;0;3
SECIYE;121;8.4.1956;0;121
ERDAM;8;24.1.1971;6;2
FERYADI;118;2.1.1971;113;5
SASIDE;7;1.4.1965;0;7
YONUS;1280;22.10.1959;1280;0
NEBIYA;32;21.9.1973;0;32
NARGIHAN;83;7.9.1979;0;83
NEMAL;3;7.10.1943;0;3
FERZANIYE;15;26.3.1951;0;15
KUCUKKADIN;6;6.12.1940;0;6
GULDE;28;27.10.1974;1;27
ULFI;48;6.7.1964;39;9
KEMALIST;2;14.11.1950;2;0
REMIHA;16;26.7.1965;0;16
ALIMRAN;2;3.8.1966;2;0
ZENAY;7;7.2.1969;1;6
KATRIYE;112;9.11.1958;0;112
EBISE;32;23.3.1958;0;32
TUGRAN;170;9.4.1969;168;2
ULUSAH;3;28.1.1985;3;0
TURDA;2;2.9.1963;2;0
NAKIRE;18;10.6.1960;0;18
MUBETCEL;132;21.7.1958;1;131
NAZIVER;70;8.1.1957;0;70
MAHMUDE;147;23.4.1961;0;147
BESMIYE;16;9.11.1961;0;16
MAZHAREDDIN;2;28.8.1988;2;0
MEHVA;6;21.8.1969;0;6
SENKAY;5;27.8.1978;4;1
AYYILKIN;1;6.12.1942;0;1
SENDAG;112;29.7.1972;14;98
DAHI;27;16.7.1970;27;0
NAVIZER;2;25.8.1967;0;2
SEFAYET;33;18.1.1965;8;25
FERIDIYE;113;8.3.1957;0;113
NURGUYAN;1;19.5.1955;0;1
FERAS;4;30.12.1971;3;1
NAZANTI;3;22.7.1957;0;3
METINER;77;29.11.1957;77;0
HAYRINNISA;144;3.4.1956;0;144
NAKIP;100;23.9.1962;99;1
CUMAZIYE;656;30.11.1965;0;656
KEREP;93;28.3.1968;93;0
REKABI;96;7.1.1971;96;0
SULUN;219;24.11.1962;8;211
SEVGINAZ;328;11.7.1968;0;328
SAFETTIN;108;19.6.1962;108;0
NOGMEN;7;30.7.1964;7;0
IFTADE;249;24.4.1958;9;240
DEMIME;31;16.2.1953;0;31
AYSAGUL;8;12.12.1969;0;8
HAVVANIM;13;16.12.1970;0;13
USULET;30;13.1.1960;0;30
BEHIDE;209;21.1.1959;0;209
GULSENEM;1467;6.1.1965;0;1467
MEHMETCIK;38;19.11.1966;38;0
GULEGUL;31;4.8.1974;0;31
MURAYET;18;10.10.1958;0;18
GUNFERI;10;8.2.1957;0;10
RENAN;261;28.5.1967;102;159
NURCAY;271;13.4.1974;9;262
NAVIDE;29;9.1.1958;0;29
MENDIYE;24;11.4.1963;0;24
MIHAT;9;2.10.1971;8;1
KURT;230;13.4.1952;205;25
MAHMUDIYE;251;14.9.1959;1;250
LUTFAN;11;21.3.1964;5;6
DURKIZ;314;19.5.1955;0;314
HULUSER;64;29.1.1953;0;64
CIBALI;4;29.9.1956;4;0
NEDIBE;72;26.12.1959;0;72
BELKIZCANU;1;15.12.1991;0;1
GULENC;64;1.11.1962;11;53
DEMIRSAH;118;8.8.1950;81;37
NECLIYE;28;15.5.1961;0;28
SEHARE;135;28.5.1952;0;135
NIHMAN;1;26.6.1970;1;0
SEHRIBANI;333;25.7.1959;0;333
CANKIZ;55;14.4.1965;0;55
ALTAR;60;21.6.1979;60;0
NIGARI;60;17.8.1954;10;50
NAZENTI;36;27.4.1956;0;36
AKAGA;4;1.2.1955;4;0
GUVEL;19;1.3.1966;5;14
TOLUNHAN;1;2.8.1987;1;0
DIDE;58;10.9.1979;0;58
SENAIRECAI;1;27.8.1938;1;0
SUMRAN;171;12.7.1967;1;170
BAYISE;134;20.1.1958;0;134
BEYAH;1;12.3.1983;0;1
SAGDAN;6;30.9.1967;6;0
SULEYYA;52;8.12.1964;1;51
CUMASIYE;88;29.7.1966;0;88
NURHANIM;209;24.12.1966;0;209
MERFUA;6;8.1.1948;0;6
MUZAFFERE;418;7.5.1948;0;418
HACELI;119;12.3.1971;119;0
MURUYET;21;7.7.1963;0;21
LEFZAIL;1;23.5.1985;1;0
SAMILI;7;30.3.1965;7;0
LEYLIFER;290;10.5.1958;0;290
SADAKAT;426;22.8.1954;4;422
SUBEYYE;5;21.2.1964;0;5
GALIS;3;9.3.1968;2;1
TARIM;5;2.5.1955;5;0
DEMIRKAYA;19;12.7.1953;19;0
DORUKHAN;116;20.10.1988;115;1
BABRAHMAN;2;12.10.1962;2;0
KADIS;22;5.9.1948;0;22
NAZIKTER;247;25.1.1954;0;247
GUNEVER;6;17.7.1967;0;6
ORU;18;16.10.1953;0;18
MIHNET;11;13.11.1957;0;11
SEDAYI;127;11.12.1967;111;16
UMMUYE;1029;27.6.1965;0;1029
IRABIS;7;30.8.1961;0;7
ZILVER;12;10.9.1966;11;1
MEDINET;7;21.2.1955;1;6
NIKTAR;11;13.7.1950;0;11
NESI;19;29.11.1952;0;19
YILDIRAN;204;14.5.1968;202;2
GADIRIYE;39;1.11.1965;0;39
MELAT;123;11.1.1959;2;121
GULIRAZ;1;21.2.1963;0;1
SIK;30;16.10.1966;29;1
SAVRAN;75;8.11.1962;72;3
FADIMADIN;1;6.2.1954;0;1
TEVEKKUL;167;13.9.1965;66;101
RAMIZE;1535;3.7.1954;0;1535
HEYME;5;29.1.1949;0;5
MURUFET;260;18.2.1964;0;260
MIYAL;4;20.9.1977;0;4
TEKMILE;1611;26.3.1960;0;1611
NAGAHAN;192;14.10.1975;0;192
FERZULLAH;28;3.10.1972;28;0
EMET;790;6.9.1962;8;782
FIRIZAN;38;5.3.1965;1;37
NEBIAT;14;25.11.1956;0;14
SAHNIZE;31;21.9.1960;0;31
BABACA;6;26.8.1952;6;0
TEBESUM;6;13.9.1985;0;6
BELGIZ;90;25.8.1965;0;90
NURLU;179;27.5.1966;5;174
YENIYIL;11;1.8.1974;3;8
RASET;56;1.2.1955;16;40
TEFARIK;268;28.12.1952;0;268
FIRZI;2;4.8.1959;2;0
RAHLE;10;8.4.1970;0;10
MURSELIM;45;15.12.1968;35;10
ABIDER;17;30.4.1967;12;5
NEYFEL;76;27.8.1976;74;2
NAYIDE;208;5.3.1964;0;208
TEMRAZ;40;19.12.1950;39;1
BUZZEN;1;12.9.1965;0;1
BETUR;10;29.6.1975;0;10
HUREYYE;8;13.1.1965;0;8
SEHRICAN;20;11.12.1969;0;20
OLUN;6;4.11.1960;3;3
SAVIRE;7;28.9.1964;0;7
IFTALE;1;6.8.1972;0;1
NEYIR;125;2.9.1968;22;103
BERKIN;272;22.2.1985;251;21
CEVKAN;1;21.3.1938;1;0
SEVKETIN;1;25.5.1964;1;0
RESADIYE;297;9.11.1960;0;297
FAIL;18;4.8.1954;18;0
SEBATIYE;43;12.4.1958;0;43
DERECE;1;27.8.1938;0;1
MURIDE;291;12.3.1958;0;291
MUFUT;40;5.5.1967;40;0
EMINEANA;87;28.9.1954;0;87
KADINKIZ;49;22.3.1953;0;49
ENIZER;2;13.7.1952;1;1
NERRIN;28;11.6.1964;1;27
BEHTI;91;24.10.1965;91;0
CANDIDE;4;1.5.1984;0;4
FAHRU;2;30.10.1970;0;2
ERGUC;24;15.8.1970;23;1
PERTEF;2;6.12.1959;1;1
UKASE;45;16.6.1956;45;0
GUNVER;56;17.5.1960;26;30
MUBEDET;1;2.2.1939;0;1
VEYSIDE;1;1.10.1936;0;1
UDBIYE;1;13.6.1943;0;1
DEMIRAYDIN;1;6.11.1950;1;0
NAZENTE;482;21.6.1960;0;482
CUMAYLI;9;24.2.1968;9;0
TERKAN;77;4.4.1976;74;3
ZOHURE;2;6.12.1959;0;2
GULERAY;118;19.8.1966;0;118
MAHMIR;2;26.9.1955;0;2
NAZEL;119;9.2.1967;0;119
UYGUR;236;17.7.1972;231;5
NEZIE;3;16.2.1960;0;3
GULFANI;18;24.5.1959;1;17
HAVIYE;152;15.1.1959;0;152
SEYBE;62;15.7.1962;0;62
UMMAHANI;1926;3.2.1961;1;1925
ZALHA;199;7.11.1950;0;199
FERAHETTIN;1;19.6.1976;1;0
KURDU;7;30.7.1967;2;5
SAMAYIL;8;16.12.1952;5;3
NEHAL;115;21.10.1958;2;113
ALIMIN;1;14.2.1965;1;0
FEZAIL;236;2.1.1962;235;1
MASAR;133;30.7.1962;132;1
SITDIKA;242;18.7.1958;0;242
TIFIDIYE;2;19.1.1958;0;2
DOYGUN;5;26.6.1973;5;0
LADIFE;148;13.1.1962;0;148
NEBILIYE;2;14.1.1969;0;2
ZEYNIS;68;10.12.1957;0;68
MERISE;14;1.8.1960;0;14
MINTAHAN;6;17.3.1967;0;6
FEMI;37;23.12.1965;37;0
SIDTIKA;22;17.2.1963;0;22
ECDER;92;18.10.1968;92;0
ZAHIBE;47;21.10.1951;0;47
NAYFER;4;25.12.1977;0;4
BADISABAH;29;6.7.1962;0;29
ZAYIT;126;14.8.1963;126;0
ISTIKBAL;52;18.12.1965;27;25
GULASEM;29;20.6.1963;0;29
SURAP;7;30.2.1955;7;0
REMBIYE;15;29.12.1962;0;15
MASUNE;2;1.1.1962;0;2
ELMASIYE;189;2.9.1956;0;189
LETICE;55;3.2.1960;0;55
HASPIYE;36;22.9.1956;0;36
NEYLIFER;15;27.1.1949;0;15
KUTDUSI;26;22.11.1967;26;0
SAIRIYE;1;4.4.1962;0;1
ADIVIYE;179;7.9.1959;0;179
TEZNUR;17;26.12.1971;1;16
SERANAY;6;4.7.1982;0;6
SECATTIN;116;24.5.1966;116;0
SUAYYIP;266;11.4.1961;266;0
AYTOP;115;24.8.1960;6;109
HUSMEN;1142;7.10.1957;1140;2
MUHMINE;40;13.10.1966;0;40
MUCELLIT;30;20.1.1957;30;0
MUMUNE;3509;8.7.1961;0;3509
TARIFE;349;3.9.1954;0;349
ABITLER;1;27.11.1962;1;0
SEMSET;29;18.7.1955;23;6
MUTEALA;3;10.1.1958;0;3
BECED;1;11.2.1963;1;0
NEZIZE;19;4.5.1959;0;19
GORKEN;25;2.9.1979;19;6
NOKLU;1;21.11.1951;1;0
GULUNAZ;288;26.3.1962;0;288
BURNAMI;1;2.2.1933;1;0
LEDIME;15;12.2.1967;0;15
YEGANE;355;14.3.1959;1;354
MEZIHA;49;5.12.1960;0;49
LALEZAN;2;2.10.1947;0;2
SAHSIVER;10;5.7.1959;5;5
MUCEDDIT;2;23.10.1968;2;0
PORIYE;1;4.3.1938;0;1
HITAM;16;13.9.1964;8;8
PEVRISE;1;16.6.1945;0;1
VAHETTIN;10;8.7.1953;10;0
PERIHA;85;30.9.1955;0;85
ABBAZ;47;15.3.1965;47;0
GULEVER;38;23.12.1963;1;37
KORAL;188;1.4.1976;186;2
GULDIR;1;25.9.1941;0;1
ULTERI;1;12.7.1965;0;1
MUTLUHAN;127;6.6.1981;113;14
UMHAN;36;5.6.1958;0;36
ATLIHAN;64;13.10.1968;61;3
NAFIDER;22;18.1.1957;0;22
VERGUL;82;28.7.1969;5;77
EZILHAN;3;18.4.1961;0;3
ESHABIL;441;26.12.1977;440;1
SANINUR;5;1.1.1964;0;5
TARUK;83;9.4.1969;83;0
SEDAD;169;6.2.1970;169;0
HATMIYE;74;18.5.1956;0;74
SAMBAS;13;23.5.1964;13;0
UKKASE;38;14.11.1956;38;0
SULTANHAMIT;6;6.7.1959;6;0
SAMBAZ;48;22.8.1970;48;0
NEVRIS;70;18.8.1956;14;56
GURGEN;36;10.8.1966;17;19
EFIL;287;27.7.1968;7;280
SUULE;79;17.10.1970;0;79
SUBYAN;162;7.9.1957;2;160
ANT;72;20.6.1978;71;1
SOMER;111;6.3.1969;101;10
HUVEL;11;18.6.1978;3;8
IMRAR;2;21.10.1963;1;1
NUSUBE;8;19.5.1976;0;8
NESADIYE;67;6.7.1963;0;67
YUGNUS;2;20.1.1946;2;0
SUALYA;4;1.9.1963;0;4
KIYAS;824;1.7.1962;821;3
CIHANDEGER;2;26.7.1965;2;0
GULSARI;17;14.5.1957;0;17
FERMANI;208;13.3.1963;206;2
FIRIZ;10;30.3.1962;0;10
BABAOGLAN;41;21.1.1956;41;0
LEYMANE;1;1.3.1943;0;1
GULERSIN;51;2.1.1969;0;51
MEVSIME;27;29.8.1966;0;27
HAMAY;4;21.4.1971;1;3
BAYSEL;61;29.9.1965;12;49
EMRI;185;7.12.1965;177;8
DOVAN;13;22.6.1958;13;0
SUELLA;11;14.11.1960;0;11
SAHIRET;1;13.6.1946;0;1
PERYAN;104;29.9.1961;0;104
MUKADDISE;8;1.11.1951;0;8
LEVUM;2;25.2.1965;0;2
SEYYARE;1218;17.6.1954;1;1217
LEYLIME;4;5.11.1950;0;4
NESLAN;83;2.6.1959;0;83
TALA;92;15.8.1968;8;84
UMMANI;464;15.7.1958;25;439
NUNA;27;25.1.1954;0;27
EMINANA;49;24.4.1959;0;49
APDIL;182;1.12.1961;182;0
TUNCAR;170;7.5.1965;164;6
BIGEN;17;7.10.1968;0;17
NAMETTIN;18;8.5.1971;18;0
GULYAR;147;10.4.1966;0;147
YASIMEN;48;2.8.1974;0;48
TOLUNAY;235;17.3.1971;112;123
YESARI;66;30.9.1958;66;0
GAYIS;4;26.6.1964;4;0
NIKAYIL;17;16.1.1972;17;0
SEBATE;8;11.6.1942;0;8
NUBE;12;25.8.1968;0;12
MAHMURIYE;416;18.11.1956;0;416
ESELI;187;7.6.1960;0;187
NEZIBE;21;2.2.1962;0;21
AYSUR;13;14.10.1969;0;13
BEYKAN;59;29.4.1976;45;14
BAHDISEN;101;14.4.1966;5;96
IFTAR;576;19.5.1969;6;570
NEFIN;17;24.12.1977;0;17
FATMAANA;1393;27.5.1955;0;1393
MAVIYE;1359;22.9.1961;7;1352
FERRUZE;14;3.7.1957;0;14
UCMAN;34;2.2.1964;33;1
BILE;3;26.12.1969;0;3
MUHTELA;2;23.7.1967;1;1
INTIBAR;1;3.10.1988;0;1
OZENGUL;43;26.9.1970;0;43
NAFIDE;152;23.3.1960;0;152
VASVIYE;502;29.6.1961;0;502
SUAYI;5;12.4.1962;5;0
GADIN;13;18.10.1961;1;12
CUMAK;1;7.7.1969;1;0
SEBIYAT;10;13.6.1965;0;10
KEFSER;174;18.9.1967;0;174
OLCUN;35;30.7.1981;33;2
PIRLAY;3;1.6.1962;0;3
ZIYNEP;36;22.1.1955;0;36
UVEYIZ;13;18.7.1964;13;0
ALTINER;48;17.1.1972;47;1
HANIMDUDU;4;21.10.1961;0;4
SAFIFE;7;10.9.1969;0;7
GULSELIL;1;21.1.1957;0;1
FERMUZ;11;12.7.1962;9;2
DOGANER;50;17.10.1974;50;0
KUTTUSI;42;5.7.1966;42;0
ORCAY;17;11.2.1972;11;6
GULESEN;167;3.10.1965;0;167
TEVABIR;3;3.8.1937;3;0
RUKUYA;99;18.4.1957;0;99
BAYEZIT;96;8.4.1955;96;0
MIYREM;55;24.5.1960;0;55
SERIFANA;77;22.9.1962;0;77
DUNYAMIN;176;30.6.1968;175;1
ZEYCEL;2;26.8.1948;0;2
SANIMNUR;1;26.2.1949;0;1
IHTIBAR;225;30.10.1963;0;225
SIMAMPERI;82;14.8.1969;0;82
NEFIA;21;18.12.1965;0;21
ZICEL;1;26.10.1936;0;1
SEFADIYE;69;6.7.1965;0;69
NIGOR;2;4.10.1962;0;2
ESABUL;3;19.12.1970;2;1
MUBERYA;91;30.7.1977;0;91
ORFIYE;15;18.7.1962;0;15
LEBIP;24;28.1.1958;21;3
MAHMUNE;2;28.7.1957;0;2
GUDURED;1;26.2.1960;1;0
NECAVETTIN;2;27.2.1944;1;1
BELKIYA;120;11.9.1959;49;71
RUHU;22;3.6.1957;16;6
NAFET;7;4.7.1969;5;2
GULERSU;13;25.3.1963;0;13
ZUMENYE;1;5.5.1975;0;1
UZEYFE;101;1.8.1968;65;36
CELAN;1;17.1.1941;1;0
FERAHIM;65;2.1.1957;64;1
LERMIN;54;30.10.1967;0;54
MUTU;62;5.6.1956;61;1
ZUHREP;4;22.1.1964;3;1
SANE;9;3.1.1962;0;9
HASIBIYE;4;25.2.1955;0;4
ALAADTIN;64;9.6.1967;64;0
NURTIYE;7;7.11.1963;0;7
NESRUDE;1;2.11.1957;0;1
KUZUDE;6;2.9.1961;0;6
MIYASIYE;4;20.12.1950;0;4
ALEMIN;17;30.8.1965;14;3
CAVET;18;11.4.1968;18;0
HALIPLAM;1;16.5.1938;1;0
BANI;365;2.4.1956;1;364
ORKIYE;13;14.9.1952;0;13
SEKUBE;2;26.12.1951;0;2
REMIDE;57;7.2.1952;0;57
ZILIFTAR;6;15.10.1972;5;1
HALITTIN;79;17.11.1954;79;0
ESEMANA;46;5.9.1961;0;46
ESEANA;34;29.5.1955;0;34
HALIDIYE;175;29.5.1959;0;175
HASKIZ;608;4.1.1961;0;608
SUVADIYE;17;5.9.1966;0;17
SAGRE;11;11.1.1977;0;11
BAKSEN;54;22.1.1979;2;52
FADIM;3369;21.4.1964;0;3369
MUHADDIS;13;20.8.1959;3;10
ZEKERRIYA;201;30.2.1964;201;0
ZILIFER;6;5.10.1975;0;6
KUDUS;26;30.9.1962;25;1
LEYIM;1;16.9.1984;0;1
SURIL;1;21.6.1971;1;0
UGU;3;6.5.1943;0;3
INDAM;2;30.2.1958;0;2
YUMAK;27;19.9.1957;0;27
BECIHA;11;2.2.1958;0;11
KADERCAN;2;17.4.1981;0;2
GULZAHIDE;19;10.1.1968;0;19
FATIMANA;342;2.5.1960;0;342
AYBALASUNDUS;1;10.12.1991;0;1
KUZEY;145;25.2.1979;133;12
TALMAN;1;8.5.1984;1;0
ULKI;112;4.7.1965;16;96
ASIBE;177;29.11.1964;0;177
SEMIRAMIS;173;2.2.1959;1;172
SUAVIYE;3;22.2.1951;0;3
HASANE;64;28.3.1958;0;64
ISMANI;8;20.8.1970;0;8
MUNUK;4;5.2.1950;1;3
MUFUDE;127;1.2.1965;0;127
SOYHAN;66;14.11.1979;55;11
MUZAMETTIN;32;21.2.1966;32;0
DURSINE;146;27.4.1968;0;146
PERIYAN;111;3.12.1960;0;111
BUKAY;20;13.12.1965;6;14
GUTAY;4;11.12.1966;2;2
CALE;101;15.10.1962;0;101
HULFET;9;16.4.1953;1;8
GUNNAR;183;7.1.1963;0;183
MIMIN;2;24.8.1955;1;1
IREZME;1;5.12.1947;0;1
ATINC;256;23.11.1976;255;1
ZEYTE;1;22.5.1967;0;1
FEDDAH;27;6.10.1964;27;0
SELFET;592;9.8.1963;252;340
ZELA;350;10.8.1959;0;350
BEYHUZA;1;22.2.1967;0;1
HUZUME;117;4.11.1960;1;116
NUHUDE;7;21.10.1952;0;7
SIFAHATUN;32;22.2.1980;0;32
DURMUSALI;645;15.1.1959;645;0
NEZAT;252;11.11.1960;19;233
ELNUR;35;20.11.1979;11;24
MUMUS;61;22.11.1957;1;60
NIYAZ;379;3.7.1960;253;126
NUZUYE;5;4.12.1953;0;5
SADIMEN;22;5.10.1965;0;22
NERGUZE;130;8.5.1959;0;130
GABIL;56;7.12.1969;56;0
MEDETHAN;3;15.7.1972;3;0
DURANALI;25;1.9.1955;25;0
VAHDI;419;8.4.1961;419;0
SUVEYBE;185;14.5.1974;0;185
SIBELLA;3;8.3.1979;0;3
NEZAAT;124;25.4.1964;0;124
HUZUNE;7;12.9.1955;0;7
PEVRUZE;24;20.11.1949;0;24
ZIYAFER;38;23.1.1961;10;28
ZULBETTIN;12;22.9.1969;12;0
SENOZ;24;5.1.1956;4;20
YELDAG;61;20.3.1978;1;60
AKINER;46;13.10.1978;46;0
TAMIN;4;3.4.1975;3;1
ULUFE;2;27.6.1955;0;2
SUFUKE;1;18.4.1941;0;1
GULSUYE;30;5.9.1961;0;30
NURDEGUL;13;17.5.1957;0;13
AHIZER;224;12.1.1965;0;224
MERKUBE;87;16.11.1951;0;87
AHMETALI;302;4.1.1962;302;0
DILCAT;1;4.4.1959;0;1
BUYUKKADIN;4;13.1.1950;0;4
NURKALE;1;12.8.1965;0;1
EVISE;6;13.10.1953;0;6
NUZIYE;62;17.2.1961;0;62
NECILE;321;1.4.1958;0;321
BUTEN;1;19.10.1964;0;1
SUDE;304;25.8.1968;0;304
AGAEFENDI;2;2.6.1946;2;0
SEFRIYE;5;5.2.1958;0;5
ELMAZIYE;284;25.3.1963;0;284
ANAGIZ;27;27.7.1959;0;27
MUCAN;2;29.5.1955;1;1
NECDETTIN;118;5.10.1956;118;0
NURSELIM;30;24.3.1972;11;19
RAHMETIYE;3;4.7.1964;0;3
NEZAKETTIN;8;3.9.1960;7;1
CEFAYIR;113;9.1.1968;12;101
NUBEYDE;4;24.11.1968;0;4
ZATIGUL;52;30.1.1960;0;52
EFTADIYE;41;26.1.1955;0;41
SENCEGUL;3;3.8.1962;0;3
AYSELI;819;30.2.1958;0;819
MAHBULE;156;19.4.1962;0;156
ESAMI;17;16.2.1970;14;3
MUMISE;3;14.12.1960;0;3
CEVCET;190;20.9.1964;190;0
CEVRAN;2;17.5.1965;0;2
NEFIKA;428;1.1.1960;0;428
GULPEREN;64;23.6.1965;0;64
NEVAZIYE;28;9.11.1964;0;28
NURSIT;27;21.5.1967;22;5
GULHALI;1;28.12.1960;1;0
MEHMETEREN;1;2.9.1981;1;0
FEYIZE;12;19.9.1964;0;12
ERBAIL;3;20.5.1946;3;0
AYSALI;78;28.11.1955;0;78
NUHUBE;47;5.1.1970;0;47
SULLU;224;19.3.1954;220;4
NEZIYHA;23;17.6.1967;0;23
RABET;32;20.3.1959;2;30
MURTEN;33;7.9.1962;2;31
CANFIDE;126;23.10.1962;0;126
RUMEYISA;1;16.12.1981;0;1
MUHSIYE;6;26.6.1958;0;6
NETIYCE;4;8.6.1967;0;4
UMMETIYE;1;27.2.1962;0;1
GULAMER;13;4.1.1961;0;13
NURKIYE;37;1.12.1963;0;37
NUYUBE;1;14.8.1944;0;1
PERIHAH;1;7.1.1980;0;1
MIMTAZ;59;16.7.1965;58;1
IKBALIYE;72;19.3.1960;0;72
GIYMET;75;16.7.1963;0;75
DURUKAN;162;4.1.1984;159;3
MEMNUN;138;5.1.1967;20;118
NAVIZE;8;3.4.1963;0;8
MUZEBBIYE;8;26.9.1949;0;8
KULCAN;2;18.8.1968;0;2
HENIFI;175;10.8.1960;175;0
NEZILE;165;13.1.1962;0;165
NOGMAN;155;1.3.1965;155;0
MIRIYAN;2;20.10.1947;0;2
PEVRIZA;10;3.11.1970;0;10
GULBANE;31;6.11.1961;0;31
ILHAMIYE;139;25.7.1961;0;139
BADDAL;126;7.6.1965;126;0
EMRUME;2;27.6.1964;1;1
MAKSUL;1;22.7.1973;0;1
RAYIM;154;10.11.1963;152;2
MAHSULE;17;7.12.1962;0;17
MUYESSEM;1;16.8.1955;0;1
SEMIDE;36;21.5.1962;0;36
NAFIKA;17;8.6.1954;0;17
NEZAYET;97;7.6.1961;0;97
SUVEYIL;5;18.10.1972;5;0
CANFIDA;53;26.7.1957;1;52
NISANUR;97;20.12.1980;0;97
BERLIYE;2;30.10.1963;0;2
KAZIMET;74;7.8.1954;0;74
ASINE;93;11.11.1964;0;93
SEKUR;29;11.12.1957;22;7
ZAHRET;10;3.2.1954;0;10
CEYBE;12;7.12.1955;0;12
MENDUFE;85;12.7.1962;0;85
MUSLU;595;13.8.1959;591;4
NOGBE;1;26.12.1973;0;1
ZUBEYHA;28;16.7.1966;0;28
HUSMA;16;2.4.1954;0;16
URUFE;10;1.11.1963;0;10
ZEKERYE;124;30.10.1965;124;0
FERUH;141;14.3.1965;134;7
TICEN;63;27.4.1973;0;63
MUKATDIS;10;1.10.1961;0;10
SUMENYA;42;28.5.1978;0;42
SELIMIYE;131;9.10.1963;0;131
NACIYA;90;6.7.1966;0;90
MUKADDESE;27;5.7.1951;0;27
SANIZE;80;12.5.1960;0;80
TEVIDE;127;10.8.1960;0;127
IKLNUR;7;9.12.1984;0;7
HADUFE;1;26.3.1959;0;1
MAHIFIRUZ;4;10.6.1953;0;4
SAYEN;55;3.10.1964;1;54
GULHATICE;15;19.3.1971;0;15
LISANI;35;14.3.1964;34;1
HURMUYE;9;2.6.1964;0;9
ZENGIYE;10;1.8.1966;0;10
DURDANIYE;378;21.8.1960;0;378
ENAM;10;14.12.1975;5;5
NEVIZE;87;15.2.1964;0;87
LEYMIYE;1;28.6.1973;0;1
AFIK;60;1.10.1959;3;57
SEBIYLE;29;20.2.1966;0;29
EFILI;67;27.4.1963;0;67
SORAL;11;25.1.1971;7;4
MEVSURE;97;21.7.1966;0;97
ZULUYA;9;20.12.1964;0;9
NEFTIN;3;27.9.1968;2;1
TAVIL;34;26.7.1963;34;0
ERTEN;495;30.4.1960;353;142
BERIL;1228;24.4.1981;0;1228
DUNYAMIL;78;23.8.1965;78;0
MEVLUYA;9;27.11.1963;0;9
SERFET;55;12.1.1963;30;25
HURUYAN;3;22.2.1962;0;3
DILFURUZI;4;30.6.1955;0;4
MURETTIBE;2;6.12.1960;0;2
DURDANI;16;21.5.1953;0;16
NISARI;18;30.3.1959;18;0
DURSUNA;260;13.7.1954;0;260
BULUDU;4;15.8.1963;0;4
SEHINAZ;38;20.2.1965;0;38
SAKURE;22;25.8.1952;0;22
OZGULAY;14;23.9.1981;0;14
LEYMUNE;75;2.4.1956;0;75
MEHRELI;4;22.11.1956;4;0
SAHMI;17;21.9.1963;16;1
KANIMET;257;12.2.1961;4;253
PEVRUL;186;27.10.1969;178;8
YAFES;465;18.8.1971;461;4
ISIM;17;13.8.1964;6;11
NUYBE;1;21.11.1941;0;1
IKLIMAN;43;28.3.1963;0;43
LUT;87;6.2.1974;86;1
AHAT;294;26.10.1969;271;23
KONCEFER;35;27.8.1956;0;35
MAVUSE;37;9.10.1958;0;37
GULENAZ;495;10.10.1957;1;494
MABIYE;8;19.3.1975;0;8
KIRMISIYE;52;16.3.1963;0;52
URZUYE;2;14.8.1977;0;2
HONKER;33;24.4.1961;19;14
NITA;9;1.7.1968;1;8
GULAZGUN;1;22.3.1955;0;1
ZEIT;2;15.6.1980;2;0
EHLUMAN;2;17.1.1962;2;0
SEDAYET;46;22.1.1964;2;44
LIFIDE;13;1.2.1963;0;13
MOHRELI;33;19.2.1959;33;0
MEZDIN;2;30.1.1939;2;0
NAZGUL;476;10.3.1972;0;476
BAGDEGUL;96;17.5.1975;0;96
GULEMSER;25;27.12.1962;0;25
MEVDIBE;1;27.9.1974;0;1
SUMEYEN;4;16.10.1983;0;4
ZICAN;56;29.5.1953;0;56
SALIF;266;7.1.1966;265;1
IMINE;87;11.9.1960;0;87
FETDAH;40;14.5.1969;40;0
RAMUS;67;8.12.1959;66;1
BEYLI;13;25.3.1966;9;4
GULAZEN;15;27.6.1958;0;15
PERAN;57;10.5.1952;1;56
IRENGUL;9;10.12.1967;0;9
MAMURIYE;198;3.12.1952;0;198
GULAZE;30;15.9.1965;0;30
BAHTIZER;4;19.12.1960;0;4
GOKAL;8;17.7.1979;8;0
BIYAMAN;1;4.6.1975;1;0
LEFIKA;308;27.1.1962;0;308
SAFERE;3;16.12.1949;0;3
BELIK;3;21.12.1945;2;1
ZUBEYDULLAH;6;4.12.1978;6;0
TUREY;4;7.12.1966;0;4
NUF;18;3.8.1973;18;0
NEBIYAN;5;29.1.1968;0;5
SUFYANI;5;30.1.1970;5;0
MUHLUS;25;8.11.1965;25;0
HABBE;37;13.2.1959;0;37
TAIP;51;5.7.1957;51;0
FILIMAN;1;16.2.1964;0;1
TEVFIDE;109;1.10.1959;0;109
FERHADIYE;3;24.5.1973;0;3
MEMULU;1;12.2.1965;1;0
IZAMI;6;6.2.1962;6;0
LEMIDE;51;25.10.1967;0;51
MUADDEM;2;21.3.1963;2;0
SELMANI;271;21.5.1976;262;9
MEMNUNIYE;216;23.1.1961;0;216
UZEYME;304;20.8.1957;1;303
SEVILHAN;64;20.5.1978;0;64
SELMIYE;258;9.9.1962;0;258
NURZIYE;50;11.3.1969;0;50
ISKEN;10;24.5.1968;8;2
NESLEHAN;397;5.10.1960;0;397
ULKUNAZ;26;20.9.1968;0;26
FATIZE;1;6.11.1974;0;1
SILAV;2;2.5.1951;2;0
MELAYE;2;18.3.1955;0;2
HOKKAS;8;5.10.1953;8;0
ERCUMAN;41;22.1.1972;39;2
IRFANIYE;324;3.8.1957;0;324
FELIMAN;2;21.2.1965;0;2
BAYHACI;1;28.4.1950;1;0
MUHAMBER;97;30.2.1967;93;4
MEVSIR;12;9.7.1967;1;11
SADIRI;17;23.9.1966;16;1
KEZIBBAN;1;19.4.1990;0;1
GULENDAL;7;24.8.1966;0;7
MISLIGUL;6;7.2.1951;0;6
MUKADDEM;202;25.9.1961;100;102
ZILIFKAR;3;15.10.1970;2;1
GULCEVHER;15;8.5.1964;0;15
HUMAS;6;18.3.1950;0;6
ZULGANNI;1;25.4.1955;1;0
IMMANI;9;3.11.1964;0;9
GULMAY;66;18.6.1966;0;66
FADIMAANA;20;23.9.1960;0;20
HADIK;24;21.6.1955;0;24
SULTANIYE;214;8.4.1960;0;214
DONDUYE;309;2.4.1958;0;309
KADINANA;36;27.4.1963;0;36
MEYMUNA;6;22.6.1953;0;6
MUSTEHIME;1;12.7.1927;0;1
ALETDIN;47;11.5.1960;47;0
TAYYER;39;22.2.1974;38;1
YONIS;571;20.4.1963;571;0
SAHISTE;372;15.6.1963;5;367
NEJLEHAN;1;3.8.1975;0;1
SIYAHMI;4;29.12.1970;4;0
SELFINAZ;1678;30.9.1960;0;1678
SELAMIR;58;19.1.1961;2;56
NURCANE;4;26.1.1962;0;4
MUHDEREM;47;1.4.1971;35;12
TUREYDE;13;18.10.1956;0;13
ZIYAADTIN;1;2.3.1957;1;0
ERDAG;54;23.3.1970;51;3
DANSER;1;12.2.1953;0;1
NUHUYE;3;13.12.1975;0;3
ALISAR;5;17.3.1980;5;0
SURYAN;32;14.5.1967;8;24
KIYAME;2;23.6.1963;0;2
ANASTASIYA;49;18.10.1956;0;49
UMIGULSUM;13;17.10.1974;0;13
AFSAR;59;7.8.1966;50;9
MEJMULE;2;7.8.1979;0;2
GULREYHAN;26;11.4.1959;0;26
MUJDAR;10;13.7.1983;0;10
EHTIBAR;28;3.7.1963;0;28
PEVRIL;115;9.2.1967;91;24
MUAMBER;56;6.11.1965;54;2
CUMAYA;23;30.2.1969;23;0
ALFET;6;23.2.1958;4;2
MERIBAN;79;18.7.1966;0;79
HAMME;7;11.3.1953;1;6
MUGADDER;89;10.2.1965;17;72
NABIRA;1;15.2.1973;0;1
URZIYE;28;20.6.1960;0;28
NIDAI;226;7.9.1962;224;2
YAVIZE;5;20.3.1961;0;5
EVCIM;26;4.3.1985;2;24
FIRDEYIS;4;3.6.1962;0;4
SAIR;99;3.8.1965;93;6
MERGIZ;2;24.2.1940;0;2
GONEN;327;1.11.1967;163;164
DILDESTE;1;23.2.1955;0;1
PEYLUL;7;28.10.1963;7;0
TURKACI;1;18.11.1958;0;1
MELESIR;1;6.1.1944;0;1
BOLKUZAR;1;11.10.1956;0;1
UMUK;42;6.8.1953;0;42
SERGIL;17;19.2.1974;0;17
HIKMETI;11;12.5.1948;1;10
ALFE;11;25.7.1957;0;11
GULANA;63;24.7.1955;0;63
GONCAFER;57;23.12.1968;0;57
GULNAZIYE;87;22.7.1962;0;87
SANIBEY;8;26.3.1964;8;0
LADIME;7;28.2.1959;0;7
SAISTE;33;6.5.1965;1;32
NIYASETTIN;3;19.4.1966;3;0
NEVILAY;49;10.2.1977;0;49
MIHRIBAR;13;25.1.1973;0;13
NUGBE;2;30.10.1973;0;2
GULHANIYE;24;14.11.1970;0;24
MESGULE;78;2.3.1966;0;78
NESTI;1;17.4.1936;0;1
BERUN;4;9.7.1960;2;2
IDIRIZ;96;6.12.1962;96;0
MAMURAN;2;11.5.1955;0;2
ZENUNE;14;25.3.1958;0;14
SALIHAN;247;25.5.1968;1;246
AZIYZE;6;30.11.1961;0;6
SIYIT;12;17.10.1952;12;0
GUNSEN;95;2.3.1956;0;95
MURFET;249;20.10.1963;11;238
SEHRIMAN;196;2.12.1962;3;193
ZERAFET;92;25.7.1961;0;92
FEDAKAR;451;15.10.1968;330;121
SADIRETTIN;71;1.8.1964;71;0
BEYHICE;3;1.3.1959;0;3
SUVELYA;22;16.1.1978;0;22
SEFFANE;2;2.10.1986;0;2
RENGINAZ;66;7.5.1962;0;66
UNUFER;11;24.11.1970;0;11
APTUL;65;19.1.1963;65;0
PEVRIZE;20;11.4.1961;0;20
ZOFRE;26;20.4.1966;0;26
SERDEN;112;5.1.1978;72;40
MESUMET;1;6.12.1976;0;1
INCIFER;212;4.8.1968;0;212
FERFADIYE;1;11.3.1975;0;1
HUDAIL;3;3.9.1956;3;0
MURE;4;7.5.1959;1;3
HAZIRET;109;29.7.1971;106;3
IRAFIYE;9;29.9.1958;0;9
HATIM;97;14.1.1965;87;10
LUDMILA;101;17.7.1972;0;101
HURISEL;116;25.10.1963;0;116
HAVVAANA;369;6.2.1964;0;369
MELLAV;1;21.4.1947;1;0
MESIDE;86;23.6.1965;0;86
BAGRI;4;12.2.1969;3;1
AKSAY;11;20.9.1978;7;4
TANFER;126;30.2.1971;111;15
MEHMEDI;187;28.12.1959;187;0
MEFAIL;273;1.8.1959;263;10
SAIBI;1;16.3.1952;1;0
OZTEN;130;5.12.1956;8;122
ARZIYAR;1;16.3.1957;0;1
GUNERI;339;21.3.1966;289;50
KEFALETTIN;12;3.9.1955;12;0
KEMALIDDIN;8;14.3.1712;8;0
SEBAHATTAR;1;18.5.1936;0;1
ABITTER;81;7.5.1969;81;0
FECIR;145;28.1.1968;67;78
BAHSEN;19;19.11.1975;0;19
SAGDULLAH;6;15.11.1968;6;0
GULTULU;1;5.8.1983;0;1
SETTAR;480;1.2.1966;474;6
ILBEGI;84;28.1.1950;84;0
OZGUNUR;2;13.6.1983;0;2
ZILA;139;24.9.1959;0;139
ERTUZUN;17;25.8.1972;17;0
MUNCUHEN;1;29.10.1981;0;1
ZEHEYLA;3;22.10.1959;0;3
NEZAKE;23;1.7.1958;0;23
URGUYA;187;11.9.1963;0;187
SABIHAT;140;13.2.1959;0;140
MEYTUN;8;23.2.1980;0;8
KANSU;167;13.8.1982;157;10
GURKAY;109;28.8.1982;108;1
M.NIHAT;11;10.7.1948;11;0
HATIYCE;398;21.9.1963;0;398
DONSER;114;14.12.1979;0;114
YAREN;124;8.11.1980;34;90
AYDILEK;126;3.3.1969;8;118
EFAKAT;4;9.1.1967;0;4
SELMIYAN;21;22.12.1953;0;21
MAHSUSE;5;20.6.1950;0;5
ABUDDER;42;3.3.1958;42;0
MUSAMIYE;7;3.2.1961;0;7
FEIME;87;2.12.1960;0;87
SERBEZ;5;13.1.1953;0;5
MESTINAZ;58;26.11.1962;0;58
MERTAN;33;3.7.1982;32;1
DAGHAN;217;22.12.1982;217;0
DEMA;4;6.7.1979;1;3
NURSES;83;29.9.1972;14;69
OMRU;56;18.7.1969;43;13
DONGUL;58;27.11.1974;0;58
NESIB;62;26.3.1959;61;1
NECATTI;58;28.2.1969;58;0
TEKSIN;118;13.11.1973;35;83
FIKNET;118;5.12.1962;1;117
ULUS;174;8.11.1974;158;16
NEAGU;1;3.6.1973;0;1
IBADIYE;89;29.9.1962;0;89
MEFAYIR;16;6.9.1965;12;4
ZULFUNUR;12;28.9.1978;1;11
HURMUZ;2119;20.7.1954;57;2062
SUENDAM;11;23.12.1971;0;11
GULCENNET;15;1.9.1974;0;15
NILSU;110;16.9.1982;0;110
HUZZAM;2;12.3.1970;1;1
MUCELYA;10;20.5.1978;0;10
DUYGUCAN;18;3.1.1988;2;16
MIHRAB;33;27.5.1987;2;31
ELFESIYA;314;25.3.1976;150;164
NUGIYE;1;6.11.1984;0;1
KURTARAN;52;27.8.1970;48;4
MUHUTDUN;5;13.6.1955;5;0
MUSTAKIYME;12;15.8.1973;0;12
RUHTEN;19;24.7.1959;0;19
ISMIAZEM;11;22.8.1975;8;3
SERIFGUL;2;29.4.1979;0;2
NESIPKAN;1;26.4.1954;0;1
SUMENYYA;1;7.4.1977;0;1
SESIN;20;13.9.1978;4;16
MERDA;56;14.11.1977;6;50
OMERIL;50;14.1.1967;50;0
KUTSI;130;16.10.1970;127;3
FENCAN;1;5.5.1957;1;0
GULFERAY;18;24.6.1977;0;18
EVRENSEL;52;26.2.1971;34;18
ARIZE;127;26.10.1956;0;127
SELMISAH;5;28.10.1945;0;5
TESLIMA;29;17.7.1971;0;29
SUYELLA;1;1.12.1983;0;1
ESFENDER;17;5.8.1947;17;0
ATAHAN;306;9.2.1983;306;0
MEFHAR;24;17.9.1962;22;2
SAHSINE;1842;13.6.1956;0;1842
DILCE;4;15.9.1984;0;4
BERATGUL;2;8.6.1970;0;2
TUREN;31;21.7.1955;12;19
ASURRAHMAN;1;22.3.1985;1;0
MEBUSE;64;25.7.1963;0;64
SERINAY;53;24.12.1977;0;53
PETEK;897;9.5.1970;3;894
UFUKTAN;72;14.5.1978;67;5
HUSRA;101;4.12.1984;2;99
NEDIRET;85;15.5.1965;12;73
MURAZIYE;5;18.11.1969;0;5
IZMIRLI;1;19.12.1983;1;0
SUHAY;8;19.1.1966;2;6
PERUZAN;29;10.11.1951;0;29
NAFIDAR;9;26.9.1956;0;9
HUMEYSA;46;24.8.1985;0;46
GISMET;18;28.1.1971;3;15
ZINISAH;8;8.2.1949;0;8
GULFERI;460;3.7.1958;0;460
CEMBATUR;1;26.7.1991;1;0
YAHMEN;1;12.7.1946;1;0
PAPI;31;8.4.1945;0;31
TAHYET;1;19.9.1956;0;1
SAHNIGAR;110;22.10.1951;0;110
YASIDIN;7;15.12.1957;7;0
SEFARET;27;11.1.1970;5;22
BIYAZ;20;17.5.1949;1;19
SURHAP;9;24.9.1970;9;0
HUSENK;3;13.4.1952;3;0
SENFIDE;1;22.6.1967;0;1
MELKINAZ;12;5.3.1964;0;12
FEYHA;27;3.8.1965;0;27
LIFAT;19;3.11.1965;19;0
MIHTIYE;8;25.9.1946;0;8
MERZIKA;46;10.3.1965;0;46
HATIC;77;4.9.1964;0;77
APTIRAHIM;3;20.2.1959;3;0
MUS;6;5.7.1955;6;0
NEBAHAN;3;12.12.1963;0;3
GULAR;16;4.6.1957;0;16
MUMURE;3;12.3.1962;0;3
AYZIN;90;20.3.1965;0;90
NAIDA;14;24.5.1972;0;14
NUSEL;6;20.5.1969;0;6
MERBULE;6;14.1.1955;0;6
SERAFETDIN;152;21.7.1959;152;0
ATILYA;19;13.1.1959;19;0
SENNER;7;11.11.1967;1;6
SEYYAR;203;27.11.1959;139;64
AYTES;2;27.6.1967;1;1
URUZIYE;8;5.4.1962;0;8
DAGISTAN;1158;19.6.1965;1157;1
HAYVER;5;10.3.1951;0;5
NARKIZ;77;13.9.1960;0;77
REBIHA;307;9.3.1967;0;307
BUHIYE;2;2.3.1953;0;2
NEYIM;15;23.9.1960;4;11
GUMAFER;1;30.11.1969;0;1
FERAMIN;8;24.12.1954;8;0
SAYIBE;361;16.2.1961;0;361
AYPERIN;4;25.11.1962;0;4
MAZLUME;544;3.12.1955;0;544
ZUFRIYE;39;7.5.1965;0;39
RUSDEM;74;6.9.1965;74;0
YASIYAN;105;11.3.1969;0;105
NUTFULLAH;31;1.7.1961;31;0
TUGRA;136;21.4.1985;99;37
ERTUL;110;16.9.1969;94;16
AYCIL;57;20.2.1971;3;54
TEZAY;124;27.4.1980;28;96
HADREY;10;19.4.1962;0;10
GULCIM;34;3.3.1976;0;34
ERAYDIN;122;13.3.1966;122;0
BEHMAN;130;1.9.1959;129;1
GULADIYE;463;10.11.1968;0;463
ABDULGASIM;1;12.2.1971;1;0
ESMADUYGU;1;8.11.1988;0;1
LELIFER;14;5.12.1958;0;14
BEYCA;4;21.5.1965;1;3
ENAZ;5;29.2.1979;4;1
NUZBIYE;25;21.10.1958;0;25
ABTULLAH;267;28.3.1963;267;0
ABTURRAHMAN;25;11.1.1962;25;0
OZATA;7;6.12.1968;7;0
IMIYAN;3;18.2.1968;0;3
KERAMEDDIN;56;22.5.1965;56;0
ILIKER;2;16.3.1945;2;0
LEBUDE;15;15.9.1973;0;15
MUSAMETDIN;11;9.10.1960;11;0
SAHRIBE;5;28.6.1972;0;5
AZNIFER;1;4.5.1962;0;1
DURSA;68;29.2.1968;0;68
ULVET;3;7.12.1963;0;3
MAHCUP;10;29.8.1953;5;5
TESLIMIYE;2;27.10.1935;0;2
MENGIS;4;29.7.1962;0;4
IMAK;2;19.2.1974;0;2
MULKAN;56;11.5.1973;5;51
DIJLEHAN;9;12.1.1969;0;9
MUVECCEL;68;22.8.1958;0;68
SABAHNUR;215;22.8.1974;1;214
MARZIHAN;1;25.3.1945;0;1
RECAYIH;1;12.2.1965;1;0
BURDE;20;14.1.1989;0;20
UGURSEV;1;11.4.1981;0;1
DIRAHSAN;21;1.7.1953;0;21
RAYFE;54;24.1.1963;0;54
MEHIL;12;6.9.1966;2;10
NUTUYE;32;3.12.1963;0;32
SEVGIHAN;181;22.12.1972;0;181
NEGUL;65;10.11.1969;0;65
MEFTALE;2;16.7.1978;0;2
AZBIYE;313;29.6.1955;0;313
SIPER;46;9.2.1969;5;41
SEVEM;8;24.3.1972;0;8
AYSEHANIM;119;1.1.1963;0;119
HUMERRA;13;24.1.1979;0;13
YASARIYE;3156;27.10.1964;1;3155
NERGIL;21;10.1.1970;0;21
ISANE;2;9.9.1967;0;2
NEVCAN;147;8.10.1972;4;143
EVHAN;3;19.8.1981;1;2
HACIMIN;2;29.7.1970;2;0
UCLER;984;5.3.1968;983;1
SEVLAY;100;15.7.1973;1;99
MAFER;77;2.1.1962;17;60
SENKUL;6;5.11.1958;1;5
NERIME;466;15.3.1952;0;466
ASANA;38;15.5.1955;0;38
SENNASI;2;4.10.1968;2;0
HAYDUN;1;5.10.1990;1;0
UMMUSUGUL;1;3.10.1972;0;1
MUREM;2;29.3.1975;1;1
MAHICAN;69;2.5.1959;0;69
HECABI;25;17.1.1955;25;0
VATANCAN;1;10.3.1973;1;0
FERRAHNAZ;14;6.4.1968;0;14
HUZEYME;228;15.4.1966;2;226
TUYAN;24;25.12.1966;15;9
AYSEVIM;44;5.9.1961;0;44
NIZAMETDIN;75;26.12.1961;75;0
MEYMULE;1;27.2.1955;0;1
SEMUYA;2;14.5.1964;0;2
GULDERE;29;25.4.1968;0;29
KASIFE;132;6.4.1956;0;132
MESURIYE;79;1.1.1965;0;79
GURCAY;87;2.3.1974;67;20
NESEL;15;29.7.1961;2;13
SENYIL;88;24.5.1966;10;78
RUYIDE;6;26.3.1957;0;6
DANIYER;1;1.12.1961;1;0
ZAHLE;95;26.11.1959;0;95
SINAL;29;9.12.1972;15;14
DONDUK;60;30.3.1952;0;60
MIHTER;9;27.11.1960;0;9
IRADE;104;23.4.1972;4;100
FIDIYAT;1;6.7.1965;1;0
FETAHAT;5;12.3.1942;0;5
NAZENDER;185;26.3.1958;0;185
SELVARE;252;7.2.1956;0;252
PEHRINAZ;1;27.5.1943;0;1
ZARAFET;31;13.11.1952;0;31
NEHIRE;468;23.5.1954;0;468
ALLI;99;23.8.1962;0;99
NUGUBE;1;16.8.1957;0;1
GULSIYE;802;1.4.1961;0;802
NERZIYE;10;15.1.1955;0;10
SEYDAHMET;254;3.5.1965;254;0
CAPHAN;1;26.5.1985;1;0
HADIA;3;17.7.1965;0;3
TIFTIYE;1;16.9.1983;0;1
LUTFEM;1;16.6.1958;1;0
NADINE;12;7.10.1977;0;12
FECDIYE;2;1.2.1958;0;2
MAMIK;49;18.3.1956;15;34
MUFRET;50;9.6.1957;12;38
SELDAG;213;6.6.1974;0;213
NAZANDER;16;16.3.1968;0;16
PEVRIYE;24;13.8.1959;0;24
MERIYAN;17;27.1.1965;0;17
PERUN;8;28.8.1968;2;6
GULUCEMAL;6;28.1.1962;0;6
ALIBEKE;58;29.2.1964;58;0
KUTTI;30;29.3.1944;0;30
SEFANIYE;223;27.6.1959;0;223
HILVANIYE;1;12.11.1935;0;1
UGURHAN;199;20.3.1978;196;3
NILDENIZ;5;14.4.1980;0;5
ASABIL;58;15.10.1969;58;0
NACIT;45;20.8.1963;45;0
SEKKURE;9;29.4.1960;0;9
ISMIYAN;11;20.1.1960;0;11
ANSANA;12;9.12.1953;0;12
MEKRUBE;2;27.4.1979;0;2
CAGRISIM;6;26.12.1984;1;5
SAZENUS;37;15.12.1968;32;5
MISNET;16;26.12.1955;0;16
UGUZ;144;3.8.1961;144;0
HATUS;162;11.6.1951;0;162
EFTADE;78;13.5.1956;0;78
MUKERRER;22;2.7.1954;3;19
LADIM;17;9.2.1964;17;0
SAYFINAZ;55;1.8.1962;0;55
LEVAZE;8;6.2.1958;0;8
MADIS;2;23.7.1963;0;2
ALMILA;171;30.3.1978;0;171
ZINISAK;1;17.8.1936;0;1
MURSE;1;17.2.1966;1;0
KUTTUSU;8;12.1.1962;8;0
TAKIYET;4;13.10.1939;0;4
APTULMECIT;7;28.9.1949;7;0
MUMUSE;7;16.8.1949;0;7
NIKAIL;52;27.11.1970;50;2
TAYGIBE;1;30.7.1972;0;1
MUTAYIR;4;2.9.1970;4;0
GULAYGUL;2;2.7.1971;0;2
KUSUME;5;30.1.1956;0;5
SUBETULLAH;2;13.8.1970;2;0
ELMAN;173;7.12.1963;132;41
URYA;9;21.3.1963;3;6
SENAM;80;24.1.1961;0;80
BALABAN;10;27.4.1971;9;1
SIFAT;46;25.7.1963;32;14
KAZIMA;9;6.9.1936;0;9
DURSU;1;12.2.1965;0;1
DEVIR;24;1.7.1977;22;2
ARIZA;7;24.10.1953;0;7
TURE;33;13.11.1962;4;29
ABAMUSLIM;159;13.6.1956;159;0
ILBASI;2;7.2.1966;2;0
REVASIYE;676;4.5.1963;0;676
BILNUR;227;16.3.1975;2;225
CANFIZE;14;19.5.1957;0;14
ISSAH;1;1.4.1966;1;0
ERDUR;46;10.3.1962;45;1
GUNARI;2;22.3.1958;0;2
MUYUBE;3;6.9.1958;0;3
MEHMETDURAN;2;12.4.1970;2;0
SABETDIN;7;5.3.1965;7;0
YASARALI;23;4.3.1965;23;0
NILHAN;589;15.10.1977;11;578
ZENUR;38;18.5.1971;17;21
GULBIYAN;25;24.4.1961;0;25
ZENNUBE;340;14.2.1961;0;340
RABIS;269;3.9.1951;0;269
SEVIMLI;53;18.11.1946;2;51
HEDEF;15;20.10.1973;10;5
IGDIYE;28;24.1.1966;0;28
HAYRISAN;3;29.1.1956;0;3
ZULBIYAR;48;9.2.1963;1;47
SANSEVER;6;23.6.1966;4;2
NEVSE;251;17.12.1963;0;251
IFTADIYE;463;27.1.1956;0;463
NUDAMI;1;26.11.1959;1;0
NUGDIYE;54;14.9.1958;0;54
REBIS;226;27.8.1954;0;226
ZINNIRE;3;1.6.1990;0;3
APTI;391;8.10.1959;391;0
TOLU;3;1.1.1983;3;0
ARTUNC;24;1.12.1982;24;0
FIRDEZ;168;4.5.1963;0;168
SANCER;25;1.3.1974;25;0
MIREM;339;13.10.1955;0;339
AYTURAL;9;3.4.1968;8;1
ERIBE;93;19.6.1953;0;93
BEYNABI;88;4.8.1957;88;0
SAVFIDE;1;2.11.1969;0;1
SERHMIL;1;11.9.1964;0;1
YASADIYE;51;5.9.1968;0;51
HIZMETULLAH;6;6.12.1976;6;0
NAHALLAN;1;4.1.1957;0;1
MUSERRET;56;15.7.1960;3;53
SAYGAN;9;9.5.1956;3;6
TEVABI;4;14.10.1963;4;0
MUZAKERE;7;5.1.1953;0;7
VECDET;105;27.5.1957;92;13
MELAHATDIN;2;28.5.1954;0;2
MAKABULE;2;11.1.1971;0;2
MENDIZE;62;8.9.1959;0;62
MAHSUBE;12;15.3.1962;0;12
INAS;3;27.10.1946;0;3
BELGUZA;1;14.2.1941;1;0
GULNARI;68;24.9.1958;0;68
MEMMUNE;25;15.1.1966;0;25
ZULGAR;16;25.3.1966;12;4
APDURRAHMAN;105;13.3.1960;105;0
ALGIN;42;24.4.1970;15;27
BAGSI;2;12.5.1965;2;0
TUREL;110;15.4.1961;72;38
SAHSE;8;18.4.1967;1;7
GULGUNES;5;7.9.1973;0;5
ERZIN;27;22.11.1961;12;15
NURAYIM;4;22.10.1965;0;4
HABIBULLAH;284;18.11.1969;284;0
MUJDEAR;42;29.12.1983;0;42
SAHPER;10;23.1.1960;0;10
ELIFANA;54;7.12.1962;0;54
TACETIN;10;21.8.1965;10;0
HILALNUR;11;8.9.1987;0;11
MEYDA;18;30.12.1969;0;18
GOKCER;221;8.11.1982;208;13
MAGFURE;29;4.3.1953;0;29
FIDAMIYE;3;15.6.1954;0;3
SEHNIVER;2;24.4.1944;0;2
UMYAN;27;5.1.1958;0;27
GOKSER;61;11.7.1967;21;40
ESLI;32;17.3.1960;0;32
BEHRA;271;26.9.1956;0;271
NIHLIFER;1;8.3.1958;0;1
MAHISEKER;581;12.3.1963;0;581
MASUKA;119;8.9.1955;0;119
NEJMIDDIN;3;6.8.1965;3;0
CISE;87;17.5.1983;0;87
GULAHMET;527;8.2.1963;527;0
BIRSEI;1;20.3.1971;0;1
UFUKCAN;20;12.2.1989;20;0
ERGANI;86;11.1.1976;86;0
GULESEL;3;24.1.1961;0;3
MERDOL;58;23.1.1967;58;0
KANARYA;59;8.1.1974;0;59
MUSADIYE;129;8.2.1971;0;129
EKURIYE;2;1.4.1948;0;2
GASIM;56;30.7.1968;56;0
SADIFE;2411;8.9.1956;0;2411
MEYDI;31;3.7.1961;30;1
MAMURE;554;8.5.1950;0;554
ERTUG;561;29.12.1980;560;1
PERVILDANE;4;14.9.1975;4;0
KAYACAN;84;26.7.1980;84;0
OZYURT;40;7.7.1966;34;6
SUHELA;21;19.12.1960;0;21
OKSER;3;22.4.1965;1;2
EVSUN;58;12.8.1980;3;55
AZLIYE;2;30.2.1959;0;2
UYGUN;295;17.9.1971;247;48
SEMIAN;9;27.12.1746;0;9
HARUNU;12;18.8.1965;12;0
RECAVI;1;24.4.1947;1;0
UNAY;122;21.7.1965;60;62
ORHANGAZI;95;9.9.1972;95;0
ATAYTURK;1;20.10.1964;1;0
CUMAYI;55;15.9.1965;55;0
MUSAKAZIM;12;22.10.1957;12;0
SORAY;89;28.3.1977;7;82
AYDOGDU;141;7.5.1961;93;48
ESSE;1012;16.3.1955;1;1011
HAZIBE;6;8.3.1946;0;6
SIHOMER;15;3.5.1963;15;0
SEYDEGUL;64;19.4.1959;0;64
FARIDIN;5;16.2.1962;5;0
MUSLADIM;1;10.11.1982;1;0
MOHIBE;28;10.8.1954;0;28
IRASEN;1;23.8.1978;0;1
ERNAIL;177;17.7.1968;177;0
ZEMBIYE;13;9.8.1959;0;13
SELINAY;108;13.5.1987;1;107
FATIYE;102;30.2.1960;2;100
EYTUL;3;9.2.1966;0;3
ZULKIFLI;109;22.6.1961;104;5
COLBEN;4;6.4.1970;0;4
BURCUN;8;29.9.1983;1;7
PUREN;117;18.2.1980;0;117
HABIBCAN;3;17.8.1985;3;0
HURDAL;15;28.4.1972;12;3
ISMAILE;7;2.10.1954;0;7
ERGUR;36;18.8.1965;32;4
SIMRAH;1;7.10.1958;0;1
SEBAHITTIN;926;1.9.1960;925;1
HATIKE;429;23.11.1958;0;429
BEKIRE;23;8.7.1954;1;22
COSGUN;529;9.10.1967;529;0
ZULUFE;83;6.6.1962;0;83
ALDONAT;7;11.8.1971;7;0
TULINAY;65;6.5.1971;0;65
SUKRAY;33;3.2.1973;5;28
RITVANIYE;6;3.11.1964;0;6
MUSTEBA;195;13.2.1964;180;15
UNZAL;1;1.11.1960;0;1
ARTAS;2;20.11.1977;2;0
KIRCA;2;27.10.1960;1;1
HAYTAN;21;2.5.1948;0;21
YEMEN;1053;10.9.1967;637;416
RAYIKA;17;13.10.1949;0;17
SALAHITDIN;5;29.1.1955;5;0
BOGAC;183;22.12.1978;182;1
MASEN;10;24.9.1962;8;2
GULAFER;871;3.3.1962;6;865
PAKIZER;1064;19.4.1967;0;1064
REFIGE;33;26.1.1958;0;33
EMUME;1;13.4.1984;0;1
FERU;11;11.1.1940;9;2
TANCU;55;19.5.1969;51;4
MELDAG;25;6.8.1974;0;25
SEYIBAN;3;27.9.1969;1;2
SECDEHAN;2;2.3.1973;0;2
ILFER;70;26.11.1970;3;67
BEYZAT;276;27.5.1961;272;4
ISAFET;5;16.6.1962;3;2
MEHBARI;1;23.8.1971;0;1
CUZUYE;2;16.1.1966;0;2
NAIBE;99;4.9.1957;0;99
MEMURE;201;1.1.1960;0;201
SALE;142;15.8.1966;7;135
GUBIHAN;1;9.1.1968;0;1
ALIMZER;4;19.5.1957;1;3
MESIYE;44;17.1.1960;0;44
BINNAR;26;3.3.1966;1;25
RUZBIYE;34;7.6.1955;0;34
CAKMAK;99;25.1.1955;99;0
KARINNA;1;12.9.1966;0;1
FITNAZ;27;18.4.1960;0;27
ZENBIYE;8;26.9.1954;0;8
NEZIA;14;26.3.1950;0;14
SERENCAN;17;13.3.1978;1;16
ACI;12;1.7.1948;6;6
TECAN;9;3.5.1970;0;9
MESKULE;82;8.8.1961;0;82
HAVADIN;2;24.7.1973;0;2
SEFAKAT;25;21.3.1954;0;25
SAHSIYE;254;20.1.1958;0;254
HURIGUL;39;19.2.1969;0;39
NAHIM;52;3.12.1963;52;0
YASETTIN;171;13.12.1963;171;0
LUGUYE;1;6.6.1963;0;1
DALFER;6;12.11.1965;0;6
SAYZEL;1;11.11.1958;0;1
VEYSE;10;16.12.1966;3;7
LETAVET;3;28.4.1963;0;3
INHAL;6;30.8.1955;2;4
KITABIYE;77;19.7.1966;0;77
KANTET;4;24.3.1957;0;4
CEMAZIYE;103;8.3.1954;0;103
MERDE;1;27.10.1991;0;1
AGAHHAN;3;4.2.1987;3;0
DELAUL;1;4.8.1982;1;0
IMAME;30;21.10.1960;0;30
ULAMIYE;2;3.5.1954;0;2
GULBAHAT;2;22.8.1957;0;2
SEMASE;4;5.2.1960;0;4
BAYRAMSE;5;8.2.1962;0;5
GULBESE;10;27.4.1957;0;10
OSMANZER;1;1.3.1984;1;0
YUKABET;9;5.6.1970;0;9
MUGATTER;31;3.5.1968;3;28
GULAMIYE;15;6.3.1968;0;15
GADRIYE;62;2.11.1964;0;62
H.KAMILE;1;17.5.1978;0;1
GULMEN;116;28.8.1960;1;115
MUJKAN;161;6.9.1953;0;161
SAZENDE;8;9.5.1946;0;8
SUMRIYE;4;19.5.1966;0;4
LUBEDA;1;27.7.1968;0;1
MUZELGEL;1;7.5.1940;0;1
ABDUSSAMED;248;12.9.1985;248;0
MENDI;5;25.1.1955;2;3
RUKMEDDIN;2;14.2.1960;2;0
DUYGUHAN;10;25.8.1985;1;9
RUKU;2;4.10.1961;0;2
ZELPA;1;21.8.1980;0;1
ZULAYHA;25;8.8.1976;0;25
ABTURRAHIM;7;21.4.1966;7;0
HACIRET;5;23.2.1964;3;2
YAGSEMEN;3;25.7.1960;0;3
NAZIL;47;2.6.1969;36;11
MAKI;3;1.6.1942;1;2
FERFAT;2;30.8.1967;1;1
MUTEHHER;11;7.7.1954;1;10
ZULFINAR;42;29.10.1959;0;42
ZIYAATTIN;259;9.10.1960;259;0
GOKBERK;204;28.4.1988;204;0
NURBEN;149;2.2.1975;0;149
GAFURRAHIM;3;25.1.1966;3;0
ULUFER;105;3.4.1963;2;103
PEKCAN;142;30.2.1976;113;29
CAIDE;227;15.4.1963;0;227
ULVER;49;7.3.1964;9;40
MAVILI;373;4.7.1960;0;373
BILALE;4;19.3.1959;0;4
SEBINE;34;12.8.1978;0;34
MEHPUB;1;11.1.1987;0;1
POPI;1;5.7.1945;0;1
NISAFIYE;1;14.4.1941;0;1
SENBAY;3;4.9.1980;2;1
FERHATIYE;1;11.3.1964;0;1
MEFARE;13;11.7.1964;0;13
ALIHSAN;112;10.7.1965;112;0
CEZAN;1;12.6.1953;0;1
FEHMINE;9;1.9.1965;0;9
NEBAHAR;45;21.10.1966;0;45
GULSIRAY;10;1.2.1971;2;8
GEZIBAN;13;9.10.1956;0;13
CANSEVDI;5;3.4.1966;1;4
DURHANIYE;41;5.4.1963;0;41
ELDURAN;1;24.9.1936;1;0
GAYRIMEN;1;6.6.1977;1;0
FEZIHA;17;7.8.1960;0;17
BAYRAKTAR;201;15.5.1961;201;0
SADIVER;2;7.7.1951;0;2
REDIMAN;3;12.3.1944;0;3
SEMSETDIN;77;3.10.1963;76;1
BURCI;13;5.8.1983;0;13
GUMRUYE;2;16.8.1976;0;2
LEZIZE;50;12.2.1955;0;50
SIFAHI;17;13.11.1954;17;0
EMETI;2031;6.7.1958;0;2031
SUHENDAL;1;13.9.1950;0;1
VADIYE;30;26.2.1963;0;30
AYDANER;5;10.5.1958;4;1
NERIN;90;22.8.1966;5;85
SERENAT;42;5.3.1981;1;41
EYSANIYE;3;28.6.1963;0;3
AYZIT;31;5.10.1961;1;30
ZULKEFIL;60;18.3.1962;60;0
ULVAN;71;3.12.1960;23;48
TEFIKA;97;4.7.1964;0;97
HUDAYET;416;19.5.1961;288;128
TUNCA;392;15.8.1975;321;71
ALIMEHMET;12;29.2.1956;12;0
AYPERI;256;12.11.1970;0;256
SIRDAS;30;13.7.1984;29;1
SONAT;288;10.6.1979;227;61
TESRIFE;201;26.1.1950;0;201
RUSAT;25;14.11.1977;21;4
ERMETIN;13;24.1.1959;13;0
RUSTI;123;4.4.1957;123;0
SEYNUN;1;4.6.1975;0;1
TONYUKUK;11;30.12.1975;11;0
GORSEV;139;7.4.1970;13;126
TOROS;121;23.6.1967;120;1
TANYELI;33;29.6.1978;8;25
FIRIDEZ;1;12.5.1941;0;1
ILKSIN;14;20.12.1978;4;10
DURDIYE;1075;13.8.1956;0;1075
FERIDAN;44;6.9.1959;22;22
DUYGUNUR;18;5.8.1987;0;18
YASINCAN;3;24.4.1988;3;0
SAHNISE;38;15.6.1960;0;38
DUMRU;8;27.11.1971;4;4
BANUR;143;8.9.1981;0;143
DEHAN;23;21.11.1976;16;7
SEHIRBANI;9;30.4.1951;0;9
BULBUL;1353;30.11.1961;27;1326
AISEHAN;23;21.4.1944;0;23
AYETUL;2;16.6.1984;0;2
TANEM;43;10.4.1983;0;43
ATIFET;588;23.8.1956;1;587
H.NASUF;1;6.4.1949;1;0
SAHARNAZ;21;3.6.1951;0;21
COSKU;102;12.12.1986;78;24
BOZKURT;211;1.3.1961;211;0
DURSUYE;28;19.1.1966;0;28
SAHINOL;1;22.2.1967;1;0
MEMRURE;7;4.4.1952;0;7
AKSET;2;12.12.1963;2;0
ARTUN;195;20.12.1977;193;2
AKANAY;9;9.2.1974;7;2
ABDULADI;2;4.2.1942;2;0
GUZEYDE;235;15.9.1959;0;235
CENNETHAN;11;16.1.1959;0;11
DALUFER;1;12.8.1923;0;1
MURUCET;1;13.3.1975;0;1
KURDI;11;27.7.1949;9;2
ZUMBUL;772;13.6.1958;3;769
HUBEYP;2;11.4.1987;2;0
UNLU;76;8.11.1959;52;24
FIDA;51;11.7.1961;13;38
DALIFER;1;24.6.1963;0;1
JET;3;11.6.1974;3;0
MEYDIN;83;19.1.1958;83;0
MUABBER;3;20.2.1973;0;3
SEFAIL;20;8.1.1970;16;4
ALGAN;41;20.4.1972;37;4
SEHMIHAN;1;23.1.1943;0;1
UZETI;51;13.9.1958;0;51
NURRA;3;21.7.1986;0;3
SEYITALI;410;30.11.1959;410;0
MENDUFA;73;17.10.1967;0;73
NURSIYE;135;28.11.1969;0;135
ANKO;26;23.3.1941;0;26
TENZIYE;13;4.9.1953;0;13
REHIL;3;1.4.1973;1;2
NAILEGUL;5;20.7.1957;0;5
ERKEC;1;7.8.1940;1;0
FATLIS;1;22.2.1955;0;1
EMETE;172;24.3.1958;2;170
AFE;60;2.4.1963;0;60
CEZIM;7;18.1.1962;7;0
ERDIC;46;20.11.1970;46;0
MENUSIYE;1;6.3.1962;0;1
HURIZIYE;12;11.12.1958;0;12
AYSUMAN;41;27.3.1974;0;41
IMAMI;27;10.8.1960;11;16
MENURE;28;25.4.1971;0;28
TEKELI;5;18.7.1957;4;1
DUNYAMIR;3;1.7.1976;3;0
POLISE;1;21.4.1951;0;1
LOHMAN;1;30.10.1973;1;0
PULUSE;1;18.4.1945;0;1
MURIFE;87;4.10.1953;0;87
NEVIKA;6;27.10.1954;0;6
SANBAZ;12;24.8.1964;12;0
BILYOR;1;13.3.1971;0;1
VAYDE;65;22.6.1962;0;65
HURIZE;36;25.5.1960;0;36
ELMASANA;3;11.9.1967;0;3
GUNNEHAR;45;24.10.1959;0;45
NURIYET;61;25.8.1964;2;59
SEVRAN;49;15.5.1974;28;21
NURIZE;17;21.8.1965;0;17
FADMANA;2;1.3.1964;0;2
YOKSEL;4;11.10.1952;1;3
PENOL;1;28.5.1971;0;1
AHMER;11;17.8.1967;6;5
ZEBUR;48;25.4.1965;37;11
KANISE;3;25.1.1977;0;3
NIHAR;137;23.7.1961;17;120
SERVETTIN;71;25.1.1961;71;0
KEFAL;1;26.4.1978;1;0
OMURCAN;219;30.9.1977;154;65
NEVSIM;8;26.10.1979;2;6
KABIYE;82;9.7.1969;0;82
MEFAYIL;22;5.6.1968;22;0
GULEMDEM;8;29.9.1966;0;8
DUNYAMILI;1;27.2.1944;1;0
OKMEN;18;2.2.1974;18;0
ZAYIM;117;4.5.1961;117;0
SELATDIN;50;4.12.1958;50;0
GUNNAZIYE;4;3.5.1963;0;4
FERYATI;4;10.4.1981;4;0
SELIF;3;18.12.1954;0;3
FIRDEVSE;5;19.12.1955;0;5
NUHALI;19;21.10.1967;19;0
LEMZI;8;26.2.1964;8;0
ZUHULE;7;7.6.1959;0;7
INCEBEY;3;28.5.1974;3;0
BENAR;15;22.1.1967;3;12
IYSAN;6;30.9.1971;0;6
NISANIYE;17;9.12.1962;0;17
SADEF;195;4.6.1956;1;194
FERAMIS;162;9.1.1968;162;0
AZE;5;10.5.1958;0;5
NURCAHAN;77;6.9.1968;0;77
MUTAHERE;2;13.4.1965;0;2
MIKAN;4;30.10.1964;2;2
MUHMIN;36;26.6.1961;36;0
MUTAHARE;12;15.8.1959;0;12
TECAATTIN;6;15.5.1968;6;0
SECDIYE;13;18.7.1971;0;13
BAYITTIN;25;1.8.1962;25;0
SERAFET;716;15.10.1956;536;180
SEBIRAN;3;8.8.1960;0;3
SAZMET;6;10.7.1946;0;6
APDURAHIM;4;22.10.1965;4;0
MUHNISE;7;18.7.1970;0;7
MUARREM;199;6.10.1971;198;1
RAKILE;11;19.3.1958;0;11
MENUN;1;26.5.1953;0;1
MUKADTES;10;17.10.1964;0;10
SIHZADE;4;7.3.1959;3;1
ZUBUDE;247;17.1.1962;0;247
SAFUR;7;13.2.1976;0;7
MUZEYIR;30;2.4.1968;22;8
IRAZIYE;52;26.11.1957;0;52
FLORYA;4;1.5.1979;1;3
HAVZE;86;6.7.1969;0;86
TURKUDIYE;1;18.11.1952;0;1
MAKSUS;1;21.3.1965;0;1
ZAMUR;2;10.6.1946;2;0
FURMIYE;7;29.8.1962;0;7
CEBRAYIL;46;4.5.1974;46;0
SACETTIN;190;4.1.1968;189;1
MUSLUMAT;103;6.7.1960;0;103
MAFRUZE;3;15.5.1977;0;3
MEVAYIL;1;17.3.1966;0;1
CELALI;338;14.11.1963;334;4
VELHAN;13;1.1.1963;1;12
SEVRIL;1;14.5.1975;0;1
SADUS;12;12.11.1951;10;2
BEZAYIM;4;22.10.1958;4;0
EMIRIYE;46;4.10.1966;0;46
GULMERIYE;1;21.12.1971;0;1
CAYIDE;116;14.4.1965;0;116
GULBUS;52;2.4.1953;0;52
NECMIRE;1;9.3.1950;0;1
BESELI;1;12.8.1923;0;1
SELMIS;3;25.8.1949;0;3
CEMINUR;19;21.8.1965;0;19
UMMUYAN;8;29.10.1952;0;8
KATET;1;10.3.1952;0;1
ZORBA;82;14.5.1952;81;1
EBELI;5;14.9.1956;0;5
LOGMAN;66;5.10.1962;66;0
SEVIKA;84;5.3.1963;0;84
NUGREDIN;1;9.6.1960;1;0
FERMUNE;3;17.6.1962;0;3
IFDADIYE;69;2.10.1960;0;69
DUNYAMI;44;5.7.1963;44;0
SERAFEDIN;9;20.9.1961;9;0
ASSE;9;11.1.1960;0;9
SERFANA;2;21.6.1961;0;2
GUKNUR;1;1.11.1991;0;1
ISAH;27;14.7.1974;27;0
FERMUDE;678;19.4.1956;0;678
AYISEANA;3;6.1.1951;0;3
BAKKULE;1;10.11.1957;0;1
DEMRAL;2;16.10.1971;2;0
NUZUFE;2;25.10.1964;0;2
NECADIN;11;26.4.1957;11;0
MUTAHIR;24;8.9.1960;24;0
IHLAMIYE;2;24.8.1977;0;2
ENBIYE;856;8.8.1956;29;827
ZIYSAN;20;19.8.1967;1;19
URFAT;10;16.6.1954;10;0
ERYIGIT;27;13.11.1973;27;0
MURSUT;59;17.9.1963;48;11
OKTAS;6;13.7.1970;6;0
HULUSE;21;11.11.1957;0;21
SEHRET;18;15.3.1957;1;17
GULIPEK;55;14.12.1963;1;54
MURSILE;13;23.11.1966;0;13
FARZIYE;22;27.4.1961;0;22
NAZZIK;12;6.11.1962;0;12
VAYIDE;50;26.12.1963;0;50
NAZIYRE;12;30.1.1960;0;12
VIYSEL;5;3.3.1955;5;0
FARETTIN;194;6.2.1962;194;0
ZEMINE;2000;20.5.1961;0;2000
MELHIYA;1;16.10.1975;0;1
CELALETDIN;118;14.10.1966;118;0
FAYME;55;12.7.1971;0;55
GAFFER;35;19.9.1967;35;0
MUTUYA;7;2.10.1963;0;7
AKAH;7;18.5.1946;7;0
BELKIZAR;306;23.4.1964;0;306
MANGUL;2;9.10.1970;0;2
YAGSIN;5;25.4.1970;5;0
KONCAFER;49;12.5.1959;0;49
MURSUNE;4;6.7.1959;0;4
NAZHANIM;496;1.6.1952;0;496
ATESOGLU;1;1.6.1976;1;0
GUDURET;30;25.11.1968;12;18
SAFIRIYE;17;21.9.1966;0;17
AYISEN;4;8.7.1956;0;4
NEFIGA;23;20.10.1965;0;23
NAZIHAN;26;23.9.1968;0;26
LADIFER;11;18.6.1962;0;11
NUUBE;1;19.12.1953;0;1
IYCAN;1;22.6.1967;0;1
VELIHA;26;2.11.1962;0;26
GUNTAY;230;22.7.1978;223;7
CILLE;36;17.8.1959;1;35
RASEMIN;1;6.10.1971;0;1
IRFAT;41;21.4.1964;39;2
FARZILET;1;29.3.1975;0;1
NUGRI;3;26.9.1960;3;0
MERCIYAN;1;2.2.1975;0;1
NACIFER;27;23.5.1964;0;27
HAYRINISA;180;23.1.1961;0;180
LEZENDER;1;1.1.1955;0;1
UMUSIN;4;1.2.1961;0;4
ELIYFE;16;13.4.1962;0;16
HURUMELEK;32;29.10.1957;0;32
OZCAL;3;25.11.1966;2;1
HAMIZA;67;3.8.1965;67;0
ZILIYE;3;19.6.1949;0;3
MAKPULE;205;4.8.1959;0;205
MUESER;46;20.3.1967;0;46
VALERIA;20;9.12.1970;0;20
SEMAT;162;18.6.1966;41;121
GUNKOZ;1;19.12.1944;0;1
MUKATDER;154;8.5.1964;15;139
MUHUDE;70;25.9.1964;0;70
SELADIN;27;4.8.1967;25;2
APDUSSELAM;1;1.10.1966;1;0
MUTAHAR;28;12.3.1954;18;10
LIBAZ;12;26.4.1961;0;12
SEVILKAN;9;14.1.1969;0;9
MEMILI;273;11.1.1959;272;1
SEJDIYE;5;21.12.1975;0;5
MIMILI;2;8.1.1955;1;1
ECRI;7;8.1.1960;5;2
MUZIYEN;128;17.7.1961;0;128
HELMI;98;14.11.1958;98;0
HIKRIYE;2;7.9.1955;0;2
KALEFIR;13;10.12.1964;0;13
REFUK;1;13.3.1965;1;0
MASAL;4;29.4.1957;2;2
MUSAKERE;1;20.5.1984;0;1
BILGAYIP;1;13.4.1959;1;0
KERZIYE;4;1.6.1956;0;4
BELKUZAR;29;11.1.1954;0;29
AYES;4;15.1.1979;0;4
UMMUGUSSUN;17;21.6.1966;0;17
NURUS;188;18.10.1957;2;186
NASAR;2;19.5.1969;0;2
IOLANDA;3;14.6.1955;0;3
NECIMETTIN;16;7.9.1964;16;0
ZINEP;76;18.4.1948;0;76
MUHAMER;58;25.4.1963;54;4
LUTVI;67;21.12.1964;67;0
ANSAANA;2;5.6.1944;0;2
NURIS;67;24.10.1958;7;60
HIDAVERDI;6;6.1.1963;6;0
NASA;1;23.11.1953;0;1
MENDU;13;10.7.1958;11;2
HILIME;28;23.8.1955;0;28
FIDAYI;60;1.12.1961;37;23
UMUKULSUM;3;12.8.1968;0;3
HAMDIE;2;23.11.1971;0;2
SELKAN;64;15.2.1979;57;7
ELKAN;15;26.2.1978;15;0
PEFLIL;1;16.5.1975;1;0
MERIS;358;17.5.1958;1;357
HABILI;9;26.3.1959;2;7
GUREN;15;2.5.1968;10;5
MEJMURIYE;1;27.1.1980;0;1
RUBIYE;114;3.3.1958;0;114
SEHIBE;127;1.4.1963;0;127
TURYAN;39;9.1.1961;30;9
CESNI;9;21.12.1959;0;9
ZULFIYA;36;21.11.1970;0;36
NEZIKE;42;29.1.1962;0;42
NISALI;5;17.9.1974;5;0
SUBAYET;1;7.2.1976;0;1
LISAMI;2;18.4.1967;2;0
SEFAYIR;9;10.1.1970;5;4
SELVIGUL;34;22.6.1972;0;34
NUTUS;14;6.5.1958;0;14
HUDAVENT;6;8.5.1970;4;2
FERDANI;15;9.1.1957;1;14
HIRCIN;10;5.9.1981;8;2
HANIMET;7;9.8.1975;0;7
ERESU;1;20.5.1977;1;0
RAFILE;23;26.3.1970;0;23
TEYFIKA;23;18.1.1960;0;23
YENAY;59;9.10.1976;20;39
BAHTIACIK;2;5.9.1962;0;2
ASIRIYE;12;19.10.1967;0;12
GUNCAY;40;10.4.1972;18;22
ENFER;5;27.3.1955;1;4
PIYAZEL;3;30.4.1964;0;3
SEMAY;131;14.1.1971;3;128
APDULKADIR;93;12.4.1960;93;0
LOMEN;74;26.12.1964;74;0
PEVIL;16;22.6.1965;15;1
DURDUANA;3;9.4.1947;0;3
IKRAMIN;15;29.9.1972;15;0
YILDIZER;3;28.5.1948;3;0
ERZAH;2;27.11.1968;2;0
SOZAY;24;2.10.1972;13;11
CIDDEM;2;2.2.1969;0;2
HURYAN;51;10.11.1970;12;39
ERGUT;81;21.1.1961;81;0
SAMBAL;1;23.9.1952;1;0
UMUSUN;276;3.12.1961;0;276
MUHSER;4;13.8.1964;2;2
OZKER;12;4.4.1953;6;6
NAVILE;6;9.3.1966;0;6
ULLU;2;11.2.1957;1;1
ISMIL;5;29.3.1968;3;2
FECIRI;4;20.8.1973;4;0
MUSAMEDDIN;54;3.8.1961;54;0
MEVLE;2;26.2.1956;0;2
IBUS;9;26.10.1943;9;0
SULUM;21;27.6.1955;0;21
PAZIYIT;1;16.11.1951;1;0
HUVEYIZ;1;13.8.1965;1;0
VAIDE;161;28.1.1959;0;161
FEDAIL;233;18.2.1962;233;0
HAYTEN;24;8.4.1952;0;24
IBRAYIM;25;8.11.1966;25;0
ZULEYYA;14;27.1.1962;0;14
UKKE;59;19.9.1951;0;59
SUHABIYE;3;18.11.1979;0;3
TENZURE;2;28.6.1935;0;2
BEZAYIL;1;15.8.1953;1;0
ZEMIN;68;20.1.1966;53;15
LEVAL;5;21.8.1961;0;5
ISAIL;1;19.1.1966;1;0
NESURE;23;30.5.1960;0;23
HULVAN;2;2.10.1962;1;1
VADET;97;27.7.1967;89;8
MUDAYIM;22;14.8.1958;20;2
ZURRAP;4;20.7.1948;4;0
SULMAN;27;1.6.1947;27;0
ZINIS;44;9.4.1951;1;43
EBAT;2;3.4.1962;0;2
MUBERA;75;2.1.1966;0;75
AVIYE;8;11.4.1958;0;8
ZEBURIYE;8;5.7.1962;0;8
UMUGUL;187;14.4.1959;0;187
NAZBIYE;28;6.5.1953;0;28
FATYAN;9;5.1.1949;0;9
MUCAYIT;170;22.1.1969;169;1
MUZEKKA;118;26.6.1953;109;9
HAZIZE;12;2.8.1956;0;12
ZENUL;3;19.5.1961;3;0
ZEYNUN;68;18.8.1959;68;0
ERKANI;19;3.10.1963;19;0
ASEL;45;29.5.1971;4;41
MUHSAR;1;17.8.1936;0;1
ZADIYE;69;22.9.1961;0;69
NAZMIS;8;15.12.1946;0;8
ZELIYA;32;26.9.1961;0;32
RUZUYE;16;16.9.1962;0;16
MESURUYE;3;2.11.1953;0;3
BAHDIYAR;142;29.4.1968;107;35
FIRDEN;4;8.11.1968;0;4
ISVER;6;7.1.1970;0;6
MAMIRIYE;11;22.3.1962;0;11
DULIFER;2;21.10.1939;0;2
MUCET;8;19.8.1964;7;1
ULBEYAZ;1;21.7.1968;0;1
HAZIFE;7;13.8.1964;0;7
NAZIFEANA;1;16.6.1933;0;1
MESHURIYE;16;28.9.1960;0;16
HANIFANA;1;27.5.1956;0;1
NUGZIYE;1;29.12.1974;0;1
GADEM;21;1.8.1971;4;17
OZSOY;31;29.9.1977;30;1
AYSEKADIN;75;12.7.1956;0;75
ANDEM;1;4.7.1963;0;1
ADIDE;9;18.8.1971;0;9
BEYASSIN;1;16.12.1970;1;0
BELGIYA;36;7.10.1958;18;18
ZULCELALI;4;22.1.1971;4;0
MERVENUR;115;22.3.1990;0;115
FAHRET;100;8.12.1963;99;1
KELAMI;169;15.2.1967;169;0
SALATTIN;77;25.6.1956;74;3
ELFUAT;2;2.11.1961;2;0
CEMANUR;614;12.4.1964;1;613
SEMRAIL;9;14.7.1963;1;8
NEBIHAS;1;16.3.1957;1;0
ACELYE;7;22.1.1986;0;7
ILHANI;30;10.6.1971;28;2
RUZBUYE;1;26.9.1958;0;1
ESPARIYE;1;1.10.1966;0;1
MACUP;1;27.4.1976;1;0
HANIMNAZ;80;4.2.1962;0;80
PAZI;2;7.8.1940;2;0
BEYNAZIYE;9;13.11.1967;0;9
NIME;49;13.4.1915;0;49
SEZAIL;28;2.8.1967;28;0
BAHTIYE;462;11.8.1956;0;462
ARGUL;16;15.7.1969;0;16
YAMEN;163;28.12.1960;157;6
SELBIYAN;3;16.6.1954;0;3
INCIYAR;1;22.2.1981;0;1
ERDOGDU;200;26.3.1964;198;2
NAZA;28;9.5.1946;0;28
VACIT;271;12.9.1960;269;2
BAYREMSE;2;14.2.1970;0;2
RAVASIYE;17;23.8.1967;0;17
SAZIBET;8;27.1.1959;0;8
MUKATTISE;1;12.9.1934;0;1
AKDEMIR;13;11.7.1946;13;0
MUKADIZ;2;6.3.1950;0;2
RUSDU;251;5.3.1955;251;0
NAIP;145;14.5.1956;145;0
SEFIYAT;2;15.6.1958;0;2
REHIBAN;1;26.4.1976;0;1
SAHNIYE;8;15.6.1962;0;8
MESUR;78;5.12.1968;40;38
SERBIL;107;27.10.1970;2;105
KOKEN;31;3.2.1967;15;16
MERYA;39;10.10.1970;0;39
NARICIN;1;5.9.1941;0;1
ULFUYE;27;19.10.1966;0;27
SUMBULE;125;9.9.1959;0;125
NURIFET;27;27.2.1969;0;27
APTULKADIR;95;4.5.1960;95;0
ELGUR;1;1.7.1947;1;0
LEYMONA;4;15.3.1959;0;4
MUSABBIYE;17;12.7.1952;0;17
SAHINKIR;1;20.7.1961;1;0
ZOHDU;19;21.2.1951;19;0
GEVSER;39;22.6.1959;0;39
MUTIYE;215;3.8.1960;0;215
NAHIFE;15;18.11.1957;0;15
NEZBIYE;14;30.11.1952;0;14
BEHIME;69;30.6.1950;0;69
SAIZER;216;20.1.1966;0;216
ATABEY;248;21.6.1968;248;0
IMUHANI;1;27.3.1968;0;1
YURTAY;18;30.3.1966;13;5
CULAMI;1;7.3.1964;1;0
HAVASE;5;30.4.1963;0;5
BUZEYNE;1;11.6.1971;0;1
SEMRIGUL;1;29.3.1950;0;1
SIFAIL;2;14.3.1970;2;0
BIYCE;3;5.7.1979;0;3
MUSTAFACAN;11;23.10.1986;11;0
IREMZIYE;2;3.8.1956;0;2
MIYET;8;27.6.1959;0;8
IBRHIM;3;24.11.1983;3;0
NEZURE;6;8.6.1964;0;6
SEBAHATDIN;152;30.3.1962;152;0
SAYIP;242;19.3.1962;242;0
SELMIHAN;34;23.8.1970;0;34
SEVDI;198;30.1.1969;79;119
SUMRULIYE;1;26.2.1971;0;1
CEVARIYE;17;22.2.1958;0;17
AVZI;16;28.8.1953;15;1
MUZEYIT;2;18.9.1978;2;0
AFISE;7;15.4.1963;0;7
MUNEZER;8;29.8.1961;1;7
ZULKADE;105;22.7.1956;2;103
ZEBURE;128;8.12.1951;0;128
SEYYIBE;44;28.10.1954;0;44
MUCES;1;16.4.1937;0;1
MIHRIMAN;66;24.9.1963;0;66
GOKDEN;46;21.7.1978;28;18
NISAMI;5;7.9.1955;4;1
LEVKA;9;6.6.1956;0;9
LETIME;7;3.3.1947;0;7
AHIMET;2;17.8.1947;0;2
ZATUL;2;22.9.1961;0;2
AMIRHAN;3;29.3.1962;3;0
FATUL;3;19.3.1962;1;2
NUTUYA;51;14.1.1964;0;51
MUREFET;2;6.12.1945;0;2
SEFAET;3;9.11.1958;2;1
MURATCAN;197;1.1.1987;197;0
SERYANI;2;8.12.1945;2;0
HUCESTE;29;6.7.1953;0;29
GUSEREN;17;8.7.1970;0;17
MULGUNAZ;1;28.12.1958;0;1
SINANGUL;60;29.11.1969;1;59
ZORE;23;20.2.1962;1;22
NEHRIMAN;54;3.11.1948;0;54
ASNE;2;8.6.1960;0;2
SEBADIYE;10;14.4.1962;0;10
SEBLE;3;14.4.1969;0;3
EBAZEL;45;30.2.1954;44;1
TARMIS;1;21.6.1957;0;1
MAZES;54;9.7.1967;0;54
TEMURSAH;7;28.7.1956;7;0
ZERIYYE;2;7.3.1953;0;2
SAZINE;65;24.9.1960;0;65
ZINIYE;17;19.6.1957;0;17
TURKEC;5;20.7.1966;5;0
TEYFIDIYE;1;19.1.1964;0;1
MELIFA;6;8.5.1979;0;6
EBAZER;210;9.3.1958;206;4
BERZAT;11;28.10.1961;10;1
HASPI;93;11.5.1963;93;0
BILBEN;2;26.1.1977;0;2
SALYE;1;3.4.1963;0;1
UFTADE;106;19.4.1952;2;104
SAMIDIN;14;16.11.1955;12;2
HULASE;23;23.8.1953;0;23
ZINDA;1;12.8.1923;0;1
MUZUYE;6;19.7.1951;0;6
SAHSETTIN;114;29.4.1962;114;0
BUVE;1;30.3.1956;0;1
REYFET;5;2.8.1971;2;3
ZENCEFIL;46;4.6.1959;1;45
REBIKA;3;30.11.1971;0;3
BAITTIN;20;6.1.1959;20;0
MURAHAT;1;12.3.1953;0;1
DENUDE;1;4.8.1963;0;1
TURKCAN;82;25.9.1968;57;25
BIRAYET;6;17.12.1981;0;6
ASURET;1;14.3.1973;0;1
TAVSIYE;6;1.11.1953;0;6
ULFAN;10;25.1.1963;6;4
BEYTIN;5;21.4.1955;3;2
OCALAN;48;9.4.1971;48;0
FERYAN;127;8.5.1965;1;126
DURDUNAR;1;30.4.1973;0;1
SOYGUL;13;9.5.1975;0;13
GULHADIYE;238;15.12.1958;0;238
SAHNEZ;42;7.12.1962;0;42
ALTINSEF;1;17.6.1965;0;1
MUREBBER;1;27.2.1938;0;1
NURSAHANE;1;1.5.1982;1;0
SAMIZE;6;23.10.1953;0;6
TEKNUR;133;2.12.1972;5;128
SEYLI;5;5.10.1935;0;5
SOYDAS;5;14.9.1980;5;0
AKBILEK;50;19.11.1963;1;49
HAKNIYET;3;28.3.1975;0;3
ISFIHAN;11;22.6.1964;1;10
SAHZIMET;26;1.3.1958;0;26
HUSNIYET;13;15.7.1967;5;8
SUMEYLE;1;17.6.1965;0;1
GIYAP;3;4.2.1953;2;1
YAZAY;4;15.4.1979;0;4
SEMAHATDIN;2;26.6.1954;2;0
SAHNI;5;2.11.1947;1;4
DERVANI;2;16.12.1978;2;0
VETAN;17;1.2.1966;13;4
LADIKE;3;3.4.1978;0;3
MUUHSIN;1;23.6.1973;1;0
BENZET;6;18.1.1965;2;4
YOKSUNI;16;8.1.1980;16;0
NURSANI;38;25.2.1983;38;0
ULGERIYE;1;3.5.1971;0;1
SAHDOGAN;2;23.4.1965;2;0
CANFIDAN;128;3.12.1961;0;128
KAMULE;4;30.11.1968;0;4
GULSABI;2;21.9.1977;0;2
DOGUTAN;1;22.6.1973;1;0
FEVYAZ;2;9.7.1967;2;0
LADIKER;33;18.11.1974;0;33
GOKSELEN;5;1.1.1969;0;5
TASAN;14;24.8.1970;13;1
OZDEMET;1;1.5.1991;0;1
YETISAY;1;24.6.1987;1;0
SANUR;30;11.5.1967;1;29
FEZAL;65;21.4.1966;2;63
NECGUL;18;18.3.1968;0;18
MUEZZEZ;20;7.10.1967;0;20
MISKET;205;8.8.1965;7;198
GULHANI;34;12.3.1972;12;22
BIRSAT;8;12.2.1983;7;1
MILKIRAZ;1;9.3.1982;0;1
KAYGISIZ;25;15.9.1969;25;0
ARAFIL;1;24.9.1950;0;1
EMREHAN;193;3.4.1985;165;28
MUNASE;17;3.9.1953;0;17
DONGER;3;21.4.1975;0;3
GURDEL;3;27.4.1962;1;2
NESLIGUN;1;21.9.1983;0;1
SORGU;5;4.11.1975;4;1
GULMUSE;2;22.2.1959;0;2
ULUSOY;35;29.3.1975;35;0
NARGUZEL;294;26.10.1961;0;294
HURMUZE;43;24.3.1958;0;43
SITAMKER;1;27.2.1966;1;0
BAHTINUR;584;29.12.1974;33;551
HAYRUNNAS;25;13.2.1959;20;5
ZATIYE;1226;6.5.1955;0;1226
UMUSEN;96;2.1.1961;0;96
PERIZAN;138;17.1.1961;0;138
FADINANA;1;13.6.1986;0;1
SULFU;10;28.5.1952;4;6
FIRAKI;3;12.8.1945;3;0
UMMANE;16;2.8.1951;0;16
YASABEY;68;13.2.1967;68;0
UMUTBEY;2;5.11.1980;2;0
KADERBEY;1;17.6.1983;1;0
SEHVERI;1;27.5.1938;1;0
ZULFISIYAH;58;10.3.1952;0;58
GULFADIYE;8;29.10.1960;0;8
RIYAFET;2;17.8.1947;0;2
CAFI;4;22.2.1959;2;2
ALANKAYA;1;28.10.1943;0;1
MUNESSER;100;20.8.1959;1;99
IBAZER;18;1.12.1954;18;0
HILMA;2;22.3.1938;1;1
SEVKETE;10;21.4.1945;0;10
SENDOGDU;18;16.5.1961;14;4
MUESSAR;1;10.6.1957;0;1
MEKIL;1;16.4.1941;1;0
JALAN;23;5.8.1972;0;23
YILDIR;150;26.3.1965;147;3
MUAFAK;22;1.8.1969;21;1
GULESUN;2;9.1.1977;0;2
SEMUNUR;14;15.10.1969;1;13
FITNIYE;7;11.12.1947;0;7
BELFU;17;11.9.1984;0;17
SECAETTIN;132;6.10.1956;132;0
GOKTUG;830;22.3.1985;824;6
TULYA;95;16.2.1971;0;95
ZIYAVER;185;13.2.1959;6;179
SIFAGUL;6;7.9.1977;0;6
ARPER;4;30.4.1976;4;0
BEKIRUL;1;28.2.1986;1;0
HURFIYE;4;19.4.1959;0;4
KEZIYBAN;3;4.6.1972;0;3
MUHMUN;13;2.9.1963;13;0
SAHLE;27;19.12.1960;3;24
TEVGUT;1;23.10.1953;1;0
INCILI;50;23.3.1958;8;42
ATNEN;46;8.8.1966;46;0
MEMURAN;4;6.5.1974;0;4
HAMIDULLAH;68;26.1.1977;66;2
KUTHAN;34;23.3.1975;32;2
KUZUM;5;15.6.1956;5;0
HEYHAT;32;18.1.1972;6;26
BAHIDE;104;11.5.1960;0;104
EZMIYE;12;18.3.1955;0;12
SEHERE;30;1.3.1947;0;30
MUSSE;1;12.2.1959;0;1
HAMET;447;1.2.1962;446;1
HALDE;6;10.12.1978;0;6
MUDAHIR;80;3.5.1964;80;0
MUDEHER;34;24.7.1963;14;20
ABULTURAP;1;2.10.1957;1;0
MEYTIMER;1;9.3.1948;0;1
SEZAVER;122;12.8.1958;3;119
MUBEYLA;19;4.11.1961;0;19
MUDDET;74;19.4.1961;51;23
EDEVI;13;19.9.1962;0;13
SEYDAG;31;8.7.1975;2;29
GULOL;4;18.12.1952;0;4
BILOR;461;4.9.1957;9;452
SEVSIN;38;18.8.1975;1;37
PIYALE;43;23.6.1962;9;34
NURADIYE;38;13.11.1969;0;38
GULDU;9;9.4.1950;0;9
ZUBEYHAN;7;11.12.1964;0;7
GULEC;95;16.9.1963;14;81
DONDIYE;157;1.6.1954;0;157
SIAMI;7;16.8.1960;7;0
OMERDEDE;5;5.4.1944;5;0
SUNAYI;43;19.9.1978;5;38
IPRAHIM;130;9.7.1962;130;0
MURDUFUN;2;13.8.1961;0;2
ABDULSETTARI;1;6.3.1968;1;0
ALISAIT;31;8.5.1964;31;0
FAZIYLE;2;2.7.1961;0;2
HUMESA;2;28.12.1977;0;2
YUNUSNADI;2;28.6.1943;2;0
SUKUNET;14;1.4.1968;3;11
NERMIL;43;21.3.1973;0;43
EJMEN;10;7.9.1981;6;4
HACIOSMAN;59;27.5.1961;59;0
HACIAHMET;121;20.6.1963;121;0
DUR;163;4.3.1957;142;21
UMMULU;207;12.2.1960;0;207
SUFYAN;171;23.11.1968;167;4
MEHMETUGUR;2;21.2.1963;2;0
DURANMEHMET;1;13.3.1960;1;0
GULSEMEN;33;15.6.1969;0;33
DUDIYE;96;2.3.1952;0;96
SAHARE;44;1.6.1956;0;44
IDEAL;51;30.10.1969;24;27
ROSELINDE;1;18.4.1960;0;1
YALMAN;23;30.10.1962;23;0
IREBIS;68;28.10.1953;0;68
HUPRUZE;1;23.12.1956;0;1
MUKADDERE;54;23.12.1946;0;54
HURMUS;943;27.10.1957;4;939
MUNEZZEH;26;17.2.1958;2;24
AYPEK;7;4.2.1963;2;5
KUZUMA;1;16.4.1970;1;0
REFIYDE;1;6.8.1972;0;1
ANACA;5;17.3.1962;0;5
NENET;5;7.3.1966;0;5
GULAT;11;28.4.1973;4;7
REFAN;42;28.12.1955;4;38
FERAMUR;1;26.9.1967;1;0
RISAN;18;29.7.1967;2;16
ABDULKESEF;1;25.4.1930;1;0
RUFKI;10;7.9.1952;10;0
BATIYE;53;5.8.1956;0;53
GULSEHRIBAN;4;14.10.1960;0;4
NURAHMET;27;1.11.1963;27;0
MUHAMUT;1;20.8.1970;1;0
DARIGA;1;21.5.1961;0;1
ABAY;4;29.12.1962;4;0
BIBIAYSE;7;9.4.1971;0;7
HABIBRAHMAN;3;24.12.1965;3;0
ATEYHAN;1;2.8.1921;1;0
BAKIT;5;13.2.1979;5;0
API;3;8.10.1946;2;1
IMAMKATIP;1;27.11.1967;1;0
AYITCEMAL;1;22.8.1931;0;1
KADIRAN;3;13.5.1960;1;2
IRISTI;1;27.8.1926;0;1
ZEYDRAHMAN;1;8.3.1962;1;0
NURAYSE;24;30.5.1970;0;24
CEMAATTIN;3;24.11.1969;3;0
KERIBAN;28;13.5.1971;0;28
ZAITTIN;17;1.8.1973;17;0
SAZIMEN;46;19.12.1962;0;46
NURCIBE;2;1.5.1963;0;2
GULBENDE;30;20.4.1965;0;30
NURIVVER;1;14.5.1952;0;1
FAHMETTIN;44;16.12.1965;44;0
SALAMI;11;21.3.1967;11;0
SEMIYHA;70;28.7.1965;0;70
TULLA;27;23.11.1949;0;27
HACIMUSTAFA;29;7.11.1963;29;0
SADILE;93;24.1.1961;1;92
APAYDIN;39;26.1.1965;34;5
TOMRISE;2;10.11.1935;0;2
SADIHA;21;29.2.1960;0;21
MENZADE;11;30.4.1954;0;11
ALIIBRAHIM;1;22.11.1955;1;0
SAHIL;145;13.11.1975;65;80
FAKI;511;1.11.1962;507;4
BEHIYCE;14;30.1.1962;0;14
MILIHA;3;9.5.1968;0;3
VAHIP;429;22.7.1961;429;0
OMURKAN;2;13.11.1975;2;0
ERENTURK;10;14.5.1972;10;0
NEFIZET;1;12.2.1947;1;0
CENUN;1;4.10.1960;0;1
IBRAIHM;3;1.11.1983;3;0
ILFAT;7;10.3.1969;6;1
MERDAGUL;1;23.3.1972;0;1
METILAY;1;9.12.1980;0;1
ABDISELAM;14;2.4.1965;13;1
HACIDEDE;9;13.8.1957;9;0
ZULYEZEN;4;2.9.1970;3;1
GULDURSUN;153;26.7.1956;0;153
SULUYA;3;18.9.1960;0;3
RAFIKE;71;10.9.1965;0;71
ALMES;34;3.2.1964;0;34
MENDUGA;2;11.8.1955;0;2
MUKSINE;14;26.9.1966;0;14
SAYIA;5;26.4.1953;1;4
MAKIRE;3;19.6.1959;0;3
MUNTEKIN;3;22.12.1977;3;0
SATU;5410;3.12.1959;40;5370
LALEZAR;196;11.7.1959;0;196
ESMIYAN;1;26.9.1934;0;1
MUKERRIME;2;9.1.1961;0;2
BALKIZ;485;14.1.1962;0;485
KESMET;1;2.5.1975;0;1
ARDAG;9;12.1.1980;8;1
SUAYYEN;1;27.1.1968;1;0
SUHEYBE;49;24.7.1974;0;49
FAILE;184;17.12.1964;0;184
SUHAYIP;79;4.3.1971;79;0
HACCANA;11;3.10.1966;0;11
HATICANA;20;17.2.1945;0;20
HAMMADI;49;23.1.1954;49;0
ABDULGADIR;70;21.11.1965;70;0
HAVZA;31;18.10.1958;0;31
MUHYITTIN;64;28.8.1957;64;0
MUKREME;4;16.8.1947;0;4
SALIKA;5;22.10.1958;0;5
MUHSENA;2;6.11.1974;0;2
SENSIBAN;1;15.5.1962;0;1
DUNYAM;13;9.6.1982;4;9
ILKEM;218;25.5.1985;44;174
HATMA;29;7.4.1954;0;29
AYDINSER;5;11.7.1959;1;4
NURSINE;25;25.1.1972;0;25
MUHTEREME;50;6.1.1952;0;50
SUNKAR;379;26.9.1962;4;375
GULHIS;146;23.11.1960;0;146
YEKANE;17;25.5.1953;5;12
ZURBIYE;385;24.6.1961;0;385
BONCUK;66;4.2.1963;1;65
BILEK;51;22.12.1976;14;37
ICRAYI;1;22.3.1961;1;0
SEBAHIDDIN;31;9.7.1958;31;0
MUKBIL;76;30.10.1960;72;4
ILAMI;115;29.8.1964;113;2
NAZIKER;355;2.6.1969;0;355
APUL;78;13.11.1951;78;0
GULSEFER;47;21.9.1963;0;47
GOKSOY;14;17.3.1981;14;0
MUGMIN;3;18.8.1963;3;0
NURFIYE;122;5.6.1969;0;122
ATILE;282;10.6.1963;217;65
SERKUT;71;30.5.1977;71;0
MAHIZAR;276;12.1.1957;0;276
SEYFITTIN;813;11.7.1956;813;0
AFER;344;30.7.1960;305;39
ALAHITDIN;5;29.12.1965;5;0
SULKER;7;10.6.1971;0;7
AZINE;85;6.8.1962;0;85
GULCUK;96;4.6.1963;0;96
MAKMULE;64;10.1.1962;0;64
GUNTEN;46;23.9.1947;1;45
ERGUDER;173;29.11.1966;173;0
LALIZAR;341;15.11.1951;0;341
NUTKU;22;21.11.1969;20;2
ZEYKIYE;82;20.3.1966;0;82
SEFERE;8;11.4.1947;0;8
MAVISEN;102;28.6.1963;0;102
DOKUL;39;22.1.1967;0;39
HAVVAGUL;229;23.11.1974;0;229
HURUZET;18;18.4.1961;0;18
INCINAR;12;24.7.1967;0;12
GULFERIK;10;8.1.1955;0;10
EDANIYE;3;14.9.1946;0;3
ZIBIDE;70;20.4.1957;0;70
MAVISAN;8;15.12.1947;0;8
HURUZE;68;26.7.1959;0;68
ICRAMI;4;21.12.1967;4;0
OZKUL;87;1.8.1969;81;6
DURADIYE;13;13.6.1957;0;13
ZECAN;9;16.2.1965;0;9
SERUFE;1;1.2.1961;0;1
ZULALIYE;17;12.8.1955;0;17
MAVISER;5;14.11.1966;0;5
SAGIBE;39;30.5.1959;0;39
GULBEYZ;1;27.2.1956;0;1
MAVIZER;79;29.3.1964;0;79
DURSUNIYE;318;18.1.1968;0;318
MUCAFER;62;14.3.1957;6;56
APDUL;39;3.3.1964;39;0
SAHINIYE;7;14.9.1954;0;7
TUDU;102;29.10.1949;0;102
EFIYE;12;28.8.1952;0;12
EYYUBI;15;14.2.1971;15;0
GULMAVI;12;15.5.1961;0;12
HATUHAS;1;1.6.1955;0;1
GULUMSERE;1;27.2.1968;0;1
GIYASETDIN;9;28.6.1968;9;0
IMZE;2;4.2.1949;2;0
MAVIZAR;3;17.11.1965;0;3
HATIRCA;2;29.3.1947;0;2
ZEYKIR;200;21.4.1961;16;184
HARKAN;3;14.5.1979;3;0
SEVGINE;5;21.1.1961;0;5
YADIKER;210;9.7.1971;7;203
SAHISTER;10;9.6.1971;1;9
NECAIR;4;27.7.1977;4;0
RESET;78;19.12.1964;77;1
APIS;3;9.3.1962;2;1
OLSAN;9;11.11.1983;8;1
KUVVET;57;11.8.1965;56;1
CEFAILE;2;5.8.1945;0;2
SERCIHAN;63;29.11.1973;16;47
NAIMIYE;10;22.4.1957;0;10
ZELICE;3;14.4.1960;0;3
PELIZAR;34;23.2.1964;0;34
NAHIDIYE;9;1.11.1968;0;9
GULBUZ;154;23.5.1964;5;149
SEFITTIN;11;25.1.1949;11;0
GULHISTAN;7;27.8.1961;0;7
ABISE;4;28.12.1950;0;4
GURSUN;666;20.3.1969;7;659
BAGI;185;30.3.1964;169;16
ZALFI;1;2.2.1957;0;1
ABUL;7;29.7.1963;6;1
SAIMIYE;5;22.3.1970;0;5
CEMALITTIN;151;23.6.1962;151;0
GULDANIYE;222;30.2.1961;0;222
NEZAFET;697;4.12.1955;21;676
GULHANE;123;21.7.1967;1;122
DUNDIYE;2;30.8.1932;0;2
SUNKER;24;5.10.1961;0;24
NAILIYE;17;6.9.1958;0;17
CAVETTIN;3;27.7.1962;3;0
NAMEGUL;76;22.10.1970;0;76
EMURIYE;2;4.9.1963;0;2
AHIDIYE;1;22.2.1961;0;1
MURIYE;25;11.1.1962;0;25
YUCELER;4;8.6.1973;4;0
GUNSERIN;6;12.3.1955;0;6
SERGUN;117;7.5.1970;45;72
HUSAMET;10;25.1.1967;9;1
GADIFE;18;15.6.1962;0;18
MUSEMMA;299;2.2.1970;2;297
SEBIRE;58;29.12.1968;0;58
KIBRE;40;19.1.1953;0;40
FEKKINE;1;1.10.1956;0;1
BIDANIYE;1;14.12.1964;0;1
MURUSE;7;27.12.1970;0;7
FIDASIYE;5;20.3.1963;0;5
MURAL;15;29.11.1972;10;5
SAZAYI;2;5.8.1974;2;0
SIMSIR;175;22.2.1957;0;175
KIREZ;43;1.7.1956;0;43
SERBAN;188;14.6.1961;1;187
GULABIYE;68;12.1.1963;0;68
CEMALATDIN;1;14.7.1950;1;0
SUBEYDE;73;30.12.1964;0;73
NEDAYI;57;10.6.1967;54;3
SEMRIYE;127;10.9.1968;0;127
SATHIYE;133;3.10.1953;0;133
SEBAYI;55;22.12.1969;38;17
FAFINAZ;1;2.2.1957;0;1
SEVIK;76;18.3.1961;65;11
SUNKARE;35;22.9.1950;0;35
SEVGET;2;28.9.1950;2;0
NECLET;74;28.12.1968;72;2
CEVADE;22;2.6.1953;0;22
SELAHIDDIN;332;27.11.1954;332;0
HIDASIYE;3;8.11.1962;0;3
NEZUK;131;15.8.1965;0;131
ZELVISAN;88;15.9.1956;0;88
YESILAY;68;15.6.1976;2;66
SUNGAR;12;12.6.1949;4;8
SEFRIKA;1;21.9.1957;0;1
FIRDASIYE;6;6.3.1963;0;6
KERAMI;217;30.4.1969;217;0
SELAHITDIN;44;10.5.1960;44;0
AKGULE;1;7.6.1937;0;1
REFAITTIN;46;22.3.1960;46;0
BAHIME;2;23.6.1943;0;2
SURUR;93;3.8.1952;32;61
EFKAY;2;21.10.1986;2;0
GUZEY;44;6.2.1963;5;39
INZULE;10;17.4.1971;0;10
NECMITTIN;716;4.9.1955;716;0
KUZU;14;6.4.1950;14;0
BILADER;2;6.7.1974;2;0
MEMUNE;33;26.10.1963;0;33
MUHTAT;113;10.7.1961;113;0
MAFUZER;1;27.2.1950;0;1
BEYZAN;17;8.3.1965;1;16
ZADEM;12;28.8.1967;0;12
HACA;22;9.8.1945;12;10
SUDIL;2;19.9.1971;0;2
MECMURIYE;13;15.10.1959;0;13
ALISANE;3;12.4.1971;0;3
CEFAIL;46;3.9.1965;6;40
SEVINDIK;68;29.1.1962;48;20
INCIR;23;20.11.1958;0;23
MURTEZIM;47;6.9.1966;9;38
PAKIZAR;72;2.10.1954;0;72
SABRE;35;21.4.1954;0;35
MINNAZ;108;8.1.1961;0;108
HAVASIN;10;21.3.1975;0;10
DURHANIM;595;13.5.1958;0;595
EMUK;8;27.2.1956;0;8
KIRAMI;124;4.12.1959;124;0
SENGUZEL;41;30.1.1970;0;41
SUBAHI;1;2.3.1956;1;0
ZUFIYE;5;9.2.1967;0;5
SUTUDE;8;16.8.1942;0;8
NEBATTIN;13;27.3.1970;13;0
ZELFI;518;4.1.1965;0;518
ISMIHANE;3;3.11.1962;0;3
PELUZAR;14;19.9.1956;0;14
DESTURIYE;1;19.5.1924;0;1
FEHIMIYE;8;6.1.1952;0;8
MAHMULE;25;9.10.1967;0;25
KEMALITTIN;24;5.1.1950;24;0
NERMI;188;18.7.1958;38;150
ALTUNE;61;1.9.1956;0;61
SERVAY;3;21.2.1979;2;1
RODICA;45;16.7.1973;0;45
FIRKE;2;23.12.1974;0;2
HACILE;978;14.6.1962;0;978
TACIYE;75;13.5.1962;0;75
ZERDALI;8;26.12.1967;2;6
ZEYKIRE;56;16.11.1957;0;56
RASIYE;328;3.10.1958;0;328
MUNFER;21;29.8.1963;10;11
NAYAT;29;3.9.1981;3;26
NOKTA;927;23.2.1956;1;926
ZAKAYI;1;19.7.1986;1;0
BERATI;485;29.9.1974;473;12
TAZI;12;26.2.1947;0;12
ALAHADDIN;52;16.6.1964;52;0
HAFUZE;2;12.9.1957;0;2
HAZELI;7;5.8.1950;0;7
NAZIGUL;127;11.1.1966;0;127
SEYFITDIN;22;12.1.1960;22;0
EVVEL;8;2.1.1962;6;2
GULNAMIYE;32;11.10.1968;0;32
DERGUL;32;16.10.1979;0;32
SEAZI;1;16.8.1979;1;0
ZULALI;300;30.4.1957;205;95
GURSEN;601;9.5.1964;40;561
COBAN;28;18.1.1965;28;0
GULIFE;45;14.5.1967;0;45
LALIFER;108;8.10.1960;0;108
HEBIK;2;18.6.1944;0;2
LALEGUL;112;17.5.1970;0;112
VIKTORIYA;87;17.8.1973;0;87
GULSEMAY;3;2.12.1979;0;3
GULFEZA;19;10.5.1963;0;19
PERGIN;8;23.11.1967;0;8
YASARGUL;196;8.12.1966;0;196
GULDUMAN;30;20.1.1972;0;30
ASLICAN;36;22.12.1986;0;36
GULKADEM;111;25.5.1958;0;111
NAVSE;1;24.11.1985;0;1
NERDEGUL;18;18.1.1970;0;18
NEBIYLE;22;11.9.1965;0;22
MEVRAN;4;29.4.1979;2;2
VALENTINA;147;2.8.1972;0;147
APTULLA;21;27.4.1961;21;0
SEMRAYI;1;2.9.1964;0;1
NALIGUL;32;25.4.1956;0;32
HACET;130;8.7.1958;87;43
SANEZ;4;13.2.1966;0;4
BINYAMI;171;21.1.1966;170;1
SEBANUR;155;18.3.1975;0;155
AYTEP;4;13.3.1968;0;4
DAMLANUR;59;9.5.1984;0;59
ZULKADIR;12;20.11.1963;12;0
ELMIHAN;10;18.4.1965;2;8
GULEYFE;4;10.3.1957;0;4
FERMIDE;47;14.11.1963;0;47
ASAR;27;25.5.1962;23;4
AYZER;102;11.1.1969;5;97
FEYME;196;23.1.1963;0;196
KUZIDE;39;23.5.1957;0;39
MAFI;34;30.12.1961;7;27
SAHINDAR;99;13.7.1948;0;99
URSIYE;6;10.11.1953;0;6
SAHSUVAR;71;6.8.1963;66;5
SEHADDIN;5;22.4.1957;5;0
VILTAN;9;25.4.1966;0;9
ERSUNER;2;8.1.1976;2;0
DURANIYE;124;4.4.1965;1;123
CANIBE;110;13.6.1958;0;110
HUDAVER;789;24.12.1961;586;203
REVIYE;22;18.2.1960;0;22
SALTUK;242;7.10.1982;240;2
ZENIHA;11;6.1.1965;0;11
KEKUL;3;23.2.1960;0;3
APDU;2;28.10.1948;2;0
PIYAMI;23;16.6.1963;23;0
VELMA;2;25.3.1975;0;2
GURCINE;3;7.2.1967;0;3
TUKEZBAN;390;25.1.1959;0;390
GURER;110;10.2.1963;99;11
DURKIYE;4;1.4.1962;0;4
NECEATTIN;9;3.1.1963;9;0
NUGMAN;217;4.9.1969;217;0
MUFTU;66;17.5.1961;66;0
LEYHAN;44;23.11.1968;3;41
NEHRI;40;3.4.1965;28;12
SEVRAL;2;9.11.1983;0;2
SARIC;2;21.7.1949;0;2
SEYFETDIN;111;16.8.1962;111;0
ICMEN;2;4.12.1977;0;2
HIZAL;10;17.12.1965;3;7
OZDEGUL;5;12.10.1980;0;5
SAHSEVER;32;1.3.1966;28;4
IMMAHAN;362;7.8.1960;0;362
TUKEZ;742;22.12.1959;0;742
CEPBAR;5;13.9.1964;5;0
FIKNUR;2;6.9.1980;1;1
SEKERIYE;77;22.2.1964;0;77
FERAMI;102;29.11.1970;102;0
NEVSIN;123;10.3.1970;3;120
AFKAN;30;9.1.1977;30;0
MENEVIS;10;29.11.1965;0;10
UCAR;138;15.6.1966;130;8
DURSILE;2;22.3.1973;0;2
GULANIYE;2;8.12.1973;0;2
SEMINOR;1;2.2.1951;0;1
GULDAY;16;29.1.1979;2;14
GULFAM;13;25.11.1972;0;13
PEVRIM;12;5.6.1975;0;12
ZULHAN;76;25.2.1968;21;55
BARIK;35;2.9.1962;34;1
BAHTUR;1;26.9.1983;1;0
SUMEYYEH;2;7.5.1977;0;2
SALAETTIN;12;22.11.1947;12;0
ZEKAVET;358;7.4.1955;16;342
MURTAZ;90;10.3.1962;89;1
NEVISE;62;13.9.1964;0;62
SEYFIT;3;8.9.1962;3;0
NURIDE;39;30.6.1965;0;39
ICMAL;6;21.3.1962;1;5
ZERNIGUL;1;22.7.1937;0;1
NUROL;475;3.8.1971;356;119
SAHSUVER;41;23.12.1963;39;2
BILGENUR;97;14.5.1982;0;97
SALICE;672;27.3.1954;0;672
SEHITTIN;21;16.8.1961;21;0
SERAFITTIN;27;3.2.1953;27;0
SEVLA;182;4.11.1972;0;182
SELACETTIN;6;23.6.1962;6;0
OZGENUR;110;21.6.1989;0;110
AYSIGUL;2;14.10.1977;0;2
METECAN;23;30.6.1986;23;0
PINNAZ;13;8.3.1962;0;13
EZGINUR;11;17.8.1990;0;11
NIKAT;12;30.10.1961;2;10
REFAATTIN;14;27.3.1968;14;0
CEMALIFE;18;6.4.1956;0;18
EFSAN;32;17.8.1968;7;25
SEHIME;1053;21.1.1956;0;1053
EMRUL;28;22.8.1969;23;5
MESKUDE;5;21.6.1959;0;5
MESEGUL;2;11.9.1963;0;2
GULEMEN;15;1.3.1958;0;15
ZELIYE;90;17.1.1961;0;90
FAAT;25;22.5.1960;25;0
SERTHAN;18;6.8.1980;18;0
ZENIBE;62;5.12.1960;0;62
NIHADE;175;14.2.1953;0;175
MAHMUTIYE;1;2.3.1957;0;1
TUZIN;82;13.5.1966;0;82
NOKDA;6;24.6.1961;0;6
GULHAM;1;12.3.1950;0;1
MULUFER;58;4.4.1969;0;58
BENEVSE;119;22.4.1950;0;119
SAPRIYE;70;19.10.1959;0;70
TEFIDE;570;11.12.1958;0;570
NURSIDIYE;10;23.2.1964;0;10
NUTFI;38;14.11.1960;38;0
ZELVI;105;21.3.1957;1;104
BAKIZE;142;24.1.1958;0;142
SERAMET;5;29.6.1968;5;0
NADIRN;1;17.3.1960;0;1
ENVEL;5;19.5.1961;2;3
MUSAVVAT;12;30.9.1964;2;10
NIGARIYE;4;9.10.1949;0;4
NURUL;41;9.4.1974;29;12
HAYRITDIN;8;17.9.1956;8;0
ISFENDIYAR;231;6.8.1960;230;1
MURSUDIYE;16;23.1.1960;0;16
ZULHAK;1;11.6.1983;1;0
ZUCACE;1;17.2.1966;0;1
SEFIDE;91;3.5.1958;0;91
CINADI;1;15.5.1973;0;1
NISIME;1;12.2.1971;0;1
TANEL;77;14.9.1971;66;11
CEMAFIYE;2;17.12.1969;0;2
RUSUDIYE;1;7.7.1970;0;1
BURAN;51;19.4.1967;46;5
HURIK;4;4.3.1956;0;4
NERIYA;1;3.10.1988;0;1
APDI;121;20.8.1960;121;0
NEJMITTIN;21;10.2.1965;21;0
MABUDE;16;14.8.1966;0;16
SIDDIKAR;1;1.6.1973;0;1
MECURE;6;24.5.1975;0;6
KAHRIMAN;436;2.5.1952;427;9
MEKSUT;122;16.3.1965;122;0
SAHISA;1;26.8.1972;0;1
ZEKABI;6;19.10.1962;6;0
BIRKIZ;40;20.8.1970;0;40
SAHZENE;235;20.6.1955;0;235
NEHURE;5;6.6.1970;0;5
HACEL;118;16.6.1969;1;117
YESINE;2;9.9.1962;0;2
DOKME;44;2.5.1963;0;44
MUHASIN;9;10.6.1960;5;4
FEYIZA;9;19.10.1980;0;9
TURKEZ;8;30.10.1960;1;7
HAVAYIS;3;20.8.1950;0;3
GULCEHRE;675;16.6.1961;0;675
PAYAMI;4;22.1.1959;2;2
HAVAIS;1;27.2.1974;0;1
GURSAN;212;27.1.1971;149;63
HUSNIYA;7;23.3.1968;0;7
SITTIGA;10;4.3.1960;0;10
MEMUK;11;24.1.1954;10;1
ASGIN;30;15.11.1970;24;6
LEBAHAT;16;23.11.1963;0;16
ALAHITTIN;203;3.12.1962;203;0
MEDINIYE;11;2.12.1969;0;11
ARKADAS;32;8.9.1980;29;3
RAHSEN;25;25.7.1979;0;25
NUHIL;6;28.1.1965;6;0
HUSAMIDDIN;21;25.4.1957;21;0
GURNUR;30;14.1.1965;2;28
ALAYITTIN;84;15.5.1963;84;0
FERDANIYE;222;30.6.1957;0;222
NUFIL;21;29.9.1960;20;1
BATIYAR;4;27.8.1970;2;2
NURSELI;137;24.2.1969;3;134
ZUBEYLA;14;11.6.1965;0;14
REFAKET;26;27.1.1962;1;25
SELAYE;1;2.2.1969;1;0
GENCBEY;1;22.2.1967;1;0
MAVIGUL;201;11.9.1965;0;201
MEYRAM;480;24.10.1966;0;480
SIRBAN;3;23.8.1967;0;3
ILVENUR;1;22.2.1991;0;1
NEFIGE;6;30.5.1955;0;6
SAHIGUL;78;9.6.1961;0;78
LAHURI;16;4.12.1961;0;16
SABIKE;36;1.11.1965;0;36
MUASIN;2;4.9.1972;2;0
SARIKA;45;21.1.1953;1;44
GUNGUL;54;13.7.1963;1;53
CEZMITTIN;1;28.4.1950;1;0
DANE;101;17.6.1970;1;100
LEHURE;7;27.3.1959;0;7
GUCUK;9;21.3.1942;7;2
NEMINE;9;19.2.1959;0;9
DUNDU;18;26.4.1960;0;18
CEMALIDDIN;17;22.11.1957;17;0
MAFIZER;21;25.3.1962;0;21
SEHRIZ;3;6.3.1970;0;3
MUHAZER;2;2.10.1970;0;2
MUHAZZEZ;18;22.11.1966;0;18
MAZER;14;25.3.1957;1;13
MEDIME;13;27.2.1964;0;13
NUGRUL;2;16.10.1984;2;0
VESALET;25;4.7.1960;13;12
GULICAN;81;5.8.1967;43;38
ORAZBIBI;2;29.12.1960;0;2
MEHRABA;2;11.1.1947;0;2
NEVIRE;78;15.11.1956;0;78
IKSANE;18;18.8.1968;0;18
SABAATTIN;26;4.8.1965;26;0
ZARNICHAN;1;16.2.1962;0;1
VESIL;8;9.9.1966;4;4
LANIFER;1;24.3.1955;0;1
SALISAR;79;28.8.1959;0;79
TURSIYE;10;29.3.1953;0;10
ERVE;23;13.12.1962;1;22
ELTUT;1;9.4.1975;1;0
NEVZADE;26;26.7.1947;0;26
HILAMI;6;25.6.1958;6;0
SALISER;46;16.12.1963;0;46
HAVVASIN;2;24.6.1978;0;2
GOGMEN;7;24.1.1960;2;5
NEZRIYE;136;24.6.1965;0;136
HATIK;24;3.3.1958;0;24
IBAZEL;42;20.9.1963;24;18
SEMRIYA;6;29.12.1971;0;6
SUDUDE;3;8.9.1962;0;3
FAFIZE;2;14.9.1950;0;2
EFER;27;10.9.1965;27;0
MERDUM;6;18.6.1949;0;6
BAHAITTIN;176;11.2.1954;176;0
MULKI;58;21.9.1953;19;39
GULBOY;191;8.9.1964;1;190
NEBAHITTIN;5;17.5.1959;5;0
DUKUL;1;6.12.1980;0;1
SEBIHAN;151;4.1.1964;0;151
SUKER;1;8.2.1935;0;1
SEHRUZE;27;21.6.1954;0;27
SELAT;70;8.1.1964;47;23
NEVBER;103;4.5.1950;0;103
NEDAI;86;16.4.1966;86;0
NOVBER;13;15.3.1952;0;13
NURAYDA;13;25.6.1974;0;13
ALAHETTIN;32;10.1.1958;32;0
SIGNEM;109;15.5.1982;0;109
NIZAMITTIN;177;18.10.1957;177;0
ELVARE;2;20.5.1941;0;2
ISILTAN;60;15.7.1978;40;20
YEKCAN;3;11.8.1958;2;1
ULUHAN;87;4.4.1980;84;3
SERRAP;65;21.4.1970;1;64
HALINA;1;2.7.1940;0;1
NESIRI;12;24.1.1960;3;9
RENGINUR;21;16.1.1972;0;21
NAZELI;129;10.4.1961;0;129
SEBASTIAN;3;4.1.1987;3;0
TUGBERK;220;16.6.1987;215;5
AYNURAN;13;22.12.1967;0;13
NIHANSU;1;13.9.1991;0;1
MANUSAK;33;27.3.1944;0;33
MATHIEU;1;3.1.1987;1;0
ERENAY;18;19.3.1981;7;11
SERDUMEN;1;22.2.1958;0;1
TSIRA;4;24.3.1968;0;4
SVITLANA;95;6.11.1973;0;95
BURCAN;50;8.3.1979;15;35
TUNCALP;10;29.5.1968;10;0
IMRAHANE;1;27.2.1968;0;1
BAGIS;99;16.7.1980;86;13
FAYMAN;26;26.11.1955;2;24
BERATIYE;659;7.6.1967;0;659
MARYNA;43;15.2.1975;0;43
BAGLAN;24;13.3.1972;6;18
BILMAN;12;14.7.1954;3;9
GAYHAN;4;12.10.1955;4;0
ESATCAN;4;17.3.1986;4;0
METI;52;7.12.1956;44;8
FAHAM;1;15.5.1974;1;0
MANSUBE;2;7.11.1971;0;2
ALTINAY;485;12.1.1973;111;374
MAKUZE;1;9.2.1965;0;1
MINNUR;40;1.12.1968;5;35
IFAYA;1;23.7.1971;0;1
ZEDAF;1;5.5.1970;0;1
GULBEGEN;5;13.3.1972;0;5
BAGIYE;151;6.6.1970;0;151
SEBAETTIN;38;21.10.1953;38;0
SAMITTIN;277;11.4.1962;277;0
AYZA;10;29.12.1978;0;10
MENESE;11;16.3.1961;0;11
SUMRE;4;13.5.1968;1;3
CELALITTIN;34;11.5.1950;34;0
CEMALIT;1;22.2.1967;1;0
RECAHI;23;27.7.1960;23;0
MINEFER;11;16.12.1965;0;11
SAYNUL;3;6.12.1968;0;3
MELIYE;355;9.4.1960;0;355
MUSAVAT;152;26.4.1960;11;141
ABDULSERVER;1;11.3.1991;1;0
SUNAM;49;11.3.1965;0;49
NEHADE;2;19.9.1942;0;2
NASIYET;8;30.8.1952;0;8
SEYITTIN;5;7.5.1943;5;0
MINIFER;20;29.11.1967;0;20
REFAHITTIN;21;22.8.1963;21;0
KADUN;447;15.4.1954;0;447
TOKAY;192;2.9.1966;188;4
IDALE;1;30.5.1960;0;1
SENDA;181;2.2.1973;1;180
SEREFGUL;18;27.9.1973;0;18
MECIDIYE;252;13.12.1956;0;252
FILIYET;67;29.2.1960;0;67
LYNDA;3;3.9.1959;0;3
ALAETTTIN;1;2.6.1950;1;0
GURKOK;3;11.3.1959;3;0
SEGAH;74;15.9.1985;8;66
GUREDAG;1;17.12.1972;0;1
MAKMUL;2;24.6.1961;0;2
NUVET;2;4.5.1969;0;2
ONURCAN;206;15.2.1989;205;1
HIKMETE;374;17.4.1953;0;374
SEVDENUR;38;22.6.1986;0;38
GELEN;8;2.4.1966;0;8
ALAITDIN;37;14.6.1959;37;0
GULPAMUK;9;1.4.1964;0;9
MAFIDE;91;14.10.1956;0;91
MIHRISAH;33;23.9.1972;1;32
EVLIYAKUL;2;14.1.1960;2;0
VELDA;98;28.8.1973;0;98
GUREDA;1;11.6.1940;0;1
EMIRZER;1;22.10.1990;0;1
SONVER;11;23.11.1976;4;7
SULHI;161;13.6.1958;159;2
NUNUS;62;17.10.1948;0;62
CAGDAN;37;4.4.1983;15;22
SEREL;19;22.12.1985;5;14
ALEHETTIN;2;10.2.1971;2;0
ZELMA;3;22.4.1962;0;3
MUALLIM;9;11.4.1969;9;0
RESAI;117;22.3.1965;117;0
MERGUBE;230;17.8.1956;0;230
CIHANBEY;25;10.1.1964;25;0
BETRIYE;75;9.2.1958;0;75
ELIFNUR;123;14.12.1986;0;123
ENIZ;229;29.1.1979;207;22
SIRINGUL;50;5.5.1973;0;50
ASTRID;5;25.1.1958;0;5
SEFANE;47;8.3.1968;0;47
YENEL;101;24.2.1969;91;10
SELAHI;304;29.7.1964;298;6
GUZER;18;14.2.1959;4;14
KUKUK;38;19.11.1949;0;38
FAZIYE;292;4.9.1959;0;292
GICI;5;8.4.1948;0;5
HUSAMITTIN;90;9.2.1958;90;0
FILIKER;1;18.9.1966;0;1
SEMREHAN;4;25.12.1968;0;4
TECELLIYE;15;3.1.1964;0;15
MUBAREKE;17;2.1.1964;0;17
NURBAY;370;16.4.1970;365;5
TEYFIDE;65;20.2.1959;0;65
BIRICIK;140;15.12.1974;1;139
ARFIYE;58;17.8.1967;0;58
HASBAL;57;3.5.1959;56;1
CANFES;115;13.9.1960;1;114
NEJATI;22;28.3.1960;22;0
EMIRHADI;1;17.4.1966;1;0
YUCENUR;88;3.2.1971;0;88
SEBAHI;238;16.9.1959;114;124
ELVARI;17;28.5.1957;0;17
AYKILE;2;15.10.1977;0;2
NILDEN;106;7.5.1981;0;106
ZUFRE;131;23.11.1965;0;131
HURMIS;15;30.3.1958;0;15
ERDUGAN;128;6.4.1956;127;1
ZURIYET;358;19.1.1956;3;355
ILKCAN;163;29.7.1982;77;86
LEBIYE;33;24.11.1958;0;33
EMANULLAH;30;23.8.1972;30;0
OLCAYCAN;1;17.5.1990;1;0
FIKRIYEGUL;2;4.10.1943;0;2
GURSAL;35;22.9.1967;34;1
GIOULBENIZ;1;28.6.1955;0;1
JENICA;3;25.7.1979;0;3
NERVIZ;3;26.9.1954;0;3
GENCEL;46;5.1.1974;43;3
MAHZAR;27;1.7.1960;26;1
NEZIYET;70;8.11.1965;0;70
EVSIN;30;10.2.1977;9;21
NAKIHAN;244;3.9.1967;1;243
NIAL;22;25.2.1968;0;22
REGAIB;68;27.6.1983;65;3
DELLE;503;6.6.1965;0;503
SAIYME;3;22.7.1961;0;3
ZARURE;4;17.4.1962;0;4
SEIT;63;27.7.1960;63;0
GULHOS;6;11.5.1957;0;6
ABDULHAMDI;2;26.8.1955;2;0
SETIYE;6;27.8.1953;0;6
CEVZE;7;10.9.1963;0;7
GULEREN;368;12.5.1961;0;368
KERME;154;8.8.1953;0;154
ZUREYHA;50;25.8.1972;0;50
SAKIRBEY;1;22.9.1961;1;0
NAKIFE;119;13.4.1957;0;119
YUNUSNUR;1;7.7.1977;1;0
YILDIZAY;38;29.1.1974;2;36
DURDAGUL;36;24.6.1958;0;36
TURGEN;13;28.5.1948;1;12
HATICEGUL;83;10.2.1964;0;83
ZADAN;1;30.10.1980;1;0
ERHAKI;1;2.11.1987;1;0
SAHISMAIL;1057;21.6.1960;1057;0
UNSIYE;162;19.9.1955;0;162
SELATI;11;24.3.1963;11;0
VERONICA;39;28.5.1974;0;39
NEBIBE;1061;16.3.1957;0;1061
MELLIYE;3;18.7.1935;0;3
SUMERHA;1;29.12.1985;0;1
SEVIC;113;14.1.1968;4;109
SEFATI;13;24.8.1966;11;2
TAKTIR;9;20.3.1978;4;5
UMRET;4;8.7.1980;2;2
DILDARE;117;13.4.1959;0;117
NAKIBE;59;21.12.1956;0;59
RUHGUL;17;10.3.1961;0;17
TAMASHA;3;13.12.1962;0;3
SEMRANUR;11;27.7.1976;0;11
SELAYITTIN;26;19.11.1958;26;0
CEZMUREN;1;7.4.1958;0;1
ZINNURE;116;21.9.1960;1;115
TANCA;15;28.2.1969;5;10
SEVDIYA;22;13.3.1965;0;22
NECBETTIN;93;14.1.1960;93;0
MERTOL;155;29.9.1973;155;0
ZULCELAL;19;15.12.1965;18;1
CESITAN;1;16.2.1985;1;0
LAHURE;7;3.1.1969;0;7
CABIL;47;10.7.1965;47;0
SEBAYITTIN;29;14.11.1960;29;0
HAVACAN;77;11.5.1969;0;77
SEMHA;25;27.6.1963;0;25
GADIR;93;27.12.1965;93;0
ANIA;1;27.11.1970;0;1
BENOYSE;8;26.8.1951;0;8
KUMRA;13;13.6.1972;0;13
REFAIDDIN;8;18.1.1952;8;0
LIANA;47;7.11.1975;0;47
AHMETCAN;110;13.10.1977;110;0
NURGIYE;7;24.6.1966;0;7
MAVILE;73;16.12.1960;0;73
GULBADEM;58;17.8.1964;0;58
ERDA;66;7.8.1982;32;34
MUTLUCAN;60;21.10.1982;52;8
SABIHAN;62;23.5.1964;1;61
FERIZON;4;26.12.1959;0;4
MELIKER;1;16.12.1970;0;1
BIRZER;1;21.10.1982;0;1
MUSUKA;45;2.10.1957;0;45
MUCAHITTIN;92;12.8.1966;92;0
LEHURI;5;10.6.1953;0;5
GULSAYIN;4;27.8.1955;0;4
EMRECAN;194;19.10.1988;193;1
SEZGUZEL;1;19.10.1979;0;1
ADELYA;3;4.2.1982;0;3
DILANUR;23;4.4.1990;0;23
FERIKA;107;20.6.1957;0;107
TANIA;19;10.4.1970;0;19
FATMATUZZEHRA;122;14.8.1958;0;122
NIGER;295;9.2.1966;0;295
TEMAL;3;3.7.1953;3;0
CUNAYIT;4;9.1.1968;4;0
ALBI;8;7.8.1966;8;0
SEDAI;119;10.4.1969;115;4
LIDIA;43;3.9.1967;0;43
LEYUZE;36;2.2.1962;0;36
MUBEYRA;29;27.11.1977;0;29
ZULKARNEYIN;108;20.8.1961;108;0
BEDIHEN;1;6.1.1974;0;1
SOZGUL;16;20.7.1977;0;16
ZIKIYE;4;7.4.1961;0;4
ERTUGRAL;43;1.8.1946;43;0
ZEHURE;216;2.10.1956;0;216
AGIFE;4;19.11.1965;0;4
SEMAHITTIN;1;21.6.1977;1;0
REFII;8;30.11.1963;8;0
SEVINCE;29;24.5.1968;0;29
BAHRULLAH;21;9.8.1964;21;0
SERCAY;9;28.4.1983;5;4
GUNNAHAR;40;3.2.1967;0;40
SEYAR;44;29.9.1971;30;14
OKTAN;59;24.4.1970;59;0
GOVCUK;2;9.8.1958;0;2
ZEKERIYYE;52;10.8.1964;52;0
SELVISAN;15;23.8.1960;0;15
BILSER;204;5.3.1963;3;201
ALAYITDIN;3;27.12.1963;3;0
FIRDEVSI;341;19.11.1962;47;294
MUSERIYE;5;7.8.1962;0;5
FARIHTIN;1;26.4.1952;1;0
GULDOVAN;2;29.3.1964;0;2
HUSNUSAN;11;30.4.1961;0;11
ZULFISYE;1;1.6.1961;0;1
VELIME;275;7.1.1970;0;275
SIFANUR;70;15.12.1985;1;69
SWEN;1;1.8.1968;0;1
MIRSAN;9;2.7.1961;5;4
FERAYI;382;12.12.1966;18;364
GULKAM;1;16.7.1969;0;1
YUMURCAK;4;7.10.1976;1;3
SEVGILAY;4;14.1.1978;0;4
SAKIRIYE;48;22.1.1959;0;48
SAMITDIN;10;2.12.1954;10;0
SULUMAN;17;21.7.1961;17;0
ERSU;93;14.10.1978;72;21
YALKIN;67;7.9.1975;63;4
SEHNIZER;1;2.2.1951;0;1
SEVUYE;1;16.10.1973;0;1
TASTAN;517;10.5.1955;436;81
TAYAR;126;6.7.1971;126;0
ZEHNIYE;135;28.2.1954;0;135
ATTRACTA;1;19.4.1951;0;1
BILSAN;13;25.8.1970;1;12
NESSIMA;2;29.11.1970;0;2
PERNUN;2;16.7.1971;0;2
BIRBEN;175;27.11.1972;1;174
EJDAL;3;4.10.1959;0;3
BUHRAN;26;29.1.1962;26;0
CEMAYIL;15;4.1.1962;13;2
SUNNU;161;7.2.1955;3;158
PARISE;4;18.4.1965;0;4
TAYGUN;445;2.11.1988;444;1
GULSON;33;7.11.1973;0;33
TOMLIS;2;17.9.1940;0;2
YIGITHAN;140;13.10.1987;140;0
ZULFIGA;1;22.2.1967;0;1
TUTKUN;34;21.11.1980;29;5
AYSUHAN;38;30.6.1980;1;37
YESIRE;78;4.3.1963;0;78
BERHOL;2;1.6.1965;2;0
OGE;35;4.12.1975;7;28
HUSAMITDIN;5;23.8.1942;5;0
CEVAHIL;4;2.5.1958;1;3
MEHCURE;55;24.4.1943;0;55
FERDALIYE;3;14.11.1951;0;3
NEYRAN;171;21.12.1968;0;171
SEFALIYE;2;22.5.1966;0;2
MINIGUL;4;13.5.1965;0;4
ZULVIYE;30;5.6.1959;0;30
HUMAK;3;26.12.1937;0;3
MIGRAC;9;12.9.1972;4;5
DURKUT;59;21.11.1954;59;0
YESIDE;173;5.11.1962;0;173
RUHSET;83;3.8.1955;10;73
NERCIVAN;194;24.6.1962;10;184
PENPEGUL;77;5.11.1973;0;77
SERKUL;4;1.8.1978;2;2
PEMBEGUL;530;30.5.1974;0;530
CIHADE;15;13.6.1963;0;15
ELVIDA;705;15.2.1960;1;704
BILHI;2;8.6.1956;0;2
SAMES;1;23.10.1985;1;0
FILIYE;14;23.12.1957;0;14
SIVEKAR;100;10.7.1947;0;100
M.YASAR;21;18.10.1954;21;0
TURKIS;12;24.1.1960;4;8
HABIK;27;16.10.1950;0;27
GIYASI;81;22.12.1969;81;0
ULFEM;1;15.10.1956;0;1
CINAN;30;26.10.1959;7;23
FELIZE;3;28.6.1957;0;3
ERDUVAN;71;21.1.1961;71;0
RUBEYDE;170;12.7.1971;0;170
MESCURE;8;19.7.1964;0;8
MUSRIDE;7;23.2.1978;0;7
ALIKOC;8;25.9.1956;8;0
ANIYE;12;10.10.1955;0;12
SAINE;7;17.8.1957;0;7
SADIL;27;1.12.1960;26;1
RACAI;5;17.11.1973;5;0
UMMIN;1;6.7.1942;0;1
MAHFARET;3;23.10.1957;0;3
NEDIFE;121;30.5.1970;0;121
MAYISE;138;29.11.1968;0;138
OZGULEN;9;26.7.1977;2;7
REFAAT;10;8.8.1955;0;10
YUCELEN;14;21.10.1968;7;7
PELIHA;1;23.10.1942;0;1
MUHABER;16;1.6.1953;5;11
ISKIN;67;29.11.1973;7;60
FIKIR;126;8.5.1962;48;78
CIVAR;13;3.6.1958;1;12
YUVABILSEN;1;8.10.1944;0;1
MUSALIYE;103;20.11.1957;0;103
GULSEMIHA;6;8.7.1968;0;6
HAZIK;37;30.9.1945;36;1
NEHAYAT;3;11.2.1951;0;3
CEVHIYE;1;21.11.1957;0;1
BIYAMI;34;26.11.1964;34;0
GULUFET;2;4.7.1963;0;2
HUSREF;114;10.12.1958;113;1
URGEN;16;24.10.1974;6;10
YUNISE;25;1.10.1960;1;24
GULSHAN;7;13.7.1968;0;7
BEYDI;16;3.5.1962;16;0
AHISER;5;11.4.1954;0;5
REFAHAT;40;11.6.1957;0;40
SEBIYAN;36;13.4.1963;0;36
YEYLA;2;11.4.1972;0;2
KUZEYDE;34;7.6.1961;0;34
FIDADEN;1;20.3.1977;0;1
MAHUDE;10;16.6.1961;0;10
HASLISAN;1;4.11.1939;0;1
HABBI;5;29.7.1969;2;3
ZUBIYHA;1;6.10.1962;0;1
NUMET;5;8.12.1970;2;3
SABIL;21;29.3.1977;19;2
SULA;23;27.7.1964;0;23
NECAITTIN;78;28.11.1953;78;0
NAZER;31;15.11.1966;2;29
CELALET;54;27.9.1955;16;38
ZUBEDA;4;25.7.1968;0;4
KARDIYAN;1;27.2.1962;1;0
SAHURA;110;6.2.1963;0;110
ZIYARET;70;27.11.1954;1;69
PEKIN;53;25.2.1961;47;6
HESANA;2;10.2.1954;0;2
MIHNIYER;1;1.4.1943;0;1
CINAY;12;26.12.1974;3;9
UMMINE;2;20.12.1969;0;2
CAMALE;4;11.11.1959;0;4
GULUSDAN;22;25.9.1961;0;22
HIDAYI;29;3.5.1967;24;5
NORITTIN;9;8.12.1958;9;0
ALAIDDIN;662;14.7.1959;662;0
SINAY;142;1.10.1967;28;114
HAYRIDDIN;80;14.5.1956;80;0
ZELCIYAN;1;22.4.1949;0;1
NICATI;13;1.2.1959;13;0
SEIDE;78;3.12.1956;0;78
HUSAMI;17;16.7.1977;17;0
FIKRULAH;1;11.7.1975;1;0
IRAP;8;30.9.1953;0;8
TURKUN;35;25.12.1963;17;18
GJULIZAR;1;23.3.1975;0;1
ELMIRA;190;22.8.1970;0;190
MAYISER;46;24.2.1964;0;46
BELYA;21;12.7.1978;5;16
MAUTAP;1;26.1.1986;0;1
SUBADIYE;5;16.10.1963;0;5
GIRAYHAN;25;17.11.1985;25;0
MECHULE;3;12.2.1967;0;3
MERTAGA;3;4.6.1974;3;0
SENDURAN;38;20.7.1964;28;10
LEBILE;32;19.3.1967;0;32
HIJLAL;12;19.2.1975;0;12
FEGAH;1;16.1.1983;0;1
LAFIYE;5;13.2.1963;0;5
GULDUR;60;30.6.1968;3;57
ADILHAN;43;29.4.1965;34;9
AYTEM;9;22.11.1974;0;9
BADESER;77;22.4.1967;0;77
LIA;34;8.3.1968;0;34
H.DURAN;5;16.10.1956;5;0
DUYAMI;2;24.11.1955;2;0
BILGEAY;5;1.12.1976;1;4
DILEKCAN;9;28.7.1983;0;9
KUNTAY;130;22.5.1980;130;0
CAFERIYE;117;18.2.1951;0;117
TAMILA;24;15.8.1966;0;24
VAHTETTIN;107;13.2.1963;107;0
FAKIHA;17;15.7.1957;0;17
NURLAN;92;9.7.1970;6;86
DADYAN;1;3.7.1976;1;0
DURSUNAY;21;11.6.1976;4;17
MUKAYIR;6;29.8.1970;5;1
KARASI;1;26.9.1961;1;0
HAZERCAN;3;11.4.1990;3;0
VUSALE;19;4.4.1980;0;19
MUNNURE;8;24.12.1971;0;8
ZULYA;33;4.1.1970;0;33
EZHER;50;30.8.1970;19;31
SAHNEM;2;18.1.1973;0;2
INCILA;115;3.3.1956;0;115
SERAFIYE;9;4.10.1958;0;9
GULUMAN;108;22.7.1962;1;107
GENCAGA;602;7.2.1961;602;0
CANDER;16;2.10.1970;2;14
ZULIHA;156;19.3.1961;0;156
HAVADIS;6;15.1.1959;5;1
OZBEY;396;15.1.1971;396;0
SERMINAY;3;23.9.1980;0;3
DUYGUN;52;5.11.1978;17;35
NANEGUL;10;29.6.1970;0;10
NANE;69;22.5.1964;0;69
URUSAN;67;26.8.1960;34;33
YEKDA;89;4.7.1974;69;20
HURBAY;7;25.10.1978;7;0
SEBAIDDIN;11;8.1.1958;11;0
HASIRET;66;20.8.1969;13;53
SUMMANI;667;20.11.1963;665;2
CEFAIR;130;14.1.1967;7;123
YOLCU;352;24.6.1964;345;7
FERAMIL;70;28.3.1962;70;0
AYFAL;5;26.3.1962;0;5
MELEHITTIN;1;24.5.1963;0;1
FERAHI;352;29.4.1961;46;306
HABLIYE;2;4.2.1951;0;2
MUTLAY;43;8.1.1976;30;13
GOLUMAN;1;12.7.1941;0;1
SEFATTIN;28;18.9.1960;28;0
ARMAHAN;51;9.7.1970;15;36
TUGFAN;78;18.10.1978;78;0
NALI;11;19.12.1960;1;10
NUKRETTIN;84;25.12.1961;84;0
MENEGSE;10;9.5.1950;0;10
FEDAKER;64;20.5.1969;48;16
GULMAN;72;6.3.1959;7;65
NEUMAN;1;27.1.1956;0;1
MELEKGUL;13;2.11.1967;0;13
SEDENUR;9;28.10.1966;0;9
ERSUNAR;4;27.8.1969;4;0
GUNNAMIYE;15;4.10.1964;0;15
PERDANE;222;6.5.1959;0;222
SAFINE;94;6.6.1959;0;94
SEDAKET;89;7.9.1957;13;76
COLBEY;13;21.5.1965;13;0
NALIZAR;6;10.8.1939;0;6
DANU;1;9.12.1984;0;1
AKARSU;6;7.1.1964;4;2
SEZAIDDIN;4;2.10.1959;4;0
ZURRIYE;49;13.3.1954;0;49
FERZAIL;4;20.4.1953;4;0
SINAM;30;19.6.1963;1;29
EBRUH;50;17.5.1979;0;50
GULDUVAN;3;5.2.1963;0;3
GOKDAG;11;23.4.1983;11;0
MERCIK;4;20.2.1961;2;2
HAKIKA;70;15.2.1955;0;70
NECAETTIN;265;30.7.1954;265;0
NECATDIN;19;14.6.1961;19;0
GUNNAME;126;28.2.1964;1;125
SAHSEFER;5;30.3.1960;5;0
SERURE;1;23.5.1961;0;1
MORGUL;75;4.5.1970;0;75
YURTAN;19;7.2.1962;2;17
SAHZUVER;8;9.9.1961;8;0
GULDESTI;10;23.2.1965;0;10
NECDA;34;29.7.1963;1;33
NURIDDIN;518;16.2.1955;518;0
YURDAKIN;1;2.10.1981;1;0
HURISEN;49;1.6.1961;0;49
FERDAI;46;10.8.1969;43;3
FIRDEVZ;15;3.2.1967;0;15
ELFIYE;268;22.4.1960;0;268
NIDAYI;227;13.12.1967;224;3
HUVMA;1;27.6.1950;0;1
HATUNCUK;464;15.12.1950;0;464
SEHRIYAR;33;6.1.1956;5;28
SAGIP;77;1.10.1966;77;0
SEHRULLAH;5;6.6.1974;5;0
ZAHIME;22;17.1.1962;0;22
OMRAL;171;19.5.1970;143;28
ISMETARIF;1;27.2.1950;1;0
SERFAN;3;26.8.1988;2;1
RUSIYE;14;2.6.1961;0;14
SAHURIYE;23;24.6.1962;0;23
OVAR;1;22.12.1989;1;0
AYDUN;12;24.6.1966;7;5
NARGUZAR;13;10.2.1960;0;13
MERDANE;426;1.10.1962;10;416
NEVRETTIN;60;27.11.1962;60;0
BELGUZEL;21;22.1.1961;0;21
SERAMI;5;16.5.1979;5;0
HEBILE;8;7.2.1968;0;8
BELGUZARE;7;4.11.1937;0;7
SECILAY;79;9.5.1984;0;79
NETRET;29;12.1.1958;6;23
RUBADIYE;2;9.7.1969;0;2
SALTAN;26;4.2.1963;0;26
ERDANE;39;23.9.1964;2;37
MUJDEHAR;7;22.1.1978;0;7
CEMAFER;137;21.4.1957;7;130
SAHSUFER;1;29.5.1959;1;0
GULFI;24;26.12.1963;5;19
HABIYBE;57;28.7.1965;0;57
MERIYE;267;10.11.1960;0;267
NARIZER;3;17.2.1971;0;3
NALIZER;15;16.4.1963;0;15
NURTAZIYE;1;21.4.1965;0;1
SUNNEFER;1;18.6.1946;0;1
MUSINE;110;8.5.1961;0;110
SEVDANUR;386;23.9.1977;0;386
BAGATTIN;4;5.7.1966;4;0
NURDIYE;58;29.1.1966;0;58
MEZBURE;200;29.6.1951;0;200
SENSIN;19;12.1.1973;2;17
SEMILGAZI;1;11.1.1951;1;0
GULNAFIYE;4;27.11.1975;0;4
MAVINUR;11;19.3.1968;0;11
YAZ;14;2.1.1969;2;12
SAFILE;93;26.8.1959;0;93
GULENGIN;14;13.11.1968;1;13
MEHDURE;4;15.1.1951;0;4
OZDENIZ;26;11.12.1978;23;3
GULVARDI;3;18.4.1968;0;3
SERKAY;25;16.5.1983;20;5
AYFEGUL;4;11.1.1972;0;4
FILDAN;131;16.2.1971;0;131
REBIBE;2;11.1.1951;0;2
GONDONER;1;2.2.1951;0;1
SEVDAYE;1;4.8.1981;0;1
NESEDE;1;27.2.1974;0;1
GENCA;31;8.2.1966;31;0
GOKCAY;64;14.1.1980;40;24
TEVRAD;2;20.8.1960;1;1
ATASEVER;9;14.7.1974;9;0
GULAC;137;14.5.1971;3;134
SENCAY;34;10.4.1973;18;16
TUNZALE;11;20.2.1972;0;11
SULUYHA;1;6.2.1972;0;1
SERCE;8;24.8.1971;0;8
TAHLIYE;51;23.3.1969;1;50
GULNEZUK;2;17.11.1973;0;2
KUPER;10;15.1.1966;0;10
MESDI;6;30.12.1954;5;1
GULACDI;20;4.11.1956;0;20
FIDAI;23;21.8.1959;15;8
FERAIYE;8;8.2.1966;0;8
HABIYE;15;17.4.1970;0;15
SAHZIVER;5;20.5.1955;3;2
SEFINE;785;19.7.1958;0;785
NEFIL;29;13.10.1966;24;5
MUZIYYEN;15;9.5.1964;0;15
KETAI;5;30.1.1954;0;5
GULHANUR;2;30.11.1980;0;2
BADEM;340;25.1.1965;10;330
NEKDAL;1;22.2.1961;0;1
SEYITAL;4;26.10.1981;4;0
MAIGUL;9;24.9.1949;0;9
GULSEVGI;25;23.1.1965;0;25
FERDIN;85;15.10.1972;81;4
MINISE;87;8.10.1965;0;87
SAFURIYE;61;10.4.1961;0;61
CILAY;24;23.5.1977;1;23
ULUVERDI;1;19.8.1981;1;0
NEZAMET;9;7.3.1955;5;4
DURSALIYE;211;7.3.1965;0;211
NEBIA;47;24.10.1965;0;47
ESAMET;32;11.6.1959;4;28
ICDAL;7;9.3.1954;1;6
MEHRIME;14;1.4.1959;0;14
FLORICA;16;20.8.1972;0;16
GULSAHI;62;6.6.1957;0;62
SURIYA;85;6.1.1964;9;76
SAIDEN;3;5.1.1963;0;3
GULTAHI;1;7.8.1934;0;1
EMUR;198;11.8.1961;175;23
FIRAHIYE;1;12.4.1941;0;1
ZULFIZAR;42;3.12.1953;1;41
SEKTA;5;30.12.1949;0;5
DILAZER;15;22.9.1957;2;13
ASGI;4;27.3.1955;4;0
OMURAL;46;17.6.1964;30;16
URSEN;22;16.2.1963;9;13
YUCEHAN;32;30.2.1985;31;1
ZINAIDA;16;11.5.1970;0;16
SUPER;13;25.1.1978;1;12
NATELA;28;3.5.1960;0;28
NURIYAMAN;1;18.2.1950;1;0
ERKURT;19;28.2.1968;19;0
SAYDEN;3;25.8.1963;0;3
SEYRAT;46;10.8.1962;6;40
DURSALE;58;21.7.1965;0;58
SEKDA;4;17.3.1958;0;4
ASLAR;54;19.6.1954;0;54
GULEYHA;44;1.3.1968;0;44
SAFINAN;1;20.4.1942;0;1
ONGUN;132;26.2.1977;114;18
GULSEFIYE;1;8.12.1974;0;1
ASIK;272;30.9.1973;248;24
ONDES;2;10.10.1955;2;0
ZEHRI;93;7.1.1958;9;84
BEHAR;13;19.3.1947;3;10
RAVUT;5;20.11.1953;5;0
SAKIT;9;10.3.1962;8;1
GULNAZLI;82;29.6.1961;0;82
SELAADDIN;90;3.12.1963;90;0
NEMHATUN;42;28.3.1951;0;42
SEDAKAT;344;26.12.1958;8;336
KETAYIN;50;7.4.1960;0;50
SIDDET;14;8.3.1964;12;2
GUZZADE;15;23.4.1965;0;15
VELITDIN;16;23.3.1962;16;0
GULSAYI;4;28.11.1964;0;4
FIDANGUL;13;3.12.1968;0;13
GULBI;6;14.5.1966;1;5
SETGUN;1;12.5.1966;1;0
SEMMA;35;20.11.1955;0;35
SENEN;46;2.10.1964;12;34
VELITTIN;292;23.1.1958;292;0
DURSANE;56;8.10.1963;0;56
MECMURE;35;7.5.1958;0;35
BAHANUR;120;20.2.1984;2;118
SONAL;19;3.1.1969;8;11
KEMALITDIN;2;11.1.1964;2;0
CUMAYETTIN;5;27.5.1966;5;0
NEZAKIYE;11;10.7.1963;0;11
ESEMET;2;16.2.1972;0;2
FEZAI;26;21.8.1968;23;3
SAAT;129;23.10.1950;44;85
TANAR;9;8.6.1964;9;0
CABIRIYE;1;23.12.1949;0;1
VESAYI;9;28.8.1968;9;0
MURU;5;14.9.1955;1;4
YIGITAGA;7;25.12.1970;7;0
AKIZER;2;2.3.1961;0;2
SAZEL;10;8.12.1951;0;10
ATUN;6;5.2.1964;0;6
ERZADE;122;28.9.1962;104;18
TEBESSUM;66;12.12.1983;0;66
ZEYLIYE;3;4.12.1976;0;3
SANLIM;1;1.9.1953;0;1
AHIZAR;120;5.6.1957;0;120
ALTUNAY;162;18.11.1968;43;119
YEPIL;10;3.12.1974;0;10
MUHAC;2;7.9.1978;2;0
KANAYIN;1;14.3.1964;1;0
SANDI;3;7.6.1976;0;3
FIRKADIN;1;30.10.1968;0;1
SANDUM;1;1.7.1952;0;1
CEZARINA;3;24.3.1964;0;3
HACCUK;1;25.4.1963;0;1
SEMIL;41;29.9.1969;29;12
ALAEDTIN;22;2.3.1962;22;0
NERCIN;16;23.7.1968;5;11
GULDONER;33;21.3.1963;0;33
PERINUR;43;22.8.1962;0;43
ZUVER;80;27.1.1962;75;5
PATAK;3;28.8.1962;0;3
GULEFENDI;16;2.3.1973;16;0
SUKRUNAZ;81;5.11.1955;0;81
GULNAZIK;590;1.1.1959;0;590
ZENIVE;1;26.10.1965;0;1
DEREN;190;4.9.1981;19;171
NAZENGUL;574;21.4.1962;0;574
HASIFE;28;17.3.1957;0;28
OZGUNER;37;17.7.1970;33;4
PERTEV;179;7.4.1961;174;5
NIYAMI;9;6.7.1970;9;0
LALIGUL;5;20.1.1945;0;5
VADE;126;25.5.1963;0;126
SAVEDTIN;1;2.11.1975;1;0
TULFIYE;1;21.7.1959;0;1
SEVKINAZ;304;5.10.1957;0;304
SUZUYEN;2;29.5.1966;0;2
NURCAGUL;5;30.3.1978;0;5
HATCUK;1;23.4.1937;0;1
FERITAGA;1;11.12.1975;1;0
ZIYAITTIN;25;9.8.1949;25;0
DURBIYE;9;24.7.1955;0;9
SAYYALE;1;29.6.1944;0;1
NERGIN;118;1.2.1974;18;100
NEVRIN;61;16.8.1968;1;60
SEYFUN;73;18.2.1972;58;15
SEVDAD;1;7.2.1988;1;0
ZULIFE;26;13.1.1955;0;26
SEYYARI;6;12.1.1960;1;5
LEYLIYE;25;5.10.1950;0;25
TALIZAR;1;17.8.1930;0;1
KALBIN;11;9.8.1985;9;2
ENGIZ;49;8.11.1974;48;1
CEFAYIL;15;7.7.1967;0;15
KADERIN;1;9.4.1982;1;0
SEFANUR;499;11.6.1976;3;496
SONFER;4;25.10.1976;2;2
DERYE;22;29.12.1982;0;22
ISAMET;4;6.1.1964;3;1
HAZIREN;4;1.8.1962;4;0
DERKAN;14;21.10.1983;14;0
SEBANE;1;6.5.1966;0;1
GUCCEK;1;13.2.1937;0;1
CEMALIKE;1;29.7.1940;0;1
BADIYE;77;13.7.1961;0;77
FEZAYIL;21;4.10.1960;21;0
ELZADE;5;24.11.1952;2;3
KOFER;5;9.1.1958;0;5
UMUHA;1;7.3.1952;0;1
CEFAT;7;20.4.1968;7;0
SERMIDAL;1;24.3.1981;0;1
NECAHATTIN;63;5.6.1958;63;0
NERVIN;85;24.3.1967;3;82
FERAIL;11;23.2.1959;2;9
MURHADIYE;3;10.6.1984;0;3
OZLIYEN;3;10.1.1986;1;2
LANUFER;4;10.3.1959;0;4
EMRU;30;23.2.1981;9;21
GUZIDIYE;4;10.1.1964;0;4
RUGIDE;1;26.4.1971;0;1
GULDAHAN;10;13.3.1965;0;10
DILEKNUR;17;1.10.1979;0;17
NESIKE;10;1.4.1969;0;10
HAREKET;2;7.5.1968;1;1
EVIS;5;20.2.1962;0;5
SUZIDIL;15;20.1.1972;0;15
HUNKARE;18;21.10.1950;0;18
CEFAYEL;1;6.3.1961;0;1
GULVADE;103;25.2.1959;0;103
FERDAN;281;25.9.1969;81;200
ALFER;55;19.7.1969;14;41
UVIDE;2;11.9.1944;0;2
MUCEYLA;114;17.4.1966;0;114
ZULHAYE;3;28.3.1970;0;3
TUFALE;1;6.1.1951;0;1
OZGUC;99;29.5.1984;97;2
ONCU;277;7.7.1981;220;57
TOYGUN;178;9.1.1980;175;3
ZATUNUR;10;21.7.1957;0;10
KESFINAZ;1;23.12.1952;0;1
SUNGER;11;11.6.1966;1;10
SAFINAS;40;27.6.1954;0;40
GOULMIRA;2;16.8.1974;0;2
KIPRE;6;19.1.1960;0;6
AZNURE;1;12.10.1953;0;1
HIBAL;3;10.9.1978;2;1
VEJNI;7;4.1.1969;7;0
GURSERE;1;23.5.1942;0;1
DURHIYE;1;7.8.1934;0;1
ULPER;61;2.10.1965;4;57
SAZEN;74;1.12.1953;6;68
NUNKARE;1;6.6.1951;0;1
UZEYYIR;53;18.11.1968;53;0
SAHNAL;1;26.8.1978;1;0
KESKIN;266;3.7.1966;240;26
SELE;33;2.6.1957;0;33
LELIMAN;4;14.5.1953;0;4
FIRDOST;13;7.10.1969;0;13
UCOL;1;6.8.1991;1;0
SEBAI;28;24.1.1967;21;7
IFDADI;4;23.1.1955;1;3
MURFIN;1;11.12.1973;0;1
NEZVIYE;4;7.7.1958;0;4
KIYASI;118;9.3.1959;118;0
AYTUR;78;4.12.1972;46;32
SADIRE;64;3.1.1957;0;64
EMREM;47;14.7.1973;29;18
MURCAM;1;1.8.1966;0;1
NURITDIN;53;4.3.1962;53;0
NEZAKER;39;15.2.1963;16;23
CUMAIL;17;14.11.1969;17;0
JUJUNA;4;30.11.1965;0;4
CUMAYIL;9;28.8.1971;8;1
GULZARI;115;12.9.1957;0;115
MUSEFFIYE;1;16.5.1959;0;1
TUNUL;11;19.7.1961;0;11
SEYYAN;42;21.2.1955;1;41
GURDALIYE;2;13.7.1951;0;2
ELAITTIN;5;1.6.1955;5;0
CACER;1;9.12.1934;0;1
ZALIYE;134;10.11.1961;0;134
SEHRAT;65;4.9.1964;8;57
NURCIYEN;6;11.3.1962;0;6
NECAHITTIN;16;27.9.1952;16;0
SUBEYA;1;22.6.1967;0;1
SEBAIT;1;17.5.1954;1;0
MAHMUTALI;19;29.9.1962;19;0
TURKKAN;100;20.4.1963;33;67
TURKANE;7;5.7.1964;0;7
FENZIYE;15;10.10.1962;0;15
YETGUN;17;13.2.1973;7;10
GIBAR;2;30.3.1951;0;2
SUMEN;55;1.5.1970;37;18
OZLUM;3;11.6.1981;0;3
CAIT;88;13.3.1961;88;0
ZUKKIYE;7;26.9.1969;0;7
MUNADI;13;20.4.1961;11;2
LUTFIHAN;4;29.1.1972;2;2
CELALIYE;35;21.11.1964;0;35
ZULFUNACI;1;21.6.1990;1;0
SEFERI;185;14.5.1963;156;29
SELLATIN;2;2.3.1970;2;0
GULUSUN;14;28.1.1966;0;14
EVRAN;169;24.4.1976;140;29
BURSUYE;1;6.3.1973;0;1
GULHAKIYE;3;21.9.1959;0;3
ABDULYASAR;8;17.2.1970;8;0
GULSIDAN;1;21.8.1988;0;1
SALIHAY;1;18.1.1990;1;0
CEHURE;1;15.5.1970;0;1
GURSANI;1;17.2.1948;0;1
LADIYE;25;22.4.1957;0;25
GURSANE;1;2.11.1978;0;1
IZEYIR;4;17.1.1972;4;0
MEFTURE;30;26.12.1953;0;30
MEHSUTE;1;21.2.1957;0;1
BAHISE;433;14.3.1959;0;433
ERYAMAN;12;6.6.1971;12;0
HAKIKI;8;12.9.1966;5;3
YETAR;27;6.8.1959;0;27
MUHAMMEDALI;45;4.5.1983;45;0
UFTADIYE;75;9.10.1949;0;75
NEVSAN;28;26.3.1967;1;27
ZEKKIYE;26;5.3.1963;0;26
BATDIN;1;26.3.1961;1;0
NAFIFE;6;11.1.1958;0;6
ORFAN;19;15.8.1958;19;0
SEFERIYA;17;5.6.1964;1;16
GURCUME;2;30.8.1937;0;2
GOCUK;2;28.11.1971;1;1
ALAHIDDIN;5;2.1.1960;5;0
ERSUNAL;9;12.1.1971;9;0
LALENUR;16;7.4.1974;0;16
VAHDETHAN;2;16.10.1985;1;1
BAHITDIN;18;24.6.1965;18;0
OZCANE;1;9.2.1952;0;1
ALPTURAN;2;12.5.1990;2;0
EHRIME;8;15.12.1963;0;8
GURBEY;79;26.5.1985;78;1
CECILYA;19;9.12.1987;0;19
PEHLULDANE;31;21.8.1960;30;1
AYTURHAN;2;24.8.1967;0;2
NAHIYE;197;4.9.1957;1;196
SEVKILI;7;13.9.1946;0;7
TALIYA;13;16.11.1970;0;13
ZEHAN;4;5.8.1979;1;3
MUSEP;15;18.10.1960;0;15
MUDAHKER;1;12.11.1959;1;0
MELEYKE;17;30.6.1960;0;17
MAGUL;17;4.2.1961;0;17
SELIMAN;146;13.8.1959;41;105
REVIZE;3;8.6.1952;0;3
GURSANIYE;2;16.1.1966;0;2
SEHMIYAR;1;2.2.1951;0;1
GULHEM;37;24.5.1964;0;37
ZEYRIYE;16;13.9.1956;0;16
ZALHE;6;13.3.1962;0;6
RECIYE;149;2.8.1958;0;149
NAGLAN;14;9.11.1965;0;14
SEBAHITDIN;6;23.1.1958;6;0
SAARE;13;16.2.1962;0;13
HASNET;1;7.2.1952;0;1
GULSAMIYE;3;3.11.1963;0;3
LESLIHAN;1;8.6.1983;0;1
GUNNAMI;24;11.1.1967;16;8
FEDAYITTIN;1;14.4.1977;1;0
SADED;35;13.2.1961;5;30
NAZLU;11;26.10.1950;3;8
HAVSE;164;13.5.1964;0;164
NAVISE;3;8.3.1957;0;3
MURSEM;3;5.8.1962;0;3
PASGUL;1;14.12.1938;0;1
BEDIC;4;9.5.1957;2;2
ZEYNITIYE;1;12.2.1971;0;1
ARSUN;32;11.6.1964;17;15
TALISER;2;28.3.1946;0;2
GULDURAN;49;20.10.1962;1;48
GULIHA;9;2.10.1963;0;9
ILK;26;25.4.1975;4;22
GURSIYE;13;7.2.1969;0;13
UYASETTIN;1;9.6.1984;1;0
BADA;2;26.11.1990;0;2
GULCETIN;10;12.12.1964;10;0
NUTGIYE;2;21.9.1952;0;2
BELGUZER;49;16.9.1961;2;47
KUGUK;4;10.4.1953;0;4
MUSGINAZ;14;6.5.1956;0;14
CAHILE;46;7.2.1960;0;46
GULACTIN;1;22.2.1967;0;1
URUFET;10;24.7.1963;8;2
GUNNES;6;15.3.1960;0;6
AHUZE;1;7.5.1942;0;1
SERMI;62;30.6.1962;7;55
MUDAHHER;10;24.10.1963;7;3
NEZIK;101;13.9.1961;3;98
SELAETTIN;84;24.2.1953;84;0
IHRAM;7;21.2.1967;4;3
LEYLIMAN;18;24.12.1963;0;18
MAYGUN;1;19.5.1952;0;1
SIDDIGA;9;21.9.1957;0;9
ZABIKE;2;5.8.1972;0;2
MAVGUL;2;10.3.1982;0;2
FERZANE;156;21.12.1960;0;156
EHLIMAN;210;17.2.1958;131;79
NECDED;29;20.4.1964;29;0
BAHRITTIN;13;24.5.1946;13;0
KUZAN;1;2.4.1945;0;1
SELAYI;47;18.9.1970;40;7
GULTAZZE;1;22.2.1967;0;1
SONUR;61;14.12.1976;3;58
NECIRE;4;28.11.1965;0;4
SEBADDIN;18;21.11.1963;18;0
ZIKRULAH;1;26.3.1982;1;0
MEDAT;73;27.10.1968;66;7
GULAIYE;1;7.6.1964;0;1
NEJDASIYE;1;7.2.1975;0;1
CEVALIYE;19;24.2.1966;0;19
ALIMA;34;21.12.1962;1;33
MAHSAR;68;21.2.1963;68;0
ZENUBE;23;3.9.1956;0;23
SERPILEN;3;9.4.1965;0;3
URGIYE;197;2.12.1963;0;197
KEZIME;14;17.4.1963;0;14
CELEP;17;28.12.1965;16;1
GOKEN;60;13.3.1966;36;24
UMERYA;7;1.8.1980;0;7
ERSANIYE;1;1.11.1966;0;1
ZULKARNEYM;4;3.11.1967;4;0
TUKAY;32;22.6.1968;29;3
YASEMI;58;16.4.1961;5;53
TEZEL;127;17.7.1966;40;87
KIFAYI;1;2.6.1963;0;1
BARISAN;1;2.4.1981;1;0
NIGARE;40;5.5.1950;0;40
MAGULE;3;9.2.1957;0;3
KERIMSADIK;1;21.7.1983;1;0
HUDASIYE;5;8.7.1948;0;5
REFAYITTIN;20;28.3.1964;20;0
SAADED;14;13.10.1973;0;14
MUJDELIFE;31;2.8.1975;0;31
DILBAHAR;16;3.12.1964;0;16
NISAMIYE;1;11.2.1957;0;1
SAHSOVER;1;10.5.1964;1;0
SEYMUNE;2;14.8.1969;0;2
ELLADA;12;29.6.1971;0;12
TALITE;1;22.4.1943;0;1
SEMAYIL;32;20.4.1968;13;19
HUZEYMAN;3;30.8.1973;0;3
RAFIGE;8;7.12.1964;0;8
HULDA;22;21.6.1976;2;20
TECABI;2;3.8.1962;2;0
NECBI;10;16.11.1964;10;0
HAVIDE;40;12.12.1965;0;40
RUFIGE;1;21.4.1959;0;1
MEKSUDIYE;4;30.1.1964;0;4
NEBAIDDIN;1;23.6.1967;1;0
KOREL;99;10.2.1974;95;4
SARINE;6;17.8.1946;0;6
MERMUNE;4;4.10.1962;0;4
RUFIDE;28;24.5.1954;0;28
MUGANNIYE;1;27.2.1968;0;1
PEYKER;118;7.10.1961;6;112
NECAYITTIN;6;17.1.1959;6;0
URKEN;17;15.2.1960;0;17
NUFI;5;12.8.1970;3;2
VURGUN;22;13.7.1979;21;1
IHRAN;5;15.11.1958;1;4
DEMIHA;1;22.8.1931;0;1
TEYAZEL;1;21.6.1977;0;1
HULADIYE;1;2.8.1969;0;1
ZERGULU;2;15.4.1969;0;2
ABDULKENAN;2;20.8.1981;2;0
HULSEN;2;4.1.1978;0;2
BEHRI;80;25.2.1955;69;11
NERCIHAN;47;21.2.1969;1;46
SEKEROSMAN;1;2.8.1933;1;0
MAYIL;148;15.8.1966;148;0
KAFFER;18;30.7.1965;18;0
HULAGI;2;9.7.1975;2;0
RADET;72;3.11.1968;37;35
MEMECAN;1;27.2.1974;1;0
LEFURA;1;27.2.1956;0;1
CEFAETTIN;3;12.11.1961;3;0
SADILMIS;1;27.2.1932;1;0
NECABI;16;5.6.1959;16;0
CEHRE;23;23.2.1956;1;22
EBULHAYIR;10;18.5.1957;10;0
CESARETTIN;136;11.7.1967;136;0
SELANUR;22;1.2.1974;0;22
MUCVEN;1;21.10.1966;0;1
DURSUNMEHMET;2;27.5.1950;2;0
RUKNIYE;15;17.1.1964;0;15
SEBAITTIN;37;19.7.1956;37;0
NECAIL;16;4.6.1958;16;0
MESFIKA;39;11.8.1953;0;39
BAHT;2;18.1.1971;1;1
GURUVELI;1;17.1.1986;1;0
SADIF;17;11.1.1952;4;13
HAFIZALI;1;7.2.1952;1;0
FAHRIDE;2;27.10.1966;0;2
NARKILE;1;7.2.1946;0;1
ZEYHAT;9;20.5.1959;7;2
ETNAN;59;26.12.1959;59;0
HECAYI;2;28.1.1970;2;0
PIRKEN;2;11.10.1958;1;1
DURSINIYE;12;19.8.1967;0;12
CANFER;229;29.1.1965;208;21
MUSVIKA;11;23.7.1954;0;11
REFAHI;8;6.9.1964;7;1
DEMINE;16;27.11.1959;0;16
GULFINDIK;1;16.3.1933;0;1
PEMRA;58;17.1.1977;0;58
SOYAYDIN;2;7.12.1971;1;1
ISMAILHAKKI;70;10.6.1962;70;0
YASEMIL;24;8.6.1962;0;24
GULSADIYE;108;8.11.1960;0;108
SENUR;110;4.5.1970;11;99
FAHIM;21;1.9.1960;21;0
MISVIKA;1;21.3.1941;0;1
BUNYAN;52;25.4.1962;41;11
SEFFA;10;8.2.1972;5;5
YENCAY;1;11.7.1991;1;0
IAMZE;6;25.10.1966;0;6
ERCANER;1;11.12.1980;1;0
TURRAN;2;16.7.1932;2;0
DIREM;15;24.1.1985;2;13
GULUNSER;10;7.4.1965;0;10
HIRA;22;21.8.1982;5;17
URFANI;182;14.3.1963;178;4
ERGUVEN;185;2.8.1968;180;5
MENTESE;63;30.9.1948;1;62
BENGUSU;27;4.1.1983;0;27
NUSIRET;3;25.8.1971;2;1
GULDENER;8;15.7.1980;0;8
OZDINC;37;16.5.1974;37;0
ZURRIYET;47;25.7.1957;0;47
PAMBUK;241;30.5.1958;0;241
MACIZ;6;15.1.1942;0;6
HEDIKA;40;30.11.1963;0;40
AGABEY;406;20.1.1954;403;3
AYBAR;62;27.8.1966;58;4
BILTEKIN;15;27.3.1968;15;0
ESGONUL;1;2.6.1968;0;1
EFLATTIN;3;29.6.1954;3;0
HASBAY;3;8.4.1959;3;0
NURDEM;99;6.12.1975;10;89
MUCDEM;1;22.9.1937;0;1
HASIRETTIN;3;15.4.1960;3;0
FERDAGUL;23;11.10.1976;0;23
NAZILA;25;24.3.1964;0;25
DUFDER;1;1.6.1955;0;1
IZNULLAH;41;1.8.1956;40;1
DARBAS;4;2.12.1964;4;0
SAHISLIM;3;24.7.1945;0;3
ZEYFIDDIN;1;14.4.1954;1;0
MUSAGUL;2;21.12.1972;0;2
ERGUNAY;36;6.2.1971;31;5
MECNUNE;25;8.8.1957;0;25
NEZEL;47;21.11.1961;0;47
NAYIP;25;26.10.1962;25;0
KATIPE;3;16.9.1966;0;3
GULZADIYE;21;4.5.1961;0;21
GULSAHIN;76;15.2.1960;7;69
SONTEK;1;27.6.1978;1;0
UNVERSIN;1;19.4.1986;1;0
AHSER;4;23.9.1961;0;4
NARENDE;1;14.4.1907;0;1
OVUL;57;1.10.1979;19;38
MEHRUBE;10;15.4.1969;0;10
MUKAYET;6;28.1.1960;4;2
HUAT;2;29.4.1968;2;0
HASRETGUL;5;4.2.1962;0;5
METAL;18;7.11.1972;13;5
GULA;39;17.4.1951;12;27
ILFANI;7;30.8.1960;1;6
GULBEDER;7;15.4.1967;0;7
FERKAN;75;18.3.1981;66;9
BENYAME;1;24.4.1957;1;0
SIRMALI;100;5.10.1962;1;99
OVAI;1;17.11.1960;1;0
HULAKU;2;1.2.1951;2;0
NURHANIYE;54;30.9.1965;0;54
KAZANFER;148;10.3.1963;147;1
NEBAHIDE;2;27.3.1955;0;2
FIKRETE;19;30.12.1949;0;19
BULBIN;29;11.5.1958;0;29
ANIFE;297;4.3.1961;0;297
IGAFET;1;10.5.1974;0;1
MEYMENET;269;21.7.1961;0;269
SABADUN;1;21.4.1954;1;0
NESLAHAN;60;20.11.1968;0;60
TEKMIRE;2;21.1.1954;0;2
EVLUDA;2;13.2.1972;0;2
BEHBUT;2;7.3.1959;2;0
SUZEYYEN;8;24.1.1968;0;8
SUZEYYAN;1;29.7.1944;0;1
NEMAHAT;1;6.7.1939;0;1
SIDGI;16;24.10.1957;15;1
HASBEN;1;12.1.1977;1;0
ILIMAN;72;25.5.1961;0;72
AZIZAGA;1;24.8.1934;1;0
PALLAK;2;10.12.1949;0;2
CAPBAR;20;3.5.1957;20;0
MEHBIBE;4;9.6.1966;0;4
MASUR;18;28.10.1971;18;0
SADENUR;111;13.8.1975;0;111
PELUZE;117;12.1.1953;0;117
AZAMETTIN;39;4.1.1966;39;0
MURTEZE;47;23.1.1961;43;4
SIFAKER;7;2.4.1959;2;5
CEMALETDIN;87;16.5.1959;87;0
BENZIYE;9;2.5.1954;0;9
ZULKADI;1;3.4.1931;0;1
SONERGUN;1;22.12.1982;1;0
YEKDAG;10;26.12.1972;9;1
MESTI;8;1.1.1958;5;3
KONUL;32;6.4.1976;0;32
BUNYAMIL;67;24.10.1964;67;0
ZEKAVETTIN;6;24.3.1966;6;0
GULDONDU;53;26.2.1970;0;53
IHBARIYE;22;15.12.1950;0;22
ZEYFITDIN;1;7.4.1932;1;0
BAFIRE;3;13.11.1946;0;3
MAVIL;23;2.5.1955;7;16
MUSKINAZ;487;2.7.1951;0;487
UZEYIL;5;30.5.1968;5;0
POTAK;28;4.11.1958;0;28
NECIHA;93;20.3.1955;0;93
BEDIRAY;17;10.4.1973;6;11
IKLAMIYE;20;27.9.1958;0;20
SITGI;32;19.4.1961;32;0
MAHUNUR;15;25.4.1959;0;15
MUSTEKIN;6;16.5.1977;5;1
HACIMEMIS;2;26.3.1972;2;0
GUNSEVIL;3;27.5.1956;0;3
MUSALIHA;2;17.7.1939;0;2
NELIMAN;25;21.11.1958;0;25
AYGUZEL;106;22.8.1972;1;105
ZINETI;630;23.6.1952;0;630
GOKSEVIN;2;30.10.1986;1;1
GULHASER;1;27.5.1950;0;1
ZEYKI;6;12.10.1966;6;0
ZENCAFIL;1;9.6.1970;0;1
CEVAR;14;25.1.1950;4;10
DONARIK;1;12.9.1950;0;1
ZEKERRIYYA;17;19.12.1962;17;0
RUBABA;14;19.4.1960;0;14
YARKIN;78;25.8.1982;75;3
RAHMICAN;2;7.1.1988;2;0
BEHAITTIN;7;6.10.1953;7;0
MURSALIYE;7;21.4.1953;0;7
UNUR;33;23.12.1964;26;7
ZUHURI;79;7.4.1958;79;0
MENOSA;2;17.12.1960;0;2
OMRAY;16;11.8.1975;2;14
MUSAVER;26;17.5.1959;5;21
FAHRIMEN;1;23.5.1954;0;1
GIZBES;1;2.4.1972;0;1
TURKYASAR;5;13.5.1952;5;0
EVRE;67;6.5.1976;11;56
CANKAT;250;21.2.1981;241;9
SEBAHNUR;12;30.5.1970;0;12
MINAIA;2;30.1.1973;0;2
LEILA;48;1.5.1967;0;48
ZUMRUHAN;6;17.8.1975;0;6
SENEMNUR;6;8.8.1981;0;6
NUHNACI;35;10.6.1955;35;0
SANZER;15;6.11.1967;5;10
NESLANI;1;16.4.1969;0;1
SEHSUN;1;19.11.1957;0;1
SEVINAY;111;3.9.1967;0;111
GULLUM;14;11.9.1968;0;14
GULGADEM;5;15.4.1956;0;5
ILGAZ;176;4.5.1974;144;32
NILSEN;103;6.12.1972;0;103
SENESER;39;12.8.1964;1;38
GUNEYEL;1;11.6.1938;0;1
TUGCAN;156;17.4.1984;124;32
MELEKSEN;60;12.2.1971;0;60
ILIMDAR;432;4.7.1963;430;2
HAVICE;5;27.11.1959;0;5
BURGAN;1;13.2.1975;1;0
SEBAHIYE;42;29.6.1962;1;41
BAYKUL;47;15.6.1977;47;0
ERDOST;49;26.7.1985;49;0
REMIHAN;5;16.5.1954;0;5
TASDEMIR;86;10.6.1954;86;0
TAZE;26;26.6.1964;0;26
NATALI;172;23.6.1982;0;172
DOGUSCAN;57;11.2.1988;56;1
M.DENIZ;2;8.5.1973;2;0
IMMEHAN;477;5.4.1958;0;477
MULKE;3;20.7.1956;0;3
ERGOR;3;4.1.1957;3;0
BEYDULLAH;59;5.9.1969;58;1
BUMIN;96;27.9.1970;96;0
GULGUL;96;19.3.1963;0;96
SAVURE;37;3.5.1960;0;37
BIRKANT;1;17.7.1976;1;0
SASEDE;33;29.11.1959;0;33
SENIL;63;24.9.1969;1;62
ZEMMIYE;9;23.7.1943;0;9
ELINA;8;10.8.1973;0;8
NAZIKAR;1201;28.1.1959;2;1199
KILAPTAN;19;15.6.1947;0;19
KANUN;37;13.12.1972;33;4
AKSIN;26;4.7.1970;15;11
EKMEL;192;8.8.1966;166;26
MENEKSENUR;2;27.6.1984;0;2
AMALIA;10;22.10.1958;0;10
CIGSE;14;10.10.1990;0;14
BILSEV;40;13.12.1964;3;37
NIGDEM;55;1.8.1982;0;55
MUCALLA;15;2.8.1974;0;15
ZERIYE;56;12.2.1966;0;56
KOZAN;46;9.5.1974;43;3
PIRIL;318;1.12.1978;0;318
KILABDAN;10;12.8.1957;0;10
SEPNEM;59;13.8.1973;0;59
BIRSER;17;26.10.1963;0;17
BEYIT;26;10.7.1967;25;1
BIRGAN;16;8.2.1966;3;13
ZUFERYA;1;12.6.1970;0;1
SELAITTIN;56;29.10.1954;56;0
DOGUBEY;4;17.6.1972;4;0
SEMISTAN;442;22.1.1960;442;0
MEHAZIM;1;4.4.1964;1;0
RAKIM;76;27.7.1959;75;1
LILY;3;30.5.1971;0;3
SALAHITTIN;481;22.5.1951;481;0
OKTEM;119;20.10.1973;114;5
LINARA;1;8.2.1975;0;1
OKSANA;137;29.1.1976;0;137
ZERBAP;306;8.7.1952;0;306
GUNESER;23;10.10.1958;1;22
GILABUDAN;1;6.4.1956;0;1
BESALET;51;11.3.1949;32;19
OYKUN;26;9.6.1981;24;2
NAZLISA;1;2.7.1981;0;1
KURAY;42;18.3.1968;39;3
SINAYE;4;12.6.1951;0;4
ETAR;5;17.9.1970;3;2
EYIBE;2;13.2.1965;0;2
ISGIN;7;13.12.1976;1;6
BORAC;1;15.1.1982;1;0
NIGAHBANK;1;16.7.1955;0;1
SEPIYE;6;24.9.1959;0;6
OLGAN;30;9.5.1977;25;5
SEVGILE;8;27.1.1969;0;8
SAFARE;3;22.1.1959;0;3
ANASTASIA;50;26.6.1965;0;50
CENKER;352;24.2.1980;352;0
ALPIN;56;8.8.1981;37;19
NEBIRE;23;18.6.1955;0;23
MAFIL;12;3.11.1962;12;0
SEYHANGUL;2;23.11.1962;0;2
EMINCAN;34;18.11.1985;34;0
SITKICAN;5;22.9.1984;5;0
OZYAR;9;9.11.1955;4;5
YESEREN;85;26.8.1977;1;84
AKTUG;60;4.1.1977;58;2
METINAY;5;19.8.1970;4;1
AKIFDENIZ;1;11.6.1961;1;0
SADIKHAN;2;23.3.1980;2;0
GULHIZ;68;8.7.1965;0;68
MIKAY;7;17.3.1976;2;5
RABIANUR;6;22.5.1989;0;6
BAKIYENUR;1;12.11.1990;0;1
CAGIL;318;26.12.1985;136;182
MEMDUNE;28;21.9.1951;0;28
URHANIYE;12;20.11.1952;0;12
BERNAR;34;4.9.1974;12;22
ERENCAN;44;28.11.1988;44;0
ECEMNAZ;3;1.5.1991;0;3
AZATIN;2;12.3.1962;1;1
HUSRAM;1;13.10.1934;0;1
NURCIYE;187;3.2.1963;0;187
Y.MEHMET;1;12.6.1959;1;0
HAKICAN;2;22.2.1991;2;0
SUREYLA;36;9.8.1967;0;36
MALA;5;3.4.1957;0;5
YASARTAN;1;12.2.1989;1;0
OLENA;168;12.11.1974;0;168
SAYUNUR;5;13.2.1968;0;5
GULSEVI;91;1.4.1967;0;91
SON;18;14.4.1970;2;16
MUZUYEN;15;20.6.1965;0;15
GULBANU;143;7.6.1977;0;143
YURDER;70;27.11.1969;69;1
A.TURAN;7;4.9.1945;7;0
NURAGUL;14;6.10.1961;0;14
LEMI;258;23.10.1966;256;2
AHAN;6;6.12.1973;5;1
BILKUT;3;4.5.1964;3;0
GULCEL;4;24.12.1966;1;3
MAHPEYKER;51;2.1.1959;0;51
GULNISAN;83;8.10.1957;0;83
AYSELE;4;22.4.1948;0;4
FAIGE;13;14.12.1963;0;13
EMRECEM;2;16.9.1991;2;0
TUCE;249;29.5.1988;0;249
IFKI;1;1.3.1961;1;0
MESDURE;20;4.1.1965;0;20
NURYA;154;21.3.1973;0;154
NARINGUL;461;13.11.1964;0;461
GUNNAZI;16;24.2.1966;0;16
GOPER;1;6.8.1937;0;1
YAKSER;1;11.4.1979;1;0
OKDAY;37;8.2.1970;37;0
FAYIGE;1;15.12.1951;0;1
ILMAHAN;50;13.2.1969;0;50
MURCAN;38;30.1.1967;5;33
HOMAYIN;2;21.7.1962;0;2
CUCEL;2;7.6.1961;1;1
MINEHATUN;30;16.4.1968;0;30
IZDAL;3;21.6.1965;1;2
SENYURT;189;1.3.1968;101;88
BOLCAN;2;10.6.1957;1;1
PARLAK;432;2.8.1954;5;427
ERSAY;123;10.4.1975;118;5
BIRTANEM;15;4.4.1983;0;15
OZLEYEN;9;22.7.1971;0;9
NEZAMITTIN;2;25.8.1969;2;0
ERNIS;11;8.11.1972;4;7
RECEPALI;249;30.4.1965;249;0
HEKABI;2;5.1.1960;2;0
MUSEBBIHE;9;24.2.1953;0;9
ONURAL;41;28.7.1988;41;0
MIRGULAY;1;27.11.1963;0;1
TEVHIBE;1;13.6.1953;0;1
ELVEDAG;19;6.10.1949;0;19
MUJDA;67;14.9.1983;0;67
SEDAAT;11;7.11.1964;6;5
ZULGADI;1;1.10.1973;0;1
SALIHANUR;6;29.10.1982;0;6
MULUFE;22;16.4.1969;0;22
ZINA;7;15.7.1960;0;7
VELIDDIN;78;26.8.1955;78;0
MAHTURE;15;20.1.1948;0;15
SEHVIYE;5;4.5.1946;0;5
ABDULMUMIN;36;5.9.1962;36;0
GURCUN;4;24.6.1966;0;4
SAHBEY;11;30.4.1961;9;2
EKSAN;29;7.10.1964;26;3
TAYFON;14;24.5.1965;13;1
PENBENUR;10;27.9.1969;0;10
SUDAY;53;22.2.1970;6;47
ERTUN;112;19.3.1968;112;0
CANDIGER;7;9.3.1968;0;7
ZELFINAZ;176;29.2.1960;0;176
ALIHA;14;21.12.1961;0;14
SAYGUN;97;11.9.1974;84;13
LADIF;38;27.1.1957;36;2
KHATUNA;15;11.7.1971;0;15
MASUN;20;26.2.1968;18;2
BAHTIM;63;18.5.1980;28;35
RICAYI;29;28.3.1961;29;0
NALIFER;10;2.9.1954;0;10
ZIKIR;8;28.5.1954;6;2
GOKCEL;50;30.7.1967;17;33
BEVZAT;1;11.5.1948;1;0
GUSRET;2;9.2.1967;2;0
SUPUTAY;2;6.9.1967;2;0
GULAG;2;30.10.1962;2;0
ULCAN;26;23.6.1964;5;21
MEFIBE;17;6.12.1975;0;17
GUNEYHA;1;27.8.1956;0;1
ISMUGUL;27;15.3.1959;0;27
EFRUZ;200;8.10.1956;15;185
ORHON;12;1.3.1968;12;0
GULBERI;32;24.7.1964;0;32
NAFER;111;20.7.1969;98;13
SELTAN;11;28.6.1974;6;5
MUVETDET;14;27.7.1951;1;13
GICINI;1;22.2.1955;0;1
IMRANE;155;8.1.1969;0;155
KARADAG;4;19.6.1958;4;0
CEREM;32;8.10.1987;5;27
HAKKICAN;11;25.7.1986;11;0
RUSTIYE;185;27.1.1956;0;185
VECIHI;328;3.4.1959;327;1
EFSANE;87;28.6.1981;3;84
GULBAHCE;75;11.11.1964;0;75
SAHI;98;8.9.1953;45;53
ZIFER;22;7.9.1960;17;5
TEMRAY;1;12.1.1959;0;1
IKRAN;28;29.11.1966;19;9
JOANNA;17;24.10.1966;0;17
DEKAN;9;7.5.1974;9;0
MEJMURE;6;17.5.1970;0;6
MEYHAL;5;19.3.1951;0;5
ISSIL;3;17.5.1961;0;3
FAZILI;4;21.1.1959;3;1
BICAN;236;6.1.1961;191;45
OZET;20;12.11.1960;7;13
SENSES;56;19.3.1965;11;45
SAYIDEN;3;2.10.1973;0;3
SEBAYITDIN;2;24.4.1965;2;0
FEFZI;4;26.11.1965;4;0
DAIM;115;9.10.1967;114;1
GUNSU;110;4.9.1976;4;106
YAZGIN;8;6.5.1984;3;5
ARAS;493;15.5.1983;468;25
HAYRAN;186;27.1.1962;89;97
FERIDI;5;10.9.1974;4;1
MUFITCAN;4;8.6.1979;4;0
FINAL;9;27.12.1973;2;7
SELANI;6;17.9.1972;6;0
VARTUYI;11;27.1.1963;0;11
GUNUSEN;5;19.2.1972;0;5
RAIKA;103;19.6.1957;0;103
LEHIZE;6;11.3.1973;0;6
LIMANE;7;7.8.1958;0;7
MUNACETTIN;40;26.3.1969;40;0
DUYAL;12;16.6.1973;7;5
PERIKAN;4;10.7.1968;0;4
GULDUREN;82;28.10.1958;0;82
GOKDA;2;8.4.1979;2;0
TOLGACAN;23;15.3.1987;23;0
ZENNURI;30;9.7.1955;6;24
SAHANUR;69;24.11.1963;1;68
YEZDAN;114;28.10.1970;18;96
LIPING;1;26.1.1978;0;1
OZRA;9;19.1.1979;0;9
GAMZENUR;58;4.6.1989;0;58
HULAGU;67;19.12.1962;66;1
REKAIP;7;20.4.1967;6;1
CEVIT;17;2.6.1969;17;0
ILTERIS;99;29.3.1979;94;5
MUBEYYIN;25;15.7.1951;4;21
ZERDANUR;1;11.2.1962;0;1
KEMAITTIN;1;24.6.1938;1;0
SENYUZ;19;9.6.1956;2;17
LUVEYDE;10;15.7.1967;0;10
MINEYLA;1;3.3.1969;0;1
OLKUN;36;2.2.1972;36;0
ZULEYDA;4;27.8.1968;0;4
KANIT;5;30.4.1985;5;0
SUHENDEN;2;16.3.1954;0;2
ILGIT;31;26.2.1986;5;26
SERHANDE;1;10.5.1976;0;1
SAMIN;17;9.9.1961;15;2
EMINEGUL;156;6.11.1965;0;156
SERIAT;18;9.8.1970;1;17
KALBIYE;552;10.7.1966;0;552
EMIYE;7;17.9.1958;0;7
BATU;215;3.12.1981;211;4
SERTER;170;13.9.1980;170;0
SEFAHI;17;13.2.1962;9;8
YURDASAN;22;15.1.1963;10;12
OGET;14;29.12.1960;2;12
CANNUR;155;21.7.1975;9;146
NESVIN;4;29.5.1961;1;3
EMRETTIN;61;9.2.1967;61;0
GULUMSUN;14;8.7.1973;0;14
DURDITTIN;3;4.12.1954;3;0
CANDIYER;14;9.11.1969;0;14
LILGUN;9;10.10.1968;0;9
YILDANUR;19;6.6.1962;0;19
MALIME;2;4.5.1962;0;2
ZABAHNUR;1;11.1.1968;0;1
BEYBIN;15;14.2.1977;0;15
SEHIDDIN;4;27.8.1967;4;0
SUBEYLA;24;18.12.1969;0;24
MUCID;4;12.6.1964;4;0
BUSEM;50;18.2.1988;1;49
RUHISEN;47;2.1.1959;8;39
SUHULE;115;4.3.1963;0;115
FERAHSET;1;8.3.1966;1;0
SAHMUS;12;11.5.1973;12;0
ENSAN;3;2.9.1967;2;1
GULENER;12;9.1.1961;6;6
UMRUHAN;19;24.9.1976;0;19
LECLA;12;1.11.1955;0;12
GULHIYE;8;3.10.1956;0;8
CAGLIYAN;100;27.3.1973;57;43
SEVGIGUL;33;28.3.1972;0;33
BIRCIHAN;70;27.5.1968;4;66
KONURALP;65;17.6.1974;65;0
ESMAN;346;20.12.1961;203;143
ELAYI;2;24.4.1966;0;2
FERIMAN;40;10.9.1962;2;38
UMAHAN;2501;15.11.1959;0;2501
AYFUN;26;15.9.1974;12;14
SEGER;4;11.11.1957;0;4
ESMAULHUSNA;2;6.2.1984;0;2
AZADE;206;14.9.1967;1;205
EMNULLAH;1;5.4.1979;1;0
ASLIM;79;18.2.1969;5;74
AKKUL;14;21.7.1954;2;12
HEBIB;48;9.3.1962;48;0
KARAAGA;1;7.4.1939;1;0
NESEN;69;25.4.1966;4;65
KUTFETTIN;303;23.8.1964;303;0
RECAITTIN;2;27.2.1969;2;0
HACINUH;8;9.5.1972;8;0
GONULE;35;7.4.1961;0;35
BERSU;32;21.9.1987;0;32
MULTEM;3;2.11.1975;0;3
ARPASLAN;5;15.12.1978;5;0
ZIYATALI;26;1.1.1954;26;0
NELVAN;2;17.7.1983;0;2
IPAGIYE;1;24.5.1976;0;1
ENGINAY;22;4.7.1973;4;18
SAYMIYE;20;14.6.1960;0;20
TEYFIKE;3;24.7.1959;0;3
HUSAMETDIN;99;12.11.1961;99;0
SAFEHET;1;9.2.1969;0;1
MINEL;189;14.1.1982;6;183
SIHRET;4;21.10.1967;1;3
KADERIYE;11;25.7.1968;0;11
SEVKICAN;9;9.4.1962;2;7
YURDASEN;193;5.11.1959;22;171
NUHIBE;25;19.9.1961;0;25
SALINAY;2;26.4.1979;0;2
HOMAYIL;2;2.2.1945;0;2
SUKUNIYE;1;1.5.1954;0;1
ZENIME;7;21.3.1955;0;7
GADDAFI;4;1.9.1975;4;0
SAVASKAN;65;23.2.1974;65;0
CELASIN;42;10.2.1965;42;0
NURVAN;2;18.8.1972;0;2
AYAN;205;27.6.1964;157;48
ELIDA;13;4.8.1970;0;13
SAHSENIYE;1;22.1.1967;0;1
ILKBAL;76;5.1.1977;7;69
KILAPDAN;5;9.8.1951;0;5
ALTAP;2;20.4.1975;0;2
GOKCIN;165;22.10.1974;61;104
NECLAHA;10;4.10.1954;0;10
SELFIHAN;9;14.5.1978;0;9
ALTUGCAN;1;29.3.1990;1;0
KARLUKHAN;1;5.10.1978;1;0
HUSAMIYE;4;17.10.1961;0;4
HAMIDENUR;4;18.8.1989;0;4
SUKU;1;29.2.1966;1;0
EKREMCAN;5;12.5.1991;5;0
SAMETCAN;4;16.11.1991;4;0
INTISAH;5;15.11.1958;0;5
ZELDA;68;1.8.1961;0;68
MUFIYE;7;6.9.1961;0;7
DINCAY;88;18.9.1975;82;6
MADINE;10;16.9.1963;0;10
OMURLU;396;2.10.1963;185;211
NIZAMIYE;37;23.9.1957;2;35
SAMAYI;2;22.2.1958;0;2
CHORENA;1;19.5.1962;0;1
MUVALLA;2;30.2.1968;0;2
ALAY;461;19.2.1959;460;1
SIRINBEY;2;14.11.1964;2;0
MEHLICAN;10;13.8.1976;0;10
SEVDER;32;8.10.1983;30;2
SECAI;22;30.4.1966;21;1
MEVVA;3;28.6.1972;0;3
CETINKAYA;85;29.2.1947;84;1
DEMOKAN;25;12.1.1982;25;0
TERCAY;2;12.8.1978;0;2
SEVIMAY;31;8.9.1964;0;31
MADONA;7;25.5.1967;0;7
CANSEZER;7;24.7.1960;4;3
MUSEYYA;2;8.10.1957;0;2
KAMILIYE;21;19.1.1960;0;21
BOYSAN;8;27.3.1968;6;2
TUGSAN;105;13.8.1982;103;2
YUCEGUL;6;1.9.1964;0;6
SECIA;21;16.7.1966;0;21
ABDULMUTTELIP;15;29.8.1969;15;0
SENBEY;7;29.7.1971;7;0
NECIDE;75;15.10.1959;0;75
MUZEYYIN;24;29.7.1959;0;24
SIMLA;267;20.2.1981;0;267
KASGAL;4;27.5.1965;0;4
ZULFIHAN;16;30.3.1964;1;15
GULEZ;21;15.10.1964;0;21
TEBERDAR;31;3.2.1963;31;0
INEZA;6;26.11.1964;0;6
SERYAN;40;9.8.1969;5;35
ERDENUR;17;8.3.1969;7;10
ORGIDE;2;26.4.1967;0;2
ZELE;123;8.11.1958;0;123
ZEKAITTIN;1;11.10.1956;1;0
MUSKUNAZ;184;27.12.1958;0;184
AHUZAR;43;25.12.1961;3;40
METAR;1;23.12.1981;0;1
TORGOT;1;18.6.1937;1;0
SOGNUL;1;12.2.1958;0;1
SERIFNAZ;219;16.2.1954;0;219
SEVINDI;5;27.2.1953;4;1
MUKTEBER;24;29.4.1965;0;24
ZEYNETIYE;21;16.8.1955;0;21
KATIBIYE;19;26.8.1964;0;19
FERUHA;38;3.9.1952;0;38
ARFIFE;1;12.2.1965;0;1
GULCIYEN;1;16.5.1970;0;1
ISISANA;1;1.4.1972;0;1
ERGULE;6;2.12.1965;0;6
GULNESRIN;6;5.5.1960;0;6
TALUT;11;20.4.1975;11;0
KLARA;85;22.3.1949;0;85
YUCELAY;7;18.4.1962;2;5
HIDAVER;34;16.12.1962;23;11
SEYFUL;22;19.8.1964;22;0
DAREJAN;13;6.10.1959;0;13
UTKAN;259;18.3.1981;246;13
NEHRIBAR;1;11.12.1969;0;1
ZAFET;26;24.8.1957;10;16
EVCIMEN;14;30.6.1956;1;13
GURANI;42;22.7.1978;42;0
ONDAS;3;12.1.1973;3;0
SEVENGUL;210;21.9.1974;0;210
ZULHUMAN;3;6.11.1966;0;3
NURINISA;109;26.10.1958;0;109
GOKSELIN;28;19.10.1981;9;19
MUHBIR;2;7.10.1944;2;0
NELI;36;12.1.1959;0;36
HEYACAN;11;1.3.1964;3;8
CUMAITTIN;3;26.8.1952;3;0
GALINA;141;24.10.1971;0;141
TUG;9;23.2.1968;5;4
VAHDITTIN;2;5.5.1956;2;0
LUTFER;16;5.1.1961;6;10
MAVIDAN;5;2.4.1957;0;5
MAKKULE;5;11.4.1963;0;5
SAFFINAZ;2;12.3.1953;0;2
MUMTAZE;244;26.10.1953;0;244
ZERNUBE;7;27.8.1947;0;7
SEMIYEN;5;11.11.1964;0;5
MUTTALIF;6;27.8.1972;6;0
MUBASIYE;1;26.4.1991;0;1
TUTU;61;24.10.1945;0;61
KURTBEY;123;12.7.1960;123;0
SUNEL;55;14.7.1965;19;36
SITTIKE;17;12.7.1960;0;17
FATUMATUZZEHRA;15;18.10.1966;0;15
NURBEY;25;28.12.1971;25;0
UZEGIR;4;18.9.1962;4;0
ZUVEYLA;6;27.7.1972;0;6
MALGORZATA;8;11.10.1967;0;8
ABTULAH;2;24.8.1967;2;0
KUTMAN;29;27.6.1973;28;1
RAKIF;54;16.5.1964;54;0
RAZEDDIN;2;20.1.1956;2;0
EYUPCAN;34;3.7.1989;34;0
MUHLIZE;6;30.9.1964;0;6
MUSEPPIYE;1;28.5.1973;0;1
SUZIYEN;3;9.2.1960;0;3
ZOLA;3;23.2.1955;0;3
PIRSEL;4;8.5.1957;0;4
ERZEL;2;9.5.1959;0;2
TURKYILMAZ;57;9.6.1958;57;0
NAFIL;32;10.3.1962;30;2
MAHPER;21;10.2.1962;0;21
MERZUFE;7;22.9.1955;0;7
ONZILE;15;2.5.1962;0;15
REFIGUL;112;6.11.1955;0;112
SEMRAHAT;2;15.8.1980;0;2
UBUZ;1;15.4.1946;0;1
ISBIL;2;5.2.1967;0;2
AYGOL;11;9.11.1970;0;11
NEHRIHAN;1;19.6.1984;0;1
NILGIHAN;8;22.12.1973;0;8
NETZEL;1;6.1.1975;1;0
RIFKAT;8;18.12.1939;0;8
GUCER;29;7.11.1967;23;6
FETEN;17;27.1.1960;0;17
BORATAY;5;5.9.1974;4;1
LETAFET;311;1.11.1951;2;309
YASARHAN;4;5.6.1968;2;2
ISDAL;1;20.6.1958;0;1
MUSEPBIYE;11;28.4.1954;0;11
MUZIYE;33;11.3.1953;0;33
TUNACANSU;1;28.6.1979;0;1
DOGUSER;5;16.1.1986;3;2
ARDAHAN;113;12.1.1979;103;10
IZZED;3;20.3.1954;1;2
SECGUN;35;15.4.1965;11;24
FETTIYE;7;26.12.1964;0;7
SELIYAN;1;22.7.1967;0;1
BILGINAY;15;24.5.1977;6;9
MUGADDES;90;6.1.1966;1;89
MURKAN;3;25.5.1967;1;2
MIRSAD;52;28.4.1980;49;3
BEZZA;3;17.10.1980;0;3
MESARET;43;29.1.1962;0;43
NUFRET;4;4.2.1964;1;3
NUVFER;1;16.7.1958;1;0
SAGBAN;48;13.4.1964;48;0
GULDAT;1;6.10.1977;0;1
MEVRIYE;168;25.6.1957;0;168
EJDAM;1;5.4.1966;1;0
SIRAN;48;19.4.1969;7;41
SEVUM;28;2.10.1965;0;28
SHAKHLO;2;25.10.1978;0;2
MIKEN;1;1.11.1985;0;1
GULUMAY;81;6.8.1964;0;81
GUNDONEM;1;27.6.1965;0;1
MUMINI;2;8.10.1962;1;1
CEVAYIL;7;12.6.1965;1;6
GUNIZ;239;27.3.1971;4;235
DURUL;121;19.6.1977;107;14
GULSEHRI;174;6.12.1955;0;174
ASUMANE;1;6.6.1949;0;1
YAGMEN;14;28.8.1957;14;0
AZIRE;16;17.3.1950;0;16
IMAHAN;302;2.11.1963;0;302
ALARA;39;4.4.1987;0;39
SACITHAN;1;7.4.1987;1;0
TUGBAG;28;3.1.1975;0;28
ERENSOY;26;1.2.1977;26;0
RUHSAT;164;22.1.1952;14;150
NATIA;5;28.7.1982;0;5
NURCAKIR;2;24.5.1976;0;2
AYBAK;2;21.11.1942;1;1
MERIHSAH;2;11.12.1983;1;1
NEZLA;141;30.11.1963;0;141
DURISAF;1;7.5.1946;0;1
GULSENER;37;22.7.1967;1;36
ERHANONAL;1;21.10.1982;1;0
EFESHAN;1;26.1.1983;1;0
NISAR;10;14.3.1963;2;8
MUBARRAH;2;17.1.1960;0;2
MEHTAPNUR;4;9.6.1986;0;4
SEFIGA;67;20.5.1963;0;67
NURDIL;46;1.2.1967;0;46
SATUMAN;21;16.5.1953;0;21
SULELA;1;2.1.1974;0;1
MAHBUKAR;4;5.1.1949;0;4
ZENGI;24;10.1.1962;16;8
HAKDAN;43;17.2.1979;42;1
MUKATTER;204;28.3.1961;34;170
HATIFE;34;22.4.1957;0;34
RAFINE;4;1.12.1956;0;4
FERAHMUZ;12;27.2.1970;12;0
SEZGUN;26;9.1.1966;13;13
MUMLANI;2;10.9.1969;2;0
ALTEMUR;32;15.4.1975;31;1
RAHIKA;22;13.1.1952;0;22
OMURAN;4;9.5.1961;2;2
NALE;55;21.2.1966;0;55
GULDINC;1;13.7.1965;0;1
KIYAMAN;4;20.7.1956;0;4
NAYIT;47;1.4.1964;47;0
NURGAN;58;6.5.1955;2;56
SABAIDDIN;1;22.1.1974;1;0
NESEVER;30;30.9.1958;0;30
SEVLINAZ;34;13.9.1960;0;34
GULAYAN;9;6.9.1967;0;9
YETENCE;17;3.1.1955;0;17
OZGENC;83;9.9.1976;82;1
NULBIN;2;22.3.1975;0;2
MUGATDES;13;24.4.1961;0;13
SADIGUL;41;1.11.1961;3;38
MESSUT;94;19.1.1972;94;0
FEKAAT;1;16.5.1958;0;1
TUNCAT;3;10.11.1958;3;0
PENZIYE;4;5.4.1958;0;4
GULASTI;59;20.2.1964;0;59
GULSEFAK;2;8.5.1976;0;2
POLEN;15;29.6.1987;0;15
MERIYAM;11;5.7.1974;0;11
SEZADDIN;1;12.2.1971;1;0
KATIBENUR;1;23.4.1992;0;1
GUNAYSU;1;7.7.1982;1;0
NERIS;6;15.2.1982;0;6
MUCKAN;11;15.4.1955;0;11
GULHEMDE;1;23.2.1949;0;1
CEMIHAN;13;30.12.1963;1;12
MURABIYE;16;8.5.1955;0;16
ISAGA;1;22.2.1951;1;0
RUKIYENUR;4;24.8.1988;0;4
SOYLUHAN;6;20.2.1982;5;1
DURHANETTIN;7;3.8.1958;7;0
MUHABBED;1;8.3.1976;0;1
MISALI;19;22.5.1963;17;2
EDAT;27;18.2.1976;24;3
HACIHANIM;459;14.11.1962;0;459
AYDUVAN;4;4.8.1960;4;0
MURTEZEM;7;17.3.1975;4;3
NURDEGER;5;28.9.1964;0;5
ZAGIDA;1;7.5.1962;0;1
SEKERE;58;15.11.1952;0;58
ZEFURE;473;21.8.1956;0;473
HERAN;20;24.12.1965;14;6
KARAKIS;1;6.12.1937;0;1
NURATI;4;5.4.1968;4;0
SELYA;22;16.9.1982;0;22
OZTAN;86;1.1.1968;69;17
NEYLAN;172;22.1.1971;7;165
OMERCAN;112;15.8.1988;112;0
UGURSEN;21;21.11.1963;0;21
KANAYIM;3;19.1.1960;3;0
BEDULLAH;1;20.3.1975;1;0
CIGSEM;13;18.9.1987;0;13
DILSAZ;12;21.5.1948;1;11
GOKTUGHAN;4;20.8.1984;4;0
EVIZ;2;2.12.1962;0;2
SHORENA;9;19.7.1975;0;9
SEMRAMIS;42;1.1.1966;0;42
NUSREN;8;1.7.1964;0;8
MUCEVFER;11;25.3.1959;0;11
BEYTINUR;11;24.10.1977;1;10
LUZME;1;17.6.1985;0;1
SEGERIYE;1;11.4.1966;0;1
YASEN;37;17.4.1970;10;27
NURIFER;29;17.8.1953;0;29
MUSIBE;11;7.1.1951;0;11
OZKUDAR;1;19.5.1960;1;0
FUGAT;2;18.2.1971;2;0
PERIMAN;38;1.2.1952;0;38
SUHRET;195;4.9.1953;4;191
HAMLET;10;23.9.1969;5;5
MUALLIME;1;12.6.1929;0;1
TASER;36;3.1.1974;36;0
ERSINE;15;20.10.1970;0;15
UNSAN;2;23.10.1949;1;1
SACID;82;25.3.1976;82;0
MUKSIT;2;8.8.1987;2;0
ETNAY;4;28.5.1964;3;1
MUCGAN;69;5.5.1963;0;69
SEYHITTIN;3;24.8.1932;3;0
TUGLAY;1;26.11.1963;0;1
SEPAT;1;20.5.1980;0;1
KUCUKAGA;63;10.5.1955;63;0
MUKAIDE;1;22.2.1955;0;1
GUVVEN;1;22.2.1979;1;0
NURHET;6;30.3.1963;0;6
ZURUFE;7;8.12.1956;0;7
SONOL;21;18.3.1969;10;11
MUZKAN;21;23.5.1954;0;21
KANTER;3;2.3.1970;2;1
SULEMYA;1;16.9.1977;0;1
YURGOR;1;18.1.1966;1;0
SERVIGUL;1;20.1.1971;0;1
FERYAD;32;19.11.1980;15;17
TEKHAN;4;9.5.1982;3;1
DAMLASU;9;25.8.1989;0;9
SUZEL;22;8.12.1962;0;22
KOREY;8;25.1.1960;6;2
KETAIN;21;4.2.1953;0;21
AYTURK;83;6.12.1971;66;17
NEVRESTE;301;6.10.1955;0;301
NEYYIR;30;9.3.1956;13;17
ZENNISAN;35;2.6.1961;0;35
BANGU;1;30.6.1972;0;1
MELAHATFUNDA;1;7.6.1970;0;1
SANIYAT;5;21.7.1964;0;5
MUAAMMER;1;6.6.1971;1;0
GULDUGAN;4;13.5.1959;1;3
BULGUL;5;6.9.1970;0;5
ULGUR;4;29.1.1961;3;1
SABANALI;95;28.3.1965;95;0
NECMIDDIN;185;15.3.1956;185;0
OGUZCAN;222;25.4.1987;222;0
TOREN;29;11.5.1957;12;17
ISVENDIYAR;4;6.3.1967;4;0
SECIMER;1;2.3.1957;1;0
MELHAN;23;29.4.1959;0;23
UMUTCAN;185;12.12.1988;183;2
NISARE;3;26.9.1952;0;3
HULKU;29;23.5.1959;23;6
HALIZE;89;27.11.1959;0;89
FADISE;2;14.12.984;0;2
FIDAYE;265;13.3.1955;0;265
ZERHAN;49;10.4.1974;10;39
MENUSA;6;26.1.1950;0;6
AFIDAB;2;10.7.1962;0;2
NABIA;14;10.11.1958;0;14
MUBEYYAN;23;19.2.1961;0;23
SECAT;38;21.5.1967;33;5
GULALIYE;1;26.2.1948;0;1
CANTEKIN;242;25.3.1982;241;1
GULLIYA;3;9.6.1945;0;3
BIRDEM;45;14.10.1981;1;44
ULKUCAN;21;27.9.1979;2;19
CAGIN;244;22.12.1985;206;38
OZLENEN;86;3.12.1973;12;74
ULGIYE;53;19.4.1967;0;53
SEREFET;6;27.2.1962;2;4
SAHATTIN;69;8.4.1958;69;0
SEYRA;88;12.9.1979;0;88
SEFFAN;45;11.3.1970;45;0
NAZINE;17;14.10.1958;0;17
SADIT;4;18.10.1948;3;1
ONGOR;4;3.7.1948;3;1
GULTURK;12;10.7.1964;7;5
TEKMIL;293;7.3.1962;9;284
HAKIGE;2;7.2.1973;0;2
FIKREN;76;28.6.1965;6;70
GUZNUR;2;9.1.1981;0;2
BILALETTIN;16;23.9.1969;16;0
ELAMDAR;5;21.8.1962;5;0
SAHMERAN;97;5.8.1960;75;22
INNUR;2;21.5.1975;0;2
EFAKET;20;1.2.1962;0;20
RUHHAN;15;9.12.1970;7;8
GULGIN;39;17.4.1970;8;31
ARDEM;9;28.12.1955;1;8
GULDEGER;25;28.4.1965;0;25
PEKUZAT;1;9.12.1930;0;1
MECALI;7;1.9.1969;6;1
BEHNA;10;25.7.1968;0;10
BURCHAN;45;24.10.1979;44;1
MELAAT;22;7.11.1962;0;22
BIRICIM;35;12.12.1972;0;35
MAKGULE;19;18.10.1960;0;19
NURGULE;24;13.6.1966;0;24
OZLIYAN;1;6.7.1958;0;1
AYTURA;2;7.6.1959;1;1
BENGIL;3;11.8.1972;1;2
BEYHANE;41;1.6.1955;0;41
HEMIYE;14;19.11.1960;0;14
IBAT;82;29.1.1961;81;1
YURTAL;35;15.4.1958;35;0
NERIM;78;22.11.1959;35;43
DUAETTIN;1;16.7.1944;1;0
SEHMI;52;12.6.1960;50;2
SEBANIYE;25;1.2.1968;0;25
VESARI;1;6.1.1972;1;0
GUTAHI;1;7.8.1928;0;1
GUNEN;58;8.2.1956;17;41
ILDER;10;30.7.1970;10;0
LAHIKA;25;8.7.1965;0;25
FADEMI;1;26.2.1971;0;1
HOMAIL;4;29.2.1953;0;4
HUROL;260;5.5.1973;258;2
BELKANT;5;5.1.1977;5;0
HIBAITTIN;1;26.4.1953;1;0
CAFIDAN;8;8.10.1957;0;8
AVSER;6;23.9.1958;0;6
KULSUM;19;8.12.1947;0;19
ELIDE;104;12.12.1959;0;104
RUCAT;1;27.8.1938;0;1
LEBAT;6;29.3.1952;0;6
GUNNAZLI;7;11.10.1960;0;7
ABDULKASIM;78;10.6.1964;78;0
MENOKSA;1;1.10.1945;0;1
ILKAR;50;22.7.1967;27;23
HUMAYI;13;18.5.1956;0;13
KUSSUM;16;21.8.1953;0;16
MIRIDE;4;22.2.1960;0;4
SABANUR;22;8.12.1978;0;22
METAVET;1;21.3.1941;0;1
BILTEN;78;22.9.1974;0;78
SERNAS;6;19.11.1973;0;6
CRISTINA;66;28.11.1977;0;66
TORULAY;1;12.9.1971;0;1
SAFINAZNUR;1;25.12.1991;0;1
CISMINUR;4;1.5.1964;0;4
MAHBUKER;6;22.2.1953;0;6
SUNNA;5;5.3.1955;2;3
AYCETIN;24;14.12.1962;24;0
ILGER;10;15.8.1964;5;5
MINURET;1;1.4.1932;0;1
ZENNIBE;74;15.7.1956;0;74
MUTALIBE;2;28.6.1934;0;2
ALALITTIN;1;22.4.1949;1;0
UNLER;6;17.12.1972;3;3
HACIGUL;45;8.10.1961;21;24
ABDURAMAN;35;10.11.1958;35;0
NURCA;32;19.12.1963;0;32
DURTANE;5;12.4.1956;0;5
LOMAN;91;15.8.1965;90;1
CAFIDE;38;29.6.1964;0;38
SELAMIBEY;1;21.8.1950;1;0
ZIYABEY;6;17.7.1964;6;0
BEHIR;8;11.9.1965;7;1
TEFRIKAN;1;11.11.1979;1;0
NARDIYE;4;4.6.1962;0;4
MENOSE;7;8.9.1964;0;7
CULCAN;1;29.7.1978;0;1
UMIYAN;12;17.11.1961;0;12
RUKNE;1;25.12.1961;0;1
NAZIP;7;3.11.1957;6;1
NULVER;8;2.10.1966;0;8
BAHADTIN;18;16.8.1968;18;0
RUKEYYA;9;20.10.1980;0;9
ABDUS;92;12.1.1967;92;0
NEJMUNE;1;27.3.1950;0;1
NUVEYRA;11;18.3.1952;0;11
TAYHUR;5;28.6.1965;5;0
MERILE;7;13.10.1944;0;7
MUESSEZ;1;4.7.1938;0;1
SENNEL;3;7.1.1963;2;1
POTTAK;1;2.6.1963;0;1
SEBIBE;23;24.3.1964;0;23
TEKINE;13;26.5.1969;0;13
ZEYNETUR;2;15.7.1948;0;2
HAKIKAT;134;17.12.1959;4;130
CEMILENUR;5;24.3.1979;0;5
MEJDI;20;22.7.1963;20;0
NAZIMCAN;5;30.12.1987;5;0
PERRAN;178;27.1.1956;1;177
YILSER;46;21.11.1958;2;44
NAHAT;110;24.7.1956;110;0
EVSEL;78;6.9.1960;35;43
SUBITAY;12;26.10.1971;12;0
EHLIS;1;7.10.1963;1;0
HEDIYENUR;5;6.9.1981;0;5
SEBAYIDDIN;3;16.11.1966;3;0
ERGAN;49;7.7.1966;49;0
PILIK;1;7.4.1964;0;1
EDIYE;59;24.12.1958;0;59
FERDET;2;17.4.1948;1;1
MEYMANAT;1;11.3.1956;0;1
EZELHAN;56;20.11.1959;41;15
AMALYA;6;8.11.1958;0;6
SAHINEZ;21;15.5.1963;0;21
DANI;14;6.8.1975;14;0
MITDAT;7;17.10.1954;7;0
TAYKUR;2;16.11.1967;2;0
FIRDAS;59;16.3.1962;0;59
ZENCAN;23;19.8.1957;0;23
KAMIREN;19;18.4.1963;7;12
FETTI;23;22.9.1954;23;0
GOKSEVER;12;24.9.1977;11;1
BIRAN;154;28.1.1973;46;108
MUTTET;6;28.6.1960;6;0
UMMIGUL;172;19.9.1961;0;172
NURIYA;85;29.3.1964;0;85
CAHITTIN;21;30.4.1955;21;0
HUMAI;1;2.3.1938;0;1
HAMIYYET;216;29.9.1957;0;216
BILGINER;63;8.5.1972;56;7
ABTEKIN;1;21.6.1944;1;0
NURFEN;47;9.1.1966;2;45
MULHINAZ;3;17.6.1951;0;3
GULPENPE;21;27.12.1959;0;21
RIYALET;1;22.8.1931;0;1
MAHMUTCAN;11;8.4.1986;11;0
NEVENT;3;7.3.1974;3;0
SEMIMIYE;2;20.10.1941;0;2
TERANE;29;6.10.1971;0;29
TUGTAC;2;3.11.1979;1;1
GULSADEN;2;4.11.1972;0;2
RASINE;3;24.11.1960;0;3
PERUZAR;8;20.5.1952;0;8
SUCAITTIN;2;20.10.1952;2;0
SELPAY;5;11.1.1984;0;5
FARUL;3;12.8.1970;3;0
YENI;28;19.1.1966;6;22
EMRITTIN;3;8.11.1956;3;0
MINUR;43;7.11.1963;31;12
TUFA;7;12.10.1968;0;7
ERTUNGA;34;9.6.1977;34;0
VEYSELE;3;22.9.1955;0;3
RESADI;6;9.12.1953;5;1
SABIYEN;3;20.6.1954;0;3
RAVUD;1;7.3.1939;1;0
BAY;18;2.6.1945;18;0
KULSEREN;3;11.11.1946;0;3
BEHTULLAH;6;27.5.1966;6;0
ZENCIDE;1;16.10.1945;0;1
YILSEL;2;13.9.1981;0;2
IKLIMIYE;10;20.10.1954;0;10
MUZELLIF;21;17.3.1955;21;0
NAKIS;12;1.12.1956;2;10
KETAYI;7;18.7.1968;0;7
NURTANE;115;12.2.1969;0;115
EYUPAGA;1;14.4.1964;1;0
ATAK;50;23.4.1971;48;2
HAVCAN;1;14.10.1930;0;1
GULUMSEN;23;12.4.1970;0;23
SEFAYIL;5;8.8.1964;2;3
ALEITTIN;7;29.7.1960;7;0
CEVHAIR;9;5.11.1963;0;9
HANUM;60;25.3.1952;0;60
LAYIKE;113;5.4.1969;0;113
NEJAN;9;30.8.1982;2;7
ONURKAN;31;30.11.1984;30;1
SEFRAT;1;1.2.1967;0;1
VEYHAN;4;20.11.1958;0;4
GULADI;6;6.2.1960;1;5
ILHADI;1;30.2.1952;1;0
KITAYI;4;19.6.1968;0;4
HIKABI;2;24.11.1945;2;0
CAGFER;168;4.3.1959;168;0
KULTEN;13;15.1.1949;0;13
HATUNGUL;1;12.12.1959;0;1
YUZRE;1;21.4.1929;0;1
NELLY;12;13.8.1958;0;12
EMINNUR;14;1.1.1964;0;14
CAGLIYE;1;17.6.1972;0;1
HANLAR;101;17.1.1957;100;1
MUGTEBER;14;27.4.1952;0;14
NECAIDDIN;5;20.8.1949;5;0
MUYIBE;4;22.5.1945;0;4
REYHA;39;14.2.1963;16;23
SAULE;16;30.10.1974;0;16
KILABUDAN;1;21.3.1945;0;1
BELUCAN;1;11.4.1957;0;1
GULNADIYE;72;19.11.1961;0;72
HURISE;61;11.12.1960;0;61
ZEHIT;6;27.5.1962;3;3
ERDUN;135;7.7.1965;133;2
HUREYDE;19;10.2.1960;2;17
METICAN;1;3.10.1981;1;0
RATIM;1;9.5.1944;1;0
ARSEVEN;20;2.5.1961;10;10
GULAZAR;5;17.3.1957;0;5
URPER;7;8.12.1961;0;7
AIDA;73;20.6.1971;0;73
MUFEYDA;2;7.3.1967;0;2
TANIN;45;18.3.1972;42;3
SONTEN;13;18.6.1975;0;13
SELVEL;2;25.2.1947;1;1
CAGANUR;2;11.3.1978;0;2
FERKAD;1;15.10.1980;1;0
NURVEN;11;19.6.1972;0;11
SEMAGUL;190;8.2.1974;0;190
TAIFE;46;20.8.1957;0;46
HICABIYE;118;24.8.1952;0;118
ESINER;5;29.1.1967;3;2
HALILULLAH;42;2.8.1972;42;0
AYBIGE;48;10.3.1982;0;48
GULGONUL;9;24.9.1957;0;9
GULVAN;54;3.7.1978;0;54
MECMUA;4;29.11.1958;0;4
RUTVAN;3;3.3.1970;3;0
BERHAM;22;12.8.1976;21;1
ALEYITTIN;3;25.10.1962;3;0
NURHEYLA;1;26.8.1973;0;1
AISEGUL;12;13.1.1971;0;12
GULCIYAN;3;9.10.1966;0;3
IHYANUR;4;17.3.1985;0;4
SADMAN;2;29.3.1956;1;1
AFIDAN;24;12.10.1967;0;24
KALBEN;7;28.2.1986;4;3
INTISA;1;26.4.1946;0;1
SENGIN;12;28.1.1959;6;6
NIMER;21;3.3.1954;1;20
BIGE;185;7.11.1976;1;184
SECIME;18;26.6.1963;0;18
CALISAL;1;1.11.1958;1;0
HUBEYIB;5;3.6.1987;5;0
BIKEN;7;23.4.1973;1;6
SEHAVET;262;23.1.1949;0;262
RIFATCAN;4;24.10.1982;4;0
NURAYAN;80;10.1.1966;1;79
UGURSAN;10;9.4.1980;7;3
NURUNNISA;50;10.10.1963;0;50
OLKAY;52;27.7.1981;50;2
HALIDON;3;24.12.1961;3;0
EBIL;68;28.12.1959;67;1
CEVDETCAN;1;18.2.1992;1;0
MUKANNIYE;1;22.7.1943;0;1
GULLUMEN;1;1.4.1972;0;1
MUTEBERE;26;26.2.1942;0;26
OMURHAN;74;12.7.1977;47;27
SEVDAGA;2;19.8.1971;0;2
MAHSUR;43;3.8.1972;41;2
NERGOZ;2;1.4.1959;0;2
NAMIRE;23;26.8.1954;0;23
MESKUR;5;20.5.1957;2;3
SEYFIMULK;1;12.4.1935;1;0
SUMERAY;82;12.12.1967;0;82
PULYA;4;8.9.1987;0;4
TARIME;1;11.9.1938;0;1
SANSAL;142;16.6.1971;134;8
MESMIDE;1;13.4.1941;0;1
COSAY;14;16.11.1982;11;3
HEDAYET;36;5.10.1964;15;21
SAGARA;1;26.10.1966;0;1
CUMUR;34;13.1.1960;32;2
SATICE;19;25.7.1974;0;19
DURDETTIN;1;2.2.1945;1;0
VETANET;7;30.2.1959;0;7
MUKERREME;368;18.12.1956;0;368
ZHUZHUNA;2;17.11.1961;0;2
EZIMEN;2;22.1.1964;0;2
BARCIN;41;20.1.1978;21;20
MEDUHA;7;12.2.1961;0;7
SABANCAN;3;29.6.1988;3;0
KUTLUHANBILGE;1;29.2.1989;1;0
MUHREDIYE;1;27.10.1938;0;1
SVETLANA;318;23.3.1972;0;318
NERCIYAN;2;18.11.1944;0;2
GULNAFI;2;24.7.1959;0;2
MIRALAY;34;20.12.1966;30;4
OZBERK;23;7.7.1983;23;0
RUKYETE;223;4.7.1976;0;223
NEZLIYE;36;13.6.1959;0;36
MUYITTIN;8;2.5.1960;8;0
RUYAN;39;29.8.1974;13;26
HUVEYLA;74;28.6.1960;0;74
OZKUT;13;28.1.1976;12;1
MEVRIDIYE;1;10.10.1964;0;1
RAFIMA;1;1.5.1938;0;1
GULEHAN;9;29.1.1970;0;9
NURANSEL;2;3.11.1974;0;2
MEHLIKAANIL;1;13.10.1986;0;1
FERDIGUN;1;23.8.1987;1;0
SEMIRHAN;10;26.2.1969;2;8
OZBER;27;18.5.1971;25;2
KILICARSLAN;55;12.3.1969;55;0
MUKATDES;195;28.10.1964;0;195
BULET;34;27.9.1972;33;1
SULIYE;83;23.1.1964;0;83
TOLAY;14;15.3.1968;7;7
RUGUYE;13;1.4.1965;1;12
OZDAGAN;1;15.10.1988;1;0
ALIKEMAL;187;19.11.1970;187;0
CANKATAN;1;8.5.1987;1;0
GARBIZ;11;13.4.1951;11;0
MUSAVIR;4;30.4.1966;2;2
MIRACNUR;1;30.6.1990;0;1
SANIGUL;4;11.7.1954;0;4
PARIZE;6;25.7.1964;0;6
NEDAFET;26;21.9.1956;0;26
EMSALE;16;16.5.1956;0;16
CILDER;1;25.10.1978;0;1
FILDA;3;11.5.1978;0;3
MEVRUDIYE;3;6.1.1952;0;3
GULPUZ;2;3.1.1969;0;2
KEZIK;465;15.3.1954;0;465
URKER;29;18.12.1950;1;28
MEKSUDE;42;8.7.1959;0;42
GULTAS;16;17.9.1975;1;15
KETAYUN;27;29.6.1959;0;27
ATIKAN;17;17.12.1968;13;4
KUYUBE;1;6.5.1941;0;1
HICABETTIN;8;11.5.1965;8;0
CEMAIL;372;1.1.1952;371;1
ZAHTI;2;1.4.1960;2;0
SOYNUR;16;3.3.1970;0;16
NULHAN;2;6.6.1955;0;2
NUHTULLAH;4;6.12.1962;4;0
BAHARIYE;63;4.8.1967;0;63
TESBIRE;82;29.6.1955;0;82
BINZAT;5;3.6.1961;2;3
MUAZZEL;5;14.10.1955;0;5
ANSER;16;15.3.1959;6;10
ESNANUR;1;15.9.1983;0;1
SAYFE;25;22.5.1959;0;25
FERAYIL;4;6.8.1962;0;4
TUREHAN;6;18.6.1965;5;1
RABIFE;1;12.5.1941;0;1
EFKARIYE;2;8.3.1988;0;2
BIRDEN;60;26.7.1971;7;53
FERITTIN;50;10.7.1956;50;0
GUNGOREN;37;6.11.1961;12;25
BAYER;36;30.12.1961;35;1
AZIMKER;1;1.4.1974;1;0
MUBERNA;1;16.10.1976;0;1
SEVINUR;125;14.3.1973;0;125
URKAN;23;29.4.1965;8;15
NUCAY;3;7.5.1970;0;3
SELNUR;161;9.8.1974;1;160
ALEIDDIN;7;18.8.1956;7;0
ILKBAHAR;95;26.2.1969;0;95
CUMAITDIN;1;21.5.1965;1;0
ABDULBAGI;5;28.8.1966;5;0
YURDISEN;62;9.9.1968;7;55
ZITTIYE;2;25.10.1947;0;2
SEBATDIN;14;1.1.1960;14;0
SEYYAT;102;15.11.1967;93;9
NAZMIA;3;19.8.1949;0;3
UFET;10;22.2.1961;0;10
ZUMRU;83;10.5.1958;17;66
MASUMIYE;1;12.2.1971;0;1
SEMIM;17;13.1.1965;7;10
MUHRET;21;10.10.1963;3;18
ZUTDIKE;2;9.3.1953;0;2
SITARE;136;9.5.1963;0;136
YEPELEK;3;25.5.1972;0;3
SUDEM;38;14.8.1979;0;38
ZEZGIN;7;1.10.1970;6;1
SELCIN;67;17.8.1981;13;54
UKRIYE;8;11.11.1953;0;8
AGIF;12;1.8.1967;12;0
SUSAY;8;7.8.1967;1;7
SUZAY;47;18.8.1970;9;38
AYSIL;176;6.6.1970;0;176
GUYNUL;1;28.8.1960;0;1
TEMAY;30;26.5.1970;6;24
TUKAN;6;8.9.1969;4;2
COMALI;2;25.11.1957;2;0
MUZZEYYAN;3;23.12.1965;0;3
MUHSINIYE;19;22.4.1965;0;19
GUFAN;1;16.2.1945;0;1
SERYAM;3;22.6.1960;1;2
ILVE;411;2.11.1958;0;411
MERASE;4;19.5.1945;0;4
FARITTIN;27;11.9.1954;27;0
ZUHDIKE;1;17.2.1938;0;1
DURSUNHATUN;288;26.9.1958;0;288
TAHAN;7;11.10.1977;7;0
CEVDED;19;14.3.1962;19;0
ETNA;4;6.7.1980;0;4
LEGANE;1;21.10.1970;0;1
SEVIGE;5;16.7.1954;0;5
NIZAMITDIN;2;22.7.1955;2;0
GULFUZ;229;8.3.1955;0;229
SUA;48;29.12.1967;20;28
PITANAK;2;19.10.1949;2;0
SABIYA;52;15.2.1963;0;52
BEHRAN;64;2.5.1968;49;15
BAYIDDIN;2;9.9.1954;2;0
PERIYAR;1;3.7.1944;0;1
TEVDE;9;1.7.1961;0;9
NURTAY;14;5.4.1964;9;5
NURASTI;1;11.8.1987;0;1
RUFAN;28;28.6.1967;20;8
KURTAY;33;27.6.1973;31;2
ABTURAHMAN;15;22.4.1959;15;0
ERGIDAR;1;19.8.1971;1;0
ERGUDAR;7;27.10.1971;7;0
MAHGULE;3;5.9.1962;0;3
SAAFET;8;1.8.1958;2;6
FEYYA;2;22.4.1977;0;2
RUKKAT;1;4.4.1949;0;1
HEKSURE;1;1.5.1938;0;1
MUSEBBEYE;1;7.12.1956;0;1
MUJCKAN;1;11.9.1964;0;1
KUFER;4;17.3.1951;0;4
ERDURAN;69;18.6.1961;69;0
KANAIM;1;6.1.1967;1;0
AYSECAN;39;20.7.1977;0;39
TURKSEVER;3;1.8.1978;3;0
GEZBAN;13;25.8.1954;0;13
MUSAPBIYE;1;7.2.1964;0;1
DUYAR;11;19.12.1967;6;5
SEVINCEL;2;17.11.1956;0;2
DEVA;47;8.5.1979;5;42
REMZIE;29;20.10.1970;0;29
PELUL;10;20.10.1964;10;0
BENEK;198;23.6.1974;0;198
FERDAYI;26;1.9.1966;26;0
YURDOGAN;2;14.4.1969;1;1
MURSIYE;16;26.6.1963;0;16
OMMIYE;2;10.2.1946;0;2
DURIYA;9;1.6.1955;0;9
NURTAZE;12;30.5.1979;0;12
SUKNAZ;2;23.9.1982;0;2
SELAEDDIN;18;24.2.1948;18;0
ZURFIYE;2;21.6.1951;0;2
SEVUK;6;7.4.1948;5;1
MECMURA;1;1.8.1949;0;1
CEMAITTIN;1;27.8.1950;1;0
KITAYUN;10;6.9.1951;0;10
PAYIDAR;17;23.10.1964;5;12
ZEMHURE;2;12.4.1958;0;2
AYSEVIN;8;28.4.1974;0;8
DILFUZA;20;9.1.1979;0;20
USREV;7;1.1.1969;7;0
SENDE;15;11.12.1966;2;13
SIVAT;9;16.11.1962;8;1
DARIZHAN;1;10.9.1965;0;1
ILKPINAR;1;25.4.1977;0;1
SARAL;9;24.8.1967;8;1
FERUYE;2;7.8.1957;0;2
PURAN;5;24.1.1966;0;5
MADLENA;2;20.11.1962;0;2
TUGCENAZ;2;22.6.1991;0;2
ARET;244;13.12.1973;243;1
SELVINAS;48;19.10.1960;0;48
BEREN;103;5.9.1987;8;95
YONCAGUL;31;15.2.1983;0;31
MUBERRAH;232;9.1.1957;0;232
HUKUKIYE;1;21.6.1964;0;1
UZEIR;27;12.12.1964;27;0
AFIRE;285;9.2.1962;0;285
ASLIBEY;12;24.6.1968;12;0
SEMUNURI;1;27.5.1971;0;1
EMSARE;29;28.1.1958;0;29
MUNEZZER;55;30.11.1961;1;54
EBAMUSLUM;92;12.8.1967;92;0
NAMZET;32;16.11.1965;14;18
VADISE;1;22.10.1979;0;1
BEKIYE;30;22.3.1953;0;30
CEMIYET;93;1.3.1965;1;92
ZUMRAH;6;2.7.1981;0;6
REFGI;1;27.4.1974;1;0
GULDOGAR;1;11.7.1971;0;1
EVNUR;45;2.2.1968;0;45
YILHAN;3;26.1.1979;3;0
MEPTAP;12;1.8.1983;0;12
JORA;3;6.2.1955;0;3
ZULFIDAN;23;7.6.1969;0;23
HEHIME;1;12.6.1952;0;1
ELHUN;3;10.2.1956;2;1
ZULFETTIN;24;3.9.1958;24;0
SELMANE;16;18.1.1959;0;16
RACIH;6;16.3.1955;6;0
MELIKCAN;11;28.4.1987;11;0
AISER;7;15.2.1945;0;7
DURRUSSEHVAR;1;11.10.1979;0;1
AYKAR;12;8.2.1960;6;6
JALENUR;8;7.7.1969;0;8
MEBRUKE;579;4.5.1958;0;579
GUGULI;3;10.3.1959;0;3
HACIKIZ;516;9.5.1959;0;516
HARIK;4;1.10.1952;3;1
TILA;18;20.2.1981;0;18
IRMA;141;30.11.1960;0;141
SUHOYLA;3;13.3.1955;0;3
ECEMNUR;7;7.3.1991;0;7
AYKUL;25;9.8.1975;14;11
GUNEREN;10;20.7.1959;0;10
GECDOGAN;2;30.11.1959;0;2
KURMAY;11;25.5.1976;11;0
URKEM;1;7.4.1940;0;1
BUSRANUR;63;5.1.1990;0;63
MZIA;23;16.3.1966;0;23
ERZIK;1;21.11.1938;0;1
SERTESEN;1;13.3.1976;1;0
ERMAHAN;102;20.11.1970;4;98
HUDASI;1;26.4.1966;0;1
ANO;33;17.12.1945;0;33
ZELHAP;1;2.2.1957;0;1
SAHISDEN;1;8.4.1988;0;1
FAHRULLAH;50;24.2.1971;50;0
NURTEREN;3;13.1.1963;0;3
SEVA;49;26.5.1976;1;48
ZIYANUR;47;17.11.1960;39;8
MEHPEYKER;7;3.3.1984;0;7
DOLGUN;10;19.1.1971;9;1
EMIRAN;31;2.12.1958;3;28
CEYNUR;48;30.11.1974;4;44
EBRUL;68;15.5.1979;3;65
BILIMSER;17;27.2.1978;0;17
MUTAT;10;10.5.1964;9;1
CAZIP;49;18.10.1961;44;5
SUKREM;4;4.7.1962;1;3
NULLU;1;15.3.1970;0;1
TUDUGUL;2;25.8.1966;0;2
YAMILE;9;27.1.1966;0;9
ZEKIRIYE;7;4.3.1958;3;4
MUHDEBER;8;26.8.1964;0;8
ILADYA;1;16.8.1953;0;1
GOKSAR;6;5.9.1978;6;0
DALCA;11;20.11.1974;2;9
ULUG;47;11.11.1967;45;2
NILIVER;3;22.8.1965;0;3
ANASTASSIA;7;12.8.1973;0;7
NANUK;2;9.12.1971;2;0
MUCIZE;419;23.12.1970;0;419
NIBE;2;29.8.1941;0;2
ABDULKAFI;35;11.1.1965;35;0
NESATI;8;6.11.1954;8;0
LEYLISAN;2;24.10.1964;0;2
MALIGE;5;5.9.1952;0;5
HATIRE;16;7.2.1970;0;16
ACTI;3;26.9.1960;0;3
BIDAL;2;26.4.1968;0;2
OZGAN;55;10.7.1958;31;24
YUSUFE;6;10.3.1957;0;6
INCISEL;43;26.2.1966;0;43
AZMIHAN;1;28.8.1988;1;0
SEDAYIL;13;13.11.1960;12;1
MIRAT;108;21.4.1958;39;69
SEHIMAN;19;3.2.1963;0;19
CAGLANUR;11;15.7.1990;0;11
TERMIN;32;7.2.1968;2;30
KAMIYE;14;17.5.1956;0;14
FIHRIYE;5;10.10.1968;0;5
CEFGAN;1;23.6.1975;1;0
ASRIHAN;5;15.8.1972;0;5
SERGULEN;106;28.10.1973;89;17
YADIKARE;3;17.1.1959;0;3
ERDICAN;9;17.8.1987;7;2
NARGIZA;11;14.6.1973;0;11
YASARCAN;25;11.9.1984;22;3
OGUL;105;25.12.1978;81;24
TURKMAN;42;10.1.1957;7;35
SEVIS;98;30.3.1937;70;28
NASURE;2;6.12.1952;0;2
AKER;19;8.1.1970;19;0
ONDERFAIK;1;2.6.1969;1;0
ILCIHAN;7;20.9.1971;2;5
BENGISU;266;19.1.1985;3;263
NUNUPHAR;1;18.6.1952;0;1
SINAMIYE;3;6.3.1951;0;3
FARUKA;38;1.7.1963;0;38
NIHALE;16;5.12.1961;0;16
AYTEL;42;1.5.1960;2;40
MERGULE;13;16.11.1961;0;13
RUVEYSAH;1;3.1.1969;0;1
HAZEN;24;16.11.1970;1;23
SERNUR;140;22.3.1973;2;138
E.GONUL;1;19.5.1967;0;1
NURSEV;177;25.3.1972;2;175
GOVERCIN;218;28.6.1965;0;218
NILNEHAR;1;8.5.1986;0;1
SERIHAP;1;21.6.1951;0;1
CELALE;61;16.7.1972;0;61
ENNURE;2;22.5.1974;0;2
UTKUCAN;39;17.12.1989;39;0
HAYATIYE;13;24.3.1958;0;13
MENDUKE;1;30.3.1961;0;1
AKSEMSETTIN;21;18.6.1981;21;0
TUTIYE;399;17.3.1954;1;398
SAYFULLAH;4;6.12.1969;4;0
FERMINE;4;21.6.1952;0;4
MANANA;50;28.1.1965;0;50
SEBIGUL;2;9.3.1975;0;2
NURDANNUR;1;22.9.1973;0;1
HURZIYE;6;4.6.1960;0;6
REFAHADDIN;4;10.3.1956;4;0
OLGUNER;15;1.10.1972;15;0
SABAHITTIN;508;7.4.1960;508;0
PEYRUL;5;21.5.1973;4;1
RESIYE;12;6.2.1964;0;12
ZEDELI;49;20.7.1955;0;49
NEVZAN;18;22.11.1957;2;16
SAGZEME;1;10.4.1958;0;1
RUZNE;1;22.4.1931;0;1
ERDEMIR;87;17.5.1968;87;0
NANULI;16;12.10.1956;0;16
MERIHCAN;5;28.5.1984;4;1
BATUGHAN;31;8.3.1987;30;1
MEZRUFE;18;3.11.1946;0;18
BALKIR;32;23.12.1970;22;10
CEZMICAN;1;12.8.1991;1;0
ALTUNA;109;14.8.1960;1;108
BORAY;70;30.10.1979;68;2
BERC;213;8.7.1954;212;1
MUVAHIDE;4;28.4.1946;0;4
TAMARA;276;19.7.1964;0;276
BAYSAR;3;5.1.1966;3;0
KETAUN;5;5.10.1953;0;5
UMMUHANE;28;4.11.1949;0;28
EYRUL;3;2.4.1968;3;0
REFAHATTIN;43;21.9.1958;43;0
BILGUTAY;28;24.3.1970;26;2
SAZUMAN;36;16.7.1966;4;32
VERIM;8;21.1.1976;7;1
KUZUBEY;26;16.5.1961;26;0
NEBIN;7;18.12.1959;4;3
MINER;44;2.12.1964;1;43
EMILIA;21;25.11.1971;0;21
SECKIL;8;9.2.1971;1;7
CEPPAR;3;13.3.1959;3;0
GULASE;8;28.10.1960;0;8
AHISE;2;17.7.1961;0;2
RAHIRE;1;6.2.1962;0;1
SEZGINER;16;7.10.1974;15;1
NESENUR;95;2.11.1969;0;95
RUBEYSA;6;18.4.1975;0;6
PERUZAT;153;1.9.1950;0;153
DOGUL;1;18.6.1947;0;1
MERMINE;3;11.11.1955;0;3
BURCUHAN;23;8.1.1982;5;18
HALISER;21;29.7.1972;0;21
NIFTER;1;21.4.1976;0;1
SUNKARA;1;16.3.1947;0;1
HALISAR;1;16.6.1964;0;1
GUNAMI;1;16.4.1944;1;0
NACIBEY;11;7.12.1951;11;0
NURINNISA;98;5.5.1957;0;98
NANIFER;104;4.2.1965;0;104
SASITTE;1;2.2.1957;0;1
ZEVLISAN;8;29.7.1961;0;8
MAMULE;6;16.3.1940;0;6
ZUBEYYE;3;28.10.1977;0;3
MEDULI;1;14.5.1951;0;1
NULBER;2;18.11.1979;0;2
VARDO;2;15.6.1969;0;2
MALAM;2;7.6.1952;0;2
ZUBEYDIYE;12;10.4.1967;0;12
MUKIME;324;30.2.1952;0;324
DIDENUR;4;16.5.1980;0;4
NURYEN;8;5.4.1958;0;8
NUVEYDE;25;4.2.1962;0;25
TURUYEN;2;4.7.1968;1;1
TEYNUR;20;27.7.1969;1;19
MURSALIN;3;8.12.1968;3;0
NEFURE;8;11.9.1954;0;8
CEVAIL;13;14.9.1966;3;10
KINALI;260;6.3.1959;1;259
MUCIDE;39;17.5.1958;0;39
NAGIYE;29;29.7.1973;0;29
OZDER;110;23.12.1967;74;36
ZULPIYE;3;1.11.1977;0;3
NECEP;16;9.11.1964;13;3
KIBARE;316;15.10.1954;0;316
MAKA;5;3.5.1975;0;5
YUSUFCAN;62;3.4.1988;62;0
INGA;50;12.2.1973;0;50
SAMIYAR;1;20.11.1916;0;1
FEVFIYE;1;9.9.1952;0;1
GULFIZ;97;28.2.1965;0;97
AYNURE;99;11.1.1963;0;99
FEHMURE;1;11.4.1945;0;1
FERUZA;145;3.3.1960;1;144
NEFIM;4;29.10.1964;1;3
HEMIT;46;10.2.1955;46;0
FERMIYE;40;26.10.1952;0;40
OZGURHAN;29;25.1.1983;29;0
AKAGUNDUZ;12;10.8.1945;12;0
NEHAR;144;30.2.1966;44;100
FEYZU;18;29.9.1960;18;0
ZABIDE;46;20.3.1965;0;46
SECAIDDIN;5;25.12.1948;5;0
ADILSAH;113;18.3.1970;8;105
TUNTUL;138;17.12.1949;0;138
HUSEN;108;3.5.1952;105;3
ARTAN;37;10.8.1961;35;2
RICAIL;22;16.6.1959;22;0
ALINAZ;54;12.9.1954;48;6
SEMUDE;86;21.4.1963;0;86
DUMLU;54;27.10.1961;52;2
ERDEGUL;42;2.3.1970;0;42
USAYIT;1;10.6.1973;1;0
MUCAHIDDIN;48;10.10.1962;48;0
DOSKUDA;3;5.4.1948;0;3
VAIDIN;5;25.12.1964;5;0
GULETTIN;22;4.12.1971;22;0
CUNNAZ;1;4.10.1955;0;1
FERASE;1;18.4.1948;0;1
KEHRIBAN;73;15.11.1963;0;73
CAGALTAY;3;20.5.1981;3;0
BALABEY;187;23.9.1952;187;0
GOFER;57;29.11.1964;0;57
MUDERIS;29;28.3.1963;29;0
BINGUZEL;395;11.5.1964;1;394
RUHANI;81;28.9.1973;68;13
BUSON;40;20.9.1969;0;40
ALIMDAR;29;20.9.1962;29;0
FADUME;2;4.2.1965;0;2
REKIFE;3;21.6.1962;0;3
BUSEN;8;12.8.1970;1;7
TUTA;7;28.5.1949;0;7
ELBEYLI;2;17.11.1959;2;0
AYSEMRA;2;26.7.1956;0;2
OZCIHAN;11;21.8.1964;4;7
BAHALI;148;27.2.1957;0;148
ZELKIF;302;19.10.1963;301;1
SULIDE;3;11.1.1977;0;3
REVIDE;41;3.8.1951;0;41
FARIYAN;1;16.6.1961;0;1
CIDDIYE;23;12.7.1953;0;23
MIRIYE;172;30.9.1954;0;172
ZERA;55;9.6.1963;0;55
H.HUSNU;1;24.6.1955;1;0
MUCELLAH;60;7.8.1963;0;60
HUKUMDAR;182;28.7.1965;182;0
EHLINAZ;225;25.6.1956;0;225
ADILYAMAN;1;9.10.1967;1;0
SEFKI;166;19.1.1962;166;0
DAHIR;39;1.4.1962;39;0
SAHZETTIN;7;17.12.1956;7;0
SEKIFE;80;18.3.1953;0;80
BAYANGUL;13;25.12.1966;0;13
SAHMAR;16;2.6.1960;15;1
REYIME;10;11.12.1958;0;10
RACIA;18;13.7.1956;0;18
MUHEMMET;25;19.3.1969;25;0
MAHIYA;4;22.1.1961;0;4
UMMEYAN;2;27.3.1962;0;2
ANN;21;19.4.1961;0;21
EFTEL;1;27.8.1938;1;0
BUMBUL;1;16.3.1962;0;1
BAYNUR;10;17.2.1971;1;9
NARENGUL;8;6.2.1958;0;8
PASALI;155;28.10.1955;141;14
ELFAZ;78;25.3.1954;71;7
URESIN;21;13.3.1960;11;10
HOSNAZ;245;28.2.1957;0;245
MERDALI;162;23.9.1955;162;0
NIDAYIM;19;22.2.1957;19;0
NUSIRE;20;15.8.1951;0;20
HESIME;14;12.11.1960;0;14
DALCIN;6;19.7.1963;3;3
GULBEYI;89;8.3.1961;85;4
MUNEZEM;1;10.6.1980;0;1
MUYIDIN;1;25.8.1947;1;0
FERAZE;4;9.4.1962;0;4
TIRAJE;52;4.3.1951;0;52
MAINUR;29;16.2.1948;0;29
YASANUR;274;17.8.1973;84;190
KADEMALI;11;11.12.1962;11;0
ERGUNER;71;1.4.1969;59;12
NEVCIYE;11;21.1.1964;0;11
HENNA;14;23.7.1940;12;2
SECALEDDIN;1;13.3.1956;1;0
KEHRIBAR;164;6.1.1967;0;164
ALINUR;13;29.3.1969;11;2
CANNET;1;3.5.1990;1;0
ADEME;8;28.2.1955;1;7
NESAD;4;26.3.1950;4;0
SISE;226;20.7.1949;1;225
FAHADDIN;1;12.4.1965;1;0
OSMANZEKI;1;27.5.1974;1;0
BEGCAN;3;13.9.1968;3;0
BINBAL;17;3.5.1954;0;17
FIKRINAZ;274;20.1.1956;0;274
GULLEYLA;19;6.2.1967;0;19
NADEJDA;96;13.3.1970;0;96
ASEGUL;4;6.5.1976;0;4
MUADET;3;10.7.1958;0;3
CUZIDE;12;4.8.1968;0;12
HAVALIK;4;19.6.1953;0;4
SEVALETTIN;1;27.2.1962;1;0
VIJDANE;8;12.9.1950;0;8
NURDAR;2;11.6.1961;0;2
AKSAN;29;27.5.1961;12;17
TUNEL;19;11.4.1969;13;6
YAVUZI;1;29.3.1975;1;0
UMMIYAN;11;2.12.1957;0;11
SIHHI;1;22.10.1979;1;0
IRNUR;1;3.5.1957;0;1
SIYAFET;22;12.6.1968;1;21
GULAHMER;27;3.2.1953;0;27
ZUHTIYE;138;2.11.1952;0;138
SAHINALI;17;8.8.1959;17;0
MELAYET;22;13.2.1949;0;22
USEYIT;3;3.4.1984;3;0
RAZIFE;9;26.2.1966;0;9
GURSEVEN;8;11.3.1971;2;6
HATCE;315;21.10.1955;0;315
BEYADIL;1;4.10.1956;1;0
BILGIVAR;34;20.11.1962;31;3
OGUZAY;1;13.1.1977;1;0
YUMRU;18;5.1.1960;17;1
SUMERYE;19;25.12.1979;0;19
MUCAHETTIN;9;7.7.1958;9;0
BAHCELI;138;23.8.1964;138;0
RIZMAN;22;15.10.1954;21;1
KADIRALI;30;4.1.1962;30;0
SEVERINE;1;8.7.1974;0;1
ICABETTIN;3;16.3.1960;3;0
RIFFAT;4;13.6.1956;4;0
EMNIYET;47;13.2.1963;13;34
MEVKIYE;29;13.1.1959;0;29
RIYASETTIN;19;25.2.1960;19;0
CORDAN;1;6.10.1965;1;0
ELDA;112;27.5.1976;1;111
GULISER;51;27.10.1961;0;51
YANA;26;8.12.1978;0;26
PIRAGA;152;22.5.1958;152;0
SECAHATTIN;70;11.5.1969;70;0
ALAYBEY;124;23.7.1958;124;0
NEVINER;1;26.7.1982;0;1
RIZVANE;9;25.2.1955;0;9
SEMAYET;17;29.2.1959;0;17
ILTUZER;4;16.12.1955;4;0
NEBAYET;39;2.4.1962;0;39
MEDAIL;18;8.4.1962;16;2
HACULA;50;5.8.1948;0;50
FAME;11;30.3.1944;0;11
ERCENK;33;3.11.1979;33;0
GULMETAN;1;13.6.1977;0;1
YAYLA;1360;3.10.1964;87;1273
MUSADET;48;14.11.1962;0;48
MUCAHATDIN;1;11.8.1957;1;0
SAHINNAZ;72;17.10.1960;0;72
YILKAY;2;18.3.1962;1;1
SUHADE;18;18.4.1962;0;18
SEVGINAR;699;20.8.1973;0;699
ASMAT;6;9.5.1966;0;6
NEZARET;26;24.9.1946;2;24
SUSIME;1;21.6.1934;0;1
BERIYE;68;5.6.1961;0;68
SEVINE;53;22.12.1965;0;53
ZEYDIHAN;1;29.12.1931;0;1
LENUTA;26;4.8.1972;0;26
REHINE;5;4.10.1954;0;5
SAFIDE;49;11.4.1961;0;49
LOBIYE;1;16.2.1945;0;1
MIADE;2;20.8.1967;0;2
RECEBALI;26;8.10.1960;26;0
MICAZ;13;3.5.1964;8;5
GULSARE;34;20.5.1967;0;34
MEZLIME;6;29.3.1962;0;6
MIRGUL;36;2.10.1968;1;35
GUZEN;45;27.11.1957;1;44
UMMIGULSUN;90;14.7.1974;0;90
EMINALI;42;13.3.1963;42;0
FEZIRE;14;6.8.1952;0;14
FATMATUZEHRA;13;25.11.1965;0;13
KARAMURAT;34;4.3.1980;34;0
SENSOY;32;2.7.1974;28;4
SAYINUR;80;24.7.1960;0;80
CAVID;90;6.1.1959;90;0
MISRIANI;1;23.9.1969;0;1
SEVURE;26;24.8.1952;0;26
NURHANE;65;26.4.1963;0;65
OZAMETTIN;1;26.7.1941;1;0
NIHAYE;15;20.9.1958;0;15
MURSID;44;1.11.1974;42;2
NEZAFETTIN;44;7.3.1959;44;0
AZIGUL;12;6.7.1948;0;12
MAKIDE;5;22.10.1956;0;5
HEVVA;208;14.1.1956;0;208
BALLI;700;12.1.1953;22;678
SEFKAL;1;1.5.1962;0;1
BOZBEK;6;14.5.1963;6;0
NURAYE;6;1.11.1960;0;6
RUYISEL;1;16.9.1964;0;1
MINIKIZ;1;4.6.1978;0;1
SEYFULLA;9;17.2.1962;9;0
ABDULAZAK;1;2.2.1978;1;0
NUKTE;133;23.1.1979;0;133
SAGZIYE;3;29.9.1951;0;3
PIRIBEY;29;28.5.1960;29;0
NEZMINAR;1;22.7.1940;0;1
BEHIZAR;13;21.10.1960;0;13
HANUME;258;28.12.1957;0;258
GOKKAN;33;28.11.1980;33;0
INABE;5;2.4.1951;0;5
AYSENURGULE;1;1.9.1988;0;1
TURKLER;6;1.2.1976;6;0
RUBIL;99;24.12.1964;99;0
MUNASIB;10;7.9.1971;1;9
REZIYE;185;10.7.1956;0;185
AYNIYET;8;17.5.1959;0;8
HIMAYET;17;23.11.1965;8;9
VACIP;376;19.9.1966;376;0
GULSAR;31;14.4.1960;0;31
NUHUT;9;1.10.1959;9;0
SALACAK;1;11.6.1985;1;0
NILCAN;224;27.11.1981;0;224
TURKHUN;4;22.1.1977;4;0
GULIDE;25;12.9.1968;0;25
ECRIN;31;11.2.1986;10;21
FATTIME;4;20.6.1976;0;4
VERDIN;9;25.4.1966;8;1
DARECAN;2;22.8.1968;0;2
ZENNEGAR;1;22.2.1955;0;1
NEVIZ;8;23.8.1963;1;7
NUKRIYE;30;19.3.1961;0;30
MUASER;3;21.4.1963;0;3
FIZAN;24;21.9.1960;6;18
RUCEL;1;18.7.1974;1;0
HACULI;7;15.6.1953;0;7
RIKAP;22;15.7.1950;22;0
BEYSEN;6;29.10.1967;1;5
SAZENE;25;16.11.1959;0;25
GONHAN;2;15.8.1971;2;0
GULKADRIYE;2;28.10.1985;0;2
OZLEMHALIME;1;13.12.1978;0;1
TERBIZE;2;22.4.1964;0;2
NUAYLA;1;1.3.1959;0;1
SAHINNAS;4;30.6.1959;0;4
NACIHAN;91;19.2.1972;2;89
MUMAMMET;2;8.11.1987;2;0
UMIGULSUN;7;16.1.1981;0;7
HIKAYET;22;18.3.1953;1;21
SOMAY;28;9.7.1974;5;23
SEYARE;41;24.8.1955;0;41
FETHIBEY;8;27.9.1950;8;0
MINNES;26;25.1.1959;0;26
GULFIDE;330;15.12.1956;0;330
NEMUK;3;5.12.1967;0;3
INCIFE;100;30.11.1959;0;100
AFGAN;18;29.7.1971;18;0
RAFINAZ;1;20.9.1947;0;1
VEHMI;3;10.9.1958;3;0
HESPIYE;4;24.1.1961;0;4
FENNUR;59;13.10.1972;7;52
RUHET;69;30.9.1946;0;69
ALINACI;29;1.6.1959;29;0
NIAYET;4;3.7.1958;0;4
BENGUHAN;30;13.6.1982;0;30
AYBETUL;5;5.6.1986;0;5
HEMSILE;205;17.11.1964;0;205
SEVGEN;59;1.3.1970;15;44
ZIYETTIN;294;20.11.1960;294;0
MAZIYE;130;6.3.1961;0;130
MIMAN;25;25.11.1958;22;3
MURSIME;3;1.8.1966;0;3
SAYINNUR;2;20.11.1967;0;2
BEHNAT;1;12.11.1953;1;0
DURDALI;330;26.1.1962;330;0
NURMELEK;85;16.2.1975;0;85
YASIM;80;8.4.1965;71;9
ISMAFET;4;11.8.1958;0;4
PIRDAL;12;26.1.1968;11;1
BASBUG;16;24.8.1974;16;0
FERDANUR;23;22.2.1980;0;23
SEDIFE;137;16.12.1963;0;137
NUREVSAN;69;22.7.1983;0;69
ZULDANE;2;7.1.1973;0;2
ILMINUR;101;5.3.1975;1;100
ARTER;1;6.6.1957;0;1
NARCIHAN;8;8.2.1968;0;8
ADFIYE;12;9.5.1964;0;12
TEHMINE;68;27.10.1968;0;68
AYFEM;2;8.1.1970;0;2
BILCEN;12;26.3.1971;0;12
TAKRURE;1;2.8.1939;0;1
NURER;35;21.9.1967;31;4
ORDUBEY;1;9.3.1964;1;0
FEYIZ;125;23.8.1967;101;24
SAREF;2;4.4.1939;0;2
ERCAY;32;13.3.1977;29;3
AZELETTIN;1;22.2.1967;1;0
ARIFALI;5;4.4.1966;5;0
HAYDARALI;73;21.2.1960;73;0
ABDUSSELIM;39;7.5.1961;39;0
SIHAT;107;13.4.1966;30;77
IZAM;5;26.8.1962;5;0
MUSTEKIM;59;7.7.1977;54;5
GULIKA;46;12.8.1952;0;46
ARTIK;1;16.5.1958;0;1
NEHAT;117;4.5.1953;115;2
SAVRE;1;25.10.1968;0;1
SEFIHAN;5;12.6.1949;0;5
NURHAVVA;3;16.1.1972;0;3
ZELKIFE;4;12.10.1955;0;4
NEVARE;38;11.2.1954;0;38
NEZMINUR;2;13.11.1966;0;2
MANTIK;44;15.5.1963;0;44
NEVCET;40;9.7.1957;33;7
MAFISE;6;25.2.1954;0;6
HAYRINISSA;2;5.11.1965;0;2
TUNE;3;10.1.1964;0;3
LIVAZEN;1;5.6.1969;0;1
FEZLIYE;12;8.8.1959;0;12
VETUR;1;7.11.1970;1;0
MUYIGUL;1;4.5.1967;0;1
MAGMURE;14;10.6.1961;0;14
NEFARET;145;2.4.1966;0;145
GULLE;42;23.6.1962;4;38
ABDULTAYYIP;1;19.11.1945;1;0
SAHINNUR;10;5.1.1967;1;9
CORINA;12;22.6.1976;0;12
ONBASI;15;20.7.1961;15;0
BATANAY;2;13.5.1985;1;1
YETIYE;31;27.4.1962;0;31
GULHANUM;26;16.3.1955;0;26
HEYATI;27;25.7.1959;24;3
ELMINUR;42;18.12.1955;0;42
CEVHAYIR;14;15.6.1966;1;13
AYKURE;2;10.11.1952;0;2
SELBIYE;138;25.3.1966;0;138
FEKIYE;19;27.5.1959;0;19
GULLIYE;99;17.9.1966;0;99
EBRAYIL;3;4.5.1979;3;0
NESUF;3;29.5.1958;3;0
SALLIYE;1;11.2.1937;0;1
SUSUKA;16;22.12.1950;0;16
MUNTAHAN;3;11.8.1957;0;3
SAHITTIN;48;26.12.1960;48;0
FEHRINAZ;37;9.11.1959;0;37
IZMET;19;16.2.1961;2;17
BALKIS;86;12.1.1959;0;86
VURKAN;26;15.7.1986;26;0
SIRRULLAH;2;28.7.1947;2;0
FATULI;50;11.10.1951;0;50
NEVHILAL;15;16.1.1955;0;15
NESETTIN;10;4.5.1956;10;0
PORTIKAL;5;6.4.1959;0;5
KIZYETER;272;24.5.1956;0;272
HISMET;12;10.5.1943;8;4
HAVIK;3;6.9.1950;0;3
NURANE;39;9.3.1960;0;39
NILDAN;45;2.4.1975;0;45
GULIKO;1;1.10.1969;0;1
ZILLIYE;1;9.3.1946;0;1
GUZENDER;1;3.3.1951;0;1
SEVRIYE;189;24.10.1960;1;188
EMSILE;204;9.1.1956;0;204
AYCIHAN;46;2.10.1969;16;30
NAHIKET;1;11.4.1956;0;1
MURCELLA;1;17.2.1972;0;1
NUTFETIN;3;12.6.1967;2;1
FIDRES;3;3.8.1955;0;3
NURESEN;7;17.2.1967;0;7
ENSARE;3;23.12.1943;1;2
PULAT;74;7.6.1952;74;0
A.BAHRI;1;12.8.1929;1;0
HURIKIZ;4;25.5.1948;0;4
SIHHAT;70;16.12.1951;13;57
MESNURE;2;5.3.1959;0;2
RIYASET;8;15.4.1951;0;8
HAZBULLAH;9;4.10.1978;9;0
OXANA;106;14.8.1977;0;106
IZBULLAH;3;22.5.1980;3;0
FERISTE;625;3.1.1956;1;624
ALIFAIK;8;19.1.1952;8;0
NAHIRE;100;9.6.1957;0;100
NEZMI;120;18.9.1971;120;0
SUSU;4;9.3.1951;0;4
DIRIBAL;2;29.8.1949;0;2
VESUDE;52;9.6.1955;0;52
SERVANE;1;6.6.1948;0;1
SEMSUTTIN;8;15.3.1953;8;0
HURSID;14;21.10.1961;12;2
ZUHRIYET;1;23.9.1977;0;1
HEMZIYE;12;5.5.1957;0;12
K.SUKRU;1;6.2.1937;1;0
GULUCAN;66;8.3.1968;13;53
MELAHAN;20;18.3.1961;0;20
AGZAM;7;10.10.1971;6;1
GULYUZ;212;29.6.1964;2;210
HUDAVENDIGAR;31;21.5.1961;30;1
SADAGAT;29;8.5.1966;0;29
BEHADIR;12;15.1.1943;12;0
SASINE;101;5.8.1958;0;101
FERAHIYE;58;22.4.1956;0;58
EFRAYIL;35;2.2.1965;35;0
MALIKEN;2;9.3.1954;0;2
ILKIME;4;1.7.1974;0;4
HASHATUN;283;9.1.1955;0;283
MEDIAT;1;24.9.1955;0;1
RIZABEY;5;28.10.1961;5;0
SONKIZ;14;8.12.1970;0;14
TALIPCAN;2;30.9.1987;2;0
NESLIBEY;9;4.4.1963;9;0
FERZILE;6;25.1.1960;0;6
MUBIYE;66;15.1.1953;0;66
KARIMAN;2;3.3.1947;2;0
SEVKIZ;1;7.8.1940;0;1
MEFUZE;34;11.2.1957;0;34
HESRET;13;5.4.1961;6;7
MIRBAHATTIN;92;29.3.1971;92;0
LIOUDMILA;27;24.11.1972;0;27
BEKLIS;2;27.12.1937;1;1
RENKGUL;7;10.10.1950;0;7
SABIE;8;16.10.1955;0;8
TOLKAY;7;24.6.1972;5;2
ZENNEHAR;25;25.6.1959;0;25
ELBEGI;133;9.9.1953;133;0
RUHEYDE;11;6.5.1962;0;11
VEHAB;9;29.10.1965;9;0
FINDIKA;46;28.12.1952;0;46
MUHENNES;1;27.2.1975;0;1
ZENNIHAR;27;24.6.1963;0;27
ZARAFE;2;14.5.1951;0;2
SEYIF;22;14.4.1951;22;0
ULUME;1;22.8.1985;0;1
BIRSENGUL;88;27.7.1971;0;88
DOGANBEY;13;5.3.1972;13;0
ZIKRAN;28;13.1.1977;2;26
HURAY;141;23.3.1976;30;111
DERYANUR;55;17.12.1975;0;55
NURAYLA;11;19.7.1967;0;11
SEVILGUL;16;4.4.1967;0;16
NERKIZ;199;28.8.1957;0;199
ZIBEIDA;1;2.5.1957;0;1
SERVIYE;131;8.12.1952;0;131
INTIKAM;47;5.10.1969;44;3
IHSA;18;13.4.1964;14;4
KORKURT;1;11.10.1979;1;0
NURFELEK;10;5.9.1966;0;10
MEYVES;61;26.11.1955;0;61
SAINAZ;30;20.7.1967;0;30
MEDIYEN;15;26.7.1969;9;6
NURMEHMET;79;11.3.1971;79;0
AZMETTIN;22;3.5.1960;22;0
GENCALI;109;21.3.1961;109;0
NECABETTIN;26;2.5.1952;26;0
MUFERIYE;13;20.4.1955;0;13
NECDI;59;3.11.1959;59;0
GURSENI;1;23.6.1949;0;1
PILANE;2;13.11.1968;0;2
NEVRAH;7;21.5.1976;2;5
HICIYE;1;8.12.1971;0;1
HIFFET;4;14.1.1950;0;4
OSMANNURI;106;23.4.1964;106;0
YERISAN;10;21.4.1959;10;0
NURAHAT;13;7.1.1969;0;13
SUKIYE;3;19.6.1953;0;3
MINES;243;4.7.1954;2;241
TALIE;38;12.6.1961;0;38
VAZILET;19;11.8.1956;0;19
ANJELIKA;22;5.6.1974;0;22
EKIL;4;22.1.1985;0;4
SAHENDE;204;9.2.1954;0;204
OROC;19;30.6.1966;19;0
SEVINCI;10;28.10.1967;3;7
NERPIN;1;12.2.1953;0;1
GULSATIN;1;29.12.1974;0;1
AYSEDA;2;23.9.1986;0;2
ZIKRICAN;1;12.8.1935;1;0
NIHAKET;10;8.4.1953;0;10
FAHME;3;22.10.1955;0;3
OGULTAN;5;2.4.1977;5;0
DURSAGUL;21;28.12.1968;0;21
RUKNI;7;13.8.1948;7;0
NURIT;2;5.4.1947;2;0
NEVCIMAN;4;20.2.1954;1;3
ZIRSAN;3;4.9.1971;0;3
YETISAN;11;23.4.1972;11;0
DONERAY;7;21.10.1977;0;7
SOFIYAN;2;19.10.1971;1;1
SELVIYAN;6;29.1.1964;0;6
VICAN;4;2.2.1957;4;0
NEVAHET;2;1.5.1941;0;2
ERTEGUN;5;12.4.1974;5;0
EZKAN;2;18.10.1969;1;1
TASFIYE;2;6.3.1963;0;2
MACUN;8;29.3.1947;0;8
NEVRET;25;8.7.1964;10;15
ETKIN;62;16.4.1981;57;5
NIHANI;55;3.1.1963;54;1
JULIETA;13;26.2.1963;0;13
IZOLDA;13;3.5.1960;0;13
OSKAY;49;20.12.1979;47;2
TEMURCIN;9;5.3.1950;9;0
EKA;8;8.7.1975;0;8
MERHAL;31;26.1.1959;1;30
KAZIMAN;5;2.1.1960;0;5
BAIYE;1;2.2.1933;0;1
HUCESTA;2;7.8.1950;0;2
SONCU;2;9.9.1960;2;0
LEYLICAN;4;8.6.1966;0;4
SAHRAGUL;8;25.5.1960;0;8
NEVAYET;1;17.3.1947;0;1
TAMAR;147;15.1.1972;3;144
DJAMILA;2;10.11.1966;0;2
ILTAY;6;18.10.1979;5;1
YETISEN;8;19.2.1963;6;2
HARBIHAN;2;6.10.1964;2;0
ZIKRET;37;8.6.1963;25;12
NAZIKO;5;17.9.1951;0;5
TARSUN;1;7.5.1979;0;1
NAIRA;12;18.7.1970;0;12
GULEMDAM;10;29.8.1955;0;10
ATILLE;25;25.4.1961;22;3
FEDRIYE;9;4.10.1961;0;9
DIYAN;3;20.1.1986;1;2
NURYE;86;27.12.1964;0;86
INCU;7;23.5.1959;0;7
ZUFTIYE;13;30.3.1956;0;13
ZOZANGUL;1;22.8.1979;0;1
SAHRAN;9;26.1.1972;4;5
CENGUR;2;13.10.1971;2;0
NEDAYET;3;1.2.1969;1;2
ALA;86;4.5.1970;11;75
FEHMETTIN;57;5.7.1960;57;0
AHSAN;16;16.10.1955;7;9
DINNUR;29;29.4.1971;6;23
SERVIM;11;26.11.1962;1;10
MIRACETTIN;7;30.6.1967;7;0
NIDAIM;5;1.9.1948;5;0
ALDUZAN;1;23.5.1955;0;1
IZNI;53;27.7.1959;53;0
OZGUVEN;23;25.9.1970;23;0
ILKDOGAN;18;15.7.1969;18;0
YILDOGAN;12;5.4.1961;11;1
ALTIHAN;1;21.1.1953;1;0
SAYIMGUL;7;9.7.1965;0;7
NEZDIYE;4;19.12.1957;0;4
SAHABBAS;16;3.4.1948;16;0
NUSEFETTIN;1;9.3.1935;1;0
FELEHNAZ;1;2.2.1951;0;1
UMEKANI;1;12.2.1935;0;1
BENZIN;1;7.2.1946;0;1
CENNEDIYE;1;19.8.1979;0;1
EVKAN;53;10.2.1975;53;0
UFKUN;46;7.6.1984;38;8
SEVISAN;10;1.7.1956;0;10
ZULKARNI;161;15.7.1966;161;0
RASENDE;15;11.9.1952;0;15
DARCIN;128;28.5.1970;2;126
NURDANGUL;26;26.2.1974;0;26
YILDISAN;1;1.9.1961;1;0
KENDIHAN;3;12.5.1967;3;0
TUTYA;263;13.11.1956;0;263
TOYGUR;6;17.9.1976;6;0
SENGEZER;43;24.8.1965;28;15
CUVELEK;1;7.2.1970;1;0
NEHHARE;1;7.8.1940;0;1
CINER;3;22.5.1960;2;1
NEZAET;20;13.1.1965;0;20
VUSLET;25;15.8.1948;5;20
SENKIZ;36;11.9.1958;0;36
UNSEN;5;2.8.1959;0;5
RUHEDDI;1;16.2.1956;0;1
SEBNEN;9;9.3.1982;0;9
FADINA;7;25.1.1930;0;7
BERMAN;14;11.4.1975;2;12
SAVELET;2;21.10.1966;2;0
SIYAHET;2;28.12.1934;0;2
IMTIHAN;12;16.10.1957;1;11
FAHIYE;7;10.12.1961;0;7
ZUKIL;1;14.2.1947;1;0
VEYISEL;12;7.12.1959;12;0
GULNURAY;16;23.2.1976;0;16
CIHANPASA;1;17.2.1966;0;1
SANKUR;3;25.8.1964;3;0
ZADEGAN;2;22.2.1959;0;2
MUEMMIN;1;24.12.1950;1;0
TORAMAN;90;29.2.1961;89;1
ERDINCI;1;16.11.1967;1;0
MUHET;1;16.7.1935;0;1
PEKKAN;8;13.4.1980;2;6
MUTIN;6;6.8.1963;6;0
ZIYAHUDDIN;1;2.2.1939;1;0
GEGNAR;1;16.4.1965;0;1
LYUBOV;23;24.8.1970;0;23
BAYSU;3;6.5.1964;2;1
SIYARE;29;19.2.1958;0;29
ZAIFE;64;7.8.1958;0;64
MUSTEYIM;2;14.3.1952;2;0
SAACETTIN;1;2.2.1963;1;0
SEHABE;9;2.10.1954;0;9
NEVILAN;3;12.12.1955;0;3
BILGENAZ;1;16.2.1965;0;1
HATUNA;18;16.12.1965;0;18
IRVE;38;27.6.1960;0;38
BURSON;1;3.1.1975;0;1
SAYISTE;44;24.6.1961;0;44
RUKNU;4;12.9.1957;4;0
ILKEN;68;4.5.1974;23;45
ELAIDDIN;8;18.7.1959;8;0
SANSIVAR;7;11.10.1959;4;3
ISNEN;2;21.3.1950;1;1
MESIRE;79;21.5.1964;0;79
AZZEM;14;15.8.1959;14;0
RIYANE;4;5.4.1941;0;4
PEYHAN;26;21.6.1949;1;25
KUSKAN;2;2.12.1971;0;2
MUSTAKIM;64;22.9.1968;61;3
TEYUP;13;4.4.1960;13;0
EGENUR;10;1.4.1973;0;10
HICABE;22;14.7.1956;1;21
CASIF;4;15.11.1963;4;0
ERBAKAN;129;27.1.1977;129;0
HURIN;2;11.11.1974;0;2
VADI;88;3.12.1972;80;8
FARFULI;1;6.6.1973;0;1
PUPUZE;23;16.1.1951;0;23
NURKIZ;60;19.11.1964;0;60
NEHAKET;6;8.6.1955;0;6
TAMIRE;49;7.11.1960;0;49
ERBEK;14;9.3.1972;14;0
BEDIRE;89;17.6.1955;0;89
BEYTUG;4;24.3.1975;4;0
HAS;48;18.10.1960;8;40
SABRET;32;16.5.1970;18;14
NEVIME;35;13.2.1961;0;35
NESLA;63;28.10.1966;0;63
MELEKPER;78;10.1.1958;0;78
HENES;1;16.12.1968;1;0
REVAYET;21;28.3.1962;3;18
NEHADET;8;25.6.1951;0;8
ASLANALI;17;23.10.1968;17;0
MEKIHAT;1;18.10.1956;0;1
DERDIYOK;12;10.11.1953;6;6
GULNIHAR;98;8.3.1953;3;95
MUHENDIS;116;27.8.1969;116;0
HESBI;57;20.9.1959;56;1
SEBAHUTTIN;1;2.2.1969;1;0
MEGFIRE;2;30.1.1940;0;2
SEVINNAZ;8;27.9.1967;0;8
MUBESSER;41;27.8.1967;3;38
HUSUT;10;26.8.1965;10;0
SERMINE;28;12.6.1964;0;28
GULLINAZ;67;23.11.1949;0;67
EBUTALIB;2;28.11.1989;2;0
HADCE;7;12.2.1960;0;7
BEYZANE;3;29.7.1950;0;3
NIDIYET;1;21.3.1965;0;1
ZENFIRA;28;2.11.1961;0;28
BEYDA;259;15.8.1978;1;258
NEAKET;1;2.2.1939;0;1
MENFURE;44;21.12.1959;0;44
MEDIHAN;53;29.8.1962;0;53
SALAATTIN;26;30.2.1955;26;0
SONAYET;6;17.3.1979;0;6
SELAHUDDIN;4;2.10.1938;4;0
FEMIYE;52;19.12.1963;0;52
EMRULLA;9;13.4.1961;9;0
SUVAZET;1;6.9.1961;0;1
HEYHATE;1;7.7.1958;0;1
HUDAFER;2;3.9.1965;1;1
UMMAT;2;18.7.1979;2;0
ADEMALI;20;1.2.1967;20;0
SASFIYE;1;17.7.1972;0;1
UMIGUL;14;3.7.1963;0;14
FENIHAN;1;25.10.1969;0;1
REUF;20;21.1.1951;20;0
SAFAAT;47;5.4.1971;8;39
KAFULI;1;2.7.1940;0;1
RUSIT;238;16.3.1956;237;1
NEHIRAN;1;19.5.1960;0;1
ARTEN;6;30.2.1944;4;2
BILGOR;6;26.8.1970;1;5
TOGAN;44;30.4.1971;43;1
DUREYINA;1;6.1.1952;0;1
RAHNA;14;12.3.1958;1;13
ELFIZE;121;17.7.1956;0;121
OLKAC;4;29.6.1968;3;1
GOKCEHAN;94;6.10.1984;47;47
MUZEYNE;10;10.12.1962;0;10
MESUSE;2;22.6.1955;0;2
MEBUBE;3;28.6.1956;0;3
BANNUR;2;9.11.1985;0;2
NURSEHER;16;30.1.1974;0;16
FERIKE;19;16.7.1953;0;19
HIFSULLAH;29;19.2.1972;29;0
SEVDADE;1;9.5.1919;0;1
YAHUZA;63;11.6.1957;62;1
NURBANA;2;1.4.1965;0;2
NURLEYLA;1;13.12.1955;0;1
BAHUDDIN;1;18.6.1949;1;0
NUSRIYE;51;28.5.1962;0;51
GULSELIM;19;12.8.1961;1;18
OZGURKAN;2;7.1.1984;2;0
MEVAIL;20;21.12.1955;1;19
HERKAIL;1;19.7.1944;1;0
MEMNUHE;1;28.6.1936;0;1
NEKIYE;24;22.9.1948;0;24
ZANDALI;1;13.12.1977;1;0
TEMINDAR;156;12.4.1959;156;0
AYLAGA;1;16.6.1965;1;0
RAHMANE;5;25.5.1950;0;5
AZMAN;20;24.5.1961;20;0
ILLAS;9;6.8.1963;9;0
KERIMALI;10;27.1.1979;10;0
KERIBAL;3;20.2.1958;0;3
MUAYET;4;21.5.1965;0;4
YASAUDDIN;3;5.3.1955;3;0
REHMIYE;7;14.11.1957;0;7
RESMINAZ;5;10.11.1958;0;5
ELISO;5;20.6.1960;0;5
ONEN;17;5.6.1969;15;2
SALIFE;49;11.2.1963;0;49
HIDAYE;374;20.4.1957;1;373
NESECAN;156;4.12.1964;1;155
SELFIZAR;2;12.10.1940;0;2
HAVZIYE;9;13.10.1961;0;9
HUDAYE;202;29.10.1955;10;192
BINAS;15;27.5.1966;0;15
BEDRULLAH;5;3.7.1981;5;0
HINAYET;19;4.2.1973;0;19
NURIFE;232;5.1.1958;0;232
NUSRETHAN;2;1.4.1981;2;0
SIFAYET;38;16.6.1970;3;35
MUSELLI;2;9.3.1961;1;1
SEHRIBAL;25;1.5.1959;0;25
GOLKIZ;1;17.6.1948;0;1
MAHSER;65;23.12.1968;51;14
CENNETIYE;78;25.10.1964;0;78
NEZMEDDIN;2;4.3.1948;2;0
HENEFIL;2;4.5.1957;2;0
APTURAHMAN;59;3.1.1956;59;0
SORET;31;30.12.1962;0;31
NINELI;8;14.4.1960;0;8
BEUDDIN;1;7.11.1947;1;0
FAFU;3;1.1.1967;0;3
MEHFURE;3;21.6.1964;0;3
SERIKE;230;22.1.1950;0;230
KEMALUDDIN;3;13.6.1965;3;0
MUSENNIF;18;8.10.1964;18;0
MINGUZEL;2;8.8.1965;0;2
MINAYET;4;20.9.1978;0;4
SAHZANE;14;8.4.1950;0;14
SELAATIN;5;26.7.1974;5;0
MELEMSE;80;15.2.1960;0;80
HULIFER;1;22.12.1990;0;1
SEZANE;11;27.9.1964;0;11
SAYEBAN;9;15.8.1951;0;9
MUSABBIHA;3;23.1.1937;0;3
GEZGIN;35;6.12.1973;26;9
RESUHI;11;10.5.1953;11;0
JULYA;39;29.6.1970;0;39
YETISIR;13;5.7.1964;3;10
YURDECAN;1;2.2.1957;1;0
MIHRIBAL;15;20.11.1963;0;15
MUZELLEF;96;22.5.1958;89;7
FUTUHAT;50;1.1.1950;0;50
NURGULAY;9;16.4.1972;0;9
SEVAIR;2;30.4.1966;0;2
YAKIBE;3;10.10.1969;0;3
HASANBEY;36;28.3.1957;36;0
PUNPUL;190;1.12.1951;0;190
JO;4;5.3.1964;1;3
RAKHILA;2;19.11.1961;0;2
GULSISE;159;3.4.1954;0;159
FAYZE;21;7.7.1971;0;21
BEDIHAN;66;6.7.1966;6;60
SEHERTAN;1;29.12.1986;0;1
SERIAN;6;24.6.1971;0;6
KEHRIBAL;10;16.12.1956;0;10
LALELI;2;20.7.1973;1;1
SERIMAN;120;14.2.1965;1;119
AYISER;22;8.5.1958;0;22
IBTAC;1;21.11.1970;0;1
SALIHBEY;3;25.11.1977;3;0
AZMIN;8;8.12.1969;7;1
SAYINAZ;32;28.12.1963;0;32
BALDAN;37;30.9.1970;4;33
SAMDAN;24;5.5.1968;2;22
BIRCICEK;6;3.7.1969;0;6
GUZARE;1;17.2.1978;0;1
NEZAHAN;13;27.6.1964;0;13
ZAYRE;10;26.12.1970;0;10
TUGRULCAN;2;14.5.1985;2;0
VILAYET;166;28.4.1971;47;119
TEYIP;101;10.9.1965;101;0
GAMILE;4;24.1.1947;0;4
SEMAVAT;18;27.9.1965;1;17
SEZAL;50;8.10.1969;24;26
RAFFET;20;10.10.1962;19;1
ZEYNISAN;18;4.12.1964;0;18
ARSEL;39;29.1.1971;12;27
BAUDDIN;1;29.7.1950;1;0
ZORBEY;68;1.5.1974;68;0
GULZARE;14;10.9.1963;0;14
SELMIAN;2;15.3.1968;0;2
MAARES;1;13.10.1945;0;1
MUSDAK;1;8.3.1947;1;0
SEYIME;54;27.7.1959;0;54
GULNEHAR;85;7.4.1955;4;81
HESPI;4;13.10.1959;4;0
RIBAYE;2;10.11.1940;0;2
IKPAL;7;12.8.1963;0;7
TEZKIYE;1;23.1.1943;0;1
DIRIBA;1;2.8.1939;0;1
YESERE;1;7.2.1946;0;1
DOLAY;11;3.5.1979;5;6
ENESULABIDIN;1;6.2.1960;1;0
FEIZ;11;10.12.1957;11;0
ESFIRE;1;19.4.1954;0;1
MUZHAN;4;7.3.1953;0;4
FERAIZ;23;5.2.1951;14;9
EMINEGULSEN;2;26.8.1967;0;2
RAIYE;10;24.9.1955;0;10
SUTKIYE;8;10.1.1964;0;8
URAN;26;4.11.1955;25;1
EYIB;2;14.11.1966;2;0
NAZLIKA;3;1.11.1945;0;3
GULUKA;1;11.11.1961;0;1
SURMIKA;3;23.4.1961;0;3
FUNDUKA;11;27.10.1945;0;11
SEFRA;86;27.10.1971;0;86
GURSENAL;1;28.7.1977;1;0
MELEHAN;25;7.3.1966;0;25
GUSAN;22;21.5.1965;3;19
SEMEAN;1;18.8.1975;0;1
REZAK;62;6.8.1962;62;0
ONCAY;79;7.4.1974;61;18
CELA;27;6.5.1960;0;27
RIFAKET;5;14.7.1951;0;5
IDRISNEBI;4;19.6.1968;4;0
SUTNIYE;5;3.4.1952;0;5
SUGLA;3;22.3.1962;0;3
ELYASA;81;9.11.1973;79;2
REBIHAN;46;5.7.1960;0;46
RIZKULLAH;89;16.8.1963;89;0
SEVMINE;1;3.7.1984;0;1
NIHMET;38;30.11.1963;11;27
SEHZANE;50;1.2.1956;0;50
HANIMSE;11;11.12.1953;0;11
OLKER;12;16.2.1946;1;11
AGZEM;26;12.11.1965;26;0
NEGUZEL;20;21.1.1960;0;20
HEMSARE;11;25.4.1960;0;11
REFIKALI;2;7.4.1955;2;0
SAHBEN;2;24.4.1969;2;0
HAFUZ;6;13.4.1961;6;0
HALAS;14;18.6.1962;10;4
HISABE;3;2.1.1960;0;3
FIDES;22;23.12.1965;0;22
VIDRIYE;1;22.2.1967;0;1
NERANIYE;1;10.9.1953;0;1
ALAYLI;4;3.8.1961;4;0
FEIZA;32;8.3.1983;0;32
ISHA;5;29.3.1967;5;0
YEUZE;1;19.5.1974;1;0
HEMIKA;1;17.6.1929;0;1
NISELI;1;3.4.1957;0;1
DURSUNKIZ;9;15.10.1947;0;9
YASIRE;115;2.1.1963;0;115
NURIMAN;26;24.8.1959;10;16
KUDRETIYE;9;1.9.1950;0;9
MUSIR;70;12.12.1951;68;2
ZEHRAH;6;11.11.1973;0;6
HERKUL;19;20.6.1969;18;1
MAFRAT;2;20.4.1968;2;0
SEYADET;1;16.8.1945;0;1
BEDAYET;9;18.10.1959;5;4
SUSE;86;11.1.1947;0;86
BEICE;18;7.3.1962;0;18
SALEHA;15;6.4.1958;0;15
UMUGULSUN;66;23.12.1963;0;66
MAYDE;61;22.11.1967;0;61
MEVLUDIN;12;18.7.1962;12;0
SEHMINAZ;10;20.1.1965;0;10
BIJEN;57;29.11.1962;11;46
SEZADE;6;15.6.1962;0;6
VERAHIM;2;7.2.1964;2;0
RUHINNAZ;1;11.4.1960;0;1
FEZYA;2;23.2.1987;0;2
GURTEN;73;22.1.1956;0;73
ELHAT;4;11.5.1959;4;0
DURMISALI;2;9.5.1958;2;0
ULUSAL;19;25.12.1974;15;4
MEDAYET;6;27.1.1956;0;6
TEKBIRE;52;22.11.1961;0;52
ZENNAR;2;9.10.1943;0;2
UMRAY;34;11.2.1977;2;32
HUKMINAZ;41;28.7.1952;0;41
ERFIZE;3;12.1.1956;0;3
AYFIRE;6;5.1.1959;0;6
MUNIYE;16;12.3.1945;0;16
TERKIN;3;25.6.1974;3;0
SUBAYDIL;1;28.9.1972;1;0
MEVLUTALI;16;18.10.1965;16;0
MUZERIM;1;24.10.1966;0;1
GULEYLA;30;3.1.1967;0;30
RUBASA;125;18.10.1972;0;125
HULYESER;1;28.11.1970;0;1
TUZER;10;16.10.1953;6;4
MUASEL;1;27.4.1951;0;1
BAHRICAN;12;9.9.1982;11;1
REVNAK;32;4.6.1969;4;28
TANYER;44;23.6.1971;28;16
DURMIS;12;24.4.1952;11;1
GULBAN;67;28.9.1968;3;64
DERGAH;46;7.3.1986;38;8
DANEVER;1;6.3.1949;0;1
NIZAYET;6;18.11.1957;0;6
HERYAN;1;1.2.1959;0;1
MUHADET;2;21.3.1973;0;2
NIAT;8;28.6.1955;8;0
DONEVER;5;16.9.1965;0;5
OKRAY;4;27.8.1973;4;0
GUNASTI;1;22.8.1954;0;1
DEMIRAL;17;6.4.1957;17;0
BISEL;5;17.5.1963;0;5
HIZIRE;4;2.1.1949;0;4
MEYLAN;5;4.7.1967;0;5
GUNNABIYE;1;27.4.1974;0;1
ANTONINA;16;12.10.1973;0;16
FERESTE;2;2.9.1929;0;2
MEVZUNE;21;11.8.1953;0;21
NEVBAHAR;155;16.9.1964;0;155
DAVUTALI;5;15.7.1967;5;0
BELMAN;59;13.7.1955;1;58
GUNEYIT;6;30.11.1971;6;0
BAHUTTIN;4;29.5.1959;4;0
MACITHAN;1;10.7.1989;1;0
AKCAKIZ;4;24.8.1952;0;4
SECAHI;2;22.7.1939;2;0
D.ALI;16;7.6.1942;16;0
CAHIDDIN;7;28.7.1963;7;0
ZEKAIL;14;11.5.1970;14;0
NURDIDE;7;13.7.1963;0;7
NEVASER;9;24.1.1955;0;9
BURUCAN;4;23.11.1975;0;4
MEDAHET;4;13.12.1942;0;4
FERAN;142;16.8.1970;60;82
MASIKAR;41;27.10.1959;0;41
SAHBENDER;231;8.1.1952;230;1
ABDURSEMET;5;12.12.1959;5;0
MABURE;4;9.2.1956;0;4
ARLIN;36;1.2.1982;0;36
MIRZALI;55;24.6.1961;55;0
NEMUNE;18;11.4.1959;0;18
PELIT;8;30.9.1976;2;6
KARMIN;1;19.12.1988;0;1
CENKKAN;1;1.5.1987;1;0
M.DURSUN;6;17.2.1943;6;0
CAVITTIN;13;15.5.1955;13;0
MUZAYDIN;1;6.5.1950;1;0
ELIFTE;2;6.3.1937;0;2
RIYAZI;3;1.9.1943;2;1
NURCUL;1;28.2.1950;0;1
SEMSEMA;1;23.2.1950;0;1
NAHIDDIN;4;20.5.1953;4;0
BEDAHAT;19;15.4.1948;1;18
TURESIN;40;14.4.1963;35;5
MEBLUKE;5;15.10.1961;0;5
FEBZIYE;1;27.8.1944;0;1
SEDAIL;11;12.12.1962;11;0
NIHATTIN;42;11.12.1961;42;0
KATIFE;213;7.9.1952;0;213
MEHMEDALI;43;1.11.1958;43;0
KETIM;1;9.4.1957;1;0
ZINNIYE;4;15.10.1950;0;4
UMEHAN;25;26.10.1957;0;25
MESUTALI;3;17.2.1981;3;0
SEBAYET;25;21.9.1957;1;24
KEBIYE;2;19.11.1966;0;2
TEREZA;8;9.2.1959;0;8
SUGAYIB;1;16.4.1939;1;0
NEZAETTIN;3;29.7.1952;2;1
TACE;3;4.8.1962;0;3
BAYKAR;14;2.9.1974;14;0
ALAHUDDIN;2;20.11.1958;2;0
MINEDIYE;16;17.5.1969;0;16
REZAIL;1;23.6.1966;1;0
NECAAT;10;16.4.1958;4;6
MIRHIBE;1;24.5.1949;0;1
RAHIFE;61;18.4.1959;0;61
MEDHET;6;10.2.1961;6;0
MEHAT;2;26.1.1964;1;1
NASRUDDIN;1;22.6.1949;1;0
OZCAY;20;25.2.1973;14;6
AYNAR;8;27.7.1958;1;7
MAHMUR;93;28.4.1956;3;90
DINARA;30;15.3.1977;0;30
IKTISAT;2;2.3.1933;0;2
UMURHAN;22;30.10.1976;19;3
KURNAZ;3;28.4.1963;1;2
SEYNEM;3;8.10.1982;0;3
MEVLUDALI;1;6.11.1967;1;0
SEYFE;18;8.7.1962;1;17
SELAHUTTIN;3;20.12.1953;3;0
ILMIHA;3;4.10.1958;0;3
DOSTER;5;24.12.1984;5;0
OZGURDENIZ;3;21.6.1976;3;0
MASEKER;15;5.9.1952;0;15
SEVILAN;22;7.1.1974;2;20
ZAIYE;1;8.5.1928;0;1
UVEYDE;52;14.11.1959;0;52
GUZELAY;55;26.12.1966;0;55
BAGCAN;37;16.5.1985;25;12
SIMAR;6;23.8.1968;3;3
NUKIS;1;29.4.1955;0;1
YASACAN;41;17.6.1971;3;38
BIBERNAZ;1;23.3.1961;0;1
MUKADDIM;48;27.10.1955;47;1
ULUC;172;16.6.1980;170;2
ABDULBARIS;1;16.9.1987;1;0
NUZIRE;1;2.8.1933;0;1
NEKIRE;2;25.7.1969;0;2
NEYIRE;81;2.10.1959;0;81
ZUHTI;17;13.7.1953;17;0
CEVNAN;1;11.2.1951;0;1
IRADET;79;24.5.1957;4;75
TEMURALI;2;17.12.1944;2;0
SOHELYA;1;11.8.1944;0;1
MENFARET;5;10.4.1977;0;5
AYTUNER;10;5.10.1961;3;7
SEZAITTIN;18;12.5.1960;18;0
CAFERALI;4;1.6.1955;4;0
TULE;15;3.7.1964;0;15
FERIDDIN;32;24.8.1955;32;0
FAKURE;2;15.12.1935;0;2
SURBIHA;1;2.3.1957;0;1
MUHEMMED;18;26.8.1982;18;0
SINYADE;1;11.4.1991;0;1
TUHEYLA;1;25.7.1945;0;1
SURBIHAN;2;9.10.1969;0;2
YONCANUR;4;5.12.1987;0;4
NEZAHIT;2;8.1.1961;0;2
MESANET;1;17.4.1930;0;1
CEMSULTAN;15;5.3.1976;13;2
ATOM;17;15.11.1962;17;0
NAHITTIN;17;20.2.1960;17;0
MUKIM;81;21.10.1957;80;1
OLGUCAN;4;17.11.1990;4;0
PERAY;29;16.2.1973;0;29
SEDERYA;2;6.12.1977;0;2
ZORLU;48;3.3.1969;47;1
UMITE;4;2.12.1983;1;3
AKCAN;81;15.3.1973;57;24
RINDOL;1;22.3.1958;1;0
ZENNAHAR;3;12.10.1959;0;3
SERCANA;2;25.2.1983;0;2
NURIGUL;13;5.2.1957;0;13
NUKAR;1;12.10.1935;0;1
PULLI;130;1.11.1951;1;129
MUJDER;13;1.8.1974;8;5
SEVIR;2;27.11.1965;0;2
MUHEYMIN;5;2.4.1979;3;2
ZOHTU;135;8.8.1951;135;0
BAGDAGIL;2;3.6.1978;0;2
GONCAY;31;16.6.1976;1;30
SELVETE;7;17.3.1957;0;7
GUNISIGI;15;27.2.1987;3;12
GUNAHAR;5;28.3.1965;0;5
FEMSIYE;1;12.8.1989;0;1
NAIA;1;2.5.1945;0;1
MUSTAKIL;4;20.7.1970;3;1
MIHMAN;133;5.10.1957;17;116
SABAHIM;1;12.3.1959;0;1
HECEGUL;1;11.6.1958;0;1
FURGAN;97;23.2.1983;81;16
SEVILTAN;2;10.10.1974;0;2
HAMZET;8;4.12.1956;7;1
HALITBESIM;1;11.6.1957;1;0
MUYESSERE;48;16.11.1946;0;48
VEDAAT;3;2.2.1945;0;3
NURISAN;29;5.2.1959;2;27
HIKMETIYE;61;9.7.1957;0;61
HURMAN;11;8.1.1964;4;7
RUCAN;43;2.10.1965;14;29
REFIKAR;2;28.7.1958;0;2
DENIZGUL;8;29.1.1966;0;8
CEMKUT;2;11.5.1972;2;0
HEYDIN;1;27.4.1929;1;0
ERCIYES;26;4.10.1976;18;8
DENA;1;22.9.1964;0;1
MENGUL;14;8.3.1964;0;14
SAHIMAN;3;26.2.1954;0;3
EYUPSULTAN;6;28.7.1973;6;0
BEDIUZZAMAN;4;30.12.1963;3;1
HESENE;22;8.1.1956;0;22
SEDRADIN;1;7.6.1964;1;0
MUSTAN;1186;6.7.1960;1184;2
NEIRE;21;9.11.1948;0;21
UZMAN;12;15.7.1976;11;1
FEHME;145;15.10.1957;0;145
BEDIRNAZ;151;14.10.1955;0;151
PASABEY;51;18.2.1954;51;0
CAGNAN;4;13.2.1960;0;4
TUZE;11;15.10.1973;1;10
MUSLIMEN;3;4.4.1976;0;3
SUBAYDIN;5;7.3.1964;5;0
LEDI;1;25.10.1975;0;1
TALEHA;9;20.1.1965;0;9
YAKAR;43;24.8.1961;25;18
CEYHUDE;3;16.2.1962;0;3
NURELAM;1;3.2.1964;0;1
ARZUNUR;21;15.2.1982;0;21
KERIBE;7;27.1.1951;0;7
HAVULI;31;6.4.1949;0;31
KALENFIR;12;13.3.1955;0;12
TELLINAZ;24;3.5.1961;0;24
SAHABE;31;18.4.1960;1;30
BEYDAR;7;27.12.1956;2;5
ASLINAZ;10;11.12.1974;0;10
MELOS;8;25.1.1968;0;8
HALIBE;16;7.2.1964;0;16
MIRIBAL;1;22.2.1961;0;1
MERIBAL;2;29.11.1959;0;2
NURFETTIN;6;3.2.1955;6;0
KURTCEPHE;1;26.3.1972;1;0
NILDANUR;1;20.9.1981;0;1
OZCE;15;5.10.1983;0;15
TUTIYA;59;16.5.1956;0;59
HIZIRALI;17;2.10.1964;17;0
SUAY;228;8.9.1968;44;184
URKESE;2;24.2.1970;2;0
RAMUZ;7;6.10.1959;7;0
FEYIMAN;6;29.8.1973;0;6
UMITHAN;20;9.6.1979;16;4
SIFANAZ;21;15.11.1955;0;21
SAYRAGUL;1;4.7.1971;0;1
DEHA;174;4.2.1981;149;25
ZERAFE;5;12.4.1956;0;5
DILAYDA;36;10.3.1988;0;36
ISHAR;3;13.8.1965;3;0
UNSA;5;20.10.1974;1;4
MUNKER;15;3.2.1977;5;10
HULE;7;4.8.1966;0;7
SEVDEGUL;25;13.3.1976;0;25
MUSEBBE;15;20.8.1955;0;15
TURKSOY;7;16.3.1964;6;1
YASADDIN;96;28.11.1958;96;0
NESATTIN;6;2.7.1955;6;0
EZMI;7;8.5.1948;7;0
FEREHNAZ;113;25.9.1953;0;113
YENIGUN;24;7.1.1970;4;20
SENEHAN;1;17.12.1966;0;1
RESULI;20;12.8.1978;20;0
BARBOROS;322;4.3.1976;322;0
SUSEMBER;72;9.3.1954;0;72
ELMINOR;17;22.4.1951;0;17
GUNSAL;58;16.5.1958;12;46
GULSINAN;122;17.9.1965;1;121
ESMENDIN;1;29.5.1948;1;0
SIBA;15;18.6.1980;0;15
MUSAYET;4;18.8.1963;0;4
SERIZE;24;9.9.1958;0;24
KIDI;6;11.10.1944;0;6
BENERALI;1;16.2.1967;1;0
SAHMEDDIN;55;9.9.1955;55;0
UMMAME;1;3.5.1973;0;1
NECIAN;1;21.2.1969;0;1
GUNACAR;8;15.9.1962;0;8
ILMIHAL;11;24.7.1969;4;7
ORYAL;25;6.1.1963;22;3
MUCEL;10;2.4.1966;1;9
SUTFINAZ;6;26.4.1963;0;6
CAYCAN;3;22.10.1967;2;1
BERKA;8;7.7.1982;0;8
METLUBE;35;11.7.1951;0;35
CANDINDAR;1;11.1.1980;1;0
AKIBET;39;16.6.1973;0;39
BIRLIYE;1;29.5.1944;0;1
RUHISAZ;2;18.12.1950;0;2
NURPASA;29;18.5.1958;10;19
LILAFER;16;24.5.1969;0;16
NESLENUR;5;23.6.1983;0;5
PAMIS;93;26.6.1957;0;93
BIRSE;6;10.6.1958;0;6
SARGUL;16;5.6.1969;1;15
SEFIYETE;9;23.8.1968;0;9
SEVCIN;11;22.3.1961;2;9
KIZ;14;18.11.1956;0;14
RUSGAT;9;25.10.1964;0;9
NEBARE;2;15.4.1950;0;2
HANIMCIK;194;16.5.1954;0;194
MARUHA;1;27.10.1940;0;1
EKREMALI;4;18.8.1966;4;0
ALINAIM;2;26.3.1963;2;0
SENOR;2;23.7.1967;1;1
ALCAN;18;2.9.1974;11;7
ZIZEY;7;19.4.1936;0;7
SADAIL;3;28.4.1949;3;0
UGURASLAN;1;19.5.1979;1;0
MURIFET;35;22.11.1961;0;35
CIHANKER;75;11.6.1965;73;2
NUREYLA;25;14.2.1967;0;25
HUMEYHA;1;14.12.1965;0;1
SAZE;5;24.7.1959;0;5
OZENAY;18;17.8.1968;3;15
EZNE;2;28.10.1937;0;2
OZDESEN;1;9.5.1988;0;1
DINC;163;4.11.1969;163;0
RUHINAZ;274;4.4.1956;0;274
NANA;33;17.10.1964;0;33
CHAFIE;1;25.5.1981;0;1
GULSEREF;231;1.9.1958;0;231
NURCAKIN;2;6.1.1964;0;2
DINAN;14;7.10.1983;14;0
HASLET;42;30.10.1973;9;33
BENDER;43;12.2.1971;36;7
MURADDIN;11;22.6.1959;11;0
GUVENIR;36;5.1.1973;34;2
NECIAT;2;18.9.1948;0;2
SHUSHIK;1;6.7.1938;0;1
ALAGUL;4;28.4.1961;0;4
AYBEK;75;14.5.1973;56;19
EBRA;11;27.10.1983;0;11
NELCIHAN;1;7.7.1969;0;1
KRAL;25;12.2.1978;25;0
IKSEN;11;16.4.1969;1;10
REJAN;12;15.10.1968;1;11
URKIYA;69;19.6.1961;0;69
KAMIRAL;6;7.4.1963;4;2
CANALP;26;19.4.1980;26;0
NEVIDAN;19;23.11.1967;0;19
BILICE;6;2.8.1969;0;6
FERDENUR;1;27.2.1992;0;1
VAGIF;13;18.1.1974;13;0
VEJDA;10;6.11.1977;0;10
NAZIRAN;17;3.7.1963;0;17
NURTEK;7;2.10.1964;1;6
MERIYHAN;2;27.6.1965;0;2
NUMIGAT;1;3.4.1943;0;1
SEMIGUL;71;2.2.1970;0;71
ZENNIRE;5;19.9.1959;0;5
LEVAN;9;18.6.1962;3;6
RAZI;273;25.12.1959;226;47
CEYHUNE;24;21.3.1962;0;24
UMMUGULSEN;10;13.6.1969;0;10
MUZEKER;7;5.7.1953;3;4
DIGAR;4;3.12.1958;0;4
SEVMIYE;85;26.2.1954;0;85
ENGINAR;98;3.9.1971;0;98
SERRAHAZAL;1;13.10.1990;0;1
REYLAN;4;26.5.1980;0;4
REMIGUL;5;3.5.1964;0;5
SEDDET;23;10.7.1949;22;1
MEMEDALI;10;19.9.1961;10;0
ZEHRAGUL;141;25.6.1964;0;141
VUSALA;15;19.11.1981;0;15
MUHALLEK;1;9.3.1931;0;1
HATIFET;2;15.3.1949;0;2
VARIS;23;30.7.1968;19;4
MUNTEHER;3;29.5.1961;0;3
EFRUZEFILIZ;1;26.2.1963;0;1
UMUTGUL;2;30.3.1984;0;2
GOKTAY;80;8.10.1976;80;0
YEKNAZ;1;20.9.1933;0;1
ZULKIYE;52;11.11.1957;0;52
ISTEMI;82;24.3.1974;76;6
SENAYOL;1;23.2.1979;0;1
SEVILA;112;11.6.1971;1;111
SAYLA;36;23.8.1967;0;36
YAVUZER;55;1.10.1972;55;0
ESVED;41;18.1.1972;19;22
SIYADET;2;17.3.1950;0;2
MUYASER;34;28.4.1971;0;34
CANKURT;25;19.3.1977;25;0
SEMAHIL;1;12.8.1953;0;1
GORSEL;55;12.8.1976;42;13
CUNDAR;1;3.3.1943;1;0
SISMAT;9;6.1.1946;0;9
AYFETTIN;38;16.11.1965;38;0
ZALA;92;12.9.1961;0;92
ILKYAZ;40;23.9.1988;2;38
SEYRAP;10;7.10.1965;0;10
TENCIN;1;1.3.1960;0;1
KETEVANI;2;5.4.1962;0;2
ZAMELLI;1;25.7.1967;1;0
BIRIN;11;5.3.1964;1;10
HAFITHAN;1;29.6.1988;1;0
NEFIGUL;14;26.3.1966;0;14
FIRDERS;5;30.1.1964;0;5
ALTARHAN;1;16.3.1987;1;0
SEVINAZ;116;27.10.1967;0;116
EKSEL;6;9.10.1969;3;3
ZORER;2;15.7.1942;2;0
ZENNIGUL;3;11.2.1952;0;3
NURAYDAN;12;28.12.1963;0;12
TUYGAN;8;25.5.1972;8;0
BURSAH;15;19.10.1988;1;14
INAYEL;1;7.3.1973;0;1
AKTEN;71;4.12.1952;4;67
NEIL;7;25.11.1970;5;2
MEYASET;10;2.2.1967;0;10
SOYDANER;25;15.3.1972;25;0
SAHUNAR;1;4.3.1957;0;1
EBULFEZ;34;20.1.1971;34;0
HESMA;16;10.9.1952;0;16
SONDEM;41;3.5.1981;2;39
IRFANE;72;28.9.1949;0;72
TOGMAN;22;18.9.1960;22;0
GULBEK;52;2.9.1961;48;4
MERTGUL;2;12.7.1978;2;0
AKSER;23;3.3.1962;6;17
ALAUDDIN;12;24.3.1971;12;0
NURCEHRE;2;13.1.1959;0;2
OCRET;1;27.8.1938;0;1
PEYAMIN;3;11.12.1960;3;0
NAHIZAR;9;11.3.1948;0;9
NIGAHI;12;4.10.1958;11;1
ATAC;52;14.4.1972;51;1
GULDENAM;1;6.9.1974;0;1
SOYTURK;17;24.2.1976;17;0
ZAMIRA;35;20.11.1972;0;35
UMURE;6;12.2.1961;0;6
ULUVE;11;30.8.1951;0;11
DINMEZ;5;23.11.1956;3;2
AIGUL;10;18.2.1974;0;10
MUCIBURRAHMAN;12;17.8.1976;12;0
ORHANAY;3;13.3.1964;3;0
NURCEVHER;1;4.3.1957;0;1
RAIBE;56;24.1.1961;0;56
MEHRIBAL;19;26.2.1968;0;19
BITEN;4;2.12.1972;1;3
DEMIRSAL;1;24.11.1957;1;0
NURSET;59;24.6.1968;14;45
PIRLANT;5;27.4.1950;1;4
CANIBEY;19;24.1.1964;19;0
HUKMI;38;14.12.1958;38;0
BILHANIM;1;30.10.1984;0;1
MUSTECIP;16;2.10.1953;16;0
BINNIYE;116;24.1.1961;0;116
ABDULMUHEYMIN;3;7.5.1984;3;0
NURSEVDE;1;9.3.1991;0;1
MUSMULA;13;4.7.1957;0;13
EFKARI;5;17.2.1962;4;1
EFRETTIN;22;12.4.1959;22;0
SEMINA;28;26.9.1980;0;28
ISRACETTIN;7;6.10.1960;7;0
FIRIYE;3;13.2.1953;0;3
REFILE;3;12.7.1941;0;3
SUSENBER;394;14.9.1952;0;394
SELMANUR;26;2.3.1978;0;26
PASAALI;26;17.2.1960;26;0
SELCUKEFETURK;1;16.7.1945;1;0
BEYSAT;60;3.7.1963;59;1
HANIMZADE;75;7.6.1955;0;75
ZEYRAN;10;12.2.1962;0;10
DORUKAN;31;20.3.1989;31;0
URE;1;27.8.1914;0;1
PERUZ;91;2.11.1951;15;76
ZUNUBEY;1;3.12.1963;1;0
SEYIMA;30;5.2.1981;0;30
ZORDOGAN;1;12.7.1953;1;0
YETISKEN;6;25.12.1971;6;0
KUCUKBEY;50;3.5.1958;50;0
DERGIN;15;9.12.1975;5;10
KUMBISER;1;11.5.1949;0;1
GULCEMEN;3;24.9.1983;0;3
EMRIN;51;20.4.1981;17;34
MINKARI;2;16.4.1972;1;1
NEOMAN;4;15.6.1968;3;1
KUBLAY;131;5.12.1962;129;2
SAFFAT;109;1.5.1957;96;13
SUNNUR;7;26.12.1967;0;7
CEHRI;14;1.5.1958;8;6
SUHLET;1;9.3.1953;0;1
MIMER;2;23.3.1960;1;1
SULEGUL;5;1.2.1976;0;5
GULZAR;329;2.3.1949;0;329
NEVRIGUL;71;8.5.1962;0;71
LAHOVARIA;1;22.2.1965;0;1
VEDATTIN;3;24.4.1969;3;0
VATANSEVER;7;18.11.1976;6;1
GUNUR;29;2.1.1969;4;25
SURETTIN;35;28.7.1958;32;3
CILLIHAN;1;17.9.1980;1;0
KISARA;1;29.6.1965;0;1
MIRACE;32;3.11.1968;1;31
MUECCEL;97;19.10.1953;0;97
BEYHUDAR;8;25.1.1961;7;1
NATUK;3;30.7.1971;3;0
NURSALIH;2;23.8.1982;2;0
MERIYEM;197;22.2.1966;0;197
HULKER;5;8.12.1958;1;4
FEMINNUR;1;26.12.1971;0;1
MAHISET;1;10.11.1966;0;1
HAZIZAT;1;27.7.1971;0;1
SIPIR;2;22.6.1959;1;1
REYAN;42;12.12.1965;2;40
DURSUNGUL;47;12.8.1962;0;47
TEKTIRE;1;7.8.1928;0;1
LIMONNUR;1;3.3.1974;0;1
MEMDUA;8;17.9.1957;0;8
ESMANI;215;27.11.1958;210;5
MILLIYET;44;8.6.1979;4;40
OZGESU;4;24.9.1989;0;4
OKSAL;30;19.8.1970;29;1
ZIYEDDIN;94;26.1.1958;94;0
ULKUM;57;26.8.1976;4;53
HAYRULLA;6;23.12.1953;6;0
SECMEN;170;11.2.1972;93;77
PIRAYE;179;20.9.1960;0;179
ERMAZA;1;22.10.1953;0;1
ZENNIHAN;2;28.7.1972;0;2
AYNIYAT;3;11.11.1953;0;3
MEHRUBAN;4;1.5.1963;0;4
VILDANUR;10;1.11.1976;0;10
UNLUER;4;7.3.1964;4;0
ERKMEN;65;14.4.1977;64;1
MUVAHIT;6;7.7.1981;6;0
MUREYYE;1;22.2.1967;0;1
SEFAKET;11;1.9.1959;0;11
NAHURI;1;22.8.1925;0;1
BERTUG;101;18.10.1985;98;3
AYENDE;1;23.3.1952;0;1
YAKUPTURAN;1;23.2.1969;1;0
MEHRIMAN;51;25.9.1963;0;51
FATUMATULZEHRA;5;10.2.1981;0;5
AZIZALI;11;8.7.1972;11;0
TONER;7;25.10.1972;4;3
MEYSARE;10;3.4.1965;0;10
BETULHAN;12;27.3.1983;1;11
BERZAH;12;21.9.1986;4;8
HEME;9;20.8.1953;2;7
ABDULAHMET;11;4.12.1972;11;0
NURELEM;6;19.5.1962;0;6
ZEYTUL;4;28.6.1967;0;4
TERSUFE;1;3.4.1982;0;1
GULDANUR;39;30.12.1970;0;39
NAYINCE;1;29.1.1984;0;1
SUFE;18;28.8.1953;0;18
SAHISTEN;2;29.1.1962;0;2
GOZALA;1;12.3.1959;0;1
NECIFE;842;3.8.1962;0;842
FUTI;1;6.8.1926;0;1
MEDAR;47;18.2.1967;40;7
MEHPUP;12;7.5.1968;0;12
ABDULRESIT;30;13.11.1962;30;0
KEMALET;11;4.8.1958;3;8
GULSERE;32;30.7.1959;0;32
ILAME;17;9.10.1949;0;17
SUVET;15;7.12.1959;2;13
NEGEHAN;53;8.11.1979;0;53
DUDUNAZ;56;2.8.1965;0;56
OZALTIN;52;21.9.1958;0;52
ULVISINA;1;24.10.1988;1;0
ADRIYE;14;18.9.1962;0;14
ZIYAFE;40;6.6.1959;0;40
IFAKE;1;3.5.1957;0;1
VIRCAN;1;1.6.1981;0;1
MELEKSIMA;141;8.10.1962;0;141
MUSELLIM;74;1.3.1961;71;3
HURSELEN;1;30.12.1978;0;1
FENI;2;22.8.1967;0;2
SAHSANE;18;17.11.1960;0;18
FITRET;47;16.7.1944;5;42
SULAN;25;18.3.1964;1;24
SEVNINUR;1;22.2.1943;0;1
HEZIME;62;6.12.1956;0;62
ILKEZ;2;24.4.1980;0;2
SEYHATEN;1;21.9.1988;0;1
SENSAL;31;23.2.1965;16;15
FATIMATUL;35;2.8.1980;0;35
EDRIBE;1;11.2.1928;0;1
TIMURHAN;78;21.5.1976;78;0
INNE;1;6.3.1978;1;0
YUSA;127;20.3.1981;122;5
SECDA;43;20.9.1974;2;41
BIRSON;13;22.10.1963;6;7
HUREMINE;1;16.9.1977;0;1
NUHBEY;105;6.5.1964;105;0
MENSEKER;1;27.2.1956;0;1
SULHSEVER;2;25.5.1955;1;1
BULUDIYE;6;29.3.1966;0;6
YURT;107;12.3.1970;92;15
ESIT;7;1.1.1971;3;4
BAHTUMAN;1;27.2.1962;0;1
SAIMI;8;7.7.1959;7;1
VURALHAN;11;27.12.1987;11;0
ZIHNIFER;8;27.6.1942;0;8
MULAZZIM;3;27.12.1968;3;0
GULMISAN;6;12.12.1971;0;6
SAITALI;14;13.3.1965;14;0
ABDULLAHHAN;7;24.4.1978;7;0
ZEKICAN;13;12.3.1987;13;0
AYDUNUR;2;3.10.1978;0;2
SELHUN;3;14.12.1972;3;0
TORLAK;1;23.9.1967;1;0
RISKULLAH;8;17.9.1965;8;0
ATILLAHAN;18;18.2.1982;18;0
ONEL;76;10.2.1962;54;22
SEYIL;1;11.10.1963;0;1
ULU;18;2.12.1958;17;1
ZIVERHAN;1;21.9.1988;1;0
SIMGENUR;8;6.11.1988;0;8
NECEF;166;30.7.1964;140;26
KIZBES;216;26.9.1952;0;216
VARVARA;16;15.3.1951;0;16
ARSEN;103;16.7.1969;81;22
SAMUDDIN;1;11.4.1934;1;0
BILHAYAT;7;29.5.1960;2;5
ILBEYI;285;28.4.1956;285;0
NEIDUM;1;16.3.1949;1;0
BILGINC;10;26.11.1980;6;4
ZENCEBILE;6;2.11.1959;0;6
FEYDE;7;27.3.1961;0;7
BEHUDDIN;1;17.8.1948;1;0
MIRISAN;2;30.1.1951;0;2
MAGULI;1;27.2.1962;0;1
ARIFIYE;213;28.1.1965;0;213
ARZIMAN;11;21.1.1959;3;8
HANEFIL;2;28.3.1961;2;0
MURATALI;26;6.8.1973;26;0
UMAME;10;26.9.1967;0;10
MUSERREV;3;15.9.1960;0;3
RESIM;67;25.10.1963;62;5
AHUNUR;32;16.1.1985;0;32
CEYLIN;96;18.5.1986;2;94
KAGHAN;3;1.10.1980;3;0
GULLICAN;12;27.8.1965;2;10
DENIZER;52;27.9.1979;50;2
YASARNUR;13;11.2.1973;1;12
FARFULE;1;25.4.1931;0;1
MUHIBBE;84;29.9.1949;0;84
FIRKET;47;11.12.1964;3;44
HUREYLA;28;6.3.1972;0;28
ATMACA;26;28.10.1964;26;0
GULSOY;65;25.12.1970;7;58
ERTURAN;164;6.4.1963;164;0
MUHLET;14;21.12.1950;1;13
FABIYE;7;16.6.1964;0;7
GALIBIYE;8;18.7.1958;0;8
ETERI;13;20.4.1957;0;13
GULDIDEM;5;30.5.1980;0;5
IRYNA;92;15.12.1973;0;92
GUSVENT;8;7.6.1945;0;8
FIDIRET;3;30.11.1969;0;3
NIHADET;3;17.3.1950;0;3
ASIFER;25;10.11.1952;0;25
SARAYNAZ;49;23.6.1958;0;49
HASKADIN;76;28.6.1958;0;76
SEFLEM;1;12.10.1991;0;1
SAZIVER;136;10.5.1954;1;135
NEKIZ;1;8.6.1946;0;1
RAMIDA;5;13.7.1965;0;5
MUFEYDE;7;10.9.1967;0;7
SULTANAZIZ;2;12.2.1960;2;0
FERUNDE;46;14.6.1958;0;46
MULEYKE;30;26.3.1987;0;30
KORUR;7;22.1.1967;7;0
MENSUCAT;2;10.11.1971;0;2
URKE;251;16.4.1950;0;251
GOZEN;119;26.6.1971;3;116
MUHIBBI;59;14.7.1954;56;3
ISREN;5;10.10.1984;1;4
GULLEN;18;27.6.1960;1;17
BEREM;2;1.10.1964;2;0
MUSUNE;23;4.12.1963;0;23
GENCTURK;12;16.5.1968;12;0
BERIYYE;6;26.9.1957;0;6
BEYRIM;1;2.2.1957;0;1
SEMURAN;28;29.9.1964;0;28
OKUR;10;23.2.1972;10;0
SEHRUZAN;4;30.8.1964;0;4
DINCEL;124;14.1.1969;116;8
GHIORGHITA;2;24.5.1967;0;2
NIDANUR;16;3.4.1989;0;16
IZANI;12;21.2.1956;12;0
HENIDE;1;9.3.1983;0;1
AYFEDDIN;17;5.4.1961;17;0
TOVE;2;12.3.1954;0;2
NECIB;172;6.8.1959;172;0
ZULFIKA;5;10.11.1965;0;5
HANIMIYE;7;2.7.1953;0;7
HARUNI;26;7.4.1966;26;0
NURGUT;8;6.10.1967;7;1
SULLEYLA;2;17.11.1960;0;2
MERAHAN;2;14.11.1951;0;2
GUZELETTIN;1;8.3.1957;1;0
GULERHAN;21;25.10.1968;0;21
SAREL;3;22.4.1978;1;2
MUAFFAK;78;11.10.1964;77;1
GULENDA;19;26.9.1968;0;19
ABUZEYIR;1;22.11.1968;1;0
ZULEHA;87;21.5.1962;0;87
GULALTUN;14;22.10.1962;0;14
EFREDDIN;18;22.8.1950;18;0
MARA;16;13.11.1953;3;13
SEVAN;308;21.3.1975;240;68
ELETTIN;33;9.5.1956;33;0
VECEHAT;9;2.7.1962;1;8
MUGEN;38;27.1.1979;0;38
GULERI;8;12.4.1964;2;6
DESTINAZ;5;28.9.1980;0;5
FERENAS;1;13.9.1968;0;1
ZEYNALABIT;2;19.10.1955;2;0
EBUMUSLIM;15;13.10.1967;15;0
BENIMSER;5;20.9.1962;2;3
SAFFAN;44;22.4.1967;42;2
NURYAN;50;26.4.1967;1;49
GUNTEKIN;95;18.10.1966;93;2
NIZAMBEY;1;6.5.1951;1;0
GOKDEM;12;2.1.1980;10;2
SEZAETTIN;13;18.3.1956;13;0
NEIM;19;14.12.1950;17;2
NAYTEN;2;7.3.1949;0;2
MAASIR;1;2.8.1921;0;1
SIVEZER;3;15.11.1931;0;3
FILDANE;11;11.9.1962;0;11
TUGCEHAN;16;6.5.1989;1;15
YASLI;23;21.12.1968;0;23
ALIMEMIS;1;17.12.1987;1;0
KULTARAY;1;22.3.1946;0;1
BEDISAN;7;4.6.1956;0;7
AYZAN;5;3.3.1962;1;4
SENIS;55;14.2.1967;7;48
SERUZE;19;25.6.1952;0;19
FEHBI;12;15.1.1970;12;0
SAVIDE;8;12.9.1965;0;8
FEZIHAN;5;14.4.1953;0;5
NURCAGAN;1;11.10.1970;0;1
NUELBER;1;12.10.1929;0;1
SAYYIME;2;27.2.1975;0;2
KIYAFETTIN;22;5.9.1961;22;0
NETINCE;3;18.10.1967;0;3
MEHMETAKIF;38;4.6.1978;38;0
GURERMAN;1;7.2.1958;1;0
OLFAZ;3;18.12.1963;1;2
KORMAN;29;18.12.1963;28;1
VECAHET;21;19.1.1942;0;21
AHTER;171;27.9.1963;19;152
SUREN;59;22.1.1958;43;16
EVSAN;51;6.11.1970;8;43
MELIA;6;21.10.1956;0;6
BIRANIL;1;12.11.1976;1;0
ELFA;9;21.9.1974;1;8
MUGTESEM;1;20.5.1973;1;0
FERAHAN;31;23.12.1962;0;31
MOLLAMAHMUT;1;22.10.1961;1;0
VEFAH;4;11.1.1970;4;0
GULUBEY;5;24.7.1952;5;0
APTURAMAN;6;21.8.1961;6;0
REBAHAT;11;5.12.1967;1;10
NEAR;1;7.3.1970;0;1
EKSEN;5;21.4.1969;3;2
YEHUZA;2;8.9.1958;2;0
FEYRUZZAFER;1;18.9.1975;1;0
YAYHA;5;22.3.1964;5;0
ESENKIZ;1;7.10.1982;0;1
HANUMA;2;12.9.1958;0;2
TOKBAY;1;27.6.1950;1;0
SEMIAL;3;28.5.1953;0;3
SEMSIBAL;1;11.3.1961;0;1
ALAYDIN;13;9.11.1966;13;0
NUKIYE;12;16.2.1958;0;12
TECEL;13;6.10.1973;5;8
M.FEVZI;8;30.6.1940;8;0
CEVIK;71;28.9.1958;69;2
YUNUZALI;1;6.1.1966;1;0
O.;1;2.8.1933;1;0
NECAVET;15;19.6.1952;4;11
SERMIHA;3;25.3.1969;0;3
BUKKET;1;27.2.1989;0;1
MUZGAN;98;6.7.1960;1;97
HURIYYE;9;16.3.1962;0;9
FILZ;1;27.2.1986;0;1
ZALIKE;120;2.6.1964;0;120
NIGAN;10;30.6.1974;0;10
KITAIN;2;28.10.1951;0;2
SEHZENE;1;20.2.1991;0;1
KUSIKE;1;16.9.1959;0;1
SEMSIDDIN;90;4.7.1960;90;0
MAGRIFE;2;19.3.1949;0;2
MULKUM;2;12.11.1969;2;0
SEMEN;206;28.12.1963;10;196
ZEKAVE;4;22.7.1954;0;4
ECRA;3;3.1.1989;0;3
SEBINAZ;8;13.6.1963;0;8
PANBULI;1;1.1.1981;0;1
HAMICHE;1;13.6.1965;0;1
FATMET;47;12.6.1944;0;47
BAHTUN;1;11.11.1961;1;0
SABRETTIN;58;29.8.1966;58;0
MEYHANIM;69;14.12.1947;0;69
ASIMOZI;1;18.5.1987;1;0
ASULA;2;17.3.1947;0;2
SEMSUDDIN;5;28.1.1956;5;0
DIDAYET;1;3.6.1977;0;1
SAKIME;26;9.7.1962;0;26
HASET;5;16.12.1961;4;1
YAGVER;7;15.11.1964;6;1
TAYIFE;21;28.8.1970;0;21
SEMSUBAN;14;6.8.1960;0;14
YENIKIZ;1;2.3.1945;0;1
MASAKER;1;12.2.1941;0;1
YUKSELAY;4;18.12.1958;0;4
EBI;4;19.6.1974;4;0
UZEYNE;4;11.12.1956;0;4
YEHUZE;7;1.1.1957;3;4
ESVER;36;2.7.1969;9;27
YAHUZE;23;14.2.1958;17;6
MIRZAP;2;20.10.1975;2;0
ELSA;16;11.6.1975;0;16
BADIGUL;25;24.1.1964;0;25
MIRIMAN;11;11.2.1954;0;11
ASEN;40;22.2.1970;6;34
NAFIGUL;5;9.9.1958;0;5
MUGALLAH;1;21.6.1952;0;1
INSU;5;17.9.1985;1;4
SERINNAZ;4;13.1.1950;0;4
SEZAYIN;7;15.7.1965;6;1
NIGAIL;2;4.9.1956;2;0
SEFAYIN;2;1.8.1957;2;0
Y.;2;1.9.1941;2;0
HILMAN;11;23.1.1964;3;8
PERUHAN;13;26.9.1955;0;13
MUGRET;2;7.3.1964;1;1
SAHIDDIN;32;30.1.1966;32;0
HUSNIHAL;4;21.3.1966;0;4
HUSNUHAL;7;12.10.1958;0;7
SEVAHIR;47;5.10.1963;2;45
PERHUZE;2;4.2.1959;0;2
RUKEYYE;9;17.8.1981;0;9
ALOSMAN;11;20.2.1964;11;0
VESIYE;80;17.2.1969;0;80
SEYFUDDIN;3;20.9.1961;3;0
SAMRI;1;16.9.1946;1;0
GULMAGFIRET;1;22.2.1935;0;1
SELAUDDIN;3;21.12.1946;3;0
NURICAN;127;10.10.1968;87;40
HANIMSEN;1;12.4.1971;0;1
ESELYA;1;7.5.1976;0;1
REVAH;9;16.3.1967;2;7
DURSEMIN;6;27.7.1963;0;6
GULSENAY;18;10.10.1976;0;18
OZERDURMUS;1;29.10.1973;1;0
KASIMALI;3;5.10.1976;3;0
NUBUVVET;31;3.6.1963;4;27
EMINEHATUN;95;6.7.1967;0;95
SEVIYAN;54;22.11.1965;1;53
DEMUREN;2;2.4.1955;0;2
HISABI;10;7.8.1959;10;0
RECIBE;69;8.10.1963;0;69
FILYAT;6;29.6.1641;0;6
HAVVAHATUN;49;12.3.1973;0;49
KURTCA;873;19.2.1962;873;0
YASE;14;23.12.1963;0;14
SEVYAN;31;24.12.1962;0;31
FASIYE;7;7.2.1963;1;6
IFRIGUL;19;18.6.1962;0;19
MAHFER;10;30.7.1964;6;4
UFKAY;13;11.9.1974;10;3
FATMAHATUN;33;11.11.1963;0;33
DURAL;172;1.4.1973;165;7
SELAIDDIN;12;29.8.1960;12;0
YEKDANE;49;4.11.1958;0;49
FEZUL;2;5.10.1947;2;0
IFRI;6;10.5.1958;0;6
SEFAIR;7;21.4.1967;1;6
BICER;18;4.7.1953;16;2
NURDET;11;10.2.1959;5;6
KURTHAN;31;8.1.1969;16;15
SERAVI;12;11.12.1965;3;9
ISABI;2;17.5.1944;2;0
SULDAN;16;30.4.1962;3;13
SENDUR;181;13.1.1967;52;129
HACIHAN;81;17.1.1955;2;79
ULFIDE;21;11.5.1945;0;21
NAMIKAR;29;10.11.1955;0;29
RUKE;10;11.1.1949;0;10
GULELEN;1;11.2.1945;0;1
DEMIREN;5;25.10.1965;1;4
KURTHANIM;115;7.10.1957;0;115
KOSAR;31;2.9.1968;29;2
CULIDE;16;20.12.1958;0;16
BUCE;2;12.7.1983;0;2
SEHVAN;53;11.3.1972;49;4
ESABI;17;6.8.1970;17;0
KOKLEM;1;24.4.1981;1;0
INREN;1;16.9.1951;0;1
SEVIYEN;66;20.10.1968;0;66
CUHURE;1;9.3.1932;0;1
MAYSEL;22;9.5.1969;0;22
ARCAN;113;6.12.1976;106;7
SEDIDE;49;6.6.1962;0;49
MALIC;2;17.6.1967;2;0
SEDAYIGUL;2;20.3.1972;0;2
SAFIKAR;10;25.9.1956;0;10
SELATIYE;3;30.6.1966;0;3
AKBEY;54;20.8.1965;53;1
ALIDURSUN;16;16.9.1959;16;0
FEYZUL;32;1.2.1957;32;0
OMURDEN;45;16.10.1980;33;12
BUNUR;3;30.4.1977;0;3
SELFIZ;1;17.2.1948;0;1
CALIBE;189;12.5.1956;0;189
RAMIA;14;13.7.1957;0;14
GULAYDIM;1;18.3.1966;0;1
MEZAHAT;5;26.1.1961;0;5
HUSEYIH;6;21.12.1981;6;0
KURTAN;18;1.8.1966;9;9
TURCIYE;46;6.2.1957;0;46
UGURBEY;6;17.2.1977;6;0
MERCISTAN;2;19.7.1944;0;2
LAFAT;1;11.5.1976;0;1
AKCA;140;26.4.1959;46;94
NEVAY;12;12.10.1974;0;12
MEKUL;6;16.2.1965;1;5
ZILAFET;3;22.6.1943;0;3
FRANCINA;1;19.2.1943;0;1
YASARHANIM;6;3.8.1962;0;6
UFDADE;11;26.1.1965;2;9
DAMLACAN;3;20.12.1987;0;3
FIDASE;335;4.12.1962;0;335
CIHANGIRAY;6;17.11.1968;6;0
IZVER;38;14.5.1956;10;28
IFTAHAR;18;20.12.1972;1;17
ULFE;6;1.2.1964;0;6
BERAITTIN;3;29.3.1958;3;0
KURTULAY;32;10.9.1973;29;3
GOKKIZ;108;17.3.1957;0;108
ULGUYE;13;17.2.1964;0;13
ILGIYE;2;16.3.1945;0;2
MADIRAT;1;14.1.1974;0;1
YAKIDAR;1;13.1.1992;0;1
PAULA;20;11.4.1972;0;20
ZUBUS;43;2.2.1952;0;43
BINAT;25;20.9.1956;25;0
FEVZUL;2;16.4.1954;2;0
GULZAFIRAN;1;16.6.1970;0;1
AKVELI;1;6.6.1954;1;0
MIGSURE;1;11.2.1955;0;1
SEFEL;1;17.2.1954;1;0
SAKINUR;44;2.6.1970;0;44
BELIMAN;9;2.7.1962;0;9
SAFIHAN;1;9.8.1971;0;1
MAGFER;8;14.4.1948;2;6
HOSEDA;4;11.10.1972;0;4
ERESUL;3;26.4.1955;3;0
SERDIYAR;1;8.11.1956;0;1
GURSUME;4;14.12.1956;0;4
VATANDAR;1;21.3.1987;1;0
ILHANIYE;27;28.5.1963;0;27
MUSABI;2;20.1.1955;1;1
TEKINER;33;28.1.1970;33;0
SENGULE;9;20.3.1962;0;9
MESSURE;74;16.3.1966;0;74
ALTUNKIZ;1;15.10.1923;0;1
SAARA;10;19.2.1979;0;10
AZEN;4;23.2.1955;3;1
SEVILAL;3;17.11.1967;0;3
ADIKEHATUN;1;17.2.1954;0;1
ILGA;4;18.5.1977;1;3
BECIHE;6;6.1.1955;0;6
IFTIHARE;5;24.9.1957;0;5
NEMLIHA;5;26.1.1968;0;5
YENEN;11;21.2.1961;9;2
EFDAR;1;26.1.1939;0;1
TINAZ;25;6.5.1971;22;3
BAYRAMHAN;102;10.7.1957;1;101
SUNLU;2;5.9.1950;0;2
SEYITAHMET;358;2.1.1964;358;0
NURUTTIN;8;15.7.1958;8;0
UGURGUL;65;21.5.1978;0;65
ILTIMUR;1;15.2.1978;1;0
SEYDUK;15;8.7.1967;15;0
SENGUR;46;9.10.1957;17;29
KARKIZ;7;9.1.1952;0;7
KARAKIZ;350;19.1.1954;0;350
GULFIDA;73;30.6.1961;0;73
GULBEYDI;1;17.6.1966;0;1
SEYDIAHMET;33;14.6.1973;33;0
MUSAMI;2;28.5.1971;2;0
MERVI;9;15.4.1984;1;8
NADIFE;186;30.1.1965;0;186
YASARBEY;7;21.6.1952;7;0
ZILFAN;20;15.3.1968;0;20
NURSENGUL;9;6.4.1971;0;9
ALTUNER;16;15.9.1966;13;3
GULZADI;2;12.2.1959;0;2
SARIKIZ;78;12.10.1959;1;77
SATUL;3;13.8.1971;3;0
UMMUHATUN;1;26.6.1989;0;1
ELIFNAZ;19;24.4.1969;0;19
REFAETTIN;265;15.4.1960;265;0
SADUL;20;21.12.1970;19;1
ABDULKAYIM;5;29.7.1963;5;0
NARMIYE;30;30.8.1961;0;30
ZALIF;137;6.1.1965;124;13
URGUYE;53;10.11.1962;0;53
AKYILDIZ;9;4.12.1938;1;8
GULAPTUL;1;17.2.1966;1;0
GUZADE;79;18.5.1959;0;79
ENDEGUL;18;10.12.1974;0;18
ZARIK;7;16.8.1963;1;6
SANIK;9;18.7.1954;0;9
TEFIYE;16;7.11.1960;0;16
KUSUHRAY;1;12.10.1925;0;1
ARSLANHAN;10;1.7.1951;0;10
SATMAN;95;20.2.1966;0;95
MEYLUDE;5;6.5.1962;0;5
KAYAHANIM;150;3.3.1969;0;150
FIDAKE;1;9.2.1974;0;1
VAHITDIN;19;10.9.1960;19;0
SERNISAN;11;27.9.1963;0;11
ZUREYDE;4;10.9.1973;0;4
CAKIRKIZ;3;1.5.1949;0;3
VERISAN;2;17.11.1977;0;2
SEFERNAZ;19;18.1.1960;0;19
NURFIDE;34;29.10.1968;0;34
MUSETTIN;7;10.4.1952;7;0
FATULA;33;21.9.1947;0;33
ALIMAN;143;16.2.1955;100;43
KALIBE;6;4.1.1960;0;6
YURDUM;26;25.2.1969;15;11
GULISRAF;41;24.3.1951;0;41
MINNISA;4;20.2.1953;0;4
MUDESSIM;9;9.2.1942;9;0
EFILE;92;5.9.1964;0;92
SEFAHITTIN;4;11.9.1964;4;0
MUKAYIL;130;13.4.1972;130;0
BELIZ;250;2.1.1983;0;250
GUNAR;103;17.4.1957;9;94
TURKISTAN;19;11.4.1975;5;14
NIKAIP;1;7.4.1975;0;1
FAHRIZE;5;25.9.1960;0;5
IRABE;29;21.3.1954;0;29
HATICETULKUBRA;25;20.12.1960;0;25
NADIK;13;12.10.1951;3;10
SIDAKA;4;6.4.1954;0;4
LEHVIYE;1;7.2.1940;0;1
MABUB;2;11.8.1959;0;2
AKKUS;39;5.11.1956;21;18
DUNNER;2;20.9.1948;0;2
MITHAP;1;24.4.1958;1;0
GULHUNER;8;16.2.1952;0;8
MEZURE;8;2.11.1957;0;8
NUHHAN;11;25.8.1978;10;1
MUHRIYE;116;13.12.1954;0;116
BERKEM;42;8.1.1987;36;6
JANSET;114;20.2.1975;1;113
GUNCAG;4;19.10.1970;2;2
MUBAH;50;6.7.1965;25;25
ALVARD;4;23.2.1966;0;4
OZNURAY;11;24.3.1974;0;11
DOLU;11;6.7.1969;10;1
KUDSI;54;2.4.1962;54;0
BESTI;413;8.1.1954;0;413
ARHAN;33;8.9.1973;33;0
BURCAKAN;1;3.1.1991;1;0
NEKTAR;26;1.7.1955;0;26
GUNGEL;4;4.8.1956;1;3
CANANI;19;20.5.1962;19;0
BERDIYA;1;28.8.1983;1;0
NEZDET;26;30.4.1957;26;0
IMEHAN;74;4.10.1957;0;74
EMMAR;54;17.1.1975;54;0
ASUHAN;20;28.4.1986;0;20
CILEN;45;20.9.1975;0;45
KENDINUR;41;22.9.1967;0;41
ILKSER;21;15.2.1972;3;18
NEFAZE;1;21.12.1960;0;1
ERTUS;6;1.1.1988;4;2
NERGULE;16;5.9.1969;0;16
ABREG;2;26.7.1980;2;0
HACIPIR;16;1.1.1960;16;0
MUSLIMET;158;10.6.1955;0;158
DURSIYEN;2;9.4.1964;0;2
NUKDIYE;2;1.9.1967;0;2
RAGOP;1;7.6.1954;1;0
MELIYA;27;25.3.1965;0;27
DASDAN;47;11.9.1950;38;9
NURSENEL;2;14.7.1957;0;2
KAYRA;42;7.7.1982;33;9
HULGIYE;3;21.10.1954;0;3
PERMUDE;4;10.2.1961;0;4
ATINE;12;24.8.1969;0;12
NEREN;1;16.7.1959;0;1
NEDRETTIN;72;23.2.1962;70;2
EPER;3;10.4.1975;2;1
BENIMSE;2;17.5.1956;0;2
KUSEY;8;14.8.1961;4;4
SECAEDDIN;12;5.9.1959;12;0
LEFKIYE;2;22.3.1973;0;2
KONCAY;55;22.1.1969;1;54
MEZRUKE;4;20.6.1942;0;4
NILDAG;22;8.11.1981;0;22
MEHLIMAR;1;22.8.1961;0;1
SELLDA;1;21.10.1980;0;1
PELINSU;41;29.2.1990;0;41
SARTUG;1;24.6.1970;1;0
ESBENDER;80;6.3.1953;80;0
RABILE;30;18.5.1956;0;30
HACIMURAT;73;22.7.1966;73;0
INCESER;6;1.7.1961;0;6
NUSABE;16;7.12.1967;0;16
BENBE;10;8.7.1960;0;10
SENIYAN;2;14.11.1955;0;2
PUMPUL;99;20.8.1950;0;99
S.AHMET;44;5.8.1951;44;0
MELBA;18;24.6.1967;0;18
EMGUL;6;29.1.1957;0;6
SADER;9;19.9.1962;3;6
BIRSEMIN;10;5.12.1975;0;10
SALDIRAY;173;8.9.1968;173;0
MAIYE;11;24.9.1955;0;11
SIYAMETTIN;20;11.5.1964;20;0
ULKUN;17;12.4.1964;6;11
NESNIYE;3;10.12.1964;0;3
MEJBURIYE;10;29.2.1966;0;10
PURCIHAN;15;9.12.1949;0;15
AYMER;54;16.8.1970;10;44
SEVIMSER;51;5.5.1959;0;51
BEDEL;217;10.2.1966;207;10
GONULNURGUL;1;17.11.1963;0;1
CANBOLAT;71;4.11.1967;71;0
SAHISER;38;26.4.1962;0;38
ULKAR;73;10.12.1956;2;71
ABDULBASRI;10;14.4.1978;10;0
SEREM;51;23.5.1981;4;47
ALLA;70;17.11.1971;0;70
SAN;60;10.11.1973;47;13
CANTUG;27;30.11.1986;26;1
TAGUHI;2;3.4.1967;0;2
ORCIN;166;19.10.1983;149;17
OLUS;30;24.9.1983;22;8
MEHMETCEMIL;8;20.9.1978;8;0
NUSEN;22;14.4.1969;0;22
FETIBEY;3;19.4.1944;3;0
KABETTIN;2;14.11.1979;2;0
SAHINAR;53;6.4.1956;0;53
DURSOY;4;5.12.1956;4;0
GUVENER;42;8.2.1970;41;1
SAYRA;34;19.6.1974;9;25
MUSAMMA;29;14.1.1971;0;29
ONGAN;9;30.10.1982;9;0
MUKEDDIM;2;3.11.1956;2;0
MIHRINAZ;784;16.7.1960;0;784
MEVSILE;1;23.6.1964;0;1
HEZAN;6;12.5.1967;1;5
HUMAYIR;6;15.5.1955;0;6
HIKAIL;1;2.8.1957;1;0
GUNDER;40;29.4.1964;25;15
BEDICE;8;2.11.1963;0;8
BERATTIN;35;25.6.1975;34;1
CIVARIYE;17;1.2.1957;0;17
GULSERMIN;6;27.3.1961;0;6
ADINE;21;3.11.1963;1;20
ILMUHHAN;1;19.9.1964;0;1
IFTATE;1;28.4.1950;0;1
ZEVKI;20;15.3.1961;18;2
NAHISE;5;24.11.1949;0;5
ELBEY;85;29.12.1966;85;0
OZNER;18;30.7.1966;16;2
SEREHAN;10;24.9.1970;0;10
SAHSUR;8;3.6.1955;0;8
BELIN;66;19.7.1979;0;66
KINAY;27;9.1.1970;18;9
ULUSHAN;4;29.10.1978;4;0
NERUBE;2;3.8.1965;0;2
ZAHIDI;3;1.2.1964;3;0
UMET;11;8.4.1962;9;2
SENSA;5;2.3.1955;0;5
HAFTANE;33;9.2.1954;0;33
GULDEHAN;44;25.7.1980;0;44
TUNCKAN;12;2.1.1977;12;0
NINO;56;9.5.1967;2;54
BEHRIBAN;11;2.9.1969;0;11
ESKA;2;19.6.1983;1;1
NUGFER;8;20.8.1967;8;0
SEFAATTIN;79;26.12.1964;76;3
ZAHLA;22;9.7.1954;0;22
FEHIMET;2;21.8.1947;0;2
SULTANNUR;2;20.7.1982;0;2
MINENUR;15;12.12.1982;0;15
YASIMAN;3;30.6.1974;0;3
ESVEDDIN;6;28.8.1945;6;0
SIMIBER;1;9.6.1969;0;1
BAHSEDEN;1;5.10.1944;0;1
REFIYGA;2;29.7.1976;0;2
ZAHRIDDIN;5;5.3.1978;5;0
GOLCIN;34;1.1.1963;0;34
NUKKET;3;11.11.1962;0;3
MUKATTIN;1;8.5.1984;1;0
HASMI;17;5.1.1965;17;0
SULEYM;1;22.3.1986;0;1
NEBAHADDIN;7;28.1.1961;7;0
HURIYECAN;2;5.9.1985;0;2
GULERENDAM;1;1.9.1943;0;1
DURNEV;47;17.8.1954;2;45
MUNTEZA;8;5.3.1970;3;5
FERMIN;75;8.11.1967;1;74
GOKERHAN;1;27.11.1976;1;0
SALAYA;1;20.2.1944;0;1
HULYAGUL;13;10.9.1973;0;13
ZIYARE;16;1.1.1957;0;16
MUJDENUR;16;13.7.1978;0;16
ISTEMIHAN;75;5.4.1972;71;4
EFLAL;9;9.5.1983;0;9
NESTA;1;13.12.1981;0;1
NELBIY;1;20.5.1982;1;0
ZEMZE;92;27.11.1961;0;92
YASINPASA;1;30.2.1973;1;0
EMETIYE;9;14.5.1958;0;9
TUSAN;26;19.6.1975;19;7
OZGURCAN;33;11.2.1986;32;1
MUZAAFFER;3;5.7.1983;3;0
ENZEL;178;25.10.1963;5;173
DEMRE;12;28.7.1983;5;7
ZUMEYDE;4;7.12.1969;0;4
NURDILE;7;23.11.1975;0;7
MERSAL;1;18.5.1975;0;1
ELMINAZ;11;10.5.1952;0;11
RASIMEGUL;1;26.4.1975;0;1
ARCUN;1;21.7.1970;0;1
ILANUR;3;9.7.1952;0;3
HURDOGAN;76;14.3.1972;75;1
SEVGIM;67;24.9.1975;3;64
NEMLIHAL;2;28.10.1965;0;2
MUSEBBIHA;13;17.8.1941;0;13
ZULIHE;6;9.8.1959;0;6
ALCAY;32;29.8.1982;9;23
YULET;25;22.12.1983;4;21
GUPSE;35;20.4.1982;0;35
SEMIHCAN;23;20.4.1989;23;0
VANER;52;16.3.1976;52;0
HULIYA;76;19.11.1970;0;76
SAVURA;6;29.5.1973;0;6
SENGOR;21;1.1.1957;11;10
NUTULLAH;109;6.2.1968;109;0
CEVZA;47;24.6.1956;1;46
SIVEL;10;18.12.1976;0;10
PERADIYE;2;13.8.1958;0;2
SHULERA;1;23.4.1970;0;1
ROMAN;16;25.2.1977;12;4
EFRESIM;2;2.8.1951;2;0
BELGUN;56;17.11.1969;2;54
SULHITTIN;5;16.1.1954;5;0
ATKIN;16;12.9.1965;16;0
MEPRURE;7;26.9.1949;0;7
ERDAT;7;9.2.1972;7;0
SADIC;11;17.10.1964;11;0
ILSEV;6;30.9.1971;2;4
MEVDIYE;5;6.5.1954;0;5
KAYABEKIR;1;30.8.1955;1;0
NARINA;2;4.4.1972;0;2
YURDUSEV;126;3.11.1953;17;109
CIHANUR;6;9.9.1975;0;6
MUSKUNER;1;7.2.1940;1;0
MIHRE;7;13.12.1967;0;7
ZERAFIL;1;23.3.1992;1;0
MEHNUR;117;4.2.1971;12;105
SUALP;69;21.6.1970;68;1
ERDIS;30;16.12.1971;27;3
ERDULLAH;2;28.7.1959;2;0
SEZAYIR;146;22.10.1971;140;6
ASLANIYE;114;16.8.1970;0;114
IFRIYE;2;2.7.1956;0;2
MEHZEZ;2;26.7.1962;0;2
URGUT;3;1.2.1960;3;0
NECDEHAR;1;22.7.1931;0;1
MURAFETTIN;5;4.7.1966;5;0
BILGUZE;2;19.5.1951;0;2
OGUZKAAN;34;30.6.1984;34;0
GEDIZ;136;7.4.1977;105;31
SAGIRE;8;21.7.1944;0;8
YURDASER;11;17.1.1965;1;10
GULCEHER;105;16.3.1956;0;105
BAYHUN;1;19.7.1966;1;0
KIZILTAN;7;29.7.1957;3;4
SUFAHAT;1;1.4.1979;0;1
KIBAYET;9;29.2.1965;0;9
MEFRA;20;2.2.1970;1;19
MUBEYYA;26;11.11.1971;0;26
URKEL;2;6.4.1944;0;2
ESALETTIN;204;20.7.1966;203;1
GULCINAZ;7;25.11.1971;0;7
GULHER;20;20.10.1961;0;20
GUZAN;7;24.9.1960;0;7
CELALETIN;16;23.4.1967;16;0
CAGAN;215;5.2.1984;200;15
MISET;20;8.10.1958;0;20
TENESUP;1;27.10.1989;0;1
SEKERZADE;14;22.3.1959;0;14
NIHALET;6;15.11.1949;5;1
DONDUGUL;50;8.6.1978;0;50
FERHAL;11;16.4.1970;2;9
SU;70;18.4.1982;1;69
BEYDAT;13;18.4.1961;13;0
GULYAMIN;25;30.10.1969;19;6
GURMAN;74;8.9.1970;73;1
VAHIZE;4;28.2.1970;0;4
PERIM;54;30.5.1974;0;54
ELVINUR;17;18.12.1833;0;17
DENEF;8;11.10.1983;0;8
VILMEN;1;17.1.1972;0;1
MUKET;19;14.7.1970;0;19
HUMEYSE;7;1.2.1987;0;7
SATIMAN;41;6.6.1964;0;41
RAHMANI;52;6.11.1973;50;2
SUVERDEM;1;17.2.1942;1;0
GIRNE;32;5.2.1976;3;29
UMAY;215;24.10.1978;5;210
ROFE;12;1.7.1959;0;12
EKNAR;2;26.11.1956;0;2
TURCE;4;4.11.1984;0;4
SITDIK;68;19.6.1964;47;21
REFAEDDIN;22;2.5.1951;22;0
CANSUNUR;4;30.2.1991;0;4
FERADIYE;30;17.9.1961;0;30
UZEL;40;29.9.1962;20;20
ZEYNULLAH;269;18.5.1958;269;0
HANASLI;165;28.9.1957;0;165
LILIAN;11;26.5.1956;0;11
MUCAVIT;12;8.9.1960;12;0
LEUZE;4;24.1.1958;0;4
ZENNE;63;17.2.1957;0;63
AYSEHATUN;11;16.2.1967;0;11
TIMOCIN;39;7.10.1959;39;0
GULKENT;2;28.5.1974;0;2
YASEMUN;2;16.2.1971;0;2
MUCEHVER;13;14.2.1968;0;13
SAFIT;8;16.5.1960;8;0
SELAMETDIN;16;21.5.1959;16;0
FURINAZ;1;6.4.1961;0;1
SIRVANI;3;27.4.1979;3;0
NURFEYIZ;1;17.10.1990;0;1
HANPASA;80;23.12.1951;0;80
SIR;13;2.8.1955;11;2
LOLA;11;25.1.1971;0;11
CURTIS;1;16.2.1980;1;0
BINNAZDENIZ;1;14.8.1977;0;1
SATLIK;7;25.9.1970;0;7
CENKAY;64;25.12.1984;64;0
SEFADE;219;3.6.1957;0;219
ELFINAZ;61;12.4.1952;0;61
MIGFER;4;4.6.1969;1;3
REZIN;8;3.4.1943;1;7
SANAI;24;9.5.1967;23;1
PIRNAY;2;23.3.1963;0;2
IFAK;7;7.5.1961;0;7
IMAYET;18;14.2.1960;1;17
TANZU;5;25.3.1973;5;0
VELIMAN;9;26.7.1964;0;9
GULSEZEN;23;9.2.1962;0;23
SAVASTEPE;1;7.9.1953;1;0
TECRIYE;62;20.3.1959;0;62
RAYIK;6;8.3.1962;6;0
GOKYAR;5;23.8.1968;5;0
GOLDUGAN;1;17.3.1942;0;1
EZGIHAN;18;21.12.1989;1;17
ERCUMEND;48;25.4.1968;47;1
KURTMAN;102;1.6.1964;102;0
TUZENUR;8;12.3.1956;0;8
NURHATUN;19;23.8.1970;0;19
OZGEHAN;77;10.1.1986;21;56
NUTVIYE;19;1.1.1955;0;19
GULSIRE;2;16.4.1967;0;2
ERGUNES;10;8.3.1970;9;1
IMANVERDI;4;15.11.1958;4;0
ILKBEN;43;18.4.1980;4;39
KUBILAYHAN;46;7.4.1979;46;0
MUAMET;9;1.1.1966;9;0
MUREYSA;1;22.10.1985;0;1
ERK;46;13.4.1977;46;0
BILI;1;22.9.1961;0;1
TUGUBA;3;16.11.1981;0;3
SURAYE;5;8.1.1957;1;4
EBRUCAN;7;5.4.1989;0;7
ZERNE;1;21.10.1978;0;1
TUGPER;10;28.9.1976;2;8
SUSENDER;3;26.11.1951;0;3
EKE;4;10.12.1958;4;0
SEVKAL;3;25.12.1962;0;3
NANAN;2;23.11.1969;0;2
MUNIB;22;22.3.1957;21;1
ORDUVAR;2;25.5.1966;2;0
HULYANUR;3;2.8.1976;0;3
FETIAGA;1;28.9.1956;1;0
SEHMAIL;3;27.10.1962;3;0
SEVDIYAR;32;3.5.1962;0;32
GURCAG;14;6.12.1985;14;0
NURDER;8;16.4.1965;0;8
ASIKAR;127;8.5.1966;10;117
ELMAZE;53;28.7.1953;0;53
ATAKHAN;14;22.3.1987;14;0
CERYAN;5;17.10.1944;0;5
MIDAYET;44;29.11.1950;35;9
DENIZCAN;70;4.4.1988;58;12
KAASIM;4;26.10.1983;4;0
ARSLANALI;9;21.6.1965;9;0
NURZUHAL;2;25.4.1970;0;2
SAYGIYE;45;30.8.1954;0;45
MUHASEBE;3;22.7.1955;0;3
FERIZET;20;7.11.1960;0;20
RAFEDDIN;7;17.10.1955;7;0
SAVUN;12;24.8.1975;12;0
REYTA;4;10.1.1982;0;4
AFAT;45;9.3.1919;29;16
FATIMATUZ;52;19.9.1972;0;52
DENIZTANYERI;1;12.11.1968;0;1
CEMCENKER;1;18.8.1973;1;0
FUGAN;22;7.5.1966;2;20
MERZUKE;49;5.9.1962;0;49
SERIHI;1;2.7.1946;0;1
PUPUS;178;15.5.1949;0;178
OSMANGAZI;17;1.11.1978;17;0
SAHLAN;40;14.6.1975;37;3
ARSLANIYE;75;7.9.1969;0;75
MUNFARET;2;9.7.1979;0;2
TUGHAN;133;12.11.1981;132;1
ZERGUZEL;40;28.9.1957;0;40
HANMEHMET;5;18.6.1969;5;0
RAFIFE;3;20.12.1945;0;3
BAGDEL;4;15.9.1986;0;4
BENALI;1;13.2.1947;1;0
CAVDAN;2;12.3.1947;0;2
HASHAN;4;19.1.1955;2;2
ERKOL;24;5.1.1965;23;1
OKDAG;1;13.7.1972;1;0
TUMRA;1;21.8.1989;0;1
SAMRAN;9;18.12.1958;0;9
GUNCEM;16;19.6.1983;1;15
RUFIYET;7;7.10.1955;0;7
KURTPASA;7;3.9.1942;7;0
ILGAR;89;25.8.1967;85;4
GURLEN;7;20.12.1964;3;4
BERAATTIN;40;18.3.1965;40;0
GUNNEAR;1;1.5.1961;0;1
HAVVALI;335;2.6.1957;0;335
NEBEHE;69;4.6.1954;0;69
GOZNUR;8;18.4.1983;0;8
MAYFIRE;3;22.7.1954;0;3
FEHIMDAR;47;21.5.1958;47;0
MENSURI;84;30.11.1971;84;0
HURISAN;83;30.1.1962;7;76
SAZER;239;21.7.1958;0;239
MERIDE;13;2.5.1972;0;13
ONERERHAN;1;5.11.1984;1;0
ZELIN;20;25.7.1982;0;20
KAMILONUR;1;19.7.1986;1;0
MUVLET;3;17.7.1961;0;3
TURKSAN;31;24.2.1965;13;18
GUNDOG;2;15.9.1939;2;0
TURCEHAN;14;6.7.1964;0;14
TANJUR;8;16.2.1962;6;2
MUSKAN;37;7.12.1954;1;36
ILHA;7;24.10.1973;0;7
SEYIP;16;8.5.1966;16;0
HUBYAR;45;29.6.1957;42;3
ISILNUR;1;14.12.1989;0;1
NARMILE;1;27.6.1938;0;1
HUMMUHAN;6;20.10.1961;0;6
SAMUDE;12;12.1.1959;0;12
YENILMEZ;33;26.8.1967;33;0
ILCEN;7;1.10.1974;0;7
FIRDEVST;20;27.2.1961;0;20
SUNACAN;4;21.3.1975;0;4
VESIDE;93;29.5.1955;0;93
NESEM;102;25.11.1979;0;102
FIGRET;3;23.6.1962;1;2
OCAN;14;18.10.1979;10;4
TELCAN;4;23.6.1978;1;3
RUHANNE;20;28.4.1970;0;20
FEVGIYE;37;13.11.1965;0;37
SELEHAT;8;6.7.1970;0;8
MERCIVAN;25;18.8.1964;1;24
SAKINAZ;39;4.9.1967;0;39
GULGULSUN;2;26.7.1960;0;2
IRKIM;6;17.11.1980;5;1
ERISCAN;2;3.12.1989;2;0
MENSURAGA;1;11.11.1956;1;0
NIRAN;70;14.2.1962;2;68
TANSI;11;28.10.1956;5;6
ONURAY;31;28.6.1981;19;12
LEZIZ;60;20.12.1960;3;57
GAVSI;9;26.4.1965;9;0
SUHAVI;8;14.4.1953;8;0
SEBLA;229;25.4.1981;0;229
MEHMETSAKIR;24;16.5.1976;24;0
FEHIDE;76;22.6.1969;0;76
UYUM;10;14.2.1986;1;9
NUHBE;7;28.9.1969;0;7
MUMINET;41;12.12.1956;0;41
CIHANGOR;4;20.8.1953;3;1
AYTIN;18;11.1.1961;6;12
ASLIYEN;1;1.3.1960;0;1
UNSIYET;14;26.10.1950;0;14
MEVCUT;46;17.8.1958;33;13
ERTAT;2;22.1.1975;2;0
HACIKURT;17;4.9.1960;17;0
MUBERHAN;13;28.7.1954;0;13
BAYSE;262;10.11.1964;0;262
REFAATDIN;1;6.4.1950;1;0
YASAT;24;22.11.1964;24;0
TEZA;2;22.10.1968;1;1
PIRHAN;14;15.2.1968;7;7
TEYLA;4;16.12.1954;0;4
TURKSAL;3;11.10.1967;3;0
ADIGE;8;2.2.1960;2;6
LYUDMYLA;63;21.11.1969;0;63
MERTEM;33;14.2.1977;4;29
MAHCUBE;8;1.10.1959;0;8
PUSI;72;15.4.1946;0;72
SEHFINAZ;2;24.11.1947;0;2
FAYHAN;3;9.2.1959;1;2
ERBILGIN;5;4.1.1958;5;0
GOKNEM;1;8.9.1938;0;1
NAZINUR;19;5.10.1951;0;19
ALPAKO;1;18.5.1973;1;0
BARTUCAN;1;7.4.1990;1;0
ZENNIYE;13;9.8.1951;0;13
NIGMAN;1;27.2.1950;1;0
TEHRIDE;1;7.11.1964;0;1
GOZDECAN;11;8.9.1988;0;11
RECAETTIN;3;6.11.1968;3;0
OGULCAN;246;19.7.1988;244;2
GULKEZIBAN;1;8.9.1987;0;1
MIRANDA;17;4.6.1974;0;17
ALIYME;5;5.5.1966;0;5
TUDYA;8;20.6.1955;0;8
CEMALET;23;27.9.1964;23;0
GULNILGUN;2;12.11.1973;0;2
HISABALI;24;2.12.1941;24;0
TEYHAN;10;14.7.1960;3;7
MUZEKKER;92;28.6.1952;53;39
FERYUZ;19;26.11.1960;19;0
ELVERDI;21;14.9.1965;9;12
NURGEL;52;1.10.1968;0;52
ELVIRA;83;21.1.1973;0;83
RUHALIYE;1;19.9.1977;0;1
ALEYNA;90;9.4.1983;0;90
NUREDTIN;20;29.7.1960;20;0
FAHAMETTIN;52;5.8.1964;52;0
ASINUR;1;21.5.1966;0;1
ALEF;14;5.4.1979;3;11
GURDANE;35;15.2.1971;0;35
ATACAG;1;22.6.1982;1;0
NUHSERI;20;9.4.1949;0;20
MEHBERUZ;1;19.8.1982;0;1
SAHZEN;10;6.6.1955;0;10
SINEMDE;1;12.6.1965;0;1
GULGONCA;31;18.5.1971;0;31
AYGUT;32;17.11.1961;32;0
SAHTETTIN;1;11.6.1957;1;0
GUNNIHAN;5;20.2.1966;0;5
ERVANUR;5;3.11.1981;0;5
NURMUHAMMET;18;4.7.1977;18;0
PUMBUL;2;3.6.1958;0;2
RIKABI;3;3.8.1971;3;0
IFTEHAR;4;29.10.1964;0;4
BIRGEN;99;21.10.1968;7;92
ZEYNEPGUL;15;26.1.1979;0;15
MOHTEBER;255;7.1.1964;0;255
SELAHADTIN;39;26.3.1965;39;0
FATMATUZ;52;10.6.1960;0;52
MILYON;3;2.12.1961;1;2
DENNIME;1;18.8.1960;0;1
ZEYFITTIN;3;8.2.1956;3;0
AYFEN;51;25.12.1971;1;50
GULBERK;53;16.2.1984;0;53
SECALETTIN;10;25.4.1960;10;0
MUFRIZE;4;23.1.1957;0;4
NIZAFET;17;18.11.1958;0;17
BIRIRE;1;6.5.1948;0;1
SAHLISAN;4;18.12.1952;0;4
VEZNI;39;15.2.1954;38;1
TIMOTI;1;19.2.1961;1;0
ILSEN;25;9.1.1970;0;25
KUNTER;52;29.5.1977;52;0
ZUHALI;2;24.6.1957;1;1
ZINIFER;11;9.8.1952;0;11
MEYSUNE;43;19.5.1948;0;43
FERINAZ;178;10.5.1963;0;178
ILKNURE;1;2.2.1975;0;1
MUHATTES;3;18.2.1962;0;3
YEDER;23;24.8.1961;0;23
ANAHIT;99;6.1.1946;0;99
HURISAH;45;21.3.1960;0;45
NECAETDIN;2;24.4.1944;2;0
TUNCBAY;4;4.9.1974;4;0
ORHANBEY;4;16.5.1970;4;0
BERGUTAY;18;17.4.1984;18;0
SELAHETDIN;8;14.9.1954;8;0
ZULAN;4;4.12.1951;0;4
TOHAN;9;7.12.1976;9;0
EVLUDE;33;23.4.1965;0;33
MUGBER;8;12.1.1939;0;8
PERUZET;34;11.1.1950;0;34
AYTANC;1;15.5.1986;1;0
ZAHITTIN;72;14.2.1978;72;0
BIRSAH;15;12.2.1985;7;8
NEBAHATI;1;12.12.1965;1;0
FUATBEY;1;24.2.1985;1;0
NECVETTIN;3;25.12.1952;3;0
NEVZUDE;1;29.2.1947;0;1
SEFKAYA;1;16.2.1977;1;0
SEMRAT;2;2.2.1963;0;2
NAHIL;87;3.10.1966;85;2
CARMEN;56;27.7.1972;0;56
CEVIZ;6;1.3.1959;1;5
SIHET;3;27.7.1955;0;3
SENOCAK;7;20.3.1967;6;1
NAIR;18;3.1.1963;17;1
MEYHIYE;1;9.1.1980;0;1
TURKNUR;6;25.11.1974;2;4
TURKESAN;5;16.4.1962;5;0
YILOREN;7;12.6.1974;7;0
GELINCIK;27;8.2.1973;0;27
SALIHATUZZEHRA;1;1.3.1949;0;1
DUDUYA;10;16.7.1962;0;10
FERHAMI;3;7.6.1973;3;0
ZILE;62;8.12.1961;0;62
ADINAZ;117;23.7.1958;0;117
FEHRAT;68;5.6.1967;68;0
SERTA;2;4.11.1978;1;1
GULMINE;104;13.2.1968;0;104
EMRAK;9;21.7.1970;9;0
NAYFE;2;7.8.1973;0;2
GULKAYA;73;29.11.1969;1;72
SAFINEZ;11;24.2.1963;0;11
MENES;245;25.2.1959;2;243
MEZIYE;43;1.1.1956;0;43
NECBITTIN;10;5.6.1949;10;0
NAZINDER;10;1.11.1958;0;10
DERIYA;31;4.4.1977;1;30
IBAL;11;28.1.1968;11;0
GURCEN;11;3.3.1957;4;7
EJMAN;5;4.7.1966;3;2
BERKHAN;47;18.2.1983;45;2
SAZILE;74;17.1.1965;0;74
FERRIZ;1;7.2.1946;1;0
GOKNAR;21;7.12.1974;8;13
SUKUDE;5;2.11.1953;0;5
SEYHANZADE;1;15.11.1979;0;1
NUSUNET;1;2.2.1957;0;1
TANYOLAC;12;30.10.1967;12;0
GULFAMI;22;8.11.1959;0;22
GULLEC;3;19.9.1963;0;3
RAUSHANIA;1;10.3.1981;0;1
MENSUN;2;26.7.1954;1;1
FAHAMET;59;8.5.1951;2;57
GULAYETTIN;1;6.9.1967;1;0
ZEKIRYE;1;29.4.1956;1;0
TURDANE;2;24.5.1933;0;2
AGLIM;4;22.8.1961;4;0
MUDESSER;26;6.5.1952;5;21
SEHRETDIN;1;9.4.1952;1;0
ZEZAYI;12;20.1.1962;12;0
VAIT;77;12.9.1963;77;0
SIRINAZ;89;19.3.1972;0;89
NILGUR;21;29.11.1971;0;21
SEZKIN;15;2.11.1963;14;1
TUGAYHAN;2;19.7.1984;2;0
HAVALI;139;16.6.1958;0;139
ELDIVAN;5;9.1.1965;3;2
CAKIRIYE;9;5.9.1967;0;9
CAKIRALI;2;11.12.1962;2;0
KAYABEY;24;21.11.1955;24;0
ILMIZE;2;22.5.1949;1;1
NAGILE;23;8.5.1969;0;23
ILMIZA;5;6.9.1967;5;0
TUDANYA;23;25.6.1989;0;23
ELMIZA;1;3.3.1967;1;0
SEVIMCAN;30;27.7.1965;0;30
AYSUNE;7;11.7.1973;0;7
BAATTIN;34;11.1.1964;34;0
BEDRITTIN;19;14.6.1951;19;0
ZALICE;1;6.7.1968;0;1
HUDARET;1;27.4.1936;0;1
GULBE;21;12.6.1957;2;19
VELYEDDIN;9;8.11.1965;9;0
LUFER;51;10.9.1964;22;29
MENTES;44;25.12.1963;44;0
MEFAITTIN;1;30.4.1956;1;0
BELMIR;1;28.6.1990;0;1
SIRNAZ;21;4.11.1959;2;19
MUNEFER;32;15.6.1959;0;32
VEDAGUL;6;22.2.1984;0;6
SALBI;6;1.5.1955;4;2
TUBIYE;8;1.3.1953;0;8
GURSUNE;9;10.10.1954;0;9
NUIVAR;1;27.6.1944;0;1
KUMAS;107;7.3.1957;0;107
SELIYE;8;5.7.1961;0;8
ZEHNISAN;3;1.5.1961;0;3
GULSERIM;16;28.7.1961;0;16
SEKERLI;11;23.3.1953;0;11
BULCAN;9;18.7.1962;5;4
ULVILE;1;29.2.1948;0;1
DURANCA;72;20.4.1958;0;72
REHANE;46;26.2.1958;0;46
HAYRAT;62;10.9.1947;6;56
TOMAN;18;24.10.1962;16;2
DEMIRAGA;2;20.12.1948;2;0
GULSUMHATUN;1;19.9.1939;0;1
NIHATE;2;9.6.1966;0;2
MEVSUDE;7;6.7.1963;0;7
SEYIMAN;7;28.9.1975;0;7
GUNEHAN;1;6.6.1970;0;1
EVREHATUN;7;14.5.1962;0;7
LASIFE;1;17.2.1948;0;1
EVRAHATUN;3;21.10.1966;0;3
NURHADIYE;15;4.11.1972;0;15
MESMURE;20;12.5.1959;0;20
MEKINE;30;28.12.1970;0;30
BELGIYE;45;27.1.1967;2;43
MUHRUZAR;1;7.2.1940;0;1
RAUP;23;17.2.1968;23;0
CAKIN;4;10.7.1954;4;0
ERDIYE;6;19.11.1967;0;6
NAFUYE;1;2.9.1956;0;1
IREMSAH;1;24.6.1991;0;1
BELKIYE;175;2.2.1954;13;162
FERIHAT;42;30.6.1960;4;38
HASMIYE;36;15.2.1960;0;36
BERVIN;23;14.3.1970;0;23
MUZER;6;19.3.1957;0;6
BILGESU;84;28.12.1987;3;81
ENISER;5;6.9.1967;1;4
ALCEHRE;1;17.4.1966;0;1
GORGEN;2;29.10.1979;1;1
DILFIKAR;25;28.9.1957;0;25
VAHDEDIN;24;25.9.1969;24;0
HAZMETTIN;2;14.6.1965;2;0
ALIBI;1;6.11.1956;1;0
NECLAHAN;12;22.3.1965;0;12
FADIMEHATUN;7;22.5.1964;0;7
TIMURCIN;53;20.9.1970;53;0
IFRUK;1;1.7.1967;0;1
HASER;9;6.7.1951;7;2
RASIFE;3;9.8.1979;0;3
UBBAD;2;15.1.1959;2;0
SENDANE;3;2.9.1964;0;3
KURTCAN;6;15.2.1967;5;1
MAHISE;7;19.1.1958;0;7
NERDIN;83;12.8.1967;13;70
SEDRET;23;16.1.1966;7;16
MEZMAN;1;7.6.1950;0;1
SILER;14;13.2.1972;4;10
ANAKHANIM;1;18.7.1963;0;1
CEMILEGUL;5;17.8.1967;0;5
MUBERRER;1;6.11.1944;0;1
MIESSER;35;19.6.1960;1;34
KADIMET;1;1.2.1948;0;1
GULBAGDA;6;23.8.1953;0;6
BARISKAN;14;13.2.1976;13;1
YILSEN;60;18.6.1964;0;60
TULKISAR;1;5.3.1938;0;1
GEYVAN;4;8.10.1943;1;3
FERRAN;14;12.3.1973;0;14
SENNUZ;5;18.10.1954;1;4
ELAY;20;24.10.1981;3;17
ONAR;10;30.11.1969;8;2
NARAY;6;15.5.1958;0;6
ZDENA;1;17.4.1970;0;1
RUSUDAN;12;9.1.1967;0;12
RUVAYET;12;16.6.1965;0;12
ALIBUDAK;1;12.2.1965;1;0
MERYAN;35;29.5.1971;0;35
SEZAHAT;18;14.6.1958;0;18
KURTEN;5;20.1.1951;0;5
FIDANE;17;3.5.1962;0;17
BAHARDAGUL;1;26.2.1983;0;1
IZIR;2;17.2.1954;2;0
AYKAL;15;25.12.1968;13;2
NUKRA;7;23.1.1969;1;6
REDIHA;3;2.10.1955;0;3
SONSEN;91;20.4.1976;0;91
AYDUL;5;29.5.1971;0;5
FERIS;208;26.2.1956;16;192
NURENSAH;1;26.5.1963;0;1
PELIZE;30;6.9.1964;0;30
NUREMEL;5;13.7.1966;0;5
ERTUR;43;8.2.1971;42;1
DURSUNHANIM;17;2.2.1956;0;17
GULYANAQ;1;23.6.1972;0;1
HAFIZEHATUN;1;10.11.1956;0;1
REFATTIN;5;4.1.1965;5;0
GULZUNBUL;1;4.2.1955;0;1
KARAR;85;16.11.1959;5;80
TUBAHATUN;3;8.4.1977;0;3
SELVITTIN;1;22.3.1943;1;0
NEZEKET;59;3.3.1966;0;59
IFTER;3;15.5.1982;1;2
ESENBEL;7;11.1.1971;6;1
SERIYAN;13;18.11.1958;0;13
ZULKEREYNI;2;3.2.1960;2;0
EYUBE;29;9.11.1965;0;29
SAHMINAZ;5;13.1.1963;0;5
METINGAZI;1;26.1.1956;1;0
SAURE;7;25.7.1959;0;7
REFAIL;29;26.8.1954;29;0
ESENFER;1;9.9.1977;1;0
SERDAS;8;13.1.1973;7;1
HACIBI;1;22.1.1961;1;0
SELENAY;54;9.7.1988;0;54
ICIM;68;2.4.1974;1;67
GULDUZER;6;19.7.1961;0;6
SEYIDAHMET;38;21.10.1961;38;0
FELYA;9;1.12.1978;0;9
TAISER;1;13.8.1959;0;1
SEZERGUL;3;28.6.1978;0;3
GUFEM;1;18.11.1960;0;1
HUSAME;66;5.4.1975;44;22
KEBAHAN;36;8.7.1958;0;36
ZULHICCE;26;3.7.1955;0;26
GULCEGUN;1;28.7.1983;0;1
FULSEN;23;27.12.1977;0;23
SERMENDE;2;11.6.1937;0;2
DURSUNBEY;16;21.9.1961;16;0
SIVIZET;2;21.2.1941;0;2
NUSUDIYE;1;29.2.1961;0;1
BAKHAR;2;12.5.1959;0;2
GULIZA;2;26.9.1947;0;2
ZULAHA;39;20.3.1958;0;39
KAMILCAN;8;1.10.1979;8;0
SARICICEK;6;21.9.1969;0;6
SALIHAT;33;10.6.1952;0;33
SATIH;32;20.5.1954;4;28
ILGIHAN;24;30.8.1974;2;22
DERMIN;1;7.5.1952;0;1
SULFI;23;29.1.1964;21;2
CANKAYA;23;1.5.1953;22;1
MEYRA;16;25.10.1968;0;16
GULLUSEN;52;15.4.1966;0;52
AYBUKEN;35;18.9.1966;0;35
SAVIYE;25;21.5.1955;0;25
ERCAIL;5;25.2.1958;4;1
YASEME;20;23.1.1967;0;20
SEDADE;1;30.11.1974;0;1
MENSURIYE;155;24.6.1963;0;155
NURINAZ;72;3.11.1956;0;72
ERBEY;44;25.8.1966;43;1
PEMBENUR;17;12.11.1982;0;17
ABDULFUAT;7;2.2.1957;7;0
ESMIGUL;1;3.3.1973;0;1
MELEKE;364;26.11.1951;0;364
KURTHATUN;1;6.7.1960;0;1
SETTAS;1;29.3.1971;1;0
ZULKADEM;27;14.1.1953;0;27
ZEHRAHATUN;1;7.10.1964;0;1
SEHAMET;8;18.8.1951;2;6
TURHAL;41;21.12.1965;37;4
KAYAN;27;26.9.1963;22;5
FAHRINAZ;89;26.1.1961;0;89
ILKIYE;19;19.3.1969;0;19
ERTAM;11;13.9.1964;11;0
LEVHIZE;3;4.7.1949;0;3
NASI;22;1.5.1966;15;7
SENCAR;44;19.5.1964;39;5
UZEN;12;25.3.1959;1;11
CENKMEN;7;25.11.1973;7;0
ANSUMAN;5;4.8.1962;0;5
MAHIPER;18;18.9.1951;0;18
MESERRET;526;3.4.1951;0;526
GULHANNUR;2;6.9.1979;0;2
BALKISE;7;7.1.1966;0;7
ATABER;1;15.12.1962;1;0
MUCIBER;1;7.6.1964;0;1
OZLA;5;10.12.1966;0;5
URKUC;184;30.10.1956;0;184
ATAN;35;25.4.1968;33;2
NURPINAR;36;22.12.1979;0;36
HUSEREN;1;13.3.1953;0;1
UNZIYE;6;22.4.1967;0;6
GOKHUN;89;12.7.1984;89;0
BAHTISAH;25;10.10.1951;0;25
MUTENA;42;4.5.1955;1;41
SANDAL;22;1.10.1958;1;21
ENFAL;44;13.12.1983;12;32
SEBAHIDTIN;2;23.4.1970;2;0
SERMINAZ;25;20.8.1969;0;25
FEDEKAR;11;17.10.1974;8;3
NURSEVINC;7;16.3.1978;0;7
SECINFER;1;27.10.1932;0;1
OGUZKAN;65;9.11.1977;65;0
MASEDE;2;15.10.1961;0;2
HAZIRE;50;1.4.1955;1;49
SELDUS;2;19.3.1948;2;0
ZETANE;2;14.1.1936;0;2
ERGE;31;25.5.1984;15;16
BENDIHAN;9;1.10.1959;0;9
ASKINER;17;11.10.1976;12;5
MERSET;3;26.8.1985;3;0
HISAP;2;25.11.1946;2;0
SAHINBEY;10;14.1.1960;10;0
KEZVAN;18;4.8.1975;0;18
BENOL;22;29.7.1965;11;11
ERAT;34;27.4.1973;34;0
SEVBIL;17;16.5.1976;0;17
TEZLEN;1;11.8.1942;1;0
KURTSEN;1;12.2.1971;0;1
GULERDEM;38;22.5.1965;0;38
MAHUZAR;3;6.12.1950;0;3
GULFISAN;9;15.5.1956;0;9
GIOULGAIT;1;30.3.1953;0;1
NUBERCIHAN;1;22.8.1931;0;1
SEHVAL;24;9.8.1980;1;23
SUBILE;4;22.1.1951;0;4
MERYE;41;6.3.1962;0;41
DINNIYAZ;1;29.5.1925;0;1
KURCAN;6;21.8.1958;3;3
NURKEN;18;9.10.1966;2;16
OLCAHIN;1;17.11.1936;0;1
AYBEGUN;31;20.10.1978;0;31
SATUH;2;2.5.1951;1;1
BABUR;230;24.12.1969;229;1
YURTCAN;14;25.11.1976;14;0
SEVANUR;4;7.7.1967;0;4
SEFASUR;4;16.12.1957;0;4
SEMIZE;4;6.6.1961;0;4
KURTAHMET;1;1.8.1965;1;0
PAMUKGUL;3;14.11.1977;0;3
NEYDA;11;29.6.1974;0;11
HABIT;10;6.11.1962;10;0
NISADIYE;5;19.3.1971;0;5
GURTEMIN;1;6.3.1938;0;1
HEDAI;3;6.10.1972;3;0
EYNE;44;2.12.1952;0;44
NERCU;8;10.5.1979;1;7
IZINDER;1;17.2.1954;1;0
FILIZAN;82;11.11.1963;2;80
ISHAKALI;1;26.5.1969;1;0
FILORISA;2;5.10.1943;0;2
ZENISAN;22;30.2.1967;0;22
YAKIN;28;27.12.1974;23;5
SAABETTIN;18;20.10.1968;18;0
MUBIHAN;1;11.6.1968;0;1
EFRIGUL;2;30.5.1950;0;2
GIYAS;140;7.10.1967;139;1
BIRNAS;25;6.10.1965;0;25
ZEYNISAH;3;2.8.1962;0;3
AFIDA;2;26.5.1973;0;2
VARTANUS;71;5.4.1946;0;71
MELINE;67;14.8.1949;0;67
TUGBER;8;8.12.1979;5;3
NULCAN;6;28.6.1973;0;6
SUSAMMER;1;1.1.1953;0;1
ZEMHENUR;2;2.10.1945;0;2
RESAYI;5;21.10.1963;5;0
NAFUS;3;29.10.1946;3;0
MUJLA;6;19.9.1974;0;6
SUNCA;5;2.4.1967;0;5
GULNIZAR;2;2.3.1980;0;2
OZTUG;14;20.10.1980;13;1
SAFAHATTIN;14;22.10.1959;13;1
FERTANE;4;6.1.1964;0;4
ZAFURE;66;11.7.1953;0;66
GEBIRAN;1;27.9.1974;0;1
SIRIF;12;20.2.1971;1;11
AYDINBEY;2;5.1.1951;2;0
BELGIS;21;20.6.1959;0;21
SEFTANE;55;3.12.1961;0;55
ORGEN;8;8.4.1966;3;5
ZETAME;1;7.4.1961;0;1
NURCEMAL;161;24.10.1973;30;131
YEVGENIYA;8;4.9.1970;0;8
SEMAA;2;29.11.1963;0;2
FEDAHI;44;27.5.1964;43;1
BIRNIGAR;8;22.8.1976;0;8
SERTEL;82;4.9.1969;78;4
SAMILAGA;1;21.11.1983;1;0
SAFAI;9;1.1.1959;5;4
TURKIN;2;27.1.1959;1;1
NULAY;15;7.2.1975;0;15
PERVIZE;11;2.6.1955;0;11
FADULET;1;13.8.1962;0;1
TAYKAN;7;11.1.1974;7;0
BILGAY;81;19.10.1973;24;57
GUNSELIN;33;21.7.1967;0;33
PASIYE;45;9.5.1949;0;45
NATALIYA;127;24.11.1973;0;127
DILSUZAR;1;17.10.1934;0;1
FEYZUNUR;3;1.5.1959;0;3
SELMAHAN;38;21.1.1972;0;38
MEZITE;3;3.1.1954;0;3
NURYAS;5;1.6.1968;1;4
HITAY;36;9.1.1958;12;24
GIZEMNUR;14;16.4.1990;0;14
DURBEY;153;14.6.1966;153;0
GUNALTAY;49;23.2.1965;48;1
KASPULAT;1;6.11.1981;1;0
HASPOLAT;5;12.3.1968;5;0
GULFIZAR;845;8.11.1960;0;845
GURISER;1;12.7.1944;0;1
NOBER;38;22.7.1952;0;38
GUNEYDE;10;25.2.1965;2;8
AYDOLU;17;17.9.1983;1;16
DURMUSHAN;5;16.6.1984;5;0
SAREGUL;10;1.8.1975;0;10
BELKIN;14;8.12.1968;3;11
SEREGUL;6;8.9.1967;0;6
MUSELIM;10;7.3.1971;9;1
MULTECIYE;2;14.6.1941;0;2
PEHAR;1;30.6.1974;0;1
KURTMEHMET;9;29.6.1961;9;0
FEHTI;10;9.10.1967;10;0
MUHAR;5;22.6.1958;4;1
HAVAHATUN;16;6.1.1967;0;16
BARBORAS;5;23.6.1970;5;0
EFILET;1;1.11.1942;0;1
KURTMUSTAFA;2;23.3.1959;2;0
KEBIR;42;22.5.1969;32;10
SECAL;6;17.3.1963;4;2
SERNIZ;2;20.12.1960;1;1
NAZANGUL;115;14.2.1970;0;115
FERUNDA;10;12.8.1962;0;10
INCEKOCA;1;26.5.1989;1;0
MUTEHHAR;2;14.10.1952;1;1
SEYVAN;56;15.9.1975;53;3
DEREBEY;18;13.4.1961;18;0
MAYSER;50;1.1.1959;0;50
HICERET;1;27.2.1932;0;1
HIKNUR;4;4.12.1966;0;4
KURSIYE;32;11.5.1948;0;32
EKRAME;1;13.3.1941;0;1
ZELAHATUN;1;13.1.1983;0;1
FERAHNUR;65;19.3.1971;0;65
HEDIFE;4;1.1.1963;0;4
CABER;2;24.8.1968;2;0
MERKEZ;55;7.11.1958;54;1
ABDULKUTDUS;1;4.3.1949;1;0
GULHAVA;13;30.3.1967;0;13
MUYASSER;18;14.11.1969;0;18
BALHATUN;5;18.1.1948;0;5
VASIYE;45;27.2.1959;0;45
CEZIDE;8;22.12.1950;0;8
AYETE;19;4.1.1953;0;19
TEMET;2;14.1.1956;1;1
ESMABER;1;17.12.1984;0;1
YELKEN;27;27.2.1977;15;12
SEVIRE;43;30.3.1958;0;43
ZILET;2;21.11.1958;0;2
MUELLA;22;18.12.1955;0;22
IMIGUL;32;14.1.1965;0;32
HEYRIYE;14;20.3.1950;0;14
FAMIL;100;25.1.1966;98;2
AKBI;2;2.2.1945;2;0
TANZEL;36;7.1.1968;22;14
GULKER;4;26.12.1970;0;4
NURTHANIM;1;22.4.1961;0;1
MULISE;79;23.11.1965;0;79
ONCER;28;11.12.1968;24;4
NARHATUN;21;19.10.1955;0;21
REDIME;1;17.10.1936;0;1
ZULKIFL;6;20.7.1948;6;0
BEKER;2;30.4.1953;2;0
ISRAFIZE;1;27.2.1956;0;1
VEDAI;10;3.10.1968;10;0
HUSEYINBEY;3;3.7.1963;3;0
OLGUNALI;1;1.10.1977;1;0
SEHRIZAR;6;12.6.1956;0;6
ABDULVAHAT;29;3.11.1975;29;0
MONISE;46;12.5.1955;0;46
IFTARE;44;9.10.1956;0;44
NURFET;147;13.9.1967;6;141
SEFAN;9;30.6.1977;5;4
MAHBIBE;7;26.1.1967;0;7
EFDADE;8;19.12.1953;0;8
KURTSATU;1;2.2.1951;0;1
TUTER;65;2.7.1962;2;63
HUSNISAN;5;6.6.1957;0;5
NEDIREP;1;11.6.1944;0;1
KACALI;1;21.6.1941;1;0
RISALE;144;16.3.1962;0;144
REFAYI;20;8.1.1968;20;0
DASTAN;268;12.7.1958;229;39
SIRAL;23;17.11.1962;5;18
GUBILAY;7;12.4.1973;7;0
TONTUL;3;25.11.1946;0;3
VESIME;38;15.8.1960;0;38
NEHEL;3;27.8.1952;0;3
AYSET;43;25.7.1959;1;42
AYKIN;49;18.5.1973;48;1
KABLAN;39;29.5.1958;39;0
KADISE;40;9.5.1947;0;40
REFICE;4;27.7.1958;0;4
UNDAY;1;16.2.1952;1;0
REVANUR;2;3.5.1991;0;2
MECI;3;23.9.1959;2;1
TONGAZ;1;18.7.1971;1;0
NAMIS;43;21.11.1960;0;43
SEFAIDDIN;1;19.6.1954;1;0
IFTEHARE;1;29.5.1936;0;1
ULKEHAN;4;21.8.1969;2;2
GELEMET;1;23.3.1953;1;0
MUHLIZAR;10;11.11.1946;0;10
MECBUR;46;28.7.1958;6;40
SEFAYI;91;8.7.1965;60;31
SIBASE;1;18.5.1946;0;1
TALIFE;9;15.8.1952;0;9
SATIFE;272;5.4.1962;0;272
BAHIZE;13;9.5.1959;0;13
MIHIRAC;1;12.2.1971;0;1
ESMEH;1;12.5.1929;0;1
TEGFIK;7;1.2.1967;7;0
MUZEYHAN;20;12.4.1968;0;20
TAHSIRE;5;16.6.1956;0;5
ATLANTIK;2;18.3.1968;2;0
FETIK;5;17.2.1960;0;5
RECAATTIN;3;7.3.1962;3;0
FAMI;98;6.5.1965;95;3
TURALI;26;26.10.1959;25;1
BAHTISER;28;11.6.1965;0;28
PIRIM;3;1.11.1967;1;2
OREN;46;9.2.1971;12;34
AYATE;1;12.7.1950;0;1
GULLUYE;52;20.11.1963;0;52
BISLIM;19;12.7.1953;19;0
MIHAYE;1;13.6.1946;0;1
MIHANE;74;26.8.1953;0;74
ESENDAL;60;28.2.1969;30;30
ZENILE;3;21.6.1942;0;3
SECARETTIN;8;12.2.1968;8;0
NURDANIYE;124;2.9.1966;0;124
NACITIN;1;2.2.1957;1;0
SELFI;84;8.6.1961;2;82
CESIDE;1;21.3.1948;0;1
UNZIL;2;27.6.1966;0;2
SAHMEREN;13;8.10.1967;8;5
ABANOZ;10;21.8.1957;10;0
VESEL;9;1.1.1968;9;0
RICALE;3;25.5.1954;0;3
CEVAETTIN;3;18.1.1952;3;0
ABIDET;95;29.10.1960;0;95
FAGIYE;3;2.9.1975;0;3
NILVAN;14;25.7.1978;1;13
SAHSENAM;3;24.8.1949;0;3
ZEYMISAN;1;27.8.1944;0;1
TOKUR;3;17.11.1964;3;0
TEMSILE;2;12.5.1947;0;2
SETALET;2;16.9.1950;0;2
ULHAN;8;27.4.1970;0;8
EDIFE;64;2.12.1960;0;64
SAMUL;42;14.1.1963;1;41
KEMAH;1;30.1.1938;1;0
DURNISER;1;6.11.1938;0;1
DILSIFE;1;26.10.1933;0;1
ZIMIR;1;29.3.1932;1;0
MIHIYE;2;24.9.1945;0;2
SADIMENT;1;17.2.1942;0;1
SAYIK;8;5.1.1966;7;1
SIBEYDA;1;20.6.1966;0;1
NEMILE;15;23.4.1961;0;15
NIHAS;6;5.4.1953;6;0
MUCALE;6;24.8.1975;0;6
BULGIZ;1;2.4.1933;1;0
FIYAZ;45;10.4.1960;42;3
NIMETHATUN;1;6.3.1963;0;1
ZULBIY;1;11.6.1934;0;1
NIYAZIYE;72;30.4.1952;0;72
SULTNA;1;16.12.1971;0;1
KURTKIZ;1;22.2.1955;0;1
DILNIYAZ;3;10.1.1966;0;3
BAYRAMSA;16;22.6.1958;0;16
SABBER;147;3.7.1954;0;147
FAKIZE;54;19.9.1956;0;54
MUDAIDDIN;1;6.6.1943;1;0
ZALGUZEL;1;16.2.1935;0;1
MAITAP;1;12.6.1965;0;1
FIDAZ;1;2.8.1933;0;1
BEYNAMI;10;5.5.1966;10;0
MURTEZ;26;3.6.1958;24;2
LORNA;6;16.1.1966;0;6
KAZBAN;7;7.12.1970;0;7
VAHADETTIN;4;24.5.1963;4;0
MUKATTAR;5;30.9.1944;0;5
GUCIRE;1;19.5.1953;0;1
SEFAITTIN;9;18.11.1952;9;0
RUVIDE;98;12.6.1952;0;98
REDIHE;1;27.2.1938;0;1
BEY;25;11.1.1960;24;1
AYAR;18;22.8.1962;14;4
SUVENDER;3;30.7.1952;0;3
VIRGUL;55;6.4.1969;0;55
ALISEFIK;3;30.2.1959;3;0
MERSIME;5;11.4.1950;0;5
FILIHAT;2;25.5.1959;0;2
SELAHAITTIN;2;20.3.1967;2;0
SERFIYE;10;15.8.1960;0;10
BULBULE;4;19.12.1961;0;4
ELVUDE;8;8.3.1948;0;8
DURHANE;11;14.11.1961;0;11
CULIYDE;1;20.8.1930;0;1
IVTADE;1;27.8.1950;0;1
PIRZAN;5;17.11.1969;0;5
MUZAFET;19;10.12.1950;1;18
SERFIL;9;28.12.1976;0;9
MIYAZER;1;2.2.1963;0;1
MURSELE;12;12.12.1964;0;12
FALIH;38;20.6.1956;37;1
HARUT;7;21.4.1961;7;0
KANER;107;26.2.1977;96;11
ZAIKA;11;30.8.1955;0;11
VEFAETTIN;5;15.5.1960;5;0
HAVISA;2;24.3.1946;0;2
MINIR;51;15.4.1961;46;5
CUMHURE;98;8.10.1954;0;98
ADIFIYE;16;28.1.1962;0;16
NEFAYITTIN;1;24.7.1955;1;0
SAHIZEM;2;24.1.1952;0;2
SAHVELET;128;24.11.1950;126;2
SEMINAY;56;10.10.1973;0;56
NAYRI;4;10.8.1973;2;2
RAKAYIP;3;7.8.1980;3;0
SERVETBEY;2;22.12.1953;2;0
SAZEM;8;12.5.1953;0;8
SASE;6;14.1.1963;0;6
SADIH;8;21.5.1967;8;0
VAHADDIN;9;24.4.1957;9;0
ZULHA;48;21.4.1964;0;48
ELVAR;5;16.3.1982;1;4
SERDAHAN;3;5.4.1972;1;2
SAHMELEK;22;9.11.1962;1;21
ZURFE;25;15.8.1956;0;25
BIRALI;8;8.4.1961;8;0
MARASAL;14;19.9.1967;13;1
ZULUSE;1;2.8.1933;0;1
GULVERDI;27;3.10.1967;1;26
FAHRIS;12;17.2.1962;12;0
APUR;2;25.8.1964;2;0
MURVETTIN;7;11.5.1958;7;0
MUTUS;20;5.5.1955;19;1
KAZINE;1;17.9.1978;0;1
CEVDETTIN;30;17.11.1955;30;0
CAMILE;18;11.9.1960;0;18
MAKGUL;12;4.6.1970;0;12
LIKAR;6;11.5.1959;0;6
MAHGUL;22;6.10.1958;1;21
MEVSIRE;9;26.9.1963;0;9
MURZIYEN;1;7.2.1970;0;1
AKKIS;1;23.3.1967;0;1
HUMEYYE;14;24.12.1969;0;14
KILINCARSLAN;14;24.5.1956;14;0
EMAL;20;29.5.1966;4;16
DILCER;3;25.7.1968;1;2
NURUHAYAT;13;3.12.1953;0;13
ZULKAR;306;15.11.1957;300;6
GULHADUN;3;6.5.1961;0;3
FILDIR;1;28.2.1954;1;0
CEFIYE;8;14.5.1971;0;8
AKOGLAN;5;9.6.1961;5;0
GULADIL;2;17.4.1957;2;0
HAVLU;2;30.9.1923;0;2
BENNAMI;3;8.10.1958;3;0
MUAFIYE;11;6.8.1949;0;11
SEVDIK;11;12.4.1961;7;4
ALIMET;72;11.2.1955;0;72
LEFIYE;43;30.3.1963;0;43
TEKDIRE;4;5.5.1972;0;4
NEVGUZEL;3;3.11.1947;0;3
SUBEYIR;3;20.1.1978;2;1
ZURUYET;12;30.12.1961;1;11
NUVRETTIN;1;11.3.1956;1;0
NEME;3;2.4.1947;0;3
ESMIRA;47;12.12.1971;0;47
MUHAMMMET;7;7.5.1989;7;0
MENSILE;2;10.8.1958;0;2
ASIYEGUL;6;26.1.1980;0;6
BEGUMHAN;40;29.6.1985;0;40
SERKALEM;1;19.7.1979;0;1
NEFAI;1;16.11.1977;1;0
ZELKUF;3;27.7.1968;3;0
MIHRIMAH;97;2.7.1970;0;97
GUZELLA;25;8.2.1975;0;25
HEMIRAN;11;8.7.1956;0;11
BUNYAME;2;22.3.1976;2;0
NESAHILE;1;30.4.1953;0;1
PEYYAMISEFA;1;9.2.1991;1;0
MUSREF;37;13.1.1958;35;2
TOYKAN;9;12.4.1983;9;0
MECBURUGUR;1;26.12.1978;1;0
DURSENE;3;14.8.1964;0;3
NEZZA;2;22.6.1954;0;2
RAYNIYE;1;23.4.1948;0;1
SEMRIN;38;3.9.1972;0;38
GULFIYA;13;13.1.1965;0;13
ATUNC;1;7.9.1940;1;0
ALISE;103;17.7.1958;0;103
SETA;170;12.1.1952;1;169
ALIMERDAN;44;27.9.1960;44;0
MECLAL;1;18.1.1978;0;1
ERSURAL;13;29.3.1954;13;0
FIRDET;4;11.4.1965;0;4
MUBERE;2;7.3.1963;0;2
MUCADELE;16;3.3.1966;1;15
NURLA;9;5.1.1971;4;5
MAKMILE;19;22.1.1955;0;19
ERCIMET;12;17.4.1964;12;0
MAHIBER;11;12.1.1947;0;11
GUNSERI;27;14.7.1955;0;27
NURDAKUL;6;4.1.1963;0;6
REYIS;174;11.4.1973;174;0
HUNAR;9;30.3.1955;1;8
FAHITTIN;10;17.11.1956;10;0
BEKDES;100;1.5.1960;100;0
PAKIRE;2;13.12.1950;0;2
LUMINITA;36;9.9.1972;0;36
SURIYET;14;14.1.1969;0;14
MUSABURAK;1;2.12.1989;1;0
LUIZA;61;27.9.1959;0;61
BIRSAL;22;16.4.1969;7;15
FEVRIYE;68;23.6.1954;0;68
GURMELI;1;8.2.1978;0;1
GULLEF;1;27.2.1956;0;1
SELAMITTIN;5;17.2.1953;5;0
ASSI;2;1.4.1978;0;2
SEVGICE;3;5.7.1956;0;3
SAMUZER;1;16.5.1958;0;1
MUKAYYET;1;12.11.1972;1;0
BILGICAN;6;1.7.1974;0;6
TAHRA;3;23.9.1965;1;2
IRSADE;2;22.4.1987;1;1
AYNET;11;1.5.1962;1;10
LEHIME;15;15.7.1956;0;15
REFAHET;4;14.7.1962;0;4
BIRIBEY;5;13.3.1960;5;0
FURIZE;12;26.12.1968;0;12
NURCIYHAN;1;4.3.1992;0;1
GUNEZ;4;18.12.1965;0;4
FADIMEGUL;8;23.10.1968;0;8
ALBA;2;3.2.1946;1;1
VESAI;20;13.7.1964;20;0
GULFERE;90;24.9.1955;0;90
TOPCU;255;12.4.1964;255;0
ERSEMIN;5;7.11.1981;2;3
MESMURIYE;9;19.2.1955;0;9
SECATI;24;5.9.1965;24;0
LEMSIYE;41;9.4.1964;0;41
TAMASA;243;19.5.1947;1;242
SEVIHAN;14;2.5.1967;0;14
VOLGAN;6;10.1.1980;6;0
URGUC;78;8.6.1962;0;78
NURCE;15;17.12.1980;1;14
DESIME;1;19.4.1943;0;1
VAHDETIN;12;21.7.1963;12;0
GULMELEK;80;4.11.1969;0;80
SUBIYAN;19;12.12.1959;0;19
SEFDANE;8;6.6.1965;0;8
MUTAREN;1;18.2.1960;0;1
NURBEYAN;13;9.7.1961;0;13
KEVSAR;6;6.10.1973;0;6
SARACITTIN;1;22.5.1943;1;0
ERBAHAR;3;16.2.1968;1;2
DOGAC;62;17.10.1985;59;3
REFAADDIN;5;28.4.1962;5;0
UNSU;1;16.11.1951;1;0
SEBAHHAT;1;22.3.1974;0;1
GULKADIN;312;7.4.1957;0;312
RUFUYE;3;3.2.1969;0;3
VEDATCAN;2;6.9.1990;2;0
NEBAITTIN;2;6.9.1965;2;0
AZDER;3;7.1.1967;3;0
GUREM;6;21.1.1973;5;1
GOLUFER;2;30.6.1973;0;2
DEVLETHAN;183;14.8.1972;6;177
OFELYA;15;14.4.1970;0;15
ZULFIKIR;42;22.5.1963;42;0
ALPAN;102;18.3.1972;96;6
ERDAR;23;15.9.1970;23;0
SERFETTIN;7;9.4.1967;7;0
NAZAKAT;15;14.3.1969;0;15
GULBEHAN;8;11.6.1965;0;8
ASLEHAN;2;30.3.1975;0;2
SAZIGUL;7;10.2.1959;0;7
GULFIZAN;17;25.2.1965;0;17
DURSAL;36;16.10.1966;5;31
LOREDANA;10;19.9.1980;0;10
HENUZE;4;26.9.1961;0;4
DILISAT;15;6.12.1955;0;15
TERKEN;8;1.7.1969;2;6
HANIYE;45;25.5.1962;0;45
MAKVALA;7;27.7.1955;0;7
GULBADEL;1;21.2.1989;0;1
MUZAHIDDIN;1;27.4.1968;1;0
MERTKAN;177;7.2.1983;177;0
VURSAL;3;24.6.1963;3;0
TUANA;11;20.9.1986;0;11
SEYRANUR;1;24.12.1991;0;1
RATIME;1;2.2.1957;0;1
DANIYAR;5;27.8.1971;5;0
NECAD;14;22.12.1961;14;0
ZELGUZEL;11;6.2.1950;0;11
HASIYET;31;7.5.1965;0;31
ELBARI;1;2.2.1963;0;1
KANTAZ;1;17.3.1942;0;1
NIGBER;4;11.1.1965;0;4
ZAFARIYE;2;24.7.1970;0;2
BENNURE;8;15.7.1960;0;8
SECKINE;3;9.5.1959;0;3
AKKIZI;1;1.4.1966;0;1
IBAHAT;4;6.6.1960;0;4
ZINNUREYIN;10;25.4.1760;10;0
ESALETDIN;2;14.2.1967;2;0
SEHNAL;1;2.4.1969;0;1
SALVI;2;21.12.1971;0;2
SALAHIDDIN;146;19.6.1954;146;0
SEVDEGER;11;23.11.1967;0;11
EBUBEKIRBINSIDDIK;1;25.2.1975;1;0
S;7;8.6.1945;7;0
NEFIKE;53;24.12.1953;0;53
FENNURE;3;6.6.1964;0;3
SECILNUR;3;1.9.1989;0;3
ULUTAN;35;29.7.1976;35;0
KABEHAN;63;10.10.1959;0;63
SAIMISE;1;28.6.1945;0;1
GULCU;16;1.11.1968;0;16
MALIZE;1;8.5.1979;0;1
SAIMALI;1;16.11.1955;1;0
ILGAY;15;8.5.1969;8;7
ZAKIDE;6;6.8.1970;0;6
NEVZI;36;7.1.1964;31;5
ELHURI;6;21.8.1963;3;3
YUCEKAN;3;3.6.1986;3;0
KERAMEN;2;21.1.1981;1;1
MIRACIYE;54;4.1.1963;0;54
YETTI;43;25.7.1965;0;43
MEKIBA;1;22.2.1949;0;1
CEVRES;37;26.5.1961;1;36
BENIZ;14;15.11.1976;2;12
CIFAN;2;16.11.1961;0;2
ERTAL;30;10.7.1969;29;1
ESMAUL;10;5.1.1981;0;10
GULFESAN;7;12.5.1970;0;7
BIRIZ;37;4.9.1972;1;36
HURUNAZ;85;2.4.1963;0;85
HOSGUL;43;12.11.1968;3;40
MUSAADET;4;28.1.1950;0;4
ZEYNEPNUR;11;20.10.1987;0;11
PEPE;2;17.9.1956;0;2
RUBEYMAN;1;6.10.1962;1;0
YASAMAN;13;5.2.1972;0;13
ERGIL;30;14.4.1971;16;14
MESIYA;9;19.9.1962;4;5
CANICAN;1;17.3.1990;0;1
MUNUVER;13;14.9.1970;0;13
NAALAN;7;25.4.1968;0;7
MUDAVI;1;26.3.1953;1;0
MUTIS;27;14.8.1951;26;1
GULFEREN;59;26.7.1964;0;59
AFILI;3;18.3.1949;0;3
MIHASER;1;30.1.1971;0;1
BIRGIN;43;1.11.1961;8;35
GUNDUR;6;3.10.1969;1;5
IRADIYE;9;16.8.1957;0;9
MEKGE;2;9.3.1947;1;1
SEMSINAR;25;17.2.1964;1;24
BAHTIGUL;94;14.9.1972;0;94
FERMUDIYE;207;23.7.1960;0;207
ZEYRIN;8;11.2.1965;0;8
SUNBILE;4;20.8.1956;0;4
BEMPE;2;29.11.1971;0;2
BEYNAZE;46;20.8.1954;0;46
YASARIM;1;7.12.1991;0;1
SEFEDA;1;26.12.1969;0;1
TURAHAN;1;8.4.1964;0;1
PUNAR;47;15.11.1974;0;47
ESSEN;6;20.12.1972;0;6
SEMAHAN;16;26.7.1973;0;16
NEZINE;4;26.12.1973;0;4
NECAHATI;1;27.11.1970;1;0
SEVNURI;1;5.4.1956;0;1
SAHIDER;16;2.9.1962;6;10
ZIGUZEL;1;4.4.1948;0;1
MAHUGUL;4;2.7.1965;0;4
SUSER;5;9.4.1959;0;5
BUHRANETTIN;4;9.2.1968;4;0
ISALETTIN;7;24.4.1971;6;1
NEZIRAN;11;13.12.1956;1;10
NASIDIYE;5;17.12.1968;0;5
SAHSEMEN;2;26.4.1940;0;2
GULFIDEN;2;29.1.1980;0;2
MEVZURE;3;20.12.1967;0;3
NESLIM;28;2.4.1980;5;23
ZILFER;7;29.9.1966;5;2
NURDULLAH;1;21.2.1975;1;0
NEFAHATTIN;2;23.7.1970;2;0
SEHNI;6;14.4.1954;1;5
EMALETTIN;3;13.11.1968;3;0
EYCER;1;1.9.1971;0;1
MEVZUR;1;26.7.1984;0;1
FETIYA;3;10.9.1966;0;3
FERATIYE;2;7.8.1958;0;2
FEVZINUR;9;4.3.1964;3;6
FADIMET;40;15.12.1955;0;40
PERNA;5;27.11.1965;0;5
BEYSEL;15;7.11.1970;7;8
FILIZAY;7;25.6.1966;0;7
CESARI;13;2.5.1964;13;0
AYZITER;1;26.1.1950;1;0
SARIDOGAN;1;12.9.1959;1;0
LALUZER;5;25.6.1958;0;5
NAMISE;3;3.6.1963;0;3
GULKAL;1;16.2.1952;0;1
MERDUN;3;24.12.1970;3;0
CEFAHIL;1;11.5.1984;0;1
FEYIZAN;5;17.2.1975;0;5
FEYZADE;2;15.5.1976;0;2
GUZADIYE;5;10.1.1963;0;5
SEMRAHA;11;13.4.1965;0;11
SURYEN;2;22.2.1967;0;2
ZAIME;34;2.7.1953;0;34
SEHKURE;1;17.2.1960;0;1
TULCEN;3;20.3.1968;0;3
VELETTIN;16;9.2.1957;16;0
MAKULE;28;7.12.1963;0;28
NUTKIYE;113;20.11.1954;0;113
BILSIN;29;18.10.1960;1;28
GUNEYIN;3;5.10.1971;0;3
TASKIRAN;4;2.11.1962;4;0
CERENGUL;7;9.4.1985;0;7
ANILCAN;33;5.2.1991;31;2
LALIZE;1;10.5.1974;0;1
ERVAIL;1;26.2.1975;1;0
MEFALET;12;7.9.1964;0;12
SERINAZ;173;11.12.1963;0;173
DAMRA;17;25.2.1987;9;8
KUKUS;154;21.12.1951;0;154
OLCAYTUG;19;17.1.1986;19;0
SUMRA;60;12.1.1968;0;60
EDAY;3;29.11.1980;0;3
GULCAM;4;9.2.1975;0;4
HAYREDTIN;4;27.4.1969;4;0
BEYLAN;46;7.12.1965;11;35
YEGANI;1;16.1.1950;0;1
ERTUKAN;1;22.11.1976;1;0
ALIKA;5;26.1.1942;1;4
GUMRIYE;9;23.8.1966;0;9
ZIKRUL;1;22.3.1983;1;0
GULZEHRE;2;20.4.1952;0;2
RENDA;31;3.11.1965;17;14
SEYLEN;6;3.12.1973;1;5
MINAFER;5;15.5.1972;0;5
TADIYE;2;15.2.1941;0;2
ZEFIYE;8;29.1.1962;0;8
ABDURHA;1;6.11.1987;1;0
REKAYIP;4;16.4.1978;4;0
SULFITTIN;6;1.6.1961;6;0
SEDAIR;13;23.2.1964;13;0
BUROL;52;22.5.1973;51;1
GUKCIN;1;14.1.1971;1;0
CUMLEZ;5;9.11.1977;0;5
BATUKAN;14;28.4.1990;14;0
GULGAYE;2;8.9.1963;0;2
NIZIHA;3;22.9.1965;0;3
NOKTAY;5;10.2.1972;2;3
NERGUBE;13;8.3.1968;0;13
SEYFAN;19;26.9.1965;3;16
ELNE;1;17.6.1970;0;1
SINAYI;24;10.8.1973;10;14
VAHTETDIN;8;4.8.1967;8;0
KIPRIS;1;2.4.1975;1;0
NURDAHAN;32;21.7.1971;1;31
NURTER;10;14.7.1964;0;10
SALIMET;87;25.12.1956;1;86
FERNIYAZ;32;7.4.1948;0;32
REBIHAT;20;10.5.1958;0;20
NADE;7;28.5.1962;0;7
BAGATUR;4;27.3.1979;4;0
NIYADE;14;17.9.1953;0;14
MIRBAN;15;5.2.1960;1;14
MEBBUSE;4;7.6.1960;0;4
GENEL;3;21.10.1963;2;1
SURIYAN;7;13.6.1965;0;7
ZAGFIRE;2;5.9.1950;0;2
SABIYYE;14;23.2.1959;0;14
ILKSUN;23;29.1.1978;0;23
HATUNNUR;1;6.2.1992;0;1
SAFFAK;1;7.2.1982;1;0
FEHAMETTIN;41;1.12.1956;41;0
ELBOZ;1;17.5.1954;1;0
BEYTUR;8;19.6.1963;6;2
PIRCIHAN;3;9.5.1959;0;3
FEVZA;29;12.3.1977;0;29
CITIK;1;6.5.1951;0;1
DURSEYINE;1;22.11.1953;0;1
MUKAFAT;210;11.10.1958;8;202
SUVAY;6;5.5.1977;2;4
SULTANHANIM;3;19.1.1960;0;3
ITRIS;22;24.4.1964;22;0
UMEYRA;45;13.2.1970;0;45
RAGIBI;1;27.3.1956;0;1
GOKHER;4;25.10.1966;2;2
BICANBEY;1;12.2.1977;1;0
SECDAN;3;12.2.1967;0;3
NURYAG;4;10.1.1975;0;4
MAHIRCAN;11;6.2.1987;11;0
EDANAZ;4;4.6.1991;0;4
APTURRAHIM;32;15.7.1958;32;0
HUZEYCA;124;29.5.1968;0;124
MUDESSIR;35;25.8.1960;29;6
ELBUZ;8;28.11.1963;7;1
ESAY;19;10.6.1970;0;19
RAGNA;14;28.7.1949;0;14
ENDEL;1;19.11.1945;1;0
KAMILET;13;1.7.1959;0;13
HUZEYDE;4;21.8.1968;0;4
ZEHRET;10;3.6.1958;1;9
ATIME;17;29.5.1954;0;17
ULVIHANIM;1;17.4.1930;0;1
DUNSUNHATUN;1;2.8.1933;0;1
ZENIYE;35;15.3.1959;0;35
ASUN;11;5.10.1971;3;8
CUVADE;2;8.4.1954;0;2
FEMA;3;26.10.1963;0;3
GOLKALP;1;6.2.1975;1;0
GULYASEMIN;22;17.1.1968;0;22
NARKADIN;139;8.5.1958;0;139
ILKLIMA;14;27.10.1981;0;14
KAMILEN;9;20.10.1970;1;8
CUMURE;2;13.2.1953;0;2
GIROL;30;18.8.1972;29;1
APDULREZZAK;1;15.6.1989;1;0
YURDASEVIM;1;2.9.1970;0;1
NACIYEN;2;11.10.1945;0;2
VELIDTIN;5;5.11.1954;5;0
BURHANETDIN;31;19.10.1959;31;0
USRAN;7;18.9.1965;2;5
TUBAG;22;15.12.1978;1;21
BORAHAN;45;4.10.1979;45;0
SUVADE;34;2.4.1958;0;34
ASIYET;22;25.2.1952;0;22
SUVAI;2;23.3.1966;2;0
MUSSEREF;6;7.11.1973;0;6
ZEHNITTIN;1;28.1.1937;1;0
ALIARSLAN;3;19.1.1975;3;0
OZUHAN;2;29.5.1976;1;1
ELDIVEN;3;30.12.1974;1;2
ISMIDAL;67;27.12.1964;0;67
KUBRAHAN;8;3.6.1986;0;8
BERGUYE;1;11.7.1952;0;1
APDURRAHIM;16;27.5.1959;16;0
ECIT;1;11.2.1981;1;0
NERFUDE;1;16.5.1951;0;1
ISMETCAN;6;9.2.1986;5;1
BAKIS;32;24.10.1979;20;12
GULICI;144;29.3.1964;0;144
CEVDIYE;15;9.6.1965;0;15
GEBIRE;6;14.4.1959;0;6
RABIHAT;6;17.3.1945;0;6
SEVKETBEY;2;5.7.1966;2;0
AYCEM;11;14.5.1982;2;9
BASIRI;74;26.3.1967;74;0
SEFAHATTIN;64;9.2.1959;64;0
GAZIANFER;13;30.7.1966;13;0
TEYYUME;1;27.6.1944;0;1
SELVIME;1;7.2.1958;0;1
PARIA;1;7.8.1988;0;1
TAYFIR;5;13.3.1964;5;0
MITRA;9;14.3.1967;0;9
ALIYULMURTAZA;6;29.11.1956;6;0
NAZIMDER;1;12.7.1952;0;1
CEMBIYE;9;11.10.1957;0;9
ZURIYYET;3;11.4.1936;0;3
HURUZIYE;37;11.10.1958;0;37
GULHAY;11;4.4.1969;0;11
AHMETBEY;1;27.11.1948;1;0
ESENCAN;4;12.11.1984;1;3
HATICET;8;27.1.1937;0;8
YURTALAN;24;3.12.1968;24;0
SERPI;8;20.5.1957;1;7
PELLU;1;29.2.1944;0;1
SIYARIYE;1;7.2.1952;0;1
HAC;16;26.12.1959;9;7
SABUKA;1;6.8.1978;0;1
REFE;1;28.6.1931;0;1
SUBEHAN;6;20.11.1959;2;4
LEDIFE;25;19.6.1960;0;25
NURGIBE;1;17.6.1960;0;1
UDRET;1;4.8.1939;0;1
SAMISE;6;24.3.1947;0;6
SEHIBAN;3;24.5.1955;0;3
NERYA;7;8.8.1982;0;7
SEMVIYE;1;2.2.1951;0;1
LAHURIYE;1;17.4.1942;0;1
AYVER;39;26.12.1969;4;35
GULSEKAR;1;23.5.1931;0;1
NARKIZE;2;2.9.1973;0;2
GUKRAN;1;21.2.1972;0;1
ZUHLIYE;1;22.4.1961;0;1
SULBEY;1;22.4.1967;1;0
SUNBIYE;2;8.3.1949;0;2
SALIYA;26;22.8.1966;0;26
HAMIDEGUL;4;13.1.1961;0;4
HUZEN;2;4.9.1941;0;2
CANFESIL;1;29.2.1966;0;1
CANFEZ;12;25.8.1964;1;11
SEZAKET;1;4.6.1975;0;1
RAFAITTIN;2;3.11.1952;2;0
DUSUN;12;4.4.1980;6;6
SUZEHEN;1;22.2.1967;0;1
ILMUZA;1;22.4.1979;1;0
SERDAP;4;14.7.1974;2;2
SIDRE;22;3.5.1987;0;22
AKA;23;10.11.1952;20;3
NEMIHA;15;10.2.1962;0;15
BAKIYYE;3;2.10.1939;0;3
ZILEM;1;1.2.1976;0;1
VADEGUL;14;12.1.1972;0;14
FERIKNAZ;13;17.8.1949;0;13
GULNEBAT;3;9.11.1963;0;3
ZEKAETTIN;6;3.6.1953;6;0
GUCIN;4;14.8.1972;0;4
SAMIE;13;3.10.1957;0;13
MUSRIYE;38;5.9.1955;0;38
ERSANI;3;17.6.1978;3;0
SUVABI;4;20.9.1969;4;0
MEFRI;1;22.2.1937;0;1
FATIHAN;28;8.1.1958;5;23
ABTULRAHIM;3;13.1.1968;3;0
RUSALE;1;17.2.1954;0;1
SANIF;1;4.4.1931;1;0
SEFERIYET;1;22.6.1943;0;1
ARDIBEN;1;22.6.1943;1;0
BEKARET;1;7.2.1952;1;0
MEBRUSE;10;1.5.1957;0;10
HULYET;4;9.1.1963;0;4
ZURIKA;1;13.3.1946;0;1
MUNKET;1;3.4.1933;0;1
NESEFER;2;19.2.1962;0;2
ZAKIBE;6;12.9.1965;0;6
SERFIDAR;1;7.3.1934;0;1
FIDEVS;9;7.11.1968;0;9
MUCELLAT;3;2.4.1970;2;1
YUKSEK;46;5.10.1960;20;26
EJDAR;72;17.3.1971;72;0
YASENBUL;3;21.7.1964;0;3
CANCAN;23;10.2.1972;5;18
EMINET;31;25.8.1954;0;31
NURHAY;41;8.9.1964;5;36
KEZBIYE;4;25.6.1959;0;4
PIR;104;7.3.1961;99;5
PASAR;2;26.9.1972;1;1
HUREYLE;7;16.5.1967;3;4
RAGIF;9;11.12.1973;9;0
CENBIYE;3;8.11.1958;0;3
MECBULE;22;16.9.1966;0;22
NEBAETTIN;3;8.1.1956;3;0
MESRET;8;24.7.1960;1;7
SULUBEY;5;30.1.1956;5;0
NALMES;6;20.4.1958;0;6
BAHABEY;5;21.7.1959;5;0
HASBIR;1;1.11.1979;1;0
GELDAG;1;22.6.1982;0;1
DILISEN;2;30.6.1976;0;2
HEMDINE;21;2.5.1968;0;21
IFADET;7;21.10.1948;0;7
GULBANIYE;10;8.7.1960;0;10
MUKSIN;21;3.9.1973;21;0
KIBRAN;9;6.5.1969;2;7
ZEHNEDDIN;1;11.4.1930;1;0
SUCAEDDIN;2;30.1.1965;2;0
NURKAY;22;15.10.1969;17;5
ZULUKAR;1;9.4.1964;0;1
IYAFET;2;22.6.1979;0;2
AYSEKER;4;27.5.1964;0;4
ASUNA;3;11.1.1972;0;3
EMRULLLAH;8;19.8.1985;8;0
ZULBE;3;19.4.1950;1;2
NERMITTIN;1;6.4.1954;1;0
SEBRA;36;2.1.1977;0;36
NUVEYDA;34;3.9.1973;0;34
NEBAHAETTIN;1;22.3.1980;1;0
TASHAN;8;14.12.1968;7;1
BEYTULAH;8;7.6.1985;8;0
AYCELEN;31;6.1.1974;0;31
CUVEYRIYE;38;25.4.1975;0;38
NUHRIYE;5;8.4.1965;0;5
MAKUSE;1;12.2.1947;0;1
MEBRI;1;22.2.1967;0;1
SURRUYE;3;14.9.1948;0;3
SAKUP;35;17.3.1962;34;1
ALIKUZU;15;22.8.1965;15;0
MEPUSE;3;18.7.1959;0;3
NECAHIT;3;7.10.1953;3;0
SATIYYE;113;12.10.1958;0;113
SEVDICAN;57;28.4.1971;7;50
REYIDE;7;11.10.1952;0;7
ULVE;56;8.7.1951;0;56
NEBIDE;61;25.9.1960;0;61
TAYFA;8;11.9.1969;1;7
SONAR;28;2.4.1974;17;11
UMIYEN;2;24.3.1972;0;2
FEZGI;1;10.1.1957;0;1
NACIYEHAN;2;19.7.1972;0;2
BURCKAN;4;20.5.1987;4;0
YASEMBUL;4;15.10.1950;0;4
SIVIL;1;26.3.1979;0;1
NAHSIYE;20;1.10.1957;0;20
GUNBEZ;1;20.7.1963;0;1
DANEGUL;8;16.5.1972;0;8
AYMIYET;1;6.2.1949;0;1
SUKRIYET;1;6.2.1949;0;1
NAKIZE;29;10.3.1957;0;29
DUDUKA;2;16.2.1972;0;2
RAFAHITTIN;1;22.8.1937;1;0
BERRAT;31;7.7.1972;22;9
ILMIZ;2;14.9.1958;2;0
SEBAHATIN;19;13.2.1961;19;0
SEVZIYE;14;7.6.1965;0;14
MURASIYE;6;19.11.1956;0;6
VEFIKE;3;17.5.1957;0;3
REGIHE;1;2.6.1963;0;1
SEHEYLA;8;26.12.1948;0;8
YILCAY;8;26.7.1972;5;3
FEZIKE;1;14.3.1947;0;1
SEVCEN;30;11.6.1978;0;30
ULIYE;17;28.6.1966;0;17
GULSAHAN;29;22.6.1961;0;29
NEYLA;43;16.10.1968;0;43
MIRZEBEY;1;27.6.1956;1;0
NESTIYEN;1;13.2.1983;0;1
ZALIKA;6;27.2.1965;0;6
SUTIYE;129;13.5.1970;0;129
ESMERAL;13;26.2.1969;2;11
NUHDIYE;4;13.12.1971;0;4
GULAZIYE;6;2.4.1964;0;6
NURSU;78;29.7.1976;1;77
IZMINE;2;4.7.1967;0;2
MUZEYYET;11;14.2.1951;0;11
NESEVIN;5;12.8.1967;0;5
MIMINE;36;27.9.1966;0;36
NULEFER;2;10.2.1968;0;2
MURYEN;3;23.5.1962;0;3
SINEF;5;1.12.1982;0;5
TURAMCA;1;11.1.1936;0;1
BENKURE;1;11.7.1944;0;1
MAHRUZE;66;16.9.1953;0;66
ERENNUR;7;16.9.1982;0;7
NUBEYNE;3;18.12.1972;0;3
MIHRUBAN;4;1.11.1944;0;4
GULFAHRIYE;11;13.8.1958;0;11
NERDANE;92;8.1.1963;0;92
REYHANIYE;36;15.3.1964;0;36
ZULFINIGAR;4;1.5.1984;0;4
SIPLE;1;13.4.1963;0;1
DURMUSA;116;29.9.1957;1;115
MAKRUSA;1;2.10.1927;0;1
ASLIYA;12;7.1.1972;0;12
SAHSIMET;19;26.3.1962;0;19
SEBAADDIN;10;26.2.1964;10;0
OZGURGENC;1;28.10.1991;1;0
KAYALI;181;30.7.1958;91;90
SERDEGUL;41;21.12.1967;0;41
SEYINE;1;22.2.1934;0;1
NEZVETTIN;2;14.12.1955;2;0
EDAMIYE;18;12.11.1967;0;18
GUNHER;41;10.9.1949;3;38
MIHDAD;4;27.11.1948;4;0
MUSEYNE;29;28.11.1966;0;29
MELUS;8;28.11.1959;0;8
RAMAN;38;3.4.1964;35;3
BEDRIMAN;2;24.11.1956;0;2
URIYE;27;30.10.1958;0;27
ZULAFET;6;2.1.1972;0;6
FIDIYE;14;26.6.1959;0;14
ORHANETTIN;51;26.10.1956;51;0
TUCIN;3;30.7.1984;0;3
SABER;12;10.4.1956;4;8
KEMTER;22;26.11.1963;22;0
FARIK;73;10.1.1963;72;1
MEVLUK;21;27.4.1967;0;21
FIRAZE;24;11.1.1952;0;24
MISGUL;6;1.5.1975;0;6
BEHRIN;66;18.5.1967;9;57
GULDUREM;1;22.2.1955;0;1
ANTUFAN;1;7.9.1976;1;0
ZULHUCE;3;20.8.1964;0;3
HIDIRELLEZ;3;22.4.1967;3;0
ASLANHAN;5;28.10.1949;0;5
SIFADIYE;5;20.8.1960;0;5
IZMILE;3;22.12.1957;0;3
HAYRINUR;23;23.7.1955;0;23
LAVI;3;19.1.1970;3;0
NESERIN;5;27.3.1964;0;5
RAZIBE;8;13.10.1956;0;8
ZIYRAM;5;20.6.1958;5;0
ABDULRAHIP;3;29.11.1963;3;0
SADAYI;1;21.3.1977;1;0
KAHREMAN;20;20.9.1950;19;1
ARSLANHANHANIM;1;27.2.1950;0;1
SATRIYE;68;16.2.1965;0;68
SELCIL;2;21.12.1977;0;2
SENGULAY;11;28.1.1978;0;11
NEVET;6;20.11.1966;6;0
AYSUNIYE;2;9.12.1970;0;2
NUSUYE;1;30.4.1976;0;1
ATIC;2;23.6.1982;2;0
INZI;3;13.9.1947;3;0
UZETIYE;1;21.4.1953;0;1
EKREME;18;26.2.1954;2;16
BEHIZE;60;14.9.1955;0;60
BERKUK;21;11.6.1971;20;1
FAHRINISA;56;14.7.1957;0;56
VEDIT;9;6.12.1960;8;1
GULNURA;3;4.8.1981;0;3
MEHLUT;1;26.6.1973;1;0
SETARET;49;28.4.1949;0;49
SAIDDIN;9;18.3.1958;9;0
MEZAYIM;10;7.11.1960;10;0
SEVDIHAN;37;24.12.1973;1;36
MELODI;76;4.6.1987;0;76
ZEHER;258;15.11.1959;2;256
LIVAYE;3;1.4.1946;0;3
NASIBIYE;6;25.2.1964;0;6
ORSULE;1;6.4.1973;0;1
ZAILE;34;5.2.1960;0;34
TURANCA;5;21.9.1953;0;5
EHAT;74;15.3.1969;71;3
NEFAT;7;27.5.1954;4;3
IZALIYE;1;27.8.1982;0;1
ZULEYKA;6;29.12.1964;0;6
RABIZE;2;14.4.1952;0;2
REYLE;2;26.9.1955;0;2
ZULKUFLI;35;17.12.1952;34;1
MERDANIYE;10;8.3.1960;0;10
ZULFISAN;4;26.1.1956;0;4
TABI;3;15.6.1950;1;2
RAGIBA;20;24.11.1951;0;20
MIDAT;25;13.11.1963;22;3
CENGINAZ;2;10.11.1960;0;2
SUZETI;1;21.8.1943;0;1
SEVDIS;4;20.7.1947;0;4
MAHTAN;1;22.5.1967;1;0
DULUNAY;2;10.1.1962;0;2
SERIFENAZ;21;6.6.1972;0;21
KADIRIRIYE;1;6.12.1974;0;1
NURANIYE;69;8.3.1965;0;69
ESAN;39;10.4.1968;15;24
CEVIDAN;5;27.12.1969;0;5
SIVAL;12;12.4.1975;1;11
SEYHANIYE;2;19.1.1965;0;2
HAYRISANI;1;14.11.1955;0;1
SEYCEHAN;1;11.1.1934;0;1
GUMAME;1;29.1.1940;0;1
SADELI;267;9.11.1958;0;267
SUTEN;9;21.5.1953;0;9
TEVDIYE;6;12.6.1961;0;6
K.MEMET;3;17.9.1948;3;0
NEFATTIN;2;13.3.1956;2;0
MESIME;53;23.7.1958;0;53
DUNE;19;22.1.1941;0;19
NUSUN;3;26.9.1968;1;2
IREBIYE;36;2.4.1963;0;36
MEHBURE;14;22.8.1959;0;14
SEMALE;2;12.2.1959;0;2
NURSULE;7;22.1.1981;0;7
FAHMIYE;6;28.7.1954;0;6
HANDA;38;18.7.1985;0;38
SEREDUHAN;1;7.3.1944;0;1
UMMUGULHAN;3;15.11.1976;0;3
BEBIHA;1;1.2.1954;0;1
ZERNA;3;6.3.1984;0;3
BEKAR;56;18.5.1954;42;14
SEHHAR;6;29.7.1944;1;5
IFTA;7;6.4.1952;0;7
BURHANIYE;30;25.12.1961;1;29
GULDUM;3;9.4.1957;0;3
SECER;58;16.10.1974;43;15
SURUHAN;4;11.5.1957;1;3
MIKAT;5;4.5.1969;5;0
YILCAN;30;6.12.1975;16;14
SEHRIN;17;20.11.1969;2;15
NASIBHAN;1;27.11.1945;0;1
SERIFHAN;5;22.5.1973;1;4
MESIHA;151;13.9.1961;14;137
HAPUK;2;30.11.1964;1;1
NAZMETTIN;18;9.6.1961;18;0
MUSAFETTIN;32;16.2.1961;32;0
FERSET;29;22.2.1972;28;1
ASLANKIZ;7;30.9.1974;0;7
ARSLANKIZ;9;10.6.1967;0;9
NISABI;2;22.3.1951;1;1
GULNAMI;19;28.4.1962;9;10
ZAKIYE;52;23.6.1960;0;52
ZILAFER;4;29.9.1966;0;4
GULAFET;32;1.9.1958;0;32
GULFAR;10;7.10.1958;0;10
ILIFE;2;25.4.1973;0;2
GULCEHIR;5;7.3.1960;0;5
ZEYNURE;48;3.3.1969;0;48
ARSLANE;1;30.3.1931;0;1
SEYIM;10;4.5.1959;3;7
MENEVISE;2;18.12.1958;0;2
GULCEHRI;23;26.1.1957;0;23
CEVTIYE;1;2.2.1951;0;1
MUCAYDE;12;22.7.1967;0;12
MEHEMMET;106;21.12.1962;106;0
MUTMUNE;5;21.9.1972;0;5
NERENGUL;1;20.2.1954;0;1
CAGKAN;163;27.5.1989;163;0
INAYETTIN;2;16.9.1949;2;0
ASLANHANIM;1;21.1.1963;0;1
MISTAN;179;29.1.1955;179;0
KURMA;1;21.6.1940;0;1
UZUME;56;3.1.1960;0;56
MOTUS;3;6.10.1938;3;0
ZERIYA;10;28.9.1961;0;10
PERZAT;23;4.10.1956;1;22
PIRINC;15;29.12.1954;0;15
CEHIYE;4;5.11.1947;0;4
RIKKE;1;19.5.1966;0;1
KURTLAK;1;21.3.1955;1;0
LEBIK;4;7.5.1944;0;4
ZULFER;124;25.2.1961;75;49
BERIRE;47;29.1.1968;0;47
MELUSE;2;14.5.1949;0;2
MERFUS;1;11.3.1945;0;1
NURBANI;11;22.10.1971;0;11
KULFER;8;17.9.1954;0;8
AZBI;12;4.12.1953;12;0
ZIDDIK;5;6.12.1957;2;3
SALMET;3;6.9.1933;0;3
KEZBUN;1;6.11.1962;0;1
YETKINER;39;30.12.1972;38;1
MESINAZ;1;2.10.1974;0;1
PILIC;1;18.3.1954;0;1
KORTA;1;24.7.1955;1;0
HAMRET;35;18.8.1948;2;33
MELDIYE;22;17.11.1964;0;22
BUGSE;34;4.3.1990;0;34
URFUDE;2;6.5.1963;0;2
NEVGI;17;22.8.1971;2;15
ACIYE;11;28.1.1951;1;10
SELINAZ;11;13.11.1962;0;11
GULEMSE;12;4.4.1968;0;12
DADIYE;8;11.4.1948;1;7
SIYUZA;1;26.4.1933;0;1
NEVRUZIYE;39;8.4.1959;0;39
ZENISAH;5;12.1.1965;0;5
KAKUYE;1;28.4.1951;0;1
NARTEN;29;21.2.1962;0;29
SERIDE;137;26.3.1960;0;137
TEKI;11;8.6.1946;10;1
SAMULE;1;22.2.1943;0;1
MESULE;108;24.1.1964;0;108
SAYBE;59;26.2.1967;0;59
DILBAZ;28;17.2.1956;2;26
SIMET;13;7.11.1965;11;2
SEYIFE;1;11.6.1946;0;1
SADRET;16;5.3.1966;16;0
BEYDIN;4;27.10.1964;4;0
KOSMAN;19;27.2.1972;19;0
KIBARETTIN;6;28.4.1975;6;0
TOKME;2;19.5.1957;0;2
ZAFI;7;14.12.1949;2;5
ZEBBURE;2;2.2.1960;0;2
KUCUKKIZ;7;14.10.1946;0;7
MAGRUF;14;4.3.1972;14;0
NURBIN;69;14.1.1969;4;65
BERSIS;8;28.7.1981;8;0
GULBIHAN;14;25.6.1973;0;14
ERDAP;1;22.4.1961;0;1
BADENUR;14;25.1.1977;0;14
PIRNAZ;29;27.4.1960;0;29
ALATTINBEY;1;3.11.1957;1;0
ELBIL;6;11.2.1963;6;0
UGURTAY;5;10.4.1959;1;4
YILGOR;159;18.10.1964;108;51
DOGUNUR;4;8.6.1955;1;3
BEHME;1;11.10.1944;0;1
SIIR;25;16.3.1973;0;25
CAVLAN;20;22.5.1978;13;7
NATALLA;1;12.8.1972;0;1
AYMETIN;13;19.4.1965;13;0
HURUGUL;12;7.6.1966;0;12
NEZDAT;14;29.7.1964;14;0
NURGIL;76;3.7.1973;0;76
CIHANARA;2;16.2.1955;0;2
KORTAY;11;28.7.1984;11;0
GUBSE;14;28.8.1984;0;14
HALUKCAN;2;20.1.1990;2;0
INSEL;40;24.1.1967;6;34
FEODORA;7;16.3.1967;0;7
BURCUGUL;20;28.1.1986;0;20
ERSAR;2;16.9.1966;2;0
SOLNUR;4;1.6.1979;0;4
SILVARD;3;16.9.1960;0;3
RUZANA;6;25.1.1967;0;6
NILBAHAR;14;6.8.1974;0;14
BAHARGUL;73;29.11.1971;0;73
CANSARAY;18;13.2.1965;1;17
MUCAATTIN;4;3.3.1964;4;0
MUHRELI;27;4.3.1953;27;0
LEMRA;1;14.2.1979;0;1
BILSAY;56;20.8.1979;52;4
SECERETTIN;1;17.2.1972;1;0
NORDEN;1;4.7.1939;0;1
ZENNI;21;3.4.1962;0;21
UVLIYA;1;22.2.1955;0;1
NURSAD;25;3.5.1975;7;18
REFIKCAN;2;16.4.1990;2;0
UMITCAN;54;28.7.1985;51;3
EVFIYE;1;20.7.1948;0;1
GULHAL;11;30.4.1965;3;8
NECEIL;1;14.9.1976;1;0
GUCEM;2;19.1.1985;2;0
RAKUP;38;30.10.1964;38;0
FLORA;34;2.11.1965;0;34
SAHINER;83;20.8.1965;33;50
MAAFI;1;11.8.1956;1;0
GULABDU;1;18.6.1974;1;0
SATIMEHMET;84;1.10.1960;84;0
SEDAG;14;13.11.1978;0;14
NAMSAL;3;25.9.1961;3;0
PERSAN;6;2.11.1628;2;4
SEVDAKAR;91;7.10.1958;91;0
NEVIT;55;30.2.1959;44;11
MURATPASA;1;24.3.1970;1;0
SECDE;8;7.7.1980;0;8
BAHTIYARE;7;22.1.1950;0;7
KASIBE;4;20.1.1972;0;4
BENNU;6;23.1.1985;0;6
IHAYET;2;14.1.1953;0;2
SAHIDAR;4;18.9.1957;2;2
ISTEMIN;10;26.1.1967;7;3
ATIGUL;9;6.1.1954;0;9
EMMUN;443;2.8.1952;0;443
ESIRI;2;13.11.1975;2;0
DURUCAN;49;23.11.1965;8;41
OMRUYE;1608;1.9.1963;0;1608
SIHLI;276;19.2.1960;276;0
CAGRIHAN;54;21.8.1986;54;0
KADINSAH;76;21.10.1951;0;76
MILAT;28;16.1.1966;19;9
MOTEBER;49;6.3.1946;0;49
ZUDEYDE;1;5.2.1991;0;1
NESUHU;1;7.2.1952;1;0
AKDEM;8;11.3.1951;7;1
AKKUZU;5;30.5.1950;5;0
BESTURE;4;14.7.1970;0;4
ILMUHAN;97;3.12.1960;2;95
ZELIL;4;16.12.1968;0;4
ARZUCAN;10;30.8.1983;0;10
HULUBE;1;8.5.1965;0;1
GULATUN;9;21.4.1953;0;9
SEMURAY;10;10.5.1967;0;10
MURADETTIN;9;20.9.1967;9;0
CEDDI;9;24.3.1968;8;1
K.MEHMET;5;20.4.1951;5;0
SERHIBAN;1;4.3.1951;0;1
TUGFA;1;3.4.1989;0;1
ESABIYE;8;1.2.1959;0;8
MIHRIBE;38;12.11.1954;0;38
PEHRUZE;3;10.6.1963;0;3
SULEK;8;27.11.1959;8;0
BUKRET;4;23.7.1983;1;3
MELIZ;81;7.12.1981;0;81
LEYLAHAN;14;6.1.1970;0;14
ZULFUGAR;65;6.12.1959;62;3
NOKTANUR;3;19.3.1977;0;3
KAYIHAN;124;18.11.1965;122;2
LATIYE;2;10.11.1958;0;2
NEVAT;74;19.1.1966;11;63
MUSAVVER;40;9.11.1948;1;39
VAKIYE;17;30.5.1967;0;17
NILGUNAY;5;4.12.1973;0;5
REKIMAN;22;18.8.1943;0;22
YUCEN;5;11.8.1967;1;4
STELUTA;6;18.8.1973;0;6
EJMEL;31;20.8.1966;8;23
MELEKBER;139;15.5.1966;0;139
BERADI;1;7.5.1958;0;1
ILKSEL;30;20.10.1970;3;27
SERGEN;101;17.8.1983;90;11
ELGUN;16;9.7.1966;8;8
TALIKO;2;3.1.1960;0;2
OZSAN;41;27.3.1966;35;6
SUDER;35;21.1.1960;1;34
BETIGUL;107;8.4.1964;0;107
DURBABA;272;11.8.1955;272;0
MUKELLEF;5;16.1.1946;4;1
TANNUR;26;16.12.1967;6;20
AY;85;12.12.1953;15;70
GUMEC;2;5.2.1980;0;2
FULAY;67;15.8.1970;1;66
VATANGUL;95;11.1.1971;0;95
AYNIZADE;1;11.4.1943;1;0
UYKUN;4;8.11.1949;2;2
MEHRICAMAL;1;24.6.1984;0;1
NEVVARE;47;5.7.1949;0;47
RAYA;9;29.10.1962;0;9
GUVENUR;1;23.4.1976;0;1
SULTANSEVGI;1;27.2.1968;0;1
GORKER;3;15.6.1986;3;0
BARBAROZ;6;14.3.1968;6;0
MEVHIDE;75;15.5.1967;0;75
GURRU;1;2.8.1970;0;1
SENURDILBER;1;1.6.1967;0;1
IPILIK;4;17.1.1959;0;4
FUSKA;1;26.4.1945;0;1
TANGOR;23;9.4.1962;19;4
HEDISE;185;16.12.1955;0;185
FEYDA;40;30.11.1973;1;39
VECHINUR;7;29.9.1960;0;7
PEREN;69;25.1.1980;0;69
YETEN;15;30.2.1976;2;13
GURKUT;8;22.12.1962;8;0
NUREFSEN;2;20.12.1981;0;2
BEHIL;4;18.2.1953;3;1
MEVLEDE;1;14.5.1947;0;1
RENER;1;7.8.1984;1;0
NECAADDIN;15;11.10.1953;15;0
SULBAHAN;1;3.2.1943;0;1
NAGUHAN;7;15.5.1971;0;7
URSULA;31;21.4.1955;0;31
ISILSU;17;9.10.1977;0;17
NESVE;23;5.6.1969;0;23
DAMER;1;17.5.1966;1;0
GULBAHA;6;28.8.1948;0;6
MIGRACI;1;21.11.1970;1;0
GIZEL;3;27.7.1974;0;3
SELFA;4;26.10.1976;0;4
BERCESTE;40;23.8.1978;0;40
MAHMEDET;1;3.12.1932;0;1
OZGUCAN;9;24.3.1985;6;3
BAHSIS;66;6.1.1954;8;58
MIRATI;14;2.4.1969;14;0
TUSE;8;27.4.1965;0;8
ERSUT;16;12.12.1969;15;1
LATIFSAH;58;25.8.1960;58;0
USARE;3;14.7.1954;0;3
GULARE;26;10.3.1966;0;26
TURKAYA;5;20.5.1965;5;0
NEFAKET;16;27.3.1958;0;16
NERMIHAN;14;12.6.1965;0;14
NEVZEGUL;3;2.9.1952;0;3
CANLAR;45;12.1.1954;1;44
IBCAK;1;2.3.1945;0;1
CAYNAZ;1;16.2.1956;0;1
MUVVEDDE;1;6.5.1975;0;1
TENZILET;4;21.4.1969;0;4
KORALTAN;22;14.2.1965;22;0
PIROL;6;3.1.1967;6;0
CEZAR;7;27.11.1960;7;0
KADDER;11;3.10.1961;1;10
TUSI;11;5.5.1943;0;11
BINLIK;17;21.4.1964;0;17
ZULKERNI;3;22.11.1964;3;0
MELEAT;6;21.7.1959;0;6
YATER;3;9.3.1980;0;3
FEYINAZ;3;16.12.1978;0;3
NAHICE;73;10.4.1959;0;73
SEBEHET;7;24.1.1954;0;7
YEDIGUL;80;15.4.1967;0;80
PUPUL;63;22.9.1949;0;63
METINGUNDUZ;1;21.1.1963;1;0
VETAT;4;8.6.1968;4;0
SAHSEREN;5;17.7.1966;0;5
NUZHAT;5;23.2.1955;4;1
ZABIRE;8;12.9.1960;0;8
NAKIFER;52;19.7.1955;0;52
LAHUZE;3;3.2.1957;0;3
CANBABA;9;16.11.1748;9;0
ZAYRIYE;4;29.3.1955;0;4
MEHDAP;12;18.2.1978;0;12
PASAM;2;6.5.1947;1;1
AYSEMINE;8;12.12.1985;0;8
TASDAN;78;1.11.1956;51;27
SIDIRET;27;9.2.1958;0;27
TAHIREHATUN;1;7.3.1952;0;1
FIDAIYE;3;22.5.1944;0;3
CEHRIYE;8;14.4.1952;0;8
MUZGEN;73;4.5.1963;0;73
ELET;5;29.5.1968;5;0
PAMUKA;2;19.2.1952;0;2
MEHMAIL;43;28.6.1963;43;0
BOZBEY;48;16.6.1952;48;0
RAYIME;176;15.6.1961;0;176
ULKUTAN;2;1.5.1940;0;2
CAYIBE;4;30.12.1951;0;4
SATMA;5;9.8.1964;0;5
YAZILE;71;9.6.1953;0;71
LALUPE;3;1.1.1955;0;3
MOHYETTIN;41;5.7.1957;41;0
HAMDUNE;164;30.10.1954;0;164
NUMUNE;36;9.12.1965;0;36
HURUMUZ;1;27.2.1956;0;1
ILGIM;71;4.6.1985;1;70
ELGIZ;42;12.1.1973;1;41
BAHDIYE;15;3.4.1959;0;15
VECI;35;27.10.1962;34;1
CANSEFA;5;30.3.1960;1;4
MUKADDERAT;44;16.3.1967;11;33
CANFINAZ;2;6.7.1951;0;2
GULANBER;49;15.1.1953;0;49
MUZEYNA;2;21.12.1953;0;2
SEYATI;22;29.3.1966;21;1
HEMCIVAN;1;1.1.1951;1;0
ESARET;4;13.12.1965;1;3
SUMBIYE;3;19.9.1972;0;3
MERHEM;26;22.7.1959;17;9
AFIZE;81;19.2.1959;0;81
ANIFI;3;4.1.1967;3;0
HAYTER;1;21.5.1956;0;1
TOZALI;1;21.1.1983;1;0
HAYSE;10;30.5.1955;0;10
ARSALAN;1;17.2.1960;1;0
SELIMSAH;20;15.5.1959;0;20
GOVSEN;13;7.1.1967;2;11
HAYRAL;5;12.6.1967;4;1
BIRSELIN;4;29.4.1971;0;4
BUSRAH;18;11.1.1987;2;16
NETICEGUL;1;7.1.1964;0;1
ESRAHIYE;1;6.5.1975;0;1
NECADI;8;22.12.1955;8;0
URAS;46;23.7.1983;43;3
REMIN;26;30.12.1964;5;21
OGEDAY;38;22.1.1983;38;0
GULPEMPE;27;27.3.1972;0;27
NURAIF;1;27.9.1972;0;1
GURTHANIM;1;12.2.1941;0;1
SANSERDI;1;27.4.1956;0;1
KEKLIBAR;2;11.1.1953;0;2
AYMILE;1;2.8.1963;0;1
NONNA;8;10.3.1967;0;8
LUBAZIYE;1;13.2.1946;0;1
SELMIHA;23;18.10.1966;0;23
GUNCER;45;18.5.1962;16;29
TOPAK;13;22.12.1952;0;13
SECAN;48;19.5.1970;5;43
ZEYCANE;3;26.12.1957;0;3
GULCIL;5;3.3.1977;0;5
SEYD;29;5.5.1961;29;0
HURIZET;38;19.11.1955;0;38
KAYYUM;23;14.8.1957;23;0
SECIN;48;28.7.1972;17;31
ATAKOK;1;17.3.1944;1;0
SIMIZAR;363;6.12.1954;0;363
TURIYE;81;3.5.1956;0;81
SITGIYE;3;28.11.1969;0;3
NESIY;2;8.2.1976;0;2
ZEZAITTIN;1;21.7.1976;1;0
CANBURAK;11;27.5.1985;11;0
SONHAN;3;6.8.1970;1;2
KAGAHAN;2;3.7.1982;2;0
SERNA;35;30.11.1981;0;35
PERUZA;274;6.2.1957;0;274
ERTUGAY;17;7.7.1975;17;0
SUNAYAS;1;6.12.1969;0;1
ASLIHA;6;8.4.1965;0;6
SAREM;8;9.8.1977;0;8
KEBIRIYE;11;23.11.1968;0;11
SONDAGUL;10;23.9.1971;0;10
MUKERRA;6;8.7.1965;0;6
ZOYA;17;6.1.1959;1;16
NACAHITTIN;1;27.4.1950;1;0
TACAN;22;28.6.1968;20;2
HERSET;3;6.3.1967;3;0
GULDAGNE;2;19.1.1970;0;2
MUZAHHAR;12;14.5.1948;2;10
GULSULTAN;50;2.12.1974;0;50
CENAY;57;22.11.1976;28;29
SAHINDEM;1;14.2.1954;0;1
SUZINE;1;11.5.1932;0;1
IKLIMANUR;1;26.7.1990;0;1
AGAHAN;35;6.3.1976;35;0
ASUMANNUR;1;6.5.1985;0;1
RICAYE;1;14.11.1961;1;0
SERIFALI;81;1.2.1963;81;0
NELDA;36;6.2.1979;0;36
ATASEVEN;11;8.11.1958;11;0
SEGMEN;14;23.5.1961;14;0
FIDESE;1;14.3.1942;0;1
MUTAHIT;12;2.11.1965;12;0
MUHAMMEDSALIH;1;4.5.1956;1;0
GULUMCAN;13;12.4.1973;0;13
REFINE;6;8.12.1970;0;6
HADIKE;54;14.2.1963;0;54
LEDIF;2;18.12.1974;2;0
FERISDAH;10;20.7.1966;0;10
SAHASTE;27;17.10.1961;1;26
SAHMERDAR;1;17.11.1983;1;0
GUKSEL;7;4.12.1953;0;7
SUVAAT;2;9.10.1967;2;0
NECLEHA;7;18.3.1954;0;7
DISAN;7;24.5.1975;0;7
HIJRAN;18;7.4.1973;0;18
GULPEYAZ;1;2.2.1957;0;1
PAMIR;120;7.1.1973;93;27
ULUCAY;15;10.10.1954;3;12
ZULIHAN;7;13.8.1966;0;7
MULBIYE;1;12.1.1965;0;1
JANSEL;3;8.9.1976;0;3
UREN;10;29.12.1948;1;9
NECAEDDIN;17;26.9.1954;17;0
ERKUTBEY;1;12.5.1977;1;0
YETARI;2;15.1.1953;0;2
BAYRAMSAH;124;5.4.1958;7;117
MUREVET;10;21.10.1966;0;10
SAMINAT;1;20.4.1932;0;1
RANAN;33;6.4.1973;1;32
IPIL;6;3.6.1965;0;6
TORE;81;22.5.1981;55;26
SULEMERCAN;1;26.3.1974;0;1
GULSEYIT;1;20.7.1956;1;0
NIGDA;20;26.12.1983;2;18
SAFRET;2;20.4.1951;1;1
SUKURBEY;2;15.6.1950;2;0
SIHBER;1;11.5.1968;0;1
GUNUNDAR;1;2.2.1951;0;1
EZALETTIN;42;20.6.1961;42;0
SIRINNAZ;41;25.6.1969;0;41
SANUH;1;17.12.1961;1;0
TUGISLAM;1;27.7.1991;1;0
MURADIL;2;11.4.1950;2;0
TEVVAB;2;16.6.1953;2;0
ELZEM;61;15.12.1983;6;55
TOLGUNAY;3;2.7.1982;1;2
SAFVETULLAH;2;8.9.1970;2;0
MELKUBA;1;29.4.1954;0;1
SAGRA;29;20.1.1979;0;29
NUVELYA;1;21.5.1966;0;1
SUNDUSE;21;7.8.1960;0;21
HUMAYAN;3;1.2.1946;0;3
GULSAY;95;5.3.1971;0;95
VETHULLAH;1;22.2.1955;1;0
ZULAHIYE;6;12.3.1965;0;6
SECGU;1;1.3.1983;0;1
SOLYA;40;2.8.1956;0;40
GUNESIN;4;26.6.1970;0;4
FERDAYE;2;24.2.1958;0;2
NURALP;19;11.4.1971;15;4
ORUCREIS;2;8.8.1989;2;0
SUZEYME;1;1.7.1948;0;1
ZELFIYE;42;14.4.1968;0;42
ABUT;107;11.3.1959;107;0
KANURE;3;1.6.1947;0;3
SAITTIN;18;20.3.1962;18;0
GULNUS;10;2.2.1967;0;10
M.HIKMET;7;8.10.1944;7;0
NECLAHAT;3;20.6.1962;0;3
AYTUNAY;1;7.8.1991;0;1
EMEZ;2;22.9.1960;0;2
BIRCAG;4;10.3.1988;2;2
OZUNUR;1;8.7.1978;0;1
ABDULBAHA;2;15.8.1954;2;0
TUTEN;65;9.3.1964;3;62
EMIREHATUN;1;15.4.1933;0;1
SARANA;4;23.6.1939;0;4
BURRAK;1;14.12.1970;1;0
OZGEM;15;24.11.1985;1;14
AGUS;87;14.11.1946;73;14
ERER;17;28.8.1965;13;4
BILSU;2;30.7.1988;0;2
TEGIN;5;2.3.1975;5;0
DEYIM;3;17.1.1978;1;2
SUHANDER;3;20.4.1980;0;3
BAYCETIN;1;20.4.1941;1;0
NURTUKEN;1;14.6.1934;0;1
MENGUC;28;20.9.1963;28;0
ZENIFE;50;2.9.1958;0;50
SEVSENE;3;25.1.1957;0;3
TOGHAN;2;5.11.1988;2;0
ADAHAN;5;3.1.1975;4;1
MELEKTER;4;19.3.1952;0;4
MIKAYIR;7;8.6.1972;7;0
FULNUR;1;18.11.1979;0;1
PEKRAN;3;12.6.1961;0;3
MUKADDERET;4;23.7.1975;0;4
GENCAL;36;8.10.1969;36;0
ZEKABIYE;5;27.10.1950;0;5
UMMIHA;4;28.3.1963;0;4
GULHATMI;71;4.10.1954;0;71
DUREYYA;4;25.11.1958;0;4
SEBAITDIN;2;7.4.1961;2;0
SERTUG;74;28.11.1983;73;1
EROLCAN;10;25.9.1980;10;0
NESUHI;24;18.10.1961;24;0
JINVERI;1;5.9.1952;0;1
TAHADDIN;6;19.3.1959;6;0
BANUHAN;32;13.7.1973;0;32
CISANA;1;11.8.1950;0;1
ALPASLANGAZI;1;6.9.1973;1;0
YURDALAN;36;6.4.1970;35;1
YONET;11;22.8.1972;10;1
REZDAN;4;1.12.1973;1;3
UMMIYEN;6;9.8.1967;0;6
RAHLIYE;8;25.2.1951;0;8
GADER;12;9.1.1975;3;9
CEMILAY;8;1.12.1973;3;5
CILGA;46;9.7.1989;0;46
NURSEDEF;5;28.7.1981;0;5
UMUZ;5;5.9.1943;0;5
KIBRIS;48;27.6.1972;25;23
NINNOS;2;27.11.1967;0;2
NAIMET;8;9.4.1955;0;8
CENIP;8;15.5.1960;8;0
MADIRET;5;20.2.1961;0;5
DUSAN;2;12.4.1956;1;1
NECIBETTIN;39;23.11.1960;39;0
CEHALE;2;5.10.1954;0;2
MAAFIYE;3;25.9.1942;0;3
ANSEN;13;25.2.1957;3;10
ARMAAN;6;9.12.1973;3;3
UMRUYE;83;18.8.1960;0;83
HECE;19;23.6.1970;0;19
GONLUM;13;18.11.1981;3;10
HULLIYET;1;27.7.1956;0;1
HASETTIN;7;5.9.1972;7;0
SADIDE;47;1.12.1957;0;47
MINESER;33;2.6.1966;0;33
FUZUN;18;13.1.1965;0;18
UCKAN;18;12.8.1970;17;1
ERKERIM;1;10.1.1981;1;0
SUDAYET;3;10.8.1956;0;3
NINA;104;23.6.1969;0;104
AZIMKAR;6;30.3.1973;6;0
ATAGUL;33;12.12.1968;13;20
GUZINE;4;10.11.1959;0;4
ZEYTEN;3;23.11.1963;0;3
IRMAN;7;3.10.1957;2;5
NECMIHAN;4;17.7.1962;0;4
BOYGAR;2;25.1.1983;2;0
HACCEGUL;4;15.9.1958;0;4
MOHBET;78;3.12.1964;0;78
ORHANCAN;6;26.6.1978;6;0
HAYTAZ;1;22.8.1925;1;0
SAHVEREN;4;28.10.1961;1;3
SULKATIN;1;11.8.1958;1;0
FEHMINAZ;153;3.1.1958;0;153
EFRADDIN;3;30.7.1940;3;0
FEHETTIS;1;23.4.1955;0;1
MEKNUN;9;27.12.1962;4;5
MERGUL;517;26.5.1975;0;517
APDULLA;16;9.8.1967;16;0
KERREM;2;9.5.1978;2;0
ARCIN;10;27.5.1981;8;2
TALE;17;10.9.1961;2;15
TURKERMEHTI;1;22.2.1973;1;0
SUGRA;13;22.2.1981;0;13
ZAFIDE;6;16.8.1955;0;6
MEMNUNA;4;20.1.1954;0;4
HEYRAN;18;20.6.1967;2;16
IBRAFIM;1;2.2.1951;1;0
ESBE;30;25.11.1952;0;30
NEPTON;3;16.5.1939;1;2
GULSEKER;95;5.1.1959;0;95
SIRKAT;1;29.9.1946;0;1
GULCAHAR;1;12.7.1954;0;1
HUBAN;43;7.10.1968;0;43
TUNCAN;41;24.4.1965;25;16
SEHARET;2;10.7.1943;0;2
ERKEK;6;27.9.1966;6;0
IZZAT;1;30.3.1960;1;0
ALIKAPTAN;1;23.11.1973;1;0
OZERK;51;6.3.1981;48;3
GULSAL;23;30.2.1963;1;22
GUNESHAN;4;8.10.1960;2;2
HANIFENUR;2;20.1.1984;0;2
TOHIT;65;26.8.1969;65;0
ERSEVINC;14;20.11.1961;12;2
OZLENUR;3;25.8.1983;0;3
SERAM;7;4.7.1977;0;7
AHET;56;24.5.1965;55;1
CEMSEFA;5;26.10.1961;3;2
AKTEM;5;24.4.1962;5;0
ABBASI;9;11.9.1966;9;0
TONYA;41;30.12.1970;0;41
HEDLEY;60;6.6.1958;0;60
K;2;10.3.1969;2;0
MADERET;4;4.10.1948;0;4
IBNISINA;6;21.7.1988;6;0
BELGI;48;21.1.1973;9;39
KARAKURT;3;20.1.1930;1;2
ATAM;34;21.12.1958;34;0
ATAGUN;63;15.7.1968;63;0
IZDIHAR;84;26.6.1968;0;84
ACLAN;72;6.6.1959;64;8
YUSUFIYE;7;17.11.1965;0;7
ZAFERCAN;7;22.11.1978;7;0
TULUG;60;1.1.1977;32;28
FADUMAN;1;21.1.1980;0;1
SONSERAY;3;2.12.1963;0;3
ARZ;5;1.8.1972;5;0
CELEBICAN;3;6.4.1962;3;0
BUGCE;35;13.6.1988;0;35
YASARDOGU;3;10.4.1964;3;0
SEVINCGUL;9;17.7.1966;0;9
DILFEZ;42;29.2.1955;0;42
SADENAZ;25;5.4.1963;0;25
ESPER;10;8.3.1970;9;1
FERDES;15;17.4.1960;0;15
SEVBAHAN;1;14.2.1989;0;1
AHSINE;1;1.11.1979;0;1
NECLETTIN;5;3.9.1961;5;0
SINNAZ;4;4.11.1965;0;4
GULBEHTAR;1;27.3.1962;0;1
GOZLEM;38;10.5.1985;2;36
GOZDEGUL;18;4.3.1987;0;18
MEHMETZIYA;4;26.8.1958;4;0
BENDEGUL;16;19.4.1973;0;16
ELVETTIN;23;17.4.1960;23;0
BAHIT;29;19.1.1965;11;18
NUFIYE;16;22.11.1962;0;16
MEYLUK;4;29.8.1955;0;4
ISHAKHAN;3;2.12.1990;3;0
BULSEL;1;2.2.1951;0;1
GULUNNAZ;3;28.11.1963;0;3
HELENUR;2;21.9.1980;0;2
NIZAHITTIN;1;16.9.1935;1;0
SULIHA;13;1.3.1949;0;13
MUSVIK;6;16.3.1977;6;0
SERANAT;14;18.3.1978;1;13
KEYVAN;8;4.12.1977;3;5
SUVERDI;1;16.12.1969;0;1
ZAFERHAN;16;13.7.1976;13;3
NURDAHIL;1;17.1.1971;0;1
RAFIRE;1;22.2.1967;0;1
MALIKA;24;18.3.1960;1;23
SEVILENAY;5;30.11.1976;0;5
SUMEYYEHAN;2;10.5.1980;0;2
CEYLANNUR;2;24.1.1979;0;2
RUSLAN;29;16.6.1983;29;0
SUCAADDIN;7;27.5.1962;7;0
REMIZ;20;1.10.1962;18;2
OLAY;42;13.12.1976;29;13
TURCIHAN;289;13.2.1962;3;286
REHME;27;29.7.1957;0;27
BUYUCE;4;29.6.1947;0;4
MUSIYET;2;12.5.1947;0;2
BIHZAT;4;18.9.1946;3;1
NURFEDA;5;24.11.1972;1;4
BANIHAN;3;21.4.1945;0;3
SEVINCHAN;2;24.3.1964;0;2
AKGOZ;1;13.9.1974;1;0
FETHANET;7;19.10.1962;0;7
SEYYAHAT;10;12.4.1951;2;8
PELMAN;2;24.11.1963;0;2
SENFEZA;1;5.4.1951;0;1
HABIBNURU;1;18.9.1991;1;0
SEVIDAN;4;17.1.1972;0;4
ESSIZ;1;9.3.1968;0;1
ERCETIN;40;25.3.1962;40;0
OKNUR;3;11.3.1979;2;1
YASENUR;13;1.3.1985;0;13
LUKIYE;3;4.6.1970;0;3
NURMADER;1;12.11.1967;0;1
ATAR;19;13.3.1967;18;1
SEBEAT;7;27.11.1955;0;7
YURDAAY;13;24.11.1958;3;10
BINYA;1;13.4.1947;1;0
DEYMEGUL;1;3.7.1978;0;1
SAVASAN;17;19.2.1973;17;0
MEBESSER;1;19.3.1979;0;1
TARIYE;15;2.6.1958;0;15
REFAYETTIN;8;27.2.1964;8;0
HAKUNE;1;1.11.1953;0;1
MURSITE;5;5.7.1964;0;5
BAYKARA;17;8.12.1957;17;0
NECMITDIN;12;6.10.1956;12;0
NENIR;1;21.1.1979;0;1
OVER;10;10.5.1963;8;2
YELMA;1;1.5.1959;0;1
CIHANGER;37;26.3.1966;34;3
ERCIVAN;121;15.6.1963;108;13
SERMIHAN;14;26.6.1972;0;14
HACIARIF;4;14.7.1952;4;0
ZARINA;30;26.7.1983;0;30
SERBETHAN;16;19.10.1970;1;15
CEMGUN;1;6.2.1979;1;0
UMRANE;47;17.6.1970;1;46
DOGMAN;3;26.9.1964;3;0
TURGUTAY;4;23.4.1978;4;0
KURTCE;10;4.8.1943;10;0
MARGHUBA;1;19.5.1983;0;1
NAZIRI;7;2.6.1956;3;4
GULLABI;25;8.7.1956;3;22
SUKURE;40;26.11.1952;0;40
ASLANBEY;13;10.10.1963;13;0
GANBER;37;17.4.1964;37;0
BESTEGUL;28;29.4.1982;0;28
MINIZE;1;17.2.1951;0;1
NIHATI;5;22.11.1967;5;0
ZIHNISAN;5;29.7.1964;0;5
KEMENT;4;20.4.1963;4;0
SALBAY;1;21.2.1957;1;0
PURUZE;308;4.6.1960;0;308
IFTADA;3;18.10.1949;0;3
EBRISIM;19;12.11.1955;0;19
GOKTUNC;9;5.4.1985;9;0
SONSEL;29;4.6.1974;2;27
TURNEY;3;8.9.1967;0;3
RAZINIHAN;5;28.11.1959;5;0
ANJELA;28;7.10.1969;0;28
ENTER;17;28.9.1966;17;0
SENARIGUL;1;12.4.1965;0;1
MARIORA;2;5.7.1974;0;2
MUTAASIM;1;6.7.1969;1;0
ZUMEYYA;2;1.3.1969;0;2
SAMAYEL;1;12.2.1965;1;0
MAKBUBE;13;30.8.1961;0;13
HURCIHAN;12;8.2.1963;1;11
TANJER;9;9.11.1959;6;3
IFADE;52;1.1.1951;0;52
COSFER;1;6.5.1977;1;0
BASIRAZ;10;21.2.1950;0;10
SOPIO;4;12.1.1977;0;4
GULARA;68;11.7.1966;0;68
EBAMUSLIM;61;29.4.1963;61;0
ADILCAN;8;11.8.1980;8;0
UFKU;25;3.2.1980;21;4
PANBUK;122;28.12.1956;0;122
RAYME;62;20.11.1963;0;62
MUSTACIP;4;27.8.1947;4;0
TOREHAN;23;14.4.1984;21;2
NEVAIL;4;5.11.1960;0;4
GAYANE;9;6.5.1970;0;9
MAYDA;79;13.10.1961;0;79
HUNNE;7;3.7.1960;0;7
VEHHEB;1;23.6.1959;1;0
NIYAR;16;8.12.1958;0;16
BEDRINAZ;12;24.3.1956;0;12
LUBA;73;9.12.1964;0;73
BERIAN;3;17.11.1958;0;3
SERBANE;16;5.6.1956;0;16
UGURGUN;2;2.6.1980;2;0
ATUF;35;14.12.1962;34;1
MAKNUZE;1;22.2.1947;0;1
GULSUZER;5;20.6.1968;0;5
NIMETI;339;21.5.1956;3;336
OZBAYKAL;2;27.8.1972;2;0
SUURI;50;30.6.1958;50;0
KEMALCAN;22;25.3.1985;22;0
SUVEDA;13;20.9.1963;0;13
ATLAS;291;20.4.1963;5;286
HALIGME;1;26.5.1968;0;1
NAIZE;57;7.1.1964;0;57
BUSRE;2;7.5.1988;0;2
SEVDEHAN;3;14.12.1970;0;3
HASANCAN;53;8.3.1988;53;0
AKHAN;44;22.12.1970;42;2
OGEN;3;30.9.1957;1;2
SELBEHAN;1;1.11.1978;0;1
BINAR;21;7.4.1966;5;16
FEZAT;3;6.12.1964;2;1
MAADDEL;2;18.12.1947;0;2
NEYYIRE;90;22.7.1956;0;90
SALEH;82;5.6.1963;81;1
MZIVA;1;9.4.1967;0;1
KOYLAN;1;11.8.1945;1;0
VALERIYA;5;27.10.1977;0;5
LOKMANHEKIM;9;11.9.1977;9;0
ARTAR;5;15.8.1969;3;2
MEHRIMA;6;25.1.1961;0;6
IRSADI;101;13.12.1965;101;0
YURTDAS;3;24.7.1970;3;0
SEYFIDAR;72;6.1.1953;71;1
MAHPILE;2;7.11.1955;0;2
FITNE;8;20.11.1949;0;8
NIRAY;8;13.2.1980;0;8
DILFINAZ;17;29.4.1958;0;17
VEDIDE;132;13.1.1956;0;132
SUDAT;3;26.12.1964;0;3
UFUKDAN;4;20.11.1964;4;0
MUMECCEL;13;28.8.1948;0;13
EMSINE;1;5.4.1962;0;1
SURAT;45;6.11.1963;11;34
ARDANUR;4;28.12.1986;0;4
FEHMAN;6;21.10.1953;1;5
MUZAHIP;2;27.8.1935;1;1
SUVIDE;2;8.12.1946;0;2
EYSA;3;4.3.1958;2;1
UMELYA;1;9.12.1964;0;1
KILICASLAN;79;9.3.1966;79;0
MENDUA;4;3.11.1957;0;4
UZULE;19;29.11.1966;0;19
GULEVVER;3;4.8.1955;0;3
ZILEYHA;106;3.8.1960;0;106
FEZAR;1;8.6.1975;1;0
ERTUGRULGAZI;20;4.5.1976;20;0
GIREYHAN;1;30.7.1971;1;0
RABIKA;11;29.7.1962;0;11
SEHBAR;2;12.8.1958;0;2
MINIRYE;6;17.5.1957;0;6
SIMAVI;10;7.9.1970;9;1
TAMAY;257;18.6.1968;81;176
CAKIRE;7;14.3.1950;0;7
FUHAT;80;7.1.1970;80;0
MELISAN;17;8.8.1975;0;17
RAKIME;23;23.4.1960;0;23
ATAGUNDUZ;4;28.9.1953;4;0
AKDOGAN;91;13.10.1955;90;1
MINIYRE;8;11.11.1957;0;8
GUNESE;9;1.12.1965;0;9
CIDEN;20;26.3.1975;0;20
AYBANU;13;27.2.1978;0;13
UZEYIME;22;10.5.1960;0;22
GULDEHEN;55;14.8.1965;0;55
ESVIYE;15;20.6.1962;0;15
SATINUR;23;28.7.1974;0;23
MURSANE;1;19.4.1966;0;1
TUNSEL;15;16.12.1965;3;12
MELIGAT;1;28.1.1964;0;1
AYSIMA;56;26.3.1983;0;56
COSKUNER;33;30.10.1969;33;0
BARLAS;226;11.7.1977;225;1
UMRANIYE;34;9.5.1976;0;34
FUNDA.;1;3.7.1980;0;1
HISABIYE;6;23.1.1955;0;6
SOYLE;45;27.11.1969;0;45
POSINAZ;1;28.4.1938;0;1
KANRA;1;27.4.1938;1;0
PEYDA;30;23.9.1983;2;28
NURGEN;86;25.5.1969;0;86
TAHACAN;6;23.6.1984;6;0
GONER;28;20.11.1951;5;23
GUZALLA;1;27.11.1952;0;1
FADULA;18;15.3.1947;0;18
ELDIVAS;138;7.6.1961;138;0
OZNEM;9;2.9.1979;0;9
IJLAN;27;5.10.1964;0;27
HADUN;13;10.1.1958;1;12
FENSUR;7;27.11.1977;6;1
HUMEYRAN;59;21.2.1961;0;59
KHATUNI;1;1.2.1961;0;1
NURDUVAN;4;4.9.1966;3;1
AYNISAH;29;26.9.1957;0;29
AKNUR;23;9.7.1971;3;20
NARGILA;4;14.12.1977;0;4
SUNEZ;1;28.3.1956;1;0
CIZEL;4;1.7.1979;0;4
SEDARETTIN;18;17.7.1964;18;0
VADIM;7;4.5.1977;7;0
HASIMCAN;3;28.11.1990;3;0
SAVTEKIN;13;13.10.1971;13;0
SEHAYLA;1;17.2.1960;0;1
NUKSER;12;5.3.1955;0;12
ILDEN;13;1.7.1982;2;11
OKTAR;80;10.12.1964;80;0
INGINAZ;2;1.9.1957;0;2
GULENZAR;2;14.6.1952;0;2
MAHBIKER;3;22.5.1961;0;3
BAHSIN;2;10.4.1973;2;0
MEISER;3;23.4.1955;0;3
MIDAIM;1;27.8.1938;1;0
ETIHAN;6;13.8.1976;6;0
NISET;5;3.9.1953;1;4
MIASE;28;12.9.1956;0;28
LIBAS;402;5.9.1956;1;401
AYMENER;1;17.2.1942;0;1
GULHEDIYE;34;26.1.1968;0;34
ZERMIN;12;13.12.1962;0;12
MADURE;3;12.8.1971;0;3
HURMETI;1;27.8.1962;0;1
KAZIMTAS;2;3.10.1940;2;0
EDAL;8;9.9.1965;2;6
CUMABEY;1;2.5.1957;1;0
NECERIA;1;27.8.1932;0;1
GOZME;1;26.7.1941;0;1
NESEDIYE;5;9.2.1965;0;5
REZIYA;3;18.3.1954;0;3
ZEYNALI;12;4.12.1956;10;2
SELATUN;8;27.1.1975;0;8
FAHRICAN;33;13.9.1972;29;4
KUCUKHANIM;89;20.1.1954;0;89
BASOL;75;12.8.1969;74;1
ANAHANIM;699;10.6.1951;1;698
UNZULAY;4;16.7.1976;0;4
GULHIZAR;1552;2.11.1959;0;1552
ISMAILCAN;8;29.1.1986;8;0
BETUHAN;2;1.6.1984;0;2
ALPERSEN;1;8.3.1989;1;0
MINNURE;10;20.8.1967;0;10
ZEKURE;5;15.4.1966;1;4
ASLANPASA;14;16.5.1952;14;0
SEHIMA;47;23.3.1981;0;47
MAHSE;1;7.8.1934;0;1
MUSEHIBE;1;22.2.1943;0;1
CANFEDA;141;14.10.1966;7;134
DURNEF;2;26.1.1960;0;2
MELEKET;11;8.12.1963;0;11
NEYIBE;24;20.12.1961;0;24
DAUT;21;16.7.1962;21;0
MUHAMMETCAGRI;1;27.4.1992;1;0
SENSEN;7;1.2.1970;1;6
TUSEN;6;18.4.1982;1;5
SEDET;74;6.9.1966;35;39
IRABIYE;32;11.10.1957;0;32
BETHUL;6;4.4.1972;0;6
MAHPUP;67;19.8.1956;2;65
KOKTENSEL;1;4.1.1980;1;0
TESADET;1;29.10.1935;0;1
UGURAN;1;20.5.1946;0;1
NERIBAN;24;1.10.1964;0;24
BERKIYE;13;20.11.1952;1;12
ENFIYE;30;10.11.1960;0;30
SAMURAN;22;26.10.1962;5;17
GULFADIME;8;13.6.1965;0;8
EMINEI;20;26.9.1938;0;20
PEHZAT;1;23.5.1931;0;1
SEBAHAN;14;5.10.1966;1;13
NATO;10;30.6.1970;0;10
RUKAYE;3;20.9.1976;0;3
HASIYNE;3;15.11.1962;0;3
TANILE;1;17.6.1954;0;1
NURKADER;6;20.11.1973;0;6
SUMAYE;7;8.7.1971;0;7
PEYMA;16;19.11.1979;1;15
GUNSEDA;1;22.6.1980;0;1
BEHLEVAN;1;17.5.1948;1;0
DURANAY;8;10.2.1723;4;4
MESTINE;2;11.1.1940;0;2
METIHA;107;7.5.1971;0;107
LEMINUR;6;30.9.1955;0;6
RECEBIYE;890;4.12.1959;0;890
ZEKIR;212;25.6.1955;198;14
YESIN;17;20.7.1967;9;8
DURUCAK;2;19.5.1972;0;2
NEMIRE;17;2.6.1955;0;17
KOCBEY;16;18.3.1969;16;0
SERKER;6;14.10.1957;6;0
BAHDUNUR;1;29.10.1991;0;1
CENUP;11;28.7.1964;11;0
FETDE;1;6.7.1968;1;0
KEFAIL;1;10.3.1980;0;1
GULKONCA;14;25.4.1966;0;14
HAYRUMAN;1;1.10.1960;0;1
MUZAHIR;30;29.9.1962;28;2
ZEKER;4;11.7.1962;3;1
GULSERIYE;13;19.11.1963;0;13
EVDEN;1;6.3.1950;0;1
ZEBUS;2;12.9.1953;0;2
NURGIZEM;2;13.10.1989;0;2
MUZEYIM;9;30.5.1967;1;8
CEHTI;30;8.5.1958;30;0
REFAKAT;48;10.12.1953;1;47
GULBAHARNUR;1;16.9.1991;0;1
ZULHEYA;7;6.6.1975;0;7
GULYAMI;13;26.2.1968;13;0
SEVDUK;2;18.1.1972;2;0
NECBURE;3;26.9.1948;0;3
HAVDANE;2;7.7.1940;0;2
EFRATUN;2;8.4.1976;1;1
FERIM;4;21.6.1979;2;2
ZULEYDE;15;18.4.1963;0;15
MUBESSIR;4;15.10.1958;1;3
FEHAMUR;1;22.2.1949;1;0
ZILHA;313;2.2.1957;0;313
SULEYUKSEL;2;26.2.1974;0;2
HESABIYE;3;5.4.1953;0;3
SUHAYB;4;9.1.1991;4;0
NUKTIYE;7;16.1.1965;0;7
NAZMEDDIN;2;15.1.1965;2;0
ZIKRINAZ;18;26.7.1949;0;18
CAGLAGUL;10;28.12.1986;0;10
ABDULLAHPASA;1;22.9.1984;1;0
ELIFMINE;1;11.4.1990;0;1
BAHARETTIN;52;8.8.1963;52;0
MUHTABER;32;30.4.1972;0;32
LIVAZE;144;12.10.1962;0;144
FEHRIMAN;3;29.4.1976;0;3
SUMDUR;1;22.8.1949;0;1
SIRACIDDIN;3;1.8.1968;3;0
BAYBORA;84;23.7.1978;84;0
HATUNER;1;26.3.1958;0;1
HUBEYLA;4;9.1.1971;0;4
KADRIFE;1;8.11.1976;0;1
ADNIYE;21;24.9.1962;0;21
CAHITHAN;2;27.11.1978;2;0
MUSIZE;1;22.8.1925;0;1
NASE;2;28.9.1958;0;2
SUBEYYA;10;5.9.1975;1;9
FERAIDE;1;12.8.1923;0;1
TUTKUCAN;1;25.5.1991;1;0
MUGFEL;1;3.9.1947;1;0
TALHANI;1;8.6.1985;1;0
TUZEL;19;23.10.1963;7;12
INNAP;1;23.12.1976;0;1
KAMERYE;4;10.7.1966;0;4
SAHMERAL;13;14.9.1959;6;7
MEKDES;1;19.3.1979;0;1
OZLEMIN;7;5.9.1977;2;5
SAKRIYE;3;26.3.1966;0;3
SURDAL;2;7.4.1965;2;0
CEZIBE;12;5.1.1961;0;12
MESIM;89;23.1.1958;89;0
SUMLU;1;30.9.1966;0;1
SEHPER;14;19.10.1948;0;14
NATIGE;3;8.4.1969;0;3
ATANER;85;2.11.1969;85;0
PERDEV;2;9.11.1946;2;0
ALUS;33;19.3.1956;33;0
MAKFUZE;2;7.7.1929;0;2
AYGAH;5;27.3.1976;5;0
SATHI;30;16.8.1953;0;30
YALCINKAYA;34;24.2.1957;34;0
NIRVANA;10;14.3.1981;0;10
AILA;6;25.9.1968;0;6
HAYMAN;5;9.10.1946;1;4
GOSE;4;12.7.1949;0;4
SERTKAYA;1;17.12.1972;1;0
SALTUKHAN;3;12.4.1977;3;0
AYHANGAZI;1;9.5.1966;1;0
MARETA;3;18.11.1960;0;3
ORKUNCAN;1;1.11.1991;1;0
MUZAHER;6;20.5.1952;1;5
NEMIYE;29;10.3.1957;0;29
HUNNAN;1;18.4.1964;0;1
RUHEYDA;22;7.12.1974;0;22
TUAY;7;20.9.1962;3;4
MESME;105;27.12.1953;0;105
AYBUKER;5;18.8.1951;1;4
SIRRIHAN;2;3.3.1984;2;0
UGRUN;2;11.6.1982;2;0
NURGILE;2;20.1.1970;0;2
RUCET;1;12.4.1953;1;0
IMOC;12;14.6.1948;0;12
INSA;4;20.8.1956;1;3
ORESIN;1;23.4.1949;1;0
CAGRIS;1;12.10.1984;1;0
BEYSEFA;135;21.6.1963;132;3
NURTEL;37;25.8.1963;1;36
KANATLI;2;24.2.1967;2;0
SERIFCAN;4;10.7.1984;3;1
TULER;34;12.10.1962;3;31
CANA;187;14.12.1975;3;184
FEVYA;1;24.3.1963;0;1
NARULLAH;2;8.1.1981;2;0
ESRAA;1;8.2.1981;0;1
YETISKIN;5;15.2.1957;5;0
ELLES;9;2.10.1954;8;1
FIDRET;20;1.5.1958;0;20
BUSENUR;12;28.12.1987;0;12
MUGMIYE;1;10.3.1974;0;1
MEVRURE;8;8.6.1959;0;8
LAIFE;1;11.10.1929;0;1
SUZUDIL;1;11.8.1991;0;1
NARGIZI;3;10.5.1954;0;3
ASIKLA;1;7.8.1934;0;1
SEMIHAL;4;5.10.1957;0;4
SUCUATTIN;6;16.1.1966;6;0
SULAL;7;14.10.1961;1;6
SAAVET;14;9.12.1954;0;14
PIRZADE;26;12.11.1968;24;2
KESME;8;12.2.1947;0;8
NIRBAN;1;2.10.1981;0;1
TSIALA;5;25.9.1952;0;5
SELMEHAN;5;12.3.1971;0;5
SEVDINAZ;78;14.7.1967;0;78
NEZIYHAT;2;17.11.1975;0;2
GUZELA;5;25.1.1951;0;5
MUSIKA;183;19.4.1953;0;183
HACIBEK;3;16.7.1940;3;0
MENSIRE;19;18.5.1965;0;19
SEVRE;21;25.11.1969;0;21
TERKADIN;71;24.9.1957;0;71
VILDAM;4;8.6.1980;0;4
AYESE;8;27.11.1952;0;8
ZELIKA;55;23.7.1967;0;55
GAMER;138;19.6.1962;2;136
CEMALBEY;1;7.7.1976;1;0
SEBAHAD;4;16.1.1964;0;4
MIKAYI;5;11.6.1973;5;0
CUMRIYE;8;28.7.1955;0;8
GULSEVINC;52;16.9.1968;0;52
TUGBU;1;13.10.1987;0;1
VENNAS;11;29.8.1974;1;10
GULNEVIN;16;10.6.1960;0;16
GULNERMIN;5;1.3.1963;0;5
MURVER;20;3.2.1958;0;20
KOKNAL;1;13.8.1982;1;0
ECVET;264;14.10.1970;264;0
ISGUL;2;20.10.1971;0;2
ILEM;20;15.8.1972;1;19
DEMIRZADE;33;12.11.1950;0;33
ENDULUS;1;10.2.1951;1;0
NAZIGE;81;20.3.1948;0;81
LAYEZEL;2;20.12.1956;0;2
NURFES;1;13.4.1948;0;1
KAPDAN;7;15.9.1956;7;0
OKCUL;3;23.1.1973;2;1
MINTAHA;184;6.1.1964;0;184
NURHAYIR;1;12.9.1959;1;0
SEVIYYEN;3;13.11.1957;0;3
GULUNA;3;26.6.1970;0;3
GULMIRA;51;23.3.1978;0;51
FIRTES;11;5.9.1960;0;11
KUTEN;6;27.12.1966;6;0
GULDELEN;8;18.6.1958;0;8
NAGMAN;5;6.10.1957;5;0
FENSAL;6;27.1.1962;6;0
GUNDA;5;30.1.1968;0;5
GULERYA;6;8.12.1976;0;6
BUHANDAN;1;6.9.1931;0;1
BELKIYAR;3;21.8.1955;2;1
HUZER;1;22.8.1955;0;1
ARTANC;3;7.2.1973;3;0
BEKCET;3;22.2.1970;3;0
NAZIKENUR;1;4.6.1989;0;1
ZIYACAN;10;17.1.1969;9;1
OKSEN;59;23.5.1971;11;48
MUSTU;7;21.4.1952;5;2
HURIMAN;2;2.4.1948;0;2
BATIGUN;5;7.10.1984;5;0
CELIT;4;30.9.1955;3;1
GULDAMLA;8;29.10.1980;0;8
CENNETGUL;7;12.6.1976;0;7
YAVUZCAN;13;19.12.1986;13;0
UMREHAN;10;18.10.1980;0;10
FAMIYE;57;29.6.1964;0;57
INCILAL;3;22.10.1963;0;3
FATIMATIL;2;27.12.1952;0;2
ASLAHAN;27;6.11.1965;1;26
BEYYAMIN;3;12.9.1955;3;0
DURIYYE;11;17.4.1960;0;11
FERMINAZ;17;10.10.1962;0;17
MUAYYE;1;7.4.1976;0;1
SEDDAN;3;29.12.1966;3;0
ERDUMAN;10;1.12.1965;9;1
TEMURAN;6;28.5.1960;4;2
MUGAZ;1;16.4.1974;1;0
GULVANI;7;28.1.1968;0;7
ARSIN;31;3.11.1960;24;7
MEHIDE;35;19.8.1957;0;35
BERRE;25;23.6.1982;0;25
NERMISAN;17;9.11.1972;0;17
MEYSURE;38;20.8.1964;0;38
HEFIYE;4;15.8.1948;0;4
HITAP;6;29.4.1970;3;3
ZULCIYE;6;12.3.1964;0;6
FEZIME;23;29.6.1961;0;23
GULESME;20;26.11.1958;0;20
COSKUNTUNA;1;18.4.1992;1;0
CAROLINA;14;18.2.1974;0;14
VAYITTIN;8;29.3.1961;8;0
GULNAZAR;18;28.11.1969;1;17
HAYRETTINBEY;1;9.6.1977;1;0
MUHISSIN;1;17.2.1948;1;0
NADIGUL;15;8.9.1964;0;15
HASIRE;15;16.5.1962;0;15
GUNSELEN;5;23.1.1972;0;5
NAZEGUL;345;18.7.1961;0;345
FEYKIYE;4;18.10.1939;0;4
UMRAH;7;20.10.1981;3;4
NUHIT;6;14.7.1960;5;1
MUKRINAZ;2;12.12.1964;0;2
KAZENFER;16;4.12.1962;16;0
AZEL;99;8.9.1963;1;98
AVA;12;13.4.1964;0;12
NURUFE;30;8.11.1964;0;30
REFIYEYI;1;20.3.1954;0;1
UMMIGUZEL;1;8.12.1963;0;1
MERGUZE;64;27.12.1958;0;64
CEYDANUR;13;18.9.1986;0;13
BEHIT;4;22.11.1958;4;0
BEREKE;4;4.7.1958;0;4
ESSEYDE;1;26.5.1979;0;1
NESUN;5;16.6.1960;0;5
SARAGUL;9;14.3.1975;0;9
CAGDAGUL;1;2.9.1984;0;1
GULEKEN;12;10.7.1960;0;12
IZGAN;3;21.6.1955;0;3
TATYANA;81;1.9.1973;0;81
BELKAY;25;15.4.1978;9;16
CANAYBEY;1;7.9.1955;1;0
OZBEKIR;2;29.12.1963;2;0
YENAIL;2;2.7.1972;2;0
DILGECAN;3;27.12.1988;1;2
YASARYALCIN;1;22.2.1973;1;0
MUAVENET;1;30.3.1957;1;0
ESENGULRU;1;23.10.1969;0;1
MUBERHEN;1;26.3.1932;0;1
YURDDAKAL;1;9.3.1943;0;1
NESLIPAK;3;1.7.1945;0;3
SIMAIL;4;21.3.1969;4;0
MUSADDIK;13;9.8.1957;13;0
SELLU;5;14.12.1950;1;4
MUESE;8;24.2.1958;0;8
SAKIZE;46;15.2.1955;0;46
OZNIL;25;1.11.1983;0;25
ELDIVET;1;2.8.1951;1;0
TUGSAL;23;18.1.1973;22;1
NIHA;2;27.5.1950;0;2
ADISAH;101;30.12.1951;0;101
HAYSEN;5;18.3.1970;2;3
BUDAK;155;7.6.1968;149;6
SEFILA;5;24.9.1970;0;5
NAHIZER;35;20.3.1961;0;35
ABDUCELIL;3;3.12.1965;3;0
ABDULVELI;59;30.1.1971;59;0
KURSEN;1;28.9.1945;0;1
SEFKE;5;14.9.1972;0;5
MEHDUNE;4;5.11.1969;0;4
NUHSAIT;2;23.8.1958;2;0
FAMIS;88;23.3.1951;0;88
BEYSIM;422;22.3.1963;422;0
NERIFE;3;2.6.1960;0;3
SERAVET;1;24.3.1940;1;0
FATUMATUZ;10;17.9.1966;0;10
GANIBEY;6;8.11.1942;6;0
ONDEGUL;5;10.7.1970;0;5
SANCAL;1;22.2.1943;1;0
ASILTURK;14;13.2.1978;14;0
NAZNUR;14;23.5.1965;0;14
H.OSMAN;49;12.11.1952;49;0
ELIM;22;5.10.1969;12;10
MEYSUR;9;12.9.1969;2;7
TALIHGUL;1;23.5.1957;0;1
SEYDUL;8;25.9.1963;7;1
ARIFEGUL;4;15.4.1978;0;4
NARDAGUL;20;26.5.1968;0;20
KERDANE;1;22.8.1937;0;1
GULASLAN;1;9.1.1970;0;1
CALIYE;28;27.9.1955;0;28
MURAFET;3;5.11.1961;2;1
CURIDE;3;1.10.1944;0;3
SALLIK;1;30.7.1973;0;1
ARFI;3;26.9.1967;0;3
LIBASIYE;1;6.2.1957;0;1
NERMUK;1;12.5.1959;0;1
MOYLUDE;1;29.5.1950;0;1
BEHATTIN;31;2.3.1953;31;0
FIRDASE;12;12.2.1958;0;12
GULRANA;5;18.5.1957;0;5
RISAMET;1;2.2.1951;1;0
MUGITTIN;1;2.4.1957;1;0
NIGMEDDIN;1;28.1.1943;1;0
BEZMI;49;2.12.1957;45;4
AKBULUT;29;23.12.1965;28;1
ZEHLE;45;1.11.1959;0;45
SUABI;4;25.2.1964;4;0
SERIKNAZ;5;25.9.1942;0;5
SEMANIYE;50;7.7.1966;0;50
TENZULE;71;18.10.1957;0;71
ELBIYE;12;30.11.1956;0;12
NEZLIK;1;23.6.1955;0;1
GUSEF;4;3.7.1983;0;4
MURABBIYE;2;29.12.1957;0;2
PAZIYE;5;24.2.1954;0;5
NILPER;3;17.4.1984;0;3
HACISELIM;2;21.5.1976;2;0
MEYISE;34;29.10.1960;0;34
GURDANIYE;1;17.2.1936;0;1
SEYDIALI;16;24.5.1959;16;0
KUZUBAY;1;15.5.1973;1;0
NERMIS;11;21.2.1961;1;10
CINKIZ;1;27.1.1951;0;1
MUSAADE;35;22.7.1955;1;34
EMRIY;1;1.6.1991;0;1
ZENNIB;1;11.5.1942;0;1
METELIK;1;1.3.1937;0;1
SATKI;2;16.12.1964;1;1
RUMISE;12;13.4.1968;0;12
NACILE;42;26.6.1961;0;42
TEZVIYE;8;29.8.1953;0;8
BEYSAN;21;21.6.1965;12;9
TUGCENUR;25;16.9.1990;0;25
MUKRUEMIN;1;6.11.1962;1;0
LACIN;382;13.9.1959;204;178
HURUZAT;22;21.3.1954;0;22
NAZAGUL;21;10.3.1967;0;21
GULFERIZ;110;5.9.1963;1;109
AHYET;19;22.5.1964;17;2
MIHHAT;2;14.8.1958;2;0
MURGEN;10;15.2.1968;0;10
ZEMIME;12;25.9.1964;0;12
MEDED;44;10.10.1970;42;2
CAKIRA;3;10.9.1928;0;3
DURRUSAHVER;3;6.1.1942;0;3
KUMRUL;2;8.2.1965;0;2
NALMEZ;3;15.4.1948;0;3
NECAFET;1;5.3.1939;0;1
GULFADIK;28;16.7.1960;0;28
ISPIRNAZ;1;22.2.1961;0;1
UMMAAN;2;30.2.1966;0;2
GUGUK;24;3.5.1963;0;24
SUSAMBER;34;22.11.1958;0;34
OZTUNA;3;25.9.1977;3;0
GUNEYT;15;21.12.1976;14;1
AYMUNUR;2;3.3.1959;0;2
DONMEZ;83;27.11.1966;70;13
MELIKIYE;18;13.10.1951;0;18
ZEYFE;68;19.4.1958;1;67
RAHMANKUL;2;10.10.1978;2;0
CEMALIFER;79;21.11.1956;0;79
MUHTET;6;15.11.1970;6;0
MESIHAN;4;27.7.1978;0;4
FELAHITTIN;2;1.8.1947;2;0
MUNEHEM;1;11.9.1933;0;1
SELBIYAZ;2;25.4.1960;0;2
HUDARE;1;7.8.1928;0;1
AKGIZ;10;9.5.1960;0;10
EBUL;46;27.10.1959;46;0
NUHURE;1;7.8.1940;0;1
ZUVEYDA;12;30.6.1967;0;12
ZULFITTIN;1;26.6.1961;1;0
PENUC;1;22.9.1943;0;1
CAMIS;4;3.8.1959;2;2
SERIK;33;22.3.1957;2;31
ERBAGUN;1;19.5.1970;1;0
ISGUDAR;1;17.2.1953;0;1
NUGRU;1;9.7.1974;1;0
URGUPLU;11;17.6.1970;11;0
ZULBUYE;113;4.12.1962;0;113
NAKSIYET;1;23.7.1964;0;1
FASURE;1;18.4.1960;0;1
KARAMUK;2;5.2.1963;0;2
HUDASE;41;14.5.1956;0;41
MUSEMMEHA;1;22.2.1967;0;1
NAZUK;21;26.11.1952;0;21
FEZNUR;6;22.2.1968;0;6
ENIYSE;4;1.8.1978;0;4
NEHRIBAL;1;22.7.1978;0;1
NUZGAN;5;25.12.1971;0;5
EMSALIYE;29;12.6.1967;0;29
HANIMGOS;1;22.8.1925;0;1
MUREVVET;49;10.6.1964;1;48
BEREMHAN;2;16.8.1932;0;2
AYTURAN;21;7.10.1961;20;1
HUSAMEDTIN;12;5.5.1960;12;0
NAMIDAR;20;16.2.1970;13;7
IKBAR;15;11.1.1955;1;14
PILKIDAR;1;10.6.1964;0;1
TURESEN;1;21.6.1974;1;0
SEDALI;32;12.8.1959;1;31
SEDAVET;14;3.1.1965;0;14
KAYAMEHMET;4;6.2.1961;4;0
ZOHRET;12;21.11.1954;0;12
APDULKERIM;10;12.6.1969;10;0
ZUMRAN;199;1.2.1972;0;199
CANSARAN;45;19.6.1964;5;40
NUHAN;59;13.5.1974;43;16
EMRAHA;3;10.6.1974;1;2
MEMI;73;24.12.1946;53;20
BIRDAT;3;12.1.1969;1;2
NEVMIYE;6;16.4.1955;0;6
NURABIYE;10;30.10.1969;0;10
UZHIYE;2;23.9.1960;0;2
SENAETTIN;5;10.4.1959;5;0
CUMAATTIN;15;4.9.1968;13;2
UMULKULSU;1;26.5.1971;0;1
PASABATON;6;8.1.1955;0;6
SAHINEBAT;58;28.12.1959;0;58
HALIDDIN;25;16.6.1958;25;0
SEYDACAN;1;3.4.1991;0;1
GUBRA;55;20.10.1970;0;55
KORAYHAN;2;14.2.1990;2;0
AFINAZ;21;12.6.1954;0;21
IRMAFIYE;7;15.5.1953;0;7
SENLIK;56;5.1.1960;49;7
NEYRE;13;18.11.1954;0;13
FEZANET;5;14.4.1947;0;5
NASIFI;2;17.5.1970;2;0
AYTAR;6;11.12.1941;2;4
ISEL;7;13.3.1969;4;3
RAFINA;4;6.11.1963;0;4
PENIYEN;1;23.4.1949;0;1
ZENNUSEN;1;22.9.1973;0;1
ESENGOL;1;1.2.1986;0;1
BAMBAK;17;22.12.1950;0;17
HEZINE;15;22.1.1961;0;15
SAHSEDE;40;20.10.1961;3;37
NEZLAN;10;16.10.1966;0;10
MUSTIM;1;15.2.1946;1;0
SUREY;3;22.6.1972;1;2
GURBAN;17;26.5.1968;15;2
HURRI;5;19.1.1966;0;5
HAMDULBAY;1;16.5.1952;1;0
SELFINAS;6;3.6.1962;0;6
BEYHIYE;12;12.11.1964;0;12
NEVINE;16;9.6.1957;0;16
FERHANAZ;5;14.11.1970;0;5
MUHTALIF;6;12.3.1967;6;0
SABIRIN;8;20.11.1960;3;5
SEMON;4;20.6.1970;4;0
AYKUNT;2;8.6.1959;2;0
GULZEREN;9;10.5.1965;0;9
ELYA;10;10.11.1967;1;9
ZINETUN;1;21.2.1966;0;1
LEVIS;1;5.9.1975;0;1
ZEMFIRA;16;20.2.1963;0;16
SERGUZAR;8;15.2.1960;0;8
ASURA;19;18.11.1955;0;19
SUBIYA;5;11.8.1965;0;5
GIYASATTIN;2;30.5.1981;2;0
HAYADI;9;9.11.1962;9;0
YUMUSHAN;3;9.4.1976;3;0
MUMURIYE;5;5.12.1958;0;5
SEHRUBA;2;14.12.1963;0;2
FILTAS;1;13.5.1976;0;1
APDULBAKI;5;10.9.1964;5;0
TATIANA;299;24.3.1974;0;299
SECAITTIN;34;23.12.1958;34;0
RUHUYAT;1;28.2.1968;0;1
DEVRIN;14;27.3.1977;4;10
PENPIS;22;12.6.1962;0;22
RUSHAN;16;25.9.1980;2;14
SITAYET;1;15.10.1932;0;1
AIZER;7;27.7.1967;1;6
EMSIYE;10;7.6.1972;0;10
YETTER;4;2.3.1968;0;4
AGAGUL;11;21.2.1970;1;10
MURSINE;40;21.10.1963;0;40
MEKTAP;4;27.8.1979;0;4
AGUL;30;21.8.1968;3;27
KIBRIA;2;12.5.1983;0;2
FERDINAZ;16;26.9.1970;2;14
KAZIBAN;215;14.2.1963;0;215
ALIMSEN;1;23.4.1949;1;0
REYFIYE;1;22.2.1967;0;1
SURAYA;27;10.6.1966;2;25
SERFITTIN;2;14.11.1955;2;0
IBADULLAH;104;5.11.1965;104;0
IPEKET;1;17.2.1966;0;1
MUSAYITTIN;5;7.2.1965;5;0
MESKURIYE;19;25.6.1953;0;19
ZILFILA;1;7.6.1934;0;1
NURCICEK;28;6.1.1974;0;28
SOAD;2;9.4.1980;0;2
TEMANUR;1;13.1.1949;0;1
NERCIFAN;2;12.5.1956;0;2
RAGAYIP;11;30.1.1974;8;3
BILISAN;1;2.6.1975;0;1
SUNARIYE;2;26.9.1959;0;2
SERHITTIN;1;19.11.1954;1;0
GULACAR;91;10.7.1968;0;91
ULMAN;9;13.5.1960;7;2
RUVEYIDE;2;9.5.1965;0;2
SEKUFE;41;8.5.1939;0;41
UMITGUL;5;2.7.1968;1;4
ALTINKIZ;2;16.7.1964;0;2
PERIL;18;7.3.1974;1;17
MIRAYET;11;14.8.1959;1;10
YEKTAG;4;16.6.1972;4;0
MEBSUSE;4;28.5.1949;0;4
NESHE;17;2.4.1965;0;17
NUGET;6;6.1.1958;0;6
AYKOT;1;6.10.1972;1;0
DURRUSEHVER;2;5.2.1947;0;2
SEMIZAR;16;26.3.1963;0;16
ERSINLER;1;1.1.1961;0;1
FEYNUR;16;16.12.1970;1;15
SEHMINUR;10;22.11.1962;0;10
PHATIMA;2;21.12.1963;0;2
LADIN;18;12.10.1980;2;16
GUNEM;6;20.3.1969;0;6
RUHUSEN;29;2.2.1959;6;23
GURDEN;8;23.9.1957;1;7
NAZANI;53;20.4.1954;1;52
SEHREZAR;1;12.7.1964;0;1
CILENK;6;27.11.1976;0;6
EZKIM;1;21.8.1983;0;1
NUREYAN;1;17.9.1972;0;1
UCAK;4;24.6.1968;4;0
MUADDEL;21;21.10.1947;0;21
SEBBER;4;21.12.1957;0;4
MEDAYI;9;12.10.1967;8;1
ELIFANIM;1;22.3.1943;0;1
EYHANE;1;4.9.1964;0;1
NEMAHAN;2;12.6.1980;0;2
BASAGA;4;24.5.1954;4;0
KAYIS;26;25.2.1959;25;1
ERVAHI;33;9.8.1962;30;3
HELMINE;4;20.2.1952;0;4
BERKCAN;72;21.2.1988;71;1
INTIMAS;27;6.3.1957;0;27
FERNADIYE;1;11.4.1955;0;1
MECMIRE;2;20.6.1966;0;2
FIKAR;86;1.6.1952;1;85
NAZMKIYE;1;13.2.1977;0;1
FEREHATTIN;1;29.7.1981;1;0
SEYFEDTIN;5;7.4.1968;5;0
KEYDANE;1;11.6.1946;1;0
AYS;5;30.10.1961;1;4
SUNDUST;5;19.8.1954;0;5
URUF;24;6.4.1959;3;21
ZANIFE;6;26.5.1957;0;6
ZENCIYE;58;11.12.1954;0;58
CEMNE;2;25.11.1955;0;2
ASIYYE;19;30.10.1955;0;19
KAYIRTAN;1;2.9.1974;1;0
YASEM;58;7.3.1962;43;15
GUNLER;11;29.2.1961;2;9
CESMI;65;4.9.1957;1;64
CUMLER;1;23.8.1943;0;1
OZCEM;13;30.8.1984;11;2
REGIBE;15;7.8.1954;0;15
SEZAHATTIN;4;16.6.1953;4;0
NEREVIN;1;17.4.1965;0;1
FIDDI;1;11.9.1945;0;1
BEYLUN;4;6.1.1976;0;4
REFAETDIN;1;20.1.1960;1;0
ZAAFE;1;15.4.1957;0;1
SURAN;23;28.9.1967;3;20
SEMIHANUR;3;2.4.1983;0;3
ORAN;27;8.4.1964;26;1
TADAT;3;27.6.1972;3;0
MAHIZE;28;12.3.1960;0;28
SERGUZEL;36;28.3.1955;0;36
FADER;1;17.11.1972;1;0
SHAINIDEE;1;30.10.1955;0;1
SELIHE;23;16.6.1961;0;23
OSMANPASA;11;11.5.1971;11;0
NIKAYEL;2;28.2.1965;2;0
FILHAYAT;3;12.2.1965;0;3
KASIYE;3;19.5.1962;0;3
NURHAYATI;5;10.4.1956;3;2
YURDUGUZEL;1;2.2.1963;0;1
SEMRI;11;9.8.1960;2;9
FIGUL;4;7.3.1964;0;4
NIKSAR;6;1.9.1973;2;4
RABIDE;8;17.12.1961;0;8
NURUN;10;10.8.1976;4;6
SUAYYUP;26;2.4.1950;26;0
HATIKA;22;29.2.1954;0;22
GULIMSER;15;28.10.1967;0;15
NEVGIN;19;19.3.1970;3;16
GULARIFE;2;24.3.1975;0;2
NEBIR;2;4.12.1975;1;1
SEMSIT;25;24.2.1962;25;0
CEMMIYE;3;5.10.1975;0;3
BAYRIYE;61;5.9.1959;0;61
KAYIFE;1;18.2.1964;0;1
BARBAROSHAN;2;16.6.1986;2;0
REBEHAT;2;2.3.1946;0;2
DOGKAN;21;5.1.1989;21;0
MIRINAZ;72;6.8.1961;0;72
PAMBAK;4;4.12.1950;0;4
KIZLAR;5;3.7.1956;0;5
GURSINE;2;12.9.1970;0;2
SAHAMITTIN;3;11.4.1951;3;0
EZBEL;1;22.6.1961;0;1
FERAHITTIN;5;25.12.1954;5;0
GOKTEM;13;29.5.1982;9;4
CETE;21;9.11.1959;21;0
NEJET;12;12.1.1969;10;2
CELALIDDIN;6;25.5.1959;6;0
FIKAL;1;9.9.1965;0;1
SUNAYE;3;23.4.1962;0;3
NASIYAT;1;7.4.1946;0;1
ELHAMIYE;9;4.10.1961;0;9
SENRA;7;18.11.1977;0;7
SEZAEDDIN;4;21.2.1943;4;0
NASUHAN;2;17.9.1988;1;1
ZUVEYDE;27;22.11.1954;0;27
SUZEYIN;4;7.8.1966;1;3
ENESMALIK;1;11.9.1991;1;0
SOYAL;3;29.9.1964;1;2
SUUDI;35;2.9.1969;35;0
MEHMETSUHA;1;27.2.1968;1;0
PINARGUL;5;15.12.1986;0;5
SAIYE;20;15.7.1958;0;20
ZELNISAN;3;11.11.1950;0;3
MUASSE;2;10.4.1952;0;2
EMRUHAN;15;16.6.1980;9;6
YURTTAKAL;3;2.1.1967;2;1
FILLIYET;3;25.11.1950;0;3
SELMAYE;24;6.5.1963;0;24
TAZETTIN;2;6.5.1964;2;0
BESET;28;4.10.1964;28;0
SAHBER;40;18.3.1954;3;37
MUCEHIT;12;7.4.1977;12;0
SELIMET;36;23.10.1953;0;36
TUNAL;26;24.4.1964;23;3
KISNA;10;16.10.1945;0;10
VEYSELALI;1;17.3.1954;1;0
JELAY;1;4.8.1969;0;1
HISAYET;1;1.4.1950;0;1
DOGANGUN;8;30.6.1977;7;1
MESGUL;30;6.12.1968;2;28
CEYSUN;22;27.7.1981;13;9
BIBIHAN;7;9.11.1962;0;7
ALINA;59;4.12.1978;0;59
HUSUNIYE;2;25.1.1973;0;2
MUKERRIM;18;26.6.1960;16;2
BAHITI;1;22.2.1961;1;0
CEVALE;401;12.8.1960;0;401
GULENT;34;17.1.1972;22;12
DURRUSENIM;1;20.5.1928;0;1
SUNDAY;84;29.2.1971;70;14
BEDIAI;3;22.10.1954;0;3
UNSAS;1;8.5.1978;1;0
FIGAY;3;25.12.1976;0;3
GUGUS;26;14.8.1963;1;25
SANNAZ;6;17.7.1963;0;6
HUNGAR;11;16.9.1955;1;10
FUSNE;2;19.3.1977;0;2
SAHANIYE;6;8.5.1965;0;6
RAFIGA;23;23.11.1958;0;23
KADDAFI;87;11.10.1984;87;0
SAYKIYE;19;17.3.1948;0;19
GULFIRE;74;12.6.1963;0;74
HURDAN;3;14.11.1957;1;2
SELAHAETTIN;1;6.5.1968;1;0
SALIHSER;1;27.9.1962;0;1
AZVIYE;11;8.12.1955;0;11
VILDAS;1;10.9.1968;0;1
NUKCAN;1;16.2.1980;0;1
GULAYDE;3;16.10.1965;0;3
BAHARE;35;17.8.1956;0;35
HARUZE;3;23.1.1951;0;3
VASBI;8;10.11.1972;8;0
NASLI;7;26.12.1968;0;7
MINERIYE;3;12.10.1962;0;3
ILMI;98;20.4.1956;90;8
FEYZAT;13;18.5.1963;8;5
TURIYEN;2;30.2.1958;0;2
HAYRULLLAH;1;22.2.1991;1;0
SAHYUNER;1;26.10.1941;1;0
BANBAK;6;7.1.1942;0;6
ABDULKAZIM;3;9.3.1972;3;0
SEROL;142;25.1.1974;135;7
PERIBIN;1;21.10.1941;0;1
MIASSE;2;25.6.1948;0;2
MUSGEN;32;16.5.1962;0;32
OMERPASA;2;15.6.1978;2;0
ZELIF;18;19.9.1966;0;18
ASIYYAT;1;2.8.1981;0;1
MUSKUNAN;1;2.2.1975;0;1
ANSET;3;21.3.1945;0;3
FIKA;4;15.6.1956;0;4
MUNVVER;5;14.3.1971;0;5
HATICEYASEMIN;1;3.7.1972;0;1
GUNNURDAN;1;8.9.1985;0;1
ALISUKRU;4;3.4.1940;4;0
LEFTER;29;2.8.1966;29;0
CENGUZEL;1;14.2.1965;0;1
HATUNCA;66;7.3.1953;0;66
MEGUBE;1;2.5.1975;0;1
PELVER;33;25.5.1959;1;32
GUNEYITTIN;1;26.3.1942;1;0
FEMIHA;8;18.1.1954;0;8
HUZEYIME;2;5.8.978;0;2
FAYIL;1;26.1.1977;1;0
ENVERBEY;2;28.9.1963;2;0
BASTIR;1;16.5.1982;1;0
HUSNUBEY;2;25.11.1976;2;0
NAZLIBEY;3;1.11.1949;3;0
HEVILAY;1;11.5.1975;0;1
TUBI;4;21.5.1945;0;4
PEKSEN;14;28.9.1970;5;9
TUZUNER;2;9.11.1954;2;0
SILAY;91;27.5.1981;5;86
ADIVI;2;8.3.1980;0;2
TEKUL;1;22.2.1985;0;1
CORINNA;4;26.6.1971;0;4
SERVIL;19;29.5.1970;0;19
EMIRAL;46;15.1.1965;31;15
MINELFI;1;7.4.1934;0;1
CEMAN;10;5.1.1963;5;5
BEYKUTAY;1;17.2.1978;1;0
GULASDI;13;7.4.1956;0;13
REFAEHETTIN;1;2.3.1957;1;0
SULVIYE;42;24.3.1965;0;42
MUFARIKAT;1;7.4.1934;0;1
DIGERITTIN;1;10.5.1934;1;0
BIRDAG;4;2.9.1972;1;3
M.KUZU;1;9.5.1934;1;0
FEHRUZAN;2;27.5.1968;0;2
FERIBE;5;25.1.1948;0;5
MEHIBER;1;11.3.1937;0;1
HICALET;1;22.3.1961;0;1
GIYASITTIN;4;26.10.1964;4;0
SEDELI;6;24.8.1955;0;6
NELLI;41;30.1.1961;0;41
SEMAETTIN;5;23.4.1941;5;0
HANIFET;1;27.3.1944;0;1
FATMAT;6;6.4.1941;0;6
REBIAT;8;28.6.1947;0;8
PAPUL;9;28.10.1949;0;9
MOHAZ;1;21.4.1975;1;0
REFALI;1;17.2.1960;0;1
ELHADI;3;23.7.1965;3;0
KERHIBAR;1;17.12.1966;0;1
HAMANGUL;2;25.5.1943;0;2
BERA;80;28.12.1970;18;62
SUHENDA;16;30.3.1958;0;16
GULSIR;1;1.7.1961;0;1
TACISAR;3;8.10.1948;0;3
HANIFEGUL;8;30.1.1963;0;8
AYCEL;12;19.9.1964;2;10
AGIME;2;21.8.1991;0;2
MUHARREMIYE;3;25.10.1952;0;3
ZAHITHAN;2;19.3.1966;1;1
FERZAT;72;26.9.1967;29;43
SAIZAR;15;21.5.1959;0;15
NURDUK;1;29.6.1938;0;1
REHANIYE;2;13.11.1952;0;2
LIGER;11;2.4.1962;0;11
BEFA;26;14.4.1964;16;10
ZEYECAN;2;21.4.1953;0;2
SEVILCAY;1;10.6.1978;0;1
PAMUS;88;19.8.1947;0;88
GULHAMIDE;9;14.1.1968;0;9
FATISEN;1;28.11.1980;0;1
ZILHAN;38;2.12.1958;8;30
NESTEREN;97;10.5.1968;0;97
SEYHANE;25;4.7.1966;0;25
KURAL;38;25.10.1969;37;1
MEVCI;55;17.6.1959;54;1
SEZAAT;2;27.9.1961;0;2
FENNI;17;24.1.1964;17;0
EVDAN;2;15.10.1944;2;0
ESRAF;237;16.3.1962;233;4
MULFET;7;13.2.1961;0;7
GUMNAME;1;27.8.1938;0;1
NIBRASEDDIN;1;29.9.1947;1;0
TALER;1;29.5.1976;1;0
YAZEL;16;16.12.1979;0;16
RUKUYYE;4;7.4.1961;0;4
HIKMINUR;1;22.1.1965;0;1
NUTU;9;1.12.1957;8;1
SENGUZER;7;2.10.1967;3;4
NEVESER;59;29.7.1968;1;58
GULFERIDE;29;8.11.1960;0;29
AHCAN;2;3.8.1991;2;0
OZDERHAN;1;25.6.1978;1;0
RAIBA;17;19.8.1975;0;17
SAFTER;318;30.8.1976;308;10
TEVIDIYE;3;5.11.1962;0;3
MIRZABEY;3;9.9.1951;3;0
BEHCETULVI;1;7.5.1976;1;0
EPHER;3;30.5.1957;2;1
AURIKA;1;21.8.1969;0;1
UFAKET;6;6.11.1962;0;6
ALBINA;44;10.2.1980;0;44
DERBIL;6;11.9.1973;5;1
HAVSA;51;2.5.1966;0;51
SEYIDI;42;2.1.1963;42;0
VENNAZ;12;9.7.1963;0;12
MUDEBBER;7;1.6.1957;0;7
GAZIBEY;4;4.6.1967;4;0
ABDURRAIF;12;23.5.1967;12;0
ENVERIYE;85;26.12.1949;0;85
RUHITTIN;26;4.4.1955;26;0
CEFAHIR;72;3.11.1967;4;68
ZEHRAMIS;3;25.3.1974;0;3
ERGUNAL;25;2.12.1971;25;0
ISMETIYE;28;17.7.1951;0;28
ESVETTIN;13;22.10.1960;13;0
GULMAHIRE;1;9.1.1976;0;1
GULHAMI;33;29.12.1967;21;12
SARFIRAZ;3;18.1.1967;0;3
ERDEMSI;1;2.2.1945;1;0
HALIYME;51;15.6.1966;0;51
MISKADUN;3;2.12.1965;0;3
BEYBALA;2;14.12.1971;2;0
ALPHAN;178;21.8.1979;178;0
SENCEBIL;2;29.3.1981;0;2
MUALA;17;28.12.1968;0;17
HALILAGA;3;8.11.1973;3;0
KEBIA;1;26.8.1934;0;1
VEFAI;6;22.7.1953;5;1
KUDDIS;85;25.4.1963;85;0
ZERRAT;5;22.6.1968;5;0
MEKABIR;3;26.12.1957;3;0
FILGAT;1;12.2.1965;0;1
MESILCAN;1;11.9.1963;0;1
MELBIS;2;9.3.1964;0;2
ZEYENP;2;12.2.1989;0;2
SECGIL;11;7.5.1976;3;8
MAYILE;44;2.2.1963;0;44
ASIFA;4;19.2.1950;0;4
FERIME;41;18.12.1963;0;41
SERIME;20;5.9.1957;0;20
NAKDIYE;5;25.2.1959;0;5
HUZEYMEN;5;22.10.1960;0;5
GULAYHAN;8;3.7.1967;0;8
YAZJEMAL;1;3.9.1978;0;1
MUSKET;31;1.8.1957;3;28
MUZADIYE;12;19.9.1958;0;12
SECAADDIN;36;29.8.1962;36;0
TELIK;22;13.5.1957;0;22
TAHIM;1;7.6.1970;1;0
MUSTA;4;21.9.1947;3;1
SUHULIYE;1;25.4.1971;0;1
SAHIDET;11;14.5.1945;0;11
IFTARIYE;159;16.8.1964;0;159
NAMER;15;5.3.1968;5;10
SEMSIN;7;4.5.1968;1;6
HANIIFE;1;16.10.1988;0;1
BEYNAZ;41;18.3.1961;1;40
GULUFAN;6;21.11.1964;0;6
NUTDUA;1;12.2.1959;0;1
EYYAMI;2;18.7.1963;2;0
SEBIYYE;4;29.8.1953;0;4
NEVRESTEN;3;13.5.1948;0;3
NESIDIYE;10;5.8.1961;0;10
NIPRASETTIN;1;19.2.1991;1;0
HAZIL;5;17.8.1959;3;2
ICTIMA;6;28.1.1962;5;1
ICAZIYE;4;20.5.1962;0;4
HICAZIYE;514;16.1.1963;0;514
HUMAR;54;1.11.1947;0;54
FEZMIYE;27;27.9.1961;0;27
AYUS;172;12.4.1953;0;172
MUHTENE;3;27.10.1962;0;3
UMIDIYE;17;15.12.1971;0;17
NARBIYE;7;26.5.1961;0;7
HULMUSE;4;11.2.1961;0;4
GULUSAR;14;21.10.1959;0;14
HURMUSE;57;12.9.1955;0;57
SELNAZ;30;19.5.1974;0;30
NUFKIYE;1;7.6.1970;0;1
HASIYA;8;2.4.1962;0;8
PURAYE;2;18.6.1956;0;2
HACIRETHAN;1;2.11.1933;0;1
SAFAIR;1;26.11.1943;1;0
NETVI;1;3.8.1939;1;0
NURZADE;139;13.4.1966;1;138
EYYUBULLAH;1;11.1.1982;1;0
NUHSIN;1;12.6.1965;1;0
AFIL;3;26.8.1958;3;0
UZEHIR;5;24.1.1965;5;0
MUNTAZIR;3;5.10.1976;3;0
MELISAH;9;21.6.1968;4;5
HATUNHANIM;1;22.9.1958;0;1
SADDETIN;5;1.4.1968;5;0
MUDISI;1;22.2.1933;0;1
HACERGUL;8;2.12.1971;0;8
PURNURECE;1;30.11.1990;0;1
RIFGUL;2;29.11.1958;0;2
NOKTAGUL;5;29.5.1969;0;5
ZULIDE;19;5.12.1965;0;19
KORGUN;28;30.10.1977;28;0
OVET;1;27.4.1973;1;0
MURZA;43;17.4.1969;42;1
NEVIK;5;16.4.1964;0;5
M.NAIL;4;29.4.1942;4;0
ORGAHAN;1;27.7.1986;1;0
SERKIN;3;7.2.1972;1;2
MAAZZER;1;22.4.1967;0;1
MUHEMMER;4;26.2.1960;4;0
EDIHAN;9;1.5.1975;2;7
HOLYA;3;16.8.1975;0;3
SEHETTIN;12;8.10.1959;12;0
MUSENBAG;1;1.8.1973;0;1
MULFER;35;13.6.1967;2;33
MAZMURE;1;7.8.1934;0;1
VAHDEDTIN;10;23.11.1961;10;0
NEKANET;1;7.8.1946;0;1
CONKA;1;10.10.1942;0;1
SUKRUN;11;3.11.1976;0;11
FERDETTIN;45;9.8.1967;45;0
MUKREMIL;30;11.5.1965;30;0
ZUMRUYE;214;24.2.1961;0;214
EMANETTIN;5;11.9.1958;5;0
KADIRI;133;16.7.1963;131;2
BERRUH;3;22.12.1954;1;2
NEFSER;10;28.10.1958;0;10
SARRA;14;5.4.1971;0;14
MERSEM;2;22.11.1966;0;2
NAVIDAN;24;16.4.1959;0;24
TEHIRE;2;1.11.1964;0;2
DEBERNUS;8;10.4.1950;8;0
BELGIHAN;10;6.9.1980;0;10
MEDALET;5;19.9.1962;0;5
HARE;55;4.8.1977;1;54
KAMILHAN;2;10.1.1972;1;1
MEZMURE;19;25.11.1954;0;19
GULET;5;4.3.1972;3;2
HURSES;3;18.9.1978;0;3
MUZEYYIR;6;6.1.1966;5;1
TEREZIJA;2;9.11.1944;0;2
GERVER;1;7.8.1940;0;1
SERALE;4;2.12.1970;0;4
HATICENUR;16;30.1.1987;0;16
ECMAIL;6;19.12.1974;6;0
GUZEMEN;3;25.6.1958;0;3
TAHIP;15;6.10.1959;15;0
AZILE;36;1.5.1962;0;36
NIHALA;1;13.5.1972;0;1
ILKSAN;29;10.9.1976;15;14
ATEM;38;9.5.1962;18;20
YURDEL;44;26.1.1968;38;6
NAFIRE;31;16.3.1959;0;31
YASADI;11;21.6.1973;1;10
SINAMETTIN;17;10.9.1953;17;0
MUSELLIME;6;10.4.1951;0;6
ZABIYE;31;15.4.1952;0;31
BERKE;194;15.12.1983;160;34
MEVTUN;18;3.2.1973;14;4
MADILE;9;19.7.1960;0;9
VICDANI;15;3.12.1961;14;1
KERZIK;265;17.2.1956;0;265
MUAMMIN;1;12.2.1965;1;0
VEZIRAN;1;17.6.1977;0;1
ABDULAZIZHAN;1;30.5.1983;1;0
EMRUGUL;3;19.6.1966;0;3
TAYYIB;48;28.10.1977;48;0
SELVERE;47;16.9.1951;0;47
NUZI;1;12.2.1971;1;0
TANSIK;3;5.10.1964;2;1
TEKLIM;1;2.2.1957;1;0
GULLUCE;13;16.12.1961;0;13
ZAR;1;12.8.1941;1;0
NEMIZAT;5;18.8.1963;0;5
MUAREM;23;10.5.1971;23;0
VASVI;151;6.9.1967;151;0
NEZLI;4;2.2.1961;2;2
SAVFIYE;2;22.1.1965;0;2
UZUM;78;5.10.1956;0;78
ZABIS;6;7.12.1964;0;6
BEKTES;169;13.1.1958;169;0
ERMIS;59;13.12.1972;51;8
EYGI;2;8.4.1980;1;1
NELBISE;1;7.2.1946;0;1
SAFETE;10;25.10.1961;0;10
MUKMINE;50;3.4.1967;0;50
NEFSE;74;10.1.1964;0;74
MERUSE;31;28.7.1963;0;31
SEBAHADTIN;15;26.10.1959;15;0
ELHAMRE;1;26.2.1978;0;1
NURFIDAN;58;1.6.1972;0;58
TURCAHAN;29;17.10.1964;1;28
MILLI;32;11.10.1961;29;3
NEZIF;220;11.9.1971;216;4
SEYDAR;7;14.5.1953;6;1
MENSURRE;1;2.4.1980;0;1
SAVETE;1;2.2.1957;0;1
MUBASEREN;1;17.5.1976;0;1
NUBUGVET;1;6.11.1980;0;1
TERCUMAN;24;6.7.1971;18;6
SAHVERE;9;26.11.1947;0;9
SUBIYYAN;1;11.5.1975;0;1
OTAG;7;6.8.1984;6;1
FERZAL;2;9.12.1979;1;1
MURTEL;7;3.7.1954;1;6
ABSIN;4;20.4.1959;4;0
CABALI;1;13.2.1976;1;0
SEYRETIYE;8;12.10.1965;0;8
CEVHERET;8;11.9.1948;0;8
JANSEREY;3;6.1.1984;0;3
VAKUF;3;12.2.1964;3;0
HAYKAN;7;7.11.1965;6;1
SELFER;12;1.5.1953;0;12
PEYAN;3;5.12.1977;1;2
RUVUHAN;1;22.7.1943;0;1
GUNYAS;2;16.7.1974;0;2
NURCETTIN;4;12.1.1972;4;0
YUKSELBEY;2;11.9.1983;2;0
SAFICE;3;16.2.1951;0;3
MUTALLIP;160;16.6.1964;160;0
NECMEDTIN;10;12.11.1957;10;0
NIZARE;1;14.7.1953;0;1
SERVERE;12;1.3.1939;0;12
UZUK;1;21.3.1948;0;1
HABER;6;17.12.1972;2;4
SELVIYA;17;9.5.1970;0;17
EMRAT;2;28.8.1970;0;2
EZGUN;9;29.11.1968;6;3
NURBI;3;11.4.1972;2;1
MUHAMMEDULEMIN;8;28.8.1981;8;0
HUREYDA;8;7.7.1973;0;8
SELFETTIN;18;1.5.1964;18;0
CANIFER;2;4.2.1942;0;2
GEKU;1;24.6.1940;0;1
MUHISIN;2;17.2.1966;2;0
ULFIZE;1;18.4.1966;0;1
ZILIFE;64;5.7.1961;0;64
NECAFATTIN;1;23.5.1941;1;0
AJIMEN;1;1.1.1973;0;1
NIYASER;18;15.4.1962;0;18
EFRUZE;114;14.7.1953;0;114
MURZADE;3;29.5.1959;0;3
HIKLIME;9;12.9.1958;0;9
SUNEYLEN;1;27.10.1956;0;1
NEZLE;22;8.1.1964;0;22
MURSADIYE;7;14.5.1963;0;7
SUZUK;1;27.2.1938;0;1
KIBIRIYA;4;9.2.1966;0;4
KASSIM;11;3.2.1970;11;0
SEVFET;2;28.5.1941;1;1
YUSUFETTIN;1;22.2.1949;1;0
MAZLIM;11;28.10.1973;8;3
ZULHAL;4;2.2.1972;0;4
EDISUN;9;11.1.1979;9;0
KAMAN;9;14.9.1960;4;5
MISKUDE;1;17.3.1950;0;1
SULAY;90;4.3.1974;1;89
MAGBUDE;1;12.9.1965;0;1
KEMALATTIN;2;25.6.1977;2;0
MULUSA;1;19.7.1948;0;1
DILHAN;177;5.12.1976;19;158
HUSSEMET;2;5.10.1970;2;0
HADIDE;19;28.1.1958;0;19
KOCAK;119;11.7.1961;119;0
EROZ;5;26.2.1949;4;1
SUETLANA;3;14.12.1969;0;3
ZILIKE;14;14.10.1967;0;14
GULSIYEN;14;25.2.1964;0;14
BAHTIZAR;12;4.6.1964;0;12
NURKADIN;641;29.2.1961;0;641
TOTAY;44;21.1.1955;0;44
BERAHATTIN;10;11.2.1968;10;0
GENCEBAY;53;2.7.1981;52;1
UNZULEBETUL;1;11.2.1978;0;1
MULUSCAN;5;14.7.1955;0;5
MINIZAR;1;26.2.1975;0;1
NECIMET;2;14.10.1958;2;0
UHUD;8;15.3.1988;8;0
BARISHAN;24;19.11.1984;23;1
SELASIN;1;26.5.1969;1;0
HALIMSE;3;6.12.1969;0;3
UMME;10;19.5.1964;0;10
MIMSER;2;23.10.1952;0;2
FULYAHAN;1;20.8.1987;0;1
KULHANIM;4;15.2.1941;0;4
SEMSICIHAN;10;4.3.1956;0;10
BEHRIMAN;4;5.10.1958;0;4
MUKTALIP;53;4.11.1969;53;0
BAYSER;50;9.1.1959;10;40
ABDULMUKTALIP;8;26.9.1978;8;0
SEBIYA;81;1.12.1967;0;81
GUNLUR;3;3.8.1972;0;3
BESIMI;7;14.4.1951;4;3
SAHINDERE;4;22.10.1944;0;4
SABUHAN;1;27.3.1986;0;1
HAYIR;29;6.3.1962;21;8
VESELEM;1;26.5.1991;1;0
APTIKERIM;9;22.4.1947;9;0
ERSEM;53;7.3.1979;40;13
NIHAYETTIN;11;28.3.1785;11;0
GURYAY;19;23.10.1972;19;0
MUSERREM;14;5.11.1965;0;14
IDAYE;3;2.9.1932;0;3
SUDENKAR;1;12.8.1953;1;0
MENDIHA;29;14.6.1968;0;29
RUHSATA;1;26.8.1917;0;1
SEMINCAN;1;7.7.1972;1;0
FEYZITTIN;7;14.7.1953;7;0
REPIYE;1;1.4.1950;0;1
ERGINBAY;5;5.3.1983;5;0
RUHSATE;1;22.8.1925;0;1
YORGUN;12;10.10.1985;10;2
UNKAR;14;27.1.1968;7;7
ELAHATTIN;27;21.10.1961;27;0
MUHIDTIN;16;8.5.1966;16;0
SENEREN;4;6.6.1950;0;4
HAYSER;11;27.12.1954;1;10
SACATTIN;4;16.10.1968;4;0
FAHIZER;4;22.12.1960;0;4
ZIYATDIN;9;29.4.1963;9;0
NEHATTIN;1;6.6.1941;1;0
CEMAILE;3;7.5.1968;0;3
ELDE;5;2.6.1975;0;5
ZELIYKE;1;17.8.1954;0;1
SIMAYE;11;13.12.1966;0;11
MUHATDES;2;12.11.1954;0;2
YAGUT;6;2.5.1965;0;6
URISAN;4;7.5.1956;4;0
GULNER;9;26.11.1958;2;7
NURFIDA;9;8.4.1967;0;9
ZADEGUL;3;4.12.1978;0;3
SEFIYKA;6;3.3.1953;0;6
SAHISDE;16;4.3.1956;1;15
MUHTTALIP;1;15.2.1982;1;0
MESUDI;4;29.12.1970;2;2
ZAKINUR;2;2.8.1960;0;2
SUHAYE;1;17.8.1960;0;1
ILHANGUL;1;2.2.1986;0;1
GULIKAN;3;19.1.1976;0;3
MILISER;1;28.9.1967;0;1
SAFIYEGUL;7;10.1.1984;0;7
SANAR;6;14.1.1968;4;2
KARACAN;3;12.4.1986;3;0
AYCIG;1;5.10.1968;0;1
MAKDURE;8;12.11.1951;0;8
OKCAN;25;13.10.1977;21;4
GULDEBAN;1;23.4.1947;0;1
MENENT;44;24.1.1963;2;42
VEKILE;75;12.12.1971;0;75
MAKSIT;2;9.4.1952;2;0
CEVRIYA;2;21.4.1956;0;2
HASIYBE;18;26.4.1951;0;18
VESBIYE;46;22.11.1952;0;46
SERIYFE;34;7.1.1961;0;34
MAKTURE;25;16.9.1953;0;25
GULDIYAN;2;16.2.1964;0;2
UTULAY;1;21.3.1966;0;1
YELKAN;11;15.4.1976;11;0
MERTOGLU;1;28.5.1980;1;0
MEKANET;26;11.6.1962;0;26
ELVEDE;2;27.7.1950;0;2
MUADIL;8;10.11.1948;1;7
FERIYDE;35;15.10.1963;0;35
VECIHAT;26;26.2.1957;4;22
BERGIZ;4;13.5.1964;0;4
KONCE;13;22.9.1955;0;13
NEVRESE;5;6.5.1958;0;5
SEHRIGUL;73;15.7.1967;0;73
MUHAYIR;1;7.8.1934;1;0
SENAVIYE;1;13.2.1987;0;1
BAHDETTIN;7;18.4.1968;7;0
MUTVIYE;1;4.5.1946;0;1
SEDRETDIN;2;2.12.1943;2;0
YAVSER;1;3.12.1963;0;1
MACUDE;2;6.10.1965;0;2
HURISAR;11;16.12.1950;0;11
ELVADE;14;10.7.1959;0;14
APDULAZIZ;4;8.1.1952;4;0
BERDA;31;14.4.1982;1;30
HACILA;2;5.12.1963;0;2
HACIYLE;9;9.3.1947;0;9
NEYZE;1;12.8.1941;0;1
BESIYME;6;21.4.1947;0;6
NECIYBE;3;2.7.1953;0;3
ZAHIYDE;6;5.11.1944;0;6
KARLI;21;2.3.1958;11;10
NAMIKER;4;23.1.1951;0;4
MUHASSER;3;24.6.1959;0;3
KIBIRE;17;5.3.1956;0;17
ELVADA;20;11.8.1964;0;20
VADDETTIN;2;1.9.1956;2;0
SEVYEN;2;22.1.1967;0;2
BAYRAME;70;26.2.1954;0;70
MUCEFER;46;16.11.1961;0;46
KULEM;2;19.8.1940;1;1
EMENE;6;6.11.1955;0;6
BESIDE;22;26.5.1967;0;22
ZELFIRAZ;17;20.7.1962;0;17
YAKUF;2;29.2.1973;2;0
SULFAR;1;2.2.1951;0;1
DONSUN;64;11.2.1958;0;64
SIDAYET;2;30.12.1972;0;2
OZUN;69;12.12.1981;18;51
SUNUS;4;24.9.1967;0;4
PAYENDE;82;20.2.1953;0;82
BINHAN;34;18.6.1967;6;28
SENDINC;2;28.8.1963;2;0
GIZAY;33;23.1.1989;10;23
NELIZ;6;7.10.1981;0;6
GULSEBNEM;1;27.1.1986;0;1
KARAYEL;2;5.6.1970;2;0
RIDADE;9;20.1.1979;0;9
FEDEN;744;22.12.1961;0;744
CIGIR;23;3.5.1980;16;7
GULERGUL;26;19.6.1959;0;26
MUMECCIL;1;1.1.1;0;1
KEMALETDIN;31;23.2.1963;31;0
IMRAK;2;15.4.1963;0;2
COSEN;1;22.4.1980;1;0
KURTARAY;4;28.8.1954;2;2
EZANETTIN;3;10.11.1973;3;0
ECREN;15;28.4.1984;3;12
CENNUR;12;18.3.1973;1;11
SELGUN;35;4.12.1970;7;28
LYUDMILA;20;1.11.1972;0;20
SIMRAN;7;16.4.1970;1;6
SELDAN;21;3.1.1976;2;19
HUDEN;15;1.3.1983;0;15
RUGIYE;59;1.8.1966;0;59
MAHCURE;31;18.9.1947;0;31
ZAKIN;13;1.3.1968;13;0
BAGDA;124;27.12.1960;0;124
SEFAHADDIN;4;4.5.1965;4;0
BIRIM;130;18.3.1970;25;105
BERKUN;14;21.12.1982;13;1
UZULMEZ;1;17.6.1966;0;1
GOKSELIM;1;3.9.1990;1;0
SERPIR;8;10.1.1967;0;8
BATUHA;1;10.5.1971;1;0
URSAL;2;21.10.1953;1;1
TEONA;2;14.12.1975;0;2
RALE;22;6.5.1975;0;22
SEDEFNUR;9;4.12.1984;0;9
MUDEBBIRE;14;15.4.1944;0;14
PELGA;2;10.6.1985;0;2
SENMUZ;3;19.2.1975;3;0
ENHAR;48;15.11.1971;12;36
SENNAN;36;15.3.1966;35;1
MEVLUDENUR;2;15.2.1988;0;2
YENIZ;11;3.8.1980;3;8
OMURGUL;11;19.8.1975;0;11
ZIYALEM;1;19.6.1943;0;1
FADIMEI;2;8.3.1939;0;2
BELEN;45;27.1.1973;8;37
SALFET;7;1.4.1964;4;3
ERCAVUS;1;25.2.1963;1;0
ZLATIYE;1;22.8.1937;0;1
KETEN;28;26.4.1952;0;28
NEFSAL;11;29.12.1959;1;10
JENFER;1;3.6.1960;0;1
HURINUR;18;20.10.1973;0;18
YANKI;115;15.11.1982;64;51
CANDEYER;10;4.11.1958;1;9
KILE;10;1.6.1938;0;10
ZIYALIM;3;26.12.1945;2;1
TIGCAN;2;22.6.1962;1;1
SEBI;24;2.5.1957;5;19
TOGUMAN;1;8.10.1950;1;0
SENHAYAT;14;10.7.1958;1;13
TUGYAN;50;20.9.1971;31;19
BILGINOL;3;19.9.1964;1;2
SATUYE;1;11.5.1970;0;1
GULNADIM;2;25.9.1970;0;2
UMMUNUR;27;8.4.1980;0;27
CELEDDIN;8;8.8.1966;8;0
ZULFIDE;25;24.8.1957;0;25
TEFSIRIYE;1;19.8.1925;0;1
HILMITTIN;4;8.12.1950;4;0
RESITCAN;4;15.10.1964;4;0
CENKAL;4;12.10.1976;4;0
URUN;103;14.1.1982;26;77
HAMIYETTIN;1;27.8.1968;1;0
MURGUHAN;1;11.1.1962;0;1
SUREYYASELIN;1;27.9.1990;0;1
SUCEDDIN;25;25.2.1965;25;0
BENGUN;10;25.10.1970;1;9
NESER;13;28.5.1966;2;11
SERTAY;38;26.12.1980;37;1
ERKAMIN;2;21.8.1986;2;0
FECIRHAN;1;10.7.1967;0;1
SULER;2;12.12.1963;0;2
HACIK;177;17.6.1954;169;8
AGOP;366;10.4.1949;366;0
NEJDAN;15;21.4.1960;1;14
MUTAHHARA;14;7.8.1972;0;14
EDAYE;34;9.5.1958;0;34
SERREM;1;4.3.1983;1;0
BETIL;55;2.8.1966;2;53
GUNDENUR;15;13.4.1964;0;15
BINOL;5;22.7.1968;5;0
LEVENTHAN;1;26.12.1989;1;0
ALPERAY;10;13.1.1983;5;5
NAMKER;2;2.5.1951;0;2
GUNLAME;2;21.10.1973;0;2
SAMIMCAN;1;19.1.1950;1;0
PERMURE;1;1.1.1938;0;1
MEVEDDET;28;21.12.1945;0;28
SUNNER;1;7.7.1940;0;1
CANSELI;13;13.6.1980;0;13
NEMIKE;6;8.1.1963;0;6
FERSUN;60;17.5.1970;9;51
HANSEL;6;17.12.1978;2;4
ADULKADIR;3;16.4.1982;3;0
YURDUN;68;21.9.1966;51;17
HUDAKAT;1;23.8.1956;0;1
RUKSET;12;25.8.1960;1;11
MAHSEL;5;26.12.1964;2;3
NAHITCAN;1;8.9.1991;1;0
HULDAN;17;14.5.1968;0;17
HANUMCUK;13;10.12.1955;0;13
FECRUNNISA;1;20.3.1923;0;1
NUDER;2;17.4.1972;0;2
MECDIYE;18;13.12.1954;0;18
MEVZUFE;1;19.4.1947;0;1
UNALAN;5;3.10.1967;5;0
KAYS;28;3.1.1972;28;0
FEDAD;2;1.6.1979;2;0
SENTEKIN;11;5.10.1963;10;1
SEHSUVAR;48;24.8.1961;42;6
ZUDIYE;17;21.7.1955;0;17
MESNUT;1;8.2.1950;1;0
FIRDEST;52;3.4.1960;0;52
SAYENDE;28;11.8.1956;0;28
TONEL;2;10.10.1961;2;0
IMADETTIN;208;11.7.1963;208;0
NICOLA;20;11.3.1970;1;19
DERIN;92;3.7.1979;47;45
RIZANUR;28;8.6.1963;28;0
BAHAUDDIN;10;6.11.1971;10;0
SAPHAT;1;2.2.1927;0;1
ARSAN;28;10.5.1960;27;1
ELAHAT;1;2.4.1934;0;1
ONAN;20;7.9.1968;17;3
ZILIKA;6;12.7.1961;0;6
ZEYFULLAH;7;11.2.1959;7;0
ASLIYAN;11;16.1.1956;0;11
HAFIYZE;2;6.1.1953;0;2
ELZA;25;11.12.1971;0;25
ALIKSAN;148;24.1.1966;148;0
MELIYHAT;1;22.8.1949;0;1
SENIME;29;16.7.1959;0;29
MAHRUZA;3;9.10.1960;0;3
GUNYAZ;9;23.12.1959;1;8
ATIS;16;28.9.1959;6;10
EMRUN;5;11.7.1976;4;1
GULUZARE;13;29.3.1951;0;13
EF.KEMAL;1;12.8.1953;1;0
LAMIYA;27;28.5.1971;0;27
PAHRETTIN;1;30.4.1956;1;0
SERMAS;1;24.5.1964;0;1
RAMSES;2;27.11.1955;1;1
ULVU;14;10.3.1962;14;0
ZEYNISEN;1;17.2.1960;0;1
ERBAN;4;12.3.1977;4;0
GULUVER;28;17.11.1968;0;28
NUHUYDE;1;12.8.1941;0;1
MEYFAR;2;24.11.1968;1;1
CANAL;15;26.8.1973;10;5
RAJI;6;1.2.1960;6;0
NURDAY;16;27.9.1974;0;16
NEVIC;2;3.7.1961;0;2
KINAYET;28;21.6.1976;0;28
MEDUM;1;26.6.1937;0;1
NEVNUR;8;3.3.1973;0;8
SEZATTIN;5;1.6.1962;5;0
USLAT;11;30.1.1964;1;10
TUGBAN;12;15.7.1977;2;10
EMREDDIN;12;22.9.1972;12;0
SAADETDIN;22;25.12.1963;22;0
ERCUMERT;17;28.8.1966;17;0
DOGACAN;54;30.5.1989;51;3
SADEDTIN;49;28.11.1963;49;0
SEPURE;1;1.12.1951;0;1
ZIYADET;3;16.4.1957;0;3
BURAM;7;25.4.1986;2;5
FETHADDIN;7;25.10.1974;7;0
SEYFALI;147;27.1.1958;147;0
YUGEDAY;2;9.12.1986;2;0
GOZILA;1;22.10.1969;0;1
CANFIYE;12;6.9.1958;0;12
SEFAETTIN;36;2.8.1961;36;0
ECMAIN;14;16.6.1968;14;0
PAYENDER;1;11.7.1951;0;1
SIMAS;4;21.7.1942;0;4
CELAIR;2;9.12.1958;2;0
OLCIHAN;4;6.4.1965;1;3
ESNIYE;3;22.10.1969;0;3
MUESSEL;20;19.3.1959;0;20
NURESER;9;12.4.1960;0;9
ENTELA;1;28.11.1976;0;1
GULBEYDE;35;21.10.1958;0;35
ERNAS;5;21.5.1966;3;2
TOPER;29;11.11.1968;27;2
KAMERGUL;10;29.2.1974;0;10
NEBIKE;2;10.11.1983;0;2
MEKYE;15;18.11.1967;0;15
BIRTAC;17;10.8.1972;4;13
BEKAM;2;26.1.1947;2;0
GULTENAN;1;2.5.1957;0;1
NEPHAN;10;28.7.1968;8;2
RESMEGUL;5;13.3.1971;0;5
CETDIN;2;8.9.1976;2;0
AYLIM;13;2.10.1979;1;12
EMINIE;2;21.1.1971;0;2
MIZEYYEN;2;18.12.1966;0;2
SAYIZER;46;24.8.1960;0;46
KANNUR;2;17.10.1966;2;0
MONIGUE;5;12.4.1953;0;5
BEYZAD;3;22.2.1959;3;0
VERAL;7;11.11.1973;5;2
INCISAN;1;5.10.1956;0;1
MUHKEM;4;27.2.1963;4;0
CEFER;30;17.7.1960;28;2
MUHEDDET;29;22.8.1956;0;29
CEHER;7;26.12.1959;0;7
MAGLUTA;1;10.2.1945;0;1
GUNSELE;2;26.2.1959;0;2
BEYATLI;1;7.11.1979;1;0
SEVIDIYE;2;16.5.1972;0;2
BEHINAZ;91;2.3.1954;0;91
PATRON;1;1.4.1971;1;0
NUCBE;1;11.7.1951;0;1
CANTAS;28;9.4.1973;25;3
KEZZIK;16;11.5.1962;0;16
LUTFEN;20;15.5.1961;5;15
SERANOS;1;26.8.1926;0;1
FERHINDE;9;29.8.1951;0;9
MURSET;42;12.10.1964;9;33
SELIZ;30;26.1.1982;1;29
EVINAY;3;28.9.1982;0;3
SURMELIBEY;14;3.1.1961;14;0
MAKPIL;1;12.3.1941;0;1
MESDUDE;1;27.2.1944;0;1
UMANI;9;14.1.1961;0;9
HASLAR;50;20.5.1955;1;49
FIGURA;1;1.6.1960;0;1
BINAL;17;25.1.1969;15;2
MEVRUZE;7;6.3.1958;0;7
ZULKAADE;1;16.7.1958;0;1
ADAKAR;1;6.2.1944;0;1
SINGUL;4;17.11.1962;0;4
DURSANIYE;50;4.8.1966;0;50
SARKAN;23;14.8.1981;22;1
BESBINAZ;146;1.5.1966;0;146
BIN;32;9.2.1956;32;0
HEDAKER;9;7.4.1945;0;9
HEDAKAR;2;21.12.1948;0;2
TUTUYA;95;26.9.1959;0;95
SOFYAN;3;19.12.1946;1;2
GURSELER;1;21.9.1969;0;1
SEHRAYI;4;20.5.1955;0;4
SESIM;16;10.3.1984;1;15
MUZAKE;1;8.2.1945;0;1
ZENCEF;17;24.10.1963;0;17
MEDIYNE;32;16.2.1966;0;32
MUSERE;1;28.6.1958;0;1
TOYGAY;2;27.1.1980;2;0
NEBUSE;11;4.12.1970;0;11
EDABIYE;10;3.3.1970;0;10
CEZVAN;1;6.3.1933;0;1
HATIB;11;28.7.1971;11;0
SENATI;6;26.1.1975;6;0
MUBTELA;6;6.9.1947;0;6
GULENPE;1;2.4.1963;0;1
BAKAI;1;2.4.1970;1;0
GULLAZE;1;5.5.1966;0;1
MAZIN;13;15.4.1966;11;2
CAHAN;61;27.9.1962;22;39
YAZIY;3;15.5.1953;0;3
NARSEN;7;27.1.1969;0;7
YURTASLAN;6;7.2.1968;6;0
NAFEL;75;7.8.1972;75;0
TEYFIYE;20;17.4.1957;0;20
TEKKESIN;19;29.10.1958;19;0
SAATTIN;12;30.11.1963;12;0
ZELHANUR;2;19.1.1965;0;2
NEZEGUL;40;10.8.1966;0;40
BOLUKBASI;30;14.2.1964;30;0
MUAZZER;29;8.4.1968;3;26
CILLER;29;15.4.1987;0;29
FADIGULU;2;7.1.1958;0;2
BAHETTIN;62;23.9.1958;62;0
NEFIYSE;2;9.5.1975;0;2
ABDULVAHABI;4;18.2.1969;4;0
GULPESE;36;5.7.1957;0;36
RUFUGUL;5;8.4.1970;0;5
IGDEGUL;7;17.12.1974;0;7
ZOHRI;1;12.8.1941;0;1
ERDENEZ;1;6.3.1987;1;0
NAZALI;4;16.6.1951;0;4
ISE;34;24.10.1953;28;6
TEKKE;9;29.6.1952;9;0
ORKON;1;16.5.1989;1;0
ZEYYIT;10;7.4.1977;10;0
MAKPERI;26;16.2.1980;0;26
FERDANNE;1;13.2.1967;0;1
NUTKUYA;21;10.7.1968;0;21
BAKINUR;5;27.9.1961;0;5
KOSEK;5;11.2.1957;0;5
TURUC;22;6.11.1958;1;21
BURDUGAY;1;3.1.1986;1;0
TATLIGUL;8;24.11.1965;0;8
HUDAMI;4;24.8.1974;4;0
GULDONE;118;29.6.1964;0;118
MUZUFE;3;16.6.1977;1;2
ZULBIHA;2;29.11.1962;0;2
TAYHAN;38;17.2.1977;37;1
SOHBEN;14;26.9.1957;0;14
TUYGUN;111;19.5.1956;32;79
ZABITHAN;62;27.10.1963;5;57
HUPLAR;2;15.1.1971;0;2
NUBIN;3;27.7.1984;0;3
ZEBO;137;30.3.1949;0;137
HURCEM;6;4.4.1982;6;0
ASIMET;78;14.4.1959;1;77
MAHALIK;1;28.4.1962;1;0
FECIYE;31;17.9.1963;0;31
ALIYENUR;3;29.9.1974;0;3
HULUSEGUL;1;22.2.1976;0;1
YUKSUNE;2;14.9.1957;0;2
CIMSIR;3;11.11.1945;0;3
NIBIN;33;6.11.1955;0;33
MUCESSEL;3;19.1.1977;0;3
LEMIS;30;5.5.1969;0;30
SEFAGUL;42;6.10.1973;0;42
KIYAM;80;19.1.1960;79;1
MAHPUZ;19;23.12.1974;19;0
CEKER;37;14.2.1954;2;35
VESI;13;19.8.1960;4;9
GAZIHAN;27;27.11.1973;21;6
MUCIZET;5;3.1.1959;1;4
SEFERETTIN;1;21.7.1965;1;0
DURNEY;4;22.10.1949;0;4
ILMIDIN;5;17.6.1957;5;0
FATUGUL;8;9.8.1960;0;8
FINTOZ;95;20.3.1951;0;95
ALISIR;127;12.1.1960;126;1
SABEN;214;1.8.1967;209;5
BEGDILI;1;2.1.1963;1;0
KABIHAN;18;20.4.1961;0;18
VAYSAL;237;13.8.1964;237;0
ENDERCAN;97;30.2.1968;94;3
HAMZACAN;2;29.11.1990;2;0
MUTLUGUL;12;25.10.1977;0;12
GULMUM;1;12.5.1978;0;1
KABILIYE;2;13.12.1963;0;2
BEDIRETTIN;83;21.3.1969;83;0
HACIBIYE;1;3.7.1950;0;1
KIBARA;84;18.9.1957;0;84
ZULFICANAN;1;29.1.1971;0;1
MENDIRES;45;26.1.1967;45;0
ULUZGAR;20;22.11.1967;0;20
GURDOGAN;50;12.11.1971;49;1
SIHNAZ;12;30.11.1969;0;12
AGKIZ;37;8.9.1961;0;37
GENCIHAN;6;23.4.1957;1;5
ZELHE;51;30.7.1955;0;51
YOKSUL;4;23.12.1980;4;0
BEHCAT;12;13.7.1964;12;0
YEMIS;73;8.1.1954;0;73
SANBEG;2;8.4.1955;2;0
KUTEY;13;16.3.1945;0;13
NURSATIYE;1;3.5.1938;0;1
GULHASAN;45;6.5.1955;45;0
KAZEL;24;3.9.1953;1;23
MAZLUMIYE;2;20.11.1947;0;2
TEVRUZ;33;26.2.1948;0;33
SIRKET;8;21.5.1955;5;3
HAFIK;14;1.12.1956;4;10
SINAYGUL;1;24.11.1977;0;1
GUSLUM;7;16.12.1968;0;7
YEK;1;2.3.1963;1;0
KAHAREY;1;22.5.1937;0;1
ALIDAS;3;24.7.1962;3;0
VAYIS;34;21.5.1958;33;1
FIDET;15;4.2.1962;0;15
USMAN;14;12.4.1968;14;0
SAHABENDI;2;13.10.1969;2;0
HUSUK;16;16.10.1945;16;0
KIZLARBEYI;34;21.12.1954;0;34
HAZEY;6;17.9.1949;0;6
FITOS;44;28.1.1950;0;44
SUBUYAN;21;30.5.1961;0;21
SAHKIZ;3;5.5.1945;0;3
DIDEN;10;19.4.1976;0;10
BEDRUK;3;10.2.1959;0;3
SERUK;6;8.11.1961;0;6
GULAPER;2;30.5.1942;0;2
ZOBUK;5;3.11.1956;0;5
APDURAHMAN;50;15.8.1961;50;0
ZEBUK;27;15.11.1959;0;27
HIFRURAHMAN;1;23.2.1949;1;0
EMIC;202;11.11.1953;0;202
MERZIHAN;12;2.10.1958;0;12
IRAF;3;12.4.1963;1;2
SUPEYLAN;1;22.6.1961;1;0
ERMEYDAN;2;21.10.1972;2;0
DADALOGLU;4;16.10.1971;4;0
SAHRIK;3;18.6.1965;3;0
PERCAN;15;30.4.1974;1;14
TOLON;11;16.9.1955;8;3
ZENCEGUL;8;3.7.1968;0;8
RAYHALI;1;26.12.1945;0;1
KAFIZE;1;23.2.1961;0;1
SAFIYULLAH;3;8.5.1944;2;1
MUSTACEP;7;30.1.1963;7;0
SILAYER;1;22.2.1979;1;0
LEBUZE;16;6.8.1959;0;16
MEMNUSIYE;1;18.8.1946;0;1
KAHRI;35;25.5.1965;35;0
BEYA;13;30.2.1942;0;13
MUNIREGUL;1;20.4.1989;0;1
KIPER;17;20.9.1967;17;0
UBBAT;25;17.1.1964;25;0
ZAIBE;17;17.7.1955;0;17
TELIN;9;5.5.1979;0;9
MELIKGAZI;40;26.5.1964;40;0
ONEM;143;7.10.1977;48;95
SURMAN;2;16.1.1969;0;2
DASGIN;2;2.12.1945;2;0
BUSEL;2;21.7.1970;0;2
NARDANIYE;4;17.12.1952;0;4
BALAMIR;48;25.12.1974;48;0
VEZZEHA;12;7.3.1956;0;12
HANDEM;8;2.9.1971;0;8
KARAMERT;1;1.2.1991;1;0
HUDAME;3;27.1.1956;0;3
HULAM;1;18.12.1987;0;1
MISIR;9;2.9.1945;7;2
AYYILDIZ;48;15.7.1962;3;45
EBUSEYIT;4;4.4.1955;4;0
MURADI;22;30.11.1963;14;8
SUVAYIP;15;25.8.1976;15;0
NARINDE;1;25.5.1941;0;1
NARDEN;33;21.11.1965;0;33
BELUR;4;12.2.1963;2;2
RIBASA;54;13.5.1968;0;54
IFTALIYE;3;3.7.1955;0;3
BEKDEMIR;16;10.4.1955;16;0
RAZUG;1;14.7.1947;0;1
KETE;38;17.1.1951;0;38
LEHVAZE;1;9.8.1926;0;1
LEBIHAN;3;7.5.1963;0;3
KOKSEN;10;7.12.1947;2;8
NURSEMIYE;2;16.11.1962;0;2
BALHANIM;125;18.8.1953;0;125
YELSIN;3;3.8.1969;0;3
FELEKMAZ;2;9.5.1941;0;2
AYKER;5;30.9.1964;1;4
DARUS;1;7.9.1964;1;0
SONSES;5;27.9.1981;0;5
BASEL;9;19.6.1966;5;4
SUNKUR;2;21.12.1942;2;0
BAYTU;2;22.4.1982;2;0
NEBRUSEL;1;2.8.1957;0;1
ALKAY;12;17.8.1975;12;0
PUSAN;5;30.8.1943;0;5
NIZMIRA;1;28.3.1953;0;1
HEDRANE;1;7.2.1964;0;1
H.OMER;25;22.5.1957;25;0
MINTAZ;115;14.12.1969;109;6
YALCINER;25;29.3.1966;25;0
NUHIYE;31;8.10.1957;0;31
VATANER;6;8.4.1967;6;0
NALANGUL;3;16.6.1970;0;3
KUTBAY;7;20.10.1971;7;0
MUBAHI;3;11.12.1954;1;2
ESMURAL;1;14.7.1953;0;1
LIBER;16;9.4.1964;0;16
BASET;18;12.7.1967;18;0
AHSEL;13;21.7.1963;1;12
DOVLET;39;24.10.1967;6;33
SEYFINUR;13;9.11.1967;5;8
ULFETIYE;9;16.8.1950;0;9
FILYA;30;6.12.1967;0;30
KAMZEL;1;13.10.1956;0;1
SEVFETTIN;1;17.3.1946;1;0
HERDANE;53;9.3.1951;0;53
AKTAR;5;6.8.1963;5;0
SARIK;18;25.9.1964;13;5
TACINUR;28;28.1.1970;0;28
HANZEDE;6;4.7.1958;0;6
SEFDAL;1;17.3.1972;0;1
MALIKIYE;7;16.3.1966;0;7
ELMAYI;90;30.7.1956;0;90
SIRER;31;26.5.1969;31;0
HAKIK;11;28.1.1956;2;9
BALKIYE;49;5.9.1957;1;48
ADEFIYE;23;3.10.1962;0;23
GUDDUSU;10;14.3.1966;10;0
HERDE;4;18.6.1967;0;4
GUZE;3;12.7.1944;0;3
EVSAL;79;21.8.1965;68;11
TESLIMSAH;1;6.2.1977;0;1
NUHENBER;1;8.11.1956;1;0
MUSADA;1;29.6.1958;1;0
NESVET;35;13.2.1955;5;30
ZULKARNIYIN;3;7.3.1953;3;0
DEVZAT;1;1.4.1966;1;0
PANTUS;127;11.12.1949;0;127
MENSIR;8;30.2.1956;0;8
ZEZIHA;1;28.7.1943;0;1
NEVLIHAN;5;19.10.1976;0;5
FIDAME;1;22.10.1985;0;1
MAHALE;2;11.3.1957;0;2
AYNIHAN;20;13.6.1957;0;20
NEZIRCAN;2;17.8.1982;1;1
EMILYA;8;15.4.1962;0;8
FERUZAT;76;5.5.1952;0;76
KAFIYET;7;23.2.1965;0;7
YILSON;6;9.7.1975;0;6
NEVLIYE;10;28.3.1960;0;10
BADAT;35;4.5.1959;0;35
NEJATTIN;7;27.11.1960;7;0
AHSENE;12;28.4.1960;0;12
GULENDAG;6;17.11.1973;1;5
LADIGER;135;17.12.1972;2;133
MEYEM;5;28.3.1957;0;5
YURTTAN;8;22.6.1953;3;5
VAYITDIN;1;6.12.1965;1;0
MINIFE;22;7.11.1966;0;22
FENZILE;18;1.11.1964;0;18
DATLI;16;30.7.1957;8;8
GULDEBIR;2;19.4.1961;0;2
ASYAN;2;1.7.1952;0;2
CAGRIALP;2;26.12.1989;2;0
ENDA;28;29.1.1982;0;28
GULSERER;20;30.10.1959;0;20
TEMIS;5;6.8.1958;1;4
HAVIS;149;4.7.1955;0;149
FERAIM;19;15.4.1959;18;1
NURNAZ;6;22.8.1953;0;6
SURYANI;1;9.7.1974;1;0
ALBUZ;58;6.3.1965;58;0
DEVLETEN;11;27.7.1958;0;11
GUNHAR;37;2.7.1956;1;36
BEKIN;6;5.6.1973;3;3
IZAMETDIN;3;25.11.1953;3;0
FUZE;7;4.1.1961;1;6
ABEKIR;5;2.3.1943;5;0
NARIDEN;1;14.4.1947;0;1
BEGLER;8;13.7.1956;8;0
ISGENDER;40;22.8.1961;40;0
UMMUSU;239;5.6.1963;0;239
LUZIYE;5;5.9.1958;0;5
GULBADI;13;2.4.1958;0;13
YARIS;15;4.8.1975;15;0
KETEYUN;11;22.11.1955;0;11
INAHET;8;22.4.1961;0;8
BENIAL;6;26.6.1966;3;3
RUBABE;67;20.4.1954;0;67
ULIK;1;25.4.1925;0;1
VEKZE;1;17.3.1960;1;0
DURDAL;9;22.3.1971;5;4
SOLMA;3;16.6.1968;0;3
HUDAYIM;115;21.5.1962;115;0
UCEL;21;8.1.1961;10;11
MISAK;82;15.11.1952;82;0
SALAHETTIN;243;22.8.1951;243;0
GAZIMEMET;1;27.6.1940;1;0
EGAHI;6;20.9.1967;6;0
GIYAFE;4;21.3.1973;0;4
FUZULU;10;30.1.1968;10;0
ELMIYA;8;12.1.1969;0;8
SEVCAL;1;6.5.1969;0;1
HACIYURT;1;28.1.1985;1;0
BURAT;6;22.12.1983;6;0
NUGRAL;1;2.1.1966;0;1
LEMINA;2;13.4.1955;0;2
KIYS;1;9.4.1940;1;0
USGEL;2;6.7.1942;0;2
ATLEN;111;12.3.1968;109;2
ZULAYA;1;15.4.1948;0;1
MIRIBAN;38;5.7.1958;0;38
GULERIK;2;25.2.1953;0;2
VAHBI;13;5.8.1960;13;0
NIZAN;12;1.6.1964;7;5
BEKTASI;4;6.8.1970;4;0
TANIS;53;8.4.1977;45;8
EMISEN;279;9.4.1953;0;279
HIDAYIT;1;25.7.1985;1;0
H.MEMET;10;8.4.1942;10;0
BUBER;11;3.7.1944;0;11
KEZZO;9;2.12.1940;0;9
ZEBEK;2;1.5.1950;0;2
SIYATCA;1;27.8.1932;0;1
PAHALI;16;13.7.1963;1;15
SEFAYDIN;11;24.9.1971;2;9
SENARSLAN;1;12.2.1982;1;0
SEVIH;3;10.8.1963;0;3
MURADIF;17;27.2.1963;17;0
EBULMUHSIN;43;23.2.1962;43;0
ALBIZ;5;28.12.1966;5;0
TERCIHAN;27;24.4.1966;4;23
CIVDEM;2;16.5.1979;1;1
D.MEHMET;13;27.7.1949;13;0
BEZBET;1;7.11.1952;1;0
EFTALIYE;10;26.12.1958;0;10
URHIYE;7;7.4.1962;0;7
SERIBAY;1;15.9.1965;0;1
GADIM;20;10.11.1966;20;0
ELIHA;9;1.1.1951;0;9
SULHUYA;3;5.6.1967;0;3
NIRHAM;1;18.6.1957;1;0
IPAL;1;29.5.1942;0;1
KESTIK;1;29.9.1942;0;1
CEMUNUR;1;12.7.1967;0;1
FERSOY;6;30.6.1976;5;1
BAKSEL;4;22.1.1967;0;4
BADISE;2;26.10.1966;0;2
VUREL;3;19.10.1957;3;0
MUTLUAY;80;16.2.1977;50;30
ALICI;1;13.2.1965;1;0
ZABEL;62;4.3.1950;0;62
HAMASET;2;4.9.1961;1;1
GULFARIYE;5;29.4.1962;0;5
ALKAR;6;25.11.1970;6;0
GULFURIYE;18;8.9.1959;0;18
FATIYAN;31;2.7.1949;0;31
HOSRAF;4;12.1.1951;4;0
JAMIL;1;2.9.1965;1;0
IZZETI;14;23.5.1958;1;13
HARIYE;339;16.5.1956;0;339
YANMAZ;4;25.11.1973;3;1
BACAN;3;23.6.1961;0;3
EDAKAR;8;28.3.1954;0;8
HASEY;8;4.12.1953;1;7
ICAL;4;6.1.1969;1;3
AYISEL;10;8.2.1964;0;10
FERIGE;2;9.8.1971;0;2
FURUZI;1;21.5.1968;0;1
PEZUK;12;26.9.1943;0;12
SAFALI;24;5.2.1954;11;13
MENKUBE;1;21.3.1947;0;1
SEHRAIL;1;9.3.1958;0;1
SAYINES;1;7.6.1951;0;1
SEFALI;20;18.2.1957;8;12
ZEBAHI;4;28.12.1953;0;4
GANIYME;6;19.12.1959;0;6
FATIYA;1;22.2.1937;0;1
YAYLAGULU;57;17.1.1966;0;57
MAGUS;10;11.7.1954;0;10
GUNUN;2;17.8.1952;0;2
GULFURE;18;25.9.1953;0;18
HALET;169;17.6.1956;82;87
GULSARIYE;3;29.7.1972;0;3
MEHRUZE;37;22.9.1955;0;37
MERZUF;4;7.5.1966;3;1
ZABAHI;7;18.4.1961;0;7
SEMAYA;63;25.6.1971;0;63
DONAL;5;22.6.1966;0;5
MUSLEYIN;1;27.8.1920;1;0
SEHENDER;5;28.8.1951;0;5
GUMEYRE;2;9.11.1959;0;2
ADILET;3;29.3.1954;0;3
ALIRZA;42;6.9.1962;42;0
GUSSU;28;6.9.1959;0;28
GOSEGAG;2;29.1.1926;0;2
HURZET;6;13.9.1966;0;6
NEJLEN;1;9.3.1961;0;1
MEDIGUL;1;2.2.1969;0;1
BERTEN;3;28.8.1977;3;0
HULISE;19;23.7.1971;2;17
ZUBEYRE;27;1.1.1962;2;25
FAYIGA;8;16.5.1958;0;8
SAHSEN;34;23.8.1968;10;24
MENE;15;1.2.1962;0;15
IREBE;2;22.7.1951;0;2
FEYRIDE;2;22.2.1961;0;2
CEZVENUR;49;15.7.1960;0;49
BEYDOGAN;9;29.1.1955;9;0
TUGBIYE;3;6.1.1977;0;3
SEADETTIN;54;18.12.1952;54;0
HULUFER;5;1.7.1972;0;5
TIBRAN;1;22.5.1955;1;0
MUSLINA;2;9.3.1956;2;0
MUNCIFE;3;22.3.1962;0;3
FEYRUZA;18;1.3.1961;0;18
MUGAZZEZ;2;12.2.1956;0;2
SIYH;7;15.12.1957;7;0
TAKSIME;80;24.2.1968;0;80
UZGU;9;11.4.1974;8;1
H.MUSA;4;11.4.1944;4;0
RAKUBA;1;4.3.1971;0;1
ITLAMA;1;12.10.1970;0;1
PAKINUR;49;17.11.1958;0;49
BARAJ;2;5.10.1972;2;0
ENZILHA;15;19.4.1970;0;15
BURSEN;43;9.9.1962;0;43
NAZIYKE;3;17.8.1946;0;3
ER;48;7.10.1959;47;1
FURDES;31;21.10.1961;0;31
IKRAYIL;1;21.6.1975;1;0
NURUVET;30;8.9.1971;0;30
NUSEBIHA;1;1.2.1949;0;1
ASIRIF;1;27.8.1932;0;1
NUCUBE;36;18.3.1961;0;36
BASSE;8;8.8.1950;0;8
MIRCE;1;18.4.1941;0;1
CECO;9;13.9.1941;4;5
KUMEYRE;13;21.2.1953;0;13
ANDELIP;5;6.2.1946;2;3
MINSEREF;1;2.2.1957;0;1
MUGATDER;7;14.11.1963;3;4
ULGEL;2;13.8.1945;0;2
SANKUL;1;26.4.1939;0;1
UZEYRI;15;16.7.1961;15;0
JUBERKAN;1;6.2.1981;1;0
FIREZ;7;19.1.1966;0;7
BILALHAN;4;20.2.1987;4;0
HADAYET;4;4.4.1957;1;3
GUMRU;25;30.2.1964;0;25
IZA;10;29.12.1962;1;9
SOAYIP;1;2.2.1957;1;0
SEFIGUL;3;28.12.1951;0;3
DIBAR;2;19.1.1966;0;2
DAGUT;9;18.2.1958;9;0
MIHNAZ;16;12.9.1966;0;16
ZULUCE;19;24.11.1959;0;19
GULSANDA;1;1.1.1;0;1
MEMMET;23;11.1.1962;23;0
ZEBIK;164;24.12.1960;0;164
SELHAMIT;1;9.4.1975;1;0
MEHAMMET;5;2.9.1961;5;0
EHMET;9;20.7.1955;9;0
KETAYUL;1;1.10.1968;0;1
SEVGILEN;8;30.12.1975;7;1
YUSUP;8;2.2.1964;8;0
HELME;22;21.4.1957;0;22
HIDEY;1;7.8.1934;0;1
HANDEY;3;30.12.1933;0;3
BETRETDIN;2;9.1.1975;2;0
MIYASSA;6;6.7.1958;0;6
SEHMUSA;4;13.3.1969;4;0
HEDER;3;19.1.1972;2;1
MEHIR;32;16.7.1963;2;30
NUVEY;1;26.7.1943;1;0
SULHA;9;1.2.1969;1;8
MENUR;3;15.10.1952;1;2
GOKREM;5;1.2.1973;4;1
HIDIYET;3;6.5.1961;0;3
FUKRAN;4;20.12.1978;1;3
CEBO;1;26.7.1960;1;0
MEFTUNA;7;12.11.1972;0;7
BEDDES;2;27.2.1962;2;0
FATILI;84;9.1.1959;0;84
PEHLIL;36;19.4.1969;36;0
EFURCAN;1;28.2.1967;1;0
HEBUBE;2;11.11.1967;0;2
BIYHAN;1;20.4.1954;0;1
ACEY;5;16.6.1944;0;5
UMAR;13;25.12.1970;10;3
GULPERVER;1;9.6.1979;0;1
E.NURI;1;28.4.1946;1;0
GULKES;3;12.9.1948;0;3
ILTAN;74;23.8.1966;52;22
PAMMUK;4;19.12.1965;0;4
MUHUP;14;15.1.1960;9;5
SEYF;20;3.2.1966;20;0
SAFVAT;2;13.8.986;1;1
URUKIYYE;1;2.5.1939;0;1
HAVAHANIM;15;3.12.1960;0;15
HOSEY;3;1.10.1948;0;3
HELUK;1;11.4.1944;1;0
RUSDI;68;16.10.1952;68;0
SIYHO;6;1.5.1950;6;0
FERANAZ;82;10.2.1959;0;82
SOKULU;1;16.2.1956;1;0
TEBARUS;2;24.6.1966;1;1
NANO;15;11.5.1945;0;15
MEBIRE;3;7.7.1940;0;3
KANUNI;46;11.10.1976;46;0
GULIY;9;21.6.1947;0;9
GICO;3;2.9.1936;2;1
NEDIRIYE;6;10.11.1964;0;6
TAHKIMAT;2;4.12.1946;2;0
BOYRAZOGLU;1;1.6.1967;1;0
SEYIFI;1;23.2.1947;1;0
URUFU;3;3.8.1963;2;1
MAKBURE;16;11.8.1958;0;16
SEVENCAN;9;12.2.1968;3;6
SAHSET;201;17.1.1967;186;15
NACIZE;14;7.11.1958;0;14
MARZUK;1;30.11.1930;0;1
SULFIYET;6;6.5.1961;0;6
SOHRETTIN;49;3.12.1959;48;1
ABDULVAHAPGAZI;4;25.8.1973;4;0
HICAZI;113;30.4.1965;109;4
EMETUK;4;7.2.1957;0;4
ADELI;320;14.7.1962;0;320
YETUK;6;27.4.1957;0;6
MUSABE;7;1.3.1957;0;7
FUZEYME;1;27.12.1974;0;1
MULLU;2;27.9.1953;2;0
SADELU;5;27.11.1959;0;5
COMART;23;23.3.1957;22;1
MEMNUKE;1;12.4.1971;0;1
SATITE;1;9.4.1946;0;1
BUYNAT;7;14.11.1975;7;0
MAHBIP;22;7.4.1963;0;22
REVAZIYE;41;27.3.1964;0;41
TUTUM;2;22.8.1946;1;1
ENDE;4;20.12.1971;0;4
DEDEBEY;36;10.3.1957;36;0
LOMET;1;3.1.1933;0;1
CISELI;371;24.11.1957;0;371
TUTCA;58;18.5.1965;0;58
SEVDALI;33;15.10.1965;26;7
EDALI;202;26.1.1957;0;202
OVAK;3;18.7.1954;3;0
VEZZUHA;73;19.12.1959;0;73
ALAMDAR;3;8.6.1967;3;0
SAHBET;11;26.8.1966;5;6
ADIGOZEL;26;2.1.1951;23;3
SADALI;14;15.6.1947;0;14
BUYNA;1;16.9.1976;1;0
SELDAR;8;19.9.1977;6;2
PEYKIRE;23;29.11.1957;0;23
AGBAL;8;18.4.1949;5;3
KALEM;57;5.1.1957;12;45
AGCAHAN;5;18.11.1945;0;5
ENTIGE;5;23.1.1964;0;5
NENE;240;6.11.1950;0;240
NURALE;29;11.7.1969;0;29
AGCABEY;11;14.9.1956;11;0
ORDEY;2;5.3.1950;1;1
MESTANE;11;2.10.1955;2;9
ESUK;4;30.9.1950;0;4
SEFNURE;1;22.6.1967;0;1
HUBUYAR;74;7.2.1964;74;0
KOCMEHMET;3;1.11.1961;3;0
HASLUK;1;22.2.1935;0;1
NISMET;3;5.1.1970;0;3
GUMRA;3;11.10.1982;0;3
IKLAN;3;17.1.1971;0;3
SENKAL;49;13.1.1963;28;21
HULBUZ;3;26.6.1955;0;3
KALELI;4;11.6.1969;4;0
SEYFURE;66;8.4.1958;0;66
NEJLI;3;27.1.1961;2;1
GULCANE;6;4.9.1968;0;6
VELIEDDIN;1;6.7.1971;1;0
HANARZU;138;18.5.1960;0;138
SEDIYA;16;22.8.1972;0;16
EJLAN;4;6.6.1956;2;2
KUBARE;30;12.8.1958;0;30
SERSEM;14;26.10.1955;1;13
GELENDER;1;16.4.1955;0;1
SEFALET;74;20.12.1970;7;67
OGAN;101;16.2.1977;100;1
ALMUS;1;1.7.1961;1;0
GONULLU;18;23.6.1959;16;2
NEKAR;7;4.7.1967;0;7
IMMU;8;23.9.1954;0;8
EJNAN;10;16.7.1968;10;0
RAYNA;4;12.6.1958;0;4
HUMAYE;7;1.12.1956;0;7
HESNE;53;1.7.1962;0;53
HACIHAS;68;5.4.1961;0;68
MENZER;75;6.3.1956;5;70
GULSEHEL;6;12.10.1961;0;6
DALAN;4;8.8.1990;4;0
MIRMELEK;17;28.11.1957;17;0
OSME;8;4.2.1959;0;8
MILTAN;15;30.9.1959;0;15
AYNIGUL;44;16.4.1964;0;44
ATCE;13;27.12.1956;0;13
EYIPHAN;2;6.1.1973;2;0
BEYHANI;42;6.10.1974;39;3
VADIDE;8;30.1.1941;0;8
RAFIYA;38;27.6.1962;0;38
BERI;40;28.6.1969;16;24
CANUBEY;2;4.8.1950;2;0
YURTGUL;23;22.6.1966;0;23
GULCERE;23;12.1.1964;0;23
KAKKO;4;18.2.1951;4;0
ALIBAZ;104;4.5.1956;104;0
VELADE;1;16.3.1939;0;1
NECAATI;5;16.6.1953;5;0
DIDARBACI;1;30.2.1976;0;1
ZENBUR;7;28.10.1948;0;7
YARADAN;1;21.7.1969;0;1
GULBABA;11;13.12.1973;11;0
SEBIR;30;8.4.1968;3;27
KITADE;2;3.3.1961;2;0
CEMAYINUR;16;4.12.1956;0;16
MAHIMIHRI;4;22.10.1953;0;4
HAKIMIYE;45;8.5.1969;0;45
HUBIYAR;26;23.8.1964;20;6
HOSNAZI;14;6.11.1965;0;14
DURHANI;14;16.4.1959;4;10
DURHAMIYE;1;23.11.1954;0;1
MAHZER;16;25.9.1954;13;3
SERDINC;73;1.7.1982;70;3
EDILIYA;1;21.9.1982;0;1
IMMIHANI;135;25.5.1957;0;135
SEYRANUS;5;10.5.1956;0;5
HAYRUNNUSA;38;9.12.1952;0;38
MINTAZE;195;7.10.1961;0;195
BELLUR;12;16.8.1971;0;12
BINNET;151;23.5.1958;149;2
ERCANAN;1;20.10.1971;1;0
KALSIN;48;7.9.1962;1;47
FAKINUR;1;6.10.1961;0;1
OZOZAN;1;2.6.1972;1;0
SIRRIYA;7;6.10.1954;0;7
ESAFIL;32;7.7.1974;31;1
ZARUK;5;13.12.1935;0;5
FUZEYFE;1;18.8.1980;1;0
UMEYZE;1;8.10.1985;0;1
SERBILENT;13;22.1.1979;12;1
ANSIT;1;10.5.1928;0;1
ESINGUL;23;20.12.1967;0;23
SUUDUBEY;1;2.2.1955;1;0
BEZATI;1;11.6.1978;1;0
FINDAY;5;15.7.1977;0;5
TUGBAHAN;45;29.2.1986;3;42
MINTEHAN;6;7.4.1962;0;6
ALIGALIP;16;12.11.1950;16;0
NURIFFET;1;21.2.1970;0;1
MEYHURE;1;26.10.1964;0;1
PERIYHAN;19;17.5.1962;0;19
IZAHAD;1;21.6.1967;0;1
FADMA;26;15.12.1953;0;26
SUSPEN;1;17.4.1960;0;1
DOGDU;16;25.2.1967;12;4
MELCAN;2;7.6.1978;0;2
JUNET;1;22.8.1971;1;0
TAMEL;9;6.9.1969;9;0
TURUYA;2;11.10.1957;0;2
GULSEVGIN;1;15.10.1982;0;1
GUNSAZAK;8;25.2.1983;8;0
ZEMZEMA;288;8.10.1970;0;288
HABISE;2;28.4.1969;0;2
SEYHALI;30;30.11.1963;30;0
SAHMAMA;1;9.5.1952;0;1
REMLA;9;19.7.1970;0;9
CEFAYI;3;7.3.1972;1;2
OMIT;6;13.11.1975;6;0
MUBUN;3;14.2.1976;1;2
MEMICI;37;2.9.1959;37;0
HURZEM;27;14.5.1966;18;9
MUJDETTIN;9;8.1.1973;9;0
MEBRUZE;12;29.3.1963;0;12
KERRAR;12;28.6.1973;12;0
GULEYFER;2;21.2.1975;0;2
ZELIHANUR;4;21.8.1973;0;4
ADIYET;2;12.10.1972;0;2
URKUYA;213;27.2.1962;0;213
SUZENBER;3;8.1.1959;0;3
SIBET;8;29.8.1982;2;6
MUSTEGIM;4;27.7.1973;4;0
AYBANIZ;14;4.12.1966;0;14
ZERNIGAR;5;9.4.1966;0;5
MUKADTER;10;4.6.1968;1;9
HACIOMER;54;7.4.1963;54;0
ADALAT;13;15.1.1966;0;13
FIKIRE;4;7.2.1962;0;4
GOZEY;26;18.1.1953;0;26
MUBUNE;4;10.6.1977;0;4
ZIBEL;22;14.6.1973;1;21
RUHINUR;8;27.4.1962;1;7
KURBUZ;5;24.5.1952;3;2
MUDADDER;1;23.1.1978;0;1
GUSIFE;2;17.4.1932;0;2
TUCCAR;20;30.12.1969;20;0
MINTIHAN;11;6.3.1962;0;11
SAHDANE;44;16.7.1957;0;44
IFADIYE;25;12.6.1957;0;25
BABIR;27;11.11.1964;26;1
EVET;3;1.11.1969;1;2
SAHIFE;35;3.10.1956;0;35
MUSAATTIN;3;16.11.1971;3;0
FIRDEVUZ;2;3.1.1973;0;2
ZUBEYRI;14;6.3.1963;13;1
TIBIYAN;1;7.11.1969;0;1
TAYFE;9;1.10.1953;0;9
SUBUYEN;2;21.10.1955;0;2
HERDAM;1;26.6.1942;0;1
VASI;13;27.9.1960;11;2
MUBEYDE;6;18.7.1960;0;6
NULTEN;4;12.10.1959;0;4
FATIMAT;14;2.3.1946;0;14
ABDULKANI;60;18.11.1963;60;0
ALTINGUL;171;9.6.1966;0;171
AKANSU;6;8.12.1975;4;2
DURSEY;4;21.8.1954;0;4
GAZEY;6;21.6.1946;0;6
TEKKELI;46;14.8.1949;0;46
SEYVENAZ;1;21.11.1983;0;1
ZETINA;5;3.3.1976;0;5
BAYDIN;12;1.2.1961;12;0
ZOKAY;1;12.8.1923;0;1
SAMUT;20;28.5.1961;15;5
ZEFEY;1;8.3.1946;0;1
MEBIHA;4;6.1.1979;0;4
DEHRIN;2;20.10.1954;0;2
OZNEYIR;1;2.10.1945;0;1
MAHPERUZ;21;18.11.1950;0;21
INSANI;1;19.2.1971;1;0
PIRZA;2;1.6.1954;2;0
GULNILAY;1;14.9.1976;0;1
BEYTEM;4;3.2.1985;2;2
HURRAMI;3;24.7.1957;3;0
EYNEL;18;10.7.1961;0;18
SINEMGUL;35;3.9.1967;0;35
PAKIYA;2;1.9.1963;0;2
FADOS;1;3.7.1955;0;1
YUZUK;10;28.5.1946;0;10
MUSHAT;2;7.2.1972;2;0
MUGEY;4;6.5.1963;0;4
NAZENIM;26;7.6.1946;0;26
SUMUZER;4;13.3.1956;0;4
ZERNISA;2;10.12.1960;0;2
KAMBUR;1;16.2.1933;1;0
YASUN;3;19.10.1978;1;2
ZAREY;3;23.2.1944;0;3
TURDU;12;2.4.1938;4;8
TEBERIL;1;21.6.1969;0;1
HULTER;1;29.3.1949;0;1
BOZALI;6;24.9.1959;6;0
GELISIM;3;27.2.1985;0;3
DOMANIS;1;4.3.1937;1;0
FATIMET;66;10.8.1949;0;66
ALBAZ;1;19.3.1966;1;0
SAAP;22;7.3.1965;22;0
SEKIPE;2;6.11.1962;0;2
SEHRETTIN;26;21.7.1957;25;1
KIBARCA;1;12.2.1967;0;1
NAGA;2;2.12.1956;0;2
HAMIYDE;31;3.12.1964;0;31
SAZELI;7;2.7.1949;7;0
HOT;1;11.4.1932;1;0
HABI;20;11.10.1964;14;6
GULAGBI;2;12.2.1962;2;0
SURHAY;11;7.9.1966;11;0
BELIS;24;28.5.1978;0;24
KURBANALI;76;7.10.1960;76;0
NARHANIM;371;4.2.1955;0;371
HAYRUNNAZ;15;6.2.1957;7;8
VOLGA;69;21.1.1981;54;15
DOLBENT;12;25.6.1947;0;12
GAZIOSMAN;1;7.12.1990;1;0
SEVECEN;49;10.7.1987;2;47
NEFINE;15;14.11.1964;0;15
EFRAT;8;1.4.1962;7;1
NERIYMAN;35;26.10.1966;0;35
USRET;5;10.12.1952;5;0
FERAADDIN;1;26.5.1970;1;0
MANTAR;49;12.2.1957;2;47
MUDEVVER;17;4.12.1947;0;17
SOVKET;10;27.3.1957;1;9
KEKUK;4;16.5.1963;0;4
NAYISE;3;20.8.1951;0;3
TEMAN;13;24.2.1963;0;13
UKKES;6;14.10.1955;6;0
DONENGUL;5;26.10.1981;0;5
HANIMZER;717;20.1.1960;0;717
SUBAK;1;20.8.1954;0;1
GULEFE;8;16.8.1959;0;8
MIHRICA;2;27.4.1974;0;2
SADUGUL;1;22.6.1991;0;1
MERZIVAN;2;9.7.1969;1;1
PEYKIYE;3;9.3.1954;0;3
ATESAGA;1;26.4.1942;1;0
MUSAIL;4;8.9.1967;3;1
SUIDE;35;20.5.1962;0;35
MAKPARE;13;12.12.1953;0;13
TAYUBE;6;29.4.1966;0;6
TUGLAN;3;18.3.1975;3;0
ZEYNEBIYE;2;22.1.1947;0;2
EMINCI;1;2.5.1945;0;1
MUSALIME;5;10.11.1955;0;5
ELYESA;30;28.12.1978;29;1
MUHARA;1;15.9.1956;0;1
PEYKINE;1;2.2.1951;0;1
BEDISAH;10;17.3.1955;0;10
LAL;19;13.1.1971;1;18
TASBEY;21;5.1.1969;21;0
TUDIYE;8;14.9.1959;0;8
NALEM;2;17.7.1976;0;2
TETIK;8;26.10.1946;6;2
SETIFE;7;19.5.1970;0;7
MENDUME;2;30.7.1971;0;2
CERIT;17;13.2.1966;17;0
SIFAI;26;28.5.1967;19;7
CAGATAS;1;7.10.1984;1;0
REZIHA;5;8.3.1953;0;5
TOKEZ;12;2.6.1948;0;12
CEYDAG;13;24.1.1980;0;13
RENGINAR;350;25.8.1974;2;348
MELDE;25;21.1.1969;0;25
FETAHNA;125;27.2.1958;0;125
VAHI;34;25.8.1965;33;1
KAMUREN;6;17.2.1974;3;3
KESIME;17;11.1.1965;0;17
GULEVATIN;26;16.3.1946;0;26
TUTYE;45;19.1.1955;0;45
AREVATOK;1;16.6.1945;0;1
ABUTEL;74;21.12.1957;0;74
VECIT;6;26.12.1954;6;0
NURPERIHAN;1;10.9.1988;0;1
VARTAN;69;1.10.1956;69;0
GUNKER;3;12.10.1949;1;2
KATU;1;2.8.1933;0;1
MUFIYDE;8;19.8.1965;0;8
HUKUKI;1;13.11.1974;1;0
RUEYDA;10;10.2.1970;0;10
SEMSUNUR;16;27.5.1957;0;16
DURNISE;1;9.4.1961;0;1
HUSEYINALP;2;3.11.1972;2;0
GULBIKE;21;8.11.1975;0;21
MIESER;6;29.1.1974;0;6
MASLAHAT;4;22.5.1964;0;4
MUSLIHA;29;16.1.1957;0;29
VAHRIN;1;12.5.1959;1;0
APIL;113;11.6.1960;111;2
SERANUS;25;6.1.1945;0;25
GULENDANE;3;9.3.1960;0;3
BAKTAY;1;10.5.1976;1;0
GULGAZ;4;14.6.1956;0;4
AKABI;51;24.10.1943;0;51
NEYMA;4;30.9.1959;0;4
EKRAMIL;1;22.3.1970;1;0
BESLEN;14;26.11.1956;13;1
TANE;10;17.12.1977;0;10
MUESSE;30;8.4.1962;0;30
BIKE;46;8.9.1975;0;46
OZNEN;7;24.7.1971;0;7
NEVRANUR;1;1.12.1971;0;1
NURSERAP;2;28.2.1972;0;2
HABESI;9;15.2.1973;9;0
EFRUMI;1;1.12.1971;0;1
NAZLIMEN;1;5.12.1953;0;1
NANI;23;25.7.1952;1;22
HALIK;54;16.3.1965;52;2
EFRAIN;4;11.1.1968;4;0
MEKTUP;56;12.6.1971;0;56
RAGAIB;1;25.3.1990;1;0
YAGSEMIN;41;17.2.1973;0;41
MURESTE;15;13.10.1953;0;15
NARIDE;29;9.3.1975;0;29
AYDUR;29;17.4.1967;10;19
ANIC;5;21.4.1946;0;5
HUBEYT;10;14.7.1986;10;0
MEYILDE;4;23.6.1973;0;4
ABDULHAFUR;3;14.5.1961;3;0
TUTUYE;75;23.1.1955;0;75
ARUMAN;1;1.6.1953;1;0
GULGIKAR;1;9.7.1979;0;1
MEYRAL;2;28.12.1970;0;2
IPSIR;1;17.10.1983;1;0
SEVSEM;71;10.10.1980;0;71
TUTCALAR;1;21.3.1940;0;1
ZERBAB;46;5.4.1962;0;46
HATUC;12;26.6.1953;0;12
HAMMIGUL;1;7.8.1916;0;1
YURDADAG;1;7.12.1964;1;0
REZAKI;3;17.7.1968;3;0
DURDUVAN;2;17.3.1962;0;2
VEDDUHA;7;15.9.1958;0;7
SULIYHA;2;3.8.1970;0;2
NAZLIME;14;19.11.1960;0;14
BALSEKER;2;9.7.1948;0;2
YURTSEL;5;18.2.1964;2;3
SUGUIRAT;1;15.9.1972;0;1
YILDEMIR;1;30.6.1972;1;0
HOKKAC;1;17.3.1954;1;0
KADDES;3;15.11.1950;0;3
GULDES;37;20.7.1971;1;36
MIKNAZ;1;25.1.1975;0;1
AYSULA;13;8.3.1968;0;13
SAHSADE;58;27.11.1963;5;53
AYDONER;24;14.5.1969;2;22
KUBULAYHAN;2;14.6.1977;2;0
MEMNUYE;1;1.4.1928;0;1
GUSUFA;1;19.12.1957;0;1
HASIBET;3;7.4.1944;0;3
SAVEL;15;13.6.1969;4;11
NAFIHA;6;2.6.1969;0;6
GULBAGANU;1;27.12.1983;0;1
HAYRUDDIN;3;9.3.1979;3;0
TEYBA;6;5.7.1960;0;6
SUMEYYRA;2;4.12.1990;0;2
ESEDULLAH;48;12.10.1965;48;0
GULHANDE;12;22.5.1972;0;12
ABDULVAHABIGAZI;2;24.4.1961;2;0
NAMIKA;96;25.7.1952;0;96
SELVENAZ;2;24.2.1964;0;2
NIHAVENT;12;17.3.1966;0;12
HUZEYF;7;8.11.1978;7;0
BINYAT;2;3.7.1972;2;0
ERTUGREL;1;27.4.1942;1;0
NAZIMGUL;3;27.2.1950;0;3
YALIFER;1;10.11.1950;0;1
AINAT;1;20.5.1930;0;1
KUMIYDE;1;24.5.1970;0;1
NUSRED;9;29.7.1962;9;0
GULNAGME;2;3.5.1982;0;2
CENKAYBARS;1;26.8.1977;1;0
MENDUF;58;12.5.1965;57;1
HICAZ;184;21.6.1965;32;152
YERVANT;79;25.3.1954;79;0
HAKTANIR;12;2.11.1971;11;1
SEFAGAT;2;26.12.1957;1;1
ANKINE;16;16.6.1950;0;16
SAYALI;151;4.4.1950;2;149
NECAVER;3;20.6.1962;1;2
TASVIRE;205;22.11.1950;0;205
YERDENUR;5;19.12.1964;0;5
ABDULAHET;7;3.6.1966;7;0
HAMIGUL;2;18.11.1946;0;2
HUSAMMEDDIN;3;14.2.1965;3;0
HEBIBA;2;8.3.1978;0;2
BEDIROS;10;26.5.1944;10;0
AGAVNIK;5;6.9.1934;0;5
MUZEFER;66;13.8.1960;53;13
NURUSE;3;19.5.1957;0;3
MUGAMMER;7;18.1.1961;6;1
SEDAYE;10;18.2.1968;1;9
BECIYE;13;13.10.1960;0;13
USTUHAN;1;15.2.1967;0;1
NURSELE;3;14.3.1970;0;3
ELVANI;11;4.11.1960;3;8
MUHDAT;58;7.6.1962;58;0
AGACA;2;2.2.1951;0;2
EFO;31;9.4.1943;26;5
K.MURAT;1;11.9.1977;1;0
SAFATTIN;9;29.2.1966;9;0
TUBAHAN;17;26.11.1984;0;17
MEHDET;6;2.9.1973;4;2
LUTFERIT;1;17.2.1962;1;0
ULUTURK;6;24.4.1963;6;0
LEYCEN;2;3.9.1983;0;2
NECDETDIN;3;1.9.1953;3;0
ANAHATUN;7;30.5.1944;0;7
CAMEZ;4;17.3.1955;4;0
YADIME;3;19.2.1959;0;3
VEZZAHA;16;7.1.1963;0;16
ENGUR;59;27.5.1967;50;9
UMMUEYMEN;4;21.10.1981;0;4
UNYAMI;6;20.11.1965;6;0
PEKAR;56;22.5.1952;3;53
HUZUN;64;1.5.1976;2;62
RUBBIYE;65;9.4.1959;0;65
EBULKASIM;14;2.1.1963;14;0
MAMINE;10;22.8.1950;0;10
HAYRENSE;35;14.2.1959;0;35
HAKVET;1;19.9.1966;0;1
HASIMETTIN;3;26.10.1957;3;0
BERATHAN;5;25.12.1983;4;1
TURANSEL;10;10.6.1956;3;7
MEYIDE;4;25.8.1965;0;4
NURDIYAR;2;28.5.1959;0;2
SETEN;5;2.11.1962;0;5
SOFIYA;45;2.12.1951;0;45
NURAYSEL;2;26.6.1955;0;2
ERUN;5;27.6.1962;5;0
ZAHIY;2;2.2.1964;0;2
ZUFTI;8;24.4.1960;8;0
ZAMIME;2;27.8.1936;0;2
SEYUM;1;18.6.1959;0;1
MENFAT;2;23.10.1977;0;2
ABTULLA;8;29.1.1960;8;0
LAILAT;1;14.5.1935;0;1
ZEKARIYYA;12;21.8.1960;12;0
GUTDUSU;1;29.2.1961;1;0
SIFAYE;10;24.7.1973;1;9
SALEP;4;21.9.1970;0;4
NARZIYA;1;20.6.1950;0;1
EMIRAH;4;1.1.1979;4;0
GULASLI;14;21.11.1960;0;14
MIGDE;1;19.5.1954;0;1
MERZUVAN;1;17.6.1960;1;0
YASAF;2;10.11.1958;2;0
ZEMMINUR;2;3.12.1959;0;2
MULKUYE;54;17.6.1969;0;54
FAIZA;14;11.5.1957;1;13
ERDOVAN;33;5.10.1959;33;0
SAMAYA;14;10.1.1964;0;14
GUNKUT;41;21.8.1979;40;1
SE;1;11.9.1970;1;0
NENEHANIM;80;24.5.1944;0;80
FIYMAN;1;9.4.1964;0;1
ZENCE;11;16.2.1961;0;11
ETIBAR;8;2.5.1973;4;4
CANSERAY;3;21.6.1972;0;3
AHDEM;4;21.3.1965;4;0
DORIYE;6;18.3.1956;0;6
SEHNA;11;9.7.1973;0;11
NAKUR;1;24.5.1978;1;0
TALIF;4;21.1.1975;3;1
MAHIS;17;10.3.1834;0;17
GULUSTANU;1;28.5.1987;0;1
ORGUYA;2;18.7.1950;0;2
AZRANUR;2;6.1.1988;0;2
HURIZIYA;1;22.8.1954;0;1
TEVFIGE;2;2.6.1951;0;2
ISMETI;7;20.7.1956;1;6
AYZENET;3;19.4.1944;0;3
LEYLAYI;7;9.2.1966;0;7
SULESEN;3;7.7.1978;0;3
ZUVEYRA;1;18.1.1980;0;1
BELGUYA;1;16.1.1952;0;1
LIBABE;13;4.6.1953;0;13
ULUSAN;11;13.5.1970;10;1
SOZERI;8;15.11.1964;6;2
NEMZETTIN;2;13.12.1973;2;0
HALISGUVEN;1;29.1.1984;1;0
FAHRAMI;1;26.8.1983;1;0
GULYUSUF;2;5.1.1962;2;0
MEKKEHAN;4;22.7.1981;0;4
BURAY;28;18.1.1978;18;10
SAADI;4;1.3.1972;4;0
KUL;8;13.6.1964;6;2
ZUBEYIDE;37;14.12.1965;0;37
KAYAGUL;14;24.5.1967;0;14
ALDAM;1;27.7.1986;1;0
ERIK;27;5.6.1958;3;24
PERVINE;5;11.10.1972;0;5
GURMUS;1;22.10.1924;0;1
SEYYIDI;12;7.1.1960;11;1
TURNEL;8;20.2.1972;0;8
MEHTUBE;1;18.9.1980;0;1
BINYALI;20;25.2.1963;20;0
NURSEME;2;2.1.1963;0;2
MUDAFA;15;23.4.1968;10;5
ERSIM;13;20.11.1977;11;2
GULNISA;63;2.1.1963;0;63
BUREYDA;2;30.8.1984;0;2
UMUSU;7;29.7.1946;0;7
RIZAYI;1;21.1.1971;1;0
GULDONSUN;2;10.3.1972;0;2
BEKIRCAN;30;28.1.1984;30;0
CAFFAR;1;22.1.1975;1;0
SEMINAR;6;9.7.1970;0;6
TELLIDURNA;1;6.4.1933;0;1
KAYATURAN;1;26.11.1966;1;0
KAYYUME;1;26.8.1984;0;1
VAZIHA;50;18.8.1953;0;50
SONANA;1;24.6.1949;0;1
SUHEYYA;4;1.2.1973;0;4
HABIBIN;1;18.11.1987;1;0
EFRUMIYE;109;16.5.1959;0;109
UGURKUS;2;26.5.1948;0;2
DURAHATTIN;1;22.11.1961;1;0
KAHYA;32;15.6.1959;32;0
HATUK;125;22.11.1957;0;125
MEHRIHAN;9;13.11.1967;0;9
LALENDER;47;20.6.1953;0;47
ALPCAN;20;26.9.1983;20;0
GULFIRIZ;3;1.2.1967;0;3
FAZUL;27;29.10.1967;27;0
SERAFATTIN;7;21.9.1954;7;0
NUSAMETDIN;4;1.10.1962;4;0
EHMED;1;21.3.1978;1;0
SUMBANI;1;14.4.1971;1;0
KOLPERI;1;19.11.1955;0;1
SEHHALIL;2;8.3.1979;2;0
FIKRED;1;3.2.1969;1;0
MAKTUT;1;27.12.1968;1;0
TURAK;38;21.2.1941;38;0
MUSLIMIN;5;25.2.1968;5;0
ZEYNEBU;1;11.2.1957;0;1
RENGHIN;1;11.4.1976;0;1
MIRKELAM;30;5.10.1981;29;1
GULOYA;19;16.9.1976;0;19
RAISE;33;18.5.1966;0;33
YESIMAY;2;29.6.1970;0;2
VEZZIHA;9;9.4.1957;0;9
KANITAT;4;20.11.1968;0;4
BAYTEKIN;120;27.8.1967;120;0
MUNZIR;7;12.4.1973;7;0
FATIG;1;30.3.1980;1;0
ASMIN;198;14.4.1969;1;197
NARGULU;11;20.1.1966;0;11
ALPDOGAN;34;13.7.1973;34;0
H.MUSTAFA;49;20.4.1954;49;0
RAIM;255;9.11.1961;254;1
METAHAN;5;13.9.1986;5;0
GULEMAN;7;12.1.1967;0;7
GULPAZE;99;1.12.1960;0;99
ALPERTUNGA;33;1.4.1980;33;0
TALIMDAR;5;26.12.1964;5;0
UMUDIYE;29;4.2.1967;0;29
RUFAYI;47;10.10.1973;47;0
HURUFET;1;28.3.1942;0;1
TAYIF;8;28.7.1976;8;0
BALER;28;3.3.1969;27;1
NUTKAYA;1;26.9.1984;0;1
MINTANIM;1;9.4.1985;0;1
BURYANI;5;4.3.1970;4;1
ZORTURK;1;27.11.1953;1;0
VEZLIHA;1;30.1.1970;0;1
MAMIL;38;27.4.1957;38;0
KINAS;2;24.7.1967;1;1
ONVER;7;15.8.1954;7;0
SUVARET;1;3.4.1965;1;0
SEFUNUR;2;8.4.1951;0;2
IZMEN;8;20.1.1969;7;1
HUSEYINGAZI;6;3.11.1966;6;0
MINDEHAN;1;6.11.1967;0;1
NUTHUYA;1;21.6.1981;0;1
KAYAKIZ;93;23.9.1952;0;93
IKNAR;4;30.8.1965;0;4
YOLCAN;11;17.3.1975;1;10
ANAGUL;74;12.10.1967;0;74
ERHAMI;9;5.3.1969;9;0
PERENDE;2;25.7.1973;1;1
GULBUSRA;2;27.7.1990;0;2
SEMENUR;14;12.10.1974;0;14
HUDABE;1;7.4.1952;0;1
GONULDEN;34;19.11.1968;0;34
TAGLAN;1;27.3.1980;1;0
AYDOGMUS;13;23.2.1955;7;6
AYHATUN;69;29.9.1971;0;69
VEFANUR;5;9.7.1969;4;1
OLKAYTUG;1;17.7.1986;1;0
MILVAR;4;24.10.1950;0;4
ORHAT;1;4.10.1953;1;0
BIGENUR;1;14.6.1982;0;1
BEHIGUL;2;3.1.1960;0;2
BASAKNUR;4;14.9.1980;0;4
KERSTIN;3;22.10.1966;0;3
SEFIGE;17;5.10.1962;0;17
MUHYIDDIN;61;6.9.1960;61;0
CIRPAN;1;26.7.1979;1;0
MUKBULE;3;12.1.1978;0;3
NAHET;2;18.2.1963;1;1
H.BEKIR;22;23.3.1952;22;0
ABDULKADIM;46;28.3.1968;46;0
KEMALLETTIN;12;26.9.1972;12;0
HEMEN;14;25.4.1962;0;14
MEMIHAN;695;2.1.1968;2;693
SERGINAZ;1;19.4.1979;0;1
EFLAETTIN;1;11.4.1940;1;0
BURLA;11;11.12.1978;0;11
HAMUSE;2;20.7.1955;0;2
FAYSER;2;23.11.1978;1;1
HULBU;2;13.12.1948;2;0
NEZZADE;1;21.2.1945;0;1
SEFAMI;1;24.9.1975;1;0
KABAHAN;11;15.4.1949;0;11
LAHUR;4;20.2.1943;1;3
SUKAN;111;9.6.1978;104;7
NURNISA;61;1.6.1972;0;61
HENNE;20;22.9.1947;8;12
NARDAN;39;12.5.1966;2;37
NUMEYRA;2;13.12.1960;0;2
MEHMETMUSTAFA;5;27.2.1975;5;0
ILAL;14;27.1.1972;5;9
NAYZIR;1;2.2.1939;0;1
TILFINAZ;3;14.12.1949;0;3
SIZTEN;1;20.10.1938;0;1
ABTULMUTTALIP;7;4.10.1968;7;0
FULDE;6;25.4.1983;0;6
HUMAY;29;11.4.1974;0;29
APDULVAHIT;2;9.12.1957;2;0
BEYBOREK;8;18.12.1950;8;0
ANDI;3;8.2.1982;2;1
MUREFFA;2;3.9.1953;0;2
RACIHAN;4;11.8.1963;1;3
M.AFSIN;1;12.3.1982;1;0
NECAN;68;29.8.1965;15;53
ILHAMETTIN;59;18.4.1970;59;0
UMMUK;12;16.5.1960;0;12
REVZA;30;11.1.1973;1;29
MENEVSI;2;3.12.1971;0;2
HANEM;17;13.4.1960;0;17
KAMURAL;2;27.7.1955;1;1
NEFDAL;2;26.11.1984;2;0
BEDIGUL;26;28.6.1965;0;26
MUHRIS;2;22.11.1976;2;0
A.FIKRET;1;11.12.1966;1;0
AZEMET;75;17.5.1956;47;28
TOKES;1;1.1.1;0;1
KISELI;4;19.11.1937;0;4
GOK;39;22.8.1970;26;13
SEHALI;44;3.12.1956;44;0
NUHAL;28;21.9.1973;8;20
GAZZENFER;1;10.2.1972;1;0
MEYULDE;1;9.1.1946;0;1
LUGMAN;2;1.3.1957;2;0
UNAS;1;2.8.1939;0;1
SEVCA;5;17.3.1975;0;5
YAYLACI;21;9.12.1960;0;21
UFRET;8;19.6.1968;7;1
SELIFO;1;22.6.1961;0;1
SERRAF;11;20.7.1971;2;9
NEBIY;2;17.2.1962;2;0
AYFIRI;2;1.12.1971;0;2
ELIFHATUN;3;30.4.1974;0;3
GULANDEM;27;29.8.1963;0;27
IBADETTIN;17;24.8.1970;17;0
BAGGUL;17;11.8.1969;0;17
PEYKINAZ;1;7.8.1934;0;1
YONEL;25;17.4.1971;7;18
AHUGUL;9;26.5.1987;0;9
SIMALYILDIZI;1;8.9.1956;0;1
FAHREN;1;11.9.1970;1;0
MOHREDDIN;3;9.7.1964;3;0
NARZIYE;5;10.12.1962;0;5
ISABEY;8;24.2.1957;8;0
ZARULE;1;11.6.1975;0;1
SAHAMEDDIN;19;20.5.1953;19;0
GULDENE;39;13.4.1966;0;39
FEDLIYE;2;27.12.1947;0;2
SINAZER;22;9.3.1951;0;22
SEHABEDDIN;32;10.10.1964;32;0
NEDRED;15;8.2.1965;2;13
ARZUAYTUG;1;17.7.1978;0;1
BELDEHAN;1;10.1.1992;0;1
ARTAC;15;23.3.1972;13;2
HAFUZA;3;30.11.1969;0;3
CEK;2;22.3.1959;2;0
GUPERI;2;27.6.1980;0;2
ERTURI;3;14.9.1964;3;0
DIL;4;21.5.1964;3;1
KEBIHAN;20;29.11.1966;0;20
SERAYIH;1;26.5.1954;1;0
MADER;36;23.6.1953;0;36
ULUMSA;1;29.6.1962;0;1
NAYICE;1;7.8.1934;0;1
NERGIZHAN;5;21.8.1980;0;5
SONBAY;9;11.8.1969;8;1
HADIKA;196;20.7.1963;0;196
MOHRETTIN;27;16.8.1967;27;0
AZRAG;1;8.1.1978;0;1
FEYAMI;8;17.6.1976;8;0
ABDULKAYA;14;20.1.1956;14;0
RUHIBE;5;2.6.1952;0;5
SASA;9;13.1.1942;3;6
ANTIGA;9;4.11.1961;0;9
NAHURE;1;22.6.1967;0;1
FAYIKIYE;2;6.4.953;0;2
HASALIH;1;7.6.1979;1;0
OLKE;55;20.12.1960;0;55
GOKSAH;14;17.11.1987;11;3
SEVGIYA;4;26.4.1970;0;4
SUPAN;6;7.9.1969;1;5
HURMELIH;1;6.7.1961;1;0
BERTAL;127;15.1.1957;127;0
TALETTIN;14;1.3.1964;14;0
SAHZADEGUL;1;3.4.1945;0;1
GULFILEZ;1;9.3.1951;0;1
ABDULKAVI;3;22.12.1975;3;0
ZEMBENUR;1;13.4.1946;0;1
URGIYA;11;25.1.1955;0;11
GULUMHAN;25;23.10.1965;0;25
NARIC;6;12.10.1961;0;6
FILAY;44;6.11.1977;3;41
EVLUYA;1;9.6.1964;0;1
GOYSEL;5;17.7.1961;1;4
ERTORER;2;19.9.1946;2;0
SAHMIZAR;5;15.4.1951;0;5
OKYUNUS;1;28.3.1980;1;0
DILFURUZU;1;21.4.1948;0;1
ESMAI;7;11.8.1966;1;6
ERGULSUM;1;11.2.1951;0;1
MENZUHA;2;23.8.1957;0;2
DURDUFER;2;28.8.1975;0;2
PERSIYA;3;20.9.1975;0;3
APDULVAHAP;6;7.12.1967;6;0
ALPBORU;1;26.9.1991;1;0
CIGERGUN;1;21.3.1977;1;0
GOKSAD;6;6.10.1984;6;0
KORUTURK;32;7.9.1976;32;0
FIKRETHAN;1;4.4.1985;1;0
GULBAHTIYAR;2;16.6.1964;0;2
SUVEYRA;7;17.3.1977;0;7
SEMS;68;24.12.1969;44;24
ELMIYE;26;6.3.1961;0;26
ALPARSLANHAN;1;19.2.1990;1;0
MEVLID;33;9.1.1971;32;1
ISMETULLAH;261;3.11.1969;259;2
IOULIA;26;25.3.1976;0;26
SUHEYLAN;19;11.7.1962;2;17
AYGOR;42;1.4.1963;24;18
REGAYI;1;22.6.1987;1;0
MIRIC;1;17.2.1966;0;1
FIRKANI;16;13.11.1959;16;0
CEVDA;8;18.1.1971;0;8
ANIK;181;24.2.1946;0;181
NURHAS;7;26.4.1966;3;4
DOYLET;5;23.9.1960;2;3
KUTLUAKTAS;1;13.6.1989;1;0
ERSAIL;1;21.5.1953;1;0
HAZRETI;27;24.2.1968;25;2
AHPER;1;24.7.1980;1;0
ANAR;55;21.11.1974;28;27
MEHRINUR;25;17.11.1965;0;25
FERAMEZ;38;23.9.1968;38;0
DAHIYE;48;19.2.1960;3;45
GUNAYTEN;1;15.1.1945;0;1
AMINET;6;26.10.1949;0;6
YORDAN;13;2.10.1950;9;4
ILCIN;29;29.10.1973;7;22
ZARIFANA;2;3.8.1983;0;2
MUTTELIP;10;7.8.1966;10;0
TEBERRUK;33;23.11.1956;0;33
ZAMHANUR;2;6.1.1964;0;2
IRADA;55;28.4.1970;0;55
MEVLANI;15;17.4.1975;15;0
SELVETTIN;24;8.4.1961;24;0
BASU;3;28.1.1970;1;2
NAFUZ;5;17.8.1973;5;0
ENEKIZ;1;8.12.1944;0;1
ASIKER;10;30.8.1972;0;10
IMIRHAN;4;20.10.1959;1;3
TEBINUR;1;2.2.1957;0;1
GULSUMEN;12;25.10.1976;0;12
SITEMKAR;34;19.6.1959;27;7
DONSENEM;1;11.8.1987;0;1
EDEVE;1;6.4.1960;0;1
DONERGUL;17;21.2.1971;0;17
MEYTAP;34;28.3.1974;0;34
SALEBE;1;1.1.1981;0;1
TUGSAT;11;16.1.1977;11;0
ABUDUN;17;24.10.1973;17;0
TUNALI;8;30.4.1973;4;4
NECMET;14;4.4.1955;12;2
GULALDI;2;14.9.1965;0;2
NIMETHAN;2;12.10.1989;1;1
AYLIL;10;14.12.1976;0;10
MUDERRIS;23;22.2.1964;23;0
MAKBUSE;4;6.1.1966;0;4
KURES;29;12.12.1961;29;0
MEVLUS;15;30.9.1964;0;15
EGLEM;22;24.6.1980;1;21
MADINA;26;6.9.1972;0;26
KUBURA;9;29.4.1964;0;9
ANSAGUL;11;27.2.1971;0;11
SURUM;3;23.11.1948;1;2
FAMETTIN;24;20.7.1961;24;0
TUYKUN;2;1.9.1950;1;1
NERDANIYE;1;7.2.1952;0;1
MELIFO;1;22.6.1961;0;1
SIMSAR;4;5.5.1948;0;4
NURITE;2;21.3.1966;0;2
SECA;11;18.6.1972;3;8
NATICE;31;23.1.1972;0;31
BIDAYET;42;17.3.1960;17;25
FEVZANE;5;20.11.1969;0;5
MIRACA;2;29.6.1974;0;2
ENEM;1;26.11.1984;0;1
INZEHAL;1;7.5.1981;0;1
ADISABAH;1;11.4.1938;0;1
SEPIN;3;8.5.1977;0;3
ABDULYAVUZ;1;25.3.1964;1;0
AYDINERDOGAN;1;16.10.1973;1;0
TAATTIN;2;7.3.1962;2;0
HILARAY;1;2.3.1991;0;1
OSMANI;12;17.5.1961;12;0
BEVIN;8;17.5.1965;0;8
YURTTAGUL;19;6.8.1958;0;19
NEVSANE;4;29.3.1969;0;4
TALAY;45;12.7.1970;33;12
GULTUG;31;19.1.1974;0;31
GULAK;1;3.2.1959;0;1
YILISEN;3;26.1.1969;0;3
OKSAR;20;6.7.1969;11;9
SEHRIBANA;1;24.6.1967;0;1
IKBARHAN;1;9.5.1990;1;0
BIRYAZ;2;22.2.1979;0;2
ADILEMERYEM;1;5.10.1974;0;1
MEHMETPASA;2;2.9.1977;2;0
CUBUK;21;20.6.1943;1;20
EMENTU;14;21.11.1969;0;14
AFEN;2;30.5.1969;1;1
NARIZE;15;19.3.1954;0;15
SIMEL;65;10.8.1976;0;65
GURREM;3;17.11.1955;3;0
BILGECAN;26;16.1.1988;10;16
RONDA;1;11.4.1976;0;1
NURBIBI;13;18.7.1963;0;13
HANIGUL;5;16.7.1955;0;5
MUNUNET;1;23.5.1943;0;1
MUSEMBE;19;10.8.1956;0;19
REHIDA;2;22.11.1970;0;2
GULSEHAR;13;23.3.1955;0;13
KOPARAL;15;30.8.1954;15;0
GULAYA;8;10.6.1969;0;8
BILKARIZ;1;26.3.1943;0;1
TEYIBA;8;25.3.1962;0;8
TEYMEN;110;18.11.1972;108;2
EFRANIYE;1;17.7.1966;1;0
HUDAVEND;2;22.11.1986;0;2
TUGSER;15;15.9.1981;12;3
HEMMIGUL;2;9.10.1973;0;2
SIZEL;2;25.11.1976;0;2
HACIFAIK;1;26.6.1932;1;0
ZURUYE;78;27.6.1959;7;71
FEZAY;18;30.6.1973;2;16
IHSANULLAH;3;30.6.1983;3;0
ZUHRAP;40;13.10.1956;40;0
ADEMI;10;13.4.1974;9;1
NENEKIZ;2;19.5.1959;0;2
ZURA;50;24.2.1958;0;50
MUNRIYE;1;11.4.1936;0;1
MESURAY;1;2.5.1970;0;1
NURISER;67;15.3.1953;0;67
ZEYCANI;3;19.9.1959;0;3
ABDULMALIP;1;24.9.1967;1;0
NOMEN;46;12.2.1965;46;0
SEHADEDDIN;1;11.1.1971;1;0
NUTI;1;22.2.1967;1;0
NARDANELI;1;28.3.1944;0;1
MAHNUR;135;24.10.1960;0;135
HICLAN;5;4.9.1970;0;5
SAFERAN;1;11.2.1967;0;1
AYDENER;7;18.6.1967;7;0
ESUG;1;17.6.1955;0;1
ARTUR;69;22.5.1976;69;0
BOGUS;7;14.9.1954;7;0
BUIS;1;2.1.1960;0;1
GURPER;4;23.3.1970;1;3
SEKERBANI;2;25.11.1949;0;2
AGAVNI;250;7.11.1946;0;250
SAHIDAT;3;7.8.1299;0;3
UNGOR;14;20.10.1961;12;2
BULUTHAN;16;29.12.1982;16;0
GULCECAN;2;9.4.1989;0;2
MUSUN;7;25.1.1957;4;3
TESLIK;1;6.2.1953;0;1
GULZEHRA;31;7.1.1969;0;31
NESIJ;5;21.5.1985;5;0
DEFINE;21;17.7.1973;0;21
ZEMHANIM;1;21.4.1969;0;1
HURUMET;5;23.7.1970;0;5
AYSAT;26;5.7.1979;16;10
MUHRETTIN;12;28.3.1958;12;0
KOHER;16;14.6.1947;0;16
AZGUL;22;3.11.1971;0;22
YUZGULU;1;2.2.1981;0;1
TELEK;8;8.2.1957;0;8
ADALI;32;19.11.1950;2;30
PELUZA;22;4.2.1961;0;22
BINGULGULSEN;1;7.1.1943;0;1
MUPTELA;9;22.9.1950;0;9
PEKSEVER;1;26.2.1963;1;0
TOMBULA;12;7.6.1953;0;12
MUHEYYA;21;2.11.1958;1;20
NERMIZ;6;6.8.1953;1;5
BISMIL;11;11.1.1971;7;4
ASUNUR;6;2.7.1980;0;6
SEMEKTIN;1;2.8.1939;1;0
YURDACAN;82;1.10.1962;46;36
MAZIZ;28;16.2.1957;2;26
HALIN;2;6.10.1973;0;2
RACIBE;57;26.9.1964;0;57
RUHNAZ;96;24.4.1959;0;96
GULMELAL;1;13.11.1965;0;1
ESANE;1;26.4.1981;0;1
BURHANIDDIN;3;13.1.1957;3;0
RUKEYA;1;21.7.1977;0;1
TOYGAN;20;23.3.1978;20;0
BAHAY;1;19.2.1983;0;1
SEYHZANE;1;16.1.1946;0;1
SONGULER;14;1.3.1969;0;14
TAGIDDIN;1;22.5.1943;1;0
ERICA;3;9.8.1954;0;3
M.GURBUZ;1;17.8.1955;1;0
SUKRIYI;1;12.8.1923;0;1
ABUSEYIT;2;20.3.1979;2;0
HUDEYFA;2;28.8.1986;2;0
OKSAY;19;6.2.1975;7;12
BEDAYI;4;9.12.1958;3;1
OMER.I;1;8.11.1951;1;0
RASIMIYE;12;19.11.1965;0;12
MARZI;26;15.1.1951;0;26
CENKTUG;1;7.10.1984;1;0
HIKMETHAN;1;11.2.1933;0;1
NURDAGOR;1;1.3.1943;0;1
IKBALI;6;14.8.1960;1;5
ESENUR;11;5.6.1980;0;11
ASGUL;45;15.6.1957;1;44
IMMIGUSUN;2;27.7.1961;0;2
MUBEYEN;30;23.2.1960;0;30
GULEYDE;17;17.1.1973;0;17
ATABEK;18;19.6.1974;18;0
KEZUK;5;12.3.1962;0;5
HOZNA;7;17.2.1957;0;7
OMERILFARUK;3;21.5.1959;3;0
ERARSLAN;70;14.2.1971;70;0
MAKSURE;24;18.1.1948;0;24
ELATTIN;60;10.11.1958;60;0
GOSEN;17;18.10.1957;2;15
SAYBA;20;25.3.1967;0;20
SERDAI;2;18.2.1968;2;0
SUFAT;41;2.6.1965;35;6
LEYLAGUL;17;4.8.1973;0;17
MUJFAN;1;9.8.1981;0;1
SATANAY;6;18.6.1976;0;6
NISAGUL;3;18.8.1972;0;3
SILBER;4;20.7.1966;0;4
FIRDEVUS;10;27.2.1969;0;10
ZERDAL;35;8.7.1974;28;7
ILMUYE;1;4.3.1957;0;1
BAHACAN;15;5.5.1988;13;2
EYICE;47;9.5.1960;0;47
TURANAY;5;29.12.1976;3;2
BABEY;4;11.10.1946;4;0
PELENDER;1;22.4.1959;1;0
ZUHIYLA;1;27.11.1974;0;1
BEZEY;20;1.1.1946;1;19
SEMINAL;4;18.8.1981;0;4
YASEGUL;24;28.8.1975;0;24
GULUK;9;22.6.1948;0;9
AYGUNER;52;6.12.1965;9;43
ILKAT;27;3.2.1968;11;16
BOYUKHANIM;1;20.6.1941;0;1
FADENE;1;19.4.1947;0;1
TARIH;31;9.10.1971;29;2
MAHSUDIYE;12;10.11.1967;0;12
SAHARGUL;3;19.1.1948;0;3
CERENAY;4;16.12.1990;0;4
BAHARGULU;5;10.3.1970;0;5
BEYZAR;30;19.8.1956;0;30
TEKDAL;5;27.11.1976;5;0
SADELE;1;30.5.1976;0;1
KIPRA;16;19.5.1958;0;16
BAHSET;63;20.8.1969;62;1
HURMENEK;1;1.11.1962;0;1
UMISA;2;5.5.1943;0;2
NUSVART;1;4.8.1937;0;1
TECER;27;20.9.1971;25;2
KIRKORIK;1;16.6.1938;1;0
SULBIA;1;16.9.1982;0;1
BILIMER;3;22.5.1977;3;0
HAMMA;201;16.10.1957;0;201
FERHUNLE;1;3.5.1947;0;1
FADLIYE;194;5.12.1954;0;194
YEKVART;10;10.1.1954;10;0
AKDEN;12;5.5.1970;0;12
SENYUREK;1;1.11.1970;1;0
SOYGAL;1;19.11.1968;1;0
ARMIN;31;15.9.1955;17;14
BIYAN;11;23.4.1962;3;8
DEHRI;21;4.8.1965;21;0
SAHIDIYE;11;5.3.1957;0;11
VARTUHI;154;7.1.1946;0;154
MUSAYI;29;11.11.1962;29;0
HURNISA;8;23.2.1956;0;8
NIHAYI;11;28.3.1972;11;0
ORKUT;78;16.12.1982;78;0
MAVSAN;13;3.7.1942;0;13
SUMEYYEN;17;26.1.1983;0;17
USEMA;5;16.12.1981;5;0
NURUVVET;7;8.1.1975;0;7
BADEY;3;8.4.1960;0;3
MERZUN;2;9.8.1970;1;1
HEKIMHAN;8;4.3.1974;5;3
SENBIR;19;8.8.1970;2;17
MELUDE;10;14.8.1977;0;10
SEBEHADDIN;9;1.2.1955;9;0
GULHAME;5;13.11.1957;0;5
IMIN;29;3.4.1964;18;11
GULSUMUN;3;20.2.1983;0;3
HAFIZET;4;2.3.1955;0;4
GULEVAT;5;5.8.1953;0;5
GULFIRUZ;13;14.3.1972;0;13
ESEMI;4;17.8.1965;3;1
TEKAMUL;2;3.5.1978;2;0
EBIK;6;26.10.1954;0;6
MUYESSE;161;3.3.1964;0;161
TILAVERGAZI;1;6.5.1969;1;0
OZBILGIN;3;25.10.1975;3;0
AYA;7;9.9.1964;0;7
REVZAT;8;15.3.1957;0;8
AYKUN;60;19.7.1981;49;11
ENGINAZ;18;15.4.1966;0;18
OLCAYHAN;3;15.4.1974;3;0
MANSURI;15;29.11.1968;15;0
ILAZIYE;1;26.4.1959;0;1
GULNIYMET;1;26.12.1948;0;1
ANGI;1;12.9.1977;1;0
SUHEYRA;4;28.10.1981;0;4
HULBIZ;1;21.2.1956;1;0
BERYA;19;23.2.1978;0;19
ULRUYE;1;1.5.1972;0;1
MEHETTIN;47;17.4.1962;47;0
EZAMETTIN;5;15.10.1959;5;0
RUFIGUL;3;25.7.1970;0;3
MINKER;3;12.7.1967;0;3
DENKSIZ;2;1.8.1946;0;2
VELATTIN;7;14.3.1960;7;0
ZUBEYYA;13;3.10.1967;0;13
TUTEK;45;29.12.1955;0;45
FETANE;155;5.4.1961;0;155
NURMINE;6;1.9.1971;0;6
ARMANUHI;6;23.12.1944;0;6
HERIKNAZ;5;22.2.1935;0;5
NESLINUR;87;7.5.1979;0;87
AYSEPINAR;3;27.11.1986;0;3
MIYHANIM;2;24.7.1943;0;2
SEZIHA;6;29.1.1958;0;6
ILBEGUM;1;17.8.1978;0;1
CUNAY;6;8.10.1972;6;0
DIKCE;4;17.12.1982;4;0
GUSEREF;1;2.4.1963;0;1
EBUS;1;27.8.1920;0;1
ADIME;18;13.9.1962;0;18
GULSENDE;17;5.7.1959;0;17
CILHAN;6;14.1.1966;1;5
FATMAGURSEL;1;6.8.1948;0;1
MUALLAKIYA;1;5.4.1964;0;1
AYTUNA;54;4.6.1973;12;42
NAZLIGULSUM;1;10.8.1986;0;1
SAZEYI;2;7.11.1970;1;1
PERISEN;4;14.11.1961;0;4
NIGMETULLAH;35;20.11.1971;35;0
YETIK;17;18.1.1959;8;9
MEHRIMAH;6;17.1.1963;0;6
FEDIME;1699;14.9.1957;0;1699
CUMUYA;8;14.8.1969;8;0
ZENNURA;12;11.5.1960;0;12
CESIN;4;20.4.1980;4;0
NEMIS;1;11.9.1950;0;1
TAHRAN;9;16.11.1973;5;4
SAYITER;1;28.11.1977;1;0
ARDANER;1;16.3.1962;1;0
FAYESTE;1;10.4.1983;0;1
DODUS;1;26.6.1973;0;1
EKSAL;2;25.12.1961;1;1
APULAGA;1;2.8.1921;1;0
NADIYNE;1;8.8.1987;0;1
ABDULLAGAZI;1;13.2.1977;1;0
DOKUZOGUZ;1;2.7.1979;1;0
GULNANE;5;8.12.1949;0;5
HAZIYNE;1;23.2.1967;0;1
EMSAR;15;23.3.1969;7;8
GISELI;1;9.10.1930;0;1
ZENET;7;10.10.1959;1;6
SUBEYHAN;4;1.6.1956;0;4
GULSENDEN;1;1.6.1953;0;1
MIHTAD;18;28.12.1968;18;0
TEYKA;1;15.9.1960;0;1
ABDULFET;4;24.9.1955;4;0
GULSEPTI;1;19.7.1985;0;1
GUSMA;2;24.5.1965;0;2
MAHBILE;13;16.2.1967;0;13
USKEL;7;27.12.1957;0;7
APO;12;3.3.1952;12;0
ZENGUL;21;24.8.1960;0;21
SEFKIN;1;13.8.1951;1;0
BERNAL;7;20.12.1975;1;6
SOYLA;63;29.3.1968;0;63
ABDULVEHHABIGAZI;1;23.3.1963;1;0
SEYFIRAZ;1;13.5.1963;0;1
NEFNE;3;2.5.1984;0;3
AYSEBALKIZ;1;21.12.1947;0;1
NAZIRYE;11;24.1.1964;0;11
CEMILET;2;17.4.1950;0;2
GULNURE;2;10.10.1969;0;2
GULFUZE;11;30.6.1961;0;11
BURHANGAZI;5;5.2.1966;5;0
GULYASEM;6;15.3.1953;0;6
KULERSIN;1;24.9.1950;0;1
MENZUKA;2;4.6.1953;0;2
MUZEYCA;1;24.5.1965;0;1
MUDTALIP;7;24.10.1953;7;0
KAYTAN;65;1.5.1956;6;59
GULSACAN;2;14.4.1944;0;2
YELTEKIN;21;17.2.1971;21;0
REISA;1;6.3.1957;0;1
Z.TUNCER;1;5.8.1972;1;0
NEJLAHA;7;20.2.1953;0;7
BINNURE;2;10.1.1955;0;2
HASBIKE;127;25.3.1964;0;127
SEMIS;12;19.1.1958;2;10
CANKORAY;4;18.1.1986;4;0
YORUM;3;28.9.1991;1;2
UMMUCIHAN;1;21.5.1961;0;1
ABTULVAHAP;1;7.3.1956;1;0
NURYIL;6;15.4.1980;0;6
MASUTA;2;22.7.1974;0;2
SERDANE;33;24.12.1971;0;33
NURSENA;82;12.6.1982;0;82
NEMIR;11;20.11.1965;7;4
MUFIKA;12;23.7.1946;0;12
ZULHIYE;26;25.7.1960;0;26
PARIHAN;4;22.6.1970;0;4
DUYCAN;4;3.6.1983;1;3
SITAYIR;3;6.2.1962;2;1
ZIYEATDIN;1;14.4.1953;1;0
LEBRIZ;32;13.12.1976;0;32
SENKAYA;14;18.1.1960;11;3
CENIL;5;10.10.1966;5;0
SIYERE;1;17.8.1936;0;1
MUHACIR;361;25.8.1965;325;36
SONDAY;5;1.11.1973;1;4
AISET;13;13.2.1938;0;13
CLAIRE;20;8.4.1973;0;20
ORKUNHAN;2;9.3.1982;2;0
ELFEDA;32;1.6.1970;0;32
HUMIRA;5;22.12.1953;0;5
TACIT;62;1.2.1967;62;0
AYTENGUL;9;8.5.1970;0;9
GULSEHA;1;18.9.1985;0;1
NABILE;36;29.11.1964;0;36
LERKIZ;2;29.2.1955;0;2
HICRETHAN;5;24.6.1979;1;4
MUDAT;6;17.2.1969;6;0
SARETTIN;9;14.5.1971;8;1
NARIMET;1;7.11.1951;0;1
MUGNIRE;2;4.1.1947;0;2
IMRANI;12;18.9.1962;7;5
OTAGAN;1;28.12.1990;1;0
BIRSENIN;1;23.7.1981;0;1
H.ISMAIL;14;15.11.1942;14;0
GULSIFE;10;16.5.1963;0;10
TERANI;1;23.10.1976;1;0
MEHDUN;6;27.12.1972;4;2
FETTANE;40;5.3.1953;1;39
MAYLA;30;5.5.1959;0;30
IMMIHA;1;16.1.1981;0;1
MANSURU;2;9.12.1965;2;0
MIHRALIBEY;2;24.4.1967;2;0
MEVFUS;1;4.3.1951;0;1
HANPERI;229;4.9.1956;0;229
SEFULI;1;1.3.1983;0;1
GOKSELI;10;14.1.1973;0;10
KERIYME;10;1.1.1970;0;10
SELMATA;3;25.5.1967;0;3
VARDA;8;24.12.1958;1;7
MENEKSEGUL;11;24.3.1975;0;11
SAHUDAR;2;15.10.1936;0;2
AHTEN;5;23.6.1949;1;4
SERGULU;2;16.1.1971;0;2
SEHERGULU;13;30.5.1963;0;13
GULFERUZ;13;2.9.1960;0;13
ABDULKADRI;15;18.5.1964;15;0
VERETTIN;1;14.10.1970;1;0
MITHAD;21;27.8.1970;21;0
AHI;24;28.2.1968;14;10
SENANUR;41;8.4.1985;0;41
FETAHME;1;27.8.1914;0;1
IBADE;8;30.2.1954;3;5
ZUBAYIR;2;26.8.1957;2;0
MENEVSA;1;2.2.1981;0;1
AMENTU;3;5.2.1958;0;3
TESILME;4;9.2.1954;0;4
MIHRIZAT;27;18.11.1953;0;27
HIGAR;1;6.5.1989;0;1
HERGUNAY;3;25.10.1962;1;2
MEHRIALI;5;4.11.1948;5;0
MEHAP;3;12.12.1987;1;2
MUDDEL;1;11.5.1960;1;0
KABEGUL;1;19.9.1989;0;1
KOFAR;2;21.12.1967;0;2
SELCIHAN;5;26.11.1977;1;4
EMURHAN;3;25.10.1965;2;1
ASILI;13;18.4.1961;0;13
EMLIA;1;1.11.1967;1;0
ENAS;9;9.1.1977;7;2
KAYAYURT;2;12.8.1955;2;0
KAYGUL;1;5.4.1986;0;1
NEZLER;2;1.8.1952;0;2
LESTIHAN;3;30.6.1973;0;3
MENDUK;3;4.5.1965;2;1
PIRVARE;1;7.8.1928;0;1
BENZADE;20;1.11.1964;13;7
MUHSILE;2;6.7.1970;0;2
HUMAYIM;2;9.11.1953;0;2
KADE;18;23.1.1964;0;18
EMIRULLAH;15;28.2.1969;15;0
MEHRISAN;13;16.6.1973;0;13
NAAMHATUN;1;28.4.1956;0;1
YETERGUL;65;25.8.1973;0;65
GULSABRIYE;1;5.10.1974;0;1
DONZER;1;22.6.1979;0;1
CAFAT;2;9.6.1964;2;0
TEBERUK;22;13.9.1954;0;22
KAYAGIZ;1;19.9.1952;0;1
HAFIZETTIN;3;19.10.1962;3;0
KAYADUDU;2;16.5.1957;0;2
VEYDA;4;8.10.1972;0;4
KEZBIAN;1;1.11.1965;0;1
MUCADAT;1;22.8.1990;1;0
MERDAY;5;5.11.1966;5;0
SAHMERT;3;4.11.1976;3;0
HARDANE;1;21.11.1983;0;1
OEMER;1;26.2.1991;1;0
TESIBE;1;17.8.1983;0;1
MADUMAK;1;22.2.1961;0;1
BEHLER;1;10.6.1987;1;0
KURCU;18;14.11.1947;0;18
ETCE;1;16.3.1941;0;1
HIBADULLAH;1;6.4.1933;1;0
SEFURIYE;26;18.1.1966;0;26
SUBUHA;2;16.4.1967;0;2
UZEYBE;7;18.12.1957;0;7
ABDULSEDDAR;9;4.5.1975;9;0
KOCABEY;43;19.11.1956;43;0
MUHUBBE;16;2.8.1961;0;16
HUSNUCEMAL;175;4.10.1963;0;175
MOHUBET;65;2.4.1962;1;64
SAIL;11;8.6.1966;10;1
CELLAT;16;22.5.1960;16;0
ADIBAL;17;25.8.1965;16;1
CECI;127;21.2.1948;0;127
MATANAT;26;10.8.1969;0;26
HAMUGUL;1;1.1.1;0;1
UMNISE;2;30.9.1970;0;2
BAYRAMAN;2;18.7.1958;0;2
MUHU;13;27.6.1936;13;0
AGCAGUL;16;14.1.1966;0;16
MELAYIP;5;15.6.1959;5;0
AZIMETTIN;3;1.7.1968;3;0
ERBAH;2;15.2.1973;2;0
M.HAKKI;8;11.11.1953;8;0
SAHRUZAT;2;15.4.1946;1;1
TABIAT;18;27.4.1970;2;16
GOGUS;158;1.1.1956;18;140
LIHAN;7;14.1.1969;0;7
ZIYNETIN;7;22.4.1963;0;7
TUTYALI;2;22.11.1936;0;2
GOGGUL;1;8.8.1933;0;1
AHLET;2;27.7.1973;2;0
APTU;1;7.11.1964;1;0
EMRAHHAN;3;23.4.1983;3;0
TIMUCINHAN;7;29.5.1978;7;0
KEMERRUH;12;4.10.1956;0;12
TAIB;5;7.9.1969;5;0
SAFIZER;4;3.2.1944;0;4
SERIUL;1;11.4.1963;0;1
NEERIMAN;1;29.6.1942;0;1
TUJAN;2;15.5.1975;1;1
MUGMUN;1;7.12.1972;1;0
CERCISE;1;30.10.1946;0;1
NAHSEN;430;8.7.1970;430;0
ESIR;6;4.12.1968;5;1
GOKCEGUL;24;28.6.1984;0;24
ZEYTINE;8;16.11.1957;0;8
KUBRAY;9;27.1.1985;2;7
KIRMIZIGUL;10;7.10.1955;0;10
MUSTAFAHAN;2;4.7.1985;2;0
AYCICEK;60;15.3.1955;0;60
AYDAY;1;19.2.1978;0;1
SEVDULLAH;2;6.11.1956;2;0
ENGINSEL;1;15.4.1954;0;1
SALIYHA;1;21.2.1959;0;1
KAMILA;24;17.12.1972;0;24
ZAMIRET;5;27.9.1957;0;5
GULMENEVSE;6;24.4.1966;0;6
USMIYE;1;18.12.1943;0;1
ABINUR;31;16.4.1959;0;31
ABDULMUHTALIP;34;12.4.1977;34;0
GOKTOLGA;3;17.10.1979;3;0
MUKADDET;10;3.9.1964;0;10
VERDEN;2;3.11.1972;1;1
ISMETA;45;19.11.1956;0;45
CONSTANTIN;2;21.12.1975;2;0
EFSAL;68;17.8.1961;58;10
HAVILE;25;22.5.1957;0;25
YAVUZTURK;3;21.5.1987;3;0
GULSHAT;2;26.11.1976;0;2
ARICAN;14;27.1.1973;12;2
MUMTEHA;18;20.8.1968;0;18
GULSEMIYE;2;23.3.1961;0;2
TAFIL;27;8.5.1954;27;0
LIVEYDE;3;2.4.1967;0;3
FAYTON;14;11.8.1951;0;14
MISIRE;8;11.4.1964;0;8
GULSALIYE;4;17.4.1954;0;4
NUTVIYA;1;6.4.1948;0;1
ERHAYAT;10;12.10.1968;10;0
TANRIKUT;7;24.12.1966;7;0
AGCABAL;2;7.2.1964;2;0
ZULCE;23;4.9.1958;0;23
ASENE;15;15.8.1966;0;15
MUHTAREM;8;6.11.1966;4;4
SOFA;2;19.9.1973;1;1
HURUSAN;38;4.6.1962;13;25
MEFRUZE;22;20.1.1959;0;22
YALCINALI;1;27.11.1962;1;0
CENIBE;44;14.2.1958;0;44
BAYDAN;4;7.5.1968;1;3
SEZERALI;1;13.2.1987;1;0
TEFEYDE;1;8.7.1933;0;1
GULSAYAT;2;26.12.1955;0;2
ZULICE;18;13.5.1952;0;18
AKYER;1;21.6.1944;1;0
SIYAMIS;1;7.5.1970;1;0
KARABAYIR;1;2.3.1948;1;0
ZERBAHI;4;17.3.1960;0;4
ABDULHAKEM;5;11.1.1969;5;0
MAAVIYE;1;27.8.1926;0;1
DASBEY;12;19.1.1967;12;0
TUDUYA;7;25.8.1960;0;7
HOSNAZE;10;24.1.1955;0;10
ZURUCE;4;13.6.1949;0;4
EZMUR;2;13.2.1957;1;1
KAFAYET;1;27.3.1944;0;1
SUNMANI;34;28.9.1963;34;0
ZEBRAHI;1;25.9.1985;0;1
UNMAN;4;12.6.1966;1;3
DURASLAN;4;3.7.1975;4;0
NESIHAN;13;10.1.1973;0;13
PERILER;1;13.4.1959;0;1
NEVSEN;31;25.11.1969;1;30
DONCAN;4;24.8.1977;0;4
MELUR;5;7.3.1971;3;2
HASMAT;1;7.2.1970;1;0
SEYFIRE;3;23.7.1966;0;3
MAUS;19;20.10.1959;0;19
YAYLABEYI;26;23.1.1958;26;0
ISABALI;48;22.4.1955;48;0
SEYFUR;6;17.4.1953;3;3
SAHIMET;5;8.1.1954;0;5
MEHUGUL;1;19.2.1966;0;1
HAKIBEY;1;19.2.1957;1;0
ZULKER;127;2.7.1962;124;3
SUNAYLI;2;26.6.1972;0;2
EVNIYE;21;7.3.1963;0;21
CESMEGUL;5;3.11.1978;0;5
PARI;15;24.10.1960;2;13
SULH;8;12.1.1964;6;2
GURDENIZ;44;10.11.1970;44;0
HAYRETBAY;1;13.2.1947;1;0
SRI;2;20.7.1968;0;2
ONGUR;6;29.10.1968;5;1
MAHMUZE;5;3.1.1958;0;5
ELAEDDIN;35;11.5.1949;35;0
MAGLUBE;2;1.3.1948;0;2
SEVTAL;1;6.4.1981;0;1
GUNLURE;1;18.4.1960;0;1
NADIGAR;38;23.8.1967;0;38
GULDENNUR;4;2.4.1966;0;4
GULMINET;11;25.5.1973;0;11
TASMAN;3;2.7.1961;3;0
GULBEHAR;40;30.12.1950;0;40
SUDUS;3;25.12.1953;0;3
ZULFIAY;1;12.8.1982;0;1
ZELKIYE;2;10.12.1943;0;2
SAHANIM;65;15.9.1955;0;65
ILKKAN;103;5.12.1984;97;6
SECME;22;11.3.1969;1;21
SHARABANI;2;20.10.1969;0;2
BIRHANIM;11;9.9.1963;0;11
TANYAR;8;8.4.1971;8;0
BEZADE;6;19.6.1954;0;6
NESIMIYE;6;25.1.1950;0;6
SAKIF;21;6.11.1972;21;0
VEDAYI;4;21.3.1965;4;0
MOHRALI;11;12.8.1965;11;0
KETEAYUN;1;7.12.1980;0;1
BUNYANI;13;15.6.1966;13;0
BENGIHAN;10;20.1.1976;2;8
FANI;180;5.10.1957;85;95
GULSAFAK;9;15.9.1973;0;9
URULAY;1;8.12.1986;0;1
NIGDIYE;2;13.6.1967;0;2
FARUZ;4;1.2.1962;4;0
ELVIYE;25;7.9.1954;0;25
GENAR;5;13.5.1979;4;1
MIHMAIL;40;30.9.1964;39;1
ORKAY;15;19.7.1980;15;0
HUMMAYUN;1;2.3.1960;0;1
SULHHAN;2;14.9.1984;1;1
LISTIYE;1;13.11.1970;0;1
NAZIFET;15;8.8.1959;0;15
BASSI;5;21.6.1962;0;5
TEHMIL;1;9.10.1975;0;1
GULNABIYE;3;24.10.1943;0;3
PERZA;6;15.6.1954;0;6
DESTENAZ;1;22.2.1991;0;1
MINNA;5;28.2.1972;2;3
BAHADUR;23;14.1.1971;22;1
YENIDUNYA;80;10.1.1969;1;79
EBAHIZE;2;7.2.1952;0;2
RAZET;5;30.10.1944;1;4
APPAS;21;2.9.1956;21;0
ERPIL;19;5.1.1973;5;14
BESLAN;10;4.4.1954;10;0
EMSALI;21;23.1.1973;12;9
VAHTET;16;23.12.1973;16;0
MOHREDIN;2;8.9.1970;2;0
MEVLUTHAN;30;12.2.1952;10;20
MINNURIY;1;23.6.1951;0;1
ERGUDEN;42;1.9.1958;42;0
BUGAC;2;23.3.1972;2;0
IRZA;39;7.6.1959;39;0
UHRUC;3;13.1.1953;0;3
CANSES;24;5.2.1975;3;21
LERGIZ;7;22.5.1963;0;7
NERDAN;5;3.8.1975;2;3
NIGAHBAN;9;6.11.1938;0;9
ZIYKIYE;2;14.8.1972;0;2
BEHSIM;2;27.5.1961;2;0
ANZOR;1;23.4.1950;1;0
ENSON;5;1.3.1969;3;2
KOKER;16;27.5.1962;15;1
KIBARCAN;6;25.8.1952;0;6
OZKAYA;20;25.6.1950;20;0
ALIMERT;6;16.5.1980;6;0
ZEKARYA;63;30.4.1962;63;0
SEFINUR;14;18.5.1964;0;14
EFTALYA;7;12.1.1970;0;7
TIGMUR;2;15.12.1970;2;0
RUSSET;1;8.3.1981;0;1
MEJDANIYE;1;26.9.1976;0;1
NEBO;34;23.3.1938;34;0
GIZZEM;12;1.6.1990;0;12
SEMRAGUL;19;4.11.1974;0;19
ZULU;2;26.2.1963;0;2
MUHUDDUN;3;4.7.1961;3;0
SINEMIZ;7;9.1.1982;0;7
HATUT;1;22.8.1931;1;0
ZEHINUR;1;6.7.1973;0;1
SONCILE;2;17.8.1979;0;2
KAFIL;3;26.5.1961;3;0
TURIL;5;8.3.1964;5;0
SEFTALI;20;11.10.1960;0;20
MAGSEKER;1;17.6.1948;0;1
HACIZ;2;7.5.1974;0;2
SAFAYDIN;3;23.1.1969;0;3
KAMERCIL;1;27.8.1920;0;1
REHAL;9;7.3.1962;2;7
TUGSAD;6;10.5.1984;6;0
FERMIDA;1;6.4.1926;0;1
MUSADER;1;21.10.1988;1;0
SIMZAR;34;6.6.1953;0;34
BESIHAT;1;2.2.1937;0;1
HANGERI;3;18.4.1960;3;0
PRENSES;25;22.5.1977;0;25
AHMEDIRULLAH;1;1.4.1977;1;0
ENISUL;2;3.11.1974;2;0
ESSELAM;2;24.1.1985;2;0
GUDDUSI;45;8.9.1964;45;0
NEVZATTIN;18;27.12.1956;18;0
SERDARI;8;15.7.1966;7;1
SEMAHIYE;3;17.6.1959;0;3
HASRAT;6;12.12.1963;2;4
MESMEHATIN;1;29.3.1962;0;1
MUZEYFE;63;11.7.1956;6;57
GORHAN;11;26.6.1976;10;1
BAHI;5;13.9.1956;3;2
YAYLAHAN;2;28.9.1977;0;2
SEAN;3;13.6.1986;2;1
ASIRI;6;24.3.1964;3;3
EMATULLAH;21;24.11.1959;0;21
MEVIS;49;4.4.1958;0;49
UMMUHANLI;2;20.12.1959;0;2
SAIDET;7;12.1.1955;0;7
FARAMUS;5;5.2.1961;5;0
RAVZAT;5;11.2.1947;0;5
NEBURE;7;23.2.1955;0;7
KAVUR;2;23.4.1964;2;0
HAMSIDE;4;13.4.1940;0;4
AYCICEGI;2;2.10.1946;0;2
RAKI;9;26.11.1942;4;5
FERTEL;1;2.4.1939;1;0
SOLGUL;6;20.4.1965;0;6
INCO;4;12.2.1932;1;3
FEVGIYA;8;20.7.1969;0;8
ZENCENUR;2;12.10.1971;0;2
GUZELAGA;6;15.7.1958;6;0
TEKDEN;2;2.11.1981;2;0
HURDES;240;14.12.1962;0;240
SOBEN;1;24.9.1947;0;1
UMMULHAYIR;15;17.10.1957;0;15
MENUNE;2;21.7.1962;0;2
AYFERNUR;1;11.12.1987;0;1
IBOLYA;5;30.12.1972;0;5
SEDIRETTIN;32;12.8.1962;32;0
ABDULREHIM;37;21.1.1966;37;0
BELI;5;16.6.1957;1;4
CIRKIN;7;16.1.1949;7;0
ASLIHAH;1;30.9.1979;0;1
ALEDIN;21;7.10.1968;21;0
NARIHAN;4;17.12.1972;0;4
SEREBA;1;26.6.1990;1;0
AFILE;13;12.1.1959;0;13
AGDEM;11;21.12.1968;11;0
BADI;50;20.1.1961;16;34
BULENDE;2;17.7.1960;0;2
IZVAN;8;18.2.1967;6;2
SEMEDDIN;4;21.9.1971;4;0
SUNEYLA;2;12.2.1950;0;2
NABIDER;33;17.4.1966;0;33
M.HANIFI;78;30.7.1954;78;0
USGUL;5;20.6.1966;5;0
ERVADI;2;14.10.1963;2;0
SAGIM;1;1.9.1942;1;0
NUZCIYE;1;19.7.1939;0;1
NEYMINE;1;19.3.1966;0;1
CESMENAZ;20;4.2.1966;0;20
GULFUYE;16;11.1.1966;0;16
YAYLAGUL;172;9.12.1972;0;172
VEBIHA;9;3.10.1962;0;9
NEPRUZ;1;24.12.1979;0;1
SEVRIHAN;1;6.4.1987;0;1
DONEGUL;19;17.9.1979;0;19
KULUMMET;1;18.6.1952;1;0
TAMBAY;4;11.12.1958;4;0
SUKUFFE;1;2.9.1975;0;1
HUDALI;1;28.2.1949;1;0
SERINA;9;19.3.1980;0;9
SAMIRIN;1;7.4.1940;0;1
NADZEYA;1;4.5.1977;0;1
OZGUNES;4;16.3.1976;4;0
SERBIN;30;9.4.1961;1;29
ULSEN;7;20.1.1967;0;7
SAVAY;3;21.1.1967;0;3
NUGRULLAH;9;18.7.1971;9;0
KALEMDER;24;8.7.1960;24;0
BIRFEL;2;30.9.1979;0;2
MUTHAN;1;6.11.1971;1;0
ABDULFEYYAZ;14;12.2.1960;14;0
ERSAD;25;3.4.1983;25;0
ARSADI;1;8.4.1939;1;0
GULPISE;1;4.8.1951;0;1
SEVDEBA;1;5.1.1939;0;1
SAYKAN;10;2.9.1974;9;1
BALAHANIM;209;19.4.1946;0;209
ELTEM;6;10.2.1985;1;5
BASEY;46;4.12.1955;0;46
GULEZAR;29;12.4.1963;0;29
ZANURE;8;3.10.1962;0;8
GULNAZER;2;24.6.1965;0;2
SADEHAN;3;17.5.1971;0;3
SEMAVET;11;3.11.1960;1;10
SIAT;1;4.7.1975;0;1
SASUN;17;16.6.1962;5;12
EDIMBANU;1;16.6.1969;0;1
NAZLIZAR;1;4.7.1976;0;1
BESLI;18;6.2.1964;11;7
LALAHANIM;9;1.8.1942;0;9
AGABALI;3;12.6.1948;3;0
KEMERBANI;1;8.4.1951;0;1
IYIL;1;2.8.1927;1;0
HUBBAT;5;21.7.1955;5;0
SALTIK;18;14.6.1978;17;1
SERVISTAN;1;6.5.1967;1;0
KOSELI;44;8.3.1954;44;0
ZIYABE;8;4.6.1977;0;8
RECIME;2;28.1.1962;0;2
YADI;20;27.9.1952;4;16
MUNEYYA;3;14.8.1971;0;3
VAKAR;2;29.3.1981;1;1
UMIDE;131;29.7.1966;0;131
ELIFSU;6;23.4.1984;0;6
SENIR;5;22.6.1973;1;4
NEFISET;10;26.5.1964;0;10
BOLHAN;2;4.4.1960;2;0
ENDEZ;3;1.3.1967;1;2
LEHUM;1;27.2.1956;1;0
SADEKKAT;1;13.8.1958;0;1
SIFRE;7;16.1.1954;0;7
TAYIBA;15;20.8.1958;0;15
EFSU;3;9.10.1974;0;3
HEKGUL;1;22.10.1988;0;1
SIFATTIN;1;21.10.1984;1;0
GULMESE;3;9.6.1977;0;3
AFARUZ;1;23.3.1932;0;1
YONIZ;8;11.12.1970;8;0
ABDULFATIH;14;25.7.1973;14;0
SULUK;36;2.5.1942;35;1
HAGI;2;1.8.1956;2;0
EZIYE;25;29.3.1975;0;25
FATOC;1;27.11.1972;0;1
BIKARE;1;12.3.1934;0;1
SALIHAGUL;1;18.8.1984;0;1
NEVSAT;9;23.11.1956;8;1
FEHRUNDE;3;9.12.1955;0;3
FARAMUZ;10;7.5.1961;10;0
MINTAZIYE;24;11.5.1958;0;24
FERYAGDI;1;24.6.1971;1;0
PAYMAN;5;29.8.1946;0;5
NUTHIYE;17;22.8.1955;0;17
FIRUZA;20;16.10.1972;0;20
TURKEM;1;14.3.1978;0;1
AKSUT;3;24.3.1968;1;2
YUNISEMRE;2;12.2.1979;2;0
CEMAYNUR;499;23.2.1967;0;499
URFINAZ;3;6.8.1949;0;3
HAZINET;4;16.8.1974;0;4
REZATTIN;3;1.5.1962;3;0
KABIRAT;1;9.12.1944;0;1
KAMILAT;1;4.6.1939;0;1
ILMAZ;10;20.3.1966;7;3
GULENDAME;29;19.3.1960;0;29
KUBLA;1;24.1.1961;0;1
MEHTAL;1;27.2.1968;0;1
MAHFURUZE;1;29.4.1955;0;1
BIRAL;17;17.1.1973;15;2
URHUC;90;28.11.1962;0;90
ADAZKER;1;2.3.1949;0;1
HAYRANNISA;5;2.3.1963;0;5
ABZER;15;25.3.1966;15;0
HIMMIGUL;1;22.12.1955;0;1
GULABAT;68;22.12.1959;0;68
GAMSIZ;4;17.8.1967;4;0
FERIYET;2;2.2.1960;0;2
NECLIHA;22;5.6.1948;0;22
MEVRESTE;3;23.8.1944;0;3
MINTANE;3;25.1.1955;0;3
MAKSUM;12;5.2.1963;12;0
GULBA;5;1.3.1959;1;4
ASALETTIN;88;24.4.1969;88;0
GULSAHER;4;14.6.1958;0;4
DURMUT;1;7.12.1990;0;1
SEMIYLE;1;27.2.1992;0;1
FARUT;7;16.1.1973;7;0
MEHTUN;22;16.9.1976;13;9
ZULBIDE;3;24.8.1954;0;3
GURZIYE;8;7.4.1957;0;8
FATIC;1;26.6.1956;0;1
HAMITE;7;2.11.1953;0;7
MARGARETE;4;20.5.1938;0;4
ARIYFE;3;26.9.1962;0;3
KITIK;1;19.3.1966;0;1
ZILFU;12;26.8.1956;1;11
BUNYAMEN;6;29.12.1962;6;0
KUZEYFE;16;4.10.1967;15;1
GULNAZEN;8;7.1.1959;0;8
MEJRUSA;1;23.8.1957;0;1
SUKRIFE;1;6.11.1986;0;1
NAGRUZ;1;22.2.1967;0;1
MASIKA;7;26.9.1976;0;7
SABINAZ;7;15.3.1964;0;7
IHBAL;22;10.4.1966;0;22
SELDIHA;1;3.4.1981;0;1
BILUR;18;16.3.1955;1;17
SAZIBAN;5;20.5.1971;0;5
MENHIBE;2;23.6.1974;0;2
NURDALLI;1;17.7.1958;0;1
NEZIMAT;1;22.2.1955;0;1
ERMIYE;23;30.8.1961;13;10
HAZEMI;115;24.8.1961;1;114
SENSEL;22;1.7.1961;4;18
DILFUAY;1;17.6.1966;0;1
KIRAS;34;22.1.1959;0;34
MURREM;1;16.7.1979;1;0
KUSUM;98;12.6.1961;0;98
BAHCAT;4;25.11.1951;3;1
ZUTUYE;1;21.4.1951;0;1
NEDI;10;3.1.1977;9;1
COMER;1;23.4.1955;0;1
AKBAY;15;19.1.1963;15;0
CIHANDER;10;25.10.1966;8;2
FADEL;2;29.2.1963;0;2
URHUYA;11;26.1.1961;0;11
DURDUYA;27;10.8.1960;0;27
PEROG;1;12.2.1953;0;1
DURDUGUL;103;17.6.1963;0;103
MUESSES;1;6.10.1969;0;1
SUAYYIB;3;12.8.1964;3;0
TIFDIK;1;17.7.1954;0;1
HAMZADE;9;12.2.1954;1;8
GULEYMA;5;21.10.1970;0;5
MECLUN;13;28.2.1967;13;0
TULCAN;21;24.5.1972;2;19
IMMUGULSUM;11;16.1.1962;0;11
LUTVU;5;17.7.1969;5;0
NAGAHAR;2;7.9.1972;0;2
LIYBEN;1;8.4.1981;0;1
SUBEYRA;6;7.10.1982;0;6
FARAMIZ;2;27.6.1964;2;0
DONSEN;5;24.12.1971;0;5
GULCIBUK;2;30.9.1956;0;2
DOYMEN;1;1.4.1956;0;1
ONCUL;40;4.11.1977;28;12
FAIYE;5;17.8.1961;0;5
LUVIZIYE;1;2.9.1979;0;1
USUK;28;23.3.1948;28;0
BAHTIKAR;4;1.8.1959;1;3
OCEL;18;18.1.1969;14;4
ZIYAMET;184;12.12.1954;0;184
NUTKUYE;7;18.4.1963;0;7
GULKAYE;1;27.2.1992;0;1
ADELU;4;1.9.1951;0;4
GUZLE;9;4.9.1964;0;9
TOPALAK;76;9.3.1967;0;76
MAHBIB;7;8.6.1963;0;7
ENDEN;8;7.3.1973;1;7
CEFAKER;26;21.11.1973;20;6
AGGIZ;1;16.2.1969;0;1
TOPCA;27;8.2.1965;0;27
GULLALE;224;26.11.1964;0;224
YETERBERGEN;1;11.11.1991;0;1
DAGGUL;11;17.6.1978;0;11
MURTAZE;57;6.5.1965;52;5
ENDIZ;5;13.3.1968;1;4
SERTAL;14;25.11.1974;14;0
HACILAR;6;22.11.1962;6;0
CINCIK;2;6.8.1956;1;1
MERKINAZ;2;26.11.1955;0;2
NURSUMAN;4;28.7.1976;0;4
ILAHE;16;1.9.1977;0;16
IRAHAN;29;15.5.1961;0;29
MUHIM;7;26.8.1957;7;0
PERZANE;1;11.10.1982;0;1
KITAN;351;14.7.1958;0;351
ANTIKE;315;22.12.1970;0;315
HERGUN;23;16.9.1966;13;10
MINEBER;1;2.2.1975;0;1
MUSKUL;19;22.12.1969;3;16
TURNAGUL;9;30.1.1981;0;9
BEYRULLAH;13;10.1.1964;13;0
HAMZAT;15;2.11.1956;15;0
KUTUP;33;30.5.1966;32;1
MURATSONAD;1;19.7.1987;1;0
MAHCEMAL;17;9.12.1840;0;17
MARHAMET;1;21.8.1967;1;0
ILGAZI;2;8.8.1960;2;0
ALEVCAN;10;13.2.1967;2;8
BACIKALFA;1;17.8.1924;0;1
SASENEM;3;18.3.1956;0;3
RUHIREVAN;1;17.2.1960;0;1
ABDULSAIT;9;29.9.1961;9;0
ZILKIFLI;19;15.5.1962;19;0
NERGUZ;54;6.6.1961;1;53
YASAHANIM;7;19.4.1968;0;7
FILFIRAZ;1;14.4.1971;0;1
BULDU;1;27.1.1974;1;0
HILALI;61;17.3.1958;16;45
EBUK;4;30.7.1942;0;4
BUZALI;1;2.1.1935;1;0
TEBEREK;4;25.11.1955;0;4
SADIGAN;4;13.12.1947;2;2
NULGIN;6;4.4.1975;0;6
YAGNUR;7;23.5.1985;1;6
ADELIYE;5;23.8.1962;0;5
MIHRIS;9;1.11.1950;5;4
EMIRSAH;192;18.1.1970;190;2
MUSALIM;3;30.1.1966;3;0
MUSURETTIN;3;19.2.1965;3;0
FERUDUMER;1;26.4.1952;1;0
HUMMA;24;11.7.1951;0;24
BELHAN;29;11.7.1961;1;28
HUDENE;1;30.4.1944;0;1
ZAFEREN;23;19.10.1965;1;22
ESBATI;1;12.8.1953;1;0
HAMPARS;1;1.11.1954;1;0
NAMUKA;16;29.4.1958;0;16
INMI;1;1.12.1952;0;1
KAYTUK;2;18.11.1978;2;0
HUSNEHAN;4;17.4.1985;0;4
BELHANE;2;3.4.1933;0;2
MUNUS;129;10.1.1957;7;122
EBEKIZ;118;26.8.1954;0;118
YUZBASI;14;17.4.1959;14;0
DURSET;2;10.8.1971;1;1
EKABIR;28;26.3.1963;4;24
ABUMETTIN;1;8.1.1946;1;0
GULREVA;1;22.3.1981;0;1
MUKAAFAT;2;20.1.1957;0;2
ALIHAYDAR;355;5.11.1959;355;0
SERINBAHAR;1;17.4.1965;0;1
NEZELI;3;7.7.1967;0;3
MIMSIN;1;28.2.1949;1;0
MUSER;15;26.8.1960;2;13
DURAP;1;12.2.1977;1;0
UTIYE;6;23.9.1963;0;6
FERAGET;2;21.8.1962;0;2
GOKCAG;4;18.4.1989;4;0
NAMIZE;1;24.9.1961;0;1
GULSAHA;2;12.4.1963;0;2
GULESTI;10;27.4.1965;0;10
MERZEHAN;1;24.8.1954;0;1
YASAN;16;16.12.1974;9;7
FULUZE;2;1.2.1967;0;2
BOYBEYI;40;18.12.1956;40;0
RAZ;529;18.6.1956;0;529
KEZA;1;26.3.1933;0;1
HABUYAR;1;17.2.1941;1;0
ALADTIN;9;25.6.1964;9;0
ALITAS;7;28.8.1964;7;0
TURSI;1;2.8.1915;0;1
MERTALI;113;22.3.1953;113;0
DURAKSAM;2;23.5.1969;1;1
NURALAN;1;15.10.1945;0;1
HANARZI;6;21.9.1962;0;6
PENPELI;3;15.12.1968;0;3
NABUK;1;14.6.1937;0;1
BENIANDENIZ;1;24.6.1973;0;1
FESAYET;2;4.9.1958;0;2
MAHRURE;5;16.7.1954;0;5
KUMRUYA;11;8.12.1963;0;11
NAMUGA;3;20.5.1957;0;3
ZALOGLU;12;16.5.1976;12;0
ZIKRIYA;2;5.7.1963;1;1
GULDURAK;1;7.8.1988;0;1
YURUSAN;19;29.5.1969;10;9
SAHIBET;6;8.2.1960;2;4
SAHAL;11;19.11.1949;1;10
SEDAGAT;20;23.2.1962;0;20
BESARET;25;25.3.1954;9;16
ETFIYE;4;11.12.1945;0;4
CEFARET;7;19.3.1968;1;6
YAYLAGULI;1;24.6.1961;0;1
KULYUSUF;2;5.9.1960;2;0
TEYFIGE;1;27.3.1950;0;1
ELUK;1;12.8.1929;0;1
MAKSUD;27;9.9.1964;27;0
NEVER;7;6.10.1975;2;5
ZAHMI;5;13.1.1955;5;0
MUSUT;10;26.7.1968;10;0
ZIVVER;1;18.8.1969;1;0
NURABET;1;2.2.1975;0;1
SULLIYE;5;10.11.1954;0;5
IBEYHIDE;1;24.9.1978;1;0
ARSLANBEY;9;9.6.1951;9;0
TAKKE;1;17.2.1966;1;0
SUDEN;19;26.10.1965;0;19
YURTEN;29;1.7.1962;0;29
BEDINE;4;10.11.1958;0;4
FARABI;31;5.11.1973;31;0
SEVIBE;31;21.6.1965;0;31
DESTELI;8;1.5.1964;0;8
DAMARA;1;27.4.1938;0;1
YABIR;2;9.1.1958;2;0
MAHBULIYE;4;26.5.1968;0;4
BILKUTAY;5;25.11.1982;3;2
GULAYNUR;11;18.10.1973;0;11
SEFTAP;18;21.3.1975;0;18
YANIK;4;15.8.1960;3;1
ZADELI;3;19.4.1959;0;3
YAYLADALI;1;2.2.1951;0;1
SABUTAY;15;25.12.1975;15;0
ATAKOL;5;12.10.1976;5;0
BALIYE;11;29.9.1952;0;11
ZULFICCE;1;1.2.1952;0;1
SEFTEN;19;2.5.1955;0;19
BEYNAR;6;18.4.1974;1;5
ELEATTIN;7;4.1.1969;7;0
DEMIRTAS;35;20.6.1948;35;0
MADIMAK;25;22.7.1970;0;25
SABAT;43;8.9.1956;4;39
MIRAM;13;2.7.1958;2;11
HADIC;36;22.3.1952;0;36
MUCDET;55;17.2.1958;31;24
BIRENSEL;1;2.11.1974;1;0
PATIS;11;18.10.1957;1;10
TULAYYA;1;9.1.1967;0;1
BIRSEREN;11;24.10.1972;0;11
SAZEMET;4;10.11.1963;0;4
FEHRAMUS;1;25.4.1983;1;0
YAYLALI;38;23.3.1954;4;34
MUSIDIYE;16;21.2.1963;0;16
MUNTESEM;3;20.11.1970;1;2
GUNNER;23;1.2.1964;1;22
SAHZE;1;12.6.1958;0;1
EYLUN;3;12.10.1962;1;2
GULATTIN;7;9.2.1970;7;0
GUMUSHAN;5;18.5.1959;1;4
NURPEL;13;26.4.1979;0;13
SAYMAZ;10;26.5.1961;6;4
SELLI;30;6.1.1965;1;29
MUSRET;37;21.12.1965;30;7
KEMTERI;1;7.5.1968;1;0
MAKSIM;8;21.12.1975;8;0
CELALABBAS;4;24.2.1964;4;0
YESEMI;1;22.2.1967;0;1
FAHRAT;7;30.11.1957;7;0
TUTCE;2;12.10.1956;0;2
DURHAYIR;1;16.6.1961;1;0
YILDIRMAZ;3;23.10.1949;3;0
KARAFIL;55;6.4.1962;4;51
AINUR;6;20.8.1977;0;6
BALE;2;4.3.1952;0;2
BIDIK;10;19.10.1948;0;10
MAHLUP;10;20.4.1949;0;10
SAKESTE;1;15.1.1945;0;1
AHMETMURAT;7;26.3.1974;7;0
TABIB;29;13.2.1970;29;0
ANSI;7;26.7.1979;0;7
KEKLI;3;29.8.1956;2;1
TEHRA;2;28.2.1982;1;1
AFICE;27;29.9.1953;0;27
SEHLEN;11;30.10.1961;11;0
ABDETTIN;1;7.8.1928;1;0
DELOKE;1;12.2.1959;0;1
BENAM;5;13.11.1956;2;3
HUMEYNI;8;27.10.1982;8;0
SULASI;1;16.1.1977;1;0
CISTAN;1;12.3.1953;0;1
SERDEBIL;1;22.2.1985;1;0
VEZUHA;3;16.12.1947;0;3
BAHCEGUL;52;25.1.1964;0;52
ERZEM;19;7.4.1973;2;17
AHUZER;21;4.4.1973;0;21
ERKUS;8;15.11.1958;8;0
ZERDEGUL;3;11.1.1968;0;3
NURSEDE;3;28.1.1976;0;3
URKUS;1299;15.12.1954;2;1297
BASKIN;77;17.4.1968;77;0
SUFELI;1;17.8.1930;0;1
MUSLAHATTIN;170;21.11.1960;170;0
UMMIGUSSUN;1;7.4.1946;0;1
GULYAKAN;1;17.2.1972;0;1
NURDEMET;17;20.2.1975;0;17
SELVINAY;5;12.5.1971;0;5
EKRAMIYE;9;15.2.1959;0;9
CITAK;1;12.4.1957;1;0
HANIKEY;1;17.8.1960;0;1
NURIZIR;1;7.5.1982;1;0
BEYAGA;5;11.3.1949;5;0
UMIZET;2;24.12.1980;0;2
MEYSERI;2;26.2.1952;0;2
RAMIDE;10;8.10.1956;0;10
BAKKIR;2;11.11.1962;2;0
URSEL;59;17.12.1958;3;56
EMES;1;17.2.1966;1;0
FURDEVS;45;1.7.1964;0;45
SUGAYUP;1;22.10.1966;1;0
GULLUCEMAL;10;22.1.1976;0;10
ZULHANIM;1;6.10.1978;0;1
HAYIME;7;16.3.1964;0;7
ESAMIYE;3;1.4.1953;0;3
MUZERRIF;1;16.12.1970;1;0
SEHRAN;50;10.2.1967;12;38
TABAHATTIN;1;17.11.1966;1;0
NERIMAH;1;6.10.1979;0;1
GULSEBAH;38;10.4.1964;0;38
FERUZET;30;21.2.1950;0;30
NAYMAN;10;9.6.1950;6;4
MEBRUSIYE;1;26.5.1951;0;1
HUMASE;1;17.10.1960;0;1
MEKEHAN;9;14.6.1957;0;9
HALLA;1;17.6.1936;1;0
SEYHU;10;14.12.1955;10;0
HUSMUYE;3;24.9.1958;0;3
SEHURIYE;7;24.9.1966;0;7
NEVRI;47;3.6.1964;20;27
TURKTEN;4;1.1.1963;0;4
HASAN.;3;26.12.1988;3;0
NASAYET;1;9.9.1945;0;1
NEKAFET;5;13.4.1959;0;5
ZINNETI;23;27.9.1953;0;23
CEMIAFER;1;7.4.1954;0;1
ZEYFISAN;2;17.12.1953;0;2
MUSRUKA;5;18.7.1960;0;5
MEKAFET;1;27.6.1974;0;1
MURGUSAH;3;1.11.1962;2;1
URFANIYE;37;5.2.1957;0;37
HACISER;3;6.4.1963;0;3
ZUMUNAL;1;2.2.1957;0;1
SADIBER;59;27.9.1960;0;59
GUZIYDIYE;1;22.4.1956;0;1
NAMIM;1;2.8.1933;0;1
NARGILE;67;27.4.1967;0;67
GULUMAGA;1;26.2.1960;1;0
SARGUN;23;29.2.1965;22;1
ZEFISAN;1;22.8.1943;0;1
MUKSEL;6;19.10.1966;2;4
ZAFINAZ;4;24.12.1963;0;4
EDIBALI;14;30.3.1986;14;0
URFUNAR;1;21.3.1964;0;1
SEBINA;8;4.6.1980;0;8
SERPILE;4;12.12.1971;0;4
KIMYANUR;4;19.12.1983;0;4
NURCEL;11;6.10.1967;3;8
SABIGUL;5;17.2.1972;1;4
EYIHAN;2;12.3.1967;1;1
ZULFIKARA;2;16.8.1967;0;2
ZINHAR;11;18.6.1955;6;5
PURDANE;1;3.1.1969;0;1
ULVERDE;3;22.1.1957;0;3
ICABET;5;4.2.1973;1;4
SASNA;1;26.2.1946;0;1
KULUS;4;22.11.1936;2;2
MUSUM;3;10.6.1960;3;0
RUDALE;1;4.11.1963;0;1
RUATTIN;1;22.3.1979;1;0
ZEKIYLE;1;7.10.1970;0;1
IRAZI;5;21.9.1954;2;3
GULHAYET;2;4.10.1972;0;2
ZARATTIN;1;24.4.1979;1;0
RUEDA;1;9.5.1982;0;1
RABIATU;1;24.9.1979;0;1
ZERRAN;8;1.11.1962;0;8
FETICE;3;21.2.1948;0;3
AYTIMUR;29;5.1.1972;29;0
YASARNURI;27;6.1.1969;27;0
SINAMI;7;28.9.1969;7;0
SUNNUYE;3;20.4.1959;0;3
SURURIYE;8;28.3.1932;0;8
HADICETULKUBRA;2;30.9.1986;0;2
MURATAL;2;1.3.1943;1;1
MUAZZET;18;30.11.1957;0;18
SEFNAZ;4;29.9.1964;0;4
NEDIMSAH;1;12.4.1963;1;0
ALPAGO;14;20.6.1978;14;0
HADEM;6;1.8.1964;5;1
MESGURE;52;27.2.1961;0;52
MURKIZAT;1;17.8.1936;0;1
ERISAL;3;23.9.1948;0;3
ZULGAYIR;12;28.11.1961;12;0
SUMANI;26;24.1.1967;25;1
ABIYE;2;22.4.1957;0;2
BAYGUN;3;27.5.1978;2;1
MEMUS;18;12.4.1960;10;8
HATMI;28;21.3.1963;4;24
RUZI;35;27.6.1960;25;10
DURHAMI;26;23.5.1971;24;2
KESIF;6;8.11.1956;6;0
OZNURGUL;1;27.3.1974;0;1
METAY;18;9.3.1976;14;4
BEHRULLAH;30;3.11.1974;30;0
RUZKAR;5;15.11.1952;1;4
ABREK;3;19.7.1981;3;0
NOGAY;16;11.5.1976;13;3
SEHBENDER;4;6.1.1946;4;0
ZEYFIL;3;18.1.1974;3;0
NETRED;1;2.12.1963;0;1
FIRASER;1;21.2.1951;0;1
RASIDIYE;37;1.2.1963;0;37
ERSAGUN;40;7.10.1983;40;0
SAZMIYE;11;13.8.1951;0;11
MENFER;3;11.3.1957;3;0
ELMAHAN;19;29.11.1970;0;19
OVUZ;3;5.8.1969;3;0
MERDINSAH;22;28.8.1952;22;0
MACITE;2;4.6.1966;0;2
ERTUGRULBEY;1;21.7.1972;1;0
ISABETTIN;7;16.9.1960;7;0
TAKDIR;50;6.1.1973;29;21
PEYNUR;1;8.10.1952;0;1
TAHVIL;19;4.6.1957;19;0
ZEYNIZAR;2;21.7.1977;0;2
RUKGUYE;1;22.8.1955;0;1
TERMIHAN;2;24.8.1960;0;2
DURDEN;6;30.4.1969;0;6
NEYZULLAH;1;12.8.1941;1;0
AYTA;10;12.11.1968;4;6
BESSAT;11;17.7.1969;11;0
EHRUMIYE;7;12.5.1959;0;7
NASIHAN;9;17.2.1969;0;9
PEYMENIYE;1;9.3.1975;0;1
DEMIRHANE;9;7.11.1944;0;9
GULKAMIL;1;15.10.1950;1;0
NAYINE;1;22.11.1953;0;1
PIRIN;6;4.11.1950;0;6
OYANUR;13;1.3.1982;0;13
SEMRIHA;16;22.10.1966;0;16
EFIC;8;1.6.1970;0;8
MUTELIP;3;23.12.1967;3;0
DANISMENT;7;28.3.1971;7;0
MENMURIYE;1;19.1.1964;0;1
SELMUSAH;2;16.11.1961;0;2
MUSLI;68;15.1.1957;67;1
MUZEKIR;4;1.9.1966;4;0
ISAME;1;26.9.1965;0;1
ACILE;20;7.10.1966;0;20
ENISEI;1;28.3.1957;0;1
GULFAME;9;23.10.1955;0;9
TOKATLI;1;1.1.1;0;1
NEZEHAN;3;29.8.1948;0;3
ERENHAN;4;15.5.1985;4;0
GAIME;4;15.6.1944;0;4
IBEYDULLAH;7;1.8.1970;7;0
SERIYYE;22;17.9.1965;0;22
LALIS;5;19.3.1964;0;5
SUKUFET;1;27.9.1973;0;1
FERDUNDE;1;11.4.1975;0;1
BEYLUL;58;25.11.1966;56;2
ZIAYETTIN;1;22.2.1965;1;0
SATUS;1;16.10.1964;0;1
SIHHABETTIN;1;24.3.1964;1;0
ZEYFI;56;21.9.1961;25;31
YAKIM;9;4.2.1960;9;0
MAVZER;14;26.7.1958;1;13
GULSEZER;14;28.9.1960;0;14
SENGONUL;45;24.11.1952;3;42
GULCEMILE;8;2.5.1959;0;8
NEBBE;11;14.12.1951;0;11
ZAID;35;11.1.1961;35;0
ZEYID;24;13.2.1982;24;0
IBAK;2;2.11.1953;2;0
SELAVET;5;8.11.1973;3;2
ABDURRAHMANI;1;3.6.1969;1;0
MUADAT;1;22.8.1931;0;1
SAMIZER;68;23.1.1964;0;68
SAFIC;31;21.4.1955;0;31
LAHIZER;3;25.11.1966;0;3
GULUDIYE;2;14.9.1973;0;2
SAVIC;3;4.9.1965;0;3
ZULKAYIR;11;29.8.1959;11;0
KATDER;1;14.7.1963;0;1
ESIREF;20;25.12.1961;20;0
BEHZADE;18;4.1.1942;1;17
ZEHNIZAR;17;14.1.1959;0;17
FEVZAN;17;12.4.1966;4;13
SUBE;6;16.6.1953;0;6
AYISET;4;18.6.1953;0;4
EVLIDE;3;10.7.1966;0;3
RAKUYE;2;12.2.1959;0;2
HAZIRA;3;30.8.1940;0;3
APBAZ;4;21.9.1964;4;0
KUCEK;1;25.1.1969;0;1
MIRINE;2;28.7.1956;0;2
SALDIM;1;1.3.1943;1;0
YUSMAN;1;16.6.1961;1;0
ZURMUT;18;21.12.1964;0;18
ZERAI;2;3.10.1961;0;2
GULFIZIYE;1;1.1.1;0;1
HARIZ;10;28.10.1967;10;0
SAGDET;17;12.5.1964;1;16
SEMUNE;10;9.11.1963;1;9
SAHIMIYE;1;27.3.1962;0;1
HIDASE;3;7.8.1970;0;3
LUBESSER;1;17.9.1966;0;1
SUHUBE;12;12.8.1956;0;12
AKULE;6;25.8.1958;0;6
NEZA;25;23.7.1964;0;25
ISLAMBEY;5;25.2.1983;5;0
BEHRAT;2;21.12.1959;2;0
SERBULEND;11;6.10.1973;10;1
SAYDA;53;20.12.1963;0;53
MUSRETTIN;5;11.1.1956;5;0
HENSER;1;22.8.1937;0;1
ALPERHAN;22;6.9.1986;22;0
ABDULMUTDALIP;8;8.11.1971;8;0
DULDANE;19;16.7.1957;0;19
YUSEMMA;1;9.3.1976;0;1
SARACATTIN;5;17.2.1957;5;0
UMMIYA;3;23.12.1962;0;3
GULYASEMEN;2;27.7.1962;0;2
HUSUREF;3;3.8.1961;3;0
MIRZAHA;1;27.2.1992;0;1
NURYASAR;15;18.3.1967;5;10
MEYUZE;1;11.9.1959;0;1
AYSEVEN;62;14.9.1969;0;62
IMADE;5;30.4.1972;1;4
KADIMOLLA;1;22.6.1937;0;1
KATTER;4;21.9.1952;0;4
SERBEL;1;27.8.1950;0;1
MELUDIYE;2;16.1.1958;0;2
NEMSIYE;4;15.5.1954;0;4
UDAYE;3;19.10.1952;0;3
ZILKIF;75;28.6.1963;72;3
BABIL;25;3.8.1964;24;1
BEZMIYE;35;21.8.1950;0;35
MAZLUMSAH;19;7.6.1949;0;19
FERHANT;3;29.6.1971;3;0
NUYRETTIN;1;16.6.1944;1;0
ARAFETTIN;24;9.11.1965;24;0
MUSLIH;189;26.4.1964;189;0
HUDASER;3;18.8.1965;0;3
EZUK;1;12.8.1947;0;1
INCIK;2;16.6.1971;1;1
UKRUYE;1;5.8.1951;0;1
AVSEN;5;5.6.1959;2;3
MUZAFIYE;26;24.10.1955;0;26
MAKSUN;9;26.6.1973;9;0
VAISE;6;7.12.1958;0;6
PEYKEL;10;22.9.1764;0;10
IBEYIT;5;25.5.1967;5;0
MUZAHATTIN;1;12.8.1971;1;0
ELVINDE;1;17.8.1936;0;1
HAMDETTIN;1;2.7.1975;1;0
MUTTELIF;2;10.11.1952;2;0
KUDISSI;1;14.10.1950;1;0
USEYIN;11;5.8.1967;11;0
AHUCAN;8;4.2.1985;0;8
DURSEFA;1;30.7.1962;1;0
SIMINUR;2;3.7.1947;0;2
AVAYIS;1;12.8.1941;0;1
SADIRIYE;59;13.1.1963;0;59
AKIFET;18;24.2.1963;0;18
MUHTELIF;13;8.10.1965;12;1
MACET;7;23.4.1948;3;4
SEFEHAN;1;14.9.1987;1;0
MANSAR;16;25.8.1970;16;0
ONURSAH;5;11.2.1985;5;0
IMETI;1;22.4.1943;0;1
NAGUL;8;30.7.1969;0;8
DIZAR;20;14.4.1955;11;9
PEYGEL;1;14.5.1975;0;1
CEVRE;15;5.12.1954;1;14
ELMAZA;10;24.7.1962;0;10
MECBARE;1;27.8.1938;0;1
NERZET;1;22.8.1937;1;0
ZUBIYE;43;23.7.1957;0;43
NARGUZE;6;10.12.1966;0;6
NAIS;10;24.8.1947;0;10
MESEBIYE;1;16.3.1959;0;1
HASME;15;6.6.1958;0;15
SEVKE;81;11.10.1961;0;81
RAMUZE;1;28.10.1960;0;1
NEZEHATDIN;1;18.5.1960;1;0
BURHANI;28;23.2.1969;28;0
USURAF;1;2.8.1951;1;0
SEBAATI;1;25.5.1968;1;0
DINYAMI;1;6.8.1953;1;0
EHRUM;1;7.8.1946;0;1
HAMZETTIN;11;16.7.1958;11;0
ZEYFETTIN;6;17.4.1967;6;0
GULNAIME;2;10.1.1955;0;2
MEBUSET;1;1.7.1966;0;1
YUZIGAR;1;17.10.1956;0;1
NURZANAN;1;3.5.1968;0;1
GUNGER;19;19.8.1964;5;14
MUHYETIN;19;12.9.1968;19;0
MUKADDEREM;4;18.9.1969;2;2
HUSEM;388;26.12.1963;385;3
KAMET;26;21.1.1967;5;21
SALIK;8;15.6.1972;7;1
SEYFURIYE;1;2.8.1945;0;1
KURSUNE;2;8.2.1952;0;2
MUZAVETTIN;1;22.8.1955;1;0
MUHIDIN;24;23.1.1964;24;0
SAHONDER;1;8.11.1970;1;0
PEHRUL;19;21.5.1967;19;0
IDEYSE;1;22.8.1925;0;1
SALADDIN;12;2.12.1958;12;0
NURBIL;33;15.12.1971;3;30
ILLAZ;11;18.2.1965;11;0
RABIGA;6;3.2.1957;0;6
SEKIRE;35;17.4.1963;0;35
SAMUZET;1;7.8.1940;0;1
MIHREBAN;4;5.5.1959;0;4
SAHLI;13;4.2.1951;4;9
MAMIS;10;16.4.1961;9;1
MAMAK;4;7.7.1947;1;3
LEFIKE;12;19.6.1957;0;12
ZEMME;11;24.1.1963;0;11
SAMGUL;2;25.4.1947;0;2
HUDAVIYE;5;25.9.1949;0;5
MATISE;1;26.5.1949;0;1
MUCEVIR;1;17.8.1960;0;1
BEHRUL;20;18.7.1971;19;1
SIYENDER;1;7.3.1971;0;1
LEYLIYA;4;4.7.1957;0;4
URUSDEM;2;12.2.1955;2;0
ZURGAYIR;2;8.9.1969;2;0
SIYAMA;1;14.12.1958;1;0
MAHMILE;2;22.6.1953;0;2
NULUYE;1;11.12.1956;0;1
RAMIBE;1;8.5.1976;0;1
DEYBIFER;1;12.8.1935;0;1
PERMAN;8;12.2.1971;2;6
FERITDIN;2;20.5.1957;2;0
NEMRUNIYE;1;22.6.1966;0;1
HASANIYE;26;9.4.1951;0;26
GULUMER;3;28.5.1958;0;3
ZUFAL;4;12.1.1971;0;4
DAFIDE;1;7.8.1952;0;1
RUZIGAR;4;7.6.1952;0;4
HISARETTIN;1;12.8.1935;1;0
RUZIGUL;9;25.2.1959;0;9
MEHBIYE;3;3.9.1964;0;3
ERHAM;5;20.8.1983;4;1
BIRDOGAN;9;9.3.1974;8;1
VEHABI;2;2.9.1963;2;0
EFICE;8;18.8.1952;0;8
GUYSEL;4;18.4.1960;0;4
GURDAN;12;2.12.1963;1;11
GULDURMUS;2;25.12.1957;1;1
HADIN;172;25.6.1969;171;1
AVAIS;1;6.11.1944;0;1
MESULIYE;6;19.2.1951;0;6
VAHDISEN;1;7.5.1961;0;1
SINAI;3;8.3.1962;2;1
ILKA;11;21.4.1964;2;9
MUBESSE;2;3.11.1936;0;2
NEDAHIR;1;6.4.1951;0;1
RUBI;15;22.10.1970;15;0
MAKSUR;4;3.6.1962;4;0
AMMER;7;12.4.1973;7;0
AYSELGUL;6;16.12.1974;0;6
AFIC;12;26.2.1963;0;12
SEMRIHAN;7;19.3.1972;0;7
MUSELLEM;8;3.6.1957;6;2
NEFIBE;13;8.1.1974;0;13
ZULGADEM;2;4.11.1950;0;2
MURKEZAT;1;21.1.1982;0;1
MAKSIME;6;15.6.1960;0;6
EVLIDA;5;16.7.1965;0;5
MUCER;6;12.6.1968;0;6
SAFURUYE;4;23.3.1968;0;4
LUBESER;1;28.11.1974;0;1
CEZNUR;15;2.10.1967;0;15
ATMI;1;11.9.1954;1;0
ANETA;14;19.9.1963;0;14
CANCEVER;1;12.11.1973;0;1
NAMIDER;9;8.3.1973;9;0
BEZAT;77;24.7.1969;76;1
NACATTIN;15;28.5.1962;15;0
NEJLIHA;13;10.7.1958;0;13
ABDULSEMIH;17;19.1.1980;17;0
MUSEMMAHA;1;26.5.1976;0;1
ESHER;12;20.4.1958;2;10
BUYAN;6;5.5.1944;1;5
HURUSE;7;13.7.1958;0;7
HUBEYDA;12;10.4.1981;6;6
HASBEY;10;3.7.1960;10;0
CESURI;2;28.3.1959;2;0
NEZIL;2;13.12.1967;0;2
FINDA;59;24.6.1973;2;57
ZIYAHATTIN;7;30.11.1965;7;0
GULZEYDE;3;19.12.1957;0;3
LEMISE;5;7.2.1973;0;5
MEKAYI;2;18.4.1972;2;0
AKDER;3;25.10.1951;0;3
SEVBAY;1;12.2.1965;0;1
SURURE;8;26.3.1959;0;8
MAROL;2;24.6.1956;0;2
TEMA;10;18.9.1973;3;7
NIFAT;3;21.10.1951;2;1
ZEVLUSAN;1;11.7.1950;0;1
BULGE;3;7.2.1956;0;3
MEMULE;1;27.4.1938;0;1
NEZAYIL;2;17.2.1957;2;0
ZEYFETDIN;1;5.5.1966;1;0
BEGSET;1;3.11.1950;1;0
UFUDIYE;3;29.4.1952;0;3
DINSAL;2;11.12.1976;2;0
ERDOGMUS;16;30.10.1960;16;0
UZZETI;1;7.2.1970;0;1
DODE;1;22.8.1931;0;1
SER;18;24.7.1970;15;3
ULMIGUL;1;15.2.1980;0;1
APILI;6;23.12.1961;5;1
DOGANE;1;11.2.1951;0;1
GULSES;22;29.7.1970;0;22
ARZE;8;21.5.1951;0;8
YUCER;31;4.5.1958;24;7
HUKMU;181;21.9.1956;181;0
MEFFARET;19;13.9.1963;0;19
UVEYDA;15;27.5.1973;1;14
SEMUT;5;1.11.1970;4;1
ILKEL;10;23.2.1976;6;4
HAKBIL;7;26.10.1975;6;1
HAKIYME;5;7.4.1953;0;5
AYGONUL;6;8.3.1964;0;6
HAYRISER;1;30.12.1960;0;1
ZEYNIFER;3;27.8.1970;0;3
ESRETTIN;4;24.10.1972;4;0
GULFANE;3;4.6.1949;0;3
FANISE;13;2.1.1953;0;13
MUHUM;1;27.2.1974;1;0
MUZEYYENE;11;26.9.1936;0;11
SEFKINAZ;13;10.8.1960;0;13
ERKOC;54;19.10.1976;54;0
HASTE;1;22.2.1931;0;1
IBAZAL;1;21.6.1957;1;0
YURTER;25;15.9.1966;25;0
NURBE;2;22.12.1955;0;2
SEMRU;1;26.10.1970;0;1
CENO;5;4.2.1951;1;4
APDURAMAN;6;25.5.1959;6;0
SERPIM;10;17.3.1963;0;10
CEYYIDE;2;2.3.1950;0;2
SURHAT;7;9.11.1974;5;2
SERCIM;5;7.8.1967;0;5
NIZAMET;15;30.1.1944;11;4
TAFIK;16;23.8.1957;16;0
EVAYIS;1;7.8.1934;0;1
ZUNUSAH;1;10.10.1930;0;1
ELVERIR;2;4.2.1953;0;2
TAVIT;19;14.4.1956;19;0
MELDEM;4;11.12.1980;0;4
NEZIAT;20;18.9.1960;0;20
NIYAT;52;23.3.1967;49;3
SEVIZ;5;21.3.1975;0;5
SECMEL;7;23.4.1971;0;7
SELCENNUR;1;19.4.1985;0;1
MEDIS;43;8.9.1955;1;42
HURUMIZE;1;23.1.1961;0;1
HAVIC;1;1.1.1;0;1
NECAYIL;1;2.2.1969;1;0
YUKSEM;5;7.6.1978;1;4
GULSEHIM;5;24.3.1948;0;5
ENDAMIGUL;4;1.6.1959;0;4
UGURSAY;18;9.11.1976;15;3
HADBIYE;1;12.8.1929;0;1
ZULIFTAR;2;30.12.1953;2;0
USTUNER;69;29.4.1969;67;2
AYNZELHA;28;18.2.1974;0;28
GULTAP;15;5.2.1979;0;15
BEZAIT;1;29.5.1950;1;0
SANVEREN;1;16.3.1964;1;0
TELMIZE;6;21.10.1959;0;6
SEHRIZA;6;3.11.1954;0;6
GUNNEZ;5;20.4.1957;0;5
ILMUZE;1;1.2.1955;1;0
HUDAYUN;1;12.5.1957;0;1
EPRUL;7;8.3.1981;0;7
MUTTULLAF;1;11.4.1992;1;0
ASET;28;8.7.1955;25;3
BIDESE;1;17.7.1956;0;1
MUDEVVERE;1;8.6.1954;0;1
FAGIME;1;22.12.1946;0;1
NEVIRIYE;2;9.4.1988;0;2
MUHIYET;9;29.10.1956;0;9
MUHIBBIYE;1;15.5.1935;0;1
HURUSEL;7;11.7.1960;0;7
LABIS;2;18.11.1948;0;2
SECKUL;10;15.4.1968;0;10
EVLURU;1;27.8.1971;0;1
RATIBA;3;10.6.1958;0;3
HURIS;9;25.4.1969;4;5
TAIR;6;17.5.1970;6;0
EVLUR;1;3.4.1977;0;1
TUCCA;27;28.6.1963;0;27
EVLERU;1;10.6.1964;0;1
SAHDURNA;19;4.1.1971;0;19
TUTGUN;5;5.11.1980;5;0
ADANUR;8;11.6.1975;0;8
KAYMAKAM;6;1.12.1941;5;1
UREL;1;14.12.1988;1;0
SIMRIYE;2;8.3.1954;0;2
BIHAL;8;9.11.1973;0;8
MERGULEN;1;27.2.1963;0;1
SUVANDER;1;22.2.1961;0;1
GORGE;1;23.7.1964;0;1
NUTUF;3;16.11.1969;2;1
CEBIRAN;2;24.4.1976;0;2
ZEMMISAN;1;6.6.1939;0;1
ZEREF;3;21.5.1965;0;3
HATICEG;1;2.2.1987;0;1
ZINNURI;104;19.2.1963;98;6
ERHUMIYE;2;15.3.1958;0;2
YETERIYE;36;25.4.1964;0;36
PEYGUL;3;29.4.1963;0;3
ISMAAN;6;22.7.1966;0;6
GUNEVEL;1;9.7.1955;1;0
DOLUHAN;2;6.6.1987;2;0
ACARYA;3;1.10.1980;0;3
GEZIK;2;10.2.1942;0;2
HURMUZIYE;4;6.5.1948;0;4
HURUZU;1;10.12.1965;0;1
TELMAN;34;28.3.1969;21;13
ELVERU;1;17.2.1954;0;1
ILKNAY;1;28.8.1982;0;1
AYFERI;59;3.1.1966;0;59
ZEHICAN;17;28.6.1962;0;17
MEZUFE;2;14.10.1962;0;2
SURUL;24;7.12.1957;2;22
SEBIYEGUL;1;7.2.1970;0;1
MERRAM;1;16.9.1947;0;1
KUTRETE;1;17.3.1930;0;1
CEMI;11;21.7.1964;6;5
MUNNET;5;2.11.1971;2;3
PELIHAN;5;4.9.1969;0;5
BIRSADE;6;6.11.1971;0;6
HACIDEMIR;3;15.11.1953;3;0
ZULFUNAL;1;15.3.1974;0;1
ERSAADET;1;12.8.1963;0;1
NAGME;73;23.3.1978;0;73
SEMIE;7;9.1.1957;0;7
SENMINE;1;20.5.1927;0;1
KURTES;8;17.1.1948;8;0
SARBIYE;6;17.9.1972;0;6
ELMAGUL;14;18.9.1981;0;14
KIVIRCIK;2;11.1.1977;0;2
GOBAR;1;12.2.1953;0;1
EHRUMEN;1;16.3.1957;0;1
GULFAMIYE;2;9.6.1945;0;2
MEYMUNIYE;4;17.1.1962;0;4
MUNRI;1;11.6.1943;1;0
MAHIP;4;29.3.1960;4;0
NURFATIH;1;25.4.1982;1;0
MINIGRE;2;5.4.1966;0;2
LAYUZE;1;9.5.1947;0;1
NICAVET;2;5.8.1953;0;2
SUNUYE;20;7.6.1958;0;20
SUNMUYE;1;28.9.1948;0;1
NURIDIYE;2;8.1.1963;0;2
MUHAMVER;1;2.2.1957;1;0
ZURBUYE;8;19.11.1965;0;8
SIHMAN;23;9.12.1964;23;0
NAZLIYAN;3;10.10.1959;0;3
PIRUZA;1;5.10.1932;0;1
MESKUL;12;28.9.1962;1;11
SEDAGET;16;3.7.1962;0;16
GULBALI;4;14.12.1959;0;4
GULMISI;1;7.8.1940;0;1
GULAME;7;1.10.1958;0;7
GULNEZ;5;29.7.1970;0;5
PIRENSES;19;19.4.1978;0;19
FETGIME;1;24.5.1946;0;1
NUKRET;15;26.6.1959;10;5
SEVINIR;3;15.10.1962;0;3
NIGAL;8;25.11.1959;1;7
MEVRUKE;12;19.2.1966;0;12
SEVIMA;1;8.5.1984;0;1
MUHRINE;5;17.1.1957;0;5
SEBEYETTIN;1;6.3.1942;1;0
GOGSEN;11;8.11.1961;5;6
ORPEN;26;29.6.1976;23;3
ULKUAY;12;22.7.1970;3;9
MENDUBE;4;12.11.1965;0;4
SEYYARGUL;1;22.2.1961;0;1
NUHAY;5;21.1.1979;5;0
ZULUKE;1;17.2.1990;0;1
APDULMUTTALIP;10;3.3.1967;10;0
VESALETTIN;9;10.7.1949;8;1
FEYZUZ;1;16.12.1953;1;0
CAPPAR;39;8.11.1966;39;0
ZEYKINE;2;3.1.1963;0;2
ABDULLAHMUTTALIP;1;12.4.1965;1;0
MUSEPBIHA;1;12.8.1929;0;1
MUCAVER;5;24.12.1961;1;4
ZELFISAN;2;19.10.1965;0;2
MEJDUDE;1;21.10.1959;0;1
GULDEMIN;20;26.6.1962;0;20
TUBE;10;20.12.1970;0;10
TARIHSER;1;16.6.1945;0;1
ZEKIYENUR;3;21.2.1986;0;3
FENARET;1;22.2.1967;0;1
ALIHADI;1;22.7.1967;1;0
GUDRUN;6;30.1.1947;0;6
SERAMIS;1;21.7.1969;1;0
MUINETTIN;2;13.6.1962;2;0
CUVEYRIYYE;2;7.8.1983;0;2
SIMAI;2;10.2.1972;1;1
SOYDAM;7;27.9.1966;5;2
ABDULSAMI;12;13.7.1962;12;0
MISLIHAN;87;2.3.1973;3;84
SUPUYE;4;13.3.1972;0;4
SADEDE;1;29.7.1954;0;1
SEHRIBANU;28;11.9.1969;0;28
ASTI;5;19.2.1966;1;4
BELAGAT;1;27.8.1926;0;1
VISALI;91;1.10.1965;91;0
BELGIM;1;10.5.1965;0;1
ZULCA;1;6.4.1955;0;1
SEZAIN;5;10.12.1962;4;1
CESIME;26;16.1.1964;0;26
PERUNE;1;18.10.1953;0;1
CURI;28;10.6.1959;2;26
BEHBI;5;29.10.1955;5;0
ATAMEL;2;4.5.1962;2;0
GULREMZIYE;2;8.4.1951;0;2
FIKASET;1;11.3.1939;0;1
SALUNAZ;1;16.2.1962;0;1
VEYSALI;2;3.5.1975;2;0
MUTMINE;23;17.3.1962;0;23
E.BEKIR;1;21.12.1963;1;0
RAZEN;15;2.2.1966;3;12
MEMNUNIYET;5;3.11.1959;0;5
HUSMI;2;24.4.1955;2;0
EYYIP;19;6.1.1964;19;0
BIRAYE;3;12.9.1971;0;3
MENISEK;1;21.11.1947;0;1
TURKCE;3;19.8.1964;1;2
RAHIMET;10;23.12.1751;0;10
KELIMET;4;16.6.1966;0;4
HUFEYDAT;1;19.4.1948;0;1
USMEN;25;19.11.1959;24;1
DEMIZHAN;1;22.1.1985;0;1
BIREMHAN;1;12.8.1935;0;1
IFAHAT;4;19.4.1957;0;4
EVSANIYE;1;26.10.1966;0;1
BEHLIL;4;30.4.1963;4;0
AFNEL;1;15.5.1990;0;1
ESAFET;8;21.9.1965;8;0
MUDMINE;7;28.4.1972;0;7
BILYAMI;9;24.11.1968;9;0
SEVILNAZ;15;30.3.1969;0;15
PERITAN;3;7.11.1970;0;3
SARIF;5;23.7.1968;4;1
BEZRA;1;14.10.1981;0;1
LEFIGA;15;26.1.1970;0;15
CAMAFER;16;29.3.1955;0;16
NIHADIYE;9;25.11.1959;0;9
MUHESSER;35;16.5.1959;1;34
ABDULSALIM;4;8.3.1963;4;0
TESADIF;1;21.5.1975;1;0
SIYASETTIN;22;26.2.1967;22;0
SERRIN;39;2.3.1969;0;39
TUTKIYE;2;29.1.1951;0;2
NAHAR;79;10.9.1962;17;62
ZUREYFE;3;8.1.1954;0;3
YILGUN;34;2.10.1970;5;29
SONAGUL;5;10.10.1971;0;5
KIZCAHAZ;1;16.4.1962;0;1
SEZGEN;7;2.11.1962;3;4
MUBERRAG;1;7.8.1934;0;1
SECDER;4;9.11.1970;4;0
BERAET;36;10.2.1958;1;35
MERVEHAN;7;17.1.1988;2;5
ESINHAN;2;14.1.1959;0;2
GULSERIFE;7;28.3.1981;0;7
NISANNUR;2;12.4.1983;0;2
ALAHATDIN;15;29.6.1963;15;0
HICE;2;5.3.1957;0;2
EMSALETTIN;39;14.9.1960;39;0
MERFUDE;2;7.1.1963;0;2
YOKTAN;2;15.12.1977;2;0
MAHMUL;2;9.9.1944;0;2
CADRIE;4;27.10.1966;0;4
INGEBORG;10;23.1.1945;0;10
EFFAN;19;18.12.1960;9;10
HURINAR;2;16.5.1972;0;2
MISYA;2;22.8.1955;0;2
I.HAKKI;20;26.7.1942;20;0
SADEL;4;4.1.1969;1;3
AYBICE;24;11.11.1986;0;24
BURYAMI;2;17.9.1967;2;0
VAYIP;7;24.1.1950;7;0
NANIM;2;6.7.1959;0;2
MARION;12;20.3.1958;0;12
LATIBE;7;3.4.1964;0;7
SERPINAR;3;17.1.1967;0;3
GULL;1;1.11.1972;0;1
KENZI;31;11.8.1954;8;23
PEKAN;9;29.11.1975;5;4
HURMIZIYE;1;11.1.1957;0;1
TUTKE;3;2.1.1961;0;3
HURUZUYE;3;15.2.1955;0;3
SATRETTIN;11;9.2.1960;11;0
ASUTAY;24;7.5.1979;21;3
NUTHUYE;1;12.5.1964;0;1
GULCIGIR;1;11.5.1974;0;1
DINAL;6;11.3.1971;4;2
GOKNAZ;1;21.9.1964;0;1
FILAR;5;25.5.1958;2;3
REFAKATTIN;3;30.10.1954;3;0
GULKESER;1;27.8.1950;0;1
REFASETTIN;1;11.6.1962;1;0
YUCEAY;5;14.12.1977;4;1
MENVA;10;23.12.1971;0;10
RUHISAR;10;21.8.1951;0;10
BULBIYE;1;6.3.1977;0;1
MUSLUMET;53;2.9.1963;0;53
EGIN;5;7.8.1962;5;0
NESKURE;2;17.10.1942;0;2
NAMAL;6;15.3.1954;5;1
NURSUMEYA;1;6.7.1990;0;1
YILDIRIMBEY;1;27.10.1974;1;0
HAKIZE;14;15.6.1951;0;14
FERAHATTIN;29;24.3.1956;27;2
IFAYE;1;10.5.1955;0;1
NAILCAVUS;1;5.5.1985;1;0
MUSIYE;11;1.10.1960;0;11
GUNBAY;19;8.10.1959;18;1
CAGMAN;19;3.10.1972;15;4
TUSEM;10;24.4.1984;1;9
AHLIME;2;24.11.1949;0;2
ERTANE;2;5.12.1954;1;1
GUPUR;1;7.8.1940;1;0
NAHADIYE;2;23.7.1959;0;2
MIHAR;5;29.4.1964;0;5
CAVIR;3;6.8.1964;3;0
SAHZENEM;12;29.9.1956;0;12
ABSUL;1;17.8.1930;1;0
GULZUHRE;3;25.9.1962;0;3
ZAMANGUL;3;21.3.1967;0;3
USUL;35;11.9.1960;11;24
NAHYETTIN;12;17.3.1963;12;0
NURSALIYE;4;24.9.1958;0;4
SEVINJ;25;29.5.1972;0;25
ARUL;1;2.6.1975;1;0
PEHLUZE;3;29.1.1950;0;3
SEREMET;38;5.9.1963;35;3
DURDUK;24;21.1.1964;1;23
FERDEN;9;5.4.1964;2;7
GULNIYAZ;22;11.8.1960;0;22
HACBETTIN;1;17.8.1942;1;0
SATIK;10;16.7.1948;5;5
GUNUZ;16;30.12.1969;0;16
GUNNIHAL;28;24.11.1963;1;27
GULFADEN;10;19.9.1958;0;10
KICCALI;1;23.6.1959;0;1
EKRUMIYE;6;16.10.1969;0;6
GULLEK;1;26.6.1961;0;1
UNZUBAN;1;6.1.1973;0;1
LUGEN;16;18.9.1980;0;16
NEZGUN;2;15.11.1961;0;2
I;8;10.9.1955;8;0
OLCANAY;1;27.6.1985;1;0
FETTOS;1;12.6.1941;0;1
HAVLEHATUN;1;7.5.1979;0;1
HAKINE;86;9.9.1962;0;86
MESAKIN;4;20.9.1981;0;4
MAHMUDU;6;25.9.1966;6;0
EMUSE;1;20.9.1956;0;1
MUKADDEZ;29;1.5.1968;0;29
URSAN;31;23.2.1957;20;11
NURUYET;4;18.2.1964;0;4
BEDRETDIN;13;29.12.1960;13;0
APBAS;20;13.7.1953;20;0
ADIGER;1;7.8.1931;0;1
APTULRESIT;1;17.8.1924;1;0
TUK;1;14.4.1978;1;0
APTULKERIM;19;30.6.1956;19;0
HANIYFE;3;1.2.1961;0;3
EMRALIYE;1;20.10.1943;0;1
DARIYE;11;13.5.1953;0;11
ZATINUR;223;25.2.1962;3;220
GULURUF;29;29.8.1962;0;29
VILMA;57;6.4.1965;0;57
KADINCIK;68;30.10.1951;0;68
MINDIYE;3;18.10.1961;0;3
MENET;33;27.9.1955;0;33
ZADEN;4;24.2.1966;0;4
GULUZANI;1;26.11.1955;0;1
ZEBIT;1;22.8.1919;0;1
UFEYRA;7;11.7.1986;0;7
BILCIHAN;11;7.4.1974;1;10
FAHIMAN;15;16.9.1955;3;12
BAHAYI;7;23.12.1959;7;0
OGUZBAY;1;12.4.1965;1;0
BULSEN;10;21.12.1964;0;10
MUMINAT;62;28.4.1961;2;60
BAHSETTIN;8;23.1.1955;8;0
UMID;96;1.4.1968;82;14
SEVENDER;26;8.12.1963;1;25
HULMUS;9;22.1.1952;0;9
MEKEDINE;2;5.8.1927;0;2
FAIMAN;3;20.9.1944;0;3
NEZBADE;1;6.7.1964;0;1
GUMRAN;28;9.7.1964;4;24
YETGINER;9;4.6.1964;9;0
NEVMEHAL;1;10.6.1946;0;1
SERMISAH;1;7.11.1946;0;1
AYSUNA;23;12.11.1968;0;23
KUSAGAG;1;9.4.1926;0;1
ABDULKASIF;1;1.4.1959;1;0
MARZIYET;1;25.5.1947;0;1
SERVERDE;1;7.10.1929;0;1
EVSA;8;1.7.1973;0;8
NAYLAN;54;22.11.1965;0;54
YAMIN;137;6.2.1958;137;0
YILSAR;1;27.1.1956;1;0
NERMEN;8;8.12.1964;0;8
HASANBAKI;2;19.11.1960;2;0
ILHAMA;24;18.9.1974;0;24
FERZINDE;41;17.12.1968;39;2
TAHRIP;2;13.9.1963;2;0
BUHEYSA;4;7.10.1976;0;4
ERTEMEN;1;1.6.1973;1;0
AFRANUR;5;16.8.1981;0;5
RUKKUYE;8;23.12.1959;0;8
IMDADIYE;18;28.9.1962;0;18
OMERAL;1;25.10.1951;1;0
BAHIGUL;1;26.3.1950;0;1
GULAKA;1;10.9.1977;0;1
ABTUL;14;23.6.1967;14;0
EJDA;39;22.5.1978;0;39
MECDUDE;4;22.12.1948;0;4
EREMRE;1;3.6.1976;1;0
CELEBIHAN;1;16.11.1984;1;0
SIAR;73;11.6.1982;67;6
BAYSAT;2;7.2.1959;2;0
TEKRUR;2;2.9.1962;1;1
BURSEL;53;17.9.1965;3;50
KITAYIN;8;5.6.1962;0;8
KURBANGUL;9;5.10.1964;0;9
OGULBEK;6;25.1.1968;0;6
AZIZULLAH;17;29.9.1973;17;0
IZETULLAH;2;20.6.1969;2;0
COSARGUL;1;15.5.1962;0;1
MAHIM;2;5.5.1973;1;1
HALIKVERDI;1;15.9.1977;1;0
OGULSABIR;3;8.8.1967;0;3
CUMAMURAT;2;25.6.1967;2;0
MUSUMA;1;11.3.1982;0;1
KORPE;30;21.8.1955;1;29
SEHRAGUL;3;23.8.1951;0;3
ABADAN;4;3.12.1951;0;4
CUMAGELDI;2;10.1.1952;2;0
SAHBEBE;1;19.9.1975;0;1
BOLGUN;1;6.4.1933;0;1
ROZBIBI;5;17.12.1967;0;5
AYCEMAL;5;9.7.1967;0;5
EMDA;1;28.3.1929;0;1
SAHSULTAN;4;20.1.1957;0;4
SAYAT;141;17.5.1970;100;41
AKNEBAT;2;23.11.1972;0;2
YASULTAN;1;21.4.1965;0;1
ABDULSEDTAR;1;2.8.1963;1;0
GULAMHAYDAR;4;7.12.1968;4;0
KURBANAY;6;19.8.1954;0;6
OGULDURDI;2;27.6.1952;0;2
MERETKUL;1;27.6.1949;1;0
OGULSULTAN;6;27.10.1953;0;6
ABDULKEBIR;8;8.4.1970;8;0
KIZILGUL;55;26.8.1961;0;55
OGULSELVI;1;9.3.1967;0;1
ABDULSUKUR;15;10.1.1968;15;0
HUDAYINAZAR;5;23.4.1963;5;0
OGULDONDU;1;15.7.1958;0;1
MAHIMSAH;1;21.4.1971;0;1
HIDIRKULU;1;19.5.1963;1;0
ABDULGAFFUR;95;11.10.1972;95;0
MUHAMMETZAHIR;1;17.6.1962;1;0
MURTAZAKUL;1;12.2.1983;1;0
ABDULKAYYUM;21;1.2.1966;21;0
SIIRNAZAR;1;27.8.1968;1;0
OGULMURAT;3;8.1.1961;0;3
BIBI;84;23.5.1964;0;84
OGULKISI;1;25.4.1943;0;1
BEBERAUFE;1;23.3.1979;0;1
GELDIGUL;1;2.3.1963;0;1
ALLAHNAZAR;2;4.3.1960;2;0
RAHIMULLAH;7;2.7.1979;7;0
HALMURAT;3;12.5.1962;3;0
GAYBULLAH;2;8.11.1976;2;0
ZULPE;1;15.11.1958;0;1
KULAMRESUL;1;6.5.1986;1;0
ESETULLAH;2;9.8.1964;2;0
OGULCUMA;3;9.8.1966;0;3
GULAM;32;24.7.1962;29;3
BOLDUGUL;1;16.11.1965;0;1
KILICDURDU;1;16.11.1965;1;0
AYSULTAN;6;1.9.1963;0;6
SAPAR;3;20.7.1974;1;2
BIBINIYAZ;4;9.8.1961;0;4
OGULBUKE;1;13.9.1958;0;1
ANABIBI;1;25.10.1955;0;1
GULUMSAKI;1;11.6.1975;1;0
MUHAMMETEMIN;7;10.12.1967;7;0
UVEZGELDI;1;27.10.1978;1;0
ALLAHVERDIHACI;1;7.8.1922;1;0
ZILHICE;7;8.7.1952;0;7
MINIS;13;5.9.1957;0;13
KEBIRA;15;19.8.1966;0;15
SIMUZAR;10;30.5.1959;0;10
NEVDIYE;14;15.1.1965;0;14
EMZET;1;12.8.1935;0;1
BUSEYINE;8;14.8.1965;0;8
MEMBER;16;21.4.1969;4;12
DONDULU;6;19.12.1956;0;6
SAMAIL;10;28.12.1959;3;7
MENBER;9;11.12.1969;1;8
BEHSET;34;25.5.1960;34;0
DERBENT;5;26.1.1978;5;0
MUSENNA;22;6.6.1976;12;10
JAMILA;8;19.8.1968;0;8
SITTIHA;1;27.2.1962;0;1
TUGA;9;29.3.1981;4;5
NARIGUL;21;23.9.1963;0;21
BELGINUR;5;27.10.1977;0;5
ERYILMAZ;43;25.12.1957;43;0
NUMUFE;1;2.2.1939;0;1
NUFUDE;21;11.12.1961;0;21
EYFAN;2;24.8.1964;0;2
NAFIGAR;1;17.8.1942;0;1
NERGHIUZEL;1;11.12.1977;0;1
RESIBE;6;1.1.1957;0;6
SAYET;24;20.5.1962;8;16
MAHINAZ;24;26.3.1954;0;24
DURDUMURAT;1;2.8.1974;1;0
EDAVET;2;3.2.1959;0;2
RUHIZE;25;3.8.1960;0;25
SEHERHAN;6;3.12.1959;0;6
HALISET;20;18.5.1961;0;20
DERKIN;1;25.8.1979;0;1
MURKUZET;1;11.12.1964;0;1
NECMURIYE;2;26.8.1974;0;2
MUNUSER;8;14.3.1973;0;8
HUZURU;1;26.9.1970;0;1
CEVZAN;20;25.1.1952;0;20
NERKIN;2;17.1.1974;0;2
MUKAYIN;1;17.2.1983;1;0
SENALI;9;15.1.1973;9;0
MERTAY;18;22.4.1983;17;1
ATILANT;1;12.2.1977;1;0
NIKAHIYE;1;1.1.1;0;1
FEHRA;6;27.1.1966;0;6
UBEYDA;12;23.9.1976;7;5
TURCEN;143;23.12.1959;0;143
SULFETTIN;31;12.12.1959;31;0
NURYAL;3;20.11.1977;0;3
SAIHAT;3;12.9.1953;0;3
MELIKENUR;6;27.4.1983;0;6
YUNUSHAN;11;8.12.1986;11;0
BECEL;1;26.6.1941;0;1
SUVAIL;2;23.12.1971;2;0
VEJIN;2;16.2.1957;0;2
AHEN;12;12.1.1963;9;3
PARIS;22;26.7.1954;8;14
CICAG;1;2.8.1927;0;1
HUSIYE;5;21.1.1954;0;5
HAKAY;10;21.1.1975;10;0
GULOS;22;23.1.1963;0;22
NEKILE;2;14.1.1957;0;2
SEHVETTIN;2;20.2.1955;2;0
EMBER;28;30.10.1966;10;18
LUSIK;17;30.5.1946;0;17
GENCI;3;28.6.1951;3;0
ZULKU;16;11.4.1966;14;2
ALAUTTIN;5;5.2.1949;5;0
TEBERNUS;134;10.7.1967;131;3
ABDUTMUTTALIP;1;9.7.1972;1;0
NORSA;1;19.9.1941;0;1
MERDINAZ;16;7.7.1953;0;16
EHRUME;2;27.6.1954;0;2
KARABEKIR;13;15.8.1957;13;0
BILKIZ;6;7.4.1969;0;6
TUGMAN;19;11.1.1962;19;0
NEVASIYE;12;25.5.1960;0;12
MERMIYE;19;8.9.1952;0;19
MABUL;1;17.4.1963;0;1
HUSNUCAN;12;22.9.1980;10;2
RASULI;3;25.2.1976;3;0
MAGRIFET;6;27.7.1958;0;6
EZDAR;10;11.2.1964;10;0
GULAFIYE;39;17.2.1962;0;39
SERDENUR;1;30.5.1975;0;1
NISAMETTIN;6;2.1.1973;6;0
MUSERREFI;1;20.7.1978;0;1
CEYHUNI;7;28.7.1965;7;0
MIHRIMA;7;2.1.1974;0;7
MUALE;2;2.12.1970;0;2
HOSAGA;2;11.4.1955;2;0
MISILLI;1;11.7.1940;0;1
SENUYIDDIN;1;13.1.1958;1;0
H.HAMIT;1;21.12.1969;1;0
INAAT;2;12.2.1965;0;2
BEKULU;2;2.4.1969;2;0
SAHZER;48;27.4.1954;2;46
HUDAYIVERDI;2;4.1.1981;2;0
SAFFER;9;17.2.1952;0;9
VERZILE;1;16.12.1957;0;1
BOGACHAN;102;25.6.1981;102;0
MESAVER;1;10.4.1965;0;1
SURAYI;28;6.12.1966;10;18
UMRUZ;8;29.8.1963;0;8
ULUBAT;4;13.10.1980;4;0
KUTALP;6;6.5.1988;6;0
PADI;26;29.2.1948;0;26
ALMALA;1;11.1.1983;0;1
RUFEDDIN;1;6.6.1968;1;0
MULKEN;11;28.8.1966;0;11
BAKAYI;1;22.2.1967;1;0
NAREL;1;28.6.1980;0;1
PAKINAZ;11;30.11.1958;0;11
ALICEMAL;14;5.5.1969;14;0
ELIFGOKCEN;1;7.2.1990;0;1
SUBAYI;2;1.11.1970;2;0
SARGIN;19;2.5.1969;17;2
HAZARHAN;3;6.1.1989;3;0
FELIDE;5;1.6.1939;0;5
MUVESSER;13;26.7.1956;0;13
FUATTIN;3;12.12.1938;3;0
SUAYF;1;25.10.1980;1;0
SEZENNUR;3;1.5.1975;0;3
HITAMIYE;2;4.2.1959;0;2
NURBIR;3;22.2.1324;1;2
MEDIHAT;22;12.2.1966;1;21
HUBEYB;19;27.9.1985;19;0
GULAMRESUL;6;17.3.1964;6;0
PAZARHAN;1;2.8.1925;0;1
RUIYE;8;24.9.1958;0;8
KADENFES;1;6.4.1950;0;1
SAFNUR;5;28.10.1971;0;5
EYUPHICRANI;1;12.11.1982;1;0
FEVZULLA;3;16.12.1974;3;0
SAKIBA;8;20.9.1961;0;8
MURSEMIN;2;9.10.1971;0;2
MUSEYYI;1;27.1.1952;1;0
GULVISNE;2;16.5.1971;0;2
SENKUT;4;14.2.1960;3;1
YAGIZHAN;19;27.6.1988;19;0
SEYMIN;8;21.8.1964;0;8
YARSEL;5;29.5.1974;0;5
ATIGE;20;28.4.1958;0;20
SAHMIDAN;2;22.1.1949;0;2
SULFET;4;11.10.1949;0;4
GULSEMIH;5;3.5.1976;0;5
HUDAKER;16;5.7.1966;2;14
ABDULMUSLIM;1;27.7.1932;1;0
URMUS;13;5.7.1946;0;13
ERBUKEN;1;18.12.1963;1;0
GULADE;4;12.4.1962;0;4
MUSDAFA;2;25.12.1927;2;0
SAHNAGUL;3;2.4.1970;0;3
SEVGIBE;1;12.5.1971;0;1
MURSALE;1;22.3.1955;0;1
HIRIZMALI;9;16.1.1949;0;9
BAMIYE;4;24.12.1949;0;4
NECAVIT;1;21.11.1981;1;0
SUVAYDA;1;17.4.1983;0;1
MUFTELA;16;5.2.1951;2;14
CANAP;24;30.4.1972;23;1
EFRUME;3;7.5.1978;0;3
DILFIRUZE;2;17.4.1980;0;2
VAHHIDE;1;16.4.1987;0;1
SIMANUR;9;2.7.1983;0;9
LUGIS;1;2.5.1951;0;1
GULEDIYE;1;27.3.1974;0;1
TUDYE;1;7.9.1970;0;1
UNVEREN;4;29.3.1959;4;0
ULCAZ;11;1.11.1959;0;11
MEMRUNE;4;23.8.1972;0;4
MEVRANUR;1;15.10.1983;0;1
HISVIYE;4;26.8.1949;0;4
KORKUNT;1;19.4.1978;1;0
TANERI;14;1.2.1962;14;0
ILKNURULLAH;1;2.10.1983;1;0
ULVUYE;33;19.4.1960;0;33
BATTUM;1;12.8.1935;0;1
BAYDUR;22;4.8.1961;22;0
BERRU;57;1.4.1987;0;57
ENTEM;1;9.10.1952;0;1
VECNI;11;12.11.1963;11;0
ZINNIT;2;19.8.1972;0;2
NURBETTIN;1;12.9.1965;1;0
SEYAMI;19;12.10.1965;19;0
ELBAY;9;27.5.1969;7;2
GULABIDE;2;18.9.1969;0;2
SAHSINEM;26;18.6.1957;0;26
GULCEHREN;1;17.8.1954;0;1
CUMAGAFFAR;1;25.9.1967;1;0
MUFRIDE;36;9.2.1965;0;36
SALIHASLAN;1;7.11.1972;1;0
MAHPIP;6;1.8.1968;0;6
GOKTE;3;8.2.1979;1;2
GURTOP;1;21.4.1948;0;1
YURDEN;4;18.8.1958;0;4
GULCUBUK;59;2.7.1952;0;59
TAYNAZ;1;28.4.1968;0;1
TAMRIKO;2;15.8.1973;0;2
CANSEVIM;7;14.8.1961;0;7
USTAY;3;19.4.1973;3;0
MELIHGAZI;3;5.7.1979;3;0
UFRAN;10;26.12.1957;3;7
ZERMIDE;1;13.3.1973;0;1
MUSEYYIT;1;12.9.1971;1;0
AKARDENIZ;1;4.8.1991;1;0
TUGBE;7;4.6.1970;0;7
ZEBITHAN;2;4.7.1946;0;2
BIRANDA;4;20.6.1979;0;4
SURVET;7;10.11.1958;0;7
IMIC;1;27.5.1968;0;1
SAHUR;6;14.9.1961;3;3
MESRURIYE;13;7.12.1953;0;13
MEHBIB;2;14.10.1956;0;2
ISTIHAR;22;26.10.1971;0;22
BATI;33;21.11.1975;26;7
VEZIFE;20;19.6.1967;0;20
SEIBE;7;12.9.1971;0;7
BERDARI;4;6.3.1969;4;0
OYMAN;12;5.7.1967;10;2
NUSRETE;17;13.5.1956;0;17
MERZIK;1;11.6.1963;0;1
USGUDAR;1;6.4.1967;0;1
TEYMURTAS;1;19.2.1966;1;0
EMRIMEYYA;8;24.4.1968;8;0
GURSAD;34;7.6.1978;33;1
SOHEDA;2;1.1.1978;0;2
MUVETTET;11;9.2.1970;0;11
BIRSELMAN;1;1.6.1966;0;1
TUGBAHILAL;1;28.2.1987;0;1
KUMRUGUL;2;10.10.1976;0;2
BEYZAVI;6;1.8.1973;6;0
SURURU;6;10.7.1965;6;0
DEMIROZ;5;13.8.1952;5;0
JOHN;12;23.5.1966;12;0
SEHLEVEND;1;20.7.1972;0;1
ISVEHAN;2;7.11.1982;1;1
SANSI;7;9.3.1964;3;4
KEBIRHAN;3;2.5.1959;0;3
EYSARA;1;18.7.1948;0;1
ERBAS;15;27.2.1971;15;0
KULZADE;1;7.3.1956;0;1
ORGUN;45;4.5.1978;41;4
MIRIZA;2;9.9.1953;2;0
TONGABAY;1;22.8.1972;1;0
SEYHRAZI;1;11.2.1980;1;0
URRET;1;1.12.1960;1;0
RUKHET;1;24.11.1979;0;1
TUMURTAS;1;7.2.1952;1;0
NERCINS;1;26.1.1973;0;1
GUVENDER;1;26.6.1955;0;1
GULCIBIK;5;19.3.1963;0;5
GAYRET;38;13.6.1968;19;19
GULRUFU;1;19.7.1955;0;1
KIRBA;2;10.6.1937;0;2
BASIDE;5;12.2.1967;0;5
SEMRAMIZ;4;29.8.1964;0;4
MEHSUDIYE;2;5.1.1967;0;2
SEVDAGMEN;1;18.4.1969;0;1
SENGIL;11;20.12.1957;0;11
MUVELLA;7;7.12.1956;0;7
ALINECI;1;21.12.1953;1;0
GOSEL;1;17.2.1966;0;1
SEVHURE;3;15.8.1974;0;3
UNIZ;1;6.7.1981;0;1
KUTMU;3;29.3.1962;0;3
YASELIN;2;13.4.1980;0;2
ALINAS;10;18.5.1952;10;0
AGZER;1;4.4.1963;1;0
ZULHANLI;1;2.2.1963;1;0
ASAL;9;17.1.1965;7;2
PERDANIYE;3;30.3.1964;0;3
MAYRIYE;10;22.7.1978;0;10
MEFTUM;6;30.5.1967;5;1
KAYDI;18;25.6.1942;18;0
ORHUC;1;12.3.1965;0;1
HUSAMETDUN;1;11.3.1974;1;0
ANURE;3;12.11.1970;0;3
MERBADE;1;7.2.1952;0;1
GULMAYA;15;7.1.1960;0;15
NIHANNUR;4;9.8.1963;0;4
ELFIZAR;14;28.9.1957;0;14
PEHRIYE;10;23.5.1951;0;10
BENNIHA;1;17.2.1966;0;1
MISKIGUL;2;16.9.1958;0;2
LUZBIYE;1;17.5.1964;0;1
ZAREF;1;29.6.1947;0;1
SAHMEN;5;16.11.1953;3;2
MEKTURE;4;30.10.1949;0;4
SELVAY;37;4.8.1971;0;37
SADIMET;10;22.9.1953;0;10
UMUDE;29;26.10.1963;0;29
MEYSEREN;6;19.7.1971;0;6
SERRAH;11;11.1.1979;0;11
MAYTAP;38;1.9.1963;0;38
SEMRIL;7;19.9.1967;0;7
MUDUVET;1;20.10.1980;1;0
BERIMAN;6;13.7.1975;0;6
MECNUR;28;27.2.1983;21;7
YELESER;5;28.6.1962;0;5
ABDUC;2;15.10.1954;2;0
CAMALI;17;25.8.1967;16;1
NIVEDIYE;1;17.2.1948;0;1
CERRAF;1;13.12.1976;1;0
IBRAN;4;18.6.1959;1;3
AK;14;29.7.1955;8;6
CENEP;2;15.11.1962;2;0
BAYCAN;285;9.5.1977;267;18
DOMIYE;3;30.5.1958;0;3
DULDULE;1;26.5.1966;0;1
BAYRAMI;4;23.11.1973;1;3
SENCIFE;1;16.11.1976;0;1
SUGUFER;1;21.9.1948;0;1
UNZELE;2;23.5.1975;0;2
NAZLUGUL;1;1.2.1967;0;1
HARDES;1;12.2.1941;0;1
KIYASEDTIN;1;6.5.1980;1;0
BERKINAZ;2;21.6.1954;0;2
ABDULGAFURALIM;1;15.6.1980;1;0
AKILBEY;1;5.12.1960;1;0
MAHSUL;13;22.5.1965;7;6
NURCIL;11;16.12.1975;0;11
MAHSUBU;1;17.4.1954;0;1
CIVIL;2;16.3.1965;0;2
BERRIYE;12;9.2.1951;0;12
IRIZA;7;5.2.1956;7;0
RABA;13;27.9.1951;0;13
HUZILI;1;21.5.1978;1;0
NURSILE;17;25.11.1977;0;17
MUZEL;3;29.10.1959;1;2
PEHLI;2;16.5.1969;2;0
GULFIKER;8;8.8.1952;0;8
FIYET;233;5.2.1963;1;232
TUKES;13;13.6.1799;0;13
BEHCETTIN;14;11.6.1959;14;0
SABILET;3;16.9.1946;0;3
FETAHATTIN;9;5.5.1955;9;0
MULADIYE;4;25.10.1961;0;4
FATMAK;1;9.11.1963;0;1
BELKAN;39;8.1.1977;30;9
HANZELE;9;10.4.1985;9;0
MURAFIYE;3;22.9.1954;0;3
NEVSER;79;1.6.1963;1;78
MEKTUPHAN;1;12.7.1965;0;1
SEVTEN;2;29.8.1950;0;2
SAHSER;39;1.6.1964;7;32
EKIBE;3;11.7.1966;0;3
ARZUYA;6;2.6.1967;0;6
RIDVANIYE;59;23.5.1965;0;59
SERMAHA;1;26.7.1960;0;1
HIKMED;5;28.3.1953;4;1
SASNE;3;30.9.1947;0;3
EDAETTIN;2;21.8.1952;2;0
ZUNBUL;389;20.12.1950;0;389
PURDEZ;1;7.2.1952;0;1
GULZARIF;3;10.9.1953;0;3
SENIRE;8;30.8.1957;0;8
ZIYAATDIN;6;9.8.1972;6;0
GULUFAR;2;24.9.1972;0;2
MEHNAZ;15;10.9.1980;0;15
KENTURE;14;9.10.1965;0;14
EHRAMIYE;1;27.8.1938;0;1
SIFATI;3;4.10.1970;2;1
FASFI;2;6.5.1964;2;0
VEYZULLAH;1;1.5.1972;1;0
SUDET;113;13.12.1973;0;113
ERCIYAS;34;28.11.1968;31;3
GENCARDEM;1;27.2.1974;1;0
SENIM;36;9.12.1972;1;35
ALPERTUG;1;13.4.1992;1;0
NARISEN;48;12.9.1960;0;48
FEREMIZ;5;20.5.1958;5;0
HURDEM;11;18.6.1973;10;1
HASLER;1;12.2.1953;0;1
SOSAN;103;5.1.1957;6;97
YUZGEN;13;17.5.1977;0;13
FATUK;4;19.5.1961;0;4
HAMISHAN;1;1.10.1955;0;1
ZUHNUR;1;12.5.1977;0;1
RAZEL;5;27.7.1975;0;5
FENIHA;3;11.2.1971;0;3
ZIYABA;1;27.10.1980;1;0
ERSEVEN;43;30.7.1973;40;3
SESMINAZ;2;24.8.1975;0;2
MIYESEL;8;21.2.1969;0;8
TABIHA;3;25.11.1990;0;3
ADLEN;120;28.9.1970;106;14
SIYRET;19;24.3.1967;10;9
ZUBAYDE;4;30.12.1961;0;4
HACCET;1;28.1.1964;0;1
ERKAYA;7;15.9.1957;7;0
SIFADE;34;2.7.1966;0;34
EBABIL;18;7.10.1973;13;5
TEBLIKAN;1;1.6.1973;0;1
NURNIHAL;12;27.9.1972;0;12
TAVABIL;18;10.8.1965;16;2
SUKRANGUL;1;9.7.1986;0;1
SADANUR;16;15.5.1950;0;16
IRAS;21;28.5.1960;0;21
PURANDOT;1;17.8.1930;0;1
DUDUSAH;2;1.10.1974;0;2
ABDULSINAN;4;18.5.1980;4;0
EHVANI;1;12.11.1965;1;0
SEVBUKE;1;27.10.1990;0;1
MIADIN;1;29.3.1946;0;1
MIVA;2;7.9.1950;0;2
CANBULAT;25;15.11.1959;25;0
MUTEHAR;7;16.8.1956;0;7
AYDAL;10;27.1.1964;8;2
MENZUNIYE;3;18.6.1959;0;3
GULKADIR;1;2.3.1972;1;0
SELENGUL;5;22.7.1980;0;5
NAFIKAR;15;2.7.1946;0;15
SONSUZ;4;4.6.1979;3;1
GULTAY;18;24.12.1963;4;14
FERMIS;4;15.12.1961;0;4
AYMETTIN;6;1.3.1972;6;0
BELGINER;1;4.4.1969;0;1
YASAI;1;16.2.1975;1;0
BEDUL;12;13.9.1972;1;11
ZAYNURE;1;27.5.1949;0;1
FADIMEGONCA;1;7.9.1976;0;1
SEYBET;120;22.6.1979;0;120
LUTFUYA;16;16.2.1967;0;16
ANNAMARIE;2;7.10.1973;0;2
KAKAY;1;12.8.1923;0;1
MAHBER;22;23.11.1955;0;22
NUGREN;1;30.6.1955;0;1
MUFERRA;46;3.2.1959;0;46
TUTAY;21;8.3.1966;12;9
IZMEL;1;4.6.1979;0;1
GULAZER;19;12.7.1967;0;19
HILMIHAN;7;18.11.1968;4;3
RAGINAT;1;8.7.1979;0;1
MESRIYE;11;12.5.1951;0;11
HURMANIYE;23;25.4.1955;0;23
MUVLUDE;2;29.2.1979;0;2
ZELBUZE;1;12.2.1941;0;1
MUSEYYE;5;17.11.1965;0;5
PERICIHAN;9;9.11.1953;0;9
GULDIREN;10;18.4.1960;0;10
SUBUYE;17;24.10.1958;0;17
HOSCAN;4;20.7.1961;3;1
CAGAFER;1;18.2.1964;1;0
NILEFER;6;24.6.1965;0;6
MENSUL;3;29.11.1974;3;0
SEHREGUL;12;16.12.1966;0;12
GULAZIZ;4;11.4.1965;2;2
CESNIMAZ;1;24.5.1953;0;1
SACLI;88;1.8.1952;1;87
GULKANAT;1;17.9.1948;0;1
GULKIRAZ;29;19.8.1965;0;29
SUBYE;5;28.12.1952;0;5
NEZEKAT;5;11.6.1965;0;5
MURIT;20;22.3.1954;19;1
TUCCE;4;25.2.1958;0;4
ZILFIRAZ;5;20.4.1949;0;5
HARUNNISA;6;16.11.1955;0;6
AKYUZ;6;22.1.1962;4;2
SELAMED;2;30.1.1972;1;1
ZULLUGER;1;24.7.1961;0;1
GOGAY;1;25.9.1962;1;0
FERIZADE;20;4.2.1969;0;20
KERKAS;6;22.12.1957;0;6
TUTGE;1;15.11.1948;0;1
GULDATLI;2;18.2.1954;0;2
KINYAS;446;24.11.1973;442;4
ZERICAN;124;13.9.1969;1;123
HUNAV;95;15.6.1963;0;95
MEVTUNE;26;16.1.1973;0;26
GULEVE;1;7.7.1950;0;1
RECAYII;1;15.1.1979;1;0
NUFELI;1;15.3.1962;0;1
VIJDANIYE;2;8.5.1971;0;2
SEMAHI;17;21.3.1964;7;10
MUKREMI;8;19.8.1719;7;1
ASANBEY;1;1.4.1953;1;0
NEZAHE;6;28.4.1959;0;6
GADIRYE;2;26.3.1966;0;2
LEYLAFER;14;25.12.1955;0;14
GUHDIJA;1;11.8.1948;0;1
GULANDI;3;28.8.1960;0;3
ZIYATI;2;3.4.1969;2;0
AYSULE;14;10.6.1973;0;14
TULAN;18;1.4.1964;3;15
SEDAA;1;14.10.1983;0;1
ZEYLA;20;29.6.1968;0;20
MECHULIYE;1;30.9.1965;0;1
FATMAZEHRA;5;26.2.1989;0;5
DEFLIN;3;11.5.1979;2;1
CETINCAN;5;14.7.1979;5;0
IKBARIYE;17;8.11.1956;0;17
BILALCAN;4;15.4.1983;4;0
AKBEL;14;24.1.1979;1;13
ZAFETDIN;1;16.2.1956;1;0
SALIMBEY;4;21.7.1957;4;0
GIZDEM;1;22.2.1990;0;1
GURBUZHAKAN;1;6.4.1967;1;0
AVNIBEY;6;17.1.1965;6;0
MUSUYE;6;1.6.1967;0;6
NURBEYAZ;28;8.8.1969;0;28
MAHZUN;26;8.2.1970;21;5
MEVLANIYE;12;29.9.1969;0;12
ZULKARNEY;22;8.2.1966;22;0
FEVZAT;16;17.6.1958;14;2
TOMIRIS;6;12.10.1957;0;6
EBOZER;1;14.2.1974;1;0
MECMETTIN;22;11.8.1967;22;0
MILLETHAN;3;15.9.1948;0;3
BERGUZER;30;12.1.1954;0;30
BEYSAFA;89;25.10.1959;89;0
KIMIYE;12;3.10.1963;0;12
SEVDAY;7;10.11.1964;1;6
EKANI;1;7.11.1970;1;0
PILI;6;15.11.1958;0;6
GULSEDE;29;9.7.1962;0;29
HUSME;15;16.8.1953;0;15
OZLE;37;7.5.1979;2;35
EBRUME;1;7.2.1978;0;1
BEYMA;6;14.7.1981;0;6
SERAMETTIN;5;13.7.1975;5;0
ZABIYA;1;12.3.1959;0;1
EDAVIS;1;7.6.1946;0;1
TAYSUN;17;25.6.1976;14;3
AYBEGUL;10;26.5.1984;0;10
ELUL;1;2.4.1963;1;0
BILGEGUN;1;25.6.1980;0;1
SEIBET;2;30.1.1957;0;2
SAFANUR;27;22.7.1975;3;24
NERGILE;9;13.9.1961;0;9
KEKKO;9;13.7.1937;9;0
SEKIRNAZ;363;17.5.1968;0;363
UMMUZET;1;22.9.1955;0;1
GULBEZER;5;21.10.1962;0;5
MIYHANE;1;12.8.1929;0;1
ATLEY;1;11.2.1957;1;0
OKUL;3;17.7.1953;3;0
FISNE;5;25.5.1972;0;5
ILPER;28;20.2.1978;2;26
TUCCALI;4;18.6.1957;0;4
UHRAN;3;19.3.1952;2;1
TELABI;1;19.2.1984;1;0
MUHREDIN;1;29.12.1950;1;0
CISEGUL;2;6.5.1970;0;2
MUHACIDE;1;27.3.1980;0;1
SAHSEMIN;7;21.5.1977;0;7
SIMAYI;5;5.2.1963;0;5
SEYIBET;4;18.11.1970;0;4
REYBE;2;17.3.1966;0;2
ELBE;4;1.3.1978;0;4
UZAR;9;9.2.1967;3;6
DENSIZ;13;18.5.1961;1;12
IPEZ;1;1.4.1938;0;1
NEVIZER;10;26.12.1957;0;10
LOKER;1;2.8.1933;0;1
CIHANYANDI;8;23.5.1949;1;7
DESTEMEN;5;24.9.1958;0;5
CENER;18;12.2.1980;17;1
MUKRAMIN;46;19.3.1979;45;1
ELFUZER;1;15.2.1935;0;1
TALUHA;2;29.11.1974;1;1
DURAZIYE;15;13.10.1970;0;15
SALUR;5;15.8.1968;4;1
ZERIL;8;24.9.1965;0;8
ISMILAZ;1;23.12.1967;0;1
MUSLUMHUR;1;1.10.1975;1;0
SEHRIZAT;26;2.7.1959;2;24
SEVIYYE;34;19.8.1955;0;34
H.NURIYE;1;2.8.1933;0;1
GULTATLI;4;13.4.1958;0;4
ADALE;4;5.12.1966;0;4
CUMUK;4;21.3.1944;4;0
FITMET;3;14.4.1945;0;3
GURMU;1;21.11.1940;0;1
NEBEAT;6;19.8.1959;0;6
YAMANE;1;18.11.1955;0;1
RESUDE;54;8.11.1951;0;54
HULGU;1;1.6.1981;1;0
H.ETEM;2;22.1.1956;2;0
CELALETDINI;1;25.10.1971;1;0
BIRYAN;10;4.8.1969;2;8
ZANNURE;5;15.1.1964;0;5
SEHBAZ;23;26.1.1962;19;4
GOZUGULEN;1;2.8.1933;0;1
EDEVET;1;1.2.1966;0;1
MIHRIGUL;29;20.10.1969;0;29
ORAZGUL;1;16.2.1952;0;1
HAYTKUL;1;22.2.1943;1;0
GULFIGAN;11;11.3.1959;0;11
BIBISIRIN;3;23.10.1968;0;3
GELDI;5;15.1.1964;0;5
RAHNE;6;7.3.1957;0;6
MUSTAFAANT;1;7.7.1973;1;0
BUSEERA;1;12.2.1983;0;1
SULGUN;2;23.4.1981;0;2
ABDUNAIM;1;8.3.1987;1;0
YAZBAKI;1;17.8.1972;1;0
EMINULLAH;13;18.5.1977;13;0
OGULSA;1;17.8.1978;0;1
NURMUHAMMED;15;3.2.1978;15;0
AYBERI;2;2.8.1968;0;2
MEVLAM;19;7.4.1970;12;7
BIBIRABIA;1;2.8.1969;0;1
AKBEBE;2;15.8.1958;0;2
BEBECEMAL;1;23.8.1948;0;1
MUHKEMTAS;1;19.6.1960;1;0
AKBIKE;2;3.6.1953;0;2
GULAMNEBI;5;23.3.1969;5;0
BIBIZULEYHA;1;21.12.1948;0;1
VELINIYAZ;1;27.2.1962;1;0
ROZBEBE;1;14.7.1959;0;1
CUMAHAN;15;25.7.1969;15;0
KURBANDURDU;1;10.4.1946;0;1
AHBIBI;1;25.9.1961;0;1
BEBE;10;4.8.1963;3;7
OGULBEY;3;29.2.1969;0;3
CANIGUL;7;30.7.1959;0;7
MOLLASAHIN;1;17.3.1924;1;0
CUMABIKE;1;12.8.1964;0;1
MAMEDULLAH;1;2.8.1963;1;0
TAVUS;253;14.6.1958;2;251
ZIYAGUL;3;10.10.1968;0;3
ABDULNAZAR;7;22.6.1961;7;0
OGULBEKE;1;22.8.1937;0;1
BERDINAZAR;1;26.4.1959;1;0
MURATNIYAZ;1;27.8.1980;1;0
MIRVANKUL;1;2.6.1987;1;0
NAZARGELDI;1;6.7.1949;1;0
ENAR;8;8.12.1971;6;2
RECEPGUL;1;18.10.1991;0;1
TACMEHMET;2;10.1.1971;2;0
BEBESEHRA;1;27.10.1968;0;1
ABDULHUMAYAN;1;16.8.1976;1;0
MEHMETAZIM;1;2.8.1951;1;0
TACINISA;2;2.5.1969;0;2
BOLDI;1;2.2.1963;0;1
ZIVAGUL;2;9.1.1982;0;2
BEBEAYSE;1;17.6.1965;0;1
EZIDULLAH;1;12.8.1953;1;0
BIBIGUL;26;26.6.1969;0;26
ZIFINUN;1;28.3.1962;0;1
BIBIHACER;7;3.12.1971;0;7
KERIMULLAH;25;9.3.1981;25;0
BIBIMELIKE;1;9.8.1975;0;1
AMANULLAH;29;6.2.1968;29;0
OGULEKE;3;26.11.1970;0;3
BIBISAHRA;1;2.8.1981;0;1
IBEDULLAH;10;28.1.1976;10;0
ZIFUNAN;1;7.2.1982;0;1
EMRAHKUL;1;2.8.1957;1;0
ALLAHKULU;2;24.11.1961;2;0
BIBIRUZI;1;20.9.1971;0;1
TAC;24;10.9.1959;7;17
OGULYAZ;1;17.6.1975;0;1
EVEZ;2;22.12.1970;2;0
OGULHALLI;1;19.5.1953;0;1
BAYRAMGELDI;1;23.11.1977;1;0
BABANIYAZ;1;19.10.1943;1;0
OGULBIBI;5;16.4.1969;0;5
ROZI;61;10.11.1964;1;60
MOLLARAHMANVERDI;1;28.7.1949;1;0
COGRA;2;11.11.1945;2;0
ENARGUL;1;1.9.1977;0;1
HALBIBI;5;3.12.1959;0;5
OGULSAFAR;1;16.6.1982;0;1
ABDULHASIM;35;19.11.1978;35;0
OGULNIYAZ;2;13.3.1959;0;2
SAVETTIN;17;23.6.1967;17;0
MEVLAMVERDI;1;4.5.1957;1;0
GULBEBE;2;7.6.1980;0;2
NURUBET;21;4.9.1961;0;21
GUHAN;16;4.3.1967;4;12
SUAIYE;1;27.4.1974;0;1
SOHRETDIN;1;7.10.1966;1;0
SILVANI;2;15.7.1974;2;0
NADIT;3;3.2.1947;0;3
SUZAL;4;8.8.1965;1;3
KEBEHAN;12;2.4.1952;0;12
GURE;1;17.2.1942;0;1
GULENDI;6;22.4.1964;0;6
UREYDE;44;1.2.1962;0;44
HAZIMENT;1;29.3.1944;0;1
TEFIGA;7;16.2.1968;0;7
SEYBA;26;20.12.1981;0;26
SAHBANI;7;3.5.1962;0;7
GERIME;2;28.6.1946;0;2
ZULKARNIN;13;8.12.1958;13;0
MEYMAN;2;3.3.1960;0;2
VINAYET;1;21.12.1977;0;1
NUSURETTIN;13;30.4.1960;13;0
SERTO;3;10.5.1952;2;1
NAMILE;27;24.11.1965;0;27
NILISER;2;11.12.1962;0;2
HATIR;48;19.3.1964;1;47
KARAS;1;22.4.1931;0;1
NIGDELI;5;24.2.1964;0;5
TEYBAHAN;1;27.4.1932;0;1
KARAJ;1;17.2.1936;0;1
GARAFIL;1;11.8.1947;0;1
RUJIYE;2;1.12.1958;0;2
URUKYE;3;13.8.1942;0;3
MUSLIHIDDIN;13;30.12.1970;13;0
NURSAFI;2;14.6.1973;0;2
GULHATIR;21;28.7.1953;0;21
AYKIZ;81;12.2.1970;0;81
TEMUREL;1;26.1.1968;1;0
FERAHZET;1;24.12.1964;1;0
RESALETTIN;1;22.4.1955;1;0
TUTCALI;1;18.9.1960;0;1
COLBEYI;9;11.4.1958;9;0
HABIZET;3;12.7.1965;0;3
MEYSARA;3;1.6.1957;0;3
HUSNUSAIM;1;4.3.1952;1;0
AHMETDURMUS;2;5.8.1951;2;0
SABAHIDDIN;119;8.11.1963;119;0
ELEMIN;2;25.4.1983;2;0
DEMIRKANI;3;15.7.1953;3;0
SEMENI;3;3.1.1965;0;3
HACIABDULLAH;6;1.10.1966;6;0
CAMANUR;6;8.2.1958;0;6
MAHPIB;1;11.5.1984;0;1
HICRIGUL;15;17.3.1967;0;15
YUNISHAN;1;2.6.1976;1;0
AKGULLU;4;21.8.1956;0;4
NESDEREN;3;6.3.1976;0;3
CILVE;47;30.3.1963;0;47
GULFISNE;3;8.12.1973;0;3
NEZANI;9;16.4.1954;0;9
IGDELI;2;20.6.1956;0;2
ILIFER;7;27.1.1965;0;7
FEDAYIL;47;5.8.1964;46;1
NACEDDIN;13;30.3.1951;13;0
NIDELI;1;8.9.1964;0;1
KEBAYI;1;21.3.1971;1;0
ISMISAH;15;12.7.1960;10;5
DILARUZ;1;2.12.1949;0;1
BILSORMA;1;1.5.1954;0;1
NURCAHIT;2;7.4.1972;2;0
MEYSURIYE;2;18.9.1957;0;2
ERDESIR;14;2.6.1963;14;0
ZULFICAN;6;15.11.1977;1;5
NURAYI;37;15.3.1974;1;36
CEYLANIYE;6;21.10.1976;0;6
MISDIK;14;6.12.1948;14;0
MUCCAR;1;4.3.1951;0;1
HASKIS;3;24.5.1962;0;3
OZKAR;3;12.6.1968;2;1
DILRUKIYE;1;11.2.1951;0;1
GUMUNIYE;1;16.7.1969;0;1
YELIZE;4;9.1.1981;0;4
TIPI;12;30.9.1961;2;10
CANBARIS;2;13.3.1985;2;0
SIRKAN;8;19.11.1978;7;1
KUSAT;23;24.4.1967;23;0
KURFAL;1;6.1.1963;1;0
SERPILGUL;23;16.5.1967;0;23
TEBARIYE;1;21.2.1971;0;1
NURETTINGUL;1;6.4.1992;1;0
ENESBIN;2;29.8.1985;2;0
FEYMIYE;21;6.4.1961;0;21
SIVKIDIL;1;25.2.1942;0;1
LIYUZE;10;23.6.1958;0;10
VESAT;8;2.10.1963;8;0
KIPRIYA;7;9.12.1960;0;7
TEBARIK;27;21.12.1958;2;25
EKDIYE;1;20.2.1934;0;1
SAFTEK;1;17.8.1930;0;1
TAGI;93;23.2.1962;93;0
HANCERI;4;8.7.1959;4;0
MEZUNE;23;7.4.1949;0;23
EBUHAYAT;8;26.1.1959;0;8
TEKBIRIYE;1;1.9.1961;0;1
MEMNUNUYE;1;6.4.1963;0;1
ILHEME;1;7.12.1940;0;1
UMMISINAN;1;12.8.1929;0;1
NEJBIYE;5;5.9.1961;0;5
EMINEGULER;1;12.2.1947;0;1
CEMMURAT;2;6.10.1975;2;0
TUTUS;17;24.10.1934;0;17
NEDERIYE;1;27.4.1950;0;1
KARADELI;1;22.2.1949;1;0
ZATULLAH;6;17.10.1968;6;0
RUHUDIYE;2;29.3.1973;0;2
ESRABETUL;1;23.4.1988;0;1
TUHFAN;3;21.8.1982;3;0
BUHARA;30;19.1.1984;5;25
MUZUYYEN;5;22.9.1962;0;5
TIFAN;10;30.2.1963;10;0
SEVGILER;3;6.8.1956;0;3
GULANDAME;1;22.9.1955;0;1
CANMURAT;3;24.3.1970;3;0
HAYDARI;9;3.11.1964;8;1
ZULFUZAR;10;9.8.1954;0;10
MUAZZEN;13;19.12.1965;1;12
TESVIRE;22;15.8.1952;0;22
KAYIP;7;7.10.1966;7;0
BOYREK;1;22.2.1965;1;0
NURTOPU;5;17.9.1966;0;5
SITARA;8;13.9.1962;0;8
HORMUS;15;17.11.1960;0;15
MENSUDIYE;2;16.8.1961;0;2
SALVEZAR;1;2.3.1956;0;1
NEVUBER;1;7.8.1928;0;1
HUSEYINALI;37;3.5.1956;37;0
BASAL;2;30.1.1976;2;0
GULIRMAN;3;25.11.1969;0;3
MUJDEGUL;14;19.3.1979;0;14
HARABI;12;18.7.1967;12;0
HABUK;2;4.12.1947;0;2
ZULCAN;19;12.2.1961;0;19
MUNTANIYE;1;27.3.1956;0;1
GULUCI;1;10.5.1952;0;1
CISELU;1;21.3.1947;0;1
VAZIF;16;16.6.1954;16;0
SURMALI;2;29.2.1965;1;1
SEHRIBE;7;23.6.1950;0;7
MINUFER;8;22.9.1969;0;8
HANSIDE;1;19.10.1930;0;1
SATMEN;5;13.7.1973;0;5
CIVAT;6;21.10.1958;6;0
UMMULHARAM;1;15.4.1986;0;1
NERMESHAN;1;28.5.1937;0;1
GULCANI;2;23.7.1959;0;2
SETMEN;2;11.10.1958;0;2
FERRUKA;1;17.11.1950;0;1
GULLAME;2;17.2.1956;0;2
EBILMUSLUM;1;11.9.1938;1;0
PELIZA;9;14.11.1972;0;9
SEMUK;3;6.12.1949;0;3
SEFERHAN;10;28.5.1952;3;7
MINERE;4;29.5.1963;0;4
TABENDER;2;23.3.1964;0;2
KEVSU;1;21.5.1952;0;1
ZUMNET;1;1.6.1968;0;1
ALEY;20;24.1.1957;1;19
PERUL;9;12.4.1974;8;1
DILPARE;2;21.12.1969;0;2
FERHATTIN;35;22.10.1960;35;0
KEZIMBAN;1;22.3.1967;0;1
MUFRIZAT;1;17.12.1947;0;1
MUTEZIM;76;9.12.1974;0;76
TELUK;1;27.8.1938;0;1
MAFIZAR;1;16.8.1980;0;1
KIYMETE;18;1.3.1956;0;18
PERINA;2;18.2.1963;0;2
NURISTE;3;25.2.1973;0;3
FERRAHI;55;14.8.1973;34;21
ZILFUZE;1;11.10.1988;0;1
LITFI;3;15.10.1967;3;0
SERDAT;8;9.3.1975;6;2
AGABAL;1;16.1.1982;1;0
MANUS;24;11.10.1945;0;24
DEMETGUL;29;11.12.1973;0;29
KARASEYH;3;1.11.1317;3;0
KECEALI;1;11.2.1975;1;0
BAZEY;1;1.2.1955;0;1
NURIAY;4;14.7.1965;3;1
GULAHI;7;18.4.1974;2;5
CANESER;41;7.11.1968;0;41
GULRUHU;4;1.7.1939;0;4
YAZMA;10;29.11.1973;0;10
AGCAN;4;24.9.1973;1;3
BERDOGAN;1;11.3.1982;1;0
GULRUHI;3;2.6.1958;0;3
DURACAK;1;7.2.1957;0;1
SAZETTIN;11;6.5.1967;11;0
ZAHINE;3;10.7.1972;0;3
NECUK;1;7.2.1940;0;1
BILCI;1;17.2.1966;0;1
NUHAR;2;6.11.1963;0;2
NECLAA;1;12.2.1965;0;1
SENDIL;54;11.6.1963;9;45
YOLSU;1;4.12.1990;0;1
TIRJAN;2;6.7.1954;0;2
ILSUN;3;1.10.1977;0;3
BEYRE;6;11.3.1964;0;6
DERDE;108;27.3.1952;57;51
KUKUL;4;1.5.1959;0;4
PILOT;47;18.6.1974;42;5
ELNARA;34;28.12.1978;0;34
KOCYIGIT;4;17.12.1961;4;0
BEDRIGUL;1;11.11.1990;0;1
BAKICAN;4;7.7.1978;4;0
SEZENGUL;13;25.10.1978;0;13
ILKI;50;21.2.1967;4;46
MEPTELAH;1;21.7.1982;0;1
HAYIRSEVER;1;8.4.1949;1;0
ESAMETTIN;35;7.2.1958;35;0
BUKRA;13;5.1.1987;0;13
SEVDAHAN;9;18.9.1981;0;9
TURSUNA;9;16.2.1946;0;9
MINYET;6;30.5.1969;1;5
HAFIT;198;29.8.1967;198;0
NECLAT;13;11.12.1959;13;0
MEVLUL;1;11.10.1932;0;1
GURDOGAR;2;30.11.1975;2;0
BETRI;8;22.9.1969;7;1
SEMAANNUR;1;7.3.1990;0;1
KNARIK;2;19.7.1966;0;2
PIRAHMET;14;9.8.1965;14;0
BUKAN;14;25.4.1970;13;1
ILMEHAN;25;26.10.1967;0;25
ELDEGUN;1;30.9.1960;0;1
GULCAK;1;14.10.1985;0;1
MIYRIYE;4;18.5.1959;0;4
AHIZE;8;12.2.1963;0;8
HILOLA;2;25.1.1984;0;2
MINSER;3;3.8.1961;0;3
FURDEZ;1;17.2.1954;0;1
GENCEHAN;54;21.5.1981;49;5
BURHANITTIN;34;15.9.1950;34;0
MINGUL;22;6.11.1966;0;22
MARIETTA;5;3.3.1958;0;5
RUGUL;16;11.3.1962;0;16
SEVINDJ;9;13.8.1973;0;9
PIRALI;91;4.10.1961;91;0
REIZE;7;25.7.1953;0;7
MELIKIZ;1;22.2.1973;0;1
ELVENT;13;8.8.1967;13;0
SUGUR;1;15.5.1961;1;0
AFIME;2;15.2.1961;0;2
HACISAKIR;4;14.7.1971;4;0
MISINE;3;10.10.1963;0;3
SAYIKE;3;27.9.1948;0;3
TURSUNE;27;30.3.1943;0;27
TANVER;18;13.10.1962;12;6
EBULFAZLI;1;28.3.1973;1;0
TUNBULA;26;15.12.1958;0;26
LERMIYE;2;8.4.1952;0;2
YERIS;6;24.2.1966;3;3
NAGIHA;17;5.11.1968;0;17
HUMERYEM;1;27.6.1980;0;1
GORGU;51;16.6.1972;29;22
ADLER;4;13.7.1976;4;0
MEGFURE;3;11.2.1950;0;3
NAAGAR;1;12.8.1964;0;1
BELFIN;11;23.3.1985;0;11
SEVIMKAR;3;18.1.1968;0;3
HADINCIK;2;6.10.1947;0;2
HUDEYDA;532;13.7.1963;527;5
ULUKAN;42;6.8.1978;42;0
RUKUS;260;10.1.1946;0;260
NEZI;62;25.11.1961;50;12
PEHLEVAN;9;18.7.1957;9;0
YURDSEVER;1;2.2.1970;1;0
BINSEL;12;24.2.1965;1;11
HEVVAL;2;30.12.1981;0;2
LUIDMILA;3;11.5.1975;0;3
KAVMIM;1;3.2.1975;1;0
ZIYSEN;1;18.2.1984;0;1
BENA;17;10.3.1969;1;16
CEMRECAN;2;23.11.1991;1;1
NURLEN;1;12.2.1960;0;1
YIGITALP;34;23.8.1987;34;0
NEVSALE;4;20.7.1960;0;4
HOSOGLAN;26;27.11.1961;26;0
HACIAGA;4;9.3.1964;4;0
CIHANKAR;27;19.1.1960;26;1
VAAT;1;21.8.1987;1;0
HIZIRSAH;3;2.3.1971;3;0
ILKIHAN;4;21.4.1975;0;4
EMINKIZ;25;29.3.1956;0;25
HAVACA;4;12.5.1963;1;3
MELA;24;25.10.1959;3;21
MUTAHER;12;6.1.1965;6;6
GABIRE;1;13.3.1965;0;1
HULLE;3;22.12.1978;0;3
TARCAN;66;10.7.1974;64;2
COSKUT;1;18.8.1969;1;0
KARIYE;28;28.11.1960;0;28
MUBEYLE;2;8.8.1966;0;2
NAFIHAN;8;11.1.1978;0;8
KUPERIYA;9;17.9.1962;0;9
ZENNIN;1;20.6.1957;0;1
GONIN;2;18.11.1951;0;2
YESNE;8;28.5.1961;0;8
SAHITEN;1;6.1.1978;0;1
OSMANIYE;31;12.5.1966;0;31
MELI;36;18.12.1952;14;22
PIYAMIN;4;10.8.1958;4;0
BAYDAR;10;13.7.1952;10;0
KURTAGA;14;6.11.1946;14;0
BERRATI;3;8.11.1976;3;0
SAYKIYA;2;20.9.1949;0;2
KLAVDIA;2;2.4.1938;0;2
TILARA;1;7.4.1970;0;1
FEKRI;1;6.6.1990;1;0
MERYEN;2;11.12.1961;0;2
HAPIB;1;16.9.1938;1;0
AYNURA;19;4.8.1977;0;19
NURDENK;1;25.4.1950;0;1
NEYZEN;29;8.6.1972;19;10
YETKUN;2;17.12.1975;2;0
SUVERDA;2;3.12.1948;0;2
TAYUP;7;30.6.1962;7;0
TARIKHAN;6;22.12.1980;6;0
NATIKE;18;21.9.1964;0;18
HADIBEY;3;21.11.1961;3;0
ABONOZ;4;21.10.1960;4;0
FIYAMETTIN;1;18.3.1954;1;0
ESFET;31;14.3.1963;11;20
MISVAN;1;1.6.1949;0;1
YELIFE;1;26.11.1983;0;1
MUCELLET;20;24.8.1955;13;7
BELUL;7;20.3.1961;6;1
IHSANNAZ;1;19.1.1936;0;1
HEMDI;24;16.4.1961;24;0
PESE;5;6.12.1954;4;1
SARANGIUL;1;4.2.1976;0;1
HANIMCUK;10;6.9.1948;0;10
GULMIN;10;5.2.1975;0;10
HATUNCIK;3;3.12.1961;0;3
CICEKLER;1;8.9.1950;0;1
BEYKIZ;7;17.1.1952;0;7
DUNCAY;1;11.8.1981;1;0
GULSIKAR;11;18.11.1959;0;11
HUDAVENDI;2;8.10.1957;2;0
SAGINE;3;7.3.1958;0;3
NAKEHAN;4;19.6.1966;0;4
FERINDER;4;12.2.1960;0;4
BERNAHAN;1;4.7.1980;0;1
AZKIN;1;1.10.1979;1;0
AHMETSEN;1;22.2.1979;1;0
SAHBAR;3;7.8.1934;1;2
PILIN;2;19.8.1964;0;2
KAMERI;9;23.1.1954;0;9
KANVER;3;10.12.1954;3;0
ERKUN;56;15.6.1965;55;1
SERMAHAN;3;7.12.1972;0;3
CENGIZCAN;2;4.2.1986;2;0
NEVHAN;46;2.12.1974;5;41
ILAHIN;1;17.3.1972;0;1
HEMITE;2;23.10.1962;0;2
DERSU;9;15.1.1985;4;5
NURSABAN;2;2.10.1965;2;0
OLESYA;20;15.8.1980;0;20
FADINE;11;4.1.1965;0;11
KAMIRE;13;22.7.1963;1;12
GURBUN;11;29.11.1962;0;11
MURETDET;1;22.5.1961;0;1
KAPTANIDERYA;1;16.3.1978;1;0
EZIRHAN;2;20.6.1958;0;2
SEMSIMAH;35;16.10.1955;0;35
SEVILLA;7;30.8.1971;1;6
GULHEN;8;3.12.1968;0;8
NURCUK;3;13.1.1974;0;3
KARER;68;10.8.1966;1;67
TURUYE;5;23.2.1962;0;5
AYNER;27;23.9.1970;2;25
HULABI;1;12.4.1929;0;1
URKAY;6;20.6.1971;4;2
NUVEYAR;1;2.7.1975;0;1
KABDAN;3;9.8.1953;3;0
MADIL;10;19.3.1955;3;7
SAVASHAN;8;26.10.1975;8;0
BUMINHAN;20;10.12.1978;20;0
SEBAVET;3;23.1.1955;0;3
DILAVIZ;7;9.2.1958;0;7
NEYIME;14;5.10.1947;0;14
SUBA;6;30.7.1975;0;6
MACID;46;21.9.1967;46;0
SADAGET;4;10.6.1971;0;4
VAKUR;52;1.1.1970;52;0
EGOS;1;29.4.1948;1;0
OZDEGER;7;25.5.1979;6;1
THINA;1;4.1.1959;0;1
GURRE;2;14.8.1950;2;0
DUSUNER;4;1.11.1978;4;0
MEDAIN;46;4.12.1962;43;3
MEZGUL;2;14.11.1959;0;2
ISLAL;2;28.5.1963;0;2
FIKRICAN;6;30.6.1987;6;0
CANYILMAZ;5;7.3.1961;5;0
SUNDUZHAN;1;7.10.1987;0;1
BEYREHAN;1;21.9.1983;0;1
ASRIN;26;15.4.1980;5;21
ZENKI;1;17.4.1936;0;1
TAHSINPASA;1;25.8.1974;1;0
KUKU;7;13.12.1944;0;7
YARCAN;17;18.6.1968;15;2
EKALET;1;11.2.1962;0;1
NUREVSEN;12;2.3.1975;0;12
SUFEKAR;2;7.6.1974;0;2
NEZGUL;44;28.1.1975;0;44
CEDVIN;1;19.10.1948;1;0
SELDE;25;16.4.1977;0;25
SADIKAN;18;13.7.1957;3;15
PIRSELIM;2;15.10.1980;2;0
KOKMEN;10;22.7.1971;7;3
MUDAHERE;3;1.9.1964;0;3
KUPERIYE;9;1.10.1963;0;9
GULFELEK;1;18.3.1966;0;1
YATIKAR;4;26.8.1964;0;4
ARKUN;22;4.8.1969;22;0
BUNYAMITTIN;3;18.5.1955;3;0
EYNU;1;26.4.1964;0;1
PIRSEN;12;28.6.1967;0;12
KUMULA;4;6.2.1958;0;4
ZEYNIL;18;1.4.1965;15;3
SERGAN;14;19.4.1975;12;2
KOCAMAN;4;26.6.1946;4;0
PIRGUL;3;23.6.1974;0;3
NIRGU;1;7.2.1976;0;1
MUFLISE;1;14.11.1968;0;1
HAVAZE;2;9.3.1951;0;2
SIYER;2;25.5.1969;1;1
HEFZE;2;9.7.1959;0;2
CESMEN;2;9.2.1945;0;2
HATIF;46;30.10.1967;46;0
ZULEM;5;30.2.1979;1;4
YURSEL;9;28.9.1967;1;8
BITTI;1;17.2.1972;1;0
SENEME;3;29.5.1968;0;3
RAFIYAN;1;2.11.1963;0;1
PETRONELA;12;6.6.1975;0;12
KOKHAN;17;29.1.1976;16;1
COSAN;92;29.3.1976;84;8
MUVEHHIT;1;18.3.1965;1;0
IVKA;2;30.8.1947;0;2
NESUHA;23;26.6.1968;0;23
AYFAN;9;6.6.1966;1;8
CIRAKMAN;2;25.8.1967;2;0
SUHRAN;12;25.5.1950;0;12
DILDADE;5;19.8.1966;0;5
FEGAN;2;2.9.1968;0;2
NESHAN;14;18.4.1960;1;13
BERCIZ;11;30.10.1961;0;11
SAHIDEN;6;6.7.1962;0;6
ZULEFE;1;21.1.1939;0;1
MUDAHER;8;14.2.1966;3;5
MUHIBER;3;2.2.1943;0;3
NICAR;6;12.9.1960;0;6
MUSACAN;9;19.4.1985;9;0
REYME;7;14.10.1955;0;7
MUSIN;69;26.5.1963;64;5
MELEKHANIM;10;22.4.1959;0;10
MURTAZAMALIK;1;27.7.1978;1;0
SEFERCAN;11;17.1.1986;10;1
MILLIYE;26;9.10.1950;0;26
MUKIYE;15;24.5.1973;0;15
KAMERRUH;29;11.12.1958;0;29
ERSEVIM;8;27.7.1959;3;5
UNSAC;1;12.5.1953;0;1
MELAHIYE;4;19.4.1963;0;4
BASALI;5;7.7.1949;5;0
NUAMMER;1;10.7.1974;1;0
UTGU;6;29.2.1970;5;1
SEVBIYE;18;1.9.1967;0;18
RAMITTIN;2;7.12.1966;2;0
MUCAITTIN;2;12.8.1974;2;0
ZYNEP;1;1.12.1991;0;1
MUSLITTIN;2;15.8.1962;2;0
MINMET;1;25.10.1930;0;1
ABDULNURI;3;30.5.1968;3;0
AYDINSAL;1;17.4.1954;1;0
BAYRAMHANUM;1;23.8.1944;0;1
ESFER;31;12.3.1958;5;26
EMIRALI;186;28.8.1961;186;0
HUSEYINRAHMI;1;16.1.1973;1;0
AYBIR;13;7.1.1974;2;11
MERICCAN;2;28.6.1987;2;0
NAZIGET;2;22.12.1944;0;2
YOLDOGAN;1;11.1.1977;1;0
NATIYE;13;4.11.1961;0;13
MUNISER;29;17.11.1961;0;29
FANIIRFAN;1;15.5.1982;1;0
MUKIYME;8;19.3.1955;0;8
NEMAIL;1;8.2.1952;1;0
NUREM;6;28.11.1971;1;5
DELAGE;1;16.8.1952;0;1
SEFKATDIN;1;25.1.1964;1;0
FATMAHANIM;60;30.6.1962;0;60
NUKTA;18;27.1.1957;0;18
DUDI;87;12.9.1949;2;85
MEVLADE;2;13.3.1959;0;2
KARAHASAN;11;22.3.1957;11;0
MAHUS;5;3.9.1948;1;4
HAMITTIN;12;16.7.1969;12;0
ABDIBAKI;1;27.9.1968;1;0
NETIM;6;25.8.1958;6;0
MERANI;1;20.5.1960;0;1
KUCUKHANUM;1;29.4.1941;0;1
HUKARIYE;1;23.3.1955;0;1
SUKRUBEY;4;17.12.1946;4;0
SABRICEMAL;1;6.5.1942;1;0
MUZEMMIT;1;24.12.1979;1;0
SENTUR;3;4.7.1979;2;1
HARUNTUFAN;1;27.2.1980;1;0
SAMIDDIN;54;23.9.1958;54;0
SELVILE;1;6.5.1960;0;1
FARINUR;1;2.5.1937;0;1
CIHANGUR;15;11.3.1973;14;1
AYCAG;29;10.2.1976;2;27
BEKIRALI;5;5.7.1954;5;0
HAVVAHANIM;9;20.1.1969;0;9
REBAYET;1;11.3.1935;0;1
ALISAMI;6;28.7.1973;6;0
LOKMANALI;1;14.12.1979;1;0
ZEKAYE;9;28.3.1966;8;1
SONBEY;10;18.7.1974;10;0
IMMET;25;13.4.1966;23;2
MUHANMET;48;3.5.1973;48;0
REMZITTIN;1;21.6.1935;1;0
MABUBER;1;2.2.1957;0;1
SEHZIBAN;1;7.5.1970;0;1
YILDIRAYITTIN;1;23.3.1967;1;0
FANDUL;1;1.5.1938;0;1
SEHRAYE;4;12.1.1947;0;4
RUKI;9;13.10.1967;6;3
CEMAAT;8;10.4.1970;3;5
BAYRAMSAHIN;1;2.1.1977;1;0
IBRAHIMHAKKI;24;17.10.1966;24;0
HUSNUHAN;13;1.9.1962;0;13
TEMCIYE;1;29.4.1932;0;1
HALITE;36;12.4.1969;0;36
DOGANOZ;3;4.8.1980;3;0
ILIVE;1;27.2.1944;0;1
SABIP;6;7.12.1965;6;0
FERABI;10;21.4.1970;10;0
NERCIMAN;14;27.12.1963;0;14
OZKURT;5;3.11.1960;5;0
KIFAIAT;3;8.4.1958;0;3
KADEMAGA;1;17.2.1972;1;0
INCIMAN;2;4.5.1966;0;2
ASIYLE;2;11.1.1958;0;2
TAMILLA;13;17.9.1963;0;13
REBBIHAN;2;5.12.1962;0;2
NEDIYMAN;1;30.11.1960;0;1
HAVVELI;18;22.3.1963;0;18
SEYMAGUL;9;18.8.1987;0;9
SERAF;18;14.5.1974;8;10
NUKREDDIN;3;7.7.1952;3;0
MAHIRA;15;29.10.1964;0;15
TUMBULA;15;30.9.1949;0;15
OMIHAN;3;15.11.1977;0;3
NUSLET;4;20.8.1942;0;4
LEYDI;7;4.3.1975;0;7
FEHEM;7;10.1.1953;7;0
FERDAY;18;24.4.1975;12;6
NAVIDER;10;27.6.1961;0;10
ERTUGRAN;14;18.9.1963;14;0
ZUBEYTEN;1;27.2.1962;0;1
ERTOZ;3;29.5.1967;3;0
IKTAN;1;22.2.1967;0;1
NEBILA;16;6.7.1968;0;16
EFLAN;15;21.5.1970;1;14
ZELAHA;17;4.4.1965;0;17
MUYMIN;5;4.4.1974;5;0
NAZIMYE;2;5.6.1972;0;2
OGDEM;1;7.11.1982;0;1
RAMEZAN;13;12.10.1962;13;0
SAHMER;18;25.6.1967;13;5
MEDNIYE;1;7.6.1934;0;1
MIRSASE;1;27.11.1950;0;1
ALIBESE;2;21.10.1942;2;0
MUFRIT;15;18.3.1977;14;1
CALIDE;2;27.8.1962;0;2
NEVRIBE;1;17.8.1990;0;1
SASENE;5;29.1.1953;0;5
SELTEN;7;10.4.1963;0;7
FERKIT;1;2.8.1945;1;0
HUL;1;23.5.1959;1;0
TAYIME;3;18.12.1966;0;3
KATERYNA;14;4.5.1977;0;14
MIVE;1;19.10.1923;0;1
GULBETEN;2;29.5.1964;0;2
CEVLIYE;1;14.2.1971;0;1
CEMSIDE;3;4.12.1957;0;3
NAZIKET;14;24.4.1956;0;14
ILEYDA;3;16.8.1987;0;3
KAIME;27;14.11.1949;0;27
SEFIKAN;3;14.3.1953;0;3
HAMINE;24;15.6.1964;0;24
SENNET;3;5.2.1963;1;2
ILGINUR;4;11.11.1972;0;4
PIRAY;9;24.6.1976;5;4
GULYETTI;1;16.7.1982;0;1
BIRAGA;17;28.10.1959;17;0
NURPAY;2;5.10.1987;1;1
SEVIMGAR;3;13.8.1965;0;3
NILDEM;40;22.4.1982;0;40
REYFI;9;11.5.1962;7;2
KICI;3;4.4.1953;0;3
GULUR;3;10.3.1950;0;3
LUTFUHAK;2;1.8.1939;0;2
IRHEM;2;27.3.1962;0;2
NESEGULER;1;1.5.1962;0;1
TUGAN;47;12.2.1975;45;2
SARNAZ;8;8.12.1965;0;8
ILKINAZ;13;3.10.1964;0;13
HINC;3;29.9.1974;3;0
TERYA;6;21.2.1972;0;6
MUJCAN;10;29.2.1965;0;10
DUDUSAN;8;11.11.1965;0;8
EZERMEN;2;21.10.1946;0;2
FEBIHA;12;30.3.1962;0;12
YURTTABIR;7;8.8.1958;6;1
CESIR;3;15.3.1971;3;0
EMIGUL;19;8.3.1965;0;19
ZALIME;10;2.4.1957;0;10
GUNACTI;7;6.6.1951;0;7
UNFER;6;5.10.1971;2;4
TONBULA;3;19.8.1958;0;3
RAHMITTIN;1;25.8.1957;1;0
VALIDA;16;12.10.1967;0;16
NEZIYAN;4;2.11.1950;0;4
DOLGA;4;26.11.1980;4;0
MAHBEREM;1;22.2.1967;0;1
OZEM;19;18.12.1980;2;17
FENSUN;1;21.8.1974;1;0
MUNEVA;1;7.3.1960;0;1
ILKFER;15;6.8.1973;4;11
TEMIYME;1;23.4.1967;0;1
BEYDUL;3;23.2.1970;3;0
TAYYUBE;14;16.6.1956;0;14
HAVASAN;2;12.7.1970;0;2
FANDI;27;1.1.1961;0;27
HAFIDEN;2;6.9.1926;0;2
ISBI;1;2.11.1975;0;1
NIKAHBAN;3;24.9.1940;0;3
PIRYAN;16;30.6.1952;0;16
NAZIGAR;11;5.10.1956;0;11
ADIKA;21;29.6.1960;0;21
MAFIR;5;18.10.1957;3;2
ATALAR;8;21.8.1960;8;0
ZEKKI;39;18.1.1957;39;0
GULFUM;1;17.10.1934;0;1
MUZEK;1;23.9.1946;0;1
SIPEL;41;11.4.1975;1;40
YUCEER;7;6.6.1972;6;1
LALALI;1;28.5.1923;1;0
SELSUHAN;1;3.10.1990;1;0
MUAZZIZ;12;1.5.1958;1;11
BAYIRE;26;26.11.1964;0;26
DEMIRKALE;2;21.5.1944;2;0
BIHNAM;1;12.7.1965;1;0
ZULLEYHA;3;23.12.1978;0;3
UMRI;3;7.6.1970;2;1
TURBAY;13;12.1.1969;13;0
MEVLUTE;5;10.11.1963;0;5
SEMAYER;7;14.4.1968;1;6
EMINAGA;7;26.11.1953;7;0
ILAN;27;2.11.1962;15;12
OZGODEK;1;5.3.1984;1;0
BERBURTANE;1;14.4.1952;1;0
IBRAHIMAGA;1;21.1.1968;1;0
KUMAN;4;19.4.1953;3;1
ZEHIRE;7;8.12.1968;0;7
MUZEMMIL;7;4.1.1981;6;1
SUBBIYE;5;25.5.1944;0;5
MEZUN;6;22.12.1966;4;2
ESKIN;8;7.9.1964;8;0
HABIR;14;18.8.1970;13;1
RUZEN;11;1.12.1968;1;10
MESRUKE;6;19.1.1967;0;6
TILAVER;5;17.10.1965;1;4
ZENIRE;12;4.5.1958;0;12
HEBIYE;10;25.5.1964;0;10
SAYRIYE;19;7.7.1967;0;19
GUMSELI;1;1.10.1948;0;1
KURTULUSHAN;1;13.9.1973;1;0
EMHANI;1;11.4.1933;0;1
MAHYA;9;2.2.1968;0;9
HAMDINE;90;12.1.1962;0;90
BEYIZA;7;23.1.1971;0;7
GUCHAN;55;5.5.1976;55;0
MUDEBER;4;14.4.1961;0;4
KULSEN;2;16.9.1957;0;2
HEVRA;9;19.2.1973;1;8
SANIYEN;3;22.9.1961;0;3
ILMAHA;1;8.8.1970;0;1
ELENUR;49;23.5.1975;0;49
ZULFUHAN;14;18.1.1972;1;13
ZUHRI;8;11.12.1953;5;3
PAMIK;3;22.4.1947;0;3
YAKERIM;2;11.5.1974;2;0
HURTES;1;21.4.1962;0;1
DEVRAT;3;9.10.1978;3;0
ISABIYE;1;21.1.1952;0;1
TAVUT;6;4.3.1964;6;0
METEA;1;19.4.1956;0;1
DURKAY;10;15.8.1964;10;0
HADUNCUK;2;4.1.1958;0;2
ARIFHAN;6;28.11.1976;6;0
GULUMDAN;8;1.9.1958;0;8
ISINGUL;1;22.5.1981;0;1
HAFFE;27;29.3.1959;0;27
BERUZE;5;24.12.1937;0;5
SISMAN;6;28.12.1945;6;0
SEFIYULLAH;4;3.11.1977;3;1
IHSANBEY;2;4.2.1950;2;0
GULBINAR;3;23.4.1973;0;3
SITKULLAH;1;30.5.1953;1;0
MILLIAY;1;25.3.1973;0;1
VAFIRE;23;24.9.1958;0;23
ABDULKELAM;7;6.12.1966;7;0
SAATBEY;5;22.1.1944;5;0
HUSNUFER;46;8.12.1954;0;46
BALKIZA;18;12.2.1960;0;18
ABDULMENAP;120;21.10.1977;120;0
BAHAUTTIN;3;27.6.1957;3;0
DURSI;14;30.5.1952;0;14
ABDUSSEKUR;7;23.11.1952;7;0
RAFIG;1;16.2.1943;1;0
VAHAN;74;9.5.1954;74;0
MULKIZER;4;12.2.1947;0;4
ISKULI;1;22.6.1961;0;1
GULSUSE;7;25.8.1948;0;7
EYYUPE;1;7.1.1946;0;1
NEZAFEDDIN;3;27.7.1963;3;0
GULSANS;3;5.4.1969;0;3
TATSIANA;11;20.10.1973;0;11
TUNCBILEK;6;4.2.1965;6;0
ABDULSADIK;6;29.6.1971;6;0
PARLA;33;13.1.1974;3;30
FESAHAT;11;28.6.1956;0;11
MUCIBURAHMAN;1;27.6.1981;1;0
EKLEMA;2;17.7.1973;0;2
REGAIBE;7;12.3.1963;0;7
KUCUKDOGAN;1;24.1.1939;1;0
HIKMEDE;2;18.5.1945;0;2
SENUKA;5;1.2.1933;0;5
FEKIRULLAH;7;2.9.1966;7;0
MAHBIRE;6;6.3.1961;0;6
SUDDE;2;7.4.1953;0;2
ZEMURE;10;6.2.1952;0;10
TUTI;28;30.9.1941;0;28
ILBAYIN;1;21.3.1936;1;0
VELIPASA;3;25.5.1960;3;0
BATRAMAN;3;2.5.1968;3;0
NEHAS;7;29.2.1960;3;4
BIRDAHA;1;25.3.1940;0;1
MUTAHHER;48;6.11.1953;16;32
SEYNAN;13;2.10.1976;1;12
AKINE;12;6.8.1965;0;12
BORGA;38;14.1.1981;38;0
GULTEKIL;1;6.7.1980;1;0
KUSTU;1;20.8.1934;0;1
MUFETTIS;4;21.11.1956;4;0
YUSUFALI;8;30.5.1973;8;0
ERDOS;5;14.2.1960;5;0
VAMIL;1;13.11.1947;0;1
ASMUL;3;24.10.1970;0;3
ABDULSERIF;3;18.11.1973;3;0
CAGDAY;4;27.12.1986;4;0
SALDIRAN;7;25.12.1953;7;0
HEYECAN;80;1.5.1968;12;68
VAVEYNA;1;17.5.1942;0;1
MAKBERI;16;27.8.1978;0;16
MENFIRE;3;21.1.1955;0;3
MUHHIRE;1;22.7.1943;0;1
MIVRET;1;16.1.1972;0;1
SIRAHMAN;3;3.2.1965;3;0
KENCAGA;1;24.4.1957;1;0
GULLISAN;63;9.12.1966;0;63
MALKOC;21;7.10.1971;21;0
DORAMAN;1;8.4.1963;1;0
GUNESCAN;3;25.8.1985;2;1
RUFAATTIN;1;11.1.1956;1;0
CAKICI;13;9.5.1954;13;0
YETTIYE;1;6.9.1924;0;1
GULSEHAN;4;10.8.1965;0;4
CEZAETTIN;3;13.9.1957;3;0
MANIS;4;20.4.1953;1;3
MAKSUTE;3;18.10.1949;0;3
ZEVCIYE;52;28.1.1956;0;52
BULLUR;12;18.1.1957;0;12
BAHRISEN;1;26.3.1963;0;1
SELAFE;13;28.5.1961;0;13
DIRYAKER;1;27.3.1950;0;1
DEFIK;1;22.4.1931;1;0
NEZMETTIN;10;19.12.1954;10;0
PIRMAN;15;23.1.1966;0;15
REIZ;13;9.3.1957;13;0
GULYAGI;9;18.12.1959;0;9
SEZMEHAN;1;8.1.1940;0;1
SUSHANIM;1;2.8.1944;0;1
ALIAGA;8;7.4.1966;8;0
CETINAGA;1;21.6.1972;1;0
ARMETTIN;2;26.9.1959;1;1
HARZETI;1;3.10.1973;0;1
IMZADE;56;11.9.1956;0;56
DEVIDE;2;23.8.1975;0;2
CUMRA;3;5.1.1979;1;2
GULCI;11;13.4.1958;0;11
ASBULI;1;14.4.1929;0;1
SEVAYIL;5;20.5.1968;0;5
MUSDEKIM;1;26.11.1988;0;1
TAMAME;110;14.1.1956;1;109
MAHALLE;6;26.2.1959;0;6
HEYZURAN;4;2.10.1978;0;4
ESRAH;14;10.6.1978;0;14
ATILHAN;18;9.3.1972;18;0
MURAHIME;1;2.2.1957;0;1
ALINIZAM;1;22.1.1942;1;0
SERHUN;55;20.2.1980;52;3
ISPINAZ;11;26.3.1958;0;11
NEHRIYE;43;23.12.1958;0;43
NEHMIYE;1;3.11.1977;0;1
IPSULUKA;1;2.6.1945;0;1
HANU;14;8.5.1942;1;13
SEVIMHANIM;1;26.12.1965;0;1
NUFET;6;29.4.1973;2;4
HELIMBEY;1;2.2.1975;1;0
CEVREN;5;19.2.1974;1;4
SEZGIYE;2;11.1.1960;0;2
SEVINGUL;55;25.6.1969;0;55
NASBIYE;5;17.4.1954;0;5
SEYKAN;15;6.8.1980;14;1
BEDIK;10;6.11.1964;4;6
NUYAN;10;25.10.1945;4;6
OYKAN;15;10.5.1976;15;0
HERURE;1;1.1.1968;0;1
ALEVTAN;2;12.2.1970;1;1
AYDINE;11;14.1.1960;0;11
MEVDI;1;4.1.1971;0;1
HAFITI;1;2.2.1951;1;0
SERGULE;2;22.2.1959;0;2
AYIPEK;3;23.7.1950;1;2
OZUNALP;1;12.11.1984;1;0
SERENGIL;7;16.1.1978;1;6
OZALAY;2;14.8.1976;0;2
ERKUNT;15;29.10.1971;15;0
DIJEN;4;14.3.1965;0;4
MELDANE;2;16.9.1959;0;2
RENAL;6;1.10.1981;4;2
GUNANDAN;1;6.1.1968;1;0
MUHRI;11;10.8.1973;8;3
SELMUHAN;1;13.5.1965;0;1
LAHIYE;13;13.3.1968;0;13
ICABE;2;7.10.1948;0;2
TUNER;77;1.3.1968;66;11
ZELYAN;1;2.5.1969;0;1
TURKKAYA;2;11.8.1940;2;0
SAGBET;2;12.4.1965;2;0
SELVIDANE;1;11.6.1981;0;1
KELAM;11;3.1.1969;10;1
KULESER;5;5.2.1950;0;5
SEHRIYAZ;3;8.6.1944;0;3
UMSEL;7;17.5.1974;0;7
HACMET;1;9.10.1977;1;0
ZINNURIYE;10;14.12.1763;0;10
AVMIYE;2;29.10.1938;0;2
MESBURE;12;22.8.1961;0;12
HACIDDIN;1;20.5.1965;1;0
MUHAYYEN;1;15.3.1947;0;1
GULNAZE;26;21.5.1958;0;26
SABAIDE;1;9.2.1934;0;1
UCGUN;3;7.10.1944;1;2
EMIEN;1;11.12.1973;0;1
MIRIHAN;7;15.6.1963;0;7
COVAHIR;1;17.8.1924;0;1
FATEH;7;4.4.1969;7;0
CEHIME;2;26.8.1970;0;2
ADILA;41;21.5.1964;1;40
ORSEN;9;22.12.1975;4;5
ULKUME;15;14.5.1961;0;15
ESREM;3;8.6.1967;2;1
MINISER;3;7.11.1959;0;3
ILKNAN;1;26.9.1984;1;0
TURI;7;29.8.1968;6;1
ACEL;10;30.2.1964;7;3
DUNCAN;1;30.11.1981;1;0
BAYRAK;22;18.6.1956;22;0
COSMINAZ;2;19.3.1964;0;2
HUSNAN;17;29.4.1963;0;17
NECLANUR;2;24.11.1969;0;2
NAYIRE;6;4.6.1957;0;6
FERRIHAN;1;20.3.1941;0;1
MATANET;2;2.11.1970;0;2
NEDILE;10;19.9.1961;0;10
SENURE;15;28.6.1958;0;15
NEZAYNUR;1;6.2.1985;0;1
DUGBA;4;20.1.1979;0;4
OZAYDINLI;1;17.6.1978;1;0
TALIME;13;26.4.1968;0;13
SUKEYNE;11;12.3.1972;0;11
MINCAN;7;5.5.1971;4;3
DUMBULA;3;26.10.1957;0;3
ZUHREHAN;1;23.5.1990;0;1
CADIDE;7;11.8.1957;0;7
FIRGET;24;14.10.1963;0;24
HULMISER;1;18.6.1929;0;1
MASIKER;2;24.11.1959;0;2
NEJLAN;35;5.12.1968;0;35
ELVEREN;3;14.9.1964;0;3
SULEIKRA;1;23.2.1970;0;1
HURRAYA;1;16.12.1984;0;1
ABDULMUTALLIP;76;15.1.1977;76;0
ASELET;5;24.8.1970;1;4
NINE;13;23.7.1950;0;13
MUCAP;3;9.5.1956;3;0
INDIRA;23;14.12.1973;0;23
ZULKEYNA;2;15.11.1980;2;0
MESUBE;14;18.6.1971;0;14
HADUNKIZ;1;1.1.1976;0;1
SAHANNUR;6;3.9.1974;0;6
HERNAZE;5;12.10.1949;0;5
GULUFEN;2;8.2.1959;0;2
MUTAN;3;9.8.1950;2;1
SAHHESTER;1;10.7.1958;0;1
TEYRAN;11;14.10.1962;1;10
KALEMZER;101;21.6.1958;0;101
MULAZIME;2;27.7.1941;0;2
SELVANSEDA;1;7.2.1982;0;1
SIYAME;7;27.1.1965;0;7
MAFTUNE;2;29.6.1946;0;2
SATIKE;15;28.5.1961;0;15
AYSUGUL;2;14.4.1983;0;2
KUKULI;2;12.4.1950;0;2
TEYIDE;2;7.6.1980;0;2
GUNSEREN;17;29.10.1955;0;17
SELCANE;3;20.5.1959;0;3
ANLAYIS;4;28.5.1978;2;2
MILTIHAN;1;22.3.1967;0;1
HUMAYEN;1;2.2.1945;0;1
HOKMU;20;30.8.1958;20;0
ANTOS;1;19.6.1974;1;0
ADAS;5;25.4.1967;3;2
SEMSUT;3;12.7.1968;3;0
SALIHZEKI;11;3.9.1956;11;0
MEHMETZEKI;99;6.5.1966;99;0
ALIFAHRI;2;28.6.1962;2;0
CENAPCAN;1;28.5.1970;1;0
NEHAYETTIN;1;7.5.1979;1;0
UNURSAL;3;18.1.1975;1;2
SAHZINAZ;1;6.1.1944;0;1
CIHANUTTIN;1;16.6.1945;1;0
GISELA;12;4.2.1952;0;12
AYBARTUGU;1;27.6.1984;1;0
ABDULKEREM;12;25.8.1983;12;0
NUHTEN;8;16.11.1950;1;7
CHICHAK;1;22.6.1967;0;1
PINNAR;1;15.6.1977;0;1
MUSTEKIME;28;23.4.1951;0;28
TURGUL;12;2.9.1970;5;7
USKULI;1;11.3.1927;0;1
RIHIGUL;2;4.5.1947;0;2
NANIFE;7;29.2.1963;0;7
GULHADIN;2;3.3.1968;1;1
GETRIYE;1;24.1.1955;0;1
VEFARET;10;11.5.1971;0;10
ISAFETTIN;3;22.11.1959;3;0
TELADIN;1;2.2.1957;1;0
MAARIFE;5;16.6.1956;0;5
MUCELTA;1;2.10.1969;0;1
NURIBEY;7;10.12.1964;7;0
IPSILE;1;27.8.1932;0;1
NAZLAR;6;5.7.1962;0;6
RETIFE;5;23.11.1950;0;5
SENUY;1;19.9.1982;0;1
ESERGUL;26;13.10.1967;0;26
NUTKI;8;25.1.1946;8;0
HIFZE;1;21.3.1954;0;1
MERZA;2;9.2.1978;0;2
MAHZIYE;2;25.11.1940;0;2
GULNEHAL;8;12.4.1705;0;8
NAREN;26;5.4.1973;2;24
HURMEN;7;28.9.1976;2;5
SENAYE;13;13.6.1954;1;12
MUZELLA;16;25.1.1962;0;16
KOKCAN;3;14.8.1959;2;1
SAHALLA;1;16.11.1974;0;1
SALTURAY;1;6.10.1947;1;0
BEHYAN;1;15.11.1946;0;1
ALIBEK;18;26.12.1961;18;0
TALATHAN;1;2.5.1988;1;0
SAGVER;3;26.10.1954;0;3
ERDURAL;2;5.10.1959;2;0
VECIBE;110;11.10.1962;0;110
BELA;4;14.2.1972;0;4
PIKET;4;6.6.1973;0;4
MUGMINE;9;4.3.1968;0;9
BAYLAR;2;19.9.1954;2;0
AFVERDI;1;12.7.1952;1;0
KUCHATUN;1;10.6.1957;0;1
MUBERREM;21;29.8.1959;0;21
MELIKEM;1;30.10.1966;0;1
MAHTEREM;1;13.6.1927;0;1
BISMI;4;9.3.1978;1;3
ISMETBEY;2;12.1.1948;2;0
NAZDA;2;3.2.1966;0;2
BAHADDUR;1;11.4.1973;1;0
ANIDA;2;9.11.1984;0;2
DEHAVER;2;2.4.1968;2;0
FAHRIBEY;1;16.3.1934;1;0
INCULAY;1;26.12.1960;0;1
GOKMENHAN;2;17.8.1978;2;0
GUSSE;1;2.7.1933;0;1
EZGEN;5;6.12.1970;1;4
MUHAK;2;29.1.1967;1;1
NARIDIN;1;21.6.1944;0;1
MAHABATHON;1;1.6.1960;0;1
MENBEHA;1;9.7.1943;0;1
OMURALI;2;8.10.1962;2;0
SERKAT;2;17.8.1987;2;0
YILDURAN;1;11.7.1944;1;0
GULERYUZ;23;18.2.1964;1;22
TAIF;10;16.8.1964;10;0
ELLA;10;15.7.1973;0;10
GUNTEL;3;17.10.1958;0;3
FATULLA;1;2.11.1947;0;1
ADRIANA;38;23.8.1971;0;38
SEYHULISLAM;1;7.10.1980;1;0
SAINER;1;25.5.1974;1;0
MUTAYYIP;2;5.5.1968;2;0
MAHPUZA;2;23.1.1972;0;2
FEYMEN;1;27.4.1926;0;1
SAYLAR;3;28.2.1963;2;1
MELAHATTIN;9;9.12.1952;0;9
MURATAN;2;14.12.1974;2;0
SADASMAN;1;2.3.1953;1;0
VAHTEDIN;10;18.6.1965;10;0
BAYRAMPASA;2;9.6.1962;2;0
NEBIM;6;13.5.1973;3;3
BEHRUDAR;2;15.2.1953;2;0
MUSTAFAPASA;1;21.4.1976;1;0
SUMEYYER;2;3.9.1985;0;2
MUHSAN;1;7.5.1982;0;1
RAZIHAN;12;25.2.1971;3;9
NAZMITTIN;17;24.7.1953;17;0
MUKINE;13;28.5.1972;0;13
LIFER;28;13.4.1966;0;28
ILIMNUR;4;1.10.1973;3;1
BERAFIYE;1;21.5.1947;0;1
MEHSUR;9;20.7.1964;3;6
MEGMURE;3;13.5.1962;0;3
ELBAHAT;3;18.12.1972;0;3
PAHIYE;2;3.10.1955;0;2
SELIP;1;28.8.1976;0;1
ZAHITE;3;22.1.1969;0;3
BULTEN;32;1.7.1966;3;29
AYSEMEN;35;10.1.1961;0;35
SERTAGA;1;4.1.1957;1;0
KARAGUL;5;11.7.1947;0;5
KIBRISE;3;1.11.1966;0;3
VAIDA;2;27.4.1959;0;2
SUHFIYE;1;4.2.1951;0;1
YEDIME;5;15.10.1943;0;5
MUSUGE;8;6.1.1951;0;8
ZULHIYA;4;16.7.1965;0;4
SAVRIYE;8;11.9.1957;0;8
KIDAN;6;5.12.1944;0;6
BERKIZ;19;30.11.1965;1;18
BEHIYAN;5;22.1.1962;0;5
BAGSIS;4;27.10.1948;0;4
UFAK;4;13.7.1972;1;3
BASIS;4;14.5.1939;0;4
PEYIMAN;6;12.3.1959;0;6
MUZIHAN;14;18.10.1970;0;14
ZUHIDE;5;19.7.1966;0;5
ZENNUREYN;4;19.1.1949;0;4
BAMUK;1;7.3.1931;0;1
ZULHAYA;6;1.1.1972;0;6
SULPIHA;1;7.8.1952;0;1
SONCA;11;12.11.1979;1;10
BAKIBEY;3;12.1.1953;3;0
PIRA;14;21.4.1958;12;2
ZENNESAN;1;23.5.1944;0;1
DONDIYAN;1;26.1.1964;0;1
SEMSIVA;1;27.5.1978;0;1
VEZILE;18;27.4.1959;0;18
GULESIR;4;9.2.1957;0;4
UNNAZ;4;28.10.1970;0;4
NAZNUN;1;26.3.1944;1;0
YUKSER;34;19.3.1958;4;30
SEMSEFA;1;17.4.1966;0;1
NUTVI;2;19.10.1959;2;0
EZA;7;23.8.1975;2;5
SEBIYEHAN;1;20.9.1960;0;1
OFELIYA;5;17.4.1964;0;5
NEZLIHAT;1;20.6.1940;0;1
MAHBEKAR;12;4.12.1951;0;12
HAMIRAN;11;5.1.1953;1;10
ERVEN;6;27.1.1968;2;4
DEKIYE;1;21.3.1941;0;1
HINKAR;3;12.11.1967;1;2
ZAVILE;2;7.3.1956;0;2
SETIMKAR;1;16.3.1938;0;1
SIYYARE;1;21.6.1939;0;1
NEZIKAR;1;17.10.1984;0;1
ALKOL;1;1.6.1956;1;0
SENIHAN;8;27.2.1958;0;8
AYESER;9;22.7.1961;0;9
MEKBARE;5;1.3.1964;0;5
NUHET;7;15.8.1967;0;7
DURHAYAT;4;25.4.1966;0;4
ULBEY;2;3.4.1974;2;0
FEDAYET;20;18.8.1966;9;11
MELIGUL;15;3.4.1977;0;15
SEBAYE;50;10.11.1960;0;50
MEHMEKAR;1;28.5.1926;0;1
NULGER;1;26.7.1967;0;1
SEMAHATUN;1;4.2.1965;0;1
NURTA;3;14.2.1957;0;3
BOROSOT;1;19.8.1956;1;0
UBEY;2;2.6.1973;2;0
VIKRIYE;1;2.8.1933;0;1
SELMINE;10;1.10.1960;0;10
GULHATIN;12;24.1.1963;0;12
ZELCAN;7;15.6.1968;0;7
DUZEL;4;15.9.1963;0;4
HICABET;5;5.1.1956;1;4
AYSELER;4;13.7.1960;0;4
GULLENDA;1;2.8.1963;0;1
SEHDANE;4;10.5.1949;0;4
BEDIYYE;1;27.5.1956;0;1
SAZIBE;56;22.5.1954;0;56
NURDEHAN;2;20.5.1959;1;1
NURAYTEN;5;11.7.1956;0;5
PERIGUL;18;3.4.1971;0;18
NEGUN;9;27.3.1972;2;7
AJLA;12;22.2.1978;0;12
SUAIB;10;17.7.1968;10;0
SAHTANE;3;24.8.1949;0;3
GULBEMBE;2;17.8.1974;0;2
VAVANI;2;14.9.1965;0;2
CUMHURALI;1;25.11.1956;1;0
AYNIFER;22;30.10.1960;0;22
IZABELA;5;19.3.1973;0;5
SADIKCAN;6;17.1.1981;6;0
SEMSIMA;7;26.11.1957;0;7
NEVRESIDE;2;3.8.1943;0;2
KICCEY;2;21.7.1946;0;2
SADUME;1;15.8.1934;0;1
MUTEPER;1;17.2.1966;0;1
KIRHAN;9;3.9.1965;8;1
BERVAN;20;15.1.1984;3;17
RAHMETTIN;9;4.6.1960;9;0
SEZAHI;13;27.10.1958;12;1
MULGUNE;1;27.6.1968;0;1
TARITTIN;1;11.1.1963;1;0
GUNVAR;10;30.1.1960;8;2
GORIMAN;1;18.3.1942;0;1
KONCUY;7;8.9.1969;0;7
VALENTYNA;27;3.2.1968;0;27
GULUMSET;1;29.6.1938;0;1
EYUBUL;4;11.6.1966;4;0
BELCIM;45;28.7.1986;0;45
NILBESTE;1;13.10.1989;0;1
MEKBAYE;1;1.4.1940;0;1
LASIF;2;17.6.1975;0;2
ZILHICCE;47;8.2.1960;1;46
BENIHAN;10;5.11.1961;0;10
ALPDENIZ;5;29.11.1984;5;0
GANITE;7;9.1.1965;0;7
LUBOV;6;20.12.1963;0;6
GERDA;20;9.12.1949;0;20
EMIRPASA;2;30.10.1953;2;0
FERIN;13;11.3.1959;4;9
SANS;22;16.4.1972;14;8
CIGNUR;2;29.5.1973;0;2
NAMENUR;2;14.4.1985;0;2
GULLAC;5;16.3.1957;0;5
LARA;137;1.7.1984;1;136
VECRIYE;6;23.1.1966;0;6
MURADET;8;22.2.1957;0;8
MIGBER;1;26.6.1952;0;1
MEMDUSE;2;23.5.1956;0;2
GULENNAZ;5;18.11.1974;0;5
KADINHAN;3;11.5.1951;0;3
ZEZER;5;11.2.1959;3;2
HANUMCIK;1;1.2.1952;0;1
NEVDA;21;20.11.1977;1;20
NERFIN;3;9.6.1970;0;3
MUDAHHERE;2;13.11.1936;0;2
CENKIZ;22;26.7.1962;21;1
AMINAT;10;27.4.1966;0;10
LILPAR;45;29.4.1961;0;45
TULEN;17;10.5.1964;2;15
PEYDAR;1;8.7.1968;1;0
KOYLUMCENK;1;10.2.1974;1;0
BILTAM;1;26.8.1965;0;1
GIULI;3;18.11.1960;0;3
OZPINAR;5;20.2.1978;1;4
EFNA;10;16.8.1980;2;8
DAGKAN;3;8.12.1987;3;0
REBEHAN;2;20.7.1961;0;2
BIKEM;83;25.7.1978;0;83
UMMIL;1;8.8.1986;0;1
ILYASHAN;1;7.3.1978;1;0
YASELIM;1;1.7.1983;1;0
ARAN;39;3.4.1979;33;6
SENVER;45;25.9.1971;38;7
KHALIMAT;1;16.7.1983;0;1
SELCINAY;1;5.10.1984;0;1
SENHAMIT;1;2.6.1967;1;0
HILALETTIN;14;15.2.1965;14;0
ZIGSAN;2;26.11.1965;0;2
SEDEKAT;16;3.5.1967;0;16
KURHAN;10;5.5.1973;6;4
ALENA;35;9.10.1975;0;35
TURGUTBEY;1;26.11.1973;1;0
MAUSSEMA;1;1.6.1952;0;1
ZINYAT;3;28.7.1971;0;3
OKSAM;3;1.5.1979;0;3
NURBER;4;24.5.1958;0;4
YETKINAY;5;21.2.1978;2;3
MIRGUN;16;25.3.1964;1;15
BEMBE;11;3.1.1963;0;11
GULYAT;1;2.3.1973;0;1
MUHSUNIYE;3;24.10.1958;0;3
ELAN;6;14.11.1970;2;4
ELIFSAN;1;16.4.1983;0;1
MUGEHAN;8;19.8.1980;0;8
IKRAMETTIN;71;18.8.1966;71;0
NECMIN;6;9.8.1959;4;2
DOGANNUR;3;28.2.1958;0;3
YUSUFZIYA;16;26.5.1967;16;0
MUSLUHITTIN;9;15.2.1974;9;0
SEVKIL;4;16.12.1951;0;4
BERAYITTIN;2;3.2.1979;2;0
PELINCAN;2;25.8.1991;0;2
AURICA;20;22.11.1972;0;20
ERMELEK;1;27.5.1974;0;1
GULCEYREK;1;13.4.1927;0;1
SABYAT;1;7.9.1981;0;1
MIGE;19;20.1.1977;0;19
HENICE;1;12.2.1965;0;1
NEYZAR;10;19.2.1971;0;10
SERMUSTEN;1;11.6.1975;0;1
TALLA;2;28.4.1971;0;2
BEZDIRAY;1;26.11.1965;0;1
LELIZER;1;11.8.1963;0;1
ZULAHI;123;3.3.1954;1;122
NURSUNAY;1;17.8.1966;0;1
EDMAN;2;25.11.1964;2;0
PUSU;32;20.12.1952;0;32
SONEREN;5;13.4.1970;1;4
BELINDA;86;16.4.1978;0;86
MINFER;11;22.1.1969;0;11
GOKBORUHAN;1;27.6.1989;1;0
NURMET;5;15.7.1970;1;4
CINSEL;5;18.11.1953;0;5
LEDUN;9;10.4.1977;2;7
OZHAKKI;1;8.6.1982;1;0
MAKBULENUR;1;22.2.1991;0;1
GUNEHAR;5;30.10.1964;0;5
VIOLETTA;11;18.3.1974;0;11
TSITSO;1;9.9.1966;0;1
SERVISEN;1;27.8.1953;0;1
LAZIBE;1;5.6.1968;0;1
AKCAY;43;25.3.1978;27;16
SEYELAN;1;1.7.1971;0;1
SIFAKAT;1;2.5.1921;0;1
DURUKAY;1;11.2.1985;0;1
KEFAYE;3;12.7.1948;0;3
GIZEN;10;20.5.1985;0;10
TOVUZ;8;28.4.1967;0;8
DILYA;4;22.6.1973;0;4
SEZKAN;6;7.11.1975;6;0
OZHAKAN;4;8.1.1983;4;0
RUHEN;12;10.2.1968;3;9
GONLUSEN;8;3.9.1961;0;8
ADISE;28;15.7.1956;0;28
GUHSAN;1;2.6.1969;1;0
HITAME;34;22.2.1958;0;34
UKKASA;1;26.12.1937;1;0
MIASER;6;3.11.1970;0;6
SADIHE;5;25.6.1966;0;5
SENBA;1;2.5.1981;0;1
NIGRE;5;22.8.1956;0;5
RUSTUYE;46;22.4.1959;1;45
SANSET;2;25.2.1961;1;1
PAULINE;14;21.9.1956;0;14
SELDANUR;21;29.7.1981;0;21
ACUN;31;19.5.1968;27;4
GUNDUZHAN;5;18.4.1980;5;0
NURBERK;3;2.4.1990;0;3
GUNNEY;3;12.11.1944;0;3
MINTAA;2;6.7.1976;0;2
SEHVAR;37;11.8.1954;1;36
SAIBET;10;14.10.1965;0;10
SERAHATUN;1;26.12.1989;0;1
APTULMUTALIP;3;30.12.1975;3;0
SAYE;19;11.10.1956;2;17
MUTLUGUN;12;9.9.1972;4;8
NIJAT;14;30.12.1959;13;1
SAHADAN;7;17.1.1967;4;3
OMERKAN;2;10.4.1986;2;0
KUSSEMET;1;25.4.1972;1;0
SUZCAN;4;29.6.1973;1;3
ASALE;2;6.6.1974;0;2
MEYAN;57;28.8.1972;0;57
DIKMAN;1;6.7.1973;1;0
DOGUCAN;63;5.2.1989;61;2
EKATERINA;47;14.3.1971;0;47
OZNIGAR;1;20.8.1939;0;1
SIBELNUR;6;2.6.1983;0;6
MERIHEM;1;12.2.1953;0;1
AYTU;43;14.6.1978;30;13
TALANUR;1;30.2.1991;0;1
MUTAHHERE;11;9.1.1953;0;11
GULGULSEN;1;5.7.1962;0;1
DASKIN;9;17.3.1964;9;0
FERUTUN;1;23.7.1969;1;0
SABAHIL;1;11.6.1980;0;1
HALILRAHMAN;14;19.7.1971;14;0
AYNIMAH;456;16.12.1954;0;456
BALIBEY;3;12.10.1976;3;0
MERVEL;1;2.12.1987;0;1
HESINET;1;12.1.1956;0;1
ORTAS;1;27.12.1962;1;0
BEHIZA;33;14.3.1966;0;33
BEHRUZA;1;7.8.1934;0;1
BERAETTIN;21;6.10.1959;21;0
BILGISEN;13;9.5.1977;0;13
RAKIMAN;5;13.6.1951;0;5
HAMAYIL;262;15.8.1963;0;262
YUCANUR;3;30.8.1963;0;3
TUBAA;4;4.10.1978;0;4
KADRICAN;6;16.7.1973;6;0
UNAR;5;19.2.1961;3;2
NEYRI;2;28.8.1967;0;2
PASAGUL;18;10.1.1965;0;18
SUVARI;20;4.6.1967;18;2
KHANA;1;9.3.1978;0;1
OSMANAGA;3;10.10.1972;3;0
MIRA;22;27.8.1965;4;18
CEYHURI;1;5.6.1989;1;0
GUNESGUL;1;22.2.1987;0;1
NURMAHAN;3;26.12.1973;0;3
GOKBUKE;2;24.10.1991;0;2
BAHRIKE;1;22.8.1931;0;1
NAKIDDIN;3;19.8.1946;3;0
GUNATA;1;25.11.1966;1;0
ATFI;5;5.10.1963;5;0
NIGIAR;2;21.12.1971;0;2
PULENT;2;3.8.1969;2;0
YASEVIM;13;10.12.1971;2;11
MEMDUG;3;10.5.1975;3;0
EZDEN;3;3.4.1961;1;2
TEMOCIN;12;28.12.1959;12;0
ARTUG;49;1.4.1984;49;0
MURFIT;11;11.12.1964;11;0
IHNUR;3;26.5.1969;0;3
SEVAHIL;7;7.12.1944;0;7
CEMREGUL;3;5.6.1990;0;3
FEIZE;25;10.10.1967;0;25
NERMINUR;14;5.6.1959;0;14
ABANUS;1;12.4.1923;1;0
ZARGALAM;1;1.1.1954;0;1
GAVAS;2;20.1.1958;1;1
TUFHAN;1;11.12.1979;1;0
RESIKA;34;23.5.1954;0;34
HUSNUCIHAN;2;17.6.1963;0;2
EBSAR;2;25.8.1977;0;2
ARIFAGA;2;15.10.1982;2;0
GULHAR;28;22.4.1958;0;28
NESABIR;2;14.9.1944;0;2
MEKANE;17;22.6.1958;0;17
ORDUC;1;17.7.1967;1;0
BERNAN;25;18.7.1976;2;23
BEHRICAN;11;6.5.1972;0;11
CARPAN;2;9.12.1970;2;0
NURENGIN;5;22.8.1959;1;4
RUZIN;35;21.4.1963;1;34
MEMURA;2;19.8.1965;0;2
SEBREM;1;12.4.1983;0;1
BERCAN;28;28.4.1983;16;12
OZYILMAZ;1;21.6.1942;1;0
BINTUG;11;26.12.1973;11;0
SENIAN;2;1.11.1963;0;2
ILFIYE;6;13.4.1958;0;6
KHALIDA;13;3.3.1966;0;13
KULAY;20;24.7.1960;1;19
BETULA;2;7.6.1974;0;2
MUNEVSEN;1;21.6.1987;0;1
SENGUNER;16;3.12.1958;1;15
TAYNUR;17;13.12.1963;2;15
TOGMANBAY;1;1.11.1952;1;0
SENERAY;4;22.1.1973;1;3
REGIMAN;5;7.2.1966;0;5
IMMUGUL;6;11.2.1952;0;6
HESNANUR;2;3.6.1987;0;2
MAHMIHRI;12;7.2.1955;0;12
FIGAR;17;30.5.1969;0;17
ALFIRA;1;2.2.1982;0;1
BURANETTIN;26;30.6.1964;26;0
NURIEFTAL;1;7.1.1946;1;0
GEVER;92;29.5.1959;0;92
TAHIRHAN;380;16.4.1971;380;0
SOYLER;51;16.11.1970;4;47
MAKKA;2;27.4.1979;0;2
NUVEYLA;10;5.4.1962;0;10
BAHAN;8;5.7.1979;3;5
DERYAMI;14;27.2.1972;14;0
AYHANIM;33;4.7.1967;0;33
TASGIN;16;28.10.1968;16;0
OVUN;36;24.1.1972;26;10
SEBU;9;25.6.1962;4;5
AHMETSALIH;2;1.10.1965;2;0
BIBIZYLYHA;1;29.12.1981;0;1
SEHLEVENT;35;20.7.1968;4;31
NURULGEN;1;27.10.1939;0;1
KIZILTUG;3;25.5.1958;3;0
HURKAL;25;1.3.1977;24;1
PEKAY;9;8.4.1964;0;9
SELIYME;23;7.10.1960;0;23
MEVE;2;20.11.1957;0;2
TAMRO;1;23.8.1952;0;1
NEVNIHAL;58;2.10.1955;0;58
SURAIA;3;3.5.1960;0;3
RENNAN;12;1.6.1957;0;12
HALIYLE;2;2.8.1968;0;2
HAZAKER;10;8.5.1961;0;10
ULYASEN;1;21.7.1974;1;0
TUNANUR;1;12.8.1974;0;1
SOYSEL;2;8.11.1964;0;2
ERYASAR;20;19.5.1961;20;0
NESAHITTIN;1;16.4.1965;1;0
FERIYAN;48;8.11.1960;0;48
AKANSER;1;11.1.1949;1;0
ANZHELA;14;27.12.1971;0;14
SUZIDILARA;4;12.12.1984;0;4
HURIMELEK;30;20.8.1967;0;30
SEVILYA;7;26.2.1969;0;7
OZCICEK;6;5.3.1956;0;6
DURNERE;3;21.4.1946;0;3
SUDABE;17;1.3.1965;0;17
ZULFIYYA;10;17.4.1976;0;10
FEHRUZ;8;15.5.1961;7;1
SUDABA;15;16.12.1964;0;15
AYSHAT;3;3.5.1972;0;3
MEDEA;3;8.2.1960;0;3
GOHAR;20;5.9.1955;0;20
EMA;14;2.6.1966;0;14
FERHANDE;22;30.11.1946;0;22
AINA;2;15.7.1976;0;2
TARANA;37;20.8.1969;0;37
NAZIBROLA;1;16.11.1964;0;1
NECAMETTIN;18;6.11.1961;18;0
IA;8;18.6.1970;0;8
A.OSMAN;12;4.3.1949;12;0
TAYFIDE;1;30.3.1940;0;1
KARINE;15;7.9.1966;0;15
RUKIZAN;9;7.4.1954;0;9
SEVINCER;10;18.10.1961;5;5
LISANGUL;47;26.9.1968;0;47
SELTAP;17;6.1.1984;0;17
KEYLANE;1;29.11.1968;1;0
FEVZEDDIN;123;27.4.1984;123;0
TEA;6;4.11.1979;0;6
NARGIZ;75;7.2.1967;0;75
NAHAL;13;26.6.1952;0;13
NUSRAN;13;9.11.1971;0;13
ZIHADDIN;1;25.4.1951;1;0
SAYKUN;1;6.11.1971;1;0
HENNANE;3;23.6.1960;0;3
GERAY;6;20.10.1970;5;1
SAVFET;8;3.6.1955;5;3
GIOULKHANOUM;1;8.8.1970;0;1
MELIKI;3;13.5.1954;0;3
HAYAETTIN;4;9.9.1949;4;0
HUCUM;9;12.9.1965;9;0
ORGUL;23;1.5.1975;5;18
LUCHMIRA;1;14.10.1941;0;1
EVGENIYA;9;25.8.1973;0;9
SADAMAN;4;6.4.1961;1;3
REMILE;36;27.1.1958;0;36
ILAHA;7;7.4.1976;0;7
KETRIYE;2;12.4.1946;0;2
KAMURE;6;11.6.1957;0;6
EFTUN;25;19.6.1982;10;15
SEMEHE;81;16.8.1958;0;81
CIM;24;19.9.1966;4;20
DAVLATHAN;1;17.7.1964;0;1
AITTIN;1;7.2.1952;1;0
KICAN;3;7.2.1966;0;3
OZMERT;20;14.3.1978;19;1
RESANETTIN;3;10.7.1961;3;0
DIRYAL;1;27.5.1977;0;1
SEMAIT;1;18.9.1953;0;1
MELDIHAN;1;26.2.1987;0;1
NUHRAN;10;26.12.1965;4;6
SEVSAY;13;13.7.1967;1;12
KAIL;31;2.1.1954;31;0
NEJDA;33;6.9.1968;0;33
AIBENIZ;2;25.7.1966;0;2
RUHELA;1;19.8.1952;0;1
RUHINA;3;24.1.1975;0;3
FATILE;7;11.2.1965;0;7
NEBICAN;4;2.9.1987;3;1
SUKRANAY;10;30.12.1977;0;10
MAFUZEN;1;20.10.1951;0;1
VACIB;6;21.10.1970;6;0
YOKNAZ;2;3.11.1982;0;2
BURKAL;2;13.7.1981;2;0
BELMIN;11;9.10.1969;0;11
ALIF;6;14.11.1966;0;6
HEMDUNE;5;29.2.1949;0;5
TALIKA;4;10.12.1960;0;4
NEDICE;8;1.2.1964;0;8
ARITAY;2;15.5.1980;2;0
ZULUHE;4;12.3.1973;0;4
OZCELIK;44;6.2.1957;44;0
ALIPESE;1;9.11.1957;1;0
FERUHAN;23;18.10.1955;0;23
ZIYNETULLAH;1;1.8.1986;1;0
AIBANIZ;4;13.10.1963;0;4
INSAT;2;9.4.1941;0;2
OGETAY;7;3.11.1981;7;0
TINASTEPE;1;18.4.1941;1;0
YURDENIZ;2;27.4.1975;0;2
UYGURHAN;3;13.10.1965;3;0
ABIDATIN;1;6.10.1961;1;0
SELENNUR;1;20.12.1990;0;1
VILCAN;9;27.2.1973;0;9
SERNEVAZ;3;10.12.1962;0;3
TEYZAT;1;14.3.1941;1;0
BURRAN;2;29.5.1969;1;1
PERUKAN;1;9.6.1934;0;1
HUMIHRAN;1;8.4.1970;0;1
CANBURAHMAN;1;27.2.1987;1;0
MUYMUN;3;23.3.1968;3;0
REKIBAN;1;12.8.1935;0;1
GULTENI;5;20.8.1966;0;5
NACITDIN;3;30.2.1954;3;0
ICTEN;44;21.5.1980;1;43
BERAHAT;33;15.1.1961;3;30
YEVMITTIN;7;23.3.1962;7;0
GOKLER;6;6.2.1985;6;0
REBII;74;3.10.1960;74;0
IREMNUR;9;19.4.1989;0;9
GULYEDER;2;6.12.1963;0;2
SERTAR;4;20.5.1971;4;0
GOKTUN;2;15.6.1987;2;0
TIJAN;23;14.2.1969;0;23
ASIYAT;7;6.1.1968;0;7
MUSTECAB;4;1.6.1965;4;0
TURKOL;5;21.10.1967;5;0
MARKHET;1;5.9.1982;0;1
KURDELE;21;9.5.1966;0;21
ZOULFIA;5;10.10.1975;0;5
DUSRA;7;13.3.1979;0;7
MUEYET;4;9.4.1964;1;3
VERDINAZ;9;16.9.1955;0;9
NAHHIHAN;1;11.11.1972;0;1
NEBIYYA;3;29.4.1976;0;3
NESVA;8;2.8.1975;0;8
REHIMAN;2;10.10.1949;0;2
SUSLI;56;25.5.1962;4;52
HARRAN;2;6.5.1985;1;1
SEHIFE;2;19.12.1943;0;2
GULCHEHRA;2;9.3.1975;0;2
BEYMEN;5;5.10.1964;3;2
VALENSIYA;1;25.1.1977;0;1
SUSANN;3;23.4.1969;0;3
RAMET;1;27.1.1956;0;1
TANUR;10;22.4.1973;7;3
DUDUYE;71;4.3.1955;0;71
YUKSELIR;5;26.9.1954;1;4
GULBUKER;2;12.2.1975;0;2
KAYSERSAH;1;22.12.1968;1;0
GULEYEN;1;6.2.1965;0;1
SUDIYAN;1;5.2.1957;0;1
ABDULYIGIT;1;13.1.1989;1;0
TUHILA;1;5.10.1928;0;1
GURSAR;3;2.8.1974;3;0
BETIYE;16;4.2.1963;0;16
AYBAY;4;21.4.1961;4;0
SEVIYYA;9;7.5.1969;1;8
SELIS;31;10.8.1978;0;31
AYFERE;7;22.7.1949;0;7
ZEKIMAN;4;7.11.1965;0;4
UFUYE;1;22.3.1967;0;1
NEZACET;1;21.6.1954;0;1
HAKIPER;1;26.6.1940;0;1
HETICE;12;8.4.1970;0;12
HIRAMAN;2;4.1.1946;0;2
HUKUM;18;16.10.1964;18;0
HURURE;1;14.2.1961;0;1
SUAVIN;1;2.2.1959;1;0
REFHAN;29;7.12.1963;3;26
ERTURUN;7;7.5.1969;7;0
NADUL;1;22.8.1931;0;1
BEDUH;6;22.2.1960;6;0
KORGUL;3;17.12.1977;1;2
PUKET;6;25.12.1957;0;6
NECVANE;1;7.12.1937;0;1
AREL;20;10.9.1969;19;1
NURELIF;6;13.5.1981;0;6
KIRAC;15;9.1.1970;15;0
GAMSEL;2;5.6.1970;0;2
ZULAHE;4;6.4.1954;0;4
ULUER;41;10.3.1963;41;0
ABDULVAUF;1;25.5.1946;1;0
NEVRAZ;52;14.1.1967;20;32
DUCCANI;1;9.2.1970;1;0
RUKAYYA;8;22.7.1972;0;8
EFEHAN;11;19.4.1987;11;0
NATAVAN;20;1.5.1973;0;20
UFKAN;11;24.12.1975;9;2
KAMILLA;4;7.5.1981;0;4
IKRAMAT;1;8.7.1961;0;1
SELENE;4;3.10.1978;0;4
MADILET;10;7.10.1953;0;10
GUNDEN;33;16.1.1965;3;30
ISMAYA;1;27.4.1965;0;1
ORFI;73;5.6.1967;73;0
OKDEN;6;14.7.1965;6;0
SEIDA;3;2.4.1954;0;3
MERTGUN;28;16.2.1976;28;0
EDVIN;15;13.3.1976;13;2
GILIMAN;44;13.4.1960;0;44
ELEONORA;15;23.3.1967;0;15
SARENUR;11;13.1.1985;0;11
GUNEYHAN;7;27.5.1984;5;2
TUNAER;2;17.1.1984;2;0
UMURCAN;18;9.2.1987;16;2
KHAZALA;1;22.4.1961;0;1
ABULFEZ;26;10.7.1976;26;0
NAZMICAN;2;4.3.1988;2;0
ERSAH;99;5.3.1986;96;3
TUGCEN;37;11.12.1986;5;32
YASARIYA;6;10.8.1965;0;6
ESBAHAR;9;19.6.1975;0;9
SEHRINAS;5;15.6.1950;0;5
NIVAN;8;18.9.1981;3;5
JUNEYT;1;7.2.1962;1;0
GURKEN;5;16.2.1968;2;3
ALCER;1;27.2.1987;1;0
GALIPCAN;4;19.2.1988;4;0
A.SALIH;1;12.4.1972;1;0
HARUNGUL;1;21.2.1958;1;0
NARRGES;1;21.10.1983;0;1
ERKUM;3;20.5.1961;3;0
AYTEGIN;3;11.5.1971;3;0
VURSAY;4;25.3.1959;4;0
OMRUNISA;3;1.3.1952;0;3
SARVANI;1;13.11.1979;0;1
RENNISEN;1;6.4.1978;0;1
CEFARETTIN;3;7.7.1976;3;0
SEDENAY;8;24.11.1987;0;8
PHIKRIA;1;2.5.1979;0;1
FIRKEN;3;6.3.1968;0;3
REYIHAN;3;23.3.1955;0;3
FEVRI;18;12.2.1954;18;0
ESVEDA;1;24.2.1980;0;1
EGECAN;19;19.9.1989;18;1
LARISSA;40;22.5.1971;0;40
VAMIK;10;5.11.1951;10;0
CANDANUR;1;4.3.1989;0;1
GERCEK;220;2.8.1979;149;71
SECEATTIN;10;6.11.1971;10;0
AZIZAT;1;20.3.1975;0;1
PURSEM;1;22.11.1980;0;1
LALIFE;9;2.11.1956;0;9
PETUL;2;14.7.1957;1;1
NURTAP;37;14.3.1970;0;37
ATKAN;2;30.3.1967;2;0
BAHATI;3;22.9.1974;1;2
GULSAM;10;5.1.1952;0;10
SELDEN;113;4.9.1964;1;112
GUER;3;11.10.1972;1;2
NAMSER;3;8.6.1950;0;3
NURAYAT;21;10.2.1965;0;21
KILICALI;5;11.11.1955;5;0
GUMAC;2;20.4.1965;0;2
ZILER;7;17.7.1969;0;7
KHAVAR;2;10.2.1970;0;2
TARCIN;16;16.5.1978;3;13
ABDULCAN;4;11.9.1964;4;0
MITHATCAN;11;23.1.1990;11;0
GENCKAN;4;17.10.1980;4;0
ALANAS;1;12.2.1959;0;1
BIRTANIR;2;7.6.1945;1;1
GRATSIELLA;1;21.12.1976;0;1
OZGIN;4;30.9.1975;4;0
KHABIBA;1;15.10.1983;0;1
HALANUR;9;5.3.1967;0;9
MEVLUDEGUL;1;3.7.1986;0;1
SAMANUR;8;15.6.1974;0;8
SENCIHAN;5;19.5.1969;1;4
SELMIKAN;1;22.7.1960;0;1
TURKHAN;72;22.9.1961;22;50
FERINDE;15;23.5.1957;0;15
MAREM;33;19.12.1965;33;0
LEVHIYE;44;14.4.1951;0;44
NOSRETTIN;1;16.2.1988;1;0
ZERCIHAN;36;14.11.1959;0;36
LAMPRINE;1;19.6.1951;0;1
BERHEM;167;2.1.1975;166;1
SIMYA;11;30.9.1976;0;11
EPRAR;1;19.7.1986;0;1
CELALATTIN;9;7.6.1963;9;0
ZIMFIRA;1;17.4.1969;0;1
UMMUKULSUM;4;5.5.1979;0;4
BELLA;51;16.11.1959;0;51
HACIBIR;1;7.10.1970;1;0
MUNHAYI;1;23.4.1937;0;1
EZERKANT;1;16.9.1965;0;1
GONIL;2;15.4.1946;0;2
KULTUR;7;22.4.1973;6;1
REKIBE;31;26.5.1956;0;31
SONET;4;5.5.1972;2;2
TAHLI;9;26.3.1963;3;6
GUNA;4;14.6.1970;0;4
NIGORAKHON;2;22.4.1971;0;2
ERCAG;30;25.4.1986;30;0
MERSUS;2;27.6.1963;2;0
HAMITDIN;1;5.2.1963;1;0
HACCER;8;10.8.1963;0;8
SAKIRALI;2;13.7.1970;2;0
CEZMENUR;3;9.11.1966;0;3
HEZER;8;5.3.1967;0;8
MUTLUNUR;5;27.2.1987;0;5
GOKCENUR;50;21.8.1988;0;50
MUZIYA;1;16.5.1937;0;1
ILCEM;3;14.6.1990;0;3
OLHA;9;16.9.1976;0;9
BULEM;8;27.2.1982;0;8
FINDAZ;1;22.8.1967;0;1
BENGIGUL;5;11.5.1965;0;5
NINER;2;29.3.1962;0;2
SAGLAM;7;14.7.1952;7;0
YUMNU;68;11.4.1956;67;1
YASENEM;8;28.2.1976;0;8
INTIZAM;11;13.3.1969;10;1
KADIRAGA;3;28.8.1969;3;0
AYSENENGUL;1;3.1.1969;0;1
MAHFIRIZ;1;1.4.1947;0;1
EFSEN;16;24.1.1967;0;16
NURHAZEL;2;28.2.1987;0;2
OZBAKIR;1;14.10.1956;1;0
ORDAY;1;11.6.1972;1;0
MILIKE;3;12.1.1953;0;3
ELTAF;54;7.10.1961;12;42
HACIKURBAN;3;1.7.1967;3;0
NEZLIHA;28;28.12.1959;0;28
SEHEDDIN;19;30.8.1955;19;0
MENSURNE;1;17.5.1972;0;1
FAHRINUR;11;2.5.1958;0;11
MURTEZAM;1;21.8.1961;1;0
OLTAC;1;29.9.1976;0;1
SEVHAN;69;16.10.1977;12;57
REFI;56;27.1.1960;44;12
ABDULRIZA;22;11.6.1973;22;0
ENSARULLAH;2;16.2.1979;2;0
NAIRE;19;21.12.1950;0;19
SIHAB;2;11.5.1988;2;0
TUMICIN;21;24.8.1979;21;0
DOYCAN;1;22.10.1985;1;0
FAHRIRAMAN;1;19.9.1974;1;0
EVRENPASA;1;23.10.1991;1;0
HACIMUHAMMET;1;23.2.1973;1;0
BUYRUK;2;18.6.1985;2;0
CANSUGUL;2;7.10.1990;0;2
RUHISER;41;12.6.1951;0;41
FERRUHAL;1;22.2.1967;0;1
OZDEYIS;9;21.10.1987;2;7
MESRA;10;21.10.1980;0;10
ZELFIDE;5;9.11.1959;0;5
ALAGEYIK;5;7.3.1963;0;5
BERKUT;21;3.9.1979;21;0
CIFTCI;3;21.1.1957;2;1
VUSAL;4;3.4.1972;2;2
HATIPHUSEYIN;1;12.8.1971;1;0
ATAKEREY;1;12.9.1989;1;0
AGIL;14;10.4.1959;14;0
CANBORA;3;14.12.1980;3;0
GUNHATUN;1;23.3.1982;0;1
MOHAMMAD;27;11.4.1972;27;0
ONURAN;1;29.7.1991;1;0
ZUBEYHIR;1;23.8.1964;1;0
ARDAN;31;17.11.1971;25;6
HAKIMET;12;11.7.1964;0;12
MAHPEKER;12;12.11.1955;0;12
MIRKAN;47;17.5.1982;44;3
ILGE;34;6.3.1981;3;31
SUKRUCAN;14;25.1.1975;14;0
ULUSE;1;26.9.1962;0;1
RASIN;59;18.9.1972;58;1
YULIYA;87;19.6.1977;0;87
NAZIRCAN;2;23.7.1961;1;1
UFUKHAN;13;6.2.1982;12;1
NART;26;16.12.1971;26;0
LEYHA;5;11.5.1976;0;5
ESENYEL;16;18.11.1976;0;16
VILDANE;116;19.8.1966;0;116
SECIMOR;1;30.6.1951;0;1
NEVLIN;4;6.8.1971;0;4
YAMUR;4;7.2.1975;1;3
NAIKA;1;17.11.1930;0;1
ZAYNAB;2;23.2.1980;0;2
KANOR;1;27.2.1944;0;1
RENAD;1;5.2.1969;1;0
MUHAHMET;1;21.6.1991;1;0
BEYHIZA;1;26.6.1965;0;1
REZAHI;2;17.11.1958;2;0
HAVULLI;1;12.5.1929;0;1
SEBIYLA;9;23.11.1974;0;9
SENBIL;18;28.6.1970;0;18
MADELET;24;7.8.1949;0;24
KURE;2;29.12.1961;1;1
GUENRIETTA;1;4.1.1975;0;1
CAKABEY;1;26.6.1979;1;0
RENAY;8;30.10.1983;0;8
OLFA;1;12.3.1975;0;1
TUGCIN;17;14.3.1986;6;11
KADIBE;5;20.6.1966;0;5
LENNA;1;24.2.1979;0;1
DURUHAN;14;4.11.1978;11;3
ERDONER;3;7.7.1965;3;0
ILEYDANUR;1;20.4.1989;0;1
GULZIRA;5;22.3.1975;0;5
DANIA;2;7.1.1985;0;2
SEZRA;1;2.9.1982;0;1
FERDINAN;2;16.4.1957;2;0
COSKUNAZ;1;6.10.1962;0;1
ZERNIN;2;4.12.1989;0;2
NAKAHAN;2;16.6.1981;0;2
GEDAYIN;1;13.12.1949;0;1
ERIC;14;28.11.1973;8;6
ENKIN;5;21.1.1955;3;2
MESUNE;12;9.3.1957;0;12
YAKUPKADRI;1;22.3.1991;1;0
ENSAL;11;20.11.1971;6;5
FERITCAN;3;18.9.1991;3;0
NEBATEN;1;11.11.1971;0;1
IZAMET;19;20.9.1950;8;11
GUZZIN;1;14.2.1974;0;1
CESFINAZ;2;30.12.1962;0;2
NURTULIN;1;6.9.1989;0;1
ILGIZ;11;27.2.1977;3;8
UGURSAL;18;23.10.1968;15;3
TANOL;6;5.6.1970;6;0
NEVHAL;3;27.11.1956;1;2
GOKSELHAN;1;26.1.1991;1;0
SUSEL;12;25.11.1961;0;12
OKYANUS;34;29.6.1977;27;7
SIRINALI;4;9.11.1940;4;0
BENLIGUL;7;24.12.1946;0;7
DERYAN;7;16.5.1971;3;4
CAKIRAYSE;2;11.9.1960;0;2
SUMEYNE;3;20.9.1988;0;3
TUMERKAN;27;22.5.1979;27;0
NURATTIN;19;9.2.1965;19;0
HUMEYYEN;2;11.5.1941;0;2
ERFE;57;2.12.1965;0;57
VURAY;7;5.2.1976;6;1
KAYINAT;8;8.8.1967;4;4
SONKAN;27;17.2.1984;26;1
BEYLA;8;16.11.1964;0;8
ERDOGDI;1;11.10.1965;1;0
SAKSEL;1;20.8.1980;0;1
NURTUBAY;1;22.7.1985;0;1
TSIYALA;1;2.8.1939;0;1
SALCAN;8;23.6.1965;0;8
GURALP;29;26.6.1977;29;0
ZULHEYYA;2;6.1.1970;0;2
VELIHE;3;24.1.1946;0;3
SUTFIYE;15;13.9.1950;0;15
NEVRUN;3;6.10.1949;0;3
MERNUN;3;6.4.1959;0;3
TINSEL;2;20.6.1971;1;1
BALACAHANIM;2;25.6.1976;0;2
VESIRE;5;9.3.1955;0;5
NIHRE;1;11.12.1985;0;1
SERBAP;2;23.3.1958;0;2
HAMDUL;2;26.7.1957;1;1
BERAHITTIN;1;26.8.1987;1;0
GUNERKAN;2;3.6.1968;2;0
SAMICAN;11;28.2.1986;11;0
SAVAK;40;30.1.1968;37;3
NEVCI;5;27.1.1965;2;3
UMMUHA;4;4.11.1971;0;4
TURSUNALI;4;27.2.1955;4;0
ERTOS;4;15.5.1978;4;0
CHAKHARNAZ;1;21.5.1976;0;1
SEZENAY;11;2.3.1987;0;11
BEYRAN;4;12.7.1970;0;4
OLDAY;1;12.2.1977;1;0
SERTKAN;14;25.9.1978;14;0
NORMAN;1;29.6.1960;0;1
KASEYE;1;2.2.1952;0;1
KUKULA;1;1.4.1925;0;1
MIKBIRE;1;30.7.1946;0;1
KATIBA;5;18.8.1966;0;5
AYSENURGUL;3;30.6.1978;0;3
VEKILA;3;16.6.1968;0;3
KONYA;120;14.10.1962;0;120
CEYDAN;7;28.2.1979;0;7
ALUDE;2;11.6.1961;0;2
NIGDE;10;14.6.1962;0;10
MUHINAR;4;24.12.1965;0;4
YETDILE;2;13.3.1984;0;2
ECENAZ;9;30.1.1988;0;9
NASIHU;1;29.3.1988;1;0
SONGULAY;7;14.1.1980;0;7
DENIZTAN;2;13.10.1985;1;1
SEFAHAN;5;10.12.1986;4;1
NURTES;2;1.3.1977;0;2
MUANMER;24;11.11.1969;24;0
FIZIREHMAN;1;12.8.1959;1;0
TESVIYE;10;28.2.1960;0;10
SELDEM;6;21.9.1982;0;6
BUSAN;2;5.3.1978;0;2
NAHADET;2;1.6.1972;0;2
FIKRULLAH;15;8.11.1968;15;0
UZKAM;1;27.4.1988;1;0
BINGUN;7;15.2.1958;1;6
OGUZALP;21;28.4.1983;21;0
TACAM;3;1.3.1977;3;0
SULUNAY;37;29.9.1967;0;37
BAGDAN;3;6.5.1970;0;3
SELCUKMURAT;1;15.8.1974;1;0
AKANSEL;25;25.11.1979;24;1
OZUSEN;1;26.7.1991;0;1
SOLTANAT;1;10.4.1973;0;1
CIHANIRIZA;1;4.9.1974;1;0
SENCEN;7;16.4.1975;1;6
HEVVAH;1;23.12.1958;0;1
FAHIKA;7;25.3.1954;0;7
ABTULHALIM;2;1.2.1970;2;0
NECMIDTIN;1;16.10.1948;1;0
GUNDEGUL;30;15.5.1956;0;30
ARINA;3;17.12.1976;0;3
BAGNUR;37;7.8.1981;0;37
MENSUNE;3;18.4.1960;0;3
GAZIPASA;1;19.11.1971;1;0
SAHSUMAN;6;12.8.1961;1;5
MERVIN;23;15.4.1984;0;23
HAIFE;4;17.7.1961;0;4
KOCMAN;1;12.3.1965;1;0
SEPILAY;1;19.4.1977;0;1
BERIKE;9;15.11.1953;0;9
EMRIHA;3;13.5.1968;0;3
GULAYDA;12;11.10.1976;0;12
NUBEYDA;3;12.6.1969;0;3
BEYAZHATUN;1;12.11.1947;0;1
MUSAMERT;1;9.10.1991;1;0
YASATTIN;82;14.10.1959;82;0
SAHIHI;1;17.3.1982;1;0
JULVARA;1;19.9.1975;0;1
PRIDA;1;6.4.1956;0;1
OGURTAN;2;27.12.1954;2;0
DILBE;1;1.1.1990;0;1
FEZITTIN;2;25.9.1931;2;0
IHLIMAN;3;3.2.1963;1;2
RUKMETTIN;5;28.8.1956;5;0
SAHSIMAN;8;19.7.1956;0;8
NEKALEN;1;28.7.1974;0;1
KONAR;7;15.4.1970;6;1
EVSAH;1;2.2.1951;0;1
GULBITTI;23;5.8.1959;0;23
ERNUL;4;27.11.1972;3;1
EDVA;2;10.3.1969;1;1
GLIUZOR;1;5.9.1939;0;1
GULKI;2;21.8.1969;1;1
MUHANMER;21;17.6.1972;21;0
SUADA;60;3.6.1951;2;58
EYIFER;1;25.5.1934;0;1
ASEBAHATTIN;1;2.2.1957;1;0
BIHTERNUR;1;8.12.1980;0;1
MUCASET;1;22.2.1973;0;1
NESDAT;4;21.3.1966;4;0
HURYA;37;26.10.1969;2;35
HAMICAN;3;28.9.1981;2;1
MAKBUK;1;13.6.1936;0;1
ULMUHAN;3;21.9.1973;0;3
LAHIDE;4;5.1.1958;0;4
NERMINAZ;16;1.10.1961;0;16
MAVES;3;13.6.1953;0;3
VIRGUN;1;21.2.1975;0;1
FERDINANS;1;7.5.1934;0;1
MESHULE;3;19.10.1957;0;3
MUCELLIF;2;26.11.1971;1;1
EKMEN;18;23.12.1972;15;3
BERKTURK;2;5.4.1966;2;0
NESUA;1;11.9.1945;0;1
GURDEM;4;9.6.1976;1;3
FURKAY;3;29.8.1983;3;0
IGDAN;2;29.7.1966;1;1
KEMAN;110;5.12.1956;4;106
GONCANUR;10;18.4.1986;0;10
SALIHBABA;1;18.5.1930;1;0
HANEDAN;10;3.11.1983;2;8
KULCAY;1;23.2.1965;0;1
MUVELLET;1;1.6.1937;0;1
ZEVCAHAN;1;16.12.1950;0;1
SIHER;6;4.5.1955;0;6
GULESAH;1;27.12.1982;0;1
LEBBEYK;2;28.3.1949;0;2
REFITE;2;22.1.1937;0;2
GULSUMBUL;5;5.11.1984;0;5
HEZGUN;1;26.2.1963;1;0
NEZZET;13;3.4.1957;7;6
BANUGUL;12;22.9.1980;0;12
HUDAVENDIKAR;1;26.6.1970;1;0
HIDAP;1;2.3.1951;1;0
MEYET;29;20.11.1970;1;28
NECAHET;13;20.11.1956;1;12
AYSEDONER;1;24.6.1978;0;1
MEGSURE;1;26.1.1933;0;1
SESRAN;1;29.1.1990;0;1
ZEVCIHAN;5;11.1.1963;0;5
SEHMETTIN;1;21.6.1942;1;0
ZULGIF;1;24.10.1972;1;0
MUHRUBAN;17;17.7.1962;0;17
MAHFURE;19;8.5.1965;0;19
DULAY;4;2.12.1965;0;4
MIHIDE;1;1.9.1960;0;1
NEZMITTIN;9;20.6.1952;9;0
NUREYLAN;1;22.2.1967;0;1
MASITA;10;22.3.1974;0;10
MELIGIN;1;7.12.1968;0;1
CETINAY;11;10.3.1964;8;3
SULBIHAN;6;14.11.1962;0;6
HIDAYEDDIN;3;24.9.1965;3;0
GULHAMDAN;4;8.3.1968;0;4
DOMNICA;5;26.7.1963;0;5
RUCEYDA;1;5.1.1969;0;1
TURHANIM;2;13.11.1963;0;2
ULKUSEN;8;11.3.1962;0;8
KARHAN;15;28.9.1976;14;1
NERMIYEN;3;21.9.1954;0;3
ATEGIN;1;11.4.1966;1;0
HELIMAGA;1;23.10.1969;1;0
LIAISSAN;1;10.11.1970;0;1
HEZEL;11;10.2.1973;2;9
SAATET;1;20.12.1959;0;1
TUR;6;2.4.1957;4;2
ASIMEN;14;7.5.1963;2;12
NULLUFER;6;14.12.1968;0;6
MAHITE;1;17.2.1947;0;1
ALIBASA;1;1.9.1973;1;0
ASEME;1;11.4.1981;0;1
KULUMSER;4;28.7.1950;0;4
HEBI;4;19.4.1957;2;2
FEDHI;2;4.1.1973;2;0
HAFET;6;24.2.1950;0;6
GULPIN;2;28.8.1966;0;2
KULFERE;1;22.3.1928;0;1
KULFE;4;7.12.1944;0;4
ATALET;3;14.11.1972;0;3
GULBARE;4;12.9.1961;0;4
NEZMIT;3;15.8.1964;3;0
ENINE;3;1.4.1985;0;3
ABDURSELAM;13;29.10.1960;13;0
MINDIHAN;1;7.3.1940;0;1
AYNIR;3;25.1.1964;0;3
MIRDEN;1;18.4.1944;0;1
PANBAK;2;8.12.1948;0;2
YUNCAR;1;16.6.1961;1;0
FAATTIN;1;7.11.1940;1;0
BEKCAN;4;19.1.1965;2;2
MULVET;4;23.12.1956;0;4
TOLKA;2;29.9.1979;2;0
GOHHAN;2;26.10.1979;2;0
KEMALYASAR;1;19.10.1972;1;0
ABDULHAMI;4;4.3.1966;4;0
AYBIKEN;3;3.8.1978;0;3
ESBEHA;1;12.4.1975;0;1
ZHANNA;20;24.5.1974;0;20
BATURAY;134;17.11.1984;134;0
ENIL;3;9.10.1982;0;3
MEHMETUFUK;1;17.12.1980;1;0
MIYMIN;1;11.6.1964;1;0
ALISAYIT;8;13.10.1959;8;0
BARISAY;2;29.5.1976;0;2
BITTEZ;1;10.7.1928;0;1
YETTILE;3;10.5.1937;0;3
TEMELALI;1;2.5.1951;1;0
NAMIKKEMAL;15;12.5.1962;15;0
FIRAYA;1;12.9.1969;0;1
FIRARAGA;1;21.10.1973;1;0
DUSSEL;1;22.10.1949;0;1
HEDA;40;21.11.1966;0;40
MEHDINE;3;17.3.1970;0;3
BAS;2;11.5.1965;1;1
GULCINAR;57;1.4.1973;0;57
SEDEM;23;16.10.1983;0;23
MIMARSINAN;16;18.2.1975;16;0
RESULEKREM;3;3.2.1978;3;0
HUREM;46;11.2.1967;33;13
SEMMUN;3;6.11.1962;3;0
MUSTAFANECATI;1;12.2.1989;1;0
BIRGIT;15;18.7.1971;1;14
BURLIYAT;2;20.11.1971;0;2
OMRE;60;1.4.1981;14;46
NENSURE;1;29.11.1976;0;1
VEBIHAN;4;6.8.1969;0;4
BEDAS;1;8.2.1972;0;1
KHADIJA;8;5.7.1969;0;8
REYIM;2;20.12.1974;2;0
EJRA;1;29.4.1985;0;1
AVNIDDIN;1;26.5.1969;1;0
NEVSUN;10;28.4.1976;0;10
SUBATEN;1;11.11.1971;0;1
MARGARITA;31;22.5.1961;0;31
RESULSITKI;1;25.6.1945;1;0
MELIKIN;1;16.1.1988;0;1
BERAD;8;23.4.1985;6;2
MIGEN;4;4.3.1984;0;4
ELIVE;1;7.4.1940;0;1
HENNIYE;1;28.3.1979;0;1
PIRMUSTAFA;1;22.8.1943;1;0
ZELAHAN;1;14.6.1971;0;1
ESBEH;2;26.2.1946;0;2
CEMYASIN;1;6.1.1992;1;0
BAYURE;1;21.12.1941;0;1
REYIZ;17;14.6.1966;17;0
SUVERDE;1;18.6.1940;0;1
KIZLARHANIM;19;29.8.1955;0;19
HAZIZAN;1;5.7.1977;0;1
NURCEREN;6;24.3.1990;0;6
YAHYAKEMAL;4;10.8.1981;4;0
ZIHNICAN;2;21.10.1970;2;0
ZIYAHURSIT;1;9.2.1938;1;0
RUTKAY;37;15.1.1989;37;0
SULEHA;110;6.11.1955;0;110
KULI;81;23.11.1937;18;63
ALEHATTIN;7;22.3.1965;7;0
OZDENUR;24;11.9.1981;0;24
CANSA;18;20.6.1960;14;4
GEZER;104;25.7.1959;14;90
ZILFICAN;2;21.5.1950;0;2
HAMU;18;25.1.1943;17;1
ESIRE;16;21.5.1966;0;16
ZAYIYE;2;8.2.1951;0;2
CEMSI;37;3.4.1958;37;0
SERINCAN;23;5.9.1968;5;18
GULLUCAN;53;18.10.1973;0;53
GUNNIGAR;5;13.1.1952;0;5
MEDAI;6;3.1.1966;6;0
MUSADIR;9;29.5.1962;9;0
EFTER;12;29.9.1969;11;1
MUZUR;11;21.8.1954;11;0
AZI;5;20.12.1938;1;4
NOVZETTIN;2;1.4.1972;2;0
MEZADET;2;4.8.1940;0;2
ILKIS;3;8.10.1959;0;3
KUHARI;10;12.2.1938;0;10
MERZUKIYE;4;12.10.1960;0;4
MAKSEDE;2;22.12.1938;0;2
NINI;5;15.9.1942;0;5
KAMI;23;13.8.1969;19;4
KUMA;3;12.6.1931;0;3
KALKAN;21;11.1.1971;21;0
KACIR;2;27.8.1938;0;2
ANE;31;14.1.1952;0;31
BARTAL;2;22.8.1931;2;0
KAKO;14;14.6.1937;14;0
SEYDAGA;3;1.7.1956;3;0
MOHUP;23;5.2.1960;4;19
MESIN;9;27.2.1968;4;5
ESRAN;17;26.6.1980;1;16
ZIRAN;7;6.3.1961;5;2
GURGERCIN;2;12.5.1935;0;2
GEVI;616;19.12.1953;0;616
AVASI;2;17.2.1936;0;2
SUNGEL;2;27.3.1958;0;2
MILVER;18;5.4.1961;0;18
DIVANE;44;15.1.1964;41;3
HAVAL;13;10.10.1978;3;10
PAKI;76;15.11.1962;70;6
CEKI;66;14.6.1966;51;15
BIRA;62;12.11.1944;60;2
SULTI;13;22.11.1927;0;13
ALIAZIZ;3;28.1.1974;3;0
SERISTAN;21;5.6.1965;0;21
MAHTIYAR;2;2.5.1980;0;2
AGCI;54;12.4.1937;1;53
SATIN;16;24.12.1962;9;7
MAHZUNE;15;11.5.1950;0;15
BACIYE;22;4.9.1961;0;22
NAMLI;17;28.7.1957;3;14
PELIR;14;9.10.1953;14;0
NUSIYEN;2;21.12.1965;0;2
SAYICAN;19;16.10.1958;8;11
SERHAZ;2;8.2.1992;2;0
SENGI;20;19.6.1947;0;20
FAYI;7;17.6.1938;2;5
YALSEMIN;2;28.1.1990;0;2
DILERA;12;20.7.1979;0;12
KENTER;9;22.4.1979;9;0
YARGIC;3;12.7.1975;3;0
DERDI;271;17.12.1944;0;271
GULAYI;53;13.11.1974;1;52
SABAAT;21;1.1.1959;1;20
KUHI;2;17.2.1935;0;2
ERDIF;2;4.6.1944;0;2
BENAZ;7;11.5.1988;0;7
BIRHAYAT;23;21.4.1975;0;23
HAYVA;22;6.2.1942;0;22
IHTIYAT;12;4.8.1962;12;0
NEDEN;5;19.8.1984;0;5
ENCO;4;8.3.1955;2;2
NURSULTAN;21;15.5.1980;0;21
HEYVI;4;10.11.1943;0;4
CINDO;10;18.8.1954;10;0
KIBE;2;12.8.1935;0;2
ALIEFTER;2;19.3.1942;2;0
ZEMLILE;2;7.8.1922;0;2
FIDAL;12;28.6.1977;5;7
AMANET;30;24.7.1964;5;25
ROGUL;5;2.6.1959;0;5
ZEFI;10;21.7.1943;1;9
HEDOS;9;2.5.1946;0;9
VAKI;52;19.4.1936;4;48
IMOS;435;28.8.1945;0;435
AVIZER;20;27.5.1958;17;3
KOMAS;2;22.8.1937;0;2
NESEMI;22;1.8.1967;22;0
HANOGLU;2;12.3.1991;2;0
OZDIREN;2;21.4.1981;2;0
HAYCAN;30;9.7.1950;2;28
TUNAKAN;34;15.1.1977;34;0
ZULHUCAN;2;26.12.1960;0;2
ELFIRAZ;7;12.3.1959;0;7
GULANDAM;26;1.5.1959;0;26
GULDOREN;4;6.1.1965;0;4
BASIME;14;20.6.1960;0;14
MUZEYYAN;44;9.8.1965;1;43
MIDRAP;28;22.1.1964;28;0
FEREMOZ;3;18.10.1939;3;0
SIVING;2;1.5.1979;0;2
MENOS;12;28.3.1959;0;12
BORCIN;5;23.8.1986;4;1
SERBINAL;3;25.4.1977;2;1
KEKIL;122;16.6.1938;122;0
GEKO;3;8.2.1931;3;0
FEZIRA;8;21.4.1958;0;8
BOYBAY;2;12.8.1935;2;0
SEVALI;4;20.2.1946;2;2
BAKIL;69;7.5.1950;69;0
CEMGIL;74;14.12.1980;73;1
MIRIVAN;5;1.9.1944;0;5
FADIMAN;16;12.3.1957;0;16
KAKIL;120;14.3.1956;84;36
DUDUGUZEL;2;27.2.1986;0;2
SULU;15;1.10.1948;12;3
CINI;34;21.8.1958;1;33
MOMUN;17;25.3.1956;17;0
ZAHIDA;15;6.2.1969;0;15
HASANBALABAN;2;6.4.1960;2;0
BOYBEY;8;28.6.1966;8;0
MILKINAZ;101;9.11.1968;0;101
SAPGUL;3;15.2.1959;0;3
BAYI;23;23.2.1948;23;0
ASURBABA;2;30.4.1935;2;0
AGBABA;6;16.6.1952;6;0
ISSAF;3;10.5.1937;1;2
BAKO;36;1.10.1931;36;0
SAANER;2;2.6.1975;2;0
ILBIYE;5;24.7.1970;0;5
EREFE;13;29.3.1962;0;13
FIRKAN;38;18.8.1975;35;3
BALKISA;6;16.10.1945;0;6
SEFULLAH;7;10.10.1969;7;0
BULGEN;6;9.6.1967;0;6
KATAN;2;12.2.1941;2;0
HAZIR;60;11.8.1960;49;11
KUSI;4;2.1.1933;0;4
GULTE;5;23.7.1953;0;5
LATINE;3;29.7.1954;0;3
KAYGUN;4;23.12.1973;2;2
BAPO;2;22.8.1931;2;0
TAHUDE;7;21.3.1960;0;7
ZERDI;129;22.4.1950;0;129
ESPAHI;2;13.2.1963;2;0
BAVO;4;19.7.1945;4;0
RAVUF;5;9.6.1957;5;0
NILGIN;67;8.3.1972;2;65
SAKIL;2;12.8.1923;0;2
ERCANSON;2;11.2.1975;2;0
DILSEVER;3;30.6.1981;0;3
SAHHAYDAR;151;22.3.1962;151;0
KALMAM;11;17.5.1958;11;0
CEYREN;2;12.10.1991;0;2
ALIHIDIR;34;19.10.1953;34;0
FECIRA;4;12.4.1961;0;4
HENAR;15;8.6.1953;0;15
ALIBINAT;18;13.1.1955;18;0
YEMOS;148;24.1.1958;0;148
SEYITMAHMUT;7;19.4.1931;7;0
RINDAN;20;15.4.1958;0;20
DUZALI;111;14.11.1956;111;0
SEZDEM;2;23.3.1985;0;2
IMAMHUSEYIN;10;23.11.1954;10;0
ZENIT;4;16.8.1970;1;3
BABIK;4;18.11.1943;4;0
BAKKI;16;3.12.1959;16;0
ARZUN;59;30.7.1954;0;59
VILA;2;20.6.1985;2;0
PEKLIZAR;2;2.8.1933;0;2
IMAMHASAN;4;24.10.1943;4;0
ZEYNELI;5;29.2.1955;2;3
YULFER;3;19.7.1960;0;3
AGZUN;3;20.3.1937;0;3
SIHALI;43;20.1.1962;43;0
ILLIZ;2;8.10.1986;0;2
BELCAN;6;6.9.1986;0;6
SEREFETIN;7;21.4.1970;7;0
ABEDIN;42;14.9.1965;42;0
SANIYA;93;28.2.1967;0;93
CELALIN;3;20.10.1971;3;0
ZELAN;5;28.8.1981;3;2
IJLA;49;18.12.1972;0;49
DEDEALI;7;17.4.1949;7;0
EMILA;3;10.10.1960;0;3
MEMLI;29;4.7.1953;29;0
HAMPELI;6;25.7.1948;0;6
VEYS;34;21.11.1961;34;0
MENEFS;9;4.12.1943;0;9
EMILE;60;12.8.1958;0;60
ERENLER;10;24.10.1975;10;0
ILIZGAR;2;16.3.1963;0;2
EMLIHA;12;14.3.1959;2;10
ZEKINA;23;19.1.1965;0;23
SARIBA;3;22.9.1958;0;3
MILIYE;4;26.9.1940;0;4
EMEC;6;1.4.1991;5;1
MECBUDE;3;13.12.1976;0;3
KOCO;55;27.1.1941;54;1
SIRMI;54;15.4.1956;0;54
MURATCEM;4;7.7.1978;4;0
VELIHAYDAR;2;13.10.1963;2;0
NURUVAN;3;14.7.1987;1;2
EJMA;2;12.12.1971;0;2
GULESMER;15;24.10.1963;0;15
MEYVA;36;2.11.1968;0;36
PIRKEMAL;2;21.1.1972;2;0
BASKI;3;19.7.1974;3;0
SOZGUN;10;7.1.1975;3;7
KULABI;4;8.9.1943;4;0
ALDOGAN;38;23.12.1958;38;0
YULUZGAR;2;5.5.1968;0;2
EKPER;4;27.4.1964;4;0
SERANCA;5;22.10.1963;0;5
SEHBAN;9;27.7.1961;5;4
MALI;6;17.12.1954;0;6
GULBUCUK;2;4.3.1956;0;2
KISE;5;20.4.1937;1;4
HIVEL;3;30.12.1987;0;3
PULI;30;4.10.1950;0;30
PIRSULTAN;20;1.6.1961;19;1
BIRTEM;7;11.1.1978;0;7
ALIDOGAN;16;24.1.1966;16;0
GULTEZ;11;2.10.1967;0;11
PELGUZAR;22;20.1.1963;0;22
GERI;5;30.9.1943;1;4
NURHEN;7;23.11.1960;0;7
CAYHAN;32;26.7.1975;23;9
IMAMLI;2;18.12.1954;2;0
CEMALETIN;13;14.10.1965;13;0
GIYABI;3;2.12.1955;0;3
BEKO;62;11.6.1941;61;1
MEHMETSEVKI;2;17.9.1991;2;0
HITAMI;31;19.11.1960;30;1
DAVA;2;2.2.1981;0;2
NESLICAN;42;3.11.1977;0;42
ARKOC;2;27.5.1985;2;0
SULBIYAN;7;25.8.1955;0;7
NUNUFER;50;9.10.1964;0;50
SEMURAL;10;20.12.1962;0;10
SEVAIL;18;23.6.1963;1;17
COSLU;3;16.6.1970;3;0
PERGULE;2;11.6.1974;0;2
NADICE;3;22.9.1959;0;3
ZAMBAK;19;7.5.1962;0;19
NUCIBE;17;27.9.1949;0;17
VESIKA;24;6.9.1963;0;24
SEYYIHE;2;21.11.1947;0;2
GULAYFER;39;13.4.1972;0;39
DIDIF;2;7.8.1928;0;2
GIYIK;7;27.3.1935;0;7
KEZIBAHAR;2;18.5.1970;0;2
SURAHI;175;5.12.1956;3;172
NEBIRAY;2;6.3.1979;0;2
ISTAHAR;2;27.3.1968;0;2
KARDES;10;14.9.1972;9;1
HEYAL;18;26.8.1958;0;18
KUHAR;15;18.10.1941;0;15
TELLO;22;5.7.1946;11;11
SERAYE;11;18.6.1967;0;11
SUREYEN;3;25.10.1967;0;3
ZEYI;34;24.12.1948;0;34
MEKKEDIN;2;4.1.1963;2;0
OZVER;31;2.7.1974;28;3
LILLO;12;17.1.1939;12;0
FETIHYE;7;9.10.1972;0;7
CEMEN;23;29.2.1966;0;23
HECERE;7;3.10.1954;0;7
DILMIR;2;1.1.1942;0;2
MULKUZAR;6;2.4.1955;0;6
SAYAR;36;26.6.1966;26;10
ATILEK;2;25.10.1925;0;2
YUZNUR;5;4.1.1971;0;5
ZECETTIN;2;3.4.1936;2;0
RUKEM;4;12.1.1976;0;4
SEYHHASAN;2;17.2.1942;2;0
KULE;8;24.3.1938;0;8
MURFUDE;4;17.7.1967;0;4
UKUS;15;24.11.1937;0;15
MESAI;2;28.2.1960;2;0
FERDENE;4;18.4.1950;0;4
ABOBEKIR;21;22.12.1952;21;0
SEFFAT;26;9.9.1972;24;2
OKTAYI;2;19.5.1954;2;0
SURAHIYE;20;22.9.1965;0;20
PELGIZAR;17;25.5.1959;0;17
VECIHAN;30;13.4.1965;0;30
ISTIRAHAT;3;19.10.1963;0;3
TALII;2;11.1.1952;2;0
GULFERDA;3;2.4.1982;0;3
FOVZI;13;9.6.1958;13;0
LAHILE;6;1.5.1966;0;6
CAGHAN;69;7.2.1985;68;1
PAPU;5;9.10.1935;0;5
FINTOS;10;25.9.1940;0;10
HARSI;117;18.2.1948;0;117
HALISI;18;16.3.1961;17;1
FEHEDA;43;15.1.1954;0;43
GEKKO;10;8.4.1941;10;0
KALMAN;21;7.11.1945;21;0
MAMILE;7;16.3.1950;0;7
NAVDAR;8;13.4.1983;8;0
ZEYINI;3;22.6.1908;0;3
DERTLI;12;18.1.1958;1;11
HIDIRHAN;2;17.7.1989;2;0
GUZCAN;2;12.2.1965;0;2
FAYMA;23;21.8.1966;0;23
SENGAL;20;24.1.1955;2;18
HADICAN;3;23.12.1923;0;3
LASER;19;19.2.1971;11;8
ABDULKAFUR;52;7.2.1968;52;0
CIKER;2;27.8.1932;0;2
BERKEN;27;11.11.1985;14;13
KEDIFA;2;21.7.1972;0;2
SAMALI;9;11.12.1958;9;0
ZEDIYE;11;13.7.1960;0;11
FATMAELIF;2;2.3.1980;0;2
ALAVERDI;6;9.7.1973;6;0
SEVILIR;48;16.3.1966;3;45
ONSAL;29;26.8.1975;26;3
BILGILE;2;19.3.1975;0;2
FAZIRE;7;9.1.1957;0;7
MUGATTES;21;3.9.1965;0;21
AHMETHIKMET;2;30.4.1974;2;0
UMRUYA;3;4.8.1971;0;3
RUFEYDA;11;21.8.1981;0;11
HASGAR;4;30.8.1963;0;4
YAZDAN;82;29.5.1964;78;4
PULU;5;14.11.1959;0;5
ZEYNEM;27;8.6.1963;0;27
HEDUS;5;16.8.1945;0;5
CIBAR;4;20.11.1949;0;4
MUNCI;49;28.1.1962;48;1
MURSA;6;15.3.1950;4;2
OLIDA;4;6.9.1981;0;4
SELGEN;3;16.10.1975;3;0
GULGES;51;11.8.1976;0;51
EKINC;5;19.4.1983;4;1
MURUT;14;17.7.1961;14;0
MAGPULE;6;22.3.1960;0;6
DILAFER;10;30.9.1967;4;6
EMIRAY;35;10.3.1982;12;23
BEYTULLA;13;23.7.1968;13;0
DURAKAN;2;19.1.1972;2;0
BAHRAN;5;21.9.1974;4;1
MESUME;25;1.8.1959;0;25
NURDOKEN;8;14.1.1976;0;8
MAKBULAH;3;11.3.1956;0;3
BILGAN;30;11.8.1959;6;24
VILIK;3;2.8.1949;0;3
EYYAM;20;30.9.1964;7;13
KUMU;4;18.3.1950;0;4
BABIKHAN;2;27.11.1974;2;0
CANSEVIL;15;25.10.1972;0;15
LEYILA;4;4.8.1965;0;4
FECERE;4;10.12.1937;0;4
PERGIZAR;3;21.12.1961;0;3
MERHRIBAN;2;1.11.1967;0;2
YEMUS;13;12.1.1942;0;13
GULTIKEN;5;29.8.1958;0;5
CULE;3;30.7.1934;0;3
DEDALI;3;29.12.1963;3;0
FERISTA;10;5.10.1959;0;10
GULBAR;34;13.9.1962;1;33
TURKIYEN;6;3.6.1961;0;6
PAPO;32;14.2.1940;0;32
LIZGE;5;23.8.1985;0;5
KAZA;4;23.2.1955;3;1
DILIFE;3;4.11.1933;0;3
ISLAH;32;1.8.1970;27;5
KEZE;4;19.3.1938;0;4
CANONDER;2;8.9.1975;2;0
ALICIHAN;10;19.2.1973;10;0
ALPSAR;2;28.7.1976;2;0
MERTALIM;2;28.6.1966;2;0
DILEZ;3;15.7.1988;0;3
ERDINAY;20;23.12.1976;18;2
ELEMSAH;13;7.7.1965;2;11
HASANHAYRI;9;12.6.1965;9;0
GULLUFER;33;5.3.1970;0;33
IZMIHAL;5;25.11.1964;0;5
KURTUL;70;19.2.1969;65;5
SIHHASAN;13;24.8.1952;13;0
TELAL;12;5.10.1964;12;0
ALIKAMER;8;20.11.1969;8;0
SABREYLEGONUL;2;2.8.1969;0;2
RUHKEN;4;17.11.1974;0;4
ALLATTIN;41;5.10.1969;41;0
CANDEREN;2;27.1.1992;2;0
MENEKS;2;17.5.1936;0;2
HEDAR;6;12.4.1982;1;5
HAZERE;17;7.3.1951;0;17
CEMEDAN;2;2.4.1945;0;2
ERKALI;2;25.5.1954;2;0
FACIRE;9;11.3.1953;0;9
SEDER;9;6.6.1976;5;4
ERJENG;2;30.10.1971;2;0
GULZEMIL;3;27.2.1958;0;3
MITKA;6;27.3.1968;0;6
ETTEM;13;10.12.1966;13;0
GULDURAY;9;2.11.1976;0;9
ORGE;30;6.11.1980;3;27
ZAFFER;56;12.7.1972;53;3
ERCEREN;3;6.4.1985;3;0
SITEMOGLU;2;2.3.1981;2;0
TULAYI;16;10.12.1974;0;16
GEZE;6;22.5.1950;0;6
DILFE;3;14.6.1925;0;3
FINKOZ;2;7.8.1940;0;2
FIDI;12;28.10.1941;0;12
HACICAN;8;4.9.1948;1;7
MEVUS;2;6.11.1938;0;2
MERHEMET;3;4.10.1965;0;3
SAZAI;11;14.5.1963;11;0
BESMAN;2;6.6.1969;0;2
SINANI;4;16.5.1967;1;3
SONSER;41;27.2.1976;3;38
KEZAL;2;26.6.1962;0;2
YEMINE;11;3.3.1962;0;11
PERGUZAR;8;5.4.1953;0;8
ZELUL;4;19.11.1947;0;4
HEYVE;3;25.3.1965;0;3
SIRALI;26;29.11.1958;26;0
GULLUBAHAR;3;17.4.1967;0;3
KUFFARE;2;8.6.1939;0;2
SEVILI;29;21.7.1959;0;29
SERINCA;8;28.8.1963;0;8
BACE;2;2.8.1933;0;2
KALMEM;2;22.11.1985;2;0
MIDRAN;3;20.9.1965;1;2
KADIRA;5;17.12.1961;0;5
MIRZAT;26;24.10.1961;14;12
SERGENELDAL;2;6.10.1978;2;0
DILI;15;2.8.1947;0;15
HASIKAR;7;30.12.1951;0;7
GIRGIN;70;17.2.1962;65;5
VERONIKA;25;4.5.1971;0;25
MUNASIP;285;25.3.1975;50;235
HAYZARAN;29;1.2.1960;0;29
MUHTESIN;97;29.8.1975;97;0
HEYIFHAN;80;17.10.1972;0;80
ABDULMEVLAN;12;4.9.1981;12;0
SERIFRAZ;1;18.10.1952;0;1
GUNCA;10;10.1.1969;0;10
HUCRET;53;12.11.1963;2;51
SULTANPERI;100;13.12.1967;0;100
AYSERE;2;24.9.1962;0;2
TECAVI;1;3.12.1931;1;0
HORA;5;6.3.1976;4;1
HITABEN;1;15.8.1984;0;1
GULINDAN;33;9.2.1962;0;33
SERZENK;5;6.8.1955;0;5
GULUNDAN;186;5.5.1969;0;186
RIZKI;32;30.8.1965;31;1
TIBRIZE;1;27.8.1938;0;1
HUMRI;17;13.4.1957;0;17
BESMA;19;3.3.1972;0;19
CUMAN;90;22.7.1967;88;2
RIAYET;26;15.11.1962;0;26
GULCIHAR;6;29.11.1965;0;6
KISMIS;217;13.6.1964;0;217
CAMI;107;5.5.1966;104;3
IBRISINI;1;8.12.1956;0;1
HEVADE;1;3.4.1975;0;1
KIRMIZI;25;2.3.1955;0;25
HURISIMAN;73;14.11.1966;0;73
KOMUR;5;20.8.1947;4;1
SAFIK;38;2.1.1959;36;2
FECER;80;12.11.1970;0;80
PURRES;7;20.5.1952;0;7
BILAKS;17;29.7.1966;0;17
KUTI;88;11.8.1938;1;87
PORES;23;30.7.1951;0;23
EHDINUR;7;30.12.1974;7;0
ZIBAR;29;14.11.1961;0;29
SAFYEDDIN;11;16.2.1967;11;0
TERVENDE;13;17.6.1952;0;13
SIYAHHAL;53;29.1.1962;0;53
FEYSULLAH;4;16.8.1974;4;0
HEZARE;7;30.1.1962;0;7
VELAYET;10;12.6.1976;0;10
LAZIM;51;4.8.1965;51;0
FIRKIYA;6;20.2.1966;0;6
HEYFHAN;1;18.2.1942;0;1
MUSELMA;220;19.2.1974;0;220
AHYA;85;15.3.1963;85;0
MIHTO;1;5.12.1944;0;1
HIRYA;1;13.2.1982;0;1
MAHCEBIN;19;18.5.1961;0;19
KANTAR;56;10.12.1953;1;55
REZBAR;13;6.12.1968;0;13
RISKI;38;15.5.1974;38;0
HIZAR;14;24.2.1958;1;13
BINAV;6;13.7.1959;5;1
KUVI;7;28.4.1957;7;0
CAVRES;141;14.3.1960;0;141
TEBRIZE;72;30.4.1964;0;72
GULESMA;6;16.10.1960;0;6
BINAF;3;22.10.1954;3;0
COMSIT;1;12.2.1941;1;0
AHIRIYE;14;25.12.1962;0;14
MUTIULLAH;8;15.2.1953;8;0
BEREZAR;1;6.12.1950;0;1
HEYIVHAN;5;30.8.1965;0;5
EBUZIYET;1;27.2.1968;1;0
MEMICAN;92;26.1.1972;0;92
MEREZ;34;13.7.1964;0;34
GULMEMET;91;14.4.1959;91;0
GOSTER;7;15.12.1954;2;5
PATIZE;1;9.3.1970;0;1
SEHIZAR;6;8.10.1949;0;6
LIYADIN;169;15.9.1974;169;0
GEBLAN;3;2.2.1956;3;0
KULIHAN;69;9.4.1961;66;3
VELIYEDDIN;5;18.1.1955;5;0
ZUNNURE;3;17.1.1962;0;3
MIRHAK;1;7.12.1950;1;0
SIMANPERI;128;8.8.1965;0;128
ERDIME;1;7.1.1988;0;1
TEVSIR;8;19.5.1968;1;7
SEYATTIN;1;6.4.1992;1;0
CEMBELLI;10;18.4.1966;10;0
KEZIZER;45;21.11.1962;0;45
MIRZAMEHMET;30;2.9.1966;30;0
HASEM;343;28.1.1979;341;2
LELIHAN;16;19.5.1967;0;16
NAIFA;4;15.9.1963;0;4
KADIRYA;14;26.9.1972;0;14
KURGIN;13;15.1.1943;13;0
HUSRAV;3;26.8.1958;3;0
FIKRIYA;9;10.4.1966;0;9
GULSITI;7;27.4.1970;0;7
HERGOL;1;16.1.1987;0;1
GULHAZAR;39;24.1.1969;0;39
SANIFE;13;1.5.1970;0;13
SINANPERI;19;19.5.1958;0;19
MELICA;4;25.11.1971;0;4
KEMALLI;4;22.7.1957;0;4
IZZETHAN;30;11.1.1970;30;0
NIYYET;5;27.6.1953;3;2
LIYADDIN;71;13.5.1972;71;0
BEFRO;35;11.7.1956;0;35
ETTAR;2;18.1.1976;2;0
FARAYI;2;27.3.1968;0;2
HUSAN;5;2.7.1963;3;2
FIRYAT;6;10.11.1970;5;1
GULMEHMET;215;18.5.1965;215;0
FEYFUR;51;1.12.1961;0;51
MIFRICE;4;12.6.1976;0;4
KOLI;9;24.2.1940;2;7
BERMALI;3;23.8.1965;0;3
SEYADIN;3;19.1.1966;3;0
HEYIF;3;21.5.1948;0;3
HIDDIR;6;13.9.1975;6;0
HIVIL;12;1.9.1956;12;0
GULUNDAM;4;7.4.1957;0;4
HEMLI;2;30.11.1939;0;2
PILINK;5;25.5.1960;5;0
KITTAN;25;12.3.1949;0;25
BILAHS;3;17.4.1946;0;3
HEZNO;7;15.6.1955;0;7
MUSEYDE;8;17.4.1965;0;8
RAYYIP;1;1.1.1992;1;0
GIRAVI;6;4.4.1946;6;0
SEMINAZ;8;20.1.1970;0;8
SELAHET;12;20.8.1969;1;11
BIJEM;1;11.4.1926;1;0
CEMBERI;41;23.12.1968;41;0
RIZAK;15;15.7.1965;15;0
CENVECAN;1;12.8.1923;1;0
HUBRI;163;26.2.1945;0;163
SAHYETTIN;47;12.11.1974;47;0
ABDULMEVLA;9;5.6.1973;9;0
KIFES;1;7.8.1934;1;0
PEYAL;21;10.3.1967;19;2
AHATNUR;4;10.6.1962;4;0
HUZBET;2;29.1.1982;0;2
RIZBAR;90;2.4.1960;0;90
KIZO;4;7.2.1948;0;4
SEMLO;5;18.9.1951;0;5
HIZBET;5;2.11.1976;3;2
BIMAL;58;28.5.1955;58;0
GELHO;1;22.8.1925;1;0
BINEVFS;30;4.12.1970;0;30
TUHTI;1;27.8.1932;0;1
AIBE;1;27.5.1940;0;1
EZIMA;11;30.9.1961;0;11
RUHEVZA;85;22.2.1963;0;85
REFIYA;86;15.10.1967;0;86
GISVER;90;23.5.1973;0;90
VECHII;2;10.2.1976;2;0
VEHRAM;2;5.3.1949;2;0
KAYSER;285;5.4.1971;21;264
ELANURA;1;23.9.1964;0;1
CAYDIN;6;19.2.1976;6;0
CENIZ;5;20.3.1965;3;2
EKLIMA;56;16.11.1972;0;56
ASMIHAN;31;10.3.1967;0;31
SAHZIME;10;21.6.1963;0;10
HIVSI;10;3.10.1969;4;6
LEBIHA;18;11.8.1970;0;18
AKHISAR;2;2.4.1966;0;2
MIHIRNAZ;42;13.1.1973;0;42
PEYZADE;8;18.8.1968;0;8
ALAYI;27;22.2.1965;27;0
MISRI;365;7.7.1958;0;365
ZAHALE;1;18.7.1948;0;1
IHTIRAM;2;7.4.1962;0;2
FEDIHE;3;26.1.1969;0;3
NELIMA;27;7.1.1974;0;27
MUYYESER;19;11.5.1966;0;19
MAZICIN;17;20.4.1979;0;17
MELEN;20;18.9.1971;9;11
CIMSIDE;79;26.6.1970;0;79
YAKUDE;12;15.6.1970;0;12
SIYABEND;20;26.1.1981;20;0
ERSELAM;3;13.9.1980;3;0
ELFESIYAR;24;25.12.1974;24;0
YANFES;1;21.12.1981;1;0
SAREBAN;14;26.8.1970;0;14
RUHEFZA;23;18.4.1957;0;23
NECIBA;156;26.1.1968;0;156
MUHURNAZ;10;24.7.1973;0;10
BADO;2;25.5.1940;1;1
NURCIVAN;90;10.9.1964;5;85
MISLIYE;74;4.12.1958;0;74
MARZIEH;2;27.7.1971;0;2
CELAT;33;20.3.1967;33;0
BUKIYE;13;19.1.1966;0;13
MURAZ;95;11.5.1969;83;12
MUSVET;30;8.8.1963;6;24
MERUSAH;20;25.6.1971;0;20
GELIN;40;13.2.1975;0;40
ZAHFERAN;17;24.11.1974;0;17
IRANE;52;1.12.1966;0;52
BARBARUS;7;23.1.1956;7;0
AKUDE;7;26.5.1975;0;7
MULKESIYE;1;6.6.1991;0;1
ENTIKA;81;24.5.1966;0;81
MAHFIYE;21;7.4.1970;0;21
NAVREZ;65;7.12.1964;0;65
GULESOR;6;30.4.1963;0;6
HULYETE;4;29.2.1973;0;4
HEMRI;30;4.5.1955;0;30
GULLISOR;3;10.8.1974;0;3
ZUMRIT;4;16.11.1949;1;3
SEMYAN;62;5.8.1974;24;38
MUSLUG;1;25.6.1983;1;0
HISRAN;4;28.7.1962;0;4
HUHI;91;8.11.1956;0;91
MEHSUMA;1;12.5.1977;0;1
MELEZHAN;26;1.1.1980;0;26
KEREVAN;46;6.8.1969;37;9
KAYSERI;4;30.8.1948;0;4
GOLBEYAZ;2;27.9.1944;0;2
HEYZERAN;12;30.12.1960;0;12
HAFSET;119;30.12.1957;0;119
FERHETTIN;6;17.2.1965;6;0
SANIYECAN;11;30.12.1970;0;11
KAYISER;2;4.10.1981;0;2
MERUSA;25;2.12.1965;0;25
MELEKCAN;7;29.8.1982;1;6
ZUMRITE;6;5.2.1969;0;6
SARISHAN;1;25.4.1961;0;1
NEAM;56;12.9.1958;0;56
NEHARI;23;16.5.1963;3;20
ZAFERAN;24;13.4.1957;0;24
HIZARE;9;9.9.1968;0;9
SEHMERAN;2;10.12.1975;0;2
M.YUMNU;1;1.10.1941;1;0
ZAHIRHAN;5;28.3.1972;5;0
TANIME;1;7.3.1988;0;1
SIZEN;16;24.1.1978;0;16
MGULHAN;1;24.11.1990;0;1
AVDET;108;6.3.1977;2;106
MOBAH;4;30.6.1981;0;4
BANO;13;24.6.1969;0;13
MERUSAN;6;29.10.1965;0;6
NIHARIYE;5;1.2.1954;0;5
BANGIN;25;1.11.1977;25;0
BAZIN;28;9.5.1963;0;28
BEFRIYE;15;7.3.1969;0;15
BAVAN;16;21.4.1957;0;16
HEMRIYE;8;8.3.1969;0;8
ESHET;109;5.1.1971;109;0
KENTAR;2;22.5.1955;0;2
ZEFERAN;3;2.12.1947;0;3
BUKI;11;27.1.1965;0;11
NELIME;13;7.4.1969;0;13
AKARCAN;3;9.9.1980;3;0
AGACAN;22;6.8.1969;22;0
GULAV;83;8.4.1965;0;83
HAYDARHAN;18;16.6.1973;18;0
TAMICAN;3;3.8.1974;0;3
TALHAT;68;25.5.1972;67;1
MIRHAC;124;3.4.1974;122;2
SIYAHAL;96;4.12.1966;0;96
TANIYE;27;11.4.1974;0;27
OSLEM;2;10.10.1986;0;2
ILTIFAT;82;12.3.1964;3;79
KUTAZ;17;25.12.1970;17;0
ZEFIYA;1;22.8.1949;0;1
GULISOR;17;27.10.1955;0;17
MIRIK;3;28.1.1944;2;1
MAHMUNUR;1;8.3.1964;0;1
NEBARET;6;6.11.1957;0;6
ABDULCEMIL;53;23.6.1958;53;0
TEMIME;57;7.3.1963;0;57
KANCI;6;11.11.1940;0;6
GULUSUR;3;25.3.1960;0;3
BABAHAN;17;2.9.1974;17;0
MUHRINAZ;12;8.1.1965;0;12
SAFIYETTIN;34;23.11.1962;34;0
SELLAHATIN;4;26.8.1979;4;0
RAFYETTIN;1;28.6.1962;1;0
NIBAT;4;2.8.1959;1;3
DEYAM;5;2.6.1979;5;0
HIZIM;88;16.7.1958;0;88
SAFYETTIN;33;18.10.1976;33;0
HIZBI;4;26.6.1973;4;0
CEVRAS;2;17.7.1960;1;1
SORSIN;1;12.8.1923;0;1
LEMIE;3;28.1.1954;0;3
EYVAS;10;27.11.1972;10;0
SAHEBETTIN;4;17.7.1980;4;0
FAMILET;2;11.8.1982;0;2
FEYFURE;108;30.4.1972;0;108
CINARHAN;1;13.3.1965;1;0
TUBERK;2;2.3.1987;1;1
RIZGIN;11;8.6.1966;11;0
MIRSEVDIN;317;13.6.1965;317;0
MITKAL;6;12.10.1959;0;6
AKUT;34;20.11.1973;0;34
SEVDIM;48;23.4.1966;26;22
SUREHIYE;6;29.8.1964;0;6
CERGEZ;10;24.3.1968;9;1
PORIYA;1;21.12.1963;0;1
ZECIRIYE;1;22.4.1961;0;1
FEYRI;1;15.10.1944;1;0
HEZIMA;7;27.11.1962;0;7
GAZAI;2;15.5.1965;2;0
MEMISAH;2;11.7.1971;0;2
MOHSINE;21;29.3.1955;0;21
KOMANDO;5;1.4.1978;5;0
ILHANEDDIN;1;18.3.1972;1;0
SARISE;2;4.6.1954;0;2
AYNASER;1;12.9.1989;0;1
SELAHAATTIN;2;22.8.1954;2;0
HUZULLAH;2;11.5.1955;2;0
NURMEMET;32;29.11.1961;32;0
LALIGAN;4;21.9.1945;0;4
SIYAAHMET;29;27.4.1970;29;0
NAKSIN;10;5.9.1979;8;2
MIVESSER;2;23.6.1962;0;2
FIHIDE;1;12.8.1988;0;1
YEZDA;4;7.1.1979;0;4
LEFIFE;9;14.5.1959;0;9
BESIRI;6;5.4.1962;4;2
FEMIDE;4;2.12.1965;0;4
YADIFE;2;2.3.1986;0;2
NEDIMA;37;22.1.1970;0;37
DEVAM;2;22.8.1970;2;0
GIRIT;1;5.3.1975;1;0
ESRET;22;12.12.1965;14;8
RUHAVZA;91;3.4.1965;0;91
HEDIRYE;1;26.10.1977;0;1
MAHDIN;4;26.4.1967;4;0
BEFRICAN;2;10.9.1976;0;2
AYDIYE;28;12.4.1964;0;28
HERMUS;4;11.3.1967;1;3
KAKEL;2;3.5.1969;2;0
GERMAN;8;3.6.1975;6;2
LIYATTIN;83;11.12.1967;83;0
FERRAY;3;14.8.1977;0;3
MKIYMET;1;10.4.1992;0;1
ROSTEM;7;6.1.1983;7;0
KENDI;19;8.12.1967;0;19
ABDULSELAAM;1;13.1.1982;1;0
MUNURYE;16;14.5.1966;0;16
ZUBEYD;12;10.11.1967;11;1
AYDU;6;23.3.1952;0;6
SAHSIMA;2;19.11.1972;0;2
ZENURYE;13;10.12.1974;0;13
TACIR;58;11.1.1962;55;3
GECICA;1;12.8.1953;0;1
ZEHFERAN;5;14.2.1955;0;5
FERAHDIBAR;1;29.5.1956;0;1
CARI;4;1.3.1972;2;2
NUDAI;1;7.11.1986;1;0
SAKULI;8;10.4.1965;8;0
SUREHYA;1;19.8.1966;0;1
CIMSID;4;12.10.1976;4;0
BENAZIN;1;29.4.1992;0;1
BEHICA;16;18.11.1968;0;16
ESKENDER;16;12.9.1958;16;0
COLLI;2;23.1.1972;2;0
SAHCAN;29;24.9.1975;3;26
HANLER;6;28.10.1980;6;0
GEZGUL;3;23.7.1971;0;3
TEYFUN;9;3.6.1975;9;0
M.SIDDIK;209;28.11.1949;209;0
GULUSOR;23;22.11.1962;0;23
DUVAN;25;24.1.1961;24;1
SIMEZAR;2;21.11.1972;0;2
TEPIRZE;1;7.2.1964;0;1
VECILE;14;22.6.1965;0;14
PENCALI;3;10.4.1974;3;0
SEDDIKA;11;12.11.1957;0;11
RUKIYETTE;4;23.3.1974;0;4
MADENI;7;22.12.1964;7;0
NUBAT;2;5.4.1967;0;2
BEFRA;24;28.1.1968;0;24
PENCELI;1;1.4.1971;1;0
YEDILA;1;12.8.1971;1;0
KANDIYE;6;1.11.1954;0;6
MUSTERI;21;9.4.1954;8;13
SAPUR;8;10.8.1978;8;0
HANABDAL;6;7.2.1964;6;0
POPIN;1;25.4.1930;0;1
MENAFI;8;15.5.1967;8;0
GIRMAN;13;23.7.1969;9;4
GEBI;1;3.10.1990;0;1
HANALI;9;17.7.1956;9;0
MEDILE;5;19.10.1972;0;5
DIKTAR;1;17.2.1990;0;1
NESLICIHAN;3;14.6.1974;0;3
REVSIYE;16;16.5.1973;0;16
ABDULGAHAR;9;24.9.1961;9;0
NAKSIYA;1;13.5.1965;0;1
IREC;11;12.8.1980;11;0
BAYTAR;17;2.1.1967;16;1
SUHYETTIN;12;8.2.1969;12;0
MADIYE;34;2.3.1966;0;34
BEGIYE;15;2.9.1960;0;15
ESAF;50;29.9.1972;47;3
HIRI;9;14.4.1943;0;9
CAVSIN;43;23.3.1956;19;24
KESFETTIN;9;3.5.1959;9;0
DUNYAMALI;123;30.9.1956;122;1
CAZE;10;22.9.1949;0;10
NEMI;2;16.11.1955;1;1
BEDEVIYE;89;18.12.1970;0;89
FERMANE;4;5.11.1957;1;3
BEHCE;6;27.1.1969;0;6
HESU;1;11.4.1928;1;0
KACAK;67;15.7.1962;67;0
KUTAS;45;13.10.1967;40;5
RIBABE;3;29.9.1945;0;3
SEMAME;26;22.2.1952;0;26
ANGUL;7;6.8.1968;0;7
NURYET;7;12.2.1974;0;7
AYBEG;3;7.12.1976;3;0
FEKURULLAH;2;14.3.1965;2;0
CURO;21;21.12.1950;20;1
NACIA;22;17.4.1958;0;22
ENCUMEN;14;27.1.1971;14;0
KEYSEBANI;1;18.4.1960;0;1
FIRIKO;1;25.4.1946;1;0
KEYSEBAN;1;8.5.1970;0;1
MAIME;2;17.1.1983;0;2
ELINAZ;6;4.5.1965;0;6
CINIZ;1;19.5.1972;1;0
FARISE;14;14.5.1967;0;14
FEZIMA;4;12.11.1971;0;4
LAHIKE;3;28.5.1986;0;3
SEDULLAH;39;25.5.1968;39;0
SERHENK;44;28.10.1969;44;0
AMI;9;2.12.1936;6;3
NESIFA;15;22.12.1961;0;15
HATUNCAN;2;9.11.1968;0;2
TANICE;1;12.8.1980;0;1
ITFAT;1;12.6.1976;0;1
HEDEMCAN;1;18.6.1960;0;1
TETER;35;27.8.1962;33;2
CAVDARI;1;3.3.1975;0;1
HAMRAN;15;30.11.1967;3;12
MASALAH;17;3.5.1974;10;7
NEBUS;1;12.4.1959;0;1
SEAADET;2;9.7.1969;0;2
BEREAT;20;3.9.1970;9;11
MADI;15;22.6.1963;14;1
SAVDAGUL;2;30.8.1989;0;2
FELEM;36;22.6.1975;0;36
DEGILA;6;9.1.1970;0;6
KERPO;1;17.8.1930;0;1
VERINE;3;19.10.1967;0;3
DOKTOR;34;16.1.1966;33;1
ZUMRUZE;1;6.5.1980;0;1
NAVRES;6;23.6.1952;0;6
GEREVAN;6;19.9.1965;6;0
MAISER;23;17.9.1952;0;23
KAYSAR;2;11.1.1978;0;2
EMANETULLAH;10;14.3.1971;9;1
BEFRIN;7;21.12.1987;0;7
NEZIMA;19;3.1.1966;0;19
HIRTAN;3;24.3.1953;3;0
MINICA;1;18.3.1954;0;1
MAMERCAN;1;2.8.1945;0;1
CILO;22;4.2.1945;7;15
HAVZI;17;27.10.1945;8;9
TEMICAN;2;1.4.1985;0;2
SEHRIVAN;17;22.10.1979;0;17
TAVUZ;218;14.11.1959;1;217
HISKI;1;27.8.1944;0;1
NOBAH;1;11.9.1967;0;1
ABDULHUSEYIN;2;9.10.1961;2;0
YUMNUHAN;2;7.4.1978;2;0
SIMHIZAR;4;20.6.1960;0;4
GAMZIYE;4;19.11.1976;0;4
BEHRUZ;43;12.5.1961;43;0
MUNTAZEM;4;14.3.1979;0;4
MUHFI;20;26.11.1957;19;1
HEVAI;2;24.7.1979;0;2
MARUSE;3;15.4.1943;0;3
BEDEVYE;9;9.1.1969;0;9
CANOZ;20;23.5.1975;10;10
KULUK;4;27.3.1968;4;0
TEMIRCAN;1;16.12.1982;0;1
AZIZCAN;20;30.1.1980;20;0
DAYIM;14;22.12.1972;14;0
FERIBA;12;15.2.1982;0;12
HOSKADEM;76;20.12.1965;0;76
SEHMIYE;11;25.8.1955;0;11
HUYLETE;6;7.4.1963;0;6
HAATEM;1;18.7.1990;0;1
ZULFO;67;7.9.1946;47;20
SAHISE;14;8.9.1956;0;14
CUZEYRI;9;25.1.1969;9;0
MUAAZ;3;19.10.1979;3;0
MUHNAZ;1;2.10.1980;0;1
HESET;11;26.8.1963;11;0
MUNUNRE;1;12.2.1983;0;1
SEVDUL;2;7.11.1966;0;2
SEBNI;1;19.5.1946;1;0
NECILA;49;28.5.1959;0;49
HESI;4;12.10.1947;2;2
MIRAZ;99;13.10.1969;94;5
SURGUL;15;17.1.1962;0;15
KAYSEBANO;1;4.3.1963;0;1
BILGEC;9;14.10.1967;7;2
ZIAETTIN;3;29.8.1962;3;0
EHYA;18;13.11.1961;17;1
BILEHSAN;2;5.12.1977;0;2
CANGOZ;1;28.12.1980;1;0
SEVFKET;2;19.7.1976;2;0
AYNULBEDIA;1;23.4.1961;0;1
MINTAS;42;14.4.1969;37;5
TAYAN;3;26.2.1982;3;0
SABAHATIN;19;4.11.1968;19;0
KOBAR;3;20.9.1952;0;3
KIRAMET;17;19.6.1978;1;16
EYDU;1;6.2.1956;0;1
TANRIYE;1;18.8.1978;0;1
HAFZIYE;2;14.1.1947;0;2
MIHIRCAN;2;30.2.1988;0;2
GURGO;1;1.5.1929;1;0
ABDULMENAFI;3;20.5.1961;3;0
KARENI;11;10.5.1958;10;1
SEVKIYAT;146;18.4.1971;1;145
HANZO;3;22.11.1954;0;3
CURIYE;256;4.12.1969;0;256
ZIBER;25;18.3.1965;10;15
CILNAZ;131;24.7.1964;0;131
ABDULKUBAT;1;21.12.1963;1;0
SUYLEMEZ;9;28.5.1976;0;9
FERSEDIN;1;20.7.1964;1;0
SERCANE;1;26.11.1985;0;1
HAYGEZ;1;5.11.1978;0;1
MELAHAK;1;6.10.1991;0;1
ATYE;6;3.3.1959;0;6
MUSMURUYE;1;22.6.1991;0;1
SAISE;12;5.11.1973;0;12
NAZAHET;7;29.9.1955;0;7
GEYLI;1;28.2.1942;0;1
EZIZHAN;1;17.2.1966;1;0
GULAVI;33;1.2.1958;28;5
FERACETTIN;3;13.8.1953;3;0
AVDEL;60;12.8.1966;59;1
BEYRUN;3;14.9.1971;2;1
NALIYET;1;6.2.1992;0;1
EMENETULLAH;2;12.5.1982;2;0
CAYIZE;52;25.1.1967;0;52
MEYREMA;308;3.12.1972;0;308
NUHUBAR;1;22.11.1985;0;1
HINARE;1;18.9.1966;0;1
MUZAFFERHAN;2;20.4.1961;2;0
NURSICAN;5;25.9.1975;0;5
SAHPUR;2;8.10.1986;2;0
CERCIZ;15;20.2.1968;15;0
KEVIYE;18;11.4.1957;0;18
TAVIS;4;27.5.1945;0;4
MUKDES;1;27.2.1956;0;1
LAZKI;3;1.6.1934;3;0
MIZRAK;56;6.5.1965;56;0
IMRIHAN;15;28.4.1974;0;15
HALIMZER;6;28.1.1973;0;6
ABDULSELEM;8;10.4.1972;8;0
SEHMAN;11;4.8.1961;5;6
MISAFIR;22;25.9.1966;21;1
SENENSAH;1;24.11.1984;0;1
MAHDAT;1;29.11.1965;1;0
ZENNANE;2;2.4.1979;0;2
KISVER;13;25.8.1941;1;12
SERKAR;20;18.9.1981;20;0
TETBAZIN;1;2.3.1975;0;1
NAZME;4;28.6.1960;0;4
OZLAM;6;17.11.1986;0;6
KEHZIBAN;6;2.1.1969;0;6
FEREHDIBA;3;20.5.1970;0;3
KANDI;7;13.9.1958;0;7
KIRIT;6;26.3.1959;6;0
FAHNAZ;1;9.7.1988;0;1
MESKEN;12;13.8.1977;3;9
CAVIZE;4;25.5.1973;0;4
ABDULILA;6;27.4.1975;6;0
FERISAN;8;29.6.1958;0;8
ZAFIYE;40;11.2.1961;0;40
RIHAVZA;6;28.11.1951;0;6
TARLAN;101;20.1.1953;5;96
HALIMCAN;3;1.8.1983;0;3
NIFSI;77;4.5.1967;4;73
EMARETTIN;8;27.2.1970;8;0
ANILGUL;1;4.4.1987;0;1
SAMAMA;213;1.6.1951;0;213
HURISIMA;46;6.3.1971;0;46
KETTAN;3;2.5.1955;0;3
HAFIZZE;1;27.7.1982;0;1
MEYPERUZ;5;19.1.1968;0;5
ZIYATHAN;8;26.10.1962;8;0
BEYSUN;126;25.1.1969;11;115
ILAMETTIN;70;24.12.1974;70;0
HAMYET;27;26.11.1975;0;27
FERZENDER;97;18.11.1961;97;0
HOSKADEN;2;28.9.1966;0;2
ZEMIRHAN;107;4.2.1970;107;0
BIBILCAN;3;14.11.1969;0;3
TUNHAZAR;1;7.2.1981;0;1
SIMGUL;7;24.12.1965;0;7
HAPSEDE;1;22.5.1955;0;1
VESIM;339;2.10.1974;339;0
MEHMETNESIM;7;10.9.1972;7;0
MINHACER;1;4.5.1963;0;1
MELICAN;128;4.10.1972;13;115
ABDULVEKIL;19;14.9.1977;19;0
BESRAI;448;25.4.1966;0;448
MISLIME;22;7.7.1966;0;22
EZILET;1;25.11.1973;0;1
HURISINAN;4;20.12.1949;0;4
SIMHAZAR;42;21.7.1967;0;42
SEBAB;26;18.2.1962;23;3
GESIM;20;4.1.1965;20;0
SULHETIN;3;30.12.1953;3;0
ALLAHATTIN;2;18.5.1965;2;0
ZIDIYA;10;18.7.1968;0;10
FECRIYA;4;27.8.1977;0;4
HOSROF;162;21.9.1966;162;0
GULHEMDAN;8;26.2.1973;0;8
SIYANBET;1;7.2.1976;1;0
ESMANPERI;174;14.2.1957;0;174
UNRCAN;1;25.10.1988;0;1
MIRBATTIN;10;6.12.1963;10;0
ARIFET;27;13.3.1968;2;25
HORISIMAN;17;16.12.1971;0;17
HOSKADER;2;13.10.1973;0;2
GORUS;15;27.2.1983;12;3
CAVRAS;8;15.2.1955;1;7
MEHDIYA;19;21.11.1974;0;19
ZUFLINAZ;1;27.7.1986;0;1
TAMLICAN;5;22.4.1978;0;5
AMETTIN;4;21.6.1961;4;0
EYBUTULLAH;1;22.4.1961;1;0
NURO;9;19.7.1951;9;0
KULILK;16;14.5.1965;0;16
REZETE;2;12.5.1953;0;2
MUNDIYE;1;6.8.1944;0;1
UMARETTIN;8;7.10.1972;8;0
ESMENTULLAH;1;5.6.1956;0;1
HINAV;8;29.11.1960;0;8
FAMIA;60;8.10.1975;0;60
SULLHATTIN;1;4.11.1950;1;0
MEHRA;9;22.12.1974;0;9
TONHAZAR;3;18.2.1974;0;3
TAMAMZER;47;23.5.1967;0;47
MUKLIME;4;1.9.1975;0;4
DIRAYET;187;12.8.1971;10;177
MUSANI;15;10.2.1964;1;14
PERMIE;1;25.3.1935;0;1
HOSRUF;20;28.5.1956;20;0
MUHASUP;1;16.11.1982;1;0
HAVZILLAH;1;2.2.1981;1;0
SAHAM;4;7.1.1967;0;4
NALIHAN;27;1.6.1974;0;27
KAMERAH;2;27.3.1956;0;2
SANIHET;2;25.8.1970;0;2
ZULKUM;1;30.2.1978;1;0
TALHE;3;14.12.1944;1;2
OZLIFET;42;10.10.1977;0;42
MARISAN;1;3.7.1988;0;1
OMERATTIN;1;17.8.1972;1;0
SULHET;2;16.9.1973;0;2
VAHIYETTIN;37;10.8.1967;37;0
FENISE;158;7.8.1965;0;158
SAKIRNAZ;43;10.7.1960;0;43
BALYA;3;20.8.1949;0;3
MATAN;17;1.3.1960;3;14
GULEYFERAT;1;23.4.1964;0;1
MINEDYA;2;7.5.1958;0;2
MUSEYRAN;1;16.10.1987;0;1
MECRIMA;1;7.8.1946;0;1
MEHBUDE;1;7.8.1976;0;1
ZUDYA;2;7.3.1977;0;2
PERICA;1;12.8.1917;0;1
FIRIKET;3;30.11.1973;0;3
MEZER;7;25.12.1966;7;0
EYLAZ;3;17.10.1971;3;0
MUNEDIYA;13;19.4.1977;0;13
IHLAS;35;28.11.1978;13;22
GULUL;1;22.2.1979;0;1
SELHATIN;20;16.2.1965;20;0
MIRBADDIN;1;1.6.1988;1;0
CERHO;1;21.3.1950;1;0
ZIHATHAN;1;6.1.1981;1;0
ESMERPERI;23;14.9.1959;0;23
SIREM;11;26.7.1983;0;11
FARRUK;9;7.12.1969;9;0
FEYRURI;3;11.10.1967;0;3
BEDIZAMAN;6;10.10.1977;1;5
HUBI;5;16.4.1937;0;5
HEFSI;16;22.1.1942;0;16
NEMUS;30;26.10.1968;0;30
AFRIKA;1;17.8.1972;0;1
SOGUL;17;20.5.1982;0;17
HUBE;1;22.8.1961;0;1
MAHYETTIN;24;19.2.1965;24;0
TOLICAN;1;7.2.1976;0;1
AMATTIN;3;12.5.1981;3;0
HANTEMIR;11;22.1.1967;11;0
DAVATI;8;29.5.1958;8;0
ENZILET;4;19.7.1982;0;4
ANARGUL;112;29.1.1978;0;112
MIRBADIN;31;25.4.1961;31;0
ETYEMEZ;59;2.2.1970;0;59
ABDULGEFAR;4;1.12.1967;4;0
SEFKIYAT;4;5.9.1962;0;4
SIYABENT;140;13.9.1968;139;1
ASLISAN;2;25.6.1989;0;2
ISFAN;6;19.9.1976;5;1
MUJDI;1;25.12.1989;0;1
MISRIYE;36;15.3.1964;0;36
HAVZER;6;6.9.1956;2;4
KADIRIYA;5;22.6.1961;0;5
ZUDIYA;1;12.2.1959;0;1
ESASETTIN;24;8.10.1973;24;0
KESIMA;1;12.5.1973;0;1
OMOREDIN;1;7.2.1976;1;0
GARIF;1;19.6.1989;0;1
NAHMETTULLAH;1;17.5.1974;1;0
ESMAPERI;175;28.2.1959;0;175
SUSLUMERCAN;2;10.1.1959;0;2
SIYABED;1;12.5.1989;1;0
MAZAMET;1;7.8.1970;0;1
TENI;14;16.5.1978;1;13
HUMRIYE;21;5.3.1961;0;21
ETLES;9;9.2.1969;0;9
SELBET;20;10.3.1967;0;20
KAZE;27;7.11.1965;0;27
IBNIYAMIN;6;22.9.1951;6;0
SURHIYE;5;22.1.1963;0;5
MIHRIVAN;23;3.2.1970;0;23
KUDFETTIN;20;27.1.1969;20;0
HANTEMUR;18;13.6.1962;18;0
SUSLUMURDAN;1;17.2.1972;0;1
HORISIMA;2;23.10.1981;0;2
SIRACETIN;1;27.11.1984;1;0
SADYA;17;9.5.1969;0;17
MENEFMAHCUP;1;6.3.1973;1;0
KARIBAR;95;20.1.1969;0;95
TUKAZ;127;28.10.1962;0;127
SUNULAH;3;17.8.1980;3;0
TAMKADEM;2;9.10.1963;0;2
SUHEYIP;6;2.12.1964;6;0
MURBADIN;3;2.12.1963;3;0
SAFII;85;18.4.1974;85;0
MINEDIYA;9;14.9.1980;0;9
NIVSI;7;3.8.1971;0;7
TAMRICAN;1;22.2.1973;0;1
NURYAVUZ;1;27.2.1974;0;1
PERNAZ;8;25.8.1965;0;8
MAKKUL;7;23.9.1974;0;7
IBNIYAMI;7;15.4.1962;7;0
SEHABATTIN;3;18.3.1971;3;0
NENO;30;10.11.1950;0;30
SEMETULLAH;5;27.11.1977;5;0
SUTI;109;10.7.1947;1;108
HABILE;35;4.5.1961;0;35
MINADIYA;3;7.7.1967;0;3
FIRICE;32;3.4.1969;0;32
FIHRICE;1;22.2.1961;0;1
YEMISGUL;1;1.6.1974;0;1
MUSLUHAN;10;17.8.1977;2;8
TURUN;18;6.11.1962;5;13
HAYRETI;6;12.7.1953;1;5
ABDULCELAT;1;12.2.1965;1;0
SANISFE;1;12.2.1965;0;1
SUZETHAN;1;10.7.1939;0;1
FIRHAT;4;2.7.1946;0;4
TONLAR;1;17.8.1966;0;1
BIJAT;1;24.3.1967;1;0
FINNAZ;5;12.9.1959;0;5
BAHIYETTIN;15;26.12.1969;15;0
BEYLOZ;1;7.3.1964;1;0
HANCIHAN;1;27.2.1974;0;1
BERHO;64;21.2.1949;64;0
IMAREDDIN;3;27.4.1979;3;0
BECBURE;1;12.2.1983;0;1
HIRATI;15;3.8.1960;0;15
AZAR;13;3.7.1965;7;6
VALIDEN;1;9.1.1988;0;1
EZAMET;20;20.1.1958;3;17
AGIDE;3;19.1.1961;0;3
MANTIKA;12;30.7.1959;0;12
MAHACIR;64;25.2.1971;63;1
MIDYAN;5;13.9.1974;3;2
EDIME;31;19.7.1965;0;31
HERIKA;8;30.11.1961;0;8
TACILBET;1;22.4.1982;0;1
UMUKESUN;1;27.10.1988;0;1
SEYITNUR;25;12.5.1979;24;1
HAKIMYET;1;6.6.1987;0;1
HUSNIMELEK;3;6.1.1972;0;3
SEMDAN;14;10.1.1980;0;14
BEYBUL;1;12.8.1959;0;1
FAYNAT;2;8.10.1978;0;2
ALMASTAN;1;10.8.1976;0;1
MEHFUL;1;22.4.1979;1;0
SUREHIYA;2;1.6.1976;0;2
NARIH;4;7.11.1976;0;4
VEKIL;151;22.5.1967;150;1
NEZAKAT;24;12.10.1964;0;24
SIMLI;3;4.4.1977;1;2
CERHE;6;6.11.1965;6;0
ZUHURYE;5;8.8.1968;0;5
MEVCUDE;93;30.8.1962;0;93
RIZKAT;107;26.6.1970;0;107
TAYIM;3;17.4.1972;3;0
HEMAIL;157;21.1.1957;1;156
NARMIL;2;10.8.1970;0;2
MUHBADDIN;1;22.8.1961;1;0
ERULLAH;5;2.9.1980;5;0
EHRAH;1;17.12.1991;1;0
TORIN;19;24.1.1961;18;1
SUPHET;10;14.6.1972;1;9
SUTAL;2;29.10.1958;2;0
EMGULSEM;1;29.2.1986;0;1
YAGMURCAN;4;2.1.1990;0;4
TUNYA;5;24.1.1976;0;5
NISFI;14;13.6.1959;0;14
RAKIETE;1;7.3.1976;0;1
FEZIMELEK;1;10.4.1978;0;1
GESI;3;20.12.1956;0;3
ELFASIYA;1;18.10.1933;1;0
ISFINAZ;4;14.3.1972;0;4
IRANHANIM;3;2.2.1979;0;3
SIHABENT;1;7.6.1976;1;0
ZUMRETEN;1;27.8.1974;0;1
FIGRICE;1;27.5.1962;0;1
ZIDDIYA;1;7.2.1982;0;1
MESULET;1;17.2.1966;0;1
VEFI;5;5.1.1968;5;0
SIYEAHMET;1;7.2.1976;1;0
AYLIZ;19;1.7.1981;0;19
FEDIDE;19;23.10.1956;0;19
RIZKET;22;20.12.1974;0;22
MIRBAHADIN;4;15.9.1963;4;0
GARE;1;30.1.1979;0;1
BENICAR;2;19.9.1960;0;2
BIRADOST;2;4.4.1985;2;0
AYDIZ;5;28.8.1962;0;5
VAHPI;3;4.4.1970;3;0
FAKIZADE;2;12.12.1956;2;0
MEHMETTEFIK;1;28.4.1976;1;0
SULIK;1;7.2.1976;0;1
GULEDIN;26;1.5.1973;26;0
SURATHAN;10;24.10.1963;0;10
FARZENDE;2;18.9.1966;1;1
DILEFRUZ;17;9.7.1959;0;17
AYFEZ;1;2.2.1975;0;1
GOLPERI;5;11.12.1968;0;5
MAFIA;13;7.7.1962;0;13
SAREFETTIN;11;30.10.1963;11;0
HEYRATI;3;9.2.1965;0;3
FEHRUSAH;2;16.12.1980;0;2
KOTO;2;27.9.1943;2;0
CEZIR;14;12.7.1968;14;0
MUNEDYA;3;16.7.1978;0;3
MEKIMA;1;27.2.1974;0;1
KEJO;21;12.1.1953;12;9
MIBADDIN;1;5.10.1974;1;0
OZLUFET;15;16.11.1976;0;15
SANIAT;4;26.10.1971;0;4
MAHRIYA;2;26.12.1968;0;2
KEMERIYE;4;21.11.1952;0;4
HORISAN;3;14.4.1971;0;3
MENIDE;3;17.9.1964;0;3
ZEMINET;2;1.8.1966;0;2
RIZKIYET;6;24.7.1971;0;6
ATLES;3;22.9.1963;0;3
MUSAN;4;10.11.1958;1;3
NESULLAH;8;16.2.1975;8;0
BEDUCEMAL;1;2.12.1962;0;1
ZAFERULLAH;2;25.3.1956;2;0
KEMERIK;1;14.2.1935;0;1
ZEYNALABDIN;6;12.9.1961;6;0
ESMANTULLAH;1;5.6.1956;0;1
CEBIL;5;17.12.1972;4;1
SUBHET;3;19.2.1971;0;3
GULTEP;1;2.2.1981;0;1
OBEYT;14;21.5.1964;14;0
BERAI;4;28.10.1977;0;4
RUKUYET;2;24.5.1957;0;2
HUBRA;113;5.1.1962;0;113
MUNEDIYE;9;4.8.1964;0;9
LAILE;7;15.3.1957;0;7
YADISAH;9;22.3.1977;0;9
DAVETI;58;20.1.1963;58;0
TAHYETTIN;3;26.9.1978;3;0
CEDIH;23;14.1.1970;23;0
MUHUMMET;3;29.5.1977;3;0
ZIYATIN;20;22.3.1965;20;0
AFETSON;1;1.9.1978;0;1
BAYLOZ;16;3.2.1962;16;0
GUTBETTIN;19;18.9.1967;19;0
GURGECIN;1;30.5.1944;0;1
KEMADIYE;1;7.2.1976;0;1
BEGIHAN;208;6.5.1965;1;207
MINAFIYE;1;26.7.1965;0;1
CEVHERAT;1;7.6.1987;0;1
KARAKOC;3;30.2.1958;1;2
MUCERER;1;2.2.1975;0;1
MILYAR;35;14.1.1979;4;31
ALMADIN;5;21.3.1968;5;0
RABIATE;2;21.12.1960;0;2
MEMETSAFI;1;25.3.1973;1;0
HALICE;7;26.2.1964;0;7
MUHRUBA;1;12.8.1971;0;1
CESIMI;14;19.4.1964;14;0
SULLAHATTIN;1;2.8.1957;1;0
ZEYNALBIDIN;1;24.1.1985;1;0
ROKIYE;25;29.7.1960;0;25
TEMCIHAN;2;5.10.1978;0;2
KURTCEBET;1;22.7.1943;1;0
ABDURCABBAR;2;20.9.1966;2;0
AYSANGUL;3;26.2.1970;0;3
ARAPZENGI;7;14.12.1964;0;7
ETLEZ;11;12.11.1968;0;11
BALYOZ;5;29.1.1956;5;0
PULIYA;1;29.8.1991;0;1
BEHIBE;14;28.1.1959;0;14
ASUMA;9;10.5.1964;0;9
MUCAIDE;16;26.10.1961;0;16
CEDIM;2;27.3.1974;2;0
SAMIZAR;19;26.1.1957;0;19
FECIRYE;7;11.8.1973;0;7
KULUHAN;46;8.10.1957;46;0
TAMAZER;1;7.2.1976;0;1
NECEBET;3;7.7.1978;0;3
EDILET;1;7.8.1970;0;1
MIRBAHADDIN;8;6.5.1966;8;0
ELFEZIYA;9;12.12.1972;7;2
TECATTIN;17;3.7.1969;17;0
SAIK;9;17.9.1957;8;1
ATITE;1;21.1.1974;0;1
M.RESAT;18;15.1.1952;18;0
MUTAZIM;22;30.4.1975;4;18
FERHIZADE;1;17.8.1972;1;0
SAPHAN;1;2.2.1975;0;1
NEFSICIHAN;4;14.6.1968;0;4
HEVRUZ;1;19.9.1977;1;0
MUAALLA;4;4.1.1959;0;4
SAHIDAN;6;8.1.1955;0;6
ABDULMELIH;5;7.3.1962;5;0
DALIA;27;9.12.1958;0;27
HAZGUL;5;30.9.1989;0;5
HASBEKE;1;19.6.1954;0;1
ETIBE;4;4.5.1961;0;4
ARAPZENGIN;8;18.3.1971;0;8
MENFFAT;1;30.4.1973;0;1
ABDULSEFIK;3;23.12.1959;3;0
GULHEZAR;23;1.5.1965;0;23
SEVIHA;10;29.7.1961;0;10
LEBIHE;7;3.5.1965;0;7
ZAPTI;1;2.2.1951;1;0
AYNURHAYAT;22;24.3.1967;0;22
SURMERCAN;1;24.5.1961;0;1
TANCIHAN;24;20.1.1980;0;24
FORIZE;1;12.8.1959;0;1
SADULAH;15;21.7.1970;15;0
HARI;12;9.3.1948;5;7
EDIHA;6;13.12.1971;0;6
HEZEY;2;30.11.1944;0;2
FEHRIBAN;2;21.2.1986;1;1
FEZAHET;1;7.2.1976;0;1
SELMIYA;5;27.4.1964;0;5
FETULAH;3;21.6.1316;3;0
MEYSET;2;22.7.1967;1;1
ERICE;2;20.4.1973;0;2
SAVKAT;4;15.12.1966;0;4
HAYRATI;3;8.3.1943;0;3
SINEMPERI;19;20.4.1969;0;19
GULHICE;3;18.4.1966;0;3
ATTAR;15;3.10.1966;15;0
HUZIM;1;23.9.1930;0;1
EMINE.NILGUN;1;10.9.1980;0;1
MISRIHAN;79;3.6.1970;0;79
GULSETI;1;13.3.1979;0;1
HANIMCAN;44;6.7.1963;0;44
HEZIM;26;15.4.1959;0;26
RAFATTULLAH;1;13.4.1977;1;0
MUSKEL;1;24.3.1943;0;1
KUTTO;3;26.11.1933;3;0
GONGOR;13;4.8.1969;6;7
VADULLAH;128;8.2.1968;128;0
NADU;2;18.4.1969;2;0
DEVALI;12;27.5.1979;12;0
MOHOBET;5;9.6.1966;0;5
BESAR;5;11.3.1961;5;0
RESMICAN;2;26.7.1988;1;1
NURULHAYAT;7;12.9.1960;0;7
GULSITTI;1;17.3.1979;0;1
NAYIFHAN;1;7.2.1958;0;1
HALYA;27;12.6.1969;0;27
AZAP;11;28.2.1970;9;2
SAHVAN;13;22.4.1968;13;0
BILEHSAH;3;11.7.1964;0;3
ABDULMUCAHIT;5;1.10.1976;5;0
HASAR;4;1.12.1963;2;2
MUCAHITE;1;16.4.1970;0;1
SIHMUZ;70;24.3.1969;70;0
AZADIN;18;7.6.1968;18;0
BUTI;4;22.5.1961;4;0
NAZICEMAL;1;14.11.1971;0;1
HAYZERAN;42;13.5.1964;0;42
NADILSAH;2;26.12.1979;0;2
UNCEL;5;22.9.1963;3;2
BABUK;2;19.11.1956;2;0
GAYBET;14;14.10.1972;1;13
GURCEK;5;17.3.1967;0;5
NAZLICA;2;14.3.1965;0;2
ZEMZAMA;14;11.5.1967;0;14
UZEYCAN;1;6.12.1971;0;1
NEMETULLAH;37;12.12.1973;37;0
HIRMAN;5;8.7.1957;3;2
BAVIK;2;11.4.1963;2;0
HEYBAT;1;12.2.1959;0;1
MUMI;55;25.11.1952;0;55
ESMET;13;8.10.1956;7;6
MUNASIR;4;18.7.1974;1;3
ZEBARI;1;8.1.1957;1;0
EHMUR;1;14.3.1971;1;0
SIKAL;15;2.4.1963;0;15
TAYPAT;1;16.8.1958;0;1
SERMIYAN;9;28.3.1967;5;4
KARAVAN;2;1.10.1973;1;1
AYHA;3;27.11.1968;1;2
IRANHAN;6;15.11.1973;0;6
HAZARAN;3;5.7.1956;0;3
HANSU;7;21.9.1972;3;4
MITHI;1;23.8.1964;1;0
BOTI;6;25.4.1961;6;0
ZIBARI;4;3.6.1959;4;0
KAYTARAN;3;2.1.1964;3;0
IZBAT;14;13.1.1982;14;0
SIMHEZAR;28;8.2.1970;0;28
COLI;33;29.3.1959;33;0
SUMI;1;9.3.1934;1;0
SIRHET;2;5.2.1963;0;2
FIET;13;30.7.1965;0;13
ZULEYA;6;13.6.1972;0;6
NAZIKBEDEN;2;24.2.1968;0;2
SURMU;4;14.4.1952;0;4
HIVZULLAH;87;7.1.1976;87;0
DORI;12;17.3.1955;4;8
HESAM;18;23.6.1964;18;0
RUHENNAZ;1;7.7.1972;0;1
BILEHSA;5;20.7.1980;0;5
HAYIFHAN;5;8.7.1973;0;5
BEDIULCEMAL;20;6.11.1949;0;20
KOMRU;5;10.10.1952;0;5
ELIFLEYLA;3;12.12.1969;0;3
SELBINURHAYAT;1;13.6.1991;0;1
SEKERAZ;1;3.3.1966;0;1
AYSELHAYAT;1;22.5.1949;0;1
MUFRICE;18;13.9.1966;0;18
MUHFIYE;39;20.9.1947;0;39
KAFIA;2;23.6.1969;0;2
MUHTULLAH;77;27.6.1974;77;0
UZNUR;6;24.10.1980;0;6
DUHTER;17;15.2.1954;0;17
MENFAAT;44;10.3.1962;0;44
AHIM;5;25.8.1974;3;2
MINTAN;34;13.9.1965;0;34
AYIFE;7;8.3.1957;0;7
OZCETIN;14;28.10.1954;14;0
ORSAL;3;29.9.1969;2;1
DAHA;45;13.12.1974;42;3
SAFIULLAH;1;7.8.1982;1;0
IRENBIBI;1;7.8.1982;0;1
ABDULSALIH;13;8.3.1975;13;0
NEJMEDIN;7;21.9.1962;7;0
SAFYETE;82;18.12.1966;0;82
ERZAK;7;26.2.1954;7;0
UPEL;2;22.8.1973;0;2
ZUNUN;2;15.1.1954;2;0
CIDAYET;3;25.9.1980;0;3
MESRU;27;27.5.1975;27;0
GULTEKI;2;27.2.1960;0;2
OZTUNC;30;2.10.1971;30;0
MELIN;107;18.6.1980;11;96
NIDIA;1;6.11.1978;0;1
ZEYDDIN;1;29.12.1970;1;0
ZOROF;1;7.11.1962;1;0
REYNA;79;19.6.1955;0;79
ZEMRUT;51;22.2.1966;0;51
HANIMSER;12;16.11.1972;0;12
RAHMANVERDI;3;29.12.1968;3;0
SEFVA;1;3.4.1972;0;1
NULUFE;2;16.7.1970;0;2
ZORAF;9;5.1.1958;9;0
EZDINSIR;2;21.3.1979;2;0
NAFERUZ;1;12.9.1940;0;1
DINCKAN;4;16.6.1973;4;0
CIHANSEL;19;9.3.1970;2;17
SULBETTIN;1;23.3.1975;1;0
SEKAFI;1;12.3.1977;1;0
NORHAN;4;30.4.1964;2;2
NAVZET;4;22.5.1967;4;0
MEDISAH;19;4.5.1964;0;19
AFERIN;4;9.1.1980;3;1
MEHTEBER;8;24.8.1968;0;8
MUSLIHUTTIN;1;17.2.1954;1;0
FARGIYE;2;18.5.1967;0;2
KUTE;11;27.4.1945;0;11
UMUYE;9;16.3.1960;0;9
MIHRIBA;35;18.8.1957;1;34
REVZAN;10;5.10.1961;0;10
GULNAM;61;27.2.1971;0;61
RUBABET;1;8.5.1964;0;1
NAMO;11;17.11.1941;9;2
KUCUKHAN;4;18.5.1967;3;1
IMRE;109;28.2.1972;22;87
FERHANHAN;1;22.2.1967;1;0
AGIRYE;1;16.12.1980;0;1
TEVRET;17;11.4.1973;0;17
NAHARI;4;17.2.1958;0;4
ASMI;22;8.10.1954;0;22
GEZEM;1;9.5.1973;0;1
DIHAN;8;10.11.1977;5;3
CILINAZ;11;17.8.1957;0;11
ZERKALEM;38;17.2.1953;0;38
MERZE;15;17.5.1953;2;13
MIRSEVDI;30;3.3.1959;30;0
HUZEYCE;11;21.9.1965;0;11
SOREYYA;1;19.3.1990;0;1
KULAV;2;16.9.1962;0;2
LAHETTIN;1;27.6.1974;1;0
MERIHSAN;1;17.5.1972;0;1
RAVZET;3;28.6.1975;0;3
AYLU;1;9.10.1934;1;0
SIYAHKAL;1;27.6.1955;0;1
HOMRISAN;1;17.4.1966;0;1
GULUFYA;1;2.7.1969;0;1
ZERMISAN;5;12.9.1946;0;5
FERDAR;17;16.4.1973;13;4
MIRZEMEMET;20;15.4.1959;20;0
MEHPULE;3;24.9.1963;0;3
NORGUL;16;6.5.1970;0;16
URDEK;1;9.5.1945;0;1
HUZRET;27;19.1.1974;1;26
TELLIZAR;6;28.11.1969;0;6
SEFYEDDIN;1;2.2.1975;1;0
FAIZER;20;24.1.1961;0;20
MAHZULE;8;16.5.1974;0;8
NEMETTULLAH;1;22.4.1991;1;0
MARYATE;1;27.11.1968;0;1
HINAF;7;28.2.1949;0;7
MAZULE;90;13.6.1965;0;90
TEMINE;52;15.12.1962;0;52
SIMAKI;4;17.3.1949;0;4
HUDEDA;7;15.1.1958;7;0
HUDAYDA;5;15.3.1964;3;2
GOLU;17;5.5.1955;3;14
HESRO;2;4.9.1967;1;1
KAZILE;2;9.1.1967;0;2
BESRO;3;7.3.1957;2;1
MUNNIRE;11;16.8.1970;0;11
MENSURYE;6;2.3.1976;0;6
MEYRUZE;1;22.2.1967;0;1
MOHOBBET;12;6.4.1946;0;12
MISIRI;12;17.3.1958;1;11
MEHCIBEN;1;22.2.1967;0;1
TAM;1;22.2.1949;0;1
MEHCEBIN;8;3.7.1967;0;8
VEDULLAH;6;1.6.1966;6;0
ERDEMCEN;1;2.7.1965;0;1
SEYDU;5;21.7.1944;5;0
TELLIZER;31;9.7.1963;0;31
KEMALIN;2;6.5.1968;0;2
GUGI;1;13.4.1947;0;1
GULFEYAT;4;14.4.1975;0;4
IFIYET;1;25.3.1967;0;1
HUZGUL;1;18.9.1972;0;1
SOHLA;1;23.10.1967;0;1
ALISA;13;16.10.1978;2;11
ABDULHALIS;7;10.3.1971;7;0
GULCAR;4;11.1.1977;0;4
NURSA;15;11.4.1972;1;14
TURYE;3;28.12.1971;0;3
FANIYA;10;8.11.1972;0;10
KINAVIZ;1;11.3.1979;0;1
MITHULLAH;1;9.5.1976;1;0
ANARGULI;1;24.2.1973;0;1
MUCAYIDE;11;9.11.1962;0;11
SUEYIP;10;8.9.1963;10;0
HURUSIMA;1;17.10.1942;0;1
SEVKATTIN;7;1.8.1941;7;0
ARTIS;5;5.4.1973;3;2
MEHCUMAN;1;19.12.1974;0;1
CICO;6;9.9.1947;6;0
SURACETTIN;10;11.2.1959;10;0
KUTUBETTIN;1;16.3.1946;1;0
GULANAZ;66;25.8.1958;0;66
NECMETIN;29;28.11.1970;29;0
ABURREZAK;1;4.5.1975;1;0
PIRMUS;15;9.9.1968;15;0
DOSTMAN;1;26.9.1980;0;1
MEZERE;1;14.6.1971;0;1
MUHIBBULLAH;2;10.9.1975;2;0
SAKIRZADE;3;17.12.1972;0;3
FASLIBAHAR;2;7.4.1965;0;2
SURECETTIN;6;15.6.1977;6;0
GULADIN;17;15.10.1968;17;0
BESBINNAZ;10;13.7.1974;0;10
NUROS;1;17.4.1980;0;1
GULIK;9;25.10.1957;1;8
HUSNICE;14;16.4.1969;0;14
MUTEZZIM;12;30.8.1975;0;12
SULEMAN;9;24.10.1973;9;0
TUKEZIBAN;59;19.8.1956;0;59
MUBARRA;8;25.7.1971;0;8
UMRETE;3;27.1.1971;0;3
SIYAHBEND;2;18.9.1974;2;0
SIHAC;1;27.2.1974;0;1
SENDENET;1;7.2.1970;0;1
TAMILE;15;10.1.1972;0;15
ERGENC;40;20.10.1978;40;0
CIGDEN;15;6.12.1974;0;15
VEHIBA;6;2.5.1954;0;6
SIYAHGUL;2;10.6.1956;0;2
ZEYICAN;47;20.12.1971;0;47
MANZULE;3;20.9.1974;0;3
OMUGULSUM;1;10.2.1988;0;1
ZUMURAY;3;6.3.1976;0;3
EBIHA;7;7.4.1967;0;7
MURSELAT;3;18.10.1980;3;0
ESFIYA;3;19.12.1975;1;2
TEMINAT;4;22.7.1960;0;4
BENDIGAR;17;27.1.1977;0;17
RUKAYYE;11;10.10.1981;0;11
NURSAID;3;17.11.1981;3;0
ALIKADRI;1;20.5.1960;1;0
MENSUP;9;1.4.1965;9;0
SEYITGUL;39;26.6.1972;39;0
HUSNUCE;10;26.9.1968;0;10
HASBIK;1;23.4.1973;0;1
IMAMEDIN;4;15.3.1972;4;0
SERMENT;25;17.9.1975;24;1
M.SABRI;33;21.12.1944;33;0
BISEYNE;31;3.4.1971;0;31
NAZIHET;5;9.10.1946;0;5
CAMIYE;216;25.4.1978;0;216
RAIS;13;28.12.1968;13;0
PURZE;50;30.6.1957;0;50
MAHFIRE;13;28.4.1954;0;13
NECETI;10;2.4.1965;10;0
ELFET;15;16.6.1963;7;8
ZEZE;14;26.7.1946;0;14
KADRISINAN;1;6.12.1978;1;0
ASEM;13;13.10.1970;13;0
FAHIKE;2;7.10.1966;0;2
ZAMANHAN;91;7.9.1959;91;0
BEHZAD;24;8.10.1959;24;0
MUMAZER;1;27.8.1932;0;1
SEYFILMULUK;7;21.11.1966;7;0
GOKDAL;8;12.9.1979;7;1
MEHILA;5;8.5.1963;0;5
SITYE;13;9.7.1968;0;13
MUTELZIM;5;26.3.1972;0;5
BABACAN;59;10.10.1974;59;0
NUMMAN;4;20.6.1977;4;0
SIBKETULLAH;1;4.5.1963;1;0
SINISAF;4;14.7.1968;0;4
FERRUDUN;2;25.8.1958;2;0
MERASAL;4;6.7.1972;3;1
TORIYE;20;22.1.1959;0;20
SEVKETHAN;4;29.12.1971;4;0
BOLGI;1;12.3.1959;0;1
EMLIHAN;56;21.6.1966;35;21
GULKEZ;6;28.2.1951;0;6
NUREYEN;1;22.4.1967;0;1
EZIYET;15;12.10.1973;0;15
CAPUR;1;13.4.1963;1;0
MURAS;2;16.4.1969;1;1
UMMUKESIM;1;29.5.1973;0;1
ALFATUN;2;19.9.1954;2;0
BIREDOST;1;25.11.1990;1;0
PERISIMAN;14;17.11.1961;0;14
SENTENET;86;28.11.1973;0;86
AMASGUL;1;17.2.1972;0;1
ULUCAN;16;27.9.1977;13;3
DUNER;11;2.10.1968;3;8
MESIHE;14;13.10.1961;0;14
SIFDIN;2;5.6.1938;2;0
HAKIMIYET;18;22.10.1968;4;14
MIYEFER;4;2.6.1976;0;4
ZIHATTIN;2;23.9.1966;2;0
FAKIRULLAH;72;29.4.1973;72;0
ELMELIK;1;27.4.1989;1;0
AYNULMELEK;2;17.9.1931;0;2
MUHTEBBER;4;7.3.1979;0;4
BELLI;18;2.2.1951;2;16
REZIFE;4;20.8.1965;0;4
ESVAN;5;8.4.1983;1;4
KOKSALMURAT;1;7.3.1979;1;0
MEVSIYE;4;24.6.1969;0;4
MUVADDET;3;11.9.1966;0;3
DILEMEZ;1;29.6.1975;0;1
SAZIMA;3;29.1.1971;0;3
DALIP;58;12.5.1952;58;0
KOTI;7;18.2.1932;3;4
SIVDIN;18;24.4.1965;18;0
FERIH;33;20.4.1966;26;7
MARESAL;3;15.7.1978;3;0
FIDDETE;1;29.4.1986;0;1
HIVET;3;12.1.1986;2;1
SIRAZI;47;7.3.1972;46;1
REZIME;1;5.11.1962;0;1
SUFA;12;4.5.1969;5;7
ELFETTAH;1;10.2.1957;1;0
MINIFI;1;11.6.1975;0;1
NURBAN;18;28.2.1974;0;18
KESUN;2;7.2.1968;0;2
AYNALHAYAT;21;25.7.1956;0;21
FERISTEH;6;26.12.1959;0;6
GEZIZER;42;29.9.1960;0;42
BEDRIKEMAL;1;6.1.1964;0;1
KITAYUM;1;21.2.1966;0;1
BEYALI;41;29.11.1957;41;0
BADIA;20;9.4.1970;0;20
MUTEZIN;3;24.9.1973;0;3
SAVICI;1;26.4.1966;1;0
FREYDUN;3;1.2.1976;3;0
YESEH;2;20.3.1982;2;0
TAMCAHAN;2;11.7.1970;0;2
YADIGUL;11;24.5.1976;0;11
GULAVDIN;3;9.11.1971;3;0
NURHAMIYET;1;3.3.1973;0;1
FEZLI;24;11.7.1963;23;1
USMANPERI;1;17.4.1972;0;1
SEBIN;8;13.1.1981;0;8
SAIMIME;1;26.8.1955;0;1
ZAMAHAN;32;7.7.1962;32;0
DILFURUZE;8;22.6.1952;0;8
TEYMUS;1;7.2.1956;1;0
ZORI;9;3.5.1949;0;9
INCINAZ;91;9.4.1965;0;91
UMULKERSIM;1;17.2.1960;0;1
NEZIMAN;2;22.2.1964;0;2
ABDULHASEM;2;10.1.1973;2;0
GULAMKADIR;1;12.8.1953;1;0
ARSULE;2;14.10.1981;0;2
HEDEM;3;20.11.1975;0;3
TOKTABIBI;4;6.5.1952;0;4
KOZUBAY;2;17.5.1960;2;0
GULBEYRA;1;22.8.1973;0;1
DOLGUNAY;2;7.2.1966;0;2
SAHIKE;4;17.1.1972;0;4
RUSKIYE;23;11.7.1966;0;23
ULUKBIBI;1;27.8.1974;0;1
SEVHIYAT;3;23.12.1954;0;3
KUTNIYE;2;5.10.1968;0;2
RUNI;1;19.6.1966;0;1
RUHAVI;1;29.3.1974;1;0
MENICAT;12;16.12.1964;0;12
KURBANBAY;4;22.2.1956;4;0
INCINAS;1;21.11.1983;0;1
SILAS;4;25.5.1987;4;0
BIBICOKER;1;12.8.1953;0;1
UMITYASAR;9;21.2.1973;9;0
VETIHA;8;9.1.1973;0;8
HAYRAZ;1;19.2.1964;0;1
ABDULGAFIR;4;20.12.1961;4;0
SAHINSAH;4;26.4.1968;3;1
AYTUK;2;11.7.1976;2;0
MINASINA;1;8.9.1963;0;1
YARDAGUL;6;28.6.1973;0;6
ANZULHA;5;11.10.1971;0;5
ADULHAN;6;20.12.1966;0;6
NEMIYA;1;27.3.1974;0;1
MUSEHEL;15;21.12.1978;0;15
SEKIRZADE;2;20.5.1970;0;2
MAHRUBA;1;8.6.1976;0;1
GULSEBEM;1;21.1.1984;0;1
MENFI;11;13.11.1969;11;0
NIFSIYETE;1;17.5.1975;0;1
YAMI;47;14.8.1970;47;0
GULDEMIR;21;21.5.1957;3;18
GULAISE;20;22.10.1936;0;20
ALMADDIN;2;9.8.1972;2;0
OZHUR;2;29.4.1980;1;1
UMRETTIN;6;28.7.1981;6;0
HATEN;5;9.3.1960;1;4
MUCIT;15;15.1.1962;15;0
TULCA;5;26.3.1981;1;4
RUPER;2;19.2.1959;1;1
AHYED;2;20.1.1978;2;0
GEGI;3;13.3.1932;0;3
AHSUMA;1;17.10.1972;0;1
MEMUHAN;2;13.9.1955;1;1
NEGMAN;4;3.2.1970;4;0
MAHFERET;8;6.9.1954;0;8
ASSUMAN;4;15.11.1967;0;4
HARRUN;7;1.4.1976;7;0
FAYDAGUL;72;4.4.1967;0;72
RUKUZAN;5;26.6.1965;0;5
GULEDDIN;21;12.2.1974;21;0
MUTTEZIM;18;27.12.1975;1;17
MENSUBE;21;7.10.1966;0;21
VASIDE;19;10.4.1957;0;19
PURUZET;4;4.7.1948;0;4
GULESSER;8;16.7.1965;0;8
SILAHTAR;1;21.4.1972;1;0
ECIRE;4;9.4.1961;0;4
BILSEMA;1;9.1.1973;0;1
UMUTHAN;15;16.2.1984;15;0
RIZGAT;2;6.3.1960;0;2
M.SAHIN;9;6.7.1956;9;0
CINNETI;10;26.11.1949;0;10
EDNUR;3;12.7.1965;3;0
CIHEN;2;20.9.1980;0;2
SIYAHBENT;39;6.5.1960;39;0
HAILE;36;7.12.1965;0;36
MEYSERET;22;26.8.1972;8;14
MUAZEM;30;12.12.1973;1;29
FEDILYA;1;22.3.1973;0;1
GAKIL;2;24.11.1956;2;0
GAIBE;15;10.7.1955;0;15
KEMAYI;1;1.1.1980;0;1
AMTIYE;1;26.8.1949;0;1
FIRIDE;17;8.9.1955;0;17
UMMUL;17;30.9.1978;0;17
RIHYETE;1;11.11.1963;0;1
RIFATA;3;30.8.1944;1;2
M.NESIM;6;4.10.1957;6;0
NISFICAN;10;14.12.1952;0;10
CEBALI;1;1.8.1972;1;0
BIZA;3;18.6.1931;0;3
NARDA;4;12.4.1978;0;4
SUTUN;3;3.10.1974;2;1
ZUZANI;13;8.10.1973;0;13
DILFEYRUZ;2;1.3.1953;0;2
ZIYDIYE;1;12.4.1965;0;1
AHIHAN;1;22.2.1961;1;0
DEYYIP;2;9.2.1960;2;0
MUMADIYE;3;11.3.1938;0;3
ZUKRULLAH;10;22.12.1980;10;0
SILAHDAR;1;17.4.1978;1;0
YARIM;1;11.4.1981;0;1
ELFESIYAH;35;14.7.1959;13;22
AKO;7;27.7.1938;7;0
GULFEZ;8;30.9.1967;0;8
KAMERUH;35;25.2.1954;0;35
GARIE;1;4.9.1934;0;1
MUGDET;83;5.9.1965;82;1
MIHRIHAN;7;4.8.1972;0;7
NEZIRYE;26;22.6.1972;0;26
NESIHET;26;26.3.1968;0;26
CELLADIN;2;27.5.1968;2;0
HAZET;5;5.11.1962;3;2
MAYSEKER;115;29.5.1966;0;115
FEREH;8;9.2.1973;1;7
ZUMRETA;21;29.1.1968;0;21
NENI;75;17.6.1951;0;75
NURSEVAL;7;11.1.1975;0;7
CELELEDDIN;2;25.10.1967;2;0
SEDREDIN;22;5.2.1965;22;0
DUBA;7;19.10.1972;0;7
ZAHICAN;2;19.6.1966;0;2
ZAMIRHAN;11;5.7.1970;11;0
KUMRAN;26;7.2.1970;8;18
SADDIKA;2;27.5.1956;0;2
INCIL;9;22.12.1971;3;6
VELYETTIN;18;29.10.1967;18;0
HAMSIN;5;3.11.1962;1;4
NISVICIHAN;9;15.8.1969;0;9
AVUZER;4;19.5.1960;4;0
RISKIYA;11;18.10.1969;0;11
FESSIH;16;14.6.1970;16;0
NEVIZA;3;22.3.1962;0;3
VARDEK;44;23.12.1964;0;44
CUMSIT;4;25.3.1958;4;0
MUBBECEL;3;25.2.1976;0;3
HARIPHAN;6;17.3.1959;5;1
HUDIDA;34;20.2.1953;34;0
BIRINCI;150;13.5.1963;4;146
OLKIYA;1;21.10.1990;0;1
NESIFET;5;19.3.1965;0;5
SOVEYLA;6;27.10.1969;0;6
FAHRETIN;25;18.12.1965;25;0
SEYITBETAL;3;3.4.1967;3;0
ROJGUN;1;27.2.1968;0;1
HAZIDE;3;7.5.1952;0;3
FESAHET;4;10.6.1970;0;4
PAMRUK;1;6.2.1931;0;1
GEJE;9;10.2.1965;0;9
PURES;9;5.2.1960;0;9
SIYABETTIN;1;1.1.1982;1;0
BEYFURI;1;12.8.1929;0;1
TAYHEDDIN;1;2.9.1974;1;0
HATICE.;1;13.9.1983;0;1
AVSETE;1;19.9.1989;0;1
RUSKIYET;5;10.1.1973;0;5
SOZLEM;8;7.8.1987;0;8
GULAI;1;11.5.1963;0;1
YILDAZ;3;7.5.1985;0;3
VARDI;35;7.12.1944;0;35
EYLENCE;7;24.4.1957;0;7
BIRET;91;1.2.1974;89;2
CEZVET;4;25.12.1968;4;0
FEDEM;4;15.7.1982;0;4
SURECEDDIN;2;13.1.1959;2;0
HAKKARI;30;23.11.1972;30;0
BILICAN;57;19.1.1972;1;56
SUBIHIYE;2;26.2.1955;0;2
KENEM;1;19.11.1987;0;1
NEYCE;2;22.4.1978;0;2
KIYMED;1;7.2.1952;0;1
NECRAN;14;21.4.1965;0;14
ETIFE;2;24.12.1967;0;2
INCITURK;1;7.6.1964;0;1
MAYFER;13;25.2.1965;0;13
KUMERAN;1;23.11.1969;0;1
MIKRAN;5;26.7.1963;3;2
SITTIYA;10;1.7.1971;0;10
DILAYET;8;1.5.1972;1;7
SAVGUL;3;22.4.1966;0;3
NUFSICIHAN;1;24.4.1967;0;1
ILYADIN;8;24.8.1976;8;0
GULILK;13;26.7.1957;0;13
MUHAAMMED;2;24.12.1981;2;0
KEREMBARIS;1;10.12.1946;1;0
CERKEZI;15;29.6.1962;0;15
RUZKET;8;12.3.1964;0;8
MAZULET;3;14.8.1969;0;3
TAMIRAT;1;14.6.1958;0;1
SELEMULLAH;2;11.9.1955;2;0
EVLO;6;11.8.1965;6;0
BAGALI;2;7.1.1972;2;0
UKIYE;14;24.6.1954;0;14
SEBRAN;13;28.8.1977;1;12
SUSGUL;1;1.9.1991;0;1
HEMSIRE;19;13.11.1971;0;19
NIDAM;5;23.9.1968;1;4
HEZYETE;1;21.4.1963;0;1
DINO;43;12.2.1947;43;0
SIRACEDIN;7;29.1.1966;7;0
BAZAN;3;15.10.1963;1;2
GEFO;5;6.2.1955;4;1
SIBEY;2;28.11.1991;0;2
MUHTAC;22;28.6.1979;17;5
ASUDA;5;12.5.1973;0;5
ZOHRETTIN;7;7.7.1962;7;0
RISKIYET;8;20.2.1968;0;8
HASREV;3;18.2.1956;3;0
SAHMARAN;55;14.5.1969;35;20
GARIPHAN;25;24.12.1966;23;2
MUVAFFA;1;9.12.1951;0;1
BAREM;2;11.6.1979;2;0
KISNIS;1;11.1.1982;0;1
MELEKRIHAN;5;10.5.1958;0;5
ZARINCI;11;26.7.1968;0;11
ZUZI;1;1.2.1931;0;1
DURAYYET;1;28.3.1956;0;1
ZORAV;2;12.9.1968;2;0
MERCIMELEK;2;2.2.1973;0;2
MEVSICAT;1;2.2.1973;0;1
HAVLETE;41;30.5.1968;0;41
ZEMILHAN;1;7.2.1964;1;0
HAYLAZ;8;17.8.1970;0;8
MATIKA;2;22.7.1967;0;2
MAZMI;1;13.8.1988;1;0
HUSROF;9;7.11.1957;9;0
DESDI;2;23.9.1942;2;0
ASREF;4;14.1.1954;4;0
SUHILA;4;20.11.1956;0;4
MUHAMMT;1;27.9.1991;1;0
HABIBENURDAN;1;16.12.1972;0;1
SUNALP;12;19.8.1985;12;0
HETI;1;26.3.1934;1;0
KOLUKAN;1;11.6.1991;1;0
MEFBURE;1;26.6.1962;0;1
GULCEMIL;3;12.2.1966;0;3
MIMET;5;13.11.1973;0;5
HALIP;33;14.1.1964;33;0
GEVE;34;1.2.1954;0;34
GULABUTUN;1;2.2.1951;0;1
SAHINAT;31;9.10.1971;0;31
NASIA;11;14.1.1962;0;11
HEKKARI;1;26.10.1965;1;0
MOKRIME;1;11.5.1985;0;1
HAKKAVI;1;6.6.1968;1;0
BARETTIN;28;21.10.1968;28;0
ATINA;34;3.9.1958;2;32
HAZALUK;1;17.8.1924;0;1
NADIDA;1;18.4.1953;0;1
BIRSEM;34;27.2.1978;0;34
MEBUS;7;1.5.1966;6;1
ABDULHABIP;24;21.1.1978;24;0
SITYA;27;29.11.1968;0;27
ZOHRUYE;11;12.11.1971;0;11
EDUL;56;14.2.1965;2;54
BELKIA;3;21.10.1954;1;2
ABETTIN;11;12.7.1977;11;0
ZURBE;53;18.7.1962;53;0
MAKULIYE;6;8.1.1973;0;6
SIMAGUL;10;1.6.1970;0;10
YUZCAN;9;20.6.1980;2;7
SUCCA;2;9.8.1943;2;0
TANEGUL;8;13.1.1970;0;8
MUSLIYA;3;27.8.1949;1;2
MURPENC;3;24.1.1963;3;0
MUSULHATTIN;1;7.8.1934;1;0
EGRICE;14;21.7.1961;0;14
KEMERAH;1;22.2.1949;0;1
MEBLA;2;6.10.1981;0;2
SAVIM;4;1.1.1965;0;4
RIYETA;1;2.2.1969;0;1
MAHABBET;6;30.10.1946;1;5
KERRO;3;25.1.1942;3;0
UMULKELSUM;3;18.8.1971;0;3
RISKET;34;4.1.1977;1;33
GERDANI;6;29.11.1971;0;6
FERZENRE;1;20.10.1966;1;0
FIYAT;54;27.8.1968;8;46
MEHMETZADE;2;29.12.1958;2;0
AYDONE;4;5.10.1979;0;4
CELLADI;1;21.12.1965;1;0
ADEMRIZA;26;7.4.1960;26;0
EBCET;23;22.12.1977;22;1
MAHPUSE;6;27.11.1971;0;6
OTUGEN;6;30.9.1979;4;2
SIGBETULLAH;6;23.2.1983;6;0
DURRIYET;1;27.2.1956;0;1
SEHRIYEN;1;21.6.1939;0;1
CIFTEHAS;3;21.3.1953;0;3
HEDILE;119;7.1.1963;0;119
MIYAMI;3;20.8.1981;3;0
MITAN;7;9.8.1965;2;5
HAMEDDIN;1;18.4.1937;1;0
SAHISLAM;2;12.8.1968;2;0
NECIH;2;7.8.1964;1;1
YAFET;4;26.6.1969;4;0
SURAHIYYA;1;17.6.1984;0;1
KOLOZ;2;3.4.1976;2;0
ZUHRETTIN;7;6.12.1966;7;0
MENTIKE;4;5.1.1968;0;4
ZUBIYIT;1;17.2.1960;1;0
UBIYIT;1;12.2.1959;1;0
FAYFURIYE;2;29.10.1969;0;2
DAIRE;7;3.4.1958;0;7
BESRAYE;2;29.10.1949;0;2
ZEYCIHAN;6;14.10.1972;0;6
RUZKIYE;23;21.11.1964;0;23
CEVHIZAR;1;2.12.1979;0;1
SITE;16;28.8.1957;0;16
MUNASAH;1;22.1.1973;0;1
SEVIMNAZ;19;4.2.1964;0;19
AMEDIN;3;10.4.1967;3;0
BASO;20;9.1.1944;20;0
DILEKSAN;2;26.3.1965;0;2
HUSNICEMAL;15;10.3.1968;0;15
KEDA;3;26.7.1971;1;2
RIVAIDE;1;2.6.1975;0;1
SIDIKKA;15;2.7.1967;0;15
YEMO;1;27.8.1926;0;1
HAMEDIN;4;5.8.1968;4;0
MUCEYLAN;13;5.5.1972;0;13
SUMUZAR;2;4.3.1954;0;2
RUZKAT;36;29.7.1962;1;35
GULDIN;5;28.5.1963;1;4
FERKIZADE;1;27.6.1980;1;0
YUKCAN;1;25.5.1985;0;1
SERMETE;10;20.5.1976;0;10
KADIRSAH;8;3.5.1961;4;4
OZLIFE;10;30.10.1982;0;10
FERKUSAN;1;26.2.1976;1;0
ZINNEK;1;29.3.1991;0;1
GUNDUZALP;7;19.3.1979;7;0
TACIHAN;28;11.10.1976;4;24
NURBASA;1;6.1.1980;0;1
HUSNICIHAN;2;10.6.1958;0;2
NURHEDA;9;5.8.1981;0;9
HASUDE;5;18.9.1970;0;5
KASIMBEK;1;12.8.1971;1;0
MUHAMMEDKUL;1;22.8.1961;1;0
ORUNBAY;5;16.9.1975;5;0
KULKUL;1;12.8.1959;0;1
GENCEGE;1;7.8.1958;0;1
IRISKUL;1;7.8.1946;1;0
NISAHAN;2;13.6.1948;0;2
HUDAYAR;4;9.5.1966;3;1
BURKU;2;20.7.1982;1;1
TOMARBIBI;1;17.8.1978;0;1
CIMAY;1;2.8.1933;0;1
DOKTUBIBI;1;22.8.1979;0;1
ARUKE;1;27.8.1980;0;1
AYIM;2;7.8.1952;0;2
ABDULGAYUM;1;27.8.1956;1;0
COCUL;1;12.8.1965;0;1
TASBIBI;7;8.4.1967;0;7
SATUVVALDIR;1;22.8.1967;1;0
ZIYADEHAN;1;17.8.1948;0;1
YOLDASBAY;2;25.1.1950;2;0
IBADETHAN;1;17.8.1948;0;1
COGRAHAN;1;2.8.1951;1;0
ORUN;3;18.3.1983;2;1
CUMABAY;5;19.5.1970;5;0
SATKINBIBI;1;17.8.1978;0;1
MEHMAN;47;5.12.1961;21;26
SENAH;5;3.2.1975;1;4
TURHANBAY;1;22.6.1931;1;0
TULGAN;7;13.12.1969;3;4
BIBICEMAL;2;2.8.1939;0;2
KESIKBAY;1;12.8.1971;1;0
KOCABAY;3;26.6.1956;3;0
BUCAN;5;7.4.1970;3;2
BIBISARA;4;29.9.1953;0;4
MOLLAKUT;1;12.8.1941;1;0
TONNUK;1;22.8.1967;0;1
UPA;1;7.8.1976;0;1
BIBIZIYA;1;2.3.1933;0;1
SEHERBIBI;1;27.8.1974;0;1
HEKIMBEG;1;7.8.1964;1;0
ULKA;3;24.1.1963;0;3
SABIK;5;29.3.1959;3;2
CINESTA;1;7.8.1958;0;1
BEZIPE;1;22.8.1961;0;1
ABDULSABIR;8;23.4.1983;8;0
UVGANBIBI;1;17.8.1978;0;1
APAL;1;12.8.1965;0;1
SEYREHAN;1;12.8.1971;0;1
KONUKBAY;1;12.8.1923;1;0
SAHIPCEMAL;2;22.8.1961;0;2
TOHTA;1;12.8.1941;0;1
KUCUKBAY;2;21.5.1951;2;0
NAYMANBAY;1;22.8.1955;1;0
SEYFEL;4;4.8.1957;3;1
TOYCU;1;27.8.1950;1;0
ZINIK;9;14.7.1955;0;9
GULEPSAH;1;27.8.1974;0;1
MERBET;1;22.8.1961;0;1
ORUMBAY;2;16.4.1977;2;0
GULMUHAMMED;1;2.8.1981;1;0
ARAPBAY;1;7.8.1958;1;0
SATVALDI;1;2.8.1981;1;0
ABDULMUKADES;1;12.8.1983;1;0
KAMCIBEK;1;7.8.1976;1;0
HABIBBULLAH;1;29.9.1990;1;0
POMO;1;17.8.1972;1;0
CUMAGUL;29;8.6.1971;1;28
BIBISURE;1;12.8.1983;0;1
MURAHMET;1;20.8.1987;1;0
AHMETYAR;1;7.8.1976;1;0
KUDAS;1;23.5.1943;1;0
SELKI;2;25.4.1967;1;1
BEBEKAYA;1;27.8.1980;0;1
CECE;4;10.5.1967;0;4
SATKIN;2;10.1.1941;0;2
AYUBBAY;1;12.8.1935;1;0
ALTMIS;1;12.8.1947;1;0
ARBAB;1;2.8.1957;1;0
TURATBEG;3;6.4.1964;3;0
EGES;1;12.8.1971;1;0
KALDIKAC;2;22.8.1979;0;2
ACERHAN;2;8.5.1967;1;1
SARBAN;29;6.7.1960;0;29
EBZEL;2;18.8.1941;2;0
ASILBIBI;1;12.8.1971;0;1
CIHANBAY;3;27.8.1968;3;0
KOKON;1;7.8.1928;1;0
CIHANBIBI;2;10.1.1941;0;2
KUTMEHMET;1;2.8.1963;1;0
ATIMBIBI;1;12.8.1983;0;1
UMSUN;12;22.7.1951;0;12
SANU;3;1.2.1971;0;3
KARACAC;2;2.2.1965;0;2
ABDULKAMCI;1;22.8.1961;1;0
SERHMEHMET;1;2.8.1969;1;0
TAVER;2;16.1.981;1;1
DURDUBIBI;1;2.8.1933;0;1
KURKUL;1;12.8.1977;1;0
SAHIPBAY;1;2.8.1921;1;0
SONOHAN;1;27.8.1980;0;1
HACIBIBI;2;17.8.1978;0;2
TURATBEK;1;2.8.1975;1;0
CIHANBEK;1;22.8.1943;1;0
KALDIK;1;12.8.1953;0;1
CEMBIBI;1;22.8.1943;0;1
TORUMKELDI;1;12.8.1959;1;0
KERIMKUL;1;22.8.1967;1;0
SATUNKUL;1;22.8.1961;1;0
RECEPBIBI;1;2.8.1963;0;1
TURDUHAL;1;22.8.1961;0;1
SOLUN;1;17.8.1948;0;1
TURHANBIBI;1;2.8.1957;0;1
TOHTOHOCA;1;7.8.1970;1;0
RIZBEBE;1;22.8.1943;0;1
SERGAZI;2;12.5.1947;2;0
SEPI;2;25.1.1938;0;2
SEMERHAN;2;17.5.1984;1;1
ZEBEKAN;1;22.8.1973;0;1
CENARA;1;17.8.1948;0;1
TEMURBAY;1;12.8.1941;1;0
NAPAHAN;1;2.8.1963;0;1
APIDE;1;17.8.1978;0;1
ACAIP;1;2.8.1975;0;1
GULAMETTIN;1;7.8.1958;1;0
ADINA;12;7.8.1969;1;11
TOHTOBEY;1;2.8.1975;1;0
ZULHADE;3;17.8.1973;0;3
ATIM;3;9.5.1972;2;1
KULBIBI;1;2.3.1963;0;1
AYBAS;10;22.10.1955;9;1
BIBIRAS;1;22.8.1943;0;1
SEDIP;1;27.8.1962;0;1
TORKAY;1;17.8.1948;0;1
IBRAHIMVERDI;1;12.8.1953;1;0
NAKIBAY;1;17.8.1978;0;1
HABIBILAH;1;12.3.1977;1;0
NISANBAY;1;7.8.1976;1;0
EYITBAY;1;7.8.1982;1;0
BAKTI;1;17.8.1972;0;1
KULKADE;1;12.8.1983;0;1
AYGULU;3;10.4.1974;0;3
CUNINEK;1;17.8.1978;0;1
PISTABIBI;1;2.8.1951;0;1
KONGUR;1;7.8.1976;0;1
BURUL;3;2.11.1980;0;3
SAFATUHAN;1;27.8.1968;0;1
OSMANBAY;2;20.1.1931;2;0
GALILE;2;9.11.1970;0;2
ILACBEK;1;17.8.1978;1;0
HURSUN;5;20.8.1979;0;5
ABDULCEFAR;1;2.8.1969;1;0
ESADULLAH;22;27.7.1965;22;0
SOKUMBIBI;1;27.8.1980;0;1
CIPAR;1;12.8.1953;0;1
EMENULLAH;11;9.1.1973;11;0
SIRGA;1;7.8.1958;0;1
SEMERKANT;2;8.2.1958;0;2
ANAL;1;12.8.1953;0;1
TURNAHAN;1;12.8.1977;0;1
EMANEDDIN;1;22.8.1973;1;0
TASBEBE;2;19.1.1961;0;2
LAHAL;1;2.8.1957;0;1
AFSERCAN;1;22.8.1979;1;0
BAKIK;1;7.8.1958;0;1
AKIMKUL;1;10.5.1952;1;0
CENERE;2;2.8.1957;0;2
KULMEHMET;2;2.8.1975;2;0
IKBALBIBI;1;22.8.1973;0;1
AYITKULU;1;17.8.1966;1;0
BESBIBI;3;27.8.1974;0;3
AYETKULU;1;7.8.1982;1;0
HAIG;1;2.8.1921;1;0
GULANBIBI;1;2.8.1957;0;1
BASAM;1;27.8.1950;0;1
HALIKUL;1;22.8.1967;1;0
CEMALBIBI;1;12.8.1977;0;1
ORUNBEBE;1;12.8.1971;0;1
AMENULLAH;1;2.8.1963;1;0
BEBESENAM;1;2.8.1975;0;1
ERZAIN;1;22.8.1979;0;1
SERKI;1;12.8.1971;0;1
AYITBIBI;1;7.8.1976;0;1
KUETBEG;1;12.8.1971;1;0
GULDERHAN;1;12.8.1971;0;1
GELDIBEK;1;7.8.1958;1;0
LALBIBI;1;7.8.1958;0;1
IZZETULLAH;10;16.8.1967;10;0
DEVLETBIBI;1;2.8.1933;0;1
EGESBAY;1;27.8.1968;1;0
SAHFEYZULLAH;1;22.8.1955;1;0
AYSIRIK;1;7.8.1982;0;1
TOTIYA;1;2.8.1957;0;1
HOSVAKIT;1;7.8.1958;1;0
RUZBIBI;1;2.8.1975;0;1
HUDAYVERDI;1;27.8.1968;1;0
GULBEYRE;2;22.8.1979;0;2
HADOL;1;22.8.1943;0;1
HASAL;2;13.4.1969;0;2
ERGESBAY;1;22.8.1955;1;0
GULAYIM;10;13.10.1954;0;10
TILLA;5;26.2.1966;0;5
HANAFIYA;1;17.8.1948;1;0
CAYCIBEG;1;27.8.1938;1;0
ASILEHAN;1;22.8.1943;0;1
BAKIBAY;1;12.8.1923;1;0
TATLILULU;1;12.8.1965;0;1
MENDIBIBI;1;2.8.1951;0;1
SEMAR;4;17.6.1979;0;4
SOLABIBI;1;2.8.1975;0;1
TOYLUK;2;17.8.1966;0;2
ORUZUBAY;1;27.8.1938;1;0
SERMUHAMMED;1;12.8.1971;1;0
MUHAMMEDYAR;1;22.8.1931;1;0
ZUJNET;1;22.8.1943;0;1
YAMIZ;1;17.8.1960;0;1
SUPHANKUL;1;27.8.1938;1;0
SOKSUR;1;22.8.1949;0;1
OGULAYIM;1;7.8.1952;0;1
TAHTABEG;1;7.8.1958;1;0
HUDAS;1;12.8.1923;1;0
BAZARHAN;3;24.10.1967;0;3
CUTANKI;1;7.8.1976;1;0
MUNCAKBIBI;1;7.8.1982;0;1
KUTANBAY;1;17.8.1960;1;0
KULAYHAN;1;12.8.1971;1;0
HATIMBIBI;1;22.8.1961;0;1
MENDIGUL;1;22.8.1967;0;1
MARCAK;1;22.8.1943;0;1
ACEPBIBI;1;22.8.1973;0;1
SAMEDDIN;45;23.9.1966;45;0
UPUL;1;12.8.1965;0;1
TUMAR;2;17.6.1973;1;1
ISLAMVERDI;1;27.8.1980;1;0
TURGANBIBI;1;27.8.1950;0;1
TURABEG;1;2.8.1951;1;0
BIBIZUPUN;1;2.8.1957;0;1
ZIYAUDDIN;7;28.7.1958;7;0
AMAS;1;7.8.1970;1;0
BIBIKONUL;1;12.8.1947;0;1
SUKSUR;1;12.8.1929;0;1
GONCABAY;1;7.8.1982;1;0
HOCAYAR;1;12.8.1983;1;0
ISLAMETTIN;10;30.10.1968;10;0
NEVRULLAH;2;5.9.1985;2;0
TABALDI;1;27.8.1950;1;0
HUSUN;39;22.2.1964;15;24
CIDDEBIBI;1;22.8.1931;0;1
AYINBEBE;1;22.8.1949;0;1
KERIMVERDI;1;2.8.1975;1;0
CERIN;1;22.8.1943;0;1
AGLAK;1;2.8.1963;0;1
EGEMBERDI;1;2.8.1951;1;0
HARIBEG;1;17.8.1960;1;0
MERALBIBI;1;22.8.1955;0;1
BIBISARAH;1;27.8.1950;0;1
HURRAM;5;24.9.1963;3;2
CIGDE;1;7.8.1958;0;1
ESETTULLAH;1;7.8.1976;1;0
SONUN;1;7.8.1982;0;1
ARABEDDIN;1;22.8.1979;1;0
AKSENAN;1;22.8.1979;0;1
ELMUHAMMED;1;2.8.1975;1;0
URAYVERDI;1;7.8.1976;1;0
HIDEYETULLAH;4;16.6.1964;4;0
MANOS;11;21.3.1956;3;8
NUSHA;1;27.8.1980;0;1
ABAGUL;1;2.8.1981;0;1
ABDULSABI;1;12.8.1971;1;0
SARTBEY;1;1.1.1;1;0
ABDULSAIM;3;21.1.1960;3;0
HOCAMKELDI;1;22.8.1955;1;0
GULCEHRA;11;1.3.1969;0;11
IRIS;83;20.7.1975;1;82
COMAT;1;7.8.1982;1;0
AYNULLAH;25;19.6.1957;24;1
TASBEK;1;7.8.1982;1;0
MEZLEME;1;22.2.1961;0;1
HUNEY;5;18.8.1950;1;4
NUNETULLAH;1;14.5.1949;0;1
HURINAS;17;15.9.1964;0;17
YENGUL;9;26.1.1978;0;9
MIRGENC;1;7.2.1988;1;0
ASMANPERI;8;3.5.1959;0;8
USAT;2;29.5.1940;2;0
HAZEP;9;8.10.1963;0;9
SEHRIZAMAN;2;21.2.1974;0;2
FAISAL;1;2.3.1987;1;0
CELADIN;121;5.4.1963;121;0
HALNISAN;2;26.1.1979;0;2
MENIZE;1;3.2.1961;0;1
TANKO;1;3.10.1945;0;1
KAMARUH;5;11.10.1960;0;5
BEHRIYA;3;13.11.1979;0;3
SEBAGUTULAH;1;28.3.1974;1;0
SEYITNUH;1;2.4.1987;1;0
BESRAY;31;12.9.1951;0;31
PIRMUZ;2;12.7.1977;2;0
EDIN;40;28.10.1975;39;1
SULAHADDIN;3;10.9.1956;3;0
FASILE;28;24.1.1961;0;28
HEVZULLAH;6;29.6.1979;6;0
HAFSINE;1;5.4.1966;0;1
TAKSIM;43;21.6.1964;43;0
YASEH;2;29.3.1967;2;0
GULAFTUN;4;10.4.1969;0;4
GAZEP;8;30.11.1954;0;8
KODI;2;29.8.1944;1;1
ZOZE;1;22.8.1925;0;1
Z0ZI;1;22.2.1955;0;1
LAYIHE;65;8.12.1973;0;65
AHDINUR;1;6.12.1980;1;0
NIFSICAN;20;11.6.1965;0;20
HASSE;120;21.12.1957;0;120
ZUKRIYE;9;4.4.1952;0;9
OSMANPERI;2;12.5.1947;0;2
BAKACAN;1;29.3.1965;0;1
VEBIHE;2;24.11.1961;0;2
ULFIYET;7;22.5.1964;0;7
ZEBILE;20;5.10.1962;0;20
SEMBIR;3;17.12.1981;1;2
FESIHAT;5;23.6.1973;0;5
ISFAHAN;13;21.7.1976;2;11
LAYIHA;132;18.1.1965;0;132
FAHRISAN;10;14.5.1962;0;10
ELPA;1;24.12.1979;0;1
MIRYEMA;13;18.4.1976;0;13
FECIME;4;19.3.1969;0;4
AHRIYE;5;3.6.1963;0;5
MONURE;1;6.10.1972;0;1
NURGOL;21;9.7.1974;2;19
MADISAH;22;13.12.1974;0;22
SERACEDIN;4;25.11.1961;4;0
TEBIRZE;6;14.11.1965;0;6
KURDET;9;8.10.1980;0;9
SEFRAZ;10;6.9.1961;0;10
EVDEGUL;38;14.3.1973;0;38
ARNAVAZ;1;11.4.1972;0;1
MUSEVET;39;10.7.1970;1;38
MAYDAN;5;24.6.1967;0;5
GULBIHAR;3;27.7.1957;0;3
ENCUMAN;8;18.4.1981;8;0
BELCIN;29;7.1.1982;7;22
AHIRYE;9;21.1.1979;0;9
MERAKCAN;1;25.5.1967;0;1
LALIHA;7;11.10.1969;0;7
MUSEVVET;32;28.5.1969;0;32
CENIYE;12;27.8.1969;0;12
ABDULALEM;2;12.1.1959;2;0
OZEDIN;2;12.8.1976;2;0
ZIMZIMA;6;24.1.1966;0;6
TATARHAN;7;2.4.1970;7;0
MERYAMA;58;22.8.1971;0;58
ISMETTULLAH;18;25.9.1968;18;0
OZVAN;7;30.8.1981;6;1
NIBAR;13;15.7.1968;0;13
SARECETTIN;3;6.7.1961;3;0
SIYAH;41;20.10.1951;29;12
ALAYIBEY;1;2.2.1975;1;0
IZDINSIR;2;15.2.1961;2;0
PIRIZE;13;22.10.1958;0;13
UGUZHAN;8;8.10.1975;8;0
AIDET;1;2.2.1957;0;1
FEDIHA;13;4.2.1958;0;13
GUNGORMEZ;7;6.8.1971;1;6
IDU;10;19.2.1949;1;9
RAFATA;1;6.11.1950;0;1
CUVEYRA;46;1.8.1970;0;46
BEFRU;8;3.9.1972;0;8
DOGUDAN;3;24.4.1974;0;3
KIYASEDIN;10;1.2.1966;10;0
KUNCA;4;23.5.1948;0;4
SEDIN;4;25.6.1979;4;0
VANDAN;5;21.12.1973;0;5
MIRDISI;61;5.4.1954;0;61
ZOHRETE;8;9.9.1972;0;8
EHDUNUR;6;22.10.1969;6;0
NASREDIN;13;4.11.1971;13;0
SAITNUR;9;8.4.1981;9;0
SAHBEDIN;12;17.10.1973;12;0
BENICE;16;18.12.1966;0;16
HIRDEMCAN;1;5.4.1963;0;1
ABDULSITAR;41;1.9.1980;41;0
MUTIHAN;1;26.1.1983;1;0
MEHFUZ;5;10.1.1977;5;0
SEHILA;34;12.6.1968;0;34
RIBAT;2;11.11.1961;0;2
ESSEKADIN;66;19.3.1956;0;66
MIRDESI;79;25.4.1957;0;79
TAHSIM;102;10.8.1974;102;0
TERVINDE;1;2.8.1933;0;1
MEHANI;7;7.11.1964;0;7
HOYLET;2;25.5.1963;0;2
ABDULALAM;3;14.2.1972;3;0
ABDULEHET;9;15.12.1968;9;0
GAYBETULLAH;12;12.6.1976;12;0
HUVZULLAH;8;27.7.1971;8;0
ESFENDIYA;1;7.4.1982;1;0
ZINURI;1;3.8.1939;0;1
SENABET;1;15.5.1969;0;1
AYNESER;1;25.4.1971;0;1
MUHBBET;11;3.10.1971;0;11
GOGERHAN;2;9.11.1979;0;2
CENNETI;52;19.5.1954;0;52
HANIMZAR;24;30.10.1956;0;24
PURIZE;13;10.11.1963;0;13
ZUHRETE;15;6.1.1970;0;15
TERVET;2;8.7.1971;1;1
YAHSUP;1;16.11.1964;1;0
BUSEYDE;3;13.8.1963;0;3
GULLUSOR;6;11.11.1972;0;6
HATAM;4;15.7.1967;2;2
NADISAH;1;3.4.1969;0;1
MAAF;2;24.11.1954;1;1
PERISAH;16;7.5.1975;0;16
SUYDAN;2;8.5.1971;1;1
MACIHAN;2;26.9.1973;0;2
FEREHYA;2;21.4.1968;0;2
MANDALIN;2;30.4.1977;0;2
BISEN;7;11.1.1965;0;7
MOMIHAN;1;22.4.1945;0;1
DAIMAN;1;11.2.1957;0;1
RUBBAIL;1;18.12.1967;1;0
DIRI;22;14.5.1945;6;16
ETERULLAH;1;21.12.1967;1;0
TALHAM;2;18.7.1962;2;0
TERINDAZ;1;12.2.1953;0;1
RUJHAT;13;3.6.1985;11;2
ANUSA;1;7.2.1982;0;1
HUDEYDAN;35;21.7.1965;35;0
SELAHATTTIN;4;2.6.1979;4;0
HUMRISAN;87;26.3.1964;0;87
MELIHHE;1;17.3.1966;0;1
SINIYA;1;30.5.1980;0;1
MAPBUP;1;17.7.1987;0;1
FAYSETTIN;1;1.10.1972;1;0
GOLBAHAR;11;5.9.1972;0;11
MAAZZES;1;17.2.1966;0;1
HUPRA;2;25.7.1969;0;2
SOHILLA;4;7.4.1964;0;4
NAMETTULLAH;1;7.2.1958;1;0
AKBET;3;8.5.1977;0;3
MIDRUKE;1;5.12.1986;0;1
ABDULMUTALIB;17;4.5.1979;17;0
AYVA;22;13.3.1964;0;22
NOSAFERIN;1;27.4.1962;0;1
LELIBE;1;22.2.1961;0;1
HIKMI;19;17.4.1959;6;13
EMINAZ;1;27.2.1962;0;1
HAYRETTN;1;2.2.1975;1;0
TEHSIMA;1;11.12.1979;0;1
FECILE;5;18.12.1954;0;5
KADAFI;30;18.10.1984;30;0
NEHBIYE;1;16.8.1975;0;1
MENISA;16;4.1.1978;0;16
SEFERYE;2;19.5.1960;0;2
APDULHADI;1;17.3.1972;1;0
AYDAGUN;7;18.10.1977;0;7
FAKIBE;3;11.2.1960;0;3
ETAULLAH;2;12.6.1963;2;0
UZEYDULLAH;1;17.3.1960;1;0
ZILKUF;6;4.9.1982;6;0
ILTEKIN;15;10.4.1963;12;3
MEMETEMIN;62;19.7.1961;62;0
SIYAHAHMET;17;4.8.1961;17;0
VAHIME;4;2.9.1970;0;4
FEYROZ;16;2.9.1967;1;15
FIYYET;1;8.8.1975;0;1
REHEVZA;2;23.1.1961;0;2
IMRULLAH;2;9.7.1988;2;0
CELNAZ;1;6.1.1963;0;1
OSYA;1;14.6.1977;0;1
LELI;5;8.8.1959;0;5
SEREBAN;13;3.3.1967;0;13
SIMILIZAR;1;16.10.1956;0;1
BILEKSAH;3;14.10.1979;0;3
EYYOP;1;2.10.1944;1;0
HAMIDIN;5;24.1.1957;5;0
TEMI;17;3.9.1955;8;9
SENEMHAN;4;20.5.1987;0;4
KURKU;1;2.5.1951;1;0
MIRMEHMET;13;5.2.1969;13;0
GAZAIL;2;2.4.1984;1;1
KANTO;9;20.4.1941;0;9
MEYAR;1;7.2.1958;0;1
UMMUT;12;26.1.1978;11;1
MAFIRUZ;6;3.10.1961;0;6
DELIAHMET;2;12.5.1956;2;0
PILAN;2;2.11.1976;0;2
IDRISHAN;3;24.7.1963;3;0
VAHDDEDIN;1;21.9.1953;1;0
MUZEYRAN;1;7.5.1988;0;1
PILANDIK;1;27.2.1956;0;1
SEMRULLAH;3;16.10.1986;3;0
ZEYNURIYE;1;16.8.1975;0;1
MIYYESER;12;14.10.1972;0;12
MAHNAZ;14;4.2.1964;0;14
ILTIFA;3;27.11.1968;0;3
GULEAN;2;21.6.1979;0;2
MIRZEYDIN;131;27.11.1968;131;0
BOSTAN;772;13.5.1958;391;381
TAME;6;6.5.1968;2;4
SUREYRA;3;30.12.1974;0;3
MEGBULE;9;5.3.1965;0;9
SOLE;12;8.5.1962;0;12
DIYARHAN;10;7.5.1964;1;9
MIRZAMEMET;9;14.6.1956;9;0
MIRALAYI;1;4.6.1969;1;0
MEMMIHAN;1;8.6.1979;0;1
SEMAKI;3;28.6.1957;0;3
FELGIMELEK;1;27.5.1962;0;1
SAHYEDIN;6;5.4.1968;6;0
MESRUK;11;10.7.1977;11;0
FEVZIMELEK;5;28.7.1957;0;5
NISRI;3;11.10.1942;1;2
AYETTIN;11;3.4.1966;11;0
FIRKZADE;1;7.3.1937;1;0
MISRICIHAN;2;22.5.1967;0;2
MESRUKA;5;24.12.1953;0;5
CUSKON;2;28.7.1986;2;0
ASMER;5;8.5.1946;2;3
MAHAMMED;6;3.11.1987;6;0
FULFIYE;2;10.11.1961;0;2
ELFAZI;11;12.5.1973;0;11
SANGILMEZ;1;21.12.1974;0;1
ARSELE;1;22.2.1949;0;1
TIRKAN;2;1.1.1974;1;1
SAPHATTIN;1;26.5.1970;1;0
FAYNUR;6;14.10.1974;0;6
NURSERNA;1;17.2.1960;0;1
MUFRUDE;3;13.10.1966;0;3
ESVETHAN;1;13.3.1983;1;0
MELTEN;22;17.5.1976;0;22
GURGON;1;9.8.1972;1;0
CAIF;5;13.11.1964;5;0
FAKIZER;1;15.3.1956;0;1
MURFICE;1;3.6.1981;0;1
ZAZAN;6;24.1.1945;0;6
GOLDAR;2;2.8.1975;1;1
BEMAL;27;19.10.1968;21;6
TACIDE;194;17.1.1966;0;194
BERET;3;3.3.1980;1;2
RIHEVZA;7;9.3.1954;0;7
REZBER;1;2.2.1945;0;1
MIFRICAN;1;17.4.1984;0;1
ABUGEYLAN;1;8.8.1960;1;0
ZEKRI;10;6.3.1957;10;0
AKIDEN;1;1.1.1956;0;1
CUNUZ;1;21.12.1960;1;0
ABDULFARIS;1;7.2.1964;1;0
MULIYER;1;1.2.1967;0;1
FIYAKET;2;2.4.1976;0;2
SULEMEZ;2;23.3.1977;0;2
SENEMPERI;1;2.1.1963;0;1
GOKERCIN;7;17.12.1964;0;7
BENAZI;7;6.7.1991;0;7
FISFOR;1;27.8.1920;0;1
KUKEL;3;28.9.1966;3;0
SEREFATTIN;9;19.1.1971;9;0
KODRET;6;30.3.1948;0;6
BAZU;1;22.3.1973;1;0
FERHIT;1;11.8.1974;1;0
BAZIYE;11;1.6.1962;0;11
MISRICAN;5;20.3.1965;0;5
TARIHHAN;1;16.10.1975;1;0
GEVVE;2;23.8.1934;0;2
SONBULBUL;1;23.3.1955;0;1
KASLI;4;23.4.1962;1;3
HEYFAN;2;26.11.1984;0;2
GUKAN;7;14.7.1980;4;3
HANAY;3;26.9.1983;0;3
TACDDIN;4;2.5.1972;4;0
CAYIF;1;3.7.1969;1;0
METUBE;1;16.8.1969;0;1
HAZIMA;7;3.11.1971;0;7
TETERHAN;6;5.6.1972;6;0
KUTTAS;10;16.6.1968;10;0
HAMURE;2;14.10.1960;0;2
AZATHAN;8;15.8.1973;8;0
HEMRAN;5;24.11.1966;1;4
NADELI;4;28.9.1973;4;0
HAYILE;21;10.1.1966;0;21
CETER;9;2.3.1971;9;0
INKAR;8;3.4.1970;1;7
NENOS;5;21.8.1958;0;5
SORMU;1;11.2.1963;0;1
ERSELE;2;1.2.1970;0;2
NEMLIHAN;8;13.3.1970;0;8
EZAM;1;1.1.1958;1;0
ABDULUVAHAP;2;8.5.1974;2;0
MEHDIZANA;1;12.4.1988;1;0
MARISE;6;18.1.1954;0;6
BERHUZAR;3;29.5.1939;0;3
CESRA;5;17.4.1967;0;5
FEYIT;3;6.9.1979;3;0
CAFIR;1;16.8.1969;1;0
ABDULMETTIN;3;17.3.1980;3;0
DALILE;1;10.7.1963;0;1
GULSOR;3;15.1.1965;0;3
MUTBER;2;10.6.1950;0;2
SEDDAT;53;1.2.1978;53;0
MEKIA;6;3.5.1975;0;6
SERAFETIN;15;3.5.1966;15;0
ABUMUSLIM;12;19.4.1963;12;0
GULBEZ;11;3.2.1964;0;11
SILHEDDIN;1;17.2.1954;1;0
EPRUZE;5;13.5.1961;0;5
BEBICAN;1;22.2.1943;0;1
ZEMZENA;1;1.3.1948;0;1
ABDULSELLAM;16;10.2.1975;16;0
HOLKI;2;7.2.1970;2;0
ASKERHAN;14;9.1.1971;14;0
MUHTULAH;2;9.2.1964;2;0
ATDULMUTALIP;1;2.4.1975;1;0
DEMLIHAN;1;6.3.1974;0;1
GURGEZ;6;19.2.1961;1;5
NECABET;55;7.9.1969;0;55
KARKAS;57;17.11.1954;0;57
ROJMIN;1;12.1.1971;0;1
TANKADEM;1;27.2.1974;0;1
RUSAMETTIN;1;12.2.1977;1;0
DOYDUM;1;1.8.1981;0;1
SAHMELIK;3;24.11.1981;2;1
HICRETE;43;10.1.1970;0;43
SENTENE;14;27.7.1954;0;14
VAHIYESETTIN;1;23.3.1967;1;0
ISASETTIN;1;17.3.1966;1;0
BIRGULSUN;1;12.6.1990;0;1
PAMUT;1;12.6.1989;0;1
PIRUZADE;1;12.2.1977;0;1
HUSRUF;8;6.3.1963;8;0
BEHCAN;1;4.4.1981;1;0
LAYA;1;22.4.1975;0;1
IBRAHIMHALIL;62;16.4.1971;62;0
FEYLUKE;1;22.8.1961;0;1
HAKLIME;16;1.7.1970;0;16
ALAATTTIN;2;9.9.1969;2;0
HAM;4;19.7.1955;1;3
HUBRE;29;18.9.1956;0;29
SEYNAR;2;21.9.1971;0;2
ZILFINAS;1;12.8.1941;0;1
NESIKA;4;7.2.1976;0;4
RUSKATIYE;2;14.4.1957;0;2
TANZILET;1;20.4.1990;0;1
HASSI;278;13.5.1955;7;271
VEYIZ;30;19.6.1963;30;0
M.NECATI;14;22.7.1943;14;0
ZEYNALABEDIN;1;22.1.1979;1;0
SOYLENMEZ;1;17.2.1972;0;1
NAFIYETTIN;3;24.5.1969;3;0
GULDILBER;4;17.5.1961;0;4
HAVSAT;9;23.7.1958;0;9
HIMAIL;3;26.10.1965;0;3
GOLIK;1;18.6.1936;0;1
EMIRULFEYSEL;1;16.3.1968;1;0
CITIM;6;25.4.1975;0;6
FEYRUZSAN;1;17.3.1990;0;1
ELBINAZ;1;7.2.1970;0;1
EYUBET;1;17.2.1972;0;1
SANDIGUL;1;22.8.1961;0;1
SAHNISA;38;20.1.1952;0;38
KULLI;2;5.8.1954;1;1
FERYADDIN;1;7.8.1958;1;0
HONAZ;1;17.2.1978;0;1
AYNUC;2;18.4.1966;0;2
HAMITHAN;4;2.11.1981;4;0
GIZET;1;18.7.1965;1;0
NUSAN;12;12.7.1967;5;7
KASI;19;20.1.1960;1;18
VEHYETTIN;14;9.5.1949;14;0
TACIDIN;8;1.7.1956;8;0
BURHANETIN;5;14.10.1972;5;0
NIZVICIHAN;1;15.7.1971;0;1
HURUSMAN;1;27.3.1968;0;1
RAHISAN;1;7.2.1976;0;1
CABIT;5;23.8.1971;5;0
MUKINAZ;5;13.7.1962;0;5
UBEYTULAH;1;22.1.1967;1;0
DILNAZ;19;12.10.1972;0;19
CELALLETTIN;17;18.4.1965;17;0
AVCI;36;2.7.1968;36;0
UNRAN;1;2.2.1987;0;1
KAMELIYE;2;25.1.1973;0;2
GULSINE;59;1.8.1966;0;59
GORCI;11;25.11.1948;0;11
FULIYA;4;15.4.1972;0;4
ABDULKAFFUR;2;24.8.1964;2;0
NURANPERI;1;22.10.1973;0;1
DUKU;1;15.3.1991;1;0
ABDULKADAFI;1;10.3.1990;1;0
NUSRI;10;16.7.1972;8;2
SELHADDIN;43;23.2.1969;43;0
HAMZULLAH;6;9.9.1976;6;0
NOBAR;20;25.9.1946;11;9
FERYADIN;1;22.6.1979;1;0
PERIZEDE;1;29.9.1990;0;1
ANARAGUL;1;11.4.1973;0;1
SIMMAMPERI;1;12.2.1953;0;1
SABETIN;2;9.2.1966;2;0
NECEVET;1;22.2.1973;0;1
PASAHAN;26;1.7.1959;17;9
ESED;34;15.11.1963;34;0
SINEN;19;16.5.1975;4;15
ZAZIA;1;2.5.1951;0;1
GULLISTAN;65;24.1.1973;0;65
MIRAZO;1;22.4.1973;1;0
SEVIDIN;3;7.2.1941;3;0
MUHMET;7;26.5.1958;1;6
MENZILAT;1;17.2.1987;0;1
SUTNAZ;1;6.4.1984;0;1
ZAFIR;40;9.1.1962;37;3
MISRIME;3;9.10.1964;0;3
PITAN;1;22.9.1961;0;1
SEYITBATAL;10;23.6.1974;10;0
HURISINEM;3;22.10.1964;0;3
TILDA;26;26.1.1968;0;26
MIRMEMET;1;7.2.1976;1;0
YEDALLAH;1;11.3.1976;1;0
MURTEZI;1;17.11.1987;0;1
SEYFIL;11;21.10.1966;11;0
TEMIRHAN;30;28.10.1970;29;1
SAHVELAT;1;29.5.1972;1;0
LEYLAKASIM;1;27.7.1980;0;1
MUZELIFE;11;23.11.1970;0;11
CARHA;2;25.1.1937;2;0
ZEYNALABIDDIN;5;17.10.1977;5;0
FEYZURE;1;22.6.1961;0;1
ABDULSETAR;18;1.6.1976;18;0
FERIMELEK;2;4.11.1951;0;2
SEHRUZ;2;18.7.1967;0;2
TEMRIZ;3;23.10.1955;0;3
MAMAS;31;4.9.1958;10;21
ALBAKI;1;12.8.1971;1;0
GAILE;44;25.7.1962;0;44
MUSI;5;7.1.1954;2;3
MINOS;15;4.3.1962;0;15
SADDAT;2;23.1.1975;1;1
TECIDDIN;2;10.2.1960;2;0
EMER;48;1.9.1960;28;20
BESIK;4;22.5.1944;0;4
TASIHAN;8;21.7.1962;0;8
ZEYDE;55;2.11.1961;1;54
SAHYETIN;2;12.2.1959;2;0
MEHMETNECIP;3;30.6.1970;3;0
SAHBETIN;3;3.7.1969;3;0
VAHYETIN;5;20.4.1964;5;0
KUTBETIN;10;2.12.1967;10;0
IZETIN;15;22.3.1965;15;0
TACATIN;1;27.11.1963;1;0
SAHINSER;2;24.7.1963;0;2
NURULA;5;12.3.1965;3;2
KKNH;1;12.2.1971;1;0
HASHAS;7;26.5.1957;0;7
MELEKSIMAN;7;18.1.1977;0;7
MEFYETTIN;1;10.2.1982;1;0
HEFZI;5;4.1.1944;0;5
MENIHAT;1;16.11.1982;0;1
MUHTEBAR;6;21.6.1975;0;6
RECIHA;8;3.7.1954;0;8
KASAM;1;7.2.1976;0;1
ZEYNELABIDDIN;37;14.1.1970;37;0
RAHMANTULLAH;3;7.12.1980;3;0
HIBI;1;12.8.1923;0;1
ZUHRUYA;2;28.3.1959;0;2
DARIA;4;30.10.1973;0;4
CECICE;1;2.2.1975;0;1
NAVUSTAN;1;17.2.1948;0;1
NEVSICIHAN;2;9.2.1965;0;2
GILTAN;1;3.4.1963;0;1
CAHYETTIN;1;8.8.1957;1;0
SALTEN;1;7.2.1982;0;1
KARAGAS;1;17.2.1966;0;1
SIYABEN;5;9.6.1959;5;0
KEMERUH;6;1.2.1955;0;6
FERZANDER;6;2.8.1968;6;0
MALIHE;13;20.9.1963;0;13
MEMIRHAN;2;4.11.1949;0;2
FEFLIKAT;1;22.2.1961;0;1
GULAVTUN;3;8.4.1961;0;3
PENBUK;4;11.7.1957;0;4
HUFZILLAH;1;13.3.1965;1;0
ZURFIKAR;1;11.12.1987;1;0
VEHBETTIN;5;3.1.1974;5;0
YOKSUN;2;17.3.1986;1;1
ESASEDIN;2;25.1.1978;2;0
FILO;11;28.5.1944;4;7
BASE;38;21.2.1954;0;38
MUSLUMAN;2;22.9.1957;0;2
GULCEYLAN;19;2.11.1969;0;19
ABDULMULUK;1;17.2.1966;1;0
ATLAZ;11;7.6.1953;0;11
PABUK;3;21.7.1961;0;3
KARABALIK;77;10.5.1958;77;0
MAHDULE;1;22.2.1967;0;1
ISMEULLAH;1;21.9.1966;1;0
ESAS;4;19.5.1955;3;1
EBUZIYA;9;9.5.1960;9;0
BAYRO;9;6.1.1955;9;0
TEKILE;1;8.5.1960;0;1
MEHCENIN;1;19.4.1962;0;1
GULYACI;1;17.8.1961;1;0
ARIKA;2;16.4.1958;0;2
SUCA;90;6.3.1961;88;2
SIYANBEND;1;27.8.1962;1;0
MEHMETSENA;24;26.4.1978;24;0
FERAHDILA;1;22.2.1967;0;1
FEYFURIYE;5;28.2.1963;0;5
SEHIRISTAN;2;3.2.1973;0;2
ZUHRIYA;3;21.1.1962;0;3
MULFIDE;13;3.12.1965;0;13
HEDLEM;1;2.8.1939;0;1
SIHEYETTIN;1;9.4.1931;1;0
SEMRIKAN;1;12.2.1983;0;1
ELFEKAN;1;12.11.1977;1;0
GULHORI;1;7.8.1963;0;1
AKLIMET;2;1.11.1969;0;2
MAHPUS;50;4.9.1977;50;0
AMNE;17;26.3.1955;0;17
ESPHAN;1;27.8.1932;0;1
TEMUZ;4;6.1.1971;2;2
KIDEM;12;6.6.1982;8;4
SIMANGUL;1;2.3.1963;0;1
KIBARYE;7;25.3.1978;0;7
MASOOMEH;1;22.10.1975;0;1
RUBAB;13;7.7.1961;0;13
CANATAY;6;27.2.1976;5;1
NAIB;11;5.7.1959;11;0
GOCMEZ;1;24.9.1982;1;0
NAIYIME;2;22.8.1964;0;2
MUYEZEM;3;27.7.1968;0;3
BAGDAKUL;1;9.4.1988;0;1
GOLLU;21;27.12.1954;2;19
OZGURCEM;2;28.12.1988;2;0
ESMAIL;4;30.11.1972;0;4
INTIFA;17;9.3.1966;0;17
GAYILE;11;10.9.1965;0;11
SULAHETTIN;2;2.7.1954;2;0
IHBAR;8;1.9.1967;0;8
SOYLEMES;2;7.5.1972;0;2
HELIZ;13;30.7.1986;0;13
ASUDER;4;9.9.1973;2;2
FEHIHE;1;27.10.1968;0;1
ALAHVERDI;8;24.5.1966;8;0
OFKES;1;30.10.1991;1;0
EFESIYAR;1;6.6.1974;1;0
BECICE;18;30.5.1968;0;18
RAHAVZA;2;1.8.1959;0;2
MISGAL;7;11.1.1954;0;7
AYBICER;2;14.5.1989;0;2
SEYITVAN;3;28.2.1970;3;0
HEVZIYE;2;17.10.1972;0;2
SAYIGAL;1;22.2.1961;0;1
FAFURU;1;27.9.1970;0;1
MACAN;8;16.9.1963;0;8
MIYYASER;1;6.1.1987;0;1
MEJBULE;3;29.10.1971;0;3
TEBRIZI;3;11.9.1980;3;0
HANSEADET;1;12.2.1959;0;1
GARIPNAR;1;12.3.1965;0;1
NURLAH;3;8.9.1973;3;0
SEHISTE;1;21.12.1957;0;1
SUYLE;4;18.5.1970;0;4
EYLAS;6;1.1.1972;6;0
ABDURKADIR;34;30.9.1957;34;0
FIKRIYAZ;1;30.8.1974;0;1
LULFI;1;16.6.1988;1;0
ALIERCAN;6;8.8.1975;6;0
NEMZIYA;1;27.2.1968;0;1
MUTAIT;4;22.8.1974;4;0
FATIKA;7;12.7.1965;0;7
FELEKCAN;3;8.12.1958;0;3
HARETE;1;16.3.1943;0;1
SEMAMA;9;11.3.1957;0;9
VAHYEDIN;13;21.9.1966;13;0
ABDULHADU;1;30.1.1965;1;0
MUTEYIT;2;7.5.1970;2;0
HANTEYMUR;6;15.7.1960;6;0
SAYFER;10;11.11.1972;1;9
ABDULVEHEP;2;17.11.1948;2;0
NASRET;16;29.4.1958;10;6
HEFTGUL;1;17.8.1924;0;1
MAFUZ;21;14.4.1974;21;0
SULHATIN;9;27.6.1965;9;0
SALZAN;1;12.2.1959;0;1
BAHIRIYE;3;5.2.1962;0;3
HIRMI;2;15.1.1965;1;1
VEHYATTIN;1;21.2.1974;1;0
FEVRUKA;1;7.6.1980;0;1
HEVZO;1;27.8.1938;0;1
EBOMUSLIM;1;17.3.1954;1;0
MEHEMET;128;17.7.1946;128;0
TAYIPE;1;22.3.1973;0;1
GOREL;6;12.1.1968;3;3
FEHLIKA;1;17.2.1966;0;1
FERFIRI;2;9.3.1960;0;2
FESIFI;1;24.4.1973;1;0
FEYFURA;3;26.12.1963;0;3
GONPERI;1;6.3.1946;0;1
ESASEDDIN;8;25.5.1971;8;0
MUTTEBER;10;3.8.1964;0;10
FEYIDE;4;25.1.1964;0;4
TOSI;1;12.6.1947;0;1
SELVIHA;3;14.3.1974;0;3
HAMBUK;1;2.1.1939;0;1
ALLAADDIN;6;1.5.1973;6;0
ZULMET;4;13.8.1957;2;2
SULHATDIN;1;1.7.1985;1;0
FERKET;1;22.2.1967;0;1
KUMRUT;2;16.5.1965;0;2
TASIYE;8;14.9.1958;0;8
MEMISAN;1;8.5.1980;0;1
RAHMETTULLAH;19;5.3.1978;19;0
HAKIBE;34;1.1.1968;0;34
EMERHAN;2;19.1.1978;2;0
NEFSI;8;2.3.1957;0;8
SEYRANGUL;6;20.12.1967;1;5
GULSONI;1;2.2.1951;0;1
ARUV;1;22.12.1947;1;0
ZONEL;1;22.2.1961;0;1
DILANER;1;27.7.1964;1;0
MUFREDDIN;2;16.6.1971;2;0
GULALTIN;14;8.11.1966;1;13
GULAMIR;72;29.1.1964;71;1
AMADIN;17;7.1.1969;17;0
SEVKIYET;12;3.9.1967;1;11
HIZINET;1;24.4.1964;0;1
GULBET;9;19.5.1966;1;8
BENEFS;85;25.6.1956;0;85
GECICE;3;29.3.1966;0;3
SERFILE;2;20.3.1968;0;2
HARUK;3;13.12.1971;3;0
NEDER;5;8.3.1976;5;0
MARAKIYE;3;19.9.1958;0;3
FERHICAN;3;18.9.1937;0;3
ANADIN;3;16.5.1957;1;2
FIRGUT;1;19.8.1966;0;1
ZEYNAB;15;23.7.1967;0;15
ELFASI;3;12.2.1963;2;1
HUTBETTIN;31;6.7.1969;31;0
MUTHAT;11;3.1.1958;11;0
GURBIZ;3;8.5.1974;3;0
MUHENDIZ;5;27.5.1978;5;0
NASIRHAN;3;22.9.1981;3;0
REFYA;8;24.2.1961;0;8
SEMSOR;1;27.2.1956;0;1
TIYANIS;2;29.11.1972;2;0
TUNCELLI;1;11.9.1946;0;1
LEYFER;3;29.9.1978;1;2
BEHYIYE;3;3.11.1976;0;3
TALO;8;8.2.1943;8;0
LAHMI;1;1.6.1977;1;0
LIMONATA;1;25.5.1973;0;1
NECEBE;2;27.5.1947;0;2
ZIDYE;1;2.5.1975;0;1
MAPUS;2;27.2.1974;2;0
FELIHA;22;18.8.1961;0;22
SOHYETTIN;5;14.4.1966;5;0
ESFENDIYAR;63;2.2.1957;62;1
DIFEROZ;1;7.2.1970;0;1
SAHZIMAN;11;23.6.1949;3;8
MEMIHA;8;19.9.1967;0;8
MAHZUT;3;27.12.1965;3;0
ANTIBAL;1;12.2.1965;0;1
SUMHEZAR;1;7.7.1964;0;1
ZAMANE;4;12.2.1956;0;4
TASHAT;1;15.7.1979;0;1
CELALEDIN;24;26.12.1962;24;0
MASIYE;10;25.7.1956;0;10
GOLTEKIN;2;12.12.1948;1;1
VEHILE;6;9.2.1968;0;6
HANMAHMUT;3;12.6.1960;3;0
RUHMETULLAH;2;27.4.1974;2;0
MUSLUFERT;1;12.7.1958;0;1
BARBURUS;1;7.5.1985;1;0
DEVATI;3;8.10.1972;3;0
FAZIME;44;12.8.1962;0;44
BEDILA;2;5.2.1958;0;2
ISRAK;6;20.10.1977;4;2
SABUN;5;30.2.1982;2;3
MUNIK;5;22.5.1961;4;1
MELIKZADE;4;28.5.1967;4;0
HIZRETE;1;2.3.1948;0;1
FEVLUKA;3;28.7.1976;0;3
SAHYESTE;2;25.5.1958;0;2
SUREYHIDE;1;17.3.1966;0;1
GULHINAR;2;4.8.1975;0;2
FILIDE;1;23.6.1965;0;1
YADULLAH;79;16.8.1959;79;0
ZENAR;3;12.2.1977;2;1
FEVHI;1;7.2.1976;1;0
NECETTI;1;19.7.1989;1;0
SAHASTA;3;22.2.1955;0;3
FILICE;5;24.1.1956;0;5
FEYRUZI;2;22.9.1974;2;0
NEZMIHAN;1;26.8.1964;0;1
APTULCEBBAR;3;26.2.1947;3;0
TIRHANI;1;24.4.1973;1;0
HURRUYET;96;19.9.1968;13;83
MULAIM;33;19.12.1966;33;0
HINNAR;30;30.9.1961;0;30
FIRIK;9;23.8.1954;6;3
GEVO;8;8.12.1950;0;8
FAHRIDIBA;1;10.4.1972;0;1
SEYFETTULLAH;5;30.4.1979;5;0
MINIK;6;25.5.1963;2;4
SAHINES;2;18.11.1968;0;2
ELFEDIN;5;25.2.1967;5;0
ERDELEN;2;8.8.1980;2;0
FIRO;3;5.12.1943;2;1
REFIET;1;22.2.1973;0;1
NAZPERI;5;30.10.1971;0;5
VASIYLE;4;17.6.1953;0;4
BANYA;8;6.11.1952;0;8
SUFIDE;6;15.9.1955;0;6
PIROZA;5;27.7.1971;0;5
NARDIZ;1;12.2.1965;0;1
YADO;13;21.10.1954;12;1
YESREF;1;2.2.1963;1;0
ABDULMEMET;5;28.10.1971;5;0
FEYYIM;1;17.6.1986;1;0
KETAN;14;10.10.1951;0;14
FAFLIKA;1;2.2.1963;0;1
HAMADIN;6;1.6.1967;6;0
HUNISI;2;11.4.1966;2;0
TASIME;9;30.10.1967;0;9
ALFAZI;1;26.6.1976;0;1
KOMSER;4;8.11.1965;4;0
HAYAHAT;1;2.2.1969;0;1
FUNDIKA;1;23.4.1937;0;1
EFRAYIN;7;19.12.1958;7;0
FUNDU;2;27.2.1947;0;2
KATIB;6;14.12.1966;6;0
MEREL;14;23.8.1967;0;14
PIREZO;1;24.9.1973;0;1
TERO;5;25.5.1934;4;1
DAGCICEK;1;17.2.1966;0;1
MUFI;3;5.9.1969;3;0
SERIFI;6;2.7.1941;1;5
KATINE;2;17.2.1978;0;2
GULCENEK;2;2.7.1972;0;2
NEMOS;8;22.12.1966;0;8
SAHINIR;1;22.6.1973;0;1
SELEM;55;6.7.1979;8;47
GULCEREZ;2;5.3.1980;0;2
TAHRANI;1;23.7.1961;1;0
SORA;6;27.1.1944;1;5
FEVLUKAT;1;12.2.1965;0;1
FALFIMA;1;14.8.1964;0;1
MAFUR;1;17.8.1966;1;0
OVEC;1;7.8.1934;0;1
AYAT;18;25.11.1965;9;9
SULIHAN;8;28.4.1963;0;8
FAFRIKA;1;1.11.1965;0;1
FEVLIKA;1;17.6.1976;0;1
TINYET;1;6.4.1973;0;1
SULHIYA;4;27.7.1966;0;4
CEZVI;3;22.11.1959;3;0
MECRUME;7;21.3.1976;0;7
NAYLON;1;13.6.1965;0;1
IKBAN;1;21.11.1981;0;1
ZULFINAS;11;12.12.1953;0;11
GULISUR;1;17.2.1966;0;1
KYMET;1;11.11.1990;0;1
SIMAM;4;12.11.1960;0;4
HOSROV;4;23.7.1955;4;0
ABDOLGANI;1;21.6.1973;1;0
TEMRUZ;4;9.6.1946;1;3
MISAIT;1;3.6.1973;1;0
IZEDIN;25;9.7.1962;25;0
KOLOS;1;11.4.1937;1;0
MISHI;1;15.8.1966;0;1
SANEMGUL;1;9.9.1991;0;1
TOSON;3;14.5.1958;0;3
ORINAZ;1;23.3.1967;0;1
Z;2;23.6.1961;1;1
BALYOS;2;26.11.1960;2;0
CEVRAT;2;7.3.1982;1;1
SUYLENMEZ;2;15.12.1971;0;2
MULUK;43;7.1.1969;38;5
BIZKIYET;1;14.12.1965;0;1
FEHLUKA;1;16.11.1976;0;1
HALEME;3;15.9.1977;0;3
GULTERI;21;27.11.1955;0;21
HANCAR;3;2.4.1950;1;2
EMIRARSLAN;5;1.2.1961;5;0
MIRZETTIN;8;9.6.1963;8;0
SEVKIAT;1;12.2.1965;0;1
YERVAN;3;15.2.1965;2;1
ATANGUL;1;12.3.1989;0;1
MAHBEREY;1;7.2.1976;0;1
BILGILI;9;25.5.1966;6;3
ZUGEYRA;18;17.3.1960;0;18
ZINED;1;5.5.1973;0;1
FERADIBA;1;22.7.1979;0;1
SEVZI;4;1.10.1950;0;4
NACIBA;1;24.5.1973;0;1
FAVZETTIN;1;21.12.1982;1;0
SANDAN;18;12.2.1974;5;13
SAMAAT;9;13.7.1956;0;9
GARIPZADE;1;27.5.1980;1;0
TOHOS;1;12.2.1959;0;1
ZEGO;1;12.3.1965;0;1
ALLAETTIN;3;13.3.1954;3;0
CEVZI;4;26.4.1955;2;2
NAZYA;2;24.1.1964;0;2
REEFIYA;1;17.8.1980;0;1
BIBICAN;5;25.5.1948;0;5
RAYGUL;7;22.10.1964;0;7
SIBHET;1;12.2.1965;0;1
BAHAZ;1;8.11.1990;0;1
YADIL;1;26.5.1990;1;0
TEKYETTIN;9;3.6.1966;9;0
NEDEM;2;12.10.1962;1;1
FEHRIDIBA;1;15.4.1964;0;1
GULBEDEL;2;14.1.1989;0;2
BEYLIGU;1;11.6.1953;1;0
DERDINAZ;107;13.5.1972;0;107
VADILE;4;27.2.1969;0;4
ETYIMEZ;3;19.8.1967;0;3
SURIHYA;2;25.9.1967;0;2
SEHEVZA;1;23.4.1972;0;1
GAZETE;2;7.8.1963;0;2
MUSEN;6;24.1.1967;0;6
AYFERGUL;5;25.2.1971;0;5
SALTANET;5;9.7.1965;0;5
INDAT;8;8.9.1981;7;1
TASIYA;2;14.1.1957;0;2
GULBAH;4;29.11.1963;0;4
RIKYETE;6;27.8.1970;0;6
ARABIZENGI;3;20.11.1959;0;3
ISMUNAZ;1;26.4.1973;0;1
HADIRA;6;7.7.1959;0;6
GAZIMET;2;13.1.1978;0;2
BAGIR;18;16.3.1948;18;0
SAINIYE;1;7.2.1976;0;1
MIRSEYAF;2;14.1.1943;2;0
MARUFET;6;12.2.1975;0;6
HUKUMET;23;30.5.1966;13;10
NECIBAT;3;7.3.1966;0;3
FEGLUKA;1;1.6.1962;0;1
MEMIDE;7;13.3.1961;0;7
NARENCE;1;22.2.1973;0;1
NORYE;1;4.6.1963;0;1
BERGUL;28;12.8.1973;0;28
HURUZADE;3;21.2.1973;0;3
HIRHAL;1;7.2.1946;0;1
PERIGAN;4;26.11.1965;0;4
TONHEZAR;2;4.8.1969;0;2
MUNNAVER;3;4.7.1983;0;3
CEVAHIRAT;1;27.6.1950;0;1
SEYAHET;6;13.6.1963;0;6
HARIDUN;1;23.8.1963;1;0
SEREFAT;6;23.1.1971;6;0
GULHINDAN;2;29.3.1970;0;2
TOSUYA;1;22.2.1955;0;1
TEMENLI;2;27.6.1978;0;2
FELEKAZ;1;4.6.1980;0;1
KIYNAS;1;6.11.1983;1;0
MISRAFEDDIN;1;4.5.1951;1;0
FINAZ;8;8.9.1965;0;8
TUKI;1;15.10.1949;0;1
PENBUG;1;22.2.1961;0;1
DILECAN;2;3.11.1985;0;2
SUNAT;3;17.1.1969;3;0
DEREM;45;7.3.1979;1;44
PENBIG;2;24.8.1965;0;2
MELIKENAZ;2;6.4.1990;0;2
FADIDE;3;19.11.1956;0;3
MUFREDIN;1;29.4.1966;1;0
ALTINI;1;4.9.1969;0;1
FEVRUSE;8;13.7.1972;0;8
MANISE;34;6.5.1979;0;34
HAYDAGUL;1;6.11.1984;0;1
KOMRAN;1;27.12.1974;1;0
GAYIBE;9;12.10.1961;0;9
TURKENC;1;7.4.1970;1;0
ESMICAN;1;11.6.1991;0;1
NAKSO;3;5.4.1965;2;1
HUDEYDAY;1;17.2.1972;1;0
BUBIL;2;27.2.1956;2;0
SULHEDIN;6;12.10.1951;6;0
AFYON;13;2.12.1964;0;13
BELENDER;1;22.4.1973;1;0
GULGER;14;24.8.1968;0;14
BAKKIL;1;27.2.1956;1;0
NURHALIYE;3;17.2.1977;0;3
ETIME;3;11.6.1965;0;3
MUTTELIM;1;24.4.1972;1;0
FERASETTIN;4;14.7.1970;4;0
SACAN;49;15.5.1977;1;48
NANIME;1;2.4.1975;0;1
FERAHDUBA;2;9.5.1966;0;2
CEVO;4;18.1.1944;1;3
KEZIMA;2;9.12.1966;0;2
MASTU;1;17.2.1978;1;0
TIPKI;1;12.8.1929;0;1
KAMERIYE;83;15.2.1955;0;83
BABUL;1;27.2.1974;1;0
MELIMA;4;20.1.1973;0;4
SAHABETDIN;9;21.4.1965;9;0
MEFIHA;1;2.7.1974;0;1
CINO;9;5.9.1944;3;6
ADISIRIN;1;7.5.1958;1;0
ZINYET;79;24.3.1959;0;79
ABDAREZZAK;1;1.5.1984;1;0
VESTAN;4;23.4.1972;1;3
BITIRIM;13;17.1.1970;10;3
MILNAZ;1;6.3.1977;0;1
MAVISEKER;50;2.9.1960;0;50
HAKIMYE;2;15.3.1970;0;2
KALABALIK;4;28.4.1956;4;0
MAHAREM;6;10.6.1970;6;0
ABDULMULTALIP;3;26.2.1977;3;0
FIRDEV;2;10.3.1967;0;2
SAHBATTI;1;16.4.1974;1;0
HULKIYET;3;27.2.1962;0;3
ZERNAZ;4;27.8.1970;0;4
FEZHI;1;27.4.1974;1;0
CIHANBANI;12;6.2.1962;0;12
MENICEN;1;22.2.1967;0;1
CUMHIRIYET;1;2.2.1969;0;1
ZIMI;1;12.3.1941;0;1
NESIET;1;22.3.1974;0;1
GULHIDRA;1;26.1.1952;0;1
MIREMEHMET;1;6.4.1973;1;0
NAFIK;17;24.10.1960;9;8
MECEBAT;1;15.4.1973;0;1
BINIS;1;27.6.1974;0;1
NATHAN;1;26.8.1945;0;1
GULBAT;5;10.9.1968;2;3
SEVINNUR;2;16.6.1978;0;2
BIRVAN;10;3.10.1975;1;9
KUBETTIN;6;23.6.1973;6;0
AZRET;1;17.1.1946;0;1
HANEFER;5;4.6.1969;5;0
KEMALEDIN;2;12.2.1967;2;0
SACICE;2;14.12.1979;0;2
NAZDAL;2;30.6.1938;0;2
NEMIHAT;4;18.9.1970;0;4
SECIRYA;1;2.4.1975;0;1
MELIHHAN;3;2.9.1972;2;1
MIRSIDE;7;23.1.1965;0;7
NISMIYA;6;13.4.1965;0;6
BINYAN;1;12.2.1959;1;0
ZIBIYDE;5;30.4.1957;0;5
GULETIN;2;19.4.1978;2;0
FERYETTIN;4;25.3.1962;4;0
KURBEDDIN;1;9.4.1973;1;0
HECICE;8;13.2.1964;0;8
NEBATE;4;8.1.1952;0;4
SAMAME;9;12.11.1948;0;9
ZAKKARIYE;1;13.4.1946;1;0
MEHMETRESAT;17;1.8.1974;17;0
KIZNENOS;1;1.2.1947;0;1
ERTUGIRUL;1;6.4.1992;1;0
OBEYDULLAH;18;19.11.1965;18;0
DIRBAZHAN;1;26.12.1989;1;0
MIRSEYDIN;13;1.3.1958;13;0
DEGILE;6;11.4.1972;0;6
HAMEFER;1;22.2.1961;1;0
HUSROV;3;24.6.1956;3;0
RESIMA;5;11.10.1976;0;5
FEYLAZ;1;22.2.1967;0;1
ARISTE;3;1.3.1961;0;3
CEVNAZ;2;12.2.1956;0;2
ACIDE;7;15.7.1962;0;7
EMPIRME;1;12.3.1959;0;1
PAMBUG;4;14.11.1970;0;4
BAHAYETTIN;5;21.3.1970;5;0
MAYISA;10;11.7.1964;0;10
GUNLU;5;29.9.1967;0;5
CIL;7;19.1.1979;7;0
KAMILECAN;1;12.2.1959;0;1
EKIDE;2;27.4.1952;0;2
KUBELSIN;1;7.2.1970;1;0
SEHRIYEZADE;1;1.5.1964;0;1
HORAMAN;1;14.2.1923;0;1
ABDULEHED;4;18.1.1976;4;0
MUBECER;8;7.9.1958;0;8
NAZANIN;10;11.4.1960;0;10
HULKIYAT;1;9.4.1973;0;1
LIVA;26;5.6.1969;15;11
TULCEZ;1;17.2.1972;0;1
KEMARETTIN;2;7.7.1966;2;0
ULKAYIT;1;16.11.1967;0;1
FEVRUZA;1;30.11.1984;0;1
APTULAZIZ;12;19.12.1950;12;0
TENTENE;3;6.8.1949;0;3
ZUMEYRI;1;12.8.1941;0;1
VELIAT;1;17.2.1972;1;0
NAZALIN;3;15.3.1949;0;3
FAHILE;1;27.2.1968;0;1
LETIFSAH;19;29.12.1962;19;0
EYLEMI;1;17.4.1972;1;0
MUHTASIN;4;6.9.1977;4;0
RAHYETTIN;1;12.6.1971;1;0
NECABAT;1;17.2.1966;0;1
SAHNEGUL;3;14.12.1966;0;3
GULEMSAL;6;11.10.1957;0;6
HUCRETTIN;1;1.4.1952;1;0
FAKRULKA;1;10.1.1940;0;1
GULBARAN;40;24.7.1980;0;40
MOHIBBET;2;29.7.1942;0;2
NEVREDDIN;11;27.4.1958;11;0
KANE;2;20.5.1970;0;2
EMIRER;1;1.2.1974;1;0
FARICE;32;26.6.1968;0;32
SERFRAZ;1;1.6.1970;0;1
SARINBAN;1;16.5.1981;0;1
BEHCETE;3;7.5.1950;0;3
YEMLI;9;23.11.1967;8;1
NEZETTE;1;17.12.1972;0;1
FEHMIN;5;24.1.1971;4;1
HALYAZ;18;18.12.1966;0;18
VESVETTIN;1;26.9.1975;1;0
NAFA;13;5.7.1956;0;13
RUNA;11;4.2.1959;1;10
SIMERZE;2;17.8.1946;0;2
EBRUZ;4;20.4.1947;0;4
MOHMAN;1;26.7.1961;1;0
NULGIL;1;22.8.1991;0;1
GOLDENIZ;1;2.2.1963;0;1
FAKITET;1;20.5.1980;0;1
GAILETE;1;12.2.1971;0;1
AKDAN;8;21.8.1963;8;0
ARMUS;26;2.2.1971;0;26
GUYERCIN;3;22.9.1965;0;3
M.FUDEYIL;2;25.11.1967;2;0
YENIYURT;17;15.4.1969;9;8
ERAFAT;2;10.5.1967;2;0
KUTLUKHAN;8;17.2.1971;8;0
NULUFFER;2;13.1.1972;0;2
KAVILE;1;17.2.1954;0;1
TELIZER;4;24.1.1960;0;4
ISMICIHAN;4;15.8.1957;0;4
AHYE;1;6.6.1950;0;1
HEZILE;4;25.7.1951;0;4
AZEPSIHIR;1;1.5.1970;1;0
MUSKAL;8;7.11.1963;0;8
SUMERZA;1;28.8.1960;0;1
AKDILEK;4;20.10.1969;0;4
AHUMERAL;1;23.9.1983;0;1
YEKNURE;2;11.7.1968;0;2
ZENURA;22;19.4.1968;0;22
SEHENAZ;1;25.9.1971;0;1
EPRUZ;114;7.11.1954;0;114
SAMEDIN;22;6.8.1960;22;0
A.MECIT;6;19.12.1955;6;0
SERRIBAN;3;29.7.1963;0;3
SULAV;2;14.8.1949;1;1
MEYSER;116;25.1.1961;6;110
HATICETE;1;17.6.1990;0;1
AISETE;11;9.1.1971;0;11
MUHIRNAZ;2;9.11.1986;0;2
ETIKULLAH;3;14.2.1967;3;0
NUHBUHAR;1;14.7.1980;0;1
SINIZAR;6;16.11.1942;0;6
AKIZET;6;8.8.1971;0;6
TATICE;1;11.3.1966;0;1
TELGEZ;1;11.2.1961;0;1
SOHRAP;11;2.6.1969;11;0
MERZEYDIN;2;19.10.1971;2;0
KUKER;1;10.5.1946;0;1
HUSAMETIN;10;8.10.1963;10;0
RUJDIYE;38;19.6.1963;0;38
GOLAN;5;18.5.1971;0;5
BIRHIYE;1;2.10.1981;0;1
HIVDA;84;4.8.1987;0;84
TURUNCU;6;6.1.1968;1;5
NIYMETULLAH;16;5.11.1976;16;0
KOFI;21;2.8.1961;0;21
NAZLICEMAL;2;9.12.1978;0;2
HENIF;6;2.1.1949;0;6
FILTAN;4;1.12.1963;0;4
GADO;1;2.8.1945;1;0
CERGIZ;18;2.8.1979;18;0
YUZGOL;1;16.12.1986;0;1
MAHADI;1;9.5.1970;1;0
MEYTUBE;1;2.2.1975;0;1
GORAY;33;1.9.1975;28;5
HEMSU;1;19.2.1941;0;1
MIHARI;1;9.12.1970;0;1
NECIBAN;6;27.11.1963;0;6
SAILA;9;24.4.1972;0;9
FIDEM;22;10.2.1979;0;22
HEMZA;3;19.7.1955;3;0
SIMTENAY;1;22.11.1979;0;1
MUSTAFE;1;27.6.1974;1;0
SIMZER;71;25.9.1954;0;71
EDISABAH;1;18.3.1972;0;1
BESILA;11;28.8.1955;0;11
KAMALIYE;10;18.6.1967;0;10
MUHAMMETSIDDIK;1;12.2.1971;1;0
NENICAN;1;11.9.1981;0;1
ZERENGIZ;1;22.8.1925;0;1
SUNI;37;18.6.1956;8;29
URAYET;1;8.4.1970;0;1
TERVAN;1;4.3.1942;0;1
SONAER;4;24.3.1966;2;2
MUFTULLAH;5;23.8.1971;5;0
EMMARE;2;28.11.1952;1;1
METHUSSEMA;1;29.5.1966;0;1
SUMEYNA;1;16.12.1981;0;1
UMMIYETE;1;20.10.1990;0;1
MUSAALP;1;29.9.1987;1;0
TEKELIM;1;18.1.1987;0;1
ADILESAH;1;16.3.1972;0;1
KEMER;25;16.5.1962;1;24
BAZIRE;3;30.8.1951;0;3
FERAHTIBA;1;22.4.1973;0;1
HAYREDIN;23;8.7.1963;23;0
FAZLUTTIN;1;26.3.1941;1;0
MIZEYEN;4;12.10.1956;0;4
MEMISAT;1;17.2.1936;1;0
TOLI;37;10.10.1959;0;37
MIYYESSER;3;21.1.1967;0;3
KESVER;6;25.9.1964;0;6
AKHISAN;1;4.4.1963;0;1
FERKO;1;20.11.1939;1;0
HEDIKE;39;9.3.1960;0;39
ULKEVAN;1;22.4.1969;1;0
MEHMETSAFI;4;26.1.1965;4;0
MUCIRA;2;23.4.1957;0;2
TURAB;23;24.6.1979;21;2
SITAI;3;12.8.1954;3;0
ERCUMED;2;18.10.1971;2;0
UNUS;6;11.3.1972;4;2
FEHRENDIYAR;1;6.7.1943;1;0
ZEHAL;5;3.12.1968;0;5
ESRASULTAN;1;23.12.1976;0;1
AGABEYI;7;30.5.1955;3;4
MISFICIHAN;1;13.4.1976;0;1
YURTTA;4;3.5.1953;0;4
OGUZHAKAN;1;10.2.1986;1;0
IMANFIGEN;1;1.1.1982;0;1
DENKHAD;1;15.7.1979;1;0
NECEBAT;2;18.7.1965;0;2
HUSRAY;5;23.10.1969;2;3
MUCIB;16;29.4.1978;16;0
FATIMETUZEHRA;8;9.1.1970;0;8
FAHR;1;29.7.1982;0;1
HARZEMSAH;2;3.5.1970;2;0
GULZERIN;90;11.5.1971;0;90
JEREN;1;6.3.1969;0;1
NUREYYEN;1;17.3.1960;0;1
MARISEL;1;17.2.1990;0;1
FERICA;22;27.1.1956;0;22
RAZIYAN;3;13.6.1311;1;2
ATIKULLAH;2;22.4.1985;2;0
HUKU;3;10.2.1946;1;2
RUZYE;1;21.5.1936;0;1
AKSA;31;1.2.1970;4;27
TULGEN;16;17.5.1972;0;16
ERIOLA;2;5.9.1979;0;2
EMMIHAN;7;23.8.1966;0;7
MECBIRE;3;24.2.1957;0;3
HURUYRA;1;14.5.1967;0;1
ZEREVSAN;2;8.6.1976;0;2
ABDULHAKAN;10;3.1.1978;10;0
KELIMETULLAH;1;27.10.1980;1;0
HAYRULAH;7;14.3.1975;7;0
ZEMMINE;3;14.1.1964;0;3
SUBET;36;13.11.1974;32;4
MUSSERREF;5;9.6.1976;0;5
BERVA;1;22.10.1991;0;1
KELIMULLAH;2;10.5.1979;2;0
ARAZ;15;9.8.1966;10;5
RUMEYZA;32;16.4.1973;0;32
REVZET;36;27.11.1966;0;36
RIKNEDDIN;1;23.2.1987;1;0
SEVNC;1;24.5.1991;0;1
VANDA;8;18.8.1968;0;8
MEHTABE;9;17.9.1953;0;9
REGIHAN;1;7.2.1958;0;1
FARACETTIN;1;1.1.1;1;0
PEROZA;1;12.8.1935;0;1
TAZAGUL;8;3.6.1966;0;8
RUFKAT;1;27.9.1956;0;1
ERIZAN;3;16.2.1976;0;3
FERASEDDIN;1;6.5.1974;1;0
SUTLU;5;7.4.1942;0;5
VAHDIL;1;1.12.1964;1;0
M.NEDIM;10;23.11.1958;10;0
HAFIYA;13;5.2.1952;0;13
HANMESHUDE;1;7.2.1958;0;1
MUSOM;1;27.8.1932;0;1
CABIYE;12;20.2.1962;0;12
AFYEDDIN;1;13.3.1988;1;0
ROJAY;1;8.4.1986;0;1
MAHFI;8;11.5.1973;8;0
TEHMINAZ;2;16.2.1967;0;2
MISABETTIN;1;19.10.1983;1;0
BEHIE;2;4.1.1966;0;2
MUSURDE;2;21.6.1966;0;2
SENEMHANIM;1;27.2.1980;0;1
MUSEYYER;4;1.8.1955;0;4
VACHIYE;1;2.3.1960;0;1
MEHET;58;21.12.1976;8;50
KAMALYE;1;7.4.1964;0;1
SURMEHAN;2;24.12.1977;0;2
KUMRISAN;24;22.10.1958;0;24
SABADULLAH;1;2.2.1975;1;0
CAVHER;1;6.8.1956;1;0
NENEGUL;2;17.5.1967;0;2
MIRZEMEHMET;25;7.11.1966;25;0
FELEGNAZ;2;9.6.1948;0;2
GULBESI;2;24.8.1952;0;2
CINAZ;4;2.6.1978;0;4
KARDAS;10;24.3.1958;10;0
MAMER;29;7.5.1964;12;17
BEDIN;19;21.3.1976;19;0
FEHREMEZ;44;28.1.1956;44;0
TILIZER;2;19.5.1969;0;2
HUBRAN;4;11.9.1957;0;4
ELVESYA;1;5.4.1973;1;0
MENSUK;2;23.7.1962;1;1
IZDEN;17;8.10.1976;2;15
FURDANUR;1;11.8.1963;0;1
EBUHAN;6;12.10.1979;4;2
NURIZEL;3;4.9.1966;0;3
HETTEM;3;24.4.1966;3;0
SANEL;16;24.5.1974;6;10
UMITALI;4;25.2.1976;4;0
CEMUGUR;1;30.10.1974;1;0
YAS;1;24.3.1955;1;0
CUNEYET;5;14.5.1981;5;0
HUNEYIN;3;20.2.1960;0;3
DULSAH;48;12.11.1965;0;48
BEYLIKO;1;18.3.1954;1;0
TAMINE;20;24.7.1967;0;20
TULAYAT;1;21.6.1962;0;1
VEKILLA;1;12.6.1959;0;1
FERHINK;1;13.5.1959;1;0
BENIZER;1;12.10.1989;0;1
ERCEM;19;12.12.1974;19;0
KUMRAY;15;4.1.1978;1;14
TEVIT;21;22.9.1970;21;0
HULYACAN;1;23.6.1987;0;1
NURSENE;18;24.4.1974;0;18
HUZEYCAN;1;3.10.1983;0;1
GULGEDEM;1;13.3.1957;0;1
SANIYAR;1;1.12.1981;0;1
KUTFEDIN;13;13.1.1962;13;0
GERIP;11;1.9.1965;6;5
SOLHATTIN;1;17.9.1948;1;0
HARUNRESIT;18;23.2.1974;18;0
SUPHA;55;25.7.1965;1;54
KULILIK;6;2.9.1966;0;6
FERYEDDIN;3;4.1.1961;3;0
MAHKUL;1;14.4.1979;0;1
MEHMETBAKI;14;30.4.1971;14;0
EYAZ;29;10.11.1967;29;0
SUMERZE;1;20.3.1950;0;1
HAKULE;1;12.8.1935;0;1
SAADDET;18;18.3.1971;0;18
HUDUDA;3;15.3.1968;2;1
PEMILE;2;17.10.1962;0;2
MUHULBENT;1;22.8.1931;0;1
BAYRUZ;1;2.4.1975;1;0
DIRBAS;21;27.6.1972;21;0
SIMERZAN;1;3.9.1980;0;1
ZERFINAZ;3;3.7.1963;0;3
FARIYA;3;15.10.1969;0;3
LAHICE;2;12.7.1987;0;2
BEHIDAR;1;2.7.1990;0;1
MIKLIME;2;17.2.1972;0;2
NURFICAN;1;18.2.1966;0;1
SEMSIHAMER;1;7.4.1958;0;1
VIJDANI;7;1.8.1970;6;1
ACIL;29;30.7.1972;24;5
MINARE;9;17.3.1953;0;9
URIFE;4;24.3.1968;0;4
GEVU;1;27.8.1926;0;1
KUBI;2;7.2.1945;1;1
ISKAT;2;17.10.1966;2;0
MEZIA;1;7.6.1964;0;1
PORTEKAL;3;13.2.1955;0;3
MIRPEC;1;7.2.1982;1;0
SADETE;6;3.4.1963;0;6
NEFISA;20;21.1.1975;0;20
MUDURYE;1;16.2.1964;0;1
NUFA;27;1.1.1958;0;27
RIHIYA;1;17.2.1972;0;1
NIMO;2;22.3.1936;1;1
HEVEHAN;34;4.1.1971;0;34
KURTI;9;10.4.1952;0;9
TETU;1;12.8.1953;1;0
BEKIZ;5;20.5.1975;0;5
METIBE;1;30.4.1975;0;1
SIMHAZER;1;4.5.1962;0;1
LEDIN;3;11.3.1960;3;0
KEZZIBE;2;26.7.1961;0;2
SEFDIN;6;19.1.1966;6;0
LAVICAN;4;21.1.1979;0;4
CEZET;1;22.8.1973;1;0
PAMPUK;3;26.1.1957;0;3
ADILESAR;1;22.2.1967;0;1
SUBAT;50;11.7.1970;43;7
MIRZEALI;5;20.5.1955;5;0
FIRENGIZ;40;9.9.1958;0;40
GEHVER;102;16.2.1956;0;102
BEYLAR;2;22.10.1949;2;0
EBDULCEBBAR;1;12.2.1949;1;0
TAHMILE;7;12.2.1953;0;7
MUSTAFFA;1;22.2.1961;1;0
TACDETTIN;2;27.2.1975;2;0
FERIKAT;10;30.9.1964;0;10
MEHMETBESIR;2;21.12.1977;2;0
PERVI;5;20.9.1974;0;5
HOMIN;1;22.7.1937;0;1
MEMETSERIF;12;5.12.1951;12;0
MEFIYE;16;7.5.1974;0;16
HEMAYIL;44;1.8.1957;0;44
GAZILE;5;6.5.1962;0;5
MUDRET;6;10.10.1967;1;5
HELIYE;10;4.10.1975;0;10
BAHSI;91;11.9.1957;91;0
SARABAN;19;12.12.1958;0;19
CENBELLI;2;27.7.1965;2;0
NAHIDEH;2;5.8.1968;0;2
KAYASETTIN;6;10.11.1964;6;0
KAZ;1;24.6.1983;0;1
TANHAZAR;1;22.2.1967;0;1
NECIMBASRI;1;22.2.1961;1;0
ABDULFETAH;14;17.7.1967;14;0
BEHIYECAN;6;23.9.1979;0;6
SOLMAS;4;6.8.1963;0;4
SEYFULISLAM;8;18.11.1978;8;0
MARYETE;65;13.3.1975;0;65
FEREMES;3;24.12.1969;3;0
OMER.FARUK;2;5.3.1980;2;0
NAZEMIN;29;1.11.1965;0;29
GULCINAY;8;15.8.1980;0;8
CANDOST;14;21.2.1988;14;0
USEME;6;13.8.1973;5;1
BENUL;8;26.7.1974;0;8
GOKTUNA;8;7.4.1981;8;0
RANIYE;21;8.11.1966;0;21
NURGIN;49;5.7.1969;2;47
GUSVER;8;20.12.1966;0;8
CEDIBE;1;28.1.1967;0;1
HEYBETHAN;3;30.1.1971;0;3
SERHEN;2;29.10.1990;1;1
GULBACI;12;7.2.1963;0;12
BILESAH;1;6.8.1973;0;1
BUYUSER;1;17.7.1942;0;1
MINTIKA;8;9.8.1962;0;8
HEZNE;5;10.8.1951;0;5
SINBAT;2;20.8.1964;2;0
ZEKKERIYA;2;23.3.1948;2;0
IDIN;1;7.3.1940;0;1
MUNCU;3;24.1.1961;3;0
IMIGULSUN;12;2.4.1970;0;12
UKTAY;2;10.3.1986;2;0
TALABANI;2;29.1.1979;2;0
ZULUMAT;8;25.4.1949;8;0
GARGIN;1;2.8.1952;1;0
HIMAYUM;1;22.8.1963;0;1
CAMISA;2;26.5.1956;2;0
ZAHFER;5;2.9.1962;4;1
ZEVKIYE;48;13.11.1956;0;48
BARZANI;6;10.8.1983;6;0
HESIBA;7;23.2.1970;0;7
MUFTERIN;1;17.10.1966;0;1
ISMETTIN;10;10.10.1958;10;0
YURDAKOL;7;10.12.1957;6;1
ALIMENDEN;1;12.8.1917;1;0
SAYZENET;1;25.7.1949;0;1
PARVIN;6;4.6.1965;0;6
GORGAN;3;11.1.1956;2;1
SUKURNAZ;82;18.8.1962;0;82
HETINE;1;19.3.1966;0;1
M.TALAT;2;9.7.1947;2;0
VENICE;1;18.11.1988;0;1
DOLI;13;28.9.1964;0;13
LEYDA;7;12.7.1972;0;7
EBDULLAH;1;17.2.1960;1;0
MARIYEH;1;18.5.1991;0;1
DELUHA;1;22.3.1961;0;1
FADILME;1;27.4.1985;0;1
TAHSIMA;1;24.5.1967;0;1
TULI;35;13.3.1960;0;35
BACHANIM;4;16.1.1958;0;4
TEYYIBET;6;7.6.1970;0;6
HATON;6;7.8.1956;0;6
GOLCICEK;1;7.2.1964;0;1
NAZNURCAN;1;16.12.1961;0;1
TEKMAN;21;14.3.1975;18;3
KIRITHAN;1;18.5.1972;1;0
ZUBEIT;2;22.5.1949;2;0
GULNAY;13;24.4.1968;0;13
AKUTE;1;23.6.1973;0;1
VELECAN;2;2.2.1964;0;2
EMNIYE;4;24.5.1953;0;4
FELENAZ;1;27.5.1942;0;1
KADIR.BARIS;1;15.2.1990;1;0
SULHICAN;1;7.4.1928;0;1
CIFTASLAN;1;26.12.1965;1;0
SUPHU;13;7.8.1964;13;0
HESBIHAN;1;22.4.1954;0;1
ZEMERHAN;44;1.5.1966;44;0
M.FAZIL;2;15.1.1948;2;0
LEVIZA;7;17.9.1966;0;7
KEDIM;4;3.9.1968;4;0
NESDET;27;10.11.1958;27;0
MISMIRANDI;1;9.1.1973;0;1
NECVE;36;5.10.1968;0;36
SIRAT;14;10.9.1969;11;3
MULKESE;1;9.10.1976;0;1
YETERHAN;3;4.6.1972;1;2
TUNCHAN;14;25.6.1975;13;1
NISVAN;17;26.3.1966;0;17
SARET;29;26.12.1962;1;28
OZYAY;2;18.2.1980;2;0
TUMRIS;15;24.3.1952;5;10
LETIFHAN;3;19.6.1974;2;1
ABULVAHAP;1;6.12.1985;1;0
ISMIYET;3;20.11.1971;0;3
SERMELEK;20;5.8.1963;0;20
MIRARIHAN;21;20.6.1967;0;21
FEYSELHAN;1;2.9.1969;1;0
KUREYSIN;5;1.11.1961;3;2
ZINNOR;21;29.2.1967;20;1
FARICATUL;1;27.4.1962;0;1
REHCAN;42;25.12.1966;0;42
SADAGUL;10;19.6.1967;0;10
SUHEL;89;14.12.1967;31;58
GIVSER;2;23.9.1979;0;2
ANBERHAN;1;2.3.1951;0;1
RAHUZA;1;8.4.1933;0;1
SAADDEF;1;12.2.1971;0;1
RUFEYDE;29;21.2.1980;0;29
CAZIDE;4;27.2.1966;0;4
EYDI;9;9.9.1957;2;7
MEKREMINAZ;1;22.3.1961;0;1
NEVZEDDIN;1;22.7.1966;1;0
KIRMIZIHAN;1;22.8.1925;0;1
AJAR;2;30.1.1978;1;1
BEDU;3;16.6.1952;3;0
SEMSUNNEHAR;5;22.5.1969;0;5
SABADDIN;11;21.8.1959;11;0
RIHAFEZE;1;4.6.1971;0;1
TACGUL;5;29.5.1985;0;5
MIRANI;1;5.4.1973;0;1
KURBANBIBI;2;2.8.1957;0;2
ESBIHAN;2;3.3.1969;0;2
REGAHAN;1;19.9.1979;0;1
MUHSINA;12;13.2.1968;0;12
AYLEM;14;22.2.1984;0;14
TEVRENDE;2;2.4.1947;0;2
BAHIFHAN;3;8.8.1953;0;3
LIVAEDDIN;1;26.8.1973;1;0
ROZAGUL;2;30.1.1977;0;2
HAYRIN;8;13.7.1971;1;7
ABDULMANAV;22;6.9.1974;22;0
EYNILHAYAT;2;16.8.1953;0;2
ZULHUNAZ;1;5.12.1957;0;1
MUDRIK;9;1.7.1974;9;0
YEDISAH;1;17.2.1976;0;1
NEMET;19;28.2.1958;7;12
YADISEN;1;19.10.1985;0;1
MERISA;7;22.11.1958;0;7
NILOFER;34;11.12.1948;0;34
RAYLER;1;3.2.1969;0;1
GULDUNYA;131;13.6.1979;0;131
TELO;8;10.9.1955;7;1
HIRCO;3;20.9.1936;3;0
KEDIRE;1;17.2.1948;0;1
HIRDE;2;7.8.1922;0;2
OZENDER;24;1.9.1973;24;0
NAZVAN;1;10.4.1989;0;1
SEFDER;5;17.5.1957;5;0
SORAN;14;24.5.1969;5;9
FEDRULLAH;6;12.2.1977;6;0
ALTANAY;10;8.10.1973;3;7
MUHSENAT;1;2.3.1951;0;1
MURDIYE;13;9.3.1959;0;13
REHAVZA;4;25.8.1949;0;4
NOJDAR;1;1.2.1976;0;1
ZUFINAZ;5;6.4.1963;0;5
HUSRUV;1;8.12.1939;1;0
KEYSEBANU;1;2.8.1975;0;1
IZER;20;30.4.1970;16;4
MUNIJE;4;28.12.1951;0;4
VESME;42;3.10.1957;0;42
SAHRNURE;1;26.6.1975;0;1
SAYITALI;3;10.12.1959;3;0
GULIDAN;2;14.7.1974;0;2
YAMLIHEN;1;10.3.1958;0;1
BERIK;1;27.2.1950;0;1
FORMEN;1;19.3.1982;1;0
BEHZAR;5;16.5.1963;1;4
BEHNAM;5;30.4.1981;5;0
MUSAVVET;6;28.1.1978;0;6
RIJBER;1;17.2.1972;0;1
MAHFIZYE;1;26.1.1957;0;1
SEMUS;9;17.4.1966;3;6
HESBULLAH;1;23.5.1985;1;0
VELMEDIN;1;17.3.1960;1;0
SONDUZ;5;6.12.1978;0;5
ELFAZIYE;2;12.4.1983;0;2
PURI;44;3.6.1959;0;44
IMROZ;1;7.12.1979;1;0
HEYZARAN;3;25.9.1951;0;3
NECEM;2;30.3.1972;1;1
COTYAR;2;3.8.1986;2;0
DEVETI;1;17.3.1960;1;0
BIRZO;1;2.2.1957;1;0
TALILA;1;22.2.1967;0;1
HAVZARAN;1;27.11.1974;0;1
ZIBATER;1;10.11.1952;0;1
HESIMA;2;3.5.1968;0;2
MIRSAM;3;9.2.1966;3;0
HESIN;38;24.9.1961;38;0
SAHREZA;1;22.2.1961;0;1
RAFO;2;12.8.1929;0;2
KADU;1;22.8.1925;1;0
NALYA;11;14.11.1974;0;11
RUHUZER;7;22.8.1957;0;7
RUFKIYE;37;5.9.1955;0;37
BELKISAR;4;11.7.1975;0;4
ZEKYE;9;30.1.1956;0;9
SARRI;2;22.8.1963;0;2
BILEVSAH;1;14.4.1965;0;1
VARDEY;1;2.5.1981;0;1
LIVAN;11;5.7.1982;7;4
MELESHAN;5;28.5.1975;0;5
MEHMUR;3;1.2.1953;0;3
MUTHIH;1;2.2.1969;1;0
CUMHURYET;7;11.12.1978;0;7
GAVRES;1;12.4.1941;0;1
HIZMET;22;27.2.1964;10;12
PUJAN;17;3.10.1963;0;17
RUSMEN;1;21.6.1968;1;0
BEDEVIN;2;20.5.1983;0;2
UMUL;8;2.10.1969;0;8
GUSTER;2;22.5.1964;0;2
HURSI;31;23.4.1947;0;31
GOLISOR;2;26.9.1958;0;2
HAMIDA;9;15.8.1966;0;9
HERAL;1;16.6.1928;0;1
NURKEMAL;6;20.11.1963;6;0
RUBASAH;51;16.11.1973;0;51
CILGEZI;5;27.5.1947;0;5
HESSIN;25;20.1.1958;25;0
SURAHYA;3;30.1.1976;0;3
MICAHIT;4;22.5.1973;4;0
MUSEMA;6;10.11.1978;0;6
FELEYNAZ;4;7.9.1969;0;4
MUNTAZAM;23;29.8.1975;1;22
KILSU;1;15.6.1934;1;0
HAYBETULLAH;7;1.4.1979;7;0
HAFSADA;20;6.6.1956;0;20
SAHILA;10;16.3.1974;0;10
MEMETSABETTIN;1;23.7.1939;1;0
SIHMOZ;1;27.2.1974;1;0
MENCIYE;5;8.5.1947;0;5
GEZIM;9;22.9.1971;0;9
MINHAC;9;27.9.1962;2;7
SAHZENAN;4;3.3.1964;0;4
PERVANEH;1;12.4.1979;0;1
ZEYNALABINDIN;1;17.2.1972;1;0
CEVILE;2;20.11.1948;0;2
MECRIM;2;3.4.1953;2;0
GULEZER;40;24.6.1959;0;40
SAKIRBARI;1;18.4.1966;1;0
RESNA;1;26.10.1982;0;1
FEVIZE;3;1.7.1977;0;3
NEMENETULLAH;1;13.1.1975;1;0
NAMU;2;28.3.1950;2;0
YESRUP;1;18.4.1983;1;0
YARDIGAR;1;23.6.1967;0;1
VESIMA;2;30.3.1961;0;2
SOYLAN;54;7.1.1972;1;53
MEYAZ;9;8.6.1971;1;8
FEDALI;2;26.6.1966;1;1
SURAHIYA;1;17.8.1948;0;1
MIRDIN;5;1.9.1953;0;5
MAGADA;1;17.12.1972;0;1
EBO;2;23.8.1945;1;1
SUYLAN;9;18.6.1973;0;9
HARON;24;6.3.1967;24;0
SARU;2;9.5.1935;0;2
IZHAT;1;22.6.1991;1;0
TAZIYE;8;13.7.1966;0;8
SEDIR;26;28.2.1970;26;0
ISPAT;2;19.12.1981;2;0
HULETE;1;27.5.1950;0;1
BEKLISA;13;26.6.1971;0;13
DIAYEDDIN;1;25.7.1981;1;0
SEBETULLAH;20;11.6.1978;20;0
RUJBIN;23;9.7.1983;0;23
LARIKA;1;21.1.1984;0;1
SEHRENAZ;21;15.10.1965;0;21
ESGAZI;1;18.6.1966;1;0
KIRET;1;15.5.1965;1;0
MILO;7;3.11.1940;1;6
CEYRI;4;6.5.1954;1;3
MUHTEZA;1;17.12.1978;0;1
KALANFIL;3;9.3.1949;0;3
FETU;1;27.8.1920;1;0
GIRAN;4;18.4.1964;2;2
TADDIRIYE;1;12.8.1971;0;1
BEZAL;4;25.4.1951;0;4
FEYFUN;4;20.3.1958;0;4
MIHFAN;1;18.3.1982;0;1
HALLEF;2;10.1.1966;2;0
ABDULMEENAF;1;11.11.1991;1;0
MEMEZER;2;30.4.1970;0;2
SEVG;1;8.12.1989;0;1
SIGAL;1;22.2.1967;0;1
VEDILA;1;17.2.1979;0;1
MUCIBIRAHMAN;7;9.9.1975;7;0
BILEKSA;2;5.2.1949;0;2
ATLI;7;30.1.1955;5;2
OZERHAN;4;17.2.1976;4;0
DEMIRBAS;2;8.6.1952;2;0
KUTIRK;1;16.7.1946;0;1
M.SEFIK;52;21.11.1953;52;0
HOMAVIL;1;4.1.1974;0;1
IREMISTAN;1;12.2.1965;0;1
SALLUH;23;10.7.1957;0;23
KUTLARHAN;1;21.11.1974;0;1
ENZULHA;4;11.9.1970;0;4
MUHTULE;1;7.2.1964;1;0
NARTAC;1;21.5.1975;0;1
SELBINAS;9;3.10.1957;0;9
NABIT;5;17.8.1955;5;0
VEYSILE;2;22.8.1964;0;2
VESEMET;1;22.2.1967;0;1
SUHUYLE;3;17.2.1967;0;3
MULKESAN;1;30.5.1974;0;1
MERTIHAN;3;2.11.1981;3;0
GULUMSAH;8;4.4.1962;2;6
NETISE;1;27.3.1972;0;1
SEREK;6;1.1.1977;6;0
GEYRAN;4;24.6.1947;0;4
URHANETTIN;5;30.5.1943;5;0
HULET;3;6.3.1972;0;3
NEJDER;6;28.4.1965;5;1
RUHULBEYAN;2;18.3.1968;0;2
NACIF;5;14.7.1961;5;0
FEREHNUR;2;16.10.1972;0;2
SOHBETTIN;1;12.2.1965;1;0
FEDAL;9;2.12.1965;3;6
AHANUR;1;20.11.1976;0;1
LEMIH;10;25.12.1967;10;0
ABDULULAH;1;6.1.1967;1;0
NURPENBE;1;18.5.1969;0;1
ERSOYLU;3;2.9.1951;3;0
NEMICAN;1;26.5.1976;0;1
FADLULLAH;3;1.5.1984;3;0
MAHZUM;6;23.3.1968;6;0
TALUK;5;4.1.1976;4;1
CUNEYIS;1;13.9.1987;1;0
KIYAMET;6;3.10.1964;0;6
LUFULLAH;1;14.4.1990;1;0
SEFINC;1;26.3.1937;0;1
FEHRIBA;1;29.6.1974;0;1
REZA;21;11.4.1964;14;7
NURAFSAN;2;3.12.1980;0;2
AYSESAN;5;30.7.1987;0;5
SAVIR;2;20.11.1956;1;1
NUHMEHMET;29;27.10.1956;29;0
RUKEYTAN;2;2.5.1975;0;2
NEJMIZE;1;20.5.1964;0;1
GURKIN;3;27.3.1962;3;0
AYCANUR;19;13.6.1986;0;19
FAHRILCIHAT;1;29.10.1963;1;0
SATIHANIM;88;24.10.1966;0;88
GUGER;2;2.5.1945;0;2
IMRUZ;2;10.3.1962;1;1
NEVGIHAN;6;4.1.1982;0;6
MIHTI;19;19.11.1955;19;0
NEGMETULLAH;2;27.6.1968;2;0
TAHABETTIN;1;2.8.1921;1;0
MUYEDDER;1;23.2.1943;0;1
AYDULLAH;2;18.10.1965;2;0
HALFETE;1;27.2.1962;0;1
SANAN;21;19.8.1971;14;7
GULUMDAR;4;5.1.1964;0;4
RUFAYLA;1;12.2.1965;0;1
ARDURRAHMAN;1;27.9.1986;1;0
MAKSADE;1;23.2.1957;0;1
SAMAM;34;16.5.1964;0;34
MERZUFUN;1;11.11.1967;0;1
AKPINAR;3;12.12.1973;0;3
HALYASE;1;16.1.1967;0;1
LEYLIHAN;21;5.4.1956;0;21
TITAN;11;30.1.1967;11;0
NEZRETTIN;22;17.2.1968;22;0
SILLA;1;19.10.1980;0;1
EVDE;2;9.10.1971;0;2
DURUGUL;5;2.5.1972;0;5
SAHIHAN;1;7.2.1970;0;1
AKSEM;10;13.5.1976;0;10
YADISA;2;1.5.1982;0;2
FIRAMEZ;2;5.11.1946;2;0
OZBUN;1;13.12.1980;0;1
KANYA;5;27.1.1974;0;5
ELFAZYA;1;4.1.1965;0;1
SAIDNUR;3;26.9.1988;3;0
YURTTASIN;1;8.6.1949;0;1
VECIZE;5;4.9.1969;0;5
MUTLARHAN;1;10.5.1976;0;1
CESMINUR;30;12.4.1964;0;30
ULKULAY;1;7.10.1987;0;1
BEYRUZ;4;20.11.1978;3;1
M.ISMET;2;9.12.1953;2;0
MIHTULLAH;1;22.7.1967;1;0
DECANE;1;2.3.1957;1;0
HERDEMTAZE;2;21.11.1963;0;2
BATUL;3;19.4.1967;0;3
YANER;12;25.12.1982;7;5
NEFSICAN;3;2.3.1963;0;3
FERIHAGUL;1;7.2.1960;0;1
MEBRIYE;11;9.11.1964;0;11
OMUT;5;22.11.1970;5;0
MAHYETE;10;22.10.1970;0;10
ARVAS;1;10.9.1987;0;1
MUKAYIT;8;7.10.1966;7;1
HEYBETE;50;15.1.1973;0;50
MEHMETSABRI;12;9.7.1970;12;0
CIDEYET;1;12.3.1959;0;1
HEFZULLAH;5;20.6.1976;5;0
MUSLUHE;1;15.5.1989;0;1
NAZIRET;32;22.7.1964;1;31
KASINE;2;30.11.1932;0;2
HANIMHAS;1;6.4.1950;0;1
VESFICIHAN;1;22.5.1986;0;1
PIYADE;2;10.12.1972;2;0
MUHBAT;5;9.11.1968;0;5
MUHAYER;4;12.6.1978;1;3
ELBIHAN;2;18.6.1972;0;2
MUYEFER;1;1.11.1979;0;1
SARACETTIN;35;2.12.1957;35;0
ULYE;16;5.3.1967;0;16
GULUMSEV;1;27.1.1986;0;1
OZERAN;1;21.4.1977;0;1
TANIYA;7;18.5.1965;0;7
ADULHALIK;1;9.9.1973;1;0
ZURVAN;1;1.6.1980;1;0
SAYSTE;1;12.12.1986;0;1
TAYBI;1;21.1.1958;1;0
HARAC;1;7.2.1970;0;1
MEZYET;53;22.8.1965;43;10
USTUNDAG;9;18.11.1975;9;0
FIRUZEN;3;7.6.1964;0;3
BULGAN;4;7.9.1969;1;3
ISTERIM;1;7.8.1928;0;1
ERTANC;2;17.11.1977;2;0
ERMIYA;20;22.10.1966;19;1
EBULYAMIN;1;27.10.1950;1;0
TELHE;6;19.4.1954;5;1
SOYDA;15;13.5.1965;3;12
SEVKIYIAT;1;19.4.1977;0;1
ZIRAAT;2;20.11.1972;0;2
FEVZUYE;3;4.3.1974;0;3
MECBULA;1;24.1.1953;0;1
ABDULCAPBAR;3;3.11.1971;3;0
SIMIZER;75;17.7.1951;0;75
BEDIYAS;1;4.3.1962;0;1
TAMCAN;4;11.9.1980;1;3
MOHUBBET;63;9.2.1958;0;63
RIYADIN;3;23.3.1964;3;0
VESIHAT;12;20.3.1970;0;12
DURSAH;9;25.11.1961;1;8
ERSENAN;1;16.5.1981;1;0
GARIYE;1;3.3.1959;0;1
REZGIN;1;18.12.1960;1;0
SEYDAH;1;26.4.1936;0;1
GULERMI;1;1.3.1958;0;1
BAGDESER;15;3.11.1975;0;15
NILRUBAN;1;4.9.1972;0;1
NAZEM;20;24.9.1969;2;18
CAYDE;32;19.8.1970;0;32
HARISIMAN;1;4.3.1961;0;1
GULHUMA;2;1.10.1948;0;2
BUHAYEDIYE;1;6.1.1969;0;1
ABDULBEKIR;40;3.6.1974;40;0
UREYNEP;1;8.1.1972;0;1
TALYE;2;12.6.1976;0;2
CECIS;1;10.4.1973;1;0
HELU;7;11.2.1935;1;6
BACIHANIM;25;4.11.1958;0;25
BAHAREM;1;4.5.1963;1;0
SERDET;2;9.8.1964;0;2
TEVGUL;4;26.11.1968;0;4
ERCEN;5;10.7.1972;3;2
RAHYEDIN;1;22.6.1971;1;0
SURMIHAN;3;1.2.1964;0;3
HEYZU;1;22.2.1943;0;1
HAFSETE;20;9.11.1973;0;20
EBRUYE;8;3.1.1977;0;8
AZAL;1;7.2.1946;0;1
DOLAYI;1;9.4.1973;1;0
MUYUSSER;1;22.2.1967;0;1
APRUZ;3;7.10.1926;0;3
CIHANULLAH;1;1.10.1989;1;0
MUNEYYER;1;30.5.1956;0;1
SUBHU;3;8.11.1957;3;0
SEVMEZ;8;1.10.1971;2;6
FARHETTIN;2;14.9.1965;2;0
SEVCE;5;26.2.1978;0;5
ABDULMUNAF;3;23.6.1971;3;0
BASRAFI;1;1.3.1942;0;1
BERIZADE;1;27.10.1973;0;1
SIRINCAN;8;12.5.1984;3;5
NIZMETTULLAH;1;3.4.1973;1;0
HURISINA;7;21.11.1961;0;7
CANKET;2;21.2.1940;2;0
ZUBIR;8;27.8.1957;8;0
FERDINAT;2;12.3.1963;2;0
SAHIYETTIN;3;14.3.1976;3;0
BACADDIN;1;27.2.1956;1;0
NASIRI;2;5.10.1972;2;0
INCIGOZ;1;23.3.1979;1;0
DIVO;1;27.2.1956;0;1
SUYEYLA;2;23.6.1952;0;2
MESNA;55;4.1.1979;36;19
ESRI;5;13.8.1970;0;5
SAHRISTA;1;24.6.1973;0;1
FEYZULALH;1;7.2.1976;1;0
ZAHAR;28;26.11.1903;25;3
TANGO;1;6.3.1943;0;1
M.LATIF;24;6.11.1957;24;0
TARUN;5;10.5.1975;4;1
HASIYETE;1;22.2.1961;0;1
MERINAS;4;16.7.1967;0;4
ZULKEYF;2;19.1.1972;2;0
BESRAHIL;2;12.1.1955;0;2
HACITE;2;20.8.1981;0;2
ARIFAT;6;14.1.1965;5;1
METULLAH;12;10.1.1959;2;10
MUHIYEDDIN;8;26.7.1957;8;0
SIZKAZ;1;1.7.1956;0;1
SUHBETTIN;2;2.2.1977;2;0
ALAL;4;24.1.1955;0;4
ZUBEDE;15;1.3.1965;0;15
RUSAD;1;27.10.1987;0;1
MIRDI;2;16.9.1961;0;2
ENDISE;7;7.7.1977;0;7
GEZEP;8;28.11.1965;0;8
SARAFET;3;14.6.1961;2;1
RUBASAN;3;14.8.1965;0;3
YADIYAR;4;3.9.1980;2;2
BESIH;1;30.5.1962;0;1
SULHUYE;14;13.10.1967;0;14
FERREHDIBA;1;5.3.1962;0;1
FERIGOL;1;7.10.1964;0;1
KEY;3;3.1.1958;3;0
KEZZIBA;2;27.2.1977;0;2
HEYDAR;1;13.7.1956;1;0
LEBIBA;1;25.4.1962;0;1
ZERENGI;1;2.10.1955;0;1
KURDERT;1;23.3.1985;0;1
NUHPERI;2;11.3.1978;0;2
NACMI;4;10.7.1974;4;0
ESREFI;11;17.11.1957;1;10
BABOS;6;9.1.1955;6;0
ENOS;1;8.7.1934;0;1
AMENETULLAH;1;15.5.1971;1;0
SEVGISAN;10;26.8.1965;0;10
DOLE;1;17.11.1966;0;1
HIKMETTULAH;1;1.7.1979;1;0
BELGIZER;13;21.10.1966;0;13
GEYASETTIN;2;3.11.1975;2;0
MAKPULA;8;3.11.1960;0;8
GULREHAN;6;10.11.1957;0;6
HAKIRA;2;28.6.1969;0;2
ROFET;1;11.5.1972;1;0
YADISAR;1;14.12.1984;0;1
HAMMAIL;1;30.4.1947;0;1
VEHIYE;5;4.9.1962;0;5
FILNAZ;2;12.1.1975;0;2
OZDANE;4;20.8.1961;0;4
FIRKIYE;24;12.11.1973;0;24
KENAR;3;24.7.1949;0;3
TAZIA;3;23.9.1976;0;3
MUSURET;4;15.7.1967;2;2
BEYMAL;4;19.10.1967;4;0
MEMETCAN;17;12.7.1973;17;0
SEHYMUZ;2;16.5.1975;2;0
SARABON;1;28.6.1971;0;1
TEYBETE;1;24.3.1967;0;1
KELAN;4;19.4.1967;4;0
GURGI;16;24.12.1969;15;1
UMMIT;7;19.2.1972;6;1
RUHYETE;7;23.9.1966;0;7
NEHILA;6;11.10.1976;0;6
SIYAHAR;2;21.11.1967;0;2
IBRAHIMHAN;7;22.4.1959;7;0
HOSMIR;1;12.2.1951;1;0
DIYADEN;1;27.10.1986;1;0
SEFERYA;4;15.1.1975;0;4
NIZBET;50;24.3.1969;0;50
FEYZIOGLU;1;6.7.1985;1;0
CAIHDE;1;11.3.1988;0;1
M.SIDIK;26;29.4.1951;26;0
AGMUR;46;28.10.1969;46;0
ZULFETAN;1;17.3.1966;1;0
SAHRUZE;2;20.4.1976;0;2
BAYLEZ;1;24.7.1944;1;0
ZAYIFE;19;5.4.1964;0;19
FINAT;2;5.4.1963;1;1
GULIZAN;3;15.10.1968;0;3
BEDILHAN;10;13.10.1974;10;0
SINAMPERI;5;9.1.1960;0;5
MUHTEDA;1;3.5.1939;1;0
HURISMAN;1;2.2.1957;0;1
SELIVET;6;12.10.1969;2;4
RAHIZE;21;7.12.1961;0;21
HAVYA;3;15.1.1971;0;3
DEVRETHAN;1;12.2.1985;0;1
SEBAHATULLAH;7;14.3.1975;7;0
KERAM;69;17.11.1967;69;0
UMMETULLAH;8;12.9.1950;3;5
FEDREDDIN;1;26.6.1967;1;0
DEVANE;2;6.2.1971;2;0
FATIMETE;4;10.8.1976;0;4
BAHREDDIN;9;13.8.1962;9;0
VEFIYE;88;15.8.1957;0;88
SABAHATULLAH;13;13.5.1981;13;0
SICICE;1;7.2.1982;0;1
KIZI;12;17.7.1943;0;12
SEHRIK;1;26.2.1961;1;0
ERCAS;1;21.6.1990;1;0
HOSUN;9;10.2.1948;8;1
CAZIA;1;15.7.1970;0;1
SECIH;10;2.10.1973;10;0
FUDEYIL;20;13.3.1971;20;0
ELVA;4;9.8.1983;0;4
SEVVAN;2;23.10.1974;0;2
SANO;17;6.3.1957;16;1
EYNURHEYAT;1;2.4.1970;0;1
OSMETULLAH;2;25.4.1964;2;0
ANDELI;10;30.11.1962;10;0
SUSENGUL;14;26.11.1970;0;14
HALYAS;8;14.3.1975;0;8
ZEMEHAN;7;16.7.1968;7;0
GORCU;8;29.6.1967;0;8
GULFAHIM;1;18.3.1960;0;1
KURKO;1;17.3.1928;1;0
ABDULHUDUS;1;3.11.1975;1;0
MUSBET;40;28.7.1967;1;39
ABDULGARIP;9;14.3.1972;9;0
NOSAN;4;5.1.1965;0;4
ABDUTALIP;1;26.6.1965;1;0
SURAC;4;8.10.1976;4;0
RUHSANE;3;9.5.1971;0;3
MURRESIT;1;18.8.1934;1;0
IMADEDDIN;29;23.2.1963;29;0
HUKMETULLAH;5;13.3.1971;5;0
ORFET;9;30.11.1954;4;5
ESMAYUCEL;1;23.1.1977;0;1
FANUSI;1;19.6.1965;0;1
SERAV;13;11.3.1982;0;13
FAYIM;28;27.10.1974;26;2
KEMALYE;8;17.1.1972;0;8
FEDLULLAH;4;20.5.1981;4;0
RAMETULLAH;2;26.8.1973;2;0
BAGRIM;2;20.6.1984;1;1
MUTEVLI;2;1.11.1966;2;0
ERNEVAS;1;9.9.1985;0;1
MEMEHAN;5;16.5.1963;0;5
YEDA;9;7.10.1986;1;8
TASI;4;12.7.1948;2;2
NECADEDDIN;1;23.6.1967;1;0
GULCEREK;1;17.11.1990;0;1
NEYISE;2;3.12.1969;0;2
GOKCENAY;4;19.4.1989;0;4
GULRUZ;2;13.6.1968;0;2
AYBIL;20;29.2.1977;3;17
RUMUZE;6;27.2.1952;0;6
ABDULMITELIP;2;4.5.1970;2;0
BALUL;4;13.7.1978;4;0
DURDARE;3;16.1.1971;0;3
SAHOZER;1;2.5.1981;0;1
VEZNEDAR;2;21.8.1956;1;1
AHITNAME;1;18.8.1959;0;1
MIJDIN;3;7.3.1970;3;0
ABTULMUTALIP;1;17.8.1958;1;0
FIZILLAH;2;28.3.1966;2;0
RAHYEDDIN;2;2.1.1960;2;0
KAVUS;9;10.7.1957;4;5
RAHIK;1;8.5.1981;1;0
GAYLAR;1;1.8.1972;0;1
ESKULLAH;1;21.10.1965;1;0
AYINOR;3;4.11.1968;0;3
HIDIRE;2;18.6.1937;0;2
AVANI;20;18.11.1940;20;0
CELLALEDDIN;2;10.6.1948;2;0
BILDANUR;1;25.8.1985;0;1
LEYLAK;9;30.2.1948;0;9
SEYEHAT;12;25.12.1970;1;11
MINASIF;2;16.7.1986;1;1
CUNEYID;9;5.1.1972;9;0
CEHFER;8;27.10.1960;7;1
INEHAT;3;27.10.1977;0;3
MISMIRE;1;12.2.1953;0;1
SINANBERI;1;9.12.1957;0;1
ABDULKAFAR;8;10.1.1964;8;0
LIBYETE;1;7.8.1988;0;1
MEHMETSABAHATTIN;1;26.2.1978;1;0
FEKI;10;5.8.1963;8;2
HEYZO;2;12.6.1932;0;2
HUBRET;1;15.1.1938;0;1
BERKIZA;17;28.12.1970;0;17
METIH;2;22.9.1973;1;1
ZIRBAR;1;2.8.1921;0;1
NEVOZE;1;15.8.1975;0;1
SEFVETULLAH;5;1.5.1967;5;0
ISMANPERI;1;21.7.1983;0;1
CADIR;33;6.1.1964;32;1
BAZGO;1;8.2.1946;0;1
ABDULGAHHAR;6;3.5.1978;6;0
KUDBEDTTIN;1;18.9.1965;1;0
HACCERILA;1;28.6.1979;0;1
MEHMETKASIM;2;8.4.1967;2;0
YURGUL;3;16.9.1964;0;3
PERVIYE;3;18.6.1975;0;3
TAMERHAN;5;30.1.1987;5;0
SALLIHE;2;26.11.1962;0;2
BIJER;1;11.8.1981;0;1
A.HAMIT;8;14.6.1957;8;0
RAFIME;6;14.8.1962;0;6
SEMINHAN;1;5.8.1987;0;1
TAYBETHAN;3;3.10.1977;0;3
A.SAMAT;1;10.3.1964;1;0
DILBERCAN;2;10.8.1963;0;2
SAHZERI;3;13.1.1976;0;3
ZENI;10;15.6.1957;1;9
MUZESER;1;22.9.1973;0;1
RAYYE;25;13.12.1956;0;25
SUVEYBETE;2;18.1.1984;0;2
GULUMSA;2;10.3.1965;0;2
GULFIYET;74;3.4.1960;0;74
MURGUL;15;12.7.1965;0;15
AHMETSAH;19;9.3.1978;19;0
BEYBET;1;13.10.1987;0;1
MESALIM;2;4.2.1946;1;1
ADILLA;3;12.5.1964;1;2
SIYAHAMET;4;26.4.1954;4;0
HUSIN;7;18.6.1966;7;0
MEVLIS;19;22.5.1960;0;19
REKYA;11;7.9.1973;0;11
HAFZET;4;25.1.1955;0;4
TAKIYETTIN;11;13.2.1967;11;0
MUTTEVELLI;1;27.2.1956;1;0
ZEYBETHAN;1;22.2.1967;0;1
ZIYDIN;1;11.4.1981;1;0
GINYAS;8;17.10.1976;8;0
HAMMAYIL;2;22.10.1949;0;2
DURIYYET;1;22.8.1973;0;1
AFSANEH;10;2.1.1968;0;10
CINGOZ;3;25.1.1965;3;0
FIDYETE;1;24.4.1977;0;1
BITI;2;10.12.1928;0;2
MEKINEDDIN;4;18.9.1969;4;0
NAVZAT;11;9.2.1978;11;0
HIMAYUN;3;19.12.1956;0;3
VALKAN;1;28.3.1992;1;0
KERMANSAH;1;23.7.1973;0;1
ERDEVAN;2;4.8.1978;2;0
VECHETIN;1;21.6.1974;1;0
DOLMAZ;6;30.10.1970;6;0
FAHRENDE;3;12.4.1933;0;3
NEJVAN;4;20.12.1981;2;2
RUCE;1;17.4.1991;0;1
KAYINE;1;26.11.1978;0;1
SABETULLAH;7;1.3.1987;7;0
NUSBET;91;5.1.1975;1;90
CUMERT;2;11.4.1954;2;0
SIYRUZ;1;12.4.1941;1;0
TONA;2;25.6.1942;0;2
TEHIME;1;3.3.1973;0;1
ZAKIF;23;18.9.1965;23;0
SANTANET;3;6.9.1974;0;3
KUTIR;11;26.1.1962;0;11
HALVIYE;4;14.1.1945;0;4
SABHATULLAH;4;21.4.1981;4;0
TURKUSTAN;3;18.7.1972;0;3
SAHZENNAN;1;15.1.1973;0;1
BILINK;1;22.8.1931;1;0
SAGLAR;5;7.7.1982;5;0
MIHCIN;1;25.11.1949;0;1
SIBELCAN;17;17.7.1987;0;17
NURSIBE;3;27.8.1982;0;3
BESSU;5;29.8.1553;0;5
SOYLEM;11;18.6.1984;0;11
RECEPALTAN;1;1.1.1958;1;0
PAKYEDIN;1;16.8.1965;1;0
MEHMETGARIP;1;22.2.1973;1;0
ZUBEYID;2;1.8.1967;2;0
TEMEZ;4;23.9.1966;3;1
AVDAL;11;13.1.1967;4;7
HANIMSAN;4;25.7.1979;0;4
SIVAYDA;1;22.2.1961;0;1
ADILI;5;7.2.1952;1;4
OBEYIT;31;10.7.1968;31;0
HIRHIR;1;12.2.1935;0;1
GOLSEN;24;15.11.1959;0;24
SAHSIBA;1;1.11.1990;0;1
MULKESIM;12;29.10.1979;0;12
TEPRIZE;1;26.5.1963;0;1
ZERINTAC;2;26.10.1949;0;2
VELIAHT;5;2.2.1968;5;0
ZIYEP;1;20.4.1966;1;0
HISMAN;216;19.12.1964;215;1
KOKEL;24;19.1.1970;24;0
SUMO;1;2.1.1958;1;0
HALIZAR;1;27.5.1974;0;1
KAKUL;1;3.5.1979;1;0
LALO;8;28.6.1947;3;5
AZADIYE;2;18.8.1990;0;2
SIVIYE;3;26.8.1963;0;3
TAHARHAN;6;6.12.1973;6;0
SEHMET;2;26.4.1964;1;1
GEVRU;4;20.5.1969;0;4
EBUZIT;6;17.2.1948;6;0
SIRMUZAR;1;2.2.1957;0;1
MERYEMMA;1;22.2.1979;0;1
MECBURHAN;1;17.2.1942;0;1
SEYITHACI;1;7.2.1976;1;0
HIVYAN;2;26.6.1981;2;0
M.RACI;2;9.3.1968;2;0
GULCAG;25;12.8.1983;0;25
YELIHAN;1;12.5.1989;0;1
MISKI;30;2.4.1965;1;29
RIHAVZE;2;10.12.1957;0;2
BAHARA;5;13.7.1946;0;5
MUHSUM;2;25.1.1981;2;0
MUTTAZIM;2;14.12.1977;0;2
FAHRETTINKERIM;2;16.12.1962;2;0
HEMSAH;3;13.8.1969;0;3
MEYAF;1;27.3.1962;0;1
SISIM;3;1.8.1950;0;3
ZERIFSAN;4;6.4.1954;0;4
DILILA;1;27.10.1986;0;1
RAVSEN;3;12.1.1985;0;3
NEJLAL;2;9.9.1950;0;2
NUSAFERIN;1;8.7.1975;0;1
BESRAN;6;22.1.1960;0;6
ATTUR;3;15.1.1969;1;2
BEHCICE;2;19.4.1974;0;2
NAZU;5;13.3.1165;0;5
HAYYATI;1;21.6.1990;1;0
GONERCIN;1;7.3.1958;0;1
SIYIDAHMET;1;3.5.1957;1;0
NIVSICIHAN;3;26.1.1980;0;3
ESMUYE;1;22.2.1961;0;1
EBUKESME;1;5.5.1975;0;1
MEHBUSE;3;26.4.1950;0;3
HUGI;1;28.6.1937;0;1
TEYYIB;2;22.8.1948;2;0
ABDULILHAN;4;27.6.1984;4;0
MULIKIYE;2;11.9.1955;0;2
KARAGOZ;27;3.5.1955;14;13
MASRUK;2;26.5.1981;2;0
BENZER;144;12.10.1967;30;114
KORKU;1;29.7.1935;1;0
KUFI;20;27.4.1953;2;18
BUSIRE;2;29.2.1946;0;2
SIYAHTELLI;1;16.1.1934;0;1
TAYYAN;2;26.7.1968;2;0
MUKFI;1;26.9.1991;1;0
FAYFUR;1;27.12.1968;0;1
YAZICAN;2;22.1.1982;0;2
NEMIHAN;1;10.2.1956;0;1
MUSRUDE;3;27.10.1983;0;3
FEYZIHAN;3;11.8.1977;1;2
CUZERI;2;24.8.1955;2;0
SIMAPERI;11;3.12.1965;0;11
HEKIBE;2;5.6.1968;0;2
ERSIRIN;1;17.5.1978;1;0
HEPER;12;7.10.1963;11;1
ZEBEYIR;4;16.2.1967;4;0
ECI;5;4.4.1948;0;5
HULELE;1;18.2.1954;0;1
EZRAFIL;6;2.10.1974;6;0
MEVZUMELEK;1;6.1.1951;1;0
VEFATTIN;5;12.12.1969;5;0
MUAZAZ;9;14.6.1966;0;9
CENAB;51;29.5.1971;51;0
AZAPSIR;1;9.11.1969;1;0
ELICAN;3;5.3.1968;0;3
HACERAN;6;8.5.1980;0;6
MUSTEZIM;2;1.5.1964;1;1
KOCKAR;2;29.6.1985;2;0
KAZO;4;10.3.1941;1;3
SUMSUR;1;26.1.1957;0;1
HOLI;3;1.10.1966;2;1
HEVU;5;19.4.1935;0;5
MOKSINE;1;8.5.1955;0;1
UMEYE;4;12.3.1983;0;4
OKKAN;18;30.10.1972;18;0
HAZEM;21;28.1.1966;13;8
SEHYAN;2;19.4.1975;1;1
BILYAM;1;15.9.1981;1;0
MIRVARI;15;15.1.1955;0;15
PAHYE;1;30.2.1953;0;1
SELVIM;18;30.7.1974;0;18
MUBBERA;2;17.8.1969;0;2
OGOZ;1;17.5.1960;1;0
NAFIREZ;1;6.7.1967;0;1
ABDULMUKIM;3;12.2.1971;3;0
BALKIZE;24;10.9.1965;0;24
NISTIMAN;12;1.8.1981;1;11
SAKINEH;2;24.1.1964;0;2
GULINDAR;3;30.2.1967;0;3
AYVIN;4;21.7.1979;1;3
OZELM;1;28.6.1991;0;1
SEIMA;19;20.6.1980;0;19
CEVZEL;11;5.4.1978;11;0
BELHA;8;5.10.1962;0;8
RAFIYETE;3;28.3.1955;0;3
HAMDULAH;2;5.12.1974;2;0
SUKURUYE;10;28.6.1965;0;10
MALHUN;8;3.12.1989;0;8
TATMAZIN;1;7.8.1922;0;1
AZEB;2;6.12.1978;1;1
CEDRIS;4;17.11.1967;4;0
SEHRITAN;1;17.5.1954;0;1
FERRUHA;81;5.3.1955;0;81
GULABIN;3;13.8.1983;3;0
SIRIZAT;1;27.2.1954;0;1
GULSIYAH;36;28.10.1958;0;36
SIBAL;8;3.12.1974;0;8
HOZRET;3;4.3.1964;0;3
ZINNI;16;21.10.1956;1;15
MAFARET;14;17.2.1964;0;14
SICA;1;8.3.1968;1;0
NEJMAN;5;7.2.1964;0;5
SUKURYE;24;13.1.1970;0;24
RESMIYA;7;5.5.1968;0;7
K.MESRUKE;1;10.12.1971;0;1
MAYLE;24;19.12.1967;0;24
AHYABEY;1;26.8.1954;1;0
NESURULLAH;5;10.8.1978;5;0
HEDIYEGUL;5;24.3.1978;0;5
ZENNUNE;27;9.1.1963;0;27
SEFIYEDIN;2;27.12.1960;2;0
MUZAHIT;3;17.10.1970;2;1
ROSHAT;6;27.4.1984;2;4
HURIYETE;3;22.10.1971;0;3
ORHANKAZI;1;25.4.1965;1;0
ASIRAN;2;7.9.1978;0;2
GULLIN;3;13.3.1970;0;3
BAHIYET;1;17.8.1930;0;1
HEZERA;1;7.5.1980;0;1
FUATCAN;8;17.1.1988;8;0
SUKRAR;1;10.7.1949;0;1
BEDIKA;6;28.5.1951;0;6
FUDAYIL;25;14.10.1968;25;0
ZURYAN;2;10.10.1948;1;1
UMILE;1;7.4.1988;0;1
SAHANDA;5;17.11.1955;0;5
URUNGU;9;28.7.1970;9;0
LEVIHA;1;14.12.1969;0;1
NURPELIN;9;30.6.1985;0;9
LAHIT;1;15.8.1973;1;0
SEVHAT;16;11.5.1977;7;9
SEPAL;15;16.11.1965;0;15
M.NAFI;6;10.7.1947;6;0
OGNUR;1;7.3.1982;0;1
TELAY;3;7.6.1950;1;2
SUKRANHANIM;1;5.5.1971;0;1
GAHEL;1;27.8.1938;1;0
HUZEYCETE;4;30.2.1968;0;4
SALAR;6;10.9.1963;6;0
MUHTI;7;12.3.1958;5;2
BERAK;16;28.3.1983;2;14
HEM;5;12.4.1945;1;4
HACIBE;11;12.3.1958;1;10
ENZIRE;1;17.2.1954;0;1
FATTIH;1;8.12.1977;1;0
FAHYETTIN;2;14.12.1976;2;0
MEFAHIR;23;20.7.1959;19;4
GULCIRAY;16;30.2.1974;0;16
ISPAHAN;5;1.4.1965;0;5
GURIN;4;29.4.1965;0;4
SAHTIN;1;14.4.1978;1;0
FIDYAT;1;25.3.1961;1;0
YAHYE;22;21.12.1964;22;0
HAZYETE;17;2.8.1968;0;17
KUMRIHAN;15;25.2.1970;0;15
SUKRUSENAN;1;9.11.1969;0;1
GULUNTAN;1;14.5.1964;0;1
ASKINNUR;6;18.9.1988;0;6
BALLIHANIM;1;18.8.1971;0;1
CANSAP;1;7.2.1934;1;0
DIDAN;4;1.2.1942;1;3
MUNTEZAM;2;9.10.1974;0;2
MAYCAN;1;16.5.1988;0;1
ZEREFSAN;24;13.4.1947;2;22
CERIDE;40;14.5.1963;0;40
SARAFAT;3;26.11.1959;1;2
MAHISAKAR;1;26.4.1967;0;1
ELVANNUR;2;30.2.1983;0;2
ZORAP;3;15.5.1974;3;0
MENZURIYET;1;18.9.1948;0;1
HEYBET.;1;6.3.1985;0;1
MERDAS;1;21.3.1941;1;0
SABRULLAH;89;27.12.1981;89;0
MEHMETDINER;1;17.2.1972;1;0
DAGILA;1;22.3.1955;0;1
EMAYIL;1;2.8.1969;0;1
VAHDULAH;1;23.4.1979;1;0
GUNGUR;13;24.5.1969;5;8
BESNAI;1;22.8.1931;0;1
SIMSAT;26;4.3.1955;1;25
GULSONMEZ;2;29.11.1982;0;2
KUMUR;2;16.12.1944;2;0
SONCAN;82;16.7.1978;8;74
GELAVIJ;11;19.3.1980;0;11
FERIYETTIN;1;26.2.1959;1;0
ABDURRAGIP;6;14.4.1985;6;0
NUGAR;1;2.8.1951;0;1
AKDENIZ;24;10.10.1974;22;2
SELTENET;5;18.6.1956;0;5
NIAM;21;4.9.1957;0;21
DELIHA;2;14.9.1956;0;2
NUCIHAN;3;11.12.1961;0;3
NUHU;33;17.11.1963;31;2
SAHISTA;1;2.9.1981;0;1
BIZIN;1;12.2.1941;0;1
TAYYIPET;1;29.5.1986;0;1
ZUBEYER;1;14.1.1952;1;0
OZMAN;14;27.6.1957;6;8
KAMERAY;3;29.1.1978;2;1
NURSAFA;42;28.8.1968;14;28
MIFER;13;5.2.1976;3;10
SINEPPERI;1;16.6.1970;0;1
CEHAVIR;1;6.4.1956;0;1
BISVER;1;17.2.1966;0;1
NEVSADDIN;1;2.10.1975;1;0
CERI;10;23.3.1963;6;4
MAMINT;2;1.6.1959;2;0
AZIFE;19;2.9.1965;0;19
BILGOL;1;25.10.1973;0;1
MUTESIR;8;10.8.1978;8;0
MUSTEHIR;4;12.9.1972;4;0
YUREK;7;9.3.1986;6;1
FIYAS;11;5.6.1965;10;1
HITO;4;11.2.1951;1;3
BADISEHE;1;12.8.1971;0;1
ELFIYA;13;13.6.1973;0;13
SELIVA;1;9.2.1954;0;1
SURACEDDIN;1;2.2.1951;1;0
ZIMO;4;23.8.1953;0;4
NURETTTIN;6;18.4.1973;6;0
FERZANDA;5;9.5.1958;5;0
HEBIP;69;21.12.1963;69;0
SUVAYLE;1;24.2.1992;0;1
SEKNAN;7;11.12.1956;0;7
RUHAFZA;10;18.12.1960;0;10
EMENATULLAH;1;17.10.1969;1;0
SULSEN;3;17.10.1971;0;3
TEYYUPHAN;1;2.6.1969;1;0
MEZIT;3;2.11.1960;2;1
SAHZADA;3;4.9.1949;0;3
SEYAHATTIN;4;1.8.1971;4;0
ALEKBER;25;12.1.1965;25;0
SANIYETE;1;17.8.1972;0;1
BAYROZ;1;20.5.1972;1;0
ROJGAR;1;18.8.1974;0;1
ENUVER;2;13.12.1968;2;0
HAVSET;16;8.12.1962;0;16
YEMENHAN;1;27.2.1962;1;0
SARAYA;2;7.9.1952;0;2
HUCRIYE;38;11.8.1957;0;38
BINNAKS;1;27.2.1962;0;1
ZEMO;40;20.4.1956;0;40
MAHMIRE;6;23.4.1958;0;6
NALYEHAN;1;1.4.1946;0;1
SEHMOS;1;1.7.1967;1;0
BAZIHAN;1;28.8.1944;0;1
MERUSEN;2;26.11.1969;0;2
HAKKIM;2;19.4.1978;2;0
BAKLISE;1;7.2.1964;0;1
BEGIHANIM;1;28.4.1972;0;1
KEHRIME;1;15.5.1988;0;1
HURMI;62;30.8.1942;1;61
KARDRIYE;3;7.10.1979;0;3
SEHZENAN;6;15.10.1958;0;6
MAHIYETE;13;8.12.1976;0;13
AILETE;1;26.11.1972;0;1
HESINA;12;2.11.1962;0;12
MAGAZ;1;23.6.1991;1;0
HEMU;5;1.9.1934;4;1
ZERHETTIN;1;22.8.1979;1;0
SEHMOZ;1;2.2.1969;1;0
BIZDAR;2;23.3.1964;2;0
SEMIYAN;16;29.5.1968;2;14
ESFIYE;20;1.12.1963;0;20
MHEMET;1;1.11.1985;1;0
BAHYA;1;12.3.1959;0;1
PAYAL;1;4.8.1979;1;0
REKABET;1;2.5.1974;0;1
VASVETTIN;10;12.1.1971;10;0
LUVEYZA;3;14.12.1964;0;3
GULMUKADEST;1;21.5.1982;0;1
RESMIHAN;7;13.12.1964;0;7
NIYAZIN;4;4.4.1974;4;0
NESRET;38;12.3.1965;22;16
MESKINE;2;10.1.1988;0;2
MEHFI;4;7.3.1972;4;0
TOMHAZAR;1;27.2.1974;0;1
TORUL;3;19.5.1943;2;1
NEMES;1;17.2.1960;0;1
PAVIZ;2;23.8.1963;0;2
LITFAN;2;2.3.1969;1;1
BOZAK;1;27.2.1956;1;0
CAVZET;1;22.3.1955;1;0
ENVAR;14;11.11.1967;13;1
NEVDET;11;16.3.1968;9;2
ZULFKUF;1;3.6.1966;1;0
HALHAL;1;23.11.1960;0;1
CEVAHRAN;1;27.8.1968;0;1
MUHTIYE;23;17.12.1961;0;23
MAMGULI;1;11.4.1963;1;0
MIROMER;1;21.12.1974;1;0
HELEF;2;17.3.1972;2;0
SUBHA;4;25.7.1945;0;4
DENIZA;2;12.5.1991;0;2
BANAHI;2;4.3.1974;0;2
NIHO;2;7.11.1951;1;1
HIRMIK;3;30.11.1941;0;3
GIYADIN;4;14.10.1955;4;0
SISU;2;23.8.1942;1;1
KICAL;1;7.8.1922;0;1
MELHAM;4;28.3.1958;3;1
ALU;4;27.6.1935;4;0
HIFI;1;2.8.1933;0;1
SUHI;9;12.4.1952;3;6
DEMIYE;1;1.6.1979;0;1
MAYSET;1;3.5.1957;0;1
ISYAR;23;19.10.1971;23;0
URIFA;2;14.12.1963;0;2
GULUNDAR;11;11.9.1978;0;11
ANTICA;1;17.5.1984;0;1
HANGIL;1;17.2.1966;0;1
BESRE;13;24.11.1951;0;13
ELIDIA;1;25.2.1974;0;1
VAHDDETIN;1;18.6.1978;1;0
GULSUSUN;1;21.11.1972;0;1
SELEDIN;2;14.3.1966;2;0
KUTFETIN;1;22.2.1967;1;0
GUNLAZ;7;12.6.1952;0;7
YESRIP;12;15.4.1980;7;5
RAHIYETTIN;1;12.4.1947;1;0
AHRET;18;24.1.1967;2;16
GULCEMAT;1;25.4.1988;0;1
RAZINIHAT;1;26.1.1983;1;0
SONIYE;6;3.1.1981;0;6
MEHMETSAHIN;4;15.10.1974;4;0
MIRSEVDIM;2;6.3.1963;2;0
HERAT;26;12.9.1955;0;26
SUVATI;5;4.10.1969;4;1
SALIZE;2;20.9.1972;0;2
ABRUZ;1;16.6.1946;0;1
SUKURAN;18;20.4.1972;0;18
BELKINAZ;7;6.10.1957;0;7
MALIHA;19;21.12.1967;1;18
SUHBEDDIN;1;17.3.1966;1;0
ISTEREM;3;19.7.1953;0;3
SALEDDIN;4;4.6.1970;4;0
ARIB;1;1.3.1968;1;0
SURACADDIN;1;26.3.1967;1;0
IZLIFE;7;27.5.1978;0;7
FIRIGAN;4;11.1.1963;0;4
SUSLUCAN;3;30.3.1987;1;2
KIYASET;11;12.10.1964;0;11
GULUME;15;27.8.1962;0;15
FIYETE;1;26.12.1977;0;1
FARRAH;2;24.5.1980;0;2
BESRAYIL;6;9.8.1961;0;6
FAHIMET;6;9.4.1956;0;6
HEBO;2;12.6.1956;1;1
ESRIFE;4;17.3.1970;0;4
ZEFER;4;7.10.1967;4;0
ABDURAKIP;6;8.11.1978;6;0
GULKEREM;6;30.6.1967;0;6
NIMETULAH;2;19.4.1979;2;0
FETTULAH;6;9.3.1977;6;0
MEHMETRACI;2;17.7.1964;2;0
SUDAGUL;10;26.9.1967;0;10
SENEMGUL;56;23.9.1964;0;56
TENNURE;60;19.10.1957;0;60
SAADIN;26;11.3.1968;26;0
ULGAR;97;13.12.1970;60;37
ESMETULLAH;42;27.10.1978;42;0
SADINAZ;122;4.10.1960;0;122
MEHMETSIDDIK;80;13.2.1969;80;0
EFRUN;1;5.5.1983;1;0
GUNAF;1;20.6.1954;0;1
MEZULE;9;7.7.1966;0;9
HUCCETE;1;26.6.1960;0;1
ZERKELAM;2;22.9.1945;0;2
SEFILMULIK;1;28.2.1971;1;0
MUNEVS;1;22.3.1953;0;1
RAFUYE;1;2.2.1951;0;1
CUBEYDE;1;16.3.1976;0;1
MIRHAKIM;1;23.6.1967;1;0
FEYZEDIN;8;10.10.1982;8;0
MOHITTIN;4;6.9.1948;4;0
SARIYER;1;30.10.1971;0;1
SARLE;1;27.2.1956;0;1
SUHYEDDIN;2;16.1.1963;2;0
CECIZ;1;2.5.1987;1;0
FEHRUZE;5;29.5.1955;0;5
MUMTEZI;1;15.1.1974;0;1
M.ZAHIR;3;2.11.1953;3;0
ZIYDE;2;26.6.1945;0;2
VAHBETTIN;9;18.8.1969;9;0
RUHAZA;1;19.6.1966;0;1
GULNESE;18;21.2.1969;0;18
ROZYA;1;26.11.1971;0;1
AYRIM;7;3.12.1978;3;4
FAIMA;20;15.9.1970;0;20
NEMIRAN;1;29.11.1979;0;1
ZULKEF;27;22.10.1958;25;2
VASVEDIN;3;2.9.1967;3;0
SEHRENK;1;17.6.1972;1;0
MEHEMT;21;10.5.1980;21;0
YUSEYIN;1;17.8.1948;1;0
COLU;4;3.3.1944;4;0
SUVAYLA;2;22.2.1964;0;2
PILTON;2;10.9.1955;0;2
NISRICIHAN;2;23.10.1968;0;2
MEHMETISA;1;22.5.1973;1;0
LAYIZER;1;10.10.1948;0;1
SOHURYE;1;12.3.1965;0;1
HEYDER;2;12.8.1966;2;0
AMENE;3;14.2.1972;0;3
SILT;1;7.8.1934;0;1
HIVREN;3;26.8.1985;0;3
HAKIKE;20;8.11.1955;0;20
BAVA;1;26.2.1967;1;0
SAHIZERI;1;26.10.1960;0;1
CAZMI;3;14.1.1961;3;0
HEZARAN;2;24.11.1951;0;2
GAHAR;12;19.2.1964;1;11
MIKSAL;2;4.3.1960;0;2
SEDETTIN;11;24.11.1961;11;0
SINET;3;14.12.1968;0;3
VAHBEDDIN;4;11.8.1976;4;0
BERZANA;1;16.10.1980;1;0
CETHAN;2;22.11.1972;2;0
MEHSINA;1;2.9.1978;0;1
ZEYIDDIN;2;22.4.1953;2;0
MEMFI;1;5.2.1989;1;0
FARHADDIN;2;14.4.1965;2;0
NIHAC;1;7.5.1970;1;0
IBRAHIMHAKKAN;1;1.9.1974;1;0
GULAYTEN;15;16.10.1957;0;15
TAMAMGUL;15;3.6.1962;0;15
IHSAK;8;4.2.1973;8;0
MESRIBE;1;9.2.1976;0;1
KOLUZ;2;10.8.1970;2;0
ABDULBURHAN;1;27.7.1987;1;0
SAHINHAN;4;18.8.1978;4;0
VEHBEDDIN;1;9.1.1976;1;0
NAILA;31;6.6.1965;1;30
HANIMCA;6;4.2.1953;0;6
GULUZADE;3;20.11.1973;0;3
HUSEYIRN;1;1.5.1990;1;0
ABDULMUSLUM;3;16.10.1967;3;0
SIMERZA;2;1.11.1943;0;2
HAMIN;6;20.2.1974;1;5
SHIRIN;6;24.11.1977;0;6
ABDULELAM;1;17.9.1950;1;0
MUHBIDDIN;1;16.9.1980;1;0
EBUZID;1;18.3.1964;1;0
TEYBBET;1;1.12.1991;0;1
MUFTI;20;16.4.1951;20;0
HEYIFAN;1;17.6.1966;0;1
KORKIN;1;17.4.1933;1;0
CEZALI;4;13.7.1957;4;0
MEHME;9;10.8.1982;9;0
SIYABANT;1;2.2.1957;1;0
HONAV;2;19.11.1963;0;2
MURSIKE;2;7.2.1967;0;2
ISAHAN;12;2.1.1962;12;0
M.CEMAL;15;23.1.1949;15;0
GOLUZAR;11;13.6.1962;0;11
TASHIA;1;25.5.1973;0;1
NUSFICIHAN;1;29.7.1975;0;1
HAYNIYE;3;26.12.1961;0;3
MAKBUEL;1;22.3.1955;0;1
GULERCAN;40;22.1.1971;1;39
GULNENE;4;3.10.1968;0;4
MUYETTIN;2;14.8.1961;2;0
TEZILE;8;16.7.1962;0;8
CIGOEM;1;25.10.1990;0;1
MERDEHAN;5;6.11.1963;5;0
TAYIBBET;1;21.8.1990;0;1
HAYZEREN;5;29.1.1968;0;5
ABDULGANNI;2;21.8.1957;2;0
ECAT;2;28.4.1976;2;0
YILAY;60;24.5.1972;27;33
REDIP;3;29.6.1968;3;0
BIDEMGUL;1;22.3.1991;0;1
SUTE;26;21.3.1948;0;26
ZEYTULLAH;7;4.8.1970;7;0
MURICIHAN;2;25.4.1970;0;2
SARYE;18;21.4.1969;0;18
HALLIME;1;16.6.1965;0;1
ABDURRREZZAK;1;1.12.1990;1;0
ZUMMEYRAN;1;16.6.1987;0;1
NAZARA;2;29.12.1958;0;2
CASRA;2;21.7.1977;0;2
NAZIZE;6;30.9.1959;0;6
ZUBAR;1;25.12.1988;0;1
FIRDEFS;7;9.8.1962;0;7
HIRIK;1;21.3.1929;0;1
SUREYLE;1;18.10.1972;0;1
RIKIYETE;2;17.5.1981;0;2
SEMLI;2;17.10.1956;0;2
GULFET;34;23.5.1956;2;32
HERDENCAN;2;29.3.1968;0;2
AKBULE;1;22.2.1973;0;1
KUMIRYE;1;8.11.1966;0;1
MIRNAZ;14;7.5.1958;0;14
NECIFZADE;2;8.8.1958;1;1
BULKIYE;5;2.8.1952;0;5
GEMGIN;1;5.7.1981;1;0
GUNISAN;4;7.9.1983;0;4
MEREMA;3;15.1.1964;0;3
CIDAR;4;29.11.1983;4;0
GULHAYRAN;6;28.7.1955;0;6
TEYMURHAN;1;10.11.1980;1;0
AHBILE;1;27.12.1975;0;1
NUSFIYE;6;6.7.1969;0;6
TILLIZER;1;24.9.1949;0;1
SEHERHAZ;1;21.5.1983;0;1
COZI;5;12.1.1969;2;3
NEVZULLAH;2;28.2.1977;2;0
SUKURULLAH;8;3.1.1983;8;0
MOHTULA;1;5.8.1947;1;0
GULUCE;3;17.4.1969;0;3
CILLINAZ;1;18.10.1956;0;1
SURUC;4;11.6.1974;3;1
MAHTU;1;14.3.1991;0;1
SUCAT;2;2.2.1971;0;2
NAYSEL;3;9.8.1971;0;3
MIKI;1;2.10.1975;0;1
GAYBEDDIN;1;28.5.1949;1;0
NAYSE;3;9.8.1968;0;3
DURDUMAN;2;4.1.1940;0;2
NURTELIN;1;8.8.1969;0;1
A.RAHMAN;6;24.4.1954;6;0
HICAZETTIN;2;26.12.1957;2;0
M.NECIP;6;21.7.1953;6;0
HULEYDA;2;26.5.1986;0;2
VEHBULLAH;5;3.7.1973;5;0
AKIFHAN;2;26.10.1980;2;0
ZULBAHAR;37;20.7.1951;31;6
EMRUS;31;1.2.1954;30;1
SURAL;25;8.7.1967;19;6
ANJELIK;3;1.9.1970;0;3
TERGUL;42;14.8.1965;0;42
BAYRAHMET;1;2.9.1989;1;0
SEZAT;19;26.1.1963;15;4
ZEMYEZER;18;25.9.1978;0;18
SUTTIYE;7;16.10.1962;0;7
M.BAKI;20;26.2.1954;20;0
FAYILE;16;20.2.1967;0;16
TEKNAZ;105;20.6.1970;0;105
ANTISAH;1;12.8.1941;0;1
NEVVAL;33;27.6.1954;0;33
BASYIGIT;1;4.8.1936;1;0
KADIRIGUL;1;22.2.1967;1;0
SABAHATDIN;70;26.1.1959;70;0
GULVESIN;77;9.3.1968;0;77
FERUL;6;8.4.1952;5;1
OMURUYE;50;14.3.1964;0;50
SEREFIYE;73;30.8.1960;0;73
ZERIKE;1;22.2.1955;0;1
MUHTESIP;3;23.3.1972;3;0
MELBIYE;2;17.6.1972;0;2
ELYAZ;28;15.10.1966;28;0
ESMETTULLAH;2;25.8.1976;2;0
DAGDAGUL;10;12.6.1962;0;10
FADDEN;3;30.1.1975;0;3
ZIHNIYAR;5;20.9.1953;0;5
MUNASIYE;8;17.5.1953;0;8
EZDER;14;8.11.1964;14;0
ELFIZA;9;27.9.1944;0;9
IFAKA;4;10.6.1940;0;4
KITAVIN;13;14.9.1951;0;13
SAHPAZ;19;6.1.1959;17;2
SENADI;3;29.2.1952;3;0
ALAMETTIN;313;12.2.1972;313;0
GULZIRIN;53;30.11.1970;0;53
IJLAY;9;9.9.1974;0;9
SADITTIN;20;9.3.1951;20;0
ZERDO;21;1.4.1941;1;20
FERENDE;12;21.9.1947;0;12
ELIFIYE;24;21.9.1961;0;24
NEVCUMAN;2;19.9.1964;1;1
UZEYIN;4;23.1.1971;2;2
EBIS;154;10.8.1956;0;154
HALIKE;12;11.5.1967;0;12
NURFEZA;24;4.4.1963;1;23
AYTAF;1;4.8.1970;0;1
NUHULE;1;29.4.1970;0;1
EZLAN;3;23.8.1968;0;3
GULLABIYE;76;9.4.1958;0;76
OMURNAZ;12;28.2.1972;0;12
MUHAMETCEM;1;21.4.1960;1;0
GULGUZEL;61;5.9.1958;0;61
ELIMAN;20;11.10.1954;7;13
BEISE;14;24.6.1963;0;14
PUNYAMIN;1;6.3.1961;1;0
BASAY;3;24.3.1986;0;3
MUADDER;52;6.6.1955;1;51
MINVAL;5;17.5.1961;1;4
MERIHAL;2;29.11.1957;0;2
ELHIZAR;1;13.1.1959;0;1
APTIL;81;1.8.1962;81;0
MUKADDERIYE;3;28.1.1949;0;3
MACUT;3;9.10.1971;3;0
RUKMAN;28;14.10.1948;0;28
CAVIDER;2;19.12.1951;0;2
PERIYA;18;7.3.1967;0;18
NESMINE;3;9.7.1946;0;3
TUNSER;2;25.4.1946;1;1
HUBEYIP;4;9.3.1983;4;0
MUHRE;9;19.9.1953;3;6
UDAI;3;10.10.1965;3;0
KADIL;5;19.5.1948;5;0
BEYADIN;42;16.5.1953;42;0
VAYIDIN;2;7.8.1952;2;0
SEIME;11;16.1.1954;0;11
GULVINAZ;3;4.9.1968;0;3
TEFHIDE;12;13.3.1959;0;12
MINDA;2;30.10.1967;0;2
NURSADAN;4;5.6.1963;0;4
ANIF;8;18.9.1953;8;0
GULBAKI;85;27.4.1953;11;74
RAGMAN;3;18.5.1957;2;1
RABIL;14;16.1.1960;10;4
MADUME;13;10.7.1953;0;13
FISON;19;26.6.1966;0;19
NIFAR;4;28.2.1977;0;4
FEYBALI;1;12.8.1953;1;0
BEGLIYE;78;20.10.1949;0;78
GULBENDI;15;24.6.1958;0;15
ALIZAR;12;23.2.1958;12;0
GULFIZE;265;23.6.1961;0;265
ALAAITTIN;4;22.12.1973;4;0
MUTALLIB;1;27.1.1956;1;0
FERKI;27;13.10.1952;27;0
BATLIMAN;13;13.5.1950;13;0
MAFIKAR;4;9.12.1952;0;4
ZUREFA;10;8.1.1946;0;10
HILTER;2;17.8.1965;1;1
AVISE;22;25.10.1950;0;22
NACIVER;2;2.5.1964;0;2
SINANCAN;8;1.9.1988;8;0
SEVDAI;19;19.3.1953;17;2
RUDIYE;27;24.11.1958;0;27
PEVRIN;37;22.9.1966;0;37
BAHTLIMAN;4;3.10.1968;4;0
YILMAS;6;27.6.1970;6;0
FEYBAKI;3;15.2.1959;3;0
GULFERA;29;12.1.1962;0;29
MUNESE;4;9.10.1962;0;4
RAIMET;2;20.1.1942;0;2
GULLUYASA;19;1.2.1961;0;19
SERDALI;4;12.11.1961;4;0
HILALIYE;24;24.3.1954;0;24
TINAY;13;23.7.1977;7;6
DERHIYE;1;29.3.1977;0;1
NILNUR;11;6.11.1967;0;11
URGE;5;5.3.1953;0;5
TARGAN;24;17.1.1965;24;0
TADILE;1;27.11.1950;0;1
MILHAC;2;14.9.1959;1;1
GULSUMKADIN;1;17.11.1948;0;1
MEDIFE;6;22.2.1952;0;6
NAVER;12;24.8.1966;9;3
MUDAVIM;4;30.1.1946;4;0
IYIT;2;2.7.1951;2;0
SADBER;117;13.5.1950;0;117
HACERIYE;67;13.11.1961;0;67
SALIMAN;7;17.2.1960;3;4
KADRULLAH;2;19.1.1966;2;0
DILDAN;23;23.6.1966;0;23
GULVIDA;2;4.3.1970;0;2
DUNDANI;1;11.3.1969;0;1
MEVRIKE;3;25.2.1962;0;3
BEYYAN;7;12.4.1956;1;6
GUZELIYE;1;17.2.1972;0;1
GORGUL;19;4.2.1968;2;17
SUAYIBE;8;11.4.1962;0;8
MINIRIYE;38;26.9.1964;0;38
AKLEME;1;21.5.1980;0;1
EMILIYA;10;18.6.1965;0;10
NETUBE;1;18.5.1944;0;1
HAVALIYE;5;2.12.1958;0;5
GULRENGI;62;27.2.1956;0;62
OMURYE;48;26.4.1964;0;48
GULHANIFE;2;4.12.1956;0;2
SEFAHIYE;6;29.2.1965;0;6
MAHSINA;2;2.5.1977;0;2
MUKSUM;1;12.4.1978;0;1
GADERULLAH;1;28.8.1966;1;0
DURUKADIN;24;10.8.1957;0;24
BUGTAN;1;19.5.1980;1;0
NICO;1;7.8.1922;0;1
SEZIYE;8;24.5.1955;0;8
VEHRI;44;22.9.1959;0;44
ATICA;5;27.12.1961;0;5
FATIMATI;6;18.5.1967;0;6
SEYCANIM;2;12.5.1967;0;2
SUMIYE;15;23.8.1974;0;15
MEHEBBET;11;22.3.1958;0;11
MERKOBE;1;8.11.1939;0;1
FAHRINEZ;1;18.1.1956;0;1
GULUREN;3;24.12.1953;0;3
MUDAHIM;5;18.8.1961;5;0
GELAY;4;21.12.1974;1;3
SERUN;6;22.4.1966;1;5
SEHPAZ;1;7.8.1922;1;0
GULISIL;4;27.6.1974;0;4
NILDAH;2;30.3.1981;0;2
ZIYANET;4;30.5.1955;0;4
ZERDISAH;30;4.7.1956;0;30
ALIVERDI;1;26.6.1973;1;0
HABIRE;14;4.4.1949;0;14
MILASIYE;1;12.9.1946;0;1
ANABACI;14;25.11.1943;0;14
MERINOS;2;13.3.1970;0;2
ZEYNEBAN;1;12.3.1971;0;1
HACRA;19;24.5.1968;0;19
BERKALP;13;18.11.1980;11;2
MERAKZAMAN;2;5.4.1972;0;2
IMADITTIN;9;5.2.1957;9;0
KABINE;4;26.6.1969;0;4
BESBINE;209;8.6.1960;0;209
RUKYATE;3;26.3.1974;0;3
SOYLECAN;1;10.12.1975;0;1
NECIBITTIN;18;28.11.1956;18;0
NIHIR;6;14.5.1974;0;6
ZEKMAN;15;12.3.1945;15;0
LEBI;14;4.9.1959;12;2
PERVINGULER;1;12.5.1972;0;1
CAMFIDE;1;18.8.1959;0;1
MUHAL;7;11.1.1967;4;3
GULFU;16;28.6.1956;1;15
GEVRISAH;72;8.11.1960;0;72
GUNBEYI;2;28.10.1933;2;0
GUNAS;5;5.4.1964;0;5
FEMIL;9;28.1.1963;9;0
PORSOR;258;3.3.1958;0;258
SAIMEDIN;1;12.4.1947;0;1
BELAIDDIN;1;5.6.1956;1;0
TEVEKKELI;6;12.9.1961;6;0
SENADDIN;23;30.3.1975;23;0
ZULFIRAZ;15;5.8.1954;0;15
ZUMRUGUL;15;18.5.1956;0;15
TEVREK;1;24.3.1972;0;1
YORUK;27;25.4.1973;27;0
BIRYIL;1;11.1.1977;1;0
RESAHI;1;12.3.1941;1;0
ANOS;54;10.10.1948;0;54
ZULKIFIL;70;27.8.1957;70;0
SATBER;33;28.2.1944;1;32
KUHERIYE;1;17.4.1930;0;1
SUVAL;40;11.3.1968;2;38
VEDAHA;8;8.10.1962;0;8
BEYTUNUR;5;15.3.1969;0;5
NAZUM;2;16.3.1967;2;0
HURKUS;6;8.7.1959;0;6
MUCAHIP;2;28.5.1974;2;0
YESURE;27;25.12.1973;0;27
SESMAN;1;12.2.1980;0;1
ERKINAZ;6;29.3.1965;0;6
FISSUN;9;28.1.1963;0;9
TORGAY;9;12.6.1957;8;1
TONCEL;1;22.6.1948;1;0
AKCEL;2;4.11.1947;1;1
M.KEMAL;83;13.1.1946;83;0
LIUZE;2;24.4.1949;0;2
TERLEN;6;20.7.1967;0;6
BEYIYE;55;21.3.1961;0;55
REGUL;9;12.12.1961;0;9
MUNIDE;2;23.4.1967;0;2
EFGAR;1;22.6.1975;1;0
ALAMIYE;2;21.5.1948;0;2
CEMRAL;3;23.4.1962;1;2
HASKAN;4;16.11.1965;4;0
SALETIN;3;20.6.1963;1;2
TANSEF;1;6.4.1966;0;1
GULPARIYE;1;7.2.1964;0;1
ZULUFKAR;9;12.6.1970;7;2
FAYZI;4;19.2.1966;4;0
SERGUZER;5;29.9.1952;0;5
ZULEN;2;29.2.1960;0;2
OZBILEK;1;1.6.1972;1;0
MUTERRA;3;2.2.1959;0;3
CAVAN;1;8.9.1966;0;1
TONAY;51;21.8.1969;44;7
MUCADIYE;70;15.2.1965;0;70
MIRSIYE;3;17.7.1966;0;3
USNA;5;17.6.1954;0;5
SUFUYAN;4;16.1.1957;4;0
GULIRYEN;1;7.4.1964;0;1
SUDRET;76;22.7.1960;0;76
CATHERINE;26;8.5.1966;0;26
YASIYE;212;25.3.1967;0;212
FATMATUL;44;2.3.1976;0;44
INKAN;1;18.4.1971;1;0
MURBAN;4;26.4.1967;0;4
SIRIKA;1;17.8.1924;0;1
FIGANIYE;1;26.4.1958;0;1
NEVAIP;4;8.6.1947;4;0
MURIFETTIN;1;26.10.1965;1;0
GULERGIN;3;1.5.1957;1;2
MUTAHIRE;14;8.9.1959;0;14
UDNAN;1;1.2.1962;1;0
SEFEAT;8;23.12.1980;1;7
MEZINE;8;19.12.1952;0;8
SADIE;10;4.6.1969;0;10
FIGANI;41;16.5.1967;39;2
CILENTI;3;8.8.1960;1;2
FUSSUN;5;5.9.1974;0;5
KEREME;1;11.10.1975;0;1
EJIDE;5;24.5.1961;0;5
FELDE;4;27.1.1954;0;4
RALAN;1;4.2.1978;0;1
MUSEBBI;7;28.12.1954;0;7
BIHICE;2;5.8.1964;0;2
CANTEN;24;20.1.1967;1;23
GULYASA;60;8.7.1961;0;60
FEYRU;1;1.1.1;1;0
GURDENUR;3;26.2.1950;0;3
RESUHA;1;20.12.1972;0;1
PAHIZER;2;3.7.1961;0;2
GILMEN;43;4.12.1960;0;43
GULBAYAR;5;6.9.1958;0;5
ZULEY;8;15.2.1964;1;7
SAMRIYE;4;6.11.1963;0;4
TICAN;61;14.2.1972;0;61
HATTAN;1;28.10.1987;1;0
SEAP;2;8.12.1975;1;1
MUSEVIYE;8;22.9.1970;0;8
IKMAL;35;23.6.1956;16;19
MUHERREM;17;27.7.1961;16;1
MERGUZEL;16;21.8.1963;0;16
DESEN;30;9.10.1983;2;28
RABIC;8;10.1.1951;0;8
HACAT;2;21.8.1953;2;0
MIMOZA;19;19.7.1975;0;19
IRDESEL;1;4.8.1949;0;1
TUNSEY;1;3.10.1941;0;1
YASIYANHANIM;1;12.12.1971;0;1
NIYATTIN;5;15.1.1953;5;0
ALIMCAN;21;23.9.1966;21;0
MAZLUMA;197;20.1.1958;0;197
GUNSAN;13;14.3.1962;1;12
UZEYMEN;7;11.2.1952;0;7
NURSAHVAR;1;21.11.1952;0;1
OZPAR;1;13.12.1970;1;0
IKAFA;1;12.8.1953;0;1
SEREFFETTIN;7;5.9.1966;7;0
FERRUZ;18;26.6.1965;15;3
TALIHHAN;1;8.4.1952;0;1
SEFIRIDVAN;1;26.12.1959;1;0
RUHBER;13;6.4.1957;0;13
MEFULE;6;26.4.1981;0;6
MEPRIKA;1;24.5.1937;0;1
MEMDU;10;8.7.1964;10;0
MABER;82;30.7.1950;0;82
SERPUR;1;21.8.1971;0;1
OFLAZ;4;27.11.1959;4;0
DOGANGUL;14;13.10.1965;1;13
MENGU;67;5.2.1971;49;18
MUNIZE;9;25.3.1959;0;9
YASAH;7;11.2.1949;1;6
URIDE;15;30.8.1959;0;15
SUBETI;1;30.3.1950;0;1
GULABE;1;7.4.1958;0;1
MAYINNUR;1;18.3.1970;0;1
CEMENGUL;3;5.6.1958;0;3
GULPELIN;4;20.9.1979;0;4
TOKER;62;28.9.1967;61;1
ZULKANIYE;4;1.10.1956;2;2
VERGI;64;23.12.1966;41;23
KEYRI;1;27.10.1957;0;1
SEYRAFI;4;19.9.1970;4;0
RUHPER;15;9.1.1957;0;15
VEZIKA;1;27.8.1950;0;1
CEDIT;8;20.4.1967;8;0
BENANE;11;10.12.1954;0;11
SEFAHADE;1;13.7.1956;0;1
SAIFE;36;10.9.1961;0;36
BEYYE;58;3.3.1959;0;58
SERDER;14;21.3.1968;13;1
VEFKI;40;1.5.1952;40;0
SEMENBAY;1;7.7.1964;0;1
GUNNISA;1;18.10.1981;0;1
MUDURGE;2;8.1.1946;0;2
GURDINC;1;2.12.1969;0;1
UMMUNISA;1;29.5.1975;0;1
NERFIDE;23;25.5.1949;0;23
FAALIYE;1;14.7.1941;0;1
NIZAT;6;4.6.1954;3;3
GULEMRE;12;2.9.1967;0;12
ERBA;4;15.2.1967;2;2
ELVUN;3;18.1.1969;3;0
AYAZA;1;27.2.1935;0;1
REKABE;1;4.6.1972;0;1
ALAZA;1;3.12.1985;0;1
RIKSAN;2;23.9.1938;0;2
ARUZ;31;27.8.1959;2;29
MEREM;46;10.6.1959;0;46
M.MUHARREM;4;26.1.1947;4;0
MEMDUK;5;1.4.1964;5;0
TALIHIYE;2;10.3.1959;0;2
NESIRA;6;26.9.1970;0;6
BEHZA;10;22.8.1955;0;10
FELIN;2;14.5.1978;0;2
GUNPAR;4;19.2.1972;4;0
FIZUN;8;24.2.1964;0;8
KEFAEDDIN;4;22.3.1969;4;0
ZERGUZER;5;29.8.1962;0;5
KANIRE;4;19.2.1957;0;4
TANIK;15;5.4.1974;15;0
ULKUS;20;20.4.1957;0;20
SAMADIYE;1;7.4.1946;0;1
GULEYCAN;21;11.3.1985;0;21
OKDEM;8;18.12.1969;8;0
GULERGUN;42;30.1.1956;0;42
SINEMIS;44;25.7.1981;0;44
DONISER;1;1.7.1941;0;1
MAHISAR;2;9.1.1928;0;2
TURKULER;12;15.1.1986;0;12
EREK;15;11.3.1980;10;5
ABDULZAFER;2;6.7.1961;2;0
YELIN;31;6.10.1985;0;31
MUCUDE;24;3.9.1962;0;24
UNKILAP;1;16.10.1945;0;1
CEMILHAN;6;3.11.1976;5;1
BARTU;93;14.12.1986;93;0
TULAS;1;16.5.1947;0;1
BEYOL;8;4.2.1960;8;0
NURENDAM;6;28.12.1972;0;6
NAISE;17;1.12.1955;0;17
HIDIRAGA;1;30.6.1954;1;0
GUZBER;1;26.9.1959;1;0
ULYANA;2;11.8.1974;0;2
SUZYAN;9;9.4.1973;0;9
NILER;8;10.10.1975;0;8
TEMASAH;1;1.9.1979;0;1
EKREMIYE;12;21.10.1959;0;12
SABIDIN;15;26.1.1959;15;0
NAYSERIN;1;7.7.1981;0;1
TURKDOGAN;6;15.9.1960;6;0
YASARVECDI;1;14.3.1947;1;0
NEDIA;5;28.5.1949;0;5
EMRAHCAN;8;3.7.1984;8;0
CEZERIYE;1;14.3.1947;0;1
TOTO;8;26.6.1959;0;8
CEMINE;66;27.4.1959;0;66
MUSKILE;16;6.11.1953;0;16
ZURAFA;20;9.5.1945;0;20
OZCIN;3;12.9.1985;0;3
FERDON;18;12.2.1959;18;0
ANAMSAH;3;13.7.1954;0;3
ISILBAZ;1;22.2.1949;0;1
MERGUZER;2;18.12.1937;0;2
BEKLIYE;1;17.8.1930;0;1
RAGBEYDIN;1;2.8.1951;1;0
NEZIZ;3;22.10.1955;0;3
ISMETHAN;8;12.7.1965;1;7
CAMAN;2;2.12.1974;0;2
DEMIRE;161;2.2.1950;0;161
TURTIYAN;1;5.7.1927;0;1
MURUFE;119;13.10.1955;0;119
LULFER;9;27.10.1966;0;9
A.SETTAR;1;26.11.1965;1;0
BERKUZAR;8;3.11.1945;0;8
VALYIDE;1;12.8.1953;0;1
SAHIFETTIN;1;1.11.1960;1;0
SECLA;7;30.11.1957;0;7
CUFER;6;1.4.1949;1;5
SELEMAN;3;23.1.1959;1;2
SAINDE;9;30.1.1958;0;9
ZEYLE;3;12.2.1966;0;3
ZULKAMIN;3;30.7.1967;3;0
NAGIYEN;6;16.4.1971;0;6
YONUZ;210;18.5.1960;210;0
URBUS;1;22.8.1925;0;1
CANSAH;35;22.8.1959;25;10
MAKFIRE;95;16.6.1955;0;95
MURTEZAN;12;21.11.1958;12;0
ARZIYAN;3;22.7.1958;0;3
BAFIDE;29;7.5.1956;0;29
SADANE;8;13.10.1947;0;8
ALIKE;10;9.7.1950;0;10
ILALDI;1;24.1.1940;1;0
NASIBIN;11;22.1.1961;3;8
CUNIYET;16;27.5.1971;16;0
ZANI;8;3.8.1949;8;0
TARIF;32;21.4.1952;7;25
ZEDIFE;36;2.11.1961;0;36
SELVISAH;48;9.4.1955;0;48
YEKTARE;2;22.8.1931;0;2
ESHO;1;2.8.1927;1;0
NURKALEM;4;27.7.1966;0;4
FILIZIYE;13;16.10.1959;0;13
GUZEF;4;26.9.1950;0;4
ZURAFE;8;2.4.1943;0;8
FIKRUN;1;2.2.1969;0;1
SALYA;6;11.3.1957;0;6
GONULSEN;20;17.8.1953;0;20
LEBER;8;26.8.1945;0;8
SAGUN;1;7.1.1946;1;0
NAKLIYE;13;19.4.1952;0;13
SIRIYE;43;3.8.1958;0;43
GUNTURKUN;4;26.2.1952;4;0
ZERGUZAR;2;12.1.1941;0;2
ZURAFET;19;4.3.1955;0;19
MISIN;1;2.8.1939;1;0
HIDAETA;1;25.10.1961;0;1
SEVGE;6;26.10.1973;0;6
UMMUSEN;415;3.11.1965;0;415
MERDEN;28;6.8.1968;25;3
SAYGIYA;1;12.5.1959;0;1
YORMA;1;6.11.1979;0;1
BINES;16;1.11.1962;0;16
MAIZER;80;28.1.1937;0;80
REYSULLAH;1;17.2.1936;1;0
MIRFAN;2;9.1.1947;0;2
DEMIRYASA;9;30.9.1956;9;0
ZURAP;41;8.9.1953;41;0
MAIZE;27;28.10.1954;0;27
METUS;15;17.8.1955;12;3
GULUYASA;2;7.5.1960;0;2
RAVUK;4;27.2.1959;4;0
HELVAN;2;25.11.1975;0;2
MIHRIVER;14;17.9.1955;0;14
FARICA;52;7.9.1958;0;52
BIKEHANIM;1;15.4.1989;0;1
REYHUN;7;27.9.1965;4;3
BALHAN;2;23.6.1944;0;2
TELGUL;2;5.2.1954;0;2
TURSAN;15;30.2.1965;11;4
CANANIYE;4;7.2.1967;0;4
OLKIDE;2;23.1.1983;0;2
NAZARETTIN;5;30.8.1951;5;0
GULBINAS;2;16.9.1963;0;2
MEVRIGUL;1;21.8.1944;0;1
MUHSEL;6;21.8.1966;6;0
AGAN;9;20.6.1955;9;0
NETIFE;38;13.10.1957;0;38
GULSUDE;5;19.4.1963;0;5
SADOL;8;1.11.1968;3;5
GUNDOVAR;1;8.3.1967;1;0
SUHANMER;1;2.10.1960;1;0
GULHARE;5;10.6.1975;0;5
SEVGUZEL;81;24.2.1970;0;81
FAIR;16;27.11.1962;16;0
MUBETCER;5;5.9.1964;0;5
MERZUHA;26;10.7.1966;0;26
SEMAL;46;9.9.1972;12;34
TERAT;2;12.9.1977;2;0
ZELVIHAN;1;26.2.1991;0;1
ALTER;22;11.4.1977;21;1
MUTTULLAH;9;7.7.1966;9;0
MIHREM;67;4.5.1959;0;67
TERAVET;1;26.2.1971;0;1
MILIS;4;10.3.1953;0;4
SEVCIYAN;9;24.3.1963;0;9
LUBISA;1;12.8.1935;0;1
ALTU;15;3.4.1980;14;1
MULFERIYE;1;2.8.1933;0;1
TASNUR;3;24.9.1971;0;3
GULENDEMIR;1;12.4.1965;0;1
ORHANIYE;19;25.7.1953;0;19
NEYYIT;1;2.2.1957;1;0
ULDUZ;9;29.11.1972;0;9
KUDRED;11;24.10.1970;7;4
FERIDEN;6;5.5.1963;1;5
ECLAL;22;17.1.1948;0;22
NEVRISTE;62;17.1.1958;0;62
BAHTUNUR;25;23.12.1971;2;23
KAME;16;10.2.1953;0;16
AITER;1;4.2.1951;0;1
SENOZEL;1;17.7.1954;0;1
TATLICAN;2;4.4.1979;0;2
GEMZE;3;18.1.1970;0;3
ZERGEH;1;14.2.1953;0;1
SAVILE;4;13.1.1966;0;4
MESUN;10;17.5.1970;7;3
NIRZAN;3;24.12.1966;0;3
DURSEVEN;1;29.8.1952;1;0
NUGAY;5;27.7.1977;2;3
SEINAZ;1;17.8.1978;0;1
ETNAM;1;21.3.1946;1;0
NEVSEL;25;8.1.1965;2;23
GULURYEN;1;24.7.1954;0;1
UMMUSAH;11;19.1.1954;0;11
SUKIBE;1;6.8.1938;0;1
DERSAN;18;16.5.1985;14;4
DILSUDE;1;3.3.1951;0;1
FURAL;4;7.3.1957;4;0
DILSURE;2;5.8.1944;0;2
EDAVE;3;22.4.1946;0;3
ULSAN;2;21.1.1944;0;2
DURUSEHVAR;3;1.1.1955;0;3
MUHIPBE;1;20.5.1932;0;1
SABITBEY;1;21.6.1961;1;0
FAHRUNNAS;3;16.4.1959;2;1
FELAHIYE;2;5.12.1960;0;2
YOLAL;1;16.3.1940;1;0
HASUMAN;7;10.9.1968;1;6
FARIH;10;22.12.1962;9;1
MEVKI;6;30.5.1952;5;1
ILAT;10;26.10.1954;8;2
SIYADE;6;22.3.1957;0;6
GUNDONDU;4;1.9.1962;0;4
LEBIDE;15;11.8.1956;0;15
ARPIL;1;24.5.1979;1;0
MULGUN;6;27.9.1969;0;6
FERZADE;7;25.2.1971;2;5
ERDU;6;5.2.1967;4;2
HASEDIN;11;19.8.1968;11;0
IZAZET;1;12.11.1953;1;0
GAZIANTEP;1;9.10.1953;1;0
SATKIYE;6;27.2.1956;0;6
FERUHNUR;1;8.6.1973;0;1
HUMERA;11;16.6.1949;0;11
SEVKITTIN;1;25.5.1936;1;0
CAHITAN;1;13.5.1938;0;1
NAZIKLER;2;15.1.1953;0;2
MURSADE;10;20.6.1961;0;10
MUITTIN;12;30.7.1959;12;0
MUISALI;1;2.8.1933;0;1
ERNAZ;16;17.4.1969;6;10
SOYLIYE;6;27.12.1970;0;6
NURSADIYE;24;26.1.1968;0;24
SEHIDET;10;12.9.1953;0;10
RAS;8;3.6.1953;0;8
ZULFUSIYAH;22;24.9.1952;0;22
ARFA;14;7.3.1960;3;11
CAVITE;3;24.10.1957;0;3
BULGEYIS;4;6.6.1959;0;4
KADIFEYKA;1;28.11.1971;0;1
HUSSAMIDDIN;1;3.4.1933;1;0
LEBIS;46;26.6.1954;0;46
AKOVA;1;9.6.1982;1;0
SES;5;12.7.1954;2;3
SEVGAN;10;6.6.1971;1;9
FENERYE;8;9.1.1968;0;8
NETAMET;1;1.9.1961;0;1
HAMISA;2;23.1.1966;0;2
NAIGE;2;3.2.1947;0;2
MEYSUDE;2;20.9.1960;0;2
TANERRICA;1;4.3.1937;0;1
ZAFILE;4;24.11.1945;0;4
SUFILE;11;22.10.1966;0;11
EBRUGUL;13;20.11.1982;0;13
EKIP;15;12.2.1977;15;0
MUJNAN;3;17.12.1959;0;3
VELFIDE;1;3.9.1950;0;1
GULGU;5;30.7.1965;0;5
ZUMBULE;93;16.12.1960;0;93
NAHIKAR;1;29.7.1952;0;1
RUHIKAR;4;30.7.1951;0;4
YORDAL;1;17.9.1946;1;0
MIHRINISA;21;22.12.1953;0;21
SAHVET;35;30.5.1960;20;15
FECAZAT;1;18.4.1966;1;0
MIHRINNISA;26;22.8.1948;0;26
MUCAYIM;1;10.6.1954;1;0
TEMZE;4;17.5.1958;0;4
RUHISEFA;1;27.4.1965;1;0
ONDAR;3;15.6.1955;2;1
NURSEMAN;4;2.6.1967;0;4
REYAT;7;26.9.1952;5;2
RAKIFE;44;23.1.1963;0;44
MIDEM;18;19.6.1958;0;18
MUKATIS;6;26.2.1961;0;6
MUKADE;1;12.8.1929;0;1
NIFET;7;14.5.1957;0;7
MUKMERIYE;1;18.10.1965;0;1
URKI;2;17.10.1954;0;2
SATDAR;3;25.10.1961;3;0
SAHVETIYE;1;15.4.1959;0;1
FATMAKADIN;18;20.10.1958;0;18
SENACETTIN;1;10.12.1969;1;0
URFIDE;57;7.1.1959;0;57
TOTOS;98;28.7.1955;0;98
HOMA;12;6.7.1943;0;12
NIMETIYE;14;3.12.1960;0;14
AYNURIYE;11;25.1.1951;0;11
CAMILA;12;21.3.1940;0;12
SAIZA;8;14.7.1962;0;8
PERIVET;1;13.4.1940;0;1
MINYAN;1;25.2.1949;0;1
SEVITTIN;14;16.11.1963;14;0
GULYERI;2;30.9.1947;0;2
EMINEDUDU;44;26.1.1951;0;44
EGLENCE;31;24.7.1955;0;31
MUSTEHITTIN;2;14.10.1954;2;0
SAFITTIN;8;12.6.1957;8;0
ITAME;8;9.6.1960;0;8
BEDAAT;4;19.10.1946;0;4
RUHIDDIN;9;30.2.1953;9;0
RUDEYYA;1;27.2.1974;1;0
MURABETTIN;1;1.8.1953;1;0
MEHPARIYE;1;22.4.1973;0;1
MAMUR;23;9.10.1959;15;8
HAYRIMUSAN;1;4.3.1957;0;1
HALIDA;15;21.9.1968;0;15
FERABIYE;2;17.2.1940;0;2
FELAITTIN;1;18.7.1938;1;0
LEYLEHAN;4;4.6.1961;0;4
NUBUVET;17;6.1.1961;0;17
HAPLI;1;17.9.1954;0;1
SUHRE;7;28.10.1964;0;7
HURMEZET;1;26.3.1958;0;1
VELEDDIN;17;25.12.1962;17;0
ULKTAY;1;19.2.1975;1;0
TACITDIN;15;21.2.1953;15;0
ERDESEL;1;22.6.1972;0;1
BENZIGUL;206;21.1.1970;0;206
OZKUR;6;6.1.1970;4;2
NURFI;5;16.8.1971;3;2
NAKIKA;1;26.12.1943;0;1
GULETEN;2;3.3.1957;0;2
ORTUNC;8;23.3.1983;8;0
VEFZI;1;7.1.1962;1;0
NAKSETTIN;4;1.2.1965;4;0
MUSLIHITTIN;31;11.10.1963;31;0
INCISEN;3;21.7.1960;0;3
NURCANI;2;13.4.1963;0;2
SECAMI;4;26.2.1965;4;0
OZCANIM;1;17.8.1982;0;1
TERBIYE;10;9.7.1960;0;10
KIBARI;19;8.11.1948;0;19
NURSEREF;17;4.4.1962;1;16
KERANI;3;25.1.1959;3;0
BASTANI;1;26.6.1957;1;0
BAHTIMUR;3;26.3.1970;0;3
SEYCIHANIM;1;12.5.1959;0;1
DILBERYE;1;7.9.1958;0;1
SEMERGEND;1;25.3.1966;0;1
SEBRULLAH;21;26.4.1981;21;0
PISIN;1;1.9.1966;0;1
SAHIDIN;46;4.2.1966;45;1
TESKILE;1;26.2.1967;0;1
FIRDUZ;5;24.6.1966;1;4
MUSTAFAALI;25;3.8.1959;25;0
VACID;7;9.8.1969;7;0
NOVIDE;1;27.2.1938;0;1
KUDRETVERDI;1;16.5.1932;0;1
MUHEYYER;1;11.9.1942;0;1
BEDIRITTIN;2;14.1.1964;2;0
SEYCANI;1;12.3.1965;0;1
NECURE;1;27.9.1939;0;1
NESIRIYE;5;21.10.1960;0;5
GULURUH;7;7.1.1959;0;7
HAMIYITTIN;1;7.8.1964;1;0
SEDIRE;5;22.8.1960;0;5
AYSEDDIN;3;13.5.1960;1;2
MUJUGAN;1;2.7.1959;0;1
MIHPER;1;13.2.1963;0;1
CILVELI;8;11.7.1958;2;6
MAISA;3;29.7.1967;0;3
ALEMZAR;1;21.4.1963;0;1
HUZULI;18;20.1.1968;18;0
SIYABET;2;24.8.1939;1;1
LEBIYAN;1;26.6.1966;0;1
TAUN;1;10.12.1980;1;0
IDRET;4;28.10.1963;2;2
NECIBEI;2;26.12.1927;0;2
SEYZALI;1;7.10.1971;1;0
ZEKAIDIN;1;17.5.1972;1;0
IRSALIYE;9;15.9.1957;0;9
DEZIZE;1;16.4.1953;0;1
NEFAYET;4;24.10.1972;0;4
RAGAIP;9;17.9.1980;7;2
NASUFE;1;2.8.1927;0;1
ZAYIBE;6;22.11.1957;0;6
MERBAN;9;26.6.1965;1;8
FUHEDA;13;22.6.1959;0;13
ABIDETUL;4;3.6.1978;0;4
ILKTAN;11;13.1.1977;8;3
SERRAN;14;3.7.1982;1;13
FERANIYE;1;1.1.1970;0;1
BODUR;4;16.8.1946;4;0
DAIL;40;13.12.1955;40;0
UMIS;6;21.4.1957;0;6
ZEVDI;1;17.5.1936;0;1
ZURAYE;1;30.11.1963;0;1
NURDIN;21;26.4.1973;16;5
LUIZE;8;21.2.1947;0;8
EMENTI;91;15.1.1969;0;91
CAHIME;25;10.11.1957;0;25
CELIYE;3;18.5.1954;0;3
ELFIDAG;3;23.8.1962;0;3
MUNTESIR;2;13.3.1966;1;1
NAKIZAD;1;22.3.1943;0;1
IBOS;9;7.3.1955;9;0
ASKERIYE;24;28.2.1968;1;23
HALILURRAHMAN;11;11.12.1971;11;0
GUNERGE;1;28.2.1954;0;1
SAMIMIYE;3;18.9.1953;0;3
GULNESLI;1;12.8.1935;0;1
KURSAN;9;12.6.1962;7;2
SEHRANIYE;2;24.6.1954;0;2
MURACIYE;14;4.5.1969;0;14
NURACIYE;2;27.3.1974;0;2
YURTSAN;4;29.7.1967;2;2
SAFEYE;1;22.4.1937;0;1
GUZALATTIN;1;11.12.1974;1;0
MIKAYE;1;2.2.1951;1;0
SEMAYIR;10;3.4.1964;4;6
SEMANE;9;24.8.1960;0;9
SUCAYE;1;13.4.1941;0;1
NAGITTIN;1;12.5.1953;1;0
YUCELIYE;1;19.3.1969;0;1
USGUNA;1;26.6.1969;0;1
VACITTIN;12;18.4.1964;12;0
KEFAITTIN;3;9.1.1953;3;0
SUCEHAT;2;27.5.1963;0;2
NILAFER;9;17.9.1946;0;9
AYSECIL;12;16.12.1957;0;12
ERIL;12;28.10.1974;10;2
SANIGE;1;12.2.1953;0;1
AKSEVIL;1;6.7.1959;1;0
ESMETEL;1;16.3.1966;0;1
EMAVIL;1;6.11.1956;1;0
ZEYCAMIM;1;28.3.1942;0;1
SAMBER;3;10.6.1960;1;2
MIRTE;1;29.4.1966;0;1
NURAMI;4;24.10.1958;3;1
GULBAKIYE;22;17.11.1957;0;22
HIMAYE;142;24.8.1969;0;142
EBE;71;6.3.1955;0;71
ZAYFA;25;14.7.1954;0;25
BORANETTIN;3;21.9.1963;3;0
HAFSIDE;1;28.11.1960;0;1
DIYSAH;1;5.5.1964;0;1
YANAR;38;21.11.1967;17;21
YAGAR;1;13.10.1981;1;0
ZALIFE;106;15.4.1961;1;105
ZEYNELABDIN;9;17.5.1966;9;0
GOYERCIN;11;2.1.1966;0;11
SEHIR;31;21.11.1961;4;27
MENZEHER;112;8.4.1976;112;0
HAVUS;223;1.9.1951;0;223
NURFADI;1;19.6.1966;0;1
AKSIT;53;29.5.1958;40;13
LINUFER;28;11.4.1956;0;28
ATIRNAZ;1;21.2.1970;0;1
AKTUREL;1;25.11.1937;0;1
DONEAY;5;24.7.1977;0;5
YEKTAR;6;22.8.1959;5;1
ERZIVAN;2;6.5.1961;2;0
EBEKADIN;48;20.4.1951;0;48
BELKINUR;1;2.4.1967;0;1
HUDAIM;46;19.11.1959;46;0
YAKKUP;1;4.7.1991;1;0
UMURSEN;1;11.7.1949;0;1
ABDILMUTTALIP;28;4.1.1970;28;0
GURKAL;24;10.1.1974;24;0
OZISIK;1;1.7.1938;1;0
AYFUR;12;1.2.1969;3;9
CHRISTA;22;28.2.1950;0;22
ZULFEHIM;1;26.11.1950;1;0
SELIMEN;6;20.8.1961;0;6
NECADIYE;3;11.3.1958;0;3
NURDANI;9;18.8.1963;0;9
AZERCAN;7;12.11.1986;1;6
ALTINTEN;23;30.3.1944;0;23
MUNEL;8;10.9.1967;1;7
MILID;1;12.8.1985;0;1
SEHILAN;5;24.3.1957;0;5
ISHAKDEDE;3;24.4.1941;3;0
KANIBET;1;26.3.1966;0;1
MUSTESNA;62;18.1.1966;1;61
GOLKEM;14;23.4.1986;8;6
ILDIZ;7;1.11.1959;0;7
HERKAN;10;12.12.1970;10;0
UMUHANI;57;10.11.1956;0;57
RUHIYYE;9;9.11.1976;0;9
KAHIL;8;28.8.1959;8;0
RUBEYYA;13;10.5.1984;0;13
SEREP;22;8.7.1978;1;21
EMIRNAZ;3;16.2.1951;0;3
ERGI;31;10.10.1981;23;8
SADETUL;1;8.11.1946;0;1
SAHAVET;283;7.9.1953;2;281
SEVAI;5;28.9.1973;1;4
IMALETTIN;17;16.2.1964;17;0
JUMRAN;1;11.1.1951;0;1
IRKAN;13;16.10.1973;13;0
TURUHA;1;7.12.1973;0;1
IRFIDE;16;3.7.1965;0;16
MEDENIYE;10;15.10.1958;0;10
RAHMATULAH;1;2.2.1963;1;0
GARANI;18;3.8.1976;18;0
SUCAATTIN;76;23.8.1958;76;0
TIRENZAT;1;3.10.1947;0;1
SERBES;56;17.12.1960;11;45
SIVADIYE;1;6.5.1958;0;1
MAHBERIM;1;7.3.1976;0;1
GULNEHER;5;7.1.1961;0;5
CIVELEK;3;25.10.1962;0;3
CANESSEP;1;3.9.1971;1;0
CEMADIL;2;22.11.1948;2;0
DAVUDIYE;1;23.5.1966;0;1
ZERUSAN;3;7.12.1950;0;3
GULPERDE;4;6.8.1972;0;4
INCIAY;10;3.9.1965;0;10
GUNDOGAR;14;11.8.1962;8;6
YUNUSE;23;10.7.1963;0;23
SEVCIVAN;9;7.10.1969;0;9
NUHBAR;2;30.7.1989;0;2
SEID;20;1.8.1963;20;0
FERFILLI;1;12.8.1935;0;1
AKBUGA;2;20.3.1937;2;0
GULSUNNET;1;2.5.1949;0;1
KAMLU;1;19.2.1930;0;1
ZELKINA;1;10.12.1958;0;1
HANIS;22;11.5.1949;3;19
GERIZE;1;24.3.1949;0;1
SAHIRAN;6;15.7.1968;1;5
ANDELIF;1;5.12.1961;1;0
ESEHANIM;4;7.5.1970;0;4
SERASER;6;9.9.1971;0;6
CAZIBIYE;1;6.4.1955;0;1
YAGMURSEL;1;23.2.1990;0;1
BOBEKCE;3;22.3.1961;0;3
ELTEN;3;18.2.1959;0;3
MURIYA;1;2.11.1957;0;1
MIHDET;1;6.8.1975;1;0
GULUSDEN;2;1.8.1957;0;2
HAYRUNAS;2;30.5.1960;0;2
MOSEMA;1;16.4.1970;0;1
YONISE;5;11.2.1968;0;5
ELFUDA;11;14.3.1965;0;11
PALAZ;11;5.5.1963;1;10
ILIK;5;6.10.1936;0;5
DUNDUR;1;1.4.1950;0;1
OZBEL;4;5.6.1984;1;3
TUTKAY;1;18.5.1970;1;0
SERAMIN;1;4.5.1977;0;1
AYBORA;16;27.9.1974;16;0
FERNUR;64;19.3.1970;4;60
CEMILEI;2;21.5.1968;0;2
ILSU;14;7.1.1985;0;14
BIRSOY;39;18.2.1974;37;2
PERLIN;15;30.3.1974;0;15
RUBIDA;1;29.10.1980;0;1
SEREFETDIN;9;24.1.1961;9;0
ATASEV;14;10.2.1968;14;0
ILTERISHAN;3;7.2.1987;3;0
ILNARA;2;25.10.1976;0;2
ZERDAN;3;20.7.1963;2;1
SUSTEM;61;10.1.1971;0;61
FEHIN;1;6.10.1990;1;0
AYNU;13;3.1.1947;0;13
SEVREM;2;22.10.1979;0;2
ZEHIRYA;1;25.9.1991;0;1
ALIYO;1;7.8.1934;1;0
FERZO;64;25.5.1949;12;52
ALMIYE;7;20.6.1952;0;7
SEKRINAZ;3;3.3.1970;0;3
BIRINAZ;104;9.3.1969;0;104
YEL;4;22.3.1962;4;0
ACUNER;8;9.5.1966;8;0
HANIMAYSE;21;26.1.1960;0;21
NURBENT;5;19.11.1969;0;5
GULBALA;8;8.9.1958;0;8
RINDIHAN;124;18.12.1962;0;124
TOKDIL;1;8.3.1940;1;0
KALENDAR;5;29.3.1971;5;0
KEVSIRE;181;29.1.1971;0;181
PERIZADI;1;11.7.1974;0;1
CUMAETTIN;10;18.9.1965;10;0
SERETIYE;1;11.5.1965;0;1
VELIHATTIN;2;9.6.1976;2;0
HUDEM;2;3.5.1966;2;0
NICAN;12;6.8.1971;3;9
MERCIYE;10;18.2.1958;0;10
NIYSAN;1;27.3.1962;1;0
ABDILKERIM;27;1.1.1963;27;0
EMIRAYSE;269;3.5.1952;0;269
GULEMIR;86;29.2.1967;83;3
EMIRALEM;1;4.1.1943;1;0
KAIMHAN;1;18.5.1974;1;0
ASIRALI;8;15.10.1958;8;0
ACIKGOZ;6;28.2.1948;6;0
MEGESER;3;18.3.1972;0;3
FURAYE;1;25.6.1967;0;1
CENAH;1;28.6.1957;1;0
SALAHATDIN;49;8.6.1953;49;0
SEVTEKIN;5;21.4.1958;5;0
BERKSOY;7;7.11.1973;7;0
NAHID;51;27.10.1964;40;11
ZUBUYDE;43;16.1.1968;0;43
SALIHIN;2;2.2.1970;2;0
ELHUDA;25;14.4.1965;0;25
CANSEVEN;89;27.10.1969;12;77
GULFEDA;24;1.1.1969;0;24
URUVEYDE;1;16.2.1957;0;1
LEHIR;1;5.8.1948;0;1
TAS;21;8.5.1953;18;3
IPEKTEN;10;30.11.1955;0;10
GULBITEN;16;28.7.1973;0;16
SAFIREYE;1;8.5.1968;0;1
ERSUZER;1;5.12.1967;1;0
NERGAHAN;4;23.3.1974;0;4
DALKIZ;3;3.2.1938;0;3
SELBAN;1;7.2.1988;1;0
NAHIMET;1;11.3.1960;0;1
EMORE;1;16.2.1956;0;1
MEHUBE;19;11.10.1974;0;19
CEBRA;3;14.7.1974;2;1
SELMUNE;4;10.8.1970;0;4
ALKIZ;19;9.11.1945;0;19
ALIFER;26;4.11.1962;23;3
SULEYMEN;11;3.3.1977;11;0
FILIZAR;8;11.7.1967;0;8
ZAYFE;4;25.9.1950;0;4
AYLAZ;7;23.3.1964;5;2
MELAKE;1;27.4.1980;0;1
TEHLA;2;13.4.1943;0;2
CANLI;2;26.1.1957;2;0
SEREFDILER;1;3.5.1960;1;0
ALTINKUPE;2;4.5.1939;0;2
LUTUFE;7;15.3.1959;0;7
CAVIDIYE;15;4.6.1956;0;15
HUCEYETTIN;1;2.1.1945;1;0
MUKATTEZ;2;27.5.1961;0;2
MELEKSER;30;2.12.1963;0;30
BERBAN;1;7.3.1976;0;1
AKTAS;29;24.6.1949;28;1
GURKOS;1;21.10.1936;1;0
BINYAZ;10;4.3.1962;0;10
ZENZADE;1;10.4.1968;0;1
PAKKIZ;2;7.11.1963;0;2
AZABIYE;1;1.3.1957;0;1
BADIYAR;1;10.6.1952;1;0
ELBISTAN;5;25.9.1980;3;2
SEYVI;4;8.5.1949;1;3
LUVAZE;10;26.3.1963;0;10
TUKAS;8;26.10.1959;1;7
HAKIKET;4;29.12.1967;0;4
ARZUL;2;22.5.1973;0;2
DONGEL;3;29.7.1972;0;3
ATABAY;53;12.3.1963;53;0
AKKOC;6;19.10.1943;6;0
MERHUSE;1;17.10.1972;0;1
IGIT;3;1.9.1942;3;0
NUHRA;1;30.6.1965;0;1
MUYESIR;4;25.10.1984;0;4
ASLANPERI;12;26.12.1953;0;12
BIRSADIYE;2;26.5.1959;0;2
VIDAYET;8;20.8.1961;2;6
SULESER;4;8.12.1958;0;4
ALTINTIS;1;26.10.1940;1;0
ALTINDAG;3;3.3.1956;1;2
KEBIYRE;2;7.11.1961;0;2
SEKINETE;1;9.4.1976;0;1
OMURIYE;75;5.4.1967;0;75
NURIZEN;3;30.4.1963;0;3
ENTIGA;1;30.4.1964;0;1
VECHIDE;3;28.4.1962;0;3
ALIMES;7;5.9.1964;0;7
HAYATIR;1;9.3.1954;1;0
NUKDUYE;1;1.7.1983;0;1
MUZAMETDIN;1;1.9.1970;1;0
SELCIK;7;10.9.1956;1;6
FABIR;1;14.12.1935;0;1
ABDULEKREM;1;22.8.1919;1;0
OMURSEN;17;20.11.1967;0;17
AKHANIM;127;5.9.1953;0;127
NEGIZ;4;30.7.1955;0;4
KATADE;2;29.10.1986;2;0
KARZIBAN;4;25.2.1950;0;4
SARBEN;3;20.6.1950;0;3
MEHIYBE;1;2.8.1974;0;1
TORGUT;40;29.1.1947;40;0
SELAP;9;12.3.1968;0;9
BUREYDE;11;23.1.1979;4;7
FEZGUL;1;2.2.1987;0;1
KARATEKE;1;27.10.1936;1;0
AFIYYET;1;17.6.1935;0;1
OZGULER;37;2.1.1965;12;25
BINGOR;7;19.8.1965;4;3
MIYASIN;1;5.11.1963;0;1
HASAH;4;14.4.1975;4;0
NAMIKE;10;5.8.1964;0;10
MUHEYDER;1;26.5.1976;1;0
SUAYBUN;1;17.10.1975;1;0
NEFAL;7;21.8.1971;4;3
NUHCIHAT;1;18.2.1987;1;0
ZERDE;17;28.11.1955;0;17
CURA;12;16.4.1959;11;1
CEFHER;3;1.6.1970;2;1
EFTAR;9;10.7.1964;8;1
BEYHUDA;4;7.9.1964;0;4
ADAK;9;28.8.1963;5;4
CIRAG;3;16.11.1970;1;2
GOKDEMIR;14;5.4.1969;14;0
YETKIYE;1;27.11.1956;0;1
RADIKA;4;8.8.1972;0;4
DONUMEN;1;3.5.1936;0;1
DUDANE;3;19.8.1948;0;3
HAYKURA;1;18.11.1960;0;1
SEVIYA;29;3.12.1971;0;29
SEHNUZ;5;29.11.1959;3;2
NIDAGUL;2;20.6.1969;0;2
NURIN;8;12.7.1974;3;5
MESLEHAN;3;26.2.1961;0;3
SIRAY;40;18.8.1965;5;35
LATAFAT;6;5.6.1966;0;6
SEDE;28;19.11.1960;0;28
HULISER;62;7.6.1957;0;62
DADIK;2;8.6.1964;0;2
NORI;95;24.9.1956;93;2
CALENUR;1;21.2.1936;0;1
ERDEMIN;3;5.12.1984;3;0
HAYRUNUSA;29;29.9.1963;0;29
GULESRA;9;6.6.1983;0;9
UYDAS;1;30.12.1973;1;0
NIDAG;6;30.8.1984;2;4
ESIL;39;8.11.1981;2;37
BENEN;15;11.2.1965;3;12
EMSALIN;1;24.10.1988;0;1
NURSEBA;4;20.10.1979;0;4
NURMETIN;2;18.10.1948;2;0
MAHTUNI;1;15.5.1972;1;0
SURDAN;1;3.8.1953;0;1
RUBISEL;1;22.7.1983;0;1
NESERIYE;2;27.8.1975;0;2
MUMMIN;1;27.3.1956;1;0
MEMNINIYE;1;12.8.1965;0;1
PERVUL;5;19.2.1964;4;1
PELKIYE;2;14.3.1973;0;2
VEYYIS;2;6.12.1944;2;0
HENDER;2;4.6.1978;2;0
OHSAN;2;13.10.1974;1;1
GUNYUZ;34;7.6.1962;2;32
FIRIDEVS;5;28.4.1974;0;5
KAMISE;3;6.11.1967;0;3
HANSEY;84;8.3.1957;0;84
BILGESER;2;24.12.1969;0;2
ZURHUYA;1;15.1.1974;0;1
MEHMEDBEDI;1;2.3.1957;1;0
MUSTATDIN;2;13.12.1961;2;0
BERAL;20;23.9.1969;0;20
SAFORA;15;22.12.1957;0;15
GUNYAMIN;19;24.3.1969;18;1
YAKAN;26;12.2.1970;18;8
IFTIHARIYE;3;23.1.1949;0;3
ERENDIZ;20;9.9.1967;9;11
GULDENHAN;1;17.2.1990;0;1
NORIYE;96;1.3.1959;0;96
SUCAHATTIN;9;22.5.1965;9;0
GUNYEVI;1;18.11.1982;1;0
GULLUKAR;4;29.4.1968;0;4
NILUGFER;1;22.7.1973;0;1
VEDUT;11;7.5.1972;11;0
NITAN;1;28.7.1980;0;1
NEFAAT;7;16.9.1970;0;7
BIROLIYE;1;5.11.1979;0;1
GULRA;5;18.8.1974;0;5
ZULCEL;1;18.5.1976;1;0
MERGAN;3;8.12.1967;2;1
ERYETIS;13;29.8.1969;13;0
GULIHIZAR;1;6.12.1959;0;1
VAKISE;1;22.6.1978;0;1
MUHRUVET;1;23.2.1961;0;1
NORETTIN;34;24.3.1959;34;0
FETHANE;60;21.11.1964;0;60
MOHAMMET;10;2.9.1969;10;0
HEDIYYE;30;15.4.1959;0;30
TURNAY;8;15.7.1976;2;6
SABIRYE;23;25.10.1969;0;23
MELIYKE;13;15.10.1975;0;13
NEDIRYE;10;13.8.1970;0;10
NEYAZI;7;3.7.1951;7;0
FEYMA;22;17.3.1972;0;22
GULUMSAL;3;10.9.1964;0;3
BESERIYET;1;12.7.1971;1;0
MUHSITTIN;3;29.9.1961;3;0
NATIF;12;2.3.1969;11;1
ZINETTAR;1;23.1.1936;0;1
KESGIN;14;23.6.1957;14;0
BAHARAY;3;22.6.1976;0;3
FETAHNE;51;26.8.1962;0;51
NAZIYFE;19;7.7.1965;0;19
MAHINNUR;1;26.12.1966;0;1
NESETDIN;2;18.12.1952;2;0
NAFARET;3;29.10.1965;0;3
SELEATTIN;5;27.3.1961;5;0
NURYAM;1;5.3.1974;0;1
CUHER;10;29.5.1949;2;8
SERVIYET;1;2.10.1974;1;0
YOSUF;16;19.9.1966;16;0
FEDAIYE;14;4.4.1954;0;14
BALIKE;5;19.7.1970;0;5
AKIYLE;22;24.5.1963;0;22
GUNNASIR;2;17.10.1972;0;2
KUZEYIR;2;16.10.1963;2;0
SONGUZEL;28;13.2.1974;0;28
SEFIYNE;3;2.5.1976;0;3
NALISE;38;27.11.1962;0;38
TEFIKE;14;20.1.1956;0;14
KALIS;5;8.10.1950;4;1
MUKMUN;4;2.4.1965;4;0
TEFIYKE;1;6.1.1957;0;1
SAHFURA;1;21.10.1960;0;1
SAFFEBE;1;7.5.1964;0;1
CANFEDER;3;29.2.1965;0;3
MUSURIYE;27;11.1.1961;0;27
KILMEN;6;7.7.1961;0;6
ASMAGUL;5;29.9.1968;0;5
YETERI;7;17.1.1956;0;7
GULFUDAN;2;8.9.1954;0;2
FITANE;1;11.9.1945;0;1
NUDUFA;1;22.3.1973;0;1
ABDUSSEKAR;1;6.3.1957;1;0
HEZENGUL;1;11.4.1963;0;1
FIZZE;62;14.1.1955;0;62
NEZIYFE;3;25.4.1960;0;3
BEDIRCAN;8;6.5.1981;7;1
LEYHIZAR;1;3.1.1962;0;1
RESIL;138;18.8.1954;138;0
VARDAL;1;11.2.1944;1;0
CEMALA;2;2.12.1965;0;2
TAVILE;3;2.12.1969;0;3
NESBIYE;4;7.1.1960;0;4
PEYMANE;5;14.9.1949;0;5
YENIER;3;7.8.1978;3;0
NEZLAH;2;4.5.1949;0;2
VELIYYITTIN;2;7.12.1950;2;0
CEMETTIN;5;12.9.1953;5;0
ABDILMECIT;4;28.8.1967;4;0
SAYIMER;5;15.6.1954;2;3
VEDDAT;6;10.10.1971;6;0
SIRIVAN;24;29.5.1983;0;24
NESLIKAN;1;26.1.1956;0;1
HESRIN;1;30.8.1965;0;1
FELAHATTIN;9;22.2.1964;9;0
KARYAGDI;2;21.2.1957;1;1
SUVIYET;2;13.10.1946;0;2
REYA;13;19.2.1956;1;12
NEZEN;28;10.9.1964;0;28
ILSAN;9;15.2.1963;5;4
HAZILE;16;9.6.1969;0;16
MUBAR;11;5.3.1969;1;10
TUCEN;10;2.7.1979;1;9
PEVRIZ;6;27.3.1969;3;3
SEYITBETTAL;2;13.12.1970;2;0
SEBEAR;1;12.8.1953;0;1
MUEZRER;1;7.6.1958;0;1
CEVRIS;10;3.7.1948;0;10
OZETI;2;6.11.1962;0;2
ZARILE;1;1.2.1931;0;1
ZULUFER;29;24.5.1972;1;28
FANTAZI;6;8.3.1971;0;6
NESIFI;2;19.1.1972;1;1
ETIYE;39;7.5.1961;0;39
EYDER;1;23.12.1977;1;0
HORUNAZ;2;10.4.1970;0;2
IZIREL;1;19.5.1954;0;1
FIRDA;1;17.8.1954;0;1
ONIZ;15;29.7.1968;7;8
ICNUR;2;20.7.1974;0;2
GAZIYETE;2;9.7.1974;0;2
CEYYIBE;3;5.12.1956;0;3
ZULFAKAR;13;20.3.1968;13;0
GULPERCEM;1;3.8.1942;0;1
REMZETE;4;30.9.1975;0;4
FENSIH;1;17.2.1972;1;0
USLUFET;2;28.3.1955;0;2
SEMURA;19;1.3.1969;0;19
MELIKCA;1;17.2.1966;0;1
SELBAHAN;6;10.4.1972;0;6
CEVABETTIN;2;2.10.1956;2;0
SENLER;7;13.5.1963;1;6
NAZZIME;1;2.2.1957;0;1
SHELLEY;1;21.7.1981;0;1
UZGEL;2;12.2.1959;0;2
GULERIYE;12;7.12.1963;0;12
NAFIF;1;11.10.1938;1;0
ORIJINAL;1;2.2.1969;1;0
ZEYNEGUL;25;9.3.1959;0;25
KESGI;15;3.3.1957;0;15
FECAI;4;17.1.1966;4;0
AYNURGUL;5;25.5.1971;0;5
BIRRIVAN;1;26.4.1990;0;1
MURKINAZ;2;26.9.1962;0;2
BEDULZAMAN;2;21.9.1963;0;2
MERNAZ;10;12.9.1962;0;10
CEMALSAH;69;6.4.1969;0;69
TALAITTIN;2;9.8.1948;2;0
NADIKER;11;3.5.1964;0;11
ZEYHUN;5;3.2.1968;2;3
ALSEV;24;12.3.1969;0;24
ISFANDIYAR;6;21.11.1965;6;0
PEKGUZEL;9;20.3.1963;0;9
ETIKE;72;30.3.1961;0;72
GUNNAY;7;23.8.1968;0;7
HUSNEFER;3;1.3.1954;0;3
ATASER;6;12.10.1971;6;0
MEVUDE;4;1.11.1956;0;4
NAZLAN;46;2.1.1973;0;46
TAMUR;1;19.3.1966;1;0
TAKIY;1;16.6.1923;0;1
RAHA;18;12.6.1954;10;8
MUDEHHER;30;14.6.1959;10;20
EMRAHAN;17;24.5.1980;10;7
GULURIZ;1;16.12.1964;0;1
HUNAVER;1;7.6.1938;0;1
SELVISE;4;4.9.1952;0;4
GULSIDE;19;18.3.1957;0;19
ONSER;13;7.11.1970;8;5
MEYRIK;12;5.11.1954;0;12
AYPEREN;13;30.2.1964;1;12
MUCIDEN;2;5.1.1947;0;2
H.KEMALETTIN;1;26.8.1943;1;0
MEYIL;17;22.8.1969;2;15
KURKUT;2;11.7.1933;2;0
ABDURRAZIK;1;6.11.1963;1;0
ZERGELEM;2;8.12.1971;0;2
KUSUN;27;30.9.1960;1;26
RUSET;14;9.1.1961;9;5
VAYISE;9;5.11.1960;1;8
URSET;1;19.6.1965;0;1
SEHIMEN;1;1.2.1949;0;1
GUNGORE;4;2.5.1951;0;4
SAFINES;4;18.10.1950;0;4
ULFEDIYE;4;23.7.1946;0;4
MUBUVVET;3;7.1.1956;0;3
GULNABI;8;12.12.1954;1;7
NAZIZ;7;7.3.1964;3;4
SULEYBE;334;17.3.1958;0;334
TOPI;104;29.5.1956;1;103
MESKARE;1;1.2.1949;0;1
BINNABI;1;22.2.1961;1;0
FERAYA;5;27.5.1963;0;5
ISMEDAL;1;17.2.1966;0;1
GUNGORDU;37;25.10.1960;13;24
GULYAGDA;9;10.7.1949;0;9
NIKER;14;9.7.1951;0;14
RAZIM;9;27.12.1963;9;0
SEVGILIYE;2;17.1.1954;0;2
RAHBER;11;20.9.1965;8;3
MIRMAN;4;4.10.1959;0;4
NESLIYEN;4;22.3.1966;0;4
REMZE;60;22.3.1949;0;60
VAKFIYE;3;15.11.1936;0;3
MAMUT;11;26.2.1959;11;0
LAHBER;1;11.6.1950;0;1
USNEFER;1;21.5.1930;0;1
MERKUKE;1;22.3.1967;0;1
TAMAMIYE;3;19.2.1949;0;3
NIFDADIYE;1;8.2.1951;0;1
NURSADE;42;9.3.1974;1;41
RAKIBIYE;8;2.9.1957;0;8
PELA;1;16.4.1959;0;1
FARUZE;2;25.2.1951;0;2
HURDEVIZ;1;22.10.1973;0;1
BEYDIYE;4;28.4.1963;0;4
HUSNUVER;3;30.8.1973;0;3
SAMNUR;1;25.4.1939;0;1
NURAYETTIN;1;12.2.1965;1;0
ZEMIRET;2;27.7.1946;0;2
MINKA;2;29.2.1948;0;2
BIRGUZEL;18;25.9.1969;0;18
VILIS;1;26.6.1928;0;1
DURCIYE;2;16.5.1960;0;2
ZOBIDE;4;17.6.1948;0;4
IHDADIYE;1;30.9.1956;0;1
MUCIYE;4;18.7.1947;0;4
NISAT;12;24.11.1956;9;3
AKMESE;1;1.5.1936;1;0
CIMNAZ;12;28.12.1958;0;12
YUKSUN;2;6.1.1964;2;0
SERNEZ;8;13.7.1960;0;8
UYSEL;17;24.11.1956;1;16
KUBRIYA;12;15.10.1969;0;12
ANNIBAL;1;16.2.1964;1;0
SEFAYE;58;1.10.1957;0;58
MUKMIN;34;2.1.1969;33;1
MUCESEN;4;14.1.1967;0;4
NEVCIGUL;1;18.2.1961;0;1
MEKUFE;2;10.10.1970;0;2
MEVLIGUL;1;27.4.1983;0;1
GUNDAR;38;26.5.1974;33;5
NERGIZE;44;10.6.1967;0;44
MUCESSEN;12;30.3.1963;0;12
GOKSEVEN;8;26.3.1976;8;0
ERGUNEY;3;8.7.1976;3;0
YASAYAN;12;25.11.1976;3;9
NECIYA;3;16.1.1961;0;3
ZADEF;13;12.5.1962;0;13
HAYDARIYE;7;26.5.1962;0;7
BIRFEN;6;24.3.1962;0;6
MUNECAT;1;30.10.1945;0;1
DENGI;4;21.7.1983;4;0
ZERIDE;42;30.1.1957;0;42
MESENRE;1;13.2.1947;0;1
VACITCAN;1;15.9.1987;1;0
RUHINIKAR;2;1.3.1958;0;2
HICLAL;57;28.2.1970;0;57
NEZAL;5;5.3.1970;0;5
DURUSEN;5;10.2.1954;0;5
GULIZE;11;14.5.1962;0;11
IZHAR;14;11.3.1955;10;4
MUTAHAT;1;22.8.1955;0;1
NURISU;1;5.1.1956;0;1
MERINAZ;43;17.11.1962;0;43
MAHIFURUZE;1;7.9.1934;0;1
FADILI;102;3.10.1961;4;98
NURZEM;3;1.11.1973;0;3
IRFA;3;10.9.1964;0;3
GULBATAN;5;3.7.1955;0;5
IZADE;5;20.10.1952;0;5
SEMSULLAH;4;4.7.1960;3;1
SENOZAN;1;1.7.1945;0;1
NURKADIYE;2;16.8.1961;0;2
ZAHMETIYE;1;11.2.1956;0;1
SAHZUMAN;4;14.1.1970;0;4
HONE;68;25.3.1956;0;68
ILMANIYE;44;1.10.1962;0;44
RUYGUL;1;3.12.1958;0;1
EFRAZIM;55;1.5.1958;55;0
TEBIB;1;29.8.1974;1;0
RUHBAN;1;12.2.1977;0;1
HURNUS;3;3.3.1975;0;3
URVIDE;12;5.4.1940;0;12
AYUPER;1;25.4.1951;0;1
ERUS;6;23.1.1975;2;4
FADIMEHANIM;6;19.1.1966;0;6
TURKILERLESIN;1;16.9.1969;1;0
MILKIBAR;34;12.7.1974;0;34
EFRAZ;37;30.9.1950;6;31
BILGUNUR;5;13.6.1978;0;5
GULMAHIYE;22;4.6.1950;0;22
SEMAIYE;7;10.10.1957;0;7
ALIKAN;40;20.3.1969;40;0
TULSER;5;20.6.1952;0;5
OZGURAY;28;20.12.1979;13;15
ZAKILE;2;7.9.1953;0;2
NIHATHAN;1;2.2.1973;1;0
TAYLI;2;3.10.1960;2;0
MUSERER;3;20.11.1951;0;3
MIZGEN;1;21.3.1974;1;0
SUYET;47;20.4.1944;0;47
SUNIS;1;13.12.1951;0;1
NETIF;8;15.3.1969;8;0
UZUMUYE;4;29.1.1954;0;4
GULAGZIM;1;11.2.1962;0;1
FERRUZAT;1;21.4.1970;0;1
ATFER;2;15.9.1972;1;1
AYSENIL;8;27.9.1977;0;8
ATUS;45;7.4.1953;0;45
CENANIYE;6;11.10.1946;0;6
ZUHIYE;7;12.5.1951;0;7
FERIZETTIN;1;10.5.1948;1;0
HUDASEL;2;10.10.1964;0;2
HAYASET;2;19.11.1960;0;2
ERSIMAN;2;8.4.1973;0;2
SOFIYE;16;13.6.1955;0;16
MINCARIYE;2;6.3.1951;0;2
ALEATDIN;4;28.4.1955;4;0
MUNIRAY;1;21.9.1964;0;1
SELIHAT;14;25.1.1955;0;14
NECAYIT;2;2.1.1957;2;0
DILDER;3;20.10.1983;1;2
UZGIYE;1;21.11.1952;0;1
IZDIRAP;4;28.3.1971;2;2
BEYHUN;19;4.11.1973;15;4
AYSENDER;1;23.2.1947;0;1
ASINDER;1;16.5.1963;0;1
MUHABE;7;1.9.1960;0;7
HACURE;18;5.3.1952;0;18
SEMADIYE;8;12.11.1964;0;8
ILYASA;7;15.3.1971;7;0
FUTUVET;2;9.2.1939;0;2
ASPI;4;9.3.1964;4;0
KEVSERIYE;8;25.7.1958;0;8
ZEVDIYE;3;30.3.1931;0;3
GULERZIN;2;5.8.1966;0;2
MEVLIKE;7;5.9.1958;0;7
ZAHMEDIYE;1;26.11.1973;0;1
HATA;17;21.5.1949;6;11
ZULGUF;2;26.4.1973;2;0
SAGFURA;1;22.2.1967;0;1
BAHRINAZ;2;28.12.1961;0;2
SULEY;10;15.12.1965;1;9
MERIME;40;18.10.1959;0;40
CENALIYE;5;9.10.1961;0;5
HUYSER;1;13.3.1961;0;1
NECILEN;1;21.4.1951;0;1
YUKSELIYE;7;22.7.1962;0;7
RUSFIYE;1;5.2.1976;0;1
ZEYNEBBEYIM;1;7.7.1958;0;1
HAYAZET;14;20.3.1958;0;14
GULBAYAZ;17;20.8.1962;0;17
MESRUL;11;11.8.1974;11;0
SEVBEN;12;18.3.1977;4;8
RUSUHI;14;26.2.1947;14;0
BIRSOZ;2;13.7.1956;0;2
SUAYET;3;28.10.1971;0;3
HIMADIYE;1;21.5.1948;0;1
MUSEYLA;3;19.2.1958;0;3
SEHLIBA;1;27.8.1967;0;1
SEZAHIYE;2;19.6.1938;0;2
CHRISTIANE;8;6.9.1954;0;8
AYAZIYE;1;27.10.1956;0;1
SANURAY;2;4.11.1952;0;2
FIRADIYE;7;14.10.1944;0;7
ELGUDER;1;22.2.1943;1;0
TENZER;7;9.4.1966;0;7
SELVUS;1;15.6.1966;0;1
RABBIL;4;22.2.1969;4;0
SERNAT;4;17.11.1980;1;3
ASPIYE;5;21.7.1965;0;5
ZULFUSEN;2;17.3.1956;0;2
DEMIRPENCE;1;12.7.1971;1;0
YUKSELNUR;1;22.2.1991;0;1
EROGUL;5;4.12.1946;5;0
SELMAHA;7;4.8.1964;0;7
UYKURA;29;22.7.1960;0;29
RICAY;1;5.12.1962;1;0
BERATDIN;3;28.10.1982;3;0
GURGANI;1;19.6.1982;1;0
GIZGAYIT;2;15.1.1971;0;2
FETIHI;5;15.7.1952;5;0
NESAHAT;10;14.5.1969;0;10
GURLUM;1;1.7.1958;0;1
ECIDER;1;9.9.1965;1;0
HUSUDE;1;1.11.1955;0;1
MEYESSER;3;25.11.1963;0;3
CAMEL;10;18.11.1967;8;2
AYNERGIZ;1;6.8.1936;0;1
BILHAYIR;7;20.8.1966;3;4
SECILE;34;24.10.1965;0;34
HAYIRNISA;7;23.2.1963;0;7
ZULKUFI;2;20.8.1968;2;0
SUUDE;62;14.9.1956;0;62
MUAVIZ;3;26.8.1984;3;0
FIKNAT;35;10.7.1963;0;35
MUKADTIS;2;27.5.1974;0;2
YURDUGUL;25;26.12.1961;0;25
FIROZE;2;30.2.1968;0;2
ZAFERIYE;48;11.8.1961;0;48
OZDET;1;9.5.1961;1;0
SUKURIYE;17;15.1.1964;0;17
NERMIYAN;4;21.2.1967;0;4
BAHAITDIN;3;4.4.1957;3;0
MUNEVVET;5;13.2.1967;0;5
GOLFAR;1;30.9.1961;1;0
MILFER;15;14.10.1971;0;15
S.SULEYMAN;2;4.8.1956;2;0
SAFORIYE;5;13.2.1957;0;5
SELMAYI;7;22.7.1966;0;7
ELFATIH;2;2.11.1976;2;0
KAMIS;4;7.8.1955;1;3
HAPILI;29;30.6.1959;0;29
ERBI;12;29.1.1968;2;10
SULUKIYE;1;16.11.1934;0;1
ZULKAN;7;20.1.1971;4;3
SANIZER;2;9.1.1965;0;2
ZEKIRI;2;9.4.1967;2;0
NILIBAR;1;12.2.1965;0;1
HUSNIVER;1;22.2.1949;0;1
ELVUDA;4;10.9.1954;0;4
SUAYBE;3;19.12.1967;0;3
H.AYSE;4;28.12.1938;0;4
SARIKADIN;1;24.3.1949;0;1
RAYIP;18;12.6.1964;18;0
AYZEN;33;28.3.1968;4;29
REHHAN;11;13.3.1970;0;11
ZUBIDIYE;13;27.5.1961;0;13
MUCDADIYE;1;22.11.1941;0;1
GULUMNAZ;8;15.2.1968;0;8
SAFORE;29;16.3.1954;0;29
HURAMAN;15;30.11.1967;0;15
GOLSAY;1;19.11.1962;0;1
MUCELLIYE;2;17.10.1963;0;2
DUYCANE;1;27.11.1987;1;0
SALIP;7;2.10.1964;7;0
MULKUBA;1;12.6.1971;0;1
SALABIYE;1;11.3.1973;0;1
EBILI;10;10.7.1963;0;10
SUBEY;2;23.1.1967;1;1
MEHLIYE;6;17.1.1962;0;6
DILLER;3;1.7.1962;0;3
ELFADA;2;7.6.1961;1;1
SEMGUL;12;9.9.1971;0;12
MUTLIYE;3;26.12.1982;0;3
GULBAHRIYE;23;3.4.1961;0;23
BAHAATDIN;1;24.7.1990;1;0
GULLANDAL;1;26.12.1967;0;1
RAHSENDE;8;22.6.1973;0;8
ERDIK;2;23.12.1977;1;1
KERZIMAN;15;28.2.1964;1;14
NEFFEL;14;27.1.1977;14;0
NAZLUM;15;22.6.1957;13;2
MUHLISIYE;5;23.6.1954;0;5
NALIFE;4;23.1.1954;0;4
LEYLIZAR;4;29.1.1944;0;4
GUNBAHAR;2;21.2.1985;1;1
BIRKEZ;3;8.3.1967;0;3
ZEYBEK;24;29.6.1969;22;2
ZORUYE;1;22.6.1967;0;1
GULDERIN;7;11.9.1953;0;7
ZEVLI;6;29.10.1961;0;6
YASARYA;4;17.3.1964;0;4
MEHRIYA;6;25.4.1967;0;6
TAZECAN;1;26.9.1936;0;1
GULFUZAR;30;20.12.1961;0;30
USTUNTAS;1;7.12.1934;1;0
SACITTIN;23;23.8.1961;23;0
SENDAY;9;2.10.1971;4;5
SELIHATTIN;11;10.11.1962;11;0
SUNDAYIL;1;16.4.1962;1;0
M.FEYZI;1;26.2.1969;1;0
ULFUYEN;1;9.9.1975;0;1
MINYAMIN;3;18.3.1958;3;0
SEHMUZE;1;16.4.1986;0;1
YAMAC;74;30.12.1979;71;3
AHMETSIH;1;6.7.1969;1;0
SULEYME;22;26.7.1952;0;22
SELAHATTINCAN;2;2.3.1991;2;0
HEPNUR;5;7.4.1956;0;5
RAGFIL;1;17.12.1948;0;1
KAY;6;25.4.1978;3;3
ISEN;11;18.2.1956;4;7
DILHUN;46;15.6.1976;7;39
TULAL;12;25.8.1962;0;12
CILSEM;6;1.10.1979;0;6
MUCAIP;4;25.10.1959;4;0
AZERHAN;17;10.1.1986;9;8
SENYILDIZ;16;8.6.1954;1;15
DILAVERHAN;1;3.4.1990;1;0
IZLEN;17;18.1.1981;10;7
BIRCIN;14;6.12.1976;0;14
MUSTECAP;33;12.10.1953;32;1
DIYZEM;1;8.6.1987;0;1
BUKRE;25;15.5.1986;0;25
ZEHABIYE;1;7.8.1922;0;1
CISIL;133;11.10.1986;0;133
EMBIA;5;1.7.1962;2;3
MENZUME;12;15.12.1953;0;12
TENGIZ;18;9.6.1968;17;1
OZBIR;33;1.3.1974;25;8
KEHRIBA;2;1.1.1976;0;2
HEMIRA;2;12.9.1967;0;2
ERCE;76;28.3.1983;71;5
NESRIDIN;1;9.7.1975;1;0
TULIS;5;7.6.1957;0;5
BULBUN;15;23.7.1946;0;15
ESFAK;15;1.7.1959;14;1
NILKAY;2;3.6.1988;0;2
MEAL;5;4.4.1971;0;5
NEVZIKE;1;12.5.1965;0;1
PAYZIT;1;2.8.1951;1;0
OMURE;16;8.11.1961;0;16
HOLINSER;1;11.9.1976;0;1
HANZE;53;6.3.1967;0;53
DALISTAN;13;18.8.1961;13;0
EMIRALLAH;4;17.7.1972;4;0
FILISE;9;27.5.1969;0;9
BUNYET;4;16.5.1957;3;1
BAYRAMSEN;3;23.8.1971;1;2
SERERGUL;1;5.1.1939;0;1
NAMAZ;224;15.1.1954;219;5
MUNTEZEM;15;14.1.1978;1;14
BELGINAT;1;26.2.1963;0;1
FUDEYL;34;15.2.1977;34;0
HARIPSE;1;27.5.1984;0;1
CANSEP;2;17.6.1942;1;1
MUKAFAAT;3;2.8.1955;0;3
RECBIYE;5;17.3.1971;0;5
ALIESREF;18;8.12.1967;18;0
MERSE;9;28.5.1955;0;9
MUZENIYE;1;17.4.1954;0;1
AYIDE;14;25.12.1956;0;14
FUTEHAT;2;18.5.1973;0;2
NECIPZADE;3;17.12.1949;2;1
CEMRAN;11;2.1.1974;1;10
SEVIDDIN;3;12.1.1961;3;0
UZMIYE;12;8.4.1966;0;12
NURDEREN;16;3.3.1964;0;16
NEVZE;36;28.4.1962;2;34
CANSAY;12;6.2.1970;9;3
SEBET;2;30.10.1965;0;2
ABBASALI;29;2.9.1954;29;0
HETIKE;74;4.2.1956;0;74
TUJEN;2;25.7.1969;0;2
MEBZULE;3;28.4.1939;0;3
GULKEM;4;11.2.1987;0;4
IMDIHAN;1;12.3.1977;1;0
FEIM;61;17.3.1966;61;0
MUSEYME;2;25.9.1965;0;2
AYSERIN;60;12.5.1959;0;60
FITNETKA;1;2.8.1939;0;1
AGIM;46;20.8.1962;46;0
BEZAMI;1;17.8.1960;1;0
GULBAHRI;28;29.12.1961;2;26
SONMEZAY;2;16.10.1972;2;0
SEVDEKAR;53;7.12.1956;52;1
HUMRAN;24;29.11.1962;1;23
MURTUZ;53;17.2.1953;53;0
ZAMILE;1;17.2.1966;0;1
SELFO;1;17.8.1924;1;0
BERHANE;1;23.5.1989;0;1
HICARE;41;23.11.1949;0;41
MEHELAT;1;26.10.1989;0;1
HADEL;2;1.3.1973;0;2
TALUY;2;22.5.1982;2;0
MEHDIKA;2;12.6.1961;0;2
NIKTER;4;3.4.1955;1;3
TULU;148;5.10.1968;24;124
SEBAHETDIN;5;13.1.1956;5;0
SELGUL;19;2.9.1971;0;19
VAHIDENUR;3;13.6.1987;0;3
MEMUN;5;28.3.1954;5;0
REYZA;2;13.2.1954;0;2
DUZUN;1;14.7.1934;0;1
SEYYADE;2;19.2.1964;0;2
DIRSEHAN;9;3.8.1978;9;0
FATIMABETUL;1;18.12.1978;0;1
NILDE;6;17.4.1982;0;6
SAFFETE;9;18.6.1950;0;9
NARDANESI;2;16.3.1967;0;2
VARIYAT;3;1.7.1965;0;3
NURBAYAT;1;22.2.1961;0;1
HEVHI;2;28.6.1965;0;2
SABIRYA;4;11.7.1968;0;4
YAKZA;2;26.11.1976;0;2
EZEM;7;29.9.1971;3;4
GITMA;1;17.2.1966;0;1
NASIKE;2;4.6.1958;0;2
MAHHUS;1;11.6.1970;1;0
AHIRET;31;30.12.1974;3;28
AYNATULMERDIYE;1;22.4.1979;0;1
VECEDDIN;13;30.10.1971;13;0
RIBASAH;38;18.6.1968;0;38
BIRINC;10;20.4.1961;0;10
OLAMAN;1;12.8.1929;1;0
URMETKA;3;18.12.1954;0;3
FIDAHIYE;4;22.5.1955;0;4
SEAVET;8;22.4.1948;0;8
YILNUR;34;20.12.1969;3;31
VERKA;6;2.8.1946;1;5
IRFANGUL;1;2.12.1936;1;0
ALIL;2;19.12.1947;2;0
NEZAYI;9;29.8.1963;6;3
TAZIME;3;21.5.1971;0;3
MUSAHIT;18;14.6.1960;17;1
ALMULA;49;14.11.1978;0;49
FAHRINNISA;51;15.2.1953;0;51
HUSNAY;9;28.6.1972;1;8
EYAMIN;1;17.8.1936;1;0
IKLIN;1;21.10.1957;1;0
FULTEN;8;11.5.1967;0;8
ZIBETKA;3;29.12.1950;0;3
HAMIYETKA;2;30.1.1933;0;2
FILDIZE;2;4.5.1956;0;2
AYMIRAY;1;24.2.1992;0;1
VENNAHAR;1;23.1.1966;0;1
SEDIRIYE;30;17.2.1962;0;30
KUDRETKA;1;17.8.1954;0;1
NUHIDE;9;6.12.1964;0;9
HAIME;1;16.9.1958;0;1
HOSGUZEL;27;3.8.1963;0;27
BUKRIYE;9;6.1.1952;0;9
NASER;50;1.7.1965;47;3
AYTUNEL;4;23.3.1958;0;4
M.MUHDI;3;8.7.1950;3;0
NAGIP;41;18.1.1964;41;0
NURAAT;6;5.7.1958;0;6
DIYAL;3;3.4.1983;0;3
GURSANS;9;2.12.1971;0;9
NECAFETTIN;3;9.7.1954;3;0
MUTLUER;10;5.10.1976;10;0
EMIRZADE;284;1.2.1953;6;278
VEHHIBE;1;17.8.1972;0;1
VAHIDETTIN;22;15.1.1947;22;0
MURTAZAN;2;26.5.1961;2;0
M.SABIYE;1;22.7.1949;0;1
BERTURK;1;7.1.1953;1;0
HILIDER;1;16.7.1965;0;1
ALTINEL;3;23.2.1967;1;2
HURAYDIN;1;20.10.1962;1;0
TULEZ;9;10.10.1959;0;9
BEYTISERIF;4;7.12.1966;4;0
ATIP;21;23.4.1959;21;0
GULSEC;2;22.12.1970;0;2
ILTEN;37;27.8.1968;0;37
MUHAMMETTIN;11;2.5.1972;11;0
OZMETIN;15;14.9.1961;15;0
MUCEDDET;17;17.5.1958;5;12
NAIYME;3;4.9.1945;0;3
SEFADIN;3;10.6.1964;3;0
RUHBIL;5;29.11.1957;5;0
AFIYETKA;2;5.1.1958;0;2
FESLIHA;2;18.3.1951;0;2
MACIZE;3;2.2.1969;0;3
BENIDE;107;17.4.1961;0;107
EMMIYE;6;11.8.1959;0;6
SELIKAN;1;7.4.1981;1;0
AHLICE;1;16.2.1938;0;1
BAHADIYE;19;21.9.1971;0;19
SUBYA;11;28.12.1965;0;11
GUNSEVER;7;30.9.1955;0;7
LEPBE;2;12.5.1953;0;2
HADEVIYE;4;27.11.1951;0;4
YILGUZ;2;1.8.1964;0;2
SEVRAY;3;17.8.1969;0;3
ZALEDDIN;1;27.2.1956;1;0
SERTCAN;9;9.2.1982;9;0
NAKIL;6;17.5.1953;6;0
HAVADUDU;100;13.11.1959;0;100
ATCA;2;21.10.1955;0;2
NURGEZ;5;6.6.1975;0;5
FEYDIYE;3;8.10.1948;0;3
ITADIYE;2;19.5.1969;0;2
SEHERNA;1;12.2.1971;0;1
AYISETE;2;20.6.1973;0;2
HIFZURRAHMAN;6;24.3.1958;6;0
MECBURIYET;8;3.12.1972;0;8
ENUS;138;4.6.1964;130;8
SEDYE;7;30.9.1970;0;7
MUHTESIME;35;19.7.1962;0;35
VEHCETTIN;8;9.7.1974;8;0
HERDEMGULEN;1;17.2.1966;0;1
ABDUULHAKIM;1;22.10.1991;1;0
KENEN;4;9.1.1977;4;0
GUNNERMAN;1;26.1.1985;0;1
SEBULLAH;3;3.8.1980;3;0
HEYNAR;4;23.6.1978;0;4
AZEHER;1;12.2.1941;0;1
MUHAMETHANIFI;1;22.2.1967;1;0
MUTLUK;62;3.7.1976;62;0
SURSIRIN;24;11.5.1965;0;24
CECILE;5;16.1.1976;0;5
BEDERIYE;2;29.3.1969;0;2
SIABENT;1;25.5.1971;1;0
SARIYETE;6;28.5.1964;0;6
HACIMA;2;3.3.1964;0;2
SAYYAT;7;10.4.1970;6;1
ULFETTIN;91;11.12.1961;91;0
SENEDIN;3;28.12.1960;3;0
ASPURCE;9;18.8.1989;0;9
NEDILET;1;11.5.1964;0;1
TORTUM;1;17.5.1972;0;1
INCILAY.;1;14.3.1986;0;1
USREF;48;1.7.1960;48;0
BEKIZA;2;16.6.1953;0;2
NERIMIN;10;17.9.1962;0;10
BESBIN;52;6.8.1969;0;52
MUTEVEKKILE;8;30.12.1960;0;8
TUNHAN;7;16.10.1984;6;1
NEVIKE;19;27.12.1963;0;19
FAAKIM;1;22.1.1963;1;0
ECMEIN;3;14.2.1958;3;0
TELNUR;9;7.7.1969;0;9
HAVIKA;3;7.11.1944;0;3
CEMALIDIN;1;7.8.1952;1;0
LALEM;2;6.11.1972;0;2
MESELI;1;21.2.1977;0;1
ELHA;8;2.2.1972;0;8
MUSERRAH;4;26.1.1953;0;4
MUHREDDIN;2;22.2.1951;2;0
NECCAR;17;1.6.1960;17;0
ZUMBUZ;1;26.3.1975;0;1
TEBERMUS;2;26.10.1966;2;0
FELAHADDIN;2;22.9.1967;2;0
UMURAN;15;26.1.1966;2;13
ZINEGUL;11;14.2.1951;0;11
SAHZET;54;5.6.1964;48;6
IHTIMAL;2;16.11.1972;0;2
KONYALI;2;25.3.1961;1;1
SULEYDA;4;2.5.1971;0;4
SUMMEHAN;4;10.9.1962;0;4
NURFIDIYE;1;27.6.1956;0;1
MUHARREME;36;13.1.1949;0;36
NETAFET;10;20.12.1955;0;10
BARIDIN;3;9.7.1949;3;0
SENSOZ;9;9.5.1950;3;6
RABBE;1;18.6.1972;0;1
GULKA;17;7.7.1947;0;17
DEHSET;37;4.11.1961;5;32
NURCETIN;6;2.11.1950;6;0
GUNTUL;1;20.10.1978;0;1
HACIP;37;15.6.1954;37;0
ZEBIBE;23;6.12.1949;0;23
MEFARAT;3;11.5.1972;0;3
NILDEHAN;2;2.1.1983;0;2
LADIS;54;4.8.1956;0;54
SUZANIYE;1;12.8.1953;0;1
EDIZHUN;11;23.3.1981;11;0
HERUN;25;25.4.1966;24;1
KAMRETTIN;1;22.8.1925;1;0
GULCICEGI;3;24.9.1957;0;3
SALEHE;112;2.3.1966;0;112
MISLICAN;12;29.11.1958;0;12
RIDAYETTIN;9;8.8.1969;9;0
KUTVETTIN;19;10.12.1966;19;0
MUFRETTIN;4;7.7.1964;4;0
TEVBET;2;11.8.1959;0;2
UBEYDULLA;3;12.4.1965;3;0
SALEMCAN;1;6.8.1938;0;1
FEYZILE;4;15.4.1961;0;4
ABDURRAHMEN;11;22.1.1966;11;0
SEVDINAR;30;9.5.1971;0;30
SENOZEN;2;18.10.1968;0;2
SERECEDDIN;2;13.5.1971;2;0
KARAOGLAN;9;15.1.1964;9;0
ZULLALE;1;7.8.1934;0;1
BURAHAN;3;16.11.1975;3;0
ERDUHAN;25;26.6.1940;25;0
EREMSIYA;3;12.1.1969;0;3
ZEZIME;3;11.8.1963;0;3
GONULSEVER;3;28.4.1968;1;2
MUCATTIN;1;11.1.1974;1;0
GEVHAR;116;4.11.1955;0;116
BUHATTIN;9;9.4.1975;9;0
NAZEDER;1;7.10.1958;0;1
HATIDJE;10;10.5.1968;0;10
SUNUR;15;17.6.1964;2;13
ELAMIYE;3;5.8.1967;0;3
MEJLI;2;3.8.1966;1;1
KERIMETTIN;1;26.12.1975;1;0
ERTOSUN;1;17.10.1972;1;0
TEFEKKUL;37;10.2.1962;2;35
ERVAHIN;1;22.1.1966;1;0
BESLER;35;22.7.1964;33;2
ALIPER;7;21.8.1973;7;0
MUJGER;2;30.11.1962;0;2
RABIYETE;1;27.3.1950;0;1
SABAADDIN;4;13.7.1958;4;0
FADUL;60;10.10.1964;44;16
BAYGIN;2;17.4.1960;1;1
ISMIAZAM;3;30.12.1956;1;2
NEVADE;3;13.4.1943;0;3
NEMINA;1;29.3.1961;0;1
MISEVIYE;1;22.10.1968;0;1
NAZGULER;1;21.2.1951;0;1
GURGU;8;18.8.1959;7;1
KABIRA;6;1.2.1957;0;6
MARYETUL;1;2.2.1969;0;1
ALSAY;3;6.4.1976;2;1
KERIMIYE;8;20.9.1966;0;8
MURVIDE;1;1.5.1982;0;1
EDEBIYA;6;23.1.1971;0;6
KURBANHANIM;1;16.5.1957;0;1
DALALET;1;26.6.1961;0;1
CEZAYIL;6;22.7.1960;6;0
NURUSSENE;1;28.7.1956;0;1
GADIRSAH;1;27.2.1968;0;1
ABDIS;27;18.8.1955;27;0
RESADET;17;14.2.1947;1;16
DURBAZ;1;27.9.1962;1;0
M.MUSERREF;2;22.2.1957;2;0
CELAADDIN;5;22.11.1964;5;0
BEZET;8;26.8.1968;7;1
HADYETULLAH;1;25.2.1973;1;0
ZARIYA;4;9.7.1971;0;4
PAYTON;34;1.2.1951;0;34
MAHBU;3;18.1.1940;0;3
MAHMI;5;8.3.1950;5;0
TEYMER;1;28.6.1960;1;0
NISPET;31;5.5.1961;1;30
MECHER;1;24.3.1974;0;1
REMLETE;6;29.1.1972;0;6
NUFUSIYE;23;25.9.1979;0;23
NIYADIN;3;27.7.1951;3;0
HALIYAS;3;26.5.1959;0;3
BAHDIN;9;23.7.1965;9;0
YAZICE;2;18.8.1972;0;2
CILEMGUL;7;20.12.1976;0;7
ELDIN;59;4.6.1979;59;0
NEBAET;12;25.1.1964;0;12
SAMAZET;47;9.5.1948;0;47
SEDEGUL;40;1.9.1968;0;40
ODAL;1;5.6.1975;1;0
GULEYRAN;2;17.6.1966;0;2
DERIH;78;24.5.1973;78;0
NEZRA;5;7.7.1983;0;5
SUTYA;50;1.2.1970;0;50
MEMETSALIH;23;27.3.1966;23;0
SEBAN;12;29.9.1965;8;4
ALIISAN;1;9.12.1977;1;0
SINEZAR;45;1.12.1955;0;45
LESLA;2;10.9.1970;0;2
NAYZE;2;13.5.1973;0;2
HALAY;36;12.1.1953;32;4
SABRINAZ;110;30.3.1963;0;110
HEZAT;1;20.1.1980;0;1
GUNDAL;35;10.5.1974;28;7
VECADIN;1;16.6.1981;1;0
HEVAS;7;20.7.1954;1;6
UMIYET;2;1.7.1970;0;2
GULEBATTIN;1;6.2.1938;0;1
BADEMCI;1;21.6.1951;0;1
FARHATTIN;3;17.10.1968;3;0
SAFEDDIN;3;5.3.1961;3;0
BELIG;12;20.5.1964;11;1
KIRMAN;200;24.4.1957;194;6
ATALA;3;13.7.1940;3;0
HASENIYE;22;25.1.1949;0;22
BEKTAN;4;22.9.1969;4;0
BENDIYE;8;3.9.1967;0;8
NEVREZTE;1;1.9.1991;0;1
TOMRUL;5;24.9.1955;5;0
MUPTELE;1;26.3.1961;0;1
NAZENDAR;4;7.12.1968;0;4
NUNUFAR;3;8.6.1961;0;3
HAYRIS;29;26.1.1952;13;16
SEBNAM;5;26.3.1972;0;5
AYRUN;3;21.4.1964;3;0
GULLISEN;4;10.6.1969;0;4
EMSEL;259;28.8.1961;2;257
MUSFET;7;30.10.1957;1;6
MIHRIBAHAR;1;2.6.1983;0;1
FERAMIYE;3;23.12.1961;0;3
RESULLAH;7;25.8.1977;7;0
TENIGUL;30;13.6.1950;0;30
SINASIN;4;6.2.1957;4;0
SIRHAN;18;13.3.1973;11;7
AYSETU;1;8.9.1969;0;1
ZURIHA;3;1.6.1952;0;3
MUREFE;2;4.10.1966;0;2
TURKENDER;1;26.8.1961;1;0
DURNATEL;49;15.2.1959;0;49
GINYA;1;27.8.1926;0;1
HAKEM;18;24.8.1964;18;0
ZUREF;9;14.11.1959;9;0
SINTEM;7;25.7.1962;0;7
FIRADE;33;26.2.1956;0;33
RUJDI;159;23.6.1964;159;0
MESHUDA;2;20.8.1980;0;2
MEHSURE;24;29.12.1967;1;23
AKGULU;14;16.5.1967;0;14
NAZUMAN;1;26.7.1967;0;1
MUVEYLA;61;26.8.1958;0;61
KANIZE;71;2.4.1955;0;71
OYSEL;2;12.12.1943;2;0
SERGULENT;5;17.12.1973;5;0
GULAMBER;19;15.3.1968;0;19
GULORDU;1;16.7.1946;0;1
KOHAR;14;9.1.1950;0;14
SEVILMIS;9;20.2.1936;0;9
HICAIL;1;2.2.1951;1;0
ZAYLA;1;27.2.1968;0;1
MESNIYE;2;17.2.1955;0;2
OGUZALI;2;7.12.1970;2;0
EVFER;2;12.8.1938;0;2
SEYER;10;27.2.1967;1;9
SESIZ;1;22.2.1955;0;1
BINNASIYE;18;22.4.1959;0;18
BILKUR;8;14.1.1972;5;3
EVLEYAN;1;5.4.1939;0;1
ZUMBULUYE;1;4.2.1952;0;1
KADRETDIN;2;2.5.1973;2;0
HULEYME;3;2.7.1963;0;3
SUFALA;1;22.8.1970;0;1
NEKI;11;3.2.1950;11;0
HACERI;15;16.1.1964;1;14
REMIZE;22;8.4.1958;0;22
MAYANGUL;16;14.10.1966;0;16
MUDCET;1;28.2.1974;1;0
DURGADIN;207;25.12.1959;0;207
MESUDIYYE;1;12.5.1956;0;1
KELIBAR;1;5.2.1940;0;1
MESHUDIYE;9;30.1.1962;0;9
UMEYIR;16;12.11.1980;16;0
MUZDEN;6;4.2.1961;0;6
ZAHTIYE;12;27.3.1958;0;12
GORGI;9;21.10.1968;8;1
EMRUSAH;1;16.9.1974;1;0
HOSREV;9;6.5.1963;9;0
MERAK;88;27.6.1976;2;86
TOPCICEK;1;3.5.1973;0;1
MEHMETMEHDI;2;28.9.1977;2;0
BEYANET;11;18.11.1973;0;11
FAKRIYE;59;10.3.1972;0;59
MEVFUZ;1;27.12.1974;1;0
VEZNA;35;7.7.1974;0;35
MUBBET;5;29.9.1952;0;5
HAFSULLAH;2;12.12.1978;2;0
MESNE;2;21.1.1979;1;1
GUZGUN;2;26.7.1969;0;2
NAKISLI;1;19.4.1966;0;1
PERYAL;8;30.11.1977;0;8
SANZEDE;1;17.2.1972;0;1
EDAVETTIN;1;6.3.1980;1;0
GOSROF;2;5.12.1971;2;0
ENGEL;9;2.1.1970;6;3
SIRINCE;2;18.7.1971;0;2
FIDEYIL;6;23.1.1974;6;0
EYNAL;6;20.5.1958;3;3
MITLEK;2;27.5.1965;2;0
DADASHAN;8;10.3.1974;8;0
HEMILE;2;1.4.1952;0;2
KASTI;1;5.9.1963;1;0
MEHMETHUSEYIN;1;13.7.1969;1;0
MUSBAHATTIN;23;5.8.1971;23;0
MELENGUL;1;13.11.1965;0;1
SAYVETE;1;11.4.1969;0;1
MUKAYILE;1;18.9.1978;0;1
SEDAHET;2;20.5.1955;0;2
HAYZETE;36;26.10.1973;0;36
ZAHIRHAL;1;6.2.1972;1;0
BILET;23;24.9.1971;22;1
YIRMAK;1;23.1.1979;1;0
BEDEVYA;11;22.4.1970;0;11
MISLUM;1;26.4.1981;1;0
ZULEYNAZ;1;17.3.1987;0;1
VESYA;11;22.9.1972;0;11
HAYFEDDIN;4;26.9.1967;4;0
GULATMA;1;20.8.1960;0;1
MERGEN;8;20.1.1972;3;5
GULSIMAT;3;29.5.1970;0;3
SULATAN;2;6.1.1961;0;2
GULFIRYAZ;13;11.7.1954;0;13
HURSAT;5;7.2.1968;4;1
FENTUZYA;1;6.4.1980;0;1
GULFAZ;2;10.4.1956;0;2
CELYAN;4;17.4.1988;0;4
GULAVATAN;1;7.2.1952;0;1
NIFSIYE;17;11.1.1970;0;17
BILER;65;17.3.1971;16;49
GURINAZ;1;7.2.1975;0;1
M.CESIM;5;17.11.1961;5;0
ESREDDIN;2;17.11.1962;2;0
LIYA;55;4.2.1959;36;19
SEVILDAR;1;12.10.1984;0;1
SITIHAN;6;19.7.1963;0;6
ZENIN;1;14.6.1937;1;0
NURCAL;3;19.5.1959;0;3
TAHFA;2;16.6.1946;0;2
EBUGULSUM;9;1.7.1982;0;9
BOZU;7;2.9.1952;7;0
REVSET;6;28.5.1968;1;5
SERMINAS;4;27.1.1975;0;4
BAHABET;1;22.2.1985;0;1
MEMLIHAN;3;21.12.1974;0;3
PURYAS;1;9.2.1956;0;1
SAMIYETE;2;20.9.1980;0;2
VESHA;5;21.5.1960;0;5
UZETTI;1;29.6.1965;0;1
SENADIN;56;3.4.1967;56;0
MIRBEY;106;9.7.1965;104;2
HASANHAN;17;5.12.1959;17;0
GUZUM;6;23.8.1963;0;6
SEREY;9;23.6.1960;0;9
KORDELE;2;18.2.1959;0;2
GOVEN;11;28.2.1963;11;0
MUJAN;1;27.7.1980;0;1
ZILFIZAR;70;4.11.1948;1;69
HABIBIYE;15;4.1.1965;0;15
NAYIZE;11;30.4.1969;0;11
ULKUSE;1;20.4.1945;0;1
NEVALE;22;12.5.1963;0;22
NEZLEHA;4;9.11.1945;0;4
MANI;21;6.1.1965;3;18
GURVESIN;1;19.5.1960;0;1
BILSIM;4;7.11.1968;1;3
UMITGARIP;1;28.8.1982;1;0
ISABELI;2;17.3.1961;2;0
SEBEHE;214;19.8.1954;0;214
NIRGIZ;14;13.6.1960;0;14
MUCEDDIN;30;14.4.1958;30;0
MUJDEN;36;10.7.1965;0;36
KIPARIYE;1;17.7.1984;0;1
HUDIYET;2;29.1.1967;0;2
NECVET;25;23.9.1958;20;5
NADIFER;7;21.1.1963;0;7
NUCEYLA;2;20.12.1973;0;2
SEHNEM;5;20.11.1976;0;5
HUZULE;5;25.8.1963;0;5
ACANGUL;13;29.7.1966;0;13
FEHIMENUR;1;26.3.1989;0;1
BERATSABAN;1;16.1.1973;1;0
DIMAG;1;25.12.1989;0;1
ELHAME;34;22.3.1954;0;34
NERMIA;1;11.11.1967;0;1
MUERRA;1;27.1.1973;0;1
GOLUN;6;30.11.1967;3;3
BERINA;1;19.2.1970;0;1
EDAFIYE;4;13.11.1968;0;4
OJGUN;2;11.9.1961;0;2
ZERIA;6;6.11.1949;0;6
FEZILET;25;25.2.1960;0;25
ARGON;9;15.4.1947;9;0
EFLET;7;16.1.1956;7;0
NEVCIVANIYE;1;18.10.1950;0;1
DUYGUM;4;16.2.1982;0;4
GUNISIK;8;20.11.1974;0;8
MEMETSAHIN;2;27.10.1962;2;0
DUYGAN;9;8.6.1982;7;2
ENVAN;1;14.4.1972;1;0
TUGGEN;26;19.6.1982;1;25
JULIE;21;14.3.1972;0;21
VASIM;27;30.7.1965;27;0
MUMINALI;44;21.8.1955;44;0
AKLEN;3;25.11.1982;2;1
SERENAD;14;22.5.1980;0;14
SULFUNAZ;6;18.5.1963;0;6
ALIYULMURTEZA;1;12.5.1951;1;0
SERMEDI;2;5.5.1962;2;0
GUNNAHAN;3;16.2.1968;0;3
MEMMUNIYE;6;7.4.1981;0;6
CAMSET;2;25.4.1961;2;0
SEGIN;2;3.2.1977;2;0
SENAYIM;10;1.6.1956;10;0
SANIGAR;8;6.10.1959;0;8
MUZEKKAR;17;22.7.1958;17;0
RASI;49;6.4.1964;49;0
NESREGUL;1;26.3.1961;0;1
SEVGITA;1;14.1.1959;0;1
GONGUL;4;21.10.1971;0;4
VECAHATTIN;3;23.12.1952;3;0
NIFSULLAH;1;16.4.1976;1;0
AREFIYE;27;7.1.1965;0;27
ZUHEYLAN;1;13.5.1953;0;1
NECIDIYE;5;16.6.1951;0;5
SAZIDER;1;21.8.1969;0;1
NAZDI;6;26.3.1949;0;6
BERNAK;1;15.1.1977;0;1
BIRER;9;21.9.1962;9;0
HASBIN;6;20.12.1975;6;0
SELRI;1;1.6.1930;0;1
GULCILE;3;23.7.1965;0;3
GUCCO;1;12.6.1964;1;0
SELYAN;1;4.2.1961;0;1
YAKUZE;1;2.2.1957;0;1
ZERRA;2;5.2.1959;0;2
HATICEI;31;1.5.1953;0;31
NESHIA;1;7.10.1972;0;1
NECALIYE;6;18.12.1958;0;6
ARDIN;5;7.1.1949;4;1
SEVGUR;7;28.6.1971;1;6
SUTTI;20;16.4.1951;0;20
ERNIL;7;23.2.1977;1;6
SALEN;4;30.7.1964;0;4
RESBIYE;2;12.3.1968;0;2
NURPEN;6;21.5.1964;0;6
NARISAH;18;6.11.1952;0;18
MEDAIM;12;23.1.1961;12;0
NARGEHAN;4;14.6.1980;0;4
CANBULUT;13;19.11.1963;13;0
YURTGULU;8;8.10.1951;0;8
NOREN;9;12.9.1952;0;9
AFKA;4;4.5.1947;0;4
NURBIYE;95;25.6.1968;0;95
NIKAP;5;16.2.1949;1;4
JURIN;1;16.6.1962;0;1
HAYATBEY;1;7.4.1954;1;0
RUSAR;2;16.1.1976;0;2
NECEYLA;2;12.12.1958;0;2
AYFENDE;1;28.3.1953;0;1
MUHALLAH;1;6.10.1972;0;1
OKAL;2;29.3.1973;2;0
BAKAR;4;29.11.1950;1;3
ALBU;1;4.3.1958;1;0
RASIMI;2;16.1.1963;2;0
HAYASETTIN;4;5.10.1968;4;0
EDILE;24;20.5.1957;0;24
DEVRINAZ;5;2.11.1963;0;5
SUTTE;13;17.4.1964;0;13
GULCEMET;17;3.12.1969;1;16
KESIN;6;27.10.1969;5;1
GOLEMIR;1;22.3.1961;1;0
BAZGA;5;11.5.1955;0;5
HARBINAS;20;13.8.1962;0;20
BELHUZAR;34;30.2.1957;0;34
VERZIL;10;25.6.1969;10;0
BERFINA;1;7.7.1976;0;1
DAKOSI;1;7.8.1934;0;1
NURBAYIR;1;11.6.1975;1;0
BAHTANUR;2;21.1.1975;0;2
GUNE;6;8.6.1967;1;5
GULZERI;9;18.7.1960;0;9
RIFAIL;8;6.1.1977;6;2
KURTIS;33;7.1.1946;33;0
KABURE;5;20.9.1962;0;5
SEYFICAN;7;24.9.1980;7;0
FEYMI;47;28.1.1961;47;0
GULHUZAR;29;5.4.1959;0;29
RECAFETTIN;1;20.5.1954;1;0
ETUFA;1;1.2.1954;0;1
MELSA;21;13.12.1983;0;21
MUHUTIN;3;7.6.1965;3;0
HASBUKE;6;4.8.1956;0;6
ABDUMUTALIP;4;5.6.1978;4;0
HAZIYETE;17;21.3.1964;0;17
ZOR;1;7.5.1946;1;0
YUSVETTIN;1;28.7.1973;1;0
GOLISTAN;7;30.6.1968;0;7
MUHTESIFE;3;23.2.1955;0;3
RUBEYSE;4;8.10.1973;0;4
AFYEDIN;1;19.7.1977;1;0
YUSIK;1;22.8.1925;1;0
YESARIYE;42;16.8.1964;0;42
RUKER;4;29.11.1973;0;4
MEMETTAHIR;2;9.2.1955;2;0
BERFINAZ;29;3.5.1975;0;29
BASRAI;3;20.9.1957;0;3
PAKILE;1;7.2.1950;0;1
EVRETTIN;1;2.12.1979;1;0
NEYTULLA;3;21.9.1968;3;0
RUBAHSAH;12;11.2.1975;0;12
HEYBEDIN;1;3.5.1981;1;0
NECAL;7;13.8.1974;3;4
BILAZIM;1;20.8.1978;1;0
ZETKIYE;1;22.2.1991;0;1
DILHAS;2;5.5.1962;0;2
ABDULKUDDUSI;4;22.2.1953;4;0
SADINE;11;26.10.1965;0;11
ESREK;1;17.3.1945;1;0
MAHTEBER;2;22.7.1989;0;2
ANJA;3;18.5.1973;0;3
MUSURHAN;7;20.4.1972;7;0
HANSAN;1;17.2.1960;0;1
MUGBET;5;29.6.1962;0;5
MURYEM;7;5.5.1965;0;7
ATAS;17;15.9.1955;14;3
SANEDDIN;3;27.1.1967;3;0
SERFERAZ;5;9.5.1967;0;5
DERBAZ;12;13.3.1960;12;0
VARIKA;1;7.8.1922;0;1
CAFET;37;30.10.1962;37;0
HAMDIS;2;20.12.1957;0;2
SELVIDE;7;9.9.1953;0;7
SEVALE;16;1.3.1945;1;15
SATLIHAN;2;12.5.1955;0;2
ZADIFE;167;7.12.1962;0;167
AHKAN;2;21.9.1973;2;0
RAHBET;1;25.5.1974;0;1
TEBAREK;25;12.7.1960;1;24
UDAVER;3;20.5.1966;2;1
NERGUZET;1;12.8.1941;0;1
FILUS;2;29.1.1945;2;0
SEZADIN;1;12.8.1959;1;0
RIZADE;19;22.10.1951;0;19
MURDESAN;1;27.2.1945;0;1
NUKRAN;4;19.4.1964;0;4
AKSEVER;3;8.5.1969;2;1
SEVGINAY;2;6.11.1977;0;2
NEHIL;10;23.1.1968;2;8
ESGER;1;7.8.1958;1;0
VICDANE;23;11.12.1953;1;22
BANUN;10;10.10.1969;2;8
VEBIJE;1;15.4.1958;0;1
NAYHUN;1;1.4.1973;0;1
ZENUS;4;22.8.1942;0;4
BEHLIYE;7;1.11.1935;0;7
IBADETKA;1;22.8.1961;0;1
MEVSUN;3;25.1.1955;0;3
MUTHULLAH;5;24.11.1975;5;0
EMIRKESIM;1;1.6.1968;0;1
ISMELE;1;2.8.1933;0;1
MESMETDIN;1;3.4.1972;1;0
CEVAYDIN;5;8.9.1973;5;0
TABIR;5;9.1.1978;5;0
MIGREM;14;17.7.1952;0;14
ALIBAHAT;1;27.9.1934;1;0
HINDAL;7;18.10.1962;7;0
MISKEP;4;28.6.1966;0;4
AHMUT;2;13.7.1980;2;0
SEVGISUN;21;16.12.1954;0;21
NEVRIZIYE;3;26.12.1967;0;3
NUREDA;6;2.5.1980;0;6
ZERUD;1;3.10.1974;0;1
SOKET;39;6.1.1953;0;39
TENASUP;43;7.12.1955;0;43
TICEL;4;4.7.1968;0;4
HIKMETKA;1;12.11.1947;0;1
HUMEYDA;9;16.8.1975;0;9
SEFORIYE;7;17.8.1957;0;7
BERNUH;1;18.3.1957;1;0
BEGENC;2;8.9.1971;2;0
SAZIMETKA;2;14.1.1954;0;2
SANTAY;1;17.5.1942;1;0
TAIRE;7;6.7.1956;0;7
SERVETKA;7;5.2.1950;0;7
SALIE;3;12.4.1953;0;3
LIRIYE;16;20.2.1957;0;16
SEAVETKA;4;18.1.1955;0;4
FIDANSER;28;5.7.1966;0;28
NUHIYET;1;19.7.1965;0;1
HARZE;1;24.6.1979;0;1
NURSEVINHULYA;1;18.3.1979;0;1
REFANE;1;22.8.1949;0;1
MELIAT;9;29.10.1962;0;9
ZATIME;43;4.12.1960;0;43
AVZER;4;21.8.1974;3;1
LAVRENCE;2;11.6.1940;1;1
TERVIZ;13;20.2.1952;1;12
DIYAEDIN;1;23.9.1987;1;0
KULTER;41;15.8.1959;1;40
SINEZER;40;28.10.1953;0;40
NESHIBE;2;1.9.1959;0;2
REVINAY;2;14.5.1963;0;2
CEFARIL;1;6.11.1974;0;1
KUPUK;4;10.11.1945;0;4
GULDANA;14;9.4.1957;0;14
MIFTAR;14;13.12.1954;14;0
EHMEDI;1;3.2.1957;1;0
FEYAZI;7;11.2.1964;6;1
NEFHIYE;2;21.10.1966;0;2
SEVTAS;2;3.10.1971;0;2
TALMEN;2;14.2.1968;0;2
BIGUM;5;30.5.1947;0;5
SAHARDA;1;9.2.1970;0;1
ZELIGE;5;12.1.1959;0;5
MUZEYYER;12;19.4.1955;0;12
ARZUBETUL;1;14.7.1981;0;1
BEZAIM;3;12.3.1305;3;0
MIANE;1;2.8.1957;0;1
ARSES;7;17.10.1972;0;7
KAANHAN;7;9.6.1986;7;0
TOLUSEL;1;22.10.1991;1;0
MAVET;1;12.2.1959;0;1
TUHFE;20;14.2.1961;0;20
BUKEM;19;23.5.1978;1;18
ALIOZAN;2;1.4.1990;2;0
SERIAY;1;8.7.1958;0;1
FERROH;1;25.2.1980;0;1
DEVRIMER;4;11.7.1981;4;0
ATSIYE;1;16.11.1968;0;1
VAYDA;6;12.8.1957;0;6
RAYGAN;3;6.6.1961;0;3
NAHIZE;43;8.10.1962;0;43
NEZDIHAN;1;26.11.1968;0;1
KORTAN;18;26.1.1981;18;0
GULDIYE;18;9.1.1966;0;18
MAKSIDE;11;22.9.1971;0;11
CANOL;26;18.12.1972;25;1
TURKSEVEN;6;29.5.1964;6;0
MURRE;11;21.12.1960;5;6
SEVECAN;5;23.5.1977;1;4
RUHATIN;1;15.3.1956;1;0
SEHAFET;1;21.4.1954;0;1
GULVIDAN;5;27.5.1970;0;5
DILBES;2;3.11.1970;0;2
ZEKAHI;4;1.2.1949;4;0
SUHUT;7;29.12.1981;7;0
TEMMUZ;40;23.1.1986;33;7
DIYAMEN;1;23.6.1958;1;0
TAFETTIN;1;9.10.1964;1;0
FAHRUN;4;5.12.1970;0;4
IRMAHAN;7;30.8.1964;0;7
URDER;1;17.11.1953;1;0
SUTBIYE;8;2.5.1943;0;8
TULDEN;5;3.4.1970;0;5
FATMAPINAR;2;1.4.1986;0;2
ERBABI;27;13.8.1966;27;0
FIDANIA;3;24.9.1963;0;3
FEYAN;6;15.10.1964;0;6
SEBRIT;1;12.8.1953;1;0
SEVEKER;3;14.6.1957;0;3
ANZELHA;79;12.12.1966;0;79
CANSENA;3;27.10.1979;0;3
BERIHA;21;8.11.1955;0;21
RUSEL;25;28.9.1957;2;23
TEKRUL;1;12.6.1955;0;1
MUSTAFAGUL;1;12.8.1935;1;0
SENAVER;13;18.6.1953;1;12
NILBERK;17;1.4.1977;0;17
TARIN;4;4.9.1968;2;2
EMRENUR;4;6.5.1986;0;4
SADBERA;3;9.12.1946;0;3
BINNAZIYE;17;17.6.1962;0;17
GONCEFER;11;24.4.1969;0;11
MILEY;4;22.11.1965;0;4
FELIME;6;25.6.1969;0;6
FAKET;38;26.9.1953;2;36
MUSAFIYE;7;5.10.1952;0;7
MISENE;1;22.8.1937;0;1
CEHADIYE;9;24.4.1948;0;9
SEFERALI;42;23.3.1961;42;0
TOYLAN;3;21.5.1987;2;1
BADIRE;7;29.6.1953;0;7
ZEYNUS;17;24.5.1947;0;17
SELMIYEN;3;27.10.1952;0;3
ELDEM;23;24.10.1982;5;18
DELVAIRKA;1;27.8.1956;0;1
SIZER;9;4.5.1967;2;7
OZARIF;1;16.11.1935;1;0
ERIDAN;1;7.11.1982;1;0
NAGIYAN;9;8.4.1969;0;9
MISILI;1;1.1.1;1;0
GULEGRI;2;12.8.1961;0;2
TUGGAY;3;9.4.1979;3;0
ALEKSAN;34;17.12.1960;34;0
SAGUL;43;19.5.1958;2;41
BINBASI;17;11.4.1956;17;0
GULLUS;24;24.12.1952;0;24
HAVILI;147;9.6.1962;0;147
BEDRISAH;36;30.12.1953;1;35
ABIDAT;17;5.9.1950;0;17
TOYANC;2;21.2.1981;2;0
KORZAY;5;7.2.1986;5;0
ALPKAGAN;3;3.10.1970;3;0
FERZE;18;19.12.1965;0;18
MUBEYNA;1;18.5.1981;0;1
ESRAHAN;14;29.6.1981;0;14
TUMMUS;1;19.5.1948;0;1
BUSRAGUL;4;28.11.1988;0;4
MESURYE;4;22.6.1966;0;4
CERAL;2;5.8.1967;2;0
BENIFE;3;3.5.1942;0;3
MEYBULLAH;1;21.3.1960;1;0
NURIHAYAT;33;10.4.1947;0;33
KALBINUR;18;11.3.1981;0;18
SUREL;37;3.11.1961;13;24
NEFZAT;1;28.10.1958;1;0
SIDIKAGUZIN;1;10.9.1927;0;1
AKIDEI;1;28.2.1949;0;1
ERMAGAN;101;3.3.1958;14;87
IBRAHIMFATIH;1;1.10.1986;1;0
SARINUR;1;21.4.1992;0;1
FEYMALI;2;11.9.1959;2;0
MALLA;4;6.7.1942;0;4
NERGIBE;10;17.10.1960;0;10
DURSUME;1;7.2.1922;0;1
SOLEY;72;12.8.1971;3;69
HASANI;23;9.10.1967;23;0
EYHEM;3;14.1.1986;3;0
GUNSOY;4;11.12.1969;3;1
PARVANA;13;2.11.1977;0;13
ADIN;20;28.8.1955;6;14
SEMIRAMIZ;25;19.5.1955;0;25
ICSEL;3;13.3.1968;1;2
NURKAT;12;13.5.1967;10;2
MUDRIKA;3;13.10.1970;0;3
HULPER;1;28.2.1971;0;1
RASEN;24;2.6.1974;0;24
GOREN;37;13.5.1965;32;5
YONGA;1;19.4.1981;1;0
ACIRE;18;16.5.1955;0;18
ISEM;3;7.12.1986;0;3
MUTASAVVER;1;22.7.1966;0;1
GALBIYE;12;26.5.1975;0;12
MUFREZE;19;4.2.1960;15;4
TELFIKA;1;22.8.1943;0;1
NURBESER;1;13.9.1941;0;1
GULSAZI;1;6.12.1964;0;1
AHDI;3;26.7.1958;3;0
TUHCE;7;3.11.1987;0;7
MAZHER;17;8.7.1960;17;0
LEVASIYE;8;21.3.1957;0;8
AYETIN;3;20.4.1966;2;1
NECLIA;1;22.2.1967;0;1
ERZADIYE;1;2.8.1945;0;1
AYSENA;274;29.10.1954;0;274
YADIK;7;21.4.1958;0;7
TULET;2;19.7.1954;0;2
TEZHAN;14;8.2.1982;10;4
MEBRUHE;1;11.7.1950;0;1
NESLIAY;4;24.11.1981;0;4
USNIYE;12;6.6.1964;0;12
NIZAFETTIN;3;22.1.1967;3;0
MAKVIRE;4;3.8.1960;0;4
SADDATTIN;1;27.2.1980;1;0
MUSAHIDE;15;10.5.1957;0;15
YUKSELHAN;1;4.1.1968;1;0
IBZER;1;11.5.1975;1;0
GULFERIYE;67;26.7.1958;0;67
SAFDER;24;21.11.1954;22;2
TURKEREN;1;23.6.1967;0;1
NECABIDIN;1;2.8.1957;1;0
LEFTERIYA;3;3.5.1941;0;3
BOZASLAN;1;17.5.1948;1;0
DILBERKA;4;27.6.1949;0;4
MIVIYE;1;17.8.1948;0;1
RABIAN;3;13.12.1942;0;3
NAFKET;1;27.8.1956;1;0
KEBRIYE;29;7.1.1962;0;29
NUSRETIYE;4;3.11.1958;0;4
RUAT;8;6.3.1957;5;3
GOVER;22;18.8.1958;2;20
AFIZ;3;5.3.1969;3;0
KESFI;11;20.3.1969;11;0
ECRIYE;17;29.2.1951;0;17
ZIHNISAH;8;15.5.1961;0;8
ILBER;10;23.8.1968;6;4
BUKURIYE;8;3.8.1960;0;8
YERKAN;2;19.8.1979;2;0
NURALA;25;28.3.1954;0;25
IMMAN;36;22.5.1957;0;36
URFETKA;5;1.7.1957;0;5
PEYZA;4;5.12.1978;0;4
IMSEL;16;8.1.1971;1;15
CAYLAN;6;14.1.1977;1;5
MUZAFETTIN;12;20.11.1954;12;0
MINSEL;2;18.1.1972;0;2
FEYDULLAH;14;27.5.1969;14;0
VAHHAP;8;11.6.1956;8;0
VATKA;3;28.7.1952;0;3
SEBADIN;3;19.10.1958;3;0
DITURIYE;1;2.8.1951;0;1
SABENE;1;11.3.1951;0;1
CIDA;11;26.12.1964;1;10
MUZESSEM;1;1.1.1980;0;1
DRITA;18;8.4.1958;0;18
RAFED;2;15.11.1935;1;1
SERTAKUL;1;14.5.1986;1;0
ELES;12;29.12.1965;11;1
IMANI;6;7.6.1948;0;6
RIFGI;16;29.4.1962;16;0
AKIM;12;11.7.1955;11;1
ISMEGUL;6;30.5.1973;0;6
UDIYE;7;26.1.1950;0;7
CEYLANE;6;19.3.1956;0;6
SUBUTAYHAN;3;15.12.1975;3;0
RIZVANGUL;4;18.5.1973;0;4
FAHITE;47;12.2.1960;0;47
OZENIR;14;25.6.1969;0;14
MUKEREME;6;6.10.1965;0;6
GEREREY;1;6.2.1954;0;1
IBRIMA;3;5.1.1950;0;3
MESRULE;105;8.8.1962;0;105
TIJER;5;29.10.1968;1;4
NURGAMZE;1;9.8.1985;0;1
GUNTUG;4;15.7.1988;3;1
GULBIZ;31;15.9.1963;0;31
AYSIHAN;4;8.2.1957;0;4
NEVCIM;1;12.12.1946;0;1
NEVRUS;16;12.4.1965;13;3
ZEMAN;16;5.3.1958;6;10
GUSIDE;1;24.10.1932;0;1
ZEBI;16;8.11.1947;1;15
YAKSI;5;1.6.1966;4;1
SAVERKA;1;27.8.1938;0;1
ERTURU;1;7.4.1966;1;0
SERGOZAR;1;23.3.1958;0;1
FILDISE;1;7.8.1958;0;1
GUNNURAY;2;17.1.1972;0;2
HUSNUSE;1;2.8.1945;0;1
SEVDISEN;7;17.3.1973;0;7
SEZGINAY;4;19.2.1968;0;4
ZEYNUL;25;4.11.1966;18;7
ERINDIR;1;10.7.1977;1;0
FUCAN;1;23.5.1975;1;0
MUSEMETTIN;5;4.10.1962;5;0
ARDIC;16;28.5.1980;11;5
FATEMEH;12;29.3.1964;0;12
KAYNAK;27;9.3.1965;24;3
NAZIREN;9;9.10.1972;0;9
ISIKSER;2;25.10.1957;0;2
BINDUA;1;11.1.1986;0;1
NURCIHAT;2;4.12.1985;0;2
FILUST;1;7.8.1946;1;0
ACNAN;1;19.11.1975;1;0
IKMETKA;1;22.8.1961;0;1
MEFRIKA;1;11.11.1951;0;1
SEVICIYEN;1;7.5.1964;0;1
PURNUR;31;27.5.1967;0;31
BEBIS;11;16.2.1951;4;7
ZUHTUYE;27;17.9.1954;0;27
YUSURA;3;2.9.1955;0;3
CIDAY;1;5.8.1969;0;1
SEFETULLAH;7;10.5.1977;7;0
GAMSIYE;12;6.3.1962;0;12
FEZAYIR;56;12.6.1959;56;0
DEHMAN;4;29.12.1963;4;0
EFSENDIYAR;1;24.6.1955;1;0
DADI;3;7.11.1945;0;3
HAYATTI;14;1.1.1975;14;0
CEBRIYA;1;21.12.1983;0;1
KINE;32;29.1.1964;0;32
HAKCAN;4;4.5.1970;2;2
KEBILE;13;14.8.1970;0;13
OZBAHAR;13;24.6.1973;2;11
BEGSIM;1;21.5.1970;1;0
HEYRAT;64;2.4.1956;0;64
GULMUSAL;2;26.4.1975;0;2
ARTUNER;3;22.7.1972;3;0
HIDAY;1;11.5.1945;1;0
MEYSIRE;2;8.9.1971;0;2
RUYISE;1;7.8.1952;0;1
LUMTURIYE;1;22.8.1961;0;1
SUCUDI;1;5.6.1959;1;0
SONUC;94;9.7.1974;19;75
BELGIZA;6;6.7.1958;0;6
SERRER;1;2.4.1939;1;0
ENIDE;4;19.1.1978;0;4
SUEYYUP;12;23.9.1968;12;0
NIZAYIM;5;18.9.1961;4;1
NEVRIT;2;27.1.1950;2;0
KANIDIN;1;14.4.1956;1;0
KURTCEBE;35;8.10.1966;35;0
CEHAN;18;4.9.1957;11;7
GURMEN;13;27.1.1966;13;0
BICEM;3;5.1.1983;0;3
SECGEL;5;27.12.1970;1;4
MIZAMETTIN;5;1.6.1956;5;0
GUFAT;1;4.8.1987;1;0
BINCAN;11;6.7.1973;2;9
UMGULSUM;18;8.1.1953;0;18
EZIM;3;1.11.1969;2;1
BILGITAY;9;14.2.1975;9;0
MUHTESEN;5;22.3.1975;4;1
TIMURAN;1;22.2.1961;1;0
OZVERI;13;23.1.1979;8;5
GULCENAZ;2;21.1.1991;0;2
HIYBETI;1;10.6.1949;0;1
MIHCA;3;18.7.1986;3;0
RUKSAR;1;9.11.1964;0;1
AYTOL;3;4.8.1953;3;0
FERUN;7;13.11.1966;5;2
YUKSERA;1;27.9.1944;0;1
ZERTAC;5;27.8.1955;1;4
DIFEZAR;1;12.1.1943;0;1
HERGUNER;9;18.9.1953;9;0
ARSEV;29;23.4.1967;9;20
SUHPI;2;29.3.1973;2;0
BUGU;18;10.2.1988;1;17
SAYRE;9;20.6.1974;0;9
FICRIYE;6;6.4.1957;0;6
NEBIYYE;74;7.1.1961;0;74
BUKEN;8;20.6.1963;3;5
CUHERI;1;13.1.1955;0;1
BERHA;11;4.9.1960;0;11
RUGER;1;27.1.1963;0;1
FERDAH;30;11.11.1969;11;19
SEMIRAH;12;5.5.1962;0;12
MAHTER;9;29.12.1956;1;8
ALFAN;4;15.4.1970;4;0
FAZULLAH;5;17.5.1966;5;0
ZULFIYYE;8;2.1.1975;0;8
BEHNOUSH;1;12.8.1953;1;0
RUHZEL;1;20.9.1939;0;1
MURVETIYE;2;10.3.1950;0;2
GOKCECICEK;34;8.7.1984;0;34
SEYDAVUT;2;30.3.1976;2;0
MURAY;11;21.4.1965;2;9
EVNI;31;28.9.1957;31;0
TICARET;5;14.4.1963;2;3
CAGCA;1;2.4.1976;1;0
DEVHAN;5;7.4.1961;2;3
ZIYAATIN;1;19.6.1964;1;0
APSEF;1;16.5.1961;1;0
NECITE;1;22.2.1931;0;1
EMINZAT;1;7.2.1952;1;0
FIRIHA;4;1.1.1965;0;4
ANICUTA;2;13.3.1976;0;2
MEZHIYET;1;22.11.1948;0;1
NEVRESER;4;28.9.1962;1;3
ALTINGUN;2;15.8.1963;0;2
MEZAHIM;25;22.2.1954;25;0
DURUSOY;5;22.6.1963;5;0
MISER;12;30.8.1968;0;12
URFILE;1;17.11.1972;0;1
FIRTANE;2;18.6.1966;0;2
ISRAF;8;20.8.1957;3;5
AHUR;1;27.10.1944;1;0
DONEM;42;8.9.1982;2;40
NEVNIHAT;1;13.9.1929;0;1
UZLUFER;3;1.9.1962;0;3
CAHIBE;9;2.1.1969;0;9
ERSEVER;14;4.5.1972;13;1
MULKIBAR;104;23.9.1963;0;104
SELMEDA;1;10.7.1973;0;1
CEBIRE;11;27.7.1956;0;11
MERZIDE;18;14.1.1957;0;18
GULSENIM;6;29.2.1967;0;6
HAFIR;3;28.2.1970;3;0
BATMUR;1;30.12.1945;1;0
MEMETNURI;39;27.10.1963;39;0
NAKIYETTIN;1;12.8.1958;1;0
MAYIZER;36;4.9.1967;0;36
UMAIL;1;28.1.1988;0;1
NORULLAH;2;20.5.1969;2;0
ENTIF;1;24.10.1973;1;0
UKSEL;13;11.3.1960;2;11
NAHIYETIN;1;26.2.1958;1;0
TAPTIK;8;28.10.1948;8;0
ALIZIVER;14;8.11.1976;14;0
MEHRENGIZ;1;4.9.1957;0;1
VARYET;8;20.9.1978;1;7
SEYDIHAN;205;29.5.1970;198;7
GULAVATIN;13;30.8.1950;0;13
RASIMET;1;15.10.1959;0;1
FEDIYA;2;30.1.1960;0;2
GULFEHEN;3;28.9.1958;0;3
DURDAGI;166;20.10.1956;166;0
MAFUS;7;20.1.1966;6;1
ZUHRENAZ;1;6.8.1938;0;1
HUSPIKE;1;27.2.1938;0;1
M.KADIR;4;8.1.1954;4;0
HARIPSAH;18;15.9.1972;0;18
MEJBIR;1;9.1.1991;0;1
IMREL;23;15.7.1967;3;20
IFAZET;10;22.8.1951;0;10
SEYITGOL;1;6.6.1987;1;0
NEFAHAT;12;15.3.1967;0;12
A.RAHIM;2;13.12.1956;2;0
GACER;3;28.11.1964;2;1
MAARIFIYE;1;22.3.1961;0;1
IYANET;2;20.9.1978;2;0
SEMSIME;5;21.4.1963;0;5
SUZIYAN;1;17.5.1984;0;1
KEFAET;13;29.1.1950;0;13
A.CEBBAR;2;22.8.1955;2;0
HASIGAN;1;7.8.1957;0;1
ABAYDULLAH;1;2.5.1975;1;0
NUSLIHAN;4;30.4.1961;0;4
GULSERVET;1;12.6.1941;0;1
EMMISEL;1;25.4.1955;0;1
SACINE;1;7.8.1922;0;1
SALAEDDIN;1;27.4.1944;1;0
EZHAT;4;23.10.1972;4;0
MAYAH;4;21.11.1969;0;4
AVLE;1;21.6.1989;0;1
BAHRIS;1;19.3.1963;0;1
GULBEDDIN;21;22.11.1988;21;0
SILZA;1;17.12.1976;0;1
AZME;10;9.3.1959;0;10
SEBAYDIN;6;18.6.1961;6;0
SIBUSA;1;17.2.1978;0;1
NURBEK;4;20.12.1970;1;3
MUHIPLE;1;11.3.1944;0;1
HOSCA;1;7.2.1938;0;1
YUMME;1;24.12.1962;0;1
MAYET;8;7.11.1952;0;8
KAFIDE;3;25.3.1951;0;3
AYRUS;5;1.11.1961;5;0
SULUYME;1;14.8.1981;0;1
NECATIYE;39;14.4.1953;0;39
SAHRIBEN;6;6.5.1967;0;6
MUGIYET;2;14.6.1964;0;2
VISDAN;3;23.10.1958;0;3
SERACATTIN;9;8.2.1964;9;0
ACIME;6;8.7.1957;0;6
GULANO;2;24.5.1942;0;2
ERGUZEL;10;5.6.1964;3;7
CELAETTIN;5;4.2.1959;5;0
ASNA;1;27.8.1938;0;1
MUAMMEDIN;1;19.10.1956;1;0
UMMUSELIME;57;22.7.1947;0;57
ADIKAR;3;11.2.1939;0;3
RUHISEL;9;5.4.1955;1;8
MUFERI;4;5.7.1950;0;4
UKE;14;1.8.1949;1;13
ARSLIHAN;2;20.11.1954;0;2
RANCIYE;1;1.1.1;0;1
ABDULSAKUR;1;2.6.1950;1;0
ERGON;21;24.12.1943;21;0
REFKI;13;28.5.1956;13;0
REFKIYE;5;8.12.1955;0;5
RUYSEL;5;15.6.1958;0;5
SEVDINAS;5;13.12.1964;0;5
GULMAHI;11;29.4.1954;0;11
RUIDE;10;28.8.1950;0;10
ZUBERIYE;2;13.11.1953;0;2
GUNDEGAN;1;19.4.1938;1;0
BEHIRET;5;6.5.1954;0;5
GULPANI;1;9.4.1978;0;1
SUVEYYA;4;28.5.1968;1;3
FADILIYE;16;19.11.1955;0;16
KADINIYE;1;11.10.1956;0;1
TAGATTIN;6;20.5.1952;6;0
DANUS;1;12.8.1947;1;0
MUSDECEP;2;25.11.1940;2;0
BEYIZIYE;1;12.8.1947;0;1
BEZIHA;4;26.10.1973;0;4
SAYID;19;15.5.1972;19;0
ADEVIYA;16;22.8.1963;0;16
IGRIE;1;9.6.1963;0;1
ELAME;67;14.6.1958;0;67
GULIZARA;3;23.11.1958;0;3
SABIRI;22;4.6.1963;22;0
SARFIE;1;19.4.1986;0;1
SANUS;3;19.7.1961;0;3
SAYNEZ;2;18.1.1960;0;2
GULFIMA;1;26.3.1965;0;1
MEHFAR;2;29.5.1965;2;0
CEVIRE;6;16.3.1953;0;6
URCUN;6;4.3.1977;4;2
MUZAKIYE;2;1.5.1954;0;2
YESADIYE;2;12.10.1949;0;2
MESDUN;1;17.11.1960;1;0
BEHAEDDIN;13;16.6.1955;13;0
CELMAN;4;26.2.1960;4;0
MANSURIYE;9;16.5.1963;0;9
SERDE;22;20.11.1970;0;22
PIPI;1;21.8.1937;0;1
VELISE;3;3.7.1982;0;3
GENCE;71;13.12.1976;50;21
BIRTEKIN;12;5.12.1971;11;1
ZILO;4;9.7.1944;0;4
SATIF;2;7.2.1961;2;0
ERTIL;4;29.11.1954;3;1
INSAN;7;24.12.1957;4;3
ALPTUNER;1;6.11.1963;1;0
NAZKADIN;3;22.1.1953;0;3
GULLESER;4;29.5.1966;0;4
AHIRE;15;20.2.1956;0;15
MESBUDIYE;1;24.11.1942;0;1
SUKUFA;3;4.1.1970;0;3
HUZINE;2;24.4.1973;0;2
MEPULE;1;25.3.1940;0;1
EYYUBE;33;4.10.1959;0;33
NERAL;8;26.7.1968;4;4
GIRYAZ;4;30.5.1968;0;4
BEYYI;21;1.11.1947;0;21
AFIT;14;8.5.1974;14;0
AYSHAN;66;5.8.1960;0;66
CANGIZ;4;18.3.1956;3;1
GOLER;21;21.3.1961;0;21
ZOHRENAZ;1;15.7.1988;0;1
MEMILE;2;7.1.1960;0;2
ABDILSELIM;1;22.4.1945;1;0
KURTBEN;1;25.12.1977;0;1
ILVER;11;20.5.1969;3;8
EMIRZA;15;2.5.1957;15;0
CALHAN;2;21.9.1932;1;1
EZEMET;65;27.2.1955;3;62
RIZIKA;4;7.1.1948;0;4
BILYUR;1;22.11.1964;0;1
MISNUR;1;14.7.1968;0;1
RASIDIN;1;29.5.1982;1;0
HAKIDA;1;23.3.1942;0;1
NEKER;5;8.8.1957;0;5
HARZEMIN;15;12.2.1973;0;15
HENNAR;5;30.5.1965;0;5
MURIDIYE;7;27.6.1964;0;7
ILKANE;2;26.9.1983;0;2
FEDIM;131;27.7.1954;6;125
NEVLA;6;14.5.1974;0;6
PERAL;12;4.7.1975;0;12
RIYAEDDIN;1;2.2.1981;1;0
SERBETULLAH;1;11.12.1985;1;0
AKTIME;1;12.8.1971;0;1
AMENTI;6;4.10.1948;0;6
IREHME;13;23.1.1962;0;13
TEVFIKIYE;3;3.4.1947;0;3
BIGHAN;1;6.7.1936;0;1
RUTTEN;3;13.11.1960;0;3
BAITDIN;2;12.6.1966;2;0
NEVSIDE;1;22.5.1967;0;1
AYJEN;1;11.12.1975;0;1
ISMAZEM;1;6.4.1972;0;1
SAVMIYE;2;6.12.1953;0;2
HUCEDIYE;1;21.9.1962;0;1
ZUHNAZ;1;18.5.1963;0;1
MUHBIREN;1;24.4.1973;0;1
SIRIHAN;3;19.10.1973;0;3
CIVIRE;2;14.2.1942;0;2
GUNSAY;6;23.3.1963;6;0
KEFADIN;1;13.11.1961;1;0
PESET;1;6.1.1939;1;0
SEMIRIYE;2;26.1.1969;0;2
MUSERRI;1;27.10.1953;0;1
SOSIK;16;4.3.1954;0;16
NEVRISLE;1;27.9.1949;0;1
MISIRHAN;8;26.6.1956;2;6
MEREK;2;25.11.1979;0;2
NAMETE;1;27.8.1968;0;1
CEVADIYE;53;10.8.1961;0;53
UMULDAN;2;20.1.1938;0;2
MALEUGE;1;1.7.1965;0;1
KILMAN;10;6.6.1957;0;10
RURTEN;1;26.12.1973;0;1
TEVDIK;1;7.12.1936;1;0
HUBEYDE;13;2.2.1974;3;10
HARIN;2;24.9.1954;1;1
OBEYDE;1;2.6.1981;0;1
TEFEKGUL;13;15.7.1978;0;13
SULMIYE;6;29.8.1964;0;6
SULLAIYE;1;26.3.1946;0;1
INATULLAH;1;2.3.1963;1;0
LEBBE;26;24.10.1951;0;26
AYSENEM;11;15.4.1972;0;11
AGAMURAT;1;2.8.1945;1;0
RAYMET;2;7.8.1934;0;2
BADEMGUL;18;18.12.1971;0;18
CANEM;5;28.9.1985;0;5
BESSIRA;1;12.8.1971;0;1
MEDAYIL;3;23.1.1961;3;0
MUSERREFE;119;21.4.1948;0;119
HUKKAS;9;21.12.1941;9;0
MUSKEN;13;10.2.1952;0;13
TUGCI;4;19.9.1977;3;1
FILDAR;1;21.10.1965;1;0
NEYYIBE;1;22.5.1955;0;1
MURTUZA;6;6.7.1972;6;0
SARERE;1;3.6.1949;0;1
AZIR;13;10.2.1952;13;0
GULEDNAN;1;17.1.1965;0;1
ERTURAY;3;24.7.1979;2;1
VERJIN;131;11.12.1949;0;131
MUTEHARE;1;7.9.1958;0;1
YENAR;3;16.2.1978;3;0
MUGEYEL;1;22.6.1949;1;0
ABDULBEDI;5;8.12.1967;5;0
NAZARIYE;4;26.2.1951;0;4
CANAYDIN;3;8.5.1956;3;0
BERHUDAR;10;20.6.1965;7;3
SEHRIMAZ;1;5.4.1969;0;1
BUNYAMUN;34;24.3.1969;34;0
EHIL;20;29.1.1967;0;20
PELLIN;1;29.6.1978;0;1
KEFAHITTIN;1;6.9.1943;1;0
SEBAHANUR;4;22.12.1963;0;4
TESBIHA;8;4.2.1962;0;8
ZULMIYE;4;26.5.1969;0;4
BURCUNUR;4;20.9.1982;0;4
M.LUTFI;13;1.10.1950;13;0
SELENUR;1;22.11.1955;0;1
AKIP;18;26.7.1970;18;0
GULSUMNUR;4;2.3.1982;0;4
UYSEN;2;10.11.1965;0;2
PARS;20;20.4.1960;20;0
HECIRAN;2;20.8.1957;0;2
SANISE;57;12.11.1961;0;57
ABIZA;1;22.2.1961;1;0
SUNAHAN;9;29.1.1974;0;9
RACIFE;7;15.10.1964;0;7
UMEYME;17;30.4.1956;0;17
NUMINET;1;30.11.1958;0;1
ALSU;5;22.8.1982;0;5
MUESSERE;9;15.3.1958;0;9
AYTER;68;23.7.1954;3;65
FATMIR;32;21.5.1966;32;0
MURVETKA;1;17.8.1942;0;1
NEVZIHAN;4;24.8.1960;0;4
OLGEN;2;24.10.1985;1;1
MESIRIYE;3;12.8.1965;0;3
ZAYIME;4;3.8.1973;0;4
NADIYDE;3;4.1.1957;0;3
SUHIP;18;17.8.1956;18;0
KERBAN;1;12.7.1987;0;1
TUFANETTIN;1;26.11.1946;1;0
ONOL;35;14.9.1963;35;0
AKUBE;1;22.3.1967;0;1
VARYAT;1;27.10.1988;0;1
IRAHME;9;11.5.1952;0;9
ERKIL;10;25.9.1982;9;1
ALIASGERI;1;10.3.1973;1;0
NAGMET;2;1.12.1958;2;0
ALTUNHAN;3;7.1.1953;0;3
DOGUSAN;7;11.10.1988;7;0
HAVANE;570;3.1.1963;0;570
SEFIRIYE;4;18.5.1948;0;4
TULIZ;18;12.8.1971;0;18
GUVEC;2;30.10.1957;1;1
YASEMINI;2;22.4.1962;0;2
SUVALE;11;6.7.1960;0;11
CENDEL;6;15.5.1982;6;0
YENIIZ;1;17.4.1935;1;0
SERTUK;2;5.7.1963;2;0
FEVRUL;1;27.11.1968;1;0
CEVHIDE;3;10.7.1956;0;3
MEDINEHAN;1;6.2.1959;0;1
SINECAN;14;26.4.1983;0;14
ESDI;1;7.11.1944;0;1
ALKOC;1;8.2.1983;1;0
ZUHTUKAR;1;28.9.1976;1;0
GADIME;18;17.3.1964;0;18
HALKIN;7;3.6.1977;6;1
GULZIBAR;1;13.1.1973;0;1
BARTUG;17;13.10.1985;17;0
OLGAC;76;5.2.1983;75;1
RASIHA;31;27.4.1955;0;31
HORISER;31;25.5.1947;0;31
TEVSIRE;9;11.11.1961;0;9
UZMEN;3;2.2.1967;2;1
SHARON;18;30.5.1970;0;18
OVGUM;5;17.1.1989;2;3
ZEYNAABIDIN;1;7.7.1946;1;0
SEYZIMAN;1;16.8.1974;0;1
TEBDILE;3;17.3.1936;0;3
MULKESUN;4;21.4.1980;0;4
BILGISAH;8;2.7.1982;0;8
MENTIFE;3;3.2.1973;0;3
KELIM;28;13.4.1959;4;24
SEZEL;45;12.5.1974;6;39
KEYTAN;1;9.2.1965;0;1
HUCIYE;1;1.11.1967;0;1
GULHAYAZ;1;2.2.1957;0;1
ZOLEYHA;4;13.11.1967;0;4
CAHILA;1;12.4.1971;0;1
ABDILKOFOR;1;22.2.1961;1;0
KIYANSAH;1;2.8.1945;1;0
NIYAZHAN;2;11.5.1942;0;2
ABUZEYET;1;26.2.1933;1;0
BATIN;49;24.10.1981;45;4
BEHIYYA;2;8.8.1965;0;2
ILAHI;30;29.2.1977;17;13
NASLISAN;1;26.2.1965;0;1
SIVIZAT;4;26.2.1963;0;4
YELINAY;1;25.5.1984;0;1
METUNE;1;12.4.1969;0;1
TUGBENT;1;22.8.1961;1;0
HOMAN;3;3.4.1964;2;1
OMERIYE;21;13.9.1959;0;21
SAYINER;10;3.2.1963;9;1
ESAMEDDIN;5;18.6.1967;5;0
TUNRAL;2;15.1.1951;2;0
ZULFISEN;1;30.9.1956;0;1
TOMBUS;7;6.9.1947;0;7
TAKVIM;1;6.1.1965;1;0
BEHEYYE;5;22.1.1952;0;5
PERCIHAN;34;27.6.1963;1;33
MICHELLE;23;17.11.1972;0;23
ZIDDIKA;31;21.7.1964;0;31
BASARIYE;2;6.8.1961;0;2
ADINAY;1;22.4.1949;1;0
MUTARETTIN;1;17.3.1960;1;0
MUDAI;7;6.9.1970;7;0
DILNUR;30;17.7.1973;0;30
ALDINC;2;3.10.1987;2;0
CEMRESU;2;5.5.1990;0;2
ALPKAN;25;22.11.1983;25;0
LIBADE;15;14.4.1965;0;15
BEHRIL;2;21.11.1963;1;1
SUKRAHAN;1;17.2.1966;0;1
SAYSILE;1;7.4.1970;0;1
ELIFANE;1;25.8.1958;0;1
UMRUHAYAT;1;21.4.1939;0;1
BADIK;32;11.7.1952;0;32
TURKILERI;23;19.3.1961;22;1
AYNANA;1;27.1.1962;0;1
ALTUGHAN;9;21.10.1985;9;0
FERFUL;12;5.11.1779;1;11
USLUBAN;1;20.7.1954;0;1
URSIT;10;4.6.1960;10;0
ESIF;2;19.3.1961;1;1
YEMENGUL;9;9.1.1967;0;9
NURUBE;5;3.7.1972;0;5
SEHNEZAR;2;22.6.1966;0;2
H.SUZET;1;16.2.1951;0;1
BERGAHAN;1;8.2.1940;1;0
TOZDEN;1;19.5.1949;1;0
SAIKE;6;22.3.1949;0;6
SAMAYAN;1;24.3.1957;0;1
ZEMIYE;16;4.8.1963;0;16
HURYEM;3;15.10.1968;0;3
BERKIL;3;26.8.1989;1;2
AVKAN;6;5.11.1968;6;0
SAGLIK;11;16.4.1960;7;4
SERIFSON;1;19.10.1980;1;0
SENETAY;1;11.5.1968;1;0
TEHFETULLAH;2;27.1.1964;0;2
YURUSEN;3;14.4.1970;1;2
SANTIYE;1;25.4.1956;0;1
ABDULMENAB;7;21.5.1979;7;0
SEVINGEL;3;15.11.1968;3;0
FISNIYE;1;17.3.1972;0;1
EREP;47;10.6.1960;1;46
MEDUA;1;1.3.1944;0;1
SIRFAN;8;23.2.1974;1;7
HAFTA;2;7.11.1957;0;2
SEYRIBAN;6;17.3.1960;0;6
GOLAYET;1;27.5.1956;0;1
HACIBEKTAS;13;17.9.1965;13;0
SARSILMAZ;5;4.4.1974;5;0
SELVENT;35;7.10.1967;18;17
NURAYIL;6;29.2.1972;4;2
SELCOK;6;25.10.1964;6;0
ELVIREN;1;7.8.1946;0;1
AKTUL;6;17.10.1962;0;6
DEHLIS;1;12.10.1989;0;1
USSIYE;1;5.4.1956;0;1
MUCIZAN;3;6.6.1953;0;3
TEFFIK;31;16.3.1962;31;0
UMUTALI;2;12.8.1966;2;0
PENSIYE;1;30.5.1962;0;1
AVDETA;1;12.7.1973;0;1
MESER;38;5.1.1963;12;26
YEVSAL;1;11.12.1963;1;0
GOKULU;15;6.11.1963;0;15
ZIMET;11;28.8.1951;0;11
HAYZERE;1;27.12.1943;0;1
AYSATE;1;6.2.1956;0;1
BACITTIN;1;25.4.1970;1;0
AYSIRIN;9;19.6.1974;0;9
TENUS;1;2.2.1962;1;0
BIHDER;10;30.12.1980;0;10
ZULUYE;36;14.2.1958;0;36
DAISTAN;5;21.12.1967;5;0
IRANA;3;14.11.1956;0;3
YASATAN;3;5.5.1969;2;1
REYDA;18;26.5.1977;0;18
SADRETDIN;8;23.9.1956;8;0
ZARIFIYE;5;14.1.1960;0;5
GULSOLMAZ;15;22.3.1957;0;15
TURKOGLU;7;3.10.1963;7;0
PERDEL;2;29.6.1973;2;0
KUMRUSAH;6;6.6.1971;3;3
HURKAZIM;1;9.2.1961;1;0
HAMIDEN;2;30.12.1964;0;2
ALDEMIR;29;13.4.1954;27;2
LALIYE;3;20.10.1979;0;3
CELIKTEN;1;26.11.1936;1;0
MIHRIYA;6;6.9.1968;0;6
ULKUMEN;20;4.10.1969;9;11
KIRGIZ;5;17.4.1953;2;3
NUMIRIYE;1;27.10.1968;0;1
MUSALLIM;9;14.1.1965;9;0
ELVIYA;3;9.4.1981;0;3
SIYEHMET;1;22.1.1937;1;0
HILAT;11;20.4.1955;8;3
AYINE;9;30.12.1946;0;9
MAYISEKER;37;30.1.1963;0;37
HERAMSI;4;24.9.1973;0;4
MUSAF;4;12.4.1978;3;1
MEVLIBE;3;4.12.1967;0;3
BAZEN;5;19.10.1951;0;5
FEYRAZ;5;11.12.1960;0;5
SERHABA;1;7.1.1956;0;1
EVNISAH;1;17.8.1924;0;1
SAPRI;118;26.9.1957;118;0
CANBEK;23;11.11.1979;23;0
TACISEL;4;15.5.1973;0;4
RUAYDE;1;13.1.1985;0;1
SEKNO;48;4.4.1942;0;48
AYINTER;1;17.2.1942;1;0
SINIYE;29;5.10.1962;0;29
EROGLU;26;19.8.1956;26;0
MUHARIBI;1;6.5.1961;1;0
SEVKEN;1;2.2.1957;1;0
YILGU;1;7.1.1977;0;1
NUZULE;8;7.5.1963;0;8
GOLFER;4;9.2.1963;0;4
IMSER;9;20.6.1964;1;8
HATUNANA;3;18.8.1948;0;3
NURVEL;7;13.5.1970;1;6
ZEYNAR;68;25.6.1966;67;1
YAMIM;1;22.6.1973;1;0
AMIM;1;23.7.1977;1;0
SERAFEDTIN;5;30.8.1955;5;0
TANCI;3;16.8.1952;2;1
TALIK;10;14.2.1959;7;3
ONDEREN;1;7.7.1964;0;1
KERMIHAN;1;8.2.1952;0;1
BILKI;7;29.5.1950;1;6
KUFAR;2;9.10.1951;0;2
BENOVSE;3;29.1.1968;0;3
TEMRA;15;14.4.1971;0;15
BOLENT;5;5.7.1971;5;0
LIZZET;3;28.7.1952;0;3
KUCUKGUL;5;25.9.1952;0;5
ISGEN;1;2.8.1927;0;1
REHBI;3;16.2.1968;3;0
TURSUNHAN;1;27.8.1950;1;0
ABDULCAFER;5;29.10.1966;5;0
ARDAK;2;22.7.1965;0;2
KABIR;3;5.9.1967;3;0
HABIBIRAHMAN;2;14.12.1965;2;0
KAPSAN;1;2.8.1933;0;1
CEMALHAN;2;7.9.1946;1;1
YUSUFBEK;1;7.8.1928;1;0
ESBERDI;1;8.1.1981;1;0
KOKSEGEN;1;7.8.1928;1;0
ALLAZI;1;20.4.1961;0;1
DERYAHAN;6;12.9.1971;0;6
HIDRIS;1;22.1.1960;1;0
ABDUZZAHIR;2;24.6.1943;2;0
NEVFER;13;26.11.1962;13;0
ARIFULLAH;1;3.4.1959;1;0
GULOM;17;20.5.1977;0;17
AKILHAN;1;12.8.1947;1;0
KANISAY;1;17.8.1954;0;1
NESHET;13;1.4.1961;6;7
KAZIMEKAN;1;7.7.1973;0;1
AYTKURBAN;1;17.8.1954;1;0
MAKBUZA;1;4.7.1959;0;1
MANAKAY;1;7.8.1934;0;1
AYTAP;37;6.9.1967;1;36
ZEYBER;1;14.2.1964;1;0
ALIMBAY;1;6.4.1957;1;0
HASLIHAN;3;2.8.1970;0;3
SIDDIYKA;93;8.2.1947;0;93
KAMILKAN;1;7.8.1946;0;1
BAKDIL;1;2.8.1921;0;1
BEVLIN;1;8.8.1983;0;1
CANIBEK;2;18.7.1989;2;0
TANEY;5;7.6.1946;0;5
KOKULU;2;20.11.1956;0;2
NIYAZBEK;1;14.4.1978;1;0
GANYA;1;22.8.1955;0;1
ILIYAS;40;29.4.1959;40;0
NAGIME;6;28.2.1961;0;6
SENSIZBAY;1;27.8.1920;1;0
LEYSA;9;7.11.1970;0;9
YURDAGULER;14;7.3.1952;0;14
KAKEMA;1;17.8.1942;0;1
BULTAN;5;28.6.1955;4;1
DUSO;1;1.10.1944;1;0
GULGIZAR;5;16.2.1955;0;5
GULERAHAN;1;10.9.1947;0;1
NAGAM;3;19.9.1972;0;3
FERIHADE;1;23.9.1955;0;1
PAZILE;1;24.4.1959;0;1
ABULMUTALLIP;1;22.12.1960;1;0
BISAN;14;18.8.1945;1;13
REHIMKAN;1;16.3.1963;0;1
HIZAYETTIN;1;22.2.1941;1;0
KABDULMUTTALIP;1;7.8.1940;1;0
GUNNAS;24;15.2.1961;0;24
EMINEHAN;9;14.3.1967;0;9
AYRET;7;20.4.1954;0;7
CAMSUBAN;1;6.10.1961;0;1
COLABAY;1;2.8.1939;1;0
GULIZAT;1;17.4.1965;0;1
AYCANIM;1;11.11.1973;0;1
URMET;8;25.5.1961;0;8
FIHNET;1;15.12.1930;0;1
TUGAYCAN;2;13.10.1990;2;0
ZERAY;20;23.11.1977;0;20
ILTAC;19;7.12.1978;8;11
PASE;5;1.11.1939;0;5
BUHRA;11;26.2.1987;5;6
FECI;5;27.11.1959;5;0
EMINESIBEL;2;29.2.1978;0;2
HAYTEM;2;26.11.1961;1;1
ABDULGELEN;1;22.2.1955;1;0
SPRESA;3;8.6.1956;0;3
SURUSSAN;1;2.3.1948;0;1
PESIHAN;1;7.10.1964;0;1
HORANIM;2;2.5.1975;0;2
MATLUBE;25;9.4.1946;0;25
LILGUL;11;20.4.1968;0;11
NARSEL;5;30.1.1960;0;5
CINUCEN;2;30.5.1980;2;0
UGRAL;2;8.12.1961;2;0
FESILE;32;29.1.1969;0;32
VARID;1;29.12.1939;1;0
NUVEYRE;20;24.1.1953;0;20
CANDOGAN;54;12.11.1976;53;1
UMMUNAZ;69;26.8.1969;0;69
ARSAL;25;21.8.1969;18;7
YUZEFA;1;22.12.1980;0;1
MACIDIYE;8;4.1.1961;0;8
ANFER;4;6.1.1961;3;1
KURDIS;1;2.8.1927;1;0
UNSAY;6;19.3.1971;2;4
MEFGAN;1;26.10.1982;1;0
YARGI;20;25.9.1984;19;1
NURUFET;29;5.1.1969;0;29
OZEGIR;1;23.12.1940;1;0
MEHMETGOKHAN;1;8.5.1979;1;0
ATUSE;1;7.8.1934;0;1
ERSEZEN;1;26.11.1971;1;0
UMMUGULCIN;1;25.2.1960;0;1
URANUS;1;30.1.1967;1;0
SADIRETDIN;3;18.1.1969;3;0
SELETTIN;27;1.10.1960;27;0
RAYIKAN;5;19.1.1950;0;5
AYSEGULER;5;4.1.1947;0;5
AYHATAN;1;27.3.1968;0;1
IMDAL;3;6.12.1967;2;1
MUBUVET;3;8.6.1958;0;3
BEYUSE;1;8.3.1946;0;1
NURISAH;19;17.3.1962;7;12
MAVRIZ;1;22.2.1961;0;1
GUNUGUR;12;1.12.1957;6;6
KULKIZ;1;3.8.1933;0;1
SESENE;2;8.7.1947;0;2
AJSEL;4;13.3.1976;0;4
DILEYIS;2;17.11.1984;0;2
ATILLAH;39;1.8.1974;39;0
MENEVGUL;1;22.4.1967;0;1
BASAT;25;25.3.1975;23;2
TUCAN;11;10.4.1974;6;5
HIDAYETE;10;18.1.1946;0;10
SENGULSADE;1;7.1.1976;0;1
SABIS;6;16.8.1954;3;3
GULPEN;13;17.10.1958;0;13
SEPNEN;4;2.5.1973;0;4
MUFRU;1;12.2.1971;1;0
BELIHULIZAR;1;16.5.1946;0;1
SERIFAY;1;23.2.1988;0;1
NURUCAN;8;29.12.1962;2;6
ARAFIYE;10;28.1.1954;0;10
VESIYLA;2;9.4.1956;0;2
ALEYKE;3;17.7.1975;0;3
ALME;12;7.10.1955;0;12
MEZLUNE;1;7.11.1964;0;1
HASIMIYE;7;3.10.1951;0;7
NICOLE;21;5.1.1977;0;21
HURINNISA;2;13.10.1937;0;2
SERIFZADE;19;28.5.1955;0;19
NURVERDI;4;16.4.1967;0;4
BIJAN;8;22.7.1965;6;2
ELAINE;10;22.10.1960;0;10
CIGIDEM;3;17.4.1984;0;3
AYNUMAH;16;19.5.1953;0;16
BARUS;1;2.8.1951;0;1
PENISE;1;4.6.1949;0;1
BODI;68;12.12.1952;0;68
GULMEHRI;10;1.5.1968;0;10
BEGUN;53;5.6.1983;0;53
YUDANUR;1;7.1.1958;0;1
BERHUN;3;22.2.1982;2;1
TURKKADIN;1;16.2.1938;0;1
MECDET;7;20.4.1954;3;4
ARPAT;4;29.6.1968;4;0
NEAL;6;30.1.1970;1;5
MASUNI;23;14.5.1974;23;0
FERDUMAN;3;10.5.1966;0;3
ALAMEDIN;9;14.5.1966;9;0
SAMIHI;1;28.4.1962;0;1
DILTER;1;1.6.1971;0;1
ULKGUN;1;6.7.1973;0;1
PIRENZ;1;9.2.1973;1;0
YUNIZ;6;30.5.1968;6;0
FIKRE;5;11.8.1953;0;5
MUSAFIRE;2;14.10.1938;0;2
SECEN;8;7.8.1974;1;7
MUCAHIR;8;20.3.1964;7;1
EREZ;11;24.6.1983;9;2
FIYZA;1;11.6.1972;0;1
ZATELE;1;26.3.1975;0;1
TEME;1;21.11.1959;0;1
GUNARE;2;16.2.1944;0;2
LUBEYNE;12;15.5.1981;0;12
HUSEYINHAN;2;22.1.1977;2;0
RASITIYE;2;14.6.1967;0;2
EMIULLAH;1;7.10.1964;1;0
CAKIROGLU;1;7.2.1982;1;0
HATAULLAH;1;28.2.1961;1;0
SAHORE;5;14.9.1955;0;5
SELLALE;12;15.9.1960;0;12
EFTA;2;29.5.1979;0;2
IMSAKA;1;2.11.1949;0;1
EZZAYIM;1;7.10.1964;1;0
BAYDOGAN;2;4.7.1978;2;0
HUSEYLA;3;30.2.1964;0;3
IREFIK;2;15.7.1967;2;0
GAYIBIYE;1;25.4.1972;0;1
MENDUZE;1;25.10.1951;0;1
YURTSAL;1;24.11.1986;1;0
HUDAHAT;1;7.1.1946;0;1
DURGUZEL;18;23.12.1965;0;18
MUVEDDEL;1;7.3.1946;0;1
NECILET;2;5.3.1967;2;0
SERCENK;16;12.4.1982;16;0
GULASVI;2;8.11.1962;0;2
RAHMIGUL;3;7.12.1971;0;3
CAFAHIR;2;7.10.1949;0;2
BILAYN;1;22.6.1991;0;1
KAMBERCAN;1;26.4.1963;1;0
MOMMER;1;9.9.1969;1;0
LUTIYE;8;30.8.1963;0;8
MEVLI;6;23.4.1970;1;5
KADINAYSE;2;23.6.1955;0;2
KEFARET;7;18.11.1957;1;6
KUZEYMA;1;17.9.1972;0;1
ZEKANET;1;17.8.1936;0;1
AYSELHAN;2;18.5.1980;0;2
ARUZE;2;14.7.1937;0;2
HIBZI;1;26.3.1976;1;0
YANSUR;15;18.10.1975;15;0
MUNTEZIM;14;6.3.1970;0;14
SURYET;12;29.10.1981;0;12
EMIRDIN;4;6.4.1975;4;0
HAYFETTIN;23;28.4.1971;23;0
SAZIL;61;30.7.1967;61;0
BESYA;18;7.6.1971;0;18
NARIBAN;28;11.8.1965;0;28
BEHTUN;1;16.4.1952;1;0
AKSAL;11;30.2.1964;9;2
VERESUL;2;2.5.1964;2;0
HAYRA;7;23.6.1957;0;7
YURTSEN;27;25.12.1956;5;22
ERESIL;5;7.8.1959;5;0
MURCIYE;6;5.2.1960;0;6
DONESEN;2;15.6.1967;0;2
SAHNAR;13;15.6.1944;0;13
BIRNAKIM;1;4.11.1990;0;1
GAIZE;1;1.8.1985;0;1
MIHRAMIS;1;16.2.1951;0;1
HAYIRSEL;1;5.8.1988;0;1
TERHO;1;7.2.1940;1;0
GULEYIN;6;9.3.1945;0;6
ELFATI;1;18.5.1966;1;0
MURCU;2;29.9.1961;0;2
ZOLFU;1;17.1.1957;0;1
SEDARET;24;8.3.1961;16;8
KAHRIYE;11;30.7.1953;0;11
NEJATCAN;1;22.3.1991;1;0
HUSLET;2;12.9.1943;0;2
NEZYE;4;8.11.1953;0;4
PERIZEN;2;8.7.1950;0;2
ESI;16;27.7.1966;1;15
GULTURKUN;1;2.4.1975;1;0
KAMEL;9;13.9.1966;6;3
SELEVAT;4;22.11.1962;3;1
GULFAHRI;20;29.6.1948;1;19
EVRESEN;1;16.5.1963;1;0
HURIHANIM;2;6.3.1971;0;2
ACIZ;4;10.11.1970;4;0
SAVASER;25;26.2.1967;25;0
NEDET;4;21.5.1972;3;1
RUFADIYE;12;2.11.1963;0;12
NURSIL;15;5.8.1969;1;14
ULFADIYE;36;6.4.1952;0;36
MUCELLIB;2;3.12.1963;2;0
SABITIYE;3;19.12.1960;0;3
SAHNETE;1;17.2.1966;0;1
AYKOC;7;10.8.1975;7;0
MUHANDIS;14;23.9.1967;14;0
AKISSE;1;7.9.1982;0;1
HAVAYI;32;19.2.1964;0;32
BARISTAN;5;18.9.1985;0;5
A.HADI;3;28.2.1958;3;0
FAHDIYE;1;11.5.1982;0;1
MEDIYET;4;21.12.1950;0;4
ERTAV;1;14.10.1966;1;0
EZGIM;10;7.2.1986;1;9
SEKAN;26;7.2.1978;25;1
MESGULIYE;2;18.2.1983;0;2
BAYISA;1;6.9.1961;0;1
GULPERIHAN;22;12.7.1962;0;22
MEHILE;4;21.2.1955;0;4
BEDULCEMAL;6;21.3.1954;0;6
MUAYEN;2;25.12.1966;0;2
NERICAN;4;11.11.1971;0;4
FEIDE;14;6.7.1965;0;14
HEVISE;21;13.3.1963;0;21
NENFISE;1;17.10.1990;0;1
BENNAZI;3;20.5.1988;0;3
MURZEYDIN;2;3.4.1963;2;0
HIDRA;19;21.7.1952;1;18
HABIDE;11;6.1.1959;0;11
ALPIL;1;2.9.1970;1;0
FATIF;1;23.1.1991;1;0
SILHATTIN;4;2.6.1963;4;0
DASDEMIR;18;20.12.1943;18;0
CEHVERI;4;8.10.1951;1;3
MERVUSE;1;7.3.1952;0;1
MURSIDIN;3;13.6.1951;3;0
HUSNEYI;2;4.11.1978;0;2
GUNSAD;4;14.7.1973;2;2
KEFLI;16;13.10.1970;14;2
EBIBE;3;12.1.1971;0;3
REMZIGUL;6;24.1.1965;0;6
SENAYET;27;4.5.1978;0;27
SEFETIN;1;18.8.1953;1;0
GURCUNAY;1;4.5.1974;1;0
YEKSAN;4;14.9.1969;2;2
MILGUL;4;19.12.1976;0;4
MEMNUHA;2;20.9.1934;0;2
HELUN;2;21.9.1980;0;2
OMLUYE;1;2.7.1969;0;1
REFAHA;4;18.3.1960;0;4
CAMIL;4;30.7.1956;4;0
ZILLI;1;6.9.1960;0;1
NARFIDE;5;10.2.1970;0;5
UNVARI;1;17.9.1960;0;1
MURSENIL;1;30.4.1959;0;1
GONCE;25;17.10.1962;0;25
ZAHTINUR;11;9.8.1953;0;11
IPER;18;25.1.1977;1;17
DANSEL;8;26.8.1949;0;8
BENNIKAR;1;7.5.1964;0;1
MERMIS;1;6.8.1967;0;1
BAKTIMUR;1;9.3.1981;1;0
MISULUN;1;25.12.1937;0;1
BILGIYAR;1;7.2.1945;1;0
ELZBIETA;5;22.1.1967;0;5
RUMILYA;1;17.2.1966;0;1
KUTLUER;8;26.1.1950;8;0
NEFIYYE;4;9.3.1964;0;4
FEREN;5;24.2.1966;3;2
M.ZUBEYIR;2;28.2.1951;2;0
MUHBETTIN;49;24.12.1974;48;1
HASBETULLAH;1;6.11.1980;1;0
ATNIYE;7;29.1.1960;0;7
MAKSUMET;1;7.12.1970;0;1
NERCIZ;4;25.10.1959;0;4
MUZEYYIM;2;6.6.1972;0;2
MIHPARE;3;8.3.1941;0;3
CUMAEDDIN;1;2.1.1963;1;0
SALUK;1;3.7.1978;1;0
MAFURE;4;11.6.1953;0;4
KIRKIZ;3;7.6.1935;0;3
FATMALI;12;5.12.1947;0;12
BATUN;11;17.1.1966;5;6
BADTAL;11;14.5.1956;11;0
GULFATIH;1;22.9.1938;0;1
NAHI;23;7.5.1962;18;5
SABIYAT;3;12.10.1963;0;3
NEZHE;64;17.7.1956;0;64
SINNAN;1;23.6.1969;1;0
FERI;38;19.11.1966;2;36
SEVAB;2;7.3.1984;2;0
BULEN;11;15.7.1972;8;3
DERDO;87;19.11.1952;0;87
FADAI;4;19.11.1976;4;0
GURCINAS;2;7.4.1961;0;2
ABDULMUDALLIP;1;8.5.1981;1;0
MEYHARET;2;20.10.1969;0;2
SEBKIYE;1;2.8.1951;0;1
HULKET;1;5.4.1962;0;1
BAL;32;23.8.1942;5;27
GADDER;5;21.4.1968;0;5
SUBEYDA;38;29.11.1969;0;38
SEVCIYEN;3;7.3.1966;0;3
TANCIL;3;21.1.1950;2;1
CEZBAHAR;1;4.3.1947;0;1
RIFATDIN;2;22.5.1953;2;0
DURDUANE;2;12.9.1971;0;2
ALPARI;1;21.6.1953;0;1
HABIYDE;1;17.11.1972;0;1
FERCIHAN;16;10.6.1966;0;16
SAHIBIYYE;1;14.11.1985;0;1
VISALETTIN;9;7.6.1951;9;0
GUNNIHAR;22;25.8.1954;0;22
HUKUK;6;22.6.1978;4;2
ANSAL;1;17.2.1954;0;1
HILAYDA;11;21.2.1989;0;11
GUNDUZBEY;2;19.5.1966;2;0
TALIHSIS;1;12.2.1970;1;0
ESABETTIN;4;23.6.1953;4;0
UYANIK;14;29.5.1965;13;1
ESDAR;2;2.5.1966;2;0
ADAMCIL;1;1.11.1965;1;0
MINCI;4;20.2.1951;1;3
YAHSIN;27;1.11.1970;27;0
IHLAN;4;19.7.1956;4;0
BERIHE;3;6.1.1952;0;3
NEZZAT;6;28.1.1962;5;1
BILBAY;19;26.4.1976;19;0
FARDANE;2;15.11.1957;0;2
MUHTALIB;1;30.6.1956;1;0
NURSIYEM;1;12.2.1948;0;1
GULCOHRE;5;16.3.1962;0;5
FATTEN;1;24.4.1950;0;1
ESREFE;33;18.7.1947;2;31
GULVAR;12;17.1.1960;0;12
GULSAC;2;19.12.1969;0;2
TEFRIL;1;1.4.1954;0;1
CANIGUR;2;3.1.1962;1;1
PERZIYE;1;3.2.1951;0;1
BERSIN;16;13.8.1975;3;13
GULADEM;2;26.8.1971;0;2
RADYETE;5;30.10.1964;0;5
ASKARHAN;1;10.11.1977;1;0
GULUMMET;1;2.4.1957;1;0
NURTERENNUR;1;18.7.1965;0;1
CENEN;5;25.5.1960;1;4
SUFER;5;24.7.1956;5;0
ZANIYE;5;2.4.1954;0;5
IYSA;24;21.2.1965;24;0
MAFALET;1;28.5.1968;0;1
FEDAYIN;3;11.4.1964;3;0
NESLIYAN;5;1.7.1966;0;5
SITTIYKA;18;7.6.1961;0;18
AFIKET;1;25.2.1966;0;1
AHINUR;8;17.3.1963;0;8
ZAHADE;1;16.9.1938;0;1
DABANCA;1;22.8.1937;1;0
FINUR;1;7.10.1964;0;1
BEDUUL;2;7.2.1952;0;2
PERTEVEL;1;26.1.1965;1;0
FIRIYZE;1;20.4.1974;0;1
FELEKSAN;72;1.7.1950;0;72
HACISAIT;1;7.8.1928;1;0
SINER;18;11.5.1971;5;13
FAYZA;10;10.8.1970;0;10
NEZNA;2;4.6.1962;0;2
NECETIN;3;6.9.1961;3;0
SYUZANNA;2;23.3.1977;0;2
SELNAY;1;12.10.1965;0;1
SEKHA;223;14.8.1967;0;223
GOZALAN;1;18.12.1937;0;1
SEKRIYE;10;15.4.1967;0;10
FELATIYE;1;21.8.1960;0;1
CALNUR;1;18.9.1990;1;0
CIMENAY;1;11.5.1988;0;1
BOZBAY;2;10.2.1944;2;0
MUAVVEZ;3;29.3.1978;3;0
SEHSINAN;2;6.5.1967;1;1
MESDAN;9;2.9.1956;9;0
SAHAFET;6;15.4.1955;1;5
MERSURE;8;16.2.1975;0;8
KEME;2;22.4.1947;0;2
HALUN;1;6.11.1965;0;1
MAYUF;23;1.4.1957;23;0
CEMSAH;8;27.1.1980;8;0
FURUZAY;1;11.11.1985;0;1
BERGIL;8;16.8.1971;5;3
ZEYBEGUL;3;9.3.1974;0;3
KOKDUR;1;11.3.1975;1;0
MEHSUT;21;26.9.1971;21;0
MUAVVIZ;6;26.2.1985;6;0
MEFERIT;1;2.3.1963;0;1
ERKALKAN;1;13.9.1936;1;0
SUKURU;24;19.11.1958;24;0
EVRANI;1;6.2.1967;0;1
SEZE;6;16.11.1972;1;5
UFLAN;1;16.4.1963;1;0
GURSAY;6;28.9.1975;5;1
CANEN;15;4.5.1971;3;12
NEJBA;1;29.2.1962;0;1
NILFERIN;1;30.6.1972;0;1
ERVIL;3;22.12.1982;0;3
GUDEREN;3;21.3.1970;0;3
MIJRABI;1;1.1.1966;1;0
GURBUZER;2;22.7.1967;1;1
PERGUN;4;24.4.1965;0;4
ICOZ;1;7.5.1937;1;0
ERGEL;4;20.12.1943;3;1
TINAS;6;1.6.1952;5;1
TOKCAY;3;21.2.1977;3;0
CANAR;10;12.3.1967;6;4
YURTTEKIN;1;8.9.1973;1;0
ULPERIM;1;17.8.1981;0;1
SERVENT;34;12.2.1975;29;5
ZAHMET;9;15.4.1972;6;3
SEZAYA;1;4.3.1971;0;1
HUDEYA;3;16.10.1963;2;1
BELKISER;1;2.12.1986;0;1
AKYIL;8;21.2.1959;8;0
ABDIR;3;7.6.1966;3;0
KAVAL;1;9.6.1939;1;0
KIRDAR;4;1.8.1956;4;0
SAGDIC;3;10.5.1972;3;0
REYSEL;3;16.10.1958;1;2
MIYAS;11;6.3.1952;0;11
NUHTIYE;3;13.7.1978;0;3
SITDIKE;2;6.2.1960;0;2
SALIT;2;9.4.1956;2;0
MUJDIYE;17;14.10.1968;0;17
CUMEN;6;26.5.1958;0;6
MEVSER;2;2.7.1969;0;2
EMIRGUL;11;20.4.1965;0;11
HAMDIYAR;1;23.3.1967;0;1
YURTSAY;2;22.3.1976;2;0
AZIYE;55;14.9.1966;0;55
SAKAR;6;13.3.1951;3;3
GAZEM;2;7.9.1977;1;1
ORENGUL;4;10.2.1944;1;3
RUDKAY;1;10.10.1991;1;0
GULPERIYA;4;21.9.1968;0;4
GAMLAT;1;1.3.1969;1;0
NURDES;25;17.12.1964;0;25
FERSAY;1;21.10.1963;1;0
SERGUDEN;1;24.10.1966;1;0
DUYSA;1;19.5.1975;0;1
BEKHAN;4;3.5.1945;2;2
SEKYE;1;13.4.1966;0;1
SUEYDE;3;16.4.1964;0;3
FAIZIYE;1;9.12.1952;0;1
AYDILER;3;8.4.1958;0;3
SIMUZER;23;25.7.1945;0;23
UMMUSE;10;4.6.1953;0;10
SENAHAT;9;24.9.1965;0;9
FUVADIYE;1;22.6.1955;0;1
AYDUGAN;10;3.4.1958;10;0
CEMZADE;13;20.1.1954;0;13
HARZIYE;8;8.3.1960;0;8
EYNEDDIN;3;15.3.1967;3;0
FIRDOVS;113;19.10.1958;0;113
MECRA;11;25.3.1985;2;9
ASKERYE;3;24.12.1972;0;3
ALEXANDRA;36;3.9.1978;1;35
REKDA;1;12.3.1959;0;1
AJDER;2;5.4.1976;2;0
CEVATTIN;21;12.6.1965;21;0
SUKRUYYE;1;22.11.1967;0;1
KEJE;50;23.7.1962;0;50
LEZDAR;2;24.4.1990;2;0
AGABALA;2;15.2.1947;2;0
ADALETE;1;6.10.1972;0;1
ISLAMIYE;22;13.3.1970;0;22
NURKADEM;6;6.11.1968;2;4
AYGUNES;13;29.9.1963;1;12
ELBINAS;1;10.3.1969;0;1
SECATIN;7;27.11.1966;7;0
HUSAYIM;1;16.4.1964;1;0
BURNAZ;1;10.2.1938;1;0
BELHUDAR;3;28.1.1962;1;2
ZAKIRIYE;19;13.5.1967;0;19
KIMYAGER;1;16.1.1941;0;1
SUNAHAT;4;12.6.1967;0;4
RUHKAR;1;3.1.1939;0;1
MEHIYYE;1;11.9.1939;0;1
MUBIYEN;12;26.1.1972;0;12
DIGDAR;10;28.3.1978;0;10
VAHIDITTIN;1;11.6.1928;1;0
IYET;2;22.9.1971;1;1
TUKEN;10;16.4.1759;0;10
FERMALI;7;4.12.1959;6;1
PELISE;2;30.7.1964;0;2
GEVRUCAN;1;27.2.1962;0;1
FERIYAZ;51;7.2.1956;1;50
BERUHA;5;25.7.1961;0;5
HURINISA;15;30.11.1959;0;15
IHTISAM;18;22.10.1960;5;13
RABITE;9;14.9.1968;0;9
SEBILHAN;7;23.10.1957;1;6
TANGER;1;22.11.1972;1;0
GUNGUZEL;11;28.4.1950;0;11
TILIZ;1;6.4.1973;0;1
ENCUMENT;3;10.2.1970;3;0
SELER;2;28.4.1983;0;2
YOLTAS;1;17.6.1976;1;0
ORNAY;1;21.2.1982;1;0
HURZADE;16;22.8.1958;1;15
AYTEMIZE;1;21.5.1975;0;1
GULZIYA;11;8.9.1953;0;11
BIRKAY;30;7.1.1981;14;16
MULASE;1;22.3.1966;0;1
GUNTEREN;1;26.4.1965;0;1
KENDINAZ;5;16.8.1959;0;5
ASILCAN;10;19.8.1989;10;0
SENGEL;13;16.2.1959;3;10
TUTAN;7;27.12.1971;3;4
DENGIZ;26;16.6.1964;24;2
SEVDANE;36;9.1.1972;0;36
ZUMRUTAL;3;5.8.1937;0;3
TELGUN;3;1.12.1960;0;3
EDEHA;2;30.7.1971;0;2
SELFAT;7;28.2.1959;4;3
UMRAHAN;10;6.4.1977;0;10
HUCESDE;1;5.12.1961;0;1
MUASES;2;6.5.1966;0;2
SAZIYER;8;4.9.1961;0;8
NIZAMIN;4;21.8.1956;4;0
RIFADE;3;10.12.1946;0;3
GULBEYAS;4;7.2.1964;0;4
HANKO;8;8.9.1948;0;8
GULLUNAS;1;17.8.1954;0;1
ASMET;8;10.10.1959;6;2
NAGAN;21;18.8.1968;0;21
AYRIYE;22;30.9.1957;0;22
NURFIL;63;7.4.1968;3;60
GOKSAY;5;27.8.1982;5;0
CENIT;3;29.7.1948;3;0
PERYET;1;26.5.1955;0;1
TUGSEM;15;29.6.1988;0;15
ARUN;23;16.6.1969;22;1
AHTI;1;22.11.1964;1;0
HASURE;4;27.6.1948;0;4
NIZAMIL;3;16.4.1962;3;0
BIYAMIL;7;21.7.1956;7;0
UREYRE;1;22.4.1972;0;1
BEHIDIYE;3;7.7.1956;0;3
DONEN;18;17.7.1972;0;18
FERIYAT;17;15.11.1967;6;11
FAIZUN;2;19.4.1955;1;1
SABRIE;15;3.10.1976;0;15
RACAN;6;23.4.1976;0;6
CELEL;8;23.10.1960;8;0
FELEADDIN;1;18.4.1962;1;0
ELFUDE;6;19.6.1959;0;6
HUNASI;1;26.11.1956;1;0
MELEKSAM;1;16.3.1953;0;1
MUJELLA;10;11.8.1964;0;10
MUKEMMIYE;1;17.8.1936;0;1
ZAMINA;12;2.3.1972;0;12
NIMOS;29;11.7.1959;0;29
HEDUL;40;5.8.1965;0;40
MENKURE;5;11.6.1963;0;5
ZEYNOS;3;9.2.1957;0;3
ZERRUK;151;21.1.1967;0;151
BERVI;4;3.8.1977;0;4
SERMEDA;1;16.12.1970;0;1
ZINOS;5;30.5.1955;0;5
MULHUK;1;29.9.1955;0;1
BEHREN;3;6.8.1947;2;1
GULVIZAR;9;20.7.1959;0;9
SEVGISON;131;1.2.1974;0;131
PEYMANI;1;8.7.1945;0;1
GUMRAL;23;15.1.1962;5;18
ISTIHAN;4;2.10.1977;0;4
MAFIZ;29;16.5.1963;24;5
MEMNURE;6;3.8.1965;0;6
KUMIRYA;1;19.4.1972;0;1
SEVLEN;1;22.4.1961;0;1
MUMIDDIN;2;1.1.1944;2;0
DILBIRUZ;2;13.4.1971;0;2
HAYHANI;2;6.8.1951;0;2
NERDA;6;22.5.1975;0;6
MAVA;84;23.12.1958;0;84
HADAYUN;1;7.8.1934;1;0
CERKEZIYE;4;16.12.1967;0;4
SERAFIDDIN;5;28.5.1954;5;0
GUNUHAR;2;22.2.1944;0;2
ERGULER;33;6.4.1962;11;22
DEMIRSAN;2;1.3.1973;2;0
NEZATIYE;7;29.7.1957;0;7
BILSEVER;1;17.11.1948;1;0
GULNIKAR;14;10.6.1956;0;14
MUVIDE;7;15.12.1968;0;7
KUNAYAN;1;23.2.1938;1;0
ILKEREN;1;23.5.1991;1;0
SAFADE;7;11.9.1941;0;7
MUSLIDIN;3;1.12.1949;3;0
VEZA;4;17.8.1975;0;4
SEDAF;2;14.5.1977;0;2
HUSIRI;1;17.3.1972;1;0
HAYRENNISA;3;17.5.1960;0;3
YUHAIT;1;7.3.1958;0;1
GOKGU;13;10.6.1961;1;12
BEYSIN;32;25.1.1967;32;0
NICATIN;1;1.5.1940;1;0
BETAL;10;21.7.1967;9;1
MEHMETHANEFI;14;15.1.1975;14;0
ZELSEN;1;13.9.1965;0;1
KISKO;1;29.6.1956;1;0
AFSANA;4;3.9.1981;0;4
GULYEN;3;29.4.1962;0;3
SAIB;21;24.4.1959;21;0
RESIDIYE;62;25.11.1964;0;62
MECBURYE;6;11.9.1960;0;6
HULEYSI;1;21.12.1963;1;0
NURAYIN;6;9.11.1963;3;3
RITFAN;17;14.12.1968;16;1
NEFTIYE;3;18.7.1968;0;3
BUSTEKIN;1;26.11.1990;1;0
ZEZAI;8;13.1.1965;8;0
MUNTEA;2;3.10.1971;0;2
MERIAL;2;22.1.1950;0;2
SEHSA;1;21.5.1963;0;1
FETINE;29;27.1.1957;0;29
MERIHE;8;2.10.1963;0;8
NURJIN;2;5.8.1987;0;2
CIIMET;1;24.7.1964;0;1
SERPNUR;9;11.3.1956;0;9
UZIYE;7;27.4.1955;0;7
AZLEN;2;27.6.1951;2;0
GULCENAN;6;8.10.1955;0;6
NEFTER;4;30.3.1973;3;1
RUFGUL;2;6.11.1960;0;2
ISMAGAN;10;13.11.1955;0;10
SEVDIREN;8;8.3.1954;0;8
KUTAN;19;6.12.1973;16;3
SABRICAN;13;20.1.1987;13;0
NIVAL;13;21.2.1965;1;12
HALIMZA;1;19.2.1955;1;0
MULISIYE;1;13.4.1965;0;1
NAZERIN;4;29.10.1968;0;4
MUNYAMIN;17;14.8.1965;17;0
CURIYET;3;14.10.1959;1;2
FERINDAG;1;29.2.1985;0;1
GULZOHRE;6;10.12.1970;0;6
FITAT;3;26.4.1964;1;2
CIHANDUR;5;1.6.1972;5;0
RUYET;20;8.5.1955;0;20
NECLI;11;15.5.1958;7;4
OZENSOY;1;9.6.1941;1;0
NUHDIYAR;1;28.12.1959;1;0
SATILA;1;22.8.1925;0;1
GULURIYE;1;27.5.1953;0;1
ILGAFET;1;11.2.1958;0;1
BINNIK;25;16.4.1963;0;25
BEYHAT;30;25.5.1963;26;4
MEZKURE;27;2.6.1950;0;27
MAYER;10;16.7.1956;9;1
NILFAR;1;2.9.1939;0;1
ELFIYEN;1;14.4.1971;0;1
OZYIGIT;3;9.9.1972;3;0
BEHEN;3;20.4.1964;0;3
ELIFYEN;1;6.2.1943;0;1
CAYLA;2;14.4.1951;0;2
NESHIYE;2;27.10.1940;0;2
VEFAHIR;1;26.6.1937;0;1
SAFYILDIZ;1;8.10.1936;0;1
ELKAZ;1;5.9.1936;0;1
HAZERET;1;22.1.1952;1;0
SEFIKIYE;1;17.12.1960;0;1
MICEVER;3;25.8.1957;0;3
NACIDAR;1;7.7.1952;0;1
ULEYME;4;17.7.1954;0;4
BELVAN;1;13.6.1975;0;1
SEFAYETTIN;7;3.1.1961;7;0
HILMIS;1;17.8.1954;0;1
FILBAKI;1;25.4.1956;1;0
SUREDA;1;3.8.1936;0;1
SARGIYE;2;3.12.1973;0;2
MENIZ;3;10.3.1987;0;3
FITTOZ;4;11.11.1944;0;4
NURULLAHBEY;1;1.2.1980;1;0
MISAR;5;8.9.1976;3;2
FATANE;1;17.10.1960;0;1
FITNAK;3;23.5.1958;0;3
KIYMAZ;10;6.1.1958;8;2
KIBIRYA;12;13.8.1969;0;12
NIYOZE;2;9.1.1956;0;2
ARSU;12;5.7.1973;2;10
HIJA;6;16.3.1976;0;6
HURIYEHANIM;1;22.1.1991;0;1
ZENCEL;11;30.5.1963;1;10
ISRAVIL;2;22.12.1958;2;0
ENNISE;3;2.1.1990;0;3
MURIYDE;1;14.11.1986;0;1
TURKISAN;1;8.3.1962;0;1
ARZIGUL;14;4.10.1965;0;14
BEHIYDA;1;3.8.1972;0;1
SUIDIYE;8;23.1.1960;0;8
HORUYE;63;25.11.1959;0;63
TECELLE;3;5.8.1966;3;0
ZIBANIM;1;17.6.1967;0;1
MUNIKE;3;26.7.1986;0;3
GULZIFAR;1;20.3.1974;0;1
TAHIYE;9;21.8.1955;0;9
SELIKE;7;13.3.1966;0;7
YOSIF;10;17.1.1966;10;0
FAHRIALEM;5;13.11.1966;5;0
CAYIP;3;11.9.1959;3;0
KIBAYRE;1;15.7.1965;0;1
HAMISIYE;1;6.2.1951;0;1
ERGIT;2;2.1.1962;2;0
BEL;2;24.12.1968;0;2
APTULMUTTALIP;7;29.7.1974;7;0
ZEIME;3;26.2.1958;0;3
ABDULMUKELLEF;1;1.5.1950;1;0
BALIGA;5;30.9.1945;0;5
VUNDA;1;1.4.1973;0;1
NAZIKTAR;75;18.11.1952;0;75
GULAZIM;17;25.5.1963;1;16
DILURBA;2;5.9.1959;0;2
MUZEDEN;1;19.6.1960;1;0
NUKTEN;3;21.8.1972;0;3
ZULGARI;24;5.5.1966;24;0
NISANER;9;26.9.1969;9;0
SILVAYI;1;7.11.1976;1;0
MELEHE;225;29.10.1959;0;225
SAFAETTIN;9;28.11.1961;9;0
CUMATTIN;15;4.6.1970;15;0
AHCIK;82;4.7.1952;0;82
SANIME;70;12.12.1961;0;70
GULUZE;7;30.1.1960;0;7
AGBILEK;30;19.12.1960;0;30
GULMUJGAN;1;2.8.1966;0;1
BODE;17;25.6.1956;0;17
RECAYIP;6;7.8.1968;5;1
MUCEDDEL;1;16.1.1954;0;1
SEHMINOR;1;13.3.1956;0;1
NANAR;7;11.11.1970;0;7
VACIBUL;1;25.7.1975;1;0
RUYAL;16;21.6.1969;5;11
SABBAR;1;22.8.1931;0;1
BAHCIT;16;30.7.1955;0;16
MESUTCAN;11;29.6.1986;11;0
HUNDE;2;22.6.1967;0;2
MEFADIYE;6;26.5.1947;0;6
MURUBET;24;6.11.1962;0;24
CEZBI;2;22.3.1966;2;0
ZIYATAN;1;27.4.1962;1;0
SENHAN;9;20.10.1971;3;6
SUARA;5;11.10.1967;1;4
DEHRA;3;5.9.1976;0;3
ZIHNETIYE;2;14.1.1949;0;2
MUSRUKE;2;6.7.1950;0;2
SERIRE;11;13.3.1956;0;11
NIVIRE;1;1.4.1959;0;1
SIRIYYE;1;2.3.1981;0;1
ABOS;13;5.10.1957;8;5
AYTURE;19;17.8.1953;0;19
GULAHIYE;1;26.3.1956;0;1
RUKNA;52;1.4.1956;0;52
EBUTALHA;7;29.10.1980;7;0
YURDUSAN;9;21.12.1964;0;9
MUYAFFER;1;11.9.1956;1;0
SADIS;7;5.4.1956;2;5
KILLI;4;17.5.1942;0;4
HERINAZ;2;11.8.1961;0;2
HORIYET;4;8.11.1967;0;4
MUZELFE;85;10.5.1963;0;85
MEKTUM;2;10.8.1980;2;0
FULEYDA;1;22.2.1976;0;1
ATASAY;40;16.10.1971;40;0
FERIMDAG;1;7.4.1979;0;1
RASIDDIN;2;30.10.1947;2;0
GULSURUN;1;9.1.1969;0;1
FEZAMEN;1;24.3.1964;0;1
MUDANE;1;22.2.1973;0;1
PEHIMAN;7;24.7.1958;0;7
SITADE;1;26.6.1958;0;1
ZUBUDIYE;16;29.11.1960;0;16
SEVGIHA;2;13.12.1943;0;2
HUDANIYE;2;12.3.1961;0;2
KASIP;7;29.11.1959;7;0
MACAR;42;30.6.1962;3;39
ZEMLIKE;2;13.2.1961;0;2
FAYRAN;1;4.4.1965;0;1
GULEBE;273;24.9.1960;0;273
M.NACI;11;30.4.1960;11;0
SONAD;10;8.12.1975;6;4
MUCUDIYE;2;14.7.1975;0;2
BUREN;2;29.12.1985;1;1
HAKIBAR;316;17.8.1959;0;316
NURBUN;1;8.3.1964;0;1
ELMASNUR;3;27.11.1988;0;3
SEVICIHAN;1;19.5.1939;0;1
NIGEHAR;1;4.5.1968;0;1
MAZIZIYE;1;26.5.1960;0;1
ERNA;34;5.11.1968;1;33
NAZIYET;17;22.2.1957;0;17
DENYAL;4;4.4.1974;4;0
GULFIDAR;29;12.8.1959;0;29
ESRAYA;1;6.1.1963;0;1
SARACETDIN;1;24.4.1975;1;0
ESVENDIYAR;6;7.3.1957;6;0
HUBEYBE;2;15.11.1971;0;2
AKLIMAN;13;13.5.1966;0;13
GUMULCEN;5;14.9.1955;0;5
MUBERREF;2;17.2.1954;0;2
DEVRICAN;1;2.1.1979;0;1
NEBAN;3;2.7.1957;3;0
ASLANER;3;7.9.1942;3;0
KUSIME;2;7.7.968;0;2
GUDEN;2;1.8.1951;1;1
GIFAYE;1;15.11.1944;0;1
GULTEGIN;5;20.3.1962;3;2
SEVZADE;11;3.6.1951;0;11
ILTAR;5;18.6.1960;2;3
CENANNIYE;1;21.8.1952;0;1
MUSARIYE;4;8.5.1949;0;4
MENZURIYE;3;29.4.1956;0;3
HICRETTIN;11;14.4.1963;11;0
NEVREGUL;2;27.2.1949;0;2
SUDURET;26;24.11.1964;0;26
EDER;15;11.10.1983;14;1
NECEDDIN;40;29.9.1961;40;0
TAKIN;11;14.9.1966;11;0
EBISU;1;22.11.1961;1;0
SENYAR;4;10.1.1964;2;2
HAHAN;1;23.3.1966;1;0
ODEN;5;30.7.1965;3;2
EFRIZ;9;25.2.1960;0;9
ILKECAN;1;21.8.1990;0;1
ELKIN;5;5.9.1974;2;3
SABITIN;1;11.11.1962;1;0
NAIKE;6;17.5.1956;0;6
KORDAY;3;11.7.1972;1;2
OZANT;20;9.11.1967;13;7
DILFUZEHAN;1;3.2.1976;0;1
DILTEN;1;26.10.1960;0;1
MUETTEP;1;21.5.1928;0;1
ALIYUKSEL;3;8.5.1968;3;0
KADRISEN;3;6.10.1966;3;0
MERDUDE;2;15.8.1953;0;2
MELATUN;1;24.9.1985;0;1
TOLGAN;18;12.5.1981;18;0
SERMURAL;1;1.6.1973;0;1
FUTUVVET;2;5.4.1943;1;1
SEVGIYEN;1;22.3.1973;0;1
KEREMCAN;23;13.6.1987;23;0
LEBIG;1;19.10.1953;1;0
BAYDE;3;30.8.1951;0;3
HERON;1;5.2.1969;1;0
NURALIYE;7;20.12.1967;0;7
MUBAHET;2;13.12.1963;0;2
LINGUL;1;28.11.1982;0;1
NUDAR;5;4.9.1970;0;5
MUVEYDA;6;1.3.1972;0;6
ROHINAL;1;3.6.1957;1;0
NERA;2;15.4.1982;0;2
ANUS;59;23.11.1955;0;59
ZEKKERIYE;2;30.12.1974;2;0
EMANNULLAH;1;13.3.1968;1;0
MEKSUDA;2;30.10.1974;0;2
HORISAR;1;3.9.1944;0;1
CUMHURHAN;2;4.4.1982;2;0
FIRZAN;31;9.8.1964;4;27
NARFIDA;11;18.1.1958;0;11
DILERBA;1;29.5.1953;0;1
ERSEDE;1;14.10.1979;1;0
NAZIKDER;16;1.3.1959;0;16
UGURCEM;4;21.2.1977;4;0
ULKUBAR;4;28.11.1959;0;4
ABTURAHIM;2;10.12.1954;2;0
DORTBIN;1;23.7.1967;0;1
ZEHEL;68;4.5.1966;0;68
NURINNAS;1;5.4.1977;0;1
DERNA;4;19.9.1979;0;4
ASYENUR;2;23.4.1989;0;2
FARNISE;1;16.3.1958;0;1
ERGIC;2;10.10.1977;2;0
DEVRIMAN;1;25.4.1976;0;1
ZIVAL;4;10.9.1974;0;4
UMBUS;1;26.1.1972;0;1
MIKREMI;1;7.8.1970;1;0
OZENUR;2;21.4.1963;1;1
HUSRETTIN;11;3.6.1967;11;0
NESVANE;15;21.2.1965;0;15
ARMA;9;8.5.1976;5;4
MAKSUME;18;7.8.1959;0;18
SEHZAYI;2;27.10.1942;2;0
LEVKE;13;9.1.1951;0;13
KEKLIFE;39;21.2.1967;0;39
GULTURKAN;1;25.12.1960;0;1
DURANSEL;24;19.1.1967;1;23
CUMARETTIN;1;22.7.1972;1;0
HURISEV;4;9.10.1960;0;4
DURNIYE;4;8.7.1968;0;4
BILIGAN;1;16.10.1970;0;1
TERRA;1;22.2.1973;0;1
KAVSI;4;5.2.1947;4;0
ZEKIBE;2;26.12.1969;0;2
MUHALIYE;1;17.10.1964;0;1
MUGATTAS;1;13.10.1953;0;1
CANIHER;1;18.5.1964;1;0
ZEKRIYA;4;21.10.1964;4;0
GUNNOR;4;15.10.1964;0;4
SAKERIYE;1;5.7.1962;0;1
KESRO;1;12.2.1965;0;1
INCEL;12;5.3.1973;3;9
UKREMIN;1;22.2.1967;1;0
NABIZAR;1;27.8.1956;0;1
FIROS;4;9.12.1941;0;4
SOHBAN;9;21.6.1948;0;9
CINEM;24;15.12.1981;0;24
SIDTIK;10;1.5.1961;7;3
VETLA;1;18.2.1985;0;1
ECAL;1;8.8.1961;1;0
NUCAN;7;2.9.1978;0;7
NADIRHAN;19;1.1.1965;19;0
YUCESAN;4;23.1.1951;3;1
IZGI;35;18.6.1980;8;27
YURDAGUNSAL;1;3.7.1971;1;0
GULSI;22;18.11.1956;1;21
ARLA;1;13.4.1985;1;0
ALIEJDER;1;29.5.1956;1;0
BURTE;4;19.7.1974;1;3
TURLU;10;21.10.1953;0;10
ISFANDIGER;1;9.5.1940;1;0
GULKAD;1;1.12.1977;0;1
EBISSUUD;1;16.7.1953;1;0
SEHBIYE;4;16.5.1968;0;4
BELGIZIYE;1;21.3.1965;0;1
NEBIO;1;27.2.1950;0;1
SAHIE;1;22.7.1937;0;1
VESSABIYE;1;6.7.1952;0;1
NEMAZIYE;1;20.6.1966;0;1
ZIHRI;6;22.2.1961;2;4
SOYLEYA;1;18.6.1965;0;1
MESTURA;7;19.9.1971;0;7
UFGUN;2;14.1.1979;2;0
MUSLATIN;7;30.1.1969;7;0
VEZIYE;7;10.12.1960;0;7
MURUZUDE;1;27.8.1966;0;1
FAHRITDIN;15;2.1.1957;15;0
SEVABE;13;26.12.1965;0;13
MENDUVA;1;29.3.1958;0;1
NAZIMHAN;1;8.7.1940;0;1
AYSELEN;7;14.12.1966;0;7
GULAZAM;7;26.11.1958;0;7
ALIKADIR;7;13.1.1965;7;0
MESRUTIYE;1;11.6.1952;0;1
IRVIDE;3;30.8.1962;0;3
BAYSEN;16;30.7.1965;3;13
NUROLA;2;3.8.1960;0;2
SAHFET;47;12.8.1963;39;8
ASAMAN;8;20.11.1949;0;8
GOYCEK;9;18.4.1959;0;9
URSITDIN;1;3.11.1958;1;0
ZULMU;2;21.7.1949;0;2
TEMASE;7;19.5.1958;0;7
GULNIMET;28;10.1.1965;0;28
MIZIHAN;3;15.10.1964;0;3
SUFADIYE;5;2.1.1958;0;5
MEBRIKE;13;7.10.1967;0;13
VERDAL;7;13.7.1969;3;4
IRENGI;4;5.8.1959;0;4
GOYGUN;6;30.12.1973;0;6
MUTHIYE;3;28.11.1970;0;3
MECCURE;7;27.2.1964;0;7
LEYSE;6;30.5.1959;1;5
VACIDIYE;3;2.4.1947;0;3
NETYI;1;10.11.1953;1;0
NEFERIYE;39;1.7.1956;0;39
DEVRET;3;11.8.1962;1;2
COME;2;3.11.1972;2;0
UCGUNER;2;4.4.1970;2;0
TECCAN;2;7.10.1974;1;1
KHURAMAN;6;5.2.1969;0;6
DURNUYA;1;2.4.1975;0;1
METUN;6;9.10.1965;5;1
KUMKERI;1;6.3.1935;1;0
LEYLUZE;4;16.11.1965;0;4
ZILCAN;4;28.6.1964;0;4
HAYAZI;1;7.8.1922;0;1
MIHLIVER;3;10.5.1957;0;3
ZAFIFE;1;28.5.1962;0;1
DUYAN;5;11.12.1956;3;2
SIDIGE;2;25.2.1954;0;2
EBRUG;15;23.9.1977;0;15
PURCAN;5;10.11.1974;0;5
NURAHI;1;1.2.1962;0;1
OZGONUL;34;26.2.1949;3;31
AYSEVER;59;25.11.1972;1;58
AKVIYE;1;7.1.1946;0;1
AYNETTIN;3;27.7.1953;3;0
ZATIFE;15;14.5.1960;0;15
TABIP;35;9.8.1978;34;1
MUCUBE;16;4.4.1967;0;16
VICIDAN;23;2.9.1961;0;23
NEVCETTIN;1;22.1.1984;1;0
FAKRULLAH;21;6.6.1976;21;0
SEYYUBE;3;17.6.1973;0;3
URGUS;43;19.4.1957;0;43
PEYVENT;5;7.11.1969;5;0
TAZIMET;15;10.8.1957;0;15
SIHHEMDAN;1;7.9.1956;1;0
MINHAL;5;13.10.1980;1;4
TAYFURE;18;23.8.1963;0;18
HULGO;1;16.1.1963;0;1
ZUNBULE;51;10.3.1953;0;51
GULEVATUN;2;28.10.1952;0;2
NILSAH;37;12.12.1985;0;37
MUKATTIS;9;21.9.1969;0;9
SEHSANE;6;4.6.1958;0;6
HATAAN;1;4.9.1974;1;0
SAZIVAN;1;22.8.1949;1;0
UTKUHAN;8;11.1.1987;8;0
GULASEN;2;11.10.1962;0;2
FERYADE;41;7.4.1955;0;41
IMAMIRE;1;21.9.1965;0;1
SAITGUL;1;13.4.1935;1;0
TEKKES;4;15.8.1974;4;0
SELEP;1;2.3.1981;0;1
SADEFIYE;4;1.1.1950;0;4
MENENDI;177;22.4.1956;1;176
AYDAM;4;20.10.1972;2;2
ALTINTOP;8;2.12.1945;0;8
SENI;58;14.6.1965;3;55
ASAMETTIN;14;22.1.1962;14;0
ZARYA;2;29.8.1952;0;2
TARHAT;3;3.11.1967;3;0
NAMATULLAH;3;18.9.1984;3;0
DURSEVIM;4;23.2.1959;0;4
MUKAILE;3;7.6.1979;0;3
IDADE;1;24.9.1972;0;1
ALEMSAH;42;8.11.1961;5;37
GURBUZCAN;1;2.5.1961;1;0
KEMAIL;7;6.7.1949;5;2
NERMIDE;2;20.1.1952;0;2
VUZARE;1;23.5.1961;1;0
MUSEVDIN;2;13.9.1965;2;0
BURTEN;6;14.9.1956;0;6
FAHRUNISA;54;27.12.1960;0;54
MUZZAN;1;27.11.1956;0;1
IZMIR;44;27.8.1969;1;43
EMAME;26;29.5.1962;0;26
NUFTULLAH;2;22.4.1963;2;0
MERAKSA;1;19.8.1966;0;1
CADULLAH;4;6.12.1965;4;0
SEHNE;90;8.4.1949;0;90
SUVILE;1;13.11.1967;0;1
MEYDO;1;27.8.1926;1;0
SAFATULLAH;3;26.5.1975;3;0
MUHURET;1;13.7.1964;0;1
SEHEMETTIN;1;12.2.1953;1;0
TURKINAZ;23;17.9.1969;0;23
SEHYNAZ;1;9.3.1940;0;1
TAMARYA;40;25.11.1951;0;40
HUNBET;4;1.1.1963;4;0
MERAKIYE;7;3.4.1968;0;7
SIMMIL;1;22.2.1961;0;1
BESOY;1;1.3.1941;0;1
FARDEGUL;1;19.4.1972;0;1
RAFTA;1;6.5.1954;0;1
ESMARAL;2;19.9.1971;0;2
SEREBANI;46;25.11.1955;0;46
SERECETTIN;23;7.3.1970;23;0
ERSED;1;3.2.1957;1;0
NEFIYA;46;15.7.1966;0;46
TAKIBAT;18;20.7.1956;0;18
FERESET;30;24.8.1966;5;25
DUTCA;1;22.6.1961;0;1
TEYFE;62;26.2.1951;0;62
ABBAT;2;5.1.1979;2;0
MATO;1;12.8.1929;0;1
RENDIHAN;30;5.7.1966;0;30
ENNAGI;19;18.11.1962;19;0
FERZALI;30;6.6.1950;30;0
HUMBET;15;5.9.1962;15;0
LAVANTA;17;27.10.1969;0;17
BAYDA;3;17.11.1973;0;3
ZEYHEN;5;22.4.1973;0;5
RUYZE;6;3.6.1958;0;6
LOLISTAN;1;1.12.1987;0;1
VESFEDDIN;3;28.12.1978;3;0
YETERNAZ;46;5.4.1967;0;46
SENYETTIN;1;4.7.1963;1;0
MAHIT;45;8.1.1961;44;1
GEYHANI;1;10.11.1988;1;0
GULFIYEM;1;6.11.1986;0;1
HAMDUSANA;51;5.11.1980;48;3
REYZE;18;17.3.1953;0;18
EBRUBASAK;1;14.8.1991;0;1
YUZGEL;4;24.9.1967;0;4
URAR;1;11.8.1990;1;0
GINAF;1;26.11.1972;0;1
TAMARYE;16;6.2.1964;0;16
SEDIME;4;26.4.1966;0;4
ABDURRAHAN;2;7.10.1969;2;0
AYHAT;7;21.12.1962;7;0
NAKISE;32;19.6.1965;0;32
VAHAPIDDIN;1;26.12.1966;1;0
NESYUH;1;12.5.1965;1;0
FIZE;57;3.10.1948;0;57
RAFIATE;1;17.2.1972;0;1
BEYMEZ;1;2.12.1975;0;1
ISTIFA;31;25.11.1967;1;30
ISTEN;2;1.8.1970;0;2
SUAYDE;4;25.8.1969;0;4
ZELVINAZ;40;29.4.1961;0;40
VESNIYE;2;3.7.1957;0;2
MAHUZE;2;24.1.1940;0;2
IRBABE;4;7.11.1934;0;4
ESEMEN;168;21.3.1959;0;168
PERZENDE;1;6.2.1972;1;0
EVEZGUL;1;22.2.1973;0;1
YESME;6;30.3.1965;0;6
CESME;16;6.8.1962;0;16
VALI;41;26.10.1971;40;1
SORSIRIN;1;27.2.1974;0;1
ELFESIH;10;2.4.1964;8;2
TAVZIYE;1;4.9.1980;0;1
BAYTULLAH;1;28.10.1991;1;0
RAME;12;20.12.1962;0;12
NUKLET;1;7.1.1976;0;1
NAKSIFER;1;16.12.1933;0;1
SERETE;7;9.11.1959;0;7
FERAAT;3;27.8.1954;1;2
MIZKAL;4;27.5.1955;0;4
RABIAT;21;17.8.1942;0;21
GUNUSER;1;16.8.1958;0;1
SIMIN;126;5.1.1973;0;126
BEDAI;5;2.3.1955;3;2
GEVFER;2;21.3.1939;1;1
STERA;1;12.12.1949;0;1
MENNAM;1;22.12.1944;1;0
MUCIME;1;6.4.1967;0;1
SAHAVE;1;12.8.1929;0;1
NAILAN;6;8.8.1961;0;6
IMMILEYLA;1;2.2.1951;0;1
CEVAHIRE;111;16.8.1949;0;111
KUTLAR;4;6.3.1969;3;1
MILKIYA;5;11.9.1986;0;5
BAHTISEL;8;11.1.1961;0;8
COSKAN;33;30.9.1973;33;0
OZKEN;4;30.10.1970;4;0
CEZMINE;2;7.12.1957;0;2
MUYESSEL;6;28.12.1952;0;6
FATIMAI;10;16.6.1961;0;10
MURUDIYE;2;11.11.1963;0;2
BULMAN;1;2.8.1945;1;0
VALA;27;14.5.1963;19;8
CIHANKIR;6;27.8.1959;6;0
BUSEYZA;1;17.3.1960;0;1
PEMBESIN;1;15.8.1961;0;1
YARBAY;20;11.12.1965;20;0
CEFAET;2;25.7.1960;0;2
GUNYASA;1;22.1.1938;0;1
SOYER;39;14.5.1970;39;0
MUCERRAH;2;24.10.1952;0;2
GURTEKIN;20;11.2.1963;20;0
MULHAIM;1;13.2.1983;1;0
NACITTIN;17;5.1.1960;17;0
DOST;27;22.4.1975;26;1
EMINDUDU;98;26.8.1958;0;98
ESHATTIN;2;17.9.1974;2;0
NURBETUL;15;18.6.1987;0;15
HAZURA;3;30.10.1982;0;3
MELIKAT;2;19.4.1977;0;2
MUCESSER;18;10.1.1958;0;18
BURTAY;34;24.12.1979;25;9
SELAMETIN;4;3.3.1979;4;0
ANDREW;3;24.1.1973;3;0
KEMSIYE;2;18.2.1961;0;2
MENACETTIN;2;5.2.1975;2;0
MURACE;1;24.6.1961;0;1
CEMIYE;29;4.9.1965;0;29
KESI;12;15.3.1957;4;8
MUVERRAH;1;19.4.1949;0;1
FAIM;23;9.1.1973;23;0
PERIHAS;1;14.8.1954;0;1
DISLER;2;4.5.1976;0;2
ZUMEYRE;18;8.2.1977;0;18
HEMSA;25;13.12.1958;0;25
HURIZAN;3;23.8.1970;0;3
CUCA;1;27.10.1974;1;0
PERISAHAN;2;21.10.1969;0;2
VASIH;15;17.10.1977;15;0
DAGMAN;1;7.2.1976;1;0
ATICAN;7;27.6.1971;1;6
RAMIYA;4;2.1.1983;0;4
VESIHE;6;12.11.1974;0;6
BECIDE;4;21.6.1972;0;4
SALAYI;1;10.7.1958;0;1
VECDETTIN;14;15.8.1960;14;0
REVSIYA;1;1.2.1976;0;1
CIMRAIL;1;3.5.1991;1;0
GUNDES;13;14.8.1970;4;9
SERAZIM;3;1.11.1957;3;0
ENAT;2;10.11.1952;2;0
ISHET;2;15.9.1962;1;1
MUSEHHIL;12;13.2.1966;0;12
SIDOS;1;17.8.1924;0;1
NUHBETTIN;1;1.11.1979;1;0
A.BAKI;8;7.3.1953;8;0
RESINAZ;9;17.3.1952;0;9
SUFADE;13;23.8.1961;0;13
ELVERE;1;10.8.1967;0;1
SEMSIBANI;25;10.7.1953;0;25
TAVSINE;1;6.3.1962;0;1
MUSAIT;24;18.7.1968;24;0
HOKEME;1;16.2.1945;0;1
ESVARI;1;6.10.1968;0;1
FERUDIN;12;4.7.1964;12;0
APAK;12;18.2.1962;6;6
RAIKE;91;4.4.1959;0;91
GUNLUER;1;22.2.1961;0;1
SIHOSMAN;6;13.8.1952;6;0
BULUTCAN;4;26.4.1984;4;0
ESAM;7;24.11.1965;6;1
AYSAHANIM;3;19.12.1970;0;3
HIRGAYIP;1;4.10.1961;1;0
MULSET;1;13.1.1975;0;1
TACIL;14;22.5.1962;13;1
RIGAT;2;3.2.1974;1;1
HILIYA;12;11.4.1960;0;12
MEHEDDIN;49;7.11.1960;49;0
HUNGOR;1;6.11.1969;1;0
MULAY;5;24.7.1965;2;3
MUCUZAT;6;1.1.1964;3;3
TURKEDDIN;3;10.2.1967;3;0
MILITER;1;30.9.1973;0;1
GULBEGI;24;20.9.1961;24;0
SEFFANNUR;1;26.3.1966;0;1
BAKIZER;8;21.8.1963;0;8
YENIBAHAR;1;27.7.1968;0;1
ABDILAZIZ;11;27.4.1965;11;0
BENLIYE;4;15.9.1955;0;4
SALIDIN;4;28.4.1952;4;0
SAFEL;3;13.12.1967;0;3
SUKRUHAN;17;8.2.1962;4;13
BINYAMEDIN;1;25.8.1963;1;0
BAHSALI;17;8.5.1952;17;0
RUHSURA;1;8.5.1966;0;1
SALPER;8;29.7.1985;7;1
EMETIN;4;12.7.1961;1;3
HAYRANSA;47;18.11.1950;0;47
RUSINE;1;21.1.1925;0;1
SEMAGA;1;1.4.1970;0;1
HOCCET;16;19.1.1971;15;1
ADEMCAN;4;13.10.1970;4;0
NEZIRIN;5;12.11.1960;0;5
NIYAMIL;1;23.11.1947;1;0
ESNE;1;6.9.1965;0;1
LEILI;2;5.6.1965;0;2
NASIBAT;1;22.10.1973;0;1
TANSEV;27;26.6.1970;8;19
MAYTABE;2;15.12.1954;0;2
ESAME;11;1.4.1971;6;5
SUDNIYE;1;7.8.1922;0;1
MAZIR;3;16.1.1966;1;2
ENSA;3;29.11.1985;0;3
MUCCESEM;1;22.5.1959;0;1
CUMAFI;1;2.8.1951;1;0
KEBUREN;1;22.2.1961;0;1
NEHEM;5;1.2.1959;0;5
YURTGULER;1;8.2.1964;0;1
ABIDA;7;4.8.1959;0;7
NECIMITTIN;6;17.2.1956;6;0
MAVIZ;2;1.4.1986;2;0
ICEL;9;21.5.1970;5;4
KATMERGUL;1;23.12.1964;0;1
SEZEREN;1;22.9.1962;0;1
NURIZAN;21;30.7.1950;0;21
OZDENER;15;30.11.1969;14;1
GUVENGEZ;48;28.1.1962;42;6
ZURI;10;5.11.1957;4;6
ESFARIYE;3;23.10.1960;0;3
SENEP;1;10.1.1975;0;1
HUZIME;18;7.7.1957;0;18
NESDIKE;1;23.7.1949;0;1
HANUS;36;3.4.1965;1;35
ISMAHANGUL;3;29.7.1979;0;3
ICARE;2;7.9.1964;0;2
MELAHIM;14;23.12.1979;14;0
AKISET;60;23.2.1973;0;60
TOPE;41;24.6.1960;0;41
MINIKE;1;22.3.1948;0;1
HURUSEN;18;28.5.1968;0;18
PERSER;1;27.2.1974;0;1
MEMETULLAH;4;23.8.1985;4;0
GOKUS;16;19.7.1960;4;12
BILIM;29;4.6.1975;14;15
BORCAN;1;22.2.1977;0;1
BEYHUDE;11;8.12.1956;0;11
FULDAN;25;27.11.1970;0;25
MENFIYA;12;21.1.1973;0;12
SUREHAN;4;4.10.1964;0;4
BAGSE;1;12.8.1935;0;1
TURGUYA;1;28.4.1958;0;1
EZIZ;19;15.2.1961;9;10
MEVANUR;1;15.2.1992;0;1
TIPIYE;1;20.11.1970;0;1
SEGBETULLAH;13;1.7.1974;13;0
ABDULNEDIM;1;23.9.1968;1;0
GULLUESER;1;2.2.1951;0;1
RUHMETULLA;1;21.2.1962;1;0
ILMAY;6;14.2.1963;3;3
ALLAHVEREN;10;1.8.1949;10;0
KARBEYAZ;16;14.11.1964;0;16
ABDIYE;4;24.9.1963;0;4
ZULBER;2;20.9.1958;1;1
RAYIDE;13;1.9.1968;0;13
BUNGUL;6;21.4.1955;0;6
FIDAAT;4;21.4.1960;0;4
M.SAHIT;1;2.2.1957;1;0
ILKDAL;3;3.12.1966;2;1
HADZER;2;3.3.1957;0;2
DIBAH;1;18.6.1976;0;1
PIRNUR;19;1.10.1969;1;18
ZARAC;1;17.7.1983;0;1
NHACIYE;1;22.3.1961;0;1
GOKNUL;1;17.2.1960;0;1
HABIPSEN;1;26.6.1960;1;0
GULTAMAM;33;20.7.1965;0;33
ZEHREGUL;7;9.12.1958;0;7
DILYAN;1;7.8.1934;0;1
IKRAR;10;12.9.1972;8;2
KIZBEST;7;26.1.1951;0;7
HORIZAN;1;9.4.1975;0;1
SUKUNAZ;1;16.11.1958;0;1
PENAH;24;10.5.1962;24;0
MIRADIYE;22;30.9.1954;0;22
IMZIYE;7;18.4.1949;0;7
SAFFETBEK;1;27.8.1956;1;0
MUKTEREMEN;1;26.7.1966;0;1
AYTANGUL;1;17.2.1954;0;1
LILFER;21;16.2.1964;0;21
ZULFELI;14;25.9.1959;14;0
SUTAY;14;5.12.1967;10;4
YUSUFI;11;5.12.1965;11;0
NURISTAN;32;18.6.1961;0;32
GULSINAM;34;2.3.1965;0;34
BASIYA;4;25.9.1972;0;4
SENALP;10;8.5.1965;6;4
VARDAR;10;15.8.1960;9;1
ALIYASA;3;22.8.1949;3;0
LEHEP;1;3.6.1949;1;0
VIORICA;63;8.11.1974;0;63
NIMEN;4;8.10.1966;1;3
AYKAC;10;4.3.1965;4;6
GULEVIN;15;21.5.1978;0;15
MIRZELI;3;12.9.1950;3;0
GOCMEN;14;14.2.1972;7;7
ZEBECET;1;22.8.1955;0;1
IRBABA;7;30.10.1953;0;7
CEYHA;9;11.4.1960;0;9
TISIRA;1;18.9.1952;0;1
FERAMERZ;9;13.11.1972;9;0
SERPER;37;16.1.1966;19;18
BEYNAN;8;7.9.1972;2;6
ALIP;6;22.3.1960;6;0
EMINANIM;2;11.8.1974;0;2
BUREYRE;1;15.3.1988;0;1
TAHRIYE;16;12.3.1960;0;16
HAYATUN;1;1.10.1955;0;1
SEBEL;12;16.12.1973;0;12
MERSUDE;17;24.6.1965;0;17
SURAHBIL;2;7.6.1972;2;0
FAZLU;2;14.5.1975;2;0
NEDAT;51;11.1.1969;45;6
MUKBIR;4;25.10.1960;4;0
EMZADIYE;19;24.8.1954;0;19
SEYIZ;1;16.8.1961;1;0
SIDIKAN;1;2.8.1981;0;1
CEMALFER;19;17.12.1958;0;19
SUNUYA;1;27.3.1980;0;1
ZEKINIYE;1;1.3.1959;0;1
HORTO;1;27.2.1962;1;0
YUZMIYE;2;9.1.1941;0;2
CEVHIR;4;6.5.1956;0;4
NURIFIYE;1;5.11.1962;0;1
DEMIRYASAR;2;28.6.1955;2;0
ENVERYA;1;22.5.1971;0;1
NECBIRE;4;6.9.1989;0;4
NECRIFE;24;15.5.1967;0;24
UMUMGULSUM;9;28.5.1972;0;9
VEZNE;61;12.11.1962;0;61
BIRIKE;1;6.9.1950;0;1
TEFERIK;3;20.8.1958;0;3
MELKA;6;12.6.1956;0;6
ZETHONE;1;27.8.1944;0;1
FEDER;4;22.2.1969;3;1
TEHE;6;17.3.1957;0;6
CANKER;21;11.11.1971;21;0
SUZMEN;3;10.11.1953;0;3
FENIAZ;2;17.9.1959;0;2
SUCETTIN;77;4.11.1968;77;0
FERFURU;2;27.12.1950;0;2
HIMADETTIN;1;20.6.1969;1;0
HUNNAZ;1;29.7.1970;0;1
IKABET;2;24.11.1969;0;2
INCISAR;13;17.6.1954;0;13
DERVAN;3;18.11.1979;1;2
MELIKSER;4;23.4.1976;0;4
ILBIR;1;29.4.1980;0;1
BESTEM;18;15.2.1985;0;18
UNNUR;1;8.9.1966;0;1
SAHBEL;7;26.10.1962;0;7
NURPIL;4;16.5.1971;0;4
TUGGAN;9;22.2.1978;8;1
NURGUZER;2;20.3.1968;0;2
EMIRGAN;11;21.12.1967;2;9
ZERKUS;1;9.9.1969;0;1
AYSEISIDIKA;1;11.1.1961;0;1
MESKULIYE;2;28.3.1979;0;2
VENUS;78;12.7.1973;4;74
GURCUNAZ;12;2.10.1955;0;12
TURLEN;1;18.3.1966;0;1
DJEMILE;1;24.10.1966;0;1
ERTURGUL;5;25.3.1975;5;0
TALLAT;1;9.2.1958;1;0
BILECAN;4;29.9.1980;0;4
UBEYIDULLAH;1;6.2.1957;1;0
GUMULCAN;6;20.5.1953;0;6
GULUMZER;25;18.9.1960;0;25
SIRINAS;1;12.6.1982;0;1
PORSUK;1;2.8.1927;0;1
MUSELIYE;1;9.4.1956;0;1
NURSINEM;10;7.10.1987;0;10
BEYHE;4;15.10.1960;0;4
TAZEBEY;107;4.5.1961;107;0
KAMZELI;1;21.5.1953;1;0
TAMARIYE;27;17.4.1959;0;27
BUNEFS;9;22.1.1957;0;9
MUAS;21;14.10.1977;21;0
NAKIBAT;1;22.2.1955;0;1
ABULFETTAH;1;17.8.1930;1;0
MUHAYYER;11;8.4.1964;1;10
YABAN;6;5.4.1978;5;1
GULDIKEN;20;18.5.1967;1;19
MESELIYE;1;9.4.1956;0;1
NUKI;5;2.12.1944;0;5
ABDULSSEMET;3;11.1.1968;3;0
ZIYADALI;2;3.11.1972;2;0
ABBASKULU;9;1.12.1949;9;0
VAYETTIN;5;18.8.1970;5;0
KIZBEZ;7;21.7.1673;0;7
LEMINAR;1;23.6.1953;0;1
GULSEVAT;2;28.8.1932;0;2
KACMAZ;4;3.7.1959;4;0
SERAIL;7;19.10.1964;2;5
HANEFE;15;6.10.1960;0;15
HAKSIYE;1;15.2.1937;0;1
HEYETTIN;1;12.8.1935;1;0
GARIPSAN;5;13.9.1977;0;5
AGUZAR;1;6.6.1956;0;1
RAFIATA;4;27.11.1958;0;4
MUSIRKIYE;1;24.6.1948;0;1
MUSDAT;21;3.4.1967;19;2
ZULEYNUR;2;25.1.1982;0;2
HATICETIL;5;26.2.1974;0;5
ZUBET;29;13.9.1958;27;2
AYNAS;7;17.5.1974;0;7
MAAZZEZ;11;18.11.1964;0;11
KUTPETTIN;1;2.9.1954;1;0
DALIYE;5;1.3.1964;0;5
TUNIL;8;15.12.1973;0;8
SIYAHPUS;2;25.11.1935;2;0
MECLUM;7;28.10.1970;2;5
BUNYABI;2;14.11.1963;2;0
M.HALIS;6;27.12.1953;6;0
IMARETTIN;18;21.9.1964;18;0
SELVERI;9;3.12.1943;4;5
AYNZELIHA;230;6.8.1972;0;230
SINSAF;4;28.6.1950;0;4
HIRDI;3;11.2.1926;0;3
NESEYE;1;13.9.1985;0;1
NAMIYET;6;16.2.1960;0;6
MERSEDES;3;23.3.1962;0;3
SAYLE;14;23.4.1971;0;14
NINIFE;1;1.2.1950;0;1
BENEKSE;11;7.10.1950;0;11
NAHIYETTIN;12;20.5.1961;12;0
SEVES;4;20.5.1981;4;0
NURETEN;3;26.8.1969;0;3
DINAYET;30;4.8.1973;7;23
HANCAN;7;24.11.1972;6;1
FAHMEDDIN;1;1.10.1961;1;0
SAHADDIN;56;30.2.1961;56;0
GEYBETULLAH;4;30.3.1980;4;0
SEFFET;13;30.6.1958;8;5
TENZERE;1;27.11.1968;0;1
SULAHEDDIN;1;13.8.1954;1;0
VADATI;1;7.2.1964;1;0
SEVKIYETTIN;1;22.8.1937;1;0
MUHABETTIN;4;6.11.1974;4;0
SEDVA;1;17.10.1990;0;1
FAIMET;3;23.9.1955;0;3
EDBIYE;1;22.3.1943;0;1
SEYITAGA;4;17.9.1962;4;0
BIBIHALIME;1;29.4.1986;0;1
PERVIM;35;29.9.1974;0;35
ISMILHAYAT;1;3.3.1963;0;1
VADHAN;3;4.11.1959;0;3
RAFII;2;4.10.1960;2;0
SEVTENE;1;15.6.1953;0;1
ZULFUT;1;6.1.1975;1;0
AYNUUR;1;4.10.1980;0;1
TEKRIFAT;2;24.6.1981;0;2
BEDAHET;13;22.9.1947;1;12
HIKIMET;12;24.4.1969;9;3
SUHRA;7;22.8.1976;0;7
SABEHAT;6;9.8.1963;0;6
NASHAT;1;3.4.1951;0;1
SUNUSU;1;11.1.1947;1;0
ZUER;2;1.5.1965;2;0
SINAPERI;1;2.3.1975;0;1
MEGULE;1;7.10.1940;0;1
MUTIH;9;27.8.1971;9;0
ELBIZ;2;25.8.1967;1;1
NECLAY;8;22.4.1959;0;8
SAFIYEDDIN;8;28.3.1976;8;0
MULHIYE;6;20.11.1954;0;6
LUTUFYE;1;11.4.1964;0;1
SIRELGUN;1;1.8.1964;0;1
NURIZER;10;18.11.1954;0;10
KEBURE;2;7.8.1928;0;2
NESIAT;5;7.3.1966;0;5
TACIA;3;18.3.1966;0;3
NURDANSES;1;16.9.1985;0;1
KABILIYET;1;21.4.1966;0;1
NARINCAN;6;24.1.1963;0;6
ALFUR;1;2.3.1957;0;1
POLATSOY;1;5.1.1980;1;0
BEHTIYAR;2;10.10.1950;1;1
SADARETTIN;6;12.10.1966;6;0
HASNUR;5;15.10.1979;0;5
FERIHNAZ;5;11.4.1957;0;5
ABDULSAKIR;14;8.9.1977;14;0
HEREMSAH;5;29.1.1976;0;5
NECAVAT;7;2.8.1962;0;7
ELAMETTIN;6;28.9.1970;6;0
KARIPHAN;3;16.6.1942;3;0
VEYISI;10;20.5.1970;10;0
SUNTAC;1;12.2.1977;0;1
HUDIYDA;4;14.10.1957;4;0
SOHEYDA;4;3.11.1964;0;4
FETHAN;68;24.7.1962;44;24
UMULHAYIR;4;16.3.1967;0;4
CILAN;7;13.7.1963;1;6
MERIFET;5;11.12.1957;0;5
GULCER;26;21.2.1963;1;25
EHLICAN;2;30.9.1968;1;1
TEKMIYE;2;21.2.1962;0;2
NERAYI;1;3.5.1942;0;1
EZNIF;1;12.2.1965;0;1
M.MASUK;6;5.7.1964;6;0
SIMKO;4;15.3.1949;4;0
MIRCIYE;1;1.7.1966;0;1
SULEYIMAN;5;6.3.1943;5;0
CELETTIN;7;11.2.1961;7;0
AYISAN;15;14.7.1946;0;15
KIYETTIN;1;2.2.1957;1;0
EYVEZ;20;28.12.1958;20;0
MUSAMMETTIN;2;9.3.1958;2;0
HIFTAN;12;9.11.1942;0;12
ECAHIT;1;15.5.1970;1;0
FEHRISAN;2;18.5.1953;0;2
RESIMDE;2;22.4.1955;0;2
SEBHADIN;1;23.1.1967;1;0
HUDBETTIN;9;20.5.1970;9;0
SENHA;17;20.10.1973;0;17
SEBAGATULLAH;1;6.8.1979;1;0
ABDULGEYLANI;2;2.9.1969;2;0
HASRI;11;3.4.1947;0;11
MASSALLAH;8;10.5.1959;7;1
ILMUDDIN;4;27.5.1962;4;0
ABDULMANEV;1;26.5.1965;1;0
SAMYETE;2;7.5.1976;0;2
MIKRIMAN;3;19.6.1980;0;3
BEYLEM;19;12.11.1981;1;18
CULVENT;1;7.2.1982;0;1
SEGBATULLAH;1;11.6.1975;1;0
ASIFET;2;5.6.1970;0;2
GHIULNARE;1;21.8.1978;0;1
BILUN;82;23.1.1979;0;82
SAVDET;6;22.5.1971;0;6
SARICANDER;1;20.6.1940;1;0
AKUBET;6;13.11.1971;0;6
HUMEYZA;1;7.11.1982;0;1
SEVTER;8;29.2.1987;8;0
YUDA;79;27.11.1947;77;2
UMYUN;1;17.4.1972;1;0
NURESIN;1;10.11.1983;0;1
SUHULA;11;27.2.1952;0;11
SUVEL;14;24.7.1975;3;11
ZULALETTIN;3;18.1.1955;3;0
MESUK;18;6.1.1972;18;0
KIREMEDDIN;1;3.6.1969;1;0
SAGBATULLAH;5;30.1.1985;5;0
KISMETTIN;1;26.5.1966;1;0
GAYRETULLAH;1;16.2.1968;1;0
MAHTUM;3;25.12.1975;3;0
MAHBUS;6;3.5.1977;4;2
AREP;12;16.5.1955;7;5
MUHBEDDIN;14;2.6.1977;14;0
HABUBE;11;22.11.1966;0;11
SULBI;7;6.9.1951;2;5
UZLIFE;10;18.2.1971;0;10
ZEBIRE;11;1.9.1973;0;11
ESMAYI;2;19.9.1962;0;2
HARIPNAZ;1;27.6.1965;0;1
NECRIYE;23;20.1.1969;0;23
MEHPERI;7;11.11.1976;0;7
RAIYHA;1;12.8.1923;0;1
BAYIZE;6;14.10.1628;0;6
HAZUL;1;7.8.1928;0;1
BERINAZ;34;15.3.1971;0;34
SAHRET;11;17.8.1964;1;10
CARIDE;3;25.11.1961;0;3
BEHREMSAH;1;21.2.1964;1;0
VAZFIYE;12;15.12.1965;0;12
ZIRIYE;7;27.6.1956;0;7
MAGFURET;3;4.9.1955;0;3
NIRVET;2;25.11.1946;0;2
MURZE;17;16.4.1962;17;0
GULBIR;42;27.6.1963;0;42
KUTNI;3;14.4.1945;0;3
BIYALI;1;14.7.1944;1;0
MUSLIMAN;6;28.6.1962;0;6
NAHZULLAH;1;16.4.1964;1;0
UNUFE;1;27.3.1967;0;1
ZIRIBINTI;1;27.12.1930;0;1
GULABETTIN;3;18.4.1974;2;1
MUHIN;5;8.9.1959;4;1
ZUZAM;1;6.3.1954;0;1
ELIGUL;20;5.4.1951;1;19
MEYSEREM;2;16.4.1973;1;1
MAGSUT;8;14.12.1970;8;0
MAGLE;1;22.3.1979;0;1
MUDELIF;1;2.2.1967;1;0
AGBEGI;3;18.4.1967;0;3
SUHEYDE;10;10.3.1975;0;10
SAVFENUR;1;27.7.1961;0;1
SAKIRYE;2;28.5.1964;0;2
FAZEN;1;2.2.1958;0;1
DAVAZ;11;16.7.1957;11;0
FEYLEZUR;5;29.12.1979;5;0
SEFTER;48;19.6.1971;47;1
MITLIK;8;24.7.1973;7;1
RIBA;8;10.5.1973;0;8
MASIK;2;28.10.1975;2;0
NESFIYE;8;10.2.1963;0;8
NAMEDIN;1;11.9.1986;1;0
ASIYENUR;9;19.9.1981;0;9
HAYBATULLAH;2;24.4.1974;2;0
SERECATIN;1;16.4.1973;1;0
RIBABSAH;18;14.10.1965;0;18
TIRMA;1;22.12.1973;0;1
IBRIZET;3;29.6.1962;0;3
CEKAN;20;18.2.1986;20;0
SAREZA;1;20.11.1988;1;0
FEDIL;24;20.6.1972;22;2
DUNYAZADE;2;24.8.1969;0;2
KIRAMEDDIN;1;8.1.1964;1;0
PERIA;5;28.3.1948;0;5
SEBHATTIN;22;24.4.1975;22;0
SAYILI;2;9.10.1942;0;2
HATUNZER;1;23.4.1965;0;1
TASTIKE;2;22.11.1977;0;2
TUSUN;3;17.2.1945;1;2
FECIRIYE;24;22.10.1968;0;24
KARIPNAZ;3;22.5.1955;0;3
HEREMO;1;22.3.1940;0;1
SINELIF;1;1.5.1991;0;1
NASFIYE;12;9.9.1958;0;12
MADIHSAH;1;10.5.1979;0;1
ZEVCETTIN;2;26.10.1963;2;0
MUSEYET;1;17.8.1924;0;1
HATICAN;4;30.5.1970;0;4
SAVUCU;4;4.7.1959;4;0
MUHTEBE;1;19.6.1966;0;1
HAMPERI;15;23.11.1958;0;15
MAKFURET;1;21.5.1987;0;1
HALUYE;1;11.2.1957;0;1
TASMA;3;21.9.1947;0;3
EKRICE;7;10.8.1975;0;7
HEREMSIYA;21;4.3.1972;0;21
FATHATTIN;3;26.5.1961;3;0
HAYNISER;2;5.3.1966;0;2
SIY;3;18.12.1956;3;0
RIDAYET;2;7.2.1964;0;2
HAMIYYE;3;30.1.1956;0;3
CANSEVIN;1;1.10.1990;0;1
HAREMSIYA;7;16.1.1975;0;7
MAPERI;6;25.11.1973;0;6
ZERINAZ;17;4.10.1967;0;17
MUSERIF;6;13.11.1974;3;3
DAGCAN;12;9.7.1983;10;2
GERCI;1;6.6.1950;0;1
UBUDULLAH;2;14.10.1957;2;0
MUHRICE;4;30.2.1976;0;4
ECEBETTIN;1;7.6.1969;1;0
EBADIN;2;6.1.1975;1;1
MESVA;2;28.1.1986;0;2
AHIT;12;15.3.1967;10;2
AZAMEDIN;1;10.2.1958;1;0
YAFER;14;24.9.1970;12;2
FEYFURU;4;2.9.1958;0;4
MULFE;1;16.7.1965;0;1
SALDAT;1;17.2.1972;0;1
NEZVER;22;24.2.1965;1;21
KOZI;4;17.7.1942;0;4
MUKRUMAN;4;25.11.1972;0;4
USTUFE;1;3.4.1973;0;1
MISRIYA;1;21.3.1956;0;1
REFIS;6;23.10.1947;2;4
KUDUSI;23;23.10.1963;23;0
CIRO;2;7.5.1934;1;1
SENATTIN;12;15.7.1971;12;0
ZURYETE;1;6.5.1951;0;1
MUJDEBA;6;25.1.1965;6;0
FETHATTIN;13;16.4.1968;13;0
AYIME;7;25.9.1967;0;7
ZECREDDIN;1;16.3.1965;1;0
LESVAN;1;22.8.1979;0;1
GULUNC;4;8.10.1969;0;4
HATU;6;12.9.1927;1;5
YERSU;10;19.6.1972;1;9
ALPAT;4;5.12.1977;4;0
ASRETTIN;3;7.10.1969;3;0
MUNEVRE;1;17.7.1972;0;1
YUZDEM;13;15.11.1982;0;13
TIBER;13;15.3.1977;10;3
SIRISTAN;1;14.8.1976;0;1
SALHATE;1;17.2.1961;0;1
GULDESTAN;39;5.12.1962;0;39
NEDRIFE;4;30.3.1971;0;4
NIHAVET;1;1.2.1964;0;1
UCRET;7;26.2.1967;5;2
SELVAT;5;13.4.1959;3;2
VECIHETTIN;6;9.5.1965;6;0
BEREAAT;1;21.6.1975;0;1
SAZIM;26;1.4.1961;26;0
DEVAZ;8;9.5.1961;8;0
AYBARSHAN;5;25.5.1984;5;0
RISALETTIN;25;11.4.1966;25;0
MACUZE;1;8.8.1946;0;1
SURGUN;13;1.3.1964;11;2
VEYSULLAH;18;11.6.1967;18;0
HUSNUPERI;3;1.8.1966;0;3
ZEMANEDDIN;1;12.3.1965;1;0
BEDLEYN;1;13.1.1953;0;1
ESREFIYE;11;10.11.1956;0;11
GULMAL;15;26.5.1973;0;15
SAMIRAR;1;26.1.1970;0;1
ABEYDULLAH;8;2.8.1957;8;0
ABDULHAYDAR;6;15.9.1950;6;0
HERDAR;1;21.8.1954;0;1
YASLAN;5;5.4.1970;2;3
ECIBE;6;17.3.1961;0;6
ZEMYE;1;3.4.1973;0;1
IKSEL;7;3.4.1974;0;7
BEHVAD;1;22.2.1949;1;0
HISYAR;37;19.10.1976;37;0
HUSAMETETIN;1;12.8.1971;1;0
FERMETE;1;16.9.1956;0;1
BELGA;9;29.11.1978;0;9
MEVKIRE;7;15.5.1960;0;7
CORU;2;8.9.1939;2;0
UMRANI;2;6.3.1973;0;2
CEBIBE;7;12.5.1960;0;7
MELKIZE;1;4.11.1946;0;1
PADISAH;3;12.9.1977;3;0
GURCINAZ;31;22.7.1958;0;31
VECEDIN;13;13.11.1968;13;0
SIRYE;5;30.5.1962;0;5
HIMSI;8;2.10.1945;0;8
NIDE;26;3.2.1961;0;26
BEYIC;15;22.1.1965;14;1
FUREYSET;1;11.4.1974;0;1
NEZMETE;8;6.1.1974;0;8
MARIFA;4;30.11.1963;0;4
DESIM;4;21.11.1969;2;2
LIVAY;1;13.6.1971;0;1
FEYSI;6;28.10.1973;6;0
ERVAK;1;11.9.1951;0;1
SUHUBET;5;19.5.1964;0;5
SEMEVAT;1;14.1.1956;1;0
EMEDIN;1;26.8.1972;1;0
RADISE;5;17.8.1975;0;5
MUVECCET;4;3.8.1948;0;4
YALIZ;2;20.10.1980;1;1
NURSEM;16;30.3.1973;0;16
DEHMED;1;7.2.1984;0;1
HERIYE;10;13.12.1958;0;10
SIYAVUS;7;14.7.1962;7;0
ILVI;4;11.10.1964;3;1
ATIZER;1;3.10.1974;0;1
GUNBIKE;2;25.6.1982;0;2
FIRINAZ;17;11.7.1963;0;17
SENYA;6;9.3.1974;1;5
TOBA;23;14.4.1953;0;23
MEGSUTHANE;1;23.4.1973;0;1
SEMZERIN;2;30.8.1965;0;2
NUSICAN;3;20.9.1982;0;3
NEBRULLAH;1;7.2.1971;1;0
KEDIFE;6;20.10.1957;0;6
NARDANA;1;27.2.1962;0;1
SEMSUSANE;1;18.11.1965;0;1
HAYRINAZ;79;30.7.1962;0;79
RADIH;1;12.2.1941;1;0
URANIYE;4;17.12.1958;0;4
UZRIFE;1;17.2.1960;0;1
KIZE;10;6.4.1949;0;10
KULIH;1;22.2.1961;0;1
ANER;8;14.6.1973;6;2
FIZEN;7;1.4.1976;0;7
MUHABBEDDIN;1;21.3.1970;1;0
SUFLA;7;1.8.1965;0;7
SERKINAZ;4;30.10.1977;0;4
FAYINSER;2;19.12.1971;0;2
GULAYIN;3;1.7.1968;0;3
SERIZATE;1;21.9.1988;0;1
BIRIZAN;1;27.2.1944;0;1
CERHIYE;1;4.6.1975;0;1
AYMEZ;4;23.1.1981;0;4
SATINE;10;22.7.1965;0;10
HIKMEDIN;7;7.5.1968;7;0
SEKIRNAS;7;22.4.1967;0;7
VARGIN;25;10.6.1977;25;0
BARYETTIN;1;3.2.1954;1;0
AMARETTIN;3;6.10.1966;3;0
ALEYTE;1;22.2.1967;0;1
IZCAN;7;26.3.1967;3;4
NUSIREVAN;4;16.2.1971;4;0
PURUZHAN;11;30.3.1954;0;11
EYNELHAYAT;4;19.8.1947;0;4
SEGBAN;1;16.5.1931;1;0
FIRKIYET;1;27.6.1968;0;1
M.BAKIR;4;22.7.1971;4;0
GULAVAZ;1;25.3.1937;0;1
GULCIGDEM;6;3.2.1983;0;6
SELAHO;1;7.8.1916;0;1
BEYNIYE;4;25.11.1956;0;4
NAIMETE;1;11.10.1956;0;1
M.HAYRI;14;12.8.1949;14;0
BIZARO;1;12.8.1923;0;1
BENGUSULE;1;17.2.1984;0;1
BERKIZE;4;6.8.1959;0;4
SAYANDAG;1;7.4.1949;1;0
NOKI;4;25.11.1945;0;4
IDHAM;2;14.12.1964;2;0
GULHABIN;15;22.6.1974;0;15
GULSENNUR;4;28.8.1983;0;4
VELET;8;15.6.1952;8;0
SAFIYEDIN;1;2.3.1963;1;0
ATECAN;1;18.5.1974;0;1
YETIN;3;3.7.1967;3;0
ABDULAFI;3;8.7.1963;3;0
HESAMETTIN;3;3.3.1960;3;0
MATISAH;2;26.3.1966;0;2
FETHADIN;2;16.1.1970;2;0
SEKNAZ;8;18.9.1973;0;8
M.ZEMIN;4;11.5.1960;4;0
MUZBAHATTIN;13;30.4.1973;13;0
GULRIBAN;1;24.4.1955;0;1
MUSECCER;2;13.8.1980;0;2
GULHACER;8;15.9.1979;0;8
HAMIDYE;7;13.8.1975;0;7
MERAKI;8;6.7.1959;1;7
NEZLIFE;8;9.3.1957;0;8
KAMERYA;10;23.9.1967;0;10
MUHBEDIN;4;1.1.1982;4;0
BEHIZAT;1;6.11.1937;1;0
SURKUN;1;22.8.1937;1;0
MERAKZEMIN;20;22.9.1971;0;20
RIFYATA;1;29.7.1980;0;1
FETAYIL;1;11.12.1981;1;0
TAYRI;5;23.10.1950;0;5
ZHANAR;4;28.2.1978;0;4
SITHAN;2;28.9.1935;0;2
KORKO;1;17.8.1924;0;1
SERIZADE;7;14.12.1969;0;7
MUSIK;7;15.1.1950;6;1
ZIMIRHAN;1;24.8.1967;0;1
BEVAT;2;28.8.1963;2;0
YELDEM;7;19.4.1981;0;7
MUSHABEDIN;1;5.10.1963;1;0
SURENC;1;2.5.1981;0;1
HERAMPERI;1;16.3.1971;0;1
CUHO;2;15.4.1951;1;1
MISLIHA;6;30.4.1981;3;3
FIRYAZO;1;12.8.1917;0;1
BEDEVNAZ;20;13.2.1973;0;20
SALHATA;4;9.6.1957;0;4
NEZRULLAH;1;14.7.1980;1;0
IPEKNAZ;12;13.12.1972;0;12
KADRINAZ;3;27.3.1963;0;3
SERBINAZ;21;17.5.1969;0;21
MINYASER;1;2.7.1963;1;0
TAHFIYE;4;18.1.1966;0;4
FAILET;6;22.10.1971;0;6
MISHAT;2;17.3.1969;2;0
MESRUYE;5;16.2.1977;0;5
SAYTAN;1;22.4.1984;0;1
RATICE;1;22.2.1979;0;1
MIVHER;1;19.5.1966;0;1
MUNIHAN;2;7.9.1956;0;2
VAFETTIN;1;29.9.1981;1;0
FARZI;17;20.4.1954;4;13
LALAHAN;6;7.12.1952;0;6
BEHCED;6;16.6.1969;6;0
MAZULLAH;1;2.3.1957;1;0
MEHFIZE;3;6.1.1966;0;3
HURYAZ;1;24.4.1931;0;1
KASRIYE;5;7.8.1953;0;5
HILINAZ;2;26.3.1974;0;2
BULAKSAN;1;11.6.1970;0;1
MUHSIM;7;8.12.1972;7;0
SEVGULE;14;15.5.1956;0;14
TEKNAS;6;21.6.1975;0;6
GULPERISAN;1;12.5.1959;0;1
VASFIYEDDIN;1;19.2.1967;1;0
ZIFI;2;1.1.1953;0;2
M.NESIH;3;9.11.1965;3;0
KIYBET;1;22.9.1985;0;1
KISMETULLAH;1;26.8.1966;1;0
TATER;3;6.9.1956;3;0
NAHIP;6;15.4.1959;6;0
SIRAZDIN;26;11.2.1971;26;0
ZIRKIYE;2;12.1.1959;0;2
YUZTEKIN;1;2.2.1981;1;0
ESKIME;6;24.1.1959;0;6
FETTEH;8;9.12.1971;8;0
MAHFURET;1;30.6.1962;0;1
ASRIYA;8;9.4.1969;0;8
ZIRINAZ;5;15.12.1970;0;5
HABRI;7;10.4.1938;0;7
FESFIYE;2;12.3.1978;0;2
KESKIYE;36;4.10.1970;0;36
SAIFETTIN;1;16.6.1975;1;0
CEDUH;8;13.1.1954;8;0
FESIYE;6;19.5.1969;0;6
MUZBET;28;12.8.1969;0;28
YILDEM;2;3.10.1982;0;2
FENERIYE;7;1.11.1963;0;7
USUF;2;25.8.1967;2;0
BIRYE;1;26.11.1990;0;1
VASFEDIN;3;4.6.1973;3;0
ZEMIRGAN;1;1.5.1974;1;0
SURRIYE;22;24.9.1960;1;21
RUHUZE;14;7.11.1968;0;14
SEHELNAZ;21;24.11.1976;0;21
BAFIYE;6;5.10.1944;0;6
RUSVET;7;24.10.1961;3;4
MALYETE;5;27.1.1963;0;5
FETHETTIN;11;27.12.1968;11;0
RECEM;2;12.7.1962;2;0
VATIHA;3;22.5.1966;0;3
SAHBEDULLAH;1;2.3.1984;1;0
ESMEPERI;9;23.2.1953;0;9
CUZIYE;2;24.12.1969;0;2
MEDETTULLAH;1;16.12.1980;1;0
FEYATI;5;21.3.1967;5;0
KEFHAS;1;17.5.1954;0;1
FEYAR;1;16.10.1986;1;0
MERZUMELEK;1;29.6.1962;0;1
KUMRISAH;3;25.1.1968;0;3
RAFETULLAH;8;1.9.1976;8;0
HUYLA;8;17.4.1984;0;8
HIMSE;1;26.3.1954;0;1
KESBER;3;20.2.1976;2;1
MUSBAHETTIN;2;2.1.1953;2;0
FENERNAZ;1;16.3.1982;0;1
BEVASIN;1;9.5.1970;0;1
SOYLEN;9;27.10.1972;0;9
ERTEK;8;5.2.1970;8;0
AKRIME;14;24.9.1965;0;14
REKYETE;4;1.11.1964;0;4
SIYAMIN;15;18.2.1967;13;2
KOLIHAN;2;17.5.1958;2;0
SUAKAR;1;6.5.1974;0;1
CIBRIK;5;24.9.1953;5;0
CENDI;1;2.3.1951;1;0
HIFTI;2;13.5.1937;0;2
SULAFE;5;1.5.1946;0;5
IMADIN;7;24.6.1972;7;0
MUETTIN;2;17.11.1964;2;0
BERKISA;3;23.12.1952;0;3
NAFIZA;20;9.6.1950;0;20
VANGUL;16;23.10.1978;0;16
PURYAZ;2;18.12.1961;0;2
MEBRUME;3;12.9.1955;0;3
EFESIYA;2;3.3.1978;0;2
M.IZZET;1;17.10.1960;1;0
PERIYAZ;2;8.4.1952;0;2
NACLIYA;1;27.6.1966;0;1
HELEMSIYAH;1;21.9.1972;0;1
SANSIYE;20;2.5.1972;0;20
MILYA;13;22.9.1970;0;13
NURNEDAL;1;6.4.1975;0;1
MEREKYE;1;12.2.1977;0;1
SANADIN;3;8.3.1963;3;0
MENIFIYE;1;27.2.1968;0;1
HASNAPERI;1;27.1.1956;0;1
LABIA;1;12.4.1988;0;1
SUCAHHATTIN;1;27.2.1956;1;0
HEMMI;6;18.10.1946;3;3
TAKIYEDIN;2;13.7.1968;2;0
HALVET;10;1.11.1967;1;9
ERTIM;3;4.7.1978;3;0
HIVIYE;9;28.8.1976;0;9
SEBHETULLAH;7;30.10.1977;7;0
SUYLER;3;28.1.1950;0;3
HEKIMO;2;1.1.1957;2;0
AYME;5;22.7.1966;0;5
FERZINAZ;4;14.4.1952;0;4
KERIBAR;22;26.3.1964;0;22
SAVAT;23;28.10.1964;13;10
MELIYAN;2;29.8.1982;1;1
SERHADIN;1;13.12.1963;1;0
NUSEMIN;1;20.7.1984;0;1
SUMET;2;24.3.1974;1;1
HENIM;3;29.12.1966;0;3
EMREDIN;6;16.6.1976;6;0
AYICE;1;3.8.1975;0;1
ZABIDIN;3;5.9.1963;3;0
A.HAKIM;7;12.2.1956;7;0
BETIFE;1;23.5.1947;0;1
HIRINAN;1;6.11.1968;0;1
REVHIYA;1;28.3.1968;0;1
GULAYSAN;1;26.6.1948;0;1
BELGINAR;6;11.9.1980;0;6
CICEKNAZ;3;9.5.1968;0;3
SIFAYA;1;13.6.1983;0;1
ZARKIYA;1;13.10.1978;0;1
FERSENDER;1;26.11.1972;1;0
KULFIYE;10;20.10.1956;0;10
GULSAYET;1;22.7.1973;0;1
MUSIBET;28;20.2.1978;1;27
HAFZEDE;1;24.2.1987;0;1
SEHET;3;18.1.1972;1;2
VASETULLAH;1;6.11.1978;1;0
HUDEYCE;17;22.1.1973;0;17
GURVI;1;7.2.1952;0;1
FENDISEMAL;23;15.3.1957;0;23
SARINAZ;16;20.7.1962;0;16
SEFIRA;9;26.1.1966;0;9
ZEMIZER;2;10.1.1972;0;2
SEYIDGUL;4;6.7.1965;4;0
RUSKAL;3;29.1.1967;0;3
HEREBISIYA;1;27.2.1974;0;1
ANAMULLAH;1;14.3.1966;1;0
NIKMET;5;13.8.1948;3;2
DELIBAS;14;2.11.1964;14;0
MUSBAHADDIN;2;7.5.1970;2;0
MAKEMET;1;21.8.1969;0;1
HEYFETULLAH;1;6.12.1967;1;0
HERDENA;1;12.5.1978;0;1
FINDISEMAL;13;17.7.1966;0;13
SALIGEN;1;18.2.1942;0;1
SEMKI;1;9.3.1934;0;1
ABDULGALIK;7;28.12.1972;7;0
FENU;1;7.12.1937;0;1
SIGO;5;8.6.1957;5;0
CEMEDE;3;20.10.1954;0;3
LIHATTIN;8;1.12.1958;8;0
GULDEREM;13;1.6.1978;0;13
MELIKNAZ;5;18.10.1964;0;5
INHAT;6;15.4.1969;0;6
YILLDIZ;1;6.9.1991;0;1
HACRETE;3;2.10.1970;0;3
ILENCE;1;17.8.1978;0;1
YAKSA;1;3.9.1983;0;1
HOSRO;5;12.5.1960;5;0
FEHILA;1;12.2.1971;0;1
ALEMETTIN;15;17.11.1965;15;0
ELSINE;32;13.7.1977;0;32
SOYLEME;4;14.5.1961;0;4
ZILFE;12;1.6.1960;0;12
SEMALPERI;4;16.2.1961;0;4
AZEDDIN;8;12.12.1972;8;0
MURARIYE;1;12.4.1953;0;1
RAINE;2;2.1.1966;0;2
MUSEHIL;10;7.1.1974;1;9
DUNYAGUZELI;6;7.2.1954;0;6
ALANEDDIM;1;22.2.1973;1;0
FUDAIL;5;23.5.1980;5;0
ABDULNEAF;1;21.6.1969;1;0
SEMSINIHAL;1;12.12.1975;0;1
SERDOGAN;13;10.4.1970;12;1
VAHFIYE;2;5.2.1956;0;2
FERRAHDIBAN;1;17.11.1978;0;1
RUBASE;19;26.12.1958;0;19
YAPAMAZ;1;7.5.1982;0;1
MUSBAHTTIN;1;2.2.1975;1;0
KERSIM;4;1.11.1955;1;3
EDBEDIN;1;24.2.1960;1;0
MAGRI;1;22.7.1961;0;1
SIMALPERI;1;12.8.1929;0;1
MUTTEZIN;1;7.2.1964;1;0
SAYDIYE;12;1.4.1957;0;12
HEMDEM;4;14.5.1959;1;3
TAMCUVAN;1;9.2.1964;0;1
SEKRA;82;7.11.1964;0;82
ECIVET;13;4.4.1973;13;0
MAHISER;29;21.1.1944;0;29
ASLIGAN;1;16.3.1982;0;1
CEZIRE;19;28.1.1963;0;19
ORFIDE;3;5.6.1981;0;3
SUHLE;10;26.4.1969;0;10
FAMIN;1;4.7.1969;0;1
HABEDDIN;2;10.4.1971;2;0
EHDIN;2;30.1.1956;2;0
AMIYE;11;24.12.1971;0;11
FAKURULLAH;5;19.7.1975;5;0
NORAYDA;1;29.6.1973;0;1
MITEZIM;2;17.5.1980;0;2
MUKAYUL;1;6.11.1974;1;0
ZECRETTIN;1;12.2.1965;1;0
MAKBURIYE;4;12.5.1961;0;4
AYDENUR;12;21.11.1968;0;12
CUDHEDDIN;1;12.6.1977;1;0
NEFIT;2;7.11.1970;1;1
NAHSIN;3;5.10.1978;3;0
ZIVO;6;4.7.1967;0;6
FUDAYL;18;29.12.1973;18;0
AKIZZET;2;5.8.1963;0;2
EREMSIYE;1;4.2.1957;0;1
RESLAN;95;19.8.1970;94;1
PURUSHAN;3;2.1.1957;0;3
DIRIH;20;1.8.1958;20;0
SEYIDULLAH;7;12.11.1968;7;0
ADILYE;9;3.2.1967;0;9
SENETTIN;1;3.3.1951;1;0
HOZI;5;19.4.1956;3;2
MELEKSIMEN;1;1.10.1984;0;1
YEKO;4;24.12.1945;4;0
HUZYETE;5;26.9.1954;0;5
HOKO;1;23.5.1971;1;0
MERHIME;4;21.1.1960;0;4
GULJIMER;1;13.8.1959;0;1
KINO;8;22.1.1941;2;6
CIDAYETTIN;2;29.10.1961;2;0
FERIZIMELEK;1;17.8.1924;0;1
ABDABEKIR;1;17.8.1924;1;0
GOLDENE;1;1.3.1971;0;1
MEHMETULLAH;13;4.2.1975;13;0
MURARI;2;18.11.1933;0;2
DURAFIYE;11;12.7.1961;0;11
GULFIYAT;14;12.6.1961;0;14
BELDI;1;12.8.1917;0;1
TARISOR;1;26.9.1954;0;1
HANIMSA;12;27.1.1973;0;12
DELO;10;12.7.1939;6;4
FECURE;1;17.8.1930;0;1
AMBERE;35;18.2.1963;0;35
MAHACET;1;3.7.1957;1;0
MEZHEP;1;28.8.1990;0;1
SIROP;7;16.6.1946;7;0
SISTEM;4;1.3.1978;0;4
KULAMIR;1;12.8.1935;1;0
MANICE;1;28.3.1973;0;1
NUSBAHATTIN;1;17.7.1990;1;0
PARSORI;1;4.7.1956;0;1
CUKAN;8;2.8.1953;8;0
YUZBINAZ;13;9.2.1979;0;13
CENBEL;1;9.6.1958;1;0
ACMAIN;1;14.8.1941;1;0
GULFEYIM;4;8.8.1977;0;4
MELEKMISAL;4;24.8.1958;0;4
MUSECEL;2;28.1.1967;0;2
RIVAYDE;2;4.11.1982;0;2
KANUNIYE;2;13.8.1977;0;2
GAMO;2;2.8.1933;1;1
AYETULLA;2;15.4.1973;2;0
HEZELAL;1;21.12.1930;0;1
KOSEM;4;13.12.1957;1;3
SUZEM;14;7.4.1975;0;14
DELELI;1;6.4.1966;0;1
LUSYEN;19;15.1.1964;1;18
DIRBO;3;12.7.1951;3;0
RIBAPSAH;7;6.8.1960;0;7
BEYGUL;9;28.3.1975;0;9
KIYEFET;3;24.7.1967;0;3
FIDAIL;6;29.9.1967;6;0
ELVESIYA;1;27.5.1980;0;1
NESMETULLAH;1;2.2.1987;1;0
SUPHAT;6;1.2.1964;0;6
KEREMET;3;16.3.1984;1;2
SAKIM;3;5.12.1969;2;1
HANAV;1;27.3.1932;0;1
RESIMIGUL;1;7.10.1982;0;1
ZEMZEMAN;6;1.9.1968;0;6
BAMYA;5;11.11.1955;0;5
EYVA;7;23.3.1963;0;7
ZEMIMA;2;21.12.1969;0;2
MERYEMAN;4;27.3.1975;0;4
NARGIS;20;2.1.1968;0;20
HEPSO;1;24.8.1931;0;1
MUSEHER;50;18.12.1977;0;50
GULSECIM;5;7.8.1956;0;5
NUHO;24;27.6.1952;24;0
SIMER;12;7.11.1977;6;6
MIHE;1;27.8.1926;1;0
FURIYAS;1;12.2.1947;0;1
TABIYETTIN;1;12.2.1961;1;0
MERAKNAZ;5;5.8.1971;0;5
CEZMEDDIN;2;27.9.1959;2;0
BASRAIL;2;16.2.1937;0;2
EBEYTULLAH;1;22.1.1931;1;0
SALIHATA;1;5.4.1957;0;1
SEZSAI;1;11.10.1991;1;0
MUHTEDIN;2;6.3.1984;2;0
HUSMETULLAH;4;26.4.1979;4;0
VEYSEDIN;1;22.5.1967;1;0
MEFERI;1;21.10.1974;1;0
SAHIYET;10;19.12.1968;1;9
YUZER;10;19.12.1967;8;2
SIHMET;1;22.6.1963;1;0
FEHINUR;2;5.12.1976;0;2
SEHREBAT;1;29.6.1956;0;1
GULEMIN;2;2.1.1978;2;0
ZEKERNAZ;1;25.8.1961;0;1
NISLIME;3;13.8.1980;0;3
FAMIYA;1;27.2.1980;0;1
YALPER;1;24.8.1990;0;1
EKENAL;1;11.5.1979;1;0
ERFIT;1;7.4.1976;1;0
MERZUMAN;1;26.10.1971;1;0
TEKINAZ;4;1.2.1967;0;4
DIYATIN;1;7.7.1964;1;0
MEREKNAZ;1;16.7.1965;0;1
ESSET;6;22.7.1972;6;0
SAHSAN;2;1.5.1973;2;0
NIKAYET;2;20.4.1971;0;2
FEVRISAN;2;8.12.1957;0;2
ZEMZAMAN;1;21.3.1958;0;1
HUSNANPERI;1;11.1.1986;0;1
MARAK;1;23.4.1973;0;1
NIVAHIR;1;27.8.1938;0;1
TIPO;1;26.7.1943;1;0
ABUR;2;30.10.1946;2;0
NISLIFE;1;5.9.1957;0;1
PIRISHAN;2;17.7.1978;0;2
SENAEDDIN;2;19.7.1978;2;0
GULREZ;1;7.8.1975;0;1
MENHULLAH;1;29.6.1975;1;0
MENFIYYE;3;8.4.1961;0;3
HULKINAS;1;26.5.1966;0;1
RASID;70;22.9.1968;70;0
MEHMETARIF;13;28.6.1973;13;0
MIRAZEDIN;1;1.10.1958;1;0
TUNAR;28;8.6.1978;24;4
AYMA;5;8.1.1962;0;5
RAZETE;1;5.6.1955;0;1
MEFER;7;9.1.1981;3;4
GULFINCAN;5;17.6.1975;0;5
YASRIP;2;7.8.1971;2;0
GULBASA;1;17.2.1966;0;1
HACIRIYE;6;26.1.1959;0;6
GULSUNAYI;1;18.5.1978;0;1
HUSRI;12;28.10.1971;8;4
SEHILNAZ;6;20.1.1963;0;6
TEYIBETE;3;9.10.1971;0;3
ZEHAT;3;4.2.1969;3;0
SIMENPERI;3;16.12.1956;0;3
YAZIM;3;21.1.1978;2;1
ZAMZAMA;4;20.4.1967;0;4
FIDAYL;2;1.12.1969;2;0
LEZDIN;1;1.12.1947;1;0
BEDET;1;22.11.1956;1;0
MEHI;13;1.1.1946;12;1
PERVENDE;1;19.4.1944;0;1
ABDULSEBIL;2;30.1.1978;2;0
HABIBETE;18;4.10.1962;0;18
CESAREDDIN;4;5.8.1969;4;0
SONAYI;9;7.4.1979;1;8
SINULLAH;2;3.1.1962;2;0
VESYE;1;16.7.1947;0;1
SEKEN;6;26.7.1980;6;0
SACET;13;18.3.1965;10;3
EGLICE;6;27.9.1971;0;6
ZIMRETE;9;14.1.1964;0;9
SELEMHAN;2;1.5.1986;0;2
FERFORI;4;18.10.1947;0;4
ESREFHAN;2;4.6.1958;2;0
BEFIYE;2;1.2.1963;0;2
SERAYIL;2;14.2.1949;0;2
BEYBI;3;28.1.1951;0;3
MUHTUSENE;1;2.2.1981;0;1
FAYICE;1;22.2.1979;0;1
KOSTEKI;1;12.5.1946;0;1
NEFIK;2;1.5.1965;1;1
NUFSICAN;3;28.2.1976;0;3
HUCRETE;9;28.2.1967;0;9
ABDULHAT;20;21.11.1959;20;0
ZUBEYDETE;1;7.2.1964;0;1
RECHAN;3;17.9.1983;0;3
MISANDIK;1;17.1.1972;1;0
EYYINE;1;30.4.1977;0;1
ESFEDIN;1;3.10.1987;1;0
BILESK;1;12.2.1965;0;1
HEMYET;1;29.3.1962;0;1
TUMRIZ;3;19.3.1946;0;3
ZUMMET;2;27.6.1983;1;1
GELHAN;5;11.9.1968;5;0
METLICAN;1;12.4.1991;0;1
KUDRETULLAH;12;28.5.1965;12;0
SUPKIYE;1;21.1.1974;0;1
KEDRETTIN;1;17.2.1966;1;0
HAYLAN;1;9.2.1962;0;1
NECEFEDIN;1;11.9.1973;1;0
SECADIN;4;14.10.1971;4;0
NAHIYETE;2;29.9.1943;0;2
SEHNEBAT;7;2.1.1957;0;7
DUCVAR;1;12.2.1965;1;0
TELHEM;2;12.1.1972;1;1
ATILSAH;13;16.4.1972;0;13
HAREMSIYAH;1;26.4.1966;0;1
NADISE;11;23.3.1956;0;11
ASEDET;1;27.7.1964;0;1
HICRA;16;9.2.1978;1;15
KUTO;3;15.12.1943;3;0
CAVDET;1;12.4.1965;1;0
MEHVER;3;23.12.1966;0;3
BIHLETE;1;27.2.1944;0;1
NUZEHAT;1;20.4.1959;0;1
TELLIHAN;29;24.12.1969;0;29
PORYAZ;1;7.8.1970;0;1
GEYBUTULLAH;1;27.8.1980;1;0
SUBHAT;3;15.1.1962;1;2
SILIHYA;1;22.2.1979;0;1
FENAN;2;24.6.1982;1;1
FIHET;1;7.10.1976;0;1
SIRME;5;6.6.1948;0;5
IRFIYA;1;2.8.1975;0;1
KERIMHUSRET;1;22.8.1973;1;0
FEYAD;16;29.4.1967;16;0
ARSIM;11;2.12.1966;11;0
HAIT;2;23.7.1952;2;0
FERAMAZ;4;18.8.1965;4;0
SEYITCAN;9;22.12.1979;9;0
NUSHAT;15;21.3.1960;10;5
VATHIYE;9;28.6.1957;0;9
AVZEL;1;22.2.1979;1;0
FIRINCA;11;29.1.1957;0;11
TASUH;1;17.8.1924;0;1
SURUYET;3;29.9.1963;0;3
CELAATTIN;5;12.2.1965;5;0
AVVANI;1;15.4.1941;1;0
SETRETTIN;9;12.1.1959;9;0
NINEFER;1;12.8.1971;0;1
MUSEVAT;2;7.10.1962;1;1
MIRESER;1;4.5.1943;0;1
BAHARTTIN;1;3.6.1974;1;0
MIRUSAR;1;7.1.1960;0;1
NUHYEDIN;1;28.1.1959;1;0
SEHILYE;1;26.6.1973;0;1
FIRYET;5;26.4.1977;0;5
UMRIHAN;6;12.9.1971;0;6
RIYATTIN;1;27.2.1992;1;0
ABDULMITALIP;4;22.3.1972;4;0
MILIHAN;4;15.11.1962;0;4
HUNENYN;1;13.1.1953;0;1
ZUBBEYIT;1;1.11.1962;1;0
MUHRIVAN;4;10.12.1972;0;4
MUSRUHAN;6;15.8.1968;6;0
BECIYA;1;12.2.1965;0;1
AMNA;17;23.9.1951;0;17
SIYASER;9;6.11.1964;4;5
KULINK;7;10.10.1974;7;0
KODBADIN;1;27.8.1956;1;0
SARACEDDIN;6;14.1.1963;6;0
PIRBAUT;1;2.6.1940;1;0
MIHTIME;1;9.12.1937;0;1
HUBEYDULLAH;9;13.11.1974;9;0
CINEYT;2;22.10.1968;2;0
EHBAR;1;8.10.1970;1;0
SEHLIYA;19;24.4.1979;0;19
MUHTIME;5;11.2.1981;0;5
NURUSAH;3;13.6.1960;1;2
RIZZAK;1;2.2.1969;1;0
BERKIZAR;1;6.7.1990;0;1
MEHANE;2;15.9.1944;0;2
MORIVAN;3;20.6.1971;0;3
MENIH;6;11.6.1961;6;0
ATISAH;1;22.11.1967;0;1
RIZAKO;1;22.12.1939;1;0
SEDIM;3;2.11.1969;3;0
KAILE;5;13.7.1948;0;5
FEKIN;1;26.6.1984;1;0
MUNTEBER;1;19.12.1955;0;1
A.BARI;1;19.2.1960;1;0
BAKISE;13;14.12.1956;0;13
MEKAIR;1;12.2.1983;1;0
KAFIYETE;1;12.10.1983;0;1
ALIHIKMET;8;29.1.1965;8;0
MEYESER;13;2.2.1967;0;13
HAMIYETE;4;27.5.1963;0;4
BAYIFHAN;1;5.12.1954;0;1
NAAME;2;12.2.1941;1;1
GOLIZAR;30;5.7.1955;0;30
SOSON;2;16.12.1934;0;2
SIYADIN;2;24.4.1960;2;0
OBYT;1;19.8.1932;1;0
HERDEMSAH;6;24.2.1974;0;6
ENZELI;2;15.3.1963;2;0
ANDALI;1;12.2.1953;1;0
NUHBET;14;10.9.1977;2;12
SAAYISTE;1;12.5.1965;0;1
OZEYR;2;26.6.1930;2;0
PAZIME;1;2.2.1963;0;1
CENBELI;23;30.5.1968;23;0
IZDIN;3;11.9.1950;3;0
HUSNO;3;23.5.1959;0;3
NAZEKE;5;25.3.1947;0;5
DENYA;3;28.1.1974;0;3
HAZURO;1;18.9.1953;0;1
SEYADDIN;2;25.9.1960;2;0
HAZRETE;3;6.2.1954;0;3
GULINDAM;1;21.6.1953;0;1
FECAYI;1;12.2.1959;0;1
IFETE;5;26.7.1960;0;5
VAADET;2;14.9.1978;1;1
HEMINAZ;1;17.2.1954;0;1
HICETTE;1;12.8.1965;0;1
ABDULGANIM;3;26.7.1971;3;0
BEDRICEMAL;21;26.9.1963;0;21
HASKI;1;27.2.1962;1;0
TIRKI;11;11.8.1944;1;10
MIYAFET;1;12.6.1965;1;0
RAFYE;3;9.6.1981;0;3
TUNCE;10;17.5.1968;3;7
GULVESI;1;1.8.1968;0;1
NURMAYE;1;21.2.1988;0;1
MURVETE;21;13.2.1967;0;21
GULZER;27;23.11.1959;0;27
TALIM;13;22.1.1975;12;1
GULSIYA;9;9.4.1975;0;9
MEZBIHA;2;15.2.1979;0;2
CEBIH;1;22.4.1979;1;0
FEHMEDIN;2;16.1.1977;2;0
AZMAIN;2;14.11.1965;2;0
ABRIYE;1;21.5.1978;0;1
MERARI;6;2.2.1956;0;6
RADIA;15;14.1.1972;0;15
SAHZENUR;1;16.5.1981;0;1
SELVIMELEK;1;22.2.1967;0;1
ZERAYE;1;27.6.1980;0;1
BENYA;4;17.6.1959;1;3
RUHIZER;14;29.2.1964;0;14
CIBLIK;1;8.9.1958;1;0
RUBAHSAN;1;5.4.1963;0;1
NUNEFEL;1;16.1.1977;0;1
MUACET;2;4.5.1968;2;0
HANIMO;1;22.10.1931;0;1
SANAHADDIN;1;8.4.1958;1;0
HAFIYEDDIN;1;7.1.1978;1;0
MELEKSINEM;1;1.3.1961;0;1
ZUBEYDIN;7;7.2.1968;6;1
ZERMEHMET;2;26.11.1965;2;0
NAZDAN;9;23.11.1978;0;9
SERHINAZ;3;26.7.1958;0;3
SIGAN;5;24.3.1956;3;2
SIYADDIN;3;29.8.1967;3;0
YUZBINNAZ;1;27.3.1962;0;1
EMREL;13;25.2.1969;3;10
MIDYE;7;21.8.1974;0;7
ZERARIYE;4;27.5.1966;0;4
AGITHAN;3;13.5.1948;2;1
GOZLER;6;5.9.1979;2;4
BUHASE;1;18.10.1961;0;1
SEMSUSENA;1;12.2.1959;0;1
SOHDA;2;3.5.1977;0;2
ABIDURRAHMAN;1;8.10.1982;1;0
MUZEHEL;2;11.10.1951;0;2
MESRIKA;8;30.2.1968;0;8
SEVMA;6;22.10.1973;0;6
MUNCELA;1;30.5.1982;0;1
MELEKZEMIN;1;23.8.1961;0;1
SAHRETTIN;10;5.11.1961;10;0
HAYBETTIN;2;12.6.1961;2;0
ALKIZE;1;3.7.1972;0;1
FEMEDIN;4;20.9.1965;3;1
ESRAFI;2;23.10.1982;2;0
MUFEYIR;3;12.6.1985;3;0
ERVET;2;28.3.1967;0;2
RUSHAT;10;24.2.1965;3;7
SERAZA;2;24.1.1967;0;2
AYMEDIN;2;1.1.1987;2;0
SALTANK;1;17.2.1954;0;1
SITIRKNAZ;2;4.9.1977;0;2
MIDRIKE;16;16.10.1978;0;16
MERAKSAH;4;17.1.1972;0;4
MUHIBDIN;1;21.7.1978;1;0
VECHEDIN;10;18.6.1977;10;0
MUZBAHADDIN;2;4.12.1972;2;0
NARISE;10;3.2.1963;0;10
MILCES;2;10.12.1981;0;2
AFIYEDDIN;3;17.9.1970;3;0
HUZEYNE;9;24.1.1953;0;9
EDIPE;5;19.4.1958;0;5
OMRANIYE;1;26.2.1957;0;1
MISLO;1;12.8.1923;0;1
TEVZIDE;3;12.6.1979;0;3
GULBARYE;1;13.8.1965;0;1
HAVAYE;5;27.4.1978;0;5
BEYSET;13;5.2.1960;13;0
AYISO;1;25.4.1910;0;1
SUZEYEN;7;19.12.1969;0;7
GULEMER;5;10.11.1953;2;3
FEMEDI;1;1.3.1974;1;0
M.NASIB;1;12.2.1965;1;0
VEFATIN;1;11.7.1962;1;0
ABDULHADIN;18;29.8.1972;18;0
BABSAH;1;6.5.1974;0;1
MUHABIDIN;1;26.5.1970;1;0
GARIBNAZ;1;11.9.1990;0;1
CEMBELIK;1;26.4.1946;1;0
FIRIYAZ;4;22.5.1959;0;4
GULSEMAL;4;29.3.1976;0;4
LIYAADDIN;1;3.3.1951;1;0
GULSEHEM;1;16.7.1981;0;1
ECDET;3;26.12.1970;3;0
DELUBAS;5;17.4.1950;5;0
USYETTIN;1;11.8.1986;1;0
TEYRO;1;22.1.1946;0;1
MUFEHIR;1;13.3.1949;0;1
CEFRETTIN;1;25.6.1983;1;0
ZILBIYE;3;4.10.1965;0;3
MENAYIM;1;22.9.1991;1;0
MENSUPE;1;15.8.1971;0;1
KUTKI;3;8.9.1944;0;3
YARADIN;2;24.2.1969;2;0
SUEYP;6;1.3.1962;6;0
TEKMAL;1;8.4.1964;0;1
MELEKO;1;17.8.1924;0;1
GUZLUYE;1;25.2.1971;0;1
NEZADIN;1;9.3.1970;1;0
MEHIDIYE;5;13.3.1974;0;5
EFETULLAH;1;21.6.1978;1;0
SEHIBET;2;14.7.1975;0;2
RIZGAN;18;30.12.1965;17;1
MEMEDI;3;5.6.1960;3;0
NEZMEIN;1;8.2.1964;1;0
GULINC;1;7.3.1976;0;1
GUZLER;1;8.9.1980;0;1
KULILKA;1;17.2.1966;0;1
NESRIYA;7;30.8.1971;0;7
HUMRUNAZ;1;19.9.1956;0;1
YADIYE;3;18.11.1963;0;3
MESMIRE;2;1.1.1977;0;2
SOLEMEZ;2;29.5.1980;0;2
IMETIN;1;5.5.1966;1;0
GULDERAM;1;12.3.1971;0;1
BEYENMEZ;1;22.6.1989;0;1
HABRO;1;25.2.1942;0;1
FAYCAN;1;14.8.1989;0;1
HABU;2;2.4.1956;0;2
MESRIKAN;1;25.8.1985;0;1
SEKNIYE;6;23.11.1965;0;6
HANIMSEL;1;12.7.1970;0;1
POTO;3;15.8.1937;2;1
AYGIN;13;27.9.1976;7;6
VALIFE;1;8.11.1984;0;1
METER;6;30.10.1972;5;1
YEKIN;4;4.3.1973;3;1
AZBEDIN;1;28.7.1968;1;0
TAYLEDDIN;1;22.2.1967;1;0
USYET;1;21.5.1968;1;0
OZMI;1;8.6.1965;1;0
SIMEK;1;17.3.1974;0;1
HESKI;3;23.6.1969;3;0
KEBARETTIN;1;22.5.1964;1;0
MERYEMI;6;18.2.1957;0;6
SURU;6;25.12.1955;5;1
YARBEK;1;23.6.1991;1;0
SEMZIN;5;11.2.1959;5;0
NAYDIN;1;26.12.1982;1;0
GULFENER;17;1.2.1977;0;17
SAFHATULLAH;2;3.5.1974;2;0
SEYHEMIR;3;11.12.1974;3;0
ARABIYE;20;28.4.1951;0;20
GULDUNYE;1;30.8.1980;0;1
GULNEVI;6;6.9.1967;0;6
HENU;1;11.8.1932;0;1
BENDEN;1;2.3.1956;0;1
MAARUF;63;5.4.1974;63;0
MEMSI;1;2.8.1921;0;1
YUZDENUR;2;16.9.1966;0;2
FIDICEMAL;1;28.5.1944;0;1
KERSIME;1;9.4.1991;0;1
HECRIYE;18;24.11.1954;0;18
SIRHEBIP;1;24.7.1973;1;0
ALIYETE;1;21.6.1960;0;1
ZILHACCE;2;22.5.1967;0;2
DIYARI;28;28.4.1974;1;27
SEKRAN;12;12.7.1963;9;3
IZNIFET;1;27.6.1962;0;1
VEFADDIN;7;11.12.1976;7;0
MIRARIYE;4;10.10.1974;0;4
EMINDIN;1;6.7.1985;1;0
BIRYET;1;6.9.1963;0;1
SUPHADDIN;3;13.4.1970;3;0
NEDIDE;11;30.6.1965;0;11
SAHABATIN;2;1.1.1969;2;0
BIRINAS;1;17.2.1990;0;1
SEYITMEHMET;25;16.9.1963;25;0
ESREG;1;22.2.1949;0;1
BENERIS;1;12.2.1953;0;1
SISINO;1;16.2.1959;0;1
BILO;1;12.2.1935;1;0
ISMIN;14;22.6.1967;0;14
BEYZET;4;5.7.1957;4;0
HUSBULLAH;1;21.6.1972;1;0
SEBRO;2;27.5.1929;0;2
TUMAN;9;4.2.1972;9;0
VUHAPDDIN;1;2.8.1981;1;0
BEDEVNAS;1;13.7.1983;0;1
HANEFDAR;1;29.11.1977;1;0
HISABEDIN;1;9.4.1964;1;0
SEMETTIN;11;12.4.1961;11;0
ZEMIYEZER;1;6.8.1969;0;1
IGVAN;1;1.3.1936;0;1
UZGUN;18;26.11.1975;7;11
ECEL;14;2.11.1971;8;6
EZETTIN;9;5.12.1964;9;0
AZMETULLAH;2;7.11.1975;2;0
MENTIKA;14;14.10.1973;0;14
TIMEN;1;10.7.1989;1;0
FIKIRET;12;6.11.1966;10;2
DALHA;5;17.4.1959;5;0
CEMBER;1;2.2.1975;1;0
MAYZER;10;1.6.1964;0;10
EZVET;3;9.2.1965;3;0
MUSEMEN;1;21.10.1990;0;1
MESAYIK;1;19.2.1960;1;0
SEVNA;3;16.8.1972;0;3
M.CAN;21;6.11.1958;21;0
MESHUK;1;21.7.1975;1;0
SEYVET;1;23.2.1967;0;1
RESMIN;1;24.3.1991;0;1
ZAMIN;2;21.2.1969;2;0
ULAMETTIN;2;15.2.1976;2;0
NEMRUT;6;28.1.1975;4;2
CEZAFETTIN;1;2.2.1969;1;0
KULO;3;24.12.1931;2;1
GULILKO;1;2.3.1957;0;1
GULSICIM;1;26.6.1990;0;1
MEZUL;2;20.12.1976;2;0
REMI;16;30.3.1965;10;6
ZENELABIDIN;3;4.2.1965;3;0
BEBI;3;1.10.1956;1;2
MIRZEDIN;6;25.5.1975;6;0
AFIYETTIN;7;16.3.1975;7;0
FINDICEMAL;1;12.8.1965;0;1
GULZAYE;1;21.3.1988;0;1
GULZANA;1;28.12.1986;0;1
GULNAFUR;1;18.3.1945;0;1
URTAN;5;26.1.1952;2;3
MEZBUTE;3;14.8.1966;0;3
MENSUT;11;23.12.1969;11;0
HEDAT;2;22.9.1956;1;1
FENISET;1;27.11.1962;0;1
TEVZAT;4;2.4.1976;0;4
ABDURRANMAN;4;30.7.1977;4;0
LEYUSA;5;10.1.1977;0;5
MUTAMET;3;14.8.1977;3;0
RUBAYISAH;1;13.5.1950;0;1
GIMSIT;1;26.8.1985;1;0
FELEMES;4;18.7.1941;4;0
BIRED;2;13.3.1974;2;0
AYZADE;10;6.4.1970;0;10
MENCAL;1;12.8.1935;0;1
YARDEGUL;2;18.9.1977;0;2
MAVLUDE;2;21.2.1983;0;2
KANLI;1;17.8.1924;0;1
HASNI;13;26.9.1961;0;13
HACIRAN;3;5.4.1964;0;3
TEKSUN;2;21.8.1976;0;2
ATIN;14;21.1.1967;12;2
SENFENUR;1;7.4.1966;0;1
REYSI;16;13.1.1970;10;6
TEYMETULLAH;1;16.4.1970;1;0
BEMIHAT;1;27.8.1979;0;1
ZUMRUDE;10;1.10.1966;0;10
TACSEMIN;1;5.5.1975;0;1
BES;4;29.12.1959;1;3
SAMIYEDDIN;1;19.12.1977;1;0
BINEVIS;6;12.9.1962;0;6
SIYAMEDDIN;6;26.2.1958;6;0
OMERBURAK;1;14.2.1991;1;0
EZILE;2;3.9.1973;0;2
UBEYE;1;14.3.1983;0;1
HERHAT;3;27.12.1978;3;0
CUNYET;6;3.6.1974;6;0
LIMENT;2;7.3.1975;1;1
ARDIL;22;11.11.1983;22;0
M.HUSEYIN;13;6.3.1957;13;0
DELALNAZ;1;12.2.1971;0;1
NIBAYET;2;19.9.1959;0;2
SARAZ;2;24.5.1939;1;1
MUAZAM;2;24.7.1988;0;2
TAKIEDDIN;1;21.5.1975;1;0
CENBERI;11;13.7.1968;11;0
EDICE;1;7.3.1976;0;1
SUNAYET;9;8.6.1974;0;9
ETAETTIN;1;27.8.1926;1;0
MUHZEMIN;1;24.3.1950;0;1
HEDEYETULLAH;1;2.2.1963;1;0
ABDULBASUT;2;28.4.1971;2;0
NECRUFE;1;12.7.1965;0;1
NULIFAR;1;28.3.1954;0;1
VAHIDETE;1;27.8.1956;0;1
ASMETULLAH;4;2.10.1982;4;0
SECETTIN;10;7.1.1970;10;0
RAVDET;4;20.4.1972;1;3
FAYDAN;2;5.9.1977;2;0
SONYAPRAK;1;29.9.1991;0;1
SOZEL;7;6.1.1976;1;6
FERMEZ;3;3.7.1962;3;0
GULCEREN;16;17.2.1974;0;16
HALEBI;3;26.9.1976;3;0
IBADDIN;1;6.3.1981;1;0
KOLTI;3;3.12.1927;0;3
FETHEDIN;2;20.9.1972;2;0
ZERDINAZ;1;12.8.1977;0;1
BADIR;9;30.11.1967;9;0
SAFYETULLAH;1;9.5.1988;1;0
SECHEDIN;1;18.4.1984;1;0
ASASETTIN;3;19.5.1975;3;0
MENAHIN;1;15.8.1980;1;0
ZUHRETTE;1;27.8.1962;0;1
VAHICE;2;22.9.1952;0;2
MAHMEHRI;12;17.5.1943;0;12
REFATULLAH;2;15.7.1963;2;0
NUVERYE;2;13.10.1968;0;2
VESVI;8;21.5.1969;8;0
RUHLETE;2;2.3.1959;0;2
VEIBE;3;13.1.1965;0;3
BEYDANUR;20;1.5.1979;0;20
GILHEM;1;15.2.1989;0;1
RAHIT;7;16.5.1959;7;0
HASAMEDDIN;1;7.2.1964;1;0
SUNEYA;1;2.3.1969;0;1
MUHRISAH;2;8.7.1952;0;2
MISVET;1;21.4.1965;0;1
NEZEFET;11;1.2.1965;0;11
MARIDE;6;4.11.1974;0;6
RAID;2;26.9.1982;2;0
SAFURIYA;2;5.6.1984;0;2
KUSURU;1;25.4.1940;0;1
SEMALETTIN;3;15.8.1966;3;0
DEYIP;1;2.3.1963;1;0
SERAZDIN;8;20.4.1965;8;0
SIREDIN;1;22.7.1973;1;0
PILING;2;17.4.1950;2;0
ODAY;2;3.2.1987;2;0
SAHBETULLAH;12;25.1.1980;12;0
REVDET;10;14.2.1969;5;5
NISLO;5;7.10.1925;0;5
BISAYENE;1;28.4.1974;0;1
NULYA;4;3.3.1983;0;4
SACLIHAN;4;12.3.1959;0;4
ZERDU;1;29.9.1930;0;1
MEKYEDDIN;1;3.2.1975;1;0
GULSAAT;4;24.11.1970;0;4
GEYNI;1;5.5.1927;0;1
NUERTEN;1;19.7.1963;0;1
SEHRISTE;4;30.12.1966;0;4
BERF;8;5.11.1973;3;5
MEZHEM;1;27.2.1968;0;1
GULZERRIN;8;5.5.1977;0;8
NUSLU;2;26.1.1963;2;0
MUREBIYE;4;4.5.1958;0;4
SISEM;2;14.12.1972;0;2
MABUS;3;26.12.1957;2;1
ABDULHASET;1;5.1.1961;1;0
NURINISAN;2;8.10.1957;0;2
SENERNAZ;1;2.2.1969;0;1
CEYVET;1;6.7.1981;1;0
SEKBAN;3;30.8.1969;1;2
CEDIN;1;17.10.1975;1;0
REZVAN;5;14.2.1965;4;1
TURYEN;3;2.8.1974;1;2
YILBAY;54;28.12.1976;54;0
GUYSEN;1;13.5.1984;0;1
FIGRIYE;1;26.9.1975;0;1
SECETIN;2;3.3.1963;2;0
ZERKINAZ;1;27.2.1956;0;1
SARAZE;2;10.1.1974;0;2
INSINE;1;11.5.1973;0;1
IZETHAN;6;20.12.1974;6;0
MENDO;22;28.8.1953;21;1
RUKNEDIN;6;3.8.1983;6;0
HULNAZ;1;3.5.1943;0;1
TEKIEDDIN;1;23.4.1973;1;0
ASTEGMEN;1;7.11.1976;1;0
YAFA;2;17.10.1990;1;1
FERHINAZ;8;13.6.1971;0;8
RUJAN;6;27.11.1978;1;5
MUHRIMAN;6;12.6.1969;0;6
CIVAYRE;1;2.7.1980;0;1
MEHDER;1;10.3.1980;1;0
MUDRUK;2;20.11.1958;2;0
MINALYE;1;21.1.1980;0;1
MAKFURE;9;19.2.1960;0;9
FERINAS;3;11.11.1963;0;3
TAVAS;2;1.3.1944;0;2
HASAMETTIN;5;24.10.1970;5;0
VACETTIN;17;9.12.1969;17;0
MAZNUN;12;22.11.1969;12;0
EMAMETE;1;9.7.1937;0;1
SEDHIYE;1;22.4.1966;0;1
SICAHETTIN;1;1.12.1979;1;0
FELEKO;1;12.8.1923;0;1
BILMA;6;20.2.1968;0;6
GUNAYIL;2;15.3.1956;1;1
FERGUZE;1;16.1.1965;0;1
CEBIRYE;1;12.4.1983;0;1
SASIN;3;24.5.1959;2;1
YESRIF;1;21.12.1985;1;0
NOGU;1;28.6.1946;0;1
KEDES;1;26.7.1959;0;1
FAIRE;36;27.12.1963;0;36
EZLIFET;14;2.4.1971;0;14
M.GURI;2;29.1.1948;2;0
SELAMHAN;4;3.1.1987;1;3
YESREP;3;16.4.1968;3;0
ESHAD;7;9.7.1973;7;0
GULMIRACE;1;1.12.1960;0;1
NESRUYE;1;12.9.1965;0;1
PAYDAR;11;30.7.1973;5;6
JEHAT;27;8.3.1979;27;0
PEMBIYE;8;1.1.1962;0;8
FEHYET;1;7.2.1964;0;1
ROJGUL;5;3.9.1986;0;5
GOLDE;2;27.1.1972;0;2
GULUZER;19;12.4.1965;0;19
KIRAMIYE;2;23.11.1960;0;2
MAHIVER;3;28.9.1964;0;3
GULSURET;1;29.4.1989;0;1
SECRETTIN;3;19.8.1971;3;0
M.ZIYA;15;27.4.1956;15;0
PIYALETTIN;1;17.2.1960;1;0
HIKMETILLAH;5;8.1.1964;5;0
SERENAZ;6;12.12.1959;0;6
MUTESIM;11;12.8.1971;11;0
CIHATTIN;10;29.4.1961;10;0
BERCET;9;2.5.1975;9;0
ESMINAZ;2;17.7.1974;0;2
EYBETULLAH;1;9.2.1961;1;0
RUVAYIDE;1;2.2.1957;0;1
ASUME;3;16.11.1966;0;3
ZEHREDDIN;7;1.2.1970;7;0
GULIZADE;4;29.10.1973;0;4
SAGDETTIN;7;28.12.1967;7;0
SURAYET;3;18.2.1975;0;3
SERFIYA;1;12.4.1965;0;1
ELYAN;1;9.6.1975;0;1
NURULMEDED;1;22.2.1991;1;0
TILI;9;16.7.1964;3;6
SOYLETE;2;7.2.1972;0;2
GULME;2;25.11.1943;0;2
FERTAP;1;12.12.1977;0;1
HURIKAN;1;2.8.1927;1;0
KAANCAN;4;2.2.1992;4;0
DIDARI;3;26.8.1952;1;2
LATIFEH;2;12.2.1963;0;2
AYNOR;13;8.8.1961;0;13
SEMADIN;1;2.2.1957;1;0
EMERULLAH;1;12.2.1965;1;0
GULFEC;1;2.2.1963;0;1
YUKMEN;2;28.9.1983;2;0
MAKO;4;25.2.1469;2;2
VATIHE;1;26.10.1943;0;1
FAMAI;1;16.5.1965;0;1
EZIFE;8;12.7.1976;0;8
BEDUALLAH;1;15.7.1969;1;0
SEFINETE;1;4.9.1981;0;1
RUKUYETE;5;23.11.1972;0;5
IMATULLAH;34;28.7.1961;1;33
YUMRAN;1;22.8.1981;0;1
ISMEDULLAH;1;17.12.1966;1;0
SELKA;2;27.9.1978;1;1
MIJGEN;4;19.8.1970;0;4
FEMIA;2;21.8.1978;0;2
TILO;3;18.10.1933;3;0
KEMERIYAN;1;18.2.1966;0;1
SEBURULLAH;1;3.7.1980;1;0
ZERDISAN;7;30.3.1954;0;7
CAIZER;2;27.11.1980;0;2
MISBAHATTIN;7;16.10.1965;7;0
TUHFA;2;5.11.1972;0;2
ELSINET;77;14.6.1973;2;75
ABDULGAFFAN;1;27.4.1962;1;0
HAYNUSER;1;22.4.1967;0;1
NURMEDET;1;10.5.1982;1;0
HACIC;4;27.7.1951;0;4
FEZIA;2;25.3.1957;0;2
HARFIYET;3;30.4.1982;0;3
FAHILILAH;1;26.5.1961;1;0
METHUSENA;8;3.6.1972;0;8
KABARO;1;7.8.1945;1;0
HUMET;16;25.5.1971;15;1
SINIHAZAR;1;26.3.1972;0;1
DILEKNAZ;2;24.2.1973;0;2
MECBURU;1;1.5.1949;0;1
SORME;1;1.3.1962;0;1
EZMEIN;2;5.3.1954;2;0
HUDEDAN;3;8.2.1960;3;0
SOYNEMEZ;2;9.8.1973;0;2
EFSIYA;1;17.7.1966;0;1
ARAPHAN;10;12.1.1953;6;4
MAVITAN;1;21.5.1965;0;1
SUHBAN;9;30.3.1942;0;9
GULZIRI;6;18.1.1972;0;6
MALGIR;1;3.12.1985;1;0
ATARULLAH;1;23.2.1977;1;0
ABDUHANI;1;3.7.1975;1;0
AKSOY;75;2.9.1970;73;2
GULEBATIN;112;21.8.1948;0;112
DINLER;2;10.11.1971;2;0
APDULKADIM;1;23.6.1956;1;0
ABDULAHAKIM;1;26.10.1985;1;0
CEJNIYE;1;12.2.1971;0;1
NURILHEDA;1;22.1.1991;0;1
HAVDET;1;7.10.1988;0;1
HISYARI;1;6.5.1968;1;0
ABDULELIM;2;27.5.1960;2;0
ANALGUL;1;15.2.1982;0;1
AHMETHAKAN;1;22.6.1971;1;0
KUTER;15;14.1.1966;13;2
OZGEGUL;5;20.11.1987;0;5
GULDONUS;5;5.6.1970;0;5
IZZETCAN;5;28.4.1984;5;0
M.SAH;13;20.3.1955;13;0
RAHMETTE;1;3.3.1975;0;1
NAIFI;3;20.1.1972;2;1
NADIRSAN;2;5.9.1953;0;2
ERTIF;3;1.4.1970;3;0
GEM;3;11.10.1968;0;3
LULAFER;1;16.7.1963;0;1
HADIKKA;1;18.3.1950;0;1
FELICAN;4;25.8.1976;0;4
HURNISAN;2;11.11.1956;0;2
MUSUVET;2;1.8.1982;0;2
RUNAI;1;5.5.1975;0;1
EBOBEKIR;5;1.7.1958;5;0
SAIN;16;2.12.1969;15;1
ZEMRAN;1;7.2.1982;0;1
DARAN;6;23.1.1970;6;0
MEVCAN;4;11.9.1968;1;3
M.REFIK;12;15.4.1959;12;0
HAVZET;1;17.7.1982;0;1
ZUGAYP;1;23.5.1954;1;0
SEHREZA;2;12.1.1979;0;2
AYNELMERDIYE;2;8.6.1963;0;2
EHDINNUR;1;26.4.1976;1;0
TULGAHAN;3;6.12.1975;3;0
SUKLU;1;7.8.1975;0;1
NEMMAL;1;15.3.1965;1;0
ZIREVAN;3;5.2.1988;3;0
REFETULLAH;3;25.10.1964;3;0
M.DINCER;1;29.2.1978;1;0
SUCU;6;12.4.1965;5;1
BEYGIN;2;23.4.1973;1;1
ZEHDILE;1;5.7.1955;0;1
KUSKU;1;8.5.1982;0;1
ZAFERAY;4;22.8.1969;0;4
SABRESTE;1;8.5.1964;0;1
BAHTAR;1;21.11.1978;0;1
RUGEN;4;6.7.1958;1;3
SUAYRA;2;16.5.1987;0;2
UYA;5;4.5.1956;0;5
KULSUN;2;14.9.1970;0;2
SEFANET;2;24.12.1971;0;2
HALBINAZ;1;28.2.1957;0;1
CUVEYRE;5;23.8.1950;0;5
KAYSI;18;19.10.1961;9;9
NAMIZAT;13;7.7.1954;6;7
BINALIN;1;27.3.1980;1;0
M.SAIP;1;6.4.1974;1;0
YAGMURE;1;26.6.1989;0;1
SAHUNE;1;2.10.1981;0;1
HOS;7;25.10.1962;6;1
MICHAT;1;27.2.1968;1;0
MEDRIKE;3;1.9.1970;0;3
ENZERHAN;1;10.5.1976;0;1
DIYAIDDIN;7;24.1.1971;7;0
SEKNETULLAH;1;27.2.1980;1;0
BILEKSAN;4;8.5.1972;0;4
SAHIBA;23;26.4.1966;0;23
SAHRISETE;1;21.3.1941;0;1
FERDIYA;2;3.1.1973;0;2
SAITEMIR;1;12.4.1953;1;0
CIRE;2;20.5.1967;0;2
FUDEYT;1;1.11.1979;1;0
MAHFUZULLAH;1;12.2.1971;1;0
VASIK;4;13.5.1971;4;0
SENYE;3;21.4.1973;0;3
SIRACCETIN;1;19.1.1972;1;0
ASHAD;1;17.5.1974;1;0
DINIS;1;6.8.1991;0;1
SABITHAN;3;22.1.1980;3;0
HIZBETULLAH;9;25.1.1973;9;0
ZIYABETTIN;3;5.1.1962;3;0
SURETA;1;26.2.1957;0;1
BILAKSAN;1;22.2.1979;0;1
METREBE;1;12.5.1989;0;1
NARHAYAT;1;24.2.1962;0;1
HEDYETTULLAH;2;22.2.1964;2;0
M.GARIP;6;21.9.1968;6;0
EYVAN;13;2.11.1980;0;13
MIGVER;1;12.7.1931;0;1
MENDIH;2;24.2.1970;2;0
FIKAYET;1;8.11.1975;0;1
NEDAMET;10;22.11.1961;1;9
ZIZI;10;25.3.1951;0;10
AISAN;3;12.6.1931;0;3
MADISA;2;7.2.1967;0;2
MIRHAS;4;15.2.1980;4;0
TEYRI;26;9.12.1876;0;26
SEHIHA;1;21.8.1987;0;1
MUZLUH;1;27.2.1974;1;0
MUBAYET;3;30.3.1966;0;3
VEZYETTIN;1;2.8.1981;1;0
AZATTIN;9;19.5.1970;9;0
MEHIRNAZ;1;1.11.1952;0;1
DERBAZHAN;2;15.6.1942;2;0
CENBERIK;1;16.5.1966;1;0
HULKUYE;1;23.5.1961;0;1
GEDRAN;1;7.2.1970;0;1
MEDRES;2;30.8.1977;2;0
ETMAN;8;30.2.1959;8;0
MISEVET;2;27.10.1953;0;2
MUMSIN;1;11.5.1969;1;0
SEKLER;1;27.2.1980;1;0
SEZAYEN;1;7.2.1982;0;1
ILABI;2;15.4.1971;2;0
GOLSAAT;1;2.6.1981;0;1
NARIVAN;1;16.4.1988;0;1
BEYTAS;17;11.4.1963;16;1
VELYEDIN;3;13.1.1965;3;0
ZAHRINAZ;2;5.9.1965;0;2
NAGMETULLAH;4;9.12.1965;4;0
BERZET;3;16.2.1977;3;0
MUSEVBIYE;1;7.2.1957;0;1
VAZEDDIN;1;27.8.1932;1;0
M.RAUF;6;27.5.1952;6;0
BILEYHAN;2;26.6.1939;0;2
MARAKNAZ;2;17.11.1969;0;2
SEFIKAT;5;17.8.1957;0;5
EDLI;3;15.3.1936;0;3
MEREKZAMAN;1;8.4.1958;0;1
MOHYEDDIN;7;8.11.1961;7;0
MELIKSE;1;30.5.1974;0;1
GURGEM;2;19.4.1963;1;1
ZAVAL;3;10.8.1963;2;1
NEMICAT;1;27.9.1950;0;1
FERAHDUMAN;1;2.4.1975;0;1
PIRAL;1;22.8.1937;1;0
MIRSEYAP;1;26.5.1943;1;0
CUNEYS;2;4.9.1972;2;0
M.RAIF;3;20.6.1962;3;0
SAHZINET;5;11.5.1967;0;5
MAGFIRAT;2;16.5.1948;0;2
SIFFET;4;18.3.1955;1;3
MIYASET;19;14.8.1974;0;19
AMAYETTIN;1;17.2.1972;1;0
VALYETTIN;2;27.10.1967;2;0
AYIHAN;2;4.8.1971;1;1
SEHDETULLAH;1;10.10.1973;1;0
GOLSUN;3;12.3.1975;0;3
LEYSI;1;29.2.1973;1;0
MUHAMMETHABIP;1;21.3.1986;1;0
GULMIS;6;25.12.1962;0;6
SUHIME;1;22.3.1948;0;1
SEVEDET;1;12.2.1971;0;1
GAME;13;26.10.1957;0;13
NIZZAMETTIN;1;22.7.1973;1;0
GULSURUR;1;1.2.1985;0;1
NILAYDA;3;30.10.1989;0;3
KENANI;6;30.7.1972;6;0
SETENEY;8;5.1.1975;0;8
MIHREN;4;27.6.1961;2;2
SAYIGA;1;19.2.1965;0;1
MOHUR;16;9.4.1957;4;12
BIRSES;23;7.10.1970;4;19
ABDULMUID;1;6.6.1983;1;0
GULSUNAR;27;9.9.1965;0;27
YURDU;17;24.2.1969;3;14
GUZEYDA;7;30.4.1966;0;7
GULTEYLA;1;26.9.1979;0;1
YURDUSER;2;10.4.1960;0;2
SAFAKHATTIN;1;26.1.1985;1;0
ERCAYIL;1;12.12.1974;1;0
ANSAHATUN;2;21.3.1956;0;2
ABDULPASA;1;16.6.1969;1;0
ERDONMEZ;14;15.11.1967;14;0
CEFIDE;8;24.5.1956;0;8
SIMEN;20;13.12.1979;0;20
SECIMGUL;15;3.9.1964;0;15
SEKERHANIM;2;27.6.1969;0;2
MAHYIZER;1;26.9.1987;0;1
KADERGUL;8;19.11.1981;0;8
KADRINUR;15;18.12.1960;1;14
BETILE;1;22.5.1961;0;1
SEYHANI;4;7.6.1978;1;3
SUNNI;4;16.4.1960;0;4
MUNIBER;1;16.10.1968;0;1
ISALE;3;13.10.1965;0;3
SEVIYET;10;18.4.1962;0;10
ZAHTE;2;9.11.1942;0;2
CIFCI;2;9.1.1960;1;1
BILGAR;5;10.7.1955;0;5
SEMIHAR;1;7.12.1946;0;1
ERTUNA;30;22.4.1978;29;1
MUSDAN;17;27.11.1969;16;1
GULCEMIN;5;9.6.1974;0;5
HUYSEN;1;29.11.1968;0;1
ERNAYIL;7;3.1.1972;7;0
YASARETTIN;25;24.11.1953;23;2
FERMUDA;4;4.7.1976;0;4
GULLEME;1;27.11.1980;0;1
ANAFI;1;23.10.1980;1;0
CENAYI;1;2.11.1986;1;0
MERVANUR;1;8.10.1991;0;1
VIDAL;7;26.10.1974;4;3
SUSELI;1;29.9.1955;0;1
LEYMUNA;10;26.12.1960;0;10
MURSITHAN;1;5.12.1988;1;0
ERORHAN;4;15.6.1966;4;0
FETIYHA;2;23.4.1959;0;2
YASINER;7;16.5.1982;2;5
LALESER;28;5.11.1968;0;28
GULBINNAZ;3;20.7.1974;0;3
TUNCAIL;1;28.3.1966;1;0
SONEZ;1;6.11.1972;0;1
ILKNAZ;27;8.12.1972;0;27
NURICE;41;22.12.1966;0;41
HUSMET;4;2.8.1953;1;3
GUZELALI;1;1.3.1977;1;0
ABDULVEHHAB;12;17.4.1974;12;0
YURDAGEL;2;22.2.1943;1;1
MUTTAHIR;4;4.9.1969;4;0
HEMDANE;1;23.12.1944;0;1
ESILAY;4;24.5.1983;0;4
MUCTEHA;1;12.9.1987;0;1
ABDULMACIT;17;24.2.1967;17;0
MUGUL;2;14.1.1945;0;2
HEVSE;53;10.8.1959;0;53
CANUT;1;18.4.1966;1;0
MAHRI;7;28.5.1957;2;5
SABIBE;24;12.1.1957;0;24
MAHILE;28;13.6.1966;0;28
MAPUP;1;4.11.1974;0;1
TERHINE;1;1.1.1;0;1
SERVEL;20;28.2.1967;9;11
SERDUMAN;3;8.6.1966;0;3
UZEYIRE;2;4.1.1963;0;2
RUVIYYEM;1;25.4.1953;0;1
MOHTER;4;6.9.1953;3;1
BESINAZ;3;2.11.1958;0;3
BILOS;4;1.11.1962;0;4
PUPU;46;15.11.1949;0;46
HOSNAS;1;5.12.1928;0;1
SELVEDA;1;1.11.1974;0;1
BEKLER;7;11.11.1961;6;1
MUSAVETTIN;19;10.3.1956;19;0
HAMDINAZ;1;13.10.1948;0;1
ZERINISAN;1;9.2.1970;0;1
HOKUM;1;22.7.1949;1;0
HAVAZER;6;7.8.1953;0;6
NEJMET;1;17.2.1942;1;0
MUZEYYEEN;1;11.1.1955;0;1
HUKGEC;3;18.4.1932;3;0
BEYHUSER;3;15.5.1933;0;3
SUKRUNUR;1;25.11.1970;1;0
NURSECIL;2;16.12.1972;0;2
NERFIL;2;4.2.1962;2;0
MUHUR;16;2.8.1955;9;7
SIRLI;21;30.8.1969;17;4
NUGDA;6;15.12.1953;0;6
UPER;3;20.5.1979;0;3
SINESER;4;12.3.1951;0;4
BABURSAH;7;19.10.1981;6;1
NARENDER;1;14.7.1964;0;1
BITENGUL;8;20.8.1968;0;8
ERKAIL;1;12.4.1979;1;0
SEYHETTIN;8;20.3.1961;8;0
HEZAKER;12;29.5.1958;0;12
MEKTEP;1;13.12.1987;0;1
NERCUMAN;2;15.6.1963;0;2
MUKADDEME;2;30.5.1938;0;2
SIKAR;58;10.4.1953;1;57
MEFCURE;2;23.10.1961;0;2
GURSIN;7;25.10.1967;1;6
SEYHINAZ;2;21.10.1977;0;2
EHLIZAR;27;8.6.1952;1;26
PEHLUVAN;5;3.10.1955;5;0
ZERLIN;10;12.12.1974;0;10
NEBILET;2;8.8.1958;0;2
MIKRIBAN;2;29.1.1965;0;2
BOSTANGUL;1;1.7.1976;0;1
DURAHAN;1;24.1.1967;0;1
HADCA;18;29.4.1958;0;18
MEHMANI;24;17.3.1964;24;0
EMRAIL;21;20.12.1967;20;1
AYSEMI;8;11.8.1979;0;8
BENGUSAH;1;7.2.1979;0;1
HERYANI;1;13.1.1969;1;0
HEFSE;5;28.12.1972;0;5
FEHNEZAR;3;5.4.1949;0;3
ZILFINUR;11;26.7.1967;0;11
HAFUS;2;8.2.1964;1;1
SEVKINAR;7;9.10.1961;0;7
NAZAY;16;29.5.1975;0;16
LAYUZEL;1;29.4.1938;0;1
AVFET;2;1.4.1960;0;2
MEYSUDA;1;26.5.1978;0;1
RUHHANI;2;19.10.1975;2;0
NARUZ;3;22.12.1977;0;3
HUMI;2;20.11.1936;0;2
MAHANUR;62;3.12.1961;0;62
AGADEDE;36;20.9.1943;36;0
BALOGLU;1;17.4.1971;1;0
ISVAN;3;24.8.1978;1;2
GULSEMAHA;1;7.11.1958;0;1
IKRAMIL;6;12.12.1971;6;0
SOMNURE;1;21.4.1975;0;1
HATCAHANIM;1;21.1.1991;0;1
SECMEGUL;19;17.1.1971;0;19
MUTAYIM;1;14.2.1973;1;0
ISADI;2;14.8.1979;2;0
MEHBUB;16;5.8.1970;1;15
DURGOL;1;15.11.1989;1;0
SEYIHETTIN;1;2.2.1954;1;0
SUNNUGUL;2;2.3.1981;0;2
BALKIRAZ;4;19.3.1957;0;4
HESBAHAR;1;23.8.1977;0;1
GULCANDAN;3;10.6.1977;0;3
KORSAN;6;23.11.1965;6;0
FEHNAZAR;1;1.2.1967;0;1
MIRSADE;49;14.8.1971;0;49
UNMIHAN;3;20.7.1963;0;3
MUKDADIR;3;9.6.1972;3;0
GENCAFER;1;2.4.1927;0;1
NERGINAZ;2;24.6.1975;0;2
RAFUK;8;18.12.1970;8;0
TEHFIT;1;13.11.1987;1;0
GULCARE;25;8.3.1968;0;25
EDNAYIL;7;26.5.1963;7;0
ZARIKE;2;6.2.1970;0;2
GULEDEM;1;26.11.1970;0;1
ZUBEL;8;30.3.1976;1;7
MUKAIR;1;17.5.1970;1;0
MAKIFE;1;4.3.1991;0;1
TULLUN;4;10.6.1968;0;4
SELPIN;21;11.1.1965;0;21
NEREMAN;1;11.12.1979;0;1
YAVUZERIN;1;1.2.1990;1;0
HETAYI;9;6.7.1946;0;9
CIHAMI;1;22.4.1967;1;0
KINDINAR;1;22.3.1955;0;1
SUKRUNAS;2;15.9.1961;0;2
SEYDURAHMAN;1;22.2.1973;1;0
MOHOP;1;22.2.1949;0;1
ZILFUNUR;1;6.3.1991;0;1
MUSKI;3;6.12.1951;1;2
FAIH;1;11.7.1987;1;0
MADIR;2;1.3.1965;2;0
NERBAHAR;1;6.4.1974;0;1
VETANUR;28;2.4.1967;1;27
GULDOGDU;6;5.2.1968;0;6
CEZMUNUR;11;27.7.1961;0;11
OGULSAN;3;21.11.1984;3;0
GULBINAZ;28;20.2.1965;0;28
NEZARETTIN;26;6.11.1961;26;0
MUSGUM;1;12.6.1965;0;1
MAHIPERI;3;4.7.1954;0;3
PERUFE;1;6.4.1992;0;1
MINEZER;6;12.3.1960;0;6
HANIDE;6;10.11.1967;0;6
MUBEYHAN;5;3.1.1963;0;5
TUNCAYIR;2;22.4.1961;2;0
GULDESDE;13;3.7.1964;0;13
GULENFER;12;6.7.1967;1;11
GANISA;1;5.4.1984;0;1
METRURE;1;4.5.1927;0;1
EBEDIYE;4;2.8.1973;0;4
ZAGFER;8;4.7.1946;1;7
HUCAYLA;1;18.5.1982;0;1
NIYAFER;8;8.6.1952;0;8
SONOY;1;28.4.1985;0;1
SUNESER;1;7.7.1932;0;1
ELAATDIN;2;5.1.1939;2;0
BOLU;21;20.12.1958;21;0
DESENKA;1;2.9.1944;0;1
MUKRANI;2;9.1.1975;2;0
MEHIRE;14;29.11.1963;0;14
SACAATTIN;4;29.4.1960;4;0
REMZETTIN;8;16.8.1965;8;0
ESALEDDIN;9;9.10.1956;9;0
SAIDALI;1;16.12.1965;1;0
GULSUFE;7;23.5.1955;0;7
TAYYARI;2;21.11.1976;2;0
MAHPUBE;11;30.9.1947;0;11
LAVIZE;4;14.10.1974;0;4
ULYAM;1;27.3.1956;0;1
ELADDIN;30;6.11.1954;30;0
MECMU;1;21.6.1963;0;1
GULBEG;6;5.11.1961;6;0
CEMINAZ;3;6.9.1961;0;3
DURSUNPASA;1;6.6.1963;1;0
BINNIHAR;1;2.2.1969;0;1
CANGEZER;1;6.12.1984;1;0
NUGUME;2;2.4.1966;0;2
MEHMETYASAR;3;25.2.1949;3;0
IHMANI;1;12.1.1971;1;0
RASIBE;10;15.7.1959;0;10
HESUNE;1;17.8.1936;0;1
MAHIMEHRI;11;21.11.1949;0;11
NUHAGA;2;6.9.1967;2;0
MUCAHER;3;18.8.1962;2;1
RAYLE;25;6.3.1973;0;25
GULMAH;1;17.5.1990;0;1
ZULFUGUL;8;23.5.1964;0;8
GULFIKRIYE;4;14.7.1963;0;4
KARALI;3;30.11.1962;2;1
AGALAR;5;29.4.1955;5;0
YURDTAS;1;24.6.1973;1;0
FERHUNDER;1;7.5.1964;0;1
GULSIMAM;1;6.10.1950;0;1
SINAYIL;2;7.2.1963;2;0
LATIFET;3;4.2.1944;0;3
VATANUR;2;12.8.1966;0;2
MUCAIL;4;5.11.1972;4;0
NUDET;1;7.1.1965;0;1
NEGAHAN;34;8.2.1980;0;34
ABDULMUDTALIP;7;30.12.1977;7;0
ZENNILE;1;28.4.1950;0;1
IZAFETTIN;4;29.8.1963;4;0
GULUNAR;28;7.12.1961;0;28
GORGUNAZ;1;2.5.1950;0;1
MUSLAHETTIN;2;12.3.1969;2;0
NISANGUL;170;18.4.1972;0;170
TULCAY;7;20.12.1969;0;7
SIBELAY;6;23.1.1979;0;6
BAYCA;3;5.2.1984;1;2
SERDENGER;1;26.5.1991;1;0
MEHMAYIL;6;17.5.1965;6;0
HULVANI;5;6.10.1962;5;0
ABULMUHSIN;8;14.12.1955;8;0
RAHIZET;3;22.5.1963;0;3
GULSEREL;1;2.5.1957;0;1
SENAYER;1;7.4.1964;0;1
FIYAZI;1;1.6.1952;1;0
GULMAYE;1;12.9.1983;0;1
MIZIRAL;1;1.7.1967;1;0
EDNAIL;30;24.9.1962;30;0
ZULHAMI;1;20.8.1960;1;0
MUSGUNAZ;32;24.8.1957;0;32
EHRINAZ;1;23.5.1979;0;1
BAHRIYA;7;11.10.1973;0;7
MUTAIP;3;2.12.1956;3;0
OZU;8;27.7.1966;5;3
GULSUZAN;7;16.7.1951;0;7
ESAL;3;26.1.1947;0;3
RUIDIL;1;21.4.1930;0;1
HAMASLI;1;27.8.1932;0;1
FETME;6;20.12.1950;0;6
CIHALE;4;12.8.1962;0;4
FIKAT;3;25.7.1958;0;3
SERASKER;4;22.2.1938;4;0
OZMUR;1;12.4.1968;0;1
DORTGUL;1;12.2.1965;0;1
BURHA;2;17.4.1986;2;0
PAYDAS;5;16.7.1980;5;0
LAFI;4;17.8.1962;3;1
NURTENI;3;12.4.1965;0;3
MAVLE;2;26.4.1964;0;2
HACIBAKI;1;18.10.1985;1;0
BURUHAN;2;28.1.1988;2;0
HUMIYE;11;13.11.1960;0;11
HURESER;2;25.10.1975;0;2
GADUN;3;6.1.1964;0;3
RUHHI;2;7.6.1974;2;0
DUDUBAL;16;19.4.1966;0;16
MUHTEZE;1;23.6.1982;1;0
TUNBUL;8;21.4.1953;0;8
CUCAN;3;18.3.1952;0;3
VAHIYET;3;27.11.1977;0;3
AYPAZ;1;20.7.1982;1;0
SALPAR;1;18.7.1981;1;0
INANIR;16;5.11.1980;14;2
AYIN;33;2.5.1958;1;32
AFARIM;1;2.1.1949;0;1
ALPAR;35;19.12.1973;34;1
ZERNURE;1;22.3.1955;0;1
UZEYFA;5;26.7.1973;4;1
LAIGE;2;18.6.1974;0;2
NEBAFER;2;10.1.1972;0;2
AYTUGRUL;6;14.8.1978;6;0
NECBEYI;1;27.1.1932;0;1
BORTEKIN;1;27.7.1979;1;0
ALIYERLI;1;27.2.1956;1;0
UZINE;2;23.3.1970;0;2
NEJBAHAT;1;12.10.1971;0;1
MAHCEBIL;5;12.12.1943;0;5
SENNA;4;21.11.1948;0;4
GULYANDAM;1;9.8.1953;0;1
MUZENBIL;2;12.6.1966;0;2
BABURHAN;15;24.2.1980;15;0
SILVIYE;2;25.8.1969;0;2
SATUG;2;11.4.1976;2;0
ARSUMAN;7;20.5.1963;0;7
KESNEF;1;29.2.1953;0;1
MEHCEBIL;8;21.6.1952;0;8
MUKAFETTIN;6;19.12.1959;6;0
MAKBARE;12;3.3.1963;0;12
GULSAYAN;5;15.7.1959;0;5
NEFHURIYE;1;11.12.1975;0;1
GUNDEMIR;1;30.7.1980;1;0
ZULBIYER;2;22.11.1963;0;2
ELATIN;4;2.2.1973;4;0
HULAL;4;14.3.1972;2;2
GULPUNAR;2;2.2.1975;0;2
BENGINUR;5;23.4.1976;0;5
SERMAY;9;26.8.1966;0;9
MAFAK;4;11.6.1962;4;0
ELEMAN;6;25.8.1961;4;2
MUDDES;2;9.4.1950;2;0
HAKIRE;18;17.12.1957;0;18
MUKEZZIN;1;17.2.1960;0;1
MUZZEN;4;30.8.1955;0;4
MUGADDEM;6;17.10.1957;1;5
MAHBURUZ;1;2.2.1963;0;1
MINEZZER;4;24.7.1961;0;4
LAVER;45;24.1.1955;30;15
TEVHIK;8;15.6.1953;8;0
BALLAR;24;7.11.1955;1;23
SERBAB;1;12.8.1935;0;1
TIFTIK;9;20.9.1946;1;8
GIULU;1;27.11.1953;0;1
BEKLI;1;22.4.1931;0;1
RAFIGUL;7;1.4.1974;0;7
SUNTAY;1;14.4.1983;1;0
FAIMIYET;1;28.6.1948;0;1
YIGITOL;2;27.9.1983;2;0
SAFIR;9;4.5.1961;2;7
ISVIHAN;2;19.3.1982;0;2
SEHGINAZ;1;11.12.1973;0;1
NECMETTINYAVUZ;1;7.4.1976;1;0
USLUHAN;14;23.11.1963;3;11
TOHVE;11;27.1.1952;0;11
YENOL;1;7.5.1988;1;0
IMRAY;19;17.1.1980;1;18
NEZAKAR;3;18.9.1957;1;2
INCIRAY;6;16.9.1970;0;6
SERVIHAN;15;1.11.1969;1;14
ERGINAZ;3;12.10.1970;0;3
VECIHATTIN;1;3.6.1955;1;0
ADIF;9;21.6.1957;3;6
ERGUNDUZ;4;16.5.1957;4;0
FILIKAN;1;22.4.1970;0;1
OKCEN;2;18.1.1965;0;2
MUHUT;15;20.6.1965;15;0
CETINEL;3;19.1.1979;3;0
BEKSAT;3;30.4.1979;3;0
PINARCAN;1;11.11.1985;0;1
SHAFAGAT;1;16.7.1953;0;1
PINARHAN;1;1.12.1983;0;1
TERBINUR;1;8.8.1953;0;1
GULERSER;3;2.7.1962;0;3
MUTTEKIN;4;26.12.1967;4;0
PUPI;9;13.6.1947;0;9
MEFAKAT;1;27.6.1938;0;1
PUNBUL;3;11.9.1960;0;3
EYYUF;1;21.6.1963;1;0
MEKAMET;4;27.8.1953;0;4
HERMIYAS;1;14.7.1980;1;0
ZENCI;10;16.11.1956;3;7
NAZEKER;1;16.2.1979;0;1
HURRUMET;1;16.2.1989;0;1
YAKUBET;2;12.3.1970;0;2
NURMUHAMED;1;6.6.1976;1;0
BAYRAMBEK;1;26.10.1979;1;0
BUDAKBEY;1;12.11.1974;1;0
REZAI;7;9.4.1966;7;0
MIRMELKI;1;17.2.1966;1;0
PAVIZK;1;12.2.1953;0;1
MEMU;3;28.4.1944;3;0
ABDULSITTAR;14;5.3.1974;14;0
EVINE;2;17.1.1986;0;2
ZEREVAN;5;25.8.1991;5;0
GELAVEJ;1;12.7.1991;0;1
PAHISK;1;4.4.1955;0;1
NILBAY;2;30.12.1983;2;0
ASHET;2;9.5.1974;2;0
SIHU;5;18.11.1939;5;0
URUFA;1;1.10.1950;0;1
BAVIZ;1;22.8.1925;0;1
PURIHAN;1;9.5.1977;0;1
MUSAHTI;2;11.11.1949;2;0
SITIZUBEYDA;2;23.5.1965;0;2
FAZLETTIN;14;19.10.1970;14;0
GIRIVAN;2;15.2.1985;0;2
ARISE;7;22.5.1950;0;7
MUVARRIH;1;22.8.1955;0;1
SAHSEDDIN;30;17.6.1959;30;0
SAFAN;2;6.1.1976;2;0
ZEFIRA;2;12.4.1976;0;2
PAYIZ;4;15.5.1978;0;4
KABET;8;2.2.1972;1;7
NECMAN;22;5.4.1967;12;10
TAYYIBAT;8;7.3.1965;1;7
ZEMIDE;9;30.9.1973;0;9
BIKES;3;24.10.1970;1;2
FEREYNAZ;1;7.8.1952;0;1
MEREZHAN;4;24.9.1973;0;4
KUCER;17;5.1.1964;4;13
AMU;1;27.2.1938;1;0
ULIFER;3;11.1.1970;0;3
HEKIMA;5;14.12.1979;0;5
MEHYE;4;4.11.1949;1;3
SEINIZ;1;28.10.1990;0;1
CIRIHAN;9;19.9.1979;0;9
HEFSA;1;12.8.1953;0;1
ZIRIN;6;16.12.1939;0;6
HIZRI;1;27.2.1974;1;0
MIMI;23;8.10.1951;0;23
SUTU;9;20.5.1941;5;4
HOSAVI;1;29.11.1963;1;0
FERHEM;1;3.8.1980;1;0
UNBER;1;2.2.1939;0;1
HARBIYA;4;25.7.1961;0;4
MESTANI;3;15.8.1965;2;1
ZAMO;1;2.8.1933;0;1
MUAFIK;9;12.4.1972;9;0
ZINETULLAH;2;18.4.1959;1;1
ABUZAHIR;1;26.7.1964;1;0
EHLIM;1;26.9.1989;1;0
NAFIH;24;30.9.1967;24;0
LEHICAN;1;27.2.1974;0;1
SEFIKNURI;1;2.7.1963;1;0
VIHAN;3;15.10.1980;0;3
RUBA;20;1.6.1975;0;20
NIYARI;1;23.9.1980;0;1
CERIYA;3;25.8.1967;0;3
SAHICE;4;23.1.1965;0;4
FETVA;37;7.5.1967;0;37
NIZMET;4;23.9.1978;0;4
FERECULLAH;2;28.11.1973;2;0
SUMEYAN;2;4.1.1992;0;2
SEFO;10;14.8.1950;3;7
NIHU;4;1.5.1927;0;4
SEPIRZE;4;30.2.1967;0;4
MULKESSIM;2;18.2.1981;0;2
HERMIK;1;7.8.1928;0;1
JIVAN;3;26.10.1991;1;2
NAVDELI;1;24.9.1973;1;0
DEVIS;1;2.2.1939;1;0
HUSEBI;2;15.2.1982;2;0
DILOVA;1;17.10.1990;1;0
ENDELI;1;7.8.1934;1;0
NEMAM;1;15.11.1977;0;1
BIRCO;1;11.4.1951;1;0
MERCU;3;4.8.1943;0;3
ZEKIBA;1;8.1.1957;0;1
HEVAR;2;30.10.1991;1;1
HOSABI;2;23.2.1984;2;0
BERU;3;5.11.1973;0;3
CUVERYA;3;6.4.1973;0;3
DINU;3;22.4.1955;3;0
CERIHAN;10;6.11.1957;1;9
MEYTEBA;2;12.11.1963;0;2
HATUNZIN;1;3.12.1949;0;1
NELIFA;1;13.5.1977;0;1
ZEHI;5;2.5.1953;0;5
NIDAR;20;20.12.1971;4;16
HAMIRA;9;19.11.1950;0;9
KESIRA;5;28.2.1980;0;5
KIJUL;3;18.2.1958;0;3
ABDULLCEBBAR;1;6.12.1974;1;0
SEHNIZ;4;15.2.1981;0;4
EMU;2;27.5.1938;0;2
LAHICAN;4;29.1.1980;0;4
LEYICAN;1;22.9.1985;0;1
ZEMRIT;1;22.6.1979;0;1
RONAK;4;1.1.1975;0;4
LAICE;1;21.2.1983;0;1
ZEMRUDE;3;19.8.1958;0;3
BISENG;45;28.7.1985;0;45
LEYOZA;1;2.11.1973;0;1
KUTUR;2;17.2.1953;0;2
MULKIZAR;11;17.2.1962;0;11
CICI;30;21.5.1953;1;29
LESKO;1;27.2.1956;1;0
ZEYNELTUNCAY;1;27.6.1983;1;0
TEKSIME;3;14.10.1966;0;3
ASMU;1;1.2.1936;0;1
RUJEN;6;4.10.1974;2;4
URFIHAN;2;19.8.1964;0;2
ATTU;1;26.7.1950;1;0
HELBIN;1;18.12.1989;0;1
HIRYASI;1;6.3.1992;1;0
TONBUS;2;15.10.1966;0;2
YASADIN;23;24.2.1957;21;2
MESHAR;2;28.1.1971;2;0
GKOULTZAN;1;7.3.1978;0;1
URUFEHAN;1;5.4.1986;0;1
RAZZAK;6;17.1.1957;6;0
IVDI;2;29.9.1963;2;0
RUJVER;1;29.7.1991;0;1
HEDU;4;14.12.1943;0;4
MELISHAN;10;21.6.1980;0;10
CELO;4;2.12.1950;3;1
MUSEHTI;2;20.3.1952;2;0
HANAVDEL;6;11.4.1966;6;0
ABDULMANNAV;1;12.1.1977;1;0
HIMETULLAH;6;9.8.1978;6;0
ZEBUDE;5;20.2.1958;0;5
ELFIHAN;1;30.9.1950;0;1
MUZDELIF;14;24.12.1980;3;11
KESRUH;1;1.1.1;0;1
VAHBIRE;1;1.3.1966;0;1
HEFSET;3;27.7.1961;0;3
NAZIYA;14;18.1.1966;0;14
IKBAY;2;2.1.1979;0;2
PIRUZBEY;2;25.7.1971;2;0
ADILSA;6;13.12.1973;0;6
HAMAHIL;1;13.3.1950;0;1
ZEMIRAN;1;2.2.1951;0;1
KUBILE;1;13.3.1937;0;1
MIHACIR;1;19.5.1975;1;0
ULEFA;1;27.5.1979;0;1
BENYAMI;7;29.2.1956;7;0
TEVADET;4;1.3.1966;0;4
HIZU;4;15.9.1945;0;4
KUREYIS;30;10.3.1955;30;0
HUSJIN;1;22.2.1937;0;1
HURBI;1;23.5.1961;0;1
REVO;1;27.3.1953;1;0
HUCRAN;7;30.8.1974;1;6
SAVA;9;2.3.1961;6;3
KAHHAR;6;1.12.1967;6;0
HIVDAR;2;7.11.1988;0;2
NEFILA;4;4.10.1980;0;4
MUHPERI;2;10.8.1982;0;2
FATMAZTAN;1;9.1.1966;0;1
MEHRAP;6;26.8.1982;0;6
TITO;1;17.8.1936;0;1
CIHANET;1;30.7.1991;0;1
FERAHSIN;1;17.4.1980;0;1
HELIS;3;30.9.1965;0;3
AKU;2;14.6.1961;1;1
MERISAH;11;25.9.1964;0;11
HELIMZER;1;12.5.1964;0;1
ODBAN;2;15.8.1983;2;0
ZURYAT;1;4.6.1958;1;0
KUVAN;2;1.3.1987;1;1
KICIN;3;20.7.1952;0;3
HOSEBI;3;19.7.1978;3;0
NAHICAN;1;19.6.1973;0;1
RIZAHAN;5;9.9.1953;5;0
MEGRUM;6;16.1.1970;0;6
KOMRIHAN;2;26.3.1970;0;2
HAFZAT;1;4.7.1928;0;1
FIREYDUN;9;27.3.1979;9;0
CUCUK;2;4.12.1945;1;1
HAYZO;9;15.5.1941;0;9
MAZIYET;5;8.1.1971;0;5
HUSABI;1;2.5.1973;1;0
HAKLIMA;19;15.3.1964;0;19
PIRU;4;26.4.1945;4;0
PURMUS;1;5.5.1991;1;0
CUMAR;1;27.2.1950;1;0
MIYALI;1;12.2.1961;1;0
SEBETTULLAH;3;15.3.1981;3;0
SITU;1;23.4.1949;0;1
GIFTAN;1;12.12.1970;0;1
OMUGULSUN;3;24.2.1978;0;3
ZERIFISTAN;2;15.7.1946;0;2
NAVSAN;1;29.8.1981;0;1
SADIDIN;6;16.3.1947;6;0
UGRAY;12;3.9.1968;9;3
DAGAZ;1;6.8.1990;1;0
ZERRAR;8;21.10.1962;8;0
TAZIYA;1;25.7.1971;0;1
AYAD;6;28.10.1964;6;0
CULI;12;14.9.1959;9;3
BAKLISA;3;22.11.1959;0;3
KELHI;6;3.1.1964;6;0
SIHCAN;1;27.2.1938;1;0
FATU;6;1.3.1954;0;6
BILNAS;5;27.8.1973;0;5
KAJIN;5;29.9.1991;4;1
SAYA;58;2.11.1969;7;51
AISENUR;8;12.8.1974;0;8
TECIR;12;21.12.1966;12;0
MIRSEYID;1;14.10.1976;1;0
FEYUZ;2;28.6.1939;1;1
FERMEN;5;11.1.1969;4;1
FEGRI;2;30.2.1972;2;0
SIYAHHAN;3;6.10.1979;0;3
PEYCAN;5;29.11.1966;4;1
KESKU;2;14.5.1942;0;2
SEMSU;2;2.5.1951;0;2
HUVACE;1;12.12.1949;1;0
HAYO;2;14.5.1938;1;1
HESIM;4;21.4.1955;4;0
SETTI;3;4.4.1964;0;3
ZAHFARAN;1;21.3.1957;0;1
TASDIN;10;25.1.1970;10;0
NEFIBA;1;21.6.1966;0;1
ZINADE;1;30.3.1956;0;1
SEKIRA;2;26.12.1952;0;2
HIZEM;6;27.4.1952;3;3
HUZEYRA;3;14.12.1954;0;3
HECU;3;24.10.1933;1;2
NEMA;8;2.3.1977;0;8
KICULU;1;22.8.1931;0;1
SAHCIHAN;11;16.10.1975;5;6
SILU;2;7.2.1946;2;0
NALIYA;2;23.4.1973;0;2
HAYAS;2;28.7.1950;1;1
MEHMETTAHIR;7;1.7.1978;7;0
HAKILA;3;17.2.1973;0;3
LATIA;1;4.4.1975;0;1
NETICA;2;25.11.1967;0;2
MISAHTI;2;21.3.1970;2;0
IGBAL;22;14.9.1963;6;16
MAVAZ;1;30.4.1956;1;0
KOTIR;6;25.10.1976;0;6
RUKEYTA;2;2.8.1974;0;2
TAYANC;28;8.3.1976;28;0
MAHRIBE;1;27.8.1980;0;1
KOCERU;3;27.6.1965;3;0
MELKESUM;2;18.8.1968;0;2
HAKKILA;1;16.6.1970;0;1
GONEY;2;27.9.1970;0;2
MAZU;1;4.12.1960;1;0
SEMINER;19;16.6.1970;1;18
KEVZE;1;27.6.1986;0;1
SECIHE;2;16.12.1965;0;2
UBEYDULAH;2;15.2.1976;2;0
MAGBULA;2;19.12.1956;0;2
MUAVI;2;24.11.1975;2;0
ZEMUDE;3;28.3.1964;0;3
MUSLUHUTTIN;2;16.9.1970;2;0
AFSAT;1;11.4.1980;0;1
NAZIMIYE;29;17.5.1960;0;29
KELO;7;7.5.1955;7;0
VECIDA;4;16.11.1979;0;4
VALATTIN;1;1.5.1971;1;0
VILAN;1;24.4.1981;0;1
LALESIN;2;16.4.1972;0;2
DESVAN;1;11.6.1991;1;0
EVFA;1;3.4.1968;0;1
RABIN;9;25.10.1979;8;1
CARIYA;3;29.1.1970;0;3
MEHICA;1;12.2.1953;0;1
DINSEVER;5;13.9.1971;4;1
FAHRISAH;2;7.8.1984;1;1
CELI;5;1.8.1958;1;4
KUDO;2;22.5.1945;1;1
CIGSI;1;6.8.1979;1;0
DOTMIR;15;25.7.1975;0;15
SEHZANAN;1;17.5.1967;0;1
MIRMIHI;1;4.1.1954;1;0
HAFILET;2;6.10.1979;0;2
CIKO;5;9.8.1944;4;1
HOSTI;6;4.10.1957;6;0
SEV;14;8.12.1971;1;13
KARDAR;1;3.6.1961;1;0
SORANI;1;15.10.1970;1;0
SUMU;1;22.8.1937;0;1
TECO;3;25.10.1956;3;0
JILA;5;18.4.1986;0;5
BEHROZ;1;2.5.1988;1;0
HEBIBEKIR;3;19.2.1944;3;0
KABILE;19;19.4.1970;0;19
FERHENK;11;17.1.1973;9;2
FETULLA;3;9.6.1967;3;0
FAGIR;1;2.9.1987;1;0
TILIYE;2;16.5.1970;0;2
ABDUKAHAR;1;18.3.1965;1;0
KEVKEZ;2;2.6.1975;2;0
BIRBEZ;4;8.4.1960;0;4
MEHRIBA;14;6.10.1952;0;14
MEKRIMA;3;6.12.1969;0;3
INZAR;4;18.4.1973;3;1
MIVAN;4;19.9.1955;4;0
GULANAM;2;2.8.1939;0;2
MEYVAN;5;17.6.1959;2;3
ZIHAT;10;7.4.1978;10;0
NEDIMEHAN;2;15.3.1954;0;2
MELIL;9;27.9.1967;2;7
BILBEZ;1;4.8.1941;0;1
NURTEM;6;7.9.1970;0;6
SILLER;1;27.2.1992;0;1
MAMBIZ;4;20.4.1963;0;4
ARIS;69;20.1.1967;49;20
TETO;4;3.3.1955;4;0
CURMI;3;10.3.1959;0;3
SAHMIR;3;21.8.1965;3;0
SARICA;32;3.2.1972;0;32
SAHLIME;1;2.1.1974;0;1
SAZ;2;4.6.1944;0;2
HEVMET;1;1.12.1965;0;1
HAVARI;2;27.8.1944;1;1
MEYRUMA;1;28.8.1967;0;1
MEGRIMA;5;15.2.1979;0;5
RACIDE;7;7.2.1966;0;7
EYNI;5;25.9.1962;1;4
MEGMER;1;22.4.1991;0;1
ZENIBA;1;18.5.1979;0;1
MUHSIMA;8;16.4.1964;0;8
SEBRIHAN;1;17.8.1978;0;1
TEVSILE;1;7.8.1928;0;1
BEKIRHAN;16;23.4.1982;16;0
MEZBIH;2;10.12.1974;2;0
DERBAN;1;27.2.1943;1;0
MERARIHAN;1;4.5.1945;0;1
SEHAM;11;6.7.1964;1;10
IMBAT;9;25.1.1974;5;4
RACIN;1;14.12.1988;0;1
LEVHI;7;5.7.1959;7;0
SAMIDE;18;24.5.1973;0;18
IDABET;1;7.8.1982;0;1
MEGRUMA;1;7.9.1976;0;1
GULILIK;4;15.1.1954;0;4
SUNCU;1;4.3.1941;0;1
PER;2;12.8.1929;0;2
SORISVAN;1;26.4.1978;0;1
MECITHAN;5;25.4.1973;5;0
BIMINE;1;22.2.1955;0;1
VUHAP;3;21.8.1980;3;0
CEVEYRA;1;21.3.1965;0;1
YUSUFUFUK;1;16.12.1976;1;0
MEHSIMA;14;9.4.1974;0;14
HUMAV;1;28.9.1950;0;1
MAGRUM;3;9.12.1975;0;3
KULFET;4;26.12.1961;0;4
GIZI;2;26.7.1959;0;2
YUSUFISIK;1;12.7.1978;1;0
GECOL;1;1.1.1;0;1
ABUBAKIR;1;16.4.1976;1;0
MISRIDDIN;1;28.8.1973;1;0
FEYRULLAH;3;23.6.1972;3;0
VEYSIK;1;17.8.1930;1;0
HADO;5;17.9.1945;3;2
SUKRANI;7;10.3.1973;2;5
HOSTEVI;3;24.7.1955;3;0
CEBELIK;2;24.11.1969;2;0
AVDI;52;19.6.1955;52;0
SAVLI;2;6.6.1972;2;0
MAKSAT;11;15.6.1983;2;9
SEDDIK;2;3.3.1965;2;0
ARMUSOK;1;25.1.1955;0;1
MUM;3;12.8.1949;0;3
NAZINDE;11;3.4.1957;0;11
GELEVIJ;1;27.8.1980;0;1
SETARHAN;1;19.4.1964;1;0
BIZINAK;1;2.8.1945;0;1
PISAN;1;12.8.1935;0;1
HAFLET;3;26.6.1981;0;3
HOH;4;25.1.1938;0;4
HUMARI;1;24.3.1961;0;1
BABIZDIN;1;21.9.1965;1;0
SENIA;44;9.3.1961;0;44
CIMI;3;20.12.1951;1;2
TELELLI;1;27.8.1932;1;0
SUNGUN;9;14.8.1976;6;3
MAGRUMA;4;5.8.1967;0;4
FENAR;9;14.1.1953;3;6
SANZI;1;24.4.1955;0;1
ZUMRIDE;3;26.1.1960;0;3
STAR;4;20.2.1986;4;0
BEHSI;1;22.8.1943;1;0
SEFYAN;3;20.12.1973;2;1
BAYREM;6;7.5.1968;6;0
HEVAHAN;5;24.10.1956;0;5
SAHKULI;1;1.1.1;1;0
CAZ;1;27.8.1974;0;1
NESIDA;1;22.2.1991;0;1
HALAL;2;17.6.1972;0;2
VEYSAN;6;3.8.1977;2;4
MIRDAT;1;7.8.1976;1;0
AN;6;10.9.1969;2;4
BILAD;2;17.8.1984;1;1
ABDULBAZIT;1;13.6.1990;1;0
HUSNIHAN;5;10.5.1971;0;5
GEZIZE;1;8.12.1990;0;1
MIZGEFTI;1;21.4.1948;1;0
ZIRAR;8;28.3.1972;8;0
BUKRI;1;28.4.1961;1;0
CAHSIN;1;22.8.1979;1;0
MAMSIN;1;22.8.1931;1;0
MENIA;3;9.10.1982;0;3
TEMERHAN;10;23.11.1968;10;0
FER;6;27.9.1956;2;4
BEGISI;5;12.7.1950;0;5
GELAVIR;1;12.8.1977;0;1
FEKO;1;7.8.1922;1;0
KIL;1;17.8.1930;1;0
SIHI;92;24.5.1961;84;8
HEVARI;1;24.8.1991;1;0
MIKAS;1;27.11.1991;1;0
GANZAT;1;5.6.1951;0;1
NEZIBA;5;5.8.1972;0;5
HAVZ;1;27.8.1938;0;1
HIVA;15;14.7.1985;1;14
IVA;3;21.6.1966;0;3
POR;5;26.2.1953;0;5
MUSELMAN;5;1.8.1980;0;5
KEKLAV;1;2.8.1933;1;0
HAYZI;1;22.8.1931;0;1
GELAVIS;2;6.12.1975;0;2
ZELIFA;3;26.2.1968;0;3
ZER;9;25.4.1959;3;6
HILA;2;13.2.1962;0;2
GAFOR;2;23.2.1964;2;0
ZERT;1;17.8.1978;0;1
VERDAHAN;2;1.2.1971;0;2
KUCI;1;17.4.1965;0;1
HEFST;1;12.8.1935;0;1
HERKI;2;2.8.1933;1;1
NAVIL;1;26.8.1978;0;1
HANEMIR;10;6.5.1961;10;0
RIYA;7;4.1.1945;0;7
SEMBOL;12;28.9.1968;6;6
MIRTAC;10;11.8.1972;2;8
GEGO;2;2.5.1945;2;0
SINC;1;17.2.1936;0;1
MAGRIMA;2;9.7.1976;0;2
LESKIRI;2;2.2.1956;2;0
KAVIS;2;27.8.1977;2;0
ABDULSTAR;1;6.4.1991;1;0
MERDIYET;3;4.8.1981;0;3
RADIYET;2;30.11.1986;0;2
SIDAP;1;11.5.1981;0;1
MULULSE;1;4.5.1969;0;1
DILBEZ;2;3.4.1938;0;2
MEHRAN;17;4.1.1970;13;4
HAVSI;8;25.1.1955;0;8
AKRET;1;7.10.1988;1;0
ABDURGAFUR;2;4.1.1969;2;0
ESIMA;3;18.3.1986;0;3
SIDABE;1;6.8.1979;0;1
TEMIHE;1;6.1.1990;0;1
TAHRIK;3;5.1.1973;3;0
IFRAZ;9;19.6.1971;5;4
PIRBEZ;5;29.9.1948;0;5
MAGDIT;2;12.2.1971;2;0
MELILE;1;21.10.1981;0;1
EBUBBEKIR;2;24.4.1985;2;0
HEYMAN;2;18.3.1976;1;1
ENIFA;3;11.4.1947;0;3
ZERDELI;3;24.9.1958;0;3
MEDNI;1;17.8.1942;1;0
CEYRA;3;12.4.1983;0;3
MIRAHMET;1;21.3.1954;1;0
BETSAH;1;12.8.1977;0;1
MAKRUM;2;6.3.1977;1;1
SAP;1;21.8.1930;0;1
SAYIB;2;3.1.1965;2;0
REHNA;10;15.4.1962;0;10
REBAR;2;5.9.1983;2;0
LEYAN;3;12.9.1971;0;3
ENDILE;1;27.12.1980;0;1
MAHRIF;2;30.11.1977;2;0
PIRBES;3;14.3.1959;0;3
SAR;3;9.2.1976;1;2
MUHAMEET;1;18.4.1990;1;0
RECIA;4;20.7.1955;0;4
SETIL;2;17.6.1939;2;0
AHMATHAN;1;17.8.1978;1;0
SAZERI;2;28.6.1964;0;2
ZIRAV;28;27.11.1962;0;28
VARICE;1;27.8.1986;0;1
CEHVEN;1;11.8.1981;1;0
ILMEDULLAH;1;15.8.1971;1;0
BUKKI;1;15.5.1963;0;1
ABOZEYIT;1;24.3.1967;1;0
MAHRUF;8;8.11.1968;8;0
HANAHMET;9;13.5.1943;9;0
HANAVDAL;2;10.9.1961;2;0
SARACADDIN;1;4.4.1955;1;0
CEVI;9;3.12.1949;0;9
KICO;13;6.11.1945;12;1
KARO;6;8.11.1944;6;0
RUMLETE;1;26.6.1978;1;0
ZULF;1;22.11.1979;0;1
DILGAZ;2;21.11.1989;1;1
CEVERI;1;29.3.1950;0;1
SAGCAN;6;1.4.1985;3;3
BAFRA;3;12.8.1979;0;3
SILIR;1;22.2.1991;0;1
RINAK;1;6.2.1992;0;1
FUZIYE;2;14.12.1974;0;2
REKIYA;11;29.2.1967;0;11
MOMIM;1;2.8.1915;0;1
SEVRI;13;6.6.1961;6;7
MAGMUR;2;2.8.1974;0;2
MEMIN;3;26.8.1948;2;1
MAVLUT;2;20.1.1986;2;0
HUNEYSA;1;26.1.1991;0;1
ONBER;3;19.2.1979;0;3
SIDAVE;4;6.5.1976;0;4
BESIHAN;7;20.10.1967;0;7
ABDULFENAF;1;21.8.1965;1;0
ZERAR;1;3.8.1962;1;0
HUZEYRAN;1;12.8.1923;0;1
TEMINA;1;2.8.1981;0;1
TERMAN;7;21.1.1963;2;5
MAHSEMA;3;14.12.1975;0;3
MEVAN;5;1.12.1968;3;2
MEGMUR;1;29.3.1966;0;1
MAGDUMA;1;21.11.1981;0;1
MESIMA;1;22.11.1965;0;1
MERIFA;4;4.12.1969;0;4
GULHAC;1;8.3.1952;0;1
ETFA;1;29.5.1961;0;1
BENAV;2;25.1.1967;1;1
BERICAN;11;3.7.1985;0;11
NAVHOS;3;27.3.1959;3;0
SAZEMAN;1;6.4.1974;0;1
SEHRIYA;8;8.6.1968;0;8
DESTKO;1;27.8.1950;1;0
REHMAN;13;1.2.1964;12;1
SAM;13;11.4.1974;11;2
NEHYEDDIN;1;18.8.1965;1;0
FAKO;2;7.8.1934;2;0
NIHAZET;1;28.6.1967;0;1
ATFA;1;23.3.1955;0;1
SIHSIN;6;22.1.1961;6;0
BARANIK;1;2.6.1975;1;0
SERECINDI;1;28.7.1944;1;0
IZGE;19;23.6.1983;2;17
NAM;4;1.5.1946;0;4
ABDUVAHAP;5;28.1.1968;5;0
KONDU;1;2.8.1933;1;0
RIBER;14;2.8.1987;14;0
NECVAN;33;22.11.1965;7;26
AMIDI;1;29.5.1961;1;0
SITARHAN;2;26.3.1960;2;0
VERINA;1;7.2.1988;0;1
SAF;4;19.1.1950;0;4
MUVARREK;1;9.8.1952;0;1
NAFISA;4;23.5.1972;0;4
FAYCA;1;7.12.1982;0;1
NET;3;15.8.1966;0;3
SUR;2;10.6.1946;0;2
MEHCEMIN;3;18.6.1971;0;3
GERDENI;1;2.8.1961;0;1
EYMEM;1;7.8.1982;0;1
TEYMENE;1;27.2.1992;0;1
VAHIR;2;13.10.1982;2;0
SENTIBA;1;12.3.1983;0;1
BAHITIN;3;8.6.1976;3;0
MAT;2;6.3.1954;0;2
HAYZIRAN;4;27.2.1957;0;4
DUTMIR;1;8.4.1975;0;1
ABDULMUTTALLIP;6;17.11.1975;6;0
CAYMAZ;17;25.2.1970;15;2
NEDIFA;6;21.3.1965;0;6
BESOK;1;26.6.1952;0;1
PEPO;5;27.8.1937;4;1
NAZANDE;10;27.2.1972;0;10
MOZI;3;17.4.1936;1;2
AVRIYE;2;23.8.1946;0;2
MAGDU;1;12.8.1965;1;0
FEYRUZGAN;1;7.10.1982;0;1
SICAK;1;12.8.1977;1;0
MERGUM;1;2.8.1933;0;1
BISKI;2;9.1.1949;0;2
HOSSO;4;14.1.1946;4;0
ZERDEBI;1;29.3.1958;0;1
IZAR;72;26.2.1956;1;71
BIJAR;2;2.3.1986;2;0
RIJYAR;1;7.2.1988;1;0
OYANIK;1;8.11.1980;1;0
MAHSET;4;14.5.1964;3;1
BAHAV;1;12.8.1935;0;1
NESINE;9;22.10.1955;0;9
LEYL;2;7.1.1955;0;2
MEKRUM;1;17.8.1936;0;1
AHYAHAN;1;24.3.1961;1;0
LESGIRI;1;2.8.1927;1;0
MARARI;1;30.4.1954;0;1
TANNIYE;2;2.8.1981;0;2
MAHRIME;1;13.6.1956;0;1
MELKO;1;7.8.1946;1;0
KIZMET;1;16.9.1986;0;1
MUFERDI;1;24.8.1966;1;0
ASKO;1;5.4.1971;1;0
SENK;1;6.6.1956;0;1
RIP;1;27.8.1950;0;1
ABDUAZIZ;3;7.6.1968;3;0
KURUK;1;22.8.1943;1;0
HAVSIYE;6;18.9.1969;0;6
LAV;3;18.4.1956;3;0
NEYAR;1;23.5.1990;1;0
CURUM;2;16.2.1969;0;2
MAHRIMA;1;24.9.1980;0;1
SEMETHAN;1;2.8.1927;1;0
DOK;1;17.8.1936;0;1
GAL;2;19.10.1985;1;1
MEYAS;10;24.1.1965;0;10
AGAK;1;22.8.1931;1;0
CIHSI;1;24.2.1966;1;0
HOSO;13;8.4.1949;13;0
AHMO;5;17.1.1954;5;0
MANA;23;8.5.1973;0;23
SERHAL;7;22.3.1977;4;3
ZILF;1;22.8.1931;0;1
SERIA;11;16.5.1965;0;11
MUZGIN;13;28.12.1973;3;10
NEHLA;21;24.10.1964;0;21
NISTIMA;2;1.5.1989;0;2
HEZEYCA;1;29.9.1982;0;1
ABDULBEY;1;11.6.1962;1;0
BAHIYA;1;11.5.1967;0;1
MEZRIHAN;2;21.3.1986;1;1
ABDULHABI;1;17.10.1984;1;0
CURMA;1;21.11.1977;0;1
MAHRUM;2;9.12.1973;0;2
OMRUHAN;12;21.8.1977;0;12
SERHINK;2;19.1.1960;2;0
HUMEMEYRAN;1;14.5.1958;0;1
GEGISI;1;27.8.1932;0;1
SARMAN;5;10.2.1957;5;0
MAHSIN;7;7.3.1972;6;1
NIRI;1;27.8.1926;0;1
TADILA;1;2.12.1981;0;1
ZUMERYAN;1;13.3.1986;0;1
KEVYEDIN;1;7.12.1976;1;0
MELYAHAN;1;12.8.1941;0;1
DARGIN;6;10.1.1986;5;1
ZUBEYCE;3;26.2.1960;0;3
SULET;8;18.8.1968;1;7
SEYAD;6;19.8.1981;5;1
ZENO;12;21.1.1952;1;11
SAMIYETTIN;2;26.5.1976;1;1
PENCI;4;2.4.1969;4;0
SADRIYEM;1;24.5.1975;0;1
HIRO;2;6.8.1939;2;0
SIDAVA;1;7.3.1964;0;1
ISLAHETTIN;1;17.6.1984;1;0
SUDAVE;6;12.9.1982;0;6
MIRYEMHAN;2;24.12.1960;0;2
CIRYA;2;12.7.1989;0;2
MULKUYEHAN;1;22.2.1991;0;1
AKLIMU;1;17.8.1954;0;1
NAHOS;1;12.7.1989;1;0
DEHILA;2;2.5.1956;0;2
GABAR;2;10.9.1991;2;0
VEKAS;1;3.9.1991;1;0
ABDULRIDDAR;1;5.3.1957;1;0
MEHSUME;2;22.5.1961;0;2
MEHSIME;1;25.2.1954;0;1
SANAM;6;28.1.1974;0;6
SINYAR;1;5.9.1978;1;0
GAYILA;1;1.3.1961;0;1
LEZIZA;3;18.8.1984;0;3
CIGAR;1;7.3.1976;0;1
ERDELAN;1;7.6.1988;1;0
ERSALAN;3;9.10.1979;3;0
TEYMINE;7;18.11.1968;0;7
TAYIDE;7;5.4.1969;0;7
SERCAT;2;5.11.1991;2;0
GULLIMDAN;1;26.4.1966;0;1
VARDAT;1;27.6.1965;1;0
ENISET;3;16.8.1964;0;3
CEGERHUN;1;27.2.1992;1;0
NEAMI;2;19.9.1951;0;2
UCYILDIZ;1;24.2.1961;0;1
CEKO;8;2.9.1956;7;1
KUTRI;1;27.2.1944;0;1
NEDELI;2;29.8.1971;1;1
KEYFU;1;17.3.1966;0;1
BIBU;1;9.6.1964;1;0
MULKIZAN;1;6.12.1974;0;1
MIRYAMA;2;25.9.1970;0;2
NEZIFA;10;8.12.1969;0;10
KURDIYE;12;19.10.1970;0;12
IDDIRIS;1;1.5.1965;1;0
KOKA;1;17.3.1964;0;1
KARADACEDDIN;1;27.8.1930;1;0
MAMEZER;1;2.2.1945;1;0
GOLLI;15;25.2.1951;1;14
ZUBERCET;9;20.3.1963;0;9
M.TAYYAR;2;4.10.1945;2;0
NURSENAN;1;30.1.1955;0;1
SERHENG;1;6.4.1961;1;0
HOGI;5;25.10.1961;0;5
EKILA;1;3.3.1961;0;1
TUTIHAN;2;13.9.1943;0;2
SIMYAN;1;22.10.1991;1;0
RAHSANDE;1;27.8.1968;0;1
CEVERYA;1;6.1.1945;0;1
SIDAYE;2;26.4.1965;0;2
TUGGUL;4;26.10.1982;0;4
ZAHFI;1;17.2.1948;0;1
ESPENDIYAR;4;8.8.1965;4;0
SONGOL;15;12.3.1980;0;15
ABUBEKIRSIDDIK;1;12.5.1971;1;0
MIHRISTAN;1;19.3.1964;0;1
EVRAZ;1;19.7.1991;1;0
HUSEVI;1;18.8.1959;1;0
MUSSELMA;1;19.10.1970;0;1
SUDAVER;2;12.5.1976;0;2
JIYAR;1;27.2.1992;1;0
OZKAL;35;24.11.1970;34;1
NEJIP;1;1.5.1961;1;0
ELNAZ;8;21.9.1983;0;8
BEGSI;1;20.9.1969;0;1
GULATTE;1;28.6.1960;0;1
FAHRISERDAR;1;26.12.1981;1;0
HIJYAR;1;9.3.1991;1;0
MARU;2;17.3.1944;1;1
TULININ;1;28.6.1982;0;1
CANPUR;1;21.5.1988;1;0
NISRET;7;30.12.1966;6;1
HEVINT;1;10.3.1976;1;0
GULSENA;13;10.5.1977;0;13
VEDYA;3;18.2.1977;0;3
SELAHDIN;1;2.5.1971;1;0
SEBAHADIN;5;9.2.1951;5;0
HUSTEVI;1;29.6.1974;1;0
YAHUDA;2;19.11.1976;2;0
CUMHURIYYET;1;21.6.1990;0;1
ROJEN;16;13.4.1982;6;10
MIRMUHYETTIN;1;27.3.1974;1;0
GOLLUSOR;1;12.2.1947;0;1
KORUS;1;11.10.1972;1;0
BEYAR;13;1.9.1976;10;3
SAFIRA;28;29.4.1963;0;28
NAVDENK;1;12.4.1992;1;0
AKIREYI;2;13.1.1951;0;2
SERACDIN;1;21.5.1953;1;0
ZEYEN;1;27.3.1992;0;1
FOZIYE;2;24.10.1975;0;2
MERZIMA;1;22.1.1979;0;1
BAHMEN;1;30.3.1950;1;0
MEHDIYAR;1;14.4.1991;0;1
UDAY;2;9.11.1991;2;0
FASEBYE;1;18.4.1958;0;1
SERADIN;2;5.12.1975;2;0
URYET;1;8.1.1974;0;1
TOLCA;2;3.2.1986;1;1
RECIF;1;11.12.1969;1;0
HED;1;4.1.1974;0;1
HAMYIL;3;8.6.1957;0;3
GASIA;6;14.4.1976;0;6
RUIYET;3;12.2.1950;0;3
SAFYADDIN;1;26.10.1965;1;0
SERICAN;22;28.12.1970;0;22
NEDALI;1;1.3.1974;1;0
HAMIA;1;17.3.1966;0;1
KASEN;1;22.8.1931;0;1
ZIYAHAN;6;2.12.1980;4;2
HACU;8;24.2.1940;4;4
DUKTER;2;17.2.1967;0;2
HOZIYE;2;22.4.1987;0;2
DARCAN;12;11.4.1976;5;7
CESEDDIN;1;1.11.1984;1;0
HISDIMAN;1;17.3.1990;0;1
CEZIH;1;1.9.1971;1;0
MANIYE;5;21.5.1962;0;5
HERIBA;1;16.8.1988;0;1
MEHENGIZ;1;5.4.1992;0;1
KIHAN;1;17.2.1990;1;0
KURDISTAN;6;15.1.1974;0;6
KEVNAR;1;27.9.1986;1;0
GOLCEHRE;2;24.7.1977;0;2
KEBISE;1;17.8.1972;0;1
LEYLIBESERI;1;22.7.1946;0;1
BELIKA;8;26.8.1971;0;8
TUTVI;1;21.12.1958;1;0
FEFKIYE;2;1.9.1988;0;2
TELLICAN;3;12.9.1975;0;3
IRET;2;12.7.1962;1;1
ZALAT;1;1.10.1991;1;0
ESKAN;12;10.11.1975;10;2
HEJYAN;2;9.10.1991;0;2
MARDILET;1;21.2.1971;0;1
SAADRETTIN;1;17.8.1984;1;0
HEL;1;20.6.1946;0;1
VEDFA;25;30.5.1964;0;25
BEDRICAN;4;13.7.1981;2;2
AKREYI;3;27.3.1959;0;3
ZUBEYIN;4;27.3.1962;3;1
AKBIL;3;27.4.1970;2;1
TAMIRCAN;2;26.2.1977;0;2
HIZEYCA;1;28.6.1966;0;1
HATAN;3;30.6.1943;0;3
DOHTER;1;27.8.1950;0;1
KAYTERAN;1;6.5.1939;1;0
KOTAS;5;22.1.1950;1;4
ZENBILE;1;17.8.1984;0;1
TAYFER;1;7.6.1980;0;1
ALUM;1;28.2.1972;0;1
EMIRSELAM;1;16.1.1984;1;0
SEBEP;5;25.11.1977;1;4
SAHZAT;39;24.7.1950;37;2
NAHIF;2;17.5.1935;2;0
MERCUME;1;29.2.1972;0;1
HEVSO;1;9.2.1942;0;1
NADAHAT;1;17.7.1972;0;1
KOLU;2;7.7.1946;1;1
MADIN;3;7.1.1974;3;0
SIYAGAN;1;16.12.1980;0;1
HOMAR;1;22.5.1978;0;1
BORZO;1;16.8.1976;1;0
BABU;2;18.11.1925;2;0
KEVO;24;19.10.1932;3;21
MIHRARI;1;17.10.1966;0;1
NAHSI;9;1.9.1962;2;7
NELYAHAN;1;7.4.1973;0;1
TAGUN;1;7.8.1922;0;1
SUPHUYE;9;22.8.1970;0;9
ZULFUNAS;3;25.10.1953;0;3
GERAVI;1;5.2.1970;1;0
ZARU;2;15.2.1961;0;2
FAZLEDDIN;1;1.8.1979;1;0
TEYCAN;26;2.2.1977;4;22
MIHVAN;3;15.11.1977;3;0
LATIFHAN;2;13.12.1959;2;0
LEMDIN;1;22.10.1967;1;0
MEHYETTIN;13;13.3.1962;13;0
BADDIN;1;23.3.1967;1;0
HINIR;1;23.3.1961;0;1
NURIVET;13;3.4.1968;1;12
SADRETIN;8;17.4.1971;8;0
NETEFA;1;13.6.1959;0;1
HAVSED;1;3.6.1955;0;1
SERAJDIN;2;27.5.1974;2;0
SUDAYE;6;16.7.1977;0;6
MELEKDIBA;1;12.1.1989;0;1
KUBADIN;1;1.7.1967;1;0
GIVER;2;13.10.1961;1;1
DAVIS;1;21.1.1977;0;1
CIVEYRA;2;30.3.1961;0;2
ALAETIN;6;11.8.1969;6;0
FELEN;1;21.11.1968;0;1
HUSARET;1;1.6.1973;1;0
HEMREVIN;4;7.6.1960;4;0
TAYYIBA;9;20.8.1958;0;9
UBEYITDULLAH;1;23.5.1960;1;0
TEVDET;1;22.8.1975;0;1
ABUCET;2;30.9.1974;2;0
FEKKI;2;6.4.1953;2;0
NICIRVAN;4;7.11.1983;4;0
BEHU;1;7.8.1910;0;1
HAMRAVIN;1;25.4.1986;1;0
FAHIYET;1;26.10.1979;0;1
NAZYE;1;18.3.1990;0;1
MIRHAZ;1;3.10.1961;0;1
HEVSET;5;25.1.1961;0;5
SEKRI;2;7.2.1962;1;1
SANPERI;3;10.3.1976;0;3
BEFRIK;1;7.8.1932;0;1
HASAT;6;2.8.1980;3;3
FERCAT;2;10.1.1989;2;0
BANUMANISE;1;22.8.1967;0;1
SULTANHAN;4;26.5.1970;1;3
GULSEYI;1;28.4.1987;0;1
AYSEY;10;2.11.1967;0;10
DELIMA;2;21.8.1969;0;2
NARICE;4;24.6.1981;0;4
KEHAR;3;30.1.1955;1;2
VAHYUDIN;1;1.1.1951;1;0
BAGZER;1;16.6.1979;0;1
ZENANE;1;29.3.1981;0;1
SEHRUGUL;1;22.5.1979;0;1
PARTI;1;12.8.1953;1;0
FELAM;1;17.5.1990;0;1
ISLET;1;17.8.1972;0;1
HUNCA;2;16.4.1964;0;2
CUHEYRA;1;20.2.1942;0;1
ABDULKEHAR;2;14.12.1965;2;0
ADILEHAN;3;18.4.1961;0;3
CAVHIR;1;7.8.1928;0;1
SIHRZAT;1;12.8.1959;1;0
NAYIFE;22;26.10.1968;0;22
TAMIME;5;26.9.1966;0;5
KERAFIL;1;7.8.1958;0;1
IRANOK;1;27.8.1926;0;1
HASMIHAN;1;30.6.1952;0;1
MUSANPERI;1;7.3.1976;0;1
SUTO;8;1.1.1945;7;1
KAZUM;1;23.8.1970;1;0
HAVSAD;1;20.3.1942;0;1
SEDIRYE;65;30.11.1968;0;65
RESSU;3;3.10.1933;3;0
GOCERCIN;1;1.7.1980;0;1
FIRAMERZ;3;2.4.1985;3;0
SABRIMAN;1;24.4.1966;0;1
PERUS;7;5.5.1958;1;6
GAJI;1;16.6.1982;0;1
GURTI;1;25.4.1937;0;1
SELAHETIN;4;5.12.1955;4;0
HOSRET;1;27.8.1956;1;0
MEZYENA;1;23.4.1959;0;1
NAMICE;1;12.12.1967;0;1
FERMUZSAH;2;25.2.1963;2;0
MARYANA;7;2.4.1975;0;7
MISI;5;11.7.1939;0;5
ISAT;4;6.11.1953;3;1
ZUBEYCET;1;23.2.1967;0;1
BAVADIN;1;27.12.1962;1;0
RENDIYE;11;19.2.1967;0;11
SINAR;40;25.11.1975;9;31
RUJHELAT;1;5.7.1982;0;1
SABENDER;1;13.8.1970;1;0
AZURIK;1;7.8.1934;1;0
TER;2;16.8.1957;0;2
MIM;14;30.6.1967;13;1
ABDULATTIF;1;1.9.1973;1;0
SIYAHAT;8;8.2.1971;0;8
BIRIK;2;4.2.1954;1;1
NIDIMHAN;1;19.11.1952;0;1
BESTNA;1;5.4.1947;0;1
RAHIMHAN;1;19.2.1942;1;0
MOHRICAN;2;10.1.1964;0;2
FAZILLE;1;17.3.1964;0;1
SEMIDA;1;27.2.1992;0;1
MUZEYRA;3;3.3.1980;0;3
HEVZI;3;6.9.1949;0;3
ARGES;1;28.7.1989;1;0
MELANK;1;2.8.1963;1;0
ABURAFI;1;22.2.1991;1;0
FINDO;4;3.9.1945;2;2
HANADEL;1;26.6.1960;1;0
KOKEP;1;22.7.1979;0;1
ERTOGRUL;24;27.7.1957;24;0
HEMIHAN;1;27.8.1956;0;1
CANPERI;3;30.11.1982;0;3
VELINA;1;11.6.1971;0;1
KANDE;2;9.11.1982;0;2
GITO;1;2.8.1921;1;0
MEHMETZAHIR;4;5.5.1971;4;0
TUZIK;1;12.7.1951;0;1
CIHADIR;1;21.11.1957;1;0
HAMREVIN;2;2.6.1974;2;0
CERGIS;3;4.6.1956;3;0
MEYTER;1;5.11.1975;1;0
SUMUNE;2;30.2.1971;0;2
MESRAK;1;22.8.1925;0;1
BAZGAN;1;27.12.1974;0;1
DULHAN;1;7.2.1982;0;1
BEHIYEHAN;5;22.1.1970;0;5
DUSTI;2;27.7.1941;0;2
URUFAT;1;7.8.1934;0;1
PERVIZHAN;1;9.5.1965;1;0
DURANGUL;44;23.12.1961;0;44
CIYAZAN;1;18.1.1990;1;0
AZITA;4;15.5.1972;0;4
BADIRYE;1;21.11.1977;0;1
SEYNO;4;2.3.1947;2;2
HUSMU;2;14.1.1924;0;2
HEDIYEHAN;1;16.4.1965;0;1
DUGTER;1;30.12.1979;0;1
BEGSIHAN;1;17.8.1966;0;1
SINKA;1;17.3.1936;0;1
GOYUN;5;6.1.1943;0;5
CUVEYRAHAN;1;20.11.1972;0;1
MAHFIZ;10;28.3.1982;10;0
EFSIN;4;27.5.1971;3;1
SUDAV;1;22.2.1991;0;1
RUPERVER;1;22.5.1973;0;1
HASED;1;11.2.1991;1;0
SAHU;1;13.4.1942;0;1
ELIFEHAN;1;27.8.1974;0;1
BEDRIYEM;1;25.5.1975;0;1
RALIHA;1;14.4.1959;0;1
DILANAR;1;19.11.1985;0;1
PERISHAN;2;18.5.1967;2;0
HEJYAR;1;13.2.1992;1;0
MEHMETHASAN;2;12.4.1965;2;0
MEETTOSENA;1;27.9.1962;0;1
KUSTAN;1;26.12.1987;0;1
DERAL;21;2.12.1975;18;3
ERKAS;2;10.10.1985;2;0
BEJEN;1;17.2.1990;1;0
MEHMETHALIS;2;15.10.1976;2;0
MIRSEN;9;21.8.1962;0;9
MUMBAREK;1;20.5.1965;1;0
RUNAHIK;1;5.6.1979;0;1
BUHTI;3;12.12.1962;0;3
AKRAYI;1;2.5.1975;0;1
MINIBE;8;12.4.1969;0;8
FERADE;4;5.11.1971;0;4
MUHUBBAT;1;11.3.1981;0;1
HIZIRET;1;1.4.1978;0;1
KEYHUSREV;1;26.5.1964;1;0
FEZLA;3;25.7.1967;0;3
DEMIRYAT;1;20.2.1992;1;0
KOMRIYE;2;29.9.1960;0;2
MAYISEL;2;1.6.1985;0;2
FEYROZE;1;7.1.1970;0;1
MUKESSIM;4;3.5.1968;1;3
DOKTER;1;7.8.1976;0;1
SOLET;4;16.9.1972;3;1
IRAT;1;17.2.1990;1;0
GUHDAR;7;20.7.1980;7;0
GOLAV;2;17.4.1969;0;2
MEEBURE;2;25.12.1955;0;2
CUMEYRA;1;21.1.1971;0;1
SELEHAN;2;23.6.1973;0;2
EYSE;257;2.2.1959;1;256
UMUSAN;64;3.12.1956;0;64
AYSEI;48;18.10.1952;0;48
KAMASAN;4;17.3.1960;0;4
NAKIDE;19;16.12.1855;0;19
ZEGNI;1;16.10.1928;0;1
AYSAANA;18;11.4.1952;0;18
DUDUHAN;113;25.3.1959;0;113
AYHANGUL;5;10.6.1967;0;5
UMMUANA;6;27.9.1956;0;6
FERUNDAG;1;13.2.1965;0;1
GURZIYDA;1;18.4.1966;0;1
UMMUSAN;175;4.2.1960;0;175
HAPIS;31;13.5.1951;0;31
OZNAR;13;15.8.1973;3;10
KUBACKI;1;23.12.1960;0;1
DUNYAME;1;26.9.1973;0;1
SEVUL;5;9.2.1960;0;5
GULEYZA;6;6.2.1972;0;6
KERMEN;3;23.7.1946;0;3
FEDAN;122;4.10.1958;2;120
MUTRIYYE;1;22.7.1955;0;1
CERYIS;1;24.7.1985;1;0
ZULUKA;3;14.2.1957;0;3
HUSEMMA;2;13.12.1976;0;2
MULAHADDIN;1;22.2.1941;1;0
SEFERIYYE;3;28.3.1965;0;3
RESIKE;6;28.5.1967;0;6
LALUFER;18;18.1.1956;0;18
SENERE;1;22.6.1950;0;1
ZELLEN;2;20.12.1951;0;2
SADAKET;11;22.6.1955;0;11
MEYIBIYE;1;28.2.1981;0;1
KADI;25;22.8.1959;22;3
NAZMIYEGUL;3;18.1.1972;0;3
DURULER;1;22.11.1975;1;0
DEVRIMCAN;2;17.6.1988;2;0
CEVDAN;20;30.2.1953;4;16
GULEYDA;7;22.3.1976;0;7
SEYMANI;2;5.9.1980;1;1
SUMEYRANUR;4;26.10.1987;0;4
GESINE;1;27.9.1955;0;1
SEVGEL;8;24.10.1974;0;8
IMMINAZ;1;11.5.1957;0;1
CAKIRHAVA;1;3.9.1987;0;1
NURSUNA;7;30.8.1964;0;7
MAHTUME;81;21.4.1950;0;81
BURCIL;5;15.5.1985;0;5
DURANA;426;25.4.1959;0;426
ALIMEI;1;1.9.1948;0;1
KAMASAH;2;11.6.1960;0;2
CIHADIYE;65;20.1.1948;0;65
OZUKAN;1;22.4.1937;1;0
SEFELI;3;19.10.1959;0;3
ASALI;11;4.7.1951;0;11
BAYESE;1;29.12.1931;0;1
SUKURULAH;1;22.10.1979;1;0
MURUSAN;3;20.8.1965;0;3
AVET;5;21.6.1959;3;2
GULDARI;13;24.10.1963;0;13
MEHTAR;4;2.5.1965;3;1
SELAMIN;49;22.4.1968;43;6
NURHAYAL;11;19.11.1968;0;11
SEREDDIN;3;28.4.1953;3;0
SADIKAR;11;24.1.1971;0;11
ABDIRIZA;1;22.4.1955;1;0
ONUL;5;15.8.1971;5;0
SERIFEI;3;3.12.1946;0;3
GURSEVIN;1;26.10.1950;0;1
LISANIYE;17;4.1.1953;0;17
ADILORBAY;1;23.9.1990;1;0
MUHURDAR;14;21.10.1960;14;0
BURGEHAN;10;14.7.1979;10;0
YADIGARE;1;5.2.1928;0;1
YUCESSER;1;2.7.1951;0;1
BUNSER;2;25.6.1973;0;2
SAHSIGUL;23;10.8.1973;0;23
FETIYYE;9;6.9.1956;0;9
HUYSAL;1;21.12.1929;0;1
FEDAHET;1;3.6.1941;0;1
FERLUGA;1;27.8.1950;0;1
MINI;36;4.10.1948;0;36
EBDIRAMAN;1;28.5.1968;1;0
HICIRAN;14;23.3.1972;0;14
FEDAHAT;2;6.4.1949;0;2
NETIBE;8;28.2.1948;0;8
MUSLAHADDIN;26;28.5.1959;26;0
MUSTUL;30;23.12.1962;30;0
HABBAN;5;3.1.1965;0;5
KARABAY;7;4.5.1951;7;0
ZARNIGAR;2;4.4.1954;0;2
SAFAATTIN;12;4.9.1960;12;0
MERBUDE;1;16.4.1941;0;1
ISNAFIYE;2;5.9.1954;0;2
HAYRULISA;1;30.4.1937;0;1
CANBEL;2;24.10.1987;1;1
SAVKU;15;15.8.1960;13;2
NAFLA;1;4.2.1957;0;1
ULKUER;3;12.12.1963;1;2
EMIME;4;18.7.1966;0;4
SERDENGECTI;2;4.1.1960;2;0
MERVIYE;8;14.2.1964;0;8
HESE;29;6.2.1965;29;0
HATMANA;17;30.7.1963;0;17
NERZIN;4;16.11.1955;0;4
BERKITAN;1;17.4.1936;0;1
FERAYDIN;4;5.8.1970;2;2
GUNEYYER;3;22.1.1985;0;3
KEPBAN;1;1.7.1972;0;1
EMENTULLAH;14;1.4.1968;0;14
BAKIGUL;2;10.2.1966;0;2
BUNHAN;3;18.8.1973;3;0
SEBBEN;2;25.6.1963;0;2
HILAFIYE;1;27.3.1956;0;1
SIFATEN;1;10.10.1960;0;1
UMMARE;1;3.12.1986;0;1
YAKSENUN;1;9.3.1970;0;1
GISELE;3;16.6.1944;0;3
NICEM;2;30.1.1992;0;2
SUKUTIYE;1;28.5.1942;0;1
DURGAY;7;10.4.1974;7;0
ESIRAF;12;27.8.1962;11;1
GULBAHI;2;12.10.1948;0;2
GULCILER;2;17.11.1959;0;2
PERIVER;1;18.4.1948;0;1
MUKERIYE;4;12.6.1957;0;4
MACITTIN;3;24.2.1959;3;0
HECAZ;4;29.3.1960;1;3
KEZAN;6;20.4.1968;0;6
NUHTU;16;24.6.1964;15;1
GULSERCI;1;16.2.1951;0;1
YENIAY;42;16.3.1965;6;36
GULDARE;4;6.11.1953;0;4
MAYAN;3;24.4.1968;0;3
SEHREN;1;16.4.1928;0;1
MUYSEL;4;13.12.1957;1;3
MURVIYE;15;24.3.1951;0;15
GEFER;4;19.12.1980;0;4
YIGITER;27;8.6.1982;27;0
SAHINDI;6;28.2.1971;0;6
FERNISE;4;13.10.1966;0;4
KUNNAS;1;1.12.1930;0;1
UMMUSELIM;7;6.9.1947;0;7
ADEMGUL;1;1.8.1937;1;0
MUSAHATTIN;1;2.2.1963;1;0
NESKE;1;26.12.1939;0;1
YOZAR;1;11.3.1969;0;1
SEMAATTIN;4;25.8.1954;4;0
MINAN;3;8.9.1955;1;2
EMMEN;6;6.3.1963;0;6
BICAHI;1;8.3.1950;1;0
GULSUNAY;18;14.1.1971;0;18
TURABEY;1;8.5.1972;1;0
NECIKE;2;18.8.1947;0;2
MADES;9;5.7.1960;0;9
HABAN;2;17.1.1950;0;2
MELTA;4;6.5.1977;0;4
SELATEN;2;8.3.1950;0;2
MUHSIDE;16;17.4.1972;0;16
IZETDIN;3;16.8.1968;3;0
SIDDIGE;3;28.6.1966;0;3
SEHIICAN;1;1.7.1975;0;1
NURLIN;1;2.4.1990;0;1
SUNANIYE;1;21.11.1960;0;1
PELE;1;25.10.1988;1;0
HUYRIYE;3;6.4.1963;0;3
DOMURCUK;10;7.1.1971;1;9
FERCEM;1;27.12.1986;1;0
RASIKE;1;27.12.1985;0;1
TUGCEGUL;5;28.7.1990;0;5
YURTSEMIN;1;20.11.1989;0;1
GULOYSA;1;7.12.1961;0;1
YAGMAN;1;3.11.1965;1;0
ZABIHA;13;9.9.1954;0;13
MEHEBE;1;22.1.1955;0;1
GUNCEL;60;11.1.1981;36;24
GOKMUSA;1;23.7.1980;1;0
RAHMEN;12;12.11.1965;9;3
SENISI;2;11.11.1965;2;0
NECADTIN;6;18.12.1956;6;0
SECAADTIN;1;26.8.1963;1;0
SEFDE;1;26.1.1973;0;1
ZEKIYIDDIN;1;22.10.1954;1;0
AYBAN;6;6.5.1962;1;5
ALAIDTIN;11;24.5.1954;11;0
GULNADIR;7;7.1.1950;0;7
MUNSER;5;30.4.1967;0;5
UPRUSAH;1;16.9.1988;1;0
GULNAZIR;16;3.4.1959;0;16
VAGON;1;21.2.1976;0;1
OLTUNC;1;30.3.1991;1;0
KANCAFER;1;19.11.1942;0;1
GULSEVU;1;8.3.1940;0;1
UNSEREN;4;3.2.1952;0;4
GULSUZEN;4;6.5.1961;0;4
ESINCAN;1;28.8.1986;0;1
ERIFA;3;19.7.1979;0;3
MUHPARE;1;21.2.1992;0;1
KANSAD;1;21.11.1984;1;0
ESMENE;24;25.7.1956;0;24
VENERA;20;18.2.1972;0;20
KISMIR;2;29.12.1947;2;0
JULUDE;32;2.9.1971;0;32
NURFADIYE;50;25.10.1958;0;50
ABDULMUDDALIP;8;3.8.1970;8;0
BAYKURT;17;1.7.1969;17;0
TECAHAT;1;10.5.1972;0;1
MELDAGUL;1;21.7.1962;0;1
HURABBAS;1;23.5.1984;1;0
UMUDUM;6;11.11.1976;5;1
HAZERSAN;1;25.6.1989;0;1
UMMUKADIN;6;7.12.1964;0;6
PIRSENE;1;24.2.1967;0;1
GULDENAY;3;16.6.1971;0;3
KAMSAH;2;14.6.1943;0;2
BILDIREN;1;18.3.1970;1;0
BURAKCAN;29;30.2.1990;29;0
KAMISAH;1;12.8.1941;0;1
SEZERIYE;4;15.10.1962;0;4
CASIYE;9;7.1.1975;0;9
HAYRINNUSA;15;6.11.1960;0;15
UFKI;2;29.3.1957;2;0
SURUDE;2;28.2.1937;0;2
EKER;20;30.1.1968;20;0
DURSADE;570;25.3.1962;0;570
ACALYE;2;20.1.1980;0;2
MIZAMGUL;1;27.9.1968;0;1
GULBAHAN;3;10.1.1975;0;3
SAFHEN;1;2.2.1951;0;1
ABIDDER;40;13.12.1964;39;1
GULAYSER;7;18.1.1962;0;7
TURUSAN;27;20.6.1981;27;0
SAHUDE;7;9.8.1970;1;6
SUKRANIYE;29;12.8.1956;0;29
MEYDUH;1;7.2.1970;1;0
PETE;4;21.2.1953;0;4
HARIKE;5;9.1.1974;0;5
MEKSEL;35;2.3.1961;31;4
SAGNAK;7;1.12.1983;4;3
CAGLAN;58;17.2.1980;33;25
GURIZ;2;25.11.1973;0;2
ADILEGUL;4;29.7.1975;0;4
GULRAN;8;20.8.1963;0;8
AYTEZ;3;27.12.1956;0;3
MUAFIRET;1;24.4.1970;0;1
KHANIM;4;8.8.1972;0;4
SEMERRUH;1;16.7.1987;0;1
BALKAR;8;2.9.1978;7;1
DILEYRA;1;19.11.1988;0;1
ELIFGUL;20;11.9.1980;0;20
NEZAFE;3;16.10.1977;0;3
REBBAN;2;22.12.1948;1;1
DILISAD;3;4.10.1961;0;3
ESDER;6;2.4.1968;5;1
ZULHUMAR;7;28.4.1963;0;7
GULNESLIHAN;1;12.10.1989;0;1
ERFIN;5;22.8.1982;4;1
RUIZA;6;10.6.1971;0;6
ENZELE;2;6.1.1931;0;2
AYSEGULIN;1;19.1.1966;0;1
TEKAY;22;2.5.1970;11;11
MUZHAYAT;1;26.7.1959;0;1
SERRUN;1;11.4.1986;0;1
MUSALI;26;14.6.1963;26;0
GULVARI;6;7.10.1948;1;5
TEYAMIS;1;16.2.1965;1;0
SALEHATTIN;10;25.4.1957;10;0
MULIS;9;4.7.1967;9;0
HATICENAZ;1;22.2.1967;0;1
TENBE;1;6.10.1961;0;1
HAVVANE;129;30.12.1958;0;129
ZILUFER;3;1.8.1943;0;3
AYSEALI;1;7.10.1934;0;1
MIHRACIYE;31;28.3.1968;0;31
ZERUN;7;30.1.1962;2;5
SIMTER;2;3.1.1969;0;2
HUZRAN;1;7.10.1988;0;1
VEMIGJE;1;26.1.1963;0;1
NAMIGAR;193;11.10.1953;0;193
HUBU;26;10.3.1954;0;26
KADEMLI;8;19.5.1958;0;8
NURYOLDAS;3;22.4.1983;0;3
AMCA;1;6.11.1978;1;0
ZUKAIYE;1;25.7.1949;0;1
MUSERRIFE;2;28.3.1953;0;2
MUHALIT;1;18.10.1950;1;0
HIKMETYAR;6;13.10.1987;6;0
MUSLEHATTIN;10;26.7.1965;10;0
DAYLAN;14;30.2.1977;7;7
NIMEDDIN;1;21.8.1934;1;0
GULHUZ;2;19.12.1958;0;2
ZULFERIM;1;11.4.1958;0;1
PERYEN;4;10.10.1953;0;4
NURIZIYE;1;12.8.1965;0;1
TOYMAN;5;17.1.1972;5;0
SABIDTIN;1;6.1.1975;1;0
REYCAN;25;18.6.1973;1;24
FERNUSE;43;18.8.1963;0;43
PIYAN;2;14.7.1962;1;1
MULAHAZAT;1;6.5.1968;0;1
CENAATTIN;1;23.2.1954;1;0
IBILI;30;10.11.1954;30;0
SIFAHIYE;3;17.10.1955;0;3
SABIYHA;12;18.5.1960;0;12
MIHRIBANGUL;1;14.2.1992;0;1
BEYASTAN;1;27.4.1932;0;1
EDEVIYA;9;24.5.1968;0;9
MUNAYET;2;27.11.1962;0;2
MIHRIBANU;5;30.6.1967;0;5
TANSUN;11;23.3.1973;6;5
MUZIKAN;3;10.6.1941;0;3
NESUR;4;20.10.1961;3;1
MUSTAFALI;6;16.5.1956;6;0
SAFFETI;3;30.11.1948;0;3
OYLUN;19;7.9.1977;0;19
MIHRICEN;3;4.11.1978;0;3
HAFIZENUR;3;14.2.1988;0;3
CERCIGIZ;1;9.9.1973;1;0
FERZURE;1;23.7.1973;0;1
MUBERRIN;10;26.3.1962;1;9
LEYHUZE;2;2.4.1958;0;2
PINARIYE;1;20.3.1976;0;1
HEMME;2;3.6.1966;0;2
OREL;11;16.10.1963;11;0
TEVHID;35;12.1.1978;34;1
BERIZAR;2;5.6.1974;0;2
SUFEYLAN;12;21.9.1962;1;11
FERUT;25;29.3.1979;25;0
FINDOZ;2;19.6.1959;0;2
ULKUBEY;1;3.2.1964;1;0
TASFIRE;37;4.5.1946;0;37
TALIYET;14;21.1.1956;0;14
DEVAL;3;29.6.1957;1;2
MUDEPBERE;2;1.9.1953;0;2
DUDUSEN;12;14.12.1965;0;12
SERIKA;9;5.6.1947;0;9
NICDET;1;26.4.1975;1;0
MUZEYYENHAN;1;23.4.1951;0;1
MUNEVFER;1;22.12.1949;0;1
ASNUR;2;11.8.1979;0;2
ATALAN;9;21.12.1947;9;0
GULMEFTUN;1;7.12.1968;0;1
ZINAT;14;19.7.1961;0;14
BABEK;14;8.2.1977;14;0
PEKINER;3;3.4.1964;3;0
SUFEYDE;5;11.1.1957;0;5
KULTURAL;5;5.10.1963;5;0
ANNEMARIE;4;17.8.1952;0;4
SOLGUN;1;10.3.1960;0;1
ALPTEMUCIN;1;18.11.1986;1;0
BILENDER;5;19.10.1967;5;0
M.HARUN;2;8.11.1959;2;0
KUAYBE;18;21.6.1985;0;18
LEKER;19;12.7.1959;0;19
HAMALAK;1;6.1.1975;0;1
ELBA;5;7.8.1980;3;2
SEBAHATI;4;4.10.1948;3;1
SERHEND;1;13.3.1989;1;0
UVEYZ;6;3.2.1974;6;0
MUSTAATTIN;4;2.11.1964;4;0
MUNISCAN;1;10.5.1958;0;1
ORTAC;38;14.11.1976;38;0
TIYEK;1;18.7.1987;0;1
MEHMURE;20;6.7.1957;0;20
ESAR;5;5.11.1969;0;5
ZULGARIYE;5;8.12.1973;2;3
FECRO;7;29.5.1948;0;7
HARZEM;29;21.1.1969;14;15
SIRINAY;16;4.7.1978;0;16
NURSAHIDE;1;22.2.1973;0;1
ATFET;12;30.7.1944;0;12
ESMERALDA;5;5.11.1974;0;5
KIFARET;1;23.4.1973;0;1
KULHIZAR;5;4.3.1937;0;5
ABDILMUTDALIP;1;14.11.1962;1;0
HOSAN;3;5.6.1972;3;0
FEHREZAT;1;8.1.1964;1;0
ACALYA;31;17.7.1979;0;31
GOGEM;2;11.6.1973;0;2
AHMETTOLGA;1;16.1.1984;1;0
TAYERI;1;23.6.1961;1;0
NABA;1;29.4.1968;0;1
TOMUR;10;9.1.1956;6;4
GUFTE;11;1.10.1986;0;11
HUSULU;2;16.8.1955;1;1
SAKINEI;1;18.10.1925;0;1
JULFET;1;12.10.1975;0;1
GOKCESU;8;19.9.1984;0;8
YURDAGULEN;7;2.3.1956;0;7
MUSLAHATDIN;3;18.2.1956;3;0
HACIDURAN;3;27.12.1962;3;0
GUNSEV;22;29.6.1963;1;21
GALKAN;2;30.8.1956;2;0
FEDIMA;98;2.3.1963;0;98
CEYHANGUL;1;23.4.1967;0;1
UKAN;3;9.6.1977;3;0
S.SAVAS;1;22.10.1943;1;0
HAYRIYEGOZDE;1;30.9.1989;0;1
DENIZKAN;8;17.4.1981;7;1
VESIBE;8;5.1.1968;0;8
IMRAHAN;19;12.9.1972;1;18
VIGAN;7;29.11.1968;0;7
SEMERE;3;16.5.1961;0;3
VELIYITTIN;7;14.3.1952;7;0
NEHRIBE;3;13.5.1978;0;3
GURCUYE;17;8.2.1961;0;17
HASANERINC;1;29.3.1990;1;0
TALIT;5;19.9.1951;5;0
ERA;1;6.2.1965;1;0
HIFSIYE;31;27.7.1965;0;31
BINEYYE;2;19.11.1952;0;2
TUZZEHRA;1;23.1.1985;0;1
AMETI;1;26.10.1982;0;1
UMUDUYE;1;16.4.1970;0;1
OZSEL;13;26.1.1973;2;11
TOLGAR;10;23.2.1979;10;0
SAYEGAN;18;21.3.1954;0;18
NURYAT;6;30.11.1956;0;6
LUKET;9;23.8.1966;0;9
EMSELE;20;3.7.1952;0;20
SAHRUBANU;1;13.4.1965;0;1
UMDE;4;21.4.1991;1;3
SAVDULLAH;3;21.5.1969;3;0
VEZNEGUL;18;8.1.1952;0;18
SERIFFADIME;51;1.2.1955;0;51
IGDEN;2;6.12.1982;0;2
YUCESSE;1;29.6.1956;0;1
SUZULEN;1;27.11.1970;0;1
ULFIKAN;2;20.9.1971;0;2
GIRNEGUL;1;19.11.1975;0;1
GUC;7;20.12.1971;5;2
SEHMUSLUM;18;8.8.1959;18;0
NURTUGBA;1;7.2.1988;0;1
BAGDAD;9;29.1.1959;0;9
FAHRETTTIN;2;3.5.1973;2;0
ABDULKIYAS;5;26.7.1953;5;0
ABDILCELIL;4;18.8.1967;4;0
BEDULCAMAL;1;5.3.1957;0;1
KUYAS;3;23.8.1974;2;1
EFIFE;14;17.7.1960;0;14
BECIHAN;1;12.11.1972;0;1
ILKSU;5;13.6.1986;0;5
HURAYRE;1;16.10.1985;1;0
GUPRAN;6;26.6.1961;0;6
NESIGA;1;4.8.1962;0;1
MUKERRE;5;14.2.1958;1;4
ALIYYUL;4;27.1.1978;4;0
DURSALAN;1;19.10.1963;0;1
LATIFER;7;9.2.1963;0;7
PALAZE;2;19.8.1967;0;2
ZEYNAZ;2;4.8.1981;0;2
PENEMZER;1;23.3.1948;0;1
ELMURA;4;2.11.1982;0;4
IL;8;19.10.1977;0;8
MUSTAHATTIN;2;20.11.1976;2;0
NEBIHATTIN;2;10.4.1969;2;0
SOYLU;23;9.8.1976;13;10
MAHU;3;10.5.1979;0;3
MUTELA;1;4.12.1983;0;1
BEYDENUR;2;10.10.1979;0;2
GULSERAP;27;7.2.1972;0;27
FIRDESDE;1;19.7.1958;0;1
RUFKAN;1;26.2.1966;1;0
KIFAYAT;7;11.3.1965;0;7
MUKERRIYE;2;4.11.1969;0;2
BERIT;8;16.12.1977;1;7
SAMHATUN;5;22.11.1937;0;5
GULKIYE;5;23.10.1951;0;5
AKABIR;1;22.1.1955;0;1
ABDULESHAK;1;2.2.1963;1;0
SEVTAN;11;19.1.1978;1;10
SARTEKIN;1;7.10.1940;1;0
TATJANA;6;18.7.1974;0;6
BAGDADE;46;3.5.1963;0;46
FERAD;19;22.8.1963;19;0
SERIBEN;4;10.6.1977;0;4
GULDUDU;37;29.12.1961;0;37
AYTEMIZ;42;13.5.1969;13;29
DEMIRALP;13;21.6.1967;13;0
SEKAMET;1;16.8.1980;1;0
SEHICAN;3;2.1.1972;0;3
GULBIZER;1;3.12.1973;0;1
GULSINA;24;5.3.1961;0;24
SELAHHITTIN;2;6.9.1975;2;0
MUBARIZ;8;25.4.1967;8;0
GUNFERAH;1;11.10.1980;0;1
SENLE;1;10.3.1962;0;1
GULZUHAL;8;17.3.1968;0;8
HAVVAKADIN;12;13.6.1962;0;12
NURCIYAN;5;25.3.1967;0;5
UMUTSEN;1;28.9.1970;0;1
RAVZANUR;6;29.8.1989;0;6
FEDERAL;7;24.2.1973;6;1
GULIZARE;11;13.11.1933;0;11
BEYAZID;29;28.12.1978;29;0
RAUFE;19;26.11.1950;0;19
DOZA;1;27.2.1992;0;1
AYNUZAR;2;21.12.1952;0;2
AHDER;22;5.11.1967;0;22
YENSUR;10;16.10.1956;10;0
MUSATTIN;6;11.5.1973;6;0
VESSILE;65;8.2.1955;0;65
MUSUKE;9;29.12.1960;0;9
HAVUZE;9;13.7.1962;0;9
HICIRET;8;29.12.1969;5;3
ZULIYA;5;4.3.1966;0;5
IDAMIN;2;8.3.1977;2;0
NEMILA;3;1.6.1957;0;3
SEABETTIN;2;16.3.1964;2;0
TABENDE;13;4.9.1953;0;13
CANSOY;9;20.3.1981;9;0
GULGIZ;26;12.1.1964;0;26
MUBEHER;38;15.12.1958;0;38
HATEMIYE;3;5.3.1957;0;3
SAFIGA;3;19.12.1962;0;3
ULAY;24;26.5.1960;1;23
TSIURI;5;28.10.1960;0;5
FENURE;2;23.6.1968;0;2
MUKUME;7;5.1.1959;0;7
FEDRAL;2;16.6.1975;2;0
SEVENAY;13;24.7.1977;0;13
FENUZE;6;24.4.1971;0;6
ILFICAN;1;21.6.1963;0;1
BESNO;3;28.4.1970;0;3
ZULGU;1;3.2.1950;0;1
SAYENDER;7;28.5.1960;0;7
DERVISALI;17;9.2.1958;17;0
BERFIM;9;14.1.1989;0;9
NAZIVE;1;16.11.1961;0;1
IGVEZ;1;22.2.1927;0;1
SINDUZ;2;16.8.1960;0;2
ABDULAHED;2;20.9.1978;2;0
MASER;12;9.10.1964;10;2
YUKFER;1;18.6.1947;0;1
VEZIRHAN;5;25.9.1969;3;2
ERKANAT;2;22.4.1983;2;0
MESIRA;3;19.5.1964;0;3
FAIA;2;7.1.1959;0;2
MEHRICIHAN;5;10.3.1966;0;5
VELIITTIN;3;3.11.1959;3;0
KUSUREV;1;7.4.1970;1;0
HUSREVI;3;7.9.1964;3;0
TUVBA;6;20.4.1981;0;6
IREBIC;2;9.7.1966;0;2
MUNTEZINE;1;1.3.1980;0;1
DALSEREN;1;19.4.1981;1;0
UMMANA;3;24.10.1956;0;3
MUNTEZIME;2;21.4.1975;0;2
CITIR;1;8.4.1980;1;0
SALMANI;4;21.5.1977;4;0
MUHADDET;14;14.1.1955;0;14
LERDEN;1;26.3.1982;0;1
AYKON;4;19.2.1982;2;2
SAHITDIN;3;11.3.1962;3;0
HASLICA;1;16.11.1965;0;1
EVLANUR;1;27.2.1986;0;1
BILYAMIN;7;18.9.1971;7;0
NURSIRIN;7;21.10.1980;0;7
NURAYNURGUL;1;9.6.1991;0;1
SEFANA;1;22.9.1949;0;1
TAHIFE;4;8.7.1967;0;4
GULUYA;5;1.1.1976;0;5
ZEYN;7;13.1.1961;2;5
ENC;7;15.2.1982;7;0
ILKIFTAR;4;16.2.1971;4;0
YURDUGULU;1;16.4.1958;0;1
MEFAKET;2;29.3.1951;0;2
SENNIK;5;30.8.1959;4;1
BEYLUR;4;5.6.1964;4;0
ZUREYYA;17;14.5.1971;4;13
GULGOR;5;23.12.1957;0;5
AYCINE;2;9.12.1985;0;2
SELAHIDTIN;2;26.11.1974;2;0
SEVYA;9;1.5.1974;0;9
RECABIYE;9;29.9.1954;0;9
MEHIYYET;1;11.9.1958;0;1
SUALE;7;15.2.1966;0;7
NUESEN;1;16.2.1963;0;1
KABUTER;1;27.5.1924;0;1
KURULAY;8;19.2.1957;7;1
GUNTAS;14;1.5.1979;12;2
MUKDEBER;2;14.9.1968;1;1
KEBIRUN;1;6.7.1987;0;1
GULFEDEN;6;1.2.1956;0;6
MUMTIHAN;1;8.10.1979;0;1
BEHTAN;3;17.9.1976;1;2
NAZIKTAN;1;2.12.1942;0;1
ZUREFE;1;2.2.1951;0;1
H.SEVIM;2;28.8.1946;0;2
HAMRETIN;1;1.3.1937;0;1
FEDIRE;4;21.9.1965;0;4
SUNARIN;4;10.1.1951;0;4
FESLEGEN;3;5.9.1974;0;3
HATICEYI;25;23.3.1960;0;25
NUHKET;2;20.5.1969;0;2
RAGAN;1;25.3.1951;0;1
ANIKO;5;9.7.1953;0;5
GULSUNU;2;7.3.1961;0;2
GULENE;4;3.7.1955;0;4
MUBIDIYE;1;27.2.1956;0;1
ZITTIKA;13;14.4.1967;0;13
HIZMULLAH;4;25.7.1959;4;0
GABILE;2;25.7.1976;0;2
YASNUR;2;28.7.1989;0;2
SEHRIVEN;1;19.11.1973;0;1
RAIK;15;30.11.1963;15;0
NULE;1;27.10.1962;0;1
TABIYYE;1;26.10.1934;0;1
DURSUL;2;5.8.1977;0;2
SERIMSE;1;27.6.1955;0;1
MESUL;12;3.3.1975;10;2
SENCUN;1;2.10.1981;0;1
ILGAHAN;1;26.12.1988;0;1
MUKMUNE;11;10.4.1959;0;11
MERCANIYE;3;16.5.1966;0;3
FERAYIM;29;10.8.1965;27;2
GULTERIYE;91;3.2.1953;0;91
SALAHADTIN;3;22.2.1948;3;0
NEFIS;50;15.8.1962;10;40
ELPEREK;1;16.4.1971;1;0
ERBERK;8;12.1.1986;8;0
AGABACI;1;15.2.1951;0;1
KHANIMZAR;1;2.8.1939;0;1
SAFAYAT;1;11.1.1954;0;1
HATIMIYE;2;24.2.1966;0;2
SEHAZIM;1;12.4.1935;1;0
VELUIDDIN;1;11.2.1963;1;0
PEZILE;1;11.12.1978;0;1
ANZUME;1;19.6.1943;0;1
JAVALEN;1;14.5.1973;0;1
GULDURNA;9;30.4.1959;0;9
ORUZ;1;1.2.1985;1;0
SAYAD;11;11.10.1976;8;3
SARIYYA;1;13.5.1936;0;1
DURSEVIL;4;20.6.1965;0;4
TIKEZBAN;1;2.8.1941;0;1
GULTURNA;1;16.2.1957;0;1
FERGADAN;4;2.4.1960;0;4
UBUS;2;22.5.1972;0;2
HURBILEK;2;8.8.1971;2;0
IZAN;14;23.5.1966;10;4
LEOMAN;2;15.3.1960;2;0
UMMUNAS;1;8.7.1939;0;1
VELIYUTTUN;1;7.4.1930;1;0
KUPRAN;13;23.11.1962;0;13
MUSKURE;12;4.4.1955;0;12
HAMMANA;3;11.8.1959;0;3
SECAATDIN;6;12.5.1956;6;0
GULMISA;2;4.1.1982;0;2
MEHIME;4;14.4.1937;0;4
ABDURRASIT;4;8.3.1957;4;0
NURGULER;19;30.6.1964;0;19
GORGUHAN;1;12.2.1989;1;0
OLGUR;1;4.2.1977;1;0
ABDULGOKAY;1;20.9.1988;1;0
YURTARSLAN;9;18.7.1955;9;0
CELEN;100;26.1.1965;4;96
VELIYUDDIN;3;3.2.1963;3;0
KERAME;2;11.6.1965;0;2
GULNAFILE;1;17.4.1952;0;1
MURFE;36;18.6.1965;0;36
NIZAMEGUL;1;23.10.1982;0;1
SAVKUYE;1;28.5.1976;0;1
ELFINAR;12;21.6.1968;0;12
MUFERRET;7;11.8.1952;0;7
PANBIK;2;30.1.1968;0;2
UMMUSELI;2;9.7.1954;0;2
SABIAT;2;9.5.1947;0;2
EMIRKADIN;12;6.3.1952;0;12
MEHRIBANI;37;14.11.1955;0;37
ILMAS;12;28.2.1954;2;10
ALIMEGUL;1;8.1.1990;0;1
GULMURAH;1;1.11.1966;0;1
EMRET;11;11.11.1973;9;2
NECEHATDIN;1;23.11.1959;1;0
SAHINDIYE;11;2.10.1958;0;11
MURACAAT;6;22.4.1953;2;4
FESLIKAN;48;2.5.1963;0;48
SARAYCAN;1;11.4.1949;1;0
ZIHNIYET;7;22.3.1968;0;7
GURMAY;1;7.9.1946;0;1
NEZIVE;2;24.2.1981;0;2
ABBAN;12;24.2.1959;12;0
SAHSELAM;1;2.1.1987;0;1
MUZEYAN;15;29.10.1967;0;15
NEJMA;7;5.7.1969;0;7
GULPIYE;2;22.11.1981;0;2
IRCEP;1;11.1.1956;1;0
GULANE;12;8.7.1953;0;12
CEVZETTIN;1;4.3.1946;1;0
FIKRIA;1;12.12.1980;0;1
CATAL;3;6.11.1946;3;0
GULCARIYE;17;20.8.1958;0;17
AKANA;9;26.10.1947;0;9
MIHRIBANI;16;20.1.1960;0;16
FESLIHAN;29;26.8.1963;0;29
KARANFILE;5;22.7.1944;0;5
MAGFIR;2;16.7.1965;1;1
RAFIDIYE;1;21.9.1959;0;1
ECIRALI;1;1.11.1965;1;0
FAHIRNISAN;1;27.2.1974;0;1
GULMENEKSE;13;23.3.1958;0;13
EMIRI;2;22.9.1942;0;2
SECADET;1;7.10.1934;0;1
SAYES;5;18.12.1953;1;4
DUHANUR;2;18.10.1970;0;2
YURDAGULSUM;1;7.8.1957;0;1
HIKMETCAN;5;21.4.1986;5;0
YILSEMIN;1;24.6.1980;0;1
HATICEM;2;11.5.1989;0;2
AYGEL;8;22.8.1960;0;8
ISKKENDER;1;4.1.1984;1;0
SESIL;75;7.10.1982;0;75
BERTA;58;20.12.1957;0;58
KULNAR;1;29.1.1937;0;1
GULGUZ;4;27.8.1969;0;4
HURSIYE;2;2.5.1951;0;2
ZULEYKHA;4;5.3.1952;0;4
BEHDIYE;12;25.6.1961;0;12
HILALZULAL;1;13.4.1992;0;1
SERIFFATMA;5;21.6.1941;0;5
MAHIRCIHAN;2;14.5.1984;2;0
DOYGU;3;14.11.1982;1;2
ALIYYE;60;24.9.1954;0;60
FERNUS;3;24.9.1966;0;3
IMIRCAN;6;17.11.1947;6;0
AKINTURK;1;6.7.1976;1;0
HELMA;4;23.12.1959;0;4
MUSTABEY;9;27.5.1958;9;0
PERDAH;2;12.5.1969;2;0
KUDIRET;22;29.5.1966;10;12
GULSENEL;7;12.1.1956;0;7
SEHYAMAN;1;8.9.1957;1;0
NECILAN;5;28.12.1955;0;5
LEKAR;7;7.11.1959;0;7
SAYKINE;1;1.2.1973;0;1
HUMAKADIN;1;16.4.1964;0;1
FADENDUDU;1;2.4.1927;0;1
SERIFKADIN;4;27.5.1953;0;4
NUHFEL;12;23.5.1961;12;0
LEFITA;1;9.11.1972;0;1
FERNUSA;3;5.5.1961;0;3
TSITSINO;8;24.7.1960;0;8
ERIMAN;10;15.8.1952;1;9
SECEADDIN;6;14.5.1966;6;0
RODOS;2;5.7.1977;1;1
BAYFER;1;5.3.1957;0;1
CESSUR;13;10.8.1961;13;0
SERFADIME;2;11.8.1956;0;2
BIRTEK;17;30.2.1974;6;11
HANIMKADIN;3;2.2.1952;0;3
ERCIMEN;19;23.4.1960;10;9
MUKER;48;30.12.1959;0;48
GOGEN;5;30.8.1971;1;4
SERASET;1;9.8.1957;0;1
HAYNISE;4;14.11.1969;0;4
EMBEY;1;27.3.1956;1;0
ARIFKADIN;4;8.6.1948;0;4
MELIT;7;27.11.1957;3;4
ETNUR;1;17.2.1966;0;1
AYBILGE;13;29.1.1983;0;13
BAHDISAH;1;11.9.1986;0;1
TILAL;4;15.8.1958;4;0
SELAMUN;16;14.2.1973;15;1
USTUNCUMALI;1;16.7.1976;1;0
YOHANN;1;20.3.1989;1;0
NESAIR;1;16.2.1946;1;0
MUAZZERE;1;12.11.1981;0;1
MENTEK;1;5.12.1954;1;0
SEYMAH;3;3.1.1979;0;3
HOSGOR;18;7.7.1963;4;14
SELVAR;14;20.4.1962;2;12
FRANCE;2;18.5.1975;0;2
ERLIHA;1;28.4.1961;0;1
NUHDAN;1;2.5.1956;1;0
VASIT;4;4.7.1954;4;0
VEREL;2;27.9.1976;2;0
ORBEY;7;10.8.1982;7;0
ZEDEFIYE;6;12.9.1961;0;6
SEVRINAZ;16;2.5.1962;0;16
FERGUDAN;5;1.3.1970;0;5
GULDERYA;13;22.1.1978;0;13
DENIZAY;19;8.9.1973;6;13
DURBIL;2;15.6.1957;2;0
YUSUFISLAM;2;11.10.1989;2;0
VEZIDE;25;10.3.1958;0;25
TELLAT;5;11.4.1961;5;0
SEYRETTIN;15;21.11.1965;15;0
HABBA;100;14.6.1950;0;100
NARGU;1;29.5.1957;0;1
YEKGUL;7;22.8.1969;0;7
BAYSEKER;1;3.2.1969;1;0
HATICETURABIYA;1;18.12.1982;0;1
TUFEYL;1;23.9.1985;1;0
SEFILAY;38;4.9.1975;0;38
GULLUDAN;1;7.6.1952;0;1
COFER;1;12.2.1959;0;1
NERKUZ;1;23.2.1953;0;1
KAZIMIYE;5;13.3.1967;0;5
RESHUL;2;4.11.1973;2;0
URGUP;13;11.7.1967;13;0
ELIFDUDU;2;7.11.1945;0;2
HAPBA;23;9.10.1958;0;23
GUNAYDIK;1;11.4.1961;0;1
GULICIM;2;14.8.1966;0;2
CIMENDER;2;13.10.1965;1;1
ALIBEG;7;23.8.1968;7;0
SENLI;3;12.6.1948;0;3
GULDESTEN;8;7.9.1953;0;8
TELLISENE;1;5.9.1956;0;1
AYANDOG;1;9.2.1970;1;0
NAFIDUR;1;28.2.1968;1;0
ACILAN;4;3.1.1957;4;0
BUDANE;1;3.2.1950;0;1
KULLUZAR;1;30.4.1941;0;1
GUMUSPALA;6;21.11.1965;6;0
DANIYAN;2;23.2.1954;1;1
GULDARIYE;3;17.4.1961;0;3
MUSDAATTIN;1;24.7.1972;1;0
ZELVER;8;6.6.1963;0;8
SUNNAH;19;1.6.1958;19;0
ZENOL;1;17.1.1948;1;0
ZEVNI;1;17.3.1930;0;1
BILKER;15;27.8.1968;2;13
SELVERIYE;14;26.10.1960;0;14
NERGEHAN;4;26.12.1975;0;4
LATIFIYE;4;23.11.1950;0;4
HASREDDIN;4;6.12.1973;4;0
PERHUN;1;28.5.1962;0;1
ABDILBAKI;5;23.3.1961;5;0
NECILAY;4;21.3.1965;0;4
SEYRIL;1;29.9.1981;0;1
SANTURK;2;7.4.1978;2;0
ESAAT;2;25.3.1941;2;0
GUNIZIN;1;26.12.1970;0;1
SAIDIYE;8;22.7.1960;0;8
NEFIRLI;1;6.3.1961;1;0
IMREHAN;20;9.12.1966;1;19
HURNE;1;24.10.1930;0;1
PILANTA;1;1.5.1949;0;1
NIZATI;2;17.2.1959;1;1
NURADEM;2;23.6.1972;2;0
SEHVARI;1;22.1.1943;1;0
EMMEHAN;1;17.4.1930;0;1
SULSEREN;2;14.5.1969;0;2
GULNEKAR;4;10.1.1953;0;4
GOMSEL;1;17.4.1942;0;1
HANIMANA;6;21.6.1962;0;6
GUZARI;3;5.12.1961;0;3
MENEF;24;16.11.1969;23;1
SAYINDER;9;23.6.1965;0;9
MUSAHADE;3;16.7.1947;0;3
HAZILET;8;21.9.1964;0;8
MURUVED;6;23.5.1969;1;5
GULBATI;10;2.9.1963;0;10
SEPHAN;2;20.9.1963;0;2
ARIFDUDU;2;16.5.1944;0;2
AKCAGUL;18;12.10.1966;0;18
PURYAN;29;11.3.1960;0;29
HUSSEM;31;21.11.1956;31;0
SAYASTA;2;24.7.1954;0;2
GUNNANE;1;17.11.1984;0;1
FERKADIN;3;23.9.1949;0;3
SAHMEYDAN;1;11.4.1973;1;0
ZULKERNEYIN;3;30.9.1971;3;0
NIYEMET;3;5.6.1974;0;3
CENNETUL;3;30.3.1973;1;2
HANIBE;1;17.6.1978;0;1
KUFET;1;15.6.1965;1;0
AYGULE;5;19.9.1954;0;5
RACILE;2;13.5.1956;0;2
TOMRUZ;21;6.7.1953;1;20
ZUNIRE;1;16.3.1938;0;1
ELMOR;1;8.5.1983;0;1
PUSTE;22;27.8.1951;0;22
TERMINE;3;28.5.1952;0;3
IBARE;49;29.7.1966;0;49
TURNATEL;22;8.8.1962;0;22
ALASKER;5;15.9.1960;5;0
KOSUN;28;12.2.1956;28;0
AZIZGUL;18;22.2.1956;0;18
ESBENDIYAR;16;16.2.1956;16;0
GATCE;1;21.11.1951;0;1
ELEDDIN;42;25.10.1957;42;0
UNBULBANI;5;12.3.1966;0;5
SEVGULAY;8;9.9.1972;0;8
GULLUBEN;1;5.6.1971;0;1
OCCAN;2;29.1.1974;2;0
SELPER;5;2.12.1968;2;3
ALUNAY;1;1.3.1968;0;1
YUCAL;63;24.2.1965;60;3
ALIMUZAFFER;1;12.5.1947;1;0
TECURE;2;9.4.1961;0;2
AYNISAN;26;4.9.1954;0;26
OKJUCEN;1;2.12.1969;0;1
HULUYA;23;12.8.1969;0;23
MURATERDI;1;20.10.1991;1;0
MAHIYILDIZ;2;7.8.1965;0;2
ZARKALEM;5;10.12.1958;0;5
GULTURAN;5;21.2.1950;1;4
TELLER;40;3.4.1964;0;40
BAGCAGUL;5;8.2.1947;0;5
SANCAY;7;16.6.1976;7;0
SERZIYE;2;28.9.1962;0;2
GULUKIZ;6;7.12.1958;0;6
ALHAZ;3;11.3.1971;3;0
YAGDAGUL;5;28.1.1945;0;5
KIZLARAGASI;2;26.2.1974;0;2
YUMURU;1;16.1.1991;1;0
ACO;2;27.4.1943;0;2
ESBEN;2;21.11.1963;2;0
ALIBAYRAM;8;20.4.1954;8;0
ARIFCAN;14;14.1.1980;14;0
PERHANIM;2;26.5.1956;0;2
GOCEN;5;16.7.1982;2;3
DAGISDAN;3;29.8.1954;3;0
ELEMDER;1;20.1.1992;1;0
HAYRULLAHBEY;1;2.10.1945;1;0
ESATHAN;1;8.2.1947;1;0
MIRDAMAT;2;7.4.1946;2;0
ZILFELI;5;23.2.1968;5;0
HANMET;5;28.5.1963;5;0
KAGIHAN;1;7.8.1934;0;1
NAZARALI;39;11.8.1952;39;0
SELEDDIN;23;11.3.1962;23;0
EFKANI;1;25.1.1953;1;0
SUSKUN;3;24.9.1987;2;1
EHTISAN;3;23.4.1941;0;3
REYVE;3;25.2.1953;0;3
TAMAYA;1;19.2.1930;0;1
ISBENDER;1;14.4.1958;1;0
DILPAR;2;3.10.1956;0;2
AMOS;2;27.3.1950;2;0
BULOR;1;27.6.1956;0;1
TORUNGUL;3;30.12.1972;0;3
HANNAR;26;28.6.1962;13;13
TELLIBANI;1;12.2.1941;0;1
ICRI;8;30.7.1963;7;1
MUSLICIHAN;2;12.3.1945;0;2
SONTAC;23;5.8.1974;4;19
GULFUS;11;25.3.1948;0;11
ANTIMAS;4;11.12.1961;0;4
LEDARIZA;1;2.1.1941;0;1
TOKSAL;5;11.9.1970;5;0
EZZE;7;8.7.1973;0;7
GULBAGAN;1;25.12.1974;0;1
VURALI;2;20.3.1974;2;0
BEDAT;23;15.11.1964;20;3
MAYILDIZ;4;15.11.1956;0;4
ELEMDAR;5;8.7.1965;5;0
MUTAYIT;5;20.2.1969;5;0
ALLAHVERAN;1;14.3.1934;1;0
HEPGULER;2;16.10.1952;0;2
KAYTEN;14;23.1.1960;0;14
KEMANDER;6;14.11.1949;2;4
ALTINZER;1;11.5.1948;0;1
ALLAHYAR;21;26.12.1953;21;0
KITOS;3;23.2.1958;0;3
ZERHANIM;23;20.11.1949;0;23
MULFUDA;1;7.4.1958;0;1
KOCU;23;6.2.1962;22;1
BALU;1;16.2.1937;0;1
BENZEGUL;8;25.4.1960;0;8
MILKESEN;1;11.7.1975;0;1
IMAMKULU;5;20.3.1956;5;0
ZERIGAN;1;6.4.1933;0;1
MIRESTE;4;6.7.1945;0;4
TAVAT;38;3.2.1950;0;38
CANYURT;18;29.1.1972;18;0
ABALUL;1;6.8.1977;1;0
SEVENER;4;13.9.1979;4;0
EKIREM;5;20.1.1967;5;0
SARABEGIM;2;21.6.1935;0;2
IMAMVERDI;10;14.6.1958;10;0
HATTCE;1;8.11.1938;0;1
ZEYTUNA;5;18.9.1967;0;5
MAZAN;11;1.2.1957;10;1
BEDIYAR;1;29.7.1954;0;1
MOPUL;1;4.3.1963;0;1
BESDI;25;22.5.1952;0;25
KUBURE;1;2.2.1932;0;1
CICIKIZ;3;15.7.1961;0;3
ERDAGI;8;15.8.1967;8;0
SEBIRIYE;1;11.4.1975;0;1
SEYGUL;3;2.7.1984;0;3
SEREFNISA;1;26.12.1939;0;1
SULTANALI;45;2.5.1958;45;0
EHET;48;15.4.1964;47;1
ZEREFETTIN;2;13.5.1969;2;0
REMIZAN;1;1.5.1930;1;0
KANIBEY;2;15.1.1971;2;0
TEGMAN;2;29.8.1948;2;0
ABITEL;4;1.9.1965;0;4
BEKTEMUR;16;21.11.1949;16;0
FIHRINAZ;5;12.6.1967;0;5
NUCIRI;1;19.6.1936;0;1
AMANBEY;7;26.2.1960;7;0
SAMHAL;1;7.8.1946;1;0
FAMETUN;1;7.4.1946;1;0
ZALFIRAZ;1;6.6.1951;0;1
LILIPAR;18;18.2.1965;0;18
PURUZ;11;9.9.1954;0;11
RUHSERE;1;21.3.1947;0;1
ZULFIKARALI;4;14.6.1984;4;0
TANDOGDU;2;13.4.1953;2;0
KAMALEDDIN;3;8.7.1976;3;0
SUGURIYE;1;27.1.1956;0;1
ILAHAN;1;14.3.1957;1;0
MEMETVELI;3;28.10.1965;3;0
TAGETTIN;6;19.10.1964;6;0
GUBARE;1;6.12.1972;0;1
KIZTAMAM;23;18.10.1957;0;23
ALESKER;7;2.4.1965;7;0
REHARSE;1;17.4.1942;0;1
HULUYE;15;11.1.1971;0;15
ERDANAY;5;26.8.1975;5;0
ALIABBAS;42;24.1.1963;42;0
PEMPEGULSUM;1;21.6.1982;0;1
SARABANI;29;30.7.1958;0;29
GULSEBA;5;1.5.1965;0;5
ISIKGUL;1;7.7.1974;0;1
TEMIRAZ;2;13.10.1937;2;0
ZOHREBANU;1;27.8.1956;0;1
GILEHANIM;2;16.4.1961;0;2
GULORMAN;4;24.7.1973;0;4
SAHAMETIN;1;6.7.1938;1;0
FARDE;1;18.11.1972;0;1
BEHRIBEY;1;5.1.1950;1;0
MEMIRIYE;2;10.8.1954;0;2
MIHMANI;19;7.1.1962;19;0
KIZKAYIT;6;13.6.1966;0;6
MANSIR;16;5.7.1969;16;0
SEVLAN;16;14.1.1974;0;16
ZILFALI;9;16.3.1956;9;0
IPEKCI;1;11.11.1981;1;0
SEBAHAGUL;1;7.4.1964;0;1
GULFURAZ;5;21.11.1970;0;5
EHTISAM;3;17.12.1947;0;3
TELLIBEY;23;13.5.1962;23;0
HEMIDIYE;8;24.12.1965;0;8
SALATUN;11;13.4.1959;0;11
HUSU;3;4.3.1943;2;1
NURUZ;5;26.7.1965;0;5
ABRAM;1;14.1.1976;1;0
DIMITRI;77;22.12.1949;77;0
LAVRENTI;1;2.8.1945;1;0
HAYRANSE;24;15.11.1952;0;24
MESUTMAHMUT;1;25.3.1988;1;0
GAVHAR;12;15.7.1958;0;12
TEVZIYE;13;20.8.1962;0;13
GOKBORU;24;1.12.1981;24;0
FENA;2;11.10.1966;0;2
OGDEGUL;3;7.6.1972;0;3
GUNLUS;1;23.3.1961;0;1
AKARYA;1;18.2.1966;0;1
ABDULKADIRBAKI;1;1.6.1984;1;0
GULECER;2;30.9.1963;0;2
DANANDER;1;22.1.1958;0;1
GULANAY;14;18.5.1967;0;14
BESTISEKER;1;27.8.1926;0;1
TARIKAN;3;1.7.1983;3;0
GULUNUS;1;7.2.1946;0;1
HANNENE;21;22.7.1944;0;21
KAMBERALI;8;28.4.1964;8;0
SILME;3;24.6.1950;0;3
BAFTALI;6;20.6.1958;0;6
ORDUHAN;15;7.9.1969;15;0
KAFKAS;24;26.9.1978;23;1
AGAMALI;7;12.10.1945;7;0
FATAN;2;11.11.1931;0;2
ZILFIZIYE;1;17.2.1954;0;1
SETERET;15;27.1.1961;0;15
ALISULTAN;38;9.7.1950;38;0
BALIME;17;16.8.1956;0;17
SEBINEM;1;14.10.1972;0;1
RIZALI;16;23.9.1954;16;0
SELINE;6;12.11.1977;0;6
HURUNSE;2;4.9.1953;0;2
ARSOY;16;11.10.1973;16;0
AGALI;44;29.7.1944;44;0
DOGUSEL;3;24.1.1949;0;3
ALISINAN;5;6.9.1967;5;0
SAHNALI;3;1.2.1943;3;0
ZEHRAKIZ;1;7.10.1928;0;1
HANBASA;1;4.2.1967;0;1
ALISTAN;8;21.3.1961;8;0
GULYAGDI;28;5.9.1952;0;28
BALBAZ;1;26.11.1978;0;1
SABAYAT;2;22.2.1964;0;2
EBUTEL;1;27.4.1985;0;1
HEVESE;1;26.3.1967;0;1
MENENDE;19;26.11.1956;0;19
UREYZE;12;12.5.1945;0;12
KANAL;1;6.6.1974;1;0
GUNRA;1;26.6.1965;0;1
OCAKVERDI;5;15.3.1946;5;0
ZEROY;1;6.5.1962;0;1
LEMANDAR;1;11.7.1950;0;1
ERTEMIZ;5;10.4.1962;5;0
NEJDIYE;52;11.10.1968;0;52
SEVRER;1;27.2.1950;1;0
MEVTURE;2;17.1.1974;0;2
TELLIBAN;2;19.10.1973;0;2
MANZER;1;1.3.1938;0;1
LEYLINAZ;1;13.1.1939;0;1
SAHPENDER;20;30.3.1953;20;0
TAHRIME;8;25.9.1961;0;8
AYNISE;7;23.10.1961;0;7
NASHANIM;16;19.1.1956;0;16
SIMINE;3;12.8.1975;0;3
GOYCE;3;17.1.1955;1;2
SAHBAS;10;18.8.1954;10;0
ZIHNIZAR;5;20.3.1954;0;5
TURULSAN;3;27.1.1976;3;0
MAHITABAN;5;4.10.1944;1;4
NESIOP;1;2.7.1963;1;0
DELHAN;2;26.10.1977;1;1
PURUZAT;3;12.6.1955;0;3
SELLIHAN;1;16.7.1947;0;1
AIMA;1;23.5.1957;0;1
YELENE;2;7.3.1962;0;2
HINIS;17;14.2.1955;10;7
EMIRASLAN;23;1.5.1955;23;0
URBIYE;40;16.6.1953;0;40
LIBAR;4;15.11.1962;0;4
MENDILE;6;12.4.1960;0;6
HURIZAT;38;28.2.1953;0;38
EKEM;2;18.10.1969;2;0
ALTIMAS;1;21.8.1958;0;1
PEKINSAL;1;22.2.1967;1;0
ZIYETHAN;5;4.2.1954;5;0
BAFABEY;1;25.6.1973;1;0
OSANDIK;4;23.7.1945;0;4
TELLIKIZ;2;4.6.1954;0;2
HANELI;1;24.3.1949;1;0
SENINGUL;1;7.6.1969;0;1
HURUNUSE;1;1.7.1950;0;1
MAYASEKER;2;22.2.1959;0;2
SERFIZAR;3;20.3.1958;0;3
AGABABA;2;2.12.1939;2;0
SELMAY;29;1.4.1971;0;29
GIYAM;4;10.6.1964;4;0
TOYUZ;25;24.10.1959;0;25
TEMURAZ;2;20.3.1948;2;0
NAZRETTIN;2;20.4.1961;2;0
ABDULLAHVERDI;1;21.9.1961;1;0
SARAVANI;2;8.2.1976;0;2
ELIMDAR;15;28.8.1967;15;0
TUNCU;18;1.9.1963;4;14
HEMDEGUL;14;21.12.1967;0;14
DUNGUZAR;8;29.7.1965;0;8
TASTEN;2;5.11.1948;2;0
VARDE;49;2.12.1965;0;49
MELIKBE;1;22.2.1961;0;1
EFRUS;6;21.3.1965;1;5
GULEBAT;60;26.11.1956;0;60
OYSANDIK;7;10.6.1958;0;7
SANZE;2;29.11.1979;0;2
SINEGUL;9;19.11.1966;0;9
VILANT;1;11.1.1982;1;0
KIZLARBEGI;8;29.11.1947;0;8
SONAHANIM;1;4.4.1933;0;1
CAHANGIR;10;23.8.1962;10;0
EKINCI;3;29.9.1965;3;0
TAZABEY;6;13.4.1958;6;0
MUZEYYEM;12;26.2.1963;0;12
HAFIZAHMET;1;17.5.1960;1;0
AGDAN;1;17.3.1953;0;1
SAHNE;7;23.9.1963;0;7
BECAH;1;1.2.1959;1;0
URET;7;27.1.1962;5;2
BALACOBAN;2;24.12.1931;2;0
HAZEREN;4;23.6.1945;0;4
FATALI;2;8.9.1962;2;0
BAFIR;3;20.10.1948;0;3
MUZAEFFER;1;5.4.1981;1;0
SOLMAN;2;21.9.1975;0;2
VESPIYE;9;26.5.1953;0;9
MUBAGI;1;8.9.1945;0;1
NISIYE;20;22.12.1956;0;20
DILPURUZ;4;14.2.1955;0;4
TIYAR;3;19.9.1952;3;0
GULBESTI;7;27.6.1949;0;7
FEHRET;9;26.4.1967;9;0
ZIYABET;1;15.5.1956;1;0
TELPERI;1;1.3.1957;0;1
HUSNUKEMAL;3;29.12.1968;2;1
HASANBALI;8;10.9.1946;8;0
SAYAGUL;1;2.2.1962;0;1
SEMENDER;25;3.5.1953;11;14
NARGILLI;1;11.8.1975;0;1
OREYZE;2;25.1.1941;0;2
TUTUNAZ;24;11.2.1952;0;24
ABULFAT;1;23.3.1937;1;0
MUSEYMAN;1;22.2.1979;0;1
TOMURUZ;2;1.7.1961;0;2
MINAYE;26;30.8.1972;0;26
ASDAN;2;28.9.1948;2;0
MAYTAVAN;1;29.12.1949;0;1
MAIR;25;19.7.1966;25;0
BENOSE;5;19.7.1961;0;5
TEZEBEY;13;12.2.1962;13;0
SAGIDE;2;16.7.1949;0;2
BIRGULE;10;11.7.1959;0;10
MUKADDE;8;19.9.1947;0;8
CIMENGUL;84;14.6.1970;0;84
KEMANDAR;14;18.6.1963;4;10
GULESEHER;3;19.10.1946;0;3
SALADIN;2;8.11.1958;1;1
BAYAT;6;7.12.1950;4;2
SACTI;4;25.2.1966;0;4
TEFUR;1;6.12.1979;1;0
AZIMBEY;1;18.9.1966;1;0
FATIHMEHMET;5;29.7.1983;5;0
MEYDANALI;38;16.7.1953;38;0
GAYRANSA;1;12.8.1962;0;1
CEVREGUL;7;1.2.1976;0;7
AYVAZBALI;2;8.6.1981;2;0
SUYAGUL;8;29.4.1965;0;8
EPURUZ;12;7.1.1955;0;12
SONTURK;16;12.1.1976;14;2
TANRI;6;12.6.1956;3;3
NURAK;9;3.9.1977;5;4
SUYATEL;1;6.1.1962;0;1
PEHER;1;7.2.1928;0;1
GILE;16;23.3.1955;0;16
TARKIN;25;25.10.1980;25;0
GEMAL;1;4.8.1938;1;0
TUKEZZIBAN;33;17.6.1952;0;33
SAMMET;3;16.1.1948;3;0
DILERPURUZ;1;12.8.1947;0;1
SULTANMURAT;6;20.4.1967;6;0
GULHENDEM;2;5.4.1942;0;2
DASO;9;11.6.1940;9;0
SINAZAR;10;20.11.1950;0;10
BAHCALI;19;8.11.1953;19;0
ARIFBEY;1;13.4.1959;1;0
YUMULU;1;11.1.1986;1;0
TEFRIYE;1;27.8.1926;0;1
NINIFER;5;26.1.1962;0;5
SEBUHA;21;20.2.1980;0;21
HALDEM;1;21.6.1983;1;0
ONTAS;3;25.1.1973;3;0
BOLUBEY;12;12.8.1968;12;0
SENNETTIN;1;21.5.1971;1;0
SEVDAGAR;4;26.12.1963;4;0
YAYLABEY;9;23.9.1969;9;0
NENES;7;11.12.1955;0;7
LAMIDER;1;3.8.1967;1;0
FERENAZ;46;3.12.1953;1;45
RUNDI;1;11.4.1957;0;1
CANNES;2;21.4.1984;0;2
SEVYET;5;1.3.1970;0;5
ERBU;10;9.10.1979;5;5
NANIS;7;21.8.1957;0;7
NECIF;12;24.1.1970;12;0
KEMIRE;2;19.11.1967;0;2
MIRHASAN;15;26.3.1957;15;0
BELIGHAN;1;27.8.1932;0;1
HANIMZA;1;11.3.1966;0;1
ABDULHATIP;4;4.3.1970;4;0
URBABA;15;19.5.1952;0;15
ZEZEY;12;14.8.1959;0;12
BEZENGUL;3;4.3.1980;0;3
SEVGULLU;69;29.4.1959;0;69
AYKUTALI;1;18.10.1987;1;0
ASYAHANIM;1;27.1.1938;0;1
CAHIDIYE;17;7.3.1961;0;17
UCER;9;19.1.1954;9;0
FILTEKIN;3;5.2.1985;3;0
ISMAILASIM;1;21.6.1965;1;0
HURUNISE;1;6.11.1948;0;1
TEBRUZ;1;16.7.1946;0;1
HAYRIEMIN;1;15.3.1935;1;0
GULDUZEN;8;21.7.1961;0;8
MEFHIBE;3;10.11.1967;0;3
SULTANBEY;6;30.11.1951;6;0
SEYFULMULK;2;12.2.1975;2;0
ERCAHIS;1;27.1.1971;1;0
BANIHANIM;1;16.2.1928;0;1
HANOSMAN;1;3.1.1933;1;0
MUSKU;4;25.5.1961;0;4
SAKSAK;1;11.1.1951;0;1
MUGADDE;4;29.12.1947;0;4
KUMANDAN;4;3.6.1972;4;0
DESDEBAG;1;21.1.1950;0;1
LEMISER;2;16.9.1973;0;2
IMAYE;2;6.6.1969;0;2
TELET;23;17.12.1966;23;0
MUPTALA;1;8.2.1934;0;1
NENAZIL;1;27.11.1931;0;1
NEZAVET;7;3.4.1965;1;6
EHTIEMAN;1;21.6.1931;1;0
NECEDIN;2;7.12.1955;2;0
MIRSALEY;1;1.1.1;1;0
KIZLARHAN;3;11.1.1961;0;3
GOKAR;2;12.5.1944;0;2
ERTUKAY;1;7.5.1982;1;0
HUMAYA;2;2.4.1969;0;2
MESMEBEGIM;1;7.2.1940;0;1
SEYYAP;4;27.4.1964;2;2
RIYHANGUL;1;19.1.1951;0;1
TOPTAS;1;17.7.1960;1;0
SELAMAM;1;22.2.1967;0;1
MIASA;1;6.3.1966;0;1
ILBAS;9;10.10.1962;4;5
KUBBAR;5;29.10.1966;0;5
BALLIME;1;17.11.1954;0;1
ZIYNAT;9;9.4.1964;0;9
UCENAL;1;19.6.1960;0;1
GULFIRA;3;19.12.1957;0;3
CIVANTEL;1;26.3.1966;0;1
GEFIRYA;1;12.2.1965;0;1
DEDEKORKUT;2;28.7.1987;2;0
EKIT;5;29.8.1938;5;0
MOHBE;3;21.4.1953;0;3
MAHICEMAL;2;19.9.1946;0;2
ILIMBEY;1;12.9.1932;1;0
TOSO;2;11.8.1936;2;0
TABUR;26;11.2.1957;26;0
ILIPAR;1;2.6.1967;0;1
HUSEYINPASA;13;10.7.1943;13;0
DINOS;1;27.2.1968;1;0
VARIDAT;8;24.11.1959;4;4
DILIKAN;1;6.6.1963;1;0
NANUS;11;26.11.1950;0;11
HATILE;5;2.5.1980;0;5
AFOS;1;7.2.1970;1;0
ABULFET;5;7.9.1949;5;0
BINEBEY;1;15.6.1948;1;0
TEZETTIN;1;7.2.1934;1;0
TICERET;1;27.1.1971;1;0
TAZEDDIN;1;6.2.1931;1;0
OYSAN;11;28.5.1971;3;8
TOYDEMIR;2;26.1.1951;2;0
ERENGUC;2;15.12.1968;2;0
TOKALI;2;18.12.1967;0;2
CENTAY;2;30.8.1974;2;0
AZIZER;2;27.3.1962;0;2
TASHIN;1;13.1.1977;1;0
SEDRA;4;15.2.1980;0;4
TAYIZER;1;17.2.1990;0;1
SUDIYEN;3;4.6.1972;0;3
A.RIZA;3;6.2.1934;3;0
LIYAT;2;17.10.1988;1;1
KAMU;2;17.2.1980;2;0
DADAS;48;2.8.1972;47;1
MILKEZ;1;26.7.1990;0;1
AYDABAHAR;8;13.5.1985;0;8
BASIGUL;3;23.9.1962;0;3
MAHYILDIZ;15;16.2.1954;0;15
GULNEFCI;1;29.7.1983;0;1
NEVINAZ;25;18.4.1965;0;25
MAHBERIN;3;14.10.1982;0;3
CEMASAP;2;10.12.1946;2;0
ULASCAN;15;26.10.1988;15;0
VILAHET;1;5.6.1972;0;1
BAGCELI;1;16.1.1992;1;0
PEMLA;7;24.2.1984;0;7
KARHAMAN;1;27.2.1980;1;0
BESAI;2;15.8.1955;0;2
VERAN;5;11.10.1961;1;4
CAKALIYE;3;7.7.1957;0;3
AYRILIK;5;3.6.1979;0;5
KIRDEFE;1;5.1.1944;0;1
AVNULLAH;12;9.5.1959;12;0
KEREMSAH;9;14.2.1980;9;0
KAKAS;4;20.6.1968;0;4
CABAR;16;8.6.1973;16;0
BALAK;6;15.9.1959;2;4
YAYEMIN;1;5.4.1992;0;1
MEZBARE;1;21.2.1963;0;1
HEFI;4;15.4.1954;0;4
KUDVETTIN;2;6.12.1954;2;0
ALIKELES;1;7.4.1988;1;0
ABDURRESAT;5;21.3.1963;5;0
MAMUG;1;27.2.1962;0;1
FERGE;1;2.2.1957;0;1
DUHRAN;1;29.7.1969;0;1
AHMETTULLAH;1;18.5.1987;1;0
BETER;13;2.4.1964;7;6
ZENURRE;3;8.9.1974;0;3
YIYASER;1;17.2.1942;0;1
FEYFURAT;1;26.12.1941;0;1
VAZIYET;4;13.3.1962;1;3
MAYNURE;6;23.6.1963;0;6
KUTVETIN;2;4.1.1973;2;0
GOLESER;5;1.4.1958;0;5
FESHI;10;11.12.1976;10;0
AYVAR;12;9.2.1975;7;5
VEZIHAN;3;13.6.1959;0;3
MEYRAMAN;9;13.3.1964;0;9
ATTILE;8;22.11.1965;8;0
GOGE;38;5.10.1961;0;38
AYJAN;2;29.7.1976;0;2
FILI;20;9.12.1946;0;20
HUNIYE;5;16.8.1974;0;5
TELIFER;1;8.3.1964;0;1
TEKBINE;1;17.6.1966;0;1
SACILE;12;9.4.1973;0;12
DAYO;1;22.8.1925;1;0
SUDDIYA;1;6.9.1989;0;1
MILIFER;34;7.3.1966;0;34
HUCRIYA;1;27.2.1974;0;1
SUDIYA;4;25.1.1963;0;4
RUHIBET;1;23.2.1959;0;1
CAKAL;8;9.9.1943;0;8
ALIKULU;6;23.12.1957;6;0
SUGERE;2;29.2.1955;0;2
MAKLULE;2;16.5.1956;0;2
NUKDO;1;17.3.1948;1;0
NECEVAT;1;16.7.1982;0;1
BAFIYA;1;7.2.1982;0;1
MAYICAN;2;9.6.1969;0;2
KOTTI;2;16.11.1932;1;1
SISSE;1;7.2.1964;0;1
SUDYE;14;10.4.1967;0;14
HADAN;2;21.2.1961;1;1
SULEHHETTIN;1;13.2.1959;1;0
GULSAHRA;2;29.12.1966;0;2
GORI;6;25.6.1947;2;4
BECAN;14;15.10.1964;7;7
TEYMEZ;1;2.2.1963;1;0
FATAMA;8;13.12.1981;0;8
MURIK;1;1.4.1930;0;1
RABIHE;25;8.2.1970;0;25
KOCASINAN;1;17.8.1990;1;0
CEVRINAZ;38;6.9.1956;0;38
SEYYALE;15;9.12.1960;0;15
MERYAMAN;5;5.2.1967;0;5
BERISAN;5;13.6.1956;0;5
TARHATTIN;2;19.10.1952;2;0
ALLAH;5;7.7.1967;5;0
SECILA;1;17.11.1978;0;1
KAVER;6;12.10.1968;2;4
SINNE;1;1.11.1979;0;1
MERTAS;2;17.9.1975;1;1
SISSI;4;30.10.1944;0;4
BIRGULHAN;3;6.12.1983;0;3
INCER;9;2.6.1973;2;7
GULEBATUN;4;26.1.1955;0;4
NENIS;7;6.10.1948;0;7
GOGI;54;14.11.1950;0;54
TALEHE;64;24.9.1963;0;64
MUHAMEDD;1;23.8.1985;1;0
ZENEP;6;23.8.1959;0;6
HAFILE;5;2.9.1965;0;5
MELEKSE;32;5.11.1967;0;32
KEVER;16;21.1.1962;0;16
GOLIZ;1;30.2.1982;0;1
MANIGUL;2;20.8.1972;0;2
SARADDIN;1;11.6.1948;1;0
KAMERIYA;11;21.9.1973;0;11
ROBINE;1;4.6.1976;0;1
FILLIK;17;12.10.1957;0;17
CASIP;2;3.4.1959;2;0
ALYAR;9;2.3.1961;8;1
MUHURE;2;9.8.1957;0;2
REBIE;24;15.6.1953;0;24
HESO;2;24.6.1928;2;0
SONTAS;5;23.7.1979;2;3
MUSDO;1;27.8.1926;1;0
SERFIRAT;1;2.8.1939;0;1
MUHEDDIN;4;11.1.1953;4;0
PAYIZE;2;19.12.1942;0;2
HIVAREN;1;7.10.1980;0;1
BINEMAL;1;7.3.1988;1;0
MAKBUYE;2;2.4.1981;0;2
NEHET;2;2.6.1969;2;0
HANTAHIR;2;29.1.1938;2;0
GOLGEZ;1;22.2.1961;0;1
KESERIYA;1;21.6.1972;0;1
HARINAZ;4;11.2.1950;0;4
SAHBEGI;1;21.4.1976;0;1
SACLLI;1;11.3.1948;0;1
GUMUSE;9;30.4.1952;0;9
AYSEASENA;1;5.7.1975;0;1
VEHDET;9;14.3.1961;9;0
MAYFURUZ;2;22.5.1943;0;2
FICAN;6;12.5.1968;0;6
MERBUZE;18;8.3.1958;0;18
SEDILE;5;24.10.1960;0;5
MEVSIDE;3;21.1.1972;0;3
KALEMKAS;2;3.2.1979;0;2
ELSAR;3;24.11.1955;3;0
ZULFUYET;2;10.9.1965;0;2
TURIST;4;19.7.1977;0;4
FAHISAN;1;8.5.1940;0;1
ZILFIHAN;7;9.4.1943;0;7
MEMOCAN;1;14.10.1989;1;0
ANSIN;6;13.7.1971;2;4
MUHAMMETSENA;1;6.10.1989;1;0
MELESAH;1;16.10.1986;0;1
GIGAS;1;22.4.1961;0;1
LEMIN;10;25.11.1965;7;3
MINASE;54;15.4.1962;0;54
MUSENBE;4;25.5.1956;0;4
TABIL;6;8.10.1965;6;0
YUSUF.SEZAI;1;26.5.1984;1;0
GULSUAT;1;15.3.1959;0;1
MURSETTIN;9;6.1.1967;9;0
SEVDISON;1;3.8.1978;0;1
GULISIM;6;13.3.1961;0;6
SAYAF;4;16.1.1955;4;0
ZULUFET;9;7.11.1974;0;9
NENSI;15;12.10.1983;0;15
JULITE;2;20.7.1966;0;2
GURNUS;23;25.8.1949;0;23
DILSAM;1;7.3.1952;0;1
BILHIZAR;1;15.3.1986;0;1
ZIYAMETTIN;39;11.6.1958;39;0
MASINE;5;3.1.1945;0;5
SUBHATTIN;2;20.11.1954;2;0
SEMNEN;1;5.5.1975;0;1
ENGINER;6;15.2.1975;6;0
RAZMI;3;28.11.1968;3;0
MAHIZAT;2;8.7.1955;0;2
UHI;1;12.8.1929;0;1
PAPUR;1;16.7.1987;0;1
MENDOH;34;23.2.1964;34;0
MIMINAT;2;17.5.1950;0;2
HAYNAR;1;13.8.1958;0;1
ILHAS;8;1.5.1971;8;0
BINAYIM;2;12.2.1959;2;0
ILMISAH;1;6.7.1985;1;0
MELTAM;3;22.3.1976;1;2
ILKINUR;57;13.3.1969;0;57
YURDISEL;4;14.4.1966;0;4
SAHIMME;1;4.11.1936;0;1
BIRCIK;1;12.2.1971;0;1
FETALI;12;27.12.1956;12;0
KALEMZAR;1;21.5.1941;0;1
ALAYBEYI;14;27.12.1949;14;0
HUZURE;5;20.4.1950;0;5
CALGA;1;1.12.1949;1;0
BEDAVI;4;17.6.1968;1;3
CUNDI;8;12.7.1959;8;0
NEVZIYET;2;9.7.1979;0;2
KOLCI;1;26.3.1941;1;0
FAZYA;1;15.2.1939;0;1
EDLEZ;2;1.1.1975;0;2
SAHNABAT;2;11.10.1953;0;2
DERFIN;4;10.11.1983;1;3
ELLER;3;9.8.1960;3;0
DEFTER;1;14.9.1970;0;1
HUCRE;1;16.3.1965;0;1
MULKEZER;1;10.5.1985;0;1
PEYRUS;2;18.4.1966;0;2
MEHRIK;4;7.3.1951;0;4
ZABEYDE;1;19.3.1959;0;1
FEHRISA;1;17.2.1948;0;1
KEVEZ;1;26.2.1960;0;1
SAHIMEDIN;1;2.1.1938;1;0
MAGRU;1;10.10.1951;1;0
DEHREM;2;8.8.1977;0;2
RUHIYAT;4;18.3.1949;0;4
NERCEVAT;1;8.2.1967;0;1
FIRGATLI;3;8.1.1958;0;3
SEGINUR;1;22.2.1973;0;1
RUKIYAT;4;4.9.1952;0;4
PASU;3;29.11.1948;3;0
FETAHA;4;25.5.1964;1;3
MIHRIZAMAN;1;12.2.1965;0;1
SEDDIYE;3;27.2.1971;0;3
HORYA;6;9.2.1972;0;6
BENPE;2;24.8.1968;0;2
BEJDE;1;16.11.1989;0;1
ZULIFET;9;26.8.1977;0;9
ACEMI;15;29.2.1963;1;14
ACEMIYE;5;5.1.1963;0;5
HUCRUYA;1;14.2.1963;0;1
FAZIE;1;20.6.1948;0;1
FARIZET;12;28.6.1959;0;12
CARISE;2;30.4.1949;0;2
SALFIRIZ;1;16.4.1964;0;1
ZELEYHAN;9;30.11.1965;0;9
SERBILEN;8;21.3.1978;4;4
ELDEN;8;15.10.1966;2;6
TUGUT;1;26.10.1958;1;0
MILKI;1;16.5.1937;0;1
KULFETTIN;3;9.3.1964;3;0
VOTHAN;1;24.2.1937;0;1
MILKAN;21;2.9.1967;6;15
FETLI;29;20.3.1975;29;0
GOHCEK;3;22.9.1964;0;3
TAPE;1;19.3.1960;0;1
GULICELIK;1;15.9.1938;0;1
TEYZER;10;23.12.1974;1;9
BAKIRA;1;12.5.1971;0;1
FEYZIRAHMAN;2;12.2.1974;2;0
MEMULA;1;17.8.1924;0;1
FERFURA;6;16.1.1960;0;6
FERZ;1;11.5.1952;0;1
TOPPE;6;5.7.1967;0;6
NESIF;46;26.7.1968;46;0
GOLCEK;1;1.3.1985;0;1
DERHEM;10;25.7.1978;1;9
RUKYET;1;2.1.1957;0;1
EKLIMEN;1;2.4.1975;0;1
ENDAN;19;1.11.1969;4;15
ZILFET;7;21.10.1961;0;7
FERMAT;1;25.5.1987;1;0
ABDULBALIK;1;16.5.1971;1;0
ELFETTIN;11;23.10.1959;11;0
GURAKAN;1;19.3.1982;1;0
HASPINAR;1;26.10.1987;0;1
ALAYBEGI;5;17.3.1941;5;0
NACIHA;5;22.10.1955;0;5
ZALLI;2;13.8.983;0;2
TAYYAP;2;29.9.1946;2;0
MEPUS;2;20.8.1966;2;0
IRDIS;1;8.3.1992;1;0
MORIK;8;3.8.1939;0;8
BAKAY;1;26.6.1984;1;0
MORE;1;24.3.1942;0;1
SUDHAN;3;25.4.1958;0;3
KARLIKAS;1;22.1.1952;0;1
DURDAG;4;21.6.1962;3;1
MAFIYA;10;17.6.1963;0;10
LALIME;1;13.11.1983;0;1
NISAF;1;7.8.1934;0;1
PERIGE;1;4.5.1951;0;1
SEYBI;2;2.10.1972;2;0
TOPGUL;105;12.8.1965;1;104
CEZRAIL;8;12.10.1975;8;0
BEDISHAN;1;7.2.1946;0;1
GAZU;2;2.8.1933;0;2
MANSUP;1;21.7.1990;1;0
FILHAN;5;13.6.1964;0;5
GIYRA;1;17.2.1954;0;1
UBI;1;7.8.1934;1;0
EHTIYAT;1;11.2.1936;0;1
NURANGUL;44;17.6.1966;0;44
BURHANADDIN;1;2.10.1976;1;0
MAYFIRUZ;2;7.11.1945;0;2
SUTTO;5;17.8.1940;5;0
FERZIGOL;1;15.7.1965;0;1
MERZIGOL;1;3.4.1963;0;1
ZEKINAZ;10;18.1.1960;0;10
BENHURA;1;24.10.1948;0;1
MOHTEREM;14;27.10.1960;2;12
FAYZER;2;2.5.1968;0;2
NEVRUZALI;7;18.8.1959;7;0
GUNNURE;4;7.8.1958;0;4
SERTAV;2;11.4.1973;1;1
NEJLANUR;1;3.4.1991;0;1
FEROS;1;17.2.1960;0;1
SINEHANIM;19;11.8.1948;0;19
TUNCI;4;19.4.1958;2;2
SEYFELI;9;9.4.1952;9;0
TEMIZ;18;9.9.1956;10;8
EVDUZEN;1;9.4.1951;0;1
VURHAN;6;24.8.1972;6;0
BAYANBANI;1;10.2.1938;0;1
HATIBI;1;19.9.1980;1;0
GULBAHSI;1;12.5.1971;0;1
MURATEREN;1;1.12.1991;1;0
HASANPASA;8;27.6.1950;8;0
NEBEHA;2;21.1.1969;0;2
SUMBULYETER;1;27.8.1977;0;1
MUHTARAN;1;6.2.1967;0;1
HUCURE;1;17.3.1942;0;1
BAYRAMHATUN;9;9.6.1956;0;9
ELEKBER;7;19.1.1960;6;1
NESIVE;3;23.12.1974;0;3
ATAMAY;2;11.9.1957;2;0
MINTAC;6;6.11.1971;1;5
HACIKERIM;5;3.9.1943;5;0
MURSEFA;4;27.7.1956;2;2
ABDULNAKI;1;12.4.1953;1;0
ERSUL;6;24.2.1977;6;0
MERNAS;4;14.8.1969;0;4
TOMAY;12;29.8.1971;9;3
SURYAR;1;12.4.1959;0;1
TOYUS;4;2.3.1960;0;4
FAYA;6;15.6.1955;1;5
MILIYET;2;21.3.1979;0;2
NURIYEGUL;2;9.9.1977;0;2
BALIMA;1;6.1.1951;0;1
SUSENBE;3;1.7.1948;0;3
MOLLAAHMET;1;22.1.1949;1;0
LAURENTIA;2;13.6.1980;0;2
BETO;8;20.7.1973;8;0
FATHI;17;19.1.1975;17;0
GULEPRUS;1;26.10.1978;0;1
MECIFE;2;19.3.1960;0;2
MUNRE;1;7.10.1988;0;1
URFUGUL;16;22.3.1966;0;16
FILLE;22;4.9.1958;0;22
ZEVO;5;20.3.1943;0;5
NUMIRE;1;7.3.1940;0;1
ERTAY;35;7.3.1971;34;1
MELHAYAT;1;21.1.1965;0;1
OKTURK;1;2.10.1980;1;0
SAHISTEHANIM;1;1.11.1948;0;1
ALITURAN;5;24.5.1960;5;0
BAKUHAN;3;9.9.1988;3;0
ROYA;13;1.11.1966;0;13
HUCRI;2;2.8.1933;0;2
IDAHAT;2;28.1.1958;1;1
MUSIM;2;19.4.1958;2;0
RAZYAN;3;29.7.1967;0;3
SAHUDER;2;6.11.1957;0;2
SEMENGUL;70;27.7.1965;0;70
GULBUKE;18;10.10.1969;0;18
BALEBEY;1;19.4.1948;1;0
ERTUBAY;7;9.3.1971;7;0
ZULFALI;21;22.5.1962;21;0
NANIK;10;27.1.1950;0;10
NUNU;15;30.10.1960;0;15
PIRASE;1;8.7.1974;0;1
FIREYZA;1;18.2.1936;0;1
SEVKIHAN;3;16.8.1983;3;0
SUDUYA;3;29.12.1960;0;3
MEGSUT;2;17.10.1964;2;0
CENALP;8;11.5.1975;8;0
TURZE;6;23.10.1955;0;6
IBAYET;4;25.12.1946;1;3
SEHERLALE;1;23.2.1943;0;1
BULGA;1;26.11.1942;0;1
SEREKIYE;2;4.7.1940;0;2
ESRAY;7;7.9.1983;0;7
BURUKAN;3;18.2.1987;3;0
KANTURE;5;7.3.1968;0;5
SERRAHI;1;27.2.1968;0;1
SEKERYA;5;5.3.1972;0;5
MAYINUR;32;18.10.1958;0;32
SERABANI;14;12.7.1951;0;14
GULBEDE;13;30.11.1953;0;13
ALIDE;42;27.2.1963;0;42
KIRLARBEYI;1;11.6.1963;0;1
ZEYVER;21;26.11.1951;7;14
DOLANAY;7;30.3.1970;1;6
ASIRAY;2;28.9.1980;1;1
SEDAYIM;3;23.5.1953;3;0
CAIZ;3;2.9.1957;3;0
GUNNURA;1;24.7.1973;0;1
NIFTALI;7;1.5.1941;7;0
NEVIMGUL;2;27.3.1967;0;2
YESIMIN;3;18.11.1975;0;3
AKGUZ;1;21.2.1947;0;1
SAMURA;7;10.12.1962;0;7
MAFERE;4;9.11.1946;0;4
PELMA;2;22.7.1978;0;2
SAYFURE;1;21.5.1951;0;1
IZZETSUKRU;1;23.10.1980;1;0
TAHSILDAR;1;27.8.1926;1;0
ACIHAN;6;16.7.1956;2;4
KIDAS;1;29.5.1938;0;1
KAMUS;3;29.10.1941;2;1
ERFIDAN;10;5.8.1962;4;6
ESPENDER;32;16.2.1954;32;0
TAMGUL;11;27.9.1970;0;11
ALIASLAN;10;23.1.1963;10;0
HUNDAR;2;13.9.1984;2;0
DILSUZ;2;6.11.1964;0;2
LILHAN;1;21.5.1987;0;1
POLYE;2;29.5.1980;0;2
NASTE;3;27.10.1939;0;3
ARBAY;4;18.4.1963;4;0
GOHCAN;1;19.2.1954;0;1
TEKIRDAG;1;12.2.1965;1;0
NURYEM;3;21.5.1977;0;3
GUNDE;6;7.10.1975;0;6
GULFARIZ;7;30.5.1956;0;7
NERMINGUL;10;3.2.1966;0;10
GURDAG;12;3.11.1965;11;1
KOLISEN;1;27.11.1944;0;1
GULSAMAMA;1;11.1.1982;0;1
NAHIDA;12;2.12.1962;0;12
TERUNKIZ;1;18.1.1950;0;1
YEGANA;16;5.4.1972;0;16
MELIBER;1;26.5.1940;0;1
URFIGUL;2;20.2.1955;0;2
HURDA;19;29.7.1951;1;18
TEKMEZ;12;6.4.1959;12;0
MAHNIYE;1;7.11.1946;0;1
MURTUZALI;3;29.6.1944;3;0
NISBAT;2;2.5.1964;1;1
TEMES;2;17.3.1978;1;1
MULBIDE;1;1.5.1955;0;1
RESMIYYE;5;5.12.1965;0;5
SABUNA;1;12.9.1977;0;1
ERIVAN;10;16.10.1981;1;9
KUSU;4;3.7.1955;0;4
ZEYNELABDI;1;22.10.1973;1;0
URBAP;1;25.1.1967;0;1
SULHANETTIN;1;12.2.1965;1;0
CANERHAN;3;19.3.1976;3;0
AYIFER;14;23.8.1967;0;14
MESBULE;2;8.7.1963;0;2
GULMIZAR;2;26.3.1941;0;2
BILLORE;2;14.3.1943;0;2
BAGINET;3;20.7.1950;0;3
SENAHMET;1;12.3.1977;1;0
ONGEL;8;21.1.1959;7;1
MEZE;5;12.3.1958;1;4
ALALETTIN;3;26.9.1967;3;0
NAVRUZALI;21;19.10.1956;21;0
GUMER;4;2.10.1963;0;4
SEZO;2;14.3.1945;1;1
TECIRE;1;11.1.1960;0;1
ESLAN;4;8.4.1969;4;0
BELKIZIYE;1;17.2.1942;0;1
ESEDDULLAH;1;3.9.1962;1;0
BINMET;1;14.3.1965;1;0
KEYHUN;2;20.9.1969;2;0
YORDAM;27;4.12.1964;1;26
PATOS;1;17.2.1972;0;1
DADUK;1;1.1.1;0;1
TURKUNAZ;5;10.1.1958;0;5
NADET;12;3.9.1966;2;10
FERAZ;3;28.1.1966;1;2
MEYTI;36;21.7.1974;36;0
NAKIFET;18;7.10.1960;0;18
ESENTURK;6;26.12.1971;6;0
URBABE;9;14.5.1952;0;9
VEDATALI;7;6.3.1972;7;0
NARMIN;10;28.10.1962;0;10
LEYLIPER;2;9.11.1951;0;2
DILEPRUZ;3;1.4.1953;0;3
ALITAN;6;15.3.1970;6;0
MEZETUL;1;17.8.1930;0;1
MARAN;7;15.8.1957;1;6
HUCET;4;16.4.1966;3;1
FERAHDIVAN;1;23.10.1970;0;1
HURUZAR;1;2.4.1957;0;1
SUBAYKAN;3;4.5.1968;3;0
GURTUZ;3;1.6.1955;1;2
TURKIZ;47;6.7.1960;13;34
SENSEV;15;13.12.1959;0;15
MUNINAT;1;6.2.1927;0;1
LEBISER;1;14.5.1976;0;1
RACIAN;1;6.4.1986;0;1
JULDE;1;27.12.1975;0;1
KOSAN;5;21.10.1975;2;3
LILPER;5;9.6.1964;0;5
ZENFIRE;2;4.6.1969;0;2
YOSMAGUL;10;22.6.1969;0;10
ZEMINGUL;96;2.5.1963;0;96
ISIMDAR;1;27.6.1956;1;0
ZEYNEBNUR;1;29.3.1979;0;1
RABEYE;2;21.10.1969;0;2
HULUKHAN;1;16.6.1938;0;1
BAYRAMSELCUK;1;5.8.1982;1;0
YONER;9;13.2.1969;7;2
LEVAY;3;14.9.1979;0;3
HIMEYRA;3;5.8.1963;0;3
GULFIZA;12;5.11.1970;0;12
MUHAMMEDGOKHAN;1;4.6.1991;1;0
AYGAN;5;17.9.1982;5;0
ZEYIMET;1;8.4.1970;0;1
NESMILE;6;18.9.1950;0;6
GUNTAM;2;13.8.1954;0;2
LILPA;1;27.3.1950;0;1
PAYAN;24;19.7.1972;1;23
TUYITTIN;1;11.6.1956;1;0
TEYFAN;1;22.6.1967;0;1
OPER;1;8.2.1962;0;1
SIBRAY;1;1.3.1979;0;1
HALLE;3;29.11.1936;0;3
MAHMETTIN;1;23.8.1973;1;0
SERIDAN;1;12.8.1929;0;1
BILGINAR;15;18.8.1978;1;14
ULUKAR;1;17.12.1942;1;0
SAHMENI;7;16.6.1948;7;0
RAYYET;1;22.2.1973;0;1
GULLENDAM;1;26.3.1958;0;1
LUPER;3;28.6.1956;0;3
SEKIB;19;23.6.1957;19;0
CEMULVI;1;29.3.1977;1;0
LUBEZE;14;17.3.1949;0;14
EKINAY;1;12.3.1972;1;0
VEJDAT;6;21.8.1962;6;0
LEBISE;42;6.12.1962;0;42
METIHAN;8;23.5.1966;5;3
HEREKET;2;29.3.1954;0;2
DURAR;2;9.2.1948;2;0
TEVRIS;6;29.7.1946;0;6
SONUL;4;24.6.1970;0;4
SEDAHA;2;25.10.1970;0;2
OTUKEN;8;15.6.1983;3;5
ROYCA;1;14.3.1992;0;1
MULUKSA;1;4.5.1955;0;1
SALETTIN;24;25.1.1960;24;0
NURANHANIM;1;7.8.1958;0;1
GENCLIK;2;22.6.1970;2;0
HURUNISA;2;21.2.1968;0;2
HUZURA;1;16.11.1976;0;1
MULKICIHAN;21;6.9.1961;0;21
TEMASA;11;30.10.1953;0;11
AYSEF;5;18.3.1966;4;1
YUSKEL;2;27.2.1971;0;2
TEMERIS;1;22.1.1985;0;1
NURZAL;2;24.11.1975;1;1
MUKELSUM;3;22.11.1977;0;3
DURSUNMURAT;8;10.6.1963;8;0
DOSTCAN;4;8.4.1987;3;1
BEDIRIYA;1;30.5.1971;0;1
RAMIN;6;7.5.1983;6;0
GULSANAT;1;12.5.1959;0;1
NENEBACI;1;2.5.1951;0;1
SERVEN;10;21.4.1972;7;3
SEDAL;22;27.9.1976;13;9
TURUZE;2;20.12.1964;0;2
DADOK;5;27.1.1958;0;5
NASYA;2;25.2.1985;0;2
ERDAMAN;1;6.7.1968;1;0
ORGAY;11;28.8.1976;11;0
NAVAT;13;17.2.1951;0;13
MUHLUZET;2;27.8.1956;0;2
MUHAY;3;8.12.1938;1;2
KASAR;9;29.4.1975;0;9
KAYIT;2;14.10.1946;1;1
UMMULBENI;2;6.5.1954;0;2
HAZERETGULU;1;15.4.1935;1;0
SEYFURI;1;2.8.1927;0;1
ILMUNUR;7;27.1.1970;0;7
SERFILEZ;1;24.12.1957;0;1
CAFERKULU;14;1.1.1951;14;0
ZEYNAF;1;11.9.1934;0;1
SIKALI;4;11.6.1955;4;0
GUNSUM;4;30.7.1949;0;4
WAI;1;14.3.1970;0;1
MEHRAC;9;10.6.1978;8;1
AHMEDALI;2;21.10.1968;2;0
SEDDI;51;22.9.1955;51;0
LETIFIYE;1;28.4.1965;0;1
LEYLAM;4;11.2.1969;0;4
HUKUMRAN;19;17.4.1968;8;11
REHANGUL;8;16.1.1967;0;8
MANTO;1;14.8.1952;0;1
ABBASHAN;2;2.11.1983;2;0
BASREYE;1;21.7.1939;0;1
HASSEM;1;6.3.1989;1;0
SUIZADE;1;22.2.1961;0;1
GULBAHTIM;1;21.2.1964;0;1
SECCAD;4;22.7.1988;4;0
ABAYAT;5;21.2.1965;0;5
ESERCAN;9;30.1.1982;7;2
EBULFET;6;11.12.1955;6;0
BEDILSAN;1;17.2.1948;0;1
DESBINE;16;17.9.1953;0;16
YAGDA;6;9.7.1948;0;6
DEFIKAM;1;25.6.1981;0;1
TOHVEN;1;4.7.1932;0;1
FUNDAN;6;23.2.1977;0;6
RUKYE;37;22.2.1961;0;37
LEVENTALI;1;23.8.1969;1;0
HAVABEYIM;3;27.9.1954;0;3
TANBAY;2;30.12.1969;2;0
CILDIRAGUL;1;17.2.1972;0;1
EBRUN;4;5.1.1983;0;4
DILEHANIM;2;25.10.1934;0;2
PUNHAN;5;7.2.1972;2;3
DILPUS;1;21.12.1957;0;1
MUSTABA;12;8.2.1968;12;0
SEHRALI;30;19.11.1951;30;0
SEBURE;7;21.10.1954;0;7
MASTAN;1;26.6.1955;0;1
BENGE;22;22.9.1959;0;22
HIRDA;4;28.12.1935;0;4
LEMYA;119;16.2.1959;0;119
GAMZEHAN;3;17.12.1988;0;3
TONBAY;1;7.2.1970;1;0
BERLINGIL;1;19.10.1974;0;1
KANIDA;1;11.2.1978;0;1
HAZELEVREN;1;30.9.1978;0;1
SIMI;9;4.11.1951;1;8
DUNUYAMALI;1;22.4.1951;1;0
ALIMAHIR;2;27.5.1954;2;0
LALINDER;11;22.8.1950;0;11
RUHUNE;1;22.12.1977;0;1
MELAIK;2;6.12.1931;0;2
SULAHA;10;15.1.1963;0;10
HURNUSE;5;22.7.1957;0;5
INTIMAZ;22;23.2.1959;0;22
A.ZAFER;1;12.9.1965;1;0
SOLVE;2;11.3.1952;0;2
GULSENAN;3;24.12.1968;0;3
MAYHOS;2;28.6.1973;0;2
PERLAN;5;21.9.1961;0;5
SAYINAR;1;20.4.1956;0;1
TUNAN;10;11.3.1974;8;2
ECEFNAZ;2;21.11.1969;0;2
SANSIN;10;18.2.1969;3;7
PEYYAMIN;1;27.8.1977;1;0
HENDEGUL;1;4.12.1947;0;1
ILKKAYA;1;23.3.1967;1;0
BURCALI;5;3.7.1957;5;0
TACRIYE;2;24.3.1960;0;2
GUVENTURK;23;14.7.1969;23;0
TUKENMEZ;4;7.8.1960;2;2
MUNIE;2;11.1.1946;0;2
ASGER;6;3.11.1958;6;0
BETI;58;19.2.1966;0;58
MULKUCAN;8;14.10.1960;0;8
BEKRIYE;10;12.12.1954;0;10
ISMISANI;1;7.8.1922;1;0
SERGENC;3;11.12.1985;3;0
GULCIMA;1;1.5.1944;0;1
FERAHGUL;5;30.11.1965;0;5
FUAAT;1;13.5.1983;1;0
SOYBEY;3;13.12.1964;2;1
FERHADIN;2;30.1.1962;2;0
NEVINGUL;18;9.3.1970;0;18
PERLUN;1;24.5.1967;0;1
HANMEMET;2;2.6.1938;2;0
ATAYIL;3;5.1.1969;3;0
FUREYA;4;6.10.1982;0;4
KALKANTURK;1;24.2.1967;1;0
GOCAN;2;4.10.1951;0;2
SERIL;11;26.7.1972;2;9
LALAZAR;10;6.7.1951;0;10
BALLUZ;1;7.2.1946;0;1
SOLMINAZ;1;24.4.1979;0;1
GALIZER;1;6.5.1938;0;1
IKAN;4;12.11.1973;4;0
MERZIYET;4;30.8.1959;0;4
VASAR;1;23.7.1967;0;1
SEGIBET;1;6.3.1974;0;1
TURKIYAN;40;4.11.1966;0;40
TOPIYE;2;26.3.1965;0;2
TEKMEN;4;14.3.1967;4;0
ESNANPERI;1;21.1.1963;0;1
MALIYETE;8;13.9.1975;0;8
YESEMEN;45;2.7.1963;0;45
ERDAGUL;3;15.9.1970;0;3
HAKNUR;16;18.9.1974;6;10
MAVIYILDIZ;2;12.3.1958;0;2
TUDAN;3;20.8.1963;0;3
TURABIL;3;14.1.1978;3;0
ATUNER;1;16.4.1974;1;0
SANDAR;2;4.3.1983;0;2
KAYMAZ;13;21.5.1957;12;1
MUSAFFAN;1;30.11.1978;1;0
LEFKE;10;6.10.1971;0;10
ABUHANIM;2;2.9.1948;0;2
MUJDAL;6;27.11.1971;5;1
ZANNE;1;6.4.1955;0;1
MENZURA;4;26.7.1962;0;4
RUHSARAN;4;29.8.1950;0;4
ILTIMAZ;6;11.6.1959;0;6
IBEK;5;3.8.1954;0;5
KEMENDER;2;3.12.1952;1;1
KALIHE;1;22.6.1961;0;1
GULNISE;18;12.1.1963;0;18
HALME;4;16.1.1954;0;4
RUZYEN;3;26.6.1971;0;3
MIRHABIP;1;12.7.1934;1;0
HUSEYINKULU;1;11.2.1931;1;0
REYIZE;3;13.10.1950;0;3
ZIFO;2;6.1.1956;0;2
GULORBAN;1;26.2.1971;0;1
GALIPHAN;4;6.7.1976;4;0
ELIRZA;1;13.12.1951;1;0
SIYRAN;3;12.9.1940;0;3
SENSAFA;1;12.8.1923;0;1
FAHRANSA;2;11.5.1944;0;2
CELVIYE;2;19.7.1948;0;2
SOYTAS;1;15.3.1968;1;0
OKLAY;1;26.2.1954;1;0
MERSINE;30;5.10.1960;0;30
FEMAZ;1;22.8.1925;0;1
NECEHETTIN;1;16.2.1933;1;0
TEMCIT;23;18.6.1956;23;0
SENSUBAN;2;19.6.1956;0;2
TAMIRIYE;1;19.1.1959;0;1
ESRAR;26;20.7.1944;2;24
MUHAMMETRIZA;1;17.1.1978;1;0
SAHNEVAT;1;12.3.1941;0;1
AKIFCEYHUN;1;18.5.1973;1;0
BEDIRNISA;3;26.6.1933;0;3
ACUZ;4;19.2.1941;3;1
MURVESTE;2;25.9.1931;0;2
MELEYHAN;2;21.12.1962;0;2
METINERDEM;1;2.8.1974;1;0
SUNYET;2;14.2.1953;0;2
FIKINAZ;1;1.3.1943;0;1
CELALHAN;2;26.4.1961;2;0
GOGUL;5;22.1.1958;1;4
NAKYETTIN;1;1.5.1949;1;0
SELIFER;3;22.11.1974;0;3
SAYESDE;15;14.2.1964;0;15
SAFAKLAR;2;26.1.1945;1;1
PATUS;4;29.5.1961;0;4
NERHANIM;4;6.8.1963;0;4
EFLAT;13;17.6.1945;13;0
KALE;28;23.7.1960;22;6
MANZURE;5;24.2.1969;0;5
CAZMIYE;1;17.2.1966;0;1
GAZIME;11;7.5.1962;0;11
ABAIHSAN;1;17.2.1966;1;0
SEVGULAN;3;25.2.1972;3;0
BIYGE;1;21.7.1990;0;1
CAMALATTIN;1;24.1.1967;1;0
HERGULEN;5;29.12.1973;0;5
NUSNUYE;1;26.3.1971;0;1
ERUFUDE;1;25.6.1970;0;1
RECAY;2;25.8.1962;1;1
MIVEMBER;1;12.8.1929;0;1
VEZDUHAR;1;16.3.1957;0;1
HURZAT;5;23.6.1958;0;5
BALSAFA;2;4.11.1951;0;2
KARATEL;2;5.11.1947;0;2
SAMAGA;3;5.4.1932;0;3
HANSENEM;6;6.1.1968;0;6
GARIPGUL;2;21.7.1964;0;2
SENSER;4;3.8.1963;1;3
HEVULLAH;1;13.3.1958;1;0
ZANZADE;1;6.12.1944;0;1
SAHNIYAR;13;9.4.1951;0;13
BILON;4;2.10.1948;0;4
MISA;13;11.9.1967;7;6
ABDULNACI;9;21.5.1966;9;0
TUSUM;1;21.2.1956;0;1
LUDIYE;1;15.5.1929;0;1
SOMI;1;15.7.1959;0;1
TOPPI;4;25.10.1950;0;4
ZENCEFIR;2;26.8.1965;0;2
CAHANSAH;4;27.9.1949;3;1
AYFUKE;1;26.2.1953;0;1
NABIBE;8;1.6.1956;0;8
EYIS;1;2.12.1952;1;0
ZERYAN;2;22.2.1985;0;2
MINADYA;3;28.6.1961;0;3
HAZANFER;1;1.10.1926;1;0
BERATBEY;1;6.1.1986;1;0
HURSOY;2;21.8.1972;2;0
YENERGEL;1;24.2.1973;1;0
GULENGEZ;1;12.11.1941;0;1
LAFIZE;2;26.9.1958;0;2
BELGOZAR;2;15.10.1949;0;2
SEMILET;9;4.6.1950;0;9
ABIB;3;22.1.1974;3;0
CANKAN;36;1.7.1984;32;4
BALLO;3;21.1.1956;3;0
RAIP;24;25.7.1970;24;0
KALENZER;1;17.2.1966;0;1
MUHANBER;25;8.10.1968;25;0
TEHMAN;7;26.2.1968;7;0
BEYDEMIR;5;25.11.1965;5;0
GULYALEK;1;10.5.1977;0;1
MIRSEYDI;1;7.8.1928;1;0
ZULFISAYAN;1;22.7.1955;0;1
KITAM;2;20.5.1954;0;2
GIDO;2;19.8.1951;0;2
BAKSEM;1;2.10.1983;0;1
SULEHETTIN;2;27.9.1949;2;0
GIRMISIYA;2;16.10.1966;0;2
GULSIRAZ;39;8.2.1953;0;39
AVGUST;1;26.1.1971;1;0
GEZENGUL;1;3.1.1956;0;1
NEZMICAN;1;16.1.1939;0;1
LEYLIZER;1;12.2.1971;0;1
ALLEDDIN;3;9.12.1971;3;0
ENTIMES;1;22.5.1955;0;1
MENNURE;30;17.3.1962;0;30
HAVGE;1;7.3.1976;0;1
ALISAYIM;1;26.6.1965;1;0
ZENBIL;2;15.12.1964;0;2
ESVENDER;1;22.8.1931;1;0
NIZALI;5;1.10.1947;5;0
MINEZAR;1;28.2.1950;0;1
MILEZIM;2;12.10.1964;2;0
SAKUF;1;22.7.1973;1;0
SAMAT;31;19.2.1958;28;3
KIZGUL;7;27.10.1961;0;7
ENGINNAR;5;11.12.1972;0;5
DILIRBAH;1;22.2.1967;0;1
BEYTULLAN;1;16.6.1986;1;0
TACIN;7;19.10.1965;7;0
ATENER;5;13.1.1976;5;0
YURDI;1;17.2.1942;1;0
TOPBE;1;18.2.1948;0;1
FERRAS;1;17.2.1954;1;0
GOCE;2;27.2.1956;0;2
SERDARALI;1;21.7.1982;1;0
MANZARA;7;9.5.1940;0;7
HAYRIMNISA;1;18.3.1958;0;1
MUHRU;3;29.10.1958;1;2
ZINIYET;13;25.11.1959;0;13
APTEL;1;5.3.1963;0;1
GULFUNAZ;16;30.11.1963;0;16
MECLI;4;12.6.1943;0;4
RUGUYA;3;24.9.1963;0;3
MUSAHAN;6;11.1.1975;6;0
ETVE;1;13.9.1943;0;1
SONCICEK;5;27.4.1973;0;5
OVEN;4;13.2.1970;3;1
HAZEYIN;4;3.12.1962;4;0
MILKAH;1;6.8.1975;0;1
ZILEYHAN;3;1.9.1959;0;3
ORUNCA;1;27.8.1926;0;1
SAYYARE;5;28.10.1955;0;5
HAYRENSA;4;3.7.1951;0;4
SURUYA;15;26.6.1959;4;11
SEBIHAYAT;1;24.3.1959;0;1
NARMINE;23;26.10.1970;0;23
SIRINDOST;1;12.2.1941;1;0
SIYMA;4;17.5.1959;0;4
ALMESA;1;8.9.1933;1;0
BEYMAN;18;25.5.1965;6;12
MUFTALI;2;12.8.1929;2;0
ERENTAC;1;2.9.1986;1;0
TOTAN;3;29.6.1946;3;0
KASIN;2;30.2.1970;2;0
SAMRAL;1;2.3.1969;0;1
NURESTE;11;20.9.1778;0;11
TOKKALI;5;19.10.1959;0;5
MINICE;5;2.3.1976;0;5
KUTVEDIN;3;2.6.1959;3;0
YAYLAGUZELI;1;26.7.1977;0;1
MANURE;6;8.6.1950;0;6
HUCRU;1;11.3.1949;0;1
TAKSIN;19;2.11.1962;19;0
SULTEN;2;7.11.1961;0;2
SEMLEGUL;1;19.9.1943;0;1
DUNUK;1;2.2.1933;0;1
GULHEYRAN;6;10.1.1956;0;6
EGAH;36;17.1.1963;36;0
NIHADIN;2;7.4.1954;2;0
BADAL;2;30.8.1941;2;0
BESYE;2;12.4.1950;0;2
BEGSAFA;2;28.9.1962;2;0
GULSAHAT;4;2.4.1974;0;4
BEHSAN;3;7.10.1959;3;0
ERETIN;1;16.2.1965;1;0
ADAYET;2;26.8.1964;0;2
YANGUL;7;22.5.1979;0;7
MINGUR;1;4.4.1956;0;1
MESUKA;26;6.5.1953;0;26
YUCEYURT;2;2.3.1976;2;0
MOHSUN;15;3.6.1959;14;1
SAREFEDDIN;1;12.6.1950;1;0
MALHO;1;2.8.1933;1;0
IBRARIM;1;17.7.1990;1;0
KANBERALI;6;20.3.1960;6;0
SEYIKALI;1;10.2.1934;1;0
SAHIDUKTOR;1;21.2.1953;0;1
PALLI;5;4.9.1944;0;5
YILTEZE;1;14.5.1964;1;0
KASMER;1;6.2.1966;0;1
SERGULER;4;28.7.1971;2;2
FILIZGUL;3;18.11.1971;0;3
YAZARKAN;1;6.9.1978;1;0
MENCURE;4;12.4.1965;0;4
MINNISE;1;12.2.1957;0;1
SAFIKE;10;18.10.1960;0;10
KAIM;31;20.10.1964;31;0
ARSIYAN;1;15.11.1980;0;1
AFAK;12;16.2.1975;7;5
LILIK;3;3.8.1961;0;3
NARIGUZEL;1;25.1.1971;0;1
HOSYAR;3;9.3.1959;0;3
MUSEFFA;19;13.1.1959;0;19
DURRETEL;8;27.8.1949;0;8
ILSAT;2;21.8.1983;1;1
ALUDA;1;16.7.1982;0;1
MEMETSAKIR;2;3.10.1971;2;0
BINNIY;1;27.11.1967;0;1
MENGUHAN;12;4.4.1971;7;5
SUKRUKAYA;2;2.9.1972;2;0
CENGEHAN;1;21.8.1976;1;0
MUSGUNUZ;1;29.4.1980;0;1
NAMAZHAN;1;28.5.1944;1;0
TOYFE;5;17.9.1947;0;5
INAYE;2;22.4.1968;0;2
RUYIZE;5;4.3.1966;0;5
YINER;7;26.11.1962;7;0
AHMETCIHAN;2;26.7.1988;2;0
LOBAR;1;10.5.1964;0;1
BILTAD;1;1.5.1983;1;0
ISAALI;1;18.5.1956;1;0
NUSE;4;29.7.1962;0;4
AMMANI;1;26.1.1961;1;0
GUYCEK;1;27.2.1956;0;1
TAVAZ;1;26.4.1961;0;1
APOS;3;14.10.1959;1;2
NURDALI;4;10.2.1970;0;4
VEZIN;3;27.12.1971;1;2
MUJDEM;31;7.2.1978;1;30
KILAVATAN;1;12.8.1929;0;1
OSTURK;6;20.8.1968;6;0
KORE;17;4.3.1955;15;2
MUSEMMER;6;7.11.1951;0;6
AKINCI;14;26.2.1971;13;1
KORU;7;13.4.1969;5;2
ZERER;1;12.2.1941;1;0
ULGI;3;19.3.1962;0;3
IRSALET;3;18.11.1963;0;3
MEYSINE;2;24.1.1961;0;2
SEVGIAY;2;12.8.1975;0;2
KEDIR;6;11.6.1958;6;0
SELMUSA;1;19.4.1976;1;0
CEMELETTIN;4;11.9.1970;4;0
SANSES;2;10.6.1970;0;2
KUBEYLA;1;21.8.1985;0;1
YURTKAN;11;13.3.1970;10;1
MERALCAN;1;26.10.1991;0;1
YASEMEIN;1;1.11.1976;0;1
ASISTAN;6;19.7.1974;6;0
M.UGUR;4;3.12.1966;4;0
NECDIM;2;19.10.1951;2;0
SAHSAL;2;22.5.1955;1;1
DALGIC;2;10.6.1947;2;0
GULGEYIZ;1;22.2.1961;0;1
DUYSELGUNES;1;21.4.1953;0;1
FARIGA;1;29.8.1972;0;1
SONDUR;9;2.8.1972;2;7
CEMANEDDIN;1;21.1.1966;1;0
ERCEVIK;7;29.9.1977;7;0
ZEMINNUR;1;1.4.1973;0;1
TABIRE;26;9.4.1967;0;26
VICTONIA;1;14.3.1968;0;1
HAMISET;17;16.9.1955;0;17
VAYSIN;1;8.3.1964;1;0
NAZAMEDDIN;3;11.10.1951;3;0
KARAMERCAN;3;24.5.1967;0;3
GOCEK;9;9.1.1964;0;9
MERAT;3;14.11.1957;1;2
PAYSAL;4;13.4.1976;4;0
SUCCETTIN;1;1.4.1961;1;0
SERGULAN;4;25.10.1975;4;0
SEMERRA;1;13.3.1987;0;1
DILGEN;2;25.4.1988;0;2
HAYRANCAN;1;16.12.1968;0;1
ZIHINLI;1;27.4.1943;1;0
SENERGUL;2;13.11.1973;0;2
SUME;4;14.8.1961;0;4
SALANUR;1;21.8.1976;0;1
REMZIYET;2;26.4.1969;0;2
FADILET;9;9.8.1954;0;9
CERAM;1;23.5.1933;0;1
HADIGA;3;25.3.1954;0;3
GUVENT;3;5.1.1975;3;0
KULPERIN;1;2.4.1951;0;1
MAIZEZ;1;3.2.1969;0;1
NASITE;9;6.7.1978;0;9
TORUZ;1;22.8.1925;0;1
ZAICAN;2;4.12.1954;1;1
TEHVIT;4;16.1.1963;4;0
MULFUDE;1;10.11.1963;0;1
TAHMULE;1;6.5.1939;0;1
FIRDENES;1;2.2.1957;0;1
MORIYE;4;6.10.1956;0;4
SEVGIZER;2;24.4.1972;0;2
ALIHAMZA;1;12.11.1947;1;0
HAMUDIYE;1;6.2.1950;0;1
ABDUVAHIP;1;23.3.1967;1;0
MESLINAZ;1;23.3.1967;0;1
NAHAYAT;1;3.5.1956;0;1
PAYIZET;1;22.2.1967;0;1
SAVACI;2;23.3.1955;2;0
MEMETCEMIL;2;29.11.1971;2;0
MUDIR;1;26.2.1949;1;0
TALHADDIN;1;2.5.1939;1;0
SALATA;16;26.5.1954;0;16
ABDUHAMIT;2;27.7.1961;2;0
MAGGUL;4;30.7.1965;0;4
VAYCAN;1;26.8.1989;0;1
FARIGE;3;12.5.1945;0;3
NACIH;1;11.3.1973;1;0
MAHPALE;1;6.5.1956;0;1
EMIRTEKIN;1;7.10.1976;1;0
SARIBAS;2;22.2.1971;0;2
ALIAATTIN;1;22.6.1973;1;0
GONLU;3;13.5.1961;0;3
HURZE;1;9.9.1963;0;1
GULDELI;1;22.8.1931;0;1
REZZALE;1;7.8.1934;1;0
NEZERGUL;4;4.1.1963;0;4
HUBAI;1;13.2.1938;1;0
GULISAR;9;28.10.1956;0;9
KIBARHAN;1;26.11.1942;0;1
REHAMI;2;27.2.1949;1;1
SUHATTIN;2;19.9.1956;2;0
MERMIN;3;13.4.1971;0;3
HANDANIYE;1;26.12.1970;0;1
ABDULBADI;1;18.5.1965;1;0
VASIYETTIN;1;7.2.1952;1;0
IZTIFET;1;21.8.1976;0;1
BASIYET;1;28.4.1964;0;1
YUSGEL;3;10.6.1966;2;1
SUREHAT;1;28.4.1960;0;1
BELBIN;1;1.12.1979;0;1
BAGMET;1;16.8.1941;0;1
TOPO;14;8.11.1944;11;3
SEBAATIN;2;2.2.1957;2;0
MEYITHAN;2;16.1.1960;0;2
ANSAH;4;18.4.1964;0;4
BEYSULTAN;5;5.9.1967;5;0
LADISER;1;26.4.1981;0;1
ELEDIN;2;20.3.1973;2;0
YASATURK;15;16.4.1963;15;0
MIRHUSEYIN;3;28.5.1974;3;0
GULBASI;3;4.12.1951;0;3
ZEMBIGUL;1;11.2.1932;0;1
ABDULMERAL;1;1.3.1972;1;0
PEVLIVAN;1;22.2.1967;1;0
FETFIZE;1;2.8.1939;0;1
RESMIGUZEL;15;7.9.1959;0;15
APTULBAKI;7;29.11.1960;7;0
APTULRAHMAN;2;24.2.1954;2;0
GUVANI;1;1.3.1969;1;0
MENSURU;4;28.5.1961;4;0
SAHDILBER;1;16.1.1972;0;1
FAHRIYET;3;17.11.1967;0;3
SEBBIH;3;22.2.1968;3;0
MUCEVER;40;19.10.1964;0;40
FASIN;1;16.6.1982;1;0
ISLIFET;2;1.8.1964;0;2
SULTEKIN;1;27.2.1950;1;0
MARINGUL;1;8.11.1958;0;1
ZILADE;1;11.10.1975;0;1
FECINE;2;20.4.1959;0;2
SEHAZ;2;16.5.1971;0;2
GEVZETE;2;9.8.1973;0;2
PENZADE;1;24.2.1967;0;1
REHIZ;1;24.1.1961;1;0
DIDAL;3;6.3.1971;3;0
SEVGULEN;19;16.12.1974;13;6
FAZLAN;1;7.8.1916;1;0
GURCO;1;15.8.1938;0;1
MOHTO;1;7.2.1964;0;1
CAYRAN;2;15.8.1977;0;2
DIRITGAN;1;6.6.1962;0;1
SAHNURAN;2;14.6.1987;0;2
MAYRAMA;1;24.2.1973;0;1
FOTBUL;1;7.7.1943;0;1
IPEKE;4;2.3.1955;0;4
SURSU;1;27.4.1944;0;1
HANPAL;1;22.8.1943;0;1
RUASE;1;27.2.1956;0;1
BETHINAR;1;27.12.1986;0;1
SADAKA;8;6.2.1974;6;2
GULUMSALI;1;13.9.1934;0;1
ESENGUY;1;27.7.1989;0;1
LISALET;3;15.5.1949;0;3
MOHSIN;40;24.6.1956;40;0
SULFEDDIN;2;7.9.1954;2;0
DARUZE;1;23.10.1937;0;1
YAVUZA;17;3.10.1962;17;0
ACIZET;1;26.3.1948;0;1
SELAMULLAH;8;26.10.1969;8;0
RUHINE;15;16.9.1968;0;15
MORSEL;1;17.2.1966;1;0
BAGINAT;2;20.9.1965;0;2
ILFIT;1;21.5.1982;1;0
GOVE;1;2.2.1957;0;1
FATIHMEMET;1;26.5.1969;1;0
BAKTIGUL;5;30.3.1974;0;5
MUCAZI;1;1.11.1971;1;0
GULAMDAN;5;4.1.1969;0;5
TEVHAN;1;21.4.1956;0;1
SELEHETTIN;10;3.8.1963;10;0
RUSTEMER;1;11.6.1945;1;0
TOPCI;9;11.7.1964;9;0
MERDIZ;3;1.4.1951;3;0
ABDULREHMEN;2;14.3.1952;2;0
ZULUFHAN;8;13.7.1968;0;8
GAYZATLE;1;1.2.1971;0;1
USTEGUL;2;4.1.1967;1;1
REHBET;4;6.1.1964;2;2
SULPIYE;4;27.8.1956;0;4
MILAIM;8;22.8.1962;8;0
GUMAY;2;7.1.1965;0;2
TAHSIME;22;19.1.1973;0;22
GURZADE;8;12.3.1970;0;8
MILGINAS;1;11.6.1955;0;1
KASIMI;1;27.8.1973;1;0
SONPASA;5;13.7.1972;0;5
MUMDAZ;2;29.8.1964;2;0
SOYA;2;18.3.1962;0;2
BIDARE;1;22.2.1967;0;1
FAHIRET;1;10.1.1973;0;1
PAYTUN;3;11.8.1952;1;2
EMREH;9;8.11.1987;8;1
RABIYET;8;30.3.1960;0;8
ESRAIL;8;21.1.1964;8;0
KERIMET;2;10.11.1940;0;2
FEHDETTIN;1;17.1.1971;1;0
SERTURK;6;11.8.1976;6;0
ZAIDET;4;17.1.1932;0;4
NUNIFE;7;8.5.1956;0;7
ALIDEMIR;4;3.7.1967;4;0
MANDALIYE;1;1.12.1970;0;1
HUKUNTILLAH;1;11.1.1964;1;0
MUCEVHA;1;22.3.1967;0;1
MARIFAT;4;6.3.1973;0;4
NAZDANE;1;8.2.1963;0;1
MUHTESINE;3;12.11.1946;0;3
SULETTIN;5;1.1.1955;5;0
PEYKAR;12;26.9.1960;0;12
NURUNAY;1;18.1.1981;0;1
SUKRIYEN;7;2.1.1963;0;7
ISPIHAN;3;10.4.1964;0;3
KIZGAL;1;4.4.1945;0;1
BASFIYET;2;23.6.1957;0;2
SELBIHA;2;9.9.1967;0;2
GULICET;2;10.2.1969;0;2
KIDO;3;8.5.1949;1;2
KIBO;1;2.8.1933;0;1
ELMASSENEM;1;19.7.1936;0;1
MEHMETVASI;1;17.5.1953;1;0
FAHSIT;2;2.11.1961;2;0
MUTEHETTIN;1;2.7.1951;1;0
GUTFETTIN;1;11.3.1977;1;0
MUHMINET;1;11.2.1975;0;1
URDEN;2;20.5.1961;1;1
BAKLAGUL;1;3.10.1951;0;1
APTULHAMIT;11;29.1.1955;11;0
SEVZE;27;24.1.1960;0;27
DADIME;2;4.9.1963;0;2
GILBAY;1;28.4.1965;1;0
SALIMAT;5;2.5.1958;0;5
ZEZUL;1;2.8.1927;0;1
FEHERNAZ;1;28.7.1960;0;1
NORAY;19;5.1.1961;17;2
SECIBE;3;12.1.1961;0;3
RABIYAT;4;7.10.1955;0;4
RIHANGUL;10;18.8.1962;0;10
AYSAM;5;27.1.1965;3;2
YURDEM;9;28.5.1979;1;8
HAZETE;4;28.6.1963;0;4
ABUSELAMI;1;8.10.1976;1;0
INAT;4;12.10.1968;1;3
MURGULE;1;12.2.1965;0;1
CANALAN;1;7.6.1964;1;0
BARFI;1;27.3.1956;0;1
MEMLEKET;5;19.7.1956;1;4
NAZINCI;1;17.2.1966;0;1
RUSEYDA;2;18.7.1976;0;2
AKANTURK;2;19.2.1974;1;1
KIRIZAT;1;1.4.1935;0;1
EFRAYI;2;27.4.1958;2;0
VASFIYET;2;21.12.1962;0;2
GUGU;7;11.7.1946;0;7
RUHBET;8;22.8.1965;1;7
MAKSUDA;9;17.2.1962;0;9
DELHA;5;28.3.1965;4;1
EGBAT;1;1.6.1956;0;1
FARIZAT;4;30.8.1955;0;4
FAYRETTIN;2;1.12.1956;2;0
TAGSIM;1;30.7.1972;1;0
YENIGAZEL;1;30.6.1974;0;1
ZELIGAN;2;2.1.1970;0;2
AMPUL;1;18.1.1990;0;1
ZIFET;6;30.8.1957;0;6
MIRITHAN;1;7.2.1964;0;1
BILYA;7;11.4.1971;0;7
KERDE;1;9.1.1958;0;1
SEHEMBER;4;30.8.1963;4;0
SERGUNTAC;1;4.6.1987;1;0
SAKO;4;7.9.1958;2;2
SENISE;3;3.6.1968;0;3
NISBEL;1;16.4.1981;0;1
BUKLUM;4;11.10.1969;1;3
BALSEN;10;14.9.1972;0;10
ETEMSAH;9;19.1.1737;9;0
TEYVE;1;26.4.1971;0;1
SERVAL;1;1.1.1;1;0
SUCAY;17;4.11.1972;12;5
EMENTURK;3;16.3.1976;3;0
GULANSE;2;3.12.1942;0;2
TUNCTURK;5;10.4.1970;5;0
MAISEKER;7;9.11.1956;0;7
NIMUNET;1;25.7.1963;0;1
MAHIRPASA;1;1.5.1980;1;0
ZIMIZAR;2;12.7.1947;0;2
ZIVEYDE;4;4.7.1957;0;4
BADEN;2;26.12.1968;0;2
ZANBAK;5;16.10.1960;0;5
ERCIL;12;21.7.1976;9;3
NURBIKE;9;26.8.1985;0;9
ULUKAY;1;1.5.1969;1;0
HUBYE;1;11.2.1976;0;1
HOPPAZE;1;22.8.1913;0;1
ABDURRAHMANGAZI;5;5.8.1962;5;0
ILFETIN;3;3.7.1954;3;0
CEMHASAN;2;27.4.1969;2;0
SAKARYA;6;13.3.1949;5;1
HULU;7;9.1.1963;5;2
INAHAT;13;15.11.1963;0;13
PERTAV;14;7.7.1962;14;0
SEHNUVER;3;25.11.1961;0;3
FEHMIHAN;3;28.12.1969;2;1
ERGINAY;7;3.4.1975;6;1
HAYATIGUL;8;28.7.1965;0;8
TURKANAY;2;17.3.1959;0;2
ABDURRAK;1;12.2.1965;1;0
BIRDEGUL;20;23.9.1974;0;20
SARALI;1;8.4.1964;1;0
KITA;1;27.8.1932;0;1
YURDAKOC;1;24.4.1961;1;0
MEBILE;8;24.9.1972;0;8
ERTOP;8;9.6.1973;8;0
MEHMETSITKI;1;11.6.1938;1;0
RESMINUR;13;26.1.1959;0;13
BAGDASER;10;10.10.1951;0;10
SEVDABA;2;5.7.1951;0;2
SENEMBER;4;17.7.1962;0;4
BAYBURT;5;15.6.1953;5;0
MEVZI;6;23.11.1949;4;2
DONA;14;15.12.1961;0;14
ONCEAY;1;1.10.1984;1;0
YAGGUL;1;29.1.1950;0;1
ESENLER;2;4.10.1964;1;1
NESPILE;1;9.5.1942;0;1
MEZAT;4;19.1.1955;0;4
BEYSAFALAR;1;1.11.1961;1;0
GULYURT;13;25.8.1960;0;13
SALIGUL;1;21.7.1957;0;1
DILEHAN;6;26.3.1983;0;6
GOGGE;1;15.5.1956;0;1
MILAZ;7;14.2.1971;6;1
TUTUYEM;1;22.4.1963;0;1
FAIZET;3;10.11.1956;0;3
ZERNISE;2;10.9.1965;0;2
GULBAKIS;7;12.10.1969;0;7
PIRSEFA;2;9.9.1973;2;0
SEYFAL;11;23.12.1953;11;0
VARGUZEL;1;21.2.1941;0;1
ARIGUL;6;9.7.1969;0;6
MULKICAN;13;16.3.1972;0;13
FITTOS;11;4.5.1947;0;11
TEFVIK;7;2.10.1966;7;0
ONTURK;16;3.10.1971;16;0
CIHANDAR;24;16.3.1965;24;0
SAYIDA;6;7.5.1958;0;6
KERENI;1;17.8.1930;1;0
MILEZ;3;30.9.1953;3;0
GULEFA;1;2.5.1945;0;1
TUTNAZ;16;24.3.1955;0;16
FEZENDE;1;24.3.1938;1;0
KINOS;1;12.2.1959;0;1
MUJIDE;2;1.7.1974;0;2
SUNIYET;1;28.10.1955;0;1
KIYESETTIN;4;24.3.1968;4;0
SALTANE;4;18.8.1962;0;4
DEYO;1;22.8.1931;1;0
MUHUBBI;8;26.10.1954;8;0
TANYE;3;3.3.1953;0;3
NACETIN;3;30.12.1962;3;0
SAEDET;1;1.4.1976;0;1
GUZELHANIM;2;11.6.1955;0;2
MECINE;2;12.1.1947;0;2
MURSEYIDIN;1;7.2.1940;1;0
RUVILYA;1;25.1.1958;0;1
SANZIME;3;6.9.1976;0;3
HURBUYE;1;22.4.1966;0;1
SEVLAH;1;30.3.1978;0;1
SAYNAR;7;20.7.1955;1;6
ZECO;1;10.10.1929;0;1
HANBEYI;17;15.10.1958;6;11
MUSTEK;2;9.12.1946;1;1
ARIK;15;24.8.1955;10;5
YUVUZ;4;8.2.1984;4;0
HUMURYE;1;17.4.1960;0;1
MUMIRE;8;29.9.1948;0;8
FETEHAN;7;8.3.1954;0;7
ISBAHAN;2;1.1.1955;1;1
REHIMET;2;19.8.1944;0;2
HEDIS;30;21.10.1956;19;11
NUJIDE;1;12.3.1929;0;1
METICE;6;21.1.1964;0;6
SASAN;7;15.3.1968;5;2
NEKIFE;29;3.2.1962;0;29
ILGAS;2;14.12.1944;2;0
ELTURK;1;24.4.1967;1;0
RURIYE;4;30.12.1955;0;4
MESMILE;3;1.9.1961;0;3
SOYLERGUL;1;2.2.1963;0;1
FERFO;4;8.12.1947;0;4
TANOREN;1;2.9.1951;1;0
OZTOK;3;26.12.1956;3;0
SELGUZAR;5;30.10.1944;0;5
BIDOS;1;6.1.1953;0;1
ZAHIZAR;1;23.12.1982;0;1
OYMEN;15;30.11.1982;14;1
PANZEHER;1;27.8.1938;0;1
REVEL;1;1.8.1939;0;1
HENUZ;7;30.11.1964;5;2
CEVALI;7;25.2.1970;4;3
FARS;2;19.10.1963;2;0
HOPPE;1;2.7.1939;0;1
EVGULU;4;9.1.1957;0;4
TIMUREFE;1;14.4.1959;1;0
FAZILETTIN;6;19.4.1954;6;0
RIZAALI;6;27.7.1950;6;0
SAYINE;4;3.2.1966;0;4
MAHFILE;3;12.8.1941;0;3
FIRDEVSALA;2;19.12.1959;0;2
LIFAZ;2;2.5.1939;2;0
GUVENGUL;2;30.9.1965;0;2
MULKIHAN;3;16.6.1950;0;3
MAYIYILDI;1;18.3.1947;0;1
YEKTE;8;1.12.1956;2;6
HUCURUYE;1;22.5.1967;0;1
PERIKAT;1;7.3.1934;0;1
EMINTURK;1;7.2.1952;1;0
ENTURK;4;11.3.1978;4;0
SAHZEMIN;3;28.5.1984;1;2
GULKIYMET;6;20.2.1971;0;6
HAYATIBEY;1;2.2.1957;1;0
NENU;1;7.8.1934;0;1
SAHMAIL;1;5.3.1937;1;0
MORO;5;17.10.1948;4;1
SAMDEL;1;12.2.1965;0;1
RAZINET;1;21.8.1947;0;1
KIRMISIYA;19;23.2.1960;0;19
PURHAN;9;27.10.1958;5;4
SOYLET;1;21.1.1948;0;1
SAHNIZER;4;29.8.1956;0;4
ELENDER;2;29.1.1956;2;0
BINBEY;1;16.12.1963;1;0
KUBARA;16;8.6.1958;0;16
SAHMEZAT;3;14.1.1940;0;3
HUBRAYI;1;16.4.1934;0;1
SUSA;12;23.2.1949;0;12
SEFILSAH;1;27.8.1932;1;0
MUNTEHAN;4;3.6.1969;0;4
FELANAZ;1;13.12.1951;0;1
MAMIH;3;23.6.1942;0;3
PEMILA;4;25.3.1983;0;4
ERSE;4;16.10.1983;3;1
HIYRAT;1;17.8.1948;0;1
SIYHAT;10;16.9.1960;0;10
SURIYAL;2;30.8.1965;0;2
YILLAR;8;29.3.1983;4;4
TEHMEN;5;18.7.1967;5;0
HAFID;6;22.5.1976;6;0
GULMINAR;2;21.9.1969;0;2
BEYBABA;4;14.1.1963;4;0
GULEBANI;1;2.3.1945;0;1
BIRDE;2;26.4.1976;0;2
CAKO;8;8.7.1952;7;1
ELTEKIN;1;27.8.1974;1;0
OZPAY;1;21.2.1987;1;0
BALLE;1;12.2.1947;1;0
GEZME;1;2.2.1969;0;1
HAMSEKER;1;7.8.1957;0;1
ATOS;7;28.1.1961;2;5
FERHAK;2;21.8.1986;2;0
HALISBEY;2;22.5.1967;2;0
RESITHAN;5;21.5.1973;5;0
HACINASO;1;2.2.1957;1;0
ALCE;1;12.2.1935;1;0
MEHENDIS;27;9.8.1968;27;0
GULFETTIN;9;28.12.1960;8;1
URGUL;13;8.9.1968;0;13
ELFES;4;21.4.1972;2;2
ASEYA;2;25.4.1958;0;2
TURKKOZ;1;7.8.1970;1;0
AYSANDIK;1;27.2.1944;0;1
CARCI;1;24.10.1934;1;0
MACI;1;2.8.1915;0;1
EDOS;2;20.8.1964;0;2
RABYA;1;7.8.1934;0;1
DILEPURUZ;3;3.10.1935;0;3
FERYAM;1;12.3.1971;0;1
MAZZES;3;6.10.1967;0;3
BASTURK;5;14.9.1974;5;0
MENDIZ;4;24.11.1972;4;0
DOLA;1;23.10.1986;1;0
SAHMEMET;8;21.6.1946;8;0
AYCER;4;10.3.1980;1;3
ALMI;2;25.11.1945;0;2
SINEK;1;18.2.1929;0;1
HACINEBI;3;20.2.1936;3;0
RATIF;18;2.4.1963;17;1
TURKALAY;13;15.9.1966;13;0
TAYUZ;2;22.1.1949;0;2
GUZEM;10;20.5.1985;0;10
SEDYA;7;3.2.1978;0;7
YASET;7;24.5.1970;6;1
KAKIZER;1;17.8.1954;0;1
KOCAKALI;1;11.1.1974;1;0
HEDIM;5;25.9.1969;2;3
CIYENDEM;1;27.2.1974;0;1
BOYBEGI;9;1.10.1950;9;0
ZIYAPASA;1;12.2.1935;1;0
YENITURK;4;14.5.1969;4;0
ADALLET;1;23.8.1983;0;1
EHLIGUL;2;11.3.1970;0;2
CAPO;4;22.11.1955;4;0
HAKKADIR;1;16.4.1980;1;0
HAKCELIL;1;19.4.1983;1;0
CAGATAYHAN;14;2.4.1982;14;0
CELILCAN;1;29.2.1986;1;0
GIRAYALP;1;10.4.1990;1;0
DONERIYE;15;14.11.1961;0;15
SELBUR;1;6.2.1955;0;1
MIYA;3;26.8.1967;0;3
LEZAKET;3;12.12.1957;0;3
ABDULYASIN;4;30.6.1983;4;0
ERBIYE;13;30.9.1964;0;13
VAHIY;1;12.8.1982;1;0
MUSUBE;5;22.2.1963;0;5
SUPEN;1;9.11.1973;0;1
AFVAN;4;12.1.1977;2;2
OKXANA;1;2.4.1981;0;1
ILKUTLAY;1;28.4.1981;1;0
SEKGUL;16;1.10.1953;0;16
BILIBIL;1;27.4.1944;0;1
SELABIYE;3;9.1.1982;0;3
EBRIKE;33;23.1.1955;0;33
MUHRUBE;17;29.3.1960;0;17
LADIR;1;21.11.1983;1;0
GULSITEM;6;6.2.1957;0;6
SIDIT;3;22.8.1966;3;0
PEVRAN;8;25.12.1966;1;7
IHSAMIYE;1;26.11.1977;0;1
EMLIK;244;28.3.1957;0;244
BENLIHAN;49;29.10.1965;0;49
FIRE;108;19.10.1955;0;108
FANTI;23;1.1.1957;1;22
NUFERE;4;15.3.1953;0;4
HIDIRSIH;1;19.7.1935;1;0
NIYASEDIN;1;22.2.1979;1;0
FEYRA;9;26.6.1964;0;9
CAMES;13;11.7.1970;13;0
CURUYA;1;7.12.1985;0;1
MESDANE;1;11.10.1961;0;1
SAFADIN;1;26.4.1971;1;0
ERGAHI;2;20.10.1962;2;0
MUZDE;5;12.1.1978;0;5
SUNAGUL;20;17.4.1971;0;20
ELMUNUR;1;7.8.1982;0;1
SEFATDIN;1;2.4.1990;1;0
LEKIFAR;1;29.11.1951;0;1
GULPES;54;12.12.1962;0;54
MEFARIDIYE;1;17.7.1942;0;1
ABDISIH;4;20.6.1953;4;0
MERMER;58;17.5.1957;1;57
MESAKAT;1;26.11.1936;0;1
NEZIYHE;3;12.11.1964;0;3
MAKBUB;2;12.5.1956;0;2
MEYREN;1;30.6.1975;0;1
MURSELEN;6;30.5.1974;1;5
ALISIH;11;30.3.1959;11;0
ERIBIYE;2;20.4.1946;0;2
SEYHANLI;1;8.9.1932;1;0
ESAMETDIN;2;10.2.1956;2;0
NUHER;5;10.9.1960;4;1
ARAPSEN;1;12.2.1947;0;1
CANIL;3;3.1.1976;2;1
TURUDU;59;28.1.1956;59;0
CEMASETTIN;10;24.5.1957;10;0
GULCEYHAN;16;12.9.1962;0;16
SIHDURAN;8;15.1.1950;8;0
EMIRZE;9;30.7.1941;8;1
ARAPSULTAN;2;5.9.1965;0;2
BIHRASEB;1;28.11.1963;0;1
HASANDEDE;10;1.2.1958;10;0
REYLI;1;22.11.1942;0;1
HOKUMA;3;24.12.1956;0;3
ZENNIBIYE;1;11.12.1957;0;1
HALILDEDE;14;7.3.1958;14;0
ARAPLI;37;13.10.1958;0;37
SEYITHANIM;123;9.1.1959;0;123
SEFRET;7;6.7.1960;2;5
MUTALIF;2;23.8.1974;2;0
MUHINET;1;27.8.1975;0;1
NARISAN;20;27.2.1959;0;20
MIRZAYEVA;1;26.7.1942;0;1
MAHSUNU;16;9.5.1973;16;0
REYFAN;4;5.12.1959;0;4
MINNETI;38;23.2.1962;0;38
SEFARI;2;14.12.1969;0;2
SEFAADDIN;4;6.12.1960;4;0
SERMER;4;5.10.1956;2;2
REISE;7;29.6.1948;0;7
GULYASE;4;13.7.1957;0;4
PEVRUZ;7;26.9.1957;0;7
GULNAZELI;1;1.11.1955;0;1
GULISTEM;1;1.4.1984;0;1
EDAKER;15;18.5.1959;0;15
ZERMAN;21;6.7.1964;0;21
LEMZIYE;80;6.10.1956;0;80
GULFIYRE;1;22.2.1967;0;1
HENDEM;12;18.7.1959;0;12
SELVIKIRAZ;1;21.6.1941;0;1
GULPARE;37;11.7.1959;0;37
SOZAL;9;11.4.1975;8;1
AVINI;9;6.12.1972;9;0
ISIKHAN;7;19.5.1970;7;0
NUFERIYA;1;7.9.1970;0;1
MULAYIME;6;4.11.1951;0;6
ZERAL;24;27.4.1981;0;24
SAHINBAZ;7;5.3.1960;7;0
GULGUR;3;3.1.1947;0;3
MUZDEBAG;1;22.4.1973;1;0
MENZIYE;3;19.4.1974;0;3
MUTESSIR;3;5.11.1972;1;2
NAZIRGUL;1;22.2.1955;0;1
BEYUKBADJI;1;27.1.1960;0;1
BENSUNUR;1;2.12.1981;0;1
MEYLI;268;14.9.1962;6;262
MUHIYYE;1;17.4.1957;0;1
MUSTELIF;1;26.11.1978;0;1
MUHABBER;33;24.12.1956;1;32
MUZDAL;1;24.3.1961;0;1
EFTANE;1;2.9.1963;0;1
KULSTAN;1;26.9.1984;0;1
ABDULBERAT;3;21.6.1961;3;0
TURGUTHAN;1;20.10.1971;1;0
REBAB;4;20.10.1979;0;4
MUHABBA;1;15.1.1943;0;1
SAHISMAYIL;4;2.2.1960;4;0
USLUGUL;2;27.11.1961;0;2
YURDESEN;48;15.6.1966;6;42
MERMI;19;20.6.1956;8;11
ILTAD;1;27.2.1962;1;0
UKULU;9;10.7.1960;0;9
ZULFAR;16;24.1.1958;13;3
TEKLIFET;3;27.6.1967;0;3
HAYDARDEDE;1;9.7.1952;1;0
ZUHUDE;28;29.12.1960;0;28
UZMEGUL;1;12.2.1965;0;1
USLER;11;17.6.1967;11;0
TURKANIYE;4;29.10.1955;0;4
HUNLE;1;22.2.1979;0;1
MUSLATTIN;2;11.4.1952;2;0
MERSIDIYE;1;22.5.1946;0;1
MIDEYHA;1;17.9.1972;0;1
FAZILEYI;1;8.4.1932;0;1
LEFERIYE;1;21.6.1964;0;1
ENTUYE;1;7.2.1970;0;1
GUNDOGMUS;35;16.4.1962;1;34
TANFUR;1;4.10.1966;1;0
UNALDI;6;15.10.1967;6;0
DORTLER;2;24.5.1952;2;0
MUHERIYE;3;30.4.1967;0;3
SIHEYIP;1;18.2.1964;1;0
NAZELLI;3;4.8.1967;0;3
AYYAR;2;20.12.1969;2;0
RAY;3;15.12.1965;3;0
NARMINA;12;12.7.1967;0;12
AYNAHAN;5;11.10.1962;0;5
BAZIZ;2;29.8.1952;0;2
PEVLUL;11;11.3.1969;11;0
AYATIN;4;17.9.1970;2;2
MIDAYHA;3;17.1.1966;0;3
CESMIGUL;5;6.3.1959;0;5
TELEY;18;15.8.1957;0;18
FUZEL;1;12.4.1953;0;1
HAVALE;4;13.4.1972;0;4
EVSAY;1;22.2.1967;1;0
KALANFIR;3;17.9.1956;0;3
GEVHERSAH;3;26.1.1954;0;3
MAKBEKAR;1;26.9.1964;0;1
GULPEM;1;22.4.1931;0;1
DILCAR;1;6.8.1954;0;1
GULDERA;1;22.4.1937;0;1
ERBAYI;3;28.9.1971;3;0
MUAPPER;1;27.4.1925;0;1
FARKIYA;3;29.2.1956;0;3
EBRUKE;13;6.3.1962;0;13
SIFATUN;6;15.2.1983;0;6
DILFILIZ;4;30.7.1969;0;4
MUNSADIR;1;7.2.1964;1;0
LIVIDE;32;1.7.1963;0;32
HAVAZIM;1;11.6.1966;1;0
AYNIS;10;6.11.1966;1;9
KABIKAR;1;11.2.1955;0;1
EMRAMI;1;17.2.1978;1;0
SONESER;13;2.1.1967;0;13
DURANETTIN;11;17.5.1969;11;0
AYDINDEDE;1;11.5.1960;1;0
AHMETDEDE;1;22.3.1943;1;0
GULBENZER;3;24.6.1963;0;3
SUKAYIP;3;20.10.1963;3;0
GULDESLAN;1;13.6.1971;0;1
CAHAT;19;24.8.1957;17;2
TALIKE;5;19.1.1966;0;5
NIGORA;5;25.4.1975;0;5
NEJGULE;1;2.2.1963;0;1
HUBBADE;2;27.6.1949;2;0
MUTEMET;11;15.7.1970;9;2
NEFARE;1;22.2.1973;0;1
OKULU;3;25.7.1953;0;3
GUTNE;36;10.4.1973;0;36
CELALATIK;1;2.2.1951;1;0
ZEHNIGUL;1;17.2.1966;0;1
NAZILLI;12;10.1.1957;2;10
GADEN;1;6.2.1956;0;1
ABDULYAHYA;2;23.2.1969;2;0
SEVGUZAR;6;9.7.1955;0;6
MEVIYE;6;26.8.1972;0;6
SAZILI;9;10.12.1965;7;2
GUZUT;6;20.10.1962;0;6
MAPIRAZE;1;24.7.1948;0;1
MENDIFA;7;7.11.1955;0;7
ZULUFKU;1;17.9.1966;1;0
NUFERIYE;17;21.4.1965;0;17
GUSTUN;5;24.8.1960;0;5
FERYE;6;17.3.1965;0;6
GULFEYRA;2;27.2.1980;0;2
BEHRUN;7;30.7.1979;7;0
HORASAN;2;14.7.1949;1;1
NURUSEN;7;14.7.1962;0;7
SIHKATIP;1;25.4.1946;1;0
EBRUZE;5;22.1.1971;0;5
BAHDILE;2;11.8.1947;0;2
GULARAP;2;17.6.1954;0;2
MEMEDULLAH;2;13.12.1956;2;0
DANGUL;1;22.5.1979;0;1
HURDEVIS;9;9.8.1960;0;9
MUKU;4;23.2.1953;3;1
KUSET;3;11.7.1963;2;1
ZULKARNE;24;12.9.1964;24;0
MENSURUGE;1;11.3.1945;0;1
HUSNUNUR;11;18.11.1963;0;11
ZOHER;3;9.1.1967;0;3
MAHLI;155;4.10.1965;155;0
ERUZE;6;21.12.1959;0;6
NEFARAT;2;16.8.1957;0;2
SELEFETTIN;1;28.4.1940;1;0
MAHO;127;23.8.1951;126;1
ABAZER;16;4.7.1966;16;0
CAMALAN;1;28.4.1958;1;0
MURSALIYYE;1;6.2.1942;0;1
FELMA;4;27.5.1962;0;4
MEBAHAT;3;14.10.1946;0;3
AYTUMEN;9;8.10.1969;9;0
GULFATIS;1;21.1.1984;0;1
TEVFIT;4;9.9.1965;4;0
GULDILEK;19;23.3.1980;0;19
MUZADE;10;23.5.1965;0;10
EKRASIM;1;2.9.1970;1;0
NEMZADE;1;17.4.1948;0;1
VELIDEDE;11;16.2.1951;11;0
CEMALINUR;162;3.9.1958;1;161
MEMSURIYE;3;24.11.1951;0;3
HAVUSE;9;7.9.1958;0;9
CANATA;3;24.6.1988;3;0
MUCEYRE;1;4.4.1964;0;1
GULFIAT;4;19.10.1941;0;4
ULUKSAN;1;10.4.1964;0;1
DERVISMEHMET;1;30.2.1955;1;0
SUCATTIN;70;24.5.1961;70;0
ZEHTE;79;10.9.1954;0;79
GULFIYRA;1;23.3.1972;0;1
DILBEN;4;8.2.1969;0;4
NEZAHAL;3;27.5.1960;0;3
YILAYDIN;11;18.4.1969;11;0
SAZEDE;15;28.2.1969;1;14
REMADAN;16;1.7.1947;16;0
SAHUNUR;2;5.3.1960;0;2
ZULUL;2;25.2.1965;1;1
SAFILI;37;10.5.1953;0;37
UCERET;1;17.4.1957;1;0
NAMEN;3;30.11.1953;0;3
CEMAZEL;12;26.4.1959;6;6
TENASIP;17;28.12.1949;0;17
TAYFUDE;1;27.2.1985;0;1
PUSEYNE;3;27.12.1958;0;3
NUTGU;3;20.12.1952;3;0
KOKULLUAY;1;27.4.1974;0;1
GULAZIME;1;2.2.1963;0;1
HURUSER;21;24.4.1952;0;21
RUGHAN;3;8.7.1974;0;3
IBABE;13;28.4.1946;0;13
MENNET;3;5.9.1940;0;3
GOGU;11;27.10.1958;0;11
ZAHMURE;7;29.1.1966;0;7
MUHFER;1;14.10.1989;0;1
GURCUISTAN;1;16.1.1966;0;1
EMINEKAMURAN;1;3.11.1990;0;1
TEVRIZE;10;16.7.1956;0;10
MUMTAZIYE;59;16.8.1955;0;59
GULSIBEL;6;15.5.1968;0;6
NURFAZA;4;5.11.1964;0;4
EFRIZE;9;8.9.1955;0;9
ERDE;10;23.8.1976;4;6
CEVAKAR;4;2.3.1976;3;1
TEBKILIYE;1;18.1.1954;0;1
SADEKUL;1;6.10.1966;0;1
ISBAH;1;11.4.1949;1;0
HALKIAN;1;26.3.1975;1;0
KULEMDER;2;30.7.1963;0;2
ULLIYE;18;21.11.1967;0;18
NECMURE;3;3.5.1970;0;3
HONGER;3;1.4.1955;0;3
SELGIZAR;1;27.2.1980;0;1
BAYBEYI;2;19.3.1937;2;0
CAGIDE;1;22.2.1967;0;1
NECEHAN;5;25.5.1960;0;5
CANDIL;2;5.8.1963;0;2
TAKLA;2;9.11.1955;1;1
MERMURIYE;1;6.2.1984;0;1
BEHIYEGUL;3;30.4.1983;0;3
SEVKATI;12;29.5.1961;10;2
PERHANE;2;26.5.1975;0;2
MEVSUT;19;14.12.1961;19;0
MAMUDIYE;7;18.7.1952;0;7
NEFARETTIN;3;19.5.1961;2;1
MUSLUHATTIN;5;4.8.1963;5;0
NEBATIYER;1;11.10.1969;0;1
FERZIYA;5;7.2.1960;0;5
GULDUK;1;22.1.1961;0;1
MUKDEDIR;12;11.6.1971;12;0
FIYRE;3;24.7.1953;0;3
SAHVERAN;2;23.6.1948;1;1
FAZILAT;10;17.9.1961;0;10
MEHRIBAR;3;10.7.1970;0;3
USEYT;1;2.3.1986;1;0
DILFIRIZ;20;9.10.1970;0;20
SEVKURE;2;18.10.1965;0;2
ILIYA;18;11.5.1950;15;3
MUHSULE;1;17.11.1966;0;1
HIFSIYA;2;10.1.1978;0;2
ATRA;815;1.4.1954;0;815
FEYRE;1;19.2.1972;0;1
SERDAYI;3;14.2.1981;3;0
BEDIGHA;1;21.12.1958;0;1
CALIHA;1;22.2.1967;0;1
ERSEV;46;8.2.1980;39;7
UCAY;13;19.7.1974;9;4
MUSDEBA;3;11.1.1972;3;0
DONMUS;73;6.12.1957;0;73
GUBULAY;15;8.12.1968;15;0
IMAHA;1;22.3.1945;0;1
BINIALI;1;22.8.1937;1;0
PETEN;10;16.1.1946;0;10
MASIR;8;28.4.1973;5;3
OMERGAZI;3;3.11.1980;3;0
GUNAYDEN;1;18.9.1956;0;1
KAGBE;1;11.1.1972;0;1
FETAHI;3;14.2.1944;1;2
ILHANER;1;7.2.1988;1;0
ALICAM;4;27.9.1973;4;0
NEZZIYE;1;29.8.1938;0;1
IMIRZALI;10;1.1.1965;10;0
IMILI;3;2.1.1948;0;3
EFDALIYE;3;21.3.1963;0;3
HACIELI;4;4.8.1971;4;0
GUMSER;3;19.4.1966;1;2
ATIKER;3;29.8.1962;1;2
MUSLEHAT;1;28.11.1960;1;0
NAFAKA;1;28.3.1950;0;1
YAFEZ;30;22.1.1971;30;0
MUSTEBEY;5;3.9.1955;5;0
NEHMIDE;1;26.8.1964;0;1
RUVEYHA;5;1.1.1980;0;5
EMANI;8;19.5.1968;6;2
LIVAREN;1;2.9.1981;1;0
ARAPALI;19;27.1.1964;19;0
EVIDE;2;18.12.1940;0;2
UZEYINE;2;12.6.1946;0;2
SEVKIGUL;9;1.6.1948;0;9
CAHI;2;4.8.1954;1;1
IMIRZALIDEDE;1;2.6.1957;1;0
ZABIA;3;2.7.1955;0;3
MUSET;48;6.2.1953;7;41
NUZEYME;1;11.3.1991;0;1
MURITHAN;1;6.9.1990;0;1
AYNR;1;28.12.1967;0;1
GURCUNUR;1;13.1.1986;0;1
SACIDIYE;16;10.9.1959;0;16
ABUZIDTIN;1;15.3.1962;1;0
RECIMA;1;22.2.1961;0;1
FIYRA;4;10.12.1955;0;4
SUKUNE;5;21.1.1950;0;5
KUTUK;219;4.7.1960;173;46
GULDALE;3;3.12.1946;0;3
DUDUCAN;6;11.3.1965;0;6
DURANER;1;6.10.1963;1;0
BUGURCAN;5;18.9.1990;4;1
NILBETUL;1;21.9.1981;0;1
CANVEDA;1;21.10.1969;0;1
EFLA;8;16.2.1979;0;8
BESIMAN;2;22.2.1945;0;2
FELDANE;1;4.5.1976;0;1
SITAMI;1;22.2.1937;1;0
MUDURIYE;13;23.5.1969;0;13
DONYA;2;30.2.1951;0;2
NUHUGUL;26;9.5.1958;0;26
MUHERE;2;3.2.1960;0;2
KOKTAY;2;24.7.1959;1;1
GULEMZIYE;3;28.11.1954;0;3
ZUNEYBE;1;27.2.1974;0;1
KULENDAM;2;11.12.1947;0;2
HURRIYYET;4;9.3.1968;0;4
HAKKIAN;1;22.12.1979;1;0
GULATMI;1;21.5.1982;0;1
VEYSELKARANI;11;1.10.1977;11;0
ERTORUN;1;7.12.1964;1;0
TEVRIZIYE;1;22.4.1919;0;1
FERDICAN;4;26.6.1981;4;0
RAVET;3;1.9.1954;2;1
LIBERYA;2;19.5.1961;0;2
NAZDET;1;17.12.1954;0;1
YURCAN;5;5.11.1965;2;3
MUHUTDIN;10;15.8.1971;10;0
SERCAHIL;3;4.5.1961;3;0
URUFIYE;13;18.8.1961;0;13
ARZUNAZ;2;11.2.1960;0;2
BUMUN;2;8.11.1979;2;0
DILSADE;8;25.11.1958;0;8
IRFANETTIN;8;2.11.1961;8;0
SIRULLAH;6;22.6.1960;6;0
MUDADIYE;1;17.6.1938;0;1
SUFEDA;6;29.11.1956;1;5
VELISIH;4;28.11.1958;4;0
MUCERYA;2;7.6.1978;0;2
BENHAL;1;10.6.1958;1;0
FAYLAT;2;9.3.1963;2;0
CERULLAH;14;17.2.1962;14;0
EFES;17;26.3.1975;6;11
ZAHIRI;2;14.11.1970;1;1
NURISEN;26;22.2.1958;1;25
GALBINUR;1;12.2.1965;0;1
ULKUSAH;5;5.3.1981;0;5
NUHDEDE;13;21.4.1967;13;0
NEFDARIYE;2;4.8.1955;0;2
GULALEM;65;15.11.1960;4;61
FIRA;14;30.3.1966;0;14
OZYON;1;26.10.1961;1;0
VAAP;3;23.1.1957;3;0
ELFAT;3;10.3.1960;1;2
HAFIKE;7;7.10.1956;0;7
BEDIS;34;4.7.1960;1;33
EFFA;2;20.12.1958;0;2
FARIT;4;23.5.1956;4;0
BERAHA;1;18.5.1968;0;1
RUEYDE;6;27.4.1962;0;6
EBLIKE;1;24.1.1955;0;1
AYPARE;13;26.5.1963;0;13
GOKSELER;1;7.2.1988;1;0
YIHYULLAH;1;17.11.1990;1;0
BALGUZAR;2;18.6.1966;0;2
SAHMUR;6;12.12.1963;2;4
AHINAZ;1;22.2.1947;0;1
TEVATIR;2;24.10.1944;0;2
M.HUSNU;3;30.3.1942;3;0
KOCAR;8;2.9.1962;6;2
PEVRUM;1;4.2.1961;0;1
TEVCAN;1;11.7.1966;0;1
SECEAT;2;27.6.1964;1;1
SERCESME;1;25.1.1961;1;0
MUCAYET;17;17.9.1956;9;8
ONDERHAN;5;13.4.1985;5;0
GOOS;1;26.4.1959;0;1
HARIL;1;14.4.1938;0;1
PIRAYEN;2;25.3.1939;0;2
TULGACAN;1;6.11.1969;1;0
GUSTUM;1;9.9.1953;0;1
ELTAN;3;22.12.1961;2;1
OZLEMNUR;10;7.9.1983;0;10
SERAFETTN;1;2.1.1933;1;0
ARAPESE;2;12.4.1963;0;2
H.NURI;6;25.2.1953;6;0
FIRZENDE;1;21.7.1952;0;1
OZMERAL;2;22.1.1971;0;2
MUHTEVER;6;15.1.1972;0;6
NAZHAN;17;11.4.1960;2;15
MUNFERIYE;3;24.1.1945;0;3
NURBENZER;1;24.4.1968;0;1
ARAPNAZ;4;19.7.1957;0;4
NUSUYET;1;19.4.1967;0;1
NARISIN;1;16.1.1931;0;1
UCSAN;1;6.1.1946;0;1
SIBLE;1;6.8.1977;0;1
SEVKUL;2;9.10.1957;0;2
SINANGIL;1;28.8.1986;1;0
KETIK;1;17.9.1959;0;1
MUMRUYE;2;5.8.1961;0;2
METIS;10;28.5.1968;3;7
RESITIYE;1;1.3.1965;0;1
SAZAK;4;22.9.1982;3;1
MEHMETHAKAN;1;16.3.1976;1;0
BILOT;1;14.5.1971;1;0
KUDTUSI;2;15.5.1950;2;0
ESHABILE;2;3.12.1957;0;2
BUYUKHANIM;4;13.6.1947;0;4
CEVRULLAH;3;14.5.1955;3;0
IRAMADAN;2;17.2.1954;2;0
DEMILE;1;12.5.1974;0;1
NAFIREN;2;10.8.1975;0;2
HASIBEL;1;10.5.1971;0;1
BAGDADIYE;8;20.9.1961;0;8
AFIFIYE;1;3.12.1937;0;1
MIHRICIHAN;10;17.11.1953;0;10
USULE;11;30.12.1963;0;11
TADIL;10;2.12.1951;10;0
KAHMURAN;19;30.10.1962;10;9
ZEHMURE;3;3.1.1957;0;3
ZULKEYFLI;3;15.9.1965;3;0
HALISHAN;4;22.1.1988;3;1
GUZEDE;28;7.6.1962;0;28
MERDAIYE;1;15.11.1951;0;1
MUSBIYE;2;25.9.1974;0;2
RESULIYE;5;30.3.1969;0;5
KARSOKEN;1;17.2.1948;1;0
MUFREZ;1;10.11.1965;0;1
SARPKAYA;2;22.4.1972;2;0
ABDULCEYLANI;1;14.10.1954;1;0
ZUKUDU;1;12.4.1959;1;0
SIVARI;4;6.7.1962;4;0
EBRAHIL;1;12.6.1962;1;0
LIVAZIYE;23;6.3.1956;0;23
GUMSIYE;1;8.5.1953;0;1
BELKI;14;9.2.1957;4;10
MAVEZ;1;27.2.1948;1;0
ATEMER;1;7.5.1950;1;0
BAKISAN;1;16.11.1935;0;1
AKVAN;4;13.8.1975;4;0
DAGUSTAN;1;11.5.1943;1;0
BILHAMI;2;21.2.1974;2;0
KAREFIL;5;20.6.1966;0;5
SELVERAY;2;19.7.1986;0;2
IFALETTIN;3;30.6.1956;3;0
AYNIVER;2;24.9.1969;0;2
ZAHI;30;23.12.1962;23;7
DONERYE;2;20.2.1950;0;2
SEYFANLI;1;21.11.1965;1;0
SELBIL;3;20.1.1955;0;3
ZINNIBE;1;16.4.1950;0;1
MUSTESAR;3;2.11.1942;3;0
EHRUZE;1;28.3.1977;0;1
PEKGUL;2;23.3.1954;0;2
GUNALP;45;18.8.1974;45;0
NERCIYE;2;15.10.1952;0;2
MEMMURE;2;28.5.1945;0;2
ZUYER;1;22.2.1979;1;0
TURNALI;3;10.2.1962;0;3
ZAHEY;13;10.7.1954;0;13
ZIYAETDIN;12;14.9.1961;12;0
SIKARNAZ;1;26.3.1941;0;1
SURSIT;2;19.6.1970;2;0
ALIGULHAS;1;22.5.1937;1;0
CEFAYET;3;22.7.1961;1;2
FATMABETUL;3;9.8.1984;0;3
PEKSAN;5;5.8.1972;1;4
SIHNUR;3;7.7.1975;1;2
KAREL;41;19.3.1972;2;39
CEFAATTIN;1;2.4.1963;1;0
RABAA;2;5.10.1945;0;2
DOLAR;4;24.11.1966;4;0
SAHANBANU;2;25.7.1944;0;2
NESADE;3;9.9.1962;0;3
APIK;15;27.3.1950;15;0
URFUDIYE;5;7.8.1949;0;5
FERZA;45;4.5.1971;2;43
ELIFER;13;7.9.1967;1;12
ELMALI;4;26.1.1956;0;4
HASANASIR;1;3.8.1930;1;0
YETISCAN;2;11.2.1960;2;0
SEZAATTIN;4;9.6.1950;4;0
FERGAP;4;7.6.1975;4;0
MECITTIN;9;17.6.1955;9;0
KUTLUCAN;8;23.7.1971;6;2
NURSAADET;2;4.10.1973;0;2
SAVLET;8;4.10.1963;8;0
SEBILIHAN;1;26.6.1955;0;1
GULLUSAHAN;2;23.2.1961;0;2
MESKAN;10;8.9.1973;7;3
NEHRA;5;21.1.1984;0;5
BAHTILE;5;29.9.1968;0;5
EMRALI;12;6.5.1965;12;0
VECIDAN;1;29.1.1958;0;1
MERZIYAHANIM;1;30.10.1970;0;1
ALBUS;2;9.12.1956;2;0
ERENALP;6;2.2.1987;6;0
MUDAMI;9;20.1.1967;9;0
SURUYETTIN;1;27.2.1955;1;0
GURTAGUL;1;7.2.1964;0;1
KANTEMIR;2;14.3.1946;2;0
BAYBARSHAN;1;17.4.1989;1;0
DEMIRAC;1;17.3.1966;1;0
SUDENAZ;10;6.4.1988;0;10
BERKUKAPSIZ;1;7.2.1958;1;0
LEHIZA;10;3.12.1961;0;10
SANVERDI;13;1.2.1965;10;3
SEHABETDIN;1;2.8.1957;1;0
KALU;5;21.4.1946;4;1
FENNIYE;41;10.5.1956;0;41
MAHPEKAR;2;28.2.1941;0;2
EMETTULLAH;6;14.5.1968;1;5
BELSUN;2;28.10.1978;1;1
NIGMETE;2;5.10.1951;0;2
MUDURUYE;9;26.2.1962;0;9
FEYRIYE;4;4.8.1952;0;4
CALAP;27;28.4.1957;27;0
SEKKUL;2;15.8.1943;0;2
MAPEYHER;1;22.2.1949;0;1
TERZI;10;30.4.1953;2;8
VESAMET;6;29.7.1942;0;6
ZEREY;8;24.11.1955;0;8
BIRADET;1;3.7.1978;0;1
MEHMETDEDE;5;3.6.1967;5;0
SIVENAZ;4;24.11.1963;0;4
PERDIK;1;14.12.1983;0;1
GULZAHIR;15;19.11.1958;0;15
ERGELDI;24;13.11.1967;24;0
DOMUR;3;8.12.1972;0;3
KADAR;14;22.4.1977;0;14
ELBIYAN;3;19.3.1974;0;3
AYISEGUL;32;10.4.1966;0;32
VADIME;1;6.9.1956;0;1
MEZMUN;1;23.7.1983;1;0
SELKINAZ;1;14.8.1968;0;1
GUVENSEL;2;21.9.1959;0;2
SABIRAY;2;8.6.1975;0;2
BEYVELI;1;16.1.1966;1;0
YURDDAS;1;6.6.1969;1;0
MUNESER;12;26.2.1960;0;12
HAKGUL;4;16.5.1972;0;4
SELBIAN;2;4.9.1951;0;2
SECMINAZ;2;2.7.1958;0;2
ABDULCEDIT;1;11.7.1972;1;0
KUZADIYE;1;6.10.1978;0;1
PIRADE;1;30.1.1990;1;0
NEFTARIYE;1;6.10.1989;0;1
ZEHTA;2;11.6.1970;0;2
HUNERIYE;2;30.7.1945;0;2
KELSER;2;1.12.1943;0;2
ERGUZ;4;12.7.1966;1;3
YASEMEL;2;18.7.1974;0;2
SELKIRAZ;1;23.3.1948;0;1
ZEKERIA;10;1.8.1970;10;0
KACEY;1;2.5.1963;0;1
BENLICAN;1;7.2.1952;0;1
AFIKAR;1;12.11.1951;0;1
DALLIM;1;11.8.1981;0;1
GULDOMUR;5;17.10.1968;0;5
NIRFAT;1;4.2.1951;0;1
MERZILE;1;2.2.1951;0;1
GURCISTAN;9;26.12.1964;0;9
AZEMIN;14;9.7.1960;0;14
TEKIME;3;25.1.1955;0;3
KEKI;58;30.3.1950;56;2
MAHMURU;1;29.8.1974;0;1
KARLIHAN;1;11.1.1964;0;1
MEHARET;5;27.2.1951;0;5
GOKGUL;3;5.1.1962;0;3
VEFIRE;3;16.8.1317;0;3
ZUZADE;1;12.3.1947;0;1
MUHTER;9;26.1.1956;6;3
CAYGULU;3;8.6.1962;0;3
BIRUMUT;1;13.10.1991;1;0
YENEGUL;1;6.11.1968;0;1
MIHRACA;6;15.7.1967;0;6
MAMIR;10;10.10.1961;4;6
ZILFAR;12;26.3.1962;11;1
IHLIMA;5;14.4.1969;0;5
TOSAT;1;11.9.1962;0;1
SUCATDIN;2;14.7.1964;2;0
RAHSANHATICE;1;21.12.1978;0;1
OZERCAN;6;20.7.1964;5;1
LISANETTIN;6;27.2.1955;6;0
GULLEMAN;1;7.3.1987;0;1
LUBUDA;1;1.12.1991;0;1
FRANK;7;27.7.1971;6;1
HEFZIYE;1;14.1.1947;0;1
MUHTEMIT;2;12.10.1960;2;0
LUBE;5;27.1.1968;0;5
ASAGUL;3;15.6.1939;0;3
SEKURIYE;11;3.1.1954;0;11
AHSENGUL;2;9.8.1974;0;2
FAZILIYET;5;16.2.1971;0;5
CEVRIGUL;1;11.1.1986;0;1
NURUCIHAN;1;21.9.1974;1;0
SAFUREN;1;28.4.1962;0;1
SERVETDIN;2;13.3.1966;2;0
VEYIP;8;19.4.1962;8;0
KAHRIMEN;5;14.9.1964;4;1
YAGMUZ;1;21.8.1956;1;0
ZADET;20;25.9.1955;2;18
NAFIGA;5;2.3.1970;0;5
MUNHERI;1;23.10.1949;0;1
LUFIDE;4;4.7.1949;0;4
MARUYE;1;26.4.1954;0;1
BERGAM;3;30.8.1966;0;3
FURMANIYE;1;7.2.1964;0;1
NECIPHAN;3;22.1.1981;3;0
ESSIN;16;2.1.1971;1;15
OGUZKAGAN;15;9.9.1985;15;0
SEHLI;26;4.10.1956;13;13
MUHEYYET;8;8.12.1952;3;5
NURYUZ;5;11.5.1952;1;4
AYSIYE;5;19.3.1957;0;5
CORUH;9;6.3.1973;9;0
SULTA;2;13.4.1965;0;2
BISER;13;29.5.1972;5;8
SAHURET;1;12.7.1941;0;1
HABILHAN;1;14.4.1978;1;0
NUFERYE;1;7.9.1970;0;1
ALTUNISIK;1;30.1.1937;0;1
IMIR;12;16.5.1955;7;5
ZAFURA;5;14.11.1961;0;5
NELMA;4;15.11.1968;0;4
ASUAN;1;14.11.1981;0;1
RUGIZAN;5;17.3.1965;0;5
SEDIT;14;19.11.1960;14;0
ARIFOGLU;1;22.2.1967;1;0
SULEHAN;16;4.6.1970;0;16
ALTINSER;15;2.6.1963;0;15
MILAS;11;12.4.1974;6;5
TUNCAL;23;4.7.1957;22;1
PEMBIS;19;4.6.1956;0;19
ISMAHIL;12;21.8.1965;12;0
SEFARIYE;18;2.3.1965;0;18
SEDDARIYE;1;7.4.1964;0;1
IMDADI;2;6.11.1944;1;1
ZAHIRA;4;3.3.1959;0;4
KUDRIYE;1;22.11.1937;0;1
HUBER;4;19.2.1966;3;1
NUGEL;1;16.8.1982;0;1
SOHRETNAZ;1;5.6.1991;0;1
IPKAL;8;17.8.1968;0;8
AYDINHAN;2;21.1.1973;2;0
GULSEFAHA;1;27.2.1956;0;1
KOCZADE;2;25.10.1967;2;0
UFGUL;1;6.12.1955;0;1
NACIMET;2;4.7.1961;0;2
BESDAMI;10;16.7.1973;10;0
MEYRUL;1;22.2.1961;1;0
HURUZAN;9;8.3.1961;1;8
MUSIKAR;2;18.11.1950;0;2
CANBEKDEDE;1;11.12.1967;1;0
BINGE;1;19.9.1953;0;1
MUDARA;1;15.12.1964;0;1
ZERNUR;11;20.7.1957;0;11
ARKUT;8;23.11.1974;7;1
SADIRET;2;4.8.1980;0;2
MITATCAN;2;7.12.1985;2;0
M.ERCUMENT;2;2.4.1967;2;0
FITIRET;1;1.8.1990;0;1
PASLANMAZ;1;24.8.1968;1;0
MATILDA;45;14.10.1951;0;45
SAHINDEN;6;17.4.1968;0;6
UMMANULUSU;1;9.4.1982;1;0
FERGUNDE;11;2.4.1967;0;11
UNCAN;8;12.12.1965;1;7
ZEYGIR;3;28.8.1953;0;3
EBUDIYE;1;11.9.1956;0;1
LEHBER;9;15.8.1957;1;8
DURMUG;1;27.8.1974;1;0
KUSHAN;1;20.5.1974;0;1
VOLKANHAN;3;18.7.1984;3;0
MISAM;1;16.3.1939;1;0
H.CAHIT;1;28.3.1973;1;0
ZAHIDENUR;4;28.5.1982;0;4
SIIMA;2;24.1.1991;0;2
GULCEVER;1;26.12.1964;0;1
HURUFUYE;1;2.2.1945;0;1
MUSABETTIN;6;2.11.1952;6;0
HAMES;17;23.6.1958;13;4
SULEZAR;1;16.7.1929;0;1
MIFRAT;1;4.2.1951;0;1
YIGITCEM;2;13.5.1990;2;0
SANICAN;1;26.11.1969;0;1
GULDUMUR;1;1.5.1971;0;1
USMUGUL;57;16.10.1960;0;57
KAHAP;5;22.12.1959;5;0
ATIFAT;5;11.8.1960;0;5
MUSAVIL;1;2.2.1951;0;1
MEFKAR;5;10.12.1954;5;0
ZIYABENT;7;18.2.1964;5;2
YADIGARGUL;1;16.4.1964;0;1
UFUKGUL;2;12.7.1972;0;2
ERSADI;2;6.6.1964;2;0
BAGKIR;1;12.2.1965;1;0
LADIKAR;5;11.9.1960;0;5
GULCAFER;5;6.5.1970;0;5
IRCAHIS;1;4.10.1953;1;0
EDREMIT;5;24.4.1967;2;3
GULHABI;5;25.2.1978;5;0
MAHBEKER;7;28.7.1957;0;7
ERTURIL;1;19.4.1964;1;0
IKAVET;2;1.10.1949;0;2
SEBDULLAH;1;29.8.1950;1;0
NEMATULLAH;1;15.5.1971;1;0
DECCANE;4;5.4.1976;4;0
FARAMIS;2;13.1.1968;2;0
MUZET;3;3.6.1954;1;2
MUHUDIN;5;20.10.1962;5;0
SEVGIZAR;5;27.7.1963;0;5
NUNUBE;3;17.12.1974;0;3
HUDI;5;15.10.1948;1;4
HAYYAL;1;13.6.1964;0;1
NAGIA;1;29.9.1982;0;1
BIGAN;9;17.9.1972;0;9
RABBANI;24;4.1.1970;24;0
SADIBEY;7;3.5.1961;7;0
SENAT;65;21.1.1977;57;8
DURUS;128;29.9.1959;23;105
MUSAT;7;10.5.1979;7;0
ESBADE;1;23.1.1984;0;1
LIGAR;46;9.4.1966;0;46
HASANEREN;1;16.5.1984;1;0
AMUL;1;1.2.1966;1;0
ERDENEL;2;6.1.1975;2;0
MALHATUN;1;12.6.1938;0;1
BADIYEL;2;2.10.1965;2;0
AYTULUN;17;11.9.1970;2;15
ERGAIP;1;24.9.1978;1;0
EBULLEYS;2;19.4.1971;2;0
GUHATIN;1;29.1.1971;0;1
YURTLU;5;20.2.1952;4;1
AYATUN;6;13.10.1965;0;6
BEYDILI;3;10.3.1951;3;0
ATESER;3;24.3.1974;3;0
ALIMUHAMMET;1;14.9.1961;1;0
YUZU;2;17.10.1943;0;2
BAGDILI;1;27.2.1956;1;0
GULENZI;1;25.2.1974;0;1
DEVRANIYE;2;29.3.1964;0;2
ESENYA;1;17.1.1992;0;1
ERCAYI;2;18.5.1957;2;0
NERDISAN;1;1.11.1973;0;1
KADEMKER;1;19.1.1954;0;1
KANDEFER;30;30.9.1958;0;30
ZENHURE;1;27.9.1956;0;1
GOKBULUT;3;8.8.1962;3;0
ARAPNAZLI;1;25.10.1953;0;1
TEVHIDIYE;11;20.12.1951;0;11
NISAYE;2;12.3.1959;0;2
TEVRIL;2;1.11.1959;2;0
NEZMURUYE;1;16.5.1964;0;1
DUNUS;3;7.2.1935;0;3
TEFIDIYE;5;19.10.1962;0;5
FERUZIYE;27;25.12.1959;0;27
CERRULLAH;1;22.2.1991;1;0
ULSUN;1;12.7.1977;0;1
TEVRISE;1;23.7.1929;0;1
SEYFIALI;26;30.5.1956;26;0
ULLUS;2;26.2.1958;0;2
MEHLIHAN;2;20.3.1958;0;2
TURHAY;3;1.2.1969;3;0
NERMIGUL;19;12.5.1964;0;19
IFAGE;1;2.3.1957;0;1
MUHLIYE;3;24.11.1962;0;3
GULCIZEM;1;2.2.1957;0;1
TOZAK;79;8.3.1960;2;77
GULDAD;1;1.3.1961;0;1
URFIDIYE;9;12.2.1963;0;9
NAZLINUR;7;19.9.1987;0;7
KAFIGUL;1;1.2.1966;0;1
MENMUNIYE;4;17.8.1966;0;4
EMETIK;1;17.2.1948;0;1
GOZUACIK;1;24.2.1949;1;0
KOCUAGA;1;1.9.1956;1;0
SAASTE;1;7.12.1981;0;1
NELIHAN;4;7.3.1971;0;4
ABIDIYE;12;7.5.1960;0;12
ULFIDIYE;8;13.7.1954;0;8
SEVNE;1;6.6.1968;0;1
ELDIVAZ;8;12.11.1949;8;0
MAHTI;24;16.2.1960;0;24
NARIHATUN;1;10.9.1946;0;1
NEZDAR;4;23.1.1972;2;2
MUZIME;8;11.8.1945;0;8
GULHAKI;8;7.5.1962;1;7
ARABALI;3;28.5.1942;3;0
HURRU;13;28.4.1950;1;12
ERAP;7;14.9.1974;5;2
BELGISE;5;4.1.1948;0;5
ZUYAL;1;9.4.1972;0;1
LEVIDE;9;26.2.1957;0;9
HADIMA;5;30.11.1949;0;5
MURDES;15;25.3.1955;0;15
CANATAN;16;22.2.1967;16;0
CEMALNUR;26;3.11.1953;0;26
NUMSUYE;1;22.6.1953;0;1
KUTBEYTIN;1;2.4.1981;1;0
ADEMBABA;4;13.10.1974;4;0
ZUMRUDIYE;2;16.4.1961;0;2
SORDABIL;1;16.9.1951;0;1
NESILIN;1;24.8.1966;0;1
GULERSE;3;13.5.1966;0;3
MESELE;3;17.7.1960;0;3
ORUCIYE;1;2.2.1975;0;1
HAMMES;7;20.6.1956;2;5
NEZRIL;1;17.5.1982;0;1
GUCEL;11;12.10.1966;5;6
SEVDJAN;7;22.11.1975;0;7
UMMUHAT;1;1.5.1929;0;1
YEKTAN;4;15.9.1963;2;2
ILHAL;2;24.2.1977;0;2
SEPNUR;10;20.7.1970;0;10
BEYAMIL;34;4.2.1959;34;0
TANGUN;15;3.10.1975;14;1
AHFET;4;27.11.1959;2;2
KOSHAN;2;24.2.1950;1;1
OKTAVIANA;1;27.1.1975;0;1
VESRET;1;16.2.1964;0;1
ZELKADE;14;2.12.1962;0;14
SELAADTIN;2;29.4.1972;2;0
UMSELIME;7;6.2.1953;0;7
BEHZE;3;21.7.1954;0;3
BEYNA;113;13.1.1959;0;113
ERDILEK;23;25.1.1973;21;2
LEZIYE;18;24.3.1955;0;18
GUZEYLAN;4;9.1.1958;0;4
TEZGUN;8;30.4.1974;7;1
NECIVAN;67;4.6.1961;2;65
MURHEN;2;1.8.1974;1;1
JERFIN;1;9.12.1981;1;0
ULCEN;3;4.5.1966;0;3
SEVIMDAG;1;19.5.1974;0;1
SELIMNAZ;6;25.12.1963;0;6
TULUM;6;29.8.1964;1;5
AVIDAN;42;22.10.1958;1;41
ZIHNUR;5;2.3.1975;2;3
SEVCI;4;16.8.1963;1;3
NERVAN;7;5.12.1969;2;5
HONAY;1;11.9.1974;0;1
NAMIE;3;3.2.1959;0;3
MESUFI;1;8.11.1956;1;0
GULVEDIYE;7;4.6.1960;0;7
TAHLA;3;5.6.1977;1;2
SUBUBE;6;25.11.1957;0;6
HACIHATUN;6;8.7.1970;0;6
HARBAY;1;16.12.1969;1;0
ERDOHAN;3;3.2.1956;3;0
LEZAHA;1;8.9.1932;0;1
OZNA;4;7.4.1970;0;4
TASVIR;234;17.1.1954;0;234
ZULUBE;5;8.11.1947;0;5
MUSTAKIN;3;24.6.1974;3;0
SUBYEN;2;25.10.1952;0;2
HAYHAN;16;24.3.1957;8;8
NULFULLAH;1;11.12.1941;1;0
MENEVIR;1;7.8.1928;0;1
HUNEL;2;7.3.1970;1;1
CEMILCAN;8;1.3.1989;8;0
FESRET;1;24.9.1974;1;0
NUNIFER;9;30.7.1960;0;9
FANA;5;27.10.1945;0;5
AURELIA;26;10.10.1973;0;26
SENIYYE;30;14.8.1959;0;30
TASFIR;100;4.12.1953;0;100
EBUZE;2;24.5.1931;0;2
DUHTERI;1;1.8.1955;0;1
UZGAN;5;25.1.1952;0;5
ZUTIYE;4;26.6.1966;0;4
SUHEDAT;1;1.7.1980;1;0
ABDIKE;2;30.9.1955;0;2
MADANIYET;1;2.8.1939;0;1
AFSUN;4;18.10.1971;3;1
SEHRU;5;21.8.1967;4;1
GALIME;26;23.5.1964;0;26
NEHIP;3;8.6.1976;3;0
DZEVRIYE;1;28.6.1973;0;1
FAIDIN;3;25.10.1957;3;0
OSEN;14;18.9.1974;2;12
NEVPER;2;14.2.1978;0;2
HARINC;1;24.4.1984;1;0
GUZEMI;10;18.8.1961;0;10
SEHNEZ;3;6.6.1963;0;3
GURBUS;9;27.12.1953;5;4
ZEMZIYE;2;4.10.1966;0;2
ZEYTI;36;16.5.1963;33;3
TEFIZE;2;30.12.1948;0;2
DILEG;2;29.3.1977;0;2
TAGCAN;3;23.6.1988;3;0
MURDE;3;14.1.1974;0;3
GULSEVIYE;8;26.11.1958;0;8
DILEKAN;1;28.12.1991;1;0
PEKNUR;37;27.8.1960;2;35
NERGINHAN;1;4.12.1978;0;1
FENIYE;8;24.1.1965;0;8
BASVIYE;1;22.8.1943;0;1
MUBEVVER;1;2.8.1927;0;1
MAFIRAZ;3;7.9.1957;0;3
ERDUREN;1;17.8.1942;1;0
SENGUNUR;1;11.6.1957;0;1
KORDEN;1;6.2.1955;0;1
MUHLISER;6;25.6.1961;0;6
RIFAD;4;22.12.1972;4;0
NURFAZE;1;2.3.1981;0;1
SAFERIYE;2;4.9.1960;0;2
TILBE;54;25.9.1988;0;54
NICE;26;22.12.1980;8;18
TALIGIN;1;26.2.1971;1;0
FAHRINIGAR;1;29.9.1943;0;1
UTKUN;21;28.6.1982;16;5
IRFANCAN;1;14.5.1991;1;0
BELCIZ;5;28.12.1956;0;5
CELIKCAN;5;15.11.1956;5;0
NAZEHAN;2;17.6.1968;0;2
LEVANSER;1;1.1.1955;0;1
BIRGE;21;25.11.1978;4;17
SONDER;25;14.6.1975;22;3
AYCHE;10;16.11.1970;0;10
SEVGUNAY;1;24.6.1970;1;0
MUTTALLIP;11;1.4.1961;11;0
BEYLIHAN;1;10.1.1949;0;1
ONURTAN;1;25.6.1984;1;0
BASARI;12;9.12.1978;10;2
ELSAN;19;3.9.1971;17;2
MURVETIN;3;19.12.1953;3;0
SERTEN;24;16.10.1973;12;12
HULAGUL;2;4.2.1963;1;1
OYSU;3;15.3.1957;0;3
HULVER;5;3.6.1972;0;5
CISEN;4;27.5.1987;0;4
NEDIE;3;17.10.1977;0;3
FETTANIYE;6;29.2.1947;0;6
FILIZHAN;17;20.3.1973;0;17
FILIZER;22;7.4.1968;1;21
MERGUS;8;17.7.1964;0;8
CUMATIN;3;10.2.1961;3;0
NEFIRE;43;25.6.1960;0;43
OKSENT;2;6.12.1962;2;0
BISLIME;1;18.11.1939;0;1
CUNNET;6;3.5.1967;4;2
RUYIGUL;1;7.8.1928;0;1
TABIDE;30;18.9.1963;0;30
FATMIS;4;5.3.1947;0;4
YILMAZER;16;11.7.1967;16;0
DUGAN;30;19.12.1952;29;1
MUBEYCA;1;6.6.1962;0;1
BULER;2;27.6.1971;1;1
SEDAFIYE;18;19.7.1960;0;18
BENEM;7;1.4.1969;0;7
IZMIYE;17;7.11.1956;0;17
BAYSAN;36;19.5.1963;23;13
GULAHFER;1;26.4.1960;0;1
OLCAHAN;5;4.9.1973;3;2
BEYOGLU;4;19.4.1971;4;0
MUHTERIME;17;23.9.1947;0;17
MEYBE;4;29.7.1965;0;4
NEZIYAT;4;3.10.1962;0;4
SENABER;5;27.6.1959;0;5
MAMURYA;1;12.12.1959;0;1
NUVUT;3;12.12.1964;0;3
MAFERIYE;1;28.3.1950;0;1
TURGIZ;1;27.8.1960;0;1
ZILCADE;1;2.3.1983;0;1
FAYETTIN;2;1.12.1961;2;0
MARIJA;9;21.1.1960;0;9
MUKERREMIN;7;7.7.1952;5;2
NURIYAN;4;23.10.1959;0;4
HUDAKAR;46;14.4.1961;4;42
MEHMETMELIH;1;23.6.1960;1;0
MEYIBE;12;11.3.1963;0;12
MURESAN;1;8.4.1971;0;1
NIGANE;10;8.11.1954;0;10
UMGUL;32;6.3.1958;0;32
MAFIK;5;20.7.1961;5;0
MUVECCED;2;19.8.1965;0;2
ENZELNA;1;6.3.1945;0;1
GULBIS;5;26.12.1955;0;5
SAHESNE;1;23.8.1930;0;1
MUNEBBIYE;5;9.1.1943;0;5
ILKSEVEN;20;11.3.1972;1;19
FATMETI;1;9.12.1950;0;1
YASAFATMA;1;13.10.1975;0;1
MUSAMMEDDIN;1;27.5.1950;1;0
MADDER;3;5.3.1953;0;3
NERIHA;13;17.7.1966;0;13
ISMETIN;3;12.8.1944;2;1
MEFAL;5;9.4.1961;1;4
NEDRI;21;7.8.1968;21;0
EKNUR;47;20.6.1962;1;46
YILDIZIYE;3;20.11.1948;0;3
MUAZZIBE;1;2.8.1933;0;1
TUGRAY;4;1.3.1949;3;1
SUVEYLAH;1;17.2.1972;0;1
MISTIN;36;15.1.1947;36;0
SEYTAP;25;3.8.1969;1;24
AYNISER;4;18.9.1955;0;4
MINIYE;2;17.12.1952;0;2
GULBUYE;10;5.2.1960;0;10
FATLIYE;23;14.10.1960;0;23
UNHAL;3;10.5.1954;3;0
HUMMIYE;6;23.8.1957;0;6
MIRIS;40;27.7.1947;0;40
IMYAN;21;30.2.1956;2;19
SAMMER;1;23.6.1953;0;1
SECMIYE;3;26.3.1946;0;3
TAHCETTIN;5;5.3.1966;5;0
FARUNNISA;4;14.6.1949;0;4
SEYDINAZ;9;18.11.1954;0;9
TAHALLA;1;4.4.1964;0;1
UNKAL;2;19.10.1973;1;1
SAHDAN;22;25.5.1964;13;9
ZADIS;1;26.7.1931;0;1
NEJLAH;1;7.1.1964;0;1
NEFRIMAN;1;27.4.1941;0;1
NUSANETTIN;1;6.11.1950;1;0
GULSAHANE;2;3.11.1963;0;2
BEYCET;10;15.9.1960;10;0
OZDILER;8;23.6.1970;6;2
ILKBAR;2;25.2.1973;0;2
ERDAY;9;2.4.1975;9;0
UMGUSUM;7;5.8.1953;0;7
FESAT;1;29.2.1966;1;0
BIRIBAN;3;25.2.1976;0;3
BERATIN;8;22.11.1971;8;0
VELIHAT;9;20.4.1963;8;1
NEYIDE;16;1.11.1958;0;16
BAHTER;5;11.9.1953;2;3
ESERIYE;3;1.3.1956;0;3
FIYEL;2;2.12.1969;0;2
SELFAS;1;16.9.1934;0;1
SEVEL;42;2.12.1971;2;40
HAYRUNSAH;1;4.11.1958;0;1
AMDIYE;2;15.4.1978;0;2
ERVANIYE;6;7.4.1949;0;6
SEZADIYE;1;11.6.1959;0;1
BERRATIN;2;25.10.1948;2;0
NAVERDE;2;3.4.1956;0;2
BEYCIYE;9;27.12.1959;0;9
ILKMALETTIN;1;22.9.1967;1;0
SEVINDA;1;29.3.1944;0;1
BILYAMIL;4;26.5.1969;4;0
KEHLIBAR;9;18.6.1965;1;8
ERHEN;2;27.10.1981;2;0
HUSABIYE;1;19.2.1930;0;1
NEZRI;3;11.4.1961;3;0
MATUME;4;6.6.1949;0;4
ZURIFE;9;29.5.1951;0;9
FETAYE;1;5.6.1987;0;1
ADMIYE;2;22.5.1958;0;2
ERGANT;2;17.6.1970;2;0
URDIYE;3;9.5.1948;0;3
UVET;1;13.8.1934;0;1
BELKA;7;21.5.1957;0;7
RUHANIYE;32;30.11.1960;0;32
RASEMA;3;3.5.1950;0;3
FERIKAN;10;29.6.1966;2;8
YURDADON;5;22.4.1982;4;1
SEMSIDE;70;15.11.1953;0;70
GULDALP;1;10.8.1952;0;1
AZADUI;1;12.11.1929;0;1
ZENNUME;17;17.3.1961;0;17
NEZRINA;4;20.3.1974;0;4
MURYAN;2;16.10.1946;1;1
SAYETTIN;9;11.5.1961;9;0
ERBUG;22;25.4.1971;22;0
FIYZE;2;7.5.1965;0;2
ASVIYE;1;7.9.1956;0;1
EDAYET;9;23.11.1953;1;8
GUNSEVIM;6;23.12.1955;0;6
EMITI;1;2.3.1933;0;1
FEZATIN;1;7.3.1970;1;0
IBRIME;24;6.4.1949;0;24
SERUL;4;24.7.1967;2;2
PIRAAN;1;11.4.1951;0;1
HAYRUSA;7;15.11.1943;0;7
CUMALETTIN;13;17.10.1970;13;0
MERA;31;3.8.1952;16;15
ZALIFA;3;19.3.1966;0;3
HUNZILE;7;7.11.1949;0;7
MUSAMMET;1;21.2.1972;1;0
MUSAMER;3;20.10.1955;1;2
MAHAMER;2;11.2.1959;2;0
ESMANE;9;20.10.1954;0;9
TELLAG;1;23.10.1965;0;1
AURORA;4;18.10.1970;0;4
HUMAYER;1;2.8.1933;0;1
MIHRIDE;1;18.3.1930;0;1
NEFAEDDIN;1;11.6.1949;1;0
GULFERAN;11;1.9.1954;0;11
RECATI;2;11.1.1953;2;0
SINASE;3;3.10.1939;0;3
URMIYE;10;5.10.1950;0;10
MURGUZAT;1;9.11.1953;0;1
NASIAT;2;8.5.1961;0;2
IKMET;19;10.2.1958;12;7
PENBIS;59;4.6.1952;0;59
EMIREN;3;16.5.1971;0;3
HASLI;4;27.10.1976;0;4
MUMUNET;6;14.2.1940;0;6
AKCAGAN;1;9.5.1983;1;0
ISSAK;5;18.6.1973;5;0
ALISAH;77;5.1.1964;76;1
SEBIP;9;2.8.1969;8;1
BAHTIGULER;11;3.9.1967;1;10
NIZET;2;6.5.1956;1;1
SALIHMEHMET;8;12.2.1951;8;0
MEYRIS;5;12.10.1963;0;5
HACICAFER;1;8.6.1938;1;0
TELATIN;1;26.5.1938;1;0
AKFIL;3;28.2.1973;0;3
PAHTI;1;30.8.1956;0;1
SAVASIM;5;17.5.1982;4;1
SENGULER;83;25.12.1962;2;81
GULDAH;1;11.11.1980;0;1
BEYNAZI;5;25.2.1963;2;3
KANCAY;2;20.9.1965;1;1
ILIMSAH;2;23.12.1969;2;0
MAHNURE;2;24.11.1941;0;2
HAYRUS;33;8.4.1953;23;10
SUTMEN;25;4.3.1956;0;25
NEVZA;14;4.10.1967;1;13
BATISE;5;1.12.1957;0;5
RUKNET;9;3.3.1959;6;3
OYKEN;4;16.10.1984;4;0
SUNTEN;2;7.3.1967;0;2
SENZAT;1;3.2.1982;1;0
TACKIN;16;11.5.1976;16;0
LILLIFER;1;11.3.1966;0;1
EVRENOS;8;20.8.1957;8;0
ZULUS;19;5.9.1952;0;19
HANKUS;5;11.9.1944;0;5
DINCOL;10;9.6.1959;10;0
BEYATIN;9;21.2.1962;9;0
ZALLE;21;27.7.1954;0;21
NERCIMEN;1;7.3.1981;0;1
MUCEYYEZ;2;16.12.1967;0;2
SEVINDIR;4;1.2.1962;3;1
MELODINA;1;5.12.1970;0;1
SACIDDIN;5;5.4.1953;5;0
SEZIL;24;14.6.1984;0;24
ENGULER;2;16.7.1976;0;2
TUNAGUL;1;21.12.1952;0;1
NURIYEZDAN;7;10.4.1940;0;7
REMEDAN;17;16.12.1945;17;0
GURDAR;2;21.9.1973;2;0
ALPKAAN;7;15.2.1984;7;0
CUVERIYE;19;15.4.1962;0;19
ARLET;54;14.12.1968;1;53
CAGAKAN;9;10.6.1988;9;0
RUJDANE;1;2.8.1939;0;1
KAVSER;4;27.6.1963;0;4
YABITSIN;1;15.2.1961;1;0
TELIZE;13;26.8.1968;0;13
NILAYHAN;1;26.5.1987;0;1
SERAATTIN;2;16.9.1972;2;0
SAHMENDAR;2;1.4.1958;2;0
NINGUL;5;29.5.1966;0;5
SUHDIYE;1;30.2.1970;0;1
ANKA;28;23.6.1957;3;25
UZIME;5;24.11.1953;0;5
EHAD;18;15.2.1981;17;1
YIGID;2;24.8.1978;2;0
YURDAREK;1;4.8.1962;0;1
ZEREGUL;7;12.3.1955;0;7
AKCAHAN;4;19.4.1979;3;1
FAHRETTIH;1;23.7.1947;1;0
NEHZAN;1;18.8.1965;0;1
AYNURSAN;2;18.2.1972;0;2
PINHAS;3;2.5.1935;3;0
AYISIL;11;21.4.1970;0;11
BELIGA;31;16.2.1947;0;31
MEZIHE;8;22.12.1960;0;8
HENBIL;2;24.2.1961;0;2
FEYZAH;3;30.3.1973;0;3
GOYMEN;1;11.5.1986;1;0
OSMANLEVENT;1;20.3.1984;1;0
REFASIYE;8;25.6.1959;0;8
IMALAT;1;2.2.1951;1;0
SULUS;17;13.3.1952;16;1
BELGUL;16;11.12.1975;0;16
DORUKCAN;15;2.6.1989;15;0
BELIHAN;3;2.7.1958;0;3
EVCIN;5;20.3.1960;0;5
MUHILA;1;12.5.1942;0;1
MEHTIN;22;12.4.1972;22;0
GULERIN;4;15.4.1959;0;4
MUKIT;3;16.10.1974;3;0
SEYDAVER;1;21.2.1966;0;1
GULERAN;7;18.6.1954;0;7
MUMUNALI;14;12.7.1950;14;0
ULCER;2;27.3.1956;0;2
EVIC;6;3.6.1980;1;5
DILGE;50;14.11.1985;2;48
ZENIS;13;18.5.1944;0;13
RACIP;9;11.8.1965;9;0
SORGUN;11;30.12.1980;9;2
PARSMANAS;1;6.6.1976;1;0
NETICAN;3;19.10.1974;1;2
GUNIS;12;10.3.1963;0;12
TAYYARECI;1;30.8.1968;1;0
SABIRAN;5;1.7.1945;0;5
SEHZIMAN;4;21.5.1953;0;4
GULIREM;2;29.7.1973;0;2
OZE;11;22.1.1984;0;11
NEIDE;6;23.9.1959;0;6
HUDEYDE;10;5.4.1959;0;10
BILIMAN;3;18.12.1958;3;0
ANKE;7;13.6.1947;0;7
BARBOROZ;2;28.3.1962;2;0
SABIYAN;3;8.5.1962;0;3
CUSAN;2;28.12.1960;0;2
SOYSEVER;2;30.5.1950;2;0
HAYIM;179;10.6.1949;179;0
YESSARI;1;9.10.1965;1;0
EJLAL;1;12.9.1954;0;1
ETEL;54;28.6.1976;1;53
SENLEN;4;24.4.1970;0;4
GULEYDIN;2;22.11.1964;2;0
VELIULLAH;2;14.12.1938;2;0
CUNEYDI;14;13.8.1976;14;0
UNISE;2;8.11.1944;0;2
NURKA;6;16.3.1946;0;6
MIRMAHMUT;1;17.5.1954;1;0
ISOVA;2;8.8.1929;2;0
PUNA;6;4.10.1969;0;6
AYNUSAH;2;24.12.1956;0;2
NULVIN;1;1.4.1978;0;1
SURER;8;24.7.1968;6;2
OYKUM;103;11.9.1985;6;97
GULREN;2;28.12.1955;0;2
HOSMINAZ;7;29.9.1955;0;7
TOHFE;12;22.10.1950;0;12
ZUHREM;9;23.11.1971;0;9
SEDBAN;1;22.12.1937;0;1
AYDONAT;5;25.8.1960;3;2
BADEMIYE;2;26.11.1968;0;2
ANSAY;5;6.10.1974;5;0
MUZATUG;2;7.3.1973;2;0
VIDA;60;26.11.1940;0;60
HANKIYE;83;28.4.1951;0;83
SEYITGAN;3;26.9.1968;3;0
NARGUZ;1;22.8.1961;0;1
ELLIYE;1;2.4.1947;0;1
TANSEVER;6;26.8.1969;2;4
SEYARET;1;11.3.1963;0;1
SEYHUR;1;8.3.1963;0;1
FEDAH;1;22.8.1931;0;1
HUDAHI;5;4.11.1956;4;1
AYALP;3;21.1.1968;1;2
TURHANIYE;12;19.6.1959;0;12
FARIDDIN;5;29.3.1945;5;0
ONERBAY;1;21.4.1977;1;0
ERGAZI;11;25.1.1978;11;0
SUBEYEN;1;22.6.1972;0;1
MURUBE;4;28.12.1956;0;4
SEHRIBINAZ;1;6.3.1961;0;1
SIHAL;8;7.1.1973;0;8
NURUVE;1;16.3.1980;0;1
BEN;8;27.1.1978;3;5
TALIS;1;27.2.1974;0;1
GULDEFE;1;7.3.1958;0;1
CANNAR;16;22.2.1962;0;16
CAHINDER;1;26.5.1978;1;0
MUHRUSA;1;22.8.1925;0;1
MEYTABA;1;21.12.1965;0;1
ULSER;17;23.8.1957;1;16
AMIYET;6;19.3.1967;0;6
EDDIYE;1;8.3.1951;0;1
BEYYAMI;11;22.5.1959;11;0
TANRIKUL;1;7.8.1981;1;0
MASIDIYE;3;23.1.1978;0;3
ASRET;5;30.6.1968;2;3
FEYZIYET;2;2.10.1961;0;2
BARAM;1;26.7.1951;1;0
NERIDET;1;7.4.1946;0;1
CELAHATTIN;8;6.2.1961;8;0
MURTECEP;2;8.1.1975;2;0
ZERRUSAN;1;26.7.1958;0;1
HUSMANIYE;1;18.2.1960;0;1
MIGIL;1;17.10.1978;0;1
HANOS;2;17.5.1933;0;2
MAZLIME;7;19.8.1945;0;7
FERHADDIN;3;2.3.1971;3;0
SEVKINA;3;21.7.1943;0;3
SONSEVER;2;28.2.1969;0;2
GULIMAN;15;17.10.1960;0;15
FERAHHATTIN;1;26.1.1970;1;0
EDIT;16;10.8.1960;1;15
MUJDAD;14;8.5.1970;13;1
SEVDAVER;5;23.6.1957;0;5
IZVIYE;2;25.9.1948;0;2
GUYSUM;3;17.4.1961;0;3
NASAT;15;2.8.1959;15;0
AYYUS;1585;20.1.1958;0;1585
VELADET;6;16.12.1969;0;6
NUHRAHIM;1;10.9.1957;1;0
GUNUAY;1;8.11.1974;1;0
ULYAR;10;14.5.1964;0;10
ALESMAN;1;25.10.1969;1;0
SEVDIE;33;28.5.1972;0;33
ADINAN;11;28.1.1962;11;0
NEVAZIYA;1;27.8.1974;0;1
HURRUYE;2;24.7.1957;0;2
ECATERINA;39;2.5.1972;0;39
SEVSIYE;1;22.7.1943;0;1
NERVIYE;7;21.4.1966;0;7
FEIKA;1;22.5.1961;0;1
ZELADIN;1;16.6.1960;1;0
SAYMUR;10;24.5.1966;0;10
NEFSEN;10;13.2.1970;0;10
REZBANIYE;1;7.1.1978;0;1
USNU;3;2.11.1963;3;0
SEMAYETTIN;3;26.7.1966;3;0
ERIDUN;2;20.2.1953;2;0
BEIYE;9;17.1.1947;0;9
MEZA;2;17.7.1957;0;2
NEVEDA;29;23.5.1959;0;29
SAHZIMEN;1;19.12.1981;0;1
MUNEKKER;1;15.7.1939;0;1
ELYASE;37;17.4.1973;22;15
VEFATI;1;21.2.1959;1;0
NEFATI;7;5.10.1961;7;0
INZEL;4;1.1.1961;0;4
CESMINAS;2;29.7.1948;0;2
FIKRETIN;1;12.10.1983;1;0
NEDAHAT;8;11.9.1948;0;8
MERHAM;4;28.8.1971;0;4
REVDETTIN;1;8.1.1957;1;0
FURIZAN;20;3.7.1970;1;19
SAZIYA;17;19.4.1957;0;17
MUNIHE;3;8.5.1964;0;3
TURKON;2;17.1.1973;2;0
HILMIZIYE;1;16.6.1962;0;1
YURDANER;5;14.4.1974;4;1
NERBIL;4;26.7.1966;0;4
KIAMILE;2;15.2.1965;0;2
NEHUBE;2;20.11.1980;0;2
ISTIDE;1;21.9.1946;0;1
MUVESSEL;13;25.4.1958;0;13
NEZGIHAN;1;7.4.1970;0;1
SUKUME;1;20.8.1933;0;1
VECAT;15;2.5.1956;10;5
RIHNA;1;11.3.1951;0;1
BEYRUL;14;3.11.1959;14;0
BAHKI;1;25.7.1971;1;0
SEBAHTIN;15;8.4.1961;15;0
EDIA;1;27.6.1959;0;1
SEMAHETTIN;5;25.11.1954;4;1
RUJDET;7;23.10.1969;7;0
GOLZADE;1;16.12.1933;0;1
FERDIH;1;7.6.1957;1;0
PIRIYE;8;23.1.1955;0;8
SAFERDI;1;4.9.1951;0;1
NURZET;10;19.7.1966;7;3
HUSULE;1;11.2.1946;0;1
HALENNUR;1;17.3.1948;0;1
DURANJA;1;5.9.1946;0;1
UZEYAN;1;6.6.1953;0;1
ZUVEN;1;21.10.1976;0;1
GIZTAMAM;2;4.12.1960;0;2
ENERJIN;2;15.1.1972;1;1
UMMUZADE;11;17.1.1941;0;11
ILAMIYE;8;5.7.1964;0;8
UMMANIYE;4;18.11.1959;0;4
SUKLUN;1;26.3.1929;0;1
MUZAFFET;5;12.10.1950;4;1
MIYASEL;16;23.12.1970;0;16
NEBAYI;2;7.10.1955;0;2
EHADIYE;3;16.4.1936;0;3
SEVDIHA;11;5.4.1973;0;11
HABLULLAH;1;4.10.1991;1;0
UYTUN;1;14.2.1978;1;0
EMINAY;5;2.8.1977;1;4
SAJIDA;1;27.8.1950;0;1
NIAY;1;29.10.1962;0;1
BEGEY;75;30.1.1956;0;75
NUSVET;9;21.10.1968;4;5
HUNZULE;10;19.10.1971;0;10
NIREM;2;16.2.1972;0;2
NEBAHTIN;3;29.1.1962;3;0
ASIE;12;12.9.1969;0;12
SALIIBRAM;2;25.8.1968;2;0
MUZLIFET;2;13.2.1970;0;2
AYDANE;5;20.3.1963;0;5
IFFADE;2;18.12.1963;0;2
GURFAN;7;15.5.1972;3;4
PEDRIYE;70;19.4.1961;0;70
SEVDAAR;1;5.6.1972;0;1
AYFERIN;3;12.7.1968;0;3
OZRIN;2;14.3.1986;0;2
AKIPAR;1;3.9.1943;0;1
SONKUT;1;13.4.1979;1;0
NEYCAN;11;5.10.1967;1;10
FEHZA;1;12.6.1970;0;1
CANHAN;10;14.6.1977;4;6
BESUT;1;15.3.1969;1;0
GOKTENUR;7;13.5.1981;0;7
SERHANT;5;1.4.1980;4;1
NURGONUL;11;9.6.1963;0;11
GOKYAY;13;23.7.1970;13;0
HATICHE;1;11.11.1987;0;1
BIREM;4;5.8.1982;1;3
VILDANIYE;45;4.1.1965;0;45
MEZEHAT;2;1.4.1956;0;2
YEKSU;1;24.2.1992;0;1
NURDALIYE;2;28.4.1972;0;2
BELINAY;3;11.9.1986;0;3
BEHAYDIN;8;30.4.1972;8;0
MEYSERA;3;21.9.1984;0;3
IZEL;56;1.9.1976;29;27
SUFEYLAH;1;24.1.1965;0;1
ELTER;6;29.3.1950;3;3
RAYIBE;23;6.7.1961;0;23
SELYADE;8;16.7.1961;0;8
LIVAYDIN;2;8.10.1963;2;0
ZABUR;3;12.3.1977;3;0
YILCAG;2;8.6.1970;0;2
SAVAHAT;1;5.8.1959;0;1
EVSANI;1;12.4.1971;1;0
NILGUVEN;1;14.7.1970;0;1
RICVAN;1;27.8.1938;0;1
AZIZEGUL;22;18.9.1953;0;22
SELFIL;1;30.4.1966;0;1
GEBEHAN;6;19.8.1936;0;6
SAIMIN;1;22.2.1967;1;0
CEMIZ;1;21.1.1973;1;0
MEKSUN;1;28.9.1974;1;0
GULAHAT;5;4.3.1969;0;5
CEVCETTIN;5;6.11.1968;5;0
MUBEYIR;8;6.12.1960;1;7
ESMIRAY;2;29.8.1983;0;2
MAVIDEN;2;28.1.1974;1;1
BEDIRIYENUR;1;26.1.1952;0;1
SIHMIZ;3;11.3.1970;3;0
SEVERIYE;12;5.7.1957;0;12
MURVE;6;14.11.1962;0;6
ELADIR;1;4.12.1954;0;1
GULMIYE;11;14.1.1953;0;11
ZINEB;6;25.5.1974;0;6
HAVNI;2;6.10.1965;2;0
FIKIRNAZ;17;29.5.1968;0;17
DEHAY;1;24.2.1983;0;1
SENBAHAR;181;24.12.1966;1;180
NURCIA;1;17.5.1954;0;1
MURINE;2;1.2.1960;0;2
SEDATI;4;13.7.1961;3;1
GULHERGUN;3;15.11.1958;0;3
MUBEYCAN;5;18.3.1975;0;5
EHRAN;6;28.8.1969;6;0
MINESEN;3;15.4.1961;0;3
GUSKA;2;10.2.1956;0;2
AMANIYE;3;1.12.1964;0;3
ZIHSAN;19;1.7.1966;0;19
NAZENI;98;25.7.1951;0;98
HERSAN;2;6.1.1961;2;0
NASIMA;2;29.6.1960;0;2
ZELAH;4;3.12.1950;0;4
ERTOK;12;14.7.1960;12;0
ABIBE;33;21.1.1961;0;33
MEGREM;8;26.3.1963;0;8
TAVAP;1;9.2.1947;1;0
TULHAY;3;14.11.1964;1;2
HEYAR;1;12.8.1929;0;1
HUNNUR;1;1.7.1982;0;1
VEZACET;4;25.1.1944;0;4
NASIMAN;2;6.6.1961;0;2
BAHRIE;16;5.2.1969;0;16
DOINA;10;21.4.1973;0;10
ESANIYE;2;27.3.1968;0;2
BEZHAT;8;5.9.1975;8;0
CLARA;7;30.6.1979;0;7
NESAMETTIN;2;13.12.1974;2;0
EDAG;7;30.11.1976;0;7
CEZMIGUL;3;8.10.1958;0;3
ERDIYEN;2;13.7.1954;1;1
ERSIYE;3;15.11.1957;0;3
ARZEGUL;2;17.11.1966;0;2
FEDAIM;17;4.2.1962;17;0
BIGEM;8;27.12.1984;0;8
SAHAVER;11;18.1.1950;0;11
MUBIYNE;3;19.7.1962;0;3
RUHISE;3;1.4.1948;0;3
SEZGINOL;1;6.9.1969;1;0
SANSIGUR;11;19.3.1957;0;11
SEVAYITIN;1;4.4.1963;1;0
NURBENEK;1;13.3.1976;0;1
BEIZE;3;21.6.1959;0;3
VECDII;1;25.2.1956;1;0
VEJNUR;2;11.1.1974;1;1
GUZELDE;2;8.6.1954;0;2
SAADDETTIN;5;1.11.1965;5;0
OGUT;9;1.2.1965;9;0
MAGRUP;43;18.4.1958;43;0
MUAHAMMER;1;24.11.1967;1;0
MISHAS;1;11.12.1981;0;1
GULBESER;14;20.3.1959;0;14
UYSER;8;16.8.1961;0;8
PALUZA;1;29.7.1951;0;1
NURIFA;3;17.11.1953;0;3
GULDUZ;13;16.6.1964;0;13
NADRIE;7;1.4.1965;0;7
BIRSUN;25;19.7.1975;1;24
ZEKIE;6;3.2.1962;0;6
RECEHAN;1;16.4.1973;0;1
FASIT;1;21.6.1942;1;0
ZEMINAZ;5;7.5.1951;0;5
ANDAY;13;1.1.1982;13;0
NIGEL;23;19.12.1973;1;22
FATMUS;11;2.5.1944;0;11
NEFIR;5;8.9.1952;3;2
GULTON;1;13.7.1942;1;0
KISKIN;1;13.10.1965;1;0
PERIH;1;9.2.1961;0;1
HEDIE;3;27.2.1983;0;3
RUNAZ;2;27.10.1963;0;2
BIRDENIZ;2;23.5.1973;1;1
FALIHA;19;2.6.1947;0;19
NAYLAHAN;1;12.9.1959;0;1
TUFLU;1;1.11.1948;0;1
AYBI;1;3.9.1983;1;0
CUZUDE;1;18.12.1966;0;1
GUVEM;7;15.7.1963;2;5
GULCENUR;1;3.2.1991;0;1
SEYYANE;4;8.8.1948;0;4
MELUDA;2;27.9.1966;0;2
ALEMSE;1;11.6.1974;1;0
CIHANBIR;21;7.4.1965;21;0
ZIYNIGUL;2;20.7.1962;0;2
SINAP;10;5.10.1963;10;0
GUNERIYE;18;20.7.1967;0;18
SEVDINA;1;7.12.1961;0;1
YURDANGUL;3;14.3.1966;0;3
RUHICAN;13;26.9.1970;7;6
BERKET;48;16.7.1964;48;0
NAREGUL;1;27.2.1962;0;1
MUBAYETTIN;5;9.2.1961;5;0
MUAALA;1;8.7.1970;0;1
FATAGAN;1;18.11.1970;0;1
ASENIYE;7;3.5.1967;0;7
KAMERE;45;7.1.1960;0;45
NURCANIYE;3;28.8.1965;0;3
GULFEYDA;1;17.4.1954;0;1
FACIDE;3;19.5.1976;0;3
SEYDAMET;8;18.4.1968;8;0
ASUKAR;2;23.3.1970;0;2
ATASEL;5;27.5.1972;4;1
APTIALI;1;20.4.1960;1;0
ZULEYBI;1;12.1.1975;0;1
TUGLU;14;11.2.1965;7;7
URFETTIN;56;24.2.1966;56;0
C.;2;16.2.1964;1;1
MECIDDIN;2;5.4.1949;2;0
MUZEIN;8;23.1.1966;0;8
MAZILET;2;4.8.1965;0;2
BATUG;16;24.5.1986;16;0
GOKLIN;4;4.2.1982;0;4
LUMAHSER;1;11.9.1966;0;1
FERDANES;3;12.10.1956;0;3
RENEL;2;25.5.1987;0;2
ZERULLAH;2;20.6.1960;2;0
OYMA;1;6.2.1979;0;1
FEHIMI;3;25.8.1949;3;0
BEYNANE;6;2.8.1961;0;6
SAHHAN;6;20.5.1976;4;2
CANKU;7;9.4.1984;7;0
UNSULE;7;16.9.1968;0;7
ULUYA;4;9.1.1967;0;4
TELGIN;1;22.4.1966;1;0
RECAYIL;11;7.9.1968;11;0
ASLISEN;5;11.11.1955;0;5
GURUNAY;6;12.4.1977;2;4
SEBIYELDA;2;10.10.1976;0;2
SANIE;20;1.12.1968;0;20
HAVIKE;22;7.7.1947;0;22
NERCIME;2;19.5.1951;0;2
ERGULENT;1;18.9.1969;0;1
CEMKAN;2;23.6.1982;2;0
MURTALIP;3;21.2.1963;3;0
SEDAFET;7;15.10.1953;1;6
DIGDE;4;1.8.1983;0;4
BAYTER;3;30.12.1949;0;3
ICRAI;1;24.2.1970;1;0
AMANE;6;4.1.1957;0;6
NILRUBA;1;4.4.1991;0;1
MUSKA;19;7.10.1945;0;19
VASIE;1;16.1.1959;0;1
MUFTUYE;3;1.6.1963;0;3
HURSADI;2;22.5.1952;2;0
NERGUM;1;17.5.1984;0;1
GULPERRA;1;30.3.1955;0;1
FERAHMIYE;1;20.5.1967;0;1
OZENSEV;2;13.12.1970;0;2
HASENA;24;1.6.1965;0;24
ORBERK;1;15.3.1991;1;0
FAITDIN;1;7.9.1946;1;0
S.MEHMET;16;8.5.1944;16;0
EDIBIYE;3;19.5.1952;0;3
FERHANUR;1;2.2.1951;0;1
BIRSERE;1;12.8.1953;0;1
ILKAYPINAR;1;12.1.1973;0;1
ERDIGUL;1;27.10.1947;0;1
GULSERPTI;1;14.7.1966;0;1
AYTOLAN;5;27.10.1973;4;1
RENK;12;24.2.1981;0;12
NURCUVAN;4;16.2.1969;0;4
FERJAT;1;24.7.1959;1;0
RUHIDAN;1;16.7.1957;0;1
RADIKE;1;6.5.1960;0;1
SELVINAR;16;3.2.1975;0;16
VAKIFA;45;11.1.1966;0;45
AYATAY;1;13.5.1989;0;1
SERIFENUR;22;28.7.1976;0;22
SEZGINAR;4;6.12.1977;1;3
NURSEVI;10;10.12.1974;0;10
SABBEK;25;20.6.1949;0;25
NUFIT;4;29.1.1971;4;0
ELDEBIRAN;5;2.2.1961;0;5
TENNURCAN;1;5.4.1966;0;1
SENEROL;1;26.2.1948;1;0
FATMIRE;13;24.6.1963;0;13
BENIL;20;8.1.1982;1;19
BEYNUN;7;18.1.1981;1;6
FAKAT;15;11.7.1956;1;14
HAYRICAN;6;30.4.1980;6;0
EVINC;20;3.5.1963;2;18
JULAY;9;2.7.1969;0;9
HUDADIYE;4;8.2.1954;0;4
SENAHI;7;21.10.1959;5;2
SERIFEANA;52;22.3.1965;0;52
OMRAH;1;19.9.1978;0;1
MARKELA;1;28.10.1976;0;1
INTIFAT;12;8.7.1957;0;12
SELADIYE;5;26.4.1964;0;5
SALIMEN;17;17.11.1962;10;7
RUKKE;3;19.2.1956;0;3
TERKIS;1;28.4.1965;1;0
NEZLISEN;1;23.4.1974;0;1
ZULKARANI;1;13.1.1950;1;0
SERIFNUR;39;3.10.1962;1;38
FAHIRAN;9;8.3.1951;0;9
UCAN;16;25.11.1966;13;3
RAVGANIAT;1;22.6.1975;0;1
NUHHILAL;1;9.2.1938;0;1
NARDIN;6;22.8.1953;1;5
ESILE;22;12.4.1973;0;22
ZEBIL;5;28.5.1966;1;4
ISINAY;11;6.12.1965;0;11
SEZNUR;46;13.4.1978;5;41
ERMIN;42;12.1.1968;16;26
DEDIS;2;15.4.1968;2;0
SELIMAH;1;17.10.1965;0;1
MEMDUDE;1;23.3.1988;0;1
EKMAL;1;16.3.1959;1;0
UNSOY;3;25.11.1981;3;0
GULAYSIM;1;4.5.1960;0;1
MENDEREK;1;16.2.1976;1;0
MAHACAN;33;24.2.1960;0;33
URVET;10;19.1.1952;0;10
MUCEDTIN;1;6.8.1969;1;0
URUBIYE;48;3.2.1945;0;48
VASVIE;10;5.2.1969;0;10
FERIHANUR;1;4.9.1979;0;1
UFEK;1;13.3.1970;0;1
MEFFARE;5;13.5.1972;0;5
UZUDE;6;21.6.1960;0;6
RUSYAN;2;1.5.1954;0;2
MUFRUYE;1;12.2.1950;0;1
MAYASER;2;25.1.1968;0;2
BERKEHAN;22;13.11.1982;22;0
VELDAG;1;2.2.1961;0;1
BALCA;32;5.9.1981;2;30
GULBIA;3;17.7.1954;0;3
ZENHUR;2;15.9.1974;2;0
MEMZE;2;17.9.1955;1;1
ELCINAY;5;15.8.1980;0;5
CEVAYEDDIN;1;6.10.1960;1;0
ESCAN;1;15.10.1982;0;1
DILARAY;6;26.8.1987;0;6
LEZZAN;2;1.4.1968;0;2
GUZERI;2;19.9.1948;0;2
ALAHTIN;1;4.9.1958;1;0
ELEHEDDIN;1;7.12.1970;1;0
ALIONA;61;4.11.1977;0;61
MASUMA;17;12.9.1963;0;17
UNKER;7;27.9.1962;1;6
FERE;13;19.9.1957;0;13
URCEL;1;11.4.1980;0;1
BILKEYIS;6;8.1.1951;0;6
SEYNAGUL;1;22.5.1990;0;1
SEVAHTIN;1;18.10.1973;1;0
GUNERDIN;3;11.8.1965;3;0
SENAYIF;11;11.2.1963;11;0
SABRALI;21;15.10.1946;21;0
CIMEL;3;10.5.1964;1;2
MUHBAYETIN;1;1.2.1966;1;0
MURFEN;3;7.1.1951;0;3
LARYSA;28;4.7.1971;0;28
OZRET;1;26.8.1983;1;0
BARSAUM;2;28.2.1947;2;0
BURCAG;4;13.3.1988;3;1
MERHIBE;9;11.9.1975;0;9
NIGEN;5;10.6.1976;0;5
ERRESUL;1;13.7.1964;1;0
ALES;1;12.3.1947;1;0
ZINEL;17;17.2.1950;16;1
SEDAH;5;11.5.1975;0;5
NEMDAR;6;10.12.1953;6;0
GULEPER;7;10.9.1962;0;7
SEYRULLAH;37;25.4.1959;37;0
HURALI;1;23.9.1961;1;0
MUFECCEL;3;18.2.1953;0;3
NEFIE;6;5.5.1970;0;6
NEIBE;11;5.4.1958;0;11
LEHAN;3;19.11.1962;0;3
MECRIYE;2;11.10.1966;0;2
MUCELLIP;19;15.2.1966;19;0
AYSEFA;5;17.3.1962;1;4
MINARA;13;5.10.1968;0;13
AHMETERDI;1;7.2.1960;1;0
ELGUNAR;2;16.3.1968;0;2
DZEMILE;2;30.8.1971;0;2
ARTUK;5;12.11.1967;5;0
SAGOL;18;11.5.1957;17;1
ENURIYE;2;18.6.1961;0;2
MUJDEGAR;1;8.12.1981;0;1
MEROL;10;24.12.1971;9;1
SADVER;3;27.10.1954;0;3
BEYGUN;6;12.3.1974;3;3
MUBELLAH;1;26.7.1931;0;1
RESDAN;3;11.2.1948;1;2
TERZILE;2;1.7.1953;0;2
ZULIFER;4;26.8.1975;0;4
AGNIESZKA;6;24.5.1976;0;6
ILBAN;20;7.3.1974;14;6
YAKUPCAN;5;24.11.1984;5;0
MUBERAH;12;6.3.1959;0;12
NAZEYLI;1;12.2.1959;0;1
RUYNAZ;6;27.11.1956;0;6
SEVILLAY;4;26.7.1974;0;4
SUBIHA;12;10.10.1952;0;12
EMBIE;43;18.11.1967;2;41
BUSEYNA;8;27.11.1963;0;8
FIDAET;1;2.3.1976;0;1
AYTEREN;1;19.7.1949;0;1
MAZINUR;2;23.7.1982;0;2
IDAVER;8;4.5.1958;5;3
YUPSERUN;1;22.1.1974;0;1
YURTOKUL;2;16.1.1961;2;0
MUCAIDIN;2;7.10.1961;2;0
EHIDA;1;8.6.1959;0;1
NARBEYAZ;6;10.8.1982;0;6
RECMIYE;6;13.5.1953;0;6
GULMUFER;11;18.1.1968;0;11
AYRULLAH;3;22.5.1960;3;0
NERMIE;3;2.3.1978;0;3
VELAYTIN;1;3.4.1986;1;0
SEFEDE;1;5.6.1945;0;1
UBEYCAN;1;25.11.1954;0;1
PETRIYE;1;28.6.1971;0;1
EREDIN;1;14.3.1970;1;0
MUVVEZZER;1;22.8.1937;0;1
GULZHANAT;1;7.11.1977;0;1
MERCANGUL;2;24.6.1963;0;2
NABIHA;7;10.6.1969;0;7
ZILAH;3;21.11.1956;0;3
BAYRIE;5;21.5.1974;0;5
MUSTAFET;4;6.8.1960;4;0
MUNER;9;26.4.1974;3;6
NILFUR;1;27.2.1965;0;1
URUFI;11;22.7.1964;7;4
CHADIE;2;4.1.1975;0;2
LUBAS;1;18.10.1966;0;1
BEYIDE;8;16.3.1960;0;8
ZULFIKRI;3;9.2.1963;3;0
GULAET;4;11.6.1973;0;4
NURAET;1;16.10.1973;0;1
MUZERREN;1;12.2.1959;0;1
AYINCI;1;24.10.1962;0;1
IKINAR;1;29.1.1952;0;1
FIDANKA;1;3.4.1977;0;1
SEVGUNAR;7;12.4.1973;0;7
HUDALIYE;1;30.2.1960;0;1
FATMEGUL;28;8.3.1957;0;28
NASVET;2;28.8.1964;0;2
HABIDIN;1;19.1.1945;1;0
HAKKE;2;25.12.1966;0;2
EBABE;9;7.8.1947;0;9
BIRSAFA;1;4.1.1992;1;0
BENZA;2;20.7.1979;0;2
FESUN;4;22.1.1968;0;4
EVDENUR;28;22.9.1972;0;28
MUZAYEDDIN;1;14.11.1941;1;0
SULAHI;32;13.9.1955;3;29
DOINITA;6;28.5.1971;0;6
NURSANIYE;8;19.10.1970;0;8
IDAYETTIN;1;9.8.1952;1;0
MUBEDDIL;3;27.5.1967;0;3
FERISER;38;21.9.1953;0;38
BERSIM;1;22.3.1930;1;0
ZIYADER;1;15.4.1972;0;1
MULKEM;1;11.6.1963;0;1
UMMUZAT;1;16.6.1932;0;1
YENIS;6;21.7.1976;2;4
GULFERRA;1;6.2.1945;0;1
IBADIL;5;24.10.1949;5;0
MESLAM;1;7.4.1945;0;1
SEHRIZADA;1;11.6.1962;0;1
SALIS;27;28.2.1954;9;18
SERPIGUL;2;9.12.1967;0;2
SEVIMBAY;2;29.6.1929;0;2
MEYLA;29;6.7.1968;0;29
NADIGAN;4;27.5.1974;0;4
BATUNUR;2;24.7.1977;0;2
SELEATDIN;2;20.1.1951;2;0
SEMATIN;3;23.7.1958;3;0
YUKSELE;8;10.2.1960;0;8
SEHHARE;9;7.3.1948;0;9
SELVAH;1;28.7.1977;0;1
BAHTILIMAN;3;22.10.1950;3;0
LITER;1;22.8.1937;0;1
ILAFET;3;26.6.1941;0;3
DURANCE;1;13.2.1980;0;1
RUSBIYE;3;26.8.1945;0;3
REVDA;16;22.3.1974;0;16
SERGUZEN;1;12.8.1929;0;1
BERHIN;14;16.12.1971;1;13
ELMIRAN;4;27.10.1977;0;4
SIYABENDER;1;7.2.1982;1;0
HAFIBE;1;12.1.1938;0;1
FAZMIYE;9;8.9.1968;0;9
BILISIN;3;18.3.1961;1;2
MELER;6;13.10.1952;0;6
HIKBAL;2;29.12.1966;0;2
FERDAT;9;23.7.1973;8;1
CIVANALI;2;23.6.1964;2;0
YAYA;4;12.7.1965;4;0
SABIYETTIN;1;6.5.1979;1;0
MUECCER;2;24.4.1938;0;2
BAHATGUR;1;11.2.1969;1;0
MAHVIDE;1;26.11.1968;0;1
HELBIYE;2;23.4.1925;0;2
RUSDAN;1;21.2.1956;0;1
NAMVER;4;21.4.1960;4;0
SEHNAZE;4;6.8.1971;0;4
ERNAR;2;20.7.1979;1;1
HAMDICAN;5;21.3.1988;5;0
MAKRUZ;1;17.8.1924;0;1
KIRMISYA;8;18.1.1962;0;8
MURABBA;1;23.2.1958;0;1
RUKZIYE;1;6.6.1940;0;1
FERENEZ;2;7.3.1946;0;2
RUSDEN;1;11.12.1973;1;0
GULCINAN;5;1.3.1971;0;5
FEDAYETTIN;4;11.4.1969;4;0
TAKAT;1;26.8.1935;0;1
DEMISA;2;19.1.1943;1;1
NUREYYA;5;7.1.1969;0;5
SEBBIYE;3;3.10.1955;0;3
SABE;21;30.7.1961;1;20
MISEN;1;18.11.1952;0;1
SERIFEZADE;1;1.4.1948;0;1
MAYNOR;6;2.11.1949;0;6
MUVECEL;10;16.11.1962;0;10
MEVZUDE;3;12.5.1943;0;3
MERSULE;12;10.1.1958;0;12
MANZUME;6;8.7.1958;0;6
EMRIZADE;1;1.12.1947;0;1
SEMAVER;28;4.10.1966;0;28
MERDINAT;1;4.3.1972;1;0
OMURGAN;5;10.11.1964;2;3
MERELE;1;16.6.1946;0;1
GOGUNE;1;21.5.1958;0;1
MIHMANIYE;1;27.2.1938;0;1
NELIN;30;30.4.1982;0;30
SEVAYET;11;15.12.1957;0;11
NAZADEN;1;2.6.1951;0;1
BENOKAN;1;1.6.1961;0;1
SEHDAZE;1;13.3.1971;0;1
SECRIN;1;28.10.1987;0;1
GULHISER;1;27.2.1944;0;1
SETI;2;15.12.1961;1;1
HIDAHIM;1;22.7.1971;1;0
HIZMI;4;27.3.1950;2;2
VADETIN;3;5.12.1963;3;0
SELAHMIYE;1;1.4.1959;0;1
RUHUYET;1;17.11.1974;0;1
ZUVAL;20;9.11.1967;0;20
GULSAFE;3;5.5.1945;0;3
GUNANE;6;1.4.1959;0;6
HURIZAR;1;15.3.1941;0;1
SUCAETTIN;20;7.2.1954;20;0
MURADTIN;1;26.4.1946;1;0
MEYAM;3;14.2.1953;0;3
ACCE;4;28.10.1951;0;4
BALKIZER;1;4.12.1952;0;1
EVDOCHIA;2;3.1.1970;0;2
SUBIYEN;4;21.1.1969;0;4
KESMEHAN;1;2.2.1961;0;1
NEIS;1;16.4.1964;0;1
OYAL;23;4.2.1965;6;17
TAALIYET;1;27.8.1920;0;1
BEHNAZE;2;23.6.1945;0;2
RUHINEZ;1;12.1.1964;0;1
EBANE;2;14.4.1953;0;2
GULSEYDA;8;12.1.1976;0;8
TANEV;1;5.8.1981;1;0
SUDRIYE;4;20.11.1975;0;4
EMIRHA;1;29.7.1952;0;1
HASANA;5;16.10.1942;0;5
TURENAY;1;27.5.1977;0;1
FERUNAZ;1;30.10.1950;0;1
ADIP;4;14.4.1959;3;1
JALENAZ;1;13.6.1974;0;1
TASKAN;17;23.4.1962;17;0
KAGANAY;1;23.9.1991;1;0
BESMELE;1;27.8.1950;0;1
TEKANT;8;14.6.1975;8;0
HUNSAL;1;27.3.1968;1;0
SENNAS;10;27.4.1962;0;10
DUSIZE;27;16.2.1958;0;27
SULUBE;27;6.11.1954;0;27
MAVIYET;1;11.6.1944;0;1
YUNAL;20;22.9.1969;20;0
BAHTISA;3;5.8.1950;0;3
IRGUL;5;1.2.1956;0;5
URFAI;2;29.2.1960;2;0
RIVAYE;5;6.4.1944;0;5
SAYIZAR;11;23.2.1961;0;11
SAHIZDE;3;3.5.1947;0;3
BATIE;2;28.11.1964;0;2
GULVIYE;32;17.4.1964;0;32
ZULKUFUL;51;28.7.1946;51;0
IRME;4;19.6.1972;0;4
HAYLA;11;20.5.1958;0;11
MANJOLA;3;23.12.1978;0;3
BEDUSA;1;26.8.1949;0;1
BAKIDE;6;22.9.1956;0;6
ELCOMERT;1;3.6.1941;1;0
EBAZIYE;3;20.4.1961;0;3
MILENA;18;1.7.1973;0;18
NURDOVAN;5;22.12.1959;4;1
MEHDIHA;1;19.2.1966;0;1
RUHETTIN;6;22.8.1949;6;0
BAGKIYE;1;24.3.1974;0;1
IMMIAAN;1;1.10.1950;0;1
HEMZADE;6;21.9.1948;0;6
HAYSUN;5;20.1.1964;1;4
NEVINC;3;10.1.1957;0;3
CEVRIE;2;22.5.1956;0;2
CEMSUT;1;29.4.1940;1;0
ULAHAN;1;23.2.1988;1;0
HEYBETI;5;22.12.1946;0;5
HIDAYIYE;2;27.8.1959;0;2
HUMMUGUL;1;11.2.1927;0;1
BAHTIN;27;10.1.1970;23;4
HAZIS;1;6.7.1966;1;0
REVAYE;7;28.11.1944;0;7
HAYRUSSA;1;14.11.1964;0;1
IZAVER;4;4.9.1964;0;4
JAHLE;1;1.1.1973;0;1
KUSURI;1;26.2.1967;1;0
YEGE;1;7.9.1981;1;0
ZEBERCET;9;18.11.1952;0;9
YANKA;1;7.8.1947;0;1
SEYMINE;2;29.2.1963;0;2
GARANFIL;7;28.12.1963;0;7
MUSHIDE;3;10.8.1949;0;3
BIRGI;41;20.1.1970;26;15
MUSAFFER;2;17.7.1960;1;1
MERSA;20;25.9.1959;0;20
M.FIRAT;2;23.8.1968;2;0
BENNA;6;10.10.1975;1;5
FILIZAT;1;11.1.1951;0;1
ABDURSELIM;3;20.1.1960;3;0
FERATIN;4;12.2.1964;4;0
RAMIZA;15;15.6.1962;0;15
REYYEM;2;23.10.1955;2;0
MENIE;1;9.4.1950;0;1
OKSEL;23;18.8.1959;8;15
MAKTULE;2;4.12.1964;0;2
MUBEDDET;2;3.1.1957;0;2
HULER;1;17.3.1969;0;1
BEYYA;5;4.5.1964;0;5
NEFATIN;2;25.11.1941;2;0
BALKANI;1;2.10.1981;1;0
UMMICE;3;19.10.1959;0;3
OLCAYTUN;1;16.10.1962;1;0
UMMUCE;16;9.1.1954;0;16
MERZUDE;1;27.8.1952;0;1
FATUSAH;1;6.1.1941;0;1
PISSANA;1;17.5.1954;0;1
UMICE;2;25.11.1945;0;2
FERANUR;3;10.6.1968;1;2
YAMURAN;2;28.2.1983;0;2
NADRE;1;30.3.1954;0;1
SENAYETIN;1;26.4.1951;1;0
EHTAN;1;4.5.1963;1;0
SELIDA;1;13.2.1965;0;1
ZORGUL;4;18.11.1969;0;4
MEHTAN;4;14.10.1981;3;1
GURFIDAN;1;23.5.1975;0;1
HARIZE;5;29.8.1948;0;5
CEHVIYE;1;7.5.1970;0;1
NIGANI;4;20.5.1946;0;4
MECMAS;1;3.6.1938;0;1
NAIGER;1;23.11.1956;0;1
MENDA;11;5.7.1960;2;9
SALIFER;1;23.2.1954;0;1
HICRIN;2;14.2.1977;0;2
NILSER;12;14.12.1972;0;12
SULEYMA;16;12.6.1940;0;16
AYKUNA;14;8.3.1948;0;14
REFADIYE;8;27.8.1961;0;8
ELMASE;17;18.1.1943;0;17
UREM;14;9.1.1959;3;11
PAKIZAT;4;24.6.1957;0;4
MEGBURE;1;29.12.1955;0;1
EFRADIYE;4;1.1.1957;0;4
NURDEMIR;6;9.10.1955;6;0
SEYYIAT;1;7.5.1946;1;0
HICARET;2;11.11.1953;1;1
EBATIN;1;7.6.1977;1;0
MINTOS;3;8.6.1950;0;3
BEDINUR;6;17.1.1958;0;6
EYIMSER;2;15.2.1967;0;2
ASIJE;3;14.1.1960;0;3
HAKIT;2;13.10.1959;2;0
NESICE;1;25.11.1991;0;1
NEVZEL;3;20.2.1952;0;3
NURZIYA;7;24.10.1955;3;4
BEGIZE;2;18.8.1961;0;2
ENSAF;2;16.1.1941;1;1
SAMATTIN;4;1.7.1953;4;0
YASIT;6;27.4.1960;6;0
FATMEHAN;2;7.7.1952;0;2
YULSEL;1;8.7.1940;0;1
NEIDIM;2;16.4.1972;1;1
CELVIE;1;2.8.1933;0;1
MUCHGUINAZ;1;4.2.1959;0;1
NURGUNC;2;26.2.1975;0;2
HACETIN;1;29.11.1961;1;0
GULAFERET;3;29.7.1961;0;3
IBRAIL;3;8.3.1971;3;0
ASBIYE;11;3.11.1958;0;11
AYBATIN;1;25.6.1961;1;0
NEBATIYE;16;14.8.1962;0;16
BANEY;4;27.10.1934;0;4
GULENSER;12;27.2.1962;0;12
HULLUYE;5;28.7.1969;0;5
RAHANY;1;27.8.1944;0;1
RAHNEY;1;11.9.1939;0;1
HUNNEY;8;26.6.1951;0;8
MUSTAF;6;27.10.1963;6;0
BURAL;5;14.5.1979;5;0
DONDUS;4;10.4.1948;0;4
CAMBEL;2;14.1.1951;2;0
ITIK;2;22.5.1949;0;2
SOLAK;4;9.7.1959;4;0
ASIMED;1;29.3.1956;0;1
KUGEY;1;7.9.1933;0;1
HISTO;5;1.9.1949;4;1
ZOREY;1;20.7.1943;0;1
HACCIM;2;17.6.1969;2;0
ALTIK;1;16.4.1944;0;1
NEVDUHA;1;14.3.1971;0;1
HUGAY;1;17.8.1929;0;1
PITTI;4;27.10.1936;0;4
DODEY;6;14.5.1942;0;6
FATEM;3;21.12.1964;1;2
NATEY;1;7.8.1928;0;1
ZAYIDA;8;30.7.1961;0;8
KUFEY;2;10.11.1951;0;2
IMEY;3;1.8.1290;0;3
TUMGUL;3;16.6.1978;0;3
CENI;93;8.7.1957;0;93
BISET;4;25.10.1972;1;3
MUZEY;2;6.10.1947;0;2
KODEY;2;17.5.1942;0;2
CEBECI;3;21.3.1983;3;0
ETEMIYE;2;2.8.1969;0;2
ZEROS;3;9.12.1961;0;3
BALEY;4;17.8.1949;0;4
NURADDIN;6;29.6.1971;6;0
BILLO;9;23.8.1938;9;0
RAZO;6;30.6.1939;6;0
BEZER;23;17.1.1957;0;23
SADDIYE;4;25.3.1969;0;4
HATOZ;1;11.6.1925;0;1
CURRE;2;6.8.1957;2;0
GURCEY;1;8.10.1925;0;1
TOMU;1;18.3.1953;0;1
KIRO;6;26.11.1941;6;0
TEYYUBE;12;13.7.1957;0;12
AHMETSONER;1;3.3.1990;1;0
ALTIS;1;15.4.1945;0;1
ATLANT;1;24.2.1955;0;1
SIDDIZEYNEP;2;18.10.1967;0;2
SENAGUL;2;22.4.1985;0;2
HURUGAN;2;9.3.1965;0;2
ZULFUMAL;1;1.12.1970;0;1
MIHIBE;21;3.10.1967;0;21
DURAI;1;29.9.1948;1;0
GILDA;24;30.10.1972;0;24
NEYRIYE;5;15.2.1963;0;5
BESINE;30;25.11.1969;0;30
MURDEM;1;11.12.1982;0;1
UMSEN;3;17.12.1957;0;3
SUZAYI;4;20.3.1961;1;3
MARZUKA;5;26.10.1962;0;5
LUCILIA;1;15.2.1978;0;1
KOZIFE;1;29.6.1974;1;0
TUNUS;34;29.12.1954;6;28
EFRAZIR;1;16.3.1949;1;0
HUBBET;1;13.5.1965;1;0
CEVRIK;3;14.11.1304;0;3
MAHBIBIYE;1;23.5.1961;0;1
ZEMEY;10;19.12.1956;0;10
BASINE;1;27.3.1968;0;1
NURAHIM;2;23.6.1979;1;1
UNAN;9;20.5.1952;6;3
PAPKEN;4;9.12.1942;4;0
NAMIHA;3;29.11.1951;0;3
UMMUBE;1;14.11.1971;0;1
IMMIGUSSUM;2;28.4.1971;0;2
NURDESEN;12;10.5.1970;1;11
CANSIL;1;9.2.1976;0;1
GAZIMUSA;1;4.12.1923;1;0
KESIFE;4;27.7.1955;0;4
NEMCAN;1;16.5.1957;0;1
HAYBER;15;21.10.1966;14;1
MAKSER;4;12.11.1976;2;2
AGNISA;1;1.10.1971;0;1
BUNAMI;2;14.10.1971;2;0
FEYTHULLAH;1;23.1.1979;1;0
EZMIHAN;5;24.3.1951;0;5
SAHASDE;3;12.7.1969;0;3
GUNBEY;11;20.1.1967;10;1
FINDEY;1;28.5.1959;0;1
SAYIFA;3;4.12.1962;0;3
UMBUL;2;20.1.1978;0;2
MASUKAR;1;22.2.1973;0;1
CIRAN;17;19.9.1969;1;16
HAMUS;15;10.9.1952;11;4
EBUSEF;2;25.4.1979;2;0
ELSEVEN;2;30.4.1957;1;1
VEYSELET;1;17.2.1960;0;1
HIMMI;2;27.2.1964;0;2
HUTCCEY;1;27.8.1950;0;1
FERRIN;15;14.10.1968;2;13
GAYRETE;1;15.6.1958;0;1
MUKADDESI;7;7.10.1957;0;7
SEVEGUL;1;21.1.1961;0;1
TERVIZE;2;11.6.1973;0;2
BULFER;3;23.1.1975;0;3
NEZHA;18;18.8.1960;0;18
MAHVERE;1;11.1.1938;0;1
PEYAM;232;29.10.1974;1;231
MUVAY;1;4.11.1957;0;1
LUTFYE;1;11.4.1992;0;1
SEBAKI;1;29.8.1983;1;0
TEMMUR;7;29.6.1964;6;1
GULBELKIZ;1;3.5.1976;0;1
PUSNE;1;20.10.1953;0;1
BESIY;6;27.6.1945;0;6
HULBIYA;2;2.2.1982;0;2
M.MEHDIN;2;27.3.1971;2;0
MEHMEK;3;20.8.1980;3;0
SEHVET;14;15.9.1962;1;13
REBIHE;14;24.8.1961;0;14
ASLUHAN;1;10.3.1982;0;1
MAHISEBER;1;1.11.1973;0;1
GOLIN;7;24.2.1962;6;1
TURFANDA;28;28.9.1949;0;28
EJMAL;2;21.2.1975;2;0
NEZIP;6;8.12.1962;6;0
BUYUKRAMAZAN;1;2.2.1957;1;0
ULKIYAN;1;7.2.1976;0;1
FATIMETI;5;22.5.1963;0;5
MERVER;7;15.4.1971;0;7
NUDYA;1;30.12.1959;0;1
AYUP;7;9.7.1958;7;0
HEMISE;18;12.10.1947;0;18
MEMER;1;12.2.1959;0;1
REMZIN;3;13.6.1979;3;0
YOKSULI;23;24.8.1978;23;0
FERZEY;73;21.10.1961;0;73
HASSARI;44;18.3.1969;44;0
AZEDIN;20;12.3.1971;20;0
TAYDE;1;26.11.1979;0;1
HELIMAN;1;26.6.1976;0;1
GULSEDAT;1;16.6.1951;0;1
MEKPUL;1;22.2.1967;0;1
SEYIHAN;10;28.7.1963;5;5
SAYUP;14;5.4.1960;14;0
MAHSUMI;3;30.9.1972;3;0
URGUN;12;6.12.1960;5;7
KEKAN;1;11.2.1963;1;0
HAFFI;1;1.2.1961;0;1
KOMO;4;24.4.1949;4;0
NECMETTTIN;1;12.6.1982;1;0
BEGEHAN;10;3.9.1953;0;10
AYMERGEN;2;13.4.1970;1;1
MUZZEYAN;1;27.5.1974;0;1
REZMI;3;19.1.1972;3;0
KEDRET;1;6.10.1972;0;1
ZEYIDE;15;6.2.1959;0;15
MUSEREFETTIN;1;26.11.1972;1;0
OZZEYYIR;1;27.12.1974;1;0
MIHRAMI;2;30.2.1955;2;0
VATANDAS;3;26.12.1956;1;2
CEMALP;3;3.9.1971;3;0
ADNIBANI;4;15.2.1951;0;4
TAGITTIN;1;26.3.1973;1;0
BIKNUR;2;23.10.1980;0;2
MUMTANE;1;21.7.1972;0;1
ZEMA;5;25.1.1959;0;5
MUHAPPET;3;15.7.1961;1;2
ZEHNET;2;8.12.1973;0;2
NURUVER;2;26.1.1961;0;2
APUS;2;26.12.1949;1;1
HANEDEN;2;29.1.1977;1;1
GULSATIYE;1;26.6.1937;0;1
MUNEYFE;6;18.12.1971;0;6
NUSUFET;2;21.1.1970;1;1
TUUBA;5;21.4.1984;0;5
BOYBAGI;1;22.2.1955;1;0
CARIBE;1;2.8.1933;0;1
KAYRET;4;5.10.1971;2;2
GUSSULU;3;13.11.1972;0;3
ADINI;1;7.8.1928;0;1
EMURE;4;29.3.1965;0;4
AKUCAN;2;24.9.1953;2;0
DAVSO;1;2.8.1933;1;0
DUYGUSAL;9;2.7.1981;0;9
PELINGUL;1;12.10.1990;0;1
BOZOG;1;2.8.1939;1;0
MUKAYYIF;1;22.2.1937;0;1
KERBI;21;21.12.1958;21;0
HAMOG;1;21.4.1958;1;0
MULI;1;2.7.1963;0;1
PIRLAK;16;2.6.1963;1;15
KAYACI;1;21.5.1983;1;0
TURGUD;16;1.7.1966;16;0
MEMENE;1;2.8.1933;0;1
RASO;6;12.1.1938;6;0
BERNAZ;8;27.10.1982;1;7
TEHNIY;1;20.8.1947;0;1
PANEY;18;28.10.1946;0;18
HUSEYIUN;1;3.2.1957;1;0
NESIBIYE;6;6.12.1946;0;6
MEKSELI;6;20.8.1959;6;0
GUDUREL;1;11.2.1951;0;1
IRAFET;9;15.9.1950;8;1
CUHADAR;14;2.8.1966;14;0
MERVANI;4;9.10.1962;2;2
MEMETTURGUT;1;25.9.1936;1;0
SITDI;11;6.8.1961;0;11
NECLAGUL;2;7.6.1966;0;2
BEHISTI;2;23.10.1989;2;0
MUZZAZI;1;24.4.1960;1;0
MUHFERRA;1;16.10.1964;0;1
MEKTUNE;3;27.12.1962;0;3
AYSUSAM;1;15.8.1965;0;1
ESOG;4;1.5.1957;0;4
UGRIYE;3;9.6.1940;0;3
SAHALEM;1;18.3.1958;0;1
EYLIM;5;4.10.1977;1;4
MULLAALI;9;30.10.1958;9;0
BUTTO;1;6.6.1975;1;0
AFFIFE;1;15.3.1965;0;1
GEVHERI;10;26.4.1950;2;8
KUVET;8;23.4.1974;7;1
MADO;2;8.12.1934;2;0
UNBIYE;3;5.7.1935;0;3
MUKIMSAH;5;26.4.1561;5;0
ABDULMUSA;27;11.12.1965;27;0
ZIDDI;3;11.10.1965;0;3
GUZAYDA;1;26.5.1961;0;1
MIHTEDIM;1;14.1.1971;1;0
HULAGUHAN;8;4.10.1972;8;0
JITKOVA;1;13.4.1973;0;1
ZITTI;14;23.11.1959;0;14
SEYHAHMET;7;20.3.1974;7;0
MUCEHHEZ;12;7.10.1959;1;11
HACIEMIR;2;30.6.1937;2;0
KAMUN;4;30.4.1938;0;4
NUDSEL;1;23.7.1991;0;1
ILMIZAR;1;17.8.1924;1;0
MESLIHAN;15;11.2.1974;0;15
FURDOS;19;13.10.1960;0;19
KURTULMUS;7;28.7.1970;6;1
BEKIRO;1;23.10.1928;1;0
CENGAY;7;24.6.1985;4;3
ABDULMAYIP;1;12.2.1965;1;0
MERIK;14;21.9.1968;2;12
ZEBOV;1;18.6.1946;0;1
MUKSUN;4;6.5.1969;4;0
SEMEY;6;8.2.1958;0;6
MULKIYAN;13;23.12.1977;0;13
AZIYET;1;6.2.1980;0;1
UMHANI;10;5.9.1935;0;10
HAPPA;163;6.10.1951;0;163
HUCCEY;6;9.3.1942;0;6
HAZNEY;48;30.5.1952;0;48
HAITCE;9;9.4.1980;0;9
IMO;23;25.4.1950;4;19
KIRZ;1;19.3.1966;0;1
MESUHA;1;12.2.1965;0;1
PANO;4;13.2.1940;4;0
SALBIYE;3;6.12.1963;0;3
FELAKET;7;3.3.1964;2;5
VETALET;1;3.5.1969;0;1
NEFAFET;2;9.11.1948;0;2
IRDAN;2;7.11.1972;0;2
SUHALEN;1;16.4.1971;0;1
SEHRIBAH;3;3.7.1990;0;3
ALAEDIN;8;21.3.1967;8;0
BEHENUR;1;6.2.1960;0;1
GALO;2;22.9.1955;2;0
MUHASIP;2;8.1.1970;2;0
TUMEY;202;2.10.1957;0;202
HENNAN;9;2.9.1963;8;1
TAMI;6;22.7.1958;3;3
SERFINAS;9;21.4.1973;0;9
ZETUN;4;20.10.1956;0;4
OZBASAK;3;8.9.1965;0;3
KEMUNE;4;29.9.1948;0;4
EVRUZ;1;13.11.1981;0;1
DALLI;3;18.11.1955;1;2
NURDACAN;3;20.8.1965;1;2
HALIZ;6;17.2.1961;5;1
NIHAIR;1;12.2.1971;0;1
GULEYFAR;1;22.2.1973;0;1
MAZHARIYE;1;2.2.1975;0;1
NEZAKIR;4;24.11.1958;4;0
DILVAR;3;11.6.1965;0;3
SUMEYME;1;23.6.1964;0;1
ABDURSAMET;2;24.5.1959;2;0
UBBET;4;16.1.1959;4;0
ILTIHAN;1;24.10.1934;0;1
UFLUNAZ;1;3.3.1957;0;1
DuRDANE;1;14.7.1953;0;1
ADAGUL;4;25.4.1972;0;4
DEREHAN;1;26.9.1990;0;1
EDHEMIYE;1;14.2.1955;0;1
MILLA;17;25.1.1953;15;2
HATEY;54;14.11.1943;0;54
MEDURE;2;24.10.1954;0;2
KUBUS;2;18.5.1950;2;0
KAYMACI;1;7.8.1934;1;0
MAREY;2;12.11.1937;0;2
GAREY;5;13.6.1958;0;5
OZGAY;2;19.4.1980;0;2
TEDBIR;1;6.6.1975;0;1
EMMRAH;1;7.8.1988;1;0
PEPEY;1;21.6.1926;0;1
NUVE;12;13.1.1977;1;11
AGCELI;1;12.8.1943;0;1
MOHTUNE;1;21.12.1965;0;1
ERDALAY;1;11.3.1981;1;0
MUVIT;11;11.12.1966;8;3
SIHBEG;1;17.5.1948;1;0
EKREMIN;6;7.6.1968;6;0
IHTINAZ;4;8.8.1986;0;4
MEHPERUZ;3;13.3.1971;0;3
GULUBE;6;18.6.1951;0;6
LEFAN;4;13.6.1977;2;2
CEBEL;15;17.9.1966;14;1
MINETOGLU;1;7.2.1958;1;0
ERFAN;9;11.9.1973;7;2
NEVGIL;2;12.9.1978;0;2
MUTIF;1;1.5.1949;1;0
ABDULSEFA;2;21.9.1963;2;0
KEZIVAN;4;3.4.1964;0;4
BUHARIYE;2;14.1.1978;0;2
NURUFER;12;26.11.1960;0;12
SEMSINE;5;27.1.1959;0;5
MUBE;8;2.8.1958;0;8
ILAMA;1;13.2.1935;0;1
MAHBURIZ;1;22.1.1971;0;1
SEBLEM;12;15.12.1976;0;12
ZULMIYET;1;1.5.1974;0;1
KADIROL;1;12.3.1952;1;0
SELDAGUL;8;28.7.1978;0;8
PIRVANI;1;7.3.1969;1;0
NAZILIYE;5;5.5.1963;0;5
TEVAHIL;1;6.12.1956;1;0
RAHCAN;89;10.4.1969;0;89
ADLIBANI;2;8.8.1954;0;2
ELVAHIL;1;17.2.1972;1;0
TACIZAR;2;24.5.1969;0;2
VELAADDIN;7;25.3.1964;7;0
IMANETTIN;7;8.4.1968;7;0
SUGNIYE;1;20.5.1973;0;1
SAHANDAR;7;28.4.1958;0;7
SENGU;5;10.12.1969;1;4
MEBNUNE;1;23.10.1956;0;1
CIHATHAN;1;30.2.1991;1;0
ZULGANIL;1;22.4.1971;1;0
AYSAHAN;4;6.5.1969;0;4
HISEY;2;29.7.1942;0;2
SONDU;2;29.6.1973;0;2
YEMLEHAN;2;11.4.1957;2;0
TEMEY;13;23.9.1952;0;13
HEFSIYE;1;18.11.1958;0;1
ALTIPARMAK;1;5.9.1939;1;0
IRGAT;10;8.3.1979;10;0
KAZIMRIZA;1;12.6.1963;1;0
SELDET;1;2.2.1963;0;1
ASOG;2;8.10.1938;0;2
ALIASGAR;3;5.7.1966;3;0
SEHMEMET;6;12.2.1946;6;0
SONDA;8;4.10.1978;1;7
SERIGUL;10;26.6.1962;0;10
SATIHE;7;9.12.1975;0;7
SALIHIHSAN;1;19.3.1948;1;0
FIRNAZ;11;9.4.1956;0;11
EKEN;13;11.1.1975;12;1
NUHSEL;5;17.10.1962;2;3
NEHNI;1;13.4.1953;0;1
KATIPOGLU;1;21.4.1980;1;0
GULPU;1;2.2.1951;0;1
DETER;1;3.4.1942;0;1
KUTULIYE;1;24.5.1973;0;1
YURGEL;1;11.10.1974;0;1
SENIYHA;6;20.6.1965;0;6
MAHPEYRUZ;1;27.2.1968;0;1
AYNISA;21;18.12.1956;0;21
NURGUL.;1;19.2.1976;0;1
GULEMDAR;5;2.9.1962;0;5
CEZIMUR;1;24.5.1970;0;1
REYHANEY;15;20.5.1947;0;15
MADDETTIN;1;13.2.1956;1;0
REFIKAY;1;10.3.1962;0;1
REKIFA;1;24.7.1966;0;1
FEVLIYA;1;12.3.1977;0;1
YAZICI;3;29.2.1953;3;0
AYLIMAN;6;6.2.1978;0;6
VETFO;1;15.9.1940;0;1
ELKAMA;2;19.5.1967;2;0
DURUK;7;12.2.1954;1;6
NASIMI;9;17.6.1972;8;1
MESUMI;1;21.11.1980;1;0
GULSOSUN;6;28.10.1972;0;6
RUHTE;1;29.1.1956;0;1
MEMGULI;1;7.4.1976;1;0
NIDAHAT;2;27.5.1977;0;2
SAAADET;1;17.6.1972;0;1
MUSAMA;1;3.4.1969;0;1
SIDDIYA;2;17.7.1960;0;2
SAYISTA;1;5.3.1971;0;1
MUNEVSE;16;1.5.1962;0;16
SEMNE;4;23.10.1963;0;4
PAULINA;4;20.9.1972;0;4
FERDANA;12;12.5.1968;0;12
GUNKUR;3;7.2.1944;1;2
MEVZU;1;22.1.1931;1;0
VAITTIN;7;8.9.1961;7;0
SULEYDAM;1;22.3.1955;0;1
KAZIBEN;16;23.3.1967;0;16
ABDULCENAP;10;5.1.1981;10;0
ORHAL;5;18.10.1971;5;0
ENZA;2;10.7.1975;1;1
CANHUDE;1;21.9.1978;0;1
URUYAN;7;4.12.1952;3;4
FATTIS;4;12.7.1955;0;4
RUHKIYE;7;29.1.1967;0;7
IRAHMA;11;11.10.1954;0;11
SUZAR;5;12.1.1972;0;5
ABDULVAHITTIN;1;7.8.1934;1;0
SEMSUPANI;1;22.2.1967;0;1
MUCAHADDIN;1;27.2.1956;1;0
MUHTEDIR;20;6.7.1974;18;2
UMMUGUSU;1;27.2.1950;0;1
URUK;4;22.5.1958;0;4
MENZILET;24;14.11.1972;1;23
MIESSE;4;12.11.1968;0;4
TURSINE;5;9.8.1957;0;5
ERHALIL;1;9.3.1975;1;0
MESSE;8;18.11.1954;1;7
ABDUSSETTER;2;5.4.1950;2;0
RAHIYA;1;1.7.1968;0;1
IMSEN;1;10.8.1945;0;1
FALDAN;3;21.8.1972;0;3
MUTASIN;1;22.2.1979;1;0
KIYAK;7;12.5.1958;6;1
HATAMI;3;10.9.1954;3;0
MEHETDET;1;6.11.1959;0;1
TUNAHANC;1;12.2.1983;1;0
LEYLIFA;4;18.4.1965;0;4
REFAHIYE;4;16.1.1963;0;4
FENSURNE;1;18.10.1985;0;1
SOFRE;7;25.10.1956;0;7
MERKULE;2;9.7.1970;0;2
NASUR;3;28.7.1973;3;0
AKIFIYE;2;19.10.1977;0;2
MUKADDIME;1;27.1.1974;0;1
SERUME;1;12.2.1953;0;1
HUMMETULLAH;1;29.3.1968;1;0
DURSIN;47;22.2.1969;5;42
NEBUHAT;1;18.3.1960;0;1
EKMER;3;7.9.1958;0;3
URUKIYE;8;13.10.1956;0;8
ALLAVI;7;22.9.1939;7;0
UNIFER;4;4.12.1966;0;4
ISMIHANIM;3;30.11.1949;0;3
MOMIN;49;29.12.1957;47;2
VATHEY;3;21.12.1963;0;3
YAHSAN;10;2.2.1973;6;4
ISLIMGULERMAN;1;22.3.1974;0;1
BINNES;2;5.7.1971;0;2
CAYSE;1;1.11.1979;0;1
TURANDEDE;1;28.4.1946;1;0
FETIM;7;12.2.1975;7;0
DANKIN;2;20.10.1985;2;0
BESU;8;24.7.1938;0;8
GAZNEY;73;23.2.1961;0;73
SEYHMUSLUM;192;22.1.1960;192;0
AYNEY;209;16.11.1952;0;209
MEHRICE;8;24.5.1960;0;8
REMEZEN;4;10.8.1958;4;0
DIRGEC;1;24.7.1991;1;0
M.HALIL;23;27.6.1953;23;0
MUTAZ;1;22.5.1976;1;0
NAYI;1;7.2.1958;0;1
MENISAH;9;6.8.1974;0;9
BENDA;23;25.12.1973;2;21
HAMAT;2;17.6.1942;2;0
VATFEY;14;17.6.1963;0;14
NAZAM;17;6.11.1965;16;1
HASMIR;1;27.7.1956;1;0
HAMAYIN;1;23.8.1949;0;1
BEDERHAN;4;28.5.1938;4;0
MEHMETSURUR;1;26.10.1985;1;0
ABAZ;6;28.5.1968;6;0
FESLI;16;13.2.1960;3;13
SAZMI;1;18.11.1956;0;1
FEKIR;1;17.11.1954;1;0
GUMSAHAN;1;6.12.1990;0;1
SEBLIHAN;2;14.12.1982;0;2
SAYDI;6;12.9.1953;5;1
FIRIYEL;2;13.2.1968;0;2
GULUNDEN;2;19.2.1970;0;2
IDEY;89;27.11.1957;0;89
EBRUHA;2;24.12.1967;0;2
YARAN;1;1.8.1981;0;1
RAKSAN;5;27.10.1964;0;5
TEHLILE;21;17.3.1956;0;21
RABUA;45;25.4.1951;0;45
BEDRIYENAZ;1;8.9.1991;0;1
MEZIHAT;15;26.2.1831;0;15
SERCEN;20;29.1.1984;7;13
MEFAI;9;14.9.1963;7;2
SURMEN;4;30.12.1976;2;2
UNALCAN;1;21.9.1991;1;0
BANA;3;14.1.1942;0;3
NEVSET;29;27.10.1960;13;16
SURALP;3;26.7.1969;3;0
UTIL;1;16.7.1979;0;1
BEYSULAN;2;30.7.1948;0;2
MERTUL;4;29.9.1972;3;1
OMURYAN;2;10.9.1979;0;2
GUNDESLI;3;7.1.1949;0;3
MIHLANTIK;1;7.2.1970;0;1
SAMIZ;2;29.12.1965;1;1
COCUK;1;23.1.1970;1;0
ZIYUDDIN;1;2.2.1975;1;0
ZENCANE;2;12.1.1949;0;2
DURDUNAZ;399;23.10.1962;0;399
GULMEVLANA;2;9.4.1975;0;2
IRZADE;2;1.3.1955;0;2
GOKUSA;1;13.3.1971;1;0
HEKIMIYE;2;21.4.1962;0;2
AYASAN;1;22.5.1979;0;1
YAZGULE;1;16.4.1975;0;1
AYSUDA;67;18.1.1976;0;67
GOKBENI;1;6.5.1978;0;1
MISLINA;50;12.10.1983;12;38
ALBEN;15;3.4.1973;11;4
OZANER;3;28.9.1985;3;0
FERAHMI;7;25.1.1955;7;0
HAMDINUR;1;3.3.1933;0;1
ALYAZ;3;14.4.1960;2;1
EYRICE;2;29.12.1939;0;2
ABUGUNES;3;3.9.1951;0;3
SAHIBEN;1;26.5.1977;0;1
GULKO;1;7.2.1958;0;1
RIHAYLE;60;30.3.1961;0;60
GEDRO;11;18.12.1957;11;0
MUTEREM;8;26.5.1959;3;5
RUHIZAR;8;27.4.1961;0;8
HAVKI;2;29.6.1938;0;2
MEYUL;2;4.11.1951;0;2
ABDULLAZIZ;12;7.8.1974;12;0
DALTAN;1;26.12.1981;0;1
IBISI;2;17.12.1970;2;0
GOZO;2;2.5.1945;0;2
ERZAIL;7;26.12.1971;7;0
HAMSEY;110;23.12.1964;0;110
NURLUHAN;7;26.1.1964;1;6
DEVREM;2;21.11.1976;2;0
LILDA;5;13.9.1966;0;5
NEVHAYAL;9;24.3.1953;0;9
ERNUH;2;13.2.1965;2;0
NILPERI;8;9.6.1978;0;8
DINDI;20;29.3.1951;0;20
MAHSURNI;1;13.4.1970;1;0
ILEVI;2;12.4.1977;2;0
OZNAY;4;20.2.1976;0;4
UMMUSUM;15;4.12.1955;0;15
COLLOV;1;27.1.1963;1;0
BABLI;70;19.10.1967;65;5
ORKAC;1;6.2.1979;1;0
BENDIHA;1;17.4.1972;0;1
DINEZET;1;22.10.1979;0;1
TAT;1;24.3.1978;0;1
HAMEY;20;17.8.1955;11;9
BEYAZEY;13;8.2.1953;0;13
MELIZE;5;5.4.1966;0;5
EBEBEKIR;4;22.1.1969;4;0
USTUNAY;13;17.9.1974;8;5
MEMEY;31;30.8.1943;4;27
SEYDETTIN;3;18.6.1958;2;1
TAGDIR;1;22.11.1955;1;0
INAZIYE;1;6.3.1968;0;1
NULFET;5;21.10.1969;1;4
YAZEY;211;1.7.1958;0;211
DURUSU;4;13.4.1988;1;3
CEVRAIL;1;27.2.1968;1;0
AYIDEN;1;29.9.1971;1;0
HAMAM;36;19.5.1954;34;2
CANTURE;1;12.4.1965;0;1
MUSTENIRE;16;13.6.1945;0;16
FASUDE;2;29.12.1964;0;2
USTUNGUL;37;10.2.1960;0;37
MIMIY;1;17.8.1930;0;1
YENERHAN;2;8.1.1988;2;0
NAGHAN;2;25.9.1967;0;2
MAPUBER;1;2.3.1957;0;1
PERA;5;8.7.1941;0;5
CUMAREZ;1;12.2.1959;0;1
TEHIYE;4;14.9.1965;0;4
SURMIYE;77;24.10.1964;0;77
SANAIF;2;27.9.1964;2;0
EYTIBAR;3;5.4.1961;0;3
FECIA;4;11.4.1958;0;4
GUDSIYE;1;12.2.1966;0;1
BERHAMI;1;27.4.1956;1;0
GULZEKIYE;2;24.5.1969;0;2
FERHEY;17;14.1.1958;0;17
AZED;1;16.10.1989;0;1
RIHAYYE;6;7.1.1962;0;6
GULFIN;6;9.10.1977;0;6
NEVERAN;5;14.5.1967;5;0
SIREY;2;8.11.1953;0;2
FEYADIN;1;19.7.1959;1;0
GEVAN;10;29.11.1962;10;0
APTULHALIK;2;30.12.1968;2;0
ZIRVAIK;1;12.8.1929;0;1
ONDAL;5;19.5.1966;5;0
KASIMHAN;2;16.8.1975;2;0
TANZIFE;1;1.6.1956;0;1
YARBEY;1;2.2.1987;1;0
REYANE;5;21.7.1966;0;5
ISPARAALP;1;14.3.1978;1;0
ZUHRAT;3;3.3.1969;1;2
MEBRUK;15;27.1.1959;15;0
AVAD;17;13.8.1958;17;0
CANSAL;9;19.5.1968;8;1
SALIHIYE;20;22.11.1958;0;20
MAGLAT;1;2.8.1933;0;1
HUMAYRA;5;8.9.1976;0;5
FURDEVIS;7;5.3.1964;0;7
NEZENGIL;1;26.4.1955;0;1
SUZGUN;8;9.2.1962;0;8
HAKKIHAN;4;20.5.1984;4;0
MESTINAS;2;1.3.1965;0;2
MUHSEREN;1;22.2.1967;0;1
EMBIR;2;22.9.1983;2;0
FAMET;22;11.11.1967;2;20
GUNTEK;2;11.10.1957;2;0
EVELYN;10;10.8.1965;0;10
DEVUT;2;26.9.1960;2;0
EBEYDIN;1;30.7.1962;1;0
IMAMEDDIN;13;10.3.1977;13;0
BERGE;70;8.1.1964;5;65
FILVE;7;6.9.1947;0;7
DILFARUZ;3;3.9.1945;0;3
FILLO;5;18.3.1947;2;3
HULYATE;1;7.2.1970;0;1
RAHLETE;4;11.3.1969;0;4
BABET;3;16.11.1951;0;3
OVEYS;29;1.9.1958;2;27
MENZULET;2;10.1.1974;0;2
CANISE;7;25.7.1950;1;6
BIRGEHAN;2;21.8.1982;1;1
MABBALE;1;21.5.1963;0;1
DILNUVAZ;4;21.5.1937;0;4
SEBILEGUL;1;22.2.1967;0;1
GONAN;4;25.4.1958;1;3
HASBETTIN;10;1.8.1960;10;0
SEYHATI;1;22.2.1967;1;0
GULISLAM;2;5.6.1966;0;2
DERGEHAN;3;9.5.1980;0;3
ILCAY;15;22.4.1974;4;11
HAYRE;14;8.12.1962;0;14
MEKSEN;48;14.9.1968;48;0
SERHUS;1;30.7.1948;0;1
INIZE;2;13.2.1953;1;1
AYKUTLU;4;25.3.1977;3;1
HURIYYA;2;27.8.1963;0;2
EMUNE;35;5.4.1950;0;35
VATFE;16;22.6.1946;0;16
LUUP;134;23.8.1964;0;134
ZAUR;6;8.11.1972;6;0
BORTECIN;6;15.4.1982;6;0
TENKURE;1;19.11.1931;0;1
ERGEZER;10;4.7.1953;10;0
SAVRUNAY;1;2.2.1975;0;1
GUVENBEY;1;28.10.1967;1;0
AYYOS;1;1.1.1;0;1
FEDIN;1;16.10.1955;0;1
NURZIT;1;23.10.1950;0;1
ABDUN;2;22.5.1969;2;0
MEVCUDIYE;11;13.1.1955;0;11
MERZUK;18;20.4.1961;15;3
TENVIR;5;26.1.1950;2;3
FIKRETCAN;3;30.9.1989;3;0
KAFLEN;2;6.6.1968;2;0
TADISER;3;13.4.1953;0;3
ISAMIN;1;24.9.1972;1;0
BUKHET;5;11.6.1968;0;5
NAYIMA;37;23.9.1961;0;37
KEMALEN;1;19.1.1971;0;1
ZERAFETTIN;8;11.2.1955;8;0
FERIGAN;3;3.11.1963;0;3
NEFTALI;3;25.11.1967;3;0
FATLI;22;5.11.1958;22;0
SEYYAM;7;3.5.1965;1;6
GOL;9;24.6.1950;2;7
YERAL;4;5.11.1958;3;1
BELMUREN;1;26.10.1966;0;1
NASIRIN;7;29.10.1960;0;7
DINDE;13;8.2.1951;0;13
TERVIN;7;24.11.1964;0;7
MAHFEL;2;17.6.1954;1;1
FEYYAMI;3;19.10.1965;3;0
TUGEN;15;17.12.1977;1;14
DURDULU;10;5.7.1954;0;10
SERABA;1;22.8.1983;0;1
FEDVA;238;11.6.1968;0;238
GOKGEN;1;27.1.1980;1;0
OLUNAY;1;16.3.1968;1;0
SELAYET;9;9.3.1967;2;7
UYEYNE;1;14.6.1970;1;0
ZAFEN;1;2.10.1957;0;1
SUUILE;1;14.2.1970;0;1
GULMUVEDDET;1;22.3.1973;0;1
HIMEYCE;1;3.3.1963;0;1
FESLEY;9;1.3.1951;0;9
UPEK;1;10.2.1964;0;1
RUF;2;12.11.1950;0;2
MISIRYA;4;22.1.1975;0;4
RAKKUS;140;22.3.1961;0;140
KEZZIBANI;6;18.9.1956;0;6
RIHAYE;1;21.6.1977;0;1
MALKI;2;3.2.1968;0;2
TEYREY;37;9.10.1961;0;37
FINE;1;5.6.1972;0;1
MIDAD;1;16.8.1966;1;0
RUHUZAN;1;2.8.1945;0;1
YEHSAN;8;12.2.1977;4;4
AZLIHAN;2;22.8.1977;0;2
MUNCIBE;64;23.2.1954;0;64
MUNCUBE;169;27.10.1958;0;169
LALAPURUZ;1;21.2.1954;0;1
NUFUBE;1;17.12.1965;0;1
ASKAN;21;30.8.1977;14;7
YOKSILI;3;27.9.1976;3;0
MATUS;1;7.11.1946;0;1
ABDILLATIF;3;15.12.1957;3;0
TEFERNUS;1;7.2.1958;0;1
NAHYE;4;24.3.1974;0;4
AYBIKEHAN;2;5.9.1990;0;2
AYPEN;5;9.2.1968;0;5
VILYAR;1;1.8.1962;0;1
BATTALHAN;2;18.3.1985;2;0
ILDAY;4;3.12.1981;3;1
DIRSAN;23;19.10.1953;0;23
HERSEVEN;1;27.2.1962;1;0
CELEM;30;6.10.1961;30;0
YADE;19;24.3.1980;0;19
FEYAS;15;3.7.1978;15;0
ANIZELIHA;3;27.6.1971;0;3
TELCE;146;30.1.1962;0;146
SAPDER;1;11.10.1954;0;1
DENS;1;22.2.1961;0;1
MEHMEDIN;6;28.5.1972;6;0
ZEHNUR;7;9.12.1967;3;4
BENSET;1;17.2.1960;1;0
FEHRUZAT;2;13.2.1952;1;1
SOMO;1;22.2.1979;1;0
CUNEYTE;1;10.8.1960;0;1
HAVADE;29;19.10.1962;0;29
ZULFEY;1;9.8.1934;0;1
ILBARS;12;30.2.1976;11;1
USEM;4;26.11.1970;4;0
ZELFA;6;2.12.1967;0;6
SUVEYDAM;1;4.10.1977;0;1
NECADE;8;6.2.1952;0;8
AKINUR;1;10.7.1979;0;1
HADDUC;144;1.12.1947;0;144
SAZILIYE;1;27.2.1950;0;1
KERBE;1;13.11.1953;1;0
YOLCAY;3;28.6.1979;0;3
LOSTAHAN;1;17.8.1930;0;1
ZULEL;28;7.12.1968;1;27
GONULHAN;10;6.12.1962;0;10
GURBIC;1;26.5.1953;0;1
LEMILE;2;21.7.1957;0;2
CADET;6;18.12.1955;1;5
TORAY;13;15.11.1979;10;3
NERGISE;4;28.2.1968;0;4
HIYASEDDIN;17;11.7.1966;17;0
ASYETE;4;12.8.1972;0;4
KUREYSET;1;13.11.1989;0;1
ABDULMENNAF;3;27.10.1980;3;0
SUKRUYA;7;22.1.1965;0;7
MEYIS;9;17.7.1968;0;9
PEYYAM;2;25.11.1979;0;2
ECAVIT;2;18.5.1963;2;0
ROZKAR;1;6.8.1978;0;1
FILSEN;1;7.2.1970;0;1
RECAN;11;19.11.1970;5;6
CEZILE;4;9.2.1958;0;4
FIKRAL;2;5.3.1967;1;1
MIKRAMIN;4;7.11.1968;4;0
TAFIDE;26;1.1.1961;0;26
IJLALE;1;6.11.1960;0;1
KAZIMEN;2;4.7.1973;0;2
ERIKA;30;5.6.1953;0;30
MEHMETHADIN;1;3.9.1980;1;0
ZIL;1;22.8.1925;0;1
MENDOLI;1;21.6.1940;0;1
SEFIR;6;11.2.1958;6;0
MALUH;1;13.6.1958;0;1
TAKIDDIN;10;9.6.1964;10;0
KURDANE;2;21.9.1947;0;2
ZENCER;6;7.2.1958;2;4
IZULLAH;1;26.4.1972;1;0
NILFIDE;1;18.2.1972;0;1
DURDUCA;31;9.10.1960;0;31
FEYYAN;1;21.2.1965;1;0
SEFHA;2;27.5.1962;1;1
REFIZE;12;25.3.1954;0;12
MUSTUK;120;12.9.1956;120;0
NESTURE;1;27.3.1974;0;1
PERVERI;1;14.5.1935;0;1
CEVHERIYE;60;11.9.1949;0;60
LEYYUZE;6;17.12.1959;0;6
AKKONAKLI;1;23.7.1966;1;0
BEYAZITTIN;7;27.4.1965;7;0
NURULLAN;1;1.6.1991;1;0
SUHILET;2;3.3.1962;0;2
BILTAZE;1;3.9.1957;0;1
GULHURI;4;12.2.1960;0;4
MINVA;7;15.8.1958;0;7
ALTIGOZ;1;2.3.1967;1;0
GULANDA;5;2.10.1971;0;5
RUHUNAZ;14;13.1.1953;0;14
HUDAIYI;1;28.11.1969;1;0
FEYZANE;3;25.10.1961;0;3
MERUME;1;12.8.1929;0;1
ASUMEN;3;25.6.1963;1;2
ISABIL;5;16.10.1967;5;0
MUBEYA;4;29.1.1971;0;4
URTEN;6;20.6.1957;1;5
SEYNEL;5;28.1.1973;1;4
ADIKUL;1;7.8.1922;1;0
NURGIZ;3;4.1.1973;0;3
YURDANURAL;1;12.2.1953;0;1
HEVILA;17;16.1.1972;0;17
SELEHADTIN;3;24.2.1956;3;0
BEDUHA;7;10.4.1967;0;7
MERSUKA;5;27.3.1967;0;5
SAGDICE;1;6.10.1980;0;1
BESTAMIN;16;9.12.1982;16;0
ZILHIYE;3;4.1.1958;0;3
KUFAYET;9;3.4.1971;0;9
TERKINDE;1;17.8.1942;0;1
DURRUYE;19;7.7.1948;0;19
ENAN;5;22.11.1963;4;1
PULSAL;1;12.8.1941;0;1
FATMAYURDAGUL;1;9.11.1971;0;1
HALIBIYE;2;3.3.1968;0;2
SIHMARIF;1;16.6.1949;1;0
MUBET;13;18.7.1965;0;13
HISEDAR;1;26.7.1972;0;1
MEFDUNE;3;18.5.1955;0;3
KIYIS;3;30.5.1952;3;0
MUSAMITTIN;5;10.3.1955;5;0
ZILFICE;2;15.11.1973;0;2
SUPAHI;2;8.1.1964;1;1
KUSAY;8;18.9.1975;7;1
SILCAN;2;4.6.1976;0;2
MALIH;3;21.1.1963;3;0
BADISEN;8;15.3.1969;0;8
MUFET;3;25.5.1966;0;3
MUZAHITTIN;2;11.8.1959;2;0
MENSARE;1;12.2.1951;0;1
MEFADI;1;17.2.1958;1;0
TORER;8;18.4.1953;7;1
ABDULZAHIT;4;17.6.1961;4;0
GULUSHAN;5;23.1.1969;0;5
PEYFER;1;16.10.1959;0;1
PERDAL;1;22.2.1967;0;1
SEKIZE;1;7.8.1928;0;1
MECBURI;2;29.4.1969;0;2
ABDULKAMIL;5;9.1.1976;5;0
NURTALIP;4;1.8.1977;4;0
IYIGUN;18;5.9.1966;15;3
FEDARETTIN;1;17.2.1960;1;0
MINTAIYE;2;30.10.1946;0;2
BAHDET;1;7.2.1964;1;0
OZYORUK;1;7.9.1970;1;0
IRTIFAT;2;28.3.1954;0;2
MUNERRA;2;19.10.1969;0;2
BEDLI;3;1.8.1962;0;3
VAHRILISAN;1;1.2.1960;0;1
USKUL;3;29.2.1951;3;0
SAHADE;52;14.11.1955;46;6
MOFIDE;1;27.2.1956;0;1
MUHITIN;30;25.11.1970;30;0
HAYLANUR;1;28.11.1946;0;1
GULDIDE;2;26.7.1949;0;2
FEVIME;2;22.6.1973;0;2
NEYZAN;7;27.1.1968;1;6
VAHDANET;1;2.2.1957;0;1
MUZYEN;4;11.2.1965;0;4
KABULE;8;4.2.1963;0;8
AYSUDE;29;23.7.1972;0;29
M.HAZRET;1;17.2.1942;1;0
MUVEYDE;7;24.11.1962;0;7
NIGARHAN;4;14.7.1985;0;4
BALEMIR;5;23.8.1980;5;0
MURAKKAZ;1;27.7.1949;0;1
ESEMAN;5;5.10.1958;0;5
AYNAOMERDIYE;1;22.2.1967;0;1
ENIFE;8;27.10.1956;0;8
NEPBE;1;18.3.1936;0;1
SAHHANDER;1;6.6.1980;0;1
UZERSAH;1;22.2.1985;1;0
TESLIYE;1;22.8.1937;0;1
SAZENUC;1;22.1.1969;1;0
UMMUDURSUN;1;4.3.1945;0;1
HAFRETTIN;1;8.3.1934;1;0
SITALI;1;2.2.1957;1;0
MURDEGUL;1;7.2.1952;0;1
MUSDET;6;5.8.1967;5;1
IZAAT;1;4.3.1952;0;1
SEMREHA;3;3.7.1952;0;3
SAZELIYE;2;16.11.1959;0;2
GEMSE;1;14.8.1941;0;1
MULLAHACI;1;1.2.1936;1;0
CAPAR;5;15.8.1949;4;1
HABBALI;1;12.7.1929;0;1
KAYTANCI;28;21.6.1952;28;0
BEYMAZE;1;4.3.1942;0;1
HADET;1;12.2.1927;0;1
KADIRETTIN;5;16.10.1959;5;0
CELAITTIN;3;8.1.1955;3;0
BERKKAN;5;1.8.1985;5;0
NATIBE;4;2.4.1964;0;4
NASLIYE;6;13.9.1952;0;6
TURFA;89;15.1.1962;0;89
FEDAVI;2;12.4.1968;2;0
SAFKIYE;3;24.11.1951;0;3
MUHTEREN;8;24.5.1975;3;5
RESALET;8;7.2.1964;0;8
KUTDIS;5;17.1.1960;4;1
KUTBIZADE;4;5.6.1983;4;0
DILBO;1;17.8.1924;0;1
HAYRANDA;1;28.4.1962;0;1
EHLIIMAN;15;28.3.1962;7;8
NUHMAN;6;11.6.1972;6;0
DALILA;13;9.1.1965;0;13
GULAYLA;3;11.5.1955;0;3
RIZKA;2;21.1.1964;0;2
FIRDEVES;4;3.10.1951;0;4
MUCABE;1;8.12.1943;0;1
ALIDEDE;27;20.12.1959;27;0
KEJJIY;1;19.2.1938;0;1
DELIKAN;4;1.10.1985;4;0
OZLEMHAN;2;21.8.1982;0;2
LEMENUR;4;21.5.1969;0;4
CIVERIYE;3;21.12.1968;0;3
FIKIRLI;1;1.6.1944;0;1
DUSUZE;22;10.11.1964;0;22
DULAFER;1;12.1.1976;1;0
NEVINSE;1;20.1.1975;0;1
UREYNE;1;4.5.1968;0;1
ULBE;2;22.6.1967;0;2
SEHRIDIL;1;11.1.1928;0;1
HAYIRLISE;1;9.3.1950;0;1
NURTAMIN;1;30.1.1973;0;1
TAHLILE;3;27.8.1962;0;3
REP;3;29.12.1972;0;3
SEVZAN;2;8.4.1964;0;2
EFEN;1;7.10.1958;1;0
KUFFEY;1;2.8.1927;0;1
SENGULSEN;2;14.7.1979;0;2
LAHIR;1;17.11.1964;1;0
ARIZ;5;30.8.1955;2;3
MUTEVIT;1;13.1.1963;1;0
MERKAN;11;6.9.1979;8;3
VECAHA;1;12.3.1935;0;1
HALILETTIN;2;3.11.1969;2;0
EMINHAN;12;11.11.1971;9;3
EYHANI;1;22.2.1955;0;1
YILDRIM;1;15.4.1992;1;0
HADIRE;11;10.8.1956;0;11
SECILYA;14;20.9.1988;0;14
SEZMAN;11;28.11.1965;0;11
ANMET;3;16.6.1983;3;0
MAH;7;13.6.1940;0;7
NAMUKKEMAL;2;6.1.1963;2;0
SAFIYENUR;4;2.9.1985;0;4
MUASSEN;2;9.12.1940;2;0
UMMUGUSUN;4;27.1.1967;0;4
COLHAN;2;9.1.1976;2;0
ABIZET;7;26.8.1965;6;1
AKSES;2;24.9.1956;1;1
SUKRANETTIN;1;3.5.1967;1;0
SADUMAR;1;7.2.1970;0;1
ENTUM;2;9.7.1973;2;0
SERDARE;1;27.8.1926;0;1
SEYIDIYE;10;17.3.1962;0;10
MUBEYME;1;11.8.1988;0;1
TUGCU;6;5.5.1981;5;1
AKAT;12;5.1.1959;10;2
ESARETTIN;4;19.5.1976;4;0
KELAMEDDIN;3;27.4.1967;3;0
SARDANE;1;6.12.1972;0;1
HUSULET;3;26.3.1953;0;3
MEHDIKAR;4;29.9.1955;0;4
MEFRUAT;1;12.3.1959;0;1
SALAADDIN;4;24.9.1953;4;0
HURSUDE;4;29.6.1965;0;4
NACADE;1;16.6.1928;0;1
ATLIYE;4;12.1.1958;0;4
OZBAL;4;10.8.1974;3;1
GULBENK;36;28.10.1954;34;2
BASRET;2;28.2.1986;1;1
LUKRES;2;22.2.1967;0;2
SABAHANUR;1;19.2.1990;0;1
KABUL;5;15.4.1963;0;5
DAYA;26;16.2.1956;0;26
ACIBE;172;22.3.1958;0;172
RRAHIME;1;27.5.1956;0;1
IKRIMA;17;28.5.1968;0;17
NARILLA;1;22.5.1964;0;1
OLDAC;4;2.5.1982;3;1
DILEDI;7;24.4.1976;0;7
YUNIFE;1;22.2.1967;0;1
YOLAC;24;1.8.1974;23;1
SAMETHAN;3;19.11.1978;3;0
AYCAGUL;12;18.1.1985;0;12
HILAFET;2;5.1.1959;0;2
HUBEYIK;1;30.2.1978;1;0
NESIBEGUL;4;9.7.1984;0;4
NESABI;1;16.7.1958;0;1
DIRAJE;1;6.9.1985;0;1
DURASI;62;21.3.1959;62;0
EBILKASIM;3;14.4.1960;3;0
SEMAHAGUL;1;28.4.1968;0;1
OZMINIRE;1;12.2.1956;0;1
MUSHAN;5;21.12.1964;2;3
GOLHAN;28;26.6.1972;11;17
GOKYUZU;2;18.4.1989;2;0
BENZUHRE;1;4.4.1963;0;1
NEZANGUL;1;21.6.1964;0;1
ADILLE;4;8.6.1958;0;4
SENCEL;8;30.7.1970;0;8
PEVRILDANE;15;22.4.1971;14;1
MIRHICAN;1;23.11.1973;0;1
YUSAH;19;28.3.1975;19;0
KADERE;2;3.4.1977;0;2
MENTUR;3;17.9.1966;1;2
SEHBANI;3;9.1.1967;0;3
PESENT;9;11.8.1963;0;9
IRKIYE;30;5.11.1960;0;30
BAHTUM;2;16.3.1970;1;1
DURCA;1;7.4.1974;0;1
SEJDAN;5;28.8.1979;0;5
JIYANDA;2;6.9.1988;0;2
SEMIRTAY;1;23.5.1968;1;0
TUHFETULLAH;12;20.5.1970;0;12
HELLI;5;18.2.1939;1;4
MEMURHAN;1;22.8.1919;0;1
GULFIRAY;3;16.7.1969;0;3
IZLAL;13;29.5.1954;0;13
TIJLA;1;8.2.1964;0;1
SETANAY;3;2.10.1980;0;3
FAHMET;3;7.10.1974;0;3
MEHMETDIP;1;1.2.1943;1;0
SAYFET;11;23.6.1967;3;8
NAYISA;1;17.11.1959;0;1
TAKIDE;1;1.2.1928;0;1
URKU;13;3.10.1951;0;13
SIRA;10;29.1.1976;0;10
DELYA;14;24.1.1979;0;14
HAKANA;1;28.3.1991;1;0
SUMBULIYE;1;2.4.1951;0;1
NOVFEL;24;16.3.1963;24;0
ZAIDIYE;1;27.11.1968;0;1
SEMYEDDIN;1;7.2.1958;1;0
SEFEHAT;2;17.3.1960;0;2
BULAN;2;5.1.1961;2;0
SIRACUDDIN;3;20.9.1979;3;0
KAYZIM;1;14.7.1956;1;0
MEHMETSUKRU;5;7.3.1957;5;0
ADEF;31;18.8.1965;0;31
KUBULEYHAN;1;1.4.1959;1;0
ATAALLAH;39;30.6.1964;39;0
HULUZER;1;3.10.1987;0;1
TANYOL;10;17.11.1968;10;0
MEBRUH;2;11.6.1967;1;1
KENKER;1;2.3.1963;1;0
KAHRIBAN;19;24.5.1962;0;19
AYBEL;31;25.3.1970;0;31
BEZIRHAN;2;7.11.1968;0;2
SEVCET;5;12.4.1963;4;1
AYINZELHA;10;12.6.1963;0;10
URSULAY;1;27.7.1974;0;1
ALPAYHAN;2;13.12.1974;2;0
M.AKIF;16;28.10.1962;16;0
CUHEYNA;14;13.1.1967;0;14
RUHAY;6;15.2.1969;2;4
BIRLEN;2;9.9.1965;0;2
GOKYIGIT;1;15.3.1977;1;0
SERANT;9;30.1.1973;8;1
CANSURAT;4;10.10.1959;0;4
MINTEZIME;1;4.4.1967;0;1
EZMER;1;17.2.1960;0;1
NILVIN;6;24.2.1972;0;6
M.ASAF;2;20.8.1936;2;0
SAYDET;2;2.1.1951;0;2
HEMIDEHAN;1;1.1.1944;0;1
SEBBOY;132;2.8.1960;0;132
DAVUTCAN;4;23.12.1984;4;0
ALTIOK;10;30.4.1758;8;2
YANAL;8;26.11.1966;8;0
MOJGAN;3;29.1.1966;0;3
NILUFUR;1;13.9.1971;0;1
BERRUHAN;2;7.10.1971;0;2
ERGULNAR;1;26.3.1966;0;1
HATICIK;1;13.6.1975;0;1
MUGIME;5;14.10.1966;0;5
RECEPAY;1;27.6.1950;1;0
LISLAN;1;19.4.1941;1;0
NIZEMMETTIN;1;12.4.1971;1;0
FATMASENGUL;1;5.1.1947;0;1
NEVSEHER;1;30.10.1953;0;1
EVLA;19;29.9.1978;1;18
BITA;3;7.1.1975;0;3
KORKUT.KAGAN;1;8.2.1985;1;0
BIRCIVAN;2;24.1.1944;0;2
SUMEYDA;6;27.3.1983;0;6
BALHUN;1;30.4.1991;0;1
CEHHUN;1;24.5.1973;1;0
ZEBIHA;61;3.3.1963;0;61
TAKACAN;1;13.1.1964;0;1
HUSEMIYE;1;23.10.1961;0;1
NURMES;1;6.4.1969;0;1
M.MURAT;14;14.1.1970;14;0
RAIA;3;4.7.1963;0;3
SENDAN;6;3.4.1962;1;5
OZEVIN;4;5.4.1961;0;4
MENAZIL;11;7.7.1960;11;0
SERAPZEHRA;1;21.11.1991;0;1
AYMEL;3;6.2.1975;0;3
TANGUT;16;22.11.1966;16;0
SELVIDAL;2;11.12.1977;0;2
SUPILE;1;12.6.1961;0;1
SEBAY;7;13.11.1973;2;5
ESINAY;8;27.9.1982;0;8
USMEHAN;1;26.5.1947;0;1
OZKAM;2;25.6.1970;2;0
YESIZ;2;15.7.1986;0;2
LEVGUN;1;18.10.1965;0;1
MESLIYET;1;12.2.1953;0;1
IZDIHA;2;7.5.1934;0;2
GULAFRUZ;1;22.5.1973;0;1
TEBHIDE;1;16.9.1974;0;1
YAYLACICEGI;1;12.10.1971;0;1
FUZULE;3;21.2.1965;0;3
OVGUCAN;2;4.2.1990;1;1
TEMHA;2;15.6.1980;1;1
BAHAI;3;10.4.1958;3;0
SAHINPER;1;16.9.1982;1;0
HILFAN;5;1.11.1949;4;1
SUZIER;1;5.5.1980;1;0
BILKEM;1;26.11.1983;0;1
EFTALE;2;18.6.1959;0;2
ISMIM;1;23.3.1969;0;1
MEMETVAYSI;1;12.9.1981;1;0
NERBI;1;7.8.1934;0;1
MUKADDIN;2;6.4.1962;2;0
MISLINE;5;11.6.1968;2;3
GUCLEN;8;25.10.1977;7;1
SAZENIN;1;21.4.1965;0;1
PEYNAN;1;9.9.1962;0;1
MENTIZE;5;10.9.1965;0;5
KLER;29;18.9.1953;0;29
DILDA;16;24.10.1979;0;16
MAKFIRET;5;26.7.1970;0;5
SEYHALDIN;1;22.2.1955;1;0
MUGEM;6;28.12.1982;0;6
ESENDIL;1;2.6.1976;0;1
SENEYET;1;26.5.1984;0;1
RAMAZANERMAN;1;8.12.1977;1;0
FATHIS;2;24.11.1956;0;2
BUTUN;5;13.4.1962;1;4
ALICIA;10;26.5.1980;0;10
DOGUKAAN;9;24.1.1990;9;0
MUCCEL;1;13.5.1962;0;1
FEHRUZA;1;7.12.1958;0;1
NURDOGDU;35;4.7.1962;10;25
FIKRIYET;3;28.1.1966;1;2
GONEL;10;4.3.1970;0;10
FIDELYA;7;2.8.1985;0;7
MUDET;10;17.2.1963;4;6
BERNIS;12;29.5.1975;0;12
PERITAC;4;21.3.1962;0;4
TANJO;9;18.8.1957;5;4
REYAGAN;2;9.8.1953;0;2
IBRAHIME;4;14.4.1945;0;4
NELSUME;1;29.7.1958;0;1
RAINA;2;14.3.1984;0;2
EKATERINE;16;16.2.1976;0;16
SOFIA;63;2.3.1962;0;63
SEFIKCAN;1;20.4.1990;1;0
JUNG;2;19.11.1952;0;2
FARSID;1;7.10.1972;1;0
ERBANE;2;1.8.1965;0;2
FETVE;5;23.4.1957;0;5
ONAYIM;1;8.3.1952;0;1
MUKABET;2;30.3.1974;0;2
KORAT;2;24.1.1984;2;0
FEHRETTIN;7;6.11.1957;7;0
SAHLEVENT;5;23.9.1969;0;5
RAHNUR;1;28.5.1968;0;1
ALULAZIM;1;29.3.1962;1;0
SECDI;1;14.9.1970;1;0
VEHITULLAH;1;25.3.1969;1;0
DURVEL;1;26.6.1960;0;1
KARCA;3;22.5.1987;2;1
A.YILMAZ;1;29.2.1956;1;0
MUHAMMEDIL;6;19.9.1971;6;0
TUFIDE;3;28.4.1940;0;3
MERGIM;6;7.10.1966;2;4
KHAIRY;1;13.12.1971;1;0
FANICA;6;6.6.1963;0;6
DUYUNC;5;26.12.1986;2;3
AKBEN;20;15.7.1981;1;19
SABILA;7;3.12.1982;0;7
MELEKBEGUN;1;13.6.1976;0;1
WOUTER;1;27.1.1968;1;0
SUHAR;8;24.2.1973;1;7
TULA;18;24.5.1973;2;16
FERAMUN;2;17.11.1953;2;0
ERDALAN;1;5.8.1986;1;0
NEVSERI;1;7.7.1952;0;1
TULUHAN;17;30.1.1972;12;5
EDILHAN;6;27.10.1971;6;0
BERKEMAL;2;22.6.1971;2;0
ESMAR;7;15.6.1967;0;7
DEVIN;23;20.10.1982;8;15
KUDVEDIN;1;8.12.1960;1;0
DEYSIM;1;16.9.1989;1;0
CARE;33;5.3.1984;6;27
BANIGUL;4;13.4.1972;0;4
MISLIM;18;7.3.1964;16;2
NEVDIL;9;19.3.1970;0;9
KEFSIRE;1;17.7.1961;0;1
JANETTE;3;27.4.1961;0;3
SEMIRCAN;2;3.8.1977;1;1
ASHLEY;1;26.2.1987;0;1
ILKUT;13;9.3.1977;9;4
GURSUER;1;9.7.1951;1;0
OZANCAN;27;20.12.1989;27;0
YUSUFINA;1;12.12.1929;0;1
EKINSU;12;3.3.1990;3;9
FAIZZETTIN;1;17.5.1946;1;0
GANDIRIYE;1;16.1.1969;0;1
SUSAR;27;3.4.1951;3;24
MARGERIT;6;7.2.1954;0;6
OZTAC;4;2.3.1985;4;0
NECAS;1;12.8.1945;0;1
BENIN;28;26.1.1973;2;26
AYBERIN;6;21.9.1955;0;6
CEMNUR;15;15.10.1968;3;12
FILCANI;1;24.4.1984;1;0
LIZET;40;20.6.1959;0;40
GUNELAY;1;22.2.1973;0;1
ADNUBANU;1;16.8.1981;0;1
WOUTES;1;27.1.1968;1;0
YARIN;8;22.12.1967;4;4
NESAN;17;4.4.1965;1;16
ELIFNAZLI;1;3.8.1989;0;1
MURTIZE;1;8.9.1970;0;1
FIRAZAN;3;3.11.1975;0;3
EROZAN;4;24.12.1986;4;0
BIRKIN;1;27.4.1990;0;1
MIRAYCAN;1;9.9.1990;0;1
BEKLEN;8;14.3.1983;4;4
NUMEN;31;11.4.1953;30;1
DILSAAD;1;12.2.1977;0;1
GULFETHIYE;2;28.1.1987;0;2
SAVURAN;2;1.10.1959;2;0
BEHNUR;27;16.10.1971;17;10
BEHERIN;1;1.6.1961;0;1
ZIHRICAN;2;14.3.1958;0;2
SEMENTA;29;9.7.1978;0;29
NEDAVET;2;11.11.1969;1;1
FERAGAT;7;18.7.1956;2;5
CANAT;7;11.2.1965;4;3
RUKZAN;59;20.6.1951;0;59
FEHIMEGUL;2;6.11.1960;0;2
VEFAK;6;21.10.1980;0;6
NUFYAR;1;17.5.1966;1;0
ZEVADIL;1;22.7.1955;1;0
SUVEY;2;16.11.1969;1;1
MENLI;11;21.7.1948;0;11
NECIMAN;2;28.6.1956;0;2
SEFHAT;4;28.3.1961;2;2
GULHEVAL;1;15.12.1983;0;1
ILEN;6;7.6.1969;0;6
SABAVET;3;12.8.1947;0;3
PALATIN;1;17.8.1940;1;0
HATUNEY;12;28.7.1938;0;12
SAFYATA;2;25.1.1964;0;2
EZBA;1;8.11.1982;0;1
BELGUM;1;25.4.1981;0;1
PERLE;3;30.5.1962;0;3
LEZZIN;1;20.5.1982;1;0
EZGISU;5;17.6.1990;0;5
NEVZATCAN;2;16.8.1988;2;0
EPIL;2;4.5.1981;0;2
KATRE;18;28.2.1969;1;17
YURTEL;5;20.10.1965;2;3
OMURZAT;37;9.8.1952;0;37
MUTEYME;1;5.7.1975;0;1
HADIP;1;11.4.1951;1;0
ZOHUDE;1;2.2.1963;0;1
YULDURHAN;1;7.5.1964;1;0
PIRILAY;8;3.3.1974;0;8
SIDDIG;1;7.2.1964;1;0
BUGEM;2;1.6.1983;0;2
NEVRUSTE;2;1.4.1964;0;2
FUDAY;3;28.9.1972;1;2
CEMILCAHIT;1;11.1.1959;1;0
CIBIR;1;7.4.1957;1;0
BERGOZER;1;6.10.1941;0;1
MANULYA;6;2.11.1968;0;6
FIRARE;3;4.10.1972;0;3
MUTTAKI;4;10.7.1986;4;0
GABY;1;23.10.1973;0;1
YUVAN;2;23.11.1956;2;0
RAZETTIN;10;13.12.1948;10;0
NECEGUL;2;18.1.1983;0;2
ULIN;2;6.2.1968;0;2
KYMBAT;1;2.2.1977;0;1
CUMALA;1;21.5.1969;0;1
DAMAR;2;30.3.1969;2;0
YILDIRIMER;1;3.5.1975;1;0
NIYE;1;22.6.1960;0;1
DESIN;4;10.10.1972;1;3
M.MUHUDDIN;1;6.6.1935;1;0
SULFAN;1;22.6.1963;0;1
GUNEYCAN;4;13.10.1989;4;0
NEVINI;2;22.5.1954;0;2
FARIBA;13;4.6.1967;0;13
KUSEYMA;1;7.2.1956;0;1
ANSU;10;18.2.1982;0;10
ESHAP;18;19.7.1974;18;0
TOPLUKAN;1;19.2.1959;0;1
ESECAN;2;11.1.1978;1;1
SUILE;9;3.2.1965;0;9
SIHHATINUR;1;14.6.1959;0;1
MUKAN;4;2.2.1970;4;0
MUTAHARA;7;30.11.1960;0;7
TUNASEL;1;17.6.1960;1;0
TURKBEY;6;18.1.1963;6;0
KILICAY;4;8.9.1979;4;0
APDULLAHI;1;3.3.1966;1;0
GULBAGEN;1;2.3.1967;0;1
SULDIYE;2;16.6.1977;0;2
DILRIBA;1;3.4.1977;0;1
IRTAN;1;12.12.1977;1;0
KLODIN;5;16.3.1983;0;5
SONDILEK;8;19.5.1967;0;8
NURFUDAY;1;21.9.1976;0;1
MIHRUNISA;2;15.4.1970;0;2
ALE;10;12.1.1969;0;10
DURDUYE;62;6.11.1956;0;62
ILBAYA;1;1.9.1948;1;0
ABDULEZEL;9;4.3.1964;9;0
FILER;7;6.2.1964;0;7
MUMTAHA;3;14.8.1977;0;3
DONCAY;3;27.5.1977;0;3
SERENA;37;14.2.1984;0;37
FERUDUL;1;11.5.1956;1;0
SUNEYYA;4;26.3.1964;0;4
CESMIM;2;9.6.1980;0;2
MUGAY;3;14.3.1951;0;3
TURGAYI;2;15.11.1957;2;0
OZLAY;34;23.9.1978;2;32
VISALET;2;2.4.1953;0;2
HURGUL;24;7.11.1972;0;24
MELEKA;3;16.1.1951;0;3
TUGAL;13;13.6.1955;6;7
MUTEHER;27;23.5.1961;3;24
EYUPNUR;1;2.9.1968;1;0
NIHABI;3;26.7.1956;3;0
DILBESTE;16;9.10.1955;0;16
NURDAS;11;18.6.1976;1;10
ERYASIN;2;15.2.1971;2;0
HUMIYRA;1;27.2.1950;0;1
UNSAT;1;20.3.1974;1;0
ABITCAN;2;25.8.1947;2;0
GULHUSRAN;1;13.4.1963;0;1
BEKLAN;63;11.1.1975;54;9
TANYU;13;30.11.1968;9;4
HESNAGUL;4;13.11.1978;0;4
EMSAY;1;13.9.1981;0;1
DUYKAN;3;4.2.1980;2;1
DULE;2;27.1.1978;0;2
MUSARET;6;1.9.1968;0;6
ERCUMA;4;11.7.1968;4;0
FATUMATU;10;6.8.1969;0;10
EZZAZIYE;2;5.6.1978;0;2
ESAFI;1;6.12.1955;1;0
FERENGIZ;2;27.2.1965;0;2
TUBAGUL;10;23.2.1987;0;10
SONGAY;1;2.8.1957;1;0
ZUBEYE;2;25.2.1964;0;2
RUHNIYAZ;14;19.4.1952;0;14
FATMASEL;1;26.4.1946;0;1
EMILAY;2;21.12.1978;0;2
SULHHI;1;1.10.1981;1;0
MUZUCET;1;23.11.1933;0;1
SEVAYIR;9;15.9.1966;0;9
HURUCAN;34;29.6.1970;0;34
BULUCHAN;1;15.8.1991;1;0
UNGEL;2;1.9.1943;0;2
TAYGUT;1;18.1.1971;1;0
ENDRY;1;27.9.1978;0;1
CANSERI;18;5.4.1971;0;18
IPTADE;1;28.6.1974;0;1
DESIRE;4;22.12.1986;0;4
BELNAY;1;12.4.1939;0;1
MARUS;3;22.9.1952;0;3
FETEYNA;1;16.1.1977;0;1
IFRAL;2;28.10.1950;2;0
ARICI;4;28.12.1957;4;0
CAMGUL;1;6.12.1975;0;1
CELLAKE;1;7.2.1952;0;1
HILYE;13;15.2.1964;0;13
ZIHNIVAR;1;12.11.1941;0;1
BEDRULCEMAL;2;1.8.1958;0;2
HARIDE;8;8.7.1967;0;8
SERHATHAN;4;8.5.1983;4;0
MENEMENCI;1;5.3.1972;1;0
DURANI;52;24.6.1959;3;49
CAGLE;1;7.11.1970;0;1
ARMIS;2;28.2.1968;0;2
GULUGSE;1;14.11.1951;0;1
NEBRULE;4;11.4.1961;0;4
DUREN;2;4.8.1963;0;2
SEVHA;2;21.6.1963;0;2
YASIMA;5;9.8.1981;0;5
MUZEYET;4;13.7.1963;0;4
EJMAYIN;1;16.4.1970;1;0
HALILCAN;22;19.6.1987;22;0
ORGUT;4;26.2.1976;3;1
ERIKAN;11;13.4.1969;7;4
NACIDIYE;1;26.5.1954;0;1
DILFIN;2;10.1.1969;0;2
AYHAL;5;13.1.1949;0;5
NERKAN;3;20.11.1976;2;1
SOZMEN;6;7.11.1979;6;0
RESSA;3;12.4.1964;0;3
TIPBIYE;1;22.3.1967;0;1
SAFIRAN;7;24.4.1964;0;7
GULBIYEN;3;6.4.1965;0;3
HEMRAH;2;21.2.1982;0;2
ORUCEY;35;18.10.1950;0;35
MIYEDDIN;1;12.6.1961;1;0
BERKOK;12;1.1.1975;12;0
VERGIN;18;28.4.1960;6;12
YILDIRHAN;7;27.5.1969;7;0
SIVA;15;24.11.1977;0;15
ILSE;7;19.5.1946;0;7
TANJAN;3;18.10.1968;2;1
GUZIHA;1;12.2.1953;0;1
ATSIZ;9;5.6.1979;8;1
GIZIN;1;20.10.1961;0;1
TEMURE;4;9.7.1962;0;4
NEZAY;13;9.7.1974;1;12
ZEMCIYE;2;9.11.1954;0;2
KAREN;126;20.10.1964;57;69
ESBIR;1;28.12.1974;1;0
ATENA;2;18.12.994;1;1
ELBI;25;8.6.1982;0;25
ESMEL;3;28.6.1980;0;3
YANINA;10;9.10.1976;0;10
OZLUSEN;2;8.5.1973;1;1
SUPHANA;1;10.5.1964;0;1
UCHAL;1;6.12.1971;1;0
NADIRETTIN;3;19.6.1966;3;0
GAYIZ;1;27.2.1950;1;0
ISLIHAN;16;23.1.1969;0;16
ZIKRA;27;19.4.1982;0;27
ALIKUTAY;1;26.3.1975;1;0
TIRAS;3;3.10.1941;3;0
MESADIYE;35;29.7.1963;0;35
FERKUNDE;1;17.8.1942;0;1
OZGULE;4;10.10.1970;0;4
VISNAT;1;2.10.1955;0;1
JILDIZKAN;1;23.5.1963;0;1
KIBIRYE;7;6.9.1978;0;7
CAGCAN;3;8.4.1985;2;1
KAMERHAN;10;13.3.1973;6;4
CEZAHIR;18;20.3.1967;14;4
ERDIZ;1;21.5.1971;1;0
SIMBER;15;23.1.1967;0;15
SUPCIN;1;4.11.1991;0;1
ANDA;10;18.5.1979;0;10
MARELLA;1;7.3.1970;0;1
SEZERCAN;9;24.10.1987;9;0
SENDENUR;2;2.9.1970;0;2
BARHAN;17;27.7.1977;17;0
BERETNA;1;7.2.1976;0;1
GULECE;11;14.4.1981;0;11
SIGRET;2;13.9.1962;1;1
FILARE;4;8.6.1969;0;4
SUHBIYE;1;27.3.1952;0;1
KEMEHRAN;1;23.3.1947;0;1
HALBIYE;4;29.7.1955;0;4
ERSOYTAN;1;13.9.1974;1;0
TERESE;1;30.7.1975;0;1
SEVDANESE;1;12.1.1971;0;1
ALISEFA;6;19.2.1982;6;0
YILBAN;1;15.7.1939;0;1
BABURAN;2;7.4.1956;0;2
AYMET;5;27.2.1965;1;4
EZGICAN;34;22.12.1989;4;30
BIMEN;9;25.6.1981;8;1
MEVLIDI;2;1.11.1954;2;0
FATMAGUN;2;21.4.1957;0;2
SUCUDA;1;17.3.1966;0;1
ANILYA;2;12.10.1983;0;2
ZENZILE;1;2.2.1945;0;1
NUTKULLAH;4;9.9.1958;4;0
AYNERIN;10;6.7.1967;0;10
TULBA;2;19.8.1975;0;2
AKATLI;1;16.7.1966;1;0
TESHUZE;1;2.2.1957;0;1
CANSURET;9;29.1.1944;0;9
FAHRINUSA;18;12.3.1960;0;18
ESATMAHMUT;1;1.9.1961;1;0
MUDIYE;10;6.4.1965;0;10
BESUME;2;6.12.1961;0;2
ESAFILKEF;1;27.9.1980;1;0
AVNEDDIN;1;13.3.1965;1;0
SERACITTIN;2;7.8.1964;2;0
UMEYRE;9;16.8.1964;1;8
IZAFI;2;27.6.1961;2;0
SEMSAH;2;2.8.1954;0;2
RUZGAN;14;1.9.1965;3;11
ALEVSUN;2;3.6.1979;0;2
RIKKAT;38;3.1.1951;0;38
REYDAL;2;6.11.1980;0;2
SIBELA;2;25.10.1976;0;2
TOYER;2;8.11.1986;2;0
VEHBICAN;4;19.6.1990;4;0
AHESTE;3;18.8.1982;0;3
RENCUZ;42;8.6.1950;0;42
REBILA;5;27.10.1964;0;5
OZTAS;24;5.6.1964;24;0
SMENTA;1;7.12.1976;0;1
RUHAYME;1;1.2.1962;0;1
ILI;5;3.9.1944;1;4
DIYASET;4;7.3.1958;0;4
RENGUN;4;6.4.1962;0;4
USTER;7;20.8.1959;6;1
ADDUBAMI;1;3.8.1957;0;1
CANSURIYET;1;22.4.1943;0;1
HUBYER;1;3.12.1976;0;1
MUREL;5;21.11.1967;2;3
BEHRENG;2;7.7.1983;2;0
SUHEYYUP;1;29.5.1943;1;0
ABDULCIHAT;2;30.4.1963;2;0
GAMZA;12;9.7.1982;0;12
CANMETIN;2;10.12.1975;2;0
ERKANT;11;7.2.1974;11;0
IZAFE;3;27.6.1961;0;3
SUKUN;12;27.1.1965;1;11
HACIKAYA;12;5.4.1962;12;0
NURTUL;5;26.1.1974;0;5
CABPAR;3;27.10.1965;3;0
BERFUM;2;29.11.1987;0;2
HASAYA;1;21.5.1939;0;1
MEMDUF;9;12.8.1966;9;0
OZVIN;3;28.9.1969;0;3
NIREZ;1;24.7.1982;0;1
NUHEL;8;21.9.1966;8;0
DIVIDE;2;12.12.1953;0;2
SONGUNER;2;2.10.1972;0;2
ESSAMED;1;19.5.1972;1;0
BUTUFE;1;22.2.1955;0;1
CENKANIL;1;21.2.1971;1;0
TERCIHA;1;2.7.1963;0;1
ROSAN;17;6.9.1979;3;14
FERDIHAN;5;30.8.1957;2;3
CEVVAT;4;18.3.1973;4;0
UNDAL;5;23.2.1967;4;1
FETDANE;1;7.4.1964;0;1
RABIATUL;11;18.9.1978;0;11
CUVER;1;7.1.1952;1;0
GULHADE;8;6.12.1962;0;8
TEVCIDE;98;30.11.1952;0;98
IFLAH;2;6.8.1972;2;0
FECIL;1;8.8.1979;0;1
DILAG;1;6.12.1986;0;1
SUMERIYE;9;12.2.1977;0;9
ATILAN;11;15.12.1960;11;0
UZEYFER;1;24.1.1973;1;0
NOYFEL;18;4.2.1975;18;0
MEBCAN;1;6.4.1968;0;1
JULYEN;4;14.6.1975;0;4
ISAMEDDIN;16;18.6.1967;16;0
HAYRINUSA;50;19.12.1963;0;50
ULUBEY;11;6.11.1977;11;0
OZLEMIM;2;29.3.1968;2;0
ORKUNT;15;28.5.1977;15;0
KINAZ;4;6.7.1955;0;4
FILAL;1;21.5.1971;1;0
NEVENGUL;2;11.8.1975;0;2
ARCA;45;29.4.1980;29;16
SEMAYIN;1;8.11.1974;0;1
HILALSAH;1;4.2.1982;0;1
EZGEL;1;22.3.1970;1;0
ALBERK;5;16.2.1985;5;0
HIDIRCAN;3;12.3.1992;3;0
AHUDUDU;5;25.9.1984;0;5
YENGISU;1;30.6.1986;0;1
ALPERCAN;2;30.1.1984;2;0
MENGUCEK;4;2.5.1973;4;0
M.MURSIT;1;5.10.1974;1;0
NICHEL;1;1.12.1984;0;1
ALTUGAN;1;23.1.1991;1;0
GULSUNNUR;1;18.6.1973;0;1
KENDISAH;5;14.11.1971;1;4
BIBIMAHKEM;1;12.8.1929;0;1
ALLADDIN;12;23.4.1975;12;0
SERHAS;12;22.11.1973;12;0
BEHLULDANE;13;12.9.1970;13;0
NACDE;1;19.7.1948;0;1
SEDAFER;5;3.1.1968;1;4
FILINTA;15;12.11.1979;12;3
HEFIDE;4;25.2.1948;0;4
GURLEK;4;9.3.1948;4;0
EHIZEN;1;7.3.1974;0;1
SAMINA;6;19.10.1980;0;6
NURKABI;1;14.2.1992;0;1
MURGUN;1;7.2.1967;0;1
BAHINUR;2;22.4.1973;0;2
FARUC;1;7.2.1964;1;0
SAHIDI;12;10.6.1956;11;1
GUMSIHAN;1;20.8.1979;0;1
MEZYED;24;14.4.1965;23;1
KUBUL;1;27.6.1970;1;0
TEBIA;1;10.2.1945;0;1
DUNYANUR;7;18.6.1974;2;5
RASE;7;6.1.1971;0;7
SEYLAP;18;27.1.1964;0;18
SERNAY;13;21.12.1968;0;13
GULSEREK;2;24.11.1950;0;2
MEVEDET;1;19.3.1949;0;1
SIREN;44;3.2.1967;1;43
ESTIN;1;29.8.1983;0;1
BUKENT;7;24.7.1973;1;6
BEZMINE;1;16.5.1955;0;1
ATADAN;13;5.10.1967;12;1
EMIRLER;1;7.2.1964;1;0
CUPITER;1;22.2.1967;0;1
ENER;60;28.1.1971;54;6
IGBALE;5;28.11.1963;0;5
BEYATEN;1;29.9.1958;0;1
BERGUN;17;30.8.1968;3;14
UJLAY;1;1.1.1961;0;1
TALLAN;13;29.9.1966;0;13
ULVIYYE;6;2.1.1974;0;6
ZAGFIRAN;1;13.4.1939;0;1
SEAVI;1;11.6.1938;1;0
DURGANI;5;18.9.1959;4;1
SAMIER;1;3.9.1953;1;0
SERYAL;11;14.10.1972;0;11
RUTBAY;1;21.9.1953;0;1
ILIMIYE;1;4.2.1950;0;1
HAMEYRA;2;17.1.1964;0;2
SAVASIR;3;6.12.1960;3;0
UMMUGUSSUM;18;21.8.1956;0;18
HIMAME;2;10.7.1949;0;2
BINDEBIR;1;1.3.1953;1;0
VASVADDIN;1;4.5.1971;1;0
MIROS;3;26.11.1965;1;2
MENZUNE;5;25.9.1966;0;5
ZELILHAY;1;22.2.1965;0;1
DENYEN;3;18.10.1970;3;0
KERIMUDDIN;1;1.2.1960;1;0
BERNAY;18;2.9.1981;0;18
MIHIRICAN;1;9.10.1975;0;1
ERIMCAN;1;29.4.1992;1;0
SANBERK;1;27.9.1990;1;0
DULCEN;1;18.6.1959;0;1
TEVDEST;1;2.8.1921;0;1
KAMIRHAN;1;17.12.1970;1;0
SABATIN;7;9.11.1966;7;0
TOLUN;37;7.6.1962;30;7
MUSLAT;9;3.9.1956;1;8
TERCIK;1;27.6.1950;1;0
SAHURRE;1;1.4.1961;0;1
GULAGES;2;2.5.1975;0;2
MINAY;15;22.12.1974;0;15
AFIHAN;1;14.6.1980;0;1
ILMA;10;7.8.1966;0;10
MESUDEYE;1;1.5.1945;0;1
NURSIMAN;4;16.3.1975;0;4
NURSENI;3;10.9.1964;0;3
ELAHITTIN;1;9.4.1958;1;0
EVEYIK;12;17.11.1957;0;12
SUFEYLE;4;17.12.1967;0;4
GIYESETTIN;4;10.7.1969;4;0
RUSIDE;26;23.2.1957;0;26
ANIBAL;16;24.10.1963;15;1
MUBIRE;8;21.9.1951;0;8
GUNGORLU;1;17.12.1942;0;1
DIDERAN;1;7.4.1976;0;1
GULHIBE;1;16.5.1953;0;1
SUZANHAN;2;16.9.1954;0;2
ASILHAN;35;18.4.1980;26;9
IZAZ;1;16.10.1974;0;1
OGUZSAN;2;4.8.1991;2;0
DILDEN;7;4.10.1974;0;7
SUYUMKUL;1;6.7.1970;0;1
TULINE;1;26.8.1989;0;1
NEMIGE;3;24.8.1955;0;3
ULAMI;2;13.4.1961;2;0
GULSAF;5;16.5.1967;0;5
AKAL;9;7.5.1964;7;2
SATA;5;15.6.1944;1;4
DURSAF;47;16.2.1955;1;46
MUTASUP;1;4.4.1961;1;0
URUNAZ;1;26.11.1956;0;1
AFERALI;1;21.6.1962;1;0
MISLINUR;9;10.6.1954;0;9
ABISEF;2;17.8.1955;2;0
YEMNIHA;2;6.1.1964;1;1
MUFRIYE;7;1.6.1958;0;7
SEDIA;4;6.1.1965;0;4
NEBIE;21;2.6.1964;0;21
TIINCE;1;14.1.1988;0;1
CEYSU;22;12.3.1990;0;22
BEHAYIDDIN;1;22.2.1955;1;0
NILYA;18;12.9.1975;0;18
DEMGULEN;1;26.7.1965;0;1
KETI;24;4.3.1939;0;24
CUMAZE;17;6.7.1966;0;17
MEDIL;2;25.5.1967;2;0
BELTEN;1;11.12.1989;0;1
EFILDER;1;1.4.1952;0;1
BEKIROKTAY;1;11.10.1941;1;0
MUHAYYET;2;28.5.1963;0;2
ASLIHANIM;3;18.11.1958;0;3
PAKSOY;5;22.7.1968;5;0
BELHINUR;1;14.4.1959;0;1
BERIR;2;20.5.1958;1;1
EBIN;2;22.10.1971;1;1
MUCRA;1;1.8.1972;0;1
MERUSTE;1;2.8.1945;0;1
SONSARAY;1;26.2.1963;0;1
TURFAY;1;7.7.1970;1;0
FEYHANT;1;16.8.1968;1;0
GIRGEY;1;15.8.1975;1;0
BEKLEM;14;18.6.1985;1;13
VEDAY;4;22.9.1971;4;0
KENADIN;1;11.7.1971;1;0
SEDEFGUL;6;6.4.1977;0;6
JUTTA;8;23.3.1950;0;8
HEVIS;46;24.5.1956;0;46
IMLIHAN;2;15.5.1964;0;2
SEMHIYE;2;29.12.1949;0;2
NEVIS;7;21.3.1968;0;7
NURAYBIKE;1;4.5.1984;0;1
DUYMAZ;1;14.3.1951;1;0
ALICAT;1;2.6.1945;1;0
NERPIL;4;21.7.1975;0;4
AGAHCUMA;1;21.7.1984;1;0
EFAT;1;21.1.1989;1;0
FIRGUL;1;12.4.1966;0;1
SUMEYIRA;1;22.1.1988;0;1
SEHRENAN;1;2.7.1962;0;1
SONGULLU;5;23.3.1969;0;5
SAFUREGUL;1;12.6.1969;0;1
HUMEYDE;24;5.10.1956;8;16
BERKOL;12;10.8.1970;12;0
AYTOK;14;1.7.1960;13;1
GUNRAL;1;22.10.1972;0;1
UMMUMULU;1;16.7.1970;0;1
CAFERHAN;3;14.8.1964;3;0
CULYAR;1;27.9.1981;1;0
OZANA;10;30.9.1967;0;10
SELCUKALI;1;12.12.1987;1;0
HIBAYET;1;2.2.1957;0;1
EDRIFE;2;4.1.1969;0;2
LEYLIM;8;3.7.1984;0;8
ECIMER;1;27.8.1932;0;1
MUSTAFAKEMAL;12;6.6.1971;12;0
MARZ;1;6.4.1969;0;1
HAYTA;29;6.5.1954;28;1
BAGCALI;2;2.8.1933;2;0
ADALETTIN;34;11.11.1962;31;3
LOBER;8;4.12.1947;0;8
YAVUZKAN;5;2.9.1978;5;0
AYDET;2;2.12.1958;0;2
KUDBIZADE;1;26.12.1981;1;0
ULTAN;4;10.2.1959;3;1
IFTADER;1;28.3.1962;0;1
GONAY;5;18.2.1968;3;2
MECITCAN;1;11.3.1988;1;0
REVIYET;2;3.8.1957;0;2
NAS;3;16.6.1963;1;2
URAY;27;14.8.1963;20;7
ZIHRILBEN;4;12.7.1970;0;4
ZOZANE;3;30.12.1964;0;3
ASANAY;1;17.3.1941;1;0
SENUBER;10;30.12.1956;0;10
ILKDEM;3;22.8.1978;1;2
TIHAN;3;27.7.1962;2;1
HASPETTIN;1;5.12.1961;1;0
UNZILA;3;1.4.1975;0;3
ABDULMUMUN;4;13.10.1958;4;0
ASPITIN;1;16.10.1959;1;0
DEYRABI;1;16.5.1957;1;0
NARA;9;29.1.1975;0;9
ESIRA;7;29.3.1973;0;7
MEMLIHA;1;27.2.1992;0;1
MINYETEL;2;19.10.1954;0;2
KUBRACAN;1;26.3.1992;0;1
ALPDEGER;1;22.2.1973;1;0
IMHAR;1;16.12.1986;1;0
CANKUR;7;28.12.1982;7;0
REZAR;3;19.3.1982;3;0
FERRUHCAN;2;9.8.1957;2;0
KAROL;7;18.10.1967;1;6
NUSHI;2;1.3.1966;2;0
OZYA;1;19.2.1972;1;0
MULYA;5;9.10.1957;0;5
AYIMHAN;3;22.1.1955;0;3
SERMISAN;2;20.8.1956;0;2
GOKSELIKIZ;1;20.5.1971;1;0
AYBERG;4;15.12.1985;4;0
EMRIGE;1;10.11.1959;0;1
MEKEBEN;1;12.2.1971;0;1
KELMA;2;15.4.1954;0;2
AYTEMUR;19;28.10.1965;16;3
SEFKAN;18;30.11.1983;17;1
MUSTAGIME;7;2.10.1956;0;7
OZERIN;1;1.3.1962;0;1
ALGEN;1;25.10.1962;0;1
BISTAMI;1;14.2.1971;1;0
KERIMCAN;21;19.7.1982;21;0
HALIMRAHMAN;1;7.2.1988;1;0
MASUTE;2;15.8.1983;0;2
LEBABE;3;30.8.1951;0;3
SEVINAN;2;9.2.1978;0;2
HANDISE;1;21.12.1987;0;1
SIHEY;12;20.11.1953;12;0
SENDIHA;2;19.12.1964;0;2
KARDEM;8;2.5.1982;0;8
MUSELLA;5;17.7.1963;0;5
NAZURE;5;29.12.1958;0;5
GUNTAR;2;3.7.1980;2;0
MAHAMET;9;24.11.1959;9;0
NEVAHI;1;17.11.1945;0;1
BERDIN;2;22.4.1976;1;1
RUKHAN;3;15.3.1977;1;2
MUSAMET;9;30.10.1959;7;2
ESUM;9;9.3.1952;0;9
RAZE;6;27.7.1629;0;6
TEZAL;18;6.1.1965;2;16
ATTUN;2;9.7.1937;1;1
SAADDIN;11;1.10.1955;11;0
ERBESIT;1;1.6.1955;1;0
ONCAL;12;2.2.1974;10;2
MAHIMURE;1;14.3.1973;0;1
ESENALI;2;27.10.1980;2;0
IYVAZ;3;24.2.1975;3;0
CANSAIT;2;26.2.1984;2;0
TANRIOVER;1;3.12.1943;1;0
TALIHAY;1;11.8.1989;0;1
FAHRUNUSA;3;2.2.1967;0;3
RUGEL;1;17.1.1961;0;1
FERAZIM;5;9.12.1974;5;0
VIRDEVS;4;3.11.1971;0;4
BEYHIDE;2;26.1.1960;0;2
SEYITE;2;15.7.1973;0;2
PULUZA;1;3.3.1975;0;1
ETINE;3;11.3.1965;0;3
SAHREN;3;6.7.1978;0;3
SONKUL;1;22.2.1961;0;1
EZGIGUL;2;28.7.1991;0;2
PALMIYE;2;29.3.1975;0;2
IHLASIYE;1;6.6.1964;0;1
GAYEL;2;19.10.1968;0;2
BIRSET;5;11.9.1972;2;3
KUTLUG;24;16.9.1976;23;1
KUTGUN;14;12.3.1978;12;2
ADEVI;23;14.8.1958;0;23
YENSI;2;1.4.1983;0;2
LUMEN;7;3.4.1968;7;0
GULSAHEN;1;17.7.1987;0;1
AKCURA;4;1.12.1954;4;0
BURTECIN;3;20.9.1951;3;0
ALPAGUT;21;28.3.1973;21;0
GULSEYHAN;7;26.5.1969;0;7
FINDIDA;1;12.5.1971;0;1
GOGECIN;3;29.7.1956;0;3
VAHIDEN;1;2.4.1957;0;1
YAGKUP;7;27.9.1959;7;0
SUTAN;5;9.6.1976;1;4
FIKRETI;2;13.10.1972;0;2
FILURYA;4;22.4.1973;0;4
SEHRABANI;2;16.11.1966;0;2
TEKFURE;2;23.12.1958;0;2
VALID;4;8.12.1953;4;0
ATAOL;19;25.9.1969;19;0
MIDDIYE;1;12.3.1975;0;1
FATIMETULZEHRA;8;30.7.1976;0;8
RETIHA;1;7.10.1980;0;1
AYZEL;1;27.2.1962;0;1
CUMALICAN;1;5.11.1979;1;0
SEBAA;2;4.6.1962;0;2
PEKSIN;2;7.8.1956;1;1
TEZKAR;1;21.12.1940;0;1
PAK;2;17.5.1948;0;2
SAVERGUL;1;29.8.1961;0;1
DUNUYAZ;1;23.12.1946;0;1
GULENGUN;14;17.10.1962;0;14
NURDOGMUS;1;16.6.1973;0;1
YETKE;1;15.2.1979;0;1
SIDDIH;1;6.2.1945;0;1
HETIM;2;2.1.1952;2;0
DOGAKAN;10;29.6.1985;10;0
EKABIRE;3;14.9.1955;0;3
SABATIYE;2;14.8.1954;0;2
SEVINDAL;1;7.9.1970;0;1
CEMOKTAY;1;9.3.1961;1;0
CEYBA;1;2.8.1933;0;1
SOGUT;4;8.2.1965;2;2
ADEMAY;1;20.9.1979;1;0
ABDULLAZIM;8;8.12.1957;8;0
ALEVNECIBE;1;30.10.1980;0;1
FETTAHKERIM;1;23.3.1972;1;0
ZEVIL;1;1.2.1972;0;1
HUSAT;1;2.8.1933;0;1
BEKIRZISAN;1;29.4.1967;1;0
CERRECI;1;21.10.1952;1;0
SAHRIYA;1;16.4.1974;0;1
NURILSIMA;1;2.2.1939;0;1
EZBIDE;1;6.9.1969;0;1
GULELIF;15;10.8.1973;0;15
SIVEYKAR;3;8.8.1967;0;3
NURMAHIRE;1;1.11.1949;0;1
VERDAG;14;23.2.1975;0;14
SEFERAY;1;18.2.1972;1;0
SEBEHATULLAH;1;19.3.1982;1;0
ABDULCABPAR;1;6.12.1972;1;0
EJLA;1;26.11.1969;0;1
NEFRIYE;7;13.1.1962;0;7
SIBLO;1;13.1.1933;1;0
SELCAY;10;25.10.1977;2;8
ASLITURK;1;25.6.1979;0;1
NEFIHE;1;22.2.1955;0;1
MAHSEN;56;30.8.1960;55;1
FAYAL;1;12.5.1961;0;1
HALDAN;12;18.1.1972;3;9
DOLEN;4;17.4.1965;1;3
SANSIM;7;15.12.1980;1;6
ZEHRILBAN;11;17.5.1947;0;11
SIMONU;1;30.4.1971;0;1
TURER;22;29.12.1960;17;5
AKTUNC;3;2.5.1980;3;0
GUNESDEN;1;4.7.1989;1;0
KAYABAY;4;18.10.1954;4;0
DUNYAZAT;4;12.1.1962;0;4
ZAYCAN;3;14.9.1969;0;3
RALIHAN;2;16.3.1965;0;2
ISLAMER;2;21.10.1985;2;0
REVASET;3;15.11.1939;0;3
SELENGA;7;21.4.1981;1;6
DURGE;3;4.4.1954;0;3
BEYSUM;1;24.10.1961;0;1
SITEY;8;17.5.1958;0;8
AYMALHAYAT;1;16.11.1965;0;1
ZIHNIS;5;14.3.1961;0;5
SUVEDIYE;1;3.3.1961;0;1
YVONNE;10;2.1.1972;0;10
NURISEBA;1;2.8.1951;0;1
SIM;32;11.7.1978;1;31
AYSEGUN;13;21.1.1967;0;13
GAHIRE;1;22.2.1986;0;1
UYTAN;1;8.4.1949;1;0
NEMIGA;3;30.6.1958;0;3
SONSUR;1;12.7.1983;0;1
GUZEYFE;9;6.4.1963;7;2
OKRETTIN;1;27.2.1938;1;0
ZIRRIN;1;27.2.1962;0;1
BERNAT;2;16.7.1984;1;1
IRFIYE;6;26.8.1969;0;6
TUGSE;8;6.8.1988;0;8
DEBLE;32;5.9.1958;0;32
MEZIME;4;15.9.1952;0;4
A.GUL;1;3.3.1969;0;1
MUSTEMIRE;8;29.4.1957;0;8
AMILET;1;26.2.1949;0;1
TEKINHAN;2;28.1.1964;2;0
MESSUDE;51;7.11.1964;0;51
RAIFCAN;2;1.8.1989;2;0
VESIA;12;3.3.1963;0;12
NESAL;5;13.7.1956;3;2
F.GULUMSER;1;16.11.1959;0;1
CORAL;2;18.9.1963;1;1
GOKTU;5;7.12.1983;4;1
FILDAL;4;18.11.1966;0;4
EBREN;4;22.12.1979;2;2
AFEL;8;26.5.1967;4;4
MEKSELINE;2;12.7.1961;0;2
FATIHMURAT;1;4.3.1959;1;0
TUNCIYE;5;4.8.1966;0;5
GUZEYIN;12;16.12.1961;1;11
KANTURA;4;28.10.1946;0;4
DESTAMI;1;22.5.1973;1;0
GUREYYA;1;22.6.1985;0;1
NURGIHAN;6;26.4.1982;0;6
HOSNE;260;13.8.1955;0;260
MUHBIL;6;11.4.1968;6;0
DILAVET;1;1.10.1979;1;0
HUNDI;1;24.3.1974;0;1
ISANUR;3;26.9.1969;1;2
HUZUFE;11;14.10.1967;3;8
SUENDEN;1;12.2.1965;0;1
EZADE;4;5.3.1963;0;4
EZKA;2;12.5.1986;1;1
TAYSEL;3;18.4.1974;0;3
NUGRA;1;5.10.1983;0;1
HANGAZI;1;2.2.1951;1;0
MAVRUDIYE;1;2.10.1963;0;1
MIRIALEM;1;9.5.1958;1;0
HAYRINNUR;1;6.5.1927;0;1
FELA;3;30.1.1975;0;3
KONCIFER;1;28.4.1962;0;1
SEDERETTIN;1;3.7.1982;1;0
VEHEP;5;5.11.1955;5;0
H.ALPER;1;28.9.1979;1;0
SERGENDA;1;4.11.1976;1;0
LULE;16;3.7.1969;0;16
MAPGULE;2;7.9.1963;0;2
ESSEF;1;21.2.1958;1;0
FETTUME;2;2.2.1951;0;2
BEHTISEN;1;18.8.1965;0;1
APDULHALIM;1;22.4.1967;1;0
GULEMIS;2;15.9.1969;0;2
SERTUNC;23;6.12.1979;23;0
SETTA;4;17.8.1955;0;4
KUTFEDI;1;22.2.1967;1;0
UGE;6;29.9.1961;0;6
ELCIL;4;8.5.1985;0;4
AYDIYER;1;30.3.1957;0;1
GURBUZALI;1;16.5.1960;1;0
REHAVET;2;4.6.1949;0;2
HAYTE;1;27.12.1962;0;1
KAMALYA;2;19.11.1971;0;2
SENDIF;10;29.12.1960;10;0
KANEL;2;11.10.1982;2;0
VADDUHA;1;7.2.1964;0;1
AYSERDER;1;22.2.1961;0;1
DUNYAZET;3;13.3.1948;0;3
ANTEBIYE;1;10.4.1964;0;1
URUFNAZ;1;9.9.1952;0;1
NURULAH;10;28.10.1981;10;0
SEBAHIR;21;19.5.1964;2;19
YOYLU;1;1.1.1958;1;0
ZEMBIL;2;1.10.1981;0;2
YALGIN;14;25.2.1966;9;5
MENDEM;3;17.7.1969;3;0
MIKAIR;1;27.2.1968;1;0
GURBUZHAN;2;17.8.1976;2;0
CANSURER;1;17.8.1983;0;1
ISIKAY;5;29.5.1964;0;5
ESERAY;3;12.11.1978;0;3
ESMARAY;13;25.1.1979;0;13
MUDABI;1;27.8.1980;1;0
HANCEL;1;1.3.1956;0;1
TEKIR;3;3.12.1956;3;0
ZERUG;65;30.7.1971;0;65
RAFEL;2;6.3.1975;1;1
MIYYASE;8;5.3.1946;0;8
MAHADE;1;1.11.1948;0;1
NEVINDAL;1;9.10.1973;0;1
NEYGUL;2;17.2.1975;0;2
VEDAIR;1;5.2.1991;1;0
AFEET;1;26.1.1980;0;1
ZURGARNE;1;16.11.1964;1;0
RAIL;7;2.6.1966;2;5
SAFKI;11;13.9.1967;11;0
GULEYSER;8;19.5.1965;0;8
MERZUHAN;2;16.10.977;0;2
SERCAIL;1;7.12.1952;1;0
METAP;7;16.10.1979;0;7
SEHRAZAR;1;24.2.1985;0;1
SENDUH;4;6.12.1978;3;1
BRIEGE;1;11.12.1983;0;1
DAMRAH;1;21.12.1990;1;0
MUBELLA;5;12.11.1962;0;5
CUDE;9;29.8.1953;2;7
EMRAG;3;27.5.1976;2;1
MABRIKE;1;19.3.1945;0;1
BERGAN;3;12.1.1967;2;1
ERNEGI;1;17.4.1960;1;0
FATIKE;49;21.7.1956;0;49
MUTDAMIL;1;27.2.1956;1;0
SEKERPARE;2;10.9.1955;0;2
VEDAG;1;9.12.1980;0;1
UMUSELAM;1;17.5.1980;0;1
DURKAL;16;7.2.1962;13;3
SEYFILLAH;1;29.3.1950;1;0
KAVIMET;1;27.4.1956;0;1
UMULCAN;1;26.5.1982;0;1
SERENALI;1;13.12.1981;1;0
DEMSUR;10;19.7.1966;9;1
MIMIS;7;22.12.1961;0;7
MELLIK;1;21.5.1971;0;1
KOSEMEN;2;2.2.1933;0;2
MUZIDE;30;7.5.1959;0;30
HAVAN;4;1.11.1973;1;3
NEVCUHAN;3;6.5.1964;0;3
SAMUK;2;21.3.1973;2;0
ZEHEDE;1;13.4.1957;0;1
SELAVAT;9;26.8.1962;5;4
HILIMAGA;1;12.8.1923;1;0
ISLAMHAN;6;29.3.1984;6;0
SELVRE;1;7.5.1964;0;1
UMUSUM;4;11.7.1945;0;4
USTUNCE;1;27.2.1962;0;1
DAG;8;18.4.1962;8;0
YAGSAMET;1;16.6.1983;1;0
BAHTIVAR;1;8.9.1952;0;1
ZURHAN;7;21.3.1966;2;5
GULSEF;11;8.4.1968;0;11
FEHNUR;13;20.4.1969;1;12
MUDAFAA;1;3.5.1961;1;0
HASANAGA;2;10.8.1950;2;0
RECALIM;1;22.3.1967;1;0
MAHZEN;5;26.6.1945;4;1
MAVYA;2;26.11.1968;0;2
NESALET;5;7.9.1967;0;5
PANPAL;20;1.5.1952;0;20
PERZIHAN;8;30.3.1964;0;8
DURDUHANE;10;2.8.1962;0;10
BOZTAMI;1;17.2.1978;1;0
NIYABET;2;6.2.1974;1;1
NAZILYA;2;1.6.1957;0;2
BULGUZAR;1;2.3.1963;0;1
RAHIP;9;7.2.1973;9;0
ERKANLI;1;16.11.1970;1;0
RUHSARE;12;19.9.1962;0;12
TECEATTIN;1;20.12.1978;1;0
ENNE;3;22.5.1958;0;3
FIGIRAN;1;1.10.1978;0;1
LULUS;1;19.2.1978;0;1
MUHUBBER;1;17.2.1960;0;1
SARIYYE;1;22.12.1991;0;1
VESEVDE;3;1.12.1945;0;3
BAYKUR;16;12.4.1970;16;0
OZUCAN;1;4.6.1942;0;1
DEFILE;3;28.1.1979;0;3
MEYAH;13;6.3.1967;0;13
NUHRAMAZAN;1;1.9.1988;1;0
MENDUNE;4;28.5.1958;0;4
SERCIVAN;27;9.8.1971;3;24
NUVARAN;2;8.12.1976;2;0
NIGMEN;2;8.3.1963;2;0
DURDANA;21;27.4.1967;0;21
HEVVI;4;5.7.1956;0;4
ABDULMUTALIM;3;16.7.1968;3;0
SERTTAS;4;8.5.1975;4;0
ANIZ;2;17.5.1980;1;1
EBILHIDA;1;22.11.1943;1;0
MUJDELEN;15;16.11.1963;0;15
ZULKUFIL;61;2.8.1946;61;0
MUNURUYE;8;11.3.1969;0;8
H.ABDIL;1;12.2.1953;1;0
SAHSEL;12;30.12.1967;1;11
NAZHIME;1;17.8.1930;0;1
CEZAMIR;1;1.10.1955;1;0
ULEYHA;2;20.3.1961;0;2
SULUFEYLA;1;27.7.1962;0;1
AMIS;22;27.4.1942;20;2
ABES;3;4.11.1967;3;0
NUFISE;3;11.10.1964;0;3
RUFKUYE;1;11.6.1970;0;1
ISMIKAN;11;21.2.1974;0;11
MECBUREH;1;16.8.1971;0;1
DEDEAGA;6;23.3.1949;6;0
BUFARI;1;22.3.1973;1;0
OZAYIR;5;14.4.1975;5;0
MEHRIL;1;23.5.1967;0;1
ORFU;12;28.10.1963;12;0
EBES;5;26.9.1962;5;0
MENDIF;1;11.1.1963;1;0
KIYASETDIN;3;9.3.1976;3;0
MUSUREF;1;29.1.1985;1;0
GOYSEN;1;2.2.1981;0;1
GULYESEMEN;8;30.8.1959;0;8
SADIBEZ;1;15.6.1948;0;1
NURSABA;5;19.2.1974;0;5
KUDSAL;4;1.3.1964;4;0
EKRAMIN;2;14.9.1965;2;0
ABDULRIYAK;1;18.5.1947;1;0
RAGIBIYE;1;27.5.1974;0;1
GULSURE;3;12.12.1961;0;3
CUHUYE;1;11.6.1944;0;1
GUNIYAZ;2;2.11.1971;0;2
FERDAHA;3;5.7.1977;0;3
MEVDA;4;8.8.1976;0;4
MASIN;4;20.12.1968;3;1
SEMMALI;1;17.8.1930;1;0
GULTAHRI;1;13.11.1955;0;1
MUKAFFEL;1;2.3.1965;1;0
HAMADI;20;27.2.1961;20;0
YAZYE;4;19.4.1976;0;4
UNSILE;2;17.6.1960;0;2
IREB;9;21.1.1967;0;9
LAHIZE;3;10.12.1957;0;3
NUJDET;2;19.11.1972;1;1
ELHAC;1;27.8.1926;1;0
ADVITTIN;1;12.8.1941;1;0
DOLKAN;7;20.2.1985;6;1
BEYRUT;3;9.9.1975;2;1
KIZAL;3;14.9.1962;0;3
ERSONMEZ;3;12.3.1970;3;0
ABDULKUDDIS;1;22.1.1991;1;0
YABARI;1;11.3.1986;1;0
ILAHIME;1;22.3.1967;0;1
M.SAYIT;3;6.4.1974;3;0
RABIHAN;39;2.11.1964;0;39
FURMA;18;30.2.1966;0;18
SEFALETTIN;14;29.5.1965;14;0
BEHDET;1;17.2.1966;0;1
AHMETZEKI;3;2.12.1962;3;0
CINIBEKIR;1;17.10.1955;1;0
HAMZALI;18;29.5.1956;18;0
EBRAIL;2;10.9.1964;2;0
ZULVIYA;1;24.1.1983;0;1
YABARIK;1;11.4.1987;1;0
UMMUSIN;10;21.12.1962;0;10
MUNHERIYE;1;21.5.1965;0;1
NIFIDE;13;3.11.1968;0;13
SIDALET;1;12.2.1947;0;1
ESAFETTIN;4;4.8.1953;4;0
NUZIHE;1;17.1.1928;0;1
TURSIN;6;25.12.1944;1;5
UMMUKUSUN;2;7.9.1942;0;2
TURHANE;5;9.12.1948;0;5
DURANE;15;9.5.1949;0;15
ZILFUKAR;4;16.4.1969;4;0
BOBUS;24;8.1.1957;24;0
NESLINAZ;3;23.6.1966;0;3
KAMERIYYE;1;21.4.1944;0;1
DUNNAMIL;1;1.2.1954;1;0
AHMETHIDAYETULLAH;1;1.3.1925;1;0
EMRARE;1;11.6.1990;0;1
SAHSIBEN;1;4.5.1943;0;1
MULUVER;1;2.12.1969;0;1
ELBIDE;4;25.8.1954;1;3
CENGIZTOPEL;3;12.10.1969;3;0
TAREN;1;22.8.1937;0;1
GULENBI;1;16.2.1957;0;1
NUSABIYE;3;8.2.1962;0;3
MELEL;2;4.9.1969;0;2
SEZEGEN;1;12.12.1965;1;0
DOYDU;3;22.1.1951;0;3
TURRUL;1;2.2.1987;1;0
AMDERAS;1;20.11.1983;1;0
GUNNARI;12;6.8.1962;0;12
HASISE;5;2.6.1971;0;5
ENGIL;5;1.11.1973;4;1
MAVIZE;20;27.2.1953;0;20
CELVER;1;26.4.1965;0;1
BABUS;12;20.12.1962;12;0
HURUCES;2;18.10.1959;0;2
NUIBE;1;17.3.1972;0;1
SALIMIYE;4;12.9.1964;0;4
SURAFIYE;1;22.2.1961;0;1
MEHLI;18;15.6.1963;11;7
SEFEIHA;1;3.4.1955;0;1
ZEMBILE;4;14.6.1964;0;4
HUTFIYE;2;7.9.1970;0;2
NUSHAL;1;8.6.1974;0;1
NAMIT;1;21.7.1969;1;0
HAPKA;125;24.9.1951;0;125
NILHAL;1;8.2.1981;0;1
RETIBE;253;22.8.1959;0;253
YUREN;1;16.8.1940;0;1
GULFURUZ;17;10.10.1962;0;17
LIDAL;1;6.8.1984;1;0
MIHRIBEN;1;27.2.1968;0;1
YILGOREN;13;4.3.1958;10;3
GUNILLA;1;14.12.1981;0;1
NERKIZET;1;24.4.1949;0;1
GOKYUZ;2;7.10.1988;1;1
GULICEN;1;28.1.1985;0;1
NEDIR;14;5.10.1962;13;1
SEYBEN;1;14.3.1973;0;1
KEFA;50;27.9.1960;0;50
HURSELAHATTIN;1;8.6.1959;1;0
SAHDIRIM;1;13.1.1981;0;1
ARTI;1;4.8.1977;1;0
SIHIRNAZ;5;19.12.1964;0;5
FEYRUS;5;11.9.1966;3;2
DEPREM;12;5.1.1974;8;4
MO;1;16.11.1975;0;1
IMHAL;10;15.4.1961;0;10
NAHINAR;1;2.2.1957;0;1
SONSUNA;2;21.11.1965;0;2
DANYEN;2;3.12.1963;2;0
BAYRE;7;16.6.1971;0;7
MAHPERIN;4;25.8.1973;0;4
CUMALIM;1;28.1.1991;1;0
LINDAHAN;1;19.12.1987;0;1
LORAY;2;27.7.1977;0;2
UZAN;8;28.1.1980;7;1
VERIHAN;3;3.2.1975;0;3
BAYIRGULU;1;1.4.1973;0;1
VEYLAN;2;24.8.1985;0;2
DANYAN;5;7.10.1966;5;0
HASNURI;1;7.3.1964;1;0
NURULHEDA;14;16.1.1962;0;14
TACINAZ;1;21.7.1947;0;1
SENCIL;1;5.2.1969;0;1
HICABIMENRES;1;11.8.1955;1;0
ISRE;2;12.7.1975;0;2
NADIMET;2;18.12.1968;0;2
KEVKEF;3;24.6.1945;0;3
MEHBEKE;1;17.2.1948;0;1
ABDULNABI;2;8.9.1956;2;0
CEVHIRE;2;24.11.1943;0;2
SADIP;3;7.12.1968;3;0
AZIN;4;9.12.1964;3;1
BIRHEN;2;30.1.1972;2;0
HOZAT;1;30.11.1950;0;1
IGNEL;2;15.6.1955;1;1
BINET;3;29.12.1971;2;1
ABDULFAIK;3;17.4.1951;3;0
MENYET;2;29.12.1944;1;1
ILMITTIN;66;13.5.1961;66;0
ESRAYIM;1;2.2.1945;0;1
HAYIFI;1;18.6.1967;0;1
CEFAIRE;8;22.1.1957;0;8
RAHIF;11;18.11.1961;11;0
NEHICAN;1;1.2.1934;0;1
ACARNAZ;1;10.5.1939;0;1
HAYBET;9;19.7.1970;1;8
MAGFIYE;2;22.5.1964;0;2
NAKSIDE;4;29.2.1980;0;4
MUVVAFFAK;2;15.8.1966;2;0
MIKAHIL;13;21.7.1968;13;0
ABDURRAYIF;1;25.6.1971;1;0
EMIRSEN;1;12.2.1965;0;1
PURNAZ;4;27.3.1957;0;4
HICLA;4;9.12.1967;0;4
FESUL;30;25.2.1964;0;30
CUZELLA;2;26.11.1972;0;2
E.CENNET;1;2.4.1933;0;1
CEMAZEN;1;26.2.1958;0;1
SUNAFEL;1;4.5.1953;0;1
NURSINA;6;22.5.1974;0;6
IZAT;2;26.5.1968;1;1
HUSEYRE;1;10.2.1969;0;1
GECO;1;17.2.1978;0;1
MEKBARI;1;7.5.1952;0;1
GOVSAL;2;30.7.1966;1;1
MUHIME;10;11.1.1963;0;10
SAHUT;46;10.3.1955;46;0
BEYIZE;10;13.12.1947;0;10
TERCA;1;21.11.1963;0;1
SEBAVER;1;7.2.1952;0;1
SAYIL;50;10.1.1968;37;13
BEZMIALEM;8;16.6.1965;0;8
SABITCAN;3;16.12.1966;3;0
BERNUR;18;30.9.1976;0;18
SUBELGIN;1;24.5.1977;0;1
PEYIME;2;21.9.1972;0;2
FILIZKAR;1;17.8.1930;0;1
CUMAZEN;3;14.6.1957;0;3
SULIN;29;19.9.1965;0;29
INANET;3;24.5.1942;2;1
SANUBER;6;3.9.1945;0;6
MUBEC;1;7.2.1964;0;1
OMRUME;2;18.3.1970;2;0
HAKANHAN;1;27.7.1974;1;0
EZMINE;6;19.4.1969;0;6
HAZIRETI;1;20.2.1978;1;0
NIRREM;1;3.11.1984;0;1
CEYDABETUL;1;17.3.1983;0;1
NURCET;4;14.6.1952;3;1
PURLEN;30;29.1.1975;0;30
MEYRIMAN;2;6.8.1957;0;2
SEHSAMIL;5;14.1.1977;5;0
SUBEYNE;1;16.3.1965;0;1
BAGNAZ;1;12.10.1978;0;1
AKLUME;1;6.8.1984;0;1
SEVKINUR;6;21.7.1635;1;5
SERIFULLAH;1;17.8.1936;1;0
ISBINAZ;4;13.8.1966;0;4
MUREYE;1;27.8.1926;0;1
HAMDIDE;1;24.5.1936;0;1
SAFRAN;10;15.6.1974;6;4
RUHSINE;1;2.3.1957;0;1
SUHMUS;1;13.2.1945;1;0
BEHRINUR;1;27.2.1980;0;1
SUURIYE;2;11.5.1981;0;2
LELLEMINE;1;27.3.1944;0;1
UTLIYE;1;10.4.1937;0;1
EMELHAN;2;27.5.1944;0;2
KADIMAN;1;27.8.1926;0;1
TANGUNER;4;13.8.1961;0;4
FILIN;5;24.11.1964;0;5
HAKVEREN;1;27.2.1956;1;0
BEBIL;1;11.11.1981;1;0
MEVHARET;6;30.2.1961;0;6
GULHAMIN;2;25.11.1953;1;1
FERIYAL;53;30.5.1959;0;53
OZBANU;2;25.12.1975;0;2
NUSAT;2;17.4.1968;1;1
KORGIN;1;17.7.1978;1;0
FEYZIDDIN;1;13.12.1988;1;0
SINAFIYE;6;3.9.1947;0;6
AYSINNE;1;28.3.1975;0;1
OSAN;12;23.7.1964;7;5
FARUS;2;28.9.1968;2;0
MAKSUNU;2;9.7.1974;2;0
MEVKARE;1;17.2.1972;0;1
FETEHNE;13;25.5.1963;0;13
TASIDER;1;23.2.1965;0;1
SUFELYA;2;4.3.1981;0;2
ERGAHAN;1;2.2.1957;0;1
BERINAY;4;21.4.1970;0;4
BEMRA;2;26.4.1981;0;2
SOREL;8;23.1.1981;6;2
BAYRAMCAN;3;27.9.1979;3;0
ORDUSAN;4;14.12.1974;3;1
HAMADDIN;1;2.2.1951;1;0
ILAYGA;2;21.12.1978;0;2
FIDENUR;1;18.3.1972;0;1
MIVER;2;14.10.1953;0;2
BELBINAZ;1;1.2.1958;0;1
YAHSI;20;2.8.1954;14;6
MEHRALAY;1;8.6.1943;0;1
NECNUR;5;20.9.1968;1;4
SEBADTIN;3;10.8.1957;3;0
SUMANYA;2;5.4.1985;0;2
KUSEM;1;12.10.1990;1;0
NUSRETCAN;2;14.10.1991;2;0
GULTURAY;1;15.7.1979;1;0
RUHSI;1;6.2.1971;1;0
ABDULHASIB;1;30.9.1982;1;0
GUCAN;6;5.5.1977;0;6
INGIN;3;8.8.1971;3;0
ZULBEY;3;23.9.1960;3;0
VEJDIYE;24;14.10.1968;0;24
NURVEREN;7;30.3.1970;2;5
LOVIZE;2;11.11.1969;0;2
SERRAY;1;20.8.1977;0;1
BETILAY;3;23.2.1973;0;3
DULEY;1;16.3.1961;0;1
LISANE;4;9.4.1956;0;4
HUMANUR;5;9.5.1982;0;5
MADUDE;4;28.11.1960;0;4
VURALER;1;27.3.1938;1;0
BELCE;25;7.9.1987;0;25
BERGU;3;10.6.1969;1;2
SENGUNAL;1;16.6.1961;0;1
NURPETEK;1;27.12.1984;0;1
OZTOPRAK;1;6.3.1943;1;0
BEHAN;41;17.2.1959;3;38
SUHRAL;1;28.4.1950;1;0
GOKTEAY;1;14.12.1978;1;0
SEVEDE;1;1.5.1966;0;1
BEYSUNI;1;1.2.1977;1;0
CEYRO;1;23.5.1977;0;1
GAYGUSUZ;5;7.6.1972;5;0
GOZER;3;29.10.1952;1;2
FILISTAN;4;29.12.1952;1;3
USTUNEL;6;24.3.1965;4;2
ILKERHAN;4;8.3.1980;3;1
RAMHIYE;1;16.3.1962;0;1
ESKO;7;18.6.1954;0;7
INTIHAM;5;12.6.1968;2;3
MERBUKE;1;28.2.1956;0;1
EVRASIM;1;24.7.1972;1;0
HAPBE;3;24.6.1950;0;3
BAHTIYARGUL;1;30.5.1973;0;1
HUSAYET;1;21.6.1982;1;0
GUCCUK;3;1.5.1946;2;1
NUHUL;2;30.3.1951;2;0
BAZIRGEN;1;8.1.1970;1;0
ZULUHAN;9;26.7.1960;0;9
CANOGLU;1;2.2.1969;1;0
UMMUKELTUM;1;12.2.1953;0;1
ALLIS;8;10.4.1965;8;0
ERLEVENT;6;15.6.1963;6;0
USDAT;6;24.2.1965;6;0
AYANA;9;14.5.1965;0;9
SELMAMIS;3;2.8.1968;0;3
OFLAS;1;14.3.1935;1;0
MEYMINE;22;13.1.1962;0;22
SEVKILE;2;13.2.1968;0;2
REYHANCAN;1;23.9.1982;0;1
ACIYEP;1;2.8.1933;0;1
AYKENDAM;1;7.2.1964;0;1
TEFE;1;26.9.1936;0;1
CASIRE;1;21.5.1966;0;1
SANUMA;1;7.5.1945;0;1
ARSELEN;1;17.2.1978;0;1
HALEFI;3;3.4.1960;3;0
GULYAGCA;1;12.2.1953;0;1
NEMRIN;1;5.4.1957;0;1
ERGONUL;6;15.3.1954;5;1
MUBURYA;1;6.2.1969;0;1
SEHRIBER;2;25.5.1966;0;2
AYTUM;4;20.10.1981;0;4
NEVRAY;4;16.11.1973;0;4
HUMUS;7;19.9.1951;0;7
SELMAZ;1;6.12.1968;0;1
LOZE;9;9.11.1947;0;9
NIGME;10;26.10.1955;0;10
ZORLUKAN;11;18.7.1967;11;0
NEVAI;1;9.7.1991;0;1
TULBIYE;5;2.7.1968;0;5
ALIHEN;1;6.4.1974;0;1
DARACI;1;7.2.1958;1;0
ILAYET;7;2.7.1982;4;3
MEZUKE;3;10.7.1965;0;3
TAFE;1;12.8.1935;0;1
GULFADIMA;1;2.2.1969;0;1
HURRET;1;21.1.1972;1;0
GULEZEN;4;19.5.1963;0;4
ERSEZ;3;28.4.1958;3;0
EFANI;3;26.4.1977;1;2
ZULAFI;2;12.2.1969;0;2
MIHEL;2;8.12.1978;0;2
KAYSIYE;3;4.9.1975;0;3
GUTTUSU;7;13.1.1958;7;0
SEYIN;8;15.3.1960;4;4
FATILA;1;17.2.1954;0;1
MUCAFET;7;5.11.1954;6;1
ADADET;1;27.5.1981;0;1
UMMUSI;6;19.8.1960;0;6
TESKINE;1;18.2.1965;0;1
BULENDEN;1;2.2.1969;0;1
SUHABE;1;30.9.1991;0;1
NESUDE;12;15.11.1961;0;12
NECAHI;4;22.9.1956;4;0
UNLEN;3;16.4.1969;2;1
ISLAMIN;1;11.2.1981;1;0
MIYIL;1;6.5.1968;0;1
AYFEREN;3;16.10.1966;0;3
CERRO;1;27.2.1986;0;1
ZEDET;15;24.11.1964;0;15
AVAN;3;10.3.1970;2;1
EHIDE;1;9.3.1940;0;1
NIMETTIN;6;23.7.1965;6;0
NENEOGLU;1;26.5.1959;1;0
SUFEYRE;1;22.2.1961;0;1
OMRUMIYE;7;17.2.1971;7;0
NUKLUER;1;11.1.1961;0;1
GURSET;9;10.7.1972;8;1
KIRAMEN;10;30.7.1973;10;0
GULBIYAS;1;19.3.1976;0;1
TEBERDAL;1;12.4.1971;1;0
MEKSENNE;1;2.2.1951;1;0
NURSEDEN;2;17.8.1979;0;2
NASPIYE;1;11.5.1968;0;1
TANGULER;3;1.9.1970;0;3
BALIDE;1;22.2.1973;0;1
ESHABILKEF;1;2.8.1927;1;0
SUHUNET;2;5.9.1968;0;2
SABITAY;2;2.11.1964;2;0
HANIZ;2;6.1.1987;1;1
TUGSEV;2;19.11.1959;1;1
MIZRAB;7;17.8.1960;7;0
BEHDI;6;9.5.1970;6;0
DASAR;3;28.3.1963;3;0
IRAHIL;3;18.7.1957;0;3
EBIHAN;2;28.2.1957;0;2
SITIGA;2;24.4.1959;0;2
LOKMANHAN;1;3.3.1982;1;0
AHIYET;2;24.12.1983;2;0
GULTEKIR;2;18.6.1974;1;1
URUKYA;7;20.3.1958;0;7
SAVZAT;1;22.9.1973;0;1
SEHMAZ;3;2.8.1967;0;3
MERHIBAT;1;12.8.1935;0;1
ABDUMKERIM;1;29.6.1987;1;0
SIRINDONE;3;7.5.1968;0;3
DURGAL;14;19.1.1965;12;2
FAZILIYE;4;15.5.1961;0;4
SANINE;2;18.2.1986;0;2
SENGOZ;5;6.9.1945;1;4
ZIFAL;2;22.5.1969;0;2
HALDEN;12;13.10.1972;4;8
NECEMETTIN;2;13.1.1968;2;0
MUHECCEL;6;4.10.1960;0;6
UKBAT;1;17.4.1972;1;0
ELSUN;7;20.4.1980;0;7
SAVAR;8;8.4.1957;1;7
IREBIYA;1;12.3.1957;0;1
ABDULHALID;1;17.3.1972;1;0
FADVA;4;10.8.1957;0;4
FEHMITTIN;1;21.7.1988;1;0
DARANI;2;8.8.1977;1;1
UMMUREYHANE;1;15.4.1989;0;1
RAUC;1;7.12.1968;1;0
ULSUM;1;27.2.1974;0;1
OMRUMIYYE;4;7.4.1962;4;0
NURNEVIN;1;17.2.1966;0;1
ILKNURAY;5;18.10.1981;0;5
SEMBIL;3;7.1.1973;1;2
KUTAL;17;8.1.1975;16;1
GUNEYYA;2;30.1.1971;0;2
SILAGUL;2;10.9.1988;0;2
RAVDA;42;23.1.1968;1;41
CANSIT;1;21.5.1970;1;0
SABEHATTIN;6;28.7.1636;6;0
EGANE;5;5.5.1977;0;5
RUKSAT;5;25.11.1950;0;5
ZIBIDIYE;1;22.2.1955;0;1
SEBAATDIN;4;10.8.1964;4;0
DALLOKAY;1;29.1.1980;1;0
ADINBANU;1;19.7.1989;0;1
KAYGUSUZ;27;17.5.1974;27;0
NEFTUNE;5;17.3.1975;0;5
NUHRUHER;1;2.11.1969;0;1
FETTAHNA;2;9.11.1957;0;2
DOGAL;25;15.12.1981;20;5
NERAMIN;1;2.3.1957;1;0
PEMPERUS;1;16.2.1946;0;1
MENZILIYE;1;27.11.1974;0;1
BAYINDIR;12;6.6.1967;12;0
MENDURE;4;5.5.1953;0;4
FEHTULLAH;3;12.10.1978;3;0
YAZGAN;22;14.4.1986;19;3
GULSURUYE;1;17.2.1960;0;1
ZEYT;10;13.3.1978;10;0
DOVLETEN;1;17.12.1960;0;1
GARIBEN;2;28.6.1974;1;1
SEZAIYE;10;15.8.1947;0;10
FAGRUK;2;14.5.1974;2;0
ELIGSA;1;7.3.1988;0;1
ERFAYIK;1;5.5.1981;1;0
ZULKARIN;8;28.5.1969;8;0
EMRUMEYYA;3;26.11.1968;3;0
ABDIKADIR;5;24.4.1958;5;0
BETULLAH;12;21.2.1974;12;0
COLO;11;23.6.1949;11;0
ESBABIL;1;26.9.1960;1;0
TURKAL;3;26.5.1963;1;2
SEYDIKAN;1;21.3.1982;1;0
DAHAR;19;23.9.1964;19;0
M.BURHANETTIN;1;12.8.1929;1;0
CEYHUNERUKAN;1;26.3.1988;1;0
SEFALE;3;12.4.1966;0;3
UMEYDE;16;13.8.1958;0;16
UMAHANI;15;9.12.1959;0;15
NURILA;4;8.7.1961;0;4
CANSARA;2;18.7.1961;0;2
MEFRUKE;2;8.2.1967;0;2
MININE;1;10.5.1958;0;1
ZILFEN;1;27.12.1972;0;1
YURDAHAN;17;8.9.1971;11;6
ATAKOLU;1;28.9.1987;1;0
MUBARIYE;11;22.8.1957;0;11
GULSADETTIN;1;29.7.1956;0;1
BESERIYE;27;9.6.1964;0;27
SEVSAN;5;10.7.1962;0;5
UMMUHANA;4;14.1.1947;0;4
SEKIBAT;1;16.12.1974;0;1
ARZIYA;4;5.1.1944;0;4
VIRGI;1;2.9.1975;1;0
SAHIDETTIN;1;12.5.1965;1;0
NUHCAN;21;7.12.1977;21;0
FEREMUS;6;8.8.1970;6;0
SUVADI;1;5.5.1975;0;1
ERLEN;1;22.4.1967;1;0
SEBIAT;16;14.7.1958;0;16
MIMTAS;6;15.6.1966;6;0
MAKIZE;4;17.3.1965;0;4
SACER;5;6.3.1967;0;5
GULFIKA;5;19.5.1954;0;5
BEHAUTTIN;1;2.5.1946;1;0
MUNISHAN;1;4.1.1969;1;0
SEYIRE;5;7.3.1968;0;5
MEZMURIYE;6;13.2.1956;0;6
BAKSIN;2;30.5.1972;1;1
HASCEN;1;9.10.1982;0;1
KERZIMEN;3;3.2.1956;0;3
TUHIDE;1;2.1.1969;0;1
TAHIRIYE;10;12.10.1954;0;10
SAGBIL;3;10.8.1970;3;0
RUGUBE;2;15.11.1955;0;2
HURUDE;8;4.10.1965;0;8
DULKADIN;9;8.1.1942;0;9
GUTDUS;1;30.10.1953;1;0
MUHATDIS;2;23.9.1941;0;2
KIYMA;28;1.9.1952;20;8
MUHITTINI;1;21.8.1929;1;0
SULKIYE;13;7.4.1963;0;13
FELEZ;1;27.5.1968;0;1
HUSEYINE;1;27.7.1973;0;1
CESUN;3;21.12.1976;3;0
BUGUR;3;17.12.1961;2;1
HAYFI;8;24.1.1961;7;1
MERMAN;3;28.6.1961;0;3
IMLIHA;2;20.10.1942;1;1
ESERCE;1;28.4.1956;0;1
MUHADAT;1;7.8.1934;1;0
AYHILAL;1;13.4.1986;0;1
MUNINE;11;29.12.1959;0;11
HUYLU;1;2.3.1940;1;0
ZULEYNA;1;11.2.1980;0;1
NUNI;2;4.6.1939;0;2
ACEVIT;1;27.2.1956;1;0
SEHRANEGUL;1;5.6.1982;0;1
TAYER;6;25.7.1974;6;0
KARIB;5;26.4.1957;5;0
GULHAKAN;1;7.2.1964;0;1
ATLAY;2;12.11.1962;2;0
ARIZI;3;21.4.1961;0;3
METUSLAH;1;21.10.1982;1;0
EFRAS;4;11.1.1935;0;4
SAYTI;1;2.2.1963;0;1
NEVIBE;6;26.12.1965;0;6
BELGINAZ;1;12.9.1989;0;1
KADIRAY;5;3.9.1989;3;2
MUHARREBE;1;12.8.1923;1;0
NEFHIZ;2;13.6.1953;0;2
USTAT;12;22.9.1965;12;0
EFILER;5;18.1.1978;0;5
SEVIYZA;1;17.2.1960;0;1
MUSTENIZE;1;27.5.1949;0;1
ISMETPASA;1;12.10.1971;1;0
FESIDA;3;26.11.1983;0;3
MUKATER;1;17.1.1972;1;0
MESAHAT;6;4.1.1951;0;6
BESTANE;2;21.8.1974;2;0
VECIDIYE;11;27.3.1960;0;11
MIRBANI;2;25.11.1942;0;2
SELMEHA;2;16.12.1968;0;2
HUSAMMETTIN;13;8.1.1968;13;0
MENEKSEN;4;16.10.1969;0;4
GUYFER;1;2.3.1957;0;1
FAYIZA;10;18.1.1959;0;10
ERTEL;2;4.1.1970;1;1
ABBASIYE;11;6.10.1961;0;11
ABDUNNAIM;1;29.7.1942;1;0
RAHMIZ;2;15.6.1958;1;1
MEHADAT;1;23.3.1959;0;1
SELGINAZ;2;9.3.1969;0;2
KUDIS;2;12.6.1965;2;0
ZUYNE;1;8.3.1966;0;1
SENDI;26;19.9.1983;3;23
RANIM;2;1.1.1988;1;1
NURDANU;1;15.3.1985;0;1
FUZULET;2;29.8.1979;0;2
MAKBULEN;1;4.2.1963;0;1
CERCUS;4;1.9.1968;4;0
MECBUNE;1;23.3.1967;0;1
MUNTAZEN;1;11.6.1961;0;1
UHIDE;1;17.9.1972;0;1
NIRIMAN;9;21.11.1960;0;9
BEDIREN;5;21.3.1955;5;0
OSMAL;2;17.10.1954;2;0
SEMRAYIL;3;14.4.1961;0;3
ERTUGRULEFE;1;11.1.1963;1;0
FAHRULISLAM;1;11.12.1966;1;0
SUVAVI;7;13.4.1975;7;0
NURILBENET;1;2.8.1915;0;1
BESTELI;2;18.4.1961;1;1
SULEYMANU;1;23.10.1983;1;0
GATIRIYE;1;19.6.1958;0;1
MUSANNIF;4;24.11.1948;4;0
IMARET;5;27.5.1958;1;4
NECASI;3;10.11.1965;3;0
NEDIHAT;6;21.4.1950;0;6
BURGE;69;2.8.1981;7;62
BEGZO;2;3.6.1956;2;0
NERCAN;34;20.6.1974;9;25
DEMMEN;1;24.6.1985;1;0
VAHIDET;26;15.4.1966;0;26
KINDI;3;4.8.1931;0;3
AYNIZELHA;16;8.8.1967;0;16
SIGLETIF;1;2.8.1969;1;0
RESSUL;16;27.3.1988;16;0
ABDULAVNI;1;4.1.1971;1;0
ELEMSE;2;29.3.1956;0;2
GOLDENUR;1;28.11.1949;0;1
AGET;2;17.1.1967;0;2
BILMAZ;2;11.7.1962;0;2
GEZEL;3;12.3.1971;1;2
ZULAYI;1;4.5.1961;0;1
REMIL;2;3.2.1971;1;1
SIRIYA;6;24.11.1973;0;6
KIYSEL;1;12.2.1971;0;1
UYKIRAN;1;30.6.1950;0;1
FEVZIHAN;9;30.11.1976;6;3
TOYFIDE;1;8.9.1950;0;1
ATIYLE;5;5.4.1962;1;4
YANARAY;8;26.8.1966;3;5
AYPUR;1;28.10.1974;0;1
EHTER;1;1.9.1978;0;1
SERME;5;20.1.1961;0;5
ZEYNEPBUZ;1;24.10.1984;0;1
MEFAR;11;30.8.1974;7;4
HULAKI;10;20.1.1967;10;0
ALPMUTLU;1;28.8.1979;1;0
HURRE;5;17.2.1963;5;0
BESUN;2;9.11.1970;0;2
ZEKAN;5;19.9.1971;4;1
FELAKETTIN;1;16.3.1975;1;0
DEMSEGUL;1;4.3.1957;0;1
KADERULLAH;2;2.2.1977;2;0
GULSEHRE;2;30.1.1948;0;2
ZAHIDDIN;36;28.10.1976;36;0
KUTSAV;1;3.9.1989;1;0
NUT;4;18.4.1970;4;0
ASAFIL;1;6.4.1961;1;0
ZURTULLAH;1;17.2.1960;1;0
SIBERKAN;1;27.7.1991;1;0
ADLET;1;22.3.1967;1;0
RESULU;9;11.11.1970;9;0
GOVEREN;2;18.1.1958;0;2
SAYUK;1;30.1.1970;1;0
ESEGUL;21;7.5.1976;0;21
HASEBE;1;1.8.1977;0;1
MEYRICAN;2;26.5.1967;0;2
SUCAATDIN;2;14.2.1948;2;0
TURKSEV;8;20.5.1974;6;2
MEHFARET;14;21.3.1967;0;14
SEDIRNAZ;1;5.7.1941;0;1
GULGAMET;1;11.4.1985;0;1
MENEND;5;16.2.1970;1;4
ICLIM;1;22.2.1973;0;1
TAYIRE;18;2.7.1956;0;18
MAHOS;13;11.7.1795;10;3
SAVKILE;1;1.9.1964;0;1
KEZBA;4;24.3.1969;0;4
RESIBIYE;1;6.2.1955;0;1
DISUZE;4;9.5.1973;0;4
MAFET;3;11.12.1949;1;2
KUHER;9;30.5.1945;0;9
MUJDELIF;14;12.12.1978;0;14
EFLATIN;4;3.5.1961;4;0
DOGUKHAN;1;6.2.1992;1;0
SEMRAAY;1;12.8.1976;0;1
ZENDUNE;1;22.4.1967;0;1
SEVIBAN;5;1.3.1974;2;3
FIKRIS;2;2.5.1939;0;2
TESBIYE;6;2.8.1964;0;6
UNIESSE;1;28.11.1956;0;1
BESTEMIH;1;27.10.1990;1;0
ZUMRUDUYE;1;4.5.1957;0;1
SEHILYA;1;9.4.1975;0;1
DOGUBAY;1;8.6.1979;1;0
MERCANER;1;7.8.1934;0;1
FETILE;13;16.11.1962;0;13
SEHUDE;4;20.10.1959;0;4
SENTAS;1;3.7.1969;1;0
SEHLIVENT;4;1.1.1975;0;4
MEYYASE;11;2.3.1956;0;11
ZAIR;13;4.5.1958;12;1
MUTAHHIRE;5;9.6.1954;0;5
ERGIHAN;2;1.8.1972;2;0
AYLAHA;1;6.10.1986;0;1
IZALE;1;6.7.1973;0;1
RAHILIYE;3;8.4.1968;0;3
METEKAN;4;19.4.1981;4;0
SAFINIYE;1;11.7.1980;0;1
FEIDLATO;1;8.9.1973;0;1
KUCCUK;4;29.6.1954;2;2
TAMEM;1;27.6.1968;0;1
IMRAT;4;25.2.1963;2;2
CEZIKA;2;3.6.1975;0;2
CEVATER;1;17.2.1978;1;0
CUHERIYE;6;17.10.1955;0;6
BALKI;10;10.11.1967;3;7
CESARETIN;1;14.4.1953;1;0
GULFA;5;28.2.1971;0;5
ERDEGAN;1;5.11.1973;1;0
ELDEBIR;1;23.5.1970;1;0
SEBIYET;8;10.5.1960;0;8
ZEBAHIR;4;10.5.1964;1;3
CIRPIN;1;26.1.1972;0;1
HABAS;3;25.5.1956;3;0
FIKIRIYE;24;9.2.1966;0;24
BETTY;6;8.3.1962;0;6
RAHSIN;2;12.7.1956;2;0
VELIYULAH;1;2.2.1959;1;0
M.NEVZAT;6;21.3.1957;6;0
KATVAN;4;9.5.1940;4;0
KAZMURA;25;1.11.1958;0;25
PAYUM;1;12.2.1971;0;1
SAVUDA;1;2.2.1975;0;1
MARSIDE;3;25.1.1985;0;3
URYAS;1;20.9.1972;1;0
MISNINA;2;26.10.1977;1;1
ABIDETULEZHER;3;12.9.1979;0;3
MAHMIDE;1;26.6.1977;0;1
ASYIYE;3;28.6.1975;0;3
OZDA;2;25.7.1987;1;1
NESSIYE;1;7.2.1964;0;1
YEMLEHA;1;17.2.1972;1;0
ILBA;2;20.5.1973;2;0
ABDULSULEYMAN;1;18.4.1988;1;0
YENUS;2;29.3.1958;1;1
IKTIBAR;1;21.9.1983;0;1
GULNERGIZ;13;22.2.1974;0;13
MUYASA;1;29.7.1965;0;1
UNUVERSE;1;27.5.1968;1;0
SEMIHAGUL;6;27.12.1961;0;6
SUVERYA;4;4.5.1979;0;4
LEBIZE;20;19.11.1961;0;20
NEFAYIR;1;3.10.1990;1;0
TEVRIN;1;30.1.1964;0;1
SEDAIM;1;2.7.1972;1;0
ALTUNYA;1;22.2.1961;0;1
NURGU;4;22.1.1985;0;4
NEHRUMAN;1;25.4.1967;0;1
HIFIZE;1;16.4.1982;0;1
ATUFET;4;6.8.1960;1;3
KULAS;1;4.9.1983;1;0
IZZETVOLKAN;1;8.1.1979;1;0
RAFAH;1;11.1.1986;1;0
CEHID;6;4.1.1962;6;0
BEYTIL;13;24.9.1965;1;12
AYIT;75;10.11.1966;75;0
SOLAN;2;22.4.1974;0;2
SAVUM;4;25.9.1968;4;0
TURGUTALI;1;19.5.1965;1;0
GULENYA;1;22.3.1967;0;1
NARHAL;2;7.8.1969;0;2
EYSI;2;3.3.1956;0;2
ONURCAG;1;22.10.1988;1;0
LALEH;1;22.4.1971;0;1
ABDURAHAT;1;10.2.1946;1;0
NACICE;5;19.2.1965;0;5
KEVZI;3;9.4.1951;0;3
RAHMETHAN;13;3.2.1973;1;12
TOMUNA;1;26.5.1972;0;1
TERLIKAN;1;17.5.1978;0;1
ABDULSADI;2;29.3.1963;2;0
UMANE;2;7.10.1952;0;2
GONNAR;2;19.9.1949;0;2
GULDIDA;1;15.12.1961;0;1
YALA;2;7.3.1953;0;2
BAHYAN;1;1.6.1961;1;0
VEBIL;7;3.9.1970;1;6
IMTAN;1;22.2.1967;0;1
HARETDIN;1;12.10.1989;1;0
ERCANAR;1;22.2.1973;1;0
KIYME;1;21.2.1963;0;1
ATMEN;3;2.6.1955;3;0
MUSEVVIME;1;11.9.1987;0;1
KEBIREN;9;5.1.1966;0;9
NAZIMI;8;30.9.1953;7;1
DONEL;7;3.9.1969;0;7
SEYA;5;28.10.1974;0;5
DIRHAM;1;22.8.1991;0;1
MIKAILE;13;18.5.1979;0;13
ZADICE;1;22.3.1955;0;1
AYGENC;8;16.4.1982;8;0
YUUNIS;1;22.2.1955;1;0
TELEHE;12;26.9.1956;0;12
NAKSEN;1;11.7.1962;1;0
VAHATTIN;27;14.3.1959;27;0
DANISHAN;1;11.3.1967;1;0
VAYSEL;31;24.12.1959;29;2
TEMUMDAR;1;1.11.1979;1;0
NEFILAY;1;12.11.1969;0;1
NURALEMIN;2;22.9.1984;0;2
CAHILIYE;1;1.9.1955;0;1
ABTIL;26;25.4.1966;26;0
ADEV;4;22.5.1974;0;4
MUSITTIN;2;23.1.1979;2;0
HAVELI;1;11.5.1945;0;1
MUMKIN;1;7.12.1970;0;1
SEREFATDIN;1;2.2.1963;1;0
MEFTINE;4;19.7.1978;0;4
DURSIDIYE;1;22.8.1961;0;1
UNGUSUM;4;5.1.1968;0;4
RAYSUN;1;11.4.1976;0;1
SEVIEYE;1;7.8.1940;0;1
EBBULMUHSIN;1;27.7.1972;1;0
TEMEME;1;4.7.1950;0;1
BIHADAR;1;23.10.1979;0;1
HUNI;2;5.2.1954;0;2
GULASYA;2;4.8.1968;0;2
ILKOZ;8;25.5.1961;2;6
MIRSAH;4;15.6.1972;1;3
NILLI;3;27.6.1977;0;3
ZAYIGUL;1;9.6.1958;0;1
MUZEZEZ;1;21.12.1958;0;1
SADIHAN;9;24.3.1976;2;7
YILTEKIN;2;25.2.1978;2;0
AYDEGER;2;24.6.1984;1;1
ASALEDDIN;3;10.3.1970;3;0
KURSET;3;3.12.1977;3;0
MAFUK;2;4.1.1959;2;0
HUMADE;1;17.10.1932;1;0
KUTTUS;1;12.3.1935;1;0
SEHUR;6;5.10.1946;0;6
GOZEYDE;2;22.2.1957;0;2
KIYMATLI;1;22.6.1960;0;1
MAHPARI;2;24.5.1947;0;2
MUKREN;3;29.12.1959;3;0
KULANAZ;1;17.2.1946;0;1
TAHIRCAN;6;23.4.1990;6;0
SIHCA;13;18.7.1954;13;0
MERYANE;30;16.8.1949;0;30
TEMCIDE;9;18.6.1952;0;9
FADIMESIBEL;1;6.1.1992;0;1
D.MEMET;8;5.5.1945;8;0
MUTESNA;15;16.1.1972;0;15
BAYSA;4;20.3.1962;0;4
SELIMEBIBI;1;22.8.1925;0;1
HAHI;1;24.5.1937;0;1
SOHEYLE;11;28.4.1966;0;11
RAZIK;31;20.4.1964;31;0
NESLIHAL;1;16.6.1973;0;1
SEMSAL;2;3.8.1974;0;2
TAMIM;1;23.12.1967;1;0
HUYEM;1;11.2.1982;0;1
IZABET;2;11.4.1978;0;2
KESILE;2;27.4.1963;0;2
W;1;26.8.1953;1;0
IYMET;1;1.6.1967;1;0
SULEF;1;5.12.1982;0;1
TATLIGUN;1;2.4.1981;0;1
OLCEZ;1;9.4.1951;0;1
PERVINPAR;1;16.10.1962;0;1
MILBAN;1;5.12.1968;0;1
ENFEL;7;16.2.1975;7;0
MEHIRCAN;3;21.7.1978;0;3
SALEMI;1;17.2.1972;1;0
ESMIR;2;13.11.1959;0;2
GOKYILDIZ;2;24.11.1957;0;2
ILTEM;14;9.12.1985;5;9
GURBIYE;5;25.9.1959;0;5
MUNIREDDIN;1;1.9.1949;1;0
MUZEYHER;3;4.3.1953;0;3
ONERHAN;1;1.12.1978;1;0
AHDET;2;17.3.1985;2;0
NUMRE;1;24.1.1941;0;1
GULTEMIN;4;18.5.1969;0;4
GOYNU;2;23.2.1971;1;1
SIZAYI;5;23.7.1965;5;0
BIRJU;6;18.4.1979;5;1
GIFRAN;1;12.8.1935;0;1
TEMESUM;1;9.1.1967;0;1
HEYSE;1;2.12.1963;0;1
AYKAAN;8;16.4.1980;1;7
GUNDEGOR;1;6.4.1939;0;1
LIBA;6;28.12.1965;0;6
GULHANAY;2;6.8.1972;0;2
FATDAH;1;29.1.1965;1;0
FIRIDES;24;8.1.1966;0;24
MUTESEM;2;22.5.1987;2;0
UTKUGUN;1;28.5.1988;0;1
CAGLAHAN;2;14.9.1988;1;1
UMMUHUSUN;1;1.4.1973;0;1
UMMULLU;3;11.7.1955;0;3
GUNGUN;2;27.4.1969;0;2
NAZENDI;3;26.2.1959;0;3
EYTUN;2;17.9.1966;0;2
HAMDUSSENA;13;17.7.1980;12;1
PERDENESIN;40;4.4.1958;0;40
NURHAMZA;15;8.1.1963;15;0
GULFURZU;1;25.5.1961;0;1
JANDARMA;3;23.8.1942;3;0
GULMAZ;2;19.3.1947;0;2
ISNAHIYE;1;3.3.1951;0;1
SUNNEHAN;5;20.2.1976;0;5
M.SALIM;8;13.7.1951;8;0
EMINEEYISSI;1;22.3.1973;0;1
NUZULAY;1;16.7.1974;0;1
SAHINLER;6;5.7.1968;1;5
ZULKEFLI;6;17.2.1968;6;0
DELAILE;1;21.6.1965;0;1
METLIA;5;21.8.1971;0;5
ILEDIN;1;27.10.1990;1;0
PIYAR;1;22.10.1989;1;0
SEKKIRI;1;2.9.1945;0;1
TUFANI;2;5.8.1963;0;2
DIKKO;1;4.5.1949;1;0
HUTBIYE;10;3.10.1970;0;10
CEMISAN;1;12.2.1953;1;0
BISEM;4;4.10.1985;2;2
CECEK;7;11.3.1982;0;7
SARBAT;1;2.2.1951;0;1
ROLE;3;22.9.1983;0;3
MUCEYDE;12;1.10.1970;0;12
FERFURIYE;15;3.2.1961;0;15
CALISKAN;9;2.12.1965;9;0
SELIMETE;3;23.2.1961;0;3
GULERTEN;6;2.3.1957;0;6
FERHET;8;15.10.1962;8;0
MIKAYR;1;2.9.1981;1;0
UVES;19;21.5.1956;1;18
NETIZAR;1;2.2.1957;0;1
IBNAN;1;3.8.1968;1;0
ZUHREL;1;12.3.1953;0;1
SEKKERE;1;12.6.1977;0;1
UNAF;2;21.12.1988;0;2
SILTANE;1;2.10.1981;0;1
KAHIN;6;30.5.1966;6;0
SIFIKA;1;2.5.1980;0;1
REFHAT;2;10.10.1971;2;0
UMMEDDIN;1;28.6.1991;1;0
HIDEYET;11;27.8.1973;5;6
RIKIYE;21;12.3.1958;0;21
BELFI;2;18.3.1960;0;2
KAYDAR;3;16.9.1956;3;0
YEHYE;5;14.9.1963;5;0
KITTAYUN;1;29.5.1963;0;1
AHNEZ;1;2.2.1963;0;1
AKREM;4;13.7.1967;4;0
MULIDE;2;26.8.1947;0;2
BULENTTIN;1;17.8.1978;1;0
SILOLA;1;17.2.1966;0;1
PIRESIM;8;5.3.1945;8;0
FERDAVS;3;25.6.1983;0;3
BENGINAR;4;30.4.1977;2;2
GIYBET;2;28.11.1979;1;1
NEZYETE;1;26.9.1982;0;1
VAFIDE;2;16.1.1948;0;2
VETTIN;2;30.6.1968;2;0
AYZILHA;2;14.7.1988;0;2
OZGELGUL;1;2.2.1981;0;1
SARAFADDIN;1;5.7.1981;1;0
HAVDIYE;2;15.11.1959;1;1
LIYAN;2;1.9.1985;1;1
RINDA;18;26.2.1973;0;18
MIRHAM;1;17.2.1966;1;0
GOZIY;1;19.4.1953;0;1
HAMANULLAH;2;5.9.1978;2;0
SAVCIYA;2;13.11.1977;0;2
REBIP;1;6.2.1956;1;0
SUNHEYLA;1;29.6.1980;0;1
SAMITE;3;24.4.1969;0;3
SIKRAN;3;20.12.1959;1;2
SIDERI;1;30.8.1982;0;1
MUZEHHET;2;8.11.1965;0;2
ABDULFEHMI;2;15.8.1962;2;0
ABDULGAVAR;1;11.12.1985;1;0
NETCAN;1;15.3.1974;1;0
ASEIYE;1;17.2.1951;0;1
BURALLETTIN;1;17.12.1970;1;0
IMISANA;22;29.8.1959;0;22
MUCUZE;3;25.2.1971;0;3
HIMEY;1;16.6.1932;0;1
ALIYUL;5;6.3.1958;5;0
SILVENT;1;22.3.1973;1;0
SAFKAT;3;6.4.1959;0;3
RAHUZER;1;7.3.1946;0;1
BEYTISER;1;13.10.1980;0;1
SILHADDIN;1;3.12.1944;1;0
RECAHIL;2;26.11.1954;2;0
HADAYAT;2;11.1.1971;2;0
NEBIS;17;3.12.1958;1;16
ESEMIL;8;12.12.1961;5;3
MEZRURE;2;5.8.1946;0;2
ISKAIL;1;27.7.1974;1;0
ABDULSEYFI;1;23.6.1972;1;0
GELIBE;2;1.9.1982;0;2
HUVEYYA;1;19.11.1969;0;1
HUSNULLAH;4;16.4.1969;4;0
FELEKTUN;11;23.10.1977;11;0
ILFANIYE;4;22.1.1982;0;4
AVUS;19;1.9.1946;0;19
TAKIP;8;8.10.1963;7;1
ILYAMI;1;1.1.1975;1;0
HACCALI;2;22.7.1961;0;2
MUDDESSIR;2;27.7.1974;2;0
HILLO;1;23.8.1934;1;0
FIRINCI;2;6.7.1965;0;2
IMUS;12;14.2.1945;0;12
GUZIYDE;20;27.10.1962;0;20
NOYAL;2;16.11.1973;1;1
ATTILAH;1;6.6.1973;1;0
DILIYAN;1;22.5.1961;0;1
HIZLI;2;5.5.1966;1;1
GUNIYAR;4;22.12.1953;0;4
GUNEYKAN;5;27.3.1988;5;0
DUNGIJ;1;27.5.1974;1;0
REZO;4;6.2.1945;3;1
MUTUA;5;12.1.1959;0;5
NECMADIN;1;11.4.1976;1;0
HASKIYE;8;3.7.1954;0;8
ALMEZ;4;21.1.1973;0;4
ZIMBAT;1;27.6.1961;1;0
RIVAYDA;5;7.11.1973;0;5
FATMACAN;7;24.1.1976;0;7
ZATINNUR;3;15.8.1960;1;2
HIYDI;1;29.2.1981;0;1
NEMSA;3;25.5.1969;0;3
MUHYEDINE;1;12.2.1959;0;1
MEYHUP;1;22.11.1978;1;0
HEYSAN;1;2.2.1975;1;0
ALVIN;9;23.1.1983;2;7
GAYRETTIN;3;10.7.1976;3;0
REPI;1;22.7.1948;1;0
SAHDI;14;22.3.1961;14;0
SIYHMUS;2;16.11.1961;2;0
HUNAFE;4;20.2.1962;0;4
MARCIKIZ;1;25.4.1961;0;1
FOZ;1;9.3.1961;0;1
NESBI;1;7.4.1964;1;0
PALDAR;1;14.12.1989;1;0
HEBIDAR;1;27.2.1992;0;1
TERFIYA;1;19.2.1971;0;1
ABDESSELAM;1;27.2.1992;1;0
HEVVE;3;22.11.1965;0;3
SELVANE;8;27.8.1966;0;8
AYDUVAR;1;27.2.1956;0;1
DILET;4;19.3.1981;0;4
GULASIN;3;10.1.1980;0;3
TERZIYEN;1;26.2.1979;0;1
NILEN;2;4.4.1986;0;2
DERAY;13;1.8.1979;3;10
SECELYA;1;26.4.1983;0;1
GURCAM;2;1.5.1970;2;0
BEHTER;6;30.4.1952;0;6
SUPANITA;1;5.8.1975;0;1
DEMOKRAT;7;18.10.1957;6;1
EMELI;9;21.2.1961;0;9
ALPSAYIM;1;19.11.1956;1;0
CANSAT;5;30.9.1957;0;5
MUZAFERETTIN;2;24.5.1926;2;0
ODIL;11;25.4.1976;0;11
CHARLOTTE;8;21.11.1965;0;8
KEN;1;23.3.1992;1;0
BOLKAR;5;9.6.1983;4;1
AKINMETE;1;7.12.1965;1;0
ILTENAY;1;5.5.1989;0;1
ERZAHIM;1;19.8.1951;1;0
NEOLDUM;1;18.9.1957;0;1
NADER;3;3.1.1970;3;0
TURUGSAN;8;21.2.1981;8;0
MURSEREM;1;4.2.1936;0;1
ERVIM;1;25.3.1979;0;1
SEHVELET;1;18.2.1973;0;1
TUGANA;4;20.1.1985;1;3
GOKBER;2;10.8.1984;2;0
ALEN;190;15.5.1979;187;3
MUETTER;1;16.10.1930;0;1
DURALLE;1;9.9.1966;0;1
GULASAR;8;11.1.1956;0;8
GALEN;2;11.12.1988;2;0
ZEBIRHAN;22;3.3.1961;0;22
FIRDEGUL;2;30.12.1959;0;2
SAVRUN;7;17.12.1978;3;4
MEZIH;1;21.3.1970;1;0
MUHRIZ;36;19.2.1958;36;0
SIMTEL;7;28.6.1962;0;7
KEZBANNUR;1;16.6.1969;0;1
NILISAH;1;3.2.1990;0;1
MAHDI;7;15.12.1964;3;4
GOKTAS;11;27.1.1969;11;0
OYAGUL;4;17.2.1971;0;4
ISLIMGUL;2;1.10.1984;0;2
FELLEK;5;15.10.1961;0;5
GUVEYRIYE;5;12.1.1964;0;5
SERCEHAN;1;2.6.1963;0;1
S.YILMAZ;1;1.12.1938;1;0
ALPARDA;1;16.3.1974;1;0
SANSINE;5;20.8.1560;0;5
OVGUN;13;11.2.1986;8;5
UYGURE;5;6.12.1944;0;5
SULBILYE;1;28.10.1982;0;1
LIZAY;3;4.7.1980;0;3
TEMHIDE;4;13.2.1957;0;4
GULUMBER;2;28.6.1958;0;2
NADIRCAN;2;18.3.1979;2;0
ISACAN;7;12.7.1988;7;0
SEMAHIR;40;8.7.1985;0;40
BEDICAN;4;15.12.1973;2;2
RAHAF;2;5.4.1966;0;2
YUREGIR;2;17.1.1956;2;0
SEVGIDIL;1;2.3.1970;0;1
KILINCASLAN;5;29.6.1955;5;0
DEVRINUR;1;18.6.1961;0;1
EFIMIYA;2;5.12.1946;0;2
EZELIN;3;5.4.1959;0;3
SARAYNUR;1;2.2.1958;0;1
SERAYNUR;1;2.2.1958;0;1
UZRAN;1;22.8.1931;0;1
NEZHAN;5;10.12.1958;0;5
MULKUSEN;2;4.12.1975;0;2
AYFUL;2;7.10.1958;1;1
ALKAYA;4;23.1.1973;4;0
OKANDAN;6;22.7.1957;4;2
YOLBAHAR;1;4.3.1975;0;1
HILMEDDIN;1;7.2.1988;1;0
SERAYIYI;1;22.2.1943;0;1
ANAZ;3;11.3.1964;0;3
SEVIUM;1;9.9.1981;0;1
ABDULVARIS;2;12.5.1974;2;0
NAFITE;1;11.3.1956;0;1
RAYIFA;7;17.11.1964;0;7
EYYIMETTIN;1;6.5.1974;1;0
MEZNA;3;23.5.1982;1;2
ABULSITTAR;1;5.3.1975;1;0
TIRKIYE;13;27.4.1963;0;13
YUKSELI;4;23.3.1964;1;3
ROJVER;3;8.5.1984;1;2
ABIDULLAH;5;23.10.1976;5;0
HAMDULLA;5;21.2.1962;5;0
MUHAYET;5;14.1.1975;0;5
BEYANA;1;21.8.1974;0;1
BARAKAT;2;29.7.1973;2;0
VESFIYA;4;16.8.1967;0;4
FASI;2;6.3.1971;2;0
FIGENAY;1;12.4.1977;0;1
YALE;11;14.1.1977;0;11
SUKKERI;4;28.8.1944;0;4
SILDIRAY;1;22.3.1973;1;0
ZOHAL;4;19.8.1971;1;3
VECID;1;22.12.1958;1;0
ATAGAN;20;13.11.1973;20;0
YESLIBA;1;23.2.1972;0;1
YEMANET;2;6.1.1985;2;0
MILIKA;1;6.3.1956;0;1
MELEFE;5;1.9.1956;0;5
HASSAN;10;3.11.1969;9;1
BAHTISAR;7;1.3.1960;0;7
LITFIYE;3;8.9.1969;0;3
NURILHIDE;8;11.5.1963;0;8
SEFIRAZ;11;14.4.1966;1;10
LUEY;9;21.9.1974;9;0
MIAZ;1;22.2.1937;1;0
UKLA;2;9.8.1960;1;1
NAZMIN;7;14.6.1971;7;0
MENAY;2;10.10.1983;0;2
MUHBARE;2;27.10.1971;0;2
MAHMENUR;1;19.10.1989;1;0
ABDULGEFUR;2;13.10.1984;2;0
BERDUHA;1;24.2.1992;1;0
SEHBETULLAH;4;14.5.1978;4;0
HATIBULLAH;1;1.2.1982;1;0
SENSEZER;1;13.9.1975;0;1
NUSRIHAN;1;2.2.1963;0;1
HAYLAMI;1;22.2.1943;0;1
LALU;1;12.8.1929;0;1
KAVIM;4;6.11.1966;1;3
GUCEN;4;12.6.1966;2;2
ABDULKEDIM;3;11.1.1973;3;0
EFAF;2;26.10.1969;0;2
XXXXXXXXXXXX;1;29.9.1948;1;0
IFRICE;1;17.2.1948;0;1
HAMDOLA;1;25.3.1981;1;0
BEKIS;7;21.2.1969;0;7
MUDDESER;1;25.3.1953;1;0
RAMINE;5;21.4.1974;0;5
BEDRIYYE;9;25.7.1954;0;9
MATHIYE;1;12.8.1965;0;1
SEBGITULLAH;2;21.9.1975;2;0
SEHREDDIN;2;5.11.1942;2;0
RUTIYE;5;23.7.1970;0;5
KULAL;5;18.7.1985;4;1
JALILA;1;27.2.1968;0;1
GAYRI;1;23.6.1961;0;1
BEYTAZ;1;26.5.1983;1;0
GULLEDIN;2;22.7.1970;2;0
HEDIGAR;3;30.11.1983;2;1
NAZLIPASA;30;25.7.1951;0;30
RAMYA;5;6.5.1979;0;5
VERDISEN;1;27.2.1992;0;1
DERSIN;4;11.12.1976;0;4
SUFRET;1;6.7.1963;0;1
GULLISA;3;1.12.1965;0;3
MIJDIYE;2;19.4.1964;0;2
GUNUSA;1;22.4.1979;0;1
TAVSI;5;4.6.1954;0;5
HUSNIYECAN;1;15.7.1949;0;1
HEYGEM;1;17.6.1963;1;0
VANDERTOORNJEHONNA;1;14.1.1949;0;1
SELFIN;3;8.4.1955;0;3
ABDURAHHMAN;1;8.4.1943;1;0
SERDALE;1;13.6.1964;0;1
BEVRIYE;6;25.1.1961;0;6
VAHAT;8;21.6.1967;8;0
MUHHAMMED;6;9.3.1986;6;0
NIDAVER;4;19.1.1959;3;1
SEHRISAN;2;10.8.1984;1;1
TECAYER;1;2.2.1969;1;0
EFLI;1;5.3.1966;1;0
SAMENTA;1;19.7.1976;0;1
GULFENZE;3;11.1.1953;0;3
SUNAFIYE;1;22.2.1961;0;1
ISLUM;1;27.4.1968;0;1
HUZIN;5;23.7.1981;0;5
URCES;1;19.3.1954;0;1
GASO;2;5.8.1957;2;0
MAHMUDA;3;28.6.1976;0;3
GULLUGAR;2;16.6.1976;0;2
IRAHLE;2;2.6.1951;0;2
ILLAH;1;2.2.1951;0;1
ZOBIME;1;2.8.1945;0;1
BALLIHAN;1;25.11.1978;0;1
GULGOKSEN;1;3.9.1950;0;1
ZEYREK;105;19.5.1969;105;0
GIRIZAN;6;1.1.1956;0;6
SADENUS;8;29.4.1966;6;2
FAVRUSAH;1;21.8.1985;0;1
ASLANDURAN;1;13.4.1941;1;0
SABIDDIN;3;12.1.1969;3;0
MIAD;7;3.12.1957;6;1
JALIDE;2;2.8.1950;0;2
FURHAT;1;2.7.1975;1;0
BEDLIYE;2;25.11.1970;0;2
ERUSEL;1;4.8.1966;0;1
KUDDUSE;15;15.11.1960;0;15
HELKUYE;1;22.8.1949;0;1
TURSAT;3;18.1.1978;2;1
HACISABIR;1;27.6.1980;0;1
GALISE;9;26.11.1958;0;9
MERHUME;4;24.5.1967;0;4
KUTBIDIN;1;1.4.1949;1;0
SIHISLAM;1;22.3.1949;1;0
MIRHEN;1;26.4.1948;0;1
NEZLET;11;30.9.1959;6;5
MUZERIFE;6;22.1.1973;0;6
NESIRYE;2;1.10.1974;0;2
DULKAR;1;17.8.1942;0;1
IZLA;4;5.9.1958;0;4
YUCESEVIM;1;16.5.1950;0;1
LEMAT;4;24.8.1956;2;2
GUMUSEN;3;28.8.1965;0;3
TEVMAN;1;18.2.1942;1;0
DORMEZ;1;17.2.1990;1;0
EZBIHAN;5;27.8.1982;0;5
MEHIHAT;1;17.5.1972;0;1
MEISE;8;25.7.1966;0;8
ERAM;2;12.9.1975;2;0
ABDULSERAC;1;30.4.1979;1;0
BACIHAN;1;7.12.1964;0;1
YAFI;2;27.8.1968;2;0
SADES;2;17.1.1954;0;2
TELLIZADE;6;26.4.1966;1;5
BESHAT;7;19.4.1974;7;0
ZIRVE;16;9.10.1984;3;13
NILGI;5;18.8.1971;0;5
RENNA;1;11.1.1971;0;1
MESUDET;2;21.11.1948;0;2
NEVDEN;1;25.7.1966;1;0
SARVEN;82;18.7.1979;82;0
AKSEMSEDDIN;9;29.10.1982;9;0
VEDAR;1;22.3.1958;1;0
SUBEYRE;1;26.1.1979;0;1
BILALETDIN;1;6.5.1931;1;0
KADRIYEGUL;3;22.10.1981;0;3
BIKECAN;1;20.4.1963;0;1
RAFE;6;30.1.1946;0;6
NEVIR;9;27.6.1957;2;7
GULERTAN;2;27.7.1976;2;0
GERNOT;1;7.10.1981;1;0
NACIYEGUL;3;14.7.1967;0;3
TUNULAY;1;17.3.1954;0;1
CEYMIS;1;1.3.1955;1;0
MOSUN;5;30.1.1956;2;3
ASIRET;27;28.5.1968;23;4
ALTUGU;2;9.5.1971;2;0
MOCA;1;17.2.1960;1;0
NEVREZIN;2;26.11.1937;0;2
SERAPGUL;6;21.7.1978;0;6
ILKEMAY;1;21.9.1977;0;1
KUTLAN;17;12.4.1975;15;2
AKDIN;5;25.2.1978;5;0
ERBILIR;2;10.5.1961;2;0
SILVINAZ;1;28.3.1975;0;1
TURUM;2;19.3.1961;0;2
FAZILCAN;2;20.3.1987;2;0
X;3;4.8.1955;1;2
SENALSENER;1;2.1.1977;0;1
MUNIH;4;18.5.1964;2;2
BERDIS;1;23.8.1955;0;1
MAHIPERUZ;9;20.1.1960;0;9
EMIROGLU;3;1.9.1957;3;0
SIHMEMET;9;24.5.1954;9;0
ILIZ;24;10.9.1981;0;24
MEHBIRAZ;1;14.2.1941;0;1
TAKAIDDIN;2;11.12.1964;2;0
SEHNABAT;3;13.6.1961;0;3
GULHATO;1;17.9.1942;0;1
SELHE;3;3.5.1966;0;3
APDURREZAK;1;12.12.1947;1;0
RAHINE;4;10.1.1964;0;4
MAHADDIN;6;19.1.1972;6;0
DERYAL;7;6.11.1978;3;4
NISAM;1;26.9.1982;1;0
HOKMIYE;10;20.8.1963;0;10
SERIHAT;3;4.1.1975;1;2
RUBERSAH;1;17.2.1979;0;1
SADIYYE;4;28.5.1958;0;4
UMRAT;1;1.10.1990;1;0
MEYE;3;19.10.1965;0;3
GULHENDAN;3;1.3.1958;0;3
H.BASRI;8;18.6.1958;8;0
PERE;1;27.2.1962;0;1
TASUAM;1;15.4.1965;0;1
SIRRUH;1;1.4.1972;1;0
NENUFE;1;17.4.1948;0;1
KIZIL;2;2.3.1973;2;0
EZMAN;5;5.10.1973;3;2
ICRAL;3;7.7.1969;0;3
MENZEL;1;16.5.1927;1;0
EZIRET;1;27.6.1962;0;1
AFAF;7;7.11.1965;0;7
AVNEY;1;22.8.1919;0;1
EZDIS;1;1.12.1959;1;0
SEYRIN;6;30.12.1951;1;5
BEZIYE;8;13.2.1968;0;8
MANEY;10;30.8.1955;0;10
MOKE;5;1.12.1948;0;5
GULELDEM;1;1.6.1973;0;1
NUFIYAL;1;13.5.1965;0;1
ANVAR;5;20.10.1964;5;0
RECE;9;1.5.1967;0;9
SIGLI;1;5.5.1978;1;0
TIJEL;4;5.9.1977;0;4
ETILE;3;10.1.1964;0;3
SEMIHI;10;9.12.1961;9;1
YETISAL;6;12.10.1955;5;1
ABDUHRAHMAN;1;27.5.1979;1;0
ALTIZIYE;2;12.2.1947;0;2
YILDENUR;1;17.2.1948;0;1
HAKIN;3;13.8.1979;3;0
MERYEMNUR;3;23.11.1990;0;3
SALBIHA;1;17.8.1936;0;1
MAFRIZE;1;4.1.1947;0;1
ULCEZ;4;16.3.1944;0;4
SIBIKAN;1;28.12.1987;1;0
DUNETHAN;1;27.8.1926;0;1
FIGE;9;16.10.1965;0;9
SAZGUL;1;12.4.1956;0;1
EGMEN;10;2.3.1969;3;7
FONDA;1;4.3.1976;0;1
UCAL;16;22.11.1964;12;4
GURBAY;15;1.3.1981;15;0
UNNE;1;22.2.1967;0;1
SANSELI;2;22.10.1956;0;2
NESISE;1;26.9.1960;0;1
FERIFE;3;25.2.1948;0;3
HADRU;1;3.11.1952;0;1
NEFRUZE;3;2.6.1962;0;3
DEVRA;9;28.1.1969;1;8
NEKIBE;13;8.7.1954;0;13
TARTEY;1;22.8.1925;0;1
SENUZ;11;22.7.1969;2;9
MUKADIS;13;18.11.1955;0;13
ISATULLAH;1;7.10.1964;1;0
TAHILE;4;27.6.1966;0;4
SONGONUL;3;9.1.1962;0;3
NOAN;1;21.3.1977;1;0
BILHUDE;1;6.5.1978;0;1
HEKNUR;2;5.6.1968;0;2
SIRMAHAN;23;24.9.1973;0;23
RIDVANALP;1;1.1.1975;1;0
SEYHUNE;3;3.12.1958;0;3
TAKIYYA;1;17.3.1943;0;1
EVVATE;1;17.2.1966;0;1
NEFISAN;1;14.10.1951;0;1
FIHETE;1;11.11.1972;0;1
GULEBER;4;7.12.1958;0;4
MAHRUSE;5;1.6.1945;0;5
MEMDUZE;1;26.6.1963;0;1
FIRDEVSIYE;12;10.6.1957;0;12
UCKUN;26;20.3.1958;22;4
UNYAMIN;5;18.9.1966;5;0
ORHANBAY;1;12.8.1941;1;0
GURUL;8;30.2.1968;7;1
OZLU;17;19.1.1977;6;11
PASET;1;1.11.1961;1;0
AHMEDIL;2;7.2.1973;2;0
KEZZUBAN;5;29.4.1970;0;5
BABAS;5;28.6.1944;5;0
NADIRIS;1;17.2.1954;0;1
BAHUR;2;13.8.1971;2;0
NADIGEN;1;8.10.1985;0;1
GUZIYET;1;1.2.1954;0;1
ZERIM;3;3.9.1969;0;3
NUVEREN;39;15.5.1972;39;0
HASBINAR;1;2.10.1979;0;1
ULUN;30;21.10.1956;1;29
GULHANER;3;1.10.1969;1;2
SUMMEYYA;7;10.3.1983;0;7
ELEMSAL;1;6.5.1949;0;1
CUHEYLA;4;25.3.1975;0;4
SUHILE;11;27.7.1947;0;11
TABEREK;1;21.7.1975;0;1
ZAHIDIN;8;22.5.1968;8;0
REYGAN;1;19.6.1987;0;1
GURRANI;1;29.3.1966;1;0
MEDINE''I;1;22.7.1967;0;1
IVET;31;11.2.1955;0;31
SEVINDIYE;2;4.11.1961;0;2
GUNAT;3;23.4.1953;0;3
ESEBIL;4;2.8.1968;2;2
BADETTIN;5;24.8.1976;5;0
ABDUNUR;2;5.7.1972;2;0
MUBAKER;1;12.12.1971;0;1
SALUNA;1;29.10.1956;0;1
UMMUSELAM;3;14.10.1943;0;3
MIMTUGRUL;1;2.10.1976;1;0
MIZRAVI;1;13.4.1955;1;0
LUHUBE;1;2.6.1950;0;1
ODEK;12;15.2.1969;11;1
REYHANET;7;22.5.1962;0;7
MEKSELNA;15;11.10.1953;15;0
DUDULU;5;8.7.1963;0;5
UTKAY;4;2.3.1984;4;0
NEKARIYE;3;18.12.1963;0;3
SEVCAT;3;19.8.1967;2;1
ZAYYIDE;2;6.1.1964;0;2
HUSAMATTIN;2;24.3.1962;2;0
KUDLU;1;17.5.1972;1;0
SELLUME;1;11.5.1973;0;1
GULINAY;10;24.8.1982;0;10
RELIHA;1;16.6.1969;0;1
DURCEM;1;17.8.1978;1;0
CALYAN;2;8.8.1956;1;1
TUHUBA;1;14.7.1974;0;1
PEVRULDANE;10;17.3.1968;9;1
ABDULFELAH;4;15.10.1966;4;0
TEZCAL;1;11.4.1974;0;1
NILIFOR;1;21.5.1953;0;1
SIAMEDDIN;1;6.9.1978;1;0
MEMRUNIYE;2;5.3.1979;0;2
MAHALLIYE;2;9.3.1960;0;2
SIMSIYE;2;29.8.1946;0;2
HIBAYE;4;5.9.1980;0;4
HAKBATIL;1;3.10.1972;0;1
NURIBEN;2;26.9.1958;0;2
IHAT;2;9.10.1959;2;0
MUAHARREM;1;1.3.1959;1;0
TITI;2;1.2.1956;0;2
BEDIHI;6;7.7.1952;6;0
SELLAMI;4;4.12.1976;4;0
GUZIYEN;1;27.2.1974;0;1
HALAN;7;7.7.1970;0;7
TEHIBE;2;2.9.1960;0;2
BERSAT;1;8.11.1981;1;0
YAKUBE;5;2.5.1970;0;5
NEFALET;8;15.9.1964;0;8
TEBERHUN;1;3.3.1986;1;0
GULKU;2;1.8.1955;0;2
TANYURT;2;23.6.1958;2;0
FERHIN;2;24.9.1958;1;1
TUNCSEL;2;4.5.1985;2;0
AHMETUL;1;13.7.1961;1;0
TIMURCAN;14;26.8.1974;14;0
ELVALIT;1;26.4.1961;1;0
SENKAT;1;30.11.1951;0;1
TARA;19;26.10.1986;0;19
SONILE;1;1.3.1976;0;1
YURDATAN;1;19.1.1947;1;0
KUTTIS;2;4.8.1962;2;0
SAFARI;1;4.9.1976;0;1
NILGEN;13;10.1.1975;1;12
FENLI;1;17.6.1965;1;0
URUNCAN;3;12.12.1989;2;1
ASILNUR;1;21.1.1965;0;1
GEVAS;1;15.2.1970;1;0
GUPSA;2;18.3.1979;0;2
ANAYASA;2;24.9.1962;0;2
SUVAYILE;1;15.4.1961;0;1
SAFAGUL;5;19.5.1956;0;5
PEMBERUS;1;6.10.1939;0;1
AHUN;2;25.8.1978;2;0
ZULFINUR;9;18.2.1977;0;9
HIMKET;1;12.11.1977;0;1
RUSTEN;2;21.1.1973;1;1
FAILA;6;11.6.1977;0;6
HISTERE;1;17.2.1966;0;1
MUZEHET;1;28.10.1977;0;1
EVNIYA;1;12.9.1988;0;1
KASEME;2;24.7.1970;0;2
PERZE;3;27.8.1950;0;3
NIKOLETA;4;2.1.1959;0;4
YAZYASAN;1;22.2.1979;0;1
MENYETE;9;25.11.1974;0;9
IKRAMCAN;1;17.3.1991;1;0
VATFIYE;2;12.2.1965;0;2
NEVZETE;11;18.4.1968;0;11
ESREDE;1;27.8.1956;0;1
SEHRINE;1;11.9.1983;0;1
MUADDE;3;3.12.1944;0;3
YUKZEL;1;2.6.1981;0;1
FEYYO;3;20.1.1937;2;1
LIBAN;3;12.1.1976;1;2
AKIDA;3;9.3.1968;0;3
KATIIBE;1;21.3.1972;0;1
ROCI;1;2.2.1987;0;1
SEFNUR;4;2.12.1972;1;3
MEYYULE;1;23.3.1966;0;1
KAHRIZAN;1;22.2.1967;1;0
REVAS;2;6.9.1970;0;2
BELGIZE;6;29.8.1966;0;6
NETILA;1;16.4.1951;0;1
KESRIBANI;1;22.2.1949;0;1
ABDURRESUL;3;7.1.1978;3;0
YAGMI;1;29.4.1989;1;0
BINANIYE;2;8.10.1969;0;2
FIDANOGLU;1;6.6.1973;1;0
CECENI;5;19.7.1957;0;5
ABDINASIR;1;12.4.1971;1;0
UMBER;5;4.3.1975;0;5
CEYRETE;1;17.2.1972;0;1
GAVLA;2;25.10.1953;0;2
ABDULTAHAR;1;1.12.1979;1;0
TIRYAKIOGLU;1;29.3.1971;1;0
OKMAN;3;28.10.1964;3;0
SIRIZDIN;1;21.2.1980;1;0
ELHAMDULLAH;1;10.5.1975;1;0
MILYANET;1;9.10.1985;0;1
SEBRIL;1;11.4.1970;0;1
HEVIHAN;3;14.1.1959;0;3
BERIFVAN;1;22.8.1991;0;1
KEMLETE;1;23.8.1977;0;1
RADYE;2;4.8.1961;0;2
CEMAILA;1;23.9.1973;0;1
OZNUGUL;1;2.8.1990;0;1
GEZMIS;26;19.6.1979;26;0
SAGDIYE;3;30.4.1976;0;3
RABELI;3;16.10.1946;0;3
HULKIDDIN;1;17.2.1966;1;0
TEHMINA;3;14.6.1978;0;3
EVILHAN;1;16.11.1981;0;1
HURSIL;1;17.6.1980;0;1
YEZE;1;14.11.1981;0;1
HASIF;5;4.2.1974;5;0
DILBERUS;1;6.4.1961;0;1
DIRGAN;37;30.5.1956;37;0
FASIA;1;26.6.1991;0;1
KEMIN;2;1.3.1966;1;1
MIAT;13;13.9.1969;11;2
SABAHTIN;15;23.8.1969;15;0
VECAHE;1;22.2.1961;0;1
SEYFITA;1;11.7.1975;0;1
HIDIRYAZ;1;8.4.1970;1;0
SELAGATTULLAH;1;22.3.1961;1;0
PERIVANE;1;26.8.1978;0;1
REHMUTULLAH;1;30.11.1975;1;0
GULISTKAN;1;2.12.1991;0;1
HERIC;1;14.4.1971;0;1
SEVYE;11;27.12.1964;0;11
BEYEN;8;24.1.1965;1;7
BINYAMIR;1;3.3.1975;1;0
BIRZU;1;7.8.1946;1;0
SAADULLAH;7;16.11.1971;7;0
ALIYET;2;21.1.1974;0;2
ROHANI;1;6.8.1976;0;1
SELAMEDIN;2;16.8.1968;2;0
NESFIYA;1;7.2.1964;0;1
FAHEDDIN;1;17.3.1972;1;0
CEVHRE;1;7.12.1982;0;1
DEHAMEDDIN;1;7.3.1970;1;0
IMAMCERAH;1;22.2.1955;1;0
NEFUSA;2;5.12.1975;0;2
SURMAZ;1;2.5.1975;0;1
SEFCAN;3;18.5.1972;0;3
ABDULHENAN;2;24.1.1991;2;0
ZERDIS;1;26.7.1981;1;0
YAHYATTIN;2;16.7.1956;2;0
ERCVAN;1;7.3.1952;0;1
HALIMO;1;22.8.1955;0;1
CIHADDIN;7;8.7.1976;7;0
NESVIYE;3;26.3.1949;0;3
GAYABI;1;2.2.1963;0;1
SOHBETE;3;19.10.1965;0;3
GULHIZAN;2;4.11.1967;0;2
MUZEYINE;2;30.7.1951;0;2
NADIVER;5;17.1.1974;0;5
HUMRETTI;1;16.10.1956;1;0
MEKE;19;5.7.1974;0;19
EDYA;1;30.4.1988;0;1
ELAHAN;1;9.5.1979;1;0
HARSE;36;2.7.1955;0;36
IMZAT;2;15.1.1956;2;0
IMIHA;1;19.4.1936;0;1
HADIBE;14;4.10.1963;0;14
IBRAHIMN;1;8.8.1988;1;0
MUAZZEMIYE;1;5.4.1927;0;1
FEDRI;6;20.12.1968;6;0
HORUSIMAN;1;2.3.1963;0;1
IVENTIA;1;25.12.1977;0;1
RUSUT;13;24.12.1962;13;0
BAHICA;1;16.6.1981;0;1
RAVZIYA;1;8.3.1941;0;1
GUNU;1;16.2.1976;0;1
GEVRIZE;1;17.1.1948;0;1
OBET;8;28.12.1962;8;0
NURSELEM;2;29.10.1972;0;2
OMREDDIN;1;7.4.1978;1;0
HAMKO;1;23.7.1973;1;0
KECAN;5;12.6.1949;0;5
SEHRIZEN;4;30.7.1954;0;4
SIMANI;1;2.11.1967;1;0
YELDAN;11;23.4.1971;1;10
MARIYET;12;8.4.1964;0;12
BEMIYE;1;11.7.1943;0;1
VEHICAN;2;6.5.1964;0;2
FIILIZ;1;12.6.1983;0;1
AYPAR;35;2.8.1966;11;24
KONUTURK;1;26.3.1976;1;0
TUGEY;4;28.2.1955;0;4
SEZAVERDI;1;1.3.1967;0;1
GULBUHAR;7;7.1.1981;0;7
DILFIR;2;15.8.1954;0;2
SERGVEBUN;1;27.2.1992;0;1
SABAHIYE;39;30.1.1959;0;39
VESVEDIN;5;11.3.1973;5;0
EMISAN;8;12.6.1955;0;8
MEMLUKE;12;22.7.1971;0;12
BAYTAZ;6;20.8.1965;6;0
MAMOALAN;1;4.3.1963;1;0
HUMIRE;37;10.3.1953;0;37
YASSAMIN;1;4.2.1975;0;1
BEHRUKE;1;21.2.1965;0;1
APDO;1;18.6.1974;1;0
TOLUBAY;1;20.6.1983;1;0
MERZI;9;12.12.1956;0;9
BINAVER;2;18.8.1972;0;2
GIPRIYE;1;2.2.1957;0;1
MUHAT;1;17.7.1984;0;1
ERPINAL;1;24.10.1990;1;0
NURAH;7;2.8.1970;1;6
BELILE;2;23.7.1971;0;2
ESHABI;5;5.12.1974;5;0
KOSAY;3;16.8.1971;2;1
SULTEY;13;9.6.1943;0;13
BIRKAL;10;9.4.1974;10;0
KOCERHAN;1;7.2.1946;0;1
MIRET;10;13.9.1968;2;8
GORBET;1;27.4.1968;0;1
MEDENIYET;21;7.4.1968;3;18
IZBEH;2;18.6.1981;2;0
TEVEKELLI;10;30.1.1968;10;0
TAYRE;12;29.1.1963;0;12
TOHUDE;1;12.2.1971;0;1
GOLO;4;26.1.1944;1;3
VETHO;1;17.5.1958;0;1
NIGFER;1;15.4.1983;0;1
SUZET;53;14.5.1966;0;53
ARABEY;28;13.8.1954;0;28
PANZAHIR;1;18.3.1982;1;0
ALISADI;2;12.5.1965;2;0
KASTAMA;1;22.4.1955;0;1
MUZZEYER;1;27.6.1974;0;1
MUCEN;2;15.5.1978;2;0
FELENMEZ;1;12.4.1953;1;0
IDYAP;2;12.2.1971;2;0
SEYHAZIM;1;11.7.1975;1;0
ALPERKUTLU;1;17.2.1972;1;0
ZENNET;3;2.9.1968;0;3
ZERYA;14;30.3.1966;0;14
ASUAY;1;12.7.1973;0;1
ZEHRUBAN;1;30.5.1974;0;1
NEYUL;73;11.2.1967;0;73
MUZZEYDIN;4;24.10.1971;4;0
CANSURIYE;1;12.3.1965;0;1
BASTAMI;4;13.5.1967;4;0
HICRANIYE;1;2.8.1921;0;1
LUKZAN;1;15.8.1951;0;1
SAHSUDE;1;26.4.1959;0;1
CEDIYE;1;28.1.1938;0;1
AYISEFATMA;13;11.1.1944;0;13
TOYDE;1;7.12.1974;0;1
ZULKEDER;8;4.5.1962;0;8
SEYLDA;1;5.8.1974;0;1
IRAY;13;19.6.1978;7;6
MIDEL;1;24.7.1971;1;0
HIYYAM;7;3.1.1969;0;7
VERDIGAN;1;29.7.1965;0;1
ILMIDDIN;64;9.12.1958;64;0
ONKER;2;25.9.1978;2;0
EMHAN;6;24.1.1964;1;5
ZUHEYDE;11;4.12.1971;0;11
GUYSE;1;4.9.1978;0;1
ARGENTINA;3;26.3.1956;0;3
ELBURE;1;11.2.1979;0;1
HULZEMIN;1;27.7.1972;0;1
MUKEYIL;2;25.8.1958;2;0
THANAA;1;30.1.1986;0;1
EMELYE;2;8.1.1958;0;2
ASIKGARIP;1;4.3.1962;1;0
TEKSIL;2;25.4.1971;0;2
BATISEL;1;17.9.1966;0;1
YILDAY;14;25.9.1972;5;9
EZEBIL;1;21.7.1936;0;1
VICDA;2;29.8.1957;1;1
APTILRAHMAN;1;18.11.1967;1;0
HINDIL;1;2.6.1951;0;1
KEFYE;4;2.7.1973;0;4
HOCIRA;1;17.2.1966;0;1
ICFAN;1;15.9.1969;1;0
LOEY;1;27.2.1974;1;0
ESRAM;1;9.5.1990;0;1
SERT;6;21.11.1954;6;0
NEVAYETUR;1;6.5.1973;0;1
OLE;2;4.8.1967;2;0
VILGIN;2;30.3.1973;0;2
SUATE;3;6.11.1956;0;3
GISSAN;13;9.3.1964;13;0
ERGIDEN;4;1.3.1956;4;0
KIMBERLY;4;21.8.1971;0;4
TIBEL;10;11.1.1975;3;7
MUNTEHE;44;20.5.1963;0;44
CUNAYT;1;19.6.1968;1;0
NEYYULA;4;1.8.1966;0;4
IMAL;4;27.4.1961;3;1
YAMUHAMMET;1;23.1.1973;1;0
NAZILI;33;7.8.1959;2;31
HASRETI;3;8.8.1950;1;2
ZEHE;1;13.5.1964;0;1
ZOHREGUL;6;21.1.1967;0;6
NUJEN;11;21.9.1981;0;11
HUDEYET;2;30.6.1970;1;1
TAMERCAN;3;29.4.1980;3;0
TILBENAZ;1;20.9.1990;0;1
DUNYAGUL;10;10.6.1979;0;10
MUHHOCA;1;19.1.1966;1;0
NURULSABAH;15;15.10.1957;0;15
IZZA;3;24.10.1958;0;3
MINKESE;1;22.2.1967;0;1
GUVENAZ;1;28.2.1974;0;1
ILYASE;11;29.5.1957;2;9
MUHEZZEB;1;2.2.1957;1;0
ZELAY;3;16.6.1984;0;3
TACCEDDIN;1;2.2.1957;1;0
IZZETTTIN;3;21.1.1986;3;0
M.SERDAR;2;30.11.1974;2;0
NEHIYYE;4;11.9.1958;0;4
VOLKAY;2;2.4.1987;2;0
SAYICA;1;17.3.1972;0;1
FERIBAN;2;13.12.1978;0;2
ABDUUSSELAM;1;22.7.1979;1;0
SAVKA;7;12.3.1954;0;7
ABDUSSADIK;1;3.1.1967;1;0
NAZBET;2;16.6.1982;0;2
MERIBA;2;21.3.1978;0;2
NABITTIN;1;29.8.1991;1;0
DERVISPINAR;1;21.4.1975;0;1
SEGIHA;1;2.2.1969;0;1
NURIYETE;3;16.1.1980;0;3
MERNA;4;24.10.1977;0;4
SEHMIREN;1;28.4.1982;0;1
SEMDI;4;6.5.1972;4;0
GORGULU;2;26.10.1967;0;2
SALHADDIN;12;19.12.1958;12;0
VABIYE;3;20.3.1962;0;3
ZUNEYRA;1;1.2.1980;0;1
NEJBI;1;16.5.1953;1;0
SAHIZMET;2;5.7.1963;0;2
GULBESDI;1;24.10.1949;0;1
SEYITHAMIT;1;7.8.1934;1;0
YONCABICER;1;21.2.1953;1;0
MERTEBE;4;13.12.1958;1;3
MUBAHAN;1;26.12.1962;0;1
MUKEDER;6;19.7.1964;0;6
APTULCABBAR;1;10.4.1969;1;0
ZUBERRA;8;1.7.1960;0;8
SAGMETTIN;1;27.2.1962;1;0
BEHIK;2;28.6.1943;1;1
PURIZHAN;1;22.4.1961;0;1
IMMICIHAN;1;8.5.1988;0;1
ABDULRIZZAK;3;17.8.1978;3;0
GAZEGUL;7;17.8.1967;0;7
SUTIYA;8;7.4.1967;0;8
ZULFIGARHAN;1;3.11.1983;1;0
MEVTUDE;1;26.6.1983;0;1
TEKLIFA;7;14.8.1970;0;7
MURTIZA;1;2.2.1963;1;0
GULZAT;10;22.8.1957;1;9
MAHBUBI;2;13.6.1929;0;2
M.SALAH;1;8.4.1964;1;0
ITAAT;5;2.11.1958;1;4
MUKADTET;1;1.11.1973;1;0
NAHSIBENDI;1;30.8.1976;1;0
NISER;6;9.4.1981;0;6
OZCA;2;30.7.1990;0;2
ULKUT;2;10.3.1967;1;1
ABDURRAHIMM;1;1.2.1986;1;0
VEZIA;3;15.4.1949;0;3
KUDREK;2;6.8.1976;0;2
K.;2;20.3.1955;0;2
ERBULUT;3;15.8.1968;3;0
FERMI;21;12.8.1946;4;17
MINZIR;2;12.12.1970;2;0
RUSHEN;2;24.4.1976;0;2
SEMAHAL;1;1.11.1979;0;1
SUSGUN;1;28.1.1983;1;0
KARABULUT;8;20.6.1961;8;0
FEYYAZE;2;15.4.1941;0;2
BAHALIGUL;1;7.2.1964;0;1
MENZI;17;26.2.1956;0;17
ASELHAN;1;25.5.1990;0;1
KAFURA;5;16.6.1968;0;5
DIRHEM;15;29.6.1984;0;15
HUVIYYE;1;5.4.1932;0;1
HUTBEDDIN;5;2.12.1952;5;0
EMELIYE;3;12.8.1941;0;3
TUNACAN;11;22.8.1984;11;0
K.OSMAN;2;28.5.1976;2;0
HUSSUME;1;24.1.1967;0;1
MARIKA;88;16.10.1947;0;88
AYSENAHAN;1;4.9.1984;0;1
SAATI;1;6.6.1981;0;1
BELKAYA;2;2.5.1980;2;0
NURDAYGUL;2;30.7.1974;0;2
SUNDAN;2;9.11.1967;0;2
KADEROGLU;1;26.6.1960;1;0
HEDEFIYE;3;15.2.1964;0;3
FEDIS;29;24.9.1954;0;29
IFKAT;3;22.10.1965;0;3
ZULFUSAN;1;24.6.1955;0;1
MUHLIME;5;13.9.1952;0;5
NEJIBE;5;26.11.1953;0;5
GULERSEN;5;10.12.1957;0;5
MAHMIRI;38;15.11.1963;0;38
MEHBIKAR;1;1.6.1967;0;1
TUFE;5;21.1.1968;0;5
RIFAYI;12;14.6.1974;12;0
NEFISECAN;1;11.6.1950;0;1
UMUTALP;1;19.7.1981;1;0
BUSEMIN;1;8.10.1987;0;1
RUCI;3;8.4.1950;1;2
CAGNAY;1;12.1.1985;0;1
MELVIL;1;7.11.1946;0;1
IPAK;4;29.5.1977;0;4
ULVICAN;3;11.8.1965;3;0
SEHINSAH;2;3.12.1955;1;1
OKSUZ;6;22.3.1957;5;1
BERIM;5;25.5.1964;0;5
ZALINA;10;21.5.1979;0;10
ISVERIZ;1;7.8.1928;0;1
HUNKARCAN;1;9.12.1990;1;0
GULBERRIN;3;20.9.1968;0;3
EKINCAN;12;23.2.1990;12;0
TACIDER;3;24.1.1963;0;3
VITALI;59;3.12.1949;59;0
ZERNICAN;1;6.9.1974;0;1
CANBAHADIR;2;27.6.1969;2;0
TARDU;17;10.11.1972;17;0
ADSIZ;9;20.2.1971;8;1
ALPSINA;1;10.11.1988;1;0
FEDAETTIN;1;14.9.1961;1;0
KSENIA;7;11.4.1974;0;7
UYKENER;1;20.12.1938;1;0
ORSEV;12;10.3.1973;1;11
NECMINNISA;1;2.12.1929;0;1
LEON;141;23.6.1952;141;0
ANELISE;1;27.5.1980;0;1
TAYYIPHAN;3;28.1.1974;1;2
RAYEGAN;11;2.3.1935;0;11
ABDURRAHMANALI;1;30.9.1956;1;0
JABA;1;1.2.1954;1;0
ATANEZIHI;1;9.6.1957;1;0
RINA;32;14.2.1972;0;32
MIRIN;2;29.11.1967;0;2
HINEMLA;1;21.3.1950;0;1
HALISAN;10;2.9.1966;3;7
HIFANUR;1;9.1.1992;0;1
NEJAH;2;9.4.1943;0;2
ALICE;24;28.3.1963;5;19
IZAK;99;21.8.1958;99;0
GUNESRANA;1;6.5.1954;0;1
DISER;1;28.6.1979;0;1
RAHAB;2;16.4.1977;0;2
MUHRIBE;35;1.6.1961;0;35
YUCESEL;7;15.7.1972;3;4
SISLI;1;21.6.1975;0;1
ARSLANBERK;2;13.7.1978;2;0
RACIHA;10;6.5.1965;0;10
AYTORE;10;8.8.1968;0;10
CANSELIN;5;20.3.1985;0;5
SIMITEN;21;19.11.1951;0;21
DUSEFER;1;8.3.1948;0;1
AYTOLUN;5;27.11.1957;2;3
CAMISAP;10;12.10.1761;10;0
CRISTINEL;2;7.10.1973;2;0
DOLON;1;18.4.1944;1;0
AKVER;2;17.7.1975;2;0
MISTEYDE;1;28.4.1956;0;1
SAKUFE;1;27.8.1926;0;1
ESTERYA;34;29.8.1938;1;33
ASIMESEZER;1;7.12.1944;0;1
GULKAR;3;9.4.1970;1;2
LEYAL;21;13.11.1972;0;21
SIMHA;27;30.9.1952;0;27
EJDERHUN;1;12.7.1959;1;0
MEDIH;38;3.9.1962;31;7
SAMIMI;10;14.6.1959;9;1
MIZYAL;22;25.2.1959;0;22
BEDRINNISA;1;1.1.1;0;1
BELIT;21;1.2.1982;4;17
YASARAN;5;17.3.1964;0;5
NILIN;2;12.9.1963;0;2
HUZRA;3;13.6.1965;0;3
NERJIN;3;13.9.1967;0;3
HASANMEDIN;1;2.2.1975;1;0
MISTILLI;1;8.6.1991;1;0
UMMUGULFEM;1;7.3.1957;0;1
BIDE;3;12.12.1958;0;3
VELILE;3;28.11.1948;0;3
DINNAVAZ;1;30.12.1945;0;1
TELIA;3;23.11.1946;0;3
DILGON;1;27.4.1956;0;1
UGURLUAY;1;24.12.1970;0;1
ASOM;1;12.5.1971;1;0
YAHUZER;2;10.10.1945;2;0
RAZAR;1;6.8.1961;0;1
MERUS;8;6.7.1961;0;8
HAKEY;1;1.6.1951;0;1
MUNEVVEN;1;28.8.1979;0;1
ISLIN;1;18.2.1966;0;1
KITAYEN;1;21.5.1938;0;1
LIUDMILA;41;12.3.1974;0;41
MUGAL;7;12.8.1950;0;7
ZIVE;4;13.12.1955;0;4
OZNET;1;6.10.1953;1;0
YARGIN;3;21.6.1983;3;0
LEMAIDDIN;1;2.2.1963;1;0
GULFARAH;1;17.1.1962;0;1
HAVVALLI;1;13.4.1956;0;1
MUHIBIDDIN;5;13.4.1965;5;0
KAMZER;4;23.3.1975;0;4
ISILAR;5;3.7.1964;0;5
MUHTERIM;3;20.4.1967;2;1
NURYAZ;17;9.9.1971;0;17
HIZIRCAN;3;11.8.1979;3;0
PERISENEL;1;6.1.1943;0;1
ADILAY;7;29.12.1692;2;5
DURUSAF;2;19.2.1948;0;2
ALYSE;1;18.7.1965;0;1
GULNESIL;2;19.1.1974;0;2
ATABAN;2;23.11.1960;2;0
GULEDAL;5;9.7.1962;0;5
EBRULE;17;5.1.1970;0;17
SEVKAR;3;4.6.1968;1;2
ZEYKAN;5;13.1.1981;4;1
EYGUN;5;16.7.1971;2;3
SERTUR;2;23.1.1983;2;0
MUKEDES;7;2.2.1970;0;7
ASIFFER;1;28.10.1973;0;1
DANICA;1;29.7.1950;0;1
AYTAMER;1;22.5.1973;1;0
RUTHMAN;1;27.5.1980;0;1
SUKREL;3;24.4.1950;0;3
CUCIYE;1;17.11.1954;0;1
ISFEHAN;11;15.10.1962;4;7
MIYES;17;6.12.1964;0;17
RISLEN;14;15.2.1963;14;0
SONYEL;3;3.8.1978;0;3
IZNEVET;1;22.2.1961;0;1
NASVIYE;4;16.3.1961;0;4
BEDELYA;4;29.1.1976;0;4
AZALI;2;10.2.1945;0;2
SERLIN;12;27.9.1983;0;12
NAMGUL;1;27.2.1974;0;1
RUKZEN;4;16.11.1956;0;4
BEDHUZAMAN;1;2.10.1951;1;0
GUMULU;2;17.4.1954;1;1
TULEYDA;2;14.5.1961;0;2
NAKZIYA;1;7.8.1934;0;1
ZEKKER;1;24.2.1972;1;0
GORSELIN;1;22.2.1967;0;1
RINCIYE;1;11.12.1973;0;1
HILVIYE;2;29.11.1965;0;2
ESERIN;3;16.4.1972;0;3
NEVEN;1;7.8.1960;0;1
IPEKCAN;2;6.7.1991;0;2
ESMUHAN;2;27.9.1980;0;2
MUNTAHE;2;16.5.1969;0;2
MEKSERINA;2;14.1.1965;1;1
BILYEMIN;1;11.12.1973;1;0
HILVI;6;19.8.1948;0;6
EBRO;4;30.7.1977;0;4
KUMTAY;1;16.12.1976;1;0
CEBINE;5;29.10.1954;0;5
PIRLANTI;17;18.2.1946;0;17
NEDIVE;1;30.12.1940;0;1
GULHATIRA;1;2.3.1975;0;1
MEVLUKE;5;17.6.1976;0;5
CAROL;13;2.4.1959;0;13
YARSEN;1;14.4.1991;0;1
HAYSIYE;3;25.11.1954;0;3
KEZMAN;8;18.6.1964;0;8
NIYDEMGUL;1;16.7.1970;0;1
YEVMEDDIN;1;21.9.1981;1;0
ATLICE;1;26.12.1976;0;1
M.NAIM;3;19.9.1947;3;0
FARAY;5;7.1.1971;2;3
ENVERI;14;19.6.1964;14;0
SALIHEGUL;1;24.4.1966;0;1
RUKYEDDIN;1;1.3.1991;1;0
ULKUBIR;2;24.2.1980;0;2
OZAKSAM;1;18.2.1942;0;1
AGSEN;1;15.5.1944;0;1
HUVEYIS;1;9.5.1978;1;0
DIBE;90;5.5.1948;0;90
SERIPIL;1;19.6.1978;0;1
EZDINSAH;1;2.7.1975;1;0
MEZUNIYET;10;15.8.1963;0;10
HUMRE;2;21.8.1971;0;2
SAMARA;4;26.12.1974;0;4
TEMIRAY;4;30.11.1961;4;0
BAHEDDIN;12;15.8.1954;12;0
IRAM;2;29.3.1960;0;2
MINEHAN;8;8.2.1976;0;8
RAZIYEGUL;3;19.5.1975;0;3
RUSETTIN;2;22.1.1973;2;0
SENEDI;1;11.4.1980;1;0
MUKEDDERAT;2;21.9.1960;0;2
NURIYESER;1;27.5.1950;0;1
FERIDES;11;21.3.1966;0;11
NAZIDAR;1;12.10.1971;0;1
MUHTESE;2;5.7.1968;1;1
SEKIBA;7;28.7.1964;0;7
SOLAY;6;3.3.1975;1;5
SAMRE;5;23.10.1966;0;5
NASARA;1;12.2.1992;0;1
ZERNISAH;8;27.11.1968;0;8
FETHIYYE;13;29.2.1960;0;13
KURUS;3;28.8.1960;0;3
GOBILAY;1;13.5.1959;1;0
ASRE;2;21.8.1960;0;2
BIAMIYE;1;7.12.1964;0;1
NEZATTIN;6;6.5.1956;6;0
BEYCIOGLU;1;2.6.1975;1;0
MEVRULDANE;1;21.2.1966;1;0
MEVZIDE;4;3.10.1969;0;4
ZATE;3;16.2.1960;0;3
MEHMET.ALI;1;12.9.1941;1;0
MELIKSINA;1;16.10.1985;0;1
ASKINAY;6;6.1.1980;1;5
SANMAZ;2;29.7.1971;1;1
GULAFE;4;3.8.1967;0;4
MIRYE;1;26.3.1977;0;1
USEL;5;4.8.1962;1;4
MINASER;5;10.4.1973;0;5
NASU;2;1.1.1969;2;0
SARDAR;3;12.4.1973;2;1
MUDAIR;6;10.10.1973;6;0
TOLGATAN;1;8.10.1973;1;0
MIZBAHATTIN;5;8.12.1980;5;0
SIRIYET;1;16.5.1983;0;1
MUCADEL;1;7.2.1952;0;1
DILENAY;1;7.9.1988;0;1
SURHAYAT;1;26.3.1964;0;1
SULANAY;1;12.2.1947;0;1
EMELNUR;3;27.2.1988;0;3
ZEME;4;28.12.1963;0;4
GULAYTAN;4;3.9.1953;0;4
MANSUN;2;14.3.1965;2;0
MERHAMETTIN;8;25.11.1968;8;0
CANIB;11;13.7.1954;11;0
GANICAN;4;2.1.1986;4;0
MASINA;1;2.8.1939;0;1
MILOS;1;7.8.1934;0;1
RIBASE;5;10.10.1962;0;5
JONAS;3;3.8.1982;3;0
EVER;2;9.5.1990;0;2
IKI;1;2.2.1981;0;1
IMMAHANI;7;5.10.1968;0;7
SELCEHAN;2;23.7.1984;0;2
ALTUNDAL;9;25.6.1945;0;9
SITTARE;1;19.12.1989;0;1
DURRIN;22;23.11.1961;0;22
GULMUSER;1;12.5.1977;0;1
HAMEYLI;5;1.12.1951;0;5
ULKULU;1;27.8.1944;1;0
SEBBAY;3;24.11.1957;0;3
NURSUME;1;7.2.1976;0;1
SUIDI;9;7.12.1965;9;0
HALMIYE;2;12.8.1959;1;1
MEHMETER;2;23.10.1981;2;0
DOHA;1;13.4.1989;0;1
AYCELENAYSE;1;17.11.1980;0;1
SAMINAZ;3;8.11.1955;0;3
IHTADIYE;1;12.4.1965;0;1
MUFHIDE;2;29.10.1962;0;2
HAMZURE;1;15.5.1957;0;1
TAYYIRE;3;25.11.1946;0;3
BETUGUL;6;10.9.1969;0;6
AYTEKSIM;1;15.11.1974;0;1
AHMETIHSAN;1;12.8.1977;1;0
GUZIDEN;1;8.2.1950;0;1
IBLIYA;1;8.6.1954;0;1
YURKAN;4;25.5.1970;1;3
MILUFER;4;12.7.1972;0;4
DERIYE;7;1.7.1971;0;7
VEYSELLER;1;21.6.1963;1;0
ADIM;7;14.3.1971;6;1
FAITE;4;10.11.1970;0;4
GUNYAMI;10;25.7.1961;10;0
CANSEREN;14;27.2.1965;4;10
NURABI;1;29.5.1956;1;0
NEHRU;3;21.3.1964;3;0
FERKE;1;29.5.1969;0;1
MUSEYRI;2;4.11.1974;2;0
RASIMCAN;2;6.11.1987;2;0
NASURLAH;1;7.5.1964;1;0
MUNFIDE;3;21.4.1962;0;3
DELUL;2;15.5.1963;1;1
IHLAZ;1;18.4.1983;1;0
HURYASAM;2;1.3.1977;0;2
MEFTANE;5;26.2.1970;0;5
ITIKAT;4;26.10.1968;2;2
FIZULI;3;28.5.1972;3;0
KUTNU;10;21.7.1959;1;9
MIMTAZIYE;2;16.4.1956;0;2
IPTISEN;3;21.9.1963;0;3
CAMALIYE;4;20.3.1954;0;4
NESIMAN;6;29.1.1970;0;6
SAITDIN;2;24.3.1959;2;0
EYYUPCAN;7;29.8.1985;7;0
MISFIRE;1;22.2.1961;0;1
YALINAY;3;28.5.1986;1;2
SADADDIN;3;10.10.1959;3;0
SENAS;8;7.9.1974;0;8
ZULUNCA;1;26.10.1934;0;1
HEVDA;1;26.6.1972;0;1
SAFUNUR;7;1.1.1963;0;7
ABDULPASIT;1;1.10.1972;1;0
MUSIP;5;22.8.1955;5;0
UGURSEL;12;13.9.1976;4;8
SUKADAK;1;27.8.1932;0;1
YELDANE;4;8.4.1976;0;4
MEKSENLI;4;8.1.1958;4;0
UMMMUGULSUM;2;4.3.1976;0;2
ELDENUR;11;21.1.1960;0;11
HUDAYA;18;18.4.1952;6;12
MUNTEZE;3;22.2.1974;0;3
TUAT;1;21.8.1973;0;1
BERFIDE;1;7.7.1988;0;1
FETIMAN;1;22.2.1961;0;1
PAKINE;2;16.6.1958;0;2
MITAYET;1;11.11.1940;1;0
ERCAHIN;1;7.2.1952;1;0
ILKERCAN;7;17.8.1986;7;0
SEVEZAT;5;21.12.1955;0;5
ATILLATURKHAN;1;17.2.1990;1;0
BENCET;1;26.11.1990;1;0
IKAIFI;1;1.6.1959;0;1
ELUSTUN;1;26.7.1959;0;1
BESTDAMI;1;3.9.1979;1;0
GASIAT;3;6.2.1986;0;3
DUSENBIH;1;16.7.1935;1;0
GOLSEREN;9;17.3.1967;0;9
ESRRA;1;23.2.1989;0;1
FARUKE;10;11.8.1965;0;10
PIROS;15;2.1.1825;2;13
AYISENUR;4;26.7.1979;0;4
SABAHATTIH;2;16.2.1971;2;0
YASEMINGUL;6;23.10.1969;0;6
AYZIER;1;27.2.1991;0;1
PERSUDE;3;5.4.1967;0;3
ZAKUM;1;23.2.1986;1;0
NESRIYYE;1;17.2.1960;0;1
BEYIHE;3;14.8.1946;0;3
TEVEKKELLI;5;22.1.1955;5;0
HAZIYET;4;26.7.1966;0;4
IHISAN;1;29.11.1991;1;0
ZENVIYE;1;6.7.1957;0;1
OCEY;40;7.2.1950;0;40
REZZUK;27;5.10.1968;27;0
SECAR;2;14.11.1957;1;1
HUZULU;7;14.9.1966;7;0
ZAYIR;8;1.8.1966;7;1
CEYCAN;5;9.11.1970;1;4
MAZLIMA;1;7.2.1946;0;1
SULUHA;11;3.3.1961;0;11
DUDAK;1;18.7.1982;0;1
FERIZIYE;8;2.3.1969;0;8
NEJMETIN;6;16.7.1969;6;0
NETAY;1;14.7.1986;0;1
KARAZ;1;19.2.1968;0;1
YASEYIN;1;1.10.1991;0;1
SEKURUYE;2;17.8.1971;0;2
CANERK;1;18.11.1983;1;0
ZAFIREN;10;10.2.1962;0;10
BELKIZET;1;2.3.1975;0;1
YAGUB;8;10.9.1967;8;0
PIRKAL;1;3.6.1979;1;0
URFAL;1;7.4.1974;1;0
SULLAHADDIN;1;22.2.1973;1;0
CUMRAY;2;9.9.1981;0;2
ASSEMGUL;4;18.1.1980;0;4
SOLIYE;16;12.9.1946;0;16
CETINDOGAN;1;26.2.1965;1;0
MIESE;10;13.12.1954;0;10
ZORA;31;9.5.1961;1;30
SUSENI;1;27.4.1974;0;1
HARUNNUSA;1;15.12.1985;0;1
SERFIRAS;4;20.1.1947;0;4
RAHMEY;17;17.5.1950;0;17
NAHASAN;1;18.2.1966;1;0
SAHYET;2;7.7.1966;0;2
DIVILYE;1;14.3.1947;0;1
NEDRAN;1;22.2.1978;0;1
GERIFE;1;15.7.1930;0;1
PEKIZAN;1;12.2.1959;0;1
CUDYA;1;30.6.1991;0;1
CEVEHIR;7;22.5.1964;0;7
NAZIYAL;1;1.8.1959;0;1
FATUCA;1;21.3.1965;0;1
REHAVZE;1;12.11.1977;0;1
SIHAGA;1;17.2.1972;1;0
BEGARI;4;27.11.1970;4;0
BAHAIDTIN;1;22.2.1967;1;0
SEHBEG;1;22.3.1955;1;0
NEFFUS;4;26.1.1953;0;4
RAGDIYE;3;9.11.1963;0;3
ALINUS;1;17.6.1965;0;1
RABEY;78;25.1.1949;0;78
FIYAL;2;6.12.1965;0;2
NARGILI;1;21.2.1963;0;1
SELELA;1;18.11.1981;0;1
ZENEL;3;14.8.1963;2;1
SAYIBET;1;22.5.1961;0;1
FECIDE;6;14.11.1961;0;6
MESIA;3;20.3.1971;0;3
NISLA;5;14.12.1977;0;5
HASMETULLAH;1;3.5.1985;1;0
FAKILULLAH;1;18.5.1983;1;0
ANZILYA;1;24.12.1978;0;1
ABRIZE;3;2.6.1962;0;3
MUARIF;9;12.7.1969;9;0
MUJDIN;3;20.9.1972;3;0
BEHEDDIN;4;28.1.1956;4;0
HUDO;10;7.5.1961;7;3
HALIMEDDIN;1;25.2.1967;1;0
IMANET;2;13.5.1982;0;2
MUKADEM;9;4.3.1975;1;8
ROVUZE;1;23.6.1978;0;1
MUHILE;4;4.11.1957;0;4
NESIBETE;2;25.9.1980;0;2
HIZRIFE;1;22.2.1961;0;1
IZLAFET;2;15.9.1969;0;2
UMULKESIM;2;2.5.1975;0;2
ZIYNUR;6;27.12.1968;2;4
PEYRIZE;1;16.5.1946;0;1
KAYSUN;1;27.4.1992;0;1
EMSAN;6;25.11.1969;2;4
KAYAT;1;25.10.1960;1;0
E.FETHIYE;2;5.5.1955;0;2
CEMALIN;2;18.1.1970;2;0
SELVETIYE;4;4.3.1946;0;4
ILGEM;2;9.6.1989;0;2
NECALETTIN;4;25.10.1963;4;0
NECAHADDIN;2;5.10.1963;2;0
SENHUSER;2;8.4.1947;0;2
SEZAYE;4;5.7.1967;1;3
AYINZILHA;20;20.5.1964;0;20
ALTUNDIREK;1;7.10.1968;1;0
NARGIBE;1;28.11.1984;0;1
NURULAY;9;2.2.1968;1;8
EMRULAH;9;7.9.1977;9;0
RUSTUCAN;2;30.7.1984;2;0
ESFETTIN;7;27.10.1970;7;0
SULEYMAH;1;17.6.1972;1;0
GOLAY;11;24.1.1961;0;11
SUZANNE;15;1.10.1965;0;15
UMRENE;3;18.12.1967;0;3
DAYE;8;8.12.1977;0;8
NURSELDA;1;12.2.1989;0;1
FEYAL;3;15.4.1965;0;3
AKSENUL;4;8.11.1967;0;4
BEYTAZIN;1;17.4.1948;1;0
GUNMINNET;1;17.3.1960;0;1
MERSAH;3;18.3.1963;1;2
TOFIDE;3;4.7.1961;0;3
MESUTA;2;11.3.1974;0;2
VEDAYIL;1;21.10.1964;1;0
LEVZA;17;8.6.1965;0;17
SEVGULENT;1;18.4.1985;1;0
TUHFIYE;3;16.2.1960;0;3
FERDANEI;1;16.10.1987;0;1
SIHYAKUP;1;26.2.1982;1;0
FERISHAN;1;29.3.1962;0;1
NEYRA;15;3.2.1971;0;15
DURRUNEV;1;3.9.1957;0;1
SUECE;1;28.6.1991;0;1
AMY;8;20.5.1970;0;8
JANSER;1;11.2.1948;0;1
IRGE;18;25.7.1975;0;18
TEMMIME;1;13.5.1940;0;1
DINAMIS;7;18.8.1959;0;7
CANPERK;1;15.6.1973;1;0
MILOVIDOVA;1;1.5.1966;0;1
SONGURTEKIN;1;7.8.1938;1;0
JOHANNA;8;19.8.1949;0;8
ISMIRAZ;1;11.1.1932;0;1
SEFAATDIN;8;6.5.1961;8;0
OANA;6;17.10.1980;0;6
ALPONUR;1;20.10.1976;1;0
MAHPULE;28;3.2.1963;0;28
BARNA;4;16.1.1980;0;4
BIRGAY;1;15.5.1987;1;0
NESILAY;3;27.1.1979;0;3
ERALTAY;1;1.9.1990;1;0
AYSESIDDIKA;1;2.8.1921;0;1
SARPAY;10;18.10.1976;9;1
REMISE;3;24.5.1950;0;3
SANDUR;2;30.9.1958;2;0
FEMIHAN;11;16.12.1957;0;11
LUTFILE;2;19.8.1962;0;2
DURISAN;1;22.12.1961;0;1
KOZOK;1;5.8.1943;1;0
SIRINYA;1;21.9.1975;0;1
NELISA;2;17.2.1981;0;2
AYSEAYGUL;1;24.4.1970;0;1
FETHIYEGUL;2;12.1.1957;0;2
SELENA;10;30.3.1983;0;10
JALEHAN;2;25.3.1976;0;2
MEHMETOZCAN;1;17.2.1960;1;0
KEFALET;5;19.7.1963;0;5
INALIYET;1;18.1.1947;0;1
HUN;3;6.9.1962;3;0
BENLICE;1;26.12.1958;0;1
EZAY;2;16.12.1961;2;0
GULERDE;11;8.1.1965;0;11
ALDEN;3;4.6.1972;1;2
ZIRAVINE;1;12.2.1947;0;1
TUGCER;3;3.3.1984;2;1
FIRATCAN;13;3.4.1990;13;0
MAFE;2;21.6.1965;0;2
HALESKAR;1;2.4.1963;1;0
NISIM;19;13.4.1953;19;0
SINERAY;4;24.4.1989;0;4
MUTHIS;7;27.3.1960;6;1
INCIZER;2;2.5.1960;0;2
EROKAN;2;5.10.1974;2;0
HANIFESONGUL;1;24.3.1974;0;1
GULHURU;5;16.3.1961;0;5
ATFAN;2;20.6.1973;1;1
HAMITAN;1;21.2.1947;1;0
PEYNAL;1;12.2.1953;1;0
CIYAVAN;1;2.2.1969;1;0
TECCER;2;25.7.1968;0;2
KEHMIRAN;1;15.7.1947;1;0
INCEAY;2;7.9.1966;0;2
GICHAN;1;7.6.1970;1;0
TEKINALP;6;19.7.1952;6;0
SERILEN;1;21.12.1970;0;1
GINCIYE;2;21.9.1952;0;2
SEYIRAN;3;26.12.1968;0;3
ILAETTIN;3;28.5.1966;3;0
MEVILE;1;10.8.1948;0;1
MIREL;22;21.4.1980;1;21
DILYAR;12;15.3.1969;4;8
MUHIDA;1;24.5.1945;0;1
RUFZAN;1;25.2.1941;0;1
DERRA;4;1.9.1955;1;3
ISBIB;1;13.3.1951;1;0
AVEYS;6;13.8.1948;0;6
EFEM;7;7.9.1978;7;0
NETSER;1;24.3.1974;1;0
DIRARA;1;17.2.1966;0;1
NEZHERVER;1;2.6.1939;0;1
FUATA;1;9.4.1977;1;0
EZEYET;1;1.5.1972;0;1
SAIDINURSI;1;22.2.1967;1;0
MISHALE;1;11.1.1960;0;1
ZEYNEHAR;2;21.3.1952;0;2
AYHUN;26;9.2.1971;20;6
TUBEK;1;13.9.1980;1;0
OZOGUL;1;27.4.1949;1;0
ENUSTUN;3;28.9.1957;3;0
MEKTUBE;11;28.11.1967;0;11
GULVERIYE;1;7.8.1956;0;1
TAFAN;1;18.6.1983;1;0
ANILCICEK;1;9.2.1991;0;1
RISLAN;14;27.5.1960;14;0
EYLIN;9;5.9.1974;0;9
YISRIYE;1;29.5.1967;0;1
SAHABITTIN;20;12.12.1962;20;0
SEHIJA;1;9.9.1976;0;1
MAKBIKER;2;27.3.1945;0;2
REYHAME;1;24.6.1960;0;1
SURAYHA;1;26.12.1965;0;1
NURILHEDE;3;18.9.1972;0;3
MAMAT;7;5.5.1955;7;0
SIVEN;4;6.1.1967;0;4
HASANVEHBI;1;6.11.1950;1;0
MEHLIVER;10;10.6.1960;0;10
TUGE;17;8.4.1970;1;16
MUGNISE;2;21.3.1961;0;2
ERSINUR;1;26.10.1991;0;1
ERGINE;3;13.10.1970;1;2
MUHAS;2;15.9.1971;1;1
SELAHIDDINI;1;5.3.1968;1;0
GULBENAY;2;29.9.1981;0;2
OZGURTAN;2;26.2.1978;1;1
NIMETTULAH;3;20.10.1971;3;0
GULKIRAN;2;21.2.1947;0;2
SELERCAN;1;6.8.1985;1;0
TENDU;25;2.10.1966;0;25
TURUSEL;1;11.4.1974;0;1
SIHAMIT;11;27.11.1974;11;0
ATANBAY;1;3.5.1983;1;0
OZMER;5;6.2.1980;4;1
TONGA;4;30.9.1975;4;0
SAYINDE;15;27.12.1968;0;15
AZIDE;8;27.1.1969;0;8
NUGUHA;1;8.10.1964;0;1
CELELADDIN;1;6.10.1973;1;0
SUERAN;1;8.10.1940;0;1
MUSABITDIN;1;8.10.1956;1;0
IPRIME;1;22.4.1966;0;1
SAGGUL;8;7.3.1963;0;8
ENSILE;2;4.9.1962;0;2
BEDAY;3;21.12.1947;2;1
LOUISE;10;8.11.1972;0;10
MILIANA;2;25.7.1976;0;2
FEHZI;1;13.6.1959;1;0
BEHUR;1;8.7.1979;1;0
KEMALHAN;1;28.5.1990;1;0
BESDEMIN;1;22.2.1961;1;0
EMELGULDAL;1;11.8.1963;0;1
SEYDICAN;3;28.11.1968;1;2
NIMTAC;1;12.8.1935;0;1
CISMI;3;27.2.1956;0;3
AGMED;1;11.9.1937;1;0
TARAFET;1;12.8.1941;0;1
GULENCAM;2;17.3.1960;0;2
MURADIR;1;28.3.1968;0;1
MUTINA;1;4.7.1956;0;1
POLYANNA;1;2.4.1975;0;1
ECEMIYE;2;1.10.1947;0;2
ITRI;14;14.12.1975;11;3
SEVKIDDIN;3;3.8.1963;3;0
ISLEV;3;30.2.1978;0;3
ACARKAN;2;12.10.1988;2;0
SULALETTIN;1;8.7.1944;1;0
CAMO;1;11.6.1943;1;0
YESH;1;1.5.1991;1;0
RABIYETUL;3;30.6.1975;0;3
AHTAN;1;2.2.1975;1;0
ZENCIHA;3;8.9.1953;0;3
NIZAMIDDIN;60;3.9.1957;60;0
EMRIGUL;2;12.12.1959;0;2
YELCAN;3;26.8.1976;1;2
OLGUL;3;18.12.1968;0;3
ZULFUZ;2;28.5.1970;0;2
DONAYHAN;1;7.10.1961;0;1
TOKGOZ;1;8.1.1939;1;0
OFUK;1;12.2.1971;0;1
MURVAT;2;11.2.1985;0;2
GUNERHAN;6;15.5.1970;5;1
ANZILGA;2;22.7.1979;0;2
MEHTICAN;1;28.8.1985;1;0
BENEFIS;3;25.11.1956;0;3
MAHZURE;6;5.6.1949;1;5
ERCOMERT;9;1.9.1960;9;0
CENKDAR;1;27.6.1980;1;0
HALIYET;2;25.1.1963;0;2
KUSREF;1;29.3.1956;1;0
FUSULET;2;19.11.1984;0;2
SUDIYET;2;16.1.1959;0;2
DERGAN;13;29.11.1962;13;0
SEVME;1;27.12.1956;0;1
PIZA;1;1.6.1944;0;1
MILCE;4;3.7.1948;0;4
GAZIENFER;4;26.2.1965;4;0
HUCUBE;1;12.8.1941;0;1
NASEL;1;16.5.1958;1;0
VAHIB;23;22.5.1962;23;0
SINEMGAN;1;12.9.1990;0;1
SEYDAHA;2;16.11.1977;0;2
SUVA;2;6.3.1976;2;0
OZMUT;3;22.8.1970;3;0
BARILISA;1;21.6.1928;0;1
MUMERRAH;1;2.3.1957;0;1
HIMAYEN;3;23.10.1960;0;3
ERDAMIYE;1;12.11.1935;0;1
AYSUNAN;2;22.8.1972;0;2
HADAC;1;2.8.1927;0;1
GAM;6;17.4.1961;0;6
FOVZU;7;23.1.1957;7;0
GUBANI;1;30.8.1933;0;1
YOKKI;1;9.7.1974;0;1
SUHULET;18;27.1.1957;0;18
SEYMUZ;8;11.12.1972;8;0
MUKTEDER;1;6.1.1979;1;0
LILOFER;4;7.6.1957;0;4
UZDU;1;18.2.1966;0;1
BATULAY;2;12.10.1974;2;0
NURISIMA;3;27.2.1945;0;3
FATMAAYZIN;1;26.5.1946;0;1
AZMA;1;17.2.1948;0;1
ASLIHANKUBRA;1;6.7.1988;0;1
YILSAY;7;1.2.1964;2;5
NUNUVER;1;1.2.1977;0;1
JALIYE;5;6.12.1979;0;5
LEHSAR;1;17.12.1978;1;0
ISLAHAT;6;22.2.1964;1;5
MAYTABA;9;21.12.1964;0;9
NESRIHAT;2;27.10.1967;0;2
SABRIMELEK;1;11.8.1940;0;1
ZAHIHA;2;5.10.1972;0;2
MECLIS;36;14.12.1962;32;4
NESRISAN;1;9.9.1964;0;1
MUKBEDDIN;1;6.5.1972;1;0
SAHRIBA;2;28.2.1989;0;2
SUPHANI;14;8.5.1970;12;2
KURCI;4;24.1.1953;1;3
SIHAR;15;21.12.1974;8;7
BATILE;1;13.2.1947;0;1
FETFA;2;24.8.1955;0;2
MURZEM;2;8.2.1969;0;2
MELVADE;1;16.6.1955;0;1
NIZAHMET;1;23.9.1958;1;0
KUBBETTIN;13;27.12.1964;13;0
HUDBEDDIN;3;18.12.1971;3;0
NISNIYE;2;7.2.1962;0;2
HIDEYAT;1;17.5.1965;0;1
OYAN;9;2.8.1975;1;8
FARAL;1;19.10.1984;0;1
BERITAN;29;5.11.1982;12;17
SUTUYE;17;24.11.1963;0;17
RODAN;1;28.8.1989;0;1
BESEREK;14;5.10.1954;0;14
GILBER;1;1.7.1980;0;1
NAIGAN;1;17.9.1961;0;1
HALTAY;1;4.11.1947;1;0
YABANGUL;2;10.2.1977;0;2
OMERSAN;2;12.11.1981;2;0
LAYLI;3;15.4.1955;0;3
INCIN;2;8.3.1970;1;1
MERLA;1;22.6.1973;0;1
TEZMEN;1;6.5.1955;0;1
CAVAHIRCAN;1;16.3.1982;1;0
DALIM;5;1.5.1980;1;4
TEJAN;2;18.7.1975;0;2
IRCIHAN;1;28.8.1967;0;1
NURDANA;11;4.11.1971;0;11
MELDAN;16;30.7.1966;0;16
MUKEDDER;12;5.3.1971;1;11
HAMIDEHAN;3;10.1.1966;0;3
TANLAY;1;11.4.1942;0;1
SERDANUR;7;19.12.1978;0;7
ALPTUNGA;3;9.3.1987;3;0
ASHABI;3;27.4.1936;3;0
REMIYYE;1;27.9.1948;0;1
GASSAN;84;8.11.1965;84;0
SEVTAB;10;8.7.1976;0;10
OZLEV;2;1.11.1974;0;2
HABBUBE;2;4.1.1959;0;2
ARBEN;6;29.5.1982;4;2
MAHDUHAN;1;18.10.1969;0;1
MUHATTIN;6;29.4.1946;5;1
RENGIZ;14;27.5.1972;2;12
OBENGUL;1;9.8.1974;0;1
GUNFIZE;1;15.10.1942;0;1
ACARGUL;1;16.6.1964;0;1
NASIRETTIN;2;1.2.1966;2;0
HASBET;3;25.4.1946;2;1
MELGET;1;16.3.1941;0;1
DEMIREZEN;1;11.8.1951;1;0
ORBEN;3;20.12.1985;3;0
GULPERRI;1;17.2.1978;0;1
GAMEZE;1;28.8.1956;0;1
VEHDAT;8;23.2.1969;8;0
TAYRIYE;22;8.2.1962;0;22
FERDEZ;2;18.4.1955;0;2
NESIPE;2;15.5.1958;0;2
GONDER;6;18.11.1967;6;0
REGINA;10;27.6.1963;0;10
MISBEH;14;11.8.1970;14;0
SEHYE;1;12.8.1953;0;1
EPTIHAC;1;13.12.1984;0;1
BIZARE;4;1.6.1949;0;4
MILDAN;21;4.9.1962;5;16
SURSEN;2;9.3.1977;0;2
KHALIA;1;17.2.1978;0;1
ZEYNEVE;1;22.2.1961;0;1
FURDOVS;8;14.1.1947;0;8
REMZIY;3;27.2.1988;0;3
REFORUM;1;22.8.1973;1;0
AYTUREN;2;24.11.1964;0;2
BURSA;5;28.6.1977;0;5
AMHET;3;4.9.1989;3;0
CANEP;2;1.8.1979;2;0
SERIYAL;1;1.10.1961;0;1
ONES;1;7.2.1982;0;1
HUSYAR;7;19.8.1976;2;5
BASIRA;8;21.12.1958;0;8
HOSIN;4;14.4.1960;3;1
HASBITTIN;1;7.4.1944;1;0
ABDURRUHMAN;4;6.8.1978;4;0
MUFRICA;5;29.7.1946;0;5
HIMIZE;2;25.12.1954;0;2
HUSREN;3;16.10.1957;1;2
BEIDA;3;20.4.1980;0;3
HENUS;16;6.10.1969;3;13
SAADIK;1;2.6.1970;1;0
APDILMUTTALIP;1;7.1.1987;1;0
ZULGARNI;36;29.12.1970;36;0
SECHIL;4;19.6.1981;0;4
ALIIRZA;3;10.10.1971;3;0
ASAMIL;1;22.2.1961;1;0
ELIFEGUL;2;28.4.1975;0;2
ELVADI;1;17.2.1966;1;0
KERZUBAN;8;4.3.1963;0;8
FEYLES;1;16.12.1971;1;0
BEYANE;4;13.1.1960;0;4
SUKAY;4;26.1.1962;4;0
GULBUR;1;2.10.1953;0;1
KOLKOLE;1;21.9.1936;0;1
GULUTER;3;22.4.1955;0;3
HURUVEYDE;1;24.1.1990;0;1
SEVSEL;24;4.12.1981;0;24
ULGULEN;1;2.4.1969;0;1
SEYDEN;2;15.10.1981;0;2
GULFIDAY;1;9.8.1952;0;1
SURIRI;7;8.5.1975;7;0
GULHUSNE;2;27.4.1969;0;2
NADUVAN;1;7.5.1964;0;1
TUNALAY;2;7.1.1974;1;1
REIYE;2;11.10.1968;0;2
TARKANT;2;6.5.1976;2;0
BALGIYA;3;26.2.1972;1;2
GULVEYDA;1;27.2.1974;0;1
CELAEDIN;1;17.2.1954;1;0
MUSKUNAR;3;14.3.1953;0;3
OZDAG;12;5.9.1976;10;2
VACHETTIN;1;16.1.1966;1;0
ACERIYE;3;9.2.1956;0;3
SEGUL;4;26.8.1968;0;4
FETNAT;3;14.10.1947;0;3
TUYYAN;1;21.9.1973;1;0
GUMUSAY;2;10.7.1983;0;2
FEDALET;6;18.3.1963;1;5
NASFI;1;22.2.1961;0;1
GULESON;1;6.2.1957;0;1
TECEMIN;2;27.1.1959;0;2
PEKE;1;7.8.1922;0;1
FIRAY;9;11.6.1979;1;8
MUHIDER;1;1.6.1950;1;0
ERYIL;6;9.3.1979;6;0
FATIHCAN;8;4.7.1988;8;0
GULPET;1;27.4.1956;0;1
ISLAMAGIL;1;5.5.1973;1;0
MUSTAME;1;17.12.1966;0;1
POZARAY;1;1.1.1974;1;0
AYNUNUR;1;16.8.1975;0;1
GULBARIS;3;14.6.1971;0;3
ELMEDIN;4;10.5.1973;3;1
PERKDIN;1;28.2.1990;1;0
TESGUL;1;27.11.1968;0;1
NEZIKTER;1;16.6.1955;0;1
EUGENIA;28;17.6.1973;0;28
SEHISLAM;1;22.12.1979;1;0
IMIDE;1;7.12.1950;0;1
MAKHABIYE;1;9.1.1964;0;1
HUSRAIL;1;17.2.1966;1;0
GUDIM;1;22.6.1966;0;1
MUZAHIME;1;2.5.1987;0;1
HATCALI;2;26.10.1955;0;2
TURKASLAN;7;2.12.1974;7;0
ERHAC;1;29.6.1977;1;0
TURKUYAN;1;20.3.1976;1;0
TEOMANHAN;1;1.5.1985;1;0
DOLET;2;17.3.1971;0;2
ICIN;8;21.9.1975;0;8
GOKULLU;1;16.6.1963;0;1
YETIME;15;3.10.1965;0;15
SULEYI;3;14.11.1943;2;1
ABTILKADIR;6;27.5.1970;6;0
HAFUZULLAH;4;10.8.1974;4;0
SUSAME;1;28.4.1973;0;1
MUTAHASSUN;1;21.2.1964;1;0
AYIZER;16;25.2.1970;0;16
LEHUZE;9;7.8.1959;0;9
NADIDIYE;1;1.2.1967;0;1
ABDUSSELAMI;14;17.8.1962;14;0
MERBANI;4;24.12.1966;0;4
NEKSI;1;7.4.1967;1;0
ELVEN;11;9.5.1967;1;10
ZAKERIYA;1;27.2.1956;1;0
SITIL;4;4.2.1953;3;1
MUNEVVE;1;2.2.1975;0;1
EKSERIM;1;16.6.1975;1;0
SEYICAN;8;26.8.1973;0;8
GUVHER;13;20.9.1957;0;13
EIMNE;1;27.8.1944;0;1
TAVIDE;16;11.10.1971;0;16
NUVERAN;14;10.2.1959;14;0
AZNI;3;19.5.1972;0;3
CESURCAN;1;14.5.1985;1;0
AYBIKEM;20;3.7.1971;0;20
LUBIYE;1;6.6.1951;0;1
KEMARAL;1;12.8.1947;1;0
KIBIRA;6;24.12.1965;0;6
MISHAN;1;17.9.1956;0;1
TUREM;5;4.7.1978;1;4
AKDIL;1;26.9.1963;1;0
BEDIETUL;1;22.11.1961;0;1
UMMAHANE;3;1.1.1950;0;3
ABDILHAMIT;7;14.2.1957;7;0
ABDULLAHTAMER;1;24.4.1965;1;0
EFRAMI;5;27.4.1968;5;0
HANSEGUL;1;23.4.1988;0;1
CEZRA;2;9.8.1981;0;2
TOGRUL;8;8.6.1963;8;0
SELEK;45;25.4.1963;1;44
MERHANE;1;6.11.1978;0;1
HATIMET;45;1.9.1918;0;45
SIVEYBE;2;1.8.1970;0;2
SALHI;15;11.11.1963;0;15
MAHBUZ;3;24.8.1961;2;1
ZIHAL;4;19.1.1966;1;3
ARSEVI;9;16.3.1985;0;9
SAGKAL;3;22.4.1957;3;0
MEHMETTAHA;3;28.7.1975;3;0
RUH;7;30.1.1957;1;6
OKAT;2;25.7.1973;2;0
ABDULLAHCAN;3;1.4.1970;3;0
TERMIZ;2;6.7.1942;2;0
TUMERHAN;3;2.11.1987;3;0
KEZUBEN;1;2.4.1969;0;1
ERAMIYE;1;2.2.1951;1;0
FAKIAGA;1;18.2.1952;1;0
ALJEN;1;25.5.1991;0;1
TERZIME;3;3.9.1967;0;3
BUNEYYER;1;19.11.1989;1;0
TELIHA;17;6.6.1968;0;17
OLBEN;2;9.7.1977;1;1
HIRKAT;2;20.1.1955;0;2
BAGDATGUL;4;12.11.1972;0;4
MUSAFIL;3;22.3.1985;3;0
VARGUN;3;4.8.1969;3;0
MUZAFFERETDIN;1;9.5.1987;1;0
BALKIN;2;7.12.1987;1;1
CEZAVIR;2;15.2.1969;2;0
YELDAR;8;29.7.1984;8;0
SEYDAHAN;9;7.4.1964;8;1
ZELEN;2;4.7.1978;0;2
REYHAVIYE;1;17.2.1966;0;1
NEFAITTIN;1;23.8.1937;1;0
FILIZGAR;1;16.10.1978;0;1
HAMMUD;9;5.3.1953;9;0
CEYDAHAN;2;20.8.1974;0;2
ERZADI;1;15.5.1990;1;0
CIVANSIR;2;28.10.1983;2;0
RIKAT;1;17.12.1978;0;1
UMUIDE;1;7.3.1956;0;1
ABDILOZGUR;1;9.11.1989;1;0
VEGIYE;1;9.5.1963;0;1
AYNUZE;1;13.10.1961;0;1
ASLIHANNUR;1;24.2.1977;0;1
DOGHAN;3;3.5.1985;3;0
SIVRAN;12;28.5.1972;2;10
ENBIS;6;16.12.1947;0;6
ZERRIYE;1;21.4.1974;0;1
MAFIRIZ;1;1.2.1954;0;1
GULIBAN;5;28.12.1963;0;5
DEVRIME;3;21.7.1981;0;3
CALA;4;1.7.1953;1;3
ELENAZ;1;23.6.1988;0;1
HALEZAN;1;5.7.1984;0;1
MERICHAN;4;3.3.1991;4;0
ILKCAY;1;27.2.1962;1;0
DURUDU;1;27.2.1944;0;1
HIDIYAT;2;9.1.1958;1;1
UMANA;1;1.3.1964;0;1
KOLER;2;2.10.1950;1;1
MEKSALINE;1;6.11.1980;0;1
RUKAT;4;8.4.1963;0;4
SAHSAT;12;29.11.1955;12;0
GULNEVIL;1;25.8.1988;0;1
MEYRIBAN;7;2.9.1968;0;7
ORALATA;1;8.7.1957;1;0
ISITE;1;16.6.1955;0;1
SABITIYYE;1;4.5.1951;0;1
TENFIDE;4;25.12.1962;0;4
SAYIMET;3;10.2.1971;0;3
KURBA;1;29.12.1990;0;1
GULENDEME;2;13.10.1976;0;2
FITRE;1;27.8.1932;0;1
MURRIVET;6;24.12.1969;0;6
NASRITTIN;7;10.9.1955;7;0
HAVAR;33;4.9.1959;4;29
SINAFIR;1;27.12.1956;0;1
ASUF;5;26.8.1978;5;0
MAHINURE;1;14.3.1973;0;1
AELETIN;1;26.10.1960;1;0
ALEVKAN;1;17.3.1990;1;0
GADIRE;5;10.9.1973;0;5
SELBIYAR;1;27.7.1962;0;1
BEHIN;23;2.11.1947;1;22
BAHURE;5;23.9.1954;0;5
CIYDE;2;21.4.1984;0;2
LEVEL;1;2.6.1963;0;1
MIMA;2;23.2.1967;0;2
RAKUS;6;26.7.1948;0;6
TELIKAN;1;16.11.1970;1;0
KUNVA;1;20.10.1960;0;1
UFAY;1;22.4.1973;0;1
ILKFIDAN;1;20.5.1972;0;1
NEJGUL;8;23.6.1972;0;8
DENNURA;10;7.5.1955;0;10
RESTEN;4;14.11.1964;4;0
BERGUZEL;63;7.12.1958;1;62
TUREYYE;3;15.1.1978;1;2
MILEHET;1;16.4.1975;0;1
HAMEMI;4;7.2.1961;0;4
VAHIZ;2;28.4.1951;2;0
ELVIZ;1;4.3.1979;0;1
BAADIR;2;16.8.1971;2;0
MURVEN;8;2.7.1964;0;8
RUVIYDE;9;15.12.1950;0;9
SAFIDAR;4;28.9.1958;0;4
EMIINE;1;20.8.1963;0;1
MUHEVVEC;1;7.9.1931;0;1
LEVRI;2;9.7.1954;2;0
MAHACEN;1;6.3.1957;0;1
AHMETBORAN;1;12.3.1991;1;0
INIS;4;21.5.1964;4;0
YUREM;1;2.8.1951;0;1
JULIDEGUL;1;27.5.1968;0;1
MEAHIR;1;21.8.1969;1;0
DURSEHVAR;1;13.9.1945;0;1
ALPEL;2;14.11.1971;1;1
OKKEC;2;12.8.1965;2;0
INDAL;3;8.10.1974;2;1
TESRINI;1;7.2.1952;0;1
BATGERI;1;30.6.1988;1;0
ELFUZE;9;13.8.1944;0;9
FUATHAN;1;3.1.1974;1;0
FEYKUS;1;2.8.1933;0;1
NEHI;4;14.2.1967;2;2
AMDULLAH;1;27.11.1974;1;0
MEZUR;1;2.1.1955;1;0
OZGOR;13;23.6.1964;10;3
AHENCAN;2;17.4.1947;2;0
AKJEMAL;1;22.7.1979;0;1
IPTIDA;1;9.5.1945;0;1
S.ARMAGAN;1;23.8.1980;0;1
ILKSON;2;14.6.1959;1;1
MEHNINUR;2;17.5.1968;0;2
BESINER;1;25.2.1987;1;0
MYAHRI;1;30.3.1979;0;1
NIGLAR;1;12.2.1971;0;1
ZUBEYYEN;2;11.12.1958;0;2
SEDHAT;2;29.11.1956;0;2
URUKUYA;1;1.6.1965;0;1
KILAVETTIN;1;18.3.1933;0;1
NUAYIM;2;23.9.1968;2;0
ALPERT;1;26.12.1979;1;0
NECALIN;1;22.2.1961;1;0
ICRIYE;4;26.5.1963;0;4
ILIKNUR;1;21.11.1974;0;1
DENIZKAY;1;26.3.1949;1;0
ZEYNEPCAN;6;28.9.1989;0;6
DILFURAZ;17;27.1.1964;0;17
ZURAY;3;4.1.1971;1;2
ORFE;3;30.12.1981;0;3
SEVKILET;1;22.4.1967;0;1
HOSGELDI;1;20.2.1971;1;0
GULUMDE;2;5.3.1965;0;2
LIZIN;1;20.2.1974;0;1
ILKSAH;5;8.8.1988;2;3
TUMURLENK;1;16.7.1961;1;0
TILIN;1;3.1.1974;0;1
TEDERGIN;1;21.10.1974;0;1
DIRGAM;41;19.12.1955;41;0
KISLA;1;21.9.1988;0;1
ILDET;1;24.10.1964;1;0
SATRET;2;4.8.1963;1;1
ZEMMO;104;11.3.1959;0;104
ESRUH;1;26.12.1983;0;1
ZIFE;4;1.8.1945;0;4
GIMRIYE;1;10.5.1958;0;1
AYSEZER;13;1.8.1956;0;13
IBRAY;2;21.5.1985;0;2
KILIS;1;1.6.1966;0;1
ZEYFA;4;9.1.1936;0;4
SEHTIYE;1;8.4.1939;0;1
SEDATCAN;6;18.3.1987;6;0
DUNYEZEK;1;12.2.1960;0;1
COSKUNCAN;3;15.4.1981;3;0
SEL;19;26.10.1970;7;12
SATVET;6;16.10.1950;6;0
ALIVAHIT;1;17.10.1944;1;0
ISAHAK;9;17.2.1956;9;0
IYAMETTIN;1;7.10.1970;1;0
VILDANUN;1;1.4.1984;0;1
KUMEYL;1;1.4.1971;1;0
MIKDED;2;6.4.1974;2;0
KULDANE;5;15.10.1936;0;5
MURIA;1;22.6.1937;0;1
TUFAT;3;14.4.1955;3;0
FEYYIZ;3;29.6.1965;3;0
SINGE;3;28.10.1987;0;3
MUNTEZER;1;2.12.1981;0;1
TEYRIYE;18;7.5.1966;0;18
GULANNEBI;1;22.8.1937;1;0
MUBAHIT;1;7.2.1976;1;0
CUNETI;6;24.8.1970;0;6
M.MUNIR;7;30.12.1948;7;0
SEYRISTAN;1;22.3.1955;0;1
MENUCE;4;15.7.1975;0;4
MUHTESNA;1;2.3.1969;0;1
YENEDAGLAR;1;22.2.1991;0;1
MEYIRE;2;22.2.1976;0;2
ZULKIDA;1;22.4.1971;0;1
TAETTIN;1;1.3.1953;1;0
ZEBEDIN;1;21.10.1971;1;0
RUZEL;1;18.7.1967;0;1
SENUL;10;26.1.1970;5;5
GORYEN;1;27.11.1990;0;1
IBRAHIIM;2;4.8.1991;2;0
ABDURRAHZAK;1;23.2.1943;1;0
SEMIHET;3;29.7.1966;0;3
ABDULISLAM;2;29.10.1976;2;0
HADAR;4;28.3.1955;4;0
RUNCAY;1;23.2.1970;0;1
SIAA;3;29.7.1968;0;3
GASRA;1;9.10.1976;0;1
ZERUK;179;13.3.1970;1;178
MULHICAN;1;2.8.1950;0;1
VAICE;1;7.9.1964;0;1
HATICEN;1;26.12.1976;0;1
YULA;4;4.4.1978;1;3
RUKZE;1;28.2.1956;0;1
BABI;12;3.7.1963;11;1
DARE;3;17.6.1943;1;2
LEVGUL;1;17.2.1984;0;1
SEMEH;2;7.8.1964;1;1
RAYHANI;1;28.2.1954;0;1
DANER;1;7.2.1976;0;1
SEDDER;11;24.8.1977;10;1
GURSELIN;8;5.8.1967;0;8
NEVRISTAN;7;5.1.1957;0;7
DERRE;2;24.2.1963;0;2
SABATULLAH;11;14.6.1981;11;0
SABANAT;1;21.4.1975;0;1
CERBI;3;16.2.1980;3;0
GABBAR;2;21.4.1988;2;0
NUSRUHAN;1;2.2.1963;0;1
KEZIMAN;6;16.5.1958;0;6
HAMALIYE;1;16.3.1977;0;1
KALAMKAS;1;1.7.1969;0;1
AHMETCEMIL;2;18.5.1969;2;0
DEMIN;4;27.11.1970;2;2
SALMEN;2;28.8.1966;2;0
HORICAN;3;26.4.1968;0;3
MEHSILA;1;12.2.1941;0;1
SUNU;8;26.8.1953;5;3
HARIRE;8;18.5.1941;0;8
HOMI;1;24.8.1977;0;1
RESIMIYE;2;10.12.1958;0;2
NADILLE;1;22.2.1973;0;1
BINGAL;2;14.12.981;0;2
KAFIRE;2;26.10.1966;0;2
SUPHUYI;1;24.3.1988;0;1
HUCA;1;10.1.1985;1;0
IBAY;1;11.1.1964;1;0
YEVMIL;2;30.4.1964;1;1
HOGAN;5;12.4.1952;0;5
TEHMIDE;1;7.3.1928;0;1
YAMLIHA;3;12.8.1969;3;0
ILMIYYE;1;19.1.1968;0;1
TAYHA;40;1.7.1961;0;40
OZMAL;3;6.1.1967;2;1
NERCES;5;19.1.1964;0;5
ISANIYE;2;23.8.1974;0;2
HEVLIYA;1;24.10.1983;0;1
MEYMANE;9;22.4.1958;0;9
ZEHIRET;4;7.1.1944;0;4
H.VELI;4;4.11.1944;4;0
ISMEGAN;1;7.2.1958;0;1
MEVFUBE;1;7.6.1976;0;1
SELFRAZ;1;5.4.1963;0;1
HABBULU;1;27.2.1938;0;1
ZEFRE;13;8.10.1969;0;13
BAHU;7;27.9.1971;0;7
NIFERIYE;1;16.1.1937;0;1
TEMIRCIN;1;11.5.1938;1;0
CERCIOGLU;1;23.3.1988;1;0
TUMRU;2;20.12.1945;1;1
ESDELYA;1;28.10.1976;0;1
SUBULET;1;2.2.1969;0;1
DILFUZAR;4;18.5.1967;0;4
BATINUR;9;11.7.1967;0;9
TULEY;17;8.3.1968;0;17
KOKEZ;1;16.12.1939;0;1
VERNIYE;1;27.8.1956;0;1
TELA;3;12.10.1962;2;1
UFUL;2;21.3.1978;1;1
UTUBE;1;3.1.1971;0;1
FERATIBE;1;19.3.1970;0;1
SERAYETTIN;1;3.4.1963;1;0
MERUKA;2;7.5.1962;0;2
SAIYIR;1;2.2.1975;0;1
ZURMIYE;4;5.12.1958;0;4
ABDUSSATTAR;2;6.1.1972;2;0
HURSUDIYE;5;23.2.1957;0;5
MAZIL;1;27.2.1944;0;1
FEFIYE;2;30.11.1953;0;2
AYSOY;3;17.5.1955;0;3
PAMPAL;22;2.11.1961;0;22
MUSAFE;13;28.10.1962;0;13
CEVDEN;10;24.12.1959;4;6
IKLIMEN;2;1.2.1960;0;2
MULHIK;1;9.4.1934;1;0
EKABIL;4;4.8.1981;0;4
GULZEMAN;10;21.8.1950;0;10
NASIFER;3;2.7.1958;0;3
AYTEMIR;2;11.3.1963;2;0
TUGREL;2;6.8.1973;2;0
MAHIRET;5;25.10.1929;0;5
ZEFIRE;25;15.6.1957;0;25
GULENDEYMEN;1;11.11.1970;0;1
EVTAL;7;22.5.1969;5;2
CELUL;1;27.8.1956;1;0
MERYEMIYE;2;10.5.1968;0;2
SUALA;4;24.2.1969;0;4
SUFAY;2;23.12.1969;0;2
HAMNET;1;15.3.1969;0;1
MISIRLI;3;5.12.1962;2;1
MEHLISER;1;1.5.1979;0;1
TEBIRE;2;7.3.1970;0;2
LUZENUR;1;6.2.1957;0;1
GUZIFE;3;26.3.1966;0;3
LEVUDE;2;29.2.1972;0;2
ULGAN;11;23.2.1963;1;10
NUGFEN;1;2.11.1969;1;0
CAHRA;2;16.6.1956;0;2
SAHHUT;19;8.9.1956;19;0
SEHINNAZ;4;25.8.1964;0;4
NUPHAN;1;25.5.1967;1;0
ERMEZET;1;16.9.1956;0;1
REFGETIN;1;10.3.1944;1;0
EZDESIR;5;13.5.1949;5;0
SAHIMAZ;2;3.7.1948;0;2
NEVAHAT;6;13.1.1971;0;6
NUHEYLA;3;25.7.1944;0;3
DERGAM;9;13.3.1965;9;0
RAMZAN;10;11.5.1976;10;0
SILEN;16;15.8.1981;0;16
GUSNE;5;25.1.1953;0;5
FATIR;13;8.2.1966;13;0
SAMUH;1;17.7.1943;1;0
HABKA;45;29.7.1949;0;45
KIRCI;9;25.8.1954;0;9
LINCAN;1;16.6.1982;0;1
RECI;7;20.9.1965;1;6
KERMA;3;22.1.1963;1;2
ORTLEK;1;8.10.1964;1;0
CUMASER;3;22.12.1964;0;3
FENSI;1;12.4.1941;0;1
PEYAMA;1;17.2.1972;0;1
FERHAH;2;20.1.1975;0;2
IZAYE;1;11.3.1951;0;1
EBECE;1;12.8.1935;0;1
DADLI;2;13.2.1953;1;1
CENE;1;26.10.1929;0;1
NURCEYHAN;1;4.4.1963;0;1
ZIBEYIR;1;30.3.1970;1;0
NEFUZE;4;1.4.1953;0;4
MAHBUBIYE;16;28.7.1952;0;16
KOL;2;4.1.1972;2;0
NEGRE;1;1.8.1961;0;1
GEZIHE;1;1.2.1937;0;1
KAVAAS;1;16.1.1969;1;0
GEMIDONDU;1;17.7.1973;0;1
KAZUBAN;2;18.5.1960;0;2
MERMUS;1;12.10.1959;1;0
BEYBASI;1;18.10.1956;1;0
ANACIK;22;16.2.1951;0;22
0;2;12.8.1923;0;2
MEDAL;1;3.11.1971;0;1
SIHABETTIN;3;30.8.1949;3;0
MEHEYYE;2;30.11.1950;0;2
RIHEYLE;5;10.6.1951;0;5
CERBU;1;12.8.1935;1;0
ISARA;1;12.9.1966;0;1
SEHADE;20;19.12.1952;15;5
SIHE;22;29.5.1961;0;22
SEZERHAN;4;20.11.1989;4;0
KANASET;1;22.5.1983;0;1
ABDULBAHAR;4;14.3.1967;4;0
MUZEYDIN;27;15.3.1969;27;0
ZIKIF;1;9.11.1965;1;0
ILILLAH;1;27.12.1968;0;1
HUDAV;1;7.2.1952;0;1
MEDNE;29;20.7.1962;0;29
OFE;8;17.12.1952;0;8
FELLUCE;1;7.6.1958;0;1
MUHAYE;2;19.4.1964;0;2
HODE;34;30.6.1958;0;34
ISHADE;2;12.9.1967;2;0
REHAYLE;5;10.10.1956;0;5
MUNZIRE;37;15.9.1972;0;37
HERISE;2;8.12.1954;0;2
VASNI;2;19.8.1944;1;1
HUCUZ;87;4.11.1963;0;87
ROKAN;1;10.8.1990;1;0
AYNULMARDIYE;1;3.4.1973;0;1
ERICAN;3;1.8.1964;1;2
ZULHAMA;1;27.3.1969;0;1
SAYIET;3;17.9.1977;0;3
ICMALE;2;5.1.1963;0;2
KITMIR;26;12.6.1959;24;2
ERCAHAN;5;20.2.1959;5;0
MUZI;3;5.9.1947;1;2
AVNIZELIHA;1;8.6.1980;0;1
MUSEREFE;2;2.8.1975;0;2
BULDUK;217;17.6.1955;212;5
RIFATE;2;23.12.1949;0;2
SEYBETE;10;29.9.1961;0;10
SADIGE;4;7.2.1952;0;4
FITTE;4;6.9.1938;0;4
GARRA;21;23.11.1964;0;21
VECTTIN;2;30.7.1980;2;0
SIVER;7;14.2.1967;1;6
SAFALET;4;7.1.1965;1;3
SAFRIYE;8;12.11.1960;0;8
PISAR;16;7.4.1970;16;0
FILYE;8;19.3.1965;0;8
GAZVA;3;30.8.1951;0;3
NEYTEDIN;1;6.3.1981;1;0
CUNE;5;11.10.1949;0;5
GEZIN;8;4.1.1969;0;8
MUHLIF;14;4.2.1962;14;0
OFA;22;27.8.1960;0;22
SUGUL;3;30.6.1973;0;3
NEVYA;4;14.9.1985;0;4
PELIVAN;2;11.5.1978;1;1
HAVARZEMIN;3;11.11.1953;0;3
ISME;6;10.1.1951;0;6
SAMAVI;3;30.4.1965;2;1
GULLOR;1;12.8.1917;1;0
NETIME;6;29.9.1966;0;6
ITHAYE;1;7.2.1970;0;1
FARIR;1;27.2.1974;1;0
MUENNES;8;26.4.1968;0;8
BACET;2;2.4.1962;2;0
EBLIZET;5;25.2.1976;0;5
MIDAHI;2;5.9.1958;2;0
NEHYE;7;12.2.1960;0;7
GULKIS;2;18.11.1974;0;2
REMZIYLE;1;8.8.1958;0;1
TEKSIM;2;26.9.1980;0;2
UNYE;3;30.6.1976;0;3
OZILTER;2;29.5.1975;2;0
DERSAH;2;26.11.1982;2;0
SANSENGUL;1;26.12.1965;0;1
DICLAY;1;28.2.1975;0;1
HATRA;8;26.1.1944;0;8
SUMAY;5;14.8.1974;2;3
LEMAL;4;18.4.1960;0;4
NEVIF;1;1.7.1956;0;1
RUSAS;1;17.3.1966;0;1
YESENYA;6;5.6.1991;0;6
KUNAZ;1;12.2.1971;1;0
TEMENTA;1;9.9.1977;0;1
TAHSIL;5;15.2.1972;4;1
NEZBITTIN;1;6.4.1950;1;0
VETKAN;1;22.8.1989;1;0
FAYSAN;1;15.4.1983;1;0
MUHEBBE;1;7.2.1976;0;1
NEDIMSAN;1;7.2.1946;1;0
MUHAMA;2;10.12.1952;2;0
ENFELEZ;1;29.10.1969;1;0
ESUDE;9;19.1.1960;0;9
URBAY;2;8.8.1964;1;1
ETREMIN;1;17.2.1942;1;0
SALIHCAN;25;5.9.1986;25;0
EJDERHAN;12;2.10.1971;11;1
MAKSEL;1;8.4.1985;0;1
KURUL;5;20.3.1975;5;0
ANSALI;1;5.4.1964;0;1
SELHAMI;2;8.11.1968;2;0
SELAHTIN;10;3.3.1965;10;0
BAYLAN;31;28.2.1949;2;29
SUGUP;1;12.8.1929;0;1
VALIDIN;4;3.12.1955;4;0
SADIFER;6;4.4.1963;0;6
SAHOSMAN;2;6.8.1968;2;0
ZOFDIYE;1;23.3.1967;0;1
RUSVIYE;1;29.3.1967;0;1
DERNAZ;1;1.7.1984;0;1
ZILFIANA;3;6.10.1974;0;3
PAPIS;26;5.12.1941;0;26
YUMSEL;4;9.10.1974;1;3
NADAR;3;10.1.1953;2;1
HEMSE;15;19.4.1961;0;15
NAMDAR;15;12.11.1964;15;0
SAHTAN;2;24.10.1946;0;2
ZUREP;4;12.1.1963;4;0
DABIS;1;2.2.1969;1;0
DURASIN;1;22.4.1967;0;1
GULUMSEVER;3;24.11.1971;0;3
TULAVE;1;19.2.1971;0;1
ONCAN;14;16.4.1971;7;7
RISADIYE;2;21.10.1965;0;2
SEZAHIL;1;11.7.1957;1;0
MUKRUBEN;1;16.4.1982;0;1
BEHITTIN;5;1.1.1963;5;0
MUZAFFERITTIN;2;5.6.1925;2;0
ANZULLA;1;13.3.1945;0;1
LEVZET;3;16.1.1956;2;1
EZRAYIL;1;24.12.1982;1;0
KAHILE;3;11.12.1973;0;3
URUCEY;1;6.11.1960;0;1
BILENDEN;1;4.2.1969;0;1
DENVER;1;12.12.1959;1;0
MENBAHAR;1;23.5.1961;0;1
TURIN;11;10.10.1967;2;9
SUNDUR;5;22.3.1958;1;4
NEVSICAN;2;28.10.1967;0;2
DILSAR;3;30.11.1965;0;3
AZYA;27;18.3.1969;0;27
VOKAN;4;16.11.1983;4;0
HERMESI;1;24.3.1967;0;1
SERPINUR;2;18.2.1980;0;2
HEMEY;2;20.8.1957;0;2
KUSMEZ;1;29.1.1959;0;1
LIVER;2;30.1.1963;0;2
BURYEDA;1;25.3.1957;0;1
REMLET;1;23.8.1972;0;1
MUCIBET;1;22.4.1982;0;1
MEVZER;1;16.3.1978;1;0
MUHIBETTIN;2;13.3.1974;2;0
ADEVYE;26;27.5.1952;0;26
ABDULTUFAN;1;7.3.1976;1;0
SONGUZ;5;20.9.1972;0;5
OMRETTIN;4;3.4.1968;4;0
ILIVI;2;20.12.1943;2;0
DARB;1;7.2.1970;1;0
KASVA;1;12.2.1941;0;1
CANULKER;1;12.6.1965;1;0
NAZAFET;7;24.11.1962;0;7
LUUBA;17;18.4.1968;0;17
HALLUMA;6;8.12.1953;0;6
ZEHEYYE;14;12.3.1968;0;14
MIZRE;1;1.11.1985;1;0
ERGU;3;27.9.1966;3;0
GAYASETTIN;3;2.1.1966;3;0
CIGAN;1;12.2.1935;1;0
TILAMUZ;2;19.10.1959;2;0
ETITURK;1;19.4.1976;1;0
SEHZAN;9;12.8.1975;0;9
BAYKAM;3;15.10.1961;3;0
HASSUN;21;12.5.1951;21;0
HAMUIDE;1;7.2.1973;0;1
SELALI;3;10.6.1973;1;2
DILCEHAN;1;12.5.1971;0;1
ESLO;2;12.5.1929;0;2
TERBIYET;2;3.11.1969;0;2
BEYHUNE;1;14.8.1960;0;1
MUKI;10;17.2.1947;1;9
MATRA;205;5.8.1959;0;205
RAKITE;5;17.3.1965;0;5
LUBBA;5;18.3.1964;0;5
HAVADI;4;16.2.1957;1;3
SIILE;3;20.3.1969;0;3
NASAN;97;30.5.1952;95;2
REDAH;1;24.4.1961;0;1
KEPSE;1;27.2.1950;0;1
MEYTE;4;28.3.1951;0;4
MEKSELIMA;1;14.10.1987;1;0
ROJMAN;1;16.3.1980;1;0
ENBIRAN;1;25.4.1977;0;1
HERFIYE;26;4.7.1961;0;26
TESIME;3;30.10.1973;0;3
OZLIFER;2;8.3.1984;0;2
FEYZUYE;1;17.2.1972;0;1
GULLUISTAN;3;15.12.1963;0;3
TAHARETTIN;1;3.1.1985;1;0
MUSEVERAT;1;20.2.1964;0;1
KAYFA;1;13.2.1928;0;1
KORALIYA;1;12.11.1959;0;1
BENYEMI;1;11.3.1944;1;0
CANVAR;1;23.6.1965;1;0
SADDI;4;16.1.1952;3;1
CICAN;11;6.12.1955;1;10
UMAN;18;17.3.1970;7;11
ABDULCAPPAR;2;28.5.1954;2;0
RENCUS;48;26.11.1949;0;48
MINYASI;1;7.3.1964;0;1
CANDRA;4;6.6.1964;0;4
ESMEHEN;64;19.8.1965;0;64
TUBULAY;1;11.9.1976;0;1
ERZU;8;8.5.1960;1;7
PENER;1;1.11.1965;0;1
JULEN;1;2.2.1969;1;0
MIZET;2;24.11.1943;0;2
NEFFU;1;2.8.1933;0;1
CEMRAIL;4;19.7.1982;4;0
CULYAN;1;5.3.1979;1;0
BENYEMIL;1;12.4.1977;1;0
GULFIL;5;28.11.1955;0;5
KORKUN;4;10.9.1968;4;0
DUNYAZER;1;29.9.1981;0;1
EZDEHAR;6;14.11.1968;0;6
GULBESKER;1;6.1.1937;0;1
EFBER;1;27.12.1961;0;1
FATIZ;3;13.2.1959;0;3
MUYASAR;1;21.1.1939;0;1
ORSEL;14;28.10.1975;9;5
GULSAHANI;1;12.11.1972;0;1
GIYASEDIN;13;10.1.1965;13;0
TUHFETTULLAH;3;22.6.1963;0;3
HUZRIYA;1;2.3.1963;0;1
SUYBET;1;27.2.1986;0;1
HACADE;1;2.2.1951;0;1
HEVIYE;25;20.8.1967;0;25
ZONRUNAZ;1;27.12.1965;0;1
CIREK;1;23.12.1968;0;1
FERAHCAN;2;21.9.1971;0;2
ESSAT;8;5.2.1973;8;0
SAHABBETIN;2;17.4.1964;2;0
MUSAGAT;1;8.4.1980;0;1
RAVUSTAN;1;9.4.1970;1;0
ESETIN;1;6.2.1991;1;0
MUSEREH;1;2.4.1975;0;1
MEHIYET;62;18.12.1968;0;62
ZAFDE;1;12.3.1965;0;1
MIZGAN;2;23.7.1962;1;1
GULNEMSI;1;25.2.1946;0;1
ERBILEK;2;3.4.1975;2;0
BEZAZ;3;17.5.1951;1;2
BUFET;1;5.11.1975;1;0
ABDUGAFUR;4;30.2.1975;4;0
FAKITA;5;12.9.1955;0;5
MUSAVAAT;1;27.2.1974;0;1
SEHOSMAN;4;3.9.1970;4;0
ALISINA;2;30.8.1990;2;0
REDIFA;11;9.4.1963;0;11
DEDU;7;22.9.1937;7;0
SAHINEVAT;3;27.8.1967;0;3
LEVENTCETIN;1;18.6.1968;1;0
SAYSITE;1;3.5.1967;0;1
SERTIS;1;27.2.1950;1;0
IRAHIYE;2;18.11.1950;0;2
VEHBIBE;2;28.6.1976;0;2
MAHAL;7;20.2.1961;1;6
HULAYET;2;2.6.1957;0;2
ATHARUST;1;11.2.1964;1;0
MEVLUDI;2;18.8.1956;2;0
GULVESIM;1;11.6.1981;0;1
NACILCE;1;1.7.1937;0;1
ESEVIL;1;1.11.1976;1;0
AILENUR;2;12.2.1965;0;2
CAFFAL;1;24.9.1955;1;0
CANEMRE;2;12.3.1985;2;0
KAHA;3;25.9.1971;3;0
DURIYEN;3;1.9.1963;0;3
BERHIM;3;9.6.1978;2;1
SENEGUL;4;21.12.1967;0;4
NIHAP;2;26.1.1954;1;1
AYSEKADRIYE;1;6.10.1976;0;1
NERMINAY;6;4.1.1971;0;6
BURHANEDIM;1;7.4.1988;1;0
HEDLAN;10;27.5.1958;0;10
M.HANEFI;18;22.6.1948;18;0
NURFESAN;6;18.4.1981;0;6
CEVE;2;3.11.1935;0;2
ZEGINE;1;6.4.1973;0;1
RIFAAT;7;28.8.1970;7;0
SETTARE;2;7.7.1955;0;2
FEYAZAN;3;4.9.1960;0;3
DOYSUN;1;12.7.1967;1;0
MEYYADE;3;8.2.1979;0;3
HUNYA;2;14.4.1976;0;2
SEMANEL;1;8.4.1970;1;0
UZZEYIR;4;12.2.1964;4;0
BEDIRUL;1;23.4.1961;0;1
AHMEDIREMZI;1;26.11.1964;1;0
BECCET;2;27.7.1961;2;0
FERRU;19;7.2.1962;13;6
AYSINAY;1;13.1.1989;0;1
SULUNAZ;1;17.8.1966;0;1
SAKIRCAN;2;15.11.1954;1;1
MURISIN;1;17.4.1960;0;1
HUZEYMA;42;24.2.1971;0;42
NAZIKA;16;14.12.1958;0;16
SIHMUSTAFA;6;9.11.1974;6;0
YUNNUS;1;7.4.1976;1;0
RESULULLAH;2;19.8.1978;2;0
BIRZADE;5;4.3.1972;5;0
SELDANE;6;23.3.1969;0;6
MITHIYE;1;27.2.1974;0;1
MUHHAMET;3;6.3.1976;3;0
ALIDIP;1;22.8.1925;1;0
BURCEM;2;1.11.1989;1;1
CANGUN;4;30.5.1974;1;3
RACHAN;2;28.6.1972;0;2
SEHDAN;2;13.1.1962;0;2
GULTOPLAR;2;9.10.1969;0;2
KADERIM;10;21.1.1982;3;7
SOHEYL;1;6.9.1980;1;0
SAHTIYE;2;11.8.1958;0;2
GUSTA;4;15.10.1989;0;4
GORSAL;1;18.8.1961;1;0
NEVZAL;2;14.2.1974;0;2
SAHZAN;4;22.8.1951;0;4
BADIFE;2;4.12.1967;0;2
ACMIYE;4;2.5.1952;0;4
NEZIMET;7;24.3.1957;2;5
GOKDE;2;6.11.1989;1;1
SABAHTTIN;2;10.5.1962;2;0
VAIBE;16;20.7.1963;0;16
ABDULMAHSIN;1;9.7.1956;1;0
ISAMIL;7;5.2.1978;7;0
SURMELICAN;3;5.8.1965;2;1
SAHIZEZAMAN;1;19.7.1952;0;1
YUSRI;14;9.10.1973;14;0
AZBAN;2;16.5.1952;2;0
UBEYIR;3;11.12.1987;3;0
SUPHEDIN;2;7.6.1974;2;0
HAMDULULAH;1;24.4.1985;1;0
GARIPNAZ;7;29.12.1974;0;7
SEKMEN;10;14.10.1971;10;0
REMZUYE;1;22.2.1967;0;1
GULLEY;7;3.10.1942;0;7
ACIP;65;19.5.1962;64;1
BILDER;2;12.2.1980;1;1
AYDER;9;21.11.1968;3;6
NULGUL;12;20.2.1971;0;12
SONGULEN;1;12.3.1971;1;0
LEVSER;1;6.9.1962;0;1
IRVAN;2;19.11.1972;0;2
ULUSU;2;8.12.1983;2;0
AKILLI;7;29.11.1952;2;5
ASFUR;2;21.8.1974;2;0
EZCAN;11;12.9.1970;2;9
FEDORA;6;12.4.1971;0;6
CANVEREN;2;4.7.1970;1;1
NIMSE;1;2.4.1959;0;1
SEVRINNAZ;1;12.9.1959;0;1
DURDULI;1;17.4.1966;0;1
MARTI;35;19.4.1978;2;33
MUNEVVERI;1;16.11.1968;0;1
IRECEP;9;10.8.1958;9;0
IKBALPASA;1;8.3.1960;1;0
AZGUN;1;12.10.1976;0;1
RAZILE;6;12.8.1961;0;6
ENISEN;2;7.4.1964;0;2
MAHTIGUL;1;22.2.1967;0;1
FATGUL;23;3.7.1960;0;23
NECLAHE;1;28.3.1972;0;1
NIMETULA;4;7.4.1960;4;0
OBEYIS;1;20.6.1946;0;1
LEYLIFE;4;4.8.1953;0;4
AYDINAY;12;30.3.1967;7;5
NADIRIYA;3;12.2.1975;0;3
EDNA;18;29.8.1970;0;18
ZURHEYYA;1;28.3.1962;0;1
TUYANA;1;12.8.1984;0;1
HADDAT;1;9.4.1966;1;0
KUSIDE;1;7.1.1952;0;1
PAKER;3;5.12.1976;3;0
NAMSIZ;1;19.8.1987;1;0
NEZIRETTIN;2;17.7.1966;2;0
SAYDANUR;1;29.5.1979;0;1
DOUKAN;2;30.7.1991;2;0
PERIZET;3;27.1.1962;0;3
FIZYON;1;12.3.1985;0;1
ATIVET;1;22.3.1967;0;1
LEMLIHA;3;6.12.1971;1;2
TANBERK;8;22.2.1976;8;0
MEYYI;1;10.8.1948;0;1
OCALKORAY;1;2.9.1985;1;0
HISULLAH;1;13.11.1941;1;0
YUCETAN;2;17.3.1984;2;0
GULFERAYI;1;6.9.1970;0;1
ATULLAH;20;22.5.1967;20;0
NEVINGAYE;1;23.8.1951;0;1
IMIRAN;6;2.11.1970;2;4
BIRLIK;8;5.11.1977;2;6
MEDIHHA;1;26.8.1956;0;1
ARZIHAN;9;20.1.1946;1;8
ISLEM;1;19.2.1959;0;1
SALAYTIN;1;23.6.1962;1;0
BAHSUDE;1;7.2.1987;0;1
NUSHE;1;11.7.1990;0;1
HUMARYA;1;10.12.1984;0;1
BAGRAN;2;15.10.1959;2;0
ORDUBEYI;1;11.2.1967;1;0
SIFEY;1;14.6.1966;0;1
ASBURCE;9;1.12.1982;0;9
GULEV;16;26.6.1966;0;16
ERSAKUN;1;16.5.1977;1;0
TAHHIR;1;2.1.1955;1;0
CUBEYT;1;6.5.1959;1;0
MEFHARE;3;27.8.1957;0;3
LADINE;1;5.1.1972;0;1
HUNTURK;2;13.2.1967;2;0
TAMET;8;27.3.1967;2;6
NIMENUR;1;22.2.1987;0;1
EMRUMIYE;9;24.10.1963;8;1
ZIVEYRE;1;30.11.1972;0;1
BUKREMIN;2;7.1.1976;2;0
YEMILHA;2;26.7.1956;2;0
MEMISHAN;2;18.4.1969;1;1
LADEFET;4;5.5.1954;0;4
ZEYBIDE;4;17.8.1967;0;4
TEBRIS;1;18.6.1986;1;0
ABDUNAZIR;1;12.6.1977;1;0
TAYIRA;2;30.11.1963;0;2
NISBETTIN;4;16.12.1965;3;1
MILHAK;8;21.6.1963;8;0
ZEKIF;20;5.7.1962;20;0
SELIHATIN;1;2.2.1975;1;0
SOPHI;4;1.4.1966;4;0
FALIDE;2;11.9.1978;0;2
HEBUN;7;17.8.1986;5;2
SUZYE;1;21.2.1966;0;1
YEMILHAN;7;2.11.1966;6;1
MEMETRESIT;11;14.12.1961;11;0
KEYFLI;7;13.6.1955;6;1
MOMYA;1;27.2.1962;0;1
FERZIHANE;1;16.12.1963;0;1
ABDULZEKI;2;21.11.1972;2;0
DIGER;3;30.3.1953;0;3
ZIYAFEDIN;1;7.8.1976;1;0
SEYHZADE;11;17.9.1955;4;7
VETHI;13;19.6.1958;2;11
OVES;6;29.1.1951;0;6
TELIHE;5;22.1.1957;0;5
NUSETTIN;2;25.6.1979;2;0
MEMIZAR;1;12.8.1935;0;1
IHTIBAL;1;12.2.1953;0;1
NARDIK;2;25.5.1961;0;2
ZAYIDI;1;21.4.1951;0;1
SEVDATA;1;17.2.1942;0;1
SARAF;8;29.4.1966;0;8
VAZIYE;4;28.2.1957;0;4
REMUS;6;6.4.1964;6;0
IMREHANE;1;17.4.1966;0;1
RUYE;7;21.6.1953;0;7
DEMSA;1;1.7.1930;1;0
DILAVUZ;22;3.6.1959;0;22
PIPEI;1;4.2.1962;0;1
MUNEVVVER;1;6.2.1968;0;1
EYUBENUR;1;10.5.1975;0;1
GUDA;1;7.7.1958;0;1
AROL;4;14.9.1956;4;0
MEZUKA;7;11.8.1967;0;7
GULUMDAL;1;27.3.1971;0;1
ZEYNER;8;10.3.1964;5;3
MUBEYCE;2;22.1.1961;0;2
MENHIYE;33;30.9.1966;0;33
CENURE;1;17.8.1960;0;1
MILEYIM;5;7.7.1974;0;5
YUSEL;10;4.1.1958;4;6
SEMDEN;2;29.7.1948;1;1
TENURE;12;11.12.1954;0;12
IRES;2;23.4.1961;1;1
FESI;14;19.7.1967;14;0
MEDRURE;2;14.3.1966;0;2
TEBABIL;4;16.4.1969;4;0
ABDULKAYAS;1;12.2.1989;1;0
SERDAC;8;14.8.1974;6;2
DALOKAY;5;19.11.1978;5;0
DILFERIZ;20;30.9.1957;0;20
DILEKNESE;1;11.10.1985;0;1
MISKALE;4;9.2.1969;0;4
MEKSANNA;3;8.6.1960;3;0
ABDURSEMED;1;2.3.1973;1;0
FEYAM;1;12.6.1973;1;0
MISAVET;4;19.5.1970;0;4
YAGUBE;1;21.6.1966;0;1
EFRA;20;2.4.1977;0;20
GULBINER;1;26.9.1983;0;1
MENEVS;7;19.2.1957;0;7
NEZMAYIN;1;8.5.1975;0;1
GIDE;2;30.3.1966;0;2
BAGDAS;6;26.1.1985;6;0
BESIRIYE;54;7.4.1968;0;54
KORALP;23;24.10.1979;23;0
USANDIK;5;29.4.1945;0;5
RIDAH;22;24.6.1970;0;22
GULYEZ;2;12.7.1960;0;2
GULSAHADE;1;13.9.1968;0;1
SUNDISE;1;17.9.1962;0;1
ZULIYHA;13;6.7.1965;0;13
FETTAN;11;21.6.1948;4;7
MUGRISAH;9;9.11.1962;1;8
MUKADAS;2;10.9.1973;0;2
TAKSIRE;3;15.5.1958;0;3
CIYAR;2;22.12.1981;2;0
RAYBER;2;5.8.1963;2;0
MESRUFE;2;7.1.1976;0;2
FIREYYE;2;19.4.1969;0;2
ALSAR;1;3.1.1974;0;1
BURGUVI;1;12.3.1971;1;0
ALEFE;3;12.2.1960;0;3
HASANYE;1;6.7.1960;0;1
FERIL;4;1.11.1962;0;4
NURLAS;2;12.12.1976;0;2
ILTEREN;2;12.3.1956;0;2
VESIHA;11;2.6.1967;0;11
KESSEF;3;8.10.1963;3;0
OLESIA;1;19.6.1983;0;1
SAHZA;3;13.8.1949;0;3
MIYASSEL;2;13.9.1963;0;2
CULENT;1;11.11.1965;1;0
BIRCANAY;2;19.9.1983;0;2
ORDUSAH;1;17.2.1960;0;1
SUEYUB;1;1.4.1971;1;0
MUTEZIME;2;20.8.1966;0;2
NAFIJA;1;30.4.1948;0;1
MAHTAP;10;23.8.1975;0;10
HUSEIN;8;18.2.1970;8;0
GORGUNAY;1;18.4.1961;1;0
SIZIDE;1;22.2.1955;0;1
NURSIFA;8;1.3.1979;0;8
SELMANIN;1;3.9.1969;0;1
KONER;3;1.1.1984;2;1
MISDA;1;9.6.1985;0;1
BARAHAN;1;3.3.1973;1;0
PAMO;2;13.3.1930;2;0
TAGMER;2;29.8.1967;2;0
FETIME;14;12.6.1958;0;14
SAYDAL;5;17.9.1965;5;0
MUGTAT;1;6.7.1978;1;0
M.HAFIZUR;1;26.10.1973;1;0
IKABE;2;26.5.1982;0;2
ILASIN;1;2.3.1969;1;0
ERDUVEN;1;22.2.1943;1;0
YILHAK;1;20.4.1977;1;0
SEHELYA;2;24.10.1963;0;2
KAHKESAN;1;11.1.1981;1;0
GOKU;24;5.3.1960;0;24
AGMIL;1;2.2.1969;1;0
FESLIGAN;5;6.12.1959;0;5
BIYAMIN;15;18.2.1965;15;0
MEFAIDDIN;1;29.1.1965;1;0
HALUME;4;26.3.1959;0;4
SEVENGIL;5;7.11.1963;3;2
HACARAY;1;2.5.1969;0;1
ZARUN;1;22.12.1985;0;1
ZENGINE;8;2.5.1954;0;8
DILFURAY;1;12.2.1965;0;1
GULFURUS;1;1.1.1;0;1
OZYUREK;2;15.4.1955;2;0
MEFACAN;1;12.2.1989;1;0
CAREDE;1;10.9.1940;0;1
MEYRULLAH;2;26.1.1955;2;0
BADIESER;4;4.7.1953;0;4
CANSE;7;5.1.1978;0;7
KADIHAN;12;16.8.1964;1;11
TURIYA;2;26.1.1962;0;2
TUREGUN;4;22.8.1967;4;0
ZERAF;3;30.3.1955;1;2
HACIEFENDI;2;7.2.1958;2;0
AYBUKENBERIN;2;2.4.1964;0;2
KATEN;4;21.5.1943;0;4
MELYA;8;9.12.1964;0;8
MEYSILE;2;2.2.1969;0;2
HIZEYFE;2;6.5.1961;0;2
LIHIZA;3;22.7.1949;0;3
GUMUKUN;2;24.4.1948;2;0
MEHMETZAKIR;4;10.8.1976;4;0
LEMAS;2;28.3.1981;0;2
GULEMSEM;2;23.12.1963;0;2
HASSIYYA;2;7.11.1951;0;2
KAFIR;4;6.10.1955;4;0
HULVI;7;23.3.1962;6;1
HAYRIGUL;8;18.11.1970;2;6
ERGENOKON;3;17.3.1988;3;0
SELCUKI;3;5.2.1955;3;0
KORDELA;3;12.10.1969;0;3
MESEHAT;2;1.7.1954;0;2
MEHYEDIN;4;5.5.1959;4;0
MIDET;8;7.5.1975;0;8
ABDULSUPHAN;4;5.4.1979;4;0
SUVADA;3;23.2.1965;0;3
BESLIYE;3;27.2.1984;0;3
MENFIZE;3;18.7.1949;0;3
SELAATDIN;15;6.4.1959;15;0
ZIRAP;7;11.8.1956;1;6
YAZIBE;3;14.4.1972;0;3
SEKE;4;8.1.1948;0;4
FEDAY;7;22.6.1972;4;3
TEMIRE;5;7.1.1958;0;5
ILTIRHAN;2;8.6.1942;0;2
ILVEYS;2;22.2.1949;0;2
HANARZA;2;17.2.1954;0;2
TAYKUT;3;5.4.1972;3;0
SAYESE;2;21.10.1958;0;2
SITIYA;13;13.11.1965;0;13
GULKAHAN;2;18.2.1980;2;0
KUT;7;24.6.1965;7;0
ACLAL;2;17.3.1954;0;2
GUNCAN;31;23.9.1966;5;26
TAMRA;11;26.3.1958;0;11
DIHAYBE;2;12.2.1971;0;2
DUZEN;8;15.7.1981;2;6
DUNYEZER;2;27.2.1968;0;2
SABAHDOGAN;2;22.5.1949;0;2
KITABIN;2;17.2.1936;0;2
MEHRECAN;3;8.8.1976;0;3
ILMIDEN;2;26.5.1969;0;2
SUNCAN;6;4.2.1966;1;5
GIRMEN;2;21.1.1971;2;0
YADER;3;24.7.1986;3;0
GULIBER;2;2.8.1969;0;2
DIZEM;32;18.8.1987;0;32
NADIN;68;19.1.1975;5;63
LUNE;3;6.7.1976;0;3
RETAN;2;7.3.1964;0;2
VERDISAH;5;11.9.1970;0;5
BELLO;6;26.5.1955;6;0
TACIILMAZ;2;21.6.1945;2;0
SERMIS;3;26.9.1950;1;2
MUSTUN;2;26.3.1980;2;0
AKKAS;10;19.2.1961;7;3
IKNAP;2;30.1.1979;0;2
ZENIMET;2;6.12.1955;0;2
RIHAL;11;13.11.1956;2;9
SIGDE;4;9.1.1976;0;4
KORBANBAY;2;1.4.1972;2;0
APTULCEMAL;3;7.4.1962;3;0
RAHIMAN;7;16.1.1948;1;6
CANSURA;2;22.2.1967;0;2
YASENYA;10;1.2.1991;0;10
GAMMER;2;9.6.1976;2;0
NURTEC;2;16.2.1970;0;2
AHNUN;2;12.12.1983;2;0
CAKIYA;2;7.8.1928;0;2
AYCAMAL;2;1.5.1978;0;2
ZUHURA;6;20.8.1954;0;6
AYDESEN;4;23.12.1970;0;4
ALIYYULMURTEZA;4;13.12.1957;4;0
NESRINSAH;2;12.9.1976;0;2
MECICE;3;7.12.1974;0;3
REVZE;11;8.1.1961;0;11
ESHAB;10;27.8.1986;9;1
LEVUZER;2;16.1.1960;0;2
ZUBA;3;16.2.1939;1;2
SUHLEYA;2;7.2.1976;0;2
BERIBAN;22;7.12.1984;0;22
FERFI;10;30.7.1951;0;10
SUHEY;7;10.3.1967;6;1
HIDAYYET;2;28.2.1961;2;0
MUSHER;2;23.5.1973;2;0
VACHIDE;2;24.10.1955;0;2
HAMMI;16;24.6.1945;14;2
SINAHMET;2;2.4.1975;2;0
FIRDEUS;5;4.5.1978;0;5
SAHDIN;9;6.11.1961;9;0
NESHIBA;2;11.11.1990;0;2
IMISAN;4;24.5.1966;0;4
SEHMAL;30;20.1.1966;0;30
MUGATDIS;2;22.5.1967;0;2
RASIMYE;2;28.7.1963;0;2
GULCAL;6;10.6.1976;0;6
AGCUN;3;10.10.1938;0;3
BAYSABAH;5;6.7.1970;0;5
REZIHAT;2;2.2.1957;0;2
MURSUME;3;22.2.1967;0;3
GOLIHAN;4;20.2.1979;0;4
LAYLAN;5;21.7.1959;0;5
MAKSI;2;7.5.1949;0;2
SERVERI;9;27.5.1950;8;1
ANSELIF;2;22.12.1978;0;2
ARGIN;8;21.10.1972;8;0
SERBANIYE;10;22.11.1952;0;10
SEMZIYE;19;28.10.1955;0;19
TEMZILE;5;20.8.1964;0;5
CEPAR;2;17.2.1966;2;0
MUSAMBER;4;8.2.1981;0;4
MENEVSIRIYE;2;10.10.1964;0;2
HASUBE;3;24.2.1963;0;3
FEYZIMELEK;4;4.4.1966;0;4
TUCCANE;2;24.3.1961;2;0
GOREM;8;20.7.1986;3;5
CESMIYE;10;27.3.1967;0;10
OMRUMEYYA;2;8.6.1973;2;0
MIKAGIL;2;3.9.1990;2;0
FAZULA;2;11.12.1979;0;2
ENFET;2;2.2.1957;0;2
FADIMETULZEHRA;3;4.10.1983;0;3
FAOIME;2;17.7.1972;0;2
SIDDAKA;2;7.12.1952;0;2
YILMA;22;21.1.1975;19;3
EMIRKESUN;10;7.2.1975;0;10
NIGLAN;2;16.10.1985;0;2
APDUSSEMAT;3;15.8.1960;3;0
HANIMLI;2;2.2.1957;0;2
HASGAN;2;2.2.1963;0;2
MAHMUZ;3;5.7.1969;3;0
MUHIDDE;2;25.9.1980;0;2
HAMILIYE;10;13.2.1962;0;10
MUJDAAR;2;12.1.1983;0;2
KEHYA;7;17.4.1949;7;0
FECREDDIN;5;28.8.1972;5;0
SIFAA;3;22.1.1969;0;3
UHUT;19;7.3.1985;19;0
HAFRIYE;2;5.12.1963;0;2
ARBIYE;4;3.10.1970;0;4
MELUNE;2;4.8.1965;0;2
SAGRIYE;3;9.11.1959;0;3
UNKE;1;21.4.1974;0;1
HEVIDAN;1;22.6.1991;0;1
TURKADIN;5;7.8.1939;0;5
LUVERAN;2;17.3.1957;2;0
PAKNUR;4;24.5.1952;0;4
ALEETIN;2;19.8.1970;2;0
CEMIDA;1;2.4.1975;0;1
SIHLU;1;12.8.1923;1;0
GOKTUFAN;1;30.10.1989;1;0
RAHHIL;2;10.11.1981;0;2
NISPAH;1;7.5.1962;1;0
ILAHMI;6;16.7.1964;6;0
SENGULEN;6;21.8.1959;0;6
BIRSIME;1;11.7.1973;0;1
CANDIK;1;27.2.1974;0;1
GEZIDE;3;21.12.1950;0;3
UMMUHANGUL;4;20.9.1959;0;4
ZEKAT;7;7.2.1974;4;3
HEDIG;1;16.7.1953;0;1
HAZANE;1;24.10.1946;0;1
MILIC;3;25.5.1971;3;0
AHZEMIN;1;29.9.1962;0;1
MEHLIKAR;7;5.6.1961;0;7
TICAYI;1;9.3.1957;1;0
BESSEN;2;9.11.1966;1;1
SUPHE;2;3.8.1951;0;2
BEDRIDDIN;19;23.4.1959;19;0
SEBEN;11;24.8.1974;3;8
SATIY;2;22.2.1961;0;2
NAHLI;40;5.12.1954;0;40
BURYEDE;1;4.8.1953;0;1
ILKAL;1;26.6.1975;0;1
ENDAL;4;11.5.1973;2;2
VEKIP;1;14.3.1950;1;0
KIMLILIR;1;24.12.1965;1;0
ELISER;2;15.12.1984;0;2
TENAL;3;18.8.1960;1;2
MENZUBE;1;13.2.1975;0;1
SELKIN;6;17.12.1974;0;6
MAKBULEGUL;3;6.12.1975;0;3
ANAS;5;28.9.1963;1;4
FERIAT;6;7.6.1962;2;4
MIZYAN;2;30.11.1955;0;2
NEHTIYE;3;4.2.1981;0;3
ADAVIYYE;2;27.11.1947;0;2
MURDEFIN;2;22.11.1949;0;2
EBADIL;1;9.10.1946;0;1
SULIYBE;1;22.9.1957;0;1
BAHCIYE;3;24.8.1962;0;3
SEZAHIR;7;24.4.1965;7;0
VAYRET;4;22.2.1970;0;4
SAGMET;1;1.3.1953;1;0
GULISTANBANI;2;12.8.1959;0;2
MUREFFEH;3;6.7.1963;0;3
TUANNA;3;10.7.1987;0;3
BAGADUR;1;6.8.1990;1;0
BIBIZADE;1;25.8.1966;0;1
MUYESA;2;8.4.1960;0;2
EVAL;7;22.9.1979;0;7
TIFA;1;21.6.1941;0;1
MAHLUKA;4;6.11.1943;0;4
SINASIYE;16;9.9.1958;0;16
FERANUS;3;18.4.1954;3;0
TOHIDE;3;27.4.1962;0;3
EZANI;1;17.8.1972;1;0
SINANPASA;2;21.1.1972;2;0
ALTUGRUL;1;7.2.1970;1;0
MENAS;5;26.12.1970;0;5
KAMERETTIN;3;27.5.1955;3;0
UMITAY;3;29.5.1975;2;1
BAHTIZAN;1;15.2.1974;0;1
BEHRINISA;1;2.8.1945;0;1
SEHMUNAZ;1;22.6.1970;0;1
MAKSUNI;20;13.11.1975;20;0
MUHTERIYE;2;18.9.1933;0;2
DURBAHAR;1;2.10.1961;0;1
DILARAM;17;30.9.1968;0;17
SUNABER;1;11.1.1945;0;1
MESSIHA;1;7.5.1976;0;1
SAYMIN;4;24.2.1982;4;0
SABATIH;1;27.2.1974;1;0
YILDIRIMHAN;5;20.2.1981;5;0
FERIHET;2;26.6.1973;0;2
KUTFEDDIN;13;19.4.1974;13;0
ONDA;1;27.5.1962;0;1
NILHUN;3;26.4.1985;0;3
TERIN;4;6.10.1959;1;3
ILMENDER;1;1.6.1980;1;0
PERNUR;30;12.4.1970;1;29
MAHBUPSAH;1;11.5.1975;0;1
RUTGUYE;1;1.2.1960;0;1
SAGMI;4;30.2.1964;4;0
ZERNIYAR;2;1.3.1955;0;2
NUFSUCIHAN;1;11.6.1975;0;1
NAZAT;5;26.8.1969;0;5
PARISA;4;30.3.1975;1;3
FIRTEZ;2;11.11.1966;0;2
SAZADE;7;3.11.1960;0;7
ILAMEDIN;2;29.11.1966;2;0
YILDIRA;1;16.1.1972;1;0
UTE;10;30.3.1961;1;9
GABZE;2;28.2.1970;0;2
SELCE;24;23.11.1961;0;24
RIDDE;2;4.5.1983;0;2
DIHEYBE;2;29.8.1956;0;2
RETSI;1;17.2.1972;0;1
SININE;4;12.2.1971;0;4
AS;5;29.8.1955;2;3
SEBHA;33;10.12.1965;0;33
MATAR;39;11.11.1959;39;0
TEMESI;2;27.5.1956;0;2
ESIRGEN;2;27.8.1984;2;0
HUMEYDI;30;20.1.1957;30;0
AFTE;7;13.11.1959;0;7
SIHADE;38;3.1.1957;37;1
SAKHA;13;13.5.1960;0;13
MENUSURE;1;22.2.1967;0;1
SEHURET;2;25.8.1952;0;2
SAMIET;2;26.4.1988;0;2
ZIHEYYE;50;14.1.1965;0;50
MUKRU;12;12.7.1963;12;0
SAMMETTIN;1;17.3.1972;1;0
VAYBE;12;21.9.1964;0;12
NESEYMI;1;2.1.1969;1;0
EMETULLLAH;1;7.9.1988;0;1
NURSIM;4;8.12.1970;0;4
ABDUYHADI;1;5.5.1991;1;0
MUBEREK;3;20.8.1965;2;1
ABITULKERIM;1;17.2.1966;1;0
CURUYE;1;23.1.1973;0;1
SAHBAHEDDIN;1;2.8.1975;1;0
GEDBAN;1;22.8.1913;1;0
RECAIP;3;30.11.1971;2;1
KIZME;1;17.2.1954;0;1
AVAT;86;19.12.1961;86;0
MIZHAR;3;27.7.1968;3;0
RAHAYLE;5;29.3.1971;0;5
UMUTAY;4;25.9.1977;2;2
PAMIRIYE;1;18.1.1977;0;1
YEKTAMI;4;27.1.1974;4;0
FELLEN;1;28.4.1962;0;1
GINUS;1;7.2.1976;0;1
SOFULAY;1;13.3.1965;0;1
NICEL;18;9.11.1980;2;16
NERIZAN;6;14.6.1952;0;6
DURGEL;2;2.11.1954;0;2
LAYIBE;5;22.4.1953;0;5
NEFIME;3;6.2.1946;0;3
SEHEREZADE;1;21.9.1964;0;1
SEZEYEN;1;21.2.1966;0;1
KIRILHAN;1;27.2.1971;0;1
FEYYALE;1;12.2.1971;0;1
ESEFIL;1;16.2.1951;1;0
KOZUDE;1;21.10.1941;0;1
NUKAY;2;26.1.1982;2;0
TULEK;3;15.7.1971;0;3
NEZAHADTIN;1;26.9.1958;1;0
AIDYN;1;18.1.1974;0;1
ERGULEN;28;29.10.1966;9;19
FEZALET;6;14.4.1961;2;4
REVATIYE;1;25.5.1973;0;1
PLATIN;4;17.8.1951;2;2
FEDAYIM;10;28.9.1958;10;0
SOYTEKIN;5;28.3.1962;5;0
MILKEN;2;1.6.1972;0;2
SERDI;7;2.12.1972;5;2
FAYNE;1;2.5.1982;0;1
DAYIMI;25;14.9.1973;25;0
ANGELICA;13;26.6.1975;0;13
GULSAVER;1;2.12.1939;0;1
NAILCELAL;1;13.6.1976;1;0
SILDA;3;13.10.1976;0;3
BAYSON;2;3.1.1951;1;1
TUMKAN;13;26.10.1978;13;0
BURUN;8;10.6.1962;3;5
NAHAYDA;1;27.4.1968;0;1
NURZEMIN;2;7.4.1978;0;2
KANIYA;2;27.11.1976;0;2
ROKUS;5;1.3.1951;0;5
VOLKANCAN;1;5.4.1990;1;0
MIRDAN;2;27.2.1973;0;2
ZUNNURI;2;27.7.1971;2;0
TUZEN;7;7.1.1961;1;6
TEVCID;1;17.3.1978;0;1
MUSEDDET;27;24.4.1978;0;27
YEKSANE;1;12.2.1953;1;0
NEZYAT;2;2.8.1947;0;2
SUUHAN;1;11.9.1980;0;1
HANNIYE;6;9.3.1967;0;6
GULBITAN;1;12.2.1965;0;1
ABDULHANAN;10;4.8.1973;10;0
IRAHIR;1;28.4.1977;0;1
MUHAZ;2;13.3.1983;2;0
NENBER;1;29.2.1950;0;1
FERDIDE;4;9.11.1939;0;4
MIHSIME;1;7.2.1958;0;1
NUKU;2;29.11.1944;1;1
NOFER;28;29.2.1968;26;2
SEFHURE;1;23.6.1951;0;1
AMIDA;1;1.10.1984;0;1
ZULKARNEN;1;17.2.1960;1;0
DUNUF;1;7.2.1952;0;1
ALER;2;27.1.1976;1;1
TEYFUK;21;12.3.1967;21;0
BICIHA;1;8.12.1966;0;1
LOBA;3;24.10.1969;0;3
SUHO;1;2.4.1966;1;0
GALAF;1;19.6.1972;1;0
MUHVET;2;2.3.1969;0;2
KEVRI;3;25.3.1932;0;3
GIRBI;1;27.12.1986;1;0
BASRO;2;4.2.1960;1;1
BAGZI;1;27.8.1932;0;1
HALENE;1;17.2.1972;0;1
HALUMA;1;21.3.1935;0;1
HUCRAM;1;17.2.1966;0;1
AYNAMAZ;3;26.12.1983;0;3
RAIFET;6;7.6.1962;0;6
SEKVET;1;8.2.1988;1;0
BAHICE;5;17.6.1968;0;5
BEZIRE;1;19.3.1948;0;1
ZORAN;7;21.5.1972;3;4
A.FATMA;8;4.2.1942;0;8
DIMAR;1;22.2.1973;1;0
ZERHA;11;23.11.1972;0;11
BEDUHAN;2;4.6.1968;1;1
FENIME;1;9.1.1982;0;1
ITEY;2;1.11.1955;0;2
CEDDUH;4;21.6.1956;4;0
NERIHAT;2;24.1.1970;0;2
GULFUROZ;2;14.1.1971;0;2
HACIYOL;1;17.2.1966;1;0
SEFYET;2;21.10.1969;0;2
MEMRIHAN;5;3.3.1978;0;5
ESHABA;1;11.7.1966;1;0
UZME;4;30.12.1958;0;4
ZAFIRULLAH;1;12.10.1953;1;0
S.ERDAL;1;30.4.1976;1;0
MUKTAD;4;2.10.1968;4;0
GULBEZAR;2;22.5.1949;0;2
ANJILHA;1;17.12.1978;0;1
EZRAN;1;14.10.1968;0;1
NEMRIYE;8;16.4.1957;0;8
ABDARRAHMAN;1;8.7.1988;1;0
RAGDAR;2;13.3.1949;0;2
AYISHAN;10;21.2.1945;0;10
IBRAM;18;9.9.1965;16;2
SIRINAR;1;2.2.1969;0;1
AYDELI;1;11.5.1957;0;1
SAZELYE;1;29.4.1939;0;1
BAYRIFE;1;27.8.1938;0;1
HAMIDAN;12;9.3.1963;6;6
SERIZET;1;27.5.1961;0;1
OMMULSUM;1;17.2.1978;0;1
HATTUN;7;4.8.1972;0;7
HOCETTIN;1;22.2.1979;1;0
CARAH;1;15.11.1939;1;0
PERMIL;4;9.6.1975;0;4
TEYHA;10;22.7.1970;0;10
HICICA;1;12.2.1965;0;1
RAZIMA;6;2.5.1960;0;6
GAMSE;6;12.11.1963;0;6
BIRINDAR;6;12.1.1977;6;0
HAMAYLI;6;7.1.1958;0;6
ABDULHI;5;10.8.1962;5;0
SIHSINAN;3;28.5.1965;3;0
ZELLIHA;5;19.8.1960;0;5
MEZKIYE;1;22.4.1985;0;1
RAMISA;2;4.1.1969;0;2
GURBED;2;27.3.1982;0;2
REJBER;1;27.3.1992;1;0
TEYYAREY;1;22.2.1973;0;1
IDALEDIN;1;29.4.1968;1;0
IGANE;1;17.2.1960;0;1
HACIMAHMUT;10;20.4.1970;10;0
NECISE;3;3.7.1956;0;3
ADULEY;11;15.2.1951;0;11
ZINVET;1;7.3.1964;0;1
IMREM;11;29.1.1976;0;11
SEHMEHMET;30;21.8.1964;30;0
DULSEN;4;20.5.1972;0;4
HATUNAY;1;22.11.1991;0;1
IMMHAN;3;5.7.1960;0;3
HAMBUL;2;19.12.1971;0;2
BUBAN;14;13.11.1970;14;0
HAZMIK;3;21.9.1943;0;3
GURTEL;2;22.2.1964;0;2
VELPARE;1;1.2.1964;0;1
BEHZER;3;11.7.1952;0;3
KIYAYET;1;22.8.1937;0;1
UZULA;2;9.1.1961;0;2
PEYAME;1;7.5.1958;0;1
MUSTINAS;1;17.10.1948;0;1
YERDAN;4;15.2.1968;0;4
YILGUL;11;4.6.1966;1;10
GUNET;6;27.12.1966;1;5
GUNERCE;1;2.2.1939;0;1
MIKERREM;1;22.8.1971;0;1
NIMAL;1;21.4.1977;0;1
IBADIN;1;12.2.1959;1;0
CULLO;1;2.8.1927;1;0
HEBIZE;3;22.12.1973;0;3
MUSAFA;3;21.9.1946;1;2
ZELI;9;18.2.1941;0;9
HIYASEDIN;6;12.4.1961;6;0
HEBRA;1;2.8.1975;0;1
MIRIVET;4;25.6.1964;0;4
GULGULEN;2;14.5.1956;0;2
HUVEYIC;1;1.3.1959;1;0
FAILIGA;1;22.3.1973;0;1
COKSUKUR;1;30.4.1956;0;1
GULSERDAR;1;18.4.1966;0;1
NURCADE;1;10.10.1955;0;1
IPRISIM;1;7.7.1968;0;1
VILDAL;2;5.10.1984;0;2
MEHFANE;1;17.8.1942;0;1
RUKOS;20;12.2.1956;0;20
EL;5;4.8.1969;1;4
ORGER;1;7.11.1946;0;1
DURUSAH;4;10.2.1956;0;4
BEYCER;1;14.2.1973;1;0
IRHAYLA;1;23.4.1967;0;1
MUHLIZ;7;3.1.1965;7;0
SEHDEN;2;21.2.1967;0;2
HENIYE;15;22.8.1968;0;15
SUKKERIYE;35;1.7.1952;0;35
DUNYAZEL;3;3.11.1952;0;3
SEHIRZAN;6;22.6.1957;0;6
SALFINAZ;6;21.3.1945;0;6
ALFIA;7;2.8.1971;0;7
NELVA;1;26.5.1974;0;1
NIHVEN;1;26.2.1976;0;1
MILET;1;21.3.1970;0;1
TECISER;1;13.2.1965;0;1
MAHIDEVRAN;3;19.11.1948;0;3
INTISAL;10;22.2.1960;0;10
SARCAN;3;19.5.1973;2;1
SEKIRZAN;1;28.12.1957;0;1
SELBA;6;7.7.1967;0;6
YESRE;15;2.1.1973;0;15
REHIYE;11;18.3.1954;0;11
ESIYEM;1;21.9.1980;0;1
ISMINEZ;1;1.5.1944;0;1
FATMAA;1;7.12.1983;0;1
NEBREZ;1;26.10.1978;0;1
SAYIZA;1;7.2.1970;0;1
AYCELIN;1;27.2.1991;0;1
VEVRIYE;8;13.1.1958;0;8
VENNEHAR;2;29.11.1962;1;1
MEBRULLE;2;1.9.1979;0;2
VAAZETTIN;1;14.3.1983;1;0
AYSINEM;1;7.4.1988;0;1
NELAY;2;26.9.1962;0;2
SAHSIME;9;20.5.1962;0;9
TEMUNE;1;7.11.1988;0;1
LIDVAN;1;21.10.1959;1;0
CEHIBE;6;18.12.1959;0;6
RUFIL;4;30.10.1968;4;0
FEZAYIM;1;22.2.1943;1;0
ORUHAN;1;2.2.1963;1;0
SIYAL;3;7.9.1966;0;3
SADIFA;1;12.8.1929;0;1
SECGIM;1;10.10.1978;0;1
MEVSE;10;14.3.1955;0;10
SENEMSA;1;17.4.1966;0;1
BERKEL;53;16.12.1963;53;0
ZELHEY;11;15.1.1937;0;11
HEYMEN;2;24.3.1985;0;2
VAHHAC;2;22.12.1985;2;0
HARIPSA;1;12.5.1983;0;1
MUKTESER;7;13.7.1976;1;6
ATAKAYA;1;27.5.1971;1;0
SEYHIS;10;30.3.1963;10;0
MAISETE;2;28.7.1983;0;2
TEMIZHAN;1;12.2.1965;1;0
MAHBULLAH;3;1.1.1950;1;2
AYIP;22;2.11.1967;22;0
FIRKINAZ;3;10.3.1962;0;3
BEGLE;1;2.2.1957;1;0
HAREMSAH;3;30.10.1978;0;3
GULHANPERI;1;27.10.1968;0;1
ABDUSSETTAR;25;23.3.1959;25;0
ZOHREHAN;2;2.8.1981;0;2
NAYFEL;2;30.8.1968;2;0
MUSAVERE;3;23.2.1953;0;3
NEZAVAT;1;22.2.1967;0;1
DURYEKTA;2;19.8.1953;0;2
GULNEBI;4;1.6.1963;1;3
NUYFEL;1;23.9.1967;1;0
ABDULGAFFARI;2;5.8.1963;2;0
NUSIMAN;1;22.9.1973;0;1
KUDUSE;36;3.8.1970;0;36
LEZET;9;9.5.1973;1;8
IMIHANIM;2;25.11.1952;0;2
AYISEYI;2;7.9.1959;0;2
SEYALI;14;19.9.1953;2;12
EMILGALIP;1;19.10.1961;1;0
STEFKA;4;7.6.1958;0;4
ABDULVAHHAB;8;24.5.1976;8;0
CEMEHAN;4;4.4.1969;0;4
BERATKAN;1;13.6.1984;0;1
F.;5;29.11.1970;0;5
RAYINAZ;1;7.2.1956;0;1
ASKUL;3;11.2.1948;0;3
FATINA;9;8.4.1957;0;9
MINTI;16;12.10.1949;0;16
HASARRI;1;23.8.1968;1;0
ESENGUN;17;10.1.1958;0;17
AYNIZEYIHA;1;12.2.1965;0;1
YIBAT;1;5.9.1976;0;1
SANBEK;1;2.8.1945;1;0
ADDEM;1;10.9.1990;1;0
COVERA;1;15.8.1965;0;1
GIRIYE;12;4.9.1964;0;12
MUSAYETIN;1;23.2.1975;1;0
GIROS;1;22.2.1967;0;1
MUESEL;2;17.10.1966;0;2
ABDULHIKMET;1;24.3.1967;1;0
HAZIANE;1;3.3.1975;0;1
ZAGI;1;2.2.1981;1;0
MABIZE;1;19.7.1968;0;1
S.ABDURRAHMAN;2;24.8.1948;2;0
RAKIET;2;29.3.1962;0;2
RUVIDA;1;10.10.1991;0;1
SERAFFEDDIN;2;22.9.1966;2;0
ESMAYE;3;23.5.1959;0;3
SUCADE;1;13.2.1982;0;1
DENIZHANIM;1;2.5.1963;0;1
SELV;1;2.6.1987;0;1
MINTE;17;26.5.1958;0;17
PERZEY;1;13.2.1971;0;1
MEMETHALIT;1;2.9.1957;1;0
YILGEN;1;25.7.1977;0;1
ESFEN;1;2.7.1975;1;0
VASVE;1;17.5.1984;0;1
MAYIRE;10;15.9.1958;0;10
ENSEGUL;1;1.6.1990;0;1
DENGIR;28;29.1.1979;28;0
CUMALIYASAR;1;3.3.1961;1;0
GIRYAN;6;18.4.1978;1;5
ZELIGA;10;12.7.1953;0;10
FIRDUS;10;20.2.1960;0;10
ZALIYHA;2;15.1.1947;0;2
NIYASSE;1;16.6.1975;0;1
HAICE;2;14.6.1982;0;2
ORYAN;22;13.2.1972;22;0
REYDAN;8;27.2.1976;0;8
SARANUR;5;3.12.1984;0;5
IPEKGUL;5;13.8.1979;0;5
AYSEGULISTAN;1;28.3.1981;0;1
NEJMIN;1;23.8.1972;1;0
KUNCU;3;25.10.1985;0;3
CUNI;9;21.12.1940;0;9
RADIER;1;12.12.1938;1;0
IKRABIN;1;23.8.1980;1;0
SAHFEREH;1;8.3.1975;0;1
OKYARTAN;1;15.4.1972;1;0
AKABE;2;5.3.1963;0;2
NEIR;3;9.3.1951;0;3
SURMEY;2;25.5.1954;0;2
TIMIY;1;21.5.1966;0;1
ASATMA;12;18.3.1952;0;12
HARUNISA;3;17.10.1957;0;3
VEZI;26;4.4.1946;1;25
EBRAN;2;18.7.1983;0;2
TEZIRE;2;15.5.1956;0;2
RUZUGAR;2;20.2.1964;0;2
MAK.ULE;1;6.6.1985;0;1
GOZAN;1;16.4.1965;0;1
ZIMIYE;1;22.2.1967;0;1
HEZALI;2;14.11.1964;0;2
ULFEN;20;25.4.1968;8;12
GEVLI;1;2.10.1980;1;0
TEVAP;2;12.3.1971;1;1
OYSAL;8;1.1.1972;8;0
ZIHMIYE;2;24.12.1963;0;2
HINAM;1;2.10.1954;0;1
ZERILHAN;1;22.12.1979;0;1
GULMUZLUBE;1;12.6.1976;0;1
NEYSEL;4;3.9.1972;0;4
VESTAH;1;1.11.1979;0;1
MEHRINAS;1;6.1.1967;0;1
SULBE;3;7.6.1953;0;3
VESFAH;1;1.11.1979;0;1
HESARI;2;4.6.1953;1;1
ABUZERGAFUR;1;10.11.1972;1;0
GEMSIYE;6;18.2.1961;0;6
OBIS;4;28.9.1954;0;4
HUSEMETDIN;1;1.11.1970;1;0
URIYAN;1;11.9.1953;1;0
ZAHIDEN;2;8.7.1977;0;2
MUHDIN;7;26.2.1966;7;0
GOZUDE;2;19.4.1966;0;2
ADILKADIR;1;24.2.1961;1;0
HASABI;1;20.5.1975;1;0
SUREYAN;1;16.11.1980;0;1
AVISI;1;29.4.1925;0;1
NURIY;5;1.1.1948;1;4
METUMULLAH;1;22.8.1967;1;0
GAFUREY;5;2.9.1942;0;5
MUSSA;1;1.6.1960;1;0
ERTUREL;4;15.5.1947;4;0
ERDILE;2;5.3.1988;0;2
SOKEREN;1;3.5.1977;0;1
ORZULE;2;2.5.1960;0;2
GERGERLI;1;7.7.1979;1;0
SASIP;1;1.3.1974;1;0
GAFARIYE;1;7.4.1958;0;1
HILDAHAN;1;29.4.1984;0;1
BERATGAZI;1;28.4.1992;1;0
GIDIR;6;10.7.1960;6;0
GULBERAZ;1;22.3.1988;0;1
ABBIDIN;2;24.11.1971;2;0
SEG;2;9.3.1961;2;0
BUYAMIN;5;29.4.1965;5;0
GEZINE;1;21.5.1961;0;1
UVIS;2;17.6.1956;0;2
HACELE;2;28.3.1959;0;2
ABURRAHMAN;2;5.9.1982;2;0
ZULHAYAL;1;3.12.1964;0;1
GIRYE;1;8.5.1973;0;1
AYYISEHAN;1;16.3.1964;0;1
INCAP;1;7.5.1958;0;1
TAVHIRE;2;11.4.1964;0;2
ABDOL;1;22.6.1991;1;0
ZAZIME;1;21.11.1963;0;1
SEHSALIH;1;13.7.1991;1;0
BINZET;11;2.1.1959;5;6
CUNU;1;22.2.1949;0;1
HAZNETE;3;27.3.1967;0;3
OHANES;16;22.6.1943;16;0
KETRE;18;2.1.1959;0;18
MESATA;1;25.6.1955;0;1
SONOGUR;1;9.5.1955;0;1
MESIRRET;6;16.5.1949;0;6
NAFE;3;30.1.1938;0;3
ZADIN;17;19.10.1964;15;2
FATIMETOZEHRA;1;4.8.1963;0;1
ENSARIYE;2;2.2.1960;0;2
MUHRIBET;2;4.10.1967;0;2
MADRAN;2;5.8.1968;2;0
DIYAUDDIN;6;14.3.1976;6;0
GIZLI;4;20.4.1957;1;3
KAFURI;1;21.1.1967;1;0
ABDUSETTAR;3;1.9.1963;3;0
SEVPIL;1;17.12.1968;0;1
MEHMETCUMA;1;28.11.1980;1;0
SEYHMEHMET;32;22.9.1962;32;0
REBIYA;15;13.8.1968;0;15
MUDLAC;1;13.3.1959;1;0
BIRISEN;5;13.10.1957;0;5
ARSELI;12;15.4.1977;0;12
KILLO;1;17.8.1930;1;0
OTYAN;1;19.2.1972;0;1
SAFRAZ;1;11.3.1981;0;1
CAGLI;4;14.6.1979;1;3
DANISTAY;4;17.6.1982;4;0
SULGEN;1;17.2.1966;0;1
ARZUYE;15;17.2.1959;0;15
ZETUNET;1;17.2.1960;0;1
MUSBEH;10;5.5.1968;10;0
ELYEASA;1;30.8.1991;1;0
VESIFA;3;28.8.1983;0;3
REMZILE;1;26.6.1967;0;1
SOLEYMAN;6;26.6.1961;6;0
LEMHAN;9;13.6.1949;0;9
HACRE;7;8.1.1974;0;7
SEMSEDTIN;10;28.5.1963;10;0
SERDETE;1;13.3.1953;0;1
MURSELA;2;1.11.1971;0;2
VEZEY;3;23.11.1958;0;3
GAFARRI;1;13.8.1966;1;0
FEDULLAH;11;3.12.1974;11;0
GULOSTAN;1;12.5.1966;0;1
RUHULLA;1;14.5.1991;1;0
SETHIYE;1;6.10.1927;0;1
HACEP;2;8.8.1962;1;1
CIZEM;13;11.4.1989;0;13
SUYELA;1;17.10.1972;0;1
EHI;3;23.1.1303;2;1
UMMUSELEME;6;3.5.1985;0;6
M.NESET;1;7.9.1933;1;0
GIRO;4;13.2.1964;4;0
GELIBAR;1;22.2.1961;0;1
YURDAHAL;2;29.7.1974;0;2
AYSEMAN;35;26.12.1957;0;35
MOKEY;8;22.11.1944;0;8
MURDAHA;1;27.1.1980;0;1
EFIF;1;16.3.1970;1;0
NUVFEL;2;4.6.1980;2;0
MUHBERI;2;15.7.1978;0;2
IMUGULSUM;2;1.11.1963;0;2
ARIZIYE;1;12.5.1965;0;1
HACEREY;1;9.3.1958;0;1
GIR;1;11.8.1967;1;0
S.MUSLUM;4;30.8.1956;4;0
TELLEY;2;24.8.1949;0;2
AYSAMET;2;25.12.1978;0;2
HANZER;5;25.1.1962;1;4
BESERI;2;13.6.1975;1;1
RAHAL;1;19.5.1960;0;1
FATAH;3;24.3.1957;3;0
CEMINEL;1;16.2.1964;0;1
IHTILAL;11;17.1.1974;6;5
LEYMON;21;2.1.1965;0;21
EBRUHANIM;1;5.9.1976;0;1
ABUSADIK;1;27.10.1962;1;0
BEYE;15;4.2.1968;0;15
HAYURULLAH;1;7.2.1976;1;0
ZULFIRUZ;2;8.10.1935;0;2
NOSRET;1;4.9.1967;1;0
EDIRHAN;3;25.7.1963;1;2
RENATA;17;21.1.1967;0;17
BALAN;1;11.11.1986;0;1
HULLIYE;8;13.12.1960;0;8
ERSABAH;1;20.7.1983;1;0
MUNVER;3;29.4.1958;0;3
MUHUDTIN;1;5.12.1975;1;0
SADUMAM;1;13.8.1971;0;1
LUTUFA;1;24.4.1973;0;1
NABIE;3;9.8.1967;0;3
LEVZI;7;14.9.1960;0;7
ABUZERGAFFUR;1;11.2.1979;1;0
NERUDE;1;11.6.1961;0;1
RAYIGAN;8;2.7.1954;0;8
KIBAY;1;12.11.1989;0;1
NURNIHAN;6;27.1.1971;0;6
NEYMAN;4;17.6.1959;0;4
SEMMED;1;7.2.1982;1;0
MUHAP;3;29.2.1966;3;0
GUHARI;5;7.7.1952;0;5
DENTAS;1;11.6.1975;1;0
DILFROS;1;23.5.1974;0;1
DILFOROZ;5;4.1.1969;0;5
SARUNCA;1;17.2.1972;0;1
MEGPULE;2;17.10.1957;0;2
FARZEY;12;9.9.1966;0;12
ABDITALIP;1;7.2.1976;1;0
TEYLI;5;14.4.1956;0;5
SUIP;4;5.6.1958;4;0
HANNEN;12;14.6.1968;10;2
MEKULE;1;5.12.1959;0;1
TESBIHE;5;3.7.1971;0;5
HULYAR;1;4.4.1951;0;1
GUHERI;4;28.5.1952;0;4
DILFORIZ;1;13.4.1950;0;1
ABDULSEDAT;8;6.8.1978;8;0
ABIZAR;5;1.2.1963;5;0
EKREMI;1;22.6.1978;0;1
CEVIYE;2;1.8.1960;0;2
TUGBAGUL;11;5.12.1985;0;11
PERIS;41;2.6.1960;0;41
EBUHUREYRE;6;15.2.1985;6;0
SAYISE;3;17.5.1958;0;3
HAFFEY;1;17.5.1936;0;1
KEBUT;2;20.10.1964;1;1
MURDIA;1;23.11.1978;0;1
BENNAZIR;2;12.1.1990;0;2
GORCAN;7;14.12.1970;5;2
LEZVIYE;1;19.12.1986;0;1
UBAT;11;4.10.1969;11;0
ZIAYEDIN;1;12.3.1965;1;0
GUDBETTIN;3;29.4.1957;3;0
MUHKADES;1;16.3.1970;0;1
GAFURI;3;6.3.1963;1;2
ZIBU;3;2.11.1929;2;1
MUCELLEM;3;14.7.1970;0;3
MUKRUM;4;4.6.1951;4;0
FIKREZ;3;28.7.1982;0;3
EBUKASIM;1;7.3.1988;1;0
TEKGUN;2;20.2.1980;2;0
TAIDE;6;10.12.1964;0;6
TEMIYE;4;27.1.1971;0;4
ZUHRUHAN;1;11.4.1966;0;1
SABADIN;8;30.1.1966;8;0
KIVAR;6;7.1.1958;0;6
SAMEY;13;22.8.1951;0;13
OCI;6;23.10.1946;0;6
USU;1;22.8.1931;1;0
ZEBIYE;13;26.11.1954;0;13
YONGUL;1;17.7.1978;0;1
BENSUN;2;3.3.1972;0;2
ALISI;3;1.8.1958;1;2
BAKIM;5;24.10.1969;4;1
GULMIZGIN;1;21.2.1984;0;1
RUZGIYE;1;7.9.1978;0;1
ANSARI;39;16.1.1963;39;0
ZEYIRCAN;1;5.5.1957;0;1
REBYE;2;25.3.1957;0;2
MUZHER;2;4.4.1953;0;2
TUMI;7;14.10.1947;0;7
SEVFIK;4;7.2.1971;4;0
TAHIRDE;1;17.2.1972;0;1
SUZGAN;3;27.11.1959;0;3
HALILARAHMAN;1;12.5.1975;1;0
NESYIHAN;2;4.6.1982;0;2
ZARIMCE;1;7.3.1964;0;1
RAMIY;1;12.1.1959;0;1
TUNI;5;29.7.1958;0;5
M.FAHRI;7;2.1.1940;7;0
NAZIY;4;7.6.1953;0;4
HASALI;2;28.7.1961;2;0
HATAVI;1;26.1.1953;0;1
ABISEYF;1;9.3.1934;1;0
SHILAN;1;9.2.1977;0;1
OBEYS;2;21.10.1948;0;2
HEMILO;1;23.4.1934;1;0
RABIAHAN;1;3.8.1943;0;1
TUMU;2;6.7.1966;0;2
PEVRIME;1;12.2.1965;0;1
DULFIROZ;2;23.6.1975;0;2
DERVES;10;12.10.1963;10;0
BEDIRSAN;3;28.5.1966;1;2
SEYHMET;1;5.3.1961;1;0
FILAZIZ;1;1.5.1920;1;0
RUKKEN;4;29.5.1982;0;4
KIBRI;5;24.1.1952;0;5
MUVETIR;1;7.8.1958;0;1
GANDO;1;2.8.1915;1;0
SATTIYE;9;20.2.1969;0;9
SAHIHA;5;1.7.1971;0;5
FRUZAN;3;28.3.1968;0;3
GOHRA;1;27.4.1940;0;1
MILLO;1;27.4.1938;1;0
EBAYMUSLUM;1;23.2.1967;0;1
HASGIR;3;9.7.1952;3;0
FEGIRE;1;15.3.1974;0;1
ZERVAN;2;23.12.1970;0;2
HEDIRE;1;6.3.1940;0;1
ZEYIRIBAN;1;7.10.1973;0;1
ABIDI;2;18.6.1979;1;1
DULFIRUZ;1;22.7.1989;0;1
TAZIM;5;5.4.1956;4;1
CUNEY;54;14.2.1959;8;46
HAMSEG;1;2.2.1957;0;1
TERZIRE;1;2.10.1977;0;1
OVEYIS;11;28.6.1958;4;7
CIMA;2;20.6.1953;2;0
ISLIMHAN;12;7.4.1969;0;12
GIRI;2;30.10.1944;0;2
HIKMAN;1;12.2.1965;0;1
UMMEYE;3;14.1.1989;0;3
MUSIKE;22;28.6.1958;0;22
AYBAT;4;8.1.1957;2;2
BACIME;1;26.3.1952;0;1
HUSEYIN.;1;10.7.1990;1;0
HARIFET;1;8.11.1974;0;1
ISNUR;10;7.1.1972;0;10
ZELNEL;3;2.11.1975;3;0
FERYOL;3;21.8.1973;0;3
NIGE;5;26.4.1968;0;5
FIRYA;6;18.1.1964;0;6
GURIS;2;9.11.1964;2;0
BESURE;4;3.10.1960;0;4
GANEY;3;15.12.1934;0;3
KURIS;3;23.9.1957;2;1
ARJIN;5;25.9.1987;2;3
GEZNE;5;17.12.1971;0;5
MUALI;2;22.5.1952;2;0
HORIDE;1;5.2.1959;0;1
SEMSEBAN;2;27.2.1959;0;2
SEHHRIBAN;1;13.11.1991;0;1
MIZIYAN;2;14.11.1972;0;2
BERKISE;1;12.3.1953;0;1
SEBINEBAT;1;12.2.1965;0;1
ADIRHAN;1;1.9.1968;0;1
IMIHANI;2;30.5.1950;0;2
DIFROZ;1;22.2.1968;0;1
BEDRIE;15;3.12.1966;0;15
KUCUKYUSUF;1;27.8.1944;1;0
TARAT;1;22.6.1968;0;1
DILFIROS;3;16.8.1959;0;3
HAK;13;4.8.1962;13;0
HAMGIR;3;7.12.1965;2;1
RABO;1;22.8.1943;0;1
YIDIZ;5;22.9.1977;0;5
TACIZER;11;19.11.1961;0;11
SAADEK;1;27.6.1974;0;1
MIDIYAN;1;11.6.1974;0;1
BAHTIGUZEL;11;6.7.1961;0;11
ADIYOKTUR;3;25.10.1960;1;2
UNFAN;1;4.3.1973;1;0
MEHMETCEM;1;19.8.1972;1;0
VESILET;4;23.6.1963;0;4
CULEYDA;3;4.10.1951;0;3
TILAMIZ;6;18.7.1965;6;0
ASAFATMA;3;25.11.1950;0;3
CERCI;3;15.12.1955;3;0
LUVEREN;13;15.9.1964;13;0
GULNURAN;9;16.4.1963;0;9
TALAAT;7;7.4.1974;7;0
ELMASGUL;1;15.10.1981;0;1
BEYAZAY;1;6.7.1955;0;1
KASOV;1;18.4.1954;1;0
HAZNEDAR;4;2.3.1952;0;4
IMISEN;6;24.11.1942;0;6
HAYCIMEN;1;19.2.1966;0;1
HORYAN;1;8.3.1954;1;0
SAVLO;1;10.6.1972;1;0
NURGUZAR;4;4.12.1976;0;4
NURDAMLA;9;26.4.1977;0;9
HADIHA;1;22.7.1971;0;1
NURSEMEN;1;7.6.1987;0;1
YAKUPCEM;1;10.10.1985;1;0
UMITI;1;2.2.1974;1;0
YUSIF;4;17.1.1964;4;0
DEYRA;3;3.5.1981;0;3
MEMETMESUT;1;28.6.1978;1;0
GIRIYA;2;5.3.1955;0;2
ZAYDIN;3;21.1.1961;3;0
FERYIT;1;3.4.1969;0;1
SEMEGUL;3;12.2.1962;0;3
HAMZAYAR;6;4.11.1969;6;0
AHALI;1;6.5.1979;1;0
DIGEL;2;29.8.1977;0;2
KAFUL;1;23.2.1955;1;0
IRAZIYA;1;10.1.1975;0;1
IMAMALI;18;28.4.1961;18;0
SAHIDEK;1;23.3.1973;0;1
SIHBEY;2;7.7.1967;2;0
BABIS;4;15.5.1968;4;0
MESTO;17;21.3.1938;17;0
MIYASEN;3;30.4.1979;0;3
LIVEREN;8;26.2.1969;8;0
GAMEY;1;17.2.1954;0;1
GULSERPEN;1;11.11.1950;0;1
HACABI;4;8.6.1977;4;0
TOPEY;25;9.3.1959;0;25
NASEN;19;20.9.1953;15;4
TERBIZ;1;11.7.1968;1;0
NUREYI;1;20.6.1990;0;1
ZAITDIN;1;12.11.1985;1;0
ZAYIDIN;6;22.3.1969;6;0
TANZIRIYE;1;11.5.1955;0;1
ZAIDDIN;10;15.12.1978;10;0
FEYRO;1;16.7.1945;0;1
ZATIN;13;10.6.1969;13;0
ESUFE;1;14.10.1952;0;1
ADILYA;2;10.6.1962;0;2
ALICELAL;2;11.4.1979;2;0
DEYHA;2;28.3.1965;0;2
ZOVER;1;2.3.1957;1;0
GAZIBAN;1;11.6.1939;0;1
NIYYAT;1;22.5.1955;0;1
VAKIFE;1;18.11.1953;0;1
ZEHEY;2;28.2.1959;0;2
NUKFEL;1;1.6.1967;1;0
ERFETTIN;1;22.2.1979;1;0
DORDANE;5;10.6.1968;0;5
EMINEY;1;22.8.1931;0;1
DONDO;1;21.10.1982;0;1
MECNON;1;26.3.1967;1;0
ABUDULKADIR;1;28.8.1991;1;0
SEFIATI;1;4.3.1963;0;1
ESEV;1;1.2.1949;0;1
RUTFIYE;3;23.4.1971;0;3
ZAADE;2;14.12.1947;0;2
EVLAT;2;3.12.1940;2;0
RAMEY;1;21.7.1948;0;1
HOYRAN;3;23.3.1959;3;0
SEKMIYE;1;22.2.1967;0;1
FAKIRI;1;17.4.1947;1;0
SAVILEY;4;26.6.1979;4;0
ASIKA;3;16.3.1949;0;3
AKCALI;4;19.2.1960;1;3
HOSU;2;1.5.1938;1;1
ESGULLU;2;2.1.1963;0;2
MENKSE;1;22.10.1991;0;1
HACCU;2;17.5.1926;1;1
UVAYS;1;18.5.1947;0;1
GULDIRAN;1;22.2.1967;0;1
HETAIN;1;14.6.1947;0;1
KUREYES;1;18.7.1947;1;0
MUKEY;9;25.11.1947;0;9
BEGUL;62;15.6.1983;0;62
KORES;1;17.2.1954;1;0
URGEL;13;27.7.1971;0;13
FILLAY;1;3.9.1920;0;1
BESEYE;1;18.3.1956;0;1
ZELIFER;4;25.10.1968;0;4
HAFUREY;5;23.10.1562;0;5
MEDEY;1;12.8.1929;0;1
OCIYE;1;22.3.1961;0;1
NAYLI;9;29.8.1957;0;9
MAMILI;1;12.2.1965;1;0
AYILENUR;1;2.1.1969;0;1
HACAZ;1;5.10.1983;1;0
FIDALYA;1;6.7.1978;0;1
HALILMEMET;1;27.8.1926;1;0
KIZMAZ;1;7.8.1928;1;0
PITI;5;26.6.1933;0;5
LEVZIN;1;7.2.1958;0;1
HAMA;10;1.9.1941;3;7
KOSEY;2;18.6.1948;0;2
OBES;3;6.7.1957;0;3
MENTISE;1;20.9.1948;0;1
YUREBE;1;22.2.1967;0;1
GAZINE;5;8.7.1955;0;5
UBES;2;30.11.1952;0;2
MEKEY;1;1.1.1927;0;1
AYNIZELIHAN;1;27.2.1950;0;1
ZARETTIN;3;22.4.1965;3;0
TUKMEN;1;27.6.1980;0;1
MURUVVER;4;12.4.1954;0;4
BINNAMIN;4;17.9.1956;4;0
SULUYE;19;7.1.1960;0;19
PARIZADE;1;8.5.1982;0;1
SERMES;9;29.12.1978;9;0
AYISEHANIM;1;24.5.1961;0;1
TEVFUK;1;11.3.1957;1;0
DILSET;3;10.12.1966;0;3
SIDKA;10;11.6.1959;0;10
ISMIHATUN;3;3.7.1946;0;3
OZHIYE;1;20.6.1968;0;1
ZINIY;3;2.5.1957;0;3
ZIMETE;3;12.1.1963;0;3
MUCEZZET;1;3.6.1978;0;1
KAHARI;1;22.4.1931;0;1
NIKI;6;8.6.1949;0;6
ZERKAN;6;25.9.1975;4;2
ZIYNETTE;2;3.2.1954;0;2
SEYDOBAS;1;21.4.1965;1;0
MELIGE;4;11.6.1950;0;4
HACIRAMAZAN;2;7.10.1951;2;0
HAYICE;6;24.11.1958;0;6
ZEILHA;4;23.1.1968;0;4
SUVETHAN;1;3.6.1975;0;1
BEDEVHAN;2;28.4.1977;0;2
GOLNUR;5;2.7.1974;0;5
VADIHE;4;18.4.1951;0;4
NADILA;2;12.2.1959;0;2
YETKOL;1;11.11.1987;0;1
ZUBRE;2;2.2.1978;0;2
IFAKKAT;1;7.1.1964;0;1
ASIHA;2;17.9.1945;0;2
KEJJEY;1;15.2.1938;0;1
FARIHAN;2;16.8.1958;0;2
BEZIRGAN;6;16.8.1967;6;0
NABEHAT;2;18.12.1961;0;2
BERALI;1;23.7.1942;1;0
UBEYSI;1;18.9.1963;0;1
KIYASE;4;1.10.1965;0;4
TAHVIDE;17;4.12.1969;0;17
BEKZADE;9;23.4.1957;8;1
TITTI;1;6.1.1940;0;1
AYNIZILHA;42;10.10.1966;0;42
ABDULRAKIB;6;15.10.1984;6;0
ERIDE;3;15.5.1970;0;3
PENBA;4;18.1.1972;0;4
KACO;2;21.4.1958;2;0
ITI;3;11.1.1941;0;3
FETHIZE;1;13.12.1949;0;1
HANPULE;5;5.10.1954;0;5
FAYISA;1;17.2.1960;0;1
NOYFER;2;25.8.1982;2;0
VAHIDIYE;2;24.12.1973;0;2
ORKUYE;1;17.10.1954;0;1
BEZEN;18;8.11.1969;0;18
GULMATI;1;3.11.1965;0;1
KAMRIYE;1;8.2.1958;0;1
ZUREYYET;1;10.4.1958;1;0
GALISA;2;19.9.1972;0;2
FERIDEGUL;5;12.10.1975;0;5
EMIROZ;1;10.4.1940;1;0
GULMERYEM;9;30.6.1978;0;9
DUYUS;1;7.10.1984;0;1
ISNAHAN;1;3.1.1969;0;1
FETMI;1;7.8.1964;0;1
FATISA;1;9.9.1979;0;1
NUNEY;1;17.7.1936;0;1
NAZFE;1;24.3.1981;0;1
NEDANI;1;5.11.1982;0;1
TITILLI;2;27.8.1926;0;2
PETES;1;15.6.1960;1;0
ZEYVA;1;12.12.1985;1;0
TERBUNUR;2;27.2.1965;0;2
SAHMETLI;8;4.5.1978;8;0
SIRNA;1;12.11.1959;0;1
MEGRIBIYE;1;17.8.1936;0;1
ISMAL;4;29.7.1974;4;0
URKMEN;2;18.5.1964;1;1
HEDIZ;1;2.3.1973;0;1
ZUFIDE;3;30.9.1939;0;3
ENZELIHA;3;1.10.1960;0;3
ALPBUGRA;3;11.1.1991;3;0
ATAYIK;1;6.11.1980;1;0
NESAYI;4;8.3.1974;1;3
EMISEM;2;1.6.1959;0;2
MOELLE;1;4.1.1948;0;1
SIME;12;9.9.1959;0;12
TENRA;1;3.2.1989;0;1
SUNURIYE;3;11.12.1960;0;3
ZEBILHAN;2;1.3.1964;0;2
FELICITE;1;18.5.1987;0;1
FERZANUR;1;17.4.1984;0;1
MENTIS;1;2.8.1939;0;1
SEMSAY;6;27.5.1967;0;6
MORFI;2;21.5.1949;1;1
KUCUKMEMET;1;17.10.1935;1;0
NEJLIYE;10;23.2.1961;0;10
SEYAS;1;21.9.1991;1;0
MENSE;8;23.12.1953;0;8
VERENA;7;2.8.1968;0;7
NESAH;4;3.1.1969;3;1
UZNER;2;24.10.1961;0;2
HAYCE;24;15.1.1960;0;24
ESETMA;1;27.2.1962;0;1
MUSENBER;2;30.1.1954;0;2
MEYTULLAH;9;4.4.1962;8;1
SEFAKA;1;28.7.1961;0;1
USAMET;1;26.2.1990;1;0
AGNES;9;21.5.1961;0;9
GULTU;1;27.2.1968;0;1
MAZENGUL;1;21.6.1982;0;1
BETRU;1;21.3.1977;0;1
SAHET;1;23.10.1965;1;0
ZEYBENDE;2;28.2.1983;0;2
SELHI;2;11.8.1951;0;2
NEVRU;2;19.5.1978;0;2
.;3;1.9.1955;3;0
ELIFEY;1;27.2.1950;0;1
TUGDAN;7;20.3.1971;0;7
GULFEDAU;1;7.12.1956;0;1
SADIBEN;1;27.2.1974;0;1
NEBIGUL;8;27.6.1959;0;8
YLVA;1;15.6.1973;0;1
NURSANEL;1;11.1.1982;0;1
ALBAYRAK;5;19.3.1968;4;1
NECLIHAN;10;13.6.1954;0;10
TALEP;9;30.7.1974;8;1
URUSTEM;8;13.1.1962;8;0
MUHLISIN;2;6.4.1961;1;1
KIR;4;6.6.1955;3;1
SERHRIBAN;1;1.3.1954;0;1
SELAHHATTIN;9;13.10.1967;9;0
GELECEK;1;18.5.1975;0;1
ANDIM;11;26.6.1980;3;8
TECCAL;1;27.10.1920;1;0
IBRHAHIM;1;11.11.1991;1;0
CEMGIR;1;8.4.1976;1;0
OZGULHAN;2;12.8.1986;0;2
FEVRUZ;7;14.10.1969;5;2
EMRHAN;1;12.3.1983;0;1
SAHDEDDIN;3;24.11.1974;3;0
NESRIYAN;2;30.10.1963;0;2
H.ABDULHAKIM;1;24.7.1970;1;0
KOCAN;5;12.4.1968;5;0
GUNYAR;9;19.9.1961;0;9
ZUHAYAT;1;27.3.1962;0;1
SEBUH;9;24.1.1955;7;2
SACIBE;4;5.12.1960;0;4
MUZZERIFE;1;7.3.1971;0;1
SENYAZ;4;18.8.1948;1;3
MEVRUDE;8;1.6.1948;0;8
I.HALIL;24;4.7.1965;24;0
ZENU;1;2.8.1933;1;0
EZZEL;1;29.11.1982;0;1
ABUSUFYAN;1;17.10.1990;1;0
TEZBIHE;4;10.4.1960;0;4
OBUS;1;30.5.1931;0;1
TECIDE;2;17.5.1976;0;2
CANU;6;3.7.1969;3;3
BILLAL;4;18.1.1977;4;0
HABIHAN;1;1.1.1;0;1
ZEBINET;1;26.2.1972;0;1
SIDIKI;3;10.8.1964;3;0
HEMSIYE;20;11.9.1958;0;20
MIYAASE;1;27.3.1989;0;1
RUNAYI;3;3.1.1975;0;3
ORSAY;6;3.5.1974;4;2
BASRU;1;16.6.1964;1;0
GEYRIYE;2;24.5.1955;0;2
ABDUVEHAP;1;27.2.1968;1;0
MISPAH;11;14.8.1974;11;0
FEYZETIN;3;14.6.1980;3;0
TURKYAN;9;28.3.1964;0;9
SAHGULU;2;26.3.1969;0;2
EBUSADIK;3;21.10.1982;3;0
KUMIYE;1;7.9.1964;0;1
ENVERSEDAT;1;8.6.1991;1;0
HAYIBE;4;3.7.1955;0;4
ASHAP;3;25.12.1977;3;0
FAVDULLAH;1;12.10.1987;1;0
EFZEL;2;7.6.1946;1;1
MUZAETTIN;2;16.2.1960;2;0
JENI;17;14.9.1970;0;17
MUHACIN;1;27.8.1953;0;1
MASURA;1;21.3.1948;0;1
NOREDIN;1;28.1.1973;1;0
UZUMA;1;2.8.1951;0;1
SELIVER;1;19.10.1989;0;1
BEYTULA;5;19.2.1955;4;1
ISSI;5;17.5.1956;1;4
MEHMETILYAS;2;22.2.1985;2;0
METHAN;11;12.7.1969;9;2
NETULLAH;1;6.2.1973;1;0
HATICIE;1;28.5.1991;0;1
OKES;8;30.2.1972;8;0
MUSEDET;16;21.7.1978;0;16
VASFA;14;2.5.1969;0;14
GOLSAN;4;18.6.1965;0;4
DIZDAR;10;30.4.1965;9;1
NOZBIH;1;26.1.1977;1;0
MUDIHAN;1;18.6.1975;0;1
MEKUDE;1;26.5.1974;0;1
M.GOLI;1;7.2.1964;1;0
NADIYAN;2;12.8.1954;0;2
H.RAMAZAN;3;3.2.1958;3;0
VASIRE;1;17.11.1966;0;1
MAYIBE;3;30.7.1959;0;3
CUMHA;7;2.8.1968;7;0
YETET;1;13.3.1981;0;1
SEHNNAZ;1;16.2.1979;0;1
BEGDAT;2;25.9.1969;0;2
DUDIHAN;2;6.11.1945;0;2
PIRIZADE;3;22.5.1959;0;3
PERZIMELEK;1;27.2.1956;0;1
DUNZA;1;6.2.1972;0;1
BILEC;34;12.1.1962;34;0
OLUYIS;1;17.2.1954;0;1
MUGANNI;1;8.8.1944;1;0
HANS;9;15.10.1981;9;0
OMIYE;1;22.2.1967;0;1
ZAYNAL;2;10.2.1961;2;0
GUDAR;5;25.5.1981;5;0
NAZEDIN;1;14.3.1977;1;0
ZUMURTE;2;11.10.1969;0;2
HOREHAN;1;16.9.1985;0;1
GURKEM;2;7.10.1989;1;1
AREYS;1;26.9.1955;0;1
FIKET;4;26.8.1956;1;3
TECATIN;3;7.3.1964;3;0
SABAHADIN;7;3.10.1964;7;0
GOZIDE;15;3.9.1967;0;15
BEYDE;8;26.4.1967;0;8
HASIGIR;1;7.8.1934;1;0
MEGSUDE;1;27.1.1975;0;1
VEBI;8;26.9.1959;8;0
BEYNEL;3;24.2.1971;2;1
SELUHA;3;18.3.1964;0;3
ZERAH;11;13.10.1966;0;11
TEZBIHA;6;14.9.1974;0;6
AYSAMAN;9;19.1.1961;0;9
MASIRE;8;16.3.1970;0;8
OZNIR;1;28.6.1956;0;1
MUZZEFER;3;6.2.1972;3;0
DUDGAN;1;17.2.1960;0;1
SABAHE;5;19.8.1946;0;5
SVETA;7;25.6.1970;0;7
NESHULLAH;1;23.11.1990;1;0
DURSINI;2;4.1.1945;0;2
TULHAN;13;15.3.1969;2;11
NEHSAN;5;5.8.1965;5;0
SIBIHI;1;22.2.1955;1;0
GOLTAN;7;21.12.1964;0;7
HEZAZAL;1;26.3.1966;0;1
TESTIK;1;1.5.1972;1;0
SARMI;2;18.7.1950;0;2
HUTTU;3;23.5.1936;2;1
IRSAN;9;26.7.1975;6;3
SACMA;26;12.1.1965;0;26
SICADE;1;22.2.1967;0;1
ZAHIRDE;1;22.6.1985;0;1
SIRIFE;4;1.2.1972;0;4
MEZIZE;1;7.6.1964;0;1
ONIR;1;13.5.1965;0;1
VEDFAN;6;4.11.1965;0;6
FIRKIZADE;3;17.12.1967;2;1
FERAHEDIMA;1;22.2.1992;0;1
MEDIKO;4;20.5.1956;0;4
MUSACIDE;3;30.4.1990;0;3
NEVZAR;17;7.2.1959;3;14
TEHIDE;5;9.9.1957;0;5
HAFINE;1;2.5.1944;0;1
DEMOKRASI;3;8.1.1952;1;2
VETFAN;14;25.12.1970;0;14
TAVUDE;1;1.7.1950;0;1
DOLSA;2;25.9.1960;0;2
MIDIHAN;2;5.10.1969;0;2
SAGULUYE;1;2.2.1951;0;1
HIDRET;3;5.9.1965;1;2
TEHI;1;14.6.1953;0;1
YANIYE;1;21.7.1975;0;1
TISMER;1;27.4.1971;0;1
MIFIDE;4;3.9.1961;0;4
HIREDIN;1;27.3.1968;1;0
SEVLICAN;4;5.7.1968;0;4
DILISAH;6;17.5.1971;0;6
AIYA;1;29.4.1955;0;1
MUHIMME;5;4.2.1967;0;5
BEGOL;1;17.8.1948;0;1
HACHAN;2;19.5.1965;0;2
ZEYTUNIYE;3;2.8.1967;0;3
ZILHAYA;1;12.2.1971;0;1
MEHSIDE;1;12.4.1959;0;1
NASIRAN;1;21.6.1975;0;1
CENAV;1;23.9.1971;1;0
SIRIBAN;11;9.8.1976;0;11
RABIY;2;22.4.1958;0;2
SABZE;1;20.7.1974;0;1
REMU;1;7.7.1934;1;0
MUNEVIS;1;5.3.1963;0;1
SAGULI;2;29.3.1962;0;2
OLVIYE;6;6.4.1957;0;6
BADILE;6;21.8.1942;0;6
VEDIFAN;2;4.11.1963;0;2
SAHGULYA;1;16.6.1971;0;1
BUNEVS;13;24.6.1970;0;13
OLEM;1;5.7.1984;0;1
ZILHAYE;1;17.2.1966;0;1
AYSENGUL;7;7.1.1971;0;7
ORKES;2;22.8.1949;0;2
KEVSERE;19;15.11.1955;0;19
NEVI;22;2.10.1958;5;17
NIYETULLAH;3;7.12.1969;3;0
ARZA;53;19.4.1948;0;53
ASERHAN;1;2.2.1975;0;1
FERZIY;1;17.8.1942;0;1
RAZIYEHAN;1;5.5.1975;0;1
SUZGEN;2;29.9.1982;0;2
PEZIHAN;1;26.5.1948;0;1
MUJDEVER;2;26.9.1981;0;2
GEMSI;2;4.8.1959;0;2
MUHCIZAT;1;7.2.1976;0;1
VATIFE;11;19.3.1958;0;11
MGULSUM;1;2.2.1981;0;1
MULIK;2;28.10.1967;2;0
GAMSI;1;7.2.1970;0;1
RIFHET;2;27.9.1969;2;0
ZEYTON;2;30.8.1965;0;2
MIRTAZA;9;1.3.1964;9;0
MUTO;1;7.4.1946;1;0
DIFIRUZ;1;4.3.1987;0;1
ZUMURET;1;15.5.1941;0;1
DILFROZ;1;6.1.1989;0;1
MODEN;1;7.12.1973;1;0
STELICA;2;18.6.1974;0;2
MIRTEZA;2;25.5.1964;2;0
EYNAR;2;6.9.1980;0;2
AKGURBUZ;1;2.6.1939;1;0
NASAL;4;20.7.1963;4;0
GUVENDEM;1;17.2.1972;0;1
IHNAS;1;12.5.1971;0;1
GENCALP;6;11.6.1982;6;0
GULAYSA;4;22.7.1965;0;4
TEIBE;2;6.6.1966;0;2
MAZNUM;4;1.11.1972;4;0
YILDIZTEN;2;19.11.1938;0;2
ZEBRIHAN;1;7.10.1928;0;1
SARCIYE;1;2.5.1975;0;1
DURGAN;10;9.7.1958;7;3
MAHMERI;16;21.6.1959;0;16
MUHTUBER;1;8.3.1980;0;1
ZEBIY;3;26.10.1935;0;3
NUFEYDE;4;17.9.1979;0;4
UREKET;1;11.5.1964;0;1
ECEBAY;1;16.7.1991;1;0
MANAS;21;21.6.1968;17;4
SITTISAH;8;14.7.1946;0;8
SENGULCAN;2;4.10.1971;0;2
SALAATDIN;3;27.10.1957;3;0
YOGMITTIN;1;10.2.1957;1;0
ROSEN;15;16.1.1972;3;12
MUVAHIP;1;14.2.1941;0;1
ALPARSLANTURK;1;4.1.1971;1;0
UCMANTURK;1;25.9.1938;1;0
AZRAHIL;1;21.3.1989;1;0
AKCE;11;8.8.1964;1;10
MELEKAN;23;27.11.1953;0;23
HURDOGDU;2;11.11.1968;2;0
EVRIYE;15;24.11.1966;0;15
MEHLIBER;1;21.7.1953;0;1
SUBAYIR;2;25.11.1963;2;0
HOKMET;1;16.1.1964;1;0
EDIKE;14;10.5.1966;0;14
SIDDISAH;3;24.3.1964;0;3
MELHUBA;1;27.4.1980;0;1
GULCARI;2;22.6.1956;0;2
SEVDEAL;5;7.12.1959;0;5
NURGADEM;1;27.2.1971;0;1
MELEKEN;5;27.11.1961;0;5
NEJDATTIN;1;29.6.1961;1;0
VARGUL;9;30.9.1974;0;9
GULSAFAYI;1;21.10.1942;0;1
UYKUS;4;25.2.1950;0;4
NEVRUSE;2;2.5.1945;0;2
TAKITTIN;11;12.8.1957;11;0
SEYLIFER;1;4.3.1938;0;1
BUSEGUL;4;12.12.1987;0;4
ILVANI;5;27.9.1963;2;3
GULDEVRAN;2;11.8.1989;0;2
BINYAME;2;14.4.1964;2;0
TORSAN;2;2.7.1959;0;2
MAYAC;1;20.2.1942;0;1
GUNNAM;2;11.11.1964;2;0
JOANNE;14;28.8.1972;0;14
SEYFIAGA;1;7.2.1970;1;0
FERIMA;3;9.2.1974;0;3
NURFE;3;4.4.1962;0;3
JUDITH;12;21.1.1958;0;12
SAVTUG;1;30.9.1984;1;0
AND;26;7.11.1976;26;0
Y1LDIZ;1;17.2.1960;0;1
LEFA;2;17.10.1964;0;2
ALEMIDDIN;6;27.12.1965;6;0
AZZIYE;1;26.7.1941;0;1
IYA;3;24.9.1973;0;3
MARJA;4;24.4.1964;0;4
CAHANKER;5;7.2.1965;4;1
DILKES;2;3.5.1974;1;1
ABDULVAHDETTIN;2;28.7.1969;2;0
GONCAFEM;2;4.10.1981;0;2
MUCDELIFE;2;1.3.1965;0;2
NUHRICE;2;24.1.1978;0;2
NAZLIMA;27;4.4.1956;0;27
EBIZAN;2;17.5.1969;0;2
MUSDADDIN;1;7.9.1980;1;0
MUKKAIL;2;28.5.1968;2;0
ISMALI;4;20.1.1988;4;0
NUREYDE;7;27.7.1973;0;7
LUBER;8;24.1.1958;0;8
SUNARI;8;14.9.1956;0;8
HIBSE;1;7.2.1952;0;1
TENUR;35;17.4.1968;12;23
MARSIME;1;8.2.1961;0;1
VAHIFE;1;25.5.1961;0;1
MESSULE;1;3.2.1975;0;1
UMUNAZ;2;6.11.1979;0;2
ANALI;5;27.4.1952;0;5
MEYRAN;17;5.8.1967;0;17
UMRAKI;1;22.12.1986;0;1
CIBRIL;9;2.4.1964;9;0
HIHIN;1;27.4.1962;0;1
GULUMFER;5;1.4.1969;0;5
GIYAME;3;30.10.1975;0;3
SUNDU;8;7.6.1959;0;8
ZEYVEDDIN;1;7.6.1964;1;0
MUHRUCAN;4;8.6.1966;0;4
CIDDE;2;8.4.1984;0;2
SAFENEZ;2;20.9.1967;0;2
ZELICI;1;5.7.1963;0;1
MEHEYEDIN;1;7.2.1958;1;0
MUBESSIRE;36;5.1.1951;0;36
NEVRESIN;2;18.4.1947;1;1
ZIDIKA;9;23.7.1966;0;9
GULSAYRA;1;17.10.1972;0;1
BRIGITTE;26;11.12.1956;0;26
ABDURRESIT;10;26.8.1943;10;0
BEVAR;3;12.12.1974;2;1
MESRIKE;2;17.7.1959;0;2
NEVINUR;9;18.1.1963;0;9
YAZIME;4;3.5.1974;0;4
TEFURIYE;2;9.5.1964;0;2
IRICA;1;24.2.1970;0;1
MESEDO;1;7.12.1934;0;1
SELEHATIN;3;8.3.1970;3;0
GULEYET;2;3.7.1969;0;2
SEYKINE;1;16.5.1980;0;1
MELLA;3;22.11.1947;3;0
BAHIDIYE;9;8.2.1968;0;9
AHFAN;1;8.3.1958;1;0
DURGUS;3;6.5.1969;0;3
BARIDE;23;27.4.1972;0;23
SAHMINE;7;29.1.1962;0;7
APBAK;1;14.4.1946;1;0
SUBIYET;1;27.2.1962;0;1
TERSIYE;1;16.2.1957;0;1
HAPUS;5;6.11.1963;0;5
LUVSER;1;1.8.1978;0;1
REMIYE;82;14.1.1956;0;82
NORU;5;25.8.1967;4;1
PALAZIYE;1;2.8.1960;0;1
MINASA;1;1.12.1953;0;1
APDUS;2;23.3.1934;2;0
FERUS;14;2.8.1958;5;9
SAADEDTIN;2;17.1.1964;2;0
NECALE;1;8.12.1946;0;1
HAVAZ;3;21.6.1981;3;0
AYSEMIH;1;15.2.1959;0;1
MIHEYE;1;12.2.1965;0;1
SABIHET;5;29.2.1945;0;5
YALCINDIRIM;1;4.3.1990;1;0
TEKUYIDDIN;1;27.12.1956;1;0
GULYAG;17;15.8.1968;0;17
MEFHURE;3;7.7.1942;0;3
NEIMA;19;9.10.1945;0;19
MINBER;1;12.11.1935;0;1
SAHSENA;6;19.8.1970;0;6
ULDUS;1;2.2.1957;0;1
FENHAR;1;21.12.1971;0;1
RASIF;4;5.8.1963;4;0
APTULHAY;2;2.8.1939;2;0
KRISTIANE;2;22.11.1966;0;2
MESEL;6;4.7.1966;1;5
NANCY;8;14.5.1970;0;8
ANZHELIKA;14;4.1.1975;0;14
ABDEL;7;20.3.1955;7;0
FEYZIA;4;3.4.1972;0;4
VIOLLCE;1;11.9.1969;0;1
LUTFIE;2;14.2.1962;0;2
KAYI;4;9.8.1957;4;0
OZAND;2;23.10.1957;2;0
IULIANA;30;16.11.1975;0;30
NEVZIRE;1;30.4.1963;0;1
TOPUZ;8;11.10.1957;8;0
URABIYE;1;27.2.1956;0;1
NIRBILGI;1;17.3.1942;0;1
ELENI;153;20.8.1946;0;153
BAKTYGUL;1;4.8.1977;0;1
GOKSUHAN;2;14.9.1985;0;2
PERYANE;2;9.4.1954;0;2
MUSTEYDE;7;19.1.1966;0;7
ZARNISAN;2;8.1.1952;0;2
RIDFAN;5;30.4.1968;5;0
DILKUT;3;14.12.1969;2;1
BEYANC;1;5.6.1961;1;0
BAHSER;15;30.8.1961;1;14
LENKA;5;30.4.1972;0;5
AZAN;5;3.12.1970;4;1
PETRINA;2;18.10.1977;0;2
ZAINA;2;29.9.1971;0;2
PATIMAT;2;6.2.1969;0;2
GULSEHVER;2;22.2.1942;0;2
ULUNAY;15;9.1.1970;10;5
ANBERE;23;12.7.1957;0;23
SADBERK;42;10.2.1955;0;42
NEVAZIS;1;19.7.1980;0;1
PEREK;1;2.8.1933;0;1
RITVA;1;2.5.1940;0;1
NERSES;17;17.12.1953;16;1
IRA;15;15.7.1975;0;15
ZEHLA;17;28.5.1958;0;17
AYNINUR;11;25.2.1951;0;11
LYAZZAT;5;8.8.1974;0;5
AYKUTHAN;7;8.10.1982;7;0
AHBAB;1;12.12.1982;1;0
ALEKS;61;25.10.1980;61;0
UMURALP;1;3.3.1988;1;0
SEVILSIN;2;16.4.1959;0;2
MUEDDIN;6;9.1.1957;6;0
ONNIK;99;16.12.1951;99;0
BERIRA;2;1.10.1986;0;2
GAFRE;7;2.2.1950;0;7
ALIMEHATUN;1;5.12.1920;0;1
TEMUM;1;21.7.1983;1;0
DIRIYE;1;23.8.1973;0;1
AHRAZ;3;26.7.1937;2;1
CAROLINE;31;29.1.1972;0;31
NECRA;13;10.3.1966;0;13
TILAVIZ;1;12.10.1941;0;1
ANATOLIA;2;23.10.1967;0;2
RUHSAHI;1;19.7.1942;0;1
BARTUHAN;3;24.12.1989;3;0
REHIMI;2;5.2.1949;1;1
ARGAN;7;17.10.1974;7;0
NILFIGAN;1;29.6.1982;0;1
MAMURET;2;12.12.1960;0;2
VELIYULLAH;8;7.8.1955;4;4
ABDULAY;5;23.1.1961;5;0
IRENE;19;1.10.1959;0;19
TAKYEDIM;1;17.2.1960;1;0
RUTH;30;13.5.1958;0;30
SULHANA;1;29.4.1970;0;1
SIHAP;7;9.12.1971;7;0
GULEL;11;24.2.1954;0;11
NAILIA;5;7.9.1967;0;5
FERDIL;5;19.11.1971;3;2
YONETIM;7;14.3.1977;5;2
ISKANDAR;1;11.2.1972;1;0
HAMPARSUN;28;20.12.1951;28;0
DJAMIAT;1;21.4.1954;0;1
GULPAKIZE;2;8.5.1975;0;2
SENTA;2;24.5.1976;0;2
GENIRE;1;11.3.1975;0;1
ZAMINE;7;30.4.1959;0;7
INGER;2;25.4.1941;0;2
PEVAT;3;11.6.1957;3;0
TRACY;7;1.4.1972;1;6
MEYSAN;3;14.7.1959;0;3
EFLAKE;1;9.11.1956;0;1
SELBER;6;12.1.1966;0;6
KECELI;3;6.6.1960;3;0
ILHANETTIN;8;14.5.1970;8;0
MEZIYNETDIN;1;17.8.1984;1;0
TALIAT;3;19.12.1964;0;3
SAHEZER;14;23.2.1959;0;14
SECILKAN;1;7.9.1947;1;0
EFZA;13;9.9.1966;0;13
RAYNE;1;23.1.1960;0;1
RUHIZAN;10;5.7.1960;0;10
BESIBE;2;6.9.1963;0;2
KYZJIBEK;1;3.6.1976;0;1
GULNASI;2;3.12.1955;0;2
KOYER;3;11.11.1973;3;0
MUSPIRIYE;1;26.5.1926;0;1
YUKSEREN;3;16.1.1954;0;3
BESIMET;3;3.5.1953;0;3
MIRFIDE;1;1.6.1971;0;1
NURCENNET;5;30.3.1983;0;5
MENNUNE;7;24.8.1958;0;7
AYMINE;1;5.2.1946;0;1
NURVIYE;4;22.6.1966;0;4
ESMINE;36;1.12.1957;0;36
VIRA;8;26.1.1966;0;8
ILIMSER;5;5.7.1966;1;4
YOLSEL;3;10.2.1966;2;1
INGRIDBAERBEL;1;19.4.1956;0;1
BEYSAL;10;6.9.1959;10;0
FERDINDE;1;11.6.1964;0;1
GUKUS;1;27.5.1956;0;1
EMINEKADIN;7;27.3.1954;0;7
ZEHDE;13;22.8.1963;0;13
TUGIN;1;3.7.1970;1;0
GURZ;2;18.2.1984;2;0
BIRGIL;2;21.11.1973;0;2
TUGLUHAN;2;7.9.1979;2;0
SAFILA;1;7.2.1950;0;1
IKBALAGA;1;21.4.1935;1;0
RUSHARA;1;13.8.1972;0;1
MENTUA;1;3.4.1942;0;1
RALP;1;7.6.1975;1;0
YETARE;255;7.1.1959;0;255
BELKER;4;25.3.1982;4;0
KUMAR;1;12.3.1991;1;0
ZABILI;1;20.7.1976;0;1
SEBBINAZ;1;6.3.1975;0;1
NURULHIDA;6;13.1.1964;0;6
MARGARETA;14;6.2.1973;0;14
MUNUHA;1;5.6.1963;0;1
HENNEN;1;16.3.1956;1;0
ZSUZSANNA;3;17.7.1969;0;3
YURDAYNUR;1;17.5.1960;0;1
TALU;16;23.10.1963;12;4
GYONGYVER;1;10.2.1973;0;1
NASIN;6;26.11.1966;3;3
HAFIZAN;5;24.8.1981;0;5
MERZIKAN;2;14.10.1969;0;2
OVAGIM;11;8.8.1950;11;0
HURGUN;20;13.10.1970;6;14
TEMENNI;17;20.1.1949;0;17
HIZBER;4;11.2.1962;1;3
DURDUHANI;1;28.6.1965;0;1
PIRCI;1;26.11.1963;1;0
HUP;1;1.12.1967;0;1
ZUMREL;8;10.8.1972;0;8
SERDEST;23;10.2.1984;19;4
ALTINTARIM;1;26.8.1977;0;1
NUNUFA;1;8.10.1965;0;1
HINE;3;11.7.1962;0;3
SEVCEHAN;3;8.5.1967;0;3
ABDULVEDAT;12;7.10.1968;12;0
MIGIRDIC;96;19.2.1950;96;0
NECARIYE;12;18.6.1954;0;12
OZASLAN;1;8.3.1964;1;0
REZEDA;1;1.1.1965;0;1
ZAREMA;21;22.1.1975;0;21
NEYDIM;16;24.12.1963;8;8
ESIAY;1;29.4.1966;0;1
NESUBE;5;25.2.1966;0;5
NEYIL;6;15.6.1968;1;5
FERULLAH;2;9.9.1967;2;0
MITRAP;2;9.8.1970;2;0
FERGULE;2;24.9.1975;0;2
LEKALEM;1;17.4.1966;1;0
JEYAN;12;5.6.1968;1;11
YULIA;13;15.9.1974;0;13
SUNDIS;2;3.4.1975;0;2
KIRSTEN;4;2.10.1962;0;4
CANETTIN;1;2.2.1981;1;0
ETLAN;1;26.3.1965;1;0
SALINA;5;15.1.1976;0;5
ERKAND;1;29.9.1988;1;0
UMIDA;6;25.8.1977;0;6
SACIME;9;6.8.1966;0;9
SERBURAK;1;10.8.1990;1;0
EVELINE;1;20.2.1953;0;1
SEFIQE;2;8.7.1960;0;2
SIMDEL;2;27.3.1984;0;2
SERAHIL;1;18.12.1964;1;0
GULCIG;2;4.5.1978;0;2
MULBAK;1;6.1.1961;1;0
NASADET;1;21.3.1966;0;1
ERBEN;14;26.4.1972;13;1
BRIGITTA;6;29.10.1951;0;6
EVGUENIA;7;10.11.1975;0;7
SAREN;11;22.2.1968;2;9
SULHIYYE;2;7.6.1965;0;2
TATILYA;1;22.10.1991;0;1
SOGUK;1;23.3.1967;0;1
EILEEN;5;19.12.1957;0;5
DOROTA;6;17.5.1973;0;6
BOGUSLAWA;1;29.8.1978;0;1
MUSTAKBEL;4;7.9.1952;2;2
ISTEPAN;71;28.9.1949;71;0
SUKRUDDIN;1;22.2.1949;1;0
MUNU;2;25.4.1959;0;2
SABURA;7;5.7.1955;0;7
LINN;1;30.6.1965;0;1
DUGHAN;3;2.6.1991;2;1
MINTECAP;1;27.12.1956;1;0
HATTUC;107;23.7.1949;0;107
SEHIRLI;35;7.3.1956;0;35
GUNENDAM;5;8.7.1949;0;5
FECRETTIN;23;10.9.1963;23;0
VACIHE;10;27.5.1963;0;10
DOGUGUL;1;28.2.1957;0;1
OGREN;2;15.10.1981;0;2
TAMZER;1;8.6.1975;1;0
DELEL;138;5.2.1968;0;138
GULUCIN;1;7.3.1942;0;1
FATIMEANA;5;9.8.1969;0;5
APDULGANI;1;11.3.1961;1;0
HATICEKADIN;2;24.7.1962;0;2
ZIYADA;5;11.12.1969;1;4
DONDUNAZ;8;4.11.1974;0;8
NURIGAR;53;8.10.1951;0;53
LOKAN;1;27.1.1983;1;0
FIZIAL;1;18.7.1978;0;1
REYZEN;1;2.8.1954;0;1
MAADET;4;13.6.1964;0;4
YOLANDA;14;20.10.1949;0;14
FATMANIM;53;24.5.1963;0;53
GULMAHIR;4;24.11.1956;0;4
GAIANA;1;6.3.1960;0;1
MUTAHIP;1;2.2.1951;1;0
FEYZAVER;2;7.4.1978;0;2
PARDA;1;16.10.1969;0;1
BERKTAN;9;4.8.1975;9;0
RUGAYYE;10;20.4.1977;0;10
DASURE;1;17.10.1963;0;1
SEZZA;3;26.4.1968;1;2
ZUPEYDE;1;24.10.1961;0;1
KADIRALP;2;12.1.1974;2;0
BIRGEL;8;15.1.1964;1;7
NURF;1;23.4.1970;1;0
PELINAY;8;7.10.1987;0;8
INES;11;17.12.1957;0;11
HAMDIYYE;3;5.12.1961;0;3
SELCIVAN;6;26.10.1977;1;5
BAYRAMGUL;4;17.9.1951;0;4
BOBOS;1;27.5.1965;1;0
KEFAHAT;2;21.11.1948;0;2
GULISDAN;16;2.11.1965;0;16
CANFIRAT;4;12.2.1979;4;0
JANNA;26;7.9.1973;0;26
AKIFA;4;19.6.1962;0;4
RAKIYET;1;27.7.1962;0;1
BENSUH;1;17.5.1954;0;1
ZEHREN;1;21.7.1955;0;1
SENGUNAZ;1;12.9.1958;0;1
MUKRAM;2;18.10.1966;1;1
ABDICAN;5;6.9.1979;5;0
MESIBE;7;21.6.1972;0;7
CORNELIA;19;12.2.1969;0;19
APTULAY;1;2.2.1972;1;0
MEGI;28;13.6.1975;0;28
DEHRAN;2;24.4.1967;2;0
YURDAOKUL;1;6.5.1953;1;0
AKUN;2;8.9.1958;2;0
KUSSUN;6;14.12.1956;0;6
HILATI;7;9.6.1960;7;0
TAYLANSAFAK;1;12.11.1989;1;0
DARIN;5;29.8.1970;0;5
OZGURE;5;4.1.1977;0;5
KEYFETTIN;1;22.2.1967;1;0
DARSUN;1;6.7.1972;0;1
ZEYICE;2;8.5.1963;0;2
LEYTUN;1;6.7.1990;1;0
JASMIH;1;10.11.1970;0;1
OLAF;1;29.9.1967;1;0
FELHA;5;23.12.1964;0;5
FILYALI;1;7.2.1982;0;1
KARCAHAN;1;9.9.1974;1;0
TUGRULSAN;9;25.4.1980;9;0
TACIDAR;14;24.5.1957;2;12
ANZHALIKA;2;25.1.1979;0;2
BORAK;3;24.6.1986;3;0
BIHICAN;2;17.11.1964;1;1
SAHAZER;9;21.7.1962;0;9
MELVE;5;3.11.1986;0;5
MULHEM;12;6.3.1974;5;7
SUPBI;1;17.7.1989;1;0
GULALKAN;1;17.2.1990;0;1
DELIA;9;10.2.1973;0;9
KUGU;8;30.6.1965;0;8
DUHTARI;1;2.4.1969;0;1
MUSTIL;2;10.1.1952;2;0
ECINE;3;24.9.1980;0;3
EDEBALI;17;14.6.1985;17;0
MUBIYYIN;1;12.3.1971;0;1
ESEKADIN;1;17.8.1942;0;1
KADEMSE;4;11.2.1956;0;4
ALIBEKI;17;1.3.1961;17;0
RABIBE;8;15.4.1962;0;8
MIYARA;2;4.1.1962;0;2
NURBEHAN;1;18.6.1963;0;1
DOLUBEY;2;25.7.1976;2;0
SEMSIBANU;6;24.5.1960;0;6
ALIYULLAH;2;24.4.1939;2;0
SERFI;8;5.1.1965;0;8
GUMMUHANI;1;1.6.1973;0;1
M.RIFAT;6;22.5.1937;6;0
MUTLULUK;2;22.6.1979;1;1
FATGULU;3;14.8.1966;0;3
AMKE;1;3.3.1946;0;1
ASELETTIN;3;15.4.1967;3;0
AZITTIN;12;15.10.1970;12;0
ASSA;10;27.5.1944;0;10
BELUZAR;4;21.2.1952;0;4
DURAKSEN;1;22.8.1943;0;1
NEFTAL;2;19.6.1983;2;0
FATMAGADIN;1;24.10.1973;0;1
KADINSI;1;2.2.1957;0;1
EMDULLAH;3;16.1.1964;2;1
NUENNES;1;11.6.1960;0;1
VERDINC;1;13.7.1982;1;0
LERGUN;1;21.7.1981;0;1
ILKNER;1;28.6.1987;0;1
HICREM;1;12.9.1977;0;1
ANDREI;2;2.8.1987;2;0
SAFIZE;9;9.7.1958;0;9
AKSANA;12;17.2.1976;0;12
DEGAY;1;22.11.1978;0;1
GULSUNER;4;20.2.1964;0;4
DILCHAH;1;10.12.1950;0;1
MUSTAA;2;17.1.1986;2;0
EPTESEM;1;2.8.1963;0;1
SEFAHIR;5;19.3.1962;0;5
PARVANEH;2;16.8.1956;0;2
TIMUCUN;2;23.2.1974;2;0
ALISYA;3;28.11.1985;0;3
SALAHI;6;11.1.1962;6;0
HURDEVS;18;8.2.1972;0;18
FEYZULKADIR;1;27.5.1978;1;0
KUZIYDE;1;30.2.1980;0;1
JULYE;5;11.7.1957;0;5
oZGuL;2;2.5.1979;0;2
IONELIA;3;29.5.1973;0;3
ACIB;20;30.8.1962;20;0
ZOHEYIR;2;5.1.1970;2;0
SEMUNELGAZI;1;22.5.1986;1;0
ZINEVRIYE;3;7.9.1956;0;3
MUKREBIN;4;14.8.1969;4;0
RUGIYYE;6;27.11.1963;0;6
CULIYE;7;13.4.1958;0;7
ELIPIDA;1;25.7.1947;0;1
SEMAVIL;1;7.3.1964;1;0
IZANUR;2;14.1.1962;2;0
BARKI;2;23.11.1951;2;0
GULTUGBA;4;12.6.1985;0;4
ZUZANE;1;1.3.1973;0;1
HADRI;13;7.10.1959;1;12
YETDAR;1;17.7.1981;1;0
MUMINDEDE;1;1.4.1954;1;0
HACETDIN;1;16.2.1975;1;0
FIRRAT;1;3.7.1981;1;0
MURADIM;3;12.11.1974;3;0
MELTEMGUL;3;1.3.1983;0;3
NAZMISEN;1;7.8.1988;1;0
HURSAD;5;18.7.1982;4;1
HURNUR;7;1.12.1972;0;7
DILGUZAR;2;26.5.1949;0;2
ABDULHEY;9;16.1.1965;9;0
OHANNES;234;17.6.1952;234;0
MERDDIYE;1;14.8.1968;0;1
AKANDA;7;14.7.1980;2;5
UNAYET;3;4.5.1963;2;1
POLITKAN;1;17.2.1960;1;0
MUNUVET;2;25.9.1980;0;2
AYDOK;15;13.8.1957;15;0
ARUS;101;26.10.1953;8;93
BASEGMEZ;1;16.11.1948;1;0
BEHINUR;6;2.6.1943;0;6
TURKGOZ;1;15.8.1940;0;1
FESMANI;2;5.6.1959;0;2
BURHANNETTIN;7;25.6.1964;7;0
HAYIK;66;22.7.1949;66;0
FILZAN;1;12.3.1971;0;1
ULKUSEL;3;23.11.1962;0;3
ELISABED;1;26.8.1956;0;1
AYDINZEKI;1;22.6.1967;1;0
OMERIDDIN;4;30.3.1971;4;0
FATIY;4;12.7.1949;0;4
ETUVAL;1;11.6.1978;1;0
SERDIYE;15;16.12.1956;0;15
ATADUYGU;1;21.12.1961;1;0
HIMALYE;1;26.8.1960;0;1
VELIYUTTIN;4;27.8.1939;4;0
ICEN;5;8.6.1963;2;3
ALFIYA;9;11.4.1977;0;9
ANNELISA;1;13.5.1952;0;1
GURFUNAZAR;1;7.3.1952;0;1
GULSHAIYR;1;14.1.1967;0;1
GUET;1;6.4.1965;1;0
MAYRAM;68;26.9.1957;0;68
GULSINAR;5;4.5.1958;0;5
HUBEYYA;2;24.4.1979;0;2
URENDE;1;30.4.1956;0;1
SID;9;12.10.1972;9;0
JOULIA;6;22.11.1971;0;6
BUFIDE;6;1.6.1972;0;6
HAPIL;2;19.4.1958;1;1
UMMUHUNI;1;22.1.1961;0;1
SARISUZAN;1;14.5.1954;0;1
ASLANBEK;3;10.6.1977;3;0
FEYRUZUR;1;7.7.1973;1;0
INGE;12;25.4.1952;0;12
MUKTADIR;3;18.11.1979;3;0
OZDIN;19;29.7.1961;19;0
GULYADIGAR;2;22.6.1969;0;2
BLEDA;22;25.3.1976;18;4
TANGULU;1;19.1.1966;0;1
ABDILVAHIT;3;12.4.1974;3;0
TINCUTA;2;26.12.1970;0;2
NEGIME;2;18.4.1970;0;2
DUYDU;1;14.4.1963;0;1
BAYTURK;5;13.9.1969;5;0
ATATUR;2;19.11.1948;2;0
MUHUTTET;1;16.3.1946;0;1
GULNACIYE;7;30.2.1958;0;7
MUSDIL;1;12.8.1941;1;0
NEMRUN;1;17.4.1960;0;1
NESIREN;5;17.10.1967;0;5
MERY;4;15.8.1969;0;4
GADIRI;1;27.2.1974;1;0
SAHRANI;1;21.4.1981;1;0
MAZUME;4;29.9.1959;0;4
HADIMI;9;28.8.1956;9;0
KUTMEN;2;16.6.1964;0;2
TURKANKADIN;1;27.8.1944;0;1
ELSIMA;2;6.8.1963;0;2
BASA;5;15.5.1945;3;2
SEHNIZE;1;16.10.1952;0;1
UMMUNAHI;1;12.1.1971;0;1
KUTTISI;6;1.9.1970;6;0
NITTULLAH;1;19.4.1974;1;0
CAGCIL;3;7.7.1983;3;0
ZULFIGAN;6;12.2.1980;2;4
ALETIN;7;12.7.1966;7;0
MESNUR;5;4.5.1971;1;4
VELULLAH;1;7.2.1964;0;1
SEHHAN;5;10.10.1958;1;4
ABDULEZELI;1;7.7.1952;1;0
WOLFGANG;1;14.5.1958;1;0
ASTIRIT;1;24.2.1938;0;1
TAPI;3;25.8.1959;0;3
ADELA;5;15.9.1978;0;5
MARIANNE;15;5.2.1948;0;15
HATMIGUL;1;22.8.1937;0;1
SELIMADIN;1;19.10.1968;0;1
ESTELA;9;9.12.1953;0;9
ZEYYID;4;23.11.1973;4;0
KOZMAN;1;8.5.1966;0;1
MIHTAR;3;15.11.1969;2;1
MAHZANA;1;9.4.1952;0;1
TEVEKKEL;4;6.1.1951;1;3
GULFUZER;2;10.4.1957;0;2
LATFE;1;12.6.1983;0;1
GAJANE;1;22.10.1972;0;1
REKSAN;14;19.5.1972;3;11
MERITA;18;11.5.1972;0;18
SITARI;3;3.6.1963;1;2
NEFSET;4;27.11.1970;1;3
BEATRIS;21;15.4.1954;0;21
ANAFADIME;1;22.8.1973;0;1
MELINDA;19;2.9.1983;0;19
RUHIDIL;9;18.11.1947;0;9
SEHBER;24;13.2.1949;0;24
ETA;41;26.9.1967;39;2
PERYIL;1;13.4.1990;0;1
VUGAR;8;14.6.1981;8;0
HAFSEDE;6;29.3.1961;0;6
TEYLE;1;22.3.1967;0;1
SUZUNAY;1;15.1.1981;0;1
DENGIL;1;11.11.1981;1;0
HAYINE;1;1.4.1966;0;1
VIKAN;1;18.3.1974;0;1
ZAGIDAT;1;5.4.1967;0;1
BERCUHI;82;24.10.1938;0;82
FIDDAN;2;10.4.1958;0;2
SIVIYA;1;21.11.1975;0;1
CELBI;3;26.1.1950;3;0
BAYIT;3;30.8.1964;3;0
HAVCILE;1;12.2.1959;0;1
MUZULE;3;15.9.1962;0;3
DONSADE;3;4.12.1972;0;3
TEVRIZA;1;6.1.1976;0;1
DURSADIYE;86;30.8.1964;0;86
DESEGUL;1;14.5.1956;0;1
SHUSHANIK;3;5.4.1966;0;3
SULBIYA;6;25.9.1964;0;6
KIFAIYE;2;20.8.1953;0;2
FANTUZE;1;28.11.1974;0;1
MURSI;6;20.3.1961;6;0
SENRUH;11;16.4.1955;0;11
RIAYETTIN;1;2.6.1959;1;0
KAMALE;7;11.3.1966;0;7
MUCELA;15;23.6.1975;0;15
CADI;1;12.2.1974;1;0
IKLEME;1;1.3.1961;0;1
ERGUNA;1;21.10.1991;0;1
OZGUREL;3;17.7.1962;1;2
BIHTERIN;9;24.3.1955;0;9
ABUHANIFE;1;16.5.1970;0;1
ERGUNE;3;25.6.1948;0;3
RAITTIN;2;16.6.1958;2;0
RUTUYE;1;26.4.1966;0;1
MURSAT;4;16.5.1958;4;0
HAMIHDE;1;23.10.1963;0;1
SAFINOZ;1;1.3.1966;0;1
SERVENAZ;1;9.10.1962;0;1
A.MUNIR;1;7.4.1953;1;0
MEHAL;10;9.4.1964;0;10
KEMIRAL;1;24.7.1946;1;0
SAFICAN;1;21.9.1957;1;0
HURADALET;1;29.10.1969;1;0
NILAR;2;8.3.1984;0;2
HUMUSA;1;16.2.1992;0;1
NEJDETTIN;16;8.4.1959;16;0
SAZET;6;10.4.1957;2;4
SETSADE;1;14.3.1959;0;1
KERSIBAN;1;11.10.1966;0;1
UMURUYE;2;9.5.1973;0;2
DURUSADE;1;30.2.1937;0;1
SAHMA;3;16.10.1953;2;1
DEMIRDAG;2;29.5.1953;2;0
LOUISA;2;4.7.1973;0;2
MUNISIYE;4;23.11.1947;0;4
ZELLE;12;17.9.1961;0;12
ADEL;15;28.1.1955;4;11
KAMSIYE;22;25.5.1953;0;22
HAKUN;1;22.11.1979;1;0
DURDUS;26;8.9.1951;0;26
CERCIN;1;30.7.1962;1;0
LUTIFER;1;6.10.1963;0;1
SEMSUMEL;1;3.5.1963;0;1
EREBIYE;19;10.12.1960;0;19
HAYDETULAH;1;6.6.1979;1;0
BEDRITDIN;2;20.9.1974;2;0
KERAZ;2;29.2.1970;0;2
GULEZGI;1;4.3.1989;0;1
NICIBE;2;18.1.1962;0;2
AFIFER;1;12.7.1971;0;1
HURMETIN;2;2.10.1968;2;0
ZAFIRIYE;4;8.10.1963;0;4
DALLIN;1;3.10.1975;1;0
KAFIDAR;1;11.7.1961;0;1
KOKKIZ;2;23.7.1935;0;2
NAZLUME;6;8.6.1956;0;6
T.FIKRET;1;19.10.1960;1;0
SEFTEP;1;7.6.1946;0;1
RUBAT;4;29.11.1980;3;1
JAMES;15;12.2.1978;15;0
MARZENA;2;21.1.1970;0;2
FEYBE;1;21.4.1976;0;1
MUDAR;5;8.2.1983;5;0
ZERSIN;6;8.5.1975;0;6
EMNUL;1;7.4.1982;0;1
BASTUG;8;2.12.1962;8;0
YAGUL;2;20.9.1960;0;2
ZUMIYE;1;19.9.1971;0;1
ZENEGUL;1;23.5.1979;0;1
SELTIK;1;16.3.1957;1;0
GOCKAN;3;3.11.1981;2;1
ASLIHANGOZDE;1;21.10.1974;0;1
SEDAY;16;30.2.1976;6;10
SEREVEDDIN;1;1.5.1957;1;0
DURUNA;1;25.12.1955;0;1
NURBAGNU;2;14.4.1987;0;2
HASANETTIN;1;24.4.1966;1;0
TAMARI;9;24.12.1959;0;9
MAHLE;1;6.8.1969;0;1
ELFIDIYE;3;6.3.1955;0;3
DONDENE;2;29.7.1964;0;2
LEYLAHANIM;1;16.4.1963;0;1
HASIBIN;1;16.6.1981;0;1
MAFERI;2;1.8.1973;0;2
TUZIYE;2;1.7.1964;0;2
JASMINE;6;26.8.1983;0;6
AISEANA;1;8.2.1938;0;1
AYDURAN;24;18.7.1967;23;1
BETRUS;2;4.10.1949;1;1
YURDGUL;1;8.6.1958;0;1
EMRALLAH;1;24.2.1971;1;0
MAUREEN;6;8.11.1950;0;6
AISELI;1;2.2.1933;0;1
VESVANE;1;11.11.1945;0;1
HAPPUS;1;7.5.1952;0;1
TEKTEN;5;23.11.1963;4;1
IBRUS;2;21.1.1944;2;0
ASHIYE;6;27.9.1959;0;6
NAFIKTER;1;26.3.1953;0;1
UNSAH;2;30.5.1985;0;2
KANAK;1;28.2.1966;1;0
YUKSEN;18;23.7.1963;4;14
GULKAY;8;19.4.1975;2;6
JUNEY;1;1.1.1956;0;1
NUZHER;3;29.1.1937;0;3
HACIRHAN;2;17.7.1942;0;2
UMMUALA;1;14.12.1966;0;1
ZEMRO;4;10.12.1951;0;4
KuRSAD;1;30.4.1978;1;0
BEHEADDIN;2;25.4.1967;2;0
KUPRIYE;13;30.12.1954;0;13
SAZEMUS;3;8.1.1958;2;1
NURALTIN;8;10.9.1967;0;8
EMETLAH;3;21.1.1966;0;3
GILEMENT;1;17.8.1936;1;0
GALIPSINAN;1;20.11.1991;1;0
DURASAN;33;26.1.1962;33;0
BASARGAN;2;4.10.1974;2;0
ZEMNUR;1;19.4.1966;0;1
NADVIYE;3;5.7.1961;0;3
HATME;4;16.11.1942;1;3
AFIDEN;6;22.9.1955;0;6
GULPARI;9;17.6.1963;0;9
TEMMUS;1;3.10.1942;1;0
GORSOY;1;15.4.1979;1;0
VEZINE;7;7.5.1963;0;7
LIKEYLA;1;22.1.1973;0;1
CILASIN;3;29.4.1964;3;0
ERGUNEL;1;26.11.1966;1;0
ESENS;1;22.2.1979;0;1
MURUVFET;2;4.2.1978;0;2
FETANA;2;8.10.1965;0;2
YARDA;2;22.11.1961;0;2
FELATUN;3;20.11.1953;3;0
ZEYYAN;5;15.10.1970;3;2
MALIFE;14;12.7.1962;0;14
MERNAY;1;1.8.1971;0;1
ANACAN;5;25.6.1986;0;5
ENFES;14;15.11.1951;0;14
INCIKAR;3;2.9.1954;0;3
AYSAR;13;30.2.1965;3;10
LIRIFER;1;11.7.1944;0;1
MUHASENE;1;17.7.1972;0;1
CEHIZE;5;10.11.1961;0;5
URUYDE;1;6.8.1945;0;1
RUSUME;1;10.6.1939;0;1
MUHASSINE;8;20.6.1949;0;8
MESURA;15;17.6.1961;0;15
MESRURA;12;23.5.1962;0;12
ASANIM;5;2.11.1963;0;5
SEKURA;7;15.6.1957;0;7
MAHSUBIYE;6;14.7.1963;0;6
YILFAR;1;15.3.1970;1;0
ELYASIYE;1;6.4.1966;0;1
DURSAIDE;1;3.3.1951;0;1
NURDEL;3;23.5.1975;1;2
TAHKIBE;1;22.9.1961;0;1
GULSUMSER;3;16.12.1967;0;3
UZEYHA;1;3.4.1933;0;1
MESTURIYE;21;22.10.1964;0;21
MUSTAHKEM;1;2.12.1954;0;1
HUSTEN;1;7.4.1954;0;1
NURGER;2;30.11.1970;0;2
NAVIKDER;1;28.11.1931;0;1
NURDAGUN;5;1.5.1957;0;5
NAVIKE;2;17.7.1943;0;2
BEYDANAM;1;2.3.1963;0;1
ERALTAN;1;4.1.1967;1;0
MARZHANAT;2;13.7.1974;0;2
SAMIYIN;1;2.11.1957;1;0
GARIPALI;1;15.5.1974;1;0
NULLIFER;2;15.10.1964;0;2
ADIVET;9;2.11.1965;0;9
NILIPAR;1;15.10.1979;0;1
SIHRISTAN;1;7.2.1964;0;1
ROKET;2;22.8.1971;2;0
MEVFIS;1;26.6.1953;0;1
MINNAS;71;20.9.1959;1;70
ERLIMAN;2;14.7.1959;2;0
GIRDAP;7;5.2.1987;2;5
IZO;3;30.2.1950;2;1
SAFARIYE;7;15.5.1959;0;7
ARTA;3;11.1.1980;0;3
SEREFEYI;1;7.8.1958;0;1
NILYAR;2;24.12.1978;0;2
RUDUBARI;1;2.4.1953;1;0
NAHIKE;1;21.8.1967;0;1
ADINUR;2;22.5.1965;0;2
MIYESSERE;1;2.7.1974;0;1
ZEYZEFUN;44;1.12.1949;0;44
SAHABET;22;21.10.1968;12;10
SERFIN;6;3.2.1971;0;6
DOYGUR;1;6.5.1976;1;0
SHERVIN;1;5.7.1972;0;1
MUZEFFE;2;26.12.1954;0;2
NECIMIYE;6;28.8.1961;0;6
DURUBE;12;4.1.1964;0;12
LACHIN;4;20.8.1976;0;4
ALTINTER;9;28.9.1951;0;9
ZEYNEPANA;3;21.12.1958;0;3
MAKZUDE;1;29.4.1944;0;1
NECUT;7;18.2.1960;0;7
MUCUDET;5;17.1.1966;2;3
VECDAT;6;25.4.1961;6;0
SIDIKKE;1;8.8.1988;0;1
PAPILI;13;7.3.1953;0;13
FASIDE;1;11.10.1967;0;1
ADILETTIN;1;21.6.1969;0;1
CANTER;10;22.9.1960;0;10
GULGEM;3;6.1.1987;0;3
EZILCAN;1;15.3.1958;0;1
AYINNUR;1;26.4.1951;0;1
ATEN;5;1.10.1958;0;5
ELSEVER;1;9.6.1983;0;1
MANSUL;1;6.4.1955;1;0
TUNAYCAN;1;19.7.1979;0;1
ZEKERE;5;19.4.1955;4;1
SEVDEN;11;23.10.1969;0;11
SAHAPHAN;1;2.10.1986;1;0
CAHA;1;16.1.1939;1;0
HORUSTEN;1;7.5.1940;0;1
NURSEVDIN;4;13.10.1978;4;0
M.NAZIM;4;9.7.1944;4;0
BRINDUSA;3;26.12.1975;0;3
MUSEYYAR;1;16.4.1974;0;1
MERICSEL;1;29.6.1956;0;1
NEYDE;13;10.5.1962;0;13
GANIGMET;3;10.4.1965;0;3
ZULEYYEN;1;25.4.1957;0;1
OYASIN;1;17.8.1968;0;1
GULLAFER;3;5.12.1962;0;3
EMIM;2;19.4.1953;2;0
ESMAHANIM;11;15.7.1958;0;11
MALIFA;1;1.6.1967;0;1
HOSADA;20;25.11.1957;0;20
ZELDEN;2;28.9.1953;0;2
GOLEN;4;17.6.1965;1;3
MELHA;11;5.3.1963;0;11
MESTAY;1;12.2.1983;1;0
NESIVA;1;12.2.1989;0;1
TAHKIBAT;1;12.12.1965;0;1
MARIETA;8;12.11.1968;0;8
NESRO;1;27.3.1972;0;1
ERINE;2;3.4.1970;0;2
DONDUSEN;1;14.5.1968;0;1
MISTI;5;28.3.1943;4;1
UTTIYE;2;19.8.1962;0;2
MULIME;4;29.9.1970;0;4
SAHICER;1;3.5.1961;0;1
INCIKER;2;18.6.1963;0;2
FEVZIM;3;13.12.1953;3;0
MELEKTAN;2;26.10.1966;0;2
SEHZAD;4;12.12.1961;2;2
YASEVI;3;20.1.1975;3;0
ZAMIHE;1;16.7.1958;0;1
ECZANE;1;14.5.1950;0;1
AKCICEK;8;10.7.1957;0;8
OCAK;27;16.9.1964;27;0
DAYIOGLU;1;12.6.1959;1;0
DURNAGUL;3;11.11.1977;0;3
DONUSEN;1;17.12.1978;0;1
PEHLUZAR;4;9.12.1958;0;4
IDAL;14;15.8.1971;4;10
INCIKE;1;4.6.1952;0;1
SEZGAN;2;27.3.1968;1;1
SEKILE;11;26.1.1952;0;11
ADALEDDIN;2;18.12.1950;2;0
MUEYYIDE;3;27.4.1938;0;3
YETSEL;2;24.2.1965;1;1
SANSIME;2;24.11.1976;0;2
DEYYAN;7;30.10.1972;4;3
ELERKI;4;7.6.1986;1;3
ANAGADIN;5;4.10.1961;0;5
COPLU;1;22.2.1949;1;0
FITEN;1;26.5.1973;0;1
KENIN;1;3.2.1973;0;1
SEVEY;11;23.5.1948;0;11
ICABIYE;47;16.5.1954;0;47
CEMBURAK;4;19.9.1983;4;0
TUFAY;5;20.4.1959;4;1
SEFEADDIN;1;19.2.1971;1;0
SEFIME;4;30.3.1967;0;4
LEVENTGANI;1;12.4.1959;1;0
BEDENI;2;25.6.1967;1;1
SUMERYAH;1;13.4.1984;0;1
MELIHHA;2;29.9.1964;0;2
ANDEN;1;2.3.1975;0;1
DINCCENK;1;3.10.1969;1;0
MUYSER;1;20.9.1970;0;1
LAVDIM;1;22.8.1955;1;0
SENDIYE;10;15.3.1964;0;10
DERE;5;29.12.1986;1;4
GULNA;2;18.11.1980;0;2
NISYE;2;17.10.1940;0;2
H.ZEHNI;1;11.4.1952;1;0
BARBEL;6;8.3.1950;0;6
MUREYFE;1;25.4.1943;0;1
M.SEVKI;2;14.11.1942;2;0
FELEDDIN;1;12.2.1965;1;0
NUDRET;19;18.11.1960;4;15
HAPILE;1;22.8.1943;0;1
ERTAYLAN;6;18.5.1969;6;0
YETIMGANI;1;7.6.1945;1;0
EKVAN;2;25.3.1966;2;0
KADEMSAH;4;5.12.1956;0;4
ISMED;8;5.10.1942;7;1
BELIZAR;14;29.12.1962;0;14
GULISI;2;30.1.1968;0;2
ERCUMETN;1;3.9.1991;1;0
ISLEK;1;12.6.1982;1;0
OMURSEL;8;20.11.1980;4;4
SENCEM;2;19.5.1961;0;2
ILKINER;3;15.10.1970;3;0
ZULKUYE;1;27.4.1974;0;1
NEZLAY;1;6.6.1973;1;0
IRIFAT;2;15.9.1956;2;0
SEVRILAY;1;27.8.1962;0;1
EBISEN;2;21.7.1959;0;2
ELBISEN;1;23.6.1949;0;1
INCIGUN;4;17.4.1983;0;4
MAKURE;1;11.5.1946;0;1
TURGADIN;3;21.1.1954;0;3
NASTURE;1;13.5.1955;0;1
HUSMIYE;6;5.12.1954;0;6
ABDILAZ;1;13.10.1950;1;0
BAHAP;14;4.7.1964;14;0
SAHBEZ;2;22.1.1977;0;2
NURHALETTIN;1;6.10.1978;1;0
IZEM;12;9.4.1988;0;12
SELAHATTEN;1;17.5.1978;1;0
ATLASI;1;12.8.1941;1;0
NUHUTTIN;2;3.5.1974;2;0
MEVKURIYE;2;7.4.1977;0;2
KESTANE;7;11.8.1956;1;6
SIFAIYE;3;23.2.1957;0;3
HIMMED;2;20.11.1955;2;0
KUPRUYE;2;9.3.1961;0;2
GUZEYLA;13;17.4.1970;0;13
DOGMUS;2;23.10.1955;2;0
GULPAY;7;9.12.1968;0;7
NIVIM;2;25.7.1965;0;2
GULMAFI;1;24.10.1952;0;1
SEHNEZE;1;4.4.1959;0;1
HAKTUG;1;16.1.1992;1;0
MELCEHAN;1;16.2.1946;0;1
UZERYA;1;17.1.1989;1;0
BELHIZAR;7;28.2.1959;0;7
EBUZEL;10;29.5.1968;10;0
ZUHRAN;7;9.1.1974;1;6
GURFIYE;2;20.5.1948;0;2
GULMISALI;4;23.4.1976;0;4
BIRZEN;1;14.5.1971;0;1
NIHAFETTIN;1;2.4.1966;1;0
NEVUM;20;5.2.1969;1;19
OKER;8;5.7.1969;7;1
DUMLUPINAR;1;19.10.1928;1;0
OZSOZ;1;15.10.1940;0;1
NORSEL;1;22.4.1943;0;1
VUCUDI;2;19.8.1962;2;0
JANN;1;22.5.1989;1;0
SYLVIE;10;26.12.1965;0;10
NIYABI;2;30.2.1945;2;0
EMINESEYDA;1;25.8.1981;0;1
BOKE;8;21.10.1970;8;0
OYLAN;1;22.9.1980;1;0
FIDAYIT;2;10.10.1977;2;0
KARYN;2;16.8.1961;0;2
NEFES;5;28.6.1980;1;4
AYISANA;3;5.8.1952;0;3
PEYK;1;6.11.1961;0;1
IONITA;1;24.6.1975;0;1
ROBERTA;6;1.11.1975;0;6
SEUBE;1;23.6.1958;0;1
GULNIHA;1;11.11.1969;0;1
ASANE;5;6.7.1980;0;5
NELE;1;11.11.1965;0;1
JOAN;6;17.9.1954;1;5
SILVIO;4;20.6.1965;4;0
KERRI;1;8.11.1972;0;1
ERDOL;2;3.5.1957;2;0
FETENE;39;27.8.1961;0;39
ELYASI;2;26.8.1970;2;0
DONDUHAN;9;10.11.1963;0;9
TURAFIYE;36;29.4.1960;0;36
HUSEYME;9;12.8.1967;0;9
ENBIL;3;21.7.1968;0;3
SAFIRYE;1;22.6.1958;0;1
GUNDALI;2;4.10.1957;0;2
NURSELIME;2;10.5.1968;0;2
MEBURILE;1;21.9.1950;0;1
RUFEDA;2;18.3.1971;0;2
BEVLIYE;3;25.6.1964;0;3
UNAT;35;14.7.1976;35;0
CAFERETTIN;1;19.5.1955;0;1
ZIKIRI;5;20.11.1969;5;0
KUR;1;30.1.1979;1;0
D.;6;24.6.1949;6;0
ARFAN;4;25.3.1958;1;3
HAZILAT;1;6.6.1954;0;1
FARUN;7;14.10.1968;7;0
TALETDIN;1;6.11.1964;1;0
FETIS;7;20.6.1951;3;4
HEYMAR;1;8.5.1952;0;1
BETTINA;5;6.10.1966;0;5
PAPULU;2;14.12.1942;0;2
TALATTIN;7;16.9.1957;7;0
KUVER;1;17.9.1934;0;1
RAMAZET;2;15.4.1957;1;1
EVRANAT;1;14.5.1962;1;0
IRVAT;1;12.6.1953;1;0
SEVDIAL;1;26.12.1936;0;1
ANNMARGARET;1;13.3.1951;0;1
MUNEFFER;11;29.4.1963;0;11
ZELYE;2;27.9.1963;0;2
LIESELOTTE;1;6.6.1947;0;1
ANGELIKA;16;14.3.1960;0;16
SUNDER;1;1.12.1953;1;0
ONCEER;1;16.4.1941;1;0
HEMIS;3;11.11.1948;0;3
SOLANGE;1;18.10.1953;0;1
M.FIKRI;5;23.4.1952;5;0
M.BAYRAM;2;8.9.1956;2;0
OZEK;4;13.11.1963;3;1
JALA;4;27.8.1965;0;4
HATCENA;1;25.12.1957;0;1
HERMIN;9;30.11.1961;0;9
FATAMANA;1;6.5.1969;0;1
NIZIYE;1;17.5.1939;0;1
SUFALE;1;1.10.1951;0;1
SEFIFE;3;10.4.1966;0;3
RAHIMENUR;4;18.8.1987;0;4
YETISTI;2;11.12.1954;2;0
MAZEN;14;15.12.1963;2;12
BUNYANE;4;17.5.1958;1;3
KUNEC;1;20.1.1936;0;1
SAZEVER;2;14.6.1959;0;2
FARI;16;6.6.1957;16;0
SAFONI;1;11.12.1944;0;1
EMILY;2;7.9.1990;0;2
SHERIDAN;1;30.3.1967;0;1
USUNNUR;1;16.4.1970;0;1
IRMGARD;7;4.12.1944;0;7
DOROTHY;3;7.1.1964;0;3
EVDOKIA;2;19.8.1960;0;2
ZINEVER;3;21.12.1944;1;2
KSENIYA;3;12.7.1976;0;3
ZAMANI;11;22.2.1977;9;2
MUSTITTIN;1;16.11.1958;1;0
MIHMANDAR;1;8.7.1967;1;0
AYGUNAY;4;4.3.1967;3;1
MERZIHA;11;24.3.1961;0;11
NURUNISA;9;16.1.1978;0;9
TECRIBE;18;25.1.1962;0;18
INA;23;28.12.1977;1;22
SAHIRAZ;3;21.1.1939;0;3
URFANE;12;28.12.1957;3;9
ELBINA;2;27.8.1982;0;2
SAMISTAN;8;23.10.1962;8;0
PERENT;1;7.6.1956;1;0
RABIKE;10;26.7.1975;0;10
SADUM;2;4.3.1966;2;0
KEREMETTIN;2;7.5.1982;2;0
BUBETCEL;1;27.5.1955;0;1
ELCIVAN;2;4.11.1976;2;0
SAFETA;16;22.5.1966;0;16
HEBIBULLAH;1;1.11.1955;1;0
NAZIKJAN;2;23.6.1967;0;2
SIRAPI;9;14.2.1941;0;9
ANTONY;1;17.11.1981;1;0
GELENA;2;14.4.1977;0;2
ZUBAYDAT;1;26.1.1979;0;1
SEROP;9;5.1.1961;9;0
RESIHA;5;2.12.1945;0;5
TAYADCAN;1;6.2.1959;1;0
DJAMILIA;5;20.10.1969;0;5
TARGAY;7;18.2.1970;7;0
NIKOLA;60;17.12.1952;59;1
NIMGUL;1;2.11.1963;0;1
SENADIYE;30;27.7.1975;0;30
ARJA;1;2.5.1962;0;1
SANAE;1;15.5.1974;0;1
READDIN;1;24.1.1975;1;0
DESPINA;60;24.5.1947;0;60
MAIZAR;4;13.1.1968;0;4
EMREOZGUR;1;24.6.1978;1;0
NAZUGUM;1;28.4.1980;0;1
MERAB;1;13.12.1978;1;0
JEIRAN;2;15.9.1975;0;2
ARAKIL;19;19.12.1947;19;0
STEPHANIE;15;11.3.1973;0;15
URLANI;1;28.2.1966;1;0
AYAVAR;2;11.7.1958;2;0
BEDAHATTIN;1;2.11.1951;1;0
ABDULTALHA;1;10.5.1972;1;0
ERMI;2;4.3.1969;2;0
AZA;8;22.11.1962;0;8
AYBOLEK;2;16.3.1979;0;2
MUSAI;18;26.8.1964;18;0
NARFIDAN;17;20.8.1959;0;17
SUAN;4;23.6.1982;2;2
GULCANSU;1;21.5.1987;0;1
VIKTORYIA;2;3.4.1975;0;2
IKBALYA;1;21.1.1953;0;1
NECIRIYE;3;7.12.1956;0;3
AHLEM;37;26.7.1984;0;37
SENAD;31;25.9.1977;31;0
NEBHAN;2;5.7.1969;2;0
HUSNER;1;27.5.1962;1;0
CAMILYA;2;30.11.1973;0;2
KUTEYLA;4;26.7.1947;0;4
ATOK;6;2.5.1960;6;0
METTUR;1;21.8.1968;1;0
MILGUN;6;8.12.1976;0;6
DELTA;6;1.2.1977;0;6
MUZZEHER;4;6.7.1965;0;4
MAGY;1;6.12.1957;0;1
RAVIKA;1;7.10.1976;0;1
HAYKIR;1;24.5.1990;1;0
SIRHAZ;1;26.11.1989;1;0
MEHTER;11;1.3.1970;10;1
FELAMINE;1;12.2.1965;0;1
LIOBA;1;24.9.1968;0;1
OL''GA;3;5.7.1977;0;3
ZEYNIGUL;2;6.12.1965;0;2
BURUSK;11;3.4.1983;11;0
YULIANA;5;12.12.1978;0;5
ELMAR;5;18.4.1973;4;1
MUKARREM;4;22.3.1973;1;3
ENDOGAN;1;30.3.1961;1;0
SAKINER;5;16.6.1976;3;2
KATSIARYNA;2;22.9.1980;0;2
SOFIANA;1;12.5.1967;0;1
KIVAC;1;1.6.1973;1;0
NELYA;6;4.5.1975;0;6
EKDANE;7;9.10.1956;0;7
YASSAMAN;1;17.8.1960;0;1
ASLIKAN;2;10.3.1969;0;2
AIA;1;17.8.1972;0;1
YAPRAKGUL;1;17.7.1983;0;1
KUPRIYA;3;17.10.1948;0;3
SOPHIE;11;11.11.1974;0;11
SEMSAN;3;5.11.1969;0;3
MEKA;6;3.1.1965;0;6
MIDRET;3;4.5.1952;0;3
SELAN;8;1.7.1976;1;7
HURRISAN;1;2.7.1968;0;1
ANNELORE;1;12.4.1938;0;1
HAVVACA;1;5.10.1949;0;1
ARUFE;3;23.12.1960;0;3
ZIYNIYE;4;23.3.1963;0;4
SEZERI;2;19.2.1961;2;0
SABIBI;1;21.8.1980;0;1
HILDEGARD;4;8.7.1958;0;4
GOKDIL;1;17.3.1986;1;0
MOROVA;1;4.3.1948;1;0
ANDREY;2;28.2.1990;2;0
HAVANNA;1;16.1.1966;0;1
MELIKSIMA;1;16.4.1974;0;1
UNYOL;2;26.8.1978;2;0
MAGRAPZEMIN;1;25.2.1949;0;1
UYKUYA;1;24.12.1955;0;1
RAFAGA;1;24.9.1949;0;1
GULFURAN;1;5.10.1986;0;1
TAIBET;13;24.8.1966;0;13
SEFIKER;3;15.11.1973;0;3
ABUTETIL;1;1.5.1985;0;1
ENVARE;5;1.4.1966;0;5
YASADE;4;18.7.1970;0;4
SAADETIN;3;14.8.1966;3;0
BUHIDE;2;12.11.1966;0;2
AZAPAY;10;23.5.1977;0;10
ZULKAY;1;18.4.1981;0;1
OSMANALI;15;16.8.1959;15;0
NURFIN;1;21.9.1975;0;1
KADIRNUR;3;3.4.1977;0;3
SEYHMAL;12;14.1.1959;0;12
ITEME;2;14.1.1959;0;2
MEVLIHA;2;22.2.1970;0;2
VEHRIYE;7;1.12.1953;0;7
MUZAFEER;3;8.7.1980;3;0
TOMBAK;12;3.5.1952;0;12
SELKUN;1;22.10.1971;1;0
GULCAGRI;2;25.2.1976;0;2
PABIC;1;22.8.1919;0;1
GULSEZIN;4;23.5.1977;0;4
BALKAY;3;7.10.1981;3;0
KUDRETDIN;2;5.4.1972;2;0
TERBUR;1;29.4.1937;0;1
GUDDISI;5;9.5.1971;5;0
TAMAN;7;9.2.1955;2;5
TAKIBA;2;9.11.1940;0;2
RAHIMEHAN;1;1.6.1965;0;1
FERZANI;7;19.6.1965;0;7
NASRETDIN;1;13.4.1950;1;0
SANEN;7;4.11.1966;0;7
HATICENA;3;12.10.1950;0;3
SESSADE;1;27.2.1978;0;1
IKMALE;2;16.6.1949;0;2
EGLEN;5;20.10.1975;2;3
ENVERE;7;8.3.1958;0;7
PAPIC;1;23.11.1961;0;1
HAVISI;2;16.4.1976;0;2
GANDIGER;1;17.10.1973;0;1
SEPBELI;1;11.4.1966;0;1
NADIREN;6;27.4.1966;0;6
SARIYET;4;19.12.1961;0;4
AISENA;1;21.7.1932;0;1
SEBBELI;3;3.1.1949;0;3
HAMZAALI;9;29.10.1951;9;0
HORUYET;2;24.10.1962;0;2
UMMUGONUL;1;1.1.1937;0;1
SULUFE;1;26.2.1937;0;1
CEBEHAN;2;2.7.1945;0;2
OKTAV;12;20.11.1958;12;0
ZANNIBA;1;18.5.1942;0;1
KANAET;1;27.7.1977;0;1
FERGALIT;1;26.4.1978;1;0
MEZAGO;3;7.8.1977;0;3
BARINE;4;11.12.1968;0;4
KANSAV;11;11.5.1981;11;0
SUBUDE;7;14.5.1959;0;7
AYNIMA;10;18.2.1962;0;10
IRIBEDEN;1;17.4.1942;1;0
MUFTAHIDDIN;1;29.4.1941;1;0
NACIVAN;4;13.11.1959;0;4
NASENE;1;21.12.1948;0;1
HAVVILI;1;11.6.1942;0;1
NAZLUMA;11;1.7.1961;0;11
FADETTIN;3;28.8.1965;3;0
VERGIYE;7;10.8.1968;0;7
SAHBAL;36;7.8.1957;2;34
TERZILI;3;16.5.1962;0;3
BURSADIYE;1;26.9.1952;0;1
DURGAZI;4;19.12.1962;4;0
FELANET;1;7.4.1933;0;1
LEYLUMAN;1;11.6.1956;0;1
SANTEL;1;15.5.1982;0;1
VAHIL;4;21.2.1963;2;2
SARACATDIN;1;21.12.1971;1;0
PAPUS;4;26.5.1958;0;4
AYBULUT;1;17.11.1990;0;1
ERCIH;2;11.11.1973;1;1
UMMUSER;8;4.7.1964;0;8
GULSAFI;10;11.10.1959;0;10
DZUNIK;1;14.3.1958;0;1
MATUMA;2;19.11.1952;0;2
SELEHATDIN;11;15.3.1964;11;0
SEVIMEL;1;20.4.1937;0;1
GUSER;8;8.10.1965;1;7
SIHNI;4;24.5.1955;2;2
ZILKARNEY;1;2.12.1973;1;0
ALTINTERIM;6;4.6.1949;0;6
MINSURE;1;9.4.1962;0;1
GASIP;17;25.7.1969;17;0
IRYEH;1;16.6.1981;1;0
MESSUDA;1;17.7.1972;0;1
NEVVIN;1;28.11.1968;0;1
MUHARRETTIN;1;1.11.1955;1;0
MUKANIYE;1;27.10.1960;0;1
HASSIBE;4;16.10.1958;0;4
NIHAZER;1;22.2.1961;0;1
SENFUL;1;4.6.1939;0;1
RAVIK;4;14.10.1963;4;0
SAKINAY;2;28.12.1964;0;2
NEDAHI;2;19.8.1977;2;0
BELFUZAR;1;24.10.1982;0;1
VAHIDETDIN;1;16.11.1975;1;0
MUSEKFER;1;2.11.1955;0;1
AYSENER;11;16.2.1974;0;11
NURKUN;4;4.11.1970;4;0
SONIZ;10;3.11.1967;2;8
TARAGAY;1;2.9.1973;1;0
MENDUG;1;28.1.1977;1;0
SEDTAR;4;2.4.1969;4;0
MEZRAP;2;3.3.1954;2;0
YUGEN;9;17.5.1974;0;9
MEHLAM;1;26.12.1960;0;1
SULDUR;4;3.1.1939;4;0
AZZEN;1;1.3.1981;0;1
NECUH;1;23.4.1984;0;1
ZULGARNEYN;18;24.10.1968;18;0
HAVILEN;1;22.2.1960;0;1
TUHRAN;4;28.10.1962;3;1
SUZULAY;10;28.7.1975;0;10
HATICEDUDU;20;5.11.1945;0;20
UZADIYE;12;25.3.1959;0;12
M.VEYSI;11;3.8.1956;11;0
SEVGAY;3;12.11.1977;0;3
DURDAS;3;7.3.1955;1;2
GULSEVIR;1;11.10.1974;0;1
MERDIYEN;5;8.11.1965;0;5
MEHMIYE;1;22.5.1955;0;1
HERNUL;1;25.3.1967;1;0
SUTVI;1;21.5.1976;1;0
TAMZIN;1;28.6.1974;0;1
SULEYBAT;1;3.9.1962;0;1
BILATTIN;2;23.5.1949;2;0
ADIVAT;2;6.5.1951;0;2
AYSELIM;3;15.7.1961;0;3
HATICEGONUL;1;17.10.1951;0;1
ERKMAN;9;30.1.1966;9;0
SELEF;13;28.4.1965;7;6
ERCAL;6;15.9.1967;6;0
MIESSEL;1;1.5.1971;0;1
UFAT;2;17.8.1963;2;0
VEKIYE;4;4.12.1961;0;4
SENVENT;1;12.5.1976;1;0
TURLAY;1;18.8.1962;0;1
SEBAYIL;5;19.10.1965;3;2
GANIFER;6;6.1.1968;0;6
SEZAKI;1;27.4.1968;1;0
FERIDAY;1;1.2.1985;1;0
NALSI;1;9.1.1962;1;0
VERNUS;1;20.2.1990;1;0
MUHEMEN;1;7.2.1956;0;1
EFEKAT;3;2.3.1960;0;3
NURGAY;7;26.3.1974;3;4
HATCANA;7;25.8.1952;0;7
SUVILA;1;13.1.1959;0;1
FEROL;7;15.3.1970;7;0
ARIFANA;1;27.3.1942;0;1
NURDAD;1;2.7.1957;0;1
EMEKTAR;3;12.1.1964;1;2
ZERFINUR;1;18.5.1952;0;1
SUFLTAN;1;19.9.1975;0;1
SAHMEZ;2;2.9.1962;0;2
SAVME;1;17.2.1960;0;1
FETAN;6;18.8.1958;1;5
SORGAC;1;6.7.1936;1;0
BABACIK;2;2.7.1941;2;0
FETTANA;1;7.3.1933;0;1
GUVERGUL;1;24.11.1971;0;1
CUHUDE;2;16.10.1952;0;2
MURUYEN;3;13.1.1971;1;2
HACEZ;3;6.8.1974;0;3
HAFSANA;1;17.2.1951;0;1
IRZIVAN;1;12.1.1971;1;0
PERIYEN;8;1.4.1956;0;8
GULPERIYE;32;1.9.1961;0;32
GANIMAT;5;21.1.1967;0;5
BELLIK;2;17.1.1950;0;2
ISMAILBAYIR;1;21.2.1940;1;0
BURTA;5;7.3.1969;0;5
SEMAIR;4;7.12.1955;1;3
FEDAIYI;2;26.2.1962;2;0
RIZNAN;1;29.5.1956;1;0
CEMENDER;19;10.1.1960;19;0
KULIZAR;2;5.11.1933;0;2
EVSANE;7;11.6.1975;0;7
OYNAZ;1;1.7.1979;0;1
BOZOK;3;26.7.1974;3;0
FATINUR;56;23.12.1979;0;56
YUMEL;6;3.12.1961;3;3
SERPME;1;11.10.1965;0;1
NAKSAN;3;11.6.1975;2;1
ZEHRILBEN;3;29.4.1955;0;3
NEHLI;9;7.2.1959;0;9
MATIA;68;21.2.1961;0;68
MURUSTEN;1;2.2.1975;0;1
HACIMUSA;7;27.11.1968;7;0
SERPAY;8;14.11.1979;3;5
ZEYFEN;1;16.10.1968;0;1
MAKRURE;1;12.8.1917;0;1
SEHERAY;2;17.9.1961;0;2
NUZER;3;7.6.1963;0;3
RAYLIYE;1;27.10.1968;0;1
SAFIREN;10;25.11.1960;0;10
LAIHA;19;1.2.1968;0;19
GULSUYA;1;2.11.1957;0;1
MUGANIYE;1;7.2.1964;0;1
SEYFA;10;17.8.1965;3;7
AKCANA;1;2.9.1957;0;1
ZILLA;4;19.8.1963;0;4
MEFARI;2;26.4.1973;1;1
MEVCUDAT;1;22.6.1973;0;1
BUDURA;1;2.11.1975;0;1
SAHSITEM;1;27.5.1932;0;1
BILAYET;1;22.10.1966;1;0
FRANCOISE;11;9.1.1955;0;11
HAGOP;84;13.5.1961;84;0
GARY;4;8.4.1961;4;0
MEHBERI;2;9.3.1979;0;2
NAMAZIYE;3;30.2.1963;0;3
URVE;5;23.1.1968;3;2
ALBASLAN;4;10.6.1972;4;0
AKILYE;1;12.11.1982;0;1
RUHENGIZ;3;6.9.1976;0;3
ELDAR;50;3.4.1977;50;0
AFAG;14;9.9.1969;0;14
SULEYMANCAN;1;28.3.1988;1;0
ELFRIEDE;7;25.6.1942;0;7
OZDEK;8;27.4.1982;4;4
IFRAH;2;18.4.1969;0;2
FAKIN;2;21.3.1960;2;0
MUHBIRE;12;10.5.1945;0;12
BULVIN;15;5.8.1967;0;15
RUZANNA;6;10.12.1967;0;6
PETRONELLA;2;17.9.1956;0;2
MAYIZES;1;12.2.1947;0;1
YELIZHAN;3;24.5.1981;0;3
TACELI;1;2.1.1955;0;1
VARTUSH;1;12.9.1971;0;1
AVNER;2;7.3.1973;0;2
BIRGIZAR;1;24.2.1953;0;1
ABIGAIL;1;20.5.1982;0;1
BELHUZER;1;25.2.1947;0;1
RADICA;1;3.4.1977;0;1
KARINA;10;1.11.1975;0;10
KIBRIT;1;21.7.1982;1;0
GULIRA;1;21.1.1980;0;1
UGURUGRAS;1;5.3.1985;1;0
MUJDEMIL;1;13.11.1973;1;0
VATANAY;2;14.3.1977;2;0
ELDEBURAN;1;22.9.1949;1;0
GHARIBA;1;7.1.1969;0;1
UNKUHAN;1;19.6.1982;0;1
ESDA;2;15.4.1990;0;2
TEZOL;6;18.10.1977;6;0
M.IHSAN;23;18.10.1954;23;0
MUGAYRET;1;2.5.1981;1;0
HULMIYE;5;11.5.1967;0;5
NERSEN;3;14.3.1965;0;3
MEBRUHA;3;13.4.1955;0;3
BIRGITTE;2;19.1.1972;0;2
SERTOK;7;16.2.1957;7;0
MUHLUSE;8;1.2.1963;0;8
HUSNETTIN;1;26.6.1961;1;0
AYPUKER;1;24.4.1950;0;1
MEMDUFA;14;14.10.1960;0;14
MEVCUDA;3;16.2.1969;0;3
SIMASI;1;12.11.1983;1;0
DONSAL;4;19.9.1974;0;4
BIHAMI;1;27.6.1971;1;0
MUTHET;1;12.2.1965;1;0
AYHER;5;10.7.1959;1;4
ANNELIESE;4;23.8.1938;0;4
PAKGUL;2;29.3.1959;0;2
SAFURYA;4;1.12.1966;0;4
FEROHAN;1;22.2.1972;0;1
BELIGMA;1;26.6.1978;0;1
JAROSLAVA;1;25.4.1974;0;1
MAZIP;1;12.2.1971;1;0
AKANYA;1;18.7.1976;0;1
ZUFRA;31;24.12.1962;0;31
TEKINSEL;1;27.1.1950;1;0
KUPULU;1;19.3.1960;0;1
RUZAN;12;5.1.1962;0;12
IMRALE;1;26.2.1971;0;1
MUSAIKAZIM;1;13.4.1953;1;0
UKDE;4;15.5.1988;0;4
CEZIMAN;1;2.4.1975;0;1
BERMEN;1;3.10.1985;0;1
GULZAHRI;2;13.9.1963;0;2
MURDAT;1;16.3.1973;1;0
ZUMRUD;11;13.9.1969;0;11
SUTTU;6;12.2.1961;0;6
GULCHOHRA;2;27.2.1959;0;2
AKKA;33;22.6.1951;0;33
TILAY;12;20.10.1971;0;12
NOOMAN;1;18.3.1963;1;0
CADIFE;2;3.12.1961;0;2
KUZEYLA;3;8.9.1975;0;3
CEHLA;1;25.1.1973;0;1
RABULE;2;13.1.1964;0;2
EMMAZIYE;1;22.1.1973;0;1
MARGARETHA;3;2.4.1942;0;3
ONSEN;3;6.4.1949;1;2
MULCEM;2;27.5.1959;1;1
ABDIRAZAK;1;16.9.1965;1;0
NEYFERI;1;27.10.1980;1;0
SENDEN;5;24.3.1974;0;5
MILKIYET;1;26.2.1977;0;1
MUHTERREM;17;30.7.1975;6;11
KUNAY;3;18.3.1958;0;3
ATTIAT;1;15.1.1982;0;1
SEPKIN;3;18.5.1967;0;3
SEBRAIL;2;25.11.1981;1;1
NICOLETTA;3;19.5.1972;0;3
VICDAT;4;3.1.1955;3;1
RAMONA;23;12.2.1980;0;23
NAZEFUL;1;7.8.1952;0;1
TELLU;3;26.9.1965;0;3
ZERHIN;2;27.10.1959;0;2
RAFETDIN;5;23.5.1960;5;0
SAFFEDDIN;6;26.4.1956;6;0
MEYRAME;3;7.9.1977;0;3
SUET;15;23.10.1950;1;14
SABORE;3;22.4.1938;0;3
TEFIYNE;1;8.12.1952;0;1
BILLORIFE;1;21.5.1953;0;1
FEVVEZ;1;6.2.1980;1;0
SELTOK;1;1.10.1964;1;0
MESIT;3;28.3.1959;2;1
NEVKAT;1;4.10.1984;1;0
ELWIRA;1;4.4.1973;0;1
IULIUS;1;13.10.1980;1;0
MULLAH;2;26.1.1962;2;0
VAKIDE;3;18.4.1974;0;3
ALTAHAN;1;22.1.1984;1;0
ZEVADIN;3;30.10.1947;3;0
KORAN;17;13.4.1972;17;0
SUZUL;1;13.5.1990;0;1
APTILKADIR;14;28.11.1965;14;0
SAYZER;12;23.7.1970;0;12
NURADE;1;6.7.1977;0;1
LIUBOV;18;27.1.1971;0;18
PALET;3;22.6.1975;3;0
YESEM;5;2.3.1963;0;5
RANEGUL;2;3.1.1971;0;2
ILYANA;5;9.12.1974;0;5
SEHERNAS;3;23.9.1965;0;3
BASETTIN;1;4.7.1982;1;0
UMMUSANI;1;20.5.1933;0;1
SEBAER;1;22.2.1949;0;1
MIRJAN;1;25.2.1987;0;1
MUTELLIM;10;22.9.1967;10;0
KOSAT;6;24.4.1975;6;0
IREFIYE;6;5.3.1955;0;6
LUDO;1;27.7.1972;1;0
HAVARENGIGUL;1;1.1.1961;0;1
SELATTIM;1;4.12.1959;1;0
NEDZADA;1;13.2.1971;0;1
BEKARHAN;1;20.6.1972;1;0
HEATHER;6;2.6.1962;0;6
UNUVER;5;17.6.1965;2;3
DONFER;1;27.2.1962;0;1
GUSSIYE;5;5.6.1958;0;5
SECIHAT;5;10.7.1966;0;5
MEHHUDE;1;21.12.1967;0;1
ISMUHANI;1;5.6.1933;0;1
ZEDAH;1;15.12.1974;0;1
BILAR;8;2.12.1959;4;4
ERSINANIL;1;1.9.1976;1;0
SIMAYA;2;9.11.1971;0;2
VUJGAN;1;21.4.1963;0;1
SAMINI;11;12.8.1968;11;0
GULUSEYE;1;11.8.1951;0;1
SAHANHANIM;1;5.9.1969;0;1
SEVDEDE;1;1.8.1980;0;1
SEDULMELIK;1;21.3.1975;1;0
ESLIN;13;23.6.1986;0;13
IKSANIYE;9;29.10.1970;0;9
RABIG;3;27.2.1981;3;0
FEYGUL;1;26.2.1959;0;1
NAZIKAN;29;19.2.1956;0;29
ESFANDIYAR;1;16.3.1956;1;0
MAVLI;13;5.10.1963;0;13
NURAYETI;1;12.4.1983;0;1
HASEMIDDIN;1;27.11.1986;1;0
SAHSINER;2;24.1.1953;0;2
SUMENYEM;1;14.3.1984;0;1
ILONKA;3;8.11.1948;0;3
BOLUKBAS;4;13.5.1963;4;0
ROBER;80;4.9.1963;80;0
RUZIFER;1;6.4.1977;1;0
VIOLA;2;7.1.1970;0;2
TSISANA;2;1.3.1965;0;2
DEBBIE;3;4.4.1968;0;3
ANNELIE;1;2.11.1970;0;1
KRISTEN;2;22.1.1968;0;2
TORK;1;17.9.1937;1;0
MAREKHI;2;10.12.1971;0;2
TSISMARI;1;16.2.1967;0;1
BUNDA;1;27.3.1944;1;0
MUHMETTIN;1;23.9.1971;1;0
R.CANAN;1;26.2.1985;0;1
NAVIN;4;12.8.1973;1;3
DANUSIA;1;28.3.1967;0;1
ROSAT;4;5.5.1982;4;0
ZERRENTIN;1;29.12.1949;0;1
ARIANNA;1;27.4.1953;0;1
VIBEKE;1;18.1.1969;0;1
GULCEYHUN;1;2.10.1970;0;1
ZIYNETTIN;24;4.7.1966;14;10
IHDIBAR;2;20.11.1970;0;2
PURCEK;2;19.2.1977;0;2
TAKUHI;97;23.12.1947;0;97
KARIKIN;3;1.9.1943;3;0
CLARE;10;5.1.1971;0;10
BIANCA;12;25.3.1973;0;12
ALFRED;5;6.6.1947;5;0
AYKANAT;7;4.11.1970;7;0
IRINE;3;9.7.1974;0;3
HAYGANUS;67;10.9.1949;0;67
MEKKELI;1;12.11.1951;0;1
SAHHIZER;2;22.12.1967;0;2
ZALLA;2;20.10.1965;0;2
KUREYDE;1;21.2.1966;0;1
KEYDA;5;6.7.1976;0;5
TEYGUL;1;2.4.1969;0;1
GULZAFER;5;1.11.1971;0;5
ARGUVAN;1;5.4.1957;1;0
YASAYEN;1;7.1.1952;0;1
YELTEM;7;19.1.1983;0;7
HAKIP;4;11.8.1972;4;0
CIVER;2;25.12.1969;2;0
LITAFET;2;12.6.1953;1;1
LEHAT;5;15.3.1983;3;2
SUHVAL;1;12.11.1977;0;1
IZRAIL;6;25.4.1965;6;0
YAHSEMIN;8;13.2.1971;0;8
MEHMEALI;1;26.4.1978;1;0
YARGICALI;1;27.10.1986;1;0
ZEVDAKER;1;17.2.1954;1;0
NEGIHA;6;10.12.1968;0;6
GRKAN;1;6.10.1979;1;0
ISMIHANI;82;27.6.1958;0;82
M.YAKUP;1;6.10.1970;1;0
ENGUREL;1;7.4.1976;1;0
AYZEM;2;5.1.1977;1;1
HUSENIYE;1;16.2.1951;0;1
MEBUDE;1;29.10.1967;0;1
SALINAZ;3;26.1.1968;0;3
NEBIZE;3;14.12.1963;0;3
HASUIM;1;2.2.1951;0;1
KUTDISI;7;19.8.1964;6;1
KADICA;7;29.11.1951;0;7
ERBUN;1;26.2.1977;1;0
MURATTIN;7;14.4.1965;7;0
GUFIZE;2;15.12.1945;0;2
SERAYIR;24;21.11.1962;0;24
SEMUYUL;1;16.5.1975;1;0
SEHNEZER;2;28.8.1945;0;2
HULHAN;1;6.9.1974;0;1
NURISEL;8;28.5.1962;0;8
HAMIDIYET;2;3.9.1971;0;2
MUZAHFER;5;21.1.1958;3;2
ZEHDA;2;15.5.1960;0;2
UMMUHENI;1;6.5.1974;0;1
SUBUS;1;22.1.1955;0;1
ABDULSEZAI;1;17.1.1954;1;0
VUCUTI;4;12.12.1945;4;0
AVUT;1;17.1.1978;1;0
GULUMSAN;2;8.8.1974;0;2
HAVILET;1;17.2.1972;0;1
MUSTESEM;1;2.2.1980;1;0
GIYAMI;1;7.11.1982;1;0
MEHLUVER;1;6.9.1956;0;1
SERIFIYE;17;13.12.1963;0;17
EKINHAN;1;30.1.1991;1;0
FEDAYIR;4;29.6.1967;3;1
GUREYDE;1;29.10.1973;0;1
SELMANIYE;9;1.10.1968;0;9
NIYASA;4;1.10.1963;0;4
JAVET;1;9.4.1964;1;0
ZOFRAN;1;10.7.1969;0;1
SANDICA;1;24.5.1975;0;1
KENIMET;2;8.5.1966;0;2
EFILAY;5;10.4.1981;0;5
JANAR;7;11.2.1975;0;7
GURKIZ;2;14.12.1972;0;2
CEHLIL;1;11.10.1971;1;0
HAVISSE;1;16.5.1962;0;1
BAKINAZ;4;26.4.1964;0;4
CEZMINAZ;5;6.7.1966;0;5
MUKNISE;1;22.2.1961;0;1
BEGZADE;8;10.12.1954;8;0
MINNER;3;14.4.1965;1;2
FATMASULTAN;1;2.8.1927;0;1
KURIYDE;1;12.3.1965;0;1
EHLIL;1;29.3.1965;1;0
EZMINUR;2;26.6.1955;0;2
DEHIL;4;26.6.1980;4;0
BUYTULLAH;1;7.10.1982;1;0
NEFVEL;1;21.1.1984;1;0
RUYDE;3;29.5.1956;0;3
REVEYDE;2;20.7.1958;0;2
GUZEYYA;6;4.3.1979;0;6
BAGKUR;1;6.4.1983;1;0
MESUDU;2;14.4.1972;0;2
HURIDE;14;1.11.1948;0;14
VELIYYIDDIN;2;23.1.1948;2;0
ESTUR;1;6.11.1980;1;0
UZAYDA;1;22.2.1991;0;1
MESHURA;1;6.1.1974;0;1
ULKUYA;11;18.7.1962;0;11
SUHUVET;1;22.4.1961;0;1
GULVEN;7;22.12.1975;0;7
HUDUDIYE;1;11.11.1952;0;1
EMINESAH;1;29.5.1956;0;1
BILGIDAY;3;2.9.1987;3;0
ELLUZAR;1;8.4.1965;1;0
NERUN;1;17.2.1966;0;1
URUSEL;2;20.11.1963;0;2
GULZEHTE;1;13.6.1941;0;1
EBUHUYRRA;1;3.8.1981;1;0
MAVZUNE;1;21.9.1982;0;1
NEVRIMSEL;1;24.4.1968;0;1
ZUFRUYE;4;16.8.1971;0;4
NEJBETTIN;5;5.2.1968;5;0
BAHABETTIN;1;26.9.1929;1;0
ESSEYIT;4;14.6.1940;4;0
MAVRIYE;1;2.5.1945;0;1
ZUBURE;1;27.10.1986;0;1
ANTRANIK;50;7.8.1950;50;0
ZIYANE;2;28.12.1974;0;2
SEVAR;15;9.12.1966;4;11
ALIHATTIN;7;10.4.1963;7;0
ZUKARNEYS;1;19.4.1963;1;0
VIRGIN;1;20.11.1975;1;0
STEFANIA;13;23.10.1974;0;13
FADEM;3;9.1.1980;2;1
AKTAY;12;25.3.1956;12;0
SUVEDE;5;29.7.1964;0;5
RUPEN;65;6.11.1953;64;1
SIRZADTIN;1;21.2.1959;1;0
LEVZAT;5;18.5.1964;4;1
LAMISER;38;24.2.1963;0;38
FLORINA;6;6.1.1976;0;6
GUSSUYE;1;25.7.1949;0;1
KHALIGOUL;1;5.8.1962;0;1
NEZBA;1;3.3.1981;0;1
KEMALPASA;1;10.7.1974;1;0
UFYEM;1;17.7.1972;1;0
INGUN;1;18.8.1974;0;1
BESTAT;1;16.5.1982;1;0
SEHLAL;1;11.10.1968;0;1
NERSEL;2;22.8.1967;0;2
DURSUMIYE;1;16.2.1959;0;1
RIMMA;14;15.12.1973;0;14
ILCIM;18;17.10.1981;0;18
ZERRINTAC;5;7.10.1971;0;5
PECEN;1;21.6.1978;1;0
MUGDIYE;2;2.2.1955;0;2
LUTFULLAHBIROL;1;6.10.1960;1;0
M.OZKAN;1;20.12.1965;1;0
DEMER;1;6.9.1971;1;0
AROPAT;1;17.3.1971;0;1
KUSREV;2;3.11.1971;2;0
ELIFNIHAN;1;7.9.1975;0;1
YUZZUK;3;2.7.1963;0;3
TAZILE;4;6.3.1962;0;4
ABDULKERAMETTIN;1;17.10.1966;1;0
REYZI;7;18.5.1973;3;4
DOGUKAY;1;19.11.1991;1;0
GATFAN;1;13.6.1979;1;0
MUJLAL;3;1.4.1954;0;3
GALIMAT;2;4.12.1972;0;2
MUTEMIN;1;11.8.1974;1;0
HAMIDEI;3;25.7.1935;0;3
SVEN;7;6.11.1978;7;0
EVGENIA;8;17.9.1952;0;8
FESLIKEN;1;22.2.1991;0;1
ENBIR;1;27.10.1980;1;0
BEHZIYE;4;6.6.1963;0;4
GERCIYE;1;3.5.1955;0;1
YELDANUR;8;10.5.1980;0;8
ULJAN;1;12.8.1983;0;1
LAMISE;8;3.11.1959;0;8
ORSIT;1;21.4.1990;1;0
UDO;1;3.7.1990;1;0
HAYIRMEHMET;2;23.2.1976;2;0
SANOAT;1;29.12.1964;0;1
SAYATE;1;16.10.1971;0;1
ZAHNI;1;28.2.1950;1;0
RUHIYA;7;7.5.1977;0;7
FERTAN;7;21.11.1973;4;3
AKBAS;9;28.4.1950;9;0
TUNGAY;9;19.3.1970;9;0
RUHSEVER;3;21.6.1950;0;3
IFDAR;3;2.10.1963;0;3
MERGIZAT;2;14.11.1962;2;0
NUVEYRAN;22;26.1.1966;22;0
HICRANGUL;3;10.5.1963;0;3
MENGUN;1;6.6.1959;0;1
YASHAR;1;21.11.1947;1;0
CONSUELO;4;1.12.1953;0;4
MURATILTAR;1;16.7.1974;1;0
ROVSEN;7;19.6.1975;7;0
NUZEN;1;29.10.1947;0;1
RINAT;6;8.4.1979;6;0
ILMIR;1;28.1.1940;1;0
ABDULMESUD;1;8.2.1976;1;0
UTARET;3;6.2.1949;1;2
INARA;6;1.6.1983;0;6
TEHRIYE;2;12.4.1958;0;2
CAGA;3;21.9.1981;2;1
DUMEYRE;1;29.12.1967;0;1
ELMIRE;9;20.10.1975;0;9
TANSULE;1;11.10.1959;0;1
CEVABI;7;11.4.1963;7;0
ELISAVETA;2;1.2.1972;0;2
VITA;9;13.11.1975;0;9
ZUHRAB;2;8.10.1963;2;0
NIGUIAR;2;4.9.1969;0;2
NURTURE;1;4.12.1948;0;1
RUVEYYA;2;4.10.1951;0;2
ASSOVDA;1;5.11.1963;0;1
OZEYIN;1;1.12.1937;0;1
KARABUDAK;1;15.10.1974;1;0
RUFINA;3;26.6.1966;0;3
CASSIM;2;26.12.1961;2;0
NARHANUM;2;15.7.1963;0;2
RAHIYDA;1;21.4.1952;0;1
VARTOHI;6;12.2.1940;0;6
TAYHUN;4;5.12.1970;4;0
LUCILE;1;22.6.1968;0;1
BEDRUNNISA;5;12.12.1928;0;5
LAMIS;5;27.10.1966;0;5
DUMEYRA;1;21.8.1983;0;1
AZIZHANIM;1;23.12.1952;0;1
MOHANNA;1;24.2.1970;0;1
SAGFETTIN;1;22.1.1967;1;0
REFINAZ;1;1.3.1930;0;1
HATOS;7;13.9.1952;0;7
IBIR;7;26.8.1959;7;0
HAZURE;5;16.6.1973;0;5
SAHABIYE;3;13.8.1971;0;3
MEFERAT;1;12.10.1977;0;1
EGSE;8;25.5.1956;0;8
ERFIL;7;14.1.1973;4;3
MARDIROS;51;12.6.1911;51;0
MAIYET;1;9.5.1941;0;1
SEMANTA;7;22.2.1977;0;7
LIOBOV;1;16.4.1974;0;1
NILCAY;6;12.9.1975;0;6
NIMIK;1;2.9.1951;1;0
ARIADNE;1;27.4.1992;0;1
SETUL;1;27.2.1991;0;1
NIKANE;1;2.5.1933;0;1
MERVEY;1;16.2.1958;0;1
HURISAFA;1;5.10.1954;0;1
NEVRUDE;12;20.6.1946;0;12
GULANU;1;12.7.1983;0;1
ELIT;17;18.8.1985;3;14
KIYMETIN;2;7.6.1956;0;2
MIZAYEN;1;22.5.1978;0;1
SIDDIKI;1;14.8.1980;1;0
KIYARE;1;29.4.1963;0;1
UZEMIYE;3;7.3.1955;0;3
MASUMEH;1;10.3.1967;0;1
SERMUN;7;10.1.1968;2;5
H.SULE;1;19.10.1971;0;1
TURISINA;2;18.8.1958;0;2
KADIOGLU;2;7.5.1985;2;0
NEBIHIM;1;9.2.1955;0;1
SARIHE;5;11.7.1967;0;5
SAYESER;1;7.3.1964;0;1
PENZER;4;17.11.1965;0;4
OMUROL;2;2.5.1973;2;0
NUHETTIN;2;4.2.1949;2;0
ESMIHA;2;24.10.1966;0;2
HUDANE;11;26.4.1974;0;11
YEDGIN;1;10.12.1962;1;0
ZEMRE;7;19.1.1965;0;7
INCAY;7;10.2.1964;1;6
HANIFER;3;8.12.1959;0;3
NERDEM;3;27.1.1970;1;2
SENRIBAN;1;3.12.1981;0;1
NERDEN;1;16.9.1969;0;1
HACILEMAN;1;12.8.1953;1;0
ZEMGUL;1;7.11.1976;0;1
SEZERAN;2;10.12.1969;2;0
MEFDUN;4;3.10.1975;4;0
PEMBUS;3;28.3.1950;0;3
AYDUHAN;1;26.7.1967;1;0
UMMUDE;1;7.9.1982;0;1
OGUZAN;2;7.2.1975;1;1
ILKNIMA;1;12.3.1971;0;1
HAVIFE;2;8.3.1951;0;2
GULSAIDE;8;15.5.1967;0;8
DURDUSEN;3;14.4.1974;0;3
OZMERIC;6;17.12.1964;6;0
SEVGIYAN;6;21.10.1961;0;6
HULIDE;2;23.1.1967;0;2
LEJLA;13;5.12.1972;0;13
MUHIK;2;22.5.1955;2;0
SEFETTIN;11;21.6.1965;11;0
TAJLAN;1;13.9.1952;0;1
MORDAGUL;4;14.9.1969;0;4
ANNEGRET;2;19.5.1957;0;2
ISTINA;1;17.12.1978;0;1
SEMANA;2;14.7.1947;0;2
PIRUZAN;6;25.5.1957;0;6
YELPERI;1;1.6.1979;0;1
BUBERIYE;5;20.3.1959;0;5
TURKEUN;3;7.7.1977;3;0
OYSUN;3;20.7.1980;0;3
SAKINI;1;21.10.1975;0;1
GUZULE;1;6.10.1961;0;1
KEFAATTIN;1;24.5.1966;1;0
DAYLAK;12;14.7.1954;0;12
MEPRULE;7;7.2.1960;0;7
FERCANI;10;10.4.1955;10;0
HAVVASEN;3;28.2.1964;0;3
GULDESUN;2;2.3.1968;0;2
NECAHETTIN;4;19.10.1957;4;0
ZEKIYENURLU;1;4.2.1986;0;1
MUHRIYET;1;28.4.1938;0;1
HUKIYE;2;22.2.1971;0;2
HAZEMIN;2;19.3.1962;0;2
BELTAN;6;17.1.1960;4;2
YURDUSEVER;4;12.6.1970;0;4
HUDANUR;29;20.6.1982;0;29
SERREF;3;28.10.1968;2;1
TENNAR;2;18.7.1958;0;2
NEVISTER;6;23.10.1953;0;6
MUNYEMIN;2;21.1.1967;2;0
SABIME;1;22.3.1967;0;1
SERCAMI;3;2.8.1965;3;0
SERVATI;3;7.1.1964;3;0
ILHANDER;1;11.2.1957;1;0
FAKITTIN;1;26.6.1966;1;0
SUALI;1;25.7.1985;1;0
ALIDUR;2;24.5.1958;2;0
YUNEL;22;3.4.1964;13;9
NIFIZE;2;20.6.1961;0;2
SUKUBE;4;19.9.1951;0;4
NANUFER;9;3.9.1948;0;9
LAURENTA;1;14.10.1967;0;1
MARTEHELA;1;23.10.1977;0;1
ELBAYIN;1;22.8.1973;0;1
TUFRAN;2;9.2.1948;2;0
OZSEV;10;19.6.1975;3;7
FRANCOIS;3;10.11.1967;3;0
VITALINA;2;4.1.1976;0;2
DILIAFROUZ;1;2.7.1983;0;1
ORKUNMUSA;1;14.11.1984;1;0
DENISA;6;11.9.1969;0;6
MEIDA;1;27.11.1972;0;1
EBUZED;4;1.1.1972;4;0
GURTUNA;3;14.5.1974;3;0
MIZAM;19;8.6.1966;19;0
VERKAN;1;24.8.1983;1;0
MEMFIYE;2;24.5.1962;0;2
UNNI;1;28.4.1963;0;1
ZAHADDIN;2;16.11.1953;2;0
PILSEN;1;18.4.1972;0;1
JEANETTE;3;9.6.1961;0;3
MAVERA;6;25.2.1983;0;6
IVRAHA;1;28.1.1976;0;1
ERENAYTAC;1;5.7.1977;1;0
OZALTANIN;1;2.2.1985;1;0
DIJLA;4;10.7.1979;0;4
TUREFE;2;17.12.1959;0;2
MUZEVVER;10;20.3.1951;0;10
ZARFE;12;6.7.1961;0;12
UMURIYE;13;15.1.1953;0;13
SERIMA;4;5.3.1969;0;4
MUZAFFERETTIN;10;18.3.1945;10;0
EYNURA;2;1.2.1983;0;2
KUTU;17;24.6.1945;2;15
RAHMANA;3;22.4.1965;0;3
CEZIME;47;3.12.1969;0;47
AGCEMAN;1;2.2.1951;0;1
NUFTADE;1;1.12.1954;0;1
PAMMIS;1;7.3.1952;0;1
MUZAHHAN;1;23.11.1936;0;1
ERHO;1;20.2.1940;1;0
YURDAKAN;34;13.10.1966;34;0
KEFAADDIN;1;2.2.1956;1;0
RABBIKA;1;2.2.1981;0;1
PELIZAT;8;28.1.1971;0;8
FILIZKAN;1;17.4.1946;0;1
AHMETHILMI;1;21.4.1971;1;0
HULAVER;2;8.8.1977;0;2
BELIZAT;1;26.12.1984;0;1
APDILLE;1;2.2.1951;1;0
RENC;3;13.9.1986;3;0
LUFET;4;21.8.1955;2;2
MEYRESE;1;29.8.1962;1;0
ALPAKAN;1;25.11.1975;1;0
FAGET;1;8.11.1966;0;1
SAHVEN;2;1.1.1946;0;2
ABDULLAHAK;1;7.3.1964;1;0
ANYUTA;1;5.5.1970;0;1
NUHYETTIN;6;22.2.1973;6;0
KIBAL;3;3.10.1967;0;3
DURRIYYE;3;29.12.1946;0;3
TAYGU;1;22.3.1973;1;0
ESMAL;1;2.4.1975;0;1
ALIIKSAN;9;1.2.1970;9;0
DOGUKAGAN;3;1.6.1990;3;0
YAKUBA;1;27.12.1956;0;1
URTUNAY;3;8.9.1956;0;3
KUNEVVER;1;22.5.1961;0;1
FIRUZAT;1;25.11.1979;0;1
SULLUHAN;2;7.3.1948;1;1
KABRIYE;6;17.8.1956;0;6
NESLIH;1;12.6.1965;0;1
SEHIRAN;1;12.11.1965;0;1
SULIYYA;1;22.2.1949;0;1
AVER;41;22.12.1955;1;40
FERTI;1;7.2.1946;1;0
LECIN;2;11.9.1949;2;0
MUSEVVIT;2;7.1.1955;2;0
NAZEZ;4;18.12.1964;0;4
MEYNUNE;2;5.4.1959;0;2
SUKRUYEN;2;17.12.1966;0;2
RABUS;15;15.3.1954;0;15
MEFHURA;1;1.5.1966;0;1
GULSUMSEN;1;7.10.1970;0;1
DONDUKIZ;1;22.2.1949;0;1
MELHUZAT;1;3.5.1941;0;1
AYSACA;1;6.7.1953;0;1
HATCEANA;1;29.2.1953;0;1
MIMTAZI;1;3.7.1983;0;1
HAVHI;1;23.3.1969;0;1
GUMURIYE;1;6.3.1975;0;1
IMRALI;3;7.8.1964;3;0
GULSAZIYE;7;15.11.1960;0;7
RISSALAT;2;30.9.1974;0;2
RUSDUYE;5;1.4.1960;0;5
VEDRIYE;1;6.5.1960;0;1
GULEVSER;8;10.11.1952;0;8
SUADDIN;1;7.9.1970;1;0
AYHEN;6;27.2.1964;3;3
MUNUNE;1;2.8.1987;0;1
MUHTACEL;1;23.11.1960;1;0
RAGUF;8;10.9.1963;8;0
MUHTECIL;1;12.4.1959;1;0
BEBECCAR;1;27.9.1956;0;1
HACILI;6;12.3.1962;1;5
AYINCE;1;7.2.1958;0;1
HAMANA;1;2.7.1975;0;1
CENGIZIYE;2;29.4.1976;0;2
NEBIHAR;4;25.8.1977;0;4
NABIKA;1;21.3.1939;0;1
KUBRUYE;2;26.7.1939;0;2
BULENTI;1;16.2.1975;1;0
ILHAYET;2;27.1.1974;0;2
ADEVIYYE;5;6.8.1960;0;5
NURIVVET;1;28.11.1968;0;1
PENZILE;4;5.3.1959;0;4
GUNEGUN;1;27.4.1956;0;1
NIKAYE;1;23.4.1949;0;1
AYISEI;2;10.1.1940;0;2
MINKAYIN;1;1.4.1982;1;0
USTEL;8;23.7.1961;4;4
MESUURE;1;1.9.1973;0;1
NARINSAH;6;13.6.1959;0;6
IMADATTIN;3;3.11.1967;3;0
TIRAFIYA;1;21.5.1963;0;1
ETILLA;1;1.12.1949;1;0
CUMADDIN;7;6.8.1968;7;0
YAGIS;5;25.8.1985;2;3
MUKATDEREN;1;11.5.1963;0;1
GEJO;5;4.5.1955;2;3
FENHAN;1;6.12.1963;0;1
TURKGENC;3;19.2.1965;3;0
BARISAL;1;14.10.1982;1;0
CEYIT;1;8.2.1972;1;0
SELAHTAR;1;12.5.1983;1;0
ZABID;3;9.4.1964;3;0
KAREM;1;1.2.1967;1;0
FESLIGEN;2;29.1.1968;0;2
AZIYLE;1;7.6.1954;0;1
BILYAZ;5;12.8.1975;2;3
KAVAN;1;19.5.1978;1;0
KIRBIYE;5;8.9.1970;0;5
MINTER;4;15.9.1960;3;1
GOKSEV;33;12.6.1969;11;22
TORCA;6;23.4.1955;6;0
BALGUZEL;11;19.10.1957;0;11
RAZITA;1;22.8.1931;0;1
MIRCEMIL;1;29.4.1962;1;0
ULFETE;12;18.7.1946;0;12
BAHRUDDUN;1;22.2.1955;1;0
ICLE;1;3.5.1964;0;1
ZENUP;6;1.10.1955;0;6
YUCELVAHIT;1;17.2.1978;1;0
RAZIHA;5;22.3.1972;0;5
VEYSELCAN;1;19.3.1992;1;0
STANISLAVA;3;7.6.1969;0;3
BUGRACAN;7;28.3.1990;7;0
HECIME;1;2.12.1981;0;1
O.FARUK;6;29.11.1956;6;0
NESSAR;1;16.6.1951;1;0
MUSLIMIYE;3;2.4.1964;0;3
KENZIYE;4;2.4.1955;0;4
SERFANIM;4;5.2.1977;0;4
SAMILHAN;5;20.9.1952;5;0
ARUSA;12;24.10.1961;0;12
VAHADE;5;12.10.1973;0;5
SEVRAM;1;30.12.1990;0;1
ALPTIMUCIN;4;28.4.1986;4;0
BIDAR;22;9.7.1962;3;19
TATIYANA;5;30.10.1971;0;5
GULVELI;4;14.2.1978;4;0
MUAFIRE;2;26.2.1978;0;2
ENONSE;1;22.10.1972;0;1
MEYGUL;3;8.8.1959;0;3
LATICE;4;8.4.1971;0;4
MEBRA;4;27.11.1981;0;4
MIASEL;1;2.12.1963;0;1
BELKUTAY;1;7.12.1982;1;0
SELFIDAN;10;12.1.1973;0;10
CELALETTINILHAN;1;4.1.1979;1;0
MUCERRA;5;22.6.1950;0;5
MUBRUK;1;12.2.1965;1;0
BESPINAZ;1;4.4.1962;0;1
CAMSEF;1;6.3.1971;1;0
NAZMISAH;4;13.11.1956;0;4
ZENIRIYE;1;11.6.1974;0;1
TALIMET;24;12.4.1961;0;24
FERUTTUN;1;3.5.1973;1;0
UTBAN;6;4.2.1978;6;0
ELGUL;10;3.9.1960;1;9
GANIYMAN;1;29.4.1960;0;1
HALEFISU;1;5.11.1963;0;1
SAHZENI;1;22.11.1976;0;1
NERETTIN;3;6.10.1961;3;0
MENNUS;10;14.9.1967;3;7
HALES;4;9.8.1949;0;4
OKUDAN;1;6.3.1957;1;0
REBIFE;1;28.4.1962;0;1
ELISABETA;10;20.6.1973;0;10
KATIF;16;5.7.1957;2;14
SINAMEDDIN;2;15.5.1964;2;0
NURRULAH;1;27.5.1967;1;0
HAMIIDE;1;17.2.1990;0;1
SEREFITTIN;13;7.4.1944;13;0
HIMAMI;15;7.8.1954;0;15
ENZER;8;17.12.1970;5;3
ZERDAHA;1;4.2.1949;1;0
HAJARKHANIM;1;27.9.1957;0;1
HALATE;3;8.8.1971;0;3
MULKUNAS;2;6.6.1972;0;2
REFIAT;5;26.8.1963;0;5
ELVUNAZ;1;17.2.1960;0;1
HAZRETIYE;1;26.8.1975;0;1
MEHRANE;1;8.1.1963;0;1
ULFANI;4;11.11.1957;3;1
SERGANDAR;1;4.1.1992;1;0
CAGRICAN;6;18.12.1989;6;0
MUHTEDDIN;5;24.12.1968;5;0
KAYME;4;1.7.1953;0;4
NEDISAH;1;26.7.1963;0;1
KANYUR;1;17.11.1984;1;0
FUGUR;1;22.3.1972;0;1
PERYADI;1;19.1.1966;0;1
SERIYDE;2;1.4.1971;0;2
FELDA;10;24.3.1977;0;10
MISNIL;1;1.9.1963;0;1
KEFI;6;25.8.1944;0;6
TOYCAN;22;25.10.1973;19;3
FETENA;1;4.3.1959;0;1
NURKUT;13;24.6.1968;8;5
TEKIYA;2;9.12.1982;0;2
SENEZ;9;7.8.1977;3;6
CAHITEFE;1;22.12.1967;1;0
PEKSOY;2;19.6.1986;2;0
SEYHATTIN;14;14.9.1960;14;0
NERSOY;1;6.1.1975;0;1
FIZER;3;21.1.1957;0;3
ZUBEYTE;3;23.5.1961;0;3
CAHVAR;26;19.12.1953;26;0
YASEVIL;16;23.9.1978;0;16
ABDULGURBET;1;8.5.1976;1;0
FIKRAT;15;2.7.1961;12;3
ASINDAR;1;11.6.1960;0;1
ENUSEL;1;26.8.1959;0;1
FERRAT;11;27.11.1973;10;1
REDIFIYE;6;21.9.1960;0;6
BAKIA;1;1.9.1977;0;1
IMELDA;6;2.2.1974;0;6
KUZGUN;1;5.8.1982;1;0
VEZIFA;2;14.6.1965;0;2
TEMILI;1;27.4.1968;0;1
DILBAS;9;20.10.1970;0;9
ZENOVIA;4;14.2.1973;0;4
MUNESTER;1;2.2.1963;0;1
ZALGAN;1;26.4.1951;0;1
ISMIRIYE;2;17.1.1943;0;2
TAYYIFE;1;2.3.1963;0;1
SOHRETE;17;17.1.1967;0;17
ABUSAMET;1;10.2.1976;1;0
SUDDAHA;1;3.1.1941;0;1
AYSES;5;13.12.1956;0;5
ALASGER;2;25.5.1954;2;0
GULNUZAR;1;21.9.1969;0;1
GURPINAR;12;2.12.1968;5;7
NENER;1;18.4.1979;0;1
SEVDAIL;4;2.12.1966;4;0
BENZURIYE;2;22.3.1961;0;2
MUSTETTIN;3;27.3.1957;3;0
RABE;19;11.6.1963;0;19
KONCAFIR;1;12.4.1965;0;1
DURANNE;1;25.7.1967;0;1
MEVZIBE;1;29.5.1974;0;1
SELIL;4;25.8.1972;0;4
TELLIY;1;22.2.1955;0;1
GULUC;2;10.10.1950;0;2
KIRDAL;1;21.10.1953;1;0
APDILKADIR;9;18.7.1963;9;0
IKAMET;3;13.10.1958;1;2
ZURBIHAN;1;11.4.1969;0;1
MUECEL;2;27.9.1957;0;2
ERTUGAN;8;19.1.1972;8;0
BALYE;1;15.2.1986;0;1
LIDIYE;2;5.11.1955;0;2
KARAMGUL;1;12.10.1959;0;1
NESIPULLAH;1;12.1.1978;1;0
MUSLINE;2;7.8.1964;0;2
RAYSAN;4;9.10.1971;0;4
MASUP;3;1.4.1966;3;0
OKSEV;1;17.2.1990;1;0
MEJBUDE;1;23.2.1955;0;1
MUKTED;3;12.7.1974;3;0
BILARA;1;6.11.1933;0;1
AYLETE;1;2.2.1981;0;1
NEVRAK;6;15.7.1964;6;0
NANEL;1;1.9.1975;0;1
MUMENIE;1;22.8.1949;0;1
CITEN;1;12.2.1983;1;0
CEKIHAN;1;21.11.1951;1;0
VEYAS;1;3.3.1992;1;0
MABUDIYE;1;4.4.1951;0;1
NURTUNC;1;1.4.1970;0;1
UMMUSULEYIM;1;22.11.1986;0;1
TEMELDILAVER;1;1.6.1965;1;0
EVRENER;1;6.3.1956;1;0
KARSEL;6;11.6.1975;1;5
SAHYUSUF;27;25.12.1958;27;0
AGGELIN;1;3.11.1954;0;1
DULVIN;2;5.1.1972;0;2
IKLIYMA;1;7.9.1962;0;1
RIMLATA;1;22.3.1961;0;1
SEBILAN;1;29.11.1975;0;1
AHMEDIBILAL;1;29.7.1987;1;0
SAFIYAT;5;30.4.1950;0;5
CENKUT;6;7.8.1972;6;0
HUSNUZAR;16;9.4.1956;1;15
AYDINCAN;11;19.6.1988;11;0
ZEGNEL;1;7.7.1959;1;0
SEHRINUSA;1;18.7.1958;0;1
KETLAZ;1;26.10.1976;0;1
ZOVKHRA;1;10.4.1958;0;1
SORHUN;2;2.2.1968;2;0
FIDNAT;7;2.11.1957;0;7
MECNI;1;25.5.1963;1;0
BEYSE;10;25.7.1960;1;9
NAZIRAT;2;12.2.1974;0;2
ELDAYI;1;21.6.1942;1;0
MIZIDE;2;15.7.1952;0;2
IRESMIYE;2;9.4.1952;0;2
MEKHRIBAN;9;17.3.1974;0;9
BEDRINIAM;1;8.2.1965;0;1
LEVON;92;24.7.1956;92;0
RUKSELEN;1;22.8.1967;0;1
GULVESILE;2;8.10.1974;0;2
CALIP;13;12.8.1958;12;1
KUTCAN;1;27.7.1959;1;0
CHALALA;2;8.4.1969;0;2
YUNUSALI;2;22.2.1955;2;0
DERIZAT;1;18.10.1962;0;1
CAGSUN;3;4.11.1978;2;1
HANDEDILAN;1;29.9.1991;0;1
HUVAT;7;10.7.1965;7;0
ESPINA;1;13.3.1991;0;1
ILKAYE;3;9.10.1960;0;3
SONEY;4;25.2.1980;1;3
NECLA''I;1;30.2.1933;0;1
KEVIN;11;7.6.1987;11;0
SONGOR;2;2.6.1956;0;2
RAIKAN;5;30.2.1965;0;5
JEAN;18;21.12.1963;17;1
ISADOGU;1;27.5.1970;1;0
KANUS;2;27.4.1949;0;2
HEIKE;6;17.8.1961;0;6
ROJCIVAN;1;4.6.1981;1;0
HASREM;1;26.9.1982;0;1
CHRISOULA;1;7.3.1946;0;1
BEYHES;2;3.2.1975;2;0
ALIMETE;1;6.3.1947;1;0
SIMONE;7;6.5.1954;0;7
BILGISON;3;2.7.1978;2;1
MERHUBE;3;5.2.1978;0;3
CAGIM;14;28.12.1983;9;5
TUMURHAN;2;28.3.1964;2;0
KIYAVER;9;25.9.1952;0;9
KULZUM;1;11.11.1967;0;1
SEPKEN;2;7.7.1980;0;2
ANTJEJUTTA;1;27.8.1950;0;1
MALEYKE;2;19.5.1969;0;2
GOKBAY;6;11.5.1979;6;0
GUNSIRAY;5;15.6.1967;1;4
MERIHHAN;2;10.1.1978;0;2
NAGIMA;1;29.5.1972;0;1
BEATA;5;4.11.1965;0;5
CABAHAN;1;26.8.1984;0;1
MAYPIP;1;26.9.1965;0;1
AYTULIN;8;13.6.1972;0;8
AYTUT;1;7.2.1948;1;0
ERNST;2;23.2.1961;2;0
UREYDI;1;24.5.1940;0;1
BETULNUR;8;29.1.1986;0;8
VOLHA;15;7.7.1977;0;15
SHEELAGH;1;3.10.1974;0;1
RYMA;1;17.5.1981;0;1
JEKATERINA;1;17.2.1977;0;1
GOGUSGER;1;10.2.1949;1;0
ZUBERYA;3;30.9.1971;0;3
IZGUN;2;26.8.1982;0;2
MARICEL;2;6.11.1974;1;1
GULGUM;4;26.4.1972;0;4
ERKUDER;2;2.8.1939;2;0
ODMAN;3;3.7.1965;3;0
LERA;1;3.11.1976;0;1
BORKE;2;5.11.1980;1;1
RADITA;1;10.5.1972;0;1
ECEAYTAN;1;29.12.1991;0;1
DIDA;6;30.11.1961;0;6
KIYAFE;10;24.4.1958;0;10
GULNEHIR;3;21.3.1966;0;3
SEVDAP;8;12.2.1970;0;8
SENUGUR;3;1.11.1944;0;3
HAGEN;1;22.7.1988;1;0
NIJEL;5;28.7.1970;0;5
NEYSAN;3;28.6.1971;1;2
JODIE;2;23.4.1977;0;2
FUMAY;1;11.12.1969;0;1
MUFLIHA;1;17.1.1948;0;1
MENDAHIL;1;15.2.1965;0;1
SELAMATTIN;1;9.5.1973;1;0
EGESEL;18;25.6.1971;16;2
O.TUNCER;1;12.3.1947;1;0
PEPIL;1;7.10.1946;0;1
LELYA;3;6.3.1972;0;3
ADLEM;4;11.8.1975;3;1
AYKO;1;4.2.1955;1;0
NOURDJIHAN;2;15.6.1974;0;2
HAMPAR;10;30.1.1955;10;0
ARSELOZ;1;7.2.1964;0;1
SELTIPI;2;27.4.1969;0;2
TIMMUR;2;21.7.1984;2;0
ESINC;6;21.12.1978;1;5
MUZLETTIN;1;12.6.1966;1;0
HUBEYIT;13;20.4.1981;13;0
ABDURREYYAH;1;17.2.1948;1;0
TACIBE;5;2.11.1949;0;5
STELA;26;1.7.1972;0;26
TURFAR;1;23.2.1959;1;0
BENYAL;1;27.10.1982;0;1
GULRUYA;2;27.3.1986;0;2
LAZIF;1;9.2.1969;1;0
EZIDE;2;17.10.1950;0;2
BISTRA;2;22.7.1978;0;2
OUMCHARAT;1;27.7.1969;0;1
NASPELVER;1;14.10.1940;0;1
NESIRET;5;20.2.1945;0;5
COLPON;1;12.7.1970;0;1
IVRIZ;1;10.7.1950;1;0
STANICA;2;2.9.1972;0;2
LINDSAY;2;19.12.1973;0;2
NURTEMIZ;12;22.10.1971;0;12
VEZAIP;1;12.8.1953;1;0
MURCEY;2;4.8.1948;0;2
OMERRUL;3;2.8.1963;3;0
MEHVIZE;11;6.9.1960;0;11
GURAYCAN;1;11.4.1963;1;0
HAKANALI;2;1.1.1981;2;0
M.BAHATTIN;4;25.7.1942;4;0
TOROSHAN;2;16.2.1988;2;0
WASSILA;1;8.12.1971;0;1
NARIMA;10;24.9.1958;0;10
EBUDDERDA;2;15.8.1952;2;0
RAIJA;1;9.8.1938;0;1
HERMA;2;2.8.1937;0;2
BABILE;8;8.6.1957;0;8
FERZULU;1;8.11.1962;1;0
DUNDARALP;1;26.12.1990;1;0
MIDHET;5;3.3.1952;5;0
GAYAZ;1;2.6.1956;1;0
MIFTEHITTIN;1;10.5.1956;1;0
EDMOND;3;24.1.1955;3;0
MAGRUBE;9;9.8.1957;0;9
ALITA;1;3.4.1959;0;1
FLOR;9;24.1.1956;0;9
MUVMINE;1;11.9.1962;0;1
TUMSEV;1;3.10.1991;0;1
LILIANNA;1;17.1.1974;0;1
IVANA;7;20.2.1969;0;7
SAMYEL;7;22.7.1957;5;2
FATMAECMEN;1;21.4.1974;0;1
SENISIK;1;22.11.1937;1;0
LUIS;12;20.5.1959;3;9
TAYYIFA;1;29.1.1928;0;1
SENDER;11;24.4.1965;8;3
HUZURCAN;1;24.11.1966;1;0
BRYNLEY;1;20.2.1962;1;0
KAMERTAP;3;18.5.1980;0;3
NES;12;20.3.1959;2;10
ZLATA;8;7.5.1960;0;8
KAPITALINA;2;9.11.1968;0;2
SARYET;1;28.6.1990;0;1
BASARAL;1;24.4.1982;1;0
ULKUTEN;1;15.1.1946;0;1
YETVART;55;2.7.1947;55;0
GEHAD;1;22.12.1956;0;1
RADMIRA;1;4.5.1974;0;1
GUNDEMI;1;22.6.1957;1;0
AKALIN;3;20.6.1964;3;0
AYLAHAN;2;30.9.1987;0;2
HULYAMIN;2;4.5.1970;0;2
ZIFLI;2;29.6.1973;0;2
ZHALA;1;25.12.1971;0;1
FIRANGIZ;8;21.12.1969;0;8
YILDIZFER;8;11.7.1955;0;8
FEHIRE;8;1.8.1967;0;8
GURFIRAT;2;16.1.1981;2;0
TUGGIN;3;4.11.1979;3;0
TURGAZ;1;1.12.1965;1;0
SIVEM;5;29.1.1986;0;5
TED;2;8.7.1980;2;0
SIMBAT;2;30.5.1972;1;1
GULASAL;1;18.5.1975;0;1
ZERINE;8;3.2.1966;0;8
ARA;123;11.10.1958;121;2
TELMA;7;2.5.1972;0;7
ODSUKARCI;1;23.9.1974;1;0
HACERBANU;1;21.7.1972;0;1
IWONA;6;1.7.1971;0;6
ARDESIR;2;22.6.1965;2;0
YAZAL;1;30.6.1991;0;1
AYSENURAN;1;10.9.1974;0;1
SERBAR;6;14.12.1981;2;4
KERY;1;22.12.1967;0;1
SABIRNISA;1;12.6.1950;0;1
NURSAMET;2;25.1.1983;2;0
SUNIYA;2;6.9.1969;0;2
AYSILA;6;16.6.1981;0;6
SIRINNUR;1;7.4.1973;0;1
KANSAN;1;9.5.1987;1;0
MUZAYYEN;2;3.7.1964;0;2
ERTU;10;23.4.1974;10;0
BILBASAR;7;20.6.1971;7;0
OGUNCAN;2;2.8.1988;2;0
ALEVTINA;6;15.3.1975;0;6
HUMASAH;7;22.11.1955;0;7
MUNCUYE;5;1.3.1960;0;5
FEGIHA;1;27.10.1977;0;1
CARIH;1;17.8.1978;1;0
CACILIE;1;13.10.1938;0;1
RANO;4;8.11.1972;0;4
DENIZEL;7;20.8.1968;1;6
ERENDIL;1;5.6.1971;1;0
SAFINGUL;1;22.8.1955;0;1
ALPKUT;2;7.10.1980;2;0
RUKUBE;4;20.1.1965;0;4
OLEYSA;1;25.2.1976;0;1
HAYRUNSA;2;13.1.1959;0;2
KUTAYHAN;4;21.6.1986;4;0
MIRHAMIT;2;1.12.1966;2;0
KAMALI;5;16.9.1962;3;2
BANIS;11;25.7.1940;0;11
HOKGES;4;29.10.1954;4;0
CORA;5;12.7.1966;4;1
TOKLAY;1;16.6.1960;1;0
HAFIM;1;13.1.1973;1;0
GOZEM;17;11.4.1986;0;17
SIMHAN;8;12.11.1969;0;8
SELL;1;27.8.1974;0;1
CANREZAN;1;29.11.1980;1;0
AYDEL;2;6.5.1949;0;2
SUNHER;1;22.8.1943;0;1
HAMKA;22;6.2.1951;1;21
REIKHAN;1;20.5.1967;0;1
SCHIAU;1;19.4.1963;0;1
ROSALEEN;1;27.10.1971;0;1
LERFI;1;17.2.1973;0;1
BEHVAT;3;1.9.1977;3;0
GONULGUL;5;28.1.1966;0;5
M.AZIZ;6;18.10.1965;6;0
DUYSAN;1;2.10.1987;1;0
KUNT;11;5.1.1967;11;0
M.NURAN;1;5.6.1953;0;1
KAYIHANER;1;21.10.1971;1;0
ZILYA;7;21.11.1970;0;7
MIRJANA;3;26.2.1960;0;3
EBILNASIN;1;11.1.1973;1;0
SABIHACANDAN;1;19.9.1970;0;1
KIBIS;1;22.2.1951;1;0
MARDIRES;1;6.10.1954;1;0
GALYNA;16;23.12.1966;0;16
GULDESER;4;24.1.1961;0;4
GUNIYIT;1;25.1.1967;1;0
SULJ;1;11.7.1991;1;0
OPAL;2;25.7.1989;0;2
GURTAY;4;13.4.1965;4;0
NEGIR;2;15.12.1962;1;1
YUMLU;11;25.3.1965;11;0
RENIDE;1;3.9.1963;0;1
FRANZISKA;3;8.11.1970;0;3
MOCANU;1;5.9.1980;0;1
ELMAYA;1;3.6.1985;0;1
NERGIZET;1;14.2.1974;0;1
TREVOR;3;23.4.1964;3;0
YAGIZCAN;15;24.7.1990;15;0
LULYETA;1;7.4.1964;0;1
TAYGAN;3;9.5.1978;3;0
MUGIM;3;21.8.1973;3;0
GULEKER;5;10.8.1955;0;5
SIMYAMI;1;22.8.1973;1;0
HICRANI;3;12.11.1960;3;0
AZUMAN;1;12.7.1983;0;1
FUZANE;1;29.4.1955;0;1
PIERRE;3;11.6.1967;3;0
GEORGIANA;11;5.4.1975;0;11
SANCIFER;1;12.2.1965;0;1
GIRYEN;2;30.10.1979;0;2
MARIJKE;1;20.6.1947;0;1
IRMEN;5;18.12.1965;0;5
GIRAFET;1;4.1.1961;1;0
AYCAM;4;14.7.1978;1;3
BEYIM;28;3.11.1956;1;27
HACIOZCAN;1;21.2.1974;1;0
USA;1;30.6.1979;0;1
BIRCEN;6;27.4.1972;0;6
FETRA;2;17.12.1979;0;2
ACURIYE;1;1.8.1974;0;1
SAVKAY;1;15.6.1984;1;0
HAKSAN;3;10.7.1969;3;0
CARINA;2;30.12.1976;0;2
AFITEN;1;27.2.1974;0;1
BENGIZ;4;25.3.1962;3;1
ZATINE;3;25.1.1954;0;3
AYSEYE;1;7.10.1952;0;1
HUMAYLA;3;23.6.1951;0;3
NISANLI;2;17.1.1985;2;0
BILGIDE;2;28.7.1984;0;2
MIRKOC;1;5.11.1977;1;0
HEZRET;3;25.4.1977;1;2
MUKERREF;12;16.3.1964;2;10
KULMUHAMMED;1;27.9.1980;1;0
SUGRADIN;1;5.7.1975;1;0
IFFE;1;22.2.1967;0;1
FEVKAT;1;2.2.1963;0;1
ZEKIRIYA;9;13.5.1979;9;0
FINI;1;25.4.1961;0;1
FETTAHANA;1;17.7.1936;0;1
NUTVEN;1;17.1.1976;1;0
MUHEMED;1;4.4.1970;1;0
VASIFIYE;2;24.10.1954;0;2
AYMERT;1;4.8.1987;1;0
ABDUSALAM;1;18.2.1970;1;0
LENARA;3;23.3.1970;0;3
ORMAN;13;30.4.1963;13;0
ZULKIFRI;5;7.11.1961;5;0
ZULKARIYE;12;17.7.1961;1;11
TACESER;4;27.3.1969;0;4
HIZMALI;14;3.2.1955;0;14
KISTAN;2;22.12.1964;0;2
CEYLAH;2;14.1.1992;0;2
NARILYA;1;11.8.1978;0;1
RASILE;15;5.11.1957;0;15
MEVSIT;1;26.2.1971;1;0
MAHISEVER;1;29.3.1944;0;1
CEMAS;1;6.2.1963;1;0
SALIYET;1;22.2.1931;0;1
RUKSAL;2;29.3.1966;0;2
AFINE;2;14.1.1961;0;2
GUNNAMIN;5;10.11.1965;5;0
NURTUYA;1;29.12.1974;0;1
AFIDEI;1;6.4.1965;0;1
GULYADI;3;11.12.1959;0;3
SAFURET;1;25.5.1960;0;1
TUNCELI;7;2.6.1968;5;2
GULSALI;2;21.7.1965;0;2
AYNULMARIYE;1;22.9.1966;0;1
SASANE;1;21.3.1964;0;1
MUFTEN;2;7.6.1976;1;1
MAHDUMA;4;18.6.1969;0;4
MEVDETE;1;22.2.1973;0;1
SAYAL;8;21.4.1964;1;7
BENYEZ;1;7.9.1970;0;1
RAKDA;17;4.4.1959;0;17
ETHIYE;3;7.2.1968;0;3
OZNE;13;12.7.1980;1;12
MEHLIZAR;1;16.3.1947;0;1
GULOZ;28;14.8.1952;0;28
ADLIHAN;6;27.9.1963;4;2
IMAZ;3;17.7.1953;2;1
URGUBLU;1;19.2.1967;1;0
ATASAHIN;2;5.1.1969;2;0
SEZAFER;5;19.2.1966;1;4
FEKIZE;4;6.10.1957;0;4
MIHRUNNISA;6;30.9.1620;0;6
MIBER;2;22.10.1950;0;2
NEFYEDDIN;1;5.8.1979;1;0
RUYIZAT;1;7.7.1933;0;1
RAYIKE;7;27.6.1952;0;7
SAHEMIN;1;2.7.1953;1;0
ZAHIRGUL;9;24.5.1959;0;9
AZERI;3;14.6.1969;1;2
SEYARA;1;11.7.1967;0;1
NICOLITA;2;30.9.1980;0;2
MUGISE;2;11.7.1976;0;2
UMUTBARAN;1;19.4.1991;1;0
MUSTAFIL;1;6.2.1977;1;0
BURYAMIN;4;22.10.1957;4;0
GAMZECAN;2;7.5.1989;0;2
KUTLUGUL;8;27.7.1982;0;8
MUZUHAN;3;30.11.1958;0;3
NESICAN;17;6.1.1952;0;17
SUVEYID;1;16.8.1990;1;0
MEVLIDA;26;1.10.1957;0;26
NEZRIFA;14;9.7.1961;0;14
ELFAN;10;21.9.1965;7;3
VURAK;1;27.9.1991;1;0
EZEZ;1;21.4.1969;0;1
MUSAFFE;21;16.3.1957;0;21
PUHUL;1;10.6.1960;0;1
SAIDULLAH;1;5.12.1968;1;0
SENELAY;1;11.11.1972;0;1
JAMJIT;1;14.10.1975;0;1
MELAN;5;22.11.1972;1;4
OHRAN;3;22.9.1975;3;0
HUTTE;1;7.6.1952;0;1
NEVHER;15;12.11.1969;11;4
MASTIR;1;23.9.1986;1;0
MUZEKA;4;11.7.1958;4;0
UMMUHHAN;1;16.5.1981;0;1
PERNISIM;1;30.3.1969;0;1
MATI;33;23.4.1965;22;11
ATAER;11;22.9.1963;11;0
RUZISEN;1;2.1.1950;0;1
TEREGUL;3;12.3.1967;0;3
SIMEMHAN;1;29.4.1980;0;1
SERIFIYYE;1;26.5.1967;0;1
AZAB;2;4.8.1963;2;0
MEJDETTIN;1;18.3.1960;1;0
SERVAHITTIN;1;6.2.1950;1;0
A.YALCIN;1;11.1.1974;1;0
AVATIF;20;18.2.1964;0;20
EMYETTIN;4;16.7.1969;4;0
EZAT;8;18.3.1974;4;4
M.HAFIZ;3;29.3.1948;3;0
ZENDIFA;1;17.2.1966;0;1
TALIHAT;3;15.6.1962;0;3
HEYIC;1;12.2.1959;0;1
CEKDER;2;24.6.1991;2;0
ZIYEVER;1;28.8.1980;0;1
ZEYNIDIN;1;7.10.1974;1;0
REHCE;12;9.3.1949;0;12
FURAN;1;7.11.1988;1;0
PIRDEVIS;1;30.8.1980;0;1
ZULFUTA;1;26.2.1965;0;1
MUHLIDE;3;26.7.1981;0;3
MERZEM;1;17.1.1988;0;1
PEMBI;12;9.3.1964;0;12
BESIYA;40;25.8.1973;0;40
MIAN;1;7.10.1956;1;0
KAMILSAH;3;20.12.1972;3;0
SENDUREN;1;26.11.1986;1;0
SEBIRYA;1;13.12.1977;0;1
ARIFEANA;1;25.9.1982;0;1
GOLSA;1;17.2.1972;0;1
EFAL;1;10.6.1954;0;1
HUMAYNA;1;8.5.1958;0;1
ABUMUHSIN;4;7.4.1979;4;0
SEMIZ;5;10.5.1968;1;4
NEBA;4;1.11.1967;0;4
YASARI;16;15.12.1962;0;16
MUCDE;13;12.4.1969;0;13
TUGEL;1;22.2.1973;0;1
MELAHAD;5;28.11.1955;0;5
PANBUS;1;26.5.1940;0;1
DONES;7;23.12.1958;0;7
NUZGEN;2;29.1.1971;0;2
NESDURE;1;19.4.1973;0;1
HANDEVI;2;21.6.1978;2;0
SULFIDAN;1;6.3.1957;0;1
MEMNON;1;19.4.1960;0;1
MERCA;1;17.4.1966;0;1
SAHBAZE;1;6.4.1945;0;1
KADIBEY;3;15.12.1977;3;0
AZAATTIN;1;2.7.1957;1;0
MAHINAR;5;24.8.1959;0;5
SEHERBAN;3;16.9.1957;1;2
DOTSA;1;30.12.1952;0;1
MUHLISI;2;7.5.1960;1;1
DURABIYE;3;6.1.1973;0;3
GERDU;1;6.3.1962;0;1
ESHAF;3;22.10.1977;3;0
SAFFETDIN;4;17.7.1960;4;0
MAHYEDDIN;26;26.10.1963;26;0
ZEHIRNAZ;1;22.2.1955;0;1
SOHPET;4;28.6.1975;0;4
AYSAYAR;1;1.3.1946;1;0
HANNUS;33;21.11.1961;0;33
IREL;3;21.3.1958;0;3
MENZUL;2;29.9.1956;0;2
VECYETTIN;1;12.2.1971;1;0
TEVGER;5;1.1.1983;3;2
EYSURAN;1;21.4.1971;0;1
ARUSE;11;28.10.1955;0;11
IDYET;1;22.5.1979;0;1
SUVELLA;6;22.12.1976;0;6
ZEKIYYA;1;1.11.1954;0;1
HEZBETULLAH;1;2.2.1981;1;0
BASUMAN;1;21.4.1980;0;1
GUFTADE;1;30.9.1990;0;1
NEZREDIN;1;21.12.1977;1;0
GYULYAR;2;4.10.1977;0;2
SULHAT;7;7.3.1959;5;2
GEYSA;1;5.6.1988;0;1
NEZATAN;1;2.3.1975;0;1
NURAYHAN;3;30.10.1973;1;2
CEZADE;1;12.9.1965;0;1
SAADEN;1;13.2.1975;0;1
FURDEST;1;13.2.1983;0;1
MUZAHERE;2;23.2.1944;0;2
ABDULSEKUR;5;10.6.1975;5;0
SAHBAIL;1;6.2.1961;1;0
SAHMEREM;2;23.12.1969;1;1
BIRSALE;7;11.9.1969;0;7
RIFGA;1;26.11.1924;0;1
SUBIHE;3;12.6.1945;0;3
BERREN;1;11.4.1961;0;1
ZAMRIYE;2;20.1.1969;0;2
ABAZIT;1;12.2.1971;1;0
MUZHET;2;29.9.1959;0;2
SUDRETTIN;1;9.3.1977;1;0
TOMRU;8;25.12.1960;2;6
ZAIDAT;1;5.11.1960;0;1
GUNNURIYE;1;13.3.1958;0;1
TUGRULLAH;2;2.8.1964;2;0
ZEKIZAR;1;1.1.1963;0;1
DUDUMAN;8;21.11.1959;0;8
ESMANIM;5;14.2.1972;0;5
GULSAMA;4;3.5.1965;0;4
KARAY;4;17.12.1970;4;0
ZUVEYBE;3;29.5.1960;0;3
INCENUR;7;27.9.1968;0;7
TANSEN;9;14.1.1967;3;6
MIHRAM;3;2.3.1953;0;3
ULFERIN;2;6.3.1971;0;2
GULNADIDE;2;4.6.1982;0;2
SAALI;2;16.9.1962;1;1
HAZAM;1;6.1.1974;1;0
ERKEGUL;1;13.10.1975;0;1
MENABETTIN;1;11.9.1951;1;0
HUSNUNIYYET;1;7.2.1952;0;1
REZETTIN;2;9.9.1950;2;0
HEYVEZ;3;2.6.1965;3;0
MEHVE;1;6.7.1977;0;1
ESATULLAH;6;19.11.1966;6;0
BUBERRA;2;17.12.1972;0;2
GUBRAHI;1;27.4.1944;0;1
ZAIBAT;1;1.6.1943;0;1
AZIL;6;10.2.1965;6;0
SAHINTI;1;7.2.1958;0;1
RIVAYEDE;1;21.7.1982;0;1
HALILUL;1;30.10.1953;1;0
ISMEHANI;9;21.3.1942;0;9
MUSHUDE;2;28.10.1965;0;2
BENDENUR;1;18.3.1969;0;1
HAVVADUDU;17;27.7.1958;0;17
BEHAP;1;4.12.1966;1;0
AYNURIDDIN;1;11.3.1949;1;0
TELEBAN;1;21.5.1966;1;0
CANREFA;1;28.10.1991;1;0
ERPIN;2;28.9.1960;0;2
SEREFDIN;4;11.1.1971;2;2
MUTAY;5;10.10.1973;1;4
NESU;2;16.3.1955;1;1
SEFIKAANA;1;17.2.1966;0;1
HAVINA;7;16.8.1966;0;7
BAHSIYE;5;1.8.1963;0;5
UMULTIN;1;21.5.1978;0;1
ZUZER;1;2.11.1969;0;1
NURCILE;1;22.3.1985;0;1
BABULU;1;10.8.1929;1;0
ZEVHER;2;21.7.1968;0;2
SEVKETALI;2;18.10.1969;2;0
AHMEDIYE;17;6.10.1966;0;17
MAHSUS;2;6.5.1966;0;2
OZALKAN;1;12.7.1976;1;0
SONALP;4;24.6.1979;4;0
ADUVIYE;13;11.9.1941;0;13
GURLIZ;2;21.12.1984;0;2
NEZLAT;2;12.9.1953;2;0
SADULLLAH;2;18.1.1990;2;0
ILAHAT;3;5.8.1981;0;3
VESRAN;1;27.7.1991;0;1
ATIKAT;4;26.9.1970;0;4
AYYUKSEL;13;26.3.1946;0;13
FERNA;3;22.6.1973;1;2
ISFINAT;1;11.4.1963;0;1
OYTUL;1;17.5.1984;1;0
IMAS;5;4.12.1959;1;4
HICREN;2;19.7.1973;0;2
ISTAGFIRE;1;2.2.1978;0;1
UMUME;3;3.8.1964;0;3
GULSUMAY;4;5.1.1975;0;4
MEYREFA;1;14.7.1962;0;1
BERHIV;10;7.3.1981;1;9
KUNDAY;2;20.3.1971;1;1
GULTEBA;1;11.3.1985;0;1
BAFRAN;2;18.7.1959;2;0
ARIFEN;4;11.3.1957;0;4
SURYETTE;1;14.5.1965;0;1
NEFIYDE;3;20.11.1955;0;3
LEYUZA;5;8.2.1953;0;5
USTAC;1;8.6.1982;1;0
LUTUF;11;9.7.1974;5;6
ISCAN;10;5.12.1964;7;3
LATAFET;12;11.11.1954;0;12
MINO;5;15.5.1962;0;5
RUSADIYE;1;6.2.1959;0;1
DURUALI;1;21.12.1953;1;0
LAYKE;1;23.3.1991;0;1
GULCEHERE;1;2.9.1963;0;1
KEVRAN;8;27.3.1972;6;2
TUVANA;34;23.9.1979;1;33
FESTIKAN;1;6.2.1991;0;1
VESLE;9;30.11.1961;0;9
TEFIL;1;30.12.1960;1;0
HERMIS;1;8.3.1976;0;1
ABIDUN;2;8.8.1967;2;0
GULPAK;1;7.1.1982;0;1
PADIGUL;4;26.9.1955;0;4
YUGFER;1;11.12.1967;1;0
BERKENT;4;14.6.1978;4;0
MIORITA;1;23.4.1965;0;1
N.ATILA;1;6.11.1972;1;0
YABANGULU;2;14.1.1971;0;2
ANILHAYAT;3;21.4.1946;0;3
MAMPERI;1;6.3.1979;0;1
YILDABIYE;1;27.7.1978;0;1
FURUAL;1;2.1.1950;0;1
NIGUN;2;20.10.1985;0;2
IMKAN;27;25.2.1968;15;12
MUZEHEN;3;28.12.1957;0;3
MIZIRAP;18;27.6.1963;18;0
SIPAHI;28;27.1.1958;27;1
GURNAYIN;1;1.3.1961;0;1
SEYLABE;1;18.5.1973;0;1
LEYLIVAR;1;27.2.1956;0;1
YAHLEMIN;1;23.10.1967;1;0
JANBERK;17;17.4.1984;17;0
ROKEN;6;24.12.1984;0;6
EFKAL;2;24.2.1986;2;0
ILKANT;3;14.8.1981;3;0
NAZIREHAN;1;19.2.1992;0;1
TEZKAN;8;8.11.1976;8;0
MESSUDIYE;6;14.4.1956;0;6
EGUR;1;7.1.1976;1;0
ERTUNE;2;15.3.1973;2;0
SIKBAL;2;9.1.1959;0;2
HOSADE;11;28.9.1955;0;11
BIBERYA;5;20.2.1971;0;5
ZERRIHAN;1;5.12.1988;0;1
DIBI;54;26.6.1943;0;54
MUHRALI;8;14.2.1951;8;0
GIULNAZ;2;5.10.1964;0;2
BILSAH;7;24.9.1980;0;7
GULBASAR;7;9.2.1967;1;6
NUSIHI;1;2.2.1957;1;0
NALMAS;5;4.1.1945;0;5
YAVUS;6;11.8.1976;6;0
PERIDAN;1;19.9.1974;0;1
USLUM;2;1.8.1977;2;0
SEHBEDDIN;4;9.12.1963;4;0
IMAMBAKIR;34;4.1.1982;34;0
AZMICAN;5;30.7.1988;5;0
GAYEM;14;2.2.1982;0;14
RUFE;71;15.11.1957;0;71
NOFEY;9;11.6.1953;0;9
BEDRIYECAN;1;7.2.1964;0;1
ZUHAYIR;2;13.10.1973;2;0
MOHA;1;22.8.1931;1;0
EFLICE;3;22.2.1973;0;3
YERCENIK;8;5.4.1955;0;8
SOFOYLE;1;21.5.1963;0;1
NEMNUME;1;22.2.1961;0;1
KANIMA;6;11.1.1958;0;6
ILAVER;5;14.11.1969;4;1
HERCAN;15;3.5.1967;8;7
ZARFA;5;6.5.1967;0;5
ABDURRAHAMAN;2;17.2.1982;2;0
SIVELYA;2;22.1.1970;0;2
NAKIYBE;1;16.4.1947;0;1
KIMIRE;2;16.7.1955;0;2
UMZIYE;2;16.9.1944;0;2
KIZANA;1;2.3.1959;0;1
MEHEL;2;26.11.1971;0;2
ALMAN;3;26.4.1971;3;0
IRSEM;1;10.9.1991;0;1
AYSENAZ;38;28.9.1977;0;38
CONNIE;1;29.7.1973;0;1
UNET;4;23.12.1973;4;0
IKTA;1;22.9.1973;1;0
TANKUD;2;1.8.1957;2;0
AGEH;1;2.7.1975;1;0
AYSEMDEN;4;8.10.1972;0;4
MAHTUMA;7;15.12.1964;0;7
GORSER;1;2.10.1939;0;1
BRENDA;10;13.4.1965;0;10
DEVRANSUR;1;4.7.1968;1;0
NELKA;2;29.11.1962;0;2
OMERMESUT;1;7.10.1970;1;0
DODU;3;20.5.1956;0;3
VEYISALI;3;29.5.1952;3;0
ERGAFAR;1;22.2.1967;1;0
NEVSALI;1;7.3.1958;0;1
YURDEER;1;9.8.1975;1;0
GULVATAN;4;26.6.1957;0;4
SENAYYAR;1;8.4.1969;0;1
GUNERGAZI;1;20.5.1940;1;0
ZEMIR;3;7.1.1976;3;0
SEMAHER;1;1.10.1970;0;1
OSMANZIN;1;13.1.1965;1;0
TEVIKE;2;25.10.1973;0;2
FILORYA;9;10.8.1974;0;9
EBRULAY;2;20.7.1977;0;2
MASALLAHA;1;2.2.1951;0;1
GUFIYE;3;28.2.1951;0;3
TUNIYE;3;12.4.1976;0;3
PATISAN;1;28.8.1947;0;1
BILTAP;3;30.7.1978;0;3
YURDABEY;5;14.11.1974;5;0
EMAY;6;11.10.1979;1;5
ISNEFET;4;29.7.1964;0;4
RAMINA;1;1.1.1991;0;1
LESYA;3;9.8.1981;0;3
BEYIS;4;30.10.1972;3;1
-;13;23.11.1957;5;8
ZULIFIYE;2;1.12.1959;0;2
ZEKIYNE;7;17.2.1968;0;7
SADENI;1;16.8.1982;0;1
NELGIN;8;20.3.1977;0;8
RUVIZE;11;19.7.1941;0;11
SEFAYNUR;6;23.7.1978;0;6
FERMIHAN;1;11.11.1975;0;1
DEYAP;6;12.11.1975;6;0
NURHANETTIN;7;1.2.1970;7;0
OKUYA;2;5.3.1963;0;2
SADIYECAN;2;20.2.1980;0;2
EVENUR;22;24.7.1971;0;22
CISAN;5;2.12.1969;0;5
SAKIDE;5;29.11.1967;0;5
GAHRIMEN;2;25.9.1982;1;1
SELMAHI;1;7.6.1963;0;1
NUBERYA;2;19.12.1985;0;2
NEFFAL;5;16.9.1978;5;0
MANIFER;7;5.4.1967;1;6
IKBAM;2;26.11.1959;1;1
SIMMA;1;7.2.1964;0;1
MUCEYYER;1;11.3.1967;0;1
HALILALP;1;5.4.1991;1;0
EZEN;7;6.10.1964;0;7
KAYSERE;1;13.5.1976;0;1
SEFIHAT;2;23.10.1971;0;2
CIGDEMAL;3;9.4.1981;0;3
FAHREDTIN;6;12.6.1960;6;0
MAGRIP;17;24.1.1950;17;0
MERHAT;4;20.5.1984;1;3
MURCIVAN;2;6.8.1965;0;2
INETA;1;17.7.1975;0;1
BALCAM;2;17.4.1942;0;2
DENANIR;2;14.8.1965;0;2
ILGAN;8;30.9.1964;4;4
ZURVE;1;26.5.1967;0;1
DILMIN;5;16.5.1980;0;5
SUHAHIP;1;10.6.1985;1;0
MANZUM;2;9.6.1972;2;0
NESURIKE;1;7.2.1982;0;1
ETIKA;3;25.11.1953;0;3
SEKIL;11;7.2.1950;1;10
SALKIM;13;18.5.1978;1;12
MURSELL;1;18.12.1988;1;0
GULCENET;1;16.3.1964;1;0
JURGEN;1;18.2.1957;1;0
HERMILE;1;12.3.1973;0;1
MUSEVVERE;5;26.3.1939;0;5
HANTUS;8;6.5.1962;0;8
TEMBOT;1;5.7.1982;1;0
SORAYA;3;6.1.1968;0;3
NIZLE;1;12.8.1947;0;1
BETURE;2;25.4.1974;0;2
YUSRU;12;25.8.1971;12;0
NEBRUKE;4;14.4.1961;0;4
SERDILAN;1;6.4.1987;0;1
CELILHAN;2;14.2.1980;2;0
NEVEDET;1;4.2.1954;0;1
GULPAYI;1;11.6.1952;0;1
CANERDEM;1;12.7.1988;1;0
FURKANI;6;18.2.1940;6;0
NAZIKTEN;23;6.1.1963;0;23
MUTEHHARE;2;11.5.1976;0;2
LAMISEL;2;24.5.1943;0;2
GULTEGEN;1;9.8.1940;0;1
YENSA;1;19.7.1966;0;1
MENGUNUR;1;12.3.1967;1;0
DAYENDE;1;16.9.1946;0;1
ZEKUNE;1;12.5.1947;0;1
AYSEBIR;1;26.11.1966;0;1
MESORE;1;7.2.1964;0;1
OSMANCAN;12;16.4.1987;12;0
NANIYE;2;11.10.1940;0;2
MUTHALIP;1;17.2.1954;1;0
SULCAN;5;9.12.1977;1;4
MADAR;3;17.1.1960;3;0
RENGINER;2;14.3.1979;0;2
TEKADDIN;1;9.8.1943;1;0
MIDEBE;1;22.8.1937;0;1
PEHBIL;1;7.11.1952;1;0
EMINELI;1;4.5.1957;1;0
SAYARA;2;19.12.1988;0;2
GAYRA;2;30.1.1954;1;1
FOVZIYE;14;25.5.1950;0;14
GULSEYIN;5;20.11.1967;0;5
LAYFER;1;11.3.1974;0;1
RIFAA;2;17.2.1960;0;2
ESSU;1;2.2.1975;0;1
SULIM;1;26.5.1975;0;1
TEYRA;4;23.9.1966;0;4
SEVILER;7;24.11.1973;0;7
SERPILSEN;1;7.9.1960;0;1
NAKIME;11;8.12.1970;0;11
GULSATI;8;6.1.1962;0;8
PAZEN;17;4.6.1955;0;17
ERMINER;1;27.11.1968;1;0
ALIABA;8;30.12.1969;8;0
MIRNAS;2;20.7.1944;0;2
PEHLUDANE;1;2.2.1951;1;0
AYENDI;1;21.5.1991;0;1
EMINRASIT;1;2.4.1981;1;0
INABAT;2;20.3.1964;0;2
SAYZE;12;5.2.1969;0;12
LUME;1;30.12.1980;0;1
NURUZAR;1;7.3.1976;0;1
AXENIA;6;29.9.1975;0;6
IZNESIR;4;21.10.1951;4;0
ALPA;2;17.7.1957;2;0
BALABEK;10;22.8.1952;10;0
EHRIZ;1;21.10.1947;0;1
ANUSH;4;26.8.1974;0;4
GULSANEM;4;21.2.1981;0;4
IBBHAN;1;7.8.1975;0;1
SAYLAV;4;30.9.1957;1;3
FIDNET;7;23.4.1960;0;7
MALEY;2;21.11.1960;0;2
SUHACAN;3;30.7.1963;3;0
ULKIN;2;9.7.1969;0;2
ABUTAP;2;5.7.1975;0;2
BEHISE;11;27.12.1960;0;11
ZERDIGAR;1;16.6.1938;0;1
NESURAY;2;19.5.1974;0;2
GELSEVIM;1;12.11.1954;0;1
HASENET;3;10.1.1963;1;2
MESIL;16;2.11.1979;2;14
YOMLU;4;3.8.1954;4;0
ROGBE;1;7.1.1957;0;1
SIDAY;1;1.3.1941;0;1
UNESER;1;16.12.1949;0;1
SEMIK;15;10.10.1953;1;14
SERIHE;3;30.5.1961;0;3
OZLIN;16;20.10.1984;1;15
SEFFURE;2;17.5.1947;0;2
BIDIHA;3;12.4.1965;0;3
SUFAYLA;3;23.3.1958;0;3
ZULFUGARI;1;21.7.1969;1;0
SUFIYLA;1;6.9.1971;0;1
GURLU;3;29.11.1959;0;3
BIRTUGRUL;1;26.2.1983;1;0
SEDAKA;3;23.10.1976;2;1
NESEHAN;2;14.1.1971;0;2
BEYTISEBA;1;11.5.1973;0;1
DEHNA;1;18.3.1978;1;0
GOLLIYE;1;1.8.1980;0;1
USER;5;29.11.1969;2;3
SEVRIN;6;15.12.1964;1;5
ARAPKIZI;4;1.11.1966;0;4
MERCINAN;1;16.11.1962;0;1
ZILFISIYAH;5;13.9.1956;0;5
NURHAKAN;2;7.7.1980;2;0
ZULMUT;1;28.2.1974;0;1
VRET;1;25.1.1967;1;0
TEKMULE;1;3.9.1966;0;1
AZIYME;26;22.6.1962;0;26
RAZARIYE;1;21.7.1959;0;1
SEYITRIZA;2;4.6.1971;2;0
CEVVALE;6;15.5.1947;0;6
SINAZET;2;9.3.1955;0;2
GANNA;28;17.2.1975;0;28
CEMSUHA;1;15.10.1972;1;0
BIRBIRLE;1;12.7.1978;0;1
GULZEFRE;1;13.11.1949;0;1
GUPRA;7;30.9.1964;0;7
UMUREL;1;27.6.1962;0;1
NEVEDDA;2;26.6.1949;0;2
ABDUCCEBBAR;4;8.3.1958;4;0
KUCUKTEKIN;1;17.12.1984;1;0
SELHAT;9;3.12.1974;5;4
KUPLAY;11;8.2.1946;11;0
VURDAL;2;7.10.1972;2;0
SUNDULLAH;1;26.5.1939;1;0
KURMAS;1;27.1.1979;1;0
HUNKAS;2;27.5.1956;2;0
DEBORAH;16;26.6.1967;0;16
SERMAZI;1;16.2.1962;0;1
NORETIN;1;14.4.1970;1;0
SATDIYE;6;21.3.1969;0;6
PURGUN;1;7.3.1943;0;1
TEKNAIL;2;12.8.1979;2;0
KORYAN;1;24.5.1985;1;0
HASBULLAH;1;12.2.1965;1;0
GOULNARA;4;15.5.1976;0;4
GIZLIHAN;3;3.2.1977;1;2
NORIDDIN;3;11.3.1958;3;0
ERGANIYE;1;10.5.1964;0;1
MERCEN;9;28.9.1968;2;7
GOKHASAN;1;4.2.1980;1;0
BUBIZEYTIN;1;1.10.1966;0;1
DIDARA;3;24.4.1961;0;3
KARLYGASH;2;6.1.1972;0;2
DUMITRA;5;21.5.1971;0;5
MULKIN;1;21.4.1957;0;1
HUZEFE;1;12.2.1971;0;1
UMUTER;2;22.11.1957;2;0
BURSALI;19;1.5.1959;17;2
MUTAR;3;21.12.1948;3;0
BENSAN;10;15.4.1971;2;8
DORUKSAH;1;29.6.1979;1;0
ALIEDDIN;2;25.6.1966;2;0
SUKUT;18;22.12.1962;6;12
SAIDENUR;8;6.3.1980;0;8
GULKERIYE;1;10.2.1969;0;1
USULU;3;10.11.1956;3;0
SUFEYDA;12;30.1.1974;0;12
TEFILE;6;12.10.1965;0;6
OKKASE;2;21.3.1978;2;0
SUMEYRAKEVSER;1;1.1.1992;0;1
TOMRES;1;9.7.1957;0;1
MEHTEBAR;3;15.1.1941;0;3
ABDDURRAHIM;1;17.8.1976;1;0
MURATBEY;4;10.1.1976;4;0
CANANBEY;2;17.2.1969;2;0
NURLIYE;1;12.3.1959;0;1
KIMIS;4;17.8.1936;2;2
NAHIYBE;1;26.2.1960;0;1
MURRIDE;1;2.2.1975;0;1
MAYTIMA;1;26.4.1973;0;1
MULIKE;1;14.4.1975;0;1
ROHAN;5;16.1.1960;1;4
CEZMIHAL;1;10.5.1966;0;1
ANAYIT;46;10.8.1949;0;46
HAYRABET;22;5.5.1952;22;0
HUSUME;5;20.12.1967;0;5
CAROLYN;6;1.5.1962;0;6
LUMUNE;1;25.9.1977;0;1
FERYADIL;6;21.1.1959;5;1
GONEMIR;1;2.2.1947;0;1
RUISE;2;25.2.1960;0;2
BERKOZ;2;28.2.1944;2;0
ULBI;1;21.7.1974;1;0
KERRAH;1;22.2.1943;0;1
SALAVAT;2;13.1.1981;2;0
ERSUMER;2;27.10.1960;2;0
IREK;1;1.5.1969;1;0
LIME;8;22.4.1945;0;8
BEMTUL;1;26.8.1960;0;1
EROLE;2;29.12.1954;0;2
LEBBURE;8;27.11.1935;0;8
KEVSIYE;4;13.6.1958;0;4
FABIENNE;3;21.10.1969;0;3
KEREMHAN;9;25.7.1983;9;0
GURBINAZ;1;7.8.1940;0;1
SEBBANE;1;26.7.1965;0;1
UHRA;1;26.9.1983;0;1
SEVLEDA;5;13.10.1975;0;5
BALIMSER;2;11.3.1982;0;2
AZIZEI;3;21.10.1960;0;3
EBUBEKKIR;2;26.1.1982;2;0
MEYNURA;1;2.2.1965;0;1
BANUCICEK;9;22.7.1985;0;9
BIRSABIR;1;23.9.1975;0;1
DONJUAN;1;24.2.1967;1;0
ESNIL;1;12.10.1972;0;1
ELZARA;1;18.7.1989;0;1
ISLAMBEK;2;13.7.1985;2;0
TAISIYA;2;2.1.1972;0;2
SARVAL;3;17.11.1960;3;0
DILMAC;2;5.7.1983;0;2
HAYGUHI;23;19.10.1945;0;23
SETIN;3;15.12.1977;2;1
MURATGAZI;1;29.11.1978;1;0
INABIYE;1;27.3.1950;0;1
MAHMET;15;2.10.1956;15;0
RAZIDA;2;11.5.1976;0;2
CENGER;14;12.5.1973;14;0
LAMARA;8;15.8.1960;0;8
BEDYE;1;20.2.1966;0;1
ETHEME;4;6.4.1964;0;4
CUMEYRIYE;1;27.2.1987;0;1
YESADE;2;5.1.1980;0;2
MUKKAT;1;27.8.1938;0;1
OLIVYA;2;14.2.1984;0;2
NAKSIBENDI;6;28.8.1970;6;0
DONDUHANIM;1;5.4.1983;0;1
BERAYET;13;12.12.1966;0;13
MURATCUMHUR;1;21.12.1973;1;0
RUHUTDIN;1;8.11.1972;1;0
MUDOBE;1;28.12.1956;0;1
SAYERA;2;28.10.1963;0;2
ERENYUCEL;1;24.1.1979;1;0
HUZAME;8;30.8.1955;1;7
MERIYEN;3;5.7.1965;0;3
HAMMUS;9;6.2.1965;7;2
OLCUM;20;19.5.1984;16;4
GULCILEM;8;3.7.1984;0;8
ZUFDU;4;15.10.1962;4;0
MZEVINARI;1;8.4.1964;0;1
SECAHETTIN;6;21.6.1956;6;0
AYSANUR;1;15.2.1962;0;1
ILBAHAR;7;28.1.1965;0;7
SEKIMAN;2;14.11.1946;1;1
LEDIFA;1;27.3.1956;0;1
RUSLANA;6;4.3.1977;0;6
SEYHANGIR;1;9.2.1982;1;0
KOKLAY;1;5.3.1950;1;0
NAYLEN;4;15.10.1967;0;4
YUZUMUTLU;1;10.4.1964;0;1
SEFYETTIN;1;26.3.1966;1;0
MUSAFET;35;5.8.1961;20;15
GULBAHCA;1;4.6.1949;0;1
HUSNURIZA;1;22.7.1961;1;0
BANICICEK;2;29.12.1960;0;2
GULBU;10;3.11.1971;0;10
MAYIGUL;14;21.2.1967;0;14
TAZEKAR;1;30.10.1938;0;1
EBIDULLAH;3;25.2.1963;3;0
BENIRE;8;3.11.1954;0;8
GUMMET;1;16.2.1943;1;0
YONERGE;1;22.6.1938;0;1
BERNE;11;17.2.1972;0;11
EMRUSE;1;7.2.1928;0;1
BERKIM;7;22.11.1981;7;0
TAFSIRIYE;1;7.8.1954;0;1
SAGIR;2;5.2.1972;2;0
GONULTAS;1;1.1.1;1;0
GULSULAY;1;14.3.1959;0;1
CIPDER;1;2.8.1933;1;0
NAFIAN;1;17.8.1959;1;0
NAVIKTER;2;26.1.1966;0;2
SAHEKBER;1;18.10.1980;1;0
VALERIE;19;20.5.1962;0;19
CNOBIKA;1;22.5.1967;0;1
GULAYSEN;2;4.1.1972;0;2
NECDETIN;1;13.1.1941;1;0
FIDAVERDI;4;6.6.1971;4;0
MEVLAH;1;29.5.1976;0;1
DURIN;14;15.1.1967;0;14
ZOIA;6;7.3.1968;0;6
YUGRAL;1;2.7.1945;0;1
RUTEBA;1;21.2.1984;0;1
GULHIN;1;29.3.1979;0;1
NUHSAN;6;27.10.1967;5;1
YUCESER;1;11.8.1943;1;0
PARLAYAN;7;30.5.1967;3;4
NEVHIS;24;28.3.1955;0;24
DUDEN;2;25.1.1982;0;2
FERDUSE;4;4.9.1958;0;4
AZIMINE;3;22.2.1954;0;3
PEKBAL;1;21.1.1964;0;1
NAMIKTAR;2;23.6.1948;0;2
ISMA;8;19.1.1956;0;8
CATERINA;4;23.12.1963;0;4
SUNDAK;1;4.4.1959;1;0
GURUS;2;9.12.1956;0;2
MUZECCER;2;8.12.1962;0;2
HENIS;23;26.8.1963;23;0
ORPAN;1;30.8.1976;1;0
HULCAN;1;24.2.1972;0;1
AYGULSUN;2;2.2.1963;0;2
HAFIZEI;3;24.7.1938;0;3
ENSUZ;1;12.12.1960;0;1
MARGIE;3;13.2.1965;0;3
GULTUGU;1;2.9.1964;0;1
BESNEY;1;16.9.1979;0;1
ELBERRU;1;9.3.1990;0;1
LADA;6;8.3.1973;0;6
EMNUR;3;21.8.1963;0;3
SAIMAN;1;18.3.1962;0;1
ILKTAC;4;20.10.1974;3;1
SUFURE;1;30.1.1943;0;1
HEIDE;5;14.7.1947;0;5
BETIN;12;24.9.1957;2;10
TILLER;2;11.11.1959;0;2
SIVAZET;5;20.7.1970;0;5
MEVZUN;7;8.1.1966;1;6
PILATIN;6;22.6.1961;2;4
MEVAHIP;8;14.9.1950;8;0
SANIYET;3;13.9.1965;0;3
SEVGISER;130;6.5.1961;3;127
YELFUZE;2;18.11.1969;0;2
HIRIPSIMA;14;26.12.1946;0;14
TEYSIRE;1;16.3.1981;0;1
BELKE;1;21.7.1989;0;1
MUDAM;2;21.5.1977;2;0
ERSEFA;1;13.9.1947;1;0
SALVIYA;1;9.5.1978;0;1
ISENBIKE;7;21.4.1975;0;7
TEUMAN;8;15.5.1946;8;0
JANINE;5;26.5.1965;0;5
NURKIM;1;16.10.1965;0;1
HAYRULNUSA;3;15.12.1960;0;3
HAYIRLISAN;2;27.8.1953;0;2
HALEN;2;15.2.1973;0;2
AHSUMAN;3;28.8.1966;0;3
CE;1;5.8.1980;0;1
COLBAN;9;30.1.1957;0;9
CENAHATTIN;4;19.4.1962;4;0
TIMKA;3;9.5.1958;0;3
KAMALA;24;2.12.1970;0;24
KENI;7;1.8.1950;2;5
NORHAY;3;17.10.1962;3;0
TANCER;6;29.9.1970;5;1
MUSALETTIN;11;25.11.1966;11;0
LUSYA;10;18.8.1943;0;10
VLADIMIR;5;21.12.1968;5;0
RUZVAN;1;2.8.1957;0;1
INHA;2;3.6.1977;0;2
ZOFIA;2;29.2.1975;0;2
IZINYE;1;4.5.1955;0;1
SALIHITTIN;2;10.1.1955;2;0
ESHAR;3;3.7.1953;2;1
SENGURBUZ;1;2.1.1969;1;0
DIEUWERKE;1;11.9.1964;0;1
VICTOR;3;16.10.1984;3;0
GRETA;10;8.4.1966;0;10
FLORICEL;1;19.6.1970;0;1
ALLAN;2;18.8.1974;2;0
OZHUN;7;5.6.1976;6;1
TINATIN;6;14.1.1970;0;6
TANTICA;1;1.7.1981;0;1
AYKENT;13;1.6.1975;13;0
NEFISEI;3;15.8.1931;0;3
AGIZAR;1;1.12.1935;0;1
UZBAY;2;17.7.1989;2;0
FARID;3;29.2.1973;3;0
KALENFIL;3;5.12.1950;0;3
BIHFER;1;1.1.1984;0;1
JUSTINE;3;23.9.1968;0;3
SERGEY;4;5.1.1981;4;0
NADEZDA;4;10.11.1969;0;4
BASHAGA;1;11.5.1962;1;0
SAHRUH;2;21.3.1963;2;0
CANIK;12;10.9.1959;8;4
PESIN;2;11.8.1966;2;0
SENICAN;1;7.4.1951;0;1
I.MURAT;1;18.9.1979;1;0
SEZAYDIN;1;6.2.1962;1;0
HOURIA;2;5.4.1962;0;2
KOSALI;2;30.3.1956;2;0
RAVIL;14;14.10.1963;14;0
MEHVAR;8;19.8.1956;0;8
REYAL;6;13.5.1972;0;6
ESTHER;10;21.6.1961;0;10
HURGAZI;6;7.9.1979;6;0
BAYTUGAN;2;19.3.1981;2;0
AZADA;4;18.9.1974;0;4
SANSSIN;1;28.1.1991;0;1
OCEN;1;19.4.1985;1;0
HUZEME;3;2.7.1955;0;3
REMUZ;1;7.8.1960;1;0
ENDERAY;3;12.1.1972;1;2
HACERAY;2;21.12.1976;0;2
MERRAL;1;1.7.1964;0;1
BAKSAN;1;16.4.1985;1;0
NURINUSA;4;14.11.1963;0;4
NELEA;7;2.3.1972;0;7
SENYUVA;4;2.3.1963;2;2
TASMEHMET;6;6.10.1961;6;0
DEMREN;3;11.6.1984;2;1
SINGUZ;1;22.2.1983;1;0
DOGANSEL;8;14.8.1976;6;2
NEHIT;3;16.11.1961;1;2
KARUN;10;17.5.1971;6;4
MEHER;1;17.5.1975;1;0
FATMAYI;15;13.4.1955;0;15
FERAFNAZ;1;16.6.1970;0;1
NANISE;3;3.1.1964;0;3
NEJIA;1;10.7.1971;0;1
ALESIA;1;1.11.1977;0;1
SERCEMZEYEP;1;18.2.1987;0;1
ATAMETIN;1;25.1.1957;1;0
PERKIT;1;21.4.1975;1;0
SEGUN;1;19.3.1992;0;1
MAVLUDA;1;25.5.1960;0;1
PARPAR;1;8.6.1938;0;1
DURUMAN;2;17.9.1957;0;2
NAMIKDAR;1;27.3.1950;0;1
NERIL;10;1.12.1980;1;9
MANZURA;6;15.6.1969;0;6
BULCA;7;7.5.1960;4;3
IMDIYE;1;18.3.1957;0;1
BIRAMETTIN;2;11.12.1953;2;0
ZULUMAR;1;22.6.1931;0;1
UGURTURK;1;8.2.1959;1;0
PRENS;6;29.10.1975;4;2
BIRCEM;8;1.2.1987;2;6
JAYIT;1;23.11.1967;0;1
VURAN;12;7.2.1966;10;2
BRUNHILD;1;17.8.1942;0;1
SARMIYE;2;11.11.1960;0;2
NAGIF;2;12.9.1963;2;0
PIRIREIS;1;27.10.1991;1;0
CONSTANTA;14;19.10.1966;0;14
OKTUNC;11;16.7.1978;11;0
ANBERIYE;3;21.11.1938;0;3
ROZIYE;3;20.2.1945;0;3
NEYFER;5;21.8.1976;5;0
PARASCOVIA;2;6.9.1976;0;2
BESIKTAS;1;26.4.1948;0;1
HAVVAYI;1;12.2.1953;0;1
LETEVET;1;8.3.1958;0;1
ASURIYE;11;28.6.1969;0;11
NAKEN;1;12.4.1959;0;1
MAHKULE;1;16.9.1979;0;1
BEYSUL;2;14.2.1984;0;2
ISMAILADNAN;1;1.10.1948;1;0
SOYDAL;2;11.11.1971;2;0
HUSGUZEL;1;27.8.1944;0;1
MUTDALIP;6;11.2.1964;6;0
NAZIKDEN;3;18.11.1947;0;3
SAVASARMAN;1;22.8.1975;1;0
PIRKADEM;2;2.10.1968;2;0
VAHINUR;1;3.8.1940;0;1
GULFANIYE;4;25.6.1970;0;4
BENZAT;1;26.5.1966;1;0
NUFEN;3;16.7.1967;3;0
TIN;1;16.12.1989;0;1
ARNAZ;1;26.10.1990;1;0
PURYAMI;2;14.2.1962;2;0
SAMANTHA;3;29.7.1972;0;3
BUHAN;9;24.4.1980;8;1
HASMIK;24;1.11.1954;0;24
ATABERK;8;21.8.1982;8;0
MIYARE;3;16.1.1958;0;3
ALIYMAN;1;12.12.1959;0;1
SEHERCIN;5;20.9.1950;0;5
JEVGENIA;1;13.12.1974;0;1
PIKAR;11;15.10.1942;0;11
ILKNURHAN;2;1.6.1979;0;2
PINGZHOU;1;27.1.1971;1;0
KOR;16;22.4.1963;15;1
ITIDAL;22;15.10.1954;0;22
SAMLE;3;20.9.1952;0;3
FEHIR;21;8.8.1956;4;17
SEYFIDIN;8;19.6.1954;8;0
ERBAL;5;22.11.1970;5;0
MUHALIFE;2;9.8.1945;0;2
TANUL;1;21.6.1954;1;0
BELHUZE;1;11.2.1954;0;1
HANIFEYI;2;4.1.1957;0;2
DANIER;1;11.2.1969;1;0
ZEKVAN;2;20.11.1986;2;0
MUGEGULSAH;1;27.2.1980;0;1
ASKERMEHMET;1;10.12.1977;1;0
KENIYE;7;18.8.1967;0;7
FIRATHAN;8;18.5.1983;8;0
NEHTUN;1;28.1.1970;0;1
BILGEKAGAN;5;29.2.1982;5;0
SEHIRHAN;9;16.1.1948;0;9
SIFKAT;2;16.12.1961;1;1
GENOVEVA;6;6.9.1968;0;6
SESHAN;3;3.1.1974;0;3
GULERDAN;2;29.9.1960;0;2
BARBORUS;1;12.5.1953;1;0
SELEHE;45;3.7.1962;0;45
NESSEL;1;6.12.1982;0;1
MUHTESEMNUR;1;26.8.1983;0;1
HAKANALP;1;13.8.1987;1;0
MERBA;8;15.6.1982;0;8
ORGIL;1;25.10.1966;0;1
DIRENCAN;6;8.8.1991;4;2
OGUZABBAS;1;23.9.1974;1;0
DERLE;2;10.1.1983;0;2
JONNA;1;8.6.1979;0;1
YELTAN;1;9.9.1980;1;0
GULSUYU;3;1.2.1970;0;3
ROSEMARY;3;9.2.1952;0;3
FELAKNAZ;2;28.9.1950;0;2
GULFIKIR;17;13.9.1963;0;17
ATUR;1;21.3.1953;1;0
MEKNUZE;8;16.7.1944;0;8
AYNUMA;2;9.6.1949;0;2
GULMAISSA;1;20.5.1961;0;1
SANSENEM;3;21.1.1973;0;3
ZATIYA;1;14.11.1917;0;1
FAHRIBE;1;5.10.1987;0;1
MUSVIGA;1;7.2.1934;0;1
DULGAR;3;7.5.1966;2;1
SEHERLI;53;4.2.1954;0;53
MEFUSIYA;1;22.4.1973;0;1
GUNERGUN;2;30.2.1965;1;1
SIBKAT;7;22.10.1958;7;0
RIVAZE;3;23.3.1978;0;3
KADIRULLAH;3;7.1.1964;3;0
CHERGHINA;1;7.9.1969;0;1
LOHMEN;1;22.2.1967;1;0
ASENAY;4;23.11.1987;0;4
MINEHAT;2;25.10.1952;0;2
PETEM;1;29.3.1987;0;1
HUZURI;4;6.1.1967;4;0
DILOROM;2;1.10.1979;0;2
VENAR;11;17.12.1966;0;11
HAVVAALI;2;4.5.1959;0;2
UNULMAZ;1;1.4.1955;1;0
KILICHAN;12;12.2.1980;12;0
SOYKAL;3;21.3.1983;3;0
KOVHER;3;30.11.1961;0;3
ODEL;8;15.1.1951;2;6
NURCUN;3;28.9.1976;0;3
SIMONIF;1;30.9.1942;1;0
NIGARA;5;5.9.1976;0;5
IHSANFIN;1;2.5.1975;1;0
YONCAHAN;2;25.3.1975;0;2
NUVID;8;18.7.1971;5;3
FATANA;1;3.7.1932;0;1
DONNUR;9;14.6.1980;0;9
EZOGELIN;2;6.9.1968;0;2
RIHALE;2;1.2.1961;0;2
DURKUS;2;25.3.1957;0;2
EPTER;2;15.2.1961;1;1
MINAYIR;1;26.11.1958;0;1
ARMANAK;6;25.12.1946;6;0
ALTUFAN;1;2.2.1951;1;0
TUULA;2;21.11.1949;0;2
MUSEHIR;3;18.11.1969;0;3
OLWYN;1;18.9.1962;0;1
SEHABET;7;19.6.1965;6;1
BORAKAN;5;10.10.1976;5;0
UDABE;1;6.11.1953;0;1
SORMAZ;2;26.6.1981;1;1
MEFANET;6;2.1.1966;1;5
MURVIZAN;1;29.8.1958;0;1
ELKAS;2;27.3.1954;2;0
NEYDIYE;1;21.3.1959;0;1
MENDEBIR;1;22.3.1967;1;0
ENIFRIBAN;1;20.7.1934;0;1
ISABELLA;8;6.12.1970;0;8
FAIKCAN;6;28.10.1980;6;0
GOZLE;7;8.4.1983;0;7
NIHANGUL;12;16.8.1971;0;12
KOLET;8;4.2.1965;0;8
AYTENNUR;2;26.10.1965;0;2
FATMAESIN;1;24.6.1952;0;1
NECIVETDIN;1;27.1.1973;1;0
FATMATU;7;14.7.1979;0;7
GOVHERI;2;17.11.1957;0;2
MEVLUZE;2;9.4.1953;0;2
OZCANER;1;25.10.1972;1;0
GULESE;18;24.12.1962;0;18
MOMUNE;4;22.1.1953;0;4
MECAZI;1;21.8.1987;1;0
ALSAN;12;8.5.1971;12;0
MAYIPER;3;5.1.1965;0;3
NURDAYIL;1;26.9.1982;1;0
MEFHIDE;3;26.6.1966;0;3
BEGUZEL;1;18.12.1966;0;1
EBNUR;3;10.9.1968;2;1
SEBNUR;18;16.3.1973;0;18
MUZAYITTIN;1;21.7.1971;1;0
KOCAGA;11;14.6.1948;11;0
SEHRAZANT;1;26.10.1977;0;1
HIFSA;1;29.11.1959;0;1
TUREGUL;4;8.7.1954;0;4
BURKE;17;27.1.1983;9;8
SIRRIYYE;2;20.6.1948;0;2
SULDEN;1;2.4.1948;1;0
MAZIRE;4;19.12.1963;0;4
HALISNUR;1;13.10.1985;1;0
ZEHVI;1;17.9.1954;0;1
UMITFAHRI;1;2.2.1981;1;0
OZGARI;1;16.11.1982;1;0
NEVDINE;1;20.4.1972;0;1
AYGULEK;1;6.11.1963;0;1
INTIHA;3;22.12.1964;0;3
SANAYGUL;1;2.2.1969;0;1
NUSEHAT;1;17.2.1966;0;1
SIGBATULLAH;3;6.7.1983;3;0
DEMETER;1;10.3.1992;0;1
DESENGUL;1;27.2.1980;0;1
YILKUT;10;17.5.1967;10;0
UBADE;10;9.12.1983;10;0
KANADA;1;29.12.1978;1;0
MUDAFER;8;14.7.1966;6;2
ANDZHELA;2;30.5.1970;0;2
MULKUSE;4;20.7.1943;0;4
ZERBIYE;8;22.6.1953;0;8
MUINET;1;2.8.1939;0;1
NEVDAN;3;15.3.1971;0;3
NILBERNA;1;2.9.1973;0;1
YILDIRIL;1;28.9.1970;1;0
RUHIYYA;5;11.8.1978;0;5
USDACAN;1;21.11.1987;1;0
SEBIHATTIN;6;29.11.1957;5;1
GURGEL;4;23.3.1960;0;4
YETEGUL;1;2.7.1959;0;1
SNEZANA;1;26.3.1961;0;1
FAZIYLET;7;11.5.1967;0;7
BAPLI;5;4.12.1960;4;1
ELBURUZ;8;16.7.1983;8;0
SUZETTE;1;28.3.1982;0;1
ARZIK;1;11.2.1957;0;1
IULIA;15;4.9.1971;0;15
IBDADE;1;18.2.1955;0;1
VIRDAL;2;1.7.1975;1;1
MEHTUNE;18;19.2.1968;0;18
BEDRIS;6;6.11.1948;0;6
SAHULE;1;9.12.1972;0;1
RAFIKIYE;2;7.3.1959;0;2
NASO;7;18.1.1943;7;0
YUZIDE;1;26.5.1976;0;1
EBRAL;17;25.4.1977;12;5
SAHZANAT;1;7.2.1964;0;1
VERANI;6;6.12.1971;6;0
MURSELLIM;2;27.11.1972;2;0
YEVNI;3;13.5.1969;3;0
DUYURHAN;1;18.4.1992;1;0
NURSUZAN;4;7.2.1958;0;4
LIBOS;2;5.11.1967;0;2
ABUZEF;1;22.3.1955;1;0
HUZEYFA;11;15.10.1978;9;2
BESBINA;8;23.10.1948;0;8
ALAKA;1;22.3.1931;0;1
HEFIZE;9;27.11.1958;0;9
IHNAZ;1;8.4.1936;0;1
HURDURSUN;1;17.2.1948;1;0
EFTAN;10;12.7.1971;7;3
DINEMIS;18;28.3.1974;0;18
MENKIBET;1;20.2.1964;0;1
BENNAZ;3;3.6.1967;0;3
MUHEYYEN;5;12.2.1953;0;5
KARAKOK;1;2.2.1969;1;0
MINTANIYE;2;5.1.1963;0;2
LUCRETIA;5;25.8.1965;0;5
TAYGA;3;11.7.1988;3;0
AYBUKEM;6;8.4.1980;0;6
ASUKA;2;29.3.1965;0;2
BIREY;10;5.8.1965;4;6
MELEKSIGMA;1;10.5.1973;0;1
REYLA;15;5.1.1956;0;15
LAMISAL;3;19.11.1940;0;3
LIRIYA;11;5.3.1954;0;11
SUPRIZ;4;28.10.1969;1;3
MEMLUGNE;1;19.2.1979;0;1
ZELULE;3;17.3.1967;0;3
GULKEVSER;3;20.10.1975;0;3
NESEOZGECAN;1;3.11.1983;0;1
ARZEM;6;8.9.1980;2;4
UMMAK;2;24.2.1947;0;2
ZAHURE;35;1.11.1961;0;35
FILLIYE;6;2.8.1964;0;6
BUHSEVER;1;4.3.1957;0;1
CANBASAR;2;4.6.1975;2;0
NESANUR;1;12.2.1953;0;1
HUNEYDA;3;14.8.1978;0;3
CEMREN;2;12.4.1960;1;1
MUTIYYE;5;29.2.1963;0;5
ILMETTIN;115;14.2.1967;115;0
MUNURHAN;1;12.6.1976;0;1
LATEFET;2;19.10.1968;0;2
NUHTAN;4;15.5.1961;4;0
LEBIRSE;1;15.12.1956;0;1
CEZ;1;28.6.1967;1;0
ARMANC;12;5.5.1988;10;2
RAND;2;16.1.1982;0;2
NURENSAR;1;20.10.1952;0;1
GULSEK;3;6.11.1959;0;3
ATANIN;1;30.5.1963;1;0
SAYYIDE;5;24.3.1937;0;5
ELIFIDE;2;17.4.1963;0;2
ULUCEN;1;22.8.1976;1;0
RASHA;1;28.11.1985;0;1
SABAYIN;3;15.8.1966;0;3
NEMISE;3;26.7.1975;0;3
SAFIHA;13;14.1.1963;0;13
SERFELI;5;28.1.1959;0;5
BEHAADDIN;1;24.5.1955;1;0
HARETTIN;3;23.3.1956;3;0
ZEMIK;2;6.12.1974;0;2
GULEHANIM;2;6.10.1949;0;2
GULGAN;4;18.1.1968;0;4
GERTRUDE;5;5.6.1948;0;5
GULHURIYE;10;12.9.1955;0;10
SOUREIA;1;5.2.1969;0;1
CICIHANIM;2;20.5.1943;0;2
GULLUCENAN;1;29.3.1937;0;1
SAHICINAN;1;22.2.1937;0;1
SUNDIYE;9;26.5.1963;0;9
IMETULLAH;8;13.7.1938;0;8
ASLANSA;1;30.6.1979;1;0
ILAYETTIN;5;23.4.1970;5;0
GULLUCINAN;1;2.4.1927;0;1
HILMEYE;1;21.5.1960;0;1
TUNUYA;1;12.2.1971;0;1
GUNOZ;5;9.6.1951;3;2
DURDUSE;1;22.1.1938;0;1
GULCIME;2;13.7.1982;0;2
MELEKOZER;1;22.3.1943;0;1
NEZIKA;10;5.11.1962;0;10
TEVGE;1;24.3.1968;0;1
ABDULLAHI;3;27.10.1973;3;0
CANCI;1;4.3.1963;0;1
MERCAIL;1;1.3.1960;0;1
GULVAY;1;16.3.1947;1;0
GOMEC;4;22.12.1952;1;3
ULKINAR;1;2.1.1969;0;1
ILMIRA;24;16.9.1976;0;24
NEVRINAS;1;22.6.1963;0;1
YAKINCAN;1;18.8.1953;0;1
GULEBI;1;11.4.1963;1;0
GAYAT;2;8.10.1947;0;2
TILSIM;12;4.2.1981;1;11
MEKKEYAR;1;7.7.1969;1;0
BASKURT;4;12.5.1967;4;0
AYKOL;4;2.11.1968;4;0
NURHATICE;2;9.7.1989;0;2
M.REMZI;12;1.10.1948;12;0
IMROL;1;8.4.1952;0;1
FERVUZA;1;27.10.1986;0;1
OTAN;5;22.9.1973;5;0
CINET;7;28.8.1967;6;1
VANIYE;1;17.3.1972;0;1
ENESBINNUR;1;13.10.1981;1;0
ESVEDIN;2;24.2.1964;2;0
RECAT;7;15.9.1968;7;0
SIGER;1;5.4.1977;0;1
FURIYE;9;18.10.1969;0;9
HUZIYE;8;27.12.1956;0;8
MUHIYE;8;22.2.1957;0;8
SENKIN;1;21.2.1960;0;1
AFIZER;1;27.6.1962;0;1
ZAKKUM;2;19.6.1988;1;1
TELINE;1;17.2.1978;0;1
KULNAZIR;1;13.1.1952;0;1
DUREFSAN;7;27.12.1952;0;7
ESENGULU;1;15.9.1982;0;1
ISMAILCEM;2;15.4.1985;2;0
DURSADETTIN;1;19.11.1973;0;1
ERSIT;2;24.10.1974;2;0
BAHRIYELI;7;14.11.1968;6;1
FETHEM;1;1.11.1984;0;1
NESBIHA;2;17.5.1949;0;2
SADIKER;9;11.5.1970;0;9
NURHANGUL;3;7.4.1971;0;3
MUHAMMEDUN;2;28.1.1975;2;0
MIHRABAN;1;7.10.1988;0;1
KAZIKLI;34;5.3.1953;34;0
MERYET;5;21.12.1965;0;5
JILAL;3;6.6.1973;0;3
GURZIDA;1;7.7.1974;0;1
BEDISEN;1;5.6.1963;0;1
TEKCEN;1;5.10.1983;0;1
CORELE;1;30.12.1954;0;1
CUNEIT;4;8.5.1979;4;0
NEDIL;3;24.12.1972;2;1
NUCAFER;1;2.8.1933;0;1
NIYLIFER;3;11.6.1947;0;3
GULCEFRE;1;15.2.1966;0;1
SARTAC;2;10.9.1981;2;0
MIRHIBAN;1;4.10.1980;0;1
NEFAYIL;3;10.12.1957;3;0
BUTAY;13;19.2.1987;12;1
MUSAME;4;17.11.1970;3;1
BUHANIYE;1;6.12.1953;0;1
BUGRAK;2;20.5.1981;2;0
NURDANSEL;1;11.1.1957;0;1
YELIZCAN;1;19.5.1990;0;1
OKSUN;2;7.9.1985;2;0
MEHDICAN;6;4.11.1982;5;1
VIRGIL;1;20.11.1974;0;1
FURZAN;9;15.8.1964;2;7
ALGA;2;29.12.1983;0;2
CEMAY;14;14.10.1980;7;7
HAFIZERGUN;1;29.5.1965;1;0
KUPSE;2;30.10.1974;0;2
GULPIDER;1;16.5.1944;0;1
TOCA;1;2.10.1957;1;0
DALMAN;2;18.1.1957;2;0
GULCETAY;1;28.1.1978;0;1
BIKAN;4;25.6.1957;0;4
EYMUR;6;7.10.1952;5;1
ESARSEL;1;7.8.1957;0;1
ONSAR;1;28.5.1941;1;0
VEYDE;3;21.6.1958;0;3
NEVFIS;1;24.3.1951;0;1
REBEKA;87;25.6.1940;0;87
CHYNARA;1;11.2.1982;0;1
KARANFILI;3;24.3.1957;0;3
OSET;4;20.5.1982;4;0
GULBEDI;2;29.2.1980;0;2
KABUHAN;3;12.5.1982;0;3
KELAMIYE;1;12.5.1933;0;1
CETINALI;1;26.5.1975;1;0
VELIFER;1;11.5.1936;0;1
ELIZAVETA;7;30.8.1972;0;7
LILIIA;2;26.10.1965;0;2
NAILYA;4;10.1.1973;0;4
FICEN;4;8.7.1961;0;4
BEYTIHAN;3;3.11.1981;0;3
MERYAL;1;11.2.1956;0;1
DILYARA;5;28.8.1970;0;5
ADEVEYE;1;27.3.1956;0;1
CANTAYLAN;1;30.3.1985;1;0
ERDING;1;4.2.1975;1;0
LAZZAT;3;1.4.1976;0;3
SEMSIFER;5;18.12.1962;0;5
KATARZYNA;5;27.3.1977;0;5
FAYDIN;10;23.10.1958;6;4
OMCA;15;15.7.1975;0;15
NANETTE;1;20.11.1967;0;1
ELLORINA;1;19.5.1965;0;1
ISILDA;2;10.11.1977;0;2
M.KEREM;1;19.6.1971;1;0
AHUTUBA;3;22.5.1983;0;3
VILHEL;3;29.5.1949;2;1
SUNAYIL;4;4.1.1951;0;4
DENSU;4;30.1.1988;0;4
PIERETTE;1;2.1.1955;0;1
MINURA;3;12.8.1958;0;3
GULFAYET;3;11.12.1963;0;3
MUZEKAR;5;7.9.1956;5;0
MARINELA;12;5.6.1971;0;12
MIHRIBAH;2;27.7.1953;0;2
KIRAZOZGE;1;2.2.1981;0;1
MAHIRSAH;1;19.10.1973;1;0
SUSANA;9;26.11.1964;0;9
BILLIE;1;1.4.1991;0;1
BENGUTUL;1;2.9.1976;0;1
VASGEN;4;30.4.1964;4;0
BENILCAN;1;14.5.1990;1;0
BUGE;17;9.7.1976;2;15
OZSU;1;17.6.1976;0;1
TIJIN;5;28.9.1974;0;5
ZHORZHETA;1;3.10.1963;0;1
ULUGBEK;4;6.3.1971;4;0
PILVI;1;30.1.1976;0;1
YEVHENIYA;1;22.11.1981;0;1
MAZRAP;1;18.4.1939;1;0
REYMAN;11;25.11.1959;5;6
BIRNAR;7;17.9.1969;0;7
HANNELORE;11;19.2.1949;0;11
GULIYA;5;22.1.1961;0;5
LOYZA;1;21.12.1973;0;1
ELENE;4;18.3.1974;0;4
MUEDDEP;11;26.7.1951;0;11
DIVIN;2;19.6.1960;0;2
CENGIR;2;4.12.1962;2;0
SONAN;4;3.8.1981;2;2
DILEKBER;2;20.2.1964;0;2
PARASKEVI;21;30.11.1947;0;21
AYTUBA;1;30.8.1981;0;1
KATHE;1;18.11.1944;0;1
KANDAHAR;6;19.2.1961;0;6
EMETLA;2;25.11.1947;0;2
KIPCAK;2;5.11.1949;2;0
ANYA;11;11.1.1976;0;11
SYLVETTE;1;12.7.1965;0;1
AYSEICELILE;1;12.5.1947;0;1
TARRAN;2;13.12.1954;2;0
LEMIF;1;7.4.1928;0;1
BAHRIYAR;2;19.12.1951;2;0
IVONA;1;2.4.1961;0;1
FILLIP;1;16.11.1976;1;0
RUHBEYAN;1;16.5.1946;0;1
SEFAA;2;7.7.1972;1;1
SAMPRIE;1;17.2.1948;0;1
RESTAN;13;13.12.1955;9;4
NINGUN;1;17.2.1972;0;1
VINERA;1;19.12.1971;0;1
HURUMEN;9;23.12.1964;0;9
NURANA;32;27.6.1957;0;32
DJEYMI;1;25.1.1991;1;0
VASSAF;6;21.1.1955;6;0
FILDEZ;2;16.5.1960;0;2
WALEH;1;9.8.1960;0;1
DUA;13;25.4.1983;2;11
SARK;1;10.4.1927;1;0
SAROLTA;1;5.1.1973;0;1
ZIYAKET;1;17.4.1936;0;1
SERINESEN;2;17.2.1961;0;2
SERARE;29;2.1.1963;1;28
JANBEK;4;8.9.1984;4;0
SEGURE;2;29.5.1952;0;2
TAYLANER;1;12.9.1971;1;0
HILMIYA;2;23.2.1963;1;1
TUTAS;1;16.3.1939;0;1
SANIJE;2;25.8.1963;0;2
CILEMNUR;1;22.12.1991;0;1
M.HUNKAR;1;17.8.1974;1;0
SEFATA;1;5.11.1956;0;1
ULLUYE;22;10.3.1964;0;22
ARVIN;3;7.11.1987;2;1
SUNATEL;1;20.1.1969;0;1
NURBANUR;7;19.3.1982;0;7
BURCEK;3;4.1.1981;0;3
ZHEZHEV;1;30.4.1964;0;1
MAHIRER;1;21.12.1971;1;0
ETTIBAR;2;27.7.1966;0;2
ILYAMIN;1;27.9.1982;1;0
HABIKA;7;24.5.1957;0;7
LIDIYA;9;29.5.1972;0;9
LIBASE;15;7.12.1956;0;15
NEMETCAN;1;20.2.1970;1;0
NIKO;48;29.8.1949;48;0
TOMI;1;24.12.1972;1;0
NARIDA;1;13.2.1969;0;1
CAGAHAN;2;2.7.1980;2;0
TETYENA;1;8.12.1975;0;1
INDERA;1;24.6.1966;0;1
ELIYA;33;17.6.1950;31;2
FERIHAL;12;8.4.1961;0;12
MUCICET;1;7.2.1976;0;1
GORKMEN;2;2.12.1984;1;1
RIANA;1;3.2.1980;0;1
SEBRINAZ;17;22.8.1965;0;17
PIATIMAT;1;3.5.1968;0;1
LORENA;2;8.11.1967;0;2
KIRIL;3;16.2.1963;3;0
ERTOL;3;26.3.1981;3;0
SOFIYAT;1;5.8.1961;0;1
TANYILDIZI;2;2.8.1927;0;2
LINET;30;2.7.1966;0;30
ANIFA;1;19.10.1976;0;1
CANBANU;1;6.11.1956;0;1
BULKAN;6;2.1.1969;5;1
ZURYEZEM;1;7.5.1988;0;1
REKIN;13;23.5.1964;12;1
ATNIBANU;1;22.2.1955;0;1
FLYURIYA;1;18.10.1974;0;1
EPIRDEN;1;11.8.1989;1;0
ILKAYIR;1;2.7.1980;0;1
LAVRA;1;18.6.1975;0;1
LUISA;8;19.9.1962;0;8
ALSEVIM;1;30.6.1963;0;1
OLGASULE;1;23.8.1981;0;1
WILMA;1;1.11.1968;0;1
SEFERCIVAN;1;10.11.1963;1;0
NORA;46;10.5.1973;1;45
MZEVINAR;3;24.8.1968;0;3
ANGELIANA;1;30.8.1986;0;1
MAAZET;4;6.2.1968;0;4
GULLUBAN;2;24.4.1952;0;2
OKTEMER;1;7.2.1937;1;0
SAGHRI;1;7.9.1956;0;1
ANNI;18;21.12.1956;0;18
GOKCICEK;5;26.2.1971;0;5
RATIYE;7;17.7.1952;0;7
DURRUSEHVAR;18;4.9.1943;0;18
MAMED;4;20.11.1979;4;0
EBILMUHSIN;4;28.10.1959;4;0
CANPINAR;1;7.7.1959;1;0
CIHADI;6;24.6.1962;6;0
MIDIRAP;3;9.3.1955;3;0
SAHNIK;12;30.9.1950;0;12
ERTEMEL;14;30.9.1959;14;0
SARIBEY;15;17.9.1961;15;0
TURANSALI;1;14.5.1976;1;0
NAGIB;2;22.10.1956;2;0
KUMSIAT;1;30.11.1965;0;1
MUBEHHER;35;5.8.1949;0;35
ZEFKI;1;4.10.1958;1;0
GULVI;1;19.3.1977;0;1
NUTVER;1;25.3.1961;1;0
GIRNAY;1;7.2.1976;0;1
SATBERK;3;6.4.1940;0;3
ERIZ;7;4.2.1959;5;2
NEMZAR;3;16.6.1938;0;3
AGHU;1;26.7.1976;0;1
BERNARD;5;18.5.1956;5;0
RISAR;7;6.4.1965;7;0
ELVANE;23;2.11.1964;0;23
ERNAN;2;15.12.1963;1;1
BILYAS;1;22.1.1970;1;0
ASK;1;24.3.1928;0;1
ZAFFET;3;11.9.1973;3;0
ILKSEVI;4;18.4.1980;0;4
MUBDI;1;27.4.1972;1;0
MEHABAD;1;11.8.1980;0;1
NESRAR;1;11.9.1977;0;1
SERBANI;41;16.4.1962;0;41
ALIBARUT;1;25.2.1937;1;0
HADUS;1;22.4.1931;0;1
TUGSEL;5;6.11.1979;3;2
NUHRET;4;22.3.1975;1;3
HERDEGUL;4;26.2.1964;0;4
TAMAC;2;8.8.1977;2;0
KOMAY;1;20.4.1989;1;0
BALCAN;6;22.2.1976;0;6
SUCADDIN;9;2.1.1958;9;0
ARTEMIS;19;7.11.1969;2;17
MECNURE;1;23.3.1949;0;1
SUMDURAN;1;17.7.1950;0;1
MOUYET;1;22.7.1931;0;1
M.MUTLU;2;15.9.1971;2;0
CEMTUG;3;5.11.1991;3;0
MEZANE;6;27.4.1964;0;6
DURMELEK;1;11.9.1951;0;1
BERNEV;6;11.3.1973;0;6
MINOO;1;29.3.1957;0;1
NECMIYETTIN;1;26.12.1965;1;0
ODHAN;4;7.7.1965;4;0
SENOS;2;23.2.1968;0;2
OTYAM;1;28.3.1980;1;0
NURBUKE;3;14.2.1991;0;3
BIKET;14;18.8.1960;2;12
TEFIKFIKRET;1;26.3.1964;1;0
EWA;5;16.1.1962;0;5
GUZIGEN;1;6.10.1954;0;1
SOKMEN;16;1.12.1958;16;0
M.TEYFIK;2;2.5.1951;2;0
TACLAN;17;24.7.1970;5;12
FERUDUNGAZI;1;22.7.1967;1;0
ESEFIKEF;1;23.12.1962;1;0
TARKHAN;7;29.5.1974;7;0
MUSINAZ;1;6.1.1932;0;1
KHADIJAT;1;6.6.1966;0;1
OTKAN;1;15.4.1969;1;0
ARAT;10;22.1.1982;10;0
BEZMIN;2;22.6.1954;0;2
DRAGICA;3;19.9.1954;0;3
TEREM;2;28.7.1965;1;1
GUNEYER;1;3.11.1954;0;1
KUTLUK;17;30.9.1970;16;1
CANGER;3;12.1.1972;2;1
BULBEN;6;16.6.1963;0;6
ZEHRADENIZ;1;22.9.1965;0;1
TEVKIA;1;17.8.1924;0;1
NADIKE;9;8.4.1964;0;9
SERMEN;22;5.12.1964;1;21
CEBENUR;1;5.8.1948;0;1
GULSUNAN;4;26.1.1955;0;4
ERDEMALP;1;30.10.1986;1;0
DERME;1;17.6.1984;0;1
BAHTLI;13;13.5.1957;0;13
TAMARAHAN;2;17.1.1972;0;2
MEGUL;5;26.12.1969;0;5
SEFAYA;69;5.11.1952;0;69
MIRDAS;12;29.4.1963;12;0
LAVUZE;5;19.3.1959;0;5
BACIKADIN;1;27.4.1974;0;1
GALIMAN;22;20.7.1960;0;22
EFTALETTIN;8;3.11.1963;8;0
MIHRALLI;1;12.6.1965;1;0
IRGECAN;1;22.5.1989;0;1
GERIZAN;1;13.11.1929;0;1
NAMISER;47;23.1.1959;0;47
RAZIKER;1;14.3.1965;0;1
OZFIRAT;1;22.2.1964;1;0
MUSLUHIDDIN;1;28.7.1973;1;0
NURINISSA;1;29.1.1947;0;1
OZBABA;1;13.3.1965;1;0
KIMBAT;1;23.1.1976;0;1
SAHARA;6;23.9.1983;0;6
ZLATKA;5;26.3.1962;0;5
BERGAY;2;21.2.1979;2;0
IRAZCAN;1;3.8.1984;0;1
HIKAN;1;9.12.1982;1;0
SOYSAN;3;2.1.1971;0;3
TUBAFIRDEVS;1;4.7.1978;0;1
HEYRANSA;3;27.5.1945;0;3
RAJAB;1;18.8.1978;1;0
MUVAZZEZ;1;26.6.1959;0;1
ULCIN;2;22.1.1970;0;2
LEBBIYE;4;3.6.1954;0;4
ZERBIYA;1;19.6.1991;0;1
UGURALP;10;9.1.1981;10;0
CANKAZIM;1;11.7.1974;1;0
SALAITTIN;3;6.11.1958;3;0
RACHEL;11;7.6.1971;0;11
OLIM;2;5.2.1956;1;1
PIRVAN;3;25.4.1950;1;2
BAYKANER;1;6.7.1971;1;0
SELDAHA;2;27.6.1975;0;2
SAIMER;2;6.11.1957;2;0
MUHUBER;6;26.8.1965;0;6
SAGURE;4;14.9.1964;0;4
ADER;2;6.6.1990;1;1
AYDINAR;12;29.4.1965;0;12
AYTAL;1;17.3.1982;1;0
KADAN;2;15.1.1954;1;1
TURKCEN;1;10.9.1962;0;1
SONKAY;1;14.11.1978;1;0
SEBIT;24;20.7.1959;24;0
SINEMYIS;9;25.11.1982;0;9
ABDULVAHABICIHAN;1;9.7.1970;1;0
LUTAY;1;9.12.1976;1;0
BORCAK;1;9.5.1976;1;0
NEMANUR;4;25.8.1968;0;4
MISMINA;1;28.2.1991;0;1
DINEMI;1;9.5.1963;1;0
FAINA;1;30.3.1991;0;1
FECRIN;4;12.10.1976;1;3
OLESEA;11;25.11.1979;0;11
ZENGIBAR;2;4.3.1981;1;1
ERYAN;1;6.5.1973;1;0
RONI;37;27.10.1980;34;3
BURMAGUL;1;19.5.1971;0;1
UNSUNAY;1;26.7.1957;0;1
LISELOTTE;3;27.3.1940;0;3
NESTAN;5;29.7.1974;0;5
KAPLANER;1;7.6.1981;1;0
MAURA;3;3.7.1965;0;3
TAKHMINA;4;27.1.1978;0;4
TALEDDIN;1;25.6.1940;1;0
MUCAID;4;25.12.1978;4;0
ZEMIRA;6;25.10.1973;0;6
OGOULSONA;1;4.4.1956;0;1
BAHANGIR;2;3.8.1955;2;0
ZINNUS;2;19.10.1936;0;2
ELEANOR;5;15.8.1955;0;5
ENVERPASA;3;3.9.1968;3;0
OZVOLKAN;1;16.11.1956;1;0
SARUMAN;1;25.8.1961;0;1
URAZ;37;23.3.1985;37;0
SURAIDA;1;12.10.1955;0;1
ALEC;1;14.4.1966;1;0
NEZENTE;4;6.6.1969;0;4
VETA;1;23.3.1974;1;0
SALIZAR;1;11.3.1934;0;1
ROSWITHA;7;17.11.1948;0;7
CONCHITA;2;14.2.1964;0;2
SAGLARA;1;13.4.1981;0;1
NATALLIA;11;3.3.1978;0;11
FERMUZEN;1;14.4.1960;0;1
SAHVAR;5;11.6.1954;0;5
NIVART;64;17.11.1951;0;64
MEVFARET;3;24.7.1961;0;3
LIOUBOV;15;27.7.1972;0;15
TAHAKAN;1;8.6.1991;1;0
ARSALOZ;17;27.12.1942;0;17
MIRELLA;9;5.8.1968;0;9
HAYIT;6;10.5.1949;5;1
GULASMAN;2;22.6.1965;0;2
HELMUT;2;15.7.1965;2;0
DAMIRA;1;14.3.1978;0;1
YUNUZEMRE;1;25.3.1979;1;0
VIGEN;11;16.5.1969;0;11
BARKAN;26;18.6.1981;26;0
CIGIL;22;22.10.1982;1;21
NEMRA;8;27.9.1975;0;8
GUMMI;2;16.8.1964;0;2
GEVRISAN;22;29.11.1960;0;22
ASKHAN;2;21.7.1970;2;0
GUFRANI;2;2.4.1963;2;0
AGEETH;1;18.10.1970;0;1
ANIYAT;1;18.8.1952;0;1
LUZUME;1;5.4.1960;0;1
HEKIBURAN;1;8.1.1940;0;1
MULHAKA;1;17.4.1918;0;1
SALMINA;1;9.3.1973;0;1
SALIHMURAT;2;18.4.1972;2;0
ELKE;8;1.1.1952;0;8
DEBRA;14;4.5.1973;0;14
ESLISAH;1;28.2.1966;0;1
KEMALATA;4;5.9.1968;4;0
BETIM;10;25.9.1985;3;7
CEMKORAY;1;14.11.1982;1;0
SNEZHANA;1;15.8.1979;0;1
NEJAD;20;8.6.1957;20;0
LALAZER;5;9.8.1955;0;5
SEHANE;1;3.10.1975;0;1
JAVLER;1;30.9.1975;1;0
EMILITTA;1;27.10.1956;0;1
TOMASZ;1;21.11.1963;1;0
FERKANT;1;2.5.1981;1;0
LONIE;1;24.8.1968;0;1
ONERCAN;1;29.8.1989;1;0
M.TOLUNAY;1;29.4.1973;1;0
BEHGUZAR;1;22.8.1943;0;1
MEFHUZIYE;1;13.2.1958;0;1
CARL;2;2.1.1963;2;0
BILEREN;1;14.6.1962;0;1
SEZGUR;3;11.12.1958;0;3
ESOR;1;27.1.1951;1;0
UMMUGULEN;1;30.3.1941;0;1
YURDAKURT;1;12.5.1935;1;0
NAJOUA;1;16.5.1972;0;1
FEDARI;2;7.2.1953;0;2
BELBA;1;4.1.1978;0;1
JOLANDA;2;19.2.1959;0;2
VARACAN;1;2.2.1951;1;0
KARSTEN;2;9.4.1987;2;0
NIRSEL;1;13.10.1984;0;1
AYSAD;6;3.9.1986;4;2
SEVGIC;2;12.9.1968;0;2
MEI;2;9.6.1969;0;2
LAMIAE;1;18.10.1978;0;1
JESSIKA;2;30.7.1976;0;2
ALTUVAN;1;11.8.1956;1;0
YASEDDIN;36;13.1.1963;36;0
DEDEHAN;6;27.5.1973;6;0
GULTEKIS;1;14.10.1948;0;1
SERPEK;1;12.4.1947;1;0
REVAL;3;24.11.1973;0;3
METIM;2;22.6.1944;1;1
REFU;1;27.6.1956;1;0
FERMUNUR;1;1.10.1962;0;1
DILHAYAT;11;29.3.1962;0;11
RAVZATA;7;3.11.1976;0;7
FEYYAS;9;5.11.1966;9;0
FATMALAR;1;20.3.1965;0;1
ILAHINUR;2;7.5.1979;0;2
BENGISEN;2;8.10.1984;0;2
NADEZHDA;12;3.9.1971;0;12
SAGIMEBAT;1;27.6.1944;0;1
DAGIR;1;7.2.1952;1;0
INCILIYE;2;27.12.1942;0;2
IANINA;1;16.3.1978;0;1
IOLIA;1;23.7.1974;0;1
BURA;13;12.7.1979;11;2
NUKDE;2;13.7.1973;0;2
FADIMETUL;4;30.10.1980;0;4
ILAHIYE;1;27.12.1956;0;1
NECAY;2;20.1.1972;0;2
RAYAL;2;19.4.1971;1;1
KURTBOKE;2;7.6.1984;2;0
ALIBERK;3;5.7.1986;3;0
CAHANSER;8;5.10.1953;0;8
BORTECENE;3;26.7.1984;2;1
KATERINA;27;22.10.1952;0;27
GULSINAY;2;28.7.1972;0;2
GERLINDE;4;18.10.1952;0;4
JULIYANNE;1;9.10.1964;0;1
CANUSER;1;6.5.1951;0;1
NURSIBEL;7;9.1.1981;0;7
GULSELAN;2;21.11.1963;0;2
MABET;5;21.3.1970;1;4
KIBRAY;2;18.6.1958;0;2
KALERIYA;1;17.5.1946;0;1
SANELYA;1;2.7.1979;0;1
REYKA;1;26.4.1978;0;1
BERKSAN;18;7.9.1981;17;1
ALTINDAL;28;13.5.1949;0;28
OZEMRIYE;1;30.10.1949;0;1
ANTONETA;5;1.8.1970;0;5
JACQUELINE;12;30.12.1957;0;12
KENDIGUL;8;30.3.1968;0;8
MUZAFFERIYET;1;18.1.1958;0;1
BURAKALP;3;28.1.1981;3;0
OYTUNC;4;12.11.1985;4;0
HUMSET;1;9.12.1970;0;1
PEMBEBINAY;1;25.4.1962;0;1
ONURDAN;1;25.10.1963;0;1
KAMURAY;1;3.10.1976;0;1
ADRIANNA;1;4.10.1976;0;1
TUMURLEK;1;2.5.1969;1;0
BAGIGUL;1;4.12.1982;0;1
ALPTUHAN;1;21.7.1988;1;0
MEHTEN;1;19.9.1981;0;1
MUEDDA;3;24.3.1947;0;3
BECCEL;2;3.8.1950;0;2
BAHTIE;2;17.7.1968;0;2
OLESSIA;5;14.4.1976;0;5
BUGKE;1;18.3.1992;0;1
MUCADE;10;2.7.1965;0;10
M.FAIK;6;13.4.1957;6;0
YAGLI;1;7.2.1976;1;0
MUZEYYENI;1;9.11.1963;0;1
ALINTER;1;12.2.1953;0;1
HOPA;3;25.12.1954;0;3
S.ASKIN;1;12.7.1953;1;0
PROLET;1;13.2.1975;0;1
HEVANT;1;20.3.1960;1;0
TUVAN;15;25.10.1971;12;3
YUNUSCAN;18;30.1.1988;18;0
ANILAY;5;17.6.1981;0;5
AGATHA;1;26.8.1960;0;1
EVIRGEN;4;22.11.1967;3;1
ALPOGAN;4;13.11.1973;4;0
RUHSINA;1;21.11.1973;0;1
AYSOLMAZ;2;21.10.1938;1;1
MARBIYE;1;20.4.1965;0;1
SEVIMHAN;3;26.4.1977;0;3
AFINA;5;3.1.1972;0;5
ELBRUZ;23;6.9.1980;23;0
JOFRI;1;9.2.1981;1;0
GETA;9;23.1.1975;0;9
CUTYAR;1;8.8.1991;1;0
CAVLIN;1;29.9.1991;0;1
MAKIM;1;25.8.1985;1;0
HOSANNA;1;17.12.1961;0;1
ONEY;13;30.2.1973;8;5
CEMTUGRUL;1;28.2.1971;1;0
UKBE;17;19.7.1986;17;0
NURTERIM;1;2.7.1948;0;1
GANIMURAT;1;21.5.1957;1;0
EMIRDAG;1;12.3.1941;1;0
TIGEN;2;18.11.1969;0;2
M.CENKER;1;28.10.1973;1;0
GARBIS;184;16.3.1958;184;0
ZUHNIYE;5;23.8.1960;0;5
MUNIME;10;2.11.1961;0;10
TIMSAL;23;21.2.1959;1;22
NUSEYLA;1;8.2.1958;0;1
YAKUTE;4;2.4.1942;0;4
GULDUTAN;1;11.1.1937;0;1
MATOS;11;9.2.1941;10;1
NEJADE;9;17.1.1947;0;9
BEYKUL;1;1.11.1960;1;0
HACCELI;7;29.11.1956;0;7
DIBEKLI;1;4.3.1960;0;1
FITRAT;7;5.1.1943;2;5
GOLTER;1;14.3.1958;0;1
UYSAR;1;30.1.1967;0;1
NADES;3;28.9.1958;0;3
FADEKAR;1;13.3.1972;0;1
KIBARGUL;3;23.7.1968;0;3
NEMNA;1;28.4.1950;1;0
NEZDEN;1;1.12.1942;0;1
MAKTUME;4;14.2.1960;0;4
IRZIYE;4;11.1.1954;0;4
IRCAY;1;11.11.1963;1;0
RUNYANI;1;27.2.1974;1;0
AYVAT;2;18.6.1964;2;0
ZAZIYE;2;3.5.1948;0;2
EMBIS;3;9.7.1932;0;3
EMBIL;1;22.8.1973;0;1
GUNVANI;1;19.1.1966;1;0
NUTIYA;3;7.1.1949;0;3
BOCUKAN;1;16.8.1966;0;1
NEVTEL;5;4.1.1966;5;0
IMKANIYE;2;11.2.1963;0;2
HERIDE;23;23.8.1950;0;23
MAYHAL;1;22.2.1969;0;1
ELIFASA;1;27.8.1926;0;1
ICAVI;1;27.2.1974;1;0
HABBIS;3;10.3.1953;0;3
LUFKAN;1;9.3.1984;1;0
YILPAR;3;19.12.1962;3;0
JOLANTA;4;12.3.1968;0;4
GANAHAT;1;27.12.1956;0;1
NAZIKEN;3;26.11.1951;0;3
GULDONU;1;16.11.1981;0;1
HABBANA;2;19.1.1925;0;2
KEVZIYE;2;22.10.1960;0;2
SARAHAN;5;28.2.1964;2;3
SABBOY;1;4.6.1979;0;1
DERYACAN;3;12.2.1982;0;3
HUZNUR;1;10.9.1985;0;1
AZUDE;2;11.5.1976;0;2
OZATAKAN;1;10.3.1975;1;0
EFFE;5;15.5.1954;0;5
YATI;1;3.11.1962;0;1
SALAHEDIN;1;22.2.1967;1;0
ILACIN;1;4.6.1987;1;0
MUCIZIYE;1;9.1.1942;0;1
FATIMAGUL;3;3.3.1970;0;3
HURUSTEM;2;25.7.1976;2;0
EFFELI;2;28.3.1952;0;2
HAVAKADIN;18;16.7.1960;0;18
NILFUFER;2;5.6.1983;0;2
MUKLUMIYE;1;1.11.1967;0;1
KALIYE;4;26.3.1965;0;4
VICIYE;1;5.7.1951;0;1
SELIMAT;1;26.6.1972;0;1
HAFIZAR;2;22.9.1947;0;2
MEDETTIN;3;21.3.1953;3;0
GUNSARAY;1;8.2.1982;1;0
REKIME;1;7.11.1946;0;1
DURAFET;2;9.3.1961;2;0
EUZAME;1;20.1.1970;0;1
SEMSEYE;1;9.3.1946;0;1
MEDIRE;5;29.11.1955;0;5
AHILE;21;1.7.1965;0;21
GULFEER;1;16.5.1971;0;1
DIYESEL;1;27.4.1962;0;1
SEHGUL;5;21.5.1980;0;5
NAZILET;5;18.4.1956;0;5
TULKAY;5;14.4.1970;4;1
ABDURALIM;1;2.10.1973;1;0
SERFENE;1;22.2.1991;0;1
DEGISIM;2;10.6.1986;0;2
FADENI;1;17.3.1956;0;1
AYHUR;2;3.3.1983;0;2
SATRAZAM;1;30.10.1971;1;0
FIYDAN;1;19.10.1948;0;1
BILGETURK;2;17.6.1981;1;1
HATCELI;2;13.10.1946;0;2
RIYAZE;24;4.11.1960;0;24
SELVANT;2;8.7.1958;2;0
REVARIYE;1;10.5.1965;0;1
GORMAN;1;27.2.1962;1;0
PEYDULLAH;2;29.9.1991;2;0
SAZIFE;3;25.7.1973;0;3
AYSELDIN;1;20.3.1966;0;1
ANDIC;4;14.8.1975;4;0
MUSTAYA;1;20.2.1979;1;0
HALKTAN;1;27.11.1958;1;0
HOBANIYE;1;2.10.1988;0;1
BETIDA;2;14.5.1966;0;2
MUTEFEKKIRE;3;23.4.1965;0;3
HUZAN;7;4.12.1977;4;3
AFAKAN;2;9.6.1963;1;1
SUHIYLA;7;15.2.1963;0;7
SEHOMER;2;14.3.1957;2;0
NURFEDDIN;2;19.11.1964;2;0
SEHURA;1;16.4.1957;0;1
MESAADET;3;17.5.1973;0;3
ALBTEKIN;1;30.11.1976;1;0
SEYUN;2;9.7.1951;0;2
EFSUNE;1;9.6.1977;0;1
CELIKHAN;2;8.1.1974;2;0
RAFER;6;12.1.1958;5;1
AYKA;16;18.7.1954;4;12
OYGUL;1;21.9.1988;0;1
BAHTISIYAH;2;11.3.1955;0;2
GULISMAN;1;11.2.1967;0;1
NICULINA;15;4.1.1969;0;15
NEGUZ;4;25.10.1961;0;4
SELPIHAN;1;2.2.1984;0;1
MEFRIS;1;13.3.1949;0;1
TEZAR;2;26.4.1966;1;1
ELMES;4;29.12.1967;0;4
LIKER;3;22.12.1963;0;3
ERKIZ;9;24.9.1953;0;9
ELPEREM;1;25.1.1973;0;1
HAFELI;1;22.4.1973;0;1
ERIZEL;1;25.2.1969;1;0
MUZIYER;1;21.1.1971;0;1
ILICIN;1;14.10.1936;1;0
ASELI;4;25.1.1954;0;4
HELCAN;1;23.6.1986;0;1
TERIM;26;24.5.1956;5;21
KAKUS;8;23.5.1941;0;8
ALALLEDIN;1;18.4.1960;1;0
FETA;9;13.12.1965;9;0
FAKRI;16;24.11.1969;16;0
HUMANE;1;26.1.1973;0;1
EHAN;1;27.10.1974;1;0
EPIRIM;1;16.7.1975;0;1
OKGES;9;16.7.1961;9;0
MUSLETTIN;3;22.11.1957;3;0
HAFIZANIM;1;16.5.1957;0;1
MEHMETAVNI;2;16.9.1952;2;0
MUZAYIN;1;11.5.1951;1;0
HATICELI;3;14.8.1947;0;3
MERFUKE;1;11.4.1975;0;1
FAKUZA;1;26.5.1986;0;1
FEDAIR;5;4.1.1959;4;1
ORKIN;4;13.2.1989;4;0
YENERALP;1;26.5.1988;1;0
MAHURE;7;13.12.1951;0;7
SEVIYAT;3;21.9.1965;0;3
UCANER;7;14.5.1964;7;0
MAHIFIRUZE;3;13.6.1959;0;3
DILIBE;1;17.2.1972;0;1
SIPKAT;13;23.5.1958;12;1
NURNIL;4;22.10.1973;0;4
HIYATE;2;29.8.1966;0;2
USRIYE;2;4.8.1946;0;2
ULVIYA;5;18.1.1967;0;5
GULMERAL;10;4.8.1967;0;10
JALEN;5;23.4.1971;0;5
GURDUN;1;7.7.1958;1;0
ICILA;2;23.10.1948;0;2
RENGIM;9;8.3.1978;3;6
MUNFERIT;3;6.5.1949;3;0
DIRSAT;2;11.9.1975;0;2
YANEMIN;1;19.5.1974;0;1
ALDAN;7;6.4.1971;1;6
MERVEN;5;15.8.1986;1;4
INCEFER;11;15.4.1960;0;11
ALALETIN;1;22.4.1948;1;0
ZEHMI;2;6.12.1969;2;0
ESVANE;3;14.3.1966;0;3
NOAY;1;27.10.1956;1;0
MENENDIYE;14;29.4.1954;0;14
DILFIL;1;8.3.1973;0;1
GULNADIRE;1;16.6.1961;0;1
SEHEYLAN;1;1.4.1968;0;1
TURNER;5;30.4.1966;1;4
FEVZIHA;1;23.10.1934;0;1
SELET;3;19.3.1960;3;0
TOPAN;8;4.8.1948;1;7
FADAKAR;1;11.1.1974;1;0
ALIMUNIR;1;22.2.1961;1;0
DUREFIYE;1;6.2.1951;0;1
FAGAT;3;22.12.1956;0;3
CUFERIYE;37;2.10.1957;0;37
BEDCAL;1;19.6.1960;0;1
APPAN;1;23.3.1940;1;0
NEFHARET;3;1.3.1970;0;3
DUDUHANIM;6;4.3.1962;0;6
VASIBE;4;29.6.1966;0;4
TAZER;13;2.11.1960;4;9
GULZAHADE;1;24.2.1943;0;1
GULNAFIA;1;4.4.1940;0;1
MARGUERITE;4;29.5.1952;0;4
SELVERDONUS;1;22.7.1949;0;1
DERYADIL;2;10.3.1967;2;0
HIYATI;5;8.10.1948;0;5
IREHMI;3;8.5.1957;0;3
APPAK;1;2.5.1927;1;0
CUMHURBULENT;1;19.2.1975;1;0
ZEYYIDE;7;26.5.1954;0;7
SUYER;4;28.7.1957;2;2
NEZLIYA;5;27.6.1963;0;5
TURKUTAY;1;11.6.1982;1;0
HITEME;1;7.3.1958;0;1
NIMAT;17;17.11.1960;4;13
SIFRET;5;3.10.1958;2;3
TASVIRA;4;20.2.1953;0;4
INUFER;1;25.5.1964;0;1
GOLDALI;1;21.6.1959;0;1
VAHTANIYET;1;15.4.1970;1;0
ZEKILE;1;29.8.1974;0;1
HAKDILER;10;12.8.1981;10;0
COSGUL;6;19.11.1965;2;4
ILIKA;1;29.7.1965;0;1
SEHULLAH;1;24.1.1973;1;0
NUTTIYE;4;21.5.1959;0;4
FIRAN;3;5.8.1955;2;1
VERAYI;1;24.4.1973;0;1
UZEDIYE;5;12.5.1962;0;5
ATALER;1;21.12.1980;1;0
ZAVEREN;1;3.7.1967;0;1
GAMAR;4;17.2.1961;0;4
NARSIN;2;19.2.1971;0;2
DURUZADE;1;4.6.1956;0;1
BIRSAY;7;20.7.1972;5;2
MERZIKE;2;14.7.1942;0;2
ISMANIM;2;13.7.1960;0;2
USTACET;1;1.4.1964;1;0
ZUHIL;1;2.3.1967;1;0
NIJDAN;1;26.3.1965;0;1
TELTEL;1;21.6.1965;0;1
NESIT;3;27.9.1968;3;0
HITCE;1;11.1.1956;0;1
AYNUFER;2;10.6.1978;0;2
ZIDDIYKA;2;1.6.1961;0;2
RUZ;1;29.2.1942;0;1
TURAFI;4;22.8.1951;0;4
ATINUR;2;6.6.1981;0;2
SIVAYI;1;21.4.1984;1;0
NARIYMAN;1;4.10.1954;0;1
CAYLAYAN;1;2.6.1982;1;0
EREBIS;41;12.9.1954;0;41
DUMU;1;7.2.1958;0;1
SEHMIL;1;2.11.1971;0;1
NICAYET;1;27.2.1956;0;1
NURAKIN;3;13.9.1965;1;2
GIYAMA;1;2.3.1969;0;1
NECIVER;1;12.7.1965;0;1
SEGILE;1;10.7.1974;0;1
SAFAKNUR;19;18.10.1965;0;19
ZULHUDAR;1;13.11.1963;0;1
YUSSUF;10;6.7.1966;10;0
MAYONOR;1;6.10.1948;0;1
SEZMEN;5;7.6.1970;2;3
YANIFER;1;23.3.1967;0;1
AYSUBAH;1;1.6.1988;0;1
MENSER;17;4.1.1972;16;1
UZEDE;1;30.12.1973;0;1
GULURAY;4;19.10.1959;0;4
RAHIMIYE;8;25.1.1953;0;8
EPIR;2;26.7.1965;0;2
SEVIKER;2;12.9.1951;0;2
SEFIKAR;3;22.6.1948;0;3
YANUR;10;18.9.1977;1;9
DOLUER;1;10.2.1973;1;0
ZEKAYA;9;10.12.1950;9;0
SAFALATIN;1;26.1.1965;1;0
NURIYEN;8;14.9.1963;0;8
CEHANE;1;28.5.1962;0;1
SAHNUZ;2;30.3.1962;2;0
SEYISTE;1;9.7.1955;0;1
GULTEZIN;1;15.9.1955;0;1
SERINNEZ;1;19.9.1971;0;1
SITDIKIYE;1;23.3.1971;0;1
MAYNIHUR;1;9.6.1966;0;1
NIFIDIYE;4;3.4.1957;0;4
KULEY;1;7.8.1952;0;1
CANGUR;10;25.2.1970;9;1
BILLA;5;16.9.1959;0;5
KUNYEMIN;1;4.10.1962;1;0
USUYE;5;8.10.1957;0;5
ESENGUR;2;27.3.1960;0;2
NEPURE;1;15.2.1957;0;1
TUREYFI;1;27.2.1956;0;1
OGUZTURK;7;22.7.1977;7;0
KANIMAT;1;24.12.1971;0;1
ILBAL;1;26.7.1967;0;1
NUTTIYA;1;12.8.1935;0;1
NUTYA;1;2.4.1957;0;1
BAHAYITTIN;4;4.8.1955;4;0
GULHAZEN;1;8.9.1954;0;1
ZITTIK;4;20.8.1966;0;4
NUVERYA;1;29.5.1984;0;1
GULPERAN;1;26.11.1982;0;1
ETIFAT;1;2.6.1963;0;1
GULHILAL;6;4.10.1980;0;6
NESIRRIN;1;17.3.1954;0;1
HAPIC;14;3.6.1958;0;14
ATADURAN;1;6.12.1954;1;0
MAHURA;3;9.8.1960;0;3
OZBUG;2;16.10.1962;2;0
SAHKADIN;3;5.7.1941;0;3
DURBALI;2;19.3.1971;2;0
NASIFA;2;24.5.1955;0;2
EVCEN;1;16.3.1951;0;1
SELSEBIL;6;11.8.1974;0;6
ZUHTA;1;24.5.1942;1;0
SEVINER;12;28.9.1970;3;9
SEHFETTIN;1;1.11.1955;1;0
MEYTANE;1;6.3.1959;0;1
BINGU;5;27.4.1960;0;5
NEZIREN;2;3.10.1957;0;2
NURMIYE;3;13.2.1950;0;3
HALIMANA;1;16.8.1967;0;1
PINARAL;1;22.2.1961;0;1
HOPAN;70;16.11.1957;0;70
FECIHE;2;1.4.1963;0;2
GAFIR;1;9.4.1957;1;0
MURKIZA;1;1.7.1936;0;1
MEPRUS;1;27.7.1956;0;1
MUKUP;2;24.12.1941;0;2
NADIKAR;13;8.7.1962;1;12
PERILAY;5;14.6.1972;0;5
SAZINET;5;11.11.1946;0;5
MERIM;4;10.12.1966;0;4
GULLAN;2;26.4.1949;0;2
NARIMEN;8;9.6.1965;0;8
SEKIF;6;6.12.1970;6;0
TAVSIRE;3;12.6.1958;0;3
RIFADIYE;9;19.8.1957;0;9
ADTIKE;1;22.8.1969;0;1
MESYURE;1;22.1.1957;0;1
BERLAY;2;14.3.1969;0;2
HAYRATAN;1;26.10.1960;1;0
SANES;4;5.3.1971;1;3
RUVIKE;1;23.9.1935;0;1
VAIDDIN;4;20.3.1961;4;0
SERCEM;15;10.10.1984;7;8
BAGIM;2;23.4.1972;0;2
OSKAR;11;23.3.1980;11;0
LALECAN;6;7.11.1978;0;6
BURCAKHAN;1;14.5.1983;1;0
HURDAR;1;9.4.1981;0;1
MUSTEMA;1;26.9.1967;0;1
RANZAN;1;7.10.1961;0;1
NUVEL;5;8.12.1971;2;3
ERLIN;15;5.11.1976;1;14
NALVER;1;3.10.1969;0;1
CENKAN;3;16.9.1982;3;0
GUTFIYE;1;26.12.1971;0;1
ILTUR;1;10.11.1976;0;1
SALTER;4;3.6.1961;4;0
GIZEMSU;3;5.11.1982;0;3
YULE;1;19.6.1988;0;1
MUSTESNAN;1;5.4.1964;0;1
ICAN;3;9.11.1957;3;0
GULBASAK;6;23.2.1979;0;6
SABIN;11;1.10.1970;3;8
HANUMSE;6;13.6.1962;0;6
EBIYAT;1;4.6.1966;0;1
CISER;12;10.6.1981;0;12
GUREVIN;5;3.10.1944;2;3
LEDA;70;21.5.1974;0;70
ZULFISAH;6;10.3.1950;0;6
MUSAMETIN;7;6.6.1963;7;0
FERYUZA;1;24.12.1969;0;1
HERDOGAN;2;17.6.1970;2;0
GULSERHAT;1;7.4.1970;0;1
SABIRANA;1;3.2.1945;0;1
SOFFANE;1;21.4.1987;0;1
FEDANE;1;6.10.1979;0;1
H.TUFAN;1;17.11.1945;1;0
KIMYE;20;7.3.1956;1;19
FAHRUNNUSA;3;30.6.1960;0;3
IOULIIA;1;26.7.1976;0;1
ELBILEN;4;9.12.1977;0;4
ULDUZA;1;22.10.1973;0;1
FEVZINAZ;3;25.5.1963;0;3
ISBARA;6;2.2.1968;6;0
VESALI;1;7.7.1971;1;0
METTUN;1;26.5.1935;0;1
SEHNIYE;6;27.3.1959;0;6
FERHAYI;1;24.8.1961;0;1
ALAKSANDIR;1;6.11.1961;1;0
ZELAFET;4;1.7.1948;0;4
SETVAN;2;27.2.1963;2;0
ZURBER;1;22.3.1972;0;1
FEHIMETE;1;26.6.1983;0;1
KAYUM;13;24.12.1954;13;0
MINCIP;1;16.9.1963;1;0
ESMAFER;3;4.1.1963;0;3
ERBILEN;7;10.6.1979;4;3
ZAHMANUR;1;14.4.1958;0;1
NEFZER;1;2.4.1958;0;1
TOMRUK;5;10.11.1953;2;3
UMPE;4;27.8.1964;0;4
GULAH;1;2.10.1963;0;1
IDASE;2;9.8.1959;0;2
NILGE;5;6.11.1978;0;5
ANTONELA;2;30.11.1976;0;2
GUMRAHI;3;14.5.1951;3;0
BEKSUT;1;11.6.1974;1;0
BEYNE;2;8.5.1940;0;2
ILKTEM;3;29.12.1987;1;2
SERUS;3;27.3.1947;0;3
BAKSET;1;9.5.1975;1;0
TURKAR;2;28.3.1953;1;1
SEHBINUR;1;23.6.1955;0;1
CEMINA;3;19.9.1974;0;3
AVRAM;214;14.8.1944;214;0
ZULFERA;2;11.9.1943;0;2
MAHITER;2;20.2.1937;0;2
MUVETCEL;6;28.2.1954;0;6
MAHLAKA;1;17.8.1930;0;1
INEZ;13;17.9.1952;0;13
SASULU;1;1.4.1955;0;1
RIFSI;1;5.7.1963;1;0
ALTINISIK;7;19.9.1948;1;6
ERGUDERCAN;1;2.6.1991;1;0
MEYLIN;19;14.1.1984;0;19
GOKCEMIN;2;28.11.1985;0;2
MEYCEM;5;3.5.1982;0;5
HAYTUNC;1;11.9.1972;1;0
CELALBEHAR;1;24.7.1955;1;0
ZEKARET;3;20.3.1956;0;3
ABLUM;1;25.9.1977;1;0
GULFEZE;5;10.6.1947;0;5
NEYIN;2;1.10.1970;0;2
KUTEL;4;4.8.1958;2;2
MECEL;3;15.12.1966;0;3
OZBAG;2;2.2.1976;1;1
NIBIYE;1;8.1.1963;0;1
GOMIDAS;1;25.9.1987;1;0
JANAN;5;9.6.1969;0;5
BAKITURK;1;7.1.1957;1;0
NURIPER;3;18.8.1955;0;3
TARIHAN;3;30.7.1963;0;3
BENEYSE;1;1.1.1962;0;1
NASID;8;30.4.1961;8;0
GULLASVIYE;1;30.4.1969;0;1
AYLUN;2;22.5.1979;0;2
ELICIN;2;24.1.1979;1;1
HEPISE;1;27.7.1974;0;1
CELALEDTIN;8;5.9.1959;8;0
FETNUR;19;26.8.1968;2;17
MUBECCET;4;15.12.1953;1;3
MURBANE;1;18.3.1953;0;1
IMAAN;4;23.2.1976;0;4
ELFIRA;2;13.4.1965;0;2
GULEZIZ;1;6.8.1968;0;1
GOKSUCAN;1;22.9.1988;1;0
ANTOANETA;3;14.9.1977;0;3
ILKTUG;4;9.5.1986;4;0
REHAGUR;1;26.2.1991;1;0
TEFKIFE;1;16.3.1946;0;1
ARSEZ;2;27.8.1958;1;1
HASANMURAT;2;26.7.1977;2;0
DIGIYE;1;21.4.1956;0;1
SEMCEN;1;18.10.1980;0;1
ISILDAR;1;29.2.1988;1;0
ECEGUL;13;25.9.1980;0;13
KUTLUKAGAN;1;4.3.1974;1;0
BEHAL;5;19.9.1969;0;5
DOLUN;12;14.8.1963;9;3
FURUG;2;18.12.1964;0;2
SARIM;6;8.4.1967;6;0
MEHMETABID;1;11.4.1962;1;0
CANDENIZ;23;16.10.1984;20;3
GULRAH;3;21.11.1968;0;3
GULNARIYE;13;12.11.1962;0;13
UGURSER;2;1.1.1961;0;2
AYBATUR;2;18.10.1989;2;0
SABAHGUL;32;22.10.1971;0;32
ULFIE;1;24.5.1983;0;1
HURMUSER;2;25.2.1954;0;2
SAHANDIS;2;14.1.1965;2;0
IRIZBAN;3;16.11.1942;0;3
HALITPASA;2;22.9.1976;2;0
BAYEZID;10;30.1.1972;10;0
AYLI;4;3.5.1982;0;4
GUNESSER;1;10.2.1984;0;1
BAYZIT;14;16.10.1949;14;0
FEYZINAZ;1;13.4.1979;0;1
GULIYAN;5;5.1.1976;0;5
NACDAN;1;6.9.1929;1;0
DENNUR;1;2.10.1970;0;1
REHMIGUL;2;30.3.1969;0;2
EDIE;1;28.8.1961;0;1
GUNHAY;3;21.12.1954;1;2
MAYAR;1;3.9.1977;1;0
NURSENETTIN;1;29.12.1949;1;0
YUMIL;1;20.3.1976;1;0
CANSARP;1;15.7.1989;1;0
SEVERCAN;42;19.5.1965;4;38
IJLEL;4;5.4.1965;0;4
APTULAZIM;2;13.2.1965;2;0
ANIT;14;9.5.1977;11;3
URFADIN;1;7.2.1949;1;0
BAHKIYE;3;1.6.1965;0;3
SAVSER;1;10.6.1951;0;1
ERGIZ;9;24.4.1973;2;7
AYTERIM;9;8.3.1947;0;9
HELMIYE;8;29.6.1959;0;8
SEDVAN;23;17.5.1963;23;0
TURGA;3;26.1.1969;3;0
SAVCAN;3;27.7.1969;0;3
NURIJA;3;18.3.1969;0;3
EFTALIN;1;6.2.1981;0;1
SUHIL;8;10.11.1955;6;2
GAZANHAN;1;2.12.1962;1;0
ILKUTAY;5;22.8.1981;5;0
MIHRIBANE;2;23.9.1953;0;2
EFGAM;1;9.2.1971;1;0
MISME;1;1.11.1950;0;1
REFIKSADIK;1;17.6.1979;1;0
ABDULHABIR;3;21.2.1974;3;0
REZHAN;4;3.9.1964;0;4
BILKIBAR;1;24.10.1971;0;1
NABIH;1;11.2.1978;1;0
ELIRAHMAN;1;2.8.1975;1;0
RUMASE;1;27.2.1950;0;1
GILAFER;1;24.9.1986;0;1
GULZAHDER;1;2.12.1955;0;1
VEYSAT;5;13.3.1964;5;0
GUNAYDI;2;16.2.1964;1;1
FERUZI;2;24.1.1955;1;1
HULVUYE;1;18.7.1966;0;1
ANASTAS;15;13.12.1950;15;0
EZOM;1;15.2.1978;0;1
REGAYUP;1;14.2.1965;1;0
NESFET;5;28.6.1955;2;3
NEGI;3;30.7.1958;2;1
BILBIN;3;1.11.1962;0;3
NEBAYIR;2;12.3.1953;0;2
MUTEZEM;6;23.12.1968;0;6
MISEMMA;1;3.10.1973;0;1
VAADETTIN;4;1.9.1978;4;0
SUBUHAN;14;5.9.1973;0;14
ERZUN;3;18.6.1969;2;1
VEZATTIN;1;1.12.1956;1;0
NEBII;7;5.9.1968;7;0
BIRSUA;3;17.2.1978;0;3
MUKERREMIYE;5;28.1.1947;0;5
SUCUADDIN;1;8.2.1956;1;0
KEBIRAN;12;26.6.1969;0;12
NAIMENUR;1;13.11.1990;0;1
MEBRUS;17;9.1.1982;0;17
MEHRAL;3;11.5.1970;0;3
SALER;7;8.1.1965;6;1
SEBIHNUR;1;17.8.1930;0;1
SANIS;8;4.5.1958;0;8
CUMRUTE;1;22.8.1937;0;1
LIDAR;1;19.7.1963;1;0
MUDIYEN;1;14.6.1957;0;1
ACAN;8;28.6.1961;4;4
NAHMI;2;16.8.1967;2;0
ROUMIANA;2;2.11.1969;0;2
SERGULAY;2;24.4.1978;0;2
BIRMEZ;1;2.2.1975;0;1
JIVKA;2;8.9.1952;0;2
MUHAYYE;11;30.9.1959;0;11
GULERBA;2;25.2.1953;0;2
YAGDIGAR;9;16.6.1964;0;9
GONC;6;25.11.1978;6;0
RAHIGEN;1;22.11.1960;0;1
RAHYE;1;27.3.1950;0;1
BERIS;5;22.6.1987;1;4
TZVETA;1;29.7.1968;0;1
ZIMER;3;28.4.1944;2;1
FERZADIYE;1;6.7.1937;0;1
EDILME;1;13.5.1952;0;1
DELFIN;14;29.2.1981;0;14
SEKKUR;1;23.1.1966;1;0
ARBAK;6;14.11.1953;6;0
NEZAI;3;1.8.1966;2;1
SERAFIN;1;9.4.1971;0;1
SUNTER;12;9.3.1953;2;10
FEVKIN;1;15.12.1967;1;0
BALIG;1;17.8.1991;1;0
CHENIS;1;15.12.1970;0;1
IYI;2;19.10.1948;1;1
HULASA;18;22.8.1946;0;18
VEHBER;4;18.4.1953;4;0
SELVENUR;1;11.3.1976;0;1
ERDINAN;1;22.3.1986;1;0
ZEYNELIN;1;14.10.1961;1;0
AYVERDI;1;14.9.1963;1;0
MELVIN;5;16.7.1981;0;5
SEHDIN;1;11.6.1970;1;0
FERDINC;3;20.3.1972;3;0
SANDIM;6;27.6.1973;0;6
SECCAN;7;20.9.1969;3;4
RUBAI;1;14.10.1946;0;1
SEZHAN;2;2.5.1984;1;1
TAMMAM;1;7.8.1964;1;0
NEBATIN;13;19.12.1964;13;0
ONDAY;7;12.4.1979;7;0
DIMITRO;23;13.3.1954;22;1
BEYCI;2;5.11.1964;1;1
ELITSA;1;5.10.1978;0;1
NEVRESEL;2;17.9.1969;0;2
ASNIYE;13;7.6.1962;0;13
KINYA;1;23.9.1990;0;1
BEMA;5;27.5.1975;0;5
AYISIK;6;10.2.1968;1;5
CEZMIHAN;3;26.12.1977;3;0
BERUL;9;12.12.1963;6;3
GUHERGUL;2;16.11.1968;0;2
JANBOLAT;1;17.7.1962;1;0
NADEMIN;3;8.4.1962;2;1
TOKTAY;4;22.1.1958;4;0
MUENSER;1;23.12.1965;0;1
SADIFI;1;26.7.1972;1;0
SEYDAZE;3;9.2.1965;0;3
AYTIBEN;1;28.11.1973;0;1
MESILSA;1;3.4.1976;0;1
SELMAG;3;20.9.1969;0;3
FERSEN;4;19.8.1965;4;0
NIDET;1;2.9.1968;1;0
ASMARA;1;27.2.1981;0;1
RUCIYE;16;29.4.1963;0;16
GULSECIL;4;12.7.1968;0;4
ANLAS;3;24.1.1983;2;1
SONCAG;1;26.5.1968;0;1
KONSTANTIN;9;26.2.1966;9;0
KALPTEN;27;29.6.1975;0;27
DEHEN;12;13.4.1973;0;12
MUMUNAT;5;20.2.1969;0;5
SUHAIP;9;1.11.1969;9;0
BEYTAZEM;1;30.11.1969;1;0
CEMRAH;3;10.1.1988;2;1
NUFEZA;1;17.4.1954;0;1
LENASI;1;22.10.1973;1;0
SEVDIKA;2;9.4.1956;0;2
BEDRIMEN;1;17.11.1936;0;1
SUBAN;11;24.1.1974;8;3
FATAHAN;5;16.12.1963;0;5
EZGITAN;1;14.3.1989;0;1
DIKREN;2;18.10.1971;2;0
IFTADI;5;13.12.1967;4;1
MEKURE;2;29.11.1972;0;2
GUNERSEL;1;26.12.1975;1;0
MIOARA;6;8.5.1968;0;6
SEVGULER;14;11.2.1974;1;13
MUMUFE;1;27.3.1956;0;1
GUNESELI;1;29.6.1964;0;1
GOGKAN;1;21.2.1971;1;0
SAHZIMENT;3;19.7.1955;0;3
ZEBRUYE;2;5.5.1962;0;2
NAZLIN;1;11.6.1949;0;1
IKREMEN;1;28.10.1963;0;1
GUBET;1;19.4.1988;0;1
GULBEDIHA;2;24.9.1948;0;2
HALEDDIN;3;15.3.1971;3;0
NILAYET;2;5.6.1981;0;2
NURBIYEN;4;27.12.1961;0;4
FERHIMDE;3;19.12.1944;0;3
NEVZADIYE;10;6.12.1956;0;10
ZULUFA;14;19.2.1971;0;14
WALBURGA;1;18.4.1948;0;1
RUHIDIN;3;15.6.1972;3;0
MAYEME;1;6.9.1977;0;1
REYEGAN;1;27.10.1965;0;1
GIRSEN;3;29.3.1978;0;3
MEHMIS;2;17.6.1963;2;0
MURHANE;1;24.2.1955;0;1
DILBENT;6;12.2.1967;0;6
AHMIDIYE;1;13.7.1932;0;1
ALDUN;5;15.3.1968;4;1
HUSETTIN;2;14.6.1963;2;0
DINNAR;1;10.5.1970;1;0
MELIKEN;5;21.6.1968;0;5
CANATIN;1;5.2.1979;1;0
MUIP;1;6.7.1935;1;0
SALVET;5;21.3.1947;2;3
ECRE;4;15.2.1989;0;4
EMITE;5;21.7.1964;0;5
SELMAH;12;9.8.1966;0;12
KUBRAH;2;16.1.1986;0;2
FARET;8;8.4.1954;8;0
MUSBANI;1;2.2.1945;0;1
SUTKAN;2;20.4.1952;1;1
SAHFETTIN;5;27.11.1962;5;0
BURHAY;1;1.12.1991;1;0
DAZIYE;1;22.8.1931;0;1
ZIYNIS;12;2.2.1954;0;12
GUNNEBAR;1;17.2.1966;0;1
BACIDE;1;26.9.1941;0;1
NEBAHU;1;3.11.1963;0;1
GARIPSEREN;1;17.1.1966;0;1
MUNEHSER;2;12.12.1955;0;2
ZERCEHAN;3;19.11.1966;0;3
BEYNEZER;1;22.8.1925;0;1
SEVINCEN;4;30.7.1961;0;4
GULDEFIRET;1;14.5.1951;0;1
SEZAKER;1;11.2.1952;0;1
MUETCEL;1;23.2.1956;0;1
SEYYIDEGUL;3;14.12.1929;0;3
CERRIN;1;11.2.1985;1;0
YAKUL;1;27.8.1971;1;0
SEBIS;6;26.9.1945;0;6
MUCERREM;1;17.3.1966;0;1
NADISER;1;27.1.1955;0;1
IFAT;7;12.5.1953;2;5
NEBAHIR;1;30.12.1958;0;1
MURVANI;1;1.10.1948;0;1
VELISAH;2;12.12.1966;2;0
RIZAFET;1;17.8.1936;0;1
GULBAHNE;1;23.5.1951;0;1
SEYFUS;2;11.5.1955;2;0
SERPINAZ;13;9.6.1973;0;13
BEDAIYE;1;1.1.1;0;1
IDIHAN;1;22.8.1931;1;0
GULBEYDIYE;1;27.10.1962;0;1
SERDAH;3;21.12.1971;0;3
BINNAIM;1;4.4.1957;1;0
NEBAI;1;27.12.1954;0;1
SIGVAYET;1;6.2.1956;0;1
HURFET;15;13.8.1951;1;14
RUGZAN;16;6.3.1968;0;16
SEZAYIDDIN;1;29.6.1959;1;0
KUBAN;6;11.11.1984;6;0
MENDRES;6;18.9.1974;6;0
AVRIZAK;1;16.7.1975;1;0
GEYLU;1;26.9.1940;1;0
KAMURRAN;4;27.5.1985;3;1
DUSEN;1;2.5.1991;0;1
PAMAK;2;20.7.1971;0;2
EVIYE;2;16.12.1948;0;2
VERCAN;8;22.1.1970;4;4
KADURIYE;2;3.7.1966;0;2
IBADI;22;30.7.1962;20;2
IDOS;2;21.8.1961;0;2
CHIRMIN;1;9.7.1954;0;1
KEVNIN;2;27.6.1941;2;0
MOHMET;2;3.9.1978;0;2
RAHUT;1;26.10.1953;1;0
ZELNA;1;7.8.1946;0;1
HEMETI;4;10.1.1940;0;4
HARZU;3;9.12.1944;0;3
TESFIYE;12;20.8.1959;0;12
MISKE;6;12.8.1952;0;6
HASMEDDIN;2;5.10.1959;2;0
UVERYA;1;27.3.1980;0;1
SEVABIYE;3;22.4.1971;0;3
SERIFHANIYE;1;8.3.1956;0;1
MUBAREN;1;26.6.1967;0;1
RUSENE;3;8.3.1949;0;3
SIDDIYGA;2;5.4.1966;0;2
MUKNESEL;1;18.12.1966;0;1
NEZAREDDIN;2;24.4.1943;2;0
SELARIF;1;12.2.1977;1;0
GULFEZER;3;21.5.1952;0;3
HUDAVETTIN;1;17.11.1948;1;0
SEBAHETA;2;19.8.1967;0;2
GULSAYE;1;24.2.1967;0;1
NURSEBIL;3;5.2.1986;0;3
ALAHEDDIN;10;27.11.1959;10;0
SAENDE;3;2.7.1956;0;3
ECEBIYE;1;1.6.1959;0;1
MUSINAT;1;16.12.1952;1;0
SEBAHIL;2;10.10.1961;1;1
BEYMIN;1;1.5.1976;1;0
SAHSIMEN;3;10.1.1979;0;3
GULLUZER;9;15.5.1964;0;9
BAIRE;12;17.8.1953;0;12
VEZATIN;1;27.8.1938;1;0
HUDAIYE;8;16.1.1945;0;8
SEVNEZ;1;14.5.1977;0;1
AYBAHAR;8;24.8.1964;0;8
MUCAYIH;1;27.1.1974;1;0
TESELLAH;1;25.4.1989;0;1
AKKISI;1;22.5.1973;1;0
NUHUDIYE;4;5.9.1963;0;4
MUDDIN;3;22.8.1958;3;0
GUCUN;3;17.5.1958;0;3
ALPTIMUR;3;5.11.1989;3;0
EMYAN;1;13.3.1947;0;1
HERCIN;1;11.11.1971;0;1
OZDAR;6;23.7.1967;5;1
FERIYYE;4;30.7.1947;0;4
VEDIM;1;21.4.1975;1;0
MUZEYER;2;5.6.1947;0;2
TEGMINE;1;9.12.1967;0;1
MINAZIYE;1;12.8.1929;0;1
SEHSUDE;3;10.5.1961;0;3
MUKANBER;1;8.9.1934;0;1
MUKATDIZ;3;12.10.1964;0;3
HEMRULLAH;1;17.11.1966;1;0
ZIHNETI;19;23.12.1955;0;19
GULLUSEFAR;1;29.1.1962;0;1
RUMIS;1;11.6.1934;1;0
NEZAFAT;3;5.9.1973;0;3
MEYZINE;6;23.4.1952;0;6
RUKSEL;6;27.1.1956;0;6
NELIFER;11;29.3.1960;0;11
BEYRA;20;19.10.1956;0;20
LUKSAN;9;18.10.1957;0;9
PATI;7;24.9.1952;0;7
MURVANE;1;17.8.1924;0;1
YELSEMIN;1;16.10.1968;0;1
SELMINAR;1;17.10.1963;0;1
SELVIS;3;1.7.1952;0;3
EPRUH;1;3.2.1975;0;1
VAADDIN;1;23.5.1935;1;0
NEVRANIYE;2;6.1.1983;0;2
UZEIME;1;22.4.1958;0;1
NEHVEDA;1;5.7.1956;0;1
SUTCE;4;22.7.1956;4;0
MURKANE;1;17.2.1954;0;1
MUNESFER;1;21.6.1933;0;1
MURBANI;2;17.9.1950;0;2
MURMET;1;12.8.1935;0;1
VENSER;1;9.3.1942;0;1
NURDUGAN;3;20.12.1966;3;0
NECLAH;9;2.11.1956;0;9
FELIH;1;26.2.1942;1;0
SEHRIYAN;1;13.6.1937;0;1
SUMREN;5;9.10.1967;0;5
RUHANGIZ;11;8.7.1970;0;11
GULSURA;3;20.11.1963;0;3
GULZAYIDE;2;19.12.1960;0;2
NEBUVET;2;11.2.1943;1;1
SEYIDENAZ;1;6.9.1966;0;1
INAYETGUL;1;11.7.1969;0;1
IMMAS;1;14.2.1934;0;1
NIYYAR;1;16.2.1938;0;1
FAHRIZ;7;3.1.1960;7;0
GALIMET;4;22.9.1952;0;4
GUNNEFER;3;23.12.1965;0;3
FESUDE;54;25.9.1962;0;54
MURVEL;2;25.12.1972;0;2
FATIE;1;22.10.1964;0;1
GUNNUFER;1;21.11.1982;0;1
MUEZZIME;1;21.4.1946;0;1
RUHSADIYE;2;28.3.1959;0;2
HUDADIN;1;13.7.1951;1;0
MUEDDER;5;20.7.1953;0;5
VEHCIYE;2;20.11.1953;0;2
AYINUR;9;13.8.1958;1;8
RAHIGAN;2;1.11.1939;0;2
SANURIYE;5;30.10.1952;0;5
MUSTEZAT;1;15.1.1965;0;1
GULSAHIYE;2;14.7.1957;0;2
NUHTAC;1;3.12.1989;0;1
ZELIMHAN;2;11.6.1985;1;1
UMUKUL;1;18.1.1960;0;1
HAKIGA;2;8.8.1942;0;2
GULCA;12;26.8.1974;0;12
MEVVAS;3;8.10.1949;3;0
SAHSIGUR;1;11.2.1961;0;1
MEHREMA;3;26.1.1956;0;3
KURULTAY;19;15.2.1962;15;4
CEVIRYE;2;5.8.1979;0;2
ERBUL;5;13.11.1970;5;0
M.METIN;6;9.11.1956;6;0
METAHIR;1;3.8.1963;1;0
REFAYDIN;9;29.1.1959;9;0
ULUSER;11;6.11.1961;1;10
ZIMAN;2;10.3.1938;0;2
CANGIRAY;2;15.7.1981;2;0
MIGRI;1;23.2.1976;0;1
KADIREYE;5;16.12.1961;0;5
NEZIYEN;1;29.5.1981;0;1
SEBAHATTTIN;2;10.2.1971;2;0
SEFATUN;7;25.10.1977;0;7
GULLUAN;1;15.1.1956;0;1
ZEMHER;2;24.6.1942;0;2
TEMINER;2;15.12.1968;2;0
MUHAZIBIN;1;22.2.1965;1;0
NEFURIYE;1;21.1.1981;0;1
BEZIT;3;21.1.1959;3;0
RADVANIYE;1;26.12.1953;0;1
REVAIT;2;14.1.1969;2;0
CENISE;1;2.2.1963;0;1
MUAZZIBIN;1;2.2.1957;1;0
GULZEKRIYE;2;21.11.1961;0;2
SERIYEN;1;13.2.1964;0;1
HATFET;1;1.2.1959;0;1
RAMIHA;10;13.4.1957;0;10
MEYYAM;3;28.10.1969;0;3
AYATI;10;14.11.1959;10;0
HASAME;1;27.5.1934;0;1
SEHZAI;1;24.2.1952;1;0
MINASIYE;7;10.1.1960;0;7
MARUZE;5;10.5.1940;0;5
NESRUL;5;12.11.1957;4;1
ORANIYE;1;25.11.1966;0;1
ILAHIM;2;12.5.1967;2;0
KARHANI;1;9.3.1980;1;0
BEYIHAN;8;15.9.1964;0;8
MEZDE;5;4.1.1956;0;5
GULERMIN;8;5.2.1969;0;8
SEZAMETTIN;2;22.12.1960;2;0
BINNASE;3;21.12.1959;0;3
ALISADAN;1;30.4.1956;1;0
LALEGAN;2;12.5.1962;0;2
ALICO;3;9.4.1963;3;0
ESGAN;1;22.2.1967;1;0
URFER;1;14.2.1965;0;1
MUSTADIN;2;1.10.1981;2;0
ILBAZ;4;27.10.1968;4;0
ADILEN;5;1.2.1966;5;0
GULBEYTI;1;14.5.1951;1;0
NASIL;2;17.1.1978;2;0
CEYHANE;3;17.12.1971;0;3
SEYMIYE;8;26.2.1966;0;8
MATIME;4;7.5.1969;0;4
MEDDET;6;13.10.1979;3;3
SAYSI;1;2.8.1921;0;1
GULSADET;5;3.1.1968;0;5
HAKEME;2;1.11.1938;0;2
NEFSAR;1;13.10.1948;0;1
ATVET;1;12.8.1941;0;1
EMRUHI;2;20.9.1969;1;1
INMITTIN;1;2.2.1957;1;0
BIGUN;1;4.11.1976;0;1
AHMEDDIN;3;13.6.1962;3;0
MUHEDET;4;23.9.1961;0;4
SULEYMANSIRRI;3;17.3.1944;3;0
MEDAAT;2;21.5.1963;0;2
DURYAMIL;1;18.12.1969;1;0
DILAVERIYE;1;3.2.1977;0;1
RAKUM;1;16.5.1960;1;0
SINUS;1;26.2.1953;0;1
DARSA;1;11.9.1958;0;1
MUKAMIL;1;22.10.1960;1;0
LEVUZE;6;8.12.1965;0;6
BEDAG;1;21.9.1989;0;1
VACIYE;3;24.1.1953;0;3
AVIKE;16;18.7.1943;0;16
NIRA;5;25.7.1942;0;5
CISMIYE;3;11.8.1954;0;3
BICKIN;4;11.8.1981;4;0
MUBERRAK;4;20.4.1942;0;4
HIDIRSAH;2;24.9.1982;2;0
UMZADIYE;1;29.4.1967;0;1
SEVGUNAZ;6;7.9.1962;0;6
URMUZ;18;10.10.1952;0;18
HALIYAZ;4;24.9.1967;0;4
CIDAM;6;16.1.1976;0;6
ZALKIF;24;10.4.1966;24;0
BIRISAN;7;4.2.1957;0;7
SERIHKE;1;16.1.1959;0;1
MOSUNE;1;13.4.1960;0;1
NAYLIYE;7;2.8.1966;0;7
ENGINAN;1;5.6.1984;0;1
SUREC;5;8.11.1980;3;2
NERIHSUL;1;17.7.1966;0;1
ISTIGBAR;1;2.6.1977;1;0
MAMAN;10;17.7.1948;0;10
MUSEYNA;7;2.3.1980;0;7
BEDRIHA;1;26.6.1966;0;1
SUNEY;5;15.11.1966;1;4
GURZALP;2;30.3.1981;2;0
SELVIDAN;2;5.11.1972;0;2
ZEVCEN;4;28.3.1963;0;4
ONARAN;3;14.12.1964;3;0
HORAL;1;17.3.1960;1;0
BAGRIYE;4;4.5.1957;0;4
RUKREDDIN;1;15.5.1953;1;0
SENSEVER;5;10.12.1968;1;4
MUHADIL;2;28.6.1970;2;0
OSMANCIK;1;27.4.1944;1;0
KERMUS;14;28.5.1946;0;14
SANSIGUL;15;24.4.1972;0;15
MIYADE;11;21.10.1951;0;11
NAZELDE;5;20.4.1960;0;5
VURGUL;5;20.2.1970;0;5
SEHMAT;1;11.4.1962;0;1
UNNIYE;1;27.2.1972;0;1
HALAKAN;1;23.6.1969;1;0
SARFET;3;30.12.1956;1;2
MIDDER;1;20.12.1964;0;1
DOGUSHAN;15;12.7.1988;15;0
GULBINUR;3;28.12.1978;0;3
ZEKIME;9;24.8.1958;0;9
ZIGVER;1;7.8.1934;1;0
HUTKU;1;16.1.1958;1;0
RIFAN;21;28.4.1963;15;6
ERSAYIM;5;22.3.1975;5;0
BAHDIYER;3;10.7.1976;2;1
MEDINEGUL;4;28.10.1967;0;4
RUMIZ;1;21.11.1964;0;1
EREYFE;1;30.4.1968;0;1
ALVIYE;8;6.3.1960;0;8
MEBIYE;4;15.4.1967;0;4
NEJNUR;2;2.7.1977;1;1
VECIA;12;29.5.1958;0;12
SELCANGUL;1;6.4.1984;0;1
ESENNURAY;1;12.8.1969;0;1
ONKAL;1;26.8.1959;1;0
SEYYIDDIN;2;28.3.1966;2;0
MUVEDDIN;1;1.12.1973;1;0
FATHAN;19;10.8.1953;1;18
IBROS;9;5.2.1961;9;0
FERANNUR;1;26.1.1974;0;1
HARIKAN;3;30.12.1972;0;3
PLANUR;1;15.6.1973;0;1
MUZNE;2;28.4.1965;0;2
CANTORAY;1;8.1.1972;1;0
NALAHA;1;20.7.1958;0;1
FESLAN;1;9.2.1947;0;1
OZALTAN;11;12.9.1967;7;4
MIGLENA;2;4.8.1970;0;2
GUNSELVI;1;22.12.1967;0;1
SALEM;4;16.4.1959;1;3
YARKENT;1;27.9.1970;1;0
KERMOS;4;6.10.1954;0;4
NURAKAN;3;20.1.1961;1;2
YILDIRIY;1;16.2.1973;1;0
HADNAN;1;14.5.1977;1;0
NECEDET;1;22.2.1967;1;0
SELAYIDDIN;2;27.5.1956;2;0
SALIHYE;1;18.4.1938;0;1
SAMETBAKI;1;26.7.1971;1;0
MUNASER;5;1.9.1955;0;5
KURAN;5;10.1.1969;4;1
EYKUN;1;20.6.1973;1;0
MUCIHAN;1;6.4.1965;0;1
KEZMAHAN;1;11.1.1977;0;1
ZIYNULLAH;1;2.1.1963;1;0
ILKDENIZ;1;19.2.1978;0;1
EMRUBA;1;6.3.1989;0;1
HAMMAR;1;6.8.1986;1;0
NETAFER;1;6.10.1936;0;1
ILBERS;1;2.4.1975;1;0
NAHZAN;3;22.3.1969;0;3
AFFAT;2;20.2.1959;1;1
MUKKERIYEM;1;25.11.1959;0;1
SERPE;5;14.6.1988;1;4
NELBA;2;17.7.1966;0;2
HUMMU;8;6.4.1954;0;8
FEYKAN;4;11.6.1975;2;2
ERTURUM;3;8.10.1956;3;0
BATUMHAN;1;25.12.1989;1;0
IRFAZ;2;22.11.1961;1;1
GULDET;1;23.6.1974;0;1
ELHAMI;26;9.11.1961;24;2
AYDUAN;1;6.10.1966;1;0
REZIM;1;17.8.1936;1;0
IRIZVAN;2;24.9.1963;2;0
TEYIN;7;10.12.1955;7;0
NADIDDIN;1;16.7.1945;1;0
ABBE;7;7.8.1961;0;7
CEYA;1;21.6.1964;0;1
HULAFE;1;16.4.1961;0;1
VERDINAL;1;1.4.1961;0;1
IMUT;9;2.9.1973;9;0
MUHABBE;2;20.5.1960;0;2
SUHUL;3;16.8.1967;2;1
SEVERINA;3;18.1.1973;0;3
YAGSER;3;23.6.1965;0;3
LIBABIYE;8;24.4.1947;0;8
SEHERGUHER;1;26.8.1943;0;1
HAYTUL;2;22.8.1967;0;2
SEYDENUR;2;2.6.1977;0;2
REFIKAN;4;3.7.1964;0;4
BAZMI;1;16.1.1952;1;0
NIYAFETTIN;1;3.3.1975;1;0
SEDATIN;3;17.4.1964;3;0
MUNUZ;6;18.11.1955;1;5
IZABER;3;10.2.1946;0;3
MISKANE;1;28.12.1961;0;1
SUHFEYLA;1;4.7.1966;0;1
YUKSENAY;1;27.3.1962;1;0
GULFES;3;18.2.1955;0;3
VEYDIYE;2;27.11.1959;0;2
MUFERRIYE;6;6.5.1946;0;6
AYESTE;1;3.8.1928;0;1
NERAY;9;11.1.1982;0;9
SEVDISAH;1;20.2.1972;1;0
BINNAZE;12;28.3.1948;0;12
VEIZ;9;18.9.1956;9;0
FARINAZ;4;16.6.1957;0;4
ANISOARA;23;12.4.1972;0;23
MEMRUYE;1;29.4.1966;0;1
HUDAT;2;18.3.1947;1;1
EFRAHIL;8;21.10.1965;8;0
ZAMIYE;2;18.12.1960;0;2
MORSUDE;1;7.2.1959;0;1
BERZA;7;21.10.1978;0;7
BEYYIYE;4;18.7.1962;0;4
GULBEDA;2;6.8.1956;0;2
HELIFE;2;6.2.1965;0;2
MAHREME;2;4.3.1944;0;2
BEYTIH;1;9.1.1946;1;0
MEYDINE;1;6.11.1956;0;1
SEYNURIYE;1;21.4.1960;0;1
CUMAZI;2;15.8.1954;1;1
MUSFEDES;1;11.7.1973;0;1
ZERGUYER;1;24.5.1961;0;1
ZAYDIYE;1;6.11.1942;0;1
NECIMSER;17;3.2.1962;0;17
KIMETA;6;18.2.1960;0;6
HUZO;1;22.8.1931;1;0
BOGU;2;7.7.1982;2;0
MUDHAT;2;14.3.1958;2;0
TAFIKA;4;14.7.1959;0;4
GULBAZIYE;2;23.1.1948;0;2
MERGUSKALE;1;26.2.1952;0;1
GULLAYET;1;28.10.1970;0;1
MEMZUGA;1;11.3.1939;0;1
VELMIYE;1;12.3.1934;0;1
ILKBAHAN;1;17.12.1972;0;1
MEVKUDE;1;22.8.1955;0;1
MUBEDCEL;9;28.10.1956;0;9
KASETTIN;1;11.10.1987;1;0
GULVIDE;1;24.12.1962;0;1
EBRUNUR;22;19.1.1984;0;22
PARVANE;2;26.9.1967;0;2
CEVATI;1;11.8.1959;1;0
NURHAYAN;3;18.4.1963;0;3
RAGILIA;1;14.5.1975;0;1
ZULFERIT;1;6.12.1949;0;1
MENEN;7;28.2.1973;3;4
GULFESNI;1;10.3.1950;0;1
ZEMNA;1;18.9.1966;0;1
VELIDAN;2;22.12.1958;0;2
MUHAMMERE;7;20.5.1957;0;7
NEVVIM;1;19.2.1962;0;1
BAHATIYAR;1;11.4.1968;0;1
URSAY;2;26.3.1983;2;0
MUZEER;3;16.3.1956;0;3
NUHTEREM;1;10.4.1963;1;0
GULZIDE;32;17.7.1954;0;32
MUSERRIT;1;26.1.1937;0;1
VIRDES;4;1.5.1971;0;4
MUZME;5;3.7.1954;0;5
MENIFER;1;20.1.1956;0;1
LUSE;3;30.10.1966;0;3
EHADE;3;4.3.1950;0;3
MUKADDIZ;6;30.11.1955;0;6
SAFFADE;4;23.4.1962;0;4
YAGSIMIN;1;11.9.1973;0;1
MUEDET;4;5.6.1959;0;4
GULLUZARI;3;16.10.1965;0;3
NIYAZER;3;20.3.1957;0;3
REMIKA;1;11.5.1937;0;1
AYTUGBA;4;13.1.1983;0;4
SADETKA;1;28.3.1977;0;1
MUNEKBER;1;9.4.1941;0;1
TESBITE;2;17.10.1950;0;2
MAADEL;2;19.1.1951;0;2
MIZIME;2;28.5.1956;0;2
ACZE;1;18.7.1954;0;1
SENPINAR;1;11.2.1979;1;0
NECZA;1;26.1.1957;0;1
MUSEYYET;2;9.8.1956;1;1
SONGUNAY;2;16.8.1973;1;1
ISBILIR;3;19.6.1940;1;2
MUJGELEN;1;7.7.1968;0;1
AVDIYE;7;28.7.1954;0;7
IRGUVAN;1;14.9.1988;1;0
ZIRIFE;16;22.9.1963;0;16
SELPI;2;20.4.1967;0;2
BUYUSEN;3;20.11.1961;2;1
CIDAL;15;24.1.1963;8;7
NIHZI;1;29.8.1985;1;0
GOZUM;5;7.10.1978;0;5
LEHIMAN;3;6.6.1946;0;3
NURIDTIN;5;1.2.1959;5;0
VILDEN;6;22.10.1967;0;6
LAHMIYE;2;6.8.1955;0;2
RUAN;2;20.6.1952;0;2
SENIFE;6;20.10.1949;0;6
KHIRDA;1;30.2.1976;0;1
DUACI;2;1.6.1946;2;0
BAKHIRA;1;7.7.1965;0;1
EMIRGULSUN;2;6.7.1984;0;2
SERVIS;2;20.7.1942;0;2
FIRDAYET;2;6.4.1959;0;2
HATILA;1;29.3.1960;1;0
EKCAN;1;17.11.1958;1;0
BAHAETDIN;4;3.11.1958;4;0
UMURDE;1;30.11.1953;0;1
NAHIHAN;1;21.6.1962;0;1
NEZAH;3;18.3.1959;1;2
CEMASIYE;1;14.2.1961;0;1
SEBAYETTIN;2;26.11.1947;1;1
CUMAFER;11;28.9.1970;7;4
CANTAC;3;29.3.1985;3;0
GUMESER;2;10.5.1959;0;2
SEYIDALI;27;7.10.1965;27;0
KAHDIRIYE;1;27.4.1971;0;1
MAZAZ;9;22.4.1971;0;9
ZUMRUYEGUL;1;2.3.1951;0;1
OMURZADE;6;30.6.1966;0;6
SAYDUN;7;17.5.1958;7;0
NIHATIYE;2;9.2.1963;0;2
MUNAHCEDDIN;1;27.4.1951;1;0
MERGUZ;11;7.6.1963;0;11
ZURRUYE;4;18.12.1954;0;4
HIBIS;1;16.1.1972;1;0
ESMELEK;3;12.11.1940;0;3
MOTOS;3;22.11.1936;3;0
NERKUZEL;1;24.4.1946;0;1
EYTURAL;1;16.6.1946;1;0
MULKISEN;2;1.7.1959;0;2
ERMIL;11;14.5.1973;9;2
SEVINDAN;1;1.2.1962;0;1
GULBARIYE;12;21.8.1963;0;12
FENIS;1;21.5.1945;0;1
FEJLA;1;12.8.1959;0;1
EMIDE;6;14.3.1950;0;6
ESREL;1;9.9.1975;0;1
SEYIDENUR;2;1.6.1988;0;2
SEHUCAN;1;29.12.1952;0;1
MUNEZZAT;1;9.6.1957;0;1
NIMUS;10;27.12.1949;0;10
MELIHSA;1;15.11.1979;0;1
SEVIRDE;3;5.8.1936;0;3
MUSAHHAR;2;27.11.1954;1;1
BAHNUR;3;16.5.1981;0;3
YURDAGUN;25;28.8.1950;6;19
UZBER;1;25.10.1977;1;0
ZUMBURIYE;2;8.11.1961;0;2
ERGULAY;3;19.7.1973;0;3
GURBAL;1;24.2.1949;0;1
SEHRIBA;7;5.3.1952;0;7
LULVE;1;10.1.1991;0;1
SEVERCEN;1;24.8.1963;0;1
MUSABBER;1;4.5.1947;0;1
ZUFEL;1;16.3.1976;0;1
MEMDUD;1;29.7.1964;1;0
SABIBER;2;20.6.1956;0;2
RUSIDDIN;1;15.9.1959;1;0
GUNTEZI;1;21.10.1978;0;1
SERDUN;3;22.5.1978;3;0
CELAHTIN;1;11.4.1950;1;0
FELIZAN;1;6.9.1944;0;1
MAHALLA;5;5.1.1959;0;5
SUHEYDAN;3;20.6.1955;0;3
SEMLA;6;12.3.1971;0;6
NURANETDIN;1;21.4.1958;1;0
RESAVIYE;1;14.3.1945;0;1
ERVAYI;2;21.7.1963;2;0
ESADE;6;6.4.1956;0;6
DEMOKRASIYE;2;6.8.1953;0;2
DILAVEDDIN;1;1.1.1960;1;0
EMAZIYE;2;7.7.1956;0;2
NEYLIHAN;1;8.9.1977;0;1
VELISEN;2;29.7.1967;2;0
AHTIYAR;1;26.5.1946;0;1
SEHLEM;5;22.5.1970;0;5
SADULLA;5;22.1.1957;5;0
GUCKAN;4;18.7.1982;4;0
OZEY;13;17.5.1968;3;10
AKDUGAN;1;5.7.1936;1;0
ERTAMER;1;6.8.1968;1;0
RAFIS;4;14.9.1944;3;1
ZEVCET;16;7.11.1955;15;1
ENIR;1;2.5.1968;0;1
ZIKIRIYE;5;3.11.1951;0;5
SEVEZ;1;23.10.1938;0;1
SADANNUR;1;8.3.1966;1;0
DILESER;1;27.1.1964;0;1
SOHELA;1;16.8.1933;0;1
NADIRAY;2;20.6.1977;1;1
BATURMAN;18;22.9.1986;18;0
ZILDAN;1;15.2.1956;0;1
SEYDINC;2;22.4.1985;2;0
SEMHI;2;26.5.1958;2;0
NOFET;1;23.3.1941;0;1
ISMINAS;19;14.9.1962;0;19
NEDIMER;1;26.9.1963;0;1
NARIE;6;7.12.1978;0;6
MADIHA;10;18.2.1956;0;10
HUDAETTIN;1;1.2.1947;1;0
ERSAYIN;8;19.12.1959;8;0
KINAZER;2;2.7.1946;0;2
HESAT;1;14.6.1941;1;0
NEDIRI;4;15.12.1948;1;3
BINBAS;1;6.8.1950;0;1
SEBAHTIYE;2;18.2.1973;0;2
MUIDDIN;11;30.11.1965;11;0
NEVREZE;1;17.11.1954;0;1
ZILIHAN;3;5.10.1964;0;3
METINCAN;12;24.4.1986;12;0
DUNYABIR;2;16.4.1963;2;0
DURAYSEL;2;16.1.1963;0;2
NURSELET;1;15.7.1953;0;1
MANINDE;1;27.8.1938;0;1
MEYSIN;3;27.9.1960;2;1
CEBBARI;2;30.5.1954;2;0
HAFIS;19;26.7.1974;16;3
GHIULISEN;1;26.8.1953;0;1
ZEYYET;3;25.6.1960;3;0
SUCAYITDIN;1;8.4.1956;1;0
SEYAAT;1;14.10.1932;0;1
IRAZGUL;1;1.1.1971;0;1
BAHETDIN;2;1.3.1956;2;0
BELMIHA;2;17.9.1945;0;2
LEVUZA;1;3.10.1944;0;1
KANAY;5;26.6.1977;5;0
TESVIKA;4;10.3.1936;0;4
BAGFIDE;5;11.2.1940;0;5
NEZAYIT;1;9.4.1941;0;1
RAHBIYE;7;20.4.1963;0;7
GUTEN;6;18.10.1976;0;6
ERCU;14;1.8.1980;14;0
SEYRUS;1;23.6.1939;0;1
URKUNAZ;1;12.3.1954;0;1
SELAHALTIN;1;8.4.1973;1;0
CUMAZADE;1;16.11.1952;0;1
SABBE;3;5.12.1951;0;3
FIRDEYS;1;24.11.1970;0;1
NERZIVAN;1;16.2.1967;0;1
ZUMBER;5;5.10.1957;5;0
MAZUNE;2;22.8.1957;0;2
FAYIDDIN;1;21.5.1940;1;0
ZERREF;1;9.5.1962;0;1
NEIMAN;1;11.10.1981;0;1
SECNUR;3;24.9.1982;0;3
KAFE;1;29.11.1925;0;1
HAKIZAR;3;23.6.1944;0;3
BAFITTIN;1;27.1.1968;1;0
AYHIN;3;16.12.1958;1;2
MESI;9;18.1.1955;6;3
REBBANIYE;3;3.5.1957;0;3
BEYAEDDIN;1;6.1.1960;1;0
SEKIVE;3;17.6.1956;0;3
ZAHIRIYE;8;14.10.1969;0;8
UMIDI;1;16.9.1951;0;1
TENZEGUL;1;11.4.1962;0;1
REHCET;1;27.2.1968;1;0
EVEGUL;5;17.9.1964;0;5
EMVER;11;1.4.1961;11;0
SUNGAY;1;17.2.1976;1;0
REHBIYE;5;7.1.1946;0;5
HASIRIYE;1;7.3.1964;0;1
IFNEHAT;1;2.10.1941;0;1
MAHFIDE;2;3.12.1959;0;2
CULUSI;2;28.2.1972;2;0
BAISER;3;19.1.1956;0;3
CEHANER;1;11.2.1970;1;0
ZUBEGIR;3;4.9.1955;3;0
MUNECCER;2;24.3.1958;0;2
EDARET;1;20.4.1931;0;1
MUBEDDILE;1;29.9.1951;0;1
HURIZER;2;29.1.1950;0;2
MERDUSAN;1;29.4.1949;0;1
HENDUNE;1;18.12.1961;0;1
ILKBAS;1;27.4.1956;1;0
VAKIS;1;27.8.1932;0;1
ZULFISIYA;2;21.2.1959;0;2
HELLEZ;2;14.5.1957;2;0
ZEYBAN;3;1.10.1968;0;3
SALIMCAN;4;19.3.1978;3;1
ZELMEY;1;29.2.1941;1;0
BURRUN;1;7.9.1952;0;1
MESADED;1;25.9.1984;0;1
UPET;1;26.12.1972;0;1
NAHALAN;2;5.7.1964;0;2
HARISER;3;7.11.1970;0;3
NEFBAHAR;2;25.4.1971;0;2
KERIMUS;1;2.9.1968;0;1
YASINAY;3;5.10.1987;0;3
ZULFIDAR;6;23.12.1954;0;6
SEHZA;7;28.2.1970;2;5
MELEKEY;26;15.9.1937;0;26
MOZKAN;1;27.6.1967;0;1
EDEL;6;8.1.1962;0;6
FERUNNISA;1;23.12.1991;0;1
PEMILAY;2;21.1.1983;0;2
RAYLIN;1;26.12.1983;0;1
ITRA;9;1.12.1954;0;9
RUHZAN;4;7.3.1955;0;4
GISNI;4;23.9.1954;0;4
MILIM;3;4.3.1979;0;3
TULEYLA;1;14.1.1961;0;1
EYLE;6;17.5.1948;0;6
ESRUYE;1;7.11.1959;0;1
ECA;2;22.4.1984;1;1
MIHDIKAR;4;2.2.1962;0;4
ETLIHA;1;26.11.1949;0;1
ALAYEDDIN;4;18.6.1958;4;0
ALAYETTIN;14;20.7.1959;14;0
VILDER;1;14.9.1989;0;1
RICHAN;4;27.10.1964;0;4
SECLI;1;18.4.1966;1;0
NISAY;1;16.5.1982;0;1
ZIDEN;3;26.2.1967;2;1
SAKRA;56;30.10.1954;0;56
ADVAN;7;19.11.1970;7;0
RIMI;27;27.9.1959;0;27
MUHAYBIR;6;4.8.1958;6;0
SEBLAY;2;8.1.1970;0;2
KUNDAHAR;1;1.6.1973;0;1
MIHYA;1;8.5.1980;1;0
MUFDI;1;25.3.1957;0;1
HAMZI;40;28.12.1959;38;2
SALEHITTIN;1;15.2.1990;1;0
M.SAID;1;15.3.1951;1;0
HIMDAN;7;10.1.1957;7;0
DUCEYNE;1;5.5.1950;0;1
KIYASITTIN;5;24.2.1957;5;0
NEGRICAN;9;10.12.1990;0;9
KANA;5;11.4.1948;2;3
RUKNITTIN;2;19.10.1967;2;0
BIHMEND;1;13.5.1971;1;0
GOKKAR;1;14.2.1972;1;0
GELSEN;1;1.5.1955;0;1
PIJAN;13;15.11.1956;0;13
ZEHYA;3;7.10.1969;0;3
NAILGUL;1;27.2.1962;0;1
SAKLA;5;15.10.1958;0;5
GUSUP;2;29.6.1937;2;0
LUBEYLE;1;17.3.1963;0;1
APTUREZAK;1;12.9.1955;1;0
SIYE;1;16.7.1975;0;1
FULIZA;1;26.9.1971;0;1
NURAIL;5;28.6.1965;3;2
MEHIDYE;1;2.8.1975;0;1
OGURCAN;8;8.11.1954;8;0
DAYFA;1;22.8.1937;1;0
NEFNET;1;11.6.1946;0;1
ABBAY;1;13.12.1970;1;0
ZULKINAZ;1;12.3.1977;0;1
SERAFIL;3;28.6.1969;1;2
MURIZE;2;24.1.1954;0;2
MUHTESER;7;21.6.1968;0;7
NEFLI;7;18.3.1958;0;7
GULZEMIR;4;23.5.1958;0;4
MUNIRSEL;1;22.1.1960;0;1
ZULKINA;1;27.2.1974;0;1
ZEYHIT;1;16.11.1969;0;1
KIYASETIN;5;1.11.1956;5;0
NEDDE;4;18.12.1959;0;4
HIMAMA;2;10.11.1956;0;2
HAYRINISAL;1;29.2.1961;0;1
SILVANA;19;24.12.1971;0;19
ULMEDDIN;1;7.10.1962;1;0
BILDA;7;21.8.1974;0;7
MAGRITE;1;19.1.1964;1;0
EYTEL;3;16.5.1965;0;3
AYYAD;10;28.1.1968;10;0
DENNURE;24;6.9.1957;0;24
ZULGEDER;1;4.11.1960;0;1
GOLEYSE;1;23.3.1937;0;1
GELMET;1;27.8.1956;0;1
DEHEBIYE;2;18.3.1960;0;2
EMELYA;5;18.2.1964;0;5
DOGUC;2;16.1.1960;2;0
NEFCI;8;20.10.1949;0;8
SEBAHAHEDDIN;1;2.6.1969;1;0
KATTUF;2;3.6.1945;0;2
NARIMIN;3;25.1.1965;0;3
BELME;3;8.8.1965;0;3
HAYA;7;18.1.1966;1;6
KASUN;1;14.6.1956;0;1
SAA;19;4.9.1968;0;19
NENGIN;1;15.4.1983;1;0
ABUDELER;1;23.8.1976;1;0
SEKHE;7;18.8.1963;0;7
HAPI;3;26.5.1963;0;3
RASITTIN;2;20.3.1952;2;0
FUGE;4;13.5.1967;0;4
ORLINDA;1;10.6.1991;0;1
SHEMAYLA;1;9.6.1990;0;1
MURANDA;1;19.6.1949;0;1
CORJET;1;16.5.1935;0;1
ANCEL;14;5.4.1951;0;14
DILANAY;3;17.1.1990;0;3
CHANTAL;3;25.9.1963;0;3
IVON;17;8.10.1952;0;17
KATINA;48;10.12.1949;0;48
YOLAND;3;28.9.1943;0;3
GUNDEGUN;2;18.12.1952;0;2
YOLANDE;2;16.2.1941;0;2
AYTEKI;1;20.4.1938;1;0
BALANARGIZ;1;2.9.1960;0;1
AYSHE;8;3.7.1975;0;8
FATUMATUSZEHRA;1;12.8.1923;0;1
ELLI;9;18.8.1942;0;9
HUSEMITTIN;2;7.10.1960;2;0
SEHSUAR;1;27.2.1953;1;0
AYMIR;3;10.12.1973;0;3
GULON;1;13.4.1946;0;1
VIRON;8;1.10.1954;8;0
BURBARA;1;1.6.1955;0;1
SECEL;9;21.11.1966;3;6
EKREMCAGRI;1;30.3.1986;1;0
ANTEA;1;29.11.1991;0;1
IBDISAN;1;6.1.1928;0;1
MARYET;8;14.9.1973;0;8
ANNIE;8;8.10.1951;0;8
HANER;8;16.1.1978;4;4
BASIL;13;9.12.1953;13;0
EDVAR;14;4.2.1958;12;2
KUTRED;1;9.8.1974;1;0
REKIDE;4;28.6.1946;0;4
ORIMA;1;21.1.1948;0;1
MARIZ;2;26.12.1953;0;2
BALKIRAY;2;17.10.1961;2;0
JORJET;14;23.1.1950;0;14
IRIKETI;1;27.8.1938;0;1
MAHVER;12;8.12.1955;2;10
VEFIZE;1;6.2.1948;0;1
ZEYYA;2;14.7.1937;0;2
RUZKAN;3;1.6.1974;2;1
NEMNAMI;3;30.9.1943;0;3
AMADEDDIN;1;22.8.1931;1;0
NIMNAMI;5;25.7.1955;0;5
ERMIDE;1;25.5.1948;0;1
BEKRI;11;5.10.1957;11;0
YIMIN;1;27.6.1957;0;1
LILVANA;1;1.10.1956;0;1
HIDIYE;4;7.8.1960;1;3
MURELLA;4;5.4.1961;0;4
SERANA;10;18.7.1982;0;10
MAHIDDIN;2;6.3.1961;2;0
GULREVAN;2;21.7.1978;0;2
MAYSE;8;10.1.1969;0;8
CERCISCAN;1;29.4.1971;1;0
SILFA;1;11.7.1962;0;1
PAOLA;12;30.3.1967;0;12
JULIYET;48;8.1.1918;0;48
PUNDA;1;26.4.1972;0;1
EMMEL;2;19.9.1965;0;2
MIRYENE;1;21.4.1957;0;1
RIKZEN;1;28.4.1950;0;1
YAZIHAN;7;3.9.1970;4;3
NASIRA;11;13.11.1964;0;11
SABEHITTIN;2;28.6.1971;2;0
HISAMITTIN;12;9.7.1951;12;0
INZAMIN;1;6.11.1944;0;1
KEFFO;1;7.8.1976;0;1
SEBILI;4;3.10.1960;0;4
EVDET;2;15.9.1968;0;2
VEHIT;18;5.5.1951;18;0
KUDSU;1;16.5.1952;1;0
ZEYIN;9;1.10.1948;4;5
MIEHAOL;1;26.6.1961;0;1
SUSLER;3;17.5.1963;1;2
MELASIN;1;16.7.1949;1;0
SEHID;11;22.2.1961;11;0
BEYGAZI;1;12.7.1968;1;0
SELINDA;6;25.8.1979;0;6
MIHTIBAR;1;23.9.1943;0;1
SAFISAN;1;23.7.1951;0;1
SINNUS;1;29.9.1969;0;1
EDLAN;20;10.9.1962;17;3
GEDEM;1;27.7.1974;0;1
SAHSIYLE;1;21.11.1959;0;1
IFKAY;1;26.6.1963;0;1
DERGUN;2;12.5.1958;1;1
IMTISAL;3;12.8.1961;0;3
SEYFIYETULAH;1;2.2.1957;0;1
ALAMETDDIN;1;7.2.1976;1;0
JEHAD;1;22.9.1949;0;1
ZERENER;1;22.2.1967;1;0
CINGA;1;24.8.1989;0;1
KARAMULAZIM;1;11.11.1956;1;0
BARRAH;1;7.2.1983;0;1
ELSALIH;1;13.3.1967;1;0
TUGALP;4;7.12.1965;4;0
VICTORITA;6;5.10.1973;0;6
ZULHIGER;1;22.2.1967;0;1
ROJALIN;1;7.2.1982;0;1
ELBIZET;1;19.12.1966;0;1
BEDLE;2;28.9.1928;0;2
TACEN;2;15.11.1970;2;0
HURIFIYE;1;19.6.1973;0;1
TAPO;6;1.1.1958;6;0
ZEKVA;60;15.4.1967;0;60
REBAZ;1;22.9.1991;1;0
RIBAZ;1;7.8.1988;1;0
SEKIRIYE;2;4.3.1950;0;2
KEZBEN;5;21.3.1977;0;5
NASUM;1;7.4.1976;1;0
GUREVI;1;17.2.1954;0;1
KAZELE;4;3.1.1955;0;4
NUMRIYE;3;15.8.1952;0;3
ENZADE;3;22.11.1962;0;3
REYDE;4;21.12.1951;0;4
SACLIDEDE;1;25.4.1957;1;0
BERZEG;1;27.5.1986;0;1
SUN;8;25.7.1963;3;5
ZIBIT;2;19.6.1945;1;1
CANTENUR;1;2.2.1969;0;1
EBIB;4;15.2.1942;4;0
SEMUZ;4;6.8.1964;4;0
BEHADIYE;2;4.7.1955;0;2
NAFIZEALEV;1;26.9.1948;0;1
DUNYADAR;4;15.1.1962;3;1
TEFHIKA;1;28.2.1961;0;1
SONMAZ;9;13.10.1963;4;5
SEHIRDAN;1;2.5.1944;0;1
RUHKAN;4;25.3.1978;4;0
ERDUGRUL;3;12.7.1958;3;0
MUHSINIL;1;17.4.1966;1;0
KAHYAOGLU;1;11.8.1962;1;0
ELMIKA;1;5.4.1975;0;1
LEVNET;1;28.12.1972;1;0
HURSAH;3;23.12.1981;2;1
BENZEDE;2;15.11.1940;2;0
ILHAFE;2;10.7.1966;0;2
DIMIYAN;1;7.8.1940;1;0
RUYETCAN;1;2.1.1949;1;0
HAYATIME;1;18.2.1960;0;1
SENBOL;5;2.11.1969;3;2
MEYYAS;1;21.12.1969;0;1
CETINOL;2;14.2.1958;2;0
VESIH;11;17.12.1974;11;0
MEYHTI;1;6.8.1974;1;0
HESIFA;1;7.7.1969;0;1
MAYUNUR;5;25.1.1968;0;5
FIYETLI;21;1.9.1960;0;21
NURILHADA;1;19.11.1965;0;1
ZELLUH;80;12.7.1954;0;80
FALLACKE;2;20.11.1990;0;2
FEDAA;2;23.5.1975;0;2
HALILKAN;1;9.3.1991;1;0
KARENFIL;9;22.10.1949;2;7
RENGIYE;9;18.2.1970;0;9
SIHEMI;1;12.2.1971;0;1
SITTIR;1;27.3.1978;1;0
TEHIR;1;7.6.1964;0;1
GAZRA;1;22.2.1967;0;1
KANABA;1;12.8.1959;0;1
GOZEYIN;1;26.2.1939;0;1
SIVILE;1;23.8.1967;0;1
ABDUSAMAD;3;6.4.1971;3;0
IKFIYA;1;12.9.1977;0;1
TEYFER;1;8.4.1946;0;1
NEZALET;1;10.10.1944;0;1
FATUMATUL;15;16.12.1974;0;15
ATILAH;6;22.7.1967;6;0
VECDARIN;1;26.6.1940;1;0
LEVANT;7;2.8.1969;6;1
EDENIZ;1;26.2.1971;1;0
GELEF;3;3.2.1962;3;0
BEYI;4;11.3.1956;0;4
MUVAFIK;7;13.10.1959;6;1
MERDIYYE;1;4.4.1988;0;1
BELIR;14;16.11.1969;2;12
HIMSAN;1;7.7.1963;0;1
KATBI;4;6.8.1943;0;4
NUZUR;1;2.4.1956;1;0
BEDIDE;5;23.3.1957;0;5
MUHAIL;23;5.4.1938;23;0
MISDO;2;10.11.1930;2;0
JANBERG;1;15.5.1982;1;0
MURATSER;1;8.6.1979;1;0
REYYAH;1;26.2.1955;1;0
KADINKO;2;17.3.1945;0;2
ZUHUR;15;12.5.1964;7;8
SAYZADE;3;18.8.1968;0;3
HASIYME;2;19.7.1976;0;2
IHVIYE;1;6.10.1940;0;1
ILTIDAR;1;27.12.1968;0;1
MAHTUBE;3;8.6.1978;0;3
BENEV;1;22.9.1954;0;1
MEDHAT;11;20.8.1955;11;0
NAZARET;26;13.8.1953;24;2
KUTUKTE;3;16.7.1951;0;3
HILENI;7;26.10.1946;0;7
MILDA;2;2.11.1970;0;2
ZIYEN;5;19.11.1964;5;0
TEC;2;20.12.1957;2;0
HILEN;23;17.11.1959;0;23
SACAK;4;16.6.1953;0;4
ILTIZAM;3;25.7.1951;1;2
TESELLI;9;18.7.1977;4;5
MEYYASI;1;7.8.1928;0;1
MIRYANA;3;27.5.1950;0;3
RISKALLA;2;15.9.1951;2;0
ATALLAH;6;26.2.1963;6;0
RISKALLAH;3;13.6.1960;3;0
RIZKALLA;11;26.2.1954;11;0
GULRAHIME;1;10.11.1965;0;1
SAMSUN;6;21.1.1961;6;0
RIZK;18;7.4.1954;18;0
IZZITTIN;24;14.11.1945;24;0
HAYRILISAN;2;9.7.1969;0;2
HABKE;2;22.8.1931;0;2
IFTALETTIN;1;29.12.1954;1;0
ADILEY;1;7.2.1946;0;1
ASFIHAN;1;12.8.1971;0;1
GULSUSAM;7;7.2.1966;0;7
EJVET;4;15.11.1960;4;0
MALAKE;1;6.8.1977;0;1
SANAA;4;17.9.1975;0;4
UNABER;1;12.8.1929;0;1
SELNAN;1;28.12.1982;0;1
SELVERGUL;1;10.1.1987;0;1
ABDULFERT;2;19.1.1954;2;0
FEDIMANA;2;6.5.1979;0;2
M.KASIM;9;18.8.1957;9;0
HAVRIYE;1;11.5.1973;0;1
YUMRA;3;30.2.1990;0;3
HANRI;20;11.10.1956;20;0
SEMINI;1;12.6.1947;0;1
CAGALA;1;18.5.1979;0;1
GUBREYYA;1;28.3.1948;0;1
PIRIMAN;23;24.12.1960;0;23
TEVVABE;1;21.8.1960;0;1
NIYIR;11;27.6.1952;0;11
BURTAC;4;4.6.1981;4;0
OZLENIR;11;30.8.1971;3;8
VOUSSALA;2;2.4.1978;0;2
MEZEL;4;20.3.1960;0;4
GOLEFER;5;12.5.1971;0;5
KALGAY;4;10.12.1964;4;0
NEFSAN;2;18.2.1956;0;2
ERDUAN;6;25.9.1957;6;0
SITFIYE;1;6.11.1937;0;1
GUNUHAN;1;30.4.1963;0;1
DIYALE;3;13.6.1979;0;3
ABDULCELALEDDIN;1;12.7.1966;1;0
PESVAR;2;5.1.1968;2;0
ADANIR;1;27.10.1980;0;1
SENDUF;1;9.5.1976;1;0
TUZEYRA;1;15.2.1976;0;1
HERAY;3;28.11.1964;2;1
BEKYE;1;7.8.1928;0;1
MEHSER;12;5.6.1973;8;4
DEGIM;1;6.11.1981;0;1
ILZAM;1;23.11.1973;1;0
SANESIN;1;26.6.1990;0;1
IWONNA;1;2.7.1948;0;1
TAGRA;2;3.4.1987;2;0
DILHOS;4;17.1.1975;0;4
GULBEHYA;1;28.5.1991;0;1
SABETAY;15;4.1.1949;15;0
MERTTURK;2;22.10.1968;2;0
ALEMNUR;2;15.6.1968;0;2
MORAY;12;30.10.1971;12;0
EZOGUL;2;4.5.1975;0;2
BILANA;2;19.11.1974;0;2
NECID;1;25.2.1942;1;0
NILNIHAL;2;5.8.1957;0;2
CEMAZI;1;1.4.1954;1;0
SEHIRETTIN;1;5.11.1980;1;0
LEMAAT;2;14.1.1944;0;2
YEDIGER;1;3.2.1973;0;1
RETIP;35;1.12.1961;35;0
GULRUF;2;23.2.1956;0;2
BILEDA;2;15.4.1975;2;0
CENKSU;2;27.12.1977;2;0
ENDAR;3;11.4.1971;3;0
PINHAN;6;13.12.1975;3;3
MUTLUNISA;1;4.11.1973;0;1
ULCAS;8;25.12.1959;0;8
MUSEHHER;25;8.8.1971;0;25
TEFERUS;1;10.6.1951;0;1
DURULKAN;1;23.12.1989;1;0
ULMIHAN;4;7.1.1971;1;3
OVSEV;9;19.8.1978;0;9
NORDIN;1;18.4.1980;1;0
MEHRINISA;6;7.4.1621;0;6
TUMCAY;1;30.10.1960;0;1
SEREYYA;4;8.4.1971;0;4
MOHAMET;3;4.2.1968;3;0
ALPERBIL;1;17.6.1988;1;0
SAFAR;9;16.1.1952;8;1
RAHIDIN;2;15.5.1959;0;2
AYZAMAN;2;11.3.1972;0;2
RESADETTIN;1;15.12.1953;1;0
RODA;22;3.7.1978;2;20
DEMIRKOL;6;26.7.1947;6;0
MEZEYDE;1;11.4.1955;0;1
UMURSUN;11;17.9.1964;0;11
ZEYNELMELAH;1;13.2.1973;0;1
MEMUNNE;1;24.3.1958;0;1
KEFIYET;5;23.5.1953;0;5
GUZDEN;10;7.7.1965;0;10
GULSAHNAZ;1;21.2.1965;0;1
NISALE;1;23.2.1961;0;1
FATMAGULSEREN;1;30.4.1953;0;1
GASUM;2;12.6.1944;0;2
OKKAY;2;15.11.1972;2;0
MEDYAN;6;28.6.1977;6;0
RESLEN;12;18.7.1974;12;0
GULSENBAY;1;7.8.1934;1;0
SANLIAY;1;12.11.1975;0;1
DUMRUL;19;10.2.1970;19;0
OZEROL;1;27.7.1956;1;0
SAHSIVAR;22;24.6.1960;18;4
GEMMA;8;24.12.1963;0;8
BELANDA;1;6.10.1980;0;1
GULKINAZ;1;14.4.1963;0;1
MUHTEPER;1;6.9.1963;0;1
TAMOG;3;28.1.1962;0;3
DEYIS;10;19.1.1985;5;5
MINHEVSEY;1;2.2.1963;0;1
BUGHAN;2;6.11.1979;2;0
MEKARIM;3;22.7.1957;2;1
NUGEY;1;6.5.1936;0;1
YENIDE;2;2.2.1954;0;2
ABDULGAYYUM;1;13.6.1954;1;0
ZONRE;1;12.3.1956;0;1
GULDEHEM;1;27.9.1982;0;1
MUKEERREM;1;1.1.1;0;1
RUBAP;11;11.10.1969;0;11
NAZIRYA;2;28.11.1970;0;2
GOSNAG;1;11.9.1944;0;1
CEMCEYHUN;1;20.3.1974;1;0
M.BAVER;1;19.9.1986;1;0
BILGESERAT;1;4.12.1983;1;0
REYSE;3;14.1.1975;0;3
AYKUTALP;12;21.6.1964;12;0
NENNI;1;12.8.1917;0;1
KUDDUSIYE;7;1.6.1948;0;7
AGALGI;1;8.3.1958;0;1
HEYSAM;1;20.3.1956;1;0
YOSMAN;6;28.3.1962;1;5
ZERKADE;2;28.9.1958;0;2
ARZOU;4;4.11.1967;0;4
ASYALI;1;2.4.1972;1;0
MESUVE;1;22.8.1964;0;1
AYTULA;3;10.7.1959;1;2
ZULFUNIGAR;1;11.3.1985;0;1
DESTAY;2;29.5.1973;0;2
HAFIYET;7;27.8.1977;0;7
MUSABITTIN;1;5.5.1964;1;0
NEYAT;5;28.1.1968;4;1
ZIYAIDDIN;6;18.11.1949;6;0
MUSAVI;2;17.12.990;1;1
SERIMET;2;6.10.1968;0;2
SELDUZ;2;19.8.1969;2;0
MUZIYAN;1;30.5.1956;0;1
NAYATI;2;5.12.1958;2;0
ALPERIN;2;22.10.1986;1;1
GELIYA;3;17.2.1972;0;3
MUSLAHITTIN;7;11.1.1957;7;0
BALCI;7;22.7.1959;6;1
NURALIME;2;29.12.1969;0;2
SUPYAN;11;5.7.1962;6;5
MUYAMIN;1;28.4.1966;1;0
DURAYDE;4;21.1.1971;0;4
MAHABBAT;12;10.5.1970;0;12
BERDIHAN;1;11.3.1982;0;1
SABEL;2;2.2.1968;0;2
ISTIYANI;1;17.6.1936;0;1
DURMUSOZ;1;4.11.1953;1;0
APDULCELIL;2;7.3.1950;2;0
EMINALP;1;9.3.1987;1;0
HATICE-I;2;1.7.1946;0;2
CALKIN;1;28.4.1971;1;0
CIZGE;3;5.5.1986;0;3
YAKIP;7;21.3.1965;7;0
NEBIATTIN;1;1.10.1971;1;0
MABEL;2;8.1.1959;0;2
VUSULA;1;2.4.1981;0;1
ALCA;9;20.7.1960;0;9
MUNTEKA;3;30.6.1961;2;1
ZALHIYE;3;29.3.1962;0;3
METTA;1;2.4.1970;0;1
HACERYE;1;27.2.1967;0;1
ULMEKEN;1;18.4.1974;0;1
ZUHDUYE;5;30.5.1947;0;5
MEVLIDENUR;1;23.11.1991;0;1
FERUTA;1;10.11.1980;0;1
TURUSUN;1;21.3.1957;0;1
TAFIR;3;25.2.1954;3;0
BERDANE;1;29.11.1977;0;1
EZZAT;3;15.11.1959;1;2
RAYSEL;3;21.9.1972;0;3
ILGIZA;1;28.11.1953;0;1
SUBUYDE;1;12.10.1965;0;1
BAKTIYAR;3;3.5.1959;2;1
EYSENUR;1;22.4.1985;0;1
URUDIYE;3;15.8.1944;0;3
DEVRISAN;3;27.9.1982;2;1
OKSEM;1;12.2.1971;1;0
ASTEM;1;2.7.1981;1;0
EDIYBE;4;1.6.1969;0;4
HILALA;10;15.6.1965;0;10
SEFORA;2;20.7.1964;0;2
KIRTIL;1;2.8.1951;1;0
IAGUT;1;12.12.1965;0;1
MUKREBIL;1;12.8.1972;1;0
BELGISAR;2;22.3.1953;0;2
ONDIYE;1;2.2.1981;0;1
CERMAN;1;26.8.1978;1;0
ABDILOZAN;1;26.1.1967;1;0
EKIFE;4;18.2.1954;0;4
MUZEYYA;12;30.7.1962;0;12
DURISIN;1;2.3.1954;0;1
AVCINE;1;28.4.1929;0;1
MUSADERYA;1;27.1.1974;1;0
NUGMEN;9;17.8.1953;9;0
MESEP;1;13.3.1972;1;0
GORSUNE;1;12.4.1923;0;1
EBUHURERE;1;13.2.1988;1;0
BUBERYA;4;8.9.1960;0;4
BERIGA;9;15.8.1962;0;9
MULFEREN;2;13.9.1949;0;2
DURBAKI;2;8.2.1953;2;0
NESIBET;5;18.11.1968;0;5
FIKRAY;5;1.8.1968;3;2
TECARETTIN;1;28.6.1959;1;0
ILKSEM;1;12.2.1983;0;1
APDULGAFFAR;1;23.2.1991;1;0
UNUBE;4;21.5.1971;0;4
ZETE;1;11.2.1975;0;1
SENESI;1;21.8.1969;1;0
SUHAYLE;11;17.2.1970;0;11
SERFENT;1;4.9.1956;1;0
NEVTENE;1;12.2.1971;0;1
DURALIYE;1;4.3.1959;0;1
HAMMIM;1;2.12.1981;1;0
EFAMIYE;5;1.7.1958;0;5
SEVDUR;11;12.12.1974;0;11
CUFEYRE;2;18.8.1953;0;2
ZULFIHA;1;7.10.1968;0;1
DULANA;1;9.11.1945;0;1
MUKDET;4;26.2.1981;4;0
NUGRITTIN;1;27.1.1968;1;0
DALIYEN;1;6.8.1977;0;1
DUSUNSEL;7;29.8.1975;4;3
CEMZI;1;26.2.1981;1;0
TOKSOZ;2;28.12.1977;2;0
CIHANSA;3;8.10.1965;2;1
SIMPER;5;17.4.1969;0;5
HAPISE;1;27.2.1986;0;1
BALAKHANUM;2;24.7.1962;0;2
YILGUR;7;6.4.1960;5;2
RUVANE;2;21.1.986;0;2
ABDULCEVET;1;9.5.1949;1;0
NIMLA;2;8.8.1955;0;2
COSGU;1;1.9.1984;1;0
KULUCAN;1;14.4.1974;1;0
VAZILE;6;19.5.1971;0;6
YOLAY;1;8.2.1985;1;0
YETIL;6;17.3.1963;3;3
SAHMIL;4;3.2.1976;4;0
GULVIREN;1;27.8.1962;0;1
SENCANNUR;1;16.8.1984;0;1
HUBISER;1;6.8.1974;0;1
ZEYNEMETIN;1;18.2.1962;1;0
ERDAH;1;24.11.1984;1;0
HURAYYA;1;23.2.1955;1;0
HAYIRIYE;4;25.8.1962;0;4
OMURSER;1;17.7.1972;1;0
SEYABAN;2;24.1.1965;0;2
HASMAN;13;13.1.1951;4;9
MONALYA;1;2.4.1981;0;1
SUHAYDE;2;17.4.1966;0;2
GULPAZAR;1;16.2.1957;0;1
UGURE;3;13.1.1958;0;3
SANSE;1;16.1.1954;0;1
AYAS;38;15.5.1956;7;31
GULRUBA;8;25.6.1975;0;8
CUMANE;6;27.10.1964;0;6
OKRAT;1;21.3.1976;1;0
ZOHRU;3;17.10.1957;0;3
ERGES;4;4.1.1940;4;0
MESUDUYE;3;9.11.1961;0;3
NEBIZADE;1;20.1.1964;1;0
BELIDA;1;7.6.1970;1;0
KUTDUSU;6;26.1.1964;6;0
MIHIYET;1;9.4.1970;0;1
BELEMBIR;1;26.11.1989;0;1
MAGALLA;1;17.6.1953;0;1
NECATIM;1;29.12.1972;1;0
EFDALEDDIN;2;23.1.1971;2;0
LAIBE;22;20.11.1950;0;22
BERKIS;2;22.10.1960;0;2
I.HAKAN;2;30.5.1969;2;0
HASIKA;4;5.1.1960;0;4
MEFURE;7;26.4.1967;0;7
YOLAYDIN;1;2.1.1972;1;0
GULCAS;1;21.2.1947;0;1
GUDRETTIN;5;21.4.1967;5;0
NUKREBIN;1;18.11.1961;1;0
CAGRIBEY;8;2.1.1983;8;0
SAITCAN;5;2.11.1984;5;0
YUGAN;1;10.7.1986;1;0
BATIRAY;5;19.4.1975;5;0
BERRIM;1;26.2.1966;0;1
DURFE;1;2.3.1939;0;1
ABDUSELLAM;5;28.10.1962;5;0
NURTU;1;17.8.1965;0;1
YILPER;1;28.11.1962;0;1
HALITDIN;8;10.3.1957;8;0
SERABE;4;19.7.1973;0;4
YETIZE;6;19.7.1969;0;6
APEL;6;21.9.1962;5;1
TULAHI;4;29.1.1961;0;4
ULHANI;1;26.6.1964;0;1
SIYAHSER;5;11.1.1965;5;0
GULENDAMI;28;29.10.1961;0;28
NESLIAN;1;3.8.1987;0;1
SEHALE;2;4.6.1974;0;2
CABIDAN;2;12.3.1977;0;2
TAHSILE;6;30.12.1968;0;6
LEYLUVAN;1;17.11.1966;0;1
HICIRIYE;4;13.9.1966;0;4
MAGRIBE;5;25.5.1958;0;5
MUSTAKITTIN;1;25.6.1949;1;0
DIMITRA;9;12.7.1949;0;9
UMUANI;1;16.12.1957;0;1
ILHADER;2;20.7.1963;0;2
DADIANIDZE;1;8.8.1967;0;1
ZUREYLA;2;4.5.1938;0;2
GUNDONER;5;3.8.1962;0;5
NUFRIYE;1;23.12.1956;0;1
LATIYFE;8;2.12.1964;0;8
GUMUSHANE;1;10.12.1966;0;1
GULUMMUYE;1;7.5.1936;0;1
ZULGARNEYIN;16;12.10.1969;16;0
HALIDIN;15;12.4.1963;15;0
NEZAKI;3;1.10.1960;2;1
FEVVAR;1;17.4.1971;1;0
ULUSAR;2;24.1.1955;2;0
BENLIKAR;1;17.2.1960;0;1
GULOPER;1;16.4.1935;0;1
SAHOR;1;28.8.1930;0;1
AVDUMAN;1;11.6.1961;1;0
SEMATDIN;1;7.1.1952;1;0
ZEHUKA;1;6.12.1971;0;1
HUZEYIF;3;10.4.1984;3;0
HULAMI;1;12.2.1971;1;0
SURADIK;1;6.6.1969;1;0
MERRUHIYE;1;2.7.1975;0;1
BAIDDIN;3;14.1.1958;3;0
GUNPERI;2;27.2.1971;0;2
HENZEDE;15;18.4.1964;0;15
SEFAY;6;2.9.1971;2;4
LEVZAN;6;10.6.1979;1;5
ALBARSLAN;1;26.10.1978;1;0
MIDEHET;1;8.3.1955;0;1
ILSER;11;21.8.1967;2;9
GOKBORA;5;30.10.1982;5;0
NURYEZDAN;6;23.11.1949;0;6
SEFEHATTIN;2;8.6.1981;2;0
GUNESAY;3;1.3.1973;3;0
VERHAD;1;1.8.1984;1;0
ECHETTIN;1;6.10.1973;1;0
OVEYIZ;1;16.2.1945;1;0
DEFNEGUL;2;18.11.1983;0;2
FEYBIYE;1;6.2.1968;0;1
SOHRETSAH;1;21.9.1971;0;1
TARUH;1;13.6.1970;1;0
NUYIT;2;17.5.1953;1;1
LEFIZE;20;10.10.1956;0;20
SEMADI;1;4.6.1985;0;1
MARCELA;12;26.1.1968;0;12
EFRAHIN;2;28.6.1962;2;0
GUVENDIK;11;12.12.1965;9;2
SEVTAT;6;11.1.1972;1;5
KHATIRA;14;11.7.1970;0;14
FIRZA;1;6.1.1962;0;1
HUCCANE;1;16.7.1981;1;0
GULKARIN;1;17.2.1954;0;1
MIHRACI;6;10.1.1961;2;4
LIYADE;1;27.5.1986;0;1
MAVRU;1;1.4.1924;0;1
ENTEL;3;30.11.1958;1;2
ORS;1;1.1.1982;1;0
TIZER;1;22.2.1961;1;0
CUFEYRA;1;18.2.1972;0;1
SUBUDIYE;4;12.10.1960;0;4
UPBAT;1;25.4.1955;1;0
DILEMRE;5;10.3.1982;3;2
HUZAYFE;1;21.5.1975;1;0
TURSEN;11;22.10.1953;3;8
KONGUL;1;4.9.1953;1;0
AYYET;2;17.2.1964;2;0
MAGDER;2;7.1.1957;0;2
SAFAKDAN;1;8.5.1952;0;1
UNSUCAN;1;12.9.1941;0;1
HAYNUISA;1;21.1.1991;0;1
EBIR;1;2.5.1960;1;0
FOROGH;1;4.8.1953;0;1
HASANDENIZ;1;25.10.1961;1;0
VESSA;1;8.10.1981;0;1
R.ARIF;1;17.3.1969;1;0
ESMAU;1;22.9.1973;0;1
ZEBIYCE;1;12.4.1959;0;1
NOORGUL;1;4.2.1974;0;1
KEZIBEN;6;18.2.1979;0;6
DURAYLA;1;17.2.1954;0;1
EYSENE;1;30.12.1980;0;1
MUDAVER;7;19.3.1961;1;6
MUKATDEM;6;12.7.1965;5;1
MUNISA;10;14.6.1960;0;10
IZNIYE;5;5.4.1949;0;5
SULAHIYE;12;26.11.1953;0;12
ZUHRU;21;2.7.1955;2;19
ACILAY;32;13.9.1975;1;31
HADILIYE;1;2.12.1972;0;1
SELDEHAN;1;27.4.1974;0;1
PULUVER;1;7.3.1975;0;1
TASFIN;1;30.3.1958;1;0
PEVRI;4;28.5.1957;0;4
YILSELEN;1;18.1.1963;0;1
FEYIZI;3;11.4.1972;3;0
HAZIKE;3;23.4.1965;0;3
NEHDIYE;4;1.6.1974;0;4
SEHMUN;4;4.2.1976;4;0
KAYAR;5;18.5.1956;5;0
SERFINAR;2;17.2.1966;0;2
HUMUYE;2;19.4.1969;0;2
OZAYI;4;2.11.1977;4;0
CUMMANE;1;2.5.1975;0;1
MERHAYAT;1;17.6.1966;0;1
HASIGA;1;11.4.1962;0;1
ZULGARNIHI;1;19.8.1970;1;0
ESBA;3;27.3.1960;0;3
FUKASE;1;7.2.1958;1;0
HIBEYSE;1;28.6.1966;0;1
MEHRICIVAN;1;29.10.1957;0;1
ULKERIYE;4;22.12.1957;0;4
DURNANE;1;12.5.1989;0;1
TAHVILE;1;10.7.1986;0;1
PAREN;2;7.4.1950;0;2
ESAP;4;16.1.1973;4;0
NEHDIYYE;1;1.6.1965;0;1
KONELYA;1;10.5.1977;0;1
IRAMA;1;27.3.1955;0;1
VESLIKEN;1;26.8.1981;0;1
HULALIYE;3;20.10.1955;0;3
JANE;41;12.11.1966;0;41
DILAZAR;1;3.5.1971;0;1
ZEYHUNDE;1;27.7.1991;0;1
BASENDER;3;25.9.1960;0;3
BOYUMZE;1;21.3.1956;0;1
MIRICI;1;21.3.1982;1;0
FETMIYE;1;20.3.1933;0;1
OZANAY;12;21.5.1974;4;8
ZULUDE;8;23.11.1962;0;8
HASEDDIN;9;15.9.1967;9;0
NAIFYE;1;22.10.1991;0;1
DUSUNE;1;17.3.1972;0;1
MEHURIYE;1;11.2.1974;0;1
MIRALEM;15;3.9.1954;15;0
MESLINA;5;8.7.1977;2;3
ANSEL;9;8.3.1964;2;7
SUTARE;1;6.10.1962;0;1
LIVZA;9;6.2.1968;0;9
RAFETCAN;2;17.12.1991;2;0
NURSIYA;2;24.7.1970;0;2
MUDRIN;1;17.11.1990;1;0
SERDAY;7;22.5.1978;4;3
MUVBET;1;20.12.1977;0;1
TERAZIN;2;27.2.1974;0;2
M.NAIF;1;27.5.1962;1;0
CEVAHIRNUR;1;25.8.1988;0;1
SEMUH;5;28.10.1951;5;0
KIMMET;11;5.12.1967;0;11
MEKSAN;7;15.6.1966;6;1
GORSAN;3;8.12.1962;2;1
REYYAL;1;27.2.1980;0;1
GULISTE;1;17.2.1953;0;1
KOKTEN;15;24.11.1972;15;0
URUYE;1;9.2.1944;0;1
MUAFFIK;1;11.9.1951;1;0
FEZIYA;1;1.8.1970;0;1
SULBU;1;9.7.1959;0;1
ABTULSELAM;1;28.4.1966;1;0
MUNHER;2;18.8.1956;0;2
MEHMETCENGIZ;3;13.12.1969;3;0
FATIHHAN;16;7.11.1986;15;1
ONCE;13;29.6.1960;2;11
AYSEYASEMIN;1;9.12.1962;0;1
SEVIDER;1;19.9.1964;0;1
NAZIAT;2;14.4.1962;0;2
MELIHANUR;3;3.1.1960;0;3
OTSUKARCI;1;17.7.1977;1;0
TUKEBIZAN;1;16.10.1970;0;1
KORTAC;9;7.12.1983;9;0
BUTUNAY;2;30.5.1960;0;2
YUHANE;4;6.6.1965;0;4
DURSUNHAN;4;30.6.1962;2;2
GUCGEL;2;6.8.1958;0;2
KAYDAFE;2;3.9.1937;0;2
MILLAN;7;18.9.1953;0;7
KUZIN;4;25.10.1969;0;4
NUHBER;4;25.5.1962;1;3
NURAFET;3;17.4.1955;1;2
AYZELIHA;6;13.1.1957;0;6
RIGEL;7;11.9.1974;0;7
FUNDANUR;11;2.4.1985;0;11
SUHEDIYE;1;1.2.1948;0;1
MUFTAL;1;26.4.1977;0;1
ITIBARLI;1;13.2.1966;0;1
EBRUSEN;5;1.6.1980;0;5
ISMIRAN;2;29.10.1976;0;2
MUHYET;3;25.10.1961;1;2
GARRIBO;1;16.11.1970;1;0
SARIZAMAN;2;20.9.1963;0;2
MEZIRE;6;4.9.1955;0;6
GULUZZAR;1;17.7.1985;0;1
ZOZIYE;1;6.4.1972;0;1
SAIBA;18;24.2.1956;0;18
LUFFIYE;1;7.2.1988;0;1
MAVRIZE;2;29.4.1965;0;2
RUDABE;10;22.7.1966;0;10
SAHLAZ;1;6.6.1984;0;1
FAROS;1;2.7.1968;0;1
MARZA;1;21.10.1958;0;1
NICMAN;1;12.8.1989;1;0
REVZAI;1;26.9.1970;1;0
SETARI;2;11.6.1977;2;0
SEDEFIYA;2;11.12.1981;0;2
PORRES;5;24.1.1956;0;5
GUCEYNA;2;23.1.1971;0;2
NASLICAN;1;22.1.1961;0;1
SELHETTIN;3;5.5.1967;3;0
ZEHIBE;27;14.6.1960;0;27
NEVELI;1;21.4.1956;0;1
MISIRIYE;7;24.2.1964;0;7
SACDE;1;26.4.1967;0;1
ERLENT;4;5.4.1980;4;0
MEYDIYA;1;2.6.1956;0;1
KUBEDIN;1;21.3.1945;1;0
NEMIRIYA;1;19.3.1948;0;1
HEVEY;10;17.5.1958;0;10
DAL;3;1.1.1952;1;2
BEHER;5;7.2.1974;1;4
DODUHAN;1;29.5.1944;0;1
SERFURIYE;1;11.5.1980;0;1
NARENCIYE;4;13.3.1972;0;4
SUVELA;7;29.11.1968;0;7
FETHUL;1;15.1.1953;0;1
HAVZULLA;1;4.6.1963;1;0
MUSERAT;1;4.5.1963;0;1
FEGUZAN;1;1.7.1968;0;1
MUGREP;1;4.5.1951;0;1
CANKO;1;22.5.1973;1;0
UMMGULSUM;2;24.7.1960;0;2
MEYADA;2;20.6.1988;0;2
SAHADAT;1;10.9.1971;1;0
COPUR;3;8.7.1939;3;0
MUZAVER;3;24.1.1960;0;3
RIHSET;1;27.11.1956;1;0
BENZIGOL;1;27.5.1962;0;1
UZHAN;3;6.1.1982;3;0
ISNIDAL;1;18.4.1979;0;1
ALANURA;1;15.1.1973;0;1
HUNVE;1;17.2.1954;0;1
DUDHAN;23;19.4.1960;0;23
VEYFI;1;27.5.1974;1;0
LAKYETTIN;1;29.2.1969;1;0
IEMRAH;1;16.5.1986;1;0
AFRI;39;30.7.1957;0;39
HEDULA;3;4.2.1971;0;3
BAHNIS;2;12.8.1941;0;2
SEHRISEN;3;9.1.1960;0;3
UZMEZ;3;9.5.1968;1;2
SERCAL;1;6.10.1941;0;1
NEZAJIT;1;22.8.1951;0;1
YUNSEL;15;27.10.1951;3;12
NAZPERVER;4;18.7.1950;0;4
HAKIYET;7;4.1.1968;0;7
...;2;17.5.1960;1;1
DEZIRE;2;25.12.1968;0;2
DAGNIS;2;27.7.1949;2;0
GULAKAN;3;12.4.1979;0;3
SABBAH;3;11.1.1970;3;0
ABDURRUZAK;2;4.11.1959;2;0
FATMANAZ;8;3.7.1972;0;8
DIRILIS;3;16.9.1979;3;0
TEHILE;1;2.5.1961;0;1
MIHBER;2;14.10.1964;0;2
TUREYRI;1;2.7.1945;0;1
RUYHAN;4;23.4.1963;0;4
GOBIS;1;17.8.1930;1;0
NARGIZE;5;30.5.1965;0;5
OZAT;15;22.4.1968;12;3
ROKIZE;4;1.12.1967;0;4
HEYIPHAN;1;5.2.1975;0;1
NEDFIL;1;22.3.1956;1;0
RUHANIYET;2;14.8.1961;1;1
MAHASIN;1;10.2.1975;0;1
BURUS;1;17.4.1991;1;0
SITAMKAR;3;17.12.1956;3;0
VEHIBI;1;28.10.1970;0;1
DURGU;1;17.4.1966;0;1
ELPER;1;8.1.1970;0;1
AYLADUR;1;1.10.1955;0;1
ELGIS;3;18.8.1961;0;3
VELMIN;1;12.9.1964;0;1
SAVAH;9;19.7.1966;9;0
MASRURE;5;19.6.1961;0;5
FERKADEN;1;4.3.1977;0;1
SELGUNAZ;1;11.9.1951;0;1
MENDEZE;2;2.3.1963;0;2
NESALE;3;25.8.1970;0;3
KARDANE;3;29.1.1957;0;3
BEBETCEL;2;29.7.1963;0;2
NURFIGAN;2;15.2.1972;0;2
MISAMETTIN;1;15.5.1959;1;0
EMBIHA;1;28.5.1982;1;0
MEYHIBE;5;12.9.1957;0;5
BAADIL;1;21.3.1971;1;0
SEHALET;1;23.7.1969;0;1
GOKIS;1;26.6.1959;0;1
BAHRINIDA;1;17.11.1954;0;1
ARYA;14;1.8.1979;3;11
BINEV;1;27.11.1966;0;1
ASULE;5;19.5.1972;0;5
MUHLITE;1;14.11.1956;0;1
UKKU;4;3.7.1941;0;4
NEZARI;2;22.5.1950;2;0
NEHRIBER;1;27.12.1938;0;1
REGZAN;1;12.2.1957;0;1
ARIFER;5;2.2.1962;0;5
RASIKA;12;3.5.1946;0;12
BETUN;4;20.7.1969;0;4
SENCEVIL;2;4.1.1968;0;2
CUNAYAT;1;22.12.1976;1;0
TEHLIL;2;1.11.1962;1;1
BICEN;4;16.2.1958;2;2
BASENDE;4;1.1.1951;0;4
SEMRIZ;3;29.7.1954;0;3
ARSAK;49;11.6.1951;49;0
INCINAL;1;20.7.1974;0;1
RUSANI;8;6.1.1960;8;0
NASBER;1;22.5.1943;0;1
OZDESIR;3;13.8.1956;3;0
SEVIKAR;1;24.8.1971;0;1
CUNEYDA;1;6.4.1966;0;1
M.FERIT;8;17.5.1954;8;0
RUVI;1;17.8.1930;1;0
DUVANI;1;22.8.1931;0;1
BIGIM;1;7.2.1952;0;1
LAGIHAN;1;17.4.1987;0;1
AGAR;1;2.2.1975;1;0
URHIYA;1;7.6.1970;0;1
NARINCA;3;12.10.1973;0;3
SEMSIGAN;1;4.9.1988;0;1
MAHSITE;3;30.6.1987;0;3
NAMERT;1;15.9.1987;1;0
ZULKIFAR;1;2.5.1981;1;0
HATEMEL;1;7.2.1988;0;1
DOGDAC;1;20.12.1972;1;0
IKLIMNUR;2;25.9.1982;0;2
YERDEN;3;26.2.1958;0;3
LULAY;2;13.3.1968;0;2
HAYRITIN;1;6.4.1968;1;0
AKSAHIN;2;14.10.1939;1;1
RABIYYE;2;9.11.1945;0;2
ONURGUL;1;26.11.1982;0;1
EFRICE;2;4.10.1975;0;2
MUREMIN;1;21.3.1965;1;0
HUTA;1;13.8.1933;0;1
CEMILIYE;5;7.9.1955;0;5
SAFURYE;3;12.8.1963;0;3
SEHVEREN;2;10.10.1951;0;2
NEYMET;1;21.3.1942;0;1
USIYE;6;8.2.1950;0;6
FIROZA;1;11.8.1940;0;1
BILEKS;9;5.3.1967;0;9
FEZNO;1;2.2.1957;0;1
MIHVANI;1;27.6.1937;0;1
INTIYA;1;13.8.1978;0;1
AYBEDIHA;1;1.11.1944;0;1
HUCURET;2;15.8.1960;1;1
AVUTAN;1;14.4.1964;0;1
ONYIL;8;21.2.1950;1;7
TEMASETTIN;1;1.12.1967;1;0
DIRSEL;1;1.3.1954;0;1
DULFURUZI;1;16.11.1933;0;1
MUBULE;1;13.5.1976;0;1
KILER;4;29.3.1962;1;3
GUZUYDE;7;7.5.1969;0;7
GAYYUM;2;9.3.1974;2;0
VICDANIYE;18;6.10.1961;0;18
YEMLIVA;1;27.3.1962;0;1
FELAHAT;11;7.11.1960;1;10
MINEZZEH;1;27.12.1962;0;1
MUSELLEF;2;24.9.1933;1;1
SONDEZ;1;19.10.1960;0;1
BAHMIYE;2;26.3.1951;0;2
MEZIHET;3;4.7.1956;0;3
KAMIRIYE;1;28.1.1986;0;1
DILHURUZI;1;4.11.1956;0;1
MEREY;15;20.4.1957;4;11
MIDRABI;2;14.9.1963;2;0
NEYBETULLAH;2;1.11.1976;2;0
RUBABSAH;14;8.6.1968;0;14
NURFIGEN;3;6.3.1970;0;3
RAHMINAZ;13;19.12.1961;0;13
CESNUR;1;17.7.1972;0;1
ILHAT;11;12.1.1959;11;0
SAHSEYIN;5;26.9.1958;5;0
MAHFIS;1;7.2.1976;1;0
GARIBCAN;1;21.4.1974;0;1
FIRIT;4;23.9.1971;4;0
VELED;2;19.4.1964;2;0
METIYA;1;9.6.1973;0;1
MUSTEHER;1;2.2.1969;0;1
GOGFER;1;26.9.1971;1;0
CIMALI;7;7.8.1958;3;4
HAMBEK;1;28.11.1966;1;0
ABDUSSEBIR;1;11.7.1969;1;0
MUSEDDIN;15;26.3.1962;15;0
EBOZEYT;1;1.9.1944;1;0
NECBURIYE;1;1.8.1974;0;1
CEBAIR;4;18.2.1955;0;4
MEMYETTIN;1;22.2.1973;1;0
SEVYETTIN;1;7.2.1970;1;0
ANTIK;5;10.7.1964;1;4
NEZYET;4;4.6.1960;0;4
CURU;5;22.6.1952;4;1
YILBASI;6;27.8.1976;4;2
ZALEYHA;4;16.1.1956;0;4
ABOZER;1;2.6.1957;1;0
HASVETE;1;17.9.1965;0;1
RUBETSAH;1;4.4.1969;0;1
RUHYEDDIN;1;21.9.1970;1;0
KOZAK;34;2.6.1967;8;26
HAMYILI;1;27.2.1962;0;1
ILAYDIN;2;23.2.1983;1;1
SALANIYE;1;5.6.1931;0;1
HASURLU;1;22.8.1943;0;1
SIMZERI;1;22.8.1973;0;1
GUZLAN;1;12.1.1965;1;0
FEZO;5;30.12.1945;3;2
NEGLIHA;1;25.9.1949;0;1
YILCIYAN;1;30.5.1944;0;1
ODET;21;1.4.1955;0;21
HIZIRYA;1;20.9.1966;1;0
AMBARE;1;22.2.1943;0;1
HAVAROK;1;12.8.1941;0;1
SELRIYE;1;8.2.1966;0;1
ALPTIGIN;2;4.2.1978;2;0
AYFENUR;2;17.11.1964;0;2
MESICAN;1;2.1.1963;0;1
MUSTEBE;3;1.9.1969;2;1
KAYE;3;25.1.1968;0;3
NURGANI;7;26.4.1957;6;1
SABAHDIN;3;4.9.1966;3;0
GALAL;1;29.1.1964;1;0
BENANCAN;1;9.4.1967;1;0
RABIAI;1;14.4.1953;0;1
NUMIDE;2;9.11.1937;0;2
PUREM;1;16.5.1989;0;1
LUMEYSA;2;15.3.1974;0;2
MAZIM;2;8.11.1959;2;0
SUCUDE;1;6.9.1973;0;1
GUREY;5;10.3.1962;2;3
TUNKA;1;6.6.1966;0;1
SAGDI;3;17.8.1952;3;0
SULFAHA;1;21.12.1977;0;1
TAYRO;9;23.11.1944;8;1
SURULI;4;9.7.1965;3;1
MUDAHAR;9;18.6.1970;8;1
TEPSIYE;1;7.2.1982;0;1
NURSALE;3;14.1.1982;0;3
ZELURE;2;30.3.1956;0;2
ATAGUR;2;4.10.1964;2;0
LESPIHAN;1;5.4.1991;0;1
MUTLAYCAN;1;14.6.1991;1;0
REIDE;2;8.3.1961;0;2
DAVETTIN;3;26.1.1961;3;0
AKINDAR;2;25.11.1948;2;0
REVIS;1;17.2.1954;0;1
ZELLOS;1;22.8.1965;0;1
SEZIDE;1;20.9.1966;0;1
HARUNCAN;6;17.5.1981;5;1
BEZAY;1;26.4.1977;0;1
SEYHATULLAH;1;17.1.1990;1;0
MIHIYETE;1;5.4.1974;0;1
BALGIZE;2;8.10.1964;0;2
FIKRIYEHAN;1;7.10.1982;0;1
SUNAFER;1;15.11.1965;0;1
HALNUR;3;24.9.1960;0;3
ZUFKAR;1;7.2.1970;1;0
SUVALYA;1;8.7.1955;0;1
NICABI;4;29.3.1972;4;0
CEGBE;1;7.6.1980;0;1
ASIMCAN;5;3.11.1986;5;0
HURAN;10;23.8.1960;4;6
OZRUH;3;1.8.1984;0;3
MUTDET;2;16.9.1966;0;2
MEHMETIKIZ;1;4.10.1977;1;0
MEHMETDULLAH;1;12.8.1947;1;0
NISAYIM;1;8.7.1974;0;1
MAYYA;7;7.7.1975;0;7
ERTURKAY;1;17.6.1970;1;0
ATVA;36;17.7.1961;0;36
ESMIYA;1;2.2.1957;0;1
ZULFURIS;1;29.3.1968;0;1
GULSELINA;1;16.12.1986;0;1
CAMISAF;12;21.11.1960;12;0
EZABIL;2;14.9.1964;1;1
SEDIFA;2;28.9.1959;0;2
ZIRET;3;15.12.1964;1;2
NULFIYE;5;2.1.1971;0;5
UZULUS;1;11.4.1966;0;1
SAHISEN;2;6.5.1968;0;2
BIRSENHANIM;1;8.8.1977;0;1
ALDULAZIZ;2;1.6.1977;2;0
KURUSIYE;1;2.2.1975;0;1
TOFIK;2;16.12.1965;2;0
MAHSILE;1;7.12.1958;0;1
HICAN;7;2.8.1952;0;7
BADISEHER;3;29.7.1963;0;3
MUTEMA;1;7.3.1964;0;1
MUDARET;1;21.1.1949;0;1
ALIYAN;1;29.12.1949;0;1
PIYA;2;25.4.1972;0;2
NEIYE;1;21.7.1966;0;1
FEYIMA;1;27.2.1974;0;1
NURSAYIN;3;2.7.1974;1;2
NURISINA;3;28.1.1947;0;3
SERTOL;2;26.7.1982;2;0
RUSMIYE;7;7.7.1965;0;7
SURZAN;5;21.5.1983;3;2
ELACICEK;1;1.8.1987;0;1
ANEY;5;4.12.1958;0;5
ULKIYA;6;11.3.1965;0;6
BURADIN;1;23.12.1942;1;0
CUMALIYE;9;12.2.1971;0;9
YEMINHAN;3;9.9.1979;3;0
ZIHRIYE;10;4.6.1962;0;10
NEHDET;5;16.9.1957;5;0
SUNDAL;2;24.3.1962;0;2
AGSUMAN;10;24.1.1968;1;9
NUZEHET;1;12.8.1929;0;1
VOLTAN;2;1.5.1980;2;0
GADDAR;1;30.5.1976;1;0
GIYSU;3;6.10.1979;0;3
NEVGEL;1;26.8.1976;1;0
YERDANUR;1;3.1.1939;0;1
MAHIYER;4;10.10.1951;0;4
AYPAK;5;23.8.1959;5;0
GULUSIHAN;1;24.8.1956;0;1
SENCEFIL;2;8.4.1940;0;2
CUDEY;1;13.8.1981;1;0
MUHSIBE;1;3.1.1991;0;1
CANITIN;1;12.3.1983;1;0
EMIUNE;1;25.4.1959;0;1
GURMUZ;2;2.3.1962;0;2
SEMSITDIN;10;2.6.1952;10;0
ABDULHISAR;1;18.9.1966;1;0
NEMIN;7;15.4.1965;0;7
MAHPIRUZ;5;7.9.1931;0;5
NEFTUN;10;21.3.1973;4;6
VAHTINUR;1;12.2.1963;1;0
SEZANUS;3;8.9.1982;3;0
SIMNUR;3;4.1.1981;0;3
MINGUN;2;14.5.1970;0;2
NILA;9;20.5.1986;0;9
YEGAN;15;14.5.1967;2;13
TURKANUR;1;16.7.1940;0;1
ERDEBIR;1;2.7.1954;1;0
BALSEMEN;1;26.3.1953;0;1
MENA;6;10.6.1963;3;3
KIDIK;1;22.8.1925;0;1
KAFURURRAHIM;1;18.8.1958;1;0
AYTUREL;3;26.3.1977;0;3
FEKIHE;6;30.4.1957;0;6
FILLISAN;1;21.1.1941;0;1
UMMUSELMA;3;20.7.1969;0;3
VESERDE;1;1.12.1966;0;1
SIRECEDDIN;1;2.1.1981;1;0
KARDEN;4;8.12.1984;0;4
KUDUM;1;7.2.1964;0;1
ADENIS;1;1.12.1946;0;1
YURDADUR;2;7.2.1972;1;1
SEPNAA;1;18.4.1960;0;1
AMUNA;1;7.2.1940;0;1
GUBE;2;25.11.1961;0;2
NEVALI;2;27.5.1961;1;1
FAZLUN;2;25.5.1943;2;0
SISGUL;1;20.4.1978;0;1
ORNA;2;10.5.1970;0;2
SALIPE;1;26.8.1955;0;1
ATVAN;4;18.5.1970;4;0
HARZEN;2;27.8.1956;0;2
MEYEH;4;21.6.1977;0;4
HENSE;10;15.2.1965;0;10
DIAR;1;22.12.1988;1;0
HARZO;2;4.4.1945;2;0
SELMO;4;4.10.1935;4;0
TELCI;13;29.2.1959;0;13
SEGHE;1;26.3.1965;0;1
MUHDA;1;2.5.1977;0;1
LOGUP;1;7.2.1934;0;1
RIZAULLAH;2;9.12.1948;2;0
MUNENZER;2;7.1.1968;0;2
ILCAR;1;2.8.1939;0;1
TEHNILE;1;21.2.1960;0;1
A.SEZER;1;2.2.1965;1;0
JOZEFINA;3;12.6.1940;0;3
HUDUYE;2;26.5.1947;0;2
SIHIBRAHIM;2;6.3.1972;2;0
UMMUHABILE;1;18.9.1972;0;1
IZVEREN;1;4.6.1960;1;0
HUMESAH;1;6.10.1959;0;1
BEHAATIN;1;22.2.1949;1;0
HAYRILISA;1;28.5.1961;0;1
HAYATCAN;1;18.10.1976;0;1
MAHIZAN;2;25.5.1958;0;2
SEMERAY;2;10.7.1968;0;2
MAHPIKER;3;27.3.1953;0;3
HUKMERDI;1;10.4.1949;1;0
NIHADI;9;16.8.1951;7;2
SERIFAN;21;30.7.1967;0;21
FATUNA;1;12.10.1974;0;1
SOHUYLA;3;4.12.1966;0;3
ZERIS;5;21.9.1975;0;5
MUKEDTES;1;14.2.1952;0;1
RIVKI;1;9.6.1962;1;0
RUSTAY;1;26.11.1979;1;0
HILGUL;1;6.4.1963;0;1
MUKADDIR;5;13.10.1970;2;3
MUSAMITDIN;1;19.12.1960;1;0
AYTENIS;1;26.10.1959;0;1
SEFIKAGUL;1;21.3.1975;0;1
BERKAYA;6;16.7.1968;6;0
ALMOLE;1;17.5.1975;0;1
LIFEYDE;1;18.5.1960;0;1
ISMISEN;1;17.6.1948;0;1
NISAIM;1;27.10.1965;0;1
ZILIFHAN;4;2.1.1955;0;4
NUHUTAN;1;26.7.1976;1;0
TENVIRE;12;26.3.1955;0;12
MUFDANE;1;21.9.1963;0;1
FIZET;1;28.10.1951;1;0
BEYMIYAL;1;23.1.1954;1;0
VEDADIYE;2;20.7.1951;0;2
SAHIRNISA;1;26.3.1959;0;1
NURGULEN;4;19.2.1976;0;4
ERCAI;2;21.1.1966;2;0
SAYGON;1;11.11.1977;1;0
CANARSLAN;1;19.9.1971;1;0
BUGRAER;1;16.7.1970;1;0
MILEN;15;19.8.1976;1;14
MEKZUN;2;19.7.1969;2;0
NURHIDAN;1;11.2.1958;0;1
KADRISAR;1;1.10.1955;1;0
GAFURCAN;2;7.6.1974;2;0
BEHRIZAN;2;21.7.1939;0;2
LEHLIFE;1;8.5.1938;0;1
FIRREYYE;1;7.2.1952;0;1
HEDDULE;5;21.1.1949;0;5
ASIA;11;5.7.1969;0;11
DURMUSCAN;2;21.1.1987;2;0
RUKZA;1;6.3.1936;0;1
HADIVE;1;27.2.1967;0;1
IZDESIR;1;28.10.1977;1;0
BILEND;3;12.8.1967;3;0
KEYBAN;1;21.2.1976;0;1
MIYREMANA;2;16.8.1958;0;2
HAVNA;1;11.4.1933;0;1
KUTTE;9;16.4.1936;0;9
MENTUHA;3;9.8.1968;0;3
CANGO;1;1.1.1;1;0
FADIRE;1;16.7.1975;0;1
CILBISK;1;11.8.1956;0;1
HAYRILNISA;2;16.10.1964;0;2
CABUK;1;28.3.1970;1;0
ENUZ;2;20.11.1977;2;0
NEVSIMA;2;4.5.1965;0;2
MUSEYBIN;2;21.10.1966;1;1
SAGIRT;1;11.4.1980;1;0
RIZZA;3;16.12.1978;3;0
BENDAN;1;6.9.1984;0;1
AYBICEN;4;10.11.1975;0;4
HANIMAT;1;17.2.1972;0;1
HARYA;1;27.2.1974;0;1
UCULET;1;12.3.1965;0;1
NUMA;10;6.10.1966;0;10
MUKRAYIM;1;11.9.1973;1;0
AYFIL;1;2.6.1963;0;1
MUSFUK;1;6.7.1967;1;0
NURCISEN;2;16.5.1969;0;2
YURDAKON;2;25.10.1944;2;0
USHAN;3;17.3.1983;2;1
RAMBE;1;4.8.1934;0;1
ESEVELI;1;27.5.1955;1;0
SEFILAN;8;2.8.1957;0;8
GAYBIYAN;1;3.9.1969;0;1
SANAH;1;7.3.1960;1;0
DEMEN;7;7.4.1962;7;0
GUNENC;9;16.6.1945;3;6
UZEYDE;11;25.4.1955;0;11
BAHADI;1;11.3.1956;1;0
HAJER;1;21.6.1969;0;1
ISGUZAR;4;13.9.1965;0;4
ONCEGUL;1;4.12.1984;0;1
SECIHAN;9;13.6.1966;0;9
DILFURIZE;2;2.3.1976;0;2
BERHAYAT;10;3.6.1958;0;10
YUFRIZE;1;22.8.1943;0;1
FERHANNUR;1;6.8.1990;0;1
PERGAL;1;13.11.1969;0;1
ADFAHAN;1;28.8.1974;1;0
HAYRISEN;2;5.7.1969;0;2
SUAAT;6;30.11.1964;5;1
DINNURE;2;6.5.1969;0;2
HULDEREN;1;6.6.1956;0;1
SEVILIN;1;6.2.1971;0;1
EFTALA;1;28.9.1972;0;1
BETILDILVIN;1;29.8.1949;0;1
FEDAYE;9;6.4.1962;3;6
HAYALE;10;10.6.1976;0;10
NULAN;1;9.5.1975;0;1
RAFIGUN;1;18.4.1966;0;1
NESHIDE;1;24.4.1949;0;1
FAKIRA;1;17.2.1966;0;1
YUMABE;1;22.8.1931;0;1
GERIBAN;1;6.8.1979;0;1
PUSEM;1;13.6.1984;0;1
FUZIN;2;10.3.1956;0;2
ETIZ;1;11.11.1950;1;0
SAMETDIN;7;26.12.1957;7;0
MILAD;7;28.3.1978;7;0
BIHTEN;1;25.7.1956;0;1
VEZAN;2;19.2.1963;0;2
NESIYYA;2;1.3.1964;0;2
NURASSABAH;3;10.6.1951;2;1
TUNEYSEL;2;26.3.1985;0;2
ZULYE;1;24.3.1954;0;1
RETIBA;2;15.5.1943;0;2
NURCUZ;1;10.5.1965;0;1
REFAYIL;3;18.1.1968;3;0
IFDAL;2;20.6.1964;2;0
UKRA;1;24.11.1980;1;0
MUAYYED;3;4.12.1967;2;1
GUSNA;4;19.5.1958;0;4
SIRYA;16;4.10.1959;0;16
NEZADDIN;3;29.6.1966;3;0
NARHAN;16;25.5.1958;2;14
FESIP;1;4.6.1968;1;0
GULUHANIM;2;23.10.1953;0;2
KUBES;6;3.1.1965;4;2
RUBESAN;1;27.6.1950;0;1
GULEHA;1;7.2.1982;0;1
NEMIKAI;1;11.8.1926;0;1
ZIYADEN;1;30.6.1983;0;1
KULKI;1;7.10.1970;1;0
HAYURNISA;1;3.8.1968;0;1
PERVINI;1;12.2.1953;0;1
MUNUVBE;2;5.2.1959;0;2
SIHANUK;1;7.12.1971;0;1
SUGRIL;1;24.9.1960;1;0
TUGER;8;22.9.1981;8;0
NUREMIS;1;17.3.1960;0;1
BEDIRULLAH;2;7.4.1971;2;0
SAMAHATTIN;6;21.4.1954;6;0
USKENT;1;19.11.1969;0;1
OZDENGUL;1;9.11.1966;0;1
DILSAGA;1;27.3.1953;0;1
VAHEDDIN;1;27.5.1950;1;0
GORGUNER;1;11.10.1957;1;0
SIRMO;2;26.1.1938;0;2
BAHRETIN;1;17.10.1981;1;0
SEYFETTTIN;1;13.6.1985;1;0
CORIT;1;17.8.1924;0;1
MANUR;14;8.10.1956;0;14
NEBULE;3;11.5.1975;0;3
NUKTEDANAY;1;28.5.1961;0;1
EVSIM;3;17.2.1981;1;2
BUGEN;6;8.12.1979;0;6
NEKRIME;1;12.2.1971;0;1
HUMMANI;1;22.4.1961;0;1
GUNSAT;2;24.4.1976;2;0
SAHMAZET;5;22.1.1952;0;5
IRATI;1;2.3.1966;0;1
NURALEM;22;5.9.1967;4;18
DIDEHAN;12;1.6.1981;0;12
ADAL;7;27.1.1965;6;1
ELDANUR;1;7.12.1952;0;1
CEMDENIZ;2;15.10.1982;1;1
SUMHAN;3;9.4.1973;0;3
HIMALAYA;1;29.5.1983;1;0
GULPERIH;1;7.7.1951;0;1
HAMAMA;7;30.10.1957;0;7
MELIDA;9;22.10.1968;0;9
ABDULOSMAN;1;5.4.1990;1;0
ETLIHAN;3;28.7.1979;0;3
KALAHAN;3;12.6.1947;1;2
IMHIYYE;1;22.2.1943;0;1
REYHAL;5;4.11.1970;0;5
RUKRAN;2;27.5.1955;0;2
NUHSETTIN;1;4.2.1951;1;0
TESRIFIYE;1;22.12.1943;0;1
SIREYYA;2;29.7.1959;1;1
ILCAZ;2;11.3.1947;0;2
UCURET;1;4.12.1943;0;1
GUSZAY;1;22.1.1967;1;0
M.NADIR;4;17.1.1947;4;0
MEMIELE;1;17.4.1966;0;1
RUHUM;1;1.2.1979;1;0
HIKMETALI;1;24.3.1970;1;0
SUHIYE;5;5.1.1956;0;5
ESMAANA;1;26.6.1954;0;1
GONCEL;1;25.7.1967;1;0
BILGESEN;5;10.7.1980;1;4
SONZAFER;1;21.10.1967;0;1
DILFARI;1;7.2.1964;0;1
SIIRZAT;1;14.2.1973;1;0
MESEY;1;24.4.1977;0;1
GUSSEDA;1;23.6.1930;0;1
NUREYET;4;27.12.1957;0;4
VAHINDE;1;26.7.1953;0;1
GEERTJE;1;21.9.1978;0;1
BATANGUL;1;14.4.1982;0;1
ERCUMANT;1;17.12.1976;1;0
NASITTIN;1;15.4.1984;1;0
DUDUGIL;1;11.2.1960;0;1
BALTA;2;20.2.1961;2;0
FENIL;1;27.3.1976;0;1
CAYMAN;2;6.5.1969;0;2
BOL;1;6.8.1943;1;0
CITIL;1;11.11.1963;0;1
MAYI;15;13.11.1955;0;15
YASMUT;3;13.5.1962;3;0
NASIDDIN;1;18.5.1930;1;0
IPEKGULUN;1;4.2.1957;0;1
AKSUMAN;11;13.8.1968;0;11
BILIZCAN;1;24.6.1977;1;0
ISHIT;1;24.6.1943;0;1
SEVVAK;5;24.7.1949;5;0
FATIHI;1;26.8.1962;1;0
ERZUNE;2;10.9.1965;0;2
SONULUTKU;1;24.11.1981;1;0
TANSOY;2;26.4.1977;2;0
HUMAYINDIL;1;9.7.1925;0;1
EMRAHI;4;25.12.1963;4;0
GULMUZDE;1;20.5.1934;0;1
DILE;14;19.5.1967;0;14
ESHABUL;9;23.4.1979;9;0
GERDI;3;21.6.1962;3;0
SERETI;1;3.1.1936;0;1
HATUNNAZ;3;30.10.1972;0;3
MUHHITTIN;3;8.7.1969;3;0
NEFRIZE;1;15.9.1927;0;1
MUCADELI;1;21.10.1963;1;0
AYTURER;2;16.7.1955;0;2
NIZVIYE;1;18.2.1934;0;1
KEYFSER;1;29.5.1950;0;1
AYOL;2;7.6.1954;0;2
BIZANS;1;22.1.1963;0;1
GELSEV;1;12.2.1977;0;1
AHANGER;3;24.12.1964;3;0
BIRTER;1;7.1.1958;0;1
DEMENT;5;14.5.1972;0;5
SEKRE;7;16.8.1942;0;7
SEMILI;5;30.7.1950;0;5
OZIN;8;17.4.1966;1;7
KIZALI;1;16.9.1968;0;1
MIHRIZ;34;5.6.1953;34;0
REYNAI;1;9.6.1951;0;1
RIKZAN;2;7.6.1955;0;2
LIFAYI;2;22.3.1950;2;0
ZIYHAN;1;8.3.1968;0;1
BELDAN;14;23.12.1970;1;13
SUZAI;3;23.8.1964;2;1
KEYYE;1;20.4.1952;0;1
NURULBARK;1;6.10.1972;0;1
ABUZIYA;1;29.7.1944;1;0
ELVI;8;21.7.1966;1;7
LARZAN;2;12.7.1976;0;2
EVCEL;1;17.1.1960;0;1
GIVAN;1;6.4.1980;1;0
SEYHEM;1;10.12.1982;0;1
EZDI;2;13.4.1975;0;2
OZBULENT;1;17.4.1978;1;0
VARDOGAN;1;17.10.1926;0;1
ONGIN;1;11.11.1957;1;0
DUTHANI;1;8.11.1951;0;1
RIHA;2;30.11.1944;0;2
SAFKA;1;27.11.1944;0;1
ALICEVAT;6;30.5.1957;6;0
FETHAT;2;12.5.1965;2;0
ZUHNU;1;10.5.1976;1;0
MIFTIHAR;1;9.9.1954;0;1
MUNTECAP;1;6.1.1963;1;0
SAMSE;7;10.12.1953;0;7
BILCAY;2;30.3.1977;0;2
ZUHAN;9;24.12.1965;1;8
NEVDEHAR;1;17.2.1936;0;1
GIYASSETTIN;1;16.3.1986;1;0
EZIBAN;2;24.7.1977;0;2
MEHMETNEZIR;5;2.2.1977;5;0
MANAKSE;1;27.2.1944;0;1
SOFURUYE;1;23.12.1965;0;1
ZULKEDAR;1;12.7.1953;0;1
NAZHIYE;1;5.4.1956;0;1
MAHRIZ;5;4.10.1959;5;0
SOLCAN;4;25.2.1980;1;3
NEFCE;5;5.6.1939;0;5
GULEMDEN;17;2.7.1969;0;17
DUYDUK;6;10.1.1946;0;6
MEHMETSABIT;1;21.11.1947;1;0
MUSIRRET;1;6.2.1969;0;1
TEMURTAC;1;6.12.1948;0;1
CEMYA;1;26.1.1961;0;1
DUMA;3;1.3.1960;1;2
FORKAN;1;18.2.1982;1;0
HECLIYE;1;16.8.1964;0;1
URFIL;2;13.4.1962;2;0
NAZARAN;2;10.12.1971;0;2
NEVZURE;1;30.8.1965;0;1
YURDESIN;3;29.3.1970;1;2
DUNYAR;5;7.12.1975;3;2
MERRIN;6;14.3.1971;0;6
ERDANUR;4;29.1.1978;0;4
MUZIYET;2;21.4.1956;0;2
LEM;1;6.12.1936;0;1
MELLEK;7;5.3.1955;0;7
ERCEMIL;2;8.6.1964;2;0
MAMURA;9;3.6.1960;0;9
CARYA;2;9.2.1983;0;2
AGO;4;29.2.1940;4;0
FERYUZE;2;2.9.1977;0;2
ERUSTUN;2;12.2.1950;2;0
TURKAYIL;1;28.4.1985;1;0
HAKIYEL;1;2.2.1951;0;1
MERAS;3;27.1.1968;0;3
YULAC;1;21.10.1957;1;0
HULDU;1;26.5.1972;1;0
SEREFIK;1;11.4.1958;1;0
UKASER;1;13.2.1941;1;0
EMURULLAH;7;18.1.1967;7;0
MURASET;2;17.3.1960;2;0
HURYAT;2;3.3.1968;1;1
NURSUL;5;26.11.1966;1;4
TENHA;8;18.11.1968;1;7
METINALI;3;12.5.1971;3;0
RAZIYE.;1;2.2.1969;0;1
GULASAN;2;5.3.1961;0;2
NUSA;2;4.5.1971;0;2
BEYUZAR;1;23.8.1960;0;1
NAILENUR;2;5.4.1985;0;2
DEHMEN;3;26.12.1960;3;0
MEKKURE;4;9.9.1952;0;4
HERSIN;1;19.9.1967;1;0
FANEY;1;2.8.1963;0;1
MECIYES;1;12.3.1965;0;1
VELIHIKMET;1;12.12.1947;1;0
SITDIGA;5;16.11.1957;0;5
YURDANUL;4;1.6.1965;0;4
HAYRULBESER;1;26.2.1965;1;0
ATMIYE;4;21.9.1940;0;4
IRALE;2;8.7.1972;0;2
SEUL;4;1.10.1955;0;4
KIZZIBAN;1;28.12.1954;0;1
EMELHANIM;1;17.3.1966;0;1
OKUS;1;13.12.1971;0;1
NEZGI;5;25.2.1969;5;0
RUVEYSA;6;5.4.1976;0;6
HESA;13;27.1.1968;0;13
M.SUKRU;25;3.10.1947;25;0
DURMUSAH;1;11.1.1954;1;0
RIBIA;2;13.3.1968;0;2
GULSAYIM;2;14.5.1964;0;2
ZANAPA;1;2.12.1945;0;1
SIHMUHITTIN;2;21.4.1966;2;0
SAZUMEN;1;22.2.1943;0;1
PERHUNDE;1;30.10.1981;0;1
ZAMI;1;7.8.1928;1;0
ENZULE;6;1.6.1961;0;6
MAMUL;4;24.3.1954;2;2
ALIHE;5;29.1.1957;0;5
CEVIYET;1;21.6.1960;0;1
BEMYAN;1;27.3.1949;1;0
VAHDIDDIN;2;5.1.1953;2;0
HARHAN;1;6.1.1956;1;0
NEVUN;4;3.10.1962;0;4
EMIT;2;25.7.1973;0;2
MEFTUME;2;14.11.1952;0;2
ZENCEVIL;4;30.9.1953;0;4
TOZEN;1;1.11.1968;0;1
ICADI;1;22.11.1949;1;0
HIDA;41;22.5.1970;33;8
NEVBIYE;2;1.6.1957;0;2
EMSIRE;2;20.9.1950;0;2
DIHAYA;1;22.2.1979;0;1
SIRAZET;1;2.8.1933;0;1
GURLESIN;1;10.5.1970;1;0
OSTEM;2;24.3.1961;0;2
ATRAH;1;12.2.1953;0;1
MINYETI;1;2.2.1951;0;1
ERTUC;5;19.1.1972;5;0
AREF;4;22.3.1949;3;1
REVEND;3;8.2.1962;1;2
SASIYE;3;11.1.1976;0;3
KURCIYE;17;1.5.1959;0;17
MAVRUZ;8;27.11.1952;0;8
BEYICAN;7;18.4.1970;0;7
AYTARI;1;26.12.1951;0;1
EMILI;16;21.1.1949;1;15
ENCAT;1;22.11.1979;0;1
INSAFIL;1;3.3.1953;1;0
ATAGOR;2;29.6.1947;2;0
FAYEK;2;12.2.1968;2;0
HIDDET;5;2.9.1953;2;3
NECIA;4;25.2.1952;0;4
HALFET;6;21.1.1955;2;4
NAZKIYE;4;23.8.1945;0;4
MUKETDER;1;26.11.1967;1;0
TOPACIK;1;15.4.1956;0;1
ESEDUDU;1;1.8.1954;0;1
MIHSAL;1;16.10.1939;0;1
RACIYEGUL;1;13.11.1939;0;1
NEVSIRE;3;15.12.1964;0;3
HAMILET;1;16.1.1949;0;1
DINCERHAN;1;11.10.1981;1;0
KABER;1;2.1.1945;1;0
MEVCIHAN;4;23.4.1965;1;3
SEFATIYE;2;20.5.1969;0;2
MUHIRE;7;30.3.1946;0;7
YUKURE;1;27.8.1938;0;1
PEREVEN;1;17.4.1936;0;1
MILIKSAH;1;1.1.1978;1;0
CINKADIR;1;1.1.1;1;0
VECAET;4;5.3.1954;0;4
NECA;7;26.8.1964;2;5
NEVDIHAR;1;21.5.1977;0;1
MERHUT;1;11.2.1957;1;0
FERIYEN;2;1.3.1966;0;2
DUDUGUSEN;1;6.10.1944;0;1
GULMAYIR;1;8.8.1947;0;1
RESULBALI;1;23.7.1959;1;0
GULBELEUR;1;16.12.1945;0;1
LUZUM;1;23.8.1949;0;1
SAHMUZ;14;30.6.1972;13;1
KANDER;3;20.1.1970;2;1
GERBI;2;19.9.1968;1;1
SUALET;1;17.11.1966;0;1
ALGAMI;1;11.10.1967;1;0
ESMEBEL;1;29.4.1977;1;0
DILFERAH;3;20.8.1965;0;3
URUCAN;1;12.10.1939;1;0
APDILHALIM;1;8.7.1956;1;0
MUMUSEN;2;14.5.1954;0;2
TURKET;5;4.6.1949;1;4
RAHMAH;1;18.1.1965;0;1
BESDAMIL;1;17.3.1984;1;0
ENCELINE;1;26.3.1957;0;1
NIZIHE;1;11.3.1933;0;1
IMAVER;1;26.2.1984;0;1
SEHAYET;1;21.6.1970;1;0
KARDENE;1;22.5.1961;0;1
ABDURZAK;1;28.9.1967;1;0
KERZUMAN;1;18.2.1966;0;1
KADIFER;2;22.3.1954;0;2
MEPSUSE;3;28.9.1945;0;3
IRZI;3;30.5.1951;0;3
RISALI;1;20.10.1956;1;0
ZIYNIYET;1;21.5.1976;0;1
NEBHEN;1;21.6.1955;1;0
BOZDOGAN;11;16.9.1960;11;0
NEFFAREL;1;12.7.1965;0;1
IZVAR;1;2.7.1944;1;0
MAYYE;2;23.6.1960;0;2
GECER;1;2.5.1977;1;0
MUBETAL;1;24.8.1948;0;1
ABDINUR;7;15.7.1957;7;0
ORIDA;1;18.6.1991;0;1
BERCISE;5;17.10.1957;0;5
VARAL;1;11.6.1965;1;0
FAZIKAN;1;25.5.1943;0;1
MUKISE;1;7.11.1970;0;1
ALPAYDIN;6;9.12.1957;6;0
FIDASET;3;19.6.1954;1;2
ADEMHAN;6;4.4.1978;6;0
FERUK;2;30.1.1966;2;0
YURSET;1;1.12.1944;0;1
ERTUVAL;1;30.2.1962;1;0
KEHRIZAR;17;29.12.1946;0;17
NEMNIHAL;2;30.1.1961;0;2
SUBEYIN;1;2.2.1939;0;1
BEYASETTIN;1;26.11.1964;1;0
KUDDISSI;1;17.2.1972;1;0
MUSTEIDE;1;1.3.1947;0;1
FERIGA;6;21.6.1947;0;6
NESTIYE;2;3.12.1955;0;2
UMMUKUSUM;2;14.11.1967;0;2
YANIZ;1;6.12.1971;1;0
URKUGA;1;6.7.1967;0;1
OMRUN;4;9.3.1979;0;4
FRANCA;2;15.4.1960;0;2
AYZADA;1;8.5.1981;0;1
BELIKE;2;16.6.1946;0;2
GAYYIME;1;26.9.1960;0;1
BAHTIGUN;1;15.10.1971;1;0
NURHANEYE;1;21.4.1965;0;1
TECNIME;1;22.8.1931;0;1
YETSINER;1;7.2.1982;0;1
BERIDE;8;22.8.1963;0;8
MURAZITTIN;1;6.12.1950;1;0
LOHVER;1;17.8.1918;0;1
SANLAN;2;17.10.1958;1;1
PANISE;1;24.6.1966;0;1
KEMAHIYE;3;5.9.1962;0;3
ZENNUNI;5;3.2.1952;5;0
FEREYAL;1;6.3.1941;0;1
YAHIZE;3;27.9.1969;0;3
ERTUHAL;1;4.5.1936;1;0
MUSARIF;2;29.11.1954;1;1
FERGIYA;1;14.11.1960;0;1
APTULSELAM;1;28.5.1953;1;0
GULHATIM;3;9.3.1961;0;3
BUNYAMINE;1;7.8.1928;0;1
MAFAZAN;4;14.5.1950;3;1
SEVRIZA;1;2.7.1969;0;1
ZAIP;1;7.8.1934;1;0
ILMAYET;3;22.12.1972;0;3
SUTUTE;3;5.5.1959;0;3
MUFEHAM;1;1.3.1977;1;0
TURGUN;8;7.10.1968;5;3
EMILSAKIR;1;30.3.1961;1;0
ZEVET;2;30.12.1959;2;0
MUHTEBA;5;14.1.1959;0;5
MUAZIZ;6;18.7.1962;1;5
UMMUGULER;9;10.10.1956;0;9
NECUBE;2;9.4.1967;0;2
BISMIYE;7;26.12.1956;0;7
MINTIYAN;1;9.3.1958;0;1
GUPRIYE;1;2.4.1957;0;1
GULSUDEN;1;22.2.1967;0;1
MUHARREY;1;1.9.1965;1;0
TAYYIDE;1;23.1.1973;0;1
VADEDIN;2;12.2.1965;2;0
SURRULLAH;1;12.10.1967;1;0
SELIKA;1;17.2.1960;0;1
PEVRUZA;5;1.3.1967;0;5
KUTBITTIN;2;2.12.1966;2;0
GUTSI;3;18.11.1971;3;0
MEDDANE;5;26.10.1968;0;5
NESINI;1;1.6.1974;1;0
EMMARI;1;12.11.1963;0;1
MUKSENIM;1;7.11.1967;1;0
MAFIRA;1;19.3.1942;0;1
MEHREMET;2;3.2.1946;0;2
NURSEY;2;9.12.1974;0;2
SULGU;1;7.2.1976;0;1
GULUMSIYE;10;30.4.1958;0;10
TAHRIRE;3;3.5.1939;0;3
GOLEY;5;16.9.1953;0;5
IMADAT;1;8.1.1946;1;0
YAZYI;1;12.2.1977;0;1
SULGUL;2;20.2.1981;0;2
MUBERYE;4;12.9.1958;0;4
GATMA;10;10.12.1960;0;10
USURUYE;1;26.3.1966;0;1
GUBLAY;2;27.10.1959;2;0
SERCIYAN;2;3.7.1972;1;1
SUMMUHAN;3;16.4.1967;0;3
BUNYAMIIN;1;26.8.1977;1;0
REBIME;1;18.4.1946;0;1
BIRSENNUR;1;18.7.1985;0;1
FERAHNUZ;1;16.11.1966;0;1
GULBINSAH;1;29.5.1985;0;1
DURDUN;1;17.9.1966;0;1
REKUS;3;26.9.1939;0;3
SAHIS;8;19.5.1955;5;3
SEHIS;12;28.6.1976;12;0
HUSYIN;2;1.8.1976;2;0
SECEHATTIN;3;29.12.1962;3;0
GAZNE;71;3.11.1957;0;71
GULTEMAM;4;16.4.1968;0;4
NEHVI;3;24.10.1943;0;3
SENAP;1;22.3.1986;1;0
ALSANA;1;10.5.1964;0;1
HUNEYT;1;20.3.1954;0;1
HAMZER;1;26.12.1990;1;0
SEHPAL;6;22.10.1975;0;6
GULSAMI;3;17.12.1974;0;3
GAZIM;5;18.2.1970;5;0
HILKAN;6;30.8.1966;3;3
FERRAC;2;15.8.1971;2;0
FEVZE;27;7.11.1954;0;27
RIZGI;2;10.5.1959;1;1
RUHNIYE;2;29.11.1981;0;2
KEYHAS;1;1.6.1931;0;1
NAYUF;1;18.3.1959;1;0
MUHAMMEDSIRIN;1;1.2.1971;1;0
DENKSAL;1;25.12.1977;1;0
HUHE;6;19.3.1959;0;6
HEBIYET;1;23.9.1965;0;1
ZEYLIFE;1;11.4.1957;0;1
BUYAMI;3;3.6.1967;3;0
SEYITYASAR;1;21.9.1947;1;0
TULUDE;2;17.5.1964;0;2
NUKREMIN;4;25.9.1978;4;0
NAHIN;3;25.6.1970;2;1
HAMIZ;7;23.7.1953;7;0
MESIDA;1;22.10.1987;0;1
GUNESET;1;26.11.1978;0;1
SEMNUNE;1;1.10.1972;0;1
SAYSEL;2;19.1.1964;1;1
KLOD;4;27.8.1946;2;2
DENKAY;2;28.2.1976;2;0
YASMINA;6;6.5.1978;0;6
MELIKAY;3;18.1.1974;0;3
OZTURKAY;1;17.2.1948;1;0
TEMRE;5;26.8.1953;0;5
DEVLO;1;7.8.1934;0;1
LEVZEDDIN;1;2.2.1963;1;0
MUHSUNI;4;6.1.1977;4;0
SEMIRKAN;3;3.11.1980;2;1
ZAFLA;1;22.2.1955;0;1
IZIN;7;16.4.1965;6;1
EZDAL;2;27.7.1988;2;0
SEVGULLI;33;22.9.1956;0;33
ZISAT;1;2.11.1977;0;1
ETAL;1;1.4.1936;1;0
KEVSE;2;22.5.1943;0;2
NAHYETULLAH;1;28.1.1967;1;0
HORASANLI;1;22.2.1991;1;0
MERAR;3;8.11.1944;1;2
CUHEYME;1;2.3.1945;0;1
KAFRA;2;10.1.1968;0;2
MUSLEM;2;25.11.1984;1;1
KERO;1;7.8.1934;1;0
SENGEY;1;22.2.1961;0;1
AHMEY;2;4.11.1939;2;0
MURYAL;1;2.3.1981;0;1
ELYUS;1;7.3.1946;1;0
NAFIN;1;22.4.1967;0;1
IDILIS;1;1.9.1979;1;0
HAFSADE;10;12.3.1962;0;10
ROGISTAN;1;6.7.1981;0;1
HUDAY;5;21.2.1972;3;2
UMUKELSUN;1;30.7.1968;0;1
MEVIFE;1;2.2.1975;0;1
MUHEBET;4;28.11.1974;0;4
NAZLE;8;7.2.1971;0;8
GIYAL;2;1.8.1969;1;1
HASGIRO;1;16.3.1977;1;0
YUSUM;1;17.10.1972;1;0
SEBBAT;2;10.7.1971;0;2
FIROZAN;3;9.7.1968;1;2
NULFEREN;3;14.5.1976;0;3
AVYA;1;27.3.1962;0;1
MUKDAD;3;1.1.1960;3;0
SEBBIYA;1;26.12.1947;0;1
HAMRISAN;1;2.8.1951;0;1
NAYLEY;3;11.12.1965;0;3
NESGIN;1;1.6.1986;1;0
NURETTUN;1;17.9.1990;1;0
HURDEN;4;27.9.1972;1;3
ZEYSUN;1;12.2.1971;0;1
MIGAIL;2;30.9.1956;2;0
SENAIL;6;20.5.1961;5;1
VAHTITTIN;2;12.1.1963;2;0
NESLIYAZ;1;22.4.1951;0;1
NEVIHA;3;23.6.1965;0;3
AYPIREN;1;29.1.1970;0;1
MUHAFIZ;21;7.12.1968;21;0
ZAPIT;1;15.8.1980;1;0
GULBUCAK;1;21.11.1946;0;1
MUZEFERE;1;1.4.1934;0;1
EMLIKAN;2;25.3.1973;0;2
MIHRACEDDIN;1;6.5.1961;1;0
NUNEFER;3;14.4.1967;0;3
NEVMAN;2;16.5.1956;1;1
SAYIF;1;2.7.1968;1;0
FURKIYE;1;12.5.1983;0;1
FIRUZEGUL;1;3.8.1990;0;1
NURDANAY;9;5.12.1968;0;9
DUBULE;1;18.1.1956;0;1
ZULIBIYE;1;1.1.1960;0;1
TELEHA;6;1.9.1965;0;6
SEMAIUL;1;28.4.1976;0;1
BAHANI;1;14.10.1979;0;1
MIMEY;3;12.5.1945;0;3
SIMAIR;1;3.12.1980;1;0
REKKAN;2;10.8.1969;2;0
HEDIA;2;9.8.1972;0;2
SIFAY;1;5.2.1978;0;1
NURMETCAN;1;9.2.1953;1;0
KILAVUZ;5;8.12.1969;4;1
NURELHUDE;8;29.2.1957;0;8
ZUHRAGUL;1;22.2.1991;0;1
ARSLANMENDERES;1;6.7.1963;1;0
MUJKEN;5;20.12.1959;0;5
FINEY;26;21.6.1942;0;26
ALSUN;3;26.7.1965;2;1
DEMIRCI;52;29.11.1960;52;0
GUSSEDE;1;13.5.1927;0;1
ABDUSELIM;5;2.2.1963;5;0
METHETTIN;5;15.1.1966;5;0
DERYAM;3;2.5.1982;0;3
FURMUYA;4;11.9.1963;0;4
CAMKIRAN;1;1.2.1968;1;0
ROZERIN;13;28.11.1987;0;13
LIMAYI;1;17.4.1936;0;1
BIRDILEK;7;19.9.1969;0;7
ORYON;1;15.11.1991;1;0
TAFFO;1;22.8.1925;0;1
CEVZEM;1;22.12.1941;0;1
ILBEN;1;22.7.1984;0;1
SAYISMAYIL;1;8.8.1977;1;0
HILAFETTIN;2;1.7.1961;2;0
FERZUMELEK;6;7.1.1955;0;6
AYLEY;1;2.2.1963;0;1
BUGCIN;1;3.5.1991;0;1
TELEF;1;28.3.1980;1;0
UMBULU;5;21.4.1962;0;5
GURBBET;1;29.12.1976;0;1
NOLDUK;1;12.3.1945;0;1
SAHABALI;1;21.5.1967;1;0
FAMIHA;1;16.5.1975;0;1
BAYRAMELI;1;11.7.1973;1;0
MUNACEDDIN;4;15.4.1971;4;0
HUMEYIT;15;28.9.1953;15;0
SEYDIVAKKAS;13;14.7.1971;13;0
TECRIYA;1;2.3.1957;0;1
DUMITRITA;4;25.9.1976;0;4
IMRAD;1;25.5.1953;0;1
IMKANE;1;11.7.1944;0;1
MUTFIYE;4;28.2.1959;0;4
SECAHAT;16;1.9.1960;2;14
FERET;5;2.2.1969;4;1
SIRIK;5;3.5.1956;5;0
ISLAMSIT;1;16.9.1966;1;0
FEYEZAN;2;14.10.1971;0;2
BALABEG;3;11.3.1957;3;0
SUVARA;1;22.3.1961;0;1
GULASIYE;14;7.3.1966;0;14
SELFIYETE;3;27.4.1972;0;3
OZBEG;9;25.11.1976;9;0
MEVLICAN;1;5.5.1981;0;1
MUSPET;1;5.9.1981;0;1
DERDIVAN;1;2.4.1939;0;1
RIBAHSAH;6;2.3.1974;0;6
BINEVES;2;15.5.1982;0;2
MERVETTIN;3;16.4.1985;3;0
SUBULLAH;1;12.5.1949;1;0
SAHBATULLAH;1;22.11.1985;1;0
KUDRAT;4;22.4.1958;0;4
URFENYE;1;25.12.1951;0;1
DELGES;1;28.6.1979;1;0
NEVROZE;5;9.12.1977;0;5
SADILLAH;2;26.5.1976;2;0
FURUSHAN;1;2.2.1963;0;1
GELHANIM;1;16.4.1975;0;1
GEVRAN;19;6.2.1968;0;19
ABDULVASIP;8;2.10.1976;8;0
GENVA;14;10.7.1962;0;14
NAZINTI;1;17.8.1930;0;1
ZIMRO;2;8.3.1949;0;2
VACEDIN;1;24.6.1973;1;0
AFAR;1;21.3.1975;1;0
HAYLAS;2;7.7.1977;0;2
CIPRI;1;22.2.1967;1;0
MUHRIDE;5;11.9.1964;0;5
KURAR;2;8.6.1951;1;1
NETAIC;2;5.12.1959;0;2
SUVAP;2;15.1.1968;2;0
TIRYAK;1;1.1.1992;0;1
SEYIHMUS;5;1.4.1960;5;0
HAYRUNUSAH;1;12.3.1965;0;1
TALIBET;1;7.2.1976;0;1
VILYA;3;23.3.1972;0;3
SIHEL;6;24.7.1977;1;5
SEFTAR;6;19.12.1972;6;0
EMANUELA;4;24.10.1970;0;4
ABDULHATIF;1;9.9.1981;1;0
SERVETULLAH;1;11.3.1981;1;0
SEGYETE;1;21.5.1981;0;1
ZUMRETLE;1;9.8.1957;0;1
MAHITA;1;21.4.1940;0;1
CANPULI;2;29.11.1950;0;2
SENIHAT;19;8.4.1966;0;19
MUKYETE;1;17.10.1990;0;1
SENIET;1;12.10.1983;0;1
PENBO;1;17.8.1948;0;1
FIRGEN;6;29.1.1969;0;6
ABAT;7;7.8.1957;6;1
NEJER;1;6.2.1986;0;1
ZELULYE;1;24.11.1979;0;1
DEMIRER;4;26.1.1955;4;0
KUBARIYE;9;5.9.1964;0;9
MEFYA;2;12.10.1981;0;2
BITIM;1;26.2.1931;0;1
HIZMA;9;23.3.1974;0;9
FERIC;3;9.9.1969;2;1
MIRBET;1;28.6.1962;0;1
NAZLIGURBET;1;15.10.1980;0;1
SENIAT;18;29.10.1973;0;18
MERDIYETE;2;21.3.1977;0;2
BURHAT;1;11.3.1951;1;0
SIPGUTTULLAH;1;11.5.1969;1;0
GULSEREM;20;2.10.1977;0;20
HARDIYE;1;22.2.1949;0;1
MERHIBET;1;9.6.1976;0;1
IMDIRIS;1;22.2.1961;1;0
KALBETTIN;1;16.10.1965;1;0
SAHZENIN;2;17.5.1963;0;2
GIVYAS;1;14.6.1965;1;0
ULMIYA;3;9.4.1961;0;3
MIHRANAZ;1;17.2.1978;0;1
DALDAN;3;16.8.1975;1;2
FEVZITTIN;6;13.1.1973;6;0
YOKSINI;3;5.1.1982;3;0
ABDULHASIP;9;17.3.1970;9;0
NAZFELEK;5;1.6.1934;0;5
HEFIDAN;1;17.2.1990;0;1
MEYSULE;1;14.8.1988;0;1
NEBUNI;1;22.11.1973;1;0
SERAAY;1;1.1.1979;0;1
BIRHAMETTIN;1;22.2.1967;1;0
MAARRUF;6;12.11.1977;6;0
MUSULHAL;1;27.8.1968;1;0
ABDULVAHAM;1;10.11.1970;1;0
ROMANI;1;7.2.1958;0;1
AGCIK;28;26.10.1954;0;28
BELMEZ;1;25.6.1979;0;1
ZEKIAY;4;1.4.1961;4;0
EYSIN;2;11.8.1979;0;2
FEZIKNAZ;1;12.5.1965;0;1
RIYADE;2;9.11.1980;0;2
YURDULU;1;15.4.1953;0;1
SULEM;4;11.1.1988;0;4
HAVIDIN;1;3.3.1949;1;0
SEVENAZ;1;18.12.1966;1;0
FIDARIYE;8;13.4.1947;0;8
EVANUR;3;3.8.1978;0;3
BAGDACIN;1;22.1.1973;0;1
KESKINER;4;24.10.1961;4;0
GULFIYER;2;25.5.1962;0;2
MEHBAG;1;8.5.1967;0;1
BULAT;6;28.2.1965;6;0
GURFUN;1;7.2.1982;1;0
TECIBE;1;1.5.1979;0;1
NEMRIHAN;5;18.1.1966;1;4
HAYIRLINISAN;1;14.5.1976;0;1
NERGIZAL;1;18.4.1960;0;1
SEFGA;2;24.10.1966;0;2
SACIDIN;5;17.12.1970;5;0
YASASUN;2;8.11.1969;2;0
OKEN;1;11.12.1966;1;0
FISAN;3;11.10.1958;0;3
MELIKSAN;12;3.7.1968;3;9
ESABIR;2;29.10.1957;2;0
ZULFEDIN;1;6.5.1944;1;0
PERVUZA;1;28.12.1974;0;1
REFAZAN;1;21.8.1971;1;0
OKRAP;1;12.8.1935;1;0
ERCIYAN;3;29.4.1967;3;0
ALBEK;4;4.11.1985;4;0
NEZIGUL;2;29.7.1962;0;2
FERZUH;2;15.8.1955;2;0
ZINHET;1;3.8.1963;0;1
SEYYAF;15;6.6.1968;15;0
IRCAL;4;30.5.1961;1;3
NURDELE;1;6.6.1969;0;1
MULUSE;11;26.7.1962;0;11
IZNE;1;4.10.1968;0;1
NELMITTIN;1;1.2.1965;1;0
BEVCE;1;25.3.1975;0;1
SEZGE;5;9.10.1974;0;5
NECAATIYE;1;2.6.1975;0;1
NUKUF;1;2.6.1969;1;0
CENAFI;1;7.10.1942;1;0
TELAF;1;22.2.1967;1;0
NUSEBIYE;3;22.4.1958;0;3
MUTEYNE;1;22.2.1961;0;1
HUTHAN;1;1.5.1986;1;0
PETRUTA;7;6.2.1975;0;7
KUTSEL;15;6.8.1963;3;12
DUNYAN;5;22.9.1965;4;1
HUREYE;1;7.12.1974;0;1
SABAATULLAH;1;8.2.1973;1;0
YURDESER;1;26.8.1971;0;1
KANDILA;3;2.1.1983;0;3
HUGIR;2;6.12.1991;2;0
TULUY;8;6.1.1974;3;5
ANASULTAN;5;6.4.1961;0;5
BEYTULE;2;12.2.1966;0;2
ECLA;3;5.9.1948;0;3
TAHMAZ;2;3.10.1953;2;0
PIRAZ;3;21.2.1967;1;2
NECDARI;1;7.7.1952;1;0
SEKBAL;9;26.4.1962;0;9
VEDUHA;4;17.1.1960;0;4
BENEMIR;1;7.8.1989;0;1
METRUKE;6;10.9.1964;1;5
SELVERT;1;22.10.1955;0;1
HUDUDE;1;1.11.1932;0;1
LIBIN;7;9.1.1955;0;7
HELIBA;2;8.7.1961;0;2
MINDIK;33;8.11.1964;33;0
IKMEL;1;28.8.1979;0;1
TEZURE;1;16.5.1974;0;1
NEYAN;3;11.1.1959;0;3
AMMUSE;3;29.6.1958;0;3
FETET;2;18.4.1962;0;2
MUTEN;2;15.9.1959;0;2
ZURGANI;3;28.4.1971;3;0
DILIFER;12;20.8.1960;0;12
ESATMA;2;19.8.1957;0;2
EDIZHAN;2;17.2.1973;2;0
LEMISADE;1;23.7.1955;0;1
VIZDAN;19;28.12.1960;0;19
GULPEK;2;5.5.1950;0;2
ELEFTERIYA;9;19.8.1944;0;9
APTULVAHAP;2;5.10.1956;2;0
HUSAYI;1;12.7.1965;1;0
MUHRIMA;6;12.9.1973;0;6
EKART;1;22.3.1975;1;0
ABTULILLAH;1;26.3.1960;1;0
TANAN;2;26.12.1973;1;1
GAVEZ;1;5.5.1973;0;1
ROZALYA;2;24.5.1988;0;2
TATO;4;1.12.1945;3;1
FERFURYE;2;10.10.1967;0;2
EREMZI;1;29.6.1949;0;1
HAPISAN;4;4.6.1964;0;4
ZEMYET;1;16.11.1970;0;1
ABDULSENAM;1;23.4.1979;1;0
ZERINAY;3;11.6.1984;0;3
KANIN;2;4.12.1969;2;0
HILFET;1;12.2.1965;0;1
EDEBIYAT;1;6.4.1955;0;1
RESULAY;3;16.9.1963;3;0
VUYSAL;1;28.9.1984;0;1
RUFAH;1;1.5.1973;1;0
GULIDA;3;17.2.1965;0;3
MURIFIYET;1;4.5.1977;0;1
GANIMSAH;1;1.8.1969;0;1
LUBEYDE;1;16.11.1988;0;1
AYPIKEN;1;13.6.1953;0;1
SUSDEM;2;16.7.1967;0;2
ISRAFETTIN;1;30.10.1973;1;0
ESSELI;1;26.1.1956;0;1
BEZIGO;1;27.2.1962;0;1
SELAU;1;12.7.1957;0;1
SEYITHASAN;3;3.11.1979;3;0
MUTLI;1;22.2.1985;1;0
MIRDAL;1;18.10.1954;0;1
IHSAL;3;12.4.1970;1;2
ERPOLAT;2;9.1.1964;2;0
HACEREHAN;1;3.3.1945;0;1
MIMPER;1;27.1.1968;0;1
MUHHAMMET;3;6.6.1988;3;0
NIZEVAL;1;11.4.1973;0;1
FORTU;1;2.3.1957;0;1
BILERCIN;3;25.11.1955;3;0
MAHEY;10;9.9.1950;9;1
SEYHADDIN;3;17.3.1964;3;0
SAZLI;2;5.5.1933;2;0
ORDOKON;1;15.6.1950;1;0
BEYDAS;2;22.3.1957;2;0
HADEFIYE;1;29.5.1962;0;1
NURAYDAY;1;26.4.1965;0;1
FAKKI;4;28.10.1972;4;0
MENDIS;4;9.1.1968;4;0
BAYRIMHAN;1;12.10.1953;0;1
GUNEGUL;6;2.11.1955;0;6
SAHABIL;2;21.9.1972;2;0
YURTOKUR;1;21.1.1960;1;0
GULTIGIN;2;17.5.1982;1;1
SINILLAH;1;28.6.1943;1;0
GOKSEMA;1;1.12.1982;0;1
LIRA;4;26.10.1954;0;4
DULGER;10;25.3.1971;8;2
OMET;1;16.7.1952;1;0
NEZAFER;11;8.8.1955;1;10
MUJEN;6;21.6.1976;0;6
SEBBUL;1;11.10.1968;0;1
MUSAMME;5;5.11.1967;0;5
NURIPEK;4;16.3.1968;0;4
LEBZER;2;27.4.1954;0;2
SAVUZ;1;22.2.1967;1;0
GULRENK;8;30.10.1955;0;8
ITIYE;2;18.1.1954;0;2
HACIFE;4;21.5.1956;0;4
MERYENE;4;11.10.1967;0;4
CEMASEP;1;28.3.1973;1;0
DANEL;1;26.6.1978;1;0
GULSELE;2;29.9.1969;0;2
CAYIL;1;17.5.1953;1;0
RAYHIME;1;21.6.1966;0;1
MUPTALIP;7;3.11.1966;7;0
ZERCE;1;27.2.1974;0;1
DILAGUL;2;15.8.1987;0;2
MINAHAN;1;19.8.1970;0;1
PERINISA;5;27.4.1941;0;5
RAVKIYA;1;19.8.1971;0;1
MEHRIMAK;2;29.9.1944;0;2
PEVLULDANE;3;19.9.1973;3;0
GULSEZA;4;22.9.1972;0;4
GOZENAY;1;2.1.1955;0;1
UBEYYA;2;18.5.1963;0;2
YAHSENUL;1;4.9.1965;0;1
MEDEHE;50;18.4.1955;0;50
ABDULSAYIM;1;23.11.1951;1;0
PESTEHAN;1;28.3.1974;0;1
ESERHAN;3;18.5.1988;2;1
ESRAMUGE;1;7.12.1987;0;1
KURSIT;1;6.5.1985;1;0
RUBUSA;1;25.4.1970;0;1
YAHSIMEN;1;12.3.1965;0;1
SIMLAY;4;5.9.1980;0;4
CILGIN;7;19.12.1976;5;2
NURSEC;4;28.1.1986;0;4
MAYIYE;3;30.12.1965;0;3
TERIYET;1;17.2.1974;0;1
UBEYDI;4;5.3.1955;4;0
GULBAZ;14;5.7.1956;2;12
BEYBARS;1;16.10.1974;1;0
GULTAMZE;1;19.9.1970;0;1
GUZ;4;2.9.1990;0;4
MARGARIT;29;30.1.1946;0;29
ANJIL;6;26.8.1949;0;6
NURIYAZ;4;9.9.1955;1;3
NIKOL;5;15.3.1975;0;5
A.TALIP;1;28.4.1970;1;0
RAVZATE;3;6.2.1971;0;3
FINDIYE;2;23.5.1954;0;2
IMIK;11;1.3.1952;0;11
NEBHAT;37;21.3.1972;0;37
GARIPSEH;1;30.7.1986;0;1
ZEYYADIN;1;17.8.1969;1;0
GAZNI;23;26.9.1948;0;23
HAMIYLI;4;10.3.1949;0;4
AYNZLIHA;1;22.1.1981;0;1
KIMRAN;4;9.11.1975;1;3
FANIZE;1;23.3.1973;0;1
BUZAN;4;28.1.1968;4;0
SIMEYA;1;27.2.1992;0;1
ERDEMI;1;13.8.1941;0;1
CIBAL;1;11.12.1976;0;1
GELSUNE;1;5.3.1951;0;1
SERTIYE;1;27.2.1974;0;1
SIKO;6;2.6.1965;6;0
MUGRUBE;2;29.8.1980;0;2
DEMAT;2;29.8.1990;2;0
BESIHE;1;23.11.1983;0;1
MUNUVVER;5;6.2.1971;0;5
TAYEDDIN;1;2.2.1957;1;0
PELCIN;5;26.1.1986;0;5
NESRE;19;12.1.1971;0;19
ZEYNELTTIN;1;4.7.1986;1;0
HEDAL;3;8.6.1980;0;3
ROJ;5;2.12.1980;2;3
CEYLEN;1;1.1.1988;0;1
SECRAIL;1;18.10.1990;1;0
SANSIMAN;1;2.2.1975;0;1
GERIPSAH;2;9.9.1971;0;2
DERI;1;27.2.1980;1;0
RUHE;2;3.4.1951;0;2
ASILA;6;3.1.1977;0;6
SARHAT;1;22.2.1967;1;0
MAHIYDE;1;9.3.1971;0;1
NESNAN;2;12.10.1963;0;2
MEVGUL;2;9.5.1977;0;2
MUKEADDER;1;11.6.1984;0;1
VEYNET;1;27.6.1956;1;0
MANDALYA;1;17.2.1966;0;1
YEMRIHAN;2;18.4.1985;1;1
MEVLEM;1;25.4.1991;0;1
NEYET;5;30.11.1970;3;2
MINNOS;15;1.2.1955;0;15
FINDAN;1;2.2.1975;0;1
RIBHAT;3;3.11.1980;3;0
ERTORUL;2;24.1.1967;2;0
MIRKIYE;1;19.2.1966;0;1
BAHRIN;3;22.5.1974;3;0
CEZIPE;1;24.5.1931;0;1
NASLIYA;1;23.2.1966;0;1
YOKSUNU;1;12.2.1977;1;0
SERKO;2;23.1.1965;1;1
MUAZZIZE;1;16.5.1963;0;1
NURCILEM;3;15.9.1976;0;3
MEREKIYE;1;7.2.1976;0;1
ASHAB;1;2.11.1979;1;0
CEBEALI;1;17.2.1954;1;0
HEMSIBAN;1;26.8.1984;0;1
YURTENGUL;1;22.4.1992;0;1
ZULFUHA;1;18.11.1982;0;1
FEYADI;1;28.5.1978;1;0
SEMBSEY;1;27.2.1962;0;1
KAFRE;8;29.11.1972;0;8
NEBRAZ;1;2.4.1969;0;1
TAHIME;5;10.8.1983;0;5
SENAYDIN;33;25.3.1964;25;8
ALAHIN;1;2.2.1975;1;0
ZUBIYIDE;1;2.3.1975;0;1
ECNUR;1;1.8.1984;0;1
ANUK;4;22.6.1963;0;4
NIMNAME;7;9.2.1945;0;7
ABDURCEBAR;1;12.2.1953;1;0
NESRICAN;2;4.7.1969;0;2
NEOFEL;1;2.8.1939;1;0
HADDICE;4;6.1.1965;0;4
BODUK;1;22.2.1973;1;0
KUTAD;3;11.8.1980;3;0
NELISE;1;27.2.1980;0;1
SEMEYRA;2;8.3.1984;0;2
MUZIHE;2;21.9.1966;0;2
UYKUT;2;16.10.1967;2;0
AKLAN;5;14.9.1980;5;0
FETTUMI;1;8.4.1940;0;1
SONGULCAN;1;24.11.1991;0;1
SINEME;3;12.8.1969;0;3
TAYLIN;4;11.1.1983;1;3
NUMANI;1;7.10.1970;0;1
ZEKATE;1;22.11.1971;0;1
NUZAN;3;23.12.1970;0;3
HERBEST;1;16.1.1983;0;1
ESENTOR;1;17.4.1942;1;0
SULTATIN;1;2.2.1951;0;1
MIRAYI;2;23.8.1963;0;2
OGRETIM;1;6.2.1950;1;0
EBLA;1;18.5.1981;0;1
TAFET;1;16.2.1950;0;1
DILAARA;1;25.5.1979;0;1
AYINHAN;1;26.4.1927;1;0
FERAHZAT;1;22.8.1931;1;0
FATMATULAY;1;23.4.1973;0;1
M.FEHIM;2;9.8.1956;2;0
NURAKET;1;2.4.1967;0;1
APTILGAFFER;1;29.2.1953;1;0
SEHRIBEN;7;6.2.1970;0;7
SERAHA;3;10.9.1965;0;3
KINDIZ;1;7.4.1927;0;1
KESKINEL;1;1.11.1955;1;0
SILANUR;1;11.2.1988;0;1
VEHHAB;2;19.7.1964;2;0
SEKEROGLU;1;27.4.1956;1;0
TESADUF;3;6.11.1973;1;2
TAYBENT;1;11.12.1964;0;1
EYZAMAN;1;21.11.1990;0;1
HUNEYN;4;8.12.1974;1;3
AHLA;2;23.8.1975;0;2
TAFIYE;4;29.1.1964;0;4
DIKRAM;1;12.2.1959;1;0
FERINCE;23;3.1.1953;0;23
ABDULKEDIR;1;2.2.1957;1;0
MENSIDE;1;27.8.1988;0;1
HAKIZA;1;21.5.1988;0;1
URCEM;1;22.9.1991;1;0
FANYA;3;15.7.1970;0;3
ELIFZADE;12;25.7.1970;0;12
AYZERAN;3;3.3.1976;0;3
NAFERET;1;27.8.1974;0;1
NEDIRSAH;4;14.8.1959;3;1
RUFFET;1;21.8.1956;1;0
GASIYET;1;9.6.1989;0;1
TEYBENT;1;16.2.1982;0;1
NECIFA;2;4.2.1957;0;2
CERAH;15;30.12.1967;15;0
SAVIS;8;13.2.1949;5;3
ABDUZZIYADDIN;1;3.5.1962;1;0
FASFEDDIN;1;22.10.1973;1;0
GULDINDAR;1;17.2.1966;0;1
HABUS;19;9.10.1960;1;18
BAKARAT;1;17.2.1960;1;0
RECAL;6;13.5.1969;5;1
MUO;6;2.3.1946;6;0
SEVAF;2;9.2.1975;0;2
FIRHAN;6;10.11.1963;0;6
BINEFSAN;1;22.4.1955;0;1
SETTIYE;2;14.4.1961;0;2
NILUFFER;1;14.5.1985;0;1
MERNOS;2;19.11.1976;0;2
SINEMHAN;6;28.11.1972;0;6
SIDILA;1;17.6.1986;0;1
AZIZATE;1;1.8.1977;0;1
KALANDER;3;6.8.1961;3;0
SAHVARAN;1;17.2.1966;0;1
DOSTI;1;27.5.1974;0;1
RUZEYNA;1;12.2.1983;0;1
MUSUME;3;1.6.1967;0;3
DURGER;1;21.4.1939;1;0
FELAMIYE;1;16.3.1944;0;1
VAGFIRE;1;6.3.1971;0;1
EMINETTIN;5;16.12.1961;5;0
ZATIMUR;1;17.3.1967;0;1
ANZELHAN;2;10.10.1984;0;2
ALEVE;1;7.5.1973;0;1
SABIGA;2;19.8.1959;0;2
NAJIYE;3;12.8.1971;0;3
LEPTURE;1;17.9.1960;0;1
HALEGUL;19;7.11.1981;0;19
VEYIME;1;14.4.1970;0;1
MISLIN;11;13.7.1972;2;9
ESREFEDIP;1;9.8.1974;1;0
MILDE;1;16.10.1964;0;1
HENNI;9;24.10.1931;0;9
KEMALA;1;11.8.1955;0;1
ALLEIDIN;1;26.7.1962;1;0
TEYVIK;6;17.12.1970;6;0
EBULHAYR;2;11.4.1943;2;0
NAVAL;33;5.4.1958;4;29
MAYIZAR;3;28.7.1960;0;3
KESREVAN;1;6.12.1991;0;1
SOZBIR;9;28.6.1974;8;1
EYLA;6;13.7.1979;0;6
AYRAN;2;6.12.1983;0;2
MIMO;1;24.4.1941;0;1
MOREY;4;17.3.1957;0;4
ZEYRIYAHANIM;1;13.8.1963;0;1
KEVKE;1;27.8.1926;0;1
CIRCI;46;28.3.1941;46;0
EBUHUDA;1;27.2.1956;1;0
MUNTAH;1;11.5.1943;0;1
SIGHEM;1;17.9.1989;0;1
VEFAYI;5;30.4.1964;5;0
YADIKARGUL;1;2.9.1962;0;1
ZIMEN;1;6.2.1980;0;1
MERRUS;23;16.12.1953;0;23
RIKYAT;1;1.9.1966;0;1
BEDRISTAN;1;17.5.1954;0;1
CEVAZI;1;27.2.1974;0;1
ISTIYAK;2;27.10.1956;0;2
SUKIFE;8;2.3.1949;0;8
MISIRRA;1;12.8.1953;0;1
GULSENIZ;3;22.4.1981;0;3
FIYAD;5;19.3.1957;5;0
NESRATTIN;2;14.6.1971;2;0
LAIMA;8;8.6.1969;0;8
SUHLA;3;17.11.1975;0;3
YERLIKAYA;4;18.1.1968;4;0
ERDO;1;17.2.1972;0;1
RAHVIYE;3;7.4.1960;0;3
RAUFI;2;10.12.1956;2;0
SILTIYE;1;2.3.1951;0;1
DITO;1;12.8.1935;1;0
ILIHANI;1;22.2.1937;0;1
BIRAMA;1;12.8.1929;1;0
EYMIRZE;1;30.3.1935;1;0
MINTIK;1;4.3.1951;0;1
HUZUL;1;22.8.1925;0;1
MEKSURE;11;23.6.1961;0;11
MILIZA;3;12.12.1981;0;3
AVFE;1;18.4.1972;0;1
FEZEL;3;20.7.1962;0;3
BEKLEYIS;9;17.11.1980;3;6
NEZAIL;2;12.2.1972;2;0
UMEYR;4;17.7.1989;4;0
FERYADIYE;1;2.4.1968;0;1
PIRKAYIP;2;2.4.1954;2;0
ULBUYE;9;28.2.1968;0;9
ESTARIYE;1;10.10.1980;0;1
SAKE;78;17.8.1943;0;78
OMAL;1;3.4.1939;1;0
GUSEVIM;1;9.11.1958;0;1
HENIZ;4;23.1.1970;3;1
TUNSUNE;1;21.4.1956;0;1
S.OMER;2;17.5.1964;2;0
MUFIDIYE;7;22.6.1963;0;7
EYYUPAKIF;1;19.12.1991;1;0
HASISET;1;27.11.1974;1;0
FURDUZ;2;24.3.1952;0;2
URVIYE;3;5.3.1959;0;3
SABAHITDIN;4;5.1.1954;4;0
ASIMER;1;26.6.1980;1;0
HELWA;1;7.2.1983;0;1
DILHEM;5;4.2.1989;0;5
ERYAL;6;24.12.1976;1;5
SINBAD;2;8.7.1965;2;0
SUHBEDIN;1;27.8.1968;1;0
RUHASIYE;1;21.8.1981;0;1
TECRIHA;1;2.2.1957;0;1
NAZIGER;5;24.2.1956;0;5
CANUP;2;3.12.1968;2;0
ESEFE;1;4.4.1944;1;0
AKTEZ;1;30.6.1958;0;1
FERBABA;1;2.3.1957;1;0
MUCAAT;2;19.1.1956;1;1
AKCIK;39;8.9.1958;0;39
DONNA;54;4.11.1949;0;54
ILDAN;25;5.9.1968;4;21
NEVLE;4;26.2.1968;0;4
TUGATEGIN;1;14.2.1956;1;0
TANIT;6;13.3.1955;5;1
CIHANSEVER;5;26.3.1966;2;3
AFSINBEG;1;18.7.1972;1;0
YILDIZI;3;17.7.1974;0;3
M.ULAS;1;20.7.1981;1;0
SEZAMI;3;9.4.1968;3;0
MEYREMIS;1;5.10.1959;0;1
KERBIGAZI;4;26.4.1962;4;0
IMIRA;1;24.3.1974;0;1
ULAME;3;11.6.1953;0;3
HEYBI;2;2.3.1945;1;1
EMINEE;2;5.6.1974;0;2
CANYIGIT;4;18.5.1981;4;0
GUNREM;1;19.8.1990;0;1
MEVLITHAN;2;8.3.1967;1;1
MUSTAFAESADULLAH;1;3.10.1981;1;0
RUZKULLAH;9;11.4.1971;9;0
HADIGE;3;5.10.1956;0;3
NILAYMELTEM;1;11.10.1988;0;1
SIVETLANA;3;12.5.1973;0;3
YURDASET;1;18.2.1946;1;0
FERISA;1;22.2.1967;1;0
MUNEVVERIYE;1;5.12.1960;0;1
SAVDAY;1;16.4.1968;0;1
ABDDULLAH;3;9.1.1976;3;0
FEVGI;3;29.2.1961;3;0
BENNIHAN;4;16.2.1962;0;4
BEYTER;4;25.7.1962;2;2
KUCEY;1;27.2.1938;0;1
SOYLUM;1;26.9.1982;0;1
VAGIT;1;3.12.1966;1;0
FERGUR;2;5.9.1957;0;2
HEDAYA;3;27.1.1944;0;3
METINOL;2;1.3.1962;2;0
MEHUDE;1;16.4.1975;0;1
GULOR;3;3.2.1954;1;2
MEMAN;1;29.3.1951;0;1
FIDREVS;1;26.6.1978;0;1
DORE;1;22.2.1955;0;1
HUBEYRA;5;7.9.1964;0;5
SOGE;4;7.12.1965;0;4
SEMIYAT;3;11.8.1961;0;3
HITTO;6;7.6.1955;1;5
NILAN;2;10.4.1974;0;2
HACISIH;1;7.4.1969;1;0
SEMMAS;2;27.8.1953;1;1
ICABIL;7;8.2.1964;6;1
MARKOC;2;19.10.1975;2;0
NEFIZA;3;28.7.1953;0;3
SEDRIYA;9;14.8.1968;0;9
AYTEKINHAN;2;2.5.1968;2;0
HULEYA;1;22.2.1967;0;1
IBNIAYET;1;26.3.1965;0;1
GAPLAN;2;28.6.1942;2;0
FENIN;1;12.12.1946;1;0
HAYRUSGALI;1;2.6.1948;1;0
ICBAL;2;16.8.1962;0;2
EMSE;8;4.1.1954;0;8
NUHVEL;2;13.9.1963;2;0
IYIP;9;6.12.1961;9;0
HANENGUL;1;19.8.1976;0;1
EDIMEN;1;2.2.1963;1;0
OTTILIE;1;22.8.1917;0;1
LUTFET;2;29.10.1951;2;0
ABDULRASIT;10;21.10.1972;10;0
NECIT;10;2.6.1956;10;0
MERHALE;3;18.5.1979;0;3
METHIYA;5;8.6.1969;0;5
TUREYNE;1;6.4.1953;0;1
ALTINOZ;2;14.2.1949;1;1
ILGIMEN;1;1.2.1960;0;1
MUAMMERIYE;12;30.5.1943;0;12
KUTEZZIBAN;1;27.7.1963;0;1
MUINA;1;30.2.1955;0;1
A.NECMETTIN;1;7.8.1934;1;0
MUNISIM;3;1.1.1951;0;3
AYBAGUL;1;8.8.1950;0;1
URUKSEL;1;15.11.1950;0;1
MUVVEDDET;4;22.1.1958;0;4
ERECEP;4;7.3.1962;4;0
FEYHAND;1;1.4.1942;1;0
LEPSUR;1;12.11.1968;1;0
CERIYE;3;12.3.1961;0;3
HURIYEN;4;3.9.1967;0;4
APTUSELAM;1;6.5.1956;1;0
ABDURRANIM;1;22.8.1925;1;0
REINER;2;11.6.1957;2;0
ULGUL;4;19.9.1962;0;4
GULBESEN;2;29.12.1954;0;2
SUVVEN;1;26.11.1971;0;1
NOURTEN;2;11.6.1978;0;2
NEBARIYE;2;6.7.1962;0;2
PERIAY;1;26.2.1982;0;1
DURAT;3;9.1.1961;3;0
MAHIYYE;8;29.6.1962;0;8
TOPBAS;2;17.6.1960;1;1
FIRDESE;9;25.3.1949;0;9
RECMI;3;21.9.1969;3;0
GORPE;3;12.8.1951;0;3
OK;1;7.8.1934;1;0
KUDREDDIN;4;15.5.1966;4;0
ZORBAZ;1;4.10.1987;1;0
ASUMMAN;1;23.2.1970;0;1
SUZINAR;3;27.4.1961;0;3
TAHATTIN;13;22.2.1965;13;0
PEPRIKAN;1;27.6.1974;0;1
SOFCAN;1;22.2.1961;1;0
DINLAVAZ;2;19.3.1960;0;2
SUMURU;1;23.9.1941;0;1
MAYMA;2;17.12.1959;0;2
HULEGUHAN;1;17.3.1972;1;0
LEZHAT;2;7.12.1990;1;1
LEZBIN;2;28.9.1988;0;2
URGAY;5;24.10.1968;4;1
UMMIBANI;1;26.7.1987;0;1
MUAHMMED;3;25.11.1986;3;0
KITAYAN;3;3.7.1933;0;3
YEZCERT;1;24.6.1943;1;0
BIYER;1;17.2.1990;0;1
RESKET;1;23.6.1959;0;1
NAIZER;11;19.1.1966;0;11
SIKRET;3;16.2.1962;0;3
ERMINEH;1;15.9.1979;0;1
HAKIMULLAH;1;19.4.1966;1;0
FERESIN;3;6.5.1981;0;3
FEDANET;10;25.5.1965;4;6
CUMAZIM;2;21.11.1957;2;0
SEMAVEL;1;12.2.1971;0;1
ISTIHAM;1;16.2.1981;0;1
BERIBEY;1;21.12.1971;1;0
EDYTA;1;9.2.1972;0;1
FARIZA;5;23.1.1956;0;5
ROFA;1;7.8.1934;0;1
GUNEYYE;2;24.3.1973;0;2
HERDEME;2;17.12.1968;0;2
HEDDO;1;21.8.1960;1;0
SABRIHAN;4;20.8.1979;2;2
YARKUNAY;1;10.6.1991;0;1
GULIHSANIYE;1;7.7.1983;0;1
RUHISU;2;10.8.1991;2;0
BANUNUR;2;16.2.1982;0;2
ALITEKIN;4;7.9.1967;4;0
GONULAL;3;24.10.1949;0;3
ILAHIYET;3;28.6.1983;1;2
BAHADDIR;2;11.5.1978;2;0
OBJE;1;4.9.1987;0;1
SETTEMU;1;11.12.1946;0;1
ASIKCEMAL;1;12.3.1963;1;0
SEMBAZ;1;9.3.1964;1;0
SAHRABANE;1;29.4.1968;0;1
ULAC;3;2.8.1986;3;0
CULLAH;1;6.6.1979;1;0
MERDIKAN;1;26.10.1957;1;0
SABIRBINA;1;26.6.1991;0;1
VENNEZ;1;2.5.1963;0;1
ALIHACI;1;18.9.1939;1;0
MIRZEDDIN;4;19.4.1974;4;0
ZEYRU;1;13.1.1958;0;1
BEYZAGUL;7;25.5.1976;0;7
UFERYA;3;8.5.1987;0;3
SERYE;7;20.7.1972;0;7
ETHEL;27;19.10.1974;0;27
MERHAC;1;14.12.1970;0;1
DOLAT;9;20.10.1946;0;9
POLIHAN;3;10.12.1980;0;3
MUZEZEM;1;12.9.1955;0;1
OZGURSOY;2;15.4.1975;2;0
ZERUGA;6;20.3.1966;0;6
AYNILMARDIYA;1;16.10.1980;0;1
GONULCAN;3;9.11.1969;0;3
ABDULBESIM;2;27.4.1966;2;0
NURUSAN;16;12.3.1962;2;14
SONDOGAN;8;3.12.1963;7;1
FERINUR;1;14.11.1987;0;1
APTILNEZIR;1;30.2.1970;1;0
HORUMAN;1;16.1.1963;0;1
JILBER;39;14.8.1962;38;1
NAMEGOL;1;8.5.1969;0;1
MAZLUMCAN;1;12.8.1989;1;0
ZEYLAL;1;9.5.1960;1;0
NIMIDE;2;4.1.1968;0;2
SINANCEM;1;11.12.1991;1;0
MELIZYE;1;3.3.1992;0;1
ANTUANET;8;29.9.1952;0;8
SURUK;2;27.7.1972;0;2
M.HASAN;3;14.8.1957;3;0
GULLASER;1;6.8.1961;0;1
GOKPER;4;2.12.1975;4;0
TELKIN;2;8.1.1959;1;1
AYSEMSIN;1;2.4.1972;0;1
NUGRAY;2;17.7.1968;0;2
A.RAMIZ;1;11.2.1956;1;0
BERKTAS;3;23.8.1967;3;0
MUSEMME;33;12.10.1960;0;33
FEHLULDANE;1;3.2.1963;1;0
SANDA;12;10.1.1968;0;12
NURZILA;2;2.11.1961;0;2
FAEZEH;2;13.12.1971;0;2
ALYEL;1;25.7.1975;0;1
JAFAR;1;18.8.1963;1;0
MERSEN;3;23.7.1963;1;2
ALIDA;21;22.2.1976;0;21
SOHRIYE;5;3.5.1957;0;5
NEBICE;1;23.2.1967;0;1
FERANSER;1;14.1.1952;1;0
AHMAT;4;28.2.1971;4;0
ARICAK;1;6.4.1980;1;0
NEHIRCAN;4;23.5.1976;2;2
MAFARIYE;2;2.2.1983;0;2
NASMIYE;8;30.4.1965;0;8
ILYADA;2;30.2.1991;0;2
ANDON;29;12.11.1948;29;0
GJEJLAN;1;30.5.1958;0;1
SARTUK;2;25.9.1978;2;0
RECPER;1;26.9.1978;0;1
DOLLI;5;5.10.1952;0;5
GOKGUR;2;18.12.1987;2;0
HITIT;3;26.3.1957;3;0
MUFTEZA;1;27.3.1962;0;1
CEZIHA;1;2.4.1951;0;1
BUSEYNIYE;1;2.2.1963;0;1
MAVAS;4;24.8.1949;2;2
ALFERT;5;28.8.1947;5;0
PIRUSHAN;2;20.6.1966;0;2
DEBRELI;1;23.11.1957;1;0
OZLERIMCAN;1;13.2.1978;1;0
MAAN;2;21.1.1972;2;0
PERISEL;2;29.2.1969;0;2
SISEN;1;18.4.1966;0;1
NISREM;4;7.3.1982;0;4
ELAL;6;17.3.1961;6;0
MURSEMIHA;1;12.9.1959;0;1
M.SAMI;5;9.7.1939;5;0
HUSNEL;2;15.2.1958;0;2
GULEYHUN;1;14.11.1973;0;1
ILAC;1;4.9.1990;1;0
BILZER;2;13.5.1955;0;2
MUBEDDIN;6;30.3.1960;6;0
BABE;1;7.6.1982;1;0
SEVAK;5;3.7.1970;3;2
SELAHHATIN;1;1.3.1992;1;0
SENULKER;1;9.4.1935;0;1
AHBEL;2;1.8.1986;0;2
REEM;2;4.3.1970;0;2
M.IZZETTIN;1;17.2.1966;1;0
SEITALI;1;27.10.1956;1;0
GUNCAFER;2;25.9.1970;0;2
JESSIANE;1;8.12.1977;0;1
ENTUT;1;11.8.1966;1;0
MEHMETBARI;1;17.3.1978;1;0
OZGULLU;2;2.5.1973;0;2
KEHRI;2;2.2.1934;0;2
SABIGE;3;3.5.1957;0;3
MENENUR;1;1.5.1972;0;1
REY;3;7.5.1959;1;2
ALIMANSUR;1;12.8.1971;1;0
ACDA;7;2.3.1975;0;7
SEBIRHAN;4;5.12.1970;2;2
SOZEM;2;14.10.1963;0;2
AYMULA;1;13.1.1982;0;1
GULMER;3;21.5.1968;0;3
ADLAT;1;17.2.1960;0;1
ENA;2;20.8.1984;0;2
ZUNEYRE;4;14.10.1982;0;4
SERIVEN;1;28.12.1991;0;1
HAYDI;1;22.9.1979;0;1
CIHANDABIR;3;9.5.1987;1;2
IHSANNURI;10;13.6.1967;10;0
TALEFSIZ;1;7.3.1957;0;1
SUTHAN;2;18.2.1957;0;2
ZULLU;2;28.10.1951;0;2
DIYNET;1;17.3.1965;0;1
SILVANE;4;8.10.1968;0;4
RIFKA;32;25.5.1962;1;31
GIORGI;2;15.2.1988;2;0
SIHIS;10;6.3.1967;10;0
ILMEDDIN;25;23.2.1964;25;0
ULGAY;3;9.8.1970;2;1
FILINTE;5;21.2.1947;1;4
BAYKUTAY;1;26.5.1989;1;0
SINTEN;2;4.5.1972;0;2
KARNIK;39;15.7.1950;38;1
GOKSEREN;3;2.12.1963;0;3
NURCANAN;9;30.5.1970;0;9
SARPIL;1;16.8.1969;0;1
BEYZEN;2;17.4.1975;0;2
FENUR;3;13.8.1968;0;3
SELANA;1;7.3.1988;0;1
BERCU;1;12.8.1923;0;1
ARSLANUT;1;27.12.1944;1;0
HACIRIFAT;2;26.9.1970;2;0
CORCI;7;5.4.1940;7;0
AZRIYE;1;19.3.1960;0;1
SIMREN;2;20.11.1972;0;2
ILMIHAYAT;1;7.12.1976;0;1
FEDIFFA;1;24.10.1968;1;0
CESI;16;2.9.1979;4;12
NILESEN;3;19.1.1980;0;3
NELFUR;1;8.6.1932;0;1
ONGUMUT;1;2.12.1968;0;1
EFTIKAR;1;22.8.1937;0;1
HENGUNER;1;23.5.1949;1;0
VASILIKO;1;26.7.1961;0;1
MAKBEL;2;5.2.1970;0;2
AYSETUL;6;22.1.1988;0;6
BEHICI;1;7.6.1950;0;1
ABDULAZAT;1;11.8.1979;1;0
VASILICA;18;19.5.1972;0;18
VIOLETA;49;28.6.1970;0;49
GUBEDEN;1;22.7.1955;0;1
SOYLEZ;1;2.10.1975;0;1
ZOUHEIR;1;22.8.1955;1;0
CHERYL;1;10.12.1967;0;1
MONIR;2;14.8.1955;2;0
MIM.;1;7.8.1934;1;0
IMGULSUN;1;27.2.1968;0;1
CEYREM;1;22.11.1965;0;1
GELINDA;1;11.2.1980;0;1
SNIZHANA;1;17.10.1978;0;1
FENNUNE;1;23.6.1927;0;1
MITHET;12;4.4.1956;12;0
ERTUGUL;2;15.5.1964;2;0
ATOMER;2;30.8.1963;2;0
MUSEIL;1;20.3.1936;1;0
MELAHIME;1;27.9.1920;0;1
HUSEYINSULEYMAN;1;5.6.1986;1;0
REHNE;2;9.10.1969;0;2
AZEDE;8;10.4.1958;0;8
BERCIHAN;1;13.4.1987;0;1
SUVEYDET;1;16.5.1970;0;1
MIRIMELEK;7;13.10.1957;7;0
ABDULHALI;2;8.5.1965;2;0
HALCAN;1;28.11.1972;1;0
CAHDE;1;21.9.1977;0;1
BAYSEBA;2;30.2.1964;0;2
VECDDIN;2;6.4.1972;2;0
BESULE;1;29.5.1982;0;1
HOSAMEDDIN;1;18.12.1980;1;0
CIHADETTIN;4;24.10.1965;4;0
HANYA;1;26.3.1990;0;1
HADIYEFUNDA;1;5.6.1972;0;1
NESGUL;9;8.9.1975;0;9
GEZBABA;1;29.2.1955;1;0
HABUSE;2;29.4.1972;0;2
ZOZEN;2;12.8.1980;0;2
GULSILA;3;6.9.1970;0;3
ALDAR;1;16.2.1981;1;0
ZIYAENNUR;1;22.8.1931;0;1
MADIYA;2;11.1.1970;0;2
ISBIRE;1;21.2.1958;0;1
GULDAFAT;1;2.2.1951;0;1
GULDAVER;1;9.8.1987;0;1
GULSAHINDE;1;27.10.1953;0;1
ARZIM;6;16.5.1958;2;4
MECLIME;1;19.5.1942;0;1
SEVBETA;1;4.10.1991;0;1
CHRISTELE;2;25.3.1970;0;2
SEYMUR;10;18.1.1962;7;3
LORINE;1;5.4.1965;0;1
GURUZ;1;30.4.1964;0;1
ABAYI;1;26.9.1961;1;0
CAHFAR;7;14.5.1950;7;0
CAVLIHAN;1;11.11.1962;1;0
AHUDE;3;1.7.1977;0;3
FULUS;2;29.12.1969;0;2
BERTAY;6;29.9.1979;6;0
MERYAME;3;11.11.1978;0;3
FABYULA;1;27.12.1970;0;1
GOKLEM;2;23.4.1973;0;2
VANI;4;5.12.1958;4;0
SAHANBANI;4;8.1.1970;0;4
MESTINA;1;22.11.1973;0;1
RUKKIYET;1;10.2.1992;0;1
PETYA;3;25.11.1973;0;3
MUNUFSE;1;5.5.1945;0;1
ABDULHAYIR;11;8.10.1953;11;0
FEVAZE;1;28.3.1962;0;1
ROVYA;1;16.10.1961;0;1
ALPAKUT;4;25.7.1970;4;0
NAYCAN;1;28.1.1962;0;1
BURUK;2;30.6.1979;0;2
MAY;7;4.6.1970;0;7
LORETTA;3;24.3.1957;0;3
GULDUSUREN;2;26.5.1970;0;2
SEMADAR;2;20.7.1959;0;2
RISAL;3;26.8.1963;3;0
OYGAR;9;24.10.1977;7;2
TERAKIN;1;30.3.1952;0;1
ZUKIYE;1;11.5.1974;0;1
MACBURE;4;6.11.1972;0;4
KENDISAN;1;12.3.1965;0;1
YUCEM;8;12.1.1984;5;3
SEVANMINAS;1;14.12.1991;1;0
FAHO;2;28.7.1938;1;1
HAYNDO;1;2.2.1951;1;0
SEZINAY;1;8.11.1988;0;1
JERMIN;14;3.7.1957;0;14
HEZA;2;22.2.1955;1;1
SUMRAL;18;24.1.1970;3;15
SENDURSUN;1;27.7.1941;0;1
SEMIGA;4;2.9.1960;0;4
TEMRI;1;22.8.1931;0;1
SAVVAS;1;12.2.1992;1;0
OFELIA;10;5.6.1958;0;10
HOKES;6;24.4.1961;6;0
RIVEYDE;4;6.12.1973;0;4
TUGBARS;6;9.6.1979;6;0
ZULKARINI;1;29.2.1961;1;0
ISILHAN;4;29.12.1978;1;3
SERDAM;3;1.2.1975;3;0
NURELHADA;1;30.5.1963;0;1
KIBI;1;2.4.1943;0;1
SEBITE;14;27.10.1966;0;14
MARUSKA;3;5.12.1963;0;3
MAHFURIZI;1;10.4.1928;0;1
MAZIA;1;2.8.1933;0;1
MEYHANUR;2;17.2.1948;0;2
GEBAT;5;3.10.1970;2;3
SIRANUR;1;26.9.1965;0;1
ORVILLA;1;4.7.1936;0;1
TABINAKCAYA;1;6.12.1970;0;1
FEYSAN;1;2.4.1965;0;1
ATIFI;1;26.11.1972;0;1
KUDURAT;1;6.6.1954;0;1
NERUKA;1;28.7.1957;0;1
MUNIRITTIN;1;8.10.1964;1;0
HACIBAS;1;13.3.1958;0;1
LADEN;29;23.10.1982;0;29
ANTUAN;14;9.3.1960;14;0
MELIFER;3;1.3.1952;0;3
VENSAN;6;18.6.1941;6;0
UGAN;3;12.8.1971;3;0
NITTERYA;1;14.7.1975;1;0
CANOZU;1;14.12.1981;1;0
NEV;7;27.3.1962;0;7
KUDAY;12;30.4.1963;9;3
TANSES;13;19.6.1966;0;13
GUIDO;4;11.9.1944;4;0
NOKET;1;14.10.1945;0;1
DUYSEL;8;13.3.1972;0;8
MELBAHAT;1;26.2.1942;0;1
KORCAY;6;21.12.1980;6;0
ATRE;12;20.6.1935;0;12
GOKCAL;3;9.4.1947;1;2
DERGI;4;29.10.1969;1;3
LEVIKA;3;2.4.1952;0;3
UREDIYE;3;13.7.1955;0;3
RIHAT;9;28.10.1971;9;0
INAZ;4;22.8.1959;1;3
DAYGAM;1;8.5.1958;0;1
PESENG;5;17.1.1984;4;1
ATAOV;2;28.10.1974;2;0
SEZEM;7;2.8.1980;0;7
BEDISABAH;2;25.9.1959;0;2
ROZAY;1;18.10.1986;0;1
BESSAN;3;9.12.1966;3;0
MEKAYIL;15;30.1.1971;15;0
KUKRER;2;4.11.1947;2;0
EBIBEKIR;2;17.12.1973;2;0
CANSELMA;1;9.9.1991;0;1
DILEDA;5;3.5.1984;0;5
FATHIL;1;17.8.1936;1;0
ULSIYE;3;18.5.1309;0;3
YIGITKEREM;1;15.7.1987;1;0
BENGICAN;3;12.9.1985;1;2
NUSIZE;4;7.6.1961;0;4
BELDIK;1;12.2.1977;0;1
AHVEL;1;1.8.1967;0;1
EYTIS;1;22.7.1979;0;1
SUBERYA;6;14.3.1980;0;6
SIDDED;1;6.4.1966;1;0
URREM;9;5.4.1960;0;9
BERKANAT;2;1.7.1970;2;0
NESEMIN;5;29.9.1967;0;5
FEVZIRAMI;1;3.6.1938;1;0
SANAC;3;23.6.1956;1;2
K.GURAY;1;20.11.1974;1;0
ABDILNASIR;1;22.2.1973;1;0
HAYADIN;3;27.12.1958;3;0
ZINHAN;1;6.3.1936;1;0
NEYYIRAN;2;8.3.1953;0;2
DUBRAVKA;2;16.3.1957;0;2
KARDIYE;4;2.3.1965;0;4
FERDUS;10;25.9.1966;0;10
BINYAMIL;7;7.1.1959;7;0
YELSEN;2;4.7.1977;0;2
ABINAZ;4;14.10.1959;0;4
SINEL;17;30.2.1971;1;16
UFUKAY;8;10.2.1973;3;5
HALILULRAHMAN;3;25.12.1973;3;0
NECIS;2;12.9.1965;0;2
CANNER;2;18.3.1984;2;0
VEDIAT;2;13.3.1966;0;2
GULDEMAY;3;29.11.1970;0;3
TURECAN;1;19.6.1989;0;1
DIRSAD;1;13.11.1973;0;1
AREN;53;26.4.1985;51;2
MEY;20;2.6.1964;1;19
CAGIRI;2;17.3.1984;2;0
AZZI;2;27.2.1944;0;2
EMAD;1;27.8.1956;1;0
RAMILA;7;5.7.1978;0;7
SAFVATULAH;1;19.8.1970;1;0
BOLGEN;2;22.1.1967;0;2
ABEBEKIR;2;2.7.1972;2;0
AKYAY;2;1.3.1976;2;0
MUSTEHA;1;8.6.1963;0;1
ALEVVETTIN;1;19.1.1974;1;0
ADAYLA;1;30.3.1973;0;1
AZIDDIN;10;17.11.1960;10;0
ZAMHANNUR;1;9.3.1963;0;1
GULELVAN;2;18.6.1965;0;2
NECDEDDIN;4;21.1.1956;4;0
M.ESAT;3;28.9.1932;3;0
KOCAY;6;29.11.1977;5;1
MUHTAP;1;1.12.1955;0;1
HEPSE;7;2.6.1971;0;7
GULGUNGUL;1;13.6.1950;0;1
SAHITSEN;1;25.5.1958;1;0
ABASA;5;14.11.1957;0;5
NEVZATHAN;2;21.7.1979;2;0
KIZILCAN;3;10.9.1979;2;1
LURIZ;4;13.11.1962;0;4
SAKIMA;1;23.3.1973;0;1
ZIYED;1;6.3.1974;1;0
DURFEYZULLAH;1;3.3.1951;1;0
HAYIRLISA;1;25.10.1966;0;1
M.HUSAMETTIN;1;22.9.1961;1;0
FEVRUZE;9;26.12.1963;0;9
RUTBEDIN;1;2.3.1957;1;0
SHEILA;8;12.9.1947;0;8
BELSEM;2;20.1.1986;0;2
SEBLEN;5;15.12.1968;0;5
SZILVIA;1;5.11.1970;0;1
TUTAM;5;24.3.1986;0;5
SILVYE;1;26.9.1967;0;1
MUZAATTIN;1;3.4.1969;1;0
N.YILMAZ;1;26.2.1965;1;0
SERMIR;2;15.5.1975;2;0
R.YASIN;1;2.8.1939;1;0
MUGRALLAH;1;18.10.1976;0;1
NEVRIYAN;1;9.3.1946;0;1
GOKCECAN;3;27.8.1988;2;1
GUNCESU;1;18.4.1991;0;1
UTAY;1;22.2.1991;1;0
NASRIDDIN;15;7.5.1952;15;0
TUNCIHAN;3;18.6.1963;0;3
MIRSIVDIN;1;15.1.1971;1;0
MIDIK;10;28.4.1964;10;0
ALIMETIN;3;5.8.1975;3;0
HEYSI;1;22.5.1960;1;0
SOLIYA;4;15.4.1954;0;4
DUYGUSU;1;28.9.1989;0;1
NILIYA;1;14.9.1969;0;1
IMISHAN;1;19.3.1954;0;1
BEHZAZ;1;13.5.1970;1;0
YURDASEV;11;19.3.1956;1;10
MAJDOLIN;1;30.12.1973;0;1
CANBAHRI;1;1.10.1984;1;0
ORCA;2;29.2.1983;1;1
DILHAR;4;25.2.1950;1;3
EFRICAN;1;30.6.1972;0;1
VADDAH;1;21.10.1969;1;0
M.CELAL;9;8.4.1946;9;0
NUHYASAR;4;30.6.1967;4;0
SUKRANNAZ;1;27.10.1966;0;1
PIRJIN;1;27.4.1992;0;1
INTIHAN;2;16.1.1971;0;2
SEVGULHAN;1;10.1.1970;0;1
BUHSINE;1;19.12.1959;0;1
ZIEYDIN;1;22.6.1973;1;0
ZIMRET;2;30.1.1948;0;2
BIRGULSEN;1;17.4.1966;0;1
KEMALIA;1;7.8.1964;0;1
FEDLA;4;22.8.1979;0;4
IMAR;2;16.10.1981;2;0
GURKANI;1;8.8.1991;1;0
LEKHIZA;1;1.7.1969;0;1
MARILENA;17;12.11.1974;0;17
MELYEM;2;23.8.1977;1;1
HATIRMAZ;1;19.11.1959;0;1
ROVEYDA;3;8.1.1976;0;3
HURESEN;1;2.4.1951;0;1
FETTA;7;21.4.1966;7;0
ANGUN;1;5.10.1964;1;0
BIGAR;3;10.8.1958;1;2
ZEHIR;30;26.4.1959;28;2
CENCIYE;1;12.7.1941;0;1
ALIGULU;3;18.3.1961;3;0
OZDAS;2;18.11.1977;2;0
SUNMEZ;4;16.8.1958;1;3
OVGEN;1;22.6.1986;1;0
RIYADHAN;1;25.9.1990;1;0
M.FARUK;15;24.3.1963;15;0
SEKRIME;1;27.10.1974;0;1
TOY;3;13.8.1950;2;1
EFENUR;1;15.8.1968;0;1
AYETDIN;3;22.6.1958;3;0
ABDULHAKHAMIT;4;5.12.1952;4;0
HURMETE;1;2.5.1952;1;0
TUYLUN;1;2.3.1957;0;1
ALBERD;1;6.10.1954;1;0
SERYAR;2;16.3.1974;0;2
MEFRAG;1;16.4.1951;0;1
ILIHA;4;27.10.1963;0;4
IYAD;8;5.1.1972;8;0
LIMA;9;27.8.1965;0;9
FIGENNUR;4;3.8.1980;0;4
REMON;1;27.7.1944;1;0
SEMNEM;6;27.6.1975;0;6
ANNIL;1;25.7.1967;0;1
ATRANUR;2;8.1.1967;0;2
ESRARI;2;18.7.1986;2;0
EVRAHI;5;14.2.1978;1;4
YAHYACAN;4;27.5.1987;4;0
ALLAHDAN;1;16.5.1963;1;0
LIVEN;1;8.3.1976;0;1
MAYES;3;1.1.1958;0;3
NEYYRAN;1;13.2.1952;0;1
ROMYO;1;30.2.1976;1;0
MERKINAS;1;26.12.1963;0;1
VAILE;6;8.9.1973;0;6
BIYKE;1;30.7.1969;0;1
YUSUFALP;1;22.8.1919;1;0
BAZIDE;2;2.2.1954;0;2
HUDEYDI;1;8.11.1985;0;1
NURRAN;2;10.12.1952;0;2
CEMMAYK;1;22.3.1959;1;0
BORABAY;3;5.12.1977;3;0
ALLAITIN;1;25.5.1957;1;0
GUNSIN;3;9.5.1955;0;3
ZULAYHAN;1;22.3.1979;0;1
KUNEN;1;17.3.1934;0;1
APTULSAMET;4;1.2.1977;4;0
KINDA;4;26.3.1975;0;4
RUMISAN;1;17.2.1990;0;1
MELINA;31;27.4.1958;0;31
KAMERTA;1;10.1.1985;0;1
BENCEMIN;1;14.2.1990;1;0
TERZA;1;6.4.1931;0;1
NURCAT;1;7.6.1971;0;1
MANUK;86;5.2.1953;86;0
MARYO;14;9.12.1956;14;0
LOR;3;23.1.1936;0;3
NAZIKCAN;2;1.4.1988;0;2
PEHRIZAN;2;6.9.1967;0;2
SELGAN;2;14.2.1977;1;1
TANALP;2;22.3.1988;2;0
GORKEMLI;1;13.12.1976;0;1
ADOLF;2;20.3.1946;2;0
FIRSITE;1;22.2.1973;0;1
KONUK;4;30.5.1968;4;0
JOEL;12;29.4.1981;2;10
RULA;4;5.7.1976;0;4
BERVES;1;22.10.1949;0;1
FERZEND;12;10.8.1977;12;0
SUHAELA;1;7.8.1940;0;1
VIRJINI;9;22.1.1949;0;9
PATRIZIA;4;16.1.1971;0;4
RAMAZ;1;16.8.1986;0;1
LORET;4;10.8.1956;0;4
OZBEKHAN;3;20.7.1989;3;0
OLBA;1;30.11.1988;1;0
ZUVART;2;27.8.1932;0;2
METLI;9;27.5.1968;9;0
JESIKA;2;24.8.1986;0;2
GUNESEN;2;2.3.1951;1;1
FUDA;3;27.11.1969;1;2
SEZAYER;1;25.10.1964;1;0
SIRACITTIN;4;23.3.1954;4;0
USTUNKAL;1;21.9.1982;0;1
TANYILDIZ;3;13.5.1949;1;2
REYAGEN;1;7.2.1964;0;1
ESMIRAL;2;12.1.1974;0;2
GULSAKINE;3;4.6.1972;0;3
NUKDA;1;16.1.1951;0;1
KIFIYAT;1;2.2.1969;0;1
TULYE;2;20.7.1965;0;2
SATIRE;9;3.6.1950;0;9
RAYIHAN;2;21.5.1946;0;2
GULZEN;7;19.9.1960;0;7
RAMAZAR;2;5.6.1957;2;0
HERVE;4;4.1.1952;4;0
OGSEN;2;3.11.1961;1;1
EBRUM;2;18.6.1979;0;2
SELBANI;3;28.8.1940;0;3
MUHFIDE;1;2.11.1985;0;1
ALAMIDDIN;19;5.6.1959;19;0
LIMYANA;2;21.6.1965;0;2
YURDSEL;1;20.6.1941;0;1
SILYE;1;19.4.1965;0;1
CEVVAL;14;21.8.1958;8;6
POLETTE;2;1.7.1941;0;2
SAHMURE;3;14.2.1973;0;3
CIVANBEY;1;4.6.1966;1;0
JONPIYER;1;1.4.1978;1;0
ISIS;1;23.3.1937;0;1
A.TEKIN;2;28.11.1948;2;0
SOM;1;14.1.1971;1;0
NAITTIN;5;22.6.1966;5;0
AYCIM;13;20.2.1979;0;13
ALINE;6;9.7.1959;0;6
NURSAYIT;3;5.9.1981;3;0
KAYTEL;1;8.2.1952;1;0
SEYMITTIN;1;2.2.1939;1;0
AMAR;5;9.10.1975;5;0
MEZUDA;1;4.11.1950;0;1
ELIFAN;5;15.10.1960;0;5
YEREL;3;13.12.1961;1;2
ADVER;1;27.4.1950;0;1
GECAM;1;20.12.1980;0;1
YUSUFGUN;1;1.3.1983;1;0
TUGGER;1;26.2.1985;1;0
ZEHNEL;1;22.2.1959;1;0
MAFIGER;1;27.9.1962;0;1
LEHIDE;1;8.2.1962;0;1
ETEN;4;3.3.1962;3;1
GARDANE;1;23.11.1973;0;1
NEFFARET;2;9.1.1968;0;2
YELPIZ;1;17.12.1991;0;1
BUNYAMUL;2;17.6.1955;2;0
FENNAZ;4;12.9.1946;0;4
AHIZEM;1;17.2.1954;0;1
BETIBE;2;30.6.1941;0;2
BERDISE;1;11.1.1968;0;1
HURLISAN;1;6.9.1973;0;1
FADIMIYE;1;7.9.1964;0;1
UMMUSELAME;2;19.3.1977;0;2
KADINCA;3;16.12.1937;0;3
SAHLAR;2;2.3.1973;2;0
OGUSAN;1;22.1.1973;1;0
KANMAZ;7;4.6.1957;5;2
KANAR;4;23.12.1962;1;3
EHLIZ;1;7.7.1976;1;0
FEYRAT;1;16.11.1970;1;0
SONUMIT;3;9.12.1976;3;0
MUHAMMETUL;1;20.8.1984;1;0
CEMIDE;14;27.6.1966;0;14
MULTEZEM;10;19.6.1983;3;7
EYLEMGUL;1;20.8.1976;0;1
EVLATUN;2;9.12.1957;2;0
GARIBIYET;1;3.8.1987;0;1
DILSIKAR;2;12.5.1952;0;2
KEHRIMAN;5;5.8.1948;0;5
URFE;7;17.5.1955;0;7
SEVDIYAN;11;26.1.1964;0;11
RAVI;7;13.10.1951;5;2
NAHITE;1;8.5.1976;0;1
TUGRULALP;1;27.7.1991;1;0
NAZISIYE;1;12.2.1959;0;1
SURKAY;4;25.5.1969;2;2
ESELIM;1;2.1.1971;0;1
MUHLISIYME;1;27.11.1957;0;1
ERIT;1;17.2.1954;1;0
GOSEHUJ;1;22.8.1931;0;1
CENKCIMEN;1;6.10.1967;1;0
HIRFAN;6;25.1.1966;5;1
EMRIBIYE;1;16.3.1985;1;0
GRES;2;18.9.1987;0;2
UMUTIYE;1;26.2.1971;0;1
NAVZIYE;1;7.3.1960;0;1
SUDEYHA;1;2.7.1963;0;1
LENDAGUL;1;12.12.1963;0;1
SUMUTEN;2;11.1.1954;0;2
UNVAR;2;23.7.1965;1;1
MUVAFFIDE;1;8.3.1943;0;1
YILDONER;14;5.10.1968;6;8
UMMURIZAN;1;28.3.1963;0;1
CEMA;6;13.10.1962;1;5
OFISE;1;1.10.1957;0;1
LISALIYE;1;24.11.1978;0;1
GORDUM;1;22.12.1949;0;1
MIREYLA;1;26.4.1991;0;1
MAHSUP;11;1.11.1974;11;0
HULDI;4;10.4.1961;4;0
NARCAN;9;30.11.1973;0;9
VUAT;1;6.3.1967;1;0
KUMRUHAN;3;20.8.1972;0;3
PUNZEL;1;30.2.1966;0;1
TEMEN;4;17.1.1963;4;0
ASIT;10;20.9.1961;4;6
DESDUR;1;7.2.1970;0;1
HULDIYE;4;11.1.1963;0;4
SUYUM;5;3.4.1960;0;5
B.RAMAZAN;1;28.2.1962;1;0
SUBBEN;1;17.2.1972;0;1
CIZDAR;1;21.10.1960;1;0
KUTVER;1;27.10.1943;1;0
FEHINAZ;2;20.9.1950;0;2
ZULGARIN;5;17.7.1962;5;0
TEFIYDE;3;3.12.1957;0;3
ILKAYDENIZ;1;7.2.1976;0;1
ASALATTIN;1;26.4.1966;1;0
YEMLAHI;1;26.2.1965;1;0
NIKAHIR;1;7.5.1972;1;0
FERGIYE;5;18.2.1967;0;5
HASGADIN;1;25.12.1968;0;1
SURUYYA;5;17.7.1968;3;2
ORBAYHAN;1;5.5.1988;1;0
MAHSURIYE;2;29.6.1953;0;2
NAVROZ;3;2.2.1959;0;3
FETHIK;1;19.2.1936;0;1
UNSEV;2;17.3.1972;2;0
SABAHIR;3;14.4.1948;0;3
MUHENDER;1;11.12.1950;1;0
ABDILGANI;5;3.7.1953;5;0
ELDAN;9;7.10.1968;0;9
SEYFIZULYAZAN;1;26.4.1966;1;0
GURUFE;1;12.6.1965;0;1
GIYASIN;1;16.11.1976;1;0
MEVZIN;2;6.10.1960;0;2
RABUATUL;1;1.10.1943;0;1
SEHRINAN;2;9.8.1956;0;2
UZIYDE;1;27.4.1980;0;1
SIMSAN;1;17.4.1942;1;0
MUFUYDE;2;17.3.1966;0;2
HASIRBE;1;17.6.1946;0;1
METKIN;1;22.2.1961;1;0
IHVAN;11;20.6.1968;9;2
SELKAY;1;12.9.1983;1;0
ZUL;4;10.10.1965;2;2
BUKRAN;3;19.2.1975;1;2
EKSAMIL;1;16.12.1951;1;0
ALBEYAZ;2;30.1.1952;0;2
EYCES;1;2.4.1979;0;1
EBILE;8;3.1.1969;0;8
YEMLAY;1;7.3.1970;0;1
KANIGMET;1;6.2.1956;0;1
HUREYDEN;1;1.1.1964;0;1
RAMAZANALI;2;23.3.1966;2;0
MEVCIYE;1;21.10.1959;0;1
SAFEHATTIN;1;19.6.1987;1;0
NAVIYE;10;16.5.1960;0;10
HURUAY;1;26.3.1965;0;1
ANES;5;30.12.1966;2;3
ESELER;1;30.5.1965;0;1
GULLUAY;1;7.2.1976;0;1
MORGULLU;1;21.3.1970;0;1
UMMEC;1;2.2.1975;0;1
VELIATTIN;3;1.12.1970;3;0
ISMIDAR;3;24.2.1961;0;3
BETDEMIR;1;12.2.1959;1;0
MUKUDE;1;26.2.1958;0;1
NUHRETTIN;5;23.11.1959;5;0
SELVAZ;2;17.12.1972;0;2
HAYRUME;1;7.4.1958;0;1
GOLKEN;2;21.10.1986;2;0
ATEFIYE;1;8.2.1941;0;1
LEVENTER;3;5.2.1963;3;0
LUFE;1;16.6.1967;0;1
REZAL;7;30.12.1978;1;6
TUBUHAN;1;28.4.1986;1;0
BELIFER;1;1.1.1948;0;1
M.KAMIL;7;15.1.1950;7;0
MINESSER;13;5.2.1966;0;13
ULKAP;1;11.6.1981;1;0
UNZIYLE;1;12.12.1977;0;1
GULFIA;1;23.3.1960;0;1
MARIOARA;9;25.3.1965;0;9
FEYZIULLAH;1;21.1.1934;1;0
KUDVER;1;2.2.1975;1;0
SENHUR;4;28.12.1968;2;2
AKMILE;2;19.4.1963;0;2
TOR;3;10.3.1937;3;0
MUFERRI;3;26.11.1949;1;2
LAGMEN;1;27.4.1965;0;1
EBECIK;2;27.3.1964;0;2
HAFIYDE;1;27.6.1937;0;1
TURANI;2;27.9.1955;2;0
SUBAHIYE;1;7.1.1958;0;1
SABIB;2;14.6.1980;2;0
KUZAYDIN;1;16.5.1950;1;0
CILECAN;2;25.12.1985;0;2
EYI;3;8.8.1938;1;2
TOFIGUL;1;13.12.1978;0;1
MUTDAALIP;1;1.8.1959;1;0
ARZULAR;3;9.8.1967;0;3
TURANBEY;1;12.5.1979;1;0
ZEYNUT;1;17.4.1972;1;0
TECIYE;3;3.11.1956;0;3
MEZAN;4;27.11.1940;3;1
MUNEYYAR;1;11.6.1958;0;1
MUSDUL;4;24.10.1962;4;0
BEYHANNUR;4;27.2.1977;0;4
DEVSAN;2;3.1.1973;1;1
VERSIN;6;28.5.1976;6;0
NAFSA;1;2.8.1933;0;1
TOKA;2;23.8.1956;1;1
SEVCAHAN;2;7.4.1952;0;2
HUSUL;1;21.3.1940;1;0
MILADA;4;3.3.1974;0;4
DOKUNE;1;28.2.1944;0;1
SILIYE;1;6.4.1960;0;1
DIVAT;1;12.8.1971;1;0
AHMETEMIN;8;7.9.1975;8;0
SULFEDEN;2;19.12.1967;0;2
MEKRURE;3;27.5.1959;0;3
TARIKZIYAD;1;19.7.1984;1;0
CULPAN;5;21.5.1950;0;5
AKSAMI;1;17.6.1961;1;0
EGUL;4;2.12.1949;0;4
NESELER;1;19.2.1962;0;1
BABER;3;5.8.1947;3;0
BOMBA;1;7.8.1953;1;0
GUNAYSE;2;23.11.1951;0;2
MELIKKAN;1;25.10.1987;0;1
ILKAD;2;5.2.1961;0;2
NUSAH;3;3.11.1970;2;1
AYTUZUN;8;20.8.1958;0;8
BAHARCICEGI;2;4.5.1974;0;2
ABDULCAVIT;2;16.10.1962;2;0
MEHMETASIM;1;5.5.1943;1;0
REVCIHAN;1;12.4.1959;0;1
HAMINSAH;1;21.5.1980;0;1
VERKALA;1;7.2.1982;1;0
GUNNIKER;1;1.3.1960;0;1
HADIYHA;1;21.1.1953;0;1
CANBARTU;1;15.2.1966;1;0
YOLDASCAN;2;22.10.1983;2;0
ARSUS;1;7.2.1982;0;1
MEFHULE;1;24.6.1978;0;1
REYSEN;2;30.1.1952;0;2
MEKBURE;4;21.2.1960;0;4
ADEGUL;2;4.9.1966;0;2
SUMEL;5;15.9.1971;0;5
IMRANA;2;8.10.1979;1;1
ALAMSAT;1;12.2.1951;0;1
MERHUZE;3;9.5.1957;0;3
MUKRAY;1;6.11.1974;0;1
VEHBARE;2;6.6.1965;0;2
HENZADE;2;19.1.1975;0;2
MIRBAHAR;1;18.3.1966;0;1
SEBHAT;16;18.2.1975;0;16
NEFIAN;1;19.10.1983;0;1
HACIRYE;3;30.1.1971;0;3
ABDULFETDAH;2;22.6.1970;2;0
HAMBELI;7;24.3.1966;6;1
VAHITYAFES;1;17.6.1984;1;0
AHMETNURI;3;25.1.1953;3;0
ZEDILE;1;26.8.1966;0;1
EMINAT;1;10.10.1945;0;1
TIRYAKI;6;27.6.1960;6;0
FEBIYE;26;11.9.1959;0;26
TAKSIMET;5;12.10.1955;0;5
MEFUDE;2;2.6.1969;0;2
SAHADED;1;17.2.1960;1;0
HUSNENUR;4;23.2.1975;0;4
ALISIRZAT;1;26.2.1967;1;0
AZEMINE;36;14.8.1954;0;36
MARZUYA;1;22.10.1973;0;1
MUKRUHAN;1;19.5.1975;0;1
ESMENUR;11;8.10.1975;0;11
GUDIYE;1;17.8.1936;0;1
MENSUME;2;21.6.1983;0;2
YIGITALI;4;16.12.1986;4;0
RUKSUDE;1;15.4.1935;0;1
PALAMIR;1;12.5.1981;1;0
PURKAN;4;9.6.1969;3;1
HOSNA;8;3.10.1944;0;8
ERCEYIS;2;21.5.1954;2;0
CUHEYRIYE;2;2.2.1969;0;2
ALEMSAT;6;16.1.1954;0;6
TAHLAN;2;18.2.1970;2;0
MUHEL;1;27.2.1944;1;0
KEVDE;1;22.8.1985;0;1
MAFURIS;1;19.6.1966;0;1
DILFURIS;1;11.9.1950;0;1
RAMZE;5;10.6.1962;0;5
IYICAN;3;26.8.1954;1;2
SULFER;2;20.2.1978;1;1
HURSIN;1;22.2.1955;1;0
NURSEP;1;14.9.1961;0;1
MISAP;4;4.11.1970;4;0
YUSET;1;7.4.1976;1;0
VENSAP;1;17.3.1960;0;1
YALDIZIYE;1;1.12.1958;0;1
MARDAL;1;10.1.1973;0;1
GULGANI;3;2.7.1952;3;0
REHICE;3;28.12.1964;0;3
OKBAY;2;27.5.1963;2;0
VEBIKE;1;29.3.1972;0;1
RUKIDE;5;13.5.1976;0;5
NURSUDE;2;9.10.1964;0;2
HABEY;2;13.2.1934;2;0
NURDAYI;1;29.2.1954;1;0
MESADE;2;26.11.1965;0;2
ERKUCUK;1;26.9.1973;1;0
GULNEFI;1;16.11.1963;0;1
UMURHAYAT;1;3.5.1975;0;1
MEMISEN;1;1.9.1948;0;1
ELVADIYE;2;30.9.1983;0;2
SULFETEN;1;26.10.1931;0;1
FIRDEFIS;2;14.8.1974;0;2
BAYTAN;6;17.6.1966;4;2
MUKREMIYE;3;26.7.1949;0;3
SAUDE;1;21.6.1984;0;1
KAYRUM;1;30.6.1980;1;0
SABRIT;1;2.6.1953;1;0
BUHRANIYE;1;20.3.1983;0;1
HEZGE;1;21.2.1990;0;1
TEVAIP;1;5.5.1988;1;0
LAFIFE;1;26.5.1966;0;1
HEYBA;2;17.10.1968;0;2
CUHEYRE;1;11.6.1938;0;1
SOYYER;1;16.10.1986;1;0
HULBUYAN;1;8.2.1963;0;1
SAZA;4;26.8.1969;0;4
MUHTEZEM;12;27.9.1979;0;12
ZULGARNIYE;1;12.6.1971;1;0
SAYYAR;1;10.8.1986;1;0
MELIHANIM;1;15.5.1975;0;1
ALKAAN;2;20.2.1984;2;0
KEZIBANI;7;26.1.1950;0;7
ELNA;1;26.6.1948;0;1
TUGBAL;1;8.8.1983;1;0
SUFATIYE;1;22.1.1987;0;1
ZEYREGUL;9;29.11.1956;0;9
SUKRAL;3;22.12.1964;2;1
ALIFETI;2;3.1.1963;2;0
NEMBARI;1;16.7.1975;0;1
ERGAH;2;7.3.1961;2;0
ALIE;8;22.7.1966;0;8
BESINA;2;7.12.1970;0;2
MEHMETRAUF;2;16.8.1956;2;0
OZILE;2;11.7.1980;0;2
RASULE;5;2.1.1985;0;5
NAIN;2;17.8.1936;1;1
SERACITDUN;1;22.1.1985;1;0
MICAHIDE;2;12.2.1971;0;2
DEDEN;1;8.11.1956;1;0
BABAALI;2;24.1.1969;2;0
MUSTAFANIYE;1;11.5.1960;0;1
GULBERNA;5;22.5.1980;0;5
HILLIYE;3;28.8.1962;0;3
FIRUZUFER;1;22.3.1943;1;0
ZALILE;9;24.7.1953;0;9
RIKYA;7;6.3.1973;0;7
H.KAZIM;2;11.2.1944;2;0
RUYASU;1;17.2.1990;0;1
MUZDET;8;3.2.1961;4;4
ILHAMET;2;4.6.1962;2;0
EKIZ;15;25.7.1960;12;3
GULAHUTN;1;29.9.1943;0;1
ZULFETEN;14;24.12.1966;1;13
ILHAY;6;7.6.1972;4;2
BAGBUR;3;26.3.1978;3;0
HULISIYE;2;1.6.1971;1;1
NAYAZI;1;1.1.1;1;0
ELGAM;1;22.2.1961;1;0
ELGA;3;6.5.1982;0;3
USTUGUL;2;17.6.1955;0;2
HAKZADE;1;23.3.1960;0;1
GIREZ;2;4.11.1937;0;2
MUFADDEL;1;27.8.1926;0;1
KANIMER;1;21.1.1952;0;1
CAFERTAYYAR;2;27.3.1965;2;0
AURELIO;1;29.10.1929;1;0
ROZALIA;4;20.11.1951;0;4
SATTUF;26;11.12.1951;26;0
VALDAY;2;22.8.1957;2;0
EKIYE;1;6.10.1949;0;1
YASEV;5;22.2.1971;4;1
MEC;1;11.7.1976;0;1
GULFIDER;3;10.6.1952;0;3
FEYNURSET;1;3.6.1983;0;1
BECI;1;1.6.1956;0;1
TEKNA;1;7.2.1976;0;1
ERSAF;1;2.3.1957;1;0
ASEHAN;2;14.5.1930;0;2
NAIYE;8;2.4.1960;0;8
AYNEYN;2;9.10.1946;1;1
SAGBEN;5;26.2.1957;5;0
NEFNUF;4;23.6.1472;0;4
CEFAYRE;1;17.4.1960;0;1
NAGIHAM;1;11.6.1969;0;1
NUSRIVAN;1;1.2.1982;1;0
ZELBIZE;1;12.10.1959;0;1
RUZIKAR;3;22.1.1946;0;3
NAZIDEM;1;2.3.1976;0;1
BEYTU;6;27.5.1979;3;3
MUESSIR;11;8.3.1958;0;11
HATINE;2;24.5.1974;0;2
MUSRURE;1;27.12.1986;0;1
MENIKA;2;24.10.1951;0;2
TUNCKAGAN;1;27.6.1988;1;0
SURABI;4;10.1.1965;4;0
ELCABIR;1;16.3.1981;1;0
VELISAIM;1;1.4.1953;1;0
HATINA;1;27.4.1953;0;1
SEVAHITTIN;1;25.3.1949;1;0
NURAZIM;2;9.8.1982;2;0
SALAY;3;4.2.1968;1;2
VEYSELGARANI;3;9.1.1971;3;0
MUSTAKINE;1;11.6.1986;0;1
SEYFIRUZ;4;5.7.1964;0;4
TERACETTIN;1;12.8.1980;1;0
NAGIBE;13;28.3.1969;0;13
SEVBE;9;2.4.1978;0;9
AHMETSAMIL;1;11.6.1972;1;0
ALISAIP;3;1.10.1953;3;0
VALISE;1;27.2.1950;0;1
BEYAZIDI;8;22.9.1970;8;0
RABUKE;1;25.11.1962;0;1
MIRAZIYE;1;9.9.1987;0;1
HAYROL;2;17.2.1949;1;1
METMET;1;23.12.1936;1;0
HIDEDE;1;7.8.1928;1;0
GULMEZIYE;1;12.2.1956;0;1
FERAYET;4;12.1.1966;0;4
MAHPURE;6;13.1.1953;0;6
ALIRAMAZAN;2;6.9.1970;2;0
NEHRIYA;1;17.2.1972;0;1
DUREYDE;2;16.8.1952;0;2
ABDULDEDE;1;24.9.1961;1;0
SAGDULLA;1;28.5.1979;1;0
MUNTUHA;2;23.6.1987;0;2
UZEYER;2;8.9.1950;2;0
RAYBET;1;10.12.1963;0;1
GADERIYE;1;22.2.1951;0;1
GULESI;2;12.1.1954;0;2
NEKIR;10;13.2.1960;8;2
REHPI;2;1.5.1973;2;0
GORSEM;7;17.4.1966;1;6
UFAGIT;1;27.8.1962;0;1
UYEDIYE;1;16.2.1963;0;1
HEZLIYE;1;26.2.1942;0;1
GULFETEN;2;1.7.1952;0;2
LUSYAN;7;7.10.1947;0;7
RESATIYE;1;1.11.1967;0;1
GENCIREVAN;1;3.3.1950;1;0
SAFURAN;11;18.8.1961;0;11
ZULKARANEYIN;1;20.11.1961;1;0
MEHIP;2;30.4.1956;2;0
AYPIRIN;1;1.9.1949;0;1
ZAHBA;1;17.5.1972;0;1
REMAL;1;12.12.1939;0;1
BEVLIL;1;7.2.1964;1;0
A.NECATI;1;12.2.1935;1;0
ALIZZETTIN;1;6.12.1972;1;0
UZAYIR;10;25.4.1959;10;0
ALICIK;3;6.10.1966;3;0
HATICEMI;1;2.8.1927;0;1
YUHAYUDU;1;15.4.1939;0;1
MACIYE;7;17.7.1961;0;7
MUHTU;2;26.2.1970;2;0
ZAHLIYE;2;11.11.1966;0;2
TAKIF;1;8.3.1957;1;0
SELAMLI;1;7.10.1943;1;0
ZEHDI;6;24.5.1956;4;2
GAZEYET;1;24.8.1959;0;1
SELVINER;1;6.9.1973;0;1
GUZEYI;1;7.2.1946;0;1
GULAMSER;1;22.4.1967;0;1
MEZENGUL;5;2.4.1966;0;5
EMRIMIYA;2;29.8.1956;2;0
ENVIYE;6;1.5.1960;0;6
SELCEM;11;1.1.1980;1;10
ERGUCU;1;11.2.1927;1;0
EDIRA;1;26.6.1979;0;1
OYLA;5;23.8.1973;0;5
KANBOLAT;4;11.4.1965;4;0
HIZIRAN;3;1.12.1963;0;3
TEMAT;1;2.8.1951;1;0
HAYIRSEN;2;11.10.1972;0;2
ADISIYE;1;7.2.1952;0;1
ILIMET;1;14.4.1967;0;1
HAPSAN;4;27.3.1955;0;4
AKKAYA;4;22.1.1946;3;1
BURUDAN;1;29.3.1965;1;0
ERKAC;2;5.1.1943;2;0
TAVIZ;2;28.7.1968;1;1
TIMAYE;1;11.11.1955;1;0
ANAHAVA;1;3.9.1972;0;1
MUHAMMET.;1;17.2.1978;1;0
MERENDI;1;7.11.1964;0;1
SUHBI;11;21.8.1966;10;1
URIBE;1;26.3.1963;0;1
CUHIDE;2;11.12.1945;0;2
ELKANIME;1;8.4.1956;0;1
RURSEL;2;10.8.1974;0;2
MUMMUNE;2;2.8.1954;0;2
AKILME;1;15.6.1971;0;1
FERDANET;1;22.3.1959;0;1
NUSRETI;3;6.7.1943;3;0
ABDILALI;3;20.7.1963;3;0
AYTITE;1;17.7.1974;0;1
AFIFET;3;23.6.1977;0;3
RAISEN;1;29.4.1979;0;1
MUJDADIN;1;1.3.1966;1;0
BAGDUR;2;11.9.1976;2;0
FATMAUN;1;13.5.1977;0;1
SEYIDXANIM;1;25.3.1960;0;1
TUNARA;3;19.4.1969;0;3
SONKOL;1;6.6.1962;1;0
ARAKSI;138;8.7.1945;2;136
KADRIHAN;4;23.11.1971;4;0
AYBENIS;3;4.12.1979;0;3
HASANTAHIR;1;1.4.1986;1;0
FERBAL;5;10.4.1970;0;5
IRABAT;1;20.11.1940;0;1
CEMEMRE;1;30.1.1992;1;0
MATBAZE;1;26.4.1952;0;1
TAYAMI;1;11.5.1951;1;0
ISAYI;1;21.2.1968;1;0
AYSESIN;8;26.11.1961;0;8
KIZILAY;8;1.9.1946;3;5
JEKFER;4;6.4.1969;1;3
ILKHAYAT;6;18.7.1957;0;6
MARIROZ;1;22.8.1937;0;1
MURHAT;3;22.3.1973;3;0
MUFITTIN;3;13.5.1956;3;0
NIDAIL;2;27.3.1970;2;0
SABEY;40;16.10.1945;0;40
YASIL;2;26.12.1976;1;1
MEZRA;6;25.8.1987;0;6
TISAN;1;3.1.1983;0;1
BIRISNA;1;27.2.1980;0;1
YAZEMIN;3;3.7.1975;0;3
LEZGUYET;1;11.1.1952;0;1
MAKTISE;1;17.4.1936;0;1
MUSTERINE;1;10.2.1968;0;1
NEBIBIYE;1;7.3.1969;0;1
SARPEL;3;21.3.1977;3;0
ZIVU;1;28.4.1923;0;1
AFSINBEY;4;28.1.1980;4;0
ATATUNC;9;11.1.1954;9;0
BUNCIN;1;10.3.1979;0;1
SUVEYT;1;27.2.1974;1;0
ILLA;1;15.9.1964;0;1
PURAS;2;25.4.1963;0;2
GUNCICEK;3;2.9.1979;0;3
M.NIYAZI;5;27.10.1941;5;0
DARYAL;10;8.9.1975;10;0
SUNGU;25;21.10.1963;16;9
EMEHAN;2;8.7.1950;0;2
VAIS;2;8.6.1957;2;0
SIRILLAH;1;2.10.1975;1;0
BEYHANETTIN;2;21.2.1959;2;0
ALINIYAZI;4;15.12.1958;4;0
ISPER;1;27.11.1950;1;0
FILYAR;5;14.1.1970;0;5
ALICAGLAR;3;15.6.1986;3;0
CUHEYNE;10;17.2.1964;0;10
MEKSER;20;24.4.1969;19;1
HOSEYIN;11;1.11.1959;11;0
PEMBECI;1;26.4.1945;0;1
ARDAPELIN;1;20.3.1973;0;1
BEHRICI;1;11.5.1964;0;1
ROAYA;2;7.1.1978;0;2
GULJALE;6;19.2.1967;0;6
HEDIL;4;15.4.1990;0;4
ESMEHA;2;7.5.1968;0;2
ASILDOGU;1;1.10.1983;1;0
BEDIRIYYE;2;7.3.1962;0;2
KONURAY;9;4.10.1980;6;3
SELKUT;5;27.11.1977;5;0
MUFDELA;1;26.2.1970;0;1
HIDIRGUL;1;17.5.1960;1;0
BERFFIN;1;30.1.1980;0;1
YILTAN;13;21.8.1953;6;7
BEYREK;4;23.8.1987;4;0
M.OMER;2;5.1.1961;2;0
MEKSIDE;4;12.4.1960;0;4
SOAAD;2;24.11.1964;0;2
HAYRINUSNA;1;21.9.1964;0;1
OGULSHEKER;1;5.7.1975;0;1
ERSANFATIH;1;23.12.1987;1;0
FEDIDUN;1;22.2.1991;1;0
PEFRIL;2;22.11.1961;2;0
EBUMUHSIN;6;21.9.1976;6;0
KARABEK;19;18.1.1956;19;0
CAMILLA;3;5.5.1973;0;3
JULIAN;5;30.11.1982;5;0
LUDA;4;4.10.1969;0;4
RYAN;2;17.4.1986;2;0
CORINNE;2;16.8.1967;0;2
OYKUT;4;17.1.1978;3;1
GULMERIH;2;19.7.1975;0;2
SENGUZAR;2;4.2.1965;0;2
PERRUZE;4;6.1.1972;0;4
MADELEINE;3;24.11.1952;0;3
ELLET;1;7.2.1977;1;0
FERIDENUR;2;5.7.1977;0;2
HUZEYLA;2;3.11.1984;0;2
FIONA;17;1.8.1977;0;17
HACBA;5;15.3.1956;0;5
ELTEMIZ;2;25.11.1958;0;2
REYHANGUL;24;25.3.1965;0;24
HUDDAY;1;16.4.1981;1;0
SEHVEN;2;14.9.1980;1;1
KORER;3;18.4.1962;3;0
BEYPUT;2;25.6.1964;2;0
JEANNINE;3;17.10.1951;0;3
GUNSAH;4;30.8.1970;2;2
NURFERAH;3;24.10.1970;0;3
YENA;1;23.8.1986;0;1
KAYAALP;7;22.6.1938;7;0
OJENI;83;6.9.1951;0;83
UMMUHARAM;1;3.2.1980;0;1
NAGIM;2;2.2.1964;2;0
MUHITTINEL;1;10.5.1952;1;0
MERYANA;6;14.7.1945;0;6
ZEDIN;14;30.4.1955;11;3
JANIT;4;21.9.1951;0;4
ETAP;3;13.11.1984;1;2
NIYAN;3;6.12.1972;2;1
TAVAN;1;3.2.1992;0;1
TALAR;83;30.10.1979;0;83
MAVERDE;14;5.4.1959;0;14
GORMEN;4;23.6.1970;4;0
MEHSAZ;1;26.7.1972;1;0
MAHCE;3;3.4.1982;0;3
HATICEBURCU;1;5.4.1980;0;1
ALPAKIN;1;23.5.1943;1;0
FAYDALI;3;27.2.1962;1;2
CUMLE;1;25.5.1968;0;1
ARZUME;1;18.7.1963;0;1
HIVO;1;11.1.1990;0;1
OMAC;1;1.5.1990;1;0
BELCEM;2;14.5.1989;0;2
UFKUM;7;17.7.1983;4;3
HUZBEDDIN;2;13.12.1973;2;0
REBIN;1;16.6.1985;1;0
ANET;64;18.9.1973;0;64
IPIK;1;29.12.1988;0;1
FAYAN;4;8.3.1960;1;3
BAYAZITTIN;2;18.4.1951;2;0
MUKAMMET;1;1.10.1965;1;0
TEFSIDE;1;26.1.1961;0;1
CERENSU;1;26.3.1991;0;1
GUZIDAN;1;8.5.1968;0;1
DUNYAHANIM;5;1.7.1961;0;5
CINNAZ;9;8.10.1955;0;9
TAHMIL;3;1.12.1967;3;0
ULVIYET;2;13.3.1961;1;1
MUBERRAT;4;20.6.1965;2;2
DISAR;1;24.12.1991;0;1
RAOUDA;1;19.4.1981;0;1
NECMIYAT;1;1.11.1958;0;1
KEZBANI;6;3.6.1962;0;6
GOKCEPINAR;5;5.12.1979;0;5
BEHILI;1;24.7.1946;0;1
SEPLEM;2;15.12.1977;0;2
ILKAYNUR;1;24.11.1980;0;1
CYRILLE;1;13.7.1962;1;0
NURSAMETTIN;2;30.1.1979;2;0
THEO;1;24.4.1982;1;0
ELTAS;1;7.7.1972;1;0
FAHRIDOGAN;1;17.4.1987;1;0
KALYOPI;26;2.1.1945;0;26
OMUGEN;1;30.11.1977;1;0
SEHIRBAN;11;5.8.1959;0;11
GULAYSEM;4;10.12.1980;0;4
SUKUFEYUKSEL;1;21.3.1937;0;1
NEFTI;1;1.4.1968;1;0
MEYEMA;1;22.2.1967;0;1
IDRISCAN;1;13.6.1971;1;0
GOKTURKAY;1;16.2.1956;0;1
MIM.SERTAC;1;21.11.1978;1;0
NILHAYAT;2;10.12.1957;0;2
YETISKAN;10;10.9.1971;10;0
NIR;4;29.10.1962;2;2
KIP;1;28.8.1976;1;0
YEDIER;2;14.1.1967;2;0
TUNCTAN;4;23.7.1958;4;0
TUNCMAN;1;21.7.1990;1;0
AYAYDIN;3;25.4.1941;3;0
FERZAY;4;2.1.1977;3;1
FATMAHAYRIYE;1;12.12.1965;0;1
BEHICHAN;1;21.12.1972;1;0
RAHIYETE;2;7.4.1974;0;2
KATALIN;4;9.6.1962;0;4
ANAID;3;27.3.1962;0;3
ASIYESEMRA;1;20.1.1946;0;1
HIZRAN;4;20.8.1960;0;4
BELVIN;6;3.12.1972;0;6
DENIZGUN;2;2.1.1978;1;1
ESFIDAR;1;12.7.1947;0;1
NUHAD;1;18.3.1965;1;0
MEYSEM;28;5.5.1974;25;3
DIANNA;3;15.3.1964;0;3
ROZIKA;2;20.9.1951;0;2
RUZISAN;5;13.5.1956;0;5
TURKEREVREN;1;28.4.1991;1;0
SABISE;2;24.2.1972;0;2
TULUGHAN;6;7.7.1983;5;1
BENGIBA;3;27.4.1970;0;3
SELFIRAZE;3;4.5.1974;0;3
KAMZEGUL;1;17.4.1978;0;1
KUMINDAN;1;30.5.1973;0;1
CIG;7;27.8.1979;6;1
UNCE;1;30.11.1987;0;1
AYNAL;7;24.4.1943;0;7
ABDISSELAM;1;26.2.1942;1;0
FECRIHAN;6;19.5.1971;1;5
EMSNE;1;26.5.1975;0;1
HUTAT;1;8.10.1961;0;1
FRANGIZ;1;15.5.1968;0;1
HAVOS;4;25.11.1945;0;4
CELATIN;9;11.1.1963;9;0
ABDULCEPPAR;2;22.12.1968;2;0
NIKABE;3;24.4.1955;0;3
GIYABITTIN;1;28.8.1955;1;0
BELENIR;1;27.6.1990;0;1
ZENISHAN;1;16.2.1985;0;1
ISABELLE;6;2.7.1973;0;6
TANCAN;18;16.7.1975;16;2
GIYASETIN;5;2.10.1578;5;0
SADEBIR;1;18.4.1966;0;1
SALALE;3;4.11.1973;0;3
ABDULFERAH;1;13.9.1959;1;0
HURUBE;3;27.6.1964;0;3
MUNUME;2;13.3.1961;0;2
ABDULNACIP;1;1.12.1959;1;0
NENIFE;3;11.10.1965;0;3
PILDEN;1;27.5.1956;0;1
FATMASUMBUL;1;15.6.1959;0;1
SUDUHA;1;23.11.1953;0;1
LEYLUNEHAR;1;21.6.1953;0;1
VADUHA;1;21.3.1980;0;1
DILASIK;2;10.10.1965;0;2
SEHIDIN;1;15.4.1941;1;0
SAHDIYA;1;5.3.1989;0;1
MESVANE;1;6.6.1956;0;1
NIAZI;5;30.9.1966;5;0
RABBIYA;1;27.11.1968;0;1
GULENTAN;1;6.1.1951;0;1
OZEMIN;2;27.9.1981;2;0
UGSAN;1;11.9.1940;1;0
TUTO;2;20.1.1943;2;0
REYTUL;1;29.8.1969;1;0
ELTAP;2;24.5.1972;0;2
REVIZ;3;14.2.1962;2;1
BITREM;1;6.5.1979;0;1
TESKIN;3;24.8.1976;2;1
SALMI;8;29.4.1957;1;7
FETAT;4;1.5.1965;1;3
SELIYA;3;29.11.1974;0;3
NILSAN;2;13.1.1989;0;2
DUMMUR;1;6.4.1942;1;0
MEVRUBE;2;7.4.1973;0;2
NIHEDI;1;17.2.1960;1;0
NURIDDEHIR;1;17.8.1924;1;0
MUZEHHAR;2;3.9.1954;0;2
HALILI;7;28.6.1969;7;0
MACIRE;7;30.7.1965;0;7
FERIDDUN;9;11.9.1974;9;0
VARKA;1;2.2.1945;1;0
SUHUYLET;1;7.7.1952;0;1
SEKERNAS;16;17.11.1959;0;16
ANUD;5;13.12.1966;0;5
KARADENIZ;5;24.10.1978;5;0
NERCO;1;24.4.1977;0;1
HAYZRAN;1;21.2.1960;0;1
EGEN;1;18.5.1972;0;1
ACUBA;6;17.12.1956;0;6
SEKLE;1;2.2.1951;0;1
MEMNEM;1;12.3.1971;0;1
ABRURRAHIM;1;22.7.1955;1;0
HIYYEM;5;30.7.1969;0;5
DIB;12;16.2.1939;12;0
VIDAN;3;12.2.1957;0;3
ZEYINET;3;20.4.1969;0;3
DODAN;3;24.6.1953;3;0
SURRIYA;5;4.8.1954;0;5
MINEVS;3;26.11.1955;0;3
SIRIBIN;1;26.2.1976;0;1
ZELEL;1;26.1.1984;0;1
SEHANDER;1;22.4.1973;0;1
MADIDE;19;30.1.1957;0;19
YUNUSER;3;23.4.1971;2;1
NADIRYA;2;4.9.1962;0;2
IMEL;1;26.4.1954;0;1
SEHSAN;1;17.9.1960;0;1
SERVAT;6;24.12.1967;2;4
HILANI;21;24.10.1953;0;21
KOROP;1;9.10.1967;1;0
ANJELINA;3;23.7.1964;0;3
ENI;5;11.6.1968;1;4
CEVDI;3;2.11.1956;3;0
RIYYA;1;20.3.1933;0;1
NEVSAH;3;17.3.1974;0;3
GOLSERI;1;26.6.1940;0;1
GOKCIL;3;4.6.1983;0;3
ATRASAN;1;6.9.1948;0;1
SAHLA;26;3.2.1961;0;26
NURISSABAH;3;15.1.1943;0;3
ORHANCAGAN;1;23.4.1991;1;0
SERPEL;4;4.1.1964;0;4
GOZUKARA;1;27.2.1950;1;0
NEZRIN;6;12.9.1965;1;5
CENABI;10;21.10.1950;10;0
DURISE;3;23.1.1959;0;3
FESHIH;2;6.9.1966;2;0
RINCE;1;19.3.1947;0;1
BEGIY;2;19.3.1963;0;2
REMZA;12;29.9.1951;0;12
YUMINI;1;26.12.1955;1;0
MELLIHA;3;13.2.1958;0;3
SUNEM;4;3.2.1968;0;4
BEZANDA;1;1.1.1;0;1
RASLAN;4;18.10.1965;4;0
RUHZAR;6;6.6.1960;0;6
MIM.ZEKI;1;2.8.1933;1;0
SEPIL;5;23.2.1969;1;4
RAJA;5;25.3.1972;0;5
GIRCIYE;4;26.1.1965;0;4
SURBEHAN;1;10.7.1960;0;1
SEFASETTIN;1;21.12.1969;1;0
VATFI;36;24.11.1951;0;36
LUZUMI;1;27.2.1968;1;0
NUHZAFER;1;21.10.1979;1;0
NESTREN;1;30.1.1938;0;1
NICLAN;2;16.1.1959;0;2
MIRGEN;1;14.4.1968;0;1
ROMELLA;2;1.6.1976;0;2
KAMARIYE;5;10.6.1959;0;5
MERDAM;2;17.2.1954;1;1
YURTDOGDU;1;16.4.1939;0;1
MEHLUL;1;29.4.1980;1;0
DEDECAN;1;14.4.1977;1;0
YAZHAN;1;26.6.1987;1;0
GULUNFER;4;1.2.1965;0;4
SEHEYUB;1;12.8.1965;1;0
ESTERGON;4;6.2.1982;4;0
ALIKUTSAL;1;14.2.1960;1;0
SORKUN;3;22.6.1982;3;0
SUNGUZ;1;6.3.1947;0;1
HAZINADAR;1;19.3.1991;1;0
UMMUDIYE;1;2.2.1951;0;1
ADUDE;3;2.11.1959;0;3
GOKFER;1;1.7.1976;0;1
DURAZIM;1;17.11.1949;1;0
KARIMET;2;12.1.1963;0;2
GULSAHASER;1;2.4.1983;0;1
MEVIZE;3;8.5.1946;0;3
ASUT;8;3.7.1954;5;3
USAMA;6;3.11.1976;6;0
SUVIYDA;1;7.6.1969;0;1
DUSLEM;4;30.9.1989;0;4
MURFAL;1;22.8.1967;0;1
SAYIR;19;16.1.1966;17;2
HINDIYAR;1;1.4.1965;0;1
KIRCIYE;9;18.9.1960;0;9
RUZANE;6;16.8.1947;0;6
NEYIF;1;12.8.1935;1;0
KANIAT;7;17.7.1979;0;7
GALIY;1;17.4.1966;0;1
BILEM;2;29.3.1985;0;2
HALDA;1;26.3.1984;0;1
ASSUN;5;1.11.1958;0;5
KEMBER;2;3.6.1968;2;0
KEYRAZ;1;23.4.1973;0;1
NUHNAZ;2;7.3.1970;0;2
DEHRIYE;4;27.3.1970;0;4
HASAYIN;1;6.4.1950;1;0
FERTENA;1;18.9.1980;1;0
AMAME;2;15.2.1949;0;2
RETIB;12;4.5.1961;12;0
ILCE;1;8.2.1987;0;1
SAMILA;2;2.4.1962;0;2
FEDVI;1;10.4.1949;1;0
MEZZEDIN;1;8.4.1981;1;0
ALLEM;6;13.8.1963;6;0
EMUN;24;8.2.1943;0;24
NIMI;14;7.10.1954;14;0
YETRA;1;1.7.1979;0;1
GULEYSE;3;30.8.1974;0;3
GADIYE;3;26.1.1955;0;3
GULUAZIK;1;23.11.1961;0;1
SAHIZAMAN;18;2.8.1968;0;18
UMULU;24;18.12.1956;0;24
OZDI;1;7.10.1976;1;0
SARITA;3;20.4.1972;0;3
BIZAN;3;11.11.1960;1;2
REVDETE;2;24.12.1969;0;2
MOHRET;2;16.6.1973;1;1
SITTARI;1;15.11.1979;1;0
ABDISUKUR;1;2.8.1945;1;0
APTO;1;22.1.1974;1;0
VARIT;3;22.7.1948;3;0
MEKSINA;1;18.5.1981;0;1
GORGERCIN;2;24.4.1950;0;2
NECBEDIN;4;19.11.1951;4;0
SUHPIYE;1;18.11.1963;0;1
GUREYS;2;16.4.1964;2;0
ULKEREN;2;19.11.1955;0;2
BELNUR;4;15.7.1975;0;4
AFYETTIN;5;15.9.1972;5;0
KHATOUN;1;23.6.1973;0;1
HUZNISAN;1;21.12.1982;0;1
ERMERT;2;10.8.1985;2;0
ZEKIFE;6;6.11.1963;0;6
CIVANI;2;15.11.1944;0;2
HIRRI;1;2.2.1939;0;1
IZLIHAN;3;16.12.1976;0;3
DILBULUZ;1;7.2.1982;0;1
NEHPER;1;26.6.1975;1;0
MUZANETTIN;1;19.2.1972;1;0
HAMADANI;1;27.2.1968;1;0
LAYHE;5;21.3.1970;0;5
IBIRAHIM;14;3.10.1955;14;0
SIKREN;1;21.11.1974;0;1
MINARSINA;2;7.9.1963;0;2
EZINET;8;18.2.1975;0;8
UMMUHABIBE;13;18.12.1975;0;13
RAHIFET;2;25.8.1954;1;1
TAYIAT;1;26.2.1958;0;1
MUFEYYAZ;5;16.7.1955;0;5
BERHEDAN;2;13.4.1991;2;0
HAZVE;1;22.2.1931;0;1
NESELI;21;21.10.1969;5;16
FIDANIYE;7;7.6.1956;0;7
TELFA;4;29.2.1970;0;4
MUHSIMAN;2;12.3.1965;0;2
RECVE;19;20.11.1960;0;19
MULCAN;1;2.4.1951;0;1
VEHLIYE;2;15.1.1970;0;2
ERZAL;2;15.5.1965;2;0
SURUCU;1;14.7.1959;1;0
IMNE;1;24.9.1940;0;1
DILBIRUS;1;29.1.1983;0;1
GULKAMER;6;17.2.1962;0;6
DELSE;1;26.12.1972;0;1
CEVAM;1;7.5.1975;0;1
CUZIYETE;3;11.12.1968;0;3
TERIS;2;27.2.1986;0;2
SIHBET;1;21.1.1965;0;1
FARGUZAT;1;22.5.1985;1;0
DUNJIN;1;8.8.1991;0;1
MUMLAZIM;1;20.5.1956;0;1
SIHANDI;1;25.9.1979;1;0
NACINE;1;16.7.1970;0;1
NASSUHA;1;12.8.1929;0;1
NASISE;1;22.7.1973;0;1
HICRETTE;1;27.2.1968;0;1
HIMRA;24;9.11.1953;0;24
DUMRET;3;21.6.1982;3;0
SUPEL;3;15.7.1976;0;3
HACICAT;1;11.2.1973;0;1
HICCET;1;12.3.1971;1;0
HASEP;2;26.3.1979;2;0
RUHUZAR;2;20.12.1968;0;2
HORIZADE;1;22.2.1973;0;1
SANTENET;2;22.10.1977;0;2
SEREFEDIN;9;24.1.1975;9;0
UTO;1;13.4.1953;0;1
MURASEP;1;6.10.1949;1;0
SILFE;1;2.2.1975;0;1
MUHTEMER;4;17.10.1971;0;4
GAZYETE;10;13.1.1965;0;10
MESNIHAT;1;26.6.1967;0;1
PURU;1;2.2.1957;0;1
FINDIGE;1;1.2.1949;0;1
MEHMETOZEL;1;19.7.1978;1;0
UMULKESER;2;19.4.1977;0;2
TARIAT;2;20.8.1969;0;2
YESREB;2;27.12.1976;2;0
VERIVAN;3;21.5.1981;0;3
HASIHA;1;22.2.1973;0;1
AMIRET;1;2.10.1982;0;1
DITTO;1;1.1.1;1;0
DILBEL;5;10.12.1975;0;5
CEZMIYAR;1;13.3.1932;0;1
AKRIMET;1;26.3.1977;0;1
RAKIAT;4;12.1.1971;0;4
HEFTSEDE;2;27.8.1949;0;2
GUNDI;1;5.9.1988;1;0
TURKASIL;2;4.7.1971;2;0
MERRUSE;7;30.9.1976;0;7
FIRDAVS;2;27.8.1967;0;2
MISEHEL;1;12.12.1977;0;1
HANASILE;1;2.4.1963;0;1
HECEL;1;27.2.1968;1;0
HAMRU;1;7.8.1934;0;1
SAHE;36;1.1.1954;4;32
ABDULHAFIS;5;19.3.1978;5;0
SENIVA;1;12.2.1953;0;1
ZUKRU;3;18.4.1974;3;0
HANEME;1;28.10.1967;0;1
PERISMAN;1;29.1.1968;0;1
VEDIHAT;1;26.7.1973;0;1
ASIYETE;3;23.7.1968;0;3
SIPHI;5;11.3.1966;5;0
KARIBAN;49;9.8.1965;0;49
SEYBED;1;18.10.1973;0;1
FOTOS;7;22.7.1967;0;7
INNEYET;1;28.3.1968;0;1
EYSIYE;1;4.7.1958;0;1
HANAFI;9;27.9.1961;7;2
HUSENG;3;22.6.1974;3;0
SEBIDIN;1;6.11.1986;1;0
APIT;4;27.4.1969;4;0
ISSEY;2;12.2.1965;0;2
ILANAY;1;21.2.1966;0;1
OZRIFET;1;17.2.1972;0;1
GIYADDIN;5;21.6.1978;5;0
NESSRIN;1;1.4.1991;0;1
SAHADDET;3;2.7.1973;0;3
ZELYNEP;1;26.6.1975;0;1
FAKITE;155;3.12.1956;0;155
DIYAVDIN;2;5.2.1970;2;0
SANICIHAN;1;2.2.1975;0;1
ZEYLANDI;1;20.5.1960;0;1
ANODE;1;17.2.1948;0;1
MUTSELEN;1;14.5.1959;0;1
GUSNIYE;5;21.5.1966;0;5
KAMILI;2;28.1.1962;2;0
MINIFA;2;15.11.1959;0;2
ABUDULMEVLAN;1;6.6.1987;1;0
ILME;3;1.11.1977;1;2
GUREYIS;3;14.4.1952;3;0
OMERULLAH;1;12.2.1977;1;0
SURUN;3;17.6.1953;1;2
AKIRE;1;17.2.1954;0;1
EBUZIYIT;1;2.2.1933;1;0
HAZRAT;2;30.11.1966;2;0
BEDILYA;1;22.2.1937;0;1
KUTBIYE;7;8.10.1961;0;7
ZEHHIR;1;21.8.1945;0;1
REDUR;3;17.1.1989;3;0
FEYRISIN;1;2.12.1974;0;1
SEHILLA;1;9.1.1981;0;1
METES;1;22.8.1931;1;0
GULDUAL;1;17.6.1981;0;1
TAKTIRE;8;4.10.1960;0;8
TEMHIT;1;29.4.1962;1;0
BIRITAN;1;1.9.1990;0;1
ZEICAN;1;13.4.1946;0;1
MIYLEN;1;1.4.1965;0;1
UMMUIDIYE;1;17.4.1972;0;1
REKZAN;2;20.1.1948;0;2
OZELDEN;1;15.9.1958;0;1
LUZA;1;22.11.1941;0;1
CENGE;2;23.9.1986;2;0
ADERNE;1;2.8.1927;0;1
SALOMON;2;11.3.1931;2;0
KUPULAY;2;18.2.1964;2;0
IZLER;4;15.2.1964;0;4
AYCIK;1;2.10.1949;0;1
ISSA;4;22.11.1961;4;0
RAMONNA;1;24.10.1979;0;1
IKNU;1;24.11.1959;0;1
JON;7;20.8.1966;7;0
HURUSAH;5;17.11.1961;0;5
HARUTYUN;165;2.7.1958;165;0
CEKAZ;1;27.2.1938;0;1
CELALITDIN;1;19.4.1968;1;0
GULEYSIN;1;29.9.1980;0;1
AYNUS;6;12.12.1957;0;6
GULZHAN;3;29.6.1977;0;3
MUANBER;6;1.8.1971;6;0
ORKER;6;7.2.1947;0;6
ERHAL;12;15.10.1972;9;3
NEDAKER;3;5.12.1966;0;3
DIARE;1;16.2.1962;0;1
MUFERIYA;5;28.1.1971;0;5
BADIRER;1;29.6.1944;0;1
IREMI;10;30.7.1965;0;10
SEYDELI;5;9.6.1955;5;0
MUKEFFER;3;25.11.1961;0;3
OTER;1;16.6.1971;1;0
HAMDULSANA;2;15.8.1982;2;0
VETON;3;4.9.1946;3;0
EHDERET;1;2.4.1981;0;1
BARKIZA;1;6.1.1950;0;1
SAYFI;11;9.9.1963;0;11
SEBEHAN;2;7.12.1975;0;2
SUBEYBE;7;1.2.1973;0;7
BILDAL;3;30.1.1978;0;3
FAZILENT;1;6.3.1971;0;1
FERIDEH;4;2.1.1966;0;4
FEVVAT;1;8.1.1986;1;0
BELEDDIN;2;15.6.1958;2;0
SEDREDTIN;1;16.2.1961;1;0
LAGIDER;1;5.9.1974;0;1
ATINAZ;2;30.6.1961;0;2
GUBRIZ;1;16.1.1971;1;0
HAFIZIYE;5;3.11.1956;0;5
FENEMEZ;3;12.1.1965;3;0
GURNAMIYE;1;9.4.1958;0;1
BESDE;5;9.4.1984;0;5
HUMRUZ;10;10.3.1967;0;10
SEHMENNUR;1;1.10.1962;0;1
PEMBO;1;12.2.1953;0;1
VEBIYE;32;22.5.1957;0;32
BIRUSK;7;19.9.1981;7;0
YENDISE;1;2.2.1987;0;1
CASIKA;2;15.8.1980;0;2
GUBAYDIN;1;2.4.1956;0;1
NEZEY;1;22.3.1973;0;1
PIRISAMI;1;16.3.1967;1;0
EMUS;15;19.11.1947;0;15
MENASE;8;5.2.1953;6;2
SERMAL;2;4.4.1976;1;1
VATUF;1;29.2.1953;1;0
FECCAR;4;21.3.1948;4;0
BIRSUVA;1;9.2.1974;0;1
YUCAR;1;26.6.1971;1;0
ZERREM;1;26.10.1975;0;1
RECIE;1;26.2.1972;0;1
DIYABETTIN;1;11.10.1991;1;0
HANKARI;1;2.10.1987;1;0
HABBAB;1;11.3.1991;1;0
SEPNAR;1;3.4.1981;0;1
MUFERIE;1;10.4.1949;0;1
LAVINIA;3;7.5.1980;0;3
MARIZYE;1;12.5.1959;0;1
GULFARE;2;29.8.1958;0;2
SINASETTIN;10;21.5.1963;10;0
TAVANT;1;19.11.1974;0;1
MUDRISE;2;11.4.1971;0;2
MUGAYIR;1;2.2.1969;0;1
SENNURIYE;4;27.12.1959;0;4
HAVINAZ;1;12.10.1977;0;1
ECIHAN;2;7.2.1983;0;2
ABADURRAHMAN;1;19.11.1943;1;0
GZIME;3;15.6.1967;0;3
HADISIYE;2;13.6.1974;0;2
DILBILIN;1;18.5.1982;1;0
YUHANIZ;6;30.3.1977;0;6
UGUREL;4;4.12.1479;4;0
HOSIATHON;1;21.11.1979;0;1
ORNEK;8;20.6.1962;2;6
NASPERI;1;2.1.1955;0;1
RAZMAN;38;8.3.1961;0;38
SEBARE;2;5.7.1972;0;2
SOHLE;11;17.11.1966;0;11
SAIDO;1;12.7.1934;1;0
NURIFEL;1;19.1.1972;0;1
DURDAHAN;17;4.9.1955;0;17
TUKEZZIM;28;30.5.1967;1;27
HACIASLAN;1;17.2.1978;1;0
TAHFINAZ;1;16.1.1963;0;1
GULSEHRIYE;7;19.2.1956;0;7
SEGITHAN;1;27.2.1980;1;0
GOGEL;9;28.9.1958;0;9
GUNTURK;16;22.1.1971;14;2
NACLIYE;1;6.6.1933;0;1
MAHPEYKIR;1;25.6.1966;0;1
HESBETULLAH;1;2.10.1963;1;0
GIULTIAN;1;15.1.1968;0;1
HOSINAZ;3;11.11.1948;0;3
CIHHAL;1;20.3.1970;0;1
CARGUL;1;26.7.1991;0;1
TOKAT;2;30.3.1960;2;0
EFEKET;1;7.4.1934;0;1
BANUECE;1;13.7.1990;0;1
MEKDAT;2;13.10.1959;2;0
DINAIM;1;16.3.1933;1;0
ACE;4;13.9.1960;0;4
SAYREDDIN;1;20.5.1971;1;0
HANIMZERV;1;19.4.1957;0;1
FATMANISA;6;8.8.1949;0;6
SEVDINC;21;14.5.1975;21;0
EMOC;2;9.1.1950;0;2
CELASIM;5;9.1.1958;5;0
CULIYET;4;7.8.1963;0;4
NAZLA;8;16.12.1966;0;8
GYULFERA;2;30.11.1977;0;2
DURETEL;2;3.3.1937;0;2
TOYGUNCAN;1;8.6.1991;1;0
DUSSAN;1;17.1.1979;0;1
SELANIYE;4;6.9.1967;0;4
RUSID;5;13.3.1954;5;0
ARZUMELEK;1;2.3.1981;0;1
CUMAZEL;8;16.1.1960;2;6
VYERONIKA;1;10.12.1968;0;1
TESIFE;6;18.3.1953;0;6
SENBUDAK;1;1.4.1961;1;0
ZELIE;1;4.12.1962;0;1
AZETIN;1;13.4.1969;1;0
SUKARA;9;5.1.1963;0;9
OZGURNACI;1;20.7.1989;1;0
ZEHRACAN;4;7.1.1965;0;4
YUMZADE;1;20.11.1978;0;1
SELVIDIN;2;23.4.1973;2;0
NERIYE;15;10.10.1962;0;15
SENAIM;11;8.4.1961;11;0
SALIHIBRAHIM;7;3.9.1959;7;0
VAKIN;1;27.3.1974;1;0
MAHINURA;1;22.4.1949;0;1
MEDDINE;2;9.7.1973;0;2
TUTEM;13;20.4.1976;0;13
SABAGUL;3;16.8.1962;0;3
MUHBALI;5;19.2.1945;5;0
NAGDALI;16;26.5.1949;16;0
RESMIE;10;20.2.1970;0;10
SEMSINAHAR;1;23.2.1961;0;1
GALIA;12;7.11.1968;0;12
AYLEGUL;1;13.1.1975;0;1
CIZET;2;10.12.1977;0;2
OZENNUR;5;29.1.1974;0;5
OZBEYI;2;25.7.1976;2;0
SEMUNEL;8;15.9.1977;8;0
KOSUNALI;1;2.4.1957;1;0
GULARZU;4;13.4.1968;0;4
GAFURA;13;17.11.1962;0;13
FERZEDIN;5;26.8.1958;5;0
DUNYANI;1;11.1.1976;1;0
TENZIYLE;9;21.8.1969;0;9
NEKIZE;1;5.8.1953;0;1
GULSADI;17;22.8.1954;0;17
SECAYITTIN;4;16.4.1965;4;0
IRENA;7;7.2.1966;0;7
ZENAP;1;8.5.1982;0;1
MALVA;1;12.9.1989;0;1
FEYLA;4;17.2.1969;0;4
LIHADDIN;1;7.12.1970;1;0
YAZIE;1;20.9.1974;0;1
DUDUC;1;11.6.1951;0;1
DZELJAN;1;13.6.1967;0;1
MEVLJUDE;2;22.2.1968;0;2
SUHLEDAN;1;18.3.1966;0;1
MUSTABAH;1;15.1.1946;1;0
NIZIYFE;1;6.3.1970;0;1
DURYASA;2;13.12.1966;2;0
NURUNNISSA;1;27.1.1974;0;1
ZEYGUL;3;2.6.1982;0;3
FEDAGER;2;18.4.1965;2;0
HENINE;1;27.2.1944;0;1
YUNCA;3;2.5.1988;0;3
NURUZE;2;5.2.1965;0;2
PEVRIZAN;4;22.10.1962;0;4
SIVAZA;1;22.2.1979;0;1
GUBELAY;1;15.5.1974;1;0
YUVNI;1;22.2.1961;1;0
SEMSIYYE;1;1.4.1970;0;1
HACIKUCUK;1;19.3.1943;1;0
KUGUS;28;23.11.1951;0;28
ISGUZER;2;27.1.1973;0;2
FENDER;1;24.5.1964;0;1
BEIAN;1;28.8.1950;0;1
RUHSARA;6;1.10.1958;0;6
NECMUSENA;2;27.2.1986;0;2
CEMSU;5;16.9.1988;4;1
ABDIGAZI;1;11.7.1932;1;0
RUHAYET;3;28.9.1974;2;1
TOFE;1;18.3.1976;0;1
CANTEK;11;22.2.1985;11;0
EZBESIR;1;9.3.1935;1;0
MEHBUH;1;17.4.1973;0;1
ATAKA;2;7.2.1976;2;0
SENEV;3;30.3.1958;1;2
HUDASEVER;1;2.10.1981;0;1
MAVULU;2;18.3.1960;0;2
IBRISIM;9;22.2.1947;0;9
KAHTEREN;2;30.9.1948;2;0
MERAMI;2;14.6.1971;2;0
AYTIKE;1;19.4.1992;0;1
FOYRUZA;1;6.10.1967;0;1
MIZAVET;1;12.8.1953;0;1
ENAL;3;24.11.1956;2;1
ZAIYDE;1;2.4.1969;0;1
ABDULNUSRET;1;20.1.1957;1;0
MINAVVAR;2;13.8.1957;0;2
HALLUM;50;24.4.1952;0;50
SEHLEBEN;1;30.12.1985;0;1
BIRZA;1;14.11.1991;0;1
OVMEN;4;30.10.1978;3;1
NEVRUBE;1;12.2.1953;0;1
VAGDET;1;25.12.1966;1;0
TUCAY;3;14.9.1955;3;0
BINNESIYE;1;10.4.1942;0;1
NEVRIE;15;25.3.1965;0;15
AVVASA;1;21.3.1958;0;1
BAKIBALKIR;1;15.6.1984;1;0
GANIVER;1;1.4.1990;1;0
FERHANIYE;1;9.4.1970;0;1
SAGIF;1;11.3.1972;1;0
NECAYIP;1;18.3.1972;1;0
NURCIGDEM;3;27.7.1967;0;3
MUSAITTIN;6;20.5.1963;6;0
NEVZIYEN;1;1.9.1950;0;1
EBRUSUM;47;22.5.1948;0;47
BULUR;20;5.6.1953;7;13
HACINIHAT;1;24.6.1975;1;0
SUGZAN;1;16.2.1970;0;1
UMULMEZIDE;1;17.2.1966;0;1
RICVE;1;13.4.1957;0;1
BEYEDIN;4;13.12.1960;4;0
ALIABAS;4;14.5.1963;4;0
IOANA;43;20.5.1965;0;43
AVUCAN;2;20.6.1959;2;0
BOZAGA;5;7.7.1954;5;0
RAHIYME;4;9.6.1960;0;4
REBAZIYE;1;11.5.1969;0;1
TAHYIR;1;19.4.1963;1;0
ERDENET;1;6.7.1976;1;0
NAVARE;3;10.10.1965;0;3
ASLIFET;1;7.3.1946;0;1
YADET;1;22.3.1967;0;1
FIZIYE;5;25.3.1971;0;5
MASUKE;3;4.3.1961;0;3
GULGOKCE;1;2.8.1959;0;1
NEYZAT;1;20.6.1960;1;0
CHAZIE;1;24.11.1977;0;1
HOSNEZE;2;27.6.1971;0;2
RUKKUS;6;20.1.1943;0;6
ULBIYA;2;14.7.1967;0;2
TEHNIYE;2;29.4.1927;0;2
TESRIHA;1;5.1.1945;0;1
PASAHANIM;38;1.6.1958;0;38
AYLADOGAN;1;28.12.1960;0;1
GULNAYET;1;29.4.1966;0;1
VEFKIYE;11;30.6.1951;0;11
TURNEF;3;23.12.1954;0;3
MUFDAYI;1;17.4.1978;1;0
MERIZAT;17;2.4.1956;0;17
HILMU;1;25.4.1956;1;0
FERIYYA;4;17.9.1969;0;4
RUHAYE;1;7.10.1967;1;0
SOKRI;1;17.2.1966;1;0
TUBRA;3;12.10.1985;0;3
NESIMGUL;1;22.2.1955;0;1
FELAHETTIN;1;12.6.1953;1;0
SABIGET;1;24.3.1979;0;1
RIHANETE;2;13.3.1955;0;2
SEVILAYE;1;8.10.1977;0;1
BIRMIM;3;10.12.1984;0;3
VAKTISEN;5;28.5.1961;0;5
GULCERAY;12;13.11.1971;0;12
HARAMSI;2;8.5.1947;0;2
DOVLE;10;7.11.1953;0;10
MUSGULE;7;7.12.1970;0;7
MUANVER;2;17.9.1964;2;0
CELAATIN;1;13.2.1980;1;0
SEVOS;1;11.2.1950;0;1
MILICA;3;18.5.1956;0;3
MIRSECCAT;1;12.2.1965;1;0
NEFAKAT;6;30.5.1961;0;6
REDUL;1;21.11.1989;1;0
SERAYET;1;16.4.1963;0;1
UVLIYE;1;28.4.1956;0;1
EDISER;2;12.9.1962;0;2
HIKMETA;3;23.11.1952;0;3
SUUDA;2;12.9.1983;0;2
CESUT;3;10.10.1972;3;0
SUDAMKER;1;14.10.1972;1;0
SEBAYAT;1;26.1.1951;0;1
BELMAHA;3;12.3.1971;0;3
CAMPASA;3;6.3.1954;0;3
CEZAHEDIN;1;28.12.1947;1;0
BILBIL;15;30.4.1954;0;15
MUBEYYEM;3;3.5.1960;0;3
CEBER;1;2.6.1951;1;0
MAFIAT;1;11.8.1975;0;1
BELSIYE;2;19.7.1974;0;2
ZAMANFER;1;6.9.1972;1;0
MUABIYE;2;9.1.1941;0;2
KEVSAT;1;12.3.1965;1;0
FERZET;8;1.3.1979;6;2
GHADA;1;8.10.1980;0;1
MEVLUTCAN;2;22.2.1989;2;0
FAKIRIYE;2;10.4.1957;0;2
OBENCAN;1;24.8.1989;1;0
EFESIYE;2;6.12.1986;0;2
SECEDIN;2;15.7.1957;2;0
MILKESUN;2;2.7.1983;0;2
YELITE;2;2.5.1941;0;2
NAZHAYAT;2;7.1.1974;0;2
PULHAN;2;13.11.1973;0;2
HAPHAP;1;20.5.1963;1;0
EYMENI;1;12.3.1953;0;1
MADISE;2;29.12.1962;0;2
PERVANIYE;2;8.3.1939;0;2
ETNAL;2;18.8.1943;2;0
NESIMET;4;28.5.1969;0;4
ANILHAKAN;1;3.6.1991;1;0
SADRIAZAM;2;24.6.1958;2;0
HUSEYNE;3;14.9.1966;0;3
MUSTEBEHE;1;4.3.1975;1;0
SAYILA;4;20.6.1961;0;4
ELFESYAH;1;27.10.1974;0;1
FESIHET;1;6.6.1975;0;1
SEHERYA;1;27.5.1974;0;1
NAZIA;8;21.10.1960;0;8
RUKYETTIN;4;7.5.1984;4;0
ECEPNAZ;2;28.5.1954;0;2
ALHANIM;1;7.7.1970;0;1
MENHARET;1;2.4.1952;0;1
FERFULI;8;3.6.1956;0;8
NECMATTIN;2;27.10.1979;2;0
SILAFE;1;2.2.1975;0;1
RAHUZE;3;21.1.1970;0;3
ZELGA;4;10.9.1962;0;4
RAMAZANIYE;18;28.10.1967;0;18
ENGIS;1;10.9.1975;1;0
MELIHASEVDA;1;11.6.1975;0;1
TURCA;8;30.9.1976;2;6
SUPHINAZ;3;26.5.1964;0;3
TACIGUL;10;17.2.1973;0;10
TAHLET;1;11.12.1975;1;0
PURSENK;7;20.10.1980;2;5
HAYRANAZ;6;3.3.1950;0;6
ABDULMAHIT;2;17.6.1965;2;0
GURKAYA;3;16.5.1967;3;0
TENCAY;1;14.10.1969;1;0
RIZKETI;1;11.6.1964;0;1
SURAS;3;2.1.1984;3;0
EMDAM;1;8.2.1955;0;1
ABDULSATAR;1;2.5.1975;1;0
ZIYAL;3;4.7.1959;2;1
MUVEDET;18;1.4.1955;0;18
ZATENGUL;16;15.12.1960;0;16
KURTAZ;4;14.12.1958;4;0
FARIHE;8;24.10.1968;0;8
EZEGUL;4;11.9.1964;0;4
HIVAN;11;17.12.1985;0;11
TALYAT;2;15.8.1976;2;0
UYIFET;1;21.6.1975;0;1
SIVAVI;2;20.3.1975;2;0
EVELNUR;2;29.8.1982;0;2
CELALLETIN;1;17.3.1982;1;0
NURSIDA;2;3.2.1990;0;2
UMMUIYE;1;7.3.1982;0;1
ANABORU;1;25.10.1982;0;1
TATINA;1;17.5.1978;0;1
GELOL;1;21.5.1977;1;0
FIRIS;2;12.11.1959;0;2
SANUBAR;5;14.1.1965;0;5
AMED;13;22.9.1987;11;2
MUSEVER;12;26.5.1968;1;11
NIJMET;1;6.6.1963;0;1
ABDULMUTALEP;1;22.6.1979;1;0
NUHIGUL;5;3.5.1952;0;5
NEMIGUL;1;29.3.1962;0;1
REVSAT;3;15.1.1966;2;1
BIRZAT;8;13.4.1971;7;1
FEREYHAN;3;27.10.1959;0;3
SACIFE;1;6.2.1974;0;1
BUNYALI;2;6.12.1963;2;0
TABIIYE;1;22.2.1979;0;1
SAZIMAT;7;13.8.1965;0;7
FIRZEVET;1;2.2.1963;0;1
MUJDAHAN;1;21.3.1983;0;1
SEBHAN;5;5.6.1973;1;4
MUHDULLAH;1;26.5.1961;1;0
HURO;8;21.7.1704;6;2
ALIMURTAZA;4;19.1.1974;4;0
RESIYDE;3;6.1.1964;0;3
VEHANUS;8;22.9.1948;0;8
MAGBUP;1;16.11.1965;0;1
NEBLE;1;12.6.1977;0;1
GULCAMAL;8;8.8.1954;3;5
TAKIBET;6;22.9.1961;0;6
MESHAL;3;8.11.1979;3;0
PELAGHIA;1;18.8.1968;0;1
IBRAIM;4;8.3.1976;4;0
YEKTEM;3;16.7.1987;2;1
KADEMIYE;2;29.5.1955;0;2
GULUNAM;1;7.5.1952;0;1
AGAKISI;4;15.8.1946;4;0
HURMIZ;3;19.11.1953;0;3
AHED;1;29.5.1980;1;0
NEBAY;3;1.3.1966;0;3
MENZIRE;5;27.10.1959;0;5
BIAYSE;2;30.7.1954;0;2
AFZALBEY;1;21.6.1961;1;0
RUHICEM;1;17.2.1987;1;0
NARENCI;5;11.2.1973;0;5
FENADIN;1;2.7.1983;1;0
TURYAK;3;21.10.1979;0;3
HIMETTIN;1;17.3.1944;1;0
VEDIE;5;30.9.1957;0;5
OKENER;1;25.5.1990;1;0
KATGEN;1;12.8.1947;0;1
ERKECAN;1;4.1.1983;0;1
DELILKAN;2;22.8.1949;2;0
CEZMUR;1;14.3.1989;0;1
BARAZHAN;1;7.8.1958;0;1
FAHRAGUL;1;21.5.1954;0;1
BOLATHAN;1;22.8.1925;1;0
TABAREK;12;1.6.1963;1;11
RAMBIYE;1;3.11.1960;0;1
BEYTAC;5;12.2.1981;5;0
EBUTAHIR;2;4.1.1963;2;0
TANTURK;2;29.11.1985;2;0
PIRZAT;5;9.6.1956;1;4
TUBAYNUR;1;16.6.1987;0;1
SUGRUN;1;3.6.1972;0;1
MAKARYA;1;17.8.1924;0;1
UMIR;6;26.9.1977;5;1
KANSUR;1;12.6.1990;1;0
GUNLAHAR;1;8.3.1964;0;1
SERAYSE;1;2.8.1939;0;1
KAMARIYA;1;27.8.1914;0;1
CANGILGAN;1;22.8.1949;0;1
BAHTIHAN;1;12.8.1947;0;1
HUDEYBIRGEN;1;17.8.1924;1;0
RAHMETBEK;1;1.10.1960;1;0
YUNUSBEG;1;17.8.1954;1;0
AKTARHAN;1;2.8.1957;1;0
TOLEGEN;1;27.8.1932;1;0
MAHMUTBEK;1;14.2.1973;1;0
ZEBA;7;20.4.1957;0;7
YOLAT;5;9.2.1970;5;0
SAMIYENUR;2;18.12.1984;0;2
TEBARAK;1;29.2.1963;1;0
DELILHAN;2;24.7.1933;2;0
MEZGURE;1;22.8.1931;0;1
GAFURRAHMAN;3;11.1.1971;3;0
SEVUS;1;16.6.1978;0;1
EVVAL;1;25.7.1957;1;0
HACIEKBER;9;18.7.1965;1;8
ILMESHAN;1;27.8.1950;0;1
RAZAK;11;9.4.1967;11;0
RIMKAN;1;22.8.1931;0;1
CIHIDE;1;19.4.1975;0;1
REZMIGUL;2;16.12.1968;0;2
GEYIBETULLAH;1;2.2.1975;1;0
ZEVI;5;2.12.1950;0;5
TEHMIYE;3;30.7.1959;0;3
REVZEDE;1;2.2.1957;0;1
BOLAHANIM;1;7.8.1934;0;1
HAREMSIYE;6;3.11.1966;0;6
MINEV;1;1.10.1983;0;1
I.;4;15.11.1952;4;0
EVRAH;1;26.4.1976;0;1
MATIYE;3;20.12.1954;0;3
METHINAZ;1;26.5.1965;0;1
ERTANNAKI;1;5.4.1966;1;0
AYHETTIN;1;25.4.1972;1;0
KADERNA;1;12.8.1929;1;0
TAKIRBAZ;1;22.8.1937;1;0
COKEY;1;27.8.1926;0;1
ESIMHAN;2;18.10.1976;1;1
BEREKETULLAH;2;28.1.1965;2;0
SANIYEHAN;1;22.8.1931;0;1
HURLIHAN;1;27.8.1950;0;1
FAZILKERIM;1;30.11.1964;1;0
MELIKACDAR;1;17.8.1924;1;0
NUFIKAN;1;27.8.1944;1;0
BOYSAL;4;1.3.1965;3;1
ULCA;3;18.4.1968;2;1
MUKAYYE;7;2.12.1975;0;7
MURADULLAH;4;17.4.1951;4;0
EBILFEZ;22;9.3.1974;22;0
ERHEM;1;9.10.1986;1;0
TIFLIYE;14;30.12.1945;0;14
GIOULI;1;25.7.1964;0;1
SENDURE;8;12.8.1977;0;8
NEFAYIT;1;23.5.1949;1;0
ILKEY;3;26.10.1975;1;2
YUNOS;1;2.2.1981;1;0
NISLIHA;1;28.11.1972;0;1
MIRIRIYE;1;27.6.1974;0;1
CEBELNUR;1;7.8.1952;1;0
ABDULMECITHAN;1;29.2.1990;1;0
ZULMAY;1;7.8.1976;1;0
FELIHE;2;24.8.1980;0;2
GURBETCAN;1;11.4.1981;0;1
ESENA;7;30.12.1965;0;7
NEBIYER;1;12.8.1947;0;1
AHTIYAMAN;1;19.8.1929;1;0
KATURA;1;7.5.1964;0;1
AKBALA;1;17.8.1930;0;1
RUKIYADZHEVATOVA;1;20.9.1982;0;1
RABEA;2;23.9.1979;0;2
YELGIN;10;21.2.1979;0;10
NOHBET;2;21.4.1962;0;2
ETLAS;8;27.9.1965;0;8
KIYRA;1;7.10.1969;1;0
MIMSAL;6;5.1.1966;0;6
ERGUCAN;7;27.11.1971;7;0
SAHHADET;1;11.11.1975;0;1
SEYFIGUL;3;9.12.1963;0;3
HANIMEZIZ;1;29.5.1949;0;1
SIDIKAY;1;12.8.1929;1;0
ELEMNUR;2;8.6.1991;0;2
SARDBAY;1;7.8.1982;1;0
FERFULE;8;24.3.1956;0;8
FERRIHA;1;11.10.1964;0;1
BATIKA;1;22.8.1949;0;1
MUSTAGIM;5;30.1.1983;5;0
RESITE;9;13.6.1968;0;9
SAHSUNA;14;10.5.1959;0;14
SOBET;1;28.12.1972;0;1
MUSLUMANKUL;1;17.8.1948;1;0
FEZLEDIN;1;7.8.1976;1;0
KIZNAZ;10;5.3.1965;0;10
HULKETTIN;8;27.5.1965;8;0
DOKTORHAN;1;27.8.1950;1;0
EMETULLA;7;9.7.1953;0;7
DEVRISBALI;1;23.4.1974;1;0
YUSUFITTIN;1;8.4.1966;1;0
YASARGAYE;1;9.5.1967;0;1
RIZADIN;1;17.2.1972;1;0
PAPIN;1;26.8.1953;0;1
KAPDOL;1;2.8.1927;1;0
HUMMES;3;29.1.1962;0;3
BESARETTIN;14;24.10.1960;14;0
KEVHAR;1;2.6.1950;0;1
SAPERI;3;2.10.1979;0;3
CAMADDIN;2;17.6.1974;2;0
LUFIYE;6;19.12.1969;0;6
ZAFEYRI;1;23.3.1966;1;0
HUSALE;1;21.2.1972;0;1
HUMRUSAN;3;30.2.1953;0;3
ZOHUR;3;6.5.1962;3;0
CAVAYIR;2;1.6.1963;0;2
FEVRUSAH;16;1.6.1980;0;16
REVIYDE;1;17.11.1972;0;1
TOHUVE;2;22.8.1951;0;2
GOKTERI;1;3.11.1977;0;1
FEVRUSA;6;9.2.1969;0;6
BAHAHITTIN;1;17.3.1948;1;0
GULIYEVA;1;13.7.1954;0;1
CAMEDDIN;2;8.5.1960;2;0
MELEF;1;28.8.1979;0;1
NUZUKES;1;1.6.1955;0;1
HAKIBAY;1;17.8.1942;1;0
HEKIMBIBI;1;27.8.1980;0;1
MIKTAR;10;20.4.1965;10;0
ORBEYKAN;1;7.9.1989;1;0
NACIB;1;12.12.1959;1;0
REYHATA;2;27.11.1973;0;2
SAVTER;1;7.5.1982;1;0
YILDIRAK;1;4.4.1969;1;0
SIBETULLAH;14;7.8.1984;14;0
HOFI;1;4.2.1949;1;0
ALMIHAN;1;12.4.1939;0;1
MECBURIYA;1;13.7.1941;0;1
KASIMKAN;1;1.10.1966;1;0
GULAMBAY;1;17.8.1924;1;0
TATIS;1;22.8.1937;0;1
DIRSUN;1;16.10.1969;0;1
HAMIDETTIN;5;23.6.1977;5;0
TILINAZ;1;7.2.1976;0;1
GULOLDU;1;27.1.1962;0;1
UMADETTIN;4;10.2.1970;4;0
ZAZIL;1;13.7.1962;1;0
MEVLANUR;9;8.1.1981;0;9
CIHANBANU;2;29.5.1964;0;2
EBAZ;1;16.12.1931;0;1
ABAMISLIM;7;12.8.1961;7;0
MEMETKULU;2;3.8.1950;2;0
MECBUREN;1;28.10.1974;0;1
RUHSETI;1;8.9.1948;1;0
BEYHUT;1;4.2.1959;1;0
NUSAFER;4;10.7.1947;0;4
MURHANI;1;16.1.1967;1;0
YUNLU;2;29.6.1954;2;0
SEVDEM;4;10.11.1979;0;4
ABDULYEKIN;1;15.2.1979;1;0
YENIBEY;7;16.1.1971;7;0
AFIKE;9;22.11.1965;0;9
HACIDE;31;28.8.1967;0;31
ABDULHIZIR;1;27.6.1985;1;0
KOMEC;2;15.12.1979;0;2
ABDUSABUR;2;19.10.1960;2;0
DENGIZAR;1;16.2.1946;0;1
NASIKAR;1;27.2.1950;0;1
AZAMETIN;1;27.4.1968;1;0
MADISAN;2;11.9.1967;0;2
TEVRAN;8;12.8.1968;2;6
FERRUG;1;15.2.1940;0;1
SEHBISTO;1;22.6.1961;0;1
BENDERALI;1;17.8.1924;1;0
MEHBEDDIN;1;26.7.1981;1;0
BILGINAZ;38;8.1.1971;0;38
ERTURKER;1;21.4.1974;1;0
HUKMEDIN;1;7.2.1964;1;0
MEKLIFE;2;2.2.1963;0;2
MAVUSHAN;1;1.5.1983;0;1
AIFE;6;13.9.1963;0;6
ERMEHAN;39;28.8.1967;2;37
CANIR;1;22.9.1985;1;0
KOLKIN;1;12.2.1941;0;1
YAVUZSELIM;20;15.9.1979;20;0
NEZAYIM;4;22.4.1962;4;0
SAHIBANE;1;26.5.1953;0;1
SEETTIN;1;22.8.1974;1;0
DALIFE;4;13.8.1958;0;4
FERZIME;4;25.7.1959;0;4
MUELA;2;11.4.1963;0;2
MEZINET;14;21.12.1960;0;14
KASKAL;33;30.7.1959;0;33
FILIKENT;1;24.2.1979;1;0
ZEYTAN;1;16.9.1976;0;1
SIMKA;1;12.8.1953;0;1
MINTAY;1;2.7.1975;0;1
CELLAETTIN;1;2.8.1969;1;0
EYNETTIN;8;8.11.1965;8;0
KARASAHIN;2;14.5.1964;2;0
MALETTIN;4;23.11.1960;4;0
SAHRALI;2;13.2.1944;2;0
FAATMA;3;17.6.1975;0;3
GULBADON;3;18.4.1936;0;3
NURAI;3;5.3.1980;0;3
BATUM;4;11.4.1976;2;2
RUKHIYYA;1;17.2.1978;0;1
FEZIRIYE;1;24.3.1967;0;1
VUVEYLA;1;11.11.1963;0;1
KADIMI;9;5.6.1965;9;0
BEYMIZAR;1;19.6.1980;1;0
KUTAHIN;1;11.7.1949;0;1
SEMUR;5;9.8.1955;2;3
MEIZE;1;14.3.1983;0;1
HAFINAZ;1;5.11.1973;0;1
SONSA;2;5.3.1959;0;2
NECEFALI;7;16.1.1946;7;0
TAKRIBE;1;11.1.1990;0;1
BURHANETTTIN;1;1.11.1971;1;0
MINKAIL;10;10.5.1986;10;0
KOKSOY;4;25.7.1966;4;0
KEYRAN;2;15.11.1941;2;0
ZERGALEM;1;26.2.1963;0;1
BUDAL;1;15.12.1963;1;0
MEZRIFE;7;30.8.1962;0;7
FIZKIYE;1;7.11.1987;0;1
FIRDEVSANA;1;3.4.1965;0;1
ELAYDI;1;23.9.1981;0;1
HUSNIYENUR;2;5.9.1967;0;2
GEFOKI;1;17.2.1936;0;1
M.RAYIF;1;17.2.1960;1;0
SACLIFE;1;18.8.1967;0;1
TURCAHIN;1;11.4.1990;0;1
ERTUGRULHAN;9;5.7.1985;9;0
ZEYNURAY;1;8.2.1964;0;1
INTAHAM;1;21.6.1959;0;1
SEVAYI;12;27.3.1965;1;11
GULSEYER;2;6.8.1952;0;2
EDISHUN;2;11.3.1986;2;0
TEHEDDIN;2;21.8.1960;2;0
DEHYA;2;13.10.1981;2;0
GULSARAF;1;13.2.1980;0;1
MESDINAZ;4;4.6.1959;0;4
GULBEYHAN;11;1.7.1970;0;11
IZRAFIL;1;19.3.1967;1;0
BEBIYE;1;25.6.1955;0;1
NAHRINGUL;1;30.3.1973;0;1
YANILMAZ;3;25.4.1975;3;0
BELAKAT;1;15.4.1947;0;1
MEGFIRET;1;4.6.1963;0;1
ALIYYUR;1;20.4.1969;1;0
ZELIDE;4;26.10.1952;0;4
NEBAHATIN;1;9.8.1969;1;0
ASSAF;10;25.1.1959;10;0
SULFUYE;6;17.9.1971;0;6
MERIEM;11;6.12.1972;0;11
ZERZEHAN;1;11.2.1976;0;1
SELAYETTIN;9;9.4.1958;9;0
KAYTEK;1;6.2.1987;1;0
NILUYE;1;19.11.1972;0;1
KEMAT;3;8.3.1947;1;2
BAZIKA;1;28.4.1938;0;1
BALABEYIM;1;16.3.1956;0;1
HADILI;5;1.11.1964;0;5
CULAY;1;6.7.1990;0;1
MEYYIT;1;20.10.1983;1;0
UZERA;1;7.2.1956;0;1
ELVISUM;1;27.2.1938;0;1
SURUYAL;2;6.4.1966;0;2
ABDUR;10;21.5.1954;10;0
TONEY;3;11.4.1942;0;3
FALYE;1;9.1.1975;0;1
MEMETZEKI;21;28.7.1962;21;0
SAFIRAZ;2;18.2.1956;0;2
RUGAYE;4;26.11.1988;0;4
ELFIMA;1;7.6.1982;0;1
SEHLIHE;1;5.3.1966;0;1
NUHBEK;4;28.3.1969;4;0
GULELMA;3;12.3.1966;0;3
MACRA;1;22.2.1955;0;1
EBUMANSUR;3;2.10.1984;3;0
GULDUCAN;1;13.3.1971;0;1
NEFIH;3;10.7.1963;3;0
SEHIDI;1;7.7.1976;0;1
NECEFKULU;3;19.7.1956;3;0
MAZINE;2;7.9.1967;0;2
PASLA;1;12.8.1929;0;1
MEFFURE;1;26.1.1963;0;1
MORZIK;1;17.2.1966;0;1
IBAETTIN;1;22.2.1961;1;0
CIMAN;4;12.3.1963;0;4
CEZMIN;2;15.8.1983;2;0
ELVANNAZ;1;1.4.1992;0;1
MUNIVAT;1;3.9.1957;0;1
NURNISAN;5;25.3.1966;0;5
MESNINAZ;1;1.5.1966;0;1
MULKES;1;26.2.1990;0;1
ZEBIRCE;2;4.8.1963;0;2
BAHDER;1;25.2.1991;0;1
GURGUHAN;1;20.8.1980;0;1
SARZIYE;4;16.4.1966;0;4
MEHRACIYE;1;11.5.1975;0;1
DURRETIL;2;21.12.1932;0;2
DEVRAZETTIN;1;27.2.1962;1;0
MULKALAN;1;12.7.1975;1;0
BEYDAG;7;2.5.1973;1;6
MANIK;10;21.3.1953;7;3
FELCE;9;6.6.1959;0;9
SAMENT;5;20.1.1972;5;0
GULBEYIM;5;26.10.1963;0;5
ZEHREDIN;1;2.2.1981;1;0
NURSEHIL;1;5.5.1981;0;1
ISMAYILE;1;4.4.1975;0;1
FERITUN;2;21.11.1979;2;0
BORANSEL;3;8.10.1970;3;0
AZDAR;1;29.4.1980;1;0
ZECIRYA;1;27.2.1974;0;1
UYANER;3;5.7.1974;3;0
NAKET;1;27.2.1956;0;1
MIRYUSUF;1;20.3.1954;1;0
EBDILILAHI;1;27.12.1977;1;0
RUGEYE;1;18.4.1990;0;1
YETO;4;6.11.1951;0;4
NALIMDIYAR;1;27.2.1956;0;1
MEHMANE;1;30.3.1973;1;0
IREBBIL;1;23.3.1967;1;0
SEFIHA;11;18.4.1964;0;11
ZEHRATTIN;1;23.2.1967;1;0
RESATTIN;6;26.10.1956;6;0
NABIRE;10;29.6.1958;0;10
MUKERIME;2;25.7.1966;0;2
NESIYA;2;23.6.1969;0;2
NAKIYA;3;20.11.1958;0;3
EVKANI;1;24.2.1955;1;0
NAHADDIN;1;11.8.1952;1;0
ANIDE;6;6.8.1953;0;6
SIBERYA;2;10.6.1967;0;2
NUMMIYE;1;7.2.1958;0;1
SAHANGER;2;2.7.1970;1;1
GYULIZAR;1;13.1.1983;0;1
HAVUZ;6;27.9.1960;2;4
HUSNUYEGUL;1;12.2.1964;0;1
MIGEYE;1;26.6.1936;0;1
MEHTUME;2;14.7.1947;0;2
LAVES;1;22.7.1978;1;0
TELACTI;1;12.2.1965;0;1
BAIDE;8;26.4.1954;0;8
ESAVET;1;20.7.1958;0;1
TORKUN;1;22.10.1979;1;0
RUKKUYA;3;12.5.1960;0;3
IZGIN;8;29.5.1978;2;6
SEBHATULLAH;1;29.9.1985;1;0
GULBEDIYE;4;11.2.1955;0;4
MESOK;1;23.6.1953;1;0
FIRSAN;1;16.3.1951;0;1
SEYITGAZI;9;8.11.1967;9;0
KIZTAVUZ;1;23.10.1972;0;1
NUTEZIM;1;8.3.1976;1;0
AVLUN;1;22.8.1949;1;0
SIBELHAN;5;30.1.1978;0;5
NEHCIVAN;1;8.12.1991;1;0
NUHYET;2;12.11.1974;0;2
CHAZA;1;13.7.1988;0;1
GULSEVDA;7;15.4.1982;0;7
NURAZ;5;28.7.1975;0;5
NUNIYAN;1;17.1.1970;0;1
SAVTAP;1;5.3.1967;0;1
MIRIZAT;6;20.1.1944;0;6
HAFIZETTE;1;23.3.1967;0;1
BILGU;3;15.12.1959;0;3
EZAN;5;13.8.1977;3;2
NAHVEL;1;29.6.1966;1;0
ZIYAYITTIN;1;6.1.1960;1;0
HUBAB;2;1.10.1977;1;1
ZEYMEP;1;7.6.1978;0;1
TAZMINE;1;9.2.1979;0;1
EBRAH;1;8.2.1992;1;0
ZERETE;2;18.4.1959;0;2
KALIK;3;14.6.1950;3;0
SINDAN;4;16.8.1990;0;4
SAVAYIR;1;22.3.1967;0;1
ZELFURE;56;28.9.1964;0;56
ZIYFAR;1;26.9.1959;1;0
DENE;4;27.9.1953;0;4
BAHSEL;2;10.4.1974;1;1
RIFAYIL;2;11.1.1977;0;2
VESBI;2;10.12.1970;2;0
REYLIFER;1;19.11.1974;0;1
CAVSIM;1;19.3.1973;1;0
ILHANBEY;5;6.2.1962;5;0
CEYRIYE;5;22.12.1947;0;5
ALIOGUZ;1;6.1.1986;1;0
LAHISE;1;1.4.1986;0;1
SEBUT;1;11.2.1974;0;1
YEKBIN;4;12.9.1985;1;3
GULYAZAR;13;14.9.1973;0;13
RUHIBEY;6;2.2.1959;6;0
TAKKI;22;24.6.1963;22;0
NISMIN;2;4.1.1977;0;2
SERANI;6;13.12.1969;4;2
BILINAZ;2;13.3.1977;0;2
MELAKET;7;17.1.1957;0;7
GUNHAL;11;28.10.1958;0;11
KEBINE;2;5.5.1962;0;2
ERENDUZ;2;27.4.1966;0;2
ZULMENAR;1;27.4.1962;1;0
SUSON;1;19.11.1973;0;1
CAYIR;8;22.12.1975;2;6
HEFHANIM;2;10.9.1959;0;2
EMINEBETUL;1;18.12.1974;0;1
DARENDE;1;7.10.1928;0;1
M.FIKRET;4;3.8.1951;4;0
FADIMENA;11;12.3.1978;0;11
LEMYAZ;19;14.7.1952;19;0
DILFEZA;9;7.11.1959;0;9
MUHDESEM;3;26.9.1980;1;2
SIMEYRAN;1;27.2.1992;0;1
EYMAS;2;7.11.1971;0;2
ATEKE;3;24.7.1965;0;3
SASEYIN;1;2.6.1985;1;0
BURAHATTIN;1;8.10.1987;1;0
GULVECIN;1;19.8.1980;0;1
BEHIM;6;3.5.1945;0;6
MULKAIL;1;16.9.1982;1;0
ZIYEMET;9;15.2.1951;0;9
NADIVSA;1;27.2.1974;0;1
ASFETTIN;1;2.12.1981;1;0
GULYAYAN;1;1.4.1954;0;1
GULEPRUZ;3;15.9.1949;0;3
MUZEKKIR;26;11.11.1953;26;0
ZIYVENDER;1;27.2.1944;1;0
FEYZENDER;1;17.2.1942;1;0
ESLEHAT;1;20.3.1975;0;1
TUGAYI;1;27.2.1956;1;0
KEBIRAL;1;26.2.1949;0;1
EMRUYE;4;18.3.1973;0;4
SIYFET;1;23.4.1949;0;1
UMYETE;1;10.10.1987;0;1
TURHAS;1;4.3.1963;0;1
FEZRAIL;1;16.3.1946;1;0
MISLER;6;23.11.1951;0;6
GELIR;5;20.10.1958;5;0
MUFTENA;1;13.11.1976;0;1
MURSEZ;1;17.2.1955;0;1
SEHRIME;1;22.4.1955;0;1
CISMINAS;4;26.4.1953;0;4
ZIGNETI;8;24.6.1953;0;8
ABDULHAYRI;4;3.6.1970;4;0
SIRINPINAR;1;14.2.1989;0;1
YUNSER;6;11.5.1960;0;6
BEDEGUL;1;21.6.1969;0;1
SAYFIRE;1;2.2.1957;0;1
BEYBIYE;1;1.5.1946;0;1
SABABLE;1;7.2.1970;0;1
CICIMEN;1;2.4.1944;0;1
ALICENK;4;1.2.1981;4;0
FITNAD;3;2.7.1964;0;3
RIHIME;11;22.11.1969;0;11
MELIKILFEYSEL;1;14.2.1965;1;0
GULANSA;29;8.5.1958;0;29
PARZAT;1;22.2.1979;0;1
IRFANALI;1;21.3.1971;1;0
ALIBEKIR;3;28.11.1956;3;0
HURMEYSE;1;22.6.1938;0;1
HABIFE;1;2.8.1981;0;1
SEYIFALI;12;3.1.1957;12;0
GUHERBEGIM;1;17.2.1948;0;1
GIANINA;5;22.10.1977;0;5
MECHUN;1;22.2.1979;1;0
MALAZGIRT;1;12.9.1972;1;0
NILBETUN;1;2.2.1963;0;1
HUSMIR;2;20.5.1972;2;0
HANDAHAR;3;6.6.1968;3;0
MUSAID;2;28.9.1953;2;0
SIGIMAM;1;24.3.1955;1;0
MELIZAR;1;27.2.1986;0;1
SECAIL;2;20.8.1957;2;0
CEFALE;1;7.2.1966;0;1
SEZYA;2;10.2.1982;0;2
CETINSER;1;13.12.1983;1;0
GULYADE;2;15.11.1966;0;2
DUNYAGULU;2;26.3.1959;0;2
JERAYE;1;14.9.1973;1;0
SANIC;1;21.2.1947;0;1
YAGUZ;8;23.7.1957;8;0
MIRZAHAN;2;6.10.1954;2;0
ALEMZER;16;16.5.1957;0;16
UMMUGULSEM;1;23.2.1991;0;1
SEHRUN;1;18.3.1970;0;1
CEVHERNAZ;19;3.4.1951;0;19
AZALET;1;17.2.1966;0;1
FAKIYETE;1;10.10.1987;0;1
TAUMANI;1;12.6.1958;1;0
KUSTAR;1;2.2.1963;0;1
ELAV;2;12.8.1980;0;2
MAHMUTYASAR;3;18.6.1972;3;0
MEGRI;1;8.4.1992;0;1
HALILISMAIL;1;25.3.1990;1;0
EVSAR;4;19.8.1968;2;2
MACALLAH;1;26.6.1973;1;0
BERGA;9;30.9.1968;0;9
GULBUKET;1;22.4.1983;0;1
NEVAYI;1;2.7.1975;1;0
TALLET;1;10.10.1984;1;0
GUNDEGMEZ;1;7.6.1982;0;1
PAPATIYA;2;25.5.1961;0;2
MUKKEDDER;2;6.7.1951;0;2
MURATIYE;5;2.11.1968;0;5
NECINE;3;27.2.1963;0;3
IMMEHANI;33;11.9.1955;0;33
SAHMENDER;17;15.3.1963;17;0
FEHRAN;9;23.7.1967;6;3
SEVERGUL;1;27.11.1984;0;1
SEFTINUR;1;19.2.1975;1;0
ENBIE;3;19.12.1951;0;3
BEYSIME;6;3.10.1947;0;6
BIRDJAN;2;19.12.1988;0;2
MEHRIN;5;12.11.1980;1;4
HAPPE;5;27.9.1958;0;5
ERGUVANIYE;1;27.3.1942;0;1
BASRILE;1;4.1.1968;0;1
SENPIL;4;12.6.1968;0;4
NOUROJAN;1;15.2.1981;0;1
NUZAMETTIN;3;27.11.1973;3;0
BEHIDJE;3;24.1.1976;0;3
GYULIAY;1;26.11.1979;0;1
CAHIYE;8;15.2.1976;0;8
MYURVET;1;29.12.1972;0;1
HUSOEYIN;1;11.4.1992;1;0
SADRIME;15;16.6.1957;0;15
FEHGIRI;1;17.2.1966;1;0
MENIJE;16;11.10.1956;0;16
MENNAZ;1;2.2.1957;0;1
AYLIA;2;8.4.1973;0;2
HERANGUL;2;29.9.1970;0;2
GULCURAY;1;1.5.1973;0;1
MERYEZ;2;7.6.1985;0;2
MUHIPBET;1;17.7.1970;0;1
FEHAVET;1;2.2.1972;0;1
MERGIN;4;23.2.1983;4;0
SEVIE;4;29.10.1971;0;4
ZILFIALI;1;28.3.1956;1;0
SECAIT;2;1.12.1978;2;0
AKSAH;1;22.10.1980;0;1
RUCIHAN;2;30.7.1983;0;2
IHTIBAT;1;30.6.1971;1;0
ILTERAY;4;28.8.1971;3;1
HECIVAN;1;5.12.1965;0;1
HEYNUR;1;8.7.1977;1;0
DUDUZER;2;22.12.1972;0;2
ON;1;25.10.1990;0;1
NURDJAN;1;23.5.1990;0;1
REVAYDIN;2;25.7.1976;2;0
GULTIKE;2;3.6.1954;0;2
DEVLE;3;30.10.1953;0;3
IBRAHIYE;1;12.8.1923;0;1
ARUH;1;26.6.1982;1;0
MERAMIL;2;7.6.1964;2;0
MEVIZA;1;2.4.1957;0;1
BEHAIR;2;12.8.1947;2;0
BAHTIYEN;1;23.4.1971;0;1
IREVE;3;10.2.1956;0;3
SAMAZE;3;22.6.1959;0;3
NOURJAN;1;29.7.1976;0;1
KADRIE;24;1.11.1966;0;24
SULTANANA;5;5.4.1974;0;5
ANIHIRAN;1;28.8.1967;0;1
UCEDIN;1;30.7.1954;1;0
BILVIN;5;6.4.1964;0;5
NAHVAYIL;1;16.6.1975;0;1
GULBIE;8;13.4.1968;0;8
MUSEMBIE;1;7.6.1972;0;1
HATIDZHE;2;26.3.1971;0;2
MUSEHHEL;20;29.2.1972;0;20
MILLEFER;1;22.3.1967;0;1
GYULNOUR;1;17.4.1978;0;1
RUCEYDE;1;4.2.1965;0;1
EHLEMAN;1;17.6.1965;0;1
BAHREDIN;1;20.3.1947;1;0
APTULA;6;9.2.1963;6;0
ELFISIYE;3;5.11.1979;0;3
SEZAIM;5;2.3.1969;5;0
ANIMSE;2;7.6.1952;0;2
SONHAT;3;22.12.1980;0;3
BEVSIM;1;10.5.1971;1;0
PEDRIE;7;10.7.1976;0;7
OZRAN;3;18.2.1963;0;3
BASRIE;9;17.10.1974;0;9
BAYZER;2;30.9.1967;0;2
IBAN;14;20.6.1956;12;2
EKRIYE;2;15.2.1977;0;2
SEMUEL;13;29.7.1957;13;0
ZILOLA;1;20.12.1978;0;1
YUCESOY;6;26.7.1978;6;0
NUREYHAN;3;26.10.1960;0;3
ALESREF;1;27.4.1950;1;0
NAHRIYE;8;18.10.1959;0;8
SANSINUR;2;25.8.1970;0;2
ULVIDE;7;24.6.1956;0;7
FIRYUZA;1;11.12.1977;0;1
SARMAGUL;1;25.5.1961;0;1
GULDIYER;5;20.8.1969;0;5
ALIESFER;1;18.5.1948;1;0
NAHANNUR;1;21.1.1964;0;1
RESULHAN;5;17.1.1974;5;0
SANEZTE;1;21.6.1960;0;1
OBEYDI;1;1.3.1961;1;0
SEMIT;7;4.8.1970;6;1
AYESI;2;17.8.1958;0;2
MUREFETTIN;5;17.2.1956;5;0
LAYLO;2;23.7.1977;0;2
RAZIE;6;28.8.1971;0;6
SEHABULLAH;1;28.6.1977;1;0
HASA;5;8.3.1959;0;5
MEHTA;1;15.10.1979;0;1
TURGUNAY;1;4.11.1981;0;1
IFTIHADIYE;1;4.7.1956;0;1
SVETOSLAV;1;23.12.1979;1;0
SEHLUL;1;26.3.1982;0;1
ESILI;7;26.5.1954;0;7
AMURLA;1;22.1.1967;1;0
SAFIDER;5;6.3.1968;0;5
HOG;1;22.2.1961;0;1
CHIRIN;5;20.2.1978;0;5
GUNSEM;2;11.9.1964;0;2
UMMULHAYR;2;19.10.1963;0;2
SEREB;1;26.11.1970;0;1
HEYZURE;1;1.10.1978;0;1
REZEL;1;2.8.1969;0;1
FIREVS;3;27.6.1979;0;3
AZANIYE;1;12.4.1970;0;1
LAIK;11;5.5.1980;10;1
COHER;3;9.9.1959;1;2
PIRBABA;1;7.4.1961;1;0
ZANIFER;2;26.10.1951;1;1
MALKOCOGLU;1;7.9.1983;1;0
ELMELIKI;1;17.1.1984;1;0
GENCAR;1;2.6.1989;1;0
RUFHAT;2;11.5.1975;2;0
SIVARE;2;4.11.1933;0;2
DILAF;1;16.2.1962;0;1
DEGMEGUL;1;21.8.1966;0;1
TULLEY;1;2.4.1942;0;1
SOVLE;5;12.9.1956;0;5
DUSALE;1;16.1.1959;0;1
SEHAL;18;17.1.1966;3;15
SOYUP;3;21.1.1968;3;0
HAYMIL;1;26.11.1962;1;0
LUTFIYA;22;2.3.1958;0;22
STASKIK;1;2.8.1987;1;0
VILADIK;1;17.8.1984;1;0
ERGICAN;9;10.9.1961;9;0
MEHMETSADIK;9;24.6.1977;9;0
ZAZA;4;9.9.1972;4;0
ZIYALI;2;16.1.1980;2;0
KADUS;35;6.1.1951;0;35
SAMAY;4;7.1.1961;1;3
AKKIL;2;23.2.1940;0;2
USANMAZ;2;26.10.1978;2;0
NEVCIYET;1;6.12.1965;0;1
SUKUGTU;1;11.5.1974;1;0
ATIDZHE;2;24.5.1977;0;2
VERDIK;3;25.11.1946;0;3
ENKA;3;9.8.1952;0;3
SAHVAL;3;25.10.1933;0;3
FERNAS;7;23.3.1965;0;7
EKTIBAR;2;3.9.1946;0;2
OZINC;3;20.6.1980;3;0
FERISTAN;3;26.11.1970;0;3
FEYRET;1;9.4.1952;1;0
YUMIN;8;4.9.1968;1;7
EYYUBU;3;29.12.1963;3;0
FAYRUSHAN;1;12.9.1988;0;1
REBBANI;2;9.10.1983;2;0
ANDREEA;5;13.3.1982;0;5
SAVLIHAN;1;28.10.1974;0;1
ARICE;2;29.11.1950;0;2
NINEM;1;11.4.1945;0;1
ULCIYE;1;2.7.1975;0;1
GULLIZ;6;16.12.1974;0;6
ZEMZEMIYE;2;11.11.1947;0;2
VAZETTIN;1;19.5.1961;1;0
MUTEYYIN;1;21.11.1976;1;0
MAHIPERU;1;5.9.1939;0;1
MAIBE;5;6.3.1961;0;5
GULABATIN;10;2.3.1949;0;10
SANATA;9;24.2.1965;0;9
VISNE;6;24.4.1983;0;6
GULTEKINHAN;2;9.9.1966;2;0
TORESIN;1;22.2.1961;1;0
SAMUREN;1;21.9.1959;0;1
GELLENGUL;1;3.4.1961;0;1
SONU;1;11.3.1950;0;1
FACRI;4;13.12.1946;0;4
ECIRYE;2;15.7.1969;0;2
CEVIZER;3;14.8.1950;0;3
MEBRULEH;1;23.1.1977;0;1
CANCIGER;1;11.7.1974;0;1
SAHDEMIR;2;2.8.1960;2;0
NARLI;10;19.10.1968;0;10
ZINNARIYE;1;23.3.1941;0;1
SERKEN;5;5.12.1981;5;0
EKTIBAN;1;27.10.1968;0;1
MUCAHAN;1;16.7.1947;0;1
BERIHVAN;1;23.9.1981;0;1
MUZZEZ;2;1.2.1968;0;2
SEDATTIN;9;12.3.1972;9;0
SABANSER;1;18.10.1954;1;0
MUHYECEMAL;1;20.5.1972;0;1
MUZEYTTIN;2;19.12.1980;2;0
VESNA;4;7.3.1970;0;4
CAMALIM;1;4.5.1975;1;0
HULFUYE;1;17.2.1954;0;1
ZAFERALI;3;22.11.1958;3;0
MEMUKE;1;8.7.1934;0;1
HURPIT;1;3.5.1952;0;1
MUAAZZEZ;3;27.10.1974;0;3
MEHMETRAHIM;6;29.1.1974;6;0
FIRIDUN;1;3.6.1950;1;0
AKDA;1;10.6.1978;1;0
MEHPERE;1;17.1.1981;0;1
GUSIYE;2;27.3.1970;0;2
AYNILMELEK;2;17.10.1967;0;2
TOBALAK;1;22.2.1961;0;1
BOKRET;1;12.2.1977;1;0
TADEY;1;22.1.1973;0;1
FETHULLLAH;1;9.2.1986;1;0
HAKGI;2;8.8.1969;2;0
SIRMEMET;4;9.1.1950;4;0
BILINT;1;10.10.1979;1;0
SITIY;1;22.7.1949;0;1
HAKANI;4;7.9.1956;4;0
SERBESTI;1;28.4.1979;1;0
NUREVSAH;3;17.11.1983;0;3
ELIMDER;2;1.11.1965;2;0
LELENDER;3;22.2.1950;0;3
TEMINDER;7;30.2.1960;7;0
MISFIK;1;27.2.1980;1;0
OZUGUL;9;10.11.1973;0;9
GURBETHAN;2;25.4.1967;0;2
NEZALE;2;11.10.1970;0;2
DURSUNKAYA;11;13.2.1960;11;0
BAFTALA;2;13.5.1958;0;2
MAMLAKAT;1;24.9.1960;0;1
SEYANUR;1;12.2.1971;0;1
GULUSH;1;23.11.1967;0;1
NAFTIYE;2;29.10.1962;0;2
MIRNECAT;1;12.2.1971;1;0
BAHSISNAZ;1;23.5.1961;0;1
ETLET;1;27.2.1950;0;1
LAYE;7;23.3.1965;0;7
SARIIA;2;16.12.1963;0;2
KALEMDAR;6;30.4.1957;6;0
MAFILYE;1;17.2.1972;0;1
LAHFER;1;8.2.1964;1;0
SIYHAN;2;14.6.1953;1;1
NACIRIYE;2;18.9.1951;0;2
NURSOYLE;1;21.2.1988;0;1
MUSEFER;2;7.8.1968;1;1
ZEMIZE;1;27.5.1938;0;1
TAHNER;1;18.4.1972;1;0
MUDRAP;1;22.2.1973;1;0
LESIME;2;1.9.1962;0;2
SEVERA;2;12.6.1978;0;2
VOYVODA;2;10.9.1983;2;0
YIMLIHAN;4;17.7.1956;3;1
BUNCA;2;15.12.1977;1;1
I.OZTURK;1;27.4.1974;1;0
KIVI;2;3.9.1958;0;2
GOHCER;1;11.5.1963;0;1
ROBIYE;1;22.6.1985;0;1
EKAH;1;16.4.1951;1;0
YOSME;4;10.12.1964;0;4
REFIKER;1;30.3.1982;1;0
NEVAH;2;18.2.1957;1;1
NIYER;7;14.12.1962;0;7
NAZENBER;2;19.1.1972;0;2
GULERCEK;1;16.9.1963;0;1
SERECATTIN;4;19.5.1976;4;0
MESHURIYET;1;13.8.1977;0;1
GULHESNA;1;27.6.1953;0;1
SAPRET;1;21.8.1966;0;1
SATIBEY;11;2.12.1960;11;0
NUREDED;1;22.2.1961;0;1
BAZETTIN;4;20.1.1963;4;0
M.CIMSIT;1;12.3.1959;1;0
SAHSINUR;9;15.11.1966;0;9
MELIET;1;8.12.1986;0;1
RUSHILAT;2;23.5.1982;0;2
UMMIKELSUM;3;13.11.1963;0;3
SONULLAH;2;19.3.1977;2;0
MEHTIME;3;30.6.1968;0;3
HAMAYE;1;23.4.1943;0;1
MAAZALLAH;1;2.2.1951;1;0
NISFIHAN;1;30.7.1980;0;1
SANSALAT;4;13.7.1970;0;4
HENENO;1;26.7.1975;1;0
KISAYIL;1;18.6.1965;1;0
K.GURSEL;1;17.8.1978;1;0
GULINDA;1;6.6.1969;0;1
ISTAT;3;6.4.1965;2;1
LEMIYET;4;13.3.1961;0;4
BIBERLA;1;26.12.1963;0;1
BERIFAN;11;28.3.1976;0;11
SIEYLA;1;6.2.1957;0;1
NAKIYEGUL;1;4.10.1987;0;1
MARREM;2;22.2.1961;2;0
HURIDIYE;1;4.6.1960;0;1
NURAVSEN;1;15.11.1974;0;1
ZUMET;1;1.7.1962;0;1
NURSAK;1;3.10.1958;0;1
HERDIM;1;12.2.1959;0;1
FETIHAHMET;1;5.4.1956;1;0
KAMZIYE;1;28.7.1958;0;1
FERRISTE;1;21.2.1966;0;1
SEVHI;1;10.10.1981;0;1
FITAAT;3;16.7.1957;0;3
HENDIZE;1;5.4.1975;0;1
RALIYE;7;7.8.1947;0;7
EBRUZET;2;28.6.1966;0;2
M.RESIM;1;29.5.1945;1;0
SENADA;26;20.10.1977;0;26
TUT;1;12.2.1971;0;1
FERATI;5;9.1.1976;5;0
SONAS;1;21.2.1965;0;1
NIYDA;2;23.7.1986;0;2
KUTRES;1;4.1.1973;0;1
LIBABI;2;20.5.1955;0;2
BAHRISUHA;1;8.2.1992;1;0
NESSE;3;24.4.1969;0;3
NERDIMAN;1;9.2.1960;0;1
NIRGEZ;1;2.7.1963;0;1
SEVCAR;1;10.7.1986;0;1
SELVES;1;20.2.1961;0;1
HAZARETTIN;2;16.9.1963;2;0
FERMANSAH;1;17.4.1948;1;0
MUZAHAN;1;11.4.1958;0;1
HOURIYA;1;20.12.1977;0;1
MENZERE;13;23.5.1956;0;13
NERGI;2;10.12.1975;0;2
SEHRIDAN;3;25.9.1954;0;3
HANANO;3;16.9.1970;3;0
HAZZEM;1;23.3.1967;0;1
VAKIT;1;6.11.1980;1;0
MAHIRI;2;17.2.1957;2;0
ANINOR;1;24.2.1962;0;1
MERBURE;4;27.3.1952;0;4
BEDAYED;1;19.2.1966;0;1
CIVANMERT;1;9.3.1965;1;0
HANTAN;2;25.8.1967;0;2
PENDIYE;33;7.3.1945;0;33
BEDRUSAH;2;22.1.1962;0;2
NERZANE;2;3.6.1969;0;2
YUMIYA;1;9.9.1951;0;1
FAKHRIMAN;1;1.8.1976;0;1
UREYBA;1;12.2.1959;0;1
NECAMET;2;29.1.1965;0;2
LEFURE;5;3.10.1970;0;5
VASVIYA;1;8.6.1961;0;1
AYYA;1;10.3.1964;0;1
DURDUALI;2;13.4.1960;2;0
EBASET;1;16.7.1974;1;0
SANCAKBEY;1;16.12.1967;1;0
SAHYAN;14;14.5.1961;3;11
CEVRIDE;1;14.8.1956;0;1
NUNIRE;1;28.3.1974;0;1
MERNIZ;1;26.12.1946;0;1
BAYSULTAN;1;7.6.1957;1;0
ZEYNEBUNNISA;1;12.2.1970;0;1
SAHYETER;1;22.8.1972;0;1
HUSNAF;1;24.4.1938;0;1
MIAYET;1;7.4.1979;0;1
GULRENGIN;3;25.4.1969;0;3
ZAHNUR;2;18.8.1950;1;1
NURIMANGUL;1;22.9.1982;0;1
CHAIBIA;1;22.8.1967;0;1
IMTIYAZ;1;16.6.1970;0;1
NURIZET;10;4.7.1952;0;10
MESTIK;4;9.1.1958;4;0
MIDAL;9;14.5.1959;9;0
TURSUNAY;5;24.4.1972;0;5
KAYIMCAN;1;2.4.1963;0;1
KANIFA;1;16.5.1958;0;1
KUMATAY;1;7.8.1916;1;0
YAKUPKAN;1;1.5.1986;1;0
GUZKAN;1;25.7.1984;0;1
TUGBEK;4;21.6.1984;4;0
BIBIHESEL;1;7.8.1982;0;1
CORABAY;1;12.8.1971;1;0
ZELLIS;1;9.2.1976;0;1
MUHAMMEDIN;17;21.2.1971;17;0
HAFAL;1;22.2.1973;1;0
SAZIE;9;30.7.1963;0;9
KOLEN;2;15.12.1940;1;1
AKIHAN;3;26.3.1954;0;3
CUMAGAIM;1;14.9.1936;0;1
ULKUSULE;1;6.7.1982;0;1
ZEMIGUL;6;5.5.1968;0;6
AZAMINE;2;19.6.1961;0;2
MUNEVVERHAN;1;17.8.1954;0;1
ZELIMAN;1;22.8.1943;0;1
HAYRISA;2;3.2.1968;0;2
IRAZCA;5;28.11.1978;0;5
KALIMHAN;1;27.8.1950;1;0
SEBRIYA;2;19.12.1974;0;2
ZULKIFIR;4;15.9.1972;4;0
FIYDES;2;11.1.1960;0;2
ALIT;5;9.11.1959;5;0
KULUSKAN;1;17.8.1930;0;1
VAZLIFE;1;4.6.1951;0;1
ONZULE;7;12.9.1967;0;7
BULENTIN;1;27.9.1974;1;0
MINNIRE;1;1.3.1961;0;1
SEFAL;9;20.3.1969;2;7
ABDULMENEV;1;7.2.1958;1;0
NASIPHAN;6;21.7.1958;1;5
CAPANYA;1;27.8.1932;1;0
NASIPKAN;1;2.3.1951;0;1
NURSUYE;2;2.1.1942;0;2
GALMAN;5;23.6.1966;1;4
AGER;1;18.2.1975;0;1
SEHMANSUR;1;2.8.1951;1;0
NEVIMA;1;16.4.1963;0;1
NEYNUR;2;18.6.1972;1;1
NECEMTTIN;2;12.5.1987;2;0
CAHIDAN;14;5.5.1962;0;14
VEZDAHA;1;21.7.1965;0;1
MUFDET;2;10.12.1961;0;2
RENOL;2;18.1.1979;2;0
ALISUAT;4;15.4.1965;4;0
FEDIK;11;4.2.1960;0;11
OZMIYE;1;5.5.1973;0;1
AYAZIT;1;14.12.1965;1;0
GULBEYYE;1;16.4.1953;0;1
FETIAHMET;13;26.10.1962;13;0
FERRUHI;1;17.6.1971;1;0
KARSEM;1;2.2.1974;0;1
NAJIA;1;11.12.1980;0;1
AYREDIN;2;24.8.1975;2;0
KESTER;1;28.2.1956;0;1
BICEMAL;1;7.8.1952;0;1
SADIVAKKAS;1;27.8.1902;1;0
NURILLA;1;12.8.1953;0;1
CENIBEK;1;24.8.1970;1;0
ESENTAY;1;11.2.1984;1;0
AYETHAN;1;7.9.1964;1;0
ZIRUHAN;1;7.8.1940;0;1
BEDELHAN;2;21.3.1963;2;0
ARGINBEK;1;19.10.1971;1;0
ELVEDDIN;28;28.11.1951;28;0
KAPDUL;1;17.8.1924;1;0
FAZLIKERIM;1;27.2.1968;1;0
MUSAFAT;6;1.5.1955;4;2
MERADIYE;6;26.4.1952;0;6
GURHAZAL;1;2.2.1975;0;1
HALUKUL;1;21.11.1985;1;0
PILIZ;1;5.3.1989;0;1
MUTERIME;5;20.5.1964;0;5
HAYIRHAN;2;19.2.1942;1;1
IRSAL;3;11.5.1956;2;1
SEKNUR;1;23.6.1979;0;1
KELIMAN;6;11.6.1957;0;6
SAZNEM;1;6.2.1975;0;1
SERBILINT;1;23.5.1976;1;0
TEMELKAYA;1;17.2.1966;1;0
GUVEZ;2;24.4.1953;0;2
MUHAMMETHAN;6;23.11.1983;6;0
LIVADIN;2;27.6.1963;2;0
TANIG;1;7.8.1958;0;1
ASUTAN;4;12.6.1980;0;4
GULCHEN;1;7.2.1971;0;1
NURHANDE;5;25.1.1982;0;5
UNTAY;3;16.9.1976;3;0
BESRIYA;14;26.4.1969;0;14
DOKAN;3;23.10.1972;3;0
SERINER;1;2.6.1983;0;1
MUTTEHA;1;27.8.1988;0;1
NAZMIJE;4;29.5.1963;0;4
SERHATSACIT;1;16.8.1991;1;0
MELYAT;3;26.12.1959;0;3
MIVRODE;1;4.10.1976;0;1
ERDOAN;1;7.2.1986;1;0
NATEVAN;8;2.9.1971;0;8
MELDANUR;6;15.7.1984;0;6
FIGAT;2;17.5.1957;2;0
AGAMETTIN;10;24.7.1962;10;0
CAHER;1;20.2.1938;0;1
REVAYIT;1;2.5.1959;1;0
RIZADIYE;3;8.3.1971;0;3
HUSAMMETIN;3;26.7.1981;3;0
IYIBE;1;27.7.1968;0;1
RUSEM;3;12.11.1957;1;2
CENARE;1;22.8.1943;0;1
ZYULBIE;3;30.6.1975;0;3
HANIMPASA;57;29.8.1953;0;57
SEVCIBER;1;19.1.1954;0;1
NERGULAY;3;28.9.1975;0;3
TASGALIP;1;17.8.1954;1;0
MIBERYA;2;22.1.1986;0;2
NIGYAR;3;17.6.1972;0;3
MENZAT;1;17.3.1972;1;0
SIMIR;7;15.11.1961;4;3
UMRIYYE;1;19.7.1970;0;1
ILKLIMAN;5;6.1.1969;0;5
SEYUDULHAKI;1;5.3.1979;1;0
UMMULHAN;2;28.9.1957;0;2
BARICAN;1;27.8.1966;0;1
TEMIRBEK;1;22.2.1961;1;0
CELAYIR;8;23.10.1963;8;0
TULKUBRA;1;14.2.1980;0;1
VAHISE;4;19.3.1956;0;4
DANTEL;2;12.11.1967;1;1
ARTO;63;30.1.1965;63;0
SUKRUSENA;5;26.2.1974;0;5
BULURE;1;2.8.1921;0;1
SUZDIYE;4;5.8.1956;0;4
AYTIK;3;26.1.1973;3;0
DASTANALI;1;15.6.1953;1;0
ZAMARHAN;2;7.5.1964;2;0
M.SIBEL;1;10.10.1979;0;1
KURUSO;1;17.5.1942;0;1
MIYAFER;1;18.8.1984;0;1
TAMERYE;2;17.6.1950;0;2
ZERETULLAH;19;7.1.1960;0;19
SONIYA;7;14.11.1975;0;7
SEYRETE;4;1.3.1982;0;4
NAKIYAN;6;6.2.1975;0;6
KIMAN;3;23.7.1962;0;3
MUSREDIN;2;1.4.1976;2;0
NEVRINAZ;3;14.11.1954;0;3
MUZEYTDIN;1;22.3.1955;1;0
REGAUP;1;16.6.1986;0;1
GUNAYSEN;3;11.5.1962;0;3
MUCEFHER;8;12.2.1964;0;8
MEHMETRIZA;9;16.4.1954;9;0
TOMSAK;26;29.9.1962;0;26
GULSIMEL;1;4.4.1963;0;1
MUSREV;1;16.10.1952;1;0
IZAHAR;5;4.2.1960;4;1
DILNARA;1;16.7.1976;0;1
ORUCALI;10;3.7.1954;10;0
SULBIYYE;1;1.6.1962;0;1
KAYAAHMET;4;7.6.1973;4;0
GENCELI;1;2.7.1982;1;0
SERHADDIN;2;18.1.1970;2;0
MEHMETZAHAR;1;25.8.1965;1;0
IZZETALI;1;24.3.1955;1;0
OZSUN;6;7.5.1975;4;2
ETFAL;4;6.10.1961;3;1
HASANBORA;1;9.10.1969;1;0
HEVAZIL;1;2.3.1984;1;0
KENNEY;2;17.5.1936;0;2
TULAYET;1;2.2.1981;0;1
NEHVEL;2;29.2.1970;2;0
FATIMASENA;1;5.5.1976;0;1
NESUHE;2;6.3.1971;0;2
NISVET;7;22.5.1961;3;4
HATMESULTAN;5;4.10.1949;0;5
YELANA;1;8.11.1962;0;1
CHENGULER;1;24.11.1972;0;1
USTADIN;1;28.3.1952;1;0
MUSLEHETTIN;7;19.11.1957;7;0
NECDER;1;17.2.1960;1;0
H.ABDULLAH;10;19.5.1953;10;0
ALADAR;1;18.7.1970;1;0
ZENNINE;1;15.10.1964;0;1
REHVAN;3;16.6.1967;0;3
ITHAM;1;1.12.1987;0;1
FIDIME;1;16.9.1941;0;1
OZBEKIN;1;3.10.1970;1;0
MIYETTIN;1;6.3.1955;1;0
GULSUMANI;1;22.4.1967;0;1
RUHUDIN;1;28.1.1960;1;0
MESRUHA;3;30.12.1956;0;3
TEHNUR;7;26.2.1962;3;4
CUMHURCELEBI;1;20.11.1973;1;0
NUSHAN;3;3.12.1961;2;1
SUNNULE;1;8.12.1970;0;1
AKINAY;1;27.10.1986;0;1
SERVARAN;1;27.2.1920;0;1
BEHTIE;1;2.1.1973;0;1
MAHMURI;6;10.3.1962;0;6
MUDURUKE;1;1.11.1973;0;1
SERAIDDIN;1;24.2.1965;1;0
ZULABIDIN;14;24.9.1959;14;0
PELLUZA;1;8.12.1970;0;1
ABDULFELAKET;1;9.2.1976;1;0
SOYDENER;1;23.3.1990;1;0
NESRINUR;1;5.6.1971;0;1
HINGUR;2;17.12.1963;0;2
TAMSUER;2;12.10.1971;2;0
CUVEYLE;2;3.7.1983;0;2
ZUHAY;4;13.6.1970;1;3
NEZERALI;2;26.10.1964;2;0
SANZIYE;5;4.4.1968;0;5
MIZLIME;1;7.7.1982;0;1
HIMAZE;1;22.4.1973;0;1
LALEHANIM;2;23.11.1943;0;2
TAHER;1;5.11.1956;1;0
MUSTEBER;1;11.3.1981;0;1
ZURCAN;1;12.7.1965;0;1
MEMIY;1;26.6.1964;0;1
MUSEMRA;1;22.2.1955;0;1
ESMERGUL;9;22.2.1968;0;9
LAHSEN;1;14.4.1983;0;1
SEBNA;3;16.2.1972;0;3
MENSIFE;1;7.2.1964;0;1
REIME;3;24.4.1941;0;3
GEORGINA;3;26.2.1970;0;3
MUZAMEDDIN;6;27.4.1955;6;0
BAYRETTIN;1;6.3.1968;1;0
DEVRIMCE;1;27.3.1974;0;1
MEJLUN;1;13.7.1962;1;0
GOKEREN;4;12.9.1970;2;2
ERCET;8;10.1.1972;8;0
CEMMET;1;2.3.1951;0;1
KUTIYE;5;28.8.1957;0;5
AGYAR;4;20.11.1958;3;1
REHYA;1;22.1.1973;1;0
HANTAS;3;18.7.1949;0;3
YUHANS;1;2.7.1975;0;1
RUJBIYE;1;6.3.1973;0;1
OKURHAN;1;10.7.1956;1;0
GANIYA;3;13.6.1955;1;2
UGURALPAY;1;30.4.1972;1;0
CAVIDANE;2;26.6.1938;0;2
ADILFET;1;2.2.1969;0;1
MYUJGIAN;1;4.9.1977;0;1
BELLIHA;1;7.8.1976;0;1
IPET;2;23.12.1975;0;2
MECAM;1;30.6.1986;1;0
CIHATAY;4;9.11.1974;4;0
IFTAL;3;19.6.1974;1;2
MUNADE;2;2.3.1962;0;2
ABDULEYYUP;1;16.2.1963;1;0
MENDAHA;2;20.1.1963;0;2
ERDEL;20;26.10.1959;20;0
ABDULVACIT;8;14.7.1961;8;0
NEVZAHAH;1;22.5.1973;0;1
MUCDAN;4;4.10.1970;0;4
FURKAT;3;17.7.1970;1;2
EHMAIL;7;17.5.1956;7;0
NURGUR;11;7.8.1961;0;11
BILDAR;2;28.9.1959;0;2
ZERUH;6;6.5.1973;0;6
SABIRNA;1;15.1.1980;0;1
POLATBEY;1;22.12.1943;1;0
NEHYAT;1;22.2.1967;1;0
MOHOBE;2;2.10.1956;0;2
YETERE;4;25.12.1946;0;4
NESIA;4;1.7.1978;0;4
ADNANGAZI;1;7.5.1976;1;0
IZZETLI;1;12.5.1990;1;0
VAFISE;1;12.2.1965;0;1
AYIBEN;1;7.6.1940;0;1
MARIC;3;14.7.1953;2;1
MILHIYE;4;8.3.1959;0;4
MUKTEREM;3;10.1.1951;1;2
GULCIKAN;2;27.11.1958;0;2
TAMUK;1;27.3.1950;0;1
GULEYSEL;1;21.4.1988;0;1
SAKINIYE;2;11.6.1963;0;2
BAYLISAN;5;3.8.1952;5;0
ZIYODA;1;19.4.1976;0;1
BECA;2;3.3.1955;0;2
AVCAN;3;7.6.1967;2;1
NEDREDDIN;4;9.7.1976;4;0
EMEME;1;12.12.1971;0;1
TANSERI;2;19.4.1969;0;2
HAYYAT;4;24.1.1978;1;3
AYDINOL;1;3.4.1979;1;0
PIRAYET;7;29.3.1967;0;7
AZIZMAHMUT;1;17.8.1989;1;0
HEMDUSENE;1;17.3.1987;0;1
GHIULGEAN;1;28.4.1983;0;1
FERAHHAN;1;4.11.1965;0;1
EHANE;1;22.8.1943;0;1
SIRAZER;1;17.12.1960;0;1
MUTEMIT;2;25.10.1952;2;0
NEVINSER;1;22.3.1937;0;1
NESURUN;1;15.6.1957;0;1
MUZAKER;5;18.9.1952;1;4
FUSKU;5;15.11.1951;0;5
HANBEG;5;4.4.1956;4;1
GULYEM;1;12.2.1959;0;1
KEVSERNUR;4;24.5.1989;0;4
MUSAFFETTIN;1;21.8.1960;1;0
BENEY;2;20.11.1969;0;2
BELAHAT;1;26.5.1963;0;1
HACIMEMMET;1;7.10.1978;1;0
AYKAGAN;5;13.9.1986;3;2
GUTNA;18;7.11.1969;0;18
YOLUCAN;1;13.6.1973;0;1
MUTEZZEM;3;30.10.1973;1;2
HERYE;4;8.1.1953;0;4
THORN;1;5.8.1991;1;0
MUKEYME;2;9.5.1960;0;2
MEGFER;1;11.1.1973;1;0
ULAYET;1;7.2.1982;1;0
AZENE;2;19.11.1946;0;2
ERIBAN;1;30.4.1974;0;1
SERNAMIS;2;1.2.1963;0;2
EREKSIN;3;26.11.1958;0;3
ZINHER;2;15.12.1985;0;2
TELIYA;4;18.2.1986;0;4
BEDDAL;3;22.4.1971;3;0
TURKOSMAN;1;29.9.1990;1;0
UKABET;1;2.10.1982;0;1
HAKTANUR;4;20.2.1973;0;4
NEVZATE;3;10.3.1947;0;3
KENNAN;4;2.9.1970;4;0
SEDAVER;7;30.10.1961;0;7
HALIDI;7;5.9.1955;7;0
SUNAYEL;1;14.3.1981;0;1
GUTTUSI;1;2.8.1961;1;0
MEVKULE;1;10.11.1956;0;1
YURDUSEL;5;10.3.1966;0;5
RUGAYDE;1;29.7.1979;0;1
TIBETHAN;2;16.1.1983;2;0
FAKKAS;2;17.6.1958;2;0
CANSEFER;4;27.2.1965;1;3
NERIHHAN;1;2.8.1988;0;1
LIMO;2;30.1.1951;1;1
SIYANUR;1;23.9.1985;0;1
HURBET;2;16.12.1975;0;2
RASIDEGUL;1;17.7.1984;0;1
SAHSADELI;1;12.3.1955;0;1
SAIMEGUL;5;4.10.1972;0;5
UBAYDULLAH;3;14.8.1969;3;0
YEMAN;5;25.3.1968;3;2
ONDERHAKI;1;2.9.1981;1;0
BINTUL;1;3.11.1987;0;1
EMETU;72;25.9.1956;0;72
TENDURUZ;1;27.7.1950;0;1
BEYYINA;2;10.2.1962;0;2
BERIKAN;2;1.7.1980;2;0
KLEM;1;10.6.1975;0;1
HANDANGUL;2;8.3.1975;0;2
FERAHSAH;4;12.12.1972;2;2
HEDEVAT;1;2.2.1963;0;1
MAHPINER;1;9.8.1942;0;1
SEBEDIN;1;2.5.1969;1;0
HEDIYATULLAH;2;17.5.1966;2;0
SINEVER;2;12.3.1960;0;2
NUTUK;5;4.9.1970;0;5
XENIA;1;24.3.1971;0;1
NURFEM;3;18.12.1972;0;3
GUFINAZ;1;27.8.1956;0;1
ADLAS;2;10.11.1951;0;2
KANERE;1;15.4.1963;0;1
IMBIL;7;2.9.1957;0;7
ESENBEY;3;19.6.1967;3;0
ALIERDEM;2;3.12.1970;2;0
SAHISENE;2;21.12.1976;0;2
SEVIRAY;2;14.12.1969;0;2
NIMA;4;5.9.1973;3;1
MUTAZAM;2;17.2.1978;0;2
MARIANNA;20;13.7.1976;0;20
REYMA;2;12.10.1960;0;2
ZEVCETE;1;15.6.1966;0;1
REMEZIYE;1;16.2.1979;0;1
NUFUSYA;6;15.2.1976;0;6
YAGMURAY;3;14.12.1976;2;1
KOYSER;1;18.1.1948;0;1
ELINUR;8;17.1.1970;0;8
RAYFIYE;2;4.8.1959;0;2
GUZZARI;1;17.7.1990;0;1
HASIPKERIM;1;17.2.1966;1;0
NARCA;1;28.4.1956;0;1
FEYMUR;1;24.9.1972;0;1
HEMMET;2;14.2.1976;2;0
ZEYNELABIT;7;4.1.1959;7;0
MUZEYHEM;1;29.6.1962;0;1
SEHAMEDDIN;3;15.1.1951;3;0
OZBILCAN;1;4.9.1986;1;0
UYGU;7;1.12.1981;2;5
MEMETSIRIN;21;18.11.1965;21;0
DELENDER;1;27.2.1944;0;1
SEMEHET;3;7.12.1969;0;3
DURSUNAGA;3;20.1.1964;3;0
BINAZIYE;3;3.7.1963;0;3
GURBULENT;1;28.6.1979;1;0
SURMEZ;4;8.9.1983;1;3
EBRER;1;7.8.1988;0;1
TESNIME;1;2.2.1957;0;1
ZUKHRA;3;27.8.1979;0;3
PAKUZER;4;22.1.1946;0;4
CAMIE;5;3.7.1977;0;5
SAGDAGUL;4;17.2.1977;0;4
NERIZE;3;3.6.1969;0;3
MILFEYIZ;1;12.2.1971;0;1
TURKTURESIN;1;19.3.1965;1;0
CITHAN;6;4.2.1963;0;6
MUSDE;5;13.9.1967;0;5
BENIGAR;1;28.5.1975;0;1
HOKMI;8;8.2.1955;8;0
UMMILBENI;1;27.2.1968;0;1
MEMETRIZA;5;8.4.1958;5;0
NAIMEGUL;1;21.5.1962;0;1
RADISAH;1;16.6.1965;0;1
OZGERHAN;1;25.2.1976;1;0
M.FATIH;13;25.3.1965;13;0
NURIDIL;6;16.9.1971;0;6
VEHTAT;1;27.10.1984;1;0
TEFIYA;2;19.6.1966;0;2
HUDAYETTIN;8;6.5.1963;8;0
PERVARI;1;1.12.1940;0;1
ELEADDIN;7;9.11.1958;7;0
KASSEM;5;13.5.1964;1;4
M.DIYATTIN;1;2.8.1927;1;0
PARMUZ;2;25.8.1943;0;2
DEMNUR;3;7.12.1964;0;3
MUNIKA;1;22.3.1967;0;1
GULBENDEN;2;27.8.1964;0;2
YUCAY;9;4.1.1976;8;1
TEYFIYA;1;11.3.1960;0;1
KURRA;2;28.5.1951;1;1
CANHANIM;12;24.8.1951;0;12
SAVGI;21;19.4.1960;20;1
MUBAHAR;1;6.6.1962;0;1
OZNAHAR;1;26.11.1960;0;1
MEVLIDDIN;3;6.8.1962;3;0
HEBAT;6;2.4.1987;5;1
VEHACEDDIN;1;7.2.1964;1;0
DIHANI;6;8.7.1955;6;0
FETIHAN;5;5.9.1931;0;5
MERDINAY;1;17.2.1972;1;0
HAYAZ;1;7.2.1958;1;0
MUCELDIYE;1;16.7.1984;0;1
SEYIDNUR;1;14.9.1991;1;0
KUSRET;1;12.10.1965;1;0
KIRIMHAN;4;14.2.1964;1;3
BENAT;12;6.12.1955;1;11
CAMBAZOGLU;1;12.7.1983;1;0
SAGABATULLAH;1;5.4.1991;1;0
MUSABEY;1;7.10.1964;1;0
M.EKREM;7;5.4.1940;7;0
TURUYAN;4;16.7.1973;2;2
OVADAN;1;1.6.1982;0;1
SERMIYEN;2;14.9.1958;0;2
PEKBARE;1;1.10.1944;0;1
HANZIY;1;18.11.1934;0;1
FETNUS;1;18.6.1942;0;1
FANNES;1;27.12.1951;1;0
EZLEM;4;1.3.1984;0;4
TUCEM;5;5.12.1987;1;4
KHADEJA;1;22.8.1973;0;1
AURELLA;4;16.6.1971;0;4
CUYIBAR;3;24.12.1958;0;3
NURGUNEL;1;27.11.1982;0;1
ERBATUR;8;12.5.1978;8;0
ANAHAN;5;17.7.1966;0;5
EDANE;12;12.2.1943;0;12
MELTAY;1;1.1.1976;0;1
LIBYE;2;27.8.1938;0;2
ELSEN;11;3.6.1977;6;5
EFUMIYE;1;1.3.1961;0;1
BORIANA;1;24.3.1982;0;1
NERMA;8;24.8.1968;0;8
SIYAMEK;1;14.12.1991;1;0
MARICICA;9;30.3.1973;0;9
MIHERINISA;1;22.8.1967;0;1
KUTLUBAY;2;2.3.1966;2;0
RAIKAYI;1;17.10.1930;0;1
GULDIKER;2;9.2.1954;0;2
VEDIYA;16;21.8.1965;0;16
RUBAN;7;9.6.1967;0;7
OGUZER;7;23.10.1978;7;0
YULED;5;25.11.1985;1;4
SINDUS;3;19.7.1963;0;3
ZAKIA;3;27.11.1969;0;3
MEHLIKAN;2;14.6.1944;0;2
AYTEMUZ;1;7.2.1970;0;1
TURKIYYE;2;3.12.1966;0;2
ULFETA;2;13.5.1958;0;2
ALIAKIF;2;18.8.1960;2;0
MAHIRALP;1;6.3.1965;1;0
AYGUZEN;3;6.10.1952;0;3
ASILYILMAZ;1;27.2.1992;1;0
SEVERAL;5;27.12.1965;0;5
HIVERAN;3;20.8.1972;0;3
NIMETENDER;1;23.7.1956;0;1
ONALDI;1;18.4.1942;1;0
KAAGAN;7;5.2.1985;7;0
YAROSLAVA;2;27.3.1973;0;2
MABIRET;2;24.10.1969;0;2
TUGNIL;1;13.10.1988;0;1
CIVA;4;15.12.1965;3;1
UMEGUL;1;2.6.1979;0;1
SELDIN;3;21.1.1974;1;2
VERRUH;11;30.10.1961;6;5
SAFAKTAN;8;27.6.1972;6;2
ALMIRA;19;21.11.1976;0;19
CIHANPARE;2;24.9.1964;0;2
FEYYAZIYE;1;16.11.1951;0;1
AYLINHAVVA;1;24.6.1972;0;1
FIRDOYS;1;20.10.1937;0;1
SALAMEDDIN;1;22.7.1967;1;0
DOLKAY;2;25.7.1956;2;0
SEBAD;1;22.8.1949;0;1
KUTAYFER;6;12.8.1976;6;0
MEZDA;3;18.3.1971;0;3
MISEP;1;2.8.1969;1;0
BEGAM;3;12.5.1959;0;3
KALKAY;2;3.1.1962;2;0
ZEYNIHAN;3;8.3.1962;0;3
MAKHERUZ;1;2.4.1957;0;1
RUAYLE;1;14.8.1972;0;1
EFNANUR;1;19.11.1989;0;1
SAINDA;1;12.8.1953;0;1
SEDCAN;3;19.1.1974;1;2
BEHHAN;1;7.2.1946;0;1
RUZUBAY;1;22.8.1973;1;0
MUJDELA;1;16.1.1953;0;1
IRFANUDDIN;1;11.4.1975;1;0
MEVIBE;6;25.8.1967;0;6
TEVUL;1;2.2.1957;1;0
ZAPINE;1;3.11.1951;0;1
VARUJAN;107;15.5.1955;107;0
LEBUS;2;9.11.1945;0;2
ZENNURAY;1;1.9.1966;0;1
RAHMO;1;27.4.1932;0;1
HANDAGUL;2;2.9.1977;0;2
INSAFET;1;22.5.1949;0;1
ZEMINHAN;1;16.7.1988;0;1
SUHERCE;1;23.7.1984;0;1
IZGU;5;22.6.1986;1;4
RIDVANIE;1;8.6.1973;0;1
VASILISA;6;7.2.1967;0;6
ZARMIN;3;22.11.1937;0;3
CEMALUDIN;1;20.9.1969;1;0
ZEYNEPFUL;1;17.1.1964;0;1
ECEMSU;1;21.5.1990;0;1
HUNKERE;1;16.4.1939;0;1
RUHDAN;5;21.10.1964;1;4
ZENDEL;7;18.3.1949;7;0
AGASI;1;26.4.1970;1;0
SOUMAYA;2;30.11.1973;0;2
AYKUD;5;9.4.1981;5;0
BASIHAT;1;23.4.1940;0;1
LISYA;32;27.1.1983;0;32
HUNKARI;3;5.3.1961;3;0
RASIYAN;1;17.8.1924;0;1
NAKIB;3;5.9.1964;3;0
SEPIDEH;3;6.3.1968;0;3
GULTURKUZ;1;12.8.1953;0;1
NESILSEZGI;1;30.11.1985;0;1
TAIRA;2;17.5.1951;0;2
NAZLIPINAR;1;26.5.1982;0;1
FATMIRA;4;27.4.1972;1;3
EKAN;3;28.1.1975;3;0
KANEM;3;25.9.1967;2;1
ULKENUR;29;5.5.1955;1;28
OZNENEN;1;3.9.1951;0;1
AHMETSERDAR;2;6.7.1974;2;0
MUALLAH;11;5.5.1966;0;11
FERIDEDDIN;1;21.5.1943;1;0
HAKER;6;25.1.1978;6;0
REFSAN;5;4.1.1957;0;5
GUNBIR;1;25.10.1944;0;1
MUREFFET;2;13.11.1951;0;2
YILGAR;2;9.11.1964;1;1
SEHMEZET;1;20.5.1970;0;1
MEVDET;4;13.5.1957;0;4
NURENDER;6;29.3.1976;0;6
BAGISSANS;1;20.11.1988;0;1
CLAUDIA-IONELA;1;8.6.1982;0;1
SAYICE;2;26.1.1961;0;2
PAKUZE;1;7.2.1952;0;1
HATICH;1;25.6.1968;0;1
DANEM;8;13.11.1981;0;8
ZAYITTIN;11;18.5.1972;11;0
NIFTULLAH;2;23.4.1955;2;0
YORGO;53;18.2.1961;53;0
KARBIS;22;17.11.1945;22;0
TURKECAN;8;30.3.1957;6;2
GAYUR;9;9.5.1960;9;0
INKARE;1;22.2.1967;0;1
MOHSEN;1;30.4.1959;1;0
SAHATEL;1;19.3.1928;1;0
VISEMUHI;1;16.10.1940;0;1
APRAHAM;9;1.11.1949;9;0
BIRGOR;10;10.4.1956;2;8
FAHRULULA;1;13.5.1958;1;0
NERIZ;2;9.5.1986;0;2
NUVIRE;2;19.3.1949;0;2
SEHERYELI;1;2.11.1985;0;1
HELALE;1;27.8.1974;0;1
OYTU;1;16.10.1975;0;1
MUNISEHATICE;1;3.4.1977;0;1
DORUKKAN;1;28.3.1990;1;0
DILCU;6;25.3.1983;0;6
NISRA;3;12.4.1976;0;3
SIMRU;23;10.4.1982;0;23
BERDAR;6;2.8.1983;6;0
ERANOS;2;20.12.1953;2;0
VASIME;2;17.8.1930;0;2
ANJER;4;18.3.1943;0;4
DUREYD;1;26.9.1963;1;0
SAIMCAN;2;18.9.1990;2;0
KIMYABIBI;1;2.8.1927;0;1
SEFTREN;1;15.9.1969;1;0
MUBEYYEDHA;1;12.8.1947;0;1
TACUSER;8;17.5.1961;0;8
MUAZZIN;1;12.3.1941;1;0
NESLISEN;4;9.11.1957;0;4
RADKA;2;28.9.1943;0;2
SURYAM;1;4.10.1941;0;1
LINDAN;3;7.4.1967;0;3
APKAR;2;8.8.1939;2;0
LUTFUN;2;20.2.1963;0;2
FADEY;1;15.4.1934;0;1
MULIYE;9;1.3.1956;0;9
JERMEN;21;26.2.1961;0;21
KUBRAL;3;25.1.1984;0;3
HIFZURAHMAN;2;19.6.1946;2;0
ARON;53;21.1.1949;53;0
SUELA;7;23.4.1966;0;7
GULHAVVA;1;3.9.1986;0;1
GUNMAHIYE;1;14.5.1929;0;1
HOUDA;2;28.6.1968;0;2
BEVERLY;2;29.8.1967;0;2
SIHANE;1;2.8.1963;0;1
SARPED;1;13.6.1991;1;0
CANBATUR;2;16.1.1990;2;0
CANFEZAR;1;7.8.1934;0;1
ZENNUS;2;23.6.1955;0;2
FARIDEH;5;27.5.1963;0;5
RASIMOGUZ;1;16.2.1959;1;0
SAMSIN;1;18.3.1964;0;1
GALIFE;1;7.8.1934;0;1
GUNUM;7;19.7.1973;1;6
ALIBULENT;1;24.2.1968;1;0
MUZAFFEREDDIN;2;4.10.1929;2;0
IBTISAN;1;30.5.1954;0;1
IDEMEN;2;3.6.1938;1;1
GULSAS;1;27.2.1962;0;1
ERKUTAY;5;1.9.1978;5;0
DILAGRA;2;19.11.1979;0;2
HANDERE;1;26.6.1956;0;1
SEYHET;3;5.12.1959;0;3
GUNTEKER;2;21.9.1943;0;2
BILORYA;2;4.4.1978;0;2
ARPINE;45;30.7.1949;0;45
IFTARI;1;1.1.1962;0;1
IMSAN;1;7.8.1976;0;1
NUTFIE;2;22.1.1971;0;2
TAYUPHAN;1;11.11.1976;1;0
MERUZAT;2;8.11.1940;0;2
SERBAHAR;1;20.8.1983;0;1
PAKINOZ;1;22.12.1955;0;1
TURULHAN;2;5.2.1982;2;0
FITMAN;2;15.3.1950;0;2
PENPULE;1;7.8.1986;0;1
VETURE;1;11.6.1961;0;1
CINKIS;1;1.11.1960;0;1
MAHBAN;1;3.6.1979;0;1
ENTIMAZ;1;12.2.1947;0;1
KAYKUSUZ;1;12.8.1923;1;0
FEYIS;3;19.10.1961;3;0
ZEYNUHAR;1;29.1.1952;0;1
ELOS;2;20.2.1946;0;2
MENEMSAH;7;4.11.1954;0;7
HARITUN;35;7.9.1942;35;0
URCINUR;1;16.1.1965;0;1
UMMEYSE;1;6.5.1957;0;1
METUL;8;25.2.1963;0;8
PEZAN;1;24.3.1966;1;0
OSANNA;61;21.9.1945;0;61
SALIHPASA;1;13.4.1990;1;0
NECULAI;1;19.12.1979;1;0
ORTAM;4;14.9.1970;4;0
APDULGAFUR;1;26.1.1930;1;0
SEVEDDIN;2;25.9.1955;2;0
MEVSEN;4;14.3.1974;0;4
GERRIN;1;1.11.1966;0;1
TEKCE;5;25.9.1965;4;1
LUBNA;3;1.2.1965;0;3
HACIGAS;1;9.5.1958;0;1
REGAYIB;4;30.8.1980;4;0
NURPARA;2;3.12.1962;0;2
BENLIHAVA;1;16.2.1925;0;1
FAYIR;7;17.7.1960;7;0
MAFERET;15;16.10.1963;0;15
CEVLANI;5;10.5.1965;5;0
ATANASIR;1;18.6.1975;1;0
IMZEL;1;14.5.1953;0;1
NURENGAR;1;9.12.1967;0;1
ISKENDAR;1;17.4.1979;1;0
SOMNA;2;27.3.1974;0;2
ZAFERE;19;13.1.1950;0;19
YUHNA;3;10.6.1963;0;3
ISMIGULSUN;3;27.3.1967;0;3
AYNILMURDIA;1;1.8.1975;0;1
KIYMATI;7;20.6.1958;0;7
BURMA;1;21.8.1983;0;1
ANDIRAN;3;1.11.1959;2;1
MUSHAVIYE;1;6.2.1966;0;1
YAKBAL;2;17.3.1975;0;2
BIGEHAN;3;8.4.1988;3;0
SIRANIYE;1;26.6.1981;0;1
SAHMAYIL;1;13.1.1982;1;0
HARIMAN;1;25.5.1943;0;1
EMINOL;1;21.12.1974;1;0
AYDINC;29;10.6.1975;27;2
ELMAIL;2;11.5.1966;0;2
SOHAN;1;26.4.1978;1;0
RUHEL;2;23.1.1960;2;0
BAYIDIN;2;8.4.1966;2;0
PERVIH;1;16.6.1989;0;1
NEVAHIR;3;16.4.1954;0;3
MUSDELIFE;1;1.2.1986;0;1
GILDO;1;22.8.1937;1;0
ILKUGUR;1;2.2.1965;1;0
LUSEPER;7;14.1.1938;0;7
INCIZAR;4;16.12.1953;0;4
BEZALET;1;12.2.1935;0;1
FATDE;1;17.3.1972;0;1
OMARUL;1;3.2.1963;1;0
ZUNNIHA;1;25.5.1961;0;1
ILDOGAN;3;27.7.1954;3;0
HURUZ;3;10.12.1956;0;3
HECAR;7;18.9.1978;1;6
NUHIDRIS;1;7.10.1946;1;0
BALTUG;1;2.12.1977;0;1
AKAYSE;1;22.11.1949;0;1
PELIL;10;13.3.1972;7;3
MEBULI;2;10.5.1953;0;2
DEHER;3;21.5.1971;1;2
DELGIZAR;1;16.6.1946;0;1
NURSEHIM;1;3.10.1973;0;1
SARFINAS;1;5.1.1992;0;1
CAVI;1;27.3.1974;1;0
ZERISA;4;12.10.1977;0;4
BINAZI;1;27.3.1992;0;1
BIRGULAY;2;2.11.1976;0;2
CEKIRDEK;1;7.5.1976;0;1
ZEDBAHI;1;16.1.1975;0;1
TIMOR;8;27.12.1968;8;0
NURIYECAN;3;27.4.1964;0;3
SESKAN;1;29.2.1980;1;0
CEFADIR;1;2.5.1975;1;0
CEYAN;5;30.8.1978;2;3
OSAMA;1;25.10.1958;1;0
ELYAME;1;15.9.1941;0;1
NARIK;3;6.10.1951;0;3
RETINBE;1;12.3.1945;0;1
FIKRIE;13;11.4.1970;0;13
YESAMIN;5;2.4.1981;0;5
NEJDANE;1;14.6.1980;0;1
KIYAMILE;1;28.4.1977;0;1
HUTUBE;1;27.5.1974;0;1
ABTARMAN;1;11.9.1980;1;0
RAKYETTE;1;22.2.1961;0;1
ZYOULBIE;1;7.3.1970;0;1
SECAHIDIN;1;2.8.1956;1;0
VADIL;6;2.1.1970;5;1
MAVLYUD;1;25.5.1991;1;0
MEHBU;1;30.9.1973;0;1
RAFAYI;2;14.8.1981;2;0
SULUNBEY;1;22.1.1964;1;0
SUBENT;1;6.3.1974;0;1
UNGUL;14;19.12.1959;0;14
MIRICAHIT;1;1.3.1971;1;0
GURBAS;1;17.3.1960;1;0
MIKADDER;1;7.8.1970;0;1
SILMA;4;5.8.1974;0;4
I.ALI;1;12.8.1947;1;0
KICINA;3;28.12.1951;0;3
ELIFDA;1;25.1.1989;0;1
GOLUSAN;4;3.7.1961;0;4
GULHUNAR;1;19.7.1936;0;1
NANNAR;4;10.8.1961;0;4
DURMUHAMMET;1;3.4.1969;1;0
BIRSEFA;3;15.4.1970;1;2
DEMIRGUC;1;2.9.1940;1;0
RUJDIYA;2;19.10.1972;0;2
ARTAKIN;3;25.12.1955;3;0
EYLICE;1;2.2.1975;0;1
PAKIZ;13;21.2.1961;2;11
UZLUFE;5;17.12.1959;0;5
UZEYYER;2;28.2.1941;0;2
MUCEVREN;1;26.6.1977;0;1
PUZE;1;16.11.1964;0;1
ARHUN;4;3.4.1979;4;0
TOLO;1;30.5.1929;1;0
GOKKAY;1;26.1.1981;1;0
KISSEN;1;9.8.1974;0;1
DJEVRIE;1;25.5.1980;0;1
MANYA;6;11.12.1959;0;6
USEYD;8;2.7.1986;8;0
EFRASIN;6;17.9.1958;6;0
UZIDE;14;24.12.1964;0;14
SAFAYI;9;23.4.1960;4;5
CENGUL;3;5.2.1975;0;3
NEDJIVAN;5;8.3.1960;0;5
BEYHANIYE;2;22.5.1965;0;2
HASINIYE;2;4.8.1947;0;2
GEYDAR;2;23.5.1976;1;1
ALIAHMET;4;9.4.1967;4;0
MUHAMMETCIHAN;2;29.7.1991;2;0
GOMUS;3;8.9.1944;2;1
REYHANDALI;1;9.3.1981;0;1
BAGIZE;5;16.4.1964;0;5
SEBEHETTIN;6;20.2.1962;6;0
FERDAGNE;2;6.5.1959;0;2
ASAM;3;3.2.1966;1;2
NEVEZ;1;13.9.1958;0;1
GULFIGEN;5;18.2.1977;0;5
BENUR;6;14.5.1965;0;6
NEVHIBE;11;20.8.1961;0;11
VELAITTIN;3;16.10.1962;3;0
ELMAS.DUYGU;1;25.9.1987;0;1
SERVETINCI;1;7.2.1976;0;1
GOZGUL;1;11.9.1980;0;1
BUYYAMI;1;7.3.1964;1;0
SHEYRIE;1;5.7.1978;0;1
NURHIKMET;1;9.2.1967;1;0
HUGET;4;5.9.1956;0;4
SOEYUP;1;8.3.1970;1;0
ALISU;1;8.10.1964;1;0
ABUTIL;1;7.2.1946;0;1
NURANNISA;1;22.5.1969;0;1
SUGEN;2;5.4.1980;0;2
HEYREL;1;2.5.1969;0;1
NESSET;2;30.9.1968;1;1
UKAY;4;13.3.1978;4;0
GIRGOR;1;10.4.1959;1;0
TIMAY;4;25.8.1974;2;2
ELISAH;4;29.12.1971;0;4
ALTUNNUR;1;5.1.1991;0;1
CAHITE;1;7.2.1970;0;1
CANFIDIYE;1;27.3.1971;0;1
BULAY;10;19.5.1957;0;10
SANIVER;26;9.12.1958;0;26
NURHANA;2;15.7.1967;0;2
ASLIYEHAN;1;4.4.1951;0;1
NERIMAM;2;4.6.1957;0;2
AKBER;2;15.1.1976;2;0
ARZIE;1;15.10.1978;0;1
SAFFETNUR;1;18.11.1989;0;1
NEJDIN;3;9.7.1967;3;0
MAKSUSE;1;1.6.1971;0;1
AMANNUR;1;12.5.1977;1;0
GULZEDE;9;14.11.1958;0;9
NUREMIN;2;2.11.1959;2;0
ZEHBIYE;10;16.5.1964;0;10
RAMAZANE;59;1.4.1954;0;59
PUSULI;11;11.3.1944;0;11
MUFTINE;1;2.8.1957;0;1
SUHIDE;13;9.6.1963;0;13
ERSELAN;4;13.11.1972;4;0
NESLUHAN;1;5.9.1981;0;1
REMEYLA;1;21.5.1969;0;1
ISVANDIYAR;1;27.6.1980;1;0
FIREYSA;1;17.6.1966;0;1
CASEY;1;18.1.1977;0;1
SADAYIM;1;6.11.1957;1;0
ZILIFAN;2;22.2.1980;0;2
SEBAIN;1;26.7.1967;1;0
NIYADI;3;10.9.1945;2;1
FAKIE;2;19.1.1950;0;2
NURCHIAN;1;28.12.1974;0;1
SEDAHI;3;22.2.1965;3;0
FERIYEL;9;21.1.1959;0;9
SUBIHAN;3;29.3.1966;0;3
BEHIRA;6;1.1.1957;0;6
TEMSIL;3;22.3.1956;1;2
SEDANI;1;12.2.1965;1;0
BAYKENAN;1;25.3.1973;1;0
NAMSAN;1;9.8.1978;0;1
ALTUNSAH;2;9.11.1981;0;2
BUSEBURCIN;1;9.4.1988;0;1
SEMIRAMMIS;1;28.3.1980;0;1
MUCEDIN;2;22.10.1963;2;0
SAYGINUR;1;6.3.1977;0;1
NABAHET;3;12.10.1965;0;3
SAHREZE;2;21.7.1984;0;2
FERHEN;1;17.5.1972;1;0
ZILVE;1;24.6.1968;0;1
M.SAFI;8;24.4.1958;8;0
HASMINE;12;7.1.1970;0;12
CETINDAG;1;20.5.1977;1;0
NAKID;3;17.3.1950;3;0
KETAIYE;1;23.6.1949;0;1
AYIK;6;26.1.1968;5;1
FATIMATU;5;20.4.1983;0;5
DILLA;2;29.11.1979;0;2
NEKET;3;24.2.1960;0;3
BAHTENGUL;1;12.5.1975;0;1
ESFAT;2;7.2.1958;1;1
VEHPIYE;13;20.4.1957;0;13
MUAYYES;1;25.7.1985;0;1
HURUPSUME;1;26.12.1960;0;1
ZELUHA;4;22.8.1971;0;4
KORUCAN;2;23.3.1990;2;0
HECERET;1;12.3.1947;1;0
SIRDAR;2;4.5.1972;2;0
SAHRIBAH;1;16.1.1984;0;1
HICAZET;3;10.1.1947;0;3
SECALET;8;22.9.1952;8;0
MUHIBBIDIN;1;2.4.1945;1;0
HUMEZET;17;19.2.1954;0;17
ZUBEYDAG;2;27.12.1956;0;2
MULLACAN;1;15.9.1988;1;0
RIFE;9;28.8.1963;1;8
MEVLANEDDIN;1;13.3.1986;1;0
HELYA;6;27.8.1964;0;6
CEYDEM;3;3.8.1956;0;3
FETHIY;1;22.2.1979;0;1
MUHTASER;1;21.11.1989;0;1
SUBI;5;6.12.1965;4;1
SUSLO;1;12.3.1965;0;1
VERNAL;1;23.1.1967;0;1
NIHBARI;1;22.2.1967;0;1
TERLIHAN;1;16.5.1965;0;1
M.OMERI;1;28.1.1968;1;0
SEMSIA;1;12.8.1971;0;1
MELECE;1;12.7.1982;0;1
NARBENT;1;12.12.1950;1;0
YELDE;6;27.8.1978;0;6
HERSEM;1;28.2.1983;1;0
SAVDI;1;6.8.1950;1;0
TUNASINAN;1;17.9.1983;1;0
MULKIZAT;1;6.4.1979;0;1
NEVSIR;1;21.1.1966;0;1
UMMUGULZEN;1;4.4.1939;0;1
BEDRUN;5;12.5.1958;4;1
MUBADDEL;1;25.5.1951;0;1
GULBATON;19;26.2.1950;0;19
BAYEDDIN;2;7.11.1960;2;0
ZENETE;16;20.10.1965;0;16
MECIHAN;4;22.12.1957;0;4
CIVE;1;18.7.1938;0;1
MUBECCAN;6;6.10.1959;0;6
GEFIT;1;16.3.1956;1;0
AYSUNAR;6;7.10.1968;1;5
ADILKURSAT;1;1.4.1972;1;0
A.BEKIR;3;15.8.1960;3;0
SEHMEN;5;9.1.1954;3;2
BADISAFA;5;29.9.1944;0;5
ARAPCAN;6;22.8.1965;3;3
MAYPER;2;22.7.1949;0;2
EBEGUL;2;21.10.1960;0;2
CEVAHER;1;1.10.1979;0;1
LOJMAN;2;16.12.1976;1;1
EVZAL;3;8.7.1973;1;2
NULSEN;2;28.1.1968;0;2
KAMOTAY;1;20.6.1985;1;0
MUAYEZ;1;15.10.1990;0;1
BADISEFA;5;2.2.1951;1;4
LUSVART;3;26.4.1952;0;3
NACIE;6;10.8.1962;0;6
NOURDJAN;2;21.12.1967;0;2
DELISAN;1;12.8.1923;0;1
ZEHRULE;1;12.3.1976;0;1
CINKAY;2;15.8.1975;2;0
ABDULVEDUD;6;20.12.1976;6;0
NADERET;1;14.11.1970;0;1
FERATTIN;7;28.4.1959;7;0
SAGASI;1;18.10.1975;1;0
MUTTEHAR;2;14.2.1960;1;1
EHSAL;1;21.12.1964;0;1
HAYZURAN;1;7.5.1976;0;1
AYILKIN;2;23.9.1958;0;2
AZBEY;1;26.4.1976;1;0
HARULLAH;2;28.11.1977;2;0
SIHABIDDIN;1;22.8.1942;1;0
MIZIYE;2;27.5.1950;0;2
VELEDTIN;1;4.7.1938;1;0
NAZIBER;2;14.5.1947;0;2
NURGE;2;22.3.1955;0;2
HAJRIJA;3;15.5.1969;0;3
SAHINCAN;5;21.9.1988;4;1
NADICA;2;11.11.1959;0;2
HRIPSIMA;5;15.1.1956;0;5
BIRGIVI;4;21.9.1973;4;0
SAATTETIN;1;2.2.1957;1;0
FATIHORBAY;1;15.7.1978;1;0
SALMINE;1;19.5.1975;0;1
UCGUNAZ;1;1.2.1961;0;1
KETIN;1;17.12.1969;1;0
ERSERDAR;1;15.5.1961;1;0
NILSA;3;23.9.1977;0;3
NAHABET;6;24.6.1947;6;0
NUFUS;7;4.2.1967;1;6
BENDEHAR;2;5.2.1952;0;2
MEKRIT;1;27.2.1956;0;1
SAMAZ;3;2.12.1946;2;1
BOZBOY;1;17.7.1936;1;0
HACEYET;1;16.4.1969;0;1
ALTAC;4;7.9.1964;3;1
BERGUZ;5;25.11.1961;0;5
MUSULITTIN;1;3.8.1970;1;0
BILTENE;5;30.7.1972;0;5
MUSERREF-NILAY;1;11.11.1985;0;1
PEKYASA;1;2.2.1969;1;0
KABREL;2;28.8.1967;2;0
ROZITA;17;13.1.1965;0;17
FEZMEGUL;7;11.10.1947;0;7
ABDULLAL;1;12.7.1948;1;0
GIOULNARA;5;1.10.1966;0;5
SABANILKER;1;28.3.1986;1;0
SEFATIN;1;12.10.1985;1;0
BOUCHRA;1;19.10.1975;0;1
ELMIN;4;17.4.1980;3;1
ERDIYAKUP;1;6.8.1977;1;0
NAZFET;1;21.8.1941;0;1
DAVIYYE;3;30.11.1962;0;3
NEDAHA;3;7.11.1946;0;3
KIYAFIYE;1;21.6.1957;0;1
NIHABET;8;23.2.1940;8;0
ARPEN;4;9.12.1957;0;4
GIREGOZ;28;1.9.1948;28;0
NUVERIK;2;7.4.1922;0;2
LUSINTAK;9;30.12.1941;0;9
DORIANA;1;11.10.1977;0;1
YAZGULLU;7;1.9.1952;0;7
GULERA;6;11.5.1959;0;6
ROMEDI;5;29.7.1977;5;0
UZKAN;1;26.4.1936;1;0
AYSEREL;1;27.5.1974;0;1
SULTANSERAP;1;22.7.1977;0;1
OPON;4;23.1.1971;0;4
MUFDELE;1;29.4.1956;0;1
SERBIYE;7;7.8.1975;0;7
KEMUREN;1;11.4.1937;0;1
TALITA;2;11.4.1976;0;2
NINWA;1;12.12.1978;0;1
OZNIYE;3;3.9.1979;0;3
SUNDE;3;29.6.1965;0;3
GUNNET;1;22.8.1949;0;1
ZEBERIYE;1;13.12.1959;0;1
MEKTAR;1;17.4.1960;0;1
NURIGAN;7;8.1.1951;0;7
TERHIS;1;17.12.1940;1;0
ZAMIL;9;4.11.1954;9;0
LOUCIA;1;6.5.1954;0;1
ELMAYIR;3;19.5.1953;0;3
SEZAVET;2;9.10.1949;0;2
NUCHAN;1;22.6.1973;0;1
GORBIL;9;7.1.1964;8;1
FIRZU;1;6.12.1976;0;1
GULENCAN;3;24.7.1956;1;2
SAHMANUR;1;21.9.1969;0;1
HUDAYIME;1;22.8.1949;0;1
ARNEL;2;1.11.1976;0;2
ELFESIYAN;4;15.3.1978;2;2
YURTTANUR;5;19.10.1944;1;4
AYCAHAN;7;1.2.1980;0;7
SIYALET;1;9.10.1928;0;1
CEMKAYA;2;26.6.1974;2;0
YURDATAP;4;29.6.1957;2;2
ARIFMURAT;1;4.5.1988;1;0
ALPEN;10;13.6.1983;9;1
VALBONA;7;26.1.1974;0;7
IMZIIL;1;13.2.1968;1;0
HATEMSAH;1;18.2.1971;0;1
NEARDAN;1;17.8.1942;0;1
SEANDER;1;13.2.1970;0;1
REBBIHA;1;1.10.1967;0;1
MENDOHA;3;18.4.1964;0;3
MEVCIN;1;1.3.1971;1;0
MILE;7;1.9.1962;0;7
IHZEYYIM;1;12.1.1953;1;0
AJUN;3;21.6.1933;2;1
SURPUHI;19;21.12.1946;0;19
ZIVEDE;1;14.12.1973;0;1
ZAKAR;12;25.1.1958;12;0
GULHUME;1;2.2.1951;0;1
GULDENGUL;4;3.4.1964;0;4
MONIA;1;15.2.1965;0;1
ELMAYIL;3;15.8.1950;0;3
PIRLANTIN;1;2.6.1933;0;1
SEREFIDDIN;10;16.7.1959;10;0
OZNIMET;1;22.2.1955;0;1
GUVERHAN;24;24.5.1968;0;24
NEROS;1;9.4.1960;0;1
HEKAYET;1;18.6.1954;0;1
HAMIKA;3;8.7.1970;0;3
TURBE;2;26.4.1965;0;2
GURLEM;2;4.5.1972;2;0
VEDIYET;4;19.8.1971;0;4
HELALZADE;1;21.11.1969;0;1
RIZGARI;1;12.8.1977;1;0
CEFERIYE;10;30.12.1962;0;10
PORZERIN;1;17.2.1972;0;1
MEVLIDAN;2;11.9.1964;0;2
DALKIRAN;1;11.4.1984;1;0
BAHTE;1;4.10.1968;0;1
DEVRANCAN;2;3.6.1986;2;0
ALIMOGLU;1;11.12.1990;1;0
KOBRA;4;8.4.1971;0;4
BEYJEN;2;24.2.1951;2;0
SAYEDDIN;4;15.7.1961;4;0
JANSE;1;22.2.1961;0;1
BULU;1;22.5.1959;1;0
SERPUN;4;25.8.1963;0;4
NEVRIK;15;12.12.1939;0;15
VARCAN;15;28.11.1956;15;0
TURACE;1;28.1.1940;0;1
BERTEGUN;1;15.2.1983;1;0
ALPSEN;1;11.2.1980;1;0
YESRIB;3;28.1.1988;2;1
CIGLER;7;7.10.1971;0;7
FAHRIDIN;2;24.5.1959;2;0
LERNA;108;5.9.1979;0;108
VARSENIK;13;12.8.1950;0;13
CEVGUN;1;5.4.1980;1;0
ETBIYE;1;27.8.1950;0;1
REIFE;26;12.7.1961;0;26
ISMETPERI;1;19.6.1929;0;1
SUNRU;2;16.1.1954;0;2
ARDAS;21;27.11.1948;21;0
BETILHAN;1;25.11.1989;0;1
SATANIK;33;29.2.1945;0;33
GULBIRIN;1;21.2.1990;0;1
ZHADYRA;1;23.11.1977;0;1
GURBANDURSUN;1;16.5.1980;0;1
NAGHAM;2;12.5.1982;0;2
PELVEDA;1;16.9.1990;0;1
GUNDUS;2;22.10.1965;1;1
GHERGHINA;2;2.10.1969;0;2
FERKUT;2;2.12.1961;1;1
HEROL;2;22.10.1952;2;0
TULUI;3;16.7.1950;3;0
AJNIL;1;9.6.1980;0;1
SENELIF;1;11.10.1937;0;1
LARCIN;1;3.5.1967;1;0
NEPA;1;30.10.1963;0;1
MUCERDIYE;1;22.8.1949;0;1
ZAVEN;25;24.1.1956;25;0
YANI;90;6.11.1950;90;0
MIHRABI;3;30.3.1958;3;0
HASSIYE;9;2.3.1974;0;9
MUGIRE;4;10.2.1979;2;2
GOYCHAK;2;24.9.1974;0;2
NEILA;1;26.7.1965;0;1
ENCAN;3;29.8.1988;3;0
GIULIA;2;20.2.1971;0;2
NEHRUN;5;6.7.1978;4;1
SERKAD;1;17.4.1980;1;0
ARUSYAK;54;13.2.1947;1;53
GORUR;1;22.3.1991;1;0
SELMANERMIN;1;22.12.1965;0;1
ILA;2;13.9.1965;0;2
SIRBIYE;1;12.10.1963;0;1
HIRAZAN;1;17.6.1966;0;1
KUBRAG;1;4.8.1986;0;1
CUMI;45;14.9.1957;45;0
MUHSES;2;12.5.1949;2;0
BISRAN;1;28.2.1983;0;1
MUYIDE;1;13.5.1971;0;1
BAHAVER;1;23.3.1977;0;1
TOLGAYHAN;1;1.9.1977;1;0
HERMINE;72;17.12.1947;0;72
SENANGUL;1;19.8.1972;0;1
BANACEK;1;15.7.1982;1;0
BARNAS;6;18.3.1987;6;0
HAYKUNA;1;22.8.1931;0;1
BILKA;3;6.11.1961;1;2
KAZAROS;8;3.4.1957;8;0
TELGUZEL;1;2.8.1951;0;1
CAMKA;1;29.9.1966;0;1
BUGATAY;1;25.4.1976;1;0
SERPONI;1;16.6.1944;0;1
APET;2;9.12.1936;2;0
YURDAGUM;1;5.4.1963;0;1
AKNER;1;23.9.1989;1;0
BARKIM;6;4.11.1984;5;1
MEHMETGULLU;1;2.2.1951;1;0
SHERIA;1;26.6.1961;0;1
KOLSER;1;6.12.1942;0;1
BENNIL;1;16.11.1970;0;1
GUZYALIYA;1;22.10.1979;0;1
ANNIK;65;12.12.1944;0;65
DURAKOGLU;2;9.11.1980;2;0
NEKIP;9;19.2.1957;8;1
Y.ASLIM;1;18.3.1971;1;0
YERCANIK;47;13.9.1952;0;47
FEZAHA;2;10.4.1972;0;2
TULUIN;1;18.11.1983;0;1
MUSRIH;1;27.8.1962;1;0
SELFIT;2;6.2.1955;2;0
MERZAT;20;20.1.1957;1;19
MALAMAT;1;6.4.1949;0;1
CELIDZE;1;5.6.1957;0;1
GOLSEL;2;6.12.1966;0;2
ZEHTAN;1;24.12.1987;0;1
FIRAYSET;1;5.3.1960;0;1
ONKAN;4;27.6.1979;3;1
SEBUKTAY;1;16.3.1943;0;1
ADNEY;1;13.2.1957;0;1
MABURIYE;1;17.2.1945;0;1
SAYIBEN;1;12.6.1963;0;1
GUZALIYE;1;9.6.1973;0;1
KUAN;1;7.8.1963;0;1
MALVINA;6;24.2.1963;0;6
EBRUSAN;2;13.12.1983;0;2
BILICA;1;25.5.1977;0;1
FEICAN;1;1.10.1979;0;1
ALICENAP;4;4.6.1973;4;0
HURUPSIMA;1;1.4.1955;0;1
SEYRANDAL;1;13.12.1941;0;1
NUZSET;1;24.4.1951;1;0
MOSUM;1;6.10.1950;1;0
NASIBI;14;22.4.1971;5;9
DESYO;1;22.12.1937;0;1
MUHAZZIM;4;25.11.1949;4;0
RUHOS;1;27.10.1987;1;0
NURBEGUM;4;6.4.1986;0;4
SESMIN;1;3.11.1981;0;1
NUBAHAT;2;17.6.1970;0;2
MITAK;1;16.1.1971;1;0
MINANSA;1;2.4.1957;0;1
HINASSA;1;4.2.1957;0;1
VEHTEDIN;1;2.2.1957;1;0
TUMURCIN;6;10.9.1971;6;0
HASGULLU;1;22.5.1973;0;1
NURIOSMAN;5;24.2.1965;5;0
HASGULU;5;26.5.1959;2;3
ADVIYYE;1;20.6.1969;0;1
BAYISER;7;13.7.1955;0;7
DONDI;13;15.3.1957;0;13
HARUTYAN;22;25.12.1957;22;0
HAYKANUS;46;2.6.1939;0;46
SENUN;2;15.10.1967;1;1
OZNIHAT;1;27.7.1963;1;0
USTEKIN;8;10.1.1980;8;0
GULANUR;3;12.1.1966;0;3
SAYINAL;1;30.1.1991;0;1
REZIYEMU;1;30.6.1963;0;1
NAVAKI;1;12.4.1935;0;1
VERGINE;3;19.9.1978;0;3
AMELA;13;30.10.1975;0;13
YILMAZGIL;1;12.12.1977;1;0
SAMADDIN;2;9.12.1944;2;0
DINEM;3;1.1.1987;0;3
RECIFE;12;24.6.1949;0;12
RUHSEDTIN;1;6.12.1974;1;0
MAHATTIN;3;19.12.1955;3;0
MUSTEHME;1;30.8.1953;0;1
DIRSA;13;18.1.1961;0;13
DURNIYAZ;5;2.12.1951;0;5
MUSTAFAMETIN;1;12.6.1964;1;0
EVVABIN;1;10.11.1960;1;0
SAHYILDIZ;2;20.1.1966;0;2
SADRIN;3;23.6.1964;1;2
SANIDE;8;11.3.1962;0;8
YEKSABET;6;15.5.1956;0;6
SENCIDE;3;1.6.1950;0;3
DIFTE;1;7.8.1916;0;1
TOYKUN;3;29.10.1957;2;1
NEVUZA;1;15.7.1974;0;1
SONEV;1;4.10.1978;0;1
FURSET;1;27.8.1980;1;0
SEFVAT;1;3.3.1966;1;0
GULIME;3;20.9.1971;0;3
TEKCIHAN;1;9.5.1961;0;1
BERTAC;2;17.2.1990;2;0
ESVELT;2;23.10.1967;2;0
SULINAY;3;19.11.1958;0;3
AZERGUL;2;24.3.1953;0;2
OZKEMAL;29;20.5.1963;29;0
GIMRAN;1;22.2.1961;1;0
YUMEHAN;1;1.12.1979;0;1
NIHEL;5;19.2.1963;0;5
HORSUT;6;28.11.1954;6;0
ZUBADI;1;12.4.1971;0;1
SERHAYAT;5;30.2.1977;0;5
SUUDET;2;29.8.1958;0;2
HASBINAZ;1;2.1.1975;0;1
MEFRUN;1;15.2.1957;0;1
GULHURMET;11;7.4.1967;0;11
ARMEN;40;1.7.1959;19;21
DURCIHAN;26;27.1.1958;3;23
CEFREDDIN;1;21.7.1972;1;0
NUERNISHAS;1;26.7.1947;0;1
NAGIE;2;14.10.1964;0;2
VARYETTIN;1;12.6.1965;1;0
SADIYET;2;30.11.1962;0;2
SIRAYET;5;27.7.1971;0;5
CEVAYER;1;9.5.1960;0;1
ACILYA;3;17.10.1979;0;3
VARDIN;1;15.2.1992;1;0
RUHANDIYE;1;3.3.1952;0;1
HUSAR;2;22.11.1963;1;1
SIRMEHMET;8;7.1.1955;8;0
KETAGA;1;23.3.1967;1;0
LETVIN;1;29.5.1955;1;0
ARDINC;7;16.10.1974;7;0
GATIRE;2;14.12.1967;0;2
MUHARRET;2;21.1.1958;1;1
ESINNUR;4;27.1.1962;0;4
RECAMI;2;29.1.1956;2;0
PIRMELEK;1;26.2.1967;0;1
MEKDURESUL;1;22.11.1971;1;0
MERACIL;2;8.11.1952;0;2
HIZIRKAAN;1;28.8.1969;1;0
KOKCEN;4;15.1.1951;0;4
SERVEREN;2;28.12.1979;2;0
MERFIDE;6;9.4.1961;0;6
MAYIFIRAZ;1;27.4.1950;0;1
MAVFIRET;1;8.4.1986;0;1
KHANI;1;17.1.1959;0;1
RAMYE;1;2.2.1987;0;1
SEVILTUGCE;1;16.10.1988;0;1
ABDULMENNEN;2;24.4.1960;2;0
ABDURAHMEN;1;21.4.1954;1;0
DOYKAN;1;5.6.1984;1;0
OCHAN;1;6.8.1954;1;0
DAGVER;1;30.2.1979;1;0
PERSEL;1;27.6.1968;0;1
SANELA;8;18.12.1976;0;8
HEYYEM;2;17.11.1977;0;2
NAJAH;3;1.8.1966;0;3
TOKAS;1;27.5.1974;1;0
ZIYARETTIN;34;30.2.1964;34;0
HEBINER;1;19.11.1941;0;1
MAZMAZ;1;13.8.1956;0;1
HIDER;1;7.8.1958;1;0
GULERE;3;8.1.1959;0;3
HUNNUS;1;17.8.1936;0;1
LUCICA;9;9.9.1970;0;9
GULHUSNIYE;1;7.11.1952;0;1
ERGOREN;3;3.6.1967;2;1
HASANGAN;1;12.5.1980;1;0
MUEMMIL;1;12.10.1989;1;0
VECAYET;5;28.8.1954;1;4
SIMEYYA;1;17.10.1985;0;1
YEKGUN;2;23.10.1966;1;1
NARGUZER;3;25.5.1941;0;3
EDLIYE;1;5.6.1959;0;1
BIBET;5;15.4.1960;0;5
NERVIL;2;8.7.1981;0;2
DILVI;1;21.2.1975;0;1
ALEVGUR;1;27.4.1970;0;1
FINEL;1;8.10.1971;0;1
ZAHER;3;23.10.1969;2;1
ABDULBERI;7;13.12.1957;7;0
YILDIRIMARSLAN;1;16.10.1969;1;0
ATTIYYE;2;15.10.1956;0;2
INCEMEMET;1;30.2.1974;1;0
YELNUR;2;21.11.1977;0;2
SADAS;1;8.4.1992;1;0
DOZVAN;2;29.2.1987;2;0
YUNERGE;1;12.5.1983;0;1
AFRUZ;2;17.4.1971;0;2
MARYYA;1;17.11.1974;0;1
PARLIYAN;3;15.8.1959;0;3
ULBU;1;26.12.1960;1;0
YECENIK;2;23.2.1958;0;2
CIRAL;1;1.1.1962;1;0
GULKIYA;2;27.1.1950;0;2
GULACI;1;12.7.1977;1;0
AYFETHI;1;25.8.1970;1;0
MUTARIYE;13;24.3.1974;0;13
MIRCIVAN;3;27.8.1969;1;2
ADMEN;4;9.5.1966;4;0
LUSAPER;16;6.6.1947;0;16
GELIS;5;9.5.1975;2;3
HUSEP;7;3.6.1952;7;0
ZADEL;1;7.5.1970;1;0
YEKVER;1;8.8.1954;0;1
VAHANIK;3;25.10.1955;3;0
DUHLET;1;19.2.1983;0;1
HARITYUN;14;6.1.1948;14;0
GAVI;2;22.6.1949;1;1
LIVON;9;19.6.1941;9;0
YAYCAN;1;7.8.1934;0;1
NURISA;18;21.7.1953;0;18
MANNIK;27;15.7.1947;0;27
ZUHIRE;3;6.10.1946;0;3
ISMIZAR;4;17.8.1952;0;4
MUNIYRE;12;28.1.1962;0;12
GAPIP;1;22.5.1971;1;0
SADETLI;1;11.6.1957;1;0
SURFETTIN;2;7.4.1948;2;0
EFHAN;3;11.12.1970;3;0
FITRIYE;8;14.1.1947;0;8
M.ISMAIL;1;16.8.1963;1;0
ISTIFAN;4;26.9.1947;4;0
AKGIRAY;1;5.5.1967;1;0
BEYTENUR;1;28.1.1944;0;1
MICIYER;1;12.1.1950;0;1
VARTANBAS;1;3.6.1967;0;1
SURPIK;58;9.1.1942;0;58
ZEKIDOGAN;2;11.6.1956;2;0
FAZIRET;1;19.12.1989;0;1
KEGORK;8;17.1.1947;8;0
SORAS;1;19.3.1974;1;0
BELNAZ;2;11.10.1979;0;2
ZEKIBEY;3;10.3.1952;3;0
PARNAK;12;10.11.1946;12;0
EYUBEL;1;15.8.1962;1;0
ZURHAT;1;6.10.1989;1;0
ALAZ;31;29.3.1987;18;13
RAMIJE;2;5.3.1964;0;2
ESELGUL;1;29.11.1972;0;1
PEROZ;2;1.10.1946;0;2
KOHARIK;39;30.3.1939;0;39
MAJE;1;16.11.1956;0;1
VJOLICA;1;25.9.1980;0;1
EMENIYE;1;2.8.1933;0;1
REMLE;6;24.1.1980;0;6
SADAY;4;12.8.1966;3;1
MULKANE;6;19.11.1963;0;6
ARSANAZ;1;1.6.1956;0;1
RUT;9;15.8.1963;0;9
MEZAIM;9;30.12.1961;9;0
FATMAZOHRE;1;26.4.1929;0;1
NUSEPER;1;27.8.1938;0;1
SUNARIK;2;26.3.1950;0;2
SEHERMERYEM;1;15.10.1985;0;1
EMNOS;1;12.11.1965;0;1
SEMSIY;5;25.7.1964;0;5
GHIULHAN;4;30.12.1973;0;4
HULKATTIN;14;8.4.1961;14;0
MUBECCEN;4;4.10.1962;0;4
SINAK;1;17.2.1972;0;1
HEYVHILAT;1;23.12.1968;0;1
HOZARIK;1;21.2.1941;1;0
NEHABET;7;16.4.1947;6;1
ONNUR;17;25.10.1973;3;14
HOSEP;14;21.6.1958;14;0
IYADE;2;2.3.1966;2;0
NIYA;2;4.12.1956;0;2
SEYDAM;2;7.6.1955;1;1
A.FERIT;1;22.5.1955;1;0
AZZIZE;3;16.6.1979;0;3
MUSLAHAT;4;28.3.1977;0;4
MUKRIM;24;27.6.1960;23;1
LUTVEN;2;11.9.1952;0;2
SUSAPER;1;22.11.1943;0;1
GINARIK;1;7.1.1936;0;1
YAFIZ;2;26.3.1958;2;0
GOKCEBAY;1;27.7.1974;1;0
RUHADE;4;27.11.1956;0;4
YARETTIN;2;13.11.1976;2;0
HERMENE;1;14.11.1938;0;1
MAHIDIYE;1;12.9.1943;0;1
FILOMEN;8;16.11.1948;0;8
RECIHE;2;23.3.1961;0;2
KAPREL;7;14.9.1941;7;0
SALATINPERI;1;8.2.1974;0;1
LUVIDE;9;4.8.1949;0;9
AVADIS;100;3.7.1948;100;0
MENSORE;2;25.3.1966;0;2
ZUBEYEDE;1;25.12.1980;0;1
YAISEI;1;14.4.1970;0;1
PURSEN;10;30.2.1952;1;9
ANMARI;1;8.11.1987;0;1
RASEY;2;14.11.1948;0;2
GOKKAGAN;2;7.10.1982;2;0
TAKUYE;9;8.3.1949;0;9
IHBALIYE;1;21.9.1959;0;1
GAYGISIZ;5;4.12.1960;5;0
SAROZ;1;19.10.1990;1;0
CAGATHAN;1;4.1.1957;1;0
GULUBES;1;22.7.1949;0;1
ENSEM;2;5.8.1976;0;2
ZANIME;1;1.1.1;0;1
ALIBIYE;1;11.2.1961;0;1
FATKIME;6;24.7.1949;0;6
SEVGER;6;25.7.1978;5;1
KIGORK;6;25.8.1937;6;0
VAHRAN;10;9.8.1943;10;0
ARSIL;2;27.3.1965;0;2
UMRUNISA;1;7.8.1940;0;1
NEGFER;1;12.2.1965;1;0
GUHADE;1;19.6.1972;0;1
NURTUGCE;2;11.2.1988;0;2
DIRCEM;1;19.2.1990;0;1
SAMATA;7;5.3.1969;0;7
CUCEK;1;2.2.1981;0;1
SAHINGIRAY;2;2.10.1946;2;0
INER;5;17.8.1962;4;1
OSKIYAN;7;27.3.1951;7;0
ONURKAAN;1;27.9.1988;1;0
MUHALLE;11;13.11.1968;0;11
DUREL;3;21.6.1957;1;2
TEFIRE;1;27.8.1938;0;1
SULEYMANI;1;23.10.1958;1;0
RUVEYDAG;1;21.8.1956;0;1
ANICE;2;30.11.1944;0;2
LITA;2;18.10.1967;0;2
MEZNE;6;27.10.1955;0;6
SELPINAZ;4;21.3.1963;0;4
ERKINER;1;23.8.1971;1;0
SIHIR;2;1.2.1967;1;1
SURON;1;2.12.1951;1;0
ISTANBULLU;1;17.5.1966;0;1
ANZELI;1;2.2.1981;1;0
EFKIYA;2;2.5.1945;0;2
INEYET;1;7.4.1964;0;1
BARIH;1;1.2.1959;1;0
MUZEYYYEN;3;26.11.1969;0;3
MEYESSE;3;28.3.1964;0;3
MEFRURE;1;17.2.1966;0;1
HUVEYRA;2;17.9.1974;0;2
DEMYA;4;17.10.1978;0;4
GULKIYIS;1;11.4.1931;0;1
BILGAHAN;1;21.8.1970;1;0
ERENI;1;17.8.1930;0;1
HOROPSIMA;25;6.11.1938;0;25
MAYOS;1;2.4.1957;0;1
RUMEYZE;2;30.1.1942;0;2
SETAN;3;12.5.1961;0;3
SUKRUYEI;1;7.5.1951;0;1
GULUKAKKAGA;1;8.3.1979;0;1
UMMUGUZEL;1;7.5.1970;0;1
TEBIYHA;1;22.8.1955;0;1
ASLIYAH;1;12.6.1965;0;1
EGIYA;4;23.9.1959;4;0
HUDIDAN;18;3.4.1967;18;0
OGSEGUL;2;26.4.1969;0;2
YAPINCAK;8;8.4.1974;0;8
ARSAGU;1;2.7.1939;0;1
SIRAGAN;5;4.2.1945;5;0
NURTENGUL;4;4.1.1967;0;4
SUELKAN;2;18.6.1963;0;2
YELMIHA;1;24.11.1972;1;0
ABDULHASAN;4;13.2.1969;4;0
MELEKNAS;4;26.1.1977;0;4
HUBBAS;1;22.2.1943;1;0
NUZILA;1;14.2.1986;0;1
GULSIMIN;2;4.9.1973;0;2
ORJIN;13;14.9.1950;0;13
SIRUN;24;22.1.1961;4;20
OGULHAN;10;22.9.1977;9;1
SAZVER;2;18.2.1981;0;2
KILAVATON;1;1.1.1;0;1
MUSAPIR;2;12.8.1929;0;2
KULYE;1;2.3.1956;0;1
TIKAVET;1;22.2.1973;0;1
SENEDAN;1;1.4.1972;0;1
ISRAPIL;1;28.6.1976;1;0
MIMARE;3;30.1.1955;0;3
CUZEYNE;1;10.4.1969;0;1
INDIDA;1;11.6.1974;1;0
SIRON;6;14.3.1956;4;2
EFROUMIE;1;1.5.1978;0;1
PERNEK;1;25.5.1936;1;0
NUSFI;1;17.5.1954;0;1
GULSEHEN;3;19.9.1976;0;3
VALICA;1;30.4.1966;0;1
ELMAHIR;2;22.4.1959;0;2
SAHANIK;16;9.5.1947;0;16
LECMETTIN;1;1.3.1940;1;0
TURGAYA;2;7.10.1961;2;0
ISTIPAN;21;12.10.1947;21;0
ABDULGAUR;1;2.8.1981;1;0
GULNADE;5;19.6.1961;0;5
VARJAN;14;27.8.1953;14;0
URKUCANA;1;27.2.1968;0;1
TEBIYE;5;17.7.1962;0;5
GUZELHAN;11;19.5.1957;2;9
GUYSUN;1;22.8.1955;0;1
GOKMIL;3;29.8.1985;2;1
S.MEMET;2;24.7.1936;2;0
NOTA;1;5.5.1931;0;1
OMERBABA;1;29.7.1980;1;0
ALYESILIM;1;16.2.1941;0;1
SEVAHIT;1;17.2.1954;1;0
TEMUCUN;1;22.3.1970;1;0
SINAT;4;26.6.1969;2;2
SUNUHI;4;30.1.1946;4;0
URUBUYA;1;11.9.1969;0;1
MUEYEM;1;2.4.1986;0;1
KICEY;3;6.5.1950;0;3
MEDIYEHA;1;12.9.1965;0;1
GUMANETTIN;1;22.2.1967;1;0
HUSINIYE;1;18.2.1967;0;1
LALANDAR;1;15.6.1966;0;1
TECDIN;2;11.6.1968;2;0
MARCELL;1;11.10.1991;1;0
KATAVUN;1;2.1.1975;0;1
ZUNURE;2;19.4.1967;0;2
FAGRUSAH;1;24.11.1960;0;1
BLEDAR;1;21.5.1978;1;0
ZURREF;10;13.3.1952;10;0
BESTA;1;23.3.1983;0;1
HITAYET;1;16.10.1974;0;1
HAKAYET;1;15.7.1946;0;1
ZIHNIDIN;1;30.10.1963;1;0
ALVAP;1;1.3.1965;1;0
ABDULAZIZI;1;17.7.1981;1;0
RULBIATE;1;26.5.1977;0;1
GULEFFER;2;13.12.1968;0;2
GEANINA;6;22.1.1977;0;6
HAFIZEYI;1;4.2.1956;0;1
HAAMDIYE;1;5.5.1987;0;1
KURDES;2;24.3.1961;1;1
PAFEY;1;12.2.1947;0;1
CANSENIN;1;26.12.1991;1;0
SOUSAN;1;2.9.1979;0;1
TUNCDAL;5;24.5.1975;5;0
NAZISAH;1;2.3.1975;0;1
ZEYRETE;2;25.1.1961;0;2
ADLIN;7;10.5.1981;5;2
ALYESIL;14;27.4.1969;0;14
GULENDEZ;1;1.5.1973;0;1
NEBAYDIN;1;27.8.1968;1;0
KADIMBEY;1;7.4.1934;1;0
VEDAHAT;3;23.5.1955;1;2
FETANI;3;20.6.1980;3;0
SEVNIR;1;7.6.1986;0;1
ESTEYLE;1;7.7.1964;0;1
MUKRETTIN;9;12.4.1964;9;0
HURIGUZEL;4;14.4.1956;0;4
SUIBE;1;11.9.1974;0;1
GYUTEN;1;21.10.1984;0;1
EKSANE;2;27.11.1971;0;2
MUSAIDDIN;1;16.5.1940;1;0
ALEXUTA;1;3.4.1972;0;1
SATIYAN;1;7.2.1964;0;1
HEYNIL;1;7.8.1946;1;0
AGUP;16;13.4.1950;16;0
BEYTORE;2;17.2.1967;2;0
GRIGORE;1;21.9.1991;1;0
VALENTIN;5;4.9.1979;4;1
HAMDIHAN;2;10.12.1968;1;1
MUZEYNEN;1;5.6.1947;0;1
OLCIN;6;4.2.1979;4;2
ZEMINUR;5;19.5.1962;0;5
CAHIZER;3;19.2.1964;0;3
YETURE;1;23.2.1955;0;1
SUKRAM;1;14.3.1959;0;1
PELVESIN;2;6.11.1990;0;2
BILDIHAN;1;5.3.1991;0;1
MUYEDDIN;4;24.10.1954;4;0
ZERIH;4;11.5.1963;1;3
FATMAHILAL;1;18.1.1987;0;1
MERDANSAH;2;18.4.1962;2;0
KUBA;10;28.7.1978;1;9
KISAI;1;22.3.1965;1;0
ZELVIDE;12;30.5.1958;0;12
TURAT;2;9.3.1977;2;0
BERIZE;2;18.12.1958;0;2
ROUZBEN;1;2.8.1969;1;0
FEDALETTIN;2;8.4.1972;2;0
YAYSER;2;24.12.1978;2;0
MUSELEMA;1;2.2.1975;0;1
BURISTAN;1;17.2.1966;0;1
NENKA;1;6.4.1956;0;1
ISIHAN;2;16.1.1966;0;2
SAHNETER;5;24.5.1957;0;5
HERATI;1;5.11.1975;0;1
GULYAMIL;2;19.12.1973;2;0
ZUHALE;3;18.12.1967;0;3
SAYDETTIN;1;2.12.1957;1;0
NAMIL;3;23.7.1965;3;0
SEMATTIN;4;8.7.1960;4;0
YUSRIYA;1;21.5.1975;0;1
VERADIYE;1;6.3.1979;0;1
ZEMEN;7;11.10.1960;2;5
SIYAHUS;1;17.10.1990;1;0
HAZNENUR;1;15.6.1987;0;1
KANDELEF;1;22.2.1955;0;1
KEYSAN;1;11.12.1982;1;0
SEVDAKARSAH;1;2.1.1951;1;0
SEZAYET;5;5.10.1951;2;3
BEYIHCE;1;12.3.1936;0;1
YERINAZ;1;25.2.1961;0;1
GEFSERE;1;16.6.1967;0;1
IZNIHAL;3;16.12.1964;0;3
CELIS;1;16.10.1946;0;1
ISTERSEN;1;1.5.1943;0;1
SUBRIYE;5;10.11.1971;0;5
SELMANNI;1;25.4.1991;1;0
NADIF;7;22.1.1962;7;0
EMLIYE;1;1.5.1969;0;1
NEZENDER;2;17.8.1979;0;2
BEZMIGUL;2;25.7.1968;0;2
MIKIAYIL;1;28.1.1967;1;0
DILARAN;4;11.5.1962;0;4
USLET;16;5.2.1956;4;12
OHANNIS;30;1.7.1945;29;1
NEZISAH;1;25.12.1956;0;1
TUBEL;4;7.9.1980;0;4
RAHIMNA;1;16.2.1957;0;1
SABIZA;1;12.5.1953;0;1
NASMIN;1;26.11.1989;0;1
AYYLIN;1;20.11.1972;0;1
HAYRIDIN;7;14.5.1961;7;0
CUDA;5;25.6.1972;2;3
REFAHEDDIN;2;23.5.1955;2;0
HUSAMA;1;9.12.1973;1;0
MALIYET;3;13.11.1963;0;3
NURHATTIN;1;29.4.1980;1;0
LEGYA;1;7.4.1960;0;1
SUPHIDDIN;1;2.2.1957;1;0
BEGUZAR;1;19.3.1937;0;1
SOSU;2;7.12.1950;0;2
YOCA;1;22.12.1977;0;1
MEHMETTURGUT;1;6.3.1960;1;0
AYETULLAH.;1;21.3.1981;1;0
SIRHAD;1;12.4.1977;1;0
SEYZAN;4;21.1.1965;1;3
GULVESER;1;9.6.1958;0;1
LEDIM;8;9.5.1954;7;1
MUCELLER;1;12.2.1968;0;1
DUTIYE;5;4.11.1961;0;5
SELIMYE;2;28.6.1974;0;2
NAZIFIYE;2;30.8.1953;0;2
SEVIDEGUL;1;8.4.1964;0;1
SUKAYE;1;22.2.1967;0;1
BAGDIR;1;25.6.1980;1;0
MAYAHANIM;3;21.4.1960;0;3
EMENT;1;7.10.1982;1;0
KIRYAZ;3;26.6.1963;0;3
KIBIR;4;28.3.1967;1;3
M.CASIM;2;8.5.1964;2;0
ALBANA;4;4.1.1977;0;4
SUCIHAT;1;12.6.1964;0;1
IVAN;14;19.2.1961;9;5
NAZMIE;20;21.11.1966;0;20
YUDAY;1;28.8.1976;1;0
HABUBEKIR;1;18.11.1970;1;0
FAZIM;12;1.3.1956;12;0
MEHTTIN;10;6.7.1977;10;0
GOHERCIN;1;14.11.1964;0;1
AIZE;2;1.7.1961;0;2
LUTFIYYA;1;27.7.1956;0;1
SEMRAK;3;30.1.1971;0;3
HEZVER;1;12.2.1989;1;0
AZADU;3;26.7.1949;0;3
KARAKELLE;1;22.10.1991;1;0
BEDIAN;3;21.6.1971;0;3
AYSEGULLU;4;5.2.1962;0;4
MUNURA;1;17.2.1954;0;1
GREV;1;29.5.1968;0;1
REVEZETE;1;23.3.1973;0;1
SEBEDULLAH;2;2.6.1965;2;0
DIYEDDIN;2;30.11.1980;2;0
ONCEPE;1;9.5.1946;1;0
FEHRULLAH;8;28.5.1969;8;0
CABIRAN;1;27.8.1962;1;0
FESMINUR;1;3.3.1944;0;1
NESLEHAT;2;11.11.1961;0;2
MURINET;1;11.4.1969;1;0
FERIANE;1;24.8.1959;0;1
ABDUCCABBAR;2;3.7.1966;2;0
KOMUS;23;8.12.1962;22;1
PAR;1;1.12.1947;1;0
ZELFIRE;25;14.10.1956;0;25
DURBEL;2;18.4.1972;0;2
MATIS;1;23.2.1957;1;0
MURUVBET;1;21.4.1976;0;1
HINNEY;1;7.12.1958;0;1
ZULCENAH;7;27.2.1969;1;6
MUREFEDDIN;2;14.9.1967;2;0
CAMIDAN;1;11.12.1942;0;1
HULGATTIN;1;12.3.1959;1;0
RIGDA;3;7.6.1969;0;3
RUGAYIP;1;6.10.1967;1;0
KIBRAL;1;27.2.1980;0;1
SADULA;6;7.5.1969;6;0
GAMETIYE;1;2.2.1956;0;1
NORTEN;2;4.9.1954;0;2
UMEYSE;6;9.5.1971;0;6
TOMAKI;1;26.4.1967;1;0
HACERUL;1;16.3.1992;0;1
ESTERNAHI;1;7.2.1976;1;0
TORI;6;19.7.1961;4;2
KAYNAT;1;17.6.1972;1;0
NEBADIYE;9;7.4.1966;0;9
ISIKNUR;1;4.12.1975;0;1
ETLEN;1;27.2.1968;1;0
TENEY;2;2.7.1958;0;2
GULLUVAN;1;27.9.1946;0;1
SENVAYIR;1;7.2.1970;0;1
VEVBAHAR;1;17.2.1960;0;1
HALAETTIN;1;16.5.1959;1;0
ENDAG;1;2.8.1973;0;1
SUDKI;1;22.2.1967;1;0
TARCA;1;17.4.1942;1;0
KATHRIN;2;30.2.1986;0;2
SATASMAN;1;6.5.1961;1;0
UMURBEY;7;18.4.1965;7;0
APDUSSAMED;1;17.9.1991;1;0
ZEYNEBETE;1;22.10.1985;0;1
CEYREMA;1;2.2.1975;0;1
ZENNUREL;1;2.2.1957;0;1
RUCHAT;1;21.8.1990;1;0
DIKO;1;27.3.1929;1;0
DJURDJICA;1;28.2.1958;0;1
SAZUP;1;11.9.1963;0;1
DIHIYA;1;7.2.1982;1;0
MINAAT;1;2.9.1975;0;1
MUMEYRA;6;24.1.1978;0;6
EYUPSAFA;1;3.4.1992;1;0
PRASCOVIA;9;24.7.1965;0;9
NEFUS;47;22.9.1952;0;47
HUBEYNE;1;2.11.1987;0;1
GULGIDAN;2;6.4.1985;0;2
NURBANIYE;4;2.5.1976;0;4
IKRAMULLAH;4;3.11.1976;4;0
KENUL;2;25.6.1978;0;2
AYBABA;5;3.3.1956;5;0
BABADIN;3;23.2.1969;3;0
EYICAN;2;11.6.1974;1;1
GUTRET;5;7.6.1961;2;3
SATFIYE;16;4.1.1961;0;16
NEZLAHA;4;7.3.1967;0;4
NURDIDEM;1;21.7.1973;0;1
VERKIYAZ;2;14.12.1955;0;2
ARSIMET;4;10.2.1965;2;2
FERTAY;1;14.7.1984;1;0
MEVFIBE;1;25.11.1971;0;1
SELIH;2;9.12.1965;2;0
LEJDA;1;6.6.1978;0;1
BULLEND;1;25.6.1967;1;0
SULTANAT;3;2.4.1965;0;3
DANISMAN;3;26.3.1970;3;0
TEBIRDA;1;22.3.1967;1;0
SIDIHA;5;7.1.1969;0;5
NEBIZAT;1;16.2.1945;0;1
FEDLAN;3;26.6.1968;1;2
FIHRIZAN;1;8.1.1951;0;1
IZDEM;6;28.2.1981;1;5
URBUYA;8;8.7.1963;0;8
DIYETTIN;3;11.6.1968;3;0
TIMURAY;9;3.2.1973;8;1
KAMERSAH;27;18.7.1960;0;27
MIZBET;6;17.9.1976;0;6
SEVREN;11;22.2.1979;4;7
ZEYBE;9;25.2.1959;0;9
SANKO;2;7.8.1940;1;1
SERIMDU;1;26.11.1959;0;1
HIDET;5;7.2.1974;4;1
NURZHIHAN;1;27.10.1980;0;1
AHMETBABA;1;12.12.1975;1;0
EZIMGUL;1;2.2.1951;0;1
AYPARESI;1;15.10.1967;0;1
HUMEYLA;24;12.5.1964;0;24
PEVRUZAN;2;1.8.1969;0;2
HUZIYME;2;25.4.1952;0;2
ERSINAN;3;2.9.1974;3;0
SEZENNUS;1;15.5.1971;1;0
NURETE;13;7.10.1966;0;13
HUSAFE;6;6.6.1945;0;6
TAVIAT;1;7.4.1964;0;1
SUREYBE;9;12.10.1961;0;9
SEHRIYANIM;1;3.5.1970;0;1
GUNNUSE;1;14.6.1961;0;1
BEDIRZAMAN;11;16.6.1968;0;11
GUBAHAR;1;13.9.1982;0;1
CESURAY;2;8.1.1978;2;0
NESATIN;1;26.8.1987;1;0
FIDANNUR;1;17.12.1991;0;1
MAYFIRAZ;2;19.8.1955;0;2
SEMINNUR;6;3.10.1959;0;6
YADEMIN;1;22.10.1976;1;0
M.RUHI;1;17.2.1960;1;0
AKMIYE;1;7.2.1976;0;1
MUHUBA;1;1.6.1938;0;1
GUZELLER;2;10.2.1972;0;2
SONERDI;2;26.1.1968;2;0
HISAMEDIN;3;25.8.1976;3;0
SUNBIL;2;9.6.1955;0;2
SENZIYE;1;26.4.1988;0;1
MEMAT;1;29.6.1948;1;0
SINAMIS;1;7.4.1971;0;1
BUNYUMIN;2;17.11.1983;2;0
YENIME;2;2.9.1971;0;2
SAV;1;1.9.1982;1;0
ADAKER;6;5.9.1956;0;6
IHMAIL;8;17.10.1961;8;0
CEHETTIN;2;18.7.1966;2;0
HURDAGUL;3;26.4.1951;0;3
SEYHAL;4;6.12.1978;0;4
MELDAA;2;19.12.1965;0;2
ABDULMUTALLIB;3;1.10.1968;3;0
ANNAFILCHEVA;1;24.4.1975;0;1
BIRTUL;1;12.12.1965;0;1
ERCEP;14;22.6.1958;14;0
ISTANBULHAN;2;15.7.1968;0;2
KARAAHMET;2;24.1.1965;2;0
SIRUHI;9;22.1.1948;0;9
RUHER;2;20.3.1970;2;0
SEMDA;5;26.5.1969;0;5
NEHEP;3;23.8.1943;3;0
ALEXANDRINA;5;19.6.1973;0;5
SENBIHA;1;11.6.1975;0;1
CILA;3;16.5.1950;0;3
GULLUR;3;6.9.1983;0;3
MARIKEN;1;2.4.1966;0;1
LALIVER;6;7.8.1960;0;6
RUMMAN;12;26.3.1964;0;12
EDEBI;7;25.11.1962;2;5
ESFIRA;1;23.11.1973;0;1
RASEF;1;25.4.1958;1;0
NURCEHAN;6;9.7.1955;0;6
UNTEN;1;11.7.1985;0;1
FINER;3;22.1.1983;0;3
KONAK;1;6.1.1985;1;0
TUROVA;1;7.2.1976;0;1
ELHANIM;4;15.10.1950;0;4
ARGIHIST;1;2.3.1969;1;0
HAYTUR;1;23.1.1939;0;1
AIMER;2;11.7.1974;2;0
HANAA;5;27.7.1974;0;5
FURMUZ;3;25.1.1957;0;3
NALANNUR;1;16.6.1969;0;1
TEBERRU;1;21.4.1966;0;1
SEVJIHAN;2;7.11.1977;0;2
GOVUS;3;13.6.1954;2;1
MEHZER;6;5.8.1977;6;0
ASLISIRIN;1;20.2.1984;0;1
MENEMGUL;5;16.8.1975;0;5
MEZILA;1;6.11.1986;0;1
GULYAZAN;11;19.3.1965;0;11
ENEL;11;16.10.1973;1;10
YUMI;1;7.8.1952;0;1
ANDRIANA;6;8.7.1957;0;6
TEYYIBAT;2;16.2.1964;0;2
PERINE;1;22.5.1971;0;1
GULPERUZE;1;3.12.1981;0;1
SERSIRIN;2;24.8.1963;0;2
CAMDIVER;1;2.1.1963;0;1
MAYE;10;15.1.1952;0;10
EFLUDI;1;7.8.1940;1;0
GULERBEY;1;12.2.1971;1;0
MAYIZE;4;13.8.1965;0;4
NEZGIN;5;9.1.1969;2;3
ILKIAY;1;13.8.1964;1;0
MEHMETKERIM;1;17.6.1973;1;0
MUCRIYE;2;19.8.1934;0;2
AYNEGUL;1;4.5.1968;0;1
YUCA;3;13.6.1966;2;1
UMRANGUL;1;21.1.1966;0;1
MEFAK;1;3.2.1974;1;0
EDADIL;3;21.3.1948;0;3
IREYHIN;1;6.2.1963;1;0
UZLUYE;1;17.8.1972;0;1
LIZAFET;2;1.11.1965;0;2
MUSADI;1;8.6.1952;1;0
MUSABBIN;2;11.5.1991;1;1
CEMNAMI;1;13.6.1951;1;0
FERIE;1;28.7.1971;0;1
REHANI;4;28.8.1956;1;3
CENKSER;3;18.4.1987;3;0
SONDAN;8;9.4.1967;0;8
SAHINIK;9;16.6.1950;0;9
SURACUDDIN;1;8.8.1981;1;0
MEHMETSINAN;6;25.4.1986;6;0
ZEREBSAN;1;7.6.1982;0;1
TURHA;1;7.12.1935;0;1
CEPEL;2;28.7.1960;2;0
GOGCE;10;18.3.1963;5;5
MEHMETRASIT;7;16.2.1977;7;0
EBRULLAH;4;5.8.1977;4;0
BUSRABETUL;1;18.4.1986;0;1
BERCIM;3;19.12.1988;0;3
YEZDANSER;1;28.5.1989;1;0
MAHENDAM;1;14.7.1981;0;1
AZARET;1;16.2.1975;0;1
ILIR;6;3.4.1971;6;0
GULLUHANIM;7;5.11.1960;0;7
GEVHERHAN;1;9.6.1985;0;1
MUHUBAT;3;9.4.1968;0;3
AYNULMERDIYA;2;7.6.1972;0;2
IRESIM;1;19.7.1956;1;0
SIZAVER;1;13.9.1950;0;1
SEYHIME;1;14.7.1970;0;1
CETINALTAY;1;7.1.1964;1;0
MIHANA;2;18.7.1969;0;2
SADBERG;3;28.7.1987;0;3
SERRANUR;2;2.9.1988;0;2
IMUC;3;23.10.1937;0;3
RIZGULLAH;3;27.8.1969;3;0
KEAP;1;15.5.1937;1;0
MUHBILLAH;2;27.4.1974;2;0
MUHUBILLAH;1;22.11.1973;1;0
NUHIR;2;5.3.1949;1;1
HANBET;1;13.2.1939;1;0
EGEMENTURK;2;4.9.1975;2;0
CENGIZALI;1;2.11.1963;1;0
SUVAKAR;1;16.10.1971;0;1
KEBA;6;15.10.1969;0;6
NESERIZ;4;20.1.1477;0;4
BERFIYA;5;16.3.1965;0;5
FAMIRE;3;22.3.1958;0;3
SAYNER;8;26.12.1956;5;3
HUMESE;20;2.10.1948;0;20
KARDOGAN;1;3.10.1991;1;0
BUKLE;9;28.8.1981;0;9
TUNAYI;7;19.7.1980;1;6
MUJRA;2;26.10.1987;0;2
TEKADIN;1;6.2.1968;1;0
HULYADA;1;9.8.1960;0;1
SIRRET;2;8.1.1966;0;2
LEVLAK;1;27.10.1968;0;1
MUNIVRET;1;21.11.1970;0;1
SUDURI;1;30.2.1949;1;0
OKUYAR;1;6.5.1979;1;0
DERIHAN;2;10.10.1982;0;2
MURRU;1;14.10.1980;1;0
SELVIRAZ;9;22.5.1958;0;9
DURMUSE;39;9.2.1967;0;39
RUHIALP;1;11.8.1956;1;0
SEDRIN;4;11.4.1972;1;3
RAVAZATA;1;2.6.1975;0;1
GURSELI;11;18.2.1965;0;11
DJOUMAZIE;1;27.3.1970;0;1
PASIJE;1;11.5.1961;0;1
REJHAN;2;16.9.1978;0;2
NESKA;2;30.1.1957;0;2
YUSIN;1;15.11.1967;0;1
MITZAVER;1;1.7.1934;0;1
BEKA;8;21.12.1979;3;5
MEDETKA;1;7.8.1952;0;1
DEMSAH;3;17.7.1968;2;1
RAFIZ;21;7.10.1955;21;0
AKSAMGUL;1;27.5.1956;0;1
ALCO;1;4.2.1950;1;0
SEHADIN;3;29.9.1970;3;0
ILKUNR;1;17.3.1985;0;1
MERSUME;3;23.11.1950;0;3
BAIL;2;20.3.1948;2;0
MUFARA;1;26.6.1955;0;1
AVULE;2;2.8.1921;0;2
NASKA;2;30.1.1939;0;2
RADIM;9;6.7.1964;9;0
ISMETKA;4;7.2.1941;0;4
GUZELNAZ;15;18.1.1966;0;15
NAMKA;2;27.11.1945;0;2
MUHESER;7;20.1.1968;0;7
BENAIM;1;7.8.1958;1;0
RAGBETTIN;8;25.1.1955;8;0
NERCIVEN;2;2.2.1948;0;2
MALAT;1;12.2.1965;0;1
ANILA;7;3.3.1978;0;7
ETLEVA;1;27.3.1982;0;1
GJULTEN;6;27.1.1970;0;6
NURAJ;1;28.1.1976;0;1
SHPRESA;5;12.4.1961;0;5
ZEMRIYE;15;9.7.1963;0;15
SENNO;1;2.5.1949;0;1
MULBAHAR;1;2.6.1959;0;1
BAYAZE;1;12.8.1935;0;1
ZANIN;5;25.2.1966;5;0
TELFIYE;17;28.5.1953;0;17
SULKA;6;28.3.1941;3;3
RECATTIN;1;22.4.1961;1;0
VEVKI;4;25.10.1953;4;0
ATIDZE;5;9.3.1973;0;5
MAHMER;1;30.4.1963;1;0
AVE;2;2.9.1965;0;2
BEZRIYE;1;22.8.1955;0;1
MIREMA;4;2.5.1955;0;4
ESFEDDIN;5;20.12.1968;5;0
ELVASIYE;1;9.11.1968;0;1
UMBA;1;27.6.1975;0;1
NAMENTULLAH;1;12.5.1977;1;0
ELFINAS;5;28.10.1961;0;5
ULBER;5;15.5.1950;2;3
NEDZMIJE;4;12.4.1964;0;4
RUBEYYE;1;19.12.1980;0;1
SEHZASE;1;2.1.1962;0;1
FEYSALETTIN;1;1.3.1966;1;0
MUSAYIM;4;21.2.1967;4;0
SABIZ;1;22.5.1956;1;0
HAYLEYTIN;1;12.4.1965;1;0
SACITE;1;2.11.1957;0;1
OLSEV;1;21.9.1952;0;1
SEBUS;3;27.4.1958;0;3
SELVISA;6;26.3.1950;0;6
GULDUZAR;1;20.8.1966;0;1
REJIYE;1;26.3.1959;0;1
MUHLIVAN;1;21.2.1934;0;1
SAHINABAT;4;8.8.1970;0;4
LIDERBEN;1;12.5.1988;1;0
CHIDEM;1;13.1.1976;0;1
AJTEN;7;30.10.1973;0;7
XHULJETA;1;25.8.1979;0;1
NIYAZIR;2;8.9.1945;2;0
DALLANDYSHE;1;10.4.1974;0;1
AJNUR;5;29.11.1973;0;5
RUZIDE;4;24.4.1957;0;4
MEHADIN;1;22.8.1985;1;0
AFETTIN;24;11.4.1962;24;0
DASMIN;1;22.8.1955;1;0
AKYETER;1;28.3.1950;0;1
HERMET;1;7.8.1946;0;1
ZIYAFETDIN;1;4.8.1944;1;0
SUZANA;26;6.4.1961;0;26
SUFIYAN;11;22.11.1960;11;0
IDADIYE;2;14.1.1954;0;2
TEFVIZ;1;2.8.1945;1;0
SEMIJA;3;27.5.1979;0;3
VICTORIYA;3;2.5.1975;0;3
SEBILLA;1;22.2.1977;0;1
NAZMIJA;1;16.5.1968;0;1
UMURZAT;22;23.10.1949;0;22
SOLNAZ;1;2.8.1949;0;1
BILYAN;5;28.9.1977;4;1
MAHAS;2;3.9.1966;2;0
ALEMKA;1;21.11.1964;0;1
HANKUSE;11;28.6.1943;0;11
ZAHIDEGUL;4;24.4.1965;0;4
ECDADIYE;2;2.11.1956;0;2
BAYRA;6;17.11.1958;0;6
MATURE;1;2.8.1932;0;1
GERES;2;14.10.1947;1;1
MISTEBA;1;11.5.1938;1;0
SEVGYUL;3;27.12.1980;0;3
FERUZEN;13;17.10.1959;0;13
SAHPAS;1;2.3.1957;1;0
BAKIE;4;7.9.1956;0;4
MILKE;1;27.2.1992;0;1
NECMUSABAH;4;29.10.1975;0;4
MEFTUHAN;1;12.1.1971;0;1
GJOJSEL;1;11.1.1976;0;1
HIFRON;11;20.10.1978;0;11
MIHESER;2;25.4.1959;0;2
FERGUZEL;3;23.10.1964;0;3
GULTULUN;1;20.11.1979;0;1
CAVDAR;5;3.10.1954;4;1
HUDAN;4;29.2.1976;3;1
TEMANURE;1;26.9.1961;0;1
ZIDDIYGA;4;22.3.1962;0;4
MUBRIYE;6;1.4.1954;0;6
HAYRIE;14;14.5.1973;0;14
ATAVLA;4;1.12.1954;4;0
SEVGUZER;3;30.4.1953;0;3
ULBIYEN;1;22.8.1961;0;1
AYNEFER;3;19.10.1959;0;3
HIVYE;2;2.10.1974;0;2
RECHIDE;1;17.7.1978;0;1
DAVUS;3;26.12.1961;0;3
FEREHAT;9;14.9.1977;0;9
SANIJA;4;28.9.1960;0;4
SEARE;2;17.7.1960;0;2
MAIRE;18;25.11.1958;0;18
GULGIYE;1;12.7.1963;0;1
BERHU;2;24.1.1980;0;2
TOKTAR;1;27.8.1926;1;0
RAZINHAN;2;12.5.1953;2;0
SERALI;3;29.12.1963;3;0
TOLCAY;3;13.11.1969;3;0
RAIDA;3;12.4.1957;0;3
ZULFUKARCAN;1;12.8.1987;1;0
HAFIZEGUL;4;9.6.1972;0;4
IONELA;17;6.7.1979;0;17
NEBANIYE;2;9.7.1966;0;2
NECAMI;8;28.6.1954;7;1
ZULER;10;25.2.1964;2;8
ZURZILE;1;16.11.1976;0;1
UMADDETTIN;1;23.10.1971;1;0
FLORENTA;2;9.11.1977;0;2
BUKURIJA;1;25.12.1975;0;1
SEMTEKAR;1;12.8.1953;1;0
BEGA;13;13.8.1947;1;12
SEKERNUR;1;27.3.1991;0;1
CEFSER;1;6.10.1973;0;1
AYKUNE;24;28.7.1957;0;24
SABAHER;1;22.8.1943;0;1
SUPHIZE;1;17.8.1960;0;1
SUHIBE;15;30.2.1970;0;15
BERHATIYE;1;26.6.1965;0;1
BIHIRET;1;12.8.1959;0;1
MISRET;1;5.3.1962;0;1
DURRUSSEHVER;1;11.10.1956;0;1
ISNA;2;5.1.1940;0;2
GULDIZER;5;5.7.1960;0;5
MAMUDE;6;11.10.1954;0;6
FLAMUR;2;14.9.1975;2;0
NERDIM;4;24.12.1952;1;3
DULTEN;1;15.8.1961;0;1
FEHRIS;1;5.12.1970;1;0
SAYYIBE;4;29.6.1945;0;4
AJSE;5;8.9.1967;0;5
ERDUL;7;30.10.1964;6;1
VIRZAN;2;13.8.1961;0;2
SELFATE;1;6.12.1956;0;1
MAJLINDA;5;24.2.1974;0;5
MURUGAN;1;7.10.1940;0;1
ZULCEMAL;2;10.4.1965;2;0
CAVIDDIN;1;6.1.1951;1;0
DUMITRINA;1;30.12.1962;0;1
BEYARE;3;29.11.1958;0;3
NECELA;1;2.9.1977;0;1
INGUL;7;30.3.1974;0;7
ZULKA;1;27.8.1956;0;1
GJULJETER;1;17.1.1969;0;1
SERFIREZ;1;8.1.1946;0;1
DASMIR;1;2.8.1951;1;0
MEZDET;1;4.1.1967;0;1
SENTEN;5;26.2.1961;0;5
MURUBAN;2;15.5.1969;0;2
AVDUL;6;17.2.1948;6;0
BOTAKOZ;3;19.7.1971;0;3
DEHAR;8;8.3.1949;8;0
EMRURE;1;1.4.1937;0;1
SEVKETA;3;7.6.1955;0;3
M.SUAT;7;13.6.1955;7;0
HULMEN;2;4.10.1980;0;2
MESAYE;2;4.6.1954;0;2
SEYDEMIN;1;7.2.1988;1;0
MUZARI;1;10.1.1966;1;0
MUNLA;15;2.11.1947;3;12
FIKRETIYE;1;28.1.1950;0;1
NERKADIN;7;8.1.1973;0;7
MARICA;5;15.12.1937;0;5
EHLIMANE;3;7.3.1940;0;3
DILBESENT;1;16.10.1957;0;1
MAHMURUYE;1;11.10.1962;0;1
ERDALE;1;2.4.1970;0;1
YUKABA;1;26.11.1965;0;1
BAYKENT;4;19.11.1962;4;0
BERISET;1;7.5.1947;0;1
OLSAY;2;23.12.1981;2;0
BARIE;4;9.1.1964;0;4
FETIJA;1;12.2.1969;0;1
NEVLIMAN;1;10.10.1962;0;1
RAHAMAIDULA;1;17.8.1948;1;0
ZINNE;2;7.9.1961;0;2
RECVI;1;28.10.1966;1;0
ZULKAYDE;10;16.3.1952;0;10
RITFANIYE;3;5.2.1960;0;3
BISERE;1;27.12.1966;0;1
DURGUD;2;12.1.1972;2;0
MUTERAI;1;2.4.1945;0;1
TURANA;4;1.10.1955;0;4
EVITAN;2;28.5.1984;2;0
NELAN;5;20.3.1963;0;5
ERNAT;3;8.7.1977;3;0
SEYECAN;2;7.7.1952;0;2
SEHMINE;7;26.6.1966;0;7
NIFAKAT;2;21.7.1944;0;2
HARUNTAHIR;1;23.6.1973;1;0
SEDRIHAN;1;24.11.1972;0;1
SAAYAN;1;8.4.1986;0;1
FAYNUSAT;1;6.8.1990;0;1
ELSIN;10;1.7.1981;6;4
GULVINC;3;29.9.1975;0;3
ZEYIHA;1;20.4.1954;0;1
ALMASA;3;3.7.1978;0;3
NAILCAN;3;26.5.1990;3;0
SINNIYE;2;7.8.1946;0;2
BIRKA;1;27.8.1944;0;1
SEYYIDINAZ;1;29.6.1936;0;1
MEREME;4;17.12.1956;0;4
RIFATTIN;1;3.9.1952;1;0
MURADIJA;5;30.6.1973;0;5
MUZEMZEM;1;26.7.1965;0;1
TEKGUNDUZ;1;14.2.1935;1;0
DURGUDIYE;1;7.11.1940;0;1
RUHCANE;1;10.6.1940;0;1
ZEKERIYAGUL;1;8.7.1968;1;0
FERMURE;2;17.3.1955;0;2
ONHAN;4;17.3.1972;4;0
DEVVAS;3;10.11.1952;3;0
EMINYAR;1;21.1.1972;1;0
YASIBE;4;15.1.1965;0;4
KAMELA;1;30.8.1985;0;1
MIRUSA;1;8.4.1971;0;1
SERIYHA;1;2.11.1963;0;1
EDITA;5;28.2.1975;0;5
UYKAN;11;28.10.1961;10;1
SAMELA;2;20.10.1978;0;2
YUNSUR;10;30.10.1971;10;0
IGBALA;2;12.2.1961;0;2
MUHAPBET;5;23.9.1972;0;5
MERVAT;1;12.1.1971;1;0
HERIMAN;3;21.10.1974;0;3
ASHAF;2;25.11.1969;2;0
HEDINA;1;22.8.1949;0;1
MEMETHANIFI;9;12.10.1963;9;0
IMZAN;2;12.7.1938;1;1
SUVERI;1;28.6.1966;1;0
SENDOVAN;1;2.8.1964;1;0
CUSKA;1;27.8.1956;0;1
ARDOGAN;2;7.5.1967;2;0
HATCEGUL;3;28.7.1954;0;3
MUNEVERA;4;30.1.1963;0;4
RUFEL;4;12.8.1964;4;0
MEYTAB;2;26.1.1966;0;2
MELDAGA;1;8.12.1985;0;1
ABDIHAN;1;15.6.1989;1;0
NESUGDE;1;13.3.1986;0;1
KUTSE;3;25.2.1989;0;3
YUMYU;1;25.1.1982;0;1
BAFTIYE;4;17.8.1962;0;4
AJSELA;3;28.3.1976;0;3
ESLANDA;1;16.7.1980;0;1
SERYIL;2;15.10.1976;0;2
LURTEN;3;27.8.1965;0;3
MEYRUSA;2;13.8.1943;0;2
LAMIYAN;1;10.11.1969;0;1
BABITTIN;1;6.8.1973;1;0
GARA;3;1.9.1951;1;2
NABIHAT;7;15.8.1967;0;7
MERKIS;1;28.12.1956;0;1
AKNI;1;17.8.1966;1;0
BAYRAMKA;18;2.5.1952;0;18
AITIK;1;17.2.1966;1;0
SELALIYE;1;6.1.1966;0;1
ALILA;1;17.5.1978;0;1
MUHRA;7;15.1.1959;0;7
BERZADE;1;9.4.1943;0;1
FERMANLI;14;29.2.1961;14;0
AGNIYA;2;9.6.1971;1;1
SERPEN;14;20.4.1967;3;11
MERSUDIN;3;21.7.1968;3;0
YONCAM;1;24.1.1975;0;1
ULYAN;12;20.12.1970;4;8
JASMINA;14;10.2.1972;0;14
HATIDZA;3;11.7.1970;0;3
MITHATKA;1;1.3.1972;0;1
BAGSIRAZ;1;13.4.1933;0;1
YUZEGUL;1;12.7.1969;0;1
BAHDAGUL;2;15.10.1967;0;2
SIMALI;6;21.6.1961;2;4
TUMEL;8;19.6.1967;2;6
RUJDIN;2;23.3.1965;2;0
FEDBI;2;24.11.1964;2;0
LUIZ;48;28.2.1953;2;46
KUTHAY;2;27.7.1990;2;0
HAYAN;13;24.3.1966;10;3
DURSUNNA;1;22.2.1961;0;1
KADA;9;3.10.1951;0;9
SEFKA;9;14.6.1965;0;9
SERBEZE;1;22.9.1970;0;1
FAZLULLAH;3;4.11.1976;3;0
MULGA;2;19.7.1972;0;2
NERI;5;21.4.1959;2;3
TURMAN;11;20.8.1955;1;10
HUZNO;3;2.10.1952;0;3
BIRZUN;1;10.10.1965;0;1
ZEMIHA;8;14.11.1959;0;8
FATA;13;20.5.1950;0;13
TEMELHAN;2;27.5.1981;2;0
FARISUN;1;21.10.1965;1;0
ZUBERRAH;1;28.7.1944;0;1
IDAIL;1;11.11.1971;1;0
ASPUR;1;16.8.1989;1;0
RAFETA;4;14.6.1955;0;4
HALIDAN;4;2.5.1954;0;4
YILCA;3;15.8.1980;1;2
DJEMILA;1;30.3.1964;0;1
BIRDIN;1;25.8.1958;0;1
BIKSEL;2;28.2.1971;0;2
MIRDITE;1;17.2.1972;0;1
SAKIB;13;19.10.1955;13;0
YURTDAN;2;20.1.1966;1;1
ZABISE;1;27.8.1932;0;1
AMRA;7;29.11.1970;0;7
UMMUFIDAN;1;20.9.1988;0;1
RAFFER;1;17.2.1960;0;1
ALDINA;1;20.6.1986;0;1
MERSADE;18;4.6.1973;0;18
ETEME;5;30.9.1954;0;5
CUMRET;1;27.8.1950;1;0
FIRDIZE;1;22.8.1949;0;1
KURTALI;16;25.4.1945;16;0
HAYRUSE;15;27.9.1954;0;15
SENAIDA;1;10.2.1970;0;1
DOGANFER;2;3.1.1958;2;0
EMINEL;3;25.5.1961;0;3
ILYADE;1;14.7.1964;0;1
ZUHURAT;1;27.1.1954;1;0
MECREMA;1;1.10.1953;0;1
HIMSET;1;7.4.1952;0;1
PAINER;1;8.6.1968;0;1
RECET;1;28.3.1961;1;0
SEVAIN;2;28.5.1961;2;0
NECULE;1;20.5.1964;0;1
SENNAY;5;17.1.1967;0;5
HULKA;3;14.3.1940;0;3
AYBEYAZ;3;14.11.1952;0;3
ZULMA;2;29.1.1939;0;2
MURTAC;3;12.9.1960;1;2
GOCTURK;1;17.12.1988;1;0
ELZETA;1;26.2.1979;0;1
NEVFIDE;2;17.8.1954;0;2
METLAE;1;27.8.1962;0;1
BISIRA;1;18.7.1965;0;1
HANKUSA;13;22.10.1939;0;13
RAHCE;2;13.5.1965;0;2
ERGENGUL;1;21.5.1979;0;1
MERIBE;1;2.8.1963;0;1
MEHVISE;1;30.2.1985;0;1
MAHBEYKER;1;22.3.1985;0;1
MEDISE;1;21.11.1952;0;1
MUSTECIM;3;5.1.1952;3;0
HUZETI;1;24.3.1973;0;1
ZEHARA;1;1.9.1966;0;1
FERISAH;2;21.3.1967;0;2
MEMNU;4;22.1.1978;1;3
NURDZHIHAN;1;5.3.1979;0;1
ABDULREZEL;1;9.11.1955;1;0
NEZEM;2;29.3.1967;0;2
AYDAHA;1;28.3.1973;0;1
KEKILE;1;27.4.1980;0;1
BAJRA;3;14.4.1965;0;3
SEHZER;1;11.5.1940;0;1
BAKTA;1;12.8.1923;0;1
ZULIJA;1;6.5.1968;0;1
NUHSENOL;1;28.3.1966;1;0
BELGUZ;6;7.8.1958;0;6
KOKNUR;4;5.12.1967;1;3
GJULSER;1;13.2.1980;0;1
MUFETCER;2;10.1.1959;0;2
ZULBUS;6;22.10.1950;0;6
REMZIJE;3;1.8.1978;0;3
GULBADIYE;6;28.2.1966;0;6
BALBUSE;1;11.8.1973;0;1
IMZADIYE;30;10.2.1961;0;30
AHMEDALP;1;27.8.1989;1;0
TASGIRAN;1;23.9.1940;1;0
MEHMETTAN;1;24.12.1990;1;0
BURAKBEY;2;28.12.1989;2;0
NERMINA;12;16.7.1971;0;12
SAVIYEN;1;20.3.1972;0;1
ZENETIYE;3;26.3.1951;0;3
RISALIYE;2;29.6.1961;0;2
IZRAP;2;21.5.1955;2;0
AYER;18;2.5.1952;14;4
UZEME;5;22.12.1966;0;5
NASAHAT;2;29.2.1971;0;2
CEMALIM;2;16.6.1977;2;0
MINAVVER;8;16.10.1975;0;8
UNSUYE;5;5.10.1961;0;5
MIRYAL;5;21.4.1964;0;5
MAZEM;4;28.5.1969;2;2
RAIFIYE;3;30.3.1959;0;3
MELAKA;2;26.12.1964;0;2
IDUSE;1;7.8.1952;0;1
IDAFET;2;19.7.1955;0;2
ZELIJE;3;20.11.1969;0;3
MICAN;13;14.5.1973;10;3
HIMMETULLAH;2;9.1.1946;1;1
BINABEY;1;4.12.1970;1;0
OMURLIYE;1;2.8.1939;0;1
SEVLIHA;1;6.6.1967;0;1
ZUBIS;6;6.11.1950;0;6
UZGER;4;25.4.1981;0;4
SENGJULI;1;26.5.1967;0;1
GULFERUZE;2;8.4.1950;0;2
MIHRAT;1;6.4.1975;1;0
BITEL;2;7.2.1945;0;2
SAFFETA;8;16.12.1961;0;8
ALIEREN;3;23.11.1979;3;0
ZULFISA;3;14.12.1947;0;3
BAKRIYE;1;7.8.1946;0;1
KUZUBAL;1;6.4.1968;0;1
SUTNI;1;17.8.1954;1;0
SUNADIYE;2;14.12.1964;0;2
BIYE;2;25.12.1944;1;1
SEVCANNUR;1;28.2.1992;0;1
VESADIYE;1;9.3.1955;0;1
IRMISKA;1;22.8.1955;0;1
CESMENUR;1;25.7.1961;0;1
ZAHTIME;1;11.5.1963;0;1
BURANEDDIN;1;19.9.1967;1;0
GULTEREM;3;16.1.1961;0;3
MUABER;11;3.3.1954;2;9
CUMRUYE;3;3.4.1965;0;3
YELGANIYE;1;7.7.1964;0;1
GELENNUR;6;5.3.1969;0;6
LIMKA;3;7.4.1945;0;3
BULDUKAN;1;27.8.1932;0;1
ZORDEM;1;3.8.1984;1;0
UBEYB;1;4.10.1990;1;0
REFIFA;1;1.5.1950;0;1
BERENT;17;24.11.1980;15;2
DRAKSAN;1;6.4.1937;0;1
SEDBER;1;22.8.1937;0;1
HUSNUSA;1;2.8.1927;0;1
HASIJE;1;11.12.1957;0;1
OZKIN;3;29.7.1969;2;1
M.CAHIT;3;21.4.1968;3;0
FAIROUZ;1;25.4.1982;0;1
GUYAN;3;17.8.1954;0;3
VADRIP;2;28.11.1965;2;0
MAYFURUS;1;27.8.1932;0;1
ZEMIYNE;5;17.1.1966;0;5
BULIMAN;3;3.8.1938;3;0
DUKAN;2;28.7.1933;1;1
BULIN;4;26.2.1977;1;3
TONKA;1;2.8.1933;0;1
HASIE;4;5.5.1966;0;4
ZELLER;4;21.3.1947;0;4
ASLANGUL;2;26.10.1959;2;0
YASEVINC;1;6.6.1978;0;1
ELEME;3;26.1.1963;0;3
MIHLIZAR;1;3.4.1950;0;1
GULBERA;3;17.8.1960;0;3
GOKGUN;2;7.11.1986;2;0
BEHNAR;4;5.4.1984;0;4
ABDULNIHAT;5;4.4.1961;5;0
REFAET;5;24.7.1956;0;5
CEFADIYE;1;22.6.1961;0;1
MAHER;4;24.4.1970;3;1
BAFET;1;25.11.1957;0;1
DOLOREZA;1;25.11.1984;0;1
FERJAN;3;23.3.1964;0;3
IRISA;3;4.11.1931;0;3
ZULKIJE;1;11.6.1972;0;1
SERMETIYE;1;1.9.1947;0;1
FEIRE;1;16.9.1940;0;1
SAFIJE;3;22.7.1965;0;3
YILDIS;3;9.12.1972;0;3
EMSURE;1;22.8.1961;0;1
CEZMIE;1;6.11.1968;0;1
IZMULLAH;6;5.10.1951;6;0
KUMRISA;1;17.8.1954;0;1
HEMTULLAH;1;4.11.1967;1;0
ISNIE;2;7.7.1969;0;2
SEADE;9;9.2.1954;0;9
AYRIN;11;23.5.1983;0;11
SELVAKIZ;1;21.9.1957;0;1
IRVET;1;16.5.1965;0;1
IJDIRIYE;1;9.10.1961;0;1
BLERINA;1;2.5.1977;0;1
MURUVETE;1;22.2.1951;0;1
GULLIFET;1;22.2.1972;0;1
ISRAR;2;1.8.1960;0;2
BAFTIR;5;23.9.1949;5;0
MEYMUNET;2;9.11.1960;0;2
SEBIHASAN;1;12.8.1959;1;0
ZEJNEBA;1;23.3.1967;0;1
NILUNUR;1;2.2.1963;0;1
LULJETA;4;22.12.1970;0;4
HATULLAH;4;27.7.1964;4;0
MUMESSER;3;13.3.1956;0;3
SULDANE;4;21.9.1966;0;4
MESEREV;1;17.9.1959;0;1
MUFTEREM;3;20.8.1952;0;3
SABRIJE;4;24.4.1970;0;4
HUZRI;1;24.3.1943;1;0
NUKREM;1;7.8.1958;1;0
MUSTEKIL;1;7.1.1970;1;0
SENCE;3;17.10.1962;0;3
VEBUS;1;15.11.1940;0;1
ZEJNEP;4;19.6.1979;0;4
SERAFETKA;3;17.8.1948;0;3
TEVTA;1;22.4.1962;0;1
HANKA;7;28.6.1939;0;7
ILMIE;9;15.1.1965;0;9
IMMANUEL;4;3.6.1970;4;0
SOFIE;1;6.3.1973;0;1
MEJREM;1;5.6.1985;0;1
SAZDAN;2;23.3.1956;1;1
MABRUZ;2;2.9.1977;0;2
SEBAYETE;1;30.8.1959;0;1
MIBERA;1;6.4.1979;0;1
GULUNKAR;1;24.3.1960;1;0
DONI;5;21.12.1936;0;5
ZINKA;1;22.8.1955;0;1
MEFERA;1;21.12.1976;0;1
FERAYIZ;16;1.10.1960;8;8
NEDVI;1;17.4.1962;1;0
NUER;1;7.8.1958;1;0
HASSEN;1;2.2.1963;0;1
NADUS;3;7.8.1955;0;3
EMDEM;3;9.7.1956;1;2
KIMA;3;9.1.1935;0;3
USNIE;1;10.10.1967;0;1
BELJGIZER;1;22.3.1955;0;1
NUSRETULLAH;4;18.9.1971;4;0
SEJNUR;1;21.10.1965;0;1
VALAZMIN;1;21.12.1967;1;0
AFRIM;7;7.12.1964;7;0
BASKIM;11;6.4.1963;11;0
TURHABI;2;13.2.1982;2;0
MILJI;1;7.8.1958;0;1
MERTGUZEL;1;16.6.1971;0;1
LJEJLJAN;1;20.12.1976;0;1
REFEDDIN;2;13.4.1957;2;0
HUMAHSAN;1;27.8.1956;0;1
EHSABET;3;5.6.1932;0;3
SIRVAT;16;2.1.1951;0;16
JANNET;4;11.3.1954;0;4
GEYLIYE;1;21.4.1965;0;1
SASIM;3;1.11.1953;3;0
SEMUREN;3;25.4.1969;0;3
BEYAZIDILBOSTAN;1;2.4.1975;1;0
MUBEDZELKA;1;7.2.1979;0;1
ZIHANE;2;13.7.1957;0;2
MADDES;2;8.8.1968;0;2
FEDARIYE;3;4.12.1952;0;3
SUBEYHA;3;10.10.1962;0;3
VOJSAVA;1;17.1.1972;0;1
RAHMIDDIN;2;24.5.1959;2;0
DONIKA;3;22.8.1963;0;3
BAFTI;9;24.1.1952;8;1
ARETIN;1;22.12.1961;1;0
GULANAS;2;21.2.1964;0;2
ZEYNULA;3;29.2.1960;3;0
VIOLLCA;1;14.2.1958;0;1
SURIBE;1;22.8.1955;0;1
AJSER;2;9.2.1967;0;2
NAKIT;10;9.7.1961;10;0
MIRUS;2;7.8.1928;0;2
MERSIM;4;6.1.1955;4;0
JIRAYIR;26;25.2.1949;26;0
SIRVANT;5;21.1.1947;0;5
UKRAN;1;21.6.1973;0;1
SURETI;1;27.2.1938;0;1
LALUZAR;4;16.6.1944;0;4
GRATIELA;1;19.8.1968;0;1
MAYUGUL;1;21.4.1966;0;1
GULVIRAN;3;15.2.1957;0;3
ZURIYA;5;10.10.1962;3;2
GURISE;4;23.2.1943;0;4
RAIMA;5;25.6.1967;0;5
ICILEN;1;2.10.1955;0;1
UMMUZELIHA;2;14.12.1947;0;2
NAKIE;2;6.3.1960;0;2
TANGOK;2;10.11.1959;2;0
MERALIYE;2;30.3.1972;0;2
KUBEYRA;1;24.2.1981;0;1
BISARE;8;2.6.1957;3;5
MUFTESEM;1;28.7.1952;1;0
RACAP;2;28.4.1963;2;0
RUKIJE;2;6.3.1966;0;2
TEVIKA;4;13.1.1958;0;4
MUZERRE;1;7.8.1958;0;1
NICOLINA;1;13.1.1964;0;1
KEBARET;1;4.7.1962;0;1
RIAN;3;17.5.1949;3;0
NAVBER;1;2.8.1927;0;1
GORGOS;1;12.5.1959;0;1
FEYIRE;1;19.1.1962;0;1
MUBERRAN;1;12.8.1953;0;1
VASSO;1;27.2.1962;0;1
MISIM;4;8.2.1955;4;0
FEMIE;3;9.8.1959;0;3
NIDBAHAR;1;2.8.1957;0;1
YELID;4;28.12.1988;0;4
ENVERHAN;2;16.10.1984;2;0
CANIS;3;17.11.1955;0;3
NEDBER;1;17.8.1954;0;1
RUJMIYE;1;27.8.1956;0;1
SERGUNHAN;1;5.9.1966;1;0
FERIZI;3;5.2.1971;3;0
RADIFET;2;28.8.1952;0;2
ZUBISE;1;7.8.1940;0;1
MERDIROS;3;16.4.1928;3;0
RAHIYET;1;23.4.1961;0;1
TENEGUL;7;27.2.1969;0;7
ARDIT;2;1.2.1983;1;1
BUBEYCAN;1;2.10.1975;0;1
RUHALETTIN;1;16.5.1959;1;0
ADILKERIM;1;12.8.1953;1;0
BAHTISE;10;6.6.1954;0;10
GJULNEAR;1;4.6.1979;0;1
FERABETTIN;1;12.8.1959;1;0
MELVINA;3;1.2.1970;0;3
MENDUSE;2;27.3.1943;0;2
VEZIME;11;18.4.1952;0;11
SINESI;1;8.5.1957;1;0
GILATIN;1;15.2.1967;1;0
CENANE;7;24.5.1945;0;7
CHAMSIIA;1;16.10.1952;0;1
MAASER;1;26.4.1967;1;0
MEJDUN;4;26.4.1962;4;0
AVUSKA;3;11.11.1937;0;3
MAYMURE;3;12.8.1947;0;3
AFEDIN;3;7.8.1952;3;0
ZUNIYE;3;28.6.1950;0;3
ALIRAHI;1;6.9.1967;1;0
KAPRIYEL;10;1.12.1952;10;0
SASUNA;1;18.2.1970;0;1
NAZLIJE;3;4.1.1977;0;3
BERAADDIN;1;21.11.1971;1;0
MAHREBETTIN;1;29.9.1983;1;0
ISNI;5;10.3.1954;5;0
SAVDER;2;2.8.1951;2;0
ENUST;1;2.2.1957;1;0
FATMAGULHAN;1;30.8.1966;0;1
RAMISKE;1;27.11.1962;0;1
SUNALDIN;1;23.7.1952;1;0
ALJBINA;1;1.7.1982;0;1
RESANET;3;17.6.1949;0;3
SADIGER;4;4.12.1967;0;4
EMSAH;6;25.3.1963;2;4
DIJLAN;1;24.6.1973;0;1
MINNEZ;8;12.6.1959;0;8
SIPRESA;1;22.8.1943;0;1
MIRUSKA;1;3.3.1976;0;1
MECIYE;6;2.1.1964;0;6
ATIJE;2;12.3.1960;0;2
TELFIDE;2;8.7.1966;0;2
ERDINA;1;22.6.1974;0;1
VJOLCE;1;19.12.1955;0;1
ABDULMUTADI;1;2.2.1963;1;0
GULFINAR;20;25.7.1973;0;20
FERIAN;5;13.1.1962;0;5
GHIULZERA;1;27.2.1972;0;1
DHURATA;4;2.4.1971;0;4
DEMKA;4;13.1.1952;0;4
ZEVKIZER;1;27.8.1956;0;1
KIYMETA;5;11.11.1953;0;5
IFFETA;5;14.2.1961;0;5
CAMA;2;9.5.1955;0;2
MEKSIME;9;9.3.1955;0;9
VILKA;1;12.8.1941;0;1
DUNYETTIN;1;22.8.1955;1;0
MUTLUBEY;1;6.10.1974;1;0
MEMDUN;1;8.1.1950;1;0
REVDE;2;25.10.1955;0;2
SUSEMMER;1;17.3.1960;0;1
NUREC;1;17.8.1948;0;1
IZZETA;4;16.8.1962;0;4
MECHTAP;1;13.11.1979;0;1
RAFETE;9;23.3.1951;0;9
HANUSKA;1;17.3.1949;0;1
HAYRUDIN;1;12.9.1980;1;0
CULYE;8;3.1.1958;0;8
HAYRIZ;18;6.2.1956;17;1
MERSADA;5;14.7.1972;0;5
ENNES;7;16.11.1981;7;0
MUNURKA;2;22.8.1955;0;2
ADMIR;3;26.4.1984;3;0
DIRITA;8;13.8.1954;0;8
ZUHUDIN;1;29.6.1955;1;0
ENVERA;1;27.8.1969;0;1
MUNIRKA;3;27.7.1957;0;3
DILARI;3;9.10.1952;0;3
RIDVANULLAH;3;8.12.1984;3;0
IFATE;1;11.3.1969;0;1
SALKO;2;8.5.1956;2;0
NURTTEN;4;13.7.1969;0;4
NERSIM;3;28.9.1960;3;0
IZBER;4;18.5.1955;1;3
SENADIJA;3;23.10.1971;0;3
MUESSIRE;4;27.4.1946;0;4
BAHTIYAN;3;4.3.1958;1;2
HAYRUSAH;1;23.10.1949;0;1
RESEMA;2;19.3.1955;0;2
AHMEDIN;4;8.11.1956;4;0
SABAHUDDIN;4;19.10.1948;4;0
NUSRATIYE;2;25.1.1944;0;2
BAYRUSA;2;11.2.1955;0;2
IFETA;8;14.11.1958;0;8
FILDEN;6;24.11.1974;0;6
SENDUGAN;2;29.5.1960;2;0
BEGZA;2;25.1.1950;0;2
ZADA;4;26.9.1952;0;4
NERMANA;1;27.11.1982;0;1
CENKKUT;3;19.3.1966;3;0
BIRSENA;2;23.3.1965;0;2
ILIRYANA;1;24.2.1973;0;1
MEMIKA;4;25.2.1953;0;4
MERZADE;1;21.11.1985;0;1
ASMAR;3;4.8.1981;0;3
ZINETA;6;2.1.1963;0;6
SAHNUVAZ;1;16.4.1951;0;1
NEBUBE;3;23.4.1962;0;3
M.MAHSUN;1;4.9.1963;1;0
SENADETA;1;21.9.1965;0;1
UMKA;2;16.11.1962;0;2
SUHRETTIN;2;25.1.1950;2;0
ZUNAFA;1;27.8.1950;0;1
FAKETA;8;3.1.1963;0;8
ZLATIJA;1;21.11.1968;0;1
UMIHANA;1;1.3.1969;0;1
SAMKA;3;30.3.1969;0;3
BAYRUS;5;2.4.1943;4;1
BAYLUL;1;6.7.1942;1;0
M.SAYLAM;1;16.4.1962;1;0
HAKIR;1;1.6.1946;1;0
DURJAN;4;23.6.1967;0;4
ALNURA;1;13.3.1976;0;1
AVDIL;20;23.8.1958;20;0
ANSELA;1;20.9.1982;0;1
FAHRIJE;2;12.11.1972;0;2
MERSAT;13;19.4.1974;13;0
KRASSIMIRA;2;25.1.1973;0;2
SNEJANA;11;15.10.1975;0;11
H.HANKUSA;1;7.8.1946;0;1
MUZZAT;1;1.1.1959;0;1
MUJESIRA;5;25.2.1968;0;5
HECEMEYRA;1;27.3.1949;0;1
ANELA;4;8.11.1978;0;4
RUVA;2;24.1.1938;0;2
FULUZAN;1;2.11.1951;0;1
MUCAFFER;1;23.4.1983;0;1
MUNFIYE;8;7.11.1960;0;8
SABAHATA;2;16.7.1965;0;2
SABAHUDIN;2;4.10.1975;2;0
EDINA;7;10.2.1974;0;7
IFLAZ;2;1.11.1985;2;0
FAAL;5;16.9.1955;3;2
REMKA;2;13.2.1960;0;2
SEAT;9;25.1.1972;8;1
REMZIJA;2;19.3.1963;0;2
BAYSIE;2;15.8.1969;0;2
MIHRETA;1;25.2.1975;0;1
MIRSADA;11;19.6.1972;0;11
SABAHETA;6;17.4.1970;0;6
ESADA;1;22.4.1983;0;1
AMERISA;1;24.11.1983;0;1
TEYNOUR;1;5.1.1975;0;1
SERAFIMA;1;6.6.1969;0;1
EDISA;2;13.11.1969;0;2
NUGRUCAL;1;27.2.1956;1;0
SEFARETTIN;27;29.9.1964;27;0
SAFFETIYE;6;28.9.1947;0;6
MERFAN;2;4.11.1975;1;1
MEFILA;1;22.8.1943;0;1
BISERA;16;12.9.1958;0;16
NURKEF;1;30.2.1981;0;1
MUCAYIP;2;6.12.1971;2;0
GULBO;1;2.5.1957;1;0
AYCAHANIM;1;20.4.1984;0;1
INDIRE;3;7.4.1965;0;3
MIRSET;1;19.5.1978;1;0
ERMINA;6;17.9.1978;0;6
MIRZETA;3;6.9.1977;0;3
MEHO;3;3.3.1955;3;0
ALMERA;2;2.12.1976;0;2
ELVINA;6;24.8.1980;0;6
ZEKE;1;21.4.1976;0;1
ILYAZE;1;2.8.1921;0;1
MERINE;3;4.3.1955;0;3
ERNIZ;1;15.11.1972;1;0
MIRSALA;1;2.9.1976;0;1
MURATKA;19;15.5.1949;0;19
RESILLE;1;1.8.1971;0;1
SAHFER;10;4.3.1966;0;10
MEHKEM;1;17.4.1954;1;0
MERSAD;2;25.5.1967;2;0
BAYRUSE;2;10.2.1935;0;2
RUHVAYDA;1;17.6.1958;0;1
SEJDEFA;2;1.11.1975;0;2
MUHECCET;1;28.9.1957;0;1
ELJFIYA;1;3.9.1969;0;1
CEVRIJE;1;12.3.1973;0;1
MEVLJUDA;1;9.10.1979;0;1
HEDIJA;2;30.6.1959;0;2
RAFIT;5;2.7.1956;5;0
SEVENT;6;7.9.1981;4;2
ESMINA;1;7.6.1970;0;1
NURADIN;4;15.8.1971;4;0
SINEV;2;17.5.1972;0;2
PASIME;1;22.8.1931;0;1
NUSRETA;17;20.1.1961;0;17
ELVIRE;5;30.10.1963;0;5
JIRAY;5;28.11.1958;5;0
HIRMIN;1;17.8.1930;0;1
GULFERIT;21;1.4.1948;1;20
SULEJMA;1;3.9.1939;0;1
ADONE;1;21.7.1972;0;1
NESRINA;1;16.4.1964;0;1
RIZAHE;1;27.8.1956;0;1
RAFAHET;1;27.8.1962;0;1
BLERTA;2;21.12.1975;0;2
NAZIFCAN;1;24.2.1991;1;0
TIMA;3;15.6.1940;0;3
HADZIRA;1;16.5.1946;0;1
BANDAR;2;27.6.1976;2;0
ZEHRUDIN;1;26.1.1968;1;0
CEMSIR;2;2.9.1974;2;0
LANO;1;7.8.1946;1;0
SEBIM;1;27.4.1939;0;1
ZEVSAN;16;7.1.1965;0;16
SEAD;7;25.8.1969;7;0
NURADIJA;1;25.4.1977;0;1
BAJRAMKA;1;18.2.1978;0;1
DIDEMGUL;2;15.10.1981;0;2
CIGDEMGUL;5;24.12.1981;0;5
NAFIJE;4;21.2.1971;0;4
EMSAT;2;3.6.1962;1;1
FLORIJA;1;22.9.1980;0;1
MERSIJA;2;2.8.1981;0;2
E.MUHSIN;1;24.5.1980;1;0
RUJNAN;3;7.11.1982;0;3
MERSUT;3;4.8.1968;3;0
PASEMA;2;13.8.1937;0;2
HULKICE;1;7.2.1970;0;1
CANAFER;3;4.5.1949;0;3
NEVZETA;5;10.1.1979;0;5
NEMKA;4;5.3.1956;0;4
MERSIT;2;15.4.1947;1;1
SAMEL;3;1.6.1968;2;1
SANKA;1;1.7.1961;0;1
NAYE;2;27.9.1943;0;2
RAHMANO;1;2.2.1963;0;1
NEFKA;4;25.6.1946;0;4
ALLIME;1;17.2.1965;0;1
BAIRA;1;5.2.1955;0;1
NERVINE;2;22.7.1951;0;2
MERVINE;1;24.9.1970;0;1
CEKA;1;27.6.1920;0;1
SEMSIDA;2;20.6.1944;0;2
M.SURUR;1;12.2.1959;1;0
M.ABDULKADIR;3;15.8.1966;3;0
FELEKSIMA;2;12.5.1965;0;2
MESALA;1;7.8.1958;0;1
ELMO;2;18.4.1957;2;0
BATUS;1;27.8.1926;0;1
ALISEVKI;2;5.11.1957;2;0
MIRZET;2;21.4.1975;2;0
SULADA;1;14.12.1971;0;1
SEHIKA;2;13.10.1953;0;2
SENEDA;2;15.7.1979;0;2
MURISA;2;6.5.1948;0;2
HURA;1;16.2.1970;0;1
MUSKIDE;1;27.8.1944;0;1
SHENGYUL;1;5.9.1979;0;1
MUYEZINE;1;8.7.1970;0;1
MESVIKA;7;21.4.1956;0;7
FIKRETA;5;1.8.1968;0;5
SUAFET;1;27.8.1956;0;1
MIRZAD;4;30.12.1971;4;0
NEDZIBA;1;26.4.1965;0;1
RAFETI;3;15.4.1978;1;2
NERVE;5;8.2.1986;0;5
DZENANA;1;5.3.1977;0;1
DJOULIETTA;1;11.12.1968;0;1
ALMEDINA;1;15.2.1973;0;1
SUANET;1;11.5.1958;0;1
RUHUNUR;4;6.1.1964;0;4
ABDULNASER;3;24.10.1965;3;0
HIMZO;1;2.8.1951;1;0
GERZIMAN;1;22.8.1943;0;1
HIMO;1;17.8.1954;1;0
ENESE;2;29.11.1979;0;2
PASEME;2;30.6.1956;0;2
VELAHAT;1;19.2.1953;1;0
SEYYIN;2;7.7.1950;2;0
YAVUZBEY;1;30.5.1970;1;0
MURADEM;1;16.5.1950;1;0
SEHCAN;1;17.8.1930;0;1
ELVISA;2;30.9.1975;0;2
AJKUNA;1;5.7.1962;0;1
PERMA;3;3.8.1971;0;3
ELEZ;18;9.9.1963;15;3
NURMIN;1;11.6.1964;0;1
SEYDEFE;1;17.4.1971;0;1
ZENAJDA;1;25.1.1975;0;1
REFADIJA;1;28.10.1967;0;1
SOKO;4;7.1.1942;4;0
SADKA;1;21.5.1964;0;1
MANNIS;1;1.4.1949;0;1
HALUT;3;22.2.1971;3;0
ABDULMEFI;1;4.7.1959;1;0
REFISE;4;27.2.1948;0;4
FEDERIE;1;6.8.1972;0;1
ATNIBANI;3;20.8.1957;0;3
GONNUR;2;10.11.1956;0;2
ARAKIN;1;7.7.1934;0;1
PENIYAM;4;6.6.1947;4;0
SUABETTIN;2;9.9.1955;2;0
RAHATTIN;12;4.1.1964;12;0
UMMURE;2;22.5.1945;0;2
MAKFERIT;1;22.8.1955;0;1
ADIFA;3;16.12.1965;0;3
CASIYET;2;12.5.1953;0;2
CENGIZAR;2;14.1.1965;1;1
RATIL;1;17.7.1990;1;0
HORUSAN;4;25.9.1950;0;4
MUAMMED;8;25.8.1987;8;0
ZUGEYDE;1;22.2.1961;0;1
SEBAR;1;6.6.1953;0;1
SENSINAZ;1;2.8.1927;0;1
CEVDANE;1;12.12.1957;0;1
GULASFIYE;3;15.10.1948;0;3
ZHANSAYA;1;1.4.1974;0;1
YAGIZER;2;24.11.1981;2;0
NIJER;5;4.10.1976;0;5
ERZIMAN;1;26.8.1948;1;0
ZINCAN;5;6.6.1958;0;5
MEDBAHAT;1;17.2.1956;0;1
ZEYNURI;1;12.8.1947;1;0
UNGULE;2;2.10.1953;0;2
NEALJ;1;27.6.1958;0;1
DEMIRSA;3;28.6.1956;1;2
LOSIK;4;27.9.1929;0;4
REVCAN;2;29.1.1975;2;0
CENSIRE;7;9.9.1959;0;7
MAVISA;1;17.8.1948;0;1
GUNIZI;14;18.7.1968;1;13
FATMUR;1;24.5.1961;1;0
MURGAN;8;20.4.1968;0;8
KEVNI;14;13.6.1958;14;0
MIRIJE;2;14.6.1967;0;2
MUZNIBIN;1;22.8.1955;1;0
STRATENIA;1;6.5.1954;0;1
YETULA;1;13.3.1956;1;0
NUDO;1;17.8.1930;0;1
NEDRIN;10;11.5.1973;10;0
ELTORI;1;12.2.1953;1;0
OHANIS;31;26.9.1942;30;1
NUSAPIR;4;23.10.1945;0;4
SEVDALINA;2;21.8.1964;0;2
SERKABUN;1;19.5.1990;1;0
SABAETTIN;6;6.5.1953;6;0
MEHMHET;2;30.2.1977;2;0
MARISA;24;4.11.1951;0;24
SAHSEVEN;2;21.2.1963;0;2
BESNIK;7;11.11.1958;7;0
NAYISKA;1;22.8.1943;0;1
SESTAN;1;2.1.1963;1;0
BUYAR;8;27.2.1971;8;0
DALLENDYSHE;1;22.8.1967;0;1
YERANIYE;1;12.4.1941;0;1
HIRAN;2;19.10.1957;1;1
KADIRSELIM;1;12.5.1987;1;0
UMBIYE;6;17.9.1960;0;6
DURIYESEN;1;14.7.1953;0;1
SUDBIYE;3;4.3.1955;0;3
LJATIFE;1;26.6.1975;0;1
HIDIFEST;1;3.1.1971;0;1
GILTEN;1;20.2.1969;0;1
RIDVANE;25;3.3.1955;0;25
OMRUBEK;1;7.8.1934;1;0
NUVART;71;26.3.1941;0;71
YESTE;2;6.10.1949;0;2
NEMZUR;1;10.12.1937;0;1
HAYAZAT;3;8.8.1946;2;1
HUMMEYYEN;1;2.11.1963;0;1
ZUMBIYE;3;22.2.1961;0;3
DIKRANUHI;28;11.6.1943;0;28
NESLAHAT;1;3.4.1937;0;1
BOGOS;65;18.1.1950;65;0
ONURYAY;1;17.9.1975;0;1
DALITE;1;29.10.1968;0;1
HAGANOS;1;30.7.1941;0;1
PARLAR;4;4.12.1943;3;1
HIVZA;6;28.1.1983;1;5
IRKIL;1;6.7.1935;1;0
BEKEN;3;28.2.1967;1;2
ENDEMGUL;3;27.4.1954;0;3
GAZAROS;6;27.5.1950;6;0
EVLAN;10;17.12.1961;1;9
LUDIVINA;1;29.5.1962;0;1
DILFIZAR;5;29.2.1969;0;5
KINAC;1;10.3.1968;1;0
ANABET;1;7.4.1920;0;1
GORCIN;2;20.1.1971;0;2
M.HILAL;1;5.8.1953;0;1
BAGDASAR;13;22.5.1949;13;0
BAHJAT;1;28.11.1958;1;0
ESADIYE;6;11.2.1961;0;6
JULIEN;3;15.10.1984;3;0
ALPGUN;4;4.2.1965;4;0
MUSVEDDEK;1;21.7.1936;0;1
AGDAGUL;1;2.2.1963;0;1
ESTELLA;16;4.10.1955;0;16
BIREN;9;23.4.1975;2;7
HIRAYR;2;13.1.1950;2;0
BISLAN;4;12.4.1960;4;0
DENKTAS;10;25.9.1979;10;0
ABRUM;1;2.10.1982;0;1
VAHAK;10;2.10.1949;10;0
SOL;40;9.1.1945;0;40
BINHAS;2;23.10.1968;2;0
LIAN;6;24.3.1982;0;6
KEMALETIN;2;20.4.1969;2;0
ALPERAN;4;6.9.1989;4;0
SILVYAN;1;7.9.1959;0;1
MARK;23;1.4.1979;23;0
DALIAH;1;15.11.1972;0;1
IZI;27;10.9.1965;24;3
ARIELA;3;13.9.1969;0;3
ANGEL;5;16.8.1978;2;3
HABINAR;2;4.11.1957;0;2
SATENIK;43;24.6.1944;0;43
DURRISAF;1;25.8.1944;0;1
VIKET;6;10.12.1977;0;6
KLARIS;2;12.12.1970;0;2
VIVIAN;21;16.2.1958;0;21
DARYO;15;3.8.1955;15;0
BERTI;7;27.5.1983;7;0
RAFAEL;44;23.5.1955;44;0
RALF;6;13.1.1964;6;0
FLEUR;1;13.9.1970;0;1
SABATAY;25;23.12.1940;25;0
ALEGRA;25;10.10.1944;0;25
BIANKA;20;1.11.1979;0;20
RIKA;17;22.4.1950;0;17
MORDAHAY;4;26.6.1951;4;0
TULES;20;3.5.1970;0;20
MUKBILE;9;4.12.1953;0;9
YOMI;3;22.3.1984;3;0
IGAL;18;25.10.1977;18;0
YAEL;20;1.12.1976;0;20
TREYSI;9;11.7.1984;0;9
MUIZ;25;14.5.1942;25;0
ALPEHAN;1;3.12.1966;0;1
ESTREYA;18;7.5.1957;0;18
BERTY;1;13.4.1971;1;0
VIVIYEN;1;23.5.1953;0;1
NEAMA;15;9.1.1940;0;15
AYMIS;1;17.5.1936;0;1
SEMDANIYE;1;22.3.1937;0;1
GILA;40;18.1.1973;0;40
BETTI;8;30.12.1959;0;8
JOELLE;8;10.8.1971;0;8
LUBEN;2;4.10.1957;2;0
ZEPUR;25;25.9.1950;0;25
BETSI;20;27.1.1980;0;20
NISO;29;27.4.1965;29;0
MALKA;12;30.1.1957;0;12
AVI;25;21.5.1975;24;1
DIYAMANDI;1;23.4.1942;0;1
MURDOHAY;3;12.10.1943;3;0
LIZI;9;29.10.1971;0;9
CENTIL;3;22.2.1934;0;3
SURPIHI;5;18.12.1959;0;5
KRIST;1;14.12.1989;1;0
MULDA;1;25.6.1980;1;0
MOTI;7;13.4.1983;7;0
VINITA;1;23.12.1991;0;1
GAMBEY;1;27.8.1914;0;1
BYEVI;2;20.8.1974;0;2
ARED;12;22.5.1969;12;0
AMAD;1;23.4.1954;1;0
NATAN;22;10.1.1960;22;0
UZI;5;16.3.1961;5;0
KORIN;46;25.8.1957;0;46
MEYBIL;2;18.8.1936;0;2
VIZET;1;2.9.1951;0;1
JORFA;1;27.7.1926;0;1
REJIN;32;15.4.1955;0;32
ELIA;18;8.8.1950;17;1
KATERIN;13;2.8.1941;0;13
HRISTO;34;18.1.1955;34;0
TANLA;9;22.6.1973;2;7
MAZIKO;1;2.4.1932;0;1
SINYORA;25;20.5.1940;0;25
NOYEMI;4;13.11.1939;0;4
VLADO;1;16.2.1985;1;0
GINETTE;1;15.9.1947;0;1
YUCERMA;1;8.11.1938;0;1
MAZALTO;51;11.3.1938;0;51
FAMA;7;22.1.1968;0;7
DEYVI;9;1.9.1982;9;0
SLIMMY;1;1.11.1976;1;0
MENAHIM;4;10.5.1938;4;0
SALAMON;91;16.6.1939;91;0
EDDI;2;23.12.1953;1;1
DILOY;1;5.8.1971;0;1
KALEV;1;29.7.1955;1;0
TAMGAC;2;10.1.1965;2;0
TURKINA;3;21.9.1951;0;3
HERA;29;10.12.1968;0;29
JOJO;2;17.8.1972;2;0
MARLENE;6;14.4.1954;0;6
ALISON;17;26.5.1966;0;17
TAIS;10;1.9.1987;0;10
TEMREN;7;11.3.1952;4;3
EMILIOS;1;21.11.1983;1;0
MEIR;7;6.8.1977;7;0
KARMEN;38;11.5.1967;0;38
KLODYA;5;5.11.1982;0;5
LUKIA;5;8.3.1953;0;5
SAMARYA;1;22.2.1930;1;0
FORTUNE;73;20.9.1953;0;73
MORRIS;2;8.7.1959;2;0
VATANUS;1;25.9.1947;0;1
MIKIRDIC;3;1.9.1940;3;0
LEVANA;6;10.12.1959;0;6
JUDIT;22;23.11.1954;0;22
M.YUKSEL;6;25.4.1962;6;0
VIVI;28;29.10.1959;0;28
ABERE;1;16.8.1946;1;0
DAHLYA;1;13.7.1971;0;1
IYOLI;1;28.4.1962;0;1
SALVO;11;11.5.1969;11;0
PALUMBA;2;20.10.1943;0;2
HAYKUHI;16;18.2.1941;0;16
DEYZI;5;10.3.1979;0;5
HARDE;1;25.10.1985;0;1
IVANNA;5;29.6.1972;0;5
LIYAZAR;3;15.11.1955;3;0
YONATAN;3;2.11.1983;3;0
MAZAL;11;15.10.1954;0;11
LORIE;1;15.11.1963;0;1
GOKTUL;5;29.9.1965;0;5
IOANKA;1;27.4.1968;0;1
ELYO;19;26.10.1971;19;0
LUSET;17;22.10.1966;0;17
ALAIN;7;26.8.1978;7;0
NISSO;10;19.11.1962;10;0
FIRIDA;2;29.11.1947;0;2
PERLA;50;22.6.1951;0;50
ALEGRE;19;30.7.1948;0;19
GIOVANNI;6;12.10.1963;6;0
VIVET;32;10.4.1967;0;32
JINET;22;19.9.1960;0;22
SOKRATI;1;12.4.1986;1;0
LAYZA;2;17.2.1977;0;2
LIKA;5;26.6.1967;0;5
STAMATI;1;23.5.1967;1;0
IZIDOR;6;22.8.1949;6;0
RALFI;5;17.12.1974;5;0
STINA;1;21.12.1957;0;1
ROYS;2;28.8.1973;0;2
LUNA;83;26.10.1945;0;83
SARLOT;5;20.3.1956;0;5
PEARLY;1;29.4.1952;0;1
NAFTALI;5;3.4.1948;5;0
SALOM;6;16.12.1937;6;0
ANRI;18;13.6.1954;18;0
AYISIGI;4;1.3.1985;0;4
BURAG;38;11.2.1987;38;0
TAL;1;8.7.1986;1;0
GAIL;7;14.7.1963;0;7
SENLAV;1;13.12.1974;1;0
ASTON;1;22.7.1988;1;0
NUHUMIT;1;5.5.1981;1;0
MIGIR;9;13.1.1967;9;0
DARINA;3;6.1.1985;0;3
YONTOF;2;12.9.1928;2;0
YERMIYA;2;28.8.1952;2;0
STAN;1;18.7.1988;1;0
BLAGOY;6;17.4.1965;6;0
RECINA;22;18.9.1946;0;22
BENVENITA;1;18.8.1950;0;1
REFAEL;29;25.3.1941;29;0
ASVADUR;3;19.4.1948;3;0
OVI;1;29.10.1961;1;0
ULKMEN;1;25.7.1945;1;0
BAIZE;9;17.12.1947;0;9
MARGOT;6;5.8.1947;0;6
KUTSAN;5;19.12.1969;4;1
KEMIYE;4;7.1.1955;0;4
YOSI;10;29.11.1975;10;0
MUIDE;14;20.4.1954;0;14
ERENSAH;3;11.7.1980;2;1
ALPARTUNGA;1;14.3.1971;1;0
SLOMI;1;27.12.1975;1;0
NICOLAS;5;21.10.1976;5;0
KLARIT;1;30.1.1967;0;1
LYNE;1;8.7.1954;0;1
RAKELA;7;18.11.1977;0;7
IRO;4;8.6.1950;1;3
MATILD;12;2.12.1951;0;12
MILA;4;23.7.1982;0;4
AYSECIGDEM;1;19.2.1977;0;1
KOSTANTIYA;3;27.1.1949;0;3
FREDERIC;4;16.8.1972;4;0
YORGI;66;30.10.1941;66;0
MAGDA;4;9.7.1964;0;4
ARLETTE;3;12.12.1944;0;3
ALIKI;18;16.6.1947;1;17
MENAHEM;40;9.5.1949;40;0
LERI;2;21.10.1986;1;1
BENO;10;13.2.1960;9;1
GUNBEN;1;27.5.1991;0;1
SORAJ;1;17.8.1984;1;0
TURKDENIZ;1;7.12.1974;0;1
DILMERAN;2;3.8.1962;0;2
GALIL;2;2.3.1975;2;0
ENIKA;2;17.1.1962;0;2
DAFNE;5;11.1.1979;0;5
MORDEHAY;18;7.10.1949;18;0
ELVIR;10;17.3.1970;5;5
BERRY;2;12.2.1983;2;0
GIDIA;1;7.1.1955;1;0
NETSI;4;10.8.1973;1;3
HEZDI;1;4.8.1991;1;0
LIN;4;4.12.1973;0;4
TERRI;3;26.12.1961;0;3
MORDOHAY;17;21.11.1945;17;0
COYA;48;2.8.1942;0;48
HARUTUN;23;11.3.1951;22;1
IVO;3;24.2.1960;3;0
MOSI;3;16.6.1979;3;0
KADEN;28;7.5.1950;0;28
M.AYDIN;5;11.11.1954;5;0
NATALJA;2;28.10.1978;0;2
SEMOEL;15;25.12.1904;15;0
BIGUL;14;4.1.1966;0;14
LESLI;5;18.5.1972;1;4
BULISA;8;20.9.1937;0;8
NUMI;1;6.3.1953;0;1
ROYHIRANT;1;21.11.1964;1;0
ROSI;3;4.2.1972;0;3
URIEL;3;15.12.1956;3;0
DICLEN;1;21.2.1971;0;1
LIYAZER;2;14.4.1940;2;0
SOMNUR;3;29.4.1970;0;3
BOHOR;14;1.8.1951;14;0
NILPINAR;3;29.1.1984;0;3
BENSIYON;15;28.7.1940;15;0
KOSTA;9;5.9.1969;8;1
ALEKSI;8;4.1.1963;6;2
JOHANNAN;1;7.2.1968;1;0
BIYANKO;1;9.12.1951;0;1
MELEKEM;1;2.8.1949;0;1
MIHAEL;11;18.12.1961;11;0
ROMINA;38;18.3.1985;0;38
EVILINA;1;20.12.1975;0;1
ERRIN;3;14.9.1977;0;3
STEFANI;5;14.2.1984;0;5
ROSELLA;1;22.7.1973;0;1
RODSUKHON;1;30.8.1961;0;1
HEYMI;3;11.10.1984;3;0
RENEE;4;5.5.1947;0;4
ANTUVANET;15;8.1.1934;0;15
GRASYA;12;28.12.1949;0;12
RONE;22;13.10.1952;4;18
SULUCA;5;25.6.1927;0;5
EDDA;5;26.7.1943;0;5
RINEH;1;6.10.1954;0;1
RUIN;1;17.12.1955;1;0
FARHENG;1;1.5.1973;1;0
SIMENTOV;4;3.11.1957;4;0
RAYKA;6;30.4.1983;0;6
TARKANS;4;3.6.1967;4;0
FURTUNI;17;23.9.1934;0;17
LIVYO;5;25.8.1975;5;0
GIZEP;1;8.6.1963;1;0
AMELI;3;13.8.1949;0;3
ALBATROS;2;10.10.1973;2;0
NAZLIKUL;1;6.9.1975;0;1
ABUSKA;1;21.8.1960;1;0
FATAMEH;1;2.8.1945;0;1
TOMUL;1;8.7.1959;1;0
PARTOG;2;5.7.1952;2;0
MUBRET;2;13.1.1937;0;2
TANIYEL;8;27.7.1962;8;0
SYLVIANE;2;27.6.1959;0;2
EYENUR;1;28.11.1944;0;1
MAMDOUH;1;12.8.1959;1;0
ORA;3;30.2.1945;0;3
BINNAZLI;3;13.7.1972;0;3
FORTINE;7;5.11.1948;0;7
IVANCO;1;17.8.1942;1;0
KORA;2;10.5.1960;0;2
LEA;29;1.5.1954;0;29
MARKO;21;30.3.1951;21;0
PARUG;1;19.3.1947;1;0
MENKU;1;6.7.1935;0;1
ZIZET;2;1.9.1955;0;2
PLAMEN;1;4.2.1978;1;0
LUC;1;6.7.1970;1;0
NESYA;2;4.2.1978;0;2
BERNADETH;1;22.5.1965;0;1
HUSNAI;1;10.3.1945;0;1
MIRBA;2;3.10.1969;0;2
MOIZ;94;16.8.1950;94;0
ARPI;31;21.10.1960;0;31
LOLITA;9;16.4.1965;0;9
RENE;23;13.7.1947;3;20
SOLI;15;21.6.1960;4;11
NATALIIA;3;28.8.1975;0;3
DARIYA;2;30.11.1976;0;2
ISRAEL;24;2.8.1949;24;0
JIRAYR;27;17.8.1953;27;0
RIKET;4;13.5.1973;0;4
BAYTASHAN;1;9.7.1957;1;0
ORAJ;9;22.4.1977;7;2
SEMTOV;2;27.3.1967;2;0
TERRY;8;2.12.1974;1;7
RAKEL;33;18.6.1977;0;33
MOIS;27;9.2.1949;27;0
VERJINA;1;8.3.1947;0;1
MORDO;54;25.5.1955;53;1
SENGULLU;2;24.4.1949;0;2
KOPER;1;4.7.1953;1;0
BINTI;1;2.8.1967;0;1
RIVKA;8;5.7.1973;0;8
BIVET;3;24.1.1972;0;3
VARTAVAR;1;1.10.1966;1;0
BARUH;24;1.8.1947;24;0
OZTIN;4;19.10.1958;3;1
TAFLAN;5;10.10.1962;3;2
RUYANUR;3;9.7.1988;0;3
VIVYAN;11;19.3.1954;0;11
DEZI;9;26.12.1944;0;9
OGNYAN;1;29.11.1971;1;0
LIRI;5;24.8.1961;0;5
KOZA;23;12.3.1979;0;23
YITSHAK;1;6.7.1974;1;0
MARCEL;7;2.11.1978;7;0
ABEL;1;4.7.1987;1;0
ALEKSIS;2;7.8.1980;1;1
UNTAC;3;2.11.1970;2;1
RASIL;9;19.8.1955;8;1
HAIM;2;11.5.1951;2;0
FORTUNA;5;16.12.1945;0;5
NEVBIL;1;21.1.1973;0;1
MOMO;3;17.10.1958;3;0
MIREY;53;3.6.1972;0;53
LEYLAZAN;1;10.6.1980;0;1
FLORET;4;10.2.1954;0;4
ELAZAR;2;17.3.1944;2;0
SOLINE;5;19.4.1956;0;5
DILZAN;1;26.6.1990;0;1
NAJDA;18;19.5.1965;0;18
JACK;4;25.8.1973;4;0
VITAL;2;19.1.1943;2;0
AREK;35;14.2.1978;35;0
RAYSA;1;8.11.1991;0;1
LIVIA;9;13.5.1968;0;9
WALTRAUD;7;14.1.1943;0;7
RIELLA;9;22.5.1983;0;9
VENTURITA;1;15.6.1937;0;1
ARIANA;4;11.11.1986;0;4
OLIVIA;7;16.10.1979;0;7
TARHAL;1;8.2.1970;1;0
POL;12;15.6.1960;12;0
LUTFIYI;1;24.7.1970;0;1
SEHRAYIL;1;17.2.1960;0;1
MONIK;4;28.12.1966;0;4
ROBEN;2;5.1.1943;2;0
VANESSA;17;7.10.1982;0;17
SAUL;17;28.8.1963;17;0
YESUA;11;23.10.1952;11;0
ELIEZER;12;10.12.1955;12;0
CLAUDE;2;29.9.1934;0;2
FEBYO;1;22.1.1975;1;0
HIRANT;57;14.11.1952;57;0
SENDY;1;30.9.1987;0;1
EKATARENI;1;19.12.1947;0;1
JIL;1;4.11.1977;1;0
CEMRA;3;2.2.1961;0;3
HELLENE;1;28.10.1941;0;1
VIKI;34;25.12.1961;0;34
PANAYOT;32;18.12.1950;32;0
STAMATYA;1;25.9.1921;0;1
ZULHECE;1;17.8.1936;0;1
YEVSIMANI;1;13.3.1952;0;1
MA.JANETTE;1;2.5.1961;0;1
TEKLI;1;10.7.1925;0;1
VALANTIN;15;18.2.1948;0;15
ASPAY;1;28.4.1979;0;1
MIHRUNUR;3;10.8.1965;0;3
PARASKEVAS;1;19.1.1980;1;0
ERGIVAN;1;21.5.1976;1;0
ARMILIDA;1;2.6.1968;0;1
ATANAS;19;2.6.1948;19;0
BALAM;10;28.12.1985;0;10
ERIFILI;2;16.8.1937;0;2
KARABIT;9;5.5.1953;9;0
KIRYAKICE;6;13.4.1942;0;6
BOYAN;1;27.7.1937;1;0
HILKIYE;2;24.9.1950;0;2
BEBEKA;3;10.11.1934;0;3
RAUL;5;22.5.1968;5;0
LOKSANDRA;2;25.11.1948;0;2
IDIZ;3;26.7.1977;0;3
ARNO;22;7.7.1978;21;1
ALEKSANDROS;19;10.7.1952;19;0
YEORGIOS;3;1.2.1967;3;0
GRIGOR;4;9.7.1947;4;0
YEVA;4;17.2.1947;0;4
ANGELIKI;37;22.8.1948;0;37
ASADUR;12;8.5.1953;12;0
ERSI;4;4.11.1976;2;2
EFIYENYA;1;20.12.1944;0;1
RATKO;1;19.12.1958;0;1
PANDELI;16;28.2.1955;16;0
ANTIGONI;1;14.8.1953;0;1
BURKA;4;21.9.1986;3;1
KALYAPI;1;28.1.1934;0;1
ELEFTERIA;8;16.4.1958;0;8
TUMIN;1;29.12.1975;1;0
EVANTIYA;8;3.4.1940;0;8
MESGUR;2;28.11.1978;1;1
DIBER;8;8.9.1954;0;8
HUSNAAN;1;26.4.1947;0;1
NAKSISEL;1;15.9.1960;0;1
DANKRET;1;2.8.1941;1;0
PANAYOTA;15;25.8.1945;0;15
ALCIRAY;2;28.3.1979;0;2
BEYATRIS;3;26.3.1938;0;3
AVIDIS;15;2.3.1955;15;0
PANAYOTIS;4;3.12.1970;4;0
AMELYA;2;6.8.1959;0;2
GENEVIEVE;1;14.4.1965;0;1
FOTI;11;25.4.1959;11;0
VENTURA;19;5.11.1947;0;19
PAMELA;12;1.8.1962;0;12
EFTIMIYA;4;30.8.1950;0;4
KIRYAKI;3;28.2.1956;0;3
MARITES;1;29.4.1968;0;1
SIRVART;40;19.1.1937;1;39
IRAIT;1;6.11.1928;1;0
MAHVISAL;1;18.7.1976;0;1
FLORI;2;27.9.1973;0;2
GEORGIA;6;9.1.1950;0;6
KADRINUSA;1;15.4.1924;0;1
ESTREA;11;5.8.1952;0;11
JISEL;1;27.3.1947;0;1
TARIKCAN;4;10.1.1989;4;0
RUHGUN;2;1.1.1969;1;1
L.GUNER;1;30.4.1963;0;1
EBRAM;1;21.2.1950;1;0
ALDO;13;11.3.1951;13;0
ALFIO;1;9.2.1983;1;0
BRUNO;6;13.8.1962;6;0
BEDRICIHAN;3;4.7.1939;0;3
DENI;8;2.5.1986;5;3
EVANGELIA;7;12.12.1960;0;7
FRED;4;20.12.1971;4;0
NIDZARA;1;3.4.1950;0;1
SAHEN;1;16.4.1933;0;1
KEVEN;2;26.2.1989;2;0
GARO;65;9.6.1962;65;0
YVELINE;2;25.3.1953;0;2
FURTUNE;7;6.5.1946;0;7
ISTAVRULA;3;1.12.1936;0;3
PAYE;11;3.2.1974;0;11
ERLA;2;2.3.1979;0;2
HRISOVALANDI;1;4.2.1983;1;0
ARKINE;1;2.10.1969;0;1
REVNA;18;7.8.1982;0;18
TERESITA;4;26.6.1956;0;4
IVGEN;11;12.4.1968;0;11
EFDALCAN;1;22.4.1959;1;0
GARATA;1;2.8.1939;0;1
ARERCAN;1;9.11.1967;1;0
EYAL;3;15.11.1978;3;0
ARIFI;5;30.7.1969;4;1
YEDIDYA;2;14.12.1957;2;0
DEXTER;1;14.7.1952;0;1
AYSILGUL;1;10.8.1968;0;1
SUERA;3;30.6.1967;0;3
DEBBI;1;17.7.1984;0;1
MEFSURE;3;15.4.1971;0;3
EMIRBERKI;1;4.5.1971;1;0
JEFFY;1;11.11.1973;1;0
MAGDALINI;6;6.12.1958;0;6
ILGEHAN;2;4.8.1942;0;2
MUKDIM;3;18.8.1968;3;0
BECHAN;6;5.4.1980;6;0
ARY;1;17.6.1946;1;0
DIANNE;1;10.1.1964;0;1
SELVIL;5;16.9.1972;0;5
KEYAN;2;20.8.1980;2;0
YIGAL;5;29.6.1975;4;1
MIRABELLA;1;1.6.1988;0;1
MURIEL;6;18.12.1970;0;6
MESVE;2;19.4.1982;0;2
DOROTE;1;19.7.1944;0;1
VISYA;1;24.8.1983;0;1
INCIM;3;29.7.1976;0;3
OTMAN;6;4.9.1961;6;0
LYNN;5;22.1.1964;0;5
IZMINI;5;13.3.1928;0;5
YALDA;4;9.9.1967;0;4
BULISU;3;22.2.1940;0;3
SEMTOF;1;16.10.1932;1;0
ARSALUS;52;30.1.1946;0;52
SERLI;69;14.10.1984;0;69
MARISSA;3;15.5.1971;0;3
RINALDO;4;20.12.1966;4;0
ANDROMAKI;1;26.2.1934;0;1
IRISGULUM;1;27.2.1960;0;1
SELENGE;11;10.1.1982;0;11
HENRI;9;19.8.1955;9;0
FURTUNA;12;28.11.1939;0;12
FABINE;1;13.1.1959;0;1
OULIANA;1;22.7.1976;0;1
SEVULAY;1;8.5.1962;0;1
ELDAD;1;25.3.1961;1;0
EVANGELIYA;10;6.11.1939;0;10
ALIEL;1;28.7.1985;1;0
ANDONI;2;23.9.1975;2;0
MISON;35;24.10.1932;35;0
PONSU;1;27.6.1941;0;1
MOYIS;3;4.10.1945;3;0
FIRDANIYE;12;30.5.1956;0;12
VAHRAM;23;15.2.1951;23;0
BERTIL;3;16.7.1978;0;3
ILANA;11;10.10.1970;0;11
ETUAL;1;17.12.1954;0;1
MATILDI;1;18.4.1962;0;1
ILYAHU;2;15.7.1966;2;0
CEYDEN;1;10.12.1972;0;1
JANIN;29;5.8.1968;0;29
YOURI;1;14.9.1971;1;0
VILLI;1;21.7.1956;1;0
DENNY;1;6.7.1947;1;0
OFSANA;1;11.5.1944;0;1
DARCO;4;3.5.1972;4;0
ARMENUI;4;26.6.1961;0;4
LORI;23;26.9.1979;2;21
SERIZAT;8;6.6.1959;2;6
HURICIHAN;18;21.10.1958;0;18
MAYOLA;1;19.2.1958;0;1
BURCKIN;5;6.2.1979;5;0
SERPDENIZ;1;27.5.1977;0;1
HUBBIYE;2;9.9.1931;0;2
AMERA;1;29.9.1974;0;1
FITIR;1;14.5.1949;0;1
ELVEND;2;22.1.1958;2;0
MUPHEM;1;10.8.1973;0;1
URHAL;3;28.10.1958;3;0
ERMA;6;18.4.1960;0;6
KARCAN;2;14.10.1984;2;0
CEKAFET;1;17.8.1954;0;1
GUCUM;4;9.4.1977;4;0
ELBRUS;2;24.12.1971;2;0
NURANSA;1;11.5.1980;0;1
BORADALGIC;1;16.4.1949;1;0
MONICAH;1;2.1.1977;0;1
NEDIPHAN;1;7.11.1974;1;0
EDIPHAN;2;5.3.1971;2;0
EREMIN;1;3.1.1981;1;0
BEDRINUR;11;25.3.1950;0;11
HURCIN;1;11.6.1983;1;0
ELAYDA;2;6.3.1980;0;2
AKCAPETEK;1;24.7.1980;0;1
MAYTERE;1;21.3.1973;1;0
IZABELLA;4;2.9.1975;0;4
T.GOKHAN;1;27.8.1968;1;0
KERRA;25;17.6.1969;0;25
BERENGUL;1;12.4.1959;0;1
ERSUNGUL;1;17.3.1987;0;1
OMERCEM;3;17.3.1982;3;0
SERVETCAN;1;24.10.1980;1;0
YELINA;1;29.8.1986;0;1
EZHAR;22;17.10.1968;1;21
CILAYDI;1;11.8.1978;0;1
KARCICEK;1;5.9.1991;0;1
YELMAN;5;27.5.1945;4;1
HALDULLAH;1;7.6.1958;1;0
BERSA;6;19.3.1975;1;5
CANSEVI;3;11.2.1988;0;3
ISTEFO;3;8.12.1948;3;0
NURBAGI;1;10.6.1972;0;1
VAMIKA;1;6.11.1962;0;1
VILTEN;3;3.10.1962;0;3
SUREYYAYE;2;13.6.1931;0;2
MANILE;4;30.8.1956;0;4
LENY;1;8.5.1977;0;1
ZULHAY;1;28.9.1981;0;1
OZGUROL;2;19.12.1976;2;0
ACELIA;1;25.7.1961;0;1
OYHAN;4;10.6.1966;2;2
GULSAHIDEN;1;5.9.1972;0;1
M.BEHCET;4;12.2.1945;4;0
FERRUCE;1;23.12.1973;0;1
MULEDCER;1;2.8.1951;0;1
BALIGE;1;2.9.1939;0;1
DORET;6;8.1.1956;0;6
MONUSAKI;1;17.8.1948;0;1
NILGIYE;3;7.10.1974;0;3
NETJIP;1;12.8.1947;1;0
MUNSURE;5;30.1.1964;0;5
DERSOY;1;22.12.1961;1;0
FALAKNAZ;1;1.7.1963;0;1
BEHNAZ;7;23.8.1963;0;7
SEREFRAZ;1;13.8.1989;0;1
MEHMETSAN;2;27.1.1971;2;0
TULFER;2;22.4.1967;0;2
ILKMUT;2;13.7.1972;2;0
SEFASER;1;10.6.1975;0;1
DRAHSAN;7;10.7.1952;0;7
MINNIE;1;27.8.1920;0;1
MUFREN;2;27.1.1959;0;2
HELLA;1;22.1.1936;0;1
LIONEL;1;22.8.1987;1;0
IMAMRIZA;3;10.5.1957;3;0
YILMAZCAN;9;20.11.1982;9;0
LERZE;2;26.10.1977;0;2
GILBERT;1;3.1.1975;1;0
SINTYA;1;27.12.1981;0;1
BEHRE;10;2.12.1976;3;7
ARMAS;1;2.9.1982;1;0
RAEL;2;20.3.1970;2;0
KARIHA;1;17.5.1948;0;1
ISSAM;3;3.10.1968;3;0
KAYSU;6;10.11.1953;1;5
EVLAMBIA;2;16.6.1949;0;2
ONATKUT;1;7.2.1989;1;0
GULELIM;1;29.7.1987;0;1
KATHERINE;1;20.4.1992;0;1
HALDER;1;1.8.1989;1;0
JAYDA;1;6.1.1978;0;1
ILYAZER;3;18.2.1935;3;0
AMADI;1;7.3.1940;0;1
YOMTOV;14;12.3.1956;14;0
MIRKA;3;21.10.1957;0;3
BETINA;15;12.7.1981;0;15
ROMEO;1;26.4.1925;1;0
NILCIN;4;6.4.1970;0;4
MORDU;7;23.2.1945;7;0
KOYAS;1;17.8.1954;0;1
EFIMIA;5;6.10.1959;0;5
RENETA;3;12.11.1968;0;3
BILVER;4;20.4.1955;0;4
ARIEL;5;14.10.1973;5;0
ARMENAK;45;23.6.1947;45;0
ABRIM;1;12.11.1976;0;1
CEFI;9;16.3.1979;9;0
RUZAYI;1;2.8.1921;0;1
BERTHE;1;24.12.1924;0;1
NUTEYRA;1;24.7.1949;0;1
FORTUNI;5;7.4.1927;0;5
MUFETDER;2;5.11.1942;0;2
ELISAVET;19;4.2.1946;0;19
IBTIHAC;4;29.4.1942;0;4
SENES;2;5.12.1949;1;1
SAMSON;4;20.6.1955;4;0
BERAHET;2;2.10.1931;0;2
LEYS;2;27.9.1976;2;0
LEONORA;4;19.11.1949;0;4
SILVO;1;20.7.1953;0;1
VAEL;3;28.3.1976;3;0
GERTRUDES;1;28.4.1971;0;1
CEMRENAZ;1;11.8.1989;0;1
ALWINE;1;20.10.1938;0;1
CELE;1;16.7.1940;0;1
SATIGA;2;11.12.1943;0;2
HIBETI;3;12.9.1967;0;3
TOPA;2;6.6.1955;1;1
OZGURMETIN;1;11.1.1971;1;0
ECEMHAN;1;1.11.1990;0;1
SANT;28;10.9.1977;28;0
TUAL;3;5.10.1960;1;2
BELINA;12;12.9.1939;0;12
BELINDE;2;22.2.1972;0;2
VILI;6;9.5.1964;6;0
MIYADA;1;22.10.1965;0;1
EUGENIE;1;3.1.1961;0;1
MECIKE;1;16.6.1968;0;1
BEKTORE;2;1.3.1950;0;2
SABAY;1;18.12.1989;0;1
TUNCATA;2;25.5.1965;2;0
NARSIS;2;22.10.1930;0;2
MUKE;5;8.3.1965;1;4
APTULLATIF;6;12.4.1948;6;0
VEN;1;7.10.1969;0;1
SALTI;2;19.7.1935;1;1
SULBUS;1;24.7.1951;0;1
CHAOLUN;1;17.4.1966;0;1
HAYGASER;6;27.11.1953;6;0
ELMASHAN;6;30.10.1953;0;6
MAYK;11;5.9.1975;11;0
DAFNA;4;29.9.1965;0;4
ROZETA;4;12.2.1949;0;4
ARBIN;2;21.10.1970;2;0
TIMUKAN;3;6.3.1949;0;3
BERKNIL;1;2.8.1977;0;1
IFONI;1;22.2.1931;0;1
ERSILYA;3;26.8.1956;0;3
SKIPONYA;1;27.8.1950;0;1
YESUKAN;6;2.11.1953;1;5
RONIT;6;24.2.1979;0;6
ASYAK;1;1.8.1978;0;1
YUSRIYE;5;14.6.1959;0;5
YUNER;5;12.12.1962;4;1
JONEVIYEV;1;29.12.1946;0;1
YONTOV;4;12.7.1949;4;0
NUHETA;1;1.6.1956;0;1
SOURI;1;22.12.1962;0;1
ESTRULA;1;2.8.1921;0;1
ETIL;20;8.12.1954;0;20
BENVENIDA;2;27.2.1931;0;2
CINA;10;16.9.1967;0;10
KOLOMBA;5;26.4.1946;0;5
REJINA;15;16.1.1945;0;15
CALAN;3;16.12.1954;0;3
BENTSI;1;22.5.1988;1;0
UZCAN;9;19.10.1966;8;1
ERROL;7;16.4.1971;6;1
MANDO;8;18.10.1974;8;0
STEFANOS;4;16.2.1974;4;0
GAREN;37;29.9.1982;37;0
TUMNUR;1;16.7.1971;0;1
TUGSEN;15;14.8.1984;1;14
MAHPERSEN;1;12.10.1941;0;1
IMREGUN;1;25.7.1988;1;0
HARILAOS;1;18.4.1990;1;0
BENSI;3;8.12.1972;3;0
SUGUN;2;13.1.1966;0;2
ROULA;3;21.5.1968;0;3
ROFAEL;1;1.7.1928;1;0
SIRIL;4;19.9.1985;1;3
SATVAT;1;12.8.1947;1;0
TURKZER;1;4.2.1936;1;0
SEMHAT;2;4.1.1963;0;2
ALVI;4;27.9.1962;3;1
MIZEY;1;2.4.1965;0;1
DORK;2;17.1.1962;2;0
BAGDE;5;18.5.1976;0;5
LOLI;2;21.1.1943;2;0
MURDAHAY;1;2.8.1921;1;0
JOZI;6;21.6.1971;6;0
PALOMBA;3;21.10.1953;0;3
ARWA;1;1.3.1974;0;1
MAVISEL;4;16.11.1968;0;4
PIYEVENIDE;1;14.4.1933;0;1
EKATERINI;14;17.6.1963;0;14
STEPHEN;3;23.6.1967;3;0
GIANCARLO;1;24.9.1974;1;0
MACVI;1;18.12.1952;0;1
ZAFIRA;24;22.2.1951;0;24
AMADA;7;20.11.1939;0;7
SALVATOR;15;27.4.1947;15;0
PERESTU;1;4.10.1983;0;1
ROLANDO;2;14.3.1953;2;0
SOLLY;2;29.4.1940;1;1
MORENO;5;28.6.1944;5;0
DEVORA;4;18.6.1951;0;4
ELIYEZER;9;15.3.1957;9;0
MURDUHAY;1;6.3.1929;1;0
SIMENTOF;2;26.10.1944;2;0
BONITA;2;25.8.1960;0;2
LIRON;1;25.6.1988;0;1
SIMANTOF;1;8.9.1927;1;0
HAZDAY;2;22.9.1926;2;0
NIYAMA;2;7.8.1930;0;2
SELAMO;4;13.3.1937;4;0
DURRUS;1;16.5.1948;0;1
ZAFIRI;2;12.8.1944;0;2
UGURSUN;2;19.6.1975;1;1
JOZET;7;12.5.1950;0;7
ORO;30;23.8.1943;0;30
SEGAN;2;18.8.1965;1;1
MERIL;9;19.8.1973;0;9
YOZEF;1;9.3.1966;1;0
TAMOZ;1;24.11.1946;1;0
NIDAYET;12;29.12.1963;2;10
RUPERT;1;18.3.1936;1;0
MAURIZIO;1;1.9.1985;1;0
YOSSI;2;11.9.1971;2;0
MANOIL;2;20.12.1933;2;0
VENEZYA;2;25.4.1945;0;2
GRASIA;2;30.3.1961;0;2
CELEBON;7;9.2.1939;7;0
YASUVA;13;10.1.1943;13;0
MUVEDDED;9;24.9.1956;0;9
SINTO;6;25.1.1961;6;0
SUNNE;1;15.5.1936;0;1
ROSITA;14;7.1.1967;0;14
MALKUNA;6;1.11.1929;0;6
MAKS;3;29.2.1958;3;0
SIMANTO;5;30.3.1940;5;0
MARIANCEL;1;22.10.1949;0;1
ESTHIE;1;8.6.1951;0;1
LUVIZA;2;21.11.1933;0;2
ZIMBUL;2;13.5.1945;0;2
SELMON;1;19.1.1939;1;0
ADILVIYE;1;29.10.1957;0;1
GRAZIELA;1;10.9.1946;0;1
PALONBA;1;11.5.1928;0;1
NEYAMA;8;1.9.1933;0;8
GUNCI;13;15.1.1947;0;13
MIRCAFER;3;4.1.1938;3;0
FREDI;7;14.10.1971;7;0
BONI;2;21.1.1972;2;0
BIEVENIDA;1;21.8.1949;0;1
HUSSEIN;2;30.11.1974;2;0
IRIZ;1;11.8.1974;0;1
SIRPUHI;15;13.9.1948;0;15
YAKIR;2;23.11.1972;2;0
KARNI;3;4.1.1963;2;1
OLNUR;1;2.9.1964;1;0
IVOM;1;30.3.1941;0;1
MAZALTOV;7;27.11.1950;0;7
PIVENIDA;1;6.10.1930;0;1
RIBKA;1;14.1.1947;0;1
BIHIN;7;22.3.1956;0;7
LENI;1;11.4.1984;1;0
MUGENUR;6;1.9.1989;0;6
SAPAT;1;10.10.1945;1;0
GISELLA;3;25.5.1956;0;3
ESTERA;2;14.3.1960;0;2
YASADYA;2;24.10.962;2;0
ANNETTE;7;20.10.1957;0;7
OHAN;20;21.9.1956;20;0
UN;4;11.7.1968;4;0
KURTBAY;4;17.4.1971;4;0
TURKEER;1;24.8.1966;1;0
YOMTOF;2;5.4.1945;2;0
KADERSEN;3;11.11.1956;0;3
NEZICHA;1;5.5.1978;0;1
CESAR;3;5.4.1970;3;0
FRANSES;1;25.2.1932;0;1
MUSKAT;3;8.7.1947;0;3
SEMDIL;3;21.12.1959;2;1
SUDALE;2;5.12.1957;0;2
GOER;1;25.8.1941;0;1
IMRANHAN;1;22.5.1967;0;1
JUDY;3;7.7.1964;0;3
ANCELA;4;1.10.1979;0;4
EFSA;8;23.7.1979;0;8
YASVA;1;20.3.1951;1;0
SHAN;1;2.10.1972;1;0
ELJMEDINA;1;20.12.1978;0;1
MAGRUR;4;20.4.1981;2;2
TUYGUNAY;1;18.9.1938;0;1
SUCUL;1;18.11.1941;1;0
SELCUKA;3;18.7.1950;0;3
SMARAGDA;2;17.9.1934;0;2
INCELA;1;21.12.1948;0;1
VIKTUAR;5;4.2.1950;0;5
VERJINI;7;20.12.1942;0;7
LONI;5;10.7.1981;5;0
GULENHAN;3;14.2.1957;0;3
BERTER;4;8.5.1973;2;2
NORAYER;3;17.9.1935;3;0
GERSON;10;13.5.1963;10;0
ELIYAU;1;18.12.1950;1;0
SIMENTO;2;23.8.1931;2;0
ESTI;22;17.12.1968;0;22
TOVI;2;19.10.1978;2;0
NATALIJA;3;18.4.1977;0;3
RENI;7;10.9.1983;0;7
VILLA;2;26.5.1972;0;2
GULOZLEM;3;2.6.1979;0;3
BATUALP;2;2.4.1992;2;0
MUMEYYEN;1;27.7.1970;0;1
MISEM;1;5.2.1992;0;1
EGNAR;1;17.2.1979;0;1
BURYAT;1;3.12.1967;1;0
ALIKANBER;1;17.2.1960;1;0
HAVIDAN;1;13.12.1968;0;1
HURIDDIN;1;3.2.1957;1;0
UGURSOY;7;3.12.1974;7;0
ELIFONEN;1;27.8.1974;0;1
BUGSER;1;8.11.1974;1;0
HOLUYE;1;29.1.1972;0;1
PAMIRA;1;17.1.1978;0;1
GULHUSEYIN;7;14.6.1960;7;0
NILUFEN;3;13.9.1972;1;2
AKYA;3;25.10.1985;0;3
BAYALI;2;15.10.1963;2;0
BUKEYHAN;2;1.7.1977;1;1
BRANDI;1;4.5.1984;0;1
MILHAL;2;28.7.1960;0;2
SEMENBER;4;3.9.1935;0;4
SORAYAH;1;23.2.1984;0;1
MESA;1;30.12.1991;1;0
DURRUBAN;1;22.12.1930;0;1
MENTAR;1;1.4.1944;1;0
AKOREN;1;17.7.1936;1;0
VAL;1;29.6.1940;0;1
BECEN;2;30.10.1970;2;0
FERDINA;1;27.6.1981;1;0
BOZENA;3;16.6.1965;0;3
NIV;1;22.9.1981;1;0
MOLLY;1;25.9.1955;0;1
EGLI;2;20.8.1962;0;2
DURRAY;1;4.9.1945;0;1
ENDI;4;12.5.1980;3;1
YAHIEL;2;8.10.1958;2;0
UNDOGAN;1;12.3.1935;0;1
TITAP;2;1.8.1946;0;2
FIRHUNDE;1;8.7.1934;0;1
VAH;1;22.6.1965;1;0
SUREK;1;27.9.1989;0;1
SHAY;1;6.1.1992;1;0
MELITSA;2;4.5.1979;0;2
ORIT;6;24.7.1976;0;6
UNPER;1;27.7.1957;0;1
OGUST;1;1.2.1949;1;0
BETSY;5;29.8.1984;0;5
YENTO;2;3.2.1931;2;0
NEKDAR;1;11.3.1927;0;1
RUSUDE;3;5.10.1947;0;3
UMURATA;1;12.11.1963;1;0
BEGUMTUGBA;1;3.6.1972;0;1
FIZAH;1;16.9.1974;0;1
ARNESTA;2;19.4.1929;0;2
STEFANKA;2;25.11.1950;0;2
BEHINE;8;28.6.1969;0;8
GREGUAR;3;21.12.1957;3;0
ANESTI;6;10.7.1953;6;0
ELZI;3;20.12.1962;0;3
ELIZAZAVARRO;1;29.5.1951;0;1
EFRAH;5;25.10.1977;0;5
LALEGUN;1;22.8.1954;0;1
OBA;2;20.9.1951;2;0
YONA;5;4.1.1962;0;5
NILI;11;3.1.1965;0;11
AKHUN;3;16.7.1981;3;0
JISLEN;1;20.3.1960;0;1
BENOR;1;10.4.1965;1;0
BILLURE;3;18.6.1945;0;3
DOMINIQUE;4;16.1.1962;0;4
MIMLANIGAZI;1;7.2.1943;1;0
DENISS;2;6.5.1979;1;1
IGE;6;4.5.1968;0;6
DIRIM;16;5.10.1976;3;13
SERACIDDIN;1;2.8.1939;1;0
ZEHRISAN;1;20.1.1960;0;1
YAL;1;30.9.1937;1;0
SURAI;6;6.12.1976;1;5
ONDE;4;9.8.1959;4;0
EMIRCEM;2;17.7.1988;2;0
TANSUG;6;3.2.1960;4;2
TUMERK;1;25.9.1978;1;0
JEFF;4;21.9.1972;4;0
DORIN;2;10.4.1972;0;2
KUTLUKEREM;1;13.7.1972;1;0
MARIVIC;1;21.8.1965;0;1
CUSHLO;1;2.3.1960;0;1
DIKEN;3;28.12.1970;2;1
GUNRAN;1;25.10.1969;0;1
JOSEFINA;4;8.4.1961;0;4
JOREL;1;23.2.1991;1;0
ASUNCION;2;23.7.1957;0;2
RONALD;6;15.11.1956;6;0
ETGE;2;4.3.1982;1;1
DERUN;9;30.3.1969;7;2
SAIMHAN;1;19.10.1959;1;0
COROZON;1;7.6.1958;0;1
MERRILL;1;12.1.1989;1;0
VELA;1;2.10.1966;0;1
NEOMI;2;2.6.1961;0;2
ROWENA;3;1.4.1970;0;3
KOSTANTINYA;9;3.10.1942;0;9
IMRANAYLA;1;19.1.1946;0;1
KEGANUS;5;28.10.1957;0;5
BUSYEN;1;20.12.1959;0;1
CIKDEM;5;16.1.1958;0;5
TOPRAKHAN;1;2.2.1969;1;0
GRAZIA;2;18.2.1942;0;2
ARICTAN;1;8.8.1944;1;0
REMEL;1;16.7.1991;0;1
NURKAMER;3;16.7.1969;1;2
EGYA;3;8.6.1946;3;0
NECLAL;13;14.4.1946;0;13
FERDINAR;1;24.7.1952;1;0
AMANOIL;1;1.1.1;1;0
BEATE;9;5.5.1957;0;9
ARIE;2;24.1.1975;2;0
DOMNICHIA;1;12.9.1953;0;1
JOS;1;26.2.1948;1;0
EMILIE;2;24.10.1957;0;2
AVRAAM;1;27.1.1958;1;0
ELEONOR;2;3.1.1956;0;2
MEYZI;15;7.11.1980;0;15
OSIP;1;11.3.1943;1;0
CIN;5;13.2.1957;4;1
RUMEYESA;1;26.6.1936;0;1
BIRRIN;2;20.10.1974;0;2
AYANDER;2;11.12.1964;0;2
CEMRENUR;1;12.2.1989;0;1
LELIA;2;23.1.1965;0;2
SUNBULEYI;1;27.10.1925;0;1
ULKUSAN;4;28.9.1973;4;0
MARSA;2;25.8.1983;0;2
ARSAGUHI;6;8.4.1947;0;6
MAHIGUZEL;3;18.12.1939;0;3
RAGMA;1;6.4.1963;0;1
LELANI;1;15.7.1979;0;1
ROSLYN;1;17.4.1956;0;1
SUMMER;3;7.9.1940;2;1
TERRAN;1;9.7.1944;0;1
RINT;1;29.2.1950;1;0
IKBALAT;1;17.1.1943;0;1
SINORHIK;3;4.3.1951;0;3
SELGAR;1;2.9.1944;1;0
HURSER;13;19.7.1954;1;12
ADRINE;25;10.9.1941;0;25
SUATCAN;2;4.12.1987;2;0
VITORYA;1;27.6.1937;0;1
HAYMI;1;24.7.1968;1;0
AVRAHAM;2;6.12.1941;2;0
BURRA;1;28.12.1976;0;1
SUE;1;13.1.1971;0;1
DENEL;3;27.7.1976;1;2
EBER;1;14.10.1975;1;0
YESTER;20;18.7.1958;0;20
KOKLEN;12;6.5.1964;10;2
CANKUL;2;6.6.1971;2;0
KAYMAS;2;25.8.1941;2;0
CEF;5;7.3.1984;5;0
EME;6;21.10.1950;0;6
BORCE;3;19.3.1986;0;3
SAHAK;47;26.1.1950;47;0
BORTE;11;3.10.1985;1;10
ROLAND;11;25.1.1958;11;0
MELISNAZ;1;7.12.1991;0;1
NINOSKA;1;5.3.1974;0;1
MERETE;1;25.3.1947;0;1
KARLO;12;19.11.1956;12;0
TANJI;3;4.4.1963;2;1
SANSU;8;27.3.1963;1;7
IMERCAN;4;10.8.1953;1;3
MEHMETSERHAT;1;7.7.1971;1;0
KEYSUDAR;3;8.7.1944;0;3
NURTUN;1;2.1.1983;1;0
MUHAMMEDENES;2;10.8.1991;2;0
GURASA;1;29.8.1954;1;0
VLADI;1;15.8.1963;1;0
LISEN;1;1.12.1973;0;1
NIRE;5;17.10.1945;0;5
NECMUZAFER;1;26.4.1924;1;0
NIJVAN;1;22.5.1931;0;1
REN;4;22.6.1951;0;4
LOKSANDIRA;1;20.12.1954;0;1
KIRYAKU;1;29.1.1958;1;0
APINYA;1;28.12.1972;0;1
SIMAK;3;4.3.1946;3;0
SUEZAT;1;14.4.1942;0;1
JIA;2;28.4.1972;0;2
IZMARAGDA;3;2.6.1931;0;3
ARMINAK;14;28.8.1947;14;0
BALBORA;1;10.3.1985;1;0
AYNIHAL;9;27.11.1954;0;9
MUVAKKAR;5;19.6.1948;5;0
PRUDANS;1;8.2.1951;0;1
TURKYILDIZ;1;16.9.1926;0;1
UGEDAY;1;25.8.1948;1;0
ULKERA;1;12.1.1953;0;1
OLTU;2;10.5.1987;2;0
BILDILEK;1;10.4.1959;0;1
HARALAMBOS;12;4.6.1946;12;0
NURNADI;1;13.11.1968;1;0
YASAGAZI;1;17.7.1927;1;0
CECILIA;5;12.3.1968;0;5
DELPHINE;4;22.7.1977;0;4
BINGUR;4;7.12.1958;1;3
BUGDA;1;18.6.1967;0;1
GAVRIYEL;4;19.11.1939;4;0
YILSEVEN;1;19.8.1953;0;1
DURKANBER;1;29.11.1945;1;0
RAMELA;11;20.6.1951;0;11
SAGIK;2;10.3.1951;0;2
FEZADE;1;27.12.1981;0;1
PUNE;3;9.12.1981;0;3
LUTVUYE;3;23.8.1965;0;3
OLIVERA;2;15.5.1957;0;2
MENAHE;1;24.1.1959;1;0
MARGRIT;21;25.11.1958;0;21
CAREN;1;8.11.1982;0;1
BEHNANE;4;2.8.1946;0;4
GABIT;1;28.9.1936;1;0
KAGIN;1;19.3.1935;1;0
PAMIRHAN;1;7.10.1986;1;0
ARAKEN;1;3.8.1951;1;0
ZEVECAN;1;18.6.1974;0;1
MASIS;27;17.9.1970;27;0
VERTAYIM;3;23.11.1952;0;3
BERKMEN;4;16.6.1975;4;0
ANMEN;1;7.6.1960;1;0
BOLISA;6;26.4.1927;0;6
KORAYCAN;2;4.11.1989;2;0
AREV;19;8.10.1977;4;15
ISDEPAN;1;2.5.1971;1;0
ZADIK;31;10.8.1955;31;0
KAPRIEL;13;10.11.1949;13;0
FRANSOVI;1;6.12.1943;0;1
CINLA;22;29.6.1980;0;22
GORUN;4;13.2.1947;1;3
FELISA;2;30.9.1952;0;2
AVEDIS;36;17.1.1965;36;0
OZGEGUN;1;24.8.1974;0;1
IHSABIT;2;9.2.1947;0;2
ZENBUL;3;28.10.1943;0;3
MUZUNE;1;21.8.1934;0;1
CAROLE;8;16.12.1953;0;8
AYTULAY;2;22.10.1952;0;2
DIRUHI;24;17.10.1948;0;24
HAMPURSUM;1;2.5.1941;1;0
GIRAGOS;10;3.2.1949;10;0
YERCARIK;1;2.2.1945;0;1
SETIREK;3;3.10.1941;3;0
ROPEN;9;4.10.1936;9;0
HORHOS;3;20.7.1970;0;3
ORDAHAN;1;21.7.1986;1;0
EMILYOS;2;15.10.1930;2;0
GURNIL;1;30.6.1970;0;1
CHATITZE;1;22.9.1979;0;1
UMIE;1;12.8.1947;0;1
HRIPSIME;23;13.8.1957;0;23
SERIZAN;4;25.8.1978;0;4
TOVMAN;1;9.2.1954;1;0
HORIMSI;1;14.7.1935;0;1
FILYANI;7;24.11.1948;0;7
SAFINNAZ;5;8.3.1961;0;5
PIHAS;1;18.4.1949;1;0
AYNAHAL;1;7.2.1940;0;1
MENUSEK;2;30.10.1957;0;2
RAGBIYE;5;24.5.1976;0;5
ERNESTA;3;20.5.1962;0;3
SEBNAN;2;5.1.1972;0;2
REMINE;8;10.9.1958;0;8
HAYRUNISSA;10;4.8.1951;1;9
EGNA;1;7.8.1922;0;1
EGSABET;4;20.11.1954;0;4
HAZAROS;5;27.11.1948;5;0
LUSASIN;1;1.2.1949;0;1
NIKETAR;1;23.7.1949;0;1
IYUP;3;30.7.1962;3;0
BELAMIR;7;17.10.1990;1;6
AGATA;2;23.3.1935;0;2
YILDIRIR;4;25.9.1963;4;0
JAIM;1;23.3.1960;1;0
OZENSEL;4;14.5.1953;0;4
NICHOLAS;2;10.8.1977;2;0
NESIPCAN;1;3.3.1989;1;0
USUM;1;4.9.1989;1;0
MUSTAFASAFFET;1;6.6.1969;1;0
MIROSLAWA;1;14.4.1963;0;1
KOROL;3;1.7.1966;3;0
FEROHA;1;2.8.1933;0;1
COKGUL;1;25.1.1936;0;1
MUSEYIBE;1;28.7.1984;0;1
ILCER;2;29.4.1984;1;1
MARITESS;2;3.4.1976;0;2
KOHI;2;29.12.1970;0;2
URUM;4;11.8.1953;4;0
SOLINA;5;18.5.1948;0;5
JILLIAN;3;2.9.1935;0;3
POLET;9;18.3.1953;0;9
AYSESU;5;10.5.1989;0;5
BATBUYAN;1;25.5.1962;0;1
ASBURCEHAN;1;20.3.1980;0;1
SUGARSUREN;1;7.6.1982;0;1
ERLINDA;2;26.10.1952;0;2
BANUHUMEYRA;1;3.7.1978;0;1
SEYITBUGRA;1;15.10.1972;1;0
GUZVER;1;28.7.1948;0;1
NIHARE;4;19.4.1951;0;4
YANULA;7;30.3.1950;0;7
STIVEN;1;11.1.1962;1;0
ADORA;1;17.1.1972;0;1
RABEKA;2;15.1.1940;0;2
RAMIZCAN;1;28.8.1985;1;0
NEVENKA;5;23.11.1941;0;5
MELANIYE;2;29.6.1942;0;2
SENSUNA;1;28.9.1936;0;1
ESTEREYA;6;25.10.1931;0;6
JAKO;3;8.11.1948;3;0
DEANNE;1;21.4.1970;0;1
DEYZE;1;24.9.1929;0;1
ARASAVAS;1;20.4.1941;1;0
ANAIZ;2;4.4.1949;0;2
SILVYO;4;7.11.1965;4;0
MICHEAL;3;18.10.1990;3;0
MAJAK;4;21.11.1968;4;0
IVNA;2;20.5.1952;0;2
DOBRINKA;3;16.9.1959;0;3
GOKTER;1;4.4.1937;0;1
FIKO;1;7.10.1956;1;0
BAYKUT;13;4.3.1969;13;0
SIMANTOV;3;3.8.1959;3;0
JBID;13;9.7.1984;0;13
ROLF;1;6.11.1960;1;0
DANIELLA;4;29.9.1976;0;4
MAKRUHI;71;13.11.1946;0;71
REBAP;5;20.9.1953;0;5
HYUN;1;16.9.1955;0;1
DALIDA;24;29.2.1977;0;24
MAHTEN;3;23.3.1969;0;3
DANIELLE;6;11.12.1959;0;6
JORDANE;1;25.10.1987;1;0
BERZE;2;13.5.1982;0;2
LARI;3;14.7.1974;3;0
MARSEY;1;18.8.1930;0;1
ASADETTIN;1;21.6.1916;1;0
NELLA;3;25.4.1969;0;3
MARIYO;3;18.6.1964;3;0
MAKRUI;1;12.12.1950;0;1
FORTONE;1;22.3.1958;0;1
SLAWKA;1;2.8.1951;0;1
ROLAN;1;10.7.1967;1;0
YASAYA;6;16.3.1943;5;1
ALEGRI;7;5.9.1934;0;7
BOGADIR;1;1.6.1970;1;0
AYRANI;2;26.8.1967;1;1
ZARTUHI;2;12.10.1951;0;2
ENCI;2;16.2.1975;0;2
MARGARYTA;1;16.7.1966;0;1
MARGORIT;2;28.9.1949;0;2
HERI;2;16.2.1963;1;1
ORLI;6;17.4.1980;0;6
ANUM;3;2.2.1946;0;3
MISULLAM;1;15.6.1939;1;0
MARKAR;20;7.6.1950;20;0
KORKUD;9;24.2.1966;9;0
ERKHAN;1;17.8.1969;1;0
BATIBEYI;1;1.4.1936;1;0
ULUSAGUL;4;2.10.1952;0;4
KARADAYI;3;30.1.1957;3;0
LEVI;3;22.10.1966;3;0
ZIVART;33;15.6.1950;0;33
BERKIT;8;25.12.1968;7;1
TIMO;3;19.8.1975;3;0
CELINE;6;23.6.1985;0;6
ROYSI;6;2.6.1986;0;6
BENY;1;13.7.1988;1;0
TUMGE;1;24.8.1983;0;1
SEHIRBAY;1;16.8.1941;1;0
MIHRINUSA;1;22.6.1956;0;1
NILVANA;1;2.7.1954;0;1
TAHEREH;2;1.5.1965;0;2
CYNTHIA;6;3.9.1970;0;6
SUNASU;2;22.5.1976;0;2
YUDIT;1;27.4.1984;0;1
OVADIYA;1;26.3.1934;1;0
KUHANNUR;1;16.10.1946;0;1
NAHVET;2;23.7.1967;0;2
JOIS;1;27.5.1962;0;1
ISAKO;1;5.8.1951;1;0
DILNISIN;1;30.4.1975;0;1
HAYRIYYE;7;2.2.1958;0;7
MILKO;2;18.9.1968;1;1
SEVTUG;9;25.4.1975;4;5
ORYET;2;7.10.1957;1;1
HANRIET;2;26.10.1946;0;2
MOSES;1;14.3.1933;1;0
NOGA;2;4.11.1970;0;2
SIBIL;19;26.8.1975;3;16
CEVRIM;8;9.3.1974;0;8
KOKNAR;7;15.4.1976;4;3
KOSTANTINOS;17;22.12.1957;17;0
BENTLI;1;2.8.1989;1;0
JIE;1;6.11.1964;0;1
AHMETHALIT;1;23.11.1963;1;0
KUSSIN;1;15.3.1934;0;1
ALEVGUL;1;21.10.1949;0;1
ALPINE;1;29.7.1938;0;1
VARTUI;2;26.7.1951;0;2
V;2;21.6.1950;1;1
DORIT;2;3.2.1980;0;2
GOZAL;2;6.10.1979;1;1
NESSI;2;29.12.1970;1;1
SERENDIF;1;15.6.1938;1;0
GUREYNUR;1;15.1.1956;0;1
FELIS;2;3.3.1969;0;2
STILIANOS;3;26.5.1978;3;0
BONE;2;5.11.1954;0;2
GIUSEPPE;4;11.7.1939;4;0
MATUK;4;29.4.1945;4;0
EMELIA;1;21.6.1956;0;1
UNAC;1;12.12.1947;0;1
VENDI;1;25.5.1963;0;1
MARIJAN;1;29.6.1938;0;1
RAMIH;4;21.11.1969;4;0
RUHVER;2;2.8.1957;2;0
SAMII;2;22.1.1977;2;0
ESTRELLA;2;1.8.1947;0;2
CARSTEN;1;21.2.1971;1;0
RUTI;5;17.3.1980;0;5
FYONA;1;12.9.1977;0;1
VIVIYAN;3;7.12.1953;0;3
ISTERULA;1;19.7.1934;0;1
MALVINE;2;20.8.1932;0;2
KLODET;3;15.1.1950;0;3
CESSI;2;3.7.1979;0;2
ILIA;6;8.3.1966;6;0
PIYERET;1;15.3.1952;0;1
LIYEZER;3;30.2.1945;3;0
IRKIN;2;10.10.1961;2;0
BURAKREIS;2;11.4.1967;2;0
BURUDE;1;18.5.1950;0;1
NERIMDIL;1;29.7.1948;0;1
KLERI;2;14.4.1982;0;2
SEHMAH;2;30.9.1968;0;2
YAUHENIYA;1;7.8.1976;0;1
JEFFRY;1;27.8.1991;1;0
CHARLES;3;8.6.1990;3;0
BULBAN;8;15.8.1960;6;2
MATILDE;2;25.10.1938;0;2
BUTE;6;8.3.1971;0;6
ARMAYIS;1;26.6.1937;1;0
TUGGEDAY;1;17.6.1980;1;0
ULUSEL;2;29.6.1958;1;1
JANTI;7;17.10.1948;0;7
NISSIM;1;3.4.1954;1;0
OGUSHAN;4;26.6.1978;4;0
SOLINDA;1;18.8.1979;0;1
TATYANI;2;16.8.1956;0;2
KAYRIL;1;4.2.1977;1;0
AMELIE;1;4.2.1939;0;1
MILKA;3;5.9.1976;0;3
SERET;5;24.8.1967;2;3
LIORA;2;6.2.1956;0;2
NEDEJDE;1;3.8.1930;0;1
BENSION;5;28.9.1949;5;0
OVA;3;25.6.1963;0;3
HARMAN;9;8.6.1972;7;2
LIYANA;7;14.9.1981;0;7
ALEVHAN;5;5.12.1976;0;5
FERDINAND;1;9.4.1991;1;0
YURDASEL;8;6.10.1968;0;8
RUDY;3;13.8.1988;3;0
HARITYON;3;26.2.1927;3;0
KELAMET;3;9.3.1976;0;3
BAHTIGUR;3;9.2.1960;1;2
JULI;8;7.4.1962;0;8
ARNOLD;1;6.6.1932;1;0
SOFYA;21;1.11.1953;0;21
ANTA;1;3.2.1949;0;1
ROXY;1;1.2.1967;0;1
SARITO;1;22.6.1964;0;1
SELC;1;7.4.1978;0;1
GULOVAN;1;8.2.1954;0;1
FLORANTINA;1;22.8.1925;0;1
ALANDA;1;18.7.1982;0;1
UGET;2;19.2.1966;0;2
GULNEV;2;21.11.1989;0;2
EVCI;2;22.1.1958;1;1
ADIS;13;25.4.1969;7;6
ANBRAM;2;21.2.1943;2;0
ORNUR;1;9.11.1973;1;0
NURGIZAN;1;22.6.1967;0;1
LAURIE;1;22.5.1964;0;1
JAKI;3;2.2.1965;3;0
EUSEBIA;1;15.5.1967;0;1
ZAHUDE;2;23.12.1972;0;2
NURELIZ;1;29.6.1988;0;1
CEYMI;1;6.7.1990;0;1
MANFALDA;1;19.2.1943;0;1
OSMANDILER;1;8.7.1950;1;0
TAYCIN;1;29.9.1939;1;0
LINDAG;1;28.2.1956;0;1
DALSU;5;17.1.1985;0;5
JESSY;1;21.1.1991;0;1
MUIS;7;10.12.1937;7;0
FIFI;4;19.11.1950;0;4
PEMI;1;30.5.1969;0;1
NEYAMAN;1;24.7.1967;0;1
ZIMBU;1;15.11.1957;0;1
SEBATAY;2;24.6.1950;2;0
REMAZET;4;17.11.1962;0;4
HAYYUM;4;2.3.1957;4;0
GILLIAN;11;30.7.1963;0;11
ARARAT;38;13.3.1976;38;0
ANDREE;3;5.5.1960;0;3
IRVIN;1;21.9.1957;1;0
ALFIIA;2;12.2.1975;0;2
DURUSEL;2;25.8.1964;2;0
MEHMETFEHMI;3;8.9.1964;3;0
VERSAN;10;7.9.1960;9;1
ATMA;3;15.3.1973;0;3
HIDMET;1;17.8.1924;0;1
ARITNAZ;1;28.8.1960;0;1
HAISEI;1;1.11.1941;0;1
SURPIYE;1;12.11.1956;0;1
HAYGANAS;1;29.3.1957;0;1
BAGULE;2;5.7.1971;0;2
GADJAR;1;8.1.1960;0;1
VELIDIN;1;27.2.1992;1;0
ADIR;1;14.8.1976;1;0
ILICAN;3;24.2.1987;1;2
DIRAN;30;28.9.1954;28;2
BARET;20;23.5.1981;20;0
IHSAPET;4;21.8.1938;0;4
MAHICIHAN;6;2.4.1951;0;6
SEREFZAN;2;7.5.1952;0;2
GOLSER;8;26.7.1959;0;8
JENIA;1;20.7.1969;0;1
TODORI;13;10.5.1946;13;0
ISKAHI;1;16.12.1934;0;1
M.CELALETTIN;7;20.4.1943;7;0
EREFILI;1;28.5.1944;0;1
AGNI;3;30.5.1951;0;3
STAVRO;7;8.10.1975;7;0
ICLALIYE;1;7.7.1958;0;1
RAMILYA;2;22.7.1981;0;2
KIRYAKICA;14;11.6.1944;0;14
TESRIKA;7;25.12.1951;0;7
FATMAALIYE;1;28.5.1952;0;1
MENFAA;1;22.5.1925;0;1
MELEHAD;1;29.1.1977;0;1
MARIS;2;9.3.1979;0;2
LOBNA;1;15.1.1980;0;1
ARSALUZ;16;22.3.1948;0;16
BAHIZER;7;16.5.1955;0;7
SAYENUR;8;27.12.1962;0;8
ILTIGIN;1;14.10.1972;1;0
YUTEM;1;21.3.1988;0;1
RUHHAYAT;1;17.3.1928;0;1
NILHAY;2;1.1.1976;0;2
ROSARIO;2;5.5.1959;1;1
GULZEM;10;6.3.1981;0;10
JAYNE;6;15.4.1963;0;6
SHIELA;1;3.9.1979;0;1
LISANDRA;1;21.7.1974;0;1
ALBAN;3;7.1.1963;3;0
RENALYNM;1;12.8.1967;0;1
BERNARDITA;1;22.7.1953;0;1
GRACIA;1;24.3.1954;0;1
NAGE;1;16.12.1991;0;1
CIKITA;1;16.6.1946;0;1
ARMES;1;22.8.1955;0;1
POLIXENIA;1;26.3.1971;0;1
TUTGU;3;11.10.1984;1;2
MEMESIA.M;1;29.1.1954;0;1
GURISIK;2;23.1.1965;1;1
RASIEL;1;22.10.1973;0;1
NIYAZIBEY;2;16.8.1952;2;0
FUKI;1;16.1.1956;1;0
MUBUHAT;2;14.9.1944;0;2
TAGMAC;17;26.4.1977;17;0
MYRNA;1;27.6.1963;0;1
LOWELA;1;18.2.1969;0;1
YEKHAN;5;24.5.1951;2;3
NADIGER;6;24.6.1965;0;6
FERSAL;1;26.9.1983;1;0
SEHERDICLE;1;15.8.1977;0;1
ISMAILONUR;1;9.10.1983;1;0
JOYALTAVAS;1;20.11.1979;0;1
MERLIE;1;18.7.1966;0;1
JONI;1;28.1.1966;0;1
CENIA;1;23.10.1965;0;1
CANSORAN;1;2.2.1963;0;1
NURYASA;4;23.5.1954;0;4
TUGFANAR;1;16.11.1949;1;0
MIRYIBAN;1;23.4.1961;0;1
ZELNURE;3;30.3.1951;0;3
SURAFI;1;30.4.1938;1;0
FATBARDHA;1;11.12.1953;0;1
BASRE;3;16.12.1971;1;2
SINZIANA;1;8.3.1976;0;1
GOKHAY;4;3.9.1986;4;0
CENKSI;1;26.7.1965;1;0
GONCADEHEN;1;2.6.1980;0;1
JOSEPHINE;3;17.6.1965;0;3
LUVIZMINDA;1;3.7.1944;0;1
JOVELYN;1;2.7.1964;0;1
AMELIA;7;4.4.1946;0;7
MARIBEL-C;1;23.12.1959;0;1
VAGARSAK;4;7.9.1942;4;0
TITA;3;8.10.1957;0;3
VIRGINIA-C;1;10.6.1969;0;1
ALGI;13;27.3.1984;3;10
ERKE;5;25.8.1986;5;0
YUMURTACI;1;18.1.1954;1;0
ISMILAY;1;20.2.1969;0;1
CLARITA;1;16.3.1958;0;1
GEMMALYN;1;5.2.1973;0;1
CERAG;9;26.2.1978;3;6
LATIME;5;15.8.1948;0;5
ROSY;1;6.3.1959;0;1
TANAS;16;26.1.1958;16;0
SELISE;4;1.8.1969;0;4
BUGEMGUL;1;15.7.1989;0;1
ERGENE;2;17.4.1941;2;0
ALENKA;2;22.8.1976;0;2
ZAHIRETTIN;2;26.2.1962;2;0
BALIM;28;16.12.1969;10;18
GLADYS;1;15.6.1961;0;1
MIHRINAS;4;19.10.1950;0;4
OZANGUL;2;13.11.1945;0;2
BURKUT;1;2.7.1971;1;0
THEODORE;1;20.1.1992;1;0
SARAPNAL;1;13.5.1951;1;0
ZUBERIYA;1;21.7.1965;0;1
MA.;4;5.2.1974;0;4
SOGOMON;4;1.10.1940;4;0
ONUS;1;6.7.1943;0;1
BUDA;3;22.8.1954;2;1
GOZDEHAN;5;13.9.1983;0;5
MIHRINEV;3;9.5.1972;0;3
CHANTEL;1;2.6.1953;0;1
EVANGELOS;6;9.4.1955;6;0
IOANNIS;3;26.9.1961;3;0
FOTINI;19;9.9.1948;0;19
MAHIZAFER;1;29.10.1976;0;1
VECIDI;1;11.11.1958;0;1
DOGANMERT;1;18.7.1980;1;0
HUNDIYE;1;11.6.1976;0;1
ZEDIHET;1;26.7.1959;0;1
GULFEMIN;1;13.2.1963;0;1
ANNABELLA;1;13.10.1967;0;1
TEHA;2;25.11.1955;2;0
LEANDRA;1;6.1.1974;0;1
REYMANDA;1;1.4.1937;0;1
TEODOR;3;28.2.1957;3;0
LIZETTE;1;18.10.1958;0;1
MUHBERE;3;16.3.1949;0;3
NURSAG;1;16.1.1938;0;1
PINELOPI;5;14.1.1948;0;5
PAZ;1;7.4.1953;0;1
PRESCA;1;3.2.1954;0;1
LYAZZYAT;1;15.4.1971;0;1
EVENGELIA;1;3.6.1979;0;1
FANKA;3;7.8.1972;0;3
HRANT;14;14.7.1954;14;0
POLIKSENI;6;12.7.1956;0;6
ZAKARIE;1;5.1.1990;1;0
ARIELLE;3;22.1.1968;0;3
TAOMAN;1;4.6.1962;1;0
CALISE;10;8.10.1961;0;10
TODORA;3;6.5.1954;0;3
KEMALCEVAHIR;1;7.11.1961;1;0
IVETTA;1;17.3.1968;0;1
MIZHARMUFIT;1;17.10.1936;1;0
ROSELINE;1;24.5.1966;0;1
ULA;9;6.3.1960;1;8
SENBOLIZ;1;3.1.1959;0;1
MORDI;4;22.10.1935;4;0
SAGCEN;1;2.10.1981;0;1
ANTOINE;3;30.9.1976;3;0
YORGIA;8;13.7.1949;0;8
NEEV;1;17.8.1982;1;0
ERCUMENTHAN;1;10.9.1968;1;0
TOMRICIN;1;27.12.1944;0;1
NECDETIHSAN;1;1.7.1931;1;0
SANDY;9;27.12.1982;0;9
BINBIL;1;1.10.1939;0;1
BRIKENA;1;7.5.1984;0;1
M.SELCUK;2;25.5.1974;2;0
LAZARI;7;28.5.1950;7;0
SEFAEDDIN;3;6.7.1945;3;0
PERIGUN;1;23.5.1954;0;1
VASILIKI;55;6.1.1949;0;55
IRINI;31;30.2.1951;0;31
VIYOLETA;5;21.4.1943;0;5
ZERMISAL;1;10.12.1928;0;1
GOKEZ;1;28.11.1974;0;1
SAVASAL;2;13.1.1961;2;0
IDISER;1;12.2.1979;0;1
SERHAY;4;2.1.1979;1;3
HUKMUNAZ;8;15.7.1955;0;8
IRKA;1;7.7.1973;0;1
NEVREST;2;9.9.1947;2;0
YASGUL;6;13.1.1969;0;6
DUZU;2;15.12.1974;0;2
FLUTUR;1;25.11.1975;0;1
SEHRUBANI;2;20.7.1964;0;2
AYRAL;5;10.5.1953;3;2
MELIHAK;1;10.3.1942;0;1
A.YUKSEL;1;12.7.1935;1;0
MAHIDON;1;3.5.1926;0;1
SAHMEHMET;17;24.4.1970;17;0
MUFTEDIN;1;21.7.1954;1;0
LEHMA;1;12.4.1942;0;1
BILIMSEL;5;10.7.1975;0;5
ARSALUYUZ;1;12.10.1950;0;1
TAZIBAT;1;27.3.1950;0;1
MAYRA;4;16.10.1967;0;4
MINETCIM;1;1.6.1973;1;0
BINYASA;4;1.2.1953;4;0
ONCAYI;1;22.2.1967;1;0
ERHANAYDIN;1;18.1.1976;1;0
SELNA;1;21.9.1977;0;1
AVHUSTA;1;27.9.1977;0;1
ULUNECE;1;28.8.1967;0;1
SEHSAT;9;18.3.1955;9;0
PIRAHI;2;26.8.1951;0;2
SELMAN-I;1;5.4.1986;1;0
ILTINAZ;1;27.2.1944;0;1
ZULHUNAR;1;2.2.1933;0;1
FERGAT;24;8.5.1963;24;0
GULORYA;4;27.11.1978;0;4
GULBUG;4;30.11.1981;0;4
RIZBAN;33;18.7.1971;0;33
SUATYALCIN;1;10.8.1974;1;0
ILIBAS;1;11.12.1963;0;1
MEHBARIYE;2;1.10.1973;0;2
GUNYABI;1;7.1.1977;1;0
ABDULULSELAM;1;11.11.1964;1;0
PINARAY;3;14.6.1987;0;3
FENTUZA;1;29.1.1971;0;1
AZINAZ;1;2.2.1957;0;1
ESELET;2;6.6.1969;1;1
ZAYICAN;4;11.4.1967;0;4
LEFUZE;6;22.3.1974;0;6
YADIFER;1;10.9.1971;0;1
NAYIFER;2;25.2.1970;0;2
EBRUNISA;1;1.9.1984;0;1
DUZGEN;3;12.10.1960;1;2
AKSAR;1;9.4.1940;1;0
MUMIMNE;1;4.2.1979;0;1
GULHITAP;1;6.5.1945;0;1
ILDIRIM;2;13.4.1972;1;1
ERENGIL;3;9.5.1979;2;1
BANAS;1;22.2.1967;0;1
ENDINC;2;6.4.1976;2;0
SELMAHAT;2;27.2.1971;0;2
SENSEZ;3;17.7.1974;1;2
APSIN;2;22.3.1957;2;0
CADEDDIN;1;5.1.1975;1;0
OKSEGUL;8;18.2.1963;0;8
ERSAVI;1;7.5.1970;1;0
TACIRIYE;1;3.3.1963;0;1
SULMANI;4;14.8.1957;4;0
ASLIPELIN;1;6.12.1988;0;1
LABAHATTIN;1;14.3.1970;1;0
NURGULU;3;9.10.1968;0;3
MEHMT;3;29.10.1979;3;0
MUTUL;1;17.6.1954;1;0
NEFISGUL;1;26.7.1970;0;1
NECIAR;1;1.3.1971;0;1
NACADDIN;3;10.2.1952;3;0
ABUC;2;5.10.1963;2;0
RIDE;6;13.10.1966;0;6
MUADELET;9;26.9.1948;0;9
HUMEY;2;21.3.1948;0;2
MUSAVEDDIN;3;15.8.1951;3;0
MEMIL;9;25.2.1967;9;0
FADIMEN;2;16.8.1952;0;2
LINDEN;1;11.8.1970;0;1
BAHAL;4;22.10.1965;2;2
INGIYYA;1;17.4.1977;0;1
EMIHANI;1;10.11.1980;0;1
MEHDEN;2;17.10.1967;2;0
MUNEBBIH;1;2.1.1969;1;0
BETDAL;2;2.3.1963;2;0
ABDILHAIT;1;22.2.1937;1;0
LULIZAR;1;22.2.1961;0;1
SEBNEH;1;30.11.1972;0;1
KAMUREL;1;14.8.1957;0;1
SEZIM;13;2.5.1979;1;12
OKANER;7;2.6.1976;7;0
BARNAHAN;1;26.6.1977;0;1
MURAN;6;23.4.1967;3;3
AKMAYA;5;13.9.1975;0;5
AGRIYE;1;2.2.1963;0;1
ERENSE;1;27.2.1980;0;1
ASLU;1;11.4.1968;0;1
BALSENEM;1;16.7.1959;0;1
RAYIZE;17;28.4.1961;0;17
HOSNET;3;8.1.1958;0;3
SINKEY;1;26.10.1966;1;0
PIRGAYIP;7;17.8.1973;7;0
GULBEKAR;7;4.1.1955;0;7
MULTEZIME;9;18.7.1957;0;9
ROJAD;1;11.12.1979;1;0
GULVINA;1;6.11.1970;0;1
GULBIRAZ;3;26.12.1975;0;3
NUS;1;27.8.1932;0;1
NAMIKCAN;1;8.3.1984;1;0
ISKENDERCEM;1;9.6.1974;1;0
IDILHAN;3;4.2.1976;1;2
BUKER;2;23.8.1975;1;1
COSHAN;2;18.2.1971;1;1
COKMAN;1;24.8.1942;0;1
CESMEPINAZ;1;14.9.1936;0;1
MUBAHEDE;1;22.8.1954;0;1
NAKIHA;6;27.3.1949;0;6
DAYIL;12;18.10.1965;12;0
FERITZEKI;1;6.4.1983;1;0
ARIADNA;1;29.3.1973;0;1
GULNUZ;5;5.2.1972;0;5
YRADA;1;12.8.1970;0;1
SAHPOR;1;30.4.1952;1;0
ERKIM;5;21.2.1983;5;0
YELDAGUL;1;30.3.1964;0;1
TEBAHAT;5;15.7.1964;0;5
KUMREL;1;6.3.1962;0;1
ASPASYA;1;15.1.1944;0;1
DURKA;1;2.11.1975;0;1
CEMALED;2;6.1.1957;1;1
CAZIVE;1;21.8.1981;0;1
GUNYA;4;24.1.1968;0;4
TUBABASAK;1;24.7.1979;0;1
SIDENUR;1;3.5.1991;0;1
SANOY;1;26.8.1977;0;1
KALAN;2;27.8.1962;2;0
ABDULVEYSEL;2;14.10.1967;2;0
HUSNEY;4;26.8.1946;0;4
GULFURU;1;7.2.1946;0;1
SEVKUTHAN;1;28.4.1976;1;0
NAKISAVAS;1;4.3.1979;1;0
ISARE;2;18.12.1961;0;2
GULUNNUR;1;2.1.1967;0;1
FERHUNE;1;3.3.1931;0;1
NEVSUHAN;1;14.11.1983;0;1
MUTTEBA;2;4.10.1978;0;2
NAYIR;9;7.3.1965;9;0
ARTEMEL;6;19.5.1951;3;3
HIRZEME;1;17.8.1936;0;1
IKRIMAN;3;14.1.1962;0;3
AZISAN;3;25.5.1965;0;3
OYACAN;3;29.4.1984;0;3
BILKAR;21;3.1.1960;2;19
SERHATHASAN;1;13.12.1990;1;0
TAKIBARIS;1;8.8.1977;1;0
MEKSUR;1;25.12.1953;0;1
HIYBET;27;30.12.1966;0;27
SERAD;4;24.2.1971;4;0
AHTIM;4;12.4.1984;3;1
AIZHAN;3;28.4.1976;0;3
GAZIN;1;30.4.1958;0;1
LUAN;1;3.12.1980;1;0
SARKAY;1;9.9.1990;1;0
ADIYEL;1;17.7.1936;0;1
SESMA;1;5.11.1991;0;1
MULHAKKI;2;30.2.1953;2;0
YAZGUN;9;4.10.1964;0;9
SULASIYE;8;23.9.1970;0;8
TEBERRUS;3;4.10.1977;3;0
LULZIME;1;18.2.1959;0;1
NIVER;30;7.7.1959;0;30
FARFUR;1;27.8.1926;0;1
SEMINEL;1;16.12.1974;0;1
NECMEFER;1;1.2.1985;0;1
DURDUR;14;13.7.1961;0;14
GELVEZIYE;1;7.8.1946;0;1
FEHMINUR;19;30.2.1966;4;15
ALIFIRAT;3;24.9.1978;3;0
GULTERIM;9;7.9.1943;0;9
LUTFICAN;6;12.1.1981;5;1
MIYRAM;2;8.5.1947;0;2
ADINYE;1;16.5.1949;0;1
NAZKIR;1;12.8.1935;1;0
PIYMAN;1;1.9.1930;0;1
YEKATERINA;8;2.1.1980;0;8
ZALIK;7;17.5.1958;4;3
GULDURDU;23;29.3.1963;0;23
NEVVER;2;3.5.1955;0;2
OSETYA;3;19.9.1988;0;3
MENZAR;3;18.5.1951;0;3
BINLUR;1;12.2.1959;0;1
NURKAL;23;18.11.1962;7;16
BAYRAMGULU;1;25.11.1974;0;1
ANAMERYEM;1;4.3.1975;0;1
GOCEREY;5;17.8.1948;0;5
MUSALLI;5;11.8.1966;3;2
EDIBBAKI;1;5.11.1971;1;0
HAYKIS;1;5.2.1955;0;1
TEVUDE;1;2.2.1957;0;1
MEBRUKA;10;15.4.1964;0;10
ZAVER;3;7.12.1959;0;3
KEBOKI;1;19.11.1976;0;1
MUNEHZE;1;15.7.1983;0;1
TEVILA;1;13.10.1977;0;1
CIVAYET;1;19.1.1948;0;1
PERIME;1;14.12.1969;0;1
KUMMAR;1;1.8.1950;0;1
BAVIYE;1;11.5.1946;0;1
BEDIME;3;26.7.1951;0;3
KURSAH;2;6.5.1972;2;0
ARDAGUNEY;1;29.6.1990;1;0
HUSEYIF;1;7.8.1910;1;0
MIRBEG;16;15.3.1965;16;0
URKUN;2;3.12.1960;1;1
BESIRAN;3;6.11.1958;0;3
GULINNAZ;2;21.11.1949;0;2
DURUYEKTA;1;1.1.1;0;1
NIGMER;2;11.7.1948;0;2
CAGRIM;3;8.12.1989;1;2
ZEKAFET;19;25.5.1956;1;18
CANKILIC;1;11.9.1975;1;0
MUSTEINIBILLAH;1;17.8.1924;1;0
PETRE;2;6.1.1976;2;0
TURINA;2;19.7.1947;0;2
BIRLER;1;16.5.1979;1;0
PAMPUL;1;26.6.1951;0;1
MEVLUBE;14;24.10.1947;0;14
SAIMUR;1;3.10.1956;0;1
UMEYSA;4;11.7.1980;0;4
SUDDETE;1;27.8.1932;0;1
APDULHAKI;1;27.8.1938;1;0
HUREYMEN;1;7.10.1976;0;1
KAYABEK;6;12.11.1951;6;0
USTUNBAS;1;22.6.1937;1;0
YLENA;2;7.8.1971;0;2
IMRENAY;1;5.4.1991;0;1
MEHREL;1;4.6.1943;1;0
GULYUKSEL;1;3.4.1937;0;1
KOCAAGA;6;1.10.1625;6;0
UTLU;5;2.5.1968;1;4
YETERAY;1;3.7.1980;0;1
EBUDERDA;4;22.1.1974;4;0
HITEM;1;18.2.1934;0;1
BULYAMI;1;6.9.1979;1;0
EVKEN;1;4.10.1964;1;0
HAMASYA;1;9.10.1957;0;1
NURMAYA;2;16.8.1958;0;2
MESAL;3;23.5.1964;2;1
EFAKAN;3;2.1.1974;3;0
NILSEDA;1;10.4.1975;0;1
AKGUNCEM;1;28.1.1976;1;0
ILKAZ;6;14.1.1965;3;3
SELASE;5;8.5.1970;0;5
KOREHAN;3;30.6.1965;2;1
ATILER;2;20.12.1960;1;1
TERAJE;1;1.3.1974;0;1
SEVINGEN;2;2.8.1977;0;2
HAVSAR;9;26.11.1962;9;0
ZAYIRE;16;4.1.1959;0;16
OLSUN;5;6.8.1965;2;3
TERIHA;1;16.6.1953;0;1
ABTULKERIM;9;12.1.1963;9;0
BEDRUNISA;1;28.2.1956;0;1
NEZENDE;3;7.11.1961;0;3
ABTULHAMIT;4;23.2.1967;4;0
TULLAH;16;24.11.1960;0;16
NAZIREGUL;2;22.8.1972;0;2
NUNKER;1;26.3.1982;0;1
SANIKE;5;8.2.1975;0;5
MENEMSA;5;8.11.1963;0;5
REGAYIF;1;15.4.1979;1;0
PULET;2;24.1.1960;0;2
HURMELEK;6;19.5.1962;0;6
ZAKRIYE;4;7.11.1969;0;4
HUZUDIYE;1;17.4.1972;0;1
IONICA;8;18.2.1974;0;8
GIDER;12;28.8.1954;6;6
SIVDA;1;11.10.1991;0;1
YEKNUR;12;23.12.1979;0;12
ALYONA;4;14.7.1976;0;4
TEKMILAY;6;17.4.1971;0;6
SERMAT;2;24.12.1971;1;1
ALENE;2;7.4.1964;0;2
ULUVER;9;8.11.1965;5;4
RAINER;2;24.2.1976;2;0
MAHBURIYE;2;7.6.1959;0;2
SEDAK;2;6.8.1957;1;1
TIRYAL;1;17.10.1970;0;1
FIRMIYA;1;12.7.1965;0;1
VANCIN;1;7.6.1969;1;0
HAYIF;1;1.4.1956;0;1
CENKALP;2;8.7.1964;2;0
FEMSI;3;26.8.1971;0;3
SEDEFNAZ;2;18.2.1974;0;2
VAKFI;2;20.3.1939;2;0
IPTIHAL;5;11.4.1974;0;5
ZOURIDA;1;30.4.1969;0;1
WALTER;4;7.2.1958;4;0
MURSEVDIN;6;26.12.1961;6;0
SABIYETE;2;13.4.1968;0;2
SEVKENUR;1;11.11.1962;0;1
SENVEREN;1;17.4.1966;1;0
NESIYDE;6;12.9.1964;0;6
KIYIM;7;14.7.1964;7;0
RAHINDER;2;9.7.1965;0;2
BEYBEGI;1;23.3.1936;1;0
ISTENIL;1;24.1.1971;0;1
BEYIMCAN;8;20.1.1961;0;8
GULMEYSE;1;11.9.1972;0;1
RISAMI;1;7.2.1958;1;0
LEYMUR;1;22.6.1964;1;0
BAYDU;3;10.7.1955;3;0
IFETIYE;1;27.3.1944;0;1
ILHAMGUL;1;12.2.1959;0;1
YELIT;22;30.10.1987;0;22
TARJAN;3;13.3.1964;3;0
EVTAT;2;21.1.1965;2;0
IMES;1;24.7.1929;0;1
NEFII;2;29.11.1962;2;0
ABDULVAYIP;1;27.4.1956;1;0
NEVDAT;4;10.7.1957;4;0
FENIYAZ;3;13.10.1964;0;3
LALGUN;1;17.5.1966;0;1
ETKAN;1;21.5.1963;1;0
BAHARCAN;6;28.12.1982;0;6
CAYKUN;4;30.4.1966;4;0
BESA;12;3.2.1975;0;12
UMIGULSIN;2;6.7.1968;0;2
HAYRINNAZ;3;26.2.1950;1;2
SENIHI;9;24.2.1953;9;0
HAKIBER;6;9.5.1966;0;6
BIRCANE;4;17.1.1974;0;4
MURATSANI;1;14.3.1985;1;0
GULSECEN;8;9.5.1969;0;8
RAIT;9;26.8.1961;9;0
DURUNE;1;12.3.1965;0;1
MISKINAZ;9;4.3.1962;0;9
GIRBIYE;1;22.2.1961;0;1
SERELI;1;11.7.1964;0;1
KEVRIYE;1;15.12.1928;0;1
KUBER;7;28.7.1967;0;7
ZILVAT;1;12.6.1935;0;1
ESRIYA;2;19.2.1962;0;2
UGURNAZ;2;1.12.1980;0;2
GULSUNPINAR;1;16.12.1975;0;1
AR;3;24.5.1972;2;1
ZULKAYNI;1;11.12.1955;1;0
YETENGUL;8;20.3.1973;0;8
SEBAVETTIN;1;16.3.1952;1;0
SULBUSE;1;7.2.1946;0;1
VELISAN;7;4.2.1955;7;0
SERAZAT;5;20.7.1962;3;2
MUVERRA;3;8.2.1966;0;3
GILOR;1;18.4.1954;1;0
JALEGUL;4;10.6.1969;0;4
NEYLIN;7;14.4.1984;0;7
OKE;6;18.4.1973;6;0
GORBUZ;6;27.3.1963;6;0
DOGANSAH;3;9.8.1976;3;0
NUHSAL;1;26.10.1964;1;0
ILKSOR;1;1.10.1961;0;1
RIYADIL;1;4.2.1957;0;1
HUMAYUM;1;13.10.1974;0;1
FIKRIYLE;1;28.10.1971;0;1
NURBIGE;6;2.11.1975;0;6
HUKKASE;4;14.9.1960;4;0
TOLUY;2;12.8.1983;2;0
GEZEYIN;1;4.5.1972;0;1
SAHINZAR;2;4.7.1962;0;2
FUNDIK;1;26.4.1977;0;1
ELFE;8;17.4.1954;0;8
MUSAHADDIN;1;8.5.1962;1;0
SIRZEN;1;19.10.1974;0;1
SEHREMIN;5;3.9.1969;0;5
SHENGHUA;1;11.5.1979;0;1
ONGAY;3;2.1.1973;3;0
MUNEDDET;7;19.7.1966;0;7
AGAKARAKAS;1;18.8.1948;1;0
MEFSE;1;27.6.1935;0;1
SEHRINAY;1;12.8.1923;0;1
CALKAN;2;5.8.1987;2;0
AKINCAN;8;15.1.1982;8;0
BURBUQE;2;28.9.1970;0;2
BIKAR;3;14.4.1945;0;3
ULGUZ;1;14.5.1978;0;1
HUDAHIM;2;3.11.1959;2;0
EBUUBEYDE;3;14.1.1987;3;0
SUVERCE;6;18.4.1969;0;6
BAGDENUR;2;20.1.1983;0;2
RAIGAN;2;20.8.1951;0;2
HILAFE;2;26.5.1946;0;2
GULORE;2;27.11.1949;0;2
OBAHAN;4;21.5.1979;4;0
MASES;1;25.2.1976;0;1
ALTINYAVUZ;1;8.11.1963;1;0
SAHUN;5;18.11.1968;2;3
CLEOPATRA;1;26.1.1971;0;1
ERG;1;11.12.1972;1;0
IUNIA;1;17.7.1978;0;1
ZIFTI;7;23.8.1955;7;0
IMGECAN;1;1.3.1990;1;0
SEDEKET;3;26.11.1952;0;3
VENUZ;2;30.1.1981;0;2
NIZEFET;1;11.5.1974;0;1
PEKHAN;3;4.5.1976;2;1
ASFI;1;20.6.1960;1;0
LANAN;6;27.5.1962;0;6
FARIZANUR;1;25.5.1984;0;1
BARKA;2;17.11.1953;0;2
NEFAN;4;21.8.1972;4;0
MARGITA;1;27.3.1952;0;1
EKLICE;3;9.10.1979;0;3
MEHMETFATIH;15;1.3.1980;15;0
CAPKIN;3;30.1.1976;3;0
SAHMERAM;2;29.12.1963;1;1
SAFTA;2;19.1.1972;1;1
SERINHAN;1;9.8.1974;0;1
MICHELE;8;28.7.1963;1;7
IHSANETTIN;10;11.10.1965;10;0
MESYA;3;27.12.1961;0;3
MUBEKER;1;12.1.1953;0;1
IDISE;1;16.10.1929;0;1
JLDS(YILDIS);1;14.2.1977;0;1
VAHYETULLAH;1;2.2.1981;1;0
GOKHANALP;1;1.9.1974;1;0
NINUFER;8;27.1.1967;0;8
JUPITER;4;2.10.1972;1;3
AYBUGE;7;5.6.1986;0;7
TELANE;1;13.12.1939;0;1
DENYAN;1;25.1.1970;1;0
HUNKARER;1;29.3.1974;1;0
HAYRENNAS;1;2.2.1951;0;1
BURZI;1;3.7.1944;1;0
KADIP;2;29.6.1960;2;0
VETANDAR;1;2.4.1956;1;0
TIFANI;1;3.11.1979;1;0
EBICE;2;20.9.1951;0;2
MAVRUS;1;22.8.1949;0;1
CANURE;2;17.6.1971;0;2
MUNAFFER;1;16.8.1971;0;1
AFA;3;12.7.1973;3;0
VETENNUR;1;15.12.1964;0;1
FAALIYET;2;12.10.1972;1;1
SUZINAZ;2;7.9.1950;0;2
BEDLA;3;27.6.1938;0;3
MUHMMED;1;10.7.1991;1;0
MUCIN;4;21.12.1946;4;0
SAYIMCAN;1;2.2.1957;0;1
ZIHLI;1;2.8.1939;0;1
MUTABE;1;7.3.1958;0;1
MIRYAN;5;10.5.1956;2;3
NASAPHAN;1;27.5.1944;0;1
TARKAY;1;7.4.1969;1;0
NEVGICE;2;20.9.1954;0;2
HUZEY;1;21.1.1967;1;0
AKEN;2;16.9.1973;2;0
UNLEM;6;26.12.1973;2;4
ADEMNUH;1;8.12.1979;1;0
LEBIA;4;10.5.1960;0;4
NURIBE;21;26.12.1958;0;21
MUZARIYE;1;26.4.1936;0;1
BERCE;5;9.7.1988;0;5
ONSUN;2;30.1.1968;0;2
NAYMIRE;2;11.3.1944;0;2
NERMICAN;1;2.10.1981;0;1
SERHAK;4;7.5.1989;3;1
MISEVER;1;12.4.1978;0;1
HAMETULLAH;1;24.11.1979;1;0
BAHANNEDDIN;1;18.6.1963;1;0
GULFUDAR;1;10.10.1974;0;1
DEVRIMHAN;1;5.11.1973;1;0
RAPIDE;1;27.8.1926;0;1
ADIZEM;1;7.2.1958;1;0
KEVOT;10;19.7.1970;0;10
KUSEL;1;7.8.1934;0;1
MONEVER;1;16.5.1971;0;1
AYNESAH;1;2.5.1987;0;1
PORSUR;18;5.6.1943;0;18
HOSHABER;1;12.2.1965;1;0
MUSAFER;10;11.1.1966;1;9
ALLIYE;1;1.5.1973;0;1
SAEIMA;1;30.11.1964;0;1
SUMBULAY;4;24.5.1978;0;4
GISMIS;1;11.10.1937;0;1
UMMULGULSUM;4;22.4.1973;0;4
SECAHEDDIN;3;4.3.1949;3;0
HAKIMIN;3;2.7.1974;2;1
HIKMETDENIZ;1;4.7.1979;0;1
AYSIMIN;1;19.12.1969;0;1
NESRAHAN;1;28.7.1989;0;1
ZAYURA;1;20.3.1953;0;1
ENZI;1;6.5.1984;1;0
MUNUFET;2;15.3.1937;0;2
GULPEPE;1;27.12.1970;0;1
MURATABDULKAMIL;1;23.3.1991;1;0
MUHAMMEDHATIP;1;21.3.1992;1;0
DAWN;7;10.3.1965;0;7
SINSAT;1;26.11.1960;0;1
ZOVERE;1;7.5.1982;0;1
MECMEDDIN;9;17.7.1958;9;0
SUKENT;1;14.6.1969;0;1
EBIYA;1;27.2.1974;0;1
EMINBEY;4;8.1.1955;4;0
SAKIROGUZ;1;1.8.1971;1;0
TULICE;1;9.10.1961;0;1
MEHENMET;9;14.11.1967;9;0
CUMHURA;5;21.5.1959;0;5
SAYIDI;2;22.1.1980;2;0
BEDURUK;1;16.3.1976;0;1
IFLAHATTIN;1;22.2.1961;1;0
NEYAFER;3;29.5.1943;0;3
NURGET;2;3.2.1969;0;2
RUKEL;1;10.7.1964;0;1
ISTIMA;6;10.6.1964;4;2
TOKYETTIN;2;19.8.1967;2;0
TOHIDA;1;7.8.1952;0;1
MAHEMMET;2;27.7.1966;2;0
LEDAFET;9;20.9.1955;0;9
BILGEGUL;5;9.7.1975;0;5
IFDAT;2;29.2.1949;0;2
MERSEVDI;1;27.8.1926;1;0
TURAMAN;4;15.9.1948;4;0
YONDER;2;28.7.1968;2;0
YAHREN;1;14.11.1975;1;0
TUNISA;2;27.6.1966;0;2
ABDULSAMEDIN;1;20.6.1953;1;0
SIKKIYE;1;17.2.1978;0;1
HIVRON;3;4.3.1988;0;3
GULIYEN;1;3.4.1967;0;1
MERZULA;1;16.12.1947;1;0
GENERAL;1;11.3.1959;1;0
SAHANGIR;2;29.9.1982;2;0
SADNA;1;20.3.1972;0;1
TURKOVER;2;20.9.1968;2;0
ZINURE;2;15.8.1965;0;2
NILBELGIN;1;12.8.1985;0;1
ALIRUSTEM;2;20.4.1963;2;0
GULCEHEN;1;27.2.1950;0;1
MIRBEK;30;8.1.1969;30;0
ADEMYAVUZ;2;16.1.1979;2;0
HANDAC;1;29.6.1982;1;0
DILEVIL;1;22.2.1973;0;1
KESKE;15;2.1.1955;0;15
VEMA;2;6.1.1977;1;1
SUMEYDE;3;18.9.1974;0;3
BERLIVAN;1;6.10.1987;0;1
SADIKDUHA;1;6.3.1991;1;0
MAYIYILDIZ;1;3.2.1945;0;1
SAYBIYE;5;12.8.1959;0;5
SAHADDIS;2;10.7.1953;2;0
ELVE;3;16.10.1973;1;2
MUMTAC;2;24.3.1972;2;0
GULEDE;1;12.3.1959;0;1
FIRDAFS;1;24.3.1967;0;1
CAVITHAN;2;11.10.1969;2;0
DURUSIMA;1;21.8.1928;0;1
FULGU;3;25.6.1963;3;0
SIPLI;5;26.3.1947;5;0
BADISEBA;6;1.1.1947;0;6
HAVEN;1;1.7.1961;1;0
MEBERRA;2;11.8.1970;0;2
ILMINAZ;34;8.8.1957;0;34
VEISEL;1;14.9.1960;1;0
YIGITKAN;6;11.6.1984;6;0
RAMAZAT;2;27.10.1957;1;1
ERPUL;1;11.10.1987;0;1
NUYRET;1;22.10.1955;0;1
NADULLAH;1;28.6.1966;1;0
FERIDAZ;1;30.10.1967;0;1
MUVECCE;2;10.1.1961;0;2
MUANDIS;2;17.9.1960;2;0
PILTEN;6;27.1.1968;2;4
HAZREDDIN;2;25.1.1975;2;0
SACUT;2;27.7.1970;2;0
ELBURUS;2;26.7.1976;2;0
ZELEH;1;15.7.1949;0;1
HUSNUER;1;21.1.1974;1;0
GULYAGMUR;3;7.6.1989;0;3
FERDIGUL;1;16.2.1963;0;1
FELICIE;1;24.3.1959;0;1
YATKIN;3;5.1.1983;3;0
NOFLU;1;26.7.1947;1;0
ZARFIYE;25;7.12.1960;0;25
GUVENAY;12;20.10.1971;8;4
SEBRINE;1;21.8.1979;0;1
MAVUZAR;1;22.8.1937;0;1
AKDUMAN;1;19.10.1982;1;0
SEFACAN;10;26.5.1986;10;0
SERMEST;11;16.12.1981;11;0
ENOL;10;28.1.1971;10;0
CEMAHAT;2;6.9.1968;1;1
EMRASTAN;1;4.6.1961;1;0
DILESEN;5;29.10.1973;0;5
SELGA;2;12.1.1976;0;2
SUZE;2;5.8.1962;0;2
SEVTURK;2;12.1.1980;2;0
RUNIDA;4;1.7.1983;0;4
LYUDPIYA;1;9.7.1962;0;1
M.RESUL;8;29.1.1956;8;0
CANPULAT;5;20.9.1960;5;0
NIGAME;1;21.8.1970;0;1
TANYERI;7;6.7.1970;3;4
ESBENDIYER;2;4.5.1967;2;0
DELFIRAZ;2;5.3.1963;0;2
NEBAHAD;4;2.3.1959;0;4
GULBADEN;14;11.6.1959;0;14
ZUREFIYE;1;22.7.1967;0;1
TABAT;1;22.2.1967;0;1
DISA;3;25.7.1957;0;3
KUTNAZ;1;3.6.1963;0;1
SARABANU;2;23.3.1962;0;2
TURKIYA;17;5.9.1957;0;17
SIMRUH;1;30.9.1988;0;1
ZEYNEPBIRSEN;1;9.5.1986;0;1
SEHEBET;1;26.3.1966;0;1
PUGUL;1;21.11.1941;0;1
MOHET;1;12.8.1941;1;0
OVKEN;1;21.6.1982;1;0
MUZELIF;2;27.2.1983;1;1
YASAETTIN;5;30.3.1946;5;0
KEFIYA;2;28.9.1954;0;2
ZUMLIYE;1;24.4.1964;0;1
HACIIHSAN;2;18.10.1970;2;0
BAHRUDDIN;2;18.11.1934;2;0
BIYNAT;2;22.2.1967;2;0
ILKNR;1;14.2.1992;0;1
MEMETTEYYAR;1;26.7.1976;1;0
ELYESE;5;14.7.1965;5;0
CANIF;2;25.7.1978;2;0
MEMISALI;2;23.9.1972;2;0
HUDAFET;1;22.8.1949;0;1
TANSELHAN;1;25.2.1970;1;0
D.SEBAHAT;1;10.7.1952;0;1
CURARET;1;2.6.1961;0;1
SAHYAR;1;18.4.1939;0;1
CAYIM;2;26.2.1985;2;0
ISTEGUL;7;2.5.1983;2;5
SEZERNUS;2;3.7.1982;1;1
KAMIRAH;1;28.11.1964;0;1
BAYIL;2;16.5.1964;2;0
GOLFURE;1;29.4.1963;0;1
CENT;6;17.3.1967;6;0
REVYETE;1;2.4.1945;0;1
ZEKAYIR;2;27.10.1965;2;0
MISLIFE;1;19.4.1972;0;1
HULKIYETE;1;12.3.1989;0;1
BEDRILE;1;22.3.1967;0;1
RUHIBEK;3;12.7.1967;3;0
ABDULHEYTAP;1;24.8.1946;1;0
SELMADE;7;5.12.1961;0;7
FEMAHA;1;18.12.1980;0;1
CENGIS;5;26.12.1966;5;0
IMILHAN;1;18.4.1960;0;1
CEVDER;7;7.4.1960;6;1
NESVETE;33;6.10.1948;0;33
HABUR;2;29.4.1986;1;1
ZELLIBA;4;1.8.1955;0;4
RIDAMETTIN;1;2.7.1957;1;0
HAYANUR;1;16.6.1986;0;1
BEYIZAMAN;1;13.10.1986;0;1
ERTINAL;4;20.11.1961;4;0
HUEREM;1;22.8.1961;0;1
NAZMIZE;1;22.4.1973;0;1
SUVAYDE;3;16.1.1960;0;3
SETENE;3;6.7.1968;0;3
ZAKIRYE;3;16.5.1977;0;3
ZAFERGUL;2;6.10.1970;0;2
HAYRULA;3;18.2.1964;3;0
MEGAN;1;3.7.1958;1;0
DERMA;2;3.11.1983;0;2
RUBENT;1;23.3.1973;0;1
SIDRINURDAN;1;19.10.1978;0;1
CETKIN;1;19.5.1972;1;0
ADNAIL;1;16.5.1958;1;0
ZAHIL;1;27.4.1962;0;1
SUVEYLAM;1;6.8.1974;0;1
FAHARI;1;16.4.1963;1;0
ZEMRI;1;2.8.1957;1;0
NICOLAE;1;25.1.1955;0;1
HACINE;2;21.5.1974;0;2
SHAHIRA;1;6.1.1967;0;1
SEPTER;2;19.8.1955;1;1
NURIYAT;2;15.7.1965;0;2
ETNAIL;4;21.2.1965;4;0
CILLO;6;8.4.1959;1;5
NEVYETTIN;1;7.2.1958;1;0
NESPULLAH;1;16.4.1980;1;0
ABDULRAHMI;2;28.5.1950;2;0
AVCIMEHMET;1;26.5.1949;1;0
MEZEN;1;12.8.1923;0;1
MENANT;1;27.1.1956;0;1
SERGUR;6;15.8.1967;0;6
NURIMEHMET;3;23.2.1955;3;0
HASANLUTFI;3;18.5.1956;3;0
SABEHE;4;21.7.1957;0;4
NILGIL;3;8.6.1964;0;3
GULBURCU;1;1.2.1985;0;1
BELGINHAN;1;30.1.1966;0;1
SERAFNAZ;6;29.12.1949;0;6
ETEHEM;5;9.9.1961;5;0
MELEKZADE;2;27.5.1974;0;2
ZULFIZE;3;9.8.1957;0;3
RIDAMEDDIN;1;22.11.1991;1;0
LIBARI;1;2.6.1958;0;1
MUDIL;1;21.6.1983;1;0
ZUBERA;2;12.2.1951;0;2
GULANDIM;1;22.2.1961;0;1
GOGDEMIR;1;12.6.1935;1;0
MERHALI;1;17.8.1986;1;0
SEDALET;13;28.6.1962;4;9
SUMMAN;1;16.1.1971;1;0
M.ESREF;13;28.11.1958;13;0
GULTEMET;1;6.6.1968;0;1
EFNAL;1;3.10.1990;0;1
ZELUS;4;25.3.1947;0;4
BELLISAH;2;21.1.1957;0;2
MIRILE;1;7.4.1934;0;1
UMEYMEN;1;13.8.1947;0;1
SUGDEM;1;20.2.1991;0;1
VESE;1;4.10.1977;0;1
SAHMURAN;5;14.2.1974;3;2
NEVRUZHAN;1;22.5.1966;0;1
BEREDE;1;12.8.1947;0;1
NEBIYAT;2;15.3.1956;0;2
MURTAZI;1;14.3.1949;1;0
YAGAN;3;3.11.1984;3;0
EMRULBALA;1;28.11.1974;1;0
IHLAMI;2;28.9.1961;2;0
GAMYEMEZ;1;12.3.1971;1;0
ALAHUTTIN;1;2.3.1957;1;0
MEYLUBE;1;26.9.1936;0;1
SELAMDAR;1;16.4.1951;1;0
HIVI;9;27.3.1985;0;9
SAHFIYE;3;15.5.1962;0;3
MIHVIYE;2;17.3.1968;0;2
CANDILAVER;2;9.5.1963;2;0
AYSESEL;1;19.12.1975;0;1
NAZENAN;1;9.8.1931;0;1
SEVGIDAR;7;18.10.1969;0;7
SANEYE;2;11.7.1967;0;2
RESSAM;2;14.8.1961;2;0
OKU;2;15.5.1971;1;1
VEFAIL;6;9.7.1960;6;0
M.VEHBI;2;23.3.1951;2;0
MUCEHHET;1;14.10.1937;0;1
MINYASE;3;21.2.1942;0;3
FAHIRIYE;1;29.4.1956;0;1
DIYALETTIN;1;26.1.1979;1;0
TERGULE;1;2.5.1945;0;1
HALUKA;5;13.9.1964;0;5
MUTEP;4;3.11.1957;1;3
MASIDENUR;1;29.7.1991;0;1
ZELIYKA;1;27.4.1983;0;1
YEKPUN;1;27.8.1980;0;1
BINAZER;7;18.1.1979;0;7
SUMURA;3;16.10.1975;0;3
ZENZAHAT;2;27.5.1932;0;2
HULISKER;1;7.12.1945;1;0
M.KENAN;4;28.2.1938;4;0
SOEYLA;1;22.7.1943;0;1
SEDAMEHDI;1;8.4.1964;1;0
AYNAGUL;8;9.9.1971;0;8
KOKTURK;2;20.2.1981;2;0
LIBIR;1;12.6.1977;1;0
KOPARAN;7;30.9.1967;7;0
PEKUN;6;2.2.1973;5;1
IBRUSUM;1;25.3.1934;0;1
FIKRANI;1;30.12.1949;0;1
PAYOL;1;21.5.1969;1;0
HURUGUZAR;1;1.1.1;0;1
SERMANE;2;2.5.1961;0;2
MIRADIN;1;21.1.1952;1;0
SOHOYLA;12;10.3.1963;0;12
ESMAUN;1;26.4.1971;0;1
IYEM;1;23.10.1990;0;1
CUNIYIT;4;12.2.1966;4;0
FLOAREA;7;6.1.1964;0;7
SUBUYA;1;7.8.1970;0;1
SEBENE;1;1.4.1972;0;1
MUNUYSE;2;5.4.1952;0;2
SOFERNAZ;1;9.4.1946;0;1
HETEMSULTAN;1;5.11.1971;1;0
EMIRSULTAN;9;1.5.1970;4;5
SEMSIMAN;5;22.4.1964;0;5
ZEDAFIYE;6;6.9.1948;0;6
TIMNUR;1;22.10.1979;0;1
SARMASIK;1;24.5.1986;0;1
EBUHANIFE;2;17.11.1956;0;2
FIDED;1;1.6.1954;0;1
MELAIP;2;11.10.1967;2;0
MEVAHIR;3;16.10.1948;0;3
YURDISAN;2;21.3.1958;1;1
ABDULNIDAYI;1;6.10.1948;1;0
MUZAMIYE;4;17.1.1967;0;4
MILAFER;2;8.4.1950;0;2
ABUZEYID;2;22.1.1946;2;0
BOYRAS;1;3.3.1963;1;0
DILBERNAZ;34;17.8.1957;0;34
KAMILRAMAZAN;1;12.1.1971;1;0
DALGIN;3;1.12.1983;3;0
DEYHAN;8;25.9.1963;7;1
PORSE;1;18.4.1964;0;1
RUKOC;1;17.8.1924;0;1
SEMAHE;2;25.8.1958;0;2
NESILA;1;11.11.1964;0;1
DINDAN;2;1.4.1969;1;1
EREFAT;1;21.12.1981;0;1
SEYYIDDUL;1;7.9.1981;1;0
ERDON;2;2.5.1958;2;0
SEGRAN;2;3.7.1979;0;2
AYPET;1;4.4.1963;0;1
CULBEY;1;22.11.1973;1;0
ZENCEBIL;5;11.7.1960;0;5
BESIRNAZ;1;17.3.1960;0;1
TUTCAN;1;18.5.1970;0;1
APTURAHIM;9;20.5.1966;9;0
SALAVET;1;7.5.1964;0;1
SIRYAN;1;15.2.1974;0;1
ISEYIN;2;22.7.1972;2;0
NURSELLIM;1;16.3.1967;1;0
KASEL;1;24.4.1963;0;1
SEYDAT;6;21.1.1963;6;0
SONGULUM;1;7.7.1970;0;1
ISMIGULSUM;3;7.3.1964;0;3
GULLIK;1;2.4.1975;0;1
EHLUZE;4;13.12.1943;0;4
GURSIRAY;1;25.6.1981;1;0
SUBADE;1;1.4.1983;0;1
SEFRIN;1;20.10.1991;0;1
FEHRUNAR;1;17.10.1953;0;1
SUHEDDA;1;26.8.1964;0;1
EMRAFE;1;9.1.1964;0;1
SAHBANUR;5;3.3.1974;0;5
TURCUHAN;13;15.5.1969;0;13
TUTEL;1;1.10.1979;1;0
MUMKINE;1;21.1.1966;0;1
ABLIHAN;3;24.7.1978;0;3
ESKIYA;1;27.2.1992;1;0
OMERZ;1;17.4.1990;1;0
SOYNAMAZ;1;22.2.1979;0;1
YASEMAN;3;28.10.1963;0;3
MUHINE;4;23.3.1953;0;4
MUCDEVA;1;17.4.1983;1;0
ALEMDER;7;3.10.1973;7;0
INZILA;3;25.9.1967;0;3
SAMIGUL;6;4.6.1970;0;6
UNIZE;52;26.1.1963;0;52
NURDANUM;1;2.2.1981;0;1
OZRUHI;1;26.8.1982;1;0
MUHAMBBET;1;2.11.1975;0;1
TEFTI;1;14.2.1982;1;0
MEHMETHALIT;8;15.7.1966;8;0
GULLINAR;4;29.9.1954;0;4
PAIZET;1;2.3.1951;0;1
TENNIYA;1;24.7.1973;0;1
PEHLULUDANE;1;26.3.1954;1;0
MEMELI;1;30.2.1940;0;1
BAKCAL;1;21.7.1962;1;0
CICGEK;1;1.9.1977;0;1
GUNNIMET;1;3.6.1951;0;1
ERGUCEN;1;22.5.1980;1;0
PANZEHIR;1;12.3.1953;1;0
ZEKALET;1;6.12.1972;0;1
CESBINAZ;3;2.3.1973;0;3
GULISTER;4;2.1.1958;0;4
MUZELLER;1;21.11.1965;1;0
SIKMEHMET;1;27.2.1980;1;0
GULUDAR;2;18.7.1975;0;2
RUDIL;50;20.9.1961;1;49
SABDINER;1;3.3.1975;1;0
MELIYHAN;1;24.1.1973;0;1
SURMANI;3;19.1.1960;3;0
NUTVULLAH;1;22.2.1967;1;0
HARSUN;16;11.4.1950;0;16
SAMSETTIN;4;28.7.1960;4;0
SUBEYDAR;1;7.3.1956;0;1
MUSKULE;15;27.8.1958;0;15
HUVET;2;5.10.1970;1;1
FULDEM;11;30.12.1984;0;11
IPTEK;1;22.6.1973;0;1
GULLUNAR;12;14.7.1963;0;12
BEYRINAZ;1;19.7.1942;0;1
SAIBAN;2;22.4.1959;0;2
BADON;46;14.12.1948;0;46
JANAT;2;9.4.1974;0;2
GULALAN;4;8.6.1962;0;4
MEVIL;2;23.6.1976;0;2
ADIJDA;1;1.6.1983;0;1
ILFIRAZ;1;22.2.1967;0;1
KUTBI;15;21.2.1963;15;0
TEZBICIHAN;1;2.8.1935;0;1
SELLA;11;26.9.1960;0;11
NEFREZ;1;11.2.1975;1;0
ZUBYE;1;29.2.1945;0;1
MANSUT;1;5.5.1951;0;1
KULBETTIN;1;10.5.1964;1;0
LALIA;1;5.2.1957;0;1
ABDULBEDIH;3;21.10.1965;3;0
GULFUSET;1;7.11.1961;0;1
FIRINCAN;3;16.4.1970;0;3
HAMENGUL;1;15.2.1957;0;1
MIHRIALI;1;12.2.1965;1;0
HAYRUNAZ;1;11.11.1948;0;1
ZERNUS;3;28.12.1957;0;3
FEKRETTIN;1;19.2.1953;1;0
SAHNERAZ;1;22.2.1961;0;1
IIKNUR;1;17.10.1974;0;1
BIRGITE;1;30.4.1979;0;1
CEVAHIT;2;18.11.1946;2;0
NAKIM;5;26.3.1953;5;0
M.TURAN;6;5.5.1949;6;0
RENZIYE;2;24.4.1969;0;2
GASEDIN;1;30.7.1965;1;0
SUBIH;1;19.8.1972;0;1
DURBAY;10;5.1.1970;9;1
GUENDAN;1;6.6.1966;0;1
ABDULCEBER;1;7.2.1952;1;0
TENIR;1;16.4.1975;1;0
FAHDETTIN;5;30.3.1969;5;0
AZIZBEY;1;16.5.1962;1;0
GULISIK;9;10.3.1970;0;9
ERSUMAN;1;24.5.1990;0;1
FILET;2;16.11.1973;1;1
NIBRASETTIN;1;7.3.1982;1;0
GANNETA;1;16.10.1970;0;1
CANBEZAR;3;10.8.1956;2;1
GULSAZ;2;22.9.1959;0;2
GONUY;1;1.10.1967;0;1
ESREFNAIL;1;4.12.1968;1;0
SAVERDI;1;22.11.1971;1;0
RODIL;7;7.11.1957;0;7
GOZIK;2;22.8.1925;0;2
OLTAY;7;12.4.1977;7;0
NURVEDA;1;10.5.1982;0;1
GULBAHCEDE;1;24.11.1947;0;1
SEBHIYE;1;12.2.1965;0;1
MEYAL;3;13.1.1982;0;3
DADALI;2;29.8.1969;2;0
HAPEY;5;11.3.1956;0;5
SAZBUR;1;21.9.1940;0;1
CEMGUL;9;14.6.1973;2;7
ZERIMAN;2;3.6.1978;0;2
ZERISAH;5;16.4.1973;0;5
NISRAH;1;24.10.1963;0;1
SINAGUL;4;14.3.1959;0;4
H.KEMAL;3;22.5.1955;3;0
BACIK;2;18.4.1956;0;2
SITVA;1;2.2.1963;0;1
SUGDAN;1;8.3.1982;0;1
ALISELCUK;1;5.1.1985;1;0
BILECEN;1;17.1.1948;0;1
BETULCEMAL;1;29.1.1974;0;1
NAZEMI;1;23.4.1956;0;1
TAMSIN;1;16.6.1958;0;1
NAYGUL;5;19.10.1974;0;5
MEHNET;1;20.12.1988;1;0
ZAADET;2;7.10.1966;0;2
KUBURAY;2;18.6.1976;0;2
ERCED;1;10.10.1965;1;0
KEMO;7;23.11.1936;7;0
DISLET;1;11.9.1980;0;1
SIYAPOS;4;7.7.1971;1;3
AGAMAN;1;18.5.1954;1;0
TOPARLAK;2;6.8.1943;0;2
SAHAZEN;1;21.5.1971;1;0
NAZARGUL;2;18.3.1961;0;2
AHENDEM;1;17.7.1978;0;1
MUSEYIB;2;4.2.1972;2;0
ABRISIM;1;22.2.1955;0;1
SEMAMI;2;17.4.1965;0;2
SEVREHAN;1;17.4.1990;0;1
HACIMUHARREM;1;26.10.1989;1;0
ZERDEHAL;2;14.9.1973;0;2
MERDAGNE;1;13.4.1984;0;1
INCIRE;2;4.2.1974;0;2
NAZAAT;4;21.12.1966;0;4
SAFAYNUR;2;28.5.1969;0;2
SULFIGAR;1;2.2.1975;1;0
ILIN;7;18.9.1966;0;7
ZIYAH;2;6.10.1949;2;0
TEKER;3;21.2.1949;3;0
SEMIZER;5;25.10.1953;0;5
MUSEFFER;3;25.12.1950;0;3
MEDOS;1;16.2.1965;0;1
SEBRINA;1;21.4.1981;0;1
BAZIGUL;1;5.10.1978;0;1
SULTE;2;27.1.1926;0;2
ERMEHTAP;1;25.10.1974;1;0
BATER;3;23.11.1951;3;0
CANPEK;2;29.4.1950;2;0
HACISULEYMAN;1;16.3.1959;1;0
EFCAN;2;17.11.1983;2;0
NUSEYLI;1;6.11.1974;1;0
AGBEY;6;6.3.1963;5;1
CETIL;1;27.2.1974;0;1
LABUDE;1;6.10.1979;0;1
KIBRIKIYA;1;26.5.1972;0;1
ELMEHAN;1;12.3.1964;0;1
VEZZAIM;1;11.11.1960;0;1
SAZIHE;1;19.12.1949;0;1
SARVET;1;2.2.1957;0;1
ALDIZ;2;6.11.1955;0;2
OLKUNAY;1;22.3.1979;0;1
SANIN;2;28.11.1952;0;2
SATVIYE;15;2.10.1962;0;15
BADIRHAN;1;14.2.1965;1;0
GOLCEN;4;23.7.1976;0;4
KIZLARBEY;4;26.6.1956;0;4
AFGUL;2;2.10.1973;0;2
LIMUNAT;1;22.5.1965;0;1
GULFAT;1;8.8.1981;0;1
ZERDES;3;10.1.1981;3;0
LUBERDE;2;9.2.1973;0;2
MIHRAZAT;1;22.3.1967;0;1
NITEM;4;16.12.1983;0;4
MUHAMMEDABDURRAHMANMUSAB;1;21.1.1984;1;0
ZELVET;32;2.7.1963;0;32
GULNALIP;2;17.2.1951;0;2
MELIJA;2;14.1.1959;0;2
KATIM;1;7.3.1939;1;0
MUJIGEN;1;8.5.1946;0;1
NUZEYIN;1;19.12.1950;0;1
HUSETIN;1;16.2.1965;1;0
PERAZAT;1;27.9.1948;0;1
MURKIT;1;18.3.1941;1;0
NILIBEL;2;4.1.1977;0;2
HADECE;1;12.2.1965;0;1
FEDHULLAH;1;22.2.1979;1;0
FAHDET;4;12.8.1969;4;0
NAYDA;10;9.5.1958;0;10
SEDMIYET;1;1.1.1;0;1
TOMRUS;4;29.5.1952;0;4
HAYZIN;1;8.6.1970;0;1
ASIKAN;4;26.5.1960;1;3
SEADETDIN;2;25.11.1951;2;0
MEHINAZ;4;15.3.1946;0;4
SEFLER;2;30.1.1971;1;1
SATIFET;1;14.4.1957;0;1
SALATE;3;5.5.1965;0;3
EDGU;5;12.5.1983;0;5
GULRIHAN;4;25.6.1960;0;4
HORIPSIMA;4;25.3.1938;0;4
SERAFFET;1;5.7.1970;0;1
MUMEYLA;1;12.5.1964;0;1
KAPARAN;1;21.7.1964;1;0
LELIZAR;2;27.5.1954;0;2
MULHAN;4;20.7.1965;1;3
NUNSAR;1;18.12.1979;0;1
MURIGUL;2;12.12.1949;0;2
MUHAMMETSENAN;1;20.10.1982;1;0
ISDEK;3;20.8.1970;1;2
SABICHA;1;22.8.1961;0;1
OZEIR;2;19.12.1976;2;0
READET;1;7.3.1946;0;1
BIRAYSEN;1;19.11.1963;0;1
OGULGUZEL;1;9.3.1975;0;1
KAZIBEY;1;11.5.1957;1;0
ARIKNAS;3;17.8.1953;0;3
SOYLEYAN;1;18.2.1953;0;1
FEYZEL;1;30.1.1974;0;1
SAMETCAGLAR;1;5.8.1990;1;0
FERISDE;7;19.7.1974;0;7
RAVITTIN;1;2.2.1974;1;0
SONVERDI;1;2.5.1975;0;1
HAYRUNNIDA;1;5.11.1934;1;0
NERDIHAN;1;6.5.1978;0;1
SEMYAM;1;9.5.1980;0;1
HASERET;1;12.1.1969;0;1
BUCAR;1;9.10.1979;1;0
ZUHELYA;1;15.2.1981;0;1
SUTSER;2;17.7.1967;0;2
ZULMEY;1;19.12.1981;0;1
ONESER;7;22.4.1963;0;7
SAMEZET;6;16.11.1954;0;6
MILIKHAN;1;23.4.1937;1;0
BESIHA;6;21.2.1964;0;6
KADIMENUR;1;28.4.1963;0;1
KOSUM;1;25.2.1943;1;0
NESRINGUL;7;12.12.1965;0;7
MUCCET;3;22.8.1959;3;0
SEMAHANIM;3;25.7.1960;0;3
MUBIJE;1;19.6.1966;0;1
TATAVU;2;17.11.1950;0;2
MAVUC;24;3.5.1953;0;24
SANSIMET;1;9.2.1963;0;1
NUMETYE;1;8.7.1964;0;1
YALDUZ;6;13.5.1960;0;6
HAYRISUAT;1;21.11.1976;1;0
JANLI;1;18.4.1976;1;0
BATTON;3;23.4.1946;0;3
UKUYAN;1;16.7.1974;1;0
RIBUS;1;22.8.1931;0;1
HURISA;3;17.8.1948;0;3
UMMULBANI;1;10.2.1941;0;1
MERSUBE;1;11.4.1957;0;1
TUGUSHAN;1;29.7.1986;1;0
YEDDIYE;1;30.12.1960;0;1
NIRSEN;1;13.4.1970;0;1
VENNUR;6;1.9.1975;1;5
DAHALET;3;10.2.1948;0;3
SAINAS;2;14.7.1954;0;2
MERINA;1;22.4.1943;0;1
M.TEYYIP;1;21.3.1939;1;0
PIRYAL;1;26.5.1948;0;1
DAYENUR;1;3.5.1987;0;1
NEZAHIM;1;13.5.1956;1;0
BEDUCCEMAL;1;25.3.1929;0;1
NIZAYE;1;7.2.1958;0;1
MAKSUDDIN;1;24.4.1976;1;0
LABIGIAR;1;22.11.1970;0;1
SIYAGUL;1;7.7.1970;0;1
MELEKZAT;5;24.9.1948;1;4
ALTINAZ;1;26.7.1967;0;1
MUKARREF;1;22.8.1949;1;0
SEREHYA;1;16.2.1969;0;1
SAABE;1;27.9.1952;0;1
LUTFUIHSAN;2;1.7.1943;2;0
EDIPSER;1;26.7.1981;1;0
YERTEN;1;3.8.1970;0;1
CUHEYDA;4;3.2.1962;0;4
ASIMHAN;2;20.8.1983;2;0
ESRACAN;1;3.11.1974;0;1
NIYAZEDDIN;3;26.3.1972;3;0
SUPHIA;1;17.2.1972;0;1
CANSERIYE;2;28.8.1942;0;2
SERANAD;3;2.5.1983;0;3
ERBINAR;2;10.5.1955;2;0
MEYHETTIN;8;5.8.1963;8;0
PIRGUZAR;1;29.4.1964;0;1
VEHABBEY;1;13.5.1955;1;0
MEHSELMIA;1;3.3.1963;0;1
ALIERMIS;1;14.1.1985;1;0
FATMATULZEHRA;11;1.10.1976;0;11
DIKNUR;1;29.4.1968;0;1
ALIYSE;1;17.11.1977;0;1
GUNPASA;2;26.2.1949;0;2
FEHBIYE;1;12.3.1959;0;1
GULNURUZ;1;16.9.1971;0;1
ZULUYHA;14;16.4.1968;0;14
PAYEN;1;16.4.1976;0;1
FUAMETTIN;2;11.8.1955;2;0
GULYETAR;12;26.5.1962;0;12
NOHUBE;2;23.1.1948;0;2
BENGITUL;1;20.11.1943;0;1
MUHLISCANER;1;18.11.1975;1;0
MEHMETDERYA;1;20.11.1973;1;0
BILDAHAN;1;27.12.1974;0;1
FIRDESF;1;8.4.1976;0;1
ERSAIP;1;13.11.1962;1;0
CEMAHINUR;9;6.9.1957;0;9
MURSEVDI;2;5.11.1956;2;0
AKINSOY;1;22.9.1985;1;0
KUTLUZZE;1;14.2.1953;0;1
PALAVI;1;22.7.1961;1;0
BAGA;1;29.1.1974;1;0
CANBEKTAS;1;21.10.1972;1;0
SAZIMANT;1;16.9.1963;0;1
CAMALITDIN;1;21.8.1952;1;0
BEDRISAN;2;2.11.1947;0;2
TUGUZHAN;1;3.3.1975;1;0
MEHMETGAFUR;2;29.6.1983;2;0
BIRKE;6;16.6.1990;1;5
ANAGAZ;1;1.5.1979;0;1
NEBANUR;1;18.9.1987;0;1
ABDULHAMITHAN;3;25.10.1986;3;0
MONIS;6;25.1.1952;4;2
HEMAYE;2;15.9.1965;0;2
ICABEDDIN;1;27.3.1968;1;0
KEMETIYE;1;12.4.1963;0;1
ASKUN;3;7.3.1978;2;1
BADIHA;3;6.2.1967;0;3
YAZGULUN;1;25.11.1958;0;1
NEJLIN;9;22.7.1968;1;8
MEJMEDDIN;3;3.3.1963;3;0
NEZERRA;1;26.6.1963;1;0
M.HADIN;1;19.4.1949;1;0
CEVAK;1;21.2.1963;1;0
AHMETAGA;1;19.3.1977;1;0
FATIMATIZZEHRA;2;9.9.1975;0;2
HURDANE;5;23.7.1973;0;5
FERSANDE;3;25.12.1980;3;0
BEYZATI;1;6.9.1971;1;0
CAGGUL;2;12.5.1990;0;2
SAHINDEGUL;1;20.1.1992;0;1
IBI;1;19.4.1969;1;0
NACAN;1;22.2.1973;0;1
HISBULLAH;2;7.2.1970;2;0
GULNIBAR;1;27.6.1974;0;1
KUVESI;2;25.3.1967;2;0
ZENDIFE;6;27.12.1967;0;6
SUVEYLAN;4;19.1.1959;0;4
ALIRITVAN;1;25.9.1971;1;0
SUBEGUM;1;8.12.1970;0;1
ECU;1;17.2.1954;0;1
VEACESLAV;2;30.5.1980;2;0
PIOTR;4;2.5.1967;4;0
SEIGHIUL;1;24.3.1976;0;1
OZGURMUTLU;1;15.7.1981;1;0
MINODORA;1;10.3.1973;0;1
BENIHA;9;28.9.1963;0;9
MAFURET;1;8.4.1992;0;1
CEFO;1;18.10.1961;1;0
BOHAC;2;20.11.1979;2;0
DAGASLAN;10;25.10.1974;10;0
RIYZE;3;5.12.1945;0;3
MUHALETTIN;1;21.1.1954;1;0
RAHINDE;5;17.10.1940;0;5
FESLEYEN;1;11.7.1938;0;1
AYDURSUN;2;10.2.1967;2;0
IBRRAHIM;3;11.12.1985;3;0
MAHBEN;1;29.5.1984;0;1
MUHLISENESLIHAN;1;18.1.1978;0;1
GULINAR;28;9.9.1958;0;28
SERAHFETTIN;2;26.3.1967;2;0
OZGEC;1;25.9.1972;1;0
EVEREST;3;14.4.1966;3;0
SEAYIP;1;30.10.1972;1;0
ABDULGIYASETTIN;1;3.1.1963;1;0
OZGUR.;1;15.4.1979;1;0
BINNAZAN;1;22.8.1943;0;1
AYAER;1;14.3.1964;1;0
UYKAR;2;22.4.1969;2;0
DUKMAN;1;22.3.1961;0;1
YUZDE;1;22.3.1979;0;1
MAHUSLU;1;1.3.1985;0;1
NARUN;7;18.8.1958;5;2
EVSAP;1;2.12.1961;1;0
CEBBINUR;1;1.10.1972;0;1
HUZEMETTIN;1;27.8.1950;1;0
SEBAIL;10;10.1.1964;9;1
MERZUBIYE;1;11.6.1967;0;1
GUVENCAN;2;2.2.1979;2;0
MANDANA;4;9.7.1969;0;4
MUJDEZER;1;20.5.1930;0;1
BELIL;6;15.4.1965;3;3
LEZDE;1;2.2.1963;0;1
MAFERUZ;2;28.5.1961;0;2
CUMER;1;20.4.1953;0;1
GULFORIYE;1;2.2.1945;0;1
NURCEVAT;1;8.9.1944;1;0
OZBEGI;1;16.12.1970;1;0
BEDIATUL;2;14.6.1960;0;2
EZI;2;25.1.1956;1;1
NESFA;5;1.1.1975;0;5
KAMILDURSUN;1;1.3.1972;1;0
TUKAZZIBAN;1;21.1.1973;0;1
NURIEFSAN;2;8.10.1939;0;2
NAZIRITTIN;1;21.9.1951;1;0
MIKA;1;2.10.1987;0;1
BUJRA;4;22.6.1985;0;4
FETAMETINI;1;28.3.1974;1;0
KUDRETHAN;3;11.8.1971;0;3
YAGMURHAN;3;12.9.1987;1;2
ERLAN;4;6.8.1967;3;1
ETKA;1;21.7.1987;1;0
AKKIN;13;25.8.1955;12;1
APDULBAGI;1;20.1.1965;1;0
TOYDA;2;7.9.1964;0;2
AYNALIHAYAT;1;3.2.1939;0;1
BIYASETTIN;1;3.9.1968;1;0
MEHTUL;1;27.2.1974;0;1
ASMEN;4;20.10.1976;1;3
SEVBA;2;16.2.1988;1;1
SEVNIC;3;7.3.1977;0;3
LEZAHAT;1;30.6.1971;0;1
IHTISAN;2;23.12.1976;1;1
TAHKIN;1;13.6.1976;1;0
DUDAL;1;12.4.1951;1;0
DALA;1;1.11.1943;0;1
AHIBABA;1;12.4.1947;1;0
MUMTEKA;1;18.3.1936;0;1
GARIPAGA;1;21.1.1983;1;0
FEHCIMA;1;22.2.1979;0;1
EKRAL;1;27.9.1962;1;0
VASBIYE;7;11.4.1960;0;7
MEMDULLAH;1;16.1.1941;1;0
AYGUM;1;16.5.1973;0;1
SEDRIEZEM;1;21.3.1940;1;0
SUYTANI;1;25.3.1973;0;1
CIYSE;1;10.2.1979;0;1
SELOMO;15;17.12.1958;15;0
ERKI;2;30.1.1944;1;1
MARIYON;1;22.7.1968;0;1
MUDEBBIR;7;1.2.1949;2;5
UNSELI;3;23.1.1970;0;3
IHSABET;19;10.11.1938;0;19
UFEKAT;1;6.2.1937;0;1
OKKOS;2;12.5.1953;2;0
TUMRUL;3;13.5.1943;2;1
TRAUTE;1;28.11.1940;0;1
AZERNUR;1;6.9.1943;0;1
BENTAM;1;27.2.1939;1;0
NUKENT;3;6.6.1310;0;3
NESETE;5;18.11.1943;0;5
FENIK;1;7.8.1952;1;0
RICHARD;11;20.11.1961;11;0
ERMIRA;3;15.4.1967;0;3
TOREM;1;8.5.1984;0;1
BEGUMAY;1;23.7.1991;0;1
PUPILI;1;22.11.1955;0;1
NISANSU;1;3.1.1992;0;1
ULRIKE;5;5.6.1962;0;5
KLAUDIA;5;25.8.1970;0;5
ERDEMYUNUS;1;17.11.1988;1;0
GIZRA;1;30.10.1988;0;1
UCOZ;1;7.3.1947;0;1
CABI;2;17.6.1933;2;0
BULGU;3;21.9.1968;0;3
BUGA;1;26.10.1958;1;0
JENNETTE;1;26.7.1961;0;1
OLGUNLISANI;1;7.5.1960;1;0
REYNUR;1;22.3.1952;0;1
SEKENDIZ;1;22.5.1934;0;1
ILKSEV;13;2.11.1965;0;13
NILGULAY;1;15.4.1964;0;1
MUCELLEL;5;19.5.1946;0;5
REBEHA;3;13.2.1960;0;3
DURADEN;2;10.2.1946;0;2
TEODORAS;1;26.3.1951;1;0
SUSNIDE;1;24.1.1960;0;1
TOLIN;6;5.10.1957;0;6
SABRIGUL;1;22.8.1943;0;1
NILBAG;2;20.7.1969;0;2
AKINSAL;3;15.1.1966;3;0
BUSECIN;1;4.1.1987;0;1
BUDAKAN;1;29.10.1982;1;0
NESLIPIR;3;6.11.1965;0;3
IFAHET;1;29.2.1955;0;1
NEVHAYAT;7;29.7.1946;0;7
GUNERAY;4;29.12.1962;1;3
GEYSU;8;7.10.1972;0;8
HALILENDER;1;29.10.1951;1;0
ORJIONE;1;25.8.1968;1;0
TIYNET;2;7.7.1959;1;1
M.AYHAN;4;2.5.1951;4;0
ZERMINE;3;2.8.1954;0;3
BUGET;7;16.11.1975;0;7
TANIZ;4;3.12.1947;1;3
MASOUMEH;6;28.11.1961;0;6
OREPSIMA;1;4.6.1933;0;1
PURUN;1;30.8.1985;0;1
BULCAY;12;20.12.1970;0;12
ULIYA;5;26.8.1967;0;5
OROZ;1;12.2.1938;0;1
KAMILEI;1;17.7.1930;0;1
SVAN;1;11.9.1980;1;0
TANPINAR;1;22.1.1972;1;0
SEMUBER;1;27.8.1932;0;1
NOHRA;1;16.9.1969;0;1
DEMIRIZ;1;1.11.1948;1;0
TULLAY;5;5.8.1964;0;5
SEVICAY;1;26.9.1944;0;1
MUHALHEL;1;2.10.1947;0;1
MUJE;1;11.4.1980;0;1
ALIZ;5;6.7.1954;1;4
ONGU;3;20.9.1983;2;1
MUBUBE;1;21.6.1935;0;1
RINET;5;25.7.1972;0;5
HUMMAN;8;18.6.1970;4;4
FERRA;9;12.4.1967;0;9
ANDREASJOSEF;1;11.10.1968;1;0
MANOLLA;1;24.6.1967;0;1
PEYMANZER;2;14.3.1954;0;2
BULUTAY;4;24.9.1988;3;1
GOGCIN;1;22.8.1945;0;1
DAMIR;4;9.4.1973;4;0
ROYI;1;12.8.1915;0;1
TUNCAG;2;1.7.1974;2;0
SIYON;6;9.10.1955;4;2
GULSEYMA;3;1.5.1982;0;3
MUSAHIDIN;1;2.10.1939;1;0
OZAYSE;1;25.12.1963;0;1
TEZGUZEL;1;7.8.1958;0;1
BEKINBERIN;1;21.5.1965;0;1
GLORIA;3;18.4.1978;0;3
JULITA;1;24.6.1974;0;1
KANIET;1;8.8.1979;0;1
HENGAMEH;2;12.2.1974;0;2
TURKATA;1;27.1.1983;1;0
CANES;2;16.1.1978;0;2
ARMINE;30;21.7.1953;0;30
HUBBE;1;17.8.1948;0;1
CETINBAS;1;20.8.1940;1;0
MUGCIZE;1;2.4.1941;0;1
GULHAZAN;4;22.10.1980;0;4
URFA;8;30.2.1959;2;6
IKILEM;1;2.3.1981;0;1
PLUTON;3;18.11.1954;2;1
DOGDUCAN;2;25.10.1970;2;0
LAMBIRINI;1;30.10.1949;0;1
HUMEYLAN;2;20.3.1958;0;2
ILMIGUL;9;24.8.1970;0;9
ZOE;3;23.1.1977;0;3
NEVISTAN;1;5.3.1984;0;1
PENPEVUS;2;25.10.1943;0;2
FIRUZCAN;1;6.3.1943;1;0
ASLIMAY;1;15.8.1978;0;1
TIGINCE;3;4.4.1969;0;3
TIPER;1;11.10.1945;1;0
YERDA;8;12.9.1982;1;7
RIZ;1;4.9.1975;1;0
BATIGUL;7;4.1.1975;0;7
ORSE;1;13.6.1968;0;1
MEHMETEKIN;1;3.2.1991;1;0
LEVSA;4;22.6.1987;0;4
HAUSE;2;30.11.1968;0;2
AZERNAZ;1;25.2.1992;0;1
SERPUS;2;24.11.1949;1;1
GAYYUR;14;23.8.1956;14;0
REMZET;5;13.10.1950;2;3
MEYVEN;1;12.8.1953;0;1
METHIN;2;11.11.1960;2;0
FEVVARE;1;22.6.1948;0;1
SAZUMET;2;1.10.1943;0;2
SEM''I;2;14.10.1957;2;0
MUHADDER;14;23.4.1954;0;14
ALLATIN;4;12.10.1969;4;0
AVFAN;1;24.11.1981;1;0
DILDAS;2;30.1.1966;0;2
OVSANNA;7;21.6.1961;0;7
HEYNIG;1;21.3.1928;0;1
M.ADNAN;7;22.12.1947;7;0
DALITA;9;12.5.1971;0;9
AYFETI;3;15.9.1970;0;3
NURSAR;2;20.1.1961;0;2
SUVEKAR;2;7.1.1959;0;2
ARAMIS;1;17.6.1954;1;0
MAHUR;14;20.2.1973;3;11
AITEL;1;26.4.1967;0;1
OZERTAN;1;17.3.1939;1;0
KRIKOR;7;22.5.1961;7;0
FIKRIME;8;27.1.1954;0;8
KILEOVULOS;1;4.8.1934;1;0
UNSALCAN;2;13.12.1988;2;0
BORUALP;1;30.8.1979;1;0
ABDULNEIM;1;18.8.1947;1;0
NACIZ;5;8.7.1954;0;5
ZERRUH;3;9.12.1974;0;3
ARDAHUNKAR;1;9.8.1975;1;0
MUHRINIGAR;1;9.2.1952;0;1
ORNELLA;3;24.3.1978;0;3
ANAFARTA;2;20.12.1970;2;0
MUDEMDISE;1;7.8.1934;0;1
SUHUB;1;7.8.1946;0;1
FIDNED;1;29.9.1957;0;1
TUGSAVUL;3;26.4.1964;3;0
H.GAZI;2;24.10.1935;2;0
APTUN;1;2.8.1934;1;0
NESTRIN;1;5.3.1941;0;1
TAYFOR;3;14.10.1961;3;0
ASILAN;1;20.10.1968;1;0
ZENEN;2;30.5.1963;0;2
GURDIN;2;26.9.1967;2;0
GULRANI;1;4.3.1960;0;1
DILRUBAG;1;21.1.1987;0;1
ENISCAN;7;29.1.1985;7;0
KAYANE;10;20.10.1965;0;10
KARMAN;5;21.3.1956;5;0
GUZHAN;2;28.7.1949;2;0
ATESOK;1;14.4.1943;1;0
AYTUNUR;1;29.4.1956;0;1
LALEPER;2;28.1.1968;0;2
ORLANDO;3;19.6.1974;3;0
SVIATLANA;10;23.1.1976;0;10
DRILONA;1;23.4.1984;0;1
ZEYA;4;24.9.1973;0;4
KASKAN;1;11.1.1969;1;0
CANGULER;2;26.4.1953;1;1
MIDESIRE;1;17.8.1954;0;1
ROBERTO;9;10.5.1980;9;0
SIFENAZ;5;8.1.1948;0;5
UMUTSEL;2;8.9.1970;0;2
K.SEYFULLAH;1;22.8.1961;1;0
ELBATIN;1;6.9.1990;1;0
MELVER;1;3.4.1980;0;1
TEHUMAN;2;21.8.1955;2;0
EFTIKYA;1;28.12.1966;0;1
ZENDELAGA;1;14.11.1963;1;0
HURUMSE;5;8.12.1963;0;5
VILMER;1;12.8.1968;0;1
CANIE;1;22.4.1967;0;1
AHSENUR;2;24.4.1990;0;2
ABDULSERHAT;1;4.11.1973;1;0
SEYHULLAH;6;30.2.1958;6;0
MEHMETBUGRA;1;12.1.1989;1;0
BARKHAN;1;6.6.1982;1;0
KARTUG;1;25.11.1978;1;0
OLCAR;3;11.3.1976;3;0
ELGUCA;1;4.7.1987;1;0
TIGIN;18;21.8.1975;18;0
ARANYA;1;30.2.1964;0;1
PITEY;1;13.11.1989;0;1
ILHAMEDIN;5;7.8.1970;5;0
GULSEVILIR;1;16.11.1945;0;1
SENYORA;1;3.3.1950;0;1
HUNIFE;1;27.2.1950;0;1
TURGUNC;1;9.5.1943;1;0
NURGUVEN;7;27.5.1966;1;6
ARSLIJAN;1;13.4.1956;0;1
DENEYEN;1;27.3.1945;0;1
TOROSLU;1;5.1.1941;1;0
VEDAH;1;25.8.1973;0;1
VEKIN;10;10.8.1970;10;0
TURCU;16;26.12.1948;0;16
WOLFERT;1;20.8.1950;1;0
DANISE;1;18.2.1950;0;1
JEZEF;1;24.11.1961;1;0
DIYEM;3;30.3.1979;1;2
FILDIZ;1;17.8.1918;0;1
AFERDITA;3;9.1.1958;0;3
GOKRE;3;19.2.1973;0;3
CESMIN;2;2.2.1979;0;2
GAYRUL;1;17.8.1954;1;0
SIGMA;3;8.6.1966;0;3
MIYESA;3;7.9.1950;0;3
SIMSINUR;1;16.7.1966;0;1
MIJA;1;9.2.1970;0;1
BITEM;3;19.11.1979;0;3
FARGANA;2;29.12.1973;0;2
SAHRAM;3;27.5.1969;3;0
ELBEYDA;1;14.2.1982;0;1
HESHAM;1;14.5.1967;1;0
HATCAMAN;1;2.3.1929;0;1
CANDE;4;6.4.1985;0;4
LILIF;1;7.6.1964;0;1
AYGOK;2;12.9.1964;1;1
PRANVERA;2;17.8.1971;0;2
GUCLUER;1;8.3.1978;1;0
BILES;2;18.6.1967;1;1
SEBLAG;1;27.3.1967;0;1
ERKUTLU;1;5.8.1952;1;0
NURATEN;1;1.11.1957;0;1
UMMUGULBANU;1;22.11.1953;0;1
TADAO;1;28.3.1985;1;0
SOYLESEN;2;11.2.1942;0;2
SAKINC;4;8.11.1945;0;4
KAYTUN;3;3.1.1980;3;0
TACHISAR;1;1.1.1974;0;1
OVADYA;8;22.12.1959;8;0
UMMETAN;1;3.11.1944;0;1
GORKE;3;1.6.1985;0;3
BENU;2;29.3.1984;0;2
SUVI;1;10.4.1981;0;1
NILRA;1;22.8.1987;0;1
EVGHENIA;11;25.3.1974;0;11
DUYSEN;11;26.1.1980;2;9
TANGAN;1;2.11.1971;1;0
ARKAT;3;28.8.1982;3;0
SOMERDEN;1;10.12.1971;0;1
SULHPINAR;1;3.6.1974;0;1
BIRUN;2;30.12.1987;0;2
FUZAN;8;3.9.1958;0;8
HEIDI;11;13.10.1961;0;11
ASUMANESMA;1;11.5.1953;0;1
RAGIHAN;1;8.11.1978;0;1
GUNDEYIS;1;17.7.1936;0;1
GULEFZA;2;9.2.1975;0;2
NIHAYETMELTEM;1;5.4.1958;0;1
ASEEL;1;27.2.1980;1;0
MINEKO;1;2.4.1969;0;1
DENIZALP;3;19.10.1963;3;0
ROUMIA;1;4.10.1972;0;1
NESRIM;6;24.12.1974;0;6
ERDEMDOGU;1;8.5.1985;1;0
NURGUNER;2;20.6.1956;0;2
BILTOR;1;9.10.1967;1;0
MILZER;1;22.7.1971;0;1
TORKAN;4;5.7.1974;3;1
EDELTRAUD;2;6.12.1940;0;2
SEHRIBAR;18;15.4.1966;0;18
SITTIKAY;1;27.5.1961;0;1
OZNOUR;1;17.2.1970;0;1
EBLACEN;1;1.2.1953;1;0
TEYBETTIN;3;7.11.1973;3;0
SERNIHA;1;12.2.1947;0;1
GULCEMALI;12;30.3.1959;0;12
NEBEAN;1;4.9.1950;0;1
MAKBULEI;1;12.2.1947;0;1
TUERXUNBU;1;7.11.1965;0;1
DURSUNNIYE;1;12.12.1959;0;1
HARUNURRESIT;2;10.2.1959;2;0
BATUCAN;12;21.11.1989;12;0
ELAGUL;6;12.12.1967;1;5
HANDEN;7;26.9.1975;0;7
SELMETTIN;1;7.2.1958;1;0
HAMIRAL;1;23.4.1980;0;1
GLORYA;1;18.1.1970;0;1
MAHMUTLEVENT;1;17.10.1960;1;0
VENUR;3;13.3.1969;0;3
BUKEY;13;27.10.1975;1;12
AYNURAY;2;1.11.1979;0;2
CAKIL;8;27.2.1980;2;6
MAXX;1;17.5.1981;1;0
ZUART;1;16.7.1971;0;1
BAHTIR;3;28.5.1966;3;0
BILBAN;7;19.11.1976;3;4
SUHAMEDDIN;1;23.9.1966;1;0
SALUSE;1;13.2.1952;0;1
TEJADE;1;7.2.1974;0;1
BEATRICE;14;2.8.1964;0;14
UMMULGULSUN;2;8.10.1962;0;2
HATIFCEM;1;3.9.1964;1;0
FEDINE;1;13.10.1969;0;1
ASUDAN;4;3.2.1980;0;4
LEYMIN;1;22.1.1980;0;1
KUCUKTEMEL;1;16.2.1974;1;0
GUNYOL;2;26.4.1988;2;0
RUHUNIYAZ;1;17.8.1936;0;1
SUNAHANIM;3;23.1.1951;0;3
ALESSIA;2;21.12.1979;0;2
BOLKAL;1;22.1.1937;1;0
LAKME;1;23.3.1970;0;1
ZILBET;1;27.2.1966;0;1
LIGYA;2;17.6.1941;0;2
SASON;5;16.11.1956;2;3
ROKSAN;13;8.1.1975;0;13
VARTUK;12;24.2.1942;0;12
UZMA;3;20.6.1954;0;3
TONNAY;1;24.6.1985;1;0
KAZMIR;1;22.4.1947;1;0
ILKSOY;4;29.6.1975;4;0
RELIN;1;10.12.1986;0;1
MEVCE;7;13.5.1983;0;7
BILSEVI;1;20.2.1983;0;1
BEZUL;5;6.11.1964;3;2
FREDERIK;3;17.7.1962;3;0
TORKUM;2;6.1.1946;2;0
SEEDET;1;21.7.1965;1;0
SERPUHI;23;11.8.1936;0;23
DORETA;5;9.2.1946;0;5
VARTEKIS;1;17.4.1915;1;0
OKTER;2;29.10.1979;2;0
TULUNAZ;2;1.8.1983;0;2
KAMBIZ;6;26.2.1973;6;0
LALENAZ;1;3.5.1983;0;1
SERZINDE;1;3.8.1945;0;1
RIKOCYA;1;27.8.1926;0;1
ATAYAANT;1;23.8.1940;0;1
PALANKA;1;18.4.1930;0;1
SUGLUN;4;20.9.1955;2;2
AYCEGUL;1;14.4.1943;0;1
GUNEBAKAN;1;1.10.1939;0;1
JEANNE;5;25.6.1946;0;5
LISETTE;1;19.11.1959;0;1
DANIDO;1;30.6.1937;0;1
FOROZAN;1;30.11.1966;0;1
HAMPARSUM;48;18.5.1943;48;0
ELGAN;2;25.12.1971;1;1
KUBEL;1;27.11.1974;0;1
YANIV;2;24.11.1987;2;0
ARAKEL;19;19.2.1950;19;0
LESI;1;9.10.1971;0;1
BATIURALP;1;19.1.1970;1;0
SEVILSEN;6;20.2.1972;0;6
GYULA;2;22.5.1975;2;0
HOSSEDA;1;4.9.1985;0;1
BILGUAY;1;29.7.1964;0;1
FRIEDERIKE;1;14.3.1942;0;1
FROSO;3;4.10.1942;0;3
NESLIAR;3;17.3.1963;0;3
JANETA;4;1.11.1959;0;4
KAPRIL;7;29.4.1945;7;0
YUKSEMIN;2;11.1.1971;1;1
PEKOZ;2;26.4.1947;1;1
AYPEYKE;1;2.4.1938;0;1
SENOVA;2;14.5.1960;2;0
GULDOST;2;4.1.1946;0;2
SERCAHAN;1;6.2.1968;0;1
MUCAHET;3;17.10.1963;1;2
SIRMELI;6;30.3.1966;0;6
GUNEYYEL;1;7.6.1941;0;1
YURTBAY;3;7.2.1967;2;1
NEJEGUL;2;26.4.1969;0;2
MENFA;5;24.12.1959;0;5
GOKTUGU;1;8.1.1981;1;0
VARSANIK;1;22.6.1958;0;1
MELKUN;3;28.8.1954;3;0
SELMINUR;1;5.4.1950;0;1
TARUM;1;3.8.1987;0;1
CINTAY;2;4.12.1951;2;0
LALEFER;12;13.9.1958;0;12
ALNUR;14;9.3.1963;3;11
CIHANGIRHAN;4;17.7.1975;4;0
BURHAK;1;21.1.1968;1;0
KUSADE;2;21.12.1952;0;2
NELMAS;1;27.5.1926;0;1
KOCOGLU;1;14.8.1974;1;0
BILUM;3;28.6.1962;0;3
SIDEL;7;30.4.1983;2;5
SELBIN;15;11.12.1977;1;14
RAVA;1;7.6.1968;0;1
AYSEGULGUN;1;6.2.1965;0;1
NEVFHEL;1;17.8.1918;0;1
NATHALI;4;21.12.1980;0;4
KAROLA;1;5.11.1944;0;1
ESAMELDIN;1;1.10.1982;1;0
YAHIYEL;2;20.3.1926;2;0
FORET;1;25.3.1985;0;1
CHRIS;1;10.12.1985;1;0
AREKNAZ;1;14.11.1943;0;1
INCITAP;1;25.10.1957;0;1
EDITHA;5;30.10.1960;0;5
GURHUN;7;29.7.1975;7;0
TEBRIKA;1;17.8.1936;0;1
KUTADGU;4;30.4.1982;4;0
ARGIRO;3;25.10.1944;0;3
HALIMHAN;3;2.7.1971;0;3
MIAZEL;1;28.10.1945;0;1
ELEF;2;22.9.1967;0;2
MIRAD;2;15.6.1978;2;0
MUTLAN;3;3.10.1976;1;2
NEJALET;1;6.7.1930;0;1
JULIET;10;23.8.1961;0;10
ATSAN;4;22.1.1949;1;3
ARDEN;36;10.6.1977;33;3
ADRINI;1;7.6.1934;0;1
ALKA;3;29.12.1955;0;3
BUTEM;1;20.4.1977;0;1
SUNGUC;2;5.7.1945;2;0
UTAIDA;1;15.12.1936;0;1
RUYANE;3;1.1.1957;0;3
MURVETGUL;1;15.1.1963;0;1
HASTURK;2;3.4.1949;2;0
MELETINI;1;11.9.1946;0;1
BURGAC;4;19.10.1981;4;0
HAYRIYEM;1;6.8.1977;0;1
BIRBILEN;2;6.2.1944;1;1
NEVLAN;11;17.11.1963;2;9
TORUNTAY;4;7.5.1974;4;0
ANTIRANIK;33;13.4.1946;33;0
GUELCHAT;1;18.6.1969;0;1
TETMARA;1;27.1.1944;0;1
SUENDAN;6;11.3.1953;0;6
JINAL;1;4.8.1966;0;1
BIENVI;1;27.1.1957;0;1
LAMBO;4;19.2.1947;4;0
ARDANUS;2;12.10.1951;0;2
NIGARIN;1;13.3.1958;0;1
TURKAYDIN;1;9.4.1937;1;0
FARAMARZ;2;19.11.1971;2;0
TUGSA;2;6.3.1985;1;1
BASILYA;1;28.4.1951;0;1
REDAN;1;3.10.1981;0;1
SEVCANBURCAK;1;22.5.1975;0;1
RISALAT;1;11.10.1984;0;1
HURYASAR;19;1.11.1965;10;9
SEIRE;1;12.3.1955;0;1
MIRIT;2;8.12.1982;0;2
KEYHAN;6;24.2.1968;6;0
FEROZ;1;27.2.1939;1;0
FEZAHAN;2;5.5.1961;1;1
JILBERT;6;18.1.1952;3;3
ALIOBEN;1;19.3.1978;1;0
GULGULER;2;11.3.1946;0;2
BULBULUN;1;21.2.1939;0;1
SUATHAN;1;6.4.1969;1;0
RATIBESENEM;1;7.3.1975;0;1
NAZMIOZER;1;26.6.1943;1;0
ORAK;3;12.7.1968;3;0
RUAL;1;6.11.1961;0;1
SEROK;2;12.9.1980;2;0
CIULIA;1;29.10.1962;0;1
JADA;2;12.1.1953;0;2
NEVHASET;1;11.3.1927;0;1
AKGUNHAN;1;12.9.1935;1;0
ANIZE;7;9.8.1964;0;7
VAHA;6;17.11.1962;4;2
DURISBA;1;27.8.1926;0;1
HUKEYMA;2;14.6.1961;0;2
OVANNES;1;28.4.1971;1;0
HASMIG;4;6.7.1958;0;4
BOGATUR;1;9.2.1952;1;0
IRFANLI;1;22.2.1987;1;0
GOLCHIN;1;16.7.1967;0;1
LIMER;1;6.5.1945;1;0
RIKMETDIN;1;20.4.1938;1;0
LIDE;4;17.6.1949;0;4
ASUCAN;4;19.6.1987;0;4
RUHBANE;2;16.12.1957;0;2
OMERALP;4;10.12.1981;4;0
KUTULMUS;2;1.7.1971;2;0
GURLI;5;16.1.1956;0;5
KAMERTAB;1;2.2.1957;0;1
SUVEYDAG;1;7.11.1952;0;1
VAHYI;5;6.9.1947;5;0
ISTAVRO;6;24.9.1947;6;0
BEGIL;4;17.4.1967;3;1
KEYKAVUS;1;22.1.1962;1;0
STEPAN;4;10.11.1950;4;0
ABDULA;14;29.11.1958;14;0
NILSEL;15;23.4.1975;0;15
HACATUR;15;28.10.1947;15;0
HANSIN;5;9.9.1974;5;0
ANAYIS;12;18.3.1953;0;12
SOLGUNES;1;8.8.1963;0;1
AYBEYGUM;1;17.7.1931;0;1
ANAHAS;25;25.11.1961;0;25
NURMIRAY;1;13.3.1991;0;1
ESTHERMARGITTA;1;28.6.1933;0;1
DAISY;1;6.11.1923;0;1
SOLHAN;4;4.2.1973;3;1
RUMET;9;28.12.1977;3;6
KESKINE;1;17.8.1930;0;1
M.EROL;3;20.10.1953;3;0
TAKUYI;7;23.9.1965;0;7
ZEMERYAN;1;16.12.1952;0;1
HUNDU;1;11.6.1948;0;1
SIGRIT;1;7.8.1934;0;1
M.ZAHIT;4;13.9.1965;4;0
YOKSEK;1;26.8.1934;0;1
UTAVET;1;25.11.1942;0;1
YERANTIK;4;6.10.1946;0;4
STATAKI;1;23.10.1942;1;0
MUSLUHA;1;6.11.1949;0;1
SANHULA;1;28.6.1932;0;1
GOKALPARSLAN;1;9.8.1959;1;0
SEMSUNNISA;2;27.1.1950;0;2
TOVA;3;4.5.1952;0;3
MEHRU;13;27.2.1976;2;11
HERMINA;3;20.5.1948;0;3
SIRARPI;36;21.4.1947;0;36
ERSINGUL;3;12.4.1952;0;3
AYDUZ;4;30.2.1938;0;4
AVIVA;2;18.10.1952;0;2
PEKHOS;1;17.12.1963;0;1
CANBERT;2;22.8.1987;2;0
DOMINIK;3;22.1.1954;2;1
KARSU;3;13.1.1983;1;2
HIFLIN;1;4.4.1933;0;1
JAMALA;1;5.5.1965;0;1
LEOPOLD;2;6.1.1965;2;0
DENCA;8;25.4.1984;0;8
ARTINAZ;1;29.4.1937;0;1
TECIMEN;1;13.11.1982;1;0
KINARIG;1;29.1.1950;0;1
ZARINUHI;1;2.1.1957;0;1
ONOK;1;19.2.1970;1;0
DILDEM;6;29.1.1982;0;6
SULEYMANSUDI;1;4.4.1967;1;0
MEHMETLUTFI;8;5.2.1971;8;0
MUFADDAL;4;19.11.1952;0;4
CEM''I;1;12.5.1988;1;0
KULETHAN;1;29.2.1956;0;1
BESAN;2;2.1.1951;2;0
DEMSAZ;1;7.9.1951;0;1
ANNICK;2;17.1.1961;0;2
BRIJIT;4;27.2.1971;0;4
SAAZMI;1;11.5.1947;0;1
ILKUN;2;12.8.1969;2;0
OJENYAN;1;8.12.1933;0;1
URIYEL;1;4.11.1950;1;0
SELMAAY;3;11.6.1964;0;3
BOGUTEKIN;1;27.4.1928;1;0
MERTUNE;6;30.3.1970;0;6
VISALEDDIN;1;28.12.1938;1;0
BARZI;1;17.10.1984;1;0
GULSERRA;1;16.6.1976;0;1
URENGUL;5;29.11.1947;0;5
TREZYE;1;11.8.1945;0;1
KILERA;2;4.12.1936;0;2
VENCE;1;6.3.1960;0;1
KARIM;2;25.5.1974;2;0
KAMERAN;4;21.7.1936;0;4
ZENDER;2;29.2.1960;0;2
VALYA;7;4.7.1969;0;7
IGNUR;1;27.12.1950;0;1
SEPON;4;1.10.1953;4;0
ARTHUR;4;7.4.1975;4;0
BOLISE;1;6.1.1938;0;1
YULDUZ;3;6.8.1950;0;3
INCILYA;1;18.7.1982;0;1
NELSI;1;29.2.1987;0;1
DURSIYA;1;2.2.1957;0;1
AYLIS;2;12.6.1964;0;2
MARATON;1;1.9.1943;0;1
IRIT;1;6.1.1983;0;1
ROSELIN;2;4.1.1975;0;2
SHIRA;1;6.4.1983;0;1
GULTIN;5;26.6.1961;1;4
FRANGA;1;27.8.1926;0;1
YUHABE;1;7.8.1934;0;1
FANUY;1;21.3.1927;0;1
GUNCU;13;24.3.1953;0;13
HERANUS;2;18.9.1951;0;2
VIRAMSABUH;1;30.10.1937;1;0
MUSTAFASADAN;1;17.12.1948;1;0
NILTUG;1;15.7.1980;0;1
ZUFTUYE;3;12.12.1955;0;3
ZINAYDA;2;3.12.1960;0;2
BOJANGA;1;8.6.1944;0;1
BENSEN;3;19.4.1968;1;2
HAGER;1;2.8.1939;0;1
LURAN;1;11.3.1938;1;0
KRISZTINA;1;4.5.1972;0;1
HATCEM;1;2.7.1970;0;1
SERAIZZETTIN;1;8.11.1931;0;1
SANTO;4;5.11.1954;4;0
KULDAN;2;21.7.1951;0;2
BELINE;1;27.8.1926;0;1
UGURMAN;3;4.5.1951;3;0
ERU;1;27.1.1966;0;1
ODILE;1;14.4.1946;0;1
SILVYA;2;27.11.1950;0;2
HIRAC;7;11.9.1965;7;0
KIBELE;3;6.4.1978;0;3
SERER;4;2.5.1960;0;4
BURUMCUK;1;1.2.1976;0;1
ZABIL;6;2.4.1941;0;6
BERCUHU;1;11.11.1957;0;1
DURSALIHE;1;13.3.1965;0;1
MELKON;39;13.7.1952;39;0
NURGOR;8;5.10.1960;1;7
KULTEGIN;2;5.8.1972;2;0
ULUNIKE;1;13.3.1977;0;1
DIMO;3;4.9.1935;3;0
STILYANOS;2;7.4.1958;2;0
ARMANOHI;2;20.1.1931;0;2
KLERET;4;12.1.1976;0;4
BOLISO;1;16.6.1929;0;1
SILVI;7;27.5.1969;0;7
LOTTI;1;4.10.1950;0;1
GOKNAN;2;21.11.1968;1;1
TEODOSIYA;1;26.9.1949;0;1
MARGIRIT;25;26.9.1949;0;25
MEYIR;3;6.12.1986;3;0
ALKI;2;29.5.1954;2;0
FATRUNNISA;1;1.2.1924;0;1
RUBEKA;1;7.6.1934;0;1
JONSSON;1;27.8.1932;0;1
VARAM;2;26.4.1935;2;0
DATEVIG;1;14.12.1958;0;1
TOZUN;5;29.5.1944;2;3
DURRUSAH;6;14.11.1949;0;6
KIHOR;1;4.3.1958;1;0
YILAYGUN;1;17.2.1966;0;1
BERDO;2;12.8.1936;1;1
DIYAMANTE;3;11.1.1956;0;3
ROZANNA;1;9.3.1957;0;1
PASIN;6;19.5.1959;3;3
ILSEGERDA;1;14.4.1943;0;1
EVRENS;9;30.9.1969;9;0
CERA;1;18.12.1964;0;1
YAMTAR;2;13.8.1972;2;0
BRIDGET;1;23.6.1955;0;1
ORLIN;3;2.8.1976;1;2
AYSESINEM;1;5.9.1986;0;1
BRIDIE;1;16.2.1991;0;1
ALIA;7;20.5.1972;0;7
CEYSI;2;19.9.1990;0;2
NERMIDIL;1;27.1.1926;0;1
KUHENNUR;1;24.12.1936;0;1
SOBUTAY;2;4.2.1958;2;0
SUDAD;1;17.8.1966;0;1
EYIGUNGOR;1;12.8.1941;0;1
HENZA;8;2.10.1971;0;8
ISVECAN;1;6.2.1987;0;1
IMASTUHI;6;1.5.1951;0;6
SINESAF;2;2.10.1972;0;2
GORDON;1;2.7.1948;1;0
IBET;3;3.10.1969;2;1
KEKIK;7;3.5.1964;0;7
ZARUYI;1;28.2.1948;0;1
NIRVA;25;28.5.1982;0;25
YOLA;2;14.4.1959;0;2
CAMILLE;2;17.9.1947;0;2
INESSA;8;23.10.1969;0;8
SAMMY;1;29.8.1990;1;0
CENYA;9;21.11.1972;0;9
YEVKINE;11;15.3.1948;0;11
NASFET;4;4.4.1954;1;3
AYK;23;29.2.1977;23;0
REDIA;1;27.8.1934;0;1
AFORTUNADA;1;20.11.1934;0;1
BUYCE;3;23.5.1984;0;3
TUMHAN;1;25.12.1981;1;0
RAHACAN;1;16.4.1931;0;1
VURANEL;1;22.10.1944;1;0
MUTVER;4;23.11.1958;3;1
RAKIPO;1;11.6.1938;0;1
SERVISIMIN;2;29.2.1954;0;2
HARLAN;1;8.12.1991;1;0
ATU;1;25.4.1941;0;1
SINTIA;3;1.11.1979;0;3
MUHA;5;4.11.1968;0;5
GULFEMI;1;14.6.1959;0;1
SENELT;1;26.7.1959;0;1
IRGUN;1;5.5.1936;0;1
NEDIMEI;1;12.7.1923;0;1
OZGENCAN;1;21.7.1937;0;1
ZUKRA;2;10.10.1962;0;2
EYBE;1;24.8.1971;0;1
ISIKCAN;5;22.5.1978;2;3
HENRIETA;2;23.5.1976;0;2
EGESU;1;29.4.1989;0;1
GOLDA;4;4.5.1976;0;4
AYTOLON;4;12.7.1962;4;0
HRISI;3;28.6.1961;0;3
MARDIAH;1;12.8.1953;0;1
ANASTASYA;8;28.10.1938;0;8
ODA;2;4.10.1943;1;1
HRISTINA;17;20.2.1970;0;17
GIZELA;1;18.12.1937;0;1
HURER;5;30.2.1973;5;0
KARABEG;5;29.9.1948;5;0
COREY;2;3.4.1984;2;0
CEMEREN;1;12.1.1992;1;0
SANAT;12;14.2.1974;0;12
DORON;1;15.9.1977;1;0
MARYSE;1;8.3.1951;0;1
TEDDY;1;6.9.1984;1;0
OMERSAMI;3;14.1.1966;3;0
ZEYCE;9;10.3.1954;0;9
INO;2;27.1.1943;2;0
ASIDA;1;28.1.1970;0;1
VERONIGUE;1;10.3.1965;0;1
TOULAY;1;30.6.1971;0;1
CELLA;4;5.12.1960;1;3
NAPIA;1;2.4.1957;0;1
OJI;2;16.9.1950;0;2
RAHEBEH;1;13.3.1965;0;1
CERASELA;3;11.1.1974;0;3
SALTUN;3;1.2.1946;1;2
ARZDAG;1;19.4.1968;0;1
ERINCIK;1;27.7.1972;0;1
TOZGE;1;4.11.1971;0;1
CEZBIYE;1;16.5.1944;0;1
BEA;2;23.3.1963;0;2
RUFAEL;1;22.4.1931;1;0
CELADETTIN;3;5.7.1940;3;0
TUGBEL;1;27.6.1954;0;1
NECMINISA;5;3.3.1940;0;5
TUNDE;1;24.9.1970;0;1
AZADUHI;54;17.1.1941;0;54
URANIYA;2;20.4.1939;0;2
VERTKES;1;17.2.1966;1;0
MUFAHHAR;1;22.8.1925;0;1
SIMAVUN;1;17.8.1930;1;0
ZENYA;1;3.2.1939;0;1
KOSTANDINYA;6;27.10.1959;0;6
BADRIG;1;18.6.1963;1;0
SIRUZ;1;16.11.1947;1;0
ANUSKA;6;17.3.1971;0;6
ARSALOS;48;16.6.1942;0;48
VARTKES;12;16.10.1948;12;0
VAZKEN;2;10.2.1941;2;0
KLEMANS;5;9.6.1938;0;5
TORKOM;8;24.7.1946;8;0
NILGKIOUN;1;12.2.1979;0;1
NIKAN;1;11.9.1929;0;1
WILHELMINE;1;7.8.1934;0;1
HARIKLIYA;11;19.11.1941;0;11
ARTORODRIK;1;7.12.1954;1;0
TEOGNOSIA;1;30.5.1945;0;1
VANGEL;10;9.7.1958;10;0
ISKUHI;25;20.4.1945;0;25
TIPAR;1;29.3.1939;1;0
EFSTRATIA;2;15.3.1966;0;2
YORGIYA;10;22.8.1943;0;10
NATASJA;1;11.9.1983;0;1
BERCUYI;2;20.1.1954;0;2
PEGI;2;28.12.1976;0;2
KARACABEY;5;1.7.1954;5;0
MARUNKA;1;27.3.1954;0;1
THOMES;1;2.11.1981;1;0
RISE;1;10.5.1958;0;1
VITLEHEM;1;22.8.1925;0;1
OSEP;13;10.6.1952;13;0
ARARAD;2;13.10.1985;2;0
KOARIK;1;18.12.1961;0;1
ASHEN;5;1.1.1937;0;5
RUKUE;1;5.2.1968;0;1
ARISTAKIS;2;4.3.1941;2;0
MENZUR;1;15.4.1953;0;1
CULIYANO;1;2.5.1969;1;0
ZARMINE;4;14.10.1946;0;4
HERMANN;2;18.9.1976;2;0
AVIDUR;1;24.8.1934;1;0
STELYANOS;1;10.4.1972;1;0
HURUPSI;1;21.12.1942;0;1
HAMAZAS;1;30.5.1949;1;0
ADRUSEN;1;6.11.1959;1;0
AKDAG;6;16.9.1955;6;0
SINORIK;24;7.11.1942;1;23
SETRAK;46;10.6.1954;46;0
GOGCEK;5;29.12.1974;0;5
EVANTIK;1;2.4.1939;0;1
AZREM;3;21.5.1967;0;3
SVOBODA;1;8.2.1946;0;1
VALYATAMAR;1;22.10.1976;0;1
JINEF;3;27.5.1955;0;3
GABRIS;1;11.12.1939;1;0
NURILHAYAT;3;8.1.1945;0;3
ELBIS;9;21.7.1937;0;9
KORNILIA;2;2.9.1972;0;2
NOEMI;7;21.11.1951;0;7
FEDON;3;11.2.1947;3;0
YESFA;1;7.5.1989;0;1
VIVIEN;2;29.7.1970;0;2
JIBID;9;6.4.1983;0;9
OJAN;2;30.10.1955;0;2
MAIHELAYI;1;1.2.1972;0;1
NESRINHAN;4;23.2.1970;0;4
DIKRIS;11;28.6.1983;0;11
M.GUNER;1;13.8.1934;0;1
ELDENIZ;6;13.10.1971;6;0
HARUSIYAK;1;25.3.1947;0;1
KARAKIN;22;19.1.1950;22;0
ANJELIDA;1;13.9.1961;0;1
SETREK;8;18.10.1948;8;0
BAHRA;1;20.9.1944;0;1
YERANUHI;23;10.11.1946;0;23
SABUH;6;12.11.1945;6;0
ARGIR;5;3.2.1960;5;0
LUVET;1;25.3.1931;0;1
NARTOHI;1;1.2.1935;0;1
NIKOLAOS;9;6.9.1967;9;0
TRIANDAFILYA;1;17.11.1957;0;1
KIRAGOS;1;27.8.1920;1;0
USFI;1;7.9.1926;0;1
KIVELI;10;28.11.1949;0;10
NERIMAY;1;16.10.1929;0;1
YERTVART;1;12.12.1951;1;0
OLIVIER;2;13.2.1982;2;0
FRANSUHI;4;29.7.1938;0;4
GUNSALI;2;29.10.1966;0;2
SURIN;5;13.2.1946;2;3
ARMENE;1;16.10.1959;0;1
UNGUN;4;10.7.1955;0;4
HASNUN;5;3.3.1972;5;0
BAHSENDE;16;17.3.1966;0;16
KARPIS;2;30.3.1928;2;0
CENGI;6;16.9.1969;6;0
LERIZAN;1;2.8.1927;0;1
FOTISTELYA;1;15.10.1931;1;0
ARDASES;19;24.11.1953;19;0
VARUSAN;2;9.9.1946;2;0
SONNA;2;4.8.1926;0;2
SETAR;4;27.2.1946;3;1
MATYOS;7;3.9.1954;7;0
ITIRCIK;1;15.12.1956;0;1
PITRAK;1;13.2.1964;0;1
ALEKO;5;5.4.1951;5;0
ZARIFI;3;23.2.1935;1;2
LUTVIK;3;25.11.1963;3;0
KARYA;5;28.6.1981;1;4
KEGAM;24;10.10.1946;24;0
KALOST;11;4.12.1942;11;0
NOY;1;22.3.1981;1;0
ASLIHANDE;1;1.10.1969;0;1
ARANIK;1;1.1.1;0;1
ILIZABET;1;12.10.1965;0;1
BEDEHE;1;1.1.1;0;1
ELENYI;2;5.1.1922;0;2
IMASDUHI;1;17.7.1940;1;0
RAKLINSIRANUS;1;7.9.1941;0;1
WATTRAUD;1;27.8.1926;0;1
PHYLLIS;3;9.6.1951;0;3
NIGOGOS;5;5.2.1959;5;0
NUGART;1;1.7.1932;0;1
NURALEV;2;25.11.1950;0;2
SILVART;20;8.1.1953;0;20
DAHLIA;3;22.6.1971;0;3
SABATYA;2;23.10.1934;0;2
HIRIPSIME;11;24.9.1954;0;11
NORAYIR;8;16.1.1943;8;0
TANO;2;12.3.1954;1;1
MIHRIZAN;1;23.11.1961;0;1
HIRIPSINA;2;16.6.1944;0;2
MIKE;11;14.6.1966;11;0
USTIYAN;2;13.4.1959;0;2
ILDAR;9;5.7.1967;8;1
VASKEN;5;6.5.1958;5;0
CANANE;1;7.7.1937;0;1
BERCA;9;3.2.1979;2;7
NEVART;2;29.3.1933;0;2
ARSO;2;9.8.1979;0;2
ARMENOHI;1;16.8.1933;0;1
KILOMANTI;1;29.3.1936;0;1
ARSINE;7;20.8.1946;0;7
HIRISTIK;2;2.3.1926;0;2
MOVSES;5;4.12.1957;5;0
YEVDOKSI;1;23.6.1962;0;1
SUNCAY;7;3.1.1974;3;4
MANOL;14;9.6.1949;14;0
MELENT;2;22.12.1962;0;2
ARABELA;1;9.12.1976;0;1
YENUVA;1;11.4.1945;0;1
FRAN;2;14.1.1953;2;0
MOHAC;10;28.9.1975;10;0
ARIT;5;19.12.1968;4;1
VANES;1;2.8.1939;1;0
LUYIS;5;1.5.1957;0;5
OZBUK;1;9.8.1942;1;0
YERANVI;1;10.8.1976;0;1
AFRODITI;3;16.9.1933;0;3
OZREN;2;7.9.1962;0;2
MAHIRKANI;1;19.1.1966;1;0
MEHMETNAHIT;1;7.7.1942;1;0
ASANET;3;22.6.1957;0;3
DONIZ;5;3.5.1976;0;5
TERPSIHORI;1;12.2.1946;0;1
YUVAKIM;1;24.4.1938;1;0
ALPTANER;1;26.4.1958;1;0
FATMAUZ;1;3.5.1933;0;1
LUTFURRAHMAN;1;30.6.1960;1;0
ZARTUK;1;15.9.1940;0;1
TATYOS;8;27.4.1948;8;0
HAMBARSUN;2;2.11.1928;2;0
ATANASIS;1;8.2.1974;1;0
GOKCEGUN;1;10.12.1974;0;1
GULDENEN;3;18.1.1946;0;3
ALLEN;7;16.4.1978;6;1
HEIMI;1;24.9.1960;1;0
ASPASIYA;4;12.1.1952;0;4
TATEOS;1;25.12.1960;1;0
ADELIN;1;30.2.1964;0;1
MIFDALE;1;22.2.1956;0;1
BEGZAN;1;13.8.1929;0;1
REYMON;3;6.11.1951;3;0
OZDEME;1;1.6.1934;0;1
DESPA;1;2.2.1967;0;1
OSANA;1;3.5.1945;0;1
RAFAIL;5;8.8.1953;5;0
YEDVART;4;18.7.1952;4;0
HAYK;30;4.5.1962;30;0
SOTIRYA;1;22.8.1925;0;1
HARUTYUM;2;1.5.1942;2;0
VASILIGI;1;4.4.1933;0;1
SOTIRIA;3;29.9.1943;0;3
ANJEN;2;1.4.1969;0;2
AZNIV;8;2.2.1961;0;8
HAYGAS;4;8.6.1952;4;0
ARZRUNI;2;24.4.1953;2;0
NEZHUN;3;4.7.1941;0;3
KIRIKOR;3;3.7.1958;3;0
GULNIZ;2;30.11.1977;0;2
DAYK;4;23.9.1979;4;0
VELINKA;1;21.5.1968;0;1
ADIHAN;3;14.11.1972;1;2
BORAZ;1;11.1.1971;1;0
ANASTO;2;30.10.1945;0;2
BADOKSAN;1;2.5.1951;0;1
BAZIL;2;12.2.1943;2;0
ERDIBA;4;23.3.1968;0;4
DIKRANUYI;2;16.1.1953;0;2
HANRIETTE;1;19.12.1954;0;1
STLANI;1;13.8.1958;0;1
NUVIN;8;14.2.1933;0;8
MELIHSE;1;12.5.1967;0;1
BARUYR;5;16.10.1958;5;0
SUSANIK;9;22.8.1950;0;9
VIYOLET;8;6.1.1954;0;8
OJEN;27;9.5.1950;3;24
YARVANT;6;13.6.1942;6;0
DURRAN;3;28.3.1953;0;3
TACINNISA;1;6.6.1931;0;1
AZUSYAK;1;25.2.1976;0;1
TAKVOR;7;28.11.1956;7;0
YEPRIS;1;24.3.1948;0;1
SIROPI;2;18.11.1942;0;2
LENCE;1;21.6.1964;0;1
SOGER;5;29.2.1964;0;5
CULIYA;2;28.5.1955;0;2
PAPIK;3;24.4.1948;1;2
TANYAL;5;3.1.1959;4;1
PENYAMIN;14;18.3.1960;14;0
SELIY;1;12.2.1980;0;1
MARTEN;6;25.11.1969;6;0
CUHAR;2;8.7.1955;0;2
FULYAN;2;30.3.1957;0;2
BARED;4;17.5.1988;4;0
AVED;1;16.9.1988;1;0
ERI;2;29.5.1939;0;2
POLOR;1;1.5.1955;0;1
ARAD;5;12.3.1984;5;0
SANYEL;1;26.9.1959;1;0
DIMITRIOS;7;15.1.1972;7;0
TURGAYHAN;2;16.2.1976;2;0
TAMURAY;1;10.4.1964;1;0
TATYUS;1;2.2.1933;1;0
A.BURAK;1;14.5.1972;1;0
ISTIMAL;1;2.12.1956;0;1
HAYGUYI;4;13.8.1962;0;4
HUGUL;2;24.11.1957;0;2
NIKOGOS;7;23.8.1943;7;0
ONUT;2;24.12.1938;2;0
ARKUL;2;20.7.1952;1;1
SERJ;3;21.11.1951;3;0
TACIMAH;1;17.8.1930;0;1
MARDANI;1;30.4.1934;1;0
GULKEND;1;3.11.1940;0;1
HORTANAN;1;25.9.1932;1;0
JENAL;1;18.6.1942;0;1
FERACULLAH;1;22.8.1948;1;0
EFTAT;1;12.2.1942;1;0
GARIN;8;15.6.1979;2;6
SOTIRIYA;2;26.6.1937;0;2
MARGO;3;8.3.1975;0;3
ISIT;5;11.3.1965;0;5
BULISE;1;22.8.1925;0;1
NERSIS;1;1.6.1932;1;0
HERMANS;5;3.4.1944;1;4
FITMAT;2;27.3.1946;0;2
YELIZAVETA;2;16.1.1975;0;2
KAYRENI;3;1.7.1951;0;3
MOSKA;1;4.1.1915;0;1
AZATUHI;2;14.8.1948;0;2
MARDIK;9;8.4.1953;9;0
ARISUYAK;1;9.1.1928;0;1
SENIDE;2;26.6.1954;0;2
GARBO;1;1.2.1978;1;0
VARTUVAR;12;23.11.1946;12;0
VENETIA;2;6.6.1960;0;2
BAYLUN;1;4.3.1940;0;1
SERTINAZ;4;1.2.1965;0;4
SANOR;1;24.6.1943;0;1
BRANKO;1;2.8.1989;1;0
DOGUSEN;1;24.6.1941;0;1
RIGMA;1;12.7.1989;0;1
AHTIMAN;4;5.5.1976;4;0
ANADOLU;4;4.3.1967;3;1
ARSALOVIZ;1;28.2.1925;0;1
ISGOHI;1;18.8.1932;0;1
DIROHI;4;22.10.1934;0;4
KINARIK;7;15.1.1941;0;7
SOFIK;5;10.4.1934;0;5
MIRAK;4;4.1.1972;4;0
ZAREH;5;24.4.1948;5;0
MANORYA;2;14.11.1978;0;2
ERIKNAS;1;21.1.1957;0;1
KUNTSAV;3;7.10.1960;3;0
SAVAN;6;29.7.1958;6;0
SARMIN;4;18.5.1963;0;4
EBRAKSE;1;24.10.1930;0;1
CURET;9;13.3.1974;9;0
ASTIK;2;6.2.1965;2;0
SIRARPIN;1;3.1.1951;0;1
BERCUI;2;22.2.1944;0;2
TANZAR;4;25.1.1950;4;0
HIRAYIR;4;4.5.1932;4;0
BANUSER;2;18.6.1950;0;2
OGEL;2;6.9.1954;0;2
CHOLPAN;1;11.5.1970;0;1
GOSENAY;4;24.5.1971;0;4
OGUZTURAN;1;14.12.1931;1;0
AYSEBINGUL;1;4.4.1944;0;1
FAMIR;1;28.7.1960;1;0
KOSTANDIN;1;29.2.1959;1;0
ARZUK;1;22.8.1937;0;1
ALTEZ;4;1.3.1953;3;1
FERMOS;1;6.4.1973;0;1
PUZANT;23;9.9.1951;23;0
ARSANUS;2;3.10.1940;0;2
BERGMAN;1;16.8.1974;1;0
CEBAGI;2;22.10.1953;2;0
TEOLINDA;1;18.11.1947;0;1
OLIMBIYA;2;26.6.1925;0;2
TEOFANI;2;14.9.1967;2;0
ABDULZEYNAL;1;3.4.1963;1;0
YIRVART;1;23.4.1933;1;0
VARKES;4;5.4.1955;4;0
IMLAK;4;6.2.1961;3;1
JANIEL;1;7.8.1956;0;1
ERMENUHI;1;12.8.1923;0;1
DARON;9;11.7.1976;9;0
NIRANDIK;1;23.12.1932;0;1
IKNA;4;23.11.1974;1;3
DIKCEHAN;1;13.10.1984;1;0
ANACONDA;1;21.10.1974;0;1
CHIRECHIA;1;13.11.1951;0;1
AYPIKE;3;25.10.1951;0;3
VAHANUS;9;5.8.1949;0;9
CANOK;2;21.5.1968;2;0
TURUNCAN;3;13.9.1975;1;2
MITHED;1;14.1.1941;1;0
MATILT;5;29.1.1932;0;5
LUSINTOK;1;12.8.1935;0;1
SIRAZAT;1;29.7.1924;0;1
MATEO;2;13.12.1938;2;0
YUVANA;6;29.9.1928;0;6
ANAIS;1;7.2.1946;0;1
MARYEMI;1;2.2.1939;0;1
TERFANDIK;1;26.4.1921;0;1
RUHCEL;1;18.3.1963;0;1
FANARYAS;1;8.9.1935;1;0
NURACAR;1;26.2.1951;0;1
LOFET;1;16.5.1957;1;0
GURZIDE;3;9.9.1958;0;3
SUNAYDIN;1;25.1.1940;1;0
KIGAN;4;15.3.1959;4;0
NAROD;24;18.6.1985;0;24
PANAYADO;1;10.11.1944;0;1
ANELGA;2;30.6.1956;0;2
HRAC;6;22.10.1958;6;0
SIRPOHI;2;7.6.1943;0;2
SEMSUNE;4;28.5.1958;0;4
HESENA;2;29.10.1968;0;2
ZERREN;7;4.10.1961;0;7
CANKATCANAN;1;29.2.1969;0;1
HANDERIS;1;8.4.1975;0;1
ULKUDAN;1;28.10.1979;0;1
LIUDMIL;1;15.1.1992;1;0
NERILE;3;13.7.1963;0;3
GULERMEN;2;22.1.1975;0;2
GULNEAM;1;7.2.1964;0;1
CUMAI;7;19.2.1961;7;0
GULUSTAV;1;27.4.1960;0;1
SADETURK;1;1.6.1974;1;0
SIHILI;4;29.1.1968;4;0
SIHRI;2;30.6.1950;1;1
VESAYET;2;15.1.1950;0;2
SONGU;3;10.3.1969;0;3
GULSIPAN;3;24.4.1957;0;3
GULDEHER;5;23.10.1959;1;4
SEHRIYYE;1;16.9.1959;0;1
ERTULGA;2;25.7.1966;2;0
KUBRAGUL;2;12.2.1985;0;2
TAHIL;2;24.4.1947;2;0
BESSET;6;12.3.1963;6;0
NURBIRSEN;1;2.4.1975;0;1
SEDIREDDIN;2;28.8.1957;1;1
ALAGUN;2;21.10.1986;1;1
PERKEZE;1;2.2.1963;0;1
VAZIRET;2;5.1.1964;0;2
BAKCA;1;17.8.1972;0;1
YELO;1;23.5.1943;1;0
MUHURBE;12;11.9.1956;0;12
SELADTIN;5;29.1.1962;5;0
INNAMA;1;18.8.1972;0;1
VACIHET;1;6.11.1987;0;1
SOSUNI;2;21.3.1970;0;2
BIZDEM;1;21.10.1983;0;1
NESVIKE;1;27.2.1962;0;1
IYAT;5;10.3.1971;5;0
UYGURA;5;6.10.1965;0;5
BEYNURE;3;4.2.1975;0;3
MEFAIM;1;26.6.1955;0;1
ALIHAKKI;1;17.2.1960;1;0
MAHBUL;2;8.11.1968;0;2
AYSINDER;1;16.5.1982;0;1
HEDIYEN;2;4.6.1959;0;2
SAYDOS;1;2.2.1963;1;0
PEYYAN;1;21.1.1950;0;1
FERDIYEGUL;1;8.2.1991;0;1
SIBIHA;1;1.11.1979;0;1
RODIYE;4;27.11.1976;0;4
AYMUSE;2;21.3.1961;0;2
AYTAZE;1;16.11.1946;0;1
DURSAY;3;9.2.1977;1;2
KAHRUMAN;5;8.8.1960;5;0
NERMEHAT;1;11.4.1943;0;1
HASKUL;2;22.7.1955;1;1
ANDONIOS;1;22.8.1931;1;0
MUSEBBITE;1;9.5.1946;0;1
BUDAG;3;5.11.1964;3;0
SAVINAZ;5;6.11.1957;0;5
CANBEYI;1;17.8.1974;1;0
SULUSIN;1;22.2.1961;1;0
BIRRUN;3;27.2.1962;0;3
ZEYNEFER;4;9.3.1954;0;4
CEMIRE;3;8.3.1962;0;3
SUSKU;1;30.12.1991;0;1
RIAD;2;17.8.1957;2;0
PEZIK;10;26.10.1953;0;10
KAMUCAN;1;12.8.1980;0;1
TENISE;3;27.12.1947;0;3
SIBAR;2;25.7.1969;2;0
SAMIBEY;1;17.9.1960;1;0
OGULKAN;3;23.9.1988;3;0
BAKIVAN;1;2.5.1945;1;0
GUSRA;5;19.9.1985;0;5
RUMESA;2;28.2.1977;0;2
AYDARI;1;6.6.1958;0;1
NIHIBER;1;11.2.1958;0;1
URVEYDE;7;12.6.1959;0;7
SUHADA;7;23.11.1965;1;6
ARFET;4;14.10.1955;0;4
MUGDAD;1;27.9.1974;1;0
UHAL;1;26.2.1970;0;1
MAYIDA;1;24.3.1963;0;1
HILDE;12;25.2.1958;0;12
UGURADEM;1;30.4.1973;1;0
N.KEMAL;4;8.4.1963;4;0
GURTAC;12;7.10.1982;11;1
ELESA;2;9.10.1981;2;0
ZULFUAR;1;14.8.1983;1;0
PIHAR;1;27.7.1987;0;1
ULPEREN;9;8.3.1959;0;9
NURIYYE;3;29.9.1954;0;3
SELSEN;1;23.8.1936;0;1
BURUM;1;2.12.1981;0;1
FUSHAT;3;7.2.1954;2;1
KRIS;11;26.1.1983;11;0
DESIREE;1;16.5.1979;0;1
TOPSEL;1;2.10.1969;1;0
HURTURK;6;30.12.1972;6;0
NAYIBE;9;26.3.1964;0;9
MEDDIHA;1;14.3.1927;0;1
FELIYE;2;27.7.1960;0;2
CANBIKE;4;23.7.1972;0;4
NUHBIYE;1;4.12.1948;0;1
AGYA;3;13.4.1953;1;2
YILDIZALP;1;3.11.1929;1;0
ESTEREA;3;5.1.1922;0;3
N.FIGEN;1;2.4.1961;0;1
HERTSEL;1;18.9.1958;1;0
SAHEB;1;22.8.1967;0;1
ENESCAN;3;18.1.1991;3;0
SAVIDEN;1;29.5.1938;0;1
MUHMUT;1;27.9.1984;1;0
MURENGUL;1;3.2.1945;0;1
MALKONA;3;16.5.1931;0;3
NEVBAN;1;24.7.1949;0;1
ARYE;2;17.1.1978;2;0
SUFAL;6;29.7.1954;0;6
YAAKOV;3;5.12.1958;3;0
ESTRIYA;1;1.7.1955;0;1
DIYAMENTE;1;12.8.1935;0;1
OYGUN;4;27.5.1975;2;2
URI;2;14.8.1981;2;0
VERJEL;3;20.4.1966;0;3
SUKEYNA;1;1.1.1957;0;1
DOROTHEE;2;4.8.1956;0;2
MALCOLM;1;20.2.1939;1;0
DURRIGUHER;1;1.5.1925;0;1
BILGISEV;2;8.3.1964;1;1
NAZERET;2;6.4.1942;2;0
ISVE;3;23.9.1974;0;3
FRIEDRICH;3;2.11.1941;3;0
CEMDUNDAR;1;27.2.1980;1;0
SAHIZENAN;3;21.9.1956;0;3
KRISTIYAN;1;29.9.1973;1;0
ORITA;1;29.11.1970;0;1
PEYGAM;3;1.2.1972;1;2
GULINA;4;1.9.1966;0;4
SRANUS;1;13.2.1933;0;1
ERENGUN;2;1.5.1958;0;2
ISILGUN;2;16.12.1973;0;2
H.ESMERAY;1;30.12.1957;0;1
HEN;1;14.8.1950;0;1
SERTTAY;1;18.9.1955;1;0
NIGAH;14;27.7.1965;1;13
BELTIR;1;27.2.1983;0;1
ILKTEN;9;5.4.1971;0;9
ZIBEYDA;1;30.6.1966;0;1
GULTURER;1;12.3.1941;0;1
FAHRETTINI;1;7.11.1932;1;0
AHMETALP;1;18.7.1989;1;0
KARAN;18;5.9.1962;13;5
TIPHANIE;1;10.5.1985;0;1
NIKTOR;2;8.7.1932;0;2
MARUH;2;30.5.1963;2;0
MATATYA;2;15.2.1935;2;0
RIKI;4;30.6.1955;0;4
ATASUN;4;28.9.1976;4;0
REYHEN;3;14.3.1969;0;3
MEJDET;3;29.2.1973;1;2
AYINGUL;1;10.7.1964;0;1
ANTVAN;3;6.10.1950;3;0
SINYORU;5;26.1.1933;0;5
SERES;1;2.1.1945;0;1
ARLJINDA;1;1.6.1976;0;1
BIRGUTAY;2;3.5.1989;2;0
AKIFCAN;1;16.10.1990;1;0
GAZVAN;2;1.6.1961;2;0
SUUDHAN;1;27.4.1977;1;0
SAHIBAN;10;24.6.1967;1;9
ALON;2;30.6.1982;2;0
MUSEG;4;20.10.1952;4;0
GOKSENIL;2;1.8.1972;1;1
SAYILAN;2;4.10.1951;1;1
OPCAN;1;24.8.1977;0;1
SLAVINA;2;26.7.1976;0;2
EDITE;1;24.7.1927;0;1
MAHMAR;1;12.8.1935;0;1
GIDENGUL;1;26.6.1973;0;1
REJINE;3;15.3.1940;0;3
MUVEHHIDE;1;3.9.1926;0;1
ALPZERRIN;1;2.8.1927;0;1
TORES;3;2.4.1955;3;0
ORUCCAN;1;23.11.1989;1;0
DANYIL;1;5.10.1957;1;0
FEHNAZ;4;25.10.1957;2;2
ARMON;1;17.4.1942;0;1
ZUSHAN;1;16.11.1963;1;0
GUNSELIH;3;2.4.1953;0;3
GUNGEC;1;12.4.1942;0;1
UTGUN;1;10.5.1940;0;1
LIZE;4;30.10.1966;0;4
ROSLIN;3;3.9.1980;0;3
BARS;2;8.4.1980;2;0
BRENDAN;1;22.1.1966;1;0
DAMON;2;10.12.1974;2;0
DALINCE;1;6.6.1990;0;1
CENNAN;1;8.1.1970;0;1
BERRINUR;1;28.2.1949;0;1
VIKTORIN;2;18.4.1938;0;2
VALANTINA;4;1.8.1973;0;4
SEZEYI;2;2.9.1974;2;0
SEMOIL;8;24.3.1936;8;0
SENYURU;1;6.9.1925;0;1
JIJI;1;15.8.1973;0;1
TELEMAHOS;1;1.12.1951;1;0
MUYAN;1;22.2.1936;0;1
PULUR;6;16.12.1947;1;5
TADA;2;2.4.1960;1;1
ANAHID;8;6.12.1956;0;8
DANUTA;2;15.1.1958;0;2
ILTERISCAN;1;22.9.1975;1;0
MAHYAT;1;17.8.1954;0;1
BAYSIN;5;7.10.1964;5;0
GERGANA;4;10.11.1967;0;4
ANAY;2;28.4.1953;0;2
TEKE;5;19.6.1940;5;0
ILYAZAR;2;20.10.1930;2;0
CANBUSUGA;1;17.8.1924;0;1
TUVEYC;1;25.2.1987;0;1
GULZAN;6;26.7.1952;0;6
MISKAT;1;5.5.1932;0;1
FERVIN;6;15.8.1961;0;6
EBUTTERDA;1;28.2.1949;1;0
FERUHSAT;3;10.7.1928;0;3
RUVIYE;11;19.1.1960;0;11
JENNIE;1;17.8.1930;0;1
M.DURDU;1;13.1.1941;1;0
TULIH;1;5.11.1981;1;0
ARLI;2;9.11.1974;0;2
GOCKEN;1;7.8.1939;0;1
UZDEMIR;1;21.10.1936;1;0
LUSIKA;1;29.1.1932;0;1
RAYTEN;3;1.12.1962;0;3
BOKEHAN;2;4.1.1984;2;0
OJIN;2;2.5.1927;0;2
EBULHARIS;2;27.4.1952;2;0
KAYANSEL;1;3.10.1984;0;1
RUHZER;1;6.12.1972;0;1
REYVENT;1;26.1.1943;0;1
ISTERYA;1;23.1.1929;0;1
MUCAVVER;1;21.3.1948;0;1
DORATIA;1;1.7.1930;0;1
ZEMBURIYE;1;22.8.1919;0;1
ZIYAMUNCI;1;2.5.1949;1;0
MERKADA;6;27.6.1928;0;6
SELGE;2;7.6.1982;0;2
FENYA;1;26.7.1924;0;1
EBED;2;16.10.1967;2;0
MIDIYA;1;24.10.1960;0;1
MUCADET;3;22.9.1949;2;1
YAKOV;5;23.8.1966;5;0
KOYMEN;3;10.9.1956;2;1
NEORAY;1;15.11.1951;1;0
NURMAH;2;24.2.1945;0;2
KALDE;1;18.3.1976;0;1
ZEHRAHAN;2;6.7.1979;0;2
GUSLIME;1;6.3.1945;0;1
ESEDIYE;4;25.3.1952;1;3
GOKCEALP;1;15.7.1971;1;0
MORDUHAY;3;28.8.1932;3;0
GULAYISE;5;11.11.1942;0;5
AYCAL;5;8.9.1964;5;0
SECIHI;1;15.4.1985;1;0
VERTURA;1;11.9.1939;0;1
SAHVARE;3;3.3.1951;0;3
ILYAHO;2;12.2.1953;2;0
BIYEVI;1;24.8.1949;0;1
TULUAY;6;28.10.1953;0;6
MEHASIN;3;1.7.1969;1;2
PERGE;2;11.3.1974;0;2
RANIA;6;22.3.1969;0;6
LAZOR;1;27.6.1926;1;0
GERTRUD;4;8.5.1937;0;4
ERAZMIA;1;5.9.1940;0;1
HELSIN;1;20.3.1972;1;0
AYSEMIL;2;6.4.1977;0;2
BERNU;3;21.9.1975;0;3
PEKEL;2;18.8.1958;1;1
GULLAL;1;30.7.1962;0;1
BABETTE;1;4.2.1963;0;1
FIKRIGURSAN;1;14.6.1957;1;0
MESRUREGUL;1;27.1.1962;0;1
MUCEVHERE;1;11.6.1952;0;1
OZGUNUL;1;1.6.1931;0;1
ASNU;1;23.12.1962;0;1
MECDETTIN;4;22.4.1955;4;0
GRAZIVA;1;21.5.1969;0;1
KOZIMA;1;5.1.1963;0;1
ALIDOST;4;3.5.1974;4;0
ILDEZ;1;27.3.1968;0;1
DARLENE;2;4.1.1968;0;2
MERGU;1;14.7.1983;0;1
HANDANE;3;13.1.1975;0;3
ZIDER;1;14.4.1977;0;1
KURKEN;6;9.4.1955;4;2
DERVA;2;29.11.1971;0;2
DOROTHEA;3;3.3.1947;0;3
REFKAN;1;8.7.1958;1;0
HURHAMZA;1;14.5.1960;1;0
NEKIYBE;1;9.6.1927;0;1
SERBEN;11;25.8.1962;0;11
MARHAN;1;10.3.1946;0;1
GULDESEN;13;3.4.1967;0;13
ANCETA;1;3.5.1954;0;1
TAVSURIYE;1;1.4.1943;0;1
PITIRCIK;3;5.10.1961;0;3
BAHISER;5;26.1.1961;0;5
YOUSSEF;1;27.3.1938;1;0
MARIJANA;1;18.12.1961;0;1
DINEMYIS;1;26.9.1946;0;1
TURKATASEVER;1;30.10.1948;1;0
KINAR;9;26.9.1950;0;9
UMMUHAL;3;11.1.1953;0;3
ERPAK;1;3.12.1954;1;0
DONAT;5;26.11.1974;5;0
CEYDAGA;1;3.2.1969;0;1
HUSNUAN;6;23.10.1958;0;6
MUZMER;1;13.2.1953;1;0
KEIKO;1;2.2.1978;0;1
INGALILL;1;21.9.1929;0;1
BYUNG;1;1.5.1953;0;1
THEODORA;4;23.9.1966;0;4
BEHRUZCAN;1;25.8.1978;1;0
SEMENTOP;1;17.5.1936;1;0
TUNSU;2;11.4.1989;0;2
ATHENA;1;5.1.1942;0;1
ENGIDU;1;28.8.1962;1;0
NATYA;14;2.2.1957;0;14
ULVIN;4;27.9.1974;0;4
MELEKSIBEL;1;3.7.1973;0;1
FINTEN;1;13.8.1948;0;1
MISSEM;2;28.10.1984;0;2
PHILIP;4;29.7.1971;4;0
KARCICEGI;2;30.10.1969;0;2
OLUC;2;10.5.1937;2;0
FEZZAN;2;30.6.1967;0;2
ELDEBRAN;5;1.12.1949;0;5
YOANNA;5;28.1.1956;0;5
TURID;1;30.5.1934;0;1
ZUHREGUL;4;6.11.1971;0;4
URENAY;1;3.5.1944;0;1
SEM`A;1;27.6.1952;0;1
VIVIANE;4;14.3.1963;0;4
HELJA;1;9.1.1950;0;1
FOCIN;1;25.6.1969;0;1
MEHSEYIN;1;3.7.1964;1;0
FULGE;1;12.9.1971;0;1
ZINAVIYA;1;2.8.1921;0;1
MUTEYENMEN;1;2.8.1921;0;1
HUGUETTE;2;28.2.1951;0;2
IRANUR;1;22.10.1948;0;1
SEYDUN;7;22.3.1942;0;7
VAHAKIM;1;13.8.1927;1;0
CURRET;1;24.6.1957;1;0
VASILAKI;5;20.4.1941;5;0
AYDILGE;1;21.7.1980;0;1
ILBIGE;3;29.1.1978;0;3
ECVED;4;13.11.1956;4;0
TANDORUK;1;9.5.1987;1;0
BAYCU;2;9.9.1973;2;0
ZIYADINC;1;30.5.1970;1;0
ALEKSANDRO;6;13.8.1949;6;0
VIDIN;3;3.2.1953;3;0
GOREY;8;21.12.1972;7;1
NAYYAT;1;29.10.1965;0;1
IYISEN;1;2.4.1941;0;1
VELIKA;1;7.3.1928;0;1
ZULFUYA;2;24.4.1966;0;2
ASYAL;1;2.3.1979;1;0
MARGARITKA;1;17.1.1950;0;1
TOLONAY;5;14.11.1940;1;4
RUYANAZ;1;18.7.1991;0;1
AHMEGT;1;2.2.1921;1;0
CORALIE;1;12.8.1987;0;1
PHILLIPA;1;18.9.1988;0;1
YEPRAKSI;5;25.7.1952;0;5
AILET;1;19.7.1977;0;1
SAFAKAT;3;23.12.1932;0;3
GULBIGE;1;30.8.1941;0;1
RADAN;3;6.2.1969;0;3
DEVISE;1;29.3.1968;0;1
OTILIA;4;29.10.1975;0;4
GORESIM;1;10.5.1978;0;1
ERMANAK;1;17.3.1927;1;0
M.ERHAN;1;23.4.1949;1;0
N.ECE;1;13.5.1965;0;1
YEMNIGE;1;24.12.1933;0;1
REPEKA;7;17.8.1947;0;7
SECIMAY;1;20.3.1936;0;1
BUGAY;6;30.10.1980;5;1
FETHINUR;5;22.9.1947;0;5
GOKPERI;1;23.3.1945;0;1
NEVBARE;3;5.7.1951;0;3
BEGUTAY;2;15.10.1976;2;0
VAROLCAN;1;7.1.1950;1;0
BAKU;1;7.5.1934;0;1
GUHERHAN;3;8.7.1970;0;3
FUJER;7;7.12.1968;0;7
POLIVIOS;1;29.11.1960;1;0
DARIO;5;19.4.1966;5;0
BAHZAT;3;24.6.1968;3;0
CELIDE;3;30.7.1953;0;3
KANIJE;2;8.6.1956;0;2
TORAN;3;23.10.1951;3;0
IMREI;1;8.11.1951;0;1
TUNKUT;4;12.4.1982;4;0
LIMIT;1;7.11.1969;0;1
AKATAY;1;26.1.1947;1;0
YETKILI;1;11.10.1955;0;1
SAFTAR;12;12.12.1957;12;0
SEVTUN;2;14.6.1983;0;2
BARU;1;8.10.1976;1;0
FUZEN;7;10.2.1969;0;7
KINCAL;1;17.12.1936;0;1
VASO;3;9.7.1933;0;3
M.CUMHUR;1;19.12.1940;1;0
RAVIA;2;4.5.1958;0;2
EFSTATIA;1;23.7.1932;0;1
EMAN;7;2.4.1966;4;3
VINIL;1;3.6.1982;0;1
SIRMANUR;1;21.11.1990;0;1
ZEYNEPCEYIL;1;13.5.1967;0;1
ATAMANT;1;15.7.1927;0;1
ARIKNAZ;9;5.3.1951;0;9
BENSAL;3;21.7.1956;0;3
NEPAN;1;2.6.1954;0;1
BERKDOGAN;2;19.10.1964;2;0
HIFSIRAHMAN;1;14.9.1962;1;0
FARNAZ;5;26.4.1961;0;5
KISTEMEN;1;3.4.1926;0;1
GULZULAL;1;16.5.1945;0;1
MURATKAR;1;24.5.1950;1;0
MIRINUR;3;23.11.1947;0;3
OZUMCAN;8;4.9.1989;1;7
LENDA;3;18.12.1970;0;3
CATALINE;1;13.4.1976;0;1
?;3;9.3.1959;2;1
AXANA;3;9.2.1978;0;3
DIANEBYS;1;24.11.1979;0;1
GECEM;2;23.9.1989;0;2
NILECEM;1;13.4.1975;0;1
INCUSER;1;10.6.1946;0;1
BAYULKEN;2;7.1.1963;2;0
SUNAZ;6;1.11.1960;0;6
MUTARRA;3;22.5.1948;0;3
SAADUN;3;9.4.1960;3;0
REHEL;1;11.7.1981;0;1
GANIZE;1;27.11.1961;0;1
MUEZIN;1;19.5.1948;1;0
TELGA;1;8.1.1972;0;1
GULTENUR;1;8.8.1932;0;1
TUGYAR;2;27.8.1980;2;0
HUYA;2;22.12.1974;0;2
NURUDIL;1;27.3.1974;0;1
ELENKA;7;3.3.1943;0;7
NAMIRAN;5;26.9.1958;0;5
MUNHAN;5;12.8.1966;0;5
C.ATILLA;1;7.11.1943;1;0
ISTRAEL;2;30.9.1942;2;0
MEHIB;1;2.5.1975;1;0
REGIP;1;2.8.1942;0;1
ERCMEND;1;2.12.1961;1;0
OMURGUR;1;23.4.1941;0;1
MINSOON;1;20.1.1960;0;1
SEREFCAN;10;15.12.1982;10;0
ONCUCAN;1;16.5.1991;1;0
HURCUNEYT;1;22.3.1969;1;0
DARYOUSH;1;22.9.1975;1;0
ICDEN;3;12.6.1985;0;3
AHVAL;1;1.3.1976;0;1
PETRI;1;4.6.1982;1;0
SIVGA;5;19.2.1979;1;4
SAMIMEI;1;21.7.1928;0;1
MUFTEHIR;1;24.9.1933;0;1
ONAC;2;29.2.1956;2;0
SEMHAN;5;13.1.1969;2;3
MEHBEH;1;17.2.1954;0;1
LAHATTIN;10;7.11.1969;10;0
ECRAM;3;10.2.1986;0;3
KERIMEYI;1;29.2.1957;0;1
ISTELYANI;3;19.4.1953;0;3
MAKRINA;5;24.6.1951;0;5
GUHERSAF;1;27.8.1920;0;1
ARYEL;3;27.9.1963;1;2
MUSTFA;7;14.10.1970;7;0
DURRUNAP;1;24.4.1920;0;1
YULKUT;2;24.2.1938;0;2
JULTIYE;1;22.7.1970;0;1
DAVIDE;2;8.9.1964;0;2
GONEM;2;24.1.1976;1;1
M.ALATTIN;2;24.12.1939;2;0
DARIYUS;1;29.9.1987;1;0
JAANA;2;15.2.1965;0;2
GALA;2;25.3.1959;0;2
PARSEH;6;11.7.1950;5;1
UNERI;1;23.5.1943;1;0
ILPAR;3;13.5.1984;2;1
ATAKAYNAGI;1;6.6.1947;1;0
RESANE;1;7.8.1928;0;1
RUTSI;1;1.4.1953;0;1
BIGI;3;3.10.1935;0;3
TISANE;1;12.8.1935;0;1
LABELINA;1;7.11.1968;0;1
CRISTINE;1;19.3.1988;0;1
SINAZI;5;9.5.1971;5;0
JUSTIN;2;22.11.1991;2;0
MUBINA;5;30.7.1972;0;5
HEDWIG;3;1.11.1943;0;3
LAZAROS;2;8.12.1968;2;0
VASKIN;4;26.2.1960;4;0
KORCA;1;3.6.1980;1;0
CAROLYNE;1;13.1.1941;0;1
URCAY;3;4.5.1972;3;0
HIRANTUHI;1;18.7.1929;0;1
HANRIYET;2;21.1.1943;0;2
FEMIHE;1;27.3.1938;0;1
MARINETTE;1;7.8.1952;0;1
IZ;3;12.1.1963;3;0
FAHRUDDUN;1;4.1.1945;1;0
ARES;6;5.10.1977;6;0
OREOZILI;1;16.2.1946;0;1
TARAN;6;11.3.1963;6;0
MARICRES;1;13.10.1971;0;1
HOVNAN;5;8.10.1959;5;0
ALTINPINAR;1;24.6.1980;0;1
KUTEYBE;3;22.1.1968;3;0
DILBAG;2;7.2.1980;0;2
H.NURAN;1;9.4.1949;0;1
NARBEY;5;13.2.1956;5;0
ERMETE;1;1.8.1948;1;0
MILTIYADI;1;17.8.1918;1;0
GULTERIN;21;16.8.1961;0;21
SEHRIZIYA;1;23.2.1987;0;1
AYCESUR;2;3.12.1958;2;0
NOVART;10;25.6.1941;0;10
OKEM;2;6.5.1962;2;0
KATHERINA;1;3.12.1970;0;1
F.NALAN;1;4.4.1969;0;1
ISMAILEMRE;1;23.3.1988;1;0
CIHAH;1;4.11.1985;1;0
ILGINC;16;21.10.1973;6;10
BIPERVA;1;27.2.1972;0;1
TUKELBILGE;1;20.11.1935;0;1
DILDE;6;14.7.1989;0;6
YALVAC;7;14.4.1965;7;0
NUVARA;1;8.9.1979;0;1
SAIMEYI;1;11.7.1951;0;1
BENHAR;5;1.11.1963;1;4
PURANDOHT;1;7.8.1928;0;1
YAKOF;1;1.4.1946;1;0
GOKKAYA;1;25.3.1930;1;0
MINETA;1;2.11.1965;0;1
DEYAN;3;30.9.1968;3;0
KURTSEYIT;1;27.8.1920;1;0
FUREYT;2;9.1.1954;2;0
JORDANIE;1;17.8.1942;0;1
SIFAETTIN;2;3.5.1961;1;1
YONTAY;1;2.2.1969;1;0
ELAGOZ;3;17.11.1310;1;2
SAKUL;2;12.6.1947;0;2
BADISER;2;12.10.1967;1;1
MAHFUSE;2;20.6.1971;0;2
MUDAHIL;5;8.7.1976;5;0
SOYLEV;3;23.5.1967;0;3
SULHER;3;5.10.1957;3;0
RUBEA;1;16.5.1955;0;1
URKIS;5;15.9.1951;0;5
HACESI;1;27.2.1968;1;0
TASVIYE;4;30.5.1957;0;4
GURBIR;1;4.3.1963;0;1
AYDINSAN;1;13.12.1988;1;0
BINAASI;1;19.5.1959;0;1
ROFEYDE;1;3.4.1987;0;1
NEVARIYE;33;10.8.1954;0;33
GUNERETTIN;1;19.7.1968;1;0
CEYKAN;6;3.9.1987;5;1
FEDOSIA;1;10.7.1970;0;1
BAGCE;6;5.11.1940;0;6
BAYRAMBULENT;1;27.3.1965;1;0
KELISE;1;26.4.1943;0;1
HEZIYE;5;20.9.1961;0;5
SAGZENE;3;9.5.1971;0;3
SEVKETSEN;1;17.11.1960;1;0
HANBER;2;27.5.1957;0;2
NEVGA;5;29.3.1968;0;5
DEYAF;1;27.2.1956;1;0
ERGULCIHAN;1;21.3.1988;1;0
FAHRIYENUR;2;11.11.1987;0;2
NECZIYE;1;2.3.1932;0;1
EZELBAHS;1;8.12.1925;0;1
UNSAK;1;11.8.1956;1;0
ZAHIP;2;27.9.1957;1;1
HAZUN;3;5.11.1957;2;1
MIRHALI;2;1.3.1958;2;0
ESENGU;1;23.8.1959;0;1
TAFFUN;2;14.9.1984;2;0
SAKUBE;1;18.7.1947;0;1
NEVRESDE;5;10.10.1964;0;5
MAYHANIM;2;14.9.1948;0;2
MAGGULE;1;2.4.1969;0;1
HAYZUN;1;11.3.1967;1;0
UNSEVIM;1;28.3.1945;0;1
EGEM;17;19.5.1987;1;16
TURHANT;1;7.10.1934;1;0
LISI;1;13.8.1983;0;1
SIMIYE;4;8.3.1968;0;4
AKAGUN;1;2.2.1937;1;0
AVIV;1;27.8.1989;1;0
SAMIALP;1;11.9.1968;1;0
MAIZ;1;26.2.1941;1;0
MILTON;1;4.4.1986;1;0
ALPCEN;1;19.12.1975;1;0
GULTUGCE;2;2.6.1988;0;2
NISBI;1;28.4.1975;1;0
TERY;1;15.8.1978;0;1
KLELYA;1;4.4.1966;0;1
PIRLA;1;13.8.1936;0;1
ROBEKA;5;26.3.1941;0;5
MUTUK;2;17.1.1960;1;1
SAVUL;2;8.4.1961;2;0
TAYJET;2;19.8.1951;0;2
VRENI;1;16.10.1927;0;1
TAMNUR;3;28.1.1947;2;1
TONG;1;27.2.1937;1;0
ARDAC;2;19.7.1971;2;0
ZOICA;5;26.6.1936;0;5
KEZBES;1;16.4.1927;0;1
BERY;1;29.7.1980;1;0
RITTE;1;17.2.1966;0;1
SIMIYETE;1;16.3.1957;0;1
JRAYIR;1;16.9.1963;1;0
KOCADUR;1;27.10.1959;1;0
RAHMANIYE;25;8.6.1957;0;25
MIRBESIR;1;22.10.1973;1;0
DURER;4;9.2.1965;2;2
TABEL;1;4.8.1961;0;1
RIZEL;1;24.7.1962;0;1
CULIAN;1;4.3.1950;0;1
VYOLET;1;25.12.1963;0;1
SEMADAN;2;6.1.1973;0;2
BITAD;1;27.8.1926;1;0
DENGUL;2;2.8.1981;0;2
HOREN;14;4.5.1953;14;0
NIKOLAKI;3;10.7.1962;3;0
SOKRAT;5;28.10.1947;5;0
RIFKICAN;1;19.6.1989;1;0
SERAR;8;3.8.1974;3;5
ANGIN;3;4.10.1964;2;1
GUNYILDIZ;1;16.5.1937;0;1
EVDOKSIA;3;21.9.1950;0;3
POLIKRONI;1;23.12.1952;1;0
MEDNAN;9;19.1.1966;9;0
PERLI;3;7.7.1971;0;3
NOYLAN;2;6.12.1940;0;2
TOLGUN;1;9.10.1981;1;0
MERBUBE;5;13.5.1958;0;5
FRANSUI;4;2.8.1942;0;4
YASOVA;1;22.9.1962;1;0
IOLI;3;5.11.1970;0;3
FEHIYMAN;1;26.11.1932;0;1
ISPANIAT;1;9.1.1963;0;1
KRISTOF;2;1.6.1987;2;0
BEVRAN;11;8.6.1976;0;11
EMELDA;1;23.7.1956;0;1
KRISTOFER;2;17.7.1986;2;0
NURCAG;4;14.2.1988;0;4
SADRINISA;1;8.6.1954;0;1
GURAKIN;2;12.12.1963;2;0
M.METE;1;28.10.1956;1;0
AYSEHAMRET;1;2.10.1948;0;1
JALLE;1;5.6.1967;0;1
VILCAY;2;10.6.1959;2;0
KALEF;5;2.6.1953;5;0
GILLA;1;12.7.1954;0;1
HEND;3;13.3.1969;0;3
EDME;1;21.9.1931;0;1
RUHNEVAZ;2;25.10.1929;0;2
SANCIDI;1;11.6.1963;1;0
GAVRIEL;5;19.7.1937;5;0
ZEHKAN;1;17.1.1966;0;1
HAZNADE;1;7.1.1979;0;1
KOKONIYA;1;2.8.1915;0;1
SERSUVAR;2;9.1.1969;2;0
IZZETDAGLI;1;29.5.1969;1;0
NERKISE;1;28.12.1930;0;1
DILASUB;1;13.5.1985;0;1
KILARA;6;1.8.1944;0;6
EMINEZUHAL;1;4.1.1949;0;1
SANGOR;1;25.11.1946;0;1
HASSANA;1;23.2.1959;0;1
DEREV;1;17.8.1978;0;1
IMERAY;2;6.8.1945;0;2
FARDA;1;3.2.1948;0;1
YEORGIYA;7;27.8.1948;0;7
ULLA;2;26.6.1960;0;2
MERZAI;1;7.8.1928;0;1
SEDLA;1;5.12.1978;0;1
NECMISER;17;16.4.1954;0;17
M.TAYFUN;1;3.7.1963;1;0
UTARIT;7;29.1.1954;3;4
CANACAN;1;29.4.1946;0;1
BERJIN;11;27.7.1973;2;9
ISUA;1;30.11.1951;1;0
MISULAM;1;19.2.1974;1;0
KIBALE;2;26.7.1956;0;2
NITSA;3;5.12.1973;0;3
ELIFELA;1;23.10.1972;0;1
LUFTIYE;11;22.12.1956;0;11
YARA;1;29.12.1970;0;1
GRESI;3;22.11.1985;0;3
BORGAHAN;3;10.8.1981;3;0
UGURTAC;1;1.12.1951;0;1
NAY;1;20.8.1975;0;1
ELYAZER;2;14.4.1940;2;0
GRESSI;1;11.4.1974;0;1
JANTIG;1;27.5.1925;0;1
LIKO;1;1.8.1954;0;1
OZDEL;8;11.7.1952;1;7
ESTENIA;1;10.11.1928;0;1
DOGDUNUR;1;26.4.1937;0;1
AYE;4;9.6.1973;0;4
FEJDA;1;14.6.1966;0;1
SARKHAN;1;1.6.1958;1;0
GUNSENIN;34;10.3.1963;1;33
VARDAG;1;7.6.1946;0;1
FEZAMAN;2;3.10.1956;0;2
GUNNIGER;1;27.6.1956;0;1
LIEZER;2;25.6.1941;2;0
SOGUTYAPRAK;1;20.9.1977;0;1
LITSYA;1;22.2.1985;0;1
VECINA;1;2.6.1966;0;1
PROKOP;1;8.11.1959;1;0
NESESUN;1;20.7.1943;0;1
JULEYT;2;27.7.1957;0;2
ERES;3;9.8.1959;3;0
BORGEHAN;2;24.2.1978;2;0
MURASSA;4;17.12.1952;0;4
SEVKER;6;6.9.1951;1;5
MEVLIHAN;3;11.5.1965;0;3
BENZES;1;11.10.1946;0;1
ERMOZA;4;20.9.1936;0;4
SEHRAZAD;6;30.12.1970;0;6
MISTEN;5;21.11.1962;0;5
DALINC;1;25.10.1970;1;0
SIYNE;1;9.7.1984;0;1
KOTIL;1;17.5.1990;1;0
ULUCHAN;3;10.2.1990;3;0
CUANNINO;1;13.2.1946;1;0
JEF;3;5.6.1976;3;0
GULSILAY;1;11.5.1980;0;1
MELIZAT;1;2.1.1958;0;1
NUHSELER;1;14.9.1966;1;0
ERANUHI;3;16.7.1949;0;3
OGUZBOY;1;22.8.1978;1;0
NAJAT;5;19.1.1966;1;4
OZCENAZ;1;5.7.1991;0;1
MIRGUNAZ;1;17.12.1954;0;1
HAPET;7;18.12.1961;7;0
YOMNIYE;1;17.2.1948;0;1
ULUSCAN;1;20.6.1973;1;0
F.GULFEM;1;20.9.1960;0;1
LETIBE;3;6.5.1959;0;3
MUSTAFASERHAN;1;23.7.1977;1;0
AYMILA;5;23.3.1978;0;5
URUCHAN;1;21.11.1945;0;1
ORUL;1;19.5.1940;0;1
GOLEREN;1;2.1.1939;0;1
OZERTEM;2;29.5.1952;2;0
HUSEYNI;2;20.3.1959;2;0
INCISU;3;13.9.1983;0;3
ELSAD;6;10.9.1966;6;0
SERAND;1;3.12.1972;1;0
FLORIN;2;30.10.1960;1;1
ABROU;1;22.8.1973;0;1
NIHAVEN;1;7.8.1940;1;0
RUCEN;4;27.6.1961;0;4
NECMUNNISA;5;4.11.1545;0;5
TANI;2;8.4.1982;2;0
SATEN;8;8.5.1956;0;8
GISEL;1;27.8.1956;0;1
NERMILE;1;27.6.1938;0;1
AKTALON;1;27.8.1952;0;1
DIAMANTE;1;10.11.1961;0;1
NURNIGAR;5;11.1.1965;0;5
MICHELINE;1;1.2.1962;0;1
Y.KENAN;1;27.2.1938;1;0
ONSUR;1;13.2.1941;0;1
PULKER;1;17.8.1948;0;1
ALESSIO;1;25.5.1986;1;0
EMIKA;1;19.7.1929;0;1
MAHISAH;1;23.11.1966;0;1
FURTINE;1;8.2.1947;0;1
DARAB;1;17.8.1942;1;0
VERTAN;1;21.10.1939;0;1
BENUSEN;2;2.7.1977;1;1
KALBIE;12;11.2.1972;0;12
HASANSERKAN;1;23.1.1991;1;0
ALTINSOZ;2;28.9.1934;0;2
ASBET;1;5.10.1967;1;0
SANRAN;1;8.11.1986;1;0
GEREZ;2;30.8.1990;0;2
ARALSADI;1;10.5.1926;0;1
NURTULUG;1;28.3.1963;0;1
SAY;1;2.3.1981;1;0
YONI;2;23.2.1982;2;0
TIFLIZ;1;23.2.1938;0;1
MERTIM;1;28.9.1982;1;0
HIRISTO;26;3.12.1943;26;0
VELAHATTIN;10;30.11.1964;10;0
GULURAN;2;2.8.1965;0;2
ERJEN;1;18.8.1975;1;0
SIMSON;2;15.1.1969;2;0
LILET;2;1.8.1962;0;2
YAFIT;1;7.2.1976;0;1
OMURTAK;6;28.11.1950;6;0
TUMSER;4;3.3.1960;0;4
JERFA;1;1.5.1954;0;1
VENIZ;1;9.6.1931;0;1
DINAPE;1;23.3.1958;0;1
TAMARAN;1;26.4.1963;0;1
BEHTANE;1;27.2.1944;0;1
AYPARK;1;2.9.1934;0;1
BEATRIX;4;6.10.1953;0;4
KEVZAN;1;23.7.1973;0;1
ISPIRLI;1;19.12.1959;0;1
OMRUNCEGUL;1;9.8.1978;0;1
HARIKLIA;5;12.2.1952;0;5
GIRASYA;3;16.8.1932;0;3
TRUMAN;1;22.2.1949;1;0
MUCELLAFI;1;17.4.1972;0;1
AYNUSE;4;26.9.1971;0;4
EHSEN;8;3.6.1948;1;7
VALDET;6;26.12.1961;1;5
ALKANAY;1;8.8.1975;0;1
EFROSINIA;1;13.12.1961;0;1
OYE;3;2.10.1948;0;3
THEODOROS;1;8.5.1977;1;0
ATAAN;1;6.12.1962;1;0
NAZENEN;1;14.2.1927;0;1
ATINALA;1;14.10.1976;0;1
CANKADIR;3;17.10.1978;3;0
MEHMETALIBERKMEN;1;23.8.1950;1;0
BEYSOY;2;13.10.1976;2;0
DUNYAMINI;1;22.2.1977;1;0
FEYYAZCAN;1;23.10.1985;1;0
MESROP;10;12.8.1961;10;0
ERANI;2;21.6.1943;0;2
AYBITEN;1;4.3.1939;0;1
MUDESIRE;1;17.5.1943;0;1
GULSERVAN;1;26.3.1937;0;1
DILTAS;1;11.10.1976;0;1
HEILLA;1;6.6.1981;0;1
RINDUNICA;1;8.12.1975;0;1
KATERINI;1;23.9.1981;0;1
TUGUBAY;3;17.2.1974;1;2
NEYLIYEM;1;16.3.1980;0;1
NECIBEN;1;20.12.1958;0;1
BILGETEKIN;3;18.5.1974;3;0
FICRET;1;7.8.1934;0;1
ISLEL;1;24.5.1945;0;1
NESLITURK;1;9.2.1959;0;1
SAHIGAN;3;4.12.1949;0;3
BULSE;1;18.2.1983;0;1
GURHAYAT;3;18.2.1967;1;2
ALEMDEGER;1;4.4.1948;1;0
ELIDIONA;1;30.7.1975;0;1
MEVLUTDIN;1;22.3.1955;1;0
RAYBEY;1;28.6.1932;1;0
GULSEVGEN;1;3.8.1970;0;1
GONULKIRMAZ;1;1.3.1962;1;0
MEMDUHKAMIL;1;4.1.1971;1;0
KALUST;14;10.10.1949;14;0
MERCIHA;1;20.8.1934;0;1
UNMUSLUME;1;7.8.1934;0;1
MELIKKE;1;7.2.1940;0;1
IBHAHIM;2;2.2.1973;2;0
GUNSIL;1;15.11.1981;0;1
MUHLIBER;5;24.4.1951;0;5
NOUHA;1;29.2.1969;0;1
CERSUM;1;18.9.1979;1;0
LAZIYE;3;13.10.1961;0;3
ERIF;2;6.1.1979;1;1
MEFGORE;1;26.8.1934;0;1
ADNANCAN;2;28.9.1991;2;0
REONA;1;1.5.1991;1;0
GULSARAN;18;29.7.1960;0;18
AKIRA;1;6.11.1989;1;0
ISKERDER;1;4.3.1980;1;0
DARYUS;3;28.10.1954;3;0
JETA;1;7.10.1976;0;1
ADEN;8;19.11.1975;4;4
TAYF;1;30.3.1968;1;0
CEYNA;6;25.1.1984;0;6
HASRE;1;9.3.1965;0;1
MEKUHAT;1;19.11.1953;0;1
SENSEVEN;1;2.8.1957;0;1
IRCE;2;13.6.1982;0;2
VERJENI;2;9.8.1955;0;2
MEHKUBE;1;6.12.1972;0;1
FERNIZ;1;17.8.1971;0;1
BUSRAG;4;25.11.1984;0;4
BUGUM;1;3.6.1977;0;1
OZGURER;3;2.10.1978;2;1
JEFIDE;2;5.3.1961;0;2
CEVAIRE;4;28.4.1945;0;4
NURUEFSAN;1;21.9.1934;0;1
ALTINGUZEL;1;19.12.1952;0;1
ERKIRAN;1;7.6.1935;1;0
EMAT;3;20.2.1948;0;3
HAREN;1;20.11.1967;0;1
BESEL;3;21.3.1978;1;2
ILENIA;1;19.3.1980;0;1
LUCIANA;2;28.6.1976;0;2
IZBUL;3;12.3.1956;3;0
SUMERALP;1;12.9.1942;1;0
SUKUFI;1;12.6.1960;1;0
HEVDAN;2;28.8.1970;0;2
MUACCEL;9;6.1.1953;0;9
IVANKA;4;26.3.1961;0;4
GULZADEM;2;22.10.1968;0;2
TUNGUR;1;8.7.1936;0;1
PRISCILLA;3;20.10.1956;0;3
HALITCAN;6;8.4.1982;6;0
OZOL;8;13.2.1966;8;0
ULIANA;1;22.1.1975;0;1
BARRAN;1;28.12.1974;0;1
KEMALAT;1;18.3.1922;0;1
GUNERIN;3;17.12.1967;1;2
UZLIFAT;1;27.8.1962;0;1
HANDESELIN;1;25.7.1978;0;1
BERENSEL;1;10.11.1954;1;0
SUVEYHE;1;11.7.1957;0;1
TANSEHER;3;2.1.1948;0;3
SAZIVAR;3;12.7.1940;1;2
MAHPUB;5;10.9.1954;0;5
RUZICA;3;10.3.1951;0;3
ACARALI;1;22.7.1966;1;0
VUSAT;5;1.4.1954;4;1
OLEKSANDRA;9;16.10.1974;0;9
SALNE;1;2.8.1939;0;1
TURKNAZ;3;22.6.1957;0;3
KEBEDE;1;2.8.1945;1;0
AHZE;1;21.9.1978;0;1
ZENGINAR;5;22.7.1970;0;5
ZIAIYE;1;21.7.1944;0;1
MEVZIKA;1;19.3.1945;0;1
PERINCAN;1;7.8.1988;0;1
BESTENAZ;1;7.1.1990;0;1
MAKLEN;2;7.11.1960;0;2
MUMAMMED;3;10.10.1985;3;0
GULDEGEN;1;19.4.1966;0;1
CENKTAN;1;5.8.1975;1;0
RUSTED;1;25.4.1938;1;0
LIYNE;1;4.10.1979;0;1
ANILERMAN;1;15.12.1982;1;0
NURPERIN;1;19.5.1941;0;1
ERDOG;6;21.9.1951;6;0
MUZEFFIYE;1;17.8.1930;0;1
MEFRE;1;14.6.1947;0;1
FUGER;2;26.3.1955;0;2
GERCEL;2;23.1.1989;2;0
CESMIYAR;2;13.8.1939;0;2
TUNAHUR;1;5.7.1961;0;1
MIJGAN;1;1.7.1950;0;1
BEBEKI;1;27.11.1946;0;1
MUSSET;1;1.3.1944;0;1
BIKMAN;2;29.11.1935;0;2
ZULHINAR;1;6.9.1937;0;1
RUDOLF;2;23.10.1963;2;0
CAYA;1;30.5.1929;0;1
BAROL;1;20.11.1978;1;0
BALSEVA;4;23.8.1951;0;4
MURSELIYE;1;21.10.1923;0;1
NAZLUHAN;1;25.5.1966;0;1
GRANIT;3;3.8.1966;3;0
DILTEM;1;11.8.1988;0;1
M.SURURI;1;27.11.1943;1;0
HRISTOMIRA;1;1.4.1988;0;1
RYSKUL;1;24.1.1978;0;1
ELRA;1;18.12.1976;0;1
ERSEVIN;3;24.3.1955;1;2
NEZIHAYI;1;27.8.1926;0;1
LARAY;1;18.3.1943;0;1
ZIYADAN;2;7.11.1962;2;0
SIKHANIM;1;21.11.1934;0;1
AGLAIYA;2;17.4.1966;0;2
FILUN;1;27.10.1962;0;1
VEJAT;3;9.10.1964;3;0
GULINS;1;8.12.1962;0;1
CINARLALE;1;15.1.1974;0;1
ZENNURYE;2;25.5.1968;0;2
BIRGUVI;1;11.6.1949;1;0
TUZEM;2;14.5.1984;0;2
KIMNAR;1;27.8.1932;0;1
TUNKUC;1;8.10.1944;1;0
LACINER;1;20.3.1974;1;0
YEPREM;10;14.7.1961;10;0
GUZEYDEN;1;16.9.1952;0;1
OZCIVAN;1;26.3.1957;0;1
YUCIN;1;6.12.1963;0;1
KURREM;2;25.2.1964;2;0
MAHSUNAY;1;26.3.1966;0;1
ABDULSAHAP;2;1.3.1955;2;0
SUADIL;2;16.11.1954;1;1
HETAR;1;21.5.1933;1;0
GIREGOS;5;18.6.1953;5;0
YAELLE;1;13.6.1973;0;1
DESTINE;6;15.3.1957;0;6
NESBE;2;10.9.1962;0;2
M.ENGIN;1;17.12.1966;1;0
UTAMARGARETE;1;1.8.1943;0;1
PALAMBO;1;4.5.1937;0;1
DENISIA;1;12.5.1976;0;1
HULUD;1;22.8.1961;0;1
FADIKA;2;24.9.1969;0;2
JOYA;1;27.3.1974;0;1
RUHINAR;1;18.2.1942;0;1
SELY;1;6.9.1974;0;1
VASILKA;3;21.7.1948;0;3
SLAMO;1;22.8.1945;1;0
HARIDDIN;2;15.2.1965;2;0
FERBARS;1;19.9.1991;1;0
BIKMAZ;3;27.6.1948;3;0
NESRINE;11;5.10.1963;0;11
ARSENI;1;29.1.1965;1;0
KARPAT;3;8.6.1972;3;0
KUBERA;2;10.2.1941;0;2
CESMIAHU;1;21.10.1968;0;1
RUMYANA;1;25.4.1974;0;1
YASINSALTUK;1;25.9.1989;1;0
BESTENUR;8;10.6.1987;0;8
ILIRA;1;13.9.1979;0;1
TULCIN;2;15.9.1978;0;2
SITTEHAN;1;25.7.1968;0;1
MUJTEBA;4;17.10.1954;4;0
IOANNA;5;10.5.1966;0;5
MERDAYI;2;12.4.1968;0;2
TACMAHAL;1;1.4.1950;0;1
LISEL;1;7.3.1982;0;1
AYDOS;10;4.3.1963;10;0
IMRARE;1;24.3.1941;0;1
FROUKJE;1;18.1.1960;0;1
SECLAN;1;10.9.1985;0;1
ZERDENUR;2;6.5.1947;0;2
ANGELIKICA;1;17.6.1942;0;1
MUNFIRAN;1;2.4.1933;0;1
VEYZETGUL;1;12.1.1983;0;1
WENDY;11;8.5.1957;0;11
TARGUN;7;11.1.1969;7;0
UGURUM;3;25.3.1975;0;3
NEYIRRE;1;2.2.1969;0;1
BILTIN;4;11.9.1957;3;1
CIHANCAN;3;26.8.1978;3;0
BETIGOL;1;12.7.1946;0;1
M.MEDENI;2;16.4.1947;2;0
ARSANES;1;17.2.1930;0;1
JALEH;3;22.11.1962;0;3
FITAHAT;5;29.7.1956;0;5
HIMEYRAN;1;16.7.1952;0;1
AHRAR;6;9.11.1971;6;0
SAYIMIYE;1;17.4.1950;0;1
KOSTI;2;22.8.1944;2;0
GULDIL;4;6.12.1980;0;4
NECIYLE;1;22.2.1955;0;1
SAVASMAN;2;26.9.1942;2;0
GUNSA;2;9.5.1964;0;2
NURLUAY;2;23.10.1971;0;2
NAZIFENUR;3;14.6.1984;0;3
AZAH;1;12.3.1987;1;0
REHAI;2;22.4.1981;2;0
USUN;4;1.11.1962;3;1
F.BURCU;1;18.9.1980;0;1
MUHTECIN;1;25.5.1945;1;0
BOGUZ;3;7.11.1958;3;0
KUTAHIYE;6;13.2.1949;0;6
CULYET;3;16.10.1959;0;3
GHUFRAN;1;28.9.1960;0;1
DURDIHAN;2;17.3.1948;0;2
SULFIHAN;1;1.7.1962;0;1
MEHMETAFIF;1;15.4.1984;1;0
OKNAZ;1;12.1.1971;0;1
GULNESIP;1;14.11.1980;0;1
DURUH;8;7.6.1963;8;0
ALANGOYA;3;15.6.1974;0;3
ULUGHAN;5;8.11.1977;5;0
ARINEL;1;7.9.1987;1;0
STELYO;3;25.12.1965;3;0
AGCEY;4;14.7.1460;0;4
SERENDIZ;1;17.2.1953;0;1
HOURI;1;2.8.1951;0;1
MEVNUNE;1;21.6.1963;0;1
MESSERRET;3;23.12.1956;0;3
VASFICAN;1;28.11.1936;1;0
OZGUNCEM;1;22.12.1978;1;0
NILGAYE;1;30.5.1976;0;1
RAMAZANOGLU;1;21.5.1970;1;0
AGIS;3;14.3.1978;2;1
ADNANA;4;1.11.1973;4;0
CIT;1;12.3.1935;1;0
HAYGAZUN;5;25.1.1957;5;0
INSIHAN;1;20.9.1974;0;1
TABITA;3;21.10.1983;0;3
NAWAL;1;9.7.1970;0;1
TEYFI;1;13.2.1965;1;0
HEGINE;5;16.11.1942;0;5
SANZIMEN;1;4.6.1962;0;1
SIMARA;1;21.12.1939;0;1
REYMEN;1;23.10.1991;1;0
M.MUSTAK;1;11.6.1943;1;0
NURZER;2;28.10.1963;0;2
SIINEM;1;28.4.1982;0;1
MUHABIYE;3;4.7.1952;0;3
RABUHAN;1;20.3.1944;0;1
ALAYCA;2;29.7.1980;0;2
ICLEM;4;25.5.1980;0;4
MUSABET;4;1.7.1964;2;2
KARDU;1;29.4.1957;1;0
AYSETUZ;1;20.5.1942;0;1
AYBIYE;1;9.3.1954;0;1
CAROLIN;6;30.5.1978;0;6
SERANUR;3;23.2.1988;0;3
NEDAL;2;11.2.1975;1;1
GULNIAM;1;22.2.1967;0;1
MATIL;1;23.4.1929;0;1
RUVEYDANUR;2;15.6.1970;0;2
SERIR;5;15.4.1951;0;5
VEYSELHAN;2;2.12.1984;2;0
SARAB;1;2.8.1945;0;1
YEUDA;2;24.5.1948;2;0
NUZAR;1;16.1.1988;0;1
ILSEM;5;25.6.1985;0;5
ERTON;3;11.3.1946;3;0
HOKAN;2;14.9.1985;2;0
M.TURGUT;3;4.5.1974;3;0
HAKCAHAN;1;27.1.1992;0;1
MUBAHIDE;5;1.8.1959;0;5
M.MANSUR;2;24.2.1950;2;0
ODNEY;1;7.4.1977;0;1
MMURAT;1;7.2.1964;1;0
NILDERYA;1;10.10.1973;0;1
FETESIYA;1;18.2.1942;0;1
DOLORES;2;27.2.1957;0;2
MIYANE;2;1.11.1944;0;2
WALTRAUT;3;27.6.1937;0;3
REMDEN;1;2.7.1974;0;1
AKTER;12;4.11.1959;4;8
SERIMGUL;2;19.7.1977;0;2
MOR;2;5.2.1955;1;1
EMANNAS;1;21.7.1945;0;1
ROZDA;4;10.3.1981;0;4
YURTAGUL;5;23.10.1953;0;5
GULBANIZ;5;28.3.1972;0;5
ULUNYEGE;1;14.3.1924;0;1
SUFAYIT;1;21.11.1976;1;0
ETSU;1;18.9.1941;0;1
ARZUMNUR;1;29.6.1976;0;1
MISALE;4;9.9.1956;0;4
A.IZZET;1;21.3.1957;1;0
TAVKAN;3;25.5.1971;3;0
MUHRUMA;1;30.7.1983;0;1
MILKINAS;1;29.8.1973;0;1
KALIOPI;6;14.9.1955;0;6
OLUR;8;3.12.1976;7;1
TEBIL;1;26.4.1984;0;1
FATMATALA;1;17.4.1960;0;1
NILUPER;1;12.7.1959;0;1
O;4;18.4.1977;1;3
TOGO;1;13.7.1936;1;0
ILEANA;10;24.4.1970;0;10
FABURE;1;27.10.1950;0;1
TEBIHAT;1;18.8.1960;0;1
MUGAYYE;4;24.5.1989;0;4
OYALIN;6;6.7.1957;0;6
MADILEN;4;29.10.1947;0;4
MELVA;5;24.11.1972;0;5
ZARTAR;10;29.10.1943;0;10
AGABET;1;7.4.1954;1;0
SERVERTAN;1;26.3.1981;1;0
VIDADE;2;12.4.1943;0;2
ASIKDIL;1;2.8.1921;0;1
KACUHI;3;17.1.1961;0;3
FIRANCASKA;1;22.8.1925;0;1
ERVAHA;1;26.7.1945;0;1
KIVORK;18;1.3.1947;18;0
ALIYYULHADI;1;9.5.1955;1;0
POYZAN;6;23.8.1970;0;6
MELSU;1;8.7.1982;0;1
NEHAN;12;23.12.1962;0;12
JENEVYA;1;17.5.1962;0;1
EBETULLAH;1;22.8.1943;1;0
TEYFIT;5;19.11.1956;5;0
ITRIVURAL;1;15.4.1959;1;0
DULSUM;1;13.2.1968;0;1
IOUSTINOS;1;16.12.1957;1;0
SINEMMIS;1;24.12.1968;0;1
GUNI;4;5.2.1950;0;4
YEFKINE;3;4.3.1925;0;3
ZULGARINIL;1;9.8.1983;1;0
KANOZ;1;25.12.1953;1;0
HAL;8;28.1.1956;6;2
TARINC;1;17.5.1930;1;0
HASEL;4;29.7.1958;0;4
SUNSEN;1;19.5.1988;0;1
ODISSEAS;1;5.8.1985;1;0
VEYSER;8;29.9.1963;2;6
BURHANDER;1;21.11.1954;0;1
PARUNAK;4;28.1.1947;4;0
VARSIN;4;26.5.1937;1;3
VARNIKA;1;20.9.1952;0;1
TUGBEN;3;11.8.1981;2;1
IORDANKA;1;11.2.1954;0;1
UDVIYE;3;21.11.1936;0;3
LYDIE;1;5.8.1983;0;1
MEYMAHAN;1;6.4.1948;0;1
ERMETCAN;1;8.3.1956;1;0
ERINI;5;12.7.1938;0;5
SENDUL;2;13.4.1973;0;2
ELMER;1;27.5.1971;1;0
ALANGUVA;2;27.4.1940;0;2
YURDAISIK;2;14.8.1936;0;2
BIRDEK;1;13.8.1959;0;1
INAAM;3;23.4.1973;0;3
TUGSAH;3;12.12.1985;1;2
FILZE;1;7.8.1947;0;1
ALKUT;3;14.9.1963;3;0
VERDEH;1;8.5.1964;0;1
KONURIYE;1;4.3.1956;0;1
EVENDER;1;12.2.1965;1;0
RADIGAN;2;30.10.1933;0;2
GULHUDA;11;13.2.1962;0;11
MONALISA;1;1.5.1977;0;1
ALAHAN;2;3.6.1971;1;1
GULPERVIN;2;7.4.1950;0;2
YUCEANIL;1;5.9.1982;0;1
ECEOYA;1;9.9.1967;0;1
ANGERIKI;1;15.6.1963;0;1
NEGAH;4;18.3.1973;0;4
AHMETTEVFIK;1;18.4.1979;1;0
OZENGIN;2;15.4.1941;1;1
YUSER;10;23.4.1943;1;9
NEBAHI;1;18.11.1957;0;1
GULAS;13;20.4.1963;0;13
CAMLA;1;7.5.1927;0;1
ZORLUHAN;1;24.4.1990;1;0
HUMRET;5;7.1.1952;0;5
TANOZ;1;2.9.1980;1;0
NITEL;2;3.4.1982;2;0
NAVID;1;8.9.1988;1;0
ANRIYET;2;12.9.1927;0;2
AYSUNER;3;12.6.1958;0;3
BIHRUZ;1;20.2.1990;1;0
IJIKA;3;13.9.1935;0;3
HAMDUNEIKBAL;1;16.7.1939;0;1
MUTLUSEL;1;6.6.1990;0;1
ERGUMEN;13;20.4.1973;13;0
ORJEN;8;16.12.1947;0;8
ROZMERI;1;19.6.1977;0;1
MIRINNAR;1;7.10.1934;0;1
GULSAME;8;25.8.1958;0;8
SURPRIZ;4;20.6.1979;0;4
ROUBABA;1;17.8.1966;0;1
AHMEDULLAH;3;3.3.1956;3;0
BERTUL;5;23.1.1970;1;4
SEMSUNAS;1;6.11.1947;0;1
HIZLIFET;1;12.3.1976;0;1
CEMSINAN;3;27.10.1975;3;0
SAHMALIK;1;3.4.1975;1;0
BORKAN;9;27.6.1984;9;0
LIRIA;1;21.10.1972;0;1
UTKUM;5;11.11.1981;0;5
DEVINIM;2;24.1.1976;1;1
NURDILER;7;28.9.1969;0;7
KENT;6;30.5.1971;6;0
FUNDEM;1;17.3.1992;0;1
AZERSIN;1;7.2.1976;0;1
HEYIKE;1;27.4.1953;0;1
ORAS;5;4.6.1978;5;0
SEMEME;1;27.2.1950;0;1
UMMUGULSUMSEHLA;1;14.9.1962;0;1
NIGIN;1;21.1.1968;0;1
CANAZIZ;1;26.10.1964;1;0
GULEMEL;4;25.5.1961;0;4
EVSEV;2;15.5.1943;0;2
SEMIKAN;1;7.2.1952;0;1
BENGUM;1;24.2.1985;0;1
AGEHAN;2;12.9.1983;1;1
ENGINE;5;27.2.1960;0;5
SARUCA;2;21.7.1954;2;0
Y.BARBOROS;1;1.8.1974;1;0
NESEMENT;1;28.7.1965;0;1
EBREM;4;27.11.1960;0;4
MEHRNAZ;2;21.11.1969;0;2
HALESEN;1;5.4.1969;0;1
MISLET;2;11.1.1935;0;2
ERME;2;28.10.1969;1;1
TEMMIM;2;29.2.1965;2;0
ATAKAAN;3;24.11.1987;3;0
ORAZ;1;26.9.1936;1;0
DAHLU;1;1.9.1950;1;0
DIVER;1;19.3.1968;1;0
FURUZENDE;2;1.2.1955;0;2
SIVASTI;1;10.3.1915;0;1
CIZGI;1;26.12.1985;0;1
FERDAS;4;25.8.1976;1;3
OZNURCAN;1;18.1.1976;0;1
MIRISAH;10;21.6.1954;0;10
CIHANSIR;2;17.1.1952;2;0
TURLA;1;17.9.1941;1;0
KILBER;1;16.10.1939;0;1
RUHEYYA;1;14.8.1965;0;1
GULYESIM;8;13.1.1971;0;8
TEZIM;3;9.3.1963;1;2
SANDER;12;11.12.1975;6;6
GOCHAN;6;16.7.1968;5;1
NEVISER;2;27.1.1952;0;2
SANCAN;2;19.5.1957;0;2
GURUB;1;21.4.1978;1;0
DIRAR;2;15.12.1969;2;0
ERDESAN;1;20.5.1948;1;0
AYSEGULUM;1;7.8.1970;0;1
TAISSA;1;1.2.1959;0;1
OZDENC;2;26.5.1972;2;0
HANNUR;5;15.2.1980;0;5
SERSEN;1;25.2.1990;0;1
MISAY;1;30.4.1980;0;1
RUJVAN;1;22.10.1991;1;0
ABDULMUSTEKIM;1;11.9.1976;1;0
DEMETHAN;1;30.6.1956;0;1
GUNSIYAMI;1;6.9.1936;1;0
RUHSANIYE;1;6.3.1958;0;1
ARIL;6;17.10.1979;6;0
HANDESU;2;29.4.1990;0;2
BABAK;3;19.4.1981;3;0
SEREFSEN;4;21.7.1960;2;2
TUMSEL;5;26.5.1954;0;5
ARBEL;2;20.9.1964;0;2
EFROSINI;10;19.11.1954;0;10
HAMDISENA;4;21.6.1972;4;0
SUVEZAT;4;22.5.1945;0;4
NURAZADE;1;8.10.1974;0;1
INSIRAH;9;19.7.1960;0;9
BEHSER;10;24.8.1951;1;9
SUGAR;1;27.2.1944;1;0
PANDORA;1;3.9.1962;0;1
ILKNURSEZIN;1;30.3.1986;0;1
KAI;2;4.4.1986;1;1
HOSSUN;2;23.4.1973;0;2
ULASKAN;1;10.4.1989;1;0
BESTENIGAR;4;1.7.1987;0;4
COYS;2;2.1.1982;0;2
SANUZ;1;8.9.1944;1;0
SEZENER;4;22.1.1968;3;1
SANSSELI;1;21.6.1981;0;1
EBRUBERRIN;1;10.6.1975;0;1
RIDAD;2;16.9.1962;0;2
BARISBORA;1;15.8.1984;1;0
NUART;1;19.6.1965;0;1
JELDA;2;13.1.1973;0;2
LUTULLAH;3;15.1.1971;3;0
MELYIYE;1;19.9.1947;0;1
SEMAITTIN;1;4.2.1939;1;0
NORSIN;5;2.1.1975;0;5
ISTIRAEL;1;12.5.1953;1;0
GULVAT;1;22.3.1955;0;1
MURTAS;1;16.2.1976;0;1
SEHVARE;5;5.7.1939;0;5
TAYYIBEI;1;21.6.1948;0;1
KONSTANTINOS;2;4.10.1976;2;0
GOKBIL;3;27.7.1983;0;3
NELFER;4;10.4.1962;0;4
FETHICAN;4;10.11.1985;4;0
PARMAN;1;16.8.1964;1;0
BENSYON;1;11.1.1953;1;0
RAYMON;1;30.1.1947;1;0
SINTOV;2;20.12.1935;2;0
SERIYEH;1;22.8.1943;0;1
TACOL;1;5.7.1951;1;0
YALAZ;3;14.3.1969;3;0
KUVAY;1;25.8.1972;1;0
SERNAR;7;4.3.1975;0;7
SAHRANUR;3;22.4.1983;0;3
PAREZ;1;22.8.1931;0;1
GOKCEORHAN;1;25.1.1991;1;0
LEONOR;1;11.5.1955;0;1
SALOMA;1;1.3.1940;1;0
RALPH;1;20.8.1980;1;0
NIYETTIN;11;8.2.1956;11;0
VAHIDIN;13;28.10.1958;13;0
ATACIL;4;4.11.1952;4;0
NEYRAM;1;19.9.1935;0;1
MENLIKAN;1;1.11.1949;0;1
NERIFER;2;17.10.1952;0;2
MUKTEF;1;30.11.1984;1;0
PANAYIOTA;2;15.1.1954;0;2
ANTONYO;2;6.10.1962;2;0
GARSON;2;14.1.1924;2;0
DORETE;2;7.8.1928;0;2
SIMATO;1;13.6.1954;1;0
HIMAYAK;4;8.1.1966;4;0
JIZEL;4;15.4.1972;0;4
SEMHIS;1;20.11.1952;0;1
OZYAZ;2;8.3.995;1;1
TEBRIK;3;15.2.1956;0;3
SENGANI;1;1.1.1939;1;0
NEVRESNUR;1;20.8.1950;0;1
SETAREH;1;17.8.1942;0;1
DENER;7;17.10.1969;7;0
NELSON;2;7.7.1955;2;0
ARALYA;1;3.7.1974;0;1
KILIAN;1;20.12.1985;1;0
AYBEKCAN;1;4.12.1990;1;0
ALPSEL;1;2.5.1974;1;0
BEGLAN;2;3.2.1970;1;1
YANAKI;2;2.5.1952;2;0
ASAPET;1;20.12.1949;0;1
KIRIAKI;2;9.7.1951;0;2
MUZIYYET;1;19.2.1930;0;1
CHRESTIN;1;17.2.1984;0;1
JESSI;3;6.1.1977;0;3
VACE;7;12.11.1980;7;0
SOLIN;7;30.1.1964;0;7
TREZ;1;14.11.1955;0;1
ARYERT;1;30.5.1945;0;1
VEKI;1;1.10.1971;1;0
VIRJINA;1;27.7.1929;0;1
FILORA;5;6.5.1928;0;5
MAKRIS;1;9.12.1958;0;1
GURNISA;1;28.5.1951;0;1
AZEMA;3;25.8.1946;0;3
EFRANE;1;26.3.1941;0;1
TECELLIM;1;16.3.1973;0;1
ETTY;1;7.9.1934;0;1
SAVASCAN;3;5.1.1975;3;0
DAVUDALI;1;11.1.1987;1;0
GERMIYAN;1;19.2.1943;1;0
NURANARA;1;1.5.1960;1;0
JULVEN;9;17.8.1980;3;6
NILCEM;1;12.11.1980;0;1
DEVABIL;2;9.3.1973;2;0
FREDY;1;19.5.1949;1;0
HASKIYA;7;20.7.1950;7;0
KETHAN;2;12.9.1959;1;1
OYVAR;1;18.9.1943;1;0
YEUDIT;1;8.4.1960;0;1
KUHEYLA;1;7.3.1934;0;1
ISTER;4;28.7.1471;0;4
HENUKE;1;7.8.1928;1;0
BENTURK;8;6.8.1977;7;1
KAVEL;5;4.4.1978;1;4
HERENT;1;20.9.1929;1;0
YOLLANDE;1;27.2.1946;0;1
DUDIYA;1;14.7.1969;0;1
STARE;3;26.6.1969;0;3
HUNAY;8;27.3.1969;3;5
DANIL;3;25.3.1945;3;0
NAZVER;5;16.1.1952;0;5
MUJYAL;1;17.8.1936;0;1
FURTINI;3;29.10.1942;0;3
LARRY;1;6.1.1965;1;0
BEYANI;2;6.12.1961;2;0
YESAYA;2;28.6.1952;2;0
NUAL;3;7.5.1958;0;3
POZAN;3;5.11.1970;3;0
ZINBUL;3;29.11.1947;0;3
KATRINE;4;9.12.1945;0;4
MUJLAN;1;11.10.1926;0;1
NURUHAN;6;9.11.1958;1;5
ILFANA;1;22.8.1955;0;1
MASSOUMEH;1;2.8.1927;0;1
HURUSMI;1;22.8.1937;0;1
TUSAL;1;3.11.1976;1;0
GOKCEBALAM;1;24.2.1977;0;1
EVNEROZ;1;9.10.1941;1;0
MERCEM;2;23.9.1979;1;1
CAMER;6;19.9.1967;4;2
NULA;2;12.3.1951;0;2
ICER;3;14.3.1969;1;2
GULUMNUR;2;26.5.1959;0;2
TIOURKIAN;1;10.10.1971;0;1
MEHDUNI;1;11.7.1981;1;0
FERHUDE;5;27.8.1952;0;5
KOHEN;1;14.4.1949;1;0
GITA;4;30.6.1971;0;4
YEFSIMANI;1;24.11.1957;0;1
LESLIE;5;19.7.1974;1;4
JERFI;15;1.5.1967;13;2
SAYNA;1;28.8.1987;0;1
KARLA;8;17.4.1967;0;8
HANSEV;2;4.6.1978;1;1
DIRTAT;3;1.2.1943;3;0
MEZELTO;1;6.2.1931;0;1
SEHRAM;5;29.7.1972;5;0
SUNUH;2;18.11.1947;1;1
TOTRAKAN;1;25.3.1941;1;0
BIRTURK;8;2.10.1969;8;0
YASUA;5;12.11.1947;5;0
TOLA;2;12.1.1967;2;0
AYHAYAT;1;24.12.1940;0;1
MARUBEL;2;27.3.1952;0;2
PIER;4;17.7.1964;4;0
SUTHIYE;6;4.1.1966;0;6
CARMINE;1;15.2.1948;1;0
HEMA;2;29.12.1958;0;2
VIDEM;1;21.3.1965;0;1
NATASA;6;3.6.1970;0;6
BUYRAL;2;20.4.1956;2;0
DILLARE;1;11.4.1943;0;1
NEVLISEN;1;7.11.1975;0;1
ZUHERRA;2;17.1.1962;0;2
HULKEN;1;11.10.1935;0;1
MANIA;1;22.8.1925;0;1
SAKIA;1;29.7.1956;0;1
HELDA;6;8.8.1972;0;6
NURSELVA;1;17.12.1960;0;1
ERMEGAN;15;28.4.1957;0;15
GULASFI;3;29.2.1951;0;3
MINU;6;26.12.1961;0;6
ELIO;2;2.12.1947;2;0
ARYET;5;1.10.1956;0;5
GIZMEN;2;26.5.1990;2;0
RENNEN;1;1.12.1971;1;0
KETBUGA;1;24.8.1940;1;0
EKGIN;1;8.9.1941;1;0
TEO;3;10.3.1965;3;0
ALTUNSER;5;7.5.1960;0;5
EVSEVEN;1;27.1.1945;0;1
KOHEL;1;4.4.1950;0;1
SEBETAY;2;13.1.1955;2;0
MUMEYSA;1;3.9.1965;0;1
SAHANCAN;1;9.7.1942;1;0
DUYSEV;6;22.9.1960;0;6
NEHIKMET;1;8.5.1944;0;1
MEBZUL;2;21.6.1946;0;2
ETIS;1;17.8.1936;0;1
DIREYFUS;1;22.8.1925;1;0
PIRIPASA;1;16.3.1950;1;0
BENSEL;1;6.6.1949;0;1
UTA;2;16.9.1962;0;2
MATHEOS;1;12.5.1980;1;0
TUNASELI;1;29.2.1961;0;1
NURARMAN;1;5.1.1968;0;1
ARSALUYS;27;17.7.1958;0;27
DUNHAL;1;22.7.1961;1;0
HACADUR;15;8.12.1951;15;0
KAYNAR;1;2.9.1938;0;1
MUVAHHIDE;2;18.1.1945;0;2
NEVINCAN;1;2.2.1990;0;1
FAEGHEH;1;17.8.1948;0;1
OVAGEM;1;18.7.1944;1;0
SEMAHADDIN;6;19.9.1944;5;1
ZEVDA;7;10.3.1969;0;7
VARICAN;4;14.10.1961;4;0
SIRUS;3;22.9.1946;2;1
MENELLA;1;4.3.1952;0;1
YURA;1;26.4.1940;1;0
OZBERIN;1;30.8.1935;0;1
BADAHAN;1;6.12.1972;1;0
CUNEYTTIN;3;19.6.1969;3;0
UYLA;1;24.9.1949;0;1
ETVART;2;21.12.1934;2;0
SANUN;1;2.3.1952;0;1
SERANNUR;1;8.11.1983;0;1
TENNURI;1;17.6.1947;1;0
TAKOHI;2;20.1.1927;0;2
UGUROL;3;29.10.1956;3;0
NURCENAN;2;5.1.1954;1;1
MULFIYE;8;27.5.1965;0;8
ARTUL;3;3.4.1977;2;1
ALTINTAS;7;4.6.1936;5;2
NERHIS;1;28.3.1949;0;1
BULCE;1;19.3.1965;0;1
ZOI;12;20.1.1949;0;12
DURDIYEN;1;29.6.1961;0;1
RAGAP;1;18.5.1944;1;0
NIRIN;1;3.6.1935;0;1
PERGRUHI;1;3.1.1955;0;1
MOHAN;3;10.1.1967;3;0
SAZIFER;7;5.9.1951;0;7
ORTON;1;21.11.1938;1;0
SEYYINUR;1;9.1.1933;0;1
PHILIPPINA;1;29.2.1932;0;1
MUSSADULLAH;1;27.8.1926;1;0
AHMEL;1;12.8.1960;1;0
ONUC;1;20.4.1940;1;0
BEDIRMAK;1;12.8.1929;0;1
LOTUS;1;3.2.1977;0;1
SEMERYO;1;4.2.1939;1;0
INALCAN;1;19.8.1985;1;0
MEYBUL;1;20.3.1947;0;1
UNRAH;1;18.8.1984;1;0
NEFIYGA;1;12.2.1971;0;1
COLKAN;1;22.7.1990;1;0
NEYLI;2;21.11.1952;0;2
JIGALOU;1;16.7.1971;0;1
ELLERBEYI;1;5.11.1945;1;0
UMMUYEN;3;12.6.1947;0;3
EFEMINYA;1;7.4.1940;0;1
VUKOSAVA;1;3.8.1946;0;1
MAHIFERUZA;1;22.3.1961;0;1
SUBAHATTIN;1;6.2.1963;1;0
SILMEN;13;27.9.1965;12;1
MUSEVEDDIN;1;22.2.1955;1;0
MUEMBER;1;12.3.1947;1;0
TEZAN;3;22.12.1963;1;2
CANGA;1;14.2.1941;1;0
METTE;1;11.12.1943;0;1
AL;4;15.1.1953;3;1
GAZIFER;13;9.11.1946;0;13
CELALSIN;2;13.1.1964;2;0
TACAY;2;27.7.1954;2;0
SUMARAH;1;15.4.1965;0;1
ZEVKINUR;6;6.12.1976;0;6
ASIGAR;4;8.5.1960;0;4
REMAZIYE;1;25.6.1961;0;1
SEHRIZAL;1;16.4.1965;0;1
GULSERA;11;20.9.1976;0;11
MUADELAT;1;8.3.1952;0;1
SURAETTIN;2;30.3.1950;2;0
SALETE;13;29.8.1965;0;13
SAYNUN;1;21.3.1976;0;1
AYBERKCAN;1;23.10.1990;1;0
ZUAY;4;17.11.1953;0;4
KUTSU;1;28.3.1968;1;0
SELIBAN;1;7.6.1964;0;1
ZUNEYDE;2;8.5.1973;0;2
MUHDEDDIN;1;20.8.1974;1;0
MULIFE;8;19.7.1969;0;8
HEIDRUN;2;14.5.1954;0;2
ZAHARO;2;5.6.1933;0;2
YOVANA;2;13.6.1936;0;2
SOUZANA;3;15.9.1971;0;3
TARSU;1;1.4.1992;1;0
TUMIRCIN;1;13.12.1982;1;0
KANUR;4;15.7.1971;1;3
SENYUKSEL;1;2.2.1939;0;1
ROGER;4;9.6.1959;4;0
SUFEHAN;1;18.12.1979;0;1
EVYENIYA;3;17.1.1937;0;3
ROSEMARIE;13;30.12.1949;0;13
HOVSEP;12;16.6.1962;12;0
PAVLINE;1;18.2.1953;0;1
SEVAG;3;6.4.1984;3;0
HIRISI;1;7.7.1951;0;1
FILORI;2;12.9.1945;0;2
SUVIDIYE;1;21.1.1973;0;1
ISTILYANI;3;10.5.1937;0;3
HIBIBE;1;27.7.1973;0;1
KAMMUS;2;16.2.1958;0;2
NEVHIDE;13;12.1.1959;0;13
LORAN;8;11.6.1981;8;0
TIMOLEON;1;2.1.1957;1;0
ANGELOS;4;2.1.1961;4;0
JERI;3;9.1.1976;2;1
HILEM;2;16.6.1987;0;2
VANGELI;2;10.6.1939;2;0
IZMARA;1;27.8.1920;0;1
EVANTIA;1;9.12.1966;0;1
ISTERYANI;1;22.8.1931;0;1
HIMTAS;1;22.6.1947;1;0
POZANT;1;23.1.1931;1;0
LUSIZA;1;27.8.1932;0;1
MAHPULLA;1;26.11.1949;0;1
ISTAVRINI;1;8.3.1933;0;1
CHRISSANTI;1;27.8.1944;0;1
MENASKAN;1;5.6.1966;1;0
ZINOVIYA;2;7.4.1955;0;2
HARALANBOS;1;5.7.1949;1;0
KUDRE;1;26.11.1969;0;1
AYEL;11;29.2.1957;1;10
ANSUDE;1;24.4.1974;0;1
SIRMAN;4;3.8.1968;1;3
NESEGIL;1;28.2.1974;0;1
EDVART;8;1.6.1953;8;0
VASILIOS;3;24.7.1955;3;0
GAZZALI;2;10.4.1975;2;0
FABIA;1;24.5.1954;0;1
ALTINOK;14;3.5.1952;13;1
ALEKSANDIROS;3;4.10.1933;3;0
VARUTAN;1;12.8.1935;1;0
EVRIDIKI;6;10.9.1958;0;6
FILICA;2;5.4.1966;0;2
TOGYAN;1;20.11.1935;1;0
SOTIRI;6;9.12.1956;6;0
AMALIYA;4;21.2.1935;0;4
HURUFE;2;14.1.1975;0;2
HARAPSINA;1;23.2.1954;0;1
HOHE;8;19.9.1969;0;8
OLIMBIA;1;19.3.1960;0;1
ARISTOTELI;1;20.10.1941;1;0
MELPOMENI;4;26.3.1944;0;4
KASANDRA;2;3.10.1952;0;2
AVANTIYA;1;2.8.1953;0;1
GULZUMRUT;1;23.7.1939;0;1
MUJGANAY;1;12.2.1971;0;1
VERIBAN;2;6.2.1957;0;2
GULVEYDE;1;21.3.1932;0;1
CIHAETTIN;1;1.1.1;1;0
TUGUCHAN;2;6.2.1977;2;0
TOLAYI;1;28.12.1949;0;1
VELCIN;1;23.7.1976;0;1
DIRKAN;4;27.10.1980;4;0
PETIMAT;1;11.6.1970;0;1
TAKFOR;3;9.1.1940;3;0
BAHTAVER;2;28.11.1946;0;2
KONSTANTINA;1;24.9.1939;0;1
MESAHET;1;16.2.1937;0;1
NORAYR;22;20.7.1955;22;0
STELINA;1;23.5.1953;0;1
FERAATTIN;1;14.7.1970;1;0
FILORIN;2;27.1.1941;0;2
DANCALIN;1;28.7.1940;0;1
HORUTYUN;1;27.2.1966;1;0
DERBAP;2;15.11.1942;2;0
SHELLA;2;8.9.1967;0;2
BIYANKA;14;23.2.1982;0;14
HRISULA;4;6.1.1937;0;4
MIRON;1;23.5.1949;1;0
OSKIHAN;14;17.10.1949;14;0
PERPON;1;14.11.1950;0;1
DIMITRIYAS;1;17.8.1930;1;0
HAYRABIT;5;24.9.1944;5;0
AKRIBAZ;1;6.9.1927;1;0
VENEDIKTOS;1;12.8.1929;1;0
VARUJ;1;17.4.1966;1;0
KATRA;8;27.8.1948;0;8
MEHMETATIK;3;9.6.1972;3;0
TORAS;1;9.6.1958;1;0
PILIGOS;3;6.3.1951;3;0
GULUNYA;9;28.12.1947;0;9
OZERENTIN;1;1.7.1934;1;0
HIRACYA;2;28.5.1944;2;0
MARIANTI;8;23.3.1955;0;8
JENEV;1;17.7.1954;0;1
KAMAS;1;19.6.1946;0;1
IAKOVOS;2;27.3.1970;2;0
HROSULA;1;12.3.1950;0;1
PINOLOPI;1;22.8.1925;0;1
KOSTANDINOS;2;2.2.1951;2;0
MITI;4;28.1.1956;3;1
ELISAVI;8;5.7.1947;0;8
SOFOKLI;1;11.9.1951;1;0
KOZMA;7;20.1.1948;7;0
ERCIMENT;13;9.8.1967;13;0
TEKVIN;3;20.2.1985;3;0
MENSUH;1;8.7.1953;1;0
MUZERRA;3;14.10.1955;0;3
HEMEL;4;2.7.1964;0;4
ALIMULAZIM;1;22.7.1943;1;0
ROKIAH;1;7.10.1956;0;1
XIA;1;12.6.1981;0;1
TACIIYE;1;19.7.1978;0;1
ROSNA;2;5.1.1987;0;2
ABEDULLAH;1;2.3.1957;1;0
HAVASLI;1;21.9.1986;0;1
ONURE;2;17.8.1969;0;2
EFRAMIN;7;23.12.1967;7;0
UMKUHANI;1;11.8.1975;0;1
MIRTAZ;3;22.9.1958;3;0
ALINUTKU;1;29.11.1953;1;0
ZINAYDI;1;17.8.1976;0;1
ABDURAIM;2;7.4.1960;2;0
KAVAZ;3;2.7.1956;3;0
MUZEYME;6;28.2.1956;0;6
ZELEYKE;1;13.5.1979;0;1
PIZAT;1;27.8.1932;0;1
MELIBE;2;18.11.1959;0;2
MEHMETREFIK;1;12.2.1965;1;0
GULLUSER;4;13.4.1968;0;4
HELMAN;1;11.4.1964;1;0
BERRIHAN;1;4.7.1973;0;1
SAHKUL;1;10.3.1933;0;1
MEHYAR;3;17.12.1952;3;0
ZEZUKA;1;29.9.1977;0;1
SUBEYYEN;2;18.5.1967;0;2
MECBIYE;1;14.10.1974;0;1
BALINE;3;23.7.1957;0;3
RAMDAN;1;26.6.1961;1;0
NURSELLIN;1;13.2.1965;0;1
TEDAVI;1;2.2.1981;1;0
RIZMEN;1;7.8.1952;1;0
OZHAYAT;5;1.2.1970;0;5
ANSEGUL;5;16.10.1971;0;5
NURDAGAN;1;27.9.1983;0;1
BIHA;2;23.2.1978;1;1
GULLIMAN;3;27.3.1977;0;3
IZMITTIN;2;24.8.1951;2;0
MAJSEVT;1;17.5.1972;0;1
GULIHAT;1;29.4.1965;0;1
DURSUNMEMET;1;7.11.1970;1;0
KANZAFER;1;21.5.1971;1;0
NURETITN;2;25.6.1977;2;0
TAKIM;2;21.2.1970;2;0
MAPO;1;16.3.1938;0;1
CISMINAZ;21;8.9.1951;0;21
SEYFULMELIK;5;11.8.1975;5;0
SEHIDHAN;1;22.2.1967;1;0
GULADDIN;4;20.8.1967;3;1
GOVHAR;2;13.8.1975;0;2
GULSABA;5;4.3.1972;0;5
ABDILATIF;1;28.2.1962;1;0
YAYLAHANIM;3;11.4.1960;0;3
HANPOL;5;4.12.1956;0;5
MEMETHADI;1;27.2.1956;1;0
MULKINMAZ;1;3.1.1956;0;1
NARIBE;4;26.8.1966;0;4
HUSSIN;1;6.4.1980;1;0
FESBIKAN;1;22.11.1972;0;1
GULNOS;1;17.11.1972;0;1
ALEHITTIN;1;11.6.1964;1;0
RABIZETE;1;22.7.1963;0;1
NACIK;3;15.7.1970;0;3
HILIMDAR;3;10.9.1960;3;0
HURUBEN;1;23.1.1972;0;1
UNEY;3;3.3.1959;1;2
MEJDIYE;9;11.5.1968;0;9
BIRNIMAN;1;20.3.1959;0;1
HEMGUL;5;27.7.1964;1;4
RUVASA;1;22.3.1967;0;1
RABIASAH;1;10.4.1962;0;1
HASLIKE;2;2.6.1952;0;2
HANSULTAN;2;15.10.1956;0;2
OZBENT;3;10.6.1978;3;0
AYTUGRAN;1;22.2.1949;1;0
MESUGE;6;23.2.1959;0;6
BENYAZ;1;21.11.1989;0;1
MUTTEHER;1;16.7.1986;1;0
ISTIFE;1;7.3.1952;0;1
EDIDE;2;2.5.1953;0;2
IZZETBEGIM;1;7.8.1952;0;1
MIRAZIZ;1;1.11.1979;1;0
MEHMETHADI;3;3.10.1954;3;0
VENNES;1;1.9.1957;0;1
SEMSUNAR;1;27.2.1968;0;1
BAYSALA;1;21.4.1971;0;1
TIKO;2;17.3.1949;0;2
MIROGLU;5;15.4.1981;5;0
GULBEYEZ;1;22.2.1985;0;1
KAYANUR;6;20.5.1977;2;4
FAZIZ;1;22.11.1964;1;0
ZERENDUR;1;21.6.1935;0;1
FEHEDDIS;10;3.3.1957;2;8
GULSEY;2;5.11.1965;0;2
RUKIE;7;6.7.1967;0;7
CAVER;7;20.6.1957;6;1
MAHABE;3;13.2.1954;0;3
ABDULMENFUR;1;22.6.1973;1;0
FLORETINA;1;25.6.1976;0;1
ANISAAT;1;21.11.1981;0;1
TALUP;3;28.3.1972;3;0
ZUBERAH;1;2.2.1969;0;1
GEZAR;1;21.2.1954;0;1
FATMAZADE;1;7.2.1976;0;1
SEYVETE;2;21.12.1981;0;2
EYNULLAH;7;2.5.1953;7;0
GULSUMET;6;14.6.1970;0;6
NURIHAMZA;1;16.2.1944;1;0
ETULLAH;6;27.3.1977;6;0
GISKHANIM;1;22.8.1960;0;1
SEBIRA;5;11.9.1964;0;5
GEVGI;2;26.3.1976;0;2
NEZIBET;1;28.7.1981;0;1
PEVRANE;1;23.8.1978;0;1
GUNGOZ;1;7.4.1970;0;1
SAFINA;2;11.11.1963;0;2
KURCIL;1;8.3.1970;0;1
NURBAHAN;2;3.9.1975;0;2
OKANCAN;3;5.2.1980;3;0
SEBBEK;4;27.3.1955;0;4
HENNAT;3;27.3.1942;3;0
NERBIYE;6;11.5.1961;0;6
ORGU;3;5.12.1966;0;3
RAZIKA;30;21.9.1963;0;30
GEYASEDDIN;1;5.4.1961;1;0
HOSREF;16;30.3.1967;16;0
RECAIM;1;19.9.1966;1;0
NINEHANIM;1;12.2.1965;0;1
AYHAC;1;5.1.1984;1;0
ZENURYA;1;16.6.1975;0;1
MATEP;1;25.5.1953;0;1
ASMANI;4;14.8.1962;3;1
ABDULNESIP;3;4.7.1968;3;0
SUZAVER;1;16.3.1946;0;1
BENEMSE;1;23.9.1966;0;1
MESROU;1;27.11.1979;1;0
NERGUNAR;1;2.6.1965;0;1
GOGERT;1;27.2.1962;1;0
SEYRULA;2;25.12.1957;2;0
ABDULMUNIM;2;5.9.1977;2;0
ZERIGUL;1;27.6.1988;0;1
MEFAT;6;27.12.1967;3;3
VERASET;2;10.12.1958;0;2
CUNUYET;1;30.2.1971;1;0
SEVDISAN;11;15.5.1975;0;11
VISTAN;1;21.3.1959;0;1
CUMASYE;1;27.10.1980;0;1
ARTIKE;1;30.9.1985;0;1
NAZIYLE;5;4.8.1964;0;5
NEMLA;1;21.2.1989;0;1
MITIS;3;3.4.1950;3;0
NEDVET;1;1.5.1972;1;0
SECAYDIN;1;28.10.1960;1;0
AFRASIM;1;11.3.1958;1;0
NILSEZIN;1;25.5.1979;0;1
MEHIPE;1;24.10.1988;0;1
RUHUNA;1;22.3.1967;0;1
UMMISE;1;2.9.1951;0;1
NABAYET;1;6.12.1966;0;1
MEVZINE;9;9.1.1957;0;9
NURSETTIN;3;7.6.1979;3;0
BITAN;2;2.2.1957;0;2
KADEL;1;11.1.1982;0;1
REFIL;3;13.4.1973;1;2
SEVYETER;2;27.5.1986;0;2
NEZANIN;1;26.5.1976;0;1
ZANETA;1;23.3.1977;0;1
MESDURIYE;3;27.9.1962;0;3
MUHLETTIN;2;14.7.1964;2;0
CANFERE;3;13.3.1961;0;3
ERRINC;1;20.11.1975;1;0
MIDBAR;1;27.8.1950;0;1
BIRSALEH;1;2.2.1963;0;1
GOLYAS;1;6.1.1973;0;1
PERUSAN;3;13.10.1956;0;3
KIRMANSAH;15;7.12.1955;15;0
HUSENE;3;1.8.1947;0;3
BESDIHANIM;1;2.8.1933;0;1
KUBRE;3;11.9.1985;0;3
SABRUTAD;1;1.9.1967;0;1
SEHRANAZ;3;10.10.1961;0;3
SIRINSAN;2;23.12.1961;0;2
KENAY;3;22.12.1969;3;0
DENENDE;1;21.3.1958;0;1
SEFIZAN;4;8.8.1955;0;4
CANILE;4;13.3.1978;0;4
SEMMET;6;29.7.1961;6;0
HACIKADIR;8;21.1.1965;8;0
VEDEDDIN;1;4.4.1944;1;0
ABDULZEMIN;8;2.6.1966;8;0
YASI;4;15.9.1950;1;3
GAZAALI;1;6.5.1984;1;0
RADIYETE;8;9.8.1955;0;8
ESENGIL;2;8.1.1946;0;2
ERDJIHAN;2;25.6.1972;0;2
IKMALETTIN;2;12.5.1934;2;0
RIZAH;2;6.9.1961;2;0
BEDRISINAN;8;7.12.1975;8;0
SALIBRAHIM;2;20.2.1948;2;0
KITAUN;1;21.2.1965;0;1
IKREMIN;1;13.4.1975;0;1
SUPHIDAN;1;12.11.1979;0;1
ZINNETGUL;1;7.9.1965;0;1
MEZHIYE;1;26.3.1967;0;1
EVTALYA;1;11.12.1988;0;1
PERDEGUL;1;26.10.1978;0;1
TAMIRHAN;1;17.6.1983;1;0
SAYIGUL;14;8.12.1962;0;14
MIHRIJA;2;30.10.1975;0;2
NEYME;8;8.10.1957;0;8
KENDIL;1;23.3.1961;0;1
ZURIE;1;7.6.1966;0;1
MESIRYE;1;2.5.1975;0;1
IBNUYAMIN;1;1.5.1973;1;0
RAHMIN;5;1.12.1963;5;0
ABDUSAMED;5;9.10.1986;5;0
KUNDUR;1;26.2.1954;1;0
SIYASEDIN;1;19.6.1965;1;0
PELUZ;1;5.6.1973;0;1
PERVANA;3;26.6.1971;0;3
ABDULHADDI;1;24.4.1973;1;0
SURMEL;1;19.5.1975;0;1
KOZE;1;27.8.1944;0;1
FILESER;1;25.6.1978;0;1
HANBELI;2;17.6.1966;2;0
GOZCAN;3;15.3.1975;1;2
AYLAGUL;15;19.3.1970;0;15
IKREME;2;25.11.1961;0;2
MENZEHIR;2;13.5.1979;2;0
SUMTAN;1;11.3.1965;0;1
VIRDEK;1;1.7.1985;0;1
TELINAZ;1;19.3.1973;0;1
DERIMAN;4;19.7.1955;1;3
HANGUZEL;4;4.4.1955;0;4
TELLINIGAR;1;21.9.1971;0;1
SEKERHAN;13;1.6.1966;0;13
MURZET;1;11.10.1968;1;0
EZELETTIN;12;28.10.1963;12;0
BESERETTIN;2;7.5.1966;2;0
HULKIYETDIN;1;6.12.1974;1;0
CANANGUL;5;1.7.1982;0;5
SEVINDER;3;22.4.1975;0;3
NACIYAN;1;22.2.1961;0;1
AVERE;7;30.6.1952;0;7
KULASA;1;22.2.1973;0;1
POLSU;1;24.3.1968;0;1
DURDIYA;4;29.2.1973;0;4
HAMIMA;1;16.6.1982;0;1
SAYIS;3;9.10.1951;1;2
MUKATTIM;2;23.9.1969;2;0
BENUNE;1;3.5.1935;0;1
SEEDIYE;1;1.1.1963;0;1
ANREAS;1;4.1.1987;1;0
BULYAN;1;26.3.1961;1;0
NEFET;8;18.4.1960;7;1
ZILGANI;1;22.8.1931;1;0
GULHOCA;10;14.7.1952;0;10
TAIZE;1;17.2.1960;0;1
VECEHEDIN;1;16.10.1976;1;0
AYSEKAN;1;11.10.1977;0;1
ZULIYAR;1;27.8.1956;0;1
AYSEMELEK;1;28.6.1989;0;1
RUIZE;5;28.6.1961;0;5
GENCABAY;1;30.8.1991;1;0
ENZINE;1;2.1.1991;0;1
SINAVER;6;19.7.1958;1;5
MUHTERCIN;1;2.8.1939;1;0
GULPIS;1;7.5.1970;0;1
ABDULSIDDIK;3;3.3.1983;3;0
SEBIYEN;4;26.7.1961;0;4
MESNAN;2;11.7.1974;1;1
HASETE;2;29.8.1969;0;2
MUSULYA;3;6.8.1963;0;3
ADUFE;1;8.11.1934;0;1
NASHADDIN;1;19.7.1963;1;0
ERIBA;2;18.2.1970;0;2
SATUGUL;1;10.5.1974;0;1
NURICEMAL;8;23.11.1974;4;4
ABDULNASU;1;29.6.1957;1;0
FEDME;11;20.2.1967;0;11
CEVRILE;2;6.9.1962;0;2
MUATTEL;1;17.8.1934;0;1
MEHMETKEMAL;2;4.7.1988;2;0
HEKIMDER;1;19.2.1960;1;0
BIRYURT;1;9.8.1964;0;1
DURALGUL;1;1.11.1979;0;1
NARAGUL;1;22.2.1961;0;1
NACIHE;5;26.3.1952;0;5
MUSLIS;1;29.9.1962;1;0
KUTVEDDIN;2;2.6.1963;2;0
SEVDAKER;3;11.11.1959;3;0
OPEL;1;6.6.1980;0;1
ILO;3;10.12.1950;2;1
ALTUNZER;2;7.8.1964;0;2
MUSVIKE;2;24.11.1967;0;2
MEHTIALI;8;2.5.1952;8;0
IKLAMA;8;7.4.1960;0;8
MUHCEVER;1;1.7.1982;0;1
NAZUKE;2;21.7.1944;0;2
AZANET;1;27.7.1968;1;0
GOYHAN;7;24.11.1966;5;2
ORNU;1;16.8.1979;1;0
ILIYAZ;14;12.5.1965;14;0
MULSIDE;1;2.5.1951;0;1
ADDER;2;11.5.1967;1;1
FATAL;1;9.3.1932;0;1
MUCEZET;1;5.10.1962;0;1
KIRMA;2;13.7.1960;1;1
NEHLIYE;2;7.4.1956;0;2
GULTAHA;1;27.2.1992;0;1
ABDULSELAH;1;17.2.1966;1;0
NUBEYYE;1;7.8.1952;0;1
SUSIBEY;1;2.4.1933;0;1
GOKDAY;1;5.10.1990;1;0
CEMENNUR;4;13.2.1962;0;4
TEPERIK;2;25.1.1952;0;2
STEYR;1;1.9.1967;0;1
BUZI;2;15.8.1962;2;0
USKUFE;1;25.4.1945;0;1
ZEYIBAN;1;12.4.1938;0;1
BEHRAMSAH;1;22.1.1973;1;0
GUBER;3;13.10.1958;1;2
NEZEVET;1;27.11.1981;0;1
ZEHARITTIN;1;12.4.1965;1;0
SANET;3;24.4.1968;1;2
DUGNA;1;16.2.1979;0;1
ALISABAN;2;18.11.1961;2;0
MIKEREM;1;2.4.1967;0;1
LINDITA;9;13.12.1973;0;9
NEZINHA;1;19.2.1969;0;1
MINACIYE;1;3.4.1953;0;1
NIYEZI;2;28.12.1940;2;0
DJENGUL;1;26.4.1975;0;1
NURSAMINI;1;7.2.1946;1;0
KURIHAN;1;29.1.1938;0;1
MUHTEMEL;2;23.2.1968;0;2
UMDADIYE;1;8.12.1988;0;1
VAHYET;1;1.8.1978;1;0
BATONE;1;4.5.1944;0;1
EBDU;1;21.11.1989;0;1
RUHLAT;1;28.4.1980;1;0
KILICBEY;1;30.3.1982;1;0
SIMEMGUL;2;9.9.1953;0;2
BEYGUZEL;2;11.5.1984;0;2
GULINCE;1;9.3.1964;0;1
UMMUZER;5;19.7.1963;0;5
SELPIR;11;30.11.1968;0;11
GANGUL;1;7.3.1970;0;1
NERBINE;2;7.5.1968;0;2
BURYETTIN;5;26.12.1980;5;0
AMRAL;2;24.1.1970;1;1
FURIDIN;2;2.2.1969;2;0
MOHBALIHAN;1;20.8.1985;1;0
SELMISON;1;27.3.1962;0;1
SEYYARA;2;29.1.1962;0;2
IGBARE;2;28.9.1953;0;2
TELMINE;7;26.3.1965;0;7
GULTENAY;4;9.7.1978;0;4
ZUHIDDIN;2;24.12.1954;2;0
DIMIRE;1;28.12.1956;0;1
GONCAM;1;26.2.1972;0;1
MERPUZE;1;15.1.1957;0;1
NEJDIHA;2;26.9.1982;0;2
CAMALADIN;2;12.7.1977;2;0
GULHARMAN;4;17.10.1967;0;4
ALTUNZADE;2;7.2.1960;0;2
LEBIRE;1;15.2.1955;0;1
ATASAN;7;18.2.1973;7;0
BERKUDAY;1;18.5.1975;1;0
ATAMERT;7;22.12.1987;7;0
ASRICAN;2;29.10.1964;0;2
KADIRMURAT;1;1.12.1972;1;0
CARLEEN;1;14.12.1962;0;1
GAIM;8;10.1.1958;8;0
IFAKER;2;23.7.1961;0;2
BEKRAN;1;25.2.1987;1;0
GEYYAZ;1;17.5.1965;1;0
HOSHO;1;19.2.1960;1;0
CAPTUG;1;3.4.1974;1;0
FAKIDDI;1;29.12.1974;1;0
ZEYNUFER;2;2.4.1955;0;2
GULESEM;1;25.7.1966;0;1
BAHINAR;3;26.10.1951;0;3
MAVUSEN;3;11.6.1957;0;3
CEZARETTIN;1;24.11.1954;1;0
IREYHAN;1;12.2.1980;0;1
GURLEYEN;1;10.3.1976;1;0
ERVAHE;2;12.2.1962;0;2
ALPOKAN;1;7.8.1973;1;0
BEYTUN;5;17.4.1975;2;3
ABDULFEZ;1;15.2.1977;1;0
BESKIR;1;24.3.1967;0;1
MUHUYEDDIN;4;20.1.1960;4;0
KIRMISIYAH;3;17.6.1954;0;3
NECLEHAN;3;18.9.1962;0;3
SIHRAT;1;27.4.1926;0;1
MENELGUL;2;17.8.1969;0;2
METED;1;4.4.1969;1;0
REVAM;1;6.7.1953;1;0
MMUHAMMED;1;2.10.1986;1;0
EYDAN;1;27.10.1956;1;0
VECAHETTIN;2;3.3.1962;2;0
CARKIN;1;11.1.1978;1;0
GOLSEVER;1;24.2.1952;0;1
IPTAL;1;25.7.1970;0;1
ZURBA;6;18.9.1944;6;0
OMURUL;1;1.6.1983;1;0
SEHRIFE;1;26.4.1969;0;1
ELFURUZ;1;3.2.1963;0;1
BORCEK;1;16.10.1963;0;1
NURMERYEM;2;11.12.1977;0;2
FURUDANE;1;7.3.1950;0;1
REKYE;1;12.2.1977;0;1
SEYHUMS;1;3.4.1992;1;0
SEKERNAR;1;22.2.1961;0;1
KIYMEDI;1;12.2.1953;0;1
EDEKAR;1;27.6.1962;0;1
OMERIFARUK;2;15.11.1951;2;0
FEYNAF;1;1.4.1944;1;0
NURDISIN;1;27.4.1967;0;1
BERIVAM;1;26.12.1987;0;1
GULUHA;4;28.8.1967;0;4
OLBEY;2;10.7.1978;2;0
RAIMONDA;1;19.12.1963;0;1
NURFINAR;1;23.3.1973;0;1
EHDUAMAN;1;7.8.1922;1;0
CEMALHAK;1;27.2.1956;1;0
TURANETTIN;2;14.11.1964;2;0
MUFEYYEZ;4;25.7.1950;0;4
NAVZER;1;17.2.1972;0;1
KUCUKHUSEYIN;2;5.2.1971;2;0
REHINA;1;29.3.1957;0;1
EHTEC;2;21.11.1967;2;0
Y.KEMAL;1;17.8.1954;1;0
MUHASSIN;4;1.1.1968;3;1
SUMAGUL;1;6.5.1956;0;1
NUBAN;1;11.5.1965;0;1
HANGIR;1;7.5.1946;1;0
ISTIKE;2;7.9.1966;0;2
GUBEN;3;12.4.1955;0;3
HASELHAN;1;6.9.1939;0;1
NEFIYKE;1;21.8.1959;0;1
ELLEME;1;19.3.1960;1;0
ZABILE;10;2.4.1954;0;10
SUCAHAT;3;26.9.1968;0;3
ZUFEYLA;3;12.3.1966;0;3
NURGULCAN;3;3.10.1980;0;3
ZAHAFETTIN;1;6.6.1945;1;0
SAADETHAN;2;28.12.1976;0;2
AYIMGUL;1;28.4.1960;0;1
GULTUMEN;2;19.8.1957;0;2
MUMUT;1;23.2.1949;1;0
AYTENE;3;22.4.1944;0;3
HACIPASA;3;7.2.1956;3;0
ZELFUNAS;1;17.7.1980;0;1
FAMRIL;1;12.2.1953;1;0
DALMEN;5;21.3.1952;0;5
DOGARAY;1;22.2.1955;1;0
BULGIS;1;26.6.1946;0;1
ERTANAHMET;1;3.10.1974;1;0
HULUSNUR;1;2.4.1963;0;1
KOTAR;1;7.3.1946;1;0
ERYANI;1;1.4.1977;1;0
MELEKFER;12;5.1.1951;0;12
HASBINUR;3;24.12.1965;0;3
CANRIZA;1;7.2.1978;1;0
FERHIDE;3;7.7.1934;0;3
CEHAYIR;1;12.3.1964;0;1
OZAG;1;4.1.1973;1;0
SOBAR;1;17.8.1930;0;1
ZELFET;2;7.12.1971;1;1
CINKO;2;1.8.1954;0;2
MOHTEBAR;1;30.1.1941;0;1
GULUY;1;22.2.1971;0;1
GULOGLU;1;1.6.1953;1;0
VAK;1;2.8.1927;0;1
FEBIA;1;17.2.1930;0;1
NUHSEREN;2;16.8.1964;0;2
KALEMKAR;1;17.8.1930;0;1
MEZAHIR;3;13.8.1957;3;0
LUTUFIYE;1;16.11.1988;0;1
GUCLUHAN;7;30.6.1980;7;0
SUKRETDIN;1;16.9.1973;1;0
ERFANE;1;24.11.1967;0;1
SEHZARE;7;5.4.1956;0;7
OZENAL;1;9.12.1969;1;0
BRETI;1;16.1.1980;1;0
MUHANDIZ;4;9.8.1961;4;0
EVHATTIN;2;30.4.1967;2;0
SUBAHAN;21;19.3.1969;13;8
DARYA;7;3.12.1978;0;7
LIMAT;3;4.4.1945;0;3
ZEBAYE;1;27.2.1944;0;1
ZINER;2;5.10.1963;1;1
AHMETERDIN;1;16.1.1960;1;0
OKEYL;1;18.9.1952;1;0
CENNAT;1;27.6.1944;0;1
MEHMETSANA;4;12.4.1974;4;0
HERDAMSAH;1;29.5.1958;1;0
PEGUZAR;1;11.10.1950;0;1
BELKIZER;2;1.4.1949;0;2
HALISENUR;1;15.11.1991;0;1
ARSLANPASA;4;13.1.1946;4;0
DURFANI;19;14.4.1951;1;18
MUTALLIF;1;6.9.1965;1;0
ALAATTINEKBER;1;17.2.1966;1;0
KEDIRYE;3;8.7.1973;0;3
SALLY;15;19.3.1970;0;15
NEBZET;1;20.5.1966;1;0
PRODROMOS;7;2.4.1945;7;0
FERAHNE;1;17.12.1984;0;1
ISAR;5;27.2.1964;5;0
BAHSULLAH;3;29.10.1942;3;0
CAKIYE;1;11.4.1957;0;1
BERFUDE;1;1.6.1980;0;1
ABEYET;1;9.3.1945;0;1
ANCUTA;1;3.9.1970;0;1
CENAFER;2;16.9.1945;1;1
MUBAJJAL;1;7.8.1934;0;1
NACETI;3;21.7.1968;3;0
DILSU;4;30.2.1990;0;4
CILEGUL;1;11.10.1985;0;1
GAYIME;2;27.1.1970;0;2
KELUME;1;12.6.1959;0;1
FETMA;5;26.6.1970;0;5
MELATI;2;20.4.1951;0;2
BERPIL;1;7.8.1982;0;1
MELEM;6;18.7.1955;1;5
NARCICEGI;2;29.8.1984;0;2
DURULLAH;2;28.10.1983;2;0
RUKNETDIN;1;14.2.1959;1;0
TEVCIH;2;19.11.1967;2;0
UNUSE;3;10.11.1955;0;3
UMMUGULSUME;1;16.9.1962;0;1
PAMBUH;4;4.1.1968;0;4
DUYGULU;2;27.11.1970;1;1
CIGTAY;1;12.5.1976;1;0
TARBIN;2;5.8.1974;0;2
ALISEVENER;1;17.3.1979;1;0
AHSEM;3;10.5.1978;0;3
YASMAK;3;12.4.1977;0;3
CEDDIHAN;3;10.10.1957;2;1
YURDAM;2;27.2.1962;0;2
GULZIHAR;2;17.5.1973;0;2
NADIE;14;16.1.1966;0;14
UYMAZ;3;2.8.1979;3;0
GULYATI;1;17.10.1957;0;1
ZERBOP;2;19.12.1953;0;2
YETERIPEK;1;8.3.1946;0;1
GULIRE;3;21.2.1967;0;3
NUHTUFAN;1;23.1.1991;1;0
CEDDIN;4;29.5.1963;4;0
VESIN;2;18.5.1976;2;0
LUD;1;14.10.1989;1;0
REKIA;2;10.11.1973;0;2
SENNEM;4;12.2.1970;0;4
DERIYHAN;1;26.9.1968;0;1
TUNCALI;3;26.9.1978;3;0
TUNGAR;1;24.6.1957;1;0
UMMUSELME;2;12.4.1958;0;2
BABIRHAN;1;26.4.1979;1;0
GUNZER;1;14.6.1944;0;1
DESDEGUL;15;26.5.1972;0;15
ISYAS;2;3.7.1961;2;0
NEHSIDE;1;13.4.1958;0;1
NAVUL;2;9.8.1937;2;0
TAYBEGUL;1;13.4.1981;0;1
GUMUZAR;1;17.4.1978;0;1
NAHIRYE;1;6.8.1987;0;1
YELANE;1;23.9.1976;0;1
LIBET;1;2.2.1969;1;0
DERDIYAR;1;11.11.1963;1;0
SUZATI;1;11.7.1969;1;0
FAHDETIN;1;18.2.1963;1;0
BAHAGUL;7;8.6.1968;0;7
BUHAYET;5;5.7.1971;0;5
ULISER;3;16.12.1949;0;3
AHMETASKIN;1;8.4.1974;1;0
ENTIZE;1;6.9.1933;0;1
MUAMMERA;8;16.1.1961;0;8
SULEYMANCEM;1;25.7.1976;1;0
HACIVAT;2;22.10.1956;2;0
MIHRANE;2;10.9.1950;0;2
CANCIHANGIR;1;8.12.1960;1;0
SASADA;1;18.9.1963;0;1
GIGER;1;2.4.1975;0;1
BERND;2;17.1.1965;2;0
MUHDEDIN;1;29.11.1987;1;0
VIKTORIIA;4;7.10.1973;0;4
CELIHA;1;11.9.1936;0;1
NEMYIS;2;9.6.1984;0;2
EFZUN;1;25.5.1978;0;1
KUBULAYBEY;1;1.3.1972;1;0
RIYASE;1;16.8.1951;0;1
HUSEYIIN;1;6.7.1981;1;0
IZZETMETIN;1;16.1.1963;1;0
ULUBEYDULLAH;1;16.1.1992;1;0
ALPAY.;1;14.4.1990;1;0
NADIMIYE;1;2.2.1975;0;1
MAKMUBIYE;1;2.2.1963;0;1
NAZIMUYAR;1;23.5.1981;1;0
MUSTAFAZAIK;1;8.9.1981;1;0
KORAYDAN;1;7.12.1978;1;0
MUZEIYEN;1;16.8.1946;0;1
AYDINNUR;2;8.3.1954;1;1
MUNESEN;1;1.10.1977;0;1
HANBERIYE;1;17.8.1930;0;1
VECAI;5;17.7.1967;4;1
NACEY;8;27.12.1946;0;8
SELIMECAN;1;21.10.1981;0;1
EZMINDER;1;27.2.1956;1;0
TURFANI;4;30.8.1958;3;1
FARETDIN;14;29.10.1964;14;0
MEVAZIYE;5;23.8.1952;0;5
ESERGUN;1;12.5.1946;0;1
SITEMGUL;2;17.3.1977;0;2
AYSEYESIM;1;24.2.1971;0;1
NESA;5;13.2.1966;1;4
OMERATA;1;5.3.1992;1;0
MARIELA;4;19.4.1974;0;4
MAYILOVA;1;16.2.1955;0;1
ERKARU;1;1.5.1960;1;0
DILFIHIR;1;21.2.1958;0;1
SENNURI;1;27.2.1956;0;1
MUNSUR;5;20.6.1962;3;2
MALIKEJDER;6;10.6.1959;6;0
NEVAYIL;2;10.5.1958;0;2
CIHANGULU;3;7.2.1965;0;3
TURKTER;1;9.5.1940;1;0
BAYTEN;2;18.2.1947;2;0
NEPERUZE;2;29.8.1966;0;2
NELKIN;1;5.10.1967;0;1
KUSAL;1;7.3.1970;0;1
EDIZALP;1;28.12.1991;1;0
BOLOGLU;1;12.11.1977;1;0
ALVIDE;2;28.4.1962;0;2
ALIVEYSEL;1;10.6.1968;1;0
TURCIYAN;1;2.10.1981;0;1
NEYRAZ;2;21.9.1952;0;2
SEHERUL;1;2.7.1986;0;1
RUKNED;1;12.1.1952;0;1
NIYESE;1;6.12.1970;0;1
MUHSERI;1;1.1.1947;0;1
TEFRIZ;2;12.3.1938;0;2
SAHINGAR;4;25.10.1963;0;4
TULIHI;1;28.8.1972;1;0
UKU;15;30.4.1956;0;15
GULCHIN;1;29.5.1950;0;1
ENFIRA;1;14.2.1958;0;1
KINAHATUN;1;1.5.1985;0;1
EFRAL;2;3.5.1979;2;0
AYTEZE;1;16.11.1964;0;1
HAZININ;1;27.4.1963;1;0
ARLEN;7;19.4.1968;4;3
YEZBAN;1;16.9.1936;0;1
SALET;1;26.6.1961;0;1
MUFECCERE;1;7.8.1952;0;1
ALTUNOK;2;23.12.1938;2;0
HASADIN;1;6.11.1974;1;0
ECABI;10;22.9.1961;10;0
UMURSAH;2;4.4.1970;0;2
CEVTET;2;24.9.1962;2;0
ADIBEY;7;25.2.1960;7;0
YUHONG;1;6.1.1970;0;1
GUNYELI;2;15.1.1982;0;2
ZEKIDE;5;17.2.1964;0;5
UMUTEREN;1;1.5.1979;1;0
AYBAH;1;23.12.1983;0;1
MEHRUME;1;21.5.1981;0;1
SABIRNAZ;6;28.8.1960;0;6
BINLI;2;3.5.1966;0;2
ELLEM;10;29.10.1961;10;0
MENGUTAY;1;12.11.1978;1;0
BESIKE;2;16.7.1944;0;2
KIRSAN;13;11.11.1948;0;13
LIUBOU;1;12.6.1978;0;1
TELLINUR;1;6.4.1985;0;1
HULKAT;1;25.7.1947;0;1
CEKMUL;1;22.5.1980;1;0
AKSABET;7;23.1.1947;0;7
MORDA;1;22.1.1973;1;0
SAVASVEDAD;1;12.9.1975;1;0
SAHBATTIN;3;25.1.1978;3;0
NIDIRET;2;19.2.1953;0;2
MURAFA;1;25.2.1958;0;1
SANSAN;3;29.12.1966;3;0
RICINA;4;26.12.1953;0;4
TOLAIY;1;17.8.1966;0;1
ABIDETULESER;1;23.11.1990;0;1
POLA;11;26.4.1959;0;11
RAANE;1;12.7.1954;0;1
AYTOLKUN;1;16.1.1972;0;1
YAHIR;1;10.8.1958;1;0
NUSURE;9;21.9.1962;0;9
GOKSECIN;1;1.6.1974;0;1
ABDULVELICAN;1;5.12.1962;1;0
JUDIDE;1;11.8.1972;0;1
NURENCAM;1;28.4.1965;0;1
SAPRIYA;1;12.6.1971;0;1
TENER;15;4.9.1965;12;3
ARDIGEN;1;22.8.1949;0;1
NUZEYEN;1;4.11.1958;0;1
MEYYEL;1;3.4.1944;1;0
MUDAYIR;7;2.5.1966;7;0
SENIHANUR;1;9.4.1985;0;1
GULTARE;2;9.1.1963;0;2
KILGIN;1;5.10.1972;1;0
TAZETER;2;2.11.1957;0;2
NEVINAY;4;24.1.1972;0;4
DJULSER;1;30.4.1970;0;1
HIZIRBEK;1;2.8.1945;1;0
BICLAL;1;10.4.1955;0;1
ERTOLKUN;1;24.9.1975;1;0
ASSEL;4;9.2.1978;0;4
FRIEDERIKEANTONIE;1;16.9.1943;0;1
SEMAYAT;1;27.2.1956;0;1
AVNURREFIK;2;25.8.1944;2;0
ISRAFI;3;1.4.1971;3;0
SEMEL;4;1.5.1967;0;4
SAHEL;1;22.3.1967;0;1
ALIBEDIRHAN;1;18.5.1990;1;0
ANNEKIZ;1;1.1.1942;0;1
VIORIKA;3;2.7.1963;0;3
NEJIRA;1;2.4.1938;0;1
RADIJE;1;21.9.1953;0;1
MAVULI;4;1.12.1956;0;4
SEYFIDE;4;24.5.1943;0;4
REKIB;1;22.2.1987;1;0
MEZEGUL;5;15.7.1964;0;5
MEAP;1;24.3.1975;0;1
AYHANYUKSEL;1;5.2.1967;1;0
SANIYYE;6;25.8.1966;0;6
TEKNAR;1;22.6.1973;0;1
NASILLA;1;22.5.1969;0;1
MUSAKA;1;16.10.1970;0;1
BADENGUL;1;24.8.1955;0;1
MUSAHIP;4;16.8.1964;4;0
KANSUDEHAN;1;12.1.1977;0;1
SEHTA;1;20.12.1978;0;1
DILBERHANIM;1;22.2.1943;0;1
HENIK;2;20.2.1955;0;2
SATTAR;8;13.1.1948;8;0
UMMULBANU;1;19.1.1964;0;1
CEMTURK;3;17.9.1982;3;0
PAMIYE;1;27.2.1967;0;1
SEYHISMAIL;1;1.5.1932;1;0
GEDAYI;1;1.8.1962;1;0
FARIMSE;1;16.2.1945;0;1
HAFINEZ;1;2.2.1957;0;1
S.ALI;8;17.11.1941;8;0
BERGUM;1;12.2.1971;0;1
NEMZAT;1;27.2.1950;0;1
IPEKSU;1;7.1.1988;0;1
ATAL;2;13.7.1955;2;0
KOKSALAN;1;27.2.1962;1;0
MEFTUNU;2;22.7.1975;2;0
MINHAKIM;1;6.3.1950;1;0
LEMYET;1;4.7.1981;0;1
YUSUFHAKAN;1;7.11.1973;1;0
URANIA;3;12.10.1958;0;3
FERRUN;5;12.1.1971;5;0
TATEY;2;8.4.1937;0;2
KEGUHI;4;22.9.1943;0;4
MAHUP;1;2.4.1966;0;1
AKIYLA;2;4.5.1960;0;2
OZHAYATI;1;28.7.1955;1;0
MEKAHIL;1;28.12.1972;1;0
DEMIRCE;1;19.4.1939;1;0
ETFE;1;3.6.1945;0;1
IKVAN;5;8.7.1964;5;0
GULVERAN;4;28.9.1966;0;4
NAMIYA;1;12.12.1959;0;1
ILSEVEN;1;12.8.1929;0;1
KAMILIA;1;17.11.1953;0;1
GUZIDEGAMZE;1;28.12.1982;0;1
LIYAKAT;7;4.8.1957;1;6
NETRICE;1;12.8.1971;0;1
TAYFIK;3;10.11.1943;3;0
KAFETTIN;1;12.2.1953;1;0
NILSEBNEM;1;10.5.1970;0;1
ACELIYE;2;4.1.1966;0;2
VILIKE;1;29.1.1961;0;1
NERLIN;4;29.1.1977;0;4
GULLADDIN;1;27.7.1969;1;0
GULDEMUR;2;20.3.1952;1;1
ZERRINAY;3;18.12.1978;0;3
GULDESTINA;1;18.2.1992;0;1
HAZIF;1;26.6.1967;1;0
LEVIYE;16;4.12.1950;0;16
LEHUL;2;15.12.1979;0;2
PEYKE;4;9.3.1959;0;4
YURDAR;1;12.8.1959;1;0
NUFEIL;1;26.2.1972;1;0
NILAYER;1;19.9.1976;0;1
MARJORIE;2;14.9.1963;0;2
CEZEL;1;22.2.1979;0;1
UYANIS;2;23.9.1986;1;1
ZUBEYYIDE;5;11.12.1959;0;5
GULBILGE;1;25.10.1976;0;1
TALAHA;4;23.1.1954;0;4
MIDE;1;9.4.1974;0;1
PERDEHAN;1;27.11.1962;0;1
SERIYBAN;1;5.3.1980;0;1
OLUNCAY;1;26.11.1971;1;0
FAHATTIN;8;29.2.1952;8;0
MURFIYE;7;19.5.1963;0;7
GUNSEHER;1;16.6.1976;0;1
YULIYANA;1;8.3.1978;0;1
MUSAIP;9;4.11.1963;9;0
MUGLISE;5;25.4.1972;0;5
KUTYAR;4;18.7.1971;4;0
BAFTAKIZ;1;2.8.1921;0;1
SIFATULLAH;1;17.8.1918;1;0
KATI;3;6.6.1967;1;2
SINYORO;4;27.12.1936;0;4
TELMEN;9;4.7.1744;0;9
GULGUNER;2;15.12.1962;0;2
GULENAR;5;13.10.1974;0;5
UZIRE;8;27.8.1953;0;8
UMBERTO;1;16.2.1950;1;0
GEKGI;1;14.4.1944;1;0
GUSEL;3;26.10.1956;0;3
ZELYA;6;12.8.1957;0;6
HEDIK;3;3.9.1960;0;3
MUSLIN;3;13.7.1978;2;1
DEMALI;2;27.4.1972;2;0
TURFAT;1;6.7.1957;1;0
HIVRAN;3;27.8.1985;0;3
CEVAL;10;27.2.1965;9;1
GORUL;1;19.11.1960;1;0
SOUMIA;1;5.10.1972;0;1
ILEYHA;2;23.4.1990;0;2
HANAGA;2;30.3.1943;2;0
BOURLIIAT;1;13.9.1962;0;1
ZENNOBE;1;6.1.1967;0;1
FATMAGONUL;1;26.7.1945;0;1
HENDAN;8;27.12.1952;0;8
NASET;2;23.7.1945;2;0
RUHBENDER;1;30.3.1966;1;0
FERIJE;1;20.2.1972;0;1
GULGOZEL;8;7.1.1954;0;8
FEHIZA;1;5.3.1966;0;1
MERIYET;4;1.10.1955;0;4
MURAB;1;19.1.1990;0;1
FIRDINAZ;24;7.5.1946;0;24
EKATARINI;1;29.4.1968;0;1
KIRYAKO;7;3.2.1952;7;0
LUFETTIN;1;14.3.1938;1;0
ERDINAR;1;3.3.1969;1;0
KOCAS;11;24.4.1959;11;0
ZEYNEPIREM;1;4.10.1964;0;1
EPRAKSIYA;1;16.2.1977;0;1
SILISER;1;21.10.1970;0;1
PUAC;1;4.12.1981;1;0
SERTANC;5;15.12.1976;5;0
MUCAFERE;1;21.10.1970;0;1
SONAYDIN;2;29.7.1963;0;2
KARGUN;1;19.1.1977;1;0
LEMIAN;1;7.3.1934;0;1
TANBEY;3;17.7.1964;3;0
YUNTOF;2;7.8.1928;2;0
FABIOLA;2;13.12.1959;0;2
NUSFET;1;26.6.1964;1;0
UMRUYYE;1;17.2.1948;0;1
ALPBIRTAN;1;22.3.1992;1;0
CENIFER;1;26.6.1970;0;1
MEMRUKE;10;30.9.1957;0;10
VERAY;1;30.7.1979;0;1
BAKTIM;1;9.9.1974;0;1
MUSARIYA;1;7.4.1934;1;0
ATAOZ;2;28.9.1979;2;0
GULBEYGUM;1;15.6.1951;0;1
MENKULE;3;28.7.1944;0;3
UFFEYIR;1;27.8.1958;1;0
DEMED;11;19.6.1977;0;11
ABEDIM;1;9.1.1986;1;0
SESLI;1;8.5.1974;0;1
GULYILDIZ;4;8.11.1969;0;4
H.KADIR;3;5.11.1945;3;0
ARGUNDEMIR;1;12.11.1965;1;0
MUMAHMED;1;9.12.1986;1;0
UMMUSELEM;1;18.9.1976;0;1
DIDINA;2;22.1.1979;0;2
EYLER;1;19.5.1977;1;0
SOROP;1;18.11.1958;1;0
EYYUBHAN;3;1.12.1983;3;0
SELVIDAR;2;11.5.1983;0;2
KVETA;1;12.8.1923;0;1
ALPAGU;2;8.11.1971;2;0
SERAHAT;12;13.10.1967;5;7
ROXANA;7;9.11.1981;0;7
MEHTINAZ;6;14.1.1956;0;6
GOGHAN;10;4.7.1977;10;0
MUDDEBER;2;13.1.1959;0;2
CAFERCAN;3;4.7.1983;3;0
ALISAMET;2;24.10.1989;2;0
BENKUL;1;18.1.1978;1;0
DILANSU;3;21.7.1991;0;3
LATIFEI;1;3.3.1927;0;1
SINEMDEN;1;13.8.1973;0;1
NURRETIN;1;7.12.1973;1;0
NEVENA;5;30.4.1973;0;5
YULUYA;1;12.8.1971;0;1
ARYIRO;1;21.10.1945;0;1
BERKAL;4;17.5.1966;3;1
PALMET;5;17.6.1971;0;5
CENSU;2;7.1.1982;0;2
HALASKAR;1;20.9.1963;1;0
ZILFUNAZ;3;3.6.1974;0;3
LIYLA;5;1.3.1966;0;5
RADIBE;6;26.4.1961;0;6
AYHANOGUN;1;23.6.1968;1;0
FIRDOUS;3;18.1.1973;0;3
TAVABEL;1;17.5.1966;1;0
GABOR;1;7.7.1968;1;0
AIGUN;1;9.6.1965;0;1
IBRIYAM;1;17.7.1980;1;0
MECIYET;2;20.4.1954;0;2
ERGUNZAFER;1;5.3.1955;1;0
GAZELBEY;1;18.5.1953;1;0
SABRINE;2;8.8.1982;0;2
AYCEHAN;2;3.6.1984;1;1
BEHAYIDIN;1;11.8.1963;1;0
GENCYILMAZ;1;6.6.1981;1;0
NENVARE;2;11.6.1951;0;2
NESRIH;1;17.4.1942;1;0
MUMESSEL;2;21.10.1946;0;2
UMAC;1;13.6.1989;0;1
SEVGA;8;4.12.1969;0;8
MEBECCEL;3;26.1.1942;0;3
AGILE;3;22.5.1955;0;3
ATANASKA;3;7.11.1971;0;3
SAMARAN;3;15.2.1954;1;2
INCESEL;3;14.1.1959;0;3
ZEVKSAN;1;18.5.1948;0;1
SEFIYAN;7;4.1.1959;0;7
LEBBAN;1;26.6.1959;0;1
MUSEYCEDE;2;24.12.1962;0;2
LEBIN;3;12.9.1968;0;3
REKSEN;2;23.8.1980;0;2
SELVEN;3;15.10.1965;0;3
UMAGULSUM;1;22.6.1985;0;1
RUHA;10;30.7.1976;4;6
APTULAH;2;4.7.1969;2;0
TELFUN;1;4.12.1983;0;1
BINSUR;1;25.7.1956;0;1
HATUF;1;19.1.1972;1;0
ZEKABE;2;27.6.1950;0;2
TOKDEMIR;2;25.4.1939;2;0
MAVISEM;1;14.4.1963;0;1
MUNANUR;1;17.5.1960;1;0
NILCEREN;1;26.12.1985;0;1
SERKUN;2;12.3.1987;2;0
TULAYE;1;26.8.1983;0;1
HANIMEDA;1;20.11.1991;0;1
UMMITAN;1;22.8.1937;0;1
EMNA;1;9.8.1969;0;1
VEHBITTIN;1;21.10.1934;1;0
AGKAN;1;9.9.1968;1;0
ISTANBUL;3;30.3.1960;0;3
ALEMSAHI;1;13.2.1963;0;1
SENDUHA;2;11.3.1965;0;2
CELER;3;30.6.1978;3;0
YEHSOFET;1;30.1.1973;0;1
NEGDI;1;12.3.1959;1;0
KUSSAY;1;11.3.1954;1;0
OMERNASUHI;1;14.3.1982;1;0
GUCAL;3;28.7.1981;3;0
SEVIAN;2;21.11.1973;0;2
H.MURAT;8;7.4.1968;8;0
MERTEL;12;3.9.1975;9;3
KOSTANA;1;3.11.1964;0;1
RUVIYYE;1;2.7.1932;0;1
ZEYNILE;3;9.8.1950;0;3
CANETIN;1;7.11.1985;1;0
SEZAINUR;1;23.1.1933;1;0
MUZEYYAR;1;6.3.1964;0;1
GUNGULER;3;3.10.1967;0;3
REHSEN;3;19.5.1950;0;3
SERRUHAN;1;19.6.1934;0;1
ORSOLYA;1;12.4.1975;0;1
KADRINNISA;1;22.7.1955;0;1
TASTURK;1;6.2.1973;1;0
AVTUL;1;8.2.1970;0;1
HAYETTIN;2;12.10.1970;2;0
KAMBERI;1;2.8.1933;0;1
METINYENER;1;10.10.1971;1;0
ERANAY;2;3.1.1973;2;0
SUHEYLI;6;3.12.1956;4;2
LEVENSER;3;23.4.1962;0;3
FERRUNDE;6;24.11.1964;0;6
SUPU;1;26.5.1984;1;0
SULAM;1;17.3.1953;0;1
ABDILEMIN;1;19.5.1960;1;0
ASUM;8;25.8.1967;5;3
EKURAN;1;12.5.1955;1;0
FERLIN;1;1.8.1987;0;1
GULMURAT;2;29.2.1961;1;1
BASRAZ;2;1.12.1965;0;2
ORUCHAN;6;25.4.1984;6;0
GAANIM;1;22.8.1961;1;0
ACIZE;6;4.7.1967;0;6
NIYRAN;2;2.5.1950;0;2
ERYEN;2;10.1.1968;2;0
ZEADDIN;2;9.9.1956;2;0
MUHAMMETNUR;3;25.11.1969;3;0
EMIRUDDIN;1;4.1.1963;1;0
AHMETCEM;2;26.11.1983;2;0
HALILSEDAT;1;5.7.1953;1;0
NURFERAY;2;5.12.1971;0;2
NURSELAY;1;23.8.1969;0;1
MIYEL;1;22.4.1961;0;1
VALIDDIN;1;11.1.1959;1;0
BIRIL;4;3.10.1966;1;3
MUNIFIYE;1;12.1.1979;0;1
NURKENT;2;2.1.1971;0;2
APGAR;1;21.11.1956;1;0
ANTEP;3;28.11.1950;0;3
MERTKAL;3;16.6.1972;3;0
KESIMAGA;1;6.1.1952;1;0
BEDMA;1;6.7.1967;0;1
KSENIJA;1;4.1.1951;0;1
ADELAT;6;22.4.1968;0;6
RIZIK;4;15.4.1966;4;0
NERMIDDIN;3;30.4.1956;2;1
FEYNUSE;4;4.10.1976;0;4
SENNIHA;1;22.8.1949;0;1
ZAYT;1;2.8.1945;1;0
SEVKIN;4;12.4.1947;1;3
FULAT;1;16.5.1975;0;1
GULHURMETE;1;6.11.1968;0;1
SERINGIL;2;27.4.1969;0;2
ILTIMAS;19;2.7.1947;0;19
LEVEN;4;5.8.1976;1;3
ESMUTTIN;1;1.1.1;1;0
ELMEDINE;2;5.11.1944;0;2
FUCCET;1;22.10.1985;1;0
GULBENUR;17;30.2.1972;0;17
HECAN;1;16.2.1955;0;1
YESAFI;1;7.2.1958;1;0
GULFERAHA;2;26.1.1953;0;2
YUMER;3;5.1.1983;3;0
FURYA;5;26.9.1981;0;5
SINEMSA;14;7.6.1970;0;14
METTAN;1;1.9.1964;1;0
HATTCHE;3;13.11.1965;0;3
NEZHDET;1;1.11.1968;1;0
DILISHAN;1;25.4.1971;0;1
ALIYEKIZ;1;25.10.1966;0;1
NAYRUZ;1;1.7.1930;1;0
YESILTAN;1;15.3.1974;1;0
NERMIDIN;6;20.8.1978;6;0
HASRA;2;12.3.1968;0;2
SUNAI;7;30.4.1982;1;6
FILMA;1;13.2.1992;0;1
YUNAY;1;29.5.1986;1;0
NERGYUL;2;22.8.1974;0;2
METIE;3;17.10.1967;0;3
SERHIN;2;19.4.1978;0;2
WASEEM;1;26.5.1986;1;0
MUNECETTIN;1;17.4.1978;1;0
MERTTIN;1;2.8.1981;1;0
IRFETTIN;4;10.5.1963;4;0
NARHIDE;2;10.2.1979;0;2
FAZLIE;1;27.3.1984;0;1
TEFILCAN;1;9.4.1969;0;1
RAHSUAN;1;30.5.1959;0;1
SATTAN;1;16.3.1955;1;0
SAMDA;1;1.6.1948;0;1
EMBI;6;27.8.1960;6;0
ASSIA;10;2.5.1966;0;10
NEVBENUR;1;9.5.1967;0;1
IRKIYA;1;3.3.1957;0;1
NUHSER;4;20.2.1952;0;4
CEZMETTIN;2;27.6.1957;2;0
BEHAYET;1;8.3.1972;0;1
HYUSNIE;2;20.7.1963;0;2
MEHULE;1;6.3.1965;0;1
M.OZCAN;1;3.5.1961;1;0
NEHZET;1;12.5.1964;0;1
KARADEDE;8;25.1.1951;8;0
ZEMZETE;1;27.5.1968;0;1
MERBUTI;1;26.4.1975;1;0
SEVGEAN;1;11.11.1974;0;1
Y.SABAN;1;27.12.1966;1;0
ALIHUSEYIN;6;5.6.1962;6;0
MIHMAIN;1;15.7.1947;1;0
AYSUNGUL;2;3.2.1961;0;2
KELENDER;1;22.4.1967;0;1
MEGLA;1;22.5.1971;0;1
RIDCAYI;1;30.8.1970;1;0
TAMIK;2;18.3.1965;1;1
DJEYLAN;1;1.8.1991;0;1
SINEZ;1;20.4.1983;1;0
CEMBORA;2;17.10.1984;2;0
KADRIS;8;1.8.1946;0;8
AYLAAY;1;14.6.1961;0;1
GULNEFER;5;23.11.1957;0;5
GEVOK;1;2.3.1975;0;1
MEHNOUR;1;20.11.1978;0;1
SILYAZ;1;29.11.1962;0;1
VAHRIYE;8;14.10.1963;0;8
NEHIBER;4;30.9.1957;0;4
MEJDAL;1;17.10.1975;1;0
PERSIN;1;17.5.1990;0;1
DICER;2;27.2.1979;2;0
IRFAKAT;1;6.10.1949;0;1
SEFUREGUL;1;26.1.1992;0;1
MIRCIHAN;3;17.2.1977;0;3
TECEDDIN;4;27.6.1958;4;0
ZEYTUK;1;2.2.1949;0;1
MUHARREMI;1;27.11.1958;1;0
BAKGILE;1;21.2.1982;0;1
YURKE;1;5.8.1945;0;1
DIZE;9;6.3.1987;1;8
EGDANIYE;2;3.8.1970;0;2
EDREZIN;1;22.4.1980;1;0
SEVGUNER;3;20.5.1977;0;3
IDAHIYE;2;15.11.1947;0;2
BENGULSAH;1;10.4.1992;0;1
SURLEYLA;1;7.5.1973;0;1
AZUZE;3;20.4.1958;0;3
NUSHER;1;17.8.1930;0;1
GUYASEDDIN;1;2.3.1957;1;0
BUHRAMEDIN;1;21.8.1979;1;0
GULITEN;2;7.10.1961;0;2
HUMAYIL;9;12.11.1971;0;9
KANBEK;1;4.12.1991;1;0
YUHEM;1;17.3.1978;0;1
REVINC;6;15.11.1963;0;6
ANEL;4;16.10.1973;0;4
GULAMSE;1;2.6.1927;0;1
NADJIE;5;26.2.1970;0;5
ERCUN;6;9.1.1958;2;4
ABDULMALUK;1;22.4.1961;1;0
BAHTEGUL;8;11.10.1967;0;8
SUPHEN;1;28.2.1980;0;1
MEHIDIN;3;6.2.1980;3;0
GULUKAHKA;1;16.6.1953;0;1
NURDISAN;1;19.12.1965;0;1
MAYSUMA;1;29.8.1949;0;1
CHAKHLA;2;22.6.1969;0;2
DEYNUR;1;7.8.1922;1;0
NATALIYE;1;8.3.1958;0;1
NERDIYE;3;12.1.1961;0;3
ILKISEN;1;5.4.1976;0;1
SEREFSER;1;15.8.1968;0;1
SLVIA;1;4.10.1977;0;1
SAGINABAT;1;7.2.1964;0;1
SEHTANE;3;30.9.1957;0;3
NURGIUL;1;18.4.1976;0;1
GURDCAN;1;14.1.1992;1;0
GULDCAN;1;16.6.1989;0;1
ELLIS;1;17.7.1991;0;1
OZDAT;3;21.1.1974;2;1
MUSEYAM;1;10.6.1945;0;1
GOKCUN;3;23.6.1960;2;1
REAL;3;10.7.1963;2;1
FEVCET;5;28.6.1956;5;0
BIRSENAR;1;12.8.1963;0;1
SERMUL;1;12.2.1971;0;1
EVREDIKI;1;22.9.1960;0;1
SERGIYE;4;23.12.1969;0;4
HAVAYA;1;25.2.1945;0;1
BULENDANUR;1;12.4.1983;0;1
MUTULAH;1;27.2.1956;1;0
ALBENA;4;5.4.1977;0;4
ALSEL;5;6.12.1977;0;5
HAVERZEMIN;11;13.4.1960;0;11
GYULBER;1;24.12.1978;0;1
MUCELLIM;2;5.5.1957;2;0
VAKUFA;1;21.10.1970;0;1
ADNUR;2;3.6.1960;1;1
PERAVIYE;1;18.5.1979;0;1
SAIHA;3;16.11.1976;0;3
FERUSER;4;11.4.1960;0;4
NISYAN;1;18.9.1939;0;1
VENIYE;1;8.5.1959;0;1
ZEHNUN;1;27.9.1975;1;0
RESHAD;1;17.8.1954;1;0
SAKINEDUYGU;1;21.3.1990;0;1
ERDEMERSIN;1;17.5.1977;1;0
SELIYADE;8;23.12.1952;0;8
ERBUM;1;16.5.1976;0;1
DILISTAN;12;23.9.1969;0;12
ALIEVSET;1;22.2.1967;1;0
SADINAS;2;5.2.1950;0;2
ZEHRAN;10;6.10.1962;0;10
AGARMI;2;26.5.1952;0;2
NECMINUR;3;4.4.1951;1;2
MUAMMEDALI;1;24.12.1975;1;0
GHIULER;1;13.7.1982;0;1
BAHOS;1;14.7.1989;1;0
ERSUKAN;1;20.5.1978;1;0
AGOSTINA;1;21.3.1967;0;1
JULVE;1;28.9.1981;0;1
ILGIYAN;1;17.8.1984;0;1
KISTAMAN;4;14.9.1960;0;4
MINAR;10;15.7.1968;1;9
YASSEMI;1;18.11.1973;0;1
OGUZAKIN;1;4.9.1963;1;0
DURAG;3;18.7.1975;3;0
HALAZUR;1;1.1.1;0;1
NURJET;1;19.12.1982;1;0
SEVDZHAN;3;13.3.1979;0;3
HILMICAN;5;21.11.1988;5;0
ORSAH;1;28.3.1982;1;0
MIRLINDA;2;21.12.1974;0;2
TONGUCHAN;1;23.6.1982;1;0
RUHBEN;2;18.8.1971;0;2
VANIR;1;28.2.1969;1;0
UNVANI;3;30.2.1961;2;1
MUHUBBETTIN;1;17.7.1957;1;0
AYCET;1;12.2.1977;0;1
SABANER;1;6.3.1961;1;0
PELGHIZAR;1;18.6.1971;0;1
GULYAM;1;12.12.1959;0;1
MUHTERME;1;3.8.1943;0;1
RESIN;3;9.3.1966;3;0
PEROZE;1;2.3.1949;0;1
KRASIMIRA;3;22.7.1970;0;3
BANDAK;1;16.8.1965;0;1
MOHSUNE;3;28.12.1972;0;3
NURHEDIYE;9;14.3.1968;0;9
SOHEILA;2;7.5.1967;0;2
AHMETGANI;2;14.7.1959;2;0
CENNED;1;28.11.1967;0;1
GULNAVRUZ;6;17.6.1962;0;6
SAIMEN;1;7.6.1982;0;1
ANDRONIKI;2;6.3.1941;0;2
NEHRICAN;6;20.12.1981;0;6
CATTO;1;25.5.1944;1;0
NEVESSER;2;30.1.1959;0;2
KUCUKEMINE;1;8.2.1964;0;1
SIVALETTIN;1;27.4.1966;1;0
KUHARE;1;22.8.1931;0;1
ENMIS;1;1.8.1971;0;1
BEYRIN;4;19.1.1972;0;4
NESEGONUL;1;4.3.1939;0;1
BANAZ;3;4.4.1980;1;2
TEANO;3;4.10.1955;0;3
HUSEYINMURAT;2;29.4.1964;2;0
ZAIL;3;24.7.1955;3;0
BILIS;1;22.8.1919;0;1
AYSENEN;2;11.12.1971;0;2
MEBUSIYE;2;8.2.1977;0;2
BASMA;1;12.5.1968;0;1
MENAHIL;2;5.2.1958;0;2
ECMER;2;8.1.1986;2;0
BRONZ;1;9.12.1972;1;0
NURZEL;10;5.7.1964;0;10
AKTOLON;2;23.3.1935;1;1
BESCET;1;30.2.1962;1;0
BESENA;1;25.9.1991;0;1
SERENCE;3;27.6.1965;1;2
HAYRULNESA;1;24.10.1956;0;1
RUMEYSER;1;29.9.1981;0;1
FEREDIYE;1;14.8.1947;0;1
SUHEYYLA;1;23.4.1990;0;1
AFDAL;6;14.10.1947;6;0
DIYAVER;1;17.11.1930;0;1
RUHNER;1;26.8.1948;0;1
BEHLIHAN;1;27.1.1992;0;1
SEVDICHAN;1;14.3.1970;0;1
BOLAY;2;27.10.1971;2;0
GULZEFER;1;16.7.1957;0;1
JUWAN;1;2.2.1981;0;1
UMUTGAZI;1;1.4.1988;1;0
SEDEFIYE;32;9.5.1960;0;32
DUILIO;1;19.5.1943;1;0
BILGINE;2;1.3.1958;0;2
VESINE;2;13.10.1946;0;2
TATAIANA;1;11.6.1977;0;1
BAYGEL;1;12.11.1957;1;0
NEZDE;5;13.5.1958;0;5
MEHMETAKIN;1;7.8.1952;1;0
MINEZE;1;29.4.1967;0;1
VERAKIYE;2;7.12.1975;0;2
BERAF;1;12.11.1989;0;1
MUZZEMMIL;1;11.3.1990;0;1
MERGEZER;1;28.9.1989;0;1
TOSUNE;3;18.12.1948;0;3
SIBGETTULLAH;1;22.12.1973;1;0
LUBOMIRA;1;1.8.1981;0;1
ZIYNATI;1;11.6.1932;0;1
ORHANNURI;2;17.11.1973;2;0
MECAL;7;22.11.1967;0;7
NULKAN;2;13.1.1970;0;2
ALET;3;22.11.1957;2;1
MERZIN;2;29.8.1966;2;0
MUTTESER;1;1.9.1963;0;1
GULGENC;2;16.11.1938;1;1
NURCUSEN;1;13.6.1971;0;1
MUSTAFACEM;1;27.7.1979;1;0
KIFO;2;14.11.1945;2;0
MENSEYIT;1;7.8.1932;1;0
GILEFER;1;14.12.1962;0;1
RAIHA;2;21.7.1953;0;2
ZEHMIYE;5;26.1.1964;0;5
TAARIK;1;7.2.1946;1;0
RUJINEN;1;22.2.1984;0;1
MUAZBILAL;1;19.3.1980;1;0
SAHINKADIR;1;10.1.1974;1;0
SIIT;6;12.10.1956;6;0
ZULBAHAN;1;21.8.1965;0;1
MELAH;5;28.2.1948;0;5
ZADINE;2;28.2.1952;0;2
NEYDIN;5;18.1.1962;3;2
MAHBUT;4;27.7.1970;0;4
SONFIDAN;3;13.6.1972;0;3
GULBETI;1;8.11.1975;0;1
NILVA;4;9.7.1980;0;4
HOCAKEN;4;23.11.1954;4;0
HUSSUMIYE;1;12.11.1971;0;1
CIHANSEV;2;4.3.1979;0;2
SULTANETTIN;1;24.12.1989;1;0
BILLICAN;1;22.6.1985;0;1
METANE;1;15.2.1973;0;1
MUBECEN;1;17.8.1966;0;1
BINNAMI;15;17.6.1961;15;0
NAYIZER;3;26.6.1965;0;3
DULGADIN;1;30.3.1965;0;1
GULDJAN;4;18.6.1978;0;4
DIJANAN;1;15.4.1975;0;1
YURDUNAY;2;6.9.1976;0;2
GYULFER;1;11.5.1977;0;1
SENASIYE;1;4.8.1976;0;1
BINGOZEL;6;10.12.1957;0;6
BALGUZER;12;6.3.1959;0;12
MIZME;1;12.4.1965;0;1
MAHMULIYE;5;14.8.1958;0;5
ENZAF;1;28.5.1988;1;0
SEVDANIYE;10;18.10.1974;0;10
GUYTEKIN;1;1.5.1984;1;0
MORZAT;1;7.4.1957;0;1
SURUSEM;1;29.6.1948;0;1
BILINMEZ;1;29.4.1974;0;1
SURMA;1;6.8.1963;0;1
MUHRAMIN;1;27.10.1980;1;0
AYRUSE;1;12.11.1977;0;1
GELIMAN;1;27.8.1961;0;1
MUKEDIYE;1;4.10.1946;0;1
NAISEL;1;27.2.1968;0;1
SELBIRDIN;1;10.10.1977;1;0
GYULVER;1;4.8.1982;0;1
HALIMSAH;4;6.6.1950;3;1
GULHADI;2;18.5.1969;0;2
ZATIE;4;16.6.1959;0;4
CUMU;14;24.1.1965;14;0
GOKCEBEY;1;19.12.1991;1;0
EGDANE;3;15.8.1965;0;3
RAHMIE;2;13.3.1967;0;2
NESCAN;1;7.1.1978;0;1
URZIE;1;18.11.1961;0;1
RUDCIHAN;1;2.8.1981;0;1
AYLIYEM;1;1.5.1973;0;1
BAHARKA;1;27.8.1950;0;1
MUFRE;1;25.4.1986;0;1
SUPHATTIN;6;17.5.1969;4;2
KAYMET;5;21.5.1954;1;4
BILGESAH;3;16.12.1982;0;3
CHEKIVE;1;30.3.1973;0;1
MERIYAT;1;2.2.1983;0;1
HATEP;1;12.8.1953;0;1
NURGYUL;1;22.5.1976;0;1
GULUYAN;4;16.6.1969;0;4
SUVANET;1;29.7.1956;0;1
NARIM;2;8.1.1979;0;2
FEHRUN;1;28.4.1981;1;0
VEHTI;2;26.2.1976;2;0
SURCIHAN;1;22.10.1973;0;1
KORTEN;1;27.11.1979;1;0
MOHPORE;1;30.7.1956;0;1
BAHTICHEN;2;13.5.1968;0;2
KAYGU;1;27.5.1974;1;0
FEVZIE;6;30.1.1969;0;6
HIDCABIYE;1;16.5.1975;0;1
AYSSEL;2;22.2.1976;0;2
HURIYDE;1;30.11.1943;0;1
RENKTEN;3;17.3.1976;0;3
HALILAHMET;1;19.2.1984;1;0
MUHTELIME;2;7.7.1964;0;2
MULMUSE;1;15.10.1939;0;1
KALIPTEN;6;2.5.1975;0;6
FERAHE;3;3.10.1959;1;2
SINIFE;2;13.3.1960;0;2
HIUSNIE;1;27.3.1981;0;1
HULAFER;1;27.6.1973;0;1
BIRSA;1;17.5.1969;1;0
AJLIN;1;20.2.1977;0;1
MISIKE;1;26.2.1976;0;1
MURATBEK;1;15.2.1955;1;0
MEBRUIYE;1;7.2.1964;0;1
GULSENIHA;1;17.2.1990;0;1
LORENZA;1;1.7.1985;0;1
XHEVRIE;1;7.9.1965;0;1
ELISEN;2;9.8.1987;0;2
KOSEDAG;1;1.6.1962;0;1
MEHMETFARUK;3;18.6.1974;3;0
MUFIDIDDIN;1;16.2.1981;1;0
ZEFERI;1;1.10.1963;1;0
GULZEMZEM;2;3.6.1986;0;2
PASIRAZ;1;10.1.1960;0;1
GULSOMER;1;25.2.1943;1;0
MUHAMMETHANIFI;6;10.11.1976;6;0
YIVILKER;1;10.3.1948;0;1
FENERE;1;6.9.1973;0;1
BEKAY;2;11.9.1978;1;1
EMSANE;1;19.5.1962;0;1
TURMENT;1;23.11.1981;1;0
KAYELI;1;4.3.1971;0;1
FATIMIYI;1;16.1.1968;0;1
MESAHA;3;6.6.1969;0;3
PARLAY;1;9.8.1956;1;0
HAYRULBENAD;1;22.8.1931;0;1
FIRYELE;3;16.8.1967;0;3
UMGULSUN;5;14.9.1954;0;5
DENIZCIGDEM;1;28.4.1991;0;1
GILOS;1;18.4.1936;0;1
SELFIDE;12;16.5.1963;0;12
SEYHSUVAR;2;30.5.1981;2;0
SEAHNAZ;1;12.8.1953;0;1
AHTAR;1;28.5.1985;1;0
REYGUN;2;27.4.1976;2;0
AIHAN.H;1;12.3.1966;0;1
SVETLA;3;29.10.1957;0;3
FIKRANE;18;23.6.1956;0;18
EMIYET;6;24.3.1965;1;5
MUHEDIN;4;7.2.1960;4;0
NARINKIZ;1;1.1.1;0;1
IZZEM;1;26.10.1970;1;0
MAGMERI;1;30.3.1957;0;1
HIMILEYLA;1;22.8.1931;0;1
TAHAT;2;16.2.1968;1;1
LILISAN;1;19.5.1986;0;1
SEMENT;32;25.5.1968;31;1
ALIMSEYIT;1;15.1.1951;1;0
SILDEN;1;28.2.1992;0;1
SERTBUDAK;1;10.8.1978;0;1
ERBUKAN;1;15.10.1960;1;0
TUCAR;2;28.11.1957;2;0
BATUMAN;2;10.2.1968;2;0
HEMESE;13;11.7.1950;0;13
MUSEMBA;4;23.4.1963;0;4
SEMILEN;1;9.1.1957;0;1
TASKADIN;35;18.1.1954;0;35
ASSIBE;1;28.1.1974;0;1
MISLIFER;3;7.3.1954;0;3
GULVESE;1;13.7.1940;0;1
SAHUSEYIN;1;4.2.1953;1;0
SEHAHMET;2;28.12.1964;2;0
KIZGUZEL;2;5.1.1969;0;2
VEYIBE;3;7.4.1954;0;3
DILFERI;2;11.5.1958;0;2
RECAEDDIN;2;18.10.1964;2;0
DOVRE;1;4.4.1948;0;1
MISLINAGUL;1;1.1.1963;0;1
CUYNET;1;25.10.1969;1;0
GULTAM;1;11.7.1957;0;1
EROGAN;5;5.10.1969;5;0
ENGAMI;2;1.8.1958;2;0
CEVARI;1;3.9.1930;0;1
BAIS;7;25.5.1959;4;3
ISAD;1;17.12.1960;1;0
GALE;3;3.10.1961;0;3
HANKIJA;1;26.2.1973;0;1
MUNURDUN;1;22.1.1955;1;0
AYSEYABANGULU;1;14.9.1967;0;1
YILKAN;5;20.3.1974;5;0
INGUILIS;1;7.12.1946;0;1
NILGUZAR;1;6.6.1990;0;1
MURSEDI;1;27.8.1920;0;1
SERHATKUTLU;1;12.6.1971;1;0
VAHIZER;2;9.4.1942;0;2
MISEFA;1;5.5.1945;0;1
TURANGUNES;3;17.3.1976;3;0
SAKAY;1;12.2.1950;1;0
ALTEKIN;8;17.10.1956;8;0
KALVIS;1;26.6.1946;1;0
EMSUNA;1;12.11.1972;0;1
NERGIZER;3;25.10.1970;0;3
SAYABAN;1;2.1.1939;0;1
ZEYNEPPER;1;8.11.1979;0;1
ZULBIE;5;21.4.1966;0;5
PELAGEYA;1;17.2.1974;0;1
HAZZIM;1;7.2.1964;1;0
NOURDANE;1;6.1.1976;0;1
KERBELLA;1;7.8.1970;1;0
GULSAYAR;1;27.12.1968;0;1
NUGIHAN;2;24.6.1980;0;2
HACERO;1;23.3.1941;1;0
GULUMSEL;12;15.1.1967;0;12
MEMETSELIM;10;29.1.1968;10;0
FEYZURAHMAN;2;26.11.1974;2;0
TUGUN;2;18.1.1965;0;2
ITAL;1;4.7.1936;0;1
SEILLA;1;2.11.1974;0;1
HEPSENYILDIZ;1;21.12.1940;0;1
EMVARIYE;2;28.5.1949;0;2
YESITE;2;18.5.1938;0;2
MAGBER;5;18.7.1948;0;5
NEGIN;1;16.5.1964;1;0
BAGADIR;5;9.1.1974;5;0
LEYSEN;1;6.6.1981;0;1
ZILKADER;1;29.4.1934;0;1
RUHGIZAN;1;29.5.1960;0;1
JULVENT;3;27.7.1982;3;0
BETEOL;1;12.8.1971;0;1
RIHFETE;1;21.2.1969;0;1
SITAP;3;14.4.1967;0;3
MEDIKA;5;2.4.1964;0;5
ICREL;4;8.8.1970;0;4
SEVDIGER;1;8.4.1940;0;1
SOLPAN;2;10.1.1975;0;2
TUGUY;1;20.4.1974;1;0
SAMISENI;1;28.3.1954;1;0
SUKRINAZ;12;19.2.1964;0;12
GEYNEL;1;27.1.1962;1;0
MUCALA;2;24.11.1965;0;2
RADIE;4;22.8.1968;0;4
RAFAKATTIN;1;12.1.1934;1;0
GULFURS;1;18.8.1977;0;1
SURABEYIM;2;30.1.1946;0;2
MADZUHAR;1;5.7.1971;1;0
AMMUGULSUM;1;23.2.1938;0;1
IMRAIL;5;9.6.1968;2;3
MAKFIRETE;1;22.8.1949;0;1
MUKADDESGOC;1;6.6.1981;1;0
ADVIS;1;27.8.1926;0;1
FEHAMEDDIN;12;7.10.1962;12;0
AHMETNACI;3;12.5.1957;3;0
OZENSER;6;10.11.1952;0;6
ILVEN;3;22.6.1973;1;2
VEYNUR;3;6.6.1978;3;0
UMUTO;1;5.5.1974;1;0
ISMIGULLU;1;20.11.1949;0;1
TANRE;1;11.7.1968;1;0
MELISCAN;2;16.5.1989;0;2
MOLIN;1;11.3.1970;0;1
GULENLER;1;10.5.1946;0;1
MEHRAMETTIN;1;11.3.1954;1;0
NEGBER;2;8.9.1975;0;2
BETULI;1;3.5.1933;0;1
SAVDIYE;1;20.9.1964;0;1
HABIZ;1;4.4.1943;0;1
PURPUZE;1;9.4.1969;0;1
FERUDDUN;3;2.3.1970;3;0
HIRISA;1;22.8.1931;0;1
SEBIHET;5;5.6.1962;0;5
HARAM;1;22.2.1955;1;0
MUPBALI;1;1.10.1947;1;0
VIOLINA;1;27.8.1957;0;1
UFK;1;4.12.1972;1;0
TEFARIYE;93;13.10.1952;0;93
MANUSAKE;1;2.8.1951;0;1
MAYGUR;1;17.9.1960;0;1
NEZINDE;1;22.11.1957;0;1
ADILBAKI;1;28.6.1961;1;0
CUMHURDOGAN;1;27.5.1938;1;0
NEZAFIYE;14;30.7.1957;0;14
BEMBEGUL;1;27.12.1958;0;1
NURSERIN;5;21.1.1955;0;5
HIDAET;5;28.9.1942;1;4
LASIDE;1;22.3.1971;0;1
NURFILIZ;6;26.11.1976;0;6
GOKSEM;5;28.9.1985;0;5
NEZIDAN;5;6.10.1961;1;4
AYNAN;6;12.3.1967;0;6
ZILCE;2;24.9.1958;0;2
ZULGER;3;13.6.1952;2;1
KADINSE;5;20.4.1950;0;5
MUSEBBEHE;1;6.11.1934;0;1
MIHIBETTIN;1;22.12.1985;1;0
MISEMBE;1;21.10.1971;0;1
GULSOYLE;2;26.9.1945;0;2
PAVLINA;3;16.10.1946;0;3
EFRUZIYE;2;4.1.1963;0;2
MULVIYE;2;26.12.1938;0;2
TELBIZE;1;7.5.1970;0;1
NURISALI;1;8.4.1952;1;0
AHUDAN;1;2.3.1979;0;1
NAZIREGULDEN;1;7.9.1979;0;1
BILHUN;1;1.12.1966;0;1
NUTAR;1;26.7.1968;0;1
MUSENMA;3;15.9.1945;0;3
MAZUZE;2;1.3.1969;0;2
MEHMETCEMAL;3;14.4.1965;3;0
RECALI;4;11.1.1964;4;0
ATBIYYE;1;18.9.1936;0;1
ERSENER;2;17.12.1975;1;1
ABDULFERID;1;16.1.1982;1;0
JURVENT;1;12.3.1978;1;0
PERIK;3;4.10.1939;1;2
HELALETTIN;2;27.7.1938;2;0
ZIBENDE;1;27.9.1943;0;1
ESAHAN;1;22.7.1955;0;1
IZLIDE;1;27.8.1956;0;1
SAYLIN;2;26.7.1984;0;2
DURMINUR;6;5.5.1953;0;6
IFFETE;5;26.5.1959;0;5
MEZAYET;2;9.7.1959;0;2
SAHMELI;1;23.10.1982;1;0
GULFURUZE;1;17.2.1936;0;1
ZUNNIYE;3;19.12.1939;0;3
ENTAC;1;27.2.1956;0;1
KAVAMETTIN;2;27.8.1947;2;0
IMIRZELI;1;21.5.1959;1;0
EFTADI;1;29.2.1954;1;0
SELIMDAR;3;1.5.1962;3;0
ANSIK;1;6.3.1955;0;1
MURFETTIN;2;11.7.1976;2;0
MUHARLEM;2;15.8.1969;2;0
MEHNEZ;1;22.8.1979;0;1
BEHRETTIN;2;17.1.1951;2;0
ENDINE;1;2.5.1975;0;1
A.CELIL;1;14.11.1973;1;0
NECELLA;7;7.6.1949;0;7
ALMAHAS;5;14.1.1960;0;5
ESENGUE;1;2.5.1975;0;1
SADDE;1;12.8.1929;0;1
NESUZE;1;2.2.1975;0;1
GULHEME;2;24.2.1966;0;2
TEKMULAH;1;21.4.1942;0;1
EMRIMENYE;1;6.11.1980;1;0
SEYFUTDIN;1;24.7.1954;1;0
BAHTENUR;2;3.10.1981;2;0
CIRAK;8;19.1.1960;8;0
ARMILE;2;9.5.1969;0;2
YILTAC;3;16.6.1972;3;0
GOYSER;1;1.3.1978;0;1
HICABIARDA;1;28.10.1979;1;0
SIYAMAMBER;1;22.8.1919;0;1
BELIBEY;1;4.8.1957;1;0
ZILFUGAR;1;12.2.1959;1;0
AYSEDONE;1;17.2.1973;0;1
ILKOK;1;6.5.1978;1;0
HANZOHRE;2;4.10.1962;0;2
YELSI;1;6.4.1983;0;1
HUSSAMETTIN;2;23.1.1973;2;0
GELSUMA;1;12.4.1965;0;1
ANTELE;2;17.6.1960;0;2
ZAIDA;4;16.8.1978;0;4
BELFAT;1;11.3.1975;0;1
HIFAYET;1;7.3.1958;0;1
OYNAR;1;26.1.1976;0;1
CEBIRAYIL;1;6.11.1974;1;0
MAGALY;1;15.9.1970;0;1
MARYEN;1;6.1.1975;0;1
MUZAYIT;1;2.1.1961;1;0
OMERADIL;1;10.10.1957;1;0
GONAL;2;10.8.1960;1;1
ASUGUL;1;14.4.1975;0;1
NURCIHA;2;27.5.1962;0;2
LEFTAR;1;6.5.1966;1;0
LEZIHA;6;10.5.1964;0;6
BEYSI;1;10.4.1970;1;0
NAFIGUZEL;1;27.6.1966;0;1
GIOULSEVIM;1;2.8.1969;0;1
AMIRAL;8;14.7.1964;8;0
SINIZER;1;2.6.1939;0;1
RAYFER;1;19.10.1955;0;1
CIMHAYETTIN;1;19.1.1972;1;0
SELVUNIYE;1;24.6.1961;0;1
EMZAYE;1;20.5.1984;0;1
HAFSIDA;3;6.12.1982;0;3
ZULFIE;7;10.9.1968;0;7
MUKRIBE;2;17.9.1940;0;2
YUZDEGUL;3;9.4.1977;0;3
GUNNAL;1;23.5.1979;0;1
NESKINAZ;1;3.2.1967;0;1
LUHAN;3;2.6.1977;2;1
ZAHA;1;4.4.1947;0;1
GUBLAR;1;21.7.1966;0;1
RAZENGUL;1;22.6.1967;0;1
YURDISEM;1;17.2.1972;0;1
TEMELTANDOGAN;1;27.2.1938;1;0
FAHRO;3;16.2.1959;2;1
BELGEHAN;3;19.10.1971;2;1
ABDULMUHIT;3;11.3.1975;3;0
AMAHOR;1;17.2.1966;1;0
KAYGI;3;15.1.1980;3;0
ABDULLAHBAKI;4;16.3.1964;4;0
SAPATULLAH;1;4.11.1976;1;0
SERAPNUR;7;13.10.1979;0;7
TEVHIRE;1;2.3.1939;0;1
BADRIE;1;24.3.1979;0;1
NAZMISE;2;1.1.1953;0;2
MIRZAALI;10;9.12.1961;10;0
ZILFIGUL;3;6.8.1969;0;3
FERFINDE;3;25.8.1954;0;3
ABDULMENIF;1;16.9.1962;1;0
EKREMUL;1;24.12.1989;1;0
KARAMUS;1;1.3.1961;1;0
MEHMETMASUK;1;8.3.1974;1;0
LEZIFE;9;12.3.1961;0;9
ABDULCETIN;3;22.8.1973;3;0
CEHRIDE;1;27.4.1956;0;1
HISHEYYE;1;4.4.1970;0;1
ELSIMET;1;2.2.1957;0;1
MAYSES;1;23.3.1967;0;1
HURNISE;4;3.3.1956;0;4
BEYNI;2;18.9.1963;2;0
NURSENER;1;12.2.1965;0;1
PEHLUHAN;1;2.2.1975;1;0
CEDDIH;1;6.8.1979;1;0
MUDIVER;1;29.4.1974;0;1
BAHRIHAN;3;22.11.1972;2;1
FERZELI;1;17.3.1960;1;0
MIRZEAHMET;1;18.4.1960;1;0
GULBEST;2;15.8.1956;0;2
MEMETHAN;3;14.6.1963;3;0
ABDILCABBAR;1;21.3.1971;1;0
MUHTED;1;8.1.1987;1;0
MIDVARI;2;2.1.1950;0;2
CEMEDDIN;2;7.2.1969;2;0
FERAK;1;9.4.1970;0;1
BALTEKIN;1;13.6.1982;1;0
UNMET;1;1.6.1968;1;0
FAIDEGUL;5;17.1.1969;0;5
DONNURA;1;8.8.1977;0;1
MEZEHUM;1;22.11.1966;1;0
MAHRUME;1;29.8.1983;0;1
MOVLA;2;29.2.1971;2;0
CINGIS;1;11.5.1948;0;1
MIRABDULLAH;1;7.5.1979;1;0
ALMAGUL;9;24.11.1968;0;9
SABEHETTIN;3;29.8.1966;3;0
FATMANISE;5;22.4.1956;0;5
MEZLUM;4;6.6.1969;4;0
FERDAK;1;19.7.1964;0;1
UMMUHAREM;2;1.6.1983;0;2
DILVIYE;1;6.12.1975;0;1
SEYFINAR;1;14.3.1969;0;1
SEVILDCAN;1;26.6.1975;0;1
EMZAIDE;2;19.10.1943;0;2
MAHBOBEH;1;27.8.1956;0;1
UGURZEKI;1;7.10.1970;1;0
MULYASE;1;16.3.1967;0;1
ATCEGUL;1;19.4.1963;0;1
NILFIYE;2;7.1.1967;0;2
MUZALLA;1;24.7.1967;0;1
IALDAZ;1;1.11.1979;0;1
DIYDE;1;24.5.1979;0;1
YARGITAY;2;13.1.1978;2;0
TANDENIZ;1;7.2.1968;1;0
MYUSESSER;1;7.10.1979;0;1
ZIADIN;1;17.3.1977;1;0
MUTEDIYE;4;23.3.1957;0;4
UCANUR;2;27.8.1955;0;2
VEDATSACIT;1;28.12.1974;1;0
BELAT;1;9.2.1970;0;1
BURCEHAN;1;17.5.1974;1;0
LEYLYAN;1;15.1.1961;0;1
MUJERYE;1;20.5.1960;0;1
LUTMIYE;1;22.10.1949;0;1
YUMYUCH;1;11.12.1963;0;1
JULEYDA;1;16.8.1983;0;1
OMERYAT;1;17.8.1990;1;0
SOZAT;1;15.9.1988;1;0
OINKHER;1;28.5.1981;1;0
SELAFI;7;24.6.1969;6;1
MUBERIYE;3;28.8.1967;0;3
TEMRETTIN;1;18.6.1958;1;0
RUSANALI;1;9.6.1975;1;0
GULENASIYE;1;16.6.1975;0;1
GULCEFA;2;2.3.1979;0;2
DOGUNAZ;1;9.11.1984;0;1
EVNER;2;21.10.1985;2;0
LEVGIN;1;18.6.1983;0;1
MUSPIRE;4;29.3.1957;0;4
SAIDAN;2;27.6.1959;1;1
GUDI;1;15.9.1944;0;1
SANURE;4;29.3.1964;0;4
MUHAFAK;2;17.2.1984;2;0
GYULTEN;7;3.4.1967;0;7
ZURAMET;1;14.9.1935;0;1
KERABI;2;28.6.1971;2;0
HASMEN;1;22.6.1991;0;1
CIVLE;3;30.8.1988;0;3
DILFEYA;1;22.11.1967;0;1
MIHNINUR;1;24.9.1974;0;1
YERGUL;7;3.2.1977;0;7
SEYITMEMET;1;6.6.1961;1;0
BEG;5;29.6.1956;5;0
CIVANGUL;2;11.7.1984;0;2
SANAS;3;25.12.1975;0;3
NUSABETTIN;1;29.12.1977;1;0
ZULMUNAR;2;12.11.1969;0;2
HASBAHAL;1;24.4.1967;1;0
PASANA;1;22.2.1961;0;1
VAHIYDE;5;6.3.1956;0;5
HUSNIFER;16;2.3.1952;0;16
KULUBEY;2;29.10.1973;2;0
GULENBEZ;1;1.6.1979;0;1
OZELAY;6;10.10.1966;2;4
YAYLE;3;5.5.1977;0;3
YURDUNAZ;6;1.9.1965;0;6
BEKSAFA;3;17.11.1962;3;0
SURSEFA;4;21.4.1969;4;0
NOKMAN;4;9.12.1977;4;0
ESKERYA;1;1.4.1968;0;1
SERCETTIN;1;27.2.1986;1;0
ZOHRINAZ;2;15.10.1946;0;2
SEKCIHAN;1;2.2.1963;0;1
SUYEYHAN;1;12.2.1971;1;0
RAFAN;2;27.10.1969;0;2
SEDIHAN;4;15.7.1972;3;1
NIHAVI;1;19.12.1958;1;0
HATEYI;4;6.7.1961;0;4
YONELT;1;14.11.1979;1;0
CELELETTIN;1;14.11.1977;1;0
CARTURK;1;11.7.1991;1;0
MAKBIR;1;18.2.1985;0;1
MEMETSENO;1;15.9.1969;1;0
BILKIYE;7;16.6.1954;0;7
PENGUZAR;1;6.5.1958;0;1
UMZADE;3;24.12.1937;0;3
SONYETER;5;1.7.1976;0;5
MEFRUR;1;21.6.1965;1;0
SERIYEGUL;1;4.4.1970;0;1
SURSAFA;3;8.5.1960;3;0
TOGAYCAN;1;2.5.1981;0;1
NERAKETDIN;1;22.3.1961;1;0
DERINAZ;1;13.5.1964;0;1
TOBUL;2;10.9.1960;0;2
SEYAF;6;8.7.1958;6;0
NIRIYE;5;28.8.1965;0;5
USKUFIYE;2;23.11.1940;0;2
IBALI;4;8.4.1963;4;0
SAHREANA;1;11.6.1975;0;1
MEHMASAH;1;22.2.1979;1;0
ZEBDIN;1;9.4.1948;1;0
MIYREN;1;27.9.1967;0;1
SIREZ;5;18.10.1967;0;5
GULBOYA;1;6.10.1980;0;1
EBRIL;5;19.6.1982;1;4
ZILEYFA;1;11.10.1972;0;1
GULAGABEY;1;12.3.1983;1;0
MUCCELA;1;21.12.1983;0;1
GATEM;1;2.2.1957;1;0
KAYIR;2;7.10.1948;2;0
SEYZADE;2;23.11.1961;0;2
FIRASE;9;9.1.1952;0;9
RUHNAY;1;21.3.1987;1;0
LUNUFER;5;25.11.1974;0;5
NIYADDIN;3;10.7.1960;3;0
TEMERRUH;1;11.7.1981;0;1
IREHAN;2;30.8.1959;0;2
ZULKAIDE;17;2.3.1846;0;17
ONBINE;1;11.6.1973;0;1
EKRUBIYE;1;21.11.1979;0;1
SEDIRYA;3;7.5.1981;0;3
FIKER;4;17.11.1954;0;4
CAGANAY;3;28.1.1986;2;1
ZIYEDE;1;17.1.1965;0;1
MUHTENA;7;9.10.1970;0;7
KASE;9;22.12.1954;0;9
CAHIRETE;1;3.1.1971;0;1
REFADDIN;2;2.5.1961;2;0
VIZE;1;7.2.1952;0;1
INCAT;3;16.3.1959;2;1
NEBILAY;12;21.4.1977;0;12
BEYZEDE;1;6.6.1957;1;0
ADILBAN;1;24.3.1934;0;1
ISMIBEY;17;15.4.1973;17;0
SABIHAGUL;2;20.5.1963;0;2
NUTIE;3;17.9.1985;0;3
SEMEND;1;7.2.1976;1;0
GULBENDER;2;18.5.1959;1;1
DOLEK;2;3.8.1955;1;1
MAHZERI;2;28.6.1982;0;2
HURNEYSE;1;5.5.1969;0;1
ALGEZ;25;24.7.1952;0;25
GYULDZHAN;2;1.11.1978;0;2
SELEL;2;2.4.1968;1;1
HULBI;1;17.12.1965;1;0
SAAMET;2;29.9.1980;1;1
SAHSANEM;11;26.6.1972;0;11
ERBIR;6;2.6.1957;6;0
CEMALIMEHMET;1;23.5.1964;1;0
NIRCAN;6;29.6.1970;0;6
MAROGE;1;6.7.1955;1;0
AYDEREN;4;27.7.1949;0;4
MUJGEM;2;20.4.1959;0;2
NIVEREN;2;8.6.1964;2;0
FAHRUDIN;2;20.7.1960;2;0
BESNUR;3;19.4.1968;0;3
BERSE;2;13.7.1963;0;2
ANDRAS;1;5.1.1991;1;0
MERHUNISA;1;10.6.1965;0;1
LEYNA;2;5.3.1986;0;2
ZERNISHAN;1;1.6.1988;0;1
BILTE;1;22.6.1963;0;1
MASA;2;30.2.1936;0;2
AYCENUR;1;2.3.1986;0;1
ROSA;15;18.8.1968;0;15
TURKENAZ;2;8.3.1967;0;2
TAMILANI;1;4.9.1969;0;1
ARSAVIR;9;25.1.1949;9;0
IMASTUN;5;4.10.1939;0;5
VARUCAN;6;7.6.1963;6;0
ARIVALUS;1;10.3.1930;0;1
KUTULAY;4;20.9.1968;4;0
HAYGANOS;6;14.4.1950;0;6
ISGOLI;1;16.11.1960;0;1
ZULEYET;1;9.4.1971;0;1
KARANFILKA;1;27.11.1937;0;1
FAYKE;2;25.4.1957;0;2
DONIK;5;9.3.1945;5;0
LUSYE;8;9.1.1940;0;8
HIRAS;1;12.9.1953;1;0
GASPAR;1;8.2.1946;1;0
ERIVALUS;1;21.3.1946;0;1
OGAPER;1;24.4.1965;0;1
HINKAPER;1;12.6.1964;0;1
TURVANDA;5;11.3.1941;0;5
MAYAM;2;16.5.1942;0;2
SILFAH;1;17.2.1967;0;1
BARKAMYAN;1;17.6.1948;1;0
AHILEA;3;30.11.1961;3;0
VARTEVAR;2;15.6.1968;2;0
MANISAK;2;28.1.1947;0;2
SIRARPEN;1;21.9.1948;0;1
EUGENIYA;1;25.4.1976;0;1
SIREGAN;2;19.3.1964;2;0
HREPSIME;1;23.4.1959;0;1
HURUPSIME;1;23.7.1948;0;1
USKUI;1;8.11.1945;0;1
ARIYETA;1;21.1.1977;0;1
AKSEBET;3;25.9.1956;0;3
BINLER;8;23.2.1967;5;3
ARMAR;1;10.3.1974;1;0
ZABI;2;25.9.1941;0;2
DIVINYA;6;19.3.1981;0;6
OSKIK;4;27.2.1937;0;4
ANJELIN;1;9.10.1965;0;1
VARUK;2;8.6.1937;0;2
YERANUYI;3;11.11.1957;0;3
NISIP;2;22.11.1976;1;1
SEVERGOZ;1;17.2.1966;1;0
HEGNA;6;27.3.1941;0;6
PAKRAT;2;5.7.1952;2;0
TESVIKE;1;22.8.1943;0;1
LADOMIR;1;16.11.1928;1;0
NARTUHI;6;18.5.1946;0;6
EYRUZ;1;16.2.1946;0;1
SUKIYAS;2;23.12.1951;2;0
AFIFI;3;24.2.1941;0;3
FULIK;1;23.5.1951;0;1
LIDO;1;27.2.1950;0;1
YUSUFAGZEM;1;9.6.1978;1;0
HARILASU;1;12.8.1935;1;0
KALUS;4;26.11.1954;4;0
PAYLUN;4;23.11.1490;0;4
SERANUZ;1;23.12.1961;0;1
VETURAN;1;4.2.1946;0;1
HAYKO;15;4.2.1974;15;0
HORUM;3;9.12.1933;0;3
MARKIRIT;30;24.12.1946;0;30
FEVAN;1;4.4.1939;0;1
PALAS;1;21.4.1933;0;1
ONNOCAN;1;29.12.1991;1;0
KARALUN;1;6.8.1985;0;1
DURIYI;1;5.4.1967;0;1
PIRAPYON;2;6.9.1951;0;2
ARISIYAK;1;14.3.1964;0;1
HAGOPCAN;1;22.5.1961;1;0
YEPRAKSE;1;26.2.1925;0;1
AZADUYI;3;27.2.1949;0;3
LUTFIK;12;26.3.1951;12;0
SANTU;1;27.8.1926;0;1
SIRAP;9;22.4.1967;2;7
NAKRO;1;12.7.1959;0;1
ISLAVKA;2;15.12.1931;0;2
ZARIYU;1;13.4.1960;0;1
HAYKANOS;4;19.8.1939;0;4
HASROF;2;30.9.1954;2;0
HAYKIN;1;26.11.1936;0;1
NISIRHAN;1;26.10.1929;0;1
SARINA;4;25.9.1951;0;4
ZAIK;4;13.2.1945;0;4
HOVANNES;5;2.7.1971;5;0
KARBIZ;4;28.2.1956;4;0
HACATOR;2;3.5.1936;2;0
SIMRUY;1;17.1.1992;0;1
ZAKLIN;1;17.2.1973;0;1
BARKEV;7;28.2.1966;7;0
VICEN;3;18.12.1950;3;0
JAKLEN;14;9.12.1955;0;14
NABZE;1;18.8.1982;0;1
ALEKRAN;1;8.8.1973;1;0
RIZACAN;4;12.1.1987;4;0
SHAHBAZ;1;19.4.1958;0;1
PARSIH;9;2.2.1938;9;0
NAYER;1;2.8.1963;0;1
FUGEM;1;13.4.1959;0;1
KADERHAN;2;9.3.1974;1;1
MAKRI;14;17.2.1953;0;14
VARUJEN;1;12.12.1967;1;0
ARIKSI;1;6.6.1950;0;1
MARYENI;6;9.6.1944;0;6
MANUFER;2;30.1.1939;2;0
LOSIN;1;23.9.1941;0;1
ARGIRUKA;1;28.8.1951;0;1
NADYAELIZ;1;4.7.1953;0;1
NOMZAR;1;22.1.1943;0;1
ANGILIKI;1;7.8.1934;0;1
HARTUN;7;9.6.1947;7;0
BANNU;1;22.11.1971;0;1
PERCUI;1;24.7.1991;0;1
VERJINE;1;7.8.1958;0;1
NAROT;9;8.1.1988;0;9
SAHRAT;1;6.3.1938;1;0
ASKEN;3;24.7.1935;1;2
REVECA;1;17.8.1942;0;1
JIFKA;3;23.8.1948;0;3
ELMON;14;22.8.1961;0;14
HUDICAN;1;2.2.1945;0;1
VARTANOS;6;29.12.1938;0;6
EBRUK;5;25.1.1939;0;5
ZAHUR;1;27.2.1956;0;1
HIGNA;2;4.3.1931;0;2
HAVNAN;2;29.9.1948;2;0
YEGYA;4;13.4.1958;4;0
NIVEYRIK;1;1.6.1937;0;1
ARDAMIS;3;9.9.1937;0;3
KEVARK;2;16.10.1953;2;0
RUZE;17;1.6.1808;0;17
TURUVANDA;1;12.8.1953;0;1
DIAMANTO;1;4.10.1934;0;1
MARGOS;4;18.11.1956;4;0
NUSIK;1;13.4.1935;0;1
VERDINAT;2;10.12.1948;2;0
PARSIK;6;28.3.1958;6;0
URUPEN;6;28.1.1958;6;0
SANDIRA;2;21.5.1968;0;2
SENBAHADIR;1;3.6.1962;1;0
ASFER;4;30.9.1958;1;3
FERDINANT;2;11.6.1953;2;0
BENKAN;1;22.4.1943;0;1
HOMAY;1;12.8.1941;0;1
BUCAK;3;23.1.1960;3;0
AHMETTAHA;1;12.4.1923;1;0
ESRER;1;7.8.1940;0;1
ZUHELA;1;17.8.1930;0;1
TEKVAR;1;9.7.1952;1;0
MUZAYIM;4;14.3.1959;3;1
YIFET;1;26.4.1961;0;1
HOROM;1;21.12.1963;0;1
IBSABET;1;1.4.1953;0;1
ILER;2;20.2.1954;0;2
NERZIHAN;3;1.3.1962;0;3
SUVIYLA;3;1.12.1948;0;3
SAYAZ;1;29.2.1979;0;1
BIDROS;2;19.4.1966;2;0
ZEPHUR;1;28.6.1957;0;1
AUDREY;6;16.8.1981;0;6
JINA;4;19.8.1972;0;4
YELENDA;1;30.8.1991;0;1
MANAN;5;30.2.1938;2;3
OZBE;1;1.10.1989;0;1
TANDAC;1;29.7.1990;1;0
BAHHUN;1;12.2.1977;1;0
SEHZAHIR;1;6.11.1961;0;1
CEBIHAN;3;16.11.1959;0;3
NURBAG;1;28.1.1979;0;1
KIZDARHAN;1;8.11.1962;0;1
RITTA;3;4.8.1954;0;3
DEMETSUN;1;28.8.1958;0;1
NAUM;3;20.11.1947;2;1
CLAUDINE;2;11.8.1964;0;2
MUZZEHHER;1;10.9.1963;0;1
SEVGUSUN;2;27.4.1959;0;2
NIYADIYE;2;26.1.1962;0;2
ERGINAN;2;26.4.1969;2;0
GULEYUP;1;1.6.1961;1;0
BARIAT;1;12.9.1967;0;1
ALEYHA;3;12.1.1972;0;3
ENGINHAN;4;29.2.1980;3;1
MUSTEYDA;1;6.12.1955;0;1
GULSEVIC;1;6.5.1961;0;1
ISIKVER;1;21.8.1938;0;1
MUHIRAN;1;12.8.1947;0;1
NOURSEL;2;27.4.1959;0;2
PERISER;7;7.11.1954;0;7
ZAHIK;2;25.5.1959;0;2
TEFARIKA;2;30.4.1938;0;2
TILYAR;1;2.9.1970;0;1
MIKIR;4;22.1.1943;4;0
HALAH;1;24.4.1966;0;1
ARSELAS;1;20.10.1935;0;1
NUREYRA;1;13.12.1971;0;1
KESMA;1;6.3.1936;0;1
NECRIN;3;21.3.1952;0;3
KEROP;3;30.3.1949;3;0
RUMEL;1;6.4.1944;0;1
TEVGUZAR;1;29.11.1952;0;1
ARMAVENI;6;3.5.1955;0;6
VELDET;3;10.2.1969;2;1
SAHISEL;1;22.2.1961;0;1
ESABET;9;17.12.1954;4;5
ASSIM;1;25.10.1982;1;0
ARMUNI;1;29.4.1932;0;1
RABIT;9;21.6.1948;9;0
MERIMA;2;26.11.1952;0;2
PILANT;2;21.9.1945;1;1
URIPIK;1;22.2.1949;0;1
TAYBERK;1;24.9.1982;1;0
ATER;7;4.9.1958;0;7
SALTURHAN;1;1.8.1969;1;0
OZGOK;1;6.5.1940;1;0
MECMI;1;20.3.1948;1;0
SLUSHASH;1;23.10.1973;0;1
YOEL;5;28.3.1982;5;0
SERVETGULEN;1;30.12.1958;0;1
ZORMAN;1;13.10.1975;1;0
REJYAN;1;16.6.1979;0;1
AVDIS;2;2.12.1971;2;0
MELPOMEYNI;1;7.8.1928;0;1
ATACUMHUR;1;25.11.1968;1;0
VANGELIYA;4;16.4.1935;0;4
NUHEN;2;12.2.1968;1;1
ARIBAL;1;3.10.1952;1;0
ROZITTA;1;13.12.1956;0;1
VERJIYU;1;27.8.1932;0;1
IMASDUKI;1;26.4.1935;0;1
NEVMIS;1;5.4.1931;0;1
NARDANI;2;18.10.1945;0;2
ULUBAY;2;1.4.1970;2;0
NEVCETI;1;8.4.1934;0;1
NEIZE;1;6.3.1962;0;1
SAKLEN;1;29.2.1950;0;1
MENHEL;3;25.6.1971;0;3
SEYYEL;1;17.2.1948;0;1
JANETTA;1;20.12.1966;0;1
CHIZURU;1;21.7.1946;0;1
SEZINC;1;7.7.1982;0;1
JINAN;2;22.1.1981;0;2
JULBEN;1;13.12.1984;0;1
KURDAL;1;14.5.1975;1;0
GUNSEVEN;3;19.2.1960;0;3
HANAS;2;6.7.1970;1;1
HAMAYUN;2;24.3.1958;0;2
ZUMA;1;7.8.1928;0;1
COZFIN;1;5.8.1962;0;1
RUHDEN;1;3.6.1939;0;1
USKUFI;1;6.5.1961;0;1
SINANETTIN;3;14.6.1979;3;0
DIKRANOHI;2;9.6.1932;0;2
TUZAT;1;1.3.1954;1;0
SERVVET;1;30.12.1958;0;1
DOYISER;1;9.6.1939;0;1
METAYIN;1;12.12.1965;0;1
ZAGIK;10;16.7.1950;0;10
LEMANE;2;22.2.1958;0;2
UGURDOGAN;1;25.5.1959;1;0
NEYAL;3;4.2.1961;0;3
MARYANI;15;25.9.1941;0;15
GUNNIL;1;6.3.1975;0;1
GULDUKEN;1;6.12.1944;0;1
MIRSI;1;17.8.1948;0;1
A.TAMER;1;13.11.1947;1;0
GRETEL;2;3.8.1960;0;2
DOMNIKA;1;22.2.1967;0;1
BISMARK;1;22.7.1967;1;0
SAHINBANI;2;5.3.1940;0;2
SENEKERIM;1;17.8.1972;1;0
ARMU;1;2.2.1969;1;0
HAYANUS;2;25.11.1977;0;2
GULFISUN;1;14.5.1973;0;1
HATZER;1;22.8.1931;0;1
HAMLE;4;5.8.1972;1;3
BILYAP;1;30.1.1948;1;0
ULUSTAN;1;11.1.1971;1;0
KUTFADIN;1;20.7.1966;1;0
VIRDINAZ;4;18.5.1934;0;4
BORATAV;1;6.5.1939;1;0
RAFIHA;6;1.5.1964;0;6
VALATIN;1;13.8.1929;0;1
BAYZO;2;17.5.1942;0;2
H.MELTEM;1;12.8.1968;0;1
ASENET;1;12.3.1935;0;1
NORHAYIR;3;7.3.1960;3;0
MUKAZZEZ;1;11.11.1939;0;1
NEDRIT;1;9.11.1934;0;1
GULITE;1;28.8.1939;0;1
UBRIYE;2;18.7.1969;0;2
ADILEI;1;7.8.1928;0;1
MILVINA;1;18.6.1968;0;1
BERRUNE;1;26.5.1970;0;1
BETROS;3;8.3.1946;3;0
SENNEZ;3;22.2.1968;0;3
MUSTAFAILKER;1;16.8.1976;1;0
NIJAD;5;14.8.1961;5;0
YILVAN;2;14.4.1972;1;1
VERTUYU;1;21.7.1965;0;1
HUDAET;1;15.3.1929;0;1
MUFAVIDDIN;1;15.7.1956;1;0
REFAGAT;2;22.7.1951;0;2
NINORTA;1;26.9.1977;0;1
HASBIKAR;1;7.12.1964;0;1
PENIYAMIN;3;27.10.1951;3;0
LODER;1;27.10.1920;1;0
SUTAYCAN;1;17.1.1990;1;0
SINHARIB;1;20.9.1981;1;0
BEKDA;1;7.2.1952;1;0
NEZIHCAN;2;21.1.1988;2;0
VERCINYA;1;9.7.1988;0;1
OGDA;1;22.12.1946;0;1
PANOS;5;14.4.1953;5;0
AKOP;14;19.12.1943;14;0
SERIFET;3;24.12.1957;0;3
KAMUBIN;1;18.9.1950;1;0
DAVOUD;1;26.3.1951;1;0
JEYYAN;1;19.9.1958;0;1
CIRISTINA;2;28.1.1975;0;2
MUHAMMEDDIN;5;13.4.1972;5;0
JOLYET;1;14.4.1950;0;1
FARZANEH;4;17.9.1967;0;4
SAHBIGE;1;22.4.1946;0;1
MENSIYA;5;12.6.1968;0;5
MEVSULE;1;9.3.1982;0;1
ABDULSELA;2;9.2.1964;2;0
UVEYSRA;1;23.10.1973;0;1
VECIYA;2;27.3.1962;0;2
AHMETHASAN;1;1.3.1960;1;0
PIRAYESU;1;2.6.1990;0;1
MOZHDEH;1;18.12.1982;0;1
BERJAN;5;15.11.1959;1;4
SAVIL;2;23.8.1978;1;1
MUNEZZIYE;3;10.2.1972;0;3
GOKCUL;2;2.3.1949;0;2
LUMINE;1;17.2.1966;0;1
JEORJETA;1;21.9.1971;0;1
VEYANUS;1;18.6.1951;0;1
SEGBAL;2;1.11.1957;0;2
MENUSAK;1;11.10.1941;0;1
MUZEZ;3;26.10.1953;0;3
JEYRAN;3;5.10.1969;0;3
OTSU;1;22.3.1955;1;0
ACELE;2;7.3.1945;0;2
TANGUD;1;5.5.1955;1;0
SEHBAT;3;29.10.1969;0;3
TOHAC;1;12.3.1985;1;0
HAGUS;2;4.10.1959;0;2
IKLIMYA;3;16.11.1972;0;3
SERUHUN;1;29.12.1973;1;0
MENEHSE;3;23.11.1968;0;3
GULCELIK;1;22.2.1967;0;1
BEGOS;1;19.3.1978;1;0
ILVANIYE;11;22.6.1959;0;11
FIGDEL;1;17.9.1974;0;1
CIVAZIYE;1;21.6.1963;0;1
FETINAZ;23;21.11.1959;0;23
NURUBAN;3;4.11.1976;0;3
HOSNUYE;2;5.3.1966;0;2
ALIDIE;1;4.8.1973;0;1
EMIRNUR;1;21.4.1944;0;1
SINHEZAR;2;21.9.1957;0;2
JELENA;3;16.11.1963;0;3
FADULLAH;12;16.5.1965;12;0
RECIBIYE;5;11.6.1961;0;5
KAJAL;1;23.6.1965;0;1
BERCISIM;1;26.2.1970;0;1
UGURTEN;3;16.12.1945;0;3
DERRIN;3;28.7.1970;0;3
GULMUYE;1;20.4.1972;0;1
HURMUZEL;1;8.12.1968;0;1
VASFIDIN;3;6.10.1966;3;0
BAKILE;2;21.11.1955;0;2
AKIFER;2;17.6.1969;1;1
LAHEM;1;30.6.1969;0;1
YILDAGUL;6;12.3.1977;0;6
SURCU;1;2.7.1942;1;0
ANANIK;1;7.3.1952;0;1
KAZIROS;1;8.6.1962;1;0
NIHABIT;7;26.10.1663;7;0
YEPRAT;2;21.9.1933;2;0
KIRIPSIMA;1;17.5.1960;0;1
HAYKAZ;4;18.2.1944;4;0
ARAKSIYA;2;24.11.1930;0;2
SESILYA;4;6.8.1981;0;4
PEKRUHI;3;1.1.1945;0;3
TIRTAT;2;5.4.1948;2;0
SIRANOS;3;13.6.1943;0;3
PIRSAPI;1;14.12.1929;0;1
LUCILA;2;20.11.1966;0;2
SIRAPIK;1;25.4.1935;0;1
FILYAN;2;18.11.1949;0;2
KETULA;2;8.9.1955;0;2
ILSA;1;9.10.1959;0;1
BALIK;2;15.8.1953;2;0
NISANUI;1;13.3.1961;0;1
SEROPE;7;22.1.1953;7;0
GULUMIYE;1;2.2.1957;0;1
AVAK;9;14.5.1950;9;0
ASTGIK;5;9.8.1960;0;5
DARKON;1;12.10.1977;1;0
KEBO;1;26.1.1951;1;0
JELINDA;2;5.8.1976;0;2
ARMINEK;1;7.2.1946;1;0
MANNIKA;1;30.3.1926;0;1
ASDADUR;2;3.4.1951;2;0
LYUDA;1;28.2.1964;0;1
ISTELLO;2;25.5.1968;2;0
MUKERE;1;1.1.1957;0;1
ZARUI;1;24.6.1955;0;1
SERAPI;3;22.4.1972;0;3
NIDRET;2;7.11.1943;0;2
YENOVA;1;1.3.1959;0;1
YULITE;1;1.1.1;0;1
MERCIN;9;14.8.1974;4;5
SETIRAK;1;12.2.1977;1;0
KAZARUS;1;5.3.1930;1;0
VELVER;1;2.2.1951;0;1
SAVARS;7;29.3.1950;7;0
PARASKEVICA;1;13.6.1950;0;1
JRAY;1;13.11.1964;1;0
PIGI;1;24.9.1930;0;1
NURTANIK;1;21.10.1958;0;1
MANAYIL;2;17.4.1952;2;0
SUVAM;1;22.5.1967;0;1
EGOPIK;1;9.6.1977;1;0
REJJAN;1;26.8.1967;0;1
PURYANI;5;21.10.1964;2;3
ARSAGUL;5;5.5.1950;0;5
ADONIS;1;18.2.1980;0;1
LUSIZART;1;7.8.1922;0;1
HEYNA;1;1.6.1982;0;1
IZMARO;6;23.6.1963;0;6
MUEZZA;1;28.7.1952;0;1
MISROP;1;7.8.1952;1;0
NIKRIZ;1;10.4.1974;0;1
NISRO;1;1.11.1930;0;1
EPRAKSI;1;24.9.1964;0;1
EFTIM;4;28.10.1957;4;0
SATANI;1;6.6.1949;0;1
OSGIYAN;1;30.6.1943;1;0
LUVIZ;1;1.3.1941;0;1
ZENOK;3;8.3.1937;3;0
LEVANTIK;1;15.4.1929;0;1
ANTARA;1;16.7.1931;0;1
LURIN;1;11.7.1950;0;1
IGSA;3;10.1.1964;2;1
VERKIN;23;26.2.1947;0;23
SANTIK;1;11.4.1951;0;1
OVANES;2;10.10.1962;2;0
HINAZANT;11;30.11.1954;0;11
SOGIK;2;2.1.1939;0;2
ASADUY;1;16.1.1938;0;1
HAGAP;1;17.5.1954;1;0
OSKEPER;1;21.4.1927;0;1
MALKAS;1;12.11.1969;1;0
MANAK;1;24.3.1948;1;0
HINAZAT;2;16.3.1929;0;2
ZARMAN;5;4.8.1960;0;5
SOVA;1;11.4.1951;0;1
NIGOZ;1;22.11.1947;1;0
NAHABIT;1;19.2.1942;1;0
YEFKINA;1;7.9.1928;0;1
AYRUZ;1;15.12.1959;0;1
PINAMIN;1;11.4.1928;1;0
GHEORGHE;1;10.3.1989;1;0
AKSEPET;2;30.6.1950;0;2
AYSALUS;1;7.8.1928;0;1
FATIMAANA;7;20.8.1957;0;7
YAPRAKSI;8;1.7.1941;0;8
TAKUK;1;26.1.1947;0;1
HAYGARAN;1;29.2.1957;1;0
ARAMAN;1;13.7.1956;1;0
MANUYEL;3;1.4.1952;3;0
HEBRON;1;5.9.1977;1;0
ANTIKO;1;26.11.1933;0;1
MARDANE;2;13.12.1939;0;2
MARUCE;1;2.4.1915;0;1
VERCUN;1;7.12.1947;0;1
HAYGASUT;1;6.6.1936;1;0
EHSA;4;24.4.1952;0;4
MARNOS;3;14.7.1944;0;3
HURUMSIMA;2;8.9.1941;0;2
YOGI;1;23.8.1940;1;0
MIHALI;2;12.9.1962;2;0
JERAR;3;17.5.1946;3;0
AYLIK;1;7.7.1975;0;1
PASKAL;4;9.10.1964;4;0
HAMPIK;1;29.8.1936;1;0
AGAVNIYE;1;12.8.1917;0;1
YERCEN;2;26.4.1948;0;2
SIMAVON;1;23.12.1967;1;0
KAZAR;3;28.3.1933;3;0
GU;3;12.12.1973;0;3
ADRINA;3;14.7.1947;0;3
FEKTORIA;1;7.11.1984;0;1
MAYRINI;3;10.3.1948;0;3
LUSEMI;1;11.12.1949;0;1
RAKAYE;1;12.1.1961;0;1
POLYANA;7;17.3.1984;0;7
TATIYOS;2;22.11.1963;2;0
SINORK;8;2.12.1949;6;2
MUFIDET;3;25.9.1944;0;3
LUSAZIN;1;24.4.1965;0;1
BIYATRIS;1;17.8.1924;0;1
ARTAKI;7;9.11.1948;7;0
LIBIYAN;1;7.8.1965;0;1
KARMI;1;17.5.1978;1;0
VIYOLANDA;1;17.1.1977;0;1
MANIYEL;3;25.8.1954;3;0
HUMANYAK;1;23.11.1972;1;0
YEGIYA;3;18.4.1973;3;0
SANDUK;2;30.10.1935;0;2
OGULBAGT;1;8.12.1979;0;1
ANTARAN;2;12.8.1951;0;2
ANCIL;3;8.8.1936;0;3
VRAM;3;23.1.1968;3;0
ARUSAG;1;1.1.1;0;1
VARKIZ;1;17.6.1954;1;0
ANILDA;3;8.9.1984;0;3
YAPREKSE;1;27.2.1958;0;1
VAKANUS;1;22.8.1925;0;1
MORSES;2;4.2.1958;2;0
DIKRANUKI;1;16.1.1952;0;1
DROSI;1;16.9.1930;0;1
VARTAYIN;1;12.8.1941;0;1
JANYA;1;30.9.1964;1;0
ENNO;6;14.11.1949;0;6
JULET;3;18.7.1969;0;3
EKSABET;5;11.3.1946;0;5
POLLYANA;1;16.4.1977;0;1
LUYIZA;1;29.10.1968;0;1
SEYROP;1;28.3.1962;1;0
HOROMSIMA;2;23.3.1957;0;2
YESAYI;1;2.2.1963;1;0
REZIHAN;7;30.9.1962;0;7
VARTENI;7;22.12.1947;0;7
SETE;2;14.9.1972;0;2
RODIKA;1;17.2.1974;0;1
SIRAKAN;3;12.7.1941;3;0
JENYA;6;25.3.1975;1;5
SULTANIK;5;4.12.1934;0;5
ANEYIT;1;11.3.1957;0;1
HEYLANI;2;15.2.1954;0;2
ARUSAK;1;21.7.1935;0;1
ESAYIL;1;6.7.1937;1;0
ALFFIRET;1;8.3.1980;1;0
HAYREBET;5;22.5.1948;5;0
YESAI;2;21.1.1957;2;0
SERPUH;1;6.3.1947;0;1
ANNISA;5;21.11.1937;0;5
SIBILLA;1;26.11.1980;0;1
ARPINAY;1;28.4.1955;0;1
KEGUYI;1;3.4.1969;0;1
ENOK;2;20.10.1951;2;0
NAYIRI;5;12.11.1976;0;5
SANDIK;3;3.5.1949;0;3
GULTUBA;5;7.4.1980;0;5
SOPIK;1;8.2.1949;0;1
KETSIYA;1;10.11.1973;0;1
GULUMYA;5;18.4.1941;0;5
IMASTAN;1;17.4.1924;0;1
SUMELA;1;30.4.1946;0;1
SIERMIN;1;30.10.1962;0;1
NORDA;2;27.8.1988;0;2
PARIZADA;1;21.12.1969;0;1
SEMVEL;1;10.11.1964;1;0
MINAYA;7;29.9.1970;0;7
PENOK;1;23.3.1988;1;0
LUSIM;1;27.2.1956;0;1
HAYGAZA;1;1.1.1931;1;0
LETISYA;9;14.7.1989;0;9
TAR;1;12.8.1971;1;0
FIRANSIYI;1;20.6.1961;0;1
ARAZAT;1;16.1.1957;1;0
AREKSI;2;4.12.1949;0;2
MIHITAR;3;2.1.1936;3;0
LORETA;1;11.6.1957;0;1
PAYLINE;4;23.1.1962;0;4
AGUINIK;1;21.1.1949;0;1
HOROPSIMEN;1;2.10.1951;0;1
EDNEN;1;17.3.1936;0;1
MAKAR;1;2.8.1927;1;0
HORIMSIMA;3;10.5.1950;0;3
NOYAMI;1;28.9.1929;0;1
SIRIYI;1;8.6.1944;0;1
SIMYON;4;22.8.1941;4;0
LUCIYANA;1;5.9.1980;0;1
MARMINE;4;26.4.1951;0;4
HAVERJ;2;18.2.1981;0;2
HANIKA;2;4.10.1962;0;2
UMITTAYLAN;1;19.7.1958;1;0
BERINUR;1;29.4.1971;0;1
YEGIN;4;20.3.1971;1;3
GORGANA;1;7.6.1963;0;1
TUFANOZ;1;3.10.1974;1;0
TERVIYE;5;24.6.1959;0;5
MUFESNA;1;2.4.1975;0;1
ARSA;2;16.1.1986;1;1
MERVENAZ;11;9.8.1990;0;11
HIDRIYE;1;16.9.1962;0;1
SELABET;1;8.12.1983;0;1
IMME;2;18.12.1946;0;2
MAYRENI;5;2.9.1955;0;5
PIRABYAN;1;12.2.1929;0;1
KHADIDJEH;1;12.8.1947;0;1
MAHASA;1;15.1.1977;0;1
PAUZIA;1;17.8.1972;0;1
DAOUIA;1;11.2.1956;0;1
NUZIGAR;3;2.4.1954;0;3
AYSIS;2;14.5.1979;1;1
SABAEDIN;1;12.8.1953;1;0
MERACEDDIN;1;27.8.1962;1;0
MEHMETNADIR;1;24.9.1962;1;0
DORUHAN;2;16.9.1980;2;0
ERNUS;4;18.7.1950;3;1
NISIDE;4;27.1.1956;0;4
MEKARIN;1;12.2.1947;0;1
VASILIKA;1;2.7.1956;0;1
GUIAUNAI;1;19.3.1977;0;1
HOKUMDAR;3;12.11.1969;3;0
MATYAS;1;15.9.1988;1;0
TACMIN;2;4.11.1977;0;2
KAYSERBANI;1;8.11.1969;0;1
KARL;5;19.11.1972;4;1
IKRE;1;22.7.1990;1;0
ERUNC;1;29.7.1960;0;1
MAHCIHAN;1;30.2.1940;0;1
NURSERIF;1;16.5.1964;0;1
FATIMETIZZEHRA;1;4.8.1966;0;1
AYSEZ;4;15.12.1971;0;4
TANSIN;5;5.9.1979;4;1
GULSAHIP;2;23.5.1959;0;2
GUZIT;3;28.3.1965;0;3
INCITMEZ;1;5.6.1952;0;1
NAJIYEH;1;6.2.1981;0;1
SEZARIN;2;7.8.1928;0;2
TACLI;3;13.5.1957;0;3
TEBERTIK;1;18.7.1980;0;1
ZERRESTE;1;7.4.1934;0;1
YUCESIN;1;28.8.1985;1;0
UMMUSERIFE;13;11.5.1939;0;13
ALIREIS;1;22.7.1979;1;0
ZILKA;2;28.9.1953;0;2
SHAHNAZ;5;22.6.1964;0;5
DILAIREMU;1;1.11.1959;0;1
GULIGIMAN;1;2.9.1972;0;1
FIRUZHAN;6;19.11.1982;1;5
YUZYIL;2;27.2.1968;1;1
DURYASAR;15;1.12.1959;11;4
RUSANE;3;14.12.1940;0;3
SEKORE;7;10.10.1962;0;7
SAHIVER;11;21.11.1951;1;10
ANETTE;3;10.3.1972;0;3
ISRAA;1;18.2.1983;0;1
FERNANDA;1;28.7.1975;0;1
ANZEL;6;19.4.1987;0;6
HEBA;2;6.7.1967;0;2
SOHRAB;2;25.2.1980;2;0
RANIHA;2;11.4.1946;0;2
CHASTINA;1;13.7.1982;0;1
SEHMUSLIM;1;22.2.1931;1;0
FARNOUSH;1;22.8.1967;0;1
TULAYAN;1;11.6.1974;0;1
FERZIDE;1;2.8.1957;0;1
KIRIS;3;7.3.1960;2;1
BATSEVA;2;10.10.1943;0;2
TUTBIYE;1;28.4.1926;0;1
ZAKARYA;4;8.11.1946;4;0
ENVARIYE;3;8.4.1960;0;3
FITRI;3;12.6.1933;3;0
PARUHI;2;7.10.1936;0;2
ARDAVAST;4;16.4.1943;4;0
HAYGAZ;10;28.5.1947;10;0
DONABET;1;13.3.1929;1;0
ARSAGUI;1;12.12.1962;0;1
MALKAZ;1;11.4.1938;1;0
RAYMONDE;2;9.1.1940;0;2
GARAC;1;12.2.1941;1;0
HRISANTI;5;3.9.1954;0;5
BUJIDAR;1;21.3.1954;1;0
ILIANA;2;12.1.1971;0;2
MAKUR;1;5.5.1927;0;1
KEHUYI;2;23.5.1946;0;2
SEREGAN;1;16.2.1949;1;0
OLYA;5;30.6.1968;0;5
ARSALIUS;1;2.8.1921;0;1
MISEK;2;27.2.1953;2;0
ILMON;2;26.2.1943;0;2
HEYDI;1;5.4.1985;0;1
LUYIZE;1;4.8.1951;0;1
BERCUYE;1;15.1.1963;0;1
HAIGHANOUSH;1;22.8.1931;0;1
KSANTIPI;1;7.6.1940;0;1
PEPRAN;1;16.10.1951;0;1
VAYLK;1;28.11.1954;0;1
MUDEVVET;8;1.9.1946;0;8
AKNES;1;6.2.1960;0;1
KALIROGI;1;12.8.1923;0;1
TIRON;1;7.6.1965;1;0
PARAN;1;12.8.1917;0;1
ARSAM;4;9.6.1950;4;0
KANTZ;1;10.9.1952;1;0
APISEOM;1;5.10.1955;1;0
ILIZAR;3;17.1.1936;1;2
SOTIR;4;3.4.1949;4;0
KOZET;7;20.12.1969;0;7
BENKU;1;1.12.1936;0;1
NAREK;3;7.12.1987;2;1
BOJIDAR;1;12.1.1949;1;0
JIBIT;13;6.1.1982;0;13
ARNI;14;23.10.1958;0;14
MENDEK;1;17.2.1950;0;1
VIOLETKA;3;3.4.1959;0;3
BUSRUYE;1;6.12.1948;0;1
NIKOLAY;4;10.10.1985;4;0
MADNINI;1;18.3.1941;0;1
PEKTURE;1;27.7.1956;0;1
BEKTOR;1;4.5.1938;1;0
CAHIDENUR;1;15.6.1953;0;1
AZADULTI;1;16.5.1968;0;1
ARZURUNI;1;24.7.1985;1;0
ASTUR;1;6.8.1985;1;0
VERCIM;1;5.2.1948;0;1
KEGOHI;1;26.11.1954;0;1
SOUNIA;1;5.5.1973;0;1
ARSUYEK;1;13.5.1961;0;1
TONIL;1;7.6.1958;1;0
MAYREN;1;9.12.1973;0;1
SAYNIK;5;5.1.1967;0;5
MILANIYE;1;22.8.1925;0;1
ARAK;2;17.6.1970;1;1
PEHRIZ;2;20.4.1968;0;2
JULBER;1;11.7.1959;0;1
LIVYA;2;28.5.1983;0;2
APOSTOL;6;14.8.1949;6;0
LEANDROS;1;21.9.1979;1;0
ANTONIO;11;8.3.1970;11;0
MANYEL;2;26.12.1958;2;0
VERDANI;2;10.6.1937;1;1
LUDMILLA;5;18.8.1962;0;5
KORNILYA;2;12.8.1917;0;2
JINEV;6;26.1.1946;0;6
HERMAS;2;8.2.1930;0;2
ARMUN;1;23.6.1937;0;1
LARNA;1;16.10.1978;0;1
USKUYA;1;22.6.1955;0;1
SOUREN;1;10.6.1965;1;0
KENEVEPEN;1;27.8.1938;0;1
ACAROGLU;1;15.8.1969;1;0
BAKRAT;1;21.3.1935;1;0
ELIZEBETH;1;16.2.1962;0;1
USKUVI;1;21.12.1969;0;1
SERCO;3;2.1.1972;3;0
HARUDYUN;1;8.3.1954;1;0
ANTIKU;1;27.3.1963;0;1
POLOS;1;6.3.1961;1;0
SELONYA;1;27.1.1926;0;1
ARDESIT;1;11.6.1934;1;0
TARES;1;15.7.1965;1;0
OSMANMELIK;1;18.3.1983;1;0
ZOYI;2;30.6.1936;0;2
HICRIS;1;12.8.1935;1;0
ARSUYAK;1;5.3.1950;0;1
TURKKAL;1;22.2.1943;1;0
KADRIM;1;1.3.1974;0;1
GISTO;1;6.9.1975;1;0
ARSAGUYI;1;24.3.1959;0;1
HERANT;2;10.2.1943;2;0
KASBAR;3;27.1.1941;3;0
KIVERI;1;22.10.1935;0;1
HARALANBAS;1;11.5.1929;1;0
SILVANUR;1;24.2.1955;0;1
ABBUD;4;4.12.1951;4;0
PIRAE;1;3.5.1937;0;1
ISHABET;1;13.3.1953;0;1
NAVASART;1;1.1.1;0;1
NIGAGOS;2;11.9.1950;2;0
ELSY;1;12.8.1947;0;1
DIRPUHI;1;5.11.1934;0;1
IRANOS;1;12.1.1923;1;0
DERMINA;1;18.9.1918;0;1
JANGARBIS;1;1.5.1930;1;0
REYMOND;1;30.8.1939;1;0
GLADIS;1;27.9.1968;0;1
LE;1;4.6.1945;0;1
DURCIN;1;24.6.1970;0;1
LAURENCE;4;13.5.1966;1;3
OLINKA;3;5.11.1974;0;3
MAKRIHU;1;18.3.1942;0;1
ALBIRE;1;21.4.1938;0;1
SEVINDE;1;10.5.1984;0;1
FRASO;1;7.8.1940;0;1
HUMEYME;1;25.11.1946;0;1
EPREM;3;21.11.1942;3;0
KRISTOFFER;1;17.10.1984;1;0
YEBRAKSI;1;16.11.1951;0;1
MUSAK;1;17.8.1942;1;0
MELIKON;4;1.2.1948;4;0
AGRON;2;10.2.1964;2;0
ARDASIS;1;13.2.1965;1;0
USKUHI;6;26.11.1943;0;6
GAYDAR;1;2.10.1988;1;0
DILEY;5;7.12.1979;0;5
ARTEMISIYA;2;9.10.1949;0;2
OGAPIR;1;1.4.1919;0;1
RUBY;1;12.11.1991;1;0
ELIZABIL;1;21.3.1952;0;1
VINDAN;5;4.5.1970;0;5
YILBER;2;6.4.1977;2;0
AMMANUYEL;1;22.1.1949;1;0
ARUSYA;3;10.11.1953;0;3
MARUOS;1;22.4.1937;0;1
ULKESAR;1;23.2.1949;0;1
NURMA;2;7.12.1966;0;2
ILIZYA;1;27.8.1914;0;1
NEVRAL;6;14.4.1967;0;6
ADRIN;1;8.9.1967;0;1
EKSAGUL;1;26.1.1962;0;1
HRACYA;2;20.7.1954;2;0
AHSAPERT;1;29.10.1982;0;1
KALOS;2;23.2.1957;2;0
NORAN;10;18.6.1956;2;8
ADIRNE;2;19.5.1964;0;2
TURANDA;5;12.1.1949;0;5
EMENUYER;1;12.2.1965;1;0
EROLAN;1;11.11.1939;1;0
MILLIY;1;2.7.1930;0;1
ARUTIN;8;8.10.1949;8;0
SEVGISEL;2;13.11.1983;0;2
SUHELDAL;1;20.5.1978;0;1
YUEL;2;24.2.1975;2;0
HOLDA;1;9.9.1982;0;1
MADASARIF;1;22.8.1925;1;0
ARIVALOS;1;27.8.1932;0;1
VJOLLCA;3;27.12.1974;0;3
SAMAGAN;1;14.2.1977;1;0
NILALLI;1;30.5.1971;0;1
SIVEZAR;5;2.7.1965;0;5
KLAY;2;26.6.1973;2;0
JANI;1;6.6.1969;0;1
ASDIGIK;2;27.7.1941;0;2
PARAMZI;1;27.7.1961;0;1
KIYVANT;1;4.3.1969;1;0
CILBER;1;9.4.1973;1;0
SEYZE;1;2.8.1939;0;1
HARITON;8;21.9.1939;8;0
NAVART;2;3.1.1942;0;2
VARTAYUM;1;30.11.1943;0;1
BAKRIC;1;20.12.1956;1;0
ANNIKA;1;15.4.1951;0;1
YERISE;3;17.10.1956;0;3
TAHVE;1;7.8.1928;0;1
NEMSE;4;28.6.1942;0;4
BORISLAV;1;23.6.1941;1;0
PARCUK;1;28.9.1938;0;1
SINEKERIM;1;14.11.1953;1;0
ARTUNE;1;27.8.1920;0;1
VARIJEN;1;30.7.1947;1;0
SHENAJ;2;21.9.1973;0;2
STEFO;3;5.2.1960;3;0
NAIMZAR;1;3.4.1947;0;1
MUSTECABI;1;26.1.1934;1;0
MELANIA;3;28.4.1976;0;3
VIRAN;2;17.2.1957;1;1
KAREKIN;2;6.5.1963;2;0
CAIKA;1;4.7.1965;0;1
YERCINIK;1;18.7.1961;0;1
DUNIK;2;10.9.1943;2;0
ETIYEN;2;17.5.1951;2;0
ANJIN;2;18.7.1957;0;2
ARSAVEN;1;17.10.1954;1;0
FULYANE;2;4.7.1944;0;2
MERDUNO;1;17.8.1936;0;1
NEVARD;1;6.9.1953;0;1
TORUS;4;19.2.1941;4;0
STEWEN;1;23.1.1967;1;0
KUVANT;1;7.5.1963;1;0
LETISIA;1;13.12.1989;0;1
JEREMIE;1;19.7.1987;1;0
AYNURHAN;3;4.1.1975;0;3
REYDUN;1;15.10.1989;0;1
PATRISIA;1;11.3.1991;0;1
DJANINA;1;22.8.1980;0;1
VASILI;4;12.10.1955;4;0
BORIS;5;24.11.1945;5;0
STEFCO;2;11.8.1953;2;0
HOFSEP;1;21.11.1976;1;0
BARON;2;18.7.1940;2;0
AGVANIS;1;6.7.1936;0;1
CEMENZAR;1;13.12.1965;0;1
HIRISANTI;1;2.11.1951;0;1
TELEMAK;1;2.6.1950;1;0
DIMITRULA;5;7.7.1953;0;5
ORTANS;3;27.2.1930;0;3
MANYO;1;11.3.1949;0;1
AHSABET;4;5.3.1929;0;4
MATEY;1;7.1.1981;1;0
KLIMENT;1;7.3.1952;1;0
AMENUVIL;1;29.12.1950;1;0
NAYAD;7;2.9.1983;0;7
BELDEM;8;8.9.1986;0;8
GABRUYEL;1;27.10.1991;1;0
NAREG;6;15.9.1978;1;5
AGOCAN;1;21.6.1953;1;0
HURIPSIME;1;2.7.1951;0;1
VAHEN;1;21.4.1969;1;0
ILEKTRA;1;12.1.1947;0;1
AGAFI;1;12.8.1923;0;1
NUNE;6;18.7.1963;0;6
WAAD;1;26.6.1981;0;1
BAIZAR;1;23.2.1955;0;1
TIREZ;2;2.4.1962;0;2
MARKERIT;1;7.4.1939;0;1
VALASIYA;1;22.8.1925;0;1
TAMALIYA;1;2.2.1969;0;1
NAIRI;1;9.2.1958;0;1
MELIKSET;1;30.12.1951;1;0
LION;5;11.9.1939;5;0
SALPI;3;28.6.1978;0;3
NUVERT;2;2.3.1954;0;2
MARANI;1;7.8.1928;0;1
HASTINE;1;18.9.1967;0;1
DIAMANDI;1;5.12.1967;1;0
GIVORK;2;6.5.1937;2;0
ARSOLOS;2;15.2.1944;0;2
VERKINYA;1;6.5.1953;0;1
PARAVON;3;25.6.1950;3;0
CILYAT;1;2.5.1939;0;1
PILBOS;1;23.3.1950;1;0
SINPAT;3;26.2.1956;3;0
YUANNA;1;22.8.1943;0;1
CILDA;2;23.2.1946;0;2
PEKA;2;21.1.1945;0;2
YALIMCAN;1;3.12.1983;1;0
SERIP;1;7.2.1964;1;0
CURCIT;2;8.10.1947;0;2
BEDIRUS;1;13.3.1949;1;0
HIRANUS;4;3.4.1945;0;4
ILYANE;1;7.8.1940;0;1
TIRARKI;1;13.3.1970;1;0
SONLAV;1;8.4.1957;0;1
HRISO;1;18.12.1946;0;1
VARSEN;3;22.7.1944;0;3
ZAYKANUS;1;9.4.1949;0;1
BERCANUS;1;21.9.1951;0;1
LUSAN;1;21.4.1968;0;1
MAYREMI;1;5.11.1956;0;1
BARUR;5;18.1.1954;5;0
SARPI;1;9.10.1971;0;1
JULIT;2;14.5.1968;0;2
YOGAPER;2;9.10.1941;0;2
MAKIR;3;14.9.1945;1;2
ISGAN;2;11.3.1975;2;0
JANTIL;3;9.9.1926;0;3
SIRVANE;1;8.8.1957;0;1
GENSIGUYE;1;17.5.1948;0;1
BUKLET;1;6.1.1982;0;1
BEHCI;2;19.8.1939;0;2
LURANS;1;11.4.1948;0;1
ROIDA;1;2.2.1979;0;1
HIRANTIHI;1;6.7.1955;0;1
PARANS;2;30.10.1955;0;2
ARMAT;1;12.1.1979;1;0
MATIYOS;7;15.8.1952;7;0
ISPIRO;9;23.2.1947;9;0
GULANDEN;6;4.9.1963;0;6
THAIS;2;2.6.1971;0;2
PEKROHI;1;22.8.1925;0;1
KEMES;2;15.4.1941;1;1
GARINE;3;15.10.1978;0;3
TADIYANA;1;10.4.1975;0;1
CIMDERYA;1;13.2.1979;0;1
VIKENDIA;1;2.8.1941;0;1
DALILLA;1;11.9.1958;0;1
IOANIS;2;5.9.1957;2;0
KARALIN;1;10.6.1969;0;1
ISKAPERT;1;17.2.1948;0;1
EVGEN;2;25.7.1970;1;1
AYSULU;1;7.7.1934;0;1
SIRANOUCHE;1;1.1.1972;0;1
TUGMU;1;13.1.1934;1;0
TATYA;2;13.1.1979;0;2
ARITUN;3;6.12.1949;3;0
METODI;1;12.6.1965;1;0
VARTGES;1;25.8.1943;1;0
PAREMZI;1;12.3.1953;0;1
KASPAR;8;11.5.1960;8;0
ERVANT;3;28.3.1949;3;0
ARIVARUS;1;7.8.1934;0;1
YEREMYA;1;18.3.1955;1;0
HAVAGIN;1;14.4.1961;1;0
YEVAN;1;4.4.1963;1;0
MANUH;1;6.2.1966;1;0
BATEN;1;14.6.1933;1;0
HUROPSIME;1;7.2.1952;0;1
YIHSA;1;17.7.1960;0;1
ARJANT;1;1.10.1956;1;0
PARANKIS;1;26.3.1940;0;1
DUSKUN;2;4.8.1944;0;2
KINAPI;1;17.8.1936;0;1
VERCUHI;1;10.7.1941;0;1
PERUHI;1;16.9.1958;0;1
EVDOKSIYA;8;19.8.1946;0;8
DADAL;8;21.4.1981;7;1
NARISSA;1;12.8.1986;0;1
YERUSALIN;1;7.6.1970;0;1
ANICA;5;29.4.1958;0;5
ARIKSIN;1;13.1.1969;0;1
KARZAHI;1;26.3.1927;0;1
MUHTAB;1;22.8.1979;0;1
ARMENUYI;2;5.5.1960;0;2
ARAMAST;1;21.5.1922;1;0
CELIKER;6;3.5.1958;6;0
DAFNI;1;12.2.1921;0;1
NARTU;3;18.2.1947;0;3
KRESTIN;1;16.2.1979;0;1
BERNADETTE;1;24.8.1956;0;1
MUTIETTIN;1;28.2.1939;1;0
KALIN;3;26.12.1981;2;1
ARMUNUVI;1;17.6.1936;0;1
AHMETBULENT;1;9.10.1964;1;0
ISKOHI;5;9.9.1948;0;5
EMMENUEL;1;19.3.1957;1;0
PENYAMI;1;13.5.1985;1;0
PRISKILA;1;4.7.1980;0;1
ERYA;3;12.5.1976;1;2
SOHOME;1;13.6.1959;0;1
VARTUH;1;27.4.1952;0;1
ASDGIK;2;30.7.1956;0;2
HARITOM;1;28.9.1930;1;0
EFRIN;1;8.2.1958;1;0
ARDENIZ;4;11.8.1963;0;4
PARAUN;1;16.4.1946;1;0
BERCIYIN;1;1.1.1953;0;1
MAKSEN;2;2.10.1949;0;2
VILHELM;1;23.8.1932;1;0
RIHAP;4;22.7.1983;0;4
YAGIYA;1;14.3.1951;1;0
COZEFIL;1;22.2.1925;0;1
PARAMON;1;9.10.1955;1;0
NIVERIK;3;30.12.1957;0;3
MERUJAN;3;4.4.1955;3;0
HASNIG;1;4.5.1949;0;1
ELMONYA;1;28.7.1960;0;1
ILMUN;1;7.8.1928;0;1
MELAKEHH;1;7.8.1958;0;1
RIKARDO;3;12.8.1975;3;0
ARSELOS;1;16.2.1940;0;1
IVUN;1;25.7.1955;0;1
MARDO;1;20.8.1982;1;0
ZARYHI;1;2.6.1964;0;1
KANET;2;2.8.1966;0;2
ERCAGIN;1;17.8.1984;1;0
ASKIDIL;11;7.9.1954;0;11
ILDE;2;21.12.1974;0;2
DONALD;2;19.10.1945;2;0
PAYLAZAN;1;22.1.1949;0;1
OFSANNA;6;25.5.1948;0;6
GALATIYA;1;5.6.1933;0;1
MITA;4;26.12.1960;1;3
DOLLIY;1;23.11.1947;0;1
ALEXIS;1;20.5.1985;1;0
ARDASER;1;12.9.1961;1;0
ERMAL;1;13.3.1981;1;0
FOTIKA;1;7.5.1949;0;1
OSENNA;3;23.2.1934;0;3
SETIRRAH;1;3.1.1961;1;0
HUMERSAH;1;2.5.1966;0;1
SANDRO;1;17.1.1973;1;0
REZZIN;1;29.7.1968;0;1
KAZER;3;13.6.1962;3;0
KETTO;1;27.12.1926;0;1
VARTU;2;28.3.1960;0;2
ISTAVRI;5;20.3.1935;5;0
RUZKULLA;1;4.2.1956;1;0
GULVART;9;18.1.1944;0;9
AKILAS;1;5.10.1946;1;0
ARIYET;3;3.2.1959;0;3
MARGARITTA;1;28.1.1948;0;1
STAMENA;1;5.10.1970;0;1
HOVHANNES;1;15.8.1989;1;0
BENVINIDA;1;12.6.1935;0;1
HEZEKEL;1;19.3.1979;1;0
GLENDA;3;21.1.1966;0;3
SATINIK;8;3.6.1942;0;8
NUNYA;5;7.12.1947;0;5
YEGSABET;2;23.6.1962;0;2
VARTER;6;26.3.1951;2;4
HOMOSI;2;29.11.1936;0;2
KULGUZ;1;26.4.1958;0;1
AROSYAK;1;2.7.1933;0;1
MARNIKA;1;27.8.1932;0;1
KORUHAN;5;23.3.1978;5;0
VARTIN;2;2.5.1948;0;2
KALINIK;1;22.4.1950;0;1
PENAMIN;1;2.8.1964;1;0
SAHENIK;1;21.11.1927;0;1
ERUZ;3;28.9.1965;1;2
HARUTAN;1;2.5.1933;1;0
VERSENIK;1;4.3.1948;0;1
ARDENIS;2;24.7.1944;0;2
RUPIN;1;7.5.1932;1;0
HAKIPAY;16;29.7.1941;0;16
LUZE;1;9.4.1934;0;1
BIRJIN;1;3.9.1939;0;1
PIRYANDI;1;2.1.1936;0;1
SERANE;1;29.2.1975;0;1
VANGELIA;2;17.1.1928;0;2
KIVOK;1;10.4.1965;1;0
LORENZO;2;23.2.1973;2;0
SERTU;1;9.8.1983;1;0
YELGIC;1;6.4.1944;0;1
RUHINISA;1;25.5.1925;0;1
HOROPSINE;1;7.2.1952;0;1
ANNUG;1;22.2.1955;0;1
POLCAN;1;20.8.1983;1;0
FROLANSA;1;27.11.1962;0;1
TAKUI;5;23.1.1961;0;5
IOAN;1;13.10.1981;1;0
FULYANA;1;14.10.1977;0;1
VARTINI;1;2.2.1933;0;1
ASPET;2;3.7.1979;2;0
VIRCANIK;1;24.4.1924;0;1
ISTILYANOS;1;8.7.1962;1;0
MEHZAT;3;23.3.1955;0;3
ANTHONY;5;24.2.1975;5;0
GULENBAHT;1;12.10.1972;0;1
PELAIYA;1;29.11.1949;0;1
HAKKIN;7;13.7.1977;4;3
MIHRIN;1;16.10.1925;0;1
SURMAK;2;25.6.1959;2;0
TURUGSHAN;1;1.10.1978;1;0
ROSITSA;2;12.6.1966;0;2
ERCUM;1;23.11.1975;0;1
MILANA;2;1.3.1972;0;2
HAZHAR;1;5.3.1960;1;0
IPEKLI;6;26.3.1958;0;6
BAMDAD;1;1.9.1976;1;0
EMANUIL;1;30.4.1953;1;0
NABITE;2;2.3.1949;0;2
SIPONYA;1;7.7.1970;0;1
PAIDAR;1;24.8.1967;1;0
OTTI;2;27.10.1951;0;2
YIGSA;2;17.12.1943;0;2
DIMOSTHENIS;1;1.1.1;1;0
TULIP;3;9.2.1980;0;3
NUBAL;1;25.2.1963;1;0
GINAZ;2;26.5.1971;1;1
ASDANE;3;20.9.1954;0;3
ANASTASEA;1;27.8.1944;0;1
ASTADUR;1;6.2.1947;1;0
HATICEFAZILET;1;24.1.1963;0;1
VERD;2;12.12.1954;2;0
MILANKA;2;2.1.1968;0;2
PANLETTE;1;9.7.1965;0;1
CANHAS;1;28.4.1983;1;0
OLACAN;1;26.4.1947;1;0
LAZARA;1;14.6.1947;1;0
KELY;1;27.1.1980;0;1
MIRINA;1;27.4.1988;0;1
HOROPIK;1;11.10.1956;0;1
ARKI;1;26.4.1977;1;0
IGYA;5;10.2.1938;5;0
KUVAR;1;28.11.1958;0;1
VEYZAN;1;2.2.1958;0;1
SINAIR;1;2.7.1946;1;0
VAYLET;1;1.12.1949;0;1
BUKMEN;1;1.5.1937;0;1
BORONKAY;1;12.10.1977;1;0
SAYHAT;5;16.1.1969;1;4
EMANYOLA;1;26.1.1980;0;1
SAMUER;1;5.7.1975;1;0
SANDRINA;1;27.7.1973;0;1
VARKAN;1;15.7.1966;1;0
ARUT;7;21.1.1947;7;0
KASANTIPE;1;27.8.1926;0;1
GULGULTEN;1;2.2.1939;0;1
BORCUK;1;18.10.1954;0;1
BIRAP;1;4.8.1964;0;1
DURSEDEF;3;15.2.1950;0;3
AKANIK;1;1.8.1933;0;1
YORDANA;1;8.12.1961;0;1
KOSTANTIA;2;28.7.1934;0;2
ZAKEK;1;1.1.1;0;1
ARMENOUI;1;20.5.1956;0;1
ISRO;2;21.5.1965;2;0
BUFER;1;13.11.1980;0;1
ASKANUS;3;3.6.1943;0;3
ENNIK;1;3.2.1933;0;1
EZNUHI;1;24.6.1929;0;1
KRANEL;1;9.10.1939;1;0
AGABI;1;25.2.1936;0;1
MARKARIT;1;12.8.1929;0;1
PURASTAN;1;18.7.1939;0;1
SIRONIK;2;25.3.1943;0;2
KOREN;2;27.3.1968;2;0
HALUKTAN;1;8.4.1955;1;0
HAYKARAN;2;17.12.1939;2;0
GULBUGE;1;2.2.1987;0;1
KARELIN;1;15.1.1977;0;1
ARPINI;2;25.1.1926;0;2
ELEKSAN;2;1.5.1970;2;0
EYZABAT;1;5.3.1933;0;1
SETTARI;2;7.2.1980;2;0
ERIKNAZ;2;18.12.1942;0;2
ORCEN;5;29.9.1962;1;4
HORTANS;1;29.5.1931;0;1
BAYIZAR;9;23.7.1960;0;9
VIRIJUHI;1;10.12.1946;0;1
MIKAL;1;29.7.1932;1;0
VAYTANUS;1;6.3.1953;0;1
SETANIK;5;7.2.1953;0;5
JULIETTA;2;18.12.1934;0;2
YERVAND;3;2.5.1959;3;0
ARUSIAK;1;7.8.1928;0;1
VARSGEN;1;20.10.1970;1;0
EFTIMIOS;1;21.7.1947;1;0
PARAVAN;1;8.5.1935;1;0
LOUSINE;1;10.3.1976;0;1
PIRAP;1;6.2.1927;0;1
HADIYET;2;6.11.1986;0;2
TUNHAY;2;14.4.1953;1;1
JAKLAR;1;20.10.1945;0;1
OSIF;1;2.10.1945;1;0
BIHNAN;3;17.8.1956;3;0
SURPUK;3;18.5.1934;0;3
BINSER;3;8.8.1961;0;3
VREJ;9;10.8.1964;9;0
MANIJEH;3;4.6.1952;0;3
VARDINAT;1;6.1.1949;1;0
SIMEON;6;6.7.1950;6;0
JOSEFIN;1;23.4.1941;0;1
VARTIK;6;6.5.1953;1;5
ARMINSA;1;4.5.1943;0;1
ANNITSA;1;14.3.1941;0;1
AHMETSAVAS;1;21.8.1975;1;0
SUKYAS;2;25.2.1934;2;0
CESMIHAN;2;16.7.1975;0;2
ZILKARE;1;18.11.1952;0;1
ATABILIR;1;10.8.1955;1;0
SILVERT;1;8.3.1964;0;1
ARSELUS;1;27.2.1956;0;1
GURUPHAN;1;2.4.1987;1;0
BLANS;2;9.11.1952;0;2
ABDUSSEMI;6;7.5.1947;6;0
UGURALI;3;22.4.1983;3;0
GUHARIK;1;6.12.1955;0;1
HASIPCAN;1;16.1.1988;1;0
ZAFERNUR;2;4.3.1972;1;1
KUNCAY;2;30.2.1964;0;2
ZAFERSAN;1;22.1.1945;1;0
KEMALYA;3;30.8.1934;0;3
EREMYA;1;27.2.1945;1;0
MELIYEN;1;25.1.1972;0;1
ANLA;1;21.4.1984;0;1
VERONA;2;17.9.1959;0;2
CANSEDA;3;14.8.1983;0;3
SINARIK;3;17.4.1949;0;3
EVELINA;4;26.4.1955;0;4
SATUM;1;18.3.1981;1;0
RAHGUR;1;14.5.1956;0;1
OSKUN;1;19.4.1970;1;0
NILGER;4;8.10.1973;0;4
OZYAVUZ;2;25.4.1954;2;0
BEYROS;1;17.5.1960;1;0
HARITYIN;1;21.5.1942;1;0
HERBI;3;3.3.1965;3;0
HOSKAN;1;23.12.1950;1;0
KEREN;3;12.5.1981;0;3
DACYA;5;28.6.1969;0;5
MUZENET;1;17.8.1930;0;1
MANASE;2;22.2.1956;2;0
AGLAIA;2;7.8.1962;0;2
OZCEL;1;4.1.1951;0;1
ABDULHANI;3;3.12.1967;3;0
GUGAS;1;17.11.1968;1;0
FUAL;3;23.9.1948;1;2
SEVERDIL;1;4.7.1929;0;1
JULYANNA;1;18.5.1981;0;1
ILIS;3;18.3.1974;1;2
RUHEYMA;6;16.7.1969;0;6
MUKTESIR;1;19.10.1941;1;0
SEHTAB;1;2.5.1979;0;1
HERMEN;1;25.9.1971;0;1
BALTIMUR;1;14.10.1953;1;0
MAJAG;1;14.8.1970;1;0
VARDANI;1;18.4.1928;0;1
PARANSEN;1;27.7.1949;0;1
HARAMI;1;2.1.1958;1;0
DIROFI;1;9.10.1962;0;1
UFAN;5;19.12.1968;5;0
NERTANE;2;1.1.1956;0;2
RENNI;1;20.11.1960;0;1
KETRINA;1;11.1.1981;0;1
ZEHNURE;1;1.9.1980;0;1
ARTU;4;21.8.1981;4;0
TEZDE;1;6.2.1944;0;1
BOKET;1;21.5.1942;0;1
NERTUVI;1;4.6.1935;0;1
HAYKAZUHI;1;24.7.1929;0;1
VERSANIK;1;11.10.1956;0;1
HANPARSUM;1;2.2.1927;1;0
JIRAYIL;1;5.3.1962;1;0
GAMARKHANIM;1;23.1.1958;0;1
TANABAY;1;22.2.1991;1;0
SERPUK;1;16.12.1952;0;1
ARMAVINI;1;4.8.1934;0;1
YURKIYE;2;1.12.1941;0;2
IMERHAN;1;30.5.1982;1;0
AHMETMUZAFFER;1;12.8.1935;1;0
CENGIZALP;2;10.6.1967;2;0
FIDOST;1;7.5.1976;0;1
SITELLA;1;24.3.1978;0;1
RIBABA;2;10.2.1954;0;2
FEREMSAL;1;8.6.1971;0;1
TOLIHAN;1;14.6.1938;1;0
HIJLAN;2;7.3.1962;0;2
VILSON;1;1.7.1960;1;0
NEDIF;3;25.10.1969;3;0
ZIRAT;3;18.10.1968;3;0
BERJUHI;2;25.8.1945;0;2
MIRENDA;1;4.11.1988;0;1
FAKHRIE;1;24.6.1949;0;1
OMAYKAN;3;30.3.1984;3;0
MULLER;4;16.8.1975;4;0
CHRYSI;1;28.1.1949;0;1
MIHRIVEFA;1;24.5.1982;0;1
RUZEDAR;1;24.6.1962;0;1
HERNA;2;7.6.1969;0;2
HEYTEM;4;22.6.1977;4;0
MAYRANUS;4;25.5.1947;0;4
BERTANCAN;1;11.3.1990;1;0
ERSUNE;1;2.4.1954;0;1
NAIMAN;2;21.12.1957;0;2
ZENER;2;1.8.1955;0;2
EFDALETTIN;1;12.3.1926;1;0
SEHMURAN;3;18.5.1951;0;3
HERTA;2;10.1.1933;0;2
ONATKAN;1;12.5.1984;1;0
MILITAN;1;24.2.1978;0;1
FARANAK;1;27.9.1968;0;1
SHAMIM;1;4.5.1979;0;1
TERIZA;1;28.4.1953;0;1
TURZAT;2;28.2.1953;0;2
HURMEZ;1;16.6.1929;0;1
TENT;1;17.7.1931;0;1
LEHUR;1;30.2.1933;0;1
SULUNNA;1;20.1.1970;1;0
BAHNIYE;3;15.11.1965;0;3
MUDASSIR;1;2.8.1981;1;0
LULIETA;2;19.6.1964;0;2
NESSAN;1;24.9.1952;0;1
VALANTI;1;12.12.1957;0;1
PEKDEMIR;4;6.12.1953;4;0
KAYGAL;1;1.1.1;1;0
NURSERP;1;21.2.1957;0;1
VARONA;1;10.1.1972;0;1
PERIHANGUL;1;12.4.1959;0;1
ABDUMHADI;1;12.8.1947;1;0
ILCEHIN;1;1.1.1967;1;0
SEHAVER;2;16.5.1938;0;2
ULUCALI;1;12.10.1983;1;0
OMURTAY;1;19.2.1942;1;0
LUTAN;1;30.2.1941;1;0
EYMEL;2;8.5.1971;0;2
KURMAN;1;20.6.1962;1;0
HATICEJALE;1;27.5.1968;0;1
ROSALINA;2;10.5.1960;0;2
MEHMETMUHLIS;1;8.3.1976;1;0
REHACAN;1;6.12.1979;1;0
ILARIYA;1;14.5.1968;0;1
NEYZI;3;7.12.1965;2;1
NURAD;2;30.1.1962;1;1
TUTENGUL;3;12.12.1976;0;3
HAYRILNISE;1;14.10.1962;0;1
ABDILHUSEYIN;1;14.4.1971;1;0
OROZKUL;1;19.6.1979;0;1
ILTERCAN;1;26.6.1958;1;0
GULOZGUR;1;18.7.1984;0;1
MARIIA;1;8.3.1974;0;1
PIRCAN;10;22.12.1967;5;5
HOSSEN;2;1.8.1957;0;2
NURINNIHAR;1;10.5.1928;0;1
HAYYA;1;8.1.1946;0;1
KALER;3;15.6.1945;2;1
SAMIBAHA;1;30.10.1990;1;0
SONULAY;1;1.8.1968;0;1
CAGDAM;1;1.4.1946;1;0
PAYEDAR;1;8.11.1941;0;1
KRISTA;3;3.11.1948;0;3
SABAHUNUR;1;16.6.1933;0;1
EHLAM;5;17.1.1984;0;5
SELDER;2;12.5.1978;2;0
DIDEGUL;1;17.10.1991;0;1
REVASIYA;1;11.1.1966;0;1
KYUNG;2;10.7.1963;0;2
MANURA;1;9.4.1959;0;1
FATIMA-I;1;11.2.1967;0;1
M.NUSRET;2;13.11.1934;2;0
SENTAP;3;11.12.1955;0;3
SINIZ;2;15.6.1960;0;2
ENSEN;3;11.4.1968;2;1
ULSEL;1;8.5.1944;0;1
ARSALUYIS;1;21.4.1935;0;1
EDAET;3;16.7.1954;0;3
YUKSANIYE;1;30.11.1967;0;1
TAYJEN;1;29.3.1965;0;1
GORK;2;24.5.1971;2;0
GULEBRU;6;4.11.1977;0;6
TSGUHI;1;14.4.1946;0;1
ELIFGOKCE;1;24.5.1984;0;1
NILUVER;2;21.1.1967;0;2
NEYREN;3;27.7.1959;0;3
MUCAIDDIN;3;17.10.1949;3;0
SETAI;1;7.1.1963;0;1
TILAR;2;28.12.1971;0;2
FARUKCAN;3;26.12.1990;3;0
JOSETTE;3;21.4.1940;0;3
ZEBIN;2;25.8.1967;1;1
TURKYA;4;30.7.1468;0;4
IRDEM;1;17.3.1981;0;1
AKENGIN;3;29.8.1943;3;0
ERISAH;1;22.3.1961;0;1
BALEN;1;7.8.1978;0;1
GUNAYE;2;23.7.1963;0;2
EFTIHIA;3;14.8.1951;0;3
SAHITULAY;1;12.1.1957;0;1
LIONELLA;1;8.5.1972;0;1
ATACA;5;27.8.1956;1;4
SAADETNUR;1;3.10.1958;0;1
ARTEK;2;16.9.1984;2;0
SEFHAN;2;13.6.1970;1;1
REBEB;1;19.12.1958;0;1
H.MUALLA;1;9.5.1955;0;1
ETTER;1;2.3.1957;1;0
PERIMNUR;1;2.4.1965;0;1
HAYRUNNISSA;2;25.3.1967;0;2
ROSANNA;2;16.11.1953;0;2
URSEITOVA;1;30.1.1977;0;1
PENNUR;5;18.7.1973;0;5
ZAFERGUN;1;2.9.1958;0;1
ERVAIYE;1;17.8.1924;0;1
OTOMAN;1;22.7.1943;1;0
ISMAILSUHA;1;19.12.1955;1;0
PERTEVNIYAL;1;19.1.1982;0;1
TONGAR;3;4.1.1988;3;0
AFRODIT;2;19.5.1966;0;2
TULNUR;2;28.7.1960;0;2
NURAN.;1;12.2.1959;0;1
TAHLISIYE;1;9.4.1928;0;1
ALKAS;4;2.4.1973;4;0
CIAL;2;6.12.1971;0;2
JAINI;1;30.3.1971;0;1
AYJEMAL;1;7.2.1983;0;1
PASHAN;1;7.5.1982;1;0
PARSIG;1;26.1.1931;1;0
ANAHITA;3;15.7.1967;0;3
ZHAZIRA;2;8.7.1978;0;2
ALSEM;2;22.8.1985;1;1
GULSEMRAN;1;8.1.1943;0;1
DIYARA;2;10.7.1974;0;2
IHSANCAN;2;28.12.1989;2;0
RAYSHAM;1;7.12.1991;1;0
ENTAHA;1;27.3.1956;0;1
CIYIL;1;28.4.1983;0;1
GUMEYRA;1;17.6.1959;0;1
FAHRIDAR;1;29.5.1943;1;0
MYELYEK;1;26.3.1977;0;1
TILBEHAN;1;24.1.1991;0;1
GOKSEVI;2;11.4.1983;0;2
GUNEYSU;4;29.3.1948;1;3
AKMARAL;4;8.10.1970;0;4
GULKOK;1;29.3.1959;0;1
ANATAY;1;27.8.1981;0;1
RUGNETTIN;1;11.9.1955;1;0
NAVIT;4;6.1.1961;1;3
NESARET;8;17.2.1960;0;8
SARATH;1;17.9.1985;1;0
FULIYE;4;5.1.1950;0;4
AMANUIL;1;16.5.1949;1;0
MIS;4;2.2.1967;0;4
ALPKANAT;1;4.6.1978;1;0
EMANNES;1;13.11.1962;0;1
SUDAAY;3;26.5.1951;0;3
SIRNEV;1;6.7.1985;1;0
ROMANA;1;5.6.1981;0;1
BAYKA;1;16.1.1979;0;1
KOULBARCHIN;1;20.9.1972;0;1
CHINARA;1;4.9.1970;0;1
ERKIS;3;4.9.1952;0;3
DIKMENGUL;1;23.8.1966;0;1
ONLER;7;25.3.1975;7;0
MEHMETVEDAT;1;4.8.1972;1;0
TUHRUL;1;30.3.1979;1;0
NINEHATUN;2;13.8.1966;0;2
CAMANDAR;8;13.4.1946;8;0
AHINET;1;17.8.1954;0;1
NEZDANIYE;1;1.9.1950;0;1
SATARIK;1;27.5.1926;0;1
BAGDIK;1;17.8.1924;1;0
MARILLA;1;25.10.1990;0;1
PIRVAT;1;3.10.1942;1;0
ZAROKI;2;13.9.1937;0;2
STAMATA;1;9.4.1967;0;1
RAKSEN;1;11.5.1956;0;1
VARJEN;1;24.6.1956;1;0
HOSTEN;1;2.8.1952;0;1
HACIVART;1;27.8.1938;0;1
GAZER;7;15.5.1959;5;2
MELENE;3;24.12.1969;0;3
NURUPER;2;1.2.1944;0;2
VEYRUHI;1;23.1.1935;0;1
SARANUS;1;28.2.1920;0;1
ZINAISA;1;11.3.1972;0;1
DIYANDIRA;1;2.11.1988;0;1
DIRAHI;2;17.8.1924;0;2
AYDAC;1;12.2.1953;1;0
PAYEL;3;29.2.1953;3;0
BERECUHI;1;27.8.1926;0;1
MILANDA;3;28.4.1971;0;3
LOSYA;1;17.8.1930;0;1
CIRAYIR;1;7.3.1961;1;0
SITREK;1;16.9.1968;1;0
DIKRANJANO;1;8.1.1960;1;0
USKUYI;1;26.1.1937;0;1
APRAHAN;1;23.12.1982;1;0
ARUSIYAK;3;16.12.1950;0;3
HEVSEP;1;14.4.1975;1;0
GULANI;7;18.10.1965;1;6
HRISOULA;1;2.8.1933;0;1
HAYRUNNUR;2;30.2.1966;0;2
PERIKYAL;1;6.3.1974;0;1
YERAHUYI;1;9.9.1951;0;1
BEADRIS;1;12.5.1946;0;1
TAKU;3;6.2.1945;0;3
DALIDAFIFI;1;18.8.1962;0;1
LITIVAN;1;27.2.1956;1;0
MEYRANUS;1;19.8.1944;0;1
RAHO;1;17.2.1942;0;1
PIPRIN;1;22.5.1978;0;1
KEGOI;1;26.1.1956;0;1
NELEYE;1;27.2.1938;0;1
ARLENT;1;17.4.1965;0;1
GULFERRAH;2;22.1.1963;0;2
GIREK;1;23.3.1951;1;0
VAROJAN;3;24.12.1951;3;0
MESIROF;1;4.8.1932;1;0
ANITSA;1;3.2.1966;0;1
SANDUHT;1;5.6.1927;0;1
ERMENAK;3;3.1.1948;3;0
PEPRUKI;1;10.2.1950;0;1
YERVAT;1;22.7.1937;1;0
VIYANUS;2;28.2.1950;0;2
ZAHAVA;1;18.4.1951;0;1
KEROPE;6;5.12.1954;6;0
LUZ;1;18.4.1958;0;1
MAKRUYI;2;29.11.1955;0;2
SADREK;1;27.12.1954;0;1
SERUP;2;5.11.1966;1;1
SIRANOJ;1;12.2.1959;0;1
GEORK;1;16.8.1937;1;0
SONIT;1;27.2.1974;0;1
OSKIVART;1;1.1.1;0;1
MEGANUS;1;29.2.1979;0;1
ISABELA;3;4.9.1978;0;3
SIRZADE;4;26.4.1969;4;0
JOJET;1;6.2.1975;0;1
LUSINE;4;3.1.1975;0;4
IPRIM;2;1.1.1940;2;0
ARGANUS;2;3.12.1957;0;2
SUYDE;2;19.2.1963;0;2
AGOPCAN;2;26.1.1938;2;0
BARKEL;1;15.2.1932;1;0
ARSALUYIZ;2;17.8.1953;0;2
ABKAR;1;6.12.1926;1;0
VASILIK;2;9.6.1940;0;2
AGANNI;1;27.8.1926;0;1
VARDANUSH;1;18.11.1982;0;1
ANISYA;1;10.11.1978;0;1
YOTKAN;1;26.4.1972;1;0
VARTUYU;1;1.11.1962;0;1
VALERICA;7;8.11.1966;0;7
DURICA;1;16.3.1940;0;1
MEHFES;1;22.2.1958;0;1
APRAN;1;23.3.1948;1;0
MAKROHI;2;6.10.1944;0;2
TERANUS;1;9.11.1931;0;1
TEKUYU;1;1.6.1931;0;1
LITIYE;1;15.9.1969;0;1
NURIMSA;2;23.8.1959;0;2
VADED;1;21.11.1965;1;0
ALEVIYE;3;25.8.1938;0;3
EFTIK;5;13.3.1926;0;5
DIRAMAR;2;28.4.1941;0;2
SIREVART;1;11.11.1946;0;1
SNEJINKA;2;12.5.1956;0;2
ZIFKO;1;26.4.1946;1;0
KABRIL;2;2.4.1951;2;0
HOVSEN;1;11.5.1946;1;0
ARSANOS;1;5.11.1952;0;1
RUYUDIL;1;16.10.1980;0;1
MAKUHI;1;22.8.1919;0;1
YIRVAN;1;9.3.1970;1;0
ZUSAPER;1;1.1.1;0;1
GARBIY;1;1.6.1966;1;0
KIYORK;3;20.11.1936;3;0
ARSAGO;1;23.10.1939;0;1
HEREMSIN;2;27.1.1959;0;2
VILYAN;3;22.5.1978;2;1
BULOS;9;27.2.1956;9;0
ARSULUZ;1;22.3.1964;0;1
SIRORPI;2;27.1.1938;0;2
SIRAPEL;1;28.3.1951;0;1
RAZINA;1;26.8.1975;0;1
NURHAYR;1;18.8.1967;1;0
IBRIM;1;12.8.1971;1;0
BIZDEN;5;14.6.1961;0;5
EGSA;1;9.11.1956;0;1
ISAAK;2;7.6.1942;2;0
PARAMSI;1;21.6.1952;0;1
ANABEL;6;28.10.1984;0;6
ARTEMISYA;1;27.4.1933;0;1
ISKOFI;1;2.4.1969;0;1
HAMEYRE;1;27.8.1938;0;1
ZEKAR;7;25.2.1964;6;1
ARISNIK;1;22.12.1955;0;1
LUBAR;4;8.3.1953;4;0
NEGDAR;2;26.7.1941;0;2
IPEKSI;2;21.3.1954;0;2
ARUSYAN;1;17.3.1972;0;1
AGSABET;2;8.5.1936;0;2
YIPRAKSI;1;21.11.1950;0;1
ARSENK;1;7.2.1987;1;0
VARTIHI;2;21.12.1963;0;2
LUSAIT;1;3.12.1947;0;1
NURSIS;1;13.6.1953;1;0
HORSA;1;27.8.1932;0;1
NOVER;4;4.10.1939;0;4
ERANE;1;27.11.1950;0;1
BENITA;1;28.2.1967;0;1
MAKRIFI;1;14.5.1971;0;1
MESROF;1;6.6.1950;1;0
ARSALOST;1;24.4.1931;0;1
ARISTI;3;18.5.1942;1;2
VARLUK;1;27.4.1944;0;1
HASIMA;3;10.5.1964;0;3
JEREMY;1;2.6.1984;1;0
NILET;2;29.4.1950;0;2
SERIFEGUL;11;13.3.1976;0;11
GUNARCAN;1;2.3.1986;1;0
NURVE;1;13.11.1988;0;1
K.CEMAL;1;22.12.1967;1;0
FOFO;2;7.1.1957;0;2
YEBRAK;1;16.11.1957;0;1
SIRJAT;1;17.8.1978;1;0
M.GUNDUZ;1;1.1.1;1;0
RADUNKA;1;4.7.1945;0;1
IDILIYA;1;24.12.1955;0;1
DEVLIYE;3;6.2.1968;0;3
MAH-I;1;19.3.1962;0;1
ZARIYAT;1;28.5.1938;0;1
SILLAN;1;11.10.1981;0;1
DILLAN;3;17.9.1978;0;3
MIHAIELA;5;13.3.1974;0;5
CORNELIU;1;16.12.1990;1;0
AYATA;2;30.5.1942;2;0
GURCELAL;1;10.12.1956;1;0
BALCICEK;9;24.8.1959;0;9
MIRBAKUR;1;26.5.1971;1;0
ALICANIP;2;10.8.1963;2;0
OGURAY;1;6.4.1942;0;1
AGLAYA;1;11.7.1990;0;1
SUNPUL;1;6.2.1962;0;1
REMA;5;23.4.1968;0;5
BUTECIN;3;8.5.1960;1;2
ABDULNAYIM;1;13.2.1972;1;0
SAYISTAN;1;24.2.1973;0;1
TILABAR;1;26.2.1963;0;1
HAYALPARE;1;8.1.1960;0;1
BIRSERA;1;22.8.1967;0;1
ELMAHAS;4;11.11.1970;0;4
ANIELA;1;7.4.1966;0;1
USBAY;1;8.6.1981;1;0
MOUKATES;1;3.2.1976;0;1
FERYAZE;5;1.11.1974;0;5
AHSENA;1;19.5.1945;0;1
NURSATJAN;1;18.2.1968;0;1
TURERKAN;1;26.5.1987;1;0
ORFEA;1;19.3.1973;0;1
CAGNAM;1;12.12.1964;0;1
HAZISEN;1;14.11.1951;0;1
ATAYLA;3;7.11.1968;3;0
SEZLA;2;11.11.1956;0;2
NEVRAT;4;5.9.1969;4;0
SITIKA;50;20.7.1957;0;50
BERNIZ;2;5.6.1976;0;2
VALERYA;1;19.7.1969;0;1
NURGILAY;1;6.6.1974;0;1
KEKEC;2;21.12.1942;2;0
ERGUNSEL;1;22.10.1955;1;0
TOMSIRE;1;21.5.1958;0;1
SAADAM;1;14.11.1985;1;0
MEFAYDIN;1;19.3.1971;1;0
DILSUN;11;2.10.1978;0;11
ENRICO;5;19.10.1967;5;0
BURTACIN;1;24.6.1985;1;0
DIVITHAN;1;8.11.1962;0;1
TUGALSAN;1;3.4.1983;1;0
BERAV;5;21.4.1982;1;4
REVAHA;6;18.5.1984;5;1
GULDOSUREN;1;1.12.1949;0;1
FABIAN;1;28.4.1981;0;1
RUSAL;4;28.9.1966;2;2
MERUZET;1;2.8.1933;0;1
FERISEL;7;2.2.1961;1;6
ATAI;1;11.7.1956;1;0
HURSEFA;2;6.4.1973;1;1
HASYETE;7;27.1.1970;0;7
SELVIC;2;11.3.1943;1;1
VEYAP;1;14.10.1972;1;0
MEVLAVERDI;3;11.4.1967;3;0
BILKAYIS;3;30.3.1958;0;3
EVNAR;2;14.9.1963;1;1
FERMET;4;29.8.1972;3;1
M.SEDAT;2;17.12.1954;2;0
SOUZAN;3;23.7.1976;0;3
SEHIRIYE;2;3.10.1961;0;2
GULUNDE;2;27.8.1958;0;2
MELIZAN;4;8.7.1965;1;3
METANETTIN;1;21.8.1969;1;0
BETIKAN;1;13.4.1991;0;1
KENKURT;1;1.6.1954;1;0
SORAYYA;1;18.6.1962;0;1
ASRAF;4;16.8.1970;4;0
DOLLY;4;28.3.1968;0;4
TAHET;1;12.2.1983;1;0
MED;3;21.2.1982;3;0
HILAFER;1;26.11.1977;0;1
ULGUGUL;1;16.3.1950;0;1
BULENTECEVIT;3;28.9.1974;3;0
GOGSAL;6;7.6.1963;4;2
NOKTE;1;7.5.1957;0;1
MUTALLIM;4;29.10.1962;4;0
INTIBA;1;29.2.1957;0;1
REMZEDDIN;4;6.12.1952;4;0
SENMET;1;7.12.1974;1;0
RUVEDE;5;7.7.1949;0;5
MENEMDE;1;7.6.1958;0;1
GUNAYAT;1;26.2.1967;0;1
TUTGA;1;4.10.1969;0;1
AYBAL;8;12.10.1955;0;8
BUNYAMHIN;1;19.6.1980;1;0
M.GALIP;3;7.2.1956;3;0
SAYFAT;2;1.12.1956;1;1
MERHA;6;30.1.1976;0;6
MUZEMETTIN;4;9.2.1958;4;0
ESPENBER;1;12.2.1971;1;0
TEMLIKE;2;6.3.1956;0;2
SONTER;1;17.2.1971;1;0
YURDALAR;1;17.5.1948;1;0
ITIMAT;5;27.3.1976;4;1
SERIDIYE;9;15.7.1967;0;9
GURLE;6;9.9.1974;6;0
NAGFIYE;1;6.11.1939;0;1
GULPAYE;2;7.10.1967;0;2
NOPMANEE;1;25.1.1973;0;1
IRAIDA;4;19.8.1975;0;4
REVHANIS;1;6.5.1960;0;1
FAEDA;1;12.8.1971;0;1
ZULKEREM;1;26.12.1959;1;0
VEDALETTIN;1;20.11.1960;1;0
FAZIILET;1;28.10.1972;0;1
MILYET;3;8.6.1978;0;3
VAHRET;1;27.7.1971;1;0
BUNNAR;1;26.4.1975;0;1
TULUNC;1;26.4.1949;0;1
ABDULKADIRI;4;8.1.1952;4;0
SEMSIHANI;1;29.2.1965;0;1
VARIDET;10;18.1.1970;1;9
MARSEM;1;19.5.1959;0;1
KUSEYP;1;9.9.1980;1;0
SELINNUR;3;10.12.1990;0;3
HISSEY;2;5.10.1961;0;2
ELADA;1;25.12.1975;0;1
LEYLUSAN;1;11.11.1943;0;1
KHALDIA;1;18.6.1959;0;1
MUSLIHHAN;1;7.7.1961;1;0
EMRUMUYE;3;14.6.1957;3;0
GULHECER;2;13.2.1962;0;2
EYALET;1;22.7.1979;0;1
MUAZZAMA;5;29.7.1955;0;5
SENDURAY;1;8.2.1981;1;0
BEDIUYGAR;1;2.2.1969;1;0
BARISYAHYA;1;8.9.1976;1;0
MUSAVETDIN;1;7.6.1952;1;0
ALPNUR;8;7.1.1976;2;6
MASHURA;1;15.11.1976;0;1
LOILO;1;6.10.1982;0;1
GUDIDA;1;17.7.1981;1;0
TIBA;1;2.12.1975;0;1
FEI;2;1.3.1977;0;2
ATTCHE;1;15.4.1971;0;1
OZGURASLAN;1;7.9.1972;1;0
ERTOGROL;2;29.4.1950;2;0
SAYHILE;1;21.4.1982;0;1
ERTAP;31;24.8.1969;28;3
UMMUSUKRAN;1;12.12.1977;0;1
ZYLAYHA;1;14.6.1981;0;1
ARTAM;5;13.1.1964;5;0
ABDULNESIR;1;1.1.1972;1;0
SAVVSAN;1;18.7.1971;0;1
SECCET;3;14.9.1966;3;0
ARFIT;2;6.9.1958;2;0
MAAZES;2;5.6.1954;0;2
ATCHE;1;14.12.1981;0;1
TURCIN;33;18.5.1956;5;28
KAMUR;1;7.2.1972;1;0
LAZIP;1;2.2.1969;1;0
MELAMI;2;9.12.1968;2;0
REVAT;6;11.9.1966;6;0
AYCUREK;1;21.3.1974;0;1
ASANIYE;1;28.3.1955;0;1
BORBALA;1;13.10.1981;0;1
BINGOLE;1;9.8.1970;0;1
MUTELLIP;2;2.11.1963;2;0
LATEEF;1;23.2.1973;1;0
BILLAZ;1;17.5.1966;0;1
NEYDI;1;11.5.1951;1;0
EMIGULSUM;3;15.4.1979;0;3
KAROLINA;6;14.12.1951;0;6
EMENTE;1;2.2.1982;0;1
SEYYIDENUR;1;23.8.1991;0;1
MUGISIDDIN;2;5.2.1974;2;0
ABDUHRAHIM;1;1.2.1972;1;0
LETFIYE;3;10.1.1965;0;3
GULSEVDIM;1;17.8.1966;0;1
MEFCUDE;1;23.5.1966;0;1
MAHMUTSERKAN;1;20.10.1978;1;0
BERTIN;2;5.5.1978;2;0
HAMITALI;6;4.11.1965;6;0
S.BASRA;1;8.10.1971;0;1
AYIMNISA;1;2.8.1969;0;1
ABDULMUTELIF;1;6.1.1992;1;0
HUDAYIN;7;21.9.1961;6;1
ELIFENUR;2;20.1.1979;0;2
SEVINCH;5;15.11.1970;0;5
EVGIM;1;27.8.1986;1;0
HYUSEIN;1;1.11.1989;1;0
SOMRA;2;16.5.1962;0;2
AKAK;1;14.3.1940;1;0
AYDINOZ;1;26.4.1960;1;0
BEYTULKADIR;1;9.2.1967;1;0
ASIMALA;1;14.8.1979;0;1
SUMEYYENUR;2;19.9.1986;0;2
MARYVONNE;1;16.7.1947;0;1
FAYIMA;10;24.6.1964;0;10
ADISA;4;16.6.1966;0;4
JASEMIN;5;3.1.1972;0;5
AYCHEGUL;2;16.1.1975;0;2
REYNHAN;1;28.9.1975;1;0
GULICER;1;1.12.1964;0;1
NUCUSOARA;1;20.1.1978;0;1
RAHMIYA;1;27.12.1944;0;1
ZIYNE;7;25.10.1969;0;7
RABUN;5;8.1.1983;3;2
SEMEYYA;1;27.4.1971;0;1
OMERF;1;25.2.1992;1;0
SUBAHADDIN;1;2.7.1957;1;0
FIRISTAN;1;7.5.1952;0;1
CENKCELAL;1;10.10.1979;1;0
SENIFER;2;23.11.1962;0;2
KIBARHANIM;1;13.11.1976;0;1
BAYETTIN;11;8.3.1967;11;0
HAKEMIN;1;6.11.1974;0;1
IMILEYLAN;1;22.12.1973;0;1
MALE;3;10.5.1970;1;2
SUNNUS;5;20.11.1962;0;5
MUVAHHID;2;21.5.1989;2;0
NIIAR;2;21.7.1958;0;2
FIRATIYE;1;1.3.1961;0;1
IKNALE;1;19.6.1949;0;1
YUMYUGYUL;1;17.7.1990;0;1
KALEP;1;30.9.1973;1;0
LEYLIA;2;13.12.1973;0;2
AYRIE;2;7.1.1973;0;2
REYGANE;1;28.7.1973;0;1
FETIE;7;22.3.1956;0;7
BEYTHULLAH;1;28.1.1979;1;0
BINSEN;8;17.1.1973;0;8
ILVENT;1;12.6.1979;1;0
NARCIS;7;24.10.1978;0;7
EHAB;1;11.7.1971;1;0
MUZIFE;5;18.2.1944;0;5
CIMCIR;1;1.5.1965;1;0
MAHPERIZE;1;9.11.1977;0;1
ALIZERDUS;1;3.1.1972;1;0
EBROL;1;1.4.1974;0;1
ROLENT;1;7.8.1976;1;0
SADALET;1;29.4.1966;0;1
HOKNUR;1;4.2.1966;0;1
GOKEKIN;2;25.4.1978;1;1
SUSUL;1;26.12.1966;0;1
BABANUR;1;6.7.1983;1;0
AYTANE;4;28.11.1960;0;4
SAVIZER;6;29.3.1968;0;6
BELFUN;5;13.1.1985;3;2
FADIMETUZEHRE;1;16.10.1987;0;1
H.FATIH;1;2.8.1981;1;0
ZAKIMET;2;22.1.1961;0;2
NEZEAT;1;27.4.1974;0;1
NACIBERT;1;24.6.1938;1;0
APTILALIM;1;4.8.1953;1;0
REMZETIN;1;14.3.1969;1;0
GUNKUTNURUNNISA;1;27.10.1969;0;1
SEBAHIYYE;1;30.6.1970;0;1
HSIU;1;7.9.1971;0;1
MOHDES;1;11.4.1938;1;0
TAAHA;2;17.4.1979;2;0
KANDEF;14;2.3.1956;0;14
CEZADIN;1;23.3.1967;1;0
BIRAYDE;1;2.5.1975;0;1
SELVEDDIN;3;3.4.1956;3;0
ZIRRIHAN;1;28.4.1974;0;1
MILDEM;3;18.10.1974;0;3
SEVANE;2;6.3.1981;0;2
SAFAYET;6;9.3.1965;2;4
M.EDIP;2;22.10.1951;2;0
KASER;2;14.11.1973;1;1
HIBET;37;12.2.1969;24;13
GULTURHAN;1;28.1.1962;1;0
FANDIK;15;17.7.1953;0;15
LEMIYEZER;1;26.8.1981;0;1
MEMETBAKI;3;3.6.1970;3;0
OLKINAZ;1;1.4.1954;0;1
BATTIYAR;1;2.4.1990;1;0
SAHTEKIN;4;10.2.1970;3;1
PULUM;3;13.11.1972;0;3
VEYSIYA;2;18.6.1984;0;2
SINIHA;2;15.8.1966;0;2
MUKRESUN;1;22.2.1955;0;1
MENZIHER;2;14.10.1981;1;1
REMZIHAN;1;24.2.1983;0;1
MUFKESER;1;24.7.1973;0;1
AGUSTUN;2;26.7.1975;0;2
ZENON;1;2.2.1975;1;0
KAYHANIM;1;1.11.1985;0;1
FERAZIYE;3;25.11.1950;0;3
NARVIYE;2;24.7.1973;0;2
GULUSTA;1;22.7.1961;0;1
SANAYET;2;1.3.1989;0;2
NECAZETTIN;1;17.4.1972;1;0
VELKIYAZ;1;20.11.1955;0;1
HACICETE;2;14.2.1970;0;2
UGURKADIR;1;5.3.1980;1;0
IDIYET;1;21.6.1971;0;1
CEVAHAR;1;30.6.1974;0;1
VESVIYA;2;11.9.1971;0;2
TEVNUR;1;8.11.1991;1;0
HIKMETULHUDA;1;2.11.1990;1;0
AZIMAN;2;22.10.1967;0;2
MENDASI;1;1.2.1961;1;0
UMMENI;1;1.9.1965;1;0
NECBET;4;15.3.1962;4;0
FADIHA;1;29.3.1968;0;1
HAYLUK;1;7.12.1958;1;0
MABIP;1;19.10.1982;0;1
AYALTILI;1;9.1.1992;1;0
ISNEM;1;1.11.1977;0;1
TACERAN;1;26.11.1976;0;1
VERZETTIN;1;2.6.1963;1;0
AZZAM;8;19.11.1961;8;0
SEPHIYE;1;11.5.1950;0;1
BESNIYE;4;6.6.1969;0;4
FININCA;1;10.8.1968;0;1
ZUHIBE;1;24.2.1974;0;1
DIRSAH;13;10.3.1958;0;13
BEYTUNAZ;1;29.11.1968;0;1
SUMANPERI;1;23.11.1955;0;1
VAHIDEGUL;3;19.12.1976;0;3
YANAYIR;1;21.3.1950;1;0
BEDUS;4;17.11.1973;0;4
SUKURLUGUL;1;22.2.1957;0;1
MESSER;8;26.9.1946;0;8
LETIK;1;26.12.1942;1;0
EZHANIM;1;27.2.1950;0;1
HULEYYE;1;12.7.1953;0;1
HATTE;1;17.11.1966;1;0
MASLIHAT;2;30.9.1971;0;2
CEBRAIEL;1;9.8.1988;1;0
MILYAZ;1;27.4.1980;0;1
HARSIYE;11;10.2.1960;0;11
HEMRE;2;15.8.1974;1;1
FERAA;1;11.12.1974;0;1
NESIPOGUZ;1;12.9.1991;1;0
HAYRUMMISA;1;8.9.1967;0;1
CAMETTIN;6;22.10.1973;6;0
LIYAETTIN;4;20.12.1969;4;0
ACEPNAZ;5;22.10.1964;0;5
ELEMZER;1;7.2.1958;0;1
NUSRETTEN;1;30.5.1962;1;0
FENEHANIM;1;6.3.1931;0;1
MEKKEH;1;28.1.1991;0;1
YASARMEVLUT;1;15.3.1980;1;0
HASREF;2;17.8.1949;2;0
SARABEYIM;2;23.12.1967;0;2
YUHSEREN;1;12.2.1971;0;1
TOHCE;1;3.9.1991;0;1
FATMABEYIM;1;27.1.1976;0;1
HIKIME;1;21.12.1962;0;1
KODA;1;2.4.1951;0;1
MUHSERE;2;25.8.1952;0;2
NURGAT;4;27.10.1957;2;2
GULNIFER;2;21.10.1982;0;2
SIHIDE;1;12.4.1971;0;1
CEMFER;3;1.10.1980;3;0
RUVVEYDA;1;26.3.1982;0;1
TORULTAY;1;23.4.1991;1;0
BANIM;1;29.8.1966;0;1
FURIDDIN;1;2.2.1975;1;0
HICMETTIN;1;21.5.1965;1;0
SUHARA;2;14.7.1948;0;2
CIYRAN;2;20.8.1948;0;2
MURTEZIME;1;7.6.1982;0;1
AGAALI;11;4.1.1946;11;0
ASLIZAR;1;27.8.1926;0;1
M.YENIGUL;1;22.1.1960;0;1
ELFUZ;7;25.7.1955;0;7
MIRSEDDIN;4;27.8.1965;4;0
MECBETTIN;2;1.6.1956;2;0
TURGAHAN;1;14.9.1986;1;0
ABDURRAHEM;1;13.8.1982;1;0
YEMISEN;10;9.5.1965;0;10
GULPASAH;2;24.5.1949;1;1
FIKRETDIN;6;23.2.1960;6;0
SAGSENEM;2;28.8.1963;0;2
ZUMUDE;1;6.5.1943;0;1
TOYIT;2;19.1.1974;2;0
MAIF;1;24.3.1959;1;0
MECMURYE;1;22.5.1973;0;1
MUHIPALI;2;29.4.1947;2;0
SIBGET;11;12.1.1978;11;0
GULSELVI;1;1.6.1974;0;1
SEVDESON;1;22.8.1961;0;1
ETROL;1;18.3.1972;1;0
MIKRINAZ;1;1.9.1977;0;1
DEREGUL;1;21.3.1977;0;1
AYBEDULLAH;1;22.6.1955;1;0
MEMETSALE;1;22.2.1967;1;0
GAZERE;1;1.12.1950;0;1
HAVEL;2;18.4.1980;0;2
MUDRUKE;4;1.2.1968;0;4
HAKIZER;5;30.9.1963;0;5
NEPER;1;19.4.1953;0;1
MAHITTIN;2;24.10.1979;2;0
MUSHABETTIN;1;6.6.1979;1;0
CUMBET;1;30.4.1992;1;0
GULETER;4;25.7.1956;0;4
EMRAZ;4;1.5.1969;3;1
KASMIR;1;7.3.1958;0;1
UMUGESIM;1;12.3.1976;0;1
AMAMA;1;24.3.1929;0;1
EMIREL;4;5.7.1967;3;1
ZULFUMAR;1;27.6.1974;0;1
AYEDIN;1;2.5.1963;1;0
KESNUR;1;2.3.1982;0;1
NIFISE;1;24.5.1955;0;1
ATUCA;1;21.1.1954;0;1
SEMIYETE;10;2.12.1983;0;10
DAGLARKRALI;1;28.2.1967;1;0
BAHRIIYE;1;23.3.1992;0;1
UBEDULLAH;10;25.8.1956;10;0
ADNANBEY;3;5.4.1967;3;0
AURELA;1;14.11.1972;0;1
GULPERIZE;1;12.2.1941;0;1
VESIKE;1;22.4.1978;0;1
NURIKEMAL;1;21.8.1971;1;0
MUAZER;3;6.6.1975;0;3
HURIZAMAN;1;12.9.1953;0;1
NABAN;1;11.1.1971;1;0
HIKMETMUSA;1;3.9.1958;1;0
NEFFER;1;1.6.1969;1;0
DEVLETLI;4;11.9.1963;2;2
LUTFUSAH;2;20.3.1958;2;0
NIYACA;1;19.8.1970;0;1
NEZAIM;12;27.6.1965;12;0
HACIORUC;1;22.2.1955;1;0
ILKCICEK;1;25.7.1965;0;1
GEDIZHAN;1;25.3.1983;1;0
SEVDIKAN;1;24.3.1991;0;1
ELIND;2;22.9.1991;2;0
MUGEYYE;1;11.7.1963;0;1
ALIFIYE;5;30.5.1968;0;5
NURULKADIM;1;7.2.1982;1;0
MAFIROZ;2;6.1.1963;0;2
MULKUN;1;29.10.1978;0;1
SAMSINAR;1;12.2.1953;0;1
SEYITBALI;1;24.7.1987;1;0
MUFEKKIR;1;30.3.1960;0;1
UROL;3;16.9.1971;3;0
RAYETTIN;1;27.2.1962;1;0
HALIMBICAN;1;20.2.1957;1;0
MEDINEYI;2;16.3.1962;0;2
KIVANCER;1;23.1.1939;1;0
FEYZUNNISA;2;25.10.1932;0;2
ABDULBASET;2;5.12.1960;2;0
DIREFSAN;1;26.3.1989;0;1
LYALYA;1;18.10.1966;0;1
CHELSEA;1;24.8.1989;0;1
MEHEND;1;5.8.1975;1;0
LUAI;1;30.9.1974;1;0
ALIKONUR;1;1.6.1978;1;0
MIHDA;2;17.9.1973;0;2
RASA;7;3.9.1979;1;6
FILDIS;1;5.5.1967;0;1
NUHTER;1;1.7.1944;0;1
DUHAT;1;7.8.1939;1;0
MUSTIFAN;1;22.4.1955;1;0
BERSUM;1;13.6.1959;0;1
K.AHMET;1;22.5.1979;1;0
SAYTAC;2;18.3.1968;0;2
SIRMIN;1;23.3.1946;0;1
M.SAYIM;1;17.2.1966;1;0
ZEYBETTIN;2;5.5.1967;2;0
AHARON;1;25.8.1969;1;0
ZELIBE;1;16.10.1972;0;1
BINICI;3;18.3.1957;3;0
HANSEREF;2;10.4.1948;2;0
IBES;1;10.6.1935;1;0
KAYIDE;2;10.5.1941;0;2
VAHIDTIN;3;27.2.1971;3;0
VERULLAH;2;1.3.1967;2;0
MAHIPERUS;1;2.2.1951;0;1
KIZCA;1;26.5.1943;0;1
NEHCET;1;7.2.1940;1;0
GUFLE;1;26.11.1969;0;1
BERKAND;3;2.9.1982;3;0
CEZMINAR;2;3.7.1960;0;2
ERKER;4;26.1.1988;4;0
KOCADAG;1;15.4.1939;1;0
SUEDE;5;20.8.1961;0;5
VITNET;1;29.4.1962;0;1
SENCAL;4;28.9.1959;0;4
CAGBAY;3;9.12.1955;3;0
YOCEL;1;8.1.1940;1;0
SEVZET;2;29.4.1951;1;1
RAISAT;2;15.1.1971;0;2
CUDIBEY;1;1.4.1985;1;0
GOKHILAL;1;15.5.1976;0;1
CANBAZ;2;5.12.1953;2;0
BAHAMETTIN;3;7.5.1964;3;0
MIRCAHIT;1;27.2.1956;1;0
REMZEYE;2;29.8.1975;0;2
HAVVACAN;5;6.5.1972;0;5
DAHYAN;1;5.4.1956;1;0
ZIBAGUL;2;25.5.1971;0;2
FETHET;2;11.7.1961;1;1
SAFSEN;2;3.1.1945;0;2
BARISOZGUR;1;2.6.1984;1;0
MUSARI;1;12.2.1947;1;0
GURSEM;7;20.1.1963;0;7
AYFERBEY;1;26.3.1957;1;0
MAKBUZE;13;6.4.1954;0;13
TERAM;1;12.2.1959;0;1
ZELVIDA;1;17.8.1960;0;1
PURCAY;1;16.5.1962;1;0
ZEKAATTIN;2;6.8.1967;2;0
SEDAFAT;1;29.5.1946;0;1
NEZAHETE;1;20.11.1949;0;1
EHLULLAH;5;2.10.1985;5;0
RACHIDA;2;11.2.1964;0;2
CUMAGULU;1;2.2.1963;0;1
YUGLET;1;7.4.1972;0;1
TUGAC;2;2.11.1978;2;0
CITTO;1;17.8.1966;0;1
FIKRIMDE;1;29.7.1989;0;1
SEMIGAN;1;11.11.1971;0;1
NEVIZAR;2;15.8.1952;0;2
GULHATTIN;2;1.2.1965;2;0
SAHBEDER;1;15.4.1953;1;0
ASIGIN;1;8.3.1970;1;0
F.ASUMAN;1;24.2.1956;0;1
MUAMMBER;1;24.3.1949;1;0
NESMA;3;3.7.1975;0;3
MERTOZAN;1;16.11.1976;1;0
ERFIGAN;4;2.4.1963;3;1
MEKIM;1;22.5.1949;1;0
GHIULSEN;3;8.2.1962;0;3
HAYRUNNUSSA;1;24.4.1959;0;1
GUNIL;3;9.8.1965;0;3
MOTTHEW;1;11.6.1970;1;0
AYIZ;1;2.8.1962;1;0
MUFERRIH;2;22.9.1944;0;2
KOZHAN;2;25.3.1953;2;0
YUTA;1;26.7.1963;0;1
ISHIN;1;3.4.1974;0;1
BARAY;2;22.2.1981;0;2
MURATAY;1;29.6.1984;1;0
OTHAR;1;6.4.1983;1;0
BERILHAN;2;8.9.1977;0;2
TEZEY;1;14.7.1943;1;0
GUCSAL;1;24.4.1984;1;0
ROZLIN;3;5.12.1975;0;3
MILLISER;1;7.2.1934;0;1
ALINIHAT;19;17.7.1958;19;0
MUSTEHIDE;1;18.4.1982;0;1
NINGUR;3;1.5.1958;3;0
H.FUSUN;1;11.11.1969;0;1
MAYRE;2;12.2.1977;0;2
ZORAL;1;1.12.1982;1;0
BERKSEN;2;20.11.1985;2;0
MINEZ;4;3.4.1985;1;3
SERIBE;10;1.11.1958;0;10
FAYTUN;2;12.8.1923;0;2
BIHRAT;4;12.6.1958;3;1
BURIN;4;4.8.1970;0;4
ALPERCEM;2;30.12.1969;2;0
MALKIYE;2;18.9.1973;0;2
GIZLIYAN;1;2.2.1969;0;1
BLEZ;1;17.4.1956;1;0
SAHINNUSA;1;24.2.1949;0;1
BIL;6;15.12.1968;3;3
SAPER;1;3.3.1989;1;0
SEYUBAN;1;15.2.1986;1;0
REFAUTTIN;1;6.11.1948;1;0
EMATA;1;21.1.1956;0;1
KIZMAN;1;3.10.1971;0;1
HUBUYER;1;26.5.1948;1;0
NECATDI;1;21.8.1957;1;0
BANUH;2;1.7.1979;0;2
CIGTEM;1;27.2.1980;0;1
NAVRIYE;2;29.11.1955;0;2
HUKMURAN;1;20.9.1969;0;1
MIHLE;1;6.8.1976;0;1
NAGER;1;19.4.1941;0;1
FINDES;1;12.2.1965;0;1
GULHERAN;4;7.7.1975;0;4
SEFETA;1;2.8.1951;0;1
CEDIHAN;1;8.4.1951;0;1
ZENNIJAN;1;3.10.1977;0;1
PERVA;2;6.3.1968;0;2
YERGUN;1;6.7.1969;0;1
AGNETA;1;21.5.1968;0;1
MAKBELE;1;3.2.1976;0;1
CETINALP;1;11.4.1937;1;0
MAKUP;1;6.4.1975;0;1
GULHECE;1;29.1.1986;0;1
MUKUSA;2;4.2.1959;2;0
GUNERE;1;12.2.1947;0;1
BEDEHAN;1;1.9.1970;0;1
BUGCA;2;28.2.1990;0;2
RUHUCAN;2;26.4.1962;1;1
ULASE;12;16.9.1947;0;12
MUFCEVVER;1;8.8.1961;0;1
NUTEMIN;1;15.2.1964;0;1
MUHLISCAN;1;13.9.1945;0;1
SUKUVE;1;11.1.1942;0;1
SASEN;1;7.2.1958;0;1
MUZAITTIN;2;7.9.1959;2;0
KEKRIZAR;1;17.4.1948;0;1
NAZLAM;1;8.5.1986;1;0
COSAT;1;15.9.1961;0;1
NESRURE;1;7.5.1972;0;1
YAVES;5;21.7.1965;5;0
GUVAN;2;18.6.1973;2;0
DAALLIN;1;30.8.1976;1;0
SEYFU;6;10.2.1965;5;1
MURACET;1;26.7.1976;1;0
YUZEL;2;1.2.1977;1;1
HAYZULLAH;1;15.10.1927;1;0
FEDAHIYE;2;26.12.1940;0;2
SENBEM;1;6.2.1984;0;1
NIMEL;2;19.10.1979;0;2
ATUL;3;18.9.1969;3;0
TERFIDE;4;10.5.1960;0;4
GULEPTEN;1;1.9.1961;0;1
SUNMAZ;2;3.8.1940;1;1
ZULFIYAR;7;20.12.1949;1;6
ILKKAY;3;13.8.1980;1;2
JAALE;2;19.10.1966;0;2
SAFFIYE;6;14.4.1970;0;6
SENSEVIL;1;1.10.1966;0;1
NUSYET;2;17.2.1941;0;2
GULZERGUL;1;2.1.1962;0;1
HUSNUAY;2;24.1.1979;0;2
JEFFI;1;23.8.1951;1;0
HANGIRAY;1;21.7.1988;1;0
PAYINDE;1;2.2.1975;0;1
DUREDA;2;6.4.1953;0;2
FREDERIQUE;1;23.5.1967;0;1
SEYEBAN;1;10.1.1964;0;1
AMIRAN;5;30.11.1966;1;4
DURICE;1;27.3.1956;0;1
OSMANZADE;1;30.6.1963;1;0
VESAIL;1;21.9.1940;1;0
HARUNBEY;1;22.3.1943;1;0
SOYZADE;9;25.6.1958;0;9
MULEKBER;1;26.1.1976;0;1
DUNYAMETDIN;1;16.10.1962;1;0
MAIDENUR;1;30.5.1990;0;1
BILENGUR;1;12.5.1971;1;0
ERSES;7;11.1.1959;6;1
ENABIL;1;18.4.1968;1;0
BENEVUS;1;12.5.1959;0;1
SONMEZER;2;13.5.1968;2;0
ANICIA;1;12.2.1967;0;1
DOAA;2;28.1.1980;0;2
VANUHI;1;26.9.1941;0;1
OZGURUTKU;1;23.1.1990;1;0
DILSIYA;2;5.11.1968;0;2
TURKKEN;3;22.9.1947;0;3
AINOUR;2;29.11.1977;0;2
MAYTA;3;24.8.1962;0;3
GHIULSEREN;2;5.6.1947;0;2
BURCKAAN;2;12.5.1973;2;0
BASBINAZ;1;3.4.1969;0;1
SELDEREN;1;27.2.1968;0;1
BULIME;1;5.4.1975;0;1
KASIMMERT;1;13.6.1982;1;0
TELVIYE;3;27.9.1941;0;3
DERRUN;1;1.2.1979;1;0
SABIRCAN;3;26.1.1980;3;0
HAMZO;5;20.7.1948;5;0
RAZNIAN;1;6.6.1943;0;1
FELOUR;1;8.7.1966;0;1
GUVENOZ;1;28.12.1972;1;0
YURDAGUZEL;4;3.7.1963;0;4
ABDULNECAT;3;16.1.1972;3;0
SAYGISEN;1;4.12.1980;0;1
EMEKCAN;4;27.1.1987;3;1
MUZEKKI;3;21.8.1967;3;0
MESEDIYE;31;26.3.1974;0;31
ILKKAR;2;14.7.1990;1;1
DEVRAY;1;28.10.1978;0;1
SAMHALIL;14;10.8.1947;14;0
SUANUR;3;17.2.1977;1;2
PAYETTIN;1;26.11.1948;1;0
NIKKET;1;2.9.1932;0;1
MILBERT;1;27.1.1977;1;0
KERIMSAH;2;5.11.1977;2;0
HALITAGA;3;8.3.1969;3;0
GOGERCI;1;7.5.1978;0;1
ASELA;1;12.1.1992;0;1
TEBRIKE;7;30.12.1965;0;7
RAZIYEN;2;19.5.1966;0;2
DURSALI;3;18.6.1960;0;3
MELAET;3;20.9.1944;0;3
SUSFIBER;1;22.8.1925;0;1
MEKNIZE;1;8.2.1964;0;1
BERSEN;7;13.3.1965;1;6
FEHMICAN;5;28.8.1989;5;0
ESLIHA;1;3.8.1986;0;1
TEVAKIF;1;26.4.1975;1;0
NECMUSSEMA;1;28.9.1964;0;1
CILDIRAY;3;12.8.1977;3;0
CAGLAY;5;27.3.1977;3;2
SEMDULAY;1;12.12.1989;1;0
NAMIGOR;1;16.6.1957;0;1
ZURYE;5;28.4.1971;0;5
GULKIN;4;9.10.1960;0;4
MUKATES;6;25.11.1959;0;6
MELAYIM;6;19.3.1973;6;0
NECMIYYE;1;1.6.1947;0;1
NAFINA;2;1.5.1962;0;2
UMMED;5;28.5.1984;5;0
MUSTABAK;2;7.2.1959;2;0
KALIROYI;1;3.6.1929;0;1
GENCINAR;1;7.2.1946;0;1
SEVENGIN;1;23.4.1961;1;0
SIYIMA;1;3.8.1964;0;1
ELMUZAR;1;2.8.1951;1;0
MUBAKAT;1;19.6.1932;0;1
HUDANVER;1;11.8.1944;1;0
FETHIYADIKAR;1;19.4.1954;1;0
BERNAF;1;17.2.1978;0;1
GETAYI;1;14.6.1965;0;1
RAYMA;1;26.12.1941;0;1
DURUBEN;1;28.5.1986;0;1
UYSUN;2;30.8.1980;1;1
YESRIN;1;7.6.1984;0;1
KENIME;6;1.6.1961;0;6
OZGURCE;1;21.10.1981;1;0
DADAK;1;27.7.1950;0;1
US;1;7.2.1970;1;0
HEKIMET;4;8.1.1948;3;1
AISLU;1;18.1.1972;0;1
HABIBEGUL;3;23.4.1982;0;3
MA;2;21.11.1972;0;2
GUVET;1;30.7.1974;1;0
GENCAG;2;11.12.1974;2;0
MUGUDDEDE;1;17.4.1942;0;1
MIDRAF;5;27.7.1945;5;0
MUHSIL;1;19.4.1951;1;0
YUNUSKENAN;1;30.11.1984;1;0
ZARLAST;1;17.8.1972;0;1
RAYZE;2;24.1.1967;0;2
KAYINET;1;24.12.1979;1;0
SERENUR;1;10.6.1989;0;1
HOSKADIN;1;7.2.1976;0;1
EMENSER;1;11.1.1971;0;1
BEKSEFA;4;19.2.1961;4;0
EVZA;4;10.3.1963;2;2
SARIYOL;1;23.12.1962;0;1
NURBARAN;2;3.6.1989;1;1
MEMETEMI;1;21.2.1971;1;0
SUNTUZ;2;19.3.1956;0;2
HEMZURE;2;1.9.1938;0;2
RALA;1;30.9.1959;0;1
OMERA;1;10.7.1974;1;0
YUSAHAN;1;13.7.1971;1;0
ULKUYEN;1;27.2.1970;0;1
MUHADDES;2;12.7.1968;1;1
FELIZ;3;28.5.1976;0;3
ERTURHAN;9;25.4.1957;9;0
BEHANUR;1;17.9.1982;0;1
BOLEN;2;26.10.1961;2;0
TUKYA;1;6.9.1984;0;1
SEYFFEDIN;1;14.3.1971;1;0
CEHANGER;1;22.6.1973;1;0
SELNARE;1;11.8.1943;0;1
HAFIZER;3;18.1.1971;0;3
VAADIM;1;9.9.1983;1;0
UZEIL;1;16.1.1973;1;0
KERZIHAN;1;16.7.1970;0;1
AHBIR;1;22.1.1983;0;1
EBUHALIT;1;29.5.1982;1;0
GULHANEM;1;23.3.1965;0;1
NIHAIL;2;7.5.1970;1;1
BEGJEN;1;26.3.1978;1;0
NEDIHAN;9;1.1.1969;0;9
ZISAH;1;22.4.1972;0;1
VERGINAZ;1;21.9.1976;0;1
PERAS;1;17.4.1936;0;1
GUNNADIYE;4;17.7.1952;0;4
NURDAYUR;3;18.3.1956;0;3
NUNAS;1;6.8.1937;0;1
NAYAP;1;3.2.1956;0;1
BEYAZA;3;5.7.1958;0;3
AYPOLAT;1;23.1.1981;1;0
BAGAGUL;1;2.6.1974;0;1
JESMI;2;21.12.1974;1;1
SEVEKI;1;29.6.1959;0;1
FAZLURRAHMAN;1;1.8.1981;1;0
CEPNI;3;27.9.1950;3;0
PIKER;5;6.4.1956;1;4
AKTES;3;22.9.1967;1;2
ELBIRHAN;2;24.6.1978;1;1
BEYBUREK;1;4.3.1944;1;0
MUKIB;1;26.6.1966;1;0
ILIC;4;20.9.1978;1;3
RAYISE;6;18.1.1972;0;6
MENMET;3;11.11.1964;3;0
MURDIE;1;25.9.1981;0;1
MHETAP;1;9.5.1977;0;1
ZEKRET;1;7.7.1958;1;0
SANNUSAN;1;30.3.1964;0;1
AYSENNAZ;1;6.10.1976;0;1
MERVETE;1;12.4.1971;1;0
YURTLAN;1;12.2.1963;0;1
GUNEYI;3;24.1.1978;2;1
DONUSE;9;28.10.1958;0;9
UFALET;1;14.1.1962;0;1
SERBATI;1;21.5.1964;1;0
SUULET;1;6.11.1978;0;1
AISYAH;1;16.1.1977;0;1
ATSETE;1;17.2.1966;0;1
SABAA;3;10.10.1965;0;3
BENGUNUR;2;12.1.1988;0;2
GAZIZE;2;24.4.1954;0;2
SEMILHAN;1;4.12.1944;1;0
YUGNIS;3;7.11.1963;3;0
ZENNEBE;1;21.3.1950;0;1
HEMINGUL;2;17.1.1962;0;2
SENANI;5;28.10.1961;5;0
SURANI;1;11.11.1971;1;0
GURAYA;1;7.3.1960;0;1
LERZENUR;1;18.7.1985;0;1
TALEYIN;1;12.8.1955;1;0
HAVVAH;2;14.11.1963;0;2
STELIANA;3;30.11.1968;0;3
HAIDE;4;14.10.1953;0;4
RUSPIN;1;26.10.1978;0;1
HAKKIREIS;1;28.1.1937;1;0
BIRDA;3;3.1.1978;0;3
SURUS;1;19.10.1988;1;0
ALAATTINHACI;1;17.4.1968;1;0
MELIYKA;2;7.8.1946;0;2
MILISA;1;27.8.1950;0;1
DUCEM;4;26.8.1985;0;4
ALIBAHADIR;1;7.4.1940;1;0
FAMILYE;1;7.10.1928;0;1
ZIYAVUZ;1;1.12.1960;1;0
FILSUN;3;21.4.1968;0;3
RUSES;2;22.6.1946;0;2
OCVET;1;1.9.1961;1;0
BAHHITTIN;1;7.6.1969;1;0
CARLA;6;2.8.1966;0;6
NEYLER;1;12.3.1970;0;1
YILDIRIMALP;1;29.8.1950;1;0
ARTIYE;1;18.4.1945;0;1
YULKA;1;2.8.1939;0;1
IMMUGULSUN;3;15.11.1965;0;3
HANUMAN;1;24.7.1962;0;1
M.CELALEDDIN;1;26.12.1960;1;0
TUATAY;1;2.12.1983;1;0
BERKSUN;1;12.6.1989;1;0
GULNALAN;1;15.10.1989;0;1
MIGRINAZ;1;29.10.1970;0;1
SEFDALI;1;1.2.1966;0;1
UMADER;1;16.4.1950;0;1
NURIBA;4;1.5.1957;1;3
SEKERIYA;14;5.9.1966;1;13
NIGAY;2;28.8.1978;0;2
GULFIYEN;2;2.8.1962;0;2
TADEUS;1;23.2.1969;1;0
KRISA;1;30.3.1957;0;1
VICENTE;1;7.8.1928;1;0
YUZEF;1;16.3.1967;1;0
ISTELA;1;17.2.1942;0;1
BOLEK;1;26.9.1947;1;0
KRYSTYNA;2;24.10.1973;0;2
ELGENIA;1;24.11.1960;0;1
MODEST;1;21.6.1959;1;0
LESLAF;1;2.12.1938;1;0
TADAYUS;1;7.2.1953;1;0
KOSTANDINO;5;3.12.1944;5;0
ETVAR;1;28.2.1919;1;0
LUDWIK;1;5.7.1971;1;0
MARILYN;5;22.9.1965;0;5
JANWITOLD;1;29.5.1966;1;0
RISART;1;19.3.1940;1;0
LEONARD;2;4.8.1951;2;0
FILOMENA;3;30.7.1955;0;3
MICESLAV;1;28.1.1942;1;0
NESIBULLAH;5;4.9.1954;5;0
OZNU;1;21.3.1966;0;1
IKNAZ;3;6.9.1975;0;3
NAZIKNAZ;3;13.2.1968;0;3
MUSADDAK;1;1.12.1936;1;0
HULLIYA;1;11.9.1974;0;1
FADIMI;3;21.1.1967;0;3
DINCALP;1;23.6.1947;1;0
NURUAYAN;1;27.3.1949;0;1
DAN;3;16.6.1976;3;0
SANTA;2;24.6.1968;0;2
TESNIM;10;5.9.1983;1;9
PENBIK;1;20.5.1929;0;1
CATHERINA;3;24.10.1961;0;3
HEDIYESU;1;5.11.1964;0;1
TUMERCAN;2;29.3.1989;2;0
NARGULI;2;16.8.1960;0;2
SAADETE;6;23.11.1955;0;6
ELISABETTA;2;11.10.1954;0;2
SOYKUT;6;5.6.1974;6;0
R.ENVER;1;8.2.1965;1;0
ALBORA;2;14.3.1975;2;0
EMINENURGUN;1;23.4.1931;0;1
ULKUSEVGEN;1;1.6.1964;0;1
ROSANA;2;7.4.1967;0;2
HELADIA;1;14.3.1956;0;1
EFFANIYE;14;30.4.1955;0;14
HURKAY;1;22.3.1982;1;0
ARTE;1;24.12.1966;0;1
FINET;3;10.9.1943;0;3
ADBEL;1;28.11.1976;0;1
SISSIAN;1;9.8.1980;0;1
AGEN;2;19.2.1953;1;1
ASVAN;1;25.10.1980;1;0
SEQJUAN;1;30.8.1977;1;0
OVUC;2;20.1.1960;0;2
MEZNUNE;3;22.10.1964;0;3
GULEYSA;2;9.10.1967;0;2
OGIN;1;16.6.1981;1;0
KIHALIDA;1;7.5.1978;0;1
GUYAS;1;14.10.1933;0;1
KUMUL;2;4.7.1956;0;2
ZADELER;1;26.8.1937;1;0
LILER;3;24.9.1975;0;3
HOSRA;1;22.8.1925;1;0
OMBER;8;19.8.1972;0;8
HUNKAN;2;27.8.1980;2;0
ERTUHI;1;15.7.1966;1;0
BADTALGAZI;1;22.6.1987;1;0
ERCIM;7;15.6.1982;6;1
SOVIK;1;17.8.1948;0;1
PASI;4;21.11.1936;1;3
HALETTIN;13;2.2.1962;13;0
SEMMUZ;7;2.6.1971;7;0
MIZA;2;8.12.1948;1;1
SAYMEN;2;21.5.1971;0;2
REFIYYE;3;20.5.1952;0;3
BINNIZ;1;9.5.1978;0;1
MAZIAT;1;27.8.1968;0;1
ERKON;2;8.5.1975;2;0
NAGIAN;6;14.10.1974;0;6
MAEPURE;1;1.12.1934;0;1
BAYLOS;3;16.2.1972;3;0
SIVENDI;2;8.12.1957;0;2
MADJALKA;1;15.12.1952;0;1
FAMIE;1;1.9.1973;0;1
FAILATUN;1;27.1.1955;0;1
METAB;1;23.10.1976;0;1
ANAMARIA;2;21.2.1979;0;2
HAMIDREZA;1;7.7.1978;1;0
METEKADIR;1;8.9.1976;1;0
UMMURAL;1;21.2.1978;0;1
TEDRIN;1;22.11.1980;0;1
TEKMINI;1;7.5.1957;1;0
BEGUMCAN;1;27.12.1980;0;1
TALUSTAN;1;1.7.1971;1;0
VEDID;3;12.2.1943;3;0
ZEHKIYE;1;5.2.1954;0;1
E.HALIDE;1;5.3.1973;0;1
GONCAHAN;2;22.7.1985;0;2
OLYAR;4;7.4.1961;4;0
SERIFEBILGE;1;1.9.1986;0;1
SERSAN;4;13.3.1977;3;1
URUMLU;1;23.10.1964;1;0
TIMURSAH;4;4.7.1984;4;0
PELECAN;1;30.3.1974;1;0
ENKELEJDA;1;1.4.1972;0;1
GULDENSU;1;9.3.1992;0;1
ENDIL;1;19.9.1986;1;0
LILAV;1;30.8.1989;0;1
SERBEY;5;6.5.1982;5;0
GURDUSTAN;1;12.11.1983;0;1
LUYIZ;1;29.12.1954;0;1
MOLINDA;1;1.10.1980;0;1
NUHHAT;1;29.1.1970;1;0
NURCAM;1;30.9.1986;0;1
IBRAHAM;1;28.11.1946;1;0
MIGREN;1;27.3.1954;0;1
DRISSIA;1;11.1.1965;0;1
SEYLIN;2;21.6.1983;0;2
KOSER;20;25.7.1952;0;20
DURAKSAN;3;12.5.1953;0;3
SEMUHAN;1;15.10.1974;0;1
BIROZ;2;20.11.1985;2;0
M.TAHA;1;9.3.1974;1;0
JULA;1;16.1.1965;0;1
ZENETA;1;21.3.1972;0;1
RENKAY;1;2.1.1979;0;1
MEHRIYEM;3;16.6.1974;0;3
VICTORIIA;1;8.10.1973;0;1
ANILGAZI;1;24.2.1990;1;0
GURAK;6;10.5.1982;6;0
HERMON;2;19.2.1971;2;0
SUMERAN;3;10.6.1956;0;3
AICHA;3;29.9.1970;0;3
HAFAZA;3;10.6.1964;0;3
ALIMUCAIT;1;20.12.1976;1;0
RAISSA;2;24.3.1955;0;2
FAHRIGUL;1;27.8.1959;0;1
BINEL;12;11.6.1975;5;7
KALIMULLAH;1;9.9.1970;1;0
NEZGER;1;30.7.1981;0;1
VECDAY;1;3.8.1967;1;0
RUBEYZA;1;4.3.1992;0;1
IMPARATOR;3;16.12.1979;3;0
TULUL;2;29.3.1955;0;2
ADGUL;1;21.6.1954;0;1
NILBELIZ;1;17.10.1988;0;1
HAYRIMAN;1;27.5.1956;0;1
YOLHAN;1;1.3.1983;1;0
MEDIKERRAP;1;3.5.1957;1;0
ARLENE;1;6.6.1976;0;1
MUAZEZZ;2;9.10.1984;0;2
AHSENUL;4;3.5.1973;0;4
DAGISTANLI;3;1.3.1968;3;0
MUBACCEL;1;23.4.1960;0;1
MERDEM;4;21.7.1973;3;1
NIHER;2;11.11.1978;0;2
SIBELYA;1;4.3.1979;0;1
KUCUKTEPE;1;21.2.1939;1;0
ETUL;3;6.2.1981;1;2
OVKUNT;1;27.3.1987;1;0
OVKU;2;29.2.1983;1;1
SUDAG;1;24.7.1950;0;1
TEMURLENK;8;4.7.1954;8;0
ENABIR;3;10.11.1960;3;0
GENCTAN;2;6.9.1976;2;0
SERBA;7;26.1.1964;0;7
VITALIA;2;17.7.1978;0;2
RIFAEL;1;17.6.1969;0;1
ARDEHA;1;21.4.1971;1;0
SERAAT;2;21.9.1975;2;0
NERTIN;2;16.12.1982;2;0
AKTOLGA;5;8.12.1972;5;0
GOLKAN;5;22.4.1983;4;1
NOURAY;1;27.8.1962;0;1
FIGENYA;1;28.11.1973;0;1
SELCUKCAN;1;29.6.1985;1;0
CANKART;3;8.1.1983;3;0
HEYBUL;1;26.11.1972;1;0
NAMICAN;1;9.12.1983;1;0
AYSEMANUR;1;6.2.1991;0;1
MERAJ;1;29.9.1978;0;1
MUFTEDIYE;2;24.11.1966;0;2
ORTACAN;1;5.5.1941;1;0
YUSUFSAN;1;11.2.1992;1;0
KAZIMSAN;1;19.12.1990;1;0
UMUTBURAK;1;23.10.1991;1;0
MYADINE;1;15.8.1983;0;1
PANGULAT;1;27.3.1962;0;1
EMANURULLAH;1;26.6.1970;1;0
ABUGUL;2;20.7.1972;0;2
SEPRIL;2;14.1.1982;0;2
LEKBER;1;17.9.1988;0;1
DILEVIN;4;10.2.1984;0;4
CEYLANPINAR;2;6.6.1984;0;2
BAHTEN;3;11.7.1974;3;0
FRANSOYI;1;14.9.1957;0;1
NEVCIHAR;1;2.7.1953;0;1
AYNIMAK;1;8.4.1967;0;1
DEVKURT;1;9.6.1975;1;0
GUNMIHAL;1;25.6.1958;0;1
IMUR;2;21.9.1946;2;0
VAID;4;29.2.1965;4;0
KIVAMEDDIN;1;26.5.1937;1;0
BENVUR;1;12.2.1977;1;0
GUNCAL;2;29.3.1974;1;1
SEVGISAR;7;10.1.1970;0;7
ARLINDA;2;22.5.1980;0;2
ZULHUYA;2;21.11.1969;0;2
SERVEST;2;11.11.1951;0;2
TEFSIRE;10;5.10.1949;0;10
CEMKUTAY;1;30.3.1976;1;0
SADRICAN;1;1.4.1992;1;0
NAZIRESINEM;1;11.9.1978;0;1
SUNGUS;1;11.1.1976;0;1
HANNOS;2;29.9.1954;1;1
SECILGUL;1;26.7.1967;0;1
TURKFER;2;11.7.1961;2;0
CENKKURT;1;2.9.1970;1;0
SEHAB;6;9.10.1956;5;1
MIRNUR;1;6.2.1981;0;1
LUDMIL;1;9.4.1965;1;0
SEDEV;1;12.4.1989;0;1
BEHLUDAN;2;11.7.1984;0;2
BIRAMILE;1;7.11.1928;0;1
ZIBDET;1;12.12.1965;0;1
MABRUKA;2;30.6.1974;0;2
TRIFINA;1;23.11.1973;0;1
ALIYETTIN;1;7.2.1952;1;0
SADBIRE;2;23.12.1958;0;2
CETINOGUZ;1;20.10.1962;1;0
NAVIRE;2;12.2.1944;0;2
UVEYSELKARANI;1;7.8.1978;1;0
BAYCANCIHAN;1;10.5.1975;1;0
ENCUMET;3;23.5.1969;3;0
NILBEN;6;29.3.1981;0;6
HANZALA;5;6.12.1989;5;0
FERZUN;5;22.3.1954;4;1
MUHLIKA;3;6.7.1965;0;3
HALIMELADIFE;1;24.12.1974;0;1
NARGIN;5;28.10.1972;2;3
AYSANAR;1;30.6.1953;0;1
SERETTIN;2;14.9.1960;2;0
IVZIYE;1;29.5.1950;0;1
M.RECEP;9;9.8.1957;9;0
SEHUNAZ;2;23.7.1963;0;2
HULDAG;1;2.10.1975;0;1
NEBTUN;1;28.8.1953;1;0
TACIEMREHAN;1;27.12.1973;1;0
SAPHAZ;1;27.2.1956;1;0
SAMEH;6;10.10.1969;6;0
AZATGUL;2;13.4.1962;0;2
MUNTEKIM;3;13.9.1966;3;0
MEYTAN;1;5.9.1974;0;1
YUKIE;1;10.8.1949;0;1
BELGU;5;14.12.1973;0;5
TAMASAT;1;1.7.1960;0;1
CANSERAN;1;16.4.1982;1;0
TEZERGUL;1;26.8.1964;0;1
ZENNEGUL;15;16.10.1954;0;15
GYULBIYA;1;23.8.1963;0;1
OZELHAN;1;28.8.1985;1;0
MEHSETI;2;25.7.1966;0;2
BATUKAAN;1;10.3.1991;1;0
NURSIYET;3;16.8.1963;0;3
RUMANIYE;2;14.12.1961;0;2
EVRIMER;1;14.9.1957;0;1
MISIKA;3;1.12.1969;0;3
METHANET;2;4.6.1972;0;2
BULETTIN;1;4.5.1975;1;0
ALTUNSOZ;2;13.12.1940;0;2
CEMREHAN;4;2.3.1991;4;0
TURKSAD;3;23.5.1986;3;0
GOKTENIN;1;21.4.1969;1;0
ULVIE;3;1.5.1968;0;3
GILAS;7;18.8.1963;1;6
GELENUR;2;30.5.1965;0;2
SURAKI;1;26.2.1941;0;1
SELDUN;1;1.2.1970;0;1
BURIM;1;18.4.1981;1;0
ATFE;1;27.3.1950;0;1
FEHMINACI;1;9.11.1970;1;0
SAYYER;1;2.5.1943;0;1
SAMRAMIS;1;29.9.1961;0;1
ISLIAY;1;7.3.1976;0;1
AJE;1;6.12.1982;0;1
MIZRABICIHANGIR;1;28.3.1967;1;0
LAILI;1;12.8.1953;0;1
SADGUL;2;16.2.1956;2;0
DIDEMHAN;1;14.8.1987;0;1
ROKMAN;1;23.2.1991;1;0
KORFEZ;1;27.12.1985;1;0
HACCESULTAN;1;10.10.1955;0;1
AYSEGUNES;1;23.9.1949;0;1
SINVINC;1;15.1.1974;0;1
VAROLDU;1;12.12.1988;1;0
KOGORK;1;24.6.1955;1;0
DJULETA;1;11.9.1976;0;1
BILTIGIN;1;10.9.1985;1;0
MUSFIRE;18;19.7.1941;0;18
KURRE;2;11.8.1952;2;0
EVIDA;1;25.11.1952;0;1
GULBEKEM;1;5.1.1925;0;1
ORESTA;1;26.9.1969;0;1
MUHSIT;2;12.4.1956;2;0
NAZMUK;1;2.9.1975;0;1
BAKER;3;4.6.1946;3;0
DERMANI;2;23.4.1963;2;0
GUVAYE;1;7.8.1934;0;1
BATON;20;20.11.1939;0;20
HAKSEVEN;4;9.7.1962;4;0
MELANUS;1;6.6.1949;0;1
ZUYRIYE;1;21.5.1975;0;1
UNHAN;6;27.4.1956;3;3
NERAN;8;27.6.1956;1;7
ULYANO;1;2.8.1915;0;1
NIMSUN;1;15.12.1990;0;1
ERGOKCE;1;25.11.1977;1;0
IJA;1;2.2.1934;0;1
MAHTIME;4;13.10.1956;0;4
LUMNIYE;4;19.3.1965;0;4
ALIDAI;1;1.8.1970;1;0
MANDIS;2;30.3.1973;1;1
ILKEHAN;6;16.3.1984;4;2
SELNIZ;1;3.7.1985;0;1
IGNA;1;21.4.1942;0;1
A.HAYDAR;1;17.3.1939;1;0
ZILFIRET;1;19.3.1950;0;1
TABARAK;1;17.7.1966;0;1
ZARINABONU;1;20.9.1973;0;1
KORARSLAN;1;15.10.1971;1;0
SELLEN;1;3.1.1977;0;1
VALMIRA;1;9.8.1971;0;1
BEYLIM;1;15.2.1964;1;0
DILLEVIN;1;9.3.1971;0;1
BIKHAN;1;12.4.1941;0;1
RUKZAR;1;26.9.1954;0;1
FEVRAN;1;9.12.1981;0;1
FARIZIYE;3;28.2.1962;0;3
RECAHIT;1;23.4.1967;1;0
FIGENDENIZ;1;21.5.1977;0;1
SEVDINUR;3;24.1.1974;0;3
UMUHAL;1;27.1.1974;0;1
YARDIM;16;9.2.1973;15;1
SOMAYEH;1;30.4.1984;0;1
GULVAHIRE;1;7.2.1946;0;1
TUGCICEK;1;29.5.1979;0;1
YANSI;8;4.10.1981;2;6
DONUSUM;2;3.4.1970;0;2
ARFIN;1;30.10.1938;1;0
HATICENEZAKET;1;14.8.1970;0;1
FAZLOLLAH;1;27.8.1962;1;0
VOLKANSEL;1;15.4.1989;1;0
SAIAD;1;4.2.1968;0;1
SARVAR;3;7.8.1943;2;1
ESKUNT;1;14.2.1977;1;0
SANIA;15;6.5.1964;0;15
TESELLA;1;7.5.1952;0;1
NARINUR;1;14.9.1934;0;1
AYTET;1;2.2.1975;1;0
GENCIN;1;4.5.1984;1;0
EMRADIYE;1;23.5.1970;0;1
RUKAME;1;4.10.1934;0;1
SERAJETTIM;1;28.9.1964;1;0
ASKENDER;1;16.3.1976;1;0
AJAN;1;8.3.1958;0;1
BEDROZ;1;17.6.1936;1;0
RENIL;1;22.2.1985;0;1
FELZI;2;20.8.1977;2;0
SERFUN;1;18.3.1977;1;0
ECEMEZGI;1;20.10.1989;0;1
SANURA;4;11.10.1967;0;4
SENNIS;1;22.8.1949;0;1
MECELLA;3;14.12.1956;0;3
KISMAN;1;20.5.1941;0;1
MEMISE;10;3.4.1946;0;10
KAZIMCAN;2;24.2.1990;2;0
AYGU;4;15.3.1983;1;3
MUSEHTIN;1;11.8.1978;1;0
GURAFET;1;11.6.1952;0;1
DINCSOY;1;27.8.1975;1;0
SUBHANE;3;5.12.1971;0;3
MUSADDIN;16;27.3.1968;16;0
YADIGOREN;1;27.4.1962;1;0
ILIMCAN;1;15.8.1989;1;0
MERHIDE;1;27.8.1938;0;1
RESAETTIN;1;11.4.1940;1;0
RAMIK;2;16.2.1965;2;0
SENNURAY;5;1.2.1970;0;5
SEHY;2;12.2.1968;2;0
ESENDAG;2;5.8.1969;2;0
ZIYYA;2;18.7.1971;2;0
RUHPASA;1;12.2.1977;0;1
BASMIL;1;22.9.1985;1;0
MURGE;1;6.6.1975;0;1
BILEFET;1;12.2.1981;0;1
ERDEMER;1;7.7.1971;1;0
ZERDISA;6;28.6.1943;0;6
MEICU;1;30.2.1976;0;1
ESMANDERI;1;7.2.1976;0;1
MAYMERI;4;16.3.1958;0;4
NEVNIHALI;1;14.2.1969;1;0
HAZKIYA;2;24.4.1950;2;0
NECEHA;2;7.2.1965;0;2
HAMITKENDAL;1;16.10.1972;1;0
M.BULENT;4;29.8.1968;4;0
MUZAHVER;1;11.11.1969;1;0
RASADIYE;2;28.12.1944;0;2
NECIYULLAH;2;5.1.1975;2;0
WASEMA;1;7.8.1946;0;1
GHULAM;2;19.1.1943;2;0
UZIFE;3;16.3.1953;0;3
NEVDER;9;8.6.1952;0;9
MIRAME;1;3.7.1974;0;1
APDULAZIM;1;18.4.1972;1;0
BEYASLAN;1;12.2.1970;1;0
NKEIRU;1;19.6.1975;0;1
ZARIMA;3;16.11.1972;0;3
TORA;4;2.3.1970;4;0
DOCEND;1;20.5.1978;1;0
LULIANA;2;28.7.1978;0;2
MUBEDCAN;1;20.8.1969;0;1
SENLET;8;9.9.1961;0;8
DIVANTAS;1;2.5.1957;1;0
SINCAY;1;22.12.1962;0;1
NURDEVS;2;3.8.1979;0;2
HISEMEDIN;1;22.2.1961;1;0
YASERIN;3;2.10.1974;1;2
NEVIV;1;20.9.1977;0;1
NIYESSER;2;24.7.1958;0;2
M.CABIR;3;28.5.1964;3;0
LATICER;1;5.2.1954;0;1
TIMOTEOS;1;23.2.1983;1;0
MUHIBULLAH;11;19.10.1971;11;0
NURDANCAN;1;29.11.1991;0;1
MUSAMEDIN;4;15.9.1965;4;0
KANITA;9;13.8.1972;0;9
YETON;1;12.8.1935;1;0
SEVILDERYA;1;20.10.1964;0;1
TURSUNGUL;1;20.5.1988;0;1
TASPOLAT;2;18.7.1953;2;0
MIHRIBEY;1;16.2.1982;1;0
KADIREREM;1;25.12.1972;1;0
RUMILYAM;1;30.12.1973;0;1
SABRIDDIN;1;12.4.1948;1;0
BASIZET;1;5.6.1955;0;1
BAYNAZAR;1;11.1.1965;1;0
UMMUULKU;1;12.6.1990;0;1
AREZOO;1;17.4.1977;0;1
SEMAZET;10;23.4.1950;0;10
SENAULLAH;1;5.12.1957;1;0
BELSULTAN;1;9.7.1981;0;1
NEZIBULLAH;1;9.7.1981;1;0
OKULSULTAN;1;3.9.1945;0;1
MUENNEZ;3;16.10.1977;0;3
SAMERA;1;17.8.1978;0;1
MEHTIER;1;10.7.1966;1;0
SIMIBIZAR;1;12.3.1953;0;1
ABDULGAMI;1;17.4.1948;1;0
SEMSIKAMER;1;27.8.1944;0;1
GULGINE;1;11.6.1985;0;1
MUCADDIN;1;30.5.1974;1;0
GULMEDINE;5;28.1.1981;0;5
BELKIYAS;3;19.6.1950;0;3
DIKRANHI;1;29.11.1944;0;1
MAHANI;2;2.10.1950;1;1
KEFAYATULLAH;1;7.2.1976;1;0
MIHRIBANUR;1;8.3.1992;0;1
VARDENURDAN;1;19.7.1986;0;1
REZCAN;1;2.8.1961;0;1
SIWGIH;1;12.8.1965;0;1
SALEMA;2;5.1.1975;0;2
GULTOPRAK;2;27.5.1971;0;2
SANLIELIF;1;1.6.1979;0;1
GULCATAY;3;14.2.1975;0;3
YOURDAN;1;23.11.1975;0;1
ILINUR;4;19.12.1984;0;4
ANZALIHA;1;17.3.1954;0;1
NIYBIFER;1;21.1.1964;0;1
SULHUNAZ;1;5.1.1971;0;1
SALCIN;4;15.12.1948;1;3
RUFU;1;27.5.1955;1;0
DILAVERBEK;1;11.9.1966;1;0
SEBYE;2;6.2.1975;0;2
BUBEYYEN;1;1.8.1952;0;1
OLUWATOYIN;1;5.8.1975;0;1
ZELLIHAN;2;22.11.1963;0;2
ZAMCI;1;29.5.1959;1;0
HALUDIN;1;11.12.1980;1;0
TEPRIZ;1;22.12.1953;0;1
MEVKIDE;3;6.11.1981;0;3
CAHTI;1;26.6.1960;1;0
GOKDOGAN;4;16.7.1978;4;0
ISDET;1;3.6.1973;0;1
SUREMBER;1;26.3.1954;1;0
ALTOK;6;29.1.1962;6;0
ABDULSAMIH;5;6.7.1970;5;0
AYKEN;12;4.7.1968;2;10
DESTINAR;5;1.6.1968;0;5
SEFTIN;25;6.3.1972;25;0
ALTUNHANIM;3;18.12.1950;0;3
REMZICAN;2;7.5.1990;2;0
IMGUL;1;2.4.1991;0;1
AHIZET;1;12.6.1955;0;1
EZBIL;1;25.3.1991;0;1
LEYYUSA;2;6.11.1958;0;2
ALPASLANDOGAN;1;15.10.1976;1;0
ZUHEYBE;1;14.5.1971;0;1
NEJGAN;2;30.8.1974;0;2
GESIMA;1;23.3.1967;0;1
TEHMINDAR;2;12.10.1972;2;0
LILCAN;1;23.12.1971;0;1
BAHAYDIN;1;12.8.1965;1;0
MEKKIHAN;1;7.8.1988;0;1
NIDAMIN;3;17.9.1970;3;0
RUFIDIN;1;3.10.1958;1;0
GULYANAG;2;7.1.1972;0;2
SEHNURE;5;9.6.1961;0;5
UMUMA;1;4.8.1981;0;1
ENTAL;1;5.2.1981;1;0
REVAYIDIN;1;17.3.1971;1;0
COKAY;1;16.9.1966;1;0
ESILA;6;22.12.1979;0;6
DEOMAN;1;7.7.1970;1;0
KUTLAC;1;19.10.1982;1;0
HUBIBE;1;24.11.1986;0;1
EVLUK;1;9.5.1951;0;1
MUHAMMERIYE;7;17.4.1965;0;7
YUKKE;2;24.6.1961;0;2
IZHEMMET;1;25.10.1972;1;0
REFAITDIN;1;11.5.1967;1;0
MUZAIL;1;17.4.1960;1;0
FERNIDIYE;1;2.5.1951;0;1
OZBIN;6;7.5.1977;3;3
SEVDAUMIT;1;28.12.1980;0;1
SANDEN;1;22.2.1979;0;1
NUSAMEDIN;1;25.2.1981;1;0
GULDURRE;1;5.3.1944;0;1
MATHILDE;1;17.4.1990;0;1
YASO;5;21.9.1960;1;4
AMBERIN;1;22.3.1961;0;1
CANBAY;5;3.2.1966;5;0
AFYA;6;28.11.1971;0;6
IBAKET;4;1.9.1965;0;4
ROSE;13;23.2.1958;0;13
CANITEZ;4;18.2.1947;4;0
MUSTAT;2;7.11.1976;2;0
TEOFANIS;1;23.12.1968;1;0
DORETEA;2;23.12.1926;0;2
HAMESE;2;22.8.1949;0;2
TECALLA;1;23.6.1946;0;1
NAIHAR;1;12.2.1971;0;1
TEVLI;2;28.9.1980;0;2
MUHTEKER;1;19.3.1954;0;1
TAYBER;1;13.4.1969;0;1
YALCI;1;1.5.1972;1;0
SALUYE;1;22.3.1961;0;1
DURMEMET;1;16.10.1946;1;0
ELPIDA;3;13.5.1968;0;3
TANGEZER;1;12.11.1990;0;1
SHAYMAA;1;19.9.1959;0;1
SUETA;4;16.10.1939;0;4
EPRIZET;3;8.7.1977;0;3
SEDDIKE;2;6.3.1975;0;2
NIURVET;1;6.11.1942;0;1
SVETLARA;1;30.2.1970;0;1
GOKTUGRUL;1;11.11.1988;1;0
SAHIZERE;1;2.4.1951;0;1
BURUDET;1;9.2.1975;1;0
FAYIN;2;24.10.1977;0;2
BAATDIN;3;22.8.1967;3;0
SIAMAK;1;1.11.1964;1;0
KONSTANDINOS;1;16.6.1965;1;0
CATHIA;1;1.4.1966;0;1
ZIVKA;1;12.8.1929;0;1
SADIKZADE;2;20.3.1967;2;0
VERRA;1;14.10.1962;0;1
ERENUS;5;19.1.1985;5;0
ECECAN;2;12.6.1987;0;2
APASTAL;1;16.8.1942;1;0
EMANUELLA;1;15.9.1962;0;1
DOGUSBEY;1;29.9.1991;1;0
BEGUHAN;3;16.5.1979;3;0
ARGIRULA;1;14.2.1940;0;1
AHIBA;1;30.12.1948;1;0
USAL;1;5.4.1977;1;0
FEVRONIYA;1;7.6.1952;0;1
EVANTHIA;1;5.12.1964;0;1
VIDLEEM;1;10.6.1944;0;1
ALVIYONI;1;12.8.1923;0;1
TIRYANDAFILA;1;12.8.1941;0;1
KOSTAS;1;30.9.1980;1;0
ANTONELLA;2;10.8.1979;0;2
ISTIRATI;8;2.10.1944;8;0
PARASKEVULA;1;17.8.1924;0;1
SEYYED;1;2.5.1953;1;0
NIOVI;1;12.11.1937;0;1
MAKRY;1;24.11.1957;0;1
CESARE;1;17.10.1942;1;0
OLEK;1;18.2.1948;1;0
SERAFINA;2;28.5.1950;0;2
OLIMPIYA;1;16.1.1925;0;1
STEPHAN;3;23.7.1976;3;0
EMELICA;1;14.10.1939;0;1
FIVOS;1;13.10.1985;1;0
AYYADE;2;19.11.1942;1;1
GULMUGE;1;2.8.1973;0;1
GIOVANNE;1;23.12.1943;0;1
ROEL;1;10.7.1975;1;0
SERTAB;3;15.3.1968;1;2
YOANA;2;4.11.1950;0;2
TOURIA;4;3.5.1968;0;4
LUZVIMINDA;1;15.8.1940;0;1
REJIS;1;19.8.1944;1;0
GUNDEIS;1;8.5.1976;0;1
LIODMILA;1;25.7.1959;0;1
IZIM;10;29.6.1977;3;7
ZINNEVER;1;11.3.1943;0;1
GANDUR;8;30.2.1958;8;0
SEHNEZAN;1;4.5.1982;0;1
SERUPE;1;3.1.1929;1;0
MUBIBI;1;11.9.1957;0;1
MIZHER;2;20.1.1984;2;0
LAMIAN;2;30.2.1945;0;2
TAYRUFE;1;21.7.1975;0;1
ROJIBIN;1;22.2.1982;0;1
SELPIL;9;22.11.1967;0;9
MUSEVRET;6;6.2.1977;0;6
HEMGIN;1;7.2.1991;0;1
CHEYL;1;28.1.1980;0;1
AZYE;1;22.2.1967;0;1
ANCULUNA;1;8.5.1942;0;1
INCEYAPRAK;1;21.3.1987;0;1
FAVAT;1;8.3.1976;1;0
KITRO;2;24.12.1945;0;2
STEFANIDA;3;9.2.1967;0;3
MUSLEHADDIN;1;12.11.1951;1;0
SASCHA;4;12.8.1985;4;0
FRIDA;3;20.12.1962;0;3
SUMMAYE;1;22.2.1973;0;1
MAHLUT;2;16.8.1971;2;0
NURDANEGUL;1;26.12.1968;0;1
GULHAZ;7;20.8.1959;0;7
SAYVER;2;12.5.1968;0;2
TUNCEY;2;29.7.1975;2;0
USGEN;1;14.9.1956;1;0
MUHAMMEDE;4;18.8.1967;4;0
TAMSOY;1;17.2.1978;1;0
HACIRASIM;1;8.12.1974;1;0
RIYAZER;1;16.4.1988;0;1
TEHSIN;3;14.4.1969;3;0
SENARIYE;2;29.10.1966;0;2
MIROL;2;4.4.1978;0;2
SECKINAY;5;15.2.1974;3;2
DIKKAT;1;11.3.1942;0;1
MUAZZIM;2;17.12.1955;1;1
PIKI;1;4.4.1957;1;0
RASMIIA;1;15.2.1968;0;1
ZIMZIME;3;26.11.1959;0;3
MUBIDE;1;2.2.1957;0;1
SONTEKIN;4;2.3.1967;4;0
KUCUKCESUR;1;10.6.1964;1;0
GIORGIO;5;23.11.1960;5;0
ZUMIRAN;1;1.12.1944;0;1
GURZEMIN;1;22.2.1955;0;1
ISTRATI;2;25.1.1926;2;0
AYSEME;5;16.8.1962;0;5
VECDALETTIN;1;21.8.1928;1;0
GULMUNISE;1;26.3.1982;0;1
ASOT;4;26.1.1956;4;0
VASSILIOS;1;28.8.1955;1;0
YORDANIS;1;2.1.1948;1;0
LESLIEN;1;5.3.1956;0;1
HAFIZHANIM;1;17.8.1942;0;1
AZAK;8;4.1.1971;7;1
MUGAYIT;1;11.6.1960;1;0
HESIDE;1;11.1.1956;0;1
GUNERA;1;16.9.1972;0;1
ALBENIZ;1;10.2.1987;0;1
YAKAUOS;1;22.6.1968;1;0
FLORY;1;15.2.1962;0;1
AMELITA;1;13.11.1956;0;1
EMIE;1;4.6.1970;0;1
BURUTAY;8;13.7.1977;8;0
YERUS;1;13.12.1941;0;1
ONURALI;2;24.3.1982;2;0
STILYANI;3;27.3.1943;0;3
ALPTEGIN;2;6.11.1983;2;0
MAHZADE;3;24.3.1953;0;3
GEORGIOS;2;20.4.1945;2;0
HARMONIE;1;27.8.1975;0;1
RAHAIM;2;29.6.1944;2;0
ANALISA;1;25.10.1973;0;1
BIRCIM;3;21.2.1977;0;3
RAHMATTULLAH;1;15.4.1974;1;0
ASAMEDDIN;3;12.11.1974;3;0
SERAFIM;1;28.10.1956;1;0
ARISTODIMOS;1;11.12.1948;1;0
YOLGULU;1;3.4.1951;0;1
ANASTI;1;12.6.1956;1;0
EFTALIA;2;13.9.1957;0;2
MUMINA;3;24.1.1974;0;3
CELISE;2;8.3.1959;0;2
MALIDE;2;4.7.1975;0;2
MARKUR;1;12.5.1971;0;1
TRUSAN;1;3.6.1991;1;0
RAFIN;1;22.3.1966;1;0
EMILIO;1;7.8.1934;1;0
BILERZIK;1;26.5.1976;0;1
KUSUREF;2;6.4.1963;2;0
HARIC;7;5.6.1959;0;7
NAZGULU;5;14.11.1957;0;5
TOPAC;2;22.11.1948;0;2
MANDELIA;1;2.1.1930;0;1
DUNDAN;1;22.5.1966;0;1
SULAFA;1;10.2.1988;0;1
ZIBAVILDAN;1;27.2.1944;0;1
NURITSA;5;15.7.1949;0;5
DONDER;9;29.7.1961;6;3
BEYGOL;2;28.8.1957;2;0
NUSAPER;1;26.6.1936;0;1
OZO;14;15.3.1958;1;13
TUGCAG;6;9.8.1983;3;3
NISSULI;1;15.5.1952;1;0
GURLERIN;1;10.3.1943;0;1
BEYZETE;1;7.7.1974;0;1
ERBIHAN;1;2.2.1991;0;1
PEYRUSE;1;5.9.1989;0;1
SIKRIYA;1;7.6.1982;0;1
MUHANNEN;1;9.6.1985;1;0
MARYETA;1;22.2.1962;0;1
FELIKS;2;4.7.1937;2;0
KISRIYE;1;19.6.1981;0;1
SAHMATA;1;20.2.1989;0;1
VIZINE;1;21.5.1962;0;1
TASULA;3;26.9.1934;0;3
HRESIME;1;29.2.1953;0;1
KAZZIM;3;20.3.1965;3;0
MENFILE;2;18.11.1969;0;2
ASPAHAN;1;20.3.1985;0;1
KORUYAN;3;7.11.1964;2;1
MAKSIMYA;1;2.3.1945;0;1
FUREYSA;2;24.10.1990;0;2
GULSEZ;2;20.8.1973;0;2
DEJVAR;1;30.2.1992;1;0
TIRMAH;1;22.1.1972;1;0
ABDULBASID;7;15.12.1985;7;0
NISHET;1;15.9.1970;0;1
NEVRAHAN;3;10.10.1975;0;3
NESAMET;2;20.12.1960;0;2
MUSTAKADIR;1;11.4.1975;1;0
FOZAH;1;9.4.1970;0;1
MENANE;1;2.1.1951;0;1
LALITHA;1;29.11.1964;0;1
HATICEFUL;1;4.4.1991;0;1
LEJYA;1;19.5.1921;0;1
KADDIR;1;3.4.1963;1;0
TURIZAN;2;21.6.1981;0;2
VAHADIN;2;10.7.1964;2;0
CANYET;1;6.6.1983;0;1
BOLSEVA;1;2.2.1923;0;1
TULIYE;4;22.1.1958;0;4
PURHANDE;2;25.10.1949;0;2
KISI;7;30.7.1927;0;7
UFTADEGUL;1;29.3.1968;0;1
SEVGIDE;1;7.4.1940;0;1
NUREZZEM;1;29.4.1962;1;0
BAARAT;1;7.5.1964;0;1
YASEP;6;14.3.1960;6;0
MAZEL;5;29.11.1951;0;5
MAHBOUBA;1;18.4.1961;0;1
MUJGIME;1;7.8.1928;0;1
GUNHUHAR;1;11.8.1969;0;1
FULKAN;3;4.5.1988;3;0
YENZUL;1;5.4.1988;1;0
EVLIHAN;1;26.1.1967;0;1
BEYISMET;1;10.2.1944;1;0
MARCELO;1;3.11.1990;1;0
SERVANT;1;6.8.1936;0;1
RUYETI;1;11.9.1960;1;0
GULOZEN;1;6.9.1972;0;1
PAHISE;2;17.10.1958;0;2
FERAYSAN;1;28.7.1986;0;1
ABDULSABAN;1;14.5.1988;1;0
ADIBES;2;23.5.1970;2;0
YASAGUN;5;4.12.1962;1;4
DENSOZ;1;13.4.1959;0;1
HAIZER;1;6.4.1943;0;1
BULANT;3;16.5.1960;3;0
INESA;2;12.3.1973;0;2
EFTALITTIN;1;27.8.1932;1;0
SERDUVEN;1;9.6.1963;1;0
ULKEMIN;1;7.8.1989;1;0
ANILBURAK;1;9.2.1990;1;0
EFRESIYA;1;18.6.1966;1;0
NAZIN;2;12.2.1981;1;1
SUDENUR;4;7.7.1988;0;4
MOHIRA;1;5.4.1982;0;1
ISTAMAT;1;21.10.1932;1;0
SITIK;4;4.11.1964;2;2
FERAETTIN;2;7.10.1950;2;0
DOGANERBEY;1;17.1.1982;1;0
SAYDULLAH;2;25.7.1939;2;0
ALPIKE;1;17.9.1964;0;1
HAMMAANA;1;21.10.1970;0;1
SEYYIFE;1;29.1.1936;0;1
PINARSU;1;30.5.1991;0;1
SINEY;2;21.12.1979;1;1
EVZAH;1;1.2.1958;1;0
ZINIFIR;1;17.2.1930;0;1
GUNNARIYE;5;17.8.1956;0;5
MARUFIYE;2;24.12.1950;0;2
GULERBAL;1;13.11.1953;0;1
HAVUC;2;25.4.1950;0;2
MUHALE;1;27.3.1956;0;1
MEIRGUL;1;3.12.1972;0;1
GOGSEVEN;1;21.11.1967;0;1
SUHISAR;1;15.1.1951;0;1
MUSSEYIP;1;18.2.1947;1;0
SADEKAT;3;7.2.1965;0;3
EVYENIA;1;7.3.1960;0;1
MELAYIR;1;2.2.1975;0;1
AYYUNE;1;2.3.1975;0;1
HADISAT;1;17.3.1960;1;0
BATIZAR;2;12.4.1960;0;2
BOSRA;3;5.7.1982;0;3
GIULFEM;1;23.11.1950;0;1
RESKIYE;1;12.2.1959;0;1
BEKENDI;1;17.7.1935;1;0
LAVINITA;1;17.3.1978;0;1
FARIKHA;1;9.3.1968;0;1
LIGOR;4;10.1.1946;4;0
MINTES;7;1.11.1959;0;7
SUZANBER;1;29.2.1952;0;1
ATANASIYA;6;16.12.1951;0;6
CAFAKER;3;5.11.1976;3;0
CESSAS;2;13.6.1971;2;0
ANCA;10;8.11.1975;0;10
KANARICE;1;22.8.1919;0;1
ISTELYANA;1;14.1.1933;0;1
ADEYIF;1;6.9.1955;0;1
NVART;1;27.10.1989;0;1
GHINITA;1;2.6.1958;0;1
PARSEG;3;10.4.1945;3;0
GREGOIRE;1;28.10.1988;1;0
ZIRFI;1;21.1.1975;1;0
ABENIZ;1;2.7.1975;0;1
NUGIL;1;12.6.1971;0;1
BUSAL;1;15.2.1933;0;1
BEDIHUL;1;26.2.1959;0;1
CHUEN;1;16.4.1971;0;1
MUZALIF;1;26.4.1979;0;1
SABANAY;2;12.5.1966;2;0
TEODULA;1;29.4.1957;0;1
YOHSUNI;1;12.6.1975;1;0
ABDULVASA;2;29.12.1970;2;0
BAGLIYAN;1;5.5.1969;0;1
BADDI;1;7.3.1946;0;1
BIBERRAH;1;21.4.1970;0;1
ALPPEREN;1;24.7.1982;1;0
CINEYIN;1;27.10.1955;1;0
SIMHI;1;5.12.1955;1;0
NISEL;7;29.11.1976;0;7
DERENGUL;2;3.11.1982;0;2
MAHVERI;2;17.2.1979;0;2
BIRICA;1;19.1.1960;0;1
GULBUDAK;2;8.6.1972;0;2
TAZELLER;1;26.6.1987;0;1
MUKALIP;2;2.3.1981;2;0
DESIYE;1;6.1.1969;0;1
KARABIBER;2;2.4.1970;0;2
UMURGULSUM;2;12.11.1973;0;2
SEYYA;7;7.6.1970;0;7
NACIER;1;25.12.1943;1;0
MUHPALI;1;1.3.1955;1;0
FATEHNA;3;7.8.1961;0;3
ERNES;5;2.10.1970;5;0
NURINUSHA;1;6.11.1961;0;1
YIMTO;1;2.4.1929;1;0
EYKAN;1;16.8.1950;1;0
ERKEL;1;22.3.1961;1;0
TOKYAR;2;14.12.1958;2;0
SABETAL;1;12.8.1961;1;0
DIKEM;1;11.7.1990;0;1
GULSALAN;1;16.1.1946;0;1
CELABI;1;16.9.1974;1;0
FILORE;2;8.10.1929;0;2
YUCETTIN;7;14.3.1966;7;0
EZDRA;1;21.6.1951;1;0
ISMIHA;2;4.6.1957;0;2
HALILOSMAN;3;28.3.1961;3;0
PURLU;1;2.5.1957;0;1
ANETO;1;17.8.1918;0;1
GULNURSEN;2;14.1.1974;0;2
ENAY;3;17.2.1980;1;2
ZAYITDIN;4;13.2.1967;4;0
KAIS;1;5.7.1963;1;0
MARIGO;2;7.8.1953;0;2
SAHSEP;1;24.4.1931;0;1
GUNALI;5;14.7.1973;5;0
ZULCEYLAN;1;16.4.1946;0;1
VASILYOS;2;28.4.1950;2;0
YUDMYLA;1;12.11.1974;0;1
ELLENI;1;10.12.1973;0;1
HUYS;1;6.10.1969;0;1
REA;6;27.11.1966;1;5
ERDIR;5;30.6.1968;5;0
MEHRNUS;1;17.8.1942;1;0
TANNAZ;1;21.12.1963;0;1
LEONARDO;3;15.12.1954;3;0
PARES;1;11.3.1930;1;0
ROKSANI;1;1.7.1931;0;1
DANAY;1;2.2.1949;0;1
MARITEREZ;1;4.9.1938;0;1
ORYANTI;1;12.8.1917;0;1
VAGANIK;1;21.12.1939;0;1
ANDONIA;1;10.5.1937;0;1
DEVLETE;3;8.5.1946;0;3
ISDAR;1;28.10.1962;1;0
SPIRO;2;1.1.1984;2;0
BILKIS;1;22.12.1961;0;1
OROODET;1;9.2.1923;0;1
DILEVIZ;3;17.10.1969;0;3
NEVID;4;22.7.1953;3;1
AISHA;2;7.8.1968;0;2
MARIANE;1;22.2.1973;0;1
VEREKA;1;17.9.1924;0;1
PARESKEVA;1;23.12.1957;0;1
SIMIYON;1;8.3.1954;1;0
VIRGILIO;1;18.3.1975;1;0
FRANCESKO;2;22.8.1967;2;0
PARISIOS;1;9.11.1938;1;0
TEMBIHAT;1;27.7.1980;0;1
EUSTAKYO;1;20.5.1938;1;0
AYDAG;4;2.1.1967;0;4
OLGAR;25;20.12.1976;25;0
YATMAZ;2;1.8.1979;2;0
TAMARIK;1;13.8.1990;0;1
ANDONYA;1;22.8.1925;0;1
RUMEDIN;1;11.11.1975;1;0
SERAPE;1;26.4.1929;0;1
YOANIYE;1;21.5.1917;0;1
FERENIKI;1;22.11.1957;0;1
ZOICE;2;15.2.1952;0;2
VELISARIOS;1;7.6.1950;1;0
TARSI;1;13.10.1923;0;1
DEYVIT;2;25.5.1986;2;0
GULJAN;3;1.3.1976;0;3
MAGDELINI;1;26.1.1934;0;1
LEMLIHAN;2;8.10.1971;0;2
KUFRA;1;30.4.1971;0;1
YETISGUL;1;21.2.1971;0;1
AYSULLAH;1;11.6.1975;0;1
LIGASE;1;26.9.1953;0;1
SAHEP;3;30.5.1957;2;1
ISGUDER;1;26.8.1959;0;1
KOSTANYA;1;11.8.1949;0;1
ANTUANETA;1;26.5.1935;0;1
CELIA;3;22.11.1967;0;3
KAZIYA;2;12.3.1959;0;2
OCALIR;1;21.1.1963;1;0
TESALIYA;1;4.11.1936;0;1
KUTMUT;1;14.4.1946;0;1
DEMOSTEN;1;16.5.1942;1;0
MORIOARA;1;23.7.1977;0;1
ISTIRATIYA;1;8.3.1930;0;1
CANKUS;1;13.10.1981;0;1
MADEM;3;27.8.1973;0;3
DOMNA;5;15.12.1964;0;5
FENEZ;1;2.8.1957;1;0
MYRETHE;1;7.2.1937;0;1
ABBASYURDU;1;25.3.1953;1;0
GULBEND;1;6.4.1968;0;1
TOMAK;10;14.6.1955;8;2
ARCUMAN;1;16.3.1957;1;0
HUSNUDAR;8;15.8.1959;0;8
PEYTULLAH;1;12.2.1971;1;0
HALISAY;1;22.7.1949;0;1
SAIMISOGLU;1;4.3.1973;1;0
SIGBA;1;8.4.1991;0;1
SEBURIYE;2;6.10.1967;0;2
HAYALIM;2;24.7.1981;0;2
DINARE;4;28.3.1962;0;4
COZOFIN;1;7.3.1946;0;1
APRO;1;23.2.1961;1;0
TEODOROS;3;7.6.1985;3;0
GRIGORIOS;1;11.7.1985;1;0
LEFTERIOS;1;29.9.1946;1;0
PRODROMAS;1;20.12.1949;1;0
SERMAG;1;26.7.1969;0;1
GHADAH;1;2.8.1945;0;1
FERENDAZ;1;9.6.1919;0;1
HOLON;1;9.7.1931;0;1
ISTEFAN;3;10.7.1932;3;0
SYBIL;1;26.10.1933;0;1
JEHAN;2;13.6.1979;0;2
BEDRINISA;6;9.3.1948;0;6
RAYSAT;1;27.8.1968;0;1
VERONIK;3;4.10.1962;0;3
ZEYYIN;3;17.4.1965;1;2
MUNTALIP;1;27.3.1963;1;0
ESMENPERI;3;6.2.1961;0;3
BIZANT;1;27.4.1935;1;0
PATIKAN;1;1.10.1988;1;0
MAYPERE;1;24.3.1956;0;1
SAHMIYE;4;30.3.1963;0;4
BADIS;2;16.4.1959;0;2
FUZILI;6;6.1.1981;4;2
GULLINCI;1;7.3.1958;0;1
MEZIBAN;1;21.1.1982;0;1
MIRHAMZA;7;1.11.1953;7;0
HASANBIRA;1;25.6.1951;1;0
HEVLICAN;1;23.3.1959;0;1
REVAYSE;3;21.2.1978;0;3
NEBAHETTIN;2;10.9.1952;1;1
AGNER;1;22.7.1955;0;1
MUHOBET;1;2.8.1933;0;1
DOSKUN;1;22.9.1967;1;0
SEYESTE;2;4.10.1950;0;2
NECMEL;2;18.6.1957;0;2
AKISHAN;1;23.11.1988;1;0
EVRIGEN;1;9.3.1972;0;1
DURAMI;1;24.5.1977;1;0
M.SABIT;3;13.2.1947;3;0
REDISE;1;6.6.1950;0;1
BOBREK;1;25.3.1939;0;1
SIMRA;4;4.9.1975;0;4
ZULKARNEYLI;1;30.2.1972;1;0
HRISTODULOS;1;29.11.1929;1;0
TIRESIYE;1;3.3.1941;0;1
SPIROS;1;12.11.1965;1;0
LIYERI;1;1.5.1962;0;1
UFUKHANIM;1;2.2.1981;0;1
KUMRE;1;12.12.1969;0;1
SELAI;4;20.9.1967;3;1
BILCIZ;1;27.8.1944;0;1
HETIYE;3;10.5.1945;0;3
UFIK;1;21.3.1967;1;0
NAMIGER;4;16.11.1962;0;4
EVGI;3;11.1.1959;0;3
MEKPULE;7;14.3.1954;0;7
GULACIL;6;26.5.1959;1;5
HAZARKAN;3;29.4.1990;3;0
FIRUDUN;4;8.6.1953;4;0
HABIM;2;27.3.1958;1;1
TORMIS;2;23.11.1952;0;2
ZATIH;1;22.11.1987;1;0
DEREBEYI;16;3.5.1954;16;0
SABANI;3;4.1.1966;2;1
SAHRIZ;6;22.7.1969;0;6
TAPER;1;17.4.1968;1;0
ECDA;4;7.5.1980;0;4
MUHADDAT;1;1.6.1950;0;1
FERFULU;1;2.3.1975;0;1
SAZAL;1;26.7.1961;0;1
TOREDI;1;12.2.1971;1;0
TURALIYE;1;26.7.1964;0;1
MIRDES;5;25.10.1951;2;3
SAGMEN;1;12.1.1971;0;1
NELEN;1;3.2.1969;0;1
TAZELER;3;24.3.1977;0;3
NEBITE;2;20.9.1965;0;2
GULDIK;1;7.5.1939;0;1
SERBUNET;1;16.8.1963;1;0
OYMALI;1;17.5.1936;0;1
ATAKOY;1;21.2.1982;1;0
LALITA;1;7.8.1968;0;1
ABUNAR;1;25.5.1971;0;1
KEBBAN;3;28.4.1959;0;3
HELINAY;1;14.2.1985;0;1
SUATHAYRI;1;8.7.1966;1;0
GULKOKU;1;21.1.1961;0;1
M.MEHDI;9;15.6.1960;9;0
SERGO;2;12.11.1974;2;0
MUNEZZEM;1;29.5.1950;0;1
NAZLIBAN;1;22.3.1961;0;1
AYNIZAR;1;1.1.1957;1;0
FAHID;1;27.8.1932;1;0
BAHATUR;1;8.1.1952;0;1
MEHAKET;1;26.10.1955;0;1
MESTE;4;7.9.1946;0;4
UMMUREYHAN;2;3.2.1963;0;2
VEHEYIP;1;19.7.1944;1;0
ZEYAD;2;9.2.1974;2;0
HURDEZ;5;23.6.1944;0;5
GULZEMI;2;3.3.1960;0;2
GULFIRAT;1;22.2.1967;0;1
ERKEM;1;7.8.1973;1;0
ALINATUKAWUWA;1;17.8.1960;0;1
GULENZER;1;12.2.1975;0;1
TALIPHAN;2;29.12.1978;2;0
NUSREL;3;18.10.1972;0;3
ULKIHA;1;14.6.1974;0;1
HANDENIR;1;17.9.1966;1;0
SUFAGAN;2;16.3.1960;0;2
YEKTAY;3;20.11.1971;2;1
LILLE;1;8.5.1946;0;1
SEYDIRAHMAN;2;10.3.1974;2;0
NAYINDE;1;4.11.1967;0;1
FEHRATTIN;1;22.2.1967;1;0
MUHAZAM;1;21.7.1966;1;0
BAHTA;5;18.4.1946;0;5
YEREGUL;1;22.2.1979;0;1
KERIVAN;1;1.11.1971;0;1
SERYEN;3;29.3.1961;0;3
GUVENLI;1;17.8.1936;1;0
PERRA;1;12.9.1952;0;1
MEMETMUSAFIR;1;7.7.1970;1;0
GULEGLER;1;22.5.1949;0;1
SAYDUKTER;1;6.4.1948;0;1
OKAYDIN;1;11.6.1942;1;0
KOYKUL;1;2.8.1975;0;1
VEYSELKARENI;1;7.4.1966;1;0
EKLIMIYE;1;20.4.1966;0;1
ABTULCELIL;1;7.3.1964;1;0
OLESSYA;3;25.11.1979;0;3
NAILET;1;8.10.1940;0;1
JEFFREY;3;9.9.1975;3;0
DIRSIHAN;1;5.5.1971;1;0
HACIREN;2;21.3.1968;0;2
TEVFIKCAN;4;16.7.1989;4;0
BUDSABA;1;27.6.1956;0;1
EVENTIYE;1;29.11.1935;0;1
LOSAPER;1;17.8.1924;0;1
DOAGA;1;4.10.1948;0;1
NAIBA;6;25.9.1969;0;6
ARDAGUL;1;17.2.1984;0;1
HAMIDDIN;16;9.8.1976;16;0
TEOFIL;1;23.6.1966;1;0
FURUCE;1;7.5.1939;0;1
FERYAZI;1;27.2.1950;0;1
YANNULI;1;10.9.1942;1;0
ANTANASIOS;1;17.4.1949;1;0
POGOS;1;1.2.1954;1;0
IFIYEMIYA;1;13.8.1931;0;1
BEHERLI;1;23.1.1958;1;0
REBECA;1;9.4.1971;0;1
HARPAZ;1;17.2.1941;1;0
M.ENIS;2;27.1.1953;2;0
EVLAMBIYA;2;28.6.1962;0;2
SOTRIA;1;24.9.1972;0;1
SIYYAR;2;26.11.1959;1;1
GUBAR;4;30.12.1960;1;3
PAVLI;1;2.2.1952;1;0
DONDUKE;1;17.8.1924;0;1
VARKEZ;2;23.8.1959;2;0
MILKON;6;2.2.1950;6;0
NISON;1;8.5.1960;1;0
GOYNUL;7;25.10.1956;0;7
YANAIL;2;14.12.1973;2;0
JOSFIN;1;22.1.1973;0;1
ARNIK;1;12.2.1953;1;0
RUSIK;2;14.2.1945;0;2
EFKIYE;1;20.4.1946;0;1
ATALLAY;2;19.11.1973;2;0
POLIMNIYA;1;22.8.1925;0;1
ODVAR;1;24.3.1964;1;0
NURAYIR;4;10.10.1950;4;0
ANGELINKA;1;5.12.1951;0;1
MAVLU;1;20.4.1970;0;1
NAZENIK;1;1.2.1949;0;1
NATA;2;3.2.1948;0;2
KALELIK;1;13.9.1961;0;1
LOLIHAN;1;5.6.1988;0;1
USTUNYAN;2;21.7.1942;0;2
NADYO;2;14.1.1959;0;2
GIRE;4;24.7.1950;4;0
PANAYUTA;1;2.8.1927;0;1
ZAGIH;1;27.8.1926;0;1
CULYANA;2;7.2.1972;0;2
DURAHMET;2;19.1.1952;2;0
KIRIAKICA;1;24.2.1952;0;1
STAMATIYA;1;2.8.1921;0;1
ANDRIA;1;27.8.1959;1;0
CULYO;1;19.10.1981;1;0
ZAVIN;2;22.5.1966;2;0
HARPINE;1;24.6.1971;0;1
MERDISA;1;6.7.1975;0;1
KAHAM;1;27.2.1950;1;0
LALLI;1;22.2.1961;0;1
LOLIRSTAN;1;1.10.1990;0;1
GURGA;1;12.11.1954;0;1
OSENNE;1;3.4.1950;0;1
GLIKERIYA;1;26.7.1939;0;1
LUPEN;1;27.8.1932;1;0
M.ATA;7;2.1.1965;7;0
EVANSIYA;1;12.9.1934;0;1
NIKOLOS;1;10.3.1986;1;0
SIMARAGDA;1;7.8.1928;0;1
PANAYOTI;7;25.5.1959;4;3
SOUAD.M;1;17.8.1960;0;1
ARSALAS;2;4.1.1934;0;2
HAPIK;2;24.7.1948;1;1
RAFFII;1;9.4.1983;1;0
HARITUYAN;1;17.9.1950;1;0
SEMARYA;1;29.6.1929;1;0
STILIYANOS;1;13.7.1975;1;0
ISPIRA;2;24.1.1932;2;0
TAKAN;6;5.1.1976;6;0
GUNICEN;3;2.11.1956;0;3
IFIYENIYA;1;19.4.1934;0;1
LEONDIYOS;1;17.7.1944;1;0
ANGELI;2;6.7.1944;2;0
OZUDOGRU;1;9.6.1978;1;0
JURIDE;2;11.6.1949;0;2
FEYHUN;2;8.2.1959;2;0
MIZAMUR;1;11.4.1937;1;0
FOTINO;1;11.4.1942;1;0
ALTIZ;1;15.5.1934;0;1
MAFALDA;3;14.8.1948;0;3
ELLINA;1;30.3.1971;0;1
FILIPOS;2;14.3.1953;2;0
ZUMBIL;1;16.7.1960;0;1
VANSA;1;14.1.1982;0;1
TENGEZAR;1;12.2.1971;1;0
MUSERRA;9;5.8.1958;0;9
TEOFILOS;2;3.4.1945;2;0
GULPERMAN;1;17.2.1990;0;1
GUZIBE;2;11.9.1973;0;2
HAVAMINE;1;2.9.1976;0;1
THEELY;1;16.7.1960;0;1
SELMAS;1;3.3.1957;0;1
LIGORI;1;22.6.1963;1;0
HUNET;1;8.12.1965;1;0
FERRUHZAT;1;17.4.1923;0;1
OYLU;1;13.10.1966;1;0
BETE;1;25.7.1960;1;0
YIRVE;1;27.2.1950;0;1
GULCERI;4;7.8.1961;0;4
RUNEYSA;2;22.5.1976;0;2
NUFFEB;1;19.2.1926;0;1
SUPIDAY;1;24.5.1972;1;0
MEFIME;1;21.5.1970;0;1
CANEFE;2;5.1.1968;2;0
Z.;1;20.10.1963;0;1
ILKBEY;3;29.3.1990;3;0
MULLAHAN;1;21.9.1950;0;1
MUHATTER;8;16.3.1955;0;8
AYTULIKE;1;22.6.1983;0;1
GOKSERIN;1;22.3.1962;1;0
VEBILE;2;18.8.1932;0;2
DURIK;1;3.7.1932;0;1
VADIHAN;1;23.8.1980;0;1
ERBASKAN;1;26.3.1944;1;0
ALPMANAS;1;27.4.1979;1;0
MURADIHA;1;12.10.1945;0;1
ERDEREN;1;17.1.1965;1;0
NARTHAN;2;4.2.1988;2;0
ALPAKAY;2;9.3.1978;2;0
NUVAN;1;11.9.1985;0;1
AYSADUDU;2;27.9.1957;0;2
KORKUTALP;1;17.8.1982;1;0
NNEKA;1;4.8.1990;0;1
MUBNIYE;2;9.2.1945;0;2
ELAYSE;1;28.3.1967;0;1
GUNDUZYEN;1;12.6.1960;1;0
AJA;1;9.3.1962;0;1
PEHIYE;3;13.5.1962;0;3
AYANUR;1;8.8.1940;0;1
DUGCEM;1;30.7.1991;0;1
CHOVKETKHANOUM;1;19.4.1960;0;1
DOGACANSU;1;6.8.1990;0;1
KLEMENTINA;1;11.2.1979;0;1
BENTUL;2;13.9.1956;0;2
DAHIKE;1;22.8.1943;0;1
KHADINEE;1;19.5.1979;0;1
SEZGIM;2;25.12.1990;0;2
EKLANTIN;1;21.6.1962;0;1
ABIER;1;26.8.1971;0;1
YETERNUR;2;7.9.1973;0;2
MEFHALET;1;13.4.1946;0;1
KUTMETE;1;5.4.1944;1;0
ERTO;1;6.6.1956;1;0
FONA;1;16.11.1990;0;1
SEMUHI;3;14.1.1981;3;0
YAPRAKSU;1;23.9.1991;0;1
FERUZIDE;2;22.2.1932;0;2
AKGUR;1;8.1.1974;1;0
RUDJULE;1;5.2.1943;0;1
ABDULAKIF;2;6.3.1956;2;0
ZEYLIN;2;8.10.1953;0;2
BERFUG;3;29.6.1986;0;3
YONAT;1;30.5.1975;1;0
RUKRETTIN;3;7.10.1962;3;0
ZERNI;4;8.5.1953;0;4
AKKENT;1;9.9.1970;0;1
GUNESPER;1;2.9.1951;1;0
MAKADDES;3;1.2.1961;0;3
EDWAR;1;10.12.1963;1;0
SAMAD;5;9.1.1963;5;0
ELISAHIP;1;1.5.1946;1;0
SEAL;2;16.4.1962;0;2
GULBENDAM;1;6.12.1958;0;1
NURSURE;1;21.2.1980;0;1
NEFHAN;1;27.11.1963;1;0
HISAK;1;21.6.1950;1;0
CERMUHAN;1;17.6.1960;1;0
PANAYOTOLA;1;5.9.1943;0;1
MILTIYADIS;2;30.1.1943;2;0
BITROS;1;16.2.1956;1;0
BIYAM;1;4.5.1969;1;0
MUDAF;1;22.2.1961;1;0
RAVIDDIN;1;4.10.1933;1;0
MIRVAHA;1;11.6.1981;0;1
RUA;4;18.12.1972;3;1
SEVINOR;1;3.3.1957;0;1
SENSAT;1;24.6.1959;0;1
MILVARI;3;8.3.1959;0;3
CUMFUR;1;1.2.1946;1;0
HOCAKIZ;6;14.9.1950;0;6
AYTUGCE;2;28.3.1986;0;2
HAYRANUR;1;27.11.1963;0;1
SIYAFETTIN;1;18.12.1976;1;0
UGURDEDE;1;2.11.1945;1;0
PUJE;1;1.2.1959;0;1
AYSENIN;5;7.3.1963;1;4
SEHRIVANI;1;22.8.1973;0;1
ALADA;2;6.2.1973;0;2
BEYDEM;1;8.6.1961;1;0
PENCE;2;23.9.1960;0;2
PEKUZAR;1;16.11.1949;0;1
LLOYD;1;16.8.1953;1;0
MURSAN;5;27.9.1967;1;4
SEREFINNISA;2;17.10.1962;0;2
ERGISOY;1;27.3.1956;1;0
SEREV;3;12.1.1986;1;2
HALILEFE;1;13.10.1990;1;0
ALAMI;5;29.9.1957;5;0
ILFETA;1;2.11.1966;0;1
FULUN;2;16.7.1978;0;2
LUKMEN;2;2.2.1957;2;0
CIHANAY;5;18.12.1971;3;2
ORTANCA;1;26.5.1979;0;1
SIOBHAN;2;16.10.1973;0;2
SAFAHAN;1;2.4.1992;1;0
KOKACYA;1;13.8.1977;0;1
HUKMAN;1;12.8.1965;0;1
BUYRAK;1;14.4.1992;1;0
ERUTIN;2;2.9.1948;2;0
BILGEM;4;26.8.1979;0;4
CIGA;1;14.5.1937;0;1
SIVGIN;2;1.3.1988;1;1
VARIJAN;5;5.2.1954;5;0
SANSAV;1;24.2.1948;1;0
AYGULEN;5;26.9.1965;1;4
MAHPEYKAR;2;19.1.1971;0;2
HUROY;2;5.7.1951;1;1
TASLIK;1;10.5.1941;0;1
KIRALBI;1;15.6.1956;1;0
FAMER;2;22.6.1958;1;1
M.ALAIDDIN;1;17.8.1924;1;0
TUGCIHAN;3;28.9.1975;3;0
NECIPOGUZHAN;1;12.2.1978;1;0
NURSARA;2;11.3.1982;0;2
ARKAP;1;29.6.1990;1;0
BELMABARIS;1;8.10.1968;0;1
SEHITNUR;1;21.2.1989;0;1
GULUSEVER;1;22.2.1967;0;1
CANBEN;1;2.5.1987;1;0
AZIZTURK;1;10.5.1969;1;0
KOPTAGEL;3;5.6.1969;3;0
IBRAHIMCAN;2;18.11.1988;2;0
ANNEGUL;1;24.12.1953;0;1
HAPIT;1;22.4.1937;1;0
MESRUP;4;19.4.1943;4;0
ORSCELIK;1;1.8.1942;1;0
GOYNUM;3;8.7.1984;0;3
GORYANA;1;10.10.1988;0;1
PARKIS;1;16.2.1956;1;0
UNSI;1;21.8.1982;1;0
RUSALET;3;14.1.1949;0;3
HUDEIR;1;1.9.1981;1;0
AYTANGA;3;1.12.1968;1;2
MAHITEN;3;25.1.1953;0;3
REMEZANE;2;27.5.1938;0;2
SUZIDE;2;24.10.1970;0;2
GUGSEL;1;5.12.1961;0;1
ALTUNI;4;21.1.1949;0;4
MUSLUBE;1;21.12.1981;0;1
SEYTINAZ;1;2.8.1933;0;1
VEDANUR;4;14.3.1974;0;4
NIZAMULMULK;1;15.1.1975;1;0
FEVZANI;1;9.4.1935;0;1
FELICIA;9;15.12.1973;0;9
NEZLAM;1;28.10.1930;0;1
INCIFEM;1;21.1.1963;0;1
NADRA;3;30.5.1967;0;3
NIGMETI;4;3.3.1952;3;1
GONCER;3;1.2.1955;1;2
SACIDTIN;1;9.6.1949;1;0
IDRISAH;1;22.8.1931;0;1
SUFELA;4;3.10.1953;0;4
FAHAMEDDIN;6;3.6.1954;6;0
GUCYEN;1;18.2.1938;1;0
MALIKHAN;2;17.2.1979;1;1
NURDURAN;10;5.6.1965;0;10
PAVEL;4;8.9.1980;4;0
VALALI;4;22.9.1950;0;4
HAYRIYEI;1;10.7.1979;0;1
RUSANIYA;1;1.2.1973;0;1
NIYHAN;1;22.2.1985;0;1
MUSAEFENDI;1;30.5.1950;1;0
MAVU;15;25.1.1958;0;15
GULYASER;2;11.3.1979;0;2
CINTHYA;1;17.7.1977;0;1
TITIWAN;1;20.2.1974;0;1
MEFARETTIN;10;1.10.1970;4;6
ESENSOY;1;12.5.1971;1;0
MANTA;1;2.4.1951;0;1
BILGIYEN;1;13.7.1971;0;1
VLAD;1;18.6.1991;1;0
CAMUR;1;21.2.1962;1;0
SATFET;1;22.12.1974;0;1
LIAISAN;1;10.7.1974;0;1
OVSEN;6;25.1.1970;1;5
PERLITA;1;22.2.1981;0;1
NIKIFOR;1;2.4.1962;1;0
KWANG;2;29.10.1949;0;2
CANETILI;1;6.8.1980;0;1
ESIRETTIN;3;30.1.1962;3;0
LOTTE;2;19.9.1944;0;2
SERNIL;3;24.2.1976;0;3
SULTANGUL;17;26.5.1974;0;17
CELET;2;11.10.1958;2;0
SEVVET;1;18.10.1970;0;1
M.ALPASLAN;3;25.1.1967;3;0
YUVAGUL;1;30.2.1962;0;1
ZATINAZ;2;6.1.1946;0;2
SAABAN;2;26.9.1980;2;0
TUBAI;1;22.2.1971;0;1
MEMATI;5;26.2.1968;5;0
KUZEYFI;2;17.3.1962;2;0
SIVKA;2;22.9.1974;0;2
CEZIT;2;9.11.1968;2;0
SEREDA;1;28.1.1972;0;1
DIRICAN;2;22.12.1944;1;1
FILIZNUR;4;27.11.1976;0;4
TURKGUN;2;25.1.1953;1;1
NEZMA;1;26.7.1955;0;1
CAGADA;2;10.7.1982;1;1
RESMIHA;1;28.9.1949;0;1
MUSSEBIYE;1;13.9.1973;0;1
IRTEN;1;27.10.1980;1;0
LUISITA;1;11.11.1975;0;1
MARYANN;1;3.1.1963;0;1
LAYIYE;1;12.11.1953;0;1
TENPEMBE;1;14.2.1965;0;1
BENIZE;8;13.1.1965;0;8
SAVLE;3;7.2.1975;0;3
SELMANPAK;2;25.9.1974;2;0
IMSEK;4;12.9.1969;3;1
DURBAL;1;24.2.1967;1;0
TEMELLA;2;7.5.1934;0;2
HUDAICAN;1;1.9.1963;1;0
NILBERIN;1;15.9.1976;0;1
ZEYNUNE;1;14.5.1965;0;1
ANABELLE;1;8.5.1968;0;1
VELBA;10;18.7.1984;0;10
AYTULI;1;6.7.1969;0;1
ADIYAMAN;5;20.7.1953;5;0
BILENNUR;3;10.3.1971;0;3
EMILHAN;3;29.9.1963;2;1
GARAN;1;12.6.1944;1;0
NOYHAN;2;26.5.1965;2;0
ETVAL;1;24.2.1955;1;0
ATASAL;2;16.7.1961;2;0
DIMITIR;1;8.7.1949;1;0
GULTEZI;2;20.3.1953;0;2
ILGINE;1;6.9.1965;0;1
ROSINE;1;17.8.1977;0;1
MEYUDE;1;9.9.1971;0;1
HAZANNUR;1;17.9.1990;0;1
YESEREMEL;1;2.9.1975;0;1
SEZAHADDIN;1;6.3.1980;1;0
NINUS;1;20.5.1966;0;1
MUHUBBEDDIN;1;17.8.1960;1;0
BURBUGE;1;14.9.1969;0;1
VEPRIM;1;22.10.1964;1;0
PIMAN;3;7.4.1946;0;3
KIANOUSH;1;22.8.1967;0;1
NURIAZZEM;1;28.7.1955;1;0
GULALP;1;5.10.1980;0;1
BADEMCIN;4;9.1.1967;0;4
ZIATTIN;3;21.10.1960;3;0
MA.MARGARITA;1;21.11.1959;0;1
GULSEHNAZ;2;27.3.1960;0;2
SITOU;1;8.4.1958;1;0
MINOR;2;8.11.1968;0;2
ERDUC;1;27.10.1955;1;0
HAKIPAR;8;19.9.1947;0;8
BIDA;2;24.4.1964;0;2
DENET;2;28.6.1967;1;1
KURANER;6;29.1.1974;6;0
SANULLAH;1;30.6.1970;1;0
DILARASEN;1;21.5.1955;0;1
TUL;8;17.9.1966;0;8
ERHOUVO;1;30.3.1972;1;0
CANELIF;1;25.2.1992;0;1
HAYRICELIK;1;12.3.1946;1;0
IBERYA;1;8.2.1957;1;0
REYYAD;1;3.11.1960;1;0
LJUBICA;1;5.12.1950;0;1
MUBEYYET;3;8.2.1952;0;3
MURSAH;2;1.6.1965;0;2
ALIKRAM;1;3.1.1956;1;0
BAHRIHEZANT;1;4.1.1927;0;1
MAHMUTGOKHAN;1;8.1.1979;1;0
EREDDIN;1;24.4.1961;1;0
OGGAN;1;21.3.1961;1;0
TEKIZ;2;29.7.1944;1;1
PANUR;2;25.6.1977;2;0
BINEBEYI;1;25.2.1953;1;0
ZULYET;2;5.2.1951;0;2
SEYED;4;23.1.1975;4;0
EMINYAVUZ;1;10.5.1967;1;0
SELISIK;4;3.4.1971;1;3
DILBERE;2;21.6.1947;0;2
SEBAHTTIN;2;18.10.1968;2;0
SEVKAVER;1;30.4.1955;0;1
DIDEY;1;11.3.1957;0;1
MENFUS;1;2.8.1921;0;1
TURKALP;10;14.6.1979;10;0
YEKDAL;2;19.5.1981;2;0
KEMAHATTIN;1;1.2.1960;0;1
OLDAS;1;21.7.1982;1;0
LAHUT;3;13.10.1953;2;1
JUSTEM;1;29.5.1941;1;0
BESTECAN;3;26.12.1987;0;3
ALIGURHAN;1;24.12.1978;1;0
JABAGI;1;12.2.1980;1;0
BARUN;1;17.6.1977;1;0
DINSEV;1;4.6.1944;0;1
ANGGIELA;1;12.2.1973;0;1
EMIRTULLAH;42;2.10.1959;0;42
YAVUZALP;5;30.2.1983;5;0
CAFETTIN;4;24.4.1964;4;0
SELVEND;1;10.5.1962;0;1
ECEBEYHAN;1;27.2.1957;0;1
MUFERET;1;7.4.1954;0;1
EFNANGUL;1;13.1.1957;0;1
ALIALPASLAN;1;29.4.1986;1;0
NURIMAH;1;29.1.1950;0;1
NARIHA;2;24.6.1946;0;2
ARGUT;2;10.12.1940;2;0
MELEKPERI;2;15.9.1951;0;2
ARISAN;1;6.5.1986;1;0
SAHHARE;1;2.10.1945;0;1
NURAHMETTIN;1;1.3.1970;1;0
EYUPALI;1;27.5.1950;1;0
BARBAYS;1;6.3.1973;1;0
CEHMINAZ;1;12.4.1977;0;1
DJERENA;1;10.3.1984;0;1
SANIYEDE;1;23.11.1967;0;1
AZALETTIN;13;30.5.1959;13;0
SUTNAYE;1;2.10.1969;0;1
MILSAN;2;5.10.1975;0;2
IKRAMBEY;2;26.1.1972;2;0
HUBYA;2;2.2.1963;0;2
NASIRCAN;1;12.2.1989;1;0
BAYRAL;1;16.4.1964;1;0
MENENZIL;1;24.2.1949;0;1
SENZILE;1;10.10.1971;0;1
PATIMA;3;28.2.1969;0;3
MECDUDIN;1;1.11.1968;1;0
NICAMETTIN;2;18.2.1973;2;0
MEDICHA;1;6.7.1978;0;1
MUKAT;6;16.11.1968;3;3
NEFAGAT;2;20.2.1969;0;2
DUET;2;5.10.1980;0;2
SEVVALET;1;1.8.1986;0;1
TURALP;4;17.9.1984;4;0
RAMIKA;1;22.6.1973;0;1
NADIDENUR;1;7.8.1988;0;1
MUZEYE;5;22.2.1958;0;5
METIKA;1;27.2.1974;0;1
USKEND;1;30.9.1937;0;1
MERSUDIYE;4;8.10.1973;0;4
SEVKANI;1;18.10.1968;0;1
LEVVER;1;27.8.1965;0;1
ONDERFUAT;1;11.2.1970;1;0
MUHAMMETCAN;2;27.6.1991;2;0
RABIATULADEVIYE;1;27.6.1991;0;1
CUMRAN;1;13.12.1961;0;1
ATAG;5;2.3.1968;5;0
GULENCAY;2;29.3.1981;0;2
YETERSIN;1;1.7.1960;0;1
HIMRAN;4;12.2.1960;0;4
PEYYAMI;3;4.9.1969;3;0
PULUL;1;17.5.1966;0;1
NURZINNET;1;6.4.1974;0;1
BIRHEMADEN;1;27.5.1968;1;0
ZEINEB;1;7.7.1984;0;1
YOSER;2;8.8.1958;0;2
MAHIFIKIR;1;17.2.1942;0;1
AKSE;2;28.5.1969;0;2
ESZTER;2;4.7.1977;0;2
NURSAFAK;7;11.6.1979;0;7
OTMAR;1;16.7.1965;1;0
NEGEHAT;1;16.9.1961;0;1
ENHER;2;25.12.1943;2;0
SAHZAR;8;23.11.1952;0;8
DUNYAVER;5;3.1.1970;4;1
ELMEDINA;1;9.4.1976;0;1
BURHANATAOL;1;29.6.1977;1;0
SAFACAN;2;12.12.1987;2;0
AVSUMAN;2;8.9.1968;0;2
SUKSAN;1;13.4.1927;0;1
MUDESSIRE;3;8.3.1936;0;3
EFIYEN;1;26.5.1959;0;1
ETEMNUR;1;7.8.1974;1;0
CANIMEN;1;9.1.1980;0;1
NILOUFAR;1;12.8.1965;0;1
KADIRNEDIM;1;18.8.1988;1;0
SUHUDI;7;7.1.1959;7;0
HAYYIRE;1;14.2.1992;0;1
BERTRAND;2;20.11.1964;2;0
TACATTI;1;17.5.1960;1;0
BETAY;1;18.12.1980;0;1
MUKATTAS;1;2.3.1963;0;1
ATESALI;2;3.7.1967;2;0
FILIPA;1;12.11.1975;1;0
MUCALLE;1;17.8.1987;0;1
BIBICANOGUL;1;12.8.1923;0;1
SEHIDCAN;1;6.6.1987;1;0
YURDAGUR;2;9.5.1975;0;2
TURISINE;1;29.10.1968;1;0
TALAYHAN;1;19.2.1935;1;0
ERSAMI;2;4.1.1974;2;0
DEVI;2;14.2.1961;2;0
NERHUN;1;2.10.1983;1;0
MILAGRITO;1;26.12.1962;0;1
CANILBUBU;1;22.2.1967;0;1
RUHIMAN;1;18.11.1982;0;1
DENAY;1;21.11.1988;0;1
MUHENNA;6;23.12.1958;4;2
TANSAL;3;18.9.1967;3;0
VERHAN;7;30.9.1973;3;4
REKAI;1;5.2.1963;1;0
DIDAM;2;30.3.1978;0;2
HUSHU;2;1.4.1977;2;0
ISAMESIH;1;10.10.1983;1;0
DILASA;1;8.3.1988;0;1
PEYMAZER;1;3.12.1941;0;1
PULAY;4;5.8.1952;1;3
FENARI;4;18.7.1969;2;2
BELKUZ;1;6.3.1972;0;1
BETULNURSEN;1;21.12.1977;0;1
IKMANIYE;5;1.1.1957;0;5
SEREFI;1;26.6.1935;0;1
KULBULAY;1;19.8.1952;1;0
MULKESIN;2;12.7.1982;0;2
ULKET;1;22.7.1973;0;1
ENMA;1;5.4.1971;0;1
FERIHZAT;1;21.7.1969;0;1
ALPTUGHAN;1;16.6.1991;1;0
SAMAYE;4;17.2.1971;0;4
SEILA;7;12.5.1976;0;7
AISEI;7;24.7.1952;0;7
SEBLIYE;10;13.8.1963;0;10
TUERSONGNISAHAN;1;11.7.1973;0;1
ZEFIL;2;8.2.1958;0;2
SAVSAN;3;8.12.1967;0;3
VOCHITA;1;5.9.1956;0;1
MARUP;4;11.5.1954;3;1
AYKUTCAN;5;12.10.1988;5;0
VOLKANTUNA;1;17.11.1973;1;0
SARAHA;1;2.2.1957;0;1
HADAYI;1;6.11.1956;0;1
KUBATA;1;17.8.1918;0;1
HUSNUAVER;5;21.5.1952;0;5
DIGSAN;1;30.10.1980;0;1
EVROJ;1;23.3.1992;1;0
IVDAM;1;4.11.1979;0;1
NEBIYEGUL;1;2.5.1975;0;1
IDILSU;1;22.4.1979;0;1
EFRUZA;1;7.8.1950;0;1
OLGAHAN;5;24.1.1985;4;1
MAHIMIRI;3;15.8.1938;0;3
SUANDAN;5;29.6.1961;0;5
YAVAIL;1;8.10.1963;1;0
CIGLEM;8;30.7.1981;0;8
AYPINAR;5;23.11.1973;0;5
FATMASENA;1;17.10.1990;0;1
SAJIDE;2;15.9.1963;0;2
JALI;2;24.9.1974;0;2
URGUBE;1;2.7.1974;0;1
SEVDUNYA;1;22.10.1978;0;1
HUBEYYE;1;21.4.1953;0;1
USUZAN;1;22.2.1967;0;1
KAYAL;2;17.3.1962;0;2
NURTEMIN;3;13.5.1961;1;2
CEVADDIN;1;11.5.1951;1;0
BERIYA;7;14.2.1967;0;7
YESUGAY;3;1.7.1982;3;0
NICAYI;1;8.3.1948;1;0
AYSEBENGIGUL;1;28.2.1956;0;1
BIRGUZAR;1;28.3.1962;0;1
SULBEDDIN;2;17.11.1961;2;0
EBUSELEME;1;16.4.1983;1;0
ALAYIDDIN;4;2.5.1965;4;0
BESLENAY;3;25.1.1973;3;0
YUSUFIZZETTIN;2;27.2.1966;2;0
MUSEREN;2;1.7.1963;0;2
KAZIMAGA;1;4.3.1963;1;0
NILGUNNUR;1;6.5.1974;0;1
HIMBET;2;23.4.1955;2;0
LATIHAN;1;10.12.1957;1;0
GULBAZEN;1;11.11.1969;0;1
NURBERAT;3;30.9.1966;0;3
DERAM;1;21.11.1983;0;1
BEHDILI;1;17.12.1946;1;0
AHMETABDULHAKIM;1;29.10.1966;1;0
BERHEMET;1;11.4.1957;0;1
NEBIULLAH;1;27.8.1938;1;0
NIRCIHAN;1;7.8.1972;0;1
JANSU;1;14.4.1972;0;1
LAILIA;1;19.4.1958;0;1
BAGDASEL;2;28.8.1968;0;2
NEVRIZAN;3;8.6.1958;0;3
HUSNEVER;1;24.6.1961;0;1
GIULSEREN;1;2.8.1975;0;1
TARIYEL;1;5.7.1947;1;0
KURTBEDIN;1;25.11.1973;1;0
ALIYALIN;1;12.1.1992;1;0
PERIHE;4;17.11.1938;0;4
GULBAGRI;2;15.9.1941;0;2
GUSAMETTIN;1;9.3.1966;1;0
FEYYI;1;17.12.1955;1;0
KUPRAH;2;12.1.1978;0;2
ERDEHA;2;26.7.1976;1;1
ULUVENT;1;24.10.1966;1;0
NUHILE;3;12.1.1977;0;3
SEZDE;1;1.6.1979;0;1
HASELIF;1;25.4.1955;0;1
NARISTAN;3;7.5.1952;0;3
TAYMAN;5;23.5.1962;4;1
UBEYYIT;19;25.5.1971;19;0
FERESHTEH;2;24.3.1966;0;2
ELISSABETTA;1;7.5.1952;0;1
NAZLUMSAH;2;29.8.1932;0;2
MAHIPIKER;1;19.8.1929;0;1
ENDJE;1;26.2.1976;0;1
BRUNA;1;13.6.1953;0;1
VEROL;3;17.6.1974;3;0
VEFAYEDDIN;1;29.2.1978;1;0
PEKIZAR;3;14.11.1963;0;3
NARCICEK;11;30.10.1970;0;11
GULNAZIRE;4;9.3.1968;0;4
ESBIYA;2;26.7.1978;0;2
PAZIKE;4;3.11.1960;0;4
SPAHIU;1;14.10.1950;0;1
MALIM;2;10.2.1951;2;0
MEYDULLAH;2;11.4.1983;2;0
SAHVEL;1;27.2.1974;0;1
GULRIDIYE;1;13.9.1973;0;1
NAHINE;2;18.4.1964;0;2
HEMSALE;1;8.1.1976;0;1
TILAFER;2;1.2.1944;0;2
SEHR;1;10.1.1957;0;1
SAYIVER;1;1.8.1949;0;1
GAMSA;8;29.11.1963;0;8
ISTEBRAK;4;9.8.1964;0;4
BIRSIM;3;22.1.1959;0;3
ESMASANIYE;1;25.5.1953;0;1
YAKUPSERDAR;1;4.2.1991;1;0
BERSLAN;5;18.2.1981;5;0
MIKET;8;16.7.1969;0;8
OZALI;5;22.3.1959;5;0
FITEKIYE;1;10.1.1961;0;1
AFIRDITA;1;3.6.1974;0;1
BILGUNAY;3;1.3.1982;1;2
KUTLUTEKIN;1;12.9.1959;1;0
ESENC;1;25.6.1937;0;1
EVRENGUL;3;23.11.1977;0;3
BUHER;1;26.2.1930;0;1
ELSE;5;27.2.1937;0;5
SHADIKE;1;16.5.1945;0;1
SAFINNAS;1;13.1.1965;0;1
AHKEMIN;1;3.12.1982;1;0
ILTEBER;4;18.6.1975;4;0
HALILSAHAN;1;26.9.1982;1;0
HADMIDE;1;1.9.1960;0;1
MUHUMMED;2;1.4.1984;2;0
KLEV;1;7.5.1980;1;0
BEHJET;1;3.10.1956;0;1
FARZAD;2;6.10.1959;1;1
FUREYIT;1;1.3.1930;1;0
ENGIZE;2;9.11.1974;0;2
CICEKTEN;1;26.2.1964;0;1
YASHA;1;6.2.1981;0;1
YILESEN;1;27.2.1956;0;1
SUERE;1;3.4.1941;0;1
KILEMANS;2;2.3.1934;0;2
OSENA;1;22.2.1955;0;1
EYIBIZIYA;1;26.3.1971;1;0
YEKMER;1;3.12.1976;1;0
BERRIA;1;15.9.1945;0;1
BRYAN;1;10.9.1988;1;0
BERCANIK;1;17.8.1929;0;1
KEORK;2;1.4.1939;2;0
ZAREK;1;1.1.1945;1;0
ASHWAK;1;19.1.1963;0;1
AZADIFI;2;11.3.1948;0;2
JBIT;2;2.12.1985;0;2
GAYRINI;1;1.1.1;0;1
HATUNMAR;1;17.8.1918;0;1
SIRPIK;1;19.2.1946;0;1
SUHAYAT;1;27.8.1932;1;0
FEYDAL;3;13.4.1975;0;3
ZELDAL;1;11.3.1985;1;0
OSKINAZ;1;21.4.1963;0;1
ARIMAN;3;28.3.1959;1;2
LUSUK;1;6.2.1942;0;1
BEKRUHI;1;13.7.1925;0;1
GULBIRCAN;3;28.12.1983;0;3
HILALCEREN;1;27.3.1992;0;1
TECELI;6;2.2.1978;5;1
YARANNI;1;1.2.1949;0;1
MERGRET;1;11.5.1962;0;1
MTVARISA;3;3.6.1961;0;3
MAKRIK;4;23.11.1955;0;4
ZEHAVET;2;12.5.1943;0;2
JULUYET;1;8.4.1955;0;1
MUHAZIM;2;25.2.1960;2;0
HASRAFI;1;2.8.1927;0;1
SERMEDIYE;1;13.3.1952;0;1
SIRIBE;1;10.1.1972;0;1
OVANIS;3;6.3.1967;3;0
HARITYAN;1;12.8.1929;1;0
IKSABET;1;21.6.1947;0;1
MARITSA;1;9.11.1969;0;1
EFIZ;1;27.5.1952;0;1
JUZEFIN;1;9.2.1940;0;1
ALEK;2;7.5.1982;2;0
MAYREM;5;7.10.1965;0;5
SENGULLER;3;2.8.1960;0;3
AYTORUN;1;11.10.1983;0;1
ERABUL;1;23.7.1961;1;0
NURAYSAN;1;19.5.1972;0;1
NILGIOUN;1;13.6.1971;0;1
YEDVARD;1;26.5.1930;1;0
MESTUN;1;12.10.1969;1;0
SERTUGHAN;1;27.1.1983;1;0
ALIKSANDIR;1;25.1.1934;1;0
YAGIK;1;26.5.1925;1;0
MAKTUKA;1;6.3.1930;0;1
FARTANUS;1;21.10.1965;0;1
MAHFUZI;1;21.1.1959;0;1
ECRAN;5;6.3.1971;0;5
ALTETIN;1;25.5.1949;1;0
KEGOM;1;7.10.1963;1;0
ARSABAS;1;21.1.1938;0;1
ADVARD;1;22.1.1935;1;0
NARLUS;1;7.8.1956;0;1
HAYGAN;4;9.12.1959;0;4
HARIPSIMA;2;23.6.1939;0;2
EZGU;1;1.6.1984;0;1
SAZENDER;3;9.11.1951;1;2
CANDIRAY;1;29.3.1973;0;1
ARMINA;2;23.12.1943;0;2
CANSAN;3;20.6.1971;0;3
MERREM;1;26.10.1944;0;1
KIVO;2;16.10.1938;2;0
NURFERIT;1;2.7.1958;1;0
LAETITIA;1;9.1.1979;0;1
AHRON;3;30.6.1952;3;0
ERMENOHI;1;22.2.1928;0;1
MAGGIE;2;11.1.1978;0;2
KATHY;2;5.7.1968;0;2
AYLUS;2;11.4.1953;0;2
DIKRANOYI;1;11.10.1923;0;1
MENTUHI;3;18.1.1941;0;3
CERME;1;6.8.1927;0;1
NENESULTAN;1;11.6.1945;0;1
EVKINIYA;1;4.2.1951;0;1
OZNEL;10;23.7.1972;2;8
LUTFINAZ;4;16.8.1964;0;4
HATVE;2;11.5.1951;0;2
PEPRON;2;15.1.1952;0;2
SOMGUL;1;10.2.1970;0;1
NEDAHET;4;2.2.1957;0;4
DIRIF;1;22.11.1955;0;1
SABANHADIN;1;28.5.1972;1;0
TURBAN;2;5.3.1986;1;1
INZA;3;10.12.1949;0;3
NUTEYLE;1;5.4.1928;0;1
NIYAS;6;13.5.1966;3;3
GULHENDE;2;10.11.1940;0;2
GURBANCEMAL;1;7.3.1970;0;1
JIRAYRSARVEN;1;6.2.1968;1;0
MARYANTI;6;17.6.1947;0;6
SEBIDE;5;8.7.1969;0;5
MAHRUYAN;2;30.8.1985;0;2
EZABIT;1;7.8.1934;0;1
ISTAVRA;1;12.9.1935;1;0
DIKRANIYI;1;23.5.1935;0;1
VIRIS;1;26.12.1939;1;0
GURUP;5;25.11.1972;2;3
SEMADE;1;12.7.1959;0;1
DILAYTAC;1;29.7.1977;0;1
MERTEN;6;12.11.1960;1;5
DEVRI;10;20.11.1959;10;0
RAED;1;10.7.1988;1;0
SIDIKAI;1;22.5.1928;0;1
SENIN;6;24.10.1964;1;5
AZEMSAH;1;2.7.1976;1;0
M.SALAHATTIN;1;29.1.1926;1;0
ELSPETH;1;3.7.1964;0;1
MELAHI;3;26.2.1967;0;3
AKOL;1;23.1.1939;0;1
ZERINA;3;29.11.1976;0;3
HRUTE;1;23.4.1979;0;1
WANIDA;1;22.8.1955;0;1
LUTFUNUR;1;13.7.1951;0;1
NEDAIM;4;12.8.1958;4;0
KALMINE;1;7.12.1947;0;1
DICLENAZ;1;1.9.1990;0;1
ZULKAYNEY;1;27.2.1980;1;0
NEFSUN;4;23.4.1974;0;4
GUNERTAN;2;19.11.1956;2;0
ZUKAL;1;18.12.1961;0;1
ZEHAR;6;11.1.1965;1;5
TEVEDDUT;3;2.2.1949;0;3
ENGU;1;30.4.1972;0;1
SUHEYBA;2;29.9.1964;0;2
MUHUVET;2;27.8.1953;0;2
MUHAVVER;1;14.1.1944;1;0
M.ERDOGDU;1;19.5.1965;1;0
RESSAN;9;27.7.1957;2;7
EMILGE;1;11.3.1981;0;1
ALTUNC;6;18.7.1973;6;0
KAMILTAHIR;1;22.7.1960;1;0
ZERENDER;4;15.11.1967;0;4
LESLEY;4;23.6.1960;0;4
SUZGUL;3;17.6.1977;0;3
SERDAVER;1;29.9.1929;0;1
SEYDIGUL;7;28.8.1953;1;6
GURBI;1;9.10.1957;1;0
FULTAC;2;30.5.1963;0;2
GULHATEM;5;13.2.1963;0;5
ABDULKEMALETTIN;1;3.3.1969;1;0
SULEYMANFEHMI;1;22.9.1955;1;0
ZEYCA;11;30.11.1957;0;11
YELTA;2;24.12.1982;1;1
MEKIHAN;4;28.1.1955;0;4
KHADDA;1;3.5.1965;0;1
GUNGORSUN;1;6.5.1938;0;1
ZEHNIFE;1;27.8.1938;0;1
COSKON;2;24.3.1959;2;0
MINTEKA;1;6.8.1941;0;1
BERKETTIN;1;6.10.1932;1;0
TICAY;1;4.12.1978;0;1
MAHMUTSEFA;1;22.10.1976;1;0
TOP;3;4.8.1957;1;2
GIZLEN;1;15.5.1972;1;0
ZEYDUN;3;14.5.1958;1;2
MAKPURE;1;21.2.1935;0;1
DIBAI;1;17.2.1966;0;1
NASMA;2;15.12.1981;0;2
ZAHIM;7;30.9.1967;7;0
ALPKEREM;1;18.3.1992;1;0
ARDAKAN;2;16.4.1990;2;0
TILAVET;3;29.1.1970;1;2
ARTULBEY;1;12.6.1947;1;0
BELDEGUL;3;18.7.1976;0;3
GULADET;2;26.10.1964;0;2
FENDIS;2;27.11.1939;0;2
TAYGUNCAN;1;26.5.1991;1;0
MISAGE;1;12.6.1947;0;1
SARIBE;18;24.9.1962;0;18
FADIKE;6;8.11.1957;0;6
ALMILE;1;19.3.1963;0;1
MAILBEY;1;9.3.1970;1;0
MUHERRAH;1;9.4.1975;0;1
ZULIKA;3;28.12.1973;0;3
FETHIME;2;30.8.1944;0;2
FERAYIH;1;16.1.1974;0;1
NURIHUDAYI;1;29.3.1948;1;0
DAVADIL;1;17.3.1982;1;0
ZUBEYITTIN;1;19.5.1966;1;0
HUSEYIME;1;8.5.1949;0;1
YARHA;1;2.12.1985;0;1
MAYYILDIZ;5;7.1.1954;0;5
KOBAT;1;2.5.1972;1;0
MUHYETE;3;10.2.1981;0;3
ZUMRETTIN;5;29.11.1969;5;0
URMAHAN;1;16.8.1965;0;1
HAYRIBEY;4;14.2.1963;4;0
EMYEDIN;2;14.4.1975;2;0
GULZEHER;8;23.6.1960;0;8
HILALNAZ;1;18.10.1987;0;1
ADILMAN;1;14.4.1975;1;0
NIKOLAS;3;8.1.1959;3;0
GIOVANA;1;23.2.1972;0;1
GENDISEN;1;30.6.1943;0;1
ALIDIN;3;1.3.1963;3;0
POLIKSINI;1;2.3.1957;0;1
THECLA;1;23.9.1973;0;1
SULI;4;7.1.1955;3;1
VIKTO;1;14.9.1945;1;0
DOGRUOL;1;16.12.1952;1;0
MILDRED;3;1.1.1966;0;3
MEHLUKA;3;10.11.1957;0;3
SOHSANAM;1;3.11.1969;0;1
KOKDEN;3;12.4.1965;3;0
IRAKLI;3;8.4.1969;3;0
PERTEL;5;2.8.1966;5;0
VURAT;1;13.3.1987;1;0
LEBSEKER;1;26.3.1966;0;1
KARAARSLAN;1;8.6.1966;1;0
AYSEGONUL;1;1.3.1947;0;1
EFTERPI;3;7.9.1945;0;3
NAMURE;2;10.8.1961;0;2
MIN;1;18.11.1979;1;0
YESERIN;1;27.5.1984;0;1
KARIZER;2;26.2.1958;0;2
GUNELI;2;11.7.1968;0;2
JONVIYEV;1;11.11.1943;0;1
HONER;1;5.3.1981;0;1
ISTOPEN;1;1.7.1950;1;0
GIOULNAZ;1;16.8.1957;0;1
AYDAHAN;4;5.12.1962;2;2
GUNJUL;1;2.6.1947;0;1
SARANDI;1;9.4.1963;1;0
TULUAT;1;17.5.1948;0;1
ERTE;3;11.7.1938;0;3
HURREMGUL;1;16.9.1955;0;1
GURUZAR;1;2.11.1963;0;1
SILACAN;5;9.6.1989;1;4
NUFUL;1;7.8.1928;1;0
MADEJDA;2;20.3.1953;0;2
YEORGIA;4;1.1.1968;0;4
GUZSEN;2;24.11.1951;0;2
EMIYRA;1;24.7.1977;0;1
GULKIZILCA;1;29.11.1968;0;1
SETAFET;2;19.1.1941;0;2
ILKBER;2;26.9.1976;0;2
ZATER;4;20.1.1945;0;4
MAIFER;4;27.6.1966;0;4
AYASA;1;2.2.1957;0;1
NARISTEN;1;6.3.1956;0;1
PEI;1;6.10.1968;0;1
MUZEHHERE;1;8.5.1933;0;1
RUHUDIL;1;12.5.1947;0;1
SEYMACENNE;1;20.4.1982;0;1
MERUZE;2;28.4.1961;0;2
DENISTON;1;14.11.1969;1;0
ASILBANI;1;5.8.1975;0;1
ALICANSUN;1;29.10.1983;1;0
NURLER;3;25.7.1969;0;3
MEBRUL;3;14.10.1956;0;3
TEOMANTAN;1;19.11.1972;1;0
LUTFIHAK;1;28.5.1970;1;0
SERELAY;1;29.1.1992;0;1
OVSANA;1;2.4.1933;0;1
LIMONA;6;10.5.1956;0;6
HIFSILLAH;1;13.2.1953;1;0
GOKANIL;1;18.3.1991;1;0
RIFEKAT;1;21.6.1952;0;1
MARIEGIN;1;25.9.1968;0;1
FERZIMAN;2;26.4.1969;0;2
CUMAADDIN;2;12.11.1963;2;0
ZULGANIYE;2;3.8.1978;0;2
DUCAR;1;25.11.1954;1;0
M.SAKI;1;17.4.1967;1;0
GULBEYTEN;5;28.9.1957;0;5
BAFER;2;12.5.1959;1;1
CATHARINA;1;15.12.1947;0;1
NURISAG;1;14.1.1970;0;1
RAYMOND;4;28.10.1950;4;0
GONUR;4;6.2.1964;2;2
SUGGUR;1;20.4.1958;0;1
AZAMAT;5;29.5.1568;4;1
SIRLEY;3;22.11.1968;0;3
SELLAHITTIN;1;7.2.1952;1;0
MIKAMET;1;30.12.1972;0;1
UMARE;5;4.6.1985;0;5
NIZAMER;1;9.1.1957;1;0
OSMANYAVUZ;1;29.6.1968;1;0
ASIKE;1;27.9.1950;0;1
AHMETSUKRU;3;7.9.1951;3;0
DJULIETA;2;1.10.1976;0;2
BEGONYA;1;1.1.1961;0;1
ENESHAN;5;25.3.1990;5;0
CANAKSIT;1;30.5.1953;1;0
NECEHAT;3;2.1.1956;0;3
SEVDIYEN;3;23.1.1972;0;3
NUSLUER;1;1.3.1972;0;1
MEZEHER;7;4.9.1972;7;0
GEYIS;2;13.12.1964;1;1
TUGGENC;1;11.12.1975;1;0
MEYETE;1;4.8.1988;0;1
GULBEHIYE;7;11.4.1970;0;7
ZULVINAZ;1;2.2.1963;0;1
HURBIYAN;4;13.11.1958;0;4
ONURTEK;1;27.3.1944;1;0
NURTESEN;2;1.5.1966;0;2
ZERVI;1;20.9.1961;0;1
KIMIT;1;8.3.1952;0;1
MIBAHAT;2;19.12.1955;0;2
MICAELA;2;19.6.1973;0;2
SEMSUDE;1;22.2.1961;0;1
ABDULLAHSAMI;1;7.2.1982;1;0
FIKRIBAL;3;19.7.1943;0;3
IYHAN;2;26.2.1954;0;2
SEBLI;4;4.5.1940;0;4
ALZADE;1;30.4.1980;1;0
RIYAZIYE;2;1.5.1956;0;2
GUZELGUL;5;5.4.1965;0;5
ZEVE;1;1.11.1979;0;1
LIMONE;7;9.8.1954;0;7
BAGUL;2;14.6.1963;0;2
FATMEH;4;19.1.1950;0;4
SEHHIT;1;17.6.1984;1;0
MAKBUS;1;8.4.1977;0;1
NURSEVGIM;1;29.9.1988;0;1
VAAZ;1;2.1.1981;1;0
VEZBIHA;7;27.1.1980;0;7
BELLIR;1;1.12.1974;0;1
EYCAT;1;17.2.1978;1;0
MIHASE;7;30.6.1951;0;7
MALO;2;7.7.1947;1;1
NURSEZIL;1;5.10.1981;0;1
DERYAHATUN;1;22.7.1967;0;1
RISGULLAH;1;14.3.1952;1;0
BURCAHAN;1;9.9.1990;0;1
SEMKA;5;9.7.1956;0;5
UMREA;1;9.10.1984;0;1
SENENDAN;1;2.12.1951;0;1
BAHCEBA;1;22.2.1973;0;1
YESU;1;26.4.1978;1;0
MUHIBIYE;2;7.8.1939;0;2
JOZEFIL;1;12.7.1941;0;1
NEVEM;1;26.4.1941;0;1
ZEHRIYA;8;28.12.1962;0;8
ERCOSKUN;1;9.4.1955;1;0
HADICET;1;21.8.1985;0;1
PARINZEN;1;17.1.1948;0;1
TESFIRE;11;13.3.1956;0;11
TILLIYE;2;9.1.1966;0;2
SENMI;1;12.2.1989;0;1
NURAHAN;4;26.6.1951;0;4
IPKET;1;1.1.1935;0;1
SAFVETE;1;6.2.1942;0;1
CEBREN;1;7.7.1977;1;0
RIAYAT;1;30.4.1958;0;1
DERMIYE;1;21.10.1971;0;1
SEZAYITTIN;1;21.3.1940;1;0
NEAYET;1;16.5.1963;0;1
GULTEZER;2;15.11.1974;0;2
MAFIRIYE;5;23.9.1960;0;5
PAKARAT;1;21.9.1929;1;0
SENONAZ;1;26.2.1940;0;1
MILINE;2;26.10.1948;0;2
MERYEMSAH;9;9.10.1944;0;9
YILMAZHAN;4;10.8.1973;4;0
VAHIKA;1;17.4.1986;0;1
MUVEZZER;1;22.10.1935;0;1
GULSUMHAN;6;3.3.1979;0;6
ZUMBULYA;1;5.8.1963;0;1
ANDIREYA;1;26.11.1976;1;0
DONDUYYE;1;1.7.1929;0;1
FAYROZA;1;2.2.1960;0;1
NURINNISAH;1;30.2.1975;0;1
GAFILA;1;19.3.1965;0;1
PANOYATA;1;4.2.1936;0;1
KOCAYUSUF;1;6.5.1956;1;0
JIRAYER;3;9.9.1943;3;0
ULZIFET;2;19.1.1943;0;2
MAEVA;1;23.9.1990;0;1
DIZARIYE;1;17.12.1939;0;1
ANNAMARIYA;1;20.10.1971;0;1
HIORHI;1;6.8.1938;1;0
ARMEDUHI;1;26.3.1935;0;1
GULBIZE;4;29.3.1957;0;4
ARCANIK;1;13.1.1927;0;1
OSIN;6;14.2.1968;5;1
HUSNUK;1;29.2.1949;0;1
PERON;1;2.8.1933;0;1
AHMETSEDAT;2;5.5.1979;2;0
FARUKESAT;1;23.9.1979;1;0
NEALET;1;22.4.1955;0;1
BARUNAK;1;11.1.1956;1;0
GURCUNE;2;2.9.1947;0;2
GARABIT;3;2.10.1953;3;0
ESAYE;1;18.5.1972;1;0
IHSO;1;19.12.1930;0;1
BEDRIMAH;6;15.5.1949;0;6
ELIZAR;3;27.9.1962;0;3
SURPIYI;1;9.9.1975;0;1
SURPI;2;4.8.1939;0;2
DONURE;1;27.8.1944;0;1
VARNAS;1;12.2.1935;0;1
TEMMI;1;10.6.1952;0;1
SEDCAVDIN;1;3.4.1939;1;0
BRLYANTI;1;3.10.1953;0;1
CANSAD;1;6.2.1992;1;0
MEHMETOGUN;1;28.4.1972;1;0
FUZZAN;1;3.12.1958;0;1
M.SUPHI;3;5.9.1945;3;0
SIRVA;4;18.2.1942;0;4
GOKENAY;1;18.6.1981;0;1
BEKIRI;3;5.7.1963;3;0
M.MUHITTIN;2;22.10.1966;2;0
KOPERNIK;2;27.10.1939;2;0
MELZA;2;14.9.1985;0;2
NAZIMALI;1;21.8.1970;1;0
BAHIDIN;3;14.1.1960;3;0
ARSHALUYS;2;27.10.1967;0;2
INMIHAN;5;29.9.1958;0;5
HAYKAZUN;2;7.1.1946;2;0
KOHERELIS;1;5.5.1938;0;1
TAKUVI;1;20.2.1961;0;1
HASVART;1;1.12.1957;0;1
BASMIYE;2;2.2.1953;0;2
YAVA;1;11.2.1957;0;1
SEFUNE;2;22.8.1952;0;2
ANAIT;3;27.1.1952;0;3
ZAVIL;1;24.3.1937;1;0
HUSSENNE;1;27.12.1956;0;1
ANKIL;1;21.10.1923;0;1
HARIKUN;1;20.10.1952;1;0
DIKRANUI;1;20.10.1966;0;1
YURTTANSEL;1;7.5.1971;1;0
AYSEOZLEM;1;29.11.1986;0;1
FEYIZAHAN;1;5.6.1990;0;1
MUHICCAN;1;6.6.1936;1;0
KIZCAGIZ;1;9.4.1973;0;1
MERDUNE;1;9.4.1945;0;1
SIVART;3;4.10.1951;0;3
JANIK;1;26.11.1964;0;1
EFTIMIA;4;15.3.1945;0;4
SISLIYE;1;4.6.1948;0;1
AGVANI;2;25.3.1943;1;1
GUL''NARA;1;10.1.1970;0;1
MAHIPEYKER;11;18.8.1946;0;11
EFSEL;35;13.1.1965;31;4
ARSALUYUS;2;17.1.1953;0;2
GULBISTAN;3;5.3.1963;0;3
HATSE;1;12.8.1947;0;1
F.GUNGOR;1;27.1.1936;0;1
YERCANIG;1;28.1.1956;0;1
MUZBEETTIN;1;12.8.1935;1;0
NERVISTE;2;24.3.1957;0;2
HORIN;4;28.4.1934;4;0
BATIR;1;14.2.1967;1;0
HURGENC;2;9.3.1964;2;0
KONORALP;1;24.1.1931;1;0
YUMUN;1;24.3.1940;0;1
SAMBERK;1;3.6.1987;1;0
HERZAN;3;30.8.1968;1;2
EYYUPBATUHAN;1;29.10.1960;1;0
CILEMAY;1;7.7.1985;0;1
AHUBE;1;4.3.1992;0;1
LEMIKA;4;5.7.1948;0;4
GOKMERT;1;28.8.1985;1;0
NESRAN;9;9.4.1972;0;9
CENKGUL;1;25.10.1957;0;1
EVLATER;1;15.9.1948;0;1
STANA;3;19.12.1954;0;3
ALPTUGRUL;3;3.5.1973;3;0
MISANUR;2;11.12.1962;0;2
NURSACAR;1;12.7.1942;0;1
ISIKSEL;4;4.11.1946;0;4
OVGE;2;7.8.1979;0;2
ARTURK;1;24.6.1976;1;0
ERSECKIN;1;13.5.1947;1;0
NESVECAN;1;10.5.1990;0;1
JACEE;1;21.10.1977;0;1
SEMICAN;3;13.4.1954;0;3
DEVRISE;18;21.8.1955;0;18
EKBAN;1;18.2.1978;1;0
TERZICAN;1;16.1.1981;1;0
ZEYNELETTIN;1;3.3.1945;1;0
GULDONEN;3;29.5.1946;0;3
SINNUR;10;4.11.1956;0;10
PEYALE;3;22.1.1952;0;3
TURKDEN;1;23.12.1972;0;1
BIYET;3;14.8.1966;1;2
RO;1;10.6.1984;1;0
ABDULKADIRNASIR;1;3.11.1977;1;0
SELMAYA;6;30.7.1964;0;6
GALIT;3;16.2.1963;2;1
RIDABE;1;8.11.1989;0;1
BERDAL;4;4.6.1970;3;1
FERUZALI;1;1.1.1957;1;0
GULMUHAN;2;26.4.1969;0;2
GOGSEL;8;28.12.1961;4;4
PONPIL;1;2.10.1970;0;1
SADVIYE;4;14.1.1962;0;4
FITIHAT;1;1.3.1956;0;1
SEVIMSAH;1;27.2.1986;0;1
UMMUSELVER;1;12.5.1983;0;1
SABIRHAN;3;22.8.1978;3;0
HABIPE;1;17.6.1943;0;1
OREFIYE;1;21.7.1928;0;1
FETHIYENUR;1;3.7.1969;0;1
IMADI;9;6.1.1958;9;0
ALIKANIN;1;1.5.1936;1;0
GULAYDAN;7;25.6.1970;0;7
KULENDER;2;4.12.1956;0;2
SIYAVES;2;25.3.1960;2;0
OZYEN;1;23.6.1956;0;1
EFRESIN;1;26.5.1973;1;0
SANTITA;1;1.12.1978;0;1
SARUBAN;1;4.1.1951;0;1
UMMUSERIF;17;15.6.1954;0;17
ERLANT;1;19.6.1974;1;0
SUVIRE;1;17.8.1934;0;1
DER;1;15.10.1934;1;0
GULSELAY;2;6.9.1956;0;2
NARZAN;4;20.9.1969;0;4
SIBILA;1;27.11.1972;0;1
SUDRED;1;6.6.1945;0;1
TANYIL;3;18.3.1974;2;1
RABACHAN;1;22.8.1961;0;1
GUNSAR;4;19.6.1966;4;0
DAVET;1;2.4.1980;0;1
MUCAZAT;1;14.3.1935;0;1
MEHZURE;1;27.8.1926;0;1
GULGULLU;1;16.3.1946;0;1
NECARET;1;11.7.1966;1;0
UNZILIYE;1;4.2.1970;0;1
ALEJANDRO;1;16.8.1988;1;0
ALIKAMIL;1;28.11.1965;1;0
SAFAADDIN;1;26.4.1955;1;0
SULFIYA;3;19.1.1968;0;3
DIKYA;1;22.2.1961;1;0
MAGDELENA;4;10.3.1961;0;4
GULSARAY;23;10.4.1964;0;23
BUNYADI;3;13.10.1968;3;0
MIHVACIYE;1;27.8.1974;0;1
TAACETTIN;1;14.3.1965;1;0
GURCUMAN;1;6.5.1966;0;1
CUBUHAN;1;28.4.1968;0;1
YASARILKNUR;1;14.10.1978;0;1
YULAY;1;14.8.1982;1;0
SERPILHAN;3;21.9.1974;0;3
MAHMUTAZIZ;1;22.2.1967;1;0
SUBUHI;2;17.5.1988;2;0
FESNA;35;19.6.1964;0;35
SAYEKAN;1;1.4.1931;0;1
ERCI;14;25.6.1972;11;3
KUTLUGUN;5;15.11.1973;3;2
TEFURE;11;23.1.1961;0;11
NOGAYHAN;1;27.5.1991;1;0
BURSE;1;17.8.1990;0;1
OZKAT;1;27.5.1938;1;0
YUSUFUKENAN;1;3.7.1985;1;0
DEMEGUL;1;29.1.1982;0;1
ZAVO;1;22.10.1937;0;1
NEYRIN;2;6.7.1949;0;2
ZEKIYEDENIZ;1;28.9.1987;0;1
GKIOLSEN;1;2.2.1978;0;1
YENIBAY;1;2.3.1963;0;1
MAKLUSE;1;12.5.1941;0;1
NUTFU;2;6.12.1958;2;0
HULSER;6;9.10.1964;0;6
BEYTAHIR;1;17.8.1930;1;0
GULNIKET;1;8.8.1973;0;1
TOMRA;1;12.12.1942;0;1
MEYLUT;3;23.11.1958;3;0
TURCAAN;1;19.9.1970;0;1
RESANIYE;1;6.9.1966;0;1
EVRENTURK;1;14.2.1984;1;0
GUNBERK;2;1.2.1969;2;0
KOBILAY;7;2.6.1962;7;0
SEYAVER;1;5.4.1980;0;1
YAKUPALI;1;16.5.1959;1;0
TASKUT;1;10.4.1941;1;0
ZAGINE;1;16.8.1970;0;1
HANNEM;1;29.3.1949;0;1
NUNKIRE;1;21.1.1949;0;1
YESERIYE;13;16.6.1967;0;13
MENGIHAN;2;28.1.1974;0;2
GULDIZ;9;22.4.1968;0;9
SHAFIGA;6;14.7.1964;0;6
GULBAHARI;3;16.2.1970;0;3
PIRKALEM;4;3.9.1951;4;0
GULLEBATIN;1;6.6.1946;0;1
MUZAN;4;1.11.1964;0;4
SECAHITTIN;2;29.1.1969;2;0
NILCIHAN;4;14.3.1967;0;4
AKSADE;1;26.2.1947;0;1
SOHKET;1;19.11.1977;0;1
TOMICIN;1;1.10.1940;1;0
KALEMI;12;20.3.1952;2;10
TECIT;1;3.6.1949;1;0
GERCEM;6;28.10.1980;1;5
BAGNO;1;3.9.1972;0;1
JAMILEH;2;2.8.1957;0;2
EZELBAHAR;1;5.11.1990;0;1
MUVEDAT;1;16.7.1970;0;1
BARAS;1;4.6.1987;1;0
KERIMBEY;1;17.2.1966;1;0
ZINOFIA;1;20.2.1968;0;1
KODANBEY;1;16.1.1954;1;0
OKAAY;1;8.10.1962;1;0
GUNRAH;2;4.11.1980;0;2
MASUFA;1;2.7.1975;1;0
SEFGET;1;2.3.1969;1;0
MUGTEBERE;1;16.10.1952;0;1
BERFIZE;2;30.8.1959;0;2
KAYAALI;103;18.1.1959;103;0
PURUZAN;4;26.5.1968;0;4
SEMOS;5;29.2.1973;0;5
ALDU;1;17.1.1979;0;1
EMIRHANIM;23;6.11.1955;0;23
KICKA;1;19.9.1930;0;1
TANSA;1;30.2.1975;0;1
HALAVET;1;18.3.1925;0;1
HEYDIYE;3;2.4.1971;0;3
ZERRO;1;16.8.1970;1;0
MASALLLAH;2;18.7.1982;2;0
ZEYNELABUDUN;1;30.1.1972;1;0
SELMIGUL;1;23.1.1973;0;1
ABDULFEYAZ;1;29.5.1938;1;0
ESRIYE;10;23.1.1963;0;10
ATELYA;1;2.5.1939;0;1
DILMEZ;1;4.6.1975;0;1
NABEY;2;1.1.1953;2;0
NIGDIM;1;21.3.1969;0;1
MIRIGUL;2;9.1.1964;0;2
HILCEN;1;22.5.1988;0;1
AYRETTIN;9;30.9.1960;9;0
ZINAN;5;28.6.1971;0;5
HASNEN;1;18.7.1987;0;1
SENBER;3;3.11.1964;1;2
RUHAD;3;19.9.1968;2;1
SAHAHANIM;1;22.3.1955;0;1
VORKAN;3;27.3.1979;3;0
MUGESAH;1;25.11.1978;0;1
GEDIK;9;21.8.1958;9;0
ASVET;2;26.8.1967;2;0
LEBLER;3;15.9.1934;0;3
GULBIZAR;4;18.8.1946;0;4
BOHAR;1;17.1.1982;1;0
FAUSTO;2;5.5.1956;2;0
ZABUT;2;8.10.1964;2;0
BIRINGI;1;9.8.1970;0;1
MENHURIYET;1;7.2.1952;0;1
ZEVIDE;11;29.8.1960;0;11
NURSIHAN;3;14.2.1972;0;3
APDULKADRI;1;27.8.1988;1;0
SEMERAN;1;19.6.1945;0;1
HUSNAH;6;9.8.1954;0;6
ZENIHAR;1;10.12.1974;0;1
SAYIRET;1;7.5.1982;0;1
HUVEYDI;4;17.5.1970;4;0
MISIRYE;2;11.3.1976;0;2
RAKAS;2;17.5.1930;0;2
SAVNUR;1;1.3.1947;0;1
IHTIRAS;1;23.3.1978;0;1
FEHTTI;1;3.2.1963;1;0
EZLIHAN;2;2.2.1978;0;2
GULZIDAN;1;6.11.1977;0;1
SEHMIZAN;1;2.8.1927;0;1
FAHTINE;1;17.5.1971;0;1
ATLAR;1;29.9.1969;1;0
SACIP;6;30.9.1967;6;0
M.SELAH;2;14.11.1964;2;0
HALILOGUZ;1;12.2.1965;1;0
KAFIHA;1;7.5.1961;0;1
GULBERIA;1;21.9.1987;0;1
ZAZE;1;2.9.1950;0;1
FEZZIYE;4;9.4.1951;0;4
NAZATA;1;12.2.1965;0;1
OGUZHANUNLU;1;14.3.1989;1;0
GEVRISE;5;3.7.1966;0;5
YUCELHAN;4;22.4.1978;4;0
TARIKBUGRA;1;15.6.1976;1;0
MURKIYE;3;3.9.1975;0;3
EBUTALLIP;1;18.10.1991;1;0
GARIBHAN;1;18.8.1971;1;0
ABDULSEYIT;7;24.2.1965;7;0
ZULIF;5;13.1.1959;0;5
SAHVETTIN;6;8.12.1966;6;0
UGURLUNUR;2;11.3.1965;0;2
AYMIN;5;21.9.1971;0;5
MERZUYE;2;12.7.1968;0;2
SENEPE;1;4.3.1976;0;1
NISALA;1;28.10.1954;0;1
DILGAS;1;16.7.1981;0;1
CENUR;5;26.5.1955;5;0
ANUMSA;2;4.12.1965;0;2
HESEN;4;11.3.1957;3;1
RUKISE;8;6.8.1948;0;8
SEYNUL;1;12.12.1977;0;1
TERCIYE;3;4.11.1970;0;3
ELVET;4;22.11.1964;2;2
NURDEGULEN;1;17.8.1948;0;1
ARZIYANE;1;22.8.1925;0;1
SEVILDJAN;2;8.11.1977;0;2
KOKTENER;1;20.1.1972;1;0
MENETSEH;1;28.12.1948;0;1
FATMUSE;1;17.8.1960;0;1
MIVEDET;2;12.9.1968;0;2
EMIRETE;1;22.4.1941;0;1
MASTAFA;2;12.9.1981;2;0
MAKMURE;3;18.5.1970;0;3
ANUSAH;1;11.7.1982;0;1
ABDULNAZIR;9;22.10.1962;9;0
ROUDI;1;6.4.1983;0;1
MERJEM;2;11.9.1955;0;2
ZUYDU;1;22.8.1955;1;0
FIRDAT;2;11.11.1967;0;2
AMDIE;1;21.11.1977;0;1
BEDINA;1;6.3.1972;0;1
LEMGUL;2;7.12.1957;0;2
VELIAYDIN;2;23.11.1965;2;0
HIRMET;4;3.9.1955;0;4
ZULZAN;1;21.9.1975;0;1
RUKIA;10;19.4.1958;0;10
YAHI;1;17.8.1930;1;0
NURTET;1;18.8.1973;0;1
MERDAG;1;16.5.1971;0;1
MEHAZ;2;26.1.1943;2;0
FERUNDER;2;27.9.1954;0;2
ISADET;1;21.4.1975;0;1
PAYAZIT;2;5.12.1945;2;0
ZARIFET;6;14.10.1956;0;6
MEGDI;4;5.8.1935;4;0
MEFAIH;1;15.2.1961;1;0
NEJARIYE;1;21.3.1945;0;1
REANKA;1;19.6.1963;0;1
HIRISAN;1;29.5.1975;0;1
IRISE;1;7.8.1922;0;1
MERDZIYAN;1;26.6.1970;0;1
CISMER;1;27.2.1954;0;1
BEGISE;5;24.11.1953;0;5
ZUMRO;15;23.2.1951;0;15
HILMIIYE;1;22.3.1943;0;1
MAKBULESENEM;1;16.11.1973;0;1
AYFIDAT;1;6.11.1956;0;1
ELIAYDIN;1;28.5.1990;1;0
FARIE;4;29.2.1954;0;4
NAZIMAT;1;8.4.1940;1;0
AKLENT;1;21.3.1981;1;0
GULSEMAN;2;10.9.1969;0;2
EMTULLAH;24;11.6.1955;0;24
DUSICE;1;21.2.1954;0;1
MEHMEDEMIN;8;29.1.1962;8;0
SEYTALI;3;27.8.1954;3;0
NUHPER;5;18.5.1962;0;5
DELALET;6;8.7.1974;1;5
MINERIA;1;18.7.1970;0;1
DINDER;2;6.3.1976;2;0
CIBRIJE;1;14.2.1982;0;1
MURSINAZ;1;21.10.1989;0;1
BLERIM;1;2.8.1957;1;0
MUTMEIN;1;30.9.1928;1;0
BEHAYETTIN;1;25.11.1961;1;0
SEFADI;2;27.1.1969;1;1
DILBAZER;1;12.8.1959;0;1
SESIYE;1;17.8.1970;0;1
ZULFIKAT;1;25.7.1975;0;1
HAMDIJE;1;1.11.1976;0;1
SADADIN;2;12.11.1983;2;0
PEYRUSAH;2;2.8.1968;0;2
SUGUT;1;22.2.1991;1;0
SATLIYE;2;5.1.1956;0;2
HULAGURACI;1;19.3.1957;1;0
BELTIN;1;27.8.1956;1;0
ZETHANE;1;6.8.1971;0;1
MIRADA;1;12.8.1941;0;1
SEYHAP;1;11.6.1963;0;1
RAHMANBERDI;1;2.8.1981;1;0
BEYYAZE;2;9.4.1952;0;2
AFIDAT;11;3.11.1957;0;11
URUNAY;2;30.12.1983;0;2
BISMILLAH;3;22.8.1961;3;0
TEVHITDIN;1;30.6.1960;1;0
KARUS;1;25.5.1991;0;1
MUDAHARE;5;30.10.1971;0;5
YULKYAR;1;17.2.1982;0;1
MAGPULA;1;23.3.1963;0;1
MUSLAMIYE;1;2.8.1957;0;1
MESHAN;2;22.3.1954;1;1
CINAT;1;6.6.1984;1;0
MUSLIMAYA;1;12.3.1989;0;1
MEHLIBAR;16;16.4.1974;0;16
FEHADA;1;7.5.1975;0;1
SAKIRBIBI;1;12.8.1983;0;1
RAZYA;6;15.5.1977;0;6
GULKANIZ;1;2.3.1921;0;1
SNJEZANA;1;24.11.1965;0;1
TAJIGULI;1;6.9.1953;0;1
ENNEM;1;17.3.1978;0;1
AKAIT;1;7.8.1976;1;0
DEDEZADE;1;26.10.1947;1;0
BABACEMAL;1;2.8.1951;0;1
BEBESIRIN;1;27.8.1980;0;1
BALNIYE;1;22.8.1949;0;1
MEHMETALEM;1;25.2.1979;1;0
GULAMSAKI;4;11.1.1959;4;0
BIBIKAV;1;10.2.1958;0;1
HURALAY;1;23.1.1960;0;1
KHAN;1;12.8.1983;0;1
ABDULHANNAN;13;4.11.1966;13;0
SOURAIA;2;18.3.1950;0;2
ZIKIRYA;2;21.6.1953;1;1
GULBATIYE;1;29.2.1960;0;1
ILMUHABEN;1;11.9.1967;0;1
ZOLFIA;2;6.4.1980;0;2
AYSULGUN;1;21.7.1980;0;1
SAHBURHAN;2;21.10.1975;2;0
ASHA;1;17.8.1978;0;1
BAYNU;1;17.5.1976;0;1
SIRAZETTIN;4;10.2.1968;4;0
BEYNAZAR;1;22.8.1961;1;0
MARZIA;1;27.8.1980;0;1
UBEYDIN;1;7.8.1988;1;0
SAZEDEBELKIS;1;29.8.1979;0;1
NURSANEM;1;22.1.1988;0;1
ALAGOZ;5;28.10.1968;0;5
GAFFARHAN;1;17.8.1948;1;0
HUDAYIKUL;1;10.9.1958;1;0
IMAMKUL;2;4.11.1959;2;0
NIMATULLAH;2;11.1.1967;2;0
ERKANCAN;1;25.4.1988;1;0
FRANCESCA;3;20.5.1963;0;3
HALIMBEK;1;26.11.1968;1;0
HAYZER;3;13.8.1951;1;2
AYSEHER;8;5.12.1964;0;8
SAFAAD;1;26.3.1959;0;1
JARAHBAY;1;12.8.1971;1;0
AIMTORI;1;17.8.1954;0;1
H.IHSAN;1;17.3.1960;1;0
LELAEDDIN;1;2.8.1951;1;0
FEVDA;5;26.8.1964;0;5
SAHRAGOZEL;1;25.6.1981;0;1
FURVET;13;9.5.1973;0;13
BIRJAN;3;14.12.1961;2;1
ROZGELDI;1;17.11.1948;1;0
TOTI;1;19.7.1976;0;1
AHIMGUL;1;2.8.1939;0;1
YILBEYAZ;1;17.11.1984;0;1
ILDIKO;3;10.11.1973;0;3
MARIKAN;1;15.4.1961;0;1
UKUL;1;18.9.1961;1;0
ORUCAY;3;23.10.1972;0;3
CATI;1;7.11.1972;0;1
MATLUBA;1;12.8.1953;0;1
MELEKPAR;1;14.12.1961;0;1
AYSUDAN;1;6.2.1957;0;1
SEFERVELI;1;26.6.1948;1;0
ZEINEP;2;1.1.1966;0;2
BERKTUG;16;22.9.1986;16;0
GULNEVER;9;18.4.1969;0;9
LASIN;3;5.9.1954;1;2
YEGI;1;22.7.1957;0;1
AHARUN;1;14.12.1942;1;0
MARKRID;2;16.1.1959;0;2
HAMAYIK;1;2.8.1933;1;0
EVSTRATIOS;1;8.2.1967;1;0
ALKINAYI;1;15.12.1938;0;1
MARIK;2;25.7.1954;0;2
MAHRU;6;4.1.1975;0;6
YERVANUHI;1;12.8.1923;0;1
MAJAN;1;9.3.1960;1;0
EVLANBIA;3;19.2.1941;0;3
KRISTALIYA;1;14.3.1953;0;1
GAYZAK;3;12.8.1952;3;0
RABSIMI;1;30.2.1962;0;1
HOSIP;1;21.4.1936;1;0
ANTRAM;1;2.4.1924;0;1
VAHRAT;1;2.8.1927;1;0
TEOGNASIYA;1;17.8.1924;0;1
EGISE;1;28.9.1923;1;0
KOKONA;1;7.8.1922;0;1
YAGISABET;1;21.11.1928;0;1
HARALAMBUS;1;8.11.1955;1;0
AGATO;1;30.6.1953;0;1
ZAVINAR;1;17.8.1924;0;1
DOCKA;1;26.6.1939;0;1
POLIDOROS;1;16.10.1921;1;0
ANDRIKO;1;25.11.1965;1;0
YERENUHI;1;11.1.1923;0;1
AVRAMAKI;1;16.12.1943;1;0
MELENI;1;25.7.1925;0;1
ADRUJAN;1;28.11.1930;1;0
IKSAPERT;1;21.7.1934;0;1
ALEKSANDIRA;2;11.9.1941;0;2
JIRAR;3;5.9.1931;3;0
THISEFIS;1;30.12.1951;1;0
LEANDIROS;1;6.8.1911;1;0
SATIRAKI;1;24.6.1929;1;0
ANTURA;2;4.1.1959;1;1
LUSAPIN;1;22.8.1925;0;1
HARUTIYAN;1;26.6.1929;1;0
SITILYANOS;1;2.8.1927;1;0
FETHULA;8;26.4.1968;8;0
URYANI;7;30.6.1966;5;2
NIZA;4;14.2.1954;0;4
SEDRATTIN;4;16.11.1959;4;0
FENO;5;13.3.1941;1;4
RADETTIN;1;2.8.1969;1;0
SUKRIJE;1;30.1.1980;0;1
TEKOSER;1;2.5.1989;1;0
SAHINA;1;15.4.1958;0;1
IMAHAT;2;16.4.1971;0;2
SIMILI;1;17.2.1960;0;1
ELCIMEN;2;18.3.1961;1;1
ULKUFER;1;13.4.1957;0;1
SACIRIYE;1;17.3.1946;0;1
NAZLIFET;5;22.1.1961;0;5
FERDOUS;1;2.8.1963;0;1
AZBIJE;1;23.1.1955;0;1
ISNIYE;6;1.5.1962;0;6
CEZMULLAH;6;17.7.1975;6;0
NAGAH;4;25.12.1976;0;4
NURIET;1;17.8.1966;0;1
NEHBER;4;30.8.1966;0;4
YURDABIR;3;18.5.1960;0;3
ERDOGAY;1;29.2.1959;1;0
KARATAJDIN;1;14.3.1986;1;0
M.DURMUS;2;26.5.1954;2;0
PAYDAN;1;17.1.1985;0;1
BONGUL;3;5.10.1976;0;3
MESUTHAN;9;15.11.1980;9;0
AGASIR;1;3.11.1988;1;0
NURLANE;2;24.1.1979;0;2
MAYPIROZ;5;29.3.1966;0;5
BUSET;3;20.2.1937;0;3
ZUHEBBIN;1;1.8.1954;0;1
RYMMA;1;27.12.1963;0;1
ESMIRALDA;3;29.6.1968;0;3
MIESSERE;1;22.2.1961;0;1
HACIME;8;6.3.1959;0;8
SEHMANUR;1;16.7.1991;0;1
ZULGAIP;1;28.2.1992;1;0
HAYEDEH;2;4.5.1972;0;2
FEYZ;4;26.3.1974;3;1
MEYHA;1;17.10.1985;0;1
BINEYE;2;27.2.1962;0;2
MINIVER;7;6.11.1958;1;6
AGAFENDI;1;2.12.1987;1;0
RECIKA;1;12.8.1929;0;1
BAYDULLAH;1;17.4.1970;1;0
ABDELGAFFAR;1;12.8.1971;1;0
BIBIHUR;1;2.8.1981;0;1
ZERMINA;1;22.8.1991;0;1
NEFESGUL;1;6.11.1941;0;1
FAVZIA;2;12.2.1970;0;2
ROZGUL;5;14.12.1954;0;5
IDIMAH;1;27.8.1974;0;1
BINSES;2;8.5.1986;0;2
NURSEMAH;4;6.1.1974;0;4
SUFRAY;1;7.8.1982;0;1
MUHAMMETKUL;1;15.8.1958;1;0
GULGUTAY;1;28.8.1980;0;1
ELBIZE;1;8.2.1977;0;1
CAMCA;1;12.8.1923;0;1
DINSARIF;1;22.8.1943;1;0
KAYCA;2;19.3.1951;0;2
GOULZIRA;1;21.5.1969;0;1
BU;3;12.2.1947;2;1
KADIVAN;1;27.8.1926;0;1
AYSEMGUL;2;19.11.1944;0;2
HUSEYINCAN;9;25.6.1987;9;0
BIBAYIM;1;12.8.1971;0;1
JAMILE;5;26.6.1962;0;5
MUTIALLAH;1;16.9.1976;1;0
MUKAY;1;22.8.1919;0;1
DEVIRIS;1;16.8.1959;1;0
NEUBULLAH;1;27.8.1980;1;0
BIBIZILAY;1;12.9.1977;0;1
GOKTORE;1;27.3.1989;0;1
MIHEN;1;27.2.1956;0;1
HAZRETKUL;1;27.8.1968;1;0
GULBIDIN;2;2.8.1981;2;0
COSBAY;1;2.8.1975;1;0
MERNANVELI;1;21.7.1989;1;0
MEMEKALE;1;24.11.1961;0;1
BEYMURAT;1;3.6.1954;1;0
HISIM;2;30.6.1979;1;1
MAILAMU;1;27.8.1980;0;1
DILMURAT;2;20.5.1984;2;0
KANIKEY;1;12.8.1971;0;1
SOZUR;1;22.8.1943;0;1
MUHTARCAN;2;11.10.1987;2;0
GULAMGAVUS;1;7.8.1946;1;0
SATURE;2;27.9.1970;0;2
YOLBAS;2;19.11.1960;1;1
URUNHAN;1;10.4.1958;0;1
HELIL;3;28.4.1948;3;0
SEFKAR;1;7.3.1950;0;1
SIDDIKHAN;1;2.8.1939;1;0
DILBERNUR;2;19.8.1985;0;2
ANNAN;2;29.8.1974;2;0
BEDIRCIHAN;2;15.9.1953;0;2
DEMI;1;22.8.1967;0;1
GADAY;2;24.1.1950;0;2
HAYIRMUHAMMET;1;17.8.1954;1;0
MUNEP;1;21.11.1959;1;0
KALIBINUER;1;17.3.1974;0;1
KATIBAN;1;22.5.1949;0;1
ADNANMENDERES;1;7.8.1964;1;0
RUZAHUN;1;17.8.1966;1;0
TABILGAN;1;12.8.1935;0;1
KAFIKAN;1;7.8.1946;0;1
CAKSILIK;1;22.8.1931;1;0
SEYITESET;1;28.7.1971;1;0
HICIFE;1;12.8.1953;0;1
AHMETCAGATAY;1;30.3.1984;1;0
ULAMKADIR;1;2.8.1957;1;0
BIHIHAVUS;1;7.8.1964;0;1
PERDEBAY;1;17.12.1967;1;0
IBAGUL;1;21.3.1990;0;1
CANMEHMET;2;30.1.1987;2;0
HAILIQIEMU;1;2.3.1965;0;1
REWANG;1;24.12.1980;1;0
ZULPI;1;26.4.1973;0;1
GUNNURBAHAR;1;12.8.1977;0;1
IRIZHAN;1;22.8.1931;1;0
FATNAT;1;2.4.1933;0;1
KAMILESHAN;1;27.8.1950;0;1
KULAM;3;7.7.1950;3;0
BIBIHANIFE;1;21.8.1983;0;1
DELARAM;1;22.8.1973;0;1
GULCERKAN;1;17.8.1942;0;1
SAGIDIYE;1;11.12.1960;0;1
BIGACER;1;7.8.1922;0;1
HAYSIYET;2;24.3.1967;0;2
BAKUN;1;27.8.1938;0;1
BURAMBAY;1;7.8.1934;1;0
GULMAME;1;25.5.1943;0;1
ZUBEGUL;1;6.8.1982;0;1
BAYIMHAN;1;12.8.1947;0;1
SEVADIN;1;18.11.1960;1;0
ULBIKE;2;14.4.1970;0;2
AMANGUL;6;16.3.1970;0;6
AYSAMAL;1;2.8.1975;0;1
MAYNISA;1;30.2.1956;0;1
HUDAYNAZAR;1;21.9.1971;1;0
NARGES;3;29.6.1969;0;3
REHIMUDDIN;1;12.8.1983;1;0
ZIYAGULRAHMAN;1;16.4.1985;1;0
ZIYAULHAK;8;25.8.1981;8;0
ZABURE;6;20.12.1956;0;6
ZIBIYLE;1;23.8.1965;0;1
PESTANE;1;2.7.1983;0;1
MINAWAER;1;7.11.1975;0;1
HALNAZAR;1;21.6.1959;1;0
GULSUL;3;25.10.1951;0;3
GULAFERIT;5;25.10.1956;0;5
FARZANA;1;10.11.1991;0;1
SUHUD;1;2.8.1987;1;0
DEDEGUL;3;7.4.1960;0;3
AGAMEHMET;2;27.6.1957;2;0
DULFIRIZE;1;16.7.1957;0;1
KUZUME;1;2.4.1975;0;1
BETAZA;1;12.8.1935;0;1
HEMREKUL;1;26.6.1972;1;0
BOKARBAY;1;12.8.1929;1;0
KUDAYBERDI;1;7.8.1952;1;0
HANAYSE;1;12.8.1971;0;1
ALIMNAZAR;1;13.2.1971;1;0
ABDULNAIM;6;27.7.1965;6;0
ERTAH;1;4.4.1978;1;0
OGULBENLI;1;28.5.1948;0;1
KASIRE;21;2.11.1948;0;21
HUDAGILDI;1;17.8.1930;1;0
KULENDA;1;22.8.1925;0;1
GULBIDDIN;2;9.4.1981;2;0
MAZLU;1;22.8.1986;1;0
NERYAN;9;8.2.1973;0;9
NURAMINA;1;17.6.1990;0;1
OGULSENEM;1;15.4.1953;0;1
HACIOCAR;1;16.4.1935;1;0
CUMMA;6;30.6.1947;6;0
CAYLAR;1;28.5.1949;0;1
SEVABIN;1;1.3.1976;1;0
BILALEDDIN;3;13.4.1965;3;0
MELIKEJDER;2;6.12.1965;2;0
HUDAKUL;2;4.11.1957;2;0
DIBIZ;1;2.7.1950;0;1
MUSLAHIM;1;30.6.1967;0;1
SATEP;2;26.11.1956;0;2
BUGUTAY;2;10.12.1962;1;1
ABDULHENNAN;2;9.4.1969;2;0
SABERMUH;1;12.8.1983;1;0
MADANI;2;22.4.1985;2;0
VAHIDULLAH;1;14.7.1983;1;0
CUMADULLAH;1;29.4.1978;1;0
GOULFIRA;1;22.6.1973;0;1
SERBEK;3;5.10.1978;3;0
HACIRAHMETULLAH;1;7.8.1934;1;0
OGULMERYEM;1;13.4.1963;0;1
ZEYBINNUSA;1;17.2.1984;0;1
MUHEBER;1;27.6.1972;0;1
AYNULCEMAL;1;12.8.1923;0;1
SANAVAR;2;22.7.1967;0;2
SHAB;1;7.8.1976;0;1
ASLAM;1;26.4.1984;1;0
KONCAIM;1;12.8.1971;0;1
ABULIZJIANG;1;23.11.1987;1;0
KAMARADDIN;1;17.8.1978;1;0
AYDURDU;1;27.8.1980;0;1
SHAKPUL;1;12.8.1965;0;1
GULIZHAER;1;10.5.1977;0;1
ZAURE;2;24.1.1972;0;2
NIYAZIHAN;1;2.2.1980;0;1
NEYMETULLAH;2;17.9.1973;2;0
OZDANUR;1;1.2.1961;0;1
TEYBATA;1;22.2.1979;0;1
RIKKIYA;2;13.4.1968;0;2
CUMAGULDU;1;23.2.1962;0;1
ESENBIKE;3;13.7.1976;0;3
TURSUNBAY;1;22.8.1931;1;0
AOREMU;1;13.3.1965;0;1
SARSEN;1;7.8.1952;1;0
SAFARGUL;1;27.8.1968;0;1
GULMINA;1;1.1.1;0;1
BIBISELAMET;1;19.11.1969;0;1
HALMEHMET;4;7.12.1974;4;0
HORNISAHAN;1;11.5.1940;0;1
LEFTADE;1;29.4.1962;0;1
MEVLUDAN;2;2.4.1951;0;2
KILTAN;1;12.8.1935;0;1
TEMALIYE;1;7.5.1964;0;1
ORAZAY;1;22.8.1961;0;1
SAHIPCAN;1;17.8.1936;0;1
ZUMRUSAH;1;17.5.1957;0;1
MEHMETKUL;2;28.1.1959;2;0
VUDUT;1;17.8.1978;1;0
ROZKUL;1;11.5.1951;1;0
SANBIH;1;2.8.1945;1;0
MOSAL;1;22.8.1973;1;0
MIRAYSAH;1;21.10.1961;0;1
BAHRIMGUL;1;27.8.1974;0;1
EVVELIYE;1;9.3.1963;0;1
ESLAM;1;27.8.1980;1;0
NEMART;1;3.3.1962;0;1
HALIGUL;2;2.10.1983;0;2
HALBAZAR;1;19.8.1948;1;0
SEVILNISA;1;11.4.1958;0;1
REMZIA;1;6.5.1974;0;1
FETAMET;7;15.1.1951;2;5
DOGUKEN;1;16.4.1992;1;0
JULIYA;1;21.4.1977;0;1
MEHMETYAR;2;5.11.1957;2;0
HOCANAZAR;1;22.8.1973;1;0
KURBANBEG;1;22.8.1979;1;0
SAHUZE;1;10.4.1955;0;1
MIRADIL;1;24.9.1974;1;0
IMAMNAZAR;1;9.11.1975;1;0
CEMZIYE;1;30.2.1959;0;1
OUATIK;1;14.5.1978;1;0
KULAMSAHI;1;30.9.1973;1;0
GULSECER;4;26.5.1960;0;4
BUNGU;1;16.3.1980;0;1
BAGILE;1;7.9.1968;0;1
GONES;4;12.8.1982;0;4
ALTI;2;5.6.1945;1;1
BIBIDURDU;1;17.2.1954;0;1
KORDAL;1;6.3.1972;1;0
SHAIMA;1;12.8.1983;0;1
ZBEIDA;1;16.6.1973;0;1
ONYAZ;1;27.8.1974;0;1
AYTGUL;1;7.8.1976;0;1
BIBISERIFE;2;17.1.1978;0;2
UCANKALE;1;6.7.1968;1;0
EMUNULLAH;1;2.7.1980;1;0
DINULLAH;1;16.11.1953;1;0
EYIT;5;29.2.1970;5;0
DIYARIYE;4;25.11.1978;0;4
BAITINISHAHAN;1;17.1.1977;0;1
ORTEN;1;15.7.1959;0;1
ABDULBASHIR;1;12.8.1977;1;0
ILIYAR;1;2.8.1969;1;0
SELIMBI;1;2.2.1957;1;0
TURHANETTIN;8;25.8.1953;8;0
UMMUKUHSUN;1;11.10.1958;0;1
OGLAY;2;21.7.1972;0;2
MESALI;1;7.8.1928;1;0
YARMAT;1;23.12.1960;1;0
ABDULESVET;1;16.2.1955;1;0
GULSETTIN;5;19.8.1961;1;4
IKLIMNISA;1;16.11.1934;0;1
MAMAGUL;2;5.11.1984;0;2
MISEBIE;1;15.8.1976;0;1
SEEDIGAH;1;7.8.1976;0;1
BEBEHASIME;1;29.5.1974;0;1
MUCIBULLAH;3;5.1.1982;3;0
ASIMUGULI;1;24.9.1955;0;1
OGULHAYAT;1;17.3.1918;0;1
YAHSIKE;1;22.8.1979;1;0
BEBESELIME;1;23.9.1978;0;1
BAZ;4;24.1.1970;4;0
YORUKE;1;1.1.1972;0;1
FAYITTIN;7;17.9.1957;7;0
BEYSINE;5;18.12.1963;0;5
MUDIRUNNAS;1;20.7.1979;1;0
TAGKAN;1;6.1.1976;1;0
KIBILAY;1;27.2.1974;1;0
NUDRI;1;27.6.1943;1;0
VELAYDIN;3;3.10.1961;3;0
SELLIFE;1;25.3.1951;0;1
FERISNAZ;4;17.9.1969;0;4
SEYZAR;2;28.10.1971;0;2
TILAT;2;26.1.1968;2;0
NECATA;3;11.4.1982;0;3
ZEYFON;1;16.3.1970;1;0
ISMIE;2;5.8.1977;0;2
BEDUILCEMAL;1;10.8.1941;0;1
NENIME;3;3.5.1977;0;3
HATIDZE;1;26.9.1969;0;1
PEYRUZAN;2;13.3.1960;0;2
RUKRAMIN;1;1.7.1955;1;0
HIDIRILYAS;1;17.2.1954;1;0
MUDAFET;2;8.3.1958;0;2
AYNUHAN;1;22.5.1967;0;1
ZEYBIYAR;1;17.8.1954;1;0
FIRINAS;1;7.8.1934;0;1
REFRET;3;10.8.1951;0;3
SEVDETTIN;2;11.4.1971;2;0
FERDIS;3;12.6.1956;0;3
YURAY;2;27.8.1987;2;0
GERALDA;1;21.3.1982;0;1
MESEVRET;2;16.10.1971;0;2
SEJDE;3;15.4.1976;0;3
YURDASENGUL;1;23.4.1957;0;1
AVNIDURSUN;1;29.4.1968;1;0
ADAHUNNUR;1;27.5.1974;0;1
NURIJE;1;7.3.1970;0;1
SIRDAT;1;28.5.1965;1;0
MUSAIM;4;13.1.1962;4;0
RABBUA;24;16.12.1948;0;24
EMRANIYE;5;7.2.1968;0;5
TANJET;2;26.6.1961;0;2
ERFET;4;24.10.1946;1;3
ERDIVEN;2;1.3.1971;2;0
ICME;4;13.3.1971;0;4
AYNOUR;3;19.11.1976;0;3
GULNAYIN;1;26.11.1990;0;1
IZHI;1;12.8.1959;1;0
TECAT;2;27.11.1973;2;0
SHAHSINE;2;14.11.1979;0;2
OKRAN;14;23.1.1979;14;0
DOGANCAY;1;7.8.1989;1;0
NILSELEN;1;7.12.1974;0;1
NEVVA;1;4.7.1957;0;1
SAYIHAN;1;27.2.1974;0;1
TAYRAL;1;27.2.1948;1;0
ISRAHAN;2;5.5.1990;0;2
YILTU;1;4.9.1974;0;1
BIBISUNA;1;12.7.1971;0;1
RONAS;1;9.4.1982;1;0
HEYGENUS;1;24.12.1949;0;1
HAILIGIEMU;1;26.7.1961;0;1
EKBEL;2;3.1.1979;2;0
IYID;1;7.8.1940;1;0
BUNAY;2;10.6.1968;2;0
MICAYIT;2;14.9.1959;2;0
GULSAMAL;1;26.12.1969;0;1
HOCANTAY;1;17.8.1918;1;0
MUZAMMIL;1;16.6.1981;1;0
SALEDIN;1;27.2.1980;1;0
NOKRETTIN;1;13.8.1963;1;0
MEHMETBAGIR;1;20.4.1940;1;0
MUSTAFACEMI;1;4.9.1955;1;0
RIZO;3;19.9.1933;2;1
GULUZAL;1;12.2.1971;0;1
KURBANCAN;1;17.8.1978;1;0
ASIYEM;2;30.3.1969;0;2
AYIGULI;1;18.1.1959;0;1
TAGANYAZ;1;26.7.1973;0;1
TILIHAN;2;2.8.1963;1;1
HERHAN;5;8.11.1970;5;0
SILANSERAP;1;6.12.1984;0;1
AYESHA;1;27.8.1974;0;1
ISTIYI;1;27.2.1950;0;1
BADEMSAH;1;14.10.1976;0;1
VAYIBE;11;23.10.1967;0;11
HUSEYINGOKHAN;1;28.6.1981;1;0
SIYARET;3;23.8.1965;0;3
ACICE;1;23.4.1973;0;1
BIBIZERIN;1;12.8.1983;0;1
DURUM;2;14.3.1959;0;2
HUZAM;6;12.1.1944;4;2
FATHE;1;26.6.1983;0;1
AZEGUL;5;18.11.1957;0;5
UMEYYA;8;23.1.1978;0;8
ABDULAYHAN;1;9.9.1966;1;0
BUMERYEM;1;27.12.1952;0;1
MONIJA;1;12.8.1971;0;1
SENICE;2;29.8.1980;0;2
KALYOPICA;1;2.1.1966;0;1
HANKIZ;3;27.4.1979;0;3
ZULKI;6;4.1.1965;6;0
SOSTEM;1;22.6.1949;0;1
ENVARI;4;22.10.1967;3;1
SEMUDIYE;1;27.5.1942;0;1
NUSAYBE;3;19.2.1986;0;3
JACQELINE;1;16.5.1986;0;1
TURNISA;2;5.8.1940;0;2
NUZHA;1;11.4.1978;0;1
KURANETTIN;1;12.3.1971;1;0
KEYIK;1;27.8.1926;0;1
SAHRIZADE;1;3.2.1975;0;1
VIRGINICA;1;2.7.1980;0;1
NUSIYAR;1;29.11.1989;0;1
BESIRILLAH;1;22.3.1985;1;0
MURTET;1;6.11.1972;1;0
ODKAN;3;21.7.1955;3;0
KUNUT;1;25.4.1990;1;0
MEHREN;1;16.4.1945;0;1
AKHATUN;3;2.7.1954;0;3
HAMRAHAN;1;26.6.1954;0;1
MEMETMEZHER;1;30.5.1960;1;0
NIJDIYE;3;8.6.1965;0;3
BAHTISENGUL;1;6.5.1961;0;1
GULYANI;10;13.7.1954;4;6
SHAHRZAD;1;30.3.1983;0;1
NENIK;1;9.2.1982;0;1
SIALIZADE;1;10.2.1963;0;1
MIRZAGUL;1;11.12.1980;0;1
MUKEREREM;1;10.3.1990;0;1
INCIBEK;1;25.11.1953;0;1
SEVDAS;1;21.6.1987;0;1
MEFFAR;2;11.8.1978;2;0
GUNNOUR;1;28.10.1976;0;1
ABUDUYUMU;1;2.8.1981;1;0
ABDURESIT;1;30.1.1970;1;0
BAHANU;2;4.1.1977;0;2
AYMEDDIN;1;27.9.1985;1;0
YILTURAN;1;24.5.1938;1;0
BIBIHAFIZE;1;22.6.1961;0;1
TUSONGGULI;1;21.5.1970;0;1
TURKUM;4;9.4.1971;2;2
VECLA;1;6.12.1965;0;1
ATIKHAN;2;23.3.1962;1;1
DARIE;1;28.2.1932;0;1
ZUNHER;1;6.2.1960;0;1
BARANGUL;3;7.12.1961;1;2
OZGUNDAS;1;11.7.1989;1;0
TURABAY;1;12.8.1983;1;0
GULINUER;1;9.9.1954;0;1
ATSA;1;22.8.1979;0;1
MIHVER;7;6.6.1960;1;6
SAYINAS;2;28.9.1970;0;2
UHUVVET;2;16.2.1952;0;2
GULEMRAH;1;2.7.1975;1;0
SIRINSELEN;1;9.9.1985;0;1
ZINEFFER;1;22.5.1956;0;1
SADANAZ;1;1.5.1966;0;1
KAMILIN;1;1.4.1954;1;0
KEZAMETTIN;1;17.8.1942;1;0
EZNEHAR;1;12.10.1965;0;1
ZEYADIN;3;10.9.1955;3;0
MAILGUL;1;28.9.1945;0;1
HULYAZ;3;7.8.1973;0;3
MERACI;1;13.4.1953;0;1
APTURRAKIP;1;17.10.1984;1;0
OZDEREN;3;19.11.1979;0;3
GUZERIN;1;5.7.1934;0;1
EZIMAN;2;4.8.1954;0;2
ZUMBIUL;1;9.8.1961;0;1
EKBIREN;1;21.7.1983;0;1
MAKFIYE;1;29.9.1953;0;1
SEKLA;1;17.3.1967;0;1
AHMETKASIM;1;7.9.1987;1;0
LEBIKA;2;20.8.1963;0;2
ASILZADE;1;18.4.1981;0;1
NULHAYAT;1;1.9.1989;0;1
FINTAZ;7;24.2.1942;0;7
ZURKA;5;14.7.1940;0;5
UKAYIL;3;11.6.1978;3;0
REVZATA;6;10.5.1956;0;6
BALKAL;1;1.5.1971;1;0
DELIGONUL;1;27.3.1974;1;0
YURDUS;4;15.10.1959;0;4
SEBAHAR;1;12.8.1959;0;1
YARSINE;1;10.11.1957;0;1
TAYBU;1;28.5.1972;0;1
MINEFVER;1;14.7.1968;0;1
SESAN;3;3.9.1962;1;2
GULNAZIRIYE;1;25.4.1961;0;1
DILMA;4;14.1.1968;0;4
MERACIN;1;4.2.1951;0;1
SEMSAT;2;18.10.1966;0;2
GURGOR;2;13.1.1956;1;1
NESFURE;1;2.8.1927;0;1
KAMARUN;1;11.12.1951;0;1
BERKKALP;1;25.12.1989;1;0
LEHIYE;3;16.8.1950;0;3
HOKUMET;1;17.8.1972;0;1
IZNISAH;3;22.4.1948;0;3
SELMANA;1;11.4.1969;0;1
MEHMETGALIS;1;27.2.1968;1;0
MANE;5;19.9.1963;1;4
MURHIDE;1;17.6.1960;0;1
NEVIDIYE;2;24.3.1962;0;2
NEZAMEDDIN;4;8.6.1968;4;0
UMZULE;3;23.6.1963;0;3
GULGALAM;1;10.5.1961;0;1
DIYEDIN;2;29.4.1982;2;0
RIBANSA;1;22.6.1973;0;1
ZENLISAN;1;1.12.1965;0;1
SAHRETE;1;6.5.1980;0;1
NERDENE;2;15.3.1961;0;2
SUATBEY;1;11.11.1969;1;0
SEBAET;6;11.11.1952;0;6
MUCIR;10;14.3.1969;10;0
EBDUBEKIR;1;6.5.1984;1;0
KIMIZER;3;9.8.1963;0;3
ZENSILI;1;12.8.1935;0;1
PERUZER;2;10.12.1975;0;2
ACIPEK;1;12.2.1982;0;1
SEVDIJE;2;24.7.1972;0;2
JUSNIJA;1;12.8.1965;0;1
ISMUS;1;1.9.1958;0;1
A.HIKMET;1;23.2.1970;1;0
HEDAS;1;26.7.1937;0;1
SEHRIBANE;7;21.4.1965;0;7
RESMIGUN;2;21.7.1960;0;2
ISMIGIOUL;1;27.11.1958;0;1
DIYARE;2;17.3.1967;0;2
CELMUT;1;22.5.1973;1;0
ZULFETA;1;19.10.1982;0;1
KEZIBIYE;1;9.6.1959;0;1
ABDURREFIK;2;16.11.1938;2;0
SUMMEYRA;6;16.4.1986;0;6
RUZEYIN;1;15.8.1969;0;1
ERIMER;2;29.12.1961;2;0
REDIDE;1;11.6.1970;0;1
UNZULOGLU;1;26.9.1965;1;0
DURDE;4;12.6.1961;0;4
SEMHIYA;1;27.1.1956;0;1
MENDUS;6;28.12.1946;4;2
BELZAN;2;12.2.1975;0;2
INDZHISER;1;6.2.1984;0;1
NURSYANYA;1;22.12.1968;0;1
SAYED;1;10.5.1976;1;0
YUSEIN;2;16.3.1985;2;0
MUSAFERE;1;9.3.1957;0;1
TERCIHE;1;12.1.1954;0;1
BEHLULDINAME;1;26.3.1973;1;0
SATENAY;4;8.2.1984;0;4
EGLANTINA;1;17.6.1972;0;1
METLAHE;1;17.8.1948;0;1
RUHINAS;5;16.8.1950;0;5
HARZULLAH;1;27.2.1962;1;0
VASRIYE;1;13.5.1962;0;1
SEZEVER;2;19.10.1979;0;2
AYLIAN;1;8.10.1979;0;1
KISRE;1;24.2.1981;0;1
NAMIBEY;1;1.1.1;1;0
RUZBEHAN;1;25.12.1982;1;0
KEFHISRAN;1;30.6.1980;1;0
KUCUKMUSTAFA;3;24.7.1972;3;0
YURDAERDOGDU;1;20.12.1969;1;0
MERHIYE;3;19.3.1955;0;3
SHYHRETE;1;26.2.1960;0;1
HURIGAN;2;2.8.1945;0;2
KREMENA;1;16.3.1974;0;1
NAZIKSAN;1;7.6.1964;0;1
JANBERT;1;21.2.1984;1;0
KESIHA;1;11.3.1968;0;1
ZIBIBULAH;1;28.2.1980;1;0
MURGIHAN;1;10.3.1976;0;1
NEFAIL;11;27.3.1963;11;0
MERHUN;1;7.11.1959;1;0
SAIDIN;10;12.4.1959;10;0
NIYETI;1;21.3.1951;0;1
TEKAND;1;17.4.1975;1;0
GULAFETTIN;2;14.8.1974;2;0
PEYRANAZ;2;19.10.1978;0;2
HAFIDI;5;6.2.1935;5;0
DERYAH;2;29.7.1982;0;2
VEYSTAN;1;9.10.1968;1;0
BAHTEGYUL;1;20.9.1973;0;1
MURFITE;1;23.7.1970;0;1
BAYITDIN;3;14.10.1958;3;0
VEHDI;5;8.10.1972;4;1
SURETKA;1;2.8.1945;0;1
CIBRIJA;1;29.5.1955;0;1
SADBERKA;1;12.8.1935;0;1
FERKEZ;3;13.11.1941;0;3
ERDOGANAY;1;26.3.1963;1;0
CINSIYE;1;6.9.1985;0;1
YALINCAN;1;16.11.1990;1;0
AHMETGUL;1;17.2.1978;1;0
ERREM;1;2.4.1982;0;1
ALTUNTEN;4;28.8.1937;0;4
SAYNAVAT;2;15.7.1974;0;2
LULGUL;2;12.1.1966;0;2
LAIHE;16;12.7.1973;0;16
BEYADDIN;4;7.2.1960;4;0
AZBIE;1;1.5.1966;0;1
HEMDINAR;1;29.7.1969;0;1
EVAN;7;27.5.1971;2;5
AYKANT;3;14.4.1978;3;0
SEBAETA;1;12.11.1975;0;1
LEDINA;1;1.9.1973;0;1
YAGSEP;2;30.10.1970;2;0
VESMIYA;1;2.2.1957;0;1
DEMUSAH;2;4.1.1969;2;0
VELAYETTIN;3;2.4.1957;3;0
REHIKA;2;26.3.1961;0;2
NAZIRBIBI;1;12.8.1959;0;1
GHIULIMAN;1;30.3.1971;0;1
RUHSIT;3;4.2.1963;3;0
GULINE;3;26.6.1972;0;3
BAGVER;1;14.9.1991;0;1
NURALAHAN;1;22.8.1949;0;1
BIBIMERBI;1;12.8.1953;0;1
GULASEL;1;22.8.1979;0;1
ILIADIS;1;24.4.1981;0;1
PERIDEHAN;1;7.8.1982;0;1
SEMER;6;2.4.1964;0;6
ASADULLAH;3;14.9.1978;3;0
RISALETBIBI;1;27.8.1956;0;1
CEMBEL;3;24.6.1963;3;0
BIBINUR;4;15.8.1978;0;4
ZALFE;1;7.3.1970;0;1
SAVVAK;24;1.5.1970;24;0
BIBIMERYEM;2;4.9.1939;0;2
TABISHAN;1;7.8.1934;1;0
DELILMURAT;1;2.8.1927;1;0
GAUSEDDIN;1;24.11.1945;1;0
BABUSSELAM;1;28.6.1963;1;0
MIRINISA;2;9.9.1956;0;2
ZENGER;1;15.10.1991;1;0
NURSACIDE;1;16.7.1991;0;1
SEMAHGUL;2;23.7.1963;0;2
HEVIZE;2;6.3.1948;0;2
MIHRACETTIN;1;12.8.1977;1;0
MADALIM;1;12.8.1923;1;0
SANSIZBAY;1;22.8.1931;1;0
KAMALKAN;1;27.8.1944;0;1
MAGILA;2;15.12.1949;0;2
MUHAMMEDCAN;5;26.8.1983;5;0
GULMERVE;2;27.6.1988;0;2
HAKIMHAN;2;7.6.1958;2;0
REHELA;1;2.8.1969;0;1
ULZHALGAS;1;3.6.1976;0;1
KAINI;1;12.8.1941;0;1
CORABEK;1;2.8.1951;1;0
REHINAS;1;16.4.1945;0;1
GULAMIRSAT;1;17.6.1967;1;0
SADIVAKAZ;1;25.1.1973;1;0
KAMALHAN;1;27.8.1938;1;0
MUGULSUM;1;20.10.1970;0;1
KAYSA;1;17.2.1966;1;0
NEJIBULLAH;1;12.7.1971;1;0
EGEMVERDI;1;2.8.1981;1;0
HALIMDAR;2;5.10.1954;2;0
TOKTOVBAY;1;7.8.1928;1;0
GIYER;1;12.8.1929;0;1
REHILA;1;27.8.1932;0;1
BIBIZEHRA;2;19.8.1965;0;2
HOCANAI;1;22.8.1931;1;0
ALTINBAY;3;26.1.1950;2;1
ABDULARIF;6;30.8.1964;6;0
EYIMHAN;1;22.8.1931;1;0
DINAHAN;1;7.8.1946;0;1
MERYEMKAN;1;29.12.1964;0;1
NURTAHIRE;1;8.8.1986;0;1
ORAZHAN;1;7.8.1934;0;1
SEVCIHEN;1;13.2.1982;0;1
EMEYTAY;1;12.8.1935;0;1
FATMACEMAL;1;12.8.1953;0;1
SAMSIYE;5;25.6.1963;0;5
SEMSIYEBANU;1;7.8.1952;0;1
AZANBAY;1;27.8.1926;1;0
GULZERIP;1;22.8.1985;0;1
ASURBEK;1;12.8.1983;1;0
KESBULLAH;1;2.1.1987;1;0
AFDALBIBI;1;17.8.1936;0;1
TSH;1;2.8.1969;1;0
NEZAHETTIN;6;27.11.1953;5;1
HAREDAN;1;3.2.1975;0;1
SUNUHLA;1;7.7.1976;1;0
KUSMAN;1;27.3.1962;1;0
NURIMANGU;1;12.8.1969;0;1
ERKINBEK;1;17.12.1987;1;0
JANEL;3;4.7.1977;0;3
CEDYASAR;1;7.8.1976;1;0
NIVAFER;1;1.11.1978;0;1
TAHVELDI;1;27.8.1950;1;0
KUNAPIYA;1;17.8.1954;1;0
MAGUNA;1;12.8.1953;0;1
DINMEHMET;1;5.12.1980;1;0
KARIMA;2;25.4.1981;0;2
ABDULNIYAZ;1;17.8.1936;1;0
KARIBA;1;26.5.1967;0;1
KADISA;2;13.12.1950;0;2
BILIANA;1;1.7.1958;0;1
ZIVEYDA;1;28.5.1961;0;1
MUGILSIN;1;15.7.1961;0;1
BILAZI;1;12.8.1941;0;1
WUERNISA;1;28.4.1954;0;1
CINARA;2;23.4.1977;0;2
ABDULMACID;1;22.11.1991;1;0
HALYNA;3;3.11.1973;0;3
BUHACCER;1;22.8.1943;0;1
BERKETULLAH;1;7.8.1952;1;0
SEKILA;1;2.8.1981;0;1
AHMINAH;1;22.8.1973;0;1
OBAYDULLAH;1;22.8.1967;1;0
ABDULMANSUR;1;7.8.1952;1;0
KAYSE;1;12.8.1953;0;1
BIBIRAHIME;1;2.8.1981;0;1
GULLEYA;1;29.3.1965;0;1
ZERBIBI;2;10.4.1967;0;2
AHMETULLAH;1;16.9.1965;1;0
TACIBAY;1;5.4.1978;1;0
ROZMEHMET;2;2.9.1951;2;0
ASAMUDDIN;1;2.8.1981;1;0
KELGINBAY;1;2.8.1921;1;0
HAYRETULLAH;5;16.10.1975;5;0
KUMBATAY;1;10.10.1975;0;1
KURMANYAZ;1;25.8.1960;1;0
ZILIMAN;1;27.8.1938;0;1
SAHIBCAN;1;7.8.1946;0;1
TOKTAHAR;1;12.8.1977;0;1
BEYILHAN;1;12.8.1941;1;0
HOCAAHUN;1;7.8.1928;1;0
NURCEMI;1;2.7.1963;0;1
DAMIL;1;27.8.1950;0;1
IKBALAY;1;2.8.1975;0;1
NESED;3;16.6.1975;3;0
ZEVRA;2;17.7.1975;0;2
ARZUNISA;1;9.6.1988;0;1
ISEDULLAH;1;12.8.1989;1;0
ENISGUL;1;7.10.1987;0;1
BURI;2;10.8.1964;1;1
BIBIHAL;4;7.1.1950;0;4
HEITGUL;1;17.8.1954;0;1
SAVUR;5;20.2.1954;2;3
DEVLETGELDI;3;1.9.1973;3;0
ERZIGUL;1;15.4.1963;0;1
USAGA;1;7.8.1952;0;1
PADSAHAN;1;12.8.1947;1;0
MECDIT;1;12.8.1965;1;0
BIBINUSHA;1;12.8.1971;0;1
KISEY;1;16.3.1964;0;1
YAKUPBEK;1;9.7.1963;1;0
RENBIYE;1;21.4.1942;0;1
KILICBIBI;1;4.2.1967;0;1
KURBANNAZAR;4;18.9.1961;4;0
CAVAD;3;10.12.1961;3;0
AUGUL;1;17.8.1936;0;1
MARZETA;1;17.8.1978;0;1
MUNZIRET;1;6.3.1956;0;1
HANBABA;2;2.12.1952;2;0
GEDAY;1;8.2.1958;1;0
BIBITAHTA;1;2.9.1951;0;1
OGULSAPAR;1;24.6.1973;0;1
HAYRULIBAT;1;7.6.1971;1;0
KENCLIK;1;22.8.1949;1;0
ABDURRASID;1;16.8.1986;1;0
AZIP;1;1.12.1979;1;0
AKMEDI;1;7.8.1952;0;1
AMINULLAH;1;16.10.1965;1;0
RAIZADE;1;27.3.1956;0;1
NARUZE;1;7.8.1982;0;1
HAYIRMUHU;1;17.8.1978;1;0
DINAGUL;1;1.4.1985;0;1
ULZANA;1;21.8.1980;0;1
GULHESEL;1;18.7.1953;0;1
ZAFUHAN;1;7.5.1982;1;0
UVEZ;2;30.6.1962;1;1
BIBIHAVA;3;18.6.1971;0;3
AYBALIK;1;22.8.1949;0;1
AJEGUL;1;17.11.1956;0;1
OGULAY;2;4.2.1988;0;2
SAPARGUL;2;6.2.1989;0;2
SABARMURAT;1;30.6.1979;1;0
OGULIKE;1;20.9.1958;0;1
BIBIFATMA;1;8.10.1979;0;1
MAZUVER;1;17.8.1966;0;1
BINY;1;12.8.1947;0;1
LATTIF;1;2.8.1975;1;0
ISILAK;2;2.4.1951;0;2
BIBINAZ;3;4.9.1967;0;3
YETTAI;1;14.3.1976;1;0
HACIDEVLET;1;2.5.1934;1;0
HAYATBIBI;1;7.8.1946;0;1
RAGBI;3;28.9.1949;3;0
GULALAY;1;7.8.1964;0;1
SEYITMURAT;2;17.5.1984;2;0
EMENILLAH;1;2.9.1981;1;0
HUDAVENDIGEL;1;26.7.1975;1;0
BIBIMASTURE;1;22.2.1985;0;1
SALIHSAMI;1;23.2.1964;1;0
MAHISERIF;1;2.8.1957;0;1
HANEDAR;3;7.6.1977;3;0
SILLO;2;27.7.1934;2;0
HUSNUKAT;1;4.9.1967;0;1
OGULDURDU;2;15.9.1951;0;2
SADBE;2;11.1.1943;0;2
BIBIHAMIDE;1;22.8.1961;0;1
SEZAYAN;1;26.1.1942;0;1
MATIHULLAH;1;17.8.1978;1;0
MEHMEDULLAH;3;30.4.1958;3;0
KOCE;7;9.6.1953;2;5
FATIMAYI;4;14.4.1969;0;4
PIRHAMDULLAH;1;22.3.1961;1;0
SATALI;9;7.6.1958;9;0
KAMEREDDIN;5;1.3.1973;5;0
GULUNUR;47;17.4.1965;0;47
GULZIRE;1;2.8.1957;0;1
MINAGUL;2;10.8.1974;0;2
AKBIBI;1;22.8.1955;0;1
MILHIME;6;30.3.1972;0;6
BAZARGUL;1;11.4.1979;0;1
AYIMHAL;3;6.12.1961;0;3
BIBIRUBIYE;1;12.8.1947;0;1
OGULEKER;1;22.2.1955;0;1
GARUBULLAH;1;12.8.1983;1;0
DILHAZIN;1;8.9.1980;1;0
GURBANIA;1;7.8.1958;0;1
ALEYITDIN;1;2.1.1963;1;0
HUDAVEREN;1;2.8.1963;1;0
TAHORA;1;7.8.1970;0;1
NORIA;1;22.8.1973;0;1
BIBIHAVVA;1;27.8.1980;0;1
SEFERGUL;4;1.7.1968;0;4
GULINAERHAN;1;16.6.1975;0;1
CINIHAL;2;25.1.1962;0;2
SIMEYRA;1;7.8.1988;0;1
HUZAYMA;23;20.3.1968;0;23
TASHIHE;3;18.8.1976;0;3
CULOMNABI;1;17.8.1990;1;0
AKBAR;1;17.8.1978;1;0
RAMES;1;3.12.1990;1;0
ROZIHAL;1;22.8.1949;0;1
IMAMUDDIN;1;27.8.1944;1;0
NUKHAT;3;14.2.1957;0;3
MAGAVYA;1;27.8.1950;0;1
MUHIBILLAH;1;24.2.1991;1;0
NECIPBULLA;1;11.6.1988;1;0
HALMIRZA;2;17.2.1975;2;0
HETIS;1;2.8.1927;0;1
HUKUMIYE;3;22.6.1960;0;3
KORPEGUL;1;11.11.1981;0;1
AYSIHHAT;1;18.5.1972;0;1
NIG;1;5.2.1969;1;0
ZARUNIMA;1;27.8.1980;0;1
ALIHEKBER;3;5.12.1963;3;0
GAZIBEG;1;27.8.1944;1;0
SAYLINISA;1;27.8.1980;0;1
CANALTAY;1;16.8.1987;1;0
HEMRAKUL;1;26.5.1966;1;0
EBDURASUL;1;27.12.1986;1;0
KULSARA;1;27.8.1926;0;1
INETULLAH;1;2.10.1980;1;0
HUDAYINUR;1;14.10.1970;1;0
DIBINOOR;1;27.8.1944;0;1
TEBET;1;7.8.1972;1;0
SAPERAY;1;11.2.1982;0;1
AYMERET;1;3.3.1987;0;1
MUCEAHIT;1;22.2.1973;1;0
TEDBIRE;1;4.8.1981;0;1
IHSAMILHAK;1;7.9.1982;1;0
ALLAHDAT;1;7.1.1982;1;0
REHVANIYE;1;24.9.1960;0;1
ZIDAYET;1;2.8.1939;0;1
RAHIMVERDI;1;22.8.1943;1;0
NACILA;2;29.5.1960;0;2
NECIPULLAH;3;27.3.1984;3;0
FATYMA;1;10.4.1960;0;1
MURETTIP;1;8.10.1955;1;0
IBADETE;2;29.8.1964;0;2
AISHOR;1;12.8.1971;0;1
ERSEF;1;28.10.1971;1;0
ABDULEHAT;4;29.7.1962;4;0
INAMILHAK;1;22.9.1979;1;0
CUMAHAL;1;22.9.1961;0;1
NURULHAK;4;16.6.1981;4;0
MUSELLET;2;11.2.1967;1;1
DEVLETMURAT;1;10.12.1982;1;0
BEBEFATMA;1;10.4.1976;0;1
GAPUR;1;20.11.1951;1;0
SEYNER;3;18.4.1970;0;3
SAYEM;2;21.8.1956;1;1
PERMUDEN;1;19.8.1951;0;1
FERIDUNE;1;11.4.1938;0;1
MUCEHEL;1;22.11.1979;0;1
MAHASEZ;1;15.1.1973;0;1
MELAYDIN;3;23.12.1967;3;0
FEYRIZ;1;7.8.1958;1;0
MUNTAZA;6;6.12.1967;4;2
RULGUL;1;16.12.1991;0;1
MEVAYIP;5;28.10.1951;5;0
AZIZATILLA;1;3.7.1974;1;0
NEGAHUL;1;17.6.1967;0;1
NACIY;1;3.4.1965;0;1
DZEVAIRE;1;22.12.1964;0;1
LEVEYSER;1;25.2.1976;0;1
MUSADEDE;2;6.2.1965;2;0
SINGER;3;3.4.1973;0;3
IDAR;1;21.8.1990;1;0
DONKA;2;11.3.1955;0;2
NURYUZDEN;1;7.8.1958;0;1
HINBER;1;8.4.1981;1;0
NEVAS;5;16.2.1981;5;0
ILSUHAN;1;26.9.1990;1;0
DILBRIN;1;22.7.1980;1;0
KANDIGUL;2;26.12.1969;0;2
UMREDDIN;4;24.6.1984;4;0
HAGIHAN;1;5.7.1970;0;1
GULISEREN;1;27.3.1962;0;1
SEYNAS;4;5.7.1983;0;4
ODETA;1;28.6.1984;0;1
FUREYSE;4;25.4.1980;0;4
SINARAY;1;25.8.1990;0;1
ERZINA;1;20.5.1978;0;1
CEBREDDIN;1;12.1.1965;1;0
SEDALU;1;22.2.1973;0;1
RIFAYET;3;16.1.1966;0;3
SURETAN;1;7.2.1976;0;1
RAHMANRAHIM;1;22.3.1992;1;0
MEVKILE;1;25.12.1984;0;1
KERAMEDIN;2;14.7.1969;2;0
GULTERIYYE;1;26.1.1951;0;1
TYURKIAN;2;6.4.1975;0;2
RAMIDIN;1;10.12.1955;1;0
SEHNAN;1;5.1.1972;0;1
HEKTAR;1;3.6.1969;1;0
SITTILHISIN;1;18.4.1972;0;1
MIZAEN;1;8.2.1982;0;1
ACERE;2;15.5.1982;0;2
EREMSAH;2;3.5.1974;0;2
CENUL;1;29.8.1986;1;0
KAZMEDDIN;1;17.8.1954;1;0
GENCEKAN;1;22.8.1979;0;1
TAGRIK;1;17.9.1975;1;0
SEVCAY;2;2.6.1982;0;2
HONA;1;3.7.1948;0;1
GKIOULTEN;1;27.6.1976;0;1
ABEY;8;22.9.1957;8;0
BEFAIL;9;14.11.1959;9;0
KULTERIYE;1;12.8.1935;0;1
SEYBAT;2;11.1.1948;0;2
MENAZIR;2;23.6.1990;0;2
FEHMIM;1;3.3.1966;1;0
BEDAL;2;8.11.1960;2;0
FELEKVAS;1;2.2.1957;0;1
BALABEGIM;1;4.5.1960;0;1
CONRAD;1;28.11.1981;1;0
NUGUN;1;24.2.1969;0;1
HAMMAT;2;3.1.1963;2;0
ZIADDIN;1;11.12.1961;1;0
YILMAN;8;17.4.1979;8;0
UMMIZER;1;21.4.1960;0;1
KATIBEN;1;18.1.1972;0;1
BEIC;2;19.3.1975;2;0
MURTEDIN;1;11.8.1961;0;1
SELFINUR;4;13.1.1964;0;4
MUNEYSER;3;21.6.1956;0;3
BINBAY;1;4.2.1935;1;0
GURTUNC;1;29.3.1964;1;0
BERYE;2;6.4.1964;0;2
OMURGEN;3;27.8.1956;2;1
MUNURRAGIP;1;29.2.1953;1;0
BURUSKHAN;1;18.4.1971;1;0
ABHAYAT;1;14.4.1959;0;1
NEFSIHAN;3;12.6.1969;0;3
ISNEYIN;1;9.9.1950;0;1
BEJDA;1;6.1.1986;0;1
SUZERI;2;7.10.1975;1;1
VIHANUS;1;4.7.1943;0;1
SALZA;1;28.6.1958;0;1
GULBEHRA;1;7.10.1968;0;1
KAYIZAK;1;24.9.1944;1;0
TURGAR;2;8.12.1968;2;0
DOKMEGUL;1;27.8.1980;0;1
NESLINAY;1;6.3.1970;0;1
ERVAT;1;27.7.1956;1;0
KETAYYUN;1;2.3.1957;0;1
NURALTAN;3;25.10.1955;2;1
NEHIRGUL;1;11.10.1969;0;1
BURUKSAL;1;9.4.1971;0;1
EDAHAVA;1;11.11.1982;0;1
BEHTUL;4;1.8.1971;1;3
SUMERKAN;3;28.9.1965;3;0
SIMENBOY;1;21.9.1975;0;1
GULCIAN;1;17.2.1966;0;1
IHYAETTIN;1;7.8.1952;1;0
BATUSER;1;28.3.1989;1;0
AFRODITA;2;19.12.1962;0;2
AHEM;1;5.6.1983;0;1
ALKIS;12;17.4.1963;8;4
AYDOGAR;5;16.9.1974;5;0
FRANCUYI;1;11.6.1938;0;1
PEMUK;1;27.11.1974;0;1
BARGUZEL;1;8.6.1968;0;1
EHLUL;1;3.6.1975;0;1
KAHNIYE;3;27.4.1956;0;3
NILFIDER;1;28.11.1972;0;1
AKLIMEN;1;1.1.1955;0;1
DILERYA;3;8.4.1980;0;3
HAYRIK;2;22.3.1936;2;0
DOMENICA;1;1.4.1946;0;1
MIRRI;1;22.6.1955;0;1
MUAAZEZ;2;1.8.1971;0;2
ERSAIN;1;7.2.1964;1;0
MAHMUTSENER;1;2.8.1968;1;0
GULAIKHAN;1;17.5.1978;0;1
NUHSIT;3;27.11.1965;1;2
SENNAZE;5;13.1.1953;0;5
SUNIHI;2;30.8.1956;2;0
NURYESIM;4;23.5.1977;0;4
OZKALP;2;18.7.1960;1;1
PARKAN;5;26.8.1965;5;0
CAVANSIR;1;19.12.1958;1;0
LUTFUCAN;2;7.12.1960;1;1
RUHNIYAS;1;25.1.1972;0;1
ZARNISHAN;2;22.2.1972;0;2
MIRFEYSEL;1;11.6.1951;1;0
OKIMA;1;9.11.1927;0;1
FIZARE;1;2.6.1928;0;1
AYGOREN;16;4.3.1961;9;7
BIRBEY;8;22.12.1985;8;0
RUHMI;1;24.2.1969;1;0
BEHADIN;4;2.9.1966;4;0
VECIHET;3;28.6.1955;0;3
ILKGUR;3;15.3.1965;2;1
HULUSIN;1;15.7.1947;1;0
ALICIHAT;1;6.3.1980;1;0
MUZDEBAH;1;12.12.1971;1;0
JASMINKA;3;27.12.1965;0;3
LUTFITTIN;1;14.8.1928;1;0
PELATIN;1;15.1.1947;1;0
GUNHUR;4;4.8.1970;2;2
SUEYBETE;1;2.3.1957;0;1
NEVGIVAN;1;30.4.1975;0;1
BINVAR;7;22.4.1958;7;0
YELDOGAN;1;1.1.1938;1;0
BELGUTAY;6;4.11.1980;6;0
GOKPINAR;1;26.10.1984;0;1
SIRCAN;11;19.9.1968;5;6
SANURAN;2;9.1.1953;0;2
ALEMKEN;1;18.2.1951;1;0
RUJNEN;1;6.1.1985;0;1
SUMRET;1;26.4.1954;0;1
OZYALCIN;1;6.2.1968;1;0
SHAFA;2;9.6.1976;0;2
EVZI;2;16.1.1951;2;0
GULTERE;4;11.12.1951;0;4
SENHAY;1;12.4.1956;0;1
ZIKIRYE;3;22.1.1970;0;3
SABIYNA;1;23.8.1977;0;1
KENANBURHAN;1;21.9.1957;1;0
GUNSIYAL;1;8.5.1936;0;1
NESEZEN;1;24.6.1931;0;1
ZERRIBE;1;6.7.1957;0;1
PIYEL;1;14.12.1972;1;0
BRANDIE;1;12.6.1978;0;1
JOSIE;1;27.10.1969;0;1
GEVRO;31;5.6.1961;2;29
SELAHMI;1;29.11.1953;1;0
BEFERIYE;1;6.10.1942;0;1
GURTEKIR;1;11.3.1938;1;0
HURUM;1;12.2.1947;0;1
HUMNAZ;1;4.12.1958;0;1
OZDEMIRHAN;4;4.5.1972;4;0
GULCESMI;1;1.7.1981;0;1
EMIRYA;7;20.12.1985;0;7
FATMAMAKBULE;1;8.11.1933;0;1
ZUBRETE;2;6.12.1967;0;2
MISEYIP;3;11.12.1978;3;0
HAYDOS;1;26.8.1979;1;0
MUNIVER;4;26.8.1974;0;4
TRAJE;2;22.11.1981;0;2
SIYARI;2;2.2.1962;1;1
NEVGECE;1;27.4.1964;0;1
ERDANIYE;4;9.4.1974;0;4
NILSUH;1;2.12.1977;0;1
SUYEDA;2;10.5.1968;0;2
NEVUDE;3;29.6.1961;0;3
SATAYI;1;23.4.1961;0;1
GOLSAR;1;20.3.1940;0;1
SENESIYE;1;7.8.1952;0;1
AGANI;3;10.9.1941;2;1
KERSUM;1;22.2.1973;0;1
MUHAMMEDULLAH;1;26.12.1987;1;0
NUGUL;6;9.7.1973;0;6
ESMETARIKA;1;24.12.1950;0;1
GORPELI;15;24.2.1959;8;7
PESEN;2;12.3.1949;0;2
NIMES;2;11.8.1958;0;2
NURCEMIL;3;26.1.1959;3;0
ENGJELLUSHE;1;17.1.1964;0;1
IULVIE;1;11.12.1966;0;1
SEVASTITA;2;23.10.1965;0;2
FILAJ;1;15.2.1965;0;1
MAKULA;1;1.4.1953;0;1
NIHHAN;1;15.2.1981;0;1
IZNIHAN;1;14.5.1945;1;0
GIZER;3;21.5.1976;1;2
TURCAGAN;1;11.6.1958;0;1
KEMAHAT;1;12.7.1959;0;1
KHAIROLINA;1;14.10.1967;0;1
SELEMHANIM;1;22.2.1984;0;1
ESMIRANDA;1;26.1.1972;0;1
ARIJETA;1;10.7.1972;0;1
BERRUL;1;2.12.1991;0;1
SUAR;17;4.8.1972;13;4
HAYALETTIN;1;17.2.1950;1;0
NURANDIK;1;25.6.1931;1;0
VAINA;1;29.8.1956;0;1
NEBAYAT;1;22.6.1981;0;1
RAYHANE;3;11.11.1962;0;3
ARPINELLI;1;14.1.1953;0;1
HINOZANT;1;22.6.1949;0;1
UMIRE;3;9.1.1952;0;3
SEVREMIZ;1;23.4.1947;0;1
LUSINHIRMA;1;8.2.1956;0;1
AREKIN;1;27.8.1961;1;0
BEYZIYE;4;5.9.1947;0;4
NAHIREZ;1;16.10.1963;0;1
NERSIZ;1;28.4.1956;1;0
RUZANT;1;1.10.1948;1;0
JIPTUN;1;10.2.1991;0;1
HALILHAN;3;16.4.1986;3;0
SAHYEN;2;26.2.1963;0;2
ZORICA;1;22.8.1951;0;1
MARKIR;1;2.8.1933;0;1
HORUSMA;1;7.8.1928;0;1
SAKEY;1;7.8.1934;0;1
EDNIVE;1;22.2.1967;0;1
BAGLAR;3;18.12.1977;2;1
BON;1;26.6.1955;1;0
JANES;1;11.1.1957;1;0
IHYATTIN;1;2.2.1963;1;0
VECATTIN;1;15.10.1979;1;0
KAGUS;1;11.6.1933;0;1
SELGUZEL;3;23.1.1952;0;3
EYTURAN;1;26.12.1934;1;0
ELCINSIBEL;1;1.9.1981;0;1
RUHYIBEK;1;22.2.1967;1;0
ESEMEDDIN;1;2.4.1962;1;0
YADIGAN;1;23.2.1943;0;1
YENILAY;1;11.5.1975;0;1
ARANBAY;1;7.8.1970;1;0
NEZENI;12;29.6.1951;0;12
GULNACAR;1;18.9.1988;0;1
MIDRIYE;2;13.5.1949;0;2
TENHAR;8;12.2.1971;7;1
KAMERCAN;5;29.2.1978;3;2
MUCEYYEN;1;28.1.1962;0;1
VECNIYE;1;22.2.1955;0;1
GUNDEREN;8;27.3.1964;0;8
DILKAN;3;30.6.1961;0;3
SUZAIR;1;26.7.1957;1;0
HILMIN;1;3.9.1977;1;0
ZERRISAN;1;5.1.1980;0;1
ZURIHAN;4;8.2.1957;0;4
AYFEF;1;24.11.1952;0;1
GULSENNESE;1;8.9.1948;0;1
VERGINIA;2;22.7.1976;0;2
AYSEBILGEHAN;2;9.8.1979;0;2
TASIMAT;1;29.10.1968;0;1
KOLDAS;2;8.8.1967;2;0
ZILIFA;10;13.12.1963;0;10
EUDOCHIA;1;16.4.1973;0;1
ISABIROL;1;16.3.1976;1;0
NISAIYE;1;30.7.1980;0;1
ABDULLAHTUNCA;1;3.8.1946;1;0
ERTUM;3;22.5.1966;3;0
REBUHA;3;30.3.1947;0;3
CRISTIANA;4;12.4.1964;0;4
ARMEND;2;12.10.1978;2;0
DRITON;1;11.8.1973;1;0
NACARIYE;1;11.10.1944;0;1
CANBEYTULLAH;1;26.4.1991;1;0
BEDEHAT;2;19.3.1981;0;2
SAHAVETTIN;5;22.7.1952;5;0
SANIL;4;14.1.1971;2;2
NEVKAN;9;26.5.1973;4;5
SURAHATTIN;1;28.6.1941;1;0
IREMNAZ;1;27.2.1985;0;1
SALTUKALP;1;20.11.1985;1;0
BUSER;1;7.12.1991;1;0
BEZENSEL;1;12.10.1947;0;1
GOSTEKI;1;16.8.1922;0;1
KLAOPATRA;1;5.10.1948;0;1
MAHMUTMURAT;1;12.6.1958;1;0
ALIERKAN;1;22.4.1967;1;0
SINFER;1;8.7.1936;0;1
SAVURAY;1;8.6.1967;1;0
KITAY;3;29.9.1954;1;2
YADALLAH;1;2.8.1939;1;0
HUANT;1;1.8.1940;0;1
TEVFIHAN;1;30.5.1989;0;1
YULEA;1;20.8.1991;0;1
ZEYTIYE;5;12.6.1955;0;5
HINALI;1;14.11.1933;0;1
RIYAN;3;4.3.1962;1;2
RIGINA;1;13.5.1929;0;1
SERBANU;1;19.2.1969;0;1
PERVANI;4;19.8.1974;4;0
ELPATO;1;27.8.1926;0;1
NEMNIYAR;1;17.8.1924;0;1
KLAVDIYA;2;27.4.1985;0;2
TANKUG;1;2.7.1968;1;0
ZEKAYIL;5;25.4.1974;5;0
GULBENGU;2;1.2.1974;0;2
ATAKAY;2;14.1.1976;1;1
CENGIZER;7;14.9.1971;6;1
ULPAN;3;16.12.1948;0;3
NURKAM;1;23.7.1969;1;0
GULZINNET;2;29.9.1953;0;2
HUTBI;6;10.8.1951;6;0
EYYAT;2;6.2.1978;2;0
BULKE;1;22.7.1947;0;1
CEMTEKIN;2;22.8.1950;2;0
NULKER;2;2.8.1979;1;1
AHALET;1;1.10.1964;1;0
YUNSELIM;1;17.2.1948;0;1
KIRAN;6;30.8.1977;5;1
ERTOLON;1;9.5.1991;1;0
EFZAIL;1;5.3.1957;1;0
KANJE;1;3.9.1984;1;0
AZEHAN;1;24.10.1990;1;0
RESMIYEGUL;1;11.11.1969;0;1
ESHABEL;1;22.8.1991;0;1
GULESREF;1;12.8.1939;0;1
BAHAREY;21;14.9.1952;0;21
MUCAVET;2;1.1.1945;2;0
GULNANUN;1;12.2.1971;0;1
MUCELLEN;2;12.6.1969;0;2
ZITIYKA;1;6.3.1950;0;1
CUMHURAY;2;4.12.1959;2;0
ERHANETTIN;1;6.7.1963;1;0
SERINGOL;1;17.5.1965;0;1
FERIGUL;8;6.10.1976;0;8
ZENFEN;1;1.3.1942;0;1
SERKAP;1;16.2.1975;0;1
SEMHE;1;10.3.1954;0;1
BAHDIGUL;6;13.8.1969;0;6
RAYGEN;3;12.7.1956;0;3
VECIYHE;4;20.4.1965;0;4
KUSDAR;1;7.3.1964;0;1
DELAIKE;1;22.2.1955;0;1
VILEDDIN;1;24.1.1966;1;0
ZERHAL;2;22.8.1943;0;2
DEDECENGIZ;1;22.9.1966;1;0
GULESAR;4;24.7.1955;0;4
MUNECCIYE;4;16.8.1966;0;4
AYSENIM;20;1.7.1969;0;20
SIRMANI;1;19.2.1960;0;1
GEREKMEZ;1;27.2.1962;0;1
EVLANIM;1;12.10.1965;0;1
M.ATIK;4;22.10.1951;4;0
MELEYITTIN;1;18.9.1937;1;0
KERMEHAN;13;8.2.1964;0;13
YASARTURK;6;19.12.1966;6;0
ENYAMI;1;27.3.1968;1;0
KESBAN;5;13.11.1982;0;5
GULCANAY;1;17.12.1990;0;1
MUSAADDIN;3;6.9.1959;3;0
LEMAHAN;5;7.10.1976;0;5
CIHANTAS;1;17.2.1972;1;0
MUFTEL;1;27.1.1961;0;1
HANDANA;1;22.11.1957;0;1
MURUDET;2;3.12.1949;0;2
COMUK;1;6.10.1935;1;0
EMINBAKI;4;11.10.1971;4;0
IMEGUL;1;17.5.1966;0;1
NURIEZDAN;1;17.8.1930;0;1
RUSER;10;2.5.1950;3;7
DILEKSER;1;3.3.1963;0;1
TELEMEZ;1;1.5.1962;1;0
SAMIFE;1;21.11.1964;0;1
IRKMEN;1;8.3.1952;1;0
HYLGA;1;13.12.1966;0;1
SEHZIAN;1;1.7.1967;0;1
CILOSMAN;2;18.2.1983;2;0
ANULHAYAT;1;2.10.1946;0;1
MUHTESIMA;2;22.5.1986;0;2
SENITAN;1;19.5.1963;0;1
CEYHUNDE;1;27.9.1981;0;1
MEYREMIN;1;9.7.1956;0;1
KHALIDE;1;20.6.1979;0;1
EDEN;5;25.7.1953;4;1
MEVLUTTIN;10;21.4.1950;10;0
HUSNUR;5;19.3.1981;0;5
MILISAN;1;29.10.1947;0;1
MUDARIYE;2;7.10.1973;0;2
VIYILDAN;1;21.7.1958;0;1
BEYHADIN;1;27.5.1932;1;0
REHYE;1;6.6.1973;0;1
AYTITIN;1;13.7.1943;1;0
MUHAVER;2;17.2.1966;0;2
BAHRUNUSA;1;21.10.1947;0;1
NEVCAGAN;1;7.9.1986;0;1
CIDO;1;26.4.1958;0;1
NEVRUK;3;30.2.1936;0;3
FEVZER;1;4.3.1939;1;0
HAMETI;1;1.4.1979;1;0
NILDILEK;2;1.11.1975;0;2
UMIM;1;7.3.1952;1;0
BADAZER;1;9.9.1934;1;0
SEFTEGUL;1;13.7.1945;0;1
MUDERIZ;1;4.10.1985;1;0
HALUKALI;1;26.11.1977;1;0
LEONTINA;1;18.6.1975;0;1
METHURET;1;12.9.1971;0;1
HALIKSAN;1;11.9.1964;1;0
OLFAT;1;4.9.1959;0;1
TANAYIL;1;28.11.1956;1;0
BAYNAZER;1;2.2.1957;0;1
UGURLUCAN;1;21.6.1942;0;1
MISRAFI;1;7.8.1946;1;0
OLSEN;12;11.6.1975;2;10
RAZMIG;1;24.7.1986;1;0
M.VAHIT;4;27.12.1955;4;0
IGNAN;2;29.8.1950;0;2
KILODIN;2;19.6.1985;0;2
FAMIRYA;1;21.3.1946;0;1
METILE;6;16.8.1979;0;6
MERJA;2;25.1.1958;0;2
MATLIN;1;7.4.1952;0;1
ELIANE;1;6.10.1945;0;1
ALPEMRE;1;16.3.1990;1;0
MUKEMMEL;8;18.4.1965;2;6
BIHLUN;2;2.7.1975;0;2
SAYFEGUL;2;3.2.1959;0;2
DEMIRDAS;1;17.8.1936;1;0
NESEMDEN;1;30.7.1971;0;1
OKSIYEN;1;26.10.1955;0;1
USTUNGEL;5;19.5.1964;4;1
NURIZAR;11;14.1.1955;0;11
RAHELE;1;6.6.1974;0;1
EMENDI;1;22.10.1956;1;0
CARU;2;17.9.1947;2;0
SUIN;2;12.6.1973;0;2
ULFAZ;1;22.8.1956;0;1
ROZIGUL;2;6.1.1958;0;2
PENKA;2;17.2.1967;0;2
ALKOR;3;28.1.1964;1;2
ELEMA;2;19.3.1939;0;2
ABIBULLAH;1;7.6.1974;1;0
APTULAVNI;1;27.2.1956;1;0
ZEHRABANU;1;22.2.1965;0;1
NAGMEGUL;2;25.3.1978;0;2
SAHMUSA;1;28.7.1950;1;0
CANFISE;1;8.7.1933;0;1
SEBDIL;1;14.6.1986;1;0
KALVIYE;1;7.8.1958;0;1
MEHMETEMIR;1;9.7.1974;1;0
EHUP;1;24.5.1962;1;0
IOLANTA;1;14.6.1982;0;1
MESARE;2;29.9.1959;0;2
BEYDAD;1;14.9.1968;1;0
COFERIYE;2;27.1.1968;0;2
MERGYUL;4;30.8.1978;0;4
ZILKAIDE;2;16.8.1950;0;2
SIMLAH;1;16.7.1976;0;1
KAYABAL;1;28.5.1956;1;0
UGURMERT;2;20.8.1983;2;0
NURNECAT;1;1.6.1949;0;1
MEYRUSE;1;5.2.1963;0;1
BEDIHAT;9;7.9.1941;0;9
BEYADI;1;26.6.1958;1;0
IKNAY;1;13.1.1980;0;1
HEDALET;2;12.1.1951;0;2
SAZIS;1;17.8.1924;0;1
MEVLETTIN;1;21.3.1985;1;0
NARAYIL;1;17.9.1960;1;0
SANULALP;1;28.9.1988;1;0
DJANSEN;1;21.6.1988;0;1
DIBISTAN;3;20.5.1980;0;3
SENBE;2;17.1.1969;0;2
S.IBRAHIM;9;28.3.1960;9;0
NAHKI;1;7.2.1970;1;0
SELETIN;2;24.8.1954;1;1
FERDEF;1;18.2.1958;1;0
ANZILE;3;27.10.1973;0;3
ZULKUFL;4;7.9.1945;4;0
NEYLIYE;1;4.6.1941;0;1
ZULEYAH;1;1.10.1976;0;1
RECAIZ;2;16.2.1939;2;0
MAZE;4;6.4.1955;0;4
MEVLEDDIN;2;8.4.1943;2;0
ZENUNET;1;26.11.1955;0;1
HUMGUSUM;1;23.2.1973;0;1
HULBEGEN;1;15.1.1988;0;1
SADRIDIN;3;19.1.1955;3;0
SAFFAH;1;20.3.1960;0;1
SEVINCAY;5;6.10.1969;0;5
REMZIKAR;1;8.7.1936;0;1
SOVDE;3;6.8.1946;0;3
NISLI;1;30.1.1947;0;1
MEYYET;12;22.9.1951;1;11
GULDAFIRET;2;23.8.1946;0;2
MUSADDER;1;6.10.1961;0;1
ZUBIHA;2;29.10.1952;0;2
DOHAN;1;18.12.1940;1;0
MUBANE;1;4.8.1951;0;1
RAFUDIYE;1;30.2.1939;0;1
FUDUL;4;17.5.1955;0;4
ZEVER;2;10.1.1963;1;1
LEMIYAZ;2;13.2.1953;2;0
HESIRET;1;21.2.1953;1;0
METEM;2;7.2.1984;0;2
GURSENEM;1;12.6.1958;0;1
FITTAS;2;26.5.1952;0;2
NECBEDDIN;3;12.1.1960;3;0
HAVSAN;37;14.5.1962;0;37
MERDAHA;1;4.5.1963;0;1
BEYNIZE;1;6.1.1957;0;1
TEHAR;2;11.9.1949;2;0
MEVLATTIN;1;11.11.1939;1;0
SARIHTE;1;23.1.1978;0;1
OLCAYTA;3;24.3.1956;3;0
ISMITEN;1;27.6.1938;0;1
RIKE;1;5.1.1933;0;1
PARASCHIVA;5;26.11.1967;0;5
FEZAHAT;4;15.2.1951;0;4
GAYENE;1;7.10.1976;0;1
SIMBA;1;29.8.1958;0;1
FEHRANAZ;1;30.9.1983;0;1
BERALIYE;1;1.10.1960;0;1
SUEDDE;1;29.9.1959;0;1
AVSE;4;1.6.1946;0;4
DILADER;2;20.2.1975;1;1
AVGUL;1;11.7.1981;0;1
SVITLANAN;1;1.8.1967;0;1
DILGEZ;1;27.2.1992;0;1
GULISMI;18;16.6.1963;0;18
MIKAYIM;2;4.4.1974;2;0
NEBINE;6;9.12.1966;0;6
HUSNIY;1;20.3.1968;0;1
LEVGA;6;29.8.1971;0;6
AFIYA;5;2.6.1969;0;5
ZUMBULA;1;4.8.1956;0;1
SEVADIYE;3;6.9.1972;0;3
OLKENAZ;5;5.4.1960;0;5
MERDIYAN;4;12.8.1972;0;4
DURKADUN;9;26.9.1966;0;9
NURUBEY;1;17.4.1973;1;0
NUTKUAY;1;5.4.1963;0;1
ZENNUK;2;19.7.1969;0;2
GIYASUDDIN;1;26.6.1983;1;0
SEMSIRUHA;1;22.6.1983;0;1
SERMIDAN;1;27.2.1968;0;1
LEBEHAT;1;27.12.1962;0;1
MAHADIN;2;28.4.1951;2;0
TEHRAN;3;19.4.1975;2;1
MAZIS;1;25.11.1966;0;1
NIHEYET;3;4.5.1968;0;3
MEFIYA;2;24.10.1967;0;2
MEZALE;2;11.4.1970;0;2
SUPHATULLAH;1;28.7.1967;1;0
MAVZAR;1;17.6.1960;0;1
MUFLIT;1;7.2.1976;1;0
SULVANE;1;19.11.1965;0;1
SOUAD;2;29.11.1975;0;2
SEREVT;1;19.11.1988;0;1
SECIYAT;1;9.4.1964;0;1
INSAH;1;17.8.1918;0;1
FERYANE;2;26.6.1942;0;2
SEVDEKARSAH;1;16.5.1965;1;0
SEVALAY;2;3.11.1976;0;2
MIRFET;5;30.1.1961;1;4
HUMMERYA;1;2.7.1979;0;1
GULEMSI;3;16.10.1959;0;3
ZAKIRA;2;5.6.1989;0;2
RAKKIP;1;22.7.1985;1;0
RAKIHE;1;27.2.1992;0;1
AYBENI;2;5.11.1988;0;2
BIRTUG;5;8.3.1983;3;2
NEBZETE;2;14.1.1980;0;2
SUMAL;1;22.8.1991;1;0
ABDULMERAF;1;18.8.1983;1;0
EMSER;6;1.5.1966;1;5
KUTAVER;1;2.8.1939;0;1
HUBAHAR;1;28.3.1962;0;1
FAIKTAMER;1;20.7.1978;1;0
ZUMZAN;1;21.2.1975;0;1
IANA;5;21.12.1978;0;5
KUSVER;5;2.4.1957;0;5
LAKIN;2;25.1.1973;2;0
GORISTAN;1;18.10.1979;0;1
ZEIDJAN;1;6.7.1977;0;1
SEMEYA;1;22.11.1973;0;1
ZEBUL;1;1.8.1974;1;0
KADIMALI;4;7.12.1955;4;0
SERENCI;2;16.5.1940;1;1
YESIME;7;16.11.1969;0;7
BINAMIN;9;23.10.1968;9;0
TERASA;1;20.9.1980;0;1
PUPULC;1;14.5.1948;0;1
UGURSAH;1;21.5.1982;0;1
INMAHAN;3;22.3.1961;0;3
NIKAZET;1;7.2.1952;0;1
EDAIM;1;12.2.1971;1;0
ROKSANA;3;1.10.1972;0;3
BEDRUDDUCA;1;2.6.1976;0;1
UTUYE;2;8.8.1964;0;2
SALIHZER;1;7.8.1934;0;1
AVZEM;4;2.12.1985;0;4
SELBIAY;1;21.1.1974;0;1
IYIOL;1;4.11.1938;0;1
ILHAMAN;1;21.4.1934;0;1
BEKALI;9;14.3.1959;9;0
MAHMUTHAKAN;1;10.3.1972;1;0
MAGNA;1;15.10.1957;0;1
BINIK;1;11.12.1951;0;1
GIZLIYE;1;27.2.1962;0;1
NEYLEN;1;24.7.1987;0;1
SILIN;1;28.2.1990;0;1
ZINEV;1;22.8.1949;0;1
FILGAN;3;29.9.1971;0;3
YETISTURK;2;28.10.1959;2;0
DOPER;1;21.12.1970;0;1
GENCIL;1;27.11.1973;0;1
EBULDERDA;1;19.3.1963;1;0
KIBRINAZ;22;4.6.1952;0;22
REVAYISE;1;23.4.1972;0;1
SAHZANAN;2;28.11.1934;0;2
PELIZET;1;17.2.1960;0;1
HASINET;2;9.7.1967;0;2
MERKIYE;1;18.2.1958;0;1
SAHBANE;4;1.7.1963;0;4
GURURKAN;1;12.5.1986;1;0
OZAKAN;1;1.2.1983;1;0
SABAHIN;3;8.2.1958;0;3
MEKKEI;1;11.11.1951;0;1
NEDIS;1;20.7.1951;0;1
SATLIN;2;8.5.1960;0;2
MUMESIR;1;22.9.1952;0;1
NARKAN;3;12.6.1978;1;2
KLAUS;1;5.12.1968;1;0
NEVENUR;1;23.2.1971;0;1
NUVRAT;1;14.10.1934;0;1
ABDULKADIRHAN;4;24.11.1986;4;0
ENBANIYE;1;21.1.1954;0;1
LEVANIYE;1;14.2.1962;0;1
RAHAMIM;3;7.5.1956;3;0
ZUNUR;2;27.4.1962;0;2
DEVET;1;6.2.1951;1;0
DILISA;2;11.4.1961;0;2
RESIDI;1;16.9.1970;1;0
EDLIRA;2;9.6.1977;0;2
DURSER;3;8.9.1965;1;2
OMERIHSAN;1;1.5.1955;1;0
BOZHAN;5;27.11.1972;5;0
FERIJA;2;19.9.1965;0;2
MERTIN;7;8.7.1979;6;1
CELHAN;2;19.4.1966;1;1
MUHTEREMNUR;5;22.10.1965;0;5
SEZAYIT;1;6.6.1963;1;0
ERSEGUHI;1;17.12.1932;0;1
NEZILA;3;13.11.1944;0;3
UMMUSEV;1;22.2.1961;0;1
HATCEN;1;15.12.1971;0;1
FERFUNDE;1;1.11.1974;0;1
FERHUME;1;24.7.1965;0;1
SITTIZEYNEP;1;12.2.1959;0;1
ZEYNON;1;6.5.1974;0;1
SEYRAMI;2;21.3.1956;2;0
CANTOP;1;4.6.1930;0;1
REZZAM;2;27.4.1972;1;1
UNZIRE;2;19.2.1965;0;2
ERTANK;1;19.5.1959;1;0
KALPDEN;2;24.2.1977;0;2
VELISER;5;4.11.1950;0;5
LILJANA;3;8.7.1973;0;3
RUNMAN;2;10.10.1959;0;2
NEDIGME;2;18.8.1971;0;2
REVHADDIN;1;7.8.1969;1;0
AYSAK;1;3.12.1970;0;1
SERMANI;1;4.3.1969;0;1
FERIGEZ;1;12.2.1965;0;1
UMMATHAN;1;2.8.1933;1;0
BIGAY;1;12.8.1935;0;1
BEYRAM;5;8.2.1968;5;0
HIBRIZE;2;11.5.1955;0;2
HURISIK;1;19.3.1960;0;1
AYNURSA;2;20.5.1983;0;2
MUZEKKIN;1;27.4.1956;0;1
SONEROL;1;29.4.1948;1;0
FARIDE;4;24.3.1942;0;4
ZULEJHA;1;30.4.1976;0;1
KEFUKI;1;2.2.1975;0;1
SEFKINAZE;1;22.8.1943;0;1
LYAZAM;1;1.8.1965;1;0
YAKUD;1;10.1.1961;1;0
KURTCEBENOYAN;1;16.4.1973;1;0
SITTIYGA;5;17.3.1959;0;5
FIZEHANIM;1;15.5.1935;0;1
HEDDIP;1;27.3.1952;0;1
SEMTGUL;1;1.1.1;0;1
SEKERGUL;4;27.11.1946;0;4
TEKKUL;2;9.12.1962;0;2
SEHIDEGUL;1;17.11.1952;0;1
RESHALETIHAN;1;12.8.1983;0;1
REVER;1;11.2.1980;1;0
NEBIAHMET;1;16.5.1946;1;0
SERKA;12;10.5.1948;0;12
SEVKIZAR;4;16.5.1951;0;4
HATICEGOZDE;1;12.6.1983;0;1
FLAMURE;1;26.12.1968;0;1
AZERENK;1;5.1.1986;0;1
KOYGUL;2;26.2.1976;0;2
BAYZIR;1;2.2.1963;1;0
ZERGIN;4;22.4.1954;0;4
EYSEN;5;20.5.1961;0;5
OZDIFET;1;16.8.1978;0;1
GULUCICEK;1;16.5.1982;0;1
SELAVDI;1;9.4.1967;1;0
GULZAYET;1;25.4.1975;0;1
ZEYNETUL;2;12.10.1973;0;2
RUKKEM;1;28.6.1974;0;1
ROVIDE;1;21.10.1963;0;1
AJSHE;1;24.1.1957;0;1
SEYZIYE;1;17.8.1966;0;1
DRITE;1;29.3.1975;0;1
ABASELET;1;1.12.1961;1;0
MOHRUZAT;1;4.5.1970;0;1
ZARBUNA;4;9.12.1967;4;0
ULRIYE;1;20.8.1969;0;1
IGIMBERDI;1;7.8.1982;1;0
GULYUZUM;1;27.3.1956;0;1
CANSUHAN;5;9.5.1990;1;4
SELAMETHAN;1;27.8.1986;0;1
KAIDE;16;21.7.1958;0;16
ADLIBAN;2;27.8.1926;0;2
EPIRZE;1;9.4.1971;0;1
FIRHUZZADE;1;27.5.1962;1;0
MIRZIYE;2;4.3.1952;0;2
NUHDU;2;20.3.1960;2;0
SERBULEN;1;6.3.1975;0;1
GULUMDEN;10;29.4.1980;0;10
HANCERBEY;1;27.12.1956;1;0
USUREF;2;15.6.1977;2;0
CEMADI;1;15.4.1975;1;0
MINEVERKA;1;30.11.1972;0;1
IDAET;5;27.6.1961;0;5
FERKAY;1;16.7.1978;1;0
AYSTE;1;1.4.1946;0;1
SAKA;2;4.1.1954;1;1
SEMSIBALI;1;5.7.1981;0;1
RAOUCHAN;1;7.12.1965;0;1
NUSREFIL;1;30.6.1970;1;0
SERANIYE;1;25.1.1979;0;1
HUSREG;1;5.12.1977;1;0
M.CESUR;2;15.2.1964;2;0
LEVHAN;1;2.8.1951;1;0
FERKA;5;13.7.1953;0;5
BIRSUNA;1;12.6.1983;0;1
NAZAHAN;2;24.4.1978;0;2
SEVDIBAHAR;1;23.5.1976;0;1
SEYITNEZIM;1;22.8.1969;1;0
RUHACAN;2;4.6.1951;1;1
HUKKES;4;14.11.1957;4;0
TEHAMMUL;1;22.6.1943;1;0
ALAITIN;1;7.8.1958;1;0
KADIRALPHAN;1;4.6.1970;1;0
UZRIYE;1;10.4.1966;0;1
NURALIHAN;1;19.8.1985;1;0
ELISHAN;3;7.3.1986;2;1
MINEVSE;2;2.10.1950;0;2
SERFILEN;1;15.3.1964;0;1
DUMRAT;2;30.12.1979;2;0
BILADET;2;20.5.1955;0;2
ELHEME;4;8.2.1973;0;4
SIRIMET;1;12.8.1965;1;0
CUHAT;2;24.1.1966;2;0
KUJTIME;1;26.9.1972;0;1
AYNELHAN;1;2.8.1951;0;1
LANCU;1;17.8.1930;1;0
MAKAY;1;7.8.1928;0;1
MAHIDER;2;17.3.1959;1;1
RAZIGA;1;21.3.1959;0;1
RESMIJE;3;22.4.1974;0;3
HUTIA;1;6.11.1969;0;1
EKEGUL;1;30.3.1956;0;1
PAMI;1;18.5.1944;0;1
ZEMERIYA;1;12.8.1947;0;1
BAYZE;1;12.8.1935;0;1
FLORIJE;1;23.1.1970;0;1
MELCE;2;29.4.1987;0;2
NICOL;1;7.1.1992;0;1
CANMIRZE;1;11.10.1976;1;0
NESBIYAN;1;6.5.1961;0;1
EMRIZAT;1;22.8.1955;0;1
M.ADIL;8;11.8.1944;8;0
RUMHAN;1;7.8.1952;0;1
GUKHER;1;19.5.1935;0;1
SUEN;2;26.5.1979;1;1
TEZI;1;6.5.1933;0;1
BESNNA;2;10.10.1980;0;2
DIYARIYA;1;17.5.1984;0;1
CURIHA;1;12.7.1971;0;1
ZIHAN;3;21.11.1952;1;2
HATTAT;4;15.6.1952;4;0
CUKAY;1;7.8.1928;0;1
M.IBRAHIM;4;6.6.1958;4;0
SAMSULISA;1;2.11.1959;0;1
ALISERHAT;1;7.7.1982;1;0
TURHILEHAN;1;22.8.1955;0;1
ABDULMINA;1;18.2.1959;1;0
AMANULLAHHAN;1;7.8.1952;1;0
RUITKA;2;5.1.1940;0;2
SAYFUNAZ;1;7.12.1956;0;1
MOLDIR;1;25.9.1970;0;1
RAGBE;4;30.11.1948;0;4
KAMEY;1;27.8.1932;0;1
SAKIBAZ;1;2.8.1933;0;1
CAHIDULLAH;1;17.9.1990;1;0
BABURRAHMAN;1;27.2.1956;1;0
RASULYA;1;14.2.1973;0;1
KEVAN;1;13.8.1977;1;0
ATAYUZ;1;18.7.1982;1;0
TEMRAS;1;7.4.1952;1;0
BARTISHA;1;7.1.1957;0;1
BULUZAR;1;26.9.1942;0;1
ANNETTA;2;30.5.1934;0;2
ZULEYCE;1;11.9.1961;0;1
NURHIS;2;8.12.1974;0;2
SAZINUR;6;27.5.1963;0;6
SALO;5;6.10.1950;0;5
HUMYAK;1;28.4.1936;1;0
URER;4;12.6.1948;3;1
REMIT;2;18.9.1938;2;0
MINASAGAN;1;15.7.1961;1;0
BEYTIYA;2;10.9.1965;0;2
AKILAY;1;26.9.1989;0;1
ALYAN;4;11.2.1969;0;4
HENDO;2;16.9.1948;0;2
DIRAYE;1;27.4.1953;0;1
SEMIHABEGUM;1;3.12.1984;0;1
NEFHISE;1;7.8.1940;0;1
ISPAKNUR;1;7.8.1946;0;1
OLTEN;1;22.9.1966;1;0
YUGSA;2;17.7.1983;2;0
ALIGUNER;1;21.9.1935;1;0
GULCIK;1;25.1.1949;0;1
SANGIZ;1;22.11.1941;1;0
GOKTURKUN;1;14.4.1975;1;0
SENIJA;1;17.9.1960;0;1
HENDA;4;14.4.1953;0;4
NESEFI;3;13.8.1946;3;0
BUSHRA;2;7.8.1970;0;2
ZAHRATTIN;2;19.3.1957;2;0
ISTAYANSO;1;12.10.1945;1;0
GULLUZAN;2;17.2.1975;0;2
GAMZEAY;1;29.6.1969;0;1
TUFLIYE;2;20.1.1953;0;2
ZENIAH;1;21.2.1968;0;1
LATIFIHAN;1;12.8.1929;0;1
INIPIHAN;2;30.11.1980;0;2
MUSAHMETTIN;1;24.11.1970;1;0
SEBE;5;22.5.1944;1;4
MIRSAAT;1;4.3.1968;1;0
MUHAMMAT;3;11.10.1983;3;0
ABDULCANAN;1;21.6.1970;1;0
IYDEM;3;28.9.1987;0;3
KUBIYE;1;7.2.1952;0;1
IZAL;2;3.2.1958;1;1
MAYLI;1;2.4.1940;0;1
KORGUT;3;7.5.1942;3;0
HAFZE;5;1.6.1952;0;5
LJULJZIME;1;17.10.1969;0;1
SENIKA;6;3.5.1964;0;6
BILGIZ;4;29.6.1966;0;4
YENAN;2;8.9.1977;2;0
PERINISE;1;6.8.1949;0;1
PATIGULI;2;4.3.1976;0;2
FIKRITTIN;2;9.11.1947;2;0
AYSEFUL;1;7.8.1982;0;1
SEVTIN;23;12.1.1973;23;0
CHRMIN;1;15.8.1971;0;1
AGCANIHAL;1;22.10.1984;0;1
SENDU;1;2.10.1964;1;0
MUFFET;1;14.2.1977;0;1
BECAHAT;1;24.1.1951;0;1
KAICAN;1;2.8.1939;0;1
DERINKA;1;2.10.1936;0;1
NURINNISSA;2;26.1.1968;0;2
GUNEYLA;5;5.1.1970;0;5
HATIVE;4;16.12.1964;0;4
BEHCIYE;6;6.7.1955;0;6
URALKAN;1;22.8.1919;0;1
MAHPIRAT;1;12.8.1965;0;1
KAPURAN;1;22.8.1943;0;1
ZAIMHAN;1;2.8.1939;0;1
BESUR;4;15.9.1972;4;0
SAMHI;1;11.8.1957;1;0
MUFTELI;1;9.8.1964;0;1
ALIISTAN;1;26.2.1947;1;0
DONSENE;12;4.1.1975;0;12
GULEKSEN;2;18.4.1982;0;2
SENYILMAZ;1;24.3.1943;1;0
GIOULKHANOM;1;26.3.1954;0;1
CANTU;2;27.12.1990;2;0
UZEFE;1;17.5.1972;0;1
ATIBA;2;6.1.1961;0;2
ZINIFE;2;29.2.1958;0;2
FLORICICA;3;13.10.1970;0;3
GULETTER;1;19.12.1970;0;1
ZERIPE;1;7.2.1976;0;1
DILBERAN;1;15.1.1976;0;1
NIDAUL;1;14.3.1990;0;1
AAZAM;1;15.5.1983;0;1
ALAYTTIN;1;7.4.1975;1;0
REJDI;1;28.9.1959;1;0
TUCAL;1;29.11.1975;1;0
HIKMINAZ;2;17.9.1945;0;2
HANUMU;1;2.8.1921;0;1
IRIYE;2;17.8.1954;0;2
FRANSER;1;7.8.1922;1;0
MUSERIFE;2;28.11.1952;0;2
HYUSUIE;1;3.12.1974;0;1
CELBIYE;5;18.7.1961;0;5
BENIYAM;1;29.11.1960;1;0
SATETTIN;1;11.1.1980;1;0
ZIKRIE;2;26.9.1956;0;2
KOSTU;2;11.4.1958;1;1
OZGULMAHPERI;1;6.11.1977;0;1
BECHIYE;1;1.7.1969;0;1
IPARHANIM;1;20.8.1977;0;1
MIDA;1;19.4.1978;1;0
HANDIYE;1;7.5.1939;0;1
MUDAVET;8;16.8.1955;2;6
ARMUZE;1;27.11.1936;0;1
AMANNISA;1;28.6.1991;0;1
SEBUK;3;23.6.1966;2;1
BINAMLI;1;12.2.1957;1;0
MIRIHA;1;24.9.1968;0;1
BAREDDIN;6;8.10.1965;6;0
OBUL;1;17.8.1978;1;0
ISMIRA;3;14.9.1982;0;3
SENSUVAR;1;7.12.1964;1;0
EMNUGULSUN;1;28.11.1970;0;1
GULKALEMHAN;1;9.1.1966;0;1
NURSEVEL;3;15.2.1980;0;3
ASKAL;1;16.5.1980;1;0
HASANIE;1;18.8.1934;0;1
GULYER;2;8.4.1973;0;2
UMMUYER;1;28.12.1955;0;1
MUHTEBEL;3;9.4.1969;0;3
BUSI;2;24.8.1945;0;2
AZZEGUL;5;17.6.1958;0;5
FUDAVER;1;1.8.1956;1;0
BURCUARZU;1;16.11.1981;0;1
NEVAN;2;6.12.1953;0;2
MERGIS;1;15.11.1975;0;1
SUYLUHA;1;12.3.1953;0;1
GOKSA;2;23.3.1977;0;2
EKTA;1;12.2.1971;1;0
ORHANSEYFI;1;7.1.1977;1;0
AYDINTEN;3;13.9.1951;0;3
AREFETTIN;2;19.3.1961;2;0
REBIGULI;1;26.11.1973;0;1
NURIKYAN;1;24.5.1981;1;0
ALEKANDRU;1;6.3.1991;1;0
KURANYE;1;2.2.1981;0;1
CANIFE;3;24.4.1958;0;3
MALLIA;1;15.1.1967;1;0
AZIS;3;6.9.1955;3;0
MEHRUBEN;1;27.10.1974;0;1
GOKCI;1;7.2.1958;0;1
BERGER;1;16.8.1982;1;0
INDJIHAN;1;5.5.1980;0;1
GULSEBIYE;1;2.2.1957;0;1
PUREZ;1;26.2.1946;0;1
GULHORU;6;30.6.1949;0;6
ENISHAN;4;23.2.1988;4;0
ELANA;6;28.11.1975;0;6
DERYAEBRU;1;18.12.1989;0;1
ZARINABI;1;5.12.1964;0;1
VECIAT;1;5.5.1962;0;1
TULAYBIRSEN;1;25.3.1961;0;1
CEVATDIN;1;28.10.1961;1;0
YANVER;1;16.1.1982;1;0
BUHAYIT;2;13.3.1966;0;2
GULSENAM;4;17.12.1961;0;4
NEJATIN;2;5.3.1961;2;0
REYIFE;4;23.8.1969;0;4
RAFIHAN;1;15.5.1990;0;1
MEBRU;7;30.4.1977;3;4
DOGANHAN;2;21.3.1989;2;0
TANRISEVER;3;27.8.1965;2;1
HELIMSAH;2;4.3.1951;2;0
VAHINE;1;2.7.1952;0;1
MUGIY;1;28.2.1956;0;1
HASIBEBERRIN;1;12.7.1966;0;1
RUFITAT;1;7.7.1934;0;1
EMIRSAN;3;5.2.1967;3;0
SIHSAIT;4;8.12.1968;4;0
MUBIYAN;1;10.6.1963;0;1
ABDIHADI;1;7.8.1952;1;0
ABUZZIYA;1;4.5.1963;1;0
SEMARAN;2;19.8.1959;0;2
YUSREN;5;20.8.1965;1;4
SECIP;2;14.3.1960;1;1
CIRAIL;1;2.2.1951;1;0
OKTAYCEM;1;3.2.1973;1;0
HUNIZAT;1;17.2.1948;0;1
GULBAISE;1;30.4.1948;0;1
ZULABIT;1;13.7.1972;1;0
SALUF;1;22.8.1931;1;0
SELLUR;3;4.10.1957;0;3
BANAN;2;7.4.1985;0;2
EDULLE;1;18.2.1956;0;1
ERBISIM;16;12.5.1956;0;16
SUPE;1;13.3.1977;0;1
GULDIGAR;3;30.11.1967;0;3
MURBE;1;17.10.1964;0;1
UMAMET;1;7.7.1945;0;1
MERAI;1;3.1.1959;0;1
TURALAY;9;17.3.1969;9;0
RUSUBE;1;23.6.1948;0;1
KILURYE;1;18.4.1973;0;1
UCESTE;6;20.4.1951;0;6
ELPEZYA;2;8.11.1977;0;2
GOKFEN;2;1.11.1975;1;1
PESTAVERIN;1;27.3.1974;0;1
UMBIL;1;17.8.1960;0;1
MUCAYITTIN;1;1.2.1974;1;0
HAPBEZE;1;2.4.1950;0;1
DAREN;1;7.2.1964;0;1
BULKEYIS;6;19.3.1949;0;6
GULENTEN;2;27.11.1955;0;2
HAZLI;1;11.2.1980;1;0
KADUR;8;15.7.1959;8;0
SAHIRNAZ;5;12.5.1967;0;5
TAVUSGUL;1;11.5.1975;0;1
NETCAR;2;10.9.1973;2;0
ESMEHANIM;7;8.12.1954;0;7
RUGEYYE;8;8.8.1986;0;8
TEGMEZ;1;28.1.1940;1;0
SASADE;8;2.11.1947;0;8
REFAYET;2;25.2.1968;1;1
SAFIBEY;2;21.9.1956;2;0
PERIHEZ;1;22.2.1973;0;1
MUAHIDE;1;30.7.1971;0;1
RANDIHAN;1;17.2.1966;0;1
GILEBEYIM;1;21.4.1953;0;1
TEYDE;2;6.2.1966;0;2
MEHMETFIKRI;1;7.10.1950;1;0
MAHIYETTIN;3;9.10.1973;3;0
NISANBIR;1;22.9.1982;0;1
MIREBCET;1;21.5.1970;1;0
CEVATIYE;4;13.11.1971;0;4
ESMENDIYAR;3;28.10.1954;3;0
NAZLIBEYIM;1;15.3.1945;0;1
ECEMEN;1;1.5.1980;1;0
DINISEVER;1;23.5.1977;0;1
GULANFER;2;4.6.1970;0;2
ULAETTIN;1;17.12.1960;1;0
MENEKE;1;21.11.1968;0;1
VESILAH;2;23.9.1967;0;2
NADO;6;28.6.1946;2;4
EDEFIYE;6;23.6.1950;0;6
MUFERRIYA;2;6.7.1960;0;2
MUZEYYE;11;26.1.1966;0;11
ABDULLAHKERIM;2;19.8.1970;2;0
BIRAYSEL;1;1.9.1985;0;1
MEMIKE;1;2.3.1957;0;1
JILAY;1;22.1.1983;0;1
M.ERDAL;3;13.1.1973;3;0
MUBETCAL;1;23.1.1978;0;1
HARBEDDIN;3;16.7.1972;3;0
FACIHA;1;11.6.1981;0;1
OKCEM;1;5.6.1967;1;0
IYASETTIN;2;29.1.1947;2;0
NERME;4;7.10.1950;0;4
LAZIFE;7;12.8.1953;0;7
NURFIYET;1;29.7.1950;0;1
DAMAT;5;12.8.1954;5;0
ZEFIDE;11;26.4.1951;0;11
MENIDI;1;27.5.1950;0;1
AYSESEN;10;21.11.1964;0;10
DERYAMIN;3;11.1.1964;3;0
MUNTEZAR;1;28.2.1990;1;0
EPLAZ;1;3.7.1950;0;1
SEKNAR;1;5.7.1953;0;1
MULSEL;1;7.3.1964;1;0
MUREHET;1;23.2.1958;0;1
CENDER;3;22.12.1973;3;0
BAFAR;2;26.2.1948;1;1
KAVE;2;11.11.1951;0;2
ABDULALIL;2;30.5.1969;2;0
GUNESOLCAY;1;9.5.1953;0;1
MELSIMA;1;17.3.1942;0;1
MAHFUSIYE;3;26.8.1982;0;3
TAMARIYA;4;29.6.1943;0;4
VERMIDE;1;20.3.1969;0;1
EHEDDIN;1;9.2.1966;1;0
NIYASEL;3;20.7.1971;0;3
CESURTURK;1;21.11.1974;1;0
MUJI;1;29.2.1973;0;1
ALIPOLAT;2;13.12.1986;2;0
ALTUNAGA;1;22.9.1961;1;0
MESMEGUL;3;6.2.1966;0;3
PAKUZAR;1;21.5.1948;0;1
FAADIYE;1;6.6.1976;0;1
GUVESIL;1;27.2.1968;0;1
IZAVIYE;1;17.8.1954;0;1
KURTUMER;1;24.10.1955;1;0
NACIVE;1;17.7.1947;0;1
INBIL;1;19.9.1965;0;1
MEYBUT;1;14.7.1966;1;0
MEHMETMUSA;1;12.5.1987;1;0
YATANGUL;2;1.6.1966;0;2
HASBATTON;2;26.4.1948;0;2
MUAHDER;1;1.11.1982;0;1
TANIRE;2;20.4.1971;0;2
EBELFEZ;1;24.11.1987;1;0
TOKYA;1;1.2.1946;0;1
LOKMA;1;16.9.1982;1;0
ICAP;7;9.8.1966;5;2
NIBAHA;1;26.1.1969;0;1
SONAMZER;5;12.1.1959;0;5
EMIRKULU;1;9.2.1972;1;0
IZBAH;3;8.11.1979;3;0
DENURA;1;4.1.1951;0;1
ERDAVUT;4;14.3.1972;4;0
ZEVRE;3;21.5.1956;0;3
YEMINI;8;18.3.1970;8;0
BASYUREK;2;9.1.1967;2;0
LEHABIR;1;16.4.1981;0;1
EMRUHA;4;7.4.1975;0;4
DOLGAHAN;1;21.3.1983;1;0
M.IRFAN;4;22.1.1952;4;0
FEHTAH;2;17.2.1972;2;0
MUHTARALI;4;20.10.1970;4;0
ALIESGER;1;22.10.1986;1;0
SENIYEN;1;2.2.1957;0;1
NESRIET;1;21.6.1966;0;1
SUNASINIC;1;17.10.1966;0;1
ZEHRABEYIM;1;10.10.1965;0;1
MERDIM;8;24.1.1961;3;5
SAFIME;3;6.9.1956;0;3
MUCESIM;1;16.6.1961;0;1
FEMINDAR;2;19.4.1957;2;0
YILDAR;4;25.6.1969;3;1
IJLEN;1;27.10.1979;0;1
ILKDEN;3;22.9.1964;1;2
LEYLABEYIM;1;27.2.1974;0;1
NAGDELI;1;2.6.1984;1;0
ABULFAZIL;1;24.3.1929;1;0
SEBIRALI;1;2.2.1957;1;0
HUNES;2;29.11.1973;0;2
MUNUZE;2;17.3.1952;0;2
MEHMETVELI;5;16.10.1963;5;0
EGEMENT;1;7.6.1971;1;0
MAZAHAN;1;14.10.1949;1;0
NUGER;3;10.6.1954;0;3
MADIHE;10;25.5.1974;0;10
ZERIFCAN;1;11.2.1979;0;1
HAKIMEGULNAZ;1;3.5.1975;0;1
COYDAR;1;16.12.1978;1;0
SINANBEY;1;3.2.1970;1;0
PAKISAH;2;24.9.1965;0;2
CUMSUT;1;30.1.1952;1;0
SABAHGULU;2;23.2.1968;0;2
NAZEMTE;1;17.2.1966;0;1
GULFIYAN;4;21.1.1966;0;4
URFAYA;1;11.5.1973;0;1
SEVMINUR;2;16.1.1965;0;2
IMMILBANI;5;14.9.1952;0;5
YADALI;1;7.6.1981;1;0
LISAM;1;12.6.1946;1;0
MAPIP;1;5.4.1959;0;1
NAHIYEDDIN;2;14.3.1962;2;0
HUFLAT;1;21.10.1935;1;0
DOMINE;1;1.4.1979;0;1
ARAFFETTIN;1;1.3.1972;1;0
KIMYO;1;13.3.1965;0;1
BEHISDI;1;22.11.1985;1;0
NILSERAY;1;26.3.1990;0;1
HUMURYA;2;27.3.1974;0;2
SEYFEN;1;23.12.1939;0;1
ISPALA;1;7.3.1953;0;1
FAYYIME;2;23.6.1968;0;2
ATABEG;3;30.7.1967;3;0
MAZRUFE;8;29.8.1942;0;8
NURTAMAM;2;8.1.1976;0;2
TEVEKUL;7;5.12.1964;5;2
BILENAZ;1;22.2.1967;0;1
HAGIYE;1;22.2.1955;0;1
SILFAHAN;1;27.7.1956;0;1
MASALLAN;1;16.1.1990;1;0
FILLIZAN;1;3.6.1963;0;1
TILFIYE;1;14.1.1979;0;1
FIKIRHAN;1;12.5.1978;0;1
ORMANSAH;6;27.12.1961;6;0
TURKANCAN;1;12.7.1961;0;1
SACCET;1;30.7.1991;1;0
URBUYE;4;26.9.1958;0;4
MUHRADIYE;1;21.3.1953;0;1
REDAT;3;13.12.1960;2;1
HUSNUSEN;2;12.9.1953;0;2
MUFERRE;1;27.11.1979;0;1
CEVAIDDIN;3;28.1.1956;3;0
BERBAT;1;21.6.1970;1;0
RAGIFE;3;27.10.1951;0;3
DIVRAN;1;7.3.1988;0;1
BAHAREH;1;27.4.1982;0;1
HUNUSA;1;13.10.1982;0;1
BAYZET;1;21.4.1977;1;0
PERVVADDIN;1;12.8.1929;1;0
NURYAZDAN;1;14.3.1942;0;1
SAHANALI;2;24.9.1945;2;0
SUMYE;2;1.8.1990;0;2
MAYNAZ;7;25.1.1961;0;7
TUGRAHAN;3;16.2.1990;3;0
FADME;3;29.10.1974;0;3
YURDUSEVEN;3;2.4.1960;0;3
CEMEZ;2;11.9.1948;2;0
KULUSTAN;2;2.12.1926;0;2
NERGUZER;7;21.2.1958;0;7
KEVZAR;1;17.2.1948;0;1
TAMAS;5;30.9.1959;1;4
TUKKEZZIBAN;1;27.5.1953;0;1
CAHATTIN;3;22.9.1960;3;0
MOYTEBER;2;2.11.1957;0;2
FAHRA;2;16.11.1965;0;2
ULKENAZ;1;23.11.1953;0;1
SEYNE;9;29.1.1966;0;9
SERBILIND;3;12.7.1981;3;0
RAHIMEH;1;22.4.1942;0;1
MURATKAN;2;16.6.1980;2;0
YAVEZ;1;4.1.1972;1;0
ZOHREBANI;1;19.1.1952;0;1
NARGOZEL;1;24.3.1953;0;1
MUSCAN;5;23.1.1965;1;4
GULEYLAN;2;20.8.1970;0;2
FERGA;5;28.4.1975;0;5
MELAHATIN;1;7.12.1964;0;1
BEYSAFE;2;14.9.1963;2;0
KIZLARBEGIM;1;2.2.1951;0;1
HICIZETTIN;1;19.10.1949;1;0
BAYARM;1;2.5.1975;1;0
REZAT;2;19.5.1964;2;0
ENCAP;2;6.6.1957;2;0
GULALANDAN;1;22.2.1955;0;1
TURKYASA;16;14.6.1970;16;0
BIRCAY;6;12.12.1974;2;4
AKKAY;1;2.9.1979;1;0
JORDANKA;1;18.5.1958;0;1
MEHSINE;3;19.5.1976;0;3
NIYALE;1;26.2.1947;0;1
NAKYEDDIN;1;7.6.1958;1;0
BERCEN;2;22.4.1989;0;2
YIMAZ;2;16.3.1978;2;0
NELMI;1;6.6.1956;1;0
MIYTI;1;1.2.1937;1;0
SIYASIT;1;6.10.1984;0;1
NUZHIYE;1;12.7.1943;0;1
MERDINUR;3;27.12.1981;1;2
HUMNISAN;1;10.11.1974;0;1
NESFE;14;19.1.1962;0;14
ESIFE;21;26.1.1961;0;21
MECSURE;1;7.2.1976;0;1
HAMASA;4;2.9.1954;1;3
SECMENGUL;1;6.3.1980;0;1
HUSNUYAN;1;16.2.1968;0;1
NEVCIN;2;8.8.1980;0;2
AYANGUL;3;11.4.1964;0;3
ILMEKAN;1;6.10.1966;0;1
MOLLAMUSA;1;14.3.1972;1;0
SUREDDIN;10;15.8.1956;9;1
HESIFE;2;28.1.1961;0;2
MUSECEDE;1;27.5.1973;0;1
COSER;2;27.5.1966;2;0
VAHIS;2;26.4.1967;1;1
SINYAMI;6;9.10.1976;6;0
SAHMILE;3;1.10.1940;0;3
MIDAIR;1;19.6.1954;1;0
NINIS;1;7.7.1957;0;1
GULORCAN;1;1.11.1980;1;0
BERFAN;1;7.2.1988;1;0
ILMUHA;1;17.8.1972;1;0
ZEYKO;1;11.9.1982;1;0
FIZAY;1;5.11.1975;0;1
SUPIHAN;1;15.2.1971;1;0
NURKUL;3;18.6.1973;0;3
CENDIHAR;2;24.4.1954;0;2
UNHAK;1;26.8.1984;1;0
SUHYIME;1;19.3.1968;0;1
SINASEDDIN;1;8.7.1970;1;0
NESARETTIN;2;12.6.1971;2;0
SENNIYE;2;17.11.1947;0;2
OGMEN;10;19.4.1982;9;1
GULTEKINE;1;25.3.1967;0;1
VEJLI;1;8.4.1946;1;0
SAHSIBAN;10;21.5.1962;0;10
SAHRINUR;2;9.12.1961;0;2
MURESSE;1;24.6.1931;0;1
SAHNAVAT;3;22.3.1961;0;3
SUPHIVE;1;1.11.1967;0;1
EMMUS;2;4.7.1955;0;2
ERBULAK;1;22.2.1985;1;0
MESIMINUR;1;23.3.1967;0;1
KAMETIYA;1;21.1.1947;0;1
NESEVE;1;16.7.1976;0;1
TELER;1;5.6.1969;0;1
SELLAY;1;1.3.1949;0;1
KIPIRIYE;1;26.6.1964;0;1
BELISER;1;21.5.1958;0;1
MUZARET;2;1.1.1963;2;0
NIKRETTIN;1;1.7.1943;1;0
EVDAT;2;7.4.1962;1;1
ZULCUF;1;1.10.1966;1;0
FATIMETIZ;2;29.4.1969;0;2
NACIR;4;3.2.1957;4;0
TURKYUZ;1;26.4.1963;0;1
SAATIYE;1;10.9.1968;0;1
GEFUR;5;2.6.1968;5;0
CUVEYE;2;26.1.1952;0;2
GULUMSEREN;1;2.3.1957;0;1
TECNUR;1;2.4.1975;1;0
EMALEDDIN;1;27.2.1956;1;0
ALIVAROL;1;22.12.1966;1;0
LAHIYA;2;5.10.1972;0;2
TULAYGUL;1;22.3.1969;0;1
SAHADETDIN;3;24.6.1964;3;0
SONNICE;1;11.11.1984;0;1
MEHMETHADIM;1;11.7.1951;1;0
ZEVDAYI;1;2.10.1974;1;0
CANAS;1;28.9.1980;0;1
YAVUZALI;2;11.5.1970;2;0
SEVDEKER;3;29.10.1971;3;0
SELVIZAR;4;15.11.1972;0;4
MEHDIALI;1;10.5.1960;1;0
NEFTEL;1;22.3.1973;1;0
UBBADE;1;27.6.1972;1;0
KARGUL;3;12.1.1971;0;3
GUNAYA;1;2.2.1975;0;1
MELEKSA;16;19.8.1977;0;16
TATILA;1;27.7.1955;0;1
ZIYADHAN;1;28.3.1963;1;0
AHMETBIN;1;14.9.1990;1;0
OZUGUR;2;26.4.1965;2;0
SAHSIYEGUZELI;1;8.2.1974;0;1
MENKURA;1;11.4.1975;0;1
SONMELEK;5;21.8.1978;0;5
PERMI;3;19.6.1960;0;3
CANAYAZ;1;4.12.1982;1;0
SAKINEGUL;4;16.3.1966;0;4
ONARSLAN;1;22.3.1967;1;0
IKRAMEDIN;4;10.5.1957;4;0
ESEMGUL;2;19.7.1971;0;2
RABBANE;2;1.10.1971;2;0
SURRAYE;1;28.12.1977;0;1
GULEFRUZ;3;3.3.1944;0;3
HATUL;2;4.11.1961;0;2
FEREKNAZ;3;19.12.1941;0;3
ZULUABIDIN;1;4.5.1959;1;0
ADNANMECIT;1;5.1.1977;1;0
KUNKUL;1;30.6.1974;0;1
ESMECAN;6;3.5.1975;0;6
RUHEYDAN;1;7.8.1946;0;1
MUREY;1;6.11.1982;1;0
MULIH;1;2.2.1957;1;0
SAFANIYE;16;7.1.1958;0;16
MUTEKIT;1;19.11.1985;1;0
SAMHUN;1;16.11.1988;1;0
ERGINAR;2;22.1.1978;0;2
FILIZCAN;2;8.12.1953;1;1
AZEMINA;4;22.7.1961;0;4
TEFUYE;1;4.4.1941;0;1
ISMULLAH;2;17.4.1979;2;0
NURIE;7;24.7.1977;0;7
A.IDRIS;1;12.2.1959;1;0
GULSEMRI;1;20.8.1967;0;1
NAZMILE;1;26.9.1972;0;1
HUSNAT;2;5.12.1948;0;2
TEMAYUL;2;29.8.1960;1;1
MASUNUR;1;11.2.1956;0;1
NAJILE;1;10.3.1964;0;1
FURUZA;4;22.5.1976;0;4
BARISMAN;2;30.3.1977;1;1
MEIDET;1;4.9.1963;0;1
GULDUN;2;27.3.1952;0;2
HIKMEDIYE;2;14.12.1947;0;2
DEMGU;1;13.4.1981;0;1
BASNUR;1;12.3.1963;0;1
SUNATURK;1;27.4.1973;0;1
MONNIK;1;3.11.1960;0;1
M.VAKIF;1;8.10.1940;1;0
GULCUVAN;4;4.7.1966;0;4
YUKET;1;14.6.1968;0;1
EBAHULEYLI;1;26.7.1972;1;0
NURDUHAN;3;12.3.1970;1;2
SAITBATTAL;3;28.3.1968;3;0
VEFIYA;2;22.10.1972;0;2
SEYLAM;3;30.5.1976;0;3
ALAYIDIN;2;29.8.1953;2;0
GULSOSAN;3;16.11.1960;0;3
HURIMET;3;29.5.1970;0;3
BILALIM;1;20.7.1970;1;0
NALLIHAN;2;11.3.1973;0;2
AMANI;1;19.3.1991;0;1
SARFINE;1;16.8.1963;0;1
AYSEP;1;16.2.1961;0;1
MEHMETRAHMI;1;22.9.1979;1;0
BILYAR;6;12.6.1957;0;6
TUGRAC;1;10.9.1990;1;0
DAYLET;1;2.2.1957;0;1
ADILMEMET;1;28.3.1959;1;0
NUREFE;1;27.2.1944;0;1
VELAEDDIN;1;2.1.1961;1;0
DERRAR;4;15.6.1952;4;0
MEVIZ;2;25.7.1985;0;2
DONEKIZ;2;16.1.979;0;2
EMINEHANDAN;1;11.3.1982;0;1
MIYADIN;3;26.9.1974;3;0
TAKSIMAN;2;18.10.1980;0;2
EBICEYAN;1;27.8.1926;1;0
KANDIFER;5;8.4.1951;3;2
AGIN;5;23.10.1974;5;0
NEJIBIR;1;22.4.1991;0;1
NEYRUZ;2;26.2.1986;0;2
HAKIB;1;22.10.1982;1;0
USENK;1;23.3.1991;1;0
IZBEYDE;1;3.3.1969;0;1
BEJDAR;8;12.7.1986;8;0
SOYMEZ;1;13.3.1977;0;1
NASIBULLAH;5;25.3.1957;5;0
MUHTAHA;1;27.2.1962;0;1
FETHULLAR;1;19.2.1981;1;0
TANKER;1;10.1.1954;1;0
IBRAHIMDEDE;1;22.12.1969;1;0
FELIYA;1;7.4.1970;0;1
SEFAIN;3;17.10.1965;3;0
MILIYAR;2;15.6.1966;0;2
BINAFS;1;6.5.1990;0;1
FATICAN;1;13.10.1988;1;0
ARARET;1;17.1.1992;0;1
EYNADIN;1;6.9.1987;1;0
MERARIYE;1;1.9.1980;0;1
FADLETTIN;1;27.3.1974;1;0
BEKKAN;1;16.11.1964;1;0
LUSEL;1;30.2.1947;0;1
KARCIN;1;12.5.1941;0;1
GALNAZ;1;6.5.1979;0;1
ZITKI;1;22.2.1967;1;0
INTAC;2;6.11.1972;2;0
REKKIE;1;28.5.1961;0;1
FATUSE;1;26.12.1944;0;1
CILKEZI;6;27.11.1958;0;6
URDES;2;20.4.1949;0;2
TEHVIDE;8;27.3.1972;0;8
BERICE;6;12.2.1972;0;6
VAFADIN;2;10.3.1975;2;0
BAYSSE;2;13.1.1967;0;2
GHIULDAN;1;12.8.1965;0;1
EYLIHAN;1;16.10.1962;0;1
KUMET;3;7.9.1959;1;2
SIRINO;1;20.7.1980;1;0
NAZETA;1;6.11.1973;0;1
SUGUBE;1;19.7.1968;0;1
CIVADIYE;2;1.9.1958;0;2
SEYTGUL;1;17.2.1972;1;0
YARIMSAH;2;10.1.1976;0;2
PASADDIN;1;22.3.1967;1;0
LOZA;4;10.11.1951;0;4
VENGIZ;1;5.1.1977;1;0
REFIATE;2;22.7.1976;0;2
ZAKORKA;1;17.8.1948;0;1
BAFTE;1;17.8.1942;0;1
LUTFUAY;1;1.6.1977;1;0
NEVAZ;3;2.8.1964;1;2
MEDISA;4;1.1.1977;0;4
TUNAAY;1;22.8.1955;0;1
MIRIKE;1;13.1.1981;0;1
GOLBIN;1;15.10.1991;0;1
LIBAP;1;24.10.1960;0;1
AHHMET;1;12.1.1983;1;0
ZEYZEN;2;15.9.1983;0;2
GARUR;1;1.10.1977;1;0
GAMSIN;1;22.6.1991;0;1
BAYRETE;4;27.8.1966;0;4
ZEMRATA;1;2.11.1963;0;1
MUBAYAT;1;7.11.1964;0;1
YESRIM;1;14.8.1979;1;0
DOGAHAN;3;22.6.1989;3;0
GULSINER;1;22.3.1955;0;1
REIN;1;25.2.1947;0;1
GULFURUZI;1;4.6.1960;0;1
DIKAN;4;8.1.1969;3;1
FARAYSA;1;30.8.1990;0;1
SAFETTKA;1;7.8.1958;0;1
SITIRK;1;24.6.1973;0;1
SEHINA;2;20.8.1987;0;2
NEYRUZE;1;21.5.1983;0;1
MELTIN;3;24.2.1966;0;3
LUTFIAN;1;14.9.1971;1;0
MUSAMIN;1;17.6.1966;0;1
NIHAYAT;1;3.7.1968;0;1
DICLIHAN;3;21.8.1961;0;3
NURSABI;1;1.6.1989;1;0
ZEYNATA;2;6.3.1970;0;2
UMSAL;3;27.9.1975;3;0
HOSEN;4;3.3.1959;4;0
ZIRRO;2;25.8.1953;0;2
GULESENK;1;6.11.1984;0;1
HEDIGER;1;22.2.1985;0;1
ZEKEYIYE;1;27.1.1962;0;1
SONEM;3;30.8.1978;1;2
NEZANAT;1;23.1.1970;0;1
HIDI;1;2.1.1962;0;1
RUTVER;1;1.9.1972;1;0
SEVAFE;1;12.3.1986;0;1
MEZAFFER;1;11.11.1991;1;0
MUTTER;1;9.12.1963;0;1
DITIN;4;16.7.1954;0;4
NURRAY;1;24.8.1976;0;1
TENZIBE;1;7.2.1952;0;1
EBREZE;1;12.2.1977;0;1
CIBRAHIL;2;26.7.1975;2;0
SEADIN;5;8.3.1950;4;1
HUBRINAZ;1;16.4.1959;0;1
HLATA;1;2.6.1980;0;1
BUNYAMMIN;1;12.3.1989;1;0
GJULSEVER;1;9.4.1971;0;1
KAYNATA;1;6.7.1967;0;1
KHALLATA;1;13.6.1976;0;1
TANCAHAN;1;6.3.1963;0;1
FIYZULLAH;2;21.2.1961;2;0
SABUS;1;10.12.1929;0;1
SULYEMAN;2;4.1.1979;2;0
MUCRET;2;14.9.1953;1;1
GULHET;1;17.2.1966;0;1
SADBEK;2;4.6.1953;0;2
LIFA;3;28.12.1961;0;3
KETEUL;1;1.12.1973;0;1
SEYRINAZ;2;17.4.1986;0;2
RUNIYE;2;30.11.1971;0;2
SENPATI;1;14.2.1972;0;1
SAYBAT;2;23.10.1955;0;2
ELVAZIYE;1;23.1.1966;1;0
TORUNAY;5;2.5.1964;1;4
MUHAFIZA;1;2.2.1977;0;1
CEVABU;1;10.7.1954;1;0
MASIH;1;17.2.1973;1;0
REHMETA;1;11.2.1980;0;1
BUSRAK;3;17.4.1969;1;2
IMRESUN;1;12.3.1983;0;1
NERMINYE;1;13.2.1951;0;1
FILAMUR;1;5.8.1961;1;0
LAFISE;2;15.11.1985;0;2
OZSAHIN;4;23.1.1959;4;0
BENISAADET;3;13.6.1971;0;3
MIYASIM;1;10.9.1978;0;1
JERMI;1;19.3.1980;1;0
RUVIYET;3;25.1.1948;0;3
ABDULZIYA;3;6.1.1954;3;0
RAZMUHI;1;17.5.1942;0;1
IRDINI;1;12.2.1953;0;1
ELFISE;7;13.9.1975;0;7
REYDUR;1;22.6.1991;1;0
AYISIGIM;2;23.5.1964;0;2
SENAATTIN;2;29.4.1960;2;0
TAYYIBETE;1;6.10.1945;0;1
SAYSEVIM;1;10.5.1946;0;1
ZEROSAN;1;30.6.1938;0;1
CEDAYI;1;11.4.1981;1;0
MATLUBAHON;1;9.9.1968;0;1
BAYRIYA;1;19.3.1929;0;1
ZUMRIAT;1;4.5.1969;0;1
CALILE;1;2.8.1959;0;1
BAZIH;1;29.7.1980;1;0
MERSIYEGUN;1;21.3.1935;0;1
MISKAN;1;2.2.1981;0;1
MUAHYYIYE;1;22.8.1949;0;1
TOPKARA;1;17.4.1954;1;0
VULAT;5;22.8.1980;0;5
MEHMETDIN;3;14.11.1964;3;0
MEYSETE;2;30.11.1974;0;2
ALMINA;4;13.12.1985;0;4
MUAMERA;2;21.1.1980;0;2
FAHRETA;1;17.11.1984;0;1
AYFELA;1;28.10.1981;0;1
SADETA;4;20.3.1972;0;4
REANE;5;18.6.1957;0;5
DZEMILA;1;4.10.1955;0;1
NEVRUSKA;1;6.4.1953;0;1
SIMEZER;1;9.1.1949;0;1
KUREYSI;7;1.4.1977;7;0
ORHANVELI;2;5.12.1969;2;0
HACERET;2;21.12.1962;1;1
NAGIRHAN;2;2.5.1971;0;2
OLOMAN;1;2.3.1965;1;0
REYNAS;1;26.3.1991;1;0
FIRISTAH;2;25.7.1972;0;2
MUDMUN;1;26.6.1969;1;0
M.ZABIT;3;16.11.1954;3;0
VALJBONA;1;27.7.1976;0;1
KERBAS;1;6.8.1945;0;1
MUHEMBER;1;27.11.1980;1;0
RUYINAZ;2;12.2.1968;0;2
NAHETTIN;3;4.3.1961;3;0
NIHMETULLAH;1;23.11.1968;1;0
YARMEMET;2;30.1.1957;2;0
GUZILE;4;8.7.1963;0;4
IFRAIL;6;30.1.1948;6;0
SANSEZ;1;21.1.1976;1;0
SUTKORIC;1;17.8.1948;0;1
YURDUHAN;1;17.10.1972;0;1
BEYESAT;1;21.12.1987;1;0
AZMINDAR;2;29.2.1958;2;0
MIRVETKA;1;5.8.1960;0;1
ELJVIRA;1;26.8.1978;0;1
ALJA;1;29.2.1956;0;1
ZINAL;6;30.12.1963;6;0
MURATREIS;1;21.4.1941;1;0
ANKIYE;2;20.1.1943;0;2
BULENTBARIS;1;2.12.1975;1;0
REMINAZ;2;25.1.1957;0;2
SUMRUYE;1;22.4.1967;0;1
MELJAT;2;5.11.1971;0;2
NUBIZE;1;5.7.1947;0;1
SELOUA;1;8.6.1969;0;1
ELFUS;1;2.8.1951;0;1
PEKSEFAT;1;1.6.1937;1;0
IFTINUR;8;8.12.1964;0;8
KENANE;2;25.1.1944;0;2
ELFAZE;2;2.4.1947;0;2
AFRETTIN;1;7.4.1940;1;0
VIRGINIE;4;9.6.1970;0;4
FARISTE;1;27.2.1968;0;1
GULINAS;1;12.2.1965;0;1
MUHAPIZATHAN;1;27.8.1968;0;1
SEMPE;1;29.4.1957;0;1
LEVRIYE;1;26.6.1961;0;1
YOULIIA;2;27.1.1974;0;2
MAHPURATHAN;1;19.6.1970;0;1
MEZEFIL;1;6.11.1957;0;1
ONALIYE;1;28.1.1952;0;1
AZAGUL;2;27.9.1960;0;2
SAYKUT;6;7.9.1961;6;0
SUEYBE;12;12.8.1959;0;12
BUAMINA;1;11.2.1979;0;1
ILHANSELCUK;1;26.3.1973;1;0
YASIMIYE;1;6.6.1969;0;1
MAHFURA;1;16.1.1933;0;1
ZILHIMAN;1;7.4.1941;0;1
RAYIHE;1;13.9.1956;0;1
SELEHEDDIN;3;22.12.1955;3;0
SAKIPCAN;1;10.1.1992;1;0
PLAVKA;1;18.9.1948;0;1
GULLUSIYE;1;1.4.1959;0;1
MUNEVARA;1;29.1.1960;0;1
ALTA;2;29.5.1939;0;2
SARITEL;5;17.12.1966;0;5
MEHITTIN;4;14.10.1955;4;0
BAHTINAR;3;12.1.1976;0;3
ARSLIYE;2;22.6.1942;0;2
ENSERIYE;1;26.5.1954;0;1
SERBILET;3;19.9.1977;2;1
NURMAIL;1;6.11.1962;1;0
MAKSULE;4;9.1.1966;0;4
ABUDUSALAMU;1;22.2.1992;1;0
ABDULHAKIMHAN;1;13.7.1946;1;0
GULIAJI;1;19.4.1984;0;1
MUSTATIN;3;8.7.1956;3;0
SADIJA;1;25.3.1952;0;1
VEDIKA;8;6.5.1970;0;8
VELEDIN;1;3.11.1965;1;0
DEAR;1;23.4.1949;1;0
FERRUHDIN;1;27.4.1968;1;0
CENGIZE;3;4.12.1968;0;3
GULNEVAL;3;10.8.1964;0;3
FELADDIN;1;23.4.1973;1;0
NEDZMIE;3;16.6.1969;0;3
AWAHAN;1;27.8.1950;0;1
GULEF;1;1.6.1964;0;1
PATAMU;1;12.8.1965;0;1
ZEHLIYE;6;14.7.1968;0;6
NUZET;4;1.11.1953;2;2
FAREDIN;3;6.4.1952;3;0
BIRAK;4;26.10.1984;4;0
DELVA;2;14.1.1924;0;2
BUAXI;1;16.7.1970;0;1
BUAXIHAN;1;1.9.1933;0;1
ORKUNALI;2;30.8.1983;2;0
IDAMIYE;2;1.5.1969;0;2
GULADIK;1;17.8.1948;0;1
FAHAMETDIN;1;20.5.1960;1;0
MERYIM;3;13.3.1979;0;3
ZUBEYHE;1;4.7.1940;0;1
SUGDA;1;20.10.1982;0;1
MEHTUM;1;12.9.1971;1;0
SUNNET;3;14.5.1954;2;1
CILDIRIM;1;11.8.1969;0;1
CEMAZE;1;21.4.1947;0;1
MATMA;1;7.3.1947;0;1
OZGOL;2;26.12.1972;0;2
HURBEYAN;2;18.12.1972;0;2
MAHZEM;1;28.1.1992;0;1
BARZADDIN;1;15.10.1977;1;0
ZENNISA;1;13.6.1959;0;1
NUGRET;3;4.10.1968;2;1
NARCIVAN;6;15.9.1956;0;6
IPELEK;4;15.6.1963;1;3
EKMAM;1;1.2.1964;1;0
NESBIE;1;23.11.1973;0;1
GULDOC;1;17.2.1954;0;1
KELSUN;5;11.9.1966;0;5
ERDINER;4;26.1.1964;4;0
ZULBEHER;1;29.5.1969;0;1
SABIBA;1;3.6.1970;0;1
MILAL;3;27.3.1972;1;2
FEYNUZ;1;22.2.1967;0;1
MENNUSE;4;19.9.1957;0;4
NEKIBAR;5;14.7.1959;0;5
SAVEY;4;28.1.1944;0;4
SEMSIBANA;3;28.9.1952;0;3
KADILE;2;16.2.1963;0;2
MUKATDERAT;2;6.4.1970;0;2
SAHISAR;1;26.11.1972;0;1
GOCGEL;3;29.8.1963;3;0
KUDUZ;1;14.5.1959;1;0
EMIISSE;1;22.2.1955;0;1
MAZNUR;1;6.9.1990;1;0
SHENAY;4;25.2.1982;0;4
FURMUZE;1;29.6.1976;0;1
MIHRINNISSA;1;5.4.1973;0;1
ILKSANIYE;1;5.7.1981;0;1
EYMENE;8;5.11.1980;0;8
ZARFINAZ;1;19.4.1972;0;1
MIRMANIYE;1;14.11.1956;0;1
MEZBURIYE;5;12.1.1956;0;5
AKUL;2;3.10.1968;1;1
NAZIMEA;1;2.1.1935;0;1
ERNAYIR;1;27.2.1980;1;0
SEZIK;3;4.10.1965;0;3
CIRKIT;1;6.5.1974;1;0
.ASIYE;1;2.7.1975;0;1
AGDES;3;27.4.1958;0;3
DULBIYE;2;30.3.1953;0;2
NEVKIYE;1;27.9.1953;0;1
ZEKIHAN;4;6.3.1972;2;2
MISALIYE;2;28.7.1978;0;2
SEVRICAN;3;19.11.1971;0;3
BENIA;1;12.1.1953;0;1
ESKIHAN;2;14.12.1971;0;2
YEKSEL;1;28.8.1974;1;0
KEVSIRA;1;23.8.1984;0;1
MAKSET;1;4.7.1987;1;0
ZELKINE;1;2.8.1939;0;1
GULENNAME;1;13.3.1941;0;1
ZULKARNA;1;26.4.1967;1;0
DURGILE;1;27.3.1956;0;1
HADIL;4;9.9.1963;3;1
MUHARBI;2;25.9.1950;2;0
FAHRATIN;2;12.12.1969;2;0
PEHRIYAN;1;27.8.1971;0;1
UYGUNTURK;1;2.7.1968;1;0
HACAHANIM;1;29.10.1962;0;1
SUFUYET;1;20.10.1976;0;1
MUBEYCEL;2;16.12.1954;0;2
CEBIRBEY;1;12.12.1974;1;0
BEYAYETTIN;1;22.4.1946;1;0
LALENEN;1;28.3.1975;0;1
ZUBRIYE;19;20.8.1967;0;19
TELADDIN;1;26.6.1955;1;0
MUSIRGAN;1;2.12.1973;1;0
SUVAYET;1;23.7.1978;0;1
BEDDAT;1;27.3.1956;1;0
M.TURHAN;2;7.12.1956;2;0
YASIMI;2;15.5.1967;0;2
FILITBINI;1;9.11.1930;1;0
SAHIBER;1;6.5.1968;0;1
MUHTEFI;3;26.12.1973;3;0
GULSUBAY;1;4.7.1967;0;1
KOSNAZ;1;27.7.1979;0;1
MILAMI;1;11.10.1973;1;0
RIKYE;2;9.8.1966;0;2
GUSAH;3;9.10.1984;0;3
GULSOHRE;2;17.9.1960;0;2
HABINE;1;14.5.1971;0;1
FERDUL;2;11.2.1968;1;1
UTERIYE;1;7.11.1971;0;1
SAZDE;1;22.8.1925;0;1
SULKUF;2;28.10.1975;2;0
PAKIDER;1;6.2.1973;0;1
ABIKAN;1;22.8.1949;0;1
SEVIMBAL;1;27.7.1938;0;1
GEYBI;1;11.2.1957;1;0
EMMINE;2;30.4.1966;0;2
FESEDDIN;1;12.4.1945;1;0
GULPAHAR;3;16.8.1964;0;3
MERHEME;3;8.11.1955;0;3
DZEMILJE;1;14.10.1972;0;1
RUDINA;2;28.1.1980;0;2
ULFEZ;2;27.6.1962;0;2
TULANISHAHAN;1;22.8.1973;0;1
SIYARCAN;1;25.9.1988;1;0
HEVALCAN;1;9.7.1985;0;1
MURHIC;8;9.9.1960;8;0
MARSIDA;1;15.10.1985;0;1
ESTRAL;1;17.8.1954;0;1
ALPERTUNC;1;8.8.1966;1;0
MEVIDET;1;3.3.1961;0;1
VIYOLSA;1;29.6.1966;0;1
MUHADDIN;11;20.11.1967;11;0
MEVELA;1;23.2.1975;0;1
GULFIRIYE;1;16.5.1968;0;1
BADRI;2;23.6.1948;2;0
FIDAHAT;1;5.3.1951;0;1
SELMAT;2;21.12.1964;2;0
ZUNAL;5;8.11.1962;1;4
TAYFUNONUR;1;6.4.1992;1;0
MEJREME;2;19.11.1972;0;2
YIPARGULI;1;17.8.1972;0;1
CEFAJET;1;27.10.1962;0;1
UMRUZAN;1;7.4.1965;0;1
IZNISE;1;12.8.1947;0;1
AYETA;1;2.8.1927;0;1
FERUMIZ;1;7.2.1976;1;0
RIVAJET;1;6.9.1974;0;1
FATEMHAN;1;7.8.1958;0;1
FATON;3;14.6.1953;2;1
HUZEYYEN;1;28.1.1943;0;1
GULNISIN;1;4.11.1959;0;1
MUGADDIN;1;5.12.1952;1;0
MELHUDE;1;1.1.1957;0;1
CAVAHAR;1;29.4.1968;0;1
NEFTEHAN;1;12.2.1975;0;1
BUHAIDICI;1;11.2.1981;0;1
BUPATENMU;1;8.9.1984;0;1
MERVETA;1;27.6.1980;0;1
AZEMIYE;1;17.8.1954;0;1
KADISAH;8;11.11.1953;0;8
ZENISA;2;14.1.1942;0;2
REDZIJE;1;21.3.1960;0;1
MENZE;2;19.6.1961;0;2
SAFIUDDIN;1;12.8.1959;1;0
NADZIJE;2;18.10.1971;0;2
GJULZIME;1;11.5.1974;0;1
MEHBUBA;1;3.8.1966;0;1
LIRIE;1;17.3.1972;0;1
ABDULYAKUP;2;11.3.1989;2;0
NERAIM;1;11.1.1955;1;0
MUZAKEM;1;15.5.1991;1;0
REFTIN;2;3.1.1975;2;0
NARYAN;1;18.6.1971;1;0
HAJBER;1;17.11.1972;0;1
IZZETTI;1;7.10.1970;1;0
MAKSIJE;1;2.8.1969;0;1
MESRETTIN;2;3.4.1957;2;0
HASANASKER;1;24.2.1934;1;0
BINHAYIR;1;17.3.1949;0;1
HACIBAG;1;27.11.1974;1;0
ELDAT;1;11.5.1982;1;0
ERCUMAT;1;16.4.1968;1;0
RUTEN;3;25.3.1953;0;3
YILANU;1;17.8.1966;0;1
LICA;1;3.8.1984;1;0
CEFARIYE;21;25.12.1960;0;21
MUNTAKIM;2;14.9.1953;2;0
URGAR;1;21.3.1972;1;0
ELVIYDE;1;11.3.1976;0;1
SIYAS;2;23.6.1960;2;0
ZULEFA;1;12.8.1935;0;1
MUCATEL;1;22.6.1973;1;0
BINIYAZ;1;21.9.1959;0;1
DILGIR;2;21.6.994;0;2
MENSUREGUL;1;23.1.1990;0;1
ULFANIYE;4;22.7.1958;0;4
GULBAGDE;2;9.11.1948;0;2
NURGAISHA;1;12.9.1956;0;1
VEZIRKA;1;5.5.1950;0;1
ZULULLAH;1;19.3.1942;1;0
BEHTIN;2;6.8.1982;2;0
CEMEFER;6;6.2.1957;0;6
HUSNUEMIN;1;21.7.1952;1;0
GULASA;2;16.2.1951;0;2
SAPHATULLAH;1;6.3.1974;1;0
TULAHAN;1;18.6.1958;0;1
LILIPER;2;17.9.1953;0;2
SIVENUR;1;18.2.1988;0;1
ORIYE;3;1.2.1947;0;3
MUBESIR;2;19.9.1963;2;0
BERHISE;1;21.1.1970;0;1
SUTCAN;1;8.10.1948;0;1
GULEYAN;2;24.9.1968;0;2
SEVIGI;1;3.10.1968;0;1
SULAYYE;1;11.5.1975;0;1
SABAHINE;1;11.1.1975;0;1
ABDULMUCIP;1;9.1.1964;1;0
GUZITE;1;21.6.1957;0;1
RAHAIMA;1;27.8.1950;0;1
ISINAZ;1;11.11.1938;0;1
SAHZIYA;3;8.10.1948;0;3
ALBIN;2;5.11.1975;2;0
ZEKAYNUR;1;6.3.1967;0;1
HAYFIYE;1;2.3.1951;0;1
MEDDIN;2;2.6.1974;2;0
NEMZET;2;2.9.1971;2;0
REYBIYE;1;24.4.1959;0;1
EBLIHAN;1;17.4.1988;0;1
BUJENNET;1;12.8.1983;0;1
NECMIZAR;6;10.8.1955;0;6
DILGANI;1;7.4.1970;1;0
NURALAY;8;28.6.1968;8;0
ABAYET;1;4.4.1948;0;1
BUNYEM;5;14.8.1975;4;1
ALIKENAN;2;22.5.1974;2;0
ZAYAT;1;12.2.1959;1;0
HAYAIDDIN;1;17.2.1954;1;0
NEVAYIT;1;26.5.1967;1;0
ALIBAY;2;25.10.1943;2;0
HANCIGER;1;2.8.1933;0;1
CANERCAN;2;5.9.1991;2;0
MESCUDIYE;1;25.4.1972;0;1
AYLALE;1;11.12.1988;0;1
BOZTEPE;1;27.2.1950;0;1
SURGEN;1;17.2.1954;0;1
NEVLIDE;1;17.8.1936;0;1
SERMIDIN;2;6.1.1972;2;0
SEZENUR;3;6.10.1974;0;3
MENSUREH;1;19.3.1966;0;1
CUMUS;2;25.6.1950;1;1
ZERNURA;1;21.4.1963;0;1
VASILAT;1;27.6.1956;0;1
DUMDAR;2;1.5.1966;2;0
KARATACDIN;2;25.8.1955;2;0
MUGRUSAH;2;5.3.1949;1;1
ASFET;2;29.12.1954;0;2
MEJREMA;1;20.7.1973;0;1
CIBA;4;14.10.1933;0;4
NERGIZEL;4;23.6.1957;0;4
NIKERE;1;23.7.1975;0;1
YASIBIN;3;27.9.1964;2;1
NUSUDE;3;7.8.1959;0;3
LYENARA;1;6.10.1985;0;1
AVALE;1;19.2.1956;0;1
BEKZAT;2;26.3.1955;2;0
GULKIZI;2;25.2.1958;0;2
HALPER;1;12.9.1979;1;0
ELIFIZE;1;14.4.1959;0;1
OZTER;4;9.10.1972;2;2
UDDA;1;7.6.1940;0;1
MUZAFFE;3;24.4.1948;0;3
GULHAYKAVI;1;24.5.1955;0;1
ABDULCEVAT;9;15.5.1966;9;0
ZEKIYER;1;23.2.1941;0;1
FERZENDAR;1;8.6.1946;1;0
GERZIBAN;3;29.9.1963;0;3
ARSABES;1;1.8.1932;0;1
MEVLDUE;1;12.4.1977;0;1
MUNIFCAN;1;26.8.1985;1;0
GUVENBEK;1;26.2.1969;1;0
GULLUMER;1;12.4.1970;0;1
SEKERINAZ;2;19.3.1959;0;2
DILSIYE;3;22.3.1967;0;3
MARYEMA;1;17.2.1960;0;1
DURGUNAY;1;12.5.1990;0;1
ZERBAT;3;24.9.1966;3;0
ILHANBEK;1;7.1.1970;1;0
RUZITE;1;6.2.1966;0;1
HUZUYER;1;30.10.1976;1;0
SUEYLAH;1;5.3.1987;0;1
AYSAFA;7;10.12.1956;1;6
ABDULCELBAR;1;14.3.1940;1;0
TAKUP;1;2.11.1969;1;0
GIYFET;1;26.6.1976;0;1
KESRETTIN;3;24.8.1971;3;0
SELIMAGA;3;7.3.1964;2;1
GULSEMGUL;1;23.1.1970;0;1
ADULVEHAP;1;25.12.1971;1;0
KAINETTIN;1;15.4.1965;1;0
SINEMZER;2;26.8.1958;0;2
MILES;2;28.4.1980;1;1
SARMAYA;1;17.12.1956;0;1
SAHEADE;1;17.2.1960;0;1
SELCAT;1;29.6.1961;1;0
SUZEYAN;4;13.5.1967;0;4
BILLAR;5;6.6.1954;0;5
GOREZ;1;22.2.1973;1;0
GULBELEN;1;14.12.1965;0;1
ZURKUF;1;12.8.1971;1;0
HURAT;1;26.11.1937;0;1
GENCEGUL;9;14.5.1967;0;9
BILEYCAN;1;16.5.1981;0;1
IHRAMIYE;3;6.8.1963;0;3
HEREMSIYAN;1;12.2.1965;0;1
URFUYA;2;5.9.1963;0;2
ONSOZ;1;4.3.1966;1;0
SEVIMTEL;1;22.6.1967;0;1
GUNALTIAY;1;29.4.1972;1;0
HICRIYA;3;12.2.1957;0;3
PEHINAZ;1;10.2.1951;0;1
MENKUI;1;7.6.1960;1;0
ELFEZYA;3;13.11.1976;0;3
TERIKET;1;1.3.1949;0;1
FERHANEMIN;1;1.8.1972;1;0
ANIME;1;12.8.1979;0;1
NECMETTIIN;1;16.9.1962;1;0
SULTANSELIM;5;12.8.1980;5;0
NUZRE;1;5.2.1964;0;1
ABDULCEHHAP;1;16.5.1969;1;0
NEMIHAL;1;12.9.1977;0;1
MUHAMMETMETEHAN;1;7.12.1988;1;0
SUYABATMAZ;1;3.11.1970;1;0
GUCE;1;26.11.1958;0;1
MUHSIR;1;27.2.1944;1;0
TARHUN;2;30.1.1972;2;0
TIMICIN;2;27.4.1974;2;0
BIRGUZ;1;18.1.1976;0;1
KUBBEDDIN;2;6.11.1975;2;0
GULLUKIZ;3;26.7.1964;0;3
DULBEND;1;8.4.1964;0;1
AYIZE;5;23.2.1972;0;5
SADELER;3;16.8.1971;0;3
ZAL;7;15.11.1958;7;0
FERIMAH;1;23.3.1971;0;1
TURANMETIN;1;29.2.1964;1;0
RABIET;1;3.8.1933;0;1
HAKKADIN;1;24.8.1935;0;1
GULMUNIS;1;5.3.1973;0;1
KENZA;2;1.7.1970;0;2
AFURA;1;15.8.1977;0;1
DONSEV;1;16.6.1977;0;1
MEKTER;1;21.11.1972;0;1
JASNA;2;26.1.1965;0;2
LEHUZER;1;18.6.1982;0;1
SAHESDE;3;4.9.1977;0;3
NIKAYIM;1;22.2.1967;1;0
KEYKUBAT;5;26.9.1969;5;0
MOHOR;4;8.7.1965;2;2
SEVVALE;5;18.11.1953;0;5
DULYAR;1;11.11.1981;0;1
MELUK;1;12.4.1965;0;1
MORGUZE;1;15.4.1976;0;1
SUDANUR;2;18.5.1975;0;2
HURMED;1;11.7.1983;1;0
SAKIZER;3;27.12.1950;0;3
ACVILINA;1;7.10.1971;0;1
IYIKIZ;3;16.3.1949;0;3
SALIMAKIN;1;16.11.1977;1;0
RIZBANE;5;1.9.1969;0;5
MULTAZEM;1;27.1.1944;0;1
GULNIYE;2;30.8.1968;0;2
UBIDULLAH;1;13.11.1929;1;0
MEHMETASLAN;1;26.12.1978;1;0
NERIYME;1;11.4.1987;0;1
TERTEMIZ;1;15.12.1933;0;1
MENEVESE;1;29.9.1953;0;1
FILAT;2;3.6.1965;1;1
OZTEM;2;14.1.1977;0;2
GULANDAR;4;7.5.1968;0;4
SEGO;1;16.1.1966;1;0
EDILIYE;4;5.2.1962;0;4
GUNKOR;4;17.5.1953;2;2
GUNNEHAL;6;3.8.1963;0;6
KUSME;2;24.2.1964;0;2
SEHRAY;5;14.4.1963;0;5
MNURCAN;1;20.4.1943;0;1
VEFBI;1;6.1.1972;1;0
CELAYIN;3;18.9.1971;3;0
SUELI;1;27.4.1962;0;1
KARAHOCA;1;12.5.1969;1;0
SIHNEM;1;19.4.1983;0;1
EHLIDIR;1;1.6.1961;1;0
INALETTIN;1;22.7.1954;1;0
HECAP;7;30.5.1948;2;5
TURKYE;3;18.8.1962;0;3
GULSENGUL;4;17.7.1970;0;4
FILIZLEN;1;16.1.1941;1;0
LINNAR;1;1.3.1971;0;1
SISMINAZ;1;1.8.1931;0;1
GULHANES;1;12.2.1971;0;1
KINIYAS;3;9.9.1965;3;0
ZELHAR;1;18.3.1954;0;1
MEMETEYUP;1;17.10.1972;1;0
PEYKI;1;29.4.1938;0;1
MEHMETENVER;2;20.2.1954;2;0
MESUTPINAR;1;10.8.1976;1;0
MESYUDE;1;29.3.1977;0;1
TACIP;7;11.8.1966;7;0
CANIHAN;1;22.7.1969;0;1
BIYKEM;3;1.5.1980;0;3
GULBEDAN;2;8.2.1968;0;2
YUCASOY;1;27.3.1956;1;0
DIHEN;2;30.1.1964;0;2
BIRADEM;1;16.12.1980;1;0
MESFUA;1;2.9.1932;0;1
RAUSAN;2;3.2.1974;0;2
DILFUZE;10;26.1.1974;0;10
LATISE;1;2.2.1951;0;1
DILEBENT;1;26.3.1984;0;1
NIKSET;1;20.6.1960;1;0
ENDEMI;1;19.11.1957;0;1
RAUZA;1;6.12.1924;0;1
CUMEYT;2;11.2.1976;2;0
M.SELAMI;4;24.9.1964;4;0
BENEDIKTE;1;24.5.1986;0;1
ZURHA;23;13.3.1961;0;23
FEYIMDAR;2;15.2.1975;2;0
YURDAYI;1;16.3.1983;0;1
MURALE;1;22.4.1979;0;1
NUMAYAN;4;13.10.1936;0;4
YENIDOGAN;3;27.2.1952;3;0
TAHURA;2;5.12.1966;0;2
VATANDER;1;21.4.1965;1;0
DURESAN;1;12.1.1941;0;1
TUGKENT;2;14.10.1978;2;0
NEMYISJAN;1;20.11.1973;0;1
AYTENUR;5;8.10.1959;0;5
HAVAGULU;1;7.6.1976;0;1
ILKZAFER;1;16.6.1976;1;0
ANASTASSIYA;2;19.12.1979;0;2
SONCEMAL;1;30.2.1978;1;0
TEVFIR;1;4.11.1963;1;0
ERISTAN;1;3.10.1966;1;0
SEHATBEY;1;28.5.1950;1;0
TOPBAY;1;8.4.1940;1;0
NUHANIS;1;27.10.1962;0;1
SAYADDIN;10;17.3.1959;10;0
NEJLEHA;3;2.8.1946;0;3
ADISEN;13;14.12.1959;0;13
ENDIN;1;26.2.1975;1;0
HULISU;3;27.11.1974;3;0
EKLIMAN;6;9.1.1958;1;5
IMHEN;1;27.5.1956;1;0
BIYNALI;1;1.4.1954;1;0
FARANA;1;18.6.1966;0;1
ZAYTE;1;13.2.1963;0;1
EMASE;1;8.5.1943;0;1
SEVYETE;5;5.3.1961;0;5
TAKINSEM;1;17.9.1965;1;0
YAZIGUL;4;14.7.1973;0;4
MIGAHI;1;1.4.1962;1;0
KUBEYSI;9;29.11.1971;9;0
HEFISE;2;2.3.1964;0;2
HAZAP;2;5.12.1975;0;2
SEYETHAN;1;22.3.1961;1;0
KORI;1;2.2.1945;0;1
ELBEYGI;1;16.4.1965;1;0
ERSUNAY;4;15.7.1978;3;1
RUSMET;2;2.3.1962;2;0
MEMETHENIFI;1;23.6.1964;1;0
SONGULBIGE;1;13.1.1981;0;1
MELESIYA;3;24.1.1972;0;3
ELIFSIMA;1;26.2.1978;0;1
M.HAZALI;1;9.7.1952;1;0
SONGULDEN;1;16.11.1971;0;1
ABDILSAMET;1;24.11.1973;1;0
TUGAZBAN;1;21.12.1966;0;1
NEJLYA;1;27.8.1969;0;1
MEHTIHAN;3;30.11.1966;0;3
UZLE;11;13.10.1958;0;11
M.RASIT;5;27.4.1951;5;0
NUZULI;1;17.2.1966;1;0
INCIYAY;1;25.11.1942;0;1
SARAR;1;29.12.1980;0;1
BALALI;1;27.4.1956;1;0
SALINE;6;2.4.1971;0;6
TOYGU;1;13.6.1977;1;0
GEFAR;2;16.5.1962;0;2
ERSONAY;1;13.6.1988;1;0
GUNSERE;2;7.5.1962;0;2
BEKLENEN;1;22.12.1979;0;1
MUJADE;1;12.6.1959;0;1
SERZI;1;19.1.1960;0;1
DIBITHAN;1;23.2.1956;0;1
HASNAZ;6;2.2.1948;0;6
YENINUR;2;7.6.1976;0;2
MUSTAFAERZAN;1;24.5.1974;1;0
SEVILAYA;1;6.12.1974;0;1
IMISAH;4;3.12.1957;0;4
LATIFGOKCE;1;14.12.1974;1;0
LEYLEM;1;11.4.1980;0;1
MULAZ;1;7.8.1964;1;0
BABABEK;1;9.6.1958;1;0
MEHLE;1;3.8.1980;0;1
SUSCAN;1;22.4.1973;0;1
ADEMIYE;6;11.1.1971;0;6
HABICIHAN;1;18.2.1972;1;0
GULANDE;3;26.12.1962;0;3
CERAZ;1;12.10.1961;0;1
ILMIYET;1;8.5.1978;0;1
SEYHNUR;4;18.4.1987;1;3
BIRJEN;3;22.7.1970;1;2
SONYILDIZ;1;8.3.1979;0;1
ALICAVET;1;6.6.1968;1;0
NURICIYE;1;21.1.1959;0;1
MARE;1;2.3.1969;1;0
ERSAIM;1;16.3.1958;1;0
ULHA;1;7.3.1952;0;1
CALIA;1;7.10.1952;0;1
MURADHAN;6;25.9.1969;6;0
VIRMA;2;17.9.1970;0;2
VETETIN;1;1.3.1971;1;0
NUANS;1;21.7.1974;0;1
BURKON;1;22.3.1965;1;0
NEFIYEI;1;22.12.1927;0;1
HALECAN;1;20.7.1982;0;1
GUNISIL;2;14.1.1977;0;2
GULDENIR;2;25.3.1966;1;1
TAYSIN;1;27.2.1956;1;0
TURANCAN;1;1.5.1990;1;0
LEEPOLDINE;1;27.8.1938;0;1
PAMBI;1;2.2.1969;0;1
NIGLIFER;1;21.11.1970;0;1
GUNKAN;3;20.6.1979;3;0
GUSSI;1;2.4.1963;0;1
MUSLUMIYE;7;16.4.1968;0;7
MESHEDDIN;2;7.2.1982;2;0
ERDEMIS;1;3.7.1933;0;1
ELISBETA;1;30.5.1968;0;1
ELFADE;5;14.7.1944;0;5
ZIBEDE;1;6.4.1936;0;1
PEVZUYE;1;17.6.1972;0;1
NEVRICAN;9;20.4.1967;0;9
INGILAY;1;30.6.1972;0;1
MELIMAN;4;16.5.1956;0;4
DEYANET;1;22.2.1973;0;1
GATDAFI;1;17.7.1979;1;0
ZATIBE;1;16.10.1956;0;1
FIKAYE;1;19.2.1948;0;1
HULICE;1;17.8.1960;0;1
PAPUC;1;23.6.1945;0;1
NEZIYRE;3;1.7.1946;0;3
SEYCE;1;27.4.1946;0;1
KUCUKALI;10;15.2.1959;10;0
GUZLA;1;2.8.1980;0;1
FERRUK;2;5.9.1962;2;0
SEHREDIN;1;27.2.1974;1;0
FEYZIYA;4;10.5.1970;0;4
KALDI;1;1.5.1956;0;1
BERE;1;29.9.1985;0;1
ILMAHADDIN;1;27.2.1974;1;0
SEHFIYE;1;1.2.1961;0;1
CEMER;3;29.2.1975;3;0
RUHMAN;5;24.1.1969;2;3
MUDESER;3;15.7.1964;0;3
ISAMI;2;6.1.1968;2;0
NAHINDER;1;29.1.1974;0;1
ALIFET;5;26.1.1950;3;2
EMYEDDIN;7;23.8.1979;7;0
GULFERYA;1;29.3.1938;0;1
PEYRIZHAN;1;27.3.1956;0;1
FERDEK;1;7.7.1982;0;1
RAYIFET;1;7.4.1955;0;1
MUDEBRE;1;27.4.1950;0;1
AJRIJE;1;18.5.1963;0;1
MUFAYET;1;2.4.1971;0;1
ZIRIJETA;1;14.3.1983;0;1
ZULJA;1;27.8.1944;0;1
BEJZE;1;14.11.1961;0;1
BENINAZ;1;16.5.1965;0;1
GARIBO;1;21.8.1956;1;0
ERSENEL;1;23.4.1963;1;0
MISAD;1;11.10.1967;1;0
SEHAMEDIN;1;27.8.1962;1;0
ZEBUSE;3;15.5.1943;0;3
LAVDIE;1;15.2.1964;0;1
GJULKIJA;1;17.1.1978;0;1
ELVAHAN;1;15.6.1960;0;1
AVMEDNURIYA;1;6.10.1978;1;0
URIYA;2;22.9.1962;0;2
RAIKHAN;2;7.7.1971;0;2
GULSENKA;1;26.4.1976;0;1
ABDULBAP;1;15.12.1962;1;0
DIRON;1;21.11.1941;1;0
APDULHAMIT;6;27.6.1954;6;0
VASVIJE;1;12.12.1965;0;1
NADRI;5;11.7.1968;5;0
RUFADIE;1;1.3.1969;0;1
BITGUL;1;10.5.1961;0;1
MIRSEMA;1;29.2.1972;0;1
MIKABIL;1;16.7.1956;1;0
YASEMINKA;1;9.12.1964;0;1
ARZEL;1;3.6.1952;0;1
FAZO;2;26.8.1955;1;1
RUHULE;1;21.12.1966;0;1
ZEMINDER;1;11.9.1951;1;0
BADEMKA;2;17.8.1954;0;2
SIMBILE;1;17.10.1972;0;1
SEVCETTIN;2;3.1.1958;2;0
PIRIYAN;3;9.4.1958;0;3
TUGFE;3;28.4.1989;0;3
MUHABI;1;30.9.1968;1;0
SEREFALI;1;1.9.1972;1;0
HAZIZ;3;10.10.1964;3;0
FILEY;4;3.12.1960;0;4
DILBIN;4;5.10.1966;1;3
RUYNAS;2;14.6.1952;0;2
SEMITTIN;2;9.11.1952;2;0
KIYAFER;7;21.7.1955;0;7
RUSTEMCAN;1;6.12.1990;1;0
UMUMIYE;1;7.7.1958;0;1
ABDULNAFIS;1;16.3.1961;1;0
ESRIBE;2;9.11.1962;0;2
SANDUGAN;1;25.1.1973;1;0
BEDRIA;1;12.2.1970;0;1
MUZAZIM;1;3.7.1975;1;0
ADEVIE;2;1.2.1968;0;2
ATMANE;1;26.6.1947;0;1
SARIE;3;17.11.1962;0;3
MARINIYE;1;18.11.1948;0;1
SIYFEDDIN;1;12.3.1952;1;0
NERZETTIN;1;2.2.1957;1;0
HEYYATE;1;16.5.1962;0;1
FENTUZE;6;28.12.1976;0;6
BIBO;2;6.12.1948;1;1
ZAVEY;1;16.6.1977;0;1
H.KURBAN;1;17.2.1966;1;0
SUNBULAY;2;15.7.1961;0;2
GAZELEY;11;26.5.1964;0;11
DERBEDER;1;23.6.1987;1;0
SEHERCAN;7;27.11.1981;0;7
HORIY;2;19.9.1958;0;2
M.KEMALETTIN;2;9.12.1959;2;0
BEYTULLLAH;1;24.2.1979;1;0
ZUNNURIYET;1;12.4.1986;0;1
RAHSAH;3;20.9.1982;0;3
VALARIKA;1;14.4.1953;0;1
NASANI;2;11.12.1982;0;2
GUNNADI;1;17.6.1948;0;1
FATMIREN;1;7.8.1964;0;1
KORMEN;1;3.3.1963;0;1
GANNUM;9;18.1.1952;8;1
GERIBSAH;1;1.7.1989;0;1
YAHO;1;15.2.1943;1;0
GULUTAN;4;21.4.1969;0;4
HACEN;2;16.10.1965;0;2
ZUMBULJ;1;2.5.1979;0;1
ERTUNGU;1;6.10.1967;1;0
CENGIL;2;19.1.1978;1;1
ALIY;1;22.8.1925;0;1
GULCINA;3;23.2.1944;0;3
TUBGA;1;16.10.1986;0;1
NURHAMEDDIN;2;13.2.1987;2;0
HAMASAH;1;21.4.1988;1;0
BABALI;2;2.6.1963;2;0
MEYATTIN;1;8.4.1930;1;0
KATER;5;9.2.1962;4;1
ENESUL;1;9.3.1966;1;0
MELTAN;3;11.4.1983;1;2
EMIRUL;1;5.9.1986;1;0
ELVIJE;1;9.4.1968;0;1
HAVACE;1;22.10.1967;0;1
SIRABEY;1;3.12.1952;1;0
RINDIFE;4;8.9.1973;0;4
SETINISA;1;16.8.1957;0;1
KEVKEN;1;29.9.1938;0;1
SOFTER;1;16.5.1970;1;0
ABDILRAHIM;3;14.3.1965;3;0
ECLAN;2;18.1.1968;0;2
ZELICAN;6;29.9.1972;0;6
MUHBETE;4;17.3.1966;0;4
FATMEMET;1;17.2.1966;1;0
SEHERNUR;3;21.5.1971;0;3
MEYRIHANIM;1;7.2.1958;0;1
HUMERYE;4;13.2.1967;0;4
KILAM;1;22.9.1982;1;0
HILLAL;2;16.4.1980;0;2
MUTEIT;1;12.8.1947;1;0
SEMAILE;4;25.11.1951;0;4
ESBEDIN;1;2.2.1963;1;0
AHMETDIYE;1;21.3.1983;0;1
RUBAS;3;3.4.1965;0;3
AYDUDU;1;16.4.1971;0;1
HURSIDI;2;1.10.1968;2;0
ENRIHA;1;28.9.1964;0;1
ISLAYE;1;27.8.1950;0;1
FUDASE;1;23.2.1963;0;1
SELHATULLAH;1;29.1.1950;1;0
GUVEYDA;1;26.12.1960;0;1
ARFAT;7;10.12.1969;7;0
SUVELAH;1;22.3.1973;0;1
CUMBUT;2;20.1.1986;0;2
ABDULYASIR;1;30.2.1983;1;0
MUSARREF;4;4.2.1958;1;3
ESVAT;10;2.1.1969;6;4
FEVSEL;1;11.12.1967;1;0
VEFIYYE;1;9.6.1977;0;1
FERDAGA;2;16.1.1978;1;1
VESULE;1;13.10.1989;0;1
FIDAT;9;8.2.1957;1;8
ZUHRULLAH;1;27.2.1974;1;0
MULAZEM;1;12.4.1971;0;1
KATAYIN;4;4.7.1953;0;4
SIYANDAN;2;1.5.1970;0;2
CIVEK;1;13.4.1966;1;0
HAZIMEGUL;1;12.2.1971;0;1
YAGFES;3;15.2.1962;3;0
TEFHE;1;22.2.1949;0;1
GULBINE;2;16.8.1962;0;2
FERGINAZ;1;6.11.1974;0;1
AVDUS;2;22.8.1943;2;0
SOGEYIP;1;22.10.1968;1;0
NIRMAN;10;4.8.1965;0;10
UMMUSUMEYYE;2;12.4.1982;0;2
MIHFI;2;30.8.1962;2;0
KELTOUN;1;28.2.1973;0;1
HADIMANA;2;18.4.1968;0;2
ZELISAH;2;22.6.1939;0;2
M.NEBIP;1;18.2.1971;1;0
TAIFET;1;4.3.1969;0;1
SONAI;1;24.5.1977;0;1
HARIME;2;26.3.1967;0;2
GULIYAR;5;11.12.1974;0;5
MURECCEL;3;4.1.1959;0;3
ICLI;2;12.6.1973;0;2
SUFELLA;1;19.9.1967;0;1
KAZIMKARABEKIR;2;2.10.1958;2;0
CICE;2;29.3.1959;0;2
FEZURE;3;24.10.1972;0;3
EKSER;7;23.3.1975;5;2
MERDOGLU;1;19.1.1975;1;0
NAMEDDIN;1;27.3.1980;1;0
AYSEDE;5;1.5.1964;0;5
NUFEYSE;2;21.4.1970;0;2
ZUHUDIYE;5;21.4.1959;0;5
MARAFE;1;7.4.1934;0;1
MENZULE;3;10.10.1975;0;3
BEDRIK;1;5.4.1968;0;1
ULFIKAR;1;25.3.1935;0;1
HAYMA;1;23.4.1981;0;1
SEYHCOBAN;1;22.8.1931;1;0
LYUDNYLA;1;11.8.1971;0;1
SEYFULLUH;1;8.10.1985;1;0
TEZGULU;1;8.2.1990;0;1
SALIHISE;1;21.7.1956;0;1
ALIREMZI;1;1.5.1966;1;0
MEFKIYE;2;9.1.1952;0;2
ZEDEN;1;2.12.1980;1;0
NEVLET;2;29.7.1949;0;2
KENANBEY;3;9.10.1970;3;0
FEHER;5;13.2.1982;4;1
BEFAN;2;6.12.1964;2;0
MEYLIT;2;29.1.1951;0;2
TIKMEN;1;11.2.1975;1;0
PARASCA;1;14.6.1973;0;1
KUMRUSAN;6;14.12.1962;0;6
HAYREYE;2;23.8.1965;0;2
AFFEN;1;2.2.1957;0;1
NERGUS;7;12.8.1959;0;7
HEKIMOGLU;1;6.2.1984;1;0
MINCER;1;26.4.1958;0;1
RUHNUMA;1;27.9.1980;0;1
NEZIJA;1;16.6.1961;0;1
GULMISAR;4;17.9.1969;0;4
SEHLINAZ;2;6.11.1967;0;2
SAHIRIN;1;22.6.1973;1;0
INFAZ;4;18.9.1973;4;0
ZERLI;2;20.11.1968;0;2
ATILEHAN;1;22.3.1991;1;0
LISARE;1;12.7.1959;0;1
DERFUL;1;25.6.1983;1;0
ECIVER;1;21.5.1972;1;0
NURCANSEL;1;14.6.1981;0;1
MEYRAMMA;1;21.10.1959;0;1
CANNAN;6;6.4.1980;0;6
ASTANPASA;1;22.5.1955;1;0
ELMAZI;4;29.7.1970;0;4
SECAVIT;2;18.10.1978;2;0
DERVISCAN;1;21.8.1984;1;0
ATKA;1;11.7.1980;0;1
ZUMRANE;4;3.5.1975;0;4
BUTUTE;1;15.4.1932;1;0
UTKUFER;1;11.4.1973;0;1
MUANMET;1;22.6.1978;1;0
HAVUZGUL;1;5.2.1957;0;1
MUGLIS;10;27.8.1964;10;0
NACIBEG;1;3.9.1961;1;0
TEVRUT;1;18.8.1964;0;1
NAZRE;1;11.6.1961;0;1
FERKEP;1;12.5.1977;1;0
HAVAGANIM;1;14.8.1937;0;1
FERKAT;6;14.7.1969;3;3
NESBIN;1;14.2.1990;0;1
MOREL;2;26.1.1986;2;0
INAFE;2;26.8.1964;0;2
GULSUSEM;1;30.5.1974;0;1
NIFFAN;1;22.4.1952;1;0
EMIRJETA;1;12.2.1963;0;1
TELLICIHAN;1;20.11.1964;0;1
SEYDEBEYIM;1;2.2.1959;0;1
ZULDARNIYAN;1;9.1.1957;1;0
SAHSANAM;3;20.2.1961;0;3
MUTBIRIN;1;7.3.1952;1;0
SULTANVELET;1;27.1.1980;1;0
LECAN;1;11.7.1981;0;1
HIYESETTIN;1;15.6.1975;1;0
TIFLIS;2;17.2.1960;1;1
MUSLET;4;11.1.1966;0;4
RAHILI;3;14.3.1969;0;3
SADIJI;1;14.7.1970;0;1
UZUNE;1;2.2.1957;0;1
MAYLAKIZ;1;2.1.1956;0;1
HACIIBILI;2;16.10.1944;2;0
RASFIZE;1;10.3.1956;0;1
NEBUL;1;16.2.1958;1;0
SAHIVELAT;1;2.3.1951;0;1
SEADEDDIN;4;22.4.1948;4;0
IJLER;3;24.7.1961;0;3
VAHAETTIN;2;26.2.1958;2;0
ZIMINE;1;19.7.1966;0;1
AZZETTIN;5;1.3.1975;5;0
DILBESI;1;12.2.1953;0;1
VAHITE;1;29.11.1968;0;1
SADEBEK;1;17.3.1966;1;0
IBRAHM;2;8.6.1977;2;0
ESENOL;1;22.12.1989;0;1
ELHAMDIN;1;27.2.1962;1;0
LIBIBE;1;22.8.1955;0;1
TUZEHRA;1;17.2.1987;0;1
NIYESER;7;3.2.1967;0;7
ERKEMAL;3;19.12.1955;3;0
SINASITTIN;1;28.3.1962;1;0
MILIZE;1;22.11.1976;0;1
IMRIYA;1;4.6.1978;0;1
AYSEGULU;4;25.11.1974;0;4
ERDOGANE;1;6.5.1963;0;1
FAHREMEZ;1;17.10.1966;1;0
EYUPTEN;1;30.11.1944;1;0
AGSIM;2;13.1.1951;2;0
SENAYGUL;3;28.5.1981;0;3
MUFEDDET;2;9.7.1945;0;2
BIRCET;1;24.1.1972;1;0
EFLAZIM;1;27.2.1986;1;0
SORYE;1;23.11.1979;0;1
MUMAMMER;2;19.10.1965;2;0
ELIONORA;1;20.9.1978;0;1
NEYSEGUL;1;2.5.1987;0;1
FERASI;1;17.2.1960;1;0
GULBEYE;2;21.5.1958;0;2
SEZMAYIL;1;12.12.1965;1;0
FIRISTA;1;22.5.1961;0;1
LEMAHA;3;2.2.1965;0;3
SARAT;2;18.4.1975;0;2
BAKDUMAN;1;12.2.1965;0;1
DERSAY;1;21.12.1982;1;0
MABI;2;12.8.1941;0;2
OYDAN;2;1.1.1978;0;2
TERMELI;1;3.4.1945;0;1
MUSENDERE;1;21.6.1960;1;0
SEDIBE;1;14.10.1960;0;1
DILARIYE;6;12.10.1968;0;6
MULTAZE;3;19.3.1961;0;3
MECIP;2;26.2.1966;2;0
NEYASET;2;5.1.1954;0;2
TEVSIDE;1;4.12.1970;0;1
HINIZ;2;15.4.1968;2;0
R.CELAL;1;6.8.1946;1;0
NUSNET;1;11.10.1981;0;1
SAHNURA;2;24.12.1951;0;2
MIYSERE;1;1.9.1956;0;1
DEMIRSOY;2;23.5.1954;2;0
FERITE;2;3.4.1946;0;2
MIREHIM;1;29.11.1962;1;0
MEHPAR;1;1.1.1951;1;0
KEZIY;1;27.3.1956;0;1
HACCAGUL;1;6.11.1948;0;1
HEPHANIM;7;19.6.1951;0;7
MUREZA;1;17.8.1954;0;1
MIHFER;3;21.8.1981;0;3
GURCUK;1;25.5.1970;0;1
LAM;1;27.2.1992;1;0
SENKIFE;1;7.8.1940;0;1
MUZUME;1;22.3.1958;0;1
BAZET;2;27.2.1954;0;2
RASBIYE;3;17.8.1955;0;3
DEMIRHANIM;1;19.2.1972;0;1
ESENDER;5;8.10.1973;5;0
VEDAKAR;1;13.5.1980;1;0
HUMES;12;7.1.1950;0;12
KARAIBO;1;17.8.1924;1;0
SABEK;2;2.4.1965;1;1
NAZIKGUL;5;6.9.1976;0;5
ZOHEYDE;1;16.3.1958;0;1
EMUSI;2;27.9.1942;0;2
FELANDA;1;29.9.1985;0;1
ZOVEN;1;26.9.1955;0;1
HATMIE;1;23.12.1963;0;1
EDEM;11;25.8.1968;10;1
AYCAY;1;17.5.1942;0;1
RUKBETTIN;4;5.6.1961;4;0
YURTTESEN;1;27.8.1974;0;1
NURUYAR;1;28.5.1960;0;1
KEYSE;2;19.9.1959;0;2
BAYKES;1;10.5.1982;1;0
MASALALH;1;11.6.1982;0;1
EDAP;2;16.10.1983;0;2
HAKIL;4;8.4.1972;4;0
TAMFER;1;27.9.1990;1;0
MUFUK;1;9.7.1974;1;0
GULENAM;4;12.5.1972;0;4
ZILIYKE;1;22.8.1955;0;1
ABDUSAMI;1;9.4.1982;1;0
ZUMRUTCAN;1;17.12.1990;0;1
HABBIB;3;24.9.1971;3;0
HURMILLET;1;28.5.1970;0;1
NIRGIN;3;3.2.1969;0;3
MEYESEL;1;7.2.1952;0;1
HADZERE;1;2.8.1963;0;1
NEVHEL;6;29.12.1978;6;0
HURIKA;1;23.6.1969;0;1
SERKIYE;7;25.10.1957;0;7
GEJCI;1;11.2.1957;0;1
PENAN;5;29.3.1962;2;3
EFIKA;11;8.3.1956;0;11
ELNARE;19;1.8.1980;0;19
FILURIYE;5;26.5.1958;0;5
NERGIZI;1;17.4.1972;0;1
DIKRETTIN;1;17.4.1960;1;0
UMEYHAN;1;17.8.1978;0;1
GILDANE;1;15.4.1973;0;1
BENGUSUN;1;10.11.1971;0;1
LIMUNE;4;12.12.1968;0;4
ZERULYE;1;29.1.1952;0;1
PERIVEN;1;11.3.1955;0;1
MIRRAN;1;13.11.1959;0;1
MIHBULLAH;1;1.11.1985;1;0
MUHITEKIN;1;22.10.1962;1;0
NEDIMI;2;13.4.1964;1;1
MEYMUN;1;29.6.1965;0;1
ABUZID;2;30.6.1956;2;0
ERBASAR;2;24.8.1967;2;0
ZURIFA;2;29.6.1952;0;2
MERVEDE;1;10.11.1989;0;1
ROUFANA;1;4.10.1977;0;1
BINNER;6;21.10.1975;0;6
RISEN;1;27.7.1938;0;1
IBBAHIM;1;6.2.1975;1;0
GUNESTEN;2;6.5.1944;0;2
MERHI;1;6.8.1977;0;1
SEVVIYA;1;11.10.1975;0;1
CANIZE;2;8.5.1931;0;2
AYKIS;2;14.1.1973;0;2
HASNIGAR;1;20.11.1972;0;1
FLORIYE;3;1.6.1976;0;3
VLAZNIM;1;26.2.1972;1;0
HOSIYAR;1;4.7.1952;0;1
CEMEHAT;1;11.2.1951;0;1
VILJDANE;1;28.3.1977;0;1
FETIJE;1;7.10.1969;0;1
GURSARIYE;1;23.11.1983;0;1
LEGUZE;1;12.5.1959;0;1
GUNEYDOGU;1;18.8.1974;1;0
ZORALP;1;6.10.1987;1;0
AYSUG;2;5.3.1983;0;2
GOKCAYAN;1;27.7.1987;1;0
EDUS;3;17.8.1942;0;3
MISIYE;1;12.2.1959;0;1
SERINAS;1;19.3.1966;0;1
HEBIBURAHMAN;1;12.2.1971;1;0
DILAVETTIN;3;7.1.1953;3;0
GAYRILA;1;12.8.1953;1;0
ILCIE;1;19.3.1975;0;1
IRMI;1;16.7.1968;0;1
IRFETE;2;4.10.1963;0;2
ZENDE;2;1.1.1948;0;2
VIOLANDA;1;10.9.1984;0;1
KALBINAR;1;29.8.1983;0;1
NEDIM.;1;12.2.1971;1;0
NAKISIYE;2;16.7.1946;0;2
ADZER;4;30.9.1963;0;4
UYLUM;2;17.6.1983;0;2
NEMUCER;2;18.8.1957;0;2
MERDIME;3;14.11.1957;0;3
SELUS;1;2.8.1957;1;0
BIYLUN;1;30.1.1990;0;1
MARGA;1;11.1.1965;0;1
HUSNANUR;3;30.6.1977;0;3
ZERRIYYE;1;1.3.1971;0;1
GUHERA;1;22.8.1955;0;1
SAHMAREM;1;10.4.1964;1;0
GAZMEN;1;17.8.1954;1;0
MEKANI;5;23.11.1966;5;0
EMMOSI;1;7.4.1942;0;1
NEMSETTIN;1;5.4.1957;1;0
GULHAMIYE;9;28.5.1960;0;9
ARIFCE;2;29.11.1972;0;2
CANKIN;1;12.10.1983;1;0
ATEME;3;18.10.1954;0;3
MOSURE;1;9.1.1955;0;1
IKLIMAT;2;16.11.1950;0;2
AYDIGAN;2;27.7.1956;2;0
ZELDUZEL;1;26.2.1942;0;1
IZILLI;1;22.2.1961;0;1
NIFAYET;3;22.6.1960;0;3
HURBEY;4;10.7.1965;4;0
DURDENE;8;5.7.1972;0;8
MANIFET;2;7.5.1949;0;2
ALAFETTIN;1;22.2.1961;1;0
LIRIJE;1;28.8.1978;0;1
MADE;2;13.4.1957;0;2
ZURIFET;1;6.1.1982;0;1
SALIHDEMIR;1;2.8.1967;1;0
DJURSEN;1;11.12.1967;0;1
LULETA;1;9.6.1973;0;1
ZENDEN;1;11.2.1964;1;0
AMOSI;1;17.2.1936;0;1
SUVAYIL;1;17.2.1954;1;0
ENKELEYDA;1;28.12.1975;0;1
AYKET;3;18.2.1979;0;3
CUMIYE;5;30.3.1948;1;4
GUHEN;3;9.2.1952;0;3
RIFKIYA;5;10.8.1962;0;5
FEYSETTIN;2;8.1.1963;2;0
NARGYUL;1;19.6.1973;0;1
GUNERDI;5;10.8.1969;3;2
DURIYAN;1;15.7.1965;0;1
MARZIK;1;13.6.1982;0;1
ZITDIYKA;2;1.10.1969;0;2
MUHAYYEL;4;30.11.1955;0;4
IMGAN;1;23.3.1955;0;1
SEHMIHA;1;28.9.1963;0;1
CEHAR;1;12.3.1990;0;1
NURHAYDAN;1;5.7.1974;0;1
ZEDRIYE;1;17.2.1960;0;1
ZAPTIYE;1;26.7.1937;0;1
AJSA;2;24.8.1975;0;2
SAZLIYE;2;10.10.1951;0;2
SIMINA;1;10.10.1965;0;1
SERIYYA;1;13.4.1975;0;1
AYDINGUL;4;27.9.1960;0;4
SUCEADDIN;2;11.3.1973;2;0
VAHABIYE;1;27.6.1950;0;1
SALIMEHMET;20;4.6.1954;20;0
MEZIM;1;1.2.1944;1;0
MUTEZA;2;19.11.1960;2;0
DIYADI;1;7.2.1988;1;0
SERYET;2;21.12.1985;1;1
UNBERA;1;2.2.1927;0;1
TURYA;4;12.1.1970;0;4
MUHEVVER;1;16.3.1972;0;1
SAVGA;4;14.9.1971;0;4
MOALJA;1;6.5.1973;0;1
GARIBEY;2;10.3.1962;0;2
HAMRULLAH;1;7.2.1982;1;0
MEKRUKE;1;27.3.1962;0;1
ISEMETTIN;1;28.3.1974;1;0
MERYEMGUL;3;5.2.1971;0;3
INTISAN;1;17.10.1990;0;1
VELIYYE;5;8.5.1961;0;5
MAHFERUZ;5;21.6.1955;0;5
SUHEYHA;2;14.10.1975;0;2
ELVIDAN;10;14.10.1965;0;10
HAYRINNAS;3;2.9.1963;1;2
VASIYET;4;26.2.1968;2;2
ADDET;1;17.2.1966;0;1
MUGRIBAN;1;28.6.1949;0;1
MECMUN;1;24.1.1971;1;0
HAZAMI;5;16.7.1959;0;5
SEFFETULLAH;2;28.3.1977;2;0
MAFUZE;3;3.7.1959;0;3
AKPER;2;12.9.1970;0;2
KANDILHAYAT;1;26.6.1973;0;1
KEFAFET;1;24.10.1951;0;1
HACIUNER;1;5.10.1954;1;0
HIDAYEGUL;1;12.8.1989;0;1
HAVVI;1;26.5.1971;0;1
SELARE;1;29.9.1960;0;1
NAVRAZ;1;17.2.1972;0;1
AYNISAR;2;28.11.1950;0;2
SAHLUK;1;21.10.1956;1;0
NAZANTE;9;23.1.1959;0;9
SUHMUZ;1;12.2.1959;1;0
EBUSUFYAN;3;5.9.1984;3;0
SENBIYE;4;17.1.1936;0;4
FEIMAN;1;24.4.1972;0;1
EMELJ;1;3.10.1969;0;1
MUIYYET;1;14.2.1952;0;1
GURHANI;5;21.1.1982;5;0
PERVAHI;1;13.3.1965;0;1
SAYBUNUR;1;16.6.1958;0;1
ATEMA;1;20.11.1970;0;1
GOKHEN;2;23.1.1978;2;0
FIRDAOUS;1;24.9.1977;0;1
ABDULRAGIB;1;10.12.1971;1;0
SEVKULLAH;4;10.3.1958;4;0
SILIM;5;23.10.1964;5;0
METBAN;1;8.8.1988;0;1
GULSAYME;1;7.9.1962;0;1
JANKAT;7;4.11.1981;7;0
UZDAN;2;29.2.1977;1;1
MESAFET;1;27.3.1956;0;1
SADRUS;1;26.11.1953;0;1
FIKREDIN;2;8.6.1954;2;0
AYTUNAR;2;2.1.1962;1;1
MUHLIFER;1;2.12.1963;0;1
IBARA;3;26.12.1961;0;3
FARUKHAN;3;17.1.1984;3;0
SERRI;5;16.3.1963;2;3
IYICE;3;11.8.1964;0;3
LIMIZAR;1;4.7.1959;0;1
RUNAYA;1;11.6.1982;0;1
CANGAT;3;6.10.1976;3;0
MAHSIYDE;1;4.3.1983;0;1
GILABIDAN;1;10.4.1962;0;1
SADIVAN;3;17.1.1966;2;1
SAHNA;1;21.9.1952;0;1
FIKREM;2;9.9.1965;1;1
LAZGUL;1;27.2.1980;0;1
ZERAFEDDIN;2;21.2.1956;2;0
ANDE;3;9.3.1984;0;3
BELLIBEY;1;16.4.1958;1;0
ADIKAN;1;26.10.1969;0;1
HACIRETUL;1;14.4.1981;0;1
ABDISAMET;3;23.5.1978;3;0
TOGBA;3;11.9.1964;0;3
HUSIMA;15;2.2.1971;0;15
YEMLIHE;2;23.7.1960;2;0
SONBEYAZ;2;20.4.1972;0;2
NUNURAYA;1;24.4.1967;0;1
SATTUK;2;23.2.1982;0;2
TOKUS;2;24.7.1964;2;0
TAHAFIL;1;20.2.1971;1;0
OCU;1;21.2.1965;1;0
B.ALI;3;25.11.1959;3;0
RAHCAM;1;6.12.1963;0;1
ZARIFEHAN;1;27.10.1970;0;1
ZIYADTIN;3;19.5.1965;3;0
SERMEYA;1;25.5.1967;0;1
NESIBHAN;1;9.5.1940;0;1
RECEPSINAN;1;27.3.1990;1;0
SATUKAN;1;27.2.1956;0;1
HALIBAY;1;8.3.1979;1;0
SALFAT;1;7.2.1964;1;0
MEZUNET;4;2.7.1963;0;4
MENEMCE;1;11.2.1962;0;1
DILEKTASI;1;14.6.1991;0;1
TUMRAY;2;4.11.1982;0;2
ABDULVAFI;1;6.9.1985;1;0
USIDIYE;1;13.3.1947;0;1
ZULFIGUL;5;26.10.1973;1;4
SORSO;1;26.6.1949;0;1
NEVREHAN;2;5.1.1983;0;2
MIDIYER;1;25.4.1966;0;1
BEYATI;2;21.11.1970;2;0
AKTIN;3;4.1.1977;3;0
GULSETEN;1;26.7.1971;0;1
TAYLANBEY;1;6.10.1991;1;0
SELAYMAN;1;12.3.1977;1;0
NEJBET;1;11.8.1964;1;0
SASETTIN;2;26.8.1973;2;0
MYUMYUNE;1;5.10.1984;0;1
ALIRESUL;5;14.5.1957;5;0
SERAREN;1;17.11.1991;0;1
DARAF;5;13.11.1981;5;0
NAZGUN;5;25.5.1967;0;5
ZAZIMET;1;12.2.1953;0;1
FAZEYIR;1;22.2.1991;1;0
MERUMAN;1;25.4.1960;0;1
GULUSME;1;2.3.1945;0;1
ISPAHATTIN;1;9.5.1946;1;0
SABDULLAH;5;12.11.1958;5;0
SEVEDA;2;28.1.1968;0;2
JEYHAT;1;28.4.1992;1;0
BIYAETTIN;1;23.3.1953;1;0
RIPKIYE;1;30.5.1973;0;1
BEYDER;1;28.12.1981;1;0
MOHUT;1;2.2.1951;1;0
BAGDISE;1;8.3.1975;0;1
SURYETE;5;19.1.1972;0;5
BINERIS;1;27.2.1962;0;1
HUDHAN;1;27.2.1980;0;1
KUZUDIYE;3;2.12.1968;0;3
HUSUYE;3;16.11.1966;0;3
MAHINURIYE;1;19.1.1948;0;1
KURABIYE;4;13.6.1964;0;4
HACIRAHMAN;1;12.3.1992;1;0
HEMID;3;22.4.1969;3;0
ERGULJ;1;24.3.1970;0;1
NAZISTAN;2;19.12.1964;0;2
HAZINA;3;24.2.1975;0;3
FERUZUN;5;28.7.1968;3;2
IKBALHAN;2;23.1.1986;2;0
MIHRUZE;1;11.6.1963;0;1
AYESEL;1;7.5.1963;0;1
NARISIS;1;22.8.1925;0;1
NAMIKBEY;1;11.2.1967;1;0
CEHANAL;1;26.2.1967;0;1
MERCE;1;23.11.1985;0;1
MAHCIR;2;30.9.1957;0;2
EMINTUNCEL;1;16.11.1985;1;0
MUFRIHAN;1;2.4.1957;0;1
VESFETTIN;4;22.12.1957;4;0
ZILYET;5;15.1.1977;0;5
YASKIN;2;24.5.1974;2;0
GULDENHAS;2;29.9.1964;0;2
VELIYME;11;3.11.1971;0;11
NESVEN;1;22.2.1991;1;0
REFITTIN;1;11.2.1938;1;0
MAHSUMAN;2;4.4.1972;0;2
ERZAFIL;1;2.10.1963;1;0
PERCAHAN;2;19.4.1960;0;2
AYBAZ;7;10.3.1971;6;1
TAVRUZ;4;8.11.1952;0;4
SAHIDENUR;1;2.7.1987;0;1
ZORBEG;2;4.2.1973;2;0
BAKIN;2;12.1.1966;1;1
SELYATIN;1;2.3.1983;1;0
BEYBUT;2;12.4.1971;2;0
TEUTA;3;6.9.1970;0;3
ZENDA;2;2.8.1933;0;2
SAKIMET;2;11.1.1953;0;2
HAZBIJE;3;21.11.1963;0;3
MEHOS;2;17.2.1947;2;0
NEVCHIS;1;1.2.1974;0;1
ONKA;2;28.12.1949;0;2
YASEBE;1;6.6.1981;0;1
SHGIPONJA;1;29.3.1979;0;1
CRINA;2;5.6.1979;0;2
SICARE;1;26.4.1975;0;1
SEMSUN;1;7.8.1934;0;1
ZULEYGA;3;2.3.1966;0;3
MAKHIRA;3;5.4.1962;0;3
SALAMADDIN;1;8.1.1982;1;0
MESIR;2;20.1.1962;1;1
UZRET;1;2.8.1951;0;1
HACMAN;1;4.4.1969;0;1
ESMAY;5;6.12.1982;0;5
SAHIVAR;1;20.5.1953;0;1
FATTE;2;24.9.1958;0;2
TULAYDIN;1;22.3.1967;0;1
SELVIGNAZ;1;18.12.1972;0;1
MITIYE;2;1.2.1967;0;2
OYCA;2;20.1.1986;0;2
ESMAIN;5;2.4.1949;5;0
AYKUTYASAM;1;18.3.1977;1;0
NEBIB;2;14.7.1981;2;0
MUNNEZIL;1;9.12.1978;1;0
MUBARET;2;28.12.1974;1;1
PERIZHAN;2;4.1.1943;0;2
FILGEN;3;24.9.1977;0;3
SEYYAMI;6;8.9.1957;6;0
TILKINAZ;1;27.7.1968;0;1
NECEFET;1;26.2.1953;0;1
SEVENC;2;15.9.1970;2;0
DIAKIADI;1;3.9.1974;0;1
MURUBAH;1;3.6.1961;0;1
SAGUP;11;18.1.1969;11;0
NAHBI;1;10.2.1964;1;0
MOMINAT;4;21.6.1961;0;4
URFAYI;4;28.3.1971;4;0
MUSAR;5;1.6.1964;5;0
MIZRAH;1;27.3.1962;1;0
SADIERTAN;1;29.2.1967;1;0
GULBAS;4;25.4.1943;1;3
NEMNUNE;1;7.5.1962;0;1
KIYIK;1;22.8.1955;0;1
MUKELSIM;6;2.7.1981;0;6
ZAYRET;1;22.4.1973;0;1
MAHSULI;1;13.1.1970;1;0
ICLET;1;16.5.1977;1;0
BILIND;2;23.12.1980;2;0
UMESAN;1;23.10.1981;0;1
CEMAVAT;1;12.8.1953;1;0
MUKLEMIN;1;18.10.1986;0;1
DILBEZER;3;12.12.1963;0;3
HAFSIYET;1;27.11.1970;0;1
CANIKLI;1;12.8.1929;0;1
MUREYDA;1;30.3.1972;0;1
TEMIRLAH;1;23.3.1967;1;0
NEVIYET;3;12.5.1971;0;3
BARAET;2;6.12.1970;0;2
BILARE;1;18.3.1968;0;1
IMADULLAH;1;16.2.1969;1;0
MUJDEDDIN;1;22.2.1967;1;0
LUTFEDDIN;7;5.5.1970;7;0
OKCUN;5;16.10.1979;5;0
TAHETTIN;2;30.7.1964;2;0
ADANAN;2;18.1.1964;2;0
GUDE;1;6.10.1985;1;0
PEDRAM;1;24.4.1992;1;0
KORMAZ;1;4.5.1972;1;0
DEVRAL;3;10.7.1980;3;0
ZEHRIBEK;1;6.4.1972;1;0
TAMIZ;1;14.9.1958;0;1
HOSTUK;1;27.2.1950;1;0
RISELET;2;28.1.1956;0;2
SONDEN;2;10.1.1978;0;2
HURDENIZ;2;26.6.1989;1;1
GULFADE;4;30.1.1968;0;4
MUCDEBA;5;23.2.1968;5;0
HASNIKAR;1;22.4.1947;0;1
PELUR;2;4.12.1970;2;0
MESEN;1;22.6.1963;0;1
MAHANDIS;1;22.2.1961;1;0
SONALI;13;19.9.1978;13;0
HATEMA;2;4.2.1962;0;2
MAURICE;2;5.8.1955;2;0
ISLAHAN;2;7.7.1984;1;1
ABAHAT;7;26.7.1965;0;7
ORDUYEN;1;22.2.1967;1;0
CUVEYLIYE;1;28.8.1977;0;1
SAHRUBAT;1;7.2.1976;0;1
KAZMAN;2;8.3.1971;2;0
GULLUBEG;1;6.2.1950;1;0
SEREFNEL;1;24.2.1939;0;1
DUKER;1;15.5.1942;0;1
RESALIYE;1;22.10.1967;0;1
ZEHTI;6;9.1.1961;6;0
GURBIL;3;7.9.1974;1;2
ALID;1;24.4.1935;1;0
MUMTAZEN;1;22.1.1979;0;1
ZELBI;1;30.2.1951;0;1
NUCAHIN;1;12.7.1972;1;0
AYGIL;4;28.2.1974;0;4
KUDRETLI;1;1.3.1958;1;0
UGULAY;1;30.3.1990;1;0
MERTTAS;1;30.12.1986;1;0
HISSAM;4;26.11.1970;4;0
HAZAFFER;1;7.6.1961;1;0
GEMER;4;24.3.1962;0;4
TODOR;1;26.5.1977;1;0
HACISERIF;1;2.1.1981;1;0
KAMANDAR;4;14.7.1962;4;0
YIMLIHA;1;14.5.1971;1;0
BAHTISEM;2;22.6.1974;0;2
BIRBAHAR;3;27.2.1976;0;3
MULKIYEN;2;25.12.1974;0;2
MILEYLA;2;4.8.1957;0;2
GEORGI;5;10.8.1957;5;0
AHTEM;1;1.11.1959;1;0
HIRISULA;2;20.10.1946;0;2
SELDAH;4;29.8.1971;0;4
ULUPINAR;1;9.10.1974;0;1
SLAVCO;1;17.10.1961;1;0
SELIZAN;1;8.10.1982;0;1
NEDJLIA;1;21.7.1981;0;1
EMRESINA;1;17.5.1980;1;0
MELASER;1;2.5.1969;0;1
RAKENAN;1;9.12.1934;0;1
AKKIF;1;18.9.1970;1;0
RAKHIMA;1;8.8.1953;0;1
MUJDECAN;1;25.1.1987;0;1
AYVAZBALLI;1;12.1.1942;1;0
TAYKUN;4;3.7.1959;3;1
BEHLUR;1;30.8.1973;1;0
BESIRCAGDAS;1;26.11.1985;1;0
GYULNARA;2;9.6.1973;0;2
HUSRIYE;9;26.11.1963;0;9
NUKED;2;11.4.1949;0;2
ULSA;1;16.11.1966;0;1
EGINC;1;8.10.1981;1;0
M.FATMA;1;17.9.1929;0;1
FETISLAM;2;7.5.1965;2;0
GURSALAY;1;24.10.1968;0;1
BELET;2;24.4.1957;2;0
FILGUN;1;4.11.1964;0;1
MAGFUR;4;25.7.1960;3;1
NURIC;5;10.9.1954;0;5
VARTGEZ;1;7.4.1934;1;0
SULEYMANHAN;2;18.1.1972;2;0
PEVRUZAT;1;12.3.1962;0;1
BETULBERIL;1;26.1.1953;0;1
MEHVIS;1;11.6.1962;0;1
TUNACAGLAR;1;12.6.1990;1;0
NAMSEL;1;9.9.1948;1;0
KHAYALA;2;5.4.1982;0;2
BUTUNZER;1;27.4.1956;0;1
MOHU;1;17.6.1935;1;0
SAFDAR;2;22.1.1950;2;0
NERVUZE;1;21.2.1965;0;1
ESFE;3;20.7.1960;0;3
JESMIN;3;29.12.1976;1;2
NEDJMIYE;1;3.5.1946;0;1
FEDAET;3;14.5.1967;2;1
ELIFSER;3;26.10.1968;0;3
PILADA;1;22.11.1952;0;1
ISMAILAGA;1;25.11.1948;1;0
SUKRANNUR;1;11.2.1966;0;1
BERIH;1;6.12.1973;0;1
SERKOZ;1;3.2.1983;1;0
FIDANNAZ;1;24.6.1975;0;1
EMIRSADIK;1;17.8.1936;1;0
AYKHAN;1;26.11.1976;1;0
BARISCEM;1;29.1.1991;1;0
FATMANIL;1;5.11.1982;0;1
SEBBAL;3;21.1.1963;0;3
NEHZAT;2;9.10.1952;1;1
SEVALJ;1;8.3.1965;1;0
RIVALE;1;12.8.1953;0;1
SIRELI;1;28.5.1972;1;0
MEHAMET;6;14.2.1946;6;0
DEBBY;1;15.9.1974;0;1
HANIMKIZI;1;13.4.1971;0;1
BASBAKAN;1;19.10.1975;1;0
BENTAN;1;27.4.1978;1;0
RAYISA;2;16.10.1963;0;2
GULEYZE;3;24.4.1958;0;3
ILAYKAN;1;30.3.1991;1;0
ZAHILDE;1;7.2.1978;0;1
SUHIDDIN;1;2.8.1921;1;0
KADEF;5;20.10.1961;0;5
INTIKAL;5;5.5.1971;2;3
NUREYDA;2;8.12.1982;0;2
NIVRIYE;1;21.3.1975;0;1
YENIZAR;1;7.2.1964;0;1
FOLKAN;1;1.3.1978;1;0
IZZETBEY;2;12.1.1954;2;0
TUNAYA;2;19.11.1973;0;2
ISPARTA;1;27.8.1961;0;1
DELIBALTA;1;14.5.1954;1;0
SEKNE;4;16.3.1952;0;4
BARSO;1;17.6.1934;1;0
SAHMEZET;13;24.2.1943;0;13
NAZREDDIN;1;7.6.1952;1;0
ULASTI;1;7.2.1970;0;1
ULUEKBER;1;1.6.1966;1;0
SELVIRE;3;8.4.1956;0;3
EYUPPASA;2;20.8.1960;2;0
MUKABIL;1;19.11.1982;1;0
CINARIYE;1;17.8.1990;0;1
CIMVIS;1;2.6.1975;1;0
GOMERE;1;2.3.1963;0;1
FERMAKAN;1;7.2.1976;1;0
BAGDANUR;2;6.7.1977;0;2
MUKAYYIT;4;21.6.1959;4;0
SEMIYEGUL;7;27.4.1971;0;7
ZEHRATA;1;8.3.1932;0;1
FERUKE;1;24.3.1978;0;1
VEZDIN;1;14.1.1975;1;0
HURUGUZEL;8;9.6.1961;0;8
CANOKAN;6;20.6.1978;6;0
INNAYET;3;17.12.1962;0;3
REFIC;1;27.8.1938;0;1
TILUN;1;22.8.1976;0;1
AGLAR;5;5.2.1978;3;2
TAMINDAR;5;13.6.1946;5;0
BEDISEFA;1;6.8.1938;0;1
SOZCAN;10;7.7.1974;6;4
VEZENGUL;1;21.10.1965;0;1
FINAN;2;6.4.1945;0;2
TAMAMA;3;17.11.1936;0;3
UNSAF;1;11.6.1975;1;0
MAYZES;1;12.8.1971;0;1
MAYIMA;1;9.5.1964;0;1
SENYASAR;3;19.2.1961;1;2
GULUNCE;1;1.10.1980;0;1
YUSMA;8;22.3.1947;0;8
SUMANNI;2;28.7.1958;2;0
MUHASERE;1;10.8.1972;0;1
PANTUL;1;9.6.1942;0;1
SILNAZ;1;21.11.1980;0;1
ALGUZEL;1;27.5.1950;0;1
SEHENBER;2;4.8.1974;2;0
KULTURHAN;1;6.9.1966;1;0
BINEYA;1;27.2.1962;1;0
PERVENT;2;22.8.1979;2;0
VASILIYA;1;21.6.1932;0;1
ZIYAABIDIN;1;21.5.1939;1;0
NESHECAN;2;18.4.1965;0;2
BERKSIN;4;27.10.1975;3;1
ALTUNTERIM;2;18.7.1954;0;2
BAIR;1;25.8.1950;1;0
KUBANUR;1;6.11.1988;0;1
ABDULLAHZAHIT;1;1.11.1990;1;0
CANVELAT;1;29.11.1987;1;0
DAVUSTAN;2;9.7.1975;2;0
BOZKAYA;1;12.2.1971;1;0
OSTEN;3;30.7.1965;0;3
MEDETE;1;29.9.1943;0;1
FUJEN;2;15.7.1966;0;2
ALTES;4;5.5.1975;3;1
GAEL;1;19.1.1966;0;1
PIRE;1;21.7.1953;0;1
EVRENSEV;1;4.9.1976;0;1
HARGAN;1;9.1.1973;0;1
BELVU;4;28.9.1979;1;3
GENCHAN;6;11.1.1982;6;0
YURTTEMEL;2;21.11.1956;2;0
RUCKAN;1;1.7.1964;0;1
TEMIMDAR;8;13.4.1962;8;0
UMUYAN;2;17.5.1957;0;2
KADIRBEY;2;13.6.1947;2;0
DINCHAN;6;1.5.1974;6;0
IRSEN;3;28.7.1972;0;3
EMIRTUMEN;1;30.4.1956;1;0
ZAHARULA;1;12.4.1959;0;1
KADRIGUL;1;14.3.1966;0;1
BEYAZITIL;1;11.8.1955;1;0
SUBATI;1;1.5.1978;1;0
ASDA;1;15.12.1980;0;1
SEMAHICRAN;1;21.1.1973;0;1
TAPTUK;4;1.10.1987;4;0
SULAFER;1;11.3.1967;1;0
MERME;2;2.12.1935;0;2
MUHRAN;7;23.10.1970;1;6
BERHUNDE;1;26.11.1988;0;1
CEMALEDTIN;2;12.10.1971;2;0
ELAMI;7;4.5.1963;4;3
HILVANI;2;2.7.1977;2;0
MECLUR;1;1.10.1991;1;0
RUZETE;1;12.9.1953;0;1
ZURANE;1;7.9.1987;0;1
KUMSA;1;9.3.1964;0;1
BEHEDIYE;1;17.8.1977;0;1
MUFEL;6;25.9.1968;6;0
EMRULA;3;8.10.1971;3;0
NURSIZE;5;25.1.1982;0;5
BEYZIM;1;16.11.1988;1;0
SULEYA;6;2.9.1964;0;6
GULBINYE;1;12.6.1971;0;1
MIRSAIT;1;7.1.1982;1;0
HEDIYESI;1;5.1.1938;0;1
SEBAHATTEN;1;12.8.1959;1;0
BADSABAH;1;7.2.1950;0;1
SANAAT;6;21.6.1970;0;6
RASSIM;3;3.3.1956;3;0
SEVCINAR;2;2.2.1980;0;2
MUBEYE;1;7.9.1960;0;1
UZBEY;5;11.12.1951;5;0
BALLIGUL;1;12.3.1972;0;1
MEHMETSEFIK;5;3.5.1962;5;0
NURIYIDE;1;7.2.1964;0;1
BEMZI;1;27.8.1981;0;1
MIRKASIM;1;5.2.1990;1;0
SELAYITDIN;1;18.2.1966;1;0
BELKINAS;1;22.6.1970;0;1
MUSELVER;1;16.10.1956;0;1
SEYHSAIT;1;17.1.1954;1;0
KANAHAT;2;2.8.1969;0;2
NAZIE;7;22.5.1969;0;7
MUSEBE;4;17.1.1950;0;4
CUMASIN;1;14.7.1958;1;0
SANSAR;3;4.4.1973;2;1
MEHIBAN;1;7.4.1934;0;1
DILAVERDI;3;19.6.1982;3;0
HADJER;4;27.11.1963;0;4
CEMALITDIN;2;19.3.1970;2;0
YESIMGUL;3;20.3.1984;0;3
NEDRIE;2;17.2.1977;0;2
VEBIE;1;1.7.1956;0;1
NEZEKE;1;2.3.1957;0;1
BEYTIMURAT;1;28.1.1980;1;0
SUHIDA;2;24.5.1958;0;2
MINASIE;1;8.3.1950;0;1
GULGOZ;1;2.5.1987;0;1
GULLICE;1;17.2.1956;0;1
REVAYIDDIN;1;23.7.1955;1;0
FEYNE;1;21.4.1953;0;1
MANAV;3;26.12.1970;2;1
SEZIHAN;13;25.4.1953;0;13
MUCAHEDDIN;2;30.10.1975;2;0
SADIYEGUL;2;17.9.1972;0;2
BEHINOR;1;29.2.1961;0;1
SIYEZEM;1;26.2.1960;0;1
USAM;7;17.5.1967;7;0
SELAVIYA;1;25.9.1967;1;0
SIRACADIN;1;27.2.1968;1;0
DEYMEN;1;4.2.1981;1;0
HENSIRE;2;14.8.1965;0;2
NEHRIDIN;1;11.11.1976;1;0
GJULFANE;1;21.10.1969;0;1
NURPIR;1;22.10.1983;0;1
LEVENTE;3;11.5.1980;0;3
GULDZAN;1;26.11.1978;0;1
NARIKA;1;26.11.1963;0;1
ALINAY;1;9.4.1970;0;1
HAZIYIN;1;13.12.1945;1;0
SISAR;1;1.6.1937;0;1
ANIYISE;1;12.5.1989;0;1
SEYHASIM;1;7.8.1988;1;0
GYULER;1;12.7.1976;0;1
ECMAL;7;21.8.1974;2;5
MUNTEHIYE;2;8.12.1964;0;2
KURTBE;1;1.10.1972;1;0
CUMELI;1;7.5.1964;1;0
MUSEMMIYE;2;13.1.1947;0;2
SUGUDIYE;1;2.2.1963;0;1
CUMENT;1;22.11.1984;1;0
KOCTAYIR;1;22.12.1979;1;0
LUTFISAH;3;30.3.1966;3;0
EBABIYE;2;2.5.1953;0;2
BERIMAL;1;11.2.1982;0;1
BILYANA;1;7.9.1978;0;1
SEVZA;2;23.7.1985;0;2
SALIDEMIR;2;5.6.1971;2;0
NURDEK;1;9.2.1973;0;1
PERINCE;1;27.3.1974;0;1
PANKULOT;1;4.3.1951;0;1
KATE;3;14.7.1978;0;3
ZOVGIYA;1;21.10.1954;0;1
KIBIRHAN;1;1.1.1969;0;1
EMIZADE;3;27.3.1958;0;3
IRTER;1;18.8.1956;1;0
ERPAL;1;20.2.1961;1;0
ZELLA;3;13.1.1963;0;3
MURTEM;2;17.10.1954;0;2
ZEYNIP;2;22.11.1978;0;2
SUREM;1;26.5.1960;0;1
GUBAN;1;22.2.1955;0;1
UMITBABA;1;12.2.1983;1;0
RESAL;1;23.7.1982;1;0
ICSEM;1;12.4.1983;0;1
SADDEN;1;27.2.1968;0;1
RAHSAPINARGI;1;24.2.1975;0;1
MUKELLEME;1;17.11.1951;0;1
GJULFER;1;22.12.1982;0;1
TEVVIDE;2;14.4.1966;0;2
KAYIN;5;2.8.1966;4;1
NERIMINAN;1;24.11.1962;0;1
HUDEYBE;2;20.6.1954;0;2
GULSEPEN;1;28.8.1983;0;1
ERAS;3;28.10.1977;3;0
NEFKI;1;3.3.1985;1;0
YURDAVUC;1;3.6.1946;0;1
EMINGUL;3;6.3.1976;1;2
DAGTEM;1;26.11.1984;0;1
HATEMITEY;1;27.8.1926;1;0
HEYVDA;1;19.9.1984;0;1
SUHBETULLAH;5;15.6.1981;5;0
ACMAGUL;4;27.6.1969;0;4
ABDULVEHYETTIN;1;28.4.1956;1;0
TUCCABI;1;19.9.1953;0;1
MANAVRA;1;6.1.1983;1;0
SEFADIE;1;16.12.1973;0;1
HAVZEMIN;1;30.4.1966;0;1
YURSAT;1;18.4.1960;1;0
IZNAMEDIN;1;16.4.1961;1;0
GUNNAZE;3;3.10.1969;0;3
GUFCIN;1;25.9.1967;0;1
EJDERADIL;1;9.3.1959;1;0
MEMETLETIF;8;29.11.1963;8;0
HIFIZALLAH;1;5.3.1967;1;0
MALISAN;1;22.2.1967;1;0
SARPYAMAC;1;17.12.1985;1;0
GULDAMIS;3;29.8.1979;0;3
MEHMETSELA;1;28.3.1968;1;0
YAZANFER;1;30.1.1967;1;0
MUHTISIN;2;2.2.1971;2;0
DINIBEY;1;26.1.1935;1;0
OGUZBEY;3;1.1.1978;3;0
HILYAS;3;29.6.1963;3;0
BIRGUR;2;15.1.1970;1;1
NANGUL;2;15.10.1970;0;2
SEVGILAN;4;19.4.1976;4;0
NAHARIYE;3;14.1.1943;0;3
TURVANT;2;7.8.1934;0;2
NABAAT;4;4.12.1967;0;4
SENGULJ;1;15.2.1976;0;1
REVZEFE;1;11.5.1974;0;1
CILESIZ;1;2.2.1969;1;0
GOVSEL;1;6.5.1948;0;1
ASMED;1;21.1.1979;0;1
KIYMAFELEK;2;23.1.1941;1;1
PANGULOT;2;15.10.1950;0;2
KANDENIZ;1;6.9.1984;1;0
EFLETUN;3;17.2.1968;2;1
OKTAYHAN;1;6.7.1954;1;0
NEDRISA;3;26.12.1969;0;3
MEFTIYE;1;27.8.1969;0;1
MIRTEN;3;25.10.1971;0;3
ABDULRRAHMAN;2;8.4.1956;2;0
SUHRIYE;4;28.1.1977;0;4
EVDIL;4;16.9.1985;4;0
PAKHOS;1;20.4.1991;1;0
GULVADI;5;21.12.1969;0;5
NEVSEDUDU;1;17.2.1972;0;1
ITIRAZ;1;19.2.1973;0;1
RAADET;3;29.1.1974;0;3
IMMANE;3;4.3.1968;0;3
TEMELI;2;11.12.1975;1;1
HAYRUGE;1;26.11.1964;0;1
GULZARA;3;16.10.1970;0;3
FAIROUZA;1;17.12.1975;0;1
SAYITHAN;3;28.3.1969;3;0
EBLACIM;1;19.3.1959;1;0
GULSAMIN;1;26.2.1954;0;1
RAKIZE;7;25.2.1960;0;7
NERDANA;1;9.3.1971;0;1
REFZETE;1;29.5.1960;0;1
ERAYA;1;15.4.1973;1;0
ENDERBEY;1;22.3.1977;1;0
MAGDUR;5;21.7.1984;5;0
IZADET;1;28.5.1950;0;1
EKSIN;2;24.10.1959;2;0
DZHEYLYAN;1;18.9.1981;0;1
TEZGULER;2;19.3.1976;0;2
URIFI;5;12.12.1972;4;1
SEVBENUR;1;14.4.1975;0;1
SAMBEY;1;7.10.1958;1;0
ERTORAL;2;11.11.1948;2;0
HUSNIGUZEL;1;29.12.1953;0;1
RABANA;1;21.3.1975;0;1
HANLARBEY;1;18.2.1972;1;0
ZERTUN;1;7.6.1970;0;1
DURDEGUL;1;15.7.1976;0;1
YALNIZ;2;15.2.1988;1;1
SOHER;1;12.2.1965;0;1
FIKIRYA;1;27.2.1974;0;1
ILHAMIT;1;16.3.1976;1;0
HALSIME;1;24.4.1973;0;1
MAZBUT;2;29.5.1978;2;0
SAHIZARE;1;4.3.1929;0;1
BOS;1;18.9.1953;0;1
HURISEHER;2;18.4.1956;0;2
BESRAMI;1;2.2.1981;0;1
MEJGUL;3;5.9.1972;0;3
VARTUYE;1;28.8.1967;0;1
OYNARGUL;3;1.1.1966;0;3
IMMISALE;1;1.3.1965;0;1
GECAY;3;18.7.1971;3;0
GURHAL;4;6.1.1973;3;1
FAYDI;1;27.8.1926;0;1
HESENI;1;1.5.1971;1;0
ISMINAR;12;24.10.1971;0;12
BELURMAN;1;17.2.1972;1;0
ALIRIFAT;5;13.3.1964;5;0
SEHAMETTIN;26;12.12.1944;26;0
FERMUT;3;19.10.1942;0;3
SENCERHAN;1;15.9.1989;1;0
GELDIYAZ;1;24.3.1973;0;1
OZNURAN;2;11.7.1942;0;2
ZINMET;2;30.12.1966;0;2
HANIMEH;1;14.10.1979;0;1
MAHPULA;3;12.4.1960;0;3
MEHMETMETIN;1;23.2.1985;1;0
HANIMPERI;1;13.2.1941;0;1
SELENCAN;1;16.1.1983;0;1
IVRE;12;30.10.1957;0;12
HACISALIH;1;26.3.1965;1;0
IHMINAZ;1;15.4.1975;0;1
MEYRAC;2;27.6.1964;2;0
MUCEDDI;1;22.2.1967;1;0
OGUZORHAN;1;17.10.1959;1;0
ZEKAVAT;2;5.9.1956;0;2
RESADDIN;3;28.4.1966;3;0
SADEBIRGUL;1;22.2.1961;0;1
DATLIHANIM;1;12.8.1929;0;1
TIYATIRO;1;1.2.1946;0;1
HAMAMZER;3;11.2.1957;0;3
UNNAH;1;21.7.1983;0;1
EMRANE;6;17.2.1956;0;6
KANYE;3;15.6.1978;0;3
HANIMAZIZ;1;22.3.1956;0;1
KARIPBEY;1;18.3.1972;1;0
ELMANUR;1;25.7.1982;0;1
MATLI;2;2.3.1966;0;2
ASFENDER;1;12.2.1965;1;0
DUZO;2;21.8.1964;2;0
ASIREF;1;6.3.1951;1;0
TELERMIS;1;21.4.1948;1;0
NEFISETE;6;27.10.1967;0;6
FAZAT;1;8.12.1970;1;0
DANEHAN;1;13.9.1980;0;1
BUMADIYEN;1;22.10.1973;1;0
FAZIYET;3;12.4.1972;0;3
GULMIZ;1;17.2.1966;0;1
SAISDE;1;16.4.1951;0;1
SEGKASIM;1;14.9.1959;1;0
SAHBENDIYAR;1;1.3.1956;1;0
MULUGSA;1;27.2.1944;0;1
MEHURA;1;24.9.1944;0;1
OZMETTIN;2;3.1.1973;2;0
SEHADA;1;30.5.1979;0;1
REHAZE;1;30.4.1970;0;1
SOFUYE;1;16.2.1957;0;1
SAHBUDAK;4;6.1.1944;4;0
RAHYETE;4;17.8.1981;0;4
YADDIN;4;26.4.1974;4;0
OLACAK;1;7.2.1982;1;0
NADIMA;3;5.3.1960;0;3
DEVRENGUL;1;11.11.1982;0;1
REIHAN;1;19.9.1965;0;1
SAHSIYET;1;23.10.1987;0;1
ULHADIYE;1;18.11.1983;0;1
HIVZULAH;1;30.1.1971;1;0
EZIFET;2;4.10.1947;0;2
FURUZIYE;6;10.5.1961;0;6
SATIBE;5;21.6.1973;0;5
MESKUN;1;28.8.1977;1;0
CUNAYET;1;17.1.1972;1;0
HEDYETTULAH;1;1.4.1983;1;0
TEFIT;1;1.12.1973;1;0
MUGALLE;1;21.4.1963;0;1
NIZAHTIYE;1;17.12.1960;0;1
FAYIZAR;1;28.5.1932;0;1
FAVASIN;1;27.4.1980;0;1
MUHDALIP;1;17.2.1972;1;0
AYDOHAN;2;20.12.1973;2;0
UMEYHA;1;6.10.1983;0;1
HAFYETTIN;2;19.6.1984;2;0
SEFERUS;3;1.2.1957;0;3
ALIAKAN;1;9.9.1970;1;0
KIYAMI;4;23.11.1961;4;0
MULKAY;3;6.4.1963;0;3
BEYITIYE;1;3.4.1954;0;1
YESILYURT;3;12.3.1974;1;2
GURMENEK;1;9.7.1964;0;1
AKTERIN;1;2.10.1970;1;0
NURUFLU;1;28.3.1953;0;1
IFRAS;1;16.4.1964;1;0
MIDYEN;1;25.12.1984;0;1
SOYLEHAN;2;25.2.1969;0;2
INGINAR;2;26.7.1963;0;2
MUHBEL;1;27.6.1970;0;1
HAHET;1;21.7.1989;0;1
MUZRAP;4;14.10.1961;4;0
SINAMGUL;3;3.3.1960;0;3
IRESUL;2;2.11.1965;2;0
SUSENBEK;3;21.9.1946;0;3
FENGUL;2;16.3.1976;0;2
NIZAMEDTIN;3;18.10.1966;3;0
BUNUSMI;1;27.1.1952;1;0
ZEKIMET;1;1.7.1930;0;1
UMUGULSEN;2;4.6.1964;0;2
TOHNE;1;2.2.1947;0;1
LULI;1;27.2.1962;1;0
DILHURI;2;3.1.1969;0;2
ZAHRAYI;1;25.10.1978;0;1
ALIAYDIN;6;12.12.1967;6;0
VEHBIKOC;1;21.6.1969;1;0
HUMAZE;1;4.5.1945;0;1
GULSAHIR;2;2.2.1966;0;2
GULIRAN;1;2.2.1969;0;1
JULVIE;1;8.2.1975;0;1
BEZIGUL;2;1.7.1978;0;2
OZELTURK;1;29.5.1978;1;0
YUKLEM;1;1.12.1979;0;1
SIYAVSAH;1;21.4.1964;1;0
NUSHALI;1;12.8.1923;0;1
MUSIRIYE;6;19.1.1971;0;6
SARIMELEK;3;5.4.1948;0;3
UMUSANA;3;6.4.1974;0;3
FAINUR;3;2.12.1957;0;3
KEKILLI;2;12.4.1952;2;0
EMINUR;7;1.10.1983;0;7
EDE;3;16.11.1976;3;0
SEDEVGUL;1;21.5.1983;0;1
GUVENALI;1;10.1.1976;1;0
HUSNIE;2;22.8.1957;0;2
MEHPER;2;26.7.1973;1;1
IHAB;2;7.1.1975;2;0
MAYNAS;2;8.9.1964;0;2
TAYFUNCAN;3;5.1.1991;3;0
SECERE;2;12.12.1964;0;2
GULSUNDU;1;23.2.1965;0;1
HAYRUNUSSA;2;27.12.1955;0;2
AYDERI;1;28.12.1940;1;0
KAFIME;1;22.2.1955;0;1
YAHIYE;9;10.2.1961;9;0
SEZGIL;3;18.9.1975;0;3
GOGVCE;1;18.5.1972;0;1
PERTIF;1;22.2.1979;1;0
SEMINGUL;8;15.10.1973;0;8
SEKIZADE;1;4.6.1951;0;1
KIRMIZSIYA;1;21.4.1960;0;1
TELLIAGA;1;1.3.1962;1;0
NIRHAN;3;30.11.1967;0;3
SAHBETTULLAH;2;7.5.1969;2;0
SAHME;2;29.11.1968;0;2
FERAMES;1;12.8.1959;1;0
GULEZDI;2;1.9.1954;0;2
AYSUNSEHER;1;12.10.1976;0;1
ZELTUN;1;30.12.1977;0;1
ALIFAT;2;26.5.1961;2;0
DILCEN;4;29.8.1985;0;4
TUYIN;1;13.10.1969;0;1
MELISU;2;9.4.1991;1;1
SEHLIS;1;17.2.1966;1;0
ERSENAY;2;24.2.1979;2;0
MULKIYEZ;1;29.8.1981;0;1
SAHBALI;1;17.2.1954;1;0
HULIKET;4;29.5.1978;0;4
NEJLIA;4;6.1.1980;0;4
SURAHANIM;1;28.3.1971;0;1
AYCENK;2;13.9.1982;2;0
AGAYAR;2;16.12.1956;2;0
ABDULBAYRAM;1;4.1.1981;1;0
CEHILE;2;5.3.1979;0;2
ILKET;1;6.11.1974;0;1
HYULIYA;1;17.11.1984;0;1
GULENDEREN;2;9.3.1962;0;2
SIYET;1;17.4.1989;0;1
NUTHULLAH;2;1.5.982;2;0
SEVINTCH;5;8.6.1980;0;5
AMERYEM;1;9.2.1944;0;1
PAYADDIN;1;3.3.1963;1;0
RUDJAN;1;6.5.1978;1;0
NAHSA;1;16.10.1926;0;1
AGE;1;27.2.1974;0;1
UMMEHA;3;14.11.1960;0;3
GYULCHEM;1;18.10.1978;0;1
TAALLER;1;6.1.1967;1;0
MUDAYIN;1;8.2.1986;1;0
NEDAGUL;1;17.6.1975;0;1
OMRUGUL;3;24.11.1965;1;2
NURIALI;6;17.10.1957;6;0
SEGMUR;1;23.9.1959;1;0
ABASALI;1;14.9.1962;1;0
SALFE;1;3.8.1977;0;1
HANZARA;1;23.7.1948;0;1
KEHLAN;1;11.2.1973;1;0
MUFDU;2;12.11.1959;2;0
ROUVEYDE;1;26.10.1975;0;1
AYGIT;3;18.4.1983;3;0
FEZCA;1;14.3.1965;0;1
EYSANI;1;12.2.1965;1;0
MEMSIGUL;1;26.5.1976;0;1
JALDS;1;24.9.1977;0;1
NEYIDIM;1;9.10.1973;1;0
NAZIKDE;4;1.1.1962;0;4
ADLAL;1;4.3.1975;1;0
ENCAM;1;17.3.1972;1;0
SEYEN;1;24.5.1990;0;1
MUFRUCE;1;2.2.1969;0;1
AGIGAT;1;14.4.1965;0;1
GEVAT;1;1.6.1949;0;1
RAHNI;2;10.1.1966;1;1
TEKMINUR;2;3.4.1961;0;2
MILSEN;1;9.12.1990;0;1
ILMIYA;4;3.2.1970;0;4
GULCINER;1;26.9.1976;0;1
KIZBEYAZ;1;24.11.1970;0;1
HIRBINAZ;1;6.8.1978;0;1
LEMANSER;3;21.1.1953;0;3
ELFETUN;3;9.1.1974;0;3
GOKSENBEY;1;24.12.1973;1;0
MUHAMMETEMI;1;29.4.1986;1;0
ZULMETIN;1;25.4.1955;1;0
PIYAL;1;4.2.1946;1;0
GULELHAS;1;16.5.1957;0;1
BELGIVAN;3;7.3.1981;0;3
DOMAM;4;15.12.1971;0;4
SIHMAHMUT;1;12.2.1971;1;0
MAFIE;2;7.11.1968;0;2
TAKVIYETTIN;1;22.5.1961;1;0
TUKKEZ;2;3.10.1946;0;2
ELBEK;3;7.11.1979;3;0
SEREVNUR;1;24.4.1967;0;1
ZOHTIYE;1;21.4.1981;0;1
AYGIZ;3;12.2.1975;0;3
EBRIM;2;4.1.1978;0;2
GULONER;1;12.2.1977;1;0
CIHANDA;1;11.3.1985;0;1
SEVLIM;2;7.2.1989;0;2
BAKARI;2;11.2.1966;2;0
MAYENUR;2;20.8.1964;0;2
YILIZ;11;10.10.1983;0;11
ZELLIBAN;1;21.12.1956;0;1
MIRKAT;1;27.2.1980;1;0
MICIKEN;1;2.3.1964;0;1
SEZDANE;5;26.9.1974;0;5
KESAN;3;11.3.1952;1;2
PAGIZER;3;5.2.1960;0;3
RACETTIN;3;1.6.1963;3;0
SEVIFA;1;12.2.1959;0;1
NEHZE;1;15.8.1935;0;1
UNGUSUN;5;10.1.1963;0;5
EMMIYA;1;7.8.1976;1;0
VASSVIE;1;5.8.1977;0;1
HEKINES;1;7.5.1976;0;1
UNKARI;1;3.2.1945;1;0
MEYCAN;2;5.9.1978;0;2
KELIMA;3;30.6.1967;0;3
UMIDDIN;2;8.11.1958;2;0
SAMEYE;1;12.5.1965;0;1
KUBRI;3;12.1.1939;0;3
MUHTIRIM;1;2.1.1964;1;0
ALIYAZ;2;6.11.1968;2;0
BABIRE;1;12.8.1989;0;1
RUBAYSA;1;14.3.1953;0;1
SAFIS;1;16.7.1944;0;1
MURUYE;3;9.1.1959;0;3
PELVARI;2;21.9.1942;0;2
MUCELLIK;1;6.10.1985;1;0
FAYIDIN;1;14.4.1963;1;0
BIRGULAN;2;19.7.1980;0;2
MEDUH;5;6.9.1975;5;0
SERFENNAZ;1;26.6.1979;0;1
SAYMAGUL;4;18.3.1965;0;4
MAYTAF;1;1.6.1972;0;1
BIRTAS;2;22.6.1988;2;0
JULDEN;1;22.11.1991;0;1
FEYDI;1;8.5.1986;1;0
CHERMIN;1;14.3.1971;0;1
MUSAFIR;5;1.9.1949;4;1
SEVGINER;6;14.1.1970;0;6
NEHRIME;3;13.1.1956;0;3
BAHSE;1;5.1.1977;0;1
BEYRAT;1;24.6.1978;1;0
FEYNAZ;3;6.2.1974;1;2
EMINAVNI;1;11.2.1974;1;0
TABRIYE;2;5.8.1966;0;2
ECDAR;9;19.8.1967;9;0
MUDAIM;6;18.12.1961;6;0
MEHMETHATIP;2;23.8.1980;2;0
KAYUZ;1;14.4.1975;1;0
ENDIKA;1;17.12.1982;0;1
VENNER;3;12.8.1974;1;2
EMIRKAN;5;20.3.1987;5;0
AYSSEN;1;9.4.1969;0;1
YILSIN;4;12.12.1967;1;3
NAHISTE;1;26.5.1974;0;1
MUTEBEL;1;22.9.1979;0;1
ESMAPERIN;1;9.12.1963;0;1
EDIYA;1;13.4.1942;0;1
VASIFA;3;26.1.1962;0;3
SILFINAZ;3;26.7.1956;0;3
FEZAMET;2;4.9.1944;0;2
SEDRAL;2;9.10.1974;1;1
RUZIE;3;17.11.1951;0;3
SOZGUNAZ;1;26.1.1948;0;1
MUBREDIN;1;8.8.1984;1;0
SAHLEP;1;11.10.1982;0;1
ICILAY;4;18.8.1968;0;4
MARICELE;1;15.12.1964;0;1
LEMIHAN;5;29.10.1977;1;4
IDREK;1;6.1.1974;1;0
SANGERAY;1;7.8.1946;1;0
FUADA;1;22.2.1967;0;1
TOPLU;4;12.4.1962;0;4
HIKMIYA;2;21.9.1976;0;2
GULSEYIM;2;29.1.1954;0;2
DERLEN;2;4.2.1983;2;0
GOKHANCAN;1;1.5.1989;1;0
FEMINAZ;3;11.2.1972;0;3
TUDENYA;1;27.1.1989;0;1
COANA;1;24.3.1990;0;1
MURATDAN;1;22.3.1969;1;0
NURCAYI;1;2.2.1975;0;1
MINTUMEN;2;23.3.1964;0;2
NEVIZAT;2;18.10.1969;0;2
ELKAMER;2;22.3.1973;2;0
ANDALIP;2;18.12.1968;0;2
SEVGISEMSI;1;20.10.1978;0;1
SALATULLAH;1;22.5.1991;1;0
MARDY;1;9.4.1975;0;1
YOMUS;1;29.2.1947;0;1
CAHIR;6;22.12.1958;3;3
FILJIS;1;15.6.1982;0;1
ALMANA;1;29.6.1961;0;1
MUDURIYET;2;2.3.1975;0;2
ZENCEFER;1;5.3.1983;0;1
GULMINAS;1;13.2.1957;0;1
AKYAR;5;11.10.1966;5;0
GULBILEN;1;18.3.1982;0;1
FIRDANAZ;1;27.2.1956;0;1
ALABBAS;2;12.10.1969;2;0
MEHMETHAKKI;3;15.12.1965;3;0
ZILHE;7;5.7.1956;0;7
MAHIMERI;4;28.6.1947;0;4
MEJNUNE;1;6.1.1969;0;1
ELSIME;1;5.6.1972;0;1
M.ASIM;5;28.6.1960;5;0
KOLEFER;1;14.3.1973;0;1
RUHSANALI;2;27.8.1981;2;0
SAZICAN;1;29.3.1950;0;1
SEMENDAR;1;15.1.1979;1;0
SASO;2;22.12.1930;1;1
GOKCIHAN;4;3.1.1981;3;1
ERDENGUL;6;4.12.1969;0;6
ATAKISI;2;17.9.1939;2;0
NUMRET;2;16.1.1960;0;2
HEKBER;6;24.7.1967;6;0
SONZEN;1;26.2.1951;0;1
NUHSUNI;1;16.4.1982;1;0
MUFIZE;11;14.3.1966;0;11
MUKRUBE;3;11.10.1954;0;3
PEYMEN;2;12.3.1977;0;2
ILKENAZ;1;7.6.1970;0;1
HANTIMUR;2;23.4.1982;2;0
GULMAZIYE;1;1.2.1959;0;1
ABUSIDDIK;3;19.4.1974;3;0
ZIYAFAT;3;13.10.1958;0;3
FOGI;1;18.6.1966;0;1
ESHETBASEGMEZ;1;17.4.1966;1;0
BAHTASEN;1;11.4.1975;0;1
GULTANAT;1;16.3.1970;0;1
HARYAL;1;22.2.1961;0;1
BENGEGUL;2;21.8.1962;0;2
SONSOZ;1;13.4.1979;1;0
ZIYAEDTIN;1;7.3.1956;1;0
MUBEHET;1;7.5.1964;0;1
SELIZER;1;2.4.1957;0;1
SUMBOL;1;12.11.1970;0;1
ERTUGNRUL;1;6.10.1987;1;0
ZULFUKARALI;2;19.4.1983;2;0
BATONA;2;29.10.1945;0;2
SEMANIYETE;1;4.10.1984;0;1
EVLURE;1;6.6.1970;0;1
ACIZER;1;8.2.1964;0;1
BELHUR;1;16.3.1964;1;0
SEKSAN;1;15.9.1965;0;1
ZIYAFEDDIN;3;13.7.1959;3;0
ROKAP;1;6.7.1979;1;0
NURHEYET;1;14.4.1959;0;1
SONBUL;2;16.4.1959;0;2
YEDIYAR;3;21.4.1971;3;0
HAYRANISA;3;28.10.1963;0;3
ZAHNE;2;25.1.1971;0;2
CIVLELI;1;23.3.1961;0;1
ALIMIRZE;1;23.3.1955;1;0
FESHAN;1;26.5.1970;0;1
YUMMUGUL;1;7.2.1962;0;1
KURBANELI;1;16.12.1968;1;0
HULKADDIN;10;28.10.1960;10;0
YAHSIT;1;27.2.1950;1;0
ISAYASAR;1;13.9.1987;1;0
DARYAN;1;20.11.1989;1;0
HAYRENUS;1;11.3.1960;0;1
CUMURIYE;4;15.8.1963;0;4
EZINEGUL;1;1.12.1948;0;1
ELGUZELI;1;3.2.1957;0;1
SAHMANSUR;2;1.4.1972;2;0
NUSIBET;2;2.10.1982;0;2
DURSANGUL;2;7.10.1974;0;2
TINANC;1;16.8.1988;1;0
MIRSINE;1;23.3.1967;0;1
EDLA;2;30.9.1964;0;2
REMIZAT;1;22.2.1967;0;1
SECKINGUL;7;11.10.1973;0;7
CEKE;1;18.7.1930;0;1
URUFUGUZEL;1;24.7.1966;0;1
GOYGEY;1;22.2.1967;0;1
BARGIRAN;1;2.2.1975;1;0
ISTIF;2;29.2.1970;2;0
NUYFER;2;8.1.1975;0;2
TELEDDIN;1;21.6.1947;1;0
MENDERESIYE;1;27.7.1962;0;1
HASIPEK;7;21.6.1961;0;7
YAMLE;1;7.8.1928;0;1
REVHI;2;21.1.1964;2;0
MARJAN;2;14.6.1961;0;2
YARIGAR;1;1.4.1965;1;0
SAHABDULLAH;3;15.11.1977;3;0
AHMETSAIM;1;17.4.1930;1;0
MAKTUM;1;14.2.1941;1;0
FAHNISAR;1;2.2.1951;0;1
BETULEZGI;1;27.9.1982;0;1
DIRLIK;2;22.6.1969;1;1
GUFAR;3;13.6.1958;0;3
ESSERKAN;1;6.11.1977;1;0
NESTE;2;28.12.1941;0;2
TEKBEN;1;4.4.1985;0;1
SASDE;1;17.2.1966;0;1
ANELIA;3;16.8.1980;0;3
SAFMUA;1;5.9.1963;0;1
SAHSUVARE;1;7.3.1966;0;1
BAHREGUL;9;16.5.1967;0;9
AGAKIZ;1;5.10.1954;0;1
FILIZGULSEN;1;21.8.1976;0;1
REJDA;1;26.12.1973;0;1
KEVAT;5;16.5.1959;0;5
HIZIRKAN;1;3.3.1969;0;1
MUHMUNE;8;21.12.1962;0;8
TOMAYI;1;5.10.1956;0;1
NASLA;1;17.2.1960;0;1
LIFAN;2;4.8.1965;1;1
BURAKKAN;1;25.5.1985;1;0
ILKOGLU;1;11.9.1968;1;0
ACCET;1;3.4.1938;0;1
MAHSEDE;1;24.8.1972;0;1
MESNIHAN;2;22.1.1951;0;2
MAZIYA;2;11.4.1970;0;2
SEVBAHAR;2;11.10.1966;0;2
MIDUSKA;1;1.1.1;0;1
NEZAFIL;2;5.8.1967;0;2
MAJD;1;19.11.1977;0;1
HUDEL;2;18.9.1982;0;2
ASKINUR;8;6.12.1975;0;8
FEKIHA;1;25.5.1954;0;1
MECHULI;1;4.11.1978;1;0
MANIME;1;6.4.1954;0;1
BENISE;1;17.2.1966;0;1
UZELME;1;10.5.1972;0;1
URUFUGUL;1;22.9.1960;0;1
NEDIRMAN;1;10.5.1962;0;1
NAZULE;2;4.1.1968;0;2
KEREB;1;20.5.1975;1;0
MAHBUZE;4;27.2.1963;0;4
ZYLFIJE;1;12.8.1959;0;1
MORENA;1;4.9.1976;0;1
ALODA;1;3.8.1980;0;1
HULGI;6;5.9.1962;6;0
MALGILE;1;7.5.1954;0;1
HUPRI;3;8.6.1951;0;3
NEZATIN;1;16.2.1957;1;0
BENDISAH;11;15.1.1955;2;9
ADESER;1;26.5.1977;1;0
CIHANSUZ;3;10.1.1962;2;1
MUTEYYIP;1;2.9.1957;1;0
NAZIKTE;4;10.7.1956;0;4
ZULBIYA;11;2.9.1959;0;11
RAHSAL;1;25.9.1976;0;1
OSZLEM;1;26.12.1990;0;1
KUTLUBARIS;1;12.11.1976;1;0
MERACIYE;4;11.9.1979;0;4
HACISAH;1;22.8.1955;0;1
BALAY;1;15.8.1991;0;1
TARIYA;1;17.2.1966;0;1
BEBAHAT;1;12.10.1967;0;1
TULJAJ;1;28.6.1974;0;1
NAMITTIN;1;3.5.1960;1;0
YILKA;1;6.4.1978;0;1
ERIMHAN;1;26.6.1977;1;0
HEYLIN;2;11.1.1979;0;2
KUSNET;3;19.3.1970;0;3
HURSAM;1;20.5.1948;0;1
AYRI;4;29.11.1965;3;1
ASILYA;1;11.6.1967;0;1
MURESDE;1;27.6.1965;0;1
SARPCAN;4;30.11.1987;4;0
SATOGLU;1;7.8.1934;1;0
MUBECCA;2;30.1.1958;0;2
ZUFLE;1;29.11.1975;0;1
SAHRINAZ;8;24.10.1949;0;8
ILKNAR;8;17.11.1967;2;6
GUVERIYE;5;21.3.1963;0;5
PIRCEM;3;23.1.1981;3;0
MEYSELON;1;26.10.1972;0;1
SOZGEN;1;25.5.1982;0;1
USSEN;1;19.6.1972;1;0
ALIAYDOGAN;1;16.2.1958;1;0
KUTUSI;1;16.6.1959;1;0
GAMRET;1;27.8.1950;1;0
TIGRAL;1;14.12.1968;1;0
BAGAN;2;7.6.1972;2;0
SENYENER;1;21.6.1951;1;0
SAIMEOZLEM;1;15.2.1982;0;1
MIRSETTIN;5;26.6.1971;5;0
KANDO;2;22.5.1949;1;1
OKSIT;1;7.8.1974;1;0
GENCIZ;2;25.10.1960;2;0
ISMAILZAFER;1;23.5.1965;1;0
REMIMEN;1;13.6.1958;0;1
EMELCAN;2;21.11.1966;0;2
BEYNABE;1;6.11.1950;1;0
NAHTINUR;1;6.6.1965;0;1
MUNESSE;2;13.9.1951;0;2
BAKIYA;6;19.7.1959;0;6
ZOUKHRA;5;15.2.1975;0;5
RILIYA;1;12.8.1953;0;1
MAHJOUBA;1;22.8.1967;0;1
TITIANA;2;6.10.1967;0;2
HUREYME;2;27.4.1973;0;2
SABAEDDIN;1;2.3.1941;1;0
VADEDDIN;7;11.9.1967;7;0
NERDIME;1;22.8.1949;0;1
FEHIMEDDIN;1;2.2.1963;1;0
SERVED;5;22.11.1972;4;1
NAMIGIDER;1;22.6.1955;1;0
MOLA;6;14.5.1960;0;6
UKAFA;1;2.10.1957;0;1
CETAN;3;6.6.1940;3;0
ABDUSSUKUR;1;2.8.1945;1;0
CAMALINUR;1;9.5.1970;0;1
LUIBOVI;1;2.5.1981;0;1
CANAYNUR;2;27.6.1960;0;2
TOPLAY;1;16.5.1956;1;0
CERKIN;1;26.7.1953;1;0
MAHTABAN;4;29.7.1953;0;4
IZEMET;2;16.2.1941;1;1
SERDARALTEN;1;15.5.1980;1;0
COLPASA;1;11.2.1963;1;0
MEMDUHAL;2;29.1.1939;0;2
IHTIRAZ;2;5.10.1957;0;2
AHYEDDIN;1;22.2.1949;1;0
ILDES;1;26.1.1965;0;1
SERMANIYE;1;28.7.1956;0;1
NURSAYAT;3;7.12.1970;0;3
IFRIT;5;6.1.1949;5;0
AYNUNE;1;7.8.1934;0;1
FATEMEHHASIN;1;7.8.1940;0;1
SONILA;1;17.5.1978;0;1
MINNETE;1;8.8.1919;0;1
IRSALE;22;30.6.1956;0;22
UNSALE;1;13.9.1975;0;1
MELIKZAT;3;1.3.1967;3;0
KAYATIN;1;10.3.1982;0;1
GULANPER;1;13.6.1977;0;1
IBAZET;1;2.8.1951;1;0
SURIYEM;1;9.7.1943;0;1
CEVRIL;6;19.5.1971;0;6
IZCAVIDAN;1;15.12.1975;0;1
MUTKAN;2;30.5.1960;1;1
FERCEN;1;9.11.1987;0;1
MUVETTIN;2;4.6.1966;2;0
FEBUBE;1;7.4.1988;0;1
FIBER;2;4.3.1980;0;2
M.MUNCI;1;5.1.1963;1;0
GOGUC;1;7.2.1934;0;1
ISKENDEN;1;12.4.1966;1;0
KARAMIRCAN;1;26.11.1978;0;1
ZURET;2;12.5.1953;0;2
NUNSER;1;1.11.1961;1;0
NUHALETTIN;1;17.5.1966;1;0
HAKANCAN;1;6.4.1973;1;0
BEGUMSEN;3;1.3.1974;0;3
SARFIN;3;22.7.1961;3;0
MENASIP;1;17.8.1948;1;0
ARZUHANE;1;16.11.1975;0;1
MENEYSE;1;7.4.1972;0;1
ABDULKAZEL;1;12.2.1935;1;0
DUVALYE;1;23.6.1960;0;1
SESKIN;3;6.10.1978;2;1
BURHANEMIN;1;14.3.1965;1;0
GULVAHIDE;14;26.4.1961;0;14
TOUNZALA;2;17.11.1970;0;2
BEYCUDDIN;1;27.8.1956;1;0
MUFERA;6;15.2.1959;0;6
BEJAZE;1;2.5.1954;0;1
CESMUNAZ;3;20.4.1963;0;3
GULSERIYA;1;29.6.1950;0;1
MALIHAT;2;29.10.1954;0;2
SAGAP;2;29.4.1964;2;0
RASITAGA;1;27.8.1956;1;0
GULBESKA;1;7.8.1946;0;1
ARIFIYYE;1;1.8.1961;0;1
ENVERTANJU;1;26.9.1990;1;0
OUAFAE;1;14.11.1973;0;1
MUCESTE;4;21.6.1969;0;4
MIRTIN;1;21.6.1973;1;0
GUNDILER;1;7.4.1946;0;1
EVES;4;2.9.1966;0;4
M.KAHRAMAN;1;15.1.1973;1;0
ZETIYE;2;29.4.1960;0;2
NURSEH;3;23.11.1966;0;3
GULSAVI;1;2.8.1927;0;1
SEVDIALI;1;17.8.1942;1;0
OLESIYA;2;11.9.1978;0;2
BLJERTA;1;16.3.1980;0;1
LUSHE;1;4.9.1963;0;1
SAMAH;3;5.2.1975;0;3
SEREFLI;5;16.7.1975;4;1
ZHENG;1;17.10.1979;0;1
MUTTAHAR;1;27.12.1956;0;1
UGURHAK;1;26.5.1989;1;0
HAMAZ;1;29.2.1974;1;0
ESMAHA;4;5.5.1959;0;4
AFEYET;1;11.5.1950;0;1
NORDAN;1;20.7.1972;0;1
MEHBAR;1;14.10.1959;0;1
ZILKIYE;5;20.2.1956;0;5
IZMA;3;8.6.1943;0;3
SUFIYEN;2;22.12.1966;1;1
MUDIEN;1;27.5.1947;0;1
CENNATAN;1;11.1.1970;1;0
SIDRA;1;17.2.1989;0;1
NAFEY;1;2.2.1939;0;1
MUAFFER;3;14.10.1944;0;3
EVRANOZ;1;2.8.1945;1;0
NEEM;2;2.5.1945;0;2
UCBEKIR;1;10.6.1938;1;0
ATAUGUR;1;9.4.1982;1;0
KESMIYE;6;18.2.1955;0;6
ARPIYE;1;29.9.1962;0;1
KAFIJE;1;2.10.1955;0;1
TESER;1;6.8.1975;0;1
HASIMAN;6;7.4.1963;2;4
GULASVIYE;2;12.8.1941;0;2
TESVIK;1;6.11.1970;1;0
GULUMANA;9;20.2.1963;0;9
ALDUGAN;1;22.12.1951;1;0
CANGULEZ;1;22.2.1955;0;1
ALTIMUR;1;18.4.1972;1;0
FARHAD;4;1.3.1970;4;0
ISIKTAN;3;23.6.1977;3;0
UNYAMIL;1;9.4.1970;1;0
NADIZE;4;9.7.1948;0;4
GULDEGUL;9;16.1.1965;0;9
GUCAY;1;21.4.1983;0;1
EMURGUL;1;17.7.1972;0;1
ASINAY;1;16.1.1972;0;1
MIDAYIM;5;15.12.1954;5;0
NACET;10;28.7.1961;8;2
MIRKIZIT;1;11.4.1931;0;1
SAGLAYAN;1;27.4.1975;0;1
YUSAN;1;1.12.1977;0;1
ZAGNOZ;2;2.9.1972;2;0
RUFAET;1;12.8.1935;0;1
MILI;8;5.10.1952;2;6
SADEHA;1;22.4.1967;0;1
MOURHABAT;1;2.2.1963;0;1
SAHINAN;1;18.10.1975;1;0
BERYAN;2;22.11.1947;0;2
OSSAM;1;27.8.1968;1;0
REFAYA;1;2.9.1963;0;1
SIBELSINEM;1;26.7.1991;0;1
IMSAK;6;27.6.1971;2;4
DELKA;1;14.5.1944;0;1
AYNIHAT;6;9.4.1956;0;6
HASUNA;2;22.2.1967;0;2
MIKAIN;1;8.8.1957;0;1
NURBAHAT;1;20.6.1950;0;1
ZAZMIYE;1;12.6.1958;0;1
ABDULFAKI;1;1.12.1943;1;0
AYBILEK;1;21.1.1960;0;1
FIYRUZ;1;18.4.1951;0;1
HUZAY;1;17.1.1972;1;0
GUZDE;4;13.5.1977;0;4
MAZLUMAN;2;4.1.1962;0;2
NAJDAT;2;23.6.1958;2;0
SAYGEL;2;30.6.1984;0;2
KONOUL;1;23.3.1979;0;1
GOLSOR;1;23.3.1931;0;1
KANIZAT;4;3.1.1947;0;4
SEFTE;2;6.6.1951;0;2
ALIMSAH;3;18.11.1968;1;2
PIALE;1;5.7.1972;0;1
VEDIME;3;29.7.1960;0;3
FERAKET;5;20.9.1953;0;5
EBUSULTAN;1;8.4.1989;0;1
SEMANDER;1;18.7.1960;1;0
GURSENAY;1;21.6.1965;0;1
KULLU;7;19.4.1943;1;6
DEVLETTIN;2;26.9.1962;2;0
GEYAL;3;12.1.1942;0;3
MUSTABIYE;2;7.5.1964;0;2
GULGOS;1;26.1.1989;0;1
HAMETTIN;1;22.2.1967;1;0
GELALE;3;12.4.1975;0;3
MIRJETE;1;23.3.1982;0;1
ZILATA;4;11.5.1941;0;4
FIRYASET;8;16.7.1967;0;8
INHAR;3;15.2.1965;0;3
HORONOZ;1;22.12.1949;0;1
CAMAVER;1;12.10.1979;0;1
PUSEYME;1;2.2.1966;0;1
NAYGIHAN;2;6.1.1976;0;2
TEBINE;2;17.3.1948;0;2
BENDISA;1;14.5.1935;0;1
BAYTUN;6;29.1.1978;6;0
SASINEL;1;29.6.1954;0;1
IRVETTIN;1;5.3.1963;1;0
HERNAZI;1;19.2.1962;0;1
MENENSE;5;3.7.1954;0;5
NAZEYHA;1;18.6.1966;0;1
MISEY;2;9.3.1937;0;2
MECLUNIYE;1;1.12.1956;0;1
SUNASON;1;17.6.1960;0;1
ALISAMIL;2;16.12.1969;2;0
TEKTENGUL;1;23.3.1973;0;1
SAYBATA;1;12.1.1977;0;1
TUHAFIYE;1;2.4.1987;0;1
VEYTULLAH;1;6.2.1971;1;0
AHMETOZCAN;1;22.2.1991;1;0
MAHDIYEH;1;23.7.1975;0;1
ZERINGUL;3;5.3.1982;0;3
AYDINUR;3;23.7.1980;0;3
PELKI;1;7.8.1922;0;1
KETIME;2;24.2.1957;0;2
MIZIRALP;1;26.7.1973;1;0
DULER;1;10.9.1964;0;1
IKE;2;22.8.1943;0;2
ZUDI;1;12.9.1960;1;0
ASTHIC;1;8.2.1969;0;1
HITABE;3;7.7.1965;0;3
SURIYEN;3;8.6.1967;0;3
MUZAHARE;1;11.4.1931;0;1
GJULER;1;4.5.1970;0;1
NECMIHAT;1;17.8.1954;0;1
KULAN;1;11.4.1937;0;1
SENAIYA;1;12.8.1953;1;0
YURTDAL;1;2.3.1955;1;0
VAKFIRE;1;5.2.1967;0;1
MAZLUNSAH;1;7.8.1946;0;1
YENAK;1;2.7.1984;1;0
KEMALTAMER;1;27.2.1962;1;0
SUMNU;1;2.8.1939;0;1
LIMASER;1;13.1.1946;0;1
SUMEVRA;1;30.3.1982;0;1
SEYHSUAR;1;23.4.1984;1;0
RUNEYDE;1;4.5.1949;0;1
MAKAIL;1;27.8.1944;1;0
ATIDJE;7;9.2.1966;0;7
VEYSELEMIR;1;16.10.1987;1;0
IMA;2;18.5.1962;1;1
GULNEAR;1;12.8.1965;1;0
METINHAN;3;11.2.1973;3;0
SEMAYINUR;2;29.10.1953;0;2
HEKIDE;1;27.6.1950;0;1
SENMUR;2;28.6.1965;0;2
BIBE;1;27.8.1950;0;1
MEVAIP;8;28.11.1945;8;0
USNET;1;10.7.1958;0;1
BESPINAR;1;24.6.1973;0;1
SERIH;2;19.2.1975;1;1
OZGI;1;18.3.1966;1;0
SEJNAZ;1;20.8.1975;0;1
BENES;8;30.8.1960;0;8
YILTAY;2;24.3.1987;2;0
ZILICE;2;1.11.1958;0;2
SAFIYAN;3;6.12.1948;0;3
SULTANDILEK;1;2.6.1975;0;1
SEYIBETA;1;22.3.1955;0;1
FEKRIYE;7;19.4.1950;0;7
ABDULFETI;1;12.8.1929;1;0
AINURA;2;14.4.1977;0;2
VJOLLCE;1;26.6.1976;0;1
ILJAME;1;14.6.1968;0;1
LUOBOV;1;15.1.1951;0;1
DELIHAN;2;6.2.1965;1;1
KAMIR;1;11.1.1976;1;0
APDURRAZAK;1;8.8.1925;1;0
GAVIYE;2;17.12.1954;0;2
ULGUNER;1;17.10.1954;0;1
APDULHALIT;1;25.5.1982;1;0
BEHZAN;4;26.5.1973;2;2
BIRCEMAL;1;7.2.1964;0;1
HEVINAR;1;6.5.1965;0;1
ZULIDZE;1;29.4.1970;0;1
HANMSAKE;1;11.11.1975;0;1
ALIBIRA;8;27.7.1964;8;0
MAKPUZE;3;25.1.1974;0;3
IPEKREZAN;1;22.2.1991;0;1
BADIME;4;7.9.1948;0;4
ZEMKA;4;20.4.1950;0;4
YUZUNUR;1;2.2.1963;0;1
BILGEZ;3;13.1.1965;0;3
SUELIN;2;3.10.1985;0;2
ILYAME;1;17.8.1936;0;1
FATBARDA;1;12.8.1947;0;1
HEPRIYE;1;3.6.1943;0;1
KUNNAZ;1;22.4.1965;0;1
SEYBETA;2;4.1.1964;0;2
SEBLAZEKIYE;1;30.10.1984;0;1
NUGREDDIN;1;18.5.1966;1;0
ANCELIKA;1;29.8.1975;0;1
TUTMEZ;1;22.5.1947;0;1
FEDARAL;1;2.6.1981;1;0
MERDINET;1;12.2.1977;1;0
OKANA;1;5.9.1984;0;1
MEYDE;3;2.6.1964;0;3
GULBAHARE;2;2.6.1932;0;2
EFKINAR;1;7.2.1964;0;1
ERCIMAN;5;27.11.1962;3;2
NEVNIAL;1;4.7.1952;0;1
GURZAT;6;4.11.1974;6;0
NEVGER;1;5.1.1969;0;1
SERGIR;5;20.3.1976;5;0
KEVIRAN;1;10.2.1954;0;1
HUVRUSAH;1;2.2.1957;0;1
MEMNAN;2;9.12.1971;2;0
MEMETEKBER;1;24.5.1961;1;0
FILARYA;4;5.9.1950;0;4
CILLEY;2;29.3.1960;0;2
ATADOGU;1;19.9.1991;1;0
UZNIR;1;7.8.1958;0;1
DERYANI;1;17.7.1966;1;0
ALIHASAN;8;20.7.1963;8;0
KADIER;1;30.4.1992;1;0
GEKGUL;4;30.5.1953;0;4
NERVIS;5;2.10.1955;2;3
AYSIMAGUL;1;9.2.1977;0;1
BUNNAMIN;1;3.10.1969;1;0
BEDIRMAN;5;9.12.1960;0;5
SYBILLE;2;11.7.1948;0;2
ALAMZAR;2;8.1.1963;0;2
RECEPHAN;8;27.10.1966;5;3
FILOFTEIA;1;9.6.1975;0;1
SADAG;1;2.12.1955;0;1
VABIL;1;20.12.1954;1;0
ERAFIL;2;13.7.1962;2;0
SERAFETTINH;1;11.6.1987;1;0
HIBAETTIN;1;9.5.1977;1;0
MEHMETLETIF;4;14.2.1954;4;0
NUSHIDA;1;22.11.1961;0;1
MUSAETTIN;2;22.2.1958;2;0
BIRSENEM;3;11.7.1964;0;3
GURDESEN;1;6.4.1957;0;1
GULUSI;4;13.9.1939;0;4
SECILEN;3;22.9.1982;0;3
SUYUN;1;17.5.1966;0;1
FERTEP;1;6.9.1948;1;0
CEVHAN;2;11.3.1975;2;0
NAJMA;2;24.10.1957;0;2
ARZIHANE;1;24.8.1936;0;1
BILGEYIZ;2;14.2.1961;0;2
FAID;7;9.3.1959;7;0
MUZEHHEN;1;14.5.1949;0;1
NILPAR;4;4.2.1980;0;4
SEKURAN;1;27.10.1956;0;1
GORKAY;3;26.4.1989;3;0
SEHNAZI;1;27.8.1950;1;0
YERGIN;1;28.12.1967;1;0
TEVLIYE;1;5.10.1956;0;1
KANITET;1;14.5.1941;0;1
SENEVBER;2;25.1.1948;0;2
ABDULHAYUR;1;10.3.1952;1;0
MECNIYE;1;7.6.1970;0;1
ECBAL;1;18.5.1934;1;0
VALETTIN;3;16.3.1959;3;0
GULFENDI;11;13.4.1966;1;10
GUNAYCAN;1;29.4.1992;0;1
DASHMIRA;1;23.2.1979;0;1
EVRAYIL;1;5.9.1966;1;0
MAKPERE;2;4.7.1979;0;2
SULAYE;3;4.8.1951;0;3
ZILHUNAR;1;1.7.1950;0;1
TICAYE;1;23.8.1948;0;1
OZIL;1;25.10.1957;1;0
ABDULMENEN;1;21.6.1968;1;0
ALISENER;4;5.6.1974;4;0
SUZDAN;2;30.4.1971;0;2
AYMAZ;4;18.6.1969;2;2
VESYETTIN;1;17.2.1976;1;0
DZEVAIRA;1;19.3.1974;0;1
SENSUVER;1;7.5.1956;1;0
MAHURI;2;14.1.1974;0;2
UNURAY;1;14.7.1957;1;0
VEJLA;1;28.10.1974;0;1
NEVRENEZ;1;30.6.1932;0;1
NURSE;14;4.1.1957;0;14
ABDULMUHDI;2;5.4.1969;2;0
HANZIK;3;5.4.1937;0;3
SADIKOL;1;3.1.1948;1;0
NAZENNI;2;7.5.1952;0;2
MELICHA;1;24.5.1957;0;1
TUHBA;1;29.4.1983;0;1
SELVIAY;2;2.6.1973;0;2
ILYASCAN;2;6.2.1991;2;0
AHBEN;3;25.12.1972;1;2
MUFARET;12;19.5.1973;0;12
KAZIMHUR;1;23.4.1955;1;0
UMERRA;3;4.12.1970;0;3
ABDULLAN;1;8.9.1991;1;0
HENGUL;1;24.11.1971;0;1
NEFHIS;1;7.8.1928;0;1
MUZELLAH;1;21.4.1936;0;1
CERINAZ;8;9.9.1962;0;8
URKANIYE;1;27.8.1950;0;1
LULFIYE;3;20.6.1964;0;3
MILTAZE;3;7.9.1966;0;3
AFAFET;1;3.11.1931;0;1
HUDANAR;1;11.9.1968;0;1
REFIT;4;22.1.1936;4;0
AGUZER;1;7.8.1958;0;1
KARAYET;1;9.4.1935;0;1
LEZINE;3;9.12.1982;0;3
SEVDAYIL;2;23.11.1958;2;0
MUSALAT;1;24.6.1961;0;1
SEDAYIR;11;8.8.1968;11;0
AFLIYE;1;26.11.1978;0;1
FILISER;4;23.11.1960;0;4
AYNURSEL;2;24.8.1959;0;2
PINARNESRIN;1;27.6.1982;0;1
DILSER;6;21.6.1972;1;5
MAJIDE;4;2.8.1953;0;4
SOFICA;1;10.12.1955;0;1
SUMYAN;2;7.4.1958;1;1
EVSAF;3;17.9.1964;2;1
AKIBAR;4;5.12.1964;0;4
HAYBAT;3;25.10.1945;1;2
SEVINSER;1;24.5.1950;0;1
FIKMET;3;13.11.1956;2;1
ULUZ;2;9.2.1967;1;1
KUSADI;1;25.1.1989;1;0
FANDE;1;6.3.1961;0;1
KEMEYDE;1;2.7.1933;0;1
ALISAF;1;2.8.1945;0;1
CIGLEN;1;8.6.1990;0;1
SEFABE;2;14.8.1959;0;2
NUZVET;1;21.4.1951;0;1
TACMAIN;1;28.9.1985;1;0
AJTUL;1;28.8.1969;0;1
IRTEM;5;16.2.1959;4;1
NIRTAN;2;27.6.1961;0;2
VAADULLAH;1;27.2.1974;1;0
ALKAMA;1;22.8.1955;0;1
SALIJE;2;30.8.1965;0;2
YUGSEL;1;10.6.1946;0;1
VILDAHAN;1;10.9.1973;0;1
NURAYDI;1;11.1.1952;1;0
ELAS;2;16.2.1940;0;2
MERSAN;4;6.11.1972;3;1
MUDEDDE;1;30.2.1963;0;1
MEMETSAH;3;3.10.1954;3;0
HUSRE;3;20.9.1968;1;2
ZULKAREN;4;3.9.1967;4;0
NEZAFFET;2;1.2.1960;1;1
ERDAOGAN;1;24.7.1969;1;0
NARKUZE;1;1.3.1976;0;1
PEHKAN;1;27.1.1980;0;1
MEHMETONUR;2;9.11.1987;2;0
GULVIZ;2;30.6.1964;0;2
GULHAMIT;1;26.12.1970;1;0
CAFAKAR;1;18.4.1976;1;0
EZAR;2;24.8.1974;1;1
GENOVICA;1;29.4.1982;0;1
ZULEYME;3;9.3.1945;0;3
AMINETUL;1;23.4.1970;0;1
ELAMEDDIN;1;19.11.1973;1;0
SELEYHA;4;3.11.1972;0;4
RAHIBET;1;14.2.1953;0;1
SAFIMERDAN;1;15.3.1963;1;0
DARHAN;5;26.9.1975;5;0
TANGUR;3;3.3.1961;3;0
UBUHAN;1;1.2.1954;0;1
BILIHAN;2;5.3.1966;0;2
GAKI;1;27.3.1974;1;0
REMILA;2;10.12.1976;0;2
FANDAL;1;17.6.1932;0;1
LEYZAN;5;12.1.1970;0;5
ISBAHAT;1;4.4.1975;1;0
BULBULHATUN;1;24.1.1971;0;1
ALIZER;9;15.3.1963;4;5
ABDULNESAT;1;16.4.1939;1;0
KAFTAN;32;7.12.1953;2;30
MUHTELIB;1;17.1.1979;1;0
NEDCIVAN;1;26.1.1978;0;1
BIRGITAY;1;11.4.1981;1;0
FAMMA;2;1.3.1963;0;2
FLORIT;1;23.5.1983;0;1
BIEVI;2;30.8.1962;0;2
LEYON;2;4.11.1948;2;0
TECELLA;9;11.7.1968;1;8
MARIEANA;1;29.3.1973;0;1
SUZY;1;14.4.1954;0;1
RAIED;1;13.6.1970;1;0
FILINAZ;1;6.1.1980;0;1
SERDAD;1;23.9.1991;1;0
DASIA;2;26.3.1971;0;2
MERZIYA;3;5.6.1974;0;3
BATYA;2;14.3.1976;0;2
MINACETTIN;1;3.1.1961;1;0
YETGI;1;16.5.1969;1;0
GUPSET;3;30.7.1982;0;3
GRASIELLA;1;18.11.1969;0;1
MUKDEN;1;15.8.1969;1;0
ODELIA;1;24.4.1976;0;1
VLADKO;1;21.9.1956;1;0
RUSIM;2;25.3.1961;2;0
GIANNE;1;24.1.1967;0;1
SOLIKA;1;13.11.1962;0;1
NEVCIVANE;1;28.12.1953;0;1
METEKAL;1;14.12.1974;1;0
GUNAK;6;14.4.1955;6;0
GIULIO;1;3.8.1991;1;0
ZITA;2;25.5.1962;0;2
YILBEN;2;19.9.1981;0;2
KALIYOPI;1;10.10.1959;0;1
GRASIELA;1;12.4.1976;0;1
URUZ;1;3.4.1967;1;0
BULENTNUR;1;18.3.1963;1;0
NAZENIMER;1;13.3.1971;0;1
BATIJA;1;25.11.1965;0;1
NENETTE;1;13.12.1959;0;1
BINNEZ;1;17.3.1960;0;1
HEEOK;1;14.5.1972;0;1
SYLFE;1;19.11.1935;0;1
RUBEYHA;1;24.1.1978;0;1
ADISEL;1;6.9.1974;0;1
DINNA;2;10.12.1962;0;2
MUHSINTEZCAN;1;7.6.1973;1;0
PEM;2;8.6.1982;0;2
ESREFCAN;1;1.11.1985;1;0
SAHBINAZ;3;7.4.1948;0;3
YAIR;1;29.8.1967;1;0
AMILA;1;26.5.1972;0;1
ZULISAN;2;5.9.1958;0;2
RIKO;2;6.4.1956;0;2
CERMI;3;27.1.1980;3;0
NUTA;2;6.12.1976;0;2
ARHUNDULA;1;22.8.1925;0;1
PRESCILA;1;9.6.1969;0;1
ERBURAK;1;6.9.1979;1;0
UMAYTUGCE;1;30.1.1992;0;1
NISYA;1;29.9.1980;0;1
DAGLARCA;2;20.9.1983;1;1
CAREY;1;22.9.1980;0;1
MESRIN;1;18.10.1974;0;1
YANTOF;1;12.10.1936;1;0
JOYS;1;12.11.1967;0;1
TARLANAY;1;24.8.1975;0;1
STEVEN;3;6.6.1972;3;0
N.HILAL;1;14.6.1957;0;1
WEBAYEHU;1;10.2.1967;0;1
NOBEL;2;3.2.1969;0;2
LAILY;1;30.1.1961;0;1
DURMEHMET;4;5.8.1964;4;0
KURTVELI;2;14.8.1955;2;0
HIYA;1;4.4.1957;1;0
JUDI;1;1.8.1972;0;1
KOSTANTEN;1;29.5.1937;1;0
GULTENER;1;5.11.1949;0;1
ZULKIFLU;1;21.6.1956;1;0
MUFAKET;1;10.6.1933;0;1
ALKANNURI;1;19.2.1992;1;0
ZARETE;2;22.3.1969;0;2
IDDI;6;1.6.1962;1;5
YAW;1;24.3.1984;1;0
AMEENU;1;25.10.1984;1;0
HIKMALETTIN;1;12.2.1953;1;0
NEBZIYE;1;27.12.1938;0;1
SAKIRYA;1;12.3.1959;0;1
TESFIDE;3;7.8.1956;0;3
SUMUNUR;1;25.6.1961;0;1
ZENNIME;1;22.8.1937;0;1
RAYUF;3;30.9.1969;3;0
ZULI;2;2.1.1956;1;1
BARDUL;1;22.8.1949;1;0
SEFKINUR;1;26.11.1954;0;1
SENVALE;1;1.8.1962;0;1
HABRIZE;1;12.5.1968;0;1
SAGFELEN;1;27.2.1974;0;1
HURRIMET;1;13.3.1975;0;1
GULNEHAP;1;2.8.1957;1;0
ADVIJE;1;10.5.1974;0;1
ZIJADA;1;9.4.1952;0;1
DALDAGUL;8;4.1.1967;0;8
BEYRUSA;1;2.8.1933;0;1
HASBINESET;1;17.8.1954;1;0
MEVNIHAL;1;28.9.1939;0;1
SEFTA;4;26.6.1967;0;4
FELHIYE;2;17.6.1971;0;2
NECBEDIYE;1;27.8.1944;0;1
MUDIYYEN;1;10.1.1974;0;1
MEVZUL;1;27.8.1938;0;1
OZAYHAN;1;7.9.1970;1;0
HAVGUL;1;5.1.1974;0;1
YAMINE;2;29.9.1973;0;2
HAYIRI;1;6.9.1974;1;0
FEDATTIN;1;26.12.1953;1;0
SEVDALE;2;5.2.1961;0;2
HIDISE;1;2.8.1951;0;1
SELIBARE;1;14.2.1971;0;1
AHMETTIN;11;30.1.1950;11;0
NEHARE;6;16.1.1949;0;6
IBISE;2;20.8.1944;0;2
METHALE;1;17.8.1936;0;1
KINEEM;1;16.10.1982;1;0
ZAHURI;1;27.10.1968;0;1
AZADOHI;2;26.11.1931;0;2
MIDADIYE;1;5.5.1945;0;1
MUKAYAM;1;12.10.1967;1;0
HERIKAN;1;16.11.1988;0;1
LADYA;2;15.4.1957;0;2
ARACAN;2;6.10.1960;2;0
MUNCIPE;1;19.2.1948;0;1
EGI;1;2.5.1945;1;0
TEZEN;2;6.5.1952;0;2
HANBIYE;2;27.9.1960;0;2
BOGAS;1;28.8.1946;1;0
NICOLETE;1;6.1.1971;0;1
NAPILION;1;17.6.1960;1;0
DRAFI;1;3.6.1933;0;1
YAGSABET;1;8.2.1958;0;1
DIKRANIYE;1;26.1.1953;0;1
SERUPI;1;17.6.1936;1;0
HORSI;1;19.10.1958;0;1
TIRVANDA;4;15.2.1945;0;4
NEZUF;1;16.9.1931;0;1
GIZE;2;7.2.1983;0;2
HARTIVAR;1;22.8.1931;0;1
IHSAPERT;2;24.6.1956;0;2
OKSANNA;1;4.5.1957;0;1
IKSA;1;26.5.1946;0;1
ENNA;4;13.4.1973;0;4
GAREBET;1;12.3.1953;1;0
MANIL;1;7.8.1934;1;0
PORSA;1;21.4.1965;0;1
RUBSIME;1;17.2.1954;0;1
VESKIN;1;4.7.1972;1;0
VARJIN;2;1.11.1950;0;2
MARKRUYI;1;11.9.1961;0;1
EHSANA;1;25.7.1969;0;1
VART;4;25.4.1939;3;1
SERAGAN;2;22.9.1964;2;0
HIRACUYI;1;6.10.1953;0;1
ATRANIK;2;16.10.1951;2;0
NUSNUS;1;13.7.1942;0;1
ARSEGUL;1;10.3.1941;0;1
LUSUNTAK;3;30.8.1937;0;3
HAKKA;4;29.5.1941;0;4
KHANUM;1;25.10.1957;0;1
ANITSINE;1;17.8.1930;0;1
SUSANI;3;29.3.1967;0;3
DIYANI;1;22.5.1969;0;1
MARDIRAS;1;4.11.1952;1;0
CRISTIANE;2;18.12.1976;0;2
ASTGHIK;2;29.9.1958;0;2
IJMAN;1;22.7.1942;0;1
SOFFIYA;1;27.1.1961;0;1
PILANTI;1;3.9.1964;0;1
MUSIG;1;12.1.1923;1;0
ZEYNATTIN;1;7.8.1970;1;0
BEYGUZAR;2;1.6.1950;1;1
EDUVART;1;8.8.1945;1;0
TALEN;2;28.12.1966;0;2
NEFAYI;1;12.2.1953;1;0
LUSUM;1;28.1.1959;0;1
MARCELLA;2;30.7.1962;0;2
ANUCKA;1;13.10.1982;0;1
ENZILIHA;1;2.5.1962;0;1
HERVANT;1;19.4.1963;1;0
NESIMEINCI;1;25.9.1967;0;1
RAMIM;1;15.6.1975;1;0
SAYMON;1;7.2.1964;0;1
SAMAEL;1;11.10.1955;1;0
SULEYMAM;1;11.12.1957;1;0
NEJDAL;1;18.1.1947;0;1
BERDE;4;2.7.1961;0;4
ARNUS;2;10.4.1958;1;1
ALIKSIYAS;1;21.3.1952;1;0
LILIKA;1;2.8.1921;0;1
IHSAPIRT;1;12.5.1929;0;1
N.ZULFIYE;1;22.8.1973;0;1
ISKOYI;1;3.6.1959;0;1
HURUP;1;25.4.1941;0;1
ANTOAN;1;17.7.1936;1;0
YUSALIN;2;14.3.1966;0;2
NURICA;2;24.3.1933;0;2
MIDESSIR;1;1.10.1950;1;0
MEIYYET;1;14.11.1947;0;1
CANYASAR;4;15.8.1953;2;2
FETIVE;1;9.3.1974;0;1
HABROS;1;15.9.1947;0;1
ZESAR;1;1.12.1944;0;1
ELMAI;12;29.3.1948;0;12
MESHEDI;1;21.12.1947;1;0
ESVAK;2;21.9.1966;1;1
ROYNAZ;2;17.1.1975;0;2
SEVIGUL;5;27.9.1974;0;5
ANCELO;1;14.2.1986;1;0
NIHATIN;1;12.8.1970;1;0
ANDONIS;1;22.1.1964;1;0
NESREN;5;12.2.1972;2;3
ZAVEL;4;7.10.1959;3;1
BIDURA;1;8.9.1983;0;1
HURDAGES;1;22.8.1955;1;0
FIRANGUL;2;10.1.1935;0;2
MERKON;1;7.2.1940;1;0
MEFAHIRE;2;13.9.1950;0;2
GILSAH;2;10.1.1985;0;2
SHIMAA;1;25.8.1980;0;1
MINBAY;1;12.3.1979;1;0
AMANVEL;1;7.4.1976;1;0
REFEDIN;1;9.7.1963;1;0
ARASIN;1;22.2.1967;0;1
GULLURIYE;1;1.1.1959;0;1
AJDUL;1;8.2.1976;0;1
NOURAR;1;1.10.1941;0;1
ERGUNLEVENT;1;22.5.1967;1;0
NISAPER;1;17.11.1958;0;1
SEVAZI;1;23.11.1958;1;0
PIRANZIN;1;1.1.1;0;1
AKILEN;1;29.4.1980;0;1
HAYRANUS;1;6.11.1944;0;1
SADINAN;1;17.8.1930;0;1
KIGVART;1;6.8.1937;0;1
FETROS;2;2.6.1977;2;0
DIKRAMI;1;29.3.1957;0;1
HERKA;1;6.4.1933;0;1
MARYOS;1;12.4.1940;1;0
ALLET;1;6.8.1972;0;1
FEURUMUYE;1;19.7.1974;0;1
GAZAR;4;11.4.1955;3;1
SAKHAVAT;1;11.6.1965;0;1
ANU;2;24.11.1930;0;2
SIMAYET;5;1.8.1974;0;5
BADASAR;1;16.8.1923;1;0
KHELOUD;1;10.3.1974;0;1
MECLUBE;5;17.5.1938;0;5
GUKAY;1;7.9.1978;1;0
TEVAZZUF;1;6.5.1954;0;1
SURERAN;1;8.11.1943;0;1
YELMIZ;1;21.8.1980;1;0
FERKAL;3;24.9.1967;3;0
UMEIRAN;1;13.4.1958;0;1
FADIYA;3;26.11.1977;0;3
NATILIA;1;24.3.1976;0;1
ALLISON;1;29.1.1990;0;1
A.YASEMIN;1;10.4.1962;0;1
MUKSIME;2;22.9.1943;0;2
KAZAROZ;1;27.7.1954;1;0
MECITERCAN;1;14.11.1963;1;0
GAZMEND;1;25.12.1973;1;0
BAYRISE;1;26.4.1939;0;1
GALMET;1;16.4.1930;0;1
SERBER;1;23.6.1973;0;1
SAMAHIYE;1;9.10.1937;0;1
NARTIK;2;2.1.1943;0;2
HARPER;2;20.11.1979;2;0
AYNICE;3;24.9.1957;0;3
CEVHERGUL;1;27.8.1962;0;1
AFTAB;1;2.8.1974;0;1
MERZAN;3;21.10.1976;1;2
DOSTOL;1;27.5.1989;1;0
MAHICE;3;22.6.1946;0;3
NECDAN;11;6.9.1947;0;11
ARSAVER;1;29.3.1951;1;0
PALTI;1;16.9.1970;1;0
ESYAN;4;5.6.1969;1;3
KAR;6;24.7.1982;1;5
H.HASAN;4;22.10.1953;4;0
GOLZAR;2;27.2.1943;0;2
MAHINUN;1;1.12.1969;0;1
NAGAR;2;1.2.1952;0;2
ANGAY;1;26.4.1967;1;0
HURISAL;2;12.9.1953;0;2
YASINHAN;3;4.10.1988;3;0
FIRINGI;2;7.2.1964;0;2
MUJEYYE;1;17.2.1966;0;1
ZINDENUR;1;2.7.1951;0;1
GOROL;2;16.9.1968;2;0
MUHARREMABDI;1;7.3.1973;1;0
KUTAYBA;1;22.8.1943;1;0
NURSOHRET;1;15.5.1954;0;1
MINHETA;1;10.12.1949;0;1
IKBALIHUR;1;20.9.1962;0;1
GULHUNAZ;2;14.3.1968;0;2
EFRIDE;3;1.10.1958;0;3
RUHHAT;1;11.2.1980;1;0
MUHLI;2;22.7.1975;1;1
HESNIYE;2;4.8.1965;0;2
MUHTESAN;1;17.8.1978;1;0
GANEM;3;15.5.1978;1;2
MUHIBBIDDIN;3;4.9.1966;3;0
CANTEL;1;10.7.1982;0;1
DORELA;1;26.6.1959;0;1
OVENC;2;9.3.1957;1;1
GURETEKIN;1;27.3.1958;1;0
ERDIYAN;1;7.8.1952;0;1
NURUZIYE;1;1.7.1970;0;1
CIHANFIT;1;29.2.1941;1;0
KAZAFER;9;5.6.1965;7;2
SORINA;4;26.9.1971;0;4
IMSAKIYE;4;10.3.1964;0;4
BOLIKAN;1;15.7.1948;1;0
NARGUZA;3;26.1.1974;0;3
SIRINVAN;1;19.4.1991;1;0
AYITEN;5;14.2.1966;0;5
MUTAHSIN;1;29.2.1968;1;0
MEHMETOGUZ;1;28.8.1986;1;0
UFUKKAN;4;23.8.1974;4;0
HANDENIL;1;15.5.1991;0;1
HERMEZI;1;14.1.1959;1;0
RUHMEN;1;12.8.1941;0;1
EMELSEN;1;23.4.1961;0;1
ABDURRIZA;3;9.8.1964;3;0
GULURE;2;10.2.1964;0;2
LIZBAH;1;7.6.1977;0;1
AYDINAL;1;6.12.1943;1;0
VERCEN;1;8.9.1969;0;1
GOUMAI;1;8.11.1953;0;1
BETOULE;1;8.4.1979;0;1
SDNGUL;1;17.10.1966;0;1
MALEN;1;24.12.1969;0;1
BAYRANGIZ;1;19.5.1961;0;1
GULZADA;3;27.1.1968;0;3
FRUSINA;1;18.11.1957;0;1
AISARA;1;2.9.1976;0;1
KAMOLA;2;6.12.1977;0;2
KORLAN;1;12.1.1976;0;1
KURALAY;3;16.12.1976;0;3
ECATARINA;1;4.6.1981;0;1
RAUIA;1;28.4.1976;0;1
GICA;2;4.10.1962;0;2
KEREMULLAH;4;21.1.1986;4;0
SRBUHI;1;4.12.1961;0;1
ACULINA;1;11.11.1983;0;1
SHOLPAN;1;23.6.1964;0;1
ANGALE;1;29.2.1969;0;1
ANDJELA;1;12.10.1972;0;1
GULCHICHAK;1;12.7.1965;0;1
AKBOTA;2;25.3.1978;0;2
BAHARAK;1;17.2.1973;0;1
JIN;1;13.2.1988;0;1
GEORGICA;1;10.11.1980;0;1
SENGOREN;1;20.12.1950;0;1
VERDANE;8;7.6.1953;0;8
NASHO;1;2.8.1933;0;1
DICLENUR;4;19.11.1984;0;4
ZEYFIYE;9;9.9.1945;0;9
CEYN;1;6.10.1984;0;1
GULEHVER;1;16.10.1959;0;1
ZAYIK;1;27.8.1926;0;1
HUGAZ;1;21.1.1975;1;0
MISAKI;1;3.11.1962;1;0
KARBEZ;1;21.9.1951;1;0
PEZANTUYU;1;11.3.1948;0;1
SIMOYAN;1;17.9.1949;1;0
MANAIL;1;11.2.1956;1;0
PALANTIN;1;16.4.1928;0;1
ZIFART;2;17.2.1966;0;2
SEHANIK;1;7.2.1934;0;1
MUTEKIM;1;3.10.1955;1;0
SONDIBA;1;19.7.1968;0;1
HAVLECI;1;23.5.1973;1;0
ISTVANNE;1;29.1.1958;0;1
ELZAN;2;6.6.1972;0;2
MONTHER;1;17.8.1954;1;0
KURTIZE;2;6.4.965;0;2
ZIBIRNISA;1;2.8.1963;0;1
BUAYSEM;1;7.8.1964;0;1
BERFECAN;1;23.1.1991;0;1
YALMANLI;1;15.7.1978;1;0
SILVIE;1;9.9.1972;0;1
ERKUHI;1;17.2.1946;0;1
SUMRUH;1;29.11.1929;0;1
NURNISAHAN;1;24.8.1964;0;1
MUSLUHETTIN;1;29.2.1973;1;0
M.JULIDE;1;23.5.1963;0;1
ZAVIYA;1;1.9.1974;0;1
ZINNUYE;1;27.8.1932;0;1
ISILNAZ;1;27.9.1991;0;1
UMIDHAN;1;6.8.1986;0;1
RABUYE;1;3.5.1933;0;1
ATACAFER;1;16.12.1976;1;0
SATKINAY;1;28.6.1951;0;1
ZELIYHAN;3;9.11.1946;0;3
VENIRE;1;14.3.1992;0;1
SULTANCAN;1;11.12.1974;1;0
NURLIHAN;2;27.9.1940;0;2
DERSUVAR;2;4.3.1952;0;2
NEMIA;2;3.2.1944;0;2
OZFIDAN;1;12.11.1989;0;1
NURUIMAN;1;2.8.1963;0;1
KITAYE;3;11.10.1967;0;3
NURCIRAY;1;20.12.1971;0;1
MUDZEVER;1;11.3.1948;0;1
RUYYE;1;12.8.1947;0;1
ABDUVELI;1;22.7.1953;1;0
LETITIA;3;18.7.1966;0;3
AZARDAKHT;1;22.8.1937;0;1
NAZIKDAR;13;19.1.1945;0;13
RUSENHAN;1;12.8.1965;0;1
ALVER;2;18.8.1972;0;2
REYILA;1;14.11.1973;0;1
NAHLAN;1;10.5.1977;0;1
ERENC;5;19.2.1973;4;1
MUZHEL;1;4.8.1941;0;1
GULTEHAR;1;17.2.1937;0;1
MERPU;2;4.4.1975;0;2
SEVBIR;1;9.6.1939;0;1
RUZINISA;1;17.8.1954;0;1
BUWEIZAINA;1;22.8.1943;0;1
SEVIA;3;9.9.1957;0;3
SULTONE;1;20.2.1935;0;1
IASMINA;1;26.6.1977;0;1
NEJLETTIN;2;20.10.1969;2;0
MULLAHIM;2;27.7.1979;2;0
CANISER;4;16.5.1952;0;4
ANKUS;1;13.3.1944;1;0
ZULKARNIYE;3;15.8.1955;3;0
GULFISE;2;15.3.1956;0;2
SEFIKANUR;4;20.9.1980;0;4
RUSARE;1;14.12.1932;0;1
SALAM;3;6.3.1963;2;1
MUHHIDDIN;1;2.2.1953;1;0
NUHYA;1;11.7.1986;1;0
SEZINNAZ;1;20.12.1990;0;1
CIVEYRE;2;10.4.1965;0;2
CARMELUS;1;26.6.1972;0;1
CEDIFE;1;27.8.1932;0;1
KUTNUR;1;18.11.1969;1;0
SILGET;1;13.3.1951;1;0
AVRICA;1;28.11.1969;0;1
SEYRAMELTEM;1;27.10.1977;0;1
SHEMSHAT;1;15.4.1977;0;1
SEMEHETTIN;1;15.11.1965;1;0
PELIDE;1;12.8.1929;0;1
NIHRAN;1;9.10.1961;0;1
SEKULE;6;1.3.1954;0;6
GONNER;1;3.3.1934;0;1
DEMUR;4;8.6.1941;4;0
BARAA;1;10.3.1945;0;1
DEGERHAN;3;26.7.1977;2;1
ZIYMETI;1;14.11.1963;0;1
MUHADELAT;1;14.10.1940;0;1
ENCILA;2;25.6.1965;0;2
FREDERICK;1;3.3.1985;1;0
YULUG;2;22.7.1963;2;0
HAYSU;1;4.9.1972;0;1
BAJ;1;16.10.1976;1;0
GULTESEN;2;15.6.1952;0;2
MUZBAHUDIN;1;22.8.1937;1;0
HAGO;1;6.8.1955;1;0
SIRAPYAN;1;27.8.1932;1;0
MEHZEM;1;5.2.1983;0;1
ERENDER;2;26.12.1983;1;1
BELLIHAN;3;13.8.1957;0;3
LORRAINE;6;21.6.1963;0;6
VARIK;1;22.8.1931;0;1
FERDIBA;1;28.7.1973;0;1
SANUFER;2;22.10.1947;0;2
NARCEN;1;25.10.1979;0;1
MELEGZAT;1;10.9.1943;0;1
GULBAYIL;1;23.3.1967;1;0
RUVEYAT;1;17.10.1972;0;1
KAYRIYE;11;25.12.1978;0;11
EVAGELIA;1;29.2.1976;0;1
HIRISTOFI;1;28.1.1956;1;0
TARASGULA;1;19.5.1946;0;1
HAVLICAN;1;1.7.1948;0;1
UZENC;1;26.9.1978;0;1
BOGDAN;2;29.8.1964;2;0
M.NASIH;1;13.2.1965;1;0
NEFAZETTIN;1;21.5.1975;1;0
SERGIU;2;2.11.1990;2;0
FERGANE;4;20.2.1980;0;4
FATMAF;1;2.2.1975;0;1
GENOVITA;1;20.4.1960;0;1
GJULSUM;1;17.10.1966;0;1
SERKE;3;17.6.1971;0;3
KIANOOSH;1;26.8.1974;0;1
NIKOLIN;1;30.4.1958;1;0
MAMUSA;1;27.8.1932;0;1
DILIHAR;1;9.1.1958;0;1
ZEYDAT;3;23.6.1959;3;0
MUNTAS;7;21.1.1967;7;0
DAUD;4;28.3.1945;4;0
BEHARKA;1;2.8.1927;0;1
BERIC;3;26.1.1962;3;0
HUGAS;1;27.5.1944;1;0
SOUNDOS;1;24.4.1962;0;1
VECAHAD;1;1.8.1961;0;1
ELENORA;1;27.8.1926;0;1
MUSANMA;3;14.4.1964;0;3
DARI;1;27.4.1918;1;0
SIRAZEDDIN;1;5.8.1962;1;0
MOUMBERA;1;2.8.1969;0;1
Z0BER;1;14.5.1942;1;0
APOSTOLAKI;1;26.10.1952;1;0
GULYELIZ;1;11.8.1986;0;1
GAROFITA;1;20.8.1970;0;1
SAGAK;1;13.9.1978;1;0
SIBAYET;1;12.8.1953;0;1
FETHAHMET;1;13.11.1966;1;0
NARIF;3;11.11.1973;3;0
PIZANT;3;23.10.1943;3;0
YUNDANUR;1;29.12.1962;0;1
IBRANOS;2;14.9.1937;2;0
GUYCAN;1;7.4.1976;0;1
VAKIP;2;21.6.1936;2;0
BURCTEKIN;1;15.12.1980;1;0
ANIMARI;1;14.7.1962;0;1
ASATUR;1;2.7.1951;1;0
OVANNIS;1;21.8.1961;1;0
ARSAG;1;23.5.1985;1;0
HURULAYN;1;12.6.1953;0;1
ELEKSIN;1;17.2.1984;0;1
MEMIRE;2;7.3.1966;0;2
HATAC;1;1.9.1932;0;1
ALENNURAY;1;27.5.1977;1;0
GEZMI;1;27.2.1944;0;1
HARGUHI;1;6.2.1939;0;1
SELAHIDIN;2;1.9.1943;2;0
DORETEOS;1;26.5.1968;1;0
ZELNAHAR;1;28.6.1957;0;1
SAHEZIN;1;21.5.1956;1;0
TUDORITA;1;26.10.1971;0;1
HASIBETULBUSRA;1;22.4.1954;0;1
DIRTA;1;7.8.1940;0;1
DENEN;1;1.7.1982;0;1
INSAL;6;29.3.1958;1;5
DIKRANUYU;1;24.9.1963;0;1
DILSANE;1;1.7.1959;0;1
AVDA;1;25.10.1985;0;1
ATAMTURK;4;21.12.1962;4;0
FIDAZE;1;6.6.1969;0;1
FETHINAZ;11;5.7.1946;0;11
ALPSIRIN;1;20.5.1981;1;0
AGAVIN;1;12.4.1947;0;1
AFRAM;2;18.6.1987;2;0
DURIHAN;1;15.4.1954;0;1
SUOBODA;1;24.9.1976;0;1
HAYRUMIYESE;1;6.1.1966;0;1
GULATIN;3;17.9.1969;0;3
M.NURETTIN;5;3.2.1947;5;0
VELIKRAM;2;2.1.1949;2;0
RUBAHA;1;11.5.1950;0;1
SAYZIN;1;17.6.1966;1;0
BERRATIYE;1;3.11.1970;0;1
ISTELYO;6;9.4.1950;6;0
FAIKKIRAL;1;17.11.1987;1;0
GIORGIANA;1;24.7.1973;0;1
EDIPALI;3;5.6.1989;3;0
GULESTER;2;22.9.1975;0;2
GOLAMIR;1;17.2.1942;1;0
VARSAK;1;26.2.1957;1;0
NAHRA;1;12.3.1960;0;1
CIGER;11;1.1.1978;7;4
FETYE;6;10.2.1966;0;6
GAYTAN;5;12.10.1958;0;5
GEYZE;1;24.9.1967;0;1
ABUTTIN;1;20.5.1966;1;0
BURHANEDIN;9;24.2.1969;9;0
MIRZENDI;1;27.2.1980;1;0
GEVORK;1;4.1.1975;1;0
ERO;1;17.2.1966;1;0
NUMIK;1;30.4.1925;0;1
SHAKHSANAM;2;29.7.1957;0;2
MUCTEBE;1;4.11.1991;1;0
AGAFIA;1;16.5.1977;0;1
YEZNIK;1;25.3.1971;1;0
IMHANE;2;14.11.1971;0;2
KERPIS;1;23.1.1943;1;0
UCETTIN;1;13.9.1967;1;0
RUBER;4;8.8.1951;3;1
ALANKUS;1;27.10.1980;0;1
MUHMAN;1;22.8.1925;0;1
TUMURKAN;1;16.9.1961;1;0
IONA;1;30.4.1974;0;1
BEDAR;1;17.9.1951;0;1
JAMILIA;2;19.2.1961;0;2
GIOILNAZ;1;5.11.1966;0;1
RODRYGUEZ;1;17.10.1975;0;1
STAVROS;1;5.4.1967;1;0
YERANIKI;1;27.3.1938;0;1
ZEMYAZAR;1;27.3.1978;0;1
FUJE;1;11.10.1954;0;1
HAGIGAT;6;22.10.1959;0;6
NURIAMET;1;17.8.1948;1;0
PAKYE;1;25.8.1971;0;1
PERLINA;1;26.8.1939;0;1
ENKHTUUL;1;26.2.1972;0;1
NIKOLI;1;27.10.1950;1;0
POTI;1;17.8.1930;1;0
OMERILHAN;1;12.6.1975;1;0
DZHAMILYA;3;23.8.1977;0;3
ALHAM;1;27.8.1950;0;1
DILIAFRAUS;1;20.11.1961;0;1
ULUCAAY;2;26.5.1950;0;2
BITUL;3;13.11.1959;0;3
MAHIGUN;2;15.11.1971;0;2
AYNUHAR;1;6.4.1962;0;1
SATILE;3;20.7.1945;0;3
NAARA;1;20.6.1977;0;1
RAMIE;1;7.3.1940;0;1
IMAETTIN;2;8.5.1958;2;0
YURDUNUR;6;1.8.1952;1;5
NESLEGUL;3;25.5.1982;0;3
SEYFETTTN;1;16.3.1979;1;0
PEMBEZAR;5;6.7.1952;0;5
KARSAN;1;10.11.1971;1;0
MUZESSER;1;18.5.1969;0;1
AYSETULHAMRA;1;6.4.1935;0;1
AYISIN;2;27.10.1968;0;2
FIKRIHAN;2;24.9.1960;0;2
MUBILE;3;4.1.1957;0;3
ZEKAGUN;1;6.7.1930;1;0
UMMUGULTEN;2;4.11.1959;0;2
YEDIYIL;1;5.8.1957;0;1
NESIYME;4;7.6.1967;0;4
SENAJ;1;26.10.1970;0;1
ABDULMUCUP;1;12.6.1977;1;0
SAHERA;2;11.2.1981;0;2
SEBLAN;2;29.11.1971;1;1
MITODI;1;24.8.1936;1;0
IMRAM;1;9.3.1956;0;1
LYUDMAYLA;1;25.7.1978;0;1
SINPER;2;27.11.1963;0;2
MAFIRAT;2;20.4.1961;0;2
IORDANICA;1;23.6.1976;0;1
RUVIJE;1;17.2.1954;0;1
ZUYAN;1;2.8.1957;0;1
MIRVIHA;1;16.10.1978;0;1
EFDAG;1;2.10.1968;0;1
EMINEGULBIN;1;24.8.1967;0;1
SENCILEYIN;1;22.2.1983;0;1
SUFEKA;1;21.1.1952;0;1
SIMOS;1;26.5.1985;1;0
REBIL;7;10.5.1970;7;0
HURDUNYA;1;17.9.1981;0;1
LACRAMIORA;2;14.12.1977;0;2
KEVES;1;22.7.1967;0;1
KHANYMGYZ;1;12.2.1962;0;1
MELINAY;2;16.3.1974;1;1
M.VASFI;3;5.9.1945;3;0
FATEMA;1;12.8.1965;0;1
M.NECAT;10;12.10.1944;10;0
TANKURT;5;4.3.1980;5;0
CAZIKA;1;11.11.1981;0;1
ESUBA;1;11.12.1964;0;1
SUVEK;1;6.4.1968;1;0
ZEMBURE;3;16.1.1960;0;3
M.FETHI;3;12.7.1966;3;0
RAYICE;2;8.10.1962;0;2
NURDE;3;18.1.1958;0;3
VAZIFETTIN;1;23.5.1956;1;0
DEMEZ;16;14.7.1965;16;0
SANOBAR;2;14.6.1968;0;2
KAFIYETTIN;1;6.5.1978;1;0
GEZNA;2;14.5.1984;0;2
SHARIGA;1;2.8.1963;0;1
VEYSELALP;1;29.6.1982;1;0
SELANAY;1;26.8.1990;0;1
GANNIYE;2;12.12.1972;0;2
HAMDITE;1;27.7.1949;0;1
ILHAKE;1;8.12.1943;0;1
ATIA;1;26.5.1969;0;1
VERGINA;1;26.10.1972;0;1
MISS;2;14.6.1954;0;2
SIRZAD;4;14.10.1984;4;0
GULUSAT;3;3.10.1962;0;3
KUDREDULLAH;1;29.4.1941;1;0
GULLUTEN;2;4.1.1963;0;2
GULFIYAZ;4;14.2.1955;0;4
FEYRRUSSAN;1;16.2.1985;0;1
ESVETE;1;7.8.1952;0;1
ILBARI;1;5.4.1973;0;1
MELTAP;3;1.8.1979;0;3
XHEME;1;28.6.1947;0;1
GAYYES;1;20.9.1960;1;0
SAMSULAZIZ;1;7.3.1952;1;0
NESRIGUL;10;16.4.1974;0;10
MENAP;17;22.12.1973;16;1
NURSEMAY;1;16.7.1963;0;1
MERADET;1;24.3.1947;0;1
RAHITTIN;1;7.8.1934;1;0
BRUNILDA;3;23.12.1975;0;3
GULBOSTAN;3;29.2.1967;0;3
OTUMAN;1;12.2.1941;1;0
KONCAHAN;2;3.4.1968;0;2
ERDUY;1;22.9.1990;1;0
BASTEMIN;1;18.10.1987;1;0
SEMIAYDIN;1;25.9.1963;1;0
HUSNIBEY;1;9.9.1930;1;0
NAHAZ;1;12.8.1953;1;0
OSKEN;2;2.4.1978;2;0
SAKSIDE;1;21.1.1959;0;1
KAZAVAT;1;17.8.1918;1;0
MEHRANGIZ;1;2.5.1963;0;1
SIYBEL;2;11.12.1964;0;2
CANEVI;3;12.7.1938;0;3
SIMAZER;1;11.10.1938;0;1
MICEHID;1;20.2.1950;1;0
MAHBOBA;2;27.5.1980;0;2
GENCDUR;1;1.10.1937;1;0
ARIFBAYRAM;1;7.10.1983;1;0
YAKUPKENAN;1;13.4.1928;1;0
MANSUME;1;27.8.1932;0;1
TALISE;3;16.12.1971;0;3
ATAOLLAH;2;29.11.1950;2;0
TEVFIKHAN;2;7.6.1961;2;0
GOKPAR;1;3.4.1989;1;0
MUHANIS;1;27.10.1962;0;1
HAYIPSAN;1;12.2.1965;0;1
FARKAT;2;4.11.1970;1;1
MAHZU;1;6.4.1963;1;0
LILITATIANA;1;15.8.1974;0;1
AYFFER;1;2.2.1975;0;1
NAFIAT;2;21.7.1972;0;2
MUINIDDIN;2;18.8.1961;2;0
MANER;2;13.7.1977;1;1
PIRAYA;3;24.8.1968;0;3
TULYET;1;24.11.1972;0;1
M.CEMALETTIN;3;6.3.1956;3;0
AVAHAN;1;17.8.1954;0;1
MUNEZZIL;1;14.8.1959;1;0
FAY;1;13.9.1979;0;1
YURDASIN;3;11.9.1959;0;3
TURKMENGUL;1;7.6.1970;0;1
NISVANE;8;5.3.1944;0;8
EMIRDAR;1;30.10.1946;1;0
MRS;1;7.6.1954;0;1
EDAI;4;18.2.1971;2;2
KAMERUDDIN;1;22.2.1971;1;0
SEYFEDIYE;1;3.3.1959;0;1
NURLIFE;7;18.11.1944;0;7
MUSLADIN;4;19.3.1948;4;0
GURSA;1;22.10.1991;0;1
PERUZEN;1;4.5.1957;0;1
WANNA;1;10.7.1965;0;1
KANULLAH;1;26.2.1990;1;0
IDAHETTIN;1;21.3.1965;1;0
ZEKILMAHASIN;1;26.11.1958;1;0
GOULFIA;1;4.3.1972;0;1
MALEIKA;2;16.8.1968;0;2
HUREMA;1;12.8.1953;0;1
BERHAD;1;6.1.1965;1;0
ZUFAR;3;9.9.1958;2;1
GEZIBE;2;2.4.1945;0;2
NUDFI;1;14.9.1948;1;0
SOEDA;1;28.5.1952;0;1
BULDAN;4;6.4.1962;1;3
PERIHAT;4;4.6.1969;1;3
FALIZE;4;15.8.1976;0;4
TAHALLUP;1;25.6.1948;1;0
SEVNAROBER;1;18.8.1976;1;0
TELIMAK;1;10.6.1956;1;0
KOSTAN;1;2.8.1975;0;1
BENUN;2;11.2.1963;1;1
MUSTAFILE;1;15.3.1971;0;1
ZIYADI;4;15.12.1968;2;2
AGAMI;1;19.5.1934;0;1
NORAT;1;2.6.1984;0;1
MARATREE;1;30.2.1960;0;1
GOLEM;1;1.3.1960;0;1
NAKTAR;1;16.9.1940;0;1
SANSANEE;1;13.11.1961;0;1
RUZDI;4;13.8.1953;4;0
SUVERA;1;2.5.1933;0;1
IMASDUYU;1;8.12.1953;0;1
YULHAN;3;28.10.1968;1;2
NIFADORA;1;22.8.1925;0;1
SUWANEE;1;3.1.1957;0;1
UZAYET;1;22.8.1949;0;1
ORIK;2;30.9.1965;1;1
GUBAY;1;22.3.1967;0;1
ORALKUL;1;28.4.1977;0;1
MENFUSET;2;18.12.1967;0;2
TEZAVER;1;7.2.1980;0;1
STAFANIA;1;20.5.1977;0;1
ZANFIRA;1;17.12.1955;0;1
TAYEBEH;2;12.1.1960;0;2
LONICA;1;21.7.1980;0;1
SENGULZADE;1;12.8.1935;0;1
M.TAHSIN;1;27.10.1944;1;0
ZANFIRE;1;27.8.1932;0;1
LIMAS;1;26.6.1949;0;1
EDINDIK;1;14.11.1953;1;0
MUKEDDIS;1;17.2.1972;0;1
BAKHYTGUL;1;4.8.1977;0;1
NURHAMIDE;1;15.12.1973;0;1
FIHIT;1;1.2.1964;1;0
ABDULHASIT;1;23.1.1969;1;0
ZUYBIYE;1;18.3.1954;0;1
LATINKA;1;16.3.1976;0;1
BAKIZA;7;7.12.1955;0;7
UMULKASIM;1;19.2.1985;0;1
CAYDET;1;22.3.1949;0;1
LULIA;1;11.11.1980;0;1
SAHSEYER;1;5.12.1961;0;1
BABIKO;2;13.4.1950;2;0
SEZAVI;1;23.5.1945;0;1
ZIKRETA;1;2.8.1957;0;1
KENJEKUL;1;29.8.1974;0;1
MUAZCEBIR;1;11.11.1978;1;0
SEVEBIYE;1;15.2.1967;0;1
FULUHAT;1;7.2.1946;0;1
KATHRYN;7;18.9.1972;0;7
MURISAN;1;25.6.1954;0;1
KIRYAKULA;5;12.1.1952;0;5
SENEDUNA;1;6.3.1960;0;1
TSIURIY;1;17.1.1969;0;1
UKEYL;1;13.11.1970;1;0
ZUMREN;14;2.9.1966;0;14
ISTREEL;1;26.8.1948;1;0
SERIKAN;7;1.6.1975;5;2
BIDANE;1;2.2.1957;0;1
ADURRAHMAN;2;22.1.1983;2;0
NURFISAN;1;7.8.1928;0;1
TEFARUK;13;22.9.1944;1;12
NUCCAN;1;9.11.1965;0;1
GULGUNDUZ;1;4.11.1972;0;1
AZITER;1;27.10.1968;0;1
MANAZI;1;12.8.1935;0;1
SARAI;4;15.8.1954;0;4
HANPI;1;22.8.1931;0;1
RUESA;1;5.4.1946;0;1
TEBBESSUM;1;10.10.1987;0;1
FELIHAN;5;5.4.1958;0;5
MELCA;1;17.2.1952;0;1
CEMALADDIN;2;23.7.1973;2;0
UNRIYA;1;25.9.1975;0;1
KHOSHGADAM;1;15.10.1959;0;1
MUHSINCAN;4;29.7.1989;4;0
S.EYUP;1;7.5.1964;1;0
MEMYAN;1;25.4.1973;0;1
GULBARSHYN;1;17.1.1975;0;1
GHEORGHITA;3;24.1.1958;0;3
ZEYNETA;1;13.10.1980;0;1
BRILYANT;1;2.5.1959;0;1
FATEME;3;21.12.1958;0;3
VASFINUR;5;2.4.1961;0;5
ERTURER;3;18.5.1950;3;0
VALERUTA;1;8.12.1976;0;1
MURBEN;2;11.4.1954;0;2
BIRSEVI;1;19.1.1977;0;1
SIRMINA;1;12.6.1965;0;1
VEHBEKAR;1;28.12.1950;0;1
REGNA;1;27.11.1936;0;1
OZNURU;1;21.1.1981;0;1
SENNURAN;1;30.4.1943;0;1
SATLI;3;19.5.1953;0;3
GOSAR;1;26.10.1956;1;0
NEBAR;2;20.6.1971;0;2
NERDUS;12;14.4.1977;0;12
FETHIGUL;3;29.7.1963;0;3
ROZAT;3;22.1.1973;1;2
MURSUL;6;30.11.1978;6;0
SITINISA;1;12.9.1955;0;1
HIYALI;3;19.3.1967;3;0
MUSANUR;2;10.12.1969;2;0
KUBYA;2;28.3.1978;0;2
DUMITRU;2;3.11.1977;1;1
HULDE;4;30.3.1980;0;4
FAVLOS;1;6.3.1988;1;0
MIRVA;1;4.4.1992;0;1
YEVRAT;1;21.6.1948;1;0
PIREPIYAN;1;11.4.1926;0;1
ANTI;3;29.8.1965;1;2
HAYKAZUM;1;7.2.1928;1;0
HRUPSIMA;1;20.10.1961;0;1
ALIKNAZAR;1;25.4.1964;0;1
KUKAS;1;2.4.1939;1;0
MARKOR;1;16.6.1947;1;0
HATNE;1;12.8.1935;0;1
LIVIR;1;17.2.1960;0;1
JORC;1;11.11.1965;1;0
GULPIDAR;1;22.9.1967;0;1
ARDIS;5;15.7.1953;5;0
ADRAN;1;10.9.1991;1;0
EDMAND;1;18.10.1972;1;0
ZANTUK;1;11.9.1928;0;1
YEVART;1;4.11.1954;1;0
KIYAP;1;27.3.1983;1;0
ESTAPAN;1;7.11.1945;1;0
HORITON;1;17.2.1930;1;0
VARTE;1;2.8.1927;0;1
ARDI;3;24.5.1987;3;0
INAET;1;23.3.1952;0;1
EKSA;3;5.3.1961;0;3
SERPON;1;7.8.1975;1;0
EYTUM;1;12.8.1935;1;0
ALISPELIS;1;8.7.1962;1;0
MAKRUSE;1;12.5.1935;0;1
MARYANIK;1;21.11.1937;0;1
ISGUHI;4;25.3.1944;0;4
SETON;1;14.5.1915;1;0
MIRACI;3;25.8.1960;1;2
PAYLAZ;1;1.1.1;0;1
MARUJAN;1;30.4.1945;0;1
VAHIN;1;11.11.1944;1;0
JOKNEL;1;30.2.1953;0;1
NUBART;2;20.1.1953;0;2
VARTURUN;1;6.1.1950;0;1
GAZEROS;1;11.8.1952;1;0
MAIDAN;1;14.3.1965;0;1
IMASTON;1;3.9.1958;0;1
TANIEL;3;25.1.1977;3;0
PARANSI;1;5.8.1943;0;1
SAMIBE;1;16.2.1940;0;1
HAYGUFI;1;1.3.1954;0;1
VIRIJ;1;23.10.1957;1;0
HARANT;1;1.9.1918;1;0
ZAMITE;1;1.4.1943;0;1
VANYA;2;12.1.1971;0;2
PIRENSUYU;1;7.5.1946;0;1
ANJELLA;1;11.8.1978;0;1
MUSURUP;1;28.4.1957;1;0
KIVANT;1;9.5.1952;1;0
MUHOREN;1;22.2.1943;1;0
PAZIYAR;1;21.6.1930;0;1
EVAGEZ;1;12.8.1935;0;1
OHSANNA;1;30.8.1956;0;1
PAPGEN;1;1.9.1953;1;0
OSGIHAN;2;24.6.1940;2;0
HRANTUYA;1;12.9.1947;0;1
DURUHI;2;9.1.1942;0;2
GULBANK;1;5.4.1947;1;0
YEKVERSIN;1;12.8.1941;0;1
GEVORG;1;7.3.1981;1;0
PENI;1;12.5.1941;1;0
ZEFAR;2;8.7.1968;1;1
MEHUBER;1;7.8.1940;0;1
SITRAK;1;16.6.1945;1;0
ARTOALBER;1;10.9.1966;1;0
AYGANUS;2;22.9.1947;0;2
VARTLUIS;1;1.11.1949;0;1
EZNIK;2;6.6.1940;2;0
ISGUVEI;1;27.3.1938;0;1
SARTINA;1;21.1.1949;0;1
KIGAM;1;8.6.1926;1;0
IZAGIL;1;27.8.1944;1;0
HIROPSIMA;4;27.8.1951;0;4
EBRUHI;6;22.7.1953;0;6
KUHARIK;3;16.4.1960;0;3
KUTAHAT;1;26.11.1954;0;1
DOKE;1;16.9.1980;0;1
NEJMUDDIN;1;20.5.1941;1;0
SELIRA;1;24.9.1963;0;1
GIRMAS;1;20.2.1957;0;1
UYHAN;1;3.5.1945;0;1
HACASAN;1;3.11.1951;1;0
GULDJAMAL;1;10.4.1976;0;1
NISAME;3;12.3.1962;0;3
AYTUZ;1;17.12.1959;0;1
PEYKEN;1;22.4.1956;0;1
GULBUL;4;29.12.1964;0;4
FAHRETITN;1;28.2.1958;1;0
ANARA;2;26.4.1977;0;2
OZDURAN;2;20.11.1964;2;0
CLAVDIA;2;28.3.1971;0;2
SILICA;1;11.10.1968;0;1
GULVESAN;2;11.12.1971;0;2
ALSOU;3;1.9.1972;0;3
CANTAY;4;1.6.1980;4;0
IOLAN;2;28.3.1969;0;2
ZULEYHAR;1;18.4.1968;0;1
ADELIIA;1;25.3.1966;0;1
MURDUA;1;4.3.1986;0;1
GULDASTA;4;24.8.1966;0;4
GIRNET;1;24.3.1983;0;1
CENSER;3;28.4.1967;1;2
ZAHREDDIN;9;10.3.1975;9;0
GHIULSERA;1;25.4.1972;0;1
RYSKY;1;6.4.1981;0;1
HIZNEGUL;2;4.7.1978;0;2
AINAGUL;1;5.1.1980;0;1
MALEYKA;3;12.9.1967;0;3
LARZAM;1;8.1.1962;0;1
JAKLAN;1;21.6.1942;0;1
BIHI;1;23.2.1964;0;1
SIRZI;1;21.12.1959;1;0
PEVRIZAH;1;26.5.1956;0;1
SELAMAN;2;14.12.1961;1;1
MUBEDZEL;1;22.2.1967;0;1
SANEY;3;3.8.1982;1;2
AKTOLKYN;1;2.7.1973;0;1
AKERKE;1;24.12.1974;0;1
ZEJBIJE;1;8.10.1979;0;1
HABBAS;1;20.2.1978;1;0
HURIEA;1;15.10.1947;0;1
GULKHANIM;1;16.7.1965;0;1
MUERREM;1;4.1.1978;1;0
ERSULTAN;5;10.11.1940;0;5
SEBIDDIN;1;8.3.1964;1;0
ERTUGROL;5;17.9.1958;5;0
ERADE;1;2.8.1933;0;1
AYSESERIFE;1;16.1.1965;0;1
SEVKIBEY;1;30.2.1932;1;0
FEMMIYE;2;9.1.1929;0;2
MAHANNUR;1;9.1.1966;0;1
AINEURA;1;17.7.1980;0;1
PAYANDAL;1;19.8.1969;0;1
GYUNDYUSPARK;1;3.10.1962;0;1
SEFIT;5;28.4.1959;4;1
ZEFZIYE;1;16.12.1952;0;1
URFEDDIN;2;30.6.1949;2;0
DUDAR;1;11.10.1952;0;1
MECIBE;4;18.6.1955;0;4
SULDANIYE;1;6.4.1960;0;1
YASAHGUL;1;29.1.1971;0;1
TERIFE;3;7.9.1961;0;3
SULSAMBER;1;17.8.1930;0;1
NEGAR;12;23.2.1950;0;12
MIRFAK;2;21.7.1974;2;0
ZINICA;2;10.3.1970;0;2
BUHELIOIEMU;1;16.11.1977;0;1
SONERKAN;1;14.8.1981;1;0
ERMUKAN;3;18.8.1958;1;2
VIORELA;1;4.12.1985;0;1
REFINA;1;17.5.1964;0;1
MELANYA;3;7.1.1967;0;3
LAMEN;1;28.10.1946;0;1
FATOUMA;1;22.8.1955;0;1
TENEZZUL;5;8.3.1945;0;5
ARASTU;1;11.3.1987;1;0
RASMIYA;7;11.5.1964;0;7
OLIMPIA;2;12.6.1968;0;2
YEKRA;2;12.7.1971;0;2
NURYETER;3;26.2.1961;0;3
ZULNIYE;1;4.8.1964;0;1
SENIE;3;12.3.1954;0;3
CENTILMEN;3;7.9.1967;3;0
KEDEM;2;22.3.1954;1;1
DAMRACAN;1;28.2.1992;1;0
FIFA;2;14.1.1936;0;2
GULPAT;1;25.4.1972;0;1
CENHUN;1;17.10.1984;1;0
MEYRANSA;1;10.3.1968;0;1
ELMANIYE;1;21.3.1959;0;1
YAREM;1;6.8.1984;0;1
BAHRIYYA;1;11.12.1966;0;1
AICHAT;2;18.6.1957;0;2
ZEREBIKE;1;18.9.1982;0;1
ALEXANDR;1;26.10.1990;1;0
MIDIHAT;1;2.10.1981;1;0
MAHIDURAN;1;12.4.1965;0;1
ALIYASI;1;25.1.1987;1;0
SUPHIHAN;2;7.5.1956;0;2
SULBA;1;2.12.1974;0;1
SLAVKA;4;1.2.1959;0;4
KUBRAFUSUN;1;11.2.1976;0;1
SATIJA;1;4.7.1973;0;1
IRFANA;1;3.6.1938;0;1
PAARHATI;1;12.1.1984;1;0
AZZIZA;1;29.10.1974;0;1
BULKEHAN;1;26.3.1935;0;1
MEVAHIL;1;20.4.1927;0;1
ERGIR;1;27.12.1962;1;0
GOKKUSAGI;1;13.2.1984;1;0
MUHAREKAT;1;22.8.1925;0;1
M.ESIN;1;16.3.1975;0;1
MIMALI;2;29.4.1953;2;0
TOSKAN;1;23.8.1971;1;0
FUME;2;23.1.1982;0;2
TUREKAN;1;11.8.1976;1;0
NURCIM;2;19.9.1973;0;2
LEAL;1;26.2.1976;0;1
AYEDULLAH;1;7.2.1982;1;0
CENABE;1;1.12.1935;0;1
NEJLANE;1;8.2.1955;0;1
MESO;1;12.4.1947;0;1
ERDINCHAN;1;27.7.1978;1;0
CHALALE;1;16.2.1976;0;1
GALANFIR;1;24.10.1968;0;1
AROBA;1;2.8.1975;0;1
BAIMAN;1;6.1.1981;0;1
ERSENGUL;1;4.3.1971;0;1
TERENDIL;1;4.3.1940;0;1
GULLUMEHMET;1;2.2.1933;1;0
SUERDEM;8;27.12.1959;8;0
DERSEHVAR;1;7.8.1934;0;1
SOHEIR;1;15.9.1969;0;1
MILAR;3;16.12.1961;0;3
RAIKHANA;1;6.5.1953;0;1
KEZIBAL;1;26.1.1967;0;1
JELNAR;1;2.8.1969;0;1
NAFIZET;3;7.5.1944;0;3
EDIL;8;4.6.1965;6;2
TALIAHAN;1;7.8.1922;0;1
SEDAET;3;1.2.1958;0;3
ZENEHAR;1;17.6.1961;0;1
BABASAN;1;27.2.1974;1;0
ESIRET;1;24.4.1961;0;1
NEZAMADDIN;1;6.11.1971;1;0
MUDAHIRE;1;16.4.1941;0;1
FETIGUL;7;20.3.1956;0;7
SUVIYE;3;25.5.1955;0;3
GEKLIK;2;12.12.1959;0;2
HAMPALE;1;16.3.1957;1;0
SIMSAK;1;21.2.1957;1;0
GULSUMFATMA;1;21.7.1986;0;1
TURGEZ;1;8.10.1964;0;1
ARIFHIKMET;1;7.5.1974;1;0
JONA;1;28.11.1934;0;1
GULKORE;1;11.2.1956;0;1
CAMHOR;1;19.4.1971;1;0
GUBRAY;1;27.1.1950;0;1
SENSUR;1;22.4.1940;1;0
ZULFIRIZ;1;16.7.1958;0;1
CAGNAR;1;2.3.1973;0;1
GULNUREL;1;12.6.1959;0;1
ILKIZISIK;1;8.4.1956;0;1
ICTEM;2;7.9.1980;0;2
SERPAL;3;20.3.1964;3;0
SAMAIA;3;5.5.1955;0;3
GUNCIHAN;4;22.2.1959;1;3
CEVPER;1;10.3.1982;1;0
MAECELINA;1;30.9.1974;0;1
HURNEVIN;1;13.11.1945;0;1
LATIFURRAHMAN;1;7.4.1928;1;0
EMIRZAD;1;11.2.1982;1;0
PATIGUL;3;28.4.1968;0;3
ILZER;1;20.10.1947;1;0
MAYUFA;5;16.4.1950;0;5
BAHADIRCEM;1;15.3.1982;1;0
MAHDER;1;18.2.1939;0;1
MARICE;6;19.6.1942;0;6
SARAGUN;1;3.12.1962;0;1
MASHOODA;1;27.9.1977;0;1
OPREA;1;7.3.1976;0;1
HATO;10;6.1.1939;1;9
ILZAN;2;19.2.1961;0;2
MOKHSATI;1;15.6.1976;0;1
KAFIHE;1;17.2.1966;0;1
RUGGUL;1;22.8.1955;0;1
DOUGLAS;2;22.11.1974;2;0
SALOME;1;9.5.1978;0;1
SERBAZ;4;16.11.1975;4;0
MUMUR;2;5.12.1981;2;0
SERTUN;4;15.7.1968;4;0
ALSOY;1;11.12.1987;1;0
SEMSIYAT;1;14.12.1965;0;1
VASYLYNA;1;20.12.1965;0;1
ERKINCAN;1;17.8.1972;1;0
DENGTAF;1;6.2.1968;1;0
GURCIYAN;2;9.6.1969;0;2
GAYYIR;1;12.8.1953;1;0
FATNA;2;27.4.1976;0;2
BIRKER;1;12.11.1977;1;0
FERZANEH;1;29.1.1966;0;1
UKEYIL;2;26.10.1970;2;0
FARAHZAD;2;29.5.1965;0;2
NEBYA;5;21.2.1985;0;5
BERRIL;2;2.1.1974;0;2
ZUMRAT;2;6.8.1966;0;2
ENVERCAN;4;26.2.1985;4;0
AMANGULI;1;29.1.1971;0;1
NUVEYLE;2;27.1.1940;0;2
ELIMIRA;1;17.4.1975;0;1
SADIER;1;12.8.1983;1;0
KTMAN;1;7.2.1964;0;1
LIANE;3;21.9.1964;0;3
SUBRA;3;22.6.1988;0;3
TANJAR;1;24.9.1940;0;1
BUREBIYA;1;17.8.1978;0;1
MUTEHIR;1;9.2.1960;1;0
KUSA;1;28.6.1982;0;1
MUKRREM;1;12.3.1973;0;1
ITMON;1;25.5.1967;1;0
AIHAN;2;28.12.1977;0;2
HAGUP;1;7.6.1946;1;0
CEVZIP;1;27.3.1956;1;0
FIRENGUL;1;12.8.1929;0;1
EFLADIYE;1;21.7.1952;0;1
GUFARIK;1;18.1.1936;0;1
SUGAKAT;1;17.1.1930;0;1
ZARIFIL;1;12.4.1935;0;1
ZOGNIK;1;2.8.1939;0;1
ALASKAR;1;2.1.1979;1;0
KARONIK;1;24.9.1978;0;1
AVANA;1;17.8.1924;0;1
KIYABIYE;1;16.12.1975;0;1
MEINO;1;21.5.1930;0;1
HAMESDUHI;2;15.2.1957;0;2
HERDO;1;29.3.1956;0;1
MINUS;1;12.2.1947;0;1
KIMIYA;3;6.3.1954;0;3
HAMLO;3;18.4.1938;0;3
VARANIKA;1;11.12.1960;0;1
DUDA;1;3.7.1945;0;1
SEREMUS;1;23.3.1967;0;1
MISAPBIR;1;3.7.1951;0;1
VARTURCAR;1;26.7.1956;1;0
MERJEN;1;9.1.1980;0;1
SEROPI;1;27.2.1938;0;1
PARAGUN;1;22.8.1919;1;0
PEKRUVI;1;17.4.1948;0;1
AGULI;1;6.2.1966;0;1
PESEKAR;1;22.2.1961;0;1
ARTIMBAP;1;29.4.1963;1;0
TAKAYI;1;28.3.1945;0;1
GREGOZ;2;16.11.1955;2;0
SIRPAHI;1;20.5.1930;0;1
ZARO;2;28.10.1970;0;2
GARBEZ;1;26.8.1952;1;0
HABIBUN;1;3.9.1963;1;0
ALTINTAL;1;16.10.1942;0;1
MUJDEGAN;1;29.9.1959;0;1
ZIRMUT;1;2.8.1927;0;1
CLODYA;1;20.8.1987;0;1
ABDULFANI;1;2.4.1957;1;0
AYSEGUHI;1;25.2.1968;0;1
GULHATUR;1;17.2.1936;0;1
MISOROP;1;12.10.1972;1;0
ORKUS;4;28.5.1946;0;4
BAREN;2;27.9.1957;2;0
MAYSENI;1;25.12.1959;0;1
SATEL;1;24.8.1955;1;0
SERON;3;30.1.1948;1;2
BENON;2;1.7.1956;2;0
HACIBABA;4;15.3.1960;4;0
OGARET;1;20.2.1977;0;1
IDALAUSSI;1;1.6.1934;0;1
SOUFIA;1;30.9.1971;0;1
EVKIYE;1;16.4.1947;0;1
ETTO;1;12.2.1965;1;0
MULHINE;1;16.7.1942;0;1
HAYGAZER;1;4.12.1964;1;0
BAZZAR;1;5.4.1936;0;1
ELIMON;1;26.11.1954;0;1
MURATCAFER;1;15.7.1983;1;0
ERTIMUR;1;9.8.1955;1;0
NUSUNTAK;1;27.11.1950;0;1
MELKOM;1;19.6.1964;1;0
GERBIS;1;11.8.1980;1;0
ARO;1;3.3.1951;1;0
VARTIYA;1;13.5.1939;0;1
SURPEY;1;1.6.1940;0;1
VATAYIN;1;16.6.1935;0;1
ALITAYLAN;2;29.7.1979;2;0
UYYAK;1;17.3.1951;0;1
DILINUR;2;24.6.1975;0;2
MIHRIAY;1;15.4.1977;0;1
GOULSIRI;1;10.6.1957;0;1
HAIRIGULI;1;16.3.1953;0;1
EMCED;3;19.12.1969;3;0
MUBHER;1;17.3.1948;0;1
SENISA;3;27.11.1950;0;3
MUVIBE;1;23.10.1963;0;1
ERBAT;1;21.9.1980;1;0
RAGSANA;1;12.2.1976;0;1
EMETTIN;1;3.3.1968;0;1
EMBIZE;1;17.8.1960;0;1
FAITTIN;9;7.6.1949;9;0
HAKGUZEL;1;8.1.1951;0;1
HAILIOIEMU;1;4.8.1957;0;1
HORCIN;1;26.9.1989;1;0
MARIIAM;1;26.1.1968;0;1
GIULINSER;1;21.5.1952;0;1
YALEMZEVD;1;10.12.1973;0;1
HUGEN;2;15.6.1975;0;2
MENHUBE;1;22.4.1925;0;1
LUZGAN;1;11.8.1973;0;1
UMCANUR;1;8.3.1952;0;1
MURATASLAN;1;9.4.1973;1;0
IVEYS;1;18.7.1943;1;0
CUMAZER;1;6.8.1939;0;1
SALFER;1;2.9.1983;1;0
MIRICA;1;21.5.1972;0;1
XIAOFENG;1;8.5.1966;0;1
MAHLIKA;2;6.10.1969;0;2
DUNAN;3;26.12.1950;2;1
SECIAT;1;21.3.1941;0;1
TETIANA;1;28.10.1965;0;1
AYPASA;1;22.8.1949;0;1
AYSESENEM;1;29.3.1981;0;1
YELAY;3;19.3.1988;0;3
REYIHANGULLI;1;12.8.1965;0;1
YURDOREN;1;17.9.1945;1;0
GAYBIYE;3;22.6.1949;0;3
VETIS;1;17.8.1948;1;0
CELASUN;7;29.4.1969;7;0
PAYLAZUN;1;17.2.1960;0;1
BIRAH;1;15.11.1988;1;0
AFRIT;1;22.9.1973;1;0
GURTAP;1;14.4.1977;0;1
FEVAETTIN;1;12.8.1929;1;0
MUJUKAN;1;12.4.1941;0;1
RUVEJDEN;1;20.4.1960;0;1
GULONCE;1;21.12.1940;0;1
POMPILIA;1;30.9.1969;0;1
NURELA;2;29.1.1973;0;2
LEVKIYE;4;12.3.1951;0;4
TURANE;6;3.1.1974;0;6
MAKRU;1;21.6.1953;0;1
TUNAS;3;13.12.1965;3;0
SABINUR;3;3.3.1969;0;3
BOLIS;2;28.3.1978;2;0
AHMETOGUZ;2;14.4.1958;2;0
PERISSA;1;27.8.1968;0;1
ERBAB;4;5.1.1975;4;0
GULSERPIN;1;28.11.1968;0;1
UMEYIZ;1;21.1.1972;0;1
HUDAMINGOZUM;1;11.2.1970;1;0
ALKETA;3;1.12.1974;0;3
YAMZE;2;14.2.1971;0;2
TAHHA;3;6.4.1966;2;1
YULIIA;1;20.12.1991;0;1
SEBUSKA;1;7.8.1958;0;1
SHARAF;2;8.9.1957;0;2
SENAIT;2;16.9.1976;1;1
DAYHAN;1;25.6.1946;0;1
MERTSAH;1;14.2.1988;1;0
HOLETE;1;18.10.1979;0;1
M.FUAT;3;14.11.1946;3;0
HUSMETTIN;1;17.10.1982;1;0
OZNHUR;1;8.3.1981;0;1
M.MUSLIM;1;24.5.1941;1;0
SEADIYE;2;7.9.1966;0;2
FUKAT;2;11.2.1964;1;1
PERENS;1;27.5.1956;0;1
HILEL;3;19.10.1963;0;3
MEDYEM;2;14.3.1975;2;0
VENNO;1;7.8.1928;0;1
ABITYASAR;1;9.4.1949;1;0
KORELI;10;22.8.1975;10;0
MURUDA;1;24.12.1950;0;1
GEYYUM;1;6.3.1961;1;0
M.YAVUZ;6;13.11.1958;6;0
VADULLLAH;1;22.2.1973;1;0
SAFIH;6;7.11.1982;6;0
VEHIS;2;16.6.1956;2;0
SEMZIRIN;1;27.8.1932;0;1
NACE;2;15.1.1936;0;2
NAKIYYE;4;18.2.1962;0;4
TAKIYYE;1;6.5.1967;0;1
DARBAZ;4;17.5.1955;4;0
SEYYIDULHAYR;1;12.8.1923;1;0
TURKKAY;2;10.7.1970;0;2
GULAZI;7;6.8.1950;0;7
AYLAM;2;24.3.1986;0;2
ULZHAN;1;19.2.1977;0;1
LIUBOVI;4;17.3.1967;0;4
MERSIDE;4;24.2.1969;0;4
SHAHLA;4;20.4.1967;0;4
CHIMNAZ;2;26.12.1958;0;2
BEIM;1;5.2.1974;0;1
MUSLUK;8;15.1.1966;0;8
ADEMAGA;1;21.10.1961;1;0
PEPUZE;1;21.4.1934;0;1
SENHIYE;1;13.6.1925;0;1
KAMILYA;3;27.6.1967;0;3
EMIRHAS;1;22.4.1949;1;0
NAMUDAR;2;30.10.1959;2;0
ACAMIYE;1;17.3.1960;0;1
ZEYNELMEHE;1;22.11.1949;0;1
GULETAR;1;6.12.1970;0;1
SEFKADAN;1;24.4.1939;0;1
NECABEDDIN;2;14.8.1956;2;0
MELEKDER;2;27.5.1947;0;2
OXSANA;1;7.1.1979;0;1
FATAY;1;12.3.1963;0;1
NORICA;2;16.5.1971;0;2
ZARAHAN;2;9.8.1970;2;0
MUSAVIYE;8;3.12.1952;0;8
NEVNIYAR;1;22.8.1949;0;1
JULITTA;1;23.8.1980;0;1
MAGBE;1;12.7.1967;0;1
GOLNES;1;6.4.1949;0;1
SELRA;2;8.12.1974;0;2
MEVRUT;2;11.9.1944;2;0
EFDUKIYE;2;21.1.1970;0;2
HACINISA;3;22.3.1969;0;3
HRASTINA;1;2.5.1975;0;1
HETYE;3;22.6.1972;0;3
DIMYANOS;1;2.8.1991;1;0
MIDIA;2;2.12.1981;0;2
TOBAFERIDE;1;25.6.1980;0;1
NURMENEKSE;1;17.2.1990;0;1
GULDANER;2;7.2.1961;0;2
CALDIRAN;1;18.4.1964;1;0
IKREMETTIN;1;26.3.1974;1;0
RAYSE;1;11.1.1974;0;1
BULGUTAY;2;24.9.1969;2;0
AYBERS;11;29.10.1963;4;7
GULFIS;2;21.7.1958;0;2
ZIYABAT;1;2.8.1945;0;1
ERRAHMAN;11;8.1.1969;10;1
LABIBE;2;25.10.1951;0;2
KADYE;1;29.10.1973;0;1
YASSEVIN;1;26.11.1984;0;1
GOKNER;2;29.11.1984;1;1
SAYAHET;1;24.8.1967;0;1
RAZIEH;1;2.8.1951;0;1
MYESSE;1;26.4.1955;0;1
BOBSILON;1;29.5.1973;0;1
DUZGUNER;2;4.9.1968;2;0
GULCHEKHRA;2;22.12.1970;0;2
LIUUDMILA;1;23.1.1964;0;1
ESIYM;1;16.2.1983;0;1
NEZCAN;10;10.12.1979;2;8
VERGINICA;1;9.4.1974;0;1
HELAMI;1;1.9.1953;1;0
SACADDIN;2;16.11.1956;2;0
MUGAYYAR;1;7.7.1970;0;1
SAHADEDDIN;3;2.1.1955;3;0
EMIRCANDAN;1;26.9.1962;1;0
GUHERNISA;1;2.9.1949;0;1
ZERVIN;7;7.6.1970;0;7
RESEF;1;21.11.1965;1;0
MERDO;1;25.6.1969;1;0
EMINESERVET;1;1.6.1936;0;1
EZGAN;1;26.6.1978;1;0
BUKAT;1;22.10.1983;0;1
OMMUSAN;1;17.9.1989;0;1
ANGELIK;1;16.7.1970;0;1
NIHAY;3;14.5.1981;1;2
NIZAHAT;7;24.12.1955;0;7
AITEN;4;17.1.1966;0;4
SULUSI;1;24.11.1988;1;0
MEVLUDEHAN;1;26.6.1953;0;1
NOR;1;27.12.1941;0;1
HABUL;2;1.11.1973;2;0
GULMELISA;1;13.9.1981;0;1
CEZVEDDIN;2;4.12.1969;2;0
LEZAR;2;25.1.1948;0;2
SARNUR;2;6.11.1953;0;2
FURZADE;1;10.6.1988;0;1
CEKU;2;24.12.1962;2;0
AIFER;1;23.9.1966;0;1
TENA;1;29.10.1987;0;1
USMET;1;2.3.1951;1;0
FAYZIN;1;24.4.1991;1;0
MUSTEKBA;1;22.8.1931;0;1
MECHURE;5;17.7.1949;0;5
MELCHIN;1;14.11.1977;0;1
MAIRA;2;10.4.1983;0;2
OGULJAN;1;1.9.1978;0;1
HAPSO;1;15.11.1978;0;1
LUHSINTAK;1;24.11.1972;0;1
BUNNUR;3;11.12.1963;0;3
VERUJAN;1;28.2.1987;1;0
MITEHE;1;7.1.1951;0;1
SATIRIYA;1;12.9.1970;0;1
DUBEYHAN;1;10.1.1985;0;1
TAMILDA;1;6.4.1961;0;1
YASEMIM;1;19.4.1961;0;1
SEALVER;1;3.9.1968;0;1
TENIL;1;15.6.1981;0;1
CATINCA;1;2.2.1957;0;1
GULNEZAHAT;1;29.2.1975;0;1
UMMIRE;1;22.8.1943;0;1
HUMIT;4;23.2.1956;4;0
DJOULIETA;1;17.12.1963;0;1
ANFE;1;27.10.1956;0;1
USTUNDAL;1;15.6.1969;1;0
RAKHILIA;2;6.11.1967;0;2
MAISSAN;1;1.4.1960;0;1
MAHMUTNEDIM;6;21.8.1956;6;0
NEZHETTIN;1;12.3.1959;1;0
GULGEZEN;2;21.10.1952;0;2
MUNEYRE;3;17.10.1957;0;3
DUSTEGUL;1;6.11.1983;0;1
GUZELCE;2;24.12.1968;0;2
MADIGAR;1;15.9.1986;0;1
EFREMIYE;2;18.12.1954;0;2
SABHAT;4;14.4.1971;0;4
NEKISE;2;15.7.1962;0;2
SELGEAN;1;14.8.1990;0;1
SAGDEGUL;1;26.5.1983;0;1
ILMIHALUM;1;26.12.1953;0;1
MUNSINE;2;7.2.1979;0;2
SARAPIYAN;1;4.3.1975;1;0
ARIVAK;1;22.8.1925;0;1
SERGIZ;1;2.4.1933;1;0
POENARU;1;5.12.1977;0;1
MADALINA;3;7.5.1979;0;3
VEYCAN;2;10.5.1976;1;1
IZYEDDIN;1;20.3.1981;1;0
BASTI;4;1.12.1957;0;4
GANIFA;2;8.5.1952;0;2
SETFETTIN;1;17.2.1972;1;0
CULETA;1;30.3.1969;0;1
BABULIA;1;6.7.1960;0;1
LALAGUL;1;20.6.1974;0;1
SHALALA;6;24.6.1972;0;6
GALINE;1;23.11.1965;0;1
SEYIDKHANIM;1;23.4.1961;0;1
UHAN;3;10.3.1968;2;1
UMMA;1;11.8.1939;0;1
MOUKAFAT;1;7.8.1940;0;1
MUTEFFER;1;21.9.1977;0;1
BURKET;1;11.9.1987;0;1
MANAZ;2;24.2.1966;1;1
CELEPI;1;16.2.1964;1;0
BIGAISHA;1;8.6.1974;0;1
BEIBITGUL;1;7.4.1971;0;1
ZHUZHO;1;12.3.1945;0;1
ROCIN;1;10.11.1985;0;1
CHAMIET;1;19.2.1975;0;1
NADIJE;1;1.7.1955;0;1
FATMAIREM;1;9.6.1990;0;1
SEYFIHAN;1;23.8.1990;1;0
NUSURIYET;1;6.9.1949;0;1
ILIFAN;2;17.8.1965;0;2
MEHLIYA;3;5.1.1962;0;3
DURULE;1;13.2.1949;0;1
NILSAT;1;24.5.1988;0;1
VAFAA;2;17.4.1983;0;2
TAVIZEL;1;22.6.1961;0;1
MOGLISE;1;2.2.1987;0;1
NEYVEL;1;25.12.1990;1;0
LITFIDDIN;1;15.1.1982;1;0
CHAFIGA;1;11.1.1952;0;1
DOROTEA;3;22.7.1952;0;3
MURASIM;2;25.5.1969;2;0
YEMRUHA;1;24.4.1954;1;0
ANCER;1;2.2.1957;0;1
SARRAF;4;14.3.1974;1;3
VERCI;3;5.5.1953;0;3
GULZIFA;1;1.8.1957;0;1
HAYGU;2;7.8.1948;0;2
SEPAN;1;22.9.1951;1;0
SIMONIK;2;18.3.1941;2;0
SAHINGEN;1;9.7.1950;0;1
BENAME;1;15.10.1962;0;1
ELBIRA;3;3.9.1946;0;3
GUNSE;2;4.9.1990;0;2
BAVAKAN;1;13.10.1954;0;1
URALTAN;1;20.11.1989;1;0
KILSIMA;1;2.2.1957;0;1
KAZARAS;1;5.4.1956;1;0
ANTIRAMIK;1;1.6.1931;1;0
NIOGOS;1;27.5.1956;1;0
PARASKOVIYA;1;1.3.1958;0;1
ZOFIYA;1;23.6.1953;0;1
TURCHIAN;5;24.3.1975;0;5
ISZABELLA;1;4.4.1989;0;1
SUPHANPERI;3;2.9.1965;0;3
DURUSE;2;30.3.1962;0;2
YILDIZA;3;7.2.1955;0;3
MESROB;1;17.7.1957;1;0
HIZBIYE;3;29.2.1989;0;3
APRAM;3;7.2.1954;3;0
BANOISHA;1;10.6.1957;0;1
M.NEZIF;2;27.7.1959;2;0
ARABEN;1;13.5.1988;0;1
VASFADDIN;3;24.6.1964;3;0
ZAHICE;1;21.2.1959;0;1
KAAM;1;12.6.1947;1;0
NURSANET;1;23.1.1948;0;1
HULKIYA;3;17.6.1955;0;3
HEKKAM;1;2.8.1942;1;0
HIMBER;1;22.2.1979;1;0
RIFATULLAH;1;25.10.1990;1;0
DUMAR;2;11.1.1972;2;0
HUZDAT;1;12.2.1959;1;0
IKFA;2;22.2.1973;0;2
HEVESETTIN;1;2.11.1978;1;0
FATTUMI;1;7.2.1946;0;1
MUSHABEDDIN;1;1.12.1990;1;0
SULHANI;1;6.4.1939;1;0
ABBIS;1;7.2.1958;1;0
ESSMIRA;1;12.3.1959;0;1
MALAK;4;17.4.1954;1;3
TUDORA;1;18.2.1966;0;1
MURATSEFER;1;2.11.1969;1;0
YARGAN;1;22.3.1945;1;0
MAASIRE;1;19.4.1966;0;1
HAYGARAM;3;28.1.1942;3;0
MAHASIZ;1;26.12.1984;1;0
HURIZADE;11;13.12.1961;0;11
HOROP;2;5.9.1922;0;2
EVAK;1;17.1.1946;0;1
ULYEM;2;28.6.1980;1;1
SULYEN;1;27.2.1974;0;1
ERENSU;4;9.7.1991;2;2
TUFARIK;1;2.7.1954;0;1
UNKAY;1;14.2.1979;1;0
ZULKEFIR;1;7.12.1952;1;0
MURSAHA;1;9.6.1964;0;1
ZIRAFET;2;30.7.1950;0;2
GULFERIS;5;22.12.1950;0;5
OLTITA;1;22.11.1963;0;1
ICBE;3;27.2.1952;0;3
MUDEFIRE;1;19.11.1978;0;1
ISTIMAI;1;26.5.1954;1;0
MEHMETCIHAN;2;15.12.1983;2;0
SERIMIN;2;15.4.1963;0;2
GULLAZ;3;10.4.1952;0;3
SARRAFETTIN;1;4.4.1955;1;0
BERGUZE;4;17.11.1949;0;4
ARGIT;1;27.1.1975;1;0
VELADIN;1;2.8.1945;1;0
HUMMUYE;4;16.1.1955;0;4
RENGDA;1;20.4.1956;0;1
YALDAZ;2;13.10.1976;0;2
MAHRIM;1;6.10.1971;1;0
BEYAMIN;18;3.7.1952;18;0
SERCANIYE;1;22.8.1943;0;1
MUZAFFERA;4;22.1.1961;0;4
NARGEAN;1;14.2.1973;0;1
CUMHURIYETIN;1;18.11.1963;1;0
NEFSURE;1;17.8.1930;0;1
GALUS;2;20.11.1942;0;2
ILFEDET;1;2.8.1963;0;1
ZEYNEPI;1;19.10.1978;0;1
SABRIS;5;18.12.1939;0;5
NUSAMETIN;1;28.2.1950;1;0
SEMAYIT;1;5.6.1954;0;1
MEHNIYAR;3;2.11.1969;1;2
PUPUC;3;11.11.1952;0;3
SULEYMANHILMI;2;9.10.1977;2;0
NURSENDIR;1;12.2.1975;0;1
VECIVA;1;12.8.1953;0;1
SEDABET;1;6.3.1967;0;1
ILAIT;1;22.8.1955;1;0
KOLCAK;1;30.4.1990;1;0
ZEJDZAN;1;10.9.1976;0;1
FEVAI;10;1.4.1950;10;0
MESINET;2;27.5.1968;0;2
BIDET;1;17.8.1960;0;1
KADISKA;1;12.8.1935;0;1
HAYYATTIN;1;23.4.1967;1;0
NAASIE;1;11.11.1945;0;1
JULIDA;1;22.2.1985;0;1
OZLEDIM;1;18.7.1984;0;1
SADATKA;1;17.8.1954;0;1
IRFAKET;1;9.7.1962;0;1
MELETA;1;27.8.1968;0;1
LATF;1;14.4.1977;1;0
JIROYIR;1;15.3.1955;1;0
FETNUZ;1;19.7.1972;0;1
ZUMURE;2;16.2.1954;0;2
ZULKADIYE;5;1.5.1964;0;5
FATMIYE;1;2.8.1951;0;1
VECII;1;27.8.1944;1;0
REHIBER;1;29.8.1981;0;1
DURGADAN;1;13.6.1978;0;1
EMROL;3;26.1.1968;3;0
ABDULNADIM;1;12.6.1977;1;0
MAFTUNA;1;2.2.1951;0;1
SEVILDZHAN;1;13.10.1979;0;1
SEYALE;5;3.3.1957;0;5
BERGEL;1;26.7.1990;0;1
CEVRET;5;3.5.1962;5;0
NEVSURE;3;30.1.1961;0;3
H.MUDA;1;15.2.1934;1;0
AYGURSEL;1;28.3.1978;0;1
FIRENGIN;1;30.10.1980;0;1
MUKATTERAT;1;30.6.1958;0;1
NEFRED;1;2.8.1975;1;0
VECIE;2;13.11.1942;0;2
BESNIGUL;1;26.2.1947;0;1
HULUGAR;1;6.3.1965;0;1
SABAHETE;1;29.12.1969;0;1
TUYRANDA;1;25.9.1947;0;1
MUSEBBIH;9;2.1.1969;0;9
SELINCAN;1;18.10.1990;0;1
NESSIBE;5;26.9.1965;0;5
GUYSEVINC;1;27.10.1969;0;1
PIRVELI;11;22.1.1965;11;0
UZURE;4;19.1.1955;0;4
HIYAMI;2;20.6.1960;1;1
GULTUTER;7;28.10.1954;0;7
ZEHRAGYUL;1;12.10.1972;0;1
CANSEHER;1;2.7.1980;0;1
CHENAY;7;28.10.1977;0;7
BAHTAGYUL;1;12.9.1981;0;1
HULYIYE;1;11.5.1974;0;1
ABDURAUF;4;11.9.1945;4;0
MIRAMSA;2;2.8.1950;0;2
UFLADIYE;1;26.4.1946;0;1
SEKZAIM;1;25.8.1968;1;0
MOHDET;1;19.1.1956;0;1
TEKLIBAZ;3;24.11.1966;0;3
NAZICE;1;27.8.1950;0;1
BEDIRMAH;5;12.4.1952;1;4
BIRHAL;2;24.8.1960;0;2
HEMDIHAN;1;21.12.1970;0;1
YIHSAN;14;15.12.1977;5;9
GYULNYUR;1;8.5.1981;0;1
SEBEVI;1;6.8.1981;1;0
PETRIA;1;11.7.1962;0;1
ERSIH;1;30.2.1988;1;0
YUZEIR;2;11.10.1979;2;0
FATMACIGDEM;1;21.11.1971;0;1
LYUTVIE;1;3.8.1983;0;1
SITLIHAN;1;19.5.1983;0;1
GULNADI;4;3.2.1968;1;3
DIRMIT;16;14.7.1955;0;16
ZUKO;1;12.8.1953;1;0
AFIDIN;1;22.10.1967;0;1
MENHURE;2;27.12.1937;0;2
METHEDDIN;1;7.4.1958;1;0
NAZIKIYE;10;6.9.1945;0;10
AGGUN;1;27.2.1968;0;1
BEHCHET;1;16.7.1959;1;0
NURDZHAN;1;15.7.1977;0;1
BEYATTIN;7;11.1.1953;7;0
AVSA;3;14.2.1963;0;3
AVZIYE;4;10.6.1947;0;4
SENGIRAY;1;12.2.1959;1;0
SAFORI;3;1.8.1953;0;3
ZEKYAVET;1;9.9.1955;0;1
EMNIYETTIN;3;14.7.1980;3;0
FERNIZAN;1;27.2.1956;0;1
MIHFIYE;1;1.4.1930;0;1
MUZGUL;2;16.3.1939;0;2
EMANE;2;9.9.1932;0;2
ZILAYA;1;7.2.1964;0;1
HINANI;1;22.2.1955;0;1
CENNETE;13;5.1.1956;0;13
VETAHA;2;21.1.1955;0;2
ZUFERE;1;9.10.1964;1;0
TABET;1;17.8.1978;0;1
KUTSER;2;11.9.1959;1;1
SEBINUR;4;12.10.1970;0;4
IDRIYE;1;10.9.1969;0;1
VAKAAT;5;22.5.1968;1;4
FERUZDE;1;11.5.1961;0;1
ZAYITE;2;25.11.1966;0;2
SANAHI;1;7.7.1964;1;0
HAZALNAZ;1;22.3.1967;0;1
FILASE;10;16.3.1962;0;10
SEDAFI;2;22.4.1962;1;1
FADULE;1;26.6.1948;0;1
M.NAZAR;1;17.3.1966;1;0
HIMAYIL;7;8.5.1970;0;7
LADIL;1;25.4.1972;0;1
SERDEL;6;16.12.1975;3;3
SEMADER;2;25.1.1967;0;2
ZEKINAY;1;14.5.1964;0;1
MUSLUHATDIN;1;12.1.1965;1;0
MARIOLA;1;20.9.1975;0;1
DEVLA;2;7.3.1935;0;2
MILIVER;3;7.11.1968;0;3
BILEVIZ;1;29.4.1960;0;1
SOROUR;1;10.10.1951;0;1
MEHPE;1;26.1.1975;0;1
BEYRUSE;1;27.8.1950;0;1
CENIN;2;11.10.1964;2;0
MISDIL;2;8.3.981;2;0
KADINE;5;6.6.1945;0;5
RAFETIYE;3;17.10.1962;0;3
MEZRITE;1;1.3.1957;0;1
MASABA;1;17.2.1960;0;1
NEDIFER;2;12.1.1968;0;2
MALICA;1;30.7.1935;0;1
ZEJNEPA;1;17.2.1961;0;1
KAHRA;1;12.4.1939;0;1
NOKTAM;2;6.10.1973;0;2
TRAKI;1;5.4.1992;0;1
MECIHE;2;22.10.1958;0;2
FETINUR;12;20.1.1957;2;10
SAHNER;7;9.9.1984;7;0
ORHANALP;1;29.7.1976;1;0
BOLET;1;12.8.1953;1;0
RESIDA;1;19.6.1964;0;1
NEVYE;1;21.1.1963;0;1
SENNAZI;1;16.9.1962;0;1
AFIDET;3;28.8.1947;0;3
IKRAMET;1;9.2.1951;0;1
MEVLUDINA;1;8.3.1979;0;1
RUMUSER;1;30.10.1972;0;1
BECAET;1;17.8.1954;0;1
ULUIYE;1;27.8.1932;0;1
MESANI;3;20.2.1945;3;0
DJULA;3;17.12.1950;0;3
NAZICA;1;30.11.1976;0;1
VICIDET;1;4.6.1949;0;1
SAFFATIYE;1;26.3.1961;0;1
HULVET;1;2.7.1974;0;1
FATMASEVIM;2;2.8.1954;0;2
MUSEYBE;7;27.5.1981;0;7
SEGMUS;12;27.10.1968;12;0
NEVKIS;1;1.11.1955;0;1
MUDESIR;6;6.5.1969;5;1
NERDE;1;27.8.1956;0;1
EYCE;4;13.11.1946;0;4
RUHIGULKA;1;2.8.1933;0;1
EKMAN;5;12.3.1968;5;0
TENASIYE;1;11.9.1945;0;1
VECBI;1;12.2.1971;1;0
MARIFI;2;8.6.1948;2;0
S.VAKKAS;2;4.1.1963;2;0
BERKTAY;4;22.1.1985;4;0
DJEVAHIRE;1;20.9.1980;0;1
SUREYANUR;1;17.7.1991;0;1
GOLESTAN;1;23.7.1981;0;1
FARINCA;1;4.4.1972;0;1
GYULNAZ;1;26.7.1975;0;1
OZNURIYE;2;26.10.1981;0;2
ANSIMAN;1;22.8.1955;0;1
ALMER;3;26.10.1983;1;2
MILJADA;1;5.12.1950;0;1
DIMIYET;1;12.10.1960;1;0
GULBIRAN;1;10.9.1961;0;1
LEVESER;1;29.1.1956;0;1
NEBSIDE;1;7.6.1988;0;1
SELEADDIN;5;26.9.1963;5;0
BAHARISTAN;6;5.12.1960;0;6
YUMULCAN;1;23.2.1964;0;1
INHISE;1;20.2.1943;0;1
MERHUNDE;1;5.11.1959;0;1
BEHEKCEL;1;25.10.1969;0;1
ILKNOUR;1;15.3.1973;0;1
MESMET;1;7.7.1946;0;1
MAKIN;1;1.3.1978;1;0
MAVILLI;1;12.2.1959;0;1
HABIKE;1;1.5.1959;0;1
MOSLUM;1;19.7.1964;1;0
DURGADUN;6;13.7.1960;0;6
MEKKULE;1;2.6.1966;0;1
HAMACAN;1;4.5.1990;1;0
KUTAHUN;1;27.1.1975;0;1
NAZEYIM;1;22.3.1961;1;0
MAHPUZE;2;30.11.1953;0;2
MIYASAT;1;5.5.1975;0;1
HUZEYTE;1;26.12.1984;1;0
SAYNEN;1;19.12.1969;0;1
NIGARSE;1;24.2.1948;0;1
SADEBEY;5;28.3.1954;5;0
SEMSICAN;7;13.11.1959;0;7
LEBIHAT;5;5.11.1955;0;5
NUHKADIR;1;9.9.1959;1;0
ENKESIM;1;2.4.1963;0;1
HANUMGUL;1;11.6.1945;0;1
YUZEN;5;1.8.1980;2;3
TOGAYHAN;5;6.9.1984;5;0
MASHUBE;1;27.10.1979;0;1
YAKUPZEKI;1;23.4.1935;1;0
ZELZEME;1;17.2.1960;0;1
KACER;3;5.12.1965;2;1
HOVES;2;10.8.1970;0;2
MISKA;2;11.5.1962;0;2
ZAHIRULLAH;2;4.11.1957;2;0
COSKUNALI;2;12.2.1971;2;0
SALAYDIN;3;16.11.1952;3;0
AKGELIN;1;22.2.1967;0;1
DONEMI;1;5.11.1983;0;1
DELLA;3;29.2.1970;0;3
AYESET;1;20.9.1990;0;1
SADUMANE;2;16.1.1969;0;2
SADBERIM;1;8.9.1968;0;1
BAYSIYE;9;3.5.1968;0;9
BEDRIBEY;1;2.3.1963;1;0
SAHMINUR;3;15.6.1959;0;3
SAFITE;15;6.1.1969;0;15
BAHZIYE;1;6.5.1959;0;1
MEDAHI;1;23.5.1965;0;1
OKUN;1;17.1.1972;1;0
ABPAZ;1;2.2.1963;1;0
AYANHAN;1;21.11.1956;0;1
SADAK;3;13.6.1962;2;1
BEZIYET;3;20.4.1981;0;3
SINATA;1;28.3.1974;0;1
MINEILIZ;1;18.1.1987;0;1
DURAH;2;9.1.1974;2;0
TENFIK;2;21.5.1959;2;0
DURCAHAN;5;1.5.1961;1;4
AGAPASA;10;12.1.1949;10;0
FUREYYA;7;6.6.1962;0;7
SEHIZER;1;19.12.1945;0;1
SIFACAN;2;16.5.1990;0;2
HEVYA;1;25.10.1988;0;1
RAHSA;2;24.5.1981;0;2
BAHTINAZ;3;30.8.1966;0;3
ANZULE;1;21.10.1971;0;1
TANAZ;5;1.9.1970;5;0
GULITER;2;4.7.1965;0;2
NEBEAD;1;22.3.1966;0;1
NEDRES;1;2.2.1981;0;1
KAVVA;1;1.5.1976;1;0
SIG;6;5.2.1972;6;0
AYSENIHAN;1;4.7.1986;0;1
GIYASET;2;29.5.1973;1;1
MILAYUM;1;13.5.1959;0;1
HARFINAZ;1;2.2.1975;0;1
MERMUN;3;11.9.1962;0;3
GULEYBA;1;21.12.1983;0;1
ADISAN;3;8.2.1941;2;1
RIKIYA;6;23.7.1976;0;6
RASMIYYA;3;14.6.1972;0;3
MARHAM;1;3.2.1948;1;0
GULOGLAN;2;12.12.1944;2;0
YURNUR;1;27.4.1976;0;1
MEHMETSEYIT;2;29.5.1972;2;0
SUGBETULLAH;1;7.2.1982;1;0
ONURBEY;2;11.9.1977;2;0
EYRAN;2;23.5.1952;0;2
EFLICAN;1;27.11.1981;0;1
TUFAK;1;25.11.1981;1;0
SECAYI;7;29.3.1967;7;0
HEMNISAN;1;19.5.1954;0;1
EMULMUKESIM;1;17.2.1982;0;1
ESEREDDIN;1;22.11.1985;1;0
HIRMIYE;2;17.8.1972;0;2
AGNIR;1;13.4.1957;1;0
TANSAVAS;1;28.9.1975;1;0
ASUREY;1;12.3.1974;0;1
AYSIME;3;2.4.1977;0;3
MAKSULI;1;21.4.1970;1;0
SAFYAN;1;28.3.1976;0;1
EFAIM;1;29.5.1942;1;0
BERIV;1;7.5.1973;0;1
ZULHARA;1;6.7.1939;0;1
BUNYEMI;5;1.4.1969;5;0
GULAY.;1;25.2.1992;0;1
NURZAYIDE;1;15.1.1964;0;1
RULE;2;6.1.1980;0;2
TEVRIZI;1;12.2.1971;1;0
DILISAN;9;23.1.1964;0;9
RAHMEYI;1;10.4.1972;0;1
TAKEDDIN;2;3.4.1983;2;0
ABDULKUDUSI;2;20.11.1972;2;0
MECMUNE;2;12.3.1966;0;2
BERZINCE;2;16.2.1961;0;2
BESBINER;1;22.2.1967;0;1
ZEYCEN;2;29.1.1976;0;2
HILAS;5;27.9.1974;5;0
ERSULAY;1;6.3.1974;1;0
EMINEDDIN;1;14.5.1969;1;0
GULCIHER;4;9.10.1966;0;4
PAKIDAR;1;27.5.1950;0;1
NURSAYAN;1;14.11.1982;0;1
BOZIN;1;6.7.1963;0;1
FAZEL;2;3.6.1951;0;2
SEBAIR;3;16.4.1975;1;2
RUVEYET;1;2.12.1965;0;1
CHAVA;1;2.5.1959;0;1
MUTHI;3;23.7.1969;2;1
MUSECCEL;3;22.2.1962;0;3
YURDISE;7;5.7.1963;0;7
ZEYRET;4;29.10.1975;0;4
NENGUL;3;10.3.1977;0;3
KEYZIBAN;1;19.3.1963;0;1
SEVDAIM;1;7.8.1946;1;0
MUTCAY;1;19.7.1989;0;1
FEYRAN;6;28.12.1968;0;6
GAYYUNUR;1;6.9.1969;0;1
HURELYA;1;12.2.1965;0;1
SEFIYYE;4;23.9.1949;0;4
KEFAETTIN;14;17.5.1957;14;0
TERGUZEL;4;20.3.1955;0;4
IKBALETTIN;1;12.8.1947;1;0
MULIKEN;1;7.8.1946;0;1
MUZEYKA;1;21.7.1973;0;1
SANTIE;1;23.5.1955;0;1
SEZAHETTIN;1;22.5.1968;1;0
BEYSUNAY;1;25.12.1975;0;1
BULA;1;12.8.1953;0;1
GYULHAN;1;18.9.1978;0;1
MAMIDIYE;1;11.6.1961;0;1
SOHRETHAN;3;22.3.1965;0;3
CEMAZULE;1;12.8.1941;0;1
SELAMIDIN;2;16.3.1953;2;0
SAHSIM;1;20.10.1945;1;0
BAKTISEN;1;10.5.1974;0;1
IDAAL;3;22.4.1971;0;3
HACIHADIM;1;22.3.1967;1;0
EMIYETTIN;1;26.9.1982;1;0
KETEVUN;3;4.12.1965;0;3
CINUR;1;21.7.1971;0;1
MUKAVVEL;1;25.8.1971;1;0
MUCEVVET;10;6.7.1954;0;10
MERDENE;3;17.12.1958;0;3
ATIKAL;1;9.4.1973;1;0
OZDEYER;1;20.4.1981;1;0
SUNANPERI;1;10.1.1952;0;1
MAICE;3;18.12.1948;0;3
LIBAT;1;7.4.1964;0;1
NURCELIL;1;3.11.1986;1;0
TSUI;1;16.11.1969;0;1
NASRAT;1;17.2.1970;1;0
KABADAYI;1;6.6.1975;1;0
ABDURVAHAP;1;7.5.1928;1;0
SINAYET;3;18.12.1978;0;3
GULZAIDE;5;2.3.1969;0;5
DEVLETKAN;1;29.4.1956;0;1
ALIULVI;1;13.3.1947;1;0
MIREMSE;1;7.7.1937;0;1
TAKDEDDIN;1;5.5.1975;1;0
VAMIKIDDIN;1;1.4.1955;1;0
EGDAT;1;12.6.1965;1;0
RACEP;6;23.10.1965;6;0
NULFETTIN;2;30.2.1945;2;0
DALIHA;6;11.5.1962;0;6
BESIMIYE;3;12.6.1961;0;3
SUKUYE;2;30.12.1953;0;2
HATAYIN;2;8.8.978;1;1
ZAHIDTIN;2;18.1.1975;2;0
ERBUZ;2;11.3.1985;2;0
ERKSAN;3;15.10.1972;2;1
MUSRIDIYE;1;4.5.1969;0;1
SAREHAN;1;13.6.1980;0;1
ZULETHA;1;22.2.1967;0;1
NEBLA;3;24.9.1974;0;3
IMMIGURSUN;2;2.5.1968;0;2
RAFFE;1;22.2.1961;0;1
CUMHURET;1;2.12.1963;1;0
EEMINE;1;22.4.1991;0;1
HEMEMI;5;16.10.1949;0;5
EMIRZAN;1;24.4.1959;0;1
NARDUSE;2;24.3.1948;0;2
BIRKEM;1;11.10.1990;0;1
NECABIYE;8;12.6.1965;0;8
HURYAR;3;22.2.1972;1;2
REKAYI;2;4.5.1976;2;0
EZRIHAN;2;1.10.1960;0;2
MUCAYETTIN;3;15.5.1960;3;0
ABDULMUHIDDIN;2;27.6.1980;2;0
MUSAHMET;1;21.5.1968;1;0
SEMADDIN;2;13.5.1959;2;0
BINTEKIN;1;18.2.1966;1;0
MESEDI;2;5.10.1958;1;1
MEVAHIT;1;2.8.1951;1;0
MUNAH;12;30.9.1965;12;0
MIRADIE;2;11.8.1972;0;2
EKRAZIM;3;7.11.1953;3;0
YUMMU;3;13.3.1964;2;1
BADEMA;2;8.5.1967;0;2
BOCEL;1;13.12.1956;0;1
BARIDDIN;2;29.4.1955;2;0
HANCE;2;12.5.1959;1;1
VIRDAN;6;17.12.1960;0;6
VASVIJA;1;6.3.1957;0;1
EFCIN;1;22.2.1974;1;0
MUZAKKIR;1;7.8.1946;1;0
FUSON;1;13.8.1958;0;1
YASIDE;9;30.4.1960;0;9
ENKELEDA;1;7.10.1975;0;1
SELAYDIN;6;27.6.1962;6;0
GUNUVER;1;2.8.1951;0;1
MEYSUT;5;7.7.1957;5;0
BILGUYAN;1;30.8.1949;0;1
ISMETKILIC;1;10.6.1950;1;0
NOURIE;1;1.1.1;0;1
MULIZ;1;1.4.1954;1;0
UMUCE;4;2.3.1939;0;4
MUSAHIM;1;27.8.1944;1;0
GULYIN;1;7.9.1975;0;1
GAIDE;3;30.12.1965;0;3
MUKADDESA;1;22.7.1970;0;1
KEZBAL;1;27.3.1955;0;1
MYRVETE;2;1.7.1966;0;2
PEVKIYE;1;2.8.1927;0;1
MUSFER;3;7.2.1964;1;2
LJIUBICA;1;15.9.1949;0;1
BARATIYE;6;12.3.1962;0;6
MELHIYE;2;30.4.1970;0;2
VELIZARA;1;10.10.1948;0;1
ALPMETIN;1;27.8.1950;1;0
ALTUS;1;12.5.1986;0;1
SALIBRAM;3;7.8.1950;3;0
SEBAHATTE;1;10.3.1966;0;1
SIDEN;2;20.5.1981;0;2
GULALETTIN;1;30.3.1962;1;0
AZHDA;1;19.3.1981;0;1
ERGUNAR;1;22.7.1956;1;0
MUZAFFIYE;1;21.10.1971;0;1
IKRAMA;2;4.5.1965;0;2
DIKA;2;2.7.1956;0;2
PEDVIYE;1;12.8.1941;0;1
RAMZEZ;1;24.2.1974;1;0
ZULA;125;13.8.1957;0;125
SAHVERA;2;25.1.1955;0;2
AYTUS;1;27.3.1948;0;1
MAVIPASA;10;8.1.1958;0;10
ZULFIA;3;21.11.1970;0;3
CEYLANDEMIR;1;6.7.1944;1;0
UMAIN;1;21.9.1940;0;1
ZUBEJDA;1;29.6.1969;0;1
DELALCAN;1;30.11.1986;1;0
EVGINAR;2;17.12.1974;0;2
YONOZ;1;19.9.1983;1;0
BEYSIYE;5;24.7.1958;0;5
HUMEL;1;22.5.1961;0;1
DZEMILJA;1;24.5.1948;0;1
UVIYET;1;22.8.1943;0;1
GULNIGER;2;23.7.1962;0;2
SULEYAMAN;1;21.11.1940;1;0
LEYLYA;2;11.6.1981;0;2
ELEZOSKA;1;16.5.1972;0;1
SELVIKAN;2;30.11.1979;1;1
SENONUR;1;27.3.1962;0;1
KURTOMER;2;3.6.1953;2;0
ZULZIYE;1;7.10.1977;0;1
SEYFIZUL;1;12.2.1947;1;0
EMMIS;5;5.4.1947;0;5
IRHAT;1;18.3.1966;1;0
SURIJA;1;10.7.1975;0;1
AYFETULLAH;1;22.6.1991;1;0
SUYIP;1;29.11.1965;1;0
GURLEMEN;1;8.8.1975;0;1
GULBIYDE;1;27.4.1956;0;1
GULBEYIR;1;27.8.1944;0;1
TERVANDE;1;16.9.1976;0;1
EBIP;2;24.6.1966;2;0
MUFTERE;1;24.6.1967;0;1
ULKUR;2;13.9.1950;0;2
NUTVIE;2;6.1.1963;0;2
AHNEK;1;28.3.1980;0;1
RUKIJA;1;27.10.1965;0;1
ENVAL;5;1.11.1967;4;1
ZULABEDDIN;2;2.12.1957;2;0
EMENUR;1;11.1.1964;0;1
CIMENA;1;19.8.1990;0;1
NURTENE;4;14.9.1966;0;4
ABDULRESAK;1;22.2.1979;1;0
IKSADE;4;9.8.1973;0;4
FIRAK;7;29.1.1968;7;0
TEBIBE;3;22.5.1968;0;3
BEYNUL;4;20.12.1963;3;1
MIRMETA;1;27.3.1959;0;1
JANETH;1;25.12.1979;0;1
METHURE;3;14.10.1946;0;3
SEHRIFAN;1;15.8.1952;0;1
BAHSAN;1;6.11.1975;0;1
URUKE;1;2.8.1927;0;1
GOLAS;1;2.8.1927;0;1
BAFUR;1;22.8.1955;1;0
NEJAMETTIN;1;2.2.1951;1;0
GUNUNNAZ;1;11.10.1953;0;1
PERYADE;1;8.3.1950;0;1
DILYANA;2;12.4.1971;0;2
BURCIYE;1;30.3.1954;0;1
MUVDET;1;16.2.1939;0;1
ERCEBET;1;7.8.1940;0;1
NARDJIHAN;1;2.5.1965;0;1
KIBARAT;1;24.3.1959;0;1
IKAY;6;13.2.1972;3;3
CUCUL;1;2.8.1939;0;1
CENFIZE;1;17.6.1959;0;1
ATINULA;1;17.9.1948;0;1
GUNSIRAH;1;27.9.1962;0;1
LEBIH;2;25.12.1961;1;1
MUKRIN;1;17.8.1954;1;0
MIRAFET;3;6.11.1949;1;2
ZAFE;7;16.8.1952;0;7
KUMNUR;1;7.5.1957;0;1
LUMTURI;1;17.8.1970;0;1
SATIALI;2;30.1.1933;2;0
MINNAR;9;20.8.1958;0;9
MUCE;2;10.9.1963;1;1
HIKMAL;2;22.2.1968;2;0
MIRVETA;1;28.3.1950;0;1
OLBER;1;22.5.1966;0;1
NUREYAT;3;2.8.1958;0;3
SAJMA;1;25.1.1977;0;1
RESMA;5;17.5.1949;0;5
MUZATIN;1;13.9.1957;1;0
MARSADE;1;2.8.1973;0;1
DERVISA;2;22.12.1943;0;2
HUMMAME;1;7.8.1946;0;1
SAYYARA;1;30.8.1976;0;1
SABANIVELI;1;26.9.1978;1;0
SULMEZ;3;25.2.1979;1;2
ZUBUDUYE;4;1.11.1967;0;4
ALKAME;5;13.10.1974;2;3
M.HULISI;1;28.8.1933;1;0
BELYUR;1;2.8.1951;1;0
MUZAFERA;1;16.7.1958;0;1
AKEM;1;2.8.1933;1;0
KADESKA;1;17.8.1942;0;1
HALKO;2;7.2.1957;2;0
AESHEL;1;15.5.1973;0;1
SEKRUN;1;27.8.1956;1;0
MEDAYIM;11;18.11.1959;11;0
KUYTIM;1;17.8.1954;1;0
PAYATYA;1;13.2.1965;0;1
FREDA;1;9.1.1976;0;1
FEYZIREHMAN;2;19.4.1967;2;0
BAHTESEN;6;29.12.1957;0;6
IBATULLAH;3;15.12.1974;3;0
SUAB;2;9.10.1973;2;0
DUZIDA;1;19.3.1950;0;1
ARDIANA;1;8.2.1971;0;1
ZULGAY;1;7.2.1982;1;0
FIRDENS;3;30.3.1969;0;3
MUNCIRE;2;27.9.1961;0;2
SAIYAREH;1;2.8.1957;0;1
MAYITEBER;2;2.6.1951;0;2
BERAMHAN;1;16.6.1956;0;1
DURCANE;3;2.9.1946;0;3
TADISEL;1;17.6.1972;0;1
SEYEHAN;3;10.8.1964;0;3
NEVILCAN;3;19.6.1980;1;2
ABDULBAHAP;1;28.3.1974;1;0
HANUZE;1;21.5.1969;0;1
NUSSET;2;15.12.1968;0;2
CUMAREMZI;1;2.3.1959;1;0
NAZBEMBEGUL;1;26.11.1973;0;1
ZULBI;3;26.1.1945;0;3
NEZVAN;1;12.4.1972;1;0
NERIMANA;1;7.4.1970;0;1
VANDANA;2;22.5.1977;0;2
SEFKIJE;1;25.1.1958;0;1
RASITBEY;1;29.3.1981;1;0
FIRASETE;1;2.9.1969;0;1
IZUDIN;1;27.8.1962;1;0
GILBITEN;1;7.8.1970;0;1
CUKA;2;7.11.1953;1;1
SLATINA;1;22.9.1949;0;1
NADZIDE;1;22.10.1960;0;1
NACIYET;2;19.9.1956;0;2
SERVEDA;1;19.7.1981;0;1
IMNAHAN;1;6.7.1990;0;1
MUSIRHAN;3;25.12.1955;3;0
GOERCIN;1;8.11.1972;0;1
MUZEMIL;2;17.10.1976;2;0
MARGERETA;1;1.3.1975;0;1
AHMETFAIK;1;12.8.1965;1;0
OZATAY;2;30.5.1974;2;0
NECRIHAN;1;19.12.1963;0;1
NACISA;1;21.9.1940;0;1
MULVEREN;1;27.2.1985;0;1
MUBASIRE;23;1.3.1950;0;23
AYSEGULTEN;1;29.3.1967;0;1
LEMENGUL;1;4.5.1981;0;1
HESINU;1;1.3.1929;1;0
INCEGUN;1;5.10.1987;0;1
GULPEL;1;30.5.1987;0;1
MUCHETTIN;2;24.5.1977;2;0
HAVSIYA;1;7.10.1982;0;1
BEDRINAS;1;15.5.1962;0;1
KEBOT;6;15.12.1969;0;6
HAYRULNAZ;1;4.7.1956;0;1
RAKIBEGUL;1;23.3.1955;0;1
ROUKIE;3;8.7.1978;0;3
ZEHNA;2;12.4.1978;0;2
SIMSE;1;22.2.1967;0;1
NAZLIDEMET;1;13.5.1984;0;1
NASRE;5;13.11.1952;0;5
MAKIF;3;30.8.1965;3;0
AHMETFARUK;2;8.5.1970;2;0
SEBALI;1;25.4.1959;0;1
HUKMULLAH;1;12.4.1959;1;0
ALPARLAN;1;8.7.1973;1;0
GULDIHAN;4;23.2.1974;0;4
ESLIME;2;4.12.1950;0;2
SEINC;1;21.12.1972;0;1
ZULABIDDIN;1;12.3.1941;1;0
M.BESIM;3;28.12.1941;3;0
KAYBULLAH;2;25.9.1957;2;0
TERHEM;1;17.3.1978;1;0
RIKYATE;2;17.4.1982;0;2
SEMINIM;1;27.7.1974;0;1
M.APTIN;1;12.4.1956;1;0
NEBZAT;3;29.3.1944;1;2
DEVAS;8;13.4.1962;8;0
ICRAMIYE;1;14.5.1987;0;1
FAHRINIZA;1;2.5.1945;0;1
VENDIGAR;4;10.2.1963;4;0
SHEMSHIRE;1;4.6.1971;0;1
MENEZER;1;1.12.1971;0;1
YEYSI;1;2.3.1963;1;0
BAHANIR;1;25.1.1985;0;1
RASITE;4;25.5.1975;0;4
KOVSER;7;5.2.1959;0;7
AYLAYETER;1;22.11.1979;0;1
BENNET;1;18.10.1974;1;0
GUMREN;2;19.4.1968;0;2
ZULAM;2;11.6.1976;1;1
ANAMCA;1;22.8.1967;0;1
GARAR;1;9.5.1970;0;1
ZAMETTIN;3;14.8.1963;3;0
MEKLIHA;1;15.9.1973;0;1
SEHNEVAT;1;19.10.1982;0;1
MUAYIDE;1;24.2.1972;0;1
MULKUNER;1;17.2.1966;0;1
SADAFIYE;2;1.5.1949;0;2
ORCUNT;1;20.4.1976;1;0
GIOKHAN;1;25.2.1992;1;0
SABRIJA;1;13.2.1972;0;1
IRODA;2;19.1.1978;0;2
GULBEZAN;1;8.1.1964;0;1
MASIKE;5;14.5.1982;0;5
MENSAR;1;20.12.1931;0;1
HORHAN;1;2.9.1969;1;0
ALICETIN;2;11.8.1970;2;0
MILTA;38;21.2.1953;0;38
ZUYHAN;1;15.8.1957;0;1
MEMNUDIYE;2;30.8.1958;0;2
FERGIN;8;30.9.1974;4;4
TATLIHAN;4;5.8.1966;1;3
EKBERHAN;2;5.1.1967;2;0
TELAYDIN;1;6.2.1926;1;0
RUIS;4;13.2.1955;0;4
BUNYEN;4;1.6.1963;2;2
NURTENUR;1;7.10.1958;0;1
MATER;4;22.11.1945;1;3
ENBI;1;24.7.1952;1;0
FAIKIYE;1;22.9.1955;0;1
YADINAR;2;15.8.1946;1;1
YUDEM;1;7.10.1989;0;1
CAANAN;1;30.5.1979;0;1
MUSEHIP;1;1.12.1948;1;0
YUZBEY;1;2.8.1951;1;0
ESKUL;2;2.2.1962;1;1
ULHUYE;1;11.10.1968;0;1
LUBJANA;1;28.7.1974;0;1
LUI;2;3.10.1965;2;0
GULMERA;1;7.7.1984;0;1
NUKNEDDIN;1;2.5.1969;1;0
ERENCAHIT;1;13.5.1964;1;0
BUNEYYAT;1;16.3.1968;1;0
EZDAN;2;1.6.1985;1;1
ZULBESER;1;2.9.1979;0;1
MUZEHHEP;1;4.8.1955;0;1
M.SABIR;2;19.12.1962;2;0
DLIARA;1;16.4.1967;0;1
ROMER;1;4.4.1981;1;0
MENDIHE;7;8.7.1968;0;7
SEZERE;1;16.7.1957;0;1
GURSIDE;1;8.6.1956;0;1
REASIYE;1;30.12.1974;0;1
MAYPEN;1;22.8.1943;0;1
M.AMIR;1;16.12.1947;1;0
ELKTAT;1;17.6.1991;1;0
VIOLATA;1;13.10.1969;0;1
NAVAZIYE;1;5.4.1965;0;1
ZEKISADI;1;23.1.1985;1;0
RUBENS;1;23.9.1986;1;0
CEYNET;1;13.9.1971;1;0
SADAD;3;3.12.1963;2;1
BIZIMICIN;1;5.12.1983;1;0
TOKHAN;1;9.1.1958;1;0
FERMULE;1;3.3.1963;0;1
ADLAHAN;1;16.5.1975;1;0
MACES;1;11.6.1968;0;1
ULKUSER;8;1.10.1956;0;8
MAHIRETE;1;12.2.1971;0;1
HERDENE;8;4.6.1959;0;8
KUDBADIN;1;2.2.1963;1;0
EHRAM;2;5.1.1975;2;0
ABDULBAHTIYAR;1;17.5.1984;1;0
FILCANE;1;1.4.1964;0;1
BORIK;1;16.4.1944;1;0
TUMCIHAN;1;1.2.1986;0;1
TENGAZAR;1;22.2.1967;0;1
GENIYE;7;3.9.1968;0;7
EYBUDULLAH;2;10.8.1973;2;0
GULCEMAN;4;23.4.1955;0;4
HURSIYET;1;1.7.1973;0;1
SENNAT;1;16.10.1969;1;0
NEZIN;14;3.9.1962;4;10
ESMATULLAH;4;12.2.1950;2;2
MINEVAY;1;17.11.1948;0;1
MERYEMAY;1;21.9.1980;0;1
NESSIR;1;11.2.1963;0;1
SETAYIR;2;18.5.1967;0;2
MECLUME;2;2.5.1945;0;2
AZHARCAN;1;11.8.1956;1;0
EYNIHAR;1;2.10.1985;0;1
NISAHANIM;1;17.4.1953;0;1
ARMAH;1;22.5.1980;1;0
DUDAY;5;23.1.1960;0;5
ALLAM;5;29.5.1959;5;0
GOKTAV;1;11.2.1975;1;0
EVRANIYE;1;22.8.1925;0;1
A.BABUR;1;7.8.1934;1;0
GURTAS;4;20.12.1975;4;0
NJUME;1;2.1.1972;1;0
EMIRGANI;1;20.10.1967;1;0
BIILEN;1;1.3.1965;1;0
MAHMIDIYE;1;22.8.1955;0;1
OLEY;1;15.10.1975;0;1
ZEYNEBIM;3;5.6.1967;0;3
SERAHBIL;1;2.2.1969;1;0
YALTIRAY;1;19.10.1936;1;0
DILIXIATI;1;22.10.1955;0;1
TALIYETIN;1;24.3.1955;0;1
M.VEDAT;2;4.6.1962;2;0
HALISEM;1;29.11.1978;0;1
TACENDE;1;17.5.1948;0;1
GOKE;1;22.6.1973;1;0
SELAHIKE;1;17.4.1972;0;1
MIAO;1;18.12.1976;0;1
TUGACAR;2;23.3.1989;2;0
HADDI;2;27.6.1974;2;0
NABIDAR;1;6.10.1929;0;1
OHANNIK;1;14.5.1938;1;0
KIMIA;1;22.4.1969;0;1
ASIYEHULYA;1;22.4.1954;0;1
HABIBURRAHMAN;1;27.8.1938;1;0
CERCISSAMI;1;28.3.1967;1;0
SEFKATTIN;2;9.11.1941;2;0
ZEYBA;4;8.9.1949;0;4
LILIYE;1;17.8.1948;0;1
HUREL;8;26.1.1980;7;1
ZIYADETTIN;1;14.4.1954;1;0
VERGIL;3;18.3.1983;2;1
OMID;1;14.1.1992;1;0
ERISEN;8;30.9.1955;4;4
GURIBRAHIM;1;7.4.1966;1;0
DINNEVAZ;2;19.7.1958;0;2
SAYRANI;1;16.5.1975;1;0
DELLAN;2;19.11.1927;0;2
HEDAN;1;10.1.1981;0;1
GISTAN;1;7.3.1958;0;1
FELAI;2;4.6.1968;2;0
BOTAGOZ;2;1.3.1976;0;2
MUHAMMETEKBER;1;29.9.1967;1;0
COL;1;26.5.1946;1;0
PESVAN;1;17.12.1990;1;0
BUSITAN;1;29.7.1983;0;1
BURZE;2;2.8.1983;0;2
YEMANE;2;5.8.1963;2;0
SENYAL;2;24.10.1955;0;2
SALTENET;2;11.10.1960;0;2
PERSIYE;4;30.10.1953;0;4
NURSENIN;3;7.1.1970;0;3
ABDURRAHMANHAN;1;9.4.1970;1;0
NASRETULLAH;1;12.8.1983;1;0
RUHUEFZA;1;12.5.1929;0;1
KUNER;2;21.11.1953;1;1
ALIMU;1;18.3.1983;1;0
ALPTUNAY;1;6.7.1976;1;0
CEDA;2;21.10.1971;0;2
ZIVICEK;1;27.8.1944;0;1
IZSAN;1;16.5.1945;1;0
AYLUKE;1;8.6.1957;0;1
ZUMERA;6;23.4.1963;1;5
UMMUSEHER;3;27.7.1969;0;3
NURUEN;1;9.2.1964;0;1
H.ERCAN;2;12.3.1964;2;0
ILMIRE;2;28.9.1982;0;2
EMELZEYNEP;1;7.8.1982;0;1
APTULKASIM;1;4.10.1962;1;0
AHMETZAFER;1;26.10.1968;1;0
CIZDAN;1;9.3.1949;0;1
MUNPER;1;17.8.1972;0;1
GULYASEN;1;5.5.1966;0;1
PERMISE;1;26.2.1960;0;1
CEZIYETTE;1;9.6.1970;0;1
ZIKIRRIYE;1;25.9.1973;0;1
AKREME;10;5.1.1948;10;0
MUHTECAN;1;12.5.1941;0;1
BIYANI;2;24.9.1973;2;0
NARINHAN;2;20.9.1969;0;2
GEGIZ;1;10.3.1969;0;1
GULESAN;4;13.12.1951;0;4
ABDULKAIM;2;26.8.1963;2;0
REVGUN;1;12.10.1975;0;1
NAZRA;4;19.2.1982;1;3
NURFAY;2;3.4.1976;0;2
ILKMURAT;2;7.5.1977;2;0
AYHANCEM;1;30.11.1972;1;0
KERRARE;3;20.2.1955;0;3
MEMETMISAFIR;1;11.6.1979;1;0
CANNIYE;1;28.3.1941;0;1
KHADDOUJ;1;27.2.1964;0;1
MIRIZADE;1;27.8.1956;0;1
APTULVAHAB;2;19.6.1945;2;0
FERAGI;4;18.1.1953;1;3
HIDAJET;1;3.3.1967;0;1
ISLAMCAN;1;20.4.1956;1;0
SEHEME;3;23.8.1962;0;3
SIKIP;1;29.6.1963;1;0
MIRSIYAF;1;20.7.1982;1;0
IBNIGULSUM;1;25.11.1979;0;1
NASRATULLAH;1;7.8.1952;1;0
MUKADDAR;5;21.8.1964;0;5
TURGUTREIS;5;2.7.1966;5;0
RUKUAN;1;2.2.1963;0;1
EYAN;2;12.1.1961;0;2
MAZZAZ;1;22.2.1967;0;1
KESHVAR;1;4.4.1958;0;1
TOCEN;1;5.7.1978;1;0
BAHRINUSA;1;12.8.1935;0;1
FETAADDIN;1;5.7.1967;1;0
ZUBEYDI;7;22.9.1965;1;6
SETKIN;1;9.3.1976;0;1
RAUZIYE;1;2.2.1969;0;1
ABDULHAYAT;5;2.10.1968;5;0
NEELAN;1;1.3.1971;0;1
RAHELA;1;14.4.1970;0;1
SERSEBIL;1;12.2.1959;0;1
FELHADDIN;1;12.2.1959;1;0
ZELALE;2;24.5.1973;0;2
TEMLIHAN;1;5.4.1975;1;0
YURSEREN;1;4.5.1967;0;1
OMUSUHRET;1;26.4.1965;0;1
DINAYIM;1;27.2.1974;1;0
BETULCAN;1;27.11.1980;0;1
SEVGISEN;2;28.8.1948;0;2
MAHIDET;1;7.7.1969;0;1
ABTISEMET;1;16.2.1980;1;0
GULBAKAN;7;21.4.1959;3;4
NUSIYAN;1;26.6.1946;0;1
ERSAIT;2;22.11.1949;2;0
MURFID;1;15.2.1961;1;0
ISNISAH;1;19.4.1965;1;0
NIYATI;4;29.9.1961;4;0
DILGUZER;2;16.3.1959;0;2
SETERAT;1;27.12.1938;0;1
BASARET;3;10.5.1964;0;3
UMEDDIN;1;22.3.1973;1;0
YESIBE;1;1.10.1967;0;1
MUSTAFASENOL;1;6.2.1968;1;0
NELIS;2;16.1.1985;0;2
MISERDIN;3;26.3.1968;3;0
ECEVID;3;1.11.1974;3;0
SAHINMERDA;1;11.4.1975;1;0
DELAKE;4;28.3.1959;0;4
MALEEHA;1;17.8.1966;0;1
MELEDDIN;1;2.5.1990;1;0
MUFAYIL;1;12.3.1983;1;0
ADEMREIS;1;30.11.1982;1;0
HUBRISAH;1;23.2.1966;0;1
SEYFFULLAH;1;30.6.1961;1;0
ROKHATJON;1;3.5.1966;0;1
GRETI;1;5.6.1971;0;1
YEYISEN;1;27.2.1950;1;0
LUTFIA;1;23.3.1985;0;1
FRIDUN;1;23.5.1978;1;0
ZUHERETTIN;1;17.8.1954;1;0
TOHFA;2;30.12.1956;0;2
RAHMETTULLAG;1;17.8.1966;1;0
ANUSE;5;3.10.1962;0;5
DADIR;1;14.4.1941;1;0
SIRDIN;6;12.2.1963;6;0
ZULFIAH;1;22.8.1979;0;1
MENDUBIYE;1;21.3.1971;0;1
MAZAMA;1;1.10.1940;0;1
FIRDANI;3;20.11.1961;0;3
OZGIHAN;1;1.3.1984;0;1
HASADULLAH;1;27.8.1974;1;0
ERTURULLAH;1;7.9.1975;1;0
GULTI;1;22.6.1967;0;1
BESERE;1;6.5.1980;0;1
TEVBE;1;26.3.1960;0;1
FERAIT;1;17.2.1940;1;0
GYUNEL;1;3.6.1979;0;1
KESRIBAN;1;29.2.1938;0;1
SHAHIDEM;1;16.2.1982;0;1
TEMIRCIK;1;27.11.1974;1;0
NAMIGUL;13;3.3.1966;0;13
OKEL;1;15.2.1953;1;0
SEHBELI;1;27.2.1962;1;0
SIFAHANIM;2;14.12.1979;0;2
SEYRASI;1;6.5.1944;0;1
SINNURI;1;7.8.1940;0;1
BAKSAIS;1;28.12.1971;0;1
GONULER;1;1.9.1942;1;0
MASUMAN;2;22.9.1969;0;2
SUREYYET;1;27.2.1968;0;1
GULISERVAN;1;29.7.1947;0;1
TEVIYE;2;8.2.1966;0;2
DURASIYE;3;5.5.1953;0;3
KAMALIA;2;16.4.1976;0;2
EYNAN;1;15.5.1969;1;0
HANENO;1;2.7.1980;1;0
KERRAP;1;3.4.1957;1;0
MIRUVVET;2;12.5.1945;0;2
IRHAYLE;5;6.11.1954;0;5
TAYBETE;3;1.12.1970;0;3
GOCFIRAT;1;3.10.1987;1;0
UNIYE;3;15.3.1942;0;3
TUZCAN;1;26.5.1978;0;1
SUHENE;1;17.8.1924;0;1
NIYAMET;5;1.8.1965;2;3
ABDULMAHFUZ;1;12.12.1971;1;0
MUHARE;1;21.8.1967;0;1
ERIFE;11;23.10.1958;0;11
MUHAMBET;2;25.10.1968;1;1
SENZEL;2;1.10.1956;0;2
ERYURT;4;6.3.1973;4;0
BILGINAN;1;2.2.1951;0;1
LAKBIRA;1;22.8.1973;0;1
SIHEMIN;1;7.2.1964;0;1
NEDURA;8;23.12.1985;0;8
ZEYNILABDIN;1;22.3.1967;1;0
GAZIND;1;25.10.1984;0;1
OLCER;1;1.4.1970;0;1
ZAICA;1;3.1.1931;0;1
SEMENAY;1;7.10.1979;0;1
OMADETTIN;1;16.8.1974;1;0
BAHADEGER;1;9.7.1972;1;0
DAHAZ;1;13.3.1974;0;1
MULKUYAN;1;16.1.1991;0;1
RESENA;1;2.2.1963;0;1
ELFESYE;6;3.9.1973;0;6
SELAYIM;2;5.7.1967;2;0
MUSTENDIK;2;13.12.1966;2;0
ROJJIN;1;6.9.1979;0;1
KORIBO;1;2.3.1933;1;0
NEMUDE;2;4.8.1971;0;2
GISA;2;15.5.1964;2;0
YAZMAN;3;8.9.1969;3;0
HASANFEHMI;2;4.4.1969;2;0
PANTOS;5;14.2.1937;0;5
TURKIYEM;1;8.4.1982;0;1
KRISTAL;4;29.12.1984;0;4
BILALIHABESI;2;17.8.1970;2;0
GUNNAZIK;2;21.5.1979;0;2
BURCUZAMAN;1;11.10.1950;0;1
MESTAMI;3;19.10.1976;3;0
EMAMET;2;18.4.1980;0;2
MEMETI;2;2.4.1943;2;0
NANOS;5;15.8.1951;0;5
CICEKHAN;1;16.6.1976;0;1
HALRI;1;27.10.1975;1;0
TARSIYE;1;8.3.1964;0;1
TAMERIN;1;5.11.1974;1;0
MEFAHAT;3;11.11.1971;0;3
SURIHA;3;20.6.1954;0;3
FATMIA;2;19.1.1982;0;2
SALHATIN;2;20.9.1972;2;0
MUBETCAN;1;27.2.1974;0;1
SANNIHA;1;27.2.1955;0;1
MADRIYE;1;21.6.1970;0;1
NUNOS;2;21.1.1930;0;2
IYAZ;1;6.7.1958;1;0
MECHEM;1;11.11.1974;0;1
ZUBERCE;2;25.9.1967;0;2
JANINA;2;29.10.1957;0;2
KADRIYEI;1;6.8.1964;0;1
MAKUBULE;1;2.8.1933;0;1
MUZEYBE;1;28.8.1975;0;1
MUZINE;3;19.10.1941;0;3
HUSNIBANI;1;22.2.1955;0;1
NAZARIT;1;17.5.1942;1;0
MAHPASA;3;20.4.1938;0;3
KEBAHANIM;1;26.6.1960;0;1
HAYATTULLAH;1;7.2.1982;1;0
HURTEN;2;8.1.1953;0;2
SULBAHAR;1;11.7.1972;0;1
REMZIZE;1;12.1.1970;0;1
MESRUH;10;18.9.1967;10;0
AYDINALI;1;24.3.1940;1;0
SALLEDIN;1;11.6.1954;1;0
SERHATSINAN;1;8.3.1991;1;0
SURUCAN;2;30.5.1968;1;1
LEVAYETIN;1;6.3.1963;1;0
CUZIFIN;1;7.11.1965;0;1
NARRIH;1;2.2.1969;0;1
TUGUL;1;30.11.1959;1;0
KEVU;3;18.5.1958;0;3
ISMIZADEGUL;1;11.6.1948;0;1
CIMSITHAN;1;16.12.1941;1;0
DIDER;5;25.11.1955;0;5
SEVERAY;2;16.11.1965;0;2
KELEBEK;6;10.7.1981;1;5
ITOHAN;1;17.12.1976;0;1
CHAKHNAZ;1;28.8.1976;0;1
NILTAY;2;25.3.1984;0;2
SECAHITDIN;1;11.11.1963;1;0
MAFIKER;1;28.5.1949;0;1
ABDILCEYLAN;1;2.7.1961;1;0
MUNURCAN;2;24.11.1979;2;0
MEHYETE;3;17.7.1964;0;3
LIZICA;1;21.12.1970;0;1
LALIPE;2;29.3.1955;0;2
KUMRUAY;2;8.6.1971;0;2
MUTAYER;1;22.1.1962;0;1
HOSKADIR;1;2.2.1975;0;1
ZEBINE;2;21.3.1959;0;2
MERTMUSTAFA;1;23.12.1986;1;0
NAHIYDE;4;12.9.1960;0;4
BILGINOZ;1;26.3.1981;1;0
SEBIKA;10;5.9.1964;0;10
SIHADEM;1;29.2.1970;1;0
ULGISER;1;29.9.1963;0;1
BENLIMIS;1;7.4.1939;0;1
M.OGUR;2;14.5.1954;2;0
ZEVRI;6;9.9.1963;6;0
SEMALI;1;22.2.1973;0;1
GULASKIN;1;16.6.1970;0;1
YESINIL;1;15.10.1980;0;1
MADUS;1;27.8.1944;0;1
LILA;12;20.8.1959;0;12
BAYRAMGUNU;1;24.11.1974;1;0
HAMUFET;1;30.4.1962;0;1
AKINALP;1;9.11.1987;1;0
ZABAH;1;2.6.1971;0;1
LALIZ;3;20.12.1964;0;3
EYAD;3;7.12.1965;3;0
MERYEY;1;3.2.1961;0;1
BACIMSULTAN;1;16.11.1977;0;1
GULFERIM;1;1.12.1966;0;1
MELET;4;28.10.1957;0;4
SEYYADIYE;1;19.6.1960;0;1
ERBIS;8;27.8.1962;0;8
IKANUR;2;8.4.1954;0;2
HANDEF;2;9.3.1958;0;2
GULGEL;9;26.12.1952;0;9
SEBANI;1;18.2.1985;1;0
M.CENGIZ;4;1.2.1960;4;0
FEVRAH;2;26.8.1966;1;1
MANSOREH;1;12.12.1950;0;1
SERDUREV;1;28.5.1974;0;1
VAKA;1;21.7.1934;0;1
GONCAGONUL;1;7.2.1952;0;1
CADIBE;1;7.4.1958;0;1
AYDUM;1;19.7.1970;0;1
GULRESMI;1;1.12.1948;0;1
NIJADE;2;7.7.1948;0;2
MERKIRIT;1;27.8.1953;0;1
FURUDUN;1;6.4.1957;1;0
GOMURAY;1;17.5.1966;0;1
GUNAYIR;1;2.9.1957;0;1
EBET;2;1.4.1973;1;1
EBRUVAN;1;13.9.1985;0;1
MURAC;1;16.8.1977;1;0
SEHAGUL;1;30.8.1988;0;1
KARGIN;1;22.2.1973;1;0
MULWA;1;16.8.1985;1;0
MARIH;1;15.3.1963;0;1
GIDAR;1;15.4.1957;0;1
KIROL;1;15.8.1972;1;0
AYRIS;7;11.3.1962;1;6
HIVZIYE;7;4.7.1952;0;7
MUCBURE;2;11.11.1963;0;2
ISMIAL;1;4.2.1939;0;1
MEFKINE;1;24.6.1961;0;1
FATIMETA;1;19.1.1964;0;1
EVINGUL;4;30.6.1986;0;4
KAMELIA;1;27.4.1988;0;1
RAZZIYE;1;26.8.1983;0;1
EMETULA;3;28.12.1975;0;3
BEYDULAH;1;26.7.1976;1;0
CALDIR;1;22.10.1954;1;0
BETULYA;2;6.5.1985;0;2
ERMIYEN;1;14.9.1971;0;1
OZSAH;2;13.6.1981;1;1
VEHBE;1;24.6.1969;0;1
BAHCURIYE;4;13.12.1940;0;4
DIKRANU;1;10.5.1934;0;1
BIKHET;1;2.8.1967;0;1
LIGA;1;1.6.1961;0;1
MUSEDIN;1;28.11.1966;1;0
MMUZAFFER;1;5.11.1967;1;0
HACIKIYA;1;17.4.1974;1;0
INAYEDDIN;1;14.11.1985;1;0
KEJIJE;1;30.12.1987;0;1
GALSUN;1;2.7.1975;0;1
HURYILDIZ;1;14.3.1962;0;1
SINNARI;3;5.6.1953;0;3
ESKER;1;22.8.1931;1;0
KEZIYE;2;27.5.1956;0;2
HAJNALKA;1;26.1.1985;0;1
SEBEH;1;25.12.1981;1;0
SEZGINHAN;1;21.8.1991;1;0
KOPUS;2;23.6.1938;0;2
MURATENVER;1;21.5.1972;1;0
CAMASETTIN;1;17.5.1963;1;0
RUMISAH;3;25.1.1957;1;2
MUNEZZEL;1;26.5.1969;1;0
CEMALETTTIN;2;24.3.1979;2;0
REBA;12;21.2.1973;0;12
CEMALNURI;1;21.7.1962;1;0
TEYUBE;1;1.11.1973;0;1
H.EMIN;5;8.9.1948;5;0
BAHRETDIN;1;18.1.1971;1;0
HAYRENISA;1;5.5.1933;0;1
DURVAZIYE;3;2.11.1964;0;3
TELIP;1;19.3.1972;1;0
INAWATI;1;21.8.1978;0;1
EKILE;3;10.5.1952;0;3
REHATTIN;3;18.2.1969;3;0
I.SELAMI;1;29.6.1965;1;0
AYGUNE;2;7.5.1964;0;2
FAHRUNUZER;1;13.4.1951;0;1
NURFILA;1;22.2.1967;0;1
CIHANNUMA;1;7.10.1976;0;1
TALES;1;30.10.1989;0;1
SUSLEN;5;2.6.1975;0;5
CULBI;1;2.3.1957;1;0
ABILME;1;12.8.1923;0;1
KIOUBRA;1;2.8.1945;0;1
VASFIERCAN;1;3.4.1969;1;0
NURGIAN;1;28.9.1977;0;1
BIRGENGUL;2;25.6.1967;0;2
MERTCEM;1;1.3.1990;1;0
GULSIDAR;3;6.11.1985;0;3
M.NEVZET;1;10.5.1962;1;0
KUTLUKAN;2;3.4.1980;2;0
SIFET;5;21.10.1960;1;4
RUHSETTIN;1;2.3.1963;1;0
BEDIUZZEMAN;2;9.10.1955;2;0
PASEL;1;12.2.1935;1;0
CANIZ;1;12.3.1971;1;0
CIBE;1;23.5.1961;1;0
NECDAME;1;17.8.1936;0;1
RAHAMI;1;17.8.1954;1;0
GUNUSE;3;15.4.1962;0;3
VASFIGUL;1;21.3.1952;0;1
MUCESEM;4;23.2.1969;0;4
UCGULLER;1;7.2.1970;0;1
YAFUR;9;16.2.1971;9;0
ZUBRUYE;1;1.9.1971;0;1
OCAG;1;9.5.1948;1;0
KARABAG;2;1.2.1949;2;0
SAYINAT;5;17.1.1966;0;5
SULHINUR;1;17.5.1947;0;1
ZUBEHIR;4;23.11.1971;4;0
MUHAMMETMUSTAFA;1;25.12.1983;1;0
ZUHURITTIN;1;2.8.1981;1;0
MAARIFI;1;21.11.1958;1;0
IKRAMEDDIN;12;8.11.1965;12;0
ASILET;4;20.9.1959;0;4
PERKCAN;2;4.11.1957;2;0
HOSGEL;1;28.6.1977;0;1
ABUTALHA;1;11.10.1956;1;0
CANHUR;3;20.6.1979;2;1
MUHEBBER;1;12.10.1959;0;1
YASERI;4;22.7.1973;4;0
MULKA;3;5.1.1939;0;3
DURSUNUYE;1;11.8.1974;0;1
NADIJA;1;26.9.1981;0;1
SEYHRULLAH;1;4.11.1986;1;0
TAYYBET;1;13.6.1969;0;1
SEBAHATTIH;1;29.6.1975;1;0
ARTUKHAN;1;7.2.1977;1;0
MUHALEFET;1;26.6.1949;0;1
YASEMIYE;4;14.3.1962;0;4
MEFAYI;4;7.1.1959;4;0
MEGPULA;1;21.4.1958;0;1
TURKETTIN;2;14.6.1971;2;0
ILKBAHTI;1;2.2.1963;0;1
ALTYNAY;2;24.3.1975;0;2
MINASIP;6;19.9.1970;4;2
EMETIGUL;1;22.2.1973;0;1
GULRUY;3;21.2.1988;0;3
SUMMAYA;1;17.2.1984;0;1
SIMGEHAN;1;19.2.1992;0;1
BEZGUL;3;1.11.1964;0;3
FILIVA;1;21.6.1940;0;1
YUZDEN;12;2.4.1978;0;12
ABDULMUNAFI;1;8.3.1934;1;0
BALUR;1;25.6.1967;1;0
ILKFERGUL;1;15.4.1965;0;1
MANFURE;1;9.5.1987;0;1
LIYASEDDIN;1;23.4.1979;1;0
HAYATHAN;1;28.8.1989;1;0
SERGUCE;1;12.7.1959;0;1
AYSERIM;1;24.6.1968;0;1
REMZ;1;16.4.1964;1;0
REHMIN;1;17.2.1960;1;0
FATUMETU;1;18.5.1963;0;1
OBAT;1;7.2.1952;1;0
BILAMI;2;28.4.1977;2;0
SEHREBAR;11;8.3.1970;0;11
STANUTA;1;26.7.1970;0;1
MALCAN;1;17.5.1984;0;1
M.GIYASETTIN;1;27.2.1956;1;0
EYUSUN;1;27.2.1968;0;1
CUZEYME;1;12.10.1971;0;1
ISVINET;1;8.6.1950;0;1
MUNUGRE;1;3.5.1959;0;1
UKKUYE;1;22.1.1973;0;1
NIHEDIN;1;1.2.1961;1;0
FIKRIKAYA;1;17.8.1936;1;0
SENAHET;1;10.7.1984;0;1
HUVEY;1;25.7.1984;0;1
RUDIAT;1;19.3.1936;0;1
NURULLLAH;5;9.5.1984;5;0
NEZLAYE;1;28.9.1965;0;1
MUHSETTIN;2;15.3.1962;2;0
URKMEZ;3;1.12.1973;1;2
CAYDETE;1;11.6.1978;0;1
REHULE;1;26.2.1961;0;1
SUKUMET;1;17.5.1965;0;1
FIRUDEVS;1;12.2.1971;0;1
MUZAFERE;2;4.4.1948;0;2
HAMDULSENA;1;25.6.1981;1;0
IZETA;6;6.9.1960;1;5
ZOFER;1;29.6.1932;1;0
SIDRETTULLAH;1;3.5.1959;0;1
HAKRETTIN;1;13.3.1965;1;0
MUDULLAH;2;29.4.1937;2;0
SIRYAT;1;2.9.1962;1;0
CELALLEDDIN;1;12.8.1959;1;0
NEGEN;1;17.2.1960;0;1
NEZELIM;2;10.11.1970;0;2
OLCAK;1;17.3.1977;0;1
SAUT;2;21.6.1947;2;0
DEMIRBEK;3;13.1.1945;3;0
ZEKINUR;7;23.4.1960;4;3
RADIHA;1;11.11.1963;0;1
INEYAT;1;5.7.1955;0;1
ESLAHAT;1;25.7.1967;0;1
ENESYAKUP;1;22.10.1990;1;0
MIGAL;1;12.8.1923;0;1
HAYRUMUSA;1;1.4.1964;0;1
IDDIYAT;1;17.5.1978;1;0
GUNDAS;4;10.2.1961;3;1
LEHEM;1;25.9.1988;0;1
NESLIFER;1;7.6.1978;0;1
NEDIYA;5;23.1.1970;0;5
ZELILE;13;1.12.1949;0;13
EYUPE;1;11.3.1968;0;1
MENFIHAT;1;11.9.1979;0;1
ERENDAG;2;19.5.1956;2;0
ISIKLAR;1;27.2.1986;0;1
DASORIYE;1;22.8.1955;0;1
GORCIHAN;3;2.4.1962;0;3
BAHZEN;2;17.8.1979;0;2
HUMUYRA;1;8.1.1975;0;1
YUKSAR;1;6.5.1939;0;1
ZORHAT;1;11.5.1982;1;0
ENISBEY;1;26.1.1974;1;0
TURANALP;1;9.4.1978;1;0
IZNIR;2;6.10.1960;0;2
SUKRUNAY;2;8.5.1982;0;2
MESBANI;1;28.1.1974;0;1
NECALLE;1;15.2.1939;0;1
ZERENGUL;3;13.1.1987;0;3
LIMBAT;1;7.2.1987;0;1
UYARIS;1;6.6.1982;1;0
YALDZ;1;22.8.1979;0;1
KORNELIA;2;11.1.1971;0;2
REHNAN;1;17.2.1984;0;1
CENGAL;1;5.9.1946;1;0
DILFRAZ;1;10.8.1974;0;1
YUZGEC;3;18.4.1958;1;2
DAYAN;8;29.8.1976;6;2
TANAT;1;12.3.1977;1;0
BEHINAS;2;9.8.1964;0;2
BUSHRA.O;1;2.8.1975;0;1
NUHSANI;2;3.4.1967;2;0
ILKIBAR;4;9.5.1956;0;4
BAREETTIN;1;2.3.1961;1;0
ALIMULAYIM;1;28.11.1973;1;0
NURDUYGU;1;8.9.1991;0;1
VIYEM;1;11.2.1975;0;1
SEYSERVEN;1;27.4.1944;0;1
KOSTEK;2;17.11.1956;0;2
SEBBIK;2;20.3.1950;0;2
FARAHAT;3;24.9.1968;1;2
SAFENDE;1;12.8.1935;0;1
ZENNIS;1;16.3.1953;0;1
UMIRA;1;17.2.1972;0;1
YAVUZKUL;1;11.6.1991;1;0
ILDEREN;1;21.12.1983;1;0
GULUSEVIN;1;7.2.1964;0;1
SERTOP;1;10.5.1960;0;1
FEZELE;1;27.3.1953;0;1
BINGIL;2;8.12.1956;0;2
MEYESET;1;7.2.1982;0;1
MUCAADDIN;2;22.1.1964;2;0
ERISGIN;1;4.1.1950;1;0
HETIME;3;18.2.1970;0;3
NURIAZAM;1;21.4.1942;1;0
SEYVETTIN;2;12.9.1941;2;0
NURHIYE;1;2.2.1975;0;1
ZALFER;4;13.8.1968;0;4
MAYUFE;1;17.8.1966;0;1
ALISAID;2;12.4.1982;2;0
ZUNEYHA;1;22.2.1967;0;1
EFIZE;3;22.4.1946;0;3
MUHUTI;1;4.9.1955;1;0
SOSEM;3;8.5.1942;0;3
AYNURSAH;2;15.1.1981;0;2
MESBURIYE;1;16.5.1969;0;1
TESTI;1;2.8.1939;0;1
GINI;3;19.10.1959;0;3
FIKRIM;3;23.4.1977;1;2
ASBINA;1;2.2.1975;0;1
TELIHAN;6;28.8.1978;0;6
GULHAZAL;2;11.3.1989;0;2
TORUNALI;1;22.3.1937;1;0
KAMALETTIN;5;11.10.1954;5;0
RUDEYBA;1;18.12.1975;0;1
SEVLU;2;4.7.1961;0;2
CESMISAN;1;1.5.1955;0;1
ZERIFO;1;22.4.1943;0;1
ARSLANKILIC;1;22.9.1949;1;0
DAGASTAN;1;12.9.1971;1;0
RUHIKA;1;11.3.1940;0;1
FIROUZEH;1;2.9.1968;0;1
BIRIVEN;1;28.2.1990;0;1
SECATDIN;5;17.10.1973;5;0
BEYKEMAL;1;6.3.1954;1;0
GUNEYSIN;1;27.2.1937;1;0
BEYKIRE;1;6.6.1944;0;1
EDABIYAT;1;8.11.1969;0;1
MENNUN;2;30.7.1976;0;2
SEFIN;3;18.12.1983;1;2
GEKKI;1;1.1.1;1;0
MUKAZIM;1;12.4.1953;1;0
MILTES;1;17.2.1942;1;0
MESTINUR;1;11.5.1987;0;1
MEDETCAN;1;28.2.1990;1;0
MEYOSE;1;27.12.1956;0;1
ELOISA;1;6.2.1965;0;1
EVERLINA;1;26.1.1971;0;1
NATIVIDAD;2;19.7.1959;0;2
EVLANGUL;1;3.2.1975;0;1
ONZEYLE;1;28.10.1976;0;1
ASERGUL;1;11.11.1961;0;1
ABDUCCEBAR;1;10.4.1976;1;0
TUNGUN;1;7.10.1964;0;1
LOIDA;1;30.1.1968;0;1
FERHUSE;1;19.4.1959;0;1
NECIPBE;1;6.12.1954;0;1
NIHAYIL;2;15.2.1987;2;0
BIRLALE;1;2.6.1984;0;1
NUHSEFER;1;19.8.1963;1;0
GUSTEL;4;18.8.1966;0;4
BIYESE;1;16.7.1961;0;1
SELVEZ;1;15.12.1959;0;1
ELBESIYA;1;13.3.1971;0;1
SUSRAN;2;5.2.1978;1;1
URBAN;2;3.6.1969;2;0
ZULTUGAR;1;19.5.1948;1;0
SEYHSAMIL;6;10.11.1978;6;0
FAYZEDDIN;1;19.5.1973;1;0
ELSIE;1;29.3.1961;0;1
CONKER;2;19.5.1940;2;0
ALTANER;3;27.9.1981;3;0
SINARA;1;26.1.1966;0;1
DILFIYE;1;1.11.1968;0;1
EDUVIGES;1;7.11.1961;0;1
ABDULHILAL;3;21.1.1983;3;0
VELINDA;1;29.4.1975;0;1
MEVLUGDE;1;11.5.1961;0;1
KASTEM;1;3.11.1973;1;0
MAHFURETE;1;8.4.1975;0;1
IRKE;2;18.6.1965;0;2
ZUKAR;4;25.9.1955;1;3
JILL;7;11.3.1966;0;7
SEYMI;6;6.9.1952;6;0
ZERIYAP;1;22.8.1925;0;1
GULSERRIN;1;3.12.1972;0;1
AYSESEMA;1;18.9.1986;0;1
BENIM;2;24.11.1962;1;1
FLORIONA;1;10.9.1974;0;1
BORANSU;1;20.6.1985;1;0
POLATHAN;2;10.7.1972;2;0
MURKUNEZ;1;13.10.1969;0;1
MUTAYIP;8;17.4.1961;8;0
MINAZZER;1;30.5.1974;0;1
KILESER;2;4.8.1965;0;2
BILLER;4;7.9.1964;1;3
MIMEYRAN;1;2.8.1933;0;1
FATMASUNDUZ;1;18.5.1956;0;1
SAIDEGUL;3;17.12.1982;0;3
EMELITA;1;10.4.1956;0;1
LIGIA;1;5.4.1976;0;1
RASIHAN;1;7.8.1952;0;1
RUKKET;1;22.9.1943;0;1
BILDIM;1;18.11.1965;0;1
MUALLAT;1;11.4.1966;0;1
SONDEMIR;2;14.8.1979;2;0
MEDIC;2;2.11.1955;0;2
SENIZE;3;5.8.1976;0;3
MA.MALOU;1;15.4.1972;0;1
JULIYDE;2;28.6.1972;0;2
BAKDIYAR;1;12.2.1953;0;1
NURENGIZ;3;25.4.1963;1;2
BIRSENAY;1;29.10.1976;0;1
EJDAN;4;25.8.1974;3;1
MUNIZER;1;25.3.1961;0;1
FEYZURRAHMAN;1;2.8.1933;1;0
ANTIKET;1;2.3.1963;0;1
GULGUNAY;2;8.6.1964;0;2
ELBIKE;2;1.12.1956;0;2
MERCEDES;1;15.4.1968;0;1
GEVREG;1;7.6.1955;0;1
BINNISA;1;19.10.1960;0;1
FAYATTIN;1;11.3.1960;1;0
MOHSIM;2;7.10.1963;2;0
MURUVEL;1;12.8.1986;0;1
SEYDINA;1;19.5.1980;0;1
HURSUTSAH;1;29.11.1955;1;0
ZULBUK;2;11.12.1949;0;2
SILAYMAN;1;22.3.1961;1;0
AYBURAK;1;28.6.1977;1;0
IBAS;18;22.12.1964;18;0
IHTAR;1;23.5.1967;0;1
ERTANA;1;11.3.1949;1;0
GULMUR;2;21.1.1967;0;2
MUJDAK;2;7.12.1975;2;0
FATULLAH;6;11.10.1976;6;0
KOKINE;1;7.8.1940;0;1
TERTIP;3;18.12.1972;3;0
YASEMINDONDU;1;18.11.1974;0;1
ONUROSMAN;1;4.3.1989;1;0
VASIGUL;1;8.5.1964;0;1
AG;3;23.1.1307;3;0
SULFETTA;1;21.3.1969;0;1
MUHSENET;1;19.6.1969;1;0
GUDBUL;1;21.8.1981;1;0
SUBELLA;1;6.2.1974;0;1
YULVIYE;1;22.8.1925;0;1
HUZMIYE;3;25.8.1956;0;3
PEGAH;1;26.11.1986;0;1
LEFIS;1;7.12.1974;0;1
SAYNET;4;14.12.1983;0;4
VALE;3;10.11.1953;0;3
MUZCAN;7;22.7.1972;0;7
IMMUSIN;1;8.3.1974;0;1
ISAHARUTYUN;1;17.5.1964;1;0
GOLLER;7;13.6.1944;0;7
SISENAZ;1;20.5.1942;0;1
ZUMFIYE;1;7.8.1928;0;1
MILAGROS;1;20.7.1941;0;1
ILKLIL;1;2.12.1985;0;1
ZUHNE;1;26.12.1952;0;1
BAHDENUR;1;28.9.1981;0;1
MERDUME;1;12.8.1929;0;1
SEBAGUL;5;17.7.1973;0;5
RUMUSA;1;2.8.1960;0;1
DURDUNUR;3;30.1.1974;0;3
NENITA;3;25.8.1959;0;3
ECLALIYE;1;1.4.1934;0;1
ZUHURET;2;26.4.1962;1;1
YOZNUR;1;6.5.1970;0;1
OZEDEMIR;1;30.1.1968;1;0
AKHA;1;24.6.1980;1;0
MENMAN;1;2.8.1957;1;0
SOUVAR;1;3.8.1956;0;1
EBULFARUK;1;16.3.1968;1;0
BEIZER;1;2.3.1963;0;1
RUHYETTIN;5;7.12.1960;5;0
SELMANEDDIN;1;24.5.1967;1;0
HASYIGIT;1;17.2.1972;1;0
EROSMAN;2;26.8.1976;2;0
UZAYHAN;1;20.9.1963;1;0
MEHRUNAZ;1;20.10.1965;0;1
ANADOL;1;18.10.1974;1;0
LIBASI;1;1.9.1955;0;1
OVENT;1;6.11.1975;1;0
SULURI;1;28.4.1950;1;0
UZRA;10;5.2.1972;0;10
SECEHETTIN;6;30.9.1958;6;0
BELKUZER;1;14.10.1952;0;1
MUKADDIRAT;1;2.2.1975;0;1
OZFERIHA;1;23.1.1985;0;1
MERGEAN;1;28.1.1968;0;1
FERKIYA;2;30.10.1969;0;2
CAHDEGER;1;21.5.1980;0;1
RESURULLAH;3;5.8.1983;3;0
SEDAKAR;3;24.8.1963;1;2
MUNGUL;2;7.2.1960;0;2
ALIOKAN;2;13.12.1978;2;0
TAYLANDORA;1;17.2.1990;1;0
YETGIL;1;2.1.1983;0;1
NASHAN;3;19.3.1976;1;2
SAYESTA;1;16.7.1959;0;1
EMIYHAN;1;6.7.1968;0;1
TAJETTIN;1;14.3.1961;1;0
OYCUN;1;8.5.1977;1;0
FURADE;3;8.12.1945;0;3
DERGU;1;26.11.1977;0;1
ZEVCEHAN;1;3.1.1978;0;1
SAHHA;7;13.2.1970;0;7
ERGURHAN;1;26.2.1970;1;0
NEBIYEL;1;4.7.1972;0;1
MINECANSU;1;16.4.1982;0;1
ULUMBIA;1;24.6.1961;0;1
ZARFI;2;12.5.1947;1;1
YINGUL;1;7.1.1976;0;1
GIZEMJALE;1;6.9.1989;0;1
GUSAT;1;7.12.1958;1;0
ZUTTIKE;1;26.4.1970;0;1
BAKA;1;16.4.1983;1;0
SUSURE;1;11.2.1957;0;1
FETANIYE;12;19.11.1950;0;12
BAHCA;2;26.9.1963;0;2
SAVCU;4;23.10.1961;4;0
KOTEY;1;24.5.1931;0;1
MERVEDIN;3;24.12.1980;3;0
MIRES;9;12.6.1952;1;8
ZULBEYDE;2;12.12.1974;0;2
SINGO;1;12.2.1965;1;0
MAKPULIYE;3;22.4.1961;0;3
MUSHETTIN;1;16.3.1951;1;0
MAYSAA;1;8.8.1964;0;1
MUKATIL;1;16.5.1965;1;0
GUZZIYDE;1;2.2.1951;0;1
YALCINKALE;1;12.3.1953;1;0
GULAYHATICE;1;2.9.1966;0;1
KAGANTURK;1;30.8.1991;1;0
MUNACER;1;1.1.1;0;1
JULVET;1;28.10.1982;0;1
GUBRAN;5;19.4.1968;0;5
SAHRAHAN;1;24.7.1990;0;1
ZEYITSAH;1;26.1.1978;1;0
GULYAMIS;1;2.2.1969;0;1
TULUHA;1;4.4.1977;0;1
CANGUNAY;2;24.10.1983;2;0
REFIDIYE;2;3.10.1966;0;2
HURFETTIN;4;3.11.1965;4;0
REVAYITTIN;1;3.12.1961;1;0
GUZEYMEN;1;27.6.1950;0;1
BAYDET;1;1.3.1941;0;1
GUTI;1;27.3.1950;0;1
EMAM;1;12.8.1988;1;0
ZEYNIKSAH;1;1.7.1980;0;1
BAGDADI;2;6.2.1952;1;1
FITNAR;1;20.2.1972;0;1
FIRGUZ;2;4.1.1975;0;2
FERZIE;1;18.10.1976;0;1
YUMRI;3;22.3.1954;3;0
MANUELLA;2;8.10.1981;0;2
SALMEHMET;1;3.9.1951;1;0
MARVET;1;5.2.1939;0;1
LUFERIYE;1;18.4.1939;0;1
NEVGEN;1;26.4.1987;0;1
ATISE;1;28.2.1938;0;1
ENHUR;4;25.8.1971;4;0
ALBIYE;3;9.10.1959;0;3
VAIP;1;16.2.1945;1;0
T.SENER;1;16.4.1973;0;1
RONALYN;1;21.3.1979;0;1
DURSEV;2;10.11.1958;0;2
NIFAGET;1;17.1.1954;0;1
SIREF;1;27.2.1980;1;0
MEFDINE;2;2.2.1978;0;2
RUMANA;1;5.8.1971;0;1
FATIHSAMET;1;19.9.1990;1;0
CENKO;1;4.7.1966;1;0
YASUMAN;5;26.1.1975;0;5
DUZENUR;2;21.8.1972;0;2
MERTLI;2;1.8.1977;2;0
GULBARAM;1;27.5.1974;0;1
SATULLAH;3;7.7.1975;3;0
SENSAR;1;5.5.1951;0;1
NOKSANI;1;27.2.1950;1;0
BRIGIET;1;27.3.1974;0;1
YOUNES;1;16.2.1969;1;0
ZIYRA;3;15.5.1970;0;3
ULHAME;1;17.5.1966;0;1
SEREVETTIN;3;29.3.1965;3;0
SEHABIDIN;1;27.8.1950;1;0
MIZINET;1;7.8.1958;0;1
SUUR;3;17.6.1968;2;1
FEHREN;1;22.10.1977;0;1
MAHDURE;2;8.1.1988;0;2
ERNOYAN;2;7.6.1980;2;0
UCCET;4;27.4.1962;3;1
DURIS;3;8.12.1966;0;3
TALEB;2;30.2.1945;2;0
ZILBUKE;1;17.2.1933;0;1
SAMIDEMIR;1;17.8.1954;1;0
NAZISE;1;16.5.1981;0;1
HASILYA;2;8.3.1985;0;2
SUREYDE;1;3.11.1981;0;1
MORZA;1;22.6.1985;1;0
CUDYAR;1;15.7.1990;1;0
SOMEL;1;26.8.1983;0;1
TAKMINAY;1;26.10.1978;0;1
TUNUK;1;27.6.1980;1;0
ISMUAN;1;12.4.1956;0;1
GOOYA;1;11.8.1966;0;1
SAGDUR;2;8.4.1967;0;2
DOGASEL;2;13.12.1982;0;2
MUSURUYE;1;3.7.1955;0;1
MEDINEI;3;13.11.1962;0;3
KOKAY;4;29.2.1968;4;0
MEHMETGAZI;5;16.12.1963;5;0
VARDIK;5;29.7.1937;0;5
NESNI;4;21.9.1964;0;4
NULKET;1;26.7.1971;0;1
UGILOY;1;10.6.1983;0;1
MELHUME;1;22.8.1955;0;1
HIDAFET;1;9.7.1941;0;1
PENPEGULU;1;7.2.1964;0;1
ERTANCAN;1;7.4.1985;1;0
UREME;1;27.8.1956;0;1
HACIKEMAL;1;2.2.1969;1;0
IRAMAN;1;7.12.1986;0;1
ISBET;8;27.7.1962;1;7
GULCUBUGU;2;5.8.1954;0;2
BESELET;1;28.11.1966;1;0
EBRUHE;1;12.6.1977;0;1
POLYA;2;20.10.1965;0;2
ZARIFEGUL;3;27.11.1971;0;3
LALIYA;1;21.7.1988;0;1
NURHASAN;1;2.8.1927;1;0
EVZEL;5;7.4.1977;4;1
HIGMET;1;28.2.1942;0;1
IPI;1;17.8.1924;0;1
TAFSIR;1;28.1.1968;0;1
SEKIMET;1;12.8.1959;0;1
SEBILEN;2;4.5.1957;0;2
RAZIYAT;1;23.6.1945;0;1
SATIMSER;1;17.8.1978;0;1
ERHANCAN;1;7.4.1985;1;0
OMURNUR;2;14.8.1982;0;2
FEYMIHAN;1;19.5.1970;0;1
NEBIYDE;1;24.5.1966;0;1
IBAC;1;13.7.1980;1;0
EJBER;1;12.3.1983;1;0
NARGUN;2;22.4.1973;0;2
SINNI;1;26.11.1960;0;1
SIRDAN;2;24.10.1977;1;1
ERSER;8;5.2.1979;7;1
SETAIR;1;2.12.1975;1;0
YAYLABEGI;1;16.3.1943;1;0
SAFADIYE;5;22.8.1955;0;5
COSSEL;1;2.10.1960;1;0
RAGITAN;1;7.6.1957;0;1
BERKSEL;1;13.6.1990;1;0
EMVIYE;2;9.8.1962;0;2
DERBIS;1;26.3.1957;1;0
NIYLUFER;9;28.2.1956;0;9
MEHENGUL;1;3.4.1975;0;1
PIROSMAN;1;9.3.1981;1;0
HEYRANI;3;24.4.1975;3;0
ABDULLAHUGUR;1;30.3.1957;1;0
SEDAHAN;3;2.6.1988;0;3
AFIREN;1;5.7.1955;0;1
BEHRUZE;1;26.4.1924;0;1
ZIRHLI;1;13.9.1950;1;0
EHMER;5;15.10.1980;0;5
SUHAATTIN;1;9.3.1964;1;0
HURUN;2;15.7.1978;0;2
SAPITETUR;1;18.8.1956;0;1
ZINFIRA;2;16.6.1983;0;2
EDIPCAN;3;21.8.1989;3;0
DILRABO;1;26.10.1981;0;1
TURUS;4;20.1.1954;3;1
MUSAMMAH;1;17.11.1976;0;1
SUNNURIYE;1;16.7.1964;0;1
FEYYAL;2;10.11.1973;0;2
SEYYIHAT;2;19.4.1935;0;2
NAMINE;1;17.4.1942;0;1
BILGIL;3;20.4.1967;0;3
GULARMAN;9;23.5.1967;1;8
ZAFERIYA;10;1.5.1968;1;9
JANBEY;1;24.8.1980;1;0
MUKATSER;1;29.4.1938;0;1
DADAN;1;30.4.1931;0;1
FIRIKE;1;22.4.1965;0;1
NURIMEN;2;2.12.1966;0;2
GULIREN;4;18.1.1953;0;4
HACERHATUN;1;12.2.1953;0;1
ULHEM;1;2.1.1981;1;0
NUZIYEN;1;25.12.1958;0;1
MUHIZER;1;27.9.1944;0;1
NADILSE;1;21.3.1987;0;1
BIHIME;1;29.2.1945;0;1
ELDAF;2;15.1.1978;1;1
MERAGUL;1;17.8.1954;0;1
MUGDESEM;1;22.10.1971;1;0
MAHHANIM;1;17.8.1942;0;1
ILTURK;2;3.7.1986;2;0
JULIYE;3;6.2.1982;0;3
BURNUR;1;3.5.1975;0;1
ZEKAVER;11;16.2.1958;1;10
TILEK;1;16.10.1989;1;0
BEHSETTIN;1;27.2.1951;1;0
BEDIULZAMAN;1;2.2.1957;0;1
IMUGUL;6;5.5.1968;0;6
RAJDA;1;29.1.1982;0;1
ZULHE;3;8.1.1972;0;3
KAMELETTIN;1;17.1.1963;1;0
APAY;1;11.3.1988;0;1
BAYDI;1;11.5.1963;1;0
ELDI;1;16.3.1950;0;1
SENSALIH;1;28.1.1980;1;0
FERHANE;4;21.1.1952;0;4
HIDAKER;2;19.11.1971;0;2
RAMZIIA;1;10.4.1980;0;1
OGUZTUNC;1;5.10.1991;1;0
SERMICAN;1;15.10.1987;0;1
KITABET;1;17.7.1984;0;1
BUNYAVI;1;2.12.1944;1;0
SULESAN;1;23.10.1983;0;1
AHIR;2;11.8.1977;2;0
METURE;1;16.6.1934;0;1
ESVAIL;1;18.6.1961;1;0
CRISTIAN;1;21.3.1978;1;0
MUSELLE;1;6.11.1967;0;1
GALAYATIN;1;8.4.1958;0;1
AHMETKOC;1;26.9.1976;1;0
MENINE;2;4.10.1970;0;2
BILHOS;2;3.12.1969;0;2
ALEJANDRIA;1;25.3.1960;0;1
BAYRAKDAR;7;14.10.1947;7;0
ABDULCANER;2;30.2.1983;2;0
REFIGI;1;8.3.1976;1;0
FELEKSIMAN;2;25.4.1971;0;2
LEONA;2;14.4.1963;0;2
LEONILA;1;23.2.1970;0;1
GULZUR;1;27.3.1974;0;1
NUCEYBE;1;16.5.1976;0;1
MULHIGUL;1;21.6.1957;0;1
YILIRAY;1;15.8.1980;1;0
MURINSAH;1;29.8.1953;1;0
SEKME;1;10.5.1974;0;1
IMANEDDIN;1;28.7.1972;1;0
HEZNEDE;2;28.6.1968;0;2
SEVINGUN;1;9.2.1967;0;1
NUGDAGUL;3;19.3.1962;0;3
MELIGA;1;27.7.1938;0;1
SADESEN;1;29.10.1970;0;1
NASINE;1;2.4.1958;0;1
ZEYDABIYE;1;29.11.1962;0;1
ZULRUT;1;2.11.1972;0;1
KUBESI;1;11.2.1967;1;0
SELLEHATTIN;2;2.4.1970;2;0
ERBIYA;1;23.11.1948;0;1
SERDIR;1;30.3.1962;1;0
SIDKULLAH;1;13.7.1977;1;0
ATIKBEY;1;12.4.1947;1;0
HUKASE;3;12.11.1951;2;1
TULENSER;1;22.6.1967;0;1
ZERRER;1;28.7.1955;1;0
ZELDANUR;1;26.2.1978;0;1
NESIMHAN;1;21.5.1975;1;0
NANESE;1;27.9.1974;0;1
SITAYI;1;16.4.1952;1;0
KESSIM;1;17.2.1960;0;1
NEZREDDIN;3;3.3.1968;3;0
TUKKEZBAN;1;7.2.1946;0;1
CIFIYET;1;6.1.1951;0;1
FIRARIYE;1;27.10.1956;0;1
ELVASYA;1;21.6.1960;0;1
FERCET;1;26.6.1984;1;0
MULAZEN;1;27.4.1968;0;1
FEYAETTIN;1;9.2.1957;1;0
PASEDIN;1;4.6.1979;1;0
CUNEYIZ;1;16.4.1981;1;0
TEBERNUR;1;1.11.1965;1;0
KIMZER;5;29.12.1956;0;5
MUMTAZAM;1;14.12.1979;0;1
HAFZETE;6;26.11.1974;0;6
SEDIRKAT;1;22.2.1961;0;1
ERGULLU;6;29.3.1961;3;3
BELMAZ;1;2.8.1981;0;1
ILGIMA;2;23.11.1968;0;2
BINRGUL;1;23.7.1970;0;1
TEKIGUL;1;2.5.1966;0;1
MEHBILE;1;23.8.1970;0;1
NESRAL;1;27.2.1974;0;1
HIVZILLAH;1;29.5.1974;1;0
NECIR;2;20.10.1982;2;0
IKRAG;1;25.10.1978;1;0
BEGZADDIN;1;22.4.1955;1;0
SAIMERDAN;1;27.2.1962;1;0
NEVSIME;2;25.9.1971;0;2
OZERDINC;1;18.9.1978;1;0
OZEMRAH;1;18.12.1980;1;0
MUZATTIN;2;22.4.1961;2;0
GATIN;1;15.4.1950;0;1
NESRIFE;4;10.7.1965;0;4
GURCUMEN;1;15.7.1965;0;1
MUMUZE;1;5.11.1954;0;1
GYULSHEN;1;28.8.1982;0;1
OZDENAY;2;5.3.1989;2;0
TUYFA;1;15.2.1951;0;1
VAKTI;2;19.12.1957;2;0
SUAYTAN;2;1.1.1981;0;2
MUCALLIP;1;4.7.1956;1;0
ANMA;1;17.1.1984;0;1
BEDIIZAMAN;1;22.2.1961;0;1
MEYTIN;1;7.7.1970;1;0
EFTEDA;1;11.10.1969;0;1
DIRIKAN;3;22.12.1970;3;0
HUCCETULLAH;1;4.10.1982;1;0
SILAL;2;12.1.1990;0;2
SEREFSAN;4;25.3.1961;0;4
MUZEEN;3;15.8.1962;0;3
AZLETE;1;24.4.1967;0;1
ALACAM;1;17.5.1986;0;1
HISBET;1;22.4.1973;1;0
ERCIHAS;1;6.4.1987;1;0
ALITURK;1;12.6.1987;1;0
GONULNUR;5;20.10.1979;0;5
MEZZA;1;25.8.1943;0;1
ANATURK;5;9.4.1952;0;5
REZVETE;4;27.5.1963;0;4
NECRI;3;8.3.1954;3;0
BULSUM;1;4.5.1961;0;1
CANDANGULER;1;30.5.1962;0;1
SEKAVET;6;23.12.1956;1;5
REME;4;23.3.1966;1;3
IORDANA;1;8.3.1973;0;1
SEMIRER;1;2.9.1975;1;0
NESNINUR;1;26.2.1984;0;1
AYPEL;5;22.7.1965;0;5
RESULAHMET;1;1.6.1989;1;0
MOPIP;1;13.3.1945;0;1
MEMETRESAT;2;25.9.1978;2;0
HUBUYAN;1;27.2.1950;0;1
CIHANBER;5;17.2.1963;5;0
MUSEDDED;2;9.9.1978;0;2
DURNAY;2;25.8.1977;0;2
HURICA;1;12.2.1953;0;1
YELHAN;5;27.8.1982;3;2
ZILKADDE;1;9.4.1968;0;1
GEVHERNAZ;1;20.8.1930;0;1
ESLEME;1;6.8.1968;0;1
NAGIZE;2;21.11.1981;0;2
SAYFUN;1;30.7.1981;0;1
ILKAYA;1;13.12.1982;1;0
FURZE;2;23.4.1968;0;2
IMBILBANE;1;2.3.1957;0;1
SALICA;2;11.1.984;0;2
EMIKSE;1;7.6.1940;0;1
UZLIYE;2;22.4.1957;0;2
SEYVEKAR;2;29.5.1940;0;2
ECNAL;3;26.1.1953;3;0
CEMIYETTIN;2;7.3.1954;2;0
EVSUNE;1;15.5.1954;0;1
NURIDA;9;17.10.1971;0;9
ADISUN;1;11.7.1980;0;1
FIRIDDIN;1;19.5.1950;1;0
ODEKAN;1;2.2.1981;1;0
GULEP;3;28.6.1962;3;0
SIFILAN;1;28.1.1973;0;1
REGAN;1;28.1.1971;0;1
SUBBU;1;30.5.1977;1;0
ZEBIR;1;7.6.1966;1;0
GUZELLIK;1;9.3.1970;0;1
FIKRIZADE;3;26.1.1972;0;3
SAMAHI;1;1.1.1;0;1
ADNIY;1;17.2.1954;0;1
MUZAKET;12;9.11.1785;1;11
HACILHAN;3;30.10.1935;0;3
OZGURFATIH;1;12.3.1983;1;0
SERABI;3;19.2.1974;3;0
ARIFDOGAN;1;3.4.1981;1;0
YENERAY;1;21.12.1970;1;0
BULGIYE;1;26.6.1966;0;1
HAYYAVI;7;10.4.1960;7;0
SERLINAZ;1;7.8.1946;0;1
FESMINE;3;6.6.1939;0;3
MUSON;1;30.11.1983;0;1
AYZAR;4;24.10.1961;0;4
FEMZAIL;1;18.2.1972;1;0
KILO;3;1.12.1318;0;3
KANDIK;1;12.5.1959;0;1
GURZULE;1;2.9.1976;0;1
ADUBANI;1;2.4.1951;0;1
NAFIR;1;11.4.1964;1;0
GOKTIGIN;1;1.8.1985;1;0
ERGINAL;1;21.2.1971;1;0
ZURIDE;4;18.4.1963;0;4
ZENGISKAN;1;26.10.1981;1;0
OGULTACH;1;18.12.1977;0;1
NUMANSAMI;1;11.10.1983;1;0
MUBEYYINE;1;13.10.1947;0;1
NEYEFER;1;3.12.1969;0;1
MUHAMMI;1;6.6.1962;1;0
HUNAL;6;18.8.1964;4;2
EGUN;1;12.8.1953;0;1
MUSEYYIN;1;28.12.1940;0;1
EZIYME;1;3.8.1969;0;1
SUNDUZE;3;3.3.1965;0;3
ZUBERYE;1;15.4.1970;0;1
BAIAN;1;9.4.1969;0;1
MESAMET;1;8.4.1987;0;1
NARAC;1;13.6.1953;0;1
NEHALE;1;7.8.1958;0;1
FERHDIBA;2;9.8.1976;0;2
SEVDENAZ;1;26.11.1978;0;1
ZULKARNEYIM;1;17.2.1984;1;0
NALER;1;4.4.1970;0;1
RUHETE;1;2.11.1951;0;1
YERIMI;1;8.10.1960;0;1
NELIBEN;1;2.8.1933;0;1
TELAHATTIN;1;7.8.1934;1;0
KOROLEVSKAYA;1;9.5.1967;0;1
NURIFEN;2;8.3.1964;0;2
MELIHAH;1;12.2.1971;0;1
SITKATULLAH;1;24.9.1983;1;0
ORCUL;1;11.3.1991;0;1
ALALATTIN;1;6.3.1975;1;0
OZGUNC;4;9.10.1975;4;0
VESBINAZ;1;9.5.1948;0;1
ZUHEYDA;8;23.10.1969;0;8
YILORAN;2;3.8.1967;2;0
LEVRA;1;9.5.1970;0;1
MUZELLE;2;28.6.1974;0;2
ZUVIYDE;1;17.8.1930;0;1
GURNUT;1;7.1.1982;0;1
ECEN;3;17.11.1989;0;3
NUNFER;3;11.5.1960;1;2
MENFAIYE;1;26.1.1973;0;1
GULLAP;5;25.4.1965;0;5
MURGUZ;1;12.6.1959;1;0
ELDINC;1;23.1.1981;1;0
ULUTAS;6;16.10.1958;6;0
BIHTAR;4;30.12.1956;0;4
TELAHA;7;23.3.1972;0;7
FUGGAN;1;4.7.1981;1;0
NUSNIYE;1;25.3.1979;0;1
ALAAIDDIN;2;27.4.1967;2;0
HACCERE;1;5.4.1971;0;1
BEDUZZEMAN;2;6.9.1932;2;0
MEHSUN;1;16.2.1947;1;0
SEYLANI;8;7.6.1975;6;2
BINZAL;1;6.7.1957;1;0
BEHSIN;4;19.7.1966;4;0
FITNAN;2;3.2.1956;0;2
ALPSU;2;11.12.1985;1;1
DIDIM;1;19.4.1990;0;1
DOGDUR;1;16.1.1945;1;0
RIYASER;1;20.5.1959;0;1
CANDARHAN;1;19.9.1982;1;0
SARIKAYA;1;16.4.1946;1;0
HATABIYE;1;27.10.1962;0;1
MIZIHA;1;14.7.1947;0;1
KUNIVE;1;13.7.1962;0;1
MULUKHSAR;1;14.8.1980;0;1
CICEM;1;12.3.1959;0;1
SERAS;1;27.11.1984;1;0
DILEVSA;1;1.5.1974;0;1
NUNHAK;1;21.6.1981;0;1
UMUREFE;1;15.4.1991;1;0
KENAHAT;1;26.9.1979;0;1
RENIZ;1;2.12.1987;0;1
MADEP;2;18.7.1971;0;2
MUHALA;1;10.6.1969;0;1
OFKE;2;25.11.1981;2;0
SAHANA;1;26.12.1955;0;1
OBEL;3;7.6.1977;2;1
GYULUMSER;1;28.8.1973;0;1
TAHARMIRZA;1;5.5.1947;1;0
SAHAGUL;6;30.1.1976;0;6
GURFER;2;15.2.1979;0;2
MULTEZ;2;14.6.1959;2;0
GULLATIFE;1;6.11.1954;0;1
RUZVET;2;15.10.1951;0;2
MAHCEM;1;7.7.1982;0;1
SAHINETE;2;7.10.1971;0;2
URTEM;1;2.12.1963;0;1
KESRIYA;1;26.12.1985;0;1
NUSCIHAN;1;9.10.1991;0;1
GULCEKEN;1;25.2.1972;0;1
LAMINA;1;12.3.1971;0;1
GULDEREYE;1;5.3.1955;0;1
SELCET;1;25.4.1964;0;1
UGURMUSTAFA;1;13.1.1973;1;0
ENESA;2;5.4.1970;0;2
MUSRUYE;2;16.2.1958;0;2
FAIBE;3;27.4.1957;0;3
RUGUZAN;2;21.12.1928;0;2
ELIZASAH;1;1.11.1973;0;1
YERBI;1;29.1.1938;1;0
MUKEREF;2;13.11.1973;0;2
RESSIYE;1;1.8.1964;0;1
HERBIYAN;1;1.8.1983;0;1
KIBRINIYE;1;19.11.1965;0;1
PATRISYA;2;3.8.1973;0;2
YAZGILLI;1;11.1.1963;0;1
HUSEYINAGA;1;14.12.1942;1;0
FORA;2;10.6.1983;2;0
GULSAHVER;1;18.9.1939;0;1
LELIS;1;22.5.1979;0;1
CIHANIYE;6;12.8.1959;0;6
FEYRUZETE;1;23.4.1959;0;1
ERTOGRAL;9;2.8.1944;9;0
ZENIFA;2;4.10.1970;0;2
SECIKA;1;27.8.1932;0;1
ZULIA;1;16.5.1950;0;1
CAGSIN;2;19.12.1988;2;0
ATIEA;1;29.5.1955;0;1
DOKKEL;1;14.6.1971;0;1
ALINACIF;1;11.5.1973;1;0
YASMINE;3;29.3.1979;0;3
SULBEHA;1;21.6.1960;0;1
BECAT;1;12.8.1953;0;1
SULKIBET;1;17.2.1948;0;1
RENCIDE;1;16.10.1962;0;1
KUMBUL;1;18.7.1984;0;1
GULSENIYE;1;6.11.1968;0;1
NABIGAR;1;3.1.1974;0;1
KUBRUYA;3;22.6.1961;0;3
ALEMTAC;4;4.2.1961;0;4
SENGIZ;3;30.7.1951;1;2
EZZANETTIN;1;17.12.1976;1;0
SENYASA;2;4.4.1963;2;0
SAYKAL;3;14.9.1962;3;0
ZERFI;2;15.5.1966;0;2
GUCUYENER;1;10.2.1958;1;0
NARGIL;3;19.3.1977;0;3
RANANUR;1;12.2.1977;0;1
MUAZZEZE;9;25.2.1934;0;9
ADEMUGURBEYCAN;1;10.2.1986;1;0
ESYAR;5;13.7.1985;5;0
MANZIYE;1;30.10.1979;0;1
BAHNU;2;17.12.1976;1;1
GEDAI;1;22.3.1973;1;0
TANNURE;2;8.5.1954;0;2
SAHOGLU;1;24.11.1961;1;0
MUEHSER;2;25.5.1943;0;2
NEVTUN;2;25.3.1974;0;2
SANRA;2;9.8.1974;0;2
ARZURESIME;1;7.2.1988;0;1
LAFIHAN;1;3.4.1957;0;1
EVRIS;1;17.9.1977;0;1
FIKRIDIL;1;7.1.1945;0;1
GALTEN;1;12.5.1977;0;1
YEHRE;1;1.2.1973;0;1
CEFIR;1;19.5.1959;0;1
YILGAY;1;23.6.1979;1;0
NAZIMSERKAN;1;1.4.1976;1;0
HALETIN;1;1.11.1962;1;0
SHOVKAT;2;3.2.1960;0;2
FERDETDIN;1;2.6.1975;1;0
DILBET;1;12.3.1953;0;1
NIHADA;2;21.5.1959;0;2
ALIERSIN;1;22.1.1967;1;0
REZIMA;1;27.10.1969;0;1
TURKERIN;1;2.7.1975;1;0
ULUGUN;2;1.2.1956;2;0
BISRAI;1;8.7.1962;0;1
MUHEYLA;9;29.5.1956;0;9
MARSIFE;2;17.7.1988;0;2
ALIEFENDI;2;19.5.1967;2;0
MUSEYIF;1;23.1.1954;1;0
ZULIHAT;1;8.2.1964;0;1
NURIYAZDAN;2;4.9.1966;0;2
KAMSIZ;3;3.7.1954;1;2
ILTNUR;1;12.10.1983;0;1
ILISAN;1;26.7.1988;1;0
FEYIK;2;23.9.1960;2;0
RUSTEMBEY;1;12.8.1947;1;0
DASIN;4;12.11.1958;4;0
EDAYIF;1;12.2.1959;1;0
OHUZHAN;1;8.6.1978;1;0
AFITAF;3;2.11.1975;0;3
MIRISA;2;9.10.1958;0;2
MIBEYYEN;1;3.12.1971;0;1
MUHYESULTAN;1;12.2.1971;0;1
BEYSER;9;14.2.1963;0;9
GENCEKUL;1;17.8.1978;1;0
SEHDAP;2;20.3.1944;0;2
ZILLE;3;19.1.1959;0;3
SAYITOP;1;6.6.1968;0;1
MUHIYETIN;1;17.2.1972;1;0
HULUSKAR;2;27.5.1949;2;0
BENZIGUZEL;1;28.6.1964;0;1
MAYAGUL;12;2.9.1967;0;12
CELAYEDIN;1;3.11.1969;1;0
SEHIZEMEN;1;27.2.1956;0;1
FIROZON;2;13.10.1947;1;1
LIVAYET;1;20.2.1940;0;1
SEDENGUL;3;7.3.1966;0;3
ISNOFET;1;6.6.1947;0;1
ULGENER;1;11.4.1948;1;0
NAILMERAM;1;16.6.1952;1;0
SAYITAP;1;18.5.1982;0;1
GULMI;3;10.10.1963;0;3
SEBTIYE;2;22.12.1956;0;2
SEZEDI;1;24.8.1964;1;0
HUSNUYUSUF;1;8.2.1934;1;0
UMMISELIM;1;11.11.1950;0;1
NIDER;8;20.11.1965;2;6
NURSEVAR;1;8.2.1974;0;1
ZAKHIRA;1;28.7.1960;0;1
ZAYDI;1;7.8.1928;1;0
AFRIDE;2;17.2.1963;0;2
SOZENER;1;16.9.1973;1;0
NEBAHETE;1;13.4.1955;0;1
SATIHA;8;6.1.1955;0;8
NURDAYIM;1;16.4.1959;0;1
FATMASU;1;20.3.1992;0;1
NAMIZER;6;2.1.1958;0;6
ALLENDE;1;20.10.1974;1;0
MUSBIH;2;28.7.1970;2;0
ZEFINAZ;2;6.4.1968;0;2
GURAR;1;7.2.1970;1;0
ZILUDE;1;1.7.1956;0;1
EROLENGIN;1;25.12.1979;1;0
SOYDAGUL;1;12.5.1989;0;1
NURAMIYE;2;1.4.1969;0;2
ZURRUYET;2;18.7.1981;0;2
KIMETULLAH;1;17.2.1960;1;0
IBOCAN;1;18.10.1978;1;0
NASLIGE;1;2.3.1957;0;1
OLAT;1;26.2.1979;1;0
RAVANA;1;16.4.1970;0;1
ZERUL;1;11.6.1972;0;1
MILAYET;5;4.7.1953;0;5
ZIHNIGUL;2;26.3.1968;0;2
HACIISA;2;2.8.1960;2;0
SALEY;3;15.4.1937;0;3
IHTIKAT;2;28.10.1970;0;2
LUBYAHA;1;8.7.1975;0;1
ALIISFENDIYAR;1;21.12.1970;1;0
FADIMESIN;1;22.4.1955;0;1
NAIGUL;1;2.2.1975;0;1
CEMAZIYEL;3;8.12.1980;1;2
MAHPEREN;1;3.1.1980;0;1
ZEYNIFAR;1;21.5.1949;1;0
NASIYBE;4;24.4.1966;0;4
ALFIYE;4;19.4.1962;0;4
CANSAR;6;28.2.1971;1;5
ENTISE;2;28.4.1974;0;2
RIFIT;1;12.2.1959;1;0
HACIRESUL;1;17.2.1966;1;0
ZELINAZ;4;7.2.1948;0;4
GUDBEDDIN;2;26.3.1971;2;0
MUSADEME;2;3.12.1952;1;1
GURLESEN;1;26.3.1978;0;1
OZSEVGI;1;26.7.1988;0;1
GULTANER;2;17.5.1959;1;1
SEMRAG;1;27.7.1969;0;1
NEYIRBAN;1;17.7.1936;0;1
JADE;4;12.11.1966;1;3
ILVUYE;1;15.8.1954;0;1
ERKENAN;2;16.4.1960;2;0
HAE;1;8.4.1975;0;1
YOLCI;3;7.4.1940;3;0
HURSAMI;1;11.1.1980;1;0
MAHSUDEGUL;1;25.3.1979;0;1
MUBAT;4;12.3.1960;0;4
PENEZ;1;17.2.1966;0;1
HUCEL;2;2.11.1959;0;2
MOHKEM;1;29.1.1961;1;0
MINUSE;4;5.2.1955;0;4
VEYSELIYE;1;17.2.1966;0;1
NIHIRAN;1;4.4.1963;0;1
SELYU;1;4.5.1978;0;1
SUNANI;1;6.3.1972;1;0
ESMENDER;5;3.8.1956;5;0
EMINETAMAY;1;6.6.1963;0;1
ULUDAN;3;3.11.1976;3;0
SIVCAN;1;13.4.1979;0;1
NARINDIYAR;1;30.10.1956;0;1
AKAYCAN;1;12.10.1991;1;0
YURDADOGAN;2;16.1.1965;2;0
ILKDAN;1;23.6.1975;0;1
KADIMSAH;3;24.3.1956;1;2
ADELETTUN;1;7.3.1988;1;0
SERPILLI;1;6.8.1962;0;1
NAZIYME;1;26.1.1947;0;1
NUSEM;1;21.11.1978;1;0
SIFERNAZ;1;21.11.1965;0;1
RUYISEN;2;29.5.1964;0;2
ENGINUR;3;20.9.1969;1;2
ABDURRAHIP;1;5.9.1975;1;0
FUHNUR;1;1.12.1953;0;1
NEFICAN;2;26.2.1964;1;1
HAYICAN;1;22.2.1961;0;1
DEMBAZET;1;12.6.1971;0;1
ALIERDAL;2;24.9.1971;2;0
VASUDE;2;29.2.1966;0;2
AYINNUSA;1;11.11.1957;0;1
FEJDI;1;10.6.1982;1;0
ANILTUNC;1;22.12.1991;1;0
HACANIM;3;24.5.1973;0;3
KANDAN;4;10.1.1964;4;0
UTKUER;1;28.5.1971;1;0
DISURA;1;15.12.1988;1;0
NEGAYE;1;27.3.1974;0;1
EHLAN;2;19.2.1945;1;1
SEREFINUR;1;27.3.1967;0;1
BILGENALP;1;19.3.1966;1;0
MAZUNI;1;8.1.1973;1;0
AHUZEYNEP;1;15.7.1979;0;1
YEKLIMA;1;18.10.1980;0;1
NURIBET;15;9.8.1961;0;15
ERTUTAN;1;22.2.1961;1;0
HATEMIN;4;30.1.1971;2;2
GOKERI;4;29.12.1964;4;0
HEBINAR;1;22.2.1961;0;1
MAHBEDDIN;1;3.5.1967;1;0
ISINE;1;6.2.1974;0;1
TIZCAN;2;5.1.1955;1;1
AKDE;1;14.12.1991;0;1
NEZAMIN;1;23.4.1979;0;1
SULHEYLA;1;12.11.1975;0;1
ARIRE;4;9.6.1945;0;4
BAHABUR;2;10.7.1977;2;0
LUAY;4;30.10.1974;4;0
RAGIZER;1;2.9.1961;0;1
CENGIT;1;15.2.1970;1;0
ALPHUN;3;6.12.1977;3;0
ERGUVENC;4;26.4.1968;4;0
DORKAN;1;27.4.1939;1;0
FURDEVIZ;1;18.2.1960;0;1
DILDENUR;2;23.10.1971;0;2
MELIKETUL;1;1.9.1931;0;1
FATMADUDU;6;9.11.1950;0;6
BOHACHAN;2;1.11.1975;2;0
SULFIYYE;1;26.10.1951;0;1
NELLIDA;2;23.3.1970;0;2
EDWIN;2;3.6.1978;2;0
LUIZY;1;22.8.1973;0;1
MEISA;1;2.2.1975;0;1
MERALHAN;1;14.10.1979;0;1
ELBAG;3;2.9.1971;1;2
IMSA;1;25.6.1953;0;1
OSMANLI;5;29.10.1965;3;2
FATHOLLAH;1;17.8.1960;1;0
RAYIDAN;1;24.8.1977;1;0
ARKANT;1;19.5.1976;1;0
ZUBEYINNE;1;9.6.1970;0;1
NIVSIYE;2;7.3.1968;0;2
BERIYAN;2;4.6.1952;0;2
FRANCESCO;2;11.5.1958;2;0
SUKRUERSAN;1;10.6.1973;1;0
RAH;1;24.1.1964;0;1
DUAD;1;7.1.1952;0;1
ENGINSAH;1;6.7.1980;1;0
SEDAYIT;2;6.9.1969;2;0
SHAHNOZA;2;30.2.1982;0;2
BRIAN;1;29.2.1991;1;0
JASON;3;4.7.1982;3;0
YUCESDE;1;21.7.1954;0;1
KAMELYE;2;30.5.1978;0;2
PENBEZAR;9;14.5.1945;0;9
FUYUZAT;4;24.12.1975;0;4
LIPAR;5;16.2.1972;0;5
REVMAN;1;26.9.1923;0;1
GOKBIGE;1;11.2.1980;0;1
CENKCEM;1;4.5.1978;1;0
CEMYALCIN;1;2.9.1975;1;0
SUHAYI;1;15.1.1943;1;0
MAHIHAN;1;6.9.1972;0;1
HAKKANI;4;14.12.1964;4;0
MAKTUBA;1;17.10.1978;0;1
OZANSOY;3;14.11.1971;3;0
ABDULBAHADIR;2;12.7.1971;2;0
TALAHAT;2;10.8.1974;2;0
UKOSE;1;12.4.1957;1;0
SEVDACAN;1;11.10.1986;0;1
NAZEHA;2;30.9.1961;0;2
TUSUK;1;26.4.1959;0;1
MUHABEDDIN;1;17.4.1960;1;0
BAYZID;1;7.8.1952;1;0
MUHTEDIYE;3;5.4.1934;0;3
OGKU;1;23.6.1986;0;1
SIBELI;1;17.4.1972;0;1
ZINIH;1;1.1.1960;1;0
SUVEYHA;1;6.3.1954;0;1
SEVADI;1;22.7.1970;1;0
VAMI;1;10.3.1956;1;0
BAHAVETTIN;1;22.12.1976;1;0
CEZIBAN;1;13.4.1968;0;1
TABUHAN;1;20.10.1990;1;0
BERG;3;12.3.1986;3;0
ZEVK;1;13.7.1954;1;0
YAVUZGENC;1;16.6.1978;1;0
SAITNURSI;1;22.2.1967;1;0
NIHAVEND;2;2.1.1975;0;2
CHAGULASH;1;21.9.1969;0;1
SIRIWAN;1;27.5.1957;0;1
ZEDA;2;12.12.1965;1;1
GULRUS;1;26.11.1949;0;1
FECRIALEM;1;12.7.1952;1;0
KIRANI;2;23.4.1970;2;0
OZKAAN;1;27.7.1968;1;0
SERKNAZ;1;24.3.1961;0;1
RUHISEMA;1;11.2.1951;0;1
GULSEKIR;1;29.9.1967;0;1
ISNAFET;15;2.4.1947;0;15
REHZAN;4;28.8.1960;1;3
KETAY;1;7.8.1934;0;1
VELVET;1;22.5.1951;0;1
ANDIR;1;27.8.1980;0;1
SINEJAN;5;25.10.1984;0;5
NEYRIMAN;1;23.9.1963;0;1
RIYALE;5;11.1.1970;0;5
RULDAN;1;11.6.1934;0;1
TOYHAN;3;19.10.1978;3;0
OZENDIK;1;19.10.1983;1;0
GUYSER;2;13.4.1955;0;2
DENEP;1;12.8.1983;0;1
EBUCIHAD;3;30.2.1991;3;0
RASEME;4;20.3.1936;0;4
MUHSINEM;4;11.4.1977;0;4
SAVANE;1;1.6.1984;0;1
VERIDE;3;23.4.1944;0;3
VIXIE;1;20.1.1962;0;1
SUDUHET;1;21.7.1960;0;1
NIZAMETTTIN;2;23.9.1966;2;0
CIHANNAZ;5;1.10.1960;0;5
CAGLAYANGUL;1;13.3.1975;1;0
YUNSEREN;1;11.11.1962;0;1
MEYSUM;2;7.8.1940;0;2
AYDAMARI;1;12.2.1954;0;1
CEVAHITTIN;3;13.6.1959;3;0
HATCEMEN;1;12.12.1955;0;1
ILGANI;1;2.2.1951;1;0
OYAPERI;2;29.8.1974;0;2
GULSELVER;1;7.4.1976;0;1
EFRASUN;3;14.8.1950;3;0
TURDAGI;2;12.2.1935;2;0
FERILDANE;4;25.1.1960;0;4
TUTUL;1;18.12.1931;0;1
MAMURIYA;1;1.11.1968;0;1
KEZIPAN;1;10.6.1960;0;1
GONCAAY;1;2.2.1957;0;1
MEHENDIZ;3;16.9.1966;3;0
GULYAZDAN;2;17.2.1956;0;2
DEDIAGA;1;15.2.1950;1;0
MULTELZIM;1;6.3.1974;0;1
PENZE;1;8.2.1964;0;1
EYYUPSULTAN;2;20.1.1984;2;0
USMUNGUL;1;1.3.1971;0;1
RUBAPSAH;14;11.6.1963;0;14
MERKIZAT;1;2.4.1939;0;1
BAGGULU;1;1.6.1979;0;1
IRSEL;4;20.10.1955;1;3
AKMOOR;1;11.9.1977;0;1
GONULSEVDI;1;22.12.1961;0;1
MENEMISE;2;16.2.1953;0;2
OZKENAN;4;16.3.1970;4;0
BILGET;6;4.3.1963;3;3
ERDEMLI;2;22.3.1971;2;0
HASENAT;1;11.1.1991;0;1
VIDISOVA;1;11.5.1932;0;1
KURSUNIYE;1;26.4.1925;0;1
JENISGUL;1;15.6.1982;0;1
FEHRU;1;10.8.1962;1;0
SUIT;1;23.4.1962;1;0
GULMUSTAFA;10;23.11.1957;10;0
ALIRAHMAN;3;10.7.1962;3;0
VUSLATAN;1;15.11.1965;0;1
SARIGUZEL;1;7.5.1981;0;1
ILKMEL;1;25.8.1975;0;1
OZLET;10;7.7.1970;3;7
SULHINAZ;1;7.4.1952;0;1
SEHBAYIL;3;21.11.1955;3;0
GAYASEDDIN;1;21.4.1945;1;0
NABRIYE;2;17.3.1951;0;2
FARZIYYA;1;14.12.1969;0;1
YESILE;14;25.2.1956;0;14
MEFINE;1;4.3.1951;0;1
SEVINCGULER;1;28.2.1945;0;1
MEZAZ;1;7.5.1952;0;1
OZALTUN;4;6.6.1956;0;4
ESGUN;1;10.10.1960;1;0
BELMEHAN;1;6.2.1950;0;1
SEFAKAYA;1;17.1.1964;1;0
IGREM;1;23.12.1974;0;1
GOCHANBEY;1;27.2.1987;1;0
VAFIR;4;18.9.1959;3;1
SAHALEMDAR;1;27.3.1962;1;0
OZMERAM;1;1.12.1975;0;1
GONSEL;4;20.12.1969;2;2
ZULFIK;4;19.9.1941;2;2
TAJDAN;1;27.1.1956;1;0
VERNURSEN;1;26.10.1951;0;1
MUYESSIRE;1;17.8.1960;0;1
RUHFER;4;9.10.1946;1;3
IPEKHAN;1;18.4.1980;0;1
KAPGAN;1;7.9.1982;1;0
BEGTUN;1;1.11.1979;1;0
KURESI;1;12.2.1965;1;0
EROS;3;19.2.1979;3;0
BURKER;1;8.11.1986;1;0
BAYRAMMERT;1;22.4.1991;1;0
MEYLIYE;4;4.5.1965;0;4
SINNAR;12;15.9.1946;0;12
CIHANSUR;1;26.3.1990;1;0
HALISMUNUR;1;20.9.1971;1;0
TULNAZ;2;1.1.1951;0;2
AGSE;2;16.10.1947;0;2
SANOVAR;1;23.2.1960;1;0
GULUSU;3;27.3.1966;0;3
JEBAGI;3;14.11.1956;3;0
CAHANGUL;4;25.4.1966;0;4
ARYANTAJ;1;18.11.1991;1;0
HAKINAMA;1;2.2.1975;0;1
GULMUNAZ;5;17.6.1961;0;5
YURTBILIR;1;1.11.1971;1;0
SADEPINAR;1;19.9.1973;0;1
RANEIEH;1;27.8.1956;0;1
SEVISGUL;2;29.2.1959;0;2
SEREFULMULKI;1;13.8.1928;0;1
INCIVAN;1;18.3.1949;1;0
SATUGHAN;1;7.9.1940;1;0
CANGULU;3;11.10.1945;1;2
SUHUP;1;17.6.1966;1;0
MUKIBER;1;16.1.1942;0;1
CEVIL;1;12.12.1965;1;0
ELMI;1;13.7.1960;1;0
SUBURE;1;27.2.1950;0;1
ZEBAI;1;3.3.1973;0;1
MAHINEV;1;29.9.1991;0;1
BOZER;2;5.4.1963;1;1
LEISA;1;22.10.1963;0;1
DELALETTIN;3;14.6.1957;3;0
AKALI;2;10.2.1972;2;0
FARKHONDER;1;3.7.1965;0;1
KATDAFI;2;3.10.1977;2;0
MUHLISHAN;1;25.12.1984;1;0
TAGHAN;1;4.5.1984;1;0
AZEMETTIN;1;1.2.1954;1;0
OZBUR;1;23.3.1985;1;0
CENAPTAKI;1;21.4.1976;1;0
NESENGUL;5;6.12.1976;0;5
NES''E;6;2.11.1952;0;6
ECESU;6;9.3.1989;0;6
LESAR;4;18.9.1978;3;1
RUMEYSAL;1;2.3.1953;0;1
ELLATTIN;1;22.6.1967;1;0
MAHMUDENIS;1;16.5.1962;1;0
AFIBE;1;21.3.1960;0;1
ISMAILERDOGAN;1;15.1.1985;1;0
ZEKABET;2;6.2.1951;0;2
ARZAGUL;1;26.6.1970;0;1
SOMEN;2;17.1.1964;1;1
CEMAMIYE;1;1.6.1948;0;1
TEFABIL;1;22.2.1961;1;0
SUFAYDA;1;19.3.1963;0;1
AZANUR;1;23.7.1958;0;1
GULHAH;1;8.3.1976;0;1
GULZIBAN;1;2.10.1950;0;1
BILALIHEBES;1;3.9.1975;1;0
BAHAHIDDIN;1;3.9.1949;1;0
FIDELCAN;1;21.11.1985;1;0
FUMET;1;2.8.1988;0;1
TAHRIRIYE;1;22.11.1964;0;1
ERTUMEN;4;21.5.1966;4;0
SAIZADE;1;15.7.1987;0;1
EDADENIZ;1;13.12.1986;0;1
IYISAN;2;4.4.1967;1;1
CEVABE;1;22.1.1943;0;1
MEJNUR;3;27.1.1970;0;3
PIRPIR;4;18.5.1963;0;4
TOMURAZ;1;13.4.1959;0;1
MAKSETTIN;1;1.7.1955;1;0
CUMALEDDIN;1;12.11.1967;1;0
NAIDIYE;1;21.9.1965;0;1
MULKISE;2;3.6.1973;0;2
MELIGSE;1;25.1.1931;0;1
NUSREF;3;19.4.1961;3;0
ERBAHAN;3;20.5.1964;2;1
HAVIE;1;15.10.1973;0;1
AYSUT;7;9.12.1972;2;5
PIGAR;1;28.4.1991;1;0
SEMEYHA;3;7.9.1968;0;3
LALEYILDIZ;1;5.1.1973;0;1
SUNURI;2;21.1.1963;2;0
BOGACAN;1;22.7.1972;1;0
SUDIN;4;1.9.1963;4;0
DILEVUZ;1;1.6.1970;0;1
MELIKUNNISA;1;15.4.1927;0;1
CULETTA;1;20.5.1960;0;1
LOGAN;1;9.4.1989;1;0
YUBIL;1;21.6.1970;1;0
MORAD;2;23.6.1974;2;0
AISANA;1;4.1.1975;0;1
AYTUNE;2;10.9.1959;0;2
UNZILEOZLEM;1;18.6.1979;0;1
VEDIYI;1;24.9.1950;1;0
M.NEJAT;3;20.7.1947;3;0
SOLOJENI;1;2.6.1943;0;1
ZEYNEBUL;1;1.5.1956;0;1
NEJILA;2;18.11.1973;0;2
FIDALI;1;16.4.1941;0;1
TABA;1;1.7.1955;0;1
MELEKSON;2;3.5.1964;0;2
KAMILEBERRIN;1;11.7.1955;0;1
UGURATA;1;2.3.1989;1;0
GUNUMSER;1;15.2.1945;0;1
KADIRNAZ;1;18.4.1959;0;1
NARAM;1;16.10.1954;0;1
TANCAY;1;4.5.1966;1;0
SEHHAT;3;7.4.1957;0;3
ONGER;3;3.1.1956;2;1
KEBUTER;6;5.8.1948;0;6
MALISER;1;25.12.1946;0;1
ALISUKRAN;2;7.2.1965;2;0
BATIRHAN;1;7.1.1976;1;0
PERIHER;1;27.3.1968;0;1
PIKEHANIM;1;1.4.1976;0;1
REBE;1;24.6.1941;0;1
ZIKINE;1;8.8.1975;0;1
ERTURKHAN;1;8.12.1969;1;0
KINYE;1;20.1.1957;0;1
SONDES;1;8.6.1979;0;1
ILKTER;4;6.2.1961;2;2
NURAB;1;5.12.1991;0;1
EYUPCEM;1;21.8.1985;1;0
NEVICAN;1;7.6.1940;0;1
TURKIAN;4;20.6.1971;0;4
BILECIK;1;14.7.1937;0;1
SUNDUYE;2;28.8.1962;0;2
NESIRVAN;1;2.8.1933;0;1
ZULEYHAT;2;12.2.1947;0;2
INCIHANIM;2;25.5.1950;0;2
GUGOR;2;22.9.1974;1;1
KARKIN;2;2.4.1978;2;0
FAIZZE;2;12.4.1974;0;2
ZULFUCAT;1;2.12.1929;0;1
YASAVA;1;2.12.1960;1;0
CAYETTIN;1;15.5.1965;1;0
BAGDEDE;1;2.7.1968;0;1
ARDAVAZT;1;21.4.1948;1;0
APAC;1;12.5.1975;1;0
TULLAR;1;27.2.1968;0;1
YASARGONUL;1;19.9.1983;0;1
MUSTAFASALIH;1;17.8.1975;1;0
SERDARCAN;1;14.3.1973;1;0
DIMU;1;25.1.1965;1;0
GURCAK;1;14.3.1979;1;0
YASENE;2;11.11.1949;0;2
LESKER;4;29.1.1971;4;0
YASESIM;1;3.6.1974;0;1
TAHMER;2;28.4.1959;2;0
NEJLAT;7;10.2.1962;7;0
BORAL;3;23.10.1980;3;0
KASIMPASA;1;17.3.1966;1;0
NURCIHAL;1;15.8.1952;0;1
ALIKOCAK;1;3.8.1945;1;0
NAGULE;3;11.12.1968;0;3
FIFE;3;4.3.1949;0;3
ALIOZKAN;1;4.2.1981;1;0
HEYATIN;1;27.2.1968;1;0
CIDDA;1;12.7.1983;0;1
CEREZ;1;26.7.1962;0;1
SEDIRHAN;2;16.8.1981;2;0
BIHINAZ;1;12.1.1952;0;1
NULAYIM;1;11.10.1956;1;0
SILAM;4;27.1.1985;1;3
SAHMUSLUM;1;16.12.1953;1;0
UFEYZA;1;1.4.1961;0;1
RUFIA;1;23.4.1967;0;1
KUDDEM;1;1.3.1941;1;0
ELMASI;2;14.12.1950;0;2
FERASIN;1;17.2.1972;0;1
KUZEYHAN;2;15.4.1979;2;0
AZNIFE;2;25.5.1953;0;2
LOFER;4;20.6.1959;4;0
ERNAYIS;1;1.11.1955;0;1
ANAHANUM;1;15.9.1971;0;1
ILYE;1;7.2.1970;0;1
JAMILYA;2;12.3.1972;0;2
NURBEYZA;1;17.1.1990;0;1
LIDANI;1;1.5.1961;1;0
SAITAGA;1;2.3.1975;1;0
GIZEMHAN;1;4.11.1989;0;1
Z.ABIDIN;4;29.6.1958;4;0
HAMAYI;9;29.9.1959;0;9
ANELIYA;3;3.10.1968;0;3
ANNAKURDOVA;1;14.6.1971;0;1
KAHET;4;18.6.1955;0;4
CEBELTTARIK;1;23.2.1967;1;0
TURAYPOLAT;1;29.6.1966;1;0
CIHANGOZ;1;5.6.1961;0;1
MIMTAZE;7;24.10.1961;0;7
SERFEND;1;2.4.1982;1;0
SHIRVAN;1;26.5.1952;0;1
NURAYYAN;1;2.1.1969;0;1
OYDAS;3;16.2.1982;0;3
CIVEYLE;4;11.9.1955;0;4
FIGRI;1;1.4.1932;1;0
CANSELE;1;9.6.1940;0;1
MUFTELE;3;28.2.1953;0;3
PIRENS;4;9.5.1963;1;3
ZISANE;1;17.9.1924;0;1
NURLIDAG;1;6.8.1975;0;1
KEZNEFER;1;19.4.1966;1;0
BELCA;6;15.10.1967;0;6
GULDIBA;1;27.3.1950;0;1
SARAHAT;1;28.5.1980;0;1
MULUBE;2;4.10.964;0;2
VENNEHER;1;13.11.1959;0;1
TANDEMIR;2;20.2.1973;2;0
SELAV;1;5.2.1990;0;1
DEVIM;4;24.6.1982;4;0
NILGUNAS;1;9.7.1961;0;1
SEYITAP;1;2.2.1975;0;1
VELEYITTIN;2;22.3.1951;2;0
ULFANE;2;3.5.1956;0;2
DILEKSEN;1;11.8.1987;0;1
ERADNAN;1;15.10.1963;1;0
MEKFIRE;1;29.2.1930;0;1
GULEHMER;3;28.10.1966;0;3
SAYI;5;17.10.1950;2;3
KURTDISI;1;27.3.1962;1;0
IZGOR;1;17.2.1966;1;0
NURNISE;2;4.5.1958;0;2
NESEDDIN;2;21.6.1958;2;0
AHTAP;2;20.8.1941;0;2
MUHTAN;1;14.6.1977;0;1
SERSU;1;26.1.1987;0;1
KENBER;1;7.2.1970;1;0
VADEN;1;18.2.1948;0;1
RUHADDIN;2;21.5.979;2;0
TANDA;1;29.1.1972;0;1
MUHAMMETTURAN;1;27.4.1986;1;0
OSMANSAH;1;8.5.1934;1;0
ELLAZ;3;13.11.1964;3;0
MUZEYYAM;1;7.6.1982;0;1
GULSEMAH;3;5.11.1966;0;3
REZAHAT;1;4.12.1956;0;1
METIGUL;2;25.3.1964;0;2
HEVRE;1;2.2.1957;0;1
HAYG;5;24.4.1968;5;0
DILEYDA;1;28.3.1975;0;1
SOZA;1;18.3.1957;0;1
EHEMIYET;1;24.3.1961;0;1
MIBE;3;9.7.1966;0;3
MUIMINE;1;6.6.1961;0;1
DILMAIN;1;17.6.1972;0;1
VATANNUR;2;1.11.1972;1;1
TEHMIN;2;27.5.1989;1;1
ILKLIN;1;16.10.1980;0;1
HERSIM;1;12.8.1971;0;1
HIZBEDDIN;4;7.1.1982;4;0
BORSOR;1;27.8.1926;0;1
SEKNUN;1;18.4.1984;0;1
MEHDENI;3;16.4.1978;3;0
MUNERIYE;1;3.1.1944;0;1
MUMIHAN;1;14.3.1963;0;1
LEMGIYYE;1;23.8.1963;0;1
DEMILYA;1;8.7.1974;0;1
VECNUR;6;27.2.1963;0;6
BINEDYA;1;2.11.1975;0;1
MAYFEKA;1;17.4.1948;0;1
SEBGUN;1;29.2.1979;0;1
FIRAYAZ;1;7.2.1958;0;1
A.RAZZAK;3;6.12.1939;3;0
TEBLIYE;1;26.2.1963;0;1
HASCIVAN;1;12.8.1923;0;1
NILDEGUL;2;26.2.1952;0;2
GUNAZIYE;1;22.2.1943;0;1
GURANE;1;16.7.1975;1;0
AYETI;2;9.7.1961;2;0
MINAVAR;4;18.6.1959;0;4
NEZAHTIN;1;18.7.1962;1;0
MENEVSEGUL;1;27.9.1964;0;1
AHDIA;1;7.8.1964;0;1
SEVKETIYE;1;1.1.1;0;1
DILSEFA;3;22.10.1967;0;3
SAHETTIN;7;22.2.1961;7;0
SAYIZEM;2;17.10.1937;0;2
NIDAHI;4;8.12.1962;4;0
URMUSE;1;19.3.1946;0;1
NERHILAL;1;23.10.1974;0;1
AYGAR;1;11.2.1974;1;0
ZEYRAH;1;10.9.1945;0;1
HACIT;2;15.3.1956;2;0
MILKIZAR;2;10.8.1967;0;2
ALIFETKAH;1;22.8.1943;0;1
NEDJMIE;1;29.10.1938;0;1
ALANGUHAN;1;9.8.1959;1;0
INSIRAG;1;8.3.1979;0;1
NEHRINAZ;1;7.10.1982;0;1
NUHPE;2;22.10.1968;0;2
GULIMILA;1;2.6.1976;0;1
AGHIAD;1;25.7.1980;1;0
BOSNAZ;1;18.5.1966;0;1
CENGIC;1;11.9.1975;1;0
LEBYAN;1;17.2.1978;0;1
ANDINE;2;18.8.1963;0;2
ARDIYE;2;13.4.1965;0;2
NAVET;2;8.11.1960;1;1
UMMIE;1;15.7.1935;0;1
ELAHATDIN;2;2.12.1962;2;0
SEFET;3;15.2.1957;2;1
SUREYEH;1;20.12.1963;0;1
ENKAR;2;11.5.1951;2;0
TULSEL;1;21.11.1956;0;1
MESKENE;1;1.3.1956;0;1
MAMAME;1;2.11.1978;0;1
MEDAHKAN;1;21.11.1954;1;0
ZINEDDIN;1;12.8.1935;0;1
MUNNASIYE;2;15.5.1954;0;2
TILEV;1;24.2.1976;1;0
BARATI;1;27.4.1962;1;0
MAILIKE;1;18.2.1978;0;1
PIRASMA;1;2.2.1975;0;1
AKSAT;1;1.7.1974;1;0
NIRMIN;2;28.10.1978;0;2
ACIGUL;3;28.1.1961;0;3
MUKIYIT;1;20.1.1977;1;0
ROSSITZA;2;29.2.1967;0;2
TACIHANT;1;24.4.1975;0;1
MUNUGRET;1;14.3.1978;1;0
EMELLAH;1;4.6.1956;0;1
VILDANIE;1;24.1.1979;0;1
SANIBER;5;2.8.1960;0;5
PEGEL;1;24.6.1935;0;1
MURCEL;3;5.2.1960;0;3
SITARET;7;22.1.1973;0;7
MUFETTIN;3;11.4.1950;3;0
VEFAYDIN;1;25.5.1967;1;0
TEMURCAN;2;1.9.1960;2;0
LETIMAN;2;28.6.1944;0;2
UMUTKAN;1;2.8.1974;1;0
RESICAN;1;14.3.1974;1;0
NAZELE;2;19.6.1967;0;2
MURTULLAH;1;26.10.1952;1;0
FINCAY;1;26.6.1982;0;1
FERMODA;1;24.3.1973;0;1
MAPILA;1;16.2.1967;0;1
SULEYMANZEKI;1;14.11.1971;1;0
AKUS;3;10.5.1957;1;2
KEMENDAR;1;2.2.1939;0;1
FUKTURE;1;2.2.1957;0;1
KOREM;2;12.9.1965;1;1
CUBIYE;1;2.3.1945;0;1
ZULTAN;1;8.10.1976;0;1
HAVZETE;2;19.3.1965;0;2
HERDEMCUVAN;1;2.5.1973;0;1
MELEKNISE;2;22.5.1967;0;2
MISLIMAT;4;4.6.1960;0;4
BARAAT;7;11.1.1974;4;3
ADIRE;4;23.4.1974;0;4
ERSAP;1;13.4.1990;1;0
SIYABDIN;1;2.2.1969;1;0
SIHANI;1;23.6.1979;1;0
SARGOL;1;11.10.1968;0;1
SERGILI;1;27.2.1944;0;1
MILTEN;1;23.2.1979;0;1
LEYSUN;1;30.8.1979;0;1
EKLIMYA;6;1.2.1975;0;6
BEDANUR;1;11.9.1982;0;1
IKLILM;1;22.3.1966;0;1
MERMUDIYE;1;17.6.1961;0;1
CANTIN;2;25.9.1967;1;1
RALUCA;1;18.6.1978;0;1
OLIKAY;1;24.11.1977;0;1
LUTFIDIN;1;19.1.1960;1;0
MISVER;3;25.7.1975;1;2
IDILKUT;1;24.5.1977;0;1
MEHTINUR;6;13.5.1936;0;6
SUHNAZ;1;1.3.1937;0;1
SERENHAT;1;8.9.1974;0;1
YEKDE;6;1.10.1959;0;6
GUZBAHAR;2;9.2.1965;0;2
ELIZEN;1;30.5.1982;0;1
SAKRAN;1;5.12.1951;0;1
YURTBEY;1;28.10.1968;1;0
NAOMI;2;10.4.1960;0;2
SERMIDEN;1;24.9.1958;0;1
ZAGIG;1;27.4.1955;1;0
TEKSIFE;1;21.4.1960;0;1
ROZER;2;4.1.1972;1;1
SAHNIZAR;5;13.8.1953;0;5
SANIYEBERNA;1;28.10.1974;0;1
HUMRAL;1;13.5.1959;1;0
INNAH;1;1.4.1967;0;1
MUDAHHARA;1;10.5.1968;0;1
MUBEYDIN;1;18.11.1968;1;0
FATMANURAY;1;10.7.1947;0;1
SAFTICA;1;25.6.1979;0;1
NOYEMZAR;2;28.5.1937;0;2
GECGUL;1;13.9.1983;0;1
RAMPES;2;2.3.1970;0;2
ERBINAL;1;2.2.1969;1;0
BAGISHAN;2;18.8.1976;2;0
LACME;1;30.1.1971;0;1
SEVIMECE;1;18.5.1976;0;1
NASIRET;1;22.5.1961;0;1
NILSAD;4;13.1.1977;0;4
HUME;3;1.12.1946;0;3
KHULOOD;2;18.9.1974;0;2
AKTEKIN;7;26.5.1958;7;0
MARZIYEH;1;27.4.1968;0;1
EMINENEVIN;1;25.3.1957;0;1
ZHARIYAT;1;20.6.1970;0;1
HUMEN;8;15.10.1961;1;7
OFELIIA;1;17.8.1973;0;1
NACDA;1;9.8.1967;0;1
HAGIGE;1;7.7.1973;0;1
VERONIQUE;2;29.6.1974;0;2
ZIMAFER;4;17.8.1948;0;4
GULGON;1;27.9.1953;0;1
BIRENT;3;26.12.1976;3;0
LADISE;1;18.5.1970;0;1
NICOLETTE;1;11.9.1969;0;1
MUNEVVES;2;7.7.1973;0;2
MAXSIN;1;3.10.1976;0;1
ILASLAN;1;27.12.1986;1;0
NURGUZE;1;16.6.1944;0;1
ARSAY;1;2.12.1973;0;1
NADJA;3;17.8.1972;0;3
OGUZHANKAGAN;1;27.2.1992;1;0
JIAN;1;10.12.1963;0;1
LUTFULATIF;1;24.6.1971;1;0
FERIZEL;1;1.6.1941;0;1
ISMETGUL;1;1.9.1961;0;1
DAGSIN;1;6.11.1973;0;1
TEMZILIA;1;15.9.1981;0;1
DIRANSAN;1;3.7.1985;0;1
CEMAPER;1;20.12.1978;0;1
YESAFETTIN;3;19.12.1956;3;0
GIULBIYE;1;26.2.1969;0;1
EUGUENIA;1;8.10.1974;0;1
MECAN;5;7.7.1960;2;3
FIHAL;1;30.5.1975;0;1
ALIEHSAN;1;4.3.1973;1;0
GAZIEMIR;1;19.7.1958;1;0
MINNISAR;3;3.3.1961;0;3
HIKE;1;6.7.1949;0;1
SIYMAN;2;26.6.1960;0;2
GHAZAL;1;27.6.1979;0;1
SEBAHIDE;1;16.7.1944;0;1
RUMEHISA;1;4.1.1966;0;1
ARVELOS;2;2.5.1952;0;2
GZIM;1;29.8.1975;1;0
RAM;3;8.3.1958;3;0
AKARI;1;29.6.1962;1;0
VERCINE;2;2.9.1931;0;2
GILIZ;1;26.9.1982;0;1
GUHEL;3;6.1.1963;0;3
HAVARCAN;1;13.5.1991;1;0
YELVANT;1;25.2.1963;1;0
YARVAT;1;8.9.1965;1;0
CILVER;1;14.3.1974;1;0
ALIYILMAZ;6;18.6.1960;6;0
HAYKARAM;3;11.3.1953;3;0
SUZANGUL;2;12.5.1965;0;2
REZIYET;1;1.10.1973;0;1
BILGEL;5;9.5.1966;0;5
RUZIBE;8;28.7.1959;0;8
ZEYNIYEN;1;7.8.1958;0;1
SIRRICAN;3;23.12.1988;3;0
MEHVIDE;1;22.1.1958;0;1
HAFEDDIN;1;12.8.1959;1;0
NIZAFETE;1;22.3.1955;0;1
NIVERYIK;1;27.8.1932;0;1
RICE;1;6.10.1966;0;1
BAHYATTIN;1;29.10.1975;1;0
HESBENDER;1;17.8.1930;1;0
AVAKYAN;1;16.5.1952;1;0
NEFSIL;1;27.8.1956;1;0
DILAVERE;1;22.8.1955;0;1
VAXHIDE;1;8.8.1972;0;1
MELAZIM;2;12.10.1964;1;1
LULZIM;2;26.6.1967;2;0
FARIJE;1;28.5.1966;0;1
EMIRZAT;3;26.6.1947;0;3
BELER;2;27.9.1974;0;2
ISAMEDIN;4;22.11.1966;4;0
KADIRIS;2;22.10.1950;1;1
ESPIYE;1;11.12.1979;0;1
ZERRATTIN;1;22.8.1955;1;0
ZUKUFLU;1;29.3.1968;1;0
HACIOGLU;2;17.8.1974;2;0
SEBAHHATTIN;4;30.6.1969;4;0
NURKIN;1;15.4.1965;0;1
OZERAY;8;20.6.1968;7;1
MAHMUTALAY;1;12.12.1975;1;0
HATICEBANU;1;4.1.1985;0;1
SELAYNUR;2;20.12.1979;0;2
REFIN;1;30.8.1968;1;0
SINNOR;2;8.3.1961;0;2
MURCE;1;1.12.1981;0;1
MEKABIL;5;27.3.1952;5;0
MAKLIN;1;28.10.1972;0;1
MELEGBER;4;26.12.1971;0;4
GUNECE;1;25.2.1966;0;1
KEVORT;1;17.1.1954;1;0
SAZIAN;1;12.10.1965;0;1
AJKA;1;26.7.1972;0;1
GIRGOZ;1;14.6.1965;1;0
VARJON;1;5.9.1972;1;0
ZAIMKA;1;29.3.1936;0;1
BELEK;4;25.11.1963;0;4
MUHAD;1;29.7.1991;1;0
BOLUK;17;20.10.1961;17;0
ASLIAN;1;22.1.1986;0;1
SONSU;1;5.10.1987;0;1
HECABE;4;13.4.1954;0;4
KURSUYE;2;18.10.1950;0;2
LYOUDMILLA;1;22.12.1969;0;1
GELENGUN;2;23.1.1961;1;1
MIZRALI;1;29.5.1943;1;0
DEMIRKIRAN;3;12.4.1952;3;0
MUSMIRE;1;3.3.1959;0;1
PEKZADE;1;6.6.1953;0;1
ULKUVER;1;1.2.1950;1;0
GULSUNGUL;1;27.7.1975;0;1
TUNASAN;1;16.12.1956;1;0
MULTAZIM;3;11.9.1968;1;2
TEVIFIK;1;1.8.1966;1;0
DURUSEYDA;1;17.4.1966;0;1
MUHMAMET;3;12.3.1982;3;0
GULEVREN;1;12.12.1974;0;1
MERYEMILKAY;1;28.5.1988;0;1
SEVMEN;5;19.4.1958;3;2
NAZIHAR;1;7.11.1964;0;1
IDAAMIN;1;21.8.1975;1;0
SIROL;1;5.4.1952;1;0
BERTAH;1;2.9.1985;0;1
NELIHAL;1;7.8.1934;0;1
APDULNADIR;1;13.8.1953;1;0
DINDEY;9;17.3.1950;0;9
GENIL;1;17.4.1980;0;1
MULUHSA;1;9.4.1964;0;1
GOKBIZ;1;27.5.1968;1;0
MABIHA;1;12.8.1935;0;1
VARSIL;1;5.9.1981;1;0
ERPEKIN;1;19.6.1940;1;0
TAMKAN;2;18.8.1977;2;0
RISARET;1;4.2.1977;1;0
COKYASA;1;14.5.1943;0;1
NECIVA;1;19.1.1962;0;1
PILANUR;1;8.9.1942;0;1
ELEFTERYA;1;7.8.1922;0;1
GANDAN;1;11.4.1972;0;1
BAHAMET;1;27.4.1932;0;1
ERTUMER;1;12.3.1965;1;0
SILANAZ;2;12.5.1986;0;2
MIKTADE;2;13.10.1938;0;2
HIVANO;1;15.3.1982;0;1
RIFATKA;1;27.8.1950;0;1
NALAAN;1;4.3.1962;0;1
KAYTOK;1;11.4.1951;1;0
SOLTAN;4;27.8.1952;1;3
YUTKUN;3;5.5.1981;3;0
MATURA;1;22.2.1961;0;1
BASARCAN;1;22.8.1991;1;0
ROHILAT;3;5.3.1976;1;2
MEFHUZE;2;27.9.1938;0;2
SENBETUL;1;22.2.1955;1;0
SEYFELMULUK;2;22.9.1947;2;0
SALTANATLI;1;24.6.1958;0;1
ISKALEN;5;22.8.1950;0;5
ABDURRAFI;1;20.11.1988;1;0
YARDAS;2;30.3.1978;2;0
ZELMU;1;9.11.1946;0;1
ILBARA;1;25.2.1981;0;1
ARYADINI;1;23.5.1912;0;1
SENHER;2;13.3.1972;1;1
TUMKUT;3;26.4.1984;3;0
TEBA;2;8.7.1988;0;2
HANDERIZ;1;7.7.1959;0;1
MES''UD;1;12.1.1980;1;0
ZAFETTIN;1;12.9.1941;1;0
ERDER;1;16.2.1943;1;0
GUNCIN;1;9.3.1946;1;0
ALPPINAR;1;2.3.1974;1;0
HANBEGE;1;8.2.1938;0;1
NAKKI;4;18.5.1963;4;0
AHMETKAZIM;1;22.4.1981;1;0
ALMEIDA;1;17.1.1972;0;1
OKTA;2;10.8.1952;1;1
CHANIFE;1;2.8.1969;0;1
ELIKA;2;6.2.1982;0;2
MENDIFER;1;27.2.1980;0;1
NEZUHAT;1;23.9.1961;0;1
HAMILYA;5;3.11.1961;0;5
YASARENIS;1;14.9.1980;1;0
YADOLLAH;1;7.12.1948;1;0
HUNTAY;1;26.2.1971;1;0
SEZGINE;1;12.2.1965;0;1
YEVNIGE;1;21.6.1930;0;1
HUSTIYANA;1;19.2.1960;0;1
SEVLETA;1;5.11.1937;0;1
MELEKSAZ;1;7.10.1940;0;1
UZTEN;1;11.7.1949;0;1
DURDOGAN;1;24.7.1951;0;1
SUKEYINE;1;12.2.1965;0;1
UYKA;4;18.8.1946;0;4
NEHAVENT;1;26.4.1991;0;1
BERTE;1;8.2.1984;0;1
SADRITTIN;3;27.12.1943;3;0
CARIY;1;25.4.1965;0;1
GUZEREN;1;5.12.1938;0;1
EBRISUM;1;29.5.1948;0;1
ALPEJDERHAN;1;2.9.1974;1;0
CUYAN;1;26.8.1964;0;1
ATAKANI;1;6.5.1983;1;0
NIKITA;2;23.3.1942;2;0
NILSEMA;2;21.2.1960;0;2
KIZZI;1;4.3.1934;0;1
MUSTERKAN;1;8.4.1982;0;1
ESRAL;3;26.3.1956;3;0
ITIRCAN;1;26.8.1957;0;1
AZILEM;1;21.8.1982;0;1
GULNEVRA;1;26.7.1987;0;1
SEMAFER;2;20.10.1974;0;2
ORALSEYFI;1;19.11.1962;1;0
GULSIDIKA;1;8.12.1987;0;1
DOGANCA;1;13.2.1992;1;0
MAJA;2;28.7.1968;0;2
TOBIAS;1;19.9.1972;1;0
MAELLE;1;16.4.1975;0;1
GULLUBEY;1;16.11.1964;1;0
AGAVNIMARI;1;7.3.1961;0;1
HOMAYDOHT;1;27.7.1987;0;1
NASSIBA;2;15.8.1962;0;2
BUGDAY;2;22.11.1978;0;2
NITSAN;1;15.1.1974;1;0
KURTER;8;30.9.1970;8;0
CINSER;5;25.8.1960;1;4
VAZZAH;1;5.10.1976;1;0
LEMAFER;1;2.4.1962;0;1
YASSA;1;22.7.1979;0;1
ARAVALOS;1;12.8.1923;0;1
INRA;1;17.12.1943;0;1
SAYIBAT;1;2.2.1933;0;1
SEYDABAHAR;1;16.3.1963;0;1
MAHCURIYE;4;1.9.1947;0;4
GULADALI;1;27.8.1926;0;1
BEVHER;1;29.1.1986;0;1
CANDURSUN;2;1.3.1976;2;0
ABDURRAHMANAZIZ;1;13.1.1952;1;0
JUBIN;1;8.9.1981;1;0
ELENICE;2;1.8.1942;0;2
TATEYOS;1;28.4.1932;1;0
REJAI;2;15.1.1963;2;0
NILVANO;1;20.3.1971;0;1
MEVHAN;2;15.7.1962;0;2
ZULGADIYE;3;23.9.1983;0;3
GOLDINA;2;2.6.1948;0;2
JAILE;1;11.4.1952;0;1
TUNAFERAH;1;22.7.1961;0;1
NEGAN;3;5.1.1965;0;3
FEHNEZER;1;6.11.1950;0;1
SERAZ;3;16.3.1964;0;3
MURIDIN;1;26.1.1963;0;1
SADEBER;1;8.10.1956;0;1
FARINNISA;1;7.5.1946;0;1
TINEMIS;1;24.10.1978;0;1
UYCAN;4;23.5.1967;1;3
SERARSLAN;1;19.7.1939;1;0
ALMILLA;2;8.5.1981;0;2
MATEZ;1;1.7.1953;0;1
ODETTE;2;8.4.1955;0;2
IFRAT;1;13.6.1934;0;1
SERHATTIN;5;18.3.1971;5;0
KOSTANTINA;2;3.1.1965;0;2
GOKBIKEN;1;18.2.1938;0;1
DUSUNCAN;1;12.2.1990;1;0
NECMIYETAS;1;13.6.1935;0;1
CANFERI;9;7.5.1964;1;8
SERZUMAN;1;21.10.1968;0;1
ERISHAN;1;28.11.1990;1;0
YERDAG;2;10.5.1970;0;2
SEMAVIYE;2;18.12.1964;0;2
M.KAZIM;6;9.11.1945;6;0
NUNIS;1;4.4.1955;0;1
NEJLAHAN;7;28.11.1968;0;7
MURTAT;1;23.2.1973;1;0
UMITTAN;1;6.1.1970;1;0
MEVZULE;1;25.10.1966;0;1
ELISADET;1;19.7.1973;0;1
KARAKUS;5;17.1.1969;2;3
CANFERIYE;10;3.12.1956;0;10
LEBIDERYA;1;22.7.1963;1;0
FIRDINAS;15;25.12.1943;0;15
USTE;1;11.4.1957;1;0
YURDANIR;2;11.10.1971;0;2
SHANO;1;4.9.1964;0;1
REFAYE;1;23.2.1929;0;1
BARIZE;1;17.2.1936;0;1
SEHIRZADE;3;17.8.1963;0;3
CILGAY;1;23.10.1988;1;0
NIYASET;11;7.12.1952;2;9
BEZME;1;17.6.1983;0;1
PEMIYE;4;10.10.1956;0;4
HAKIKAN;1;22.2.1979;0;1
ULEYA;2;19.5.1947;0;2
DURHAL;1;17.5.1960;1;0
MUCESSEME;1;26.10.1929;0;1
RIKZULLAH;1;17.2.1948;1;0
PEVRUN;1;25.11.1952;0;1
MERCUL;1;28.5.1977;0;1
GEZMUNUR;1;16.2.1961;0;1
BEHIMAN;3;12.6.1954;0;3
NESUL;3;2.7.1974;2;1
FERAHNAZHAN;1;20.10.1966;0;1
RUUFI;1;26.3.1942;1;0
PUYAN;1;22.8.1947;0;1
NEMVARE;1;9.2.1976;0;1
GULFIKAN;2;17.11.1957;0;2
NATDE;1;22.2.1955;0;1
MUMRAN;1;2.9.1975;0;1
ILVANE;6;7.9.1969;0;6
YERMIZ;1;2.10.1983;1;0
GOLDJAN;1;7.8.1940;0;1
MURURIYE;1;17.8.1936;0;1
ALTUNDAG;2;27.7.1943;0;2
SUTTEM;1;12.1.1977;0;1
MEHLIGAR;3;1.11.1957;0;3
ORTAGUL;1;26.5.1978;0;1
ZINAYET;2;1.10.1963;0;2
FEMUDUYE;1;28.10.1976;0;1
ENSUR;1;18.4.1979;1;0
SIVITLANA;1;19.6.1975;0;1
IBNIMESUT;2;4.2.1974;2;0
IRFAAN;1;22.2.1949;0;1
PIERRETE;1;9.12.1936;0;1
TERMIS;1;23.10.1973;0;1
ADALAR;2;13.6.1943;1;1
SEHERHANIM;1;3.6.1967;0;1
NEVZEN;1;16.6.1967;0;1
GULUSTANIYE;2;27.4.1950;0;2
FENIZ;1;7.9.1964;0;1
SATISEMA;1;2.4.1951;0;1
BERNIL;1;4.9.1970;0;1
DOGCAN;3;15.12.1990;2;1
MERTNUR;2;11.3.1988;2;0
EKZEL;1;1.9.1990;0;1
ALEMDA;1;29.9.1967;1;0
NEJIL;2;4.5.1965;2;0
OZAKARTURK;1;21.2.1982;0;1
SATIKADIN;10;28.4.1958;0;10
GUNEC;11;22.11.1952;4;7
ERTENU;1;21.12.1968;0;1
NURTEKER;1;7.8.1932;0;1
KOMEA;1;25.7.1963;0;1
SEPEN;1;15.3.1961;0;1
MUAYYER;2;2.1.1951;0;2
HADIEKBER;1;25.12.1947;1;0
NEMLIKA;1;25.6.1961;0;1
ILKMAN;2;14.9.1954;0;2
MEILE;1;26.11.1973;0;1
VIBRET;1;12.6.1939;0;1
BELDIYE;2;27.4.1963;0;2
TACIBAT;1;14.12.1931;1;0
BALISE;4;11.10.1968;0;4
SADVET;1;22.2.1943;1;0
ABDULSERDEST;1;15.8.1978;1;0
ALIMUSA;11;20.5.1963;11;0
CESMINAN;1;24.2.1972;0;1
ISAFE;2;20.10.1965;0;2
MELAHE;8;14.2.1942;0;8
CANFEZA;3;5.7.1960;1;2
SAHMAHMUT;2;9.6.1963;2;0
EBIDIYE;2;19.3.1965;0;2
ZIRRAN;1;21.1.1979;0;1
BURYA;3;22.8.1965;0;3
TUYGUR;3;6.3.1961;1;2
TUMRUZ;2;22.6.1940;0;2
RADMILA;1;14.3.1954;0;1
ADEBOYE;1;26.1.1976;1;0
IDILAY;2;28.12.1978;0;2
GULANNE;1;25.8.1978;0;1
OMRA;3;3.7.1964;0;3
MUSLUMEN;3;18.4.1971;0;3
TAHSINHAN;1;3.7.1988;1;0
ENNEZ;2;23.9.1978;2;0
SELAHATTIH;5;11.10.1972;5;0
TINBILI;1;3.6.1944;0;1
AISULU;2;28.5.1969;0;2
CERAY;2;10.12.1987;0;2
HURSITHAN;1;22.2.1987;1;0
VECEHET;3;3.2.1939;0;3
SEYGUHAN;1;21.3.1989;0;1
SOSUK;2;26.4.1954;0;2
NAZLO;2;1.9.1956;0;2
LALIMI;1;8.5.1961;0;1
COSKIN;1;3.12.1969;1;0
AKSEHER;6;6.6.1962;0;6
AGNEZIA;1;25.9.1973;0;1
EYFAL;2;2.1.1975;2;0
ZULUYFE;1;12.2.1971;0;1
MENIZEF;1;11.2.1960;0;1
ZAKIME;2;2.1.1968;0;2
SEFULYA;1;6.1.1976;0;1
TATLU;1;27.6.1962;0;1
SERECDIN;1;22.3.1961;1;0
NUVREN;2;6.5.1978;0;2
TORTEY;1;13.3.1952;0;1
GUKU;1;21.1.1938;0;1
NIVI;1;23.12.1971;0;1
SADULEMIN;1;10.12.1988;1;0
AGAMEMET;1;16.11.1964;1;0
MUHAMMETHAMIDULLAH;1;27.11.1961;1;0
ZEMISE;1;7.2.1958;0;1
TASKUN;2;9.3.1973;2;0
VUROL;1;9.3.1977;1;0
ZILKE;1;12.8.1959;0;1
HEYIRE;1;16.4.1959;0;1
RUHUBE;1;12.10.1929;0;1
SENDENIZ;5;19.7.1967;1;4
ATINNAZ;1;27.2.1992;0;1
SURGULU;6;28.6.1962;0;6
RATIB;2;5.4.1971;2;0
MUNABER;1;16.8.1955;0;1
AYDINLIK;2;20.5.1967;0;2
BEMUNE;1;22.8.1949;0;1
SUENDER;5;26.2.1957;0;5
TULAYNUR;1;26.11.1985;0;1
IBDIHAC;1;1.8.1928;0;1
METENUR;6;4.7.1968;6;0
LOSTAR;1;2.6.1969;1;0
RAHMANIMURAT;1;19.8.1980;1;0
AREFA;1;12.2.1953;0;1
ZUFFIYE;1;26.11.1970;0;1
KAFIRA;1;11.8.1944;0;1
TEMRAN;4;22.6.1972;0;4
AYETGUL;1;21.4.1983;0;1
VEJIDE;3;3.2.1976;0;3
ADIK;6;29.7.1954;1;5
GULBEYIME;1;5.10.1960;0;1
MEVSIRIYE;2;18.2.1971;0;2
GULVENT;1;23.11.1983;0;1
HANIY;3;8.4.1934;0;3
GUYHAN;1;14.8.1973;0;1
CURAH;1;26.3.1961;1;0
HELEME;1;15.5.1977;0;1
UMMUKELSIM;1;24.4.1983;0;1
ABDULKAMER;1;8.8.1977;1;0
ZULGAYIP;1;26.3.1960;1;0
SAHVENDER;2;28.12.1939;2;0
BEGIYA;3;17.11.1946;0;3
FATIMANUR;7;28.7.1986;0;7
AZMAT;1;26.2.1966;1;0
TACLIN;1;5.3.1977;0;1
MUTEYIL;1;16.10.1965;1;0
LEVATI;1;23.1.1964;1;0
AYZIHNI;1;22.8.1949;1;0
MUFLIH;7;26.2.1958;7;0
EMELE;1;18.9.1953;0;1
CACO;1;12.8.1935;1;0
ZATENNUR;2;24.5.1966;0;2
NEPRUZE;1;17.9.1949;0;1
MESIGUL;1;13.11.1927;0;1
SULUSE;1;22.8.1943;0;1
ALTINZADE;1;21.6.1965;0;1
NURFATIYE;4;25.2.1969;0;4
SEVNIGAR;1;8.3.1945;0;1
FIGUN;7;21.1.1982;0;7
SAISMAIL;2;7.4.1960;2;0
FATHA;1;23.7.1967;0;1
MUNASIM;6;6.11.1963;1;5
TAYFAN;3;20.2.1964;3;0
SUBNET;1;12.2.1959;1;0
SECIMALI;1;16.2.1967;1;0
OZAYE;1;28.3.1976;1;0
KETEYON;2;19.5.1973;0;2
SELPUR;1;28.5.1966;0;1
ARIFETTIN;2;23.6.1955;2;0
GULENBAR;1;6.4.1955;0;1
TURANER;1;1.2.1961;1;0
KURANGUL;1;1.4.1980;0;1
ECIBET;1;1.12.1972;1;0
TORUNISMAIL;1;16.9.1963;1;0
VILDANA;1;8.8.1979;0;1
INCAS;9;9.10.1962;1;8
HILMIKAR;1;15.4.1946;0;1
MALIYA;2;13.5.1967;0;2
HEJCAN;1;20.12.1972;1;0
HETAMET;1;3.1.1950;0;1
NAKVAYA;1;1.1.1;0;1
MAGDALENE;1;29.3.1950;0;1
BEYDUHAN;1;18.10.1986;1;0
BARITOROS;1;18.12.1946;1;0
ESTERIYA;2;28.4.1934;0;2
AFSSANE;1;14.10.1964;0;1
SULTUK;1;28.9.1962;0;1
RUDEL;1;8.4.1964;0;1
HATICETILKUBRA;1;5.7.1947;0;1
BANGUL;2;24.3.1963;0;2
GULSUNGUR;1;22.6.1936;1;0
EVEAY;2;2.8.1961;0;2
FENUSE;6;8.10.1956;0;6
PRESSIYANA;1;15.8.1977;0;1
RICAYIL;4;14.5.1959;4;0
WAYNE;1;19.9.1954;1;0
MELAHATE;1;9.7.1958;0;1
KERUHAN;2;27.12.1934;0;2
JUANNA;1;2.8.1987;0;1
NEZAYIR;4;23.9.1954;2;2
SUZDEN;5;20.12.1953;0;5
HURTAN;5;21.3.1974;5;0
NEMRIZAN;1;3.4.1957;0;1
NILKUT;1;21.7.1972;0;1
KAMKAR;1;1.7.1936;0;1
BAHIDER;1;18.5.1956;0;1
MUSFUKA;3;5.4.1951;0;3
AYSEGULBIN;1;11.2.1988;0;1
TEZENNUR;1;2.11.1975;0;1
NACIL;2;14.7.1973;2;0
MUTAHYER;1;21.4.1971;1;0
MINECAN;3;18.3.1979;0;3
DEMIRCEKON;1;26.8.1947;1;0
TAFIRE;3;30.3.1960;0;3
MEFRIYE;2;19.9.1971;0;2
ARSENIK;3;7.6.1941;0;3
TULAYSEHNAZ;1;30.2.1975;0;1
BAHTET;1;16.5.1934;1;0
SINHORIK;1;5.4.1927;0;1
OZERDEM;4;24.1.1978;4;0
ZIYFET;1;22.8.1925;0;1
GUNTAN;13;19.7.1966;8;5
ABANT;1;21.4.1983;1;0
BEZHAN;1;2.12.1939;0;1
SEMSINUSA;1;19.3.1926;0;1
SERPAZIYE;1;17.12.1966;0;1
ETILAY;2;2.7.1976;0;2
CUBRA;2;8.9.1982;0;2
BEDIYAT;1;5.3.1959;0;1
HALFE;16;1.5.1955;13;3
GULZARIS;1;22.4.1942;0;1
SONLALE;1;16.2.1964;0;1
ERYUKSEL;3;15.8.1937;3;0
OZGORUS;1;21.12.1982;1;0
KIVAYET;1;8.4.1978;0;1
FEKRULLAH;20;6.10.1973;20;0
FACIT;1;2.11.1977;1;0
BICAHAT;1;17.11.1936;0;1
AZIZYASAR;1;9.2.1974;1;0
FIRTOS;1;27.8.1932;0;1
SEYDIRIZA;1;11.6.1963;1;0
MUSEVVIYE;2;9.4.1938;0;2
FEHMIYI;1;12.4.1965;0;1
CEZZAR;3;14.4.1973;3;0
BIJENT;1;25.9.1949;0;1
SENISON;1;7.9.1988;0;1
AZHAN;1;12.7.1977;1;0
KANDAL;2;21.4.1967;1;1
CEFADE;2;5.11.1954;0;2
MEMDUHAT;1;4.2.1934;1;0
SONNET;1;29.9.1976;0;1
RUHIZAT;11;18.1.1962;0;11
ALAMETIN;2;12.9.1977;2;0
UNMUGUL;1;21.6.1976;0;1
YASANURCAN;1;1.1.1969;0;1
CEMUR;1;27.8.1944;1;0
UNZILEM;1;4.12.1990;0;1
F.KEMAL;1;17.4.1948;1;0
GULAYLE;2;30.5.1975;0;2
PERVILDE;1;27.4.1956;0;1
RAYMIYE;3;13.5.1958;0;3
ZOHIRE;2;27.9.1959;0;2
ZUBIHAN;3;6.4.1954;0;3
SANZIMET;13;9.1.1964;0;13
EYGAN;1;18.6.1955;1;0
KESBINAZ;2;22.10.1964;0;2
RUMEISA;1;10.3.1989;0;1
SAYITCAN;1;20.11.1991;1;0
SEVDIKE;9;23.2.1949;0;9
SALIFA;1;24.2.1971;0;1
SENBARK;2;24.10.1952;2;0
TANURE;2;2.10.1972;0;2
DILRAH;1;6.5.1955;0;1
MULKIE;3;1.11.1968;0;3
MEZMELI;1;16.2.1950;0;1
GUNCIHAT;1;27.1.1986;1;0
GAJIC;1;15.4.1956;0;1
BAYTI;1;6.6.1957;0;1
PERNAY;1;24.1.1961;0;1
SAYGINHAN;1;5.12.1984;1;0
BUYA;1;11.2.1981;0;1
TEBABIN;1;3.11.1975;1;0
GULTEKINAYSE;1;27.2.1925;0;1
KUTLAYHAN;1;28.2.1992;1;0
SHENAZ;1;3.9.1933;0;1
ACTIGUL;1;23.3.1957;0;1
KULNAZIYA;1;21.5.1963;0;1
RUSSAR;1;1.2.1950;0;1
YUHAFE;1;9.1.1960;0;1
SAIMESERAP;1;14.12.1957;0;1
NURIZDAN;4;19.7.1953;0;4
ZOHEL;1;22.11.1965;0;1
NIHANDE;2;2.5.1988;0;2
GULIA;1;6.4.1977;0;1
SEVNEM;2;28.6.1979;0;2
ELONA;3;15.7.1982;0;3
SERKANCAN;1;25.4.1977;1;0
SALIHAYI;1;23.1.1951;0;1
GULFAHRENSE;1;6.4.1978;0;1
TANERGUN;1;16.3.1971;1;0
DIGDEHAN;3;9.6.1981;0;3
ELADIN;5;24.12.1955;4;1
GURBAHAR;1;14.6.1928;0;1
YESILSE;1;9.4.1944;0;1
CAKIRHAN;1;28.3.1985;1;0
ANZEHRA;1;18.2.1992;0;1
EBUTUFAN;1;28.5.1986;1;0
MUSEBA;1;17.4.1974;0;1
SAVERE;3;9.11.1946;0;3
MAYULU;1;13.6.1972;0;1
ALZEM;1;4.2.1956;1;0
UCGUZEL;8;9.7.1961;0;8
DURIBE;3;24.5.1966;0;3
MUBEYIN;10;16.11.1963;2;8
MUCTABA;2;6.6.1972;1;1
NURUSEL;1;26.6.1960;0;1
NEDIYME;9;1.5.1964;0;9
ULVIUGUR;1;22.2.1991;1;0
HEIDELINA;1;17.4.1964;0;1
BAIAZ;1;10.11.1979;0;1
SADDULLAH;7;19.3.1970;7;0
IJDA;2;12.2.1949;0;2
CANZIYA;1;2.4.1949;1;0
MUSTAFAEMIN;2;14.5.1989;2;0
UNALP;3;5.1.1976;3;0
ERRAH;3;6.1.1976;2;1
GONUS;1;17.5.1948;0;1
IRBATI;1;8.11.1969;1;0
HALIMEH;1;7.1.1982;0;1
SARFIRAS;1;19.1.1930;0;1
FITDAT;1;9.2.1931;0;1
AGABEK;7;7.4.1960;7;0
MAMEY;3;1.8.1953;1;2
GULLUBAR;1;11.2.1951;0;1
TUNCAHAN;1;21.11.1980;0;1
DILAPURUZ;1;5.4.1947;0;1
SECKINAZ;1;9.4.1968;0;1
ZULFUNAR;12;27.2.1960;0;12
UZAYMA;2;16.9.1948;0;2
MUZELFA;1;16.7.1946;0;1
CANZADE;1;28.3.1978;0;1
BARUJAN;1;27.9.1968;1;0
ZILFERUZ;1;16.6.1932;0;1
NECMINDE;1;17.10.1961;0;1
FAZLET;5;27.2.1966;0;5
GUNAYIM;2;25.11.1977;0;2
BEYNABIN;1;16.8.1945;1;0
MAHAZZAZ;1;2.6.1945;0;1
SEHIYYE;1;6.2.1947;0;1
SEFAIRE;1;7.4.1970;0;1
SEBABE;2;26.5.1943;0;2
RAZMIK;3;16.11.1966;3;0
HUDADET;1;10.2.1928;0;1
HAMIDEDDIN;1;16.8.1983;1;0
ZIHIN;2;14.6.1947;1;1
NAZENINGUL;1;19.4.1945;0;1
KEVSEN;2;27.10.1976;0;2
NIYMA;1;1.3.1989;1;0
RUMMANE;2;29.11.1956;0;2
EMKIN;1;15.7.1991;1;0
BAHADAGUL;1;27.2.1974;0;1
HURILAYN;1;24.6.1973;0;1
FAHRIHAN;2;27.10.1955;1;1
ELDAG;2;16.11.1981;0;2
TASICA;1;5.5.1965;0;1
EYTEM;8;9.11.1970;0;8
YURDUAN;1;3.7.1948;1;0
BELSAN;2;30.9.1964;0;2
NIHIL;1;2.12.1980;0;1
TURSUNIYE;1;6.2.1950;0;1
KETAYIM;3;26.1.1963;0;3
MAYTUL;1;27.9.1987;0;1
GULBEYAT;1;2.1.1974;0;1
TANZIMET;1;26.5.1976;0;1
HUSLA;1;19.10.1981;0;1
SAVASFER;1;22.5.1960;1;0
MUZEYEM;2;11.9.1957;0;2
EMIKI;1;24.9.1964;1;0
ALICICEK;1;11.1.1982;1;0
FEYZIL;1;28.2.1956;1;0
MEHRIZAR;6;10.11.1966;0;6
FEKRIYA;1;10.12.1964;0;1
ZERBET;1;21.11.1977;1;0
ALIBEYI;1;2.5.1960;1;0
ECIZ;2;22.9.1965;1;1
EDO;4;21.9.1945;2;2
NURCEMALETTIN;1;27.11.1968;1;0
GULANDAL;1;24.7.1968;0;1
YARNUR;1;20.9.1986;0;1
YASEMBIL;1;1.2.1941;0;1
NESNE;2;1.3.1963;0;2
EMURLA;5;3.8.1964;5;0
GULCIHEN;1;1.1.1965;0;1
ZERFIYE;3;28.3.1959;0;3
MENAVER;1;17.4.1959;0;1
UMMIYET;5;14.8.1982;0;5
NUTFUYE;3;13.5.1977;0;3
GULPEKER;3;24.12.1958;0;3
NICEGUL;1;27.6.1974;0;1
ZINNANUR;1;14.11.1974;0;1
GOLHATUN;1;6.3.1957;0;1
ISET;3;24.12.1970;3;0
M.DERVIS;6;11.5.1950;6;0
TABINAZ;4;9.10.1957;0;4
EZBAHAR;1;17.8.1978;1;0
SEVGENC;1;15.6.1990;1;0
KURISTHAN;1;28.3.1931;0;1
ZAMBUR;1;18.3.1953;0;1
HANGOHER;1;22.6.1952;0;1
MIZIR;1;21.3.1981;1;0
KUBIYAR;2;14.1.1970;1;1
REVYETTE;1;16.3.1959;0;1
MUHAMMEDELI;1;24.1.1971;1;0
GULDUNE;3;8.3.1965;0;3
NEJLIHAN;4;28.1.1964;0;4
BAHDINUR;18;25.6.1975;0;18
DUDSEN;1;1.8.1979;0;1
RUVET;2;15.8.1956;2;0
METLIBAN;2;19.11.1942;0;2
FEHEDDIN;1;22.2.1955;1;0
SEBRUL;1;3.3.1985;0;1
SAHMARAL;2;26.11.1974;1;1
TASBIRE;12;29.5.1951;0;12
ZATANUR;3;4.8.1959;0;3
ATAYI;3;22.5.1956;2;1
BANIKA;1;17.2.1958;0;1
ALIGAZI;3;29.5.1972;3;0
SABATI;8;17.7.1959;7;1
HEYBE;5;23.5.1957;0;5
MUZAMBER;1;14.2.1943;1;0
OZCANAN;2;7.4.1978;0;2
NURANUM;1;7.5.1976;0;1
YURTAS;3;4.7.1978;2;1
AMA;4;29.11.1963;1;3
FATICE;3;3.10.1981;0;3
HACAN;3;9.3.1934;0;3
SERFER;1;12.5.1941;0;1
MILZAN;1;5.9.1977;0;1
UMMUATIYE;1;4.5.1990;0;1
SAGIVER;1;26.7.1940;0;1
SEHANUR;2;11.5.1972;0;2
MUBERREHA;2;5.8.1956;0;2
ULKISER;1;4.5.1949;0;1
SERCANBEY;1;17.2.1990;1;0
VINCENT;4;29.1.1961;4;0
NADIDEH;1;2.8.1939;0;1
OZIME;1;1.1.1;0;1
MUSALAMET;1;4.5.1942;0;1
DINAZ;1;8.9.1956;1;0
D.GULUZAR;1;10.4.1967;0;1
RYTA;1;18.6.1962;0;1
EFLEHA;1;8.9.1981;0;1
UDER;1;3.4.1950;0;1
MENIYE;8;27.7.1963;0;8
SEMAET;6;25.7.1939;0;6
NURYAZAN;2;29.12.1957;0;2
YILKI;2;17.4.1984;2;0
KUTAT;1;14.11.1988;1;0
SEMAHAR;2;7.4.1949;0;2
ATAMAC;3;30.4.1957;3;0
SARDAN;5;25.9.1968;3;2
VAHDED;4;26.8.1965;4;0
BERYL;1;2.2.1949;0;1
KAPRIS;1;9.10.1976;0;1
RAGIPCAN;2;26.12.1991;2;0
YEON;1;18.3.1970;0;1
LEVHET;1;20.11.1964;1;0
SEMIHHAN;1;2.6.1957;0;1
DADIL;2;18.9.1957;0;2
TAMYEL;1;9.5.1982;0;1
ELVANSUNA;1;23.5.1989;0;1
ARTAGAN;1;20.5.1985;1;0
TUGGUN;2;13.2.1977;2;0
RUHIL;2;27.1.1959;2;0
NILUSER;3;12.12.1967;0;3
SAYGUT;1;29.6.1949;1;0
MUSEBBER;2;22.2.1937;0;2
DIRENER;1;24.6.1984;1;0
DURUNNISA;2;24.12.1939;0;2
GULKADIFE;2;12.5.1970;0;2
BELLIS;1;21.7.1981;0;1
FERIDUDDIN;1;21.5.1946;1;0
YAHVER;2;14.10.1952;2;0
MUTAHARRE;1;25.7.1971;0;1
BEYNAT;5;6.3.1955;2;3
BIYTEREN;1;24.5.1965;0;1
EMINEDIDAR;1;30.11.1928;0;1
OGER;1;7.10.1952;1;0
ELOISE;1;14.11.1986;0;1
IPEKNUR;17;10.7.1969;0;17
TANCUR;3;7.12.1961;2;1
YILER;1;1.2.1973;1;0
TAYKURT;1;2.3.1978;1;0
SANJA;1;21.6.1970;0;1
MELIKECEREN;1;7.8.1991;0;1
EYAM;1;22.8.1937;0;1
AGACIK;4;11.8.1957;4;0
IYSAR;1;27.8.1991;0;1
MEDIYAN;9;26.2.1962;2;7
HAYKA;2;19.1.1937;0;2
RAADIF;1;1.4.1961;1;0
TUNJI;1;7.6.1961;0;1
MEZAHAM;1;22.3.1950;0;1
BEHLIZAR;10;24.5.1952;0;10
SALIHETTIN;1;21.7.1937;1;0
SEVHAR;1;24.8.1975;0;1
SENDIYAR;7;22.10.1967;1;6
BASIKAR;1;23.3.1967;0;1
KAMSA;1;25.9.1974;0;1
ZERRIGUZEL;1;2.8.1921;0;1
SAFETDIN;3;27.6.1954;3;0
GAYEDILEK;1;2.1.1980;0;1
BERKSU;5;29.4.1989;4;1
JHEM;1;17.2.1983;1;0
BELMAHAN;3;5.12.1962;0;3
MAHPURIZE;1;24.5.1961;0;1
TANRICA;1;26.10.1973;0;1
MASSOUMA;1;5.9.1962;0;1
SENAYNUR;1;14.12.1986;0;1
SUVEYDI;1;1.8.1930;0;1
FUEDA;3;7.2.1956;0;3
SAFAELWED;1;12.8.1947;0;1
SANITA;2;3.7.1976;0;2
NURANNUR;1;19.12.1941;0;1
ABUMUTALIP;2;16.4.1976;2;0
SAHEDDIN;3;18.1.1953;3;0
MUVAHHIT;3;30.6.1947;3;0
NIRCIMEN;1;8.5.1952;0;1
NUREFSA;1;7.6.1967;0;1
ABAHAN;1;23.12.1980;1;0
ATME;1;12.8.1935;0;1
COHRE;1;23.5.1955;0;1
TEHFETULA;1;12.2.1953;0;1
DUNYAMETTIN;2;14.5.1973;2;0
SEZAICAN;1;28.4.1964;1;0
ZAIZE;1;30.11.1939;0;1
SIHMIR;1;12.6.1965;1;0
SUKINE;1;14.4.1943;0;1
FIDAYYA;1;22.5.1968;0;1
KUVVETCAN;1;17.11.1991;1;0
MELEKBEY;1;29.12.1945;0;1
EFTALIYA;2;28.9.1929;0;2
SAPFO;1;22.8.1925;0;1
TUGCAHAN;1;22.4.1980;0;1
SEGBUTULLAH;1;6.3.1961;1;0
SEVIAY;1;22.3.1974;0;1
ULKINAZ;2;28.4.1973;0;2
VELIM;1;11.4.1968;1;0
ZELFINOZ;1;4.6.1945;0;1
SEBYETULLAH;1;14.3.1947;1;0
CEZAYI;7;28.7.1962;7;0
HATALAY;3;22.11.1964;3;0
MALIFET;3;14.11.1979;0;3
ENGINCAN;4;23.7.1990;4;0
SEKINAZ;4;30.4.1970;0;4
SUSUM;1;18.4.1966;0;1
AMR;1;1.6.1989;1;0
HOA;1;11.4.1985;0;1
MEPTU;1;7.3.1986;0;1
KIAMALIA;1;2.9.1978;0;1
GULZAD;1;8.9.1962;0;1
VELAD;2;10.5.1979;2;0
EMMER;2;9.1.1968;2;0
SEYNUH;1;1.4.1966;1;0
NIS;1;18.9.1984;0;1
GULBICEN;8;6.4.1970;0;8
OZANHAN;3;1.8.1982;3;0
KADIRPASA;1;21.12.1959;1;0
M.VAFI;1;28.6.1960;1;0
SEMENDA;1;11.2.1976;0;1
M.AFI;2;6.3.1954;2;0
SANIFER;8;20.10.1960;0;8
MEMURYE;1;27.1.1971;0;1
MINGOL;1;7.10.1966;0;1
UGUTAN;1;3.3.1963;1;0
AYDENK;9;30.1.1951;0;9
RAHSIM;1;11.9.1981;1;0
VECNET;1;2.7.1938;0;1
SAVKIYA;3;11.9.1959;0;3
ZINISAN;4;17.5.1941;0;4
FEDEYET;1;12.11.1970;0;1
GOZMEN;2;15.10.1948;2;0
MINEYSU;1;12.8.1941;0;1
HURSEM;3;22.3.1961;2;1
SAYLEM;2;9.11.1985;0;2
PERCEHAN;3;14.3.1960;0;3
RAVILE;3;25.4.1930;0;3
SENEHE;27;11.3.1959;0;27
REBET;1;12.8.1983;1;0
NASIBEUGUR;1;1.7.1962;0;1
ISINSOY;1;11.3.1986;0;1
ACARBEY;1;12.8.1933;1;0
BEYCIVAN;2;27.8.1969;2;0
KOLUHAN;1;21.3.1971;1;0
GUTRETE;1;27.3.1970;0;1
NURIDET;1;27.3.1943;0;1
ZUHIYET;1;1.4.1980;0;1
ZORBEK;6;24.4.1967;6;0
CANSARDI;1;1.11.1985;0;1
YAZGULER;2;26.1.1963;0;2
BISEKINE;1;21.1.1971;0;1
NEJMETE;1;7.2.1946;0;1
ABDULSELAMET;2;24.5.1971;2;0
HAYRAM;1;8.9.1985;1;0
MUSSEHHEL;1;26.7.1972;0;1
HAYNURSAY;1;21.8.1965;0;1
LALESEN;6;27.2.1967;0;6
HURMISE;2;28.9.1978;0;2
GULDEFER;3;18.10.1960;0;3
NEBENNUR;1;28.6.1962;0;1
ELBAKI;2;12.4.1975;2;0
KARSAL;1;21.11.1972;1;0
MIHNUR;5;24.1.1971;0;5
NUKEHET;1;27.8.1974;0;1
MUSUDUYE;3;20.6.1958;0;3
CERRAIL;1;11.4.1974;1;0
HANAFTER;1;8.7.1957;1;0
LEFFER;1;9.5.1964;1;0
SERTABIP;1;5.5.1955;1;0
HIRSI;1;24.11.1930;0;1
TEBERIYE;1;12.2.1977;0;1
MUTAKIB;1;26.1.1973;1;0
GUKSAN;1;27.4.1986;0;1
ZEHIM;2;29.10.1970;2;0
DURAMETTIN;2;30.11.1971;2;0
FARZO;2;9.9.1949;0;2
ARCIL;3;25.2.1985;3;0
NISAUL;1;20.3.1990;0;1
MERTTUG;1;5.10.1987;1;0
CANSAMET;1;15.6.1989;1;0
FENIH;2;16.3.1982;2;0
SUVEYLIN;1;18.6.1984;0;1
GURCAHAN;1;14.5.1976;0;1
IRSIL;2;15.8.1960;0;2
GANIBEK;1;22.8.1925;0;1
GENGIZ;5;20.3.1968;5;0
BADESEN;1;24.8.1963;0;1
FEYASEDDIN;1;8.6.1940;1;0
OZGURUN;1;14.7.1942;1;0
MEMDUHAN;4;23.3.1961;0;4
GOKSEVIM;1;22.4.1949;1;0
SALTUG;3;28.2.1975;3;0
RENKSAH;1;5.6.1991;0;1
TUBASERPIL;1;26.4.1985;0;1
NEZAHATE;1;3.4.1955;0;1
FALAH;2;30.4.1953;1;1
TUGCAY;3;3.11.1986;3;0
HATLE;4;2.5.1465;0;4
CEVHET;1;26.3.1943;1;0
AZIZDURSUN;1;7.12.1979;1;0
SAHAPIZZET;1;27.8.1920;1;0
TAYA;2;30.11.1980;0;2
LILLIAN;1;30.5.1982;0;1
HATIXHE;1;19.9.1977;0;1
MANFRED;2;6.8.1960;2;0
VECAAT;4;10.6.1966;4;0
MUSEBBEHA;1;23.4.1929;0;1
NARISER;1;1.8.1943;0;1
GOKHANGUL;1;25.11.1979;0;1
GUNANC;1;11.12.1940;0;1
DABELO;1;6.2.1937;1;0
MININUR;1;16.10.1955;0;1
ARUSAN;1;29.11.1962;0;1
RODICO;1;20.4.1976;0;1
BAYANDAR;1;30.12.1950;0;1
M.UMIT;2;16.10.1963;2;0
SELBES;10;20.2.1961;5;5
BESANIYE;1;7.2.1964;0;1
HASANEYIN;1;11.11.1982;1;0
GOULNORA;1;12.12.1975;0;1
ENERCIN;1;9.9.1947;1;0
ERDUM;1;13.6.1943;1;0
CERENSAH;1;26.5.1987;0;1
NEBEHAN;1;23.2.1955;0;1
NUREF;3;25.3.1958;0;3
GIL;1;13.10.1985;1;0
ALIYILDIZ;1;11.3.1939;1;0
YAZGELDI;1;29.2.1956;0;1
SIHAMETTIN;3;11.9.1980;3;0
MUHCET;1;1.9.1984;0;1
UMMUTURKAN;1;23.1.1949;0;1
SAHSILET;1;9.4.1957;1;0
FUAZ;1;17.12.1954;1;0
FAKHRI;1;23.7.1948;1;0
M.NIZAMETTIN;4;4.5.1949;4;0
DUMLUHAN;2;20.8.1986;2;0
MUBERREH;2;19.8.1953;0;2
GOYER;2;5.6.1978;0;2
MEHFUZE;4;6.1.1961;0;4
URSA;1;7.6.1970;1;0
SUNARAY;4;11.9.1964;0;4
KUNTERHAN;1;25.12.1968;1;0
ADRIYANA;2;4.1.1969;0;2
OLGUNHAN;1;29.9.1988;1;0
ALISERDAR;3;12.11.1976;3;0
GULCARAY;1;19.11.1972;0;1
GELIZ;2;7.5.1980;0;2
NEKEZET;1;4.2.1948;0;1
OZGENAZ;4;9.3.1989;0;4
HARIM;3;9.6.1960;1;2
SEHIRGULU;1;5.6.1945;0;1
UMMUMIYE;1;1.11.1979;0;1
KAZIANFER;1;2.9.1967;1;0
SONMER;1;4.11.1985;1;0
GULANAT;1;6.5.1960;0;1
DAGARSLAN;1;12.2.1959;1;0
VEDIHAN;4;20.7.1962;0;4
ZENEM;2;1.8.1947;0;2
ALIREZA;1;14.9.1973;1;0
UMI;6;17.11.1974;1;5
MURIBE;8;9.7.1946;0;8
BURHETE;2;22.6.1984;0;2
YUCEEL;2;29.10.1953;1;1
URDUSAN;1;27.10.1970;0;1
HIMA;2;6.2.1967;0;2
SERDASIN;1;21.4.1969;1;0
TARIA;2;22.4.1963;0;2
M.HULUSI;3;1.4.1946;3;0
AZIZMURAT;1;17.2.1990;1;0
HIDIRALI;4;29.7.1966;4;0
RUDAN;2;29.9.1981;0;2
MUZRAIP;1;9.11.1969;1;0
NUKER;3;3.6.1971;0;3
OGURHAN;2;27.9.1964;2;0
AYERSIN;1;29.8.1970;1;0
VEZIZ;2;13.8.1945;2;0
NECDEN;1;15.10.1970;1;0
ZUKIFLI;1;16.4.1965;1;0
UFRAT;1;11.4.1976;1;0
TICHAN;1;6.1.1968;0;1
MEKTEPLI;1;29.12.1940;1;0
GUNESLI;3;29.11.1959;0;3
HISKIRIK;1;7.2.1982;0;1
BASILE;3;7.2.1955;0;3
SONBIL;3;22.1.1974;0;3
SAHGULUM;2;26.11.1959;2;0
ALIDERMAN;5;14.3.1967;5;0
RAZIJA;2;15.1.1973;0;2
BINASA;2;1.2.1975;0;2
UNKA;1;28.4.1944;0;1
AYSEGULEK;1;22.8.1967;0;1
GUCDAG;1;26.4.1948;1;0
PAYAZ;2;7.8.1946;2;0
TASU;1;20.7.1973;1;0
ALPKUN;2;15.6.1976;2;0
ZIYNED;1;18.8.1973;0;1
VIYAL;2;29.9.1965;0;2
BEHIYENUR;3;27.8.1982;0;3
MERSED;1;28.5.1965;1;0
MUCAHIDULLAH;1;23.12.1969;1;0
YETENCAN;1;28.12.1953;0;1
SEFKITE;1;21.3.1963;0;1
EDEF;2;26.11.1955;0;2
HAGKAN;1;29.3.1974;1;0
BANKER;1;24.1.1973;1;0
GUCBAY;1;3.2.1981;1;0
HAKSENIN;1;29.1.1950;1;0
PERDIN;3;22.7.1957;1;2
ACHIM;1;27.2.1963;1;0
FIRAD;2;28.12.1980;2;0
SALDIRIM;1;2.10.1939;1;0
GULSAVAS;2;2.4.1957;0;2
BURBUN;1;2.7.1945;0;1
BEZIAN;1;11.10.1943;0;1
SEYHHAN;1;24.2.1956;0;1
SINENPER;1;9.4.1943;0;1
CULA;3;12.11.1947;0;3
MUESSIS;1;17.8.1948;0;1
ERTENGUL;4;9.12.1953;0;4
ASTUG;1;18.4.1989;1;0
EYUBU;1;8.10.1956;1;0
SEMSIYET;1;22.5.1925;0;1
NEVZATA;3;17.4.1962;0;3
SALATDIN;7;13.2.1958;7;0
SUNIL;1;14.5.1987;1;0
NERZE;1;3.11.1991;0;1
SEMIMET;1;29.8.1951;0;1
KATAJINA;1;14.4.1961;0;1
NAYA;2;19.7.1949;0;2
MUZEYYENGULER;1;5.4.1948;0;1
ERAYIL;1;6.3.1956;1;0
SEVGINAS;4;2.4.1960;0;4
NINAM;1;17.5.1952;0;1
KOMUTAY;1;24.5.1939;1;0
IRSAAT;1;1.9.1962;0;1
ELAYGUN;1;2.2.1937;1;0
ALMAHAN;3;3.3.1973;0;3
RUHNUVAZ;1;22.8.1925;0;1
MEHEDINE;1;7.2.1958;0;1
SEBER;1;4.7.1943;1;0
TARANEH;1;7.8.1970;0;1
HAFOZE;1;17.8.1936;0;1
OULVIIA;1;17.8.1972;0;1
TEMELASKI;1;26.9.1948;1;0
MUT;4;1.3.1972;3;1
ULTIN;1;24.10.1982;0;1
BIRRUH;3;15.6.1965;2;1
FETKIYE;1;17.3.1936;0;1
CANTEMUR;1;24.3.1967;1;0
HORANSUYU;1;13.6.1963;0;1
NISKI;1;16.4.1933;0;1
SEVFKI;1;23.12.1960;1;0
BIRALEM;2;17.12.1971;2;0
KOCUBEY;1;10.3.1990;1;0
BEYHUDIYE;1;30.11.1986;0;1
ZUHTEM;1;10.6.1955;1;0
NECAHIDIN;1;17.2.1942;1;0
AYNURI;13;20.3.1956;1;12
ZULKIFE;8;29.11.1942;4;4
HUSNAFET;1;17.10.1979;0;1
A.LATIF;1;26.5.1963;1;0
HATAMIN;2;30.8.1962;2;0
EMRUHLA;1;25.1.1972;1;0
BAHRIUMMAN;1;16.7.1960;1;0
ZUBERHAN;1;2.12.1977;1;0
UNOLMEZ;1;26.10.1981;1;0
HACIBIKE;1;4.6.1931;0;1
YEKRE;4;21.10.1954;0;4
ISMIFET;1;12.2.1965;0;1
GULUGER;1;12.2.1977;0;1
VAKKUR;1;18.12.1942;1;0
ISNAFED;1;8.4.1970;0;1
MIZARI;2;16.8.1959;2;0
ZIFINUR;1;12.10.1978;0;1
SAZIMEND;2;24.8.1946;0;2
BUNYABIN;3;22.12.1955;3;0
YAMEL;1;26.5.1972;1;0
SECKUN;1;22.2.1961;0;1
EBUMURSEL;1;23.3.1967;1;0
SEVACAN;1;6.11.1973;1;0
SEYHISINAN;1;11.11.1968;1;0
TEHER;2;23.4.1955;2;0
SAHSED;1;22.2.1967;1;0
SAADBIN;1;4.7.1990;1;0
BESIRYE;2;26.8.1960;0;2
HATECE;1;2.2.1969;0;1
MURTEZIYE;1;23.12.1981;0;1
NAOMAN;1;26.10.1985;1;0
ADIGAR;5;26.4.1962;0;5
SELMIA;1;22.1.1978;0;1
POLATCAN;5;6.3.1987;5;0
HASNINAZ;1;16.7.1968;0;1
SERECETIM;1;26.5.1970;1;0
ADINAS;4;4.7.1943;0;4
FIRDE;5;13.6.1960;0;5
GURALAY;1;5.1.1977;1;0
SEVAMIL;1;6.2.1974;0;1
GAHIR;5;28.4.1967;4;1
CEVTEN;1;16.10.1949;0;1
DONUN;1;12.10.1979;0;1
AKYOL;7;24.4.1968;7;0
DURMIKA;1;6.5.1968;0;1
SONURA;1;24.2.1960;0;1
CEMTOLGA;1;13.3.1977;1;0
DEYRANHAN;1;21.1.1992;1;0
KIFAIDE;1;3.3.1946;0;1
UNZILENUR;2;16.8.1981;0;2
CEMALIHA;1;7.10.1956;0;1
SAHESEL;1;2.2.1957;0;1
RESFANE;1;5.2.1945;0;1
OMERE;1;17.2.1972;1;0
MUKADIR;2;1.4.1962;2;0
BORTA;1;16.7.1983;0;1
CUNEYRT;1;22.1.1972;1;0
BOHRAN;1;11.2.1930;1;0
GULBIHTER;1;15.10.1986;0;1
EVRENAY;2;27.5.1971;0;2
NELGUN;2;29.11.1956;0;2
VERDAN;3;24.9.1941;1;2
UMAYYA;1;7.2.1964;0;1
RECEPSAN;1;29.3.1991;1;0
MILHATA;2;1.5.1965;0;2
PERVERDANE;1;2.11.1968;1;0
AYNURCAN;3;29.4.1975;0;3
SASNUR;1;18.12.1940;0;1
NEVCLA;1;22.1.1979;0;1
RUSKUT;1;26.5.1958;0;1
FRAT;3;2.7.1979;3;0
TEZBASARAN;1;29.8.1944;1;0
TANHER;2;25.5.1940;2;0
GAZEZ;1;21.5.1975;1;0
M.A.KAZIM;1;24.11.1954;1;0
AYZEREN;1;27.7.1962;0;1
BELEMI;1;16.7.1990;0;1
MUJDEFER;1;2.12.1981;0;1
KARTAN;1;15.1.1943;1;0
AZRE;2;12.7.1958;0;2
VAHIETTIN;1;17.1.1928;1;0
HUCER;2;7.5.1945;1;1
PERIKA;2;11.9.1936;0;2
DUROL;2;3.8.1959;2;0
MEHLIBE;2;6.5.1952;0;2
TEKFUR;4;13.2.1978;4;0
MEHLUZE;5;17.9.1954;0;5
GUITANA;1;10.12.1975;0;1
GANIMERT;1;20.12.1980;1;0
FILDUZA;1;17.8.1930;0;1
MUKTIM;4;14.1.1949;4;0
NURPARE;4;3.4.1966;0;4
ESNADIR;1;24.11.1963;0;1
HUSEYINFATIH;1;15.6.1979;1;0
IPES;20;16.3.1951;20;0
MIYNE;2;15.12.1971;0;2
SEMANIR;1;12.12.1974;0;1
DUNGAR;1;22.2.1961;0;1
MUSFETTIN;3;22.9.1945;3;0
FIKIRI;7;1.12.1956;5;2
NAZLAT;1;2.2.1963;0;1
KARARE;8;27.3.1941;0;8
MUSAHAT;1;22.12.1937;0;1
TUNUR;5;27.2.1978;3;2
MALIKER;4;1.1.1963;0;4
MIYESTE;2;19.8.1960;0;2
HANUK;4;27.9.1957;1;3
KAYARBEY;1;2.8.1953;1;0
EMENTUK;1;27.6.1963;1;0
YUREL;1;30.6.1982;1;0
SEFAHETTIN;5;19.1.1958;5;0
RUHFETTIN;1;27.2.1950;1;0
YEKDAR;1;27.4.1968;1;0
FEHSIH;4;25.6.1968;4;0
MESRUYET;1;16.8.1970;0;1
NEBUYUM;1;10.11.1972;0;1
TURBIYE;2;22.6.1951;0;2
ROKIS;1;29.3.1962;0;1
KIMRA;6;16.5.1970;0;6
MISANI;1;13.12.1953;1;0
DUNA;5;6.1.1958;0;5
PIRYADE;1;17.2.1948;0;1
GULTOPU;1;7.4.1982;0;1
SABULHAN;1;2.5.1947;1;0
TAHKI;1;25.4.1949;1;0
TEYFURE;4;3.12.1948;0;4
SELVILAY;3;3.12.1968;0;3
NEVRUGUL;3;7.8.1962;0;3
GULDUNAY;1;3.12.1975;0;1
TELLAR;1;21.10.1947;0;1
REVHAN;6;17.1.1960;0;6
MEMETSABRI;1;17.1.1981;1;0
MEHCIBI;1;1.10.1978;0;1
SIDRIYET;1;27.2.1950;0;1
HUMIN;2;21.4.1953;0;2
SONGULHANIM;1;26.8.1970;0;1
AKCIGUL;1;27.7.1950;0;1
KALEFER;1;26.5.1946;0;1
YASARYE;4;15.11.1959;0;4
KARAMUSA;1;22.2.1979;1;0
EBUEYUB;1;19.3.1990;1;0
ZULFIMAR;1;24.6.1961;0;1
BESTAME;2;24.2.1977;2;0
FIYASETTIN;2;4.9.1964;2;0
IBRAHIMYASAR;1;18.4.1970;1;0
SUGULE;2;20.10.1966;0;2
BAHRI.;1;12.2.1971;1;0
ABDILAY;1;7.8.1982;1;0
ALICOMERT;2;21.10.1962;2;0
HEYFHILAT;1;27.8.1986;0;1
MEYVET;2;29.2.1975;0;2
ZURCIHAN;1;10.10.1964;0;1
AHMETIYE;1;12.1.1977;0;1
MIZGUL;2;22.2.1985;0;2
ABDULAZEM;1;6.6.1981;1;0
ZARBIYE;3;23.5.1959;0;3
YURTOGLU;2;30.5.1981;2;0
FERSUDE;4;16.3.1933;0;4
ELMADIYE;2;4.11.1972;0;2
ZABAHA;1;22.7.1970;0;1
AYHANBEY;2;18.1.1972;2;0
ZABO;2;7.4.1964;0;2
MAYIT;1;16.7.1955;1;0
PONPUL;6;29.11.1951;0;6
MIRZAIP;1;12.4.1977;1;0
TUNCAI;1;11.5.1982;1;0
SAHEMRA;1;25.10.1984;1;0
GULTEKIYE;1;7.4.1964;0;1
ELLERBEY;1;6.6.1968;1;0
ZULUYDE;2;2.12.1961;0;2
KIZILAHMET;1;27.10.1974;1;0
LUYDMILA;1;27.6.1975;0;1
KURSUM;2;11.1.1937;1;1
BISAT;1;12.2.1967;0;1
HADDIZAR;1;29.5.1950;1;0
TEVIDI;1;10.11.1963;1;0
SAYFON;1;22.5.1955;1;0
GULSONA;3;5.1.1970;0;3
FEDERULLAH;1;13.10.1972;1;0
HAYRETTTIN;1;15.12.1979;1;0
GULCIRA;1;17.9.1960;0;1
FIZULLAH;2;10.9.1970;2;0
GULEYTEN;1;27.4.1948;0;1
TEREMEN;5;27.7.1968;0;5
SUIYP;2;5.11.1945;2;0
CAMISAT;1;21.4.1976;1;0
TAYLAT;1;20.4.1980;1;0
UKKESUL;1;22.1.1978;1;0
PASIS;1;8.10.1940;0;1
HENDEMCAN;1;7.2.1958;0;1
ABIHUREYIN;1;18.5.1966;1;0
GULDANOZ;1;10.12.1968;0;1
ISMER;1;10.10.1963;1;0
TALAD;1;22.8.1925;1;0
AHMETZADE;1;16.11.1941;1;0
MERGA;1;14.10.1987;0;1
MUCAVIR;2;7.3.1944;1;1
EBUDARDA;1;3.2.1978;1;0
BAKITE;1;17.5.1948;0;1
SORPIL;1;22.2.1973;0;1
ABIDEN;2;25.11.1981;1;1
MESSURIYE;6;29.2.1955;0;6
FURYAZ;1;6.6.1979;0;1
SEFAEL;1;1.12.1967;1;0
MUBERET;1;2.2.1951;0;1
SEMSIH;1;9.2.1957;1;0
SEVVEL;4;14.11.1970;0;4
GURBAZ;2;18.12.1980;2;0
VIOPRICA;1;23.5.1982;0;1
ZEHMINE;1;16.3.1969;0;1
CENNETYE;1;2.9.1968;0;1
MERICOGLU;1;7.1.1946;1;0
SERMUHAN;1;12.5.1977;0;1
ILKDOGAR;1;11.8.1966;0;1
ASEFIN;1;21.1.1985;1;0
SEPTI;4;27.2.1984;4;0
CAGYAN;1;26.11.1984;1;0
SUDAM;1;10.6.1976;0;1
RAHMANGAZI;2;21.3.1981;2;0
GULAFES;1;18.2.1951;0;1
YAY;1;9.10.1956;0;1
RUFETTIN;3;16.10.1943;3;0
ALISAHAN;2;9.2.1980;2;0
TERAMIS;2;10.10.1973;2;0
DEBIBE;1;12.5.1976;0;1
MUKADERET;1;7.11.1989;0;1
BAGCALLI;1;25.8.1943;1;0
EZIZGUL;2;25.10.1967;0;2
EMRUMAN;1;26.1.1973;0;1
CEVRANI;4;20.12.1970;1;3
KADINA;3;11.12.1963;0;3
ILSEL;1;14.3.1984;0;1
ERKES;1;18.12.1967;1;0
RECER;2;29.8.1975;2;0
ERSEVIL;5;22.1.1976;0;5
OZSEVINC;2;9.2.1962;2;0
YASAGOL;1;22.1.1955;0;1
ABADETTIN;1;27.2.1974;1;0
TEKLIF;1;19.10.1965;0;1
PORSAR;4;5.9.1970;0;4
BILDEGUL;2;9.12.1988;0;2
MUADIS;3;4.11.1952;0;3
SUNHAN;1;25.10.1973;1;0
BINYET;3;9.12.1954;1;2
GILABDAN;2;29.8.1962;0;2
MAVUZ;2;21.2.1966;0;2
MUGUME;6;24.2.1963;0;6
ISFANDIYER;1;27.6.1974;1;0
MAHYUSUF;1;5.7.1957;1;0
GUZGUL;5;6.9.1979;0;5
DUKEN;1;11.3.1950;0;1
MELEVAN;1;26.8.1967;0;1
MUHILISE;1;12.3.1956;0;1
DOYUM;1;27.7.1980;0;1
BOZOMER;1;26.12.1960;1;0
TUGCESEDA;1;5.2.1992;0;1
SELAMAT;2;11.5.1982;0;2
MINTAHYE;1;1.5.1985;0;1
MEMETAKIF;1;26.11.1974;1;0
KURBAY;3;24.2.1963;3;0
MEHCORE;1;13.4.1953;0;1
SASET;4;10.3.1980;4;0
BEGAIM;1;8.5.1982;0;1
NUSEYRI;2;19.2.1968;2;0
ALISEYIN;1;8.1.1969;1;0
GULEFET;1;16.3.1964;0;1
UJYAN;1;15.8.1960;0;1
FUTOZ;1;21.2.1951;0;1
TAHINAR;1;9.4.1964;1;0
TABLICAN;1;1.10.1961;0;1
BUHEYDA;2;22.1.1939;0;2
SEMENDEN;1;5.6.1942;0;1
LIVAT;2;17.5.1971;1;1
BATTALYAVUZ;1;15.11.1977;1;0
MURSAMI;1;7.2.1964;1;0
TAKAY;1;23.2.1967;1;0
GILEN;3;14.3.1962;0;3
MEVTUF;1;1.4.1973;1;0
BASARIR;1;28.9.1974;1;0
NEMAZ;1;17.7.1966;1;0
GORDEBIL;1;11.3.1962;0;1
ICADIYE;2;12.7.1953;0;2
HAKNAZ;2;29.3.1968;1;1
NICDIYE;1;6.1.1971;0;1
VERNA;6;23.6.1979;0;6
SEZZAYI;1;11.8.1954;1;0
GULIBAT;1;12.3.1953;0;1
SEZEHAN;2;4.1.1972;0;2
RUJAL;1;12.3.1983;0;1
HAYBE;1;26.6.1982;0;1
VERMIN;2;26.10.1968;0;2
HOCAMIR;1;27.3.1956;1;0
GARDIYEN;1;11.10.1968;1;0
AGBEYI;4;13.9.1972;0;4
BEKEL;1;1.9.1973;1;0
RIZAKULU;2;23.6.1972;2;0
HACIDURSUN;3;7.7.1972;3;0
HECAZI;7;22.7.1967;7;0
NADEGUL;4;17.5.1967;0;4
SEYDIDEDE;1;1.12.1983;1;0
NUFDALI;2;14.9.1960;0;2
CEGIC;1;22.12.1940;0;1
SAFIGULU;1;3.3.1963;0;1
ENSARBAKI;1;3.9.1956;1;0
GAMISE;1;2.2.1951;0;1
MIMTEKIN;1;11.8.1970;1;0
ABDULVASIT;2;29.9.1982;2;0
NERGIZGUL;1;6.1.1966;0;1
VELAKAY;1;22.3.1961;1;0
KUREDE;1;12.1.1969;0;1
CIZAR;1;17.8.1972;0;1
MUTDAT;1;4.12.1972;1;0
SELATE;2;2.9.1954;0;2
MUSALET;1;2.12.1966;0;1
MEFTI;2;20.9.1969;2;0
RUBEYE;2;24.9.1983;0;2
FERAKAT;1;27.4.1974;0;1
MURADIYEN;1;24.10.1971;0;1
FIGIR;1;19.2.1953;0;1
ESVA;2;21.11.1967;0;2
ALBEY;3;28.8.1971;3;0
UZENSEL;1;26.9.1940;0;1
OZDIRENC;1;25.9.1987;1;0
LIMENUR;1;22.2.1967;0;1
FIRIHAN;3;14.3.1953;0;3
NISHETTIN;1;26.6.1967;1;0
AYMANE;1;21.2.1982;0;1
ANAMUR;2;12.11.1953;0;2
SUYHMUS;1;23.6.1946;1;0
KEMERYE;2;17.3.1966;0;2
OMERCAVUS;1;29.1.1937;1;0
LAMZIRA;2;26.6.1971;0;2
MIRAYDAMLA;1;2.3.1990;0;1
SEYMETE;1;11.1.1980;0;1
ZENNIP;1;2.2.1957;0;1
ABDULHUDA;8;29.4.1969;8;0
INAMIYE;2;4.8.1960;0;2
HUSEYMEN;1;7.4.1970;0;1
ABDULHAD;1;13.4.1965;1;0
UPRIYE;1;28.4.1948;0;1
NESLIBIR;1;23.1.1987;1;0
FAHRUNUSSA;1;26.11.1977;0;1
SUSAYIR;1;30.11.1955;1;0
MIKINAZ;1;30.2.1970;0;1
NUNCER;1;6.8.1990;0;1
SUKRULAH;1;26.4.1975;1;0
AGASAF;1;17.11.1973;1;0
TANLI;1;27.2.1974;1;0
MAYUR;1;27.5.1960;1;0
MEBEYYA;1;11.6.1963;0;1
MUHAZES;1;2.6.1958;0;1
BIRNUS;1;7.2.1959;0;1
ABDILVAHHAB;1;23.8.1971;1;0
NASURIYE;1;10.1.1975;0;1
SAGANAK;1;9.8.1985;1;0
SEMISE;5;3.11.1940;0;5
YASAROLCAY;1;29.9.1968;1;0
NESEHE;1;27.2.1962;0;1
SONYIL;4;4.9.1973;0;4
REMEZANIYE;1;26.6.1957;0;1
GONDEGOL;1;3.7.1953;0;1
BAHRIBEY;1;1.1.1;1;0
MENDEHA;3;21.4.1954;0;3
SEYHIDE;5;19.3.1964;0;5
FERAMIM;1;3.4.1975;1;0
SUKRINAS;1;22.8.1943;0;1
EYUPENSAR;1;26.4.1948;1;0
KUNDA;1;20.12.1966;0;1
KAZIBET;1;19.11.1977;0;1
SULHIYET;12;9.3.1968;0;12
FEHIBE;4;27.6.1961;0;4
LACIVET;2;27.4.1962;0;2
ERGESALICAN;1;17.3.1979;1;0
VAHTTETIN;1;23.5.1961;1;0
CANTES;1;2.8.1986;1;0
NADIDET;1;2.2.1951;0;1
SUBAYIT;1;17.5.1966;1;0
HUDAVET;2;10.8.1956;0;2
BAHALEDDIN;2;25.1.1965;2;0
MAHPULAK;1;3.1.1968;0;1
NAGMER;2;2.4.1951;0;2
URFAIL;5;19.11.1959;5;0
VEYISAL;2;29.5.1963;2;0
NEHARIYE;3;9.10.1934;0;3
MUCTEHIT;3;19.11.1983;3;0
BURKAYHAN;1;21.6.1986;1;0
PERZIHA;1;17.3.1942;0;1
GULUZARI;1;6.1.1962;0;1
FARATI;1;24.10.1959;1;0
GULEYAR;1;3.7.1961;0;1
ABDULVESA;7;21.10.1970;7;0
SUPHANVERDI;1;7.8.1958;1;0
ZABITTIN;4;27.7.1972;4;0
GULANER;1;21.7.1974;0;1
MEZUD;1;15.4.1964;1;0
HATTEM;1;24.8.1965;1;0
GULDISAH;1;4.9.1982;0;1
MUNTAHAB;1;7.12.1982;0;1
SISA;2;11.1.1950;0;2
MUZDEHAR;1;16.3.1981;0;1
TARIKAY;1;12.1.1987;1;0
NESMETTIN;3;21.1.1966;3;0
ZULEYYAH;1;12.8.1948;0;1
MEZMUNE;2;13.10.1956;0;2
HEFIT;6;3.3.1948;6;0
AYINSEL;1;18.4.1963;0;1
NAMEHAN;1;15.12.1987;0;1
RUHSAH;2;7.10.1973;0;2
CEMREAN;1;5.9.1989;0;1
BEDILKAN;1;22.2.1961;1;0
MINAVERE;1;19.10.1958;0;1
NOURDAN;1;21.7.1983;0;1
ERVANIYA;1;22.8.1961;0;1
HECIRIYE;3;7.9.1961;0;3
VERHAT;1;3.6.1981;0;1
GULZIBA;2;30.8.1968;0;2
ZOULFIIA;2;9.9.1976;0;2
ICAZET;1;14.6.1938;0;1
SAYIHAT;3;21.11.1953;0;3
TEMILE;3;9.7.1959;0;3
SIHATTETTIN;1;26.8.1955;1;0
TAGDIL;1;22.7.1955;0;1
ALIOMER;2;6.3.1979;2;0
OZGUNEV;1;3.6.1975;1;0
NURLAY;3;13.6.1962;1;2
KAZIENFER;1;21.12.1952;1;0
SEMNAM;1;7.6.1976;0;1
NURASI;1;23.8.1938;0;1
LEMYAS;3;18.7.1949;3;0
SIRGUL;2;23.7.1984;0;2
TUNAYASAR;1;7.4.1952;0;1
SUREYI;1;16.6.1964;0;1
FEPI;1;22.8.1973;1;0
HURBIYE;9;13.9.1978;0;9
BULHAN;5;19.9.1960;1;4
MUSAMBA;1;8.7.1964;0;1
MAZMAN;1;27.7.1938;1;0
ELLEDDIN;1;22.2.1973;1;0
GULFAZE;4;24.10.1970;0;4
APTULGAFFAR;1;1.9.1950;1;0
MIRTACETTIN;2;9.6.1967;2;0
NAGIHAR;5;18.7.1969;0;5
EZEDDIN;3;5.6.1971;3;0
SALDUK;1;26.11.1991;1;0
INNET;3;10.3.1963;0;3
CINNAR;1;23.6.1967;0;1
KIZGUNAY;1;16.10.1955;0;1
LUTUYE;7;20.8.1962;0;7
MESDA;1;14.3.1965;1;0
TELATTIN;1;6.4.1957;1;0
ABDUNIHAT;1;4.4.1966;1;0
CENFARIYE;1;6.4.1962;0;1
SEBEHITTIN;1;11.12.1972;1;0
BEDRIAY;2;16.11.1976;1;1
LUBABE;4;1.11.1974;1;3
NURBAKIYE;1;5.4.1989;0;1
SEBADEL;1;5.12.1990;0;1
NEBAIL;1;6.11.1949;0;1
VADITTIN;1;18.5.1946;1;0
GULMEYREM;3;9.8.1971;0;3
AYTAK;1;30.8.1963;0;1
VEYSUGUL;1;25.10.1986;0;1
NAHZER;1;26.5.1949;0;1
KITCA;1;7.2.1964;0;1
USTUNOL;4;4.3.1965;4;0
HINNAVI;1;13.2.1971;1;0
CISAR;1;9.2.1991;1;0
RUFDANE;1;16.3.1951;0;1
HULKAN;6;14.2.1965;3;3
DAIN;1;13.5.1980;1;0
SAHBADUN;1;27.1.1968;1;0
NAZAKE;1;11.3.1957;0;1
MEBRURIYE;4;10.3.1952;0;4
DELAY;1;10.5.1988;0;1
UFAKKIZ;1;9.4.1964;0;1
SEPBOY;5;26.8.1965;0;5
MUHUBETTIN;3;5.11.1976;3;0
GUNNUHAN;1;22.2.1967;0;1
TIMYAN;1;16.4.1968;0;1
SECIMNAZ;2;7.11.1973;0;2
CEMCIHAN;2;1.7.1980;2;0
MEHMETDERVIS;1;15.10.1950;1;0
SEYYET;2;29.11.1954;1;1
ARSINET;1;17.2.1984;0;1
MUSKIL;1;5.3.1945;0;1
RUKIYAN;1;12.2.1983;0;1
MOHUBU;1;12.3.1971;1;0
ETAM;1;2.11.1951;1;0
ZEKIN;4;14.1.1962;3;1
ILMIABIT;1;3.7.1962;1;0
ALIESKER;5;10.12.1956;5;0
LIVEYE;1;8.2.1968;0;1
MIZAMEDDIN;1;4.7.1963;1;0
SERFIE;1;22.3.1973;0;1
SERANAZ;1;17.8.1930;0;1
YEMENI;3;30.5.1961;0;3
SAUDIN;1;2.8.1969;1;0
SATISE;1;22.7.1973;0;1
SAHARGULU;1;6.5.1954;0;1
MERSADIYE;1;28.2.1964;0;1
ASFARIYYA;1;29.3.1976;0;1
HAYDARCAN;5;21.3.1986;5;0
YALDUZE;1;22.8.1937;0;1
ESUT;2;10.7.1933;0;2
MURVETA;2;7.8.1943;0;2
NASUT;3;9.6.1967;1;2
SELMANIFARISI;1;7.8.1982;1;0
SEYITIDE;1;27.8.1938;0;1
RAMKA;4;21.1.1961;0;4
MUAMERE;1;12.8.1979;0;1
TUGKAAN;2;15.11.1986;2;0
GULSUYAT;1;8.8.1952;0;1
SERSUAVI;1;12.9.1961;1;0
ARIFEYE;1;13.6.1964;0;1
UZUN;2;7.10.1962;2;0
SABAHKO;1;13.2.1970;1;0
EZNAR;7;28.3.1959;0;7
MUSRUK;1;22.4.1961;1;0
ZUHIBIYE;1;3.3.1951;0;1
DINEL;1;16.5.1982;1;0
ILLER;2;4.10.1958;2;0
BAHDIR;1;16.6.1982;1;0
TAYKIN;1;2.2.1975;1;0
KERHAN;1;30.12.1950;0;1
AVINAY;1;11.4.1979;0;1
SEFABEY;5;22.8.1962;5;0
EKGUL;3;11.2.1974;0;3
DILEHURMUZ;1;12.2.1977;0;1
SADIYAN;1;21.11.1977;0;1
HILIM;20;18.9.1969;20;0
HASSIHAN;3;4.5.1967;0;3
HAVIYSE;1;11.2.1976;0;1
VEFAKER;1;18.1.1966;0;1
MAHSULUGUL;1;3.11.1949;0;1
ZELAHE;1;17.7.1972;0;1
MITENA;1;2.7.1939;0;1
DILGUSE;1;14.4.1967;0;1
GOKOGUZ;1;22.12.1991;1;0
TULAYSEN;1;23.2.1954;0;1
ISTHANEDIN;1;9.11.1978;1;0
ALEMI;1;24.4.1954;1;0
GULCEKAR;1;29.7.1965;0;1
HUZULIYE;1;21.8.1977;0;1
SOFYE;1;24.2.1944;0;1
DAGDEVREN;1;28.6.1967;1;0
MAZLUMER;1;5.6.1974;1;0
M.SULEYMAN;1;2.10.1966;1;0
ALYESAN;1;27.8.1926;0;1
UZLIFER;2;19.3.1962;0;2
NEHFAIL;1;9.8.1978;0;1
HULAYA;2;24.8.1970;0;2
RUHNEDDIN;1;18.7.1964;1;0
SAYEMIN;1;8.1.1987;0;1
MUCANIDE;1;28.1.1991;0;1
GURCEHAN;3;4.6.1965;0;3
NEGATI;1;2.2.1975;1;0
HUZZEM;1;11.11.1963;1;0
SAFUGUL;2;21.11.1964;0;2
MIDVER;2;26.11.1950;0;2
NESFER;2;30.5.1968;0;2
MUDAVVER;2;16.6.1945;1;1
GANYE;1;21.5.1975;0;1
SEFARE;3;23.9.1948;0;3
GULBAHARIYE;2;29.9.1976;0;2
RUKNUDDIN;1;15.11.1973;1;0
NAZENTEN;1;17.9.1984;0;1
ERPUZER;1;26.11.1978;0;1
IBRIGUL;1;27.4.1986;0;1
RAYIGUL;1;27.2.1962;0;1
MUAYLA;2;15.12.1965;0;2
LEMEHAN;1;12.6.1965;0;1
DAHIMA;1;1.1.1974;0;1
NESFIKA;8;1.5.1951;0;8
NATRI;1;23.3.1967;1;0
MUCBEDDIN;1;21.4.1971;1;0
DORAY;2;11.5.1983;2;0
TOYUZGUL;1;9.10.1962;0;1
SAHUMERDAN;1;18.8.1975;1;0
BEDIYET;1;3.4.1975;0;1
HAYDERI;1;27.2.1968;1;0
TAFURA;1;11.5.1973;0;1
KULSER;5;15.4.1946;0;5
ZULKAYI;1;21.10.1987;1;0
YUCETURK;3;12.9.1973;3;0
HEVDANE;2;13.4.1983;0;2
DINCAR;3;11.11.1952;3;0
ENESYA;1;21.9.1986;0;1
GOULTCHATCHAK;1;7.10.1978;0;1
REDIM;3;12.3.1958;3;0
AYDINGOR;1;23.6.1935;1;0
URSIL;1;10.9.1961;1;0
NAHIGE;1;17.10.1971;0;1
NEGYUZEL;1;5.8.1964;0;1
SUSANGUL;2;17.8.1955;0;2
ZULFUSAH;2;16.3.1965;0;2
NEWIN;1;13.1.1968;0;1
BRITTA;2;1.11.1954;0;2
PERRI;3;24.1.1962;0;3
VANNICLE;1;12.8.1982;1;0
PURUZA;1;24.3.1961;0;1
GULCITAY;1;29.9.1983;0;1
CEDGIN;1;22.10.1944;1;0
AKTO;1;22.5.1961;1;0
ABEYGUN;1;2.11.1978;0;1
IKSIR;4;23.3.1972;0;4
PURKEMAL;2;27.3.1937;0;2
SERABEN;3;27.6.1986;0;3
NURDIVAN;1;18.5.1973;0;1
ZENNURU;2;30.1.1968;0;2
ASILAY;9;7.9.1984;3;6
VESTLE;1;8.6.1985;0;1
YUMGYUL;1;18.5.1979;0;1
KESKIZER;1;3.11.1966;0;1
NARCISA;2;18.12.1966;0;2
NAYLIN;3;13.4.1973;1;2
ALPERDOGAN;2;28.5.1957;2;0
RISVANE;1;11.7.1975;0;1
BENRA;2;19.9.1957;0;2
HINDIKAR;1;12.2.1945;0;1
ARSEM;1;30.12.1981;0;1
NERDZIZA;1;4.9.1981;0;1
REBIKE;2;16.4.1947;0;2
CELABIYE;1;27.8.1987;0;1
SITBABA;1;9.2.1957;1;0
ADEVYA;1;26.5.1945;0;1
TAMEN;1;6.9.1984;1;0
HIMDAT;3;24.12.1962;3;0
ELCANIYE;1;4.8.1978;0;1
ALEKSANDRIN;1;29.1.1950;0;1
BIRGENAY;1;28.4.1987;0;1
SANSEV;3;20.1.1954;0;3
REVINCH;1;21.9.1983;0;1
ZULASFI;1;12.9.1983;0;1
CANYAR;1;20.10.1983;1;0
ORLAN;1;5.3.1973;1;0
SUDIHA;1;20.7.1970;0;1
MEREMSE;1;1.8.1972;0;1
VEYNER;1;9.5.1980;1;0
SEFIJA;1;7.8.1958;0;1
MAZLUBE;1;20.5.1966;0;1
HARSIYILMAZ;1;26.9.1936;0;1
BEYDANE;2;26.1.1950;0;2
NELLEA;1;16.8.1979;0;1
GURKHAN;1;16.11.1987;1;0
NURCU;2;23.7.1973;0;2
TOMANBAY;2;28.7.1959;2;0
HASKALSEL;1;4.11.1974;0;1
CIDDI;2;13.7.1953;1;1
SINAV;2;25.2.1974;1;1
SEVRULLAH;1;13.3.1965;1;0
ZULKERIM;6;4.5.1963;6;0
ANIPHE;1;5.5.1972;0;1
GULBEYME;1;19.4.1951;0;1
ZECIJA;2;20.10.1962;0;2
EHSIN;2;3.11.1970;2;0
MAISERE;1;17.8.1924;0;1
NUFIR;1;3.9.1966;1;0
HURRIN;1;26.2.1965;0;1
UKUYE;2;28.2.1962;0;2
ZAFAR;3;27.10.1960;3;0
EFFADE;3;4.2.1968;0;3
GULNAN;4;11.9.1968;0;4
DUYA;3;6.9.1978;1;2
AYRIGUL;2;27.11.1948;0;2
LAZE;2;12.2.1956;0;2
KATIME;4;26.2.1957;0;4
FAHRIBEYI;1;25.8.1974;1;0
SECAYIR;1;11.2.1975;1;0
MURIZ;1;17.8.1960;1;0
AYFERA;1;16.12.1960;0;1
BINNOR;1;12.6.1965;0;1
IFEDE;1;17.7.1972;0;1
GULDEHAR;1;11.10.1959;0;1
MESAT;5;19.1.1974;3;2
ULVIYENUR;1;23.2.1978;0;1
TELMIHAN;1;20.7.1988;1;0
AYKUNO;1;24.1.1954;0;1
MAHRUSA;2;1.12.1960;0;2
BEYTO;3;12.3.1932;2;1
UMMUGUN;1;1.2.1973;0;1
SEHMIN;3;10.4.1961;1;2
MEZBET;1;17.9.1982;0;1
TEREF;1;22.2.1973;1;0
SAFED;2;10.4.1971;1;1
USNAVER;1;10.6.1968;0;1
SULIYYE;1;26.9.1966;0;1
ULVANI;4;16.1.1971;4;0
CUMYA;1;7.3.1975;1;0
TAYZE;1;6.12.1961;0;1
MAHISTAN;11;29.4.1954;0;11
YUKSATI;1;8.1.1972;1;0
SEMAFET;1;12.2.1965;0;1
AYSATUN;1;16.11.1980;0;1
HACISEN;1;18.3.1966;1;0
ILKEMUR;1;2.3.1963;0;1
NAVIS;1;12.1.1962;0;1
INYAT;2;12.8.1949;1;1
GULSUNIYE;1;11.11.1979;0;1
NIKRET;1;5.6.1985;0;1
ISMIAFET;3;12.8.1945;0;3
SEYZANE;2;28.6.1960;0;2
MAHAPBI;1;18.5.1948;1;0
HAKKANUR;1;26.3.1971;1;0
HACIMEN;1;1.11.1976;0;1
VEIT;1;26.7.1963;0;1
HAYINIR;1;5.9.1973;0;1
PASABEK;3;27.8.1953;3;0
YASABEK;2;22.4.1967;2;0
MUHREMIN;3;11.11.1979;3;0
HUKESE;2;20.9.1974;2;0
HAYZET;1;18.1.1977;0;1
AGSEHER;1;14.7.1971;0;1
VILDANINUR;1;7.5.1975;0;1
ALTINSAY;1;21.8.1958;0;1
MEHRIKA;5;7.2.1953;0;5
MUKAIM;1;2.5.1975;1;0
BERRENUR;1;1.1.1991;0;1
GULREIS;1;2.2.1957;0;1
M.ILKER;2;14.5.1959;2;0
ITIRIM;1;30.5.1959;0;1
TURKURESIN;1;6.11.1973;1;0
TEMUHAN;3;6.6.1971;3;0
BILGINOR;3;17.5.1957;0;3
BIRBIR;1;8.2.1965;0;1
KIMON;2;3.5.1946;2;0
BORYANA;1;15.4.1948;0;1
KEVCAN;1;23.1.1961;0;1
ELCEGUL;1;26.5.1960;0;1
VEHDIYE;1;14.11.1947;0;1
FEVERI;1;12.4.1959;0;1
OGUZBILGE;1;14.10.1990;1;0
ZEYMA;2;11.3.1958;0;2
ZENAIDA;3;25.1.1963;0;3
ILFERE;1;11.2.1978;0;1
UNFIYE;1;21.11.1971;0;1
RUNAN;1;27.2.1962;0;1
MEYNA;2;27.9.1950;0;2
PAYAS;1;27.8.1956;1;0
SEVABETTIN;3;3.4.1970;3;0
KANIYET;2;14.8.1965;0;2
HANZAFER;2;15.3.1959;2;0
SENABIYAN;1;11.8.1962;0;1
MIRSAL;3;29.9.1970;1;2
M.NAZIF;2;17.3.1939;2;0
LUCIYE;1;14.6.1938;0;1
ZIYNETA;2;2.8.1939;0;2
NUSRIFE;1;22.8.1967;0;1
BEHUDIN;1;28.8.1977;1;0
BEGAN;6;3.6.1962;4;2
EBUHAT;1;23.10.1935;0;1
SEFTO;1;19.8.1958;1;0
SAHMIRE;2;19.5.1948;0;2
SILADIYE;1;7.8.1952;0;1
MURIS;2;7.6.1946;1;1
SARANI;2;17.6.1953;1;1
MUZAAFER;1;8.8.1972;0;1
MELIHATA;2;10.3.1959;0;2
MIHREYE;1;1.9.1978;0;1
SEHUB;1;26.2.1966;1;0
SUNKOR;1;27.4.1923;0;1
SAFFATTIN;1;1.9.1964;1;0
MILER;4;18.4.1980;1;3
NAZENTER;1;15.2.1970;0;1
SUMMUL;1;1.2.1973;0;1
HALEM;2;7.7.1971;0;2
ZUVEYHA;1;22.1.1975;0;1
FERAHMUS;1;23.8.1960;1;0
KIPTAN;1;22.2.1961;0;1
GIRKAN;3;18.12.1974;2;1
EMPERIZ;1;17.8.1978;0;1
VEHBETTULLAH;1;22.2.1973;1;0
ZUVEYRE;2;20.12.1975;0;2
MEHMETSAKI;1;27.8.1980;1;0
MEVYUDE;1;18.4.1984;0;1
ALIKAYAN;1;7.10.1970;1;0
MULGUZAR;1;21.4.1975;0;1
KUDRUT;2;20.4.1964;0;2
MAHBETTIN;3;9.6.1962;3;0
MUBARRE;5;29.8.1974;0;5
NASIYA;3;29.8.1962;0;3
GUSIYAT;1;11.2.1933;0;1
SINHA;1;7.5.1982;0;1
FITIK;1;14.3.1953;0;1
MEHDUP;1;2.3.1963;0;1
BESIYET;1;7.2.1964;0;1
HICRIDE;1;12.2.1965;0;1
ZERDANE;3;6.2.1968;0;3
MEHMETZAR;2;20.6.1980;2;0
NARMAM;1;11.6.1961;0;1
EBRAY;1;5.3.1985;0;1
HEDARI;1;4.10.1968;0;1
MILYAHET;1;22.5.1967;0;1
KAJE;1;27.3.1950;0;1
SEZARE;1;2.8.1933;0;1
ZIAEDDIN;3;3.12.1951;3;0
BASIKAN;1;24.3.1967;1;0
MECNUNI;5;27.10.1975;5;0
MAHALA;1;11.3.1975;0;1
ABDULVAHET;2;10.8.1970;2;0
DICLEM;1;8.4.1985;0;1
GUBES;2;19.4.1970;1;1
CUNEYIN;1;27.11.1968;1;0
CARSER;1;15.2.1991;0;1
ZUBAYDA;3;9.1.1964;0;3
GUPER;1;28.1.1980;0;1
ERVIYE;3;9.10.1963;0;3
NURSANGUL;1;3.4.1977;0;1
GUMURAN;4;6.12.1962;0;4
RESIHAN;1;18.3.1976;0;1
GUVECIN;1;26.2.1966;0;1
SONUBEY;1;23.2.1951;1;0
MAGFIRAZ;1;21.4.1966;0;1
BALSAH;1;2.8.1933;0;1
EKINAR;1;23.4.1971;1;0
GULYESIMEN;1;12.3.1983;0;1
MUSGUNAY;1;1.7.1964;0;1
PULAMI;1;2.3.1957;1;0
USIDE;4;30.7.1958;0;4
HUMERYAN;3;17.1.1974;0;3
KAHRAMMAN;1;23.7.1991;1;0
KEMAHADDIN;1;3.4.1964;1;0
MASIM;3;12.9.1969;3;0
GULZARIFE;1;1.4.1991;0;1
RUHSALET;1;1.9.1955;0;1
DUNYADER;4;20.10.1969;4;0
GULUKAN;4;16.11.1956;0;4
MUKEREMIN;1;2.2.1975;1;0
NAIMBEY;2;15.8.1956;2;0
B.FATMA;1;17.9.1960;0;1
KAYDA;4;16.5.1969;1;3
KEREMEDDIN;1;24.12.1958;1;0
SOYBEN;1;26.8.1957;0;1
SAIDI;7;17.10.1964;6;1
YUNA;1;14.12.1981;0;1
GULSUNHATUN;1;19.1.1958;0;1
HATIICE;1;22.9.1983;0;1
MECIDIN;2;18.8.1951;1;1
A.RECEP;1;16.12.1970;1;0
GUNBERI;1;18.11.1975;0;1
LERCAN;1;7.12.1987;1;0
MEHMETLUTFU;3;29.4.1962;3;0
MUKRUMUYE;1;29.4.1962;0;1
BEYTAN;14;1.5.1968;5;9
RERIMAN;1;25.3.1967;0;1
ZERRINAZ;1;10.2.1975;0;1
REFAM;1;27.9.1976;0;1
BEYAZNUR;2;5.5.1980;0;2
FARIZSAH;1;11.11.1972;1;0
GUNDUZE;4;20.12.1948;0;4
FEYEZ;2;3.8.1973;1;1
DOGDAS;1;21.4.1964;1;0
ADAMAT;1;11.5.1957;1;0
DURAGA;3;11.2.1952;3;0
HUSNUAG;1;21.6.1975;0;1
IGDIR;1;6.7.1961;1;0
NACIONUR;1;13.7.1989;1;0
MULKUME;4;22.3.1960;0;4
NADETDIN;1;7.8.1966;1;0
RURDES;1;6.5.1950;0;1
SERILAY;1;6.11.1980;0;1
SANOL;4;8.5.1965;3;1
FERASEDIN;1;18.6.1946;1;0
MUSIRETTIN;1;17.6.1966;1;0
MEHMETGULI;3;5.11.1959;3;0
GULUEZER;1;22.4.1954;0;1
MAVSEKER;1;27.3.1962;0;1
ZEKERRIYYE;1;7.5.1976;1;0
BASTAM;1;17.2.1954;1;0
KOGCAGUL;1;18.12.1973;0;1
MOHREM;1;2.7.1975;0;1
AGRELIM;1;8.9.1990;1;0
KEZIBAR;1;26.2.1982;0;1
ALLETTIN;7;8.5.1965;7;0
PINUS;1;14.5.1934;0;1
MAZIME;1;17.8.1972;0;1
SATIMA;1;27.2.1956;0;1
SEYYANI;1;4.3.1975;1;0
FESLIYA;1;9.5.1978;0;1
SARIKE;1;18.1.1975;0;1
CAGABEY;1;21.11.1978;1;0
KENEDEY;1;1.8.1966;1;0
GULHERDEM;3;10.1.1958;0;3
FALIME;2;8.2.1953;0;2
LIFAZE;1;3.2.1975;0;1
DEFA;2;30.2.1984;1;1
SUDILE;1;6.6.1971;0;1
FANGUL;3;11.9.1950;0;3
GUHAM;1;5.4.1963;0;1
CIGDAM;2;25.4.1978;0;2
KENDIF;1;24.5.1931;0;1
EKAL;1;17.2.1972;1;0
HURDER;1;27.9.1968;0;1
ALIYILDIRIM;1;10.1.1964;1;0
ALTUNEY;11;11.11.1959;0;11
ASYEL;2;30.10.1960;0;2
KADDIM;1;4.6.1963;1;0
SAHKINE;2;12.7.1969;0;2
GULMAGA;1;5.7.1932;0;1
HAMIZE;5;2.4.1957;1;4
NECMUHAN;1;12.2.1953;0;1
ZEVVAL;1;16.7.1987;1;0
MEHEMMED;2;26.8.1966;2;0
ZUMRAD;2;7.3.1981;0;2
NERIGHAN;1;29.3.1962;0;1
LUTFAGIHAN;1;14.3.1965;0;1
PERVINAZ;1;12.4.1965;0;1
ELASLAN;1;1.5.1977;1;0
MAHISEK;1;1.11.1939;0;1
DANDI;6;27.7.1962;0;6
TASEY;1;27.2.1950;0;1
NUDUYE;5;2.3.1973;0;5
NISIH;1;10.1.1972;1;0
DAYBEY;1;26.8.1977;0;1
GOGUN;2;16.5.1935;0;2
ATABIL;1;21.2.1963;1;0
ENSIYE;3;21.8.1970;0;3
ZUHALASLI;1;18.10.1980;0;1
REYHALIN;1;1.10.1989;1;0
VERDAR;1;21.12.1987;1;0
MAYBE;1;26.3.1987;0;1
GAMZEL;1;29.2.1972;0;1
SAHINBALI;1;23.7.1949;0;1
LUTNEBI;1;28.9.1974;1;0
TELIMEN;1;30.5.1987;0;1
HAYATGUL;5;22.2.1969;0;5
TAMASE;4;10.6.1954;0;4
TEFABUL;1;7.2.1974;1;0
NEDINE;6;13.8.1973;0;6
ADALU;1;12.3.1953;0;1
SEMAZER;1;27.2.1956;0;1
SERIDA;6;12.12.1975;0;6
ISMAILHAKI;1;7.12.1958;1;0
CANSERTAC;1;19.9.1978;1;0
MEHMTAP;1;2.5.1987;0;1
ELESKER;1;7.4.1964;1;0
FEGRAN;1;11.11.1958;0;1
GULEHER;1;3.2.1957;0;1
SERDIHAN;4;26.7.1959;0;4
ABDULMESER;1;22.2.1961;1;0
CEMANE;2;18.8.1980;0;2
RAHIN;5;19.12.1957;2;3
BIRINCE;1;2.2.1967;0;1
TERFURI;1;14.4.1947;0;1
AZIMSER;5;13.6.1953;5;0
ANOLET;1;3.2.1955;0;1
NANAZ;1;7.8.1916;0;1
ETIYLE;1;6.1.1975;0;1
GULENTEM;1;6.1.1950;0;1
YOLDAY;1;11.7.1968;0;1
MERBUZA;3;16.4.1960;0;3
IRYEHAN;1;26.6.1975;0;1
SUDUKA;1;27.2.1962;0;1
CANBAHATTIN;1;30.2.1989;1;0
DONTU;1;15.2.1975;0;1
BASTAN;1;20.10.1957;1;0
GULBEDIR;3;9.8.1945;1;2
MENOLYA;2;30.9.1968;0;2
DONIBE;2;28.8.1974;0;2
SERCEL;2;3.1.1981;1;1
ZULAH;5;19.12.1964;0;5
VECAYI;2;10.9.1976;2;0
TEZE;1;11.3.1974;0;1
OYAR;1;24.5.1979;0;1
GIRYA;3;4.12.1961;0;3
ERSUNA;3;21.5.1972;1;2
ULUDAG;4;13.11.1974;4;0
MEMETSAIT;12;28.4.1961;12;0
GURSALE;1;20.4.1959;0;1
HEDANUR;1;22.10.1991;0;1
CAKAR;6;27.8.1946;6;0
MUFSINE;2;1.3.1978;0;2
ARBAN;2;29.6.1976;0;2
PASCALE;4;19.9.1967;0;4
UNMANI;1;9.6.1961;1;0
ESATNURI;4;13.11.1955;4;0
MELANUR;3;19.3.1973;0;3
MUHAMMEDIYE;6;6.2.1972;3;3
PILLAK;8;5.1.1950;0;8
LEMANA;2;5.6.1938;0;2
LILIHAN;1;6.8.1953;0;1
SEZGINCAN;1;15.7.1991;1;0
BENZIDE;1;6.11.1986;0;1
ZURUYA;3;24.1.1959;2;1
BEYAZIBESTAN;1;26.3.1960;1;0
NUNSEN;1;22.1.1979;0;1
HUBEYRAN;1;27.3.1950;0;1
ELIVDA;1;15.5.1953;0;1
CAMPERI;1;30.6.1950;0;1
ISLAMALI;1;19.8.1975;1;0
SUKAL;1;27.2.1980;1;0
SUHAYIL;2;2.3.1963;2;0
M.MUCIP;1;27.2.1956;1;0
MENPERUZ;1;2.5.1951;0;1
SABANBABA;1;24.5.1961;1;0
MUDUYE;1;26.3.1976;0;1
SALMAZ;4;18.4.1952;0;4
PUMGUL;1;8.1.1972;0;1
SAHLUZ;1;26.6.1982;1;0
GULBAHTI;2;27.9.1953;0;2
SEVILDAY;1;10.5.1981;0;1
ERENCEM;2;25.4.1981;2;0
GULEZET;1;4.11.1966;0;1
CEHALETTIN;1;28.1.1970;1;0
MERBUBA;1;30.2.1972;0;1
MEVIDE;11;18.2.1959;0;11
ZEYNEPHABIBE;1;21.10.1988;0;1
MUHTEBERE;2;20.2.1929;0;2
HACIKA;1;22.2.1967;0;1
SEZARETTIN;1;6.6.1986;1;0
CEZMURE;1;12.8.1965;0;1
RAHIGUL;9;26.1.1964;0;9
ARAYIS;5;1.7.1976;3;2
BIYAMETTIN;1;7.12.1970;1;0
MUDAHATTIN;1;23.5.1973;1;0
OZTURKER;1;14.4.1973;1;0
SERIYET;1;7.2.1970;0;1
MUSUK;2;29.6.1972;0;2
VERET;1;23.2.1977;1;0
TEVHITE;1;2.3.1951;0;1
DOGUSTAN;2;19.2.1979;2;0
HUNDUZ;1;16.4.1953;0;1
CIHANSIZ;1;28.7.1971;1;0
SAHAYDAR;1;27.1.1962;1;0
REYZEGUL;1;3.3.1962;0;1
INOS;1;22.5.1949;0;1
FEIMDAR;1;8.6.1970;1;0
BEYAZBEY;4;27.8.1941;4;0
SIRMIYE;1;9.12.1963;0;1
PELEVI;1;27.11.1963;1;0
GULCEVAL;1;17.9.1978;0;1
PORUZ;3;13.7.1952;0;3
FELEYTUN;3;15.1.1981;3;0
UMRUSE;1;12.2.1959;0;1
GULONDER;1;27.11.1971;0;1
NAHYA;4;24.4.1960;0;4
LE-A;1;14.9.1968;0;1
GULUZAN;3;25.8.1982;0;3
ZUBAYIT;1;7.8.1934;1;0
NULFIDE;2;1.6.1979;0;2
NELIHAT;1;22.2.1967;0;1
ZUBI;3;2.6.1951;1;2
PELIGAN;1;15.6.1965;0;1
SENDAHA;2;26.3.1986;0;2
MUMTESIN;1;28.1.1967;1;0
MAHSIDE;10;16.4.1985;0;10
SAGDIK;3;28.6.1972;3;0
ARITE;1;17.2.1966;0;1
MAHIYRE;1;21.5.1971;0;1
VISNEGUL;1;11.10.1981;0;1
VENERACION;1;18.4.1962;0;1
ABDURRAFIK;1;10.7.1987;1;0
ZEGIRE;2;24.10.1945;0;2
MEHMETSIDIK;4;10.5.1963;4;0
SARFIYE;3;14.12.1953;0;3
CUBAK;1;14.4.1971;1;0
BEYTAR;1;10.8.1968;1;0
PERLU;1;22.2.1961;0;1
ENGINA;1;7.6.1976;0;1
ZUREM;1;27.12.1962;1;0
GULELE;1;21.8.1984;0;1
EBRUSUN;1;27.8.1926;0;1
TEIP;1;25.2.1967;1;0
NAZIFESELDA;1;13.12.1981;0;1
SAHZEMER;1;2.5.1965;0;1
MAHBUBAN;1;15.4.1945;0;1
DILLI;6;7.2.1938;0;6
GULSADIK;1;30.2.1971;0;1
MUNTEHAY;1;2.6.1969;0;1
KEVRISAH;1;22.2.1955;0;1
FEZILA;3;17.12.1976;0;3
SINANALI;1;17.8.1960;1;0
OZANCEM;2;5.5.1991;2;0
TESBIDE;2;5.3.1971;0;2
ZAHITTE;1;19.9.1941;0;1
NABIZE;1;28.10.1972;0;1
MURUBBET;3;4.8.1943;0;3
NADDAME;1;7.2.1958;0;1
CERIBAN;1;30.10.1947;0;1
MASALLAAH;1;27.7.1986;1;0
NARGUILA;1;24.5.1977;0;1
DEMIRCIOGLU;2;8.8.1965;2;0
ALMEDDIN;1;12.8.1977;1;0
GULNASIR;2;13.2.1953;1;1
TURKOGUN;3;4.2.1974;3;0
EMRIMEYYE;2;25.4.1961;2;0
DUNYASEN;1;22.2.1991;0;1
MIHLINUR;1;26.2.1976;0;1
MISIME;1;12.8.1923;0;1
SAHINTE;2;22.2.1978;0;2
GUHIYE;1;12.2.1965;0;1
NUFAN;4;30.9.1969;2;2
KETEYUM;3;19.7.1964;0;3
UMUTLU;5;25.10.1964;3;2
HENUSE;2;2.7.1968;0;2
ZULFANI;2;15.9.1971;1;1
MEHTABA;1;22.2.1949;0;1
MEHSA;3;9.10.1977;0;3
ESTEN;3;23.2.1970;0;3
MAHZINI;1;22.4.1979;1;0
DEMIT;3;3.5.1988;1;2
KULYAZ;1;29.3.1972;0;1
ZORBEYE;1;18.1.1941;1;0
ISMINE;3;12.6.1969;0;3
GULTECIZ;1;1.5.1971;0;1
SEYYIDA;1;26.3.1964;0;1
EHTEMAN;1;7.8.1965;1;0
MALIVAN;5;30.1.1985;0;5
HEYTI;1;22.8.1913;0;1
BILGIT;8;29.7.1972;3;5
CABEY;2;29.12.1951;0;2
ALIISKENDER;2;11.3.1932;2;0
ISMAHATTIN;1;8.5.1964;1;0
ABDULSURUC;1;22.12.1974;1;0
ZIHRIYA;2;7.1.1979;0;2
GAYTEN;1;7.1.1963;0;1
DIRHE;1;9.4.1972;1;0
MUHCELSE;1;27.7.1953;0;1
YULKIYE;1;3.10.1975;0;1
EBURSUM;1;20.4.1942;0;1
MINDEHA;2;5.1.1969;0;2
MASIMI;1;7.6.1964;1;0
HALILSEN;1;14.7.1935;1;0
GULERCIN;1;18.9.1966;0;1
ABDULKAYIP;1;6.11.1965;1;0
UNFILE;1;26.5.1961;0;1
IKLEMA;1;22.11.1988;0;1
ZENCIFE;1;2.2.1975;0;1
ALTUNAZ;1;2.2.1951;0;1
HANARI;1;6.8.1964;0;1
HURIYEL;2;27.12.1958;0;2
KASAPOGLU;1;8.1.1970;1;0
HUSRIYA;1;27.7.1974;0;1
SAYDAS;1;11.7.1977;1;0
DEMANI;10;8.4.1973;10;0
YERAT;1;27.5.1931;0;1
HUNGER;5;18.4.1962;1;4
METINYILDIZ;1;10.3.1965;1;0
TEYYAZ;1;27.3.1956;1;0
GULBOYU;3;10.9.1980;0;3
NURHEVES;1;29.11.1985;0;1
MUDAFIYE;4;22.12.1956;0;4
YASININ;1;18.3.1980;1;0
MUZEYKE;1;10.10.1977;0;1
JANITA;2;16.2.1952;0;2
ILVAZE;2;21.9.1956;0;2
YULGEN;1;10.2.1976;0;1
BIRHAMIDE;1;12.8.1947;0;1
MUCIBI;1;11.7.1975;1;0
SAHRAP;2;9.1.1960;1;1
DURRUSEFFAR;1;17.9.1946;0;1
ADRIYEN;3;24.9.1959;0;3
AYSEMAH;1;24.4.1940;0;1
YUZILE;1;7.8.1958;0;1
VESILAY;3;7.12.1979;0;3
KORET;3;27.7.1972;0;3
PAL;1;2.8.1945;1;0
APASLAN;2;15.11.1963;2;0
NECMISE;1;14.7.1928;0;1
TULBAY;2;5.5.1982;0;2
ISTELYANO;2;23.4.1942;2;0
ERELA;1;14.7.1989;0;1
GURDAGUL;1;12.2.1977;0;1
BAPKEN;1;22.4.1926;1;0
NESHINAZ;1;27.8.1938;0;1
BOYMAN;1;28.4.1968;0;1
EMDAL;1;2.3.1957;0;1
ARSALOIZ;1;26.1.1935;0;1
SENNI;2;29.6.1964;0;2
VALERI;3;30.2.1978;0;3
LILIYAN;1;13.3.1971;0;1
FATIL;1;12.2.1977;1;0
TURBEYI;1;2.6.1957;1;0
PAHRA;1;23.12.1965;0;1
MULKNAZ;1;12.8.1923;0;1
VEYIDE;3;18.6.1973;0;3
TURTANE;1;22.6.1961;0;1
MUZDAD;2;6.8.1962;2;0
GULFURUYE;1;27.5.1968;0;1
HEPNAR;1;1.3.1937;0;1
ELMASCAN;1;20.9.1991;0;1
MESHURU;1;19.6.1948;1;0
DENIZAN;1;27.3.1986;1;0
VAHABI;2;18.9.1973;2;0
VEZLI;1;17.8.1924;0;1
ARKAL;2;12.1.1963;1;1
TURETTIN;1;19.3.1972;1;0
YURDAES;1;5.5.1944;1;0
BIROLCAN;1;1.2.1992;1;0
SAVASTI;1;4.11.1951;0;1
YASENBIL;3;16.10.1970;0;3
HURYETTIN;1;16.6.1976;1;0
YONNA;1;16.3.1961;0;1
KLIO;1;18.9.1963;0;1
UMURTAK;1;3.3.1941;1;0
UZUL;1;13.7.1934;1;0
FAHRULNISSA;1;2.8.1927;0;1
ERKOK;4;4.4.1958;4;0
HAYDE;1;7.2.1946;0;1
VERCINI;1;29.10.1936;0;1
BARGU;1;29.10.1977;1;0
ISLAVCO;1;7.8.1928;1;0
AVITAN;1;14.8.1978;1;0
DOROTTYA;1;3.6.1969;0;1
ZIYANAMI;1;2.8.1915;1;0
MARICHU;1;5.11.1965;0;1
NETSY;1;19.11.1950;0;1
ARAGIL;1;27.1.1971;1;0
KIRCAN;1;5.5.1982;1;0
EMARFIA;1;16.2.1943;0;1
CINDY;1;1.3.1959;0;1
KIRA;2;7.6.1981;0;2
LEO;2;9.4.1968;1;1
LETICIA;1;9.2.1986;0;1
ELIAU;1;27.9.1966;1;0
MAHUKER;1;28.9.1942;0;1
DARPIN;1;10.5.1980;0;1
OZSEVER;1;24.3.1973;1;0
GULESTE;2;10.5.1947;0;2
FIDAR;2;4.6.1967;1;1
GULTEYFIK;1;24.2.1962;1;0
ASKINCOMERT;1;7.6.1985;1;0
SAGSADE;6;10.1.1954;0;6
RUVIYDA;3;12.8.1954;0;3
NUTFULLA;1;1.8.1970;1;0
MAHSUAR;1;23.9.1987;1;0
GULESLI;1;22.1.1943;0;1
GULEYZER;1;24.3.1965;0;1
MUHIYIDDIN;1;5.5.1957;1;0
GUMSUL;1;3.10.1975;0;1
SECARET;1;21.11.1959;1;0
EYYUBUL;3;5.2.1964;3;0
HOMAYI;2;18.9.1961;0;2
HASALET;1;17.8.1912;0;1
FAYTOS;1;9.4.1934;0;1
HASLIK;1;12.12.1931;0;1
HAHUN;1;14.5.1971;0;1
HUKPER;1;2.1.1980;0;1
PALURI;1;5.11.1974;0;1
AYTAY;1;7.10.1970;1;0
MEHRZAD;1;2.6.1974;0;1
MURNET;1;23.3.1947;0;1
ANILHAN;3;4.2.1989;2;1
SERKOC;1;22.3.1985;1;0
KANTURK;1;12.5.1965;1;0
NEBAHTA;2;24.11.1955;0;2
DURSUNCAN;3;6.11.1974;3;0
ERNAIM;2;16.5.1983;2;0
GHAILAN;1;16.11.1987;1;0
GHINAN;1;12.8.1989;1;0
LARIS;2;24.6.1991;0;2
SIDNI;1;24.7.1985;0;1
CINE;4;26.5.1962;0;4
HURIGUR;1;26.11.1970;0;1
SEVCENUR;1;26.12.1971;0;1
AKPILEK;1;4.3.1957;0;1
YETISHAN;2;29.1.1980;2;0
AZZUR;1;19.6.1942;1;0
NURAFETTIN;2;26.7.1973;2;0
HALUKCEMAL;1;4.3.1962;1;0
NURBEYHAN;2;1.11.1964;1;1
NAZALIRU;1;27.10.1931;0;1
ALDULKADIR;1;12.7.1966;1;0
M.NAZMI;1;2.8.1939;1;0
JANSANEM;1;12.4.1976;0;1
REYENT;2;8.9.1957;2;0
HEYTAM;2;11.4.1954;2;0
KANNI;1;8.1.1970;1;0
DURDANUR;3;17.5.1964;0;3
NEZAKAN;1;11.5.1979;0;1
REVHAT;1;28.6.1984;1;0
BITAP;1;28.7.1966;0;1
NAIMSER;1;4.3.1978;0;1
MECHUR;1;3.9.1968;1;0
MUHAZEZ;6;25.8.1964;0;6
BULYAMIN;2;22.7.1972;2;0
EFIGENIA;1;12.10.1973;0;1
YISHAK;2;12.2.1948;2;0
FARUKIYE;1;3.4.1966;0;1
FADIMEDUZEHRA;1;20.7.1968;0;1
MOHLETTIN;1;26.7.1953;1;0
TELVIN;5;10.1.1978;0;5
BEVINUTA;1;9.9.1954;0;1
RAQUEL;1;11.11.1977;0;1
SERTERHAN;1;20.8.1976;1;0
NOURHAM;1;23.8.1970;0;1
RIVET;1;8.2.1951;0;1
ANATOLALTA;1;11.12.1991;1;0
CEHEDA;2;28.5.1960;0;2
BURKEN;3;1.2.1952;0;3
PERIZAD;3;19.7.1949;0;3
UNTER;1;20.3.1966;0;1
GUNADIYE;1;9.3.1946;0;1
AVIANTY;1;11.8.1984;0;1
KEZUBAL;1;12.6.1935;0;1
MIDAMI;1;6.10.1947;1;0
ROSALIA;2;7.10.1970;0;2
CONSUELA;1;28.12.1976;0;1
GULUMDER;2;1.1.1971;0;2
ERNEST;2;4.4.1939;1;1
PERMIYE;1;11.3.1957;0;1
MUNEDDIM;1;29.5.1934;1;0
DILEKGUL;3;27.3.1977;0;3
NELLYA;1;10.4.1979;0;1
MEDGE;1;3.12.1962;0;1
DULENT;1;27.2.1964;0;1
DENEZ;2;25.8.1982;0;2
FILUZAR;1;6.10.1966;0;1
LIMIDE;2;17.11.1970;0;2
YURDAEL;1;16.2.1976;1;0
KIZILKAPTAN;1;10.4.1976;1;0
MAKUS;1;26.3.1964;0;1
SEMSES;1;11.9.1970;0;1
AHISEN;1;6.5.1963;0;1
CEMGOKSEL;1;17.3.1978;1;0
GURNAR;3;29.4.1959;1;2
EMIRALP;1;17.5.1991;1;0
RAFURE;1;6.10.1981;0;1
ALONA;1;28.6.1980;0;1
ELCIYE;1;6.9.1956;0;1
ROKOS;7;30.10.1953;1;6
UMYANI;1;26.3.1972;0;1
RISPI;1;23.11.1945;1;0
EVEL;7;9.7.1977;0;7
SEMIYYA;7;28.11.1965;0;7
ZERRAF;1;13.1.1958;1;0
JUGNU;1;6.11.1965;0;1
SARTA;1;29.10.1986;0;1
GACAR;1;22.6.1973;1;0
SIGRUN;1;10.2.1958;0;1
MURETTIN;2;8.6.1961;2;0
HIZIRHAN;2;29.1.1979;1;1
TEYZE;3;1.1.1957;0;3
NACAYE;1;28.3.1956;0;1
PARASKEVU;3;25.8.1936;0;3
GENCOLA;1;14.7.1985;1;0
GENCKALA;1;4.3.1983;1;0
HEMDE;3;8.11.1967;0;3
MEPPULE;1;4.5.1974;0;1
RUZEDA;1;12.8.1923;0;1
SULBEHAN;2;30.5.1944;0;2
BATILAY;2;28.12.1984;2;0
RAHMIS;5;30.11.1953;3;2
YINNUR;1;1.1.1965;0;1
SATIEBRU;1;25.2.1980;0;1
CEMBANE;1;22.1.1949;0;1
ZEMIRYE;1;2.2.1951;0;1
FRIDERIKI;1;20.6.1949;0;1
NUHAMER;1;21.3.1954;1;0
YASAMIS;1;18.6.1972;0;1
ADELE;6;25.4.1964;0;6
AHMETHEMDI;1;26.1.1943;1;0
MUSKIYAZ;1;21.5.1965;0;1
DILFES;1;13.3.1959;0;1
SERVULENT;1;25.8.1974;1;0
HACEGUL;1;12.2.1947;0;1
ASINYA;1;26.9.1942;0;1
MIHRAY;5;9.5.1975;0;5
YONCAY;3;5.7.1978;0;3
NUHKAAN;1;18.2.1990;1;0
KERRY;3;29.9.1975;1;2
ELPAN;1;10.11.1938;0;1
OYGARHAN;2;24.11.1978;2;0
KURUGUL;1;30.4.1961;0;1
TULUHI;1;21.3.1927;1;0
GULKARA;2;20.9.1955;0;2
SEHRZAD;2;27.1.1979;0;2
CAGAKAY;1;27.6.1988;1;0
BERNIN;1;11.2.1981;0;1
SUBHIYA;1;11.8.1965;0;1
MUSLIHATTIN;3;8.3.1944;3;0
AYPARS;2;8.11.1967;1;1
ESERGIR;1;19.6.1981;0;1
AKBAHAR;1;26.9.1987;0;1
USTEN;3;2.10.1945;1;2
CIGME;1;26.4.1973;0;1
YETAI;2;8.12.1962;2;0
PINALOP;1;12.8.1923;0;1
ALIBOHAC;1;18.4.1972;1;0
MEYVERE;1;11.8.1928;0;1
MAZUM;2;10.1.1972;1;1
BIGKEM;1;11.4.1987;0;1
GULLEM;1;4.12.1961;0;1
REVAP;2;20.10.1991;0;2
SEBIKE;2;22.9.1969;0;2
SUMMAHI;1;17.6.1965;1;0
SEVZICAN;1;26.6.1966;0;1
URUFEN;3;24.9.1954;0;3
POGEN;1;17.2.1980;0;1
AKNURAY;1;29.1.1952;0;1
DURDINE;1;22.3.1973;0;1
NUCIN;1;12.1.1976;0;1
MECEHA;1;7.2.1982;0;1
NUFTEREN;1;17.1.1954;0;1
ATANAR;2;28.9.1969;2;0
SELAHIYE;6;29.7.1956;0;6
YELISE;1;16.7.1986;0;1
REFEKA;1;26.1.1966;0;1
MEZIHAN;10;7.8.1959;0;10
RESVETTIN;1;15.4.1947;1;0
ISABENA;1;5.10.1972;0;1
CEMISAP;2;17.2.1960;2;0
LOYA;1;4.11.1971;0;1
BLANDIN;1;9.11.1979;0;1
EERKAN;1;11.11.1973;1;0
GOKKEK;1;12.3.1947;0;1
HEVSER;2;18.6.1957;1;1
IRVING;1;23.1.1977;1;0
YASEBIL;2;23.9.1977;0;2
ADEDOTUN;1;23.5.1973;0;1
GULDAS;3;1.2.1979;0;3
ELEANORA;1;18.10.1979;0;1
YILTAZE;1;12.2.1959;1;0
MAOR;1;20.8.1989;1;0
LIS;1;7.10.1982;0;1
UMMUKALSIN;1;1.12.1971;0;1
RESIMGUL;2;27.9.1948;0;2
MENPERIZ;1;15.6.1965;0;1
HURDILAVER;1;8.5.1955;1;0
MARCELLE;1;22.5.1966;0;1
ORKANT;1;27.9.1974;1;0
HURIYETTIN;9;9.5.1954;9;0
MEVTUNIYE;1;22.1.1979;0;1
GULCISTAN;1;11.2.1973;0;1
BURSEM;1;12.3.1986;0;1
AURELIEN;2;22.5.1990;2;0
INFENITA;1;9.8.1947;0;1
ISTILANO;1;13.9.1937;1;0
RAIMZE;1;7.8.1928;0;1
HIRKET;1;11.5.1969;0;1
ZERKALEN;1;21.4.1951;0;1
INGLING;1;12.8.1965;0;1
GENCNUR;1;2.8.1975;0;1
MUJDESEN;1;17.5.1978;0;1
BERTO;3;15.6.1964;2;1
MARILOU;2;21.5.1963;0;2
EDELGARD;2;24.3.1953;0;2
FLOCERFIDA;1;30.10.1974;0;1
BERT;1;1.1.1986;1;0
TURGUTTANKUT;1;16.9.1980;1;0
SEVUBE;1;23.1.1959;0;1
MAID;1;8.5.1950;1;0
ZINAYIDA;1;23.12.1948;0;1
SERDAB;1;26.11.1967;0;1
MINISAH;1;21.5.1974;0;1
CRUZELDA;1;20.4.1967;0;1
MIHRIDILBER;1;5.11.1959;0;1
RENEBIE;1;30.6.1965;0;1
HOLLY;1;9.11.1974;0;1
BALSAN;1;14.11.1974;0;1
HUSEYINNEVZAT;1;29.6.1963;1;0
MEVFUZE;1;1.5.1936;0;1
HUROZAN;1;13.3.1983;1;0
ILAM;6;19.2.1972;5;1
GOULCHAT;1;5.7.1973;0;1
ARGERO;1;16.11.1941;0;1
MAHIFURUZ;5;1.8.1940;0;5
GHIULMAN;1;15.5.1967;0;1
RUSENALI;2;10.12.1979;2;0
ALICIAL;1;19.12.1951;0;1
MUREYYEN;1;21.2.1954;0;1
EVANGELINE;1;28.8.1963;0;1
VIJLAN;1;21.9.1986;0;1
EMINITTIN;1;3.1.1951;1;0
GUBAHCE;1;17.2.1966;0;1
SUMEYRAGUL;1;2.9.1987;0;1
LANIE;2;16.7.1970;0;2
BIBIN;2;13.8.1933;0;2
JESUSA;1;16.1.1974;0;1
FEVZICAN;4;17.10.1981;4;0
MERCIBE;1;20.11.1948;0;1
VENTSI;1;1.9.1945;1;0
VURUJI;1;9.3.1934;0;1
MESHI;1;2.10.1957;0;1
MILYO;1;19.5.1949;1;0
ALTEMURCAN;1;9.7.1991;1;0
MERUL;3;12.12.1968;1;2
AYLIYA;1;4.4.1980;0;1
SAADETGULGUN;1;25.2.1960;0;1
ALEXSANDRA;1;28.3.1974;0;1
IFRAM;1;16.3.1933;1;0
BURUCEN;1;3.3.1986;0;1
TENEZZUP;1;28.3.1963;0;1
ARPAK;1;18.4.1977;1;0
HEKMATOLLAH;1;3.6.1947;1;0
HAYEM;1;12.8.1923;1;0
MELSEN;1;23.7.1972;0;1
PAKETNUR;1;1.11.1966;0;1
OGEM;2;15.5.1985;0;2
SENGULU;2;1.9.1972;0;2
GUNESHANIM;1;20.12.1971;0;1
SAHNAZAR;4;13.7.1964;2;2
SEYDEM;3;1.8.1983;0;3
EKLIL;2;24.3.1939;1;1
AMABLE;1;28.7.1943;0;1
TADSER;1;17.2.1942;1;0
CEZALET;1;20.9.1925;0;1
GOKCEDENIZ;1;19.9.1986;0;1
CANSEZA;2;5.8.1988;0;2
FIRENUR;1;11.6.1988;0;1
TUNCDAN;3;11.10.1961;3;0
BILADE;2;25.9.1969;2;0
EMINSARP;1;22.9.1987;1;0
SEHERMELEK;2;1.2.1943;0;2
MEZEYEN;4;20.7.1958;0;4
ZIVEL;2;26.4.1973;1;1
NEFSIME;1;1.3.1972;0;1
HUDAGAR;1;25.2.1988;1;0
KANDUK;2;29.1.1961;0;2
OZGUNHAN;1;9.10.1989;1;0
SIVEYDA;1;23.3.1984;0;1
JEKI;1;16.12.1955;1;0
IBCAL;1;2.8.1915;0;1
ABDURBARI;1;2.11.1981;1;0
SENTO;1;17.4.1976;1;0
ALPOGUZ;3;2.5.1973;3;0
HUBUYARI;1;1.8.1986;1;0
PASKALI;1;5.6.1966;1;0
HICRICAN;1;23.4.1987;1;0
GURDALE;1;13.6.1956;0;1
DOGKUT;1;28.6.1986;1;0
HIRS;1;22.5.1962;1;0
RAGUEL;1;3.8.1975;0;1
VASILIS;1;17.7.1932;1;0
MEHUP;1;2.3.1951;0;1
BIYENVENIDA;2;15.10.1962;0;2
DORKEN;1;25.8.1986;1;0
MAHSTI;1;24.12.1968;0;1
MUSAMEMET;1;9.1.1958;1;0
NUKBAN;1;12.10.1933;0;1
CHRISTEA;1;26.4.1936;0;1
CANARIL;1;18.12.1990;1;0
BUSECAN;2;1.11.1988;0;2
NIKHET;1;7.2.1958;0;1
AGNUR;1;3.10.1944;0;1
GURCULU;2;30.3.1941;0;2
BETINE;1;5.8.1973;0;1
ISMINI;1;7.8.1922;0;1
EVDOKICE;1;4.10.1934;0;1
TRIANDAFILIA;1;11.3.1952;0;1
JACKIE;2;14.5.1967;1;1
CATIBE;1;17.2.1966;0;1
STELO;1;8.7.1966;1;0
TRIYANDAFILOS;1;27.3.1946;1;0
ISTAVRUTA;1;4.4.1953;0;1
GRASYELA;3;25.5.1955;0;3
CAHIDI;5;10.4.1967;5;0
MUAHRREM;1;7.2.1952;1;0
SARON;2;27.2.1976;1;1
NISEN;3;11.9.1961;1;2
ROSALINDA;1;11.5.1957;0;1
ASLET;1;12.2.1935;0;1
DEREBEGI;1;29.4.1969;1;0
ELBEI;1;22.2.1967;1;0
FORTUN;3;25.4.1947;0;3
MARKIRD;1;6.9.1949;0;1
EZENGIL;1;12.2.1971;0;1
FAIKADIDEM;1;5.9.1975;0;1
GENELGUL;2;30.11.1965;0;2
OZI;1;2.2.1986;1;0
GAYIM;5;25.3.1969;5;0
ZEN;1;8.8.1991;1;0
LIAT;1;27.4.1981;0;1
MILONDA;1;16.1.1958;0;1
LUCI;1;16.3.1974;0;1
DAVINA;2;26.2.1979;0;2
BENURA;1;17.5.1988;0;1
FRANKA;4;7.4.1945;0;4
ELENICA;1;11.11.1944;0;1
GULDIBEK;1;6.7.1965;0;1
MIHAI;3;8.6.1972;2;1
MESULLAM;1;1.12.1972;1;0
GORE;1;10.3.1972;1;0
DILNIHAT;2;4.12.1926;0;2
MADALEINE;1;12.8.1929;0;1
PNINA;1;2.5.1960;0;1
UZDEM;3;7.8.1966;2;1
YERMAN;1;13.11.1938;0;1
PERS;1;19.11.1955;0;1
DIDIER;2;9.11.1962;2;0
COLETTE;3;4.2.1950;0;3
KADIRLI;1;16.9.1978;1;0
EMMANUIL;1;3.2.1924;1;0
NICLIHA;1;27.2.1962;0;1
ERANIK;3;27.7.1938;0;3
NETZIHE;1;12.8.1941;0;1
MERTASLAN;1;13.7.1978;1;0
TILDE;1;9.9.1991;0;1
GULBATU;2;2.10.1968;0;2
FELGUN;1;27.8.1960;1;0
ILKO;1;18.5.1968;1;0
ARASD;1;25.3.1940;1;0
AKON;2;13.10.1956;2;0
YUANA;3;5.9.1943;0;3
GIACOMINA;1;27.12.1962;0;1
EKMELEDDIN;2;27.6.1960;2;0
MEHRITAP;1;20.8.1976;0;1
SAMIMET;11;13.11.1947;2;9
ADON;1;12.8.1945;1;0
EGIA;1;2.7.1949;1;0
GURSEMIN;3;19.7.1981;0;3
TIMOUR;1;21.10.1991;1;0
HASPURCE;1;2.11.1981;0;1
ROKSI;2;7.5.1982;0;2
YIYIT;2;1.1.1976;2;0
GULPE;5;15.8.1949;0;5
DEYA;1;23.5.1959;1;0
ISTEMATI;1;5.6.1935;1;0
FADWA;1;23.12.1962;0;1
LARETA;1;13.4.1972;0;1
HRACUHI;1;22.1.1931;0;1
VEFALI;1;10.4.1964;0;1
SIHAME;1;7.5.1939;0;1
ABDULTABIP;1;4.11.1977;1;0
SAHVIRAZ;1;11.4.1946;0;1
SEDID;2;7.8.1967;2;0
LAUREL;1;22.4.1971;0;1
MERLYN;1;27.9.1966;0;1
BEKIZAR;2;25.3.1964;0;2
ROSALIE;1;7.8.1978;0;1
IVONI;1;5.1.1955;0;1
ELIZET;1;5.5.1938;0;1
SETGAN;1;9.3.1964;1;0
BURCAL;2;26.11.1981;1;1
FRANCISCA;3;14.11.1967;0;3
MIA;1;22.6.1984;0;1
ETHELL;1;24.2.1966;0;1
DENIZTEKIN;1;2.10.1975;1;0
LEVAIL;1;27.5.1950;1;0
TEYFIKCAN;1;8.9.1991;1;0
EVRIKLIA;1;15.6.1962;0;1
VITLEEM;1;2.8.1939;0;1
AYBIRSEN;1;1.9.1943;0;1
VASILINO;1;4.3.1971;0;1
AILEEN;2;5.1.1982;0;2
OZGUREVREN;1;1.7.1982;1;0
ONCA;4;19.4.1971;0;4
ANDRA;1;2.10.1931;1;0
YEYHAN;1;30.5.1950;0;1
BURANT;2;27.3.1974;2;0
AHBER;3;15.5.1969;2;1
KOPLAY;3;9.11.1936;3;0
SEHRAZE;2;17.7.1966;0;2
ELISEVA;1;10.3.1961;0;1
F.YILDIZ;1;6.6.1937;0;1
YURDADAL;1;16.6.1951;1;0
RABENO;6;4.3.1954;6;0
RIYNA;1;1.7.1943;0;1
SAHRU;3;15.1.1977;0;3
BINDALLI;1;29.1.1973;0;1
SUPARA;1;30.4.1975;0;1
OMEEL;1;22.5.1965;0;1
ARIELLA;1;24.2.1970;0;1
LIO;1;3.4.1950;0;1
BO;1;9.8.1967;0;1
LORETTE;1;9.8.1947;0;1
DIAN;1;30.6.1989;0;1
PIRKKO;1;11.6.1942;0;1
SUZANN;3;24.3.1971;0;3
GULBELDE;1;17.8.1975;0;1
ERGEZEN;9;5.9.1958;9;0
DALIT;1;1.1.1983;0;1
SALIHAPINAR;1;18.3.1973;0;1
KYLIE;1;13.9.1991;0;1
NADZHIE;1;19.6.1962;0;1
ILIZA;3;21.11.1958;0;3
ALPERTONGA;1;17.7.1960;1;0
SULECAN;2;10.6.1980;0;2
SERCIO;1;20.5.1990;1;0
KARDEL;1;16.9.1975;0;1
TACDAR;1;9.5.1976;1;0
HADIYEH;1;2.3.1951;0;1
SORHAN;1;11.2.1987;0;1
VIGDAN;1;29.2.1963;0;1
UGURCICEK;1;14.3.1936;0;1
AMELEYA;1;29.3.1951;0;1
HUSNUIYE;1;22.7.1955;0;1
SEPGUL;1;22.2.1979;0;1
FAHRUL;1;27.7.1936;1;0
SUSEMGUL;6;29.9.1974;0;6
MUASSAR;1;16.1.1932;1;0
CANDIYE;1;14.4.1950;0;1
SENKOC;1;10.6.1978;1;0
NISALET;2;8.10.1960;0;2
ILKLINAN;1;27.10.1968;0;1
TEVKIDE;1;5.9.1957;0;1
SULBEYE;2;27.4.1956;0;2
ILAVE;1;13.2.1965;0;1
NARINBADON;1;17.2.1930;0;1
NILBAR;1;15.10.1978;0;1
IRNA;1;14.12.1969;0;1
BALASU;1;16.8.1983;0;1
COSNUR;3;17.5.1974;1;2
GHEORGHINA;1;12.11.1979;0;1
PISMANIYE;1;21.8.1969;0;1
NURBUKET;3;11.12.1972;0;3
SAHALP;1;12.2.1961;1;0
MEZRAHAN;1;24.9.1989;0;1
FEKAN;1;18.3.1943;0;1
GUZSUN;2;24.9.1946;0;2
DAFIL;20;20.2.1958;20;0
LOBEDI;1;16.3.1985;1;0
GOKCEAY;2;23.9.1987;0;2
TUTEZ;1;24.3.1961;0;1
ANKAY;1;27.8.1944;0;1
HERBERT;2;5.7.1966;2;0
JESS;2;27.10.1981;1;1
MIHRINNUSA;1;14.1.1963;0;1
SANABAR;2;4.11.1956;0;2
NELIH;1;21.3.1964;0;1
AYYUZ;1;3.9.1942;0;1
DRAGANA;1;30.11.1963;0;1
LYNNE;6;28.10.1965;0;6
ERCENUR;1;17.4.1988;0;1
TOUFAN;1;4.1.1968;0;1
TESSA;1;21.3.1985;0;1
IVETA;1;2.1.1970;0;1
AZMIMURTEZA;1;11.11.1946;1;0
BENCILEY;1;11.3.1954;1;0
ONNIG;1;21.10.1961;1;0
NESDA;2;9.11.1956;0;2
NERSEZ;1;23.7.1968;1;0
JOANA;2;11.9.1965;0;2
RIKER;1;22.1.1991;0;1
SIGNE;1;8.2.1988;0;1
RIVIDE;5;4.6.1953;0;5
BENKITUL;1;1.3.1943;0;1
ROOSMARIE;1;15.6.1989;0;1
HAZRAGUL;1;26.8.1985;0;1
TOMAZO;1;9.3.1956;1;0
MAISY;1;4.9.1971;0;1
OZGUNERI;1;26.8.1972;1;0
GREENA;1;4.5.1967;0;1
OZENER;4;19.6.1972;4;0
NUMBUS;1;5.12.1951;0;1
BILADA;4;3.10.1955;2;2
ELIE;3;18.6.1986;1;2
JELARDIN;1;22.2.1943;0;1
BERMUDE;1;8.1.1963;0;1
IGDANE;1;19.4.1979;0;1
TUIRE;1;9.3.1978;0;1
IHFER;1;27.9.1966;0;1
HUNBERK;1;10.10.1957;1;0
MEHMETA;2;23.7.1960;2;0
JANICE;8;5.2.1955;0;8
SIRCA;1;21.1.1989;0;1
SONKAL;1;2.2.1974;1;0
NEVHAT;2;26.9.1982;2;0
GULNIDAN;1;13.6.1988;0;1
REVHA;3;11.1.1989;0;3
GULMEKAN;1;2.5.1975;0;1
ASGANUS;2;26.11.1961;0;2
LITSI;1;14.8.1973;0;1
HAYARPI;2;11.4.1951;0;2
CHOONAE;1;17.3.1954;0;1
NUSCHIN;1;7.4.1978;0;1
HASMONAY;1;10.9.1959;1;0
MAHRUR;2;14.4.1971;0;2
SAYER;9;4.7.1963;3;6
PEYKUNT;1;13.2.1939;1;0
NEJDIHAN;1;19.4.1965;1;0
IDET;1;3.10.1972;0;1
VIZA;1;13.2.1950;0;1
GUNENDI;1;17.10.1942;0;1
UMMUGULLU;5;20.9.1961;0;5
OTAY;2;21.10.1970;1;1
TOKYAY;5;9.8.1963;5;0
MARIY;1;18.10.1977;0;1
OZULE;1;4.4.1975;0;1
GUDESTE;1;13.4.1953;0;1
CIVEYRIYE;1;7.4.1946;0;1
DIRIN;1;10.6.1984;0;1
LUTVAN;2;2.2.1958;1;1
GULALTUNLU;1;3.2.1945;0;1
SAVNIYE;3;30.8.1959;0;3
ASSUNTA;1;10.9.1973;0;1
ENNEHAR;1;3.3.1983;0;1
MERIKA;8;30.4.1968;0;8
BEHIYANUR;1;13.12.1979;0;1
ARZY;1;29.7.1963;0;1
GERSI;1;3.4.1979;0;1
TULKAN;2;22.2.1968;1;1
BERNIHA;1;12.7.1972;0;1
MUCADIL;1;5.2.1960;1;0
MALTEM;1;18.9.1965;0;1
ERDAMCAN;1;30.11.1958;0;1
FULURYA;1;26.1.1976;0;1
HIVEYDE;1;27.8.1932;0;1
BEHAATTIN;2;14.2.1952;2;0
CANFIRE;1;29.7.1940;0;1
SEFFETTIN;2;17.10.1959;2;0
MUSALE;1;9.2.1978;0;1
FAZRIS;1;26.10.1954;0;1
ALDIN;5;30.2.1984;4;1
SELAITDIN;2;25.6.1961;2;0
LEYMUNIYE;4;19.10.1956;0;4
KUTZIYE;1;22.4.1955;0;1
VEYSINE;2;29.8.1940;0;2
BERNADIN;1;22.1.1975;1;0
SUHELDA;1;29.4.1951;0;1
MAGSEL;1;22.11.1973;0;1
FEHIDET;1;14.12.1935;1;0
SEYFINE;1;26.5.1963;0;1
SEBAHITIN;1;10.5.1950;1;0
VEJKA;1;12.3.1965;0;1
HULAYI;2;11.4.1966;0;2
FERMAZ;1;17.3.1954;0;1
ALIDALOGLU;1;14.7.1954;1;0
NUTFIYA;1;21.10.1936;0;1
REFADE;3;23.9.1943;0;3
MABIBE;1;16.12.1975;0;1
KHEYRANSA;1;1.10.1952;0;1
EVSADE;1;29.5.1976;0;1
NECAIM;3;4.3.1961;3;0
REFAIDIN;1;28.3.1963;1;0
HEYRAMI;1;17.5.1961;1;0
NAZFIRE;1;22.6.1933;0;1
JULIN;2;21.12.1986;0;2
REVAAT;1;15.8.1963;1;0
MUBAHATTIN;6;7.5.1953;6;0
FEVZIKAN;1;25.6.1943;1;0
REKA;1;16.8.1956;1;0
PERISADE;1;23.12.1961;0;1
TERCUBAN;1;21.9.1987;0;1
VADIA;23;4.11.1959;0;23
ELMUZA;2;1.2.1970;2;0
MAFLE;1;7.1.1988;0;1
MUZADDIN;2;5.8.1965;2;0
HERMUZ;1;26.10.1982;1;0
HAYMET;2;17.6.1975;1;1
BIRKIYE;2;9.3.1941;0;2
DURBEYI;1;11.8.1966;1;0
SEVBULENT;1;20.2.1992;1;0
ABDULBASIM;1;1.6.1973;1;0
CALALETTIN;2;10.10.1972;2;0
NAHIGUL;4;15.2.1958;0;4
KISHANIM;3;18.9.1936;0;3
FERITHAN;2;13.6.1976;1;1
BENAMI;6;8.7.1966;6;0
ZIULBIE;1;14.8.1975;0;1
INKISAR;1;2.4.1948;0;1
TANASI;1;6.4.1986;1;0
TEODORI;1;21.7.1982;1;0
CELAMI;3;8.9.1960;3;0
UKUBET;1;16.4.1952;0;1
NADIREDDIN;1;7.2.1964;1;0
NEZAHI;2;2.1.1944;1;1
SIDIKA.MERAL;1;18.10.1969;0;1
NEVRIKE;1;26.11.1941;0;1
UHRIYE;3;10.3.1964;0;3
YURDANI;1;27.2.1968;1;0
ZAGFERE;3;17.5.1947;0;3
RECIHAN;3;15.1.1958;0;3
NELUFER;4;4.7.1958;0;4
VELEYDIN;1;2.8.1973;1;0
JELLA;2;29.8.1963;0;2
AYNIN;4;25.4.1971;0;4
MESTUNE;2;5.8.1966;0;2
OZKUD;1;23.2.1990;1;0
MUETDET;5;2.5.1963;0;5
HULEYBE;1;12.6.1971;0;1
BIRNA;1;17.9.1981;0;1
LEYLEFER;10;16.3.1953;0;10
NURASLAN;3;16.2.1964;2;1
BATTIN;3;12.6.1953;3;0
HIKNAR;1;1.10.1968;0;1
SAADAN;3;9.11.1971;3;0
SACINAR;1;14.10.1958;0;1
CANTURAY;3;16.8.1957;3;0
DJANAN;1;29.6.1959;0;1
NEVSHAN;1;15.6.1990;0;1
EZAMAN;1;29.10.1973;1;0
KUYTESA;1;23.6.1969;0;1
EDAN;1;3.5.1975;1;0
CEVHAHIR;3;25.4.1972;0;3
OLGUNYUCEL;1;5.11.1965;1;0
OZNAZ;5;23.3.1979;0;5
ZELIMET;1;26.7.1974;0;1
MENAAT;1;4.3.1963;0;1
RIDAVAN;1;29.11.1965;1;0
MUKTERIME;2;24.12.1966;0;2
MERDIAN;1;6.4.1978;0;1
CEMGULTEKIN;1;27.10.1982;1;0
KESEMEN;20;17.12.1960;0;20
AUREA;1;22.11.1934;0;1
MENKIBE;3;4.3.1968;0;3
SEHZAVER;1;20.6.1933;0;1
SUHALP;1;25.9.1982;1;0
ENGIHAR;1;1.4.1966;0;1
MERGUN;5;1.11.1970;2;3
FUMEREL;1;25.5.1972;0;1
ANLIHAN;1;5.3.1957;0;1
MUMNE;3;11.6.1957;0;3
VARUL;1;11.10.1974;1;0
CELDA;2;4.8.1980;0;2
EVSINE;1;7.1.1972;0;1
HIMRIYE;1;5.4.1962;0;1
PERZAN;8;4.2.1964;0;8
MUFER;11;25.11.1958;6;5
HATMANE;1;18.5.1972;0;1
RUZIDIYE;1;22.2.1961;0;1
ULDEN;1;17.4.1965;0;1
MEYISER;3;24.3.1953;0;3
NEZMETIN;1;21.11.1965;1;0
ZIME;1;27.8.1950;0;1
HANSEKER;1;22.2.1955;0;1
GULBINA;2;9.3.1970;0;2
LINUN;1;2.2.1961;0;1
AHZER;2;20.4.1945;0;2
AHTEL;1;30.4.1982;0;1
GYULZHANAT;1;13.7.1962;0;1
SEKIRHAN;1;6.1.1957;0;1
NURGUZEN;1;2.2.1975;0;1
NERMEDIN;3;3.7.1980;3;0
KUBERRA;1;8.12.1971;0;1
HUDBI;1;3.12.1945;1;0
ZIHMIS;1;9.4.1956;0;1
FECRIDDIN;2;21.12.1968;2;0
DURUKIZ;3;27.9.1951;0;3
REFOS;1;22.3.1955;0;1
KEMARIYE;1;16.2.1964;0;1
ISGUDEN;1;29.6.1939;1;0
HICABA;1;13.5.1968;0;1
CANKURTARAN;2;21.4.1946;2;0
NIRGUZEL;1;4.1.1936;0;1
DEMIRELI;2;9.9.1952;2;0
ISLER;5;25.6.1949;1;4
REBAHAN;1;9.5.1966;0;1
LAZGI;1;17.2.1960;1;0
VEDRETTIN;1;6.4.1972;1;0
CHENGYUL;1;8.8.1973;0;1
AHMETSERAFETTIN;1;6.8.1980;1;0
EMIRAYAR;2;10.5.1951;2;0
AYIDA;2;27.1.1959;0;2
TARFIN;1;7.6.1935;0;1
ATIKIN;1;24.6.1965;1;0
MEKBAR;1;3.4.1957;0;1
MUFSIDE;1;1.10.1970;0;1
CENVER;1;13.3.1968;1;0
SUKRUAN;1;23.12.1962;0;1
FATIMEDUZ;1;21.5.1963;0;1
SEFAKAR;1;26.10.1978;1;0
AZMIYET;1;28.1.1971;0;1
SEHITHAN;3;16.8.1979;3;0
ZULIMAR;1;2.2.1951;0;1
SIVRANI;1;11.4.1986;1;0
MENNUR;8;7.9.1957;2;6
BADES;3;17.1.1965;0;3
FIRZIYE;12;23.5.1957;0;12
SUED;1;26.9.1938;0;1
ZALFIYE;2;10.4.1939;0;2
MUSLIMER;1;22.8.1925;0;1
SAHZANEN;2;3.4.1961;0;2
ZEBULIYE;2;9.6.1952;0;2
OKANHAN;1;12.12.1987;1;0
VERDINEL;2;15.3.1963;0;2
NEHIRMEN;1;18.10.1969;0;1
IRFETKA;1;22.8.1937;0;1
MIMKA;1;18.6.1933;0;1
BAKUM;1;25.11.1988;0;1
ALIPAT;1;10.12.1972;0;1
MEDERSE;1;16.8.1933;0;1
NECMU;4;25.6.1973;1;3
MINASAKAT;1;10.3.1932;1;0
DALINDA;1;15.6.1964;0;1
NEKAHAT;1;3.4.1956;0;1
HURIYAN;1;23.11.1980;0;1
JERKOP;1;15.8.1981;1;0
RINYE;1;7.2.1958;0;1
ALPMAN;2;19.7.1982;2;0
AHMETSUAT;1;12.8.1989;1;0
LUTVIE;3;22.1.1976;0;3
LILLJANA;1;25.4.1989;0;1
PIRDANE;2;19.4.1969;0;2
NURKUS;1;25.2.1975;0;1
IHAME;1;27.3.1940;0;1
SAMIYME;1;24.4.1963;0;1
MURSLUM;1;27.2.1992;1;0
SENAG;1;6.2.1986;0;1
HESPINUR;1;26.6.1971;0;1
EYIGUN;11;10.7.1961;8;3
ERKUDEN;1;17.1.1946;1;0
SEMDAL;2;15.9.1984;0;2
KAYBER;18;18.3.1964;18;0
GULZARIYE;21;24.4.1949;0;21
GULMU;2;15.3.1957;0;2
UMMUHANIYE;5;25.4.1952;0;5
ZUHDIFE;1;2.8.1951;0;1
HOSNAZIRE;2;13.6.1951;0;2
LEYSAN;2;19.9.1971;0;2
FIRDEVIL;1;4.2.1957;0;1
ORHANE;1;17.8.1924;0;1
RAFIH;2;7.5.1946;2;0
YUNIN;1;1.5.1967;1;0
NEMUH;1;26.6.1969;0;1
SENOGLU;1;16.10.1961;1;0
SALITE;4;19.4.1967;0;4
GULSULE;2;16.2.1958;0;2
SIYABIL;1;11.2.1969;1;0
MEMLUDE;2;16.4.1974;0;2
VECYE;1;12.7.1956;0;1
CALAB;1;2.3.1961;1;0
EGITMEN;1;6.7.1946;1;0
NIGEHAN;4;28.3.1982;0;4
SAKUS;1;20.4.1939;0;1
NENEP;1;2.4.1935;0;1
RUHIS;1;12.8.1941;0;1
BAHAADTIN;1;29.2.1956;1;0
SEHREMI;1;18.3.1954;0;1
ILTAL;1;30.3.1964;0;1
NURFINAZ;2;17.2.1951;0;2
FILIYAT;2;20.2.1953;0;2
SASEMIN;1;11.1.1974;0;1
ENGAY;1;4.1.1971;1;0
SADATIN;1;28.5.1963;1;0
MICELLA;4;10.2.1961;0;4
BIZIM;1;12.8.1941;0;1
HURKE;1;16.1.1958;0;1
ZIYNEL;6;3.6.1956;5;1
UDAVERDI;1;7.6.1964;0;1
MIMUS;3;19.4.1939;0;3
MATIMA;1;20.12.1950;0;1
DURDI;8;23.1.1947;2;6
FARICAN;1;10.2.1960;1;0
MELATIYE;1;12.5.1952;0;1
OZZEN;2;5.6.1954;1;1
ANTONETAWILKEL;1;2.4.1947;0;1
NIRIBAN;1;25.5.1937;0;1
KEZIDE;1;10.11.1956;0;1
MEZEYYEN;7;9.1.1969;0;7
MUSAFHA;1;27.12.1938;0;1
SUMBULAFI;1;14.12.1970;0;1
GIZELLA;1;9.11.1952;0;1
FATMAANE;1;7.8.1946;0;1
GUIOULNARA;1;5.4.1966;0;1
DESTUR;3;6.9.1974;3;0
RIHTIM;1;14.5.1981;1;0
MUNTEZ;5;14.9.1960;5;0
CELILAY;2;7.10.1974;2;0
BEYHATTIN;1;21.6.1952;1;0
MIYAZ;3;11.11.1954;0;3
SUMERIN;1;1.10.1938;0;1
GENCDOGAN;2;27.2.1959;2;0
BIZAETTIN;1;18.2.1940;1;0
SEYDINUR;1;8.4.1963;0;1
GIRISA;1;16.11.1965;1;0
MIMOS;2;5.10.1971;0;2
ISMAI;1;11.11.1958;0;1
CEKIN;3;1.1.1962;2;1
HUSENBER;1;13.12.1960;0;1
HEMIM;1;17.2.1960;1;0
ZEMIM;1;7.8.1964;1;0
BIDIYE;1;21.9.1953;0;1
SEHSAMIR;1;2.4.1977;1;0
EMITULA;1;23.7.1968;0;1
SENEMHATUN;1;2.5.1963;0;1
SENAHATTIN;3;30.12.1959;3;0
CAMAATTIN;1;16.10.1964;1;0
TELLINAR;1;15.12.1965;0;1
SUGEYB;1;20.10.1980;1;0
SANHATUN;1;19.3.1958;0;1
SAHLEN;2;18.1.1977;1;1
MIFSICIHAN;1;7.8.1970;0;1
EDNAL;2;16.8.1960;2;0
SUNAYIR;2;9.10.1966;0;2
HUMME;1;13.3.1965;0;1
BASGUL;1;9.3.1974;0;1
GULUSTANBANI;1;14.10.1946;0;1
SENNU;1;6.5.1979;0;1
FERDAME;1;21.2.1971;0;1
BENGUZEL;5;8.6.1961;0;5
SEREMMA;1;7.9.1989;0;1
ERKUR;1;9.8.1969;1;0
UMUTYASAR;2;2.1.1974;2;0
SUZANER;1;17.8.1960;0;1
EZELI;7;6.8.1964;3;4
ASLIVAR;1;27.8.1980;0;1
DEFFA;1;19.4.1981;0;1
MUKAYIM;2;17.7.1973;2;0
MAHIPEYRAZ;1;22.2.1957;0;1
MASIMAN;1;17.2.1942;0;1
NARGYIS;1;9.4.1981;0;1
REYHAT;3;24.11.1978;3;0
SUNAEZER;1;21.1.1979;0;1
TAHHAATTIN;1;2.8.1945;1;0
LUKUZ;1;27.3.1962;0;1
DARGA;1;4.9.1942;0;1
KIYCAN;1;25.3.1949;0;1
CEHINAZ;1;28.8.1955;0;1
GUNASEL;1;12.2.1963;0;1
BAYTAS;2;10.7.1983;2;0
IDBAS;1;7.2.1952;0;1
MUETTET;8;27.9.1951;0;8
NUSAI;1;27.4.1956;1;0
DURTAS;2;13.1.1970;2;0
HADIIME;1;21.3.1988;0;1
FECERI;2;13.5.1972;1;1
NUHUZE;1;17.2.1966;0;1
ASIMBULENT;1;8.1.1975;1;0
OMMEHAR;1;16.1.1966;0;1
BISBINAZ;1;17.2.1960;0;1
PANAR;1;11.8.1981;0;1
CANIME;1;2.8.1975;0;1
CAMEFER;1;2.2.1945;0;1
BINIYE;1;20.5.1937;0;1
MUHDEDIR;2;28.5.1971;2;0
FERHAMUZ;1;26.6.1978;1;0
BARDAGUL;1;23.4.1973;0;1
GULUNAS;2;13.11.1968;0;2
TEVTI;1;21.3.1960;1;0
EYLIMAN;2;6.4.1936;1;1
VETUL;2;4.5.1979;0;2
REBAKA;1;7.11.1988;0;1
VESLIYE;3;28.4.1954;0;3
MAVZE;1;2.4.1957;0;1
MENECAT;1;19.3.1971;0;1
BAHTNUR;1;26.6.1982;0;1
ELVINAZ;7;28.10.1966;0;7
NIYHAT;1;17.7.1971;1;0
NESNIHA;1;26.1.1953;0;1
FECAAT;1;27.4.1963;0;1
TAKVETTIN;1;11.7.1973;1;0
MUNZERE;1;26.3.1966;0;1
GIMET;1;13.5.1969;0;1
OKAS;2;21.9.1967;2;0
ISAMETIN;2;2.5.1974;2;0
TILFIRIZ;4;21.12.1960;0;4
MAKAM;3;28.2.1973;2;1
AGINNE;1;17.5.1936;0;1
ILDARE;1;21.3.1951;0;1
HOLA;2;22.3.1952;0;2
NAFISET;1;12.2.1941;0;1
C;2;13.8.1981;1;1
ZULEGHA;1;20.6.1972;0;1
MILKAY;1;16.1.1983;1;0
ALEMEDIN;2;4.1.1978;2;0
GELYAZ;1;7.6.1982;0;1
NURHANUR;2;24.10.1966;0;2
PORSER;1;22.2.1955;0;1
FELIHAT;1;12.2.1983;0;1
HICREDE;1;25.9.1964;0;1
MEKSURIYE;1;1.6.1965;0;1
MUNIGRE;1;12.8.1965;0;1
KEDIYA;1;19.7.1988;0;1
AZIMO;1;5.6.1966;0;1
GULEDON;1;13.2.1983;0;1
FIRICA;1;6.4.1939;0;1
PEMPIS;9;2.8.1960;0;9
ABDULTURAP;2;7.9.1961;2;0
VEKFE;1;3.4.1973;1;0
MEHDINUR;1;21.2.1990;1;0
MUBRIN;1;7.6.1972;1;0
SECAVETTIN;4;12.5.1962;4;0
DURSALIHA;2;23.10.1957;0;2
EBAHAT;2;3.12.1933;0;2
SEKERIFE;1;7.8.1946;0;1
M.SEMIHE;1;21.7.1934;0;1
TAHYAR;1;24.10.1980;1;0
SIGBET;2;12.2.1983;2;0
MABIDE;6;21.4.1964;0;6
BESARAI;1;27.4.1944;0;1
SIMHAR;1;12.1.1979;1;0
ZORBE;2;5.7.1963;2;0
SINENGUL;2;23.3.1963;0;2
SEFURET;3;22.10.1973;0;3
BARFEY;1;12.5.1947;0;1
MEVADET;1;26.6.1973;0;1
KEMMUN;4;1.1.1951;0;4
DURSUNEGUL;2;23.1.1958;0;2
DURNAZLI;1;8.1.1930;0;1
GULZENDEN;1;17.3.1954;0;1
ZELVISEN;1;16.5.1958;0;1
FETHULVEHAP;1;7.8.1970;1;0
BEGSEFA;1;5.5.1981;1;0
MEZBAHATTIN;1;2.6.1981;1;0
CEMATTIN;3;11.8.1968;3;0
FAHAP;1;22.2.1967;1;0
MUCEBBEN;1;26.1.1965;0;1
BULNET;1;26.3.1976;1;0
FEZLIMELEK;1;12.6.1965;0;1
YAHY.A;1;26.11.1990;1;0
GEYLIK;1;11.3.1969;0;1
MISVANE;1;2.5.1939;0;1
TECUDIYE;1;30.8.1973;0;1
ZIZA;3;19.1.1948;1;2
GULAREN;1;17.2.1972;0;1
GOVCEK;1;14.3.1941;0;1
YILBEY;1;22.5.1979;1;0
SEALI;1;9.4.1965;1;0
ORHAY;1;19.12.1980;1;0
REYIMA;1;12.6.1959;0;1
AYTUGAN;4;26.9.1968;3;1
RESULCAN;3;5.6.1980;3;0
AYRETE;1;7.8.1988;0;1
EBULMUSLIM;1;12.6.1971;1;0
NAFISETE;1;2.2.1951;0;1
MASGUL;2;22.2.1966;0;2
HALER;2;10.3.1964;0;2
AYGA;1;13.4.1962;0;1
KADEH;1;7.9.1970;0;1
SEMRET;2;19.11.1978;1;1
AGRISAH;1;2.4.1963;1;0
MUSEHAL;1;2.2.1975;0;1
CEKRIYE;1;23.3.1949;0;1
KAZNEFER;2;29.3.1965;2;0
CEHIRE;1;15.5.1969;0;1
NIMRIYE;1;4.2.1971;0;1
KURSEL;2;29.5.1968;1;1
SAADEDIN;2;11.2.1956;2;0
ERGILE;1;26.7.1984;0;1
AHMETGOKHAN;2;20.3.1984;2;0
EBIYET;1;30.9.1956;0;1
GUNCHA;1;6.12.1973;0;1
CUMISAH;1;22.5.1945;1;0
TURMEN;7;7.3.1963;2;5
SARRE;5;5.7.1970;0;5
SAHZILE;1;7.2.1964;0;1
PERISIMA;5;15.11.1966;0;5
SENELGUL;3;12.9.1967;0;3
EL.VIZA;1;19.4.1981;0;1
VERIHA;1;6.1.1983;0;1
AGIYA;1;22.2.1967;0;1
ORDEM;7;15.3.1976;0;7
ABDULHALAK;4;4.10.1962;4;0
EYUPHALIT;1;12.3.1970;1;0
GELIYE;3;29.6.1966;0;3
SAHMINAR;1;7.4.1958;0;1
ZEDRIYETE;1;24.6.1973;0;1
UMEYMA;1;11.1.1967;0;1
NOURA;1;5.2.1985;0;1
GAFURHAN;1;6.3.1985;1;0
SABREN;1;18.6.1958;0;1
CAMISER;3;2.8.1974;2;1
BISMINAZ;1;8.5.1958;0;1
ABDULSEBU;1;28.12.1985;1;0
ASKERIYA;4;6.1.1972;1;3
KINASET;2;8.7.1975;0;2
SONURAY;2;3.7.1982;0;2
DOONDU;1;2.2.1981;0;1
IYNAS;1;6.4.1985;0;1
SABRIHAZ;1;11.8.1963;0;1
ALIKIZ;2;27.9.1956;0;2
SEMSIBAH;1;17.5.1948;0;1
SABRIYENAZ;1;27.2.1980;0;1
TAYURE;2;22.2.1975;0;2
CUMHURIYETE;1;14.5.1982;0;1
SURHANE;3;21.1.1970;0;3
ATLISAH;1;13.6.1965;0;1
MALHAN;1;2.6.1968;1;0
BASGUZEL;1;13.8.1958;0;1
HASILET;2;18.3.1965;0;2
YUHENNE;1;6.1.1958;0;1
LEYZE;4;1.5.1966;0;4
ELDAL;1;1.6.1980;1;0
LOKUZ;2;2.8.1969;0;2
GULUCUK;2;21.3.1969;0;2
BESRAIM;1;3.10.1962;0;1
BIRANET;3;10.3.1964;0;3
ADIGFE;1;16.12.1973;0;1
ENBIRE;1;4.1.1963;0;1
NISREDIN;2;7.6.1969;2;0
TURSALIYE;1;12.2.1957;0;1
OZDONE;1;2.4.1981;0;1
MESULLE;1;28.9.1982;0;1
TEHIP;1;22.2.1961;1;0
HASANNATIK;1;24.3.1955;1;0
UZEYHE;2;1.3.1952;0;2
SELMATE;6;22.9.1962;0;6
SUNEZER;4;25.3.1967;0;4
SEGMUZ;3;1.3.1977;3;0
ZULBAYA;1;22.6.1940;0;1
MUHIBYE;1;16.1.1975;0;1
BILDIRIM;1;11.3.1981;1;0
NURBEYI;1;3.5.1967;1;0
NAMURAZ;1;2.5.1951;0;1
MUTLIK;2;19.5.1975;2;0
RUFITTIN;1;7.8.1940;1;0
LEFAT;2;23.6.1970;1;1
MAHYEL;1;22.7.1981;0;1
SAHNISAN;1;27.8.1920;0;1
GAZAGUL;4;4.9.1969;0;4
YERNAZ;1;25.1.1952;0;1
BAFTA;3;12.12.1952;0;3
KANIIRFAN;1;4.1.1980;1;0
AZALETIN;1;2.5.1963;1;0
YONTAS;1;19.9.1967;1;0
HUNNAR;10;26.5.1938;0;10
SIVASLI;1;12.3.1983;1;0
LEVINE;2;10.7.1967;0;2
ABDULMUTTALIF;1;1.1.1954;1;0
MUDIRIYE;2;11.4.1970;0;2
NUREYYAN;1;22.2.1991;0;1
HULAFIYE;1;1.9.1978;0;1
ZUKEYYIR;1;24.9.1964;1;0
GULBITAR;1;19.7.1960;0;1
BAKIRIYE;1;7.3.1977;0;1
SERIRA;3;6.6.1983;0;3
ELMAYUN;1;17.9.1970;0;1
MUTTEFIK;1;17.4.1972;1;0
LERDA;1;16.2.1988;0;1
BIRDIS;1;29.6.1974;0;1
DURLETEL;1;21.4.1963;0;1
MUMUYE;1;24.1.1961;0;1
YILMAZTURK;4;4.8.1962;4;0
VEREN;2;4.1.1953;1;1
HABRIYE;3;6.3.1955;0;3
TASKINA;1;8.4.1974;0;1
CEALETTIN;1;26.5.1990;1;0
IYNEDDIN;1;23.3.1955;1;0
YEKJIYAN;1;7.4.1982;0;1
TEBILET;1;8.3.1964;0;1
HAYRANIYE;1;21.10.1971;0;1
URGAN;3;2.1.1963;2;1
SUKERETTIN;1;17.4.1963;1;0
ADIGUZELESME;1;11.5.1985;0;1
KIMMI;2;20.10.1951;0;2
SAIGUL;2;9.4.1951;0;2
SUFENAZ;6;7.2.1962;0;6
MEHMEH;1;27.2.1980;1;0
SADOS;3;16.1.1965;0;3
NESABIH;1;7.2.1976;0;1
UMMICEREN;1;23.2.1991;0;1
DUZCAN;2;30.3.1972;1;1
GOREYIN;1;18.4.1966;0;1
MEDRET;5;7.3.1978;1;4
ELFESIHA;13;6.11.1979;1;12
MELHE;3;7.7.1963;0;3
TURAMIN;1;12.2.1965;1;0
SUVDE;2;10.3.1951;0;2
TURGUT.;1;13.10.1984;1;0
AMID;3;24.1.1985;3;0
EZEDIN;4;19.1.1965;4;0
EVGANI;3;18.4.1962;3;0
ILAFE;2;14.10.1963;0;2
MUKEYLEN;1;21.4.1950;1;0
SANAADDIN;1;7.3.1964;1;0
HUKUMDER;1;2.3.1969;1;0
ZEYDIL;1;2.10.1987;1;0
NESLINE;2;12.10.1969;0;2
DUNCER;2;10.12.1962;2;0
ABDULVAKI;1;29.4.1980;1;0
SANDANE;1;6.10.1974;0;1
ENIZA;1;16.1.1979;0;1
SUKURLULLAH;1;1.6.1965;1;0
NIYAZIM;3;29.11.1958;3;0
GULPASE;4;1.7.1976;0;4
FULER;3;13.1.1968;2;1
MENRIYE;1;9.4.1946;0;1
MUSERRAF;1;21.6.1983;0;1
HADIMAR;1;22.2.1967;0;1
KASMELEK;1;6.5.1967;0;1
BERDIL;4;1.1.1982;0;4
MUSREL;1;21.9.1986;1;0
ALTINBAS;1;16.6.1983;0;1
BERIZAMAN;3;12.3.1969;0;3
ASLE;2;28.3.1968;0;2
NETIYE;1;16.11.1939;0;1
NARZU;1;1.4.1978;0;1
REDIBE;5;2.11.1974;0;5
SADULYA;1;21.2.1962;0;1
SALISA;5;10.3.1971;0;5
DADE;1;21.11.1989;0;1
CEHUN;1;10.9.1985;1;0
SEYBETULLAH;5;22.6.1973;5;0
KANZIYE;1;10.5.1982;0;1
SIZSIRIN;1;13.4.1954;0;1
MESBUNE;1;1.6.1975;0;1
ALIMBEY;4;23.9.1972;4;0
CIKI;3;2.10.1936;0;3
EMLI;6;25.9.1944;6;0
TENZIGUL;1;22.6.1978;0;1
GULTUKE;1;6.4.1963;0;1
CAMIRAZ;1;11.2.1964;0;1
SIKILI;3;7.8.1982;3;0
AYIYE;1;11.3.1960;0;1
MIZRICE;1;16.8.1975;0;1
NADAIM;1;25.3.1971;1;0
SIVILAY;1;16.6.1976;0;1
ZULYAZAN;2;30.3.1970;1;1
MIHIRIBAN;5;25.6.1969;0;5
SENAGET;1;21.8.1983;0;1
KELIMAT;2;2.4.1940;0;2
GULASI;1;30.1.1984;1;0
CAMBAZ;1;7.8.1940;1;0
HUSNAPERI;2;17.3.1963;0;2
YOLAS;1;30.10.1985;1;0
SUTYAN;4;25.1.1974;0;4
KADIRTAHA;1;25.6.1989;1;0
HAFTI;1;22.8.1925;0;1
TOHRE;1;22.2.1961;0;1
FURAD;2;7.10.1986;2;0
MERZUGA;4;14.3.1964;0;4
GAMET;2;24.3.1979;0;2
EVCET;3;9.12.1979;3;0
GUMEYSA;2;19.4.1988;0;2
MURTEBER;1;17.6.1978;0;1
SAHAMETDIN;1;9.4.1948;1;0
USMETULLAH;2;20.1.1974;2;0
MURUVER;2;2.12.1956;0;2
DIYORE;1;2.4.1975;0;1
ELIFNESLI;1;3.10.1982;0;1
MUDANIYE;2;10.1.1960;0;2
SABURIYE;1;12.3.1941;0;1
BECASTAN;1;21.10.1980;0;1
CELEDIN;1;24.4.1985;1;0
ERBANIYE;1;12.3.1965;0;1
SIMILHIZAR;1;22.2.1961;0;1
AHCI;3;14.9.1956;0;3
NUHIZER;2;22.3.1976;0;2
MEHMETFAZIL;1;3.3.1973;1;0
MUHBIN;2;1.1.1967;2;0
MUHAFUZ;1;27.4.1992;1;0
NESETAGA;1;4.8.1981;1;0
SEMUNA;1;25.2.1987;0;1
NEHRIGUL;1;7.7.1981;0;1
OZMENT;2;14.11.1981;2;0
TAYABAT;1;22.2.1961;0;1
YOLBEYI;2;23.4.1967;2;0
BURHANEDTIN;1;22.5.1973;1;0
GOZNE;1;10.2.1989;0;1
MAHNUZE;1;22.6.1955;0;1
KAKIME;1;6.5.1948;0;1
SETEM;3;12.9.1969;3;0
SAVIT;1;28.3.1989;1;0
LIFUZER;1;3.6.1972;0;1
GERGETE;1;1.10.1943;0;1
GOZLUYE;1;10.10.1974;0;1
NIDAMI;6;19.5.1968;6;0
RIYETEN;1;22.2.1967;0;1
PILITEN;1;26.5.1963;0;1
SEDIRAN;1;27.2.1962;1;0
MEHBERE;1;11.4.1968;0;1
GEVRISA;5;15.8.1964;0;5
TEYZEN;1;17.7.1978;0;1
SANAGUL;2;20.9.1967;0;2
ESMALIYE;1;27.3.1956;0;1
SAHIDUN;1;3.3.1963;1;0
GULSEFE;4;23.1.1973;0;4
SEZAYETTIN;3;15.1.1956;3;0
ACABEY;3;16.9.1966;3;0
GULNEVCE;1;14.7.1986;0;1
HANIIF;1;22.2.1973;1;0
KAMILYE;1;28.6.1978;0;1
RUAFETTIN;1;4.8.1932;1;0
SUSLUYE;3;11.11.1970;0;3
FERDADI;1;7.5.1964;1;0
HUBRIYA;1;27.2.1956;0;1
ROMANIYE;1;7.2.1970;0;1
HUTDIYE;1;27.6.1956;0;1
KIMYAS;1;11.8.1975;1;0
YURDARSLAN;1;6.3.1980;1;0
MEHMETDOGAN;1;27.8.1974;1;0
RINDINAZ;1;17.9.1983;0;1
GIMASA;1;27.6.1962;0;1
BENISAH;1;17.2.1972;0;1
UTAYA;1;16.12.1953;0;1
SEHNURA;1;19.5.1934;0;1
LUTUFIYA;1;3.5.1956;0;1
SEVSAL;3;1.6.1976;1;2
NILE;5;10.10.1965;0;5
MOHUTTIN;1;18.5.1963;1;0
VEZFA;2;28.1.1973;0;2
ILHAMMI;1;7.2.1964;1;0
ZUFAHIR;1;17.8.1965;1;0
FERUSNAS;1;27.12.1943;0;1
ABDULBASAR;1;4.4.1981;1;0
TAKSIMA;3;18.5.1981;0;3
BOLOUKHANOYM;1;16.5.1980;0;1
CICILYA;1;9.10.1987;0;1
BIVER;1;20.4.1991;1;0
YEGEN;4;22.12.1956;2;2
SEHMISTAN;2;24.10.1963;2;0
ELLAATTIN;1;20.3.1954;1;0
GUSA;2;19.12.1959;0;2
BIYYAMI;1;22.2.1979;1;0
NEFTADIYE;2;5.2.1962;0;2
PERVIZA;2;26.3.1973;0;2
MUYYEZEN;1;2.2.1975;0;1
REZEDDIN;4;8.1.1960;4;0
YASENIN;3;17.7.1975;0;3
AZILHAN;1;2.2.1963;0;1
FEHENDIZ;1;6.3.1977;0;1
SAFAA;1;21.12.1986;0;1
KOCHAN;3;27.4.1951;3;0
YURSEVIL;2;8.1.1978;0;2
ULFIDAN;1;17.7.1928;0;1
HOSNAZIYE;1;7.11.1961;0;1
TUCCAN;1;6.6.1973;1;0
KOTAZ;1;12.2.1953;0;1
MUNUFFER;2;23.11.1963;0;2
KADDEM;1;17.3.1965;1;0
MEHATTIN;1;10.12.1966;1;0
HIRIKA;1;17.4.1933;0;1
DARVIYE;1;1.2.1954;0;1
AYBET;4;6.8.1966;1;3
NAKITE;2;30.9.1965;0;2
KANDU;2;23.11.1965;2;0
CESURETTIN;1;14.3.1971;1;0
KUSAN;4;15.3.1976;1;3
SAZENUR;2;20.7.1961;0;2
NUREHAT;2;9.4.1954;0;2
FAYAS;1;12.2.1979;1;0
GULONEM;1;5.2.1966;0;1
BARIGE;1;26.1.1977;0;1
DINNEMEZ;1;2.2.1963;0;1
ZEHIYA;1;7.6.1985;0;1
DILEVSER;4;16.5.1964;0;4
SOBHI;1;13.11.1947;1;0
SEFIYYETE;1;19.4.1975;0;1
MERYEK;1;7.12.1959;0;1
BETU;2;19.12.1982;0;2
ZENMUNA;1;8.1.1952;0;1
RUFUDE;3;14.2.1965;0;3
SITTA;2;13.7.1974;0;2
KUDISE;3;1.1.1976;0;3
TEYYAT;1;26.12.1972;1;0
AYYE;1;22.2.1967;0;1
SANAHAT;2;5.8.1969;0;2
ZEYKIYA;3;5.5.1968;0;3
HARPO;1;1.3.1955;1;0
FIDEYL;3;30.6.1975;3;0
SANYAT;1;22.3.1967;0;1
ONGUC;1;15.8.1983;1;0
ABDULSEREF;1;5.2.1979;1;0
NEBAHIN;1;16.4.1963;0;1
MELVUDE;5;13.12.1955;0;5
OMERBICAN;1;16.4.1962;1;0
GULCEV;1;3.10.1980;0;1
DILOCAN;1;15.1.1979;1;0
MEVFIRE;1;19.6.1966;0;1
MURAHAN;1;2.2.1957;1;0
EDIF;10;17.5.1969;9;1
TURIS;2;26.3.1948;0;2
ISER;2;30.10.1938;0;2
MECIMETTIN;1;7.6.1964;1;0
SAFAG;2;13.5.1961;0;2
ESFANIYE;1;3.3.1951;0;1
ERRUHAN;1;23.7.1938;1;0
SARAYGUL;5;2.1.1971;0;5
SEVATI;3;1.3.1960;1;2
ZELKIFLI;1;5.6.1960;1;0
HUBURSE;1;27.12.1986;0;1
DEMINDAR;1;23.4.1975;1;0
ZEYNEKE;1;10.1.1962;0;1
SAYISMAIL;3;30.3.1962;3;0
FALINA;1;19.5.1975;0;1
NURAAY;1;11.6.1964;0;1
FATUH;1;27.2.1952;0;1
AKUZE;1;17.12.1935;0;1
GULMUBAH;2;1.7.1953;0;2
DAREDJAN;1;8.5.1966;0;1
ASAMET;2;21.2.1966;2;0
NURAHIYE;1;30.3.1950;0;1
ZERINSAH;1;22.7.1985;0;1
ZUMEHRA;1;24.11.1976;0;1
H.YUSUF;6;27.11.1951;6;0
GURUHAN;1;6.11.1974;0;1
HIBLE;1;6.3.1977;0;1
GOKBEL;7;4.2.1978;4;3
GOULIA;1;29.4.1970;0;1
FEHDI;1;22.1.1985;1;0
SEVGIOUL;1;30.2.1982;0;1
RUSKAN;1;29.8.1977;1;0
DZHEVRIE;1;15.11.1952;0;1
MEHMETNURULLLAH;1;20.4.1989;1;0
SARISTE;2;1.11.1968;0;2
FERDIE;5;24.2.1978;0;5
NERIMI;1;4.5.1960;0;1
MILYASE;1;19.6.1949;0;1
ELIAME;1;14.11.1940;0;1
ALGYUL;1;22.7.1978;0;1
HERZA;1;12.3.1971;0;1
HADETTIN;1;16.9.1979;1;0
MUSEDDICE;1;22.2.1967;0;1
AIZAT;1;11.4.1980;0;1
TURKEYIN;1;5.9.1974;1;0
GULYES;2;28.3.1960;0;2
OZBENAY;1;12.3.1988;0;1
NUTGUYA;2;30.3.1970;0;2
MAHMAN;1;21.5.1981;0;1
ZAIDEHAN;1;22.9.1989;0;1
NESRIME;2;4.11.1969;0;2
NOURSEN;1;28.9.1976;0;1
MUNEFE;1;11.6.1945;0;1
CIHIZME;1;23.6.1961;0;1
KUBILEN;1;20.6.1990;1;0
RAHMER;1;15.4.1989;1;0
SIFKI;1;29.4.1947;1;0
ESARIYE;2;1.4.1951;0;2
REVAIDDIN;1;18.9.1974;1;0
HERDAN;1;29.8.1979;0;1
ZETENUR;3;28.6.1965;0;3
MUSAMMAG;1;27.2.1962;0;1
GULYETIN;1;2.2.1963;0;1
SEBARIYE;1;2.7.1959;0;1
CENKSIN;1;3.4.1982;1;0
MIHYADDIN;1;24.8.1960;1;0
ABULFES;1;17.2.1966;1;0
GAFITA;1;11.6.1971;0;1
YUKE;2;15.8.1980;0;2
SEBAHTE;1;22.4.1975;0;1
ABBASPASA;1;16.12.1981;1;0
MUHIYBE;1;4.2.1983;0;1
SEYHASAN;2;20.2.1970;2;0
DILVIRIZ;1;21.8.1971;0;1
SAVHAT;1;11.5.1972;0;1
HULDET;1;29.2.1962;0;1
SAJIT;1;9.3.1964;1;0
MUKKADIN;1;21.6.1966;1;0
CEMALHANIM;1;1.1.1;0;1
SUVAYIB;2;13.10.1969;2;0
CIMENSER;14;21.1.1966;0;14
ELAHADDIN;2;11.8.1964;2;0
GULFIE;5;3.7.1975;0;5
EFRUMUYE;1;27.10.1956;0;1
ZELHIYE;1;6.3.1947;0;1
GULHAFER;1;12.11.1965;0;1
NILNURAN;1;30.3.1972;0;1
MUDJGAN;1;15.4.1972;0;1
SEYARRE;1;12.8.1935;0;1
SUGRUYE;1;19.1.1963;0;1
BERNAH;1;1.8.1977;0;1
BIRTAT;2;29.3.1977;2;0
BIZGUL;1;7.11.1983;0;1
LEFUKA;2;16.9.1961;0;2
RAFETIN;1;26.11.1945;1;0
MEFUDIYE;2;4.9.1965;0;2
NETRIYE;3;30.11.1938;0;3
RIDDAG;1;12.2.1974;1;0
ASKA;1;7.8.1940;0;1
RAZME;1;11.4.1963;0;1
KUSSAL;1;20.12.1962;1;0
SULEYBA;2;5.12.1935;0;2
ENVERSOY;1;27.5.1974;1;0
CEVATIN;2;21.7.1943;2;0
OMURSAL;1;8.4.1967;1;0
UMURGEN;1;2.8.1951;0;1
LEYMO;1;17.4.1954;0;1
EMINEMERYEM;1;18.10.1978;0;1
MULUFET;4;28.12.1970;0;4
NUHRUBE;2;5.3.1965;0;2
SAHESDEN;1;26.9.1937;0;1
MAHMURAN;3;27.4.1962;0;3
SENAFIYE;3;26.4.1953;0;3
NURKEZIBAN;1;17.8.1980;0;1
GULNAD;1;17.4.1958;1;0
FETINAT;1;12.2.1955;0;1
VENNIHAR;2;26.3.1967;0;2
FAHINUR;4;2.3.1960;0;4
ZAVURE;1;19.7.1933;0;1
CENA;1;27.3.1950;1;0
HUBEYRULLAH;1;22.12.1985;1;0
ERCEHAN;3;1.1.1961;1;2
GULBUM;2;12.8.1975;0;2
MESRINA;1;6.9.1980;0;1
CILKADEH;1;23.2.1967;1;0
MUENIS;1;6.3.1986;0;1
HASBAHCE;3;21.4.1967;0;3
SERRUZE;1;6.3.1982;0;1
HAHIT;1;17.1.1958;1;0
MUGIS;1;22.8.1973;1;0
MUZAZEZ;3;7.5.1979;0;3
YARSEVEN;1;29.2.1986;1;0
SIFLI;1;12.2.1977;1;0
ILFA;3;20.4.1960;1;2
FETHIAHMET;1;13.6.1971;1;0
SANIGER;3;20.8.1972;0;3
MEHTULLAH;2;24.9.1966;2;0
METKAN;4;19.9.1969;4;0
SULHEDTIN;1;24.4.1959;1;0
EMENGUL;7;20.3.1975;0;7
ALIBARAN;2;25.3.1983;2;0
SEBAHIN;4;5.2.1951;1;3
OZARSLAN;3;20.6.1968;3;0
URUKKE;2;8.3.1953;0;2
KILOS;1;22.4.1967;0;1
ECAYIP;1;2.6.1969;1;0
FAHFIRET;1;6.3.1956;0;1
SESINE;1;11.4.1981;0;1
CALIKUSU;1;29.4.1972;0;1
NEYTER;1;17.1.1930;0;1
GUNANIYE;1;18.2.1960;0;1
NESLIYA;3;11.4.1973;0;3
TAVIDDIN;2;13.5.1960;2;0
UKRES;1;12.5.1965;1;0
FURHINAZ;1;12.7.1971;0;1
SEYHAYIP;1;7.3.1976;1;0
MEJMIYE;1;6.2.1971;0;1
SERMINAN;1;12.8.1989;0;1
AHMEDLATIF;1;24.9.1979;1;0
MULKIMAT;1;8.6.1975;0;1
GOLCUK;1;19.7.1930;0;1
EKNOR;1;26.8.1949;0;1
CERKAN;1;21.2.1986;1;0
SITANE;1;11.8.1967;0;1
GURDEGUL;2;15.4.1967;0;2
DILALA;2;20.1.1972;0;2
MEFLAN;1;18.3.1972;1;0
MUNADER;1;7.1.1970;0;1
SEKAFER;1;25.3.1967;0;1
SAHKEREM;2;20.5.1954;2;0
ZATIM;1;20.11.1968;1;0
ILDEMIR;3;20.8.1955;3;0
VIRINCA;1;17.2.1972;0;1
FATEYGUL;1;4.2.1951;0;1
HARUL;6;29.11.1980;6;0
KADIRINUR;1;8.7.1977;1;0
TEBIS;1;12.3.1935;0;1
SUZUN;2;19.2.1976;0;2
SEPILE;1;3.12.1962;0;1
KIYMEST;1;22.2.1967;0;1
NUZIFE;1;17.2.1966;0;1
SAGIB;3;10.11.1972;3;0
ENDERSOY;1;6.8.1973;1;0
MULKINIYET;1;27.2.1974;0;1
BEYTIGUL;1;3.5.1956;0;1
GULBESEKER;2;30.8.1958;0;2
NURFILE;1;11.1.1971;0;1
FAHYEDDIN;1;16.6.1973;1;0
GAMZEDILERYA;1;18.8.1991;0;1
BILEY;2;7.5.1948;1;1
HECRA;5;27.9.1962;0;5
FUNER;1;20.6.1969;0;1
MELIHAYAT;1;22.4.1960;0;1
PULLEY;3;9.9.1954;0;3
DILFIRAN;1;2.8.1927;0;1
ALICAVAT;2;16.10.1968;2;0
ALIIRFAN;1;12.7.1971;1;0
TEVIDAT;1;12.11.1978;0;1
DALEY;6;1.6.1962;0;6
KUFTETTIN;1;12.2.1983;1;0
BEYIZ;4;2.6.1974;2;2
MAHITEBER;2;10.12.1961;0;2
RODIZAN;1;12.4.1983;1;0
TOPSAL;4;1.2.1961;4;0
GULSEVAN;1;7.12.1979;0;1
TEMISIN;1;27.5.1956;1;0
GUNEYS;1;4.3.1978;0;1
EDINC;3;18.12.1979;3;0
HANPELI;1;16.5.1963;0;1
MUBHET;1;2.10.1984;0;1
TAMARE;1;26.6.1955;0;1
CEFURE;4;29.6.1972;0;4
IBBAN;1;22.1.1985;1;0
BEYLULLAH;1;22.4.1955;1;0
ABDUHEMIT;1;11.10.1963;1;0
OGULTURK;1;7.8.1958;1;0
MUTESIN;1;27.7.1980;1;0
MAMUK;2;14.2.1964;2;0
DURGEZ;3;11.11.1950;0;3
CILAYE;1;12.9.1981;0;1
KUTAHI;14;29.2.1955;0;14
BENZUGUL;1;16.4.1974;0;1
LAYIGA;3;28.8.1980;0;3
BURHANSUHLET;1;19.7.1979;1;0
MEMUNIYE;1;23.3.1967;0;1
MUGRISAN;7;29.1.1965;2;5
ZEHYATTIN;1;7.6.1951;1;0
HUCU;1;3.5.1975;0;1
MUCEDDE;1;12.4.1971;0;1
NUHANIYE;1;5.5.1965;0;1
GULCEVRIYE;1;8.7.1939;0;1
HURICEMAL;3;10.5.1981;0;3
MOHTESEM;3;10.4.1961;2;1
MEDEIN;1;21.3.1959;1;0
HUKAR;2;15.10.1986;0;2
SIHNASI;1;8.11.1985;1;0
ALSEGUL;1;24.4.1989;0;1
HURBE;1;1.4.1935;0;1
SECEDDIN;2;25.10.1962;2;0
IMIHHAN;1;24.5.1967;0;1
MEHMETHALIM;1;1.8.1990;1;0
ZIYNEB;3;17.11.1971;0;3
ILDAYI;1;26.5.1979;0;1
ZERRAFA;1;27.10.1962;0;1
BUCA;1;17.6.1990;0;1
YENICICEK;2;24.11.1986;0;2
HAYRULNAS;2;27.3.1964;1;1
BIREYDE;2;5.3.1954;0;2
HASANBESRI;1;26.6.1981;1;0
NARZADE;2;2.10.1957;0;2
ULUYVER;1;4.2.1954;0;1
MUSTEJAN;1;2.8.1945;1;0
KETER;1;11.11.1967;1;0
BUKMETTIN;1;13.10.1959;1;0
SUCCE;1;15.3.1992;1;0
K.TANER;1;10.10.1983;1;0
SIHAHMET;21;18.1.1968;21;0
RAYISMEN;1;1.12.1953;1;0
LIVAZER;3;30.4.1959;0;3
ASVAY;1;26.4.1979;1;0
NIJDE;1;18.12.1981;0;1
IDELI;1;18.10.1978;0;1
GUZELE;8;8.1.1953;0;8
MULTAN;1;7.6.1973;0;1
SAYZEN;1;14.5.1952;0;1
NILLIFER;1;15.11.1962;0;1
BUNYAMEDDIN;1;26.2.1969;1;0
ZULIKAR;2;12.4.1970;0;2
SEFFER;6;14.3.1958;3;3
MENKUF;4;3.11.1969;4;0
ABDULMENA;3;23.1.1979;3;0
EBUZAR;6;22.6.1969;6;0
GOKKAYIN;1;23.11.1979;1;0
ILMUHAL;6;3.11.1957;4;2
MUSEMMAHAN;1;1.1.1961;0;1
ZILI;3;6.10.1957;1;2
LEMANGUL;3;6.11.1964;0;3
YESILIM;1;8.11.1977;0;1
PIYARE;3;14.4.1950;0;3
SEIL;5;30.7.1963;4;1
HUBLAR;6;4.6.1955;0;6
TURKHANIM;2;17.7.1949;0;2
YUOVNNA;1;8.8.1955;0;1
ALIMDUDU;12;3.11.1961;0;12
HILALCAN;1;6.11.1991;0;1
BASSEY;9;17.3.1959;0;9
MENEKSEH;1;2.2.1981;0;1
SASMAZ;2;7.10.1985;2;0
YURTHAN;2;3.10.1980;1;1
MUSAYIHITTIN;1;17.2.1966;1;0
BAYRIME;1;27.10.1948;0;1
SEHAYIP;1;1.6.1967;1;0
GUAY;1;17.2.1966;0;1
MUHSENI;2;21.10.1971;1;1
MUVGEN;1;21.2.1974;0;1
MEKADER;1;14.8.1983;0;1
H.IZZET;1;21.4.1933;1;0
GULSEMDAN;2;16.10.1971;0;2
HAJKA;1;2.8.1951;0;1
SURUYYE;1;22.8.1967;0;1
NAYTAN;2;27.7.1957;0;2
OZSEVI;4;5.3.1984;0;4
YASARKAYA;2;13.1.1945;2;0
TYURKAY;1;4.2.1982;0;1
RUZIHA;1;10.3.1968;0;1
TASREMZIYE;1;9.4.1976;0;1
NESVIKA;4;11.6.1962;0;4
NECMAAN;1;11.3.1968;0;1
NUTFER;1;22.1.1972;1;0
CELALETTTIN;1;6.2.1955;1;0
ZEVCI;1;24.7.1967;1;0
SERAYITTIN;1;22.5.1961;1;0
SEZAFI;2;1.1.1957;2;0
SUDIKA;2;5.5.1961;0;2
GULDERIYE;2;6.2.1965;0;2
SULEYLEYLA;1;26.10.1977;0;1
SARIJA;1;17.11.1947;0;1
MUSELIF;1;9.10.1957;1;0
ZIKREN;2;8.3.1977;0;2
VULGUN;1;13.2.1969;0;1
FEYCET;2;27.7.1959;2;0
NEVRISEN;3;20.5.1966;0;3
GULBALE;1;18.1.1958;0;1
FETUNUR;1;29.5.1958;0;1
MUBEZZAH;1;14.10.1959;0;1
MUBETCEN;1;12.10.1971;0;1
NESLIKA;1;23.4.1953;0;1
SERHED;3;9.3.1985;2;1
IZAVET;1;29.12.1960;1;0
HANRIFE;1;17.12.1978;0;1
GYULFINAR;1;22.2.1982;0;1
NAZMIYYE;4;26.11.1954;0;4
GULMEYDAN;1;1.11.1975;0;1
GOKCEIREM;1;9.11.1988;0;1
OZDUR;3;4.3.1960;1;2
SEYDOG;1;17.8.1942;1;0
HEREMESIYA;1;21.6.1990;0;1
MUAMELA;1;1.12.1971;0;1
NEVADIYE;1;21.12.1963;0;1
RABIATA;1;11.6.1956;0;1
LEVATIN;5;10.9.1960;4;1
ZEHERA;3;22.12.1970;0;3
BARIHA;3;29.4.1964;0;3
NURSEGUL;1;19.6.1985;0;1
KUTUBAY;1;20.12.1973;1;0
JADWIGA;1;30.2.1959;0;1
MEMLUNUYE;1;9.7.1957;0;1
KIMAT;4;18.12.1957;0;4
MEBCURE;1;16.5.1982;0;1
DAINA;1;7.4.1968;0;1
EMELINUR;1;17.6.1990;0;1
NURELCIN;1;4.11.1990;0;1
GUMLESER;1;7.2.1976;0;1
CATRINA;1;25.12.1975;0;1
BUMEYREM;1;16.8.1960;0;1
ALISAKIR;4;24.11.1953;4;0
ZEKARI;7;2.7.1964;7;0
EYAS;2;23.12.1967;2;0
NEZIRIFE;1;3.2.1957;0;1
BIRSOZLER;1;6.4.1956;0;1
MUAZZAN;2;24.7.1962;2;0
NEZIZET;1;26.10.1971;0;1
MEHRIZAN;3;23.6.1972;0;3
NISISI;1;2.1.1957;0;1
SONBUHAR;1;8.4.1982;0;1
VERDIL;1;23.6.1974;0;1
HATTICE;8;13.6.1973;0;8
SENGOL;7;4.10.1962;0;7
MURFUZ;1;1.4.1967;1;0
BAHDISAN;4;29.6.1970;0;4
SUSIYE;3;5.2.1957;0;3
NILAHI;1;21.9.1984;0;1
NAYNAZ;1;22.3.1973;0;1
HIRIKNAZ;3;7.7.1933;0;3
BANAT;3;4.8.1970;1;2
ANAGULBIN;1;2.4.1975;0;1
FEVKIYYE;2;22.3.1942;0;2
MEKBIRE;1;7.4.1976;0;1
HURINSA;1;6.5.1950;0;1
SIMAYIL;1;1.11.1973;1;0
SUDDIYE;2;8.5.1967;0;2
MULLAZIM;1;11.4.1973;1;0
IBRAHMI;2;8.10.1981;2;0
BANICIHAN;1;22.7.1944;0;1
KIBIYE;1;24.9.1977;0;1
MUCESAN;1;8.7.1956;0;1
SALIHI;5;15.3.1944;0;5
SEMSUMAN;1;21.10.1982;0;1
NESDER;1;15.1.1986;1;0
SOZUN;1;17.5.1966;0;1
REHLETE;1;30.5.1973;0;1
PANKINAT;1;27.2.1956;0;1
KUPUS;8;10.6.1945;2;6
SELAHATTAN;1;21.7.1983;1;0
GOKLAN;1;19.3.1991;1;0
ZULEBIDIN;1;2.8.1987;1;0
KERENFIL;2;23.4.1949;0;2
COGI;1;1.10.1949;1;0
VEHIDEDIN;1;6.2.1943;1;0
HARA;1;17.8.1972;0;1
DURISAH;4;20.6.1962;0;4
NULFUN;1;27.6.1974;0;1
UMITKAN;1;6.5.1978;1;0
DONERSE;1;13.10.1989;0;1
CEZENUR;2;11.7.1968;0;2
ETLICAN;1;27.2.1980;0;1
MUNIBET;2;2.11.1966;0;2
HIDEYETTULLAH;1;25.8.1989;1;0
SAYGU;1;3.1.1990;1;0
HAYZIYE;2;16.7.1948;0;2
ABDULMENZUR;1;20.5.1984;1;0
SELMINAY;5;29.12.1974;0;5
MELATTIN;3;23.12.1951;1;2
MAZIYEDE;1;26.7.1959;0;1
HAZIYAN;1;12.8.1977;0;1
SERVISER;1;4.5.1975;0;1
DULURGIYE;1;1.7.1955;0;1
EYNURE;3;4.9.1961;0;3
GOLBOY;2;29.3.1945;0;2
ELIEKBER;1;2.1.1975;1;0
ZULBAT;1;26.11.1971;0;1
FANYE;1;2.2.1963;0;1
NURENDEM;1;29.11.1963;0;1
GULFIRDES;1;23.2.1967;0;1
SIFETULLAH;1;9.10.1986;1;0
SALBINAZ;1;30.10.1960;0;1
URUZUYE;3;23.9.1962;0;3
ZEHINE;4;20.11.1962;0;4
ERAYI;2;12.10.1978;2;0
KANIZET;2;24.11.1961;0;2
ZARANC;1;22.2.1961;0;1
TAARUZ;2;16.6.1976;2;0
SOMEYE;2;14.8.1984;0;2
BULEYCAN;1;26.8.1991;0;1
MUNAVIR;1;17.6.1978;0;1
CHAGARKAN;1;25.2.1969;0;1
SEHEF;1;18.2.1960;0;1
AYTUGAR;1;14.7.1991;1;0
GANAAT;1;16.12.1970;0;1
MUNHAT;2;5.8.1967;0;2
GURBETKIZ;1;22.8.1949;0;1
BAHURA;1;8.10.1955;0;1
GULDENSUZ;1;4.8.1980;0;1
BESINAYI;1;7.3.1964;0;1
MAHSUNNI;1;4.4.1976;1;0
HUZIMA;2;20.11.1976;0;2
ZORIYA;1;21.2.1958;0;1
CARILLAH;1;26.10.1978;1;0
NASACAN;1;16.11.1956;0;1
MUTALI;1;1.5.1961;1;0
VIYANE;1;26.7.1982;0;1
DURSAM;1;21.6.1972;0;1
FINTI;1;22.8.1931;0;1
MUSTEM;2;20.1.1963;2;0
RUFIE;1;16.10.1980;0;1
MEJNURE;1;17.2.1978;0;1
MUSLUMSULMAN;1;1.2.1972;1;0
MAKBUYLE;2;22.9.1962;0;2
BURAHMETTIN;1;22.4.1967;1;0
ZEVKET;1;22.9.1977;1;0
MAYMUNE;1;16.9.1968;0;1
REBASAH;3;14.8.1969;0;3
SEFKED;1;14.12.1959;1;0
ABDULSENAN;1;24.9.1980;1;0
ELFEZIA;1;2.3.1979;1;0
TUMAL;1;21.5.1963;1;0
NURSEYAT;1;1.1.1978;0;1
SERFINAZAR;1;17.6.1984;0;1
ASIRIYA;1;5.3.1974;0;1
NEZAHIR;6;1.3.1973;2;4
DUMRE;1;22.4.1947;1;0
OZDENTURK;1;30.11.1976;1;0
MAZKAR;1;6.11.1968;1;0
ELSINA;1;5.12.1962;0;1
MUGNIYE;4;7.3.1962;0;4
BAKIMET;1;26.3.1961;0;1
MEFERET;1;23.3.1968;0;1
GEVA;1;27.8.1944;0;1
UMITER;1;10.9.1986;1;0
NESEDIN;2;15.8.1967;1;1
GUKERCIN;1;8.5.1964;0;1
BEHCIDE;1;7.8.1952;0;1
GULSEMRA;2;8.12.1968;0;2
ABDULSATAH;1;26.7.1979;1;0
HALISAT;2;9.11.1971;0;2
SELMUR;2;16.6.1948;0;2
CUMURIYET;2;29.7.1971;1;1
CINNETHAN;2;5.7.1985;0;2
VASTI;1;4.12.1959;0;1
FEDLEDDIN;1;23.11.1990;1;0
SONGEL;3;8.12.1973;0;3
FILINKAR;2;25.5.1958;0;2
ABDULLAHSADIK;1;24.4.1985;1;0
HIZMAN;2;27.2.1971;1;1
ZUKARNEYN;1;6.7.1975;1;0
MUDRIS;5;2.8.1960;5;0
SIVIRE;1;12.2.1959;0;1
SILBIYE;1;24.11.1976;0;1
MULISEM;1;20.6.1964;0;1
NEVSEFE;1;3.11.1974;0;1
DERMEHAN;1;28.8.1973;0;1
NURUSABAN;1;7.2.1970;0;1
PENPEANA;1;7.2.1964;0;1
USKUYAN;1;28.8.1968;0;1
AYNIMELEK;1;7.2.1964;0;1
BASICE;1;22.2.1961;0;1
YENERGUL;2;4.3.1981;0;2
OMERSAIT;1;7.2.1988;1;0
YASHIN;1;12.2.1971;1;0
LEYLUL;1;23.10.1966;0;1
EMRETULLAH;2;12.5.1959;0;2
SEFILHA;1;15.6.1953;0;1
ECET;1;19.2.1959;1;0
SUICMEZ;1;2.2.1981;1;0
ENGIZEH;1;5.1.1973;0;1
SEHZAR;9;1.9.1941;0;9
GERARD;1;2.2.1977;1;0
SAHRIKA;2;23.11.1966;0;2
AYBENT;2;7.6.1963;1;1
ELZER;1;14.10.1974;1;0
ENETULLAH;4;23.2.1966;2;2
RIND;3;7.11.1977;2;1
ASLIDIL;1;11.8.1980;0;1
LUDIWINE;1;20.1.1978;0;1
NIGLEM;1;27.8.1983;0;1
GOLSHAN;2;2.8.1957;0;2
OMRUYET;1;7.12.1970;0;1
UMAT;1;30.4.1941;0;1
ERSILIA;1;23.7.1931;0;1
MARSAN;1;29.11.1983;1;0
ALANCA;1;10.10.1980;0;1
ANIKA;3;4.1.1943;0;3
HESHMAT;1;17.8.1955;0;1
RILA;1;15.11.1982;0;1
TUNCBERK;1;2.9.1991;1;0
NESSIM;1;24.1.1969;1;0
NAVRAS;1;22.9.1963;1;0
POLOMBA;1;8.8.1931;0;1
SOLANJ;1;26.7.1952;0;1
KUDBED;1;4.5.1982;0;1
SENAC;2;20.11.1952;0;2
TEN;2;17.5.1968;0;2
SARMEN;3;25.11.1960;2;1
REFO;5;9.2.1953;3;2
SEMUL;2;19.1.1956;2;0
CIVANIYE;2;27.3.1956;0;2
FEYZUR;1;8.5.1970;1;0
KEPUDER;1;19.5.1973;0;1
MEIDE;2;18.2.1972;0;2
TOLGAYI;1;16.12.1986;1;0
NUMIN;2;28.8.1972;1;1
HURIBAN;3;23.7.1976;0;3
ONGUT;1;7.4.1982;1;0
CAHANDAR;1;16.6.1975;1;0
AZTAN;1;12.12.1971;0;1
ILGUNAY;2;18.9.1957;0;2
ABDULFEHER;1;21.6.1989;1;0
HAVULU;3;9.3.1966;0;3
SENHANIM;4;6.10.1955;0;4
TRUESON;1;7.7.1975;1;0
HUDAGER;2;25.11.1960;0;2
KIRMIZIYE;1;2.2.1963;0;1
SAFVETI;1;21.6.1982;1;0
ENEZHAN;1;20.9.1990;1;0
SARIGE;1;17.7.1970;0;1
CANTALI;1;23.10.1990;1;0
YEKZAN;3;30.11.1988;1;2
RIHVAN;1;21.12.1965;1;0
ELTURHAN;1;22.4.1937;1;0
BEDIRUK;1;26.5.1957;0;1
TIRMULI;1;12.2.1947;0;1
ZERDAG;1;16.1.1975;0;1
GUNNUHAR;2;22.10.1959;0;2
JULHAL;1;2.4.1956;0;1
GULUNYOL;1;22.8.1934;0;1
AROS;2;25.6.1925;0;2
TARSULA;1;1.2.1948;0;1
OSANKA;1;12.8.1929;0;1
FERCIN;2;19.12.1931;0;2
GARABED;1;29.12.1958;1;0
KIGOR;1;12.2.1953;1;0
HUMAYAK;1;4.10.1957;1;0
DELEMAK;1;20.11.1941;1;0
VAHRIC;4;11.4.1954;4;0
LERME;1;19.5.1971;0;1
JORS;2;2.12.1956;2;0
MADOLEN;1;23.10.1948;0;1
REGINE;2;27.4.1964;0;2
ZURYET;1;22.2.1961;0;1
KIGOHI;1;3.11.1933;0;1
DEHRIY;1;7.2.1982;1;0
EFROKSIYA;1;27.8.1926;0;1
AYZENNIK;1;1.7.1930;0;1
USKUHIM;1;11.4.1939;0;1
HOVMAN;1;22.12.1944;1;0
KIROPE;1;17.3.1929;1;0
GAIZ;1;2.5.1927;0;1
HAYGO;3;19.4.1940;1;2
ARDASEZ;5;7.10.1952;5;0
MARIET;1;18.4.1945;0;1
ASADOR;2;4.8.1954;2;0
HIRACUHI;1;25.1.1931;0;1
SAKEN;2;24.4.1959;0;2
SULFEHAN;1;3.3.1965;0;1
UYONUS;1;29.9.1956;0;1
ANJET;1;19.8.1960;0;1
MELHI;1;7.8.1910;1;0
MIHRINE;1;15.4.1930;0;1
FILUMEN;1;7.6.1964;0;1
PILOGOS;1;12.7.1941;1;0
ERTEMI;1;12.9.1974;1;0
STA;1;16.1.1960;0;1
ANAMARIYA;1;10.4.1992;0;1
BINVINUTA;1;26.4.1923;0;1
GUBAYRA;1;7.2.1976;0;1
VAGARSAG;2;28.3.1960;2;0
KADARINA;1;22.3.1958;0;1
DIMOSTEN;2;23.9.1939;2;0
FEKTORYE;1;6.2.1951;0;1
MAJIDA;2;5.12.1967;0;2
NURITSE;3;4.5.1949;0;3
FLORISA;1;27.8.1926;0;1
KARIKEN;1;13.2.1959;1;0
MEVNE;1;6.12.1957;0;1
JOSI;1;26.6.1985;1;0
SOFIZ;1;28.6.1930;0;1
VERCIHAN;1;17.8.1976;0;1
VEDADA;1;27.4.1953;0;1
ART0;1;9.4.1968;1;0
JENNET;1;11.12.1945;0;1
SEVASTI;3;4.11.1950;0;3
KLEOPATRA;3;20.1.1955;0;3
ANZILINA;1;16.7.1966;0;1
VARITE;1;17.8.1918;0;1
VIRANSABUH;1;21.3.1923;1;0
VARTIVAR;1;30.6.1935;1;0
RUSO;1;26.2.1985;1;0
UKTEM;1;5.7.1988;0;1
SIRRUHI;1;22.8.1949;0;1
NERIH;5;6.7.1968;3;2
HAVSEP;1;20.11.1967;1;0
MELINI;1;12.4.1928;0;1
APOSTOLOS;2;20.12.1948;2;0
ARISTOK;1;30.9.1937;1;0
KNAR;1;1.4.1961;0;1
EKLANTUHI;1;19.6.1935;0;1
BAYZA;1;12.7.1951;0;1
SILVONAT;1;2.2.1957;0;1
AVADIZ;1;7.8.1966;1;0
YILTONIK;1;17.2.1954;0;1
FLORITZA;1;13.9.1928;0;1
ARSINA;1;19.2.1946;0;1
BERCII;1;21.3.1947;0;1
RAYMONDO;1;18.2.1958;1;0
MINACAGAN;1;6.1.1962;1;0
MERILIZ;1;15.12.1959;0;1
MRYAM;1;4.9.1938;0;1
NAYRA;1;26.12.1989;0;1
JIANLI;1;14.3.1981;0;1
KARINKA;1;25.8.1981;0;1
KOSTANS;1;15.4.1936;0;1
ARSANGUL;1;8.4.1946;0;1
CANFUAD;1;20.7.1955;1;0
PAYLON;1;19.8.1929;0;1
YERVANDI;1;4.3.1928;0;1
SEHERKAR;1;2.8.1933;1;0
GIREKOS;1;7.2.1968;1;0
ZARVER;1;27.2.1980;1;0
VARUZAN;1;28.4.1947;1;0
AZDUHI;1;17.5.1947;0;1
DUHSUK;1;2.8.1927;0;1
LAURENT;1;19.4.1970;1;0
POLINE;1;9.3.1954;0;1
MADELIN;1;6.7.1942;0;1
KARLIN;1;4.8.1972;0;1
TEOPISTI;2;4.2.1942;0;2
AREMIS;1;11.6.1924;0;1
VERANIKA;1;26.5.1940;0;1
ANASEKER;1;1.8.1943;0;1
HIKET;1;25.5.1952;1;0
ZERMEN;1;17.7.1956;0;1
SERLY;1;6.3.1983;0;1
ASANIT;1;2.5.1936;0;1
HARDAN;1;6.11.1984;1;0
PINYAMIN;3;20.9.1940;3;0
DOMNIKI;1;12.6.1965;0;1
YENOVK;2;20.7.1962;2;0
KIRYAKICO;1;17.11.1961;0;1
ROZALIYA;2;18.11.1947;0;2
TARKUM;1;15.8.1954;1;0
YERVNAT;1;15.8.1957;0;1
ARDEMIZ;1;7.1.1957;0;1
ARITIN;1;17.4.1960;1;0
KLODIA;2;14.9.1975;0;2
HIRUPSIMA;1;1.1.1;0;1
HAMEST;1;27.11.1956;0;1
ARMAVEN;1;11.4.1952;0;1
ERS;1;12.8.1963;1;0
HEGANUS;1;24.7.1947;0;1
SIMPAT;2;15.1.1944;2;0
SEVINNAS;3;19.7.1968;0;3
SENEKER;1;1.1.1;1;0
GULEBATAN;3;25.4.1952;0;3
OPELYA;1;23.9.1948;0;1
RUPINE;1;15.6.1961;0;1
MEHRUBA;2;3.3.1961;0;2
ASGEN;4;23.7.1951;0;4
SIRBUK;1;21.2.1953;0;1
SUHEYLLE;1;25.2.1967;0;1
ELMANILI;1;29.6.1933;0;1
OSGIGUL;1;27.4.1938;0;1
AYDIK;4;5.1.1947;0;4
KARYANA;1;14.1.1915;0;1
ZOVINAR;1;17.11.1953;0;1
BARVIR;1;28.3.1959;1;0
ZEMBULIA;1;9.1.1958;0;1
REJEN;1;11.5.1951;0;1
SESA;1;22.8.1943;0;1
VARTAKIS;1;18.2.1930;1;0
HIRISO;1;13.6.1965;0;1
MIYRAN;2;13.7.1961;2;0
HARUSMA;1;16.4.1964;0;1
VERINIKA;1;16.10.1954;0;1
HORUMSIMA;2;21.3.1939;0;2
AGAPER;1;10.1.1952;0;1
VARTA;1;20.12.1943;1;0
USANNA;1;29.7.1964;0;1
AIKOKUL;1;5.7.1977;0;1
AZNUHI;1;17.4.1928;0;1
ELIZABEHT;1;24.4.1986;0;1
BERCIHI;1;24.4.1961;0;1
EVDOKSI;3;2.10.1953;0;3
KOHARINE;2;2.3.1922;0;2
GAROH;1;4.9.1942;1;0
AGATULA;1;15.3.1949;0;1
ATANOS;1;28.3.1944;1;0
TARE;9;11.2.1965;1;8
IYVA;1;24.7.1929;0;1
HOFSANA;1;11.10.1930;0;1
PEGRUI;1;3.1.1957;0;1
ANTIREAS;1;16.2.1933;1;0
FULYANI;1;14.8.1944;0;1
PIYI;1;12.4.1953;0;1
ASGIK;2;30.9.1946;0;2
ISTAPAN;1;17.8.1930;1;0
TISKUHI;1;11.4.1937;0;1
KLEMAS;1;19.2.1935;0;1
ANASTASULA;2;4.12.1961;0;2
ANDRIYA;1;10.3.1939;1;0
ERDOGU;2;24.1.1969;2;0
HEROFTIYA;1;1.8.1949;0;1
ERPINE;1;2.11.1928;0;1
SEVAM;2;11.3.1972;1;1
OGECAN;1;4.6.1989;1;0
HANANYA;1;15.5.1989;1;0
MANISEK;1;11.6.1981;0;1
HMAYAK;1;26.6.1952;1;0
HOGOP;1;3.10.1972;1;0
FERNAN;2;12.12.1935;1;1
HRIPSINE;2;27.6.1959;0;2
ARPIN;1;12.8.1965;0;1
VERON;2;7.6.1977;0;2
JANED;1;7.8.1934;0;1
KACOZON;1;7.7.1934;1;0
OSUN;1;1.8.1945;1;0
FROSA;2;5.5.1974;0;2
SARL;1;29.7.1944;1;0
VASTAK;1;9.11.1953;1;0
STELYANI;2;21.9.1951;0;2
BIRABUYE;1;16.1.1926;0;1
LUSAPIR;2;13.3.1936;0;2
MALTEN;1;3.12.1965;0;1
FILORYE;1;30.3.1944;0;1
EKSAPERT;1;20.9.1952;0;1
KALOK;1;3.5.1932;1;0
MELIY;1;22.6.1982;1;0
HARUTUYUN;2;21.10.1958;2;0
MIRTAT;1;15.4.1950;1;0
APOSTAL;1;28.4.1960;1;0
PIRRIN;1;26.3.1925;0;1
ADVAR;1;21.10.1952;1;0
KILAMAN;1;12.8.1929;1;0
ANANYIS;1;27.7.1957;0;1
VARTERES;2;22.4.1945;2;0
SIVRAT;1;17.2.1948;0;1
VARSENOS;1;15.5.1951;0;1
IMASDU;1;9.7.1946;0;1
MARMINA;1;22.7.1949;0;1
ARISYAN;1;6.9.1951;0;1
FOTIS;1;27.8.1926;1;0
JENEF;2;11.5.1965;0;2
DIRIPON;1;29.9.1941;1;0
DIYAMANTI;1;24.3.1935;0;1
GULFERAZ;3;19.5.1938;0;3
LUVART;1;1.8.1955;0;1
KARABIS;1;21.10.1946;1;0
ARMUNIHI;1;22.8.1925;0;1
BOJAN;1;15.9.1976;1;0
VARTARIS;1;12.2.1929;1;0
NILSIN;1;26.4.1967;0;1
KAGUHI;1;1.6.1929;0;1
MAKRAFI;1;2.1.1951;0;1
AZADUG;1;7.9.1943;0;1
NOBART;1;28.11.1956;0;1
PAYLAK;1;23.6.1949;1;0
HAIK;1;12.12.1950;1;0
BEBO;2;13.11.1959;1;1
ROLI;1;19.1.1988;1;0
HEGINA;1;21.1.1955;0;1
KUAR;1;25.12.1989;0;1
SAKYETTIN;1;13.4.1964;1;0
BEDUHI;1;16.8.1952;0;1
RAFF;1;21.6.1964;1;0
LUSANUS;1;7.8.1922;0;1
MERMIK;1;1.6.1956;0;1
PERTA;1;14.4.1967;0;1
ZENOP;2;14.11.1930;2;0
SERPOHI;1;25.6.1937;0;1
MAYNUS;2;26.4.1940;0;2
MAGUSES;1;26.8.1935;1;0
STALA;1;26.6.1980;0;1
HAGANUS;1;18.9.1933;0;1
IRENI;1;20.7.1975;0;1
UBER;1;11.4.1974;1;0
YERANUI;1;25.12.1956;0;1
PIRAPIYUN;1;11.10.1933;0;1
DANYELA;2;9.3.1988;0;2
KASIYANI;1;28.1.1943;0;1
BIJU;2;22.11.1952;0;2
ZENIK;2;18.1.1958;1;1
CONSTANTINA;2;21.7.1950;0;2
ANGELO;1;9.5.1977;1;0
UNYAY;9;12.11.1970;9;0
DIRANI;1;5.12.1943;1;0
MINVER;5;4.10.1971;0;5
SANNA;1;27.8.1956;0;1
ISUVA;2;12.6.1935;2;0
IPRUHI;1;14.1.1928;0;1
MESGUT;3;11.1.1963;3;0
YARED;3;3.7.1981;3;0
GRIGORYOS;1;10.11.1938;1;0
ABENREY;1;29.1.1962;1;0
NEBIYETUMAY;1;6.6.1972;0;1
MAKRIT;1;8.6.1946;0;1
MUAKKAR;1;12.8.1929;1;0
HUMASDUVI;1;12.7.1940;0;1
FIRANSUYI;1;14.7.1945;0;1
LUICI;1;23.5.1945;1;0
MARIRITA;1;11.10.1924;0;1
MARKIRINI;1;2.8.1927;0;1
SIRAVART;1;13.4.1941;0;1
SILVAZARUHI;1;2.3.1939;0;1
OREMSIMA;1;2.9.1949;0;1
NIKDAR;2;15.11.1929;0;2
VARIC;2;2.9.1964;2;0
TEREZE;2;20.11.1930;0;2
KIRKUR;1;8.12.1927;1;0
ASOD;1;23.9.1983;1;0
FILORANDIYA;1;14.4.1931;0;1
LINCOLN;1;30.2.1988;1;0
TEZIN;4;30.9.1971;1;3
ASTIGIT;1;12.8.1923;0;1
RIKOCA;1;11.3.1918;0;1
VERKINE;1;5.6.1954;0;1
ANNAMARIA;1;12.12.1985;0;1
ATANASIA;1;2.5.1953;0;1
HEKNAR;1;6.10.1925;0;1
HULYANE;2;10.2.1940;0;2
ASDIK;1;2.8.1915;0;1
VEREJAN;1;18.12.1934;1;0
OKSIYAN;1;12.8.1955;1;0
SEYDUNE;1;19.5.1960;0;1
GIORGIA;1;12.5.1989;0;1
ANESTO;1;3.5.1947;0;1
IYOANA;1;27.9.1937;0;1
BENVENUTA;1;24.3.1932;0;1
CELINA;1;5.4.1984;0;1
SIRANUHI;1;9.2.1928;0;1
LAVINYA;1;9.9.1991;0;1
ELE;2;16.12.1927;0;2
SIRAG;1;11.8.1990;1;0
PEGRUHI;1;26.3.1933;0;1
VARTKESHAYK;1;27.9.1944;1;0
TELGUZAR;11;10.3.1950;0;11
VIREJ;3;16.6.1967;3;0
SOSANA;2;5.7.1968;0;2
MASEFELE;1;14.4.1968;0;1
CUZEFE;1;28.8.1943;1;0
MARGIRIK;1;14.8.1949;0;1
NIVRAT;1;21.7.1959;0;1
SIRAPIYAN;1;27.10.1936;1;0
ZAGUHI;1;30.9.1923;0;1
IFIYENIA;2;21.5.1950;0;2
ARPINA;2;2.5.1941;0;2
ERENIK;1;12.5.1938;0;1
SAYING;1;27.9.1955;0;1
MARAT;2;12.3.1976;2;0
ELIYAZER;3;3.12.1944;3;0
HARUTUM;1;9.5.1951;1;0
VIKEN;2;2.1.1980;2;0
ARDOS;1;23.12.1972;1;0
GAROHERMAN;1;27.7.1939;1;0
GULOZAY;1;16.1.1947;0;1
ATTILIO;1;20.1.1958;1;0
HIBERIK;1;19.3.1934;0;1
PISTAS;1;10.2.1930;0;1
MIROLINA;1;1.12.1986;0;1
PETIR;1;20.2.1983;1;0
NUSI;4;4.1.1960;0;4
MILVIA;1;7.10.1966;0;1
FEVRIDE;1;15.9.1928;0;1
HAYGARON;1;2.2.1951;1;0
LOSARPI;1;11.7.1944;0;1
ARAJAN;1;13.4.1991;1;0
AYTANI;1;22.1.1973;0;1
LEFTERI;1;11.11.1947;1;0
CEMMA;2;16.4.1949;0;2
YORGAKI;3;16.3.1943;3;0
GULADA;1;28.12.1960;0;1
SIRAPIN;2;6.5.1950;1;1
SANNAR;1;6.3.1957;0;1
VELC;1;15.9.1958;1;0
EFTIHIYA;1;5.11.1954;0;1
YIGSABET;1;14.5.1936;0;1
EFRASINI;1;1.4.1961;0;1
TEOPULA;1;4.9.1937;0;1
CEFRI;3;29.2.1962;3;0
DORAN;2;3.10.1960;2;0
YERMANE;1;4.12.1960;0;1
TEOHARI;1;26.2.1955;1;0
EGISABET;1;23.4.1925;0;1
AKUILA;1;9.12.1970;0;1
JIREN;1;4.4.1990;1;0
BARKAV;1;29.6.1948;1;0
MARDROS;2;22.10.1966;2;0
YERKANIK;1;13.5.1951;0;1
EKEBIR;1;7.9.1950;0;1
VARTAKES;1;26.7.1934;1;0
BERNADET;1;27.5.1968;0;1
DIMITRAKI;1;27.6.1980;1;0
MASSIZ;1;3.5.1969;1;0
DINCKAL;1;27.7.1974;1;0
IOAKIM;1;2.11.1981;1;0
PARAMSE;1;14.8.1954;0;1
ARPIYAR;1;5.11.1952;1;0
ARMUNAK;1;10.9.1969;1;0
GALUST;1;28.7.1961;1;0
ZOHRAB;1;15.4.1950;1;0
HIRIPSINNE;1;9.12.1933;0;1
ZAGIR;1;4.1.1948;0;1
SARSAN;1;19.12.1946;0;1
VONTIK;1;1.10.1970;1;0
TUMECAN;1;15.12.1989;1;0
NYAMHUU;1;29.5.1970;0;1
YERAZ;1;2.12.1990;0;1
MAKHINBANU;1;12.3.1960;0;1
RAPIKA;1;27.8.1932;0;1
SIZMA;1;29.11.1961;0;1
YEREMIYA;1;8.1.1954;1;0
TURKERSEL;1;1.2.1941;1;0
DOLITA;1;29.6.1968;0;1
RODNY;1;24.12.1991;1;0
ANGELIGI;1;7.6.1964;0;1
NORSES;3;28.10.1946;3;0
KAYZAK;1;21.10.1954;1;0
KAYIANE;1;11.9.1925;0;1
OZENIK;2;13.11.1941;0;2
DIKSUT;1;26.6.1929;0;1
HAYKOHI;2;20.11.1931;0;2
ERANIP;1;12.10.1941;0;1
ANJAN;1;2.2.1933;0;1
MARYAP;1;22.4.1943;0;1
ARMAV;1;26.11.1963;0;1
ALEKSANDR;4;10.4.1948;4;0
DENCALI;2;20.9.1954;0;2
EKLANTI;1;12.8.1941;0;1
YAHSABET;1;20.3.1937;0;1
LUSARPI;1;11.4.1944;0;1
ARMINAHI;1;7.8.1934;0;1
DATEV;1;7.2.1988;1;0
NEMZA;1;28.3.1987;0;1
FRET;1;9.12.1979;1;0
PAPEL;1;23.11.1948;1;0
BADRIK;1;2.1.1936;1;0
AGISAPET;1;12.10.1928;0;1
PAYLIK;2;17.11.1962;0;2
KAYUS;7;20.6.1942;0;7
HOREPSIME;1;26.12.1954;0;1
PANUS;2;30.11.1929;2;0
ASTRAZADUR;1;1.2.1942;1;0
HUMAYK;1;16.10.1972;1;0
ANAHIK;1;5.2.1968;0;1
HARUTIN;1;4.11.1940;1;0
ARIKNAZAN;1;6.1.1956;0;1
MESRUF;2;21.8.1932;2;0
ISTEFANIYA;1;16.3.1947;0;1
ANTERENIK;1;21.5.1945;1;0
VAHAKN;1;23.3.1961;1;0
ELIZABEK;1;5.4.1982;0;1
DIYONIS;1;12.10.1926;1;0
ARISTAKI;1;27.8.1926;1;0
LUSAVEV;1;28.10.1956;1;0
DAMYAN;1;27.8.1926;1;0
POLARMAN;1;12.8.1923;1;0
ISTALLA;1;15.3.1934;0;1
HANAZANT;1;12.11.1923;0;1
SILKAY;1;9.4.1990;1;0
NOEL;1;16.5.1991;0;1
SERENUS;1;4.6.1939;0;1
NOREL;1;5.5.1949;1;0
SAROL;2;10.11.1961;2;0
AKNAZUHI;1;18.11.1924;0;1
SESET;1;8.8.1954;0;1
ANNAGIL;1;26.5.1927;0;1
PARTAM;1;12.3.1956;1;0
ERIVSA;1;6.4.1947;0;1
MATRI;1;6.3.1964;0;1
OGIK;1;27.8.1932;0;1
MARKIRT;1;17.8.1924;0;1
HERANUHI;1;5.8.1960;0;1
ZIMPAT;1;7.6.1927;1;0
SIRAZART;1;22.8.1931;0;1
YURUGUL;3;23.8.1959;0;3
BEROS;1;6.4.1925;1;0
ARAKSIN;2;24.12.1949;0;2
NAADIRE;1;29.8.1951;0;1
ODURCAN;1;22.7.1949;1;0
YEGSAPERT;1;7.7.1964;0;1
HORUPSIMA;1;24.2.1955;0;1
MASTURA;1;10.1.1978;0;1
LUSIH;1;17.8.1924;0;1
EVKINE;1;11.4.1927;0;1
EMZIYE;3;5.5.1945;0;3
HAYGASIR;1;27.7.1956;1;0
MAKRINE;1;16.4.1939;0;1
YEFKIME;1;27.5.1931;0;1
AGARET;1;21.4.1976;0;1
ARSALUIS;1;17.3.1951;0;1
ISTILANI;1;24.11.1948;0;1
YEPREKSIN;1;22.8.1919;0;1
YEKSAPET;1;12.8.1923;0;1
ISTIRATONIKI;1;30.1.1948;0;1
ESHETENESH;1;2.8.1969;0;1
ISOGHIK;1;6.6.1955;0;1
KLEMAN;2;23.6.1958;1;1
DIMYAN;15;15.12.1955;15;0
MILEVA;1;22.8.1925;0;1
MARUSEK;1;18.3.1930;0;1
MANNIG;1;12.5.1947;0;1
RAHAMIN;1;5.7.1937;1;0
GULYANE;2;11.3.1959;0;2
KOLOMP;1;22.2.1961;0;1
HAYOS;1;20.2.1915;0;1
GLIKERYA;1;7.3.1920;0;1
TECLA;3;12.6.1967;0;3
HAYKAZANT;1;26.7.1927;0;1
ELPINIKI;2;2.1.1933;0;2
GADDARINE;1;19.6.1962;1;0
EMILIN;1;19.4.1938;0;1
IFIGENIA;2;17.6.1944;0;2
ERKILIC;3;16.11.1972;3;0
JONEV;1;28.11.1973;0;1
ZAGGUHI;1;17.8.1936;0;1
BEDYEZE;1;18.4.1936;0;1
GUTIERA;1;5.3.1968;0;1
KEFKUHI;1;2.5.1921;0;1
BEYIL;2;15.7.1966;1;1
HRISTOFOROS;1;2.8.1921;1;0
VARTONNIK;1;7.5.1926;1;0
PANAYOTICA;6;16.8.1935;0;6
DURATA;1;2.9.1959;0;1
ILTERHAN;2;1.11.1947;2;0
ITALA;1;9.5.1936;0;1
HERMIME;1;22.8.1919;0;1
ERNESTIN;2;11.8.1943;0;2
EVLINA;1;20.7.1926;0;1
ANNALIZA;1;5.1.1955;0;1
GINET;1;19.8.1945;0;1
POLBOGOS;1;22.8.1931;1;0
VAHIBA;6;18.5.1954;0;6
BARKERE;1;2.8.1933;1;0
AKARNUR;2;24.9.1981;0;2
SITKIKUBLAY;1;27.4.1954;1;0
HEGI;1;5.6.1965;1;0
FOLOR;1;12.8.1923;0;1
HUDAR;1;28.1.1968;1;0
NEVZEDE;2;25.8.1936;0;2
IDILCAN;1;14.8.1936;0;1
BESIMCAN;2;12.7.1987;2;0
TEPE;2;24.9.1945;2;0
AYARSLAN;2;11.7.1987;2;0
NURASAN;3;15.5.1959;0;3
ULUAY;2;9.6.1959;0;2
ROSELAINE;1;24.9.1969;0;1
ALISTAIR;1;29.3.1983;1;0
MERVECAN;3;27.3.1987;0;3
MAIREM;1;2.4.1957;0;1
MILHAMI;2;6.1.1959;2;0
SUHEYRE;1;27.8.1938;0;1
SEVKIALI;1;12.8.1971;1;0
SEHBA;2;3.2.1980;0;2
ESOV;1;11.9.1964;0;1
PEPU;1;15.5.1946;1;0
ZURRE;2;13.2.1942;0;2
BILKE;2;27.1.1940;0;2
ARZETTIN;1;1.7.1969;1;0
BARRY;1;29.10.1966;1;0
BESICE;3;10.5.1979;0;3
BEDIUL;4;17.12.1957;2;2
ZAREME;1;6.7.1984;0;1
RALUKA;1;2.10.1940;0;1
HOROPSIME;2;11.2.1952;0;2
VASILUDA;1;9.7.1956;0;1
NEVORIK;1;17.2.1957;0;1
ETVA;1;16.11.1972;0;1
ERDEGER;2;15.7.1957;1;1
AFRO;1;5.12.1947;0;1
OZKIK;1;16.2.1938;0;1
TAKUYA;1;8.6.1938;0;1
URFEN;5;16.10.1960;3;2
LIVART;1;26.4.1955;0;1
BESTINAZ;2;24.8.1961;0;2
NARIS;5;23.5.1961;1;4
YENORK;1;1.3.1949;1;0
YEMESRACH;1;18.10.1969;0;1
EBUTELHA;2;27.9.1981;2;0
ANNAS;2;7.9.1957;0;2
MANEYIL;1;2.11.1969;1;0
SULFIK;1;19.8.1960;0;1
AKIDINOS;1;22.1.1943;1;0
KINER;2;19.5.1970;0;2
VARUJA;1;13.2.1965;1;0
BELAYNESH;1;4.4.1969;0;1
BAGRUR;1;9.4.1946;1;0
HAYGUL;2;12.4.1959;0;2
ADAMANDIYA;1;17.2.1942;0;1
KAPAIL;1;11.4.1940;1;0
CAMISAK;2;22.3.1967;2;0
ARAKIS;2;21.3.1952;0;2
CESIKE;1;9.6.1937;0;1
MINATSAR;1;5.5.1933;0;1
ABAN;1;16.11.1960;0;1
ALEKSANDRE;1;21.7.1950;1;0
REPIHA;1;27.8.1950;0;1
SITAMGUL;2;19.5.1968;0;2
ATALAS;1;21.8.1933;0;1
SOLDAN;1;13.12.1957;0;1
ENANU;1;24.2.1976;0;1
GARNIK;1;27.2.1956;1;0
ALEKSEY;3;12.6.1979;3;0
KASARAS;1;7.7.1978;1;0
VARTKEZ;1;29.5.1975;1;0
STAVRULA;2;21.2.1946;0;2
GIRAGOZ;1;24.5.1967;1;0
LUKIYA;1;2.8.1927;0;1
ANASTASI;1;13.6.1964;1;0
ARMANEK;1;17.2.1948;1;0
YAKSIG;1;20.5.1945;1;0
CUNT;1;28.12.1967;1;0
LEONIDA;1;22.7.1949;1;0
DIYAMANTO;1;11.8.1942;0;1
MALAMA;1;27.8.1926;0;1
HARISAVI;1;27.2.1935;0;1
LEONIDAS;2;3.1.1940;2;0
ETYEN;1;26.6.1955;1;0
FRASULA;1;22.3.1938;0;1
EFHARISTIA;1;13.3.1925;0;1
FILIPAS;1;13.8.1989;1;0
HANPAR;1;7.6.1964;0;1
ANNEY;1;11.6.1937;0;1
MARIOS;1;29.10.1936;1;0
KIVFELLI;1;15.3.1944;0;1
NARKIS;2;3.1.1956;0;2
DELAK;1;6.12.1967;0;1
AKSABIT;1;6.8.1946;0;1
MESUZE;1;16.5.1962;0;1
ARP;1;15.10.1983;1;0
HAYKU;1;24.5.1949;0;1
OMIROS;1;23.4.1967;1;0
CIRNI;1;22.11.1947;0;1
ORSEP;1;29.3.1956;1;0
YURUVANT;1;22.9.1943;1;0
VIRAMSABU;1;30.5.1962;1;0
TEBETA;1;17.3.1978;0;1
RUSIYAN;1;16.12.1961;0;1
SOZYAN;1;20.3.1976;0;1
CIGDA;3;13.6.1990;0;3
RALU;1;14.2.1938;0;1
SADDEGUL;1;2.2.1969;0;1
FIBI;2;7.3.1974;0;2
SUZANNA;5;21.1.1981;0;5
KIYDAR;1;2.7.1969;1;0
KARAKEN;1;26.7.1943;1;0
SEOMAN;1;17.2.1966;1;0
NURANIK;1;24.3.1961;1;0
TEOMASIYA;1;2.6.1934;0;1
TOMAI;1;28.6.1980;0;1
RUSU;1;23.11.1974;0;1
CAYKARAN;1;12.9.1941;1;0
SENGULIZAR;1;12.2.1965;0;1
BOLINT;1;14.10.1949;0;1
OFKIYE;1;12.6.1935;0;1
RAPIK;2;19.2.1960;2;0
MOHRU;1;13.3.1943;1;0
MESKAREM;1;2.8.1975;0;1
TURAHMET;1;22.5.1985;1;0
PENIYAN;1;16.12.1951;1;0
THERESA;5;15.1.1959;0;5
HAYKUYI;1;9.8.1944;0;1
ANIMARTA;1;13.3.1980;0;1
URUPE;1;16.8.1962;1;0
KRISTANKA;1;12.8.1941;0;1
DALIK;1;23.10.1940;0;1
SANTUR;4;6.5.1957;1;3
MERSINA;1;16.1.1946;0;1
OFET;1;24.10.1970;1;0
MEHRUK;1;10.4.1945;0;1
JENEVI;1;12.4.1973;0;1
FIRANSABI;1;7.12.1966;1;0
HAROTIN;1;13.11.1939;1;0
AGATI;1;27.7.1941;0;1
FIYOLET;1;10.10.1939;0;1
FERTAYIN;1;4.5.1939;0;1
ANDRIYANA;2;23.7.1947;0;2
MUSEYH;1;12.3.1941;1;0
KOSTANDINA;1;19.9.1969;0;1
YAPRAKSEL;1;17.2.1962;0;1
HARITYUM;1;14.9.1949;1;0
JEANINE;1;23.6.1961;0;1
AVADIK;1;18.10.1935;1;0
OLEG;1;23.3.1990;1;0
VARUNJAN;1;27.10.1966;1;0
GAZAROZ;1;9.2.1988;1;0
CUZEPINA;1;27.8.1932;0;1
PEN;1;18.4.1984;0;1
NARBEK;1;20.5.1942;1;0
KIVOR;1;7.5.1946;1;0
IMASDUM;1;30.1.1962;1;0
HASENNE;1;10.9.1961;0;1
VASILUHI;1;7.8.1916;0;1
OSCAR;1;15.7.1959;1;0
BARKET;1;26.9.1940;1;0
NOYIS;1;11.3.1926;1;0
ANTHIMOS;1;30.6.1941;1;0
DUHSIK;1;6.1.1927;0;1
EHSABIT;1;22.10.1949;0;1
VESAN;1;23.11.1954;1;0
KUFFAR;1;19.6.1944;0;1
SERVIK;1;6.6.1926;0;1
HUSDIYANE;1;1.6.1932;0;1
BUYUKTURVANDA;1;7.8.1934;0;1
MULU;1;12.4.1974;0;1
STASINOS;1;22.6.1950;1;0
ASRAT;1;9.12.1977;0;1
SAKUT;2;30.11.1978;1;1
ARSI;1;27.1.1988;1;0
H.UMIT;1;20.10.1966;1;0
NISANUHI;1;15.1.1945;0;1
ERSABET;1;2.6.1951;0;1
KAKSIRIK;1;24.9.1929;0;1
HOVAGIM;1;19.7.1963;1;0
SELESTIN;1;15.2.1925;0;1
TEZGUR;2;7.2.1973;0;2
ETHER;1;5.7.1974;0;1
HEYRETTIN;6;15.10.1963;6;0
HIRMINA;1;13.10.1955;0;1
BILANKA;3;8.2.1970;0;3
USTUYAN;2;2.8.1965;0;2
PAYLAZA;1;23.2.1935;0;1
MARKRIT;1;14.11.1956;0;1
SIRAFIN;1;21.11.1941;0;1
RUPASER;1;17.3.1954;0;1
IGSOY;1;12.8.1929;0;1
VORTIK;1;18.1.1927;1;0
HIMAN;2;19.2.1943;0;2
JUPTUN;1;25.2.1970;0;1
HRAYR;1;15.7.1965;1;0
MARYANUS;1;17.8.1924;0;1
NORKAC;1;13.2.1950;1;0
BATIRE;1;3.6.1935;0;1
BUYIS;1;23.2.1937;1;0
PINA;1;10.7.1971;0;1
ROMILO;1;1.8.1946;1;0
LORITA;1;6.10.1938;0;1
ERMIONI;1;9.5.1912;0;1
JIRHAYR;1;21.5.1946;1;0
VARTITOR;1;27.8.1932;0;1
BIANA;1;17.7.1969;0;1
ANTONIA;5;26.5.1934;0;5
LAURDES;1;14.12.1962;0;1
ISTIRATIYE;1;27.2.1939;0;1
LOSINTAK;2;30.12.1926;0;2
MERGELIYAS;1;14.12.1939;1;0
FOKA;1;3.4.1970;1;0
HASNIK;1;28.4.1946;0;1
KEGAN;1;5.10.1936;1;0
HIRAY;1;23.11.1945;1;0
BIRISTER;1;6.10.1955;0;1
BEHOR;1;22.4.1922;1;0
CURCET;2;22.9.1953;0;2
ZEHBAR;1;30.1.1920;0;1
OVAGIN;2;2.4.1943;2;0
KARAL;2;16.7.1951;1;1
ZORUK;1;2.3.1957;0;1
MELPOMANI;1;27.10.1967;0;1
MIRELLE;1;10.7.1981;0;1
PERIKLI;1;27.4.1938;1;0
FRANSUA;3;29.8.1952;3;0
SEROPYAN;1;30.11.1930;1;0
YETEM;1;25.8.1982;1;0
DURIHI;1;11.8.1969;0;1
BIYANGA;1;29.9.1933;0;1
ZEIGEAN;1;3.4.1963;0;1
STILIYANI;1;7.5.1953;0;1
HEVONT;1;7.11.1952;1;0
ISTREYA;2;27.3.1935;0;2
HOVAKIM;1;3.5.1928;1;0
HAMPO;1;20.9.1945;1;0
TENY;1;21.11.1989;0;1
GHIULTEN;1;19.4.1977;0;1
MAKRUHISE;1;2.10.1926;0;1
SANDRIN;1;21.6.1978;0;1
GAVRIL;2;29.1.1983;2;0
YAKOVOS;2;18.11.1954;2;0
MECLIN;1;20.5.1984;0;1
BODOS;1;21.11.1942;1;0
PASKALYA;1;5.2.1936;0;1
TODOROS;1;26.3.1951;1;0
KOSTANTINIYA;3;1.4.1949;0;3
ESAYI;2;16.12.1962;2;0
AGOPIK;2;16.12.1954;2;0
JAMNUR;1;18.10.1956;0;1
SAEDA;1;22.8.1955;0;1
TELARIK;1;18.9.1972;0;1
YEKVERT;1;6.6.1927;1;0
STATI;1;20.2.1941;1;0
ASTRA;1;24.3.1951;0;1
ORGA;2;30.11.1957;1;1
KAYENI;1;21.11.1957;0;1
KAYRAN;4;27.5.1962;2;2
VIRKIN;1;17.10.1924;0;1
URANYA;1;27.2.1939;0;1
IHSAP;1;6.6.1957;0;1
NAYIMZAR;1;22.11.1937;0;1
MARINUS;2;2.9.1957;0;2
MEHRUCAN;1;12.8.1935;1;0
ETESIYA;1;27.9.1949;1;0
ABRUK;1;12.12.1923;0;1
NIGOHOS;1;8.1.1952;1;0
HUSEB;1;22.3.1937;1;0
ARANOS;1;21.3.1935;0;1
NALVINA;1;3.12.1971;0;1
JIRAIR;1;7.8.1934;1;0
ARSAVIL;3;6.11.1946;3;0
YULI;1;28.10.1979;0;1
ZILSAN;2;9.11.1965;1;1
RAMANOS;1;30.8.1953;1;0
HOSROFOI;1;25.9.1933;0;1
RUSTEMGUL;1;6.5.1951;1;0
GULINYA;1;1.4.1925;0;1
NEMONEH;1;27.8.1950;0;1
JENIT;1;21.9.1957;0;1
MERSES;2;22.5.1943;1;1
VARTI;2;12.1.1948;0;2
PORLA;1;10.7.1953;0;1
PARSEL;2;3.2.1961;1;1
HARALAMBO;5;19.1.1936;5;0
ROSETTE;1;2.8.1945;0;1
PAGUZAR;1;5.10.1939;0;1
ANKINA;1;8.5.1931;0;1
ISKUI;1;7.4.1950;0;1
SERFURAZ;1;2.8.1927;0;1
RICK;1;9.3.1990;1;0
ZARTIK;1;5.7.1932;0;1
VARKIS;1;6.4.1944;1;0
KAZMIRA;1;1.1.1935;0;1
KARUNDAS;1;30.4.1952;1;0
MAMIKON;1;19.8.1927;1;0
SOGAMON;1;27.2.1932;1;0
KINORIK;1;22.8.1931;0;1
BIRJIT;1;6.11.1972;0;1
HEROS;1;15.12.1968;1;0
LORY;1;5.10.1985;0;1
EVYANIYA;1;18.12.1952;0;1
HARUTIUN;1;1.4.1941;1;0
VARTANIK;1;14.3.1960;0;1
VEYHANUS;1;21.11.1962;0;1
KARMELO;1;17.10.1943;1;0
EFTIVULI;1;15.2.1950;1;0
AZADUYA;1;27.8.1938;0;1
JIHAN;6;21.6.1981;0;6
ASABUS;1;1.11.1939;0;1
YEVKARIS;1;25.2.1942;0;1
PARIZ;1;26.2.1963;0;1
AKOC;1;11.2.1928;1;0
ARIAN;1;22.6.1969;0;1
KALEPSI;1;26.10.1950;0;1
FULORU;1;30.12.1968;0;1
LIDYAN;1;12.8.1977;0;1
HORAPSIMA;2;8.11.1937;0;2
FRANSUVI;1;13.1.1931;0;1
SERPAK;1;3.5.1937;0;1
LUSAT;1;22.10.1967;0;1
GLIGORI;1;2.8.1927;1;0
VARTYAT;1;14.11.1936;0;1
BARTUHI;1;18.8.1923;0;1
LEBURE;2;10.7.1966;0;2
GULBAGI;1;30.8.1943;0;1
TEOKLITOS;1;15.11.1984;1;0
KIRYAHI;1;25.7.1956;0;1
KOLIN;1;17.4.1992;0;1
HOSNIK;1;11.1.1929;0;1
ZIRVAT;1;25.3.1946;0;1
BERCO;1;9.12.1951;1;0
CULIA;1;5.3.1963;0;1
ANAYIZ;1;11.10.1928;0;1
HAYGUI;1;18.11.1949;0;1
ADRISAN;1;21.7.1956;1;0
HARIKNAZ;1;25.5.1947;0;1
SERVART;1;12.8.1935;0;1
GAROBET;1;1.7.1975;1;0
FORTINI;1;7.7.1947;0;1
MARGARETH;1;11.1.1982;0;1
ZIYAZAN;1;18.4.1928;0;1
KULA;4;19.2.1961;2;2
ARAOVAGIN;1;23.2.1941;1;0
MARYONGA;1;7.12.1928;0;1
KRANTES;1;28.5.1926;1;0
ANDONAKI;1;14.10.1954;1;0
PEPRONE;1;13.3.1946;0;1
MARGAR;1;22.2.1930;1;0
ZAFIRIA;1;21.3.1940;0;1
PAZER;1;26.9.1958;0;1
ARSUVAK;1;16.12.1977;0;1
FILORANS;1;21.6.1939;0;1
GELILA;1;9.1.1970;0;1
JRAYR;1;23.4.1974;1;0
RUBINA;2;28.5.1980;0;2
TILY;1;22.5.1957;0;1
ZOZO;3;30.7.1943;0;3
RUHNET;2;14.11.1971;1;1
ANNUS;2;30.12.1946;0;2
GLIKERIA;2;8.5.1963;0;2
YERVENT;1;27.7.1950;1;0
DODOR;1;9.4.1924;1;0
ISAYA;2;21.11.1951;2;0
GULUMYER;1;6.4.1949;0;1
ZINOVIA;3;8.12.1948;0;3
KIMIZ;3;18.5.1954;1;2
MAMPRE;1;19.6.1959;1;0
TRUDE;1;4.6.1984;0;1
ARSALUSI;1;27.8.1926;0;1
LIMONYA;1;17.10.1947;0;1
TUMEZ;1;27.7.1962;1;0
PARNOH;1;22.4.1955;1;0
USGUHI;1;24.3.1958;0;1
VIRJINYA;1;9.3.1961;0;1
ELEFTER;1;24.11.1936;1;0
ELIZARA;2;9.3.1952;0;2
CERMIN;1;8.2.1940;0;1
MANOLIS;1;25.6.1948;1;0
OSGAN;1;30.7.1967;1;0
ATRIYE;26;20.7.1964;0;26
HRISOSTOMO;3;10.6.1948;3;0
KOLYA;1;18.4.1952;0;1
JINEVE;1;16.9.1947;0;1
BIRHUYI;1;6.5.1981;0;1
KADUM;1;2.5.1925;0;1
HIRISTULA;1;19.8.1929;0;1
VERZIN;1;28.11.1950;0;1
VARSENI;1;16.1.1929;0;1
SETIK;1;2.2.1969;1;0
MORDEKAY;1;9.4.1979;1;0
ANTULA;1;25.5.1959;0;1
BAGOS;1;6.3.1968;1;0
NORAIR;1;28.2.1934;1;0
YAGISE;1;11.5.1923;1;0
KATENICA;1;3.8.1939;0;1
NURSAZIK;1;25.9.1991;0;1
MARVIN;1;8.2.1967;1;0
KISTOR;1;15.11.1921;1;0
MISTENUR;1;18.4.1985;0;1
STANISLAV;2;15.10.1978;2;0
KUTLUN;1;24.3.1977;0;1
MAIDA;2;20.7.1940;0;2
DANAYI;1;13.4.1962;0;1
YEGSAPET;1;21.8.1959;0;1
ESTERULA;2;23.3.1935;0;2
PIRLE;1;22.8.1919;0;1
ZAHAK;1;30.10.1936;1;0
MARVINE;1;28.4.1943;0;1
HAYGAZON;1;11.12.1947;1;0
ARMENNI;1;9.10.1955;0;1
NURISSA;1;10.10.1953;0;1
EMMAN;1;2.2.1971;1;0
YEZEGEL;1;10.3.1939;1;0
ENRICHETTA;2;6.9.1928;0;2
EVSTATI;1;18.11.1931;1;0
MIHALIS;1;2.10.1973;1;0
DURANSOY;1;1.10.1979;1;0
ANIKARIN;1;25.6.1977;0;1
ARPUN;1;8.11.1956;1;0
NELDAG;1;29.4.1974;0;1
KOLOTILDI;1;2.8.1933;0;1
ARDESEN;1;10.7.1957;1;0
ARPIYER;1;7.4.1949;1;0
SOGMEN;1;9.1.1956;0;1
JIR;1;24.2.1964;1;0
ARISTIDI;2;6.8.1952;2;0
HERMES;1;10.6.1957;0;1
MELISANDA;1;27.10.1956;0;1
FETINA;1;30.4.1965;0;1
EBHUN;1;11.10.1950;1;0
SAFFED;3;25.9.1964;2;1
BIRAZER;1;9.4.1986;1;0
ERCUNEYT;1;12.3.1973;1;0
YADA;2;22.5.1980;1;1
SEZMIS;1;11.7.1974;0;1
MANOVEL;1;8.11.1938;1;0
KOLOMBIA;1;20.4.1938;0;1
SUFIYET;2;23.1.1972;0;2
KAIJA;1;2.7.1933;0;1
FAHRULEYL;2;19.1.1972;0;2
DIGBA;1;7.3.1982;0;1
ISLAMIA;1;27.8.1932;0;1
CEMFARUK;1;6.11.1969;1;0
TULON;3;27.10.1955;3;0
ORMET;3;4.8.1942;0;3
MEBI;1;14.3.1969;1;0
SAMIMA;1;11.5.1938;0;1
IKREN;1;22.5.1955;1;0
PIEDAD;1;21.9.1953;0;1
ATEFEH;1;21.7.1976;0;1
MENAEM;1;9.12.1952;1;0
TEKTAS;1;11.5.1935;1;0
JEFI;1;19.6.1985;1;0
RETEBE;1;4.6.1950;0;1
KEREZ;2;16.11.1949;0;2
GURKANAT;1;25.1.1940;1;0
OGKUM;1;12.4.1975;0;1
KORUL;1;25.4.1973;1;0
RUKIME;4;6.3.1948;0;4
DOGASAL;1;28.1.1980;1;0
DUZAY;1;7.1.1940;0;1
BEHEM;1;2.8.1933;0;1
YESUVA;2;18.1.1935;2;0
PANTEA;1;6.7.1982;0;1
F.DILEK;1;22.10.1955;0;1
HISLEN;2;6.11.1984;0;2
REZINA;1;22.4.1941;0;1
IRDE;3;20.5.1983;0;3
ELSI;2;15.4.1969;0;2
NURITAP;1;19.8.1944;0;1
DILGUN;6;1.9.1963;1;5
CHARLENE;1;27.11.1982;0;1
SEMRIS;1;10.8.1986;0;1
GUREZ;2;4.11.1957;1;1
GAFI;1;21.5.1977;1;0
FURUSAN;2;19.4.1966;0;2
TORAL;1;10.2.1943;1;0
TEMRIN;2;20.5.1972;0;2
IMHALE;1;18.3.1950;0;1
CHIN;1;17.1.1967;0;1
ROZLI;1;6.3.1983;0;1
KUTAYCAN;4;23.2.1989;4;0
ELYAZAR;2;25.8.1923;2;0
AVSALOM;1;22.8.1935;1;0
UMERAY;1;18.11.1947;0;1
NORAH;2;25.3.1947;0;2
ORLIT;1;28.2.1992;0;1
SHIVA;4;27.10.1966;0;4
MUSTEBAH;1;16.12.1933;0;1
ILYEZER;1;28.12.1936;1;0
ARSENA;1;27.2.1983;1;0
ASIMIN;1;28.5.1931;0;1
CINARE;1;24.9.1989;0;1
MICHIKO;1;8.3.1941;0;1
VYOLETA;1;7.5.1946;0;1
SENYER;1;7.6.1956;0;1
BAHSEDDIN;1;4.3.1951;1;0
LOMI;1;15.12.1965;1;0
EMKAR;2;25.6.1987;2;0
MEFKUR;2;12.11.1952;1;1
LAMIN;3;27.7.1954;2;1
VECEHE;5;9.9.1966;0;5
ELMAY;1;12.7.1971;0;1
NURNEHAR;2;17.4.1945;0;2
BASSEM;1;20.2.1960;1;0
MEHRUNNISA;1;9.3.1936;0;1
NIGDI;1;19.5.1975;0;1
MELIHKE;1;26.4.1990;0;1
MUDIAGA;1;7.6.1971;1;0
GADIRA;1;25.11.1977;0;1
CHAKHRABANY;1;7.4.1975;0;1
MESPURE;1;6.10.1953;0;1
VENESA;1;22.3.1988;0;1
BILIC;6;4.7.1938;6;0
NUNTANA;1;17.7.1970;0;1
ZUMRUTSAH;1;7.6.1936;0;1
ECESAN;1;12.7.1976;0;1
ZANIM;1;12.8.1953;1;0
TUGRULBEY;1;5.1.1978;1;0
KAVEH;1;19.3.1965;1;0
MUCESDE;1;6.12.1974;0;1
RIMAH;2;19.4.1978;0;2
MERIAT;1;17.2.1954;0;1
SEHRIZET;1;17.8.1930;0;1
ZELNAZ;3;28.6.1965;0;3
SAHMENET;1;10.3.1928;0;1
GASSIA;1;15.2.1974;0;1
SADOK;1;4.3.1978;1;0
HUNALP;1;8.5.1946;1;0
PAKRAD;1;20.4.1948;1;0
HARLIN;1;30.11.1957;0;1
KATARIN;2;13.2.1951;0;2
ERCANIK;2;2.6.1943;0;2
DITSA;1;29.12.1947;0;1
MUKAFFER;2;20.8.1944;1;1
HUGIDA;1;17.3.1957;0;1
FURUSO;1;23.8.1926;0;1
ZABELLE;1;12.10.1939;0;1
BADASGAN;1;2.8.1933;0;1
PARAGON;1;11.6.1922;1;0
EBRAHIM;1;12.6.1965;1;0
NUBOR;1;28.7.1929;1;0
JIRALDA;1;3.11.1941;0;1
DIVA;1;17.11.1928;0;1
VIDET;15;22.10.1960;1;14
SOFRANIYA;1;10.2.1925;0;1
MASRUKA;1;2.2.1925;0;1
KRISTEL;2;11.9.1990;0;2
ALESSANDRA;1;11.5.1989;0;1
SASNUHI;1;3.10.1953;0;1
EDUAR;1;9.2.1927;1;0
HUYAM;1;12.6.1950;0;1
GRISELLA;1;11.7.1953;0;1
RIPSIME;1;12.7.1944;0;1
BOLKA;1;3.4.1992;0;1
ZEID;1;28.4.1969;1;0
MUHSENE;1;22.5.1973;0;1
MOSIH;1;6.6.1923;1;0
JAKOLIN;1;5.6.1947;0;1
ALLEGRA;1;22.8.1919;0;1
NURMUKBILE;1;20.9.1951;0;1
FREYA;1;25.8.1952;0;1
VIRJINIA;1;3.6.1945;0;1
KLAUDIO;1;14.5.1963;1;0
YUCEDOGAN;1;8.2.1928;1;0
BERTALAGO;1;2.10.1927;0;1
ERTIMURNADIR;1;28.6.1974;1;0
RUNE;1;16.3.1922;0;1
CEYMINAZ;1;27.2.1968;0;1
KALOMIRA;1;14.3.1940;0;1
SEBASTIEN;2;7.8.1990;2;0
MIKHAEL;1;11.4.1956;1;0
JEKBER;1;21.12.1962;0;1
ELAGRE;1;6.3.1925;0;1
ZARINE;1;23.12.1965;0;1
HIRIPSIMO;1;25.6.1931;0;1
ELIYAS;1;15.3.1929;1;0
SAYEINUR;1;11.2.1932;0;1
SHWAN;1;28.9.1968;1;0
GUILA;1;26.5.1955;0;1
YOLANDO;1;24.5.1941;0;1
ASLANTURK;5;19.8.1970;5;0
GULSENOYA;1;14.7.1954;0;1
MOON;1;21.9.1984;1;0
MIMLAN;2;19.4.1961;2;0
NAGBI;1;10.3.1967;1;0
LIUBAV;1;27.9.1980;0;1
NAZLISU;1;28.4.1991;0;1
FAHDEDDIN;1;20.11.1985;1;0
HARPHAN;1;2.2.1951;1;0
HUREYNAN;1;26.8.1955;0;1
UINGA;1;4.7.1976;0;1
RAVDAG;1;25.2.1985;0;1
MAHBIKAR;1;23.12.1964;0;1
MUVEYYET;2;30.10.1940;0;2
SEHRIBANSONAY;1;2.6.1966;0;1
MERKUT;2;19.9.1979;1;1
ZAYTAR;1;17.6.1933;0;1
HARACYA;1;16.9.1942;1;0
MESENIYE;1;28.5.1950;0;1
VARVAR;3;20.2.1938;0;3
MELEC;1;12.6.1973;0;1
MERVESINEM;1;7.11.1982;0;1
SUGAGAT;1;1.11.1926;0;1
OTANNA;1;11.7.1931;0;1
ARETGARO;1;21.1.1981;1;0
VAJIN;1;2.8.1933;0;1
NELIA;1;1.8.1956;0;1
BELCUHI;1;19.6.1959;0;1
NOVA;2;6.1.1982;0;2
KARMELA;3;18.10.1951;0;3
EFRON;1;24.6.1949;0;1
ERIKO;1;17.7.1980;1;0
FIDAYA;2;29.5.1958;0;2
SELGAKHANYM;1;3.6.1958;0;1
HAYGA;1;14.3.1959;0;1
YEISAPET;1;17.8.1957;0;1
ROJKOVA;1;22.8.1973;0;1
MA.LUISA;1;17.2.1960;0;1
AZARDOKHT;2;24.4.1955;0;2
MUSKIRE;4;7.10.1948;0;4
VILMAN;2;5.3.1945;0;2
NILIDE;1;20.3.1977;0;1
BENK;2;30.6.1986;2;0
MEHBI;1;9.4.1970;1;0
SAVGU;4;28.7.1971;4;0
GIUSTINA;1;30.1.1925;0;1
JANPIYER;2;23.8.1973;2;0
YERATIC;1;18.3.1942;0;1
FUDRIK;1;12.8.1943;1;0
JIFKO;1;19.1.1948;1;0
AYCAR;2;29.2.1957;0;2
VEYANOS;1;19.2.1951;0;1
PICUK;1;7.2.1940;1;0
ELIKI;1;22.8.1925;1;0
MERHAZ;1;28.4.1992;1;0
HASBIM;1;27.4.1950;1;0
SIFAKAR;4;16.10.1964;0;4
YALCINAY;1;17.10.1963;1;0
RUSTEMBEK;1;7.8.1989;1;0
MUKRUMIYE;1;6.1.1962;0;1
INKAT;1;2.4.1975;1;0
MEVLUYE;8;4.6.1970;0;8
ONKUT;2;8.12.1975;2;0
BOLAR;1;6.10.1970;1;0
GULVANE;1;11.8.1980;0;1
MEHLIBAN;5;29.7.1970;0;5
FRANGUL;1;7.10.1960;1;0
IZEN;2;7.4.1979;0;2
NEVRETDIN;1;21.5.1956;1;0
ORCUM;1;21.12.1988;1;0
YUVES;1;15.5.1963;1;0
AGURASTI;1;12.8.1929;0;1
NAHIZEL;1;20.11.1950;0;1
GUYENA;1;20.6.1977;0;1
ZULKEYIN;1;8.11.1949;1;0
UZITE;1;27.4.1938;0;1
KALITA;1;27.2.1980;0;1
SIGMUSLUM;2;28.10.1949;2;0
MUHVECEL;1;11.9.1967;0;1
CILVENAZ;1;7.5.1970;0;1
HALVAT;2;20.1.1942;0;2
KUCUR;6;12.2.1958;6;0
SUDDIN;4;24.6.1964;4;0
MERRY;1;17.12.1980;0;1
TANZIR;1;30.4.1978;1;0
SAZDIYE;1;27.10.1976;0;1
GULLIZER;3;8.10.1962;0;3
GULKUBRA;3;9.5.1989;0;3
ERFAY;1;22.2.1967;1;0
SEVITAP;1;5.12.1953;0;1
NALEHAN;3;2.12.1970;0;3
SEVALIT;1;2.2.1957;1;0
MEYSEN;6;30.8.1964;2;4
TEVAZU;1;28.9.1986;0;1
INCULA;2;17.11.1966;0;2
KADIFIYE;3;12.1.1952;0;3
TEZVER;1;24.5.1940;0;1
ANDAL;1;29.2.1941;0;1
EHMAN;1;26.4.1942;1;0
GREGORY;3;23.2.1974;3;0
ZULGIDA;1;11.6.1968;0;1
MERIFAN;1;13.8.1971;0;1
EYPAN;1;23.8.1982;1;0
MUYIS;1;13.4.1943;0;1
CAKEDA;1;27.2.1950;0;1
HODAR;1;5.7.1986;1;0
TESKERE;1;10.2.1971;1;0
ZILIHE;1;8.3.1973;0;1
ICMEGUL;1;2.2.1963;0;1
EYERUSALEM;1;26.3.1975;0;1
ADASU;1;21.10.1983;0;1
MUSMUL;2;19.11.1954;0;2
NIYMETI;2;14.4.1945;0;2
MURUVVETE;2;28.10.1945;0;2
ZHILIN;1;8.7.1981;1;0
BUCKUN;1;25.5.1982;0;1
ZINETIYE;2;6.2.1925;0;2
TURDIYE;2;16.6.1955;0;2
GUI;1;19.1.1953;0;1
FEHMEGUL;2;21.6.1971;0;2
SEZYAR;1;18.12.1985;0;1
MERKUR;2;22.1.1979;2;0
MURDAZ;1;5.4.1967;1;0
RIYET;1;11.11.1975;0;1
TURKISLAM;2;15.10.1981;2;0
NEDIALKA;1;14.3.1978;0;1
SUHAD;1;27.8.1974;0;1
HUGO;1;2.9.1956;1;0
HAYSEM;3;30.5.1962;3;0
MUHRUDA;1;3.2.1963;0;1
CEVEN;3;12.2.1952;3;0
SEVCER;1;3.11.1982;0;1
SARKYT;1;19.11.1978;0;1
MEYTEZA;1;4.5.1963;1;0
SINMAZ;4;7.3.1965;4;0
KEMEY;1;12.2.1929;0;1
BAHATIYE;1;16.11.1938;0;1
AFIZA;2;12.9.1957;0;2
NUHADIN;1;1.5.1983;1;0
LIVAZA;10;1.5.1961;0;10
MING;1;3.2.1987;1;0
MUGLU;1;7.4.1964;1;0
ISYANI;1;27.6.1977;1;0
RUNAK;2;5.12.1980;0;2
GOYCEN;2;15.1.1977;0;2
SUZEYMAN;1;6.7.1967;0;1
NADURE;1;7.2.1970;0;1
MOZALTO;1;19.1.1926;0;1
LOYCE;1;16.2.1934;0;1
RUMEYRA;2;13.2.1976;0;2
AKRIBAS;1;1.9.1932;1;0
KSENOFON;1;29.4.1982;1;0
MUNEDDIN;1;24.9.1954;1;0
CHOUCHIK;1;27.8.1938;0;1
GUNDAG;1;13.6.1934;0;1
VALIA;1;25.2.1967;0;1
LALIN;2;15.11.1985;0;2
FIRCIN;1;2.5.1927;0;1
EFSTRATIOS;1;25.1.1969;1;0
LOIZA;1;16.6.1930;0;1
ANASTA;1;26.10.1925;0;1
PAVLO;1;23.7.1936;1;0
ALEKRE;1;23.1.1929;0;1
YALKI;1;3.11.1984;1;0
ZEBUH;1;27.7.1956;1;0
MADELEN;1;15.4.1941;0;1
ESTAR;1;17.8.1954;0;1
AZUCENA;1;22.3.1950;0;1
NUVARIK;1;19.5.1938;1;0
STILYAN;1;27.12.1975;1;0
BUJANKA;1;8.12.1939;0;1
KRASIMIR;1;11.12.1977;1;0
NOROYIR;1;9.4.1947;1;0
HARZIRVAT;1;2.8.1951;0;1
ZAVE;1;16.8.1946;1;0
MARINI;1;20.9.1933;0;1
ERHART;3;13.7.1967;3;0
EPSEVIYA;1;14.6.1956;0;1
MORDESE;1;27.12.1947;1;0
FAUSTINA;1;24.7.1972;0;1
BAZIRLAY;1;25.12.1938;1;0
ALFONS;1;18.3.1949;1;0
NIKOGOZ;1;2.2.1938;1;0
VIREL;1;21.5.1961;0;1
VACEK;1;1.10.1949;1;0
MARKUNA;1;27.1.1932;0;1
ZAAVA;1;8.7.1976;0;1
PARIL;3;21.11.1974;2;1
CARLO;1;19.5.1965;1;0
CELESTINA;1;5.1.1926;0;1
ISGANUHI;1;9.10.1963;0;1
GREGORLO;1;13.6.1974;1;0
GEO;2;1.7.1984;2;0
DEMIRTUNC;1;11.2.1984;1;0
GUNNUHAL;1;8.7.1940;0;1
SARPHAN;4;14.12.1988;4;0
DANNY;1;4.5.1985;1;0
NIEVES;1;29.9.1970;0;1
ESFAR;1;28.1.1944;1;0
SERVUHAN;1;10.10.1955;0;1
DENNA;1;7.8.1916;0;1
ANASTASIYE;2;17.4.1951;0;2
VIRHIN;1;4.6.1933;0;1
VERCEL;1;10.5.1940;0;1
ELLIYA;1;6.10.1936;1;0
VIRUYR;1;1.1.1924;1;0
VITTORIA;1;22.12.1925;0;1
NESTER;1;17.11.1951;0;1
ASIMINA;1;24.10.1957;0;1
INE;2;11.9.1954;1;1
VEHAN;1;24.12.1955;0;1
SLAFKA;1;16.3.1946;0;1
MIRAV;1;4.8.1987;0;1
FITRETTIN;3;30.1.1961;3;0
PANDELE;1;6.3.1961;0;1
FIDRIYE;1;7.8.1958;0;1
LILANA;1;10.4.1933;0;1
ALIZA;2;7.8.1934;0;2
LEYAZER;1;16.4.1951;1;0
RIKUCA;2;11.1.1954;0;2
NURANUHI;1;11.10.1926;0;1
PARANSEM;1;12.8.1957;0;1
VIRGINI;1;30.9.1961;0;1
ANTONIETTA;2;16.7.1942;0;2
ISLAFCO;1;21.11.1931;1;0
SALVADOR;2;2.6.1950;2;0
ASTIGIG;1;16.8.1946;0;1
ROZALI;1;19.7.1927;0;1
PALISHA;1;20.7.1973;0;1
ERCANLI;1;30.3.1969;1;0
HEYP;1;1.2.1982;1;0
MARKIRID;1;10.7.1957;0;1
NATANAEL;1;29.11.1989;1;0
SARAFE;1;27.4.1944;0;1
HRASUN;1;13.7.1949;0;1
SELEMO;1;12.5.1929;1;0
CHRISI;1;17.8.1930;0;1
OVED;1;19.12.1975;1;0
MALGIRIT;1;7.3.1964;0;1
ELYOS;1;1.8.1941;1;0
ALTURAN;2;20.4.1965;2;0
YESSIMANI;1;13.7.1951;0;1
AVADYA;1;30.3.1938;1;0
H.ALPARSLAN;1;7.4.1970;1;0
SAROLEVON;1;21.4.1965;1;0
HAMDUHI;1;30.4.1926;0;1
SIMTO;1;11.11.1985;1;0
KARZUHI;1;13.7.1938;0;1
ARMANDO;1;19.6.1973;1;0
FINA;1;2.12.1948;0;1
TERAZA;1;14.10.1975;0;1
NURANUR;1;22.12.1960;0;1
FERHINUR;1;1.2.1931;0;1
HAYGOY;1;27.3.1942;0;1
REFKE;3;27.4.1964;0;3
KEROVPE;1;27.6.1940;1;0
STEFANA;1;14.2.1979;0;1
HAYE;3;10.4.1954;0;3
ASAGUHI;1;16.12.1927;0;1
BEK;4;18.3.1967;3;1
MAGDELINA;1;7.8.1928;0;1
ALEKSANDER;2;26.1.1943;2;0
GRASY;1;1.2.1965;0;1
USTAR;1;28.6.1977;1;0
EDWARD;3;26.4.1975;3;0
BINYAMEN;1;30.12.1938;1;0
KOSTANDINKA;1;7.12.1960;0;1
BLAGA;1;27.7.1936;0;1
ASPASIA;2;5.9.1960;0;2
ERURGUR;1;23.10.1943;1;0
SOFULA;1;25.4.1937;0;1
TOKTAGAN;1;1.7.1970;0;1
CINISCER;1;12.4.1953;0;1
TATIA;1;11.3.1971;0;1
VITTORIO;3;6.11.1952;3;0
GULKHANDA;1;5.2.1962;0;1
SERVUNAZ;1;26.5.1941;0;1
MARKETA;1;19.1.1954;0;1
JUZIF;1;21.11.1934;1;0
LUTER;2;24.5.1969;1;1
AYBIGUN;1;13.4.1935;0;1
MARKADA;1;17.8.1951;0;1
NAYEREK;1;2.8.1945;0;1
MEGY;1;27.8.1956;0;1
DERINE;1;17.9.1918;0;1
OFELA;1;11.11.1961;0;1
GHIULUMSER;1;27.4.1973;0;1
BARTEV;1;30.7.1988;1;0
MURATI;1;17.6.1978;1;0
RAKSMEY;1;9.3.1956;1;0
MORGAN;2;26.2.1973;2;0
ANSAVIS;1;7.8.1922;0;1
HUIQIANG;1;13.8.1961;0;1
VIRGINYA;1;7.8.1928;0;1
GIZIMA;1;17.8.1960;0;1
SIYONA;1;12.8.1948;0;1
OGETAN;1;24.8.1967;1;0
ERSADIK;2;1.1.1959;2;0
TIRAYE;2;21.8.1968;0;2
NORBERT;2;17.3.1963;2;0
LJUBA;1;17.8.1930;0;1
PEYMANIZER;1;12.6.1983;0;1
NARGUIS;1;22.11.1973;0;1
YEGISE;1;29.7.1950;1;0
HUMAME;1;17.5.1959;0;1
HEYETHAN;1;26.2.1955;1;0
MAIYA;1;11.1.1953;0;1
DOROTI;2;14.1.1959;0;2
AJFER;1;17.9.1974;0;1
FUYUZE;1;22.6.1972;0;1
NESSY;1;22.11.1947;1;0
DIZYA;1;6.4.1921;0;1
BOGUALP;1;28.5.1960;1;0
GIANETTA;1;18.2.1929;0;1
ADIRYAN;1;1.7.1946;0;1
NEHRISER;1;26.12.1951;0;1
LIZANKA;1;12.8.1929;0;1
ARJUMAN;1;8.9.1971;1;0
INANSU;1;8.7.1977;0;1
JESSIE;1;28.6.1947;0;1
CEYNI;3;20.12.1980;1;2
FERTUNE;1;26.2.1946;0;1
NURIYEZAN;1;1.2.1958;0;1
YEGISTAFET;1;22.5.1927;0;1
PAVLOS;2;12.7.1963;2;0
ABRAMO;1;3.10.1928;1;0
CEBLAHIR;1;1.11.1953;1;0
TUGVA;1;6.2.1965;0;1
YENISEL;1;4.1.1975;1;0
BIRSAD;1;3.2.1964;1;0
TATYANAS;1;24.11.1975;0;1
BINATLI;2;26.2.1976;2;0
EFIYENIA;1;17.6.1928;0;1
TUMAYNUR;2;18.12.1969;0;2
DANINDI;1;21.8.1954;0;1
ZEHRABE;1;11.5.1971;0;1
BOZBEYI;1;7.8.1934;1;0
FEYHIME;2;22.2.1960;0;2
NEBAIT;1;6.1.1961;0;1
COCA;1;27.5.1957;0;1
YEMARIAMWORK;1;28.7.1974;0;1
SHIAO;1;2.3.1956;0;1
OLNA;1;7.2.1928;0;1
FETUS;1;16.6.1956;0;1
DELEK;1;12.10.1979;0;1
RUBAYE;1;9.2.1939;0;1
BEJENDER;1;19.2.1978;0;1
ERODGAN;1;1.1.1989;1;0
SENILKBAL;1;12.5.1964;0;1
SELTAY;1;16.7.1988;1;0
VIYAN-S;1;19.3.1974;0;1
HANIFAA;1;12.11.1983;0;1
ANTUS;1;6.1.1962;0;1
NESDEGUL;1;12.10.1971;0;1
TURKURT;1;21.11.1963;1;0
BALLICA;1;22.8.1943;0;1
GULNAKIS;1;14.7.1987;0;1
SEMMIN;2;14.11.1975;0;2
KIPRI;3;2.9.1944;0;3
MIZBEH;10;29.7.1968;10;0
BURHAL;1;27.2.1980;1;0
EKINE;1;18.2.1988;0;1
NUSVETTIN;1;12.10.1971;1;0
ZDRAFKA;1;26.5.1944;0;1
FATIMAN;3;29.3.1968;0;3
JANO;2;21.4.1965;2;0
LOLISA;1;3.9.1952;0;1
HARS;1;4.10.1945;0;1
RUZITA;1;14.4.1937;0;1
ESTURULA;1;1.1.1930;0;1
RAYZA;2;4.10.1988;0;2
ILNEM;1;9.6.1948;0;1
AHKAR;1;4.5.1937;1;0
SARIDAYI;1;30.11.1959;1;0
HAYRUPSIMA;1;4.9.1922;0;1
CHIARA;1;16.3.1984;0;1
GORO;2;18.7.1962;2;0
ALYOSA;2;9.8.1988;0;2
VIRCINI;1;27.1.1944;0;1
TEDI;1;23.7.1956;1;0
NATALINA;1;11.8.1973;0;1
MECDULLAH;1;28.2.1956;1;0
MUFERREHA;2;24.5.1942;0;2
EMMY;1;8.9.1979;0;1
VIKID;1;10.10.1958;0;1
JIOVANNA;1;17.8.1918;0;1
EDGAR;1;18.5.1967;1;0
YILFER;2;26.3.1955;2;0
YASOA;1;7.5.1920;1;0
RILET;1;22.5.1956;0;1
NIVEYRE;1;30.6.1964;0;1
HADIYECAN;1;14.5.1982;0;1
BORYA;1;24.6.1925;1;0
SADILMULUK;1;11.10.1969;1;0
FORTUNATA;1;27.8.1926;0;1
YOLEN;1;5.6.1942;0;1
KUDEM;1;17.3.1991;0;1
FERAHUDDIN;1;15.6.1937;1;0
OKTAVIA;1;15.10.1984;0;1
NILS;1;3.5.1980;1;0
AZATCAN;1;30.5.1928;1;0
ANTIMOS;1;20.3.1953;1;0
RAC;2;26.2.1948;2;0
YAKU;1;21.12.1936;1;0
VIKENT;1;13.4.1958;1;0
ILMUTLUHAN;1;29.11.1976;1;0
MONIQUE;2;2.12.1946;0;2
SURIVE;1;21.6.1943;0;1
DOV;1;9.9.1970;1;0
YVES;1;23.9.1984;1;0
FIRED;1;6.11.1926;1;0
RACHELE;1;22.5.1931;0;1
ADERIN;1;4.8.1967;0;1
KURIN;1;10.10.1933;0;1
BASELEL;1;1.5.1926;1;0
ESINUR;6;28.2.1979;0;6
SIVYA;1;23.4.1925;0;1
CANTI;1;26.8.1938;0;1
GUNBESEN;1;24.1.1940;0;1
KEVURK;2;24.11.1933;2;0
UBEYDIYE;1;15.1.1929;0;1
ASLIHITTIN;1;22.4.1922;1;0
MEZI;2;19.10.1956;0;2
HIRZEM;1;21.5.1939;0;1
HALILBARAN;1;11.5.1965;1;0
PULA;1;2.8.1933;0;1
DUNJA;2;4.5.1979;0;2
AMEDEA;1;9.3.1954;0;1
MARITZA;2;10.10.1968;0;2
LIBY;1;2.8.1921;0;1
NAGIAH;1;11.7.1931;0;1
GIOVANNA;2;11.7.1971;0;2
KILADET;1;20.12.1933;0;1
BEJAN;3;8.11.1963;1;2
BENVENIDE;1;12.2.1923;0;1
NOMI;1;12.7.1983;0;1
CIHANGOKALP;1;20.10.1960;1;0
EMELGUN;1;14.8.1959;0;1
OZULKU;1;12.8.1991;1;0
ANAT;1;7.8.1980;0;1
YABGU;1;7.3.1946;1;0
SEMSIPER;1;1.5.1930;0;1
EMINE-I;1;27.5.1931;0;1
Z.SERDAR;1;17.8.1966;1;0
SELRAN;1;20.2.1976;0;1
SHOLEH;1;4.9.1965;0;1
LAUREN;1;18.12.1960;0;1
PATRICE;1;25.10.1967;1;0
ANTJE;4;5.5.1947;0;4
NILZEYNEP;1;20.10.1967;0;1
GERVAISE;1;7.12.1946;0;1
TIRAJA;1;1.1.1;0;1
SIRAB;2;24.4.1966;1;1
BIRCESU;1;14.11.1990;1;0
JESI;2;29.1.1986;0;2
KERA;1;12.7.1928;0;1
YESECAN;1;2.8.1954;0;1
ORET;1;23.3.1954;0;1
HAYSI;3;26.11.1949;0;3
ASIKARE;1;8.4.1946;0;1
ULGENAY;1;26.3.1982;0;1
FERULYA;1;6.9.1987;0;1
MUACCES;1;21.2.1975;0;1
SAMAYSE;1;6.11.1962;0;1
SEYUBE;1;28.8.1979;0;1
CAGTAC;2;11.6.1978;1;1
YELIZGUL;1;18.2.1980;0;1
FILLIGET;1;22.2.1967;0;1
MERZANE;1;17.3.1953;0;1
HORISA;1;10.8.1980;0;1
ERZET;1;8.2.1958;1;0
STAMATIA;1;19.9.1925;0;1
EGDIC;1;21.2.1977;1;0
GULERIZ;2;2.5.1960;0;2
TUNABAY;1;27.10.1990;1;0
MITAF;1;16.11.1987;1;0
NIKAFET;4;30.2.1966;0;4
BETHIYE;2;27.10.1967;0;2
DOGANALP;3;26.4.1977;3;0
NEHUZE;1;27.8.1956;0;1
GAYENUR;2;20.12.1991;0;2
SUREYDA;2;6.12.1962;1;1
MUHBER;2;17.8.1964;0;2
VASKA;1;7.8.1934;0;1
MIKIYE;2;22.6.1952;0;2
SULURU;2;25.7.1968;2;0
BITTER;3;12.12.1979;0;3
ARCELIE;1;3.4.1969;0;1
TUNCYIGIT;1;9.8.1975;1;0
ILFETTIN;3;29.6.1964;3;0
MUAYAD;1;10.2.1964;1;0
ERGURLER;1;16.4.1976;1;0
CARRIE;1;30.8.1981;0;1
LATIFI;2;29.9.1977;1;1
KARMEL;1;17.12.1978;0;1
OGUZHANASILTURK;1;1.2.1992;1;0
BELVINAZ;1;7.11.1969;0;1
DIMITROLA;1;7.8.1928;0;1
BENDEL;1;7.4.1976;1;0
SEYACAN;1;11.10.1969;0;1
YIMSEL;1;3.3.1968;0;1
SEBGUR;1;7.1.1958;0;1
SOUADAD;1;20.4.1969;0;1
MUEYYA;1;7.6.1961;0;1
MEHMETTAGI;2;29.9.1949;2;0
BEDERUS;1;25.4.1949;1;0
DOMINIKI;1;22.3.1944;1;0
ALIUGRAS;1;19.2.1976;1;0
GAYMAK;3;10.4.1960;0;3
IRZE;3;4.1.1965;3;0
MENFIYAT;4;11.2.1978;0;4
ALISABRI;1;25.9.1973;1;0
GULABBAS;1;6.7.1973;1;0
HURUMISE;1;7.2.1946;0;1
AYSENIKAR;1;7.2.1952;0;1
NAHATTIN;3;30.9.1960;3;0
MEHDIIN;1;25.6.1970;1;0
ELIFSULTAN;1;10.5.1988;0;1
TAKUL;1;14.6.1976;1;0
SEFDA;3;15.7.1973;0;3
USKUVAR;1;2.2.1990;0;1
BIRYETE;1;13.4.1979;0;1
AMRIN;1;26.9.1982;0;1
NURICI;1;17.2.1978;0;1
GURBAT;3;20.9.1982;0;3
MUCEF;2;10.10.1962;1;1
MURACETTIN;3;7.3.1975;3;0
IMCINUR;1;27.12.1980;0;1
ABBASSANI;1;9.6.1970;1;0
HACIZIYA;1;12.5.1967;1;0
MUTHA;1;27.1.1986;0;1
EZEGEL;1;16.1.1960;1;0
BARIL;1;14.8.1977;1;0
KOCEY;3;22.5.1961;3;0
TEYFEL;1;1.11.1965;1;0
ESMAPIRI;1;17.2.1942;0;1
SECTI;1;10.11.1979;0;1
OZINCI;1;12.8.1973;0;1
YAYLALAR;1;15.9.1974;0;1
GULHIDAR;2;8.6.1955;0;2
NAZHAT;2;11.7.1972;0;2
SAMIYER;1;1.11.1956;0;1
ALLAATIN;1;7.6.1976;1;0
TEKDEMIR;5;5.4.1934;5;0
HAYIZEDE;1;26.6.1973;0;1
AGCIN;1;11.11.1950;0;1
ZIYAHTIN;1;15.3.1982;1;0
NEZAHAD;2;3.1.1959;0;2
CANMESEP;1;4.3.1972;1;0
SERZENG;1;7.6.1944;0;1
ALIBORA;1;17.10.1972;1;0
EVAR;2;19.8.1974;0;2
AKBEGI;2;25.5.1963;0;2
MUSRIKIYE;1;26.3.1961;0;1
ABDULSAHIN;3;3.10.1957;3;0
CEFAGUL;2;24.1.1983;0;2
HAYDARPASA;1;12.2.1947;1;0
ROJNUR;1;11.6.1982;0;1
ELFUN;1;11.5.1963;0;1
CAGSEV;1;18.9.1990;1;0
ZIYAMENT;1;17.5.1954;0;1
HAYZEDE;1;9.3.1965;0;1
MAYPERUZ;8;16.1.1975;0;8
MAYATEL;2;20.1.1966;0;2
ELEMHAS;3;7.6.1947;0;3
ASASEDDIN;1;3.2.1957;1;0
IMARAT;1;22.2.1979;0;1
GUNNE;1;8.7.1933;0;1
KUNSULU;1;16.10.1976;0;1
KIRMIZSIYAH;1;12.4.1965;0;1
ZOLIHA;1;11.3.1943;0;1
ADAMJAN;1;23.9.1990;1;0
PUNPIL;2;2.4.1969;0;2
ZINETIN;3;30.10.1967;0;3
NEZLINUR;1;27.2.1974;0;1
TACILMULUK;3;3.7.1968;0;3
YUZBEK;5;2.11.1979;5;0
YIRDAGUL;1;26.7.1982;0;1
SUBEYME;1;16.5.1949;1;0
NURFATMA;3;15.5.1981;0;3
PARIYE;6;7.9.1948;0;6
MURATERSIN;2;9.1.1976;2;0
HACIYAKUP;2;15.9.1961;2;0
IDILBIRET;1;12.8.1974;0;1
RUSGET;3;4.1.1963;1;2
EPHERI;1;14.4.1929;0;1
CALMAZ;1;7.11.1977;1;0
MAKBUT;1;3.7.1969;0;1
NUGBER;2;3.7.1954;0;2
CARDAN;1;10.12.1964;1;0
BAYGI;2;26.1.1956;2;0
FRANZ;3;12.7.1962;3;0
FUCCARE;1;16.11.1944;0;1
YEDIGUN;1;2.1.1967;0;1
MEDAD;2;26.8.1975;2;0
MUMKUN;1;20.6.1990;1;0
MEMIMILIYAN;1;25.3.1943;0;1
EFZAN;1;11.11.1919;0;1
MORIBAN;1;27.8.1979;0;1
SAKHADA;1;11.5.1972;0;1
METET;1;4.1.1969;1;0
BEYHANEYE;1;2.4.1963;0;1
APAS;2;21.4.1963;2;0
ONOR;2;30.10.1972;1;1
OLUVER;1;9.3.1975;1;0
BERGUZARE;1;30.11.1937;0;1
METHIHA;1;29.3.1956;0;1
BITGI;1;6.3.1980;1;0
ROTKA;1;11.3.1966;0;1
TUGJEN;1;9.12.1947;0;1
MEMATTIN;1;6.4.1986;1;0
SEHINDAN;1;2.11.1966;0;1
MURFUT;1;2.1.1945;1;0
ZEMZIMA;1;7.2.1976;0;1
ILKALP;1;22.2.1985;1;0
GULHEKIM;1;5.10.1988;1;0
MAMURHAN;6;18.11.1964;0;6
FETEHNI;1;4.3.1966;1;0
ZENAL;6;26.6.1963;5;1
POYHAN;1;12.8.1978;0;1
MOSINE;4;2.1.1948;0;4
MASIFER;1;11.6.1981;0;1
CIRAY;3;30.1.1961;2;1
BENGINAZ;3;24.1.1965;0;3
FIRASIYE;1;22.6.1967;0;1
PORIHAN;1;11.6.1982;0;1
PACIJICI;1;2.6.1944;0;1
TOYKAR;1;12.8.1971;1;0
HADIJA;1;29.6.1954;0;1
MAHIME;3;9.12.1934;0;3
SEYRAGUL;1;6.1.1967;0;1
AYTUNAZ;1;6.11.1966;0;1
MEYPEROZ;1;21.11.1964;0;1
HUSI;2;3.9.1943;1;1
AYBES;2;26.9.1977;0;2
MAHPULAH;1;16.2.1956;0;1
BAKHYTKUL;1;11.4.1975;0;1
MEFTADIYE;1;28.8.1954;0;1
TARIFET;1;27.2.1974;0;1
NUFTIYE;2;15.10.1950;0;2
GUCENMEZ;1;17.10.1971;1;0
NAMME;1;27.2.1986;0;1
HAYDARBEY;4;2.2.1967;4;0
BARIM;2;9.10.1989;2;0
CEMKAAN;1;11.11.1969;1;0
ULKUNAR;2;30.12.1966;0;2
MINNIYET;1;21.8.1958;0;1
BENRU;1;18.1.1980;0;1
BELFINAZ;2;2.7.1967;0;2
ALIKAR;1;14.7.1987;1;0
ORIYAL;1;27.2.1968;1;0
YELKUT;4;2.4.1980;4;0
SEVSEVIL;1;5.2.1952;0;1
ERUK;2;3.3.1948;0;2
YILDAS;2;14.10.1968;1;1
HALILFAHRI;1;14.2.1948;1;0
BAHCIZEL;1;7.8.1958;0;1
MATES;2;19.2.1942;0;2
UMUGUZEL;1;11.11.1974;0;1
NURTAJ;1;28.9.1973;0;1
CANKUTHAN;2;21.8.1984;2;0
CENNETZADE;1;2.5.1963;1;0
SEHAFETTIN;1;13.4.1949;1;0
MURACIETTIN;1;3.4.1951;1;0
LUKSER;3;8.11.1957;0;3
HUZEYFER;1;1.10.1982;1;0
HAYNURUSA;1;1.9.1965;0;1
BESNIYA;1;18.4.1954;0;1
ELMANE;1;22.8.1931;0;1
NDJAIME;1;27.8.1974;0;1
ABIDHAN;1;13.10.1967;1;0
FECIANE;1;16.3.1959;0;1
LEBIAN;1;13.8.1973;0;1
TEZZIBE;1;13.5.1965;0;1
SEYFETTE;3;23.7.1978;0;3
KIRMANI;3;18.2.1962;3;0
ABDULLUH;1;12.8.1987;1;0
HAYKI;2;14.12.1978;0;2
NIGDER;2;16.10.1962;0;2
PERKAY;1;12.2.1983;1;0
ZEHRICAN;2;18.2.1972;0;2
MUHAYYEZ;1;28.5.1978;0;1
SABIRET;3;12.1.1974;0;3
ERTALI;1;29.7.1972;1;0
PERLIZAR;1;18.1.1971;0;1
SAHSELIM;1;16.1.1974;1;0
HETME;1;26.3.1949;0;1
HAYRENNISE;1;12.8.1929;0;1
MELEKSEYFI;1;12.4.1981;1;0
DAYISTAN;1;22.1.1985;1;0
ABUREZZAK;1;6.6.1968;1;0
ALPYASIN;1;27.3.1992;1;0
TOKKA;1;15.3.1968;0;1
NIYRE;1;11.6.1962;0;1
MANSIRE;1;3.8.1958;0;1
UZAYYA;1;11.7.1974;0;1
NURZILE;5;18.2.1975;0;5
SEVLANAY;1;26.2.1981;0;1
ZILLAK;1;14.2.1953;0;1
ELTUN;2;28.6.1959;1;1
VERKIDE;1;2.12.1987;0;1
SARIZER;1;12.12.1945;0;1
MAFIHA;1;27.4.1949;0;1
GULAATTIN;1;22.6.1973;1;0
NURSAMI;6;24.6.1975;6;0
TAYLANMAHIR;1;14.5.1983;1;0
NARMANGUL;1;2.1.1963;0;1
KENTUVE;1;7.5.1958;0;1
ANTIMAZ;1;11.12.1978;0;1
NATIRE;1;28.8.1954;0;1
FEHMULE;1;6.3.1963;0;1
ALISIDAR;1;2.2.1981;1;0
KOSTAR;1;10.1.1967;1;0
PEYZAN;1;1.1.1975;1;0
MESMULE;3;11.12.1959;0;3
IYINUR;1;27.10.1980;0;1
HURMEHMET;1;24.6.1955;1;0
URGUNYE;2;19.9.1957;0;2
MUHLUZ;2;27.4.1975;1;1
SIGMUS;2;19.2.1961;2;0
HISMETULLAH;1;13.2.1953;1;0
DEMIRAG;3;30.12.1947;3;0
MUBERRAGUL;1;19.11.1989;0;1
ARRUBA;1;2.9.1969;0;1
AGPASA;1;30.4.1943;1;0
YUSUFCEM;1;18.9.1972;1;0
MUALLEM;2;2.3.1969;0;2
ATUYE;2;20.1.1938;0;2
TANTA;1;3.6.1977;0;1
TUDE;1;13.7.1991;0;1
ILKYAN;1;26.6.1978;0;1
SEHEDET;3;26.12.1966;0;3
BULGUHAN;1;4.5.1956;1;0
HUSIRIYE;1;6.5.1974;0;1
GULSEVILAY;1;27.6.1974;0;1
GOKSENAY;1;23.3.1991;0;1
ALIJA;1;17.9.1974;1;0
SECIMSAH;1;17.2.1978;0;1
OKASA;2;1.2.1944;2;0
ABDULMUNTAKIM;1;4.6.1959;1;0
CENAPTAN;1;22.8.1970;1;0
GAFIL;12;13.4.1955;12;0
CINAYET;1;12.4.1941;0;1
TUCEHAN;1;26.6.1965;0;1
GAZIZAFER;1;9.10.1977;1;0
VIRDISI;1;12.2.1953;0;1
MILADUN;1;15.9.1962;0;1
GURSADI;1;22.2.1967;1;0
KORCIHAN;1;1.8.1975;1;0
MUSEYBI;2;2.2.1986;2;0
SENHIZA;1;4.8.1950;0;1
ZUZEN;2;26.2.1961;0;2
MERSIKA;1;11.12.1967;0;1
TENYAR;1;7.6.1982;1;0
AZBE;2;2.6.1954;0;2
HAVANURHAN;1;7.9.1976;0;1
ALISADE;1;9.7.1976;1;0
MUHAMMEDD;1;24.4.1991;1;0
FOZAL;1;12.1.1959;0;1
DAYANC;3;24.9.1980;3;0
ABDUBAKI;2;29.8.1965;2;0
SYEDA;2;14.10.1970;0;2
BERKIZET;1;26.11.1945;0;1
CLEVA;1;20.3.1970;0;1
NUVIYET;1;3.9.1985;0;1
AYDEK;5;18.9.1968;1;4
MAGDULE;1;22.5.1989;0;1
IZZEL;2;15.9.1982;1;1
AVDAR;1;10.4.1987;1;0
ZENIL;5;3.6.1971;4;1
ILEYN;1;9.8.1976;0;1
GANJE;2;20.5.1977;0;2
BILANDER;1;1.10.1950;1;0
MEJRIMA;1;4.12.1973;0;1
CEVAHIRNAS;1;25.5.1943;0;1
GERDEM;1;6.3.1969;0;1
GUNEYIM;1;7.9.1974;0;1
ATAALP;1;24.2.1965;1;0
ZAKIYYA;1;2.8.1957;0;1
MUHAMMETHARUN;1;24.6.1986;1;0
REVKIYE;2;29.9.1967;0;2
DEDIM;1;1.3.1951;0;1
OGUZTAN;3;19.11.1980;3;0
MUHAFFAK;5;30.5.1966;5;0
DENKA;2;8.11.1950;0;2
EYAZEL;1;1.5.1947;1;0
YAZGIHAN;1;27.5.1991;1;0
MURYA;2;17.5.1978;0;2
CEVRIHAN;2;2.3.1983;0;2
BASKUT;1;19.8.1958;1;0
SEYNES;1;3.7.1966;0;1
FUZAFI;1;23.3.1961;1;0
DOGUBERK;1;30.5.1990;1;0
IKLIBA;1;25.11.1981;0;1
TAYAT;1;10.1.1946;0;1
DESDAN;3;5.5.1974;1;2
EBUFE;1;4.8.1939;0;1
ALIULAS;1;9.7.1978;1;0
MERZEN;1;18.6.1967;0;1
M.SACIT;1;2.4.1960;1;0
USTUKAR;8;4.2.1965;2;6
GULFEYEN;1;11.7.1956;0;1
HUDAVERDIYE;1;22.10.1952;0;1
RELIYE;2;3.10.1951;0;2
ZUBRAH;1;12.4.1935;0;1
RUGILA;2;7.4.1942;2;0
UNMUHAN;1;16.12.1980;0;1
NEVAZE;8;10.12.1972;0;8
NECAATIN;2;26.5.1968;2;0
OVUNCHAN;1;26.2.1981;1;0
CUMHURIYETTIN;2;16.2.1961;2;0
MAVUSA;7;25.1.1945;0;7
ZULIYET;4;30.2.1969;0;4
DIRGEN;1;14.3.1959;1;0
JULIYYET;1;21.9.1966;0;1
NURTYAN;1;30.10.1967;0;1
MAMIZE;1;12.4.1955;0;1
YUCELTEN;11;23.3.1960;0;11
SAHHINAZ;1;9.5.1966;0;1
PENA;3;20.8.1970;2;1
EMVERIYE;1;17.3.1936;0;1
TEHMENDAR;1;20.12.1967;1;0
YASAMITDIN;1;24.9.1952;1;0
MEHRUL;1;24.8.1970;0;1
TAGSIN;1;24.2.1974;1;0
MAYTEBA;2;27.10.1955;0;2
NICAT;3;30.5.1972;2;1
NABICAN;1;12.6.1991;1;0
ELCIH;1;13.7.1985;0;1
KIRAY;3;17.11.1971;3;0
FERUBE;2;30.6.1946;0;2
IVELINA;2;12.8.1982;0;2
CEMAFIR;1;16.3.1938;0;1
LAURE;2;29.1.1956;0;2
USDUN;7;14.1.1965;6;1
BADET;5;23.2.1965;3;2
ABITDER;6;4.9.1965;6;0
ALIZET;1;26.3.1965;1;0
SEFIRHAN;3;18.6.1934;0;3
MUFTERIME;1;2.1.1991;0;1
OGUZERI;1;1.8.1985;1;0
NUKEN;2;8.8.1984;0;2
DILBERHAN;2;5.4.1953;0;2
BARADDIN;2;13.6.1972;2;0
AKESER;1;14.9.1939;0;1
TENIYE;9;16.10.1951;0;9
FIYGEN;1;28.6.1956;0;1
TAYYIBIL;1;2.8.1921;1;0
EMRUMEYYE;5;18.7.1966;5;0
SENEMI;1;1.8.1965;0;1
YUTAL;1;10.4.1968;1;0
CAMALEDDIN;4;25.6.1954;4;0
ELBAN;3;7.5.1970;0;3
HULIKAT;1;22.3.1955;0;1
MUYASSE;2;26.3.1970;0;2
GURDESTE;1;12.1.1942;0;1
ABIN;1;1.3.1966;1;0
SEVCIL;2;2.5.1967;0;2
GULDUS;4;17.10.1956;0;4
NIYAZITTIN;1;4.6.1969;1;0
VALAETTIN;1;11.5.1938;1;0
ZIZAN;2;7.3.1969;0;2
BUREYYA;1;17.9.1984;0;1
GUNZENGIN;1;1.12.1963;0;1
VEHHAC;1;21.3.1991;1;0
MERTCENK;1;7.1.1989;1;0
OZETAYI;1;27.5.1950;0;1
ZULFAZ;1;22.12.1929;0;1
HEMDAL;2;9.6.1967;0;2
SERVAHDI;13;26.9.1956;13;0
KARSIN;1;4.3.1973;1;0
KULAHMET;1;1.4.1971;1;0
VACITDI;1;11.6.1946;1;0
MEYTAM;1;24.11.1951;1;0
ATUFE;11;13.2.1948;0;11
AYTEMIN;4;19.4.1960;0;4
ALAUTDIN;1;1.3.1941;1;0
SEREFSEL;2;16.3.1957;0;2
PILAY;4;28.4.1972;0;4
OLYAY;1;30.5.1976;0;1
ALANISA;1;27.2.1956;0;1
RUKHEN;1;7.5.1990;0;1
SEMGULU;1;27.5.1986;0;1
GILIZAR;1;17.9.1966;0;1
MESLEVI;1;9.1.1973;1;0
NECVIYE;1;7.4.1962;0;1
RUSENDIL;2;29.3.1971;0;2
SEVKUTAN;1;30.4.1977;0;1
NEZIHKAR;1;23.2.1950;1;0
FERZANET;2;16.11.1951;0;2
MAYITABA;2;27.6.1973;0;2
ZEHINET;1;3.3.1942;0;1
ZUMRUTTIN;1;1.6.1948;1;0
RESATCAN;1;22.7.1991;1;0
HALTAC;1;30.2.1977;0;1
SUREV;1;11.1.1945;0;1
MUKESER;1;29.7.1952;0;1
BASCAN;1;5.4.1987;1;0
SULFIDE;1;27.12.1974;0;1
APTULVAHIT;2;3.10.1960;2;0
ESNAY;1;26.11.1964;1;0
SEFAIYE;6;1.7.1950;0;6
FERADUN;1;21.5.1962;1;0
MUZYAN;3;27.7.1959;0;3
LAHIBE;3;23.11.1960;0;3
NEVAZIE;1;29.6.1974;0;1
SACITDIN;1;18.1.1951;1;0
MUNACAT;5;30.6.1952;1;4
DIRIK;1;23.5.1936;1;0
MEKISER;1;17.10.1952;0;1
NIVADET;1;28.6.1962;0;1
MEYDET;2;22.11.1974;0;2
SIBHIYA;1;9.3.1985;0;1
MEHIDA;1;14.12.1962;0;1
FATUNETUZEHRA;1;20.10.1918;0;1
GUYZEYDE;1;3.7.1962;0;1
GULBICAN;1;27.8.1962;0;1
APTULREZZAK;1;2.12.1959;1;0
MENNUME;1;29.3.1955;0;1
MEFADET;1;7.8.1957;0;1
AHMETE;1;25.5.1986;1;0
SEZIMAN;2;7.6.1959;0;2
JENNETAY;1;10.10.1983;0;1
NUHVER;1;3.2.1977;1;0
ZEYAL;2;15.9.1953;1;1
PIRSU;1;9.6.1990;1;0
HAYATNUFUS;1;2.3.1933;0;1
MEHSEM;1;13.5.1977;0;1
KELLY;5;20.3.1979;0;5
PUREDA;2;26.10.1976;0;2
SELCA;8;25.5.1974;0;8
MABUZET;1;2.1.1957;0;1
CIMSAL;1;5.6.1973;0;1
MISGET;11;6.7.1964;0;11
TUSEV;1;10.11.1980;0;1
GULSUYUM;1;17.7.1972;0;1
HECERA;1;21.7.1966;0;1
THERESIA;2;5.7.1947;0;2
SERVAR;3;20.12.1986;3;0
BUDAYBEK;2;20.1.1955;0;2
SIFTAGUL;2;2.2.1960;0;2
CAVIZER;3;26.11.1953;0;3
TULGUNAY;1;14.10.1983;1;0
SELVEDINA;1;9.8.1970;0;1
SILAHITTIN;1;17.4.1928;1;0
VARSAN;1;12.2.1987;1;0
AYKOR;2;3.3.1978;2;0
MUDEYYEN;1;4.4.1951;0;1
TANJUGUL;1;14.9.1963;0;1
RUBET;1;21.2.1958;1;0
USEYLE;1;4.4.1951;0;1
SERKENT;1;1.10.1974;1;0
ILFAR;17;16.3.1962;0;17
ERTOGRAN;1;9.4.1936;1;0
URIM;2;15.8.1975;2;0
TUKFER;1;15.2.1967;1;0
LAMIDE;1;12.2.1965;0;1
REHIDE;9;1.10.1956;0;9
BELKICAN;1;17.10.1982;1;0
FERAHDIVA;1;3.3.1963;0;1
SITRAN;2;4.11.1977;1;1
BALUMMU;4;6.12.1944;0;4
AYNEN;5;9.11.1976;1;4
FAZILYA;1;8.4.1956;0;1
EKNAL;1;1.5.1965;1;0
SITABE;1;7.7.1952;0;1
ERVELA;1;17.2.1948;0;1
GILER;1;28.6.1962;1;0
FERDARIYE;1;22.8.1919;0;1
C.GURSEL;1;11.4.1968;1;0
MUYEZER;1;12.2.1971;0;1
DILOYLO;1;27.1.1969;0;1
GULHENDER;3;21.1.1962;0;3
NILSERIN;1;25.3.1976;0;1
VEZAHAT;1;21.10.1990;0;1
MUSTAFASABRI;1;27.2.1956;1;0
HESYAR;7;24.2.1973;7;0
HUSSI;1;2.12.1969;0;1
AYKE;4;20.11.1958;0;4
FAYIRE;3;30.4.1971;0;3
BAYRAMKAN;1;23.7.1955;0;1
KAHNI;4;13.2.1967;4;0
SERRAT;2;12.12.1985;2;0
ERESIN;3;4.12.1966;3;0
BURDEM;1;12.2.1991;0;1
FURRUH;1;8.1.1976;1;0
BEHIS;2;30.12.1968;1;1
UNVERIR;1;28.7.1948;1;0
AYNETUL;1;12.2.1947;0;1
BECIL;3;21.7.1959;1;2
SEVKAP;1;1.8.1969;1;0
GOKKADIR;1;18.7.1982;1;0
HEVNAR;2;9.1.1968;0;2
MAOFER;1;27.8.1932;0;1
VILIYET;2;28.7.1953;0;2
YILDIZSAH;3;21.4.1955;2;1
FIDAVER;3;20.7.1957;0;3
HURUZA;2;30.10.1953;0;2
AYZIMGUL;1;27.8.1968;0;1
PEHLAVI;1;27.2.1956;1;0
KORDALA;1;12.2.1959;0;1
ISIKGOREN;1;4.10.1940;1;0
MUNUB;2;24.4.1972;2;0
DESILE;1;16.10.1959;0;1
HAYISE;1;8.10.1965;0;1
HUNSEL;1;9.11.1948;0;1
ELIBOL;1;18.2.1968;1;0
SITNIZAMETTIN;1;7.6.1950;1;0
YEGUL;4;21.12.1966;1;3
TURCAUN;9;28.6.1952;0;9
HASIVET;1;17.1.1967;0;1
FERRI;3;13.10.1957;1;2
CANDERIM;1;6.1.1982;1;0
ELZUMAN;1;2.2.1975;1;0
BILUNUR;1;7.3.1946;0;1
SANEVBER;1;17.8.1924;0;1
ERANT;2;1.8.1984;2;0
GULDAME;2;25.3.1957;0;2
GUNSENI;2;18.2.1965;0;2
ASLINIHAN;1;8.12.1986;0;1
AZMIPEYKAN;1;8.7.1966;1;0
AGIRMAT;1;2.9.1989;1;0
KUTLUTUG;1;3.2.1987;1;0
ALKO;1;7.8.1946;0;1
ULYIVE;1;28.5.1949;0;1
TIRFA;1;7.2.1952;0;1
YORMAZ;1;1.10.1946;1;0
MENEFI;1;17.2.1966;0;1
MUREFFE;1;7.4.1927;0;1
ANKICA;1;6.12.1951;0;1
HuMMET;1;2.2.1947;1;0
ASANSU;2;1.3.1940;0;2
MUYESSIR;3;29.5.1960;0;3
HUSNUGAZI;1;26.6.1955;1;0
SAZYE;1;13.2.1953;0;1
DERYAG;1;10.1.1962;0;1
ERKAN.;1;5.5.1987;1;0
ZELATIYE;1;12.8.1935;0;1
NUZLAN;1;27.8.1968;0;1
SEYDIGAZI;1;22.8.1949;1;0
NEVASEL;2;16.6.1965;0;2
BERKINE;1;16.7.1982;0;1
PELGUL;1;6.4.1956;0;1
TAKSIR;1;3.6.1960;0;1
EHLIVAN;2;14.8.1971;0;2
EKAY;2;21.6.1974;0;2
ALTUCA;1;12.7.1990;1;0
SUHEYLASAFA;1;5.4.1951;0;1
ERTUGMAN;1;8.10.1978;1;0
GULSUMGUL;1;2.11.1955;0;1
YURTDABIR;4;25.12.1962;2;2
HAYISER;1;3.3.1947;0;1
ENIBE;3;15.1.1931;0;3
MELDAHA;1;17.11.1966;0;1
FERAHSAN;1;14.9.1990;0;1
BATURCAN;1;15.4.1991;1;0
EVSE;1;27.8.1932;0;1
ARNIL;1;19.1.1977;0;1
YURDANENUR;1;17.8.1965;0;1
DEAN;1;28.8.1981;1;0
GULHENDAM;4;30.12.1963;0;4
DUNDARLI;1;29.10.1936;0;1
ESPIR;3;20.7.1985;2;1
ARALKAN;1;7.2.1989;1;0
KUTSALTUTKU;1;13.2.1991;1;0
AYDANC;1;11.12.1969;0;1
DAKKI;2;12.8.1905;0;2
BAHRICAGRI;1;14.1.1986;1;0
ZAAT;1;17.2.1972;1;0
SANBANI;1;19.11.1965;0;1
CAFIYET;1;11.6.1954;0;1
MEVEDDAN;1;30.2.1954;0;1
MUSUTAFA;1;2.8.1983;1;0
ADELIYET;1;11.4.1964;0;1
MUCIZEYIN;1;18.2.1965;0;1
YURDUSAR;2;27.9.1939;0;2
EDIBAN;4;12.4.1966;0;4
HAFIZAT;2;18.3.1951;0;2
TELIGUL;1;6.9.1948;0;1
HUSSET;1;11.3.1951;1;0
DILAYLA;8;27.7.1986;0;8
PENCIEBA;1;13.1.1974;0;1
MUGAYET;1;26.7.1967;0;1
AAMIR;1;27.11.1974;1;0
A.MITAT;1;28.5.1936;1;0
AYTAM;2;8.3.1975;0;2
EDADUDU;1;15.4.1966;0;1
DAHRE;1;21.11.1958;0;1
SEVGILIBEY;1;7.4.1949;1;0
SUHIRIMAN;1;1.5.1957;0;1
MERDABIL;1;16.11.1954;1;0
ALTANBAY;1;26.5.1937;1;0
GUBUZ;1;26.10.1971;0;1
OZGUNAL;1;18.4.1972;1;0
VELIYIDDIN;2;18.1.1959;2;0
SERIFSEN;2;9.12.1964;0;2
MUBEYYIT;4;14.8.1956;4;0
UMMUFER;1;27.2.1961;0;1
GUZILA;1;30.12.1937;0;1
MAME;8;1.12.1949;2;6
TAHIREI;2;4.12.1929;0;2
LILAYSAH;1;3.5.1991;0;1
VERNAZ;1;28.6.1964;0;1
DONU;2;28.10.1977;0;2
NARCINGUL;2;1.9.1971;0;2
SUDDUZADE;1;21.8.1970;0;1
DUHDER;1;18.9.1950;0;1
ESMEAN;1;28.1.1971;0;1
MERBUT;1;4.9.1951;1;0
KELIBAN;1;16.9.1948;0;1
NECIYAN;2;12.5.1945;0;2
AHADDIN;1;15.12.1941;1;0
GULLANDAN;1;3.3.1982;0;1
RIAT;2;21.6.1935;0;2
TUNEYA;4;6.8.1986;0;4
BEHUL;1;3.5.1981;1;0
NERINDEN;1;8.5.1946;0;1
RUHSIN;4;1.2.1967;4;0
BULGUN;3;1.5.1969;0;3
BEDIAT;3;22.11.1940;0;3
TAYBITHAN;1;19.8.1961;0;1
MUKATIZ;1;7.8.1989;0;1
MEBRUZA;1;12.3.1940;0;1
ATIFEL;1;16.3.1938;0;1
ESGA;1;27.12.1948;0;1
NEZIT;2;10.11.1961;1;1
NEGER;21;29.3.1955;0;21
MELEFAT;1;22.8.1955;0;1
RAFIHE;1;6.7.1984;0;1
KANSAT;2;25.1.1989;2;0
GULEKSIN;1;11.1.1960;0;1
GULEKSER;1;16.10.1963;0;1
KETRA;3;30.3.1960;0;3
BAYRI;7;8.3.1964;6;1
DILFUZ;2;24.1.1950;0;2
EYNO;4;2.3.1941;0;4
ABZET;2;25.8.1970;2;0
GERIS;2;25.8.1952;2;0
FERMUZE;1;1.5.1960;0;1
MIZAT;2;5.12.1958;0;2
PUHISE;1;29.10.1956;0;1
RECIZE;1;6.10.1959;0;1
NERSIDE;1;6.12.1956;0;1
SUYIDE;1;16.5.1980;0;1
HUNERGUL;1;25.7.1947;0;1
ERSAG;2;4.1.1970;1;1
SENZA;1;8.3.1983;0;1
TONECE;1;16.1.1960;0;1
KEFEHAN;1;8.5.1964;0;1
MULKINUR;1;12.9.1979;0;1
HAYATIL;3;25.5.1947;2;1
EMISKADIN;2;16.7.1952;0;2
ZOFIE;1;10.10.1978;0;1
TOLGAC;2;27.11.1980;2;0
KEDDER;1;7.10.1946;0;1
YAZULU;1;4.3.1950;0;1
AYRUKE;1;4.1.1987;0;1
HIDAYER;1;12.4.1953;0;1
SELAHAN;3;30.10.1956;0;3
ZULUMAN;4;9.3.1954;0;4
BAZUR;9;24.9.1961;9;0
TAOUFIK;1;9.6.1980;1;0
MIBAH;2;22.5.1943;2;0
SENSON;2;4.3.1980;0;2
REHANUR;1;10.11.1975;1;0
SAFFETGUNGOR;1;13.9.1970;1;0
SUENDA;2;16.8.1974;0;2
YUMSELIME;2;5.12.1941;0;2
MUZELLIYE;1;1.1.1948;0;1
BULKI;1;15.2.1976;0;1
CELVAN;1;5.6.1942;1;0
FIRCAN;1;23.5.1959;0;1
MAHREN;1;28.7.1950;1;0
GULIRIYE;1;6.5.1969;0;1
MAHIRNAZ;1;27.2.1931;0;1
ERYUCEL;3;8.8.1969;3;0
MUNYAMEN;1;17.4.1946;1;0
OKSES;1;12.2.1965;1;0
MEYMU;3;12.1.1933;0;3
MUCLAN;2;12.7.1967;0;2
PEYENDE;1;18.10.1947;0;1
ORFEN;1;16.3.1946;1;0
BAHIS;2;4.4.1954;2;0
SONDAR;1;26.11.1978;0;1
MATMILE;1;28.2.1956;0;1
ELSIYE;1;27.4.1974;0;1
SOTI;1;12.8.1923;0;1
CANTEZ;11;3.12.1970;11;0
ZARAFETIYE;1;17.7.1978;0;1
NARGIZAN;1;29.7.1981;0;1
MEHRENAZ;1;29.10.1956;0;1
MUTAALA;1;6.11.1960;0;1
KANARE;1;16.11.1970;0;1
HAMMAN;5;25.7.1944;1;4
MEVLADIYE;2;28.12.1966;0;2
URSAIL;1;21.7.1977;0;1
ERENE;1;13.12.1957;0;1
TAHIT;2;2.2.1963;2;0
FUFAT;1;20.12.1957;1;0
TANCOY;1;3.5.1973;1;0
HAYLIN;3;30.6.1976;0;3
DOGLET;1;27.10.1944;0;1
OTAK;1;27.9.1938;1;0
ILET;1;27.2.1974;0;1
ARER;2;8.7.1953;2;0
KIRCICEGI;3;27.4.1972;0;3
ASLANSIK;1;25.4.1974;1;0
TURANGUL;2;27.7.1975;0;2
SAIRMEHMET;1;4.6.1981;1;0
SINEZERHANIM;1;24.4.1930;0;1
MINRIYE;2;12.2.1952;0;2
MENHUR;2;1.6.1950;0;2
MESNURA;1;21.11.1969;0;1
SEVAS;4;22.12.1968;3;1
KABALIK;1;16.4.1947;1;0
ZULDAN;1;12.3.1953;0;1
MULFETTIN;1;11.1.1976;1;0
SERDENGUZEL;1;2.7.1957;0;1
ZIDIRET;1;9.2.1952;0;1
GULDIDAR;3;24.3.1959;0;3
GUBAT;1;6.7.1991;1;0
SEDEHA;2;20.9.1975;0;2
MEBRAKE;1;30.6.1973;0;1
FAYGULE;1;10.2.1967;0;1
FEHMIGUL;2;3.5.1962;0;2
SUYETTIN;1;5.9.1974;1;0
GITCARUL;1;3.8.1934;0;1
LIYETTIN;1;1.11.1978;1;0
ZULEHAN;2;30.1.1971;0;2
NEZHETUZEMAN;1;7.2.1964;0;1
FAYUK;2;10.12.1967;2;0
NEMIZ;1;4.4.1950;0;1
MUVAYET;1;17.1.1972;0;1
DIBET;2;20.10.1975;0;2
SABAHAGUL;1;11.9.1973;0;1
HALATTIN;3;11.7.1954;3;0
SAHERDER;1;17.8.1960;0;1
TAVGAN;2;28.12.1960;2;0
OZYASAR;5;4.8.1957;5;0
TENASIN;1;6.7.1954;0;1
ALIHIMMET;1;17.9.1946;1;0
SULTANMECIT;2;7.12.1975;2;0
TEVAHI;1;11.10.1970;1;0
CUNYIT;1;23.3.1986;1;0
SULIBEN;1;19.3.1934;0;1
SEVFIDAN;1;22.7.1967;0;1
MUSEVRE;1;4.2.1990;1;0
KAPANCI;2;29.8.1954;2;0
MURATSAH;3;3.5.1963;3;0
LIVZIYE;1;22.4.1955;0;1
GULENSE;2;7.6.1963;0;2
SADEGUZEL;3;21.4.1316;0;3
ELFADIYE;4;6.3.1958;0;4
FETE;3;30.10.1954;2;1
BENERCAN;2;8.1.1982;2;0
HASPIKA;4;10.12.1951;0;4
ISATIYE;1;12.7.1963;0;1
BALKIYA;11;18.8.1960;0;11
EFRAMIL;5;19.9.1967;5;0
SUKRIM;3;28.6.1940;3;0
BILAYFE;1;13.9.1975;0;1
MEZDURE;1;22.8.1931;0;1
ZAFRE;1;9.8.1937;0;1
HAMDISE;1;1.4.1973;0;1
HEPDEGER;1;17.8.1966;1;0
LELIZ;1;7.12.1982;0;1
ESMIK;3;11.6.1956;0;3
GULNECLA;2;24.3.1962;0;2
MULUSI;1;16.6.1956;1;0
GULTEPE;3;10.4.1953;0;3
GENCOV;1;25.5.1987;1;0
MERHUMAN;1;6.10.1948;0;1
MUSTECEB;5;25.11.1955;5;0
ISMIAN;1;16.5.1971;0;1
NECLIN;3;29.3.1978;1;2
ZENCANIM;5;7.12.1977;0;5
CUMADE;1;27.11.1944;0;1
FIRIDEYIS;1;6.8.1972;0;1
BARIHI;1;24.1.1961;1;0
FERDAVUS;2;11.12.1975;0;2
ANTOVAN;1;29.1.1924;1;0
DUYGUNER;1;6.6.1988;1;0
VAFIYA;1;27.2.1950;0;1
MEVKINAZ;1;20.8.1955;0;1
RUKETTIYE;1;7.3.1964;0;1
NIKARIYE;1;11.2.1976;0;1
GULPERIZ;3;6.9.1965;0;3
LEZLIHAN;1;7.4.1970;0;1
IBIDE;5;1.2.1956;0;5
LEVIYA;1;17.2.1960;0;1
GULFERIHA;3;4.6.1966;0;3
BRICIDA;1;21.5.1968;0;1
MUNUVSE;1;19.5.1972;0;1
SAWIN;1;26.4.1991;0;1
MISREN;1;18.7.1930;0;1
FERANNAZ;2;3.12.1951;0;2
ALANGUL;1;12.1.1947;0;1
HUSAMETTN;1;16.6.1968;1;0
MUDAHRA;1;16.9.1970;0;1
TASMEMET;1;6.5.1969;1;0
SELASETTIN;1;2.3.1957;1;0
FIYAZETTIN;1;27.3.1992;1;0
AYKUNC;1;10.5.1990;1;0
YURUMEN;1;16.6.1982;0;1
RUHIDIYE;5;2.7.1964;0;5
ABDULMARUF;4;11.1.1974;4;0
BEGULHAN;1;21.5.1984;1;0
ISMAHAL;2;27.7.1959;0;2
GULBAYAM;1;6.1.1970;0;1
SAHFELETTIN;1;7.2.1946;1;0
ZEYLABEDI;1;17.8.1954;1;0
GULASUN;1;16.3.1953;0;1
KEKEB;1;7.3.1964;0;1
HASKU;1;27.8.1926;1;0
AGDAS;1;27.11.1941;1;0
UMRICAN;1;26.4.1966;0;1
EMURSAH;3;20.8.1301;3;0
SEDREDIL;1;2.7.1969;1;0
HACATTIN;1;29.4.1974;1;0
YELBIZE;1;2.8.1933;0;1
ILIMDER;5;12.3.1972;5;0
IMMILEYLAN;1;1.12.1977;0;1
SAHSIGUZEL;1;21.6.1958;0;1
INGAYA;1;2.3.1939;1;0
MEBRIKA;2;8.12.1955;0;2
RABIAYI;1;30.10.1977;0;1
NERHANE;1;5.4.1928;0;1
NEZIYYE;4;24.6.1957;0;4
DILIR;1;27.9.1943;0;1
ERNIN;1;27.8.1926;0;1
GULJAMILA;1;10.2.1964;0;1
YAGDIR;1;21.7.1988;0;1
FIGER;5;26.10.1972;0;5
DILHARE;3;15.5.1958;0;3
ABDULEZIZ;2;13.1.1966;2;0
SEYHMUSILBAY;1;30.1.1974;1;0
SEDAYA;1;6.4.1962;0;1
TABDUK;1;9.3.1963;1;0
NUALA;1;12.4.1950;0;1
ZEMZAME;3;27.5.1968;0;3
FERAHTIKA;1;7.3.1964;0;1
AKAD;2;24.4.1982;2;0
ERTURETEN;1;27.2.1962;0;1
NAZADIYE;1;11.7.1957;0;1
ZIYETDIN;1;11.5.1970;1;0
DEDIRI;1;27.2.1944;0;1
ELVILDAN;1;26.12.1950;0;1
MUSEBBEH;2;25.10.1943;0;2
MACIN;4;15.1.1961;4;0
ATIFIYE;2;4.5.1955;0;2
GERAN;1;16.8.1991;0;1
HASANKORAY;1;2.7.1989;1;0
MERSIHA;1;6.6.1980;0;1
BANER;2;16.9.1988;2;0
RECAYET;1;1.5.1959;0;1
MUZAFFERAN;1;9.1.1962;1;0
GUNNAZHAN;1;22.10.1947;0;1
AYRIZ;4;5.6.1969;2;2
BULENTCAN;4;25.1.1979;4;0
SALAHUDDIN;2;19.3.1944;2;0
MUFETTER;3;12.3.1952;0;3
FIHRUZAN;1;10.3.1974;0;1
ZULKAYDA;1;11.5.1953;0;1
SULTANEGUL;1;17.8.1978;0;1
PISURE;1;2.8.1951;0;1
NIHANKUBRA;1;24.11.1987;0;1
ECESIN;1;30.1.1991;0;1
DIRETGEN;1;19.5.1990;1;0
VESIGA;1;11.11.1950;0;1
MEMURAT;1;12.2.1945;0;1
TANIRCAN;1;19.12.1942;1;0
KOKAR;1;27.8.1932;0;1
HAYRUZA;2;6.9.1957;0;2
YASEFI;1;27.10.1980;0;1
SERADIL;4;18.5.1980;0;4
SEREMEN;1;19.6.1952;0;1
SOYBEK;3;11.2.1965;3;0
PAKNAN;1;10.4.1978;1;0
AUGUSTA;2;13.3.1933;0;2
S.ASLI;1;19.6.1974;0;1
SINES;1;24.8.1990;0;1
SUEELLEN;1;18.10.1943;0;1
HATICEDIRAHSAN;1;15.7.1929;0;1
FUDAVERDI;2;24.7.1970;2;0
HERKULCEVAT;1;27.2.1962;1;0
PEYKHAN;1;27.7.1986;1;0
GULMAI;1;30.12.1984;0;1
ALPNOYAN;2;6.4.1971;2;0
CALIK;2;16.8.1971;2;0
SURETIN;2;22.12.1964;2;0
SEATDER;1;16.1.1959;0;1
SERABIYE;1;7.2.1958;0;1
SAMETULLAH;2;14.8.1970;2;0
LUMRIYE;1;12.8.1953;0;1
HUSNAL;3;21.10.1971;0;3
BIGIN;1;22.12.1937;0;1
METETAMER;1;16.9.1982;1;0
SERUDUN;1;12.8.1974;1;0
CERENNUR;1;11.1.1990;0;1
LILIANE;3;11.9.1948;0;3
EDABALI;1;11.5.1972;1;0
MACURE;2;25.10.1940;0;2
PIRILTI;2;5.6.1987;0;2
BORTAN;1;21.5.1970;1;0
MUECCELE;1;10.5.1965;0;1
TIFEN;1;15.4.1965;0;1
LAIKAENDER;1;2.1.1961;0;1
DALKAN;3;11.9.1975;3;0
ORSEM;1;11.10.1981;0;1
RENCAN;1;8.9.1949;0;1
REZGE;1;17.2.1990;0;1
HIZIRREIS;1;21.10.1964;1;0
FARENDE;1;25.8.1940;0;1
BIRON;4;16.4.1978;4;0
BERUJ;1;15.4.1981;0;1
BUYERE;1;10.9.1960;0;1
HUSNUGUN;1;18.2.1969;0;1
HULFER;1;12.7.1929;0;1
DORUKTAN;1;21.8.1989;1;0
MUZELLIFE;12;17.11.1957;0;12
GULCIZ;1;21.10.1968;0;1
FISEN;1;24.2.1962;0;1
BILGIR;2;6.8.1955;0;2
SOYSEV;1;3.6.1979;1;0
SAHSINAN;10;27.1.1949;0;10
FINDAL;2;3.10.1966;0;2
NOMER;1;19.11.1943;1;0
MEBBURE;2;28.3.1957;0;2
BURVET;2;26.4.1964;0;2
MUZERLEF;1;9.3.1967;1;0
BOGEHAN;1;2.12.1976;1;0
ABASEDDIN;1;13.9.1951;1;0
VIDIDE;1;12.9.1953;0;1
LAKIBE;3;11.11.1968;0;3
RUHSAKIN;1;3.1.1959;1;0
JIRIK;1;29.5.1961;1;0
TEZCIHAN;1;13.6.1977;0;1
SURUSAN;8;23.5.1951;0;8
GAVILE;3;18.3.1965;0;3
GOGUSE;2;21.11.1942;0;2
SEVDJIHAN;1;22.7.1969;0;1
ATILEN;2;16.12.1958;1;1
BAHDIZAR;3;18.8.1954;0;3
ABDULBARAN;3;9.1.1968;3;0
KAIRET;1;16.3.1981;1;0
GUCEDEVANI;1;17.2.1960;1;0
KIVILI;1;28.3.1964;0;1
MUKTESIM;6;2.8.1954;6;0
SOYBEYI;2;19.8.1968;2;0
YALDAN;1;28.6.1971;0;1
MEHMETZAHIT;1;7.11.1979;1;0
SEVDURAN;1;7.5.1973;0;1
GULSAVAT;3;1.8.1945;0;3
CANSIYE;1;6.7.1971;0;1
GULUNPASA;1;27.7.1950;0;1
DASABEY;1;22.8.1925;1;0
RAZIGUL;17;7.9.1954;0;17
KIYASIN;1;1.3.1960;1;0
ZIFIALI;1;24.11.1966;1;0
YAVMEDDIN;1;22.2.1967;1;0
GULEHRAN;1;17.4.1966;0;1
LIXANDRINA;1;1.12.1969;0;1
KAMERBAN;1;4.7.1961;0;1
VESPI;2;19.2.1956;1;1
MINEHANIM;2;7.11.1955;0;2
ISARET;2;26.9.1955;0;2
BAYZADI;1;8.7.1963;1;0
NAILEN;3;7.10.1973;0;3
HAYRANZA;1;17.9.1945;0;1
NEZENLI;2;18.3.1960;0;2
BEYAT;8;5.6.1966;4;4
KAMERA;2;30.12.1956;0;2
SENDEMET;1;21.8.1954;0;1
GOVECIN;1;18.3.1966;0;1
SEYDHAN;1;2.8.1957;1;0
SENDERUH;1;7.11.1982;0;1
KETMIYE;1;26.6.1952;0;1
MEMETDERVIS;1;2.5.1945;1;0
KINTO;3;7.7.1958;0;3
GULRIZA;1;1.6.1956;0;1
MEHMETMIRZA;1;6.11.1955;1;0
EHNAZI;1;17.2.1948;0;1
TURKALAN;2;2.5.1967;2;0
SIRINTUR;1;11.7.1982;0;1
UNAYDIN;5;13.6.1946;5;0
SARATTA;1;22.8.1931;0;1
HUKAN;1;7.2.1976;1;0
BORADDIN;1;21.12.1972;1;0
MELBAY;1;10.8.1982;0;1
NESLIHANIM;2;22.8.1975;0;2
BUKETNUR;1;28.4.1992;0;1
MAVUZER;6;10.7.1949;2;4
M.YILMAZ;6;22.7.1959;6;0
HARIHAN;2;10.8.1966;0;2
YUKSEKGUL;1;28.6.1966;0;1
SIKMAIL;1;11.5.1961;1;0
GOJI;1;13.4.1953;0;1
FARFI;1;1.4.1950;0;1
SAHEDIN;2;11.5.1965;2;0
HASANER;1;2.6.1987;1;0
PORNAZ;1;5.10.1959;0;1
GULSILAN;6;2.6.1987;0;6
NURSUMA;5;27.4.1975;0;5
FERMANO;1;7.4.1928;1;0
MAHKIME;1;27.2.1962;0;1
UMMIGULSIN;1;20.7.1966;0;1
EROGUZ;3;11.12.1962;3;0
SENEMSAH;4;6.10.1963;0;4
ERDEMGUL;3;8.5.1963;0;3
MENTIFA;1;8.10.1985;0;1
GULSEBILE;1;11.9.1974;0;1
GOBRE;1;2.2.1957;0;1
AYHATTIN;2;7.4.1952;2;0
KADEMNAR;1;16.1.1974;0;1
EYLIYE;1;22.2.1967;0;1
ZAHRAT;1;11.1.1969;1;0
TEKGUZEL;1;2.2.1963;0;1
VEYZET;1;7.7.1970;0;1
BAHCEGUZEL;1;12.2.1965;0;1
HEYRINISA;1;17.8.1924;0;1
FIAZ;1;6.10.1956;1;0
EKRAIL;8;13.4.1966;8;0
SENOGRE;1;4.11.1956;0;1
ZEBU;2;24.11.1937;0;2
LILBAR;1;11.11.1963;0;1
MUZAT;2;7.7.1958;1;1
NUKAN;1;12.9.1989;1;0
KEDIME;6;25.9.1971;0;6
KIZLARSAHI;1;26.6.1979;0;1
SUMYETE;1;21.3.1968;0;1
EFIDAN;1;27.3.1980;0;1
EHLINAM;1;17.2.1954;0;1
FUADDIN;1;26.7.1967;1;0
DERDAL;1;11.3.1974;1;0
RAHADDIN;1;6.3.1967;1;0
YESUREGUL;1;14.5.1962;0;1
MUZEHEP;4;8.3.1972;0;4
DURBALA;1;29.1.1956;0;1
HERBIYE;5;22.6.1973;0;5
SELVIKA;1;3.3.1940;0;1
HILYO;1;17.5.1966;0;1
TELLIGUL;1;14.5.1970;0;1
NAVIM;2;26.2.1962;0;2
SERTIK;1;27.2.1969;0;1
MEYESA;2;21.2.1953;0;2
JEVALE;2;21.7.1972;0;2
REKNEDDIN;1;7.2.1970;1;0
MEYHAR;1;10.10.1973;1;0
SEDIRINAZ;1;18.3.1941;0;1
TIMISI;2;15.9.1977;2;0
HUZBIYE;1;2.10.1975;0;1
TAMIR;10;14.2.1966;10;0
RAFEN;1;22.8.1983;1;0
SARAFATTIN;2;23.7.1965;2;0
KADAYIF;3;29.11.1964;0;3
GULIBEY;4;18.6.1954;4;0
KOCTAGUL;1;17.2.1972;0;1
HARPIN;1;1.12.1976;1;0
EFVAN;1;15.11.1965;1;0
TABIHAN;1;12.10.1987;0;1
ALTINBILEK;1;20.7.1967;1;0
INCUFER;2;24.3.1935;0;2
GOCHANIM;1;7.2.1946;0;1
EKBALIYE;1;17.2.1972;0;1
SYRGA;1;2.6.1978;0;1
ALKEME;1;29.5.1986;1;0
MUREYYA;7;27.3.1966;1;6
SAMSEL;1;9.4.1952;0;1
ZENKA;1;12.8.1953;0;1
PERDOGAN;1;17.5.1960;0;1
MAYANE;1;27.5.1950;0;1
ZELFINAS;2;19.4.1949;0;2
BULKENT;1;26.9.1988;0;1
BERZAFA;1;29.6.1962;0;1
SEMREN;13;25.2.1965;0;13
IRFAZIYE;1;4.3.1975;0;1
AYSAC;1;5.11.1969;0;1
TAHKIM;1;17.2.1954;1;0
TAMELLA;6;25.12.1961;0;6
GUBBAT;1;4.3.1929;0;1
GULSALAK;1;14.3.1946;0;1
ULASFIRAT;1;24.9.1985;1;0
MAHMURCAN;1;14.10.1990;0;1
NEVCAL;1;17.1.1966;0;1
ERMAIL;1;7.7.1985;1;0
SEYHEN;3;11.2.1975;0;3
NILIFET;1;6.9.1974;0;1
CAGLASIN;2;12.6.1986;0;2
TURGUTALP;2;21.1.1974;2;0
NIRMI;1;2.7.1975;0;1
NERSUM;1;30.7.1978;1;0
SEHIRYE;1;27.11.1936;0;1
KUVEYLET;1;27.7.1979;0;1
MUCAHAT;2;24.8.1963;2;0
GULFIZER;4;18.1.1958;0;4
SABRIDIN;2;13.9.1957;2;0
EDRIYE;6;26.12.1952;0;6
SEMISTA;1;25.6.1967;1;0
NECNAN;2;6.7.967;0;2
BAHRISTAN;1;14.9.1965;0;1
SURES;1;8.9.1976;1;0
GULEVSAN;2;8.5.1983;0;2
MEZIBE;1;21.8.1972;0;1
YASEFER;1;17.9.1966;0;1
GERDAY;1;2.9.1951;1;0
TANDOGU;2;11.2.1972;2;0
GULSANAZ;1;3.12.1960;0;1
MAHZENEN;1;20.6.1954;0;1
GULKAYAS;1;1.6.1962;0;1
AYNSER;1;12.5.1941;0;1
MINAC;3;17.3.1967;2;1
TOZLU;3;18.12.1965;3;0
HEMIFE;1;18.6.1973;0;1
MEBLUT;1;4.8.1982;1;0
BIHRAN;2;29.4.1976;1;1
ERCENAL;1;25.3.1947;1;0
HORIGUL;1;22.2.1967;0;1
SEVKALI;1;6.10.1961;1;0
CIHANLI;1;14.10.1962;1;0
AKZADE;6;15.2.1947;0;6
SACE;2;2.5.1945;0;2
HAVELYA;1;26.2.1972;0;1
CAGATALAY;1;16.3.1986;1;0
GOKIYE;1;17.9.1941;0;1
TUSU;1;21.7.1943;0;1
NUFAL;18;17.2.1960;18;0
CAMISEL;1;17.12.1972;0;1
TITAL;4;18.10.1955;4;0
MELHATE;1;16.10.1961;0;1
CAZIE;2;24.10.1958;0;2
SITIRET;1;12.8.1953;0;1
MUAHAMMET;1;2.8.1979;1;0
BAYSETTIN;1;11.8.1969;1;0
NURBEG;1;7.8.1952;1;0
HIMAT;1;23.5.1989;1;0
GULALDUN;1;22.3.1943;0;1
PELKIZA;1;18.9.1974;0;1
EYNOLLAH;1;7.8.1958;1;0
TERHA;2;10.9.1963;0;2
FAHRINUSHA;1;4.2.1961;0;1
ALGAR;1;27.5.1957;1;0
IGVALE;1;19.5.1970;0;1
HATER;1;2.8.1957;0;1
ILMER;3;17.8.1962;1;2
HATCET;1;6.7.1971;1;0
FEHUDA;1;29.7.1984;0;1
RENATO;2;30.12.1960;2;0
FEYZIK;1;28.12.1943;1;0
EGENAZ;1;13.4.1992;0;1
TEBDILO;1;12.2.1941;1;0
HAYRULNISAN;1;16.3.1940;0;1
ICIL;4;24.1.1985;0;4
ALFONSO;1;16.3.1956;1;0
BIMNAN;1;26.4.1941;0;1
GUNDONEN;1;9.6.1963;0;1
CEHRIBE;2;13.9.1961;0;2
ERIZE;2;25.2.1950;0;2
KIYAZ;3;29.9.1954;3;0
KUNDE;1;17.7.1990;1;0
MEJDUM;1;11.1.1956;1;0
SEVKATLI;1;7.11.1975;1;0
ZENNORE;2;4.3.1953;0;2
MUZEVIR;1;22.8.1949;0;1
TUNALP;1;25.7.1981;1;0
HALIMENUR;2;14.11.1990;0;2
HANRY;1;4.1.1975;1;0
NILBERT;16;10.4.1973;0;16
TARGIN;1;12.4.1971;1;0
YUCELI;2;19.8.1964;2;0
MUDAYET;3;27.5.1956;1;2
KEMALIDIN;2;15.4.1956;2;0
TARYAN;1;23.4.1974;1;0
RAGBEY;1;27.8.1956;0;1
HUMAN;8;2.8.1967;8;0
MELEYGUN;1;4.6.1973;1;0
TEBLIG;3;30.7.1966;1;2
SONERHAN;2;29.10.1978;2;0
VESLIN;1;14.5.1981;0;1
YELSU;2;15.5.1990;0;2
NIZAFETDIN;1;2.7.1951;1;0
MARZIFE;1;16.3.1954;0;1
DURSEGUL;2;7.8.1951;0;2
ABDULRADIN;1;9.10.1960;1;0
KEVUKE;1;26.11.1965;0;1
SADENGUL;1;16.7.1962;0;1
VAYI;3;12.2.1955;0;3
GOCTU;1;6.8.1950;0;1
UNLUS;1;26.6.1966;0;1
TEVRINAZ;6;4.9.1956;0;6
FIRZO;1;14.1.1946;0;1
NEKIMAN;1;27.2.1974;0;1
MEZHURA;1;19.12.1972;0;1
ALIHAYRI;1;22.8.1925;1;0
SADYEGUL;1;6.12.1950;0;1
FERRAHAN;1;2.2.1945;0;1
ALKEZ;1;2.2.1951;0;1
ALFETTIN;1;30.5.1956;1;0
SAFAKCAN;4;10.11.1984;3;1
CEHRAYIL;1;12.8.1941;1;0
SAHMANI;1;19.6.1948;1;0
DURRUBE;1;23.1.1940;0;1
ERBINAZ;1;27.6.1962;0;1
EZDINSER;2;12.6.1977;2;0
BADILI;2;18.11.1946;0;2
SEYBEK;1;6.4.1979;0;1
MUSRIHE;1;2.2.1957;0;1
ELZABET;1;6.11.1974;0;1
GULFEYEM;3;11.6.1976;0;3
SAMSI;4;21.11.1950;1;3
MEZIRAP;1;28.4.1964;1;0
GULDERHEM;2;6.9.1981;0;2
GEVRICAN;7;22.7.1965;0;7
BELICAN;2;22.2.1952;0;2
HEKEM;1;5.5.1961;1;0
ZULFIKAN;4;25.6.1958;2;2
BURSAGUL;1;23.12.1955;0;1
CEMENUR;17;12.6.1957;0;17
SODABEH;1;27.8.1974;0;1
TURKICAN;1;26.6.1967;1;0
MULKEBAR;1;4.7.1939;0;1
Z.GOKSIN;1;18.11.1975;0;1
MUSAALI;3;4.10.1965;3;0
SAFEDE;4;22.10.1961;0;4
NUBUBET;1;11.2.1972;0;1
ZULBIYET;1;23.4.1955;0;1
BAHUDER;1;11.3.1939;1;0
TURIHAN;1;1.1.1974;0;1
MUSDADIM;1;16.1.1975;1;0
AKINSEL;1;10.9.1974;0;1
TURANSAH;2;7.6.1948;2;0
NUAY;1;30.9.1962;0;1
IDMAN;5;18.12.1961;5;0
TULAR;1;8.12.1970;0;1
UMAGAN;1;27.4.1962;0;1
SONNETICE;1;1.11.1973;0;1
KANZEFER;1;9.5.1951;1;0
ABDULHAKIMCAN;1;18.3.1991;1;0
PERINAY;4;21.10.1982;0;4
ZEYNIFE;1;7.11.1970;0;1
IZEVER;1;6.3.1936;0;1
ABDURREZEK;1;7.8.1928;1;0
NEBEN;1;19.2.1943;0;1
MEJNET;1;26.4.1952;1;0
BAGTINUR;1;26.9.1978;0;1
SELEKNAZ;1;11.6.1943;0;1
SALIYAN;1;26.7.1930;0;1
OGUSEN;1;2.6.1975;0;1
MEVRISIYE;1;21.10.1974;0;1
LEMAYET;1;23.2.1960;0;1
GULSUAY;1;4.12.1950;0;1
TEVRANT;2;1.8.1973;1;1
SUAVVI;1;19.9.1959;1;0
OYSER;1;7.2.1976;1;0
PERIMELEK;1;5.4.1932;0;1
MECBURUYE;3;11.7.1970;0;3
SEYYER;4;7.8.1962;0;4
HERSEL;2;15.6.1968;1;1
SAZAR;2;21.10.1936;1;1
MUBEHCEL;1;27.5.1959;0;1
AVVA;3;28.12.1950;0;3
HUDEYYA;1;11.6.1975;0;1
MEDHI;2;22.2.1955;2;0
KULABIYE;1;23.7.1946;0;1
CEFAI;3;7.3.1962;3;0
GORNAZ;1;12.8.1941;0;1
SUFERIYE;8;23.3.1959;0;8
RUYEDDIN;1;21.5.1959;1;0
ZULEHHA;1;27.3.1962;0;1
NEVRUZAN;2;9.9.1957;0;2
TELZADE;1;1.5.1972;0;1
URISER;4;6.12.1944;0;4
NIZMETTIN;1;12.1.1934;1;0
NILIZ;2;22.3.1983;0;2
TIBYAN;3;28.7.1981;3;0
MUEYLA;2;29.6.1945;0;2
UNYAN;4;18.1.1956;1;3
MURAETTIN;1;17.4.1948;1;0
MALUK;3;29.3.1977;3;0
CODIYE;1;21.5.1962;0;1
ZEYHANE;7;24.6.1966;0;7
BAKTISAH;1;27.8.1926;0;1
BAKIYER;1;26.3.1964;0;1
ABDULBAHITTIN;1;30.2.1945;1;0
BEHREDDIN;1;22.3.1950;1;0
EMSARI;4;30.3.1970;4;0
MEPLULE;1;18.3.1948;0;1
GUZAR;2;18.12.1956;0;2
MAHLIKE;2;18.5.1948;0;2
CERADIYE;1;16.2.1963;0;1
BEYNAL;4;15.11.1961;1;3
BINAME;1;12.2.1953;0;1
LEYLIBAN;1;12.2.1971;0;1
MEYYIDET;1;1.10.1965;0;1
BENNUH;1;12.2.1977;1;0
NEFTULLAH;1;1.9.1986;1;0
IREYDE;1;17.12.1948;0;1
SEFORE;10;25.4.1956;0;10
NURMI;1;1.3.1942;1;0
KESEMI;2;10.12.1955;0;2
SERVIDE;5;5.9.1955;0;5
FEHRUH;1;21.4.1968;0;1
LAMUSEL;1;6.7.1949;0;1
MURTEZEN;2;10.10.1976;0;2
BERRIYYE;1;26.1.1984;0;1
FULYAGUL;1;23.3.1991;0;1
MISAT;2;25.1.1955;1;1
MUKATDERE;3;18.9.1954;0;3
GULFIYAD;1;14.3.1973;0;1
YILDIREL;1;19.11.1940;1;0
RUHISAN;3;9.7.1954;0;3
MUNSIR;3;3.9.1947;1;2
VEYZI;4;7.2.1971;4;0
OZUYEN;1;15.7.1946;0;1
GULTOMUR;1;12.10.1978;0;1
IBRIZ;1;22.2.1967;1;0
MERSAHDIYE;1;2.2.1945;0;1
CEMRIYE;3;16.6.1955;0;3
EYZULLAH;1;2.9.1975;1;0
EYSUN;4;23.5.1972;1;3
BIRDAR;1;11.12.1964;0;1
AVIT;2;20.9.1981;2;0
MUHUDIYE;5;30.8.1966;0;5
ALIETTIN;5;4.3.1960;5;0
FIDEVSI;1;5.5.1957;0;1
NICDAN;1;2.8.1951;0;1
MUYISER;1;21.2.1947;0;1
ELVIDIYE;1;17.2.1972;0;1
ATATEMEL;1;2.2.1957;1;0
MINESE;1;14.2.1974;0;1
NEZAGET;6;25.12.1957;0;6
TUTINAZ;3;25.1.1956;0;3
GULVETE;1;11.4.1972;0;1
ERUYAR;1;19.3.1991;0;1
HEZEHGUL;1;22.2.1961;0;1
AYINSAH;2;18.1.1936;0;2
FITERIYE;1;2.4.1951;0;1
BENEL;15;2.12.1967;3;12
ZEYYNEL;1;21.4.1969;1;0
ZEMNIYE;1;10.2.1949;0;1
HASSINE;2;15.6.1938;0;2
HURMISAN;1;15.6.1977;0;1
KOMUT;2;19.12.1945;2;0
MEHRUR;1;2.8.1915;0;1
INGILAP;1;21.5.1963;1;0
ZENICE;1;12.10.1929;0;1
JUDIYE;1;17.2.1936;0;1
BIRCAI;1;11.2.1957;1;0
FAKIA;1;4.5.1925;0;1
MUBEY;2;29.3.1940;1;1
ERGUZAR;2;3.10.1947;0;2
NORRIYE;1;1.2.1962;0;1
FAHTIYE;1;12.7.1965;0;1
MUBAYASE;1;27.8.1944;0;1
SAMIYAN;3;7.3.1961;0;3
GULIBE;1;12.4.1939;0;1
MURSIYEN;1;7.10.1960;0;1
SAHSENEN;5;11.5.1953;0;5
MIMTIHA;1;16.9.1969;0;1
HECEP;1;16.3.1951;0;1
GUZADI;1;2.9.1960;0;1
REVAYI;1;7.2.1976;1;0
BEYAD;1;25.7.1939;1;0
HAYIRITTIN;2;23.8.1957;2;0
SETVARIYE;1;26.10.1969;0;1
SUZYEN;1;1.3.1938;0;1
MUFLAZ;1;27.5.1966;1;0
GUHENNA;1;22.5.1955;0;1
GULRAZIYE;6;22.8.1973;0;6
MENDOGAN;1;14.7.1973;0;1
BEYLIYE;1;9.10.1961;0;1
BIRNES;1;11.1.1959;0;1
VUCUDIYE;1;27.10.1940;0;1
IZNIM;1;30.5.1974;1;0
RAYENDE;1;29.2.1962;0;1
TULEYYA;1;7.9.1940;0;1
SUBEYITTIN;1;20.9.1943;1;0
RIDIVAN;3;25.4.1977;3;0
ORFANIYE;1;25.5.1959;0;1
GULIZARI;3;13.11.1959;0;3
SOFERIYE;4;11.11.1959;0;4
MIYAMIL;1;16.7.1940;1;0
SILPER;2;1.6.1968;0;2
GOGERIYE;1;14.10.1944;0;1
SERAZETTIN;4;8.3.1946;4;0
MINNASIYE;3;17.4.1955;0;3
MARIZE;3;15.8.1973;0;3
NEHATI;1;12.3.1952;1;0
MEFNUN;1;7.5.1962;1;0
MUNNAS;1;21.4.1940;0;1
ISVERIYE;1;22.6.1945;0;1
NECASETTIN;2;3.6.1950;2;0
DUNYABIL;3;27.6.1955;3;0
MEDIYAT;2;23.3.1976;0;2
SAHSINA;7;4.4.1953;0;7
REVATTIN;2;25.4.1961;2;0
SEFRAN;2;7.5.1967;2;0
MUNERSIM;1;9.4.1940;0;1
GULZIYAR;15;20.5.1952;0;15
MANURRAHIM;1;2.4.1951;1;0
MURDEVSI;1;1.6.1971;0;1
BEYDAH;1;12.9.1963;0;1
TULENT;2;15.2.1962;1;1
FEHIZE;1;27.3.1932;0;1
ZULFISIYE;1;27.2.1956;0;1
DUDUYEN;1;27.3.1966;0;1
FAHRUKA;1;20.7.1964;0;1
YUHIYE;1;26.12.1954;0;1
YUNBIYE;1;24.2.1940;0;1
YAZKULU;1;12.5.1935;0;1
SUFERYA;1;26.5.1935;0;1
JULKARNEYN;1;1.12.1972;0;1
GULLIZARI;1;26.1.1946;0;1
NECLITTIN;1;7.7.1955;1;0
IRVA;1;26.1.1951;0;1
MAISSA;3;30.2.1954;0;3
SATBARE;1;18.10.1934;0;1
HORISEL;1;11.5.1938;0;1
BUNYA;2;7.1.1961;2;0
ZILGADE;17;5.8.1964;0;17
RAKIYBE;2;25.2.1958;0;2
MERKIN;1;21.10.1964;0;1
ZULPUL;1;12.8.1971;0;1
GULESIM;2;17.4.1970;0;2
MUNNAZ;1;29.6.1962;0;1
VEFIBE;1;28.3.1982;0;1
ULPERIYE;1;11.10.1968;0;1
ALLAHDIYEN;1;8.2.1969;1;0
ISABEDDIN;1;3.4.1961;1;0
VESVIDE;1;16.6.1928;0;1
GULHEYAT;4;14.8.1974;0;4
SEMIRYA;4;8.2.1976;0;4
HILIFER;1;11.11.1954;0;1
GULLUHIZAR;2;25.11.1942;0;2
ZULPUYE;1;15.3.1969;0;1
UYSAN;4;2.12.1981;4;0
OFELLA;1;10.1.1976;0;1
LEGER;2;2.3.1957;0;2
MUSREN;2;16.5.1968;0;2
AYSENNUR;4;9.5.1966;0;4
CAFIDEN;4;21.11.1954;0;4
YUNZULE;1;26.12.1946;0;1
MPEINA;1;2.8.1945;0;1
NEZIHHAT;1;3.12.1957;0;1
GULUZTAN;1;16.1.1971;0;1
FERYAGUL;2;3.5.1960;0;2
TEVARIYE;6;26.5.1945;0;6
AZEME;1;22.3.1937;0;1
RAFHET;1;29.8.1965;1;0
ZIREK;2;24.8.1955;2;0
GENAN;2;5.2.1960;2;0
MUHLISEN;2;9.3.1975;0;2
SEHDARE;1;29.3.1937;0;1
INTIHAP;1;26.8.1965;1;0
BORAGUN;1;6.3.1989;1;0
Z.TUBA;1;29.12.1965;0;1
MERWAN;1;17.12.1990;1;0
GULEGLEM;1;16.3.1983;0;1
ABDULVAKAS;1;16.7.1959;1;0
GULHAZER;1;17.4.1954;0;1
SIMLIHA;1;22.7.1973;0;1
NERTUN;3;16.1.1968;3;0
FAZILETE;1;30.8.1956;0;1
DUSUM;4;28.9.1983;0;4
RAYDIN;11;25.11.1977;11;0
VERRU;1;28.3.1980;0;1
NEYNEZ;1;4.3.1945;0;1
VEHDEDIN;3;22.4.1957;3;0
TURGEL;2;20.4.1972;1;1
VAHITTEN;1;12.8.1971;1;0
SEVIMGUN;1;6.2.1962;0;1
SELVENE;1;30.3.1976;0;1
SAHENDEN;2;17.4.1955;0;2
HILMIDIN;1;3.11.1962;1;0
BAYISEL;1;23.10.1958;0;1
EJDERCIHAN;1;25.11.1980;1;0
NEKSIRE;1;1.3.1943;0;1
GOKNAY;1;27.4.1970;1;0
IMELEK;1;11.7.1974;0;1
HEZAMI;2;17.8.1938;0;2
SOLENKAR;1;3.12.1937;0;1
NOVZIYE;1;26.5.1964;0;1
RAHANGUL;1;14.3.1959;0;1
YEKMILE;1;12.2.1965;0;1
YASENDER;1;18.12.1954;0;1
NEKIFER;4;1.11.1952;0;4
SETAVET;1;5.5.1949;0;1
RUFAYIL;3;22.1.1974;3;0
ZUFREM;1;21.3.1966;0;1
ZAKIM;2;15.2.1971;2;0
ERVER;1;13.2.1986;1;0
NURALAATTIN;1;21.10.1959;1;0
SULEVYA;1;27.2.1992;0;1
NEAZI;1;17.8.1978;1;0
CIYAT;7;12.8.1965;7;0
GURGENC;5;20.12.1967;4;1
ILDAZ;1;15.4.1972;0;1
SEMSEBANI;1;11.6.1957;0;1
KUDDISE;2;11.4.1974;0;2
OZIMAN;1;4.6.1975;0;1
ABIZEYIT;1;11.1.1964;1;0
SIGVET;1;6.7.1967;1;0
MEMICE;2;20.8.1957;0;2
SIHBAL;1;18.3.1941;1;0
RAHINAZ;1;16.2.1974;0;1
BAHIREN;1;5.2.1942;0;1
MUZVET;2;8.7.1973;0;2
MUZAF;2;28.3.1951;2;0
GEVEHER;2;7.5.1975;0;2
PAHAL;1;2.4.1945;0;1
HALEV;2;10.8.1974;1;1
ABDULSAMIT;1;20.2.1988;1;0
MELIHPER;1;30.5.1970;0;1
HAYRISE;5;4.3.1955;0;5
GUNERCAN;4;11.9.1971;2;2
PEKGUZAR;1;11.10.1946;0;1
GUNESSUN;2;29.2.1988;0;2
MAHYE;1;16.12.1959;0;1
ILBAR;2;21.8.1963;1;1
REHNUR;2;8.3.1970;0;2
MEHREME;6;30.2.1955;0;6
AYMIRA;1;28.9.1991;0;1
BEZZAN;1;6.6.1935;0;1
TERVAT;2;18.6.1958;0;2
ISAYALIN;1;2.8.1968;1;0
FATMATURKAN;3;30.3.1969;0;3
MUHABETI;1;26.12.1965;0;1
SUFAIYE;2;11.12.1959;0;2
OLGIERT;1;3.10.1977;1;0
ELEONONRA;1;15.3.1955;0;1
MUDDESAR;1;30.10.1979;0;1
MUKADAT;1;11.5.1955;0;1
MEFTUNIYE;3;26.4.1953;0;3
FAYDIMANA;8;10.1.1946;0;8
GEOFFREY;2;13.4.1985;2;0
SELPAN;2;13.12.1974;0;2
GUMUSALI;1;17.1.1978;1;0
MIRUHA;1;1.5.1972;0;1
GIYOM;1;13.3.1970;1;0
IZGICAN;1;28.3.1992;1;0
FERYANDI;1;2.2.1957;0;1
MERTEFE;1;21.4.1989;1;0
ESREFA;2;24.12.1942;0;2
KARATUG;1;18.12.1990;1;0
OSMANCA;1;3.8.1972;1;0
HAYER;1;23.9.1966;1;0
NILOOFAR;1;24.3.1967;0;1
NAHIS;2;17.5.1954;1;1
SKENDER;1;28.6.1952;1;0
AKSEZER;1;24.4.1948;0;1
ERGELIR;2;5.11.1962;2;0
LEZLI;1;3.6.1946;1;0
CINZIA;2;8.9.1964;0;2
TSELYANA;1;16.9.1990;0;1
ATAYAR;1;27.7.1983;1;0
GUZIRAN;1;27.9.1938;0;1
HAKIYAN;1;7.12.1970;1;0
BAGLIYE;4;14.1.1956;0;4
TAHIRI;3;19.7.1967;2;1
FEGUN;2;10.12.1977;0;2
SEHRISEDA;1;10.4.1985;0;1
SERAFI;2;21.2.1987;2;0
YUMAY;1;8.3.1989;0;1
ERDEMIREL;1;8.4.1963;1;0
ANASYA;1;5.7.1983;0;1
GUZADEL;1;21.8.1947;0;1
ERMIR;1;19.10.1984;1;0
ASYEI;1;2.4.1933;0;1
ERIGCAN;1;25.8.1986;1;0
KIANA;1;16.8.1963;0;1
TURKEGUL;1;12.11.1948;0;1
NIHALNUR;1;5.10.1950;0;1
LORENCO;1;8.1.1956;1;0
SUJEN;1;12.3.1965;0;1
ALINC;1;1.5.1976;1;0
ERENTUG;1;2.2.1987;1;0
KUTLUYIL;1;14.10.1938;1;0
NECER;3;27.7.1958;2;1
DILFIZER;1;16.4.1965;0;1
ZULGARNEY;1;30.4.1976;1;0
GULNUFER;2;16.4.1965;0;2
AZELEA;1;13.12.1985;0;1
EZGILER;1;26.2.1985;0;1
IHLARA;1;1.3.1992;0;1
GULHASAR;1;3.1.1972;0;1
VELADETTIN;1;1.1.1;1;0
TAYSIR;1;12.8.1959;1;0
TANFERI;1;2.12.1979;0;1
SUPUTIYE;1;5.7.1961;0;1
EVCIL;2;13.6.1960;1;1
NILIHA;1;15.11.1976;0;1
IZAY;5;20.6.1966;1;4
DEVRE;2;4.1.1986;0;2
SAHBENDI;1;1.4.1985;1;0
UMMISEL;1;17.3.1947;0;1
ERGUMENT;1;26.12.1957;1;0
VEHAT;1;2.1.1937;1;0
HURBEN;4;27.6.1980;1;3
YALEMIN;2;17.12.1980;0;2
BRA;1;29.12.1989;1;0
LELIO;1;27.11.1979;1;0
EZIO;1;27.11.1979;1;0
ILGINSU;2;12.6.1990;1;1
RUTIL;4;6.9.1975;1;3
MUDEHIR;4;30.10.1959;4;0
BERFRU;1;25.7.1981;0;1
ABDULBAKKI;3;28.6.1965;3;0
PASCAL;4;13.1.1980;4;0
NECAFER;4;25.10.1966;0;4
FEZLE;1;8.6.1964;0;1
ZERNIGAN;1;3.6.1937;0;1
NILUYA;1;22.4.1985;0;1
HERBIL;1;18.2.1942;1;0
BIBRIYE;1;25.12.1959;0;1
FADIYMA;1;14.7.1965;0;1
REFKIN;1;17.10.1962;1;0
CAGDUN;1;25.7.1967;1;0
SEZAVETTIN;2;30.12.1958;2;0
MELEKIE;1;2.8.1927;0;1
JAMSIT;1;5.7.1981;1;0
RAILI;1;23.3.1947;0;1
JALAL;2;4.5.1981;1;1
MUMKIYE;1;12.6.1971;0;1
ERTMEN;2;17.6.1952;2;0
DENGE;2;30.9.1988;1;1
TAYFUNESER;1;30.4.1965;1;0
AKANER;2;12.4.1980;2;0
SORGUC;3;20.1.1948;3;0
ALPERKAAN;1;10.3.1987;1;0
ISFANDI;1;5.9.1961;1;0
EVIL;3;17.1.1981;0;3
ORKAL;2;3.6.1967;2;0
CAFIDAR;3;9.1.1950;3;0
GULSECIN;1;19.4.1965;0;1
PURSAH;2;8.2.1969;2;0
GOFHER;1;28.11.1963;0;1
SERKEM;1;18.3.1975;1;0
GEYI;7;7.12.1946;0;7
ZULKUFAR;1;16.10.1965;1;0
YASEMINN;1;27.9.1965;0;1
ERDJAN;1;8.6.1978;1;0
SHYUKRIE;1;4.3.1980;0;1
GULJIN;1;12.2.1983;0;1
ZEYNALABIDI;1;29.3.1957;1;0
SECILMIS;1;15.10.1969;1;0
RUDEBE;1;3.6.1970;0;1
CILIZ;1;23.3.1952;1;0
NILUFE;2;24.9.1970;0;2
GULUFAM;1;12.3.1965;0;1
BESMINAZ;3;13.3.1963;0;3
VURALKAN;2;3.4.1973;2;0
ZEKERIE;2;13.3.1958;2;0
ZELIA;3;27.5.1964;0;3
MECDAN;3;18.9.1953;0;3
MAMMER;2;25.9.1984;2;0
SHEYRI;1;19.7.1938;0;1
BILTER;5;15.9.1965;1;4
ALMAC;1;8.3.1987;1;0
NECAHTIN;2;7.5.1963;2;0
HANFE;1;19.4.1955;0;1
GULCIHA;1;29.10.1955;0;1
MUBAI;2;12.5.1966;0;2
ALTUNGOL;1;27.2.1956;0;1
MUDEF;1;27.1.1961;0;1
KANDEVER;1;28.4.1976;0;1
NEGUZE;1;7.2.1979;0;1
ADEYVE;2;9.7.1970;0;2
RAHFI;1;27.7.1957;1;0
NESRANI;1;4.3.1969;0;1
TAYGUR;1;20.10.1981;1;0
AGMER;1;27.4.1952;0;1
NESRIBE;1;29.5.1978;0;1
MUNAZER;2;23.6.1959;0;2
RENGAN;1;10.1.1955;0;1
ALPEK;1;29.1.1980;1;0
TAMERKAN;1;7.4.1951;1;0
ECIRI;1;2.2.1975;1;0
MARIANO;1;19.4.1943;1;0
FESIME;3;30.11.1959;0;3
UFUN;1;30.6.1968;1;0
FIRUS;1;7.8.1958;1;0
MUJUGEN;1;6.6.1959;0;1
BIRMAY;4;7.2.1984;1;3
MESUTKORKUT;1;4.6.1983;1;0
DASURIYE;2;18.12.1962;0;2
BORCEHAN;1;12.11.1979;1;0
FUKEN;1;8.11.1953;0;1
BELCAY;1;21.7.1944;0;1
SABURRAH;1;22.8.1973;0;1
NIHATCAN;4;10.6.1989;4;0
SIZIN;1;7.8.1934;0;1
A.AHMET;1;17.1.1953;1;0
SULEFER;1;12.5.1953;0;1
FILLUS;1;17.8.1948;1;0
SEHEZIYE;1;27.8.1956;0;1
UMURUYAN;1;24.4.1953;0;1
INCILIAY;4;22.3.1957;0;4
GIAN;2;22.12.1933;1;1
NEBASET;3;23.2.1969;0;3
GUZVENT;1;11.11.1940;0;1
ZULKIPIR;1;28.8.1960;1;0
BAMSIHAN;1;22.10.1980;1;0
RISKE;1;3.3.1969;0;1
FRIKSOS;1;26.11.1952;1;0
ODE;1;16.10.1947;0;1
GULNIGAH;2;23.1.1979;0;2
CUMHURCAN;1;29.10.1991;1;0
DUYGUGUL;2;10.3.1989;0;2
GUVERSEL;5;18.8.1954;0;5
KURSATHAN;7;17.1.1985;7;0
SESE;2;28.6.1962;1;1
YILNAZ;1;2.4.1973;0;1
MUHRUZE;1;18.6.1989;0;1
MARJANGUL;1;28.2.1974;0;1
MESRE;3;27.5.1959;0;3
SEYFTU;1;12.7.1980;1;0
ERSANS;5;11.11.1963;5;0
EGITIM;2;22.9.1970;2;0
GONLUGUR;2;6.3.1949;2;0
YETA;3;17.11.1963;0;3
SALCUK;1;2.4.1969;1;0
MAGI;1;11.9.1956;0;1
DOGACAY;1;17.2.1986;0;1
KEMALDIN;2;28.6.1967;2;0
SINVAR;1;3.5.1987;1;0
AFIG;1;19.12.1963;1;0
HUSLAT;1;7.8.1922;0;1
KEYASET;1;1.1.1;0;1
SENDILER;1;28.9.1946;0;1
SAYYEL;1;24.5.1953;0;1
GONENSIN;1;16.8.1983;1;0
OZLUHAN;2;25.4.1984;0;2
ZENNETI;1;14.3.1986;0;1
ZEYNEPNAZ;1;28.8.1986;0;1
FAHRISE;4;1.7.1949;0;4
BAGTU;2;28.12.1980;2;0
HAFSEGUL;1;22.3.1955;0;1
SIBESA;1;17.4.1983;0;1
UZLAS;2;25.7.1961;2;0
LUSKAR;1;7.5.1976;0;1
BERTOL;1;8.6.1991;1;0
NICER;3;20.12.1978;0;3
FIKRUNNISA;1;11.7.1927;0;1
SEFTIL;1;25.11.1978;0;1
HASANHILMI;2;16.8.1966;2;0
HALIHA;1;7.1.1952;0;1
ARTON;1;28.2.1936;0;1
M.GUVEN;1;22.11.1971;1;0
M.BEDREDDIN;1;2.2.1951;1;0
UNYAZ;1;23.7.1943;1;0
VISSUN;1;12.7.1961;0;1
TURIZE;1;19.11.1965;0;1
URVETUL;1;12.3.1962;0;1
HACIDOGAN;1;9.2.1960;1;0
HAZAREN;2;7.6.1936;0;2
ZUMRUTA;2;6.6.1965;0;2
GERGUL;1;28.2.1972;1;0
FETHINE;2;10.7.1982;0;2
ANISSA;3;20.5.1965;0;3
SAVKIYAT;1;19.11.1976;0;1
TEHMUR;1;16.8.1956;1;0
HURKEL;1;29.6.1972;0;1
NAZIYAN;1;3.11.1950;0;1
HUSEYI;1;28.2.1962;1;0
FERAYYA;1;22.10.1973;0;1
ELAYDIN;1;23.4.1964;1;0
CAHRIYE;1;17.8.1948;0;1
SENEKIYE;1;21.2.1934;0;1
OGUZHANFATIH;1;10.9.1991;1;0
MILISI;1;22.2.1967;1;0
MAHZEZ;4;19.6.1966;0;4
HAKSEN;2;12.5.1972;1;1
TOPKAN;3;10.10.1966;3;0
SIZEM;2;30.9.1981;0;2
ASITI;3;6.1.1987;3;0
MUREBE;1;27.4.1967;0;1
SEFURAN;3;5.9.1971;0;3
FAMAT;1;17.2.1966;0;1
ABILET;1;10.4.1964;0;1
MUSELLIF;2;13.4.1977;2;0
HATIE;2;8.3.1958;0;2
NAJIBEH;1;7.4.1972;0;1
KANDIRMAZ;1;22.2.1973;1;0
NEVRULE;2;9.4.1967;0;2
HILMIE;5;4.2.1982;0;5
CIGIN;1;10.10.1988;0;1
SEMMIYE;1;5.2.1954;0;1
SUKBET;1;2.2.1957;0;1
MASLIH;1;13.6.1969;1;0
ZUHYEDDIN;2;27.5.1968;2;0
SUZIHAL;1;10.5.1982;0;1
DAGHAAN;1;28.5.1980;1;0
HERNIYAZ;1;7.8.1976;1;0
REDCAN;1;5.11.1983;1;0
MELEKTAR;1;19.4.1966;0;1
NURTIN;7;30.6.1970;7;0
UMULSEFA;1;26.2.1988;0;1
MUHERREH;1;16.10.1987;1;0
KANDAHA;1;3.5.1933;1;0
SARUFAN;1;1.7.1980;1;0
HALIBAN;1;3.5.1979;1;0
TEVVABIL;4;1.8.1963;3;1
ISKANDER;1;18.8.1975;1;0
TAHIROMER;3;5.5.1963;3;0
MAHIDENUR;1;4.1.1978;0;1
HIYADIN;1;3.6.1972;1;0
TAKIMA;1;12.2.1959;0;1
SEVCANGUL;1;29.2.1986;0;1
NERVAF;1;17.2.1966;1;0
SOHULYA;1;2.4.1957;0;1
NIRIHAN;1;22.3.1961;0;1
ELIFOM;1;16.10.1962;0;1
VELINUR;1;22.9.1961;1;0
KANADIYA;1;1.11.1979;0;1
NEVRUZA;7;27.9.1958;0;7
MUZAFIRE;2;29.3.1953;0;2
SARCAR;1;7.5.1977;1;0
BEHOL;1;17.5.1960;0;1
KAHRIBA;1;18.5.1966;0;1
FEYLISER;1;16.11.1958;0;1
BAHALLI;7;5.1.1962;0;7
DILHARA;2;15.6.1982;0;2
FAINAZ;1;18.9.1934;0;1
SAHZUBAN;1;28.9.1967;0;1
MACEZ;1;17.12.1942;0;1
GULNURHAN;2;2.3.1975;0;2
SONARA;1;26.11.1972;0;1
REHTAN;1;27.7.1982;0;1
MEFERRET;1;21.4.1958;0;1
RUGIYYA;1;26.12.1964;0;1
SEHRIBANGUL;3;14.1.1988;0;3
FERAMUZSAH;6;6.3.1973;6;0
VADDET;1;28.4.1954;1;0
NEPPE;8;24.12.1958;0;8
GULDANIE;1;1.3.1976;0;1
BEDIUZAMAN;1;3.10.1960;1;0
ABDINA;1;27.3.1977;1;0
CANDU;1;10.1.1978;0;1
MIRALE;1;22.10.1961;0;1
AZIMCAN;1;25.6.1974;1;0
GUNSUR;6;24.5.1955;0;6
OTIKEN;1;30.8.1983;1;0
NORDOGAN;1;1.1.1968;1;0
LETKA;1;15.10.1955;0;1
SANASAN;1;21.7.1971;1;0
NEYMIYE;1;28.3.1966;0;1
SEKFE;1;21.6.1981;0;1
JULAL;3;24.3.1968;0;3
CEVAZIYE;2;8.8.1951;0;2
MUBINIYE;1;17.9.1964;0;1
ZEPA;7;28.6.1947;0;7
ZIZE;5;13.12.1961;0;5
ZURAFETTIN;1;27.8.1956;1;0
GURBETGUL;1;2.3.1992;0;1
FEDISE;1;5.5.1928;0;1
FIYATIYE;1;17.10.1969;0;1
ADZERA;1;5.6.1949;0;1
DEDELI;2;13.2.1960;2;0
BEDRUKE;1;6.7.1979;0;1
LAHADDIN;2;12.4.1957;2;0
SAHSEM;3;1.10.1951;0;3
HASIHAN;10;5.5.1968;0;10
HATRE;2;20.9.1960;0;2
PEKIZE;9;6.7.1963;0;9
SONGULLER;1;9.5.1964;0;1
HAYATINUFUS;1;17.4.1978;0;1
OZTAHAT;1;29.8.1968;0;1
VEZHA;13;17.5.1950;0;13
ZEYBET;9;10.10.1975;2;7
ZIMMETTIN;1;27.7.1966;1;0
BERSIYE;1;12.6.1959;0;1
SERAFAT;3;14.5.1979;3;0
HIRGUL;1;4.7.1987;0;1
CEMYIL;1;24.2.1979;1;0
FIDO;4;19.12.1931;1;3
MUZHAP;2;5.10.1985;2;0
SASIE;1;2.8.1963;0;1
VILAYDIN;1;22.9.1965;1;0
FADIMDUDU;15;7.6.1956;0;15
MESREFE;1;6.12.1930;0;1
GULBENIS;1;8.2.1979;0;1
BIROLEMRE;1;8.9.1983;1;0
CHABAN;1;7.4.1980;1;0
FEYZAHAN;2;24.12.1986;0;2
RABAHAN;4;29.4.1961;0;4
CANTAP;2;17.10.1948;0;2
MESLAN;8;3.6.1954;0;8
HIVEYLA;2;12.8.1959;0;2
TORU;1;6.11.1953;0;1
APTURREZAK;2;17.6.1945;2;0
MERKIZE;3;2.4.1955;0;3
MERBANE;4;29.6.1951;0;4
FARUZAN;1;22.2.1967;0;1
FEHIRISAN;1;22.2.1973;0;1
VECIR;1;7.8.1940;0;1
SABIHAYAT;1;16.7.1968;0;1
AIYSEGOUL;1;14.9.1981;0;1
MERKUZE;7;14.3.1962;0;7
SABUNE;1;2.11.1973;0;1
SUHREYA;1;17.7.1972;0;1
SADITE;1;16.9.1973;0;1
VEHIM;5;5.4.1967;5;0
GULMEFER;1;26.5.1951;0;1
VIDJAY;1;8.11.1990;1;0
HOCAKAN;6;27.8.1949;6;0
MENFET;3;15.3.1974;1;2
NERMILGUL;1;15.8.1964;0;1
AYSENAY;1;21.9.1976;0;1
HAYRANBOLU;1;26.3.1982;1;0
MIYERE;1;1.1.1939;0;1
ZULFEKIL;1;6.4.1977;1;0
HIKMALIYE;1;12.11.1958;0;1
ATMAHAN;2;12.5.1971;0;2
GOKGOZ;1;2.8.1951;0;1
SELLAN;5;24.4.1972;0;5
BERZAYIM;1;21.11.1970;1;0
LEVA;2;8.3.1974;0;2
KEDIBI;1;1.9.1973;0;1
SAFAITTIN;1;2.3.1952;1;0
SEHABIDDIN;6;26.7.1949;6;0
REVANIYE;2;19.6.1957;0;2
SUKET;5;21.9.1943;0;5
YAVMI;3;15.5.1965;3;0
MUCAHHATTIN;1;22.2.1961;1;0
MEHBULE;2;2.2.1961;0;2
YORAL;1;22.7.1966;1;0
MUFTAR;2;27.8.1952;2;0
APTUSSELAM;2;24.6.1949;2;0
POLIKARP;1;17.2.1937;1;0
NESVIGUL;1;5.3.1948;0;1
SADIFENIM;1;17.8.1942;0;1
SIRHUN;1;26.1.1958;1;0
AZEF;1;20.4.1973;0;1
KUMURYE;2;21.3.1964;0;2
KUSIYE;1;23.10.1958;0;1
UMMIAN;1;28.5.1961;0;1
MUZEKYA;1;9.6.1933;1;0
FETULE;3;30.6.1953;0;3
SUNCIYEN;1;29.12.1961;0;1
EZAIR;1;16.3.1927;1;0
MILKIYAZ;1;21.5.1965;0;1
KAYIGHAN;1;25.10.1977;1;0
DUNYAGOL;1;3.2.1963;0;1
RUFFI;1;2.1.1975;1;0
SALIHOSMAN;1;22.3.1951;1;0
SAKINEL;1;2.2.1974;0;1
ELBIDA;2;17.4.1972;0;2
HIRDEVS;1;4.2.1969;0;1
BEYNAMIN;1;12.8.1953;1;0
MABBARE;1;26.3.1964;0;1
NAMZI;1;16.10.1949;1;0
RABATI;1;7.7.1958;0;1
ELEL;1;1.2.1978;0;1
SENAYKA;1;12.2.1972;0;1
SEVNAR;2;13.2.1974;0;2
EMIRLAH;3;21.5.1970;3;0
DUMANSER;1;7.2.1958;0;1
IRIN;1;28.4.1984;1;0
SAMEGUL;1;7.11.1970;0;1
ERKONT;1;9.2.1972;1;0
SUMEHRA;1;22.6.1980;0;1
ISMIHANGUL;1;24.11.1984;0;1
NIYESSE;1;17.7.1957;0;1
FAFO;2;9.12.1940;0;2
AKIYDE;2;7.3.1945;0;2
SITEMKER;2;7.4.1958;1;1
DANENDE;5;19.12.1954;0;5
BUHAT;2;3.5.1965;1;1
INCICIHAN;1;3.9.1973;0;1
SALAT;5;28.6.1946;3;2
REBISE;15;22.3.1948;0;15
IKINDI;1;8.2.1936;0;1
SEFTAM;1;16.9.1965;0;1
USTUNGOR;1;12.2.1980;1;0
NISAITTIN;1;3.11.1931;0;1
MUSEBBIN;1;17.8.1930;0;1
FAHRISA;2;22.2.1967;0;2
IKRIYE;1;6.3.1954;0;1
ZOYDIYE;1;6.9.1950;0;1
FEVCAN;3;30.5.1958;0;3
HANIE;1;2.2.1939;0;1
BEHCETHAN;2;20.11.1980;2;0
ADNAY;2;30.8.1981;2;0
FERAHMIS;1;21.4.1975;1;0
NEHIM;3;23.6.1967;3;0
DELISTAN;2;10.1.1947;2;0
FEYZIMAT;1;18.7.1946;1;0
NEFSAYE;1;9.3.1943;0;1
NAZBI;1;12.8.1947;1;0
ARIFKA;6;16.4.1949;0;6
AYSECI;1;21.7.1966;0;1
ZUNBEL;1;13.12.1982;0;1
CEZBIK;16;21.2.1957;0;16
ULUDOGAN;1;21.5.1938;1;0
GULDANEM;1;26.6.1961;0;1
IZEIR;1;22.8.1955;1;0
SAYFINAS;2;14.7.1970;0;2
FAHRIE;4;25.10.1969;0;4
SIBERAY;2;8.6.1981;0;2
SABENDI;1;9.11.1950;1;0
HUDAYIR;2;27.7.1973;2;0
OSMANKA;3;15.8.1935;0;3
HETAFET;1;26.7.1955;0;1
MIHRIC;2;2.5.1951;1;1
GURBEN;1;17.8.1979;1;0
RUZDIYE;2;12.8.1947;0;2
FETNURE;1;5.6.1966;0;1
CEHANGIR;3;22.5.1970;3;0
HOMKA;1;7.8.1940;0;1
RUCDIYE;2;24.1.1932;0;2
TAHMINAR;1;13.5.1980;0;1
GUZELYA;5;8.1.1976;0;5
INZIYE;1;2.8.1951;0;1
CEMAHIL;1;27.3.1938;1;0
SUIZAN;3;2.9.1954;0;3
NAMIR;1;12.8.1959;1;0
AYNALI;5;6.12.1940;5;0
MERVETKO;1;12.8.1953;0;1
DEMIRIYE;3;8.1.1953;0;3
TURKUYEN;1;8.8.1968;0;1
ASLINA;1;29.7.1940;0;1
KADUNA;3;22.5.1940;0;3
MULLUFER;3;11.5.1969;0;3
IKMETA;1;12.8.1959;0;1
BEYZIDE;4;24.11.1954;0;4
NERVER;1;12.8.1953;0;1
MISAKIYE;2;8.5.1942;0;2
SUKRIE;4;2.3.1979;0;4
GERME;2;27.2.1942;0;2
MEDER;7;9.9.1958;3;4
YUCAYETTIN;1;6.3.1971;1;0
AYAL;4;15.2.1969;0;4
SAFADA;2;10.8.1970;0;2
SEVRIE;1;28.11.1975;0;1
LEBIT;6;21.8.1966;6;0
EMTULA;1;17.10.1986;0;1
SEKA;2;26.3.1957;0;2
NEYIRKA;1;5.8.1956;0;1
APTIKADIR;19;20.7.1954;19;0
AMIT;3;12.10.1964;3;0
SELENDAR;1;28.11.1991;0;1
LIBAZE;4;30.3.1949;0;4
ZULHEDE;1;22.8.1955;0;1
ULFETKA;1;12.8.1959;0;1
ULKUUYE;1;1.12.1968;0;1
M.HENEFI;2;4.9.1950;2;0
RAYGUZEL;2;6.3.1965;0;2
SARGE;1;12.9.1971;0;1
TERKIZ;2;5.6.1981;2;0
OLSER;1;3.11.1972;1;0
ZULMINAR;1;6.6.1949;0;1
SLADA;1;7.8.1964;0;1
SINANIYE;3;6.2.1969;0;3
GULUVAR;1;27.8.1956;0;1
GURIYE;4;26.2.1960;0;4
KIMETE;3;6.11.1964;0;3
BENIGUL;3;26.4.1960;0;3
GULZOZAN;1;11.12.1978;0;1
SEFEKE;3;11.4.1968;0;3
NURTAL;1;7.7.1940;0;1
NUHSEN;3;18.4.1970;0;3
SULHETULLAH;1;11.6.1969;1;0
HASBUGE;1;9.5.1950;0;1
DILEKSIN;1;17.2.1969;1;0
REDVI;8;26.8.1971;8;0
ELYASAG;1;18.4.1985;1;0
SEVERIE;2;21.3.1977;0;2
BAYIZIT;1;20.11.1941;1;0
BONOVIC;1;14.11.1947;0;1
AVSEL;2;19.1.1966;0;2
MUTHALA;1;6.2.1968;0;1
HUZEIR;2;2.3.1952;2;0
DULA;2;17.10.1944;1;1
AZENINE;1;7.8.1934;0;1
ESNAGUL;3;10.4.1978;0;3
GUVERE;2;14.1.1930;0;2
BEADIN;5;10.11.1941;5;0
NIHIRE;2;7.6.1963;0;2
FAYKIYE;1;27.8.1950;0;1
TELAIDDIN;1;10.10.1946;1;0
VEZARIYE;2;28.5.1961;0;2
LUTIFE;3;16.10.1954;0;3
GANSARA;1;29.1.1930;0;1
RUGIZEN;1;2.3.1969;0;1
GULJHAN;1;18.9.1976;0;1
BAYTIYE;4;24.12.1948;0;4
CEVAIDIN;1;1.4.1965;1;0
UTBIYAR;1;27.8.1950;0;1
ZUKER;1;16.3.1955;1;0
EMINESURAN;1;6.5.1982;0;1
MIRLIVA;1;7.8.1976;1;0
SNEJA;1;17.8.1978;0;1
PAYENDI;1;30.6.1953;0;1
GULBECIDE;1;22.1.1960;0;1
MUKASIBE;1;22.8.1943;0;1
ZEMRUS;1;14.6.1954;1;0
MUTHARE;1;21.8.1969;0;1
BEZA;7;9.1.1956;0;7
MAYZEL;1;7.8.1952;0;1
IZADIE;1;2.8.1957;0;1
NAFKA;1;7.8.1958;0;1
SAFATA;1;2.8.1951;0;1
ZUYDI;1;25.11.1969;1;0
RAYGULU;1;27.2.1970;0;1
NUHUN;8;7.12.1971;7;1
GUERA;1;7.8.1952;0;1
FIDIZ;1;22.8.1955;0;1
FERZIHAN;2;24.4.1948;0;2
DOGANISIK;1;20.4.1992;1;0
ULVIJE;1;4.12.1977;0;1
SABGETULLAH;2;9.2.1956;2;0
NUDEMSAH;3;12.2.1943;0;3
NURNUMUS;1;8.9.1970;0;1
M.ERTAC;1;19.5.1969;1;0
SINAMEKI;1;2.8.1957;1;0
HITME;1;2.4.1931;0;1
RATIS;1;12.8.1929;0;1
NEVIYYE;1;29.9.1968;0;1
AYKULA;1;27.8.1950;0;1
IZLATA;10;21.9.1935;0;10
SARZIMET;1;14.7.1958;0;1
GURALIYE;1;7.6.1934;0;1
RAGUB;3;25.7.1965;3;0
FEBAKI;1;4.11.1956;1;0
RAZICAN;1;21.7.1963;1;0
EDENUR;1;7.8.1982;0;1
ZEVAYDIN;1;9.1.1964;1;0
NEHLIMAN;1;7.6.1934;0;1
EYHAT;1;11.9.1963;1;0
ZEYNIE;1;5.2.1968;0;1
GUHERE;2;29.1.1945;0;2
NEDIMIYE;13;18.5.1960;0;13
DURRUSAF;3;27.10.1941;0;3
BAHAVITTIN;1;6.2.1945;1;0
M.MAHIR;3;10.4.1954;3;0
FERALI;1;22.8.1955;1;0
YARENDE;1;16.7.1970;0;1
SAYYIT;2;25.11.1955;2;0
HALVETE;6;1.1.1949;0;6
TERMANI;1;12.5.1950;0;1
EVRANBEY;1;22.4.1961;1;0
AYSEYIDE;1;29.7.1949;0;1
HEMSAL;2;10.4.1972;0;2
TAHDAT;1;14.2.1978;1;0
DEMSO;1;7.8.1940;1;0
EJDERHA;2;29.3.1974;2;0
NUKRI;1;2.8.1939;1;0
BURCSEV;1;20.5.1976;0;1
ULVEL;1;7.8.1934;0;1
VAYDIN;5;3.1.1963;5;0
MUSTAFAONUR;1;10.7.1991;1;0
ALAMATTIN;2;20.9.1972;2;0
ARFEN;1;16.10.1964;0;1
KONTURA;2;25.8.1961;0;2
RUKRIDIN;1;1.1.1962;1;0
MUCEHAT;1;22.2.1967;1;0
BUTULE;1;3.3.1972;0;1
MEYMANA;7;1.12.1973;0;7
OLCEN;2;19.1.1968;1;1
EDIYHAN;1;21.4.1965;0;1
KANPOLAT;5;22.8.1953;5;0
ELIFEN;1;28.5.1966;0;1
SEMTIYE;1;27.5.1980;0;1
HAZERA;1;12.8.1953;0;1
MURKA;1;22.8.1925;0;1
SIYVE;2;10.7.1942;0;2
LEYLIKAR;1;4.12.1975;0;1
NAHIDURABA;1;22.2.1967;0;1
NUHFERIT;1;27.4.1956;1;0
GULUBAN;1;21.7.1970;0;1
MAVSUR;1;17.2.1966;1;0
KANDAF;2;24.12.1930;0;2
SURISAN;1;18.8.1930;0;1
SAHUZER;1;11.3.1930;0;1
NILZAT;2;4.1.1975;2;0
SAYVE;2;7.1.1962;0;2
AHATTIN;4;4.3.1975;4;0
LEZMI;1;2.5.1978;1;0
SEMYETE;6;3.4.1977;0;6
MUSANBE;1;3.2.1957;0;1
URUZE;2;8.4.1937;0;2
HAFFIT;1;8.4.1973;1;0
NAIZAN;1;11.10.1976;0;1
BESUNI;1;18.4.1966;1;0
BAHPERI;1;2.3.1979;0;1
NURHER;1;12.4.1984;1;0
TEVNUZ;1;24.1.1939;0;1
URKIE;1;8.8.1980;0;1
MURISKAN;1;7.8.1928;0;1
NECCER;2;11.8.1959;2;0
FEKINE;1;11.11.1969;0;1
NADIS;11;26.3.1962;7;4
CIHANGUNBASAR;1;16.6.1956;1;0
NERATIN;1;19.1.1964;1;0
YURDEREN;2;3.2.1963;1;1
BATMAN;2;28.5.1953;1;1
SAVILI;3;10.12.1956;0;3
SUNCAR;1;16.9.1961;1;0
IJAL;1;16.2.1980;0;1
MUFTAZE;1;26.5.1982;0;1
MILYAN;2;6.10.1979;1;1
ULMUYE;1;10.2.1991;0;1
SEFUKE;3;14.9.1974;0;3
ELMAYE;1;7.2.1946;0;1
TIYMUR;3;4.11.1984;3;0
NIZIHAT;3;21.8.1971;0;3
SUFU;2;27.8.1949;2;0
NEMETTIN;5;29.7.1963;5;0
CAKALYA;2;27.5.1941;0;2
MEYOZA;1;8.2.1961;0;1
SEZARAN;1;15.2.1965;0;1
ATANAN;1;19.7.1962;1;0
GULYOSMA;3;18.2.1951;0;3
BILLENT;2;26.9.1974;2;0
ZELIYAN;2;6.3.1960;0;2
SEMMAZE;1;22.12.1955;0;1
SUCATI;3;25.1.1959;3;0
ILINDAR;1;2.9.1970;1;0
ULUZAFER;1;3.3.1957;1;0
SARENAZ;1;7.2.1934;0;1
AKIK;1;12.8.1953;1;0
MITIHANE;1;12.3.1971;0;1
TIFIDE;4;22.10.1949;0;4
ZEZZEMA;2;20.12.1951;0;2
VATANTAS;1;7.3.1957;1;0
SAGINEBAT;15;2.10.1952;0;15
RUBSAH;1;27.4.1962;0;1
GANZEL;1;1.12.1988;0;1
HANARZUN;5;29.6.1950;0;5
EFFANI;36;29.10.1960;0;36
EFLAK;1;4.8.1982;0;1
DILSAHNUR;1;5.10.1986;0;1
DASKADIN;4;22.8.1953;0;4
AYTUNGA;6;10.7.1973;2;4
LILLI;3;7.12.1941;0;3
KORHUN;1;2.4.1987;1;0
ILKBIR;1;28.2.1960;0;1
UMMEHAT;1;12.7.1988;0;1
NAYIS;2;19.1.1943;0;2
LUKRAN;1;16.5.1957;0;1
ZUPEYHA;1;24.2.1954;0;1
YUNGUL;6;23.2.1968;0;6
EGRIVAN;1;2.7.1987;0;1
CILEBERGIN;1;7.3.1962;0;1
SICIL;1;2.4.1990;0;1
HAVKA;1;27.8.1950;0;1
NETACEDIM;1;22.4.1973;1;0
KOYLIN;1;30.7.1978;0;1
NEHABE;1;23.3.1953;0;1
BOGACBORA;1;24.9.1973;1;0
ZULFUGER;1;23.7.1976;1;0
MELAD;1;1.1.1975;0;1
TULGE;1;16.9.1977;1;0
MEHSURA;1;27.3.1943;0;1
FERISET;1;6.3.1986;0;1
HELLIME;1;3.3.1984;0;1
FERRAHIM;1;21.11.1961;1;0
AYCHA;3;24.12.1974;0;3
MERD;4;26.7.1962;4;0
RAHICE;2;10.1.1971;0;2
KOBLAY;2;27.3.1941;2;0
ZUMRUDDIN;1;16.10.1959;1;0
ZULAR;3;1.4.1958;3;0
SECASI;1;2.4.1975;1;0
HASREFIKA;1;2.4.1937;0;1
FAHRENSE;3;29.2.1962;0;3
CEMAZ;2;17.10.1956;0;2
ZAFEROL;1;26.11.1964;1;0
RUDUL;4;24.4.1956;0;4
NUSAGIS;1;17.9.1957;0;1
MECBIRYE;1;1.6.1972;0;1
HACETE;1;2.2.1957;0;1
TEMUCE;2;10.9.1988;0;2
SEZAIY;1;19.7.1973;1;0
TELLISENEM;2;2.11.1951;0;2
MAZLO;1;2.8.1945;0;1
DUYKU;5;26.5.1959;1;4
REMZIYEGUL;1;20.2.1975;0;1
MEMETLATIF;7;27.2.1960;7;0
EMIRFAYSAL;1;24.6.1967;1;0
ZERAYI;1;5.3.1943;0;1
YAZIMET;1;27.8.1944;0;1
KENZIBAN;2;13.11.1973;0;2
DERUNI;2;17.10.1980;1;1
SEVILENT;1;14.11.1973;0;1
ZULYAL;1;3.7.1967;0;1
SEMSUBANU;2;16.6.1941;0;2
HISLI;1;12.12.1948;0;1
PASACAN;2;16.7.1986;2;0
NARMIRE;1;18.4.1954;0;1
SEVKETI;2;17.8.1930;2;0
BINHAR;1;29.4.1962;1;0
SIRINZAT;1;19.3.1945;0;1
SUCADTIN;1;18.2.1966;1;0
BUSENAZ;1;7.5.1987;0;1
MUKIP;1;2.2.1975;1;0
MUKRUNE;1;11.6.1950;0;1
BORTICINE;2;9.9.1985;0;2
NECIBI;2;22.5.1949;1;1
ZULKADEN;1;4.4.1939;0;1
SEHNIYAR;1;7.3.1942;0;1
NIMAS;1;16.6.1956;0;1
HANEFIYA;1;22.8.1955;1;0
ADIVAR;1;24.5.1964;1;0
GUHIZAR;1;22.1.1955;0;1
SIYAZI;2;15.11.1958;2;0
MEYLIHAN;2;14.5.1975;0;2
SEVDEFER;1;1.7.1972;0;1
HINEN;1;17.2.1960;0;1
HAYZEL;1;12.1.1976;0;1
HAMZAER;1;12.9.1959;1;0
AYNIZALIHA;1;10.6.1982;0;1
CAKMAR;2;20.5.1945;2;0
OKDAR;1;15.12.1971;1;0
GULSUMANA;2;15.8.1966;0;2
TESPINAZ;1;9.12.1964;0;1
EZULET;1;21.11.1982;0;1
HURBARIS;2;2.6.1976;2;0
ENGELINA;1;16.9.1969;0;1
ILAR;1;11.3.1955;0;1
FANISA;1;20.6.1944;0;1
DURCAY;1;27.12.1957;0;1
KULAC;6;9.11.1953;6;0
HORIE;1;24.2.1967;0;1
VILAETDIN;1;22.8.1955;1;0
CANSUZAR;1;10.10.1960;0;1
MEHMETNASIR;3;17.4.1977;3;0
GULYONCA;2;20.10.1987;0;2
UMITSER;3;1.5.1961;1;2
TAYJAN;1;28.6.1962;1;0
HALIMAHAN;1;12.5.1962;0;1
TUYUZ;1;1.7.1943;0;1
MAHINER;2;12.4.1968;0;2
ALIMEMET;2;30.10.1932;2;0
MUNACAAT;1;21.9.1964;0;1
DERSAF;1;7.2.1946;0;1
NEPBER;1;21.5.1952;0;1
SENIBER;3;18.11.1948;0;3
NEYHIZ;1;20.6.1934;1;0
NURZEKI;2;27.12.1967;2;0
ABIP;2;23.5.1958;2;0
TOLKAR;4;24.10.1981;4;0
NESIYYE;1;21.6.1957;0;1
HAYTEKIN;1;20.6.1935;1;0
BAKISA;2;17.1.1954;0;2
HURIBE;1;2.2.1957;0;1
CUMACAN;1;8.2.1988;1;0
SERYIBE;1;27.3.1953;0;1
KUMSAT;1;27.4.1980;0;1
TEOMIS;1;3.10.1953;0;1
AYLAMELEK;1;1.3.1960;0;1
DALISTANALI;1;11.7.1967;1;0
RAMAZANKADIR;1;10.5.1962;1;0
SIGNECAN;1;10.9.1979;0;1
YASEDIN;4;24.9.1955;4;0
UKTE;2;2.10.1991;0;2
VIRIVAN;1;13.6.1965;0;1
TURCEYIN;142;14.9.1955;0;142
NEBINUR;2;2.4.1959;0;2
SOULTANKA;1;9.5.1971;0;1
RECAAT;3;4.8.1972;1;2
AZUME;1;22.1.1980;0;1
ADEKAR;1;17.4.1936;0;1
NEFRIN;1;28.11.1985;0;1
GULHEVES;2;15.7.1954;0;2
NEVRUHAN;1;21.2.1989;0;1
MEHMETSEZER;1;25.8.1982;1;0
CAHILTAY;1;12.6.1991;1;0
IZLATE;1;12.8.1959;0;1
GULRAHMI;1;6.4.1953;1;0
BINAIM;1;7.10.1957;1;0
MIREMANA;2;13.3.1950;0;2
URBIL;1;12.1.1977;1;0
IREYIZ;1;23.12.1964;1;0
CELALATDIN;1;26.1.1970;1;0
SICILE;1;21.2.1968;0;1
PEMBEI;1;28.8.1950;0;1
NIYHAL;1;1.6.1970;0;1
BAYBURM;1;6.11.1972;1;0
GONULSAH;1;25.9.1990;0;1
SELBIGUL;1;3.11.1952;0;1
MUBIER;1;10.11.1966;0;1
SENCAT;1;17.2.1972;1;0
BATTALIKAZI;1;11.1.1967;1;0
MURADIE;3;8.4.1971;0;3
BILENDOZ;1;1.2.1980;1;0
NETHIYE;1;27.8.1938;0;1
MEEZZEZ;1;9.4.1976;0;1
YURDAKOS;4;5.1.1961;4;0
DULDAN;2;22.3.1951;0;2
DURDUHANIM;3;14.5.1964;0;3
NURDEVLET;4;18.1.1968;0;4
HURKIZER;1;11.2.1961;0;1
URISKE;1;14.5.1950;0;1
SEBIKI;1;12.12.1974;1;0
EFEK;5;7.3.1965;1;4
SEBAVI;1;20.4.1983;1;0
INDJILA;1;14.7.1971;0;1
LESKERI;1;13.4.1971;1;0
SONNURAY;1;18.7.1980;0;1
BALKAYA;4;2.1.1955;3;1
GANISE;1;17.8.1954;0;1
PAZIE;1;6.7.1953;0;1
ZARECETTIN;1;10.10.1951;1;0
ERZINCAN;2;15.5.1976;1;1
APTURAYIM;2;16.2.1957;2;0
NUHTI;2;15.7.1950;1;1
PERTAF;2;6.6.1972;2;0
GOLSIMET;2;4.8.1963;0;2
IMCE;2;30.10.1944;0;2
TELLITURNA;1;12.11.1985;0;1
GOLKAZERE;1;6.4.1962;0;1
SEKIM;2;7.8.1947;2;0
DURIYYA;3;30.6.1949;0;3
KIFET;1;21.2.1966;0;1
MEVGAN;1;6.4.1956;1;0
GULINSER;1;21.2.1965;0;1
MUCAVETTIN;1;14.7.1958;1;0
TEYYUBA;3;11.4.1958;0;3
MERKUSAH;1;2.2.1939;1;0
GENCEDE;1;8.4.1964;0;1
RUHHANE;1;28.6.1976;0;1
ZIYAVETTIN;5;28.11.1967;5;0
SEBUNET;1;12.12.1957;0;1
MAZCI;1;7.2.1964;0;1
RUHIBILGIN;1;1.2.1970;1;0
GULBINNAR;1;22.12.1972;0;1
MUSEHBIH;1;5.1.1948;0;1
ABDULMUHITTIN;1;11.1.1991;1;0
DURDUGUN;1;26.3.1965;0;1
ADELLET;1;21.6.1977;0;1
MEHEDIN;7;19.5.1967;7;0
GIRNEM;1;2.9.1975;0;1
ZULFIRA;1;20.8.1959;0;1
CEVAHAT;1;27.10.1978;1;0
TOSKA;1;8.3.1972;0;1
SERDCAN;1;17.8.1972;0;1
MUSAMBRIYE;2;30.3.1966;0;2
SETER;1;26.12.1979;0;1
ZINNURBEY;1;17.2.1966;1;0
KIYES;1;6.6.1975;1;0
FEMUR;1;11.3.1973;1;0
FINNEHER;1;5.6.1975;0;1
DOURDJAN;1;18.2.1980;0;1
NAVDA;2;6.8.1988;0;2
SELYAMI;1;26.8.1969;1;0
FERFER;1;4.2.1951;0;1
AZALETDIN;1;9.9.1939;1;0
FERFUNE;1;27.2.1940;0;1
NAZIBAN;2;30.7.1955;0;2
SUGLEN;2;10.5.1959;0;2
BALAHAN;3;19.6.1959;0;3
ABIBEKIR;2;21.9.1975;2;0
HILMIYAZ;2;15.8.1948;0;2
NERMUN;4;29.11.1967;0;4
BINGIN;2;11.8.1978;1;1
MUCALETTIN;2;11.6.1965;2;0
RAMSER;1;23.10.1964;0;1
KOCTURK;2;10.5.1973;2;0
MUBERRIYE;2;25.9.1958;0;2
IVONNE;2;18.3.1941;0;2
EMINFEYSEL;1;22.10.1968;1;0
KALPNUR;1;26.11.1990;0;1
GOKKALP;1;22.9.1991;1;0
FANC;1;3.2.1945;1;0
GUSSIN;1;2.4.1981;0;1
ATANIYE;1;27.5.1944;0;1
SAYINNAZ;1;18.7.1954;0;1
TOBET;1;6.7.1974;1;0
NEFIZI;1;2.8.1951;0;1
SEMUZE;1;20.3.1946;0;1
KEMERRETTIN;1;12.2.1953;1;0
PIERPAOLA;1;30.10.1990;0;1
DEGRA;1;13.7.1962;0;1
EZZANUR;1;12.2.1959;1;0
HUSNURESIT;1;4.10.1963;1;0
SAIZEL;1;2.8.1945;0;1
ICA;1;28.6.1969;0;1
PELGIN;1;13.2.1967;0;1
SEcIL;1;7.1.1980;0;1
EVC;1;17.2.1980;1;0
BIRGER;1;27.12.1944;0;1
FERDUKA;2;18.9.1959;0;2
YAMILET;1;17.2.1973;0;1
ONNAZ;1;19.3.1985;0;1
MUZAKKA;2;2.10.1956;2;0
OZGUHAN;5;19.10.1978;3;2
MERDKAN;1;22.3.1940;1;0
TEFIGE;1;4.2.1945;0;1
NADIHAT;1;6.2.1971;0;1
MIRSIT;1;12.2.1983;1;0
ZUMURIYE;1;26.6.1934;0;1
MUKBILCAN;1;21.2.1930;1;0
ARK;3;29.12.1970;3;0
LULENDAR;1;8.10.1938;0;1
ELHAMETTIN;1;19.6.1957;1;0
MUSTAKIYMA;1;6.6.1963;0;1
LEYYEL;1;29.2.1980;0;1
MEHMETCESIM;2;11.3.1972;2;0
MUSEVVIR;2;20.5.1961;1;1
ORKEM;1;29.3.1988;1;0
APTINEBI;1;30.4.1991;1;0
HALIBRAM;1;12.4.1939;1;0
HALIHAN;1;14.3.1965;0;1
NURBIYAN;4;3.2.1976;0;4
CEYALE;1;1.6.1973;0;1
PEVIN;5;18.7.1974;0;5
SABRETIN;1;23.4.1980;1;0
ZIYATERMAN;1;16.12.1958;1;0
ALEVSAH;1;11.4.1990;0;1
MERDJAN;1;30.10.1991;0;1
FELID;1;27.10.1974;1;0
MEDIDE;4;7.9.1956;0;4
HURRUL;1;16.11.1947;0;1
DADIMET;1;5.7.1931;0;1
HULYABIRCAN;1;27.2.1974;0;1
FEZIMHAN;1;21.4.1963;0;1
HAVZEGUL;1;27.3.1959;0;1
LIZAN;3;26.1.1970;0;3
SULHEDA;1;2.6.1967;0;1
ZEVKISER;4;17.9.1955;0;4
MINALIYE;1;13.10.1965;0;1
MELHAL;1;16.3.1965;0;1
SADIKRIZA;1;23.9.1964;1;0
SAFAAHAT;1;11.3.1968;0;1
HAYRIYETE;1;16.6.1971;0;1
ZENULYE;1;30.11.1956;0;1
RAHMETULLA;1;3.4.1969;1;0
OZLESEN;1;13.2.1986;0;1
YUKSELIS;2;15.4.1982;1;1
ENZUR;1;1.9.1956;0;1
MAHPIKAR;4;17.10.1941;0;4
CAZA;1;12.4.1971;0;1
MUSAFFET;6;3.4.1961;3;3
ZUHLA;2;10.2.1967;0;2
NURGEVHER;1;18.7.1966;0;1
ESANA;13;8.2.1955;0;13
SACAHATTIN;1;7.2.1968;1;0
AYYETER;1;2.8.1921;0;1
VIYANA;1;24.10.1991;0;1
CANAYAKIN;1;7.4.1976;0;1
HUREYRET;1;8.7.1969;0;1
SEDAYIF;1;4.12.1984;1;0
SECAY;6;17.3.1972;3;3
TOGMEN;2;1.9.1961;2;0
SAMANE;1;2.2.1981;0;1
NUHSET;4;8.1.1964;1;3
BEHYET;2;1.8.1965;0;2
GULIZAMAN;1;2.2.1951;0;1
SAMBIR;1;22.7.1991;0;1
CUDDA;2;30.6.1981;2;0
ABDUNNEBI;3;28.7.1939;3;0
SEYFILMULK;2;11.12.1958;2;0
JUEL;1;14.8.1972;0;1
FELICE;2;8.2.1961;0;2
ZURMUYE;2;17.2.1962;0;2
HASANBEYI;1;8.7.1950;1;0
ARSEF;1;22.6.1985;0;1
INCEHAN;2;23.10.1955;0;2
ALSER;2;30.10.1984;0;2
BINNEFIS;2;24.9.1941;0;2
IVIDE;2;14.8.1965;0;2
MUDIDE;1;29.2.1950;0;1
YENIGUZEL;1;12.7.1965;0;1
KEDERA;1;22.2.1979;0;1
ISIDE;2;1.4.1958;0;2
ZULIS;1;12.8.1953;0;1
EMMO;4;30.7.1943;0;4
EMEYNE;1;7.7.1962;0;1
CEYLANIM;1;26.12.1985;0;1
UKTAYI;1;26.6.1958;1;0
DEYHANET;1;22.2.1937;0;1
DINET;1;23.4.1956;0;1
MAHASUM;1;1.7.1979;1;0
GULINIFER;1;6.3.1967;0;1
MUTEZNA;3;12.4.1965;0;3
ASLEN;3;9.3.1976;3;0
MUHTEDI;5;20.10.1964;4;1
SOHREVE;1;23.6.1960;0;1
MUSEYCED;1;2.5.1975;0;1
MISTUL;1;15.5.1943;1;0
HAZEMET;1;10.3.1982;0;1
ROUJINA;1;16.6.1974;0;1
MEHMETTULLAH;4;17.1.1976;4;0
YEMIYE;1;21.2.1968;0;1
PERDA;3;1.6.1980;0;3
LUTFIDAN;1;3.8.1970;0;1
KIZSEKER;1;22.1.1955;0;1
ISFANIYE;5;9.7.1959;0;5
SERIBANIYE;1;7.5.1942;0;1
MUBHAN;1;12.8.1929;0;1
SIZAI;1;29.7.1975;1;0
MIZEHER;3;19.12.1956;0;3
FEVZIAVER;1;3.6.1933;0;1
RAFFAEL;1;3.10.1979;1;0
MEVZA;1;9.10.1990;0;1
ILKKER;1;27.8.1974;0;1
KARANFILA;1;12.8.1959;0;1
FELEKFERZ;1;10.8.1970;0;1
ILFERI;1;2.4.1957;0;1
COBANDEDE;1;14.1.1940;1;0
OZELGUN;1;11.7.1966;0;1
BENISAN;3;19.8.1987;3;0
BEZAIR;1;19.8.1980;1;0
MACIDEGUL;1;27.10.1990;0;1
SUKAI;1;1.11.1950;1;0
SENHAL;5;22.9.1951;0;5
IRSER;1;20.6.1959;0;1
BELMI;2;3.6.1980;0;2
CESEMGUL;1;16.3.1961;0;1
FARZAIL;1;18.5.1966;1;0
AFVE;1;21.6.1945;0;1
KANARIYA;1;6.4.1984;0;1
AYGULHAN;1;6.7.1973;0;1
KUTKUT;1;27.5.1964;1;0
ALPARAY;1;5.2.1968;1;0
ATISEN;1;10.6.1973;0;1
PERUSER;1;11.9.1939;0;1
CETINKALE;1;24.10.1942;1;0
TULENDI;1;18.5.1958;0;1
KARAMI;1;22.8.1967;1;0
IDESER;1;12.7.1959;0;1
SMARO;1;10.11.1937;0;1
SEFEG;1;27.9.1971;0;1
SEBAEDDIN;2;14.4.1943;2;0
PETEHATTIN;1;24.2.1961;1;0
FUHEYDA;1;5.6.1984;0;1
AYRUL;1;2.8.1956;0;1
YURDASEVIN;1;2.2.1962;0;1
VAHIPGAZI;1;1.8.1960;1;0
TUHUF;1;26.7.1971;1;0
CIZEN;3;26.11.1984;0;3
TUNEY;2;6.8.1962;1;1
FELHAT;2;29.7.1986;1;1
TOYCA;1;15.11.1989;1;0
FAHHRIYE;1;12.6.1960;0;1
LEDAFER;2;25.1.1944;0;2
AFTEL;1;12.2.1953;1;0
ILGUY;1;5.5.1939;0;1
NILHAT;2;8.3.1968;0;2
AYYER;1;25.2.1942;0;1
ZUHDE;4;12.4.1957;0;4
CIHATSEN;1;19.6.1966;1;0
GULBIDANE;4;20.2.1952;0;4
JOSEPHUS;1;21.7.1969;1;0
USKUF;1;7.8.1922;0;1
SEBAHAAT;1;17.8.1988;0;1
BOLUBEYI;2;6.2.1975;2;0
OZANE;1;3.5.1991;0;1
VILDIN;1;3.3.1950;0;1
APBAN;4;25.10.1962;4;0
MEZLUME;10;22.2.1954;0;10
HORNAZ;3;25.3.1965;0;3
RAHIGA;1;2.2.1966;0;1
CEMADDIN;4;11.12.1955;4;0
EYHAL;1;22.1.1967;0;1
BEHSIME;1;15.6.1969;0;1
ELTEGUL;1;7.8.1950;0;1
MEVBIHE;1;16.8.1976;0;1
MUNEEVVER;1;7.12.1970;0;1
YURTGUNESI;1;21.10.1980;0;1
HOYBIN;1;20.4.1982;0;1
MACIDAN;1;14.1.1961;0;1
SEJDAT;1;12.8.1971;1;0
ZIRREM;1;27.2.1938;1;0
EDAHANIM;10;5.8.1952;0;10
KUPIYE;1;19.4.1965;0;1
MEDEHAN;4;15.2.1972;0;4
IREZ;1;22.7.1937;0;1
TUSIK;1;2.5.1927;0;1
MUHAFFER;1;27.8.1926;1;0
DIFERUS;1;20.2.1936;0;1
ICAZE;3;29.3.1961;0;3
NERUZAN;1;21.5.1940;0;1
TAYREN;1;18.3.1976;0;1
FUAMMET;1;8.8.1960;0;1
AYTIZAR;1;17.8.1936;0;1
PERIHANE;1;6.6.1965;0;1
BIYTER;2;18.9.1973;0;2
SEVIMTER;3;22.7.1952;0;3
KESRI;1;22.2.1943;0;1
SAHFIDAN;2;19.6.1947;0;2
BERCESTIN;1;17.11.1981;1;0
HOSEM;9;11.8.1960;9;0
NECMUDDIN;2;5.6.1932;2;0
GULDIZEN;4;30.5.1967;0;4
FEMZI;3;14.10.1940;1;2
DEMKO;1;12.8.1935;1;0
URFETA;1;7.8.1958;0;1
ANISKA;2;28.4.1948;0;2
FUDAIN;1;28.11.1962;1;0
YOLZADE;1;7.8.1958;0;1
NURSEMSI;1;17.7.1967;1;0
HISABELI;1;22.8.1919;1;0
SIRKA;2;17.7.1950;0;2
MILDIVAN;1;12.6.1959;1;0
YETISER;2;14.7.1967;2;0
ALIRKA;1;17.8.1936;0;1
NURDUNYA;1;28.11.1971;0;1
HULGEN;2;22.1.1969;0;2
CEFKA;1;17.8.1960;0;1
BARIS.;1;21.5.1982;1;0
SERNAL;1;24.2.1984;0;1
HANISKA;1;20.8.1938;0;1
BIRGUNE;1;16.1.1989;0;1
VEAP;1;12.8.1923;1;0
KEYMA;1;2.8.1933;0;1
SAMUCEDDIN;1;26.8.1948;1;0
SALKA;4;23.12.1957;0;4
IMIHANE;1;22.8.1937;0;1
ATULA;2;16.1.1948;2;0
BIRUMIT;1;14.12.1971;1;0
HASINEGUL;1;7.9.1970;0;1
SUVENDA;1;1.10.1951;0;1
EZBIYE;1;2.8.1945;0;1
ZUMAN;1;12.8.1947;1;0
MIHRABIYE;4;29.12.1968;0;4
KALBI;1;1.12.1988;1;0
SAHUSNE;2;14.7.1945;0;2
FISNET;3;8.11.1949;0;3
MUKERREN;1;2.1.1971;0;1
MUSKILAT;1;19.11.1976;1;0
MUAFIZ;2;11.3.1973;2;0
NUNURE;1;1.6.1980;0;1
INCEN;1;12.2.1959;0;1
MAHSA;1;13.2.1967;0;1
ZELFIREZ;1;7.8.1958;0;1
HECCER;1;2.2.1957;0;1
IKINIZ;1;6.9.1979;0;1
MESMIYE;4;30.2.1973;0;4
GULISHANIBANU;1;25.2.1973;0;1
DORSUN;1;4.2.1941;1;0
HILALGUL;2;28.11.1988;0;2
MAHLIS;1;24.8.1973;1;0
VECAHIR;1;7.3.1970;0;1
ESMERCIMEN;2;3.4.1961;0;2
KEZABAN;1;17.11.1978;0;1
CELKEZI;2;30.9.1962;0;2
SURIFET;1;22.2.1977;1;0
REVDAT;1;3.2.1963;1;0
MELAYIB;1;6.11.1979;1;0
ENGULEN;1;25.9.1976;0;1
SATDULLAH;1;7.2.1970;1;0
FERDISAN;2;13.7.1972;0;2
ESHABULKEF;2;15.10.1970;2;0
EDAYA;4;9.7.1941;0;4
NATRIYE;1;12.4.1965;0;1
NAHGULE;1;28.6.1956;0;1
JOSSEGIE;1;10.7.1974;0;1
ZINSA;1;19.5.1954;0;1
ALTIY;1;25.7.1925;0;1
MENOL;1;25.11.1975;1;0
CEMTUNA;1;8.6.1969;1;0
HAMBER;4;28.8.1963;1;3
BEZSAT;1;9.10.1956;1;0
MULE;1;12.8.1923;0;1
SEVILNUR;2;23.12.1966;0;2
ASKIMCAN;1;4.3.1991;1;0
LALISE;1;1.2.1950;0;1
YESILNIL;1;23.1.1987;0;1
TEOMEN;1;26.3.1960;1;0
AFETAP;1;14.3.1934;0;1
NEVRUZEL;1;16.4.1961;0;1
ZEVIN;3;25.4.1958;0;3
RUHSEV;6;19.4.1953;0;6
GULFECIR;3;5.1.1946;0;3
ISFERIN;1;24.10.1942;0;1
FENNUSE;1;26.3.1952;0;1
NESIMIN;3;24.5.1968;3;0
KORSAL;2;27.9.1962;2;0
CUMURAY;1;14.7.1954;0;1
MUHAFAZA;1;12.8.1917;0;1
BINHAT;1;21.2.1945;0;1
MOBETCEL;1;29.6.1970;0;1
ZIHSEN;2;21.1.1960;0;2
EVRANUS;1;27.8.1932;1;0
SASIME;5;27.6.1949;0;5
FIRZEL;1;6.5.1954;0;1
MULHAT;1;15.9.1949;0;1
MEVSUNE;5;11.11.1956;0;5
AYNANE;1;21.10.1955;0;1
NILLUFER;1;26.3.1985;0;1
MECLULE;1;17.5.1955;0;1
NILGON;1;24.9.1958;0;1
GIZEMGUL;2;17.11.1991;0;2
SEFNA;1;24.5.1973;0;1
CUREYFE;1;8.1.1966;0;1
M.IKRAM;1;19.1.1960;1;0
HOCRET;1;5.12.1944;0;1
MUSRIT;1;20.2.1971;0;1
ADENE;2;29.5.1953;0;2
RUYAGUL;2;3.3.1972;0;2
ABDULIHSAN;1;26.5.1986;1;0
DURDANIM;3;6.9.1979;0;3
ZILFINAR;6;30.10.1968;0;6
MUSLUHUDDIN;1;27.4.1966;1;0
VAHACETTIN;1;3.11.1979;1;0
GUKCEK;2;27.5.1944;0;2
SEFAKER;2;16.12.1961;0;2
SUREYYEN;4;5.7.1942;0;4
NUGUYE;1;19.6.1980;0;1
MUNUVE;2;15.5.1977;0;2
REBILE;8;13.11.1966;0;8
DEMIRKIRAT;1;29.2.1958;1;0
YETULLAH;4;27.12.1959;4;0
HAVESI;2;29.6.1944;0;2
SENGUROL;1;19.12.1954;1;0
MUSAYIL;1;21.8.1956;1;0
RUYAT;2;12.10.1950;0;2
LEMAY;1;21.4.1970;0;1
JEYLA;3;20.9.1969;0;3
BRONZER;1;7.5.1982;1;0
MURFED;2;25.2.1967;0;2
GULPERU;1;28.9.1966;0;1
CAGER;1;12.10.1982;1;0
ZAVIT;1;21.12.1963;1;0
GULSIYAN;1;23.10.1985;0;1
ERTUGURUL;2;22.10.1979;2;0
HAVVUS;3;3.2.1963;0;3
CAFINAN;1;9.2.1977;0;1
MAHALCEN;1;5.9.1966;0;1
VAITIN;2;21.4.1964;2;0
SETARE;1;27.2.1962;0;1
FEZULAH;2;7.2.1960;2;0
PULIS;2;6.4.1941;2;0
CHEFIKE;1;4.9.1938;0;1
NELVER;3;22.7.1976;0;3
NADIKIYE;1;22.8.1961;0;1
MENTA;4;27.7.1971;0;4
OZERKIZ;1;26.4.1940;0;1
YIMOZ;1;8.9.1948;0;1
ALTAS;1;4.8.1988;1;0
ANALAR;2;27.9.1941;0;2
SEIDAHMET;1;4.5.1956;1;0
KIBER;3;30.11.1962;0;3
SUCADIYE;1;16.2.1956;0;1
MILIZAR;2;18.3.1968;0;2
NECEHATTIN;2;18.1.1956;2;0
I.CERRAH;1;12.8.1971;1;0
SERGE;2;29.6.1976;1;1
ZURICE;2;9.10.1942;0;2
BEGLIJA;1;12.8.1923;0;1
UMUSAH;1;20.2.1980;0;1
VIYALETA;1;27.7.1979;0;1
SAFHAK;1;2.7.1985;1;0
BEDILCEBAN;1;7.3.1954;0;1
EDVARDA;1;23.5.1977;0;1
NEVRESI;1;7.8.1922;0;1
ADCIRE;1;17.8.1948;0;1
SIRINGUN;1;18.5.1956;0;1
ERTURGA;1;20.11.1972;1;0
NURHAYAR;1;13.10.1954;0;1
OVUS;1;2.3.1939;1;0
AHMETLUTFI;1;8.3.1983;1;0
NESLISULTAN;1;21.10.1955;0;1
ADEIRE;1;17.8.1948;0;1
RENGINHANIM;1;10.2.1981;0;1
MUBETDAT;1;1.5.1951;0;1
MUHAMMETMURAT;2;24.4.1977;2;0
UNATA;1;7.6.1958;1;0
GULOK;1;29.5.1970;0;1
IMCA;1;27.8.1956;0;1
ABDILVAHAP;3;9.10.1966;3;0
CAFERSADIK;1;2.9.1945;1;0
VAYTIN;7;9.6.1963;7;0
MUZEF;5;3.1.1969;1;4
ANAMSA;2;17.8.1948;0;2
NECEFHAN;1;16.6.1989;1;0
MOHOBBI;1;23.10.1975;1;0
BAYTIN;4;1.6.1965;4;0
BILGUDAY;3;4.11.1981;3;0
NURAYLIN;1;4.2.1990;0;1
HECIBE;2;4.10.1955;0;2
NUGE;2;30.12.1974;0;2
DULSE;1;2.2.1963;0;1
ADMAN;6;14.5.1966;4;2
IBARAHIM;1;22.8.1981;1;0
SIRAYA;1;1.6.1966;0;1
NARANSA;1;7.8.1946;0;1
MASUMI;1;13.12.1974;1;0
LIGZA;1;29.4.1962;0;1
FEDAMET;1;1.5.1964;0;1
M.TURGAY;2;21.11.1958;2;0
GUYERE;1;12.8.1947;0;1
NEFISEGUL;1;5.5.1967;0;1
ZEYINIYE;1;17.8.1984;0;1
MURJE;1;10.8.1982;0;1
YAFETTIN;1;22.11.1964;1;0
KASIYA;1;14.5.1974;0;1
ILMIYAZ;2;29.12.1966;0;2
SYUZAN;1;8.8.1976;0;1
PULUSHAN;1;7.4.1964;0;1
BEYKAL;1;22.2.1979;1;0
SEYKAL;1;8.4.1976;1;0
ANTIGE;3;21.3.1967;0;3
MASMULLAH;1;22.12.1974;0;1
DOGANYIL;1;30.2.1986;0;1
UMULSUN;1;27.3.1956;0;1
MUBETCIL;2;28.4.1962;0;2
ALIYUCEL;3;3.3.1967;3;0
SURIE;3;28.12.1972;0;3
GAYSUN;1;14.4.1992;1;0
ERTURRUN;1;11.2.1968;1;0
IDEHET;1;23.3.1955;0;1
MAHAREBE;1;27.7.1931;0;1
MOLLAH;2;21.1.1955;2;0
VELEHTIN;1;28.2.1964;1;0
BIDIH;1;27.8.1962;1;0
YOZAL;1;12.6.1989;1;0
NESIE;1;10.3.1979;0;1
TILAS;1;14.8.1990;1;0
EMTULLA;3;6.1.1966;0;3
NAFIER;1;16.4.1968;0;1
SEKNIFA;1;27.10.1974;0;1
UNZUBE;1;19.11.1965;0;1
ULUMA;1;27.3.1956;0;1
SEBETTIN;2;20.2.1972;2;0
ELCIHAN;6;26.2.1978;2;4
PERDENISIN;3;2.2.1963;0;3
OZDENE;3;20.12.1944;0;3
BEDILIYA;1;17.2.1966;0;1
IHPAL;1;17.2.1960;0;1
ALLOS;10;4.6.1953;9;1
RAFIL;4;21.7.1957;3;1
DURISEVA;1;6.2.1985;0;1
COKSEN;2;1.8.1962;2;0
ZUVEYIR;3;15.5.1968;3;0
YERDAL;1;16.8.1972;1;0
ZAFERETTIN;1;3.7.1974;1;0
NEZBIRE;2;26.11.1957;0;2
HIKBALE;1;12.2.1965;0;1
VECATIN;1;15.3.1951;1;0
SIBELKAN;1;29.6.1972;0;1
NECLYA;1;21.7.1976;0;1
TEKAN;1;20.12.1958;0;1
NECEYLAN;1;6.2.1949;0;1
BIRGULU;5;3.11.1966;0;5
TEZEREN;2;13.9.1977;1;1
ESETBEK;1;11.5.1975;1;0
VELAETTIN;2;4.3.1972;2;0
FERYALE;3;7.5.1969;0;3
BAHRAT;2;16.7.1960;2;0
FEZME;1;17.12.1963;0;1
APTUSSAMET;1;27.8.1926;1;0
MURSALIM;3;4.9.1964;3;0
VESAL;4;10.7.1965;3;1
MENLUSE;1;2.2.1963;0;1
ZERRE;3;14.10.1948;1;2
MIZI;1;24.7.1949;0;1
IFFANI;1;1.2.1948;1;0
BAYHAKAN;1;5.9.1973;1;0
NIYAKET;2;24.2.1946;0;2
HANIMELI;2;10.11.1965;0;2
HUTEM;5;24.8.1956;0;5
UNEZ;1;22.8.1967;0;1
RUKAL;2;21.5.1961;2;0
PERZAR;1;11.5.1965;0;1
GULERZER;1;8.8.1949;0;1
SEDIMKAR;1;21.5.1971;0;1
TULLIN;1;27.4.1977;0;1
MELIC;5;6.3.1985;2;3
DESAN;1;8.11.1964;0;1
PHLLIS;1;6.7.1969;0;1
ZARYE;1;30.12.1956;0;1
DAHHAK;1;19.2.1982;1;0
DEHRIMAN;7;9.6.1960;7;0
ERCANAY;2;28.4.1975;1;1
BUGLEM;4;24.9.1983;0;4
IMIRE;1;16.4.1958;0;1
OGEHAN;1;6.5.1986;1;0
CANBERG;2;12.2.1987;2;0
NARANGUL;1;7.2.1946;0;1
HACINUMAN;1;19.9.1965;1;0
MEFRUDE;7;7.9.1953;0;7
SEREFINAZ;1;24.10.1974;0;1
BUSENIL;1;17.9.1990;0;1
NILSELI;2;17.8.1971;0;2
HURISKA;2;10.1.1947;0;2
IHSANEI;1;1.9.1942;0;1
TARUKA;1;17.11.1936;0;1
NURVERKAN;1;20.4.1978;0;1
FATUMETTUZ;1;1.10.1974;0;1
KANOK;1;12.5.1959;1;0
ALTINCI;1;14.4.1940;1;0
PEYGER;1;1.2.1943;0;1
DARIKA;1;30.3.1977;0;1
BOZIYE;1;22.8.1925;0;1
BETOL;2;7.8.1934;0;2
AYSENERMIN;1;16.9.1931;0;1
CEMALIYET;1;27.10.1956;0;1
TANJOL;1;1.8.1954;1;0
AYDIM;1;28.2.1990;0;1
RUDER;1;18.12.1983;1;0
GUSVEND;1;13.2.1964;0;1
MERALGUL;1;18.8.1963;0;1
OGEDEY;2;27.9.1988;2;0
NILBER;5;11.1.1975;0;5
YUKIYE;1;16.12.1987;0;1
ZUBEYIDA;1;13.7.1973;0;1
ABDULCEBAL;1;26.1.1987;1;0
SELTIF;1;19.6.1963;1;0
SUSAMGUL;2;24.10.1962;0;2
ABTULTARIK;1;2.6.1964;1;0
SAIDER;3;22.8.1956;2;1
OGURZAT;1;1.2.1938;0;1
MAZEZEZ;1;28.3.1956;0;1
SOYGUR;2;20.10.1980;2;0
GULKADIYE;1;1.10.1980;0;1
CICIGUL;5;8.5.1940;0;5
SIDDIYKE;2;7.10.1960;0;2
SENLANDA;1;14.10.1969;0;1
CLAUDETTE;3;11.8.1940;0;3
MERKA;2;17.8.1948;0;2
LAMZIR;1;14.11.1962;0;1
OZANNECIP;1;12.11.1980;1;0
HIVDAN;4;5.10.1988;0;4
ALIMBEK;1;1.1.1;1;0
CEYIDE;4;21.7.1967;0;4
RAZVETE;1;4.7.1984;0;1
CASSANDRA;1;27.7.1956;0;1
KOSTAK;2;6.12.1957;2;0
BIRIGITTE;3;16.7.1956;0;3
AKKOR;2;30.12.1954;2;0
OZES;1;16.5.1936;0;1
STANLEY;1;17.2.1945;1;0
RAGI;1;15.8.1982;1;0
AYN;3;13.5.1962;0;3
ABDURREFI;1;2.8.1933;1;0
MERDUVEN;1;9.7.1942;0;1
HUMEHRE;1;3.5.1963;0;1
GENER;2;28.1.1987;2;0
IONUT;1;14.11.1980;1;0
SITEMSAH;1;22.7.1966;1;0
ALCIMEN;1;4.11.1969;1;0
CIHANSEN;1;3.3.1955;0;1
NEVZIN;8;18.9.1956;0;8
LUIGI;1;29.11.1964;1;0
FERUSEN;1;16.4.1952;0;1
NAYIMGUL;2;19.3.1962;0;2
MAHNUP;1;10.2.1935;0;1
KEYZAMAN;1;16.10.1946;0;1
AYIRAL;1;4.11.1945;0;1
MATURIYE;1;7.2.1976;0;1
SENDILLER;1;7.4.1940;0;1
KULOREN;2;5.5.1932;0;2
SANSSEL;1;22.2.1979;0;1
FETUL;1;1.6.1991;1;0
TASVIP;1;24.11.1961;0;1
GULRIS;2;9.5.1975;0;2
NURHALIK;1;27.11.1980;1;0
SENAMIKE;1;27.3.1966;0;1
CONSTANZE;1;27.12.1962;0;1
OLGUHAN;2;4.8.1981;2;0
IDEL;3;19.10.1975;1;2
NEBHI;1;22.2.1967;1;0
EDRET;2;5.6.1967;1;1
MUSKUR;1;3.11.1949;0;1
YADIRGAR;1;21.3.1972;0;1
FLUTURA;1;20.5.1967;0;1
MAGFURA;1;6.9.1956;0;1
ODIYE;1;17.8.1930;0;1
YURT.ISIGI;1;17.7.1937;1;0
RAGGAN;1;11.5.1971;0;1
SALUS;2;15.6.1932;1;1
NERTEN;2;16.12.1956;0;2
MAKDELINI;1;25.9.1937;0;1
MUZIHA;3;17.3.1950;0;3
FUGET;1;8.4.1949;0;1
ZAHIFE;1;11.7.1969;0;1
FERIDAT;2;6.6.1945;1;1
MUADER;2;6.7.1959;0;2
MURUS;2;14.3.1959;0;2
MEPSURE;3;26.3.1948;0;3
MELKINAS;1;10.7.1957;0;1
SIMINSU;1;25.6.1971;0;1
SIKADI;1;20.5.1970;0;1
GULNIUR;1;23.3.1979;0;1
NERGIZAT;1;22.8.1947;0;1
NEVMIN;3;23.6.1942;0;3
URDOGAN;2;26.1.1962;2;0
HERISNAZ;1;26.1.1956;0;1
TERAFET;1;17.8.1954;0;1
ANTJEBEATE;1;21.7.1943;0;1
NEYSEN;1;11.6.1960;0;1
SERIFFE;1;22.2.1930;0;1
GOSLAY;1;25.7.1939;1;0
KALEHAN;2;8.12.1962;2;0
SEZDIYE;1;22.2.1961;0;1
YEKUP;4;29.8.1967;4;0
DELICE;4;5.3.1949;2;2
TEMURAY;1;4.8.1989;0;1
SEVGIR;2;15.10.1950;0;2
HAYRUZEL;1;17.6.1935;0;1
ZENGUNIYE;1;7.4.1952;0;1
PAKTER;1;27.10.1940;0;1
MEHNURE;2;14.11.1955;0;2
SINAZE;2;26.6.1941;0;2
MURADE;5;13.5.1955;0;5
SOHBETULLAH;3;17.9.1975;3;0
FERDUMA;2;24.4.1951;0;2
ILMUNER;1;2.9.1962;0;1
HASANOZ;1;19.9.1961;1;0
OZFEN;4;21.10.1972;4;0
NEZAHIYE;1;22.8.1955;0;1
HUSNUGUZEL;1;21.7.1956;0;1
GULEVRIM;1;18.11.1977;0;1
ALPTAN;2;16.4.1974;2;0
MUTLUSERAP;1;12.7.1974;0;1
HIMDAL;1;8.5.1946;0;1
FANAR;1;2.8.1939;1;0
CEMESETTIN;2;27.2.1968;2;0
MEFKULE;2;23.12.1947;0;2
DUNYAZ;12;4.9.1967;0;12
NUZRAN;1;12.4.1954;0;1
MARITA;4;30.5.1966;0;4
GULUBASA;1;2.8.1957;0;1
BORTEGAY;1;10.11.1987;0;1
YURDUGOZEL;1;12.4.1971;0;1
HASAP;1;1.3.1942;1;0
DILFET;1;7.2.1970;0;1
AYSEMAHA;1;23.4.1947;0;1
MALLAH;1;30.11.1951;0;1
SERMINUR;4;12.8.1958;0;4
HEZIMET;3;22.6.1955;1;2
ATILLAY;3;28.9.1959;3;0
TUZELYA;1;25.6.1977;0;1
SAYITE;1;16.5.1951;0;1
HECRE;2;20.8.1968;0;2
NERFE;1;22.8.1919;0;1
BILANS;1;4.8.1963;1;0
TAZEGULCAN;1;22.2.1966;0;1
SANILE;3;6.2.1955;0;3
SOYDINCER;1;13.12.1984;1;0
HAYRUSEL;1;1.7.1964;0;1
EGIM;1;12.10.1989;0;1
KAMILTANER;1;20.1.1978;1;0
CAVGIN;1;7.10.1970;0;1
ATAKER;1;27.8.1966;1;0
SILAR;5;29.4.1971;4;1
GULLEVENT;2;8.8.1962;0;2
IKMILE;1;8.8.1981;0;1
CANUGUR;1;16.8.1971;1;0
FETNI;1;17.2.1966;1;0
SEBETA;2;7.7.1969;0;2
CENGEVAR;1;27.2.1956;1;0
DIRDARE;1;25.2.1954;0;1
HASANASLI;1;14.9.1953;1;0
FENAL;1;27.10.1979;1;0
CEMINAN;1;24.7.1980;1;0
ESADEN;1;16.5.1951;0;1
PIRMURAT;2;28.8.1943;2;0
SIYDI;1;17.9.1978;1;0
TALIC;1;7.4.1910;0;1
ERFUS;1;16.10.1958;1;0
GUMRAK;1;11.12.1987;0;1
SIRINSA;5;22.6.1950;0;5
BELFUDAR;1;11.4.1975;1;0
HIMSIMA;1;22.9.1931;0;1
CUMLEYE;1;12.7.1967;0;1
TASALI;6;28.6.1961;6;0
MEFAZE;7;13.1.1959;0;7
SEHNIVAR;2;26.5.1953;0;2
ETOFE;5;4.7.1957;0;5
YORUKHAN;2;17.3.1979;2;0
NUHAKIN;1;2.10.1963;1;0
SEHRUZIYE;1;17.9.1970;0;1
KURTEL;1;3.9.1978;1;0
HILMAFER;1;22.8.1955;1;0
NECCAT;1;7.2.1964;1;0
HAZIRIN;1;27.2.1974;0;1
ALIFAD;1;12.1.1978;1;0
RUHSENGUL;1;28.11.1970;0;1
SEZGICAN;1;13.9.1991;0;1
ILGINCAN;1;23.1.1991;1;0
MOKHAIL;1;3.4.1957;1;0
CIMRA;2;17.10.1985;0;2
SEFRES;2;3.8.1977;1;1
SATURNA;2;23.10.1974;0;2
KAREY;5;8.11.1942;0;5
EYLANI;1;27.2.1956;1;0
NEZLIFET;2;3.3.1960;0;2
ACUNAY;1;5.10.1954;0;1
MUSLEP;1;7.1.1952;0;1
NILIFAN;1;28.11.1959;0;1
LIRZAN;2;29.12.1979;0;2
YARDIMCI;1;11.5.1951;1;0
ZULKUR;1;3.4.1939;0;1
MERZUFIYE;1;22.1.1961;0;1
HASEYIN;4;25.2.1968;4;0
GULSAHHANIM;1;21.2.1971;0;1
MUZUYETTIN;1;8.8.1959;0;1
MELIKSAT;1;17.6.1966;1;0
GULCEYDA;2;24.3.1986;0;2
ALLAHSEVDI;1;1.12.1948;1;0
NECMUNISA;1;8.11.1932;0;1
YAKOTE;1;16.5.1945;0;1
TAYKU;1;4.10.1972;1;0
SAICAN;5;23.2.1970;0;5
GULCAYAN;1;23.7.1983;0;1
GULBISE;2;4.5.1958;0;2
ULISAN;1;12.3.1965;1;0
ZULASE;1;14.10.1966;0;1
KATILMIS;2;17.11.1932;2;0
ERMIRALI;1;27.3.1956;1;0
ZANURIYA;1;27.2.1949;0;1
NURDILSAH;1;27.11.1989;0;1
FILBILE;1;16.2.1963;0;1
MAYPEROZ;14;4.9.1971;0;14
ZARANCA;1;1.5.1953;0;1
ITILAL;1;12.3.1977;1;0
ISRAFIN;2;28.4.1958;2;0
UGURMURAT;1;6.2.1983;1;0
USBINE;1;25.3.1961;0;1
ROKUJE;1;2.3.1957;0;1
MASILE;2;4.12.1945;0;2
SABIREYLA;1;8.6.1976;0;1
MAHAB;3;14.6.1961;3;0
HUKMURRAH;1;17.5.1948;0;1
CAGGUN;1;27.9.1986;1;0
ECIDE;1;20.10.1979;0;1
TEBARDAR;1;26.2.1970;1;0
BAHTIYARA;2;15.1.1960;1;1
MERIMEN;7;29.2.1958;0;7
MUZRAIL;1;21.7.1977;1;0
HARDUN;1;22.2.1967;1;0
ESHERI;1;9.6.1964;1;0
DUNYAHAN;2;27.6.1938;0;2
MEVLUTBEY;1;11.9.1980;1;0
ALICAHIT;1;5.6.1935;1;0
ATESCAN;1;25.12.1991;1;0
YAGUZE;1;21.1.1971;1;0
MUHAMEDI;2;25.12.1954;2;0
NEBAGAT;2;12.6.1955;0;2
ULTEN;11;11.2.1957;0;11
MEYTAT;1;11.8.1964;1;0
GUNSUN;8;6.3.1964;0;8
CEVRIA;1;13.10.1979;0;1
GULHAKIM;2;15.2.1969;1;1
ITALIA;1;9.6.1952;0;1
EKIF;1;11.1.1969;1;0
REMGUL;2;8.4.1957;0;2
OLEKSANDR;1;8.6.1972;1;0
LUFERI;1;4.3.1970;0;1
SIFATIYE;1;15.8.1964;0;1
HAKIMETUL;1;12.4.1957;0;1
ALICIHANER;1;17.6.1965;1;0
TAMMER;1;6.3.1961;1;0
EZAHATTIN;1;21.3.1951;1;0
INCIFIR;2;20.5.1964;0;2
SADIRYE;11;21.8.1973;0;11
CEBBAL;1;26.1.1949;1;0
MUKERIM;4;28.10.1961;1;3
AFSAN;3;16.6.1949;0;3
MUSLUCAN;2;26.1.1968;0;2
BAHTIAVER;1;6.3.1953;0;1
CANYOLDAS;1;6.10.1980;1;0
DURSEF;7;2.6.1958;0;7
NUCEL;2;27.6.1955;0;2
YASASEN;1;26.6.1961;1;0
EMMAME;1;11.5.1957;0;1
GULLUDAR;1;20.8.1986;0;1
URSELE;1;16.6.1945;0;1
YASABI;1;2.2.1951;1;0
DULFIDE;1;27.8.1944;0;1
HORUCE;1;3.4.1966;0;1
ZENTIYE;5;14.5.1938;0;5
HADJI;1;27.10.1953;1;0
FERMELI;2;12.11.1949;2;0
IMULKESUM;1;6.10.1977;0;1
GULYASIM;1;22.8.1925;0;1
NEHILGUN;1;22.4.1959;0;1
ZURAT;2;20.9.1949;2;0
CAHNIZAR;1;4.1.1954;0;1
MEHRIZ;8;20.9.1946;8;0
PARTHENA;1;13.7.1955;0;1
SERTEKIN;2;16.12.1985;2;0
LAMIAT;2;23.12.1957;0;2
SEYHATA;2;17.2.1966;0;2
HANBIZAR;1;27.8.1926;0;1
DALYEN;2;14.8.1978;2;0
MUVEYRE;2;27.2.1986;0;2
GILI;2;12.2.979;0;2
YURTASAN;1;17.2.1972;1;0
MALGERIT;1;6.8.1974;0;1
NASRIHAN;1;24.2.1938;0;1
DINNAZ;2;24.3.1964;0;2
MENZILLAH;1;2.4.1975;0;1
RUHSATIYE;1;20.5.1951;0;1
KEKBIRA;1;25.6.1973;1;0
HAFIZI;1;7.8.1922;0;1
CANSEMIN;1;4.8.1954;0;1
NUAYMAN;1;16.6.1986;1;0
ZOZA;5;30.5.1977;0;5
PENZAR;1;17.8.1930;0;1
SEREGULLU;1;2.2.1945;0;1
HUZURGUL;1;17.2.1984;0;1
NIHETTIN;1;6.7.1977;1;0
BEGIME;1;17.8.1960;0;1
SEBAYETIN;2;17.5.1967;2;0
FERDUZE;1;16.1.1942;0;1
SAZIVERT;1;28.2.1960;1;0
MEMSURE;4;18.5.1959;0;4
LEVAHAT;1;12.8.1941;0;1
RUSELET;3;6.2.1967;0;3
ZENTA;5;19.5.1945;0;5
ADIYA;1;17.8.1954;1;0
MUKELLEFA;1;17.8.1936;0;1
MEMDUNA;1;5.1.1947;0;1
VEJIYE;1;12.8.1953;0;1
ZUBE;3;7.1.1960;0;3
NULER;1;16.6.1934;0;1
MAYTEBER;1;22.2.1955;0;1
SAFINAR;7;21.5.1955;0;7
ERDAHIL;1;21.6.1963;1;0
SAYHE;1;27.2.1944;0;1
LENCA;1;29.7.1972;0;1
DEGERCAN;1;2.3.1992;1;0
ALIYAGAN;1;6.2.1968;1;0
HEDIYEM;1;25.6.1991;0;1
ZOROGLU;4;20.10.1975;4;0
NISAVET;1;14.6.1953;0;1
INFAGAT;1;21.12.1959;0;1
EJDAHAN;1;22.8.1943;1;0
HEYREDDIN;5;27.2.1960;5;0
FERYATIYE;1;1.5.1979;0;1
MAPKULE;4;6.11.1960;0;4
DILSEL;1;5.5.1974;0;1
FEFO;1;2.4.1945;0;1
VENDIGUL;1;8.12.1970;0;1
GULHENDEN;2;28.6.1954;0;2
MUTEVFIK;1;11.2.1960;1;0
MEYDANAL;4;26.8.1954;4;0
BIRSEVEN;1;3.11.1988;0;1
MAZRUHA;1;9.11.1964;0;1
TAMERK;1;7.9.1972;1;0
RUHTIYE;1;2.4.1945;0;1
BIRBAY;1;17.3.1987;1;0
SONAZER;1;21.9.1970;0;1
RACAYIL;1;6.3.1955;1;0
VELHIYE;1;12.7.1975;0;1
ELNAR;3;15.10.1976;0;3
HACAY;1;12.8.1959;1;0
MEHMETCAGDAS;1;8.4.1991;1;0
MOEZ;1;25.7.1975;1;0
ZERDISE;1;11.3.1964;0;1
RUDDA;1;26.11.1965;0;1
AFSE;3;25.2.1947;0;3
BIRIKAN;1;29.10.1975;1;0
OZANLOKMAN;1;1.10.1991;1;0
SAFATIYE;1;1.9.1986;0;1
ENZET;1;23.2.1973;0;1
BAYSET;2;28.10.1963;2;0
MUSEYRA;1;22.4.1990;0;1
ERGULCAN;2;23.4.1990;1;1
NICLAY;1;17.1.1972;0;1
ERTENIL;1;27.8.1968;0;1
KORAND;1;25.12.1975;1;0
MUNESSERE;2;12.7.1965;0;2
TANCOSKUN;1;11.5.1976;1;0
VEZAT;4;3.3.1963;3;1
SEHVEZAT;2;2.10.1967;0;2
ZEYZA;1;9.3.1970;0;1
PIRLENT;1;7.7.1964;0;1
VARDIYE;2;20.11.1969;0;2
GUMANA;1;27.2.1949;0;1
VUKAAT;1;8.1.1955;0;1
SUKVEN;1;22.2.1961;0;1
ELISAR;3;6.12.1980;0;3
DERVISBEY;2;20.8.1987;2;0
HUSNIGAR;1;9.4.1975;0;1
TAMETTIN;1;25.7.1943;1;0
ULDAN;4;19.9.1962;0;4
NAKIH;1;6.12.1951;1;0
SAMUS;1;16.10.1941;0;1
HAZIRALI;2;9.3.1981;2;0
ALTUNDOGAN;1;22.7.1953;1;0
TEBEMUK;1;4.4.1969;0;1
IRSAH;2;8.12.1987;1;1
SEHEDDIS;4;10.2.1964;4;0
SOKULLU;2;23.9.1975;2;0
ACELLA;1;14.1.1983;0;1
YUCELMAN;1;3.10.1952;1;0
TURKSUN;1;3.3.1941;1;0
ERAYCAN;4;20.8.1990;4;0
M.MAZHAR;4;24.7.1952;4;0
SUBHIZADE;2;30.12.1954;2;0
MEHZIYE;1;5.5.1984;0;1
FERAGUL;1;22.3.1955;0;1
BURUZ;1;26.4.1954;0;1
CAGKIN;1;12.4.1992;1;0
NARHANE;1;21.5.1956;0;1
NURTANIYE;3;20.8.1959;0;3
ELBISE;1;22.4.1973;0;1
ILKENUR;11;2.7.1972;0;11
VENDIHE;2;25.9.1959;0;2
YURDAHAYAT;1;20.7.1961;0;1
KEFARETTIN;6;21.4.1962;6;0
TURKIRAN;1;1.1.1;0;1
GUNKADER;1;16.4.1961;1;0
EMINOS;2;19.5.1950;0;2
ZENTO;1;7.8.1940;0;1
MAYKA;1;27.2.1956;0;1
RAHMIZE;1;7.8.1934;0;1
MAZLAM;1;12.2.1930;1;0
HIKMETKAR;1;12.8.1941;0;1
AFGA;1;7.8.1958;0;1
ESVIFA;1;7.8.1928;0;1
BOYIBEY;1;26.5.1964;1;0
ZAVKET;1;27.9.1964;1;0
SUTLIYE;4;13.6.1957;0;4
ALDIRAN;1;27.4.1966;1;0
PASIM;1;17.1.1966;1;0
SEDATUL;1;1.8.1983;0;1
HEZIRE;1;27.8.1926;0;1
ZULLIHA;4;19.4.1959;0;4
DADO;2;30.7.1955;1;1
GULERSAN;1;6.2.1938;0;1
SEMEDAN;2;17.9.1958;0;2
YAGIZKAN;1;7.12.1990;1;0
IVRIDE;3;13.4.1965;0;3
ORSEY;1;15.12.1964;1;0
ZULAT;2;5.5.1971;2;0
MINTIA;1;17.12.1956;0;1
ABSEN;1;15.5.1959;1;0
MUNTA;3;22.11.1950;0;3
MUZECCEL;1;24.10.1947;0;1
KIRCAY;1;29.7.1986;1;0
YURDAVER;1;12.12.1947;1;0
APTULSELIM;1;12.3.1959;1;0
TUDI;3;30.2.1948;1;2
NANVAL;1;1.9.1947;0;1
OZTURAN;3;5.10.1969;3;0
SALISERDI;1;9.9.1937;0;1
BERRUHA;2;23.11.1965;0;2
NEVRIYEGUL;1;10.11.1966;0;1
NECIZE;4;30.7.1964;0;4
ZULLET;1;16.5.1945;0;1
GULABIDIN;2;21.7.1965;2;0
SIFARIYE;1;17.8.1968;0;1
AYUNSEL;1;18.4.1941;0;1
MEDETOZKAN;1;27.1.1964;1;0
BENET;5;19.12.1963;0;5
MURASE;3;25.10.1956;0;3
NEZIKET;4;19.11.1953;0;4
ORUSEN;1;22.8.1925;0;1
REYGUL;3;25.5.1971;1;2
TIFFANY;1;9.11.1986;0;1
NAYAN;4;17.10.1957;1;3
SULAYETTIN;1;28.7.1966;1;0
SARAYLI;2;12.2.1944;0;2
SERVERGUL;1;17.3.1936;0;1
RUTVIYE;1;1.9.1944;0;1
ZUMRUDAL;6;26.4.1957;0;6
KILIMAN;1;25.2.1962;0;1
DURCIVAN;3;7.1.1952;0;3
MUNFERI;2;11.6.1951;0;2
NURHALIDE;1;11.2.1963;0;1
NURVENT;2;8.12.1960;0;2
HECAB;1;9.6.1949;0;1
MESTUNAZ;1;4.5.1951;0;1
ASABETTIN;1;1.2.1941;1;0
AYSEH;2;4.10.1959;0;2
MUBETED;1;8.2.1964;0;1
HELIMEHANIM;1;15.1.1971;0;1
EMDIYE;2;24.9.1968;0;2
ILHANSEN;1;17.3.1942;1;0
UCSAYIL;1;16.10.1942;1;0
TUNZALA;4;18.7.1963;0;4
TAHRIR;2;10.4.1962;1;1
HULESER;1;3.1.1966;0;1
ZUMRUKER;1;18.10.1947;1;0
FUSAT;1;22.7.1973;1;0
VISEL;1;24.2.1948;0;1
ILICAY;1;11.11.1963;1;0
MEJLA;1;2.1.1957;0;1
MESKULI;1;21.2.1970;0;1
KUMSUYUN;1;6.4.1974;1;0
MUSANABI;1;27.7.1926;1;0
ANAYLA;1;4.12.1942;1;0
NEVGIJE;1;12.11.1933;0;1
TEODOS;1;4.10.1934;1;0
ENIYE;1;18.11.1958;0;1
M.ERCAN;6;11.10.1969;6;0
ABPAS;1;19.2.1954;1;0
MEYLAT;1;7.8.1958;0;1
MUDYE;1;7.3.1972;0;1
MAHIPEROZ;5;18.2.1957;0;5
NEGIL;2;24.5.1957;0;2
FERISKE;1;17.8.1954;0;1
ONDERAY;1;26.3.1969;1;0
EVRENUS;1;6.2.1944;1;0
MEFTAP;1;16.3.1982;0;1
RUHIBENT;1;22.8.1955;0;1
ERINERI;1;28.4.1946;1;0
SEMYAL;1;24.7.1973;0;1
ROBINSON;1;16.9.1987;1;0
UYKU;1;2.3.1951;0;1
SAPBAHAR;1;17.2.1954;0;1
TUSIN;2;26.12.1975;1;1
SERPINC;1;16.3.1945;0;1
RAVAZIYE;3;18.11.1966;0;3
BULAK;1;21.7.1988;1;0
MAHINOR;7;14.4.1949;0;7
FLORENT;1;13.12.1987;1;0
CAKATAY;3;25.4.1951;3;0
NADIKAN;4;15.1.1984;0;4
CENEFER;2;14.4.1943;0;2
BESRAH;3;1.4.1973;0;3
MINNUS;3;3.7.1929;0;3
ADIBEN;2;19.11.1970;2;0
ZEYNELDDIN;1;7.2.1976;1;0
SUHEYTA;1;9.11.1962;0;1
NAVIK;1;14.3.1938;0;1
SEVGUNES;1;19.3.1966;0;1
VANDER;1;17.8.1948;0;1
ISIKSOY;1;19.5.1961;1;0
BERDIYE;3;15.5.1956;0;3
MUNHEN;2;20.1.1961;0;2
ASIMGUNDUZ;1;28.4.1951;1;0
EDIGE;1;18.11.1954;1;0
ZELDE;1;9.8.1934;0;1
DURRISER;1;5.4.1939;0;1
FULA;1;16.2.1992;1;0
HENDRINA;1;16.11.1951;0;1
UZAYI;1;12.2.1971;1;0
BILTUG;1;22.5.1991;1;0
GURMEZ;1;9.6.1985;0;1
BIRSELE;2;3.2.1974;0;2
ELIMA;3;12.9.1963;1;2
CIGENDEM;1;8.3.1964;0;1
DIZO;1;7.8.1934;0;1
ILHANC;1;17.2.1978;1;0
ZURFA;11;10.7.1954;0;11
MIRHANDA;1;10.11.1977;0;1
DAGDEVIREN;1;3.5.1957;1;0
RUSIYEN;1;7.2.1958;0;1
NURGUZAL;1;2.5.1975;0;1
SEYKAM;1;16.5.1983;1;0
NEBADE;1;29.12.1930;0;1
MULTEN;5;25.10.1960;0;5
REBIG;3;20.7.1975;3;0
ILKSEREN;1;19.5.1963;0;1
DILMAIR;1;24.5.1937;0;1
YURTAC;1;7.4.1962;1;0
MULKEYE;1;24.12.1973;0;1
HUVEYSI;1;14.12.1984;1;0
MEHIGUL;1;5.11.1958;0;1
ALASIM;2;24.4.1959;2;0
ZULFUGANI;1;24.1.1967;1;0
RISTEM;1;7.7.1970;1;0
HEZZIK;1;1.6.1949;0;1
MEZGI;1;1.2.1992;0;1
ALIVELI;2;26.3.1940;2;0
CARO;4;22.4.1940;4;0
FAGRI;2;3.4.1969;2;0
MENCIDE;2;9.11.1960;0;2
MULKIME;4;28.9.1965;0;4
MUKSINIYE;1;6.1.1970;0;1
TUREYBE;2;27.8.1970;0;2
GULYAZIM;1;2.11.1982;1;0
NURADI;1;26.5.1972;0;1
ZEHRATULLAH;4;30.6.1961;0;4
SUHANDAL;1;27.3.1974;0;1
HESNO;1;21.4.1975;0;1
ISFENDIL;1;11.2.1958;1;0
TAVFU;1;17.2.1942;1;0
BINNI;1;22.12.1967;0;1
CAFEKAR;1;20.8.1976;1;0
HUBUBET;1;21.3.1980;0;1
NUZURET;1;17.1.1959;0;1
CANALPER;1;2.6.1978;1;0
KEEZBAN;1;23.2.1974;0;1
GULHIMAN;4;23.11.1953;0;4
SUATAY;1;26.9.1970;0;1
FILVAN;3;24.6.1954;0;3
VERAHIYE;2;25.1.1959;0;2
BEYHANIM;1;11.9.1931;0;1
HATUNIYE;4;29.7.1969;0;4
SEVRIYYE;1;27.2.1962;0;1
KANSIN;1;28.12.1985;1;0
GIDBIYE;1;2.5.1965;0;1
NERHIDA;1;14.6.1962;0;1
LIBEN;2;25.4.1981;0;2
HECEM;1;21.9.1990;0;1
BEYYINE;1;17.10.1991;0;1
DURMA;1;9.9.1952;0;1
DURUSEHVER;2;30.1.1944;0;2
BEFTIYE;1;24.10.1944;0;1
SIASEL;1;19.9.1965;0;1
SAHIKANUR;1;25.7.1990;0;1
MUHAMMEDTALHA;2;16.7.1989;2;0
ULEYYA;2;4.11.1963;0;2
GITI;1;12.10.1979;0;1
DURUER;2;19.12.1966;2;0
VELIYUTDIN;1;27.7.1948;1;0
SOKOL;2;2.7.1960;2;0
NEDCER;1;12.5.1977;1;0
SAVKAN;1;22.11.1983;0;1
SEMSAVER;2;15.3.1939;0;2
YURTDAGUL;4;29.11.1961;0;4
GURVET;1;16.6.1958;0;1
TILEKHAN;1;17.6.1979;0;1
NEVNEHAL;1;4.10.1973;0;1
BERNAV;1;3.3.1981;0;1
YENIHAYAT;2;18.12.1951;1;1
SAVI;12;17.12.1961;12;0
VECTI;1;10.9.1958;1;0
HECENUR;1;11.8.1978;0;1
ZEYDILLAH;1;28.5.1974;1;0
CUMZERE;1;22.8.1955;0;1
MUZAYET;3;16.7.1966;0;3
GAMZELI;2;26.5.1979;0;2
ABUSAF;1;23.10.1970;1;0
FERNAR;2;29.9.1969;2;0
BERHURDAR;1;2.8.1951;1;0
URIME;1;19.9.1935;0;1
PEMLAN;1;20.10.1983;0;1
YURATE;1;3.6.1976;0;1
FEHEMEDDIN;1;2.10.1957;1;0
EKLER;1;23.5.1949;1;0
OLKO;1;22.9.1939;0;1
RESHUDIYE;1;3.9.1945;0;1
SEMADA;1;11.3.1987;0;1
NEBALET;6;7.1.1948;0;6
PAYSEN;1;16.4.1951;0;1
GULGIHAN;1;16.6.1953;0;1
UMITEMRE;1;8.1.1982;1;0
TOPLUM;1;16.12.1969;0;1
SELAMU;4;25.9.1968;4;0
M.NECDET;1;21.6.1931;1;0
MUBREM;3;8.1.1969;0;3
NURCANSIN;1;21.3.1983;0;1
MAHPUKER;1;29.2.1958;0;1
NURSAYDE;4;15.9.1982;0;4
REBAPSAH;2;7.12.1948;0;2
YILIN;1;1.2.1991;1;0
MINASIM;4;30.8.1974;0;4
GUREVSAN;1;11.2.1972;0;1
SAHSUNE;1;3.5.1939;0;1
GULOY;2;4.1.1985;1;1
UNIBE;1;20.8.1964;0;1
BURHANIT;1;12.8.1941;1;0
BADUN;8;28.7.1943;0;8
GANSIYE;1;21.10.1969;0;1
MUHUMET;7;3.9.1962;1;6
BERJI;1;22.8.1967;0;1
YOULKU;1;2.10.1981;0;1
HABBILI;3;6.8.1962;0;3
HAPE;1;29.1.1992;0;1
NAZZO;1;4.2.1953;0;1
APTILYAZIM;1;18.5.1978;1;0
SUYZAN;1;3.11.1978;0;1
GULHEV;1;22.2.1961;0;1
FISAL;1;21.2.1974;1;0
SUIAB;1;5.1.1992;1;0
HATUSE;3;7.1.1964;0;3
NIGMETTIN;2;30.4.1950;2;0
ENISSE;1;3.10.1964;0;1
MOUSTAFA;1;9.2.1936;1;0
FIKAMI;1;6.3.1956;1;0
SEVITIN;1;10.12.1966;1;0
SEIM;2;3.4.1959;2;0
FAYTIN;4;18.6.1970;4;0
IZMIHA;1;2.2.1965;0;1
SEMSIDIN;3;19.11.1953;3;0
BALIKA;3;24.12.1961;0;3
SOUNAY;1;25.9.1983;1;0
MAHAMED;1;12.8.1973;1;0
SALIMEHMED;3;6.7.1954;3;0
GULLUH;1;14.7.1979;0;1
SABIRSUN;1;28.4.1971;1;0
EBLACIN;1;3.12.1931;1;0
BASIRIYE;4;14.11.1974;0;4
BEYISE;2;28.11.1954;0;2
LABE;2;8.2.1955;0;2
CEMHURIYE;1;2.7.1954;0;1
ALEYTIN;4;10.2.1968;4;0
MIREVET;3;10.11.1963;0;3
EMATULLA;3;8.4.1951;0;3
YANUZ;1;24.6.1981;1;0
GULEKTER;1;28.12.1988;0;1
GUNCAR;2;3.3.1976;0;2
NEJDIE;1;5.6.1962;0;1
SEVJIN;1;6.8.1988;0;1
LEYLAHALIDE;1;7.9.1982;0;1
MEDJIT;1;13.7.1985;1;0
SEDILAY;2;14.4.1958;0;2
SEVINAR;6;18.12.1967;0;6
FIRVAT;1;16.11.1955;0;1
YUZEYME;2;8.4.1949;0;2
APTIGAFIR;1;14.4.1959;1;0
MINTARE;2;30.6.1964;0;2
SULEYJIN;1;25.3.1984;0;1
EMINKADIN;8;29.3.1961;0;8
ILKNURISIL;1;4.4.1979;0;1
RUHBANIYE;1;9.7.1964;0;1
ELBASAN;1;22.8.1931;0;1
SUHABETTIN;1;12.8.1935;1;0
GULADAL;2;11.10.1973;0;2
UZRIFET;1;29.6.1968;0;1
VEZRIFE;1;8.4.1965;0;1
NEJVET;2;25.7.1974;2;0
SEESTE;1;22.4.1949;0;1
MATIRE;1;15.2.1959;0;1
SADETULLAH;1;27.2.1980;1;0
GAYFETULLAH;1;1.11.1967;1;0
ELMAZIZE;1;1.1.1;0;1
H.NECATI;1;7.8.1946;1;0
YUNCER;1;8.4.1967;0;1
GARDANA;1;16.11.1950;0;1
NUTFETTIN;4;23.10.1964;4;0
MEDAHIM;2;25.4.1953;2;0
ZULEYYE;2;22.11.1949;0;2
PHEDRA;1;28.2.1989;0;1
MUJDEVET;1;7.2.1976;1;0
JUBIDE;3;28.4.1956;0;3
RUVERDA;1;11.4.1975;0;1
FURHUN;1;6.9.1942;0;1
SONKEN;1;4.9.1938;0;1
OZDENIL;1;18.2.1987;0;1
ZUKA;6;30.1.1968;0;6
NARDINC;1;20.9.1945;0;1
IZNIL;1;28.8.1968;0;1
SERACETDIN;1;4.2.1953;1;0
RONNY;1;5.9.1956;1;0
YARBIL;3;13.5.1968;3;0
DIANAMASIA;1;6.8.1968;0;1
VIDOSAVA;1;18.10.1948;0;1
PANPRACHA;1;19.11.1960;1;0
JURAN;1;27.10.1968;0;1
BENIGOR;1;29.5.1941;0;1
VEBILHAN;1;12.2.1965;0;1
HUKKAM;1;26.3.1961;1;0
BEHSIDE;1;12.8.1953;0;1
FEEDA;1;17.8.1942;0;1
GURRAH;1;17.8.1930;0;1
PETRIT;1;11.8.1966;1;0
EZAL;2;2.5.1976;1;1
RAHMILE;2;23.8.1980;0;2
ODER;1;13.3.1968;1;0
KKOK;1;3.3.1976;0;1
NURULBEYAN;1;29.3.1944;0;1
INKISAF;4;26.6.1957;4;0
SAHIMERDEN;1;6.7.1961;1;0
MEBINE;1;7.5.1965;0;1
GERCEKAY;1;19.8.1971;0;1
FELEKSU;1;3.3.1945;0;1
HAZALSU;1;5.10.1991;0;1
NESEMSIN;3;9.11.1975;0;3
CORRADO;1;8.7.1959;1;0
SUSLUHAN;5;30.12.1965;0;5
VECA;2;7.6.1952;0;2
FORU;36;19.9.1950;0;36
YEKBUR;2;10.4.1962;0;2
RACHA;2;15.8.1977;0;2
SEYHSINAN;2;28.2.1971;2;0
HISBAN;1;11.7.1962;1;0
BIDRAN;5;1.4.1962;5;0
DELCIN;1;27.3.1992;0;1
SAVISTAN;2;12.2.1965;0;2
KESIP;1;22.2.1991;1;0
HAMDIIYE;1;5.12.1979;0;1
ZISANNUR;1;22.12.1972;0;1
NUHED;1;19.11.1963;0;1
SOUDABEH;1;17.8.1954;0;1
GUMUSI;1;26.3.1922;0;1
REFIYG;1;16.2.1949;1;0
AZIHAN;2;11.9.1952;0;2
MEHRABEDDIN;1;26.6.1979;1;0
AKMEHMET;5;26.4.1961;5;0
MUBAHER;1;28.6.1969;0;1
CEVHERITTAN;1;5.10.1962;1;0
ZULKANDER;2;12.2.1947;2;0
ANTEC;1;22.5.1945;0;1
MESUNIYE;2;28.5.1962;0;2
YUCELCAN;4;28.6.1991;4;0
SERVITAN;1;21.9.1959;0;1
FATTIN;1;12.3.1944;1;0
MAKTULYE;1;17.8.1930;0;1
MENSUKA;1;11.4.1951;0;1
BEYYANE;1;15.3.1976;0;1
GARIZE;1;8.5.1956;0;1
HELIDE;1;7.2.1970;0;1
CHIRINI;1;1.8.1961;0;1
HARDA;1;5.11.1932;0;1
MUSEDDAT;2;27.2.1975;0;2
SELAFA;1;17.6.1984;0;1
GOKERCAN;2;17.8.1986;2;0
AKTOLUN;1;25.3.1936;0;1
ALDORU;1;3.3.1991;1;0
MIHRANNISA;1;1.1.1;0;1
RIYM;1;16.10.1990;0;1
MILCIHAN;4;22.5.1478;0;4
CULUDE;5;25.4.1967;0;5
YONES;1;13.2.1982;1;0
NURIKBAL;1;6.5.1965;0;1
GULUMSERIN;1;3.12.1953;0;1
SEHRIBANIYE;3;12.3.1956;0;3
M.SECKIN;1;2.3.1975;1;0
BALISYE;1;12.3.1941;0;1
MIHNEDAR;1;27.8.1920;0;1
TANSUHAN;2;22.8.1991;2;0
GULSIMTEN;2;3.7.1956;0;2
FEZIS;1;24.1.1943;0;1
FUYAL;1;29.2.1992;0;1
SADBERE;1;16.11.1940;0;1
CULAL;1;21.9.1944;0;1
HIFDA;3;29.3.1984;0;3
SERVENGUL;1;27.2.1950;0;1
ESMIKHANIM;1;8.8.1950;0;1
REVDETIL;1;8.1.1976;0;1
GULTANIYE;3;13.12.1963;0;3
HEVEDI;2;28.7.1943;2;0
ALIMDER;2;25.7.1974;2;0
HENEDI;1;26.2.1978;0;1
SUMMEYAN;1;6.11.1980;0;1
NAZIDER;1;26.9.1976;0;1
RUVAYZA;1;21.8.1972;0;1
HAZNIYI;1;17.2.1954;0;1
NURIKAR;3;2.9.1939;0;3
MUZAKIRE;1;15.2.1939;0;1
MERGEL;1;16.6.1964;0;1
SURETDIN;1;12.8.1947;1;0
RECAIR;4;29.6.1959;4;0
VIRUN;1;5.2.1969;0;1
NIVIN;1;6.2.1959;0;1
MUZCEHER;1;22.6.1967;0;1
BESALETTIN;1;22.6.1937;1;0
DILDARI;10;20.8.1960;0;10
RAKBET;1;14.9.1964;0;1
FILDIKAR;1;23.7.1968;0;1
ARSENAL;1;9.5.1976;0;1
NEHRAN;4;12.2.1963;0;4
SEYHZEYDAN;1;17.2.1954;1;0
ABDULSAVAS;1;17.2.1960;1;0
HURYAMI;1;13.8.1979;1;0
MERLINDA;1;29.6.1978;0;1
SUMEY;1;26.7.1985;0;1
FUNUZAR;1;29.6.1977;1;0
DEVRIMDE;2;30.4.1974;0;2
ALTAZIYE;1;11.4.1952;0;1
CUZIYET;1;6.11.1955;0;1
MUHAMMEDRAHAD;1;21.11.1971;1;0
MEVLITTIN;3;19.3.1949;3;0
PERNAM;1;16.4.1946;0;1
YURDUER;2;27.7.1961;2;0
ILSAY;2;12.7.1976;1;1
RAMETTIN;1;22.6.1967;1;0
ZULKABIYE;1;7.4.1932;0;1
MUCAHIM;1;4.5.1943;1;0
NEHRE;4;3.12.1963;0;4
MOFI;1;7.8.1922;0;1
KEFILE;1;2.8.1927;0;1
PULINAZ;1;23.5.1971;0;1
HESNAN;1;1.9.1930;0;1
SUVYET;5;3.8.1933;0;5
MUMINCAN;1;11.9.1990;1;0
AVNICAN;4;18.5.1990;4;0
NURZAMAN;2;5.4.1939;0;2
ANZHELAP;1;26.9.1971;0;1
MECDUT;1;5.7.1944;1;0
SEVDANIL;1;7.12.1970;0;1
MEHRIZE;2;1.10.1947;0;2
YEKTER;9;25.9.1957;4;5
YELSIM;1;2.2.1992;0;1
KORKMAZALP;1;14.1.1977;1;0
UGURBIL;1;2.1.1963;1;0
BEHBIYE;1;21.11.1935;0;1
BAYEN;2;28.7.1938;0;2
NIDIFIN;1;9.5.1936;0;1
MAHBUGER;1;18.6.1947;0;1
GUZFENT;1;24.2.1962;0;1
MUZKEN;3;4.1.1951;0;3
DIRJAN;1;28.1.1978;1;0
YILDIZGUL;1;15.5.1965;0;1
MUHPIYE;1;14.8.1955;0;1
SEZENHER;1;4.4.1941;1;0
LIGAN;1;24.5.1963;0;1
ZULFUDE;3;15.4.1971;0;3
GUNSIPER;1;13.6.1942;0;1
KUTMETIN;1;24.1.1969;1;0
ENTUR;1;12.8.1979;0;1
MEMETMUSTAFA;2;15.1.1953;2;0
SOMUEL;1;1.2.1970;1;0
BEHIDA;6;20.9.1967;0;6
VEYZA;3;24.5.1968;0;3
TOMBAL;1;27.6.1968;0;1
KALBIM;6;30.11.1970;4;2
FAINDER;1;25.1.1949;1;0
HAKKURAN;2;28.4.1968;2;0
NURHEM;1;1.6.1953;0;1
EZMIN;2;1.5.1965;2;0
LUBEZA;1;12.8.1941;0;1
GULAHEDDIN;1;21.8.1943;1;0
SUREHI;2;11.11.1949;0;2
SEREYLA;1;3.2.1968;0;1
ABDALSAMAD;1;20.10.1990;1;0
IRDEL;1;19.5.1939;0;1
ILAYLA;2;3.4.1990;0;2
CIHABIR;1;30.4.1953;1;0
MUNEZZAH;1;2.12.1951;0;1
BOZARSLAN;1;1.11.1955;1;0
AYADDIN;2;9.11.1973;2;0
MUSAHNUR;1;23.6.1986;0;1
ALTINBASAK;1;8.2.1938;0;1
MAYFEL;1;21.4.1938;0;1
E.FIGEN;1;13.6.1967;0;1
ABBAK;4;21.7.1950;3;1
SIDNET;1;12.5.1932;0;1
FATMASEN;4;3.3.1971;0;4
FERDUCAN;1;5.3.1966;1;0
OZREM;1;7.12.1974;0;1
MEKKAN;2;22.3.1979;0;2
FERIHATUZ;1;17.4.1918;0;1
ASUSINEM;1;29.11.1983;0;1
GULEYLEM;7;14.11.1979;0;7
ZORCAN;2;21.5.1987;2;0
GULUANA;1;19.5.1963;0;1
SEMSUMAH;4;29.9.1961;0;4
BEYLU;1;7.1.1982;0;1
GORGEL;1;2.4.1939;1;0
BILAL-I;1;2.3.1957;1;0
BILSAL;1;3.5.1951;0;1
ESGAR;1;3.12.1979;1;0
GUNMIHAN;1;26.5.1951;0;1
H-EROL;1;2.2.1951;1;0
ILBILGEHAN;1;29.10.1975;1;0
MUSUBEYE;1;26.11.1955;0;1
BEZMETTIN;1;13.4.1935;0;1
GUZEYN;1;27.1.1939;0;1
ROSENEK;1;3.6.1964;0;1
SERBUL;1;22.5.1961;1;0
BILGEY;2;21.11.1947;0;2
YUCEYLA;1;10.6.1957;0;1
ENCENUR;1;9.4.1938;0;1
KIRBAC;1;18.3.1971;1;0
SAARET;1;24.5.1948;0;1
NIZAHI;1;25.8.1950;0;1
CANSUNAR;5;5.5.1972;2;3
NEVALA;1;27.6.1924;0;1
YERCIMEN;1;1.5.1949;0;1
NILGOGEN;1;18.9.1968;0;1
HARALE;1;12.2.1965;0;1
SEBUKE;1;19.4.1960;0;1
BAYEZIYDU;1;23.10.1973;1;0
ZULELI;2;7.10.1954;2;0
ULKUGUL;8;21.6.1973;0;8
MAHYET;1;6.12.1977;0;1
TUHAL;5;10.8.1966;3;2
MUADDAR;1;3.12.1946;0;1
CELAYDIN;2;5.2.1957;2;0
SAZEDIN;2;20.11.1966;2;0
BISAL;5;14.7.1939;2;3
TEYER;1;10.3.1972;1;0
ALIRAGIP;1;16.2.1969;1;0
ITAF;1;2.8.1933;0;1
KHALSA;1;6.8.1964;0;1
MUBTALIP;4;23.12.1975;4;0
VEZNIGUL;6;26.6.1951;0;6
HORISEN;1;12.5.1954;0;1
TULANAY;2;16.3.1960;0;2
M.BEDRETTIN;3;22.5.1961;3;0
GOZAY;2;5.12.1988;0;2
SAHNOR;1;19.5.1958;0;1
ABDULRASUL;1;30.10.1986;1;0
SEHABETA;1;21.4.1958;0;1
CAYEZE;1;30.2.1962;0;1
NUHRULAY;1;10.7.1983;0;1
ENDAP;1;7.4.1982;0;1
NEHVER;1;21.2.1980;0;1
HEYBEDDIN;3;28.11.1975;3;0
AHIS;1;12.4.1965;1;0
MAKBULUYE;1;28.10.1970;0;1
GULSINAT;1;27.2.1956;0;1
KIMIYET;1;16.3.1967;0;1
FETANUR;2;5.12.1966;0;2
FILIZNAZ;1;17.2.1966;0;1
ALAV;2;27.3.1985;0;2
DIREKTOR;1;2.2.1945;1;0
NEJMAYA;1;7.1.1975;0;1
IZZADE;1;16.8.1960;0;1
MULKUCIHAN;4;23.5.1961;0;4
JOCHEN;1;2.10.1975;1;0
SERBENT;5;20.8.1976;1;4
HALK;1;16.10.1961;0;1
YURTEK;1;17.1.1966;1;0
ULKEER;1;12.10.1946;1;0
SERAZET;3;3.7.1967;0;3
NALAN.;1;21.11.1978;0;1
MIYESET;2;6.2.1954;0;2
CARIZE;1;26.9.1970;0;1
GULENVER;8;5.3.1963;1;7
GULHAK;5;12.11.1978;4;1
NURPEREN;1;12.2.1947;0;1
PELYAR;1;30.12.1947;1;0
MULGEN;4;8.9.1952;0;4
GULSUR;3;19.2.1968;0;3
M.HASIP;2;13.2.1947;2;0
TURKURER;4;8.11.1951;4;0
SUHHEYLA;2;27.4.1963;0;2
SEVIMER;1;7.11.1956;1;0
DUZEYDE;1;7.5.1959;0;1
MUBMIN;2;29.1.1951;2;0
PIREL;1;1.3.1955;0;1
BOZEY;5;10.1.1965;1;4
SERPUL;2;16.2.1969;0;2
NIHFIYE;1;18.4.1936;0;1
YAGMIREN;1;13.4.1944;0;1
NARGUZELI;4;6.5.1956;0;4
SUMUR;3;22.10.1961;2;1
SIBBEL;1;4.10.1977;0;1
UNEN;1;11.1.1945;1;0
DILILAN;1;8.10.1987;0;1
BUHURDAN;1;10.4.1960;0;1
PERRAH;1;27.8.1936;0;1
NURFEDAN;1;27.9.1938;0;1
TAVSIR;2;10.1.1962;0;2
ESMAGULIZ;1;27.2.1966;0;1
BOYER;1;3.3.1957;1;0
CAGILAY;1;2.3.1976;1;0
CAMOKAY;1;4.11.1978;1;0
MIRMET;1;25.9.1966;0;1
GUMRUZ;1;23.2.1937;1;0
YULIVA;1;23.1.1979;0;1
TURDAL;2;19.11.1966;2;0
TABURHAN;1;9.6.1975;0;1
IKLAME;5;19.4.1949;0;5
BIGCAN;1;24.4.1968;1;0
OZAKALIN;1;29.7.1977;1;0
MEFGURE;1;9.9.1956;0;1
LEBUTE;1;10.11.1970;0;1
SILVESTER;1;23.8.1980;1;0
GULENYUZ;1;1.7.1990;0;1
MUCCELLA;3;19.2.1962;0;3
SEMIZAT;2;2.10.1924;0;2
ZUMBULTER;4;15.2.1954;0;4
TUNATANSEL;1;20.7.1967;1;0
NURIYESEVGI;1;14.7.1985;0;1
DENIZGUR;1;6.8.1987;1;0
EYIDIN;1;22.11.1937;0;1
ELLIN;1;21.11.1974;0;1
ISNAS;1;23.4.1936;1;0
MUJDELER;1;30.4.1943;0;1
SAKIRHILMI;1;2.8.1945;1;0
BECIHI;1;17.7.1937;1;0
VUZGAN;1;27.11.1942;0;1
EZANUR;1;12.4.1974;1;0
UZVIYE;1;7.1.1946;0;1
MUSDECAP;1;18.4.1954;1;0
MILYEL;1;21.8.1983;0;1
NATIHA;1;9.2.1928;0;1
AYTURKAN;1;5.2.1931;0;1
AYSUZAN;1;15.5.1932;0;1
ELIZABETA;4;25.7.1969;0;4
ALPARTUN;1;9.11.1973;1;0
SAYRAM;1;18.12.1941;1;0
WILLIAM;1;24.1.1948;1;0
GULDANU;1;17.1.1942;0;1
ELKIRAN;1;13.10.1945;1;0
LIZAYLIN;1;9.9.1968;0;1
KRIZAN;1;3.3.1957;0;1
BILKEN;2;5.7.1961;0;2
SAHIKAN;2;2.8.1955;1;1
RUHNE;1;19.8.1936;0;1
ALPIDIL;1;23.5.1969;0;1
REVINE;4;22.9.1960;0;4
BILOZ;1;14.11.1938;0;1
SULEGULGUN;1;24.6.1969;0;1
ORDUKULU;1;18.9.1941;1;0
NAZIGA;1;26.2.1949;0;1
CESNIGUL;1;3.11.1971;0;1
FIDDOS;1;2.3.1933;0;1
AHE;1;26.12.1951;0;1
BILAVER;1;7.2.1970;1;0
KADIYA;1;22.8.1961;0;1
CUREVIYE;1;7.1.1958;0;1
BETIT;1;19.9.1981;0;1
ESRAFETTIN;1;17.3.1954;1;0
HUZEYA;1;23.4.1943;0;1
KEMAR;1;2.2.1971;0;1
NURSENAY;5;10.9.1978;0;5
BEYINTUR;1;6.4.1935;1;0
ABDULTAHIR;6;21.3.1959;6;0
HUREVREN;2;7.12.1976;2;0
KARSIYE;3;23.1.1961;0;3
ERIBET;2;19.2.1955;0;2
SEHADDUL;1;17.8.1948;1;0
AYLYA;1;25.5.1981;0;1
HUBASI;1;22.4.1931;0;1
ISMAILMURAT;1;18.8.1973;1;0
YUCELLA;3;16.10.1963;0;3
FERER;2;26.8.1970;0;2
HURAYRA;1;16.10.1982;0;1
MOBINE;1;7.8.1976;0;1
HURIKE;2;29.8.1939;0;2
YEDINE;8;26.2.1960;0;8
MUHTEZ;2;7.5.1953;1;1
OBIT;2;26.10.1959;1;1
ALIBAS;5;5.9.1959;5;0
ILMULLAH;1;19.4.1942;1;0
M.HABIP;2;29.5.1941;2;0
SACIN;1;8.10.1959;1;0
SUHPAN;2;16.1.1987;1;1
YURTSEVIM;2;19.5.1965;0;2
SERANNAZ;1;17.2.1947;0;1
SEYHISENANI;1;14.2.1950;1;0
AGULDEN;1;3.5.1980;0;1
ZATIEMIN;1;15.5.1977;1;0
NAZIKETEN;1;27.9.1968;0;1
SYLVINA;1;20.10.1960;0;1
GUPREN;1;6.9.1962;0;1
FEZNEGUL;2;15.11.1971;0;2
BELIMA;1;26.2.1958;0;1
NUBDIN;1;4.5.1956;1;0
HAYRIUNSA;1;6.3.1975;0;1
GULSAK;1;30.2.1984;0;1
NIHIRIMAN;1;26.7.1929;0;1
MONINAT;1;17.1.1966;0;1
DEDRET;1;27.10.1974;0;1
NARSIYE;1;6.3.1936;0;1
NAYIMET;2;21.12.1958;0;2
BAYSEV;1;21.2.1971;0;1
ZEY;1;27.8.1950;0;1
FIYATLI;9;30.9.1941;0;9
SEHLUFER;1;22.1.1949;0;1
SEDENNUR;2;20.3.1983;0;2
MEMLUNE;5;21.5.1954;0;5
ZUNEL;1;6.9.1978;0;1
SIHDEDE;6;2.1.1950;6;0
MUYEZZEM;1;17.2.1966;0;1
ORVIN;1;22.12.1979;0;1
FETAY;6;11.11.1968;4;2
ELMEST;1;27.2.1950;0;1
CENKFER;1;13.1.1982;1;0
UNCAY;3;1.5.1956;1;2
KAVYETTIN;2;4.9.1965;2;0
BIDAS;1;27.2.1938;0;1
TURCEUN;31;2.9.1954;0;31
NILBAN;5;7.7.1979;0;5
TURKSEREN;1;17.7.1953;0;1
BERZIGA;1;3.3.1964;0;1
M.OKTAY;4;20.9.1965;4;0
MILYE;4;16.3.1963;0;4
HIZEME;1;23.2.1955;0;1
OZGULSUN;1;30.5.1956;0;1
VAKIFLAR;1;29.4.1971;1;0
ALIER;5;14.12.1967;5;0
MUNUJE;1;7.4.1967;0;1
ZENEPE;1;30.10.1938;0;1
RAIMESKEN;1;1.3.1952;1;0
RAHISER;1;3.5.1943;0;1
OZTUL;1;21.10.1969;0;1
GURDALI;2;3.4.1948;0;2
GUMRE;1;20.1.1952;0;1
TERYAN;1;13.4.1957;0;1
ALIMENSUR;1;22.8.1973;1;0
YASUR;6;22.2.1975;6;0
ADLIMAN;1;1.1.1;0;1
ELFIDAR;4;2.12.1959;0;4
SALIHALP;1;14.11.1971;1;0
MAYINURA;1;16.3.1953;0;1
LAIZER;3;21.7.1963;0;3
MOHBALI;1;22.3.1961;1;0
FEHRENSA;1;2.2.1963;0;1
LEHADDIN;2;16.10.1953;2;0
GULPIRE;1;4.8.1960;0;1
SAINAR;3;15.11.1957;0;3
MOHEDDIN;1;2.3.1955;1;0
AKOS;1;17.2.1972;1;0
SINANCEDI;1;13.3.1965;1;0
ZIFINAZ;1;8.8.1981;0;1
SECGILE;1;1.2.1956;0;1
SERIFO;1;22.8.1937;1;0
YEMLIGA;2;11.4.1958;1;1
GULGEZER;7;14.2.1962;0;7
SERETTE;1;30.6.1974;0;1
CAGAPAY;1;27.7.1975;1;0
ULEYTIN;1;29.10.1965;1;0
HUZAYE;1;12.6.1959;0;1
MUSTAFAEDIP;1;19.11.1985;1;0
SERVAZ;1;5.12.1986;1;0
SERHIT;1;25.12.1984;0;1
SUZIM;1;7.8.1958;0;1
BEYAZITHAN;1;19.2.1964;1;0
ENERJI;6;18.11.1960;6;0
SEYITKAN;1;28.10.1977;1;0
AYTEGU;1;6.10.1953;0;1
FUADET;1;21.3.1958;0;1
FAYLET;1;29.9.1964;0;1
MAVISU;1;26.3.1988;0;1
HUMMIRA;1;20.11.1954;0;1
GUZEYEN;2;29.2.1968;0;2
ZEPKA;1;17.8.1948;0;1
DESTANOL;1;22.7.1943;1;0
KOYCAN;1;29.12.1981;0;1
BIRDINC;2;26.6.1976;2;0
YEKBU;7;27.9.1982;0;7
DILPERI;2;1.1.1976;0;2
HALICAT;1;28.2.1941;0;1
FATHULLA;1;7.2.1982;1;0
TACHAN;1;6.3.1945;1;0
FIRDEVIN;1;22.1.1969;0;1
INCIHAS;1;24.3.1986;0;1
COSKUL;1;18.2.1941;1;0
CETIZ;1;29.2.1940;1;0
HASANEI;1;27.10.1951;0;1
MENKABET;1;2.8.1927;0;1
FUSUNKAR;3;30.4.1946;0;3
BEHRAH;2;29.5.1956;0;2
FIRUZIDE;1;9.3.1965;0;1
TENSEN;5;8.4.1943;0;5
NECUVA;1;13.8.1953;0;1
SUHSULE;1;3.10.1958;0;1
GAZAHAN;1;1.6.1977;1;0
TUGCIG;1;28.5.1985;0;1
GURCEL;4;3.5.1964;1;3
KINCAY;1;6.5.1936;0;1
OZERGEN;2;25.1.1954;2;0
FAHRUSAN;2;7.6.1945;0;2
ORONOS;1;19.3.1937;0;1
ALYANAK;1;18.2.1976;1;0
GULPERE;2;9.8.1952;0;2
YUZUGUL;1;26.10.1952;0;1
ABDULLAHIM;1;17.8.1942;1;0
GULBAYI;1;11.5.1958;0;1
ALIFARIZ;1;15.11.1990;1;0
KEVAKI;1;4.6.1945;0;1
SEFMUR;1;6.11.1950;0;1
GULTAVAT;3;29.6.1950;0;3
HAVUSA;3;21.11.1948;0;3
HINEYNA;1;11.2.1973;0;1
BURHAMIN;2;24.12.1973;2;0
AHES;1;27.5.1968;0;1
AYSEKUBRA;1;18.3.1992;0;1
HAYRUNISE;4;25.6.1964;0;4
YUZLER;2;11.6.1970;0;2
MILLIHAN;1;2.2.1957;0;1
TEKREDIN;1;22.2.1973;1;0
TIMKEN;1;27.1.1980;0;1
EBRUKADER;1;24.9.1971;0;1
SIYAFI;1;14.2.1953;1;0
MEJIDE;1;23.2.1961;0;1
MAHFERIZ;9;28.2.1957;0;9
BINGOZ;2;3.5.1974;0;2
M.MITAT;1;14.7.1962;1;0
MERIHBER;1;20.3.1934;0;1
BERTERIN;1;19.5.1942;0;1
SONAYGUN;1;29.1.1977;0;1
NEKIM;1;27.9.1961;1;0
SULEYKA;1;30.4.1975;0;1
MUCATI;1;12.7.1965;1;0
YERKE;1;8.1.1982;0;1
ELAVETTIN;1;3.3.1951;1;0
MAABER;1;29.6.1978;0;1
AYTENI;4;3.3.1953;0;4
ONCIL;1;3.7.1985;0;1
CIMENI;1;15.11.1950;0;1
CAYNUR;1;26.2.1971;0;1
MUSTAP;1;16.6.1952;1;0
ORDUNUR;1;24.5.1957;1;0
TANJUN;1;1.6.1947;0;1
NILULFER;1;21.1.1963;0;1
NIRETTIN;1;22.8.1949;1;0
IBULENT;1;8.5.1967;1;0
PARHAN;1;15.6.1974;1;0
REMINUR;1;2.6.1963;0;1
O.NURI;3;1.1.1937;3;0
YURUKAN;1;5.4.1983;1;0
ROMEYSA;1;16.6.1989;0;1
MONOLYA;3;30.10.1982;0;3
BESREVI;2;16.3.1969;1;1
REVANI;3;24.9.1965;2;1
ZURKANI;2;11.2.1951;2;0
GULBATUN;5;26.11.1937;0;5
MIBAR;1;1.1.1;0;1
ZULBUT;1;22.5.1955;0;1
TARHIN;1;21.12.1981;1;0
BEKIYA;2;25.4.1957;0;2
MAVERDI;5;20.12.1966;3;2
ACAY;1;19.7.1977;1;0
SENAYIR;4;9.3.1973;2;2
MIRAET;1;9.4.1967;0;1
SAZENEN;1;26.8.1966;0;1
FIRARAHA;1;6.9.1971;1;0
VECAHITTIN;1;10.4.1928;1;0
VERCAT;1;12.8.1953;1;0
ALIEFRAIM;1;4.12.1973;1;0
DALCHA;1;22.12.1984;0;1
SENIRA;1;19.4.1963;0;1
GOPEN;1;18.2.1940;0;1
FERRUHE;2;2.9.1967;0;2
KUSLAR;4;22.1.1953;0;4
GULPERA;1;16.6.1969;0;1
ARAPBEGI;1;28.4.1950;1;0
CELIBE;3;21.10.1953;0;3
INBAT;1;17.1.1930;0;1
FAYENDE;1;11.11.1982;0;1
NEMRUNE;2;7.7.1955;0;2
ARETI;3;30.9.1956;0;3
MUHUPBET;4;28.6.1954;0;4
GOLAVATIN;1;29.4.1945;0;1
NURDESTE;1;16.4.1951;0;1
SARIYAN;3;19.8.1966;0;3
GORCEN;1;6.4.1984;0;1
SEREFER;1;12.10.1965;1;0
SHAHZADA;1;2.11.1952;0;1
RAIBET;2;27.2.1956;0;2
GULSEMSE;1;30.8.1987;0;1
NIGAT;1;17.5.1966;0;1
HILLAN;3;18.12.1963;1;2
NESRUN;5;7.10.1971;0;5
HALKIYE;1;18.5.1972;0;1
TALIHSIZ;1;7.2.1952;0;1
LIVAYER;1;6.12.1943;0;1
TISHA;1;22.7.1976;0;1
TURKETAP;1;28.4.1970;1;0
SAHREZAT;2;16.3.1981;0;2
CHRISTENE;1;23.3.1987;0;1
GULSUMGURHAN;1;6.2.1956;0;1
SOKER;2;27.9.1946;2;0
DAKMAN;1;22.7.1979;1;0
MINARZUNUR;1;12.9.1979;0;1
MOUHAMMED;1;12.8.1959;1;0
BARADIN;1;19.2.1955;1;0
NENCAN;1;16.9.1980;1;0
UDKAN;1;4.4.1991;1;0
SIHRIYE;3;15.9.1932;0;3
SEHEDA;2;24.8.1973;0;2
TUSEF;1;23.10.1965;0;1
KAZIVER;1;17.9.1963;0;1
ISMANIYE;7;23.12.1961;0;7
CUBUKGUL;1;28.6.1981;0;1
LUTUFER;1;13.4.1975;0;1
LILIFE;3;25.2.1964;0;3
CUZEYIN;1;17.3.1966;1;0
GUZELNUR;2;15.5.1975;0;2
ERTURKUT;1;26.11.1967;1;0
MISLIVAN;1;11.6.1985;0;1
AYSENHANIM;1;26.6.1960;0;1
MUALLIT;1;27.9.1962;0;1
BUHTER;1;11.2.1976;0;1
MULUKSAH;1;20.2.1960;1;0
NILAYNUR;1;21.3.1991;0;1
MERMUZE;1;22.8.1925;0;1
MAHMUDARA;1;7.2.1952;0;1
MUBARAH;1;28.2.1967;0;1
HATUNHAVA;1;28.4.1975;0;1
MUHAMMETATA;1;27.1.1990;1;0
ABULMUSLUM;1;2.10.1969;1;0
SULEYLAN;2;1.5.1977;0;2
ERSUHAL;1;26.3.1965;1;0
TUPER;1;6.9.1977;0;1
TERCIH;2;4.8.1975;2;0
RUVEYEDA;2;23.11.1980;0;2
BEYTUS;3;23.1.1961;3;0
MUNYABI;1;23.5.1961;1;0
SALBIK;1;7.8.1928;1;0
BUSEYNI;1;7.11.1952;0;1
RONGUL;2;16.12.1968;0;2
ATASAYAR;1;6.3.1979;1;0
NESMIRE;1;12.4.1947;0;1
MIDVAR;2;15.1.1951;0;2
MEYHEME;1;1.10.1972;0;1
ARIKKIZ;1;16.2.1938;0;1
MUNIMET;1;17.2.1942;0;1
MUEYYIT;1;22.2.1930;1;0
MUSALLAT;1;12.4.1941;1;0
UREMMA;1;26.5.1987;0;1
NUFEDE;1;22.3.1955;0;1
NEVRIL;3;23.8.1965;0;3
GOKCUK;1;27.1.1950;0;1
AYTURUL;1;16.9.1968;1;0
MEYSEDIN;1;7.2.1970;1;0
BENDERSAH;1;27.4.1934;1;0
GULISHAN;1;21.8.1959;0;1
FEHCUR;1;2.4.1963;0;1
EVINSEL;1;27.2.1937;0;1
HACULE;1;23.11.1983;0;1
TUTAL;1;2.9.1946;1;0
NEKSELINA;1;7.4.1976;0;1
BEHRAMI;1;3.9.1958;1;0
GUCSAV;1;10.5.1978;1;0
GULFAZA;1;12.2.1971;0;1
TILDEM;2;26.10.1982;0;2
SUIB;2;30.10.1964;2;0
UMMAHA;1;1.3.1974;0;1
SEHAVEL;1;9.12.1957;0;1
MUYECCEL;1;7.6.1933;0;1
IKRAIM;2;3.3.1959;1;1
MUKTESEM;1;6.12.1943;1;0
SATTILMIS;1;11.9.1974;1;0
EDAVIYA;1;6.5.1980;0;1
HUTAME;1;13.5.1961;0;1
UGURER;3;20.2.1975;3;0
NUYHAN;1;17.2.1938;0;1
SITEMAY;1;14.3.1966;0;1
ATMANA;1;27.8.1938;0;1
TALIHSER;1;25.12.1953;0;1
DOGGUN;1;16.1.1992;1;0
BAHANE;3;14.7.1952;0;3
GOSKUN;1;2.7.1958;1;0
RUTAN;1;17.6.1935;1;0
GOBELEK;1;2.3.1951;0;1
KUMKIZ;1;17.11.1958;0;1
DILAROM;1;30.7.1978;0;1
CAHIN;5;2.5.1965;5;0
MENDIREZ;2;9.6.1968;2;0
SABGATTULLAH;2;29.8.1968;2;0
M.ENVER;1;29.7.1975;1;0
OZAD;1;21.1.1962;1;0
ISMAILSAHBAZ;1;19.4.1966;1;0
KULSEMIN;1;17.2.1960;0;1
HURIGILAN;1;14.2.1939;0;1
MUADDEZ;1;22.3.1967;0;1
HANEYE;1;12.4.1941;0;1
KEMLEN;1;5.4.1968;1;0
DUREYA;1;11.11.1956;0;1
SUBIBE;1;2.3.1951;0;1
UMMERA;1;28.6.1946;0;1
USET;2;4.3.1953;1;1
SELEMEN;1;13.5.1982;0;1
MARINOVA;1;27.8.1970;0;1
DERVISAN;2;8.3.1967;1;1
HEMSO;2;17.5.1973;0;2
NURENSEN;1;2.3.1945;0;1
FIATLI;16;1.2.1955;0;16
ICRO;1;12.2.1959;0;1
MUFKER;1;1.2.1950;0;1
GULLUYAZ;6;6.4.1961;0;6
HIKMEK;1;28.2.1938;0;1
PACINAZ;1;27.5.1973;0;1
CEMEDIN;2;11.5.1959;1;1
FEZLIE;1;11.3.1955;0;1
SOFURA;1;17.4.1951;0;1
GULHALIM;2;16.10.1964;0;2
CEHAVIRYEH;1;1.4.1956;0;1
TASGUL;4;18.6.1964;0;4
EMIRBEY;5;4.3.1956;5;0
NISLAN;3;1.2.1956;0;3
SERVIRAZ;2;12.12.1959;0;2
SIBHETTULLAH;1;13.3.1989;1;0
LILIBAR;2;6.8.1956;0;2
ZEYNETIN;10;12.1.1961;2;8
SAHINTURK;1;12.3.1977;1;0
GULAYCE;1;25.3.1981;0;1
GULRAHAN;2;15.9.1953;0;2
ALPANARKIN;1;17.5.1966;1;0
AZRU;1;22.2.1984;0;1
MUTERCIM;1;3.7.1978;1;0
SEVILAYER;1;22.9.1961;0;1
ILTERSAH;1;29.9.1984;1;0
SELBILET;1;1.5.1976;1;0
NAZLISETENAY;1;17.10.1984;0;1
ABDULRAHIF;1;27.6.1972;1;0
AYEN;3;15.12.1974;1;2
GULMAHMUT;3;16.1.1965;3;0
SEDAVIYE;1;12.5.1981;0;1
ANZELHE;1;24.1.1975;0;1
HEVRIN;1;30.5.1986;0;1
MULUKA;1;17.3.1966;0;1
ZOYAN;1;2.3.1957;1;0
SERUM;1;23.11.1956;0;1
KEVUKI;1;22.2.1967;0;1
FERHONAS;1;28.10.1974;0;1
HAMIDYA;1;24.3.1962;0;1
MIKRAIL;3;29.1.1969;3;0
BINALIUNAL;1;3.10.1971;1;0
MERGUBA;4;8.5.1966;0;4
SAD;6;12.9.1960;6;0
KUFRAN;5;14.10.1960;0;5
YALEN;1;2.5.1975;0;1
MERCIMEN;2;18.5.1975;1;1
ANDER;5;2.12.1961;3;2
MENDAH;2;21.3.1971;2;0
FATYE;1;7.10.1982;0;1
MEYHOS;1;14.7.1941;0;1
OZALETTIN;1;15.3.1982;1;0
SUPUHAN;2;28.4.1949;0;2
MOHEBET;1;8.4.1964;0;1
DALAT;2;14.10.1944;2;0
FIRGADE;1;21.1.1976;0;1
ILAYNUR;1;7.1.1988;0;1
CULEYB;2;28.3.1986;2;0
TULHAK;1;12.11.1991;1;0
RESKI;1;12.11.1989;1;0
BILKADER;1;22.6.1982;0;1
NURTURK;2;4.2.1972;1;1
MAHICAR;1;17.4.1958;0;1
EYMIRE;1;26.7.1946;0;1
SERMIGUL;3;4.4.1978;0;3
SAFAYA;15;22.3.1947;0;15
SESMENUR;1;8.1.1967;0;1
MUHSE;2;23.2.1964;0;2
RISALEDTIN;1;23.2.1967;1;0
MEHTIRESUL;1;3.3.1950;1;0
OZGULU;2;2.4.1957;0;2
ALKUS;1;27.6.1936;1;0
TEPI;1;13.2.1953;0;1
NARU;1;22.2.1949;0;1
MUSVETTE;1;21.3.1944;0;1
VELLAT;2;1.7.1990;2;0
NODIRA;2;12.1.1981;0;2
VARDET;2;20.11.1969;2;0
DURSUNRIZA;1;29.3.1962;1;0
SEHAVETTIN;3;28.6.1951;3;0
HASANYASAR;1;12.11.1950;1;0
MIHEYLA;1;22.2.1975;0;1
NURDUN;2;16.7.1969;0;2
MUCALP;1;15.9.1967;1;0
OZGURTURK;2;11.10.1975;2;0
TOLINC;1;9.10.1944;0;1
ALDAGUL;2;16.1.1960;0;2
SUVEYZAT;1;30.2.1956;0;1
YALINC;2;29.9.1985;2;0
GUNSAVAS;1;23.2.1952;0;1
ILMIGULSUN;1;26.1.1948;0;1
BARISBIY;1;8.12.1977;1;0
OZLENC;1;3.11.1982;0;1
ERKENT;2;26.4.1962;2;0
SABRIALI;2;22.3.1968;2;0
HAKSEL;1;16.6.1947;0;1
SAHIMER;1;8.3.1949;0;1
LOIC;1;17.6.1972;1;0
CANECE;2;29.9.1983;0;2
ATAKORKUT;2;2.1.1953;2;0
REFIDIN;1;15.5.1955;1;0
BENNAY;2;24.2.1967;0;2
ZEALLA;1;6.10.1958;0;1
NAMYA;5;6.7.1969;0;5
BUBETTIN;1;26.12.1978;1;0
COMHUR;1;2.2.1957;1;0
CANIN;2;30.3.1963;0;2
MULFIDAN;1;9.8.1980;0;1
ZEYNABDIN;1;14.5.1976;1;0
HAVVASECIL;1;20.3.1974;0;1
ZOMEYRAN;1;22.3.1961;0;1
CIRZVA;1;7.2.1946;0;1
TAHIYYETTIN;1;2.6.1975;1;0
MIDAY;1;20.8.1982;0;1
ZEBAT;13;24.4.1979;0;13
KADDAFFI;1;19.1.1990;1;0
ETIBEY;1;5.10.1968;1;0
ERSELEN;1;24.5.1985;1;0
TALDIN;1;22.5.1955;1;0
FIYES;1;27.2.1962;1;0
MUGLUS;6;27.9.1963;6;0
ULSEREN;2;3.1.1962;0;2
SAYLEN;2;5.3.1954;0;2
KURDIYATA;1;12.8.1953;0;1
NURKE;2;8.12.1962;0;2
NEZELTE;3;1.10.1958;0;3
YUTUYA;1;3.10.1950;0;1
NOLIFER;1;27.4.1956;0;1
SETARA;1;26.9.1935;0;1
GUVENEL;1;17.3.1944;1;0
YVETTE;2;8.7.1957;0;2
MAXIME;1;2.12.1987;1;0
GUNNU;2;6.8.1967;0;2
RAHISEN;1;21.7.1939;0;1
ULASAN;2;25.6.1961;2;0
FAKIMAN;1;9.12.1960;0;1
BORACAN;1;10.9.1990;1;0
HELINNUR;1;11.5.1974;0;1
UNSEVER;2;26.3.1954;0;2
BESLANAY;1;17.10.1949;1;0
FINNET;2;13.10.1943;1;1
AHSERIN;1;20.9.1967;0;1
MUSDEN;1;12.5.1940;0;1
SUTUHAT;1;18.12.1941;0;1
NESLIGAN;3;22.2.1960;0;3
GULFISAR;4;11.4.1939;0;4
BOZGUR;1;19.6.1938;1;0
OTEN;1;1.4.1943;1;0
CURMU;1;6.12.1949;1;0
BURTEL;1;2.4.1960;0;1
NICRAN;2;22.8.1958;0;2
BELAN;3;19.10.1956;1;2
GONULVALA;1;25.9.1932;0;1
ERSELI;1;28.12.1940;1;0
CEBA;2;27.11.1940;0;2
ANDY;1;22.6.1979;1;0
RAHI;9;16.4.1962;7;2
H.SEZAI;1;28.4.1956;1;0
DILISTA;1;29.11.1978;0;1
FETIHAT;1;4.5.1942;0;1
ERTENI;1;1.9.1935;0;1
ALESYA;1;4.8.1981;0;1
ABDULDEYYAN;2;29.4.1949;2;0
SIVGE;2;4.1.1983;0;2
YASUBE;3;12.6.1971;0;3
ZOZEF;1;12.8.1951;1;0
METSEL;1;19.7.1964;1;0
HILARY;3;7.4.1948;0;3
ALFREDO;3;2.11.1942;3;0
ERKUTER;1;1.1.1941;1;0
ZAVDA;1;11.5.1939;0;1
HASFER;1;28.6.1977;0;1
RESCAN;1;13.11.1951;1;0
AYDAFET;1;27.8.1970;0;1
ALTINCAN;1;20.11.1958;1;0
ORALCAN;1;16.6.1990;1;0
SARPIN;2;10.7.1977;2;0
FEHMA;2;7.6.1949;0;2
CONSTANCE;1;1.8.1955;0;1
APTURREZZAK;1;13.7.1946;1;0
SEMEHAN;3;28.2.1964;0;3
NAYETTER;1;26.2.1937;0;1
MUMECCET;2;17.1.1935;0;2
SAFIYE-I;1;4.4.1922;0;1
MELIKFER;1;21.12.1964;0;1
BEJDIL;2;3.11.1975;0;2
LIVIO;1;28.8.1978;1;0
NILSUHAN;1;19.2.1992;0;1
EMESAYIN;1;21.11.1932;0;1
SULEHI;1;1.8.1937;1;0
MEATER;1;12.3.1928;0;1
ELIAN;2;19.7.1952;0;2
HOOSHANG;1;4.6.1939;1;0
CANOZAN;5;10.11.1990;5;0
ALESSIYA;1;30.12.1989;0;1
DONATELLA;1;6.11.1965;0;1
M.ORHAN;4;2.1.1954;4;0
ERSIR;1;22.11.1965;1;0
DURULCAN;3;6.12.1989;3;0
BORKALP;1;30.1.1970;1;0
MATEL;1;11.4.1933;0;1
GLAGHINI;1;22.8.1931;0;1
NAZEDEN;3;2.8.1937;0;3
SURUSEN;1;12.8.1935;0;1
SALLE;3;10.10.1932;0;3
MERZIFON;5;14.2.1965;0;5
BELIGE;2;4.8.1946;0;2
FATMANURLU;1;23.2.1967;0;1
CIHED;5;7.6.1966;5;0
TUNCKAAN;1;8.9.1986;1;0
DOGACHAN;2;20.1.1991;2;0
AYZIM;1;15.9.1953;0;1
HEDINE;1;27.8.1932;0;1
MURATTER;1;24.1.1929;0;1
MERIHAT;2;23.3.1959;0;2
ERNU;4;12.5.1980;0;4
AYTEZER;1;10.2.1979;1;0
PIERRETTE;1;15.6.1928;0;1
ZARIN;4;7.2.1972;0;4
RUHUSER;1;2.6.1949;0;1
SEVGOR;6;12.12.1966;2;4
DURCUHAN;1;7.11.1964;0;1
NEBHIYAT;1;26.7.1925;0;1
MUEBBET;3;15.1.1952;0;3
TIRACE;2;13.6.1938;0;2
BASARBATU;1;23.5.1991;1;0
ARCAG;1;4.12.1979;1;0
NURSEVGI;4;26.2.1967;0;4
TANKAY;1;6.3.1936;1;0
OZERDEN;1;2.8.1933;1;0
ANNALITA;1;8.6.1967;0;1
JOSIANE;3;29.4.1963;0;3
SOZENT;1;24.4.1931;0;1
GORALCAN;1;25.10.1989;1;0
GUNACAN;2;19.4.1944;0;2
BEVERLEY;3;10.11.1968;0;3
DENGINUR;2;1.7.1962;0;2
IYIMSER;6;26.11.1974;1;5
MAGRIBI;1;11.6.1928;1;0
SEBCAN;1;1.11.1965;0;1
ASIYYEM;1;19.12.1988;0;1
YUVACAN;4;25.11.1968;0;4
BILSEZ;1;21.6.1946;1;0
NAVDI;1;3.11.1937;1;0
CEVREM;1;28.7.1976;0;1
ERGOK;1;30.1.1985;1;0
ULCE;1;26.1.1944;0;1
SHKIPE;1;27.5.1953;0;1
OGULCAK;1;13.12.1976;1;0
TAKIDIN;1;12.9.1971;1;0
MUNIRCAN;1;11.5.1991;1;0
JUHULE;1;12.7.1976;0;1
DINHIS;1;22.1.1959;0;1
RUHAYAT;1;12.7.1954;0;1
POLIKARPO;1;6.1.1957;1;0
TANUC;1;26.4.1941;1;0
ERDURUR;1;6.2.1941;1;0
MAHMUKAR;1;20.4.1960;0;1
NIFRET;1;3.7.1932;0;1
RENKA;1;27.8.1950;0;1
IMDIRA;1;22.8.1961;0;1
NOH;3;20.3.1968;3;0
TALAS;2;20.9.1978;2;0
ROMARIO;1;4.12.1990;1;0
ONANC;1;9.2.1992;1;0
MIMTEHA;1;10.3.1961;0;1
F.BELMA;1;25.2.1972;0;1
TUZLUCE;1;23.10.1937;1;0
VIVIANA;1;6.5.1964;0;1
NAZLIELIF;1;9.11.1986;0;1
RASIA;2;6.9.1972;0;2
TANCUN;3;14.4.1966;2;1
CEVALA;2;11.8.1964;0;2
TURKEKUL;3;7.8.1956;3;0
OMURCEM;1;22.4.1978;1;0
PERTEVNIHAL;1;1.9.1963;0;1
MIHANU;1;2.8.1927;0;1
SEVRIHA;1;19.3.1935;0;1
MISMINU;1;4.5.1950;0;1
MEHBER;2;7.1.1981;0;2
KUTRU;1;2.8.1957;1;0
AYGULLER;1;2.2.1945;0;1
TURKTAN;1;8.3.1973;0;1
BERRAM;1;26.12.1940;0;1
BALOGLAN;1;12.8.1923;1;0
TANKUTALP;3;13.1.1975;3;0
SEYYAD;3;6.8.1978;3;0
FERLAL;1;4.2.1960;0;1
GULISRET;1;27.8.1944;0;1
MUALLAK;1;7.3.1954;0;1
TENIS;1;22.12.1937;0;1
BESAY;2;22.5.1961;0;2
ZIYAIYE;1;22.8.1913;0;1
OZIRFAN;1;26.2.1936;1;0
FERYEM;2;26.2.1957;0;2
CIVLEZ;2;4.1.1948;0;2
BILGIS;3;13.10.1969;0;3
ATILYURDA;1;19.12.1964;1;0
GURDEMIR;1;17.4.1965;1;0
RUBIDE;5;22.7.1953;0;5
ILKIMDEMET;1;20.3.1965;0;1
YALKIR;1;16.11.1983;1;0
BOGDANKA;1;2.8.1933;0;1
GOFRAN;2;14.6.1976;0;2
BUNYAD;1;25.1.1958;1;0
VINIFRED;1;17.5.1948;0;1
INCESU;1;5.8.1958;1;0
IKMAZ;3;3.10.1959;3;0
NURDONDU;2;3.8.1968;0;2
VANIA;1;15.10.1937;0;1
ERDIMAN;1;16.6.1940;1;0
RUYETTIN;1;23.11.1949;1;0
LILIBETH;1;6.11.1956;0;1
SENDOVAR;1;27.4.1964;0;1
NA;1;2.10.1971;1;0
NURUYEZDAN;1;22.12.1929;0;1
MIEKE;1;9.5.1960;0;1
ZEZA;2;22.7.1962;0;2
AKBURAY;1;14.8.1973;1;0
TOMRAL;1;28.2.1953;0;1
SELOMER;1;22.7.1948;1;0
NESLEN;15;25.1.1961;0;15
FERHANI;2;17.1.1960;0;2
AYGUDER;2;16.6.1956;0;2
OZGOREN;1;14.2.1966;1;0
ISPIREZA;1;12.8.1923;0;1
OZMENAY;1;16.7.1979;0;1
ILMUIDDIN;1;7.2.1958;1;0
ETIENNE;1;24.11.1962;1;0
SARIA;1;16.10.1979;0;1
SECILCAN;1;12.2.1991;0;1
REGENT;3;3.6.1971;3;0
SERENDAR;1;2.10.1972;0;1
MUZETTIN;3;25.7.1953;3;0
AYDUNDAR;1;13.12.1930;1;0
TECEN;1;12.9.1965;0;1
CELDIN;1;15.11.1961;0;1
ULGA;3;30.11.1976;0;3
YANSEV;1;22.7.1967;0;1
VECDUN;1;2.2.1963;1;0
MUBEGEL;1;14.8.1975;0;1
FAHRINNUR;1;3.4.1959;0;1
EBIDAT;1;29.5.1973;0;1
M.ZAFER;4;9.4.1959;4;0
BELZA;1;8.7.1981;0;1
MERGUB;5;1.12.1965;5;0
IKIADA;1;23.12.1967;0;1
KABARTAY;1;1.6.1975;1;0
ZERTEN;1;13.11.1977;0;1
BANUS;6;21.6.1956;3;3
BINERKAM;1;12.6.1978;1;0
BURAKSAH;1;3.2.1991;1;0
TANMAC;1;11.10.1971;1;0
ERDENERIC;1;11.9.1955;1;0
SENKURT;1;13.5.1947;0;1
MOZHGAN;1;11.3.1967;0;1
HATUSIL;1;28.2.1947;1;0
NUKETGUL;1;11.3.1966;0;1
ZERGUZE;2;11.10.1940;0;2
ORSA;1;26.5.1991;1;0
MELODIE;1;15.2.1982;0;1
HENDRIKA;6;2.6.1944;0;6
LEYIL;1;4.3.1985;0;1
SEZBIL;4;17.7.1964;0;4
ODUN;1;20.11.1978;1;0
ERGUMAN;7;14.1.1966;7;0
MESLET;1;22.11.1943;0;1
A.VEHBI;1;26.4.1971;1;0
HALITHAN;1;26.9.1959;1;0
SAHABBETTIN;2;26.10.1966;2;0
NURDINC;4;15.10.1972;3;1
SEN''AY;1;7.2.1946;0;1
TEVHIDDIN;2;18.3.1956;2;0
SUZENDE;1;8.4.1973;0;1
EMNISER;1;6.6.1936;0;1
UDKU;1;23.3.1985;1;0
MESRI;2;4.6.1959;1;1
NIJEN;1;10.11.1959;0;1
MIBA;1;12.8.1935;0;1
BAHIRET;3;12.5.1948;0;3
KASUM;2;24.2.1951;2;0
DERINCAN;2;16.2.1939;0;2
IRAYIM;3;10.11.1963;3;0
AKSAM;4;8.9.1961;2;2
GULTAH;1;3.10.1985;0;1
CIPARGUL;1;7.12.1967;0;1
NAINA;1;2.11.1968;0;1
BARTUN;2;29.4.1987;2;0
FONEM;1;4.10.1988;0;1
BAGDAR;3;7.11.1980;3;0
MEVSIN;2;30.12.1968;1;1
SERMAIL;3;7.8.1968;1;2
NILBE;1;8.9.1980;0;1
ARABIE;1;29.3.1974;0;1
TOLGUHAN;1;16.11.1988;1;0
ILDIZE;1;22.3.1943;0;1
MAHAZAR;1;23.11.1970;1;0
FERALIS;1;6.2.1960;1;0
LEVIZER;3;18.11.1952;0;3
VETIFE;4;20.10.1954;0;4
SLMAZ;1;12.3.1971;0;1
PIDEM;1;26.11.1984;0;1
MAMUS;10;17.8.1957;7;3
TURKSER;2;21.7.1957;1;1
YESUR;3;28.2.1978;3;0
BALANAZ;1;2.8.1927;0;1
GULCIDEM;2;19.3.1980;0;2
BENAYIM;2;28.2.1947;2;0
CENGIDAR;2;5.6.1961;2;0
FURUNAZ;1;21.6.1974;0;1
GUNOK;2;23.4.1966;2;0
GULBELLOR;1;21.3.1975;0;1
BIZIYAN;1;16.4.1951;0;1
HIRRET;1;13.7.1990;0;1
GURBUL;4;26.1.1950;0;4
ZEMMET;1;2.2.1963;0;1
NURHISAR;1;3.1.1945;0;1
ZANAN;3;29.8.1979;2;1
SIRMEN;4;14.9.1974;1;3
NISUN;1;15.11.1975;0;1
GUNLEVENT;1;5.6.1973;1;0
IVER;3;1.12.1978;0;3
DUTAY;2;6.7.1952;0;2
NURANAY;1;3.3.1966;0;1
SEVZAT;8;9.8.1958;1;7
IBRAHIMI;2;7.2.1952;2;0
MIZAFER;3;6.8.1958;0;3
HURYANI;2;28.8.1973;2;0
SEVIZAT;3;12.1.1952;0;3
VEZZAYIM;1;16.4.1951;0;1
NURIKER;3;17.4.1957;0;3
HITKA;1;22.8.1961;0;1
ERDISAN;1;6.5.1990;1;0
SUDBIS;2;27.12.1951;0;2
MADEGUL;4;27.5.1956;0;4
BIRGET;1;10.1.1968;1;0
ERSUVAL;1;6.1.1970;1;0
GONULGUZEL;1;11.1.1960;0;1
UZMUYE;1;2.8.1933;0;1
UVYIS;1;24.2.1966;0;1
KELSUNE;1;7.2.1976;0;1
ASUMARATA;1;19.1.1978;0;1
AFHAN;1;29.11.1966;1;0
EGILMEZ;3;6.3.1962;3;0
ZIREM;2;15.4.1957;2;0
AYSEGULAY;2;29.12.1955;0;2
SENZAN;1;4.5.1976;0;1
NIGDAT;2;14.3.1963;2;0
NESILET;1;9.4.1961;0;1
ZIRA;5;10.11.1949;1;4
SERMETTIN;6;8.12.1964;5;1
SAYIMAY;1;13.11.1941;1;0
MUCURE;1;27.8.1956;0;1
MENAHAT;1;21.2.1966;0;1
BEHARE;7;7.1.1954;0;7
ALINIKI;1;7.8.1946;1;0
FERALEDDIN;1;15.8.1962;1;0
N.SEMIRAY;1;7.5.1963;0;1
YENIALTIN;1;15.8.1931;0;1
HENRY;2;10.8.1953;2;0
MAGALI;2;1.9.1975;0;2
SEFINEDILSEKER;1;20.1.1938;0;1
ILKMEN;1;26.7.1946;1;0
ZULHIMMET;1;16.6.1929;0;1
PIRAI;1;20.8.1961;0;1
SEVDIR;4;10.11.1958;1;3
M.BAHADIR;1;16.2.1964;1;0
VINIZINS;1;24.4.1930;0;1
ZULFERAH;2;17.3.1945;0;2
ERMIHAN;3;6.12.1963;1;2
PATRIZYA;1;10.2.1959;0;1
KOSTANTINO;2;4.1.1951;2;0
BELIRE;1;17.1.1924;0;1
GUNNIGAH;1;2.4.1927;0;1
ERFUZ;1;5.5.1941;1;0
AHMETOZER;1;5.3.1991;1;0
HEZRA;2;24.8.1955;0;2
BERTAF;3;9.1.1981;3;0
DILDORA;1;28.8.1974;0;1
SARIMEHMET;1;1.5.1953;1;0
NARSIZ;1;21.6.1942;0;1
VEHBIGANI;1;13.5.1927;1;0
SUTBIS;1;27.8.1926;0;1
BUKURYE;1;14.2.1965;0;1
IDAAT;2;9.6.1961;0;2
MIFARET;1;25.2.1968;0;1
SAZANE;1;12.8.1947;0;1
RUKIYEH;1;5.5.1952;0;1
HATMEN;1;26.11.1966;0;1
SEVGILIGUL;1;22.8.1955;0;1
ZERAGUZEL;1;7.8.1940;0;1
BENDERLI;1;26.12.1964;1;0
BECEREN;20;24.5.1966;20;0
ZURLIYE;1;7.8.1934;0;1
OMRANE;1;16.10.1934;0;1
DUTHAN;15;23.10.1957;0;15
OMPER;1;17.2.1972;1;0
SERKU;1;23.3.1954;0;1
GURYAL;2;17.5.1968;0;2
MIYREMA;1;21.1.1947;0;1
GERDENCIN;1;7.8.1934;0;1
SULAYIR;1;16.5.1954;1;0
FAZLIYA;1;7.5.1936;1;0
ARMAL;1;7.2.1976;1;0
MAKIY;1;17.4.1954;0;1
FUNTAY;1;7.8.1971;1;0
BEYZIT;1;27.8.1938;1;0
Z.SERKAN;1;10.10.1972;1;0
HUSEYINI;1;10.5.1986;1;0
SEFEDULLAH;1;29.8.1963;1;0
HICAR;4;21.3.1968;0;4
MAFTUN;1;27.8.1950;0;1
RAGBIDIN;3;24.4.1956;3;0
NAVKA;2;21.7.1939;0;2
MAGDUME;1;7.12.1990;0;1
LECIBE;1;17.8.1942;0;1
SAZINAZ;1;2.6.1962;0;1
MUSABIN;1;15.8.1972;1;0
PUNURAY;1;18.7.1976;0;1
HIFSULLA;1;13.3.1966;1;0
KAZIMETTIN;1;9.9.1969;1;0
URTER;1;27.1.1956;0;1
SAFEDIN;1;22.8.1961;1;0
ILMAFER;3;5.9.1958;3;0
RUKMEN;1;2.8.1921;0;1
LUIZAN;1;12.8.1965;0;1
DIYERHAN;5;19.1.1964;0;5
BIYGI;1;11.4.1979;0;1
HURZATI;2;6.2.1958;2;0
MAHMONIR;1;24.10.1958;0;1
NICCOLA;1;19.4.1992;1;0
GULGUNEY;3;17.12.1964;0;3
BANISE;1;1.7.1930;0;1
VANNUR;1;19.3.1980;0;1
BEDHIYE;2;1.10.1931;0;2
MERVEM;1;25.5.1974;0;1
OZCEMAL;1;16.2.1962;1;0
LATIFNUR;1;2.6.1960;1;0
FERRUBE;1;4.10.1973;0;1
SULFAYI;1;26.3.1964;1;0
SOFRET;1;3.3.1968;0;1
EBGU;1;2.9.1971;0;1
HUTUSI;1;10.12.1966;1;0
GULNEM;2;30.12.1986;0;2
EMSALINUR;3;26.12.1966;0;3
SEHRIAZAT;2;26.8.1957;0;2
MEESIM;1;26.10.1976;0;1
BAHTISEVI;1;16.12.1947;0;1
OLDES;2;9.12.1959;2;0
BATACAR;1;22.12.1949;1;0
IHSANER;1;3.5.1955;1;0
PEYVEND;1;20.9.1980;0;1
ELIR;1;29.11.1981;0;1
NIHAMI;2;25.9.1954;2;0
SINEMYIZ;1;5.4.1992;0;1
ASBUHAN;1;16.8.1970;1;0
GULCELAL;1;26.7.1946;1;0
VILHAN;3;5.10.1960;1;2
SHABNAM;1;14.5.1980;0;1
TATAN;2;27.7.1937;0;2
MICRAN;2;11.7.1963;0;2
GUCULU;1;4.5.1945;0;1
NAVIGAR;1;17.8.1918;0;1
RIHAM;2;5.8.1979;0;2
BEYME;1;17.5.1954;0;1
BEZNUR;1;18.2.1974;0;1
CEMINAS;1;2.3.1981;0;1
ESNAS;1;17.5.1961;0;1
TURKULU;1;10.7.1948;1;0
BAHARTEN;1;30.11.1943;1;0
BESADET;3;26.12.1950;1;2
HEMAT;2;16.4.1946;2;0
ZETIMESUNA;1;27.8.1944;0;1
ANUR;3;3.1.1949;1;2
FEYZICAN;1;26.8.1984;1;0
TURGOZ;1;30.6.1967;0;1
NECAHIR;2;23.4.1959;2;0
GERTRAVDE;1;14.4.1944;0;1
TUMCAN;1;3.6.1990;1;0
USTUNCAN;2;21.3.1990;2;0
AYBOLA;1;1.8.1979;0;1
MIRGJAN;1;18.8.1957;0;1
GURCUNAS;2;28.5.1953;0;2
HARUZ;1;13.7.1981;1;0
NEVROS;2;15.12.1961;1;1
UMURZE;1;2.5.1967;1;0
HEYVET;1;19.3.1972;0;1
NURIGER;2;23.2.1959;0;2
BEYDUN;4;23.5.1962;4;0
ADILAN;7;12.3.1959;6;1
EMSUDE;1;17.8.1972;0;1
SAHZENUS;1;15.7.1970;1;0
RUTKIYE;2;18.11.1953;0;2
SURELSAN;1;15.12.1976;1;0
EMSUT;1;17.8.1972;1;0
KAMCILI;1;11.11.1961;1;0
SABUHAT;1;8.5.1956;0;1
SAYTEN;1;11.3.1957;0;1
GURGAZI;1;13.11.1978;1;0
NARCIYAN;1;26.5.1937;0;1
KEMALUFER;1;13.3.1933;0;1
FERADETIN;1;7.8.1946;1;0
SINDE;4;30.5.1960;0;4
NADIRI;5;16.3.1939;1;4
USAN;4;20.6.1965;3;1
SENULLAH;1;24.6.1952;1;0
MESSIYE;2;6.6.1944;0;2
GELIRIYE;1;24.1.1976;0;1
GUZELOL;1;21.1.1989;0;1
AKFILE;2;3.8.1983;0;2
GULSEKIRE;1;13.2.1988;0;1
MUCUDA;1;6.5.1985;0;1
ILDISAN;1;2.8.1927;0;1
SAMATE;1;11.2.1951;0;1
ESENTULAY;1;20.9.1973;0;1
KEBIRET;7;16.2.1961;0;7
MAGDALENI;1;4.10.1951;0;1
MITEREM;1;2.8.1939;0;1
GILGUN;2;23.6.1971;0;2
NUKRIME;1;27.8.1956;0;1
ANARHAN;3;1.5.1958;0;3
ZEHARAT;1;6.4.1939;0;1
SAFIYI;1;1.11.1973;0;1
NURECE;1;19.6.1991;0;1
HASABE;1;7.7.1952;0;1
SEVKINAS;2;6.7.1962;0;2
NEVCAT;1;7.8.1934;1;0
BELKUT;1;17.1.1979;0;1
IBRANIM;2;19.6.1990;2;0
EMIZE;4;16.1.1948;0;4
ILYES;8;5.8.1956;8;0
ATIFCAN;2;13.9.1988;2;0
ITAY;3;13.1.1947;1;2
GULLLAR;1;8.5.1950;0;1
AYSAPER;1;29.11.1957;0;1
SADBIYE;2;27.8.1950;0;2
ZINIDE;2;5.3.1958;0;2
PATA;1;22.8.1955;0;1
LEYNUR;2;10.6.1985;0;2
MAATTER;1;23.7.1944;0;1
ZULFIS;1;12.8.1953;0;1
YEMEL;2;14.2.1965;1;1
HECARE;12;10.3.1944;0;12
MESRUN;1;17.8.1954;0;1
VEISE;1;17.12.1982;0;1
VEYAN;1;6.3.1969;1;0
NECAYET;4;19.9.1954;2;2
MERCIZAN;1;7.7.1952;0;1
HATKA;2;4.9.1961;0;2
FERZUL;6;24.1.1969;6;0
ALINEKI;1;22.8.1955;1;0
BANGON;1;5.6.1973;0;1
ONURDOGAN;1;16.11.1991;1;0
OZGAT;1;2.7.1939;1;0
YASAMET;1;7.8.1958;1;0
SADRIJE;1;6.2.1956;0;1
SUDVIYE;1;12.8.1953;0;1
MUKIBE;5;13.10.1949;0;5
PERKADER;1;16.1.1946;0;1
BIYADIN;1;16.7.1968;1;0
NIYAITTIN;1;7.1.1959;1;0
MURNUR;1;11.1.1980;0;1
BEDRUHAN;1;16.5.1957;1;0
TEMRIHAN;3;7.11.1966;2;1
HUSEYINOYTUN;1;12.10.1984;1;0
TEKINKAYA;1;2.1.1928;1;0
BEDI''I;1;5.1.1953;1;0
DAGMAR;3;11.7.1959;0;3
MUDADIM;1;9.11.1961;1;0
FERDUH;1;11.3.1960;1;0
CAHISE;3;3.10.1963;0;3
ELAGUHAN;1;7.8.1928;1;0
SELASIYE;3;7.8.1965;0;3
BISAYET;1;23.4.1941;0;1
BENGUR;1;13.5.1975;0;1
MUHAVIYE;3;8.5.1951;0;3
CANIMSER;1;10.3.1939;0;1
ISANC;2;11.7.1962;1;1
ULKERHAN;1;8.11.1986;1;0
BENGUDEN;1;2.2.1979;0;1
ENDANUR;1;22.2.1982;0;1
MUGENAZ;1;6.4.1990;0;1
ZINNURA;1;12.4.1965;0;1
SAHMEDIN;9;1.8.1971;9;0
OZGUDENIZ;1;5.9.1991;0;1
ECMA;2;23.6.1980;0;2
ZEM;1;12.9.1977;0;1
MUAYIT;1;8.4.1962;1;0
FECDA;1;5.2.1963;0;1
EMBERETE;1;2.2.1957;0;1
ALPYIGIT;2;27.3.1981;2;0
SEYIY;1;7.8.1946;1;0
FENAY;1;20.2.1964;0;1
SEYIDEBERRIN;1;7.8.1928;0;1
SAYANUR;4;1.5.1968;0;4
VEHTA;2;27.6.1960;0;2
MAHSHID;1;8.12.1965;0;1
SAFIAY;1;9.7.1953;0;1
ZEVHAL;2;1.1.1947;0;2
GOKUL;2;5.5.1980;0;2
SERIZA;1;7.8.1958;0;1
NESYE;2;5.8.1983;0;2
CANABA;1;3.5.1969;1;0
SEVIGEN;1;17.2.1954;0;1
ILKECAGRI;1;20.8.1978;0;1
MUTEREME;1;15.6.1966;0;1
MESAHIR;1;11.8.1970;1;0
CAKAMINA;1;29.2.1941;0;1
MITRICAN;1;15.11.1972;0;1
HALIMEDUDU;11;8.1.1959;0;11
CAAN;1;6.11.1965;0;1
HUSNORA;1;26.8.1984;0;1
PENKIYE;1;27.8.1950;0;1
RADIK;2;5.12.1965;2;0
GELCAN;1;12.8.1953;1;0
FERALETTIN;1;22.8.1955;1;0
KEFHER;2;23.1.1933;0;2
UZEYTI;1;1.12.1934;0;1
JOSLIN;3;19.12.1957;0;3
BAHRIDDIN;2;14.1.1966;2;0
AHZEN;8;8.6.1969;3;5
CERHAN;2;26.7.1955;1;1
MAHAZ;6;4.8.1973;6;0
SEYAVET;1;27.6.1962;0;1
SUKRUAY;2;13.7.1973;1;1
AHUSEBNEM;1;3.4.1978;0;1
HARGULU;3;10.6.1950;0;3
MURUL;3;19.7.1951;2;1
UMREYHAN;1;21.5.1960;0;1
FALMUS;1;7.8.1952;0;1
IFFETNUR;1;12.6.1947;0;1
IZASED;1;16.12.1961;0;1
GONULDEREN;1;7.6.1945;0;1
SEZINIS;1;23.7.1942;0;1
CEBAGA;1;20.11.1950;1;0
RUKMANA;1;9.2.1944;0;1
HERYIL;1;17.6.1975;1;0
NILYETER;1;27.5.1970;0;1
IFTIDA;1;12.10.1953;0;1
AYSIMAN;5;15.4.1966;0;5
YILDIZCAN;5;27.1.1973;0;5
EFRE;4;12.1.1959;1;3
MIHRISEN;2;5.6.1966;0;2
AINULMELEK;1;7.8.1922;0;1
ERTUH;1;17.3.1989;1;0
TENBET;3;24.4.1964;0;3
TAZAGOUL;2;7.5.1975;0;2
BILGEKAAN;4;11.8.1987;4;0
ELBAYAN;1;4.5.1938;0;1
HACIHAYDAR;1;27.2.1950;1;0
ANALYA;1;16.6.1983;0;1
NEMAS;1;28.1.1937;0;1
CAFERULLAH;1;3.1.1973;1;0
FESTANE;1;8.11.1976;0;1
DIAA;1;24.7.1969;1;0
NADRETTIN;4;16.12.1959;4;0
SHURUBU;1;7.6.1973;0;1
ELPIN;1;6.11.1991;0;1
TOYAN;2;22.7.1988;2;0
EKATARINA;2;2.7.1973;0;2
SEREMSE;1;11.5.1928;0;1
EMELREZZAN;1;14.2.1982;0;1
NEFINUR;5;22.8.1967;0;5
RUHSIDE;1;26.4.1983;0;1
MEVLULE;1;12.7.1959;0;1
SELPIRAZ;1;3.10.1952;0;1
MEKLIKA;1;23.4.1965;0;1
AVIDEN;1;1.12.1964;0;1
ABRU;1;24.7.1974;0;1
MEMRULE;3;2.3.1944;0;3
VERMI;3;26.8.1948;0;3
SEVUKTEKIN;1;7.10.1946;1;0
BAYTUL;1;16.5.1980;1;0
BERHAL;1;14.9.1988;0;1
M.OZER;2;10.11.1954;2;0
YUCEDDIN;1;5.4.1964;1;0
GULAKDEM;1;20.3.1934;0;1
POYRAZCAN;1;12.8.1986;1;0
MEZMULE;1;2.1.1957;0;1
OZLUER;1;21.9.1982;1;0
CANMERT;3;20.6.1986;3;0
ZINNIHE;1;17.8.1953;0;1
ENSONER;1;16.8.1946;1;0
IKBALGUL;2;7.11.1969;0;2
UMMUSEL;4;10.6.1961;0;4
DENIZTIN;1;10.12.1986;0;1
MUHSINEBEGUM;1;1.3.1977;0;1
BUGRUL;1;5.12.1987;1;0
UFUKNUR;2;5.12.1972;1;1
BEHLULE;1;24.8.1972;0;1
EMINECANSEN;1;13.9.1974;0;1
FERUTUNI;1;19.6.1955;1;0
UNSAVAS;1;4.10.1962;1;0
YORUSAN;1;28.8.1940;1;0
ZUREHA;1;5.4.1950;0;1
B.SERDAR;1;2.12.1979;1;0
HAMAYET;1;22.8.1955;0;1
BATIL;3;1.9.1957;1;2
TALANAY;1;27.7.1938;0;1
ORHEM;1;21.7.1936;0;1
SHANE;2;13.3.1972;1;1
MUCEZSEM;1;3.4.1964;0;1
NARTER;1;8.3.1962;0;1
BURHANIDIN;1;22.8.1961;1;0
SANSEZER;1;21.4.1964;1;0
HANIMARZU;1;24.12.1972;0;1
NEYBER;1;22.8.1949;0;1
SERDARCETIN;1;16.8.1980;1;0
OMURDEM;1;14.11.1980;1;0
ALIMESUT;1;14.9.1948;1;0
SONUGUR;1;16.10.1963;0;1
HALEMERVE;1;20.3.1990;0;1
UGER;1;12.8.1959;0;1
LIFAKAT;1;7.4.1922;0;1
YEGAH;4;4.7.1979;1;3
SEBAYIR;2;2.4.1964;1;1
ILHALIYE;1;24.4.1949;0;1
HEDIR;1;1.10.1991;0;1
NIHATDIN;1;29.2.1961;1;0
CEMDEVRIM;1;10.6.1978;1;0
MAVILAY;1;22.4.1976;0;1
SAFINAZLI;2;7.7.1951;0;2
PEVUZ;1;26.3.1931;0;1
GAZIMURAT;1;11.1.1982;1;0
REFIKDOGAN;1;2.3.1965;1;0
SOVGA;1;18.2.1972;0;1
ALIEFE;1;12.8.1923;1;0
ADNEL;1;7.8.1940;0;1
MUEBBIR;1;22.8.1907;0;1
AYDOST;2;8.10.1979;2;0
CELALNURI;2;4.2.1925;2;0
RUHBENGISU;1;28.12.1964;0;1
HUZZEYFE;1;4.11.1987;1;0
NAZIRENUR;1;23.9.1935;0;1
ASKSUN;2;14.6.1950;1;1
ZARRINA;1;5.12.1977;0;1
SETRAN;1;21.9.1936;0;1
ERTUNAL;1;11.11.1951;1;0
MUYUDE;2;19.9.1962;0;2
VASIR;1;16.3.1949;1;0
SEFLIKE;1;28.10.1927;0;1
BENIK;1;6.9.1977;0;1
SINIAY;1;28.9.1937;0;1
ORLEN;1;28.2.1972;1;0
SABAHATUN;1;11.7.1951;0;1
BURCER;2;25.4.1987;2;0
FIRMA;3;27.11.1967;0;3
EZGISON;1;10.4.1990;0;1
RICEL;1;21.4.1946;1;0
KURSUNLUBEY;1;9.4.1957;1;0
ICLAY;8;10.8.1970;0;8
M.NEJDET;1;1.12.1959;1;0
GULBESENT;1;2.8.1915;0;1
HASANASLAN;1;3.8.1974;1;0
KUTBE;2;23.3.1960;0;2
MUDEHHERE;1;26.7.1965;0;1
NERAT;1;13.4.1971;1;0
SEHAZEL;1;28.7.1963;0;1
MIMSIYE;1;9.9.1963;0;1
CAYLAK;1;21.1.1945;0;1
MUEZEZ;3;30.3.1966;0;3
ALEMSAHBANU;1;17.1.1966;0;1
PASABADEM;1;22.10.1961;0;1
ULNA;1;2.6.1979;0;1
MELKIYAN;1;21.12.1946;0;1
GULBINET;1;21.11.1959;0;1
LUHUVER;1;21.4.1959;0;1
AYZENUR;2;13.9.1972;0;2
TAYLEN;3;1.5.1969;1;2
HAYRINAS;2;7.4.1974;0;2
KUNSEL;1;17.2.1964;0;1
SECGINER;2;18.8.1974;2;0
PERIHNA;1;1.11.1930;0;1
NANAHANIM;1;23.4.1934;0;1
OMRUNIYE;1;5.8.1963;0;1
ADAHA;1;6.3.1972;0;1
CEMGUNEY;2;2.8.1980;2;0
MUSIFE;1;5.12.1930;0;1
SOYRUZAT;1;6.5.1972;0;1
TECMIRE;1;11.7.1962;0;1
CITE;1;17.8.1930;0;1
CITA;1;12.3.1975;1;0
GAFIRSAN;1;17.2.1960;0;1
FERIZAL;2;14.12.1976;0;2
AGU;1;10.4.1963;1;0
TESNIF;1;29.5.1936;1;0
SAHRIR;1;12.8.1947;0;1
NEMEDDIN;1;27.5.1971;1;0
FEGRULLAH;1;6.3.1978;1;0
YAZGUNU;1;28.9.1990;0;1
MURSUD;1;12.4.1965;1;0
MEHVAIL;2;7.9.1965;0;2
TACRIHAN;1;13.3.1952;0;1
DAGASAR;1;14.3.1976;1;0
IHAVET;1;19.8.1941;0;1
MEHRUKE;1;2.4.1944;0;1
ULFA;4;19.11.1962;0;4
TAHMIRE;3;24.7.1962;0;3
TANBULA;1;2.2.1963;0;1
ZELFINUR;13;1.11.1967;0;13
NAZEKAT;1;19.4.1972;0;1
SENEMIYE;4;30.2.1955;0;4
EPRUS;1;6.8.1949;0;1
PERZAD;1;11.9.1963;0;1
REGSANE;1;10.10.1965;0;1
GULAMALI;1;2.8.1927;1;0
FEHRIYYE;2;6.2.1974;0;2
NEVZED;1;7.11.1959;1;0
FIYME;2;20.5.1960;0;2
BOYBE;1;22.8.1937;0;1
RABUSA;1;17.8.1930;0;1
MEHRULE;1;29.5.1936;0;1
FERANE;5;9.10.1958;0;5
ZEKINET;3;25.11.1964;0;3
THIDARAT;1;17.8.1975;0;1
HALILBEY;2;8.12.1975;2;0
HYE;2;2.12.1956;0;2
RUFAKET;1;8.11.1944;0;1
SAYIGAN;3;17.5.1936;0;3
VECDAN;4;8.5.1953;2;2
GIZLAR;1;2.8.1974;0;1
FEYYAZI;5;16.6.1958;5;0
NURZABA;1;11.3.1970;0;1
NEYFINUR;1;16.5.1970;0;1
MUNKIBE;1;17.3.1956;0;1
DIRAATTIN;1;14.8.1954;1;0
PERRUN;1;14.2.1953;0;1
ZEKIL;1;2.8.1945;1;0
MABUTTIN;1;21.11.1944;1;0
ECEBUK;1;17.5.1960;1;0
SAHURI;1;5.5.1932;0;1
BERSIL;1;22.10.1964;0;1
MARZIDE;1;17.12.1948;0;1
OZYERI;1;12.2.1983;0;1
ABILAYHAN;2;2.6.1974;2;0
FETTAHZADE;1;23.2.1970;1;0
PENBEGUN;1;21.4.1970;0;1
KARBAN;2;11.4.1978;0;2
UCARGUL;1;11.4.1968;0;1
AYYILDIRIM;1;16.10.1945;1;0
RAIGUL;1;7.3.1952;0;1
ONGULE;1;22.2.1967;0;1
NUHPASA;5;9.7.1956;5;0
YASARIA;1;24.12.1966;0;1
SAHILAN;3;4.10.1971;0;3
MIHINE;1;25.11.1960;0;1
GADIRHUN;1;27.5.1959;1;0
MAHSUNIYE;1;12.2.1971;0;1
GILEMEN;1;7.6.1958;0;1
NURHAKLI;1;14.2.1981;1;0
NAZEFET;1;21.1.1972;0;1
DUCIHAN;1;6.3.1968;0;1
KOGSAL;1;13.4.1963;1;0
EBUAKIL;3;5.10.1986;3;0
MUDES;1;28.6.1932;1;0
TAYARRI;1;9.2.1982;1;0
NEADET;2;9.2.1954;0;2
KADERTUNA;1;28.5.1976;0;1
MAHMUTGAZI;1;30.2.1985;1;0
TUYHAN;2;19.10.1965;1;1
GULNAZAN;3;25.10.1961;0;3
OZMEM;1;20.2.1989;0;1
CEVEHER;1;16.7.1986;0;1
CENGIDOST;2;14.3.1976;2;0
FENUSA;1;22.9.1943;0;1
SIRINPASA;3;22.3.1967;0;3
TURINC;3;20.2.1971;0;3
GULZIYADE;1;26.3.1955;0;1
MUREDET;4;5.8.1969;0;4
NILAL;3;29.6.1971;0;3
GULMISEL;1;18.4.1984;0;1
GAHUAR;1;6.11.1968;0;1
SOLUNAY;2;1.2.1982;1;1
SOLKAN;5;27.2.1980;5;0
TULAYIL;1;27.3.1962;0;1
BULKAYSE;1;15.9.1980;0;1
DINARZAT;3;28.1.1960;0;3
BEYANAT;3;15.11.1960;0;3
CELALELTIN;1;2.8.1933;1;0
YURTKORUR;1;27.12.1950;1;0
CEBELO;2;29.5.1936;2;0
FANES;1;20.10.1952;0;1
ABIKEN;1;17.6.1942;0;1
IRABI;2;7.11.1957;0;2
ONPEL;1;18.12.1971;0;1
SEYIDAN;3;27.3.1971;0;3
SAZIBIYE;1;24.12.1973;0;1
DELKER;1;13.3.1964;0;1
BAHARSEN;1;4.1.1947;1;0
EDISKA;1;7.8.1952;0;1
ZULYAN;2;23.3.1976;0;2
HORUZE;1;2.8.1921;0;1
SENCERKAN;1;27.2.1974;1;0
FAYIZER;1;20.3.1987;0;1
MEYREMAN;6;4.1.1957;0;6
MELIKSEN;2;24.3.1963;0;2
GULZEHIR;1;7.8.1940;0;1
MUHTERIYEM;1;9.4.1967;0;1
MUDDETTIN;2;1.7.1971;2;0
ZAHILE;31;14.8.1957;0;31
MUBERIYA;2;8.2.1949;0;2
CELALUDDUN;1;13.3.1934;1;0
MESURLAH;1;12.7.1977;1;0
KAHAL;1;8.12.1934;0;1
MELIKSEL;1;7.6.1964;0;1
SEYFUDDUN;1;9.4.1932;1;0
NIZLISAH;1;11.12.1981;0;1
YUZTEN;1;26.5.1950;0;1
TESMINAZ;2;3.4.1952;0;2
BAHRUS;1;12.8.1941;0;1
HAVAYAT;1;4.1.1965;0;1
ZIBIS;2;5.5.1939;0;2
VECIB;1;12.8.1947;1;0
PIZO;1;7.8.1928;0;1
NEBAATTIN;3;5.7.1965;3;0
DERGE;1;8.5.1968;0;1
SENORE;1;2.4.1951;0;1
SULAYA;3;10.7.1960;0;3
MAKBOLE;2;28.9.1951;0;2
AZIREN;1;12.1.1965;0;1
HOSZAR;2;15.9.1985;0;2
RATUN;1;25.1.1961;1;0
BURSELIN;2;15.6.1974;1;1
MURMAHIM;1;2.4.1963;0;1
HAFSETTIN;1;6.10.1968;1;0
CEVZIYE;3;26.5.1975;0;3
KEVZIBAN;1;27.2.1962;0;1
CUMANUR;8;13.9.1976;0;8
YETGIYE;1;21.3.1978;0;1
ZEYIM;1;1.10.1971;1;0
SELIFE;4;18.6.1959;0;4
ALEETDIN;1;11.9.1962;1;0
ORTAY;3;9.6.1986;3;0
RACIUN;1;21.4.1938;1;0
FIRITTUN;1;26.12.1964;1;0
KIKILI;1;24.2.1935;0;1
SUMERE;4;7.11.1969;0;4
ARUZUMAN;1;17.2.1966;0;1
BENEVISE;3;16.12.1953;0;3
OZBA;1;2.11.1986;1;0
HAVAT;2;11.2.1968;1;1
MELSAN;1;2.2.1981;0;1
AMRET;1;7.3.1937;0;1
RAGUK;1;25.9.1963;1;0
FAYDIM;58;24.12.1958;0;58
MIIS;1;17.9.1966;1;0
ERYAT;1;10.3.1980;1;0
BOGA;2;4.2.1945;1;1
NUHSINEM;1;25.5.1962;0;1
GULKADE;2;2.8.1941;0;2
VEDUD;1;6.6.1988;1;0
BENFINAZ;1;12.8.1941;0;1
MUHREME;2;14.11.1953;0;2
SEFDEKAR;1;7.7.1964;1;0
ILLETTIN;4;13.5.1969;4;0
DILKUSAT;2;21.2.1944;0;2
SALDIN;1;1.1.1;1;0
KIRMUZ;1;2.8.1939;0;1
SUHEYR;1;27.6.1980;1;0
NEHAZ;1;2.7.1951;1;0
DINCAN;1;14.3.1976;1;0
TASKENT;2;15.10.1968;2;0
ANKAN;2;5.2.1964;2;0
ZATTEN;1;9.11.1944;0;1
AYDUYGU;2;10.12.1970;1;1
EFHAMIYE;9;14.6.1962;0;9
ILKSUR;1;6.7.1983;0;1
GENCOL;4;29.9.1964;4;0
HURUSA;2;12.4.1959;0;2
GUDUNAY;1;8.6.1990;0;1
GERBIYE;2;13.2.1968;0;2
IRAD;1;10.8.1978;1;0
HADRAN;1;12.2.1977;0;1
VISRIYYE;1;11.7.1973;0;1
SOZDE;4;3.2.1989;0;4
ARAR;2;24.3.1973;2;0
SEDETI;1;2.3.1963;0;1
EMSIHAN;1;7.6.1970;0;1
COSKUCAN;3;7.4.1987;3;0
TIMOTHY;1;26.12.1964;1;0
SPIRIDIONE;1;30.7.1957;1;0
POLICARPO;2;25.9.1950;2;0
MEO;1;15.7.1936;1;0
HANULA;2;4.2.1925;0;2
HINTO;1;6.5.1936;1;0
FLAVIA;1;20.12.1952;0;1
EDMA;2;29.7.1967;0;2
ALBANO;1;18.5.1988;1;0
MORI;7;15.11.1958;1;6
SACHA;2;12.4.1983;1;1
MUHIBBAN;3;8.7.1959;0;3
MAZLAH;1;28.4.1947;1;0
CHARISSA;1;26.1.1983;0;1
MATELDA;1;4.2.1952;0;1
MAZALTOF;1;13.3.1966;0;1
NURMUKERREM;1;20.6.1943;0;1
DURDABAT;1;16.1.1929;0;1
RICCARDO;1;26.6.1978;1;0
SAROTA;1;27.9.1957;0;1
SERISAN;1;24.4.1946;0;1
FREDINO;1;26.9.1989;1;0
HAMDILE;2;2.8.1979;0;2
MAMILIYE;1;26.5.1951;0;1
OLUT;1;6.5.1989;0;1
VINCENZINA;1;1.1.1938;0;1
ELLIO;1;26.7.1955;1;0
SADILAL;1;2.6.1977;0;1
CATHY;1;4.3.1958;0;1
SAZBONA;3;9.11.1945;0;3
ROSSELLA;1;16.8.1977;0;1
HUBERT;1;6.9.1969;1;0
KATLIN;1;7.6.1958;0;1
FRANSUVA;1;2.9.1956;1;0
CARMELA;1;30.7.1928;0;1
AXEL;1;4.4.1976;1;0
POLIKAR;1;22.8.1919;1;0
MAHVASH;1;7.12.1960;0;1
MAREK;1;4.5.1947;1;0
ROZALINA;1;30.7.1951;0;1
JAKELIN;1;23.10.1946;0;1
DIEGO;1;2.12.1991;1;0
ASIMENYA;1;10.10.1921;0;1
NORBERTO;1;18.2.1957;1;0
FLAVIO;2;7.12.1940;2;0
PIERO;1;3.12.1943;1;0
RENITA;1;20.2.1988;0;1
MEKKINE;1;22.2.1967;0;1
SIGUL;1;8.5.1990;0;1
ELTURU;1;11.4.1932;1;0
NURSEMIL;1;27.2.1961;0;1
NUKFET;1;7.11.1982;0;1
DANFER;1;2.7.1939;0;1
SEYHMA;4;22.5.1988;0;4
NEFIZAR;2;26.4.1954;0;2
HURKA;2;24.1.1944;0;2
CAGAC;4;25.5.1979;4;0
CUMAZEYE;1;16.11.1963;0;1
SEVTUL;1;29.2.1986;0;1
ZIINNET;1;12.8.1935;0;1
MEIDIN;2;5.1.1946;2;0
NEBIT;2;12.5.1962;2;0
MUNEVHER;1;25.8.1955;0;1
GUMUSHANIM;1;22.8.1943;0;1
SELVETA;1;12.8.1953;0;1
IDRAKI;2;13.2.1958;2;0
BILKES;1;7.2.1988;0;1
SELAHIR;2;27.2.1974;2;0
FEHMUDE;1;7.2.1946;0;1
YANZIE;1;15.8.1981;0;1
MIRSEYIT;2;16.6.1962;2;0
PONA;1;2.8.1915;0;1
MUDERES;1;26.5.1966;0;1
GULSIDA;1;13.2.1956;0;1
NURKES;1;21.9.1966;1;0
NTERIA;1;6.2.1977;0;1
ZADIKE;2;24.1.1954;0;2
NEHRIVAN;1;2.5.1969;0;1
AYSEVGI;1;3.3.1946;0;1
GULMUREN;2;13.4.1966;0;2
SELIAN;2;10.8.1970;0;2
CEYIBE;11;26.5.1955;0;11
BENDIVELAT;2;28.8.1974;2;0
OLKU;3;1.10.1956;0;3
MERZUME;3;27.1.1940;0;3
SERKUS;1;28.5.1983;0;1
VECIP;2;18.2.1967;2;0
NEFAYAL;1;28.5.1962;0;1
NAZLIGONUL;1;4.8.1955;0;1
MAFIKA;1;28.9.1938;0;1
SUCAUTTIN;1;10.7.1944;1;0
DUYHAN;2;7.1.1988;2;0
AFZAL;1;22.4.1951;1;0
CIYDEN;2;24.7.1959;0;2
DURUDIREM;1;25.3.1979;0;1
KHAVA;1;4.1.1969;0;1
NITTO;1;2.2.1933;0;1
PIROSHAN;3;10.5.1956;0;3
MIDYENE;1;27.2.1968;0;1
IHTIDAR;1;7.2.1988;0;1
GULUZHAN;1;27.2.1956;0;1
NEKKIYE;1;14.8.1985;0;1
NAZIRRE;1;1.10.1961;0;1
PELSIMI;1;2.2.1975;0;1
HASILA;1;22.2.1961;0;1
NAMSE;1;17.5.1952;0;1
SADDAN;1;14.2.1987;1;0
BUNANIYE;1;21.9.1968;0;1
SENHAT;2;12.2.1968;1;1
MEKRIFE;1;22.2.1955;0;1
TEVILE;2;11.8.1979;0;2
VECHIDDIN;1;27.11.1974;1;0
DESHIRA;1;18.9.1970;0;1
TINGIZ;1;20.10.1948;1;0
CANTAMER;1;29.10.1964;1;0
BOAZ;1;9.2.1929;1;0
BAHBEYIT;1;29.5.1955;0;1
ENEGRETA;1;19.5.1976;0;1
CEVRIN;5;22.2.1964;0;5
MENENTGUL;1;7.2.1946;0;1
TAALAN;1;4.4.1964;0;1
YURTGEN;1;25.3.1943;1;0
YELMEN;1;16.10.1982;0;1
ZURUM;1;2.7.1927;0;1
KATALINA;1;2.8.1957;0;1
ECDEN;1;23.4.1973;0;1
HAYRUTTIN;1;27.7.1938;1;0
YESMIL;1;18.9.1955;0;1
DESTIGUZEL;4;1.7.1962;0;4
FATMEGHIUL;1;6.7.1976;0;1
MERDIS;2;25.1.1944;0;2
SELEKIYE;1;22.8.1943;0;1
MUFARE;2;2.8.1945;0;2
FILISTER;1;17.8.1960;1;0
ZAFERULHAKAN;1;24.1.1973;1;0
ZIFADE;1;17.8.1954;0;1
FERAMETTIN;2;12.5.1959;2;0
GULTAMUR;1;26.6.1959;0;1
ILBABE;2;11.2.1952;0;2
CENABIYE;2;28.11.1939;0;2
HANDAM;2;7.8.1962;0;2
ANAKIZI;2;1.5.1963;0;2
FILDUZ;1;2.8.1951;1;0
REMZADE;1;7.8.1952;0;1
CIHAVER;1;14.5.1954;0;1
OKAV;2;5.3.1975;2;0
BILALO;1;29.6.1924;1;0
OGTEN;1;24.6.1952;0;1
HALIMEI;3;11.7.1952;0;3
NURZIHAN;1;11.2.1936;0;1
RICHART;1;2.9.1977;1;0
DORU;3;17.4.1967;3;0
SAHSIRAN;1;22.7.1943;0;1
GULBALCA;1;9.2.1990;0;1
TUBUYA;1;27.10.1966;0;1
BELVE;2;28.1.1987;1;1
YURDAOL;1;27.6.1937;1;0
SOO;1;16.9.1960;0;1
TUBET;2;11.1.1976;1;1
BEDIZBAY;1;6.7.1936;0;1
NISALIYE;1;19.12.1972;0;1
PERIHUN;1;30.6.1943;0;1
ENVEREFE;1;9.2.1988;1;0
ALEXIA;2;24.11.1986;0;2
BINZAN;1;7.11.1952;0;1
NAHUR;3;23.5.1958;3;0
A.HUSAMETTIN;1;4.2.1927;1;0
AYFERAH;1;12.2.1935;0;1
ESGEL;2;20.2.1947;0;2
HAYRUSAN;2;26.4.1942;0;2
SOFIIA;1;4.5.1971;0;1
SERCI;1;20.3.1985;1;0
TENDURUST;1;22.11.1942;0;1
PEHRAZAT;1;22.2.1949;0;1
CERRAN;1;18.6.1981;0;1
ABDULMUHTEREM;1;19.6.1962;1;0
SULEYNMAN;1;16.4.1922;1;0
OKANIR;1;23.8.1990;1;0
SADIRUH;1;1.4.1959;0;1
ENDAZ;1;21.5.1940;1;0
OZCEN;2;13.8.1966;1;1
REFFAN;2;24.10.1949;0;2
YOGMETIN;1;7.9.1952;1;0
EBARE;1;19.6.1965;0;1
NARDENE;5;29.1.1961;0;5
MEHBUT;1;2.8.1945;0;1
MULINAZ;2;4.3.1956;0;2
ELEEDDIN;1;7.1.1963;1;0
CIHANETTIN;3;14.2.1968;3;0
CELVAMI;1;26.2.1955;1;0
NURDENA;1;21.6.1958;0;1
MEHMANA;1;22.12.1967;0;1
HAMIZER;3;7.1.1959;0;3
NARPIN;1;22.7.1972;0;1
TURABA;1;12.3.1959;1;0
HURNIZAM;1;16.3.1956;1;0
GEVAZ;3;18.10.1963;0;3
ATAYURT;2;29.10.1957;2;0
REHYAN;1;29.10.1991;0;1
CISMIS;1;27.3.1966;0;1
MURDAN;4;25.12.1966;1;3
MUPTALE;1;16.5.1976;0;1
NEVGU;2;30.3.1970;0;2
NATI;3;3.11.1976;2;1
NURAP;1;10.12.1968;0;1
FERECAN;1;2.2.1933;0;1
SEHREZET;3;25.5.1964;0;3
WARDA;1;2.8.1975;0;1
CEGIZ;1;28.9.1955;1;0
EPSER;1;23.7.1957;0;1
CEMILU;1;12.8.1923;1;0
OZEKIN;1;7.11.1946;0;1
SELAYTIN;1;2.4.1951;1;0
ZARAFETTIN;3;16.10.1950;3;0
HILEDIN;1;11.7.1991;1;0
TITIZ;3;16.8.1984;2;1
FIYIZAN;1;4.11.1933;0;1
GUMUR;2;14.3.1947;1;1
HUSIBE;1;17.2.1956;0;1
ABDULVESI;2;4.12.1972;2;0
NIJME;1;19.3.1972;0;1
BURKUN;1;27.2.1986;1;0
SEMSIBEHIYE;1;8.4.1980;0;1
MESULIYET;1;28.4.1962;0;1
MATLAB;1;17.11.1966;0;1
SAAIT;2;8.9.1978;2;0
ABDULFELIT;1;27.6.1986;1;0
HARUNUR;1;6.8.1978;1;0
SHARMILA;1;23.11.1978;0;1
NEZMIHA;2;15.1.1950;0;2
ALEXANDRU;3;2.2.1991;3;0
HIDIRIYE;1;7.6.1939;0;1
HIDAYETDIN;1;9.1.1967;1;0
ILFEZ;1;13.6.1962;0;1
DIRIHSAN;1;12.8.1935;0;1
MEVHIBA;1;29.11.1969;0;1
MERTBEY;3;16.3.1979;3;0
YARADANAKUL;2;7.12.1974;1;1
BENDIYAR;5;7.12.1953;0;5
SAHIDUKTAN;1;18.4.1939;0;1
MAKMUZE;1;1.2.1932;0;1
KEVKET;1;7.2.1970;0;1
UMZELIYE;1;27.5.1956;0;1
KILARE;1;18.5.1980;0;1
ZULKE;1;12.8.1947;1;0
HITRELLEZ;1;17.1.1960;1;0
MURHAYET;1;18.2.1972;1;0
MERVANE;2;23.6.1988;0;2
SUNAYA;2;22.10.1961;0;2
GURDANI;1;15.1.1947;0;1
MURESSILE;1;28.2.1925;0;1
CELME;1;7.8.1934;0;1
NUVISTER;1;12.5.1934;0;1
HANBUTAY;1;19.4.1972;1;0
ILTUG;2;24.7.1976;1;1
DOGANBAY;1;11.11.1950;1;0
ZALIZAR;2;24.10.1940;0;2
GUNSUNAN;1;18.9.1938;0;1
BUGRU;3;5.7.1965;2;1
RADOSTINA;1;11.12.1979;0;1
ALITAMER;2;28.1.1968;2;0
KAPTANI;1;27.6.1953;1;0
GURCICEK;1;10.8.1937;0;1
NEVLIGUL;1;12.8.1935;0;1
ALEDTIN;3;27.12.1948;3;0
ADIVYE;6;23.10.1963;0;6
EMINKAN;1;11.11.1985;1;0
ALDIYANA;1;5.10.1988;0;1
CETINHAN;2;11.4.1986;2;0
SERAK;1;16.10.1956;1;0
MEFSUN;1;27.3.1961;0;1
NURUZAMAN;1;1.2.1958;0;1
ALIBURAK;1;16.10.1982;1;0
ERRAUF;1;2.12.1987;1;0
GUNBATI;2;11.9.1964;0;2
MUNTUA;1;7.4.1957;0;1
EHRUN;1;9.9.1970;1;0
GULARSU;1;9.8.1949;0;1
SERJIN;1;18.10.1975;0;1
HURSEV;3;14.2.1971;3;0
ICNIR;1;2.8.1939;0;1
BERDIYEVA;1;2.4.1967;0;1
ULUNGE;1;18.2.1939;0;1
NIKFAL;1;10.8.1930;0;1
GULSELMA;3;8.1.1976;0;3
ALESSANDRO;2;12.1.1965;2;0
DILFIRIP;1;25.1.1954;0;1
A.NEJAT;1;27.8.1926;1;0
M.HAYATI;1;17.11.1932;1;0
NILBANU;3;2.11.1973;0;3
GOZEREN;1;27.3.1956;1;0
ERTIROL;1;28.1.1947;1;0
DILFAR;3;11.7.1966;0;3
HURIYEH;1;12.8.1953;0;1
GULVAHIT;1;9.3.1955;0;1
NAMUR;1;1.5.1958;0;1
ERENUR;1;26.8.1946;0;1
EYUBSABRI;1;13.10.1956;1;0
ERCEL;6;13.2.1958;5;1
SADIGAR;2;30.9.1953;0;2
MUEYZEN;1;2.8.1927;0;1
ZEVAYER;1;2.8.1939;0;1
SAHATAY;2;28.4.1985;2;0
PAULETTE;2;22.6.1944;0;2
SEMAYIGUL;1;1.4.1966;0;1
DURANGAZI;2;7.10.1955;2;0
MEKNUNE;4;9.4.1965;0;4
SAZO;4;11.2.1962;1;3
SIRTAS;1;29.7.1981;1;0
GULCOHRA;1;29.10.1953;0;1
MUKUBAR;1;22.1.1955;0;1
MUCASEN;1;21.9.1934;0;1
HAYZIT;1;8.2.1937;1;0
SAEEDEH;1;1.7.1979;0;1
ZULKUFCAN;1;15.1.1992;1;0
BALTIK;1;7.3.1988;0;1
NURSULH;1;3.1.1955;1;0
FATOSNUR;1;6.2.1981;0;1
BEHLULCAN;1;13.9.1984;1;0
A.HAFIZE;1;15.7.1939;0;1
GOKSIM;5;10.8.1978;2;3
IRDIHAN;2;24.1.1951;1;1
RUZIGAN;1;12.8.1929;0;1
MEZIYAL;1;9.4.1931;0;1
NURICER;1;25.10.1973;0;1
MINIYET;1;22.11.1949;0;1
BENYIL;1;21.10.1981;0;1
TUGBANAGUHAN;1;3.7.1975;0;1
SINYAL;1;23.2.1952;1;0
UZUFE;3;27.1.1953;0;3
REZIDE;1;16.11.1958;0;1
OZLEMDENIZ;1;17.7.1978;0;1
MEFRUDA;1;14.8.1989;0;1
SECAET;1;10.9.1946;0;1
FERSANDAL;1;6.6.1943;1;0
NEDREN;1;8.4.1961;0;1
MECLA;3;28.6.1967;0;3
YARSIN;1;29.8.1968;1;0
ISETAY;1;19.2.1959;1;0
TAYYUR;2;25.3.1959;2;0
BADUS;1;2.8.1957;0;1
SAHBU;1;23.7.1949;0;1
MAHTUF;1;18.4.1956;1;0
ZEYYE;3;4.11.1957;0;3
SEFIDIYE;2;6.12.1961;0;2
FERVEZ;1;12.2.1966;1;0
TUMUKAN;1;27.3.1932;0;1
SAITER;1;3.12.1961;1;0
GAYBAN;1;12.10.1965;0;1
NIGDAYI;1;29.10.1958;1;0
AJLAHAN;1;1.8.1941;0;1
BATURBEY;2;27.7.1974;2;0
SERUSAN;3;8.6.1939;0;3
FERAHSAD;1;9.5.1943;0;1
YASAROMUR;1;21.4.1941;0;1
CHANDRA;1;29.7.1990;0;1
IGVEN;1;10.12.1975;0;1
MEBSURE;7;16.4.1959;0;7
BIRCANI;2;26.12.1948;1;1
FIJEN;1;15.10.1965;0;1
INDIRIN;1;12.2.1977;0;1
MEMDURE;2;11.10.1946;0;2
PERDENESIR;1;2.2.1975;0;1
NICMIYE;6;17.12.1965;0;6
GURBE;2;26.6.1984;0;2
DIRVER;1;17.2.1990;1;0
GUNEYYEN;3;13.1.1954;0;3
VESILIYI;1;27.2.1962;0;1
RECEYIP;1;13.4.1977;1;0
NUROYA;1;24.4.1987;0;1
NERGUSE;2;16.4.1954;0;2
NACIYECAN;1;6.3.1988;0;1
TIMURKAN;2;12.11.1958;2;0
ZATIRE;1;1.11.1964;0;1
ABDULE;1;2.2.1951;0;1
GULFATIME;1;27.7.1948;0;1
TEMIKAN;1;12.2.1965;0;1
TAKVIME;1;10.11.1985;0;1
SULFATE;1;3.4.1962;0;1
HEYATE;1;2.2.1963;0;1
AKAS;1;9.3.1979;1;0
ADYE;1;21.4.1981;0;1
KEYSUMA;1;22.2.1973;0;1
USRA;2;21.11.1972;0;2
HAVIDAR;1;30.6.1983;0;1
PELSINI;1;7.2.1976;0;1
HEYHAN;4;7.3.1963;0;4
GEYDO;1;7.2.1964;0;1
PORA;1;2.5.1975;0;1
AYDIME;1;17.2.1972;0;1
GURBETTIN;4;20.1.1978;4;0
MISLIMAN;2;9.3.1981;0;2
PUKEZZIBAN;1;2.6.1981;0;1
ELEZGIN;1;23.12.1979;1;0
ILLEDDIN;1;2.2.1963;1;0
RESBIN;1;27.4.1980;0;1
MEHAN;3;20.7.1963;1;2
SULTIYE;3;7.4.1976;0;3
MUTTIN;1;22.8.1943;1;0
REZANI;2;2.8.1947;0;2
DINARI;2;16.6.1967;0;2
RIZZAN;2;16.4.1972;2;0
METHA;5;29.9.1974;0;5
RUSEYLE;1;7.4.1970;0;1
NEYULA;1;22.2.1949;0;1
EMIRZEYDAN;1;12.2.1971;1;0
NAYAZ;1;25.9.1971;1;0
DILFAN;1;1.10.1990;1;0
HILAGU;1;1.2.1946;1;0
MIMLANI;1;11.7.1975;1;0
BADISEBAH;3;20.1.1952;0;3
NAZIKEL;1;22.4.1967;0;1
SELAZ;1;17.4.1936;0;1
BEYRIVAN;2;11.11.1989;0;2
TOTUS;5;17.4.1945;1;4
ARMUT;3;29.5.1942;0;3
GEJIZER;2;24.5.1955;0;2
GULFEDER;1;22.2.1973;0;1
TEJDIN;1;2.10.1957;1;0
MISIVRET;4;19.2.1967;0;4
FITMAZ;1;16.3.1958;0;1
SERMO;1;21.4.1971;0;1
CICEKCI;1;7.2.1964;0;1
SENGA;1;7.6.1982;1;0
MENTO;2;19.3.1963;0;2
BENISADDA;1;29.5.1938;0;1
SIDARE;1;12.9.1989;0;1
SELTANI;1;26.4.1949;0;1
DURKET;1;7.3.1984;0;1
LURUZE;1;22.3.1972;0;1
KURDAN;5;6.12.1975;1;4
BITUM;1;12.2.1965;0;1
NEDMIYE;1;21.8.1969;0;1
SEFERO;1;1.5.1942;1;0
SOFUK;1;17.8.1924;1;0
MINZAMIN;1;30.6.1970;1;0
KEDO;1;17.7.1972;0;1
NEFISIRVAN;1;2.2.1963;0;1
SEPHO;1;28.3.1949;0;1
PENBIYE;2;23.10.1970;0;2
TURKOLMEZ;2;8.2.1965;2;0
YAGMURCA;1;8.1.1990;0;1
HAFKA;1;27.8.1932;0;1
GULNURGUL;1;4.11.1971;0;1
OVGUHAN;1;3.3.1981;1;0
SEVILBOY;1;22.5.1961;0;1
SEMEYET;1;23.2.1971;0;1
SELASER;6;14.2.1934;0;6
INHAN;1;14.5.1944;0;1
GARDENYA;1;14.3.1982;0;1
GURZAN;2;17.10.1987;1;1
SAFAKGULU;1;8.7.1967;0;1
AZEMSIR;1;30.4.1972;1;0
CICEC;1;18.11.1965;0;1
MUDRESEM;1;12.2.1953;0;1
MUCADER;3;6.4.1966;0;3
LAYEN;1;26.6.1942;0;1
NEBER;3;12.5.1958;0;3
TORSUN;2;29.6.1938;2;0
FUZRUZAN;1;22.7.1965;1;0
MIHDENIZ;1;19.2.1977;0;1
KEZILI;29;16.6.1960;0;29
GULAMIN;5;27.1.1968;0;5
BURUKSEN;1;24.3.1950;0;1
YILDIRIMHUN;1;8.6.1967;1;0
MUCDIN;2;9.11.1961;2;0
RAGIN;1;2.5.1981;1;0
PABBA;1;18.8.1937;0;1
NAMEGAR;2;15.6.1952;0;2
NEHINDER;1;16.8.1937;0;1
SUHEYNE;4;6.12.1962;0;4
BEDIAH;1;13.5.1967;0;1
EBUCIHAT;7;30.9.1990;7;0
IBNENIYE;2;2.6.1974;0;2
ZIHET;2;2.9.1976;1;1
EFNEN;1;14.9.1991;0;1
SIZGIN;2;28.7.1962;1;1
BERLAN;1;12.8.1982;0;1
KADOZ;1;6.1.1988;0;1
DARYOS;1;18.1.1988;1;0
VATA;2;17.1.1952;0;2
YEVDOKIYA;1;8.10.1975;0;1
ASRAFIL;4;14.3.1978;4;0
ZAHRO;1;17.2.1966;0;1
ICALE;1;19.3.1940;0;1
ALPKEMAL;1;7.5.1990;1;0
REHPAN;1;26.7.1966;0;1
SULKEFIL;1;26.4.1965;1;0
DILJIN;3;18.3.1986;0;3
SEPERINE;1;23.3.1961;0;1
SIMSIME;1;27.2.1992;0;1
BIBARAN;1;22.1.1973;0;1
NEGMEN;1;14.11.1977;1;0
MEHMETSIYAR;2;22.5.1990;2;0
NEJBIRA;1;16.2.1992;0;1
MUSEBI;1;21.4.1929;0;1
HAMUCE;1;17.2.1966;1;0
FERIYAS;4;18.7.1950;0;4
HAKISE;3;27.1.1974;0;3
HABIDULLAH;1;16.5.1968;1;0
HAFRI;1;2.2.1969;0;1
OLKIN;1;3.3.1987;0;1
CICEKE;1;17.8.1924;0;1
TEVFA;1;14.3.1971;0;1
ZUHAYR;1;4.4.1981;1;0
KARAORKUN;4;13.4.1978;4;0
BEVDA;1;14.11.1978;0;1
UMITSEL;3;30.1.1955;1;2
MILASSEL;1;9.5.1964;0;1
HANICE;2;18.7.1958;0;2
KARAISMAILOGULLARI;1;5.4.1976;1;0
ARZIMET;2;7.3.1974;0;2
NEVMIHAL;2;22.9.1965;0;2
NELCIZ;1;24.3.1949;0;1
SASKIA;1;9.5.1965;0;1
YISAY;2;29.1.1966;2;0
YEHIYEL;1;23.2.1952;1;0
YUNE;1;19.9.1956;0;1
FERNANDO;4;8.7.1941;3;1
DIYAMENTI;1;19.6.1924;0;1
KATHLYN;1;25.5.1943;0;1
ASTRO;1;23.3.1952;0;1
YILDIZTAN;2;12.7.1956;0;2
SUNHULA;1;12.8.1923;0;1
FLAVIANA;1;6.6.1951;0;1
JANBER;2;1.7.1948;2;0
NARYA;2;4.2.1964;0;2
NEHVICAN;1;6.1.1943;0;1
MARNIE;1;7.2.1974;0;1
AUDE;2;29.12.1960;0;2
ZUSAN;2;2.6.1960;0;2
JULY;1;4.12.1988;0;1
LEHA;1;25.7.1977;0;1
VECNAZ;1;11.3.1961;0;1
GEZA;2;30.11.1938;1;1
MOIZE;1;21.2.1947;1;0
RIYAZET;1;10.2.1928;0;1
ZAVIR;1;25.9.1960;1;0
PIERINA;2;28.4.1942;0;2
PULISE;1;17.10.1918;0;1
LIOBUV;1;15.2.1974;0;1
BAYDO;1;24.12.1936;1;0
LOIZE;1;4.10.1936;0;1
LUIZET;1;12.2.1947;0;1
ELIYON;1;24.12.1925;0;1
SILIS;1;18.8.1979;0;1
YILKUN;2;12.7.1968;0;2
CEDRIC;2;21.9.1961;2;0
MEMNUNEI;1;3.10.1920;0;1
BINFER;1;1.12.1966;0;1
LUCIANNA;1;11.6.1952;0;1
CLAUDIO;2;9.10.1945;2;0
ATESA;1;17.8.1972;0;1
AYSETOMRIS;1;16.5.1960;0;1
SUZETTA;1;22.8.1925;0;1
LOTE;1;17.11.1926;0;1
GHISLAINE;2;26.8.1958;0;2
BILHA;2;20.12.1965;0;2
ELEONERE;1;3.8.1950;0;1
RUFAIL;11;24.2.1955;11;0
SUNLIN;1;22.8.1925;0;1
OLSA;1;21.8.1972;0;1
HARUKA;1;4.6.1966;0;1
BENITO;1;17.3.1936;1;0
BINOK;1;17.12.1954;1;0
DORIA;1;27.8.1926;0;1
BENEVA;1;3.4.1923;1;0
FILORIDA;1;12.8.1911;0;1
YEHIEL;1;7.7.1974;1;0
GHALEP;1;1.9.1950;1;0
GUNDEGER;1;8.2.1934;0;1
HENRIET;2;14.11.1964;0;2
ILOGESI;1;16.4.1943;0;1
JANIV;1;5.4.1950;1;0
ANNELISE;2;1.11.1944;0;2
MANOEL;1;12.8.1947;1;0
WINIFRED;2;20.8.1936;0;2
RAKELE;1;23.9.1959;0;1
MAZLIYAH;1;7.3.1947;1;0
M.CEVAT;2;14.4.1955;2;0
HERTHA;1;27.2.1932;0;1
JARVIS;1;14.4.1984;1;0
ORIETTA;1;5.12.1962;0;1
MYRIAM;1;29.6.1959;0;1
MITRI;14;10.7.1954;14;0
UGO;2;25.6.1954;2;0
MARCELLO;1;19.6.1932;1;0
PELAGIA;1;27.8.1932;0;1
RAKELLA;1;27.2.1950;0;1
NECIDET;8;8.3.1959;8;0
SEHRIHANU;1;30.10.1945;0;1
RADOSVETA;1;8.8.1962;0;1
OJINI;1;16.3.1941;0;1
COIS;2;12.6.1966;0;2
OSVALDO;1;4.2.1946;1;0
SEYDILLAZ;1;12.7.1965;1;0
SEITAB;1;2.5.1973;0;1
MEHDUHA;3;25.11.1961;0;3
MUALLLA;1;28.4.1952;0;1
YAGSI;1;22.6.1949;1;0
SUEHHIL;1;16.5.1935;1;0
SEYYINDE;1;7.8.1940;0;1
NEVRISA;1;23.11.1941;0;1
CAGSAN;2;18.7.1990;2;0
ALIBERKI;1;23.3.1983;1;0
DENIREH;1;12.8.1953;0;1
ZUERA;2;9.1.1953;0;2
MOLOTA;1;12.8.1947;0;1
DILCAL;1;7.2.1946;0;1
ATIRA;3;16.5.1963;0;3
EZZADIYE;1;12.8.1941;0;1
PETUNYA;1;14.2.1990;0;1
LANIYE;2;29.4.1936;0;2
HUYRUNNISA;1;15.2.1976;0;1
MERAMSAH;2;5.11.1957;0;2
GULSABAK;2;22.4.1954;0;2
HAZARIYE;2;5.9.1947;0;2
SADIMA;3;22.6.1966;0;3
ALIFIKRET;1;12.2.1965;1;0
SUBHITTIN;1;23.6.1940;1;0
SCOTT;1;24.4.1985;1;0
YADOL;2;20.8.1976;0;2
FUKAN;3;10.7.1964;1;2
ERGUVUN;2;8.8.1946;0;2
NUYEN;2;19.10.1950;0;2
KADERGULUM;1;20.2.1971;0;1
KUR''SAD;1;25.3.1978;1;0
OGUS;2;30.12.1934;2;0
DILMAYI;4;15.5.1948;0;4
ELAHE;1;12.8.1977;0;1
BURU;1;27.8.1950;1;0
BIMA;1;23.1.1983;0;1
MAR;1;25.9.1977;0;1
SERBUR;1;13.7.1939;0;1
HUBA;4;20.3.1980;0;4
TUZBENT;1;16.9.1968;0;1
OZYAMAN;1;9.4.1941;1;0
GUZEYRA;1;18.9.1980;0;1
SAHBEYLER;1;27.2.1944;1;0
NUZHE;3;26.10.1946;0;3
BERYEM;1;13.8.1974;0;1
GULSEPER;1;22.6.1961;0;1
HADEN;8;3.9.1961;0;8
DUMUS;1;1.4.1961;1;0
FERDAVUZ;2;24.4.1942;0;2
SIRMAZULUF;1;22.8.1955;0;1
ARJENBAVER;1;12.2.1989;1;0
BENGAJIN;1;12.4.1990;1;0
KEMINAT;4;18.7.1952;0;4
EMRUSUM;2;9.4.1940;0;2
HEKMI;1;30.3.1967;0;1
NEYIZE;1;22.1.1955;0;1
ILMAT;1;2.4.1962;1;0
SIRANI;1;21.9.1969;0;1
MURFAZA;1;27.2.1968;0;1
MERSAY;1;11.5.1963;1;0
RUHIGAR;1;10.11.1932;0;1
KURTTAN;1;28.9.1938;0;1
NICARI;1;19.6.1967;0;1
FATUME;2;10.7.1954;0;2
FELMIYE;2;29.8.1962;0;2
GOCAY;2;3.7.1987;0;2
UTAKAN;1;11.11.1978;1;0
OKDINC;1;2.10.1977;1;0
MENDAN;2;30.3.1965;2;0
SEDIRATTIN;1;6.12.1980;1;0
SITEMUKAR;1;27.8.1950;1;0
MERITHAN;2;4.9.1962;0;2
SONKI;2;27.2.1959;0;2
SAHMETIN;3;29.4.1964;3;0
YAYSEL;1;25.10.1966;0;1
CANISIK;1;22.2.1955;0;1
ERZEDE;1;27.12.1948;1;0
ALPELI;1;8.5.1943;1;0
MONET;1;26.1.1955;0;1
KORINNA;1;22.3.1967;0;1
ELWESI;1;22.6.1951;1;0
MARYL;1;10.1.1991;0;1
LOREN;1;6.12.1962;0;1
YASEVIN;3;6.5.1971;0;3
FABRIZIO;1;19.8.1983;1;0
ENRIKO;1;20.8.1971;1;0
ALEGRINA;1;7.12.1923;0;1
VIKTORA;1;22.4.1919;0;1
HAY;3;20.11.1975;2;1
NURASIYE;6;20.3.1965;0;6
PENINA;1;12.6.1951;0;1
JACQUES;1;23.1.1985;1;0
TUKE;1;28.1.1944;0;1
ILANIT;1;29.2.1980;0;1
GUNENUR;1;11.12.1946;0;1
SUERDEN;1;13.10.1938;1;0
IRKAT;1;25.3.1933;0;1
TOMRINC;1;17.2.1942;0;1
JANGIS;1;29.12.1990;1;0
YEHUDIT;1;20.11.1945;0;1
CEYYEM;1;17.2.1971;1;0
HAIFA;1;1.11.1973;0;1
ZIYDAL;1;28.6.1977;0;1
ZIJEL;1;2.8.1915;0;1
SEWARA;1;5.7.1983;0;1
SEMSTULU;1;24.9.1969;1;0
GULMERDAN;2;27.8.1932;0;2
FRANSUVAZ;1;25.5.1953;0;1
CENANEDDIN;1;1.1.1927;1;0
ZEYNUNNISA;1;29.4.1924;0;1
HASAFET;1;25.3.1929;0;1
DOLSIN;1;14.3.1955;0;1
YUJESTE;1;16.3.1959;0;1
BENCI;1;13.11.1982;1;0
BERJESTE;1;17.7.1958;0;1
NINETTA;1;27.10.1962;0;1
EFRASEN;1;24.6.1963;1;0
HORILAYN;1;29.8.1973;0;1
CANDANGUL;2;22.11.1972;0;2
DUBIL;1;22.9.1973;1;0
BERHUDE;2;12.10.1985;0;2
SANCAKHAN;1;9.7.1972;1;0
BAGLI;8;12.4.1964;8;0
MEBUSER;1;20.7.1936;0;1
RABINE;2;11.2.1948;1;1
SENEHAT;1;16.2.1935;0;1
ASNADIR;1;1.10.1951;0;1
ERKSAY;1;29.10.1974;1;0
SUMDUZ;3;24.8.1953;0;3
BIHTIRIN;1;12.2.1941;0;1
AYBUGEN;1;2.8.1964;0;1
RUKIYENUKHET;1;16.6.1957;0;1
BERGHAN;1;3.3.1988;1;0
BIRHITAP;1;29.8.1951;1;0
CANTULGA;1;21.5.1962;1;0
OZJAN;1;13.9.1971;1;0
SIPIL;1;9.3.1979;0;1
MEHSEN;2;9.2.1983;0;2
TEYKUN;1;22.6.1967;0;1
TEYGUN;2;6.11.1952;0;2
GIANNI;3;24.1.1984;3;0
SULKIF;1;22.3.1973;1;0
BECERGEN;1;28.11.1936;1;0
PULATHAN;1;11.12.1969;1;0
KEBIS;1;25.6.1943;0;1
TAJAN;1;6.12.1972;1;0
JUMI;1;22.8.1961;0;1
ISMETANIM;1;27.8.1956;0;1
BESLIM;2;5.11.1958;2;0
KAMAY;1;11.6.1975;1;0
MUAMMMER;1;14.12.1960;1;0
OLVAN;1;10.1.1988;1;0
MULPERA;1;2.6.1969;0;1
REYSUL;3;12.2.1968;3;0
ULFAT;2;10.1.1938;0;2
ZILKINAZ;1;19.3.1954;0;1
OMURYAT;1;1.4.1947;0;1
SEHIZEN;1;12.3.1953;0;1
MURGU;1;22.2.1960;1;0
TUMERAL;1;24.5.1973;1;0
ONKUN;1;8.7.1936;1;0
KADERAY;1;1.9.1978;0;1
MAHTAR;1;27.8.1926;0;1
ABDULHAYIT;1;22.8.1949;1;0
ERDUHA;1;19.7.1989;1;0
ZIYAHUTTIN;1;16.5.1950;1;0
BIRAYALP;1;5.1.1991;1;0
GENFER;1;16.10.1941;0;1
PARLANUR;7;30.6.1966;0;7
FERZMIYE;1;12.4.1941;0;1
NURHANDAN;1;27.10.1968;0;1
NALIAN;1;12.8.1971;0;1
KAMUTAY;2;12.12.1969;2;0
MEBRUR;3;22.3.1947;0;3
VEVIL;1;22.4.1955;0;1
DILARARUKSAN;1;2.5.1963;0;1
SIDKIYA;5;21.12.1965;0;5
RINE;1;21.3.1972;0;1
NURHEDEF;1;11.7.1989;0;1
SUGADE;1;16.7.1981;0;1
MUCEYIZ;1;19.6.1940;0;1
GIRBET;1;5.2.1975;0;1
SERMEHMET;2;1.5.1977;2;0
ABDULVAHED;1;15.12.1969;1;0
MUCEYHAN;1;22.5.1943;0;1
ELFUL;1;27.6.1950;0;1
HULAGUN;1;25.4.1967;0;1
ERAYGUL;1;14.11.1974;0;1
FEZIDE;6;12.4.1959;0;6
NEBILNUR;1;26.11.1980;1;0
COSKUNSEL;1;1.9.1936;1;0
BERFIL;2;25.10.1983;0;2
ATABAYHAN;1;2.2.1957;1;0
BERZIYE;2;6.6.1960;0;2
TALATCAN;2;12.8.1991;2;0
MURATMUTLU;1;23.7.1973;1;0
TUNEN;2;28.2.1964;1;1
HITIME;1;12.8.1947;0;1
SERVIRANS;1;28.1.1956;0;1
GURYAN;1;18.6.1954;0;1
CUREYHA;1;14.5.1973;1;0
SEKERKNAZ;1;5.3.1962;0;1
SAHANI;3;8.9.1962;0;3
ABDULREKIP;1;6.1.1956;1;0
PURCICEK;1;1.1.1954;0;1
SIMIZAL;1;19.8.1949;0;1
FIRDUN;1;6.10.1961;0;1
GULESMAN;2;30.3.1965;0;2
ALIDEN;1;26.4.1934;0;1
SERMIYA;4;26.5.1967;0;4
ZILEHA;2;17.9.1964;0;2
SACAADDIN;1;24.5.1962;1;0
ETUS;1;12.8.1953;1;0
SITMERYEM;1;22.2.1979;0;1
SAPPER;3;10.12.1961;0;3
EDIAN;1;18.1.1966;0;1
ISSET;1;27.5.1956;1;0
TULYAR;1;1.10.1958;0;1
IFTIKAR;2;15.7.1977;0;2
CANBATU;1;11.11.1990;1;0
BERSAY;2;27.1.1963;1;1
ERDIHAL;1;1.9.1972;0;1
EBRI;4;23.4.1968;3;1
M.NECIM;1;29.5.1946;1;0
RUHUYDE;1;17.2.1956;0;1
CILVA;1;11.9.1964;0;1
SAMAI;2;2.12.1946;1;1
TEBYEDIN;1;28.4.1968;1;0
HAYVAZ;1;28.11.1980;1;0
NESLIMA;3;7.2.1984;0;3
ESTELLE;1;4.12.1957;0;1
KECERI;1;17.2.1984;0;1
ABDULMENES;1;24.10.1978;1;0
DILKUSAD;1;29.10.1945;1;0
HAZBA;1;27.8.1944;0;1
ZULIFA;11;24.6.1975;0;11
NURBEDEN;3;26.11.1957;0;3
HATTIYE;1;11.4.1952;0;1
ERCINAR;2;5.1.1977;2;0
SATLIYAN;2;15.4.1950;0;2
MUSADIK;3;23.5.1956;3;0
MOLATA;1;12.8.1953;0;1
GUNNUS;2;18.4.1968;0;2
TUGDE;3;24.5.1984;0;3
LUCIE;3;24.12.1963;0;3
NEVFILIZ;1;10.1.1955;0;1
HIDAN;2;26.10.1945;1;1
EFLAHIM;1;12.2.1962;1;0
FERYET;1;2.12.1975;1;0
MACIDEI;1;24.3.1930;0;1
VASILA;6;3.3.1964;0;6
ZEKAYYI;1;1.8.1972;1;0
BAHDUR;1;3.2.1990;1;0
TUBER;4;30.4.1966;1;3
HEYSA;2;3.8.1975;0;2
FIYLA;1;4.4.1963;0;1
TEMELER;1;23.9.1969;1;0
IREMZI;2;26.11.1959;2;0
BIRHAT;6;10.8.1986;4;2
FIRDEVISI;1;1.4.1953;0;1
CENNIK;3;20.12.1936;0;3
MOHTABER;1;13.2.1964;0;1
HEFRIZE;1;7.2.1958;0;1
PEYKAL;1;21.9.1971;0;1
CEZVAT;1;24.7.1958;1;0
RACIM;5;26.7.1961;5;0
GULCADIYE;2;20.12.1961;0;2
SUZAHAN;1;1.2.1966;0;1
ESMEHANI;2;25.12.1943;0;2
SAYEZ;1;11.11.1957;0;1
NEVCIRAN;1;27.3.1968;1;0
TEVFIDIYE;1;13.9.1943;0;1
METIVAN;1;27.5.1950;0;1
OZLAL;2;22.9.1975;0;2
MENCU;1;28.7.1950;0;1
TAHLIHSER;1;9.8.1952;0;1
HULAFKI;1;27.2.1974;0;1
SAVKO;1;11.4.1968;0;1
MABUBA;1;22.2.1967;0;1
LETTO;1;6.2.1943;0;1
KIRYOS;1;17.4.1960;0;1
SENGE;2;25.12.1946;0;2
ZEMIYET;3;8.4.1980;0;3
UDA;1;7.8.1952;1;0
VULBIYE;1;17.4.1942;0;1
TURKALIYE;1;2.8.1945;0;1
SIRACIYE;1;18.10.1991;0;1
ADAKAL;1;7.7.1952;1;0
MUFDAT;1;7.5.1971;1;0
SAHYUNUS;1;6.10.1986;1;0
PAP;1;23.4.1936;0;1
AZIYAN;1;17.8.1942;0;1
EBUBILAL;1;4.2.1965;1;0
MUHAMMETSALIH;2;23.8.1972;2;0
IKDAN;1;17.8.1942;1;0
ZOHRAN;1;6.1.1945;1;0
ABDUG;1;29.3.1956;1;0
ZUNBILE;2;28.7.1949;0;2
ZULFICE;2;12.2.1941;0;2
DILYARE;1;10.12.1950;0;1
VURALCAN;5;12.11.1989;5;0
NETFA;1;22.2.1961;0;1
SEVIMGER;1;22.5.1962;0;1
NEZDA;2;13.2.1953;0;2
HALSIN;1;9.9.1987;0;1
EYFIDAN;1;26.3.1990;0;1
ZVEZDA;1;21.9.1969;0;1
ESLEHAN;1;12.10.1941;0;1
ZEVALETTIN;1;17.8.1930;1;0
ABDULLLAH;4;2.9.1979;4;0
RESAAT;4;2.2.1966;0;4
SEYEDEH;1;29.10.1964;0;1
MUTTEKI;1;8.12.1964;1;0
TELAHAT;2;16.10.1957;1;1
GULTAZEN;3;12.2.1958;0;3
ROJDIN;2;5.10.1986;1;1
SENDASEV;1;12.2.1967;0;1
ZURMUS;1;17.8.1912;0;1
CELAIDDIN;1;8.11.1961;1;0
RUGAN;1;17.7.1957;0;1
MAIPER;1;4.4.1939;0;1
MUSKUFE;2;27.4.1937;0;2
ARDANUC;1;21.12.1985;0;1
OZTEMUR;1;22.6.1963;1;0
SEZARET;1;25.6.1951;0;1
ISIKZEL;1;18.2.1940;0;1
KERKIP;1;30.2.1975;1;0
ZEYNEPE;1;21.10.1981;0;1
BEYTEKIN;4;24.12.1942;4;0
NUBARE;2;29.4.1959;0;2
MIRACIGUZUN;1;19.3.1989;0;1
PEYMENE;1;18.12.1961;0;1
ZULAYE;1;15.9.1969;0;1
ALPCETIN;2;20.8.1971;2;0
MULGE;1;21.2.1981;0;1
MEFRAN;1;7.4.1957;0;1
ERDUS;4;2.7.1950;4;0
OYTEN;1;1.2.1943;1;0
HAVABIL;1;6.7.1968;0;1
IMICAN;3;30.7.1972;0;3
NAALLA;1;10.1.1968;0;1
SEHNEL;1;28.2.1973;0;1
SAYYESTE;3;14.4.1963;0;3
TERFIHAN;1;1.10.1972;0;1
MUHFESER;1;21.8.1965;0;1
ERCIAT;1;12.8.1953;1;0
MUNASETTIN;1;26.5.1966;1;0
MURATILKER;1;24.11.1984;1;0
ILEC;1;17.2.1954;1;0
SUZEK;1;11.4.1949;0;1
MARIYAN;1;2.7.1975;0;1
FERAHTIN;1;9.10.1967;1;0
SELAISAH;1;7.8.1946;0;1
MUMERRA;1;1.10.1978;0;1
ALUK;1;9.8.1953;1;0
YANAN;1;11.2.1980;1;0
MEZHETE;1;19.8.1963;0;1
GELALA;1;29.10.1974;0;1
RADHAN;1;27.2.1956;1;0
RACIT;2;9.6.1962;2;0
BASIRETE;1;6.1.1981;0;1
SELHUM;4;26.4.1955;4;0
M.MAHSUM;1;5.5.1973;1;0
ZED;2;24.7.1968;2;0
CEVDE;3;22.5.1968;1;2
CIMERAN;1;5.7.1982;1;0
HURUYYET;2;21.9.1960;0;2
CEHCAH;1;30.9.1976;1;0
SUNRAL;1;14.2.1954;0;1
ABAZEL;2;10.2.1950;2;0
SEFIM;3;17.1.1966;1;2
KUBLI;1;21.4.1982;1;0
HEGIT;1;22.11.1988;1;0
MUJDELE;1;18.7.1969;0;1
YASARDEMIR;1;13.3.1942;1;0
MIMAYESE;1;29.5.1950;0;1
GUVENSERIF;1;29.3.1970;1;0
FIYYAZ;1;19.4.1942;1;0
HANAYI;1;2.2.1963;0;1
GULEYA;2;27.5.1962;0;2
HUSNUNAZ;3;27.3.1960;0;3
KIYANET;2;28.4.1968;0;2
BILGAH;1;17.5.1966;0;1
FERIYAH;1;27.2.1962;0;1
ILIAZ;1;24.2.1960;1;0
ERDET;2;25.3.1966;2;0
BENNARE;2;14.9.1942;0;2
TALIDET;1;21.6.1952;0;1
NOUFEL;1;22.10.1991;1;0
SELVIE;2;14.1.1973;0;2
SEVDIJAN;1;13.2.1980;0;1
HUDEZ;1;21.11.1942;0;1
CUMASEL;5;11.8.1971;0;5
MUZDEM;1;28.4.1981;1;0
JELIL;1;27.5.1974;1;0
GUSFENT;2;7.12.1948;0;2
PAHSIN;1;1.6.1961;1;0
NILGUHAN;2;18.11.1963;0;2
FELAH;4;19.9.1962;4;0
ALPENDER;2;1.1.1975;2;0
SELAFETTIN;3;6.9.1959;3;0
HUDADEN;1;29.7.1984;0;1
ESGAL;1;3.7.1973;0;1
NEJDATIN;1;14.7.1968;1;0
SABRITTIN;3;30.2.1961;3;0
GILIYMAN;1;24.1.1959;0;1
GULSET;5;21.9.1963;2;3
CUFERIE;1;18.9.1978;0;1
DOURDANE;1;19.8.1938;0;1
SETNEBEY;1;2.10.1951;1;0
YALMAZ;3;9.1.1970;3;0
SALAGUL;1;24.2.1967;0;1
KADIRIN;1;2.10.1989;1;0
ZUHCE;1;5.2.1937;0;1
SAKHYNZHAMAL;1;7.3.1967;0;1
SEVJAN;1;20.11.1972;0;1
YOUNOUZ;1;1.6.1930;1;0
APTIMUMIN;1;28.6.1961;1;0
AHMETREIS;1;19.8.1977;1;0
USKIYAR;3;2.4.1972;0;3
NEDJIBE;1;1.7.1971;0;1
GENAY;1;1.8.1988;1;0
ZEYFULLA;1;28.3.1930;1;0
MURFEL;4;2.9.1972;1;3
NEVTAN;4;2.3.1974;2;2
APTILAZIM;11;12.3.1955;11;0
UYGAN;1;22.9.1983;1;0
ZECIR;1;8.2.1949;1;0
PERTER;1;3.1.1972;1;0
ARIYEL;2;14.11.1954;1;1
INMAN;1;1.7.1957;0;1
SABPER;1;1.3.1981;0;1
MURSEDA;1;25.1.1959;0;1
MURTADE;1;16.6.1978;0;1
TESIR;1;5.5.1979;1;0
MAFERIN;1;12.6.1983;0;1
CAYILE;2;17.3.1963;0;2
BAHRIDIN;1;7.8.1946;1;0
MELIKINAZ;1;14.2.1956;0;1
ACARALP;1;25.9.1991;1;0
GUGA;1;22.8.1925;0;1
ABAZIYE;1;27.8.1950;0;1
INCIDAL;4;20.7.1980;0;4
SIVRET;1;16.6.1982;0;1
AYTOMUR;1;26.10.1952;0;1
ELVIYAN;1;21.11.1968;0;1
BEZAAT;1;11.7.1967;0;1
SEVKISER;5;23.8.1957;0;5
OZBAYAN;1;26.11.1940;0;1
VEYLULLI;1;13.4.1943;0;1
NATHALGE;1;2.10.1973;0;1
SENKA;2;9.2.1950;0;2
SOFEYYA;1;11.7.1949;0;1
YATIR;1;2.10.1972;1;0
URKURE;1;13.8.1939;0;1
NEZRISAH;1;5.8.1954;0;1
KERANKA;1;14.2.1949;0;1
DILAGAH;4;26.12.1967;1;3
EMIRDUDU;10;23.4.1947;0;10
MUHHET;2;30.8.1965;0;2
NEDICA;1;24.5.1972;0;1
IDAIT;1;21.10.1961;1;0
GOSSUM;2;2.5.1941;0;2
MEYRUSANA;1;4.11.1966;0;1
DERFA;1;21.11.1971;0;1
ZEHTINUR;1;17.7.1972;0;1
IMIZE;3;12.1.1960;3;0
SEZDAN;1;2.2.1975;0;1
ETVIN;1;8.11.1981;1;0
ISMINAY;1;25.1.1984;0;1
IRMIYE;2;25.6.1970;0;2
SEYDJAN;1;23.5.1979;0;1
MUJGIAN;3;29.9.1974;0;3
GULCIDAY;1;3.6.1983;0;1
BAYSIM;3;17.7.1961;3;0
HANIT;1;20.5.1987;1;0
ESERIYA;1;21.6.1983;0;1
CANDIGAR;1;9.5.1951;0;1
VESILYA;1;1.8.1983;0;1
URAKKUS;1;24.2.1971;0;1
H.MEZIYET;1;2.2.1975;0;1
DURKADAN;2;2.3.1973;0;2
NEVISEL;2;11.7.1964;0;2
NARENDIYAR;2;27.8.1961;0;2
GORDONA;1;9.2.1974;0;1
NALCAN;3;9.2.1940;0;3
RUGULE;1;7.5.1976;0;1
DUSUNCE;1;3.2.1957;0;1
SENCEBE;1;22.3.1946;1;0
BELHAMI;1;12.2.1971;1;0
ALPTOGAN;1;22.5.1970;1;0
KIYMAN;1;23.2.1973;0;1
BUHCEGUL;1;23.3.1943;0;1
HAMMIYET;5;26.2.1965;0;5
SERDARLI;2;24.9.1975;1;1
KONAC;1;16.1.1971;1;0
ZURREFA;1;7.5.1928;0;1
BEHRET;3;29.7.1938;0;3
GOVESEMAF;1;2.8.1921;0;1
CEMAHIR;2;20.4.1971;1;1
HICAY;1;19.6.1971;0;1
NIYMOS;1;22.11.1964;0;1
BERTIYE;1;27.8.1950;0;1
ZIYAEDIN;2;18.9.1952;2;0
TAMSA;1;27.8.1926;0;1
SEYTI;1;12.9.1972;0;1
NAMZIDE;1;17.4.1965;0;1
MAHMUTGOKSEL;1;10.7.1974;1;0
MUSEMBER;3;5.11.1956;0;3
GUHAZE;1;9.5.1958;0;1
ENISAL;1;4.1.1945;0;1
MECNUHAN;1;26.5.1959;0;1
CAKKAL;1;7.8.1922;0;1
MEJNUNI;1;8.6.1976;1;0
NURSENIM;1;6.7.1969;0;1
ZELHOS;1;3.10.1976;0;1
GULFEHER;1;16.4.1935;0;1
SEHERINAZ;2;20.3.1954;0;2
KULUBAY;1;21.6.1964;1;0
REMITE;1;28.8.1974;0;1
GULBEYTE;1;6.12.1933;0;1
ZURIYYA;2;28.10.1965;1;1
MUVELYA;1;3.7.1972;0;1
SEKERKA;3;16.8.1948;0;3
PAHIDAR;1;28.7.1976;0;1
SEYADE;3;16.12.1952;0;3
SERIFEHANIM;7;5.8.1959;0;7
HONU;1;7.5.1946;0;1
ALIGARIP;1;15.5.1970;1;0
YUSURYE;1;1.10.1972;0;1
JULIFER;1;26.5.1975;0;1
HASEMIYE;1;2.2.1957;0;1
DUNYASE;1;3.5.1952;0;1
HARINUSA;1;1.11.1968;0;1
FIRAZIYE;2;26.10.1965;0;2
VEHIC;1;6.4.1969;1;0
SUHALA;3;2.7.1967;0;3
REYSA;3;10.10.1970;0;3
NURTEZ;4;10.6.1973;0;4
ZUMBILE;3;16.3.1969;0;3
EFEGAN;1;26.10.1964;1;0
PRESNES;1;28.5.1989;0;1
DILGUL;3;11.2.1971;0;3
BEHERE;2;27.5.1962;0;2
HECRAL;1;25.2.1948;0;1
RASMINA;1;20.1.1965;0;1
HALIMUS;1;3.5.1974;0;1
MUHRUDE;2;29.11.1958;0;2
ZOBIYE;1;19.10.1954;0;1
ZEYNETDIN;2;9.6.1974;2;0
ZIMRIYE;1;21.6.1935;0;1
MERIYA;7;7.5.1970;0;7
NEFFA;1;14.6.1941;0;1
MECHURI;1;16.2.1965;0;1
KEBARE;1;16.4.1925;0;1
BEYHAKI;3;2.5.1982;3;0
UGRUSEL;1;22.5.1941;0;1
RAYIMA;2;19.6.1952;0;2
CAHVAYIR;1;20.5.1973;1;0
MUFTANE;2;25.4.1954;0;2
FATOV;3;28.5.1956;0;3
MEHREBAN;2;1.1.1955;0;2
NURSERIFE;2;29.1.1980;0;2
GULLUA;1;2.8.1974;0;1
NURIZADE;1;17.5.1954;0;1
ALAMSAH;2;1.4.1962;1;1
SUGER;1;11.1.1957;1;0
SABETTULLAH;1;4.11.1979;1;0
CAMESET;1;20.4.1966;1;0
BAISEL;2;13.12.1950;0;2
UZURET;1;11.5.1957;0;1
LEVUS;1;12.1.1967;0;1
LELE;2;1.11.1961;1;1
GILAMI;1;2.6.1963;1;0
ABTULRAHMAN;3;3.2.1966;3;0
ABDULLAHAP;1;7.2.1964;1;0
FAZI;3;15.10.1954;0;3
MUKAMET;4;1.6.1965;1;3
VAHCETTIN;6;28.9.1970;6;0
ZENZEM;1;7.12.1980;0;1
OZSEVEN;2;22.1.1975;1;1
ROGILE;1;23.12.1959;0;1
SEVUR;1;17.6.1949;0;1
SUTUT;1;7.8.1934;0;1
SEDIRCAN;1;27.3.1962;0;1
SUSUZU;1;2.8.1945;1;0
GEBOT;2;11.3.1986;0;2
NURDAMER;1;16.2.1963;0;1
ROKDA;1;26.5.1949;0;1
HAMDIVE;1;19.6.1966;0;1
HUSRO;1;2.2.1951;1;0
BALAMZ;1;17.8.1930;0;1
ZIYNAP;4;9.8.1956;0;4
SEBOS;3;29.12.1982;0;3
EFENDIYAR;1;1.6.1966;1;0
HARIBE;8;25.4.1967;0;8
FIRINCAY;1;22.12.1973;0;1
HEVOS;1;3.12.1957;0;1
MAHIRO;1;24.8.1967;0;1
MAKUM;3;11.8.1985;3;0
EMRIZE;1;17.8.1966;0;1
HANBULE;1;16.9.1946;0;1
MUREKKEP;1;7.1.1937;0;1
NEMLETULLAH;1;27.4.1968;0;1
YAHANIZ;1;7.2.1964;0;1
SUTA;1;11.5.1934;1;0
YURDIGUL;1;21.7.1946;0;1
EMDINE;1;13.9.1984;0;1
PONTUS;1;17.4.1942;0;1
FULFIDAN;1;24.7.1970;0;1
HUCRUYE;2;22.2.1967;0;2
FERHUZ;1;17.7.1964;1;0
DILDANE;10;28.3.1961;0;10
SENGEZ;7;15.10.1960;7;0
GORDEGUL;3;1.9.1957;0;3
NILUGAR;1;2.2.1951;0;1
NEVCIHA;1;26.8.1964;0;1
IFAZA;3;29.8.1944;0;3
ELDAGUL;2;6.1.1974;0;2
GULSEVENIM;1;12.2.1959;0;1
SEBHATIN;1;12.1.1977;1;0
OZEYYIR;1;2.2.1957;1;0
ILFINUR;1;2.3.1957;0;1
SIMIZAN;2;10.10.1957;0;2
RACIF;1;16.5.1964;1;0
RAGIYETA;1;11.5.1969;0;1
MIRZEMUHEMET;1;18.2.1948;1;0
HUZAMI;4;23.6.1963;0;4
SEMRDA;1;9.1.1987;0;1
HESMIYE;1;9.1.1966;0;1
DILIFA;1;9.4.1964;0;1
MULTESIMA;2;2.11.1968;0;2
NOKSER;1;4.1.1935;0;1
ZUMBRIYE;1;22.1.1937;0;1
UKLEME;1;17.2.1960;0;1
ORAHAN;1;17.11.1960;1;0
SELAFITTIN;1;27.3.1951;1;0
DELER;1;7.2.1946;1;0
EBRUOCAK;1;7.2.1982;0;1
SALIGA;2;2.7.1963;0;2
ETIROL;1;7.4.1973;1;0
EBURDIL;1;13.10.1933;1;0
ERNAM;2;24.8.1981;2;0
MIRGIZ;1;13.3.1977;0;1
ZAYI;2;1.9.1969;0;2
KUTLIAY;1;26.6.1981;1;0
TURKEHAN;1;14.3.1982;1;0
KITI;5;25.4.1954;0;5
GOKSAM;1;14.8.1974;1;0
NERMIYA;3;2.9.1973;0;3
KUZAY;1;11.6.1967;1;0
MENEKSER;1;14.9.1968;0;1
PAINDE;1;4.2.1942;0;1
KUMRET;3;28.9.1964;0;3
REHALE;2;22.5.1946;0;2
SELIMHANE;2;2.3.1954;1;1
GOKAKIN;1;28.9.1978;1;0
YENERTURK;1;6.12.1974;1;0
REVALIYE;2;15.6.1980;0;2
TEKLIME;2;28.4.1983;0;2
SIHABUDDIN;1;7.5.1951;1;0
SUVEYVE;1;25.1.1979;0;1
VEHIBAN;1;17.8.1956;0;1
GORALTAN;1;11.4.1956;1;0
AYNINOR;1;6.12.1962;0;1
MIRIHAM;1;6.3.1963;0;1
SANARA;1;24.9.1980;0;1
ISMINAMI;1;27.4.1950;1;0
BERGEHAN;2;27.6.1970;0;2
VAADDET;1;5.12.1988;1;0
KUVEYSI;4;6.1.1973;4;0
AGRI;1;23.1.1991;0;1
RINDO;4;5.4.1957;2;2
TUMERAY;1;16.6.1944;1;0
DARAL;3;10.4.1962;3;0
MAHIDIL;2;9.12.1979;0;2
CEYAR;1;2.8.1987;1;0
SERACETIN;2;4.10.1980;2;0
REDDI;11;10.11.1953;0;11
KOCUR;1;7.2.1958;0;1
MUSGAL;2;12.4.1982;0;2
ETUFE;1;3.2.1957;0;1
SEMODE;1;7.9.1958;0;1
HIMMETTIN;1;23.1.1964;1;0
TONGUCAY;1;22.3.1973;1;0
GUNHAYAT;8;4.1.1969;2;6
MUHAMIT;2;13.11.1957;2;0
DEVAIR;1;22.8.1955;0;1
ZEKIYENESRIN;1;2.6.1959;0;1
AHMIL;1;19.9.1941;0;1
ABDULFADIL;2;4.9.1969;2;0
MEVLIE;1;14.5.1988;0;1
HALIKARNAS;1;23.1.1977;1;0
LUDOVIC;1;10.6.1980;1;0
ASIREL;1;12.6.1953;0;1
HAFEZE;1;21.5.1969;0;1
HOYRAT;3;17.5.1971;0;3
OBELYA;1;17.2.1990;0;1
ALARENGIN;1;30.10.1991;0;1
SERIFDENIZ;1;1.11.1963;0;1
ANGHELINA;1;6.8.1981;0;1
ABDULREHMAN;1;20.2.1956;1;0
BADU;1;6.1.1962;0;1
M.HAYDAR;2;12.2.1948;2;0
BARUT;4;13.5.1950;4;0
ABDULEZ;1;3.2.1957;1;0
MUHANE;1;2.3.1975;0;1
TEVIZ;1;29.3.1948;0;1
FUMENT;1;19.4.1975;1;0
SABUHI;2;6.3.1972;2;0
MOMUSEN;1;26.7.1977;0;1
CANHAT;1;13.4.1981;1;0
HARRI;1;23.9.1961;1;0
TABURAN;1;22.4.1979;1;0
NARTAN;1;24.9.1982;1;0
FUDEM;1;28.1.1983;0;1
YANLIGAR;1;21.6.1971;0;1
MIMIRE;3;15.12.1964;0;3
VESFIDE;1;17.8.1978;0;1
FERDALI;3;30.4.1958;0;3
RIVASA;1;7.2.1952;0;1
NILBENT;2;4.7.1979;0;2
ELFAS;2;3.4.1968;2;0
ZENCIHAN;3;27.5.1960;0;3
YOSAT;1;2.11.1930;0;1
CESAMIN;1;2.6.1961;1;0
ISKENDIYAR;1;12.8.1961;1;0
MUCESEL;1;21.11.1945;0;1
MEYMERI;1;11.5.1944;0;1
UCMAK;2;25.6.1965;0;2
KILICKAN;1;14.12.1979;1;0
DURSATI;1;20.7.1954;0;1
DILSEKER;1;13.5.1948;0;1
OKANSEN;1;2.11.1951;1;0
DURSE;9;6.3.1945;0;9
NIZIKAR;1;2.2.1951;0;1
TURKCIHAN;1;21.11.1948;0;1
BUGDAT;5;7.8.1976;5;0
PIRKULU;1;25.8.1969;1;0
GULTARI;1;18.7.1943;1;0
HALDON;2;28.2.1956;2;0
HAYVI;1;7.3.1922;0;1
BIRMEN;2;13.6.1985;1;1
DURANSER;1;20.7.1956;1;0
NEBAHATULCEMAL;1;18.9.1942;0;1
SUBULE;6;13.5.1957;0;6
KULSEV;1;23.8.1969;0;1
SUNGURTEKIN;3;9.6.1963;3;0
DEANNA;1;16.12.1942;0;1
CAMALIFER;1;18.6.1926;0;1
GANIBE;4;13.2.1961;0;4
AYLANC;2;19.1.1960;0;2
YETENC;1;9.2.1975;1;0
ECEIDIL;1;13.10.1975;0;1
ZAGNOS;7;19.11.1975;7;0
ZEYNOR;1;27.7.1950;0;1
BILCAG;1;21.1.1991;1;0
AYGANIM;1;12.8.1976;0;1
YENICAN;1;7.3.1957;0;1
CAGLARCAN;1;7.11.1989;1;0
A.PERIHAN;1;9.9.1944;0;1
GORTEN;2;21.2.1964;1;1
NUHCIHANGIR;1;27.2.1962;1;0
BUSEYRA;4;25.12.1977;0;4
FARAN;1;2.10.1987;0;1
GULNET;1;19.3.1992;0;1
ZIBELHAN;1;13.7.1973;0;1
TUREC;2;20.10.1985;2;0
FEFZIYE;2;28.5.1967;0;2
FERAZA;1;19.4.1972;0;1
NURBERNA;1;18.4.1974;0;1
SIBAY;1;5.1.1979;0;1
SINIRGUL;1;11.4.1951;0;1
ARSLANDAL;1;24.2.1963;1;0
NAILEFE;1;22.8.1978;1;0
ATAMSEL;3;13.1.1956;0;3
KLOTILDA;1;7.7.1980;0;1
KARAYAKUP;2;14.7.1959;2;0
COLLAV;2;15.11.1961;2;0
NAYMIYE;7;26.5.1965;0;7
TIRSE;1;22.4.1985;0;1
RAMIZEREN;1;12.5.1959;1;0
YUZ;1;13.7.1982;1;0
BONINI;1;8.1.1944;0;1
BENAHAN;1;17.9.1928;0;1
ARZUBANI;1;23.4.1949;0;1
ULUFET;2;8.6.1927;0;2
MUHTASAR;1;12.2.1965;0;1
GULARGUN;1;24.10.1962;0;1
LEGURHAN;1;20.11.1981;1;0
ARIHAN;2;16.2.1971;2;0
HIKEM;3;22.10.1978;1;2
DILBERKAYA;1;10.7.1962;0;1
AYTERIN;1;20.5.1991;0;1
MARGIT;1;22.10.1961;0;1
AVPAN;2;4.11.1957;0;2
MILUSE;1;2.2.1975;0;1
MEMTAZ;1;21.1.1965;1;0
RAJHETAT;1;26.9.1977;1;0
SEYAH;3;12.6.1959;3;0
AYRANCI;1;26.3.1935;1;0
CIHANTEN;1;8.7.1940;0;1
O.TAMER;1;25.6.1965;1;0
YESHEM;1;8.2.1939;0;1
DILFIRIS;2;24.6.1967;0;2
FREDERICH;1;5.11.1961;1;0
JIZLEN;1;15.8.1970;0;1
SAHSIDE;5;15.5.1963;0;5
TUNCHER;1;8.2.1943;1;0
DILERHA;1;23.3.1975;0;1
FULPELIN;1;19.10.1967;0;1
NURRAYTIN;1;1.10.1957;1;0
MURA;1;1.1.1;0;1
SELEEDDIN;1;7.3.1952;1;0
GORUNAY;1;11.9.1950;0;1
YUMLUHA;1;12.7.1965;0;1
ECEY;1;22.2.1961;0;1
EZDEHER;7;16.6.1969;0;7
CANSUKAN;1;16.7.1991;0;1
CIHANGULI;1;12.2.1947;0;1
KEKKIL;1;1.3.1949;1;0
DESET;7;16.3.1957;1;6
MAZGUL;1;20.5.1974;0;1
SUYULAH;1;30.9.1959;0;1
GULCANSIN;2;30.3.1988;0;2
SAHZADIYE;1;1.1.1;0;1
FERRIYE;3;29.2.1958;0;3
MEDANI;3;25.10.1960;1;2
ERDEBEY;1;23.7.1976;1;0
MEDINEAY;1;1.12.1991;0;1
GULINCI;3;8.6.1960;0;3
REZZEN;1;11.9.1939;0;1
GULRUKIYE;2;22.2.1975;0;2
SALIHSA;1;2.6.1969;0;1
GOKCENIN;1;7.8.1982;0;1
GULFUDE;2;1.10.1951;0;2
HADICIYE;1;7.7.1945;0;1
SALAHUTTIN;2;9.9.1940;2;0
HEFIFE;3;14.12.1963;0;3
PIRFANI;2;17.2.1952;1;1
FEVRAT;1;19.3.1966;1;0
SELMUN;2;22.1.1979;0;2
MUCDIYE;1;15.2.1976;0;1
REGUN;1;24.7.1974;1;0
SERLIM;1;16.5.1975;0;1
DUYSER;1;10.12.1962;0;1
KUZEYET;1;24.1.1955;0;1
TEFRIZE;2;3.3.1967;0;2
SAGLI;1;11.1.1932;1;0
HIDRELLEZ;1;27.6.1961;1;0
DERER;3;4.4.1962;1;2
GUMRAY;5;23.3.1972;2;3
RAYMONDA;1;23.2.1953;0;1
NERFIZEN;1;26.12.1976;0;1
GUNYASAR;1;6.4.1937;1;0
M.RAGIP;1;30.5.1945;1;0
AYSIT;2;14.9.1956;0;2
EDIYAN;2;5.3.1966;0;2
MUBECCAR;1;1.9.1949;0;1
MENDEREZ;3;13.8.1976;3;0
HASRETHAN;1;3.10.1970;0;1
EZIR;1;11.8.1981;1;0
HAYDIME;1;11.5.1940;0;1
DALDAKUS;1;21.9.1969;1;0
SAHAYET;2;19.12.1976;0;2
SUYLA;4;20.7.1967;0;4
MUIZE;1;27.10.1944;0;1
GOKMAN;2;11.3.1962;2;0
HAYRUNNISAH;3;14.1.1946;0;3
SENDIHAR;1;12.4.1947;0;1
RIFATIYE;3;18.11.1954;0;3
IHLASHAN;1;9.1.1990;1;0
SEZABIL;1;25.12.1972;1;0
SEMAYNUR;7;27.7.1976;0;7
OMURUSEN;1;9.1.1956;0;1
OZERIYE;1;28.9.1956;0;1
ERANDIS;1;7.2.1970;1;0
BEYNAZA;1;27.8.1944;0;1
ZULKIFI;5;16.12.1962;5;0
CASIBE;3;29.9.1963;0;3
SULHAYAN;1;6.9.1962;0;1
AMAYI;1;27.5.1980;0;1
MUAZIYE;2;23.10.1956;0;2
GEYO;1;7.12.1958;0;1
ZUBRA;1;2.2.1951;0;1
ELVEDIYE;1;28.11.1976;0;1
PENBEZIHAR;1;26.2.1959;0;1
HETMAN;1;29.6.1948;1;0
BIHRICAN;2;15.12.1977;0;2
ULFAZIYE;2;11.3.1961;0;2
AGGAH;1;18.6.1961;1;0
ABTULBAKI;3;10.10.1954;3;0
MURAITTIN;1;1.5.1943;1;0
NERZA;2;14.11.1963;0;2
FIKIRAN;3;27.11.1952;0;3
ZULENCE;1;25.7.1967;0;1
BEYITDIN;1;21.2.1969;1;0
LINIFER;2;29.1.1962;0;2
ZULBUDE;2;12.1.1968;0;2
CAGRULLAH;1;28.3.1966;1;0
NURSEBAT;1;7.2.1958;0;1
MOLLAKADIN;1;18.3.1956;0;1
NURSEVIYE;1;15.3.1953;0;1
IBRAHIMBEY;1;27.3.1962;1;0
NURFUZAN;1;3.6.1938;0;1
PEVRULDA;1;19.10.1948;0;1
EDIYEN;1;6.1.1954;0;1
NARFILIZ;1;20.3.1976;0;1
RICAYET;2;15.3.1938;1;1
BEYYIC;1;17.11.1965;1;0
TAHRITTIN;1;24.3.1941;1;0
REFTIYE;5;27.9.1962;0;5
DURSADAF;1;14.12.1969;0;1
FILIZEN;1;23.3.1948;0;1
IMRET;2;21.10.1965;1;1
NESLIKAT;1;27.9.1984;0;1
KULFERI;1;21.3.1935;0;1
MACIL;1;2.11.1959;0;1
CIFAT;1;27.2.1974;1;0
AYTUNUM;1;20.11.1971;1;0
NEYSERIN;1;7.5.1947;0;1
HURMUSEL;1;16.6.1964;0;1
MEGRAM;1;26.1.1954;0;1
FEYZULYE;1;10.3.1967;0;1
MERDUS;3;29.10.1932;0;3
MERCUYE;1;6.5.1961;0;1
GULFEDIYE;1;24.1.1940;0;1
AYSISAH;1;27.8.1944;0;1
NESURA;1;26.2.1966;0;1
MUYEZZEN;5;19.2.1968;0;5
TOSCAN;1;16.5.1975;1;0
GULESFI;1;21.8.1948;0;1
SABIHEN;2;14.10.1959;0;2
LUTDIYE;1;9.2.1969;0;1
SADICA;2;23.1.1961;0;2
GUSSUME;3;8.6.1962;0;3
HEYZAN;1;3.2.1957;1;0
MUKATTIZ;2;21.3.1950;0;2
SEHLIBER;1;11.4.1944;0;1
MEZET;6;19.9.1966;2;4
SEADAT;3;6.3.1965;1;2
DIDARIYE;1;6.12.1960;0;1
ESRAFIYE;4;20.4.1964;0;4
MUSAYIN;1;15.5.1979;1;0
KIFARIYE;1;29.1.1956;0;1
MAYIRIYE;1;25.4.1960;0;1
ARKINAZ;1;16.2.1957;0;1
SEYEL;4;1.10.1972;0;4
GULIZARIYE;1;2.4.1945;0;1
HUSSIYE;1;27.4.1962;0;1
CERHI;1;22.10.1959;1;0
SELNUNE;1;1.1.1966;0;1
TUGLEN;1;27.6.1962;0;1
DURDALIM;1;20.6.1958;0;1
SAYTAP;1;16.9.1964;1;0
NAMAS;1;16.12.1947;0;1
MEBROL;1;3.9.1943;0;1
GULNIYAS;1;18.3.1939;0;1
SHUSHAN;1;29.6.1979;0;1
ZULE;3;3.7.1956;0;3
KURTARIS;1;21.10.1973;1;0
HAYRUNISER;1;24.2.1944;0;1
HASFIYE;1;12.2.1935;0;1
MAFAHARAT;1;2.10.1951;0;1
LUTUFKAR;2;10.1.1970;0;2
CADIRAN;1;16.1.1941;1;0
MINCE;2;6.2.1971;0;2
HILALYA;1;24.9.1991;0;1
HALILYASAR;1;11.1.1926;1;0
EZRUM;1;5.6.1944;1;0
MEZETEL;1;19.8.1960;0;1
SEFIDAR;1;14.8.1975;1;0
AHMETDIN;2;11.9.1962;2;0
DAYKER;1;8.8.1969;0;1
DEMIRCEMIL;1;17.6.1930;1;0
MIMBER;1;7.9.1985;1;0
FOZAY;1;10.5.1964;1;0
RUHUTTIN;1;7.8.1946;1;0
BENBIR;1;27.3.1947;0;1
MUZABER;1;11.4.1952;1;0
ZIHINNET;1;21.10.1951;0;1
SAMAHAR;1;8.3.1958;0;1
BELLIN;4;16.4.1973;0;4
RUHSELIM;1;2.6.1945;1;0
SEYAETTIN;1;17.2.1961;1;0
MUHETCER;1;26.10.1964;0;1
RAZIKAR;1;12.9.1961;0;1
MUHASSEM;2;12.10.1959;0;2
HORST;1;18.6.1942;1;0
MUSERERF;3;19.1.1968;0;3
ELNOURA;2;2.7.1977;0;2
HUYRATI;1;27.2.1950;0;1
MUKAREM;1;18.10.1953;0;1
GULLISE;1;22.3.1967;0;1
KOKKES;1;9.10.1945;1;0
NIYME;2;14.3.1960;0;2
HIDAYIM;1;19.2.1971;1;0
GEZZI;5;7.5.1935;1;4
SENGUNAY;1;16.1.1964;0;1
ZELFIDAN;1;14.4.1968;0;1
HUMAYINI;1;16.7.1955;0;1
METINAL;1;19.5.1942;1;0
MIRHAMT;1;17.7.1984;1;0
NINSUN;1;6.4.1991;0;1
RABINA;1;9.12.1969;0;1
AYLAH;3;4.5.1962;0;3
AZARE;2;3.6.1970;0;2
UMMUAN;5;29.6.1955;0;5
SERMEDAN;1;11.5.1966;1;0
ALFINA;1;9.2.1971;0;1
RAYKAN;3;15.6.1967;0;3
FECERAN;1;29.2.1973;0;1
VEYSEGUL;7;25.9.1966;0;7
ADILESEN;1;8.4.1967;0;1
MURSILIN;1;21.4.1952;1;0
ICIRET;2;12.1.1948;1;1
SEVRAH;3;13.10.1977;0;3
NURSADI;1;11.2.1966;0;1
FADLADDIN;2;25.4.1974;2;0
NATACHA;1;8.6.1987;0;1
MAHIRAN;1;23.2.1930;0;1
ZULADUR;1;4.6.1942;0;1
NUSKET;2;2.12.1963;1;1
BESRET;3;28.10.1943;0;3
HEDIYET;3;20.8.1960;1;2
OZBILIR;2;20.7.1987;2;0
SEVDULE;1;6.10.1986;0;1
FIDAE;1;28.4.1967;0;1
BAHDUSEN;3;13.11.1963;0;3
YURTSENIN;3;26.9.1952;3;0
MESHARET;2;28.3.1954;0;2
MIHRINIGAR;2;21.2.1969;0;2
MILDANE;4;14.1.1948;0;4
SEFARITTIN;1;1.5.1950;1;0
KEZMUS;1;16.8.1959;0;1
TEMIDE;4;23.2.1978;0;4
SEMIYAH;4;2.2.1959;0;4
HICRAL;3;20.8.1971;0;3
SUBIDIYE;1;1.4.1972;0;1
MUBEHAT;6;5.2.1956;0;6
MEHMETNEDIM;3;20.12.1968;3;0
ZEHRIZAMAN;1;17.4.1954;0;1
SITDIKURLU;1;2.1.1962;1;0
BILGENC;1;5.12.1977;1;0
NURTUGRUL;3;18.9.1968;3;0
AYDEF;1;22.2.1991;0;1
GULNEHAN;3;26.10.1972;0;3
DUNDAY;1;16.1.1978;1;0
NURSITTIN;1;9.4.1978;1;0
NUHDUVILLAH;1;10.7.1970;1;0
SUHEZAR;1;11.6.1956;0;1
DINSEVIL;1;5.2.1969;0;1
AYLATEN;1;25.9.1969;0;1
NURMETAL;2;15.11.1966;0;2
NURSEMIH;1;18.6.1976;0;1
TIRAN;3;8.10.1947;3;0
KUNUR;3;30.6.1951;3;0
OZDIYAR;1;14.5.1940;0;1
SARAYBAN;1;27.8.1920;0;1
NUEL;1;20.5.1978;0;1
EDUN;1;25.5.1939;1;0
ZULKIFEL;1;20.11.1957;1;0
ZULFISE;1;28.12.1956;0;1
MASUH;1;14.12.1958;1;0
SEFAHARI;1;30.7.1983;1;0
FIRSANET;1;11.11.1927;0;1
MUHNIDE;1;1.1.1;0;1
SENDEGER;1;4.11.1970;0;1
AYBA;1;22.2.1961;0;1
MIRSELIN;1;21.6.1963;1;0
FARANGIS;1;17.8.1942;0;1
NURIHAT;1;7.10.1934;0;1
MUCEYLE;2;18.1.1962;0;2
VEZZAN;1;12.10.1941;0;1
OMIRE;1;25.7.1941;0;1
MUSETTIM;1;11.7.1943;1;0
ZUBEYA;2;4.3.1972;0;2
TAGYETTIN;6;17.11.1959;6;0
LAUMSER;1;6.8.1949;0;1
SERMIT;1;29.4.1984;1;0
SEMSIDTIN;1;27.11.1954;1;0
SENFERIYE;1;6.5.1961;0;1
GULGUZAR;1;1.2.1962;0;1
KAYIRAN;2;4.9.1951;2;0
TURKUD;1;2.5.1954;1;0
MUCDA;1;16.7.1944;0;1
BILHER;1;1.7.1960;0;1
YEKDER;2;8.10.1964;2;0
SERGUNAY;8;18.8.1967;0;8
ISBIHAN;1;23.3.1967;0;1
KAYET;3;30.3.1954;1;2
SUZEYLA;3;14.1.1959;0;3
ICILAL;3;20.10.1958;0;3
MUBERRIR;1;11.8.1938;0;1
NIGLUFER;3;11.11.1960;0;3
SAITI;1;16.2.1973;1;0
GEZAY;1;12.2.1960;0;1
FERKUZAT;1;4.6.1943;1;0
NEVMIDE;1;27.8.1926;0;1
MESEHER;1;27.5.1962;0;1
HICILAY;1;11.3.1958;0;1
HUDEYLA;1;11.9.1973;1;0
PENEKADIN;1;7.10.1958;0;1
AYRILMAZ;1;30.9.1936;1;0
UMMUMEZIDE;1;12.6.1971;0;1
VELHASIL;1;22.5.1967;1;0
NIRESAN;1;6.7.1945;0;1
LATIN;3;27.11.1968;2;1
MAHISEL;1;26.3.1985;0;1
MEMNUHAL;1;12.11.1945;0;1
VEDAIL;1;11.7.1949;1;0
DUNGER;1;29.7.1978;0;1
DEVRIMI;4;25.7.1977;3;1
CIHANKAN;1;15.4.1951;0;1
NECLEDDIN;1;29.1.1980;1;0
ERCINS;1;27.10.1968;1;0
MUSTAGIN;1;22.6.1961;1;0
MAFURA;1;29.12.1991;0;1
PIYAZAN;1;29.7.1985;0;1
RUNAYE;1;27.6.1974;0;1
BELTUL;1;26.11.1979;0;1
UMEL;1;11.9.1946;0;1
BILZAR;1;1.10.1960;1;0
NEVIVE;1;19.7.1965;0;1
UNVAL;1;9.6.1974;1;0
NIYERA;1;17.8.1954;0;1
AHIZEN;1;13.1.1946;0;1
PELFIN;1;17.9.1984;0;1
TURCAIL;1;14.10.1964;0;1
PUSLU;1;26.6.1953;1;0
SENUGUL;1;11.9.1943;0;1
ERZIYE;4;5.11.1969;0;4
FARIKANAHAL;1;2.11.1969;1;0
KUBERYA;2;29.6.1970;0;2
MEDURIYE;1;2.6.1952;0;1
CEPO;1;17.8.1924;0;1
SERIBANI;6;26.8.1946;0;6
SAZUMENT;1;9.5.1925;0;1
GuLHAN;1;26.5.1973;0;1
MULFERI;1;9.6.1977;0;1
REYHALI;1;6.2.1971;0;1
NURSEVDI;3;25.12.1970;2;1
ZEKYA;5;19.4.1971;0;5
SUZEYYE;1;16.5.1981;0;1
HEBIZA;1;17.8.1972;0;1
DILMAI;6;10.9.1949;0;6
VEHIB;17;15.2.1965;17;0
NUSREDIN;11;19.1.1967;11;0
NESIBAN;10;4.6.1976;0;10
FERZUHAN;2;24.8.1966;1;1
MUVARET;2;5.4.1968;0;2
SADECE;3;9.11.1976;0;3
MAHZAN;1;2.2.1963;0;1
ABDULGAFER;3;8.2.1956;3;0
SAHNAZER;1;11.9.1962;1;0
SAHTUT;1;30.3.1955;0;1
BAYENDER;1;17.8.1945;0;1
HUSIYET;1;2.8.1969;1;0
TURKUL;2;9.3.1968;1;1
SAHMISAL;1;2.5.1939;0;1
ERNIYAS;1;16.8.1976;0;1
SEMIER;1;16.4.1964;0;1
BALDAS;1;28.3.1982;0;1
REKANET;1;26.10.1926;0;1
BEDISE;3;18.7.1951;0;3
MURTENAY;1;12.9.1959;0;1
MIHADIYE;2;15.5.1941;0;2
SUZEGEN;1;29.10.1951;0;1
GUZUYE;1;6.6.1939;0;1
BADISAN;2;29.6.1936;0;2
NUSRAH;1;29.11.1976;0;1
YURDADOG;2;10.7.1977;2;0
ELITCAN;1;18.2.1992;1;0
IVAYET;1;27.8.1956;1;0
BARISYALCIN;1;2.5.1975;1;0
GUSLUHAN;1;12.11.1971;1;0
DUCCAN;2;1.6.1953;2;0
BAYRAMISA;1;2.8.1927;0;1
HURZEN;1;11.8.1958;0;1
SULLUYE;1;27.1.1954;0;1
NURAYGUR;1;17.9.1943;1;0
MUMAYIN;1;26.3.1976;1;0
BAHTINA;2;12.9.1967;0;2
AYISE-I;1;26.11.1930;0;1
REZAYI;2;10.11.1964;1;1
SIVAZE;3;22.10.1964;0;3
NINAL;1;22.4.1968;0;1
MEHMETUNSAL;1;3.5.1974;1;0
EDAVER;2;10.3.1979;1;1
TIKMAN;1;9.2.1958;1;0
MUSLIKA;1;22.9.1955;0;1
HANZODA;1;6.10.1968;0;1
LERIA;1;7.11.1958;0;1
SUHLETE;4;15.9.1955;0;4
MAHMURENUR;1;12.11.1991;0;1
ULGULER;1;2.9.1939;0;1
MUKEM;1;1.10.1954;0;1
NEYMUS;1;23.6.1939;0;1
MUTAYITTIN;1;26.11.1951;1;0
TURNAL;2;23.2.1951;0;2
CANERSUSEM;1;2.5.1981;1;0
UMA;1;24.7.1971;0;1
MERGIME;1;17.8.1948;0;1
NURYESER;1;17.11.1976;0;1
RESITI;1;25.6.1949;1;0
TELKIZ;3;21.9.1953;0;3
NUHSAVAS;1;7.11.1975;1;0
ESENBOGA;1;16.1.1940;1;0
MEVZUKA;5;29.5.1974;0;5
SUCAIDDIN;1;9.12.1972;1;0
ATATEKIN;1;6.8.1949;1;0
AZMIDDIN;1;28.12.1958;1;0
EDHAN;2;12.5.1953;1;1
ISILCAHIDE;1;22.12.1975;0;1
CEMCIRAK;2;15.10.1974;0;2
GULDAMUR;2;15.1.1953;0;2
YASADTIN;1;21.6.1982;1;0
IREZE;1;6.12.1968;0;1
GUNERYE;2;13.4.1961;0;2
NERNAZ;1;6.6.1973;0;1
MAHBANU;1;9.3.1971;0;1
MUHPERRIN;1;15.10.1975;0;1
FIRUSEN;1;22.1.1961;0;1
KULPUSE;1;1.12.1949;0;1
MESMURLAH;1;17.11.1966;1;0
MEBRUBE;2;12.1.1961;0;2
ZULULA;1;1.7.1943;0;1
ERSUAL;1;16.3.1959;1;0
SEYZIMA;1;2.8.1939;0;1
GURNUZ;1;7.9.1980;0;1
NEVAP;1;17.6.1978;1;0
ZEMICE;1;2.2.1975;0;1
SENHAZ;2;25.5.1968;0;2
YEZIT;1;11.6.1980;1;0
FERIEDE;1;16.7.1971;0;1
GURSIT;1;29.3.1950;1;0
SERIHBEK;1;22.11.1966;1;0
MIHLIBAR;5;29.5.1951;0;5
SERMIHAL;1;14.10.1961;1;0
EMINDEDE;2;9.1.1941;2;0
GEORGES;4;5.8.1962;4;0
KISLI;1;21.10.1967;0;1
MUZURAP;1;23.3.1967;1;0
ULGEZER;1;23.9.1955;1;0
KOYGUN;2;20.5.1980;0;2
NOGBER;1;3.3.1978;0;1
FERVA;1;6.10.1973;0;1
MORCAN;3;10.12.1951;0;3
ZEMIHAN;2;14.5.1979;1;1
OKJIM;1;28.6.1986;1;0
HECRAN;2;4.4.1963;0;2
BICUN;2;14.1.1984;0;2
DEBREMER;1;15.5.1946;1;0
BULUC;3;29.1.1979;3;0
SUBURA;3;7.2.1979;0;3
HAYGAZUHI;1;1.11.1936;0;1
MURCET;4;2.12.1962;2;2
UYDU;2;8.2.1990;1;1
CESARIYE;1;1.12.1966;0;1
SULAYI;6;16.5.1970;1;5
KIFA;3;28.8.1972;1;2
AFITAL;1;17.2.1960;0;1
LUJUSE;1;7.4.1964;0;1
MUCAETTIN;2;2.6.1963;2;0
ALTINSEL;1;12.5.1983;0;1
DIRSEN;1;29.7.1981;0;1
TEFAREK;1;17.2.1936;0;1
ALBIYAN;1;14.2.1955;0;1
ERBILAL;1;28.10.1971;1;0
YANKUS;1;27.7.1974;0;1
BIRUDET;1;17.6.1972;0;1
BELIZA;1;16.12.1956;0;1
HAYRULMUSA;1;22.11.1955;1;0
MENAAF;1;17.12.1985;1;0
PIRKAN;6;30.9.1969;3;3
KAGIL;1;6.3.1928;1;0
INYAMI;1;16.5.1956;1;0
GULEIN;1;12.8.1911;0;1
UMBERE;1;6.2.1986;0;1
ZEKIA;3;4.2.1970;0;3
PADEN;1;5.8.1948;0;1
MUKATDEZ;1;2.4.1965;0;1
FIRSANT;1;6.6.1948;1;0
VAHABEDDIN;2;25.2.1968;2;0
HEBUSE;1;22.2.1967;0;1
SANINA;1;6.3.1991;0;1
GEZGOR;1;2.5.1981;1;0
NALAHAN;2;24.10.1975;0;2
BEHTA;1;11.11.1988;0;1
SUMMENI;4;4.1.1959;4;0
PIJEN;1;21.4.1968;0;1
RAFITTIN;1;1.1.1;1;0
TOZMAN;1;2.4.1963;1;0
BABILHAN;1;10.4.1975;1;0
MISALET;2;28.3.1973;0;2
RIMELA;1;16.10.1988;0;1
MENHUNE;1;17.2.1972;0;1
POSI;1;20.3.1941;0;1
RUBAHSA;2;17.5.1972;0;2
HUNGUR;1;11.4.1978;0;1
NEZRISAN;1;6.8.1972;0;1
MEYAHI;1;6.10.1969;0;1
CELLILE;1;7.6.1976;0;1
PEPA;1;3.3.1965;0;1
MEYO;2;29.4.1932;0;2
ISTAM;1;2.2.1975;1;0
MUBECCIL;1;12.7.1948;0;1
AYSECIGIM;1;25.1.1961;0;1
PENTEM;1;1.8.1971;0;1
HARMIYE;2;19.9.1956;0;2
NAZIKANE;2;25.2.1934;0;2
SEFULLA;1;28.3.1961;1;0
FURU;5;5.4.1955;0;5
FEDILET;1;26.10.1951;0;1
CELTIK;2;7.7.1957;1;1
PATO;3;2.7.1948;0;3
DILAREM;2;12.4.1964;0;2
GULHAYRIYE;5;10.12.1954;0;5
FESLIYEN;1;19.4.1963;0;1
LUSER;10;11.7.1956;0;10
HAZZARI;1;11.1.1991;0;1
OMUREN;4;7.9.1963;0;4
SENEYIM;1;2.8.1951;1;0
GULHARI;6;13.3.1957;0;6
DULBIR;1;3.8.1966;0;1
YERIL;1;2.7.1940;0;1
SUHAMET;1;17.11.1960;1;0
HORUSEN;10;28.3.1960;0;10
PELUZAT;1;25.9.1949;0;1
MIRFAT;1;16.7.1933;0;1
HAMDULA;1;11.3.1980;1;0
NESEYCAN;1;18.3.1941;0;1
SUZILE;1;2.8.1927;0;1
BENZILE;1;27.8.1932;0;1
MUSTULU;3;28.8.1943;3;0
SEREFNAS;3;25.5.1963;0;3
SEDUL;2;21.2.1959;2;0
PAMAM;1;17.2.1960;0;1
SATAM;1;21.12.1991;1;0
BIHRIYE;1;7.8.1928;0;1
DULGEZ;1;2.8.1927;0;1
NIVSIYA;1;21.3.1977;0;1
MUVECCER;4;10.9.1952;0;4
ALIMEN;37;10.7.1962;4;33
ANISAH;2;6.12.1961;0;2
MIRSEYAT;2;29.9.1965;2;0
MASET;1;6.9.1949;1;0
MEHMETYARALI;1;27.4.1956;1;0
DINSEL;2;3.10.1974;0;2
MEKEREME;1;27.4.1950;0;1
VERDIGUL;3;24.2.1974;0;3
ERINAN;1;13.6.1943;1;0
SAHNAZIRE;1;22.8.1925;0;1
GULBAHIYE;2;23.1.1943;0;2
SABAHIDIN;3;29.1.1964;3;0
RUVUKER;1;1.8.1955;0;1
RUZAY;1;16.1.1983;0;1
ERKEHAN;1;17.8.1948;0;1
ABDUSSAMI;6;18.12.1962;6;0
TAYBAN;2;5.12.1975;0;2
TULRAB;1;8.2.1979;0;1
PEREJA;1;29.5.1959;0;1
YILMABASAR;1;1.10.1980;1;0
SANSSER;2;2.7.1969;2;0
MUZAFFA;4;21.2.1953;0;4
NIHLIZ;1;13.8.1978;0;1
MELLI;1;13.7.1978;1;0
M.MESUT;3;17.11.1956;3;0
ISPET;1;28.11.1960;1;0
NURILAN;1;3.5.1943;0;1
KORBAY;2;18.4.1985;2;0
DUZA;1;27.8.1932;0;1
YAHSEN;1;7.8.1952;0;1
SUALLA;7;14.4.1963;0;7
REMIHAT;1;12.10.1946;0;1
SADOBEY;1;3.5.1957;1;0
GULDIGME;1;4.12.1944;0;1
CAGGUR;1;8.1.1988;1;0
FEHEDE;1;13.4.1953;0;1
SERFINUR;3;19.9.1963;0;3
GULLEVIN;1;10.2.1958;0;1
OZMURAT;4;11.8.1979;4;0
MUCECEL;2;14.3.1946;0;2
FETIMHAN;1;24.8.1927;0;1
SERIMEN;2;18.11.1978;0;2
BAYRAMSAN;1;2.2.1969;0;1
SELAVER;3;27.4.1971;2;1
LUCIEN;1;1.8.1946;1;0
SANDIYE;4;27.11.1948;0;4
BURSIN;1;5.7.1982;0;1
ALNAZIYE;1;24.2.1967;0;1
SUVENC;1;17.2.1963;1;0
GULHEYAL;1;5.2.1957;0;1
SALLYJANE;1;18.9.1966;0;1
BELTINGE;2;25.12.1973;0;2
ATAKUL;2;15.6.1961;2;0
SANHI;1;11.4.1956;0;1
TUNCTAY;1;6.12.1945;1;0
MEBRUNE;1;17.1.1952;0;1
INCISECIL;1;22.7.1978;0;1
AHMA;1;8.7.1944;0;1
FIDUS;1;16.4.1947;0;1
SAHIHE;3;19.1.1979;0;3
VAHIRE;2;22.10.1939;0;2
OGRETMEN;1;29.11.1963;1;0
GULURI;1;12.10.1965;0;1
TOM;2;21.3.1975;2;0
KAVRAM;1;13.8.1990;1;0
MERSER;1;17.11.1964;0;1
APTULGANI;2;17.5.1951;2;0
BAHITER;1;17.5.1938;0;1
NUBIYER;1;19.9.1941;0;1
SABILAY;1;28.2.1950;0;1
HAJNAN;1;22.6.1971;1;0
AYBIYAZ;1;17.11.1966;0;1
MUSETIR;1;2.3.1963;1;0
MUKALIN;1;12.8.1947;1;0
FESTIME;1;17.2.1970;0;1
TUHLIN;1;26.5.1964;0;1
TOMER;1;23.2.1967;1;0
BEZMEGUL;1;16.3.1974;0;1
SERJEN;3;18.7.1971;0;3
ENZO;1;8.6.1947;1;0
DEMIRKANATLI;1;16.7.1943;1;0
GLORIANA;1;8.11.1955;0;1
DIVINIA;1;28.3.1981;0;1
BADRIYE;5;4.9.1948;0;5
SEVBITER;1;10.8.1954;0;1
FIKIRAL;1;30.6.1939;0;1
RUZVEY;1;5.10.1937;1;0
MUAYER;4;11.11.1962;0;4
MEYNISE;4;9.10.1944;0;4
MUGSIN;1;14.10.1971;1;0
SOYDABIR;1;5.6.1962;1;0
HAYNISA;2;29.6.1952;0;2
SAHNEY;1;13.7.1958;0;1
FERUHAT;2;24.10.1955;1;1
SANIBE;1;1.2.1989;0;1
GULPEZIYE;1;18.6.1953;0;1
BAHSAYIS;3;5.1.1966;2;1
KESBI;1;17.2.1990;1;0
ALIMEANA;10;8.10.1955;0;10
HISE;3;8.8.1954;2;1
ZEYIR;1;1.12.1931;1;0
HANVIYE;1;26.2.1947;0;1
OZPOLAT;1;11.4.1937;1;0
CAHITCAN;2;16.2.1991;2;0
ZULHAMMER;1;16.5.1956;0;1
KORCELIK;1;19.7.1975;1;0
CINARAY;3;30.12.1978;2;1
ILBANONUR;1;12.10.1988;1;0
DUDUKADIN;6;1.3.1948;0;6
ZULIFTER;1;8.12.1984;0;1
AKILLIGUL;1;20.5.1966;0;1
METCURE;1;21.4.1970;0;1
FARZETTIN;2;23.3.1972;2;0
FEYZIHANE;1;27.12.1950;0;1
ABDUSSELAN;1;22.8.1967;1;0
MANIY;1;6.1.1951;0;1
CAGLAYANGIL;2;10.3.1984;2;0
YURDES;2;2.8.1933;1;1
BIBIMUNISE;1;2.8.1951;0;1
MUBIHER;1;21.1.1975;0;1
ZELMIYE;1;6.3.1968;0;1
RIBANE;1;27.5.1980;0;1
DUDUDERYA;1;26.9.1989;0;1
PERANI;1;6.11.1956;0;1
BELENUR;1;15.5.1989;0;1
AKARSLAN;2;18.12.1933;2;0
CINKILIC;1;7.8.1928;1;0
KUDRIYET;1;1.11.1971;0;1
SUMMANIBEY;1;21.11.1962;1;0
TIVRAT;1;22.2.1962;0;1
KARCIG;1;11.7.1981;0;1
ILARSLAN;1;17.8.1930;1;0
BESSER;1;29.4.1944;0;1
HALILOMER;4;20.5.1962;4;0
DEKU;1;7.2.1964;0;1
SUMEYREM;1;10.11.1985;0;1
ABDULNIYAZI;1;1.1.1957;1;0
KARATAY;2;13.11.1951;2;0
MUBAHHER;1;27.2.1962;0;1
NUMASAH;1;19.9.1956;0;1
MUNETDET;4;18.12.1960;0;4
KENANSEVER;1;22.3.1985;1;0
SOYLUN;1;7.3.1940;0;1
HALIMDUDU;1;27.8.1944;0;1
KUCUKHURIYE;1;3.4.1983;0;1
SULEYMANSEVER;1;23.6.1986;1;0
NUBUFET;1;4.12.1966;0;1
SENSEVIM;1;8.10.1940;0;1
ZARICAN;1;2.3.1963;0;1
RESIMHAN;4;15.5.1956;0;4
BALLIYE;1;22.11.1949;0;1
IZIRAP;1;9.5.1970;0;1
BODIYE;11;29.1.1947;0;11
NAVIZ;1;17.6.1954;1;0
MURERSAH;1;3.7.1975;0;1
HATICEULKU;1;2.9.1989;0;1
MIHRAL;1;24.6.1990;0;1
SENIYAT;1;2.10.1970;0;1
ABDULKADIRHAKI;1;14.6.1976;1;0
ALIBORAN;1;6.6.1991;1;0
FAZULET;2;3.2.1970;0;2
SENLALE;4;26.10.1965;0;4
IREMIS;2;27.5.1938;0;2
REHRIMAN;1;29.1.1952;0;1
SELFIDAL;1;4.2.1964;0;1
NAVRUZUYE;1;7.2.1964;0;1
BIBINISA;3;30.3.1963;0;3
ZEBIULLAH;1;2.8.1945;1;0
MEYDAG;1;19.9.1991;0;1
HITIR;9;28.6.1950;1;8
KUCUKISMAIL;1;21.3.1965;1;0
ABUZE;2;5.3.1958;0;2
AKCEHAN;2;27.10.1961;0;2
APTULCELIL;2;24.9.1953;2;0
NEVRIMSER;1;12.5.1984;0;1
ATAOGLU;2;28.12.1953;2;0
ZUHRAKHON;1;27.6.1946;0;1
NURYETTIN;1;8.10.1956;0;1
GEDI;4;14.1.1953;0;4
SAYIKAN;1;11.10.1967;0;1
GULGANE;1;16.3.1957;0;1
PERDUN;1;14.7.1954;0;1
BEDIHATUL;2;1.9.1962;0;2
OLMAZ;1;20.2.1959;0;1
SELFIDA;1;24.9.1973;0;1
ALIMEDUDU;7;2.10.1948;0;7
HILMIAY;1;21.5.1969;1;0
URFUKA;1;4.5.1963;0;1
ADUN;2;19.6.1968;0;2
NINEKIZ;1;28.11.1932;0;1
TUREYEN;2;21.3.1960;1;1
FEVRIN;5;17.12.1958;2;3
HABPE;1;4.6.1969;0;1
GULKURBAN;3;19.7.1946;2;1
HALIDER;1;21.10.1953;0;1
ALASETTIN;1;4.2.1963;1;0
GIMAY;1;7.2.1963;0;1
GULBEBEK;1;12.1.1971;0;1
BEYSAH;2;25.1.1977;1;1
MAVERDEN;3;17.1.1954;0;3
IMINDUDU;1;6.3.1955;0;1
GUZELCIK;1;2.7.1932;1;0
OZVERDI;2;21.2.1964;1;1
MUMBIYE;1;4.12.1953;0;1
TAKDIYE;1;12.8.1929;0;1
MINACET;1;17.2.1948;0;1
SATILI;1;12.8.1941;1;0
NIBRAZ;1;4.4.1948;0;1
LEZVET;1;26.3.1955;1;0
KARADEMIR;1;30.1.1938;1;0
GULYASIN;2;2.3.1963;0;2
GIYAMIN;1;4.2.1981;1;0
GULCUMAN;1;23.12.1955;0;1
NUHRI;2;27.2.1947;1;1
CAMSAF;1;9.5.1946;1;0
HUNA;4;8.5.1945;0;4
ZEKATDIN;1;13.12.1939;1;0
SEKUNUR;1;26.5.1967;0;1
MURUVAN;1;1.2.1961;0;1
SAANDER;1;1.10.1972;0;1
MUBUHER;1;1.5.1948;0;1
ESIP;1;16.3.1957;0;1
AHMETAKIF;1;21.12.1981;1;0
MUNEVERE;2;23.1.1952;0;2
SERIFEBAL;1;10.10.1974;0;1
GURZUBA;6;21.4.1969;0;6
NUZULA;7;25.9.1970;0;7
KURZIBAN;1;27.5.1932;0;1
CEYRANE;2;30.5.1954;0;2
SAKITTIN;1;28.10.1961;1;0
ZUHRATULLAH;1;1.9.1964;0;1
ZAMAIR;1;16.11.1988;1;0
MAALYA;1;17.3.1960;0;1
HULOSI;6;26.11.1950;6;0
MUDEFRE;2;18.10.1942;0;2
MAHCANI;1;27.2.1950;0;1
BUSENIYE;1;11.4.1957;0;1
UMMUHABBE;1;11.5.1961;0;1
MAGPEKER;1;8.3.1946;0;1
DILIRBA;1;11.11.1969;0;1
SEBAKADIN;1;7.5.1946;0;1
MUBALA;3;1.11.1967;0;3
FADIMNANA;1;21.7.1987;0;1
MAPIKER;1;1.8.1943;0;1
ZUHRETULLAH;2;3.8.1936;0;2
GURZIBA;1;29.3.1968;0;1
HUZAYMAN;1;1.2.1925;0;1
CEZMIK;13;30.9.1962;0;13
DURGULSUN;1;11.3.1969;0;1
NEVRILE;1;11.4.1960;0;1
HANZELI;1;16.3.1992;1;0
YURDASERIN;1;16.4.1965;0;1
HOCANIM;1;21.3.1971;0;1
SERIFAGA;2;2.5.1958;2;0
DURDUKADIN;1;21.3.1938;0;1
TONBAL;2;22.2.1960;0;2
NEBEBIYE;1;21.5.1975;0;1
SELAHIYETTIN;6;30.9.1955;6;0
SUABEY;1;21.2.1953;1;0
AYTURAY;1;12.10.1983;0;1
ABDISELIM;2;22.5.1967;2;0
SUTANA;3;7.1.1970;0;3
EMINADIN;1;12.2.1953;0;1
AYYURE;1;17.4.1966;0;1
RAZIYIM;1;9.12.1967;0;1
ZUBUYE;6;20.10.1962;0;6
HUMMED;1;22.7.1973;1;0
IBADAT;2;17.3.1973;0;2
HACCANIM;3;2.12.1956;0;3
SAADETIYE;1;19.9.1987;0;1
MESKULET;1;26.6.1959;0;1
REBIC;8;20.11.1955;0;8
HACIGADIN;2;14.12.1968;0;2
MUSADERE;1;13.2.1957;0;1
MEZKURIYE;3;13.12.1951;0;3
MAKBUKER;3;24.8.1970;0;3
GUDUMEN;1;12.4.1984;0;1
FERUZHAN;2;24.5.1960;0;2
APDULSELIM;1;13.2.1992;1;0
CIHANGIL;4;12.9.1986;4;0
ZEZAHAT;1;28.6.1962;0;1
CANSARIH;1;26.10.1954;0;1
LEDIMA;1;22.8.1937;0;1
STILLIANI;1;19.1.1972;0;1
LEMIDIYE;1;5.4.1963;0;1
SECAHATDIN;2;24.8.1962;2;0
MUNASIN;1;6.5.1963;0;1
SERIFANIM;4;3.11.1971;0;4
LEFAFET;1;16.5.1972;1;0
NEBIP;2;17.8.1957;2;0
HUMIYSE;1;1.8.1984;0;1
MUNUYRE;3;22.12.1965;0;3
IRASIK;1;2.2.1963;1;0
MUCELZEM;1;19.2.1959;0;1
BEHEYCE;3;21.2.1962;0;3
IYIGUL;2;3.1.1972;0;2
HOLCUK;1;2.8.1973;1;0
GUNNARIN;3;22.2.1979;0;3
SADETIYE;1;16.5.1927;0;1
NURUMAN;2;6.5.1950;0;2
UGRUMEN;1;6.6.1968;0;1
SEBADETTIN;1;11.2.1957;1;0
FADMIE;1;9.2.1982;0;1
SUNERYA;2;6.11.1987;0;2
ANKEBUT;1;11.5.1979;1;0
SULTANIM;1;14.2.1977;0;1
SUSANBAR;1;22.4.1954;0;1
GULSURME;2;10.3.1929;0;2
EBAAKIL;1;23.10.1983;1;0
NORCIHAN;1;11.8.1961;0;1
IJDAR;1;20.6.1979;0;1
SENGINAZ;1;1.10.1954;0;1
NEGANE;1;14.5.1942;0;1
RUHYAN;1;2.6.1980;0;1
MINYAS;1;22.2.1955;0;1
ERMIYAL;1;27.4.1968;1;0
RABIYEGUL;1;13.8.1971;0;1
MESDUT;2;27.1.1962;2;0
AYISKADIN;1;2.8.1927;0;1
GURHANIM;2;3.8.1966;0;2
CANASIR;1;21.4.1952;0;1
SIYASDE;1;12.2.1971;0;1
HAVVAYAR;1;17.5.1948;0;1
ESSEMINE;1;11.5.1968;0;1
DEFIDE;11;8.4.1965;0;11
HASMAL;1;22.9.1973;1;0
GULGADIN;5;17.6.1965;0;5
EMETKADIN;2;27.9.1938;0;2
NURBADE;3;4.2.1984;0;3
MUSTALI;5;18.1.1946;5;0
HAYRULBAKI;1;4.4.1943;1;0
SERVIR;1;12.7.1977;0;1
KAFADAR;4;23.11.1947;4;0
SUMERYAN;3;5.8.1983;0;3
TANRISEVEN;2;29.2.1981;2;0
NARILCAN;1;25.3.1959;0;1
KHAWLA;1;17.8.1966;0;1
CANTEZER;1;26.2.1953;0;1
UMREYE;1;17.7.1978;0;1
HAKGUDER;1;23.11.1969;1;0
ZULFIRAN;1;2.3.1963;0;1
UMMUGAN;1;3.11.1965;0;1
NUVBER;2;10.5.1976;0;2
ALTINNUR;1;12.2.1977;0;1
CELINAZ;1;27.4.1942;0;1
GEDIS;2;26.11.1968;1;1
MUBIBE;1;19.1.1968;0;1
ABDULLAHNUR;1;24.6.1981;1;0
ABDULRAFIK;1;6.3.1972;1;0
COBBAN;1;27.6.1938;1;0
GAHRIME;1;25.8.1976;1;0
KAANI;1;25.10.1965;1;0
ZULGARNE;1;22.1.1972;1;0
PALLO;2;13.2.1953;2;0
MUFTEHADDIN;1;4.6.1973;1;0
YAZAMIN;1;14.2.1968;0;1
FEVA;1;15.4.1971;1;0
MULYEM;2;1.7.1977;0;2
ANDANUR;1;27.2.1967;0;1
ALLAME;2;25.1.1964;1;1
NEBIGURKAN;1;27.2.1970;1;0
ZEBIYA;2;26.5.1967;0;2
TERCEL;1;20.1.1987;1;0
KORIHTIYAR;1;27.2.1974;1;0
NOHEL;1;11.10.1969;0;1
ZELIHAT;3;3.2.1964;0;3
MESERREH;1;26.1.1960;0;1
NURGADE;1;30.8.1958;0;1
KORAGA;1;3.3.1975;1;0
HACCAR;2;6.2.1976;0;2
MEVSURIYE;1;25.7.1972;0;1
URAFIYE;1;18.4.1970;0;1
FULUZEN;1;12.10.1977;0;1
PIRAHAN;1;2.5.1972;0;1
BODIY;3;16.11.1974;0;3
MUTARRAR;1;9.11.1977;0;1
SEHNAZA;1;16.9.1970;0;1
BUHAYAT;2;19.10.1970;0;2
KECIK;4;16.3.1967;0;4
SERIBA;3;14.9.1961;0;3
PRUZE;2;6.7.1961;0;2
YOKUS;1;27.8.1938;1;0
KIRAM;2;14.4.1977;2;0
AYIBE;3;8.9.1970;0;3
NESKAN;1;26.8.1989;0;1
SAKISE;1;12.11.1964;0;1
DAYMA;4;3.3.1967;0;4
KUDUF;1;16.9.1957;0;1
HAMOLI;5;20.5.1958;5;0
KADIF;3;10.4.1951;1;2
TUNCET;1;16.5.1969;1;0
YUHUBE;1;26.2.1990;0;1
YUKUBET;1;6.2.1974;0;1
DAYME;1;16.12.1965;0;1
BUSAYNE;1;22.3.1955;0;1
ACUHAN;1;8.11.1982;0;1
USRAF;1;23.7.1964;1;0
TOBI;3;19.12.1945;0;3
SUFYAL;1;1.3.1973;1;0
ADIVA;1;4.1.1971;0;1
AMENUR;1;25.10.1968;0;1
MANTIS;1;7.12.1969;0;1
PRIVAN;1;11.1.1970;0;1
GULUSEV;1;10.11.1991;0;1
SITKE;1;16.3.1961;0;1
GULUSAHIN;1;4.4.1967;0;1
AYIBA;1;11.2.1957;0;1
HEZINA;1;17.12.1960;0;1
MIHAYIL;7;11.10.1965;7;0
AYSETULLAH;1;20.11.1991;0;1
SEMABIN;1;26.2.1965;1;0
DIRILBA;1;19.6.1929;0;1
DAYIMA;3;8.7.1964;0;3
TULAH;1;1.1.1968;0;1
MINFARIA;1;6.3.1972;0;1
HACIMEDENI;1;22.5.1978;1;0
TEI;1;16.2.1958;0;1
RONYA;1;3.6.1991;0;1
ATFUYE;1;16.3.1963;0;1
UMSAN;2;20.4.1984;0;2
DEVLETIN;2;15.8.1958;0;2
ISFENDER;3;24.7.1954;3;0
MUIT;1;20.8.1982;1;0
BODEY;12;4.4.1951;0;12
BAHARETIN;1;12.4.1957;1;0
MUKEYYET;1;25.12.1955;0;1
ABDUHRAMAN;5;9.8.1967;5;0
SULHACCE;1;26.11.1966;0;1
FAKIME;1;1.11.1927;0;1
TOKMAN;1;12.11.1947;1;0
SUNNETULLAH;1;12.4.1923;1;0
MEFTUHA;1;2.3.1951;0;1
LEVSE;1;9.1.1928;0;1
GULPIRI;5;21.11.1958;0;5
NURIYI;2;15.6.1973;0;2
HOFO;2;18.1.1948;2;0
SITDIKAN;1;18.3.1964;0;1
KUBBETEN;1;6.12.1985;1;0
SANAP;1;27.8.1944;1;0
AYNATIN;1;18.2.1966;1;0
GOREKEN;1;19.5.1969;0;1
GULOCAN;1;21.12.1990;0;1
TERZIMAN;2;26.7.1952;0;2
KOMURIYE;1;27.2.1974;0;1
BELTULLAH;2;4.6.1983;2;0
MOGDET;1;25.1.1966;0;1
SILKIK;1;14.6.1934;1;0
HUDEKAR;1;12.2.1965;0;1
DEKKEY;1;3.4.1963;0;1
HONAMLI;1;11.10.1963;1;0
MEHMETCUMHUR;1;15.11.1978;1;0
HASANTAHSIN;2;4.9.1987;2;0
SEVKEZIYE;1;4.2.1951;0;1
AYSEFIDAN;1;19.8.1986;0;1
COSANAY;1;3.3.1989;1;0
GULERBI;1;3.11.1951;0;1
ZILBIYA;1;17.4.1969;0;1
SENBAG;1;13.3.1965;1;0
TELE;3;25.6.1970;0;3
H.DURMUS;2;15.7.1944;2;0
ASLIME;2;9.10.1944;0;2
ERIZVAN;1;16.2.1951;1;0
SAVNIHUDA;1;25.4.1976;1;0
GUNVARI;1;2.3.1963;0;1
MUCAHEDE;4;18.11.1948;0;4
ALIMEKAL;1;25.7.1939;0;1
GULEBIR;3;8.5.1961;0;3
HUSNUZAN;3;19.12.1949;0;3
ALIMANA;11;3.4.1961;0;11
MUBERRAM;2;1.5.1955;0;2
PATIZER;1;12.2.1965;0;1
KAMME;1;26.3.1967;0;1
ZEHRETULLAH;10;24.9.1966;0;10
PILIZAR;1;6.4.1961;0;1
SUHEYD;1;28.3.1992;1;0
SEMMAN;4;4.12.1976;0;4
FEHADDIS;2;12.10.1942;0;2
ZEKIVAT;1;9.8.1974;0;1
BERHIYA;1;25.7.1989;1;0
EBUZZIYA;1;6.2.1950;1;0
LUTFILLAH;1;26.2.1972;1;0
SAHIRIYE;2;22.9.1946;0;2
AYSEGULBEN;1;8.2.1981;0;1
ALPCERIHAN;1;15.3.1991;1;0
NURADTIN;1;26.3.1965;1;0
MERAFET;3;21.12.1969;0;3
CANTAZE;19;24.2.1963;0;19
CANTEZE;3;22.10.1966;0;3
MEVSABE;1;26.5.1953;0;1
MAKBIYLE;1;27.11.1946;0;1
NURUYAT;2;28.9.1976;0;2
FERUNTE;1;13.4.1965;0;1
SIMICAN;1;29.12.1952;0;1
AYSEDUR;1;13.9.1936;0;1
SUMERGULU;1;17.1.1935;0;1
ISMAHAR;1;6.12.1980;0;1
MABUKER;3;16.1.1960;0;3
ZEKKAN;1;17.4.1942;1;0
IHTIRAN;1;3.3.1969;0;1
HAVILLI;3;24.1.1965;0;3
RAVZAN;1;26.3.1983;0;1
BUTDU;1;22.2.1979;1;0
SERTALI;1;4.6.1981;1;0
BELIA;1;12.8.1941;0;1
NEFFARE;1;3.3.1967;0;1
HUSNUZA;1;17.2.1954;0;1
NEZIREGUL;1;23.4.1969;0;1
MUTUYE;12;2.12.1958;0;12
GUNBURAK;1;25.6.1988;1;0
SILLELI;1;5.11.1972;1;0
SEHLIN;2;20.3.1974;1;1
BOSNAK;22;10.7.1946;4;18
HABIPHAN;1;21.2.1987;1;0
VEZIYA;2;1.11.1976;0;2
AFFIN;1;7.2.1970;0;1
IDRISALI;1;27.9.1968;1;0
KUDDESI;1;11.5.1972;1;0
KADRIYENUR;5;21.6.1975;0;5
MUFEYYIL;1;1.1.1;1;0
GULBUZE;2;8.11.1966;0;2
MUNIBIYE;1;10.5.1960;0;1
ATAFET;3;19.3.1943;0;3
EMIRANA;2;15.7.1950;0;2
MUNABIYE;2;29.9.1950;0;2
REMBE;1;11.11.1975;0;1
YURSEN;6;8.7.1970;0;6
SENFIKRET;1;14.1.1977;1;0
SEMNI;1;19.4.1971;1;0
SUHEDE;2;28.9.1988;0;2
BEHRIZAR;2;25.3.1961;0;2
ZARIDE;4;27.6.1965;0;4
MEAZAN;1;16.5.1929;1;0
ELLAM;1;7.7.1936;1;0
ALISAFI;1;30.1.1978;1;0
KEZIBANGUL;3;13.11.1977;0;3
KEZIBANNUR;1;2.11.1986;0;1
NAZIMBEY;2;7.6.1975;2;0
ABDIMENAF;1;12.1.1953;1;0
ZOULFIRA;1;15.4.1978;0;1
HISANIYE;1;17.2.1942;0;1
KADINHOS;1;22.8.1943;0;1
GADI;3;23.11.1953;2;1
CANSENEM;1;13.10.1965;0;1
PERME;1;1.3.1967;0;1
NARSAH;22;2.11.1969;0;22
DEMIRCIN;1;19.12.1937;1;0
ERINMEZ;1;23.9.1989;1;0
BUSTAN;6;12.8.1956;4;2
OMERRASIH;1;23.7.1981;1;0
SAITYASIN;1;29.9.1985;1;0
IDIVAN;2;1.1.1960;2;0
ERDEMIYE;1;9.8.1950;0;1
KANTAS;2;7.10.1959;2;0
URYANE;5;27.3.1956;0;5
MELIHANE;1;17.2.1954;0;1
DULTAS;1;28.3.1967;0;1
BATTIR;1;1.1.1937;1;0
MUTE;2;19.12.1962;2;0
MUSERREFIYE;3;18.11.1936;0;3
ALANKADIN;2;17.8.1930;0;2
ADALMIS;2;21.6.1933;2;0
AVSAN;5;30.2.1947;1;4
ALTUNTAS;4;23.10.1938;2;2
KULTAS;1;1.1.1;1;0
GOKDELEN;1;17.2.1990;0;1
GUNANA;3;13.5.1932;0;3
BARSBAY;1;27.8.1932;1;0
CAHADIYE;2;10.6.1963;0;2
KEZIBANSALIHA;1;23.2.1990;0;1
YANMAZNAZ;5;5.10.1931;0;5
MAKDUME;3;15.1.1949;0;3
BEYHATUN;1;22.8.1931;0;1
KURMI;1;27.8.1956;0;1
ALANKOR;1;12.8.1929;0;1
GURFEL;1;29.11.1976;0;1
TURKANSAH;2;2.11.1967;0;2
MEPKULE;1;1.1.1;0;1
SAFIMET;1;23.2.1967;0;1
ZALEME;1;16.7.1961;0;1
GULZALE;2;15.3.1955;0;2
AYHANLI;1;22.8.1931;0;1
AYSETUGBA;1;22.11.1991;0;1
INCIFA;1;7.3.1958;0;1
GUGLEK;1;7.4.1965;1;0
SEYMINUR;5;21.8.1951;0;5
EBAN;1;29.10.1984;0;1
LABUDER;1;27.2.1968;0;1
MESSUR;4;6.4.1970;0;4
MEVANET;1;24.11.1975;1;0
HECIR;8;9.11.1964;0;8
IRAZMAN;3;30.1.1956;0;3
HEMIME;1;1.2.1958;0;1
KARAMETTIN;3;29.3.1959;3;0
FADIMEANE;1;26.1.1953;0;1
ZAFERIN;1;27.8.1938;0;1
MEYZUNE;1;23.2.1947;0;1
IRAZZE;1;17.4.1952;0;1
BAHIRI;1;2.5.1939;0;1
REFFAT;1;3.8.1959;1;0
URKA;1;17.12.1960;0;1
MUVAFFIK;1;21.3.1957;1;0
NUBEYLA;2;24.10.1969;0;2
HAAY;1;15.3.1939;0;1
ESMEANA;4;30.5.1970;0;4
SEYBIYE;3;25.10.1949;0;3
UMEHANI;4;6.12.1955;0;4
FERAHIL;4;24.10.1973;3;1
GUNLUKAY;1;16.6.1939;0;1
LEYLAHA;1;6.5.1956;0;1
EGANA;4;24.7.1970;0;4
MERFUDIYE;1;6.5.1981;0;1
NECAADTIN;1;1.1.1;1;0
MEVIHAN;1;20.6.1957;0;1
SEYARI;2;14.8.1944;0;2
MUHTEN;4;22.3.1958;1;3
NUSBIYE;3;2.4.1947;0;3
IRBES;1;20.11.1980;1;0
GUZDAN;1;1.2.1955;0;1
MERFIYE;7;28.6.1956;0;7
TANIFE;1;17.2.1954;0;1
MUDAHHERA;1;17.2.1967;0;1
A.CIHAN;1;27.12.1940;1;0
HAVASAT;1;1.10.1972;0;1
BEDRIZEMIN;1;22.2.1967;0;1
MEHREVIYE;1;27.8.1920;0;1
NEZIFER;1;6.3.1973;0;1
GULUFTADIYE;1;24.10.1960;0;1
SECLEM;2;14.1.1978;0;2
MOSIN;2;12.6.1961;1;1
BEFRE;1;8.10.1979;0;1
MELIHANA;1;21.2.1941;0;1
SAINEBAT;1;26.10.1929;0;1
IMAREDTIN;1;16.9.1973;1;0
SABITER;1;1.9.1950;1;0
ILMIBUL;1;13.3.1948;1;0
ABDULHAKTAN;1;26.3.1967;1;0
YURDUKORU;3;2.12.1945;3;0
MUAMERIYE;1;16.6.1958;0;1
MEYREMANA;7;29.11.1967;0;7
HALUKDEVRIM;1;16.8.1970;1;0
EYABI;1;11.5.1952;1;0
TAYYURE;2;23.3.1957;0;2
SIKNUR;1;24.5.1978;0;1
SEYHBAL;1;6.3.1958;0;1
SUPBIYE;1;6.11.1945;0;1
MABIDER;1;16.3.1957;0;1
RUGBIYE;1;2.6.1951;0;1
CIMAM;1;22.2.1955;0;1
SEVENGEZ;1;2.4.1969;0;1
MUSALEMET;1;9.6.1934;0;1
LEZIRE;1;23.4.1935;0;1
HALILUR;1;11.11.1990;1;0
GULLUSULEYMAN;1;24.2.1938;1;0
DOGDUGUN;1;27.9.1936;1;0
NEZADIYE;1;6.8.1973;0;1
YEMLUHA;3;1.11.1976;2;1
HATUNSAH;1;2.8.1921;0;1
DOGDUAY;1;30.9.1938;1;0
ASYANA;1;26.12.1954;0;1
MOSEN;1;21.9.1956;0;1
EVDI;1;20.11.1967;0;1
DURISEN;1;2.7.1960;0;1
MURDIFIN;5;5.12.1954;0;5
UFIDE;2;13.10.1952;0;2
SEFIKDIR;1;26.7.1965;1;0
LAZER;2;15.3.1957;0;2
SAHANNER;1;5.5.1954;0;1
SENDIN;1;9.5.1955;1;0
TEFRIKA;4;1.1.1960;0;4
GULIRAS;1;17.3.1972;0;1
LEVNI;6;27.6.1970;6;0
GULDISTAN;2;6.11.1965;0;2
SEDIRETDIN;2;20.6.1957;2;0
PEVRIYA;1;4.9.1954;0;1
ABIDDAN;1;13.5.1958;1;0
FAHRE;4;2.6.1937;0;4
EBIZER;2;19.12.1947;1;1
RESMINE;5;11.9.1954;0;5
SOSA;1;12.8.1929;0;1
GULEPSER;4;1.12.1973;0;4
DURIMAN;1;1.2.1943;0;1
GUBREN;1;17.1.1963;0;1
ULKIME;1;27.2.1968;0;1
M.UNAL;3;29.3.1948;3;0
SELMAI;1;4.5.1957;0;1
URUSEN;3;28.12.1959;0;3
FEHIFE;2;18.2.1954;0;2
UVEYSEL;1;3.8.1990;1;0
HANZEL;1;29.4.1974;0;1
PURSUR;2;4.12.1930;0;2
SABADI;1;25.3.1934;1;0
IAL;1;5.4.1957;0;1
UDKAY;1;1.8.1989;1;0
NAYEFER;2;28.7.1947;0;2
GULMEYRAL;1;28.11.1975;0;1
HAZURET;1;26.6.1941;0;1
GULUNE;3;26.3.1977;0;3
HIMAYETTIN;3;8.7.1963;3;0
ALMIHAL;1;26.1.1980;0;1
MUZEIR;1;16.11.1963;1;0
BATISEN;5;6.11.1966;0;5
NEER;1;17.12.1948;1;0
DURRUMAN;1;30.1.1934;0;1
FESIYA;2;11.3.1947;0;2
GUNSARAN;1;17.2.1978;1;0
GULEDEN;2;25.11.1957;0;2
FEYGUYA;1;4.1.1980;0;1
NEFAYER;1;20.2.1940;1;0
ABITER;2;9.5.1966;2;0
MUSBURIYE;1;15.7.1965;0;1
VAHADIYE;1;4.2.1963;0;1
MURDESIN;1;21.3.1952;0;1
SIFAAT;2;9.12.1956;0;2
RUHEYNAP;1;12.7.1970;0;1
YAGIHAN;1;8.4.1992;0;1
KADIMANA;1;3.1.1945;0;1
GUNDILEK;3;30.3.1952;0;3
SINNEM;1;28.5.1975;0;1
HEMMIS;1;21.10.1958;1;0
DOKMEHANIM;1;6.4.1957;0;1
UNUTULMAZ;1;16.3.1963;1;0
DELBER;1;16.3.1958;0;1
BINHAMI;1;17.5.1979;1;0
SEYIR;5;28.1.1960;4;1
NEPKAN;1;6.3.1975;0;1
MUHSINUR;1;26.12.1970;0;1
MOKSUN;1;26.5.1960;0;1
SEYKINAR;1;2.3.1973;0;1
EYNAZ;2;27.2.1976;0;2
DEDETARIK;1;29.3.1980;1;0
GEYFER;2;18.4.1975;0;2
VAHBIKAR;1;13.4.1964;0;1
RUSTAN;1;11.2.1940;0;1
HASBIHE;1;12.8.1953;0;1
TEBARIKEN;1;22.6.1972;0;1
SUFIYYE;1;12.8.1970;0;1
GULAYAR;1;6.11.1961;0;1
OVEYIK;2;21.1.1971;0;2
ADAVAT;1;22.7.1943;0;1
BARBARUZ;1;13.2.1941;1;0
HERDEMHAN;2;21.4.1956;0;2
FERFIRE;1;2.2.1963;0;1
BEVRIZA;1;16.3.1951;0;1
BIBINEJIBE;1;17.8.1972;0;1
BEYDIR;1;17.7.1966;1;0
BEYYAM;2;17.1.1952;2;0
HERALP;1;16.10.1970;1;0
SIFAYETTIN;1;1.12.1975;1;0
CAGDAG;1;6.11.1990;1;0
MAHSEFE;1;11.8.1987;0;1
GULBIYAR;3;8.7.1961;0;3
GORER;2;8.7.1972;2;0
GUZEYMA;1;6.2.1944;0;1
FAZIYLA;1;20.4.1956;0;1
ZAYFER;3;12.4.1960;0;3
M.TEZIM;1;27.2.1968;1;0
YELDIF;2;10.2.1979;0;2
GULLUSAR;2;6.9.1964;0;2
PIRISAN;1;11.3.1940;0;1
DIRUZ;1;18.4.1966;0;1
NESRUDIYE;1;21.10.1969;0;1
TEBERRIK;6;10.11.1958;0;6
MILTINAZ;1;22.6.1961;0;1
MEVGA;1;21.11.1984;0;1
MEUZURIYET;1;6.3.1935;0;1
MUDEBBERE;1;12.9.1977;0;1
UGREN;2;2.11.1955;0;2
MIHRECAN;1;30.8.1979;0;1
MUKASSE;1;11.2.1943;0;1
MEZUNU;1;12.10.1971;0;1
YASEVER;1;8.5.1978;0;1
ZINISA;1;1.6.1961;0;1
NEBUSI;1;11.3.1945;1;0
RIFIKA;2;2.12.1965;0;2
SEFAHATUN;2;19.6.1975;0;2
SIMSI;1;9.11.1950;0;1
NUGFEL;3;3.3.1964;3;0
SENDAT;1;13.6.1983;1;0
NURAFEF;1;16.6.1975;0;1
EBULHUDA;5;10.6.1958;4;1
MUTUULLAH;2;14.10.1931;2;0
DINHAR;1;30.10.1988;0;1
TERIMAN;6;21.3.1944;0;6
YUHANNE;1;20.6.1987;0;1
GULLUANA;3;16.9.1960;0;3
Y.IZZETTIN;1;14.3.1952;1;0
MUSBIRE;9;21.11.1951;0;9
ITTIBAR;1;6.4.1977;0;1
NEZIHIYE;2;23.2.1963;0;2
GULFERZIYE;1;11.7.1951;0;1
U.GULSUN;1;17.8.1942;0;1
SEVIKAN;1;2.2.1963;0;1
BIHMET;1;19.12.1957;0;1
HAYDARALP;1;22.7.1990;1;0
LUDAME;1;26.7.1989;0;1
NAZMELEK;1;30.1.1986;0;1
IHLANI;1;1.11.1978;0;1
MEVZUNIYET;1;30.9.1957;0;1
MILDAT;1;11.5.1958;0;1
MEMNINE;1;18.3.1966;0;1
MELASEN;1;16.4.1944;0;1
UFTARIYE;1;24.2.1937;0;1
ALIYGIL;1;6.5.1966;1;0
MAVERDANE;1;21.4.1941;0;1
AYEME;1;8.5.1925;0;1
VIDASE;1;3.6.1955;0;1
KEVIZ;2;14.7.1946;0;2
SADENE;1;9.2.1967;0;1
MICASETDIN;1;11.6.1964;1;0
GEBIZ;1;30.7.1937;0;1
CUMANAZAR;1;29.2.1980;1;0
BEFIRAN;1;8.2.1986;0;1
ZOGRU;1;25.10.1955;1;0
SEHBANE;1;27.7.1944;0;1
AYKARFIL;1;10.4.1985;0;1
USELEK;1;9.7.1940;1;0
GAMERIYE;3;29.1.1960;0;3
SEMONEL;1;14.9.1962;1;0
SENLAN;1;16.5.1958;0;1
NEBEVIYE;1;1.8.1981;0;1
MAFERDIYE;1;16.10.1950;0;1
SERIFEDUDU;5;23.1.1939;0;5
DURKADIR;2;25.11.1961;2;0
IKAFET;9;12.12.1958;0;9
ABDURRAHMI;4;30.9.1964;4;0
BALCAR;1;22.3.1987;1;0
USTEMIN;2;2.11.1959;2;0
AKCORA;4;24.11.1940;4;0
KEBIZE;3;14.9.1950;0;3
POLATER;1;22.9.1971;1;0
UZUBET;1;21.3.1977;0;1
MUKADTIM;1;9.5.1968;1;0
NAZUFE;2;14.3.1958;0;2
HAYRINMISA;1;21.10.1961;0;1
YEKSIN;2;13.12.1964;0;2
DURGIZ;1;17.2.1960;0;1
HACERANA;2;7.2.1980;0;2
NEVAFIL;2;5.6.1970;2;0
ZALEMEN;7;26.3.1959;0;7
IHNAL;1;12.3.1963;0;1
ABDILHAY;1;12.4.1953;1;0
APDILAY;1;13.7.1975;1;0
SIFILE;1;25.10.1959;0;1
IKMAN;2;18.12.1958;2;0
ENNAS;1;25.9.1981;0;1
HABERAL;4;2.1.1988;4;0
CALDIZ;1;11.5.1944;0;1
ZELFER;4;27.12.1958;0;4
MALYE;2;2.2.1957;0;2
MUSALEMEDDIN;1;8.1.1974;0;1
ATAVET;4;14.5.1967;0;4
VESILENUR;2;20.4.1989;0;2
MELURE;1;8.6.1968;0;1
NIKBAL;1;14.2.1953;0;1
REFETTIN;2;2.7.1950;1;1
FAHRIYEEMEL;1;5.3.1978;0;1
YELCEN;2;12.11.1974;0;2
SERIFDUDU;3;21.11.1955;0;3
GULYETEN;1;20.2.1970;0;1
ESMARIYE;8;8.9.1957;0;8
MOLLAHAN;4;13.2.1962;1;3
ESETTIN;4;8.12.1952;4;0
ZEBATI;1;29.3.1963;1;0
OZMADEN;1;28.4.1963;1;0
FEZAINUR;1;26.1.1962;0;1
ASSIYANA;1;27.12.1959;0;1
FARZIL;1;22.2.1958;1;0
ORUCASLAN;2;15.9.1971;2;0
IFKAN;1;7.5.1974;1;0
KEKLIMEN;2;10.11.1960;0;2
FIDINYA;1;2.2.1975;1;0
ESNARIYE;3;29.3.1978;0;3
ZELEMEN;1;13.3.1939;0;1
FADIMGUL;1;1.4.1936;0;1
SAYFUNUR;1;12.5.1989;0;1
ZALIMEN;1;6.3.1967;0;1
GOKKU;13;15.11.1968;0;13
EMISANA;3;12.5.1971;0;3
BAKISEN;3;10.7.1963;0;3
MESIDIYE;4;12.9.1978;0;4
ZUHRICAN;1;13.10.1991;0;1
NAVRIZAN;1;22.4.1961;0;1
EBUDDAR;3;30.11.1958;3;0
KERIMEDUDU;1;16.6.1952;0;1
UMISE;3;30.7.1966;0;3
ZEZGUL;1;1.4.1979;0;1
BULBUNE;1;20.5.1960;0;1
MUSTELEP;1;7.8.1935;1;0
VICRAN;1;3.10.1963;0;1
ELIFEANA;12;8.5.1954;0;12
HURUSUM;1;26.5.1949;0;1
KOKMANE;1;5.12.1959;0;1
GULELMAS;2;24.12.1962;0;2
ERMIHA;1;7.1.1958;1;0
ZABIDIYE;15;30.1.1965;0;15
IREYAN;1;7.12.1935;0;1
SOFORIYE;1;22.1.1955;0;1
TAMENDER;3;20.8.1963;0;3
CEPBARIYE;1;16.6.1956;0;1
VESATIYE;1;25.3.1952;0;1
FERYAMIN;2;5.1.1969;2;0
MUTEVEKKELE;2;21.2.1946;0;2
MENZARIYE;1;19.2.1953;0;1
NUFILE;1;6.1.1963;0;1
LIYLUFER;1;18.7.1960;0;1
BEKARIYE;2;13.8.1967;0;2
MESODIYE;2;27.6.1952;0;2
ONURUYE;1;28.1.1950;0;1
MAVSA;1;2.8.1945;0;1
MUZEKKAN;1;16.3.1964;0;1
MAVIRDEN;1;17.9.1960;0;1
UHUDE;2;26.10.1963;0;2
ISADIYE;2;23.4.1965;0;2
FERCIYAT;1;26.1.1973;0;1
MEYSAL;1;15.12.1963;0;1
APAN;6;28.6.1952;6;0
FARED;1;13.3.1987;1;0
CATAK;1;14.6.1977;1;0
NUSEYBIN;4;23.3.1966;2;2
AKCAM;1;14.4.1977;1;0
IVEYIS;1;4.5.1930;1;0
MUHRASIYE;1;9.4.1968;0;1
MEZBAHAR;1;22.5.1958;0;1
PALAK;2;20.7.1941;0;2
ESEI;2;10.1.1945;0;2
CERIF;1;3.4.1955;0;1
SULHATICE;1;21.3.1971;0;1
UNSAG;1;2.6.1974;1;0
TERKENLI;7;30.2.1964;7;0
ZEBAHAT;4;3.6.1949;0;4
BIBERIYE;1;26.3.1972;0;1
MASITENUR;1;21.5.1990;0;1
MUBEYRIYE;1;6.6.1954;0;1
NAFIZIYE;2;5.9.1952;0;2
SUTLUYE;2;19.10.1960;0;2
MURNURE;1;7.2.1934;0;1
TENZIHIYE;1;1.7.1954;0;1
MUNETTED;2;1.4.1967;0;2
EBITTAR;2;27.4.1965;2;0
NESERI;1;2.2.1957;1;0
SUHANE;1;1.1.1968;0;1
SUSAMIYE;3;9.1.1970;0;3
KANTAT;2;9.7.1957;0;2
MENNE;4;4.2.1962;2;2
POYRAZIYE;1;3.2.1961;0;1
TEVSIYE;3;2.11.1938;0;3
TASVIRAN;3;7.9.1951;0;3
TURSAL;1;7.2.1964;1;0
PERVANDE;1;15.2.1956;0;1
BEYZAVER;1;25.2.1950;1;0
SENDURDU;1;26.5.1951;0;1
ZULBILE;1;27.8.1944;0;1
BEKIRIYE;5;4.5.1975;0;5
GOKI;2;14.9.1954;0;2
BASGIL;1;6.5.1987;1;0
ODABASI;2;6.1.1952;2;0
TONBAK;2;24.6.1960;0;2
AVKESER;2;9.8.1967;0;2
KAKILLI;1;12.2.1953;1;0
SUHUNE;1;28.12.1958;0;1
NURAYDEMIR;1;19.4.1960;1;0
MUSTANDIK;1;4.2.1966;1;0
VECIRIYE;3;23.9.1959;0;3
NISANIM;1;30.1.1944;0;1
AYSANIM;15;11.2.1962;0;15
IMISHANA;2;22.11.1967;0;2
FADIMANIM;8;2.11.1965;0;8
FADIMEANIM;1;24.11.1950;0;1
HIGBET;1;6.1.1992;0;1
IPRAN;1;2.4.1981;0;1
MUDEBBURE;1;26.1.1968;0;1
SECIDIYE;6;14.5.1963;0;6
IKRABIYE;1;12.4.1971;0;1
NEZEYRE;1;22.2.1979;0;1
FADIMHANIM;4;6.9.1977;0;4
SEVGILIAY;1;23.3.1963;0;1
DONDANIM;1;12.2.1947;0;1
ZOHRETULLAH;14;17.4.1955;0;14
MEKSENNA;10;20.9.1967;10;0
SEVENAL;1;11.2.1980;1;0
SAMMAZIYE;1;26.6.1978;0;1
ULMEN;1;5.10.1984;1;0
UZGAR;3;22.6.1975;3;0
SAMMAZI;1;17.9.1976;1;0
MEFAZEN;3;23.1.1980;1;2
MELEKSAT;1;6.4.1936;0;1
HACISE;6;19.6.1964;1;5
MIHRINISAN;2;7.10.1970;0;2
SOZGE;1;15.6.1988;0;1
RUHUDE;5;27.6.1960;0;5
ZAGFEREN;1;16.2.1950;0;1
UNUVAR;1;26.1.1951;1;0
INAMI;1;26.3.1935;1;0
ZEKIGUL;1;15.3.1977;1;0
ZUBERDE;1;22.8.1967;0;1
HIMMETE;1;21.7.1964;0;1
DOYMA;1;1.8.1985;0;1
HIDYETTIN;1;21.6.1928;1;0
HAMITULLAH;1;3.10.1991;1;0
YUKSINE;1;4.4.1954;0;1
ZILIYA;2;18.4.1969;0;2
ASSEF;1;11.6.1963;1;0
PENZIRE;1;9.1.1982;0;1
ZEYRETULLAH;1;24.9.1940;0;1
YELPER;1;16.4.1963;0;1
UMMAS;2;17.8.1958;0;2
EMIYNE;7;22.6.1962;0;7
BASSA;1;21.1.1956;1;0
CANATAR;2;12.2.1977;2;0
GANIMEN;2;13.11.1971;0;2
ECIRIYE;1;26.2.1977;0;1
IBGAL;3;2.7.1954;0;3
HEDAVIYE;2;6.1.1976;0;2
MUGAYDA;1;11.7.1975;0;1
SEMALIYE;1;12.12.1977;0;1
BADISENGUL;1;17.11.1973;0;1
BAHATLAR;1;11.11.1985;1;0
SERBANA;1;8.12.1968;0;1
TEVHIYDE;2;10.7.1946;0;2
ZEVA;3;9.6.1952;0;3
TEVEKKULE;3;26.9.1954;0;3
INANONUR;1;21.1.1991;1;0
DAYI;3;30.8.1969;3;0
SETTAN;2;23.2.1981;2;0
MEHCAN;3;26.7.1969;0;3
NUDAY;2;4.1.1966;0;2
TULAYA;1;12.9.1960;0;1
PEHRAN;2;18.1.1968;1;1
EYTER;2;1.2.1953;0;2
SERMACIDE;1;12.3.1947;0;1
RIDKI;1;27.1.1979;1;0
HACAKAN;1;29.7.1969;1;0
YASEMINER;2;9.4.1970;0;2
AMINELER;1;21.1.1983;0;1
SENCARARE;1;17.8.1951;0;1
KULCAHIRE;1;22.8.1931;0;1
KALPASLAN;1;16.1.1963;1;0
BAHAIYYE;1;27.10.1963;0;1
VENDIKAR;2;17.2.1971;2;0
MUCEHEZ;4;2.9.1971;0;4
GULSIVE;1;16.2.1981;0;1
LEFKA;3;20.12.1969;0;3
ESEMENE;6;7.2.1959;0;6
MUCIZ;4;26.8.1964;2;2
TOREY;2;2.10.1966;0;2
MAANUR;1;9.6.1955;0;1
ZARATULLAH;2;13.1.1962;0;2
GOKKE;2;24.11.1978;0;2
AYINTEN;1;2.10.1933;0;1
MUTMUNIYE;2;5.10.1962;0;2
PAKIZEF;1;11.8.1986;0;1
ABDUULLAH;1;7.7.1990;1;0
NAZETE;3;26.9.1971;0;3
PURYANE;1;20.6.1948;0;1
CANOY;1;14.3.1991;1;0
GAMERYE;1;27.2.1962;0;1
GULUBIR;1;2.8.1939;0;1
BASANBIBI;1;2.8.1939;0;1
CERAT;1;20.12.1966;1;0
FIDYAS;1;4.6.1963;0;1
EBIMUSLUM;1;11.2.1975;1;0
SENGISAH;1;28.9.1973;1;0
FARIKAN;1;17.2.1936;0;1
SEDIRET;2;23.1.1979;2;0
BEYPARE;1;6.6.1963;0;1
ZAYRAK;1;1.1.1957;0;1
FERIHSAH;1;6.7.1980;0;1
YEDIZ;2;24.3.1973;0;2
ADALIYET;2;15.4.1967;0;2
MAHRICAN;2;1.3.1965;0;2
MEZURIYE;1;22.2.1961;0;1
TUKULU;18;7.3.1961;0;18
SABRANA;1;26.1.1980;0;1
SIHMIN;1;1.3.1973;0;1
SULIMAN;1;3.5.1928;1;0
OZCEVAT;1;1.7.1982;1;0
M.CAVIT;2;29.1.1933;2;0
SAAY;1;23.9.1936;1;0
NEVRIDIYE;3;16.9.1966;0;3
MIRSEYZAL;1;17.5.1954;1;0
SEZAYILE;1;11.11.1956;0;1
HAMEL;1;11.4.1975;1;0
GULHUMRA;1;27.4.1956;0;1
MIRITAN;2;10.3.1955;0;2
TAMSEL;1;17.11.1972;0;1
MUGRIDDIN;1;24.12.1982;1;0
FAUTAZIYA;1;17.2.1966;0;1
MABIKER;3;3.8.1970;0;3
MUMTAR;1;16.11.1939;0;1
KADIRCIK;1;22.2.1943;0;1
SAFFORIYE;2;7.9.1957;0;2
HAMMANE;3;21.2.1952;0;3
EBAKERSIN;1;17.8.1942;0;1
NIGMETTULLAH;1;6.2.1980;1;0
SAHINULLAH;1;2.2.1981;1;0
ANIZER;1;16.8.1981;0;1
MEMDUVA;1;26.5.1960;0;1
ADOL;3;26.3.1951;0;3
CINARMEHMET;1;12.11.1977;1;0
UFEYDE;4;28.3.1961;0;4
MESLI;2;4.11.1933;0;2
N.ZELIHA;1;17.2.1942;0;1
HUHRE;1;2.2.1963;0;1
HAZAMET;2;27.1.1944;0;2
GUTFEDIN;1;2.2.1969;1;0
GIDISAT;4;5.12.1946;0;4
FIRAYE;5;19.2.1947;0;5
ULFEAT;1;1.6.1956;0;1
ZIFRIYE;1;9.12.1964;0;1
NENEHATUN;3;6.3.1971;0;3
MELIRIYA;1;20.4.1965;0;1
LACIVER;2;21.9.1960;0;2
LUBIDE;1;6.11.1944;1;0
BENZI;3;12.12.1966;0;3
MUDU;1;29.6.1944;1;0
SIHHAMZA;1;22.2.1943;1;0
KERIMDEDE;1;26.9.1971;1;0
NAZIBET;2;4.11.1952;0;2
FETTIHAN;1;3.9.1963;0;1
CANFEREN;2;16.12.1976;0;2
ZULKAIP;1;26.1.1963;1;0
FAHRIKAN;1;19.7.1986;0;1
FERAYZI;1;2.12.1956;0;1
KISKA;1;19.10.1949;1;0
DILFILIS;1;22.4.1979;0;1
SEMMEN;1;21.4.1939;0;1
GULANTER;1;7.2.1958;0;1
MAVIBEYGER;1;22.12.1941;0;1
NACICAN;2;28.8.1990;2;0
MAHCAN;7;8.1.1958;1;6
MIHRUBA;1;13.6.1986;0;1
HAVLATE;1;7.2.1964;0;1
KUDUFE;2;2.6.1960;0;2
NESIBENUR;1;8.10.1989;0;1
NEFIRA;1;10.5.1960;0;1
MENDERS;1;26.9.1972;1;0
SEHNAZAN;1;11.5.1975;0;1
MINTIYA;3;27.9.1969;0;3
SONGULGUN;1;2.6.1975;0;1
MUZEHIR;3;24.2.1968;1;2
KALLEM;1;21.7.1958;1;0
SIHVEYIS;1;6.3.1948;1;0
RUZEYAN;1;24.5.1991;0;1
MACIR;2;10.7.1968;1;1
FATMAEL;2;12.11.1950;0;2
FERIDEDTIN;1;12.2.1977;1;0
HIYCANE;1;4.8.1956;0;1
PEHRA;1;16.10.1934;0;1
HAKLICAN;1;9.2.1958;1;0
LIYLIFER;4;27.5.1957;0;4
FERINDAD;1;2.10.1945;0;1
USUDE;3;30.12.1944;0;3
BIRUNI;1;26.3.1987;1;0
SOYDE;2;19.9.1975;0;2
SEZDA;9;3.12.1971;0;9
ACA;4;24.12.1953;3;1
NURUYAN;4;18.7.1973;0;4
HATICETULHUMA;1;21.10.1982;0;1
NEMIDIYE;1;10.1.1978;0;1
GULLUZEN;1;21.2.1966;0;1
RABIAADVIYE;1;11.5.1973;0;1
LEVENDER;1;17.9.1966;1;0
AKMURT;1;18.7.1946;0;1
MUNCIZE;1;17.2.1972;0;1
KEVAKIB;1;7.7.1972;0;1
NUSLUHAN;2;16.10.1948;0;2
FEHRICAN;1;11.6.1957;0;1
ZEVETTIN;1;7.4.1916;1;0
BELVIZAR;1;2.11.1980;0;1
APDURRAMAN;1;11.11.1940;1;0
MUSTEL;3;16.12.1972;3;0
SIDIYKA;5;1.3.1967;0;5
HESMEHAN;1;3.4.1974;0;1
KIZDANE;1;24.6.1973;0;1
MINATIYE;1;8.3.1938;0;1
MAFARAT;1;17.4.1954;0;1
TANYUREK;2;2.8.1971;0;2
TAHURE;4;5.3.1947;0;4
TARAKATCI;1;21.2.1952;1;0
KIAY;1;6.6.1975;1;0
GOKGE;1;9.10.1976;0;1
KURTZADE;7;4.8.1949;0;7
FIMA;1;1.2.1949;0;1
IKINUR;1;12.6.1983;0;1
OZGURIBRAHIM;1;22.3.1991;1;0
RUTGUL;1;2.2.1951;0;1
NURILE;2;11.2.1965;0;2
SUKYETE;1;6.4.1974;0;1
SEVINCEK;1;23.4.1961;0;1
GULKARER;1;15.4.1958;0;1
MUMUNETTIN;1;21.10.1971;1;0
HACIRZA;1;16.8.1973;1;0
MUHEYBE;2;14.11.1937;0;2
SELVANI;3;17.8.1979;2;1
TENCAN;2;19.11.1957;0;2
CIHANESER;3;29.1.1945;0;3
EBEAZEL;1;1.2.1982;1;0
DONEMELEK;1;12.4.1971;0;1
KALEBEYI;1;22.2.1967;1;0
NUTGIYA;1;5.12.1972;0;1
ETEMPASA;1;22.3.1973;1;0
ENHAL;1;26.7.1983;1;0
NEMONE;1;6.1.1951;0;1
ATAILKKAN;1;19.1.1986;1;0
VOKAL;1;10.2.1982;1;0
SABRULHAN;1;17.10.1963;1;0
MIRYEMANA;2;15.7.1962;0;2
HUNEYRAN;1;22.8.1949;0;1
UYANGUN;1;21.10.1965;1;0
HALIMEHANIM;1;6.5.1968;0;1
SEBBE;1;2.12.1927;0;1
MUDIRE;5;5.12.1963;0;5
GURHAT;1;3.6.1988;1;0
ALLAHVERI;1;21.2.1990;1;0
MENDIFAN;1;14.8.1971;0;1
RUBANSAH;1;22.4.1972;0;1
OGULAMAN;1;22.8.1985;0;1
FARIM;1;26.2.1978;0;1
ALIBATTAL;1;7.2.1952;1;0
GUDDUSUN;2;27.4.1956;1;1
DIMNIT;1;21.3.1980;0;1
KEDURA;1;11.12.1973;0;1
UNFEZ;1;24.12.1970;0;1
HAIZE;9;9.1.1962;0;9
HAFIZHAN;1;2.5.1987;0;1
FAVIZE;1;7.3.1946;0;1
NURUDIYE;1;3.5.1958;0;1
PESGUL;1;10.8.1974;0;1
MULLARAHIM;1;27.10.1963;1;0
GULIYAZ;2;9.5.1972;0;2
HASANFAIK;1;17.8.1978;1;0
ZERLIBA;3;24.10.1933;0;3
ELMASUN;1;21.12.1972;0;1
TURUNCA;4;6.6.1934;0;4
SAHSUVAT;1;1.5.1961;1;0
HUVIDE;2;18.5.1953;0;2
MURILE;1;28.9.1961;0;1
YABIKAR;1;2.3.1970;1;0
MIGDET;1;28.7.1956;1;0
MAHE;2;19.1.1961;0;2
UMFES;1;18.4.1970;0;1
TAHRIYYE;1;12.8.1962;0;1
FETIANA;1;12.2.1977;0;1
MUNIYET;2;25.6.1973;0;2
CEZLIK;3;2.2.1971;0;3
UMRUS;2;26.11.1956;0;2
BECILE;1;21.4.1969;0;1
ABIDEGUL;2;28.2.1978;0;2
SANSEREF;1;27.2.1950;0;1
FAHETTIN;1;21.8.1977;1;0
MABIKAR;1;18.12.1932;0;1
ALEATTEN;1;16.5.1977;1;0
MUGULSUN;1;27.4.1962;0;1
FAZIK;1;25.1.1977;0;1
RUMBAN;1;12.8.1935;0;1
ASUYE;2;26.11.1946;0;2
NOGRUYE;1;20.4.1966;0;1
FATINRUSTU;2;27.9.1966;2;0
ZEVDE;2;29.2.1986;0;2
FEYZAI;1;21.4.1960;0;1
BILLURIYE;2;23.6.1978;0;2
FERRAHNUR;3;3.10.1969;0;3
TEVKIYE;2;11.8.1954;0;2
CEVRANE;1;11.3.1967;0;1
NAZETTIN;6;18.9.1957;6;0
BUSURE;2;22.1.1948;1;1
ERAZ;2;24.12.1967;1;1
BENDUS;1;25.12.1987;1;0
PERYAM;1;3.4.1953;1;0
MEHMETCANIP;1;6.7.1986;1;0
AYNIZALA;1;9.11.1963;0;1
MEYMONE;2;25.8.1959;0;2
MADERES;1;9.6.1976;0;1
ZEMAIR;1;22.5.1955;1;0
SEYRETULLAH;1;18.2.1930;0;1
ZUBUDU;1;27.2.1956;0;1
IZABETTIN;2;19.3.1966;2;0
SADERETTIN;5;20.3.1958;5;0
MUKRISE;1;13.2.1944;0;1
ADILGAZI;1;7.9.1982;1;0
ZICANE;2;15.10.1941;0;2
MENDAK;1;4.6.1961;1;0
UMADIN;5;19.7.1971;5;0
BENZO;1;4.3.1951;1;0
EBUTTAR;1;2.5.1961;1;0
EDAVI;3;9.6.1975;0;3
ATABERKANT;1;10.8.1987;1;0
YEMLIKA;5;4.12.1976;2;3
HUVIYET;1;6.1.1979;0;1
EMUTULLAH;3;24.11.1966;1;2
YETEREY;6;27.10.1954;0;6
EBUTDERDA;1;15.12.1952;1;0
TEBERZE;1;12.2.1971;1;0
GULURUK;1;11.6.1951;0;1
MAHSUKUR;1;14.6.1986;0;1
URUYEN;2;17.3.1966;1;1
KUTFIZADE;1;21.1.1983;1;0
SEDIMAN;1;26.8.1989;0;1
VAHMETTIN;1;12.1.1971;1;0
BAHAYET;1;1.2.1943;1;0
PAPUK;2;24.5.1972;0;2
KORPELI;6;9.2.1967;4;2
MENAZILE;7;19.3.1967;0;7
TEVUZ;1;29.4.1967;0;1
MUNURVET;1;22.11.1979;0;1
NUZIBE;1;26.11.1956;0;1
SABAKAT;1;13.6.1965;0;1
ASLIBAL;1;7.4.1967;0;1
VATSA;1;22.2.1973;0;1
APDULMECIT;1;16.3.1960;1;0
FAMEY;1;8.9.1977;0;1
KANIKE;1;2.7.1939;0;1
NESURIYE;3;3.9.1955;0;3
RUSUL;1;21.10.1987;1;0
MIHALIM;1;22.2.1973;0;1
ARAPKIZ;13;10.3.1954;0;13
NIKAHAT;1;22.3.1967;0;1
ZILFIBEYAZ;1;22.2.1937;0;1
TAMAKHAN;1;11.5.1955;0;1
LENGRIZ;1;30.3.1979;1;0
GUNNEL;2;14.1.1957;0;2
Y.EMRE;1;27.2.1992;1;0
DUNUBE;1;5.10.1966;0;1
KEVEY;8;16.12.1954;0;8
FETTENE;2;30.9.1956;0;2
PEVIYE;1;12.2.1941;0;1
TERKANLI;5;6.9.1967;5;0
DEDEYASAR;1;23.4.1937;1;0
DEDEKIZ;6;14.10.1955;0;6
MAKINE;1;9.3.1946;0;1
SESER;2;22.5.1979;1;1
ASIRA;7;14.9.1963;0;7
MAKBUKAR;2;14.6.1957;0;2
BINKAN;1;6.8.1973;1;0
ZEYIBE;4;21.12.1957;0;4
SEDVET;3;13.12.1975;0;3
ERGEC;1;22.8.1943;1;0
MELAIKE;1;21.6.1969;0;1
HABIBETUL;1;8.3.1991;0;1
TAHIRUL;1;1.6.1991;1;0
GULEMSIYE;7;12.5.1964;0;7
GRAZYNA;3;19.8.1960;0;3
SERVETIN;2;21.10.1972;2;0
SULAYHA;2;4.1.1966;0;2
MUHAMMEDONDER;1;16.1.1990;1;0
UCLAR;2;9.1.1949;2;0
RAYIZ;1;21.6.1963;1;0
MUAZEN;1;26.11.1972;0;1
MUBAYEN;1;26.4.1982;0;1
TORICE;1;17.4.1944;0;1
K.MIRTAZA;1;21.6.1989;1;0
FAKRETTIN;1;12.12.1986;1;0
ALICELIK;1;2.6.1991;1;0
YEFINE;1;6.1.1956;0;1
TOKEZIBAN;1;19.3.1951;0;1
BAHHAR;1;17.2.1966;0;1
HERZEM;12;30.11.1966;0;12
OZCEVIK;1;23.8.1984;1;0
ZORIYE;3;22.4.1958;0;3
SIDHI;1;4.4.1951;1;0
ZIHI;1;16.8.1941;0;1
ELUS;3;22.11.1952;0;3
KENANET;1;28.10.1933;0;1
AMANAT;3;15.9.1970;1;2
KUTTEY;1;19.8.1948;0;1
HACIKIZI;1;19.10.1977;0;1
ASAMI;1;7.2.1976;0;1
SEMZE;6;3.2.1971;0;6
MEBBUS;1;21.6.1973;1;0
SUHYA;1;25.9.1961;0;1
BENLIZAR;11;17.9.1949;0;11
SATTIN;2;12.9.1967;2;0
TEMIRBAY;1;22.7.1922;1;0
ZILEKARYE;1;22.8.1943;0;1
NEZAFFETTIN;1;1.4.1968;1;0
HAFUR;2;17.2.1945;2;0
PITE;2;7.8.1922;0;2
GELES;2;5.11.1945;2;0
MUGEL;3;2.1.1966;0;3
NAKULE;1;3.3.1961;0;1
RAHIMEI;2;2.6.1951;0;2
YAKUFE;1;4.1.1962;0;1
SEMIKA;5;18.11.1968;0;5
TAYYARE;2;15.10.1942;0;2
TENVIRA;1;1.4.1940;0;1
GUNASI;2;9.10.1977;1;1
PEFIHAN;1;10.7.1974;0;1
A.TANJU;1;3.9.1961;1;0
HALIMECAN;1;29.11.1988;0;1
MISKER;2;6.7.1976;0;2
ABDURIZA;1;3.12.1957;1;0
ZILKARIYE;1;27.1.1962;0;1
MUSTAFAYASAR;1;3.7.1985;1;0
POTASHAN;1;21.5.1989;0;1
UMUTTAN;1;25.9.1974;1;0
MUCAHHIT;4;2.5.1965;3;1
MAHIKER;1;12.2.1965;0;1
SUNAKADIN;1;22.3.1961;0;1
SEYITFEVZEDDIN;1;9.4.1991;1;0
MASMURE;1;19.7.1973;0;1
HIKMETUL;1;27.3.1992;0;1
SEMERYA;1;1.7.1985;0;1
SUKURZATINE;1;1.2.1971;0;1
HAVVAGONCAGUL;1;6.8.1990;0;1
CELANI;2;22.6.1954;2;0
ABDULKAY;1;7.12.1976;1;0
ABDINNUR;2;1.7.1972;2;0
EMINEYI;5;14.12.1956;0;5
SEZERAY;4;27.1.1971;2;2
ALPONDER;1;6.2.1971;1;0
SERTALP;2;3.12.1987;2;0
RONIDA;1;6.8.1975;1;0
ATAKCAN;1;4.5.1963;1;0
ABDUHEKIM;1;17.2.1984;1;0
REFIKIYE;1;10.9.1978;0;1
HAVVAMELIKE;1;17.2.1978;0;1
RUFKA;1;21.12.1969;0;1
FERZANA;2;6.1.1958;0;2
NUHRAMI;1;20.6.1960;1;0
YASIDIYE;1;7.4.1957;0;1
VEFACAN;1;17.5.1990;1;0
SAHDEM;1;18.5.1963;1;0
MULLAKADIN;1;3.2.1939;0;1
HAVISEN;1;20.11.1972;0;1
EMCETTIN;1;11.6.1967;1;0
NONISAN;1;16.2.1956;0;1
ELETIR;1;7.2.1934;0;1
PERSILDE;1;30.4.1926;0;1
NAKIA;1;7.8.1922;0;1
FETALE;1;12.1.1929;0;1
DILSATMUNIRE;1;27.1.1974;0;1
SEYDIHARUN;1;20.9.1977;1;0
FERHATA;1;21.8.1946;0;1
EMRINAZ;1;7.7.1964;0;1
MUESSEM;1;13.1.1953;0;1
ZULGIFLI;1;1.5.1936;1;0
ZIADTIN;1;2.10.1951;1;0
SERAYNAZ;1;26.4.1966;0;1
ZIYNEGUL;2;11.7.1977;0;2
ESSEMENE;2;16.8.1957;0;2
VEHIHE;1;18.9.1960;0;1
MUNTOHA;1;16.6.1958;0;1
GUNASER;1;11.5.1973;0;1
AYISDUDU;3;9.2.1952;0;3
IRMIHAN;1;11.12.1986;0;1
ADAVET;3;4.4.1956;0;3
SASIRIN;1;27.4.1964;0;1
ILDIZIYE;1;16.3.1945;0;1
MEZUNIYE;1;21.7.1965;0;1
KADIRIYYE;2;28.8.1953;0;2
QIZILGUL;2;14.8.1973;0;2
FUNDAYSEL;1;5.8.1987;0;1
METOL;1;3.12.1945;1;0
SUDADIYE;1;24.8.1973;0;1
KEBURTER;1;1.12.1951;0;1
RAVETTIN;3;10.12.1946;3;0
RODE;2;2.4.1972;0;2
UMMUHABIBETULLAH;1;27.11.1972;0;1
PERNISA;3;30.1.1954;0;3
DUTDIYE;1;6.7.1951;0;1
HADISTAN;1;21.10.1983;1;0
PAKIZEGENCAY;1;30.3.1976;0;1
FEVZEDIN;8;21.10.1979;8;0
YASARSEN;1;26.6.1964;0;1
MUSTALLI;5;16.4.1967;5;0
GOKBIKEM;1;27.7.1991;0;1
MAHVISADI;1;23.8.1959;1;0
AYSUNUR;3;18.11.1982;0;3
HAMALIN;1;22.2.1967;0;1
ZEHARIYE;2;30.11.1942;0;2
MAALLA;2;22.11.1958;0;2
HAVVNUR;1;30.4.1991;0;1
VEZNEVIR;1;21.7.1966;0;1
SEVIMAN;1;29.4.1950;0;1
MEHLAIL;1;22.2.1985;1;0
SELMUS;1;27.9.1971;0;1
GULVEZIR;6;30.7.1960;3;3
NURBEHIYE;1;8.10.1968;0;1
TAYYIBENUR;1;5.7.1989;0;1
TELLA;1;11.6.1932;0;1
SEYFUHAN;1;21.3.1935;1;0
SANIYEGUL;7;20.9.1974;0;7
MIHUTTIN;1;13.6.1973;1;0
VEKTE;1;9.11.1971;0;1
MASEL;1;26.9.1961;0;1
N.CORNELIA;1;3.2.1977;0;1
ZOHRATULLAH;1;3.12.1959;0;1
CERBIL;1;11.3.1968;1;0
TACIZE;1;6.11.1965;0;1
HAZOMER;1;21.6.1982;1;0
SITGIYA;1;21.5.1935;0;1
HALTE;1;20.1.1981;0;1
EGSEL;1;3.9.1963;0;1
NECABETI;1;17.7.1973;0;1
MERVEGUN;1;10.12.1991;0;1
LUVMAN;1;1.11.1949;1;0
EMMIGULSUN;3;28.1.1971;0;3
AYSENNAS;1;25.7.1973;0;1
GULFADIM;3;14.6.1974;0;3
MAHMUTHASMET;1;23.1.1961;1;0
HAMIDETULLAH;1;16.9.1967;0;1
FEKA;2;9.2.1976;0;2
SARETDIN;1;10.12.1953;1;0
NESLAHANIM;1;26.10.1977;0;1
DURSINA;2;20.10.1958;0;2
ESEBEN;1;1.2.1978;0;1
ALIBAKI;2;23.9.1963;2;0
ABDULKADIRGEYLANI;1;17.6.1991;1;0
MUNEYLA;2;16.4.1959;0;2
VESILEI;1;26.5.1972;0;1
DILEFIYE;5;11.5.1960;0;5
TETE;1;2.3.1945;0;1
FERENDER;1;1.8.1953;0;1
UMMUPERIHAN;1;6.12.1989;0;1
KAFDER;1;1.12.1961;0;1
GIZBAS;1;14.12.1953;0;1
VILSEN;1;17.2.1954;0;1
FULHAN;1;13.10.1977;0;1
ELIYEVA;1;29.6.1973;0;1
MUBALE;2;30.9.1953;0;2
FEYREZUR;2;1.4.1959;2;0
GONULSUAT;1;15.1.1977;0;1
FAHRILDANE;1;21.5.1958;0;1
MUSEVVERT;1;27.11.1980;0;1
GANIMEGUL;1;18.2.1966;0;1
RUVUDE;2;5.1.1945;0;2
BEHICENUR;2;16.6.1976;0;2
HUDANAZ;1;12.10.1977;0;1
TABE;2;28.10.1955;0;2
SOGLEN;1;19.4.1966;0;1
ILKOR;1;14.6.1977;1;0
NURTUYE;1;7.11.1970;0;1
ASSAYA;1;14.10.1963;0;1
PETULE;1;12.3.1941;0;1
HATICETILKUPRA;1;17.6.1975;0;1
ZATINA;1;17.12.1966;0;1
MEHMMET;5;30.10.1983;5;0
MUTENUR;1;22.2.1990;0;1
SAVINI;2;6.2.1958;2;0
TUNDOGAN;1;7.11.1937;1;0
HAYRULHAYAT;1;22.4.1925;0;1
TURGIS;1;12.3.1967;1;0
EVHADETTIN;1;26.3.1960;1;0
RESAIYE;1;18.4.1954;0;1
AKIKO;2;8.9.1966;0;2
ALTUNBAY;1;22.7.1943;1;0
TIBE;2;20.8.1957;0;2
SADAHMET;1;16.12.1955;1;0
HIDIRILLEZ;1;16.11.1959;1;0
TEVARIK;2;28.10.1958;0;2
MESTORIYE;1;17.8.1984;0;1
YILDIZASLI;1;17.6.1973;0;1
TELUR;1;10.11.1970;0;1
NURGAL;3;25.3.1977;0;3
M.LUTFU;5;23.9.1950;5;0
HANDEBUSRA;1;7.10.1991;0;1
KURBANIYE;2;6.10.1975;1;1
MUTAAR;1;20.8.1974;0;1
MUIBE;1;26.12.1945;0;1
UKRETTIN;2;18.10.1954;2;0
LEMKA;1;29.3.1962;0;1
MUHATTIS;4;30.9.1965;0;4
MELIYET;3;18.12.1941;0;3
MEVLADEN;2;28.5.1968;0;2
NERIZA;1;21.3.1971;0;1
TULUSAH;1;16.10.1983;0;1
SADEDIYE;2;25.4.1954;0;2
ALKARAN;1;22.3.1965;1;0
MEHGUL;1;1.9.1986;0;1
ASHAPCEMAL;1;16.4.1934;0;1
SEHVERE;1;24.3.1952;0;1
MAKMOLE;1;19.2.1972;0;1
CAGLASU;3;19.4.1987;0;3
SEMSIBADE;1;18.2.1957;0;1
NEBISALIH;1;6.6.1943;1;0
ALBERTINA;1;3.10.1932;0;1
HANIMSAT;2;12.9.1953;0;2
RIVAHI;1;28.7.1977;0;1
ZULFIKARE;1;21.4.1974;0;1
FAYIHA;2;2.3.1930;0;2
GUBRIYE;1;4.7.1969;0;1
HABERDAR;1;6.5.1974;1;0
MESMURA;1;2.11.1985;0;1
SITDISAH;1;26.8.1972;0;1
YASARSIN;3;17.4.1941;0;3
IRSADIN;1;12.9.1965;1;0
NERGIZAN;1;12.3.1935;0;1
SIYRANI;1;10.6.1964;1;0
MIMSEL;3;3.3.1968;0;3
RAHIYLE;1;6.4.1981;0;1
ASAY;2;11.11.1978;2;0
REVELI;1;26.2.1973;0;1
KUTALMISHAN;1;10.4.1987;1;0
ERRAHI;1;15.10.1968;1;0
GULSOM;2;26.6.1963;0;2
BUCKE;1;22.9.1991;0;1
SAHILLA;1;3.4.1972;0;1
SULLEN;1;11.3.1968;1;0
CEMENNAZ;1;15.2.1953;0;1
H.TAHSIN;8;9.10.1943;8;0
TASFIRAN;2;24.8.1965;0;2
HAMDEN;3;11.2.1970;3;0
SEVKEZE;1;10.5.1940;0;1
FATMA-TUL;1;18.3.1982;0;1
NURTUG;2;22.2.1978;0;2
ASSIYEGUL;1;6.3.1969;0;1
BEYTURE;1;21.4.1944;0;1
ANARHAL;6;30.10.1969;0;6
HAJRA;1;21.2.1977;0;1
MELIDIYE;1;1.10.1966;0;1
MAVIDER;1;24.7.1971;0;1
ALAKUS;1;13.4.1946;0;1
H.EMINE;1;1.6.1974;0;1
ORHANALI;2;2.3.1973;2;0
KUZEYME;5;11.5.1959;1;4
ZULUHAT;1;4.4.1939;0;1
UMMUANI;1;6.10.1967;0;1
KIFLI;3;25.7.1960;3;0
TAYIYE;1;16.8.1949;0;1
TESLIMAN;2;30.1.1962;0;2
ATTIKE;2;16.11.1967;0;2
NURTUBA;4;12.1.1989;0;4
PERULDANE;2;14.8.1963;2;0
HAYYAMI;1;21.6.1958;1;0
MUSDALLI;2;30.9.1965;2;0
NEBYE;1;22.6.1973;0;1
BAHABIYE;1;26.2.1971;0;1
HUTTIYE;1;2.2.1957;0;1
GUDIRIYE;1;16.4.1970;0;1
NASAHATTIN;1;8.6.1963;1;0
MERIZAN;1;11.6.1970;0;1
SUHALE;2;28.8.1964;0;2
SUMMEN;1;3.12.1949;1;0
MAKBERIYE;2;10.1.1959;0;2
KUVANC;1;16.8.1951;0;1
NEZMET;5;4.3.1965;5;0
ZENCIHANIM;2;11.10.1960;0;2
SELDIA;1;16.12.1980;0;1
REHHANE;1;9.6.1965;0;1
IDIR;1;27.2.1968;0;1
MUBAYYER;1;27.6.1950;0;1
ZOFERE;1;7.2.1950;0;1
SEFFORIYE;1;6.10.1949;0;1
KAYIRBEK;1;4.11.1985;1;0
ZEBIHAN;3;19.3.1974;0;3
KANITAD;2;9.4.1949;0;2
SAMAHAN;2;22.5.1946;0;2
BAYPOLAT;1;21.7.1982;1;0
UMMEGULSUN;1;22.11.1979;0;1
GULNUREN;1;6.7.1957;0;1
ABULA;1;24.5.1959;0;1
MANTI;1;11.7.1972;1;0
MUKATTEM;1;14.8.1935;0;1
VEYBE;1;24.10.1942;0;1
MUSMIYE;3;14.6.1973;0;3
SAHORIYE;1;12.12.1971;0;1
SEMIYRA;1;12.5.1989;0;1
MUZDEKAN;2;16.10.1955;0;2
KUGULU;1;21.5.1959;0;1
TEZANUR;1;11.4.1978;0;1
KEZZILI;1;6.12.1950;0;1
MUJDEKAN;1;12.6.1965;0;1
BULERYA;2;8.12.1963;0;2
MERACAL;1;16.7.1988;0;1
MUTARA;6;21.7.1964;0;6
KASAY;1;22.7.1954;1;0
IBADEMIN;2;19.2.1951;2;0
NEVZATDIN;1;7.2.1970;1;0
RUFIAT;1;21.1.1954;0;1
TURUNA;1;17.10.1984;0;1
ASIBA;2;4.5.1951;0;2
KINTERI;1;27.8.1926;0;1
UZARANA;1;29.1.1944;0;1
MUHURYE;1;29.10.1965;0;1
ZENCANI;4;23.7.1965;1;3
FEFURE;1;9.3.1954;0;1
SABITTAR;1;18.11.1927;1;0
HAVIZA;12;21.7.1958;0;12
BEHEYEDDIN;1;1.7.1975;1;0
NURZAR;1;11.9.1945;0;1
AKKURT;2;10.4.1951;1;1
ORTASYA;1;30.7.1972;0;1
BILLALE;1;19.7.1960;0;1
YASARULLAH;1;21.12.1967;1;0
KUPRUHAN;1;13.1.1983;0;1
HULEYFE;2;27.7.1977;0;2
FAMUZE;1;21.4.1969;0;1
MUSEVIT;1;8.2.1966;1;0
ZALAMAN;1;11.11.1954;0;1
MUCUVET;1;13.4.1959;1;0
ALCAL;1;16.7.1979;0;1
UMUDUR;1;12.7.1953;1;0
EMSIYA;1;17.2.1966;1;0
HOCEGAN;1;6.4.1972;1;0
GULUTAM;1;1.1.1955;0;1
TECIL;5;24.5.1966;2;3
MELPARE;1;6.11.1955;0;1
ANZELE;1;1.5.1980;1;0
NIKARI;3;14.6.1965;0;3
VURTEN;1;11.11.1958;0;1
NADJIBA;1;15.10.1949;0;1
UMUGUSUN;3;28.5.1957;0;3
FIRDEVSU;1;11.4.1955;0;1
HAMMENE;1;22.4.1961;0;1
RAMISER;4;22.4.1960;1;3
UMMUUMERA;1;2.6.1974;0;1
MUFAHAM;1;18.8.1959;1;0
MENSAHIN;1;27.7.1962;1;0
NENSE;1;16.9.1958;0;1
HAKKABIR;1;17.2.1972;0;1
YAMURAY;1;10.9.1989;0;1
MUSTAL;1;14.2.1953;1;0
MUKREFIN;1;4.3.1975;1;0
FERAMMUZ;1;11.1.1968;1;0
SADEFE;1;18.7.1923;0;1
SUPLIYAN;1;18.4.1977;0;1
GUNEYSIM;1;20.4.1963;0;1
OLJAY;1;16.5.1967;0;1
MINNADIYE;1;27.7.1963;0;1
GULCAHILE;1;17.4.1955;0;1
KALBIER;1;15.8.1970;1;0
MUSLEHITTIN;1;6.5.1955;1;0
MUKEZZEM;1;13.3.1971;0;1
SAVKUYA;1;17.4.1951;0;1
MUSERREFA;1;12.2.1953;1;0
USTEKAR;2;15.11.1962;2;0
NARFINAZ;1;6.7.1935;0;1
YURTDANE;1;7.6.1934;0;1
YILMAZHADI;1;12.6.1941;1;0
SELUR;1;2.10.1981;0;1
UNZIDE;1;17.2.1948;0;1
MUSALB;1;26.6.1985;1;0
SUNEYRA;1;12.1.1989;0;1
ESRENUR;1;24.12.1977;0;1
FAKIFE;1;3.6.1939;0;1
HACCADUDU;1;26.10.1953;0;1
SEYFILAN;1;2.8.1950;0;1
ISMIZADE;2;12.8.1941;0;2
HEYVAGUL;1;3.3.1957;0;1
ALEMHAN;3;10.4.1935;0;3
TEFITE;1;29.2.1932;0;1
EYYUBUN;1;22.6.1943;1;0
SEVVER;3;20.3.1953;0;3
HISMED;1;6.4.1936;1;0
BAHILE;6;29.2.1962;0;6
HAKANGUZEL;1;10.9.1979;1;0
HUDAYER;2;27.6.1976;2;0
SAMME;10;20.7.1950;0;10
CANILACI;2;17.4.1961;0;2
RUHZIYE;3;4.12.1953;0;3
FELIZA;1;27.4.1972;0;1
KUTSALAY;1;4.10.1982;1;0
NASRATIN;2;15.9.1964;2;0
HUSRAVI;1;17.7.1972;1;0
SESERVEN;1;11.10.1982;0;1
RAZEMET;1;10.12.1990;0;1
SEVLIAY;2;19.2.1979;0;2
GORDU;3;2.2.1963;2;1
DESTIHAN;1;27.2.1950;0;1
ZAREFE;1;10.9.1965;0;1
MUNDEK;1;22.2.1949;0;1
MANDEN;1;27.12.1974;0;1
NIMED;3;27.1.1974;0;3
ENRIKETA;1;16.1.1975;0;1
CIPIL;1;26.2.1991;0;1
DESTEK;1;25.10.1948;0;1
PELINA;1;23.4.1991;0;1
MEZEY;1;27.8.1949;0;1
SAMMEY;2;9.11.1942;0;2
SOREY;2;17.7.1927;0;2
TONUK;1;12.4.1953;0;1
HOSE;2;29.10.1958;0;2
MENDUFIYE;2;13.9.1954;0;2
GURDELE;1;24.6.1959;0;1
RAMBILE;1;24.2.1977;0;1
MUKAHIL;2;14.12.1980;2;0
HAREY;2;17.4.1952;0;2
URKUPLU;1;21.2.1966;1;0
MANCALI;1;12.8.1935;0;1
SAHYINDI;1;7.8.1934;0;1
SOFOR;1;27.2.1986;1;0
GOLSALUN;1;11.7.1972;0;1
YURUK;2;4.6.1961;1;1
GULLUCICEK;1;21.9.1982;0;1
KALA;2;21.4.1943;0;2
YURDEKUL;1;21.12.1964;1;0
ABDILRUF;1;14.5.1970;1;0
SUMERYEM;1;4.7.1989;0;1
NURSAYEN;1;3.5.1984;0;1
HARLAR;1;3.7.1969;0;1
DULAGE;1;6.8.1953;0;1
DUTSE;1;4.2.1972;0;1
GURUTAN;1;9.3.1957;0;1
MEHSURIYE;1;21.4.1966;0;1
BESAV;1;3.8.1956;1;0
MUCAHILE;1;17.6.1978;0;1
MULUKUYE;1;9.7.1956;0;1
NEDRIP;1;24.9.1991;1;0
NEZANUR;2;25.12.1972;0;2
H.ARIF;2;24.10.1957;2;0
MUBEYIT;1;16.2.1974;1;0
TAZINUR;1;12.2.1983;0;1
METHISAN;1;17.10.1976;1;0
KENDIYAS;1;10.1.1982;1;0
SUDAYI;4;2.1.1968;0;4
ISHABETTIN;1;14.3.1990;1;0
MUDARE;1;26.9.1957;0;1
MEHMEDIYE;8;21.5.1968;0;8
HUVE;1;29.2.1978;0;1
MOSADIYE;1;27.11.1982;0;1
MUKATDESI;1;12.2.1953;0;1
BEYLIK;3;9.2.1976;2;1
VEJNIYE;1;26.11.1967;0;1
EBUBEKIRALP;1;26.10.1981;1;0
NEZBET;1;26.4.1965;1;0
NURTE;3;10.11.1969;0;3
BARB0ROS;1;9.5.1978;1;0
SECCAT;3;13.3.1975;3;0
ZEVAT;4;24.12.1969;3;1
GUDSI;2;29.6.1952;2;0
DAYMAN;1;11.6.1963;0;1
GUDISI;1;6.3.1949;1;0
CAPANDEDE;2;24.9.1968;2;0
ERBABIL;1;16.5.1955;1;0
ISRANUR;2;20.6.1991;0;2
MEVDIHAN;1;21.8.1974;0;1
ETAMIN;1;7.2.1976;1;0
TURHANBEY;1;15.8.1966;1;0
VIKAYE;1;1.12.1965;0;1
SELMAHIYE;1;30.8.1990;0;1
CELESIM;1;11.4.1957;1;0
PATIK;1;3.4.1951;0;1
KAFEYE;1;18.2.1954;0;1
MUHUZE;2;23.10.1955;0;2
ABDULRAZIK;1;21.11.1970;1;0
EBETTAR;1;8.4.1970;1;0
SUYANDAN;2;2.4.1964;0;2
LEMASE;2;21.7.1966;0;2
RUSDUM;1;28.9.1949;1;0
SIHYUSUF;1;11.10.1938;1;0
ZULKARNEYL;1;5.8.1987;1;0
ABDUKAYYUM;1;30.4.1971;1;0
ADILENUR;2;12.5.1981;0;2
MEZIYYE;1;7.2.1928;0;1
SEVANT;1;15.12.1949;0;1
CEVHERLAL;1;7.12.1990;1;0
BATURSAH;1;14.7.1974;1;0
MAHIDES;1;7.10.1957;0;1
BEKIRIORHAN;1;27.10.1955;1;0
GURDOVAN;1;21.11.1971;1;0
SELENBUKE;1;16.11.1987;0;1
DEVRISEN;2;2.5.1965;1;1
NEZEMI;1;22.2.1961;0;1
SURAYIP;1;22.11.1978;1;0
BAKKO;1;6.9.1986;1;0
M.ASLIHAN;1;10.5.1976;0;1
ESMAPINAR;1;16.7.1987;0;1
RALIYA;1;22.2.1961;0;1
MALISE;2;10.8.1964;0;2
NAFINUR;1;25.7.1986;1;0
RUMIYSE;1;12.11.1971;0;1
AYSEGULLUBEYNA;1;21.8.1987;0;1
EYALETTIN;2;17.5.1952;2;0
DEMIRKOC;4;11.5.1959;4;0
KISAT;1;12.11.1963;1;0
VESILETUL;1;7.3.1990;0;1
FAIKHAN;3;19.5.1987;3;0
ZEYMELI;1;11.4.1961;0;1
MAFIRZE;1;6.7.1963;0;1
NORUL;1;3.4.1957;1;0
REMISA;1;19.11.1990;0;1
DURYEN;3;5.2.1963;0;3
HURNUZ;5;10.8.1962;0;5
PAKIL;1;15.6.1927;0;1
AVNIHAN;1;15.4.1991;1;0
SANETTIN;2;6.12.1950;2;0
SELFIYAZ;2;2.1.1944;0;2
LEFAYIR;2;6.9.1967;1;1
MIHIRHANIM;1;12.12.1973;0;1
LIYUZA;2;11.8.1970;0;2
MEFRUDIYE;1;17.5.1966;0;1
SEHYESTE;1;2.11.1961;0;1
ZATIMEN;1;7.8.1928;0;1
NURINNISAK;1;3.3.1957;0;1
CUMHURSITKI;1;27.7.1986;1;0
GAMZEN;1;21.4.1982;0;1
YASEMINNUR;2;5.1.1980;0;2
SELMIK;2;1.11.1982;0;2
GUNEYSIMAY;1;25.11.1989;0;1
MIHIRBANI;1;26.3.1960;0;1
GUVEYDE;2;4.8.1951;0;2
BUHEYA;1;12.4.1957;0;1
NARGOL;1;15.3.1956;0;1
SEYIDA;5;20.1.1957;1;4
ATILCAN;3;25.2.1984;3;0
NURDABIR;1;19.1.1966;0;1
ULESIZ;1;27.8.1926;0;1
IZNAL;2;5.8.1966;0;2
GAMEZ;1;22.6.1961;0;1
ZULHUYE;3;5.8.1956;0;3
NEYFAL;1;29.3.1968;1;0
FERHATHAN;1;21.11.1971;0;1
FATM;2;21.5.1990;0;2
MELIKEGUL;2;19.6.1984;0;2
NECFIDDIN;1;2.1.1951;1;0
NAGEN;2;16.8.1982;0;2
FERAYNUR;2;17.7.1989;0;2
KOKU;2;18.11.1959;0;2
VISALE;2;14.10.1965;0;2
GOKUSE;1;17.2.1966;0;1
SELMIL;3;12.11.1976;0;3
KUDREDAYDOGAN;1;8.4.1970;1;0
HUSEYINAVNI;3;6.4.1957;3;0
HANSEN;4;17.7.1964;1;3
HEKMEN;3;18.8.1975;1;2
LERIHAN;2;13.9.1935;0;2
YASAMETTIN;2;6.6.1971;2;0
A.AKIF;1;23.12.1940;1;0
MEFHARIYE;1;6.4.1949;0;1
ESMANIYE;5;30.12.1942;0;5
SELMINAS;8;29.12.1962;0;8
EBRUKA;1;11.4.1945;0;1
ACEPNUR;4;29.8.1960;0;4
KACAR;3;16.9.1943;3;0
NEFISEYI;1;17.6.1953;0;1
YASARIYYE;2;18.2.1959;0;2
TURBELI;4;17.11.1962;0;4
ZARAFIYE;1;12.10.1947;0;1
HACEGAN;1;28.11.1989;0;1
BIRGULLU;1;27.2.1968;0;1
MEVTAP;1;1.9.1975;0;1
NIHANNAZ;1;21.4.1964;0;1
NORDELEN;1;29.5.1971;0;1
ZERURE;2;3.4.1966;0;2
BEHESDI;1;26.12.1991;1;0
GONE;1;22.11.1973;0;1
GULLILE;1;16.2.1961;0;1
SATLAN;1;12.5.1952;1;0
UNZULU;1;1.2.1979;0;1
MUHRIZE;1;14.11.1968;0;1
TAHSIMET;1;22.10.1961;0;1
NEVRUZIN;1;16.3.1958;0;1
NUHSAMI;1;30.4.1986;1;0
MUBUYYE;1;17.2.1960;0;1
NERFIZE;1;17.3.1948;0;1
GULMANA;1;30.4.1950;0;1
SIDDIKAGUL;1;17.8.1988;0;1
HAYDIYE;2;3.8.1949;0;2
LEVAZIYE;6;2.9.1954;0;6
KUFEYLAN;2;25.10.1963;0;2
PEZRIZAT;1;2.8.1978;0;1
SENAMI;2;16.11.1961;1;1
NIMETPINAR;1;24.3.1985;0;1
MUCAHI;2;1.9.1978;2;0
CICEN;2;7.3.1939;0;2
MAKZIYE;1;16.10.1975;0;1
TIKEL;1;7.3.1980;1;0
DOGUGUN;2;2.3.1988;2;0
BEHIDEY;1;9.4.1978;0;1
ZULKARNIL;2;13.5.1964;2;0
DENSEL;1;11.3.1983;1;0
NERMINHAN;1;21.10.1979;0;1
BARIFE;3;3.8.1952;0;3
HANIFESIBEL;1;22.9.1975;0;1
TULBIRZA;1;8.2.1970;0;1
JUNKO;1;6.12.1964;0;1
MUHAMMEDYAVUZ;1;18.11.1990;1;0
T.;1;1.4.1962;1;0
MEFARIYE;2;15.11.1968;0;2
ECIRHAN;1;18.7.1983;1;0
ABDUNNACI;1;10.6.1934;1;0
EBDUHU;1;21.10.1983;0;1
SENGULA;1;21.2.1971;0;1
SAHIBI;2;9.3.1942;1;1
ESU;1;14.2.1941;0;1
EMINETUL;2;23.8.1971;0;2
TURHAMIN;1;6.3.1951;1;0
ZENNORIYE;1;2.12.1952;0;1
PERIHANNUR;1;22.3.1980;0;1
ABDULMENAS;2;25.10.1977;2;0
DILARARA;1;15.9.1982;0;1
LIZAME;2;9.1.1969;0;2
SAHRAANA;1;1.5.1956;0;1
BEDGA;1;12.5.1977;0;1
MEMILLI;3;3.8.1969;3;0
ZAYTUNUR;1;12.7.1977;0;1
LEFIME;2;7.5.1973;0;2
RUDE;4;6.5.1952;0;4
TEPLIK;1;15.6.1940;0;1
SIDDIKANUR;1;22.6.1971;0;1
RAYIL;4;25.5.1969;2;2
SESINAZ;1;21.3.1939;0;1
SIVEKER;5;27.10.1957;0;5
FEZAYE;2;24.7.1971;0;2
MELIHIYE;1;22.11.1965;0;1
MUHSINET;2;28.4.1965;0;2
NIZAL;2;1.5.1977;0;2
GEDIZE;1;14.1.1953;0;1
HUSEYINIYE;1;22.5.1973;0;1
MEGABIR;1;26.1.1977;1;0
SEYHDA;1;9.6.1990;0;1
HUMEYRAHATUN;1;27.9.1982;0;1
POCAN;1;24.3.1960;1;0
UGRA;2;12.2.1988;0;2
SEFIYGA;1;6.11.1968;0;1
FENNISE;1;10.6.1974;0;1
TURGUDIYE;2;24.8.1960;0;2
MENFURIYE;2;19.4.1962;0;2
DIKTEHAN;1;11.3.1980;1;0
HURUME;6;4.1.1955;0;6
AHMETMELIH;1;14.2.1975;1;0
MEVHIDIYE;2;11.2.1955;0;2
TECAETTIN;4;18.5.1969;4;0
UMMUNIYE;1;10.9.1977;0;1
RUFEN;2;29.8.1969;0;2
ASLA;1;29.11.1984;1;0
MISAIN;1;13.6.1971;0;1
ASCAN;2;12.2.1985;2;0
ZUHREI;1;16.12.1931;0;1
HAFZENUR;1;27.2.1992;0;1
RUSLET;1;6.12.1955;0;1
BERRANUR;4;21.1.1990;0;4
OZKANER;1;25.8.1975;1;0
BEDURHAN;2;19.10.1966;2;0
FEDILI;1;17.9.1950;0;1
NAIMHAN;1;11.3.1981;1;0
CEZBIH;1;28.12.1980;0;1
ATIKCAN;1;8.2.1966;1;0
OZLUFER;1;11.2.1973;0;1
SEPLEN;2;21.12.1985;0;2
GOVEL;3;28.8.1962;1;2
SIKUFE;1;21.4.1963;0;1
DURRUNISA;3;17.2.1959;0;3
MUVEDDER;1;27.8.1938;0;1
NAZAL;3;1.9.1980;0;3
RUHUYI;1;21.4.1982;0;1
RAHMIYEGUL;1;6.7.1952;0;1
NERVA;1;30.3.1979;0;1
SATRI;4;5.10.1955;4;0
UZEYRE;2;11.6.1958;0;2
SEBATHAN;1;26.2.1939;0;1
UYSALER;1;23.7.1967;1;0
FITAN;1;2.2.1957;0;1
TESEKKUR;4;12.8.1954;0;4
KAMILEMEYCEN;1;27.6.1977;0;1
OLCAG;1;22.2.1991;1;0
HERTEN;1;3.5.1936;0;1
MESURULLAH;1;8.7.1963;1;0
KEBRE;4;27.12.1964;0;4
EMNIE;1;26.5.1972;0;1
SELTAC;1;15.2.1977;0;1
MURAVIYE;1;17.8.1930;0;1
TAYFUNNEFIS;1;22.2.1973;1;0
DANYA;2;24.7.1991;0;2
MUHAMMEDRIZA;1;1.9.1984;1;0
FATUMAHATUL;1;7.6.1964;0;1
GUVENCE;1;28.2.1989;0;1
ZEVRIH;1;2.4.1964;1;0
RUHANA;6;14.5.1961;0;6
MUMAMER;1;21.6.1966;0;1
YUMLUHAN;1;12.2.1947;1;0
HAZIRETTIN;4;29.7.1966;4;0
SERFAKTI;1;10.6.1975;1;0
ABDILSAMI;1;2.1.1951;1;0
ALPTUGBORA;1;6.10.1991;1;0
ALIMAT;1;1.4.1959;0;1
HUBAHAT;1;22.5.1967;0;1
GOKLU;1;22.8.1949;0;1
MUSTAFAYI;1;6.10.1949;1;0
PERVINNADIR;1;10.10.1959;0;1
TEHOMAN;2;19.12.1953;2;0
YAZGIM;6;8.8.1984;0;6
PEKDOGAN;2;19.9.1955;2;0
HAYRUR;1;11.2.1940;1;0
ZEYCO;2;13.7.1941;1;1
IRCA;1;23.4.1955;1;0
FERRAYI;1;27.10.1979;0;1
PEMAN;1;30.9.1958;0;1
NERFIYE;3;23.9.1962;0;3
SEMERIYE;2;30.11.1956;0;2
GUSTE;3;18.8.1951;0;3
ABDILHALIM;1;15.7.1967;1;0
UNZULEY;1;22.3.1978;0;1
SELMINAL;1;21.2.1970;1;0
HUSEMET;1;9.4.1988;1;0
MUTEFEKKEL;1;19.11.1973;0;1
KESAF;2;12.1.1939;2;0
MUSHET;1;26.4.1946;1;0
ASKNUR;1;21.9.1965;0;1
SEZINER;1;4.2.1953;1;0
FERIVAN;1;1.12.1973;0;1
UCU;2;24.9.1957;1;1
NEMURE;1;25.4.1979;0;1
IDDAMIN;2;16.1.1978;2;0
EMITULLAH;10;1.7.1949;0;10
TENZIK;4;28.3.1966;0;4
RUFEGUL;1;26.9.1967;0;1
MESTORE;2;11.4.1958;0;2
RESMIKAN;1;13.5.1964;0;1
MUHNIS;1;1.1.1957;1;0
AHIZA;1;21.4.1983;0;1
EBUTUREP;1;14.4.1983;1;0
EMINERIDA;1;7.8.1952;0;1
YESILSU;1;24.3.1967;0;1
NUZAYIYE;1;13.4.1950;0;1
HAVVIYE;1;21.4.1954;0;1
MURADCAN;1;14.1.1986;1;0
BEYDEN;2;19.10.1969;2;0
MENDUR;1;16.6.1967;1;0
LITIFE;2;4.7.1966;0;2
SONGULE;4;6.7.1974;0;4
MINTIYE;3;9.4.1964;0;3
FIRAGA;1;29.10.1952;0;1
SEMECIT;1;8.6.1963;1;0
UZZETIYE;1;30.4.1932;0;1
GEYSUHAN;1;4.2.1990;0;1
SAKINCAN;1;30.1.1986;1;0
KHONA;1;22.8.1925;1;0
NAAZENDE;1;25.9.1980;0;1
NURSELAM;5;19.1.1976;5;0
VECE;1;9.7.1963;0;1
NURFEYZA;1;5.1.1991;0;1
AYSEGULSARICA;1;25.2.1971;0;1
PEVRIZIYE;2;16.6.1964;0;2
FADIMNUR;1;21.6.1986;0;1
YURDAOKUR;1;21.6.1957;1;0
ANDAK;1;12.12.1991;1;0
K.AYSE;1;10.1.1956;0;1
HALIMULLAH;1;13.3.1958;1;0
DERVISEN;1;6.8.1977;0;1
SINEHAN;1;21.12.1972;0;1
SULEMELEK;1;12.10.1983;0;1
IFDATE;1;14.5.1961;0;1
ALPOSMAN;1;1.10.1977;1;0
CUHARIYE;1;16.1.1954;0;1
BALAMIRHAN;1;6.10.1981;1;0
RAKIHA;1;21.4.1968;0;1
KHADIDJA;1;19.5.1978;0;1
METTI;2;13.4.1949;2;0
EBEMUSLUM;1;27.12.1974;1;0
EVRIZ;3;16.1.1966;1;2
BATRAY;1;23.6.1984;1;0
EMETKI;1;28.5.1961;0;1
REFIYKA;1;28.3.1962;0;1
ZIHEYE;7;16.5.1952;0;7
ZELEYHANIM;1;2.2.1957;0;1
NIGMETGUL;1;11.4.1974;0;1
EMINER;4;2.10.1963;4;0
PERIANA;1;15.5.1975;0;1
MUJPEN;1;22.1.1973;0;1
UNLUHAN;2;5.10.1971;0;2
FIHRETTIN;1;4.10.1977;1;0
ISIKMEHTAP;1;29.10.1963;0;1
UKUBE;1;6.5.1947;0;1
MEZMUTAN;1;16.11.1968;1;0
SEPBIHA;1;7.12.1957;0;1
SALISTE;1;1.4.1962;0;1
HACIKUS;1;26.7.1948;1;0
CABAN;1;21.1.1966;1;0
FIKRIYENUR;1;21.10.1989;0;1
CANMER;2;19.8.1991;2;0
NURAKUL;1;27.5.1956;0;1
ERHAP;2;3.4.1969;2;0
IKIZER;1;8.5.1982;1;0
HAFSEL;1;23.5.1965;0;1
SIFILAY;1;27.12.1962;0;1
MUZDELIYE;1;11.5.1969;0;1
TANILLA;1;1.7.1962;0;1
NENECAN;1;2.2.1957;0;1
SAGIRET;1;28.2.1938;0;1
RUDYAN;1;6.10.1979;0;1
FADMI;1;27.4.1964;0;1
HUSSUN;3;22.5.1959;2;1
CELADI;1;6.7.1942;1;0
PARISTAN;1;16.1.1984;0;1
BAYRAMETTIN;1;14.3.1949;1;0
TURANHAN;2;17.12.1979;2;0
VARISTAN;1;26.12.1972;0;1
MAKBUP;2;7.5.1949;0;2
MUYASSAR;1;18.1.1964;0;1
SIDIKANUR;2;10.11.1988;0;2
CABRAN;1;28.10.1959;1;0
KADNI;1;5.12.1961;0;1
GUNAYNUR;2;14.5.1964;1;1
CANPER;1;7.9.1991;1;0
BURIDAN;1;22.10.1959;0;1
BURANI;1;13.6.1959;1;0
PAKIHA;1;9.4.1964;0;1
HAIFAA;1;23.2.1954;0;1
TACEM;1;2.4.1969;1;0
DAYYIBE;1;26.1.1981;0;1
UMMAHI;1;7.5.1976;0;1
MEZLIKA;1;28.7.1965;0;1
AFLATUN;3;26.6.1966;3;0
ABDUKADIL;1;25.1.1970;1;0
SOKKERE;1;7.10.1958;0;1
NARGE;1;22.2.1983;0;1
NURSEZER;2;9.2.1955;0;2
NADIMIN;4;21.12.1961;2;2
GUNEF;4;27.1.1984;1;3
MEHRIABA;1;27.2.1974;0;1
FEYIMIYE;1;25.2.1973;0;1
SUMEYSE;2;12.11.1985;0;2
RUKRIYETE;1;7.4.1976;0;1
MUNEYRA;1;22.7.1979;0;1
DURDUMEHMET;11;7.7.1945;11;0
TUKU;4;30.1.1965;0;4
REVZI;2;10.10.1944;2;0
CESIT;4;8.4.1954;0;4
SURDEM;3;3.12.1961;0;3
BULETHAN;1;12.8.1923;0;1
MEVRIZIYE;1;1.1.1992;0;1
TOLGAKAMIL;1;15.6.1991;1;0
ADILOS;6;29.12.1983;0;6
SEDIL;4;15.4.1969;1;3
FEDAHAR;1;25.12.1955;0;1
ZORUMHAN;1;1.6.1950;0;1
MUYUTTUN;1;7.10.1970;1;0
CIVANSIN;1;13.9.1989;1;0
SALMIYE;3;28.5.1951;0;3
GOKBIKE;2;7.5.1986;0;2
NOVRUZ;1;22.8.1949;1;0
MEHTIKAR;1;11.3.1967;0;1
MEMULLAH;1;2.2.1975;1;0
IMMIHANE;2;28.2.1934;0;2
ARZUMUNIRE;1;3.3.1973;0;1
GIDAFE;1;13.6.1970;0;1
MECUDIYE;1;22.2.1961;0;1
ZARHAN;1;5.1.1959;1;0
SEFHATUN;1;11.12.1971;0;1
KAZUBE;1;8.4.1948;0;1
CAGFERIYE;1;21.12.1964;0;1
SINAKI;1;11.3.1987;1;0
MUSTAHIME;1;11.7.1953;0;1
OZVURAN;1;22.4.1963;1;0
MESHEDIYE;7;9.1.1961;0;7
ZEVKIYA;1;24.3.1957;0;1
ULFERI;1;28.6.1965;0;1
PUSATHAN;1;9.12.1973;1;0
SIDDIKAI;1;19.1.1960;0;1
YASURE;7;28.5.1958;0;7
HAMITSEFA;1;12.5.1973;1;0
ENZELHA;2;2.7.1960;0;2
NURMAKBULE;1;2.4.1981;0;1
SUNAKAN;1;26.3.1987;0;1
ASILGUL;2;23.1.1977;0;2
URUSDAN;1;21.11.1965;1;0
MOHIBET;4;15.11.1953;0;4
MAHPERIYE;2;5.12.1957;0;2
SEHMANI;1;4.9.1990;0;1
TAVCAN;1;26.10.1965;0;1
SOHUDA;1;27.8.1932;0;1
KUVEYDE;1;11.2.1956;0;1
OZTORUN;1;4.5.1984;1;0
AHSENI;1;7.4.1946;0;1
HEZARFEN;1;2.10.1963;1;0
ZAMIRIYE;2;10.7.1954;0;2
GULSEPIN;1;8.8.1978;0;1
SAKAN;2;17.1.1983;2;0
NURIVER;2;15.12.1961;0;2
RUKIYEGUL;2;6.7.1985;0;2
ZILFIZER;1;16.9.1969;0;1
KUCUKHACI;1;17.2.1978;1;0
LEMIHAT;1;8.10.1983;0;1
DURIYETTA;1;28.10.1981;0;1
MAFAL;1;2.7.1975;0;1
MUAZZIYA;1;3.7.1973;1;0
BAHAD;1;15.10.1985;1;0
SASIMET;1;12.2.1965;0;1
VEDIATULLAH;2;6.2.1967;0;2
ZENNORI;1;26.1.1970;0;1
OKASE;1;26.4.1973;1;0
SULKAN;1;21.1.1971;0;1
M.HALDUN;1;23.7.1980;1;0
AYSEBETUL;1;9.8.1989;0;1
MUMSEL;2;24.6.1957;0;2
TAHRE;2;24.3.1960;0;2
HECAZIYE;27;28.3.1959;0;27
FAHRAZI;1;21.1.1972;1;0
NECIMETDIN;4;10.4.1959;4;0
FATIHHANIM;1;17.8.1942;0;1
EVLI;1;16.3.1987;0;1
BISMIS;2;10.7.1974;2;0
HAZEF;1;25.4.1958;0;1
NIHALUTNU;1;15.4.1969;0;1
SAONUBER;1;23.10.1974;0;1
BITIREN;1;18.11.1958;0;1
BENATI;2;25.6.1979;1;1
EVABIN;1;13.2.1965;1;0
FATMAGULCIN;1;17.3.1987;0;1
DALSI;1;29.8.1986;0;1
ILERYA;1;24.1.1989;0;1
ZULZULE;2;29.4.1976;0;2
SUBIYYE;1;12.2.1947;0;1
MEHDIMANSUR;1;22.7.1991;1;0
LOKSAT;1;17.10.1939;0;1
HASIBEI;1;26.10.1924;0;1
SEKORRIYE;1;17.1.1978;0;1
ALIYEN;3;16.7.1956;1;2
IZAME;3;25.1.1960;0;3
GULUMSIYER;1;16.5.1976;0;1
ZEKIBAN;2;28.5.1976;0;2
ISMAILOZGUR;1;6.8.1976;1;0
MADALET;6;24.7.1960;0;6
ABABEKKIR;2;7.5.1976;2;0
HUZAYNA;1;8.12.1967;0;1
OMIGELSUM;1;6.12.1974;0;1
ZUALIYE;1;10.3.1965;0;1
SITIKI;1;7.12.1958;0;1
MIYEZEM;2;19.3.1973;0;2
SOHLET;1;2.2.1961;0;1
GULYANUR;1;27.5.1972;0;1
BENZE;3;10.6.1947;2;1
TANZUR;1;29.6.1968;1;0
ISPARAHAN;1;29.12.1972;1;0
BINASIYE;1;11.3.1970;0;1
MUBERRAHAN;1;26.3.1967;0;1
CIYAL;3;28.11.1979;2;1
MUKADDERASENA;1;20.10.1979;0;1
DAGBEY;2;21.6.1955;2;0
HUDAGUL;2;14.7.1978;0;2
SUENGUL;1;11.3.1970;0;1
SEHARNAZ;2;25.9.1966;0;2
HATAR;1;26.6.1960;1;0
CIHANBEYLI;1;21.10.1972;0;1
GIYAN;7;7.9.1975;7;0
SEFAERGONUL;1;21.5.1960;1;0
UMIHANI;1;26.1.1960;0;1
GUHERZE;1;6.6.1962;0;1
MAGMURIYE;1;27.4.1939;0;1
SELBINA;5;17.8.1969;0;5
MAZEY;2;29.6.1959;0;2
LEFAIL;1;22.2.1979;1;0
RUTVI;1;7.2.1964;1;0
NEMENUR;4;23.5.1970;0;4
ZUBUYDET;1;22.8.1925;0;1
NEVHEN;1;27.8.1974;1;0
BAHDINE;1;26.4.1978;0;1
NIZAMMET;1;11.7.1970;1;0
UZDUFET;1;7.7.1973;0;1
SELBINE;2;23.10.1983;0;2
SABYENER;1;1.6.1961;1;0
COLBA;1;9.7.1961;1;0
UMMAYEN;1;20.4.1954;0;1
KABIRAN;2;6.5.1956;0;2
H.KIZ;2;7.8.1922;0;2
NIHAZEL;1;18.2.1970;0;1
MURDILE;1;18.10.1959;0;1
GULHAMILE;2;4.2.1945;0;2
TELOV;1;12.8.1935;1;0
DUDUBANI;1;22.2.1949;0;1
NAHAS;4;26.2.1949;4;0
CAPARNAZ;1;16.6.1968;0;1
MAHSUSA;1;16.1.1947;0;1
GULGOKSEL;1;24.3.1949;0;1
BESMIGUL;1;8.11.1952;0;1
HADISI;2;16.9.1966;1;1
ALISIRIN;2;13.12.1985;2;0
DONENILIFER;1;21.7.1977;0;1
NICLE;2;18.6.1967;0;2
SILVERAY;1;18.3.1985;0;1
SIDDE;2;19.11.1930;0;2
REVAB;1;11.10.1991;0;1
LINUZE;1;19.3.1978;0;1
GULHAMRA;2;6.3.1961;0;2
ILKERYASIN;1;27.9.1986;1;0
ALNAFIZ;1;28.4.1970;1;0
SIRAHBIL;14;4.3.1958;14;0
NEZHI;1;1.6.1961;1;0
IZMAHAL;1;6.5.1962;0;1
DAGBEYI;2;25.9.1942;2;0
ERMEMIS;1;11.4.1984;1;0
HALISGUL;1;11.6.1964;0;1
K.ELMAS;1;24.2.1943;0;1
NURIK;12;1.1.1944;0;12
AYSEKIZ;4;16.1.1956;0;4
SAHBAYIL;1;6.4.1975;1;0
GULBAHIR;1;1.7.1979;0;1
MUARIYE;1;26.5.1966;1;0
FERFUNDA;1;11.9.1973;0;1
SERAHPIL;1;11.4.1951;1;0
SURENYA;1;24.10.1981;0;1
CNNET;1;15.8.1982;0;1
TOMAR;1;2.8.1927;1;0
MADIGUL;1;19.2.1984;0;1
HAKYOL;1;1.3.1992;1;0
MATIFE;1;11.2.1992;0;1
TERKILI;1;1.2.1944;0;1
NIZABEN;1;11.11.1963;1;0
KAMIHAN;1;11.6.1963;0;1
TANUS;1;6.9.1956;0;1
MANPERI;1;6.6.1980;0;1
BERUT;1;11.6.1969;1;0
KAZAGUL;5;9.5.1973;0;5
RUBUL;1;9.2.1976;1;0
GULTARIH;1;13.5.1946;0;1
EMISGUL;2;20.3.1969;0;2
TEMNUR;1;15.9.1956;0;1
KARANFIR;1;2.5.1972;0;1
CIYEL;1;7.8.1946;0;1
CEZAYIM;1;7.5.1961;0;1
DURDUCAN;2;2.12.1957;0;2
POLIC;1;27.8.1944;1;0
AKSEVEN;1;28.9.1974;1;0
SEMANET;2;1.7.1961;0;2
YELLA;1;6.6.1956;0;1
M.DURAN;6;18.9.1940;6;0
SEHMENDER;1;17.8.1942;1;0
GUKA;1;27.8.1932;0;1
NAHIMEHRI;1;5.5.1957;0;1
GULAMDAM;1;2.9.1974;0;1
MEDAFE;1;26.4.1982;0;1
GULPAZEN;7;12.9.1956;0;7
ASAFA;1;2.8.1933;1;0
GULTAVUZ;2;25.6.1955;0;2
K.MINE;1;20.4.1945;0;1
TAGIYE;1;22.6.1948;0;1
POTUK;2;26.5.1941;0;2
SASIVER;1;16.6.1963;0;1
MAHFE;1;8.3.1945;0;1
MAAD;1;6.12.1986;1;0
IMZANIYET;1;2.8.1945;0;1
SUNAKIZ;1;16.12.1977;0;1
SIMAME;2;1.3.1967;0;2
ZERZILE;1;1.1.1;0;1
BABANE;1;18.6.1943;0;1
EVHIT;1;2.8.1927;1;0
LANE;2;13.9.1945;0;2
FERIDET;1;7.11.1950;0;1
BAYIJE;1;12.3.1953;0;1
ZEVEY;3;17.1.1944;0;3
MAISET;1;27.2.1980;0;1
NAMAGUL;2;22.9.1958;0;2
NURSAYET;1;11.8.1957;0;1
MADIRIYE;1;13.7.1965;0;1
URYE;2;25.3.1958;0;2
ZEYNEY;4;19.3.1941;0;4
MIKDET;6;27.3.1958;6;0
NIDEMGUL;1;6.1.1979;0;1
MUHHARREM;2;9.11.1954;2;0
DIGERHAN;6;17.5.1963;0;6
RIZAGUL;1;27.2.1944;1;0
DUDUCE;1;2.8.1927;0;1
MUAIL;1;11.11.1970;1;0
HUCCE;3;13.3.1968;0;3
KULLO;9;14.9.1941;9;0
DURDUMEMET;5;9.3.1937;5;0
GULAYCAN;4;25.12.1982;0;4
BAHRICE;1;30.5.1942;0;1
MUYADET;1;27.2.1950;0;1
SUANT;5;9.7.1985;0;5
NURDUDU;2;27.1.1972;0;2
SITTAHIR;1;21.3.1981;1;0
M.ETHEM;1;18.6.1938;1;0
NECIBET;4;29.11.1966;1;3
LOVMEN;2;8.3.1952;2;0
NESIRULLAH;1;12.2.1989;1;0
MAHSUSIYE;2;29.3.1965;0;2
BILHAK;1;21.5.1982;0;1
MUNDUFE;1;18.3.1960;0;1
GOKOGLAN;2;19.11.1959;2;0
MAHARET;7;18.11.1966;0;7
KANIL;2;6.5.1989;1;1
ZULKIFIYE;2;24.7.1967;0;2
HALIMEN;2;23.12.1975;0;2
MERMUSE;1;22.2.1991;0;1
CEMILLE;2;2.10.1959;0;2
RUKCE;1;14.12.1958;0;1
MUDAYE;1;19.2.1948;0;1
SELDAMI;1;2.4.1975;0;1
FIRDOVIS;1;1.7.1979;0;1
KUBUSTAY;1;6.6.1974;0;1
SURT;1;7.4.1933;0;1
ZILEN;1;15.10.1939;0;1
GULVERI;1;9.12.1989;0;1
GUNESBANI;1;6.8.1980;0;1
SEMIKE;3;19.6.1966;0;3
CUZEYLA;1;16.9.1974;0;1
GUVENDI;1;22.8.1946;0;1
EMRIMEYA;1;11.6.1964;1;0
HEBILAZ;1;13.3.1965;1;0
TAHFIDE;2;14.7.1955;0;2
FERHATGAZI;1;27.2.1992;1;0
KALLENDER;1;9.5.1946;1;0
KOKUMEHMET;1;28.3.1932;1;0
EDNI;2;21.1.1960;0;2
GULEYI;2;17.6.1959;0;2
ZUREFSAN;1;29.5.1977;0;1
KUDMEN;1;20.6.1981;0;1
TUYRAK;6;17.6.1958;0;6
URUKIYA;1;26.5.1976;0;1
FERIDEVS;2;24.11.1945;0;2
EZGINI;1;6.1.1965;1;0
NUKEL;1;30.11.1988;0;1
FEYZULLAHADEM;1;26.4.1982;1;0
SOBE;1;7.8.1928;1;0
ABDURRAHMAAN;1;11.11.1990;1;0
AISEFATMA;2;10.9.1946;0;2
KUCUKMEHMET;1;17.5.1966;1;0
KIREY;1;9.3.1969;0;1
PULLO;1;17.3.1930;1;0
SURUP;3;27.4.1944;1;2
ELIFAY;3;6.7.1984;0;3
BUDO;6;2.6.1949;6;0
BICO;2;5.5.1940;2;0
ICCEY;1;12.8.1917;0;1
SUDAL;2;26.2.1988;0;2
HUZAFE;2;12.7.1972;1;1
NEZDEGUL;1;7.11.1951;0;1
ELIFCE;4;22.11.1959;0;4
HALILIPRAHIM;1;21.1.1944;1;0
HANEFTAR;1;27.4.1980;1;0
DONECE;3;13.3.1959;0;3
IMISABA;1;5.4.1975;0;1
ZAZIHE;1;27.6.1962;0;1
BAMEY;1;12.8.1929;0;1
NURLEY;1;12.8.1929;0;1
INCEY;10;25.6.1957;0;10
SIGALI;1;24.2.1963;1;0
TAKO;1;15.7.1949;1;0
ABELI;1;1.5.1948;1;0
DOSTO;3;5.3.1946;3;0
PISEY;1;7.5.1947;0;1
SERENDEM;1;27.3.1962;0;1
FIKRIGUL;3;8.6.1971;0;3
TEYMET;1;6.5.1951;1;0
GULNAZIM;5;11.10.1966;0;5
ZAYIDDIN;6;3.6.1977;6;0
SEMUSI;1;21.2.1978;1;0
ABDIKDAR;1;21.10.1976;1;0
ILLI;1;26.6.1972;0;1
SOHEYBE;2;10.11.1977;0;2
IRFAIL;1;29.12.1985;1;0
NEZFETTIN;1;16.11.1973;1;0
ZUBAN;1;10.10.1975;0;1
CANYUSUF;1;27.7.1985;1;0
SANEGUL;1;6.7.1966;0;1
CEBREIL;1;30.1.1986;1;0
RASENER;1;24.2.1979;0;1
MUSEYDIN;2;28.11.1966;2;0
PASAKIZ;1;21.7.1941;0;1
CEFTO;1;19.3.1953;1;0
FATOY;1;26.11.1945;0;1
HUMASIYE;1;7.10.1976;0;1
APTURAZAK;3;3.2.1948;3;0
SAFAYE;7;14.1.1947;0;7
GULZEYNIN;1;28.4.1967;0;1
FERDAIGUL;1;1.6.1961;0;1
AKIZ;3;20.1.1977;0;3
GAMZEHER;1;23.5.1952;0;1
AFNI;1;19.6.1969;0;1
SEVERNUS;1;15.12.1963;1;0
ASBI;4;19.9.1963;2;2
NASUHU;2;9.11.1973;2;0
GULSENAR;1;24.12.1955;0;1
SEZENUS;1;13.9.1970;1;0
PENFIYE;1;8.4.1962;0;1
HANIMEY;2;17.8.1964;0;2
MEHIHA;2;25.8.1954;0;2
FAZIBA;1;6.4.1969;1;0
B.DERVIS;1;23.3.1951;1;0
MEBRIZE;2;25.7.1954;0;2
KILAP;2;23.11.1969;2;0
MERDANA;1;28.2.1950;0;1
GOYIN;1;30.3.1950;0;1
PAREY;1;22.8.1931;0;1
KILAB;1;6.6.1974;1;0
GACEY;1;7.5.1946;0;1
FATIDILI;1;6.3.1963;0;1
BAVEY;2;30.5.1944;0;2
DIYARKAN;1;6.3.1969;0;1
FARAHI;1;1.9.1972;1;0
GIRBANI;1;24.1.1949;0;1
MEYME;3;29.2.1954;0;3
MUTEPE;1;27.6.1957;0;1
DESER;1;26.7.1978;1;0
FETIRULLAH;1;11.7.1980;1;0
UMMUOZLEM;1;20.8.1991;0;1
MESRUTE;1;16.7.1982;0;1
SULO;6;7.11.1944;6;0
K.HURU;1;9.7.1969;0;1
MESITA;2;4.1.1981;0;2
M.AHMET;2;20.6.1971;2;0
NAMUZATI;1;1.10.1984;1;0
DIYAHAN;1;11.4.1964;0;1
SERMEZ;3;3.1.1966;3;0
ELBRU;1;6.7.1980;0;1
AGIBET;1;26.11.1976;0;1
TUFANUR;1;6.6.1949;0;1
DIYER;1;2.8.1956;0;1
DILEVRIZ;1;16.10.1970;0;1
DEVLETGUL;1;18.1.1978;0;1
KAMZAIL;1;19.7.1936;0;1
H.FATMA;2;2.8.1927;0;2
IHVANI;1;9.5.1964;0;1
GUZSU;1;1.3.1979;0;1
MURRVET;1;28.2.1976;0;1
GENEY;1;1.1.1;0;1
NASIRIM;1;26.6.1976;0;1
HUZURETTIN;1;5.8.1956;1;0
S.HAMIT;4;13.10.1958;4;0
ALIAY;1;7.2.1988;1;0
NEHVAILE;1;16.11.1964;0;1
SAHMERCAN;1;16.2.1949;0;1
OMERDEN;1;10.3.1978;1;0
APEY;1;10.12.1939;0;1
SEYHISLAM;2;8.1.1963;2;0
ANTEPLI;1;21.6.1982;1;0
KEDAYI;4;24.4.1964;3;1
MINEYYE;1;23.6.1958;0;1
EJNUR;4;10.5.1974;0;4
MINADE;5;5.4.1976;0;5
ZIYAN;7;26.10.1972;5;2
SEDEYET;1;26.7.1967;0;1
KIRBIZ;2;24.11.1937;1;1
H.MUTTALIP;1;27.3.1932;1;0
BABURUN;1;30.10.1979;1;0
MERTAP;1;19.10.1970;0;1
SIMEYEN;1;5.4.1975;0;1
H.DEREBA;1;1.6.1972;1;0
PIRSOY;1;29.1.1984;1;0
OGA;1;6.9.1980;0;1
KITABUN;12;8.7.1953;0;12
AIYISE;3;9.9.1954;0;3
OZTURKMEN;1;5.12.1981;1;0
BIRDES;3;2.6.1959;0;3
KEMRA;4;17.2.1967;0;4
KANDEGER;2;27.6.1970;2;0
GAMLI;1;1.7.1979;0;1
AHMEDDURAN;1;21.8.1965;1;0
A.MAHIR;1;2.3.1945;1;0
MURCIBE;1;17.8.1930;0;1
RAZEY;1;1.1.1;0;1
ZALHEY;6;30.3.1949;0;6
ZEYENEP;3;11.1.1985;0;3
PINEY;1;21.6.1974;0;1
H.FAZLI;1;2.8.1933;1;0
ZAATTIN;1;17.2.1972;1;0
GURMO;1;3.7.1948;1;0
GURTURK;4;9.5.1970;4;0
UNSAR;2;4.9.1974;2;0
SATINAZ;2;4.10.1978;0;2
MUHUNITTIN;1;8.6.1967;1;0
H.DURDU;3;6.9.1949;3;0
MUSLUBANI;1;13.9.1970;0;1
MUCAHITIFITDIN;1;16.3.1938;1;0
MECELLAN;1;21.9.1962;1;0
BIRINE;1;12.8.1947;0;1
H.BEKTAS;1;7.8.1934;1;0
YIGANE;1;16.12.1977;0;1
EMLUYUK;1;17.8.1930;0;1
UMMUZ;2;14.5.1964;0;2
PULYAN;1;21.11.1970;0;1
MIKHAT;2;23.1.1967;2;0
SEVRAYET;1;27.4.1968;0;1
NUTFAN;1;11.10.1971;1;0
NURGAYE;1;28.5.1978;0;1
NUKBETTIN;1;2.2.1957;1;0
ZULEYLAH;1;21.8.1988;0;1
BEDRIYEHAN;1;3.9.1967;0;1
G.NESLIHAN;1;1.8.1974;0;1
ZEZANUR;1;13.6.1975;0;1
EBUNAS;1;22.5.1979;0;1
KUFAYYA;1;13.5.1970;0;1
BERLANT;1;9.10.1985;0;1
NURADIL;1;26.11.1962;0;1
PEVLER;2;21.1.1966;0;2
MENTAP;1;9.8.1974;0;1
NURHASI;1;7.3.1976;0;1
GEREY;3;15.6.1943;2;1
MIDCEY;1;16.7.1941;0;1
MUHYI;2;27.9.1961;2;0
MAVVUS;2;20.10.1960;0;2
ESMEY;5;11.9.1960;0;5
HANZAGUL;1;1.3.1980;0;1
BESMI;1;20.4.1964;0;1
K.HAMDIYE;1;4.4.1957;0;1
FARUKERDEM;1;11.9.1991;1;0
TATAS;2;9.12.1943;2;0
COZE;2;19.8.1973;0;2
GES;1;28.3.1962;1;0
APDULHALIK;3;16.7.1965;3;0
PERIZEZADE;1;1.12.1980;0;1
HAKIYKAT;1;5.6.1969;0;1
SEYGO;3;29.5.1966;3;0
BEBEY;1;26.6.1954;0;1
EFECEM;1;5.4.1992;1;0
SARIBEN;5;7.11.1951;0;5
ALIGUN;1;22.2.1988;1;0
KETAVI;2;12.9.1957;0;2
ZESEN;2;1.6.1969;0;2
KURTKIZI;1;24.5.1937;0;1
FARYAL;1;23.10.1980;0;1
MESUDEGUL;2;16.1.1960;0;2
IMHANI;3;29.1.1958;0;3
SEKIBAN;1;1.9.1956;0;1
EBUHUREYLA;1;3.7.1963;1;0
SEYAHMET;1;7.6.1952;1;0
NUSELLIM;1;6.9.1969;0;1
GUBEYAZ;1;26.2.1990;0;1
MEYTEM;3;3.1.1987;0;3
TEFENNUS;2;29.8.1981;2;0
TUFUYAN;1;13.3.1959;0;1
SERNUS;1;5.6.1978;1;0
M.YUSUF;5;25.12.1960;5;0
ZEBILI;4;20.8.1964;0;4
GANIL;2;11.9.1952;2;0
NURBAHSIYE;1;14.5.1964;0;1
BELUINAZ;1;1.2.1973;0;1
UNGUZEL;2;7.4.1958;0;2
MUNCUFE;4;30.3.1980;0;4
GUVERZE;1;17.7.1944;0;1
CENESER;2;29.2.1966;0;2
KEFESTATAYUS;1;12.9.1969;1;0
MUSTIK;2;27.5.1932;2;0
PILAYE;1;23.4.1961;0;1
REBAT;1;16.8.1982;0;1
ATLIBANI;2;25.7.1964;0;2
SEYYABE;2;19.7.1985;0;2
MUTKEY;1;1.9.1966;0;1
MEKSERNA;3;14.6.1956;2;1
RAHUGUL;1;21.6.1981;0;1
KADIMCE;1;1.4.1938;0;1
ADALAET;1;17.5.1981;0;1
M.MEHMET;4;19.6.1940;4;0
ENZILA;3;9.4.1977;0;3
APTILMUTTALIP;1;17.5.1950;1;0
SELAHITTIH;1;6.3.1974;1;0
KALOG;1;28.12.1943;1;0
MERCEY;4;20.10.1962;0;4
MAGDEY;3;14.7.1952;0;3
ZOHA;2;7.9.1942;0;2
NUUMUNE;1;11.5.1969;0;1
CAFAIR;8;24.11.1963;0;8
CECENEY;1;2.6.1927;0;1
USRAFIL;1;21.3.1966;1;0
KENEY;2;3.4.1959;0;2
HANZILE;2;5.3.1981;0;2
GURTO;1;12.8.1941;1;0
MESYE;1;10.5.1933;0;1
MIYANUR;1;16.3.1971;0;1
H.SERIF;1;2.8.1927;1;0
REMIM;1;6.12.1980;0;1
KOSEER;1;28.6.1940;1;0
ZULELHA;1;1.7.1979;0;1
NUREHAN;1;11.11.1988;0;1
EKABIRIYE;1;6.3.1950;0;1
CEZNAVUR;1;3.5.1956;0;1
ZUFU;3;27.7.1958;1;2
HITNET;1;4.6.1958;0;1
TURAF;1;2.4.1949;1;0
DILIM;1;18.10.1990;0;1
ZELEY;4;14.2.1935;0;4
HIBATULLAH;6;2.2.1322;4;2
GEYNUL;1;27.6.1968;0;1
SERSAH;5;22.12.1974;5;0
HAKIMAN;1;25.6.1985;0;1
BERGANDA;1;1.11.1979;1;0
SEYLINAZ;2;24.4.1957;0;2
GILANI;2;29.9.1966;2;0
PEHLU;1;18.12.1947;1;0
SUSO;3;6.1.1953;2;1
ZEBIG;1;3.6.1950;0;1
SENEFMUR;1;26.11.1970;0;1
HIBEDULLAH;1;26.5.1979;1;0
EZMEL;3;3.5.1963;1;2
ZERRUN;4;16.7.1964;0;4
DELIBASI;1;22.8.1925;1;0
EFNUS;1;13.4.1971;0;1
ZEYREP;2;29.7.1987;0;2
UTEMEMET;1;12.9.1958;1;0
ZAHITDIN;1;1.4.1978;1;0
RUFANI;1;4.7.1967;0;1
UMMUKAYIR;1;2.12.1944;0;1
CIGAL;2;10.12.1943;0;2
BAYAZID;4;9.7.1964;4;0
SANYO;1;23.9.1974;0;1
CAGIKAN;1;27.11.1990;1;0
NEYTEL;1;13.9.1971;1;0
DURNAL;8;5.7.1961;2;6
BEFARET;4;16.6.1952;0;4
DINUR;2;18.8.1987;0;2
SIRILHAN;1;15.8.1991;1;0
TERDA;1;5.2.1982;0;1
ERKAGAN;1;17.6.1978;1;0
SITRE;2;13.3.1971;0;2
TORCAN;1;7.11.1950;1;0
INZELE;7;6.5.1956;0;7
MAHIRBEY;2;3.9.1946;2;0
DONERSAH;1;19.7.1987;0;1
HIDASI;1;2.10.1969;0;1
EMRIMIYE;5;9.3.1965;4;1
CATAY;5;9.6.1970;5;0
BAGDATLI;2;28.4.1946;2;0
NURHATIN;1;7.2.1970;0;1
DIYANETTIN;2;6.11.1960;2;0
MENTUFA;1;2.6.1975;0;1
EMRIMINYA;1;26.11.1953;1;0
TUCA;1;21.10.1987;0;1
MENZIYET;1;11.7.1964;0;1
DESLIME;2;17.1.1948;0;2
MENNEN;4;5.10.1969;4;0
ZEFRA;1;17.3.1966;0;1
SEDAHATTIN;2;16.4.1973;2;0
ZAHAYDE;1;25.10.1973;0;1
MUSAYDIN;1;1.1.1968;1;0
KISLIRKA;1;11.1.1964;1;0
SENGUREL;1;28.5.1967;0;1
AYBIKAN;1;2.8.1933;0;1
TASUHAN;1;4.6.1986;1;0
CECELI;1;27.8.1932;1;0
MUATTES;2;22.2.1970;0;2
SETANE;1;20.3.1936;0;1
SOFTA;5;1.10.1939;5;0
ELF;1;12.2.1957;0;1
FIKE;1;24.4.1968;0;1
CANASER;1;2.10.1980;0;1
AYCI;3;15.3.1977;3;0
HAVCI;1;7.2.1946;1;0
MERYEMCE;1;19.7.1941;0;1
PARACI;1;17.8.1924;1;0
SANNO;1;27.8.1926;1;0
UNNAY;1;3.7.1979;1;0
POSO;1;8.8.1975;1;0
DIYAREN;1;7.1.1958;0;1
CEPRAHIL;3;11.6.1981;3;0
HURMEK;1;17.2.1954;0;1
HURUCE;6;12.3.1957;0;6
EYNECE;1;16.8.1945;0;1
ISBIK;1;1.1.1;1;0
BASIFE;1;27.11.1984;0;1
IRAMAZAN;3;7.3.1949;3;0
PAMBIK;4;11.10.1949;0;4
DALFINAZ;1;17.8.1972;0;1
KALIBAR;1;29.9.1939;0;1
RIZASIN;1;21.8.1965;1;0
GULMELA;1;8.7.1946;0;1
KOKCE;3;26.2.1953;1;2
ARKUYAT;1;2.8.1915;0;1
SARULHAN;1;12.3.1935;0;1
YURTCU;1;21.4.1966;0;1
NURHAR;1;23.3.1966;0;1
RUEYYA;1;12.11.1935;0;1
SERHUNDA;1;17.3.1984;0;1
ZEMNURIYE;1;6.2.1955;0;1
CEZVEN;1;1.7.1941;0;1
KANEYN;1;7.8.1934;1;0
BEAL;1;2.8.1933;0;1
BAGDADDIN;1;3.7.1943;1;0
KOSKER;2;13.10.1951;1;1
GOYKIZ;1;7.2.1946;0;1
CINLI;1;1.1.1;1;0
MEYDEN;1;25.10.1991;1;0
MAHRUMI;2;13.12.1986;2;0
HAMAS;9;21.3.1953;2;7
ZEHICE;3;15.10.1945;0;3
LEYHANET;1;1.1.1;0;1
DISEHAN;2;7.8.1928;0;2
KORKMAZHAN;1;16.2.1970;1;0
FEMEY;1;2.8.1933;0;1
GOZUN;1;7.3.1958;0;1
KOKUKIZ;1;7.8.1934;0;1
YAYLIHAN;1;7.8.1934;0;1
KIRALHAN;1;2.8.1933;0;1
SAHRUZET;1;11.2.1940;0;1
ANIYET;1;17.8.1930;0;1
MUSIST;1;1.1.1;1;0
KERAMIL;1;30.2.1986;1;0
TEMENUR;1;1.9.1961;0;1
SELAMIL;1;19.2.1984;1;0
HATUNLUK;2;7.8.1928;0;2
USTUKER;2;24.4.1970;0;2
GAMZANE;1;16.2.1979;0;1
GUNNABI;2;9.3.1952;1;1
ERDAME;2;9.2.1946;0;2
PALALI;1;7.5.1946;1;0
KROZ;1;18.1.1972;1;0
PIRDEVS;1;24.2.1955;0;1
UMZILE;1;1.11.1991;0;1
MUKA;1;2.2.1951;1;0
PANZER;3;16.8.1955;2;1
SEYDEHAN;1;17.6.1972;1;0
ATAGAZI;1;2.4.1972;1;0
CENILE;2;3.1.1969;0;2
AYVAZHAN;1;29.3.1977;1;0
NURSABE;1;4.1.1967;0;1
GUSELANE;1;1.1.1;0;1
ABDULBUTTALIP;1;9.6.1987;1;0
YEMSEN;2;28.6.1963;0;2
BISKINAZ;1;9.5.1958;0;1
ZUMEYHA;3;1.5.1981;0;3
MURABI;2;23.2.1972;2;0
BERARIS;1;16.8.1986;1;0
SAJEN;1;22.7.1985;0;1
RULIN;2;1.8.1978;0;2
RADEN;1;24.2.1981;1;0
MESFURE;4;7.3.1953;0;4
BERJA;1;29.9.1974;0;1
YUNMAGUL;1;5.1.1960;0;1
NURISIN;2;15.9.1960;2;0
KALEBEY;1;27.8.1950;1;0
NUSERETTIN;2;6.5.1962;2;0
MUHLUM;2;2.10.1963;2;0
KEFIL;2;17.8.1958;1;1
SEDIHANE;1;16.5.1964;0;1
HURMUGUL;1;28.2.1962;0;1
NEJLAYE;1;12.6.1959;0;1
CERYANI;1;10.2.1975;1;0
LUTFu;1;17.7.1954;1;0
GULFEYE;1;12.4.1959;0;1
SAHIFINAZ;1;24.12.1964;0;1
MELEVSE;6;13.4.1974;0;6
SUNISI;2;9.11.1976;1;1
ZIISAN;1;26.4.1970;1;0
HUDAYDAN;1;27.2.1956;1;0
ZOHRELI;1;7.3.1944;0;1
HAYADDIN;4;14.9.1968;4;0
HAKIHA;1;7.8.1934;0;1
SILDIRET;1;3.4.1963;0;1
EREF;5;7.7.1960;1;4
VECHETULLAH;1;27.10.1954;1;0
SAMMIL;1;16.9.1966;1;0
SEYDANE;2;24.12.1964;0;2
MURADIYI;1;23.1.1979;0;1
SEMZI;2;12.12.1964;0;2
KELAMULLAH;1;7.3.1982;1;0
LISKE;1;16.8.1951;0;1
HANNEY;2;25.8.1966;0;2
KALIB;5;3.1.1962;5;0
GULAFAR;2;8.7.1962;0;2
SEHRAZET;1;3.4.1975;0;1
ZILNUR;1;1.8.1962;0;1
NAYIHAN;2;16.8.1965;0;2
YINEVERDI;1;1.8.1973;0;1
ARZUSEN;2;6.3.1970;0;2
BAHALETTIN;3;9.6.1961;3;0
BAGBEN;1;16.6.1982;0;1
CEVIZEN;1;2.8.1933;0;1
MUTTESIR;3;3.3.1977;3;0
ABDURRAGIB;4;9.12.1983;4;0
AKTUBA;1;13.3.1941;0;1
YARENNAZ;1;19.9.1987;0;1
AKFIYE;1;26.3.1975;0;1
KAHIZE;1;2.8.1927;0;1
HAKSUKUR;1;22.2.1961;1;0
NURHAYATTIN;1;24.5.1975;1;0
SAHZUR;1;26.5.1978;0;1
PERVE;1;12.8.1923;0;1
AVIFE;1;27.9.1979;0;1
MINAZILE;1;21.3.1963;0;1
KOKLU;8;17.1.1958;7;1
MUZERRET;2;15.10.1977;0;2
SAHSUN;1;10.11.1981;0;1
HASRETENGUL;1;13.9.1981;0;1
AYSEMUNIRE;1;9.6.1977;0;1
RABILI;1;16.4.1976;0;1
RAVIZE;3;8.10.1976;0;3
LOVHER;2;12.3.1956;1;1
ASHABIE;1;7.2.1976;1;0
ESABILKEF;2;27.10.1961;2;0
SANSIGUZEL;1;29.1.1961;0;1
HURERYA;1;8.12.1978;0;1
BEHEYDE;1;6.8.1969;0;1
GIYARHAN;1;2.2.1951;0;1
MALIL;1;29.4.1962;1;0
BERDUS;2;7.2.1977;2;0
NUSAMEDDIN;6;12.3.1963;6;0
RAHBIL;2;29.5.1963;0;2
OKGULU;1;16.11.1970;1;0
NECMIS;3;21.5.1948;0;3
ABUSOF;1;22.8.1977;1;0
EFIT;2;25.12.1952;2;0
HAYCER;5;11.4.1971;0;5
RUKAY;1;2.11.1981;0;1
UFRANE;1;16.3.1974;0;1
ALAHIDE;1;17.2.1960;0;1
ESUNE;1;1.3.1973;0;1
RUMEYYE;2;16.9.1987;0;2
NEATTIN;1;8.6.1964;1;0
ISBIT;1;28.5.1944;1;0
IBEYDE;3;10.4.1958;0;3
REFAIYE;2;15.7.1959;0;2
ZUBESTE;1;17.6.1963;0;1
SAVRUK;1;13.3.1970;0;1
NEFAILE;1;23.10.1955;0;1
TOYMUK;1;16.12.1965;1;0
TACUTTIN;2;20.8.1957;2;0
IHLIYE;1;6.2.1973;0;1
SEVGAZI;1;12.2.1971;0;1
SITRATUL;1;11.5.1963;1;0
BEKMIRZE;1;7.3.1952;1;0
HUSUMET;1;7.8.1946;1;0
NUREYSE;1;11.4.1992;0;1
HURPASA;1;22.2.1961;1;0
ALIYULLA;1;29.5.1980;1;0
NILSIDRE;1;3.1.1991;0;1
GULHEPER;1;12.5.1965;0;1
ZEMMEY;2;29.11.1943;0;2
KAMILAY;2;17.2.1979;2;0
MINNEVER;4;2.9.1967;0;4
NUFAYET;1;17.2.1960;0;1
MELIKNUR;2;5.6.1991;0;2
ZULFAY;1;11.2.1988;0;1
HAKDOGAN;1;6.12.1980;1;0
IRCIMEN;1;1.2.1961;0;1
MULLAHUMKER;1;5.12.1983;1;0
NURHASIL;1;21.12.1982;0;1
SIBGAT;1;17.2.1960;1;0
ALIRZE;1;3.3.1975;1;0
LIVAH;1;7.1.1970;1;0
NURESE;1;22.8.1943;0;1
NUMANOGUZ;1;17.1.1990;1;0
HASMIL;1;22.2.1967;1;0
TOVFIK;7;3.5.1944;7;0
BEHIZET;1;7.4.1964;1;0
ENDAMI;1;11.4.1963;0;1
ULUVIYE;1;27.11.1950;0;1
TEVRICAN;1;10.4.1964;1;0
GULSEKI;1;23.5.1960;0;1
SUKRA;5;19.11.1985;0;5
SEHSUBAN;1;17.2.1972;0;1
SELENAZ;1;16.4.1947;0;1
PAMA;6;27.7.1959;0;6
DIRHAN;2;7.3.1962;1;1
LALEZ;1;12.4.1941;0;1
SAHMANDAR;1;26.5.1972;1;0
MUBIHAT;2;11.3.1961;0;2
SEBEYIN;1;23.4.1979;1;0
SAHSIYAR;1;11.4.1962;1;0
ADILIYYE;1;7.11.1970;0;1
AYNARIN;1;17.2.1966;0;1
IBRAH;1;2.4.1980;0;1
SATTATIN;1;7.8.1928;1;0
AYVEZ;1;16.10.1972;1;0
NURHAMIN;1;26.6.1990;1;0
DAVABIL;2;20.10.1973;2;0
COKYETER;1;22.2.1943;0;1
SIHMAT;1;3.7.1972;1;0
DALMIZIRAK;1;6.6.1963;1;0
MEVLENAI;1;4.6.1958;1;0
GULCOROKON;1;26.4.1977;0;1
SELDAY;3;8.11.1976;0;3
SUHSAR;3;13.10.1978;0;3
ALAADDEVLE;1;13.6.1983;1;0
EMIRO;1;13.4.1985;1;0
LURIYE;1;29.9.1965;0;1
MIYASSAR;1;28.6.1954;0;1
NECRITTIN;1;26.6.1954;1;0
NEZAMIYE;1;17.4.1954;0;1
NESUHAN;1;17.9.1990;0;1
BEKSUL;1;12.7.1970;1;0
SADANUS;2;10.1.1976;1;1
MERDEVIS;4;2.8.1959;0;4
MURGISAH;2;6.12.1971;2;0
URUKCA;5;1.3.1948;0;5
BAHTISIN;4;28.8.1972;0;4
MERFUZE;1;26.6.1984;0;1
BALYAMIN;1;11.2.1979;1;0
ADUMAN;1;18.10.1975;0;1
ALAETTEN;1;26.1.1966;1;0
MEKSERNE;1;8.10.1957;1;0
ESMERAT;2;9.1.1940;0;2
ASABUL;1;2.4.1968;1;0
BUDAHAN;1;19.5.1975;1;0
FECIHA;5;19.1.1954;0;5
GULSEVDE;3;5.9.1980;0;3
HALILKURTULUS;1;9.3.1962;1;0
RUFAAT;4;12.3.1969;3;1
ZULHIMAL;1;1.9.1961;0;1
GULOSMAN;1;2.4.1975;1;0
HEPAPIL;1;16.5.1976;1;0
HACISABAN;1;13.5.1973;1;0
GULHANA;1;17.2.1966;0;1
MALIKSEVKET;1;27.2.1992;1;0
SIDARNAZ;1;3.6.1989;0;1
HOPE;1;17.5.1960;0;1
ZORIHAN;1;22.2.1937;0;1
ARKAY;1;9.2.1940;1;0
URUMCAN;1;21.9.1986;1;0
TENZI;4;11.6.1963;2;2
ZEYYEN;1;27.9.1985;0;1
MUVESER;4;6.7.1968;0;4
ESSABIL;6;6.11.1972;6;0
SONDEMET;1;24.6.1973;0;1
FERUDAN;3;4.4.1959;3;0
MUHAMMETHASIM;1;9.3.1969;1;0
HOZEME;1;23.4.1978;0;1
ISLI;1;8.7.1951;1;0
PEVRAZ;1;11.4.1951;0;1
GULSREN;1;7.2.1970;0;1
ZULMIHA;1;13.2.1947;0;1
SEHRABIL;1;7.2.1958;1;0
HODUL;3;1.1.1956;0;3
M.MESNA;1;27.8.1938;1;0
SULAZ;1;26.12.1973;1;0
TEBENNUS;2;28.12.1974;1;1
GUZDADE;1;13.10.1937;0;1
ELBILIN;1;9.3.1980;1;0
SAYFIGUL;4;21.8.1977;0;4
MUNENVER;1;3.2.1975;0;1
GULTULLAH;1;24.7.1988;0;1
OKKULU;1;6.5.1974;1;0
ZALMI;2;22.6.1970;0;2
EBRUR;1;2.4.1981;0;1
ERBUSUM;1;17.2.1972;0;1
BEHAIDDIN;2;4.9.1956;2;0
YALDIZHAN;1;7.8.1934;0;1
EPRUM;1;27.10.1980;0;1
NILPEREN;1;26.6.1984;0;1
GULMEK;1;22.2.1955;0;1
GANIYUSUF;1;29.11.1987;1;0
DILUFER;1;1.6.1961;0;1
ZENITTIN;1;25.5.1955;1;0
VISITE;1;1.6.1955;0;1
BEHRAMAR;1;21.4.1976;1;0
CAVIDEZ;1;17.3.1968;0;1
ASHABILKEYF;1;5.6.1969;1;0
LOKMEN;3;19.4.1971;3;0
TELLE;2;21.2.1967;0;2
ZUHALCAN;1;11.10.1990;0;1
SEYDIHANGUL;1;21.2.1976;0;1
NUSSEN;1;29.3.1967;0;1
SALAHIYE;2;23.10.1960;0;2
SURMAYA;1;26.2.1966;0;1
BEZLIYE;1;24.5.1981;0;1
ILHAMIL;3;2.11.1951;3;0
HACIBEBEK;2;18.12.1958;2;0
DILFURUZA;2;6.2.1963;0;2
ENBIA;5;9.5.1957;1;4
NAGIFIYE;1;18.11.1988;0;1
EKZIME;1;24.2.1968;0;1
MENMUS;1;1.6.1974;0;1
ALEYHIDE;1;9.4.1964;0;1
GULFESIDE;1;4.9.1972;0;1
GUILZAR;1;1.6.1990;0;1
GURUKHAN;1;20.10.1978;1;0
PEHRIZE;1;21.7.1934;0;1
YINAL;10;12.12.1981;10;0
MIZRAIL;1;6.6.1973;1;0
HURUZER;3;10.10.1952;0;3
SUFULA;2;9.3.1974;0;2
KOLFET;1;23.5.1977;0;1
KAZEZ;1;11.2.1967;1;0
IYDIYE;4;2.10.1965;0;4
ELIFEDA;1;15.4.1987;0;1
BIREYLUL;1;22.10.1979;0;1
UFUKZER;1;17.10.1963;0;1
MEHTAPANA;1;17.7.1978;0;1
EMIRIHAN;1;21.1.1976;0;1
SAZANUS;2;1.1.1959;1;1
MISBADEM;1;6.2.1943;0;1
GOKDEL;1;25.12.1987;1;0
MEYAT;12;9.12.1971;0;12
AYSESEYMA;1;14.8.1990;0;1
GUZELMERVE;1;1.9.1990;0;1
AYINEMUAMMER;1;21.6.1930;0;1
ZAKIIRE;1;14.11.1985;0;1
MUTEAL;2;26.8.1976;0;2
MAKBUE;1;9.2.1952;0;1
FERIDESENNUR;1;14.10.1987;0;1
SERDUR;1;6.5.1974;1;0
NEVLIYA;2;7.1.1974;0;2
GULEMDE;2;11.7.1959;0;2
OZBAN;1;16.4.1980;1;0
ZULLER;1;1.8.1970;0;1
MIZAHETTIN;1;15.8.1970;1;0
EMRIMEYE;1;12.3.1965;1;0
NIBUVE;1;5.12.1972;0;1
INCIMEZ;1;2.2.1969;0;1
KURTOGLU;1;17.2.1942;1;0
YOSCU;2;6.2.1984;2;0
MIZIRAK;2;27.7.1969;2;0
ENGIZEK;1;22.11.1985;0;1
FELICITY;2;15.3.1963;0;2
FARZULLAH;1;6.12.1972;1;0
MURSKE;1;1.6.1956;0;1
SEDMIKAT;1;10.11.1968;1;0
KOZANOGLU;2;14.6.1967;2;0
MEMIKLI;1;27.8.1932;1;0
NESSABIYE;1;21.2.1960;0;1
EGIL;1;17.5.1942;0;1
MEFRET;2;12.11.1968;0;2
SENINE;2;28.7.1959;0;2
MEMETSANI;1;27.10.1976;1;0
NEZIRET;2;18.1.1979;0;2
ASKARI;2;13.3.1965;2;0
KOTEN;3;1.9.1943;3;0
NAHILIYE;2;21.3.1969;0;2
IMMILI;1;12.8.1923;0;1
FATIMETUZZOHRA;1;2.4.1949;0;1
ALADDOVLE;1;21.6.1934;1;0
SEPS;1;28.8.1979;0;1
IHTIYAR;1;3.6.1955;0;1
AINET;1;2.4.1943;0;1
UDYEN;1;29.4.1981;0;1
UMMUSGUL;1;13.11.1967;0;1
MESERRED;1;28.9.1984;0;1
ELAMULLAH;1;26.11.1982;1;0
ESUANE;1;17.10.1966;0;1
H.SABIT;1;22.7.1937;1;0
URUS;3;16.1.1949;0;3
SEFERNUS;1;6.12.1962;1;0
MIRELASTANICA;1;13.2.1978;0;1
HURULAY;1;21.4.1965;0;1
CICAK;1;15.4.1980;0;1
MUSEHIREN;1;1.5.1955;0;1
MUSURYE;2;11.11.1947;0;2
BAHHIDIN;1;16.2.1992;1;0
UMBILI;1;25.2.1976;0;1
SEHRUBAR;1;26.10.1983;0;1
RUKCA;1;24.4.1955;0;1
MEDERES;1;11.7.1964;1;0
NEZIKEN;1;1.7.1972;0;1
UPBET;1;11.5.1964;1;0
KAHYE;2;6.4.1968;2;0
MEKSENE;2;10.6.1950;1;1
UFTEDA;1;22.2.1991;0;1
NIBAHAR;1;17.1.1982;0;1
SEHRIMAH;1;4.4.1961;0;1
ANPE;1;29.4.1944;0;1
UFEYDA;2;26.11.1989;0;2
TEKYA;1;14.3.1983;0;1
SEYDILLAH;2;24.7.1971;2;0
MEHLUHA;1;12.2.1965;0;1
NIVEL;1;18.7.1960;0;1
CANKAY;2;24.2.1989;2;0
IHTAM;1;3.2.1969;1;0
NURFAT;1;10.4.1958;1;0
BUSTUN;1;12.2.1959;0;1
DURANN;1;16.11.1988;1;0
BEYTULHAN;1;14.5.1985;1;0
KUTDUZ;1;8.3.1942;1;0
KUTDUS;2;22.2.1940;2;0
BONKER;1;4.3.1987;1;0
UMUMIYYE;1;7.5.1964;1;0
ITIHAT;1;26.10.1972;0;1
NURDUR;1;16.6.1975;0;1
NURDIHAN;3;14.1.1956;0;3
MERDAIN;1;26.12.1970;1;0
HUREYBE;1;11.6.1968;0;1
HURIYRE;2;3.7.1963;0;2
TUFAH;4;29.11.1942;0;4
CILBE;1;15.4.1959;1;0
FILARETA;1;24.3.1972;0;1
AREM;2;18.12.1989;2;0
MENDESE;1;28.6.1967;1;0
AYBIN;1;26.9.1990;0;1
UMMUGULUSEN;1;27.4.1956;0;1
YONDEY;1;26.4.1964;1;0
RAGFET;7;8.1.1964;6;1
EYEMLIHA;1;3.9.1988;1;0
SEYDALLI;1;26.7.1971;1;0
ESKI;1;16.3.1957;1;0
RUKEYE;2;8.6.1985;0;2
BACINE;1;26.12.1970;0;1
BABILI;1;22.8.1931;0;1
SULTUAN;1;28.12.1990;0;1
SEZARNUS;1;1.11.1990;1;0
GULESAF;1;26.3.1991;0;1
FADDI;1;21.11.1954;0;1
EGEL;1;16.11.1934;0;1
ESKALEN;1;2.9.1945;0;1
SULLE;3;24.11.1968;0;3
DURDUBANI;1;17.2.1966;0;1
HURESIN;1;3.11.1972;0;1
NENMEN;1;8.6.1934;0;1
NAGEHEN;1;7.11.1982;0;1
AZUZ;1;2.8.1915;0;1
DENDEL;1;14.6.1945;1;0
SEBEDEN;2;22.11.1963;0;2
SEMAYAR;1;9.3.1982;0;1
SULTIK;1;17.3.1936;0;1
SUAYIK;2;1.11.1966;2;0
ZEDILI;1;22.2.1961;0;1
ISABUL;1;27.3.1962;1;0
SAALIH;1;29.3.1974;1;0
TEBEYYUM;1;17.2.1960;0;1
HURREMI;1;27.4.1970;1;0
YUSLU;1;25.5.1961;1;0
HATDE;1;16.3.1983;0;1
KUKRE;1;29.4.1981;1;0
MEMIDIK;4;10.1.1959;4;0
YALINIZ;1;13.3.1989;0;1
KELAS;1;12.8.1953;1;0
SALMANIPEK;1;7.1.1952;1;0
BEVEY;1;17.8.1954;0;1
SONCEM;1;13.11.1986;0;1
NIZAMIBRAHIM;1;26.5.1954;1;0
GUSEY;1;12.8.1923;0;1
KIRTO;1;2.8.1933;1;0
KUSSEY;1;16.9.1955;0;1
MEMETTIN;1;21.11.1977;1;0
HAYNEY;1;17.8.1954;0;1
MUJIZE;1;9.9.1990;0;1
MAKSINE;2;28.12.1972;1;1
FATTO;1;27.8.1932;0;1
HITICE;2;10.8.1977;0;2
ERNE;3;13.5.1975;1;2
HOSUK;3;28.12.1947;3;0
HAPO;3;25.9.1941;3;0
SEFAKUL;1;3.4.1976;1;0
GAYRIY;1;27.3.1962;0;1
BOYLU;1;2.2.1963;0;1
SIHYASIN;1;4.4.1979;1;0
ETEREY;1;16.6.1953;0;1
REFIME;1;7.1.1976;0;1
TERVIS;2;29.8.1956;0;2
AYTAG;1;21.3.1992;1;0
MITIL;1;2.8.1927;1;0
HOPEY;2;14.4.1954;0;2
GULTEL;3;19.1.1964;0;3
ZALFEY;1;4.5.1957;0;1
BUDARAS;1;10.2.1949;1;0
OCO;2;13.11.1930;2;0
MERNUSE;2;1.4.1981;0;2
BEZGAN;1;30.12.1973;1;0
NESAYIT;1;24.5.1967;1;0
KIVANI;1;13.1.1977;1;0
NIRBIYE;3;5.8.1949;0;3
BILALOGUZ;1;10.6.1965;1;0
HACIFAKI;1;27.8.1926;1;0
TOTEY;2;14.2.1944;0;2
MUNSIDE;1;27.2.1974;0;1
TEYHUN;1;15.5.1982;1;0
ABDURECEP;1;21.4.1958;1;0
GURCUSAN;1;3.9.1990;0;1
EFLAHUN;1;24.8.1982;1;0
POPEY;2;22.8.1937;0;2
SIHMUSA;1;8.5.1973;1;0
ONUREKER;1;12.1.1989;1;0
BAYRAMESE;1;20.5.1947;0;1
MUHTEDBER;1;25.8.1973;0;1
HICCEY;1;7.10.1944;0;1
NENNEY;1;24.1.1967;0;1
SUKO;1;7.8.1922;1;0
KAYIY;1;3.3.1944;0;1
ICEY;3;10.6.1946;0;3
CINDOMUSTAFA;1;6.4.1933;1;0
HAYSO;1;12.8.1941;1;0
GOCO;2;29.4.1953;2;0
PEDIZ;2;28.4.1964;2;0
ENDIME;1;27.4.1956;0;1
MUAZET;6;30.8.1974;0;6
HURGEL;1;21.9.1975;0;1
IMOSUN;1;5.7.1962;0;1
BEVSEN;1;24.6.1943;0;1
BATTO;1;7.8.1934;1;0
KUTNA;2;11.10.1961;0;2
ABTU;1;3.4.1979;1;0
NEZBER;3;24.8.1978;0;3
ZEBRE;1;6.5.1945;0;1
HUBEY;3;29.12.1943;1;2
GUZELEY;29;8.10.1955;0;29
IMAMCAFER;1;17.6.1972;1;0
SIFATIN;1;12.10.1977;0;1
MUMRIYE;1;27.2.1962;0;1
KIRMIZIAY;1;22.6.1943;0;1
KEMUNEY;1;1.4.1974;0;1
PEDUZ;1;6.3.1975;1;0
KULHAS;1;12.8.1935;1;0
HILBIYE;2;20.9.1963;0;2
ETO;3;14.7.1965;0;3
ASUNEY;2;15.8.1935;0;2
SAYBAN;1;23.2.1961;0;1
GUHVER;2;27.2.1965;0;2
UZEYMAN;2;5.9.1960;0;2
BAGDEY;4;18.8.1934;0;4
NUSEY;1;11.1.1947;0;1
NASEY;2;12.5.1941;0;2
MEVDUDE;1;25.6.1973;0;1
MUTEMER;1;27.7.1955;0;1
HAUS;1;13.3.1947;0;1
SEDYEM;1;2.2.1951;0;1
GULCEMRE;1;21.5.1989;0;1
NEDAR;1;3.12.1980;1;0
GUDO;1;12.2.1941;1;0
SAHAKINE;1;3.6.1960;0;1
SASKIN;2;1.10.1967;1;1
DUDEY;1;27.8.1920;0;1
KORO;4;5.9.1940;4;0
NEGUZET;1;2.1.1975;0;1
AGDEDE;1;5.2.1957;1;0
DANIME;1;21.4.1954;0;1
ISMIPEK;2;10.3.1971;0;2
GAFILMEHMET;1;22.8.1931;1;0
NOVHEL;1;17.6.1958;1;0
BUYUKFATMA;1;6.11.1944;0;1
NURSABIYE;1;24.7.1985;0;1
ABDULLAHLATIF;1;17.5.1972;1;0
FEYZULLUH;1;26.1.1992;1;0
MUMKE;1;9.5.1946;1;0
IKIZ;1;8.5.1958;1;0
MERUYERT;1;27.9.1981;0;1
MIDI;4;8.8.1970;4;0
MAYAL;3;19.9.1968;2;1
ESHANE;2;4.9.1969;0;2
GULMENDIL;1;6.8.1957;0;1
KUFAAT;1;11.2.1958;0;1
NAYIN;2;19.4.1969;2;0
MUHAMMIL;2;9.5.1968;0;2
MUAHMMET;1;5.10.1981;1;0
HAPISA;1;6.3.1957;0;1
ORTUGAY;1;3.2.1965;1;0
SEVOL;1;19.4.1977;0;1
SEVINA;2;5.12.1969;0;2
MUBEYNE;1;11.4.1963;0;1
GUVRAN;1;16.2.1968;1;0
ZUBIYER;1;23.7.1979;1;0
FAHTIH;6;16.6.1980;6;0
MEVSUM;1;11.2.1979;0;1
SOME;1;16.3.1964;0;1
HAYBEN;1;16.3.1974;0;1
NURDARE;1;19.6.1981;0;1
HURSUD;5;19.1.1948;2;3
ZEHURIYE;1;16.10.1965;0;1
FURDAS;1;6.8.1963;0;1
MUHMAMMET;2;13.11.1986;2;0
LEZKIN;1;27.2.1974;1;0
ZULKARNEYNI;1;29.3.1966;1;0
KEDAI;1;27.2.1968;1;0
NUHLU;1;1.11.1979;1;0
KODEM;1;13.9.1991;0;1
SEYIDIHAN;1;27.2.1932;1;0
HAPPALI;1;27.3.1956;0;1
SULTAY;1;6.11.1968;0;1
PEDIS;1;28.8.1962;1;0
SUDAR;4;29.4.1987;2;2
MUSDUK;2;12.10.1950;2;0
CERKO;1;12.4.1941;1;0
SAHIZAN;5;22.5.1965;0;5
MEHRIBI;1;26.6.1975;0;1
SAHBENI;1;24.7.1978;0;1
TACIMENT;2;15.7.1984;2;0
SANFINAZ;1;6.6.1968;0;1
NULGEN;3;12.5.1978;0;3
NEZLEGUL;1;17.5.1971;0;1
OMURSAN;2;22.3.1986;1;1
DERLER;2;9.3.1983;1;1
BERNARDA;1;30.4.1962;0;1
MALAKHAT;3;11.12.1965;0;3
STACEY;1;29.4.1966;0;1
MEYILIYE;1;24.1.1959;0;1
NULBET;1;11.2.1964;0;1
TURCEIN;16;9.4.1962;0;16
AGILA;1;18.8.1963;0;1
ELIFTEN;1;28.11.1991;0;1
MUAZZEME;1;23.7.1967;0;1
PEMBENIL;1;15.10.1985;0;1
DAGDELEN;6;30.5.1954;6;0
BULBUR;1;30.9.1975;0;1
PELIZANT;1;7.6.1951;0;1
FRANCES;1;21.3.1963;0;1
TRACEY;8;24.1.1969;0;8
JELKA;1;11.10.1981;0;1
EVRIMOLCA;1;27.7.1978;1;0
INNESSA;1;19.2.1975;0;1
YAGIZALP;3;29.6.1990;3;0
ANGELAVERONICA;1;5.4.1964;0;1
PASALAR;1;27.6.1968;1;0
ELVEDIN;2;25.12.1970;2;0
MURHUS;1;6.7.1966;1;0
OLCE;1;16.6.1957;0;1
HAAKAN;4;10.9.1977;4;0
SECEM;6;5.4.1987;0;6
BOTSIEVA;2;27.12.1987;0;2
GULPESENT;1;16.10.1991;0;1
TUKSEL;2;13.4.1964;1;1
REVIZA;1;6.11.1960;0;1
AYTONGA;1;11.1.1971;0;1
ESENIIA;1;22.1.1976;0;1
ANOUCK;1;28.4.1988;0;1
HIJRANA;1;30.12.1974;0;1
BIRGIHAN;2;20.11.1974;2;0
OSSEN;1;2.2.1939;0;1
YUNCE;3;22.4.1972;0;3
MUJLAY;1;17.10.1960;0;1
CISKA;1;22.5.1971;0;1
RUHNAS;1;12.10.1935;0;1
SUGSEM;1;17.6.1984;0;1
JURG;1;8.6.1952;1;0
SOLENDE;3;10.7.1965;1;2
JANETE;1;2.7.1956;0;1
SACAVELINE;1;7.7.1966;0;1
IHSAMI;1;13.3.1982;1;0
NALIHA;1;1.4.1942;0;1
THELMA;1;12.10.1943;0;1
MURTECA;1;22.7.1967;1;0
MURTEKA;1;18.8.1969;1;0
NAGMESABA;1;14.6.1986;0;1
ELDAI;1;14.4.1947;1;0
NURZEYNEP;1;18.3.1973;0;1
JAKGUELIN;1;8.8.1970;0;1
TERTTU;1;8.5.1950;0;1
GIRDAL;1;26.6.1976;0;1
HARRY;1;1.8.1948;1;0
DEISY;1;23.9.1971;0;1
LETITSIA;1;2.7.1938;0;1
LEIGH;2;2.12.1973;0;2
DENNISE;1;2.2.1970;0;1
YUNAISY;1;14.11.1980;0;1
BAHTAVE;1;13.2.1978;0;1
TIARA;1;9.10.1973;0;1
TENDE;1;30.1.1986;0;1
YOMCA;1;10.6.1969;0;1
BARKUT;1;7.2.1940;1;0
MUFARIH;1;22.2.1967;0;1
SEVHAYAT;1;9.8.1967;0;1
SHELLAGH;1;6.5.1956;0;1
KRISTY;1;3.3.1981;0;1
SARUT;1;3.4.1962;0;1
BEKMAN;1;19.11.1971;1;0
MAIS;2;22.2.1984;0;2
NAKIEN;1;8.9.1958;0;1
DJENA;1;16.8.1967;0;1
MENCAN;1;2.3.1990;0;1
HAZIRIYA;1;14.7.1968;0;1
DENNI;1;15.2.1944;1;0
JOY;1;5.7.1961;0;1
NIRVANI;1;7.11.1968;0;1
DILRUBAN;1;16.4.1952;0;1
ASSILAT;1;25.6.1979;0;1
HIMEYRE;3;24.2.1965;0;3
MELFIYE;1;14.10.1988;0;1
FEHRIN;1;26.6.1970;0;1
BAHTIESER;1;28.8.1973;0;1
MUJDANE;1;6.10.1991;0;1
MAHLUGA;3;28.10.1965;0;3
DERIM;1;27.4.1965;0;1
AYISTER;1;2.11.1974;0;1
DANITTAN;1;3.9.1967;0;1
DURDAY;3;6.5.1973;2;1
GAMZADE;1;8.11.1989;0;1
CARLEY;1;7.7.1981;0;1
KIRSTY;2;5.2.1977;0;2
NEVSIRIN;5;17.9.1965;0;5
SAHSELAN;1;5.9.1965;0;1
KAFFARRAHIM;1;6.1.1950;1;0
ROMO;1;17.8.1936;1;0
SELATULLAH;1;2.3.1969;1;0
MEHBEN;1;21.4.1974;0;1
CANKARDAS;1;11.2.1978;1;0
ESATI;1;17.5.1966;1;0
YURDAGOL;1;14.8.1938;0;1
TANSUK;2;25.3.1942;2;0
KANZIKE;1;27.9.1974;0;1
SUNERDEM;1;16.11.1945;1;0
MOLLAKIZ;2;26.3.1963;0;2
DONIA;1;23.12.1963;0;1
BINDIBAS;1;26.9.1958;0;1
TEZIL;2;16.10.1971;0;2
NASIYLE;1;1.5.1961;0;1
VULKIYE;1;19.4.1943;0;1
DOLGAY;1;15.4.1967;1;0
MUFAHAN;1;13.6.1926;1;0
HUDEVVER;1;23.2.1951;0;1
CILHIDE;1;20.9.1957;0;1
NEZIKER;1;30.4.1943;0;1
NURDALET;4;30.8.1969;0;4
PERANE;1;19.7.1965;0;1
ELFESIYAT;1;2.5.1963;1;0
RUHIEFZA;1;18.6.1953;0;1
PERRINE;1;14.9.1978;0;1
ARNT;1;25.4.1955;1;0
SAYZA;1;16.5.1973;0;1
ABTULKENAN;1;4.9.1969;1;0
YAZGULUM;1;22.11.1991;0;1
MUTARIK;1;13.6.1946;1;0
RATMIR;1;17.12.1990;1;0
HAYBIYE;1;2.11.1969;0;1
REFARET;1;22.2.1973;1;0
MOIRA;3;4.8.1964;0;3
SURUVVET;1;14.5.1976;0;1
KATIYA;1;4.11.1939;0;1
CHASLEE;1;14.3.1969;0;1
MUEYYETSIBEL;1;5.4.1967;0;1
HUNUNE;1;18.3.1978;0;1
AGISTER;1;4.5.1976;0;1
MELGUZAR;1;19.5.1941;0;1
ZUMBULAY;1;11.9.1980;0;1
BAKIME;1;2.5.1965;0;1
NAVIKAR;1;15.9.1947;0;1
FERIZER;3;11.11.1947;0;3
FERBIL;1;26.7.1978;1;0
RAFIR;1;10.5.1962;1;0
DURANSAH;4;18.11.1965;1;3
MELCINNAS;1;26.3.1978;0;1
TENAR;3;22.9.1967;2;1
MENUL;1;22.7.1973;0;1
FERGUNAY;4;23.1.1967;0;4
ERFASIYE;1;22.6.1961;0;1
FERZAH;1;6.5.1964;0;1
ESAMIN;1;7.5.1976;1;0
CAHAYIL;1;18.3.1960;0;1
SASSENAM;1;26.5.1955;0;1
KUNCI;1;26.2.1945;0;1
NAZLIDENIZ;1;10.6.1974;0;1
METAYI;1;5.4.1982;1;0
LADDA;1;2.5.1964;0;1
ANGELIKUE;1;26.9.1978;0;1
NAKIDEN;1;15.9.1942;0;1
MARIZIYE;1;23.11.1968;0;1
PERHULDANE;1;7.3.1970;1;0
ORALKAN;1;29.10.1977;1;0
SOFITA;1;15.11.1962;0;1
FRIDOLIN;1;15.3.1992;1;0
TULLU;3;15.2.1965;1;2
IREFI;1;6.11.1951;0;1
GULVAYIT;2;25.4.1973;0;2
ZULUMET;1;12.7.1965;0;1
NEVCIYAN;6;18.3.1949;0;6
NETREN;1;26.1.1972;1;0
EFTIMI;1;4.1.1954;1;0
BIKDER;1;21.10.1938;0;1
DEVAN;1;29.9.1991;1;0
HIRTER;1;8.2.1950;0;1
NOYANCAN;1;6.9.1988;1;0
ALYSON;2;22.11.1967;0;2
ELVIM;1;28.7.1972;0;1
ASLIAY;1;23.8.1977;0;1
SIBILLE;1;10.7.1951;0;1
GUNUHAL;1;8.11.1955;0;1
ALIMSER;1;3.5.1955;0;1
DILERYE;1;21.5.1966;0;1
MUHUBBILLAH;1;22.2.1961;1;0
DOMET;1;7.4.1934;0;1
UNYAL;1;22.8.1958;0;1
YETAY;1;4.9.1974;1;0
OZSADE;1;20.7.1945;0;1
HUTAMIYE;2;23.11.1959;0;2
DOLAN;1;5.5.1933;0;1
ZULUMMET;1;27.7.1961;0;1
NOYDAN;1;7.6.1976;1;0
MESMURULLAH;1;22.7.1973;1;0
BENIRINUR;1;11.5.1973;0;1
ALTURK;1;19.10.1945;1;0
MINKEVIL;1;29.12.1962;1;0
HEP;1;5.4.1956;1;0
RATTANA;1;6.1.1967;0;1
MEVSAH;3;9.2.1987;0;3
CUMAYIR;3;16.1.1973;3;0
NAZIDEN;1;1.12.1935;0;1
MECDA;2;7.3.1982;0;2
MIHNAR;1;22.3.1971;1;0
NAFILA;4;2.5.1954;0;4
FEDDIL;1;12.2.1971;1;0
DRANAS;1;25.1.1945;1;0
ELVAHIYE;2;9.7.1972;0;2
HILLES;1;19.2.1961;1;0
CANUZME;1;3.3.1935;0;1
GAZAN;1;1.2.1938;1;0
ICRAIL;1;2.3.1957;1;0
AVRIL;3;21.2.1950;0;3
AYFATMA;1;17.6.1962;0;1
CANBEDEL;1;17.11.1965;1;0
GUCULEN;1;27.2.1968;0;1
NURGADIN;3;29.5.1970;0;3
HOKKASE;3;1.4.1957;3;0
GUNEYIR;3;5.12.1955;3;0
ZUBULAY;1;23.5.1981;0;1
ZULFIFER;1;1.8.1939;0;1
CIHANSEVDI;1;29.7.1944;0;1
DENIZULAS;1;11.3.1978;1;0
NUGIHA;3;6.12.1982;0;3
HICILAL;1;10.2.1975;0;1
MUCAHIDIYE;2;7.7.1969;0;2
YURTESER;1;26.6.1966;0;1
CELIME;3;20.2.1974;0;3
GULSERIYYE;1;2.4.1959;0;1
SEPTAN;1;17.12.1962;0;1
SUGUDE;2;28.5.1969;0;2
CLEMENS;1;18.3.1945;1;0
NUNOL;1;21.7.1975;1;0
BIRAT;3;3.8.1963;3;0
FATUNUR;5;27.12.1971;0;5
HURARKIN;1;4.12.1970;1;0
BEYESER;1;16.10.1965;0;1
GOGCAN;3;20.6.1956;1;2
MELCINAZ;1;24.10.1967;0;1
EPPE;1;16.7.1951;0;1
SERFETDIN;1;13.4.1967;1;0
OYKE;1;9.3.1988;0;1
HISHA;1;6.6.1986;0;1
FILIDAN;2;5.7.1968;0;2
SOHULET;1;17.10.1948;0;1
MESULA;3;13.5.1970;0;3
UWE;1;2.12.1963;1;0
CEVADA;1;5.2.1978;0;1
HECET;2;14.3.1956;1;1
TEYMINAZ;1;22.3.1960;0;1
ABDUSSEBUR;1;16.2.1951;1;0
MENUA;1;2.5.1960;0;1
ULUSAY;3;21.8.1961;2;1
SEZAVIN;1;1.2.1967;0;1
SADAA;1;3.5.1981;0;1
AYSAH;2;1.8.1989;0;2
CANTIP;1;22.3.1973;1;0
BEDRIYEGUL;2;1.3.1973;0;2
MUZAKI;1;24.6.1966;1;0
IRMTRAUD;1;18.10.1928;0;1
GULMAZEN;1;30.2.1951;0;1
AYARKAN;1;4.2.1936;0;1
TUMRIT;1;1.10.1936;0;1
ERCIYAZ;3;16.11.1958;3;0
REMIS;2;18.6.1948;2;0
NASIMIN;1;9.8.1972;0;1
HANDENAZ;2;26.10.1982;0;2
KAVRUS;2;11.11.1987;0;2
BIREL;6;2.12.1966;4;2
KADERV;1;15.1.1980;0;1
ANTOINNETTE;1;9.9.1948;0;1
ORASA;1;19.11.1974;0;1
MES''UT;1;20.12.1961;1;0
FILISIYE;1;9.11.1968;0;1
SEVINLI;1;15.9.1936;0;1
LOTHAR;1;30.3.1960;1;0
ECILAY;1;27.5.1967;0;1
EDOUARD;1;14.10.1969;1;0
ILIE;2;3.1.1955;2;0
NILIHAN;3;22.7.1980;0;3
THALES;1;6.11.1954;1;0
HALKIZ;1;3.9.1945;0;1
ALTUNGUN;1;26.12.1941;1;0
DJEMAL;1;25.12.1960;0;1
BIRSUY;1;9.2.1976;0;1
DERAR;2;10.8.1972;2;0
MURVEDIYE;2;24.1.1953;0;2
BENHAN;5;5.4.1968;1;4
MEBURA;2;8.6.1968;0;2
MEDIRIYE;1;1.9.1959;0;1
UZDIL;1;23.9.1984;1;0
SEVILAYNUR;1;17.10.1968;0;1
BURHANCENAP;1;15.11.1990;1;0
ZAKURE;1;8.11.1961;0;1
FIONNUALA;1;20.9.1971;0;1
SISIL;1;5.3.1971;0;1
MEROKSE;1;15.4.1965;0;1
HRISA;1;12.6.1974;0;1
SARALISA;1;2.10.1975;0;1
VENFER;1;29.5.1936;0;1
TOZER;1;30.9.1965;1;0
BENTE;1;15.12.1945;0;1
NIKAY;1;11.7.1975;0;1
LOUIZE;1;24.12.1961;0;1
BEHIRIYE;2;9.12.1956;0;2
NAKIZAN;1;4.6.1952;0;1
GULSHAD;2;18.8.1972;0;2
MEROZA;1;13.4.1966;0;1
ZEFILE;1;1.10.1968;0;1
SERIYMAN;1;19.4.1972;0;1
DAVENDRA;1;25.12.1969;1;0
GULGAL;1;1.4.1949;0;1
DURNABIYE;1;10.10.1963;0;1
NABUYA;1;2.3.1949;0;1
DURUYEN;2;30.10.1947;0;2
SEMEYYE;1;7.11.1979;0;1
INZALA;1;26.12.1969;0;1
SAKIYA;1;22.2.1961;0;1
IZNIHAR;8;6.1.1952;0;8
SABAHINUR;2;5.1.1956;0;2
MEVLEHANE;1;17.8.1966;0;1
AYDIHAN;1;21.5.1950;0;1
ZELNE;1;26.8.1982;0;1
DURNAMIYE;2;2.6.1955;0;2
YILGUNAY;1;19.12.1991;0;1
MERIHIYE;1;27.3.1974;0;1
KOSANAY;1;30.8.1988;0;1
GOULNAZ;2;27.6.1978;0;2
SEYNUVAR;1;23.1.1945;0;1
STILIANA;1;20.4.1978;0;1
GUNESIM;1;14.2.1978;0;1
KATHARINE;1;17.6.1953;0;1
ERZANDI;1;26.12.1943;0;1
DOLGAN;1;4.1.1974;0;1
KEMIREN;1;25.9.1959;0;1
MAVIYA;3;14.5.1949;0;3
SULFE;1;22.8.1937;0;1
TUKSAL;2;14.1.1977;2;0
SEVILSER;2;18.2.1959;0;2
MISTILI;1;2.8.1933;1;0
SENGONULLER;1;23.8.1966;0;1
NICDAT;1;26.2.1977;1;0
ABDURAY;1;2.10.1963;1;0
GULNAIZ;2;14.3.1955;0;2
NEVSIYLE;1;28.8.1975;0;1
IKIRAM;3;18.4.1952;3;0
KIRAYIM;1;21.9.1962;1;0
EDAIYE;1;17.3.1942;0;1
IZNEHAR;1;6.8.1983;0;1
TURKSAM;1;20.2.1969;1;0
ZOHRANI;2;5.10.1967;0;2
NUHSAFA;1;20.4.1949;1;0
UZEYDIYE;1;14.11.1987;0;1
SEBREL;1;4.1.1978;0;1
NECANI;1;19.9.1965;0;1
GABEL;1;22.5.1990;0;1
OZUMSEN;1;1.10.1991;0;1
TURSENE;1;12.10.1983;0;1
SIFALE;1;25.11.1947;0;1
HEDAY;2;16.11.1975;0;2
AKSUNGUR;1;24.2.1971;1;0
BIRYAR;1;7.12.1989;0;1
UNYESSER;1;20.1.1945;1;0
ERSUNAN;1;16.4.1980;1;0
NAKIBA;2;30.5.1975;0;2
FURDAN;1;1.9.1952;0;1
VETHIYA;1;12.1.1971;0;1
SEZEAT;2;5.6.1973;0;2
KUMRAH;1;23.12.1969;0;1
MEMDUFE;3;7.6.1969;0;3
PERREN;1;15.8.1972;0;1
DURDUDANE;1;30.6.1956;0;1
SERAHATTIN;2;1.5.1942;2;0
TURCAIN;17;30.9.1960;0;17
UNATIN;1;2.2.1969;1;0
SEVIHAYIR;1;1.11.1967;0;1
CUHERE;2;5.5.1952;0;2
CELAHETTIN;1;27.5.1949;1;0
ZILKAYDE;1;17.2.1954;0;1
NECIFAN;1;25.8.1977;0;1
NEDAIYE;1;12.1.1959;1;0
TURANIYE;3;8.2.1946;0;3
ISLIVAN;1;2.8.1945;0;1
NIDIYE;1;1.5.1962;0;1
ALITTIN;2;30.6.1956;2;0
CANUZER;3;22.3.1955;0;3
SONGER;2;17.10.1968;2;0
VIDAYI;1;26.7.1969;1;0
SEVIB;1;11.4.1963;0;1
MENTUFE;1;6.2.1953;0;1
BEHLUZAR;4;9.7.1962;0;4
MAUD;1;3.8.1958;0;1
HAPES;2;17.4.1967;0;2
CEMALUFER;16;20.11.1829;0;16
RAZIDE;2;24.10.1959;0;2
FEZAH;2;17.8.1972;1;1
KULTEKIN;1;5.8.1947;1;0
AIGIUN;1;24.2.1964;0;1
ABDULFERDA;1;29.2.1958;1;0
CEMAHAN;3;18.5.1955;0;3
MARGRET;1;24.12.1952;0;1
MICHKAEL;1;16.2.1992;1;0
BERSAH;1;22.10.1984;0;1
SENTUGRUL;3;27.2.1952;3;0
MUSARETTIN;2;28.7.1971;1;1
MINVE;2;30.2.1968;0;2
TURNERIN;1;8.2.1960;0;1
ARANSEL;1;6.7.1991;1;0
HULKIBAR;1;9.5.1981;0;1
MULVIN;1;14.6.1984;0;1
REBCCA;1;23.1.1971;0;1
SAMARGAND;1;29.8.1948;0;1
KAMILLEHEDE;1;8.10.1941;0;1
HADUSUN;1;16.2.1973;1;0
VATDET;1;1.12.1953;1;0
GILYAN;1;17.2.1950;0;1
RISAT;4;10.12.1954;4;0
SENNOR;1;18.6.1966;0;1
DURSAHANE;1;16.12.1962;0;1
HORMUZ;4;3.3.1939;0;4
FAIZAR;1;12.8.1923;0;1
SUZAT;2;5.3.1963;0;2
NECEYAR;1;14.3.1965;0;1
DOVHA;1;7.8.1928;0;1
BICINUR;1;26.1.1971;0;1
KATIE;1;27.4.1975;0;1
CHUN;2;1.2.1961;1;1
CEYIN;1;14.2.1975;0;1
NUKRUYE;4;29.12.1950;0;4
SELVIYET;2;28.8.1949;0;2
ZUBUKE;1;21.6.1958;0;1
DESIKA;1;24.12.1972;0;1
YURTTAKALAN;1;7.5.1958;0;1
CHARLOTE;1;29.8.1981;0;1
MUFEKKERE;5;8.11.1951;0;5
YAZGINUR;1;4.1.1992;0;1
VELIUDDIN;1;26.9.1953;1;0
ETGIN;2;18.5.1979;2;0
TAYFUNE;1;21.6.1952;0;1
DESREE;1;2.10.1975;0;1
MUHASSEN;1;19.1.1966;1;0
CILEHAN;1;20.2.1984;0;1
AKIFAR;1;10.3.1966;1;0
MEZIYA;1;9.7.1978;0;1
SAHAY;3;3.5.1976;3;0
SEDIVE;1;30.10.1958;0;1
CHAROS;1;23.2.1982;0;1
ESTE;1;22.2.1991;0;1
USAY;2;15.6.1989;2;0
ERSUM;1;17.7.1948;1;0
SERMUT;1;16.3.1980;1;0
GULTEMIZ;4;11.7.1953;0;4
MURAYIL;1;17.2.1966;1;0
SOVRET;2;1.6.1950;1;1
FEZMI;1;7.8.1982;1;0
OZLEMCAN;2;14.5.1983;0;2
AYTIL;1;21.11.1989;0;1
HARUNIYE;1;12.2.1985;0;1
SEVREY;1;26.4.1963;0;1
MEBRUYE;1;16.5.1934;0;1
TANCE;1;14.3.1992;0;1
SIGRID;8;10.10.1946;0;8
OVEL;1;22.6.1991;1;0
CARSTA;1;28.12.1964;0;1
GORUM;1;1.1.1950;0;1
MURATEROGLU;1;19.10.1977;1;0
JACOUELINE;1;12.12.1972;0;1
BEBIKAN;1;25.4.1957;0;1
ACILEN;3;25.1.1949;3;0
CUNDA;1;16.7.1975;1;0
MAJID;2;14.3.1963;2;0
VICKY;1;17.9.1968;0;1
BLEDAHAN;1;6.5.1979;1;0
YARDAN;2;17.8.1970;1;1
TULGIN;1;7.8.1970;0;1
AYFIREN;1;13.8.1942;0;1
SAULESH;1;23.4.1974;0;1
BANESHA;1;12.8.1957;0;1
ZUMMULE;1;22.6.1973;0;1
MIREILLE;1;21.7.1960;0;1
MUREVSEN;1;22.8.1937;0;1
UGUN;1;24.5.1969;1;0
UMMUGUSUM;12;13.8.1958;0;12
SEVCAHIYE;1;6.3.1972;0;1
GULUMSEDI;2;5.5.1943;0;2
MUZUKE;1;27.5.1938;0;1
AFFANE;2;13.1.1970;0;2
NESBEDDIN;1;5.3.1972;1;0
ZULLE;1;13.4.1961;0;1
BINGAZI;2;24.12.1966;2;0
ZULHEYHA;2;27.11.1973;0;2
SAVAHATTIN;2;28.12.1949;2;0
NERIMIYE;2;16.10.1948;0;2
SYLWIA;1;5.12.1976;0;1
SHELLY;1;8.1.1963;0;1
MUNEVE;1;26.6.1984;0;1
UMMEN;1;23.6.1970;0;1
GONDEM;1;7.4.1988;0;1
BAHADIRCAN;1;13.6.1991;1;0
UMUTDIYE;1;15.3.1977;0;1
VILIZ;1;7.2.1970;0;1
HILGA;1;21.6.1981;0;1
MURDUN;1;4.3.1951;0;1
HILALECE;1;2.10.1985;0;1
TAMMY;1;19.12.1979;0;1
SURRUYA;3;24.1.1956;2;1
ALIALTAN;1;19.11.1976;1;0
TUFANLICELI;1;18.12.1979;1;0
NICHOLA;2;12.9.1972;0;2
MUSRAT;1;7.6.1964;1;0
NEVLAY;1;10.11.1966;0;1
MURITTIN;1;22.5.1967;1;0
TERCIM;2;16.4.1961;2;0
TEFFIKA;1;27.8.1932;0;1
KANDIHAR;2;7.12.1959;1;1
ABDULMUNIS;1;22.2.1973;1;0
BEHICEN;1;6.2.1956;0;1
ELSAY;1;22.4.1961;1;0
PIRAYIL;1;30.12.1973;0;1
SARDOGAN;1;27.5.1956;1;0
LABIYE;1;27.9.1960;0;1
MERLENE;1;30.8.1943;0;1
SEVSUN;1;13.5.1970;0;1
O.ERKIN;1;25.2.1967;1;0
PIVRAZ;1;2.6.1974;0;1
GUNAYDAR;1;18.10.1968;0;1
WAN;1;23.12.1950;1;0
FIYADE;1;7.4.1961;0;1
VEKADE;1;11.4.1955;0;1
NACIMA;1;20.5.1966;0;1
FEZLIGE;1;4.9.1942;0;1
GURZAB;1;6.9.1959;1;0
GULBELMA;1;11.9.1970;0;1
KERZIVAN;2;12.8.1961;0;2
SENHIS;1;15.3.1969;0;1
H.TURAN;1;28.3.1971;1;0
HORUCAN;3;11.5.1980;0;3
NURFERI;1;11.4.1968;0;1
ESSER;1;10.8.1971;1;0
MUKKATTES;2;11.11.1972;0;2
TORSTEN;1;29.11.1975;1;0
KATRINA;1;10.5.1981;0;1
POLAN;1;2.11.1977;0;1
SAHDIL;1;16.5.1947;0;1
GRAHAM;1;18.4.1951;1;0
OZYIL;4;13.7.1976;1;3
MUHAMMIYE;1;18.6.1936;0;1
RAOL;1;2.9.1955;1;0
OLGUTA;1;24.11.1973;0;1
FEGZA;1;30.9.1983;0;1
LEKESIZ;1;16.4.1976;0;1
CAGLANIL;1;22.7.1991;0;1
HALILIRAHMAN;2;19.1.1979;2;0
KUMDAL;2;10.9.1974;0;2
ILKVERDI;1;13.12.1982;0;1
GOLBAYAN;1;4.7.1969;0;1
FEZU;1;29.9.1967;1;0
CANDUR;1;12.2.1989;1;0
KORSAH;1;14.2.1991;1;0
CELIZ;1;11.4.1980;0;1
AREVIK;1;26.7.1964;0;1
CEHULE;3;12.5.1958;0;3
DURAVIYE;1;12.2.1941;0;1
SEVALP;1;8.11.1958;1;0
HAMIYDA;1;5.12.1975;0;1
MULTERHA;1;29.2.1985;0;1
NEFIDAN;4;14.4.1962;0;4
REZSAN;1;21.2.1952;0;1
EZELNUR;3;18.9.1982;0;3
DURMANIYE;1;19.5.1958;0;1
FEDAYU;1;29.2.1965;1;0
VANHER;1;16.10.1974;0;1
PHILIPPA;1;7.10.1971;0;1
KULIKO;1;14.3.1956;0;1
MULEYIM;3;6.1.1974;3;0
GULOKSAN;1;29.8.1980;0;1
SUVAKER;1;21.5.1969;0;1
FETHANA;1;17.7.1966;0;1
MUZEDIYE;7;5.11.1953;0;7
FEDAG;1;8.3.1975;0;1
GALIPARGUL;1;22.12.1973;0;1
NAZBAHAR;1;16.11.1971;0;1
HASBILE;1;26.9.1976;0;1
CALIS;4;22.8.1973;4;0
NIKKI;1;25.8.1974;0;1
ADIREN;1;6.3.1975;0;1
ALIMAH;6;23.9.1950;0;6
MUGADTER;2;13.6.1973;0;2
SEZGUNAY;2;8.8.1966;1;1
CANKADIN;3;14.12.1965;0;3
MUZEYMA;1;7.11.1967;0;1
BALCIYE;1;22.3.1944;0;1
INCAL;1;17.12.1941;1;0
GAZICAN;2;15.2.1984;2;0
BULENDER;2;16.9.1957;0;2
UNALAY;1;18.8.1973;1;0
ZORDAN;1;27.9.1983;1;0
DURZADE;2;1.3.1965;0;2
AKAYDIN;3;14.10.1982;3;0
HAZNADAR;1;22.9.1962;1;0
SAZAFER;1;11.2.1943;0;1
SAGFET;3;5.11.1962;1;2
MAHBIRIZE;1;13.11.1954;0;1
ZIYNUS;1;19.2.1951;0;1
GUBERYA;1;28.7.1984;0;1
NOKTAN;1;27.1.1967;1;0
EBUIHSAN;1;10.6.1977;1;0
TORMAN;2;4.2.1960;2;0
OROL;2;23.11.1954;2;0
HACARETTIN;1;14.5.1963;1;0
MATIP;1;13.1.1965;0;1
MAXINE;2;18.5.1961;0;2
AYSUZER;1;3.8.1984;0;1
NATASHA;1;25.6.1984;0;1
DAPHNE;1;20.1.1969;0;1
HILLARY;2;24.3.1970;0;2
AJLEN;1;12.6.1971;1;0
JA;1;11.5.1959;0;1
SAE-PU;1;21.6.1978;0;1
HENRIETTE;1;22.3.1956;0;1
DAWNE;1;2.2.1960;0;1
MESCIT;4;11.9.1967;4;0
GULSUNUR;2;27.3.1967;0;2
GADIRUMMU;1;22.2.1967;0;1
ECINUR;1;21.8.1940;1;0
CENGIZEN;1;30.1.1954;0;1
SAHBIL;1;12.7.1946;0;1
GUNBAYAN;1;16.3.1940;0;1
SIBIRYA;1;22.2.1979;0;1
NURFAL;4;17.11.1953;1;3
ELAMSAH;2;14.2.1963;0;2
BAKISER;3;25.5.1958;0;3
SAVAP;2;7.4.1952;2;0
TUGURUL;1;1.4.1978;1;0
BALUSTAN;1;17.6.1966;0;1
NURBAYAN;6;7.10.1954;0;6
MIYAN;1;12.5.1939;0;1
MUSERIDE;1;9.3.1955;0;1
ADIYLE;8;24.12.1968;0;8
AGIVE;1;11.1.1972;0;1
UMUM;3;16.7.1954;0;3
NURYAGDI;3;12.7.1963;0;3
ANLIBENLI;1;5.3.1955;0;1
NEZFE;2;9.3.1957;0;2
FEZLIKE;1;16.2.1961;0;1
UMMUGLSUM;1;14.10.1952;0;1
ERGUS;1;21.3.1982;1;0
AVAR;3;24.6.1951;3;0
SADUFAN;1;27.6.1967;0;1
SAFAATDIN;3;3.10.1954;3;0
SAVAATTIN;1;13.7.1965;1;0
SAGLIM;3;4.5.1952;3;0
ARIZKAR;1;7.3.1934;0;1
SAVYA;1;22.4.1975;0;1
HAMMAS;2;6.11.1968;1;1
MAKBILA;1;22.2.1967;0;1
SAHMIZ;1;11.4.1966;1;0
SADIYENUR;1;6.2.1990;0;1
VERAH;2;9.2.1945;1;1
MEVLALE;1;2.4.1965;0;1
MUCASIR;2;21.8.1949;2;0
CEVHAT;1;6.3.1950;1;0
SURUB;1;3.7.1927;1;0
URARTU;2;8.10.1987;2;0
CEZVA;1;6.4.1938;0;1
SEAFATTIN;1;21.9.1968;1;0
BENGAY;1;12.3.1977;0;1
NECIDAT;1;4.12.1961;1;0
KERIMAY;2;5.6.1980;0;2
OZKOK;3;19.9.1948;3;0
BAYRAHAN;1;21.7.1975;0;1
TEZCAMAL;1;17.2.1972;1;0
TURSOY;1;21.11.1982;0;1
TEVVIK;4;26.2.1957;4;0
SERENNUR;2;27.2.1974;0;2
NAMA;3;12.3.1958;0;3
FIDANKAR;2;21.3.1947;0;2
GUNDERE;1;20.7.1966;0;1
GULSEDIYE;2;10.11.1972;0;2
BILIYAR;1;16.9.1953;0;1
MAKMIZE;1;11.9.1963;0;1
SERPILET;1;21.2.1974;1;0
NEHISE;1;17.4.1966;0;1
FETAHMA;1;22.3.1985;0;1
MAHBIRIZ;1;18.8.1983;0;1
MEJLUNE;1;9.8.1975;0;1
SEZILAN;1;1.3.1968;0;1
ICAR;1;22.8.1943;0;1
APDIS;2;9.12.1947;2;0
ZULYAA;1;1.11.1970;0;1
EMUGULSUM;4;7.5.1984;0;4
BELKIDE;1;17.3.1970;0;1
MECIHAT;1;27.2.1956;0;1
GUSUDE;1;1.1.1971;0;1
TEFVIKE;1;12.3.1959;0;1
NAZELLE;1;17.2.1965;0;1
MUZEZYEN;1;27.5.1962;0;1
FAYDIMA;4;29.11.1964;0;4
GOZLUM;1;17.12.1957;0;1
SIGAR;1;7.6.1988;0;1
NECIBIDIN;1;11.6.1956;1;0
SUMEYFA;1;1.6.1968;1;0
NURYAGLI;1;30.6.1959;0;1
ZINUS;3;12.10.1942;0;3
PEYIMA;1;16.5.1946;0;1
KONNUR;1;25.11.1968;0;1
GULABIY;1;15.4.1959;0;1
KAYDIYE;1;6.11.1949;0;1
MINIVA;1;23.3.1961;0;1
ZUHRANUR;1;28.10.1989;0;1
ARZIFAN;1;12.9.1957;0;1
GUZAMIYE;1;8.4.1938;0;1
MUSGILE;1;20.1.1990;0;1
ACIZDAN;1;12.3.1966;0;1
RESUH;3;22.1.1981;3;0
ADIYLA;1;12.10.1943;0;1
TERCIN;1;28.2.1962;1;0
SAHNES;1;11.2.1980;0;1
ERICEP;1;26.11.1965;1;0
MUNEHVER;5;23.3.1968;0;5
ISMENDIGER;1;17.8.1936;1;0
GULHAYAN;1;16.10.1969;0;1
MUSHADE;1;23.6.1965;0;1
GULAYVAR;1;27.2.1956;0;1
ZEMET;1;8.3.1966;0;1
ABDULFAHAP;1;8.9.1970;1;0
GULSEVA;2;11.1.1965;0;2
KIMIERA;1;27.1.1988;0;1
HABBIL;1;6.2.1992;0;1
ORUS;3;30.10.1972;2;1
BINBIR;2;4.1.1951;1;1
UZAIDE;1;19.5.1945;0;1
NECITTIN;3;17.11.1943;3;0
SATUNUR;3;29.2.1966;0;3
HURUSDEN;1;27.5.1944;1;0
MUALIFE;1;9.11.1963;0;1
NURATDIN;1;7.3.1970;1;0
ZABRIYE;2;6.10.1936;0;2
ALIMAM;1;6.1.1961;0;1
GULFIRIK;1;9.6.1943;0;1
HIDAYA;3;10.12.1955;1;2
OMURGE;1;14.2.1959;0;1
OMURYA;6;12.6.1965;0;6
MIELA;1;4.5.1977;0;1
CAHANDER;2;24.4.1966;0;2
IBA;2;26.2.1946;2;0
DURSEFAL;1;16.2.1974;0;1
MERZUFA;3;16.10.1969;0;3
BAKIZAR;2;22.5.1949;0;2
MURSUN;2;8.4.1967;2;0
AYNAMAH;2;26.9.1963;0;2
MEDORIYE;1;16.7.1981;0;1
SEURE;1;5.9.1986;0;1
MUZEFFERIYE;1;9.5.1933;0;1
NEVZIYAN;2;30.1.1961;1;1
HAYAZIYE;3;17.4.1972;0;3
BASBIYE;1;18.3.1945;0;1
HURSUM;1;14.6.1941;0;1
NIKSAN;2;19.3.1957;2;0
MUZEYLA;6;3.5.1965;0;6
FIKIRIYA;2;10.10.1970;0;2
EZAETTIN;1;16.6.1965;1;0
MELCIHAN;2;21.4.1962;0;2
EVSENT;1;11.7.1977;1;0
ETRET;1;12.6.1947;0;1
MANVILE;1;5.12.1974;0;1
MAZETTIN;1;22.9.1961;1;0
LUFEYLA;1;11.4.1974;0;1
CAZIB;2;4.10.1958;2;0
NILGOR;1;21.12.1957;0;1
MEVLUDHAN;1;17.8.1924;0;1
SANMIYE;1;17.10.1965;0;1
MUCIBIREHMAN;1;2.7.1975;1;0
VICIHAN;1;6.2.1956;0;1
YANGILI;1;28.5.1982;1;0
DURSIL;2;18.3.1969;1;1
CHARMAINE;1;7.10.1972;0;1
NURISMINAZ;1;14.11.1965;0;1
PANAYODA;1;20.8.1959;0;1
ALADER;2;12.10.1940;2;0
MAHMIZER;1;11.2.1937;0;1
ZORAY;3;26.12.1974;3;0
VICGAN;1;2.8.1939;0;1
SAHREM;1;20.8.1988;1;0
SEHRIBADE;2;13.12.1940;0;2
KEZZA;1;7.8.1934;0;1
MEFKUN;1;1.5.1965;1;0
ALFAT;1;9.10.1956;1;0
AFISER;1;12.8.1929;0;1
NURGULAN;1;26.8.1960;0;1
F.NEJDET;1;26.4.1954;1;0
SEMASES;1;5.1.1954;0;1
ESENBIL;6;29.11.1962;5;1
UYANSER;10;17.1.1966;0;10
DUDUSEL;1;5.7.1970;0;1
ASFURA;1;14.4.1939;0;1
UMMAH;1;21.5.1975;0;1
MAKMIL;1;13.3.1949;0;1
DURZAIDE;1;12.8.1956;0;1
TURCAYIN;2;12.4.1968;0;2
ALPAGA;1;1.1.1974;1;0
CANYAN;1;17.11.1952;0;1
CANFIL;1;24.3.1955;0;1
HERDAL;2;18.3.1959;2;0
MUZAFEN;1;2.4.1968;0;1
GULBAYLAN;1;29.12.1963;0;1
VURGU;1;12.5.1984;1;0
SEZGUNER;3;24.10.1969;2;1
SUFUYEN;2;17.8.1961;2;0
MEFRAT;1;23.8.1951;0;1
ALFIRAT;1;29.5.1969;1;0
NIJLA;2;10.10.1970;0;2
TAZEL;3;9.6.1973;1;2
DURDADIYE;1;2.8.1969;0;1
PERIZANT;1;2.9.1939;1;0
CANEKIP;1;30.4.1974;1;0
DURBULLA;2;5.11.1951;0;2
DALGUL;1;3.12.1967;0;1
OCALP;1;26.6.1951;1;0
RIJIN;1;16.7.1980;0;1
MAHRETTIN;1;16.2.1945;1;0
HECIDIYE;1;13.2.1957;0;1
INCISAL;2;18.8.1965;0;2
MAKMULA;1;9.4.1945;0;1
YENMIHA;1;9.2.1955;0;1
DURANFER;10;26.1.1966;0;10
SILISTAN;1;30.4.1962;0;1
SAHSEDA;1;1.3.1965;0;1
SERASIM;1;6.8.1959;1;0
HEDEVIYE;5;19.10.1935;0;5
NAFISI;1;29.9.1961;0;1
TOYLAK;2;26.3.1968;0;2
ZERFE;2;15.11.1965;0;2
HERNUR;1;22.6.1972;0;1
SAYDEM;6;23.4.1956;5;1
DURZADIYE;3;18.5.1978;0;3
MEYHATI;1;6.5.1961;1;0
SABAI;1;1.2.1961;1;0
HURKEN;1;18.5.1965;0;1
MUSARE;2;28.4.1980;0;2
GULNIDER;1;24.4.1978;0;1
ZUTFIYE;1;21.3.1976;0;1
NELIHA;9;2.2.1960;0;9
NIFEHET;1;22.2.1961;0;1
MUSTEREM;2;7.5.1968;0;2
MUNNAT;1;30.11.1978;0;1
ZENGIL;1;6.3.1966;1;0
SABANIYE;3;29.10.1957;0;3
SADEMAN;1;7.4.1964;0;1
NAZIVAN;1;12.10.1965;0;1
DURFAN;3;9.1.1961;3;0
YASAVET;1;2.6.1927;0;1
CUNNIYET;1;27.11.1975;1;0
BAHRIYAN;1;4.7.1952;0;1
KOBRIYE;1;7.6.1962;0;1
SACIDAT;1;21.8.1946;1;0
HAYIROL;2;25.7.1959;2;0
HIDAVIR;1;16.7.1974;1;0
CAMELFER;1;26.11.1960;0;1
MURSALI;1;11.6.1942;1;0
PIRAYI;2;27.12.1956;0;2
SENIZAR;2;22.4.1959;0;2
EIJA;1;6.4.1971;0;1
SECIMSER;1;2.2.1975;0;1
TINAR;1;29.3.1983;0;1
GULNIR;1;19.8.1982;0;1
KRISTI;1;22.7.1982;0;1
SEZEYYEN;1;6.11.1968;0;1
BEMOL;1;19.7.1988;1;0
HASUYE;1;11.10.1975;0;1
HUMURUYE;1;28.3.1970;0;1
AHMERT;1;6.8.1970;1;0
EEVA;1;16.9.1962;0;1
KAMNAZ;1;11.6.1967;0;1
NEHRET;1;30.2.1967;0;1
RUMINA;1;9.6.1978;0;1
DUDUSER;1;17.1.1952;0;1
MUHIBBANI;1;2.8.1921;0;1
PIIA;1;13.1.1981;0;1
TUIJA;1;4.7.1965;0;1
YUCEOL;1;7.12.1948;1;0
BUNET;2;2.9.1956;2;0
SAHANAZ;5;1.10.1963;0;5
MU''MINAT;1;23.9.1974;0;1
GULHUSUN;1;1.4.1936;0;1
ERDIKAN;1;26.8.1969;1;0
KALINA;1;30.7.1961;0;1
DIRAY;2;28.2.1962;1;1
TARKAAN;1;13.7.1972;1;0
NATLAN;1;30.7.1974;1;0
YIM;1;27.4.1989;1;0
SAYLI;1;17.5.1980;0;1
CHUTIMA;1;12.10.1963;0;1
AYNURISA;1;6.1.1963;0;1
FEHINNAS;1;12.3.1952;0;1
NAVIR;6;11.1.1959;6;0
MIHALAKI;1;21.6.1938;1;0
SENTEZ;1;23.9.1967;0;1
YURDAYAR;1;5.5.1974;1;0
DEVIRAY;1;7.5.1981;1;0
TURCEVUN;1;14.9.1962;0;1
TURKDIBA;1;18.8.1971;0;1
ARYEN;2;13.1.1980;1;1
ANATOLIY;1;30.11.1956;1;0
AKIDIYE;1;29.8.1967;0;1
MUFTESIM;1;2.6.1966;1;0
SABRIA;1;9.7.1962;0;1
NIKOLETTA;1;5.3.1973;0;1
SEIJA;1;24.10.1964;0;1
ZAREFET;3;29.3.1952;0;3
SEBAHATIYE;1;14.4.1943;0;1
SADIHANIM;1;7.5.1982;0;1
SEYMANE;1;25.2.1954;0;1
DURSADI;1;17.2.1972;0;1
TARJA;1;9.3.1953;0;1
AKDURU;1;18.5.1976;1;0
HORIDUDU;2;28.6.1938;0;2
PETRONEL;1;1.7.1976;1;0
EMRAM;3;25.9.1967;2;1
EVE;1;20.11.1965;0;1
UMIYAT;1;21.2.1975;0;1
HALIPRAHIM;2;30.12.1966;2;0
ASSEN;1;25.11.1976;0;1
SIYEN;1;10.4.1989;0;1
YESEMBIL;1;19.11.1960;0;1
USRE;1;9.6.1973;0;1
NURUBANU;1;29.3.1957;0;1
IJRAN;1;11.11.1982;0;1
SIRPA;1;24.6.1957;0;1
SAKIHAN;1;30.12.1939;0;1
TEIJA;2;18.3.1967;0;2
COLLEEN;1;27.7.1973;0;1
ANITE;1;4.1.1963;0;1
MARCIL;1;13.1.1992;1;0
VINDA;1;5.7.1970;0;1
PIRUFUK;1;20.6.1967;1;0
CENAT;4;27.12.1956;3;1
NARGUIZ;1;19.7.1979;0;1
GULTES;2;18.6.1965;0;2
SAFKAN;5;23.4.1980;5;0
ABDURKERIM;2;24.1.1957;2;0
KARIL;1;20.5.1962;0;1
JUNE;2;8.7.1951;0;2
AHUSU;1;26.11.1989;0;1
SELCUN;2;25.1.1972;2;0
TRINE;1;26.12.1970;0;1
ANZELIKA;1;15.5.1973;0;1
SULEYCAN;1;3.2.1969;0;1
DURUMSER;1;12.1.1950;0;1
ALEIDA;1;16.5.1936;0;1
DURYAZ;5;26.11.1978;0;5
ABDULVAHAD;2;17.3.1983;2;0
ARMENIA;1;11.7.1960;0;1
MEDRE;1;12.2.1959;0;1
LORENS;1;21.10.1970;0;1
AXINIA;1;16.8.1968;0;1
AKTULUN;1;4.5.1951;0;1
SABIREN;1;6.1.1964;0;1
SAMMI;1;5.6.1951;0;1
MEVGI;1;3.8.1969;0;1
BOZKURTHAN;1;18.8.1975;1;0
OFLU;1;17.6.1990;1;0
ZULGADE;10;12.2.1968;1;9
KUTLUOL;1;11.10.1941;1;0
ABIK;7;11.6.1947;7;0
JOSEFA;1;18.10.1937;0;1
ZAHRITTIN;2;22.5.1952;2;0
REHSAL;1;11.2.1979;0;1
HULGAN;2;21.8.1973;1;1
EUN;1;21.1.1960;0;1
ZERFO;1;26.8.1959;0;1
TEYBIYE;1;14.6.1959;0;1
FEYLEZUF;1;19.5.1965;1;0
DARREN;1;11.1.1970;1;0
LURIS;3;21.1.1971;1;2
SONG;1;8.10.1974;0;1
MUCALLAH;1;9.9.1965;1;0
MONISHA;1;4.9.1980;0;1
SEMSINISA;1;2.6.1927;0;1
JACGUALINE;1;15.2.1942;0;1
YETERIM;1;17.3.1952;0;1
ZINAZ;1;20.2.1941;0;1
PENCER;2;2.4.1969;1;1
BOYSEL;1;16.4.1973;1;0
HuSEYIN;1;3.6.1981;1;0
TURKERI;4;18.1.1973;4;0
PERISTAH;2;30.1.1956;0;2
BESNAZ;2;19.4.1977;0;2
CLEMENTE;1;17.1.1950;1;0
SULMI;1;27.12.1974;1;0
SEDRETIN;3;27.10.1955;3;0
IKIGUL;2;20.6.1962;0;2
ROCAN;4;30.11.1985;1;3
CARREN;1;5.11.1968;0;1
KEZBIHAN;1;26.10.1972;0;1
SEVGIHANIM;1;8.9.1935;0;1
BEHIZAN;2;11.4.1966;0;2
VULGUYE;1;2.2.1956;0;1
GULKONDU;1;15.6.1938;0;1
ISILDAK;2;25.6.1938;1;1
SENNANE;2;29.2.1960;0;2
SAYDANAZ;1;22.4.1950;0;1
UYKULU;2;14.2.1933;0;2
RAKE;2;4.9.1942;0;2
GULUZUM;10;7.3.1956;0;10
FERDINAY;2;5.1.1972;0;2
CANGUZEL;2;9.11.1980;1;1
BUGDAGUL;1;17.2.1978;0;1
IZAETTIN;1;15.6.1986;1;0
ASURAN;15;12.3.1980;0;15
NAMLIYE;2;19.9.1966;0;2
BUSENG;1;29.9.1990;0;1
M.HICRI;1;8.6.1956;1;0
BIRCAHAN;1;27.11.1974;0;1
BEKIRITTIN;1;18.6.1938;1;0
MURYETE;5;21.2.1971;0;5
FECIDEN;1;23.6.1972;0;1
VEDIFE;3;12.8.1967;0;3
BARIGUL;1;7.12.1982;0;1
SENAZIYE;5;1.8.1962;0;5
EDEME;1;7.3.1946;0;1
RAIHE;2;8.8.1960;0;2
ULUYE;3;5.5.1956;0;3
GULSEFI;1;21.4.1951;0;1
SEFU;1;23.1.1966;0;1
RABIAH;1;12.11.1971;0;1
NURIZIYEN;1;18.6.1962;0;1
ASGIDIL;3;23.12.1964;0;3
RECIBA;7;29.5.1962;0;7
AVSEVER;1;16.5.1956;1;0
TESLI;1;16.4.1975;0;1
GULNECA;1;18.8.1933;0;1
DONEBULLE;1;30.8.1962;0;1
HERZUNAY;1;2.5.1961;0;1
SAPBEL;1;11.2.1943;0;1
SEVLIGIYE;1;27.7.1956;0;1
KIMIRA;3;18.10.1963;0;3
HOSER;2;16.8.1965;2;0
SANAVER;3;11.2.1970;2;1
GIRAYCAN;1;25.3.1989;1;0
SUVEKE;1;1.11.1946;0;1
LUBYAR;1;14.3.1970;0;1
NEVSAY;1;6.11.1985;1;0
GULSALE;2;3.12.1966;0;2
DUDUAY;1;17.8.1973;0;1
MEHTUR;1;13.4.1982;0;1
RAUK;2;8.6.1965;2;0
HATINUR;1;1.6.1966;0;1
NURZEZ;1;30.5.1960;0;1
HAPPEN;1;1.8.1953;0;1
NIFE;1;24.8.1972;0;1
SETDAL;1;26.9.1967;1;0
CEBEHI;1;4.9.1968;1;0
ABDULMATTALIP;1;7.6.1976;1;0
EZIRCAN;1;7.12.1942;1;0
MIRBOTAN;1;17.3.1991;1;0
NESVER;1;3.7.1955;0;1
SAHFINAZ;5;18.12.1950;0;5
EFETURGUT;1;12.2.1992;1;0
SUMERAL;1;3.2.1961;0;1
KINAL;5;18.8.1968;2;3
PEMBENAR;1;4.3.1983;0;1
NURLOVA;1;1.9.1977;0;1
IRFANILKER;1;12.2.1977;1;0
MUCERET;1;26.11.1981;0;1
CAIME;1;21.7.1966;0;1
HUTAMI;3;21.2.1963;0;3
HIBASINEM;1;30.4.1992;0;1
HILALDE;1;21.3.1970;0;1
SOSYAL;10;30.1.1975;7;3
ALINDA;1;5.12.1991;0;1
SAKIREN;1;12.4.1983;0;1
SELIFON;1;11.6.1978;0;1
BEBEKCAN;2;7.5.1964;0;2
ILMIDIR;1;20.12.1958;1;0
MIYE;1;27.8.1974;0;1
YESMINA;1;20.7.1970;0;1
SEHAY;2;22.7.1975;0;2
NAFIZAN;2;5.9.1961;0;2
NURSUT;1;18.3.1969;0;1
NIRCIL;1;14.8.1974;1;0
TOKEL;1;11.2.1958;1;0
SEVRIYETTIN;1;7.2.1964;1;0
HUSARE;3;2.5.1971;0;3
SUMREM;1;23.1.1978;0;1
MAHNOR;4;30.10.1952;0;4
LEDIMAN;3;19.7.1954;0;3
FILLA;1;12.9.1988;0;1
DURESIN;1;3.12.1968;0;1
YETERCAN;4;23.5.1973;0;4
MESGULEN;1;1.2.1971;0;1
NUVEYIT;1;21.4.1957;0;1
BIYA;1;1.5.1961;0;1
TURSUL;1;20.3.1965;0;1
NAZANDI;1;6.4.1937;0;1
TOKAL;2;30.11.1957;2;0
BURGEN;3;7.8.1968;0;3
LEMIME;1;7.8.1934;0;1
SUNDULAY;1;24.4.1972;0;1
GUNDUZAY;1;7.12.1969;0;1
MEHLA;3;30.9.1957;0;3
MILSEVER;1;24.4.1964;0;1
FAZER;1;13.3.1963;1;0
TEYMURAN;1;14.5.1942;0;1
GURBUZE;1;18.5.1941;0;1
MANHURE;1;6.3.1927;0;1
TULHIDE;1;25.11.1972;0;1
ASAGIDIL;1;2.3.1963;0;1
MELIHSAN;1;2.5.1944;0;1
MEVLUKAR;1;12.11.1971;0;1
MERVAHA;1;23.4.1938;0;1
NICASET;1;16.9.1952;1;0
MERUFA;1;1.5.1950;0;1
SOHLEN;1;9.4.1976;0;1
ATTILEN;1;17.3.1977;1;0
GULSEDEN;1;30.5.1955;0;1
FADENSER;2;15.7.1960;0;2
DILERCAN;2;21.4.1963;1;1
FELSUME;1;27.6.1962;0;1
ARNET;1;14.8.1965;0;1
GORDENIZ;1;3.2.1957;1;0
MUSALIH;1;27.7.1956;1;0
GULBEDIA;1;12.8.1935;0;1
INTAMI;3;24.1.1942;0;3
UMURAL;2;8.5.1970;0;2
AVUZ;1;17.6.1934;1;0
JANNETA;1;16.5.1952;0;1
SECIRI;1;16.11.1956;1;0
FIRDESI;2;20.7.1957;0;2
GELAN;1;26.2.1967;1;0
GULZUBA;1;7.3.1958;0;1
GUZUBE;1;21.5.1965;0;1
MUGLI;1;4.1.1949;1;0
ZUMRUYA;1;20.6.1966;0;1
VECINUR;5;27.1.1964;1;4
GUNDAN;3;1.4.1971;1;2
SAVIDIN;1;16.12.1955;1;0
DURCEHAN;1;28.10.1974;0;1
IRDVAN;1;6.6.1947;1;0
CUPRA;1;14.5.1977;0;1
BIBERI;1;5.12.1953;0;1
MALAHATTIN;1;11.10.1984;1;0
AYSEHIR;1;17.2.1936;0;1
RAFAKAT;1;16.11.1964;0;1
LITVAN;1;1.9.1950;1;0
CAMISET;1;9.2.1934;1;0
BICEYIT;1;12.2.1965;1;0
SUKURAY;1;9.3.1971;0;1
FAYDUN;1;9.12.1971;1;0
ZULDARLIN;1;22.11.1940;1;0
PEVRILCAN;8;2.7.1960;0;8
SURSEDI;1;4.6.1956;0;1
DUNYABI;2;28.8.1969;1;1
GULHUZER;1;16.8.1949;0;1
FERIZITTIN;1;30.11.1953;1;0
DURADE;1;20.2.1967;0;1
GUMFER;1;24.8.1970;0;1
BESAL;1;11.4.1961;1;0
YAYKIN;1;27.2.1992;1;0
MENFUR;3;3.1.1968;2;1
TERCANIYE;1;12.2.1947;0;1
NECIDAN;3;16.7.1954;0;3
SUFILAY;1;12.3.1978;0;1
ECILAL;1;26.6.1966;0;1
EFFEL;1;11.10.1975;1;0
NIMAY;1;11.8.1966;0;1
UKTEN;1;5.11.1945;1;0
FERDANAZ;2;22.9.1962;0;2
ISFANAR;1;6.6.1966;0;1
FERGUNAZ;1;26.7.1960;0;1
LIJDAN;1;1.12.1980;0;1
VETIH;1;2.4.1981;1;0
METYA;2;12.6.1969;0;2
TENFER;2;17.5.1958;1;1
NANFER;1;8.10.1938;0;1
NESEREN;1;17.2.1956;0;1
HUDAVI;2;20.5.1983;1;1
NESEAY;2;12.2.1979;0;2
MUSABIL;1;10.4.1953;1;0
EDINAY;1;17.4.1972;1;0
TENNURIYE;1;24.9.1948;0;1
EDAYIYE;1;29.1.1974;0;1
SEZARIYE;2;7.6.1957;0;2
MARIFER;2;14.9.1974;0;2
ERDINAZ;1;7.5.1964;0;1
KATRI;6;12.4.1952;5;1
MUJIHAN;1;24.5.1959;0;1
VERAHATTIN;3;21.7.1962;3;0
MUNISEL;1;8.7.1950;0;1
MUTAMIYE;1;21.7.1933;0;1
CEMAHATTIN;1;14.4.1953;1;0
PAPBA;1;26.8.1940;0;1
MEVLIKAR;1;24.5.1952;0;1
BEYIHA;1;22.9.1954;0;1
NALIDE;1;8.10.1971;0;1
DUYSU;1;7.10.1991;0;1
DURJALE;1;20.5.1962;0;1
TURCEYN;1;6.2.1945;0;1
NESLET;3;26.8.1967;3;0
MEFASI;1;16.3.1962;1;0
IZGUR;1;16.11.1957;0;1
KAYRAL;1;10.7.1947;1;0
KIBA;4;30.6.1956;0;4
BEYCIHAN;1;17.4.1942;0;1
HARITDIN;1;13.3.1963;1;0
SINAZIYE;1;21.10.1981;0;1
NANEFER;3;8.1.1962;0;3
AHBEGI;1;17.3.1978;0;1
MUTANI;1;21.11.1945;0;1
MUTAMI;2;3.9.1950;0;2
FELEKSEN;1;21.10.1981;0;1
GURDAY;3;17.12.1980;3;0
ZEBE;2;4.10.1959;0;2
INISE;4;1.5.1948;0;4
PAKIZEL;1;17.5.1966;0;1
ILKARAZIM;1;2.7.1981;1;0
YASAMIL;3;9.10.1964;0;3
MIRFIDEN;1;2.8.1951;0;1
OMRIYA;1;2.9.1969;0;1
AHFEL;1;16.2.1956;0;1
ERDIMEN;1;4.5.1936;1;0
OMREL;2;17.7.1968;0;2
DUNNAMI;4;2.12.1965;4;0
USAHIR;1;7.2.1957;1;0
NURTENEM;1;1.7.1948;0;1
NAYILEN;1;24.10.1966;0;1
SAVVET;2;1.9.1959;2;0
NARRUFER;1;24.1.1955;0;1
DURFEKIL;1;1.11.1946;1;0
BALAYSE;1;11.12.1963;0;1
SESSENE;1;8.7.1953;0;1
ZEKINAL;1;21.10.1977;1;0
DURSAHIN;3;19.4.1962;3;0
ECIMAN;2;15.5.1960;1;1
NESNUR;1;22.5.1973;0;1
PERIYYA;1;18.11.1973;0;1
NUTUBE;1;20.12.1944;0;1
NICATTIN;3;13.8.1949;3;0
DISANETTIN;1;26.5.1958;1;0
NAGIHE;1;3.1.1965;0;1
SEVCIHAH;1;7.6.1958;0;1
MEMHA;1;1.12.1948;0;1
SAHISLAN;1;7.10.1944;0;1
IMHA;1;4.3.1952;1;0
DUNYAMUN;1;23.4.1972;1;0
TIMSAR;1;11.3.1951;0;1
MEVLUKA;1;16.5.1949;0;1
MUCEVITTIN;1;2.5.1957;1;0
BESALAT;1;14.10.1956;1;0
GULVIYAZ;1;28.11.1930;0;1
ZUMRUK;2;9.8.1963;0;2
ERWIN;2;23.11.1988;2;0
TUREBEN;1;1.1.1943;0;1
MEVCIYAN;1;15.6.1967;0;1
OKDEL;1;6.6.1974;1;0
MUSTAFABEY;1;20.11.1961;1;0
SUFOYLA;1;30.10.1970;0;1
GULEYREN;1;26.5.1944;0;1
HASELE;1;26.11.1968;0;1
MUKRABIL;1;13.3.1962;1;0
DURAYSE;1;4.6.1927;0;1
HAZZERTTIN;1;21.11.1959;1;0
NEMEHA;1;16.9.1947;0;1
FELEKZAN;1;16.9.1957;0;1
URFAY;1;11.2.1962;0;1
HAVANAY;1;22.2.1967;0;1
MERDOGAN;1;9.10.1958;0;1
MANHAR;1;7.3.1958;0;1
NEZLIGUL;1;1.8.1956;0;1
GIZINI;1;17.6.1936;0;1
FERAG;1;6.8.1973;0;1
YARGUL;5;16.7.1966;0;5
MUCELLEF;3;22.1.1970;1;2
PEMBENAZ;16;15.2.1972;0;16
CEGFER;1;17.5.1954;1;0
CANRE;1;1.9.1984;0;1
DILDARIYE;1;26.4.1945;0;1
HURDEVSI;2;8.6.1952;1;1
KOKILI;1;6.12.1968;1;0
GULLES;2;9.2.1977;0;2
SENEZIYE;1;20.8.1970;0;1
RESULUSLER;1;26.11.1967;1;0
GULPESEN;2;20.10.1945;0;2
RAMSE;1;29.6.1971;0;1
UTAMIYE;1;17.10.1948;0;1
HAVSEL;1;13.8.1938;0;1
SALAHIYETTIN;1;22.3.1943;1;0
TUGNA;1;25.7.1981;1;0
SUZEMBER;1;6.11.1970;0;1
SERGI;5;17.10.1971;1;4
MERKOZA;1;5.12.1969;0;1
SENURAY;1;20.5.1973;0;1
MEVLIKER;1;7.7.1946;0;1
PILOZ;1;21.4.1959;0;1
ULFETI;1;9.2.1929;0;1
GUZERIYE;1;29.5.1981;0;1
GULFENDE;2;27.9.1957;0;2
CEMSET;4;6.5.1957;3;1
MINNABI;1;22.7.1937;0;1
GULEYRE;1;29.2.1953;0;1
EDAYI;4;28.1.1971;1;3
GULPAZIYE;2;27.5.1974;0;2
FAHRIYAN;1;22.7.1942;0;1
MUREBETIN;1;14.10.1942;1;0
ICIRAL;1;13.6.1960;0;1
PAKIZEN;3;24.11.1946;0;3
CILAYI;1;17.2.1954;0;1
SEHEYYA;1;22.4.1939;0;1
FERIYADE;1;13.9.1963;0;1
ORHI;1;25.9.1953;1;0
FIZDAN;1;17.3.1946;0;1
GUTBEDDIN;2;28.10.1974;1;1
SAINDER;2;10.10.1962;0;2
ASLIDEVRIM;1;2.6.1977;0;1
DERINKURT;1;20.8.1977;1;0
TURCEGIN;1;7.6.1952;0;1
FERDIHA;3;4.2.1952;0;3
ZHANIYA;2;30.4.1967;0;2
ZUHRAYE;1;6.3.1960;0;1
CENGILAY;1;1.4.1982;0;1
TULFE;1;3.5.1991;0;1
NITAY;1;3.5.1960;0;1
KENCE;1;18.12.1982;1;0
SERNISA;1;25.3.1975;0;1
MERSOY;1;7.11.1964;0;1
ALIEKSAN;1;16.5.1965;1;0
NINNUS;1;12.7.1965;0;1
GULEDERN;1;6.6.1970;0;1
SAHIDISER;1;16.4.1941;0;1
GULSAHINAZ;1;7.10.1976;0;1
NAFINAZ;3;28.6.1956;0;3
ERINAZ;2;30.8.1967;0;2
GULKORA;1;8.10.1952;0;1
ADALETIYE;1;25.6.1956;0;1
GULYANAR;3;15.12.1961;0;3
EMINENAZ;2;18.2.1955;0;2
NALUFER;2;23.5.1949;0;2
NERKAY;1;21.7.1972;1;0
NINEOL;1;21.4.1953;0;1
GUZEDIYE;2;22.4.1940;0;2
OZBOY;1;4.4.1985;1;0
HASRAF;2;18.12.1963;2;0
SEVSAR;1;11.2.1951;0;1
MUZEVIYE;1;29.3.1956;0;1
MEHMIZAR;1;14.2.1947;0;1
ZUZEL;1;23.2.1967;0;1
GULNAFIZ;3;22.7.1938;0;3
KUREM;1;23.6.1990;0;1
IBNISUR;1;4.12.1962;1;0
MEJRA;1;16.5.1970;0;1
KONCEL;3;10.7.1967;0;3
HURIYESIN;1;17.7.1954;0;1
NURBURCAK;1;12.2.1983;0;1
GULSUNAZ;2;18.8.1975;0;2
MUABIRE;1;17.4.1936;0;1
SEVNIHAL;1;11.10.1964;0;1
MUNNAMI;1;9.4.1960;1;0
SAYDINAZ;13;24.12.1956;0;13
BERALP;1;24.4.1965;1;0
NAFES;1;8.11.1952;1;0
LEVAR;2;19.10.1955;0;2
NAZUREN;1;1.2.1961;0;1
CEMSAFAK;1;18.10.1973;1;0
SANVERREHA;1;24.8.1965;1;0
MUGER;2;24.9.1973;0;2
HALETE;1;22.8.1925;0;1
FERISDA;1;24.7.1953;0;1
NERINDER;2;14.10.1966;0;2
MURSINIYE;1;29.8.1974;0;1
GUNNEVIZ;1;29.2.1967;0;1
HOSNANE;1;6.5.1967;0;1
YUKSELECEK;1;1.10.1946;1;0
GOLNAR;2;17.2.1942;0;2
NEJIHAT;1;14.3.1956;0;1
SAZINAN;1;27.2.1941;0;1
YENIN;1;6.6.1980;0;1
NURRAHAN;1;12.5.1949;0;1
MUSAY;4;1.5.1970;3;1
OYIL;1;25.10.1988;1;0
ALDORAY;1;14.6.1980;1;0
ISLENGER;1;28.4.1956;1;0
SAZIYEN;1;1.7.1961;0;1
GULHOR;1;7.8.1972;0;1
URHIDE;1;22.9.1936;0;1
CIVANSER;1;1.1.1960;0;1
VIDAYE;1;5.9.1940;0;1
FEYZAR;1;21.2.1941;0;1
CELALEDDINI;1;23.7.1960;1;0
KANBERK;1;12.2.1987;1;0
CUMADIYE;3;20.4.1977;0;3
GUNNAVIL;1;19.1.1951;0;1
LEVLA;3;21.6.1966;0;3
SUNAPER;1;26.4.1975;0;1
URKIDE;1;13.1.1983;0;1
SEVNI;2;21.1.1971;2;0
ZELVIN;1;12.9.1979;0;1
VASFINAZ;1;10.1.1980;0;1
GUBARI;1;17.11.1955;0;1
ELMUNTEKIN;1;22.2.1981;1;0
GULNESIYE;1;20.3.1957;0;1
MURTAZIM;4;29.9.1975;2;2
LAVIN;2;16.12.1979;1;1
HURALP;2;18.9.1982;2;0
SAHADIYE;4;9.7.1963;0;4
BEZCAN;3;25.4.1979;2;1
TAYARE;1;27.2.1926;1;0
ZEKRULLAH;1;17.5.1969;1;0
MUZAHHERE;1;11.11.1926;0;1
AFILAY;1;29.10.1961;0;1
HACELET;1;2.3.1957;1;0
UNIL;1;17.8.1990;0;1
NIHALIYE;2;22.6.1953;0;2
RUMYA;1;27.5.1962;1;0
MERTALP;1;1.9.1978;1;0
AZIRETIYE;1;1.8.1968;0;1
IRAZANA;1;17.3.1948;0;1
KHUMAYA;1;27.3.1952;0;1
ADELETDIN;1;2.7.1950;1;0
MIHRENUR;1;8.4.1974;0;1
HAZINULLAH;1;18.2.1984;0;1
SIBIDE;3;18.1.1940;0;3
ALISMAIL;1;12.9.1965;1;0
SAVES;2;6.8.1966;0;2
MIRIYAT;1;2.1.1945;0;1
PAYDEM;4;27.2.1973;0;4
KUNAR;1;17.12.1936;0;1
MEJMUN;1;8.7.1957;1;0
PADEM;3;24.2.1949;0;3
NASTER;1;14.12.1952;0;1
BEYZER;1;23.1.1964;0;1
VICADIYE;1;10.12.1953;0;1
MUNEYYE;1;4.4.1954;0;1
GULHIDAYE;1;18.6.1952;0;1
CANFEZAN;1;11.1.1932;0;1
BUKSEN;1;12.2.1976;1;0
MAHIRAZ;1;30.5.1972;0;1
NILFERIYE;1;30.2.1964;0;1
AKSIYE;3;21.6.1961;0;3
VICKI;1;15.2.1972;0;1
CANAYIR;1;16.11.1946;1;0
KUDAN;1;1.6.1968;1;0
TAMERAY;1;18.11.1978;0;1
SELIMIYA;1;11.6.1951;0;1
ELTURIYE;1;15.12.1973;0;1
GINNUR;2;24.6.1975;0;2
MUZAVIYE;1;27.8.1920;0;1
GULHIDA;3;19.2.1936;0;3
OMURUZAN;2;17.9.1956;0;2
BOBECAN;1;1.3.1968;0;1
ISLINAZ;1;7.10.1951;0;1
VEHHEP;1;2.3.1939;1;0
NUFIZE;1;25.10.1976;0;1
HURUBET;4;10.9.1955;0;4
FEDTAH;2;8.7.1971;2;0
NUZICAN;1;21.6.1937;0;1
HECDAN;1;20.7.1956;0;1
GULNAZENDER;1;14.2.1990;0;1
SAHADI;7;15.10.1959;7;0
CIHANFER;6;20.3.1976;3;3
TERNUL;1;21.8.1954;0;1
SEHNINAZ;1;28.5.1939;0;1
SAHALET;1;4.10.1967;1;0
SUMURAY;1;22.4.1961;0;1
HECA;3;29.5.1962;0;3
NACID;1;28.2.1950;1;0
UMMURAY;1;7.6.1989;0;1
GUNNAVIZ;1;19.10.1963;0;1
OSNAY;1;17.7.1972;1;0
ECMAN;1;7.8.1940;1;0
NESVIDE;1;12.2.1959;0;1
UKIZE;1;21.12.1949;0;1
TEVABE;1;5.12.1950;0;1
KAZIBER;1;19.4.1959;0;1
NAFARIYE;1;1.11.1960;0;1
GULHIDE;1;16.2.1962;0;1
MESLICAN;1;7.2.1987;0;1
CAKAN;4;26.11.1973;4;0
GULNAHIYE;1;1.4.1961;0;1
HUMEYIN;3;17.4.1966;0;3
ADINEN;1;10.1.1974;1;0
MUCALYA;1;19.12.1971;0;1
DURFANE;1;21.6.1978;0;1
ANOL;1;10.4.1965;1;0
PAGIZE;3;13.10.1946;0;3
MERKUZA;2;3.9.1972;0;2
HATINEZ;1;20.11.1953;0;1
VERRAH;1;1.2.1968;0;1
SEVILINAZ;1;17.8.1942;0;1
PIRSANE;1;27.4.1949;0;1
BAHTIYER;4;25.10.1954;1;3
GARYAGDI;1;7.4.1946;1;0
HUMEYLEN;3;13.2.1974;0;3
HAYADIYE;1;6.6.1948;0;1
KUZEYFER;2;16.12.1980;2;0
MEHPARI;1;18.3.1956;0;1
PERDIYEN;1;18.7.1954;0;1
AMIFE;1;6.4.1956;0;1
GULVICAN;1;11.1.1965;0;1
SUZETTIN;3;18.1.1963;3;0
NECILAL;2;15.7.1961;0;2
FEVRUZAN;1;1.9.1960;0;1
HORREM;1;29.6.1930;0;1
AYTINAZ;1;25.1.1963;0;1
PEDER;9;2.3.1969;9;0
BANUAY;1;27.2.1986;0;1
CEDIGDE;1;7.5.1970;0;1
RIKNEDIN;1;26.10.1988;1;0
GURIYAT;1;29.1.1950;0;1
DURGIL;2;14.9.1964;0;2
YURDAKOR;1;9.3.1959;1;0
ULZEM;1;14.12.1989;0;1
YELIM;2;18.12.1984;1;1
BEYZACAN;1;7.7.1989;0;1
ZAFIRAN;1;15.10.1987;0;1
SEHMANE;1;7.11.1956;0;1
SELVUDA;1;22.5.1979;0;1
FERT;2;29.11.1974;2;0
NISVER;1;21.10.1969;0;1
MISIDE;2;5.7.1949;0;2
OMURIYEN;1;19.10.1960;0;1
GULDEVA;1;25.11.1987;0;1
ELDER;1;1.4.1982;1;0
MAHLIYE;1;22.10.1988;0;1
HARCAR;1;2.8.1962;0;1
SADENES;1;29.2.1966;0;1
MULAKAT;2;23.4.1943;0;2
SELETDIN;1;28.5.1947;1;0
SEFIKNAZ;1;13.5.1963;0;1
SALEHETTIN;4;17.8.1957;4;0
FETIBAYAN;1;29.8.1936;0;1
MEMNUR;2;11.2.1964;1;1
CEMAHER;1;8.2.1942;0;1
ISIME;1;10.5.1941;0;1
SAHANSER;1;22.8.1955;0;1
ZABINIYE;1;1.5.1956;0;1
ZAHLI;1;28.10.1959;0;1
AYCIYEN;1;2.11.1953;0;1
ELISAG;1;23.3.1972;0;1
VAHRI;2;9.3.1954;2;0
ABDULASIK;1;29.1.1960;1;0
BEYILCAN;1;15.11.1977;0;1
EMLIYA;3;11.2.1972;2;1
DURUYAZ;2;23.7.1960;0;2
ATASEN;3;3.3.1978;2;1
SEVALET;2;11.2.1972;0;2
ZULFIDA;5;10.9.1967;0;5
BUNYAGMI;1;7.10.1956;1;0
BEDIRIK;1;25.3.1969;0;1
DURTEN;1;24.12.1958;0;1
NILCEN;1;22.11.1971;0;1
SADINEZ;7;7.3.1971;0;7
LIDAYET;1;7.2.1970;0;1
ALIEMIR;1;29.9.1991;1;0
HERTALIYE;1;19.8.1942;0;1
DILAYSU;1;2.10.1987;0;1
FIZGAN;3;13.9.1966;0;3
AHNER;1;22.2.1949;0;1
GULFIDAYE;1;27.8.1938;0;1
RAMZAFER;1;6.3.1970;1;0
KIBET;1;5.2.1963;0;1
MURDIN;1;26.5.1975;1;0
ZEYAUDDUN;1;27.10.1933;1;0
HORUMEN;4;3.1.1966;0;4
ZITTIKE;4;17.7.1964;0;4
SUBALE;1;24.6.1949;0;1
CELNUR;1;18.10.1972;0;1
DURSANI;2;24.2.1968;0;2
EAYLETTIN;1;22.2.1979;1;0
TEREL;1;6.12.1974;1;0
AKIYYE;1;17.4.1918;0;1
BUNES;1;25.5.1991;0;1
NECIFER;2;27.11.1965;0;2
OKDAN;2;11.4.1959;2;0
SIRINSEL;1;12.11.1985;0;1
SERAHI;5;27.1.1962;1;4
EYLULE;4;28.2.1960;0;4
ONURSAHAN;1;15.6.1990;1;0
SUDEYKAR;1;17.2.1948;0;1
GULFEDAN;2;24.4.1972;0;2
SAVATTIN;3;29.9.1954;3;0
RUSUDANI;2;21.4.1966;0;2
YASLA;1;15.12.1967;0;1
MECIMAN;1;30.1.1950;0;1
VESILIYET;1;2.2.1975;0;1
PIRSAN;6;29.5.1960;0;6
PENBENAZ;6;12.2.1966;0;6
DILIFAR;1;17.2.1966;0;1
SUNAYGUL;1;18.4.1972;0;1
MUCUGAN;2;15.9.1959;0;2
YUNUK;1;17.12.1990;0;1
REKEN;3;12.5.1982;3;0
HEDBE;3;7.3.1966;0;3
MAHAR;4;1.2.1960;3;1
MERTUN;1;17.4.1960;1;0
CAHARSEN;1;2.2.1957;0;1
ULKUZEN;1;7.12.1979;0;1
SAYGUNER;2;3.6.1979;1;1
UNDAR;5;22.6.1943;5;0
TOKTAMIS;2;12.3.1968;2;0
BUHRATTIN;1;13.6.1939;1;0
ZEYGUN;1;7.3.1964;0;1
MAKMILA;1;13.5.1964;0;1
ERESIT;1;20.2.1960;1;0
INFITAR;1;11.11.1988;1;0
TUMUCUN;1;30.1.1950;1;0
ABDULMENAM;2;1.9.1968;2;0
MURSITTIN;4;3.2.1952;4;0
MEKERIYE;1;21.11.1961;0;1
TANARYA;1;8.9.1974;0;1
GURRIZ;2;21.9.1979;0;2
FEROZAN;3;13.1.1963;3;0
TUNZILE;3;13.5.1955;0;3
TIM;1;5.2.1991;1;0
YASAYI;1;8.7.1967;1;0
DEMRIYE;4;12.1.1944;0;4
GENADI;1;27.5.1991;1;0
SENALDIR;1;14.3.1950;0;1
ARMELLE;1;13.4.1947;0;1
HENNY;1;24.5.1968;0;1
VENDY;1;14.11.1969;0;1
NEYLIGUN;1;2.5.1980;0;1
SEBRAY;1;16.1.1968;0;1
HUSSA;8;28.7.1965;0;8
MUGALETTER;1;26.4.1959;0;1
DURZANE;1;13.5.1985;0;1
BELVA;4;25.6.1964;0;4
ALPBEY;1;26.7.1986;1;0
FICRIYAN;1;1.5.1949;0;1
MUDURES;1;16.9.1967;1;0
IZCI;1;10.2.1937;1;0
AYPIRE;1;7.4.1976;0;1
KADIRGIN;1;8.1.1963;0;1
FERANDUR;1;2.10.1954;1;0
FETENET;1;6.6.1958;1;0
NADIP;2;2.11.1950;1;1
AYYAN;2;15.12.1961;2;0
MINIHAT;1;1.3.1943;0;1
NURUHET;1;9.3.1952;0;1
NERUL;3;18.12.1961;2;1
ONURSOY;1;4.3.1972;1;0
ESMENAZ;1;11.6.1973;0;1
BAFIDA;1;7.3.1970;0;1
NECYAN;1;2.3.1955;0;1
HALUC;1;13.10.1950;0;1
ATAKIZ;1;23.2.1962;0;1
GULHASIM;1;21.4.1970;0;1
MUZAFFETTIN;1;18.7.1945;1;0
MEDAHIN;2;11.3.1947;2;0
CEMIR;2;17.11.1970;1;1
KENAL;3;18.9.1966;3;0
HERDARIYE;1;15.10.1971;0;1
OLI;2;27.5.1959;1;1
DURFEN;1;27.5.1963;0;1
TOSCA;1;1.8.1938;0;1
SERIFINAZ;1;30.2.1948;0;1
SIDAK;1;12.8.1941;0;1
KARTEN;3;28.3.1945;0;3
TURKGOR;1;26.9.1941;1;0
FATMACICEK;1;28.2.1938;0;1
PEHRIZEN;1;26.7.1948;0;1
SUMRUT;1;17.6.1954;0;1
CAMARFER;1;6.8.1956;0;1
NILFIN;1;9.7.1973;0;1
BEHIMCAN;7;15.6.1961;0;7
KUFEYLA;1;29.2.1938;0;1
MEZIYAT;3;7.9.1960;0;3
HAVASER;5;4.2.1966;0;5
YEKTAME;1;8.3.1944;0;1
SONDANE;1;24.5.1972;0;1
NAZCAN;4;14.8.1982;0;4
URHANE;1;1.4.1973;0;1
YUMRAY;1;30.5.1950;0;1
NACISER;1;23.5.1966;0;1
MULHIDE;1;14.10.1954;0;1
SABGUTULLAH;1;29.12.1968;1;0
SUNEYKE;2;5.11.1954;0;2
DANTE;1;22.6.1942;1;0
NURINDI;1;12.4.1953;0;1
RIITTA;1;17.1.1966;0;1
CAFIZER;1;25.7.1952;0;1
UCANSU;1;4.2.1983;0;1
SAGBIR;1;7.7.1946;1;0
BAHARDIYE;1;29.9.1962;0;1
MERZUBA;1;4.2.1979;0;1
GIRGINC;1;30.5.1936;1;0
FAVIKE;1;11.6.1953;0;1
AKINSER;2;2.5.1974;1;1
ILIYYE;1;17.5.1972;1;0
EDEVYE;3;13.12.1963;0;3
DINEKE;1;1.7.1948;0;1
NUFEYDA;2;9.7.1978;0;2
SENTURIL;1;29.9.1958;1;0
SOFER;4;28.9.1955;4;0
FECILAN;1;30.4.1948;0;1
UMMUSIYE;1;16.3.1958;0;1
ALIIHSAL;1;7.2.1952;1;0
SAFLATUN;1;17.2.1960;0;1
DOKTUR;2;15.10.1966;1;1
SUMBULTER;2;27.5.1958;0;2
MUTADIL;1;7.2.1952;1;0
DILEDIM;1;27.3.1974;1;0
VICDEM;1;27.6.1962;0;1
HABINAZ;8;23.10.1964;0;8
IMLA;4;11.12.1968;1;3
HULYADIYE;1;2.3.1975;0;1
FERISTAHGUL;1;21.2.1963;0;1
NAHISER;1;2.11.1963;0;1
ETINAZ;1;21.11.1957;0;1
BIGCANBEY;1;22.9.1976;1;0
HASABIYE;1;7.5.1946;0;1
NUVAZI;1;22.3.1937;0;1
ZATETI;1;9.3.1941;1;0
GORDAL;4;30.9.1976;3;1
AFIKA;6;4.6.1945;0;6
HIDANSER;1;28.7.1948;0;1
MURDEBIL;1;13.1.1962;0;1
NECIMEN;1;3.11.1939;0;1
DERPIL;1;21.1.1968;0;1
DIAVER;1;1.3.1967;1;0
ISTAN;2;12.12.1980;0;2
SUMELE;1;26.8.1976;0;1
ARSEVER;2;11.12.1975;2;0
GUNISE;1;1.8.1963;0;1
MUZARETTIN;1;1.10.1952;0;1
FECAZ;1;24.4.1967;1;0
FERIZDE;1;23.1.1967;0;1
MUHAMMETZEKI;1;16.12.1986;1;0
TAALLI;1;17.12.1972;1;0
DURUHANIM;2;20.9.1969;0;2
NAFINE;2;16.9.1956;0;2
HURSET;1;2.3.1959;1;0
EZAYETTIN;3;12.12.1961;3;0
TOLER;1;11.7.1986;1;0
GULZIYAN;1;26.2.1953;0;1
VIGE;1;1.1.1972;0;1
MEKIRE;2;15.1.1959;0;2
MULKERIM;2;15.4.1937;0;2
CAGLARDA;1;5.2.1983;0;1
DUHYAN;1;6.5.1963;0;1
CEMIHAT;3;18.5.1966;0;3
MUZEFET;1;4.9.1941;0;1
ABILMUHSIN;3;13.3.1958;3;0
OZENGIL;1;11.2.1963;0;1
UMURAY;2;1.4.1961;0;2
ELFANE;1;26.7.1948;0;1
ADILAM;1;3.10.1936;0;1
ZUMRAHIM;1;19.2.1966;1;0
ILYASIYE;1;23.12.1943;0;1
ABDILBASIR;1;27.2.1953;1;0
MIYAT;3;22.11.1959;3;0
FIRUL;1;18.6.1970;0;1
CAFEZ;1;4.2.1972;1;0
NECAZ;2;14.2.1969;2;0
GULPARA;2;17.1.1941;0;2
URUSET;1;25.4.1942;1;0
BINSAL;3;27.4.1966;1;2
KUTLEKNIGAR;1;18.3.1940;0;1
NECEZ;2;13.12.1962;0;2
EMDAN;6;26.5.1971;2;4
ULHARIYE;2;3.9.1958;0;2
SUNNUSE;2;30.2.1954;0;2
MUZAFATIYE;1;30.2.1933;0;1
DURYAZIYE;1;3.12.1930;0;1
ZUZEYE;1;3.8.1946;0;1
TERIDAN;1;26.12.1945;0;1
NEZNUR;1;18.2.1972;0;1
NURHAYYE;1;9.6.1963;0;1
MELIHAM;1;4.3.1950;0;1
GULGULIYE;1;26.3.1944;0;1
VAZIDE;5;18.6.1553;0;5
MESLILE;1;16.9.1951;0;1
HETTIYKE;1;26.3.1959;0;1
CEZMIYENUR;1;12.9.1986;0;1
ASKIDIN;1;2.4.1933;0;1
SAFAHATDIN;1;26.7.1965;1;0
MEFFEDE;1;23.9.1954;0;1
AZIKE;1;12.2.1935;0;1
GUCREN;1;27.7.1945;0;1
GURTIN;1;20.9.1940;1;0
MARDI;1;25.3.1937;0;1
HUCUP;1;16.6.1932;1;0
NECEHET;1;25.6.1957;0;1
MEYHUNE;2;13.5.1964;0;2
PIRLIBEY;1;22.9.1976;1;0
ERTAF;2;27.1.1966;1;1
KIYASEL;1;17.7.1950;1;0
GULEVIR;1;21.7.1975;0;1
NAZENNUR;1;3.7.1948;0;1
SUZEZA;1;28.5.1940;0;1
ZEKBARI;1;24.7.1940;0;1
SALENDER;1;17.12.1960;1;0
ZABIRI;1;12.4.1945;1;0
SAYDINAS;1;9.3.1951;0;1
MERIYAL;1;14.1.1961;0;1
DURSAIL;1;27.6.1968;0;1
HORUBET;2;24.4.1953;0;2
YUCOL;1;22.1.1976;1;0
HUSMISAH;1;2.8.1933;0;1
PEMBINAZ;1;23.3.1973;0;1
MINESEL;1;21.6.1964;0;1
CANHAZER;1;23.4.1955;0;1
GUNULKER;1;26.3.1941;0;1
SUFIKE;1;2.5.1945;0;1
MEHMURA;1;27.7.1938;0;1
MUZAFERI;1;22.8.1925;0;1
MAYFA;2;29.12.1962;0;2
NEVMI;3;11.9.1961;2;1
SUNCUYE;1;7.4.1970;0;1
DURSUDA;1;17.3.1960;0;1
GULFIDAG;1;28.1.1959;0;1
DOMUS;1;13.2.1946;0;1
CELIHAN;8;1.10.1957;0;8
ONNER;2;28.2.1963;2;0
HERHUNDER;1;18.10.1969;0;1
SAFERIYA;2;5.5.1981;0;2
DURSAIT;1;8.7.1969;1;0
BEFRAL;1;1.2.1938;1;0
SUFRA;4;4.9.1959;0;4
SEZLAY;1;21.10.1960;0;1
ERSULUN;1;6.12.1973;1;0
SAKET;1;23.9.1930;0;1
HERISTAH;1;17.8.1954;0;1
CUCEN;2;12.11.1966;0;2
SEVLIN;2;7.4.1980;1;1
DURSALET;1;21.10.1980;1;0
HURGEZ;1;21.5.1974;1;0
MESRUHAL;1;26.4.1975;0;1
GULSEYE;1;12.5.1965;0;1
DUSANE;1;25.10.1957;0;1
SAFERI;1;1.10.1947;0;1
NEROL;1;23.2.1976;1;0
NAZINDAR;2;19.9.1955;0;2
SAHANZER;1;21.11.1961;0;1
HECUZ;1;7.1.1952;0;1
TESTAPBAY;1;7.3.1940;0;1
CEKEZER;1;3.12.1942;0;1
KERVANETTIN;1;11.3.1951;1;0
MUYEDEN;1;26.2.1957;0;1
SITEN;1;3.2.1979;0;1
SEMSER;1;26.3.1981;0;1
IRAFETTIN;2;8.11.1957;2;0
MUCASSAN;1;3.1.1962;0;1
SIMSA;1;12.7.1935;0;1
PIRIZAN;3;27.4.1964;0;3
MURCEN;1;12.4.1955;0;1
UNNER;3;28.4.1970;0;3
NARBER;1;30.5.1937;0;1
ELVERIYE;1;12.3.1935;0;1
ZECET;1;3.4.1942;0;1
FIKRIAY;1;17.3.1988;1;0
ZULHISAR;1;29.1.1953;1;0
ZAFERI;1;17.11.1942;0;1
ESERI;3;12.9.1964;0;3
TEMENDER;2;28.3.1941;2;0
MUCEYIT;3;10.6.1968;3;0
GUNHEN;1;10.3.1942;0;1
MEFRONE;1;21.11.1970;0;1
SABAATDIN;1;11.11.1953;1;0
UYKUNAZ;1;19.12.1964;0;1
CUMAHADDIN;1;27.8.1944;1;0
PIRAZE;5;14.1.1956;0;5
ZACIDE;1;13.9.1990;0;1
PIRINAZ;2;8.10.1954;0;2
KULPETTIN;1;17.2.1990;1;0
IFETI;1;27.8.1926;0;1
ILBEG;2;11.10.1964;2;0
GAYCEK;1;6.8.1954;0;1
SAMEZAT;1;6.7.1937;0;1
AHIZIR;1;23.5.1948;0;1
BALAKIZ;4;16.6.1937;0;4
UMMUGULSUMA;1;17.2.1972;0;1
GELTEN;1;9.7.1964;0;1
MUKKERRIM;1;19.5.1948;1;0
MENVISE;1;19.1.1948;0;1
PERISINEM;1;22.2.1961;0;1
SUHADIN;1;27.3.1950;1;0
ELFEZ;2;6.7.1936;2;0
NUSULHAYAT;1;15.4.1965;0;1
HUMRUSAIR;1;29.7.1942;0;1
NIRAZ;1;16.2.1941;1;0
HAZIMI;2;9.10.1973;0;2
MENTINAZ;1;19.6.1954;0;1
ZULDE;1;8.11.1934;0;1
BADISAH;1;20.4.1965;0;1
HADIKET;1;17.4.1954;0;1
FIGET;1;22.3.1973;0;1
HAMZERE;2;2.1.1956;0;2
SEVRETE;1;11.8.1979;0;1
ELBET;2;16.4.1979;1;1
ABDUCEBBAR;2;5.1.1959;2;0
RAYFETULLAH;1;12.8.1983;1;0
MUTAIRE;2;12.10.1948;0;2
MEHCEN;1;23.4.1962;0;1
MARIKIZ;1;2.6.1981;0;1
SIMSIT;1;11.5.1981;1;0
HEMES;2;5.8.1945;0;2
FILHIS;1;21.8.1966;0;1
ALIBALA;1;2.8.1927;1;0
GOKIHAN;1;2.3.1957;1;0
RAUUF;1;12.2.1959;1;0
RUHIME;4;24.5.1952;0;4
OBIDULLAH;1;18.8.1941;1;0
VAHDEMIR;1;17.3.1942;1;0
TURAZ;1;15.5.1971;0;1
KINANUR;1;22.8.1949;0;1
ESTIGUL;1;30.1.1979;0;1
GULSIBET;1;18.6.1951;0;1
SIRSIRIN;3;4.5.1960;0;3
BAGDABITER;1;7.8.1922;0;1
NECIZADE;1;6.5.1972;1;0
SEMANPERI;1;27.2.1956;0;1
MUHIRNIS;1;7.2.1946;0;1
PIRMEMET;3;25.3.1945;3;0
HUSNAR;1;25.12.1957;0;1
VETICE;1;27.11.1974;0;1
LIYAZE;4;29.6.1974;0;4
EMLIGAN;1;17.2.1966;1;0
TUTYAN;1;8.1.1970;0;1
NEIMIYE;1;27.2.1992;0;1
FEVDIYE;7;3.12.1954;0;7
SAGIYE;7;9.6.1959;0;7
MURUVAT;2;14.12.1943;0;2
RIYAYEDIN;1;6.10.1972;1;0
ELFU;2;6.9.1951;1;1
MUTEZEN;1;5.2.1970;0;1
NURTEBA;1;27.4.1986;0;1
RUSTAK;1;22.2.1961;1;0
MUPTAP;1;29.12.1967;1;0
MUHBEK;1;8.7.1970;1;0
FASIME;1;2.4.1933;0;1
SUSIK;1;11.5.1941;0;1
MABUBSAH;1;26.9.1963;0;1
YUSUFCIHAN;1;17.4.1992;1;0
TASIAN;1;2.8.1967;0;1
MULUCAN;1;1.3.1955;0;1
MEHMETRAIF;1;7.2.1946;1;0
MEMETSURI;1;21.6.1965;1;0
AROF;1;27.8.1926;0;1
SAGSIYE;1;8.6.1965;0;1
MAPHUS;1;21.2.1962;1;0
SOYLEMAZ;1;12.2.1983;0;1
CIDEEDDIN;1;12.5.1965;1;0
MULLINAZ;1;15.7.1953;0;1
ENSIN;2;29.1.1982;2;0
ELFESSIYE;1;24.5.1965;0;1
OMRENIYA;1;5.9.1975;0;1
KURDUSTAN;3;24.6.1971;0;3
GULSINET;3;13.4.1973;0;3
GULYETE;2;23.3.1969;0;2
MULSUMEN;1;8.5.1975;0;1
HERSEMI;1;22.2.1967;0;1
FEVZILLAH;3;18.4.1962;3;0
BELO;1;22.8.1925;0;1
SAVMIYA;1;1.6.1965;0;1
YIILDIZ;1;24.11.1981;0;1
ZEMISAN;1;26.6.1947;0;1
ABDULSIRIN;1;10.2.1988;1;0
SEMEM;4;14.6.1966;0;4
GENI;7;24.5.1955;5;2
IDDIS;1;7.7.1988;1;0
TEK;3;10.3.1978;1;2
RUKRETE;1;19.3.1973;0;1
REFIHGUL;1;12.5.1977;0;1
GULEYETER;1;6.4.1978;0;1
NURVAR;2;3.12.1962;1;1
RIDAT;3;12.5.1978;0;3
KEMERA;1;16.3.1955;0;1
CIMRI;1;21.6.1957;1;0
KARIR;2;15.1.1987;2;0
BEKCE;1;6.8.1948;0;1
CELALLITTIN;1;3.4.1956;1;0
NAZKANI;1;5.2.1957;0;1
SUFET;1;3.5.1983;1;0
MAYSEVER;1;7.4.1992;0;1
OZMETULLAH;1;20.11.1965;1;0
AKRIBA;1;10.1.1944;0;1
FESIHAN;2;17.10.1965;0;2
REFATTULLAH;1;22.5.1961;1;0
AYISHANIM;1;28.4.1932;0;1
SACIHE;1;14.4.1989;0;1
SETYETE;1;16.2.1974;0;1
ELFASYA;2;25.9.1967;0;2
LEMUN;8;7.11.1969;0;8
NEYZADE;2;18.2.1970;1;1
SARIZTAN;1;30.3.1962;0;1
FUDDEY;1;27.4.1962;1;0
SEBILLAH;1;25.9.1961;1;0
SEBIRLAH;1;22.2.1967;1;0
KUMLISAN;1;26.3.1978;0;1
SuPHIYE;1;21.4.1976;0;1
EDIK;5;18.8.1958;2;3
BERZENCE;1;17.10.1964;1;0
RIBABSA;3;19.3.1969;0;3
GUNESI;2;25.1.1926;0;2
ZANO;1;2.8.1975;1;0
SAKIRAN;3;7.2.1969;0;3
IKRAY;1;21.6.1970;0;1
UZULFET;2;11.4.1967;0;2
GULFEYFAN;1;9.3.1934;0;1
VAHTTETTIN;1;15.9.1968;1;0
INDIRIS;2;16.8.1968;2;0
REBABSAH;2;25.11.1960;0;2
SULEYMLAN;1;8.12.1991;1;0
HALIBETE;1;22.8.1955;0;1
NEZHER;3;16.11.1969;2;1
NOBET;3;13.3.1979;1;2
SEVIMGIL;1;1.12.1977;0;1
MOHLIS;1;11.4.1966;1;0
GEMSA;5;11.1.1971;0;5
SULUHAN;6;15.4.1958;0;6
MUHAREBE;6;19.1.1972;0;6
NUVEDDIN;1;27.2.1956;1;0
ABDRRAHMAN;1;2.3.1945;1;0
VEHBIA;1;9.4.1974;0;1
DEPREMZADE;1;16.3.1978;0;1
OZYE;1;1.5.1991;0;1
HAZAI;1;11.8.1991;0;1
HAMDULALH;1;24.4.1991;1;0
MULHAYIR;1;11.5.1960;0;1
HIYRATI;1;6.2.1944;0;1
HUMINA;2;3.6.1962;0;2
DILSAP;1;27.8.1920;0;1
FERICIYE;1;9.7.1954;0;1
FEVZEYE;1;2.3.1969;0;1
SARATE;4;9.8.1962;0;4
KETMESULTAN;1;3.7.1975;0;1
REFAKA;1;2.8.1957;0;1
SEMSIHINAR;1;2.4.1957;0;1
HAYLU;1;17.10.1960;0;1
MECLE;1;17.2.1966;0;1
NUFUSUYA;1;22.2.1973;0;1
GOLHANIM;1;21.9.1971;0;1
RAMETTULLAH;1;18.8.1958;1;0
ZURINAZ;1;24.8.1953;0;1
MULACEDDIN;1;27.10.1980;1;0
LIKANE;1;27.2.1950;0;1
ZERVISAN;3;23.9.1966;0;3
HAMSETE;3;20.1.1960;0;3
SEVGUH;1;27.10.1980;0;1
RUVAS;1;14.4.1950;0;1
PILMA;1;6.1.1986;0;1
ALIISMET;1;11.3.1951;1;0
BERDICEMAL;1;12.2.1947;0;1
IPELI;1;26.6.1955;0;1
SUHYET;1;17.11.1966;0;1
ASMAIN;1;7.6.1944;1;0
FUHFEDA;1;9.1.1976;0;1
FERHENDE;4;12.11.1945;0;4
EDRAL;1;21.8.1991;1;0
FORSON;1;16.6.1983;0;1
EBULMAHSUN;1;1.5.1937;1;0
PURTAKAL;1;17.2.1966;0;1
MIZKAN;1;12.7.1984;0;1
ABDULVUHAP;1;12.6.1971;1;0
ZEMZEN;4;17.10.1985;0;4
KEMBERTAS;1;17.5.1956;0;1
MIZBAK;2;27.3.1974;2;0
NIIZAMETTIN;1;22.9.1981;1;0
KESREDDIN;1;22.2.1973;1;0
GUNBEYAZ;3;22.6.1960;0;3
NIREMAN;1;22.6.1991;0;1
MERIF;1;27.3.1944;0;1
CESMAN;1;6.3.1987;1;0
HEBU;1;12.8.1929;0;1
NACEYE;1;16.7.1981;0;1
MUDDEI;4;30.2.1964;4;0
KEVSIRAT;1;22.4.1931;0;1
MUDAIN;1;18.6.1970;1;0
SUHUYLA;1;24.11.1988;0;1
CETI;2;8.4.1937;2;0
DEYARI;2;10.10.1946;0;2
ZERMI;1;6.10.1986;0;1
NEZBAH;1;18.4.1986;1;0
DIGERI;1;26.12.1977;0;1
SEPIKE;1;22.2.1967;0;1
MUTEAHHIT;1;2.4.1969;1;0
HUSNINIYET;2;19.4.1966;1;1
BERIKO;1;1.4.1967;0;1
BEDICEMAL;5;4.10.1964;0;5
SUSARI;1;30.3.1955;0;1
VESHETTIN;1;23.2.1967;1;0
AYRIL;2;17.11.1981;0;2
GURCICEMAL;1;27.4.1973;0;1
HIMAYAN;1;7.2.1946;0;1
RUBEYTE;1;6.7.1989;0;1
SEYIZE;1;24.8.1973;0;1
BAZIK;1;18.3.1978;1;0
HAMDU;2;8.10.1983;1;1
CEVRU;1;17.3.1939;1;0
GULSEP;2;27.8.1984;0;2
RUKKAYE;1;21.7.1987;0;1
SEREFAZ;1;7.2.1982;0;1
MAHRINAZ;1;2.3.1969;0;1
KESIPSAH;1;20.3.1942;0;1
CEDET;1;22.2.1967;1;0
MUDAYI;2;21.4.1974;2;0
AMIK;5;1.7.1950;4;1
ZINDISEMAL;1;1.2.1960;0;1
HALVINAZ;1;16.11.1954;0;1
GULMEHAR;2;2.4.1954;0;2
IMATTIN;3;21.3.1957;3;0
MITAY;1;12.1.1985;1;0
NEVIRYE;3;17.3.1975;0;3
TAILA;2;17.8.1972;0;2
KORKUTHAN;4;3.9.1970;4;0
URFEC;1;26.8.1961;1;0
NEKALET;1;6.3.1990;0;1
NECMULLAH;2;8.4.1978;2;0
ZERARI;3;1.11.1971;0;3
ABISEL;2;27.8.1972;0;2
MILAHET;1;2.5.1983;0;1
SEHEMIR;1;24.2.1955;1;0
SIMILHAZAR;2;14.11.1960;0;2
SUPHIZADE;1;17.3.1966;0;1
GELIL;1;27.2.1968;1;0
DIILEK;1;22.2.1991;0;1
NECMISABAH;2;25.11.1964;0;2
GILSEN;1;22.2.1991;0;1
DURSUM;1;2.11.1986;1;0
MUZBETTIN;1;7.10.1988;1;0
MARISAH;1;17.3.1990;0;1
MIZYET;1;2.2.1987;0;1
ABDULKADDUS;1;23.4.1962;1;0
ZERZE;1;2.2.1957;0;1
FELEKNEZ;1;6.1.1974;0;1
HURBINAZ;1;27.2.1974;0;1
KARIPSAH;1;2.5.1956;0;1
HAFIL;1;14.6.1964;1;0
GULYARI;1;13.4.1987;0;1
SUSTEN;5;29.11.1980;0;5
SEYLEM;4;22.8.1986;0;4
ILFIDAN;1;3.9.1977;0;1
YIKEN;1;21.11.1989;0;1
MUKUDDES;1;7.10.1982;0;1
HIZMETTULLAH;1;11.12.1982;1;0
MUSEYLE;1;26.10.1966;0;1
BAKIHAN;3;2.1.1975;2;1
YUNES;1;5.4.1973;0;1
ELIFSAH;4;28.4.1986;0;4
SECEVET;1;11.7.1979;0;1
EZBAN;1;26.7.1979;1;0
MUSBAHAT;1;26.4.1984;0;1
AZMATULLAH;1;17.6.1967;1;0
HASASEDDIN;1;11.3.1986;1;0
ZIPAN;2;1.7.1958;1;1
EYBETTIN;1;17.1.1971;1;0
SIRAYE;2;24.2.1969;0;2
KADAFFI;3;9.7.1988;3;0
CUHDI;1;1.3.1939;1;0
SAGBETTULLAH;2;18.4.1975;2;0
SEMINO;1;26.7.1943;0;1
SEREFENAZ;1;10.2.1980;0;1
MUREHHEL;1;8.6.1964;0;1
FAHI;2;12.4.1950;2;0
MUFAIL;5;30.7.1965;5;0
MASNA;1;1.3.1990;0;1
SANNI;2;12.9.1964;2;0
MUKESIM;2;13.6.1983;0;2
RIBASAN;1;7.11.1940;0;1
FINDISIMAL;1;17.2.1966;0;1
EMCER;1;30.5.1950;1;0
YUZLUNAZ;1;20.3.1965;0;1
HASSASEDIN;1;17.4.1959;1;0
TEMAMIYE;1;8.6.1991;0;1
ESKINE;1;18.4.1979;0;1
MILLIFER;3;14.12.1966;0;3
SAHSEY;1;27.2.1980;1;0
ZEHRINAZ;1;29.5.1954;0;1
PEVRISAN;1;23.9.1961;0;1
MILADDIN;2;23.2.1987;2;0
MUTEZAM;1;14.4.1974;0;1
RASMI;6;30.7.1955;5;1
MAHIBAT;1;4.2.1990;0;1
MESKIN;1;13.3.1983;1;0
ERKIME;1;1.11.1991;0;1
ESTABAN;1;7.5.1988;0;1
NOZI;1;22.3.1949;0;1
NURFESIYA;1;7.8.1988;0;1
YAPAR;1;16.2.1986;0;1
MAGRIRE;1;4.3.1945;0;1
SIMED;1;27.7.1986;0;1
SAMIYEZER;1;11.2.1981;0;1
BEFATTIN;1;22.12.1981;1;0
SIHRINAZ;1;12.5.1959;0;1
ZEYIDIN;1;6.3.1982;1;0
KUSAYIN;1;21.6.1976;1;0
MUHTABBER;1;13.9.1965;0;1
GAVER;2;2.1.1951;0;2
MEHOT;1;28.3.1974;1;0
KUBARYE;1;8.2.1980;0;1
NUFEYL;1;29.1.1980;1;0
VEHTETTIN;3;28.3.1962;3;0
SEHIP;1;7.2.1970;1;0
YUSREV;2;30.8.1978;1;1
BENIYA;2;27.4.1970;0;2
KOROGLI;1;27.3.1962;1;0
HIYMET;1;7.3.1968;0;1
GULFERYAZ;3;22.9.1944;0;3
VEFAEDDIN;2;4.10.1972;2;0
SEYIDMIR;1;17.10.1965;1;0
ESENYIL;1;21.3.1981;0;1
ALIMULLA;1;4.10.1990;1;0
SEMSISENA;1;2.6.1987;0;1
FAZLA;1;13.3.1943;0;1
HASIKE;2;12.5.1947;0;2
HAKIMSAH;6;2.9.1984;1;5
SEFUETULLAH;1;25.6.1966;1;0
SUBHANETTIN;3;23.12.1950;3;0
KEMILA;3;17.1.1964;0;3
HEYVETULLAH;1;2.2.1951;1;0
RUFETULLAH;1;4.6.1973;1;0
MUHBIDIN;1;25.5.1966;1;0
HIMSA;2;29.8.1974;0;2
MEHMETSAMI;1;22.9.1972;1;0
NURUEDA;1;22.2.1991;0;1
TURENC;2;1.3.1989;1;1
HURIYYETE;1;30.3.1944;0;1
BINNEVS;2;26.9.1965;0;2
VAZIR;3;22.11.1976;3;0
AMMIYE;1;7.2.1980;0;1
RIKYEDDIN;1;5.8.1961;1;0
MUBAVAL;1;25.6.1960;0;1
ZENEDDIN;1;3.8.1945;1;0
HUTIBAN;1;12.2.1965;0;1
SEDDEF;1;2.5.1975;0;1
MIYESIR;1;27.2.1944;0;1
M.KADRI;2;17.5.1936;2;0
ZIRKAN;1;17.8.1924;0;1
EMILHAYAT;1;15.4.1965;0;1
TAYYIF;1;29.8.1974;1;0
FUAYLA;1;25.5.1975;0;1
FESILA;3;23.3.1980;0;3
MERAKZEMI;1;22.2.1949;0;1
OZHILAL;1;26.1.1989;0;1
KIZPERI;1;14.11.1935;0;1
ZELFE;7;16.3.1957;0;7
MAHFURIYET;1;27.7.1982;0;1
MUZEYCAN;2;23.9.1968;0;2
GUNSIMA;1;27.2.1956;0;1
MERCIMAN;1;11.12.1974;0;1
FIDER;2;5.4.1987;2;0
RUSGETIYE;1;30.8.1950;0;1
RUZGAT;3;30.10.1945;0;3
CERDIS;2;30.1.1974;2;0
ZOZANIYE;1;27.4.1932;0;1
MENZINET;7;8.11.1971;0;7
NILDANE;1;14.3.1975;0;1
YAFIA;1;22.5.1960;0;1
LAMBIH;1;4.6.1962;1;0
UNFIYA;1;1.6.1965;0;1
BABURSELAM;1;25.12.1990;1;0
HALSIYA;1;2.6.1963;0;1
DANAS;1;24.4.1982;1;0
GOLIZER;1;8.6.1952;0;1
KESSER;1;28.8.1984;0;1
MUHARREH;1;26.4.1989;1;0
BASRAY;1;18.12.1940;0;1
M.ZULKUF;1;28.4.1944;1;0
MUNASIF;2;25.6.1972;1;1
MIYSER;3;18.3.1960;0;3
SESIGUZEL;1;20.11.1973;0;1
FUDAYI;1;2.6.1976;1;0
GOLEMDAN;1;22.5.1937;0;1
RUBESA;2;20.3.1960;0;2
YOLET;2;7.7.1983;0;2
KIRTAS;1;16.6.1975;1;0
DILBUZ;1;26.6.1971;0;1
KASIMSAH;1;7.3.1964;1;0
CERGE;2;9.8.1964;2;0
SUSLAN;1;16.5.1981;0;1
MURSIKA;7;20.1.1961;0;7
SEMSINEHAR;2;10.2.1956;0;2
KESIRET;5;12.12.1976;0;5
BARIKAT;1;26.3.1966;0;1
KARABAR;1;27.3.1950;0;1
HUSNUFET;1;11.9.1936;0;1
GULMEZET;1;30.9.1949;0;1
NIFSE;1;6.4.1937;0;1
MULKEZIM;1;30.9.1989;0;1
NERYEME;1;8.8.1964;0;1
MUSERREFIYA;1;6.12.1978;0;1
MUTEYYA;1;13.2.1990;0;1
MEYTULE;2;1.10.1974;0;2
AKILMEN;1;14.5.1974;0;1
GESER;1;6.3.1931;0;1
ZEMAHAN;1;12.2.1957;1;0
MISAFET;1;16.11.1974;0;1
DIAYETTIN;1;2.12.1973;1;0
CAIKE;1;16.5.1974;0;1
TALIGA;1;11.2.1954;0;1
KUFFETTIN;1;7.5.1958;1;0
MUZEZIM;1;22.3.1989;0;1
SEYFURU;1;1.4.1961;0;1
UNKEN;1;12.4.1959;0;1
HAVVER;1;1.6.1973;0;1
SARAYYI;1;18.4.1972;0;1
GULAPTUN;1;26.2.1973;0;1
NUFERDA;1;22.7.1991;0;1
KESIRAT;2;13.7.1985;0;2
MULTEZI;1;21.5.1984;0;1
GULIZZAR;1;15.4.1965;0;1
MERICAM;1;3.4.1973;0;1
ISAHAT;1;29.2.1962;0;1
NIFZICIHAN;1;16.10.1963;0;1
YASIRMA;1;22.3.1955;0;1
MESDANI;1;14.6.1950;0;1
SALIHHAN;2;12.2.1983;1;1
MUKADDEB;1;23.7.1983;0;1
NIFSIYA;2;15.5.1981;0;2
MIYEZZEM;1;24.5.1961;0;1
FASAL;1;12.4.1965;1;0
PERISINAN;2;14.8.1952;0;2
PASOL;1;2.2.1957;1;0
ZELILCAN;1;12.4.1965;0;1
MIMTAC;1;12.10.1986;1;0
MULEYHAN;1;27.6.1975;0;1
EDIKA;1;23.4.1974;0;1
MEKIYEDIN;1;7.11.1982;1;0
KOSOR;1;11.10.1961;0;1
HIDRETTIN;1;26.10.1976;1;0
CIDAYE;1;3.3.1975;0;1
SOHOYLE;3;17.6.1966;0;3
EBULHAYAT;1;29.2.1944;0;1
ULKUSEV;1;18.4.1972;0;1
ILLIZE;1;24.3.1943;0;1
SERAFTULLAH;1;7.6.1982;1;0
BIRUL;1;20.4.1989;0;1
MUSTESNO;1;2.5.1963;0;1
HUDAL;1;19.11.1980;0;1
KAYBOL;1;30.7.1977;1;0
TEMBET;1;1.8.1957;0;1
ZEYNUDDIN;4;6.10.1970;4;0
ALTINAKAR;1;12.5.1976;0;1
GULBICER;4;18.12.1965;0;4
ERKIYE;2;9.4.1957;0;2
MEHAMMED;2;1.4.1989;2;0
SUVADDIN;1;7.1.1982;1;0
HEREMSIYAH;1;17.3.1972;0;1
HAYHA;1;12.2.1941;0;1
SAGBETTULAH;1;26.10.1990;1;0
SOYDEM;2;6.8.1977;1;1
RUZKATE;1;2.2.1939;0;1
HEDAZET;1;10.5.1964;0;1
MENZUNET;1;22.7.1979;0;1
MULGAN;2;22.7.1974;0;2
MUAAS;1;8.5.1991;1;0
SIHEMIR;2;28.4.1969;2;0
EMIGULSUN;1;20.6.1979;0;1
ADOLI;1;12.8.1929;0;1
HULUKE;1;12.3.1941;0;1
MUSHAK;1;11.5.1971;1;0
GUNDOGU;5;5.5.1962;5;0
MIRZEYIDIN;1;17.4.1960;1;0
MIRSEYFETTIN;2;30.1.1945;2;0
EPENDI;1;2.12.1986;1;0
NAZEYET;1;27.2.1962;0;1
GULASEREN;1;26.12.1970;0;1
BENBIYE;1;21.11.1977;0;1
TOHFET;2;7.10.1976;0;2
SAGDIYAN;1;2.2.1957;0;1
HUNAVDAR;1;22.8.1925;1;0
DURNE;1;26.12.1966;0;1
HASRO;7;15.5.1943;1;6
SAHINAL;4;12.5.1975;1;3
MIMBAY;1;28.3.1990;1;0
GULUMBE;5;10.12.1969;0;5
CIHADIN;2;7.3.1957;2;0
ZUNNET;1;12.2.1971;0;1
NESRISAH;6;1.5.1973;0;6
EVEDIN;1;1.1.1970;1;0
KAKI;1;11.6.1951;1;0
SAINET;3;19.1.1962;0;3
SULALEDDIN;1;22.2.1955;1;0
VAILA;1;18.12.1958;0;1
MEZBIHE;1;1.12.1973;0;1
ESHABIYE;1;21.6.1967;0;1
HEPSI;2;21.1.1967;0;2
SUMEGE;1;22.10.1979;0;1
MAMIGA;1;23.8.1984;0;1
RUZKIYET;2;13.11.1947;0;2
SAIVE;1;20.9.1953;0;1
PIRIZHAN;1;2.4.1963;0;1
PAKIZETE;1;19.3.1954;0;1
NEYBET;2;13.7.1962;0;2
MULMINAZ;1;16.5.1959;0;1
DURENSEL;1;14.6.1965;0;1
RUHNIDA;1;20.9.1991;1;0
HAKINA;1;27.5.1979;0;1
FETIHAR;1;11.10.1957;0;1
SUPLI;2;21.3.1951;2;0
CEVHARAT;1;5.3.1927;0;1
NURDEHA;1;22.2.1967;0;1
ELFESIYYE;1;16.9.1987;0;1
ABUFIRAT;1;13.1.1985;1;0
MISADO;1;4.7.1933;0;1
MEHPANE;1;3.11.1989;0;1
NEBAHAL;1;7.2.1988;0;1
SAHMERVAN;1;4.1.1990;1;0
HAVAI;2;5.9.1956;1;1
SUAZDIN;1;1.2.1944;1;0
ABDULVAHAR;1;27.2.1980;1;0
IMAYETTIN;1;9.4.1976;1;0
GURHANAY;1;1.10.1983;0;1
AZZITTIN;3;6.8.1959;3;0
HASIMETE;1;9.8.1979;0;1
EDAMEDDIN;1;24.4.1964;1;0
DIYAZI;1;7.2.1964;0;1
RESVIYE;2;16.8.1986;0;2
EZHET;1;17.2.1954;1;0
FESEH;3;23.4.1959;3;0
YURDENUR;1;27.1.1938;0;1
SAHMUZAN;1;28.10.1967;0;1
YEZGUL;1;10.7.1975;0;1
MUSADAET;1;27.8.1980;0;1
MESAN;2;21.4.1967;2;0
ALPASRLAN;1;6.9.1984;1;0
SEYIDET;2;29.2.1971;0;2
KARATACTIN;1;21.4.1965;1;0
AYACAN;1;6.10.1990;0;1
UMMIKE;1;21.4.1982;0;1
ZULEHAT;1;18.4.1959;0;1
MAVHES;1;14.11.1969;0;1
FURUMAN;1;17.8.1930;0;1
FECREDIN;2;29.10.1985;2;0
DUDEM;1;17.10.1984;0;1
MUTILE;1;7.4.1971;0;1
FIRESET;1;12.2.1965;0;1
HICRITIYE;1;1.3.1942;0;1
YAVUZKARTAL;1;9.5.1960;1;0
SUTUYA;1;17.9.1972;0;1
ZEYNULABIDDIN;3;8.4.1967;3;0
FIRARO;1;24.2.1955;1;0
HUCRATTE;1;8.8.1983;0;1
MIRHO;2;2.7.1954;2;0
HAMUR;11;10.5.1964;0;11
KEBIRYE;5;11.2.1974;0;5
SENUHA;1;12.7.1939;0;1
TEKFIYE;5;15.12.1974;0;5
RISMIYA;1;11.6.1970;0;1
MUSLO;1;12.1.1929;1;0
HUREMEN;1;12.6.1958;0;1
BERZOR;1;16.8.1957;0;1
DOYA;1;1.10.1980;0;1
SORUNAZ;1;7.10.1964;0;1
HEDREM;2;26.9.1977;0;2
BINNEFS;2;12.12.1956;0;2
IHNAN;1;2.2.1981;0;1
TEVEKELI;5;2.8.1968;5;0
GOZGUN;1;14.7.1982;0;1
SUFEHAT;1;9.10.1985;0;1
HURSIME;1;27.3.1938;0;1
ABDULILAHI;1;30.8.1986;1;0
HUREMSAH;1;21.12.1986;0;1
VESHAM;1;17.8.1930;0;1
TUBAYE;1;12.6.1985;0;1
EBABETTIN;1;13.9.1959;1;0
GULLIHAR;1;26.6.1970;0;1
NEVCUVAN;3;27.2.1963;1;2
MOLOR;1;12.11.1948;1;0
HEYFEDDIN;1;12.2.1965;1;0
SINECEN;1;7.2.1982;0;1
YAPER;1;18.4.1982;0;1
TEBERUH;1;2.2.1975;1;0
KELOK;1;22.2.1955;0;1
ZUMRI;4;20.4.1953;2;2
NAFUZE;2;29.12.1968;0;2
TURKAS;1;17.2.1990;0;1
RIVZET;2;8.9.1957;0;2
ZUBEIR;6;17.9.1958;6;0
RUSE;4;13.9.1964;0;4
BEDAVNAZ;1;20.6.1954;0;1
ZIYASETTIN;2;26.9.1969;2;0
HAYBULLAH;4;15.10.1984;4;0
GEMUK;1;27.5.1946;0;1
HEYBULLAH;2;4.10.1969;2;0
DERDU;1;2.2.1969;0;1
RUBBABSAH;1;13.5.1963;0;1
SIYAHMED;1;3.8.1951;1;0
FETHALLAH;2;14.6.1954;2;0
IZZETTE;1;2.2.1957;0;1
SAHRADIBA;1;2.2.1979;0;1
KUTBET;2;29.8.1940;1;1
SELTO;1;16.11.1965;0;1
GUZIZDE;1;12.2.1965;0;1
PIRAZHAN;3;7.8.1959;0;3
MEUSUCAL;1;27.2.1962;0;1
OLICAN;4;20.8.1974;0;4
HILLA;2;17.6.1959;1;1
SEDEKA;2;28.12.1973;1;1
TECRI;4;2.9.1964;2;2
MUTESMA;1;12.2.1965;0;1
MUZFIKE;1;22.8.1931;0;1
OZLEHAN;3;11.2.1982;0;3
KALEMIYE;2;7.3.1949;0;2
MAHIPIRAZ;1;10.7.1952;0;1
SELBINEZ;1;2.6.1977;0;1
SERPA;2;11.7.1986;0;2
KALEMYA;1;6.6.1968;0;1
SAFIYETTE;3;17.10.1969;0;3
RINDIKAN;1;2.3.1989;0;1
MAHIPIROZ;14;6.1.1968;0;14
YEHNA;1;12.2.1959;0;1
MUNLAZIM;1;17.2.1960;0;1
ETEK;1;27.8.1980;0;1
CIFTEHAN;1;24.6.1942;0;1
METLIH;1;21.4.1971;1;0
MISSEHER;1;12.3.1965;0;1
MUYESSEN;2;7.9.1962;0;2
MUZETTE;1;29.3.1956;0;1
SEHAMIR;1;17.2.1960;1;0
HACIRETE;2;2.6.1982;0;2
SEDED;1;19.2.1960;0;1
ISTANBULLI;1;5.6.1945;0;1
MERZEDIN;1;26.6.1973;1;0
TAKYETIN;2;3.6.1961;2;0
HEMIRE;2;26.10.1965;0;2
GULCAMAN;1;26.3.1954;0;1
GULEMIZ;1;16.4.1973;1;0
HERDAME;1;8.4.1974;0;1
MAKPILE;1;2.6.1945;0;1
MAYPARUZ;5;30.2.1958;0;5
TELYAN;2;7.2.1964;0;2
BEKISE;2;12.2.1941;0;2
BAHTIKE;1;17.7.1929;0;1
MUKBIN;1;30.3.1992;1;0
SAHVI;1;15.5.1963;0;1
HAMDUSELAM;4;24.5.1974;2;2
HAPIKE;3;1.8.1939;0;3
MEYREMO;4;24.3.1957;0;4
ZILETHA;1;8.3.1946;0;1
CAY;4;22.9.1968;0;4
BINGOLBALI;1;22.3.1955;0;1
NEIFE;1;27.2.1950;0;1
AYIFET;1;7.11.1985;0;1
MAHIPURUZ;2;27.2.1956;0;2
KERIMO;1;27.2.1938;0;1
ULCU;1;29.8.1974;0;1
MEMDIHA;3;18.1.1956;0;3
VESA;1;30.8.1974;1;0
HUMRU;2;20.9.1951;0;2
SELBIYA;2;7.3.1968;0;2
ELMIDA;1;22.11.1991;0;1
HAMMDUSENA;1;22.2.1985;1;0
MISEVDIN;1;25.1.1953;1;0
FIRYASAT;1;7.5.1982;0;1
NEBUHAN;1;30.3.1982;0;1
MAYPERAZ;1;11.6.1955;0;1
BEDHEM;1;11.8.1959;1;0
MUTEBA;1;26.10.1964;0;1
ELSIM;1;19.5.1940;1;0
NEFISICIHAN;1;2.8.1981;0;1
DAGLI;2;27.12.1953;2;0
SEMTEMET;1;27.2.1962;0;1
SEDENAZ;1;7.4.1975;0;1
RAZIYETE;3;18.10.1959;0;3
BAHRE;2;15.12.1975;1;1
KAYTO;1;24.3.1937;0;1
EHYET;4;22.1.1961;4;0
KARIBET;1;21.4.1964;0;1
SUPHANEDDIN;1;19.4.1955;1;0
TERNAK;1;12.8.1935;0;1
SIROZDIN;1;7.2.1964;1;0
MEKMEDI;1;7.2.1964;1;0
MUKRIBAN;2;5.1.1969;0;2
SIMHAZAL;3;23.10.1973;0;3
NAI;1;27.3.1944;0;1
SABIBET;1;11.4.1950;0;1
MYASEMIN;1;1.10.1990;0;1
RUNAY;5;26.5.1975;1;4
EMIHA;3;4.4.1977;0;3
MUSTERA;1;30.8.1986;0;1
MAHPIRUZE;1;17.8.1924;0;1
ALMANC;1;17.2.1990;0;1
ZERCIN;10;18.11.1976;0;10
SAYGIL;1;12.12.1976;0;1
MUNSERI;1;17.2.1960;0;1
MUSTEZNA;1;24.9.1976;0;1
NECNA;2;26.1.1959;0;2
SEYLO;1;12.2.1934;0;1
HUBRO;1;18.8.1964;0;1
CAISE;1;22.1.1991;0;1
AMETULLAH;1;14.4.1987;1;0
GENZILE;1;5.6.1962;0;1
GULGENAZ;2;4.4.1985;0;2
GULZEYTUN;1;24.8.1974;0;1
ULMI;2;7.7.1958;2;0
FETILA;4;23.2.1942;2;2
MENNAR;1;30.11.1987;0;1
BABUT;1;27.8.1920;1;0
SEMSENDIN;1;18.3.1978;1;0
SENAYETTIN;1;2.7.1987;1;0
ESREVI;1;23.2.1967;0;1
GULSERAYI;1;29.3.1964;0;1
GENIMET;4;25.7.1968;0;4
AZIZZE;3;12.4.1955;0;3
GULUZZER;1;1.3.1955;0;1
NACIFME;1;6.6.1950;0;1
FERUHNAZ;1;2.5.1963;0;1
H.TELHE;1;30.2.1931;0;1
SENUHE;1;24.4.1949;0;1
TEVKELI;4;6.9.1969;4;0
NEZBIHA;1;12.11.1965;0;1
BAHANET;1;22.2.1967;0;1
ANIKE;2;10.5.1971;0;2
MERHUNE;1;11.12.1979;0;1
HAMSAN;12;16.11.1952;0;12
SAHADIYAN;1;17.2.1954;0;1
MUYYETTIN;1;27.2.1980;1;0
TESNA;1;7.8.1970;0;1
RUKIYATA;1;1.1.1982;0;1
MENSA;4;20.8.1963;2;2
NAHIFER;1;21.3.1977;0;1
SADIBENAT;1;12.4.1965;0;1
MIRAYE;1;23.9.1990;0;1
OSTEK;1;21.2.1982;0;1
ESBENDE;1;30.5.1975;1;0
DOLYA;1;18.4.1985;0;1
IRANSAH;1;27.4.1980;0;1
PERIZEMAN;1;27.2.1956;0;1
SEVDO;4;5.1.1939;4;0
MUCUBURRAHMAN;1;28.3.1974;1;0
BURVAN;1;17.3.1966;0;1
SECRA;3;24.1.1969;0;3
BILGUZEL;1;7.5.1984;0;1
SEVRAZ;1;22.2.1955;0;1
HERIKE;1;22.11.1955;0;1
BENAZIM;1;22.5.1991;0;1
SONTENET;1;16.6.1964;0;1
ZEKIRRIYA;1;7.2.1982;1;0
BEYHANET;1;4.6.1978;0;1
KARUBAR;1;4.5.1963;0;1
MILSEVDIN;1;2.2.1957;1;0
MALOR;1;17.7.1940;1;0
KIYALET;1;7.8.1946;1;0
PULLUCE;1;13.6.1964;0;1
HUBYAN;1;16.3.1982;1;0
KULLICE;1;11.11.1962;0;1
GULCAHIN;1;27.2.1931;0;1
FETHIHE;1;7.8.1916;0;1
HOBRE;1;2.6.1944;0;1
MUHSABETTIN;1;22.2.1967;1;0
MUSADIL;1;12.8.1929;1;0
KIRDO;1;30.5.1943;0;1
YILDIZNAZ;1;21.3.1974;0;1
SENIHA.;1;27.5.1980;0;1
SORUN;1;26.5.1966;0;1
HADDIKA;1;24.8.1960;0;1
MUHTEDDIM;1;11.12.1990;1;0
DILBA;3;10.11.1973;0;3
ZOZON;3;22.7.1976;0;3
HAVV;1;22.2.1961;0;1
MUSILLI;1;15.3.1953;1;0
MIFIT;1;22.2.1967;1;0
SEVHIDE;2;3.9.1966;0;2
M.TAYYIP;8;21.6.1947;8;0
HIBZULLAH;1;22.2.1985;1;0
IBHAN;1;6.12.1980;0;1
HAYSAT;1;20.10.1951;0;1
GARIPSIMA;1;27.2.1956;0;1
BISKIYE;1;22.2.1961;0;1
VAYGUL;1;12.2.1983;0;1
SELAMETA;1;14.1.1971;0;1
PILSAH;1;2.6.1987;0;1
MAHACERIM;1;23.11.1963;1;0
MUALIMAT;1;29.1.1958;0;1
MAYPEROS;1;18.4.1941;0;1
HAFS;1;21.6.1983;0;1
HELBET;1;2.1.1975;1;0
HALIPSAH;1;10.4.1986;0;1
HUMAIL;5;15.2.1972;0;5
SEBLIHA;1;27.8.1980;0;1
CERSUN;1;1.5.1976;1;0
LIYAEDDIN;1;7.7.1952;1;0
BIZDAN;1;16.4.1928;0;1
SENIFETE;1;11.3.1973;0;1
ABDULLAHEMRE;1;22.3.1955;1;0
AKDAS;1;27.2.1932;1;0
OZDOGU;2;17.11.1986;2;0
YUZUGULDU;4;17.10.1932;1;3
BINBELA;1;29.12.1977;1;0
DILHAT;3;18.11.1988;1;2
TOPDEMIR;2;24.10.1934;2;0
MUHTIKAR;5;29.4.1962;0;5
PURSOR;1;10.2.1946;0;1
ALIZAMAN;3;5.3.1971;3;0
ASUDIYA;1;12.2.1965;0;1
MEHPIRAZ;2;4.7.1959;0;2
ERDALBIL;1;16.1.1983;1;0
USAR;1;16.6.1934;0;1
NISICAN;5;14.5.1972;0;5
BIRGULEN;2;17.12.1968;0;2
TEZGONUL;1;1.9.1931;0;1
FERIKI;1;6.3.1963;0;1
BESIRET;6;28.12.1960;0;6
NEKIN;1;14.2.1991;1;0
TEBIP;1;17.2.1966;1;0
MAFIKE;1;1.5.1956;0;1
ELFESIA;1;1.12.1972;0;1
ABDULMENNA;1;15.12.1991;1;0
M.VELI;1;14.6.1953;1;0
HAMED;6;2.9.1950;6;0
HASFIKE;1;27.2.1932;0;1
ZUKUF;1;18.5.1966;1;0
ELEMSAHBANU;1;23.6.1947;0;1
BOZDAG;4;6.4.1940;4;0
ESKERIYE;1;12.2.1959;0;1
TOPLER;1;17.5.1978;0;1
SULTANHATMI;1;7.3.1958;0;1
NERFINAZ;2;14.4.1955;0;2
AVUZAR;2;22.6.1949;2;0
BAGIMSIZ;1;1.6.1971;0;1
FERIKO;1;6.12.1949;0;1
SABLI;1;3.11.1951;0;1
KARSI;4;1.6.1934;2;2
SUBHANI;2;13.9.1956;2;0
BAYHATUN;1;11.3.1932;0;1
MENDAL;2;7.3.1973;2;0
MAYPAROZ;5;28.5.1954;0;5
NURSIMEN;1;26.5.1952;0;1
DAGOGLU;1;12.5.1971;1;0
HOMLI;1;12.8.1923;0;1
MERKIKA;1;22.4.1973;0;1
HASEF;1;6.9.1990;1;0
AKBALIK;1;7.3.1934;1;0
MAHFIROZ;1;8.6.1934;0;1
ESMEIN;5;8.8.1962;5;0
CAIL;1;27.3.1956;1;0
BENLISAH;1;27.3.1956;0;1
GOLISAH;2;29.9.1965;0;2
SISALI;2;14.2.1960;2;0
HAKKIBABA;1;27.4.1936;1;0
KIVRIYE;2;9.4.1961;0;2
HALIIS;1;21.3.1988;1;0
MELINAZ;1;3.12.1985;0;1
CAPA;1;18.1.1947;1;0
MUHRUNAZ;1;6.7.1956;0;1
MOGRE;1;7.2.1952;0;1
BEHLAL;1;17.4.1954;1;0
GAZA;3;25.12.1957;0;3
ASLIHAT;1;8.4.1964;0;1
FILE;5;8.11.1961;0;5
ORFINAZ;1;5.3.1961;0;1
BINAYE;1;1.9.1982;0;1
HORIMELEK;3;30.6.1965;0;3
BAYSEVER;1;7.6.1976;0;1
EBUKESLIM;1;23.2.1973;0;1
GIZLAH;1;2.2.1975;0;1
ADAYI;1;11.11.1985;1;0
REFAKE;2;14.9.1971;0;2
TELDA;1;3.9.1988;0;1
MUSEYBET;1;12.2.1971;0;1
RAVERET;1;27.2.1956;0;1
SUKURYA;1;2.11.1975;0;1
ABDULFETIH;1;22.2.1991;1;0
SARISACLI;1;2.6.1968;0;1
MEVSUNET;1;1.5.1967;0;1
HAKKIMA;1;12.2.1965;0;1
ZEVYAN;1;7.4.1958;0;1
VECIRE;2;5.9.1962;0;2
ALDULHAMIT;1;21.9.1990;1;0
DAKO;1;7.2.1949;0;1
SENTANET;1;27.2.1956;0;1
MAYPORUZ;1;17.2.1948;0;1
FAGUL;1;22.4.1967;0;1
YARKAN;1;29.11.1978;1;0
PASAN;3;11.5.1951;2;1
SOSO;2;9.3.1964;1;1
HEMED;3;17.11.1956;3;0
RAYIYE;1;26.4.1971;0;1
BIRLES;1;16.10.1990;1;0
GULBAKAR;3;29.4.1946;0;3
ABDULHADIM;1;18.3.1966;1;0
HALIMNAZ;1;2.2.1957;0;1
RIVASAH;1;7.10.1964;0;1
ELYADIN;1;1.10.1965;1;0
SAHZEMUR;1;10.5.1940;1;0
AYFEDIN;2;19.7.1969;2;0
PURYANETTIN;1;14.3.1960;1;0
RUHSAY;1;12.3.1959;0;1
HUZEYFI;4;13.3.1953;4;0
JEMIE;1;18.1.1982;0;1
SEDIHAT;1;19.4.1948;0;1
MUCUP;4;21.12.1962;4;0
FERUMUN;1;28.3.1943;0;1
FATTAK;1;26.2.1947;1;0
PEHVIL;1;17.3.1936;1;0
RAHIMANA;1;2.3.1950;0;1
EMETULLAHANA;1;15.12.1948;0;1
MENDUYE;1;18.3.1955;0;1
MUHETDER;1;6.11.1974;0;1
SAGFINAZ;1;21.6.1941;0;1
ZILFANA;1;13.10.1976;0;1
GUNNAFER;1;1.3.1972;0;1
AFILIK;2;18.6.1938;0;2
BANUL;1;2.10.1991;0;1
METIC;1;22.2.1955;0;1
HALLAV;2;17.3.1942;2;0
BUKED;4;8.12.1968;0;4
MEFHIYE;1;29.7.1950;0;1
MIHRANA;1;17.5.1948;0;1
IRIME;2;21.9.1960;0;2
CAGSER;2;10.4.1984;2;0
ELIFEAYDAN;1;28.7.1981;0;1
MUCHIT;1;26.12.1969;1;0
YASSEM;1;16.9.1969;0;1
DURYAG;1;30.4.1960;0;1
MEVLUTYE;1;27.2.1956;0;1
KURDEN;2;24.3.1963;2;0
NURDAIM;5;23.8.1950;0;5
KARAYUSUF;1;2.5.1943;1;0
ZELFUNE;1;17.7.1977;0;1
GOLGU;1;13.5.1982;1;0
RUHANDE;3;14.5.1947;0;3
NEHIKA;1;9.5.1922;0;1
SEMBI;2;29.2.1937;0;2
PILET;1;24.10.1961;1;0
TAGAN;2;9.7.1988;2;0
GULSAZE;2;21.10.1970;0;2
MIYRIK;1;3.1.1963;0;1
SEKIYNE;1;3.8.1962;0;1
ASILLI;1;21.5.1934;0;1
MUGALLA;1;7.10.1980;0;1
ZURIYYE;5;2.11.1951;1;4
ZURMUDE;1;30.7.1950;0;1
KOTRET;1;17.5.1947;0;1
FAIZILET;1;16.7.1951;0;1
BAYRAGAM;1;11.12.1960;0;1
SABTIN;1;19.11.1951;1;0
NAYIYE;2;3.2.1952;0;2
BAYRAHAM;1;24.9.1952;0;1
GULYANAK;2;7.2.1969;0;2
HURKAYA;1;13.12.1965;1;0
LEYLIHA;1;26.3.1965;0;1
KAMUSA;1;14.8.1929;0;1
YASADURAN;1;16.11.1974;1;0
NUZKAN;1;24.4.1955;0;1
MUDDISANE;1;12.2.1941;0;1
IHSARIYE;4;17.1.1950;0;4
ZUBEGIDE;1;16.3.1959;0;1
HASKAT;1;29.2.1941;0;1
MASDI;1;28.6.1943;0;1
BURCIHAN;1;3.5.1956;0;1
RESBER;1;29.5.1987;1;0
CANKIBAR;1;20.12.1957;0;1
CUVERYE;2;9.4.1950;0;2
ULFENDIR;1;9.12.1952;0;1
CUFEL;1;18.12.1974;1;0
UHU;12;2.5.1952;0;12
MAYILIYE;1;2.5.1969;0;1
AVKI;1;1.8.1956;0;1
SIMIDIYE;1;17.4.1936;0;1
MAHALCAN;1;2.1.1945;0;1
UTKUYA;1;1.4.1959;0;1
ZEDAFE;2;9.6.1962;0;2
RAHIMEANA;1;7.10.1957;0;1
SEDEAT;1;21.2.1966;0;1
IMAMENVER;1;21.12.1982;1;0
ZEYNABANA;1;4.3.1969;0;1
ANSANE;1;3.3.1969;0;1
EFLATON;2;1.9.1957;2;0
GOYUSEN;1;2.1.1968;0;1
RAFETANA;1;2.4.1975;0;1
MOBE;1;11.5.1977;0;1
OGMAN;1;27.8.1968;1;0
SENLEL;1;6.4.1972;0;1
RIVAN;1;11.11.1979;1;0
ZILISAH;2;30.7.1953;0;2
NESAFETTIN;1;12.1.1968;1;0
NUHUTTUN;1;26.7.1978;1;0
ELIFHANIM;1;21.5.1941;0;1
REZAFET;1;13.3.1965;0;1
CANHUDA;1;21.9.1974;0;1
NISHA;1;4.12.1950;0;1
GUSULE;1;18.4.1982;0;1
MUADDIS;3;5.6.1941;0;3
ZOHRAANA;1;29.5.1971;0;1
ZULIGA;1;29.6.1953;0;1
RUHAYI;2;14.11.1974;2;0
SANBAS;2;26.11.1953;2;0
TAYBAANA;1;17.5.1970;0;1
MEHSAR;1;22.1.1955;0;1
BIRSENKARA;1;11.1.1963;0;1
MUHTAZIYE;2;10.11.1949;0;2
NEZBE;2;11.11.1942;0;2
FIGENHAN;4;3.7.1979;0;4
YURTTUTAN;3;2.10.1956;3;0
SUBAYLA;1;7.2.1970;0;1
TAYBENUR;1;7.2.1988;0;1
SAFINAT;3;22.1.1963;0;3
VELDUN;1;23.3.1942;0;1
MUHDIME;1;22.2.1949;0;1
KURKER;1;1.12.1978;1;0
HAMIYAS;1;28.1.1959;0;1
GULFARIS;3;16.6.1953;0;3
UNLUTURK;1;2.6.1975;1;0
LIYLI;1;11.11.1967;0;1
NENUR;3;15.11.1950;0;3
ZILLAR;1;17.2.1960;0;1
CEMREK;1;1.1.1954;1;0
CIYHAN;2;18.3.1960;1;1
GOKBORI;1;26.1.1983;1;0
NURGUZ;1;10.12.1972;0;1
AYTEMUS;1;16.8.1988;1;0
NEZDETTIN;1;12.4.1969;1;0
YALCINDAG;1;6.3.1939;1;0
ZULUYHE;1;10.2.1962;0;1
GUREYDA;1;7.8.1934;0;1
MUSEFEL;1;17.10.1966;0;1
BIRNAM;1;1.11.1966;1;0
FIRGAYIP;1;24.6.1940;1;0
TEVZIHA;1;1.7.1979;0;1
CEMALETTEN;1;29.11.1977;1;0
GURSUL;1;10.7.1970;0;1
MERZAFA;1;9.3.1961;0;1
SEMIHANAZ;1;11.5.1948;0;1
IHZARIYE;2;16.2.1941;0;2
CAMISEF;1;9.1.1963;1;0
TURKKUS;1;2.2.1957;1;0
GUZELKIZ;1;22.6.1955;0;1
NAZIENTE;1;16.5.1973;0;1
BENSER;1;26.6.1972;0;1
MUKETTIP;1;7.3.1945;0;1
NEHUNUR;1;20.4.1952;0;1
HUSNEANA;2;25.6.1975;0;2
MISSILLI;1;5.1.1951;0;1
CUME;3;11.7.1961;3;0
KADEYIF;1;26.10.1963;0;1
UMMUBAHAR;1;17.2.1987;0;1
NURMEL;1;9.12.1968;0;1
SEVINAYIN;1;1.5.1974;0;1
ZAVETTIN;1;1.11.1969;1;0
CANDILEK;7;12.2.1977;0;7
SALIFET;1;11.3.1956;1;0
TURUZ;1;2.3.1957;1;0
MUBATDET;1;27.3.1950;0;1
NAZETTE;1;1.9.1977;0;1
CAGALAYAN;1;20.11.1987;1;0
BAMSI;2;25.1.1984;2;0
NEVICEL;1;1.12.1984;1;0
BABAEMIR;1;5.1.1968;1;0
SEMAS;2;11.10.1982;1;1
SAHINDOGDU;1;11.1.1947;1;0
SAZINAR;1;1.7.1949;0;1
AYDIKA;1;21.6.1954;0;1
NERGIYE;2;16.5.1974;0;2
ORKIDEN;1;19.7.1975;0;1
MAHTURNA;1;3.3.1955;0;1
FERIDETTIN;2;25.5.1960;2;0
FETTAK;1;14.2.1960;1;0
BANEM;3;23.1.1963;0;3
DEREBAY;1;16.7.1958;1;0
HURUMAN;6;24.1.1965;0;6
YURTDANUR;1;7.4.1948;1;0
SANDOKAN;1;20.4.1969;1;0
MUHUTE;1;1.11.1972;0;1
TEVIR;3;17.3.1966;0;3
DONUNUR;1;21.7.1951;0;1
ERCANDAG;1;21.7.1972;1;0
GULFERDI;1;22.2.1937;0;1
NUFAK;1;3.2.1960;1;0
ISMIBIRGUL;1;12.1.1971;0;1
YURDALE;1;9.12.1964;0;1
UKUC;1;12.11.1956;0;1
HALIYSE;8;27.3.1965;0;8
KUTUPHAN;2;3.6.1972;2;0
SAHANDI;1;21.6.1953;0;1
HUNCE;2;29.12.1952;0;2
KESTEK;11;23.7.1966;0;11
SANURUN;1;18.4.1960;0;1
DILBURE;1;16.3.1958;0;1
NOHDEBER;1;14.10.1963;0;1
GONCEVER;2;22.4.1968;0;2
AYSALTUK;1;14.1.1952;1;0
MINLIHAL;2;27.8.1968;0;2
DIN;1;12.8.1971;1;0
LEYLIFAR;1;21.4.1965;0;1
AYKADIN;1;15.9.1938;0;1
MERAAL;1;29.7.1978;0;1
USKU;1;5.2.1957;0;1
SIKKIZ;1;29.11.1941;0;1
SEVKIRE;1;21.7.1948;0;1
SIYAHLI;1;23.3.1937;0;1
DURABET;1;16.5.1961;1;0
HUDADAN;3;7.4.1972;2;1
PERDELI;2;12.12.1972;0;2
OZNAL;1;16.5.1975;0;1
MIRELAY;1;6.8.1962;0;1
PERIZIYE;1;4.5.1951;0;1
VEZAHIYE;1;9.3.1940;0;1
MERMEHAN;1;22.10.1955;0;1
KARARNAZ;1;17.3.1961;0;1
ETVEN;1;6.2.1954;1;0
MESTIHAN;2;12.2.1959;1;1
RENGISAFA;1;18.7.1956;0;1
KADIRRIYE;1;27.12.1956;0;1
ELSBETH;1;24.7.1932;0;1
VERYAS;1;22.1.1967;0;1
ZARUFE;1;6.12.1950;0;1
SEKMURIYE;1;7.10.1964;0;1
ABUSIF;1;25.6.1949;1;0
RUYASEL;1;9.3.1969;0;1
CAMLI;1;13.3.1935;1;0
BADIHAN;2;12.12.1961;0;2
RASIMHAN;1;22.12.1988;1;0
BELMAY;1;21.10.1987;0;1
UNSES;1;24.10.1967;1;0
MAMOU;1;7.3.1946;1;0
NEMIYET;1;3.1.1969;0;1
APDISELAM;1;4.5.1972;1;0
FEYEZE;1;6.11.1950;0;1
MUSTAKIYANE;1;24.4.1946;0;1
MEVRIDE;2;21.9.1964;0;2
SUNAYLA;1;3.2.1961;0;1
GULNARIZ;2;26.3.1960;0;2
KULRAHAN;1;5.12.1934;0;1
ZUBADIL;3;20.8.1969;3;0
KEDEROGLU;1;26.5.1964;1;0
NUFFEL;2;21.12.1971;2;0
VAKADE;1;24.6.1949;0;1
NUHUBA;1;4.3.1951;0;1
AVHU;1;24.8.1948;0;1
NUSTETDIN;1;11.2.1964;1;0
IYIBILIR;1;12.2.1981;1;0
SURGAP;1;29.10.1935;1;0
FELANA;1;24.1.1973;0;1
FERSEL;1;11.7.1976;0;1
NIROL;1;26.10.1941;1;0
FAKYETTIN;1;23.2.1967;1;0
ZULGANNEYN;1;3.4.1927;1;0
MURATCAGLAR;2;25.2.1982;2;0
KOTHAN;1;18.1.1980;1;0
NESEDIL;1;26.3.1954;0;1
FURSEN;1;17.1.1978;0;1
RICALETTIN;1;2.3.1951;1;0
UVEYIK;14;18.6.1961;0;14
CAFA;1;4.9.1951;1;0
TIHUDIYE;1;18.3.1966;0;1
GULMIYSA;1;21.4.1970;0;1
ELAYIZA;1;2.2.1976;0;1
ESKERI;3;24.1.1959;3;0
MUTMUN;1;15.11.1963;1;0
MENMURE;4;10.9.1957;0;4
TUNYAN;1;15.3.1955;1;0
MAILPEHLIVAN;1;2.7.1957;1;0
MERUSIYE;2;17.7.1971;0;2
AYERDEM;1;2.3.1951;1;0
MISLIHAT;1;12.8.1929;0;1
GULZEDA;1;28.4.1972;0;1
ZULGUP;2;11.5.1972;2;0
TUGRANI;2;21.1.1987;2;0
MARICRUZ;1;16.3.1970;0;1
KALBISEN;2;16.7.1966;0;2
FERYAK;1;12.2.1947;0;1
GULBAZE;3;24.1.1954;0;3
HASANASENA;1;28.6.1965;1;0
GANIYMET;1;27.4.1944;0;1
HULLU;2;20.9.1944;0;2
GOLENDE;1;16.3.1922;0;1
BALICAN;1;17.12.1966;1;0
CEVATHAN;1;10.9.1987;1;0
GULBIDE;3;26.6.1967;0;3
SASILMENT;1;17.1.1954;0;1
NURINIGAR;2;2.8.1954;0;2
ATACANER;1;16.4.1970;1;0
MERZURA;1;26.1.1962;0;1
TURSAF;1;27.1.1950;0;1
MAASIDE;1;24.1.1982;0;1
NUKTAGUL;3;27.2.1965;0;3
SUFAI;1;17.2.1978;1;0
MISLAHATTIN;1;18.3.1959;1;0
KADINECE;1;22.4.1925;0;1
FERIMDE;1;3.2.1957;0;1
MUHTEBIR;1;29.4.1962;0;1
SEFTAN;1;2.8.1966;0;1
SUFAYI;1;1.9.1964;1;0
HUDUBE;1;9.5.1963;0;1
EHLICE;1;7.2.1964;0;1
SAHNURE;2;13.5.1956;0;2
SESYAN;1;26.11.1958;0;1
NEVUL;2;20.1.1966;0;2
CANFE;1;1.11.1961;0;1
ELAMUR;1;30.9.1974;0;1
VERAMIZ;1;12.2.1965;1;0
TADISE;1;7.10.1975;0;1
CAFE;2;1.5.1953;1;1
GULENA;1;2.11.1957;0;1
ZUBRAN;1;2.8.1927;0;1
BELGIZECE;1;3.1.1936;0;1
ELFIBER;1;17.8.1966;0;1
LEVKAT;1;26.3.1962;1;0
PUSE;1;1.8.1951;0;1
TAVSURE;1;12.2.1953;0;1
TAYBIS;2;21.12.1955;0;2
ATUM;1;11.2.1962;1;0
CAGLARALP;2;15.6.1979;2;0
NESTIN;2;8.12.1975;0;2
KUS;2;7.4.1958;2;0
JACKUELINE;1;28.5.1964;0;1
BUGRAALP;1;25.6.1990;1;0
GONCAVER;3;24.6.1968;0;3
GULSUMRU;2;17.11.1960;0;2
EFAYIL;1;17.3.1960;1;0
HEVKIYE;1;27.4.1954;0;1
KONCUFER;1;26.7.1953;0;1
MUSASETTIN;1;27.2.1956;1;0
SELNIYE;1;27.4.1956;0;1
GULNAFER;2;6.5.1962;0;2
KIYA;5;15.12.1960;5;0
INANGUL;1;18.1.1977;0;1
NEMSEKER;1;26.4.1937;0;1
ANIESA;1;27.9.1962;0;1
DAVN;2;6.11.1969;0;2
MAHZES;2;5.2.1969;0;2
MUKREMINE;1;17.9.1942;0;1
FATIHSAR;1;6.4.1947;1;0
KHADIJEH;1;6.3.1972;0;1
AIYSA;1;27.2.1956;0;1
MUSLUGUL;2;12.11.1954;0;2
MEYGIBE;1;1.8.1932;0;1
MUKASE;1;18.6.1976;0;1
SERPILSULE;1;13.4.1971;0;1
DULBERE;1;19.12.1956;0;1
IRAHIME;3;23.11.1952;0;3
MAVIYEN;1;22.5.1961;0;1
ARZIF;1;14.5.1970;1;0
DORAL;1;3.12.1968;1;0
MUNTERIM;1;22.4.1955;0;1
HAKABIT;1;24.3.1979;1;0
INCILAP;1;2.11.1970;0;1
ERGULEC;1;12.2.1947;0;1
NIYMUFER;1;24.3.1949;0;1
AHMEDIRUFAHI;1;26.4.1976;1;0
PEREMSEN;1;11.6.1955;0;1
UMEGULSU;1;12.2.1965;0;1
NEYZA;1;7.2.1982;0;1
MUCEHEN;1;26.4.1975;1;0
BERENGERE;1;14.10.1964;0;1
CINGIZ;1;3.3.1977;1;0
CIHEDA;1;30.8.1976;0;1
SAHVENE;1;24.6.1958;0;1
LEYLAFE;1;27.3.1938;0;1
AVEYSE;1;17.2.1954;0;1
NEMFER;1;17.2.1954;1;0
NURNACI;1;26.1.1975;1;0
LEBUSE;4;24.6.1963;0;4
SOHIDA;1;10.7.1961;0;1
MUNYAMI;1;30.4.1962;1;0
MAHFURUZ;4;29.9.1951;0;4
LEYYUZAR;1;1.11.1956;0;1
LEVIYAR;1;11.4.1939;0;1
AYBADUR;1;11.8.1961;1;0
PENPERUS;1;1.12.1954;0;1
BATUCENK;1;28.11.1988;1;0
FADELA;1;10.2.1973;0;1
MEPRUSE;1;3.1.1965;0;1
HURTEK;1;3.5.1983;1;0
GUSSEN;3;10.12.1965;0;3
DURSAK;1;30.5.1942;0;1
VECIL;1;2.5.1937;1;0
KEMAAT;1;19.5.1972;0;1
GULPURU;1;12.1.1951;0;1
SEMBIYE;1;1.2.1956;0;1
CEMAFILE;1;7.8.1940;0;1
SALIHDURAN;1;8.3.1937;1;0
B.FERDANE;1;6.4.1943;0;1
MULKAIYE;1;13.3.1953;0;1
AYTEMEL;4;28.12.1960;3;1
MEZIFE;1;2.8.1933;0;1
MERZIFE;2;21.7.1968;0;2
FERSA;6;27.8.1969;0;6
MEBER;1;22.8.1943;0;1
BEDAYIM;1;7.12.1958;1;0
BAHUZ;1;30.2.1992;1;0
KIFATE;3;12.1.1944;0;3
NAFAIR;3;21.5.1963;3;0
FENZI;1;21.11.1958;1;0
MUSLIFER;17;6.7.1953;0;17
NURSEFEN;1;26.10.1972;0;1
NAMUKER;1;8.11.1951;0;1
HACEDDIN;1;7.2.1942;1;0
ILIAS;1;19.5.1991;1;0
SEMSILNUR;1;2.5.1961;0;1
SELBIHUREYMAN;1;14.7.1965;0;1
REMIZIYEGUL;1;4.6.1982;0;1
GULBEYDA;6;24.4.1959;0;6
GULHAFIYE;1;20.9.1977;0;1
HELET;1;6.7.1963;1;0
CESURIYE;1;1.3.1971;0;1
GERGUN;1;26.3.1954;1;0
MUEDDEH;1;17.8.1918;0;1
SUHILIYE;1;15.6.1956;0;1
BEJENK;1;26.11.1952;1;0
NEDRA;4;20.1.1980;0;4
HAYDIN;3;27.11.1967;2;1
AHSEV;1;18.6.1967;0;1
TUNCERHAN;1;13.9.1989;1;0
DERDIGUL;1;22.6.1967;0;1
THOMMY;1;24.6.1982;1;0
LEBISGUL;1;3.9.1969;0;1
VEZARET;6;9.10.1956;0;6
SABHAN;1;9.10.1947;0;1
ASIMGUNGOR;1;12.2.1977;1;0
AMUNE;7;26.6.1962;0;7
ARIYANA;1;9.6.1976;0;1
EFTALUTTIN;1;13.4.1952;1;0
ERTURIN;1;2.2.1939;1;0
MURNIFE;1;16.5.1951;0;1
NURINAIL;1;21.1.1965;1;0
SALEGUL;1;4.9.1961;0;1
NUKAT;4;28.5.1951;0;4
HALILGURKAN;1;14.11.1973;1;0
CELVIRE;1;23.5.1948;0;1
BILHUDA;4;4.4.1985;0;4
ELAGME;1;12.5.1953;0;1
NAZN;1;17.5.1978;0;1
ESANUR;2;26.2.1976;0;2
ALAIM;1;16.5.1962;1;0
TUGRUSAN;1;16.3.1980;1;0
TULAZ;2;12.8.1955;0;2
UZMER;1;26.4.1955;0;1
HERKIN;1;29.11.1973;1;0
ZIYAER;1;17.8.1924;0;1
RESULALI;2;30.2.1978;2;0
GULEVENT;1;12.11.1949;0;1
NAGIS;1;22.2.1967;0;1
DIKREM;1;7.4.1975;1;0
HULULER;1;25.8.1973;0;1
CUMPANITA;1;13.9.1968;0;1
GORSUME;1;14.3.1959;0;1
SENANE;1;4.10.1982;0;1
ZLADIJA;1;9.3.1963;0;1
ABDISSEMET;1;2.2.1966;1;0
SEMRIHAT;1;17.7.1972;0;1
MUSLUBAM;1;24.5.1969;0;1
MERAMGUL;1;27.6.1980;0;1
ABDULCEHAP;1;1.8.1977;1;0
ORUT;1;3.11.1951;1;0
LEDEFET;1;27.8.1950;0;1
RUHBANU;1;30.3.1972;0;1
MHASIBE;1;10.5.1956;0;1
MEDAN;4;25.2.1966;2;2
METAMET;1;22.5.1955;1;0
LEBIBI;1;22.2.1967;0;1
FAYIZEL;1;13.2.1971;0;1
EMKA;2;5.6.1969;0;2
MUHDUBER;1;22.4.1961;0;1
ZUKRE;2;19.9.1968;0;2
MUBYEN;3;25.12.1972;0;3
SURRA;1;2.8.1921;0;1
SULCE;1;11.5.1938;1;0
MINICI;1;7.8.1946;0;1
ZULGA;1;7.4.1940;0;1
NEDIRMET;1;27.3.1950;1;0
GULERYAN;1;22.2.1955;0;1
MAZURE;3;29.11.1958;0;3
CARHE;1;22.2.1955;1;0
VESIF;2;22.3.1973;2;0
KUDBETIN;2;25.8.1967;2;0
NIZAKET;5;2.7.1959;0;5
KURTO;2;22.8.1967;2;0
LEMARA;1;22.3.1968;0;1
CEMAYIDIN;1;14.10.1968;1;0
REHIZAN;2;10.3.1959;0;2
MEDIYAH;2;17.5.1957;0;2
MUZERCAN;2;5.3.1951;0;2
NARLICA;1;18.7.1971;0;1
VENIDE;1;17.1.1972;0;1
CUMHURALP;1;21.9.1977;1;0
CENEM;1;25.9.1980;0;1
MIYRIS;2;21.1.1965;0;2
H.FEHMI;1;12.8.1935;1;0
HANDAK;1;24.7.1974;0;1
RUHPIL;1;11.12.1956;1;0
BERGUZAT;1;2.2.1971;1;0
FERDAHIL;1;11.5.1957;1;0
MELTER;1;11.4.1978;1;0
ENKER;1;2.1.1963;1;0
SEVADE;3;12.6.1960;0;3
TURKERSUN;1;16.11.1937;1;0
RUTFANIYE;1;26.5.1967;0;1
MURSELI;2;9.3.1965;1;1
RICAHI;2;15.6.1963;2;0
ILBADIN;1;6.8.1945;1;0
SURUHA;1;12.5.1936;0;1
FATIHBEY;1;26.5.1966;1;0
CEMATI;2;9.6.1954;2;0
AYKUTUN;1;19.10.1972;1;0
FEZAALIM;1;1.9.1967;1;0
ASLIEVREN;1;22.3.1978;0;1
TAGMAY;1;17.11.1979;1;0
BEKTEMIR;3;26.3.1948;3;0
LEMIZER;1;17.8.1936;0;1
ASKAGUL;1;17.2.1978;0;1
UNGULSUN;1;4.11.1950;0;1
FARISAN;1;3.10.1972;0;1
RUVAYETTIN;1;16.10.1956;1;0
GURCEKAN;1;9.1.1980;1;0
ULIHA;1;3.3.1963;0;1
MOLLABEG;1;27.8.1926;1;0
MUHSIDDI;1;18.7.1969;1;0
ABTULMENAP;1;2.6.1975;1;0
SOHBE;1;2.8.1921;0;1
TUKETTIN;1;1.1.1951;1;0
EVLENSER;1;6.7.1939;0;1
FEDIR;2;6.3.1973;2;0
BERGUZAL;1;28.7.1931;0;1
SUBAS;1;1.4.1950;1;0
SERFURA;1;17.8.1960;0;1
BERLA;1;1.4.1970;0;1
NEHAVET;1;7.11.1932;0;1
MESTNAZ;1;7.2.1946;0;1
CELALEMIN;1;8.6.1956;1;0
BELVI;1;3.7.1981;0;1
HEZERAN;1;7.4.1940;0;1
FERUZU;1;28.1.1965;1;0
SEDEFE;2;19.7.1939;0;2
SEFIYITTIN;1;7.8.1952;1;0
YUSEG;1;8.4.1950;1;0
VINDAL;1;27.2.1966;0;1
UNKIYE;1;23.2.1961;0;1
MAKEYEN;1;28.11.1969;0;1
HANISA;2;3.3.1953;0;2
DEYAR;2;29.12.1969;2;0
ORCU;1;16.1.1978;1;0
VEVZIYE;2;28.12.1966;0;2
HAFER;1;27.1.1962;0;1
MEFLUT;1;6.11.1967;1;0
MUHLIBAR;24;27.12.1949;0;24
NUZHETTIN;1;26.10.1935;1;0
SAADIFE;1;17.12.1948;0;1
QAZIME;1;20.4.1955;0;1
MIZENNET;1;16.1.1956;0;1
EYET;1;19.9.1964;1;0
RIZATKA;2;10.1.1947;0;2
CEYSAN;1;9.1.1990;1;0
VAHLADIN;1;29.10.1962;1;0
KIRBIYA;1;2.5.1963;0;1
HAYRUNNISANUR;1;21.5.1983;0;1
HAZANGUL;2;30.6.1975;0;2
LEPHAN;2;14.1.1964;0;2
MUJIGAN;1;25.3.1934;0;1
BEGIS;1;28.2.1973;0;1
NIDADIYE;1;27.11.1932;0;1
TUGES;1;22.2.1961;0;1
NESILAN;1;5.5.1937;0;1
SUFKIYE;1;8.8.1959;0;1
RABIYAN;1;17.8.1960;0;1
MUMTAZA;1;17.11.1960;0;1
FATMASERIF;6;30.3.1967;0;6
ERKUP;1;6.9.1969;1;0
SERIS;2;26.5.1961;0;2
KADEFIYE;2;18.3.1953;0;2
SAFETKA;2;4.1.1946;0;2
CEDOZ;1;27.8.1945;1;0
SEVGUZELKA;1;27.8.1956;0;1
MELEKKAR;1;26.1.1990;0;1
BURATTIN;1;12.6.1947;1;0
SUHEYA;1;11.7.1968;0;1
OMRAT;1;19.3.1960;1;0
NASIZE;7;26.5.1959;0;7
SIVASIYE;1;9.4.1933;0;1
UMRIYET;2;27.4.1963;0;2
ERKAHAN;1;3.8.1945;1;0
BULUNC;1;15.2.1977;1;0
UMMEHAK;1;21.5.1955;0;1
SVETLENA;2;5.9.1970;0;2
NESEMEN;3;11.5.1946;0;3
ENTES;1;7.2.1986;0;1
FEZALETTIN;7;24.6.1950;7;0
HADIF;1;21.6.1930;0;1
AHSIYE;1;25.12.1963;0;1
SEYAMETTIN;3;11.2.1943;3;0
MIRTO;2;9.12.1958;2;0
MUNTAZIYE;13;22.8.1960;0;13
SADINUR;5;20.6.1966;0;5
NURJEN;5;19.5.1969;0;5
FIKRILYE;1;24.9.1955;0;1
MUBEYYEL;1;21.2.1974;0;1
MANIKA;1;1.1.1972;0;1
FEYNIYE;1;13.4.1961;0;1
EFDADIYE;7;2.9.1959;0;7
ERDURMAZ;1;12.2.1953;1;0
BEKARSLAN;1;28.4.1974;1;0
MUCUKEN;1;3.1.1961;0;1
TUZLEKA;1;4.7.1967;0;1
SAKIRKA;1;22.8.1943;0;1
SEYGIS;1;21.5.1968;1;0
NISVETA;1;7.8.1958;0;1
MUEDIN;1;27.8.1950;1;0
SAYADIN;1;22.8.1949;1;0
MUJMINE;1;8.9.1958;0;1
PAYTAN;1;27.3.1956;0;1
ABDULMELAV;1;15.4.1976;1;0
MERHME;1;7.2.1946;0;1
ELIYESE;1;25.8.1959;1;0
ISMETNE;1;27.8.1938;0;1
ENEZCAN;1;20.12.1991;1;0
MALIS;3;3.4.1971;0;3
PERTON;1;12.12.1940;0;1
KALUHAN;1;7.6.1958;0;1
NIMENET;1;2.8.1957;0;1
ALAMUR;1;27.8.1938;0;1
SULIBE;6;27.7.1946;0;6
DEMIRASIM;1;7.8.1952;1;0
EPRAYIM;1;30.5.1975;1;0
SEVETKA;1;27.8.1956;0;1
ERBARIS;1;10.1.1987;1;0
MUYESSA;2;28.10.1957;0;2
MERYIDE;1;21.2.1959;0;1
AYDENE;2;10.9.1958;0;2
RASETTIN;13;30.4.1955;12;1
HAYRIMSEL;2;17.11.1961;0;2
YIKDAG;1;2.2.1969;1;0
GULDIKAR;1;1.1.1957;0;1
REYATI;1;21.12.1979;1;0
SELAVETTIN;4;10.11.1951;4;0
IZYADIN;1;21.8.1963;1;0
ZECA;1;1.1.1938;0;1
SENAIF;5;12.4.1959;5;0
GURAP;2;14.12.1967;2;0
ULAYIKE;1;20.5.1965;0;1
FEHRISER;1;7.6.1940;0;1
SERAYIM;2;15.12.1971;1;1
GEVVEL;1;2.4.1921;1;0
MEYIT;1;27.8.1950;0;1
SANETE;1;6.8.1960;0;1
SEHRIS;1;2.8.1951;0;1
FAIN;1;7.8.1958;1;0
NEFAZET;1;5.9.1971;0;1
AFSA;3;28.4.1986;0;3
SERVETA;1;28.11.1950;0;1
REZARTA;1;2.7.1980;0;1
ABDULFEDAT;1;11.5.1972;1;0
ZULICA;1;12.8.1929;0;1
MUTKA;1;7.8.1952;0;1
RAHIMIN;1;10.1.1970;1;0
AFIZAN;1;5.10.1956;0;1
DAGDETTIN;1;27.1.1965;1;0
M.HAKI;1;14.8.1957;1;0
MIRALP;1;30.4.1960;1;0
MEHBIR;1;16.1.1990;1;0
MAHIZEYKER;1;3.4.1945;0;1
MEKRUFE;1;4.9.1941;0;1
MUVETTED;2;5.6.1958;0;2
NIHLE;2;11.10.1990;0;2
SERDAIL;2;30.5.1961;2;0
SEVCIFER;1;2.4.1969;0;1
VEHSET;1;28.8.1967;1;0
BILKAIDE;1;22.8.1913;0;1
HASES;1;26.7.1959;0;1
MINNIYAZ;1;6.12.1950;0;1
MERSI;3;26.4.1938;2;1
GUNUS;5;1.1.1967;0;5
NEVZAHAT;2;18.1.1957;1;1
YUMLIYE;1;12.8.1929;0;1
FARISHA;1;17.2.1936;0;1
MULIAT;1;30.9.1941;0;1
FIYSUN;1;29.3.1964;0;1
HANUSE;4;16.8.1958;0;4
ZIKRIN;1;16.6.1945;1;0
SURIFE;2;12.10.1956;0;2
UGRUL;1;28.10.1968;1;0
DERHAT;1;14.6.1982;1;0
INCIMAZ;1;15.2.1949;0;1
IMRAHIYE;1;24.5.1961;0;1
MEYMENETKA;1;17.8.1954;0;1
NURGEHAN;1;21.3.1960;0;1
MUSMA;1;1.11.1948;0;1
EDEVIN;1;11.4.1950;0;1
UMMUGULANIM;1;17.3.1954;0;1
ZUMEYRAM;1;7.11.1975;0;1
MALIT;1;4.1.1961;1;0
DULBIRIN;1;15.11.1981;1;0
CIHERHAN;1;17.2.1984;1;0
MURATSELCUK;1;8.10.1969;1;0
NISFET;9;17.9.1953;1;8
ERKALP;3;10.2.1980;3;0
SELISHA;1;22.3.1957;0;1
VAHDINUR;1;10.8.1967;0;1
SIMRAL;2;16.8.1952;0;2
NUHCIVAN;1;30.3.1935;1;0
GENCEY;1;11.5.1985;1;0
PAKIHE;2;6.1.1972;0;2
SILMAN;8;13.4.1963;8;0
NEDIK;1;7.2.1970;1;0
TEKMIR;1;22.3.1967;0;1
SIMIHA;1;17.1.1966;0;1
BUGRASELIM;1;2.1.1991;1;0
FIYZI;2;25.8.1961;2;0
RAFAETTIN;2;24.3.1953;2;0
FATMASANIYE;1;16.4.1923;0;1
ZUBAL;2;24.11.1958;0;2
ABDURRAHMANRAHMI;1;7.9.1952;1;0
PEYTISE;1;5.12.1937;0;1
MAHRUBE;2;10.12.1967;0;2
FAKULE;1;22.2.1967;0;1
NAILBEY;1;24.1.1978;1;0
SECAYITDIN;1;14.4.1965;1;0
ATAFENDI;1;30.1.1965;1;0
FILBILAT;3;9.9.1944;0;3
ILKLIME;2;9.5.1942;0;2
TURBENT;1;30.1.1970;0;1
GHIULNAZ;1;24.6.1965;0;1
NEVSEM;1;11.2.1975;0;1
NUSREMIN;1;7.11.1978;0;1
NUHMURAT;1;21.4.1988;1;0
MUKREMUN;3;23.10.1969;3;0
ELYESAG;2;7.3.1977;2;0
HAZBER;1;14.5.1937;0;1
MIRAGA;1;7.3.1934;1;0
SERTANUR;1;18.3.1986;0;1
ULVIDA;1;3.7.1969;0;1
SEVISEN;5;20.5.1943;0;5
MELIKINNAZ;1;7.6.1980;0;1
NEVRUTE;1;10.12.1956;0;1
NAZENE;2;16.6.987;0;2
MILHANIM;1;11.6.1927;0;1
ZATIBEY;2;5.5.1977;2;0
BEKSIME;3;29.2.1959;0;3
ULMU;1;23.10.1978;0;1
SUMUHA;1;12.2.1965;0;1
NUREYLE;2;3.1.1963;0;2
CILDIZ;1;5.12.1977;0;1
AKSEMSETDIN;1;29.1.1982;1;0
MEFDANET;1;27.10.1950;0;1
ZEHTAP;1;12.10.1989;0;1
TURNAME;1;16.4.1969;0;1
IFRAR;6;15.11.1949;6;0
RUBEYDAN;1;26.7.1956;0;1
ASREM;2;16.3.1987;0;2
SEFINA;1;22.2.1961;0;1
SAFURAY;1;7.4.1988;0;1
MEVLITE;1;30.5.1970;0;1
HEYGAN;1;14.1.1981;1;0
MEKAIM;1;21.4.1952;1;0
GERIM;1;1.5.1972;1;0
TAHVUT;1;2.6.1957;1;0
FETKERI;1;26.6.1975;1;0
RUDBIYE;1;16.6.1929;0;1
GULBIRNAZ;1;13.12.1951;0;1
APDULSELAM;2;14.11.1971;2;0
TEMINOR;1;5.2.1955;0;1
HAMNIYE;1;27.5.1968;0;1
CANSIRE;1;5.3.1933;0;1
NAHME;2;22.12.1940;0;2
KURAYI;1;1.5.1974;1;0
ISMIGUN;1;24.2.1951;0;1
RAKIMEN;1;21.6.1956;0;1
SUHULLA;1;8.8.1974;0;1
NAZMISTAN;1;27.2.1956;0;1
ZUELYA;1;26.6.1961;0;1
MUALLAGA;1;29.7.1971;0;1
SEMHUN;1;14.4.1929;1;0
AVUCKA;1;17.8.1960;0;1
HUKRIYE;1;22.10.1959;0;1
ERZALETTIN;1;12.2.1971;1;0
GUSUME;4;26.12.1958;0;4
NESAR;1;20.11.1988;1;0
ALICAVUS;1;2.5.1947;1;0
SIEGLINDE;2;18.5.1946;0;2
RUHMAT;1;9.10.1929;0;1
IRFADIYE;3;10.4.1956;0;3
KUTANMIS;1;27.12.1990;1;0
METAZ;1;23.3.1947;0;1
DENZILE;1;26.8.1960;0;1
BEYPASA;1;10.8.1944;1;0
ZEMANHAN;1;17.6.1960;1;0
SUDUZE;1;21.4.1963;0;1
RAUMAN;1;25.12.1968;0;1
HASBIH;1;9.2.1964;1;0
ZALIS;5;20.3.1957;0;5
ABDULSERDAR;1;29.6.1982;1;0
SIYAFAR;1;12.2.1965;0;1
NABAHATTIN;1;27.2.1950;1;0
MUGLIMET;1;9.4.1974;0;1
SEHVA;2;13.9.1962;0;2
ALPARSAN;3;11.3.1972;3;0
CINEYIT;1;15.2.1974;1;0
MUCILE;1;22.8.1931;0;1
HUAYRULLAH;1;11.7.1939;1;0
MUNFUR;1;7.2.1964;0;1
MUSEBIHE;2;29.11.1941;0;2
BELDANE;1;26.1.1951;1;0
GIYALEDDIN;1;12.4.1965;1;0
MUSAMBE;1;22.2.1967;0;1
TULSELI;1;30.11.1946;0;1
MUDESIM;1;18.1.1974;1;0
ZULLUFHAN;1;12.4.1971;0;1
SENTURKAN;1;7.2.1958;0;1
ULGEZ;2;7.4.1957;0;2
SIDRETUL;1;18.3.1987;0;1
AHMETHICRI;1;5.1.1981;1;0
CALELETTIN;1;26.11.1966;1;0
REIP;1;30.2.1974;1;0
BEVA;1;7.8.1940;0;1
KUSIKA;3;29.2.1951;0;3
NIZAFIYE;1;11.4.1940;0;1
HURHAYAT;3;24.12.1968;1;2
MAKRUBE;1;21.11.1935;0;1
ALEYDIN;3;20.7.1972;3;0
IRKAY;2;3.6.1975;2;0
USEYYID;1;8.5.1983;1;0
BARSIT;1;12.8.1935;1;0
NEFTEGUL;1;13.2.1991;0;1
BUDERIN;1;11.2.1973;1;0
KESMIGUL;1;23.7.1955;0;1
TUCENUR;1;30.8.1990;0;1
SULTANMELIK;1;17.2.1960;1;0
ADEKER;3;27.1.1966;0;3
MUBIYYEN;1;1.11.1953;0;1
MELISER;1;24.5.1989;0;1
ILKIGUL;1;4.4.1957;0;1
SUSENT;1;12.2.1988;0;1
ZET;5;4.1.1974;4;1
ZEYNULLA;2;25.9.1961;2;0
OKBIDAR;2;7.3.1975;2;0
SABHETULLAH;3;18.1.1980;3;0
GURFIRAZ;1;11.5.1961;0;1
YASERIYE;14;6.12.1968;0;14
BESDEGUL;2;14.4.1971;0;2
TUYFUN;1;29.12.1967;1;0
SIPKETULLAH;1;6.8.1980;1;0
MAZAHET;1;13.11.1964;0;1
FEZADET;1;4.3.1957;0;1
ALIBAN;1;16.6.1990;1;0
MAKIFET;1;23.4.1955;0;1
MAHISEKIR;1;21.6.1989;0;1
SEHNET;1;2.4.1951;0;1
ADURHAY;1;15.7.1981;0;1
IZALETTIN;2;7.11.1962;2;0
EROZE;2;1.2.1967;0;2
GUZUDIYE;1;27.1.1938;0;1
NANIDE;2;17.3.1966;0;2
IMKA;1;2.8.1951;0;1
RUKUAT;1;13.2.1965;0;1
ESAMA;1;6.12.1960;0;1
MUGATTIS;1;1.6.1959;0;1
IFAKAET;1;18.10.1965;0;1
CALLUT;2;13.7.1976;2;0
SUYLUN;1;9.9.1958;0;1
ZUBADIYE;1;28.4.1963;0;1
KACAN;1;8.8.1941;1;0
EYUPHARUN;1;27.1.1956;1;0
MINICAN;1;8.6.1971;1;0
CETSAN;1;2.1.1943;1;0
ADDIN;1;7.10.1961;1;0
SEYFIYET;1;12.1.1977;0;1
ZEYNIRE;2;21.10.1968;0;2
SULUHE;1;6.6.1951;0;1
HILMIYI;1;8.4.1971;0;1
MUSLUFER;7;20.7.1955;0;7
HAMEDE;3;27.3.1970;1;2
GULDENIYE;1;16.1.1956;0;1
SERVINC;2;4.2.1976;1;1
MUVEZZEZ;1;22.3.1973;0;1
MAMURIYET;1;8.7.1957;0;1
SUHEYBI;3;10.11.1980;3;0
SEHVINAZ;2;14.12.1954;0;2
SUMGOL;1;14.6.1956;0;1
DUZLEM;4;15.2.1981;0;4
LEHMAN;1;3.1.1953;0;1
ILHUN;4;7.1.1970;3;1
ZERMUNE;1;11.1.1940;0;1
NERBEYAZ;1;5.2.1951;0;1
MUKREBEN;1;23.6.1961;0;1
ASUNER;1;12.9.1982;0;1
MERINER;1;1.6.1960;0;1
RUEVZA;1;22.9.1949;0;1
SUHEYLER;1;9.5.1946;0;1
TAYIBI;1;18.11.1935;0;1
ABDUSSABIR;2;27.2.1984;2;0
NERMIH;1;16.5.1972;0;1
PANPUK;2;2.11.1944;0;2
SEGNEM;1;29.11.1979;0;1
HIFZIRAHMAN;2;15.10.1975;2;0
VIDENVERE;1;12.6.1977;0;1
LUKSEN;1;16.5.1953;0;1
YILDISER;1;22.2.1955;0;1
MEMETHALIS;3;29.2.1951;3;0
LUTFAIZE;1;7.9.1946;0;1
MEVARET;1;29.2.1973;0;1
SEFGUZEL;1;28.8.1932;0;1
EDREMIN;1;21.4.1983;1;0
RASUHI;1;27.8.1956;1;0
LAME;4;12.7.1944;0;4
MERDUZE;2;12.4.1939;0;2
MIRIME;2;17.4.1969;0;2
MUVEDDETKA;1;12.8.1953;0;1
MURCAIM;1;1.10.1971;1;0
BERGULER;1;3.10.1973;0;1
REYNANE;1;11.1.1954;0;1
CEKVER;1;16.12.1948;0;1
DUBAY;2;20.12.1985;0;2
LEVADIYE;1;6.2.1967;0;1
ENEIDA;1;20.3.1973;0;1
BINTULISLAM;1;5.10.1989;0;1
RUHUGUN;1;2.12.1952;0;1
MUZEHRER;1;17.4.1965;0;1
TALEYHA;2;13.10.1969;0;2
TACID;1;28.1.1938;1;0
ZELFERIYE;1;21.3.1947;0;1
KURBANETTIN;1;20.8.1973;1;0
UMMIYEHAN;1;27.2.1932;0;1
OGULMARAL;1;23.6.1983;0;1
RUKIS;3;30.10.1956;0;3
BENAREM;1;1.10.1971;0;1
RAHIBA;1;2.2.1961;0;1
SUSKA;1;7.8.1946;0;1
MAKISE;1;26.5.1971;0;1
RUVADIYE;1;22.8.1968;0;1
AKIB;2;15.8.1986;2;0
MERADA;1;4.4.1978;0;1
BURMIN;1;2.7.1980;0;1
MERVAH;1;7.7.1976;0;1
BUMEDYEN;2;15.3.1972;2;0
SEGDA;1;16.1.1990;0;1
HANEGUL;4;19.12.1978;0;4
AZELYA;2;23.7.1988;0;2
PURLANT;1;6.1.1972;0;1
MELANA;1;21.9.1961;0;1
EFENIYE;1;11.11.1964;0;1
MEYFA;7;2.3.1964;0;7
MUNAZZEL;1;1.2.1982;0;1
SEFTIYE;2;14.1.1954;0;2
UKKUHANI;1;18.11.1966;0;1
SOHRETA;2;1.9.1962;0;2
UNHANE;1;8.8.1961;0;1
SERAPNEVZAT;1;29.5.1980;0;1
EBGADIYE;1;1.1.1;0;1
SEVAYNIR;1;27.3.1986;0;1
CERCEYIZ;1;24.5.1968;1;0
MUKDDER;1;21.6.1971;0;1
ZEMMEGUL;1;7.3.1940;0;1
HASSUUR;1;10.10.1970;1;0
RUBYLYN;1;18.3.1977;0;1
CAGIT;1;11.1.1965;1;0
OMRURE;1;15.4.1974;0;1
GAIANE;1;2.8.1978;0;1
MIRHABI;1;22.11.1973;1;0
ZURFETTIN;1;11.12.1967;1;0
HALITBEY;1;24.10.1961;1;0
MUAMMERALI;1;11.12.1985;1;0
SIYABIYE;1;2.11.1951;0;1
ERSINAY;1;28.2.1986;1;0
VIJDAT;1;26.5.1978;1;0
NURDAGIL;1;11.12.1973;0;1
SOYUBE;1;23.12.1961;0;1
MENPURE;1;3.4.1971;0;1
SEYAHITIN;1;18.2.1961;1;0
EZBATTIN;1;30.4.1949;1;0
SADIREDTIN;1;16.5.1965;1;0
URAYRA;1;1.9.1961;0;1
ZEKKAYI;1;7.7.1964;1;0
HEYIBE;1;6.5.1955;0;1
MUHDEZIN;1;7.10.1947;0;1
MEVLIM;1;6.8.1962;1;0
GOLZARIYE;1;2.2.1957;0;1
REBIYAN;1;16.6.1961;0;1
FATMASERIFE;1;8.3.1943;0;1
HANAM;1;22.10.1961;0;1
SEMZAT;1;15.12.1948;0;1
KEHFIYE;1;16.12.1953;0;1
NISADET;1;16.10.1939;0;1
NEVERIYE;1;30.6.1974;0;1
MUATDET;1;21.5.1957;0;1
SEHUZE;1;2.2.1971;0;1
ZIYETIN;1;13.5.1955;1;0
SATIAHMET;1;24.5.1924;1;0
SEVABI;4;4.3.1956;3;1
RESDIYE;2;28.4.1959;0;2
FAHRETTINLUTFU;1;5.3.1957;1;0
GUNASLAN;1;18.9.1930;1;0
BUSEYENE;1;17.8.1950;0;1
HEBAYETTIN;1;11.1.1952;1;0
SAVANIYE;1;17.2.1966;0;1
CEVFERIYE;1;13.2.1948;0;1
FAHRINNAZ;1;21.4.1944;0;1
DESTENUR;1;27.6.1966;0;1
TERMAL;1;26.9.1967;0;1
MURCIDE;1;11.10.1970;0;1
CELASI;7;6.9.1954;7;0
BEHCETKEMAL;1;11.10.1957;1;0
RAHID;1;1.4.1938;1;0
EVSADIYE;1;9.5.1957;0;1
VAZVITTIN;1;11.3.1955;1;0
OMERDURSUN;1;6.6.1954;1;0
NEVBIHA;1;17.10.1935;0;1
RAKIN;2;5.4.1955;2;0
SARURE;1;21.4.1940;0;1
GULCAZIYE;1;27.2.1951;0;1
NUSAR;2;12.4.1960;0;2
SEHIDAN;2;8.6.1963;0;2
ZIVET;1;8.4.1933;0;1
NURYADIN;1;26.9.1979;0;1
BAHATIL;1;2.4.1978;1;0
NEFIDET;2;22.6.1955;0;2
GUBEYHAN;1;21.12.1946;0;1
UMMIZADE;1;20.1.1926;0;1
RUFAHIL;1;17.8.1942;1;0
SELIMSINAN;1;2.4.1985;1;0
URFETIYE;1;11.4.1952;0;1
TAZIBE;1;3.7.1975;0;1
SEMZA;6;19.7.1966;0;6
YEKSUNE;2;11.12.1943;0;2
ZIYNAL;1;6.8.1956;0;1
SAMANEH;1;27.7.1985;0;1
MERHIVA;1;11.6.1982;0;1
PURCIN;1;22.7.1983;0;1
NUREYA;2;1.3.1961;0;2
YURDUCAN;1;7.2.1964;1;0
MENFAR;1;12.7.1972;1;0
LENOURA;1;7.8.1976;0;1
MEYRIME;1;22.8.1967;0;1
URLU;5;23.7.1957;4;1
MATEZE;1;28.3.1942;0;1
MUTEALIP;1;20.8.1984;1;0
HUSEYINOZ;1;11.1.1937;1;0
DUACAN;1;29.10.1973;0;1
KANCERI;1;26.9.1963;1;0
EKKIN;1;17.6.1964;0;1
AMERETTIN;1;2.4.1969;1;0
NADIMBEY;1;25.6.1966;1;0
ORGUHAN;1;21.7.1986;1;0
BEDRET;4;30.10.1973;4;0
NUNIYE;2;10.2.1944;0;2
KEZIHAN;1;26.4.1983;0;1
MALUMAT;1;5.4.1939;0;1
MEFARERET;1;1.1.1971;0;1
SAMILET;1;7.2.1988;0;1
RUVEYDAN;2;19.2.1954;0;2
SENSIK;2;6.10.1950;0;2
TECUDE;1;27.3.1989;0;1
MUZAHKAR;1;1.9.1948;0;1
TENYE;1;30.2.1956;0;1
YASAHAN;3;24.9.1978;1;2
MIHRIME;5;17.6.1966;0;5
MUHAZZEL;1;1.2.1982;0;1
GULMA;2;1.6.1977;0;2
MUMTAZILE;1;30.4.1931;0;1
MIHRACEN;2;27.8.1971;0;2
SUMEYYETUL;1;18.1.1987;0;1
MUNAZIYE;5;27.2.1962;0;5
YAKHSHI;1;29.10.1963;0;1
KONURCAN;1;27.8.1982;1;0
GUBREHAN;1;25.9.1985;0;1
PECAR;1;11.7.1962;0;1
MAKSUNE;2;29.5.1977;1;1
TURENSIN;1;8.10.1946;1;0
SURETIYE;1;8.4.1946;0;1
MULIYA;1;7.10.1958;0;1
EFRAR;2;9.3.1932;2;0
MURTAZIYE;2;19.9.1953;0;2
HURETTIN;2;18.12.1955;2;0
NAZDIL;1;24.1.1953;0;1
HACIL;2;13.3.1973;2;0
ARDUHAN;4;18.11.1940;3;1
RAKHAT;1;7.5.1976;0;1
TUNNAZ;1;16.7.1975;0;1
YERIZ;1;1.2.1978;0;1
NAKINE;3;18.4.1961;0;3
SOZUNER;2;6.10.1963;2;0
MINDAN;1;22.11.1945;0;1
RUKBAY;1;5.4.1941;1;0
NEHAD;3;6.2.1949;3;0
MINAFA;1;12.2.1963;0;1
SEYYID-UL;1;24.5.1990;1;0
TEKSIRE;1;6.6.1956;0;1
_;2;8.11.1950;1;1
ZUHTUKE;1;12.3.1965;0;1
CAYGIN;1;15.1.1976;0;1
TAHLISE;2;10.2.1965;0;2
ASSIAT;1;3.1.1963;0;1
DINERI;1;11.9.1974;1;0
ISRAFET;2;23.5.1949;0;2
MIHER;1;7.4.1934;0;1
CENNAR;1;4.4.1966;0;1
NEHIZAR;1;27.9.1968;0;1
AYTAKIN;1;24.2.1977;0;1
GULAFEL;1;1.1.1974;0;1
RUVES;1;27.8.1950;0;1
SELAHEDTIN;1;7.4.1934;1;0
SIRBA;1;5.6.1966;0;1
ZELKIP;2;22.5.1961;2;0
IKMALIYE;2;19.2.1955;0;2
RAZINDE;1;26.3.1934;0;1
MIHINUR;2;27.10.1942;0;2
MAKPULLE;2;28.4.1964;0;2
HOTIN;1;11.3.1980;0;1
BINYAS;1;22.3.1961;0;1
KUSBAN;1;2.8.1957;0;1
NECAVIZ;1;22.2.1961;1;0
RUCUHAN;1;15.6.1936;1;0
SELMINAYAZ;1;1.4.1967;0;1
PEYUMAN;1;8.8.1964;0;1
FEYYAR;1;2.2.1969;1;0
NURSELA;1;7.2.1952;0;1
FATMACEREN;1;21.12.1991;0;1
SUATI;2;29.8.1968;2;0
ZERCA;1;9.3.1970;0;1
MUSIHA;1;26.2.1930;0;1
GUNSEVIN;1;2.2.1957;0;1
MUNTER;2;10.9.1938;0;2
YASAFETTIN;4;27.8.1953;4;0
TANILAY;1;11.4.1992;1;0
MEHMETSAVAS;1;4.10.1982;1;0
NIVSE;1;27.6.1968;0;1
ANASUZI;1;6.6.1950;0;1
REHIGUL;2;28.1.1974;0;2
ULUVVI;2;4.9.1937;2;0
YUNUSBEY;1;7.10.1970;1;0
LEHIRE;1;22.4.1955;0;1
MEDILAT;1;27.3.1938;0;1
MUZALLEF;1;27.8.1950;1;0
BERKDERYA;1;28.4.1975;1;0
ELEMENT;1;7.2.1982;1;0
SUSAMETTIN;3;19.6.1960;3;0
BERAHETTIN;1;22.3.1967;1;0
GUCUZE;2;22.12.1944;0;2
SUNDOZ;1;26.2.1972;0;1
SERHETTIN;1;20.3.1966;1;0
NEKARET;2;11.11.1957;1;1
MUTTERIME;2;9.8.1942;0;2
IFTIHAC;1;7.6.1927;0;1
TESRIN;2;10.5.1965;1;1
MURFAZIYE;1;8.11.1988;0;1
HULISEL;1;7.3.1976;0;1
HAHICE;1;21.2.1971;0;1
MACIZAT;1;26.5.1965;0;1
MUKIR;1;22.2.1967;1;0
NEYLE;5;16.3.1956;0;5
HUSAVER;1;21.5.1982;1;0
BERTULLAH;1;18.4.1986;1;0
MURTEFIYE;1;22.3.1931;0;1
BAYAM;2;12.7.1964;1;1
SUVEKER;1;22.2.1949;0;1
HASAS;1;11.5.1930;0;1
HAMSILE;4;26.5.1943;0;4
NACIDI;1;18.10.1951;1;0
HACEBE;2;26.8.1948;0;2
HUZEYMIYE;1;26.6.1941;0;1
SEYAHATI;2;28.12.1960;2;0
GUNSURAY;2;12.2.1959;2;0
GULFIHAN;1;26.2.1957;0;1
UMREM;2;23.2.1968;1;1
KAMETIYE;2;28.3.1944;0;2
YAVUZYIGIT;1;21.4.1965;1;0
KIRALI;2;24.3.1973;2;0
DURMIYE;2;17.5.1942;0;2
KIFADE;1;12.2.1959;0;1
YESEN;1;9.6.1974;0;1
BEZAHET;1;26.9.1945;0;1
URFEM;1;27.4.1932;1;0
PEMBESERIF;1;21.3.1977;0;1
MUZEYYETTIN;1;20.7.1948;1;0
FESIDE;5;22.7.1949;0;5
YAVUZSULTAN;1;14.12.1985;1;0
HUDEYFE;1;26.6.1989;0;1
OMERKAAN;1;18.1.1990;1;0
HAYRUMSER;1;27.2.1979;0;1
HAYRIMSER;2;29.5.1970;0;2
MUHRUSER;1;7.3.1954;0;1
NERESE;1;12.7.1954;0;1
ADUFET;1;7.6.1970;0;1
HEMSIN;4;7.4.1957;1;3
ALIFAAT;1;2.8.1927;1;0
EVLADIYE;1;27.5.1974;0;1
TERCAMI;1;21.4.1966;1;0
SUCARETTIN;1;27.2.1956;1;0
KEYFIYET;2;14.1.1977;1;1
MUSLUBER;1;26.5.1974;0;1
MAKADDER;1;17.1.1954;0;1
MERHABE;1;7.2.1964;0;1
ZEYNELA;1;7.2.1989;1;0
HAVIZER;3;26.7.1974;1;2
ESPIHAN;1;18.11.1988;0;1
LUTFIYIE;1;14.10.1952;0;1
FERAZETTIN;1;11.3.1932;1;0
TEMIZER;3;30.9.1950;3;0
MULKUZER;1;20.3.1947;0;1
YETICE;1;12.2.1954;0;1
FETTIHA;1;8.7.1981;0;1
FILKAT;1;14.7.1947;0;1
ZEKIRIYYA;2;24.5.1969;2;0
ZULGADIM;1;10.2.1969;1;0
MURUVETIYE;1;29.4.1925;0;1
EBUZEYIR;1;4.6.1963;1;0
RERIKA;1;22.2.1973;0;1
ZELVIYE;9;24.9.1961;0;9
NURBENIZ;4;29.7.1966;0;4
ERBALI;1;20.6.1972;1;0
GAZIVER;1;2.4.1939;0;1
NADDE;1;12.8.1967;0;1
SONPINAR;1;1.3.1972;0;1
BEYFUDAR;1;27.2.1968;1;0
ELBINYA;2;20.3.1980;0;2
HURIME;1;2.3.1957;0;1
ALETDUM;1;12.3.1959;1;0
UZAME;1;16.10.1987;1;0
TERMIZE;3;2.11.1971;0;3
HARUYET;1;8.10.1974;0;1
LIVDE;1;2.11.1973;0;1
OKYAT;1;7.2.1976;1;0
CEZAYIRE;1;1.9.1965;0;1
ATINABEY;1;7.2.1977;1;0
BIRSEHAN;1;26.4.1990;0;1
TAHSIYE;4;26.5.1968;0;4
NIGMETHANIM;1;7.8.1928;0;1
MESLA;1;11.6.1952;0;1
SEVETE;2;14.12.1948;0;2
NELAHAT;1;21.6.1963;0;1
SELIBE;2;3.8.1976;0;2
KUSKUL;1;5.8.1970;0;1
SEVERSE;4;16.5.1967;0;4
SELCANBANU;1;5.11.1979;0;1
TESRIF;5;5.12.1952;0;5
ESMERAN;2;16.11.1976;0;2
MUHUVVET;1;14.2.1940;0;1
PIYAZE;2;2.6.1944;0;2
YESAVETTIN;3;24.4.1959;3;0
YASAVETTIN;5;16.4.1962;5;0
SAVVEL;1;2.6.1962;0;1
MAVILIZE;1;6.3.1944;0;1
NESHIN;1;6.2.1950;0;1
NEYIRMAN;1;28.3.1981;0;1
SEVIT;4;21.9.1970;4;0
ZEYPNEP;1;23.8.1947;0;1
KEFANUR;1;25.4.1975;0;1
IFSADIYE;1;30.7.1943;0;1
RESTIYE;1;4.8.1971;0;1
KUVAMETTIN;1;7.8.1934;1;0
SUHHEP;1;24.5.1958;1;0
TEFERUC;1;22.3.1937;0;1
ABDULLMUTALLIP;1;12.2.1971;1;0
GONCAN;1;11.6.1973;0;1
SUREKAR;1;9.3.1956;0;1
YELHUZE;1;17.12.1960;0;1
YARIYE;2;12.11.1950;0;2
SUHRAB;2;5.5.1984;2;0
FIKRINAS;1;26.8.1953;0;1
HANIRE;1;27.12.1974;0;1
GURKAAN;1;16.3.1977;1;0
MARIZA;2;9.1.1961;0;2
MUGERREM;2;13.8.1969;0;2
DASA;1;25.12.1972;0;1
RUHUSE;1;2.2.1951;0;1
NURIAN;1;23.3.1935;0;1
ERFILIZ;2;26.1.1960;2;0
AYSECANAN;1;7.12.1971;0;1
GHIULISTAN;1;17.9.1974;0;1
NEDERET;3;29.9.1955;0;3
NURTEMEL;4;6.6.1961;2;2
MEHDIJA;1;1.4.1972;1;0
DLIAN;1;12.3.1966;0;1
HAYIRLISI;1;26.4.1942;1;0
USTAN;1;23.12.1937;0;1
EMRER;1;11.10.1950;0;1
NAGYAN;1;17.11.1966;0;1
VAHIDI;4;25.6.1957;3;1
BAHADIRAN;1;29.6.1990;1;0
ECECIGDEM;1;10.11.1960;0;1
SEBUTAY;1;13.7.1977;1;0
VELBAG;1;22.9.1982;0;1
NABIKE;1;26.3.1965;0;1
SANSIK;1;11.9.1946;0;1
GULALA;1;1.7.1978;0;1
PATKUNE;1;2.2.1957;0;1
GUBRET;1;22.2.1961;0;1
A.DERYA;1;13.5.1962;0;1
SUMENIYE;1;26.10.1987;0;1
ILGNUR;2;16.7.1972;0;2
MEMAHAT;1;23.3.1932;0;1
RIFAHAN;1;1.8.1926;0;1
MUHRIBER;1;16.2.1975;0;1
SURADI;1;22.2.1974;1;0
CANDIYAR;3;11.1.1953;2;1
MUSEYNAH;1;8.9.1958;0;1
SAPINAZ;1;28.10.1943;0;1
HASEME;2;3.4.1943;0;2
ZEVCANE;1;1.7.1943;0;1
NOVADIYE;1;3.3.1957;0;1
SECAEDTIN;1;7.8.1950;1;0
EHTIMAN;1;6.4.1968;1;0
YELCIN;2;26.4.1982;1;1
SIRECETTIN;1;7.4.1966;1;0
ESBIYE;4;5.3.1977;0;4
SIVENAS;1;4.7.1963;0;1
PATISEM;1;2.3.1969;0;1
SAVHAN;1;22.2.1967;1;0
MIRISEL;1;17.5.1978;0;1
HASENEL;1;16.3.1951;0;1
GEBAHAN;1;17.2.1972;0;1
YONDEN;1;17.3.1966;0;1
ELFIDAH;1;10.4.1964;0;1
NASLET;1;27.4.1938;0;1
MUEZZER;2;23.4.1963;1;1
HIMZI;1;24.10.1931;1;0
ABDULRAMIS;1;18.9.1948;1;0
MEKEDIN;2;14.11.1953;2;0
ZELDUZE;1;12.8.1953;0;1
HEFIRE;1;9.10.1931;0;1
NECVAL;1;6.12.1954;0;1
KAHMIL;1;29.11.1963;1;0
ZIZ;1;17.8.1936;0;1
MIMIDIN;1;18.7.1985;1;0
FEREHNAS;1;15.3.1941;0;1
PAISE;1;3.4.1963;0;1
OKLAN;1;18.3.1988;1;0
FEYRAZSAH;1;15.7.1959;1;0
KAYAPASA;2;17.2.1966;1;1
REZANE;3;14.3.1966;1;2
SENEVITTIN;1;13.4.1959;1;0
AYSERIF;4;27.8.1965;0;4
HEKLIME;3;18.4.1962;0;3
GULIZTAN;2;3.3.1959;0;2
PASABATAN;2;15.10.1930;0;2
SAREH;2;19.12.1962;0;2
VARLI;1;11.5.1986;1;0
NASKO;1;2.8.1951;1;0
SUCAYET;1;11.9.1949;0;1
FAYEME;1;12.2.1971;0;1
MEDIKE;4;17.4.1951;0;4
TULGER;2;13.11.1972;2;0
MUSUTTE;1;14.8.1952;0;1
FEVCIHAN;2;15.7.1960;0;2
ARIDE;1;12.8.1953;0;1
DURRUSEVAL;1;3.8.1963;0;1
ANMI;1;27.8.1956;0;1
GULFINAN;1;23.2.1975;0;1
SAHAZIMET;1;16.6.1961;0;1
SENFA;1;24.4.1961;0;1
ZULAFIYE;4;21.3.1964;0;4
FABIL;2;18.2.1971;2;0
ZEKEIYE;1;22.7.1955;0;1
MUFKA;1;7.8.1928;0;1
MUSAFEDDIN;5;11.8.1967;5;0
SUZANAY;1;20.10.1989;0;1
MUFIDA;5;22.11.1953;0;5
MEFARRET;1;3.2.1957;0;1
GULHAMAM;1;17.2.1966;0;1
ERTOLGA;3;4.11.1978;3;0
JELA;2;20.6.1963;0;2
SERAFETHA;1;22.8.1955;0;1
ZELIJA;1;7.8.1958;0;1
DEGERTURK;1;26.12.1977;1;0
NILFUNDA;1;10.7.1967;0;1
HALAMET;1;25.8.1933;0;1
URISKA;1;7.8.1946;0;1
UMMETTIN;1;22.3.1951;1;0
SEYILE;1;6.2.1954;0;1
MEKBUBE;1;26.4.1959;0;1
SUBEYIDA;1;10.1.1960;0;1
YEKSEN;1;11.3.1978;1;0
MENDERESAN;1;11.10.1970;1;0
HAYRINUSER;1;19.12.1945;0;1
NISBEDI;1;2.7.1950;0;1
NUZLA;1;27.5.1962;0;1
MUSVETTIN;4;12.10.1950;4;0
NEMSURET;1;12.2.1941;0;1
SABBET;1;24.4.1955;0;1
AYTE;3;20.3.1945;1;2
SULKAME;1;7.8.1934;0;1
MUSBETTIN;1;26.8.1960;1;0
NURERSIN;2;4.1.1954;2;0
MEHTE;2;23.3.1968;1;1
ZUKRAN;7;12.9.1964;2;5
ERUZADE;1;4.6.1957;0;1
RUKSER;4;25.6.1953;0;4
MALUME;1;26.8.1944;0;1
SETTIN;1;26.4.1945;1;0
MELEKLERGUL;1;6.6.1930;0;1
MUNELLA;1;27.5.1974;0;1
MIMAT;1;1.7.1968;0;1
HAFISINI;1;27.4.1944;0;1
TESBIR;5;7.7.1959;0;5
FIRDADIYE;2;8.4.1961;0;2
FIDADIYE;1;22.6.1961;0;1
RUHSIYE;1;24.8.1971;0;1
HAYSA;1;4.3.1957;1;0
M.SADETTIN;1;14.3.1932;1;0
M.EBSER;1;7.10.1964;1;0
ELFULEYLA;4;1.2.1971;0;4
TAKVEDDIN;2;21.5.1967;2;0
KEMALEDTIN;1;16.6.1970;1;0
UMAIDDIN;1;27.10.1980;1;0
SUHBA;1;2.2.1951;0;1
GAMGARIP;1;9.5.1964;0;1
M.SITKI;7;10.12.1938;7;0
MUFRIKA;1;4.2.1963;0;1
AKINNAZ;1;1.3.1946;0;1
AFIYAN;1;2.2.1975;0;1
ABUSSATTAR;1;29.4.1974;1;0
SIVO;1;22.8.1913;0;1
TAYGUL;2;24.3.1972;1;1
RAFRAF;1;28.2.1956;0;1
GOLIKI;1;27.8.1926;0;1
MUZAHAT;2;11.2.1947;0;2
SINIFIYA;1;1.12.1975;0;1
SUHRIYA;1;18.4.1948;0;1
KIREMET;1;22.2.1973;0;1
EMIYEDDIN;2;12.7.1957;2;0
MIRDIYE;1;2.1.1987;0;1
SACAETTIN;1;12.2.1965;1;0
SUHHIYE;1;27.4.1950;0;1
NAHMATULLAH;1;2.2.1975;1;0
HINDIDINYA;1;27.2.1950;0;1
ABDULNASIH;3;16.12.1971;3;0
MUHTABAR;1;17.2.1972;0;1
DILVENAZ;4;18.5.1969;0;4
TOSIN;1;27.2.1974;1;0
HUBEYZE;1;12.6.1983;0;1
NASHA;1;7.2.1964;0;1
SIFAYIT;1;17.2.1972;0;1
MAHFIYET;1;9.4.1976;0;1
FERGIZE;1;7.2.1964;0;1
FELFUR;1;12.8.1923;0;1
ROFGEY;1;16.3.1971;0;1
CEFAR;3;8.5.1974;3;0
SILHIYE;9;24.10.1958;0;9
HURETE;1;17.3.1954;0;1
IBNUYAMI;1;27.2.1974;1;0
MUHBIBE;6;1.1.1971;0;6
ELSINEM;1;13.6.1974;0;1
ZEYNELABEDIN;1;12.1.1977;1;0
MUHLIZEMIN;1;11.10.1977;0;1
BUZO;1;16.10.1939;1;0
SIYEHAL;2;2.9.1971;0;2
MUHAREBEDDIN;1;12.2.1959;1;0
KILSUME;3;19.7.1984;0;3
SAFINETE;1;29.4.1952;0;1
SEYHIMA;2;11.8.1969;0;2
GULLATI;1;7.8.1934;1;0
PORSORI;1;22.8.1925;0;1
GULHAP;2;5.5.1975;1;1
HASSU;3;17.3.1939;3;0
MIZAYET;1;12.2.1971;0;1
MUHLINAS;1;7.4.1985;0;1
MAMES;1;9.4.1946;0;1
GASETTIN;1;4.3.1957;1;0
SETIH;2;15.4.1991;2;0
HALINAZ;1;17.2.1960;0;1
MAZBAHATTIN;1;12.4.1965;1;0
SUHBETE;2;14.8.1956;0;2
M.ZEMAN;1;17.2.1966;1;0
HARUS;1;27.8.1926;0;1
ABDULSIDAR;1;14.2.1990;1;0
NIZAMMEDIN;1;23.3.1986;1;0
MUHISE;2;11.9.1967;0;2
RABASE;2;20.11.1966;0;2
HASVET;1;13.11.1978;0;1
TEMINO;1;22.2.1967;1;0
ZUBASI;1;17.2.1966;1;0
SEVKIYETE;1;23.11.1978;0;1
REYETE;1;17.2.1972;0;1
VETIYE;2;28.12.1966;0;2
SIRCI;2;27.5.1950;0;2
BEZNIYE;2;27.11.1955;0;2
FIRVET;2;23.7.1950;0;2
FIKI;3;1.6.1952;2;1
FUCRETTE;1;14.11.1938;0;1
MUHSET;2;17.11.1954;1;1
SIHARNAZ;2;6.10.1957;0;2
NADIRSE;6;22.1.1967;0;6
TAYFI;1;7.5.1964;1;0
LAHLI;1;1.11.1956;0;1
DAMIA;1;24.2.1965;0;1
FELEKFIHAR;1;19.5.1944;0;1
DAMINE;1;19.11.1974;0;1
ABDULMUNIR;1;17.6.1972;1;0
GENCU;2;11.4.1956;2;0
RUHULETE;1;22.4.1948;0;1
NADRISE;1;27.3.1956;0;1
HUDUDAN;1;17.12.1948;1;0
MEAS;3;16.5.1982;3;0
SUSNI;1;28.5.1950;0;1
ZIRAVI;1;22.2.1949;0;1
BIDAG;1;10.3.1946;1;0
GAISE;1;8.3.1976;0;1
NASLIHA;1;10.6.1943;0;1
SEYHNUH;1;27.6.1980;1;0
BOSERYA;1;26.12.1960;0;1
AVASAH;1;22.3.1961;0;1
ABDULBAHI;1;26.8.1973;1;0
AVRO;1;27.8.1932;1;0
CAZIRE;1;17.7.1948;0;1
GORU;1;12.8.1929;1;0
PENERE;1;7.4.1964;0;1
EFRINCE;4;18.12.1973;0;4
FELO;2;24.1.1950;1;1
ELTIFE;1;21.1.1988;0;1
NURTAHA;1;18.2.1990;1;0
MUKRAMA;1;5.8.1977;0;1
SENATIYE;1;19.11.1948;0;1
EDIPBALI;1;29.5.1990;1;0
KUSUR;1;1.1.1;1;0
NASERETTIN;1;22.2.1955;1;0
MAFFUZ;1;5.4.1974;1;0
HILVET;1;27.6.1956;0;1
HEVLETE;2;20.11.1960;0;2
SEHBET;2;25.8.1955;0;2
FEVZIYA;6;10.6.1974;0;6
GULNEVAZ;7;10.8.1972;0;7
GAZABI;2;5.2.1937;0;2
CIMAZEL;1;7.2.1958;0;1
HUMSIYE;1;10.4.1964;0;1
NESITE;2;8.7.1976;0;2
MEYNETE;1;27.5.1962;0;1
MEYMETE;3;22.3.1949;0;3
ATLIM;1;5.3.1980;1;0
MUNZETE;1;17.2.1948;0;1
VAZFI;2;17.5.1954;2;0
MENZIRYE;1;11.4.1956;0;1
NUSMIYE;4;15.7.1971;0;4
SEZIBE;2;22.5.1963;0;2
YURHAN;5;14.11.1972;3;2
PEYRUZADE;1;13.3.1965;0;1
HALMA;1;16.12.1975;0;1
HUSEYNETE;1;2.2.1963;0;1
HIMRE;1;22.8.1931;0;1
MECBURET;3;27.7.1970;0;3
SEHLETE;2;24.6.1977;0;2
MUSADIN;5;21.11.1952;5;0
GULSIYEH;1;29.2.1983;0;1
EMUKELSUM;1;22.8.1977;0;1
ENFISE;1;16.11.1990;0;1
NAFIT;4;4.7.1956;4;0
HIBEYDA;1;27.2.1974;0;1
ABDULBESSIR;1;30.5.1988;1;0
CAIZZE;1;4.9.1982;0;1
SAIZYA;1;1.5.1979;0;1
VEYSIL;2;9.6.1970;2;0
HAVSETE;3;23.12.1977;0;3
MUZYA;1;9.1.1951;0;1
GULNEVAS;1;17.2.1954;0;1
EFMAN;1;3.2.1963;1;0
FILICAN;2;5.4.1967;0;2
SENATA;4;20.1.1961;0;4
ELFICAN;1;8.10.1988;0;1
NACIAT;1;18.2.1965;0;1
FERHITAS;1;22.8.1937;0;1
MUZIRA;1;12.4.1973;0;1
KEVSA;1;12.8.1917;0;1
NUCIDE;2;26.10.1957;0;2
COLAN;1;27.8.1932;1;0
DUMRETE;5;9.5.1969;2;3
DUNDARA;1;12.2.1941;0;1
MIKNAS;1;22.2.1961;0;1
ZUGAYRA;5;5.5.1943;0;5
LEYLUSE;1;6.11.1990;0;1
SAHBERI;1;12.2.1953;0;1
SUHRETE;3;13.12.1942;0;3
SAVINAS;1;10.5.1981;0;1
AMMAN;2;27.5.1973;2;0
EYCIN;1;7.12.1988;0;1
REFIATA;1;7.2.1976;0;1
NESIMETE;1;11.11.1963;0;1
CEYSEL;1;12.4.1987;0;1
SEMATE;1;19.6.1958;0;1
HADARET;1;7.2.1970;0;1
SUVABE;1;22.5.1961;0;1
KUMUSRA;1;12.4.1965;0;1
SENEZAR;1;26.5.1976;0;1
SAMETE;11;19.10.1970;0;11
MEHRUMAH;1;13.10.1953;0;1
NEFIAT;7;21.8.1968;0;7
NAZRIYA;1;2.8.1933;0;1
MEHEME;1;12.2.1959;1;0
BAHAREDDIN;2;29.1.1968;2;0
MELYEKET;1;12.5.1977;0;1
DEVLETGIRAY;1;17.2.1960;1;0
TAYRU;1;22.8.1931;1;0
SUREYBA;1;19.3.1978;0;1
TAYFULLAH;1;26.2.1982;1;0
SIGATULLAH;1;16.6.1960;1;0
UMMUKELSUME;2;28.1.1982;0;2
LATFIYE;1;7.8.1922;0;1
RAHMUTULLAH;1;25.2.1990;1;0
RUPHAN;1;23.4.1966;1;0
SINEMSE;2;4.3.1964;0;2
NAIRYA;1;20.2.1965;0;1
HAVSEDE;1;27.3.1962;0;1
MENZIRA;1;22.3.1961;0;1
NEFILEY;1;24.8.1955;0;1
FECIRYA;3;2.10.1977;0;3
IZRIFET;2;29.7.1970;0;2
MUZRIKE;1;11.6.1982;0;1
FIRYAZE;1;17.2.1966;0;1
EFRENCE;1;17.2.1978;0;1
VASIHAT;3;11.6.1979;0;3
SILAVA;3;30.8.1981;0;3
BENAZERI;1;17.2.1990;0;1
MAMETE;1;8.8.1963;0;1
SAVASEDDIN;1;11.6.1981;1;0
SEHBAS;1;12.8.1929;1;0
SENEDET;1;27.2.1962;0;1
MUENEZ;1;26.1.1985;0;1
MELAIM;3;28.4.1978;3;0
GEMEDDIN;1;30.5.1956;1;0
HUDEYCA;1;18.2.1983;0;1
GELSO;1;22.8.1937;1;0
HIMIRA;1;27.1.1944;0;1
BESMER;1;12.2.1971;0;1
EYTANE;1;22.2.1973;0;1
KIKAN;1;29.2.1932;1;0
EDIBBEDRETTIN;1;14.3.1952;1;0
SUYBA;1;12.1.1971;0;1
GENCEDDIN;2;6.11.1963;2;0
MURSIDET;1;27.2.1980;0;1
SENADET;1;17.4.1960;0;1
ETMANKE;1;22.3.1967;0;1
FEILE;1;26.10.1988;0;1
BERZIYAN;1;22.8.1944;1;0
CINETI;2;30.11.1956;0;2
ABDURRRAZAK;1;29.4.1981;1;0
M.VEZIR;1;11.8.1973;1;0
BILEGS;2;27.2.1968;0;2
NEVZO;1;3.3.1943;1;0
TALLO;1;1.1.1943;1;0
ASAP;1;22.3.1967;1;0
BEHIV;1;27.2.1992;0;1
HAFZADET;1;7.6.1966;0;1
DUJVAR;1;7.2.1970;1;0
BENGO;1;12.2.1959;0;1
SAHSIHAN;1;12.2.1959;0;1
ATTAP;1;7.4.1945;1;0
ATIRSA;1;12.2.1989;0;1
RAHIFZA;1;2.7.1957;0;1
TECIMAN;1;2.6.1981;0;1
ATISSAH;1;17.2.1954;0;1
ZEHREMAN;1;22.2.1961;0;1
OBEYTILLAH;1;12.3.1953;1;0
RAHFER;1;21.7.1983;1;0
RICAT;1;27.2.1956;1;0
YUNTEN;1;10.4.1980;0;1
AKUF;1;23.3.1943;1;0
ABDURHAMIT;2;11.7.1973;2;0
FERAMEST;2;19.9.1966;2;0
DIBRAS;1;17.8.1977;1;0
CUNETTI;1;13.9.1947;0;1
MESRAN;1;2.2.1981;0;1
HARMUS;1;25.5.1975;1;0
PITU;1;27.5.1942;0;1
CASULLAH;1;4.11.1938;1;0
ZUMZETULLAH;1;26.6.1977;1;0
GURUCAN;2;14.2.1965;2;0
HIKMETTE;1;2.9.1969;0;1
TARAZIN;3;9.3.1968;0;3
FIRINGIZ;5;1.1.1971;0;5
KIJE;1;27.8.1920;0;1
MIFTIYA;1;1.7.1982;0;1
MAHANE;1;2.2.1963;0;1
DARAV;2;29.5.1989;2;0
SIKIRYE;1;7.6.1957;0;1
DAGILE;2;12.5.1965;0;2
FEHHMI;1;27.2.1992;1;0
FEYRULSAH;2;18.6.1978;1;1
VEFYA;1;11.11.1976;0;1
MIRYEME;1;2.4.1951;0;1
CEBERI;2;3.2.1955;2;0
HAVARHAN;2;14.8.1980;0;2
MENDISAH;1;27.6.1974;0;1
SELAS;2;10.11.1958;2;0
ZEZIYA;1;23.6.1973;0;1
SORHET;1;9.3.1941;0;1
LIMLIYA;1;1.10.1974;0;1
SEHREVAN;1;22.2.1955;0;1
ENKIYA;1;1.10.1974;0;1
PILENG;1;2.2.1963;1;0
ZIBEYIT;1;3.2.1957;1;0
SIYAGAL;2;7.2.1970;0;2
KUBDEDDIN;1;2.2.1975;1;0
HUNUZ;1;18.4.1963;1;0
KUMRO;1;18.2.1972;0;1
SUVAYYIP;1;8.5.1985;1;0
ZEBEYT;1;16.9.1971;1;0
ABDUKEBAR;1;27.2.1974;1;0
YUSRUF;1;26.12.1987;1;0
SARAIL;2;22.2.1967;0;2
VEFAT;1;6.3.1967;1;0
GELAT;2;19.10.1983;1;1
MUTAASSIM;1;13.1.1986;1;0
TEMERI;1;8.3.1968;0;1
IZAHET;1;28.8.1967;0;1
KASEP;1;17.8.1954;0;1
FARZMELEK;1;22.2.1973;0;1
ZILKIRE;1;27.7.1968;0;1
M.ALIHAN;1;2.8.1933;1;0
MALULLAH;1;2.8.1927;1;0
RETVAN;1;3.3.1970;1;0
HASITE;2;12.2.1965;0;2
HILVETE;1;3.3.1975;0;1
ARVA;1;12.6.1974;0;1
BERHIS;4;9.3.1975;0;4
MUSERRIF;2;9.4.1959;1;1
BIRES;1;27.2.1974;0;1
M.VAIL;1;11.1.1955;1;0
M.CETIN;2;23.11.1967;2;0
HASANO;1;2.8.1933;1;0
RAYCAN;1;4.9.1965;0;1
MELEKETTIN;1;27.4.1968;1;0
KADDUR;28;15.11.1962;28;0
PEYMANDARA;1;7.8.1970;1;0
VEKA;1;25.5.1971;0;1
M.SAKIN;3;1.1.1957;3;0
SABAHILNUR;1;12.4.1960;0;1
RUZKIYETE;1;28.3.1956;0;1
HILEYYAN;1;16.3.1968;0;1
VEFAADDIN;2;15.6.1957;2;0
NEHZIYE;1;29.3.1966;0;1
FIKRIYYET;1;17.2.1972;0;1
OSMANBULUT;1;14.7.1991;1;0
MEKINIDDIN;1;20.12.1964;1;0
M.DIYA;1;12.1.1945;1;0
DIZBER;1;22.4.1991;0;1
MUHYER;1;5.12.1956;0;1
PERICIN;1;2.3.1969;0;1
GUSSET;1;22.9.1970;1;0
M.HAYRETTIN;4;18.7.1959;4;0
BENISEADE;2;2.11.1972;0;2
VAFAETTIN;2;25.5.1946;2;0
LEMIYA;5;13.4.1960;0;5
ZEYNELKARANI;1;23.8.1989;1;0
NIFUSE;1;14.6.1972;0;1
KULING;2;2.5.1945;2;0
TESIM;3;8.5.1980;2;1
LIAFER;1;26.6.1959;0;1
DIRIYA;1;23.1.1973;0;1
BEDERTTIN;1;10.11.1960;1;0
NAIMEDDIN;1;4.5.1965;1;0
OBEYTULLAH;1;26.6.1988;1;0
SEKRUYE;1;27.2.1992;0;1
ZELHIA;1;7.3.1976;0;1
DIRREY;1;27.4.1956;0;1
SARAYIL;3;17.5.1984;0;3
GEBIHAN;1;12.2.1941;1;0
FARSET;1;27.4.1974;1;0
HUSIE;1;22.9.1986;0;1
FURUHAT;1;12.2.1971;0;1
ERSINET;11;10.1.1982;0;11
MULKESER;1;21.10.1972;0;1
VEDER;1;24.10.1991;1;0
M.NADIM;1;16.12.1947;1;0
SAHZINEN;1;2.2.1963;0;1
M.NAFIH;1;2.9.1964;1;0
BEYNAF;1;7.8.1928;1;0
ATYAN;1;28.3.1977;0;1
TEMSIHA;1;1.10.1982;0;1
PURIYE;1;2.7.1969;0;1
MADEYA;1;27.9.1957;0;1
TAMINAT;1;12.4.1965;0;1
MAZIRA;1;3.3.1988;0;1
MUSUVRET;1;14.4.1986;0;1
OKCIN;1;3.10.1968;1;0
SEHICE;1;22.12.1973;0;1
ZEHRETA;1;29.6.1974;0;1
MUBESER;2;13.4.1980;1;1
SULEYNAN;1;13.1.1989;1;0
GULCEVAZ;1;14.6.1977;0;1
NEMIYKA;1;18.12.1962;0;1
RAKISE;1;22.9.1927;0;1
MAYESET;1;2.2.1963;0;1
TOSUNO;1;3.2.1967;1;0
BASRETTIN;4;30.10.1948;4;0
USSAM;2;10.2.1959;2;0
MISKALEDDIN;1;13.5.1957;1;0
NURSAF;2;6.3.1970;0;2
AFIFETTIN;1;12.11.1953;1;0
MAHMO;4;17.9.1941;4;0
KAIE;1;22.2.1967;0;1
M.OSMAN;2;17.9.1948;2;0
CUBRIYE;1;4.4.1969;0;1
EKBAL;1;22.2.1949;0;1
KEFFE;1;9.5.1959;0;1
TACRA;1;7.4.1946;0;1
ZUNEYNA;1;5.5.1969;0;1
BAGDAGULCAN;1;1.9.1990;0;1
HULASETTIN;2;13.3.1955;2;0
SUMMEYET;1;1.7.1975;0;1
M.MAKSUT;1;27.2.1950;1;0
UVEYSHAN;1;7.3.1977;1;0
HAMSIRAN;1;15.7.1961;0;1
M.LOKMAN;1;7.8.1964;1;0
GULETE;1;5.5.1963;0;1
MIRANHAN;1;27.2.1956;0;1
SUHIYLE;2;14.11.1959;0;2
M.HASRET;1;24.10.1942;1;0
ZUGEYRE;1;12.2.1953;0;1
M.VEHIP;1;13.6.1967;1;0
ZUBEYYIT;5;6.4.1970;5;0
KEYFGUSRA;1;7.2.1976;1;0
IFRAYYA;1;2.8.1939;0;1
MISEBIYE;2;27.5.1956;0;2
NARINAN;1;29.11.1987;0;1
EMENET;4;8.11.1966;0;4
SABITETUR;2;27.8.1964;0;2
DUMRAN;1;22.4.1961;1;0
GERBET;1;12.3.1989;0;1
ATAETTIN;1;7.2.1934;1;0
EMIRIYA;1;22.8.1964;0;1
SAHDIMENT;1;4.8.1986;0;1
BERZAL;2;15.9.1977;2;0
EDASUN;2;5.3.1990;0;2
SAHRINAS;1;6.3.1966;0;1
SEMETA;1;12.2.1965;0;1
ZAMERHAN;1;2.8.1981;1;0
MUEYIT;1;21.10.1991;1;0
LETER;1;27.9.1979;0;1
FEKIME;2;2.11.1977;0;2
ESIRIDDIN;2;11.12.1966;2;0
ZUMZUME;1;30.5.1964;0;1
SAHNEZE;1;28.4.1938;0;1
MUNFI;1;29.5.1961;1;0
KARIA;1;6.2.1971;0;1
BERHENDE;1;17.8.1945;0;1
PERIZARE;1;7.3.1982;0;1
NUAMETTIN;1;3.2.1950;1;0
ZAHIET;1;26.1.1975;0;1
ZULHUCCE;1;12.2.1941;0;1
MAVIFET;1;22.2.1967;0;1
M.MUHFI;1;7.8.1934;1;0
M.MUAMMER;2;6.5.1955;2;0
M.MAHFUZ;3;10.6.1954;3;0
SAHIYA;2;1.4.1962;0;2
ZEYANET;1;10.2.1956;0;1
FERZILMELEK;1;22.2.1961;0;1
HALILALLAH;1;13.8.1987;1;0
NASIHIDDIN;1;27.10.1974;1;0
NURAMINE;2;23.4.1985;0;2
REVSA;3;29.3.1956;0;3
M.NAMI;1;9.2.1952;1;0
BEDIANUR;2;11.4.1986;0;2
SAFIYYET;1;12.11.1965;0;1
PERINEZ;1;16.7.1975;0;1
MEDLULE;1;22.4.1965;0;1
MAHBIYE;1;2.7.1987;0;1
KINET;2;19.7.1948;0;2
HEVESHAN;1;12.8.1929;0;1
KAVYEDDIN;2;11.9.1970;2;0
M.BURHAN;2;23.1.1967;2;0
IHAN;1;21.5.1935;0;1
A.GAFAR;1;12.8.1971;1;0
MISBAHULMUNIR;1;25.6.1952;1;0
CIBIL;2;29.1.1952;1;1
DIRIHSAH;1;15.2.1941;0;1
MESIRET;1;2.2.1963;0;1
TAHO;1;21.4.1951;1;0
MUHUBIDDIN;1;2.3.1972;1;0
HAMMED;4;12.1.1955;4;0
OZMERCAN;1;15.8.1983;1;0
MUGLISA;1;7.8.1940;0;1
TALAADDIN;1;4.9.1960;1;0
ESRIKE;1;1.11.1990;0;1
MUHUBBIDDIN;1;7.11.1988;1;0
MUTTASIM;1;22.8.1991;1;0
TEMESSI;1;27.3.1967;0;1
NAIFILE;1;17.2.1966;0;1
SIYAHETTIN;1;22.1.1991;1;0
KAZEM;1;22.2.1973;1;0
RIHIZE;1;9.8.1934;0;1
MENIHAN;2;4.4.1966;0;2
NASIHADDIN;1;21.4.1958;1;0
OZLEK;2;28.12.1989;0;2
SEMSIIYE;1;28.1.1992;0;1
ELGESIYE;1;5.5.1975;0;1
ZELIG;1;27.5.1962;0;1
BUHANETTIN;1;12.12.1971;1;0
ZEKIYETE;1;26.3.1965;0;1
NADIRESEN;1;4.2.1933;0;1
VASHA;2;27.8.1950;0;2
HEDIIYE;1;18.9.1991;0;1
ZEYADDIN;1;5.5.1981;1;0
HUMIRIAN;1;6.12.1949;0;1
HERDEMCIVAN;1;5.12.1966;0;1
BELDAS;1;29.2.1961;1;0
HEYLIYA;1;18.5.1972;0;1
MEYREMCAN;1;19.11.1950;0;1
TAYISE;1;7.2.1976;0;1
ZEKYETE;1;17.2.1978;0;1
KURMUZU;1;3.12.1929;0;1
CUVANI;5;14.6.1949;0;5
NAMLICE;1;27.2.1974;0;1
HAVERHAN;1;12.2.1947;0;1
TILU;1;13.3.1934;1;0
ZUHEYCE;1;13.6.1982;0;1
ABAYIT;1;23.3.1955;1;0
GUUT;2;8.6.1946;2;0
FIRCE;20;30.7.1957;0;20
HACBAKIR;1;22.2.1991;1;0
UVEYIT;3;20.10.1944;3;0
UVEYYIT;3;5.10.1961;3;0
REDSE;6;24.3.1969;0;6
ZIHIYYE;5;19.8.1961;0;5
ILEYVI;7;19.9.1930;7;0
BEZULLAH;1;27.10.1950;1;0
LUUB;12;1.6.1975;0;12
HANTO;3;4.6.1957;3;0
FATIMTULZEHRA;1;25.9.1984;0;1
SIREYDA;1;7.2.1946;0;1
GUTRE;1;27.2.1982;0;1
HANNUSE;2;23.10.1954;0;2
UBIT;9;20.9.1945;9;0
CEZA;1;25.6.1948;0;1
MUAYIF;1;7.2.1970;1;0
FELCI;1;29.1.1970;0;1
FUDDA;10;28.11.1962;1;9
SETTEM;1;7.11.1979;1;0
TAYIHE;2;17.2.1954;0;2
SEHMUSTAFA;1;22.4.1967;1;0
FENNUS;3;2.3.1952;3;0
SELLAC;1;3.2.1951;1;0
MINHIR;2;10.8.1946;2;0
SUMEYYIR;1;27.8.1948;1;0
MIHEMIT;1;27.2.1974;1;0
HAIRE;1;2.8.1927;0;1
KHANEM;1;13.2.1983;0;1
MAYAHA;1;24.5.1967;0;1
SABBUHA;2;24.3.1957;0;2
SIYHA;3;6.1.1974;0;3
TELLAC;4;6.4.1972;3;1
KHULUD;1;3.7.1977;0;1
CIMALA;7;7.9.1962;0;7
HERZAMAN;1;7.2.1970;0;1
GETMA;13;5.8.1958;0;13
ICIMI;1;12.2.1959;1;0
TERBE;1;27.2.1968;0;1
KHALISA;1;21.10.1981;0;1
HUSSE;4;2.11.1966;0;4
HAVVADE;4;25.9.1945;0;4
KARRA;10;21.8.1973;0;10
ITRE;1;20.8.1965;0;1
CAYSI;1;6.4.1937;0;1
HECME;1;27.9.1974;0;1
RAHAYLA;1;30.7.1944;0;1
ZEGALE;1;22.2.1966;0;1
KEVAKE;2;12.2.1947;0;2
CEDE;4;2.12.1941;0;4
DIHEYYE;7;12.1.1965;0;7
RATSI;1;12.2.1953;0;1
DABUL;2;20.5.1951;2;0
DUVEYHA;1;12.2.1959;0;1
GAZULE;13;3.12.1958;0;13
ZEHEYBE;2;9.8.1970;0;2
GASVA;1;2.2.1951;0;1
HELA;1;2.2.1981;0;1
KEFAI;1;22.3.1985;0;1
NASRAHAN;1;22.2.1955;0;1
HORIEA;1;29.2.1980;0;1
YAZEGUL;1;23.3.1978;0;1
ABDULSANI;2;20.7.1960;2;0
TREYF;1;24.7.1967;1;0
NAYYULE;1;17.2.1966;0;1
TINE;8;24.9.1950;0;8
UBUT;1;7.3.1958;1;0
NASRAN;1;23.11.1937;0;1
SIHADI;4;27.10.1959;4;0
HALLUFA;1;22.2.1943;0;1
DEHIYYE;1;12.4.1971;0;1
SAVVAH;6;17.10.1952;6;0
AYANE;1;2.2.1957;0;1
HABUBA;3;7.6.1952;0;3
TUREYIF;1;14.9.1947;1;0
HORIA;1;13.9.1972;0;1
ZERUGE;4;4.5.1956;0;4
GUBBA;12;22.10.1957;0;12
SUAYLE;10;3.6.1963;0;10
DUVIC;1;12.2.1941;1;0
TREYYE;1;17.2.1972;0;1
MITAR;5;12.12.1963;5;0
AVVAD;13;30.7.1957;13;0
SIBAT;1;17.1.1972;1;0
ANNUZE;2;22.2.1961;0;2
HILIF;1;22.8.1925;1;0
KADNE;2;4.3.1952;0;2
ZUVA;1;12.8.1971;0;1
REHAYYI;2;26.4.1959;0;2
LUPA;1;27.8.1974;0;1
UGLA;3;13.6.1953;3;0
SUVEYRE;3;25.10.1958;0;3
DEBBUS;1;18.4.1936;1;0
VEDHIYE;2;4.10.1962;0;2
CEZAYE;1;30.3.1956;0;1
ZEKVO;1;27.7.1974;0;1
HASUN;2;27.2.1968;2;0
HANNESI;1;16.6.1959;0;1
ARUDE;2;16.4.1953;2;0
TUHAFA;2;3.10.1959;0;2
GUDRA;1;12.12.1971;0;1
SERAYECILER;1;3.12.1974;0;1
SUHNIYE;1;19.10.1982;0;1
ERDEA;1;12.2.1965;0;1
ZEHIYYE;21;7.3.1960;0;21
ZEKIIYE;1;22.8.1985;0;1
GEZZUL;1;17.8.1930;1;0
TUREYF;1;4.8.1949;1;0
HERSUMA;1;27.2.1944;0;1
SIMALE;6;17.4.1957;0;6
MITLAK;1;7.2.1958;1;0
SKUT;1;12.7.1953;0;1
KENSE;10;17.8.1957;0;10
SAVUT;2;2.2.1972;2;0
FENNO;1;17.2.1966;1;0
HELLO;6;16.1.1940;5;1
FEHMIIYE;1;2.2.1981;0;1
RIGIYE;2;24.8.1978;0;2
SABIHI;1;15.2.1964;0;1
MEYEHE;1;17.2.1966;0;1
BIRHI;4;25.8.1940;4;0
FENEV;1;7.2.1958;1;0
AMMUNE;6;16.11.1948;0;6
ABRA;4;7.2.1964;0;4
TAYHE;6;29.6.1945;0;6
DIHABE;1;27.2.1968;0;1
SIILI;1;27.2.1962;0;1
CUNUU;1;2.8.1965;0;1
ZIEYTIR;1;23.10.1956;1;0
RAHEYLE;3;23.4.1945;0;3
HAMMURA;1;14.7.1980;0;1
DELA;1;12.2.1971;0;1
SARRAT;1;7.11.1964;1;0
DIHIBE;4;21.11.1963;0;4
GETTAS;2;2.9.1955;2;0
CIMALE;18;25.8.1957;0;18
HODO;8;14.9.1970;0;8
ZAVVA;1;27.2.1956;0;1
DAVVA;6;25.8.1966;0;6
DEHHAS;1;7.1.1952;1;0
BELLE;4;11.8.1967;0;4
IHCUZ;5;5.11.1970;0;5
ZEGELE;1;9.3.1964;0;1
SEMSEGUL;2;17.8.1971;0;2
CIMAK;1;6.8.1964;0;1
GAZELLE;1;2.2.1957;0;1
ISMLIM;1;24.10.1991;0;1
HETTAP;1;20.11.1976;1;0
DENNAVE;1;12.2.1959;0;1
KAZMORA;2;22.2.1961;0;2
SIITE;1;2.2.1975;0;1
HACCURE;2;21.9.1960;0;2
HERZAM;1;22.12.1981;0;1
NIFEL;6;1.12.1966;4;2
HABSE;9;7.5.1959;0;9
COVHER;2;25.2.1977;0;2
HATTABA;1;7.2.1928;0;1
SITIR;3;4.12.1933;1;2
ZEBNIYE;6;27.3.1965;0;6
DEHHEM;1;17.2.1972;1;0
KOKE;2;10.8.1952;0;2
LABAH;1;1.4.1967;1;0
LUHUP;2;7.5.1964;0;2
GETTUNA;1;12.8.1962;0;1
KEHIYLE;1;12.2.1941;0;1
KAYDOV;1;24.11.1976;0;1
MUHEMET;4;9.6.1966;4;0
FELLAH;5;28.3.1952;3;2
NUCAT;1;9.12.1961;0;1
KEVVANI;1;2.2.1939;0;1
SIA;2;29.8.1968;0;2
KADDURE;1;27.6.1962;0;1
RIHEYYE;4;17.2.1963;0;4
FAZE;1;2.2.1969;0;1
SETTAM;1;9.11.1968;1;0
VILVA;1;22.3.1973;0;1
NEBERUK;1;12.2.1959;1;0
REVET;2;20.11.1973;1;1
BISI;1;22.2.1961;0;1
MUSEYTIF;1;24.7.1943;1;0
ZIAYLE;2;2.8.1977;0;2
KEMNE;1;17.11.1972;0;1
CAZIYYE;1;7.2.1964;0;1
KAZZULE;1;28.2.1961;0;1
HENAA;1;22.2.1991;0;1
HULVA;23;4.8.1959;0;23
HUCUS;8;6.1.1968;0;8
HABLUS;2;25.6.1937;2;0
BATRAN;2;12.5.1941;2;0
KUDRA;2;15.12.1971;0;2
RIDHA;1;22.2.1949;0;1
ZIHAYDE;1;22.2.1967;0;1
HAMMADE;10;28.1.1961;10;0
MUNHIR;1;22.8.1949;1;0
SIAYE;1;2.9.1973;0;1
DEVVA;1;22.2.1967;0;1
SALELE;2;8.2.1986;0;2
MIHLIF;4;1.8.1953;4;0
DIHIYE;1;12.2.1971;0;1
KARNA;1;2.2.1981;0;1
MENHIYYE;3;28.6.1976;0;3
HISMEN;1;21.5.1981;1;0
GUTMA;1;27.2.1962;0;1
FIREYCE;1;27.2.1956;1;0
NAHHAR;1;27.8.1974;1;0
AMMORE;1;7.5.1958;1;0
DUMIYE;8;22.12.1959;0;8
GARIK;1;17.2.1942;1;0
CIRDI;1;7.8.1922;1;0
BUTNA;1;17.2.1972;0;1
KIBIN;1;12.2.1965;1;0
BARGA;3;11.10.1973;0;3
SAGUR;1;30.4.1956;1;0
SAGHA;13;11.12.1965;0;13
SEDDO;5;8.2.1951;5;0
TAFILE;1;15.9.1952;0;1
HAMADE;5;24.7.1943;5;0
SILEYP;1;27.4.1956;1;0
SALHEY;49;9.1.1949;0;49
HALIMEY;3;2.2.1945;0;3
BINEVSEY;5;19.4.1966;0;5
SURIY;1;25.3.1955;0;1
TIFAYE;1;7.11.1982;0;1
ERBILE;1;9.5.1982;0;1
RINDEY;3;22.4.1961;0;3
ABRUS;1;2.2.1975;1;0
GAZALIY;1;23.9.1961;0;1
HAKARI;14;20.11.1974;14;0
REBBUA;2;15.8.1965;0;2
VETHEY;7;16.7.1956;0;7
UMMUHUN;2;5.10.1969;0;2
HUMADEY;1;17.11.1971;1;0
FEHILE;1;7.6.1980;0;1
HAZALEY;5;20.12.1956;0;5
IDDE;4;11.3.1968;0;4
HUMMADI;3;28.5.1971;3;0
TUFAHEY;2;19.1.1948;0;2
HUMMADEY;1;27.2.1944;1;0
IFSAN;1;2.2.1957;0;1
HINADI;5;5.4.1967;4;1
KIRMEY;1;12.5.1983;1;0
GEIS;1;22.2.1949;1;0
SUHMAN;1;22.4.1961;1;0
IZLIYA;1;16.11.1972;0;1
AFFA;2;4.6.1964;0;2
URGET;1;17.10.1961;0;1
YADEY;2;28.3.1973;0;2
ZAHIDEM;2;3.12.1967;0;2
HAISE;3;9.10.1965;0;3
MEHBIDE;1;7.9.1984;0;1
HENEY;1;5.3.1963;0;1
BIBAYET;1;26.2.1957;0;1
MICAYIL;1;7.2.1952;1;0
GEZNEY;1;2.2.1963;0;1
GULBIDAN;1;15.11.1973;0;1
NURDONE;3;18.10.1989;0;3
MIKEDES;1;16.1.1976;0;1
IBRAHIL;3;21.6.1981;3;0
QULNARA;1;22.8.1969;0;1
HILKET;4;13.11.1960;0;4
HANIMIY;1;15.10.1944;0;1
BIBIHAT;1;1.1.1;0;1
MUHAMMETHAZIM;1;22.5.1991;1;0
VADIFE;2;5.8.1951;0;2
BESRAVEY;1;26.6.1964;1;0
SOYIBE;1;1.2.1972;0;1
EBAY;1;23.2.1967;1;0
TUFAI;2;25.4.1966;0;2
TELCO;2;10.4.1977;1;1
BINAVS;1;2.2.1969;0;1
HEDEY;10;19.7.1951;0;10
HASERI;1;2.2.1963;1;0
HEDREY;3;26.6.1957;0;3
FINCANEY;1;16.2.1976;0;1
BERKELO;1;20.2.1948;1;0
HEDLIY;1;27.2.1932;0;1
HAVASI;1;12.2.1971;0;1
SARHOS;1;17.6.1960;1;0
DIRAI;2;29.7.1941;2;0
MEHMETATILLA;1;22.8.1925;1;0
BIRIGITT;1;22.9.1960;0;1
OMEHAN;2;27.7.1953;0;2
EMMUNEY;1;9.3.1952;0;1
SERKOT;1;12.6.1944;1;0
DEHABEY;3;18.7.1948;0;3
GAVAN;5;24.6.1961;5;0
DAHAP;3;3.2.1970;0;3
DEHEBE;4;28.1.1956;0;4
DAHABEY;3;10.4.1958;0;3
NAILEY;2;7.8.1928;0;2
DEHEP;1;21.5.1945;0;1
DEHAP;1;3.6.1950;0;1
KESAR;1;26.11.1970;1;0
ADLEY;1;27.2.1950;0;1
MEHEY;2;29.11.1938;2;0
MUTLUYA;1;16.9.1987;0;1
NEVATEY;1;22.2.1961;0;1
HADDALEY;1;7.4.1964;0;1
NEVIRAN;5;11.10.1958;5;0
GULLUSIREN;1;12.2.1971;0;1
SISEY;2;18.4.1952;0;2
ICLO;1;12.4.1940;1;0
GIZILAY;1;11.2.1986;0;1
SEM-I;1;23.3.1945;1;0
SERHOS;2;18.7.1950;2;0
TEYDEY;1;29.8.1986;0;1
VATGEY;1;30.5.1953;0;1
DELFER;3;9.6.1966;3;0
HANSALEY;1;29.5.1967;0;1
MEDRIN;2;29.2.1976;1;1
HADLEY;3;15.4.1956;0;3
KATTO;5;7.3.1955;5;0
ZEDAN;6;2.11.1971;6;0
YASLIHAN;2;14.9.1972;0;2
DAHADIN;1;17.2.1966;1;0
GUBBI;2;14.5.1947;0;2
HORAN;8;19.11.1962;7;1
VERDEY;2;8.12.1954;0;2
KADREY;1;12.2.1977;0;1
VETFEY;3;5.10.1958;0;3
ORDEGEY;1;2.9.1956;0;1
ZERGEY;13;27.2.1962;0;13
VEZNEY;1;30.2.1936;0;1
TIFFU;1;22.8.1931;0;1
AOILE;1;4.7.1988;0;1
MAHBIDE;1;21.7.1977;0;1
ABDULDAVUT;1;24.6.1988;1;0
DERCI;1;7.2.1958;1;0
GEYLO;1;22.2.1961;1;0
ADULIYE;1;22.12.1971;0;1
KATMAN;2;7.3.1970;2;0
NISANEY;2;24.9.1953;0;2
HAVESEY;1;26.12.1946;0;1
DILBACAN;1;17.2.1942;0;1
RABUH;1;10.4.1952;0;1
HAMACO;1;2.5.1941;1;0
FERITDUN;1;13.9.1956;1;0
VATHE;6;13.2.1952;0;6
HAVASEY;1;16.4.1959;0;1
HIPSE;2;7.1.1946;0;2
KOROGLAN;1;11.8.1938;1;0
SALIHEY;2;25.1.1932;0;2
GULMEVLANE;1;13.3.1983;0;1
AYNEZELIHA;9;13.1.1965;0;9
HUMADI;3;17.11.1965;3;0
SEYFETTA;2;18.10.1972;0;2
LEVZETTIN;1;12.2.1965;1;0
ABDUMUTALIB;1;17.2.1984;1;0
GACICE;2;21.4.1966;0;2
ZULKKANDER;1;17.2.1978;1;0
HALILDIVAN;1;17.2.1984;1;0
AYNIZALIHE;1;12.8.1935;0;1
YOKTUR;1;21.9.1957;0;1
AYNIZULEYHA;5;24.9.1971;0;5
UVERYIS;1;7.2.1964;0;1
TAHBIRE;1;2.7.1975;0;1
BINEYS;1;22.2.1967;0;1
VANILE;2;24.4.1989;0;2
FERSEY;5;22.2.1955;0;5
I.ETHEM;2;5.2.1969;2;0
HANDEL;1;12.2.1971;1;0
HUMARUN;1;27.2.1962;0;1
YEZEY;3;7.2.1964;0;3
RUHAM;1;7.2.1964;0;1
SIDIYYE;1;18.8.1956;0;1
AYNZELIHE;1;7.2.1988;0;1
MIHIYETTIN;1;7.8.1928;1;0
PEYSE;1;17.2.1966;0;1
FEZAREDDIN;1;19.12.1966;1;0
HANZELHA;1;3.8.1980;0;1
FIRDOVST;1;9.2.1973;0;1
HAMILO;4;5.12.1936;4;0
BESREVEY;1;12.2.1965;1;0
SIHSALIH;4;21.2.1953;4;0
BIZEY;1;14.10.1945;0;1
CEMSIVET;1;22.2.1961;0;1
TILLEY;1;12.8.1923;0;1
TAHVIRE;3;18.6.1972;0;3
VEDUH;3;10.2.1956;0;3
YESRAN;1;26.10.1971;0;1
BINCUS;1;27.2.1968;0;1
FILVEY;1;9.7.1941;0;1
DINDO;3;18.1.1969;0;3
SEYITVAKKAS;2;29.2.1981;2;0
HIDABET;1;27.2.1980;0;1
HEBES;5;12.12.1957;5;0
ITO;3;7.8.1935;0;3
ABDULFARID;1;12.5.1981;1;0
MUAKIL;1;1.6.1989;1;0
KOMRIYA;2;10.8.1970;0;2
HAMSOY;1;17.11.1960;0;1
BINVS;2;2.2.1963;0;2
KEYAS;1;2.2.1975;1;0
VETTUH;1;2.2.1981;0;1
KANILE;3;10.5.1981;0;3
GEMO;2;7.2.1946;2;0
HEMBEY;1;9.4.1946;0;1
AZILHA;1;22.6.1982;0;1
AYNIZELLIHA;1;1.3.1949;0;1
UVER;3;6.9.1957;2;1
MINAZE;2;25.4.1972;0;2
SOHIRE;1;24.9.1988;0;1
SAMSEY;1;21.8.1944;0;1
HAMZEY;1;12.2.1971;0;1
ILIZE;2;12.2.1977;0;2
NACIRAN;1;17.2.1966;0;1
MIHABER;1;22.2.1979;0;1
DILFARIZ;8;18.1.1979;0;8
VEDDUH;1;7.8.1928;0;1
FIKRKIYE;1;8.10.1985;0;1
DILPARIZ;1;7.2.1976;0;1
FARUDE;1;27.2.1980;0;1
HAFMA;1;12.7.1947;0;1
IZYAP;1;1.6.1979;1;0
TIRAYYE;3;7.2.1964;0;3
DEHIYE;2;2.12.1953;0;2
KENNI;3;15.2.1941;0;3
MEDDANA;2;27.10.1963;0;2
FULYAZ;1;16.12.1980;0;1
KAPSE;1;27.4.1974;0;1
REDVA;1;7.2.1952;0;1
IHLALE;4;4.8.1955;0;4
MEYAHA;3;17.8.1959;0;3
SILITA;1;16.3.1971;0;1
IZHEYYA;2;26.12.1979;0;2
HINAS;3;29.2.1960;0;3
BEDUR;1;22.3.1973;0;1
KITTO;3;4.12.1933;3;0
IADE;1;27.2.1950;1;0
TENZINE;2;15.1.1966;0;2
HALLUF;2;17.9.1942;2;0
HADDE;1;12.8.1899;1;0
MOZE;5;26.8.1966;0;5
GURSELA;1;12.7.1983;0;1
TAHYA;3;18.7.1963;0;3
HACCURA;1;7.2.1958;0;1
CEDDU;1;2.3.1939;1;0
HUBIL;1;22.2.1967;1;0
MAISEL;1;26.11.1982;0;1
SELLE;1;25.6.1961;0;1
HUMEDO;1;22.2.1949;1;0
OCBE;1;24.3.1961;0;1
SIGLE;2;12.2.1974;0;2
RIMEY;1;13.3.1929;0;1
HARZAM;1;2.2.1975;0;1
FARSAH;6;19.3.1963;0;6
HIZHAYYA;1;21.6.1932;0;1
DEHIYA;1;2.3.1981;0;1
FERAYYI;1;7.11.1958;0;1
HERDUS;1;12.4.1953;1;0
YEZO;2;12.10.1985;0;2
SIHAYYE;1;9.3.1964;0;1
TEVRA;2;11.6.1972;0;2
PEVRO;1;18.7.1953;0;1
HEDULE;8;22.4.1962;0;8
KEZFIYE;1;17.2.1954;0;1
SEGIR;1;22.2.1991;1;0
IHDELA;1;17.2.1966;0;1
TUREYYA;2;21.11.1973;0;2
ZIHIDE;1;2.2.1975;0;1
TABIYA;1;30.2.1966;0;1
NEZZAL;3;24.12.1956;3;0
HADA;1;17.9.1972;0;1
MUHEZHEZ;1;26.1.1955;0;1
NIHBETTULLAH;1;16.2.1965;1;0
HAFSETA;2;10.11.1973;0;2
ATTA;1;17.2.1960;0;1
DILFERUS;1;22.2.1967;1;0
CEDO;1;22.8.1925;1;0
GAMRIYE;1;27.2.1968;0;1
MECIBILRAHMAN;1;7.10.1975;1;0
MARICAN;1;7.2.1976;0;1
NUSBETULLAH;1;17.6.1972;1;0
ZELGO;1;14.4.1971;0;1
REHEYLA;2;9.3.1972;0;2
GENSA;2;8.6.1976;0;2
CEMALLEDDIN;1;26.10.1957;1;0
HIZEYYIM;2;10.9.1952;2;0
HASLIYE;2;14.3.1960;0;2
SIBIB;3;29.7.1946;3;0
KEFOKE;1;2.2.1951;0;1
ATLA;1;6.10.1957;0;1
HALISTAN;1;27.2.1980;0;1
BAYE;2;15.6.1962;0;2
ADDUK;1;26.4.1948;0;1
SAHIMUS;1;7.11.1970;1;0
IHANIZ;1;14.2.1976;0;1
NUZHETE;1;11.7.1964;0;1
AYNZULHA;6;13.6.1973;0;6
DEDDE;1;2.8.1927;1;0
OMMET;1;13.9.1977;1;0
HUBET;1;26.4.1976;1;0
FIYADETTIN;1;28.10.1954;1;0
EYTAC;1;23.4.1973;0;1
ZUMEYREM;1;10.5.1952;0;1
NEVVAS;1;17.8.1930;1;0
FULUZHAN;1;26.2.1967;0;1
IDEN;2;4.12.1973;1;1
KARBAYAZ;1;25.2.1967;0;1
YUHEYRE;1;14.3.1965;0;1
CEBRETTIN;1;17.1.1976;1;0
AYINZULHA;1;23.6.1982;0;1
OZMERYEM;1;12.2.1959;0;1
KILNI;1;15.12.1957;0;1
HISEYIF;1;20.3.1960;1;0
M.EYYUP;8;2.10.1963;8;0
HIMEN;1;1.6.1989;1;0
MUTLEK;2;10.3.1976;2;0
RADDI;3;24.10.1943;0;3
ZOLFE;1;2.6.1939;0;1
HAMDAS;1;7.3.1952;1;0
GIEYIT;1;8.3.1969;1;0
M.FERMAN;1;8.4.1970;1;0
BEMECE;1;12.7.1977;0;1
OTYA;1;26.3.1967;0;1
NOFYE;1;24.4.1937;0;1
GULIZEV;1;28.9.1974;0;1
KULALA;1;6.3.1977;0;1
ZAMMO;1;7.2.1934;0;1
HACUM;1;7.2.1952;1;0
M.HATIP;3;16.3.1958;3;0
FEYDULLA;1;1.11.1979;1;0
PISSI;1;2.4.1969;0;1
TIREYYA;7;3.3.1962;0;7
HUZNIYEGUL;1;2.4.1985;0;1
MAHPUSA;1;9.6.1964;0;1
SIGIP;1;24.7.1967;1;0
AYNUZELIHA;3;21.7.1976;0;3
TALAP;1;28.8.1974;1;0
HAYRINISAH;1;22.2.1967;0;1
ENZELGA;1;18.12.1972;0;1
HALIMEHAN;1;12.2.1947;0;1
KISRAN;1;17.2.1966;1;0
MIZAR;3;17.2.1970;2;1
SEVAH;1;22.2.1949;1;0
CEFFAL;1;22.8.1943;1;0
HANVA;4;13.10.1960;0;4
MEYUFE;1;17.8.1924;0;1
FARSA;2;4.11.1954;0;2
REHEYYE;2;21.3.1948;0;2
MEGRO;1;7.2.1946;1;0
SADEY;3;11.1.1951;0;3
HENNUS;2;19.8.1963;0;2
GAZZALE;1;21.5.1983;0;1
HEDDI;1;26.1.1972;0;1
DEHLE;2;29.10.1960;0;2
FIRISET;1;22.10.1991;0;1
BAYAZI;2;24.8.1964;0;2
ALEVEDDIN;2;28.7.1964;2;0
OZDAMAR;3;20.12.1963;2;1
APTAN;1;12.2.1959;0;1
GENDOHA;1;4.3.1951;0;1
TERAYYA;1;7.2.1964;0;1
CUKI;1;18.3.1954;0;1
TIMEM;4;20.8.1970;0;4
HUBEYSI;1;1.5.1972;0;1
DELVIN;2;18.10.1982;0;2
MISLA;1;16.8.1975;0;1
ZERRUG;16;30.8.1969;0;16
TURAYYA;1;22.2.1955;0;1
ICMELE;2;24.10.1968;0;2
KEDIHANI;1;14.3.1969;0;1
GABIHA;1;21.8.1948;0;1
BIBIHACIRE;1;16.6.1988;0;1
HACIGULAM;1;12.8.1965;1;0
HALDANE;4;9.2.1979;0;4
SEMSILHAK;2;17.8.1972;2;0
FAZILHAK;1;17.8.1984;1;0
TACHAL;1;22.8.1961;0;1
ISANKUL;1;27.8.1968;1;0
KULBICHIN;1;7.8.1982;1;0
TUGRAKUL;1;12.8.1953;1;0
MUYBILEN;1;2.8.1957;1;0
BIBIRUKIYE;1;27.8.1938;0;1
BIBIHAYAT;1;12.8.1959;0;1
BIBINARA;2;14.12.1956;0;2
ESMEHMET;1;22.8.1925;1;0
MINALI;1;22.8.1943;1;0
SUMBAR;1;2.8.1963;0;1
BEBELALA;1;2.8.1963;0;1
YENGULU;1;12.8.1923;0;1
HOCAMKUL;1;7.8.1928;1;0
ULGAZ;1;7.8.1976;0;1
ZARIFHAN;1;22.8.1967;1;0
PERDEKUL;1;12.8.1953;1;0
ABDULSAH;2;4.9.1962;2;0
TASKUL;1;25.8.1928;1;0
PERDEHAL;2;16.5.1959;0;2
TACIHAL;2;26.8.1928;0;2
GULBESIR;1;7.8.1970;0;1
GULBABI;1;22.8.1949;0;1
ZIYADULLAH;2;10.12.1956;2;0
OZMEHMET;1;22.8.1937;1;0
ABDULHAYR;1;17.8.1984;1;0
SEFERBIBI;1;22.8.1943;0;1
ABDUKAFFAR;1;2.8.1963;1;0
BIBIZEN;1;27.8.1968;0;1
SENEVAR;2;1.11.1950;0;2
PERDEH;1;12.8.1965;1;0
SEYYIDISA;1;17.8.1972;1;0
TACINURA;1;7.8.1952;0;1
SEYIDALLADIN;1;17.8.1942;1;0
NAZIRAY;1;22.8.1943;0;1
SEYYIDMUSA;1;27.8.1974;1;0
ESBAY;1;13.8.1958;1;0
AYBERCIN;1;2.8.1963;0;1
RECIHAL;1;2.8.1933;0;1
HALMAMA;1;17.8.1948;0;1
HALMEMET;1;2.8.1939;1;0
RUZIHAL;1;22.8.1991;0;1
UMIDULLAH;1;11.3.1987;1;0
ABDULBEZIR;1;7.8.1982;1;0
HUDAYAT;1;7.2.1964;1;0
ENERHAL;1;4.10.1990;0;1
BALHIOMAR;1;12.8.1923;0;1
HOCAMUSA;1;12.2.1971;0;1
KIZLARGUL;3;13.6.1963;0;3
ZIBINNISA;1;7.8.1976;0;1
HALMUMIN;3;11.3.1974;3;0
AKBERDI;1;22.8.1979;1;0
BIBISADE;1;17.8.1918;0;1
HALMUHAMMED;1;22.8.1979;1;0
BIBIDANE;2;5.1.1952;0;2
MUNUFEDDIN;1;12.8.1965;1;0
MIMFATIS;1;17.8.1948;0;1
KIZLARSULTAN;1;2.8.1951;0;1
HAYITGUL;1;22.8.1973;0;1
ABDUZAHIR;1;28.10.1931;1;0
KIZLARSAH;1;22.8.1955;0;1
BEGMIRZA;1;16.8.1943;1;0
HABULLA;1;22.8.1979;1;0
BIBIGULISTAN;1;27.8.1938;0;1
MAMAHAL;4;6.3.1967;0;4
ZAVLAK;1;2.8.1981;1;0
SAMSIRIN;1;2.8.1986;1;0
ZULEYBE;3;17.10.1949;0;3
SEREVAN;1;2.8.1963;0;1
IHBAN;3;2.8.1969;2;1
HALMUMUN;1;27.8.1956;1;0
DANAGUL;1;22.8.1961;0;1
MENZIRHAL;1;12.8.1965;0;1
MAHFIRER;1;2.8.1981;0;1
NAKIBULLAH;3;7.12.1980;3;0
MINZIYA;1;2.8.1927;1;0
ZEYNEPSAN;1;2.8.1963;0;1
ANAHAL;1;22.8.1967;0;1
SEYITRAHMAN;1;17.8.1978;1;0
TOKTAS;1;27.8.1938;0;1
BIBITULLAH;1;12.8.1923;0;1
MAMAKAN;1;2.8.1933;0;1
ZALIDE;1;12.8.1965;0;1
HALMEHMED;1;27.8.1962;1;0
RUZIHAN;2;21.9.1959;0;2
BIBIZANA;1;7.8.1976;0;1
ABDULHAIL;1;22.8.1973;1;0
ABDULCEBIR;1;12.8.1953;1;0
NECEPGUL;1;2.8.1975;0;1
SEVSALE;1;4.2.1967;0;1
SINSILE;1;16.3.1946;0;1
SABERE;1;22.5.1967;0;1
BILEMEZ;3;3.4.1980;1;2
NIVERAN;1;12.6.1965;1;0
NUSUM;1;12.2.1977;0;1
DAHAYYE;2;17.4.1966;0;2
GERRAS;1;17.4.1966;1;0
REYYAS;1;6.2.1939;1;0
SEGHAN;1;27.11.1982;0;1
DIHAYYE;7;24.11.1959;0;7
ZIANE;1;2.4.1945;0;1
NEYYUL;15;27.1.1953;0;15
ZEHEYI;2;6.2.1933;0;2
MULKESUM;1;7.8.1975;0;1
RUVEYLE;1;1.8.1982;0;1
GAZZAL;3;24.12.1976;0;3
HELLOV;1;26.7.1977;1;0
CURVE;1;7.3.1940;0;1
HADDULE;1;5.5.1975;0;1
ABDULHAMMUT;1;21.2.1968;1;0
NECICE;1;6.10.1980;0;1
ZEHERE;1;27.8.1920;0;1
BEGRA;1;8.3.1957;0;1
ANNO;3;11.3.1961;0;3
PAKIZADE;3;19.4.1960;0;3
ITRAFE;1;8.9.1974;0;1
ZAKRI;1;28.7.1976;1;0
GENDUKE;1;22.3.1961;0;1
BERNAA;1;12.9.1970;0;1
DERBO;9;30.12.1959;9;0
NOFIL;2;22.5.1961;2;0
GUHUNEY;2;27.5.1956;0;2
KAYINA;1;22.2.1973;0;1
BINEFSEY;3;20.1.1964;0;3
KURDEY;3;4.12.1946;0;3
VASIHA;4;8.2.1973;0;4
BANIYA;3;15.8.1974;0;3
HIPSEY;2;6.8.1954;0;2
DEYYA;1;2.2.1957;1;0
YULFET;1;22.2.1973;0;1
BAGDEM;3;8.2.1975;0;3
TEREY;1;24.3.1948;0;1
NAILO;1;27.7.1975;0;1
EMUNEY;3;18.10.1953;0;3
HARDEY;1;12.2.1965;0;1
HISARI;3;13.6.1965;3;0
ABDULSABRI;2;2.1.1988;2;0
ISLIMCAN;2;8.10.1964;0;2
RUSKEN;1;27.2.1956;0;1
SENEMEY;1;2.2.1957;0;1
TEYREN;1;2.2.1963;0;1
CELVI;1;26.4.1977;1;0
I.HUSEYIN;2;24.2.1960;2;0
AYNEYZILHA;1;27.12.1962;0;1
BINISAN;1;26.1.1989;0;1
MEDIRIS;1;22.2.1967;1;0
NEZIBER;1;27.8.1960;0;1
GAFURIY;1;16.2.1940;0;1
MECSEL;1;27.2.1962;1;0
TAYLAR;1;27.5.1978;1;0
NEHADIYE;1;23.2.1941;0;1
GOZELEY;4;11.5.1479;0;4
PAYAMEY;1;7.5.1943;0;1
REHEN;1;21.5.1966;0;1
MAKILE;2;13.9.1974;0;2
TAYREY;1;12.4.1938;0;1
TAYYARO;1;1.3.1942;1;0
KUBEYT;1;7.3.1964;1;0
MILLEY;1;12.2.1947;0;1
AVNIZIVER;1;22.2.1947;1;0
PERVEREY;1;2.8.1933;0;1
HALILIRRAHMAN;1;22.2.1967;1;0
NILSEM;3;24.2.1984;1;2
DUNYAZAD;2;22.8.1959;0;2
DUNYAT;1;17.2.1960;0;1
AYNIZILIHA;2;8.2.1955;0;2
FAKAS;2;10.10.1960;2;0
DEKSE;1;24.7.1969;0;1
KAZULE;4;18.10.1968;0;4
NIRGIL;2;13.11.1976;0;2
RAHEYE;1;7.2.1934;0;1
ZENDBEND;1;12.2.1971;0;1
HABURA;1;26.8.1982;0;1
KADURA;1;4.5.1957;0;1
BILIG;3;29.8.1950;3;0
HALLUME;10;27.8.1944;0;10
DIHEBE;3;5.10.1965;0;3
SIHEDI;1;17.2.1948;1;0
GUDNE;1;26.9.1971;0;1
SILEYIP;1;12.2.1965;1;0
RAHAYYI;1;17.2.1966;0;1
DEHEYYE;5;20.11.1955;0;5
GAZZAVE;1;2.6.1950;0;1
HALEP;2;4.6.1957;1;1
RUZEK;1;9.9.1971;1;0
MEYMENETE;1;10.1.1976;0;1
FIRENCIYE;1;10.4.1974;0;1
SITTAVA;1;22.2.1937;0;1
SIBLIYE;1;7.2.1952;0;1
GODRO;1;30.7.1966;1;0
LUGBA;4;22.11.1963;0;4
RIDAA;2;4.3.1969;0;2
FIRIDI;1;27.3.1982;0;1
HUMEYT;2;3.10.1979;2;0
MIRIFE;1;7.2.1970;0;1
SEED;1;11.10.1974;0;1
TUFAHA;9;11.5.1965;0;9
CIYAS;1;27.2.1938;0;1
TAHTUH;1;2.8.1933;1;0
SATVA;1;12.2.1959;0;1
MEYYIHOO;1;6.6.1955;0;1
VAVI;1;17.8.1924;1;0
TURUNCIYE;1;12.11.1965;0;1
CEDGE;1;2.2.1957;0;1
MUGLAC;1;12.3.1928;1;0
DIHAYE;2;28.1.1970;0;2
FASUN;1;27.2.1938;0;1
KASRA;4;30.4.1982;0;4
HILEYYIL;2;25.8.1937;2;0
GERHA;4;18.7.1960;0;4
KENAZ;1;17.8.1936;1;0
TAHIMI;1;7.8.1934;1;0
GAZZULE;2;21.12.1974;0;2
GAY;1;27.2.1950;0;1
DOMA;2;2.2.1951;0;2
GEZUME;1;7.4.1976;0;1
NIAYIS;1;17.2.1952;1;0
ULUP;1;19.10.1957;0;1
HATTANE;2;4.10.1963;0;2
TELFE;2;17.2.1966;0;2
IZHAYYE;2;12.5.1961;0;2
DIAYIS;1;7.2.1964;1;0
SETVA;4;25.11.1949;0;4
EYFE;1;7.4.1966;0;1
ARRODA;1;6.12.1945;1;0
DIHEYE;2;29.9.1962;0;2
ANVA;3;30.10.1962;0;3
GESO;1;17.2.1942;1;0
HERRAN;1;17.4.1960;1;0
SIAYLE;4;13.5.1962;0;4
DUVA;1;27.2.1976;0;1
GILIP;1;7.2.1958;0;1
ABDURRAZEK;1;22.3.1985;1;0
VEDDE;1;7.2.1982;0;1
ZEHEYYI;1;27.2.1962;0;1
HUVEYI;1;17.4.1972;0;1
ZIAYLI;1;14.9.1947;1;0
ALVAS;2;1.8.1948;2;0
REHEYLE;3;15.11.1954;0;3
SIKDE;2;2.5.1933;0;2
MIGLIF;1;17.2.1966;1;0
EVAS;2;22.9.1959;0;2
IMARA;1;10.2.1934;0;1
SUUA;1;22.2.1955;0;1
DULAP;1;17.2.1942;1;0
CEHEYDE;1;12.2.1965;0;1
GEDIYE;1;29.5.1944;0;1
KERDO;1;15.9.1967;0;1
ZERRUGE;3;15.12.1953;0;3
KUTNE;2;24.6.1969;0;2
HAMITEDDIN;1;12.11.1965;1;0
RUBEYYI;1;7.2.1934;1;0
SELCI;1;27.9.1974;0;1
HAVVEDE;1;12.2.1941;0;1
HAIP;1;7.9.1982;1;0
NASSAR;1;22.10.1985;1;0
COVER;1;26.7.1969;0;1
GUBA;2;8.10.1964;0;2
CIMELE;1;27.2.1938;0;1
HAYYURE;1;27.9.1950;0;1
HISSI;2;7.4.1971;2;0
TUFFAHA;39;9.1.1957;0;39
GILLE;1;27.2.1974;1;0
CEHEBEL;1;17.2.1966;1;0
NIAYYIS;1;22.6.1973;1;0
RIDEH;3;12.12.1958;0;3
ABDEDIN;1;22.6.1973;1;0
FUKAYYIR;1;7.2.1946;1;0
KETSE;1;22.2.1949;0;1
HETLE;4;19.2.1950;0;4
UVEYYID;1;22.5.1955;1;0
KADDUSE;1;6.6.1936;0;1
HUVEYYE;2;7.5.1946;0;2
SUEYLE;4;5.5.1970;0;4
PEKSE;1;27.2.1962;0;1
MERGI;1;22.2.1949;1;0
MEZHE;1;9.5.1940;0;1
FUNES;1;2.7.1989;0;1
GEZVE;2;4.8.1959;0;2
TILFE;1;22.12.1955;0;1
RIHAYLI;2;23.2.1962;0;2
HISFA;3;2.10.1964;0;3
TAYYUHA;2;21.1.1966;0;2
MALUMA;1;12.5.1964;0;1
DEHI;2;6.8.1963;0;2
FEDDA;4;13.8.1954;0;4
BERGI;6;20.6.1953;2;4
KAYDE;4;23.8.1966;0;4
KAZALE;4;20.7.1957;0;4
KAZVA;1;18.7.1959;0;1
KEDINE;1;2.1.1957;0;1
TERFO;1;19.4.1961;0;1
HUBEYDI;1;22.6.1967;1;0
KERSUMA;2;21.2.1966;0;2
HESMAN;2;1.7.1951;2;0
HAMDOS;15;5.6.1955;15;0
HULUV;1;12.2.1941;1;0
VEZBA;1;22.2.1967;0;1
BULUNTU;1;22.2.1967;1;0
MEYYEHE;1;5.2.1979;0;1
HUMEYYIT;4;18.5.1948;4;0
MUHARIK;1;12.2.1941;1;0
MUHARRIK;1;20.2.1976;1;0
SIAH;1;12.2.1965;0;1
HARFIYYE;1;22.3.1976;0;1
ZEVVA;1;22.12.1961;0;1
TEYHE;2;11.9.1964;0;2
HOFA;1;27.2.1972;0;1
IZHEYE;2;8.2.1966;0;2
FUDLE;1;30.5.1975;0;1
ZENNO;1;3.3.1969;0;1
IDEYIP;1;26.6.1964;1;0
IGAB;1;12.2.1959;1;0
CADA;1;22.2.1979;0;1
TELCA;10;11.7.1968;0;10
SAAVA;1;2.2.1945;0;1
MEYLE;10;16.10.1957;0;10
ID;3;9.4.1940;3;0
ABUZIYET;1;9.6.1964;1;0
REBUI;2;6.1.1962;1;1
FATUM;15;30.12.1947;0;15
SERAYA;3;11.9.1979;0;3
RAKKA;1;2.2.1981;0;1
HEYDE;2;8.2.1977;0;2
TEKBILE;1;17.3.1990;0;1
SUERIN;1;21.2.1983;0;1
GULBINNUR;1;6.11.1969;0;1
ZUMRIYET;1;27.2.1962;0;1
MERIVET;1;2.2.1981;0;1
UMRANFETIHYE;1;12.8.1979;0;1
NEYNO;1;7.4.1946;0;1
GUNDOHA;1;4.3.1963;0;1
CEVZELLAH;1;22.2.1979;1;0
OMRIYAN;2;2.2.1975;0;2
MEYYA;8;24.3.1961;0;8
TARFI;2;3.8.1961;0;2
METULE;1;22.8.1937;0;1
HOTO;1;19.7.1942;1;0
ANZELEYHA;1;12.2.1941;0;1
LEYYUZA;2;20.1.1962;0;2
ALNAZ;1;7.8.1976;0;1
HICEL;1;11.11.1988;0;1
PERZEDE;3;5.5.1966;0;3
NEDIMAL;1;7.2.1970;0;1
KIRISTAL;2;7.2.1970;0;2
GARZO;6;6.1.1941;6;0
ASAMIN;1;11.3.1982;0;1
TAKIYA;3;25.1.1973;0;3
TEZIHIDE;1;9.6.1958;0;1
ADAP;2;7.5.1946;2;0
VEDHI;3;24.2.1951;0;3
UDMAN;2;12.5.1958;2;0
TERIHET;1;13.2.1965;0;1
FESULA;1;7.2.1976;0;1
MUSERYA;1;9.11.1971;0;1
MEMIKAR;1;2.10.1975;0;1
TERIAT;1;17.10.1966;0;1
KEZIBAH;1;17.2.1984;0;1
PUKO;1;17.8.1930;1;0
KADRIYYE;2;8.8.1962;0;2
MEMIKAN;2;6.10.1980;0;2
UVEDDALLAH;1;22.2.1973;1;0
KETVA;2;24.6.1962;0;2
HEDIYIE;1;18.7.1981;0;1
VEYTAN;1;7.2.1970;0;1
FERSAK;1;21.3.1939;0;1
TURIYET;1;22.2.1973;0;1
BINEF;1;7.2.1964;0;1
TENZILAT;3;17.5.1977;0;3
TEYLIYE;1;22.2.1967;0;1
GIRYAS;1;22.2.1973;0;1
SEVIRNAZ;2;15.1.1979;0;2
RAVSA;1;20.11.1973;0;1
HACIVELIT;1;27.2.1968;1;0
KEDRI;2;29.7.1965;1;1
HETLA;2;18.11.1974;0;2
OVIS;5;25.8.1948;0;5
ZEYNOFER;1;1.9.1974;0;1
NAFO;4;21.12.1951;0;4
AFICAN;1;21.9.1973;0;1
FERIKET;1;2.2.1957;0;1
LAMHI;1;13.2.1984;1;0
MEDEV;1;9.1.1979;0;1
GEVIZ;1;4.7.1982;0;1
GIZLA;1;22.12.1975;0;1
M.DILEK;1;22.12.1979;0;1
BULENTDEVRIM;1;2.5.1973;1;0
MUHAYETTIN;1;9.10.1953;1;0
FIDELBAHAT;1;27.2.1978;1;0
KETARIK;1;7.2.1976;1;0
BORIHAN;1;1.11.1991;0;1
YEHBAZ;1;17.8.1972;0;1
BURAKZADE;1;18.5.1975;1;0
LAHLE;1;26.12.1948;0;1
SEYFULAH;2;26.1.1975;2;0
SEPHAT;1;26.4.1973;0;1
NUAT;1;17.7.1978;0;1
HUZNAH;1;26.11.1983;0;1
EFRIYA;1;13.7.1980;1;0
ZAGRA;1;3.5.1957;0;1
VEZILA;1;8.9.1988;0;1
SEBIRYE;4;5.11.1971;0;4
ZULUMA;1;27.5.1968;0;1
HAYSEDIN;1;12.11.1977;1;0
NULIFEZ;1;2.2.1975;0;1
HIDAR;1;12.2.1971;1;0
ISMIK;4;13.5.1968;0;4
GENDO;10;3.5.1964;0;10
KENE;2;3.8.1964;0;2
CUHA;1;23.6.1978;1;0
FATFA;3;8.8.1958;0;3
MUHBIRYA;1;4.6.1972;0;1
HULNA;1;17.4.1978;0;1
IZGEL;1;6.6.1981;0;1
HODRA;1;22.11.1985;0;1
MIHIDIYE;4;19.5.1975;0;4
HELALA;1;12.8.1977;0;1
GODA;3;17.7.1950;0;3
VEZZA;2;23.3.1952;0;2
MEKEYE;1;10.3.1984;0;1
SEKAL;1;22.2.1967;0;1
MUNERYE;2;4.2.1949;0;2
MALEK;2;1.9.1958;0;2
ZENURIYA;1;27.8.1974;0;1
GIRIYAZ;1;8.1.1964;0;1
SEZLAN;1;6.6.1981;0;1
ABDULSEVKI;1;17.2.1973;1;0
BENFS;1;20.1.1978;0;1
NUSRETIN;9;13.7.1965;9;0
REMZIYASAR;1;10.10.1962;1;0
SEVRES;2;15.10.1975;0;2
IMANE;1;27.2.1950;0;1
UZIR;1;24.5.1955;1;0
NESRETIN;4;26.12.1951;4;0
FIDAS;1;9.7.1941;0;1
SEHRIBAZ;1;10.12.1974;0;1
BIZIY;1;17.9.1972;0;1
SEBHET;2;12.12.1970;0;2
SAHDULAH;1;22.4.1973;1;0
ZULUFUYE;1;7.8.1940;0;1
KUDDUR;1;5.9.1963;1;0
METRE;1;9.10.1971;0;1
HOLKIN;1;17.10.1971;1;0
HENSA;8;4.6.1952;0;8
MAMIRI;2;25.12.1941;0;2
HUPRIYE;15;25.8.1952;0;15
MIHIMIT;1;29.5.1938;1;0
PAHAYSER;1;12.4.1959;0;1
CERO;1;2.3.1971;1;0
ZUBEDIYE;5;8.7.1967;0;5
M.CIHAN;1;17.2.1978;1;0
AYNIZALHA;1;23.4.1967;0;1
VELIL;1;22.2.1973;1;0
MUKEDAT;1;22.8.1961;0;1
RODDA;1;2.2.1975;0;1
NEYTULA;1;16.5.1979;1;0
ABUZZER;1;12.2.1971;1;0
SEHDEDE;1;27.2.1974;1;0
SACME;2;18.4.1969;0;2
ALYO;2;7.2.1958;0;2
KALMUSA;1;26.4.1972;1;0
ZETUYE;1;16.3.1976;0;1
BESMIN;1;7.1.1986;0;1
MEYTO;1;17.8.1978;0;1
RESMET;1;6.10.1979;0;1
VEZE;1;22.8.1931;0;1
GILYAZ;2;3.2.1967;0;2
ELYESAK;1;24.5.1973;1;0
BADUR;2;8.1.1971;2;0
KISMIT;1;21.10.1988;0;1
MIHYEDIN;9;11.3.1965;9;0
MUSIDYE;1;2.2.1975;0;1
SANIYEL;1;18.6.1959;0;1
ZEHEYHAN;1;22.8.1967;0;1
GODAR;1;12.2.1977;1;0
HIBARA;1;30.3.1986;1;0
IDES;1;7.2.1952;0;1
GOLIS;1;17.8.1948;0;1
HAYRUNISAN;4;28.1.1977;0;4
SEFGEL;1;18.4.1978;1;0
HUDRET;2;5.11.1972;0;2
ETAVI;1;22.11.1937;0;1
KUVAT;1;2.5.1987;1;0
ALIKOCERO;1;12.3.1982;1;0
GIZLIAY;1;22.2.1991;0;1
CEPE;3;14.1.1977;3;0
HEVIC;1;27.8.1962;0;1
AYMO;1;22.8.1955;0;1
TUNZIRE;1;12.6.1959;0;1
MEDLIHA;1;26.12.1977;0;1
HUNAS;2;29.1.1959;0;2
GULITAN;2;12.12.1966;0;2
ABDULCANSER;1;12.2.1983;1;0
SABUA;1;17.2.1972;0;1
SULIYMAN;3;16.4.1965;3;0
ZIHO;1;17.5.1972;0;1
MEHLET;2;19.3.1959;2;0
FEYZULA;1;22.8.1973;1;0
NIHAMET;1;7.2.1970;0;1
ZENUNA;1;23.7.1973;0;1
ATTES;2;8.11.1969;2;0
BEHLULHAN;1;2.7.1980;1;0
GARIBET;1;25.9.1986;0;1
CEMVELAT;1;10.8.1991;1;0
SEYHISA;2;2.2.1963;2;0
NILZENAN;1;29.2.1988;0;1
NIRGOL;3;4.1.1975;0;3
TALHAS;1;17.8.1966;0;1
NUZUBE;2;17.9.1952;0;2
RAZIGAR;1;2.5.1969;0;1
DAHHAR;1;26.7.1958;1;0
HABIZA;1;26.6.1961;0;1
KEDI;1;22.8.1961;0;1
HAYULYE;1;2.8.1969;0;1
EYHAS;1;6.4.1990;1;0
BORO;2;19.12.1932;2;0
SEHISA;2;12.8.1953;2;0
ZEYICA;1;7.8.1958;0;1
FEIMA;1;27.2.1962;0;1
MEYIN;2;7.7.1966;1;1
HESSA;4;22.4.1965;0;4
HUNO;9;10.1.1950;0;9
NIYAYET;3;14.11.1976;0;3
MEHYA;5;9.8.1964;1;4
YAZO;11;4.6.1962;0;11
RUSHIYE;1;7.2.1981;0;1
TIREYYE;10;18.11.1964;0;10
ZEHHI;1;7.8.1976;0;1
MUZBEY;1;22.2.1979;1;0
GENDUH;5;1.12.1965;0;5
MEYYAH;4;6.10.1981;0;4
TAHSIR;1;25.2.1991;1;0
UBELDULLAH;1;9.10.1987;1;0
SARRO;1;26.11.1984;0;1
SETHA;2;10.9.1970;0;2
NAKO;1;17.2.1978;0;1
RIHI;4;3.4.1960;0;4
KENO;1;16.10.1944;1;0
AYNZULEYHA;1;12.4.1975;0;1
GITAYE;1;2.2.1963;0;1
FERSIH;1;2.8.1915;0;1
SEBBUHA;1;30.7.1956;0;1
HENSI;4;26.8.1951;0;4
RETSA;1;16.8.1985;0;1
AMSAN;1;20.2.1972;0;1
ZAI;1;24.8.1980;1;0
ZEYNIY;1;19.4.1971;0;1
REHE;3;3.5.1951;0;3
HIRNISA;1;1.8.1968;0;1
HEVUS;5;10.10.1964;0;5
UZGUR;2;26.1.1965;1;1
FARBIYE;1;27.8.1974;0;1
UZNU;1;7.8.1940;0;1
ZELAHAT;1;12.8.1971;0;1
PISSO;3;18.3.1953;0;3
REBUH;3;8.8.1973;0;3
GOLBI;1;17.2.1966;0;1
MEHDIYAN;1;22.2.1979;0;1
OYAHAN;4;17.10.1982;0;4
GENEM;2;29.11.1971;0;2
BINEYFS;1;12.9.1977;0;1
ZULFKAR;2;24.6.1974;1;1
AFRIYE;2;8.9.1977;0;2
YEVI;1;22.5.1973;0;1
LANPA;1;2.2.1969;0;1
SUSAL;2;29.8.1952;1;1
RIKLAN;1;22.2.1979;1;0
RUSTEP;1;23.11.1985;1;0
MUHHA;1;19.3.1972;0;1
MESALET;2;1.10.1968;0;2
MEYAHAT;1;21.1.1975;0;1
SURYO;1;17.8.1978;0;1
SIHIL;1;6.4.1979;0;1
SIDIRHA;1;23.5.1979;0;1
HASARET;1;17.7.1984;0;1
BAYHETTIN;1;29.6.1977;1;0
SULHO;2;15.11.1944;0;2
AYENELHAYAT;1;2.2.1975;0;1
HINNI;3;10.12.1952;0;3
HEZIBE;1;15.1.1983;0;1
NEYULL;1;12.2.1953;0;1
VESFE;1;17.10.1972;0;1
DEYRAN;2;20.10.1981;0;2
BENGZO;2;9.3.1943;2;0
HEMEYLI;1;22.8.1931;0;1
TEYRIZE;1;13.5.1977;0;1
MEBRET;1;3.3.1981;0;1
CEVEZ;1;28.12.1989;0;1
PERVEN;3;13.9.1974;0;3
ZENUVE;1;21.1.1967;0;1
USMAYYA;1;17.2.1972;0;1
LOUP;2;5.7.1952;0;2
CERIH;1;11.7.1963;1;0
HESIYE;2;6.7.1963;0;2
ZAVVAH;1;6.5.1961;0;1
VAHYA;2;9.10.1987;0;2
RIHIYIL;1;12.4.1971;1;0
KEDDUR;2;15.10.1964;2;0
RIHIYE;1;22.8.1967;0;1
ABDULKAKIM;1;12.6.1983;1;0
MUBASE;2;8.3.1949;0;2
SEVREF;1;12.5.1976;0;1
KERTAN;1;9.4.1946;1;0
FENCI;1;10.7.1969;0;1
HAMPOLA;1;17.2.1960;0;1
CATIN;1;25.3.1990;1;0
ZAHIYA;2;9.10.1962;0;2
SADIGA;3;9.4.1960;0;3
NUHIBET;1;17.2.1984;0;1
ABDULSEFAR;1;27.2.1962;1;0
ANZULHE;1;17.2.1954;0;1
CENDO;1;27.6.1973;0;1
RAHIBAN;2;23.4.1965;0;2
VEZZI;4;24.2.1976;0;4
ACUBE;4;3.2.1957;0;4
FEREYYE;1;22.2.1961;0;1
FELUCE;1;16.10.1940;0;1
VEDDA;1;14.5.1934;0;1
IGDA;3;10.5.1960;0;3
MUZRIYE;1;12.2.1959;0;1
ABDULVAP;1;22.11.1979;1;0
GENIS;1;18.2.1978;0;1
TERKI;3;23.2.1949;1;2
KUNNI;2;30.11.1968;0;2
GEYAD;1;2.2.1981;1;0
NUZNA;1;1.11.1991;0;1
HENUSA;1;22.8.1979;0;1
M.SINAN;1;12.8.1977;1;0
GETO;1;17.8.1966;0;1
MIHETYA;1;12.8.1965;0;1
ZELGI;1;24.8.1991;0;1
PERDO;2;20.7.1983;0;2
FAYRUZA;1;27.2.1974;0;1
KUYFEDIN;1;20.12.1985;1;0
MUHUYEDIN;1;7.8.1970;1;0
OBUT;2;24.11.1961;2;0
SURYYA;1;14.5.1985;0;1
GALFA;1;12.8.1941;0;1
TELHET;1;9.5.1964;0;1
HEREY;1;17.2.1965;0;1
M.GALIT;1;22.2.1979;1;0
SEMHO;7;2.11.1969;7;0
SEHEYUP;2;24.1.1977;2;0
BEDEVECAN;1;28.3.1974;0;1
ORDUM;1;3.5.1975;0;1
ZIRICE;1;30.10.1991;0;1
MUDEVIRE;1;1.7.1991;0;1
ZEYNGI;1;28.6.1932;0;1
BERTLI;1;22.8.1979;1;0
MUBBERRA;1;26.2.1979;0;1
SENSENET;3;3.11.1979;0;3
NESLIBAN;1;27.2.1980;0;1
GATO;1;22.4.1955;1;0
NOFU;1;4.3.1933;0;1
FERSGUL;1;11.11.1987;0;1
AYSAAN;1;25.9.1982;0;1
MUHDIYA;2;24.9.1984;0;2
MEDRISE;1;22.6.1981;0;1
BESIBAN;1;26.4.1973;0;1
HAMIKAN;1;5.9.1975;1;0
KEVVE;2;26.3.1958;0;2
FERDO;4;15.12.1950;0;4
LUFI;1;11.6.1975;1;0
HOTE;1;4.5.1939;0;1
HANAR;7;29.9.1948;0;7
GOMURIYE;1;2.10.1975;0;1
NISIRYA;1;28.4.1966;0;1
HEKI;3;7.9.1970;2;1
MUITIN;1;18.6.1966;1;0
GASIYE;6;26.3.1965;0;6
TAJO;1;27.8.1974;0;1
KEBANI;2;27.10.1965;0;2
ZOVYE;1;27.8.1974;0;1
FIDULAH;1;22.8.1973;1;0
HADUL;6;27.12.1972;0;6
HEKSI;3;22.4.1937;0;3
M.DURI;1;2.8.1969;1;0
GENO;1;7.2.1940;0;1
GULHUSNA;1;5.10.1948;0;1
DAOL;1;20.5.1966;0;1
HICALI;3;27.7.1955;2;1
REBAN;3;15.11.1948;0;3
PIRKET;1;5.2.1963;0;1
GINE;3;5.9.1958;1;2
ZERRIF;3;9.11.1957;0;3
DENDIN;1;4.3.1981;0;1
KEFOT;1;17.10.1972;0;1
SOPHAN;1;5.1.1984;0;1
SEHIZ;3;1.5.1947;2;1
LAMIHAN;1;16.4.1959;0;1
TEBHIYE;1;1.11.1955;0;1
SAHALINDA;1;15.4.1979;0;1
FILYANA;1;20.6.1978;0;1
M.NASIP;1;27.8.1968;1;0
MEYASI;1;2.8.1939;0;1
KAFFUR;3;18.2.1974;3;0
KISMEK;1;2.2.1981;0;1
EYYAP;1;2.2.1957;1;0
AYLEK;1;17.9.1954;0;1
BDULKADIR;1;25.10.1990;1;0
HIZA;3;22.5.1963;0;3
HUNNO;1;21.3.1959;0;1
HISSO;2;1.3.1975;0;2
KADDAR;1;3.9.1983;1;0
SEDIRGE;1;17.11.1985;0;1
OLFET;3;25.12.1976;0;3
GENSI;1;2.8.1951;0;1
EKSI;1;22.5.1985;0;1
HAKARET;3;18.4.1983;0;3
RAHE;1;2.8.1975;0;1
YASARSAHA;1;27.2.1956;0;1
BELE;1;7.8.1976;0;1
FETHULLAN;1;17.2.1960;1;0
MOKIN;1;17.8.1978;0;1
GENSO;1;17.2.1966;0;1
M.SADIN;3;6.11.1967;3;0
EFRI;1;4.4.1975;0;1
HISSEDAR;2;18.5.1977;0;2
GENUS;4;29.8.1956;0;4
SEDIVAN;1;12.8.1953;0;1
MIHSO;1;27.2.1980;0;1
HIRRIYET;1;22.9.1991;0;1
GANO;1;2.2.1951;0;1
GOMRIYE;1;17.2.1978;0;1
MUFEDIL;2;9.11.1988;1;1
NINNA;1;17.7.1987;0;1
SEMMEY;2;10.10.1963;0;2
TIREYE;1;19.5.1952;0;1
NISSIBE;1;17.8.1972;0;1
KEFFER;1;12.2.1971;1;0
DULBIN;2;5.12.1964;0;2
MUHTUBE;1;27.8.1968;0;1
BUKSAN;1;27.2.1980;0;1
YIRDAY;1;11.1.1990;0;1
SAHABEN;1;22.8.1979;0;1
HAZIMAN;2;27.7.1990;0;2
EYYU;1;14.2.1947;1;0
HINVA;5;15.6.1967;0;5
DEMMO;2;23.10.1967;2;0
MIHDIN;4;23.3.1973;4;0
UTTE;2;13.6.1965;0;2
BUSO;1;8.2.1971;1;0
GELFA;1;22.8.1973;0;1
EYO;3;8.10.1958;3;0
EMSI;5;27.3.1959;0;5
MASLUM;1;7.3.1989;1;0
SERECETIN;1;12.8.1977;1;0
YEDRA;1;12.8.1971;0;1
DURBIN;2;4.8.1982;0;2
GEVOT;2;27.5.1974;0;2
HAVS;1;2.8.1969;0;1
AYZULHA;1;17.8.1978;0;1
HACUR;1;17.2.1942;1;0
NUHUBBET;1;16.12.1970;0;1
RABUHA;2;19.8.1954;0;2
LEBHAN;2;21.11.1977;0;2
IZEDUN;1;2.2.1963;1;0
HEYYO;2;20.9.1942;2;0
SIRRAC;1;23.9.1984;1;0
MENEVVER;1;26.5.1974;0;1
MAGDE;1;9.4.1952;0;1
NEYILE;3;13.1.1949;0;3
NEYFULLAH;1;27.9.1956;1;0
MUTIHA;1;13.3.1977;0;1
ILCEL;1;28.5.1980;0;1
UBEYIS;2;14.12.1975;0;2
MURUET;1;7.2.1976;0;1
PIROZAN;3;19.11.1954;1;2
SALBA;1;2.2.1981;0;1
AZAIL;1;17.2.1972;1;0
HUNEYA;1;22.2.1949;0;1
HOSMAN;1;27.2.1956;1;0
HICO;1;2.2.1933;0;1
GULREAT;1;27.1.1974;0;1
SOKRU;2;22.2.1973;2;0
LAHIME;2;30.10.1969;0;2
ADELIT;3;20.1.1969;0;3
SAHDUN;4;25.1.1966;4;0
KENHAN;1;12.8.1977;1;0
MEVDIDA;1;6.5.1980;0;1
IMIKAN;1;27.5.1938;0;1
SEYIRA;1;17.2.1960;0;1
YONTEN;1;3.3.1988;0;1
SEYIS;1;12.2.1959;1;0
SEHDUN;1;9.4.1974;1;0
M.AKAN;1;22.1.1973;1;0
AJHAN;1;16.1.1979;0;1
YAGO;1;2.2.1932;1;0
PALUTE;1;2.2.1981;0;1
HABZE;1;9.6.1985;0;1
ETE;1;19.12.1921;0;1
GULIAR;1;9.4.1991;0;1
ZIVARI;1;2.2.1981;0;1
CELALLEDIN;1;6.10.1927;1;0
GEZNI;1;27.2.1968;0;1
ADLUN;1;21.6.1970;1;0
GULUSHATUN;1;21.12.1974;0;1
FEVZET;4;14.8.1970;2;2
SACIM;4;25.2.1966;0;4
TEMUMA;2;24.8.1949;0;2
GAVRA;1;3.4.1944;0;1
MEHBAN;1;5.9.1989;0;1
FUKARA;1;26.4.1953;1;0
SATHA;1;7.2.1958;0;1
ZUBEDAN;1;2.2.1969;0;1
GEZZAL;4;27.12.1958;0;4
DUHAM;2;17.3.1956;2;0
SARISTA;1;26.5.1959;0;1
SEYHISIN;1;7.2.1970;1;0
FEVYAL;1;17.8.1972;0;1
MABILE;1;17.2.1966;0;1
FEYYAM;1;27.12.1980;0;1
ZEHNRA;1;22.4.1992;0;1
ZURUF;1;6.6.1968;0;1
MECHAN;16;13.7.1968;16;0
MEHEDIYA;1;17.2.1966;0;1
MIDRIS;6;12.11.1966;5;1
SUMEYLAN;1;13.1.1983;0;1
DERBAR;1;16.10.1974;1;0
SEYAKIL;1;8.4.1961;1;0
ZLIEKHA;1;12.2.1971;0;1
ADILAE;1;12.11.1986;0;1
NECJLA;1;12.9.1978;0;1
DILFURIZI;1;2.2.1963;0;1
NAZLEY;2;24.2.1934;0;2
M.SERVET;2;14.3.1975;2;0
GERRE;1;12.2.1947;0;1
AYFIR;1;3.3.1981;0;1
KETIYE;1;18.2.1957;0;1
NALO;1;9.3.1974;0;1
MEYASSE;1;26.1.1981;0;1
SEMEHIR;6;23.5.1983;0;6
GEYAT;2;1.8.1955;2;0
CERDO;3;13.2.1956;3;0
VATFAY;1;13.4.1969;0;1
AZELIHA;1;23.2.1992;0;1
HIFSE;5;3.7.1960;0;5
NALIE;5;20.8.1981;0;5
MUHTEHER;1;24.2.1985;0;1
BEYAS;1;12.12.1959;0;1
AYAF;1;27.2.1968;1;0
HOZIN;1;7.8.1922;0;1
ARABO;1;27.2.1980;1;0
DIHATTIN;1;14.11.1971;1;0
SUPNI;1;23.5.1987;1;0
ABDULBAKIR;4;11.3.1979;4;0
HUNADE;1;4.12.1931;1;0
AYDTEN;1;6.2.1989;0;1
BEYOZ;1;14.8.1983;0;1
FULIZAR;2;27.6.1978;0;2
AREY;2;28.2.1946;0;2
HUSIYEN;1;27.3.1971;1;0
HIDRI;1;2.2.1969;0;1
FILVI;1;2.8.1927;0;1
DABAN;3;26.2.1960;3;0
OCE;1;7.5.1922;0;1
ABDULMERUF;1;27.2.1974;1;0
SERUBEY;1;10.3.1940;0;1
ABADULKADIR;1;8.2.1991;1;0
NEVIREN;2;11.1.1963;1;1
PAYEM;2;16.10.1984;0;2
LIDAN;2;21.1.1983;1;1
ZERGAN;2;13.6.1962;0;2
MUDRIZ;1;30.5.1923;1;0
VANIDE;1;7.4.1987;0;1
KATAR;2;12.10.1942;1;1
DIMEZ;2;19.12.1939;2;0
UMAHANEY;1;6.4.1951;0;1
TIREYA;2;3.2.1951;0;2
MEZEREDIN;1;3.4.1992;1;0
DEYAB;1;17.2.1960;1;0
DEYAH;1;2.3.1975;1;0
VADFE;1;17.2.1972;0;1
MUBCEL;1;21.12.1983;0;1
ISMETTULAH;1;12.1.1989;1;0
MASISIYE;1;7.6.1970;0;1
ORGEL;2;24.6.1964;0;2
SALHAY;1;27.8.1926;0;1
HOZEY;2;21.1.1956;0;2
MIDRIKA;1;12.2.1971;0;1
HOZE;1;15.1.1965;0;1
ABDULCEVHER;1;22.9.1990;1;0
MILAVA;1;12.12.1971;0;1
AYINZEYIHA;1;16.3.1992;0;1
TUSBA;2;3.12.1984;0;2
FARAKA;1;19.6.1945;0;1
HACTICE;1;22.4.1967;0;1
MIHBAR;1;16.8.1977;0;1
TESPIHE;1;2.2.1975;0;1
DUNDE;1;22.2.1961;0;1
UVIYS;1;17.4.1978;0;1
SEVITGILAMAN;1;2.2.1957;0;1
M.CEVHER;1;12.2.1965;1;0
AYNEZ;1;7.2.1946;0;1
YULKEN;1;22.2.1979;0;1
NIZANETTIN;1;5.4.1983;1;0
HOSENK;1;21.8.1971;1;0
HANGI;1;12.2.1941;0;1
LIKAT;1;7.2.1964;0;1
GAFRA;2;15.11.1947;0;2
ZUBYEDE;1;8.3.1988;0;1
ALDULGANI;1;2.11.1987;1;0
FELLIH;1;1.1.1;0;1
S.HUSEYIN;1;16.3.1992;1;0
DILFARIZE;1;21.1.1982;0;1
HIPPI;1;22.2.1973;0;1
BINEFIS;5;11.11.1953;0;5
SALIL;1;8.10.1988;1;0
MEHMETZANE;1;28.5.1981;1;0
KUHLI;2;28.5.1953;0;2
HERES;1;17.2.1966;0;1
RAJHAN;1;17.8.1981;0;1
CEZMULLA;1;12.4.1977;1;0
AYZELHA;2;16.12.1982;0;2
AYINZELIH;1;18.9.1928;0;1
SEYHMAKSUT;1;29.2.1983;1;0
TURUSEN;2;1.2.1979;2;0
LAMIG;1;13.1.1965;1;0
FATIMETULZUHRA;1;27.11.1980;0;1
HUSELIN;1;27.2.1956;1;0
ZIVEYDI;1;2.2.1951;0;1
NAMIH;1;27.3.1974;1;0
ZEIHAN;1;5.12.1981;0;1
TEVRO;1;17.2.1972;0;1
ARABUR;1;22.2.1961;0;1
BAHARO;1;14.2.1964;0;1
SEANE;1;16.3.1969;0;1
SELHEDDIN;2;22.2.1955;2;0
FEYZILLAH;3;18.4.1965;3;0
EMUNI;1;22.2.1961;0;1
UKES;2;9.6.1982;2;0
FESAL;2;22.5.1949;2;0
DAHO;1;22.2.1943;1;0
RADHA;1;12.2.1965;0;1
ZULFOY;1;5.3.1963;0;1
FUKIYE;1;22.2.1973;0;1
BUBEY;1;2.2.1963;1;0
CASSAP;1;12.1.1935;1;0
HENNO;2;30.1.1965;0;2
FIRNEYYE;1;22.4.1961;0;1
ZABIR;2;30.1.1987;2;0
LEFI;1;17.2.1966;1;0
NUVA;2;7.10.1951;1;1
GOZIJ;1;10.7.1972;0;1
HALLAB;1;17.8.1924;1;0
BECO;7;30.5.1956;7;0
CEZVE;2;7.2.1958;0;2
DEHIBE;5;9.12.1969;0;5
TERFEY;1;12.2.1941;0;1
MEFE;1;17.2.1966;0;1
ZIKO;2;23.1.1967;0;2
ABDULBAZI;1;27.4.1986;1;0
HAYYI;2;2.9.1954;0;2
HARME;2;9.2.1966;0;2
HONO;3;22.10.1942;0;3
TAYHI;2;9.8.1952;0;2
RIZZO;1;17.12.1974;1;0
IZADI;1;28.3.1950;1;0
VEZHE;4;20.3.1949;0;4
FATIMEYITUZZEHRA;1;9.3.1973;0;1
FAHRIYEKIBAR;1;8.7.1984;0;1
BASIRYE;1;10.3.1939;0;1
YAZA;3;8.1.1956;0;3
BINIYAMIN;1;14.10.1980;1;0
SEYYIDET;1;1.4.1980;0;1
MUTAHARI;1;6.2.1991;1;0
VEDHEY;1;2.2.1963;0;1
ABDULBARIK;1;17.9.1980;1;0
TAIBAT;1;12.2.1983;0;1
EDRISE;1;17.2.1966;0;1
SUBUHAT;1;24.4.1973;0;1
DURRUSAHVAR;1;21.12.1957;0;1
MUBECELL;1;12.9.1977;0;1
HEYJA;1;2.6.1976;0;1
PIRGAZ;1;11.10.1975;0;1
ONURSAY;1;1.1.1954;1;0
DEVZULLAH;1;7.2.1976;1;0
HADLAN;1;22.2.1967;0;1
BAHHATTIN;2;20.11.1986;2;0
GILAY;1;2.9.1969;0;1
ISLAIM;1;2.2.1951;0;1
HADICEI;1;26.1.1955;0;1
NILDAL;1;21.9.1977;0;1
FATMAZ;1;26.6.1990;0;1
ELMEHEN;1;7.6.1964;0;1
FETUME;1;27.12.1974;0;1
SANILA;1;24.1.1960;0;1
SIMIRE;1;12.2.1965;0;1
TURUHAN;1;14.3.1965;0;1
ENZELIYHA;1;11.4.1980;0;1
NURULAHIDA;1;2.2.1981;0;1
IBRAHIH;3;22.2.1988;3;0
LAMIGA;1;6.2.1972;0;1
IZNEVER;1;24.5.1966;1;0
REHBE;1;9.5.1958;0;1
VEHA;1;17.12.1953;0;1
ABTULLATIF;1;26.5.1983;1;0
CILILE;2;7.10.1972;0;2
SERBEND;1;26.12.1979;0;1
HAPITER;1;6.5.1971;1;0
BEGAL;1;27.9.1962;0;1
BAHAYEDDIN;2;22.2.1955;2;0
LUOB;1;9.3.1976;0;1
CEDDUK;1;17.2.1930;1;0
MEYUF;1;22.2.1973;1;0
HATRUP;1;26.9.1937;1;0
AYNIZULHA;1;17.4.1960;0;1
SARBA;1;7.2.1958;0;1
HUMEYLI;1;2.2.1939;0;1
CECENA;1;17.12.1978;0;1
CABUR;3;21.6.1953;3;0
DEMIRTANC;1;10.10.1971;0;1
KEZMURA;1;7.2.1952;0;1
MISEEL;1;26.6.1956;1;0
FATIMEYITU;1;23.2.1979;0;1
DUNYI;1;2.2.1969;0;1
KONE;1;7.2.1934;0;1
GIRRE;2;2.5.1945;0;2
AYTICAN;1;6.11.1974;0;1
FILVA;6;9.9.1968;0;6
TEYP;2;24.9.1966;1;1
ORSIN;2;13.8.1981;0;2
ZEHAYYE;1;2.4.1969;0;1
ZEHEYA;2;2.9.1963;0;2
LUGUP;4;8.2.1972;0;4
TEHYE;1;7.2.1964;0;1
MUFADI;1;2.2.1981;1;0
HANIVA;1;6.5.1949;0;1
ZIHIBE;1;17.2.1960;0;1
TELICE;1;19.8.1966;0;1
TREYYA;1;26.12.1972;0;1
HEYI;1;22.2.1931;0;1
SEFFIK;1;17.8.1966;1;0
SAZIRE;3;29.7.1952;0;3
DEHEYBE;4;10.6.1959;0;4
ZEHEYE;1;15.10.1989;0;1
ABDUSEKUR;2;16.10.1966;2;0
HIDEYI;1;21.6.1988;0;1
KELIYE;1;12.4.1959;0;1
GIZZE;1;2.4.1972;0;1
KENNUS;1;22.6.1943;0;1
VAHDA;1;16.3.1974;0;1
SEYFETTAN;1;26.1.1991;0;1
M.HASIM;2;7.5.1952;2;0
ZIELE;1;17.2.1972;0;1
HASNAV;1;22.2.1967;1;0
GELVA;1;24.7.1973;0;1
ZINEYYI;1;17.2.1965;0;1
KURO;1;24.3.1948;1;0
MEYAHE;2;23.3.1980;0;2
TEROKA;1;23.6.1990;0;1
ZAATA;1;2.2.1973;0;1
CIHEYDE;1;12.8.1941;0;1
KIDDO;1;27.2.1974;0;1
SEYFETAH;1;25.3.1990;0;1
KEMNI;1;24.4.1942;0;1
HEYTO;2;22.2.1943;2;0
TUREYA;1;22.2.1979;0;1
BURO;4;23.5.1946;4;0
SITTEM;1;22.2.1979;1;0
CAHAR;2;20.9.1975;0;2
BACIR;1;27.8.1920;1;0
NEMMIYE;1;23.5.1938;0;1
IRDAA;2;5.10.1960;0;2
TUDAY;1;24.8.1991;0;1
PURSAN;2;30.11.1956;0;2
KITO;2;17.8.1918;0;2
MAHDOS;1;2.2.1957;1;0
TULFA;2;3.5.1960;0;2
VODE;1;17.2.1972;0;1
HUMEYIS;3;28.11.1962;3;0
TIYBET;1;17.1.1954;0;1
SEYHMESUT;1;2.2.1975;1;0
SERZAD;3;26.10.1976;3;0
MENSUFE;1;2.2.1957;0;1
FESEM;1;22.5.1975;1;0
NURES;2;19.9.1979;0;2
FAHRINISAN;3;16.3.1970;0;3
EYUPSABRI;1;8.5.1981;1;0
BURCULAY;1;9.8.1987;0;1
JULDIZ;1;10.1.1982;0;1
FATIMEYITUZEHRA;1;23.2.1979;0;1
ZABIH;3;17.7.1983;3;0
TAHBIDE;1;8.4.1962;0;1
BEDESTEN;3;8.11.1968;0;3
DEGEN;1;6.11.1980;1;0
ZEMLIHA;2;15.11.1972;0;2
SEGHO;1;19.6.1982;0;1
HUMEYID;1;22.8.1925;1;0
IBRAMHALIL;1;17.2.1960;1;0
MIHLET;1;22.2.1967;0;1
SIHEYLE;2;27.7.1977;0;2
IHSIN;3;10.1.1952;3;0
GIZZO;1;12.2.1941;0;1
FEYZIYYE;1;6.6.1990;0;1
CUBER;2;8.8.1960;1;1
BUKO;1;12.11.1969;1;0
ZEVKA;1;12.2.1971;0;1
ZEVHA;1;2.2.1975;0;1
NEMIKHAN;1;17.2.1960;0;1
FITINAT;2;10.12.1957;0;2
FATBA;2;2.5.1969;0;2
VEZEHE;1;7.8.1928;0;1
ZIVIN;1;24.9.1980;0;1
VECZI;1;2.4.1987;1;0
MIRALIM;2;7.5.1958;2;0
DUREYT;1;9.11.1979;1;0
ABDULLKADIR;1;26.3.1966;1;0
HEDUN;1;17.2.1972;0;1
SUHEYYIL;1;17.3.1982;1;0
IBREHIM;2;5.3.1986;2;0
UVERE;1;17.2.1966;0;1
FELLO;1;22.4.1936;1;0
ZUMRETULLAH;3;4.7.1967;3;0
ANZALHA;4;16.4.1944;0;4
MERLIHA;1;12.2.1971;0;1
MAMAM;1;21.6.1935;0;1
HAYYUBE;1;17.5.1936;0;1
ETIDAL;1;14.11.1988;0;1
ZERCI;2;30.4.1934;1;1
EDRIN;1;24.3.1987;1;0
SANIYENEVAL;1;2.8.1975;0;1
BELNA;4;30.11.1976;0;4
ALICENGIZHAN;1;6.1.1986;1;0
SAHNADIR;1;12.4.1975;1;0
SERTIM;1;29.5.1948;1;0
MILSAYET;1;7.10.1982;0;1
GULAZIZE;1;7.2.1970;0;1
RIHO;3;29.12.1950;0;3
VINEVS;1;22.2.1967;0;1
ABDUSSEMIH;1;23.1.1954;1;0
S.SINAN;1;22.8.1931;1;0
M.SEREF;2;14.9.1961;2;0
BAYZAL;1;22.8.1931;0;1
HEYYI;3;11.4.1947;0;3
SULAVA;1;15.11.1987;0;1
BAHIRA;8;17.7.1967;0;8
MUCAYDIN;2;15.11.1965;2;0
SEYFETA;3;1.7.1990;0;3
FEVNUSE;1;12.2.1971;0;1
ABDULBBAKI;1;8.7.1982;1;0
AVVADE;1;17.4.1966;0;1
HACCAVE;1;7.2.1952;1;0
CINAP;2;16.11.1971;2;0
MEHUMMET;1;2.8.1933;1;0
ADSAN;1;23.4.1961;0;1
KERHA;1;22.2.1955;0;1
SUNHIYE;1;7.2.1946;0;1
FATIMETUZAHRA;1;1.8.1979;0;1
MUKABBET;1;24.3.1961;0;1
ZIEYLE;1;22.2.1961;0;1
GURDOLU;1;22.2.1967;0;1
NIZZET;1;2.2.1963;0;1
HATURA;1;19.3.1972;0;1
RAKENT;1;12.2.1959;1;0
MITHATHAN;2;22.11.1972;2;0
VEZIY;1;22.2.1967;0;1
IMAH;1;6.4.1986;0;1
NASHET;1;2.4.1975;0;1
ARABAY;1;17.8.1930;0;1
NIYASSER;1;12.2.1947;0;1
HISVA;1;14.1.1971;0;1
VATFAN;6;30.5.1960;0;6
HERDA;1;22.2.1967;0;1
TELLAL;2;20.11.1960;0;2
MAHUT;1;4.3.1944;1;0
YURSA;2;21.6.1982;0;2
BAHIYEDDIN;2;17.2.1963;2;0
GENNUHA;1;27.10.1966;0;1
NUZELHA;1;22.5.1955;0;1
NINNO;1;12.2.1971;0;1
NEDUM;1;21.6.1971;1;0
AYYISER;1;17.3.1966;0;1
FARZUMELEK;1;12.1.1965;0;1
M.BAHYEDIN;1;17.2.1957;1;0
MISLIMIYE;1;7.1.1946;0;1
RORIND;1;28.5.1961;1;0
OBUYET;1;6.4.1951;1;0
SAYAGEN;1;12.9.1974;1;0
CANSUF;1;15.7.1980;1;0
MEVSIFE;1;3.11.1979;0;1
DUMUNE;1;22.5.1961;0;1
HAZ;1;2.8.1921;0;1
MUTIAH;1;2.8.1933;0;1
M.BUNYAMIN;1;20.5.1977;1;0
MEGTI;1;12.8.1971;0;1
ABDUSSEKKUR;1;27.2.1974;1;0
FATIDILE;1;10.2.1964;0;1
HILLI;1;17.8.1936;0;1
VAHDULLAH;3;11.10.1979;3;0
MEVDUDI;5;25.5.1985;5;0
HUNE;16;30.10.1969;0;16
SEYFETAN;2;25.9.1990;0;2
KATVA;4;21.8.1941;0;4
BUSRU;1;12.5.1991;0;1
BOZIK;3;10.1.1942;0;3
CEDHAN;1;22.8.1913;1;0
MIMHAN;1;24.3.1988;0;1
SUNON;1;1.5.1953;0;1
HARRIME;1;17.8.1924;0;1
ABDULGAFARI;1;16.6.1985;1;0
ROUGIIA;1;23.3.1956;0;1
NESIBEM;1;1.7.1983;0;1
HISEFA;1;17.2.1958;0;1
PAYYAM;1;12.2.1929;0;1
SERAYIN;1;16.6.1983;0;1
OSINO;1;2.8.1939;1;0
SAGDUN;1;22.2.1967;1;0
SUUELA;1;7.2.1964;0;1
MIYYASSER;1;22.2.1967;0;1
HIVIN;8;24.1.1983;0;8
FESIY;1;2.9.1957;0;1
BENKLI;1;17.2.1966;1;0
FEREDDUN;1;22.2.1979;1;0
HIBSAY;1;16.9.1980;0;1
HICRESSETTIN;1;2.2.1957;1;0
DIREHI;1;7.2.1964;1;0
MUHARETTIN;1;7.2.1982;1;0
FATTOM;1;22.2.1967;0;1
AFFER;3;22.6.1963;3;0
MEHMETYASIN;1;19.12.1989;1;0
BUNEVSE;1;24.9.1956;0;1
TEVIRE;1;27.2.1980;0;1
GIZEYIM;2;12.10.1968;2;0
SUHRI;2;17.4.1953;1;1
BERBIN;2;19.10.1975;0;2
ERGIS;1;1.11.1972;0;1
AYILA;1;21.6.1962;0;1
RADSE;2;14.3.1965;0;2
NOFYA;3;16.10.1970;0;3
KARAKOZ;1;4.9.1979;0;1
RIZIC;1;12.12.1953;1;0
BISO;2;15.8.1947;1;1
ADVANI;1;17.2.1960;0;1
MUCHIM;6;8.3.1967;6;0
GEGE;1;22.2.1931;0;1
HUNVA;1;12.2.1941;0;1
HECURA;1;22.12.1961;0;1
MEYYAHA;2;4.7.1963;0;2
AYNSELIHA;1;22.2.1973;0;1
ZARRA;2;17.5.1960;0;2
HINTA;1;12.2.1977;0;1
GOZU;1;12.2.1977;0;1
GEYYA;1;17.2.1954;1;0
NUCUTHA;1;12.2.1929;0;1
SELAMADIN;1;22.7.1985;1;0
FEZEDDIN;1;12.2.1983;1;0
KUDUR;4;10.4.1970;4;0
CIHA;1;22.8.1966;0;1
MEHEBIYA;1;17.2.1972;0;1
MALLUK;1;2.2.1957;1;0
TAYIHA;3;5.10.1957;0;3
BNEVS;1;12.2.1965;0;1
HAVEDE;2;23.8.1970;0;2
TEZKERE;1;12.2.1947;1;0
BIRHE;1;7.2.1940;1;0
FESHA;1;17.2.1948;0;1
ORNI;1;1.1.1952;0;1
SEKHI;1;2.8.1945;0;1
KAJI;6;8.12.1958;0;6
SAPHE;2;20.8.1955;0;2
BIDI;2;22.5.1949;0;2
AVVES;1;20.9.1972;0;1
HAMCAN;1;22.2.1949;1;0
SAULA;1;17.2.1960;0;1
HERRUS;1;27.8.1932;1;0
MUHRIP;3;15.4.1983;3;0
SEKHAN;1;27.2.1956;0;1
DIHIBI;2;14.4.1962;0;2
DIRAL;1;17.8.1990;0;1
ZEBIHE;2;9.5.1961;0;2
SUHLIYE;2;15.8.1965;0;2
RAKIBETTIN;1;13.5.1981;1;0
ENUF;1;3.5.1965;0;1
GEVZE;2;18.11.1943;0;2
FIREYYA;1;25.5.1976;0;1
FITTA;6;12.3.1949;0;6
HEDMIYE;1;7.4.1982;0;1
HURILYE;1;6.1.1991;0;1
M.EYUP;1;29.7.1974;1;0
ZEKRA;3;16.10.1959;0;3
FICA;1;22.2.1949;0;1
RADSA;1;29.4.1977;0;1
CIMAL;2;13.11.1962;1;1
RETHA;1;2.2.1951;0;1
HIRSA;1;1.6.1989;0;1
HIZEYN;1;22.3.1961;1;0
MUHHABET;1;17.10.1990;0;1
BUNEFSE;1;7.3.1964;0;1
RAHAYIL;1;2.2.1939;1;0
ZAHAP;1;22.2.1979;1;0
GULCIR;1;20.2.1989;0;1
HAMETRESIT;1;7.2.1976;1;0
SEHKA;1;30.7.1986;0;1
HECLE;1;22.2.1949;0;1
MUEFE;1;27.2.1974;0;1
DONDE;2;18.12.1974;0;2
HESAL;1;7.2.1970;0;1
NUSRUYE;1;11.5.1971;0;1
SETMA;1;22.2.1931;0;1
DAHIYYE;3;3.10.1961;0;3
MUNVE;1;12.2.1965;0;1
SITAN;2;14.3.1967;1;1
ERNI;3;19.3.1959;0;3
SIHLE;3;5.6.1972;0;3
HULHA;1;10.4.1928;0;1
HOPSI;3;23.6.1942;0;3
OMEHANI;1;27.2.1974;0;1
HADRUP;1;22.2.1955;1;0
INET;1;26.6.1969;1;0
GULBULAG;1;16.1.1992;0;1
ZIGAYIR;2;13.4.1955;2;0
MEDIHAGUL;1;2.2.1978;0;1
M.RESAD;1;12.2.1959;1;0
HUKES;2;19.4.1962;2;0
HACNEBI;1;8.6.1978;1;0
NASIHI;1;7.2.1958;1;0
OZGIL;2;7.5.1974;0;2
PEYRIYE;1;25.4.1961;0;1
GISMAN;1;1.6.1970;1;0
KUBBA;3;8.8.1948;0;3
ZEMMEN;1;12.2.1965;0;1
NEBBIYE;2;20.1.1964;0;2
ZIRIF;3;21.4.1963;0;3
HEMADE;1;22.2.1967;1;0
SEVKUT;1;7.8.1964;1;0
SUZLAN;1;27.12.1964;0;1
TUMSES;1;17.2.1966;0;1
ABUFERHAT;1;13.6.1971;1;0
EYYIM;1;7.2.1946;1;0
BEHYEDIN;1;29.1.1982;1;0
ZAURES;1;16.5.1960;0;1
SURACADIN;1;17.6.1966;1;0
TIRIME;1;22.2.1961;0;1
EZNA;1;17.8.1966;0;1
NAIHIDE;1;2.2.1975;0;1
BATHA;1;12.2.1941;0;1
SEYISA;1;2.2.1969;1;0
SEBHE;3;4.5.1957;0;3
KOCEREY;1;22.2.1947;0;1
BEKIRSAMI;2;6.9.1946;2;0
BEYAZITI;1;8.11.1983;1;0
SEHDET;5;13.5.1972;2;3
TUGGENERAL;1;26.12.1976;1;0
GAZMURA;3;20.1.1974;0;3
NAIYIF;1;21.1.1965;1;0
REDI;3;10.9.1975;1;2
VATHI;1;2.3.1950;0;1
SITEYE;1;26.3.1955;0;1
ZEMER;1;27.2.1992;0;1
REJE;1;2.8.1975;0;1
SANZIMENT;1;5.2.1974;0;1
TELGET;1;22.2.1961;1;0
HITA;1;27.2.1944;1;0
BERGEY;1;2.2.1981;0;1
MUKTIN;1;22.11.1985;1;0
NELIBE;1;27.2.1962;0;1
EYSHAN;1;12.2.1959;0;1
YEZIME;1;17.2.1966;0;1
VEDUHE;1;7.2.1964;0;1
HERBE;1;17.8.1942;0;1
EZMIS;1;22.2.1967;1;0
ZULHAYAT;2;9.9.1957;1;1
ZULHAYYA;1;22.2.1967;0;1
HAHUS;1;12.2.1953;0;1
TUKRAN;2;29.8.1980;0;2
SAYFATA;1;27.2.1980;0;1
KIMYAT;2;10.3.1962;0;2
GILYAS;1;21.3.1978;0;1
DURUSAVA;1;11.6.1975;0;1
ADHEM;2;10.1.1964;2;0
ISFENDIYER;1;17.10.1990;1;0
M.AKIP;1;9.9.1959;1;0
ABDIREZAK;1;2.5.1963;1;0
BADILLIYE;1;6.7.1966;0;1
DIHKAN;1;14.4.1980;1;0
VEYSELDIN;1;27.4.1972;1;0
UTRE;1;17.3.1936;0;1
ZEHIRA;1;14.8.1964;0;1
NAFIG;1;2.2.1963;1;0
TULLIYE;1;22.9.1979;0;1
ZERUT;1;17.5.1972;0;1
ISMET.;1;13.5.1971;0;1
MESLAHAT;4;6.4.1966;0;4
GAZELVADI;1;24.5.1973;0;1
BEZAN;4;7.9.1949;0;4
ELMAT;1;17.2.1966;0;1
AYNILZELIHA;2;1.11.1945;0;2
FATMEYI;1;22.6.1987;0;1
ZEYNILMELAH;2;27.11.1967;0;2
HAKANFATIH;1;26.8.1968;1;0
M.FAYSAL;3;17.7.1966;3;0
DIHAR;2;19.4.1978;1;1
ZIVVIN;1;15.8.1989;0;1
HIBRON;1;28.1.1982;0;1
MAHADIDAR;1;29.1.1980;0;1
EVMAL;1;6.3.1990;0;1
EVHAR;1;30.12.1988;1;0
HELBA;1;12.4.1944;0;1
MEHMETIKBAL;1;21.9.1983;1;0
B.SITKI;1;4.2.1949;1;0
MENEVFS;1;15.5.1940;0;1
KAZMARA;1;2.6.1960;0;1
I.BAKI;1;6.2.1966;1;0
KEFURE;2;24.4.1958;0;2
NATIG;1;22.6.1957;1;0
VESILEH;1;21.2.1981;0;1
AHSET;2;4.10.1956;2;0
GULMISSA;1;27.9.1979;0;1
SIHISA;1;27.5.1977;1;0
SAHALE;1;25.4.1965;0;1
ABUK;2;21.10.1947;2;0
FAYINE;1;16.3.1950;0;1
HANADIY;1;6.2.1983;0;1
EBDILHEKIM;1;10.3.1982;1;0
SELBU;2;4.10.1956;0;2
FERIDEGONUL;1;11.3.1984;0;1
ABTTA;1;11.3.1968;0;1
FAZLIM;1;16.11.1969;1;0
NIFLE;1;7.2.1952;0;1
KINES;1;2.2.1957;1;0
MIDVET;1;2.2.1951;1;0
FETZULLAH;1;22.2.1967;1;0
MIRTIZA;3;10.10.1943;3;0
SEFLIYA;1;4.1.1983;0;1
A.SABRI;1;12.2.1965;1;0
GEDDUHA;1;2.2.1939;0;1
SEYMO;1;11.9.1974;0;1
RECVO;1;12.2.1965;0;1
KADVA;1;2.2.1945;0;1
FAHET;1;2.2.1975;1;0
ANNUNE;1;2.2.1951;0;1
REBEY;2;14.11.1952;0;2
KERIRE;1;16.2.1982;0;1
TERRE;1;27.4.1950;0;1
MUHEYMIT;2;1.3.1974;2;0
ZIHEYBE;1;6.3.1937;0;1
GEZVA;1;1.2.1992;0;1
ABDELMUHSIN;1;7.2.1964;1;0
ABDULVAVAP;1;19.6.1984;1;0
CESRI;1;7.5.1980;0;1
DELE;2;27.2.1959;0;2
TIMAM;1;27.2.1938;0;1
ZIYDAN;3;12.5.1971;3;0
KEHELE;1;29.4.1992;0;1
ARME;1;2.2.1939;0;1
MUCUT;3;3.3.1954;0;3
SEYMUSLUM;4;7.12.1970;4;0
ANZILHO;1;2.2.1975;0;1
IBAHIM;1;28.11.1980;1;0
HEYLE;2;1.3.1971;0;2
HUVEYS;1;27.2.1974;0;1
HUMEYDAN;1;12.2.1971;1;0
VEZAHA;1;17.6.1983;0;1
HIZEYIM;2;1.3.1962;2;0
HATUCE;2;7.6.1961;0;2
MAHYEDIN;1;23.5.1991;1;0
HUMAYIT;1;22.2.1973;1;0
SAHADDE;1;2.2.1975;1;0
HURIYEE;1;17.10.1990;0;1
CELLE;2;10.8.1964;1;1
ZIHAYYE;1;24.12.1975;0;1
UTMAZ;1;27.2.1974;1;0
ZILEYBI;1;27.8.1926;0;1
REYAS;1;7.9.1982;1;0
RAHAYLI;1;11.9.1959;0;1
SEO;1;22.6.1955;0;1
ZEYAN;4;12.11.1966;2;2
HAMEDI;3;5.9.1957;3;0
NEHEYYIR;1;9.8.1952;1;0
MURESSEH;1;7.1.1940;0;1
COF;1;12.2.1971;0;1
REJDAN;1;25.4.1981;0;1
KETLUMA;1;1.3.1991;0;1
MUCBIL;1;27.2.1968;1;0
GARDIYE;1;22.2.1973;0;1
KARBIYE;1;6.2.1989;0;1
SALLAL;1;7.2.1952;1;0
AKVEN;1;7.10.1976;0;1
YAZLI;3;8.2.1972;0;3
ALAVI;1;22.2.1937;1;0
DEHEYE;1;22.2.1967;0;1
MITE;4;11.2.1956;0;4
FODA;1;30.5.1974;0;1
CECLE;1;27.2.1956;0;1
KENDURE;1;17.2.1978;0;1
SAHDE;3;11.8.1962;0;3
RIHEYLI;1;24.9.1973;0;1
FELLAC;1;17.2.1960;1;0
KAHLI;6;25.11.1956;0;6
BILFARIZ;1;28.6.1977;0;1
UMMISAH;1;7.4.1958;0;1
RIHE;1;27.8.1926;0;1
MUZE;2;16.8.1949;0;2
GERRA;1;1.6.1971;0;1
BERHOS;2;8.10.1952;2;0
HELLOS;1;2.8.1933;1;0
TESO;1;22.2.1955;1;0
HEDILEY;1;17.2.1936;0;1
SAGO;1;27.8.1932;0;1
HEYYIT;1;27.2.1962;1;0
CUNUH;2;22.1.1961;0;2
GEDMA;1;2.2.1939;0;1
REBUA;3;27.2.1950;0;3
ZEKVE;1;5.5.1977;0;1
TAHRI;2;22.2.1967;2;0
CIRCISKADDAFI;1;25.4.1986;1;0
HINKI;1;17.2.1936;0;1
ZURUK;1;29.3.1990;0;1
ZERUKA;1;16.4.1935;0;1
RIHAYET;1;2.2.1963;1;0
SEHU;1;22.2.1943;1;0
RACVA;2;24.4.1972;0;2
ABDULSATTAN;1;17.2.1972;1;0
TEYIHA;1;14.6.1941;0;1
SUKE;1;11.8.1960;0;1
REDDUH;1;12.2.1941;0;1
DELAT;1;17.2.1972;1;0
KEREYYIM;1;22.8.1937;1;0
KIRRI;1;27.8.1926;1;0
ZEMMAVA;1;21.6.1960;0;1
BARHO;5;11.4.1950;5;0
HALLUC;1;17.2.1960;0;1
MUCFE;1;12.2.1971;0;1
FITTI;2;17.1.1947;0;2
TELAC;1;22.2.1943;1;0
NUPHIYE;1;22.2.1973;0;1
REZZEK;1;13.5.1973;1;0
TIRREYYE;1;26.4.1977;0;1
ITRAT;1;7.2.1970;1;0
LEUP;1;2.2.1969;0;1
TENVA;1;7.2.1970;0;1
KENVA;1;17.5.1977;0;1
SEHEYLE;1;2.2.1975;0;1
DASIR;2;1.11.1952;2;0
ZELILA;1;2.6.1950;0;1
KELFUME;1;27.2.1974;0;1
ZUNE;1;7.2.1946;0;1
SINBER;1;30.4.1974;0;1
SILLE;1;7.2.1976;0;1
KEYME;1;22.2.1979;0;1
KIMI;2;22.2.1967;0;2
HOVRIYE;1;2.2.1975;0;1
FIRREYE;1;12.2.1971;0;1
RUSSEN;2;6.9.1972;0;2
MUNVA;1;27.2.1974;0;1
DOGMA;1;21.6.1954;0;1
MUCFA;1;7.2.1958;0;1
FIDLE;1;6.5.1978;0;1
ZIGEYRE;2;27.11.1942;0;2
CECAR;1;22.4.1954;0;1
SAHEM;1;17.2.1990;0;1
MELLAHAT;2;2.11.1967;0;2
OVEYYIT;1;27.2.1932;1;0
MIRREY;1;2.4.1964;0;1
RIYE;2;3.9.1968;0;2
KEYE;1;12.2.1965;0;1
TORFA;1;7.1.1976;0;1
KERHO;1;6.12.1944;1;0
DAYIK;1;2.2.1939;1;0
HEDVA;5;14.9.1961;0;5
BEYCO;2;22.2.1955;2;0
SAVLA;1;17.2.1972;0;1
ZEVVAT;1;29.2.1985;1;0
FITIYE;3;13.8.1961;0;3
FATTUMMA;1;12.2.1959;0;1
LEYME;2;13.2.1972;0;2
REBEGE;1;7.2.1975;0;1
MENNAH;2;19.8.1944;2;0
FIDODA;1;26.1.1977;0;1
HEYNO;1;12.2.1971;0;1
ZERRUKE;1;2.2.1963;0;1
DELHIYE;1;16.4.1952;0;1
HACUZ;1;2.2.1969;0;1
SIHTAVIN;1;21.9.1982;1;0
HELLUMA;1;27.8.1938;0;1
KAZENE;1;18.5.1975;0;1
APTE;1;17.2.1960;0;1
CAZII;1;2.2.1975;0;1
ABED;1;16.10.1980;1;0
ZEROG;1;6.7.1959;0;1
MUFTEFER;1;2.2.1975;0;1
FAHRIHISA;1;4.6.1975;0;1
DENDI;1;9.2.1931;0;1
TUFLA;1;12.2.1971;0;1
MER;1;11.3.1952;1;0
SEVVAH;4;9.4.1945;4;0
ABDULLAVAHAP;1;22.6.1991;1;0
RUDA;2;21.11.1972;0;2
KOBBA;1;12.2.1971;0;1
HAMIKE;1;27.12.1932;1;0
TEYYUHA;2;15.8.1953;0;2
IFE;1;2.2.1975;0;1
MOZEZ;1;22.2.1973;0;1
DELULLE;1;27.2.1956;0;1
HAMEYDI;1;27.2.1944;1;0
ALEMEDDIN;1;18.3.1981;1;0
TEFLE;1;17.2.1972;0;1
NADVA;1;4.2.1970;0;1
ZEIYAN;1;26.2.1949;1;0
HURYIE;1;1.6.1986;0;1
RAHAYYE;1;27.8.1944;0;1
GEZULE;1;22.2.1961;0;1
RAVVA;1;2.2.1951;0;1
ABDULILE;1;2.2.1975;1;0
HUNTA;1;2.8.1933;0;1
HETVA;1;7.8.1928;0;1
KUZLE;1;27.2.1968;0;1
RENVA;1;29.2.1979;0;1
KABSE;1;17.2.1966;0;1
SEYHRIBAN;1;1.2.1982;0;1
ABDULMEHSIN;1;25.11.1974;1;0
SUVEYIT;2;23.5.1978;2;0
TERTE;1;11.2.1981;0;1
RIHME;1;2.2.1975;0;1
HAZZER;1;1.10.1991;0;1
MIHRIP;3;2.1.1961;3;0
ZIHEYYI;1;7.2.1952;0;1
MENAH;1;2.2.1975;1;0
ARE;1;6.2.1959;0;1
LOBO;1;27.2.1962;0;1
HEYRO;2;20.11.1948;1;1
REDEH;1;17.3.1966;0;1
TEBE;1;20.6.1985;0;1
HAYBETTULLAH;1;12.2.1977;1;0
KELFUMA;1;22.2.1961;0;1
ZEGRA;2;17.2.1970;0;2
RIDEYYE;1;22.2.1967;0;1
MUHFUZA;1;26.11.1978;0;1
REYGE;1;12.2.1971;0;1
DEBILE;1;16.8.1960;0;1
TEVHIYE;1;17.2.1942;0;1
MENDDUH;1;16.12.1975;1;0
GEVRA;2;9.10.1970;0;2
OCA;1;7.8.1934;0;1
ZERUGI;1;7.8.1934;0;1
BIHDIYE;1;7.2.1970;0;1
ZIAYNE;1;18.4.1948;0;1
HARKE;1;13.3.1947;0;1
GENDI;3;24.4.1955;2;1
ABDELILAH;1;13.5.1963;1;0
ABBUSSEMET;1;22.1.1982;1;0
PNAR;1;14.5.1987;0;1
UMYA;2;7.6.1978;0;2
HEDYI;1;17.2.1978;0;1
RINDIY;1;17.2.1960;0;1
REHAYLA;1;7.2.1958;0;1
ALEVI;1;12.2.1971;1;0
TEYYIBI;1;2.2.1969;0;1
HEYUL;1;2.8.1933;0;1
VIDEYHI;1;17.2.1936;0;1
MEYI;1;1.3.1944;0;1
HALIDEE;1;2.3.1988;0;1
NAZIYAT;1;2.3.1974;0;1
TAYI;1;4.11.1935;0;1
HAPCE;1;11.7.1972;0;1
ZENRA;3;7.1.1984;0;3
NIVZAT;1;11.12.1979;1;0
NAUSE;1;2.2.1981;0;1
HABOS;1;7.2.1946;0;1
MEHRUP;2;24.3.1981;2;0
MIDADE;1;19.8.1955;0;1
OMURATA;1;1.3.1978;0;1
HICUZ;1;25.3.1948;0;1
SALLAFE;1;24.12.1981;0;1
ESDIYE;1;4.4.1976;0;1
NEVVAZ;1;11.9.1964;1;0
HOFIDI;1;7.8.1922;1;0
REMIRA;1;11.6.1983;0;1
ZERRUGGA;1;17.3.1948;0;1
HILEFAN;1;29.6.1944;1;0
HURIYETO;1;11.5.1962;0;1
USIP;1;15.4.1934;1;0
MENVE;2;8.9.1980;0;2
DEGO;1;2.4.1945;1;0
DEGGO;1;12.4.1953;1;0
DIHIR;1;2.8.1927;1;0
BELHIYE;3;5.8.1944;0;3
HILEF;1;27.5.1944;1;0
MIKKAIL;1;23.10.1989;1;0
MUVET;1;26.2.1967;0;1
HAMKAN;4;26.4.1961;4;0
ADRILE;1;15.5.1989;0;1
HELEY;1;7.4.1976;0;1
EHLIME;4;2.8.1956;0;4
ADVA;9;8.8.1965;0;9
EHDIYE;1;27.3.1987;0;1
SIGDA;1;7.8.1970;0;1
MENTEZE;7;19.9.1976;0;7
EMRIKE;2;16.2.1990;0;2
RIDDI;1;16.11.1982;0;1
MAHAYIR;1;9.12.1970;1;0
CEMALLETIN;2;23.10.1986;2;0
YILOIZ;1;27.3.1992;0;1
ZEMIRTA;1;22.2.1967;0;1
ZIHAYE;1;17.8.1948;0;1
KENNE;1;2.2.1945;0;1
BADRAN;1;19.5.1949;1;0
GASYA;2;5.9.1957;0;2
RAGIDA;3;24.11.1962;0;3
UBEYTTULLAH;1;22.2.1955;1;0
DELODUNYA;1;22.4.1967;0;1
CUNAP;1;26.3.1982;1;0
BENEVSI;1;27.5.1968;0;1
TILEYLI;1;2.6.1975;0;1
GULUMDA;2;25.9.1966;0;2
AJDAGUL;1;27.2.1992;0;1
ZIHEYYA;1;7.2.1964;0;1
SEYHBUB;1;12.1.1947;1;0
ZEZZO;1;2.5.1945;0;1
MELTOS;1;27.5.1974;0;1
YUZGUN;3;20.9.1977;0;3
MUCI;1;22.5.1949;0;1
NAHRIBEN;1;12.2.1977;0;1
ROMEDIN;1;27.7.1990;1;0
BILUCAN;1;14.12.1988;0;1
GIMEYRA;1;22.4.1967;0;1
DELISAH;1;27.1.1979;0;1
OTE;1;12.2.1965;0;1
HINSI;1;2.8.1933;0;1
RUHVET;1;12.4.1971;0;1
TIRKIYA;1;16.6.1964;0;1
SUDELUYUN;1;22.2.1961;0;1
IZHAYYIR;1;12.8.1947;1;0
RINILA;1;17.10.1972;0;1
ERCIBAN;1;21.2.1988;0;1
AYNZALHA;1;6.7.1981;0;1
AYITAN;2;5.3.1966;0;2
LEKI;1;4.6.1945;0;1
BERLIK;1;17.1.1972;0;1
ZIGEYIR;1;15.4.1980;1;0
IZHAVVI;1;2.2.1963;1;0
BERFIHAN;2;14.10.1970;0;2
YEZZO;1;17.2.1960;0;1
ALEATIN;1;4.5.1980;1;0
HANUZ;1;22.2.1979;0;1
CECCI;1;27.2.1950;0;1
RAVAH;2;23.7.1963;0;2
ESMAK;1;27.9.1956;0;1
ABBADI;1;16.11.1964;1;0
HAYI;1;8.3.1936;0;1
TIRAYA;1;26.4.1978;0;1
SILBA;1;23.4.1967;0;1
MITILA;1;21.7.1947;0;1
TECI;5;1.12.1961;1;4
VADHI;2;15.6.1959;0;2
HIZEYYIN;1;17.3.1936;1;0
DOJEN;1;5.3.1985;0;1
LAYIZE;1;19.6.1970;0;1
DIRRIH;1;7.11.1970;1;0
CIRIH;1;3.9.1969;1;0
KESSIRE;1;13.3.1990;0;1
VEDHE;1;6.4.1991;0;1
HASSUNE;1;17.1.1978;0;1
HULO;2;22.8.1931;2;0
GEVZI;2;4.11.1943;0;2
LEZZO;1;11.5.1984;0;1
GAZNA;5;13.9.1969;0;5
DIZVARI;1;27.8.1944;0;1
AYUNA;1;11.5.1957;0;1
BERNUN;1;10.2.1964;1;0
TEVRAZ;1;28.2.1974;0;1
MEYANA;1;27.2.1962;0;1
YIZO;1;15.4.1966;0;1
GEZIYE;2;28.10.1955;0;2
ABDULMENAL;2;21.7.1979;2;0
HUVEYR;1;8.3.1963;0;1
HASIYYE;2;4.10.1946;0;2
SULUBIYE;1;30.9.1968;0;1
CILELE;1;27.2.1980;0;1
DURGAM;1;21.1.1953;1;0
IMHEYYE;1;23.4.1966;0;1
ITALYA;1;22.8.1961;0;1
BERANI;1;7.8.1946;0;1
HALILULAH;1;2.7.1969;1;0
MIHDIGAR;1;20.2.1966;0;1
ATARIT;1;17.4.1960;0;1
NAFUSA;1;12.2.1965;0;1
SAFIHAT;1;17.2.1966;0;1
SIVEDE;1;17.6.1942;0;1
BISIYE;1;7.8.1934;0;1
DOZE;1;14.11.1986;0;1
ALIRIZZA;1;11.6.1974;1;0
CEDDO;1;22.8.1925;0;1
IDHEYYIL;1;17.2.1966;1;0
NEZZUHA;1;12.8.1947;0;1
BERSO;1;11.7.1951;1;0
HINISI;1;18.2.1954;0;1
DABULE;1;17.2.1966;0;1
TINIYA;1;7.2.1964;0;1
RUHCEM;1;17.7.1990;0;1
FEDHEDDIN;1;14.4.1964;1;0
GEVVAS;1;2.2.1963;0;1
GULBEMA;1;16.2.1974;0;1
RUSETIYE;1;2.2.1963;0;1
GEMRAH;3;12.7.1964;0;3
YAZIDE;1;7.2.1952;0;1
SUIGIL;1;27.9.1981;0;1
SEVDAC;1;13.12.1973;1;0
HINNA;1;19.2.1953;0;1
ZEVALI;1;17.3.1978;1;0
TUREYE;1;27.2.1974;0;1
HEVRI;1;7.8.1922;0;1
MANIFA;2;30.5.1974;0;2
NAYUK;1;12.5.1932;0;1
HINES;6;22.1.1956;0;6
HUSLIBAN;1;8.12.1987;0;1
BAVARI;2;25.12.1955;0;2
SENED;4;24.9.1982;4;0
HELELE;1;27.6.1950;0;1
GAZALIN;1;14.7.1953;0;1
ZINGUL;1;16.3.1981;0;1
MULKIYYE;1;6.4.1980;0;1
AMMO;2;24.10.1949;2;0
REVVAH;1;17.2.1936;0;1
HANUSHAN;1;12.3.1983;0;1
GAZZE;1;7.9.1964;0;1
GINIS;2;12.9.1966;0;2
HETER;1;22.2.1973;0;1
HIMDIYE;1;17.6.1930;0;1
KUMRIYA;4;12.9.1972;0;4
NUREE;1;23.4.1967;0;1
HEMAYIN;1;2.2.1981;0;1
SULIME;1;17.2.1966;0;1
LAUP;1;25.7.1955;0;1
VESFO;2;5.9.1963;0;2
IHSAR;2;7.12.1969;2;0
URDAM;1;17.8.1948;0;1
IDIK;2;3.1.1947;0;2
SEYRIK;4;22.11.1950;0;4
KUDRISE;1;29.2.1980;0;1
MIYO;1;21.4.1960;0;1
MEZIRET;1;27.10.1989;0;1
GITNA;1;27.9.1974;0;1
HEKINEMA;1;17.8.1987;0;1
ZIRICI;1;22.2.1937;0;1
HICBIYE;1;6.6.1972;0;1
BAVERI;1;23.4.1967;0;1
NEVURA;1;27.2.1950;0;1
ATBE;3;7.10.1967;0;3
AMRO;1;3.5.1951;1;0
DELULE;1;25.7.1951;0;1
ITHAYYE;1;27.5.1982;0;1
SEVAHA;1;27.2.1956;0;1
IDHEYYE;6;17.12.1962;0;6
IRHAYIL;1;6.5.1939;1;0
ITRAYYE;1;1.11.1991;0;1
MIHEYYE;1;17.8.1990;0;1
SEDHA;1;6.12.1991;0;1
HILEYLE;1;1.6.1972;0;1
DIYAT;1;10.8.1964;1;0
FAYZIYE;2;15.12.1968;0;2
HEGSA;1;2.2.1991;0;1
SIHHIYE;1;2.2.1969;0;1
RAHIYYE;1;17.2.1954;0;1
IDILE;2;23.11.1948;0;2
HELCA;1;26.3.1976;0;1
IDHAYYE;3;4.1.1967;0;3
SELMEDDIN;1;22.2.1967;1;0
IDHEBE;1;28.4.1950;0;1
MATTURA;1;17.2.1954;0;1
IZHEYYI;1;1.5.1979;0;1
DEYHE;1;5.3.1963;0;1
BAYRAN;2;30.5.1970;2;0
ZARIGFE;1;16.9.1988;0;1
ZAHIYYE;1;21.8.1954;0;1
FELIK;2;5.1.1989;0;2
YADANUR;1;30.7.1990;0;1
RIDYE;2;22.1.1979;0;2
BEYRETTA;1;29.4.1980;0;1
KEVVI;1;7.10.1976;0;1
BISMITE;1;19.2.1972;0;1
HUVER;2;5.11.1945;0;2
LEVAZIM;1;7.12.1986;0;1
GETTUHA;1;7.2.1964;0;1
HAZABE;1;4.2.1974;0;1
NORE;1;2.8.1927;0;1
ZIZO;3;21.5.1960;0;3
HUVVER;1;3.8.1950;0;1
RECDIYE;2;13.5.1956;0;2
HAKSE;1;29.3.1920;0;1
ZALAN;1;18.3.1942;1;0
ABDURREEZAK;1;12.2.1965;1;0
MEHDIA;1;2.2.1975;0;1
HAVEZ;1;27.8.1920;0;1
MUNAVVIH;1;2.2.1951;1;0
CEVUZET;1;16.6.1973;1;0
ADUK;1;12.8.1929;0;1
MUAYILE;1;20.3.1992;0;1
GULFEL;2;11.5.1979;0;2
TAVRAZ;1;19.4.1966;0;1
ELHO;2;8.7.1928;0;2
MEDANE;1;18.4.1960;0;1
ISHEYE;1;12.8.1953;0;1
TAVHA;1;7.2.1964;0;1
KALYA;1;27.7.1938;0;1
IDEYYE;2;8.3.1952;0;2
IHBUZ;1;11.2.1964;0;1
SIEYLE;1;14.8.1963;0;1
IDEYLE;1;4.4.1926;0;1
KITAYYE;1;30.12.1934;0;1
HAPSA;1;22.8.1991;0;1
DAHEYYE;1;26.3.1960;0;1
ZEHUMA;1;7.2.1964;0;1
PUSO;1;9.3.1934;0;1
SEHBUB;1;2.8.1927;1;0
HEVER;2;14.8.1965;1;1
HINNIS;1;5.4.1949;0;1
HUZNEY;1;1.8.1937;0;1
ZAHYA;1;22.7.1964;0;1
DILFIDAN;1;6.6.1985;0;1
ILHO;1;7.8.1928;0;1
TACILE;1;12.1.1965;0;1
BAKRA;1;26.3.1976;0;1
CIVAHIR;1;13.5.1990;0;1
HAVVADA;1;19.5.1960;0;1
IVYEK;1;7.4.1951;0;1
ISLEYYIT;1;2.6.1925;0;1
FIRIYYI;1;24.5.1955;0;1
MIHEYYA;1;10.2.1964;0;1
ZAHEYYE;1;12.8.1929;0;1
FIHAYYIM;1;7.2.1952;1;0
UCBA;1;30.10.1929;0;1
SRA;1;17.12.1988;0;1
HISI;1;27.8.1920;0;1
HIVVER;1;12.2.1953;0;1
HEDDUL;2;17.2.1954;0;2
BARGE;1;22.2.1943;0;1
AHME;2;28.4.1966;2;0
TIREYYI;1;3.6.1956;0;1
MEHBIFA;1;1.6.1976;0;1
M.VAHAP;1;2.3.1963;1;0
BEDDIHA;1;8.2.1983;0;1
SEVVAHE;1;6.5.1974;0;1
MEYIH;1;7.5.1976;0;1
IDELE;2;30.11.1954;0;2
TAFRA;1;19.3.1966;0;1
IDHAYYA;1;2.2.1958;0;1
HULLO;2;27.5.1944;2;0
HENIYYE;1;22.4.1955;0;1
ITHEYYE;1;26.4.1976;0;1
MUNHIYE;1;1.6.1943;0;1
LUUBE;1;30.6.1964;0;1
BESAVA;1;22.2.1973;0;1
TIKIYE;2;14.2.1956;0;2
MADICE;1;15.4.1959;0;1
MUFAZI;1;11.2.1975;1;0
GATME;1;17.8.1936;0;1
FIRCA;1;2.2.1951;0;1
FIDLA;1;13.9.1977;0;1
SAHHADI;1;7.2.1964;1;0
IZHAYE;1;27.8.1932;0;1
METURA;2;11.5.1972;0;2
FIRCO;1;17.8.1936;1;0
MINAVIR;2;14.10.1977;1;1
HAMMOS;1;8.4.1951;1;0
BURIYE;1;27.6.1974;0;1
RUHFET;1;26.4.1976;1;0
BADRA;1;23.4.1949;0;1
DAOR;1;17.2.1948;1;0
NICUT;2;8.5.1964;0;2
IHLEYYIL;1;7.4.1976;1;0
GEMSO;1;2.8.1951;1;0
RASKIYE;1;20.12.1988;0;1
ALPERI;6;19.8.1970;0;6
GERSO;1;2.8.1933;0;1
HIDIRA;2;20.8.1937;0;2
IRDENYA;1;19.3.1966;0;1
RAZZA;2;25.1.1958;0;2
UCBE;1;4.3.1963;0;1
CUMASIYAH;1;12.7.1974;0;1
ARASLI;1;15.5.1959;1;0
ZERRAP;1;7.1.1970;0;1
SIHBEKIR;4;29.10.1955;4;0
FEZANIYE;1;9.7.1970;0;1
SILFI;1;7.4.1964;0;1
KETABIYE;1;14.6.1965;0;1
MUFDALE;3;6.2.1947;0;3
MELFANI;1;10.11.1958;0;1
GARIPSA;6;16.2.1980;0;6
H.BURHAN;1;12.8.1933;1;0
SETUNE;1;7.10.1964;0;1
CIBER;1;11.2.1955;0;1
GULTAFIYE;1;22.8.1943;0;1
SEBAKAT;1;2.3.1952;0;1
KURKIYE;1;17.8.1936;0;1
MUKDEREM;3;28.7.1977;2;1
BAYGAL;2;24.11.1943;1;1
ANGALIKA;1;8.12.1959;0;1
CEMAZIYEHAZEL;1;11.2.1960;0;1
GUZEYME;3;30.1.1956;0;3
ELDUVAS;3;2.2.1956;3;0
EZEMNA;1;11.7.1965;1;0
URFUNAZ;2;6.9.1971;0;2
MUCERETTIN;1;19.3.1942;1;0
BAHSAT;2;6.12.1974;2;0
TAGUL;1;17.2.1960;0;1
SABITSELMAN;1;11.2.1975;1;0
GECEBAY;1;13.6.1986;1;0
IHSANUR;1;19.4.1959;0;1
NIDAT;3;23.8.1974;3;0
IRAZE;3;27.5.1978;0;3
BAGLER;4;22.6.1964;4;0
FARAETTIN;1;20.11.1969;1;0
MURADIVE;1;22.7.1980;0;1
EMINEFILIZ;1;26.6.1963;0;1
SULEYMANSEYHAN;1;12.5.1965;1;0
EZAIM;1;2.2.1933;1;0
NURCIYA;1;29.12.1967;0;1
HACISEYIT;3;1.1.1960;3;0
TIREK;1;7.8.1934;0;1
NEHARBEY;1;22.8.1931;1;0
REZANUR;1;11.11.1969;0;1
GUNDEGUZEL;1;3.6.1991;0;1
EVBIYA;1;9.3.1946;0;1
MEYSERIN;1;3.10.1982;0;1
HACIBAL;6;2.7.1974;6;0
HUNSELME;1;1.4.1966;0;1
MEVREZ;1;7.2.1964;0;1
NUHASIN;1;22.11.1957;1;0
ZULGARDIN;1;10.12.1976;1;0
NISIFON;1;22.4.1943;0;1
ABUNUR;8;15.3.1960;0;8
ADALIYE;1;29.7.1974;0;1
OZDEMIRCAN;1;7.2.1991;1;0
ZILKEYFLI;1;20.12.1951;1;0
MUSEMMEN;2;7.1.1983;0;2
TENABIL;1;21.11.1957;1;0
SAMEN;5;19.12.1967;2;3
SADETGUL;1;5.5.1975;0;1
REBAH;3;11.8.1966;0;3
IBREN;2;7.1.1969;0;2
HACINOMAN;1;11.2.1940;1;0
HACIARSLAN;3;30.6.1950;3;0
MENOGSA;1;23.1.1984;0;1
HACIIBIS;1;7.3.1934;1;0
MESIMI;3;21.8.1977;3;0
RAGABIYE;1;28.4.1950;0;1
IBOC;1;7.7.1946;1;0
HACIHAMDI;2;20.1.1948;2;0
HACIDURAK;1;27.2.1938;1;0
HAMSET;1;7.8.1928;0;1
IPEC;1;11.9.1958;1;0
FENNURIYE;1;22.3.1967;0;1
GODEK;1;29.7.1937;1;0
KAFES;5;23.7.1956;1;4
GULFERIZE;6;27.2.1956;0;6
CEHANAN;1;27.1.1974;0;1
PIYKAR;1;17.4.1965;0;1
RUHSUDE;1;9.5.1933;0;1
ZULEYMA;1;17.2.1960;0;1
BARANSE;1;11.5.1969;1;0
BARENSEL;3;28.11.1976;3;0
HAMDUNIYE;11;2.4.1954;0;11
TALIMAT;15;22.11.1951;0;15
NIRKIZ;1;10.1.1928;0;1
SONERIYE;1;19.7.1973;0;1
FERZUYE;1;27.3.1932;0;1
LUDABER;1;24.3.1969;0;1
GULUSMU;1;9.4.1963;0;1
MUDREKET;1;14.1.1982;0;1
NUHUZIYE;2;14.11.1964;0;2
SAHBABA;1;30.6.1970;1;0
ZULKARNEYEN;1;5.7.1962;1;0
LOLUZ;1;12.7.1971;1;0
HULASIYE;3;5.3.1969;0;3
FERGUNDA;2;28.5.1969;0;2
DILFURI;3;22.7.1972;0;3
FERMU;1;17.2.1942;0;1
SAZILET;2;11.4.1962;0;2
MUSVER;1;17.3.1954;0;1
MEZIKAT;1;11.4.1932;0;1
REBUTA;1;27.2.1968;0;1
MUTEBERNIHAL;1;21.6.1987;0;1
SERIMCAN;1;7.10.1989;1;0
H.SEYIT;3;5.1.1946;3;0
MUTEBBIRE;4;27.9.1954;0;4
TERAFENDI;2;30.2.1951;0;2
BEDRIYEANA;1;1.10.1966;0;1
HASNENE;1;26.12.1963;0;1
CEZBUNUR;1;11.8.1938;0;1
GULMIYAN;2;21.2.1969;0;2
SINOZER;1;8.5.1940;0;1
BADIGUR;1;12.8.1947;0;1
DAGBUL;1;22.2.1961;1;0
FIDON;2;23.4.1979;0;2
NEZEFIYE;1;17.1.1940;0;1
CEKINMEZ;2;8.9.1961;2;0
TEBERDANE;1;18.11.1954;1;0
HEVGIYA;1;13.1.1958;0;1
MUCUBU;1;17.6.1978;0;1
TEVHA;1;29.3.1965;0;1
CEVCEDDIN;1;17.9.1965;1;0
SERAVETTIN;1;22.3.1949;1;0
HURMETIYE;1;13.2.1960;0;1
GULEFIR;1;18.3.1991;0;1
SUMMUYAN;1;11.2.1973;0;1
KETANUR;1;6.9.1963;0;1
NERUZ;2;30.9.1978;1;1
MUFTUHAN;1;18.1.1977;0;1
MERAHAL;1;21.4.1959;0;1
BEROL;1;2.11.1969;1;0
MATBER;1;13.3.1945;0;1
PASAKO;4;7.6.1450;0;4
AYNATTIN;1;16.8.1953;1;0
SEBEATTIN;2;23.9.1952;2;0
SATAN;3;11.9.1960;2;1
KUZUFE;1;12.2.1959;0;1
SEFUNIYE;1;1.2.1990;0;1
RAHBIAN;1;21.11.1954;0;1
FIKBET;1;21.6.1930;0;1
GURABIYE;1;11.3.1938;0;1
MITER;3;29.8.1951;1;2
IKBER;1;21.2.1945;0;1
GURALI;5;13.1.1941;5;0
UTBER;1;18.1.1941;0;1
SEYLON;1;19.2.1969;0;1
IFTAZIYE;2;17.4.1959;0;2
NIHBAR;1;7.8.1934;0;1
SAPRICEMIL;1;21.7.1930;1;0
TEFURRIYE;1;4.4.1951;0;1
HABBET;1;7.2.1952;0;1
SETURIYE;1;23.4.1961;0;1
HASGUZEL;3;28.3.1959;0;3
NEVIGA;1;1.1.1939;0;1
LEYBE;2;14.4.1959;0;2
ELMAYNUR;1;3.3.1951;0;1
HURIFET;2;7.11.1950;1;1
FEVKA;1;23.4.1927;0;1
IFO;1;4.8.1932;1;0
SELIYMAN;1;18.7.1969;0;1
ZEHILE;2;21.11.1959;0;2
GULNAZMIYE;1;7.6.1964;0;1
SEBAIDE;1;26.7.1951;0;1
TEVGA;2;8.8.1960;0;2
MEMDUHIYE;4;8.5.1953;0;4
FADIYME;1;12.12.1968;0;1
ZULFAAR;1;2.11.1959;1;0
AHMETCIK;1;30.4.1955;1;0
ZELOGLU;1;10.11.1988;1;0
NEZLIM;1;27.6.1962;1;0
ESUN;3;8.8.1974;0;3
SIHMURAT;1;26.8.1972;1;0
AYSENAZAN;1;24.7.1949;0;1
BUSRAGA;1;7.8.1989;0;1
NESCILE;1;25.2.1990;0;1
NUHAMI;1;22.5.1961;1;0
PAKUZIYE;1;2.3.1969;0;1
NERMUNIYE;2;4.8.1953;0;2
HAVANIM;8;24.9.1968;0;8
FIRMAN;3;11.7.1969;0;3
MAVIK;1;22.2.1967;0;1
RUZUDE;1;11.1.1988;0;1
YAYLAYI;1;6.10.1927;0;1
HAZIHA;1;23.7.1936;0;1
GULENDAMIYE;2;2.5.1945;0;2
TUNCIBE;1;22.2.1961;0;1
ALTAK;1;13.6.1928;1;0
DELHIA;1;21.8.1976;0;1
ZULBEYAZ;1;1.2.1961;0;1
HURYAS;1;2.6.1951;0;1
MILASEM;1;16.1.1975;1;0
GULACMA;1;1.2.1955;0;1
PERUZIYE;4;30.8.1961;0;4
MUSTAAFA;1;21.9.1982;1;0
SEFAYINUR;4;3.2.1961;0;4
MUHDUZIYE;1;20.1.1945;0;1
SEFINAS;1;7.2.1934;0;1
MUCDEAR;1;15.5.1981;0;1
OMRUVADI;1;13.9.1975;1;0
ASLALE;1;21.6.1988;0;1
SIRETIYE;1;25.10.1950;0;1
MUHAMDER;1;17.7.1977;1;0
MUFESSIRIN;1;27.3.1968;1;0
MILYAMI;1;5.12.1973;1;0
MEHBA;2;3.1.1977;0;2
DULKAN;1;4.7.1956;0;1
NUFUZE;1;22.3.1937;0;1
INSAFIYE;2;22.5.1948;0;2
SUNULAY;2;13.5.1956;0;2
RUHHANIYE;1;1.10.1983;0;1
SEHREBOP;1;2.8.1939;0;1
CEFADONDU;1;26.10.1983;0;1
FEGFURIYE;1;11.2.1957;0;1
ZAFERLU;1;12.6.1947;0;1
VAHTILA;1;6.5.1962;0;1
ZULGANNIM;1;22.6.1971;1;0
KARABAL;1;12.6.1959;0;1
HAZAMIYE;1;9.7.1955;0;1
EKOL;1;11.10.1985;1;0
57;1;30.2.1947;1;0
TAHIRET;2;3.1.1957;0;2
ELABDULAZIZ;1;5.10.1991;1;0
MEYSENE;1;28.9.1956;0;1
UMMUMABET;4;19.5.1957;0;4
SAHRIYYE;1;24.6.1958;0;1
BEYHUR;2;27.4.1968;2;0
MELKANE;3;24.4.1977;1;2
NURCUYA;1;22.2.1961;0;1
SUNNUHAN;4;19.5.1953;0;4
SEYITNIZAM;4;2.1.1965;4;0
CELTEKLI;1;29.4.1950;0;1
KUTEME;1;19.9.1946;0;1
GOKCET;2;13.10.1965;1;1
YAYLLA;1;11.5.1981;0;1
HANEDER;1;21.2.1989;1;0
DESETE;1;22.3.1967;0;1
NEJEL;1;6.5.1963;0;1
EZNEDER;1;23.12.1977;0;1
CEMANNUR;1;8.2.1954;0;1
FERAHMIZ;1;8.5.1958;1;0
LEYMINE;2;7.3.1958;0;2
MUHUPE;1;27.3.1962;0;1
MULLAHASAN;1;8.4.1933;1;0
HAZAKET;1;12.2.1959;0;1
HASANSEDAT;1;12.2.1971;1;0
MAHUPEYKER;1;2.7.1950;0;1
OMERHACI;2;28.9.1933;2;0
KARABA;1;7.3.1964;1;0
GULDEY;1;27.2.1962;1;0
OSMANEFENDI;1;17.2.1954;1;0
BEKINAZ;1;17.4.1966;0;1
MIZAVIYE;1;2.8.1968;0;1
ABDIKAR;1;23.3.1953;0;1
HAZAKAR;3;5.8.1949;0;3
MUSTAFAATALAY;1;12.5.1935;1;0
SEMIHAYAT;1;14.1.1964;0;1
MENDEN;1;13.4.1962;1;0
GIMA;1;19.6.1947;0;1
DILHURUZ;1;22.4.1955;0;1
SAMUNEL;1;26.1.1986;1;0
TEFABIR;1;12.12.1983;1;0
NUMANBIN;1;23.10.1980;1;0
HAMUYDULLAH;1;5.10.1980;1;0
AYSHEN;1;17.7.1957;0;1
BILALHABES;2;8.10.1988;2;0
ZERDIN;2;14.11.1935;2;0
YUSUFBAHRI;1;16.7.1947;1;0
MAHINURI;1;2.8.1933;0;1
FATIMATUN;1;21.12.1982;0;1
VEHEDA;1;17.12.1986;0;1
SUBEYTE;2;24.12.1987;0;2
AGSAF;2;2.7.1974;2;0
LADIGUL;1;17.4.1964;0;1
S.AYSUN;1;9.9.1985;0;1
FEVZUMIYE;1;26.10.1970;0;1
SUBAGUL;1;22.2.1967;0;1
LEVZE;32;29.11.1961;0;32
AYDOVAN;2;25.8.1962;2;0
NIZANUR;4;22.12.1962;3;1
HAZENIYE;2;1.5.1950;0;2
MAMIRET;2;6.7.1948;2;0
MAHURIYE;2;16.1.1956;0;2
IRSATI;1;30.6.1966;1;0
KIPE;1;22.2.1967;0;1
CHTILIANA;1;22.10.1958;0;1
AZIMEGUL;1;9.7.1990;0;1
LEVAZIME;1;27.11.1984;0;1
HACEREN;1;27.2.1956;0;1
BAYFIL;1;27.2.1974;0;1
SEFULE;2;8.11.1977;0;2
MUNUCUBE;1;21.3.1957;0;1
MUDDEYIM;1;24.6.1986;1;0
MUSTAFADURAN;1;6.5.1977;1;0
LATIS;1;12.2.1941;0;1
YAZER;3;3.10.1972;0;3
SEFEHANIM;1;9.12.1958;0;1
SIKI;4;25.7.1963;4;0
ZUNRUT;1;28.12.1982;0;1
MUGADER;1;16.12.1971;0;1
HELMUDIYE;1;22.11.1954;0;1
NEVCUZE;1;14.3.1944;0;1
BIRAMHAN;1;2.5.1933;0;1
NASTASJA;1;30.4.1988;0;1
SUSIRIN;1;26.4.1965;0;1
ZERIMA;1;23.11.1966;0;1
KIMYAN;1;6.11.1965;0;1
BAHRENSAH;1;26.1.1955;1;0
NURAYA;5;2.4.1965;0;5
KANIS;4;11.4.1945;0;4
GULORDEM;1;29.5.1961;0;1
SUH;1;21.7.1980;0;1
HURCEHAN;1;6.7.1964;0;1
MEHRIZA;1;1.3.1988;0;1
MAMIKA;1;1.5.1966;0;1
SEPIRA;1;27.7.1976;0;1
ZILIH;1;22.4.1967;0;1
VELINABI;1;11.10.1982;1;0
FERMUNIYE;2;14.3.1957;0;2
SUBELYA;1;24.4.1980;0;1
FEVGIZE;1;4.6.1963;0;1
RAHIDIYE;1;11.9.1974;0;1
SEFULU;2;30.9.1944;0;2
HUZUMIYE;1;21.9.1965;0;1
SEYRETI;1;12.10.1989;0;1
TAHSISER;1;10.2.1967;0;1
FRIEDLINDE;1;26.11.1950;0;1
RAHULE;2;17.1.1978;0;2
TEHURIYE;1;2.2.1957;0;1
MIMENET;1;3.2.1945;0;1
SEKARIYE;2;1.7.1964;0;2
FERNAMI;1;22.3.1961;1;0
CAMALUR;1;7.2.1983;0;1
IRTMTRAUD;1;10.11.1950;0;1
PIRGAIP;6;25.2.1961;6;0
FETAATTIN;1;11.11.1967;1;0
LUTKIYE;1;21.11.1968;0;1
PEVRILBIRDANE;1;9.6.1988;1;0
NURAYLAN;1;26.8.1970;0;1
CIHANGOL;1;23.3.1949;0;1
MUKAVEMET;1;16.6.1959;1;0
SUZU;1;17.2.1954;1;0
NESIKO;1;20.9.1950;0;1
MUTET;3;12.6.1961;2;1
ABUSER;1;11.10.1988;1;0
NURDAGIYE;1;26.5.1964;0;1
ENTEN;1;7.2.1952;0;1
DEZO;1;12.6.1961;0;1
FERMURIYE;1;7.2.1964;0;1
MESERETTIN;1;7.4.1964;1;0
MUMENE;1;2.2.1951;0;1
SEVFAT;1;17.2.1960;1;0
SOHRE;13;15.10.1957;0;13
MUVHUBE;1;28.5.1956;0;1
MECMUR;5;14.2.1955;0;5
URSANI;1;11.6.1957;1;0
ZINNURIN;6;9.10.1958;5;1
MUHMUDIYE;1;19.6.1963;0;1
SIYAHATTIN;1;24.6.1973;1;0
MEFTIN;2;9.1.1971;1;1
KAFUSE;1;27.5.1932;0;1
KADIFET;2;14.1.1956;0;2
KOHTELI;1;27.7.1957;1;0
SIHLAR;4;1.4.1953;1;3
TAHURIYE;1;27.3.1938;0;1
BIRNAY;2;28.6.1958;0;2
RAZIYYE;1;12.4.1935;0;1
NURAVSAN;1;27.2.1974;0;1
HATIGE;4;1.11.1947;0;4
KURDAHAN;1;19.8.1960;1;0
LEFES;1;21.3.1930;0;1
FERGAMI;1;9.4.1958;1;0
KUZADE;1;21.5.1942;0;1
MUFESSIR;1;28.6.1986;1;0
LENSURE;1;22.2.1955;0;1
TEKKI;1;6.3.1956;1;0
ZANCAT;1;28.8.1981;1;0
MUKTAR;1;1.6.1966;1;0
ZEYTUNER;1;22.8.1967;0;1
OSMANALP;2;13.12.1986;2;0
JASIM;3;5.10.1987;3;0
VAHILI;1;2.3.1957;0;1
NEJRET;1;17.8.1954;0;1
KETAYYUM;1;12.10.1968;0;1
GULMERCAN;4;29.5.1951;0;4
TENASUB;2;5.3.1970;0;2
TENASUM;1;1.5.1966;0;1
MAHINURHAN;1;30.6.1983;0;1
GULIYNA;1;16.10.1968;0;1
KASAVET;1;2.11.1957;0;1
ERBOLAT;1;2.4.1963;1;0
DONSE;2;11.4.1976;0;2
EHSANIYE;6;11.10.1952;0;6
GAYUM;2;30.12.1964;2;0
KURANI;1;11.1.1987;1;0
SEVARA;2;18.10.1979;0;2
SERENGIZ;2;7.6.1973;0;2
OZGAR;1;11.3.1945;1;0
BEKGUL;1;24.4.1949;1;0
HANICAN;1;17.2.1960;0;1
YUTMUK;1;16.9.1965;0;1
MUSAAT;2;25.7.1960;2;0
HABULU;1;12.7.1929;0;1
EBUTURAP;1;13.9.1964;1;0
HUBULU;1;2.7.1943;0;1
SAKGUL;1;7.12.1952;0;1
KURNA;1;30.10.1922;0;1
ZEHERGUL;3;15.2.1960;0;3
TERMUNIYE;2;5.1.1973;0;2
DULZADE;1;29.1.1970;0;1
EHTISEN;2;21.3.1968;0;2
AHMETSANI;1;27.2.1956;1;0
MEYPURIYEZE;1;12.4.1975;0;1
CEMAANUR;1;17.2.1960;0;1
MUHIGA;1;22.2.1961;0;1
ABINEZ;1;2.2.1957;0;1
ERMAYIL;1;2.12.1979;1;0
HACILUTFI;1;26.9.1942;1;0
NURICELAL;2;17.7.1979;2;0
LEYMANA;1;4.4.1963;0;1
IBEKMAZ;1;7.2.1946;0;1
UMMUSIM;1;6.6.1959;0;1
GULENDEGME;1;24.10.1954;0;1
CAGLARGUZEL;1;5.8.1982;1;0
ZUHRANI;1;17.3.1972;0;1
RASIR;1;15.5.1953;1;0
SATILIMIS;1;6.7.1987;1;0
SEBBAHAT;1;7.4.1976;0;1
SEMRANI;1;19.5.1988;0;1
LIOZA;1;6.4.1968;0;1
BALIZ;1;6.9.1956;0;1
SANABIYE;1;25.5.1955;0;1
TENAZUL;4;16.8.1960;0;4
SAHERGUL;1;27.2.1956;0;1
LESME;1;16.12.1931;0;1
SEVELYA;1;5.8.1980;0;1
TERMUNE;1;6.4.1938;0;1
SAFVETTIN;2;14.5.1943;2;0
SAHEGUL;1;20.10.1939;0;1
NURDUS;2;4.12.1977;0;2
SECIRE;1;14.4.1946;0;1
ADAMI;1;2.3.1939;1;0
MAHBARI;1;2.2.1981;0;1
GULNAZENDE;1;24.4.1949;0;1
CANIGUZEL;1;12.6.1941;0;1
GULUMINNET;1;2.7.1975;0;1
RUMISA;1;2.12.1991;0;1
ZEKAFIYET;1;24.5.1961;0;1
CEMSIYE;2;23.6.1977;0;2
IVEYDE;1;12.1.1935;0;1
PAHIZAR;2;22.6.1964;0;2
NUHBA;1;6.4.1954;1;0
FURGANIYE;1;8.4.1989;0;1
INGINUR;1;12.3.1953;0;1
NEFRIZ;1;28.3.1944;1;0
GULZAY;1;23.3.1979;0;1
ABDULDURAK;1;21.5.1964;1;0
HAYRULBERIYE;1;4.5.1938;0;1
ZULBEYE;2;20.6.1957;0;2
CIMEKER;1;7.8.1940;0;1
NEZME;3;3.9.1967;0;3
FERMANIYE;4;4.11.1965;0;4
KAYFER;5;15.7.1962;0;5
RUNIMA;1;27.4.1968;0;1
SERIKIYE;1;1.1.1942;0;1
GULANDAMI;1;6.2.1965;0;1
CEMAINUR;8;29.1.1960;0;8
MIYEREZ;1;2.4.1969;0;1
GULZABI;3;30.6.1941;0;3
URKAC;1;13.1.1934;0;1
IFEYIR;1;21.8.1948;0;1
LEFIZAR;1;27.3.1956;0;1
YALCINTAN;1;12.5.1972;1;0
KOGO;1;18.3.1942;0;1
MUMDUHA;3;29.11.1963;0;3
BUHAYID;1;9.4.1989;0;1
NURAMIN;1;16.1.1978;1;0
EMSALSIZGUL;1;16.7.1966;0;1
SIBILAY;2;24.12.1980;0;2
SEHRISIYE;1;17.8.1960;0;1
TERCANGUL;1;12.7.1965;0;1
SEYHRIYAR;1;28.5.1940;0;1
NUSZET;1;12.9.1978;1;0
BERDESTE;2;9.10.1964;0;2
URUSUM;1;1.6.1937;1;0
TURIDI;1;12.6.1934;1;0
BADIREVA;1;2.2.1957;0;1
LEFAKA;1;26.12.1977;0;1
MAAP;1;27.4.1951;1;0
ZULLUYE;1;2.2.1951;0;1
BADESEL;5;11.11.1971;0;5
RUHNEYDE;1;7.2.1951;0;1
SIKAYUP;2;27.2.1958;2;0
MEFIL;1;9.3.1965;1;0
UGUS;1;12.6.1953;0;1
HACERIF;1;11.1.1957;1;0
DURASEL;1;11.7.1967;0;1
MEJMAIL;1;17.7.1966;1;0
FELIKNAZ;3;10.11.1956;0;3
MIAZZEZ;1;30.4.1941;0;1
ZULFARI;4;5.12.1956;1;3
MAPIA;1;11.12.1949;0;1
ZERILE;1;24.3.1964;0;1
MANSER;1;9.5.1933;1;0
GUZUYFE;1;2.2.1939;0;1
GENBER;1;14.3.1950;1;0
ESNET;1;16.2.1940;0;1
SEMAINUR;3;18.2.1966;0;3
MUKHISA;1;7.8.1958;0;1
MUHABPET;1;17.12.1961;0;1
TOREL;3;28.11.1965;0;3
AKCEGUL;1;17.4.1936;0;1
FATINAZ;2;24.9.1966;0;2
GULENTE;4;30.11.1960;0;4
AYFIDAN;2;9.7.1949;0;2
KUTLUBEY;1;30.5.1977;1;0
TERZUME;1;18.12.1939;0;1
HAYATNUR;2;1.6.1969;0;2
GULEPSI;1;25.4.1973;0;1
ZEYNIYET;1;22.2.1949;0;1
MEHMETEFE;1;23.11.1969;1;0
PEVLURDANE;1;8.4.1976;1;0
BELHUDE;3;13.10.1964;0;3
GULBASTI;6;28.5.1961;0;6
SUMAHI;1;17.2.1960;0;1
MEBUSEYN;2;1.4.1967;2;0
ERBAG;3;12.3.1977;1;2
SECIYAN;1;21.3.1977;0;1
SEBEYHA;2;25.3.1968;0;2
CENIHA;3;1.12.1975;0;3
CANIDE;3;17.10.1972;0;3
PEKUSTUN;1;26.3.1955;0;1
SEDALIE;1;6.10.1978;0;1
SARIS;2;12.4.1967;0;2
SEMAYURT;1;22.5.1961;0;1
BERNIR;1;22.12.1943;0;1
SALIR;1;17.2.1954;0;1
MURTESEM;2;16.2.1955;0;2
H.ASLAN;1;2.4.1963;1;0
NUZU;1;28.9.1956;1;0
SUMEYIN;1;19.12.1966;0;1
FUHAMETTIN;1;28.11.1971;1;0
MIHRABE;1;27.9.1986;0;1
SEFAR;2;5.11.1975;2;0
HURUZUK;1;7.11.1942;0;1
YEMENBEY;1;26.1.1973;1;0
ZULFIKANE;1;11.10.1974;0;1
HURDEGUL;2;15.4.1963;0;2
USKULE;1;7.12.1964;0;1
H.NUSRET;1;30.7.1964;1;0
SARAYE;2;25.1.1957;0;2
GULPAZA;2;14.2.1953;0;2
KULHIYE;3;20.6.1947;0;3
OLBIYE;1;12.4.1929;0;1
LALISER;2;19.5.1937;0;2
KAZMURE;1;12.2.1947;0;1
DURNALI;5;7.6.1970;0;5
CEZINUR;1;2.4.1939;1;0
EMIRCE;1;26.2.1967;1;0
NURBIHAN;1;2.5.1975;0;1
LUTYE;1;2.2.1957;0;1
EHRAIL;1;12.9.1965;1;0
BELDANUR;1;10.2.1976;0;1
TEKMILEARZU;1;9.3.1975;0;1
CUMAYIN;2;10.3.1987;2;0
GANITET;1;12.11.1965;0;1
M.NUREDDIN;1;25.6.1970;1;0
MERCUHA;2;24.3.1959;0;2
BURHAMI;1;25.5.1961;1;0
ADAFIYE;3;1.9.1960;0;3
MEMZUFE;2;25.8.1962;0;2
ULKUSINEM;1;10.4.1988;0;1
HEZAREN;1;21.12.1982;0;1
FURUZAT;2;17.5.1948;0;2
YAZIR;1;16.1.1934;1;0
MUSDU;1;2.6.1957;1;0
RAGUL;1;22.10.1973;0;1
BELHUSE;1;24.7.1931;0;1
ZUBEYDEN;3;8.12.1974;0;3
PANPUS;1;17.8.1930;0;1
ASUNIYE;1;26.1.1972;0;1
DURDANYE;1;17.4.1966;0;1
MUFERRIHA;2;3.5.1963;0;2
CUMLAFET;1;27.7.1968;0;1
OTUKENLI;1;9.8.1974;0;1
ZIYADIYE;2;25.1.1952;0;2
HEBILI;1;18.5.1954;1;0
HADMIGUL;1;12.11.1965;0;1
YESUBA;1;11.9.1981;0;1
HEPSEM;2;20.2.1970;0;2
KULVELI;1;6.4.1973;1;0
FERGUZAT;1;12.3.1941;1;0
Y.TUNA;1;6.11.1961;1;0
ABDULISHAK;1;29.4.1976;1;0
UMMINISA;1;29.6.1983;0;1
BUMINKAAN;1;24.5.1976;1;0
HITMET;4;15.3.1966;1;3
OLUFER;1;16.8.1940;0;1
HIDNET;1;25.5.1961;0;1
GOGUSHAN;1;26.10.1988;1;0
ZAHDIYE;2;28.1.1964;0;2
SUNGUDAR;1;1.6.1958;0;1
YERDANIYE;1;2.9.1952;0;1
PEVUL;1;12.6.1965;1;0
EMETGUL;2;8.11.1965;0;2
MUMIHE;1;26.8.1977;0;1
NAHDIYE;4;1.3.1959;0;4
BUGRAYHAN;1;3.2.1986;0;1
GULBEZE;1;23.2.1965;0;1
CAMAYNUR;3;14.1.1965;0;3
GULHAMDI;2;7.8.1958;2;0
IYSANIYE;1;8.3.1964;0;1
HALDIYE;7;13.12.1970;0;7
HUDAKERIM;1;26.3.1983;1;0
LEVEYDE;1;9.3.1964;0;1
DUDUAYBALA;1;18.3.1980;0;1
SEBNER;1;28.12.1974;0;1
NECMAHAN;2;18.7.1960;0;2
BADISEL;2;21.1.1968;0;2
DEVZIYE;1;27.12.1944;0;1
ERBULI;1;11.12.1980;0;1
OMERDENGIZ;1;14.5.1931;1;0
ABDULMUTTALIM;1;12.8.1963;1;0
ISAFI;1;12.9.1965;1;0
N.OSMAN;1;5.8.1965;1;0
MECIRIHA;1;17.8.1972;0;1
TOVUS;2;6.10.1947;0;2
HONKES;7;28.11.1953;7;0
GOLDIYAR;1;7.3.1952;0;1
DURALETTIN;3;23.2.1960;3;0
SEYHBEKIR;1;2.4.1957;1;0
ZILFARI;3;6.6.1962;3;0
MASELE;1;7.3.1941;0;1
MERSIHAN;2;30.4.1979;0;2
ZARIYFE;2;5.4.1957;0;2
CUMLEGUL;1;22.3.1961;0;1
AFFURE;1;27.5.1977;0;1
MAKSURIYE;1;22.12.1949;0;1
MUGATDARAT;1;19.10.1964;0;1
MEGELDE;1;8.11.1969;0;1
HIDAVET;1;7.2.1946;1;0
HUNKES;2;9.6.1962;2;0
EYTIBARE;1;11.9.1934;0;1
TIYCAN;1;26.3.1972;0;1
FURHAN;2;10.2.1988;2;0
PURGAYIP;1;7.10.1946;1;0
IFIL;1;14.3.1942;0;1
YIKAN;1;17.2.1954;0;1
OZARAP;1;7.5.1964;1;0
KESMEN;1;1.5.1959;1;0
NURERDI;1;16.10.1980;0;1
HALICI;1;21.11.1954;1;0
OKCIL;1;15.6.1976;0;1
RAHVETTIN;1;17.6.1966;1;0
SEFAKNUR;2;16.9.1965;0;2
UZERRAH;1;26.11.1955;0;1
DULKEN;1;7.5.1969;0;1
YEZDANE;1;20.11.1950;0;1
NEFIYZE;1;16.4.1962;0;1
KORKOS;1;23.1.1941;0;1
MEYHUDE;2;2.11.1961;0;2
MUHABBETULLAH;2;13.12.1976;2;0
SUZEYHAN;2;21.3.1960;0;2
TEFRET;2;30.4.1950;1;1
NURMURAT;2;24.5.1955;2;0
ABDULCAKIR;1;3.7.1975;1;0
MEVHOS;1;19.11.1972;0;1
NURISAADET;1;26.4.1958;0;1
HANIMGULLU;1;24.1.1960;0;1
SAHANDAM;1;29.7.1956;0;1
TUZIM;1;7.7.1968;0;1
MELEMSAH;2;26.12.1969;0;2
ULVINAZ;1;21.4.1963;0;1
UFEYIL;2;22.5.1949;0;2
GULTUN;2;28.3.1951;0;2
AZERIYE;2;23.5.1973;0;2
HATICEUL;1;9.7.1985;0;1
DIREL;2;13.3.1972;0;2
BINCI;1;27.2.1974;0;1
SEYYERE;1;26.10.1960;0;1
SEYREBAN;1;10.2.1951;0;1
MEHCEBI;1;1.6.1961;0;1
APARSLAN;1;25.10.1966;1;0
NAZAHHAT;1;29.4.1975;0;1
HACIGULLU;3;12.9.1956;0;3
KIRAZE;2;26.11.1968;0;2
CELDAN;1;3.8.1983;0;1
SEHRABAR;5;27.3.1967;0;5
BIYESSER;1;4.10.1967;0;1
IDYAN;1;18.8.1953;0;1
AYSIR;1;1.1.1974;1;0
MEYKIRE;2;2.6.1968;0;2
NIKAME;1;15.4.1947;0;1
TULEYHA;2;8.2.1968;0;2
HOLLYJ;1;5.1.1961;0;1
OMURKADIN;2;24.10.1966;0;2
MISERREF;1;15.2.1971;0;1
SAGIZAR;1;2.2.1951;0;1
GUKUK;2;9.7.1965;0;2
DURDER;1;26.1.1959;0;1
NAZLIYET;1;26.10.1942;0;1
EGITSEN;1;3.4.1992;0;1
YUR;1;1.8.1954;0;1
GULTINAY;1;19.4.1960;0;1
MEHIC;1;12.1.1947;1;0
SAZIKER;1;26.5.1966;0;1
SAFINER;2;28.8.1958;0;2
ASAFCAN;1;14.7.1991;1;0
ALIKER;1;13.3.1967;1;0
FERSUNDE;1;21.9.1975;0;1
ZINNUREYN;1;11.10.1966;0;1
TUNCBIL;1;25.9.1990;1;0
MUZAHET;1;2.5.1933;0;1
SENOLA;1;27.5.1969;0;1
FIRNAS;1;26.4.1983;0;1
SAMMED;1;25.2.1991;1;0
NIKAYI;2;22.10.1972;2;0
NEILAN;1;22.8.1979;0;1
ASISE;1;27.6.1976;0;1
GIYMAT;2;13.6.1967;0;2
GULYASARE;6;12.1.1963;0;6
ERMAAN;2;25.12.1960;0;2
HATIYME;1;2.9.1982;0;1
HAYRIYEGUL;5;22.12.1972;0;5
KUKLA;1;10.6.1961;0;1
LAVERDI;1;16.4.1965;0;1
ISIR;1;6.5.1955;0;1
SAMULLAH;1;5.3.1974;1;0
TULGAR;3;25.1.1955;1;2
SEBIYRE;1;21.7.1942;0;1
YUKSELIN;1;6.12.1964;0;1
ISIDAN;3;19.4.1969;3;0
SAHIRRE;1;21.5.1963;0;1
SEMIYNE;1;21.6.1953;0;1
IRMANIYE;1;20.9.1949;0;1
LAFER;3;15.10.1973;2;1
SAFAHI;1;2.7.1964;1;0
NALBI;1;6.12.1960;1;0
ESALI;2;21.3.1957;2;0
MULIN;1;10.4.1970;0;1
NEZRIDE;1;13.9.1982;0;1
GULBATIRAN;1;22.11.1943;0;1
GUGUN;1;18.6.1940;0;1
KOKAN;2;28.11.1956;2;0
TASDEN;1;30.8.1947;0;1
FEKME;8;28.3.1968;0;8
ZELIC;1;29.2.1976;0;1
MURANIYE;4;2.10.1973;0;4
ABULLE;1;28.2.1967;0;1
A.ERSAY;1;10.11.1966;1;0
ILVIN;2;19.4.1975;0;2
MEVHAR;1;11.7.1961;1;0
I.BAYRAM;1;2.5.1959;1;0
SAZMEND;1;28.2.1932;0;1
KENCALI;1;2.2.1957;1;0
FIRDIZ;1;6.12.1960;0;1
ZEDRI;1;1.6.1941;1;0
SUNTUS;5;30.12.1964;0;5
TUZUM;1;9.9.1976;0;1
HAFDANE;1;8.7.1974;0;1
DESSISLAVA;1;18.5.1978;0;1
GURFILIZ;2;17.5.1977;0;2
GURDIL;1;27.4.1940;1;0
NUFERMAN;1;7.7.1975;0;1
HESMET;2;20.9.1950;1;1
MAHALLET;1;13.7.1947;0;1
MASIYTE;1;24.12.1983;0;1
SAZIDIYE;1;8.3.1974;0;1
BILGUVI;1;21.3.1958;1;0
OKSA;1;21.12.1957;0;1
APTIVELI;1;9.7.1946;1;0
FERIHATTIN;1;7.2.1934;1;0
AYDIKEN;1;4.9.1958;1;0
MUKTALI;1;6.2.1950;1;0
KARAAYSE;4;11.8.1947;0;4
DURSEDE;1;7.7.1959;0;1
IKRULLAH;1;23.7.1984;1;0
SAHMERDEN;1;14.1.1963;1;0
BILEMIR;1;13.5.1990;0;1
ZIMETI;1;26.4.1964;0;1
HUDAYIP;2;14.7.1949;2;0
BARKER;1;9.11.1979;1;0
SIMITHAN;1;19.8.1956;0;1
ALDIRAY;3;21.9.1971;3;0
ROGIL;1;17.11.1978;0;1
SEMVAYE;1;16.10.1972;0;1
MUDASER;1;6.9.1980;0;1
NIGATTIN;1;6.7.1956;1;0
ZEKATTIN;2;12.5.1973;2;0
CEFIZE;2;21.10.1966;0;2
ELAETTINASLAN;1;27.8.1932;1;0
NUHTE;1;14.2.1989;0;1
KIYAMETTIN;1;6.1.1979;1;0
SUNUL;2;20.11.1960;1;1
HURATILIM;1;15.5.1990;1;0
ISAMUTLU;1;13.9.1980;1;0
PUSKUL;2;13.9.1951;0;2
GUZIYFE;1;26.7.1960;0;1
UZSER;1;6.7.1941;1;0
YELDAMUR;1;30.7.1966;0;1
SENVAYE;1;19.5.1981;0;1
SEYRISEFA;1;14.2.1946;0;1
MEMAS;1;27.2.1956;0;1
MUHAFIZER;1;2.11.1969;0;1
ORDUGUL;2;30.1.1973;0;2
DILUHA;1;22.3.1967;0;1
BAYBAROS;1;28.11.1983;1;0
KANCA;1;11.11.1964;0;1
ZERKUT;1;3.11.1978;1;0
IMATUL;3;12.9.1950;0;3
SAFISADE;1;26.8.1964;0;1
LEYANEGUL;1;26.5.1965;0;1
ZIMIRA;1;2.10.1973;0;1
NEZIHATTIN;1;2.6.1933;0;1
ZENDAR;1;20.3.1971;1;0
AHLAS;1;7.2.1952;1;0
ZENNUSAN;3;6.2.1975;0;3
NUREZAN;1;5.10.1969;0;1
MAHKERI;1;11.11.1969;1;0
HAVULA;9;7.4.1964;0;9
FIZEL;1;2.12.1984;1;0
SEVNAN;1;17.4.1990;0;1
YESAT;1;14.5.1973;1;0
OZGUNALP;1;29.11.1979;1;0
YIGITPASA;1;13.11.1988;1;0
ERTIK;1;29.10.1945;1;0
F.FISUN;1;1.7.1953;0;1
AVINE;3;26.3.1970;0;3
CANCA;1;7.10.1987;0;1
KHANOUM;1;14.10.1961;0;1
GULAYISA;1;3.12.1954;0;1
ORDUSEN;3;12.11.1954;3;0
HIDAKAR;1;27.3.1962;0;1
HUDAYAKAR;1;7.2.1970;0;1
UMHA;1;1.3.1967;0;1
SACDI;1;25.11.1951;0;1
ZILKADIYE;2;22.2.1950;1;1
EDEGUL;1;17.2.1956;0;1
SEMEZET;8;3.8.1953;0;8
BEGZAT;3;8.10.1960;3;0
MUZAYIDE;3;13.8.1966;0;3
BIRGU;1;21.4.1947;0;1
MUTKU;1;11.2.1944;1;0
ZUGRA;1;24.2.1983;1;0
NEYRAMAN;1;6.12.1965;0;1
SUNHAY;1;29.7.1986;1;0
DEFIYE;2;12.6.1948;0;2
CANYA;1;17.9.1972;0;1
HULYADE;1;5.2.1960;0;1
GENCUK;1;7.4.1975;0;1
TUMENC;1;6.12.1987;1;0
SERTCELIK;1;19.1.1981;1;0
PURUMAN;1;21.2.1947;0;1
TEVALUL;1;25.7.1975;1;0
PURZAT;2;18.12.1940;0;2
HALIMEHATUN;1;9.9.1944;0;1
SITERE;1;22.8.1973;0;1
GULBATIN;1;25.3.1931;0;1
FERIZUHAN;1;22.3.1974;1;0
BIRRINUR;1;26.8.1991;0;1
NARIDIYE;1;27.7.1963;0;1
AYBERT;3;24.5.1972;3;0
SELANETTIN;1;21.3.1947;1;0
TAZELE;1;28.2.1950;0;1
BETESTEN;1;13.5.1953;0;1
MUDAYSEL;1;21.3.1969;0;1
YERSEL;2;26.10.1977;2;0
NESRUT;1;27.2.1968;1;0
GUSEMIN;1;18.5.1981;0;1
ZIRETIN;1;11.10.1966;0;1
CABRI;1;20.9.1956;1;0
CEVCI;1;19.3.1978;1;0
KEHREBAR;1;16.3.1975;0;1
AIGOUL;3;12.1.1978;0;3
MIYTAT;1;22.11.1957;0;1
NUGNE;1;29.2.1961;1;0
OZUT;1;18.2.1989;1;0
ZEHHA;1;26.11.1940;0;1
ZELVAT;1;1.7.1958;0;1
FILDAT;1;15.4.1983;0;1
SATIYEN;1;26.11.1964;0;1
GUDUM;1;22.2.1985;0;1
KAHRABAR;2;11.8.1960;0;2
YANASIP;1;21.8.1977;1;0
METINBEY;2;15.4.1967;2;0
VATIME;1;16.2.1973;0;1
NEYREMAN;1;21.5.1956;0;1
FISKIN;1;26.6.1960;0;1
ZULFUDA;1;16.3.1975;0;1
SOYKANT;1;11.5.1975;1;0
BILSI;1;11.2.1988;0;1
NEJLAGUL;3;25.12.1978;0;3
RUZMIYE;1;1.7.1957;0;1
GULSUDIYE;1;1.7.1953;0;1
ZEGNIYE;1;22.12.1967;0;1
SABAHAR;2;3.11.1964;0;2
SAVVER;1;13.11.1968;1;0
BIYSAN;1;23.3.1939;0;1
FERISTIYE;1;27.2.1962;0;1
GULIVIZER;1;9.12.1975;0;1
BILGUVAR;1;18.11.1977;1;0
GULLUVER;1;21.7.1940;0;1
GURELCEM;1;20.11.1978;1;0
GULBATTAN;1;26.11.1942;0;1
SITAMSAH;1;7.1.1958;1;0
CEVADETTIN;1;6.2.1962;1;0
SESGUNAZ;1;25.11.1956;0;1
FUSUNAY;1;15.2.1970;0;1
SEZAYIM;1;12.6.1970;1;0
EMRIYET;2;28.11.1958;0;2
SATYEN;1;26.3.1966;0;1
ERMURAT;2;9.4.1967;2;0
KERIYMAN;4;28.4.1959;0;4
MIRSANIYE;1;1.10.1978;0;1
GULSUMU;1;23.11.1973;0;1
MUKADSER;1;29.7.1965;0;1
SERNUZ;1;24.12.1959;0;1
FAZLICAN;1;12.9.1990;1;0
ALDENIZ;2;14.4.1962;2;0
ANICAN;1;4.3.1989;1;0
MESUTAY;2;15.10.1986;2;0
OYELIN;1;6.10.1958;0;1
REFAHETTIN;3;22.1.1954;3;0
VASVINUR;1;19.4.1946;0;1
NILTEM;2;19.3.1980;0;2
FULGUN;1;29.6.1977;0;1
DEKIN;1;17.5.1959;1;0
FINAR;4;28.9.1967;0;4
MUNTELIYE;1;6.6.1937;0;1
AZNUR;5;30.10.1969;0;5
KEMALONUR;1;22.8.1978;1;0
SUEP;1;21.8.1951;1;0
MUSTAFAAGA;1;21.8.1960;1;0
NUHBAY;1;24.1.1969;1;0
SOYDASKAN;1;8.9.1988;1;0
CIYERHUN;3;7.11.1972;3;0
ZEYTAP;2;24.6.1974;0;2
TASCAN;1;9.5.1978;1;0
ZAMZAGUL;1;4.4.1970;0;1
CAGLANYAN;1;20.5.1980;0;1
MAYISEHIR;1;12.3.1971;0;1
HUSEYFE;1;30.8.1956;1;0
MUASIRE;1;12.8.1923;0;1
YASARMETIN;1;1.1.1957;1;0
ZEHETTIN;2;11.2.1951;2;0
ZEYNERABIDIN;1;29.11.1973;1;0
KUBIRA;1;5.7.1956;0;1
YELPAZE;2;23.5.1956;0;2
FIRZAT;6;27.3.1953;0;6
HAREM;4;27.8.1975;2;2
BEYKEN;1;21.6.1965;1;0
MAMIN;1;9.3.1932;1;0
MUAZZEP;1;12.12.1958;0;1
HEMIRAL;1;28.6.1968;1;0
HUSNUMEN;1;12.5.1941;1;0
TURKYETIS;1;17.8.1959;1;0
RAIFAGA;1;16.11.1959;1;0
SONAYLA;1;16.9.1957;0;1
GENCMEHMET;1;26.7.1954;1;0
GUNNIS;1;1.11.1977;0;1
DOSUN;1;6.2.1949;1;0
YURTDOGAN;1;16.5.1971;1;0
SATYA;1;7.1.1976;1;0
AYCENGIZ;1;26.8.1960;1;0
MEPRUKE;7;4.6.1962;0;7
SEREFDEN;1;9.2.1962;0;1
SAFFETHAN;1;21.3.1991;1;0
FUKEYHE;2;20.2.1987;1;1
FULUYE;1;17.6.1960;0;1
ERGINC;1;22.2.1991;1;0
MEVLUTAGA;1;5.3.1931;1;0
KADIRCENK;1;15.1.1971;1;0
HACIRESIT;1;7.11.1954;1;0
YAHSER;1;22.5.1961;0;1
GURSUBAY;1;5.4.1963;0;1
FERISAT;3;4.7.1973;2;1
KAYTAS;1;2.11.1972;1;0
MUZEYDA;1;27.4.1963;0;1
TURKGIDER;1;27.8.1965;1;0
MIKAHIN;1;1.4.1966;1;0
TEZBIYE;1;28.12.1950;0;1
SURFIYE;2;8.12.1955;0;2
SEYFAT;7;25.1.1956;7;0
AYKAYA;1;17.10.1942;1;0
ALTURE;1;21.3.1947;1;0
IFIKA;1;11.11.1966;0;1
HATUCETULKUBRA;1;1.9.1932;0;1
FATIMATULZEHRA;2;21.7.1955;0;2
TANKURTARAN;1;3.9.1981;1;0
HALISTIN;1;22.5.1979;1;0
CILELI;1;20.10.1990;0;1
KARAGUZEL;1;22.2.1967;0;1
LEVENS;1;22.7.1973;1;0
REFIKULLAH;1;19.9.1960;1;0
EMANETOLLAH;1;6.11.1956;1;0
ENNAZ;1;27.2.1962;0;1
FEVTIYE;1;27.9.1953;0;1
KASUT;1;21.9.1966;1;0
ORSUN;2;6.4.1983;1;1
GULKEVUK;1;26.2.1966;0;1
GULENEZ;1;9.5.1976;0;1
GUZLEK;1;20.2.1968;0;1
NURKIHAN;1;14.6.1959;0;1
RUVEYDAHAN;1;27.3.1992;0;1
ORFUN;1;9.2.1991;1;0
NUDA;5;10.8.1971;0;5
DURCANIYE;2;16.12.1956;0;2
SARFURAZ;1;24.4.1963;0;1
GULAVIYE;6;26.1.1954;0;6
SILIZ;1;1.5.1980;0;1
IMAC;1;10.1.1949;0;1
ZAIKER;1;17.11.1966;0;1
NEFIDAR;1;26.11.1954;0;1
OSMANREMZI;1;20.11.1945;1;0
YURTMETIN;1;8.6.1945;1;0
VENESIYE;1;12.10.1953;0;1
NIKAHNAZ;1;19.2.1929;0;1
DIROL;1;24.12.1957;1;0
FERDAYIN;1;27.2.1942;1;0
USKUNAR;1;22.2.1968;0;1
ANILKAN;1;6.6.1990;1;0
ERMUMETTIN;1;17.7.1966;1;0
NURTEGUL;1;21.7.1976;0;1
ZUBIRE;2;29.5.1950;0;2
NURYAZAR;1;1.11.1987;0;1
YEDNEKU;1;7.2.1976;0;1
SIYANU;1;7.8.1982;1;0
ORTAN;1;13.12.1980;1;0
CEVDETIYE;1;10.6.1955;0;1
PANAGIOTA;1;21.1.1943;0;1
CENSUMAN;1;3.2.1957;0;1
KILMIYE;1;16.2.1935;0;1
NEPADIYE;1;26.4.1946;0;1
NAHCIVAN;1;1.2.1959;1;0
SELLATTIN;1;20.10.1953;1;0
IFTIHADE;1;15.2.1944;0;1
SASINEM;1;17.2.1990;0;1
NAZMET;1;9.1.1956;1;0
TERCIVAN;1;8.2.1933;0;1
EMURAN;1;21.5.1975;0;1
MURADUL;1;22.10.1973;1;0
DULBEZER;1;27.7.1964;0;1
M.NECMETTIN;4;29.3.1939;4;0
CIYSEM;1;9.5.1991;0;1
NECISAN;1;18.11.1985;0;1
SEHRIYENUR;1;28.5.1966;0;1
GUNDOLAY;1;11.10.1973;0;1
ZIBUDA;1;28.2.1974;0;1
YESIM.;1;28.11.1985;0;1
BURME;1;22.12.1961;0;1
YUSUFSEN;1;21.3.1958;1;0
ZERRUHAN;1;15.10.1935;0;1
SUIDA;3;13.3.1970;0;3
NURGUNUR;1;1.8.1980;0;1
BENAZIL;3;20.1.1990;0;3
NEDAMETTIN;1;21.11.1976;1;0
GUZAYI;1;18.7.1970;1;0
LUTFE;1;4.7.1945;1;0
LUNIFER;2;25.1.1958;0;2
KORHAT;1;19.7.1978;1;0
DOGUMERT;1;24.2.1983;1;0
CEMALBERK;1;7.12.1990;1;0
GULVEZER;2;21.10.1955;0;2
GULVET;1;14.2.1964;0;1
EFKEN;1;29.8.1989;1;0
SEZCIHAN;1;3.7.1979;0;1
GULDAE;1;14.4.1972;0;1
YERISAL;1;1.7.1955;0;1
YUHANIM;1;27.4.1962;0;1
CAGSENIN;2;14.7.1990;1;1
ZERSAH;1;21.2.1957;0;1
URIBIYE;1;17.3.1946;0;1
MURDUK;3;2.1.1952;0;3
KAMERALI;1;6.4.1974;1;0
GOKSES;1;26.12.1947;1;0
BAYHISSE;1;17.5.1942;0;1
IMETUL;1;20.3.1964;0;1
FEREMMUZ;1;7.9.1963;1;0
ATIMAN;1;6.11.1953;1;0
CIMDEM;2;11.8.1966;0;2
IREKIYE;1;23.8.1949;0;1
PIRTAN;1;11.5.1963;0;1
YASERE;3;11.1.1961;0;3
CANUBE;1;23.7.1978;0;1
TUFER;3;7.8.1963;0;3
YASARDIYE;1;21.5.1971;0;1
SUKROL;1;18.11.1960;1;0
TEVET;1;17.9.1965;1;0
FELISYE;1;23.9.1975;0;1
MEFUZAN;1;1.10.1984;1;0
GONULBAK;1;12.2.1959;0;1
DILFOUZA;1;6.1.1981;0;1
HEFIME;1;14.2.1953;0;1
SAVAIR;1;27.12.1968;0;1
NAUMAN;3;3.9.1962;3;0
BEDALETTIN;1;2.4.1933;1;0
YASARBAY;1;29.7.1961;1;0
SAVAC;1;23.8.1966;1;0
NEVHIYE;2;9.10.1957;0;2
KORPUS;10;5.9.1959;0;10
TACMURAT;1;18.3.1976;1;0
TEMMIMDAR;1;16.10.1964;1;0
SAHENIS;1;23.7.1969;0;1
YASABEL;1;10.9.1987;1;0
SONGULU;3;28.10.1968;0;3
ULAIKE;2;10.10.1952;0;2
LIRMAN;1;14.2.1938;0;1
SAFARETTIN;3;27.2.1959;3;0
MUVETDER;1;5.8.1972;0;1
AYSGEGUL;1;9.6.1987;0;1
GULFEZAR;1;9.11.1956;0;1
EMRULLUH;1;16.2.1965;1;0
SUZDU;1;27.5.1967;0;1
ASAME;1;30.1.1961;1;0
LIFIZE;1;12.12.1946;0;1
UMETULLAH;3;9.4.1965;1;2
IBRAHIMULHAVES;1;3.2.1962;1;0
SEREMCAN;1;21.11.1965;0;1
MUHAMMETIBRAHIM;1;4.3.1992;1;0
UMMUZAR;1;16.11.1982;0;1
KURPUS;2;13.9.1955;0;2
AKIBER;1;12.4.1959;0;1
NIYVER;3;18.6.1965;0;3
FIRATCAGLAR;1;1.9.1989;1;0
BASAI;1;2.11.1951;1;0
SOSOL;1;17.3.1938;0;1
IKBAHAR;1;16.5.1976;0;1
SONDURAN;1;6.5.1979;1;0
MEVSUME;4;3.9.1965;0;4
AYCANGUL;1;10.1.1982;0;1
OGUZTANER;1;1.7.1978;1;0
ISMAILOLGUN;1;2.7.1975;1;0
VEZZAT;1;1.12.1964;1;0
AYCUMA;1;21.3.1953;1;0
ZAHINDE;3;10.9.1965;0;3
YAVUZERE;1;12.3.1939;0;1
BAIBE;1;16.1.1957;0;1
ONDUR;1;12.5.1965;0;1
NURINAS;2;15.10.1953;0;2
MEFSUNE;2;10.6.1977;0;2
IRDIVAN;3;13.8.1954;3;0
HUSNIYEI;2;17.4.1953;0;2
YURDAGUNES;1;26.1.1965;0;1
MEVSINE;4;11.1.1964;0;4
SEVZER;1;12.4.1935;0;1
NAINDE;1;27.7.1932;0;1
MAKBUZER;5;19.7.1958;0;5
YEKTEHA;1;2.2.1951;1;0
NASULLAH;1;11.11.1981;1;0
DESFINA;1;17.7.1953;0;1
SATIVE;2;26.2.1969;0;2
MAFIS;5;11.11.1967;2;3
MURAFATTIN;1;7.6.1964;1;0
SEGGI;1;23.9.1967;0;1
TELKADIN;1;25.5.1928;0;1
FEHRANUR;1;17.11.1986;0;1
BARADIYE;1;11.3.1957;0;1
MILTAM;1;6.9.1962;0;1
VIRCIYE;1;6.4.1949;0;1
BEHIHE;1;9.5.1963;0;1
MUKATTERE;2;23.4.1950;0;2
MINEFFER;1;7.10.1973;0;1
SAHBEZAR;1;21.4.1935;0;1
MURCIN;2;17.11.1973;0;2
MEHMETREMZI;2;27.7.1936;2;0
EROLUN;1;19.10.1961;1;0
PERDAN;2;9.9.1952;1;1
NAHIDER;3;10.9.1972;0;3
RAZMIYE;1;23.12.1939;0;1
MAVIZEZ;1;2.3.1969;0;1
KUMSER;3;29.10.1973;1;2
SEVINDEN;1;2.4.1957;0;1
NECAIN;1;8.5.1938;1;0
HURNEZ;1;26.1.1952;0;1
SUTARTI;1;26.3.1965;0;1
VASFIYAR;1;2.5.1955;0;1
DULDUR;1;22.8.1931;0;1
GULCIYE;2;1.7.1982;0;2
SADIYFE;1;23.4.1970;0;1
SELAHATITN;3;10.6.1982;3;0
VECET;2;4.10.1935;1;1
RAZANA;1;9.6.1955;0;1
URUFYA;1;22.2.1948;0;1
MASMUYE;1;17.1.1966;0;1
NUHIDIYE;2;29.10.1961;0;2
MUSEBBIYA;1;2.7.1974;0;1
NITER;1;26.2.1967;0;1
MAHARIYE;1;30.7.1948;0;1
AYSEGULDANE;2;3.4.1987;0;2
SEHRUBANU;2;18.7.1928;0;2
ZABANIYE;1;22.9.1936;0;1
ETKEN;2;16.7.1985;2;0
NAKITDIN;1;10.10.1991;1;0
YAKIF;1;15.12.1973;1;0
SAMATIN;1;11.4.1980;1;0
LAHIZA;2;17.4.1963;0;2
ESMEHANE;3;28.2.1952;0;3
SARUN;1;17.12.1933;1;0
MEYYIDE;4;16.2.1964;0;4
ZULFEYDE;1;14.6.1933;0;1
M.HATEM;1;14.7.1927;1;0
DURDANEI;1;27.12.1956;0;1
SUNEYYE;1;16.8.1983;0;1
BETUS;1;12.5.1986;0;1
UGREL;1;9.6.1982;1;0
AFURE;4;21.10.1955;0;4
HISIYE;1;11.11.1951;0;1
ASKAY;1;6.5.1979;0;1
MIRIYA;1;1.5.1984;0;1
NAGFEL;1;9.10.1987;1;0
PERUJE;1;16.11.1953;0;1
KARAZOR;1;14.4.1931;1;0
BRILIYANT;2;19.7.1968;0;2
NURISANA;1;11.9.1969;0;1
MENZIME;1;18.7.1988;0;1
RABIYATUN;1;17.3.1973;0;1
NERUBA;1;27.5.1962;0;1
IRYAN;3;28.10.1957;0;3
GUNARKAN;1;22.5.1977;1;0
EVLIM;1;16.7.1969;0;1
ZEKAVIYE;2;9.12.1959;0;2
LIDNAN;1;12.5.1966;1;0
SEHRIYER;1;16.11.1969;0;1
ZEMAYIR;2;17.10.1954;2;0
NEKIME;3;25.2.1961;0;3
GAYYUBE;1;29.3.1988;0;1
KUTBUTTIN;1;27.8.1938;1;0
GULRAGNA;2;4.11.1956;0;2
MUHIL;2;8.2.1977;2;0
ELBAHAR;1;22.4.1937;0;1
EFIKAN;1;17.6.1965;1;0
AYSEMEVA;1;12.8.1976;0;1
SAGMIYE;1;10.11.1965;0;1
HADIMET;2;24.12.1952;0;2
HATCADUDU;1;27.12.1962;0;1
MEHTERETTIN;1;23.6.1974;1;0
MIHYADIN;1;27.8.1956;1;0
SEVNURCAN;1;23.6.1991;0;1
ZEHIN;1;12.5.1957;1;0
SEYRANIYE;5;16.2.1956;0;5
MUCESTEM;1;17.5.1965;1;0
HORAY;1;3.1.1975;1;0
NURSIHHAT;1;22.2.1967;0;1
TEJVIYE;1;28.9.1960;0;1
GULNIHSAH;1;27.12.1970;0;1
GULCET;1;19.10.1961;0;1
FUREYD;1;4.11.1981;1;0
KITABI;1;6.3.1951;1;0
IZBEL;2;27.4.1972;0;2
ERDILHAN;1;17.1.1982;1;0
LAMIAKIF;1;28.9.1968;1;0
MUHAMMEDSAID;1;14.12.1990;1;0
HATUNYA;1;26.12.1961;0;1
DEMIROK;1;8.3.1940;1;0
GERRIE;1;27.8.1964;0;1
SUSDAN;1;29.3.1965;1;0
ESABE;4;11.4.1960;1;3
ZEYNALIYE;1;11.5.1975;0;1
CACIP;1;8.11.1970;1;0
KUVEYSE;1;17.6.1972;0;1
MUHSINI;3;11.10.1968;2;1
GULERDA;2;15.5.1990;0;2
SEIBA;2;11.4.1957;0;2
LADIK;7;25.7.1964;2;5
ZIKRETDIN;1;22.2.1967;1;0
TECVIYE;4;5.9.1953;0;4
ZERRAFE;1;8.3.1960;0;1
LALISAR;1;12.10.1947;0;1
HUDAKUM;1;25.2.1967;1;0
DANAHAL;1;17.8.1978;0;1
EVARI;1;8.4.1934;0;1
NEVRUDIYE;1;12.9.1964;0;1
FESLIKE;1;1.9.1937;0;1
OZBILGE;2;5.5.1966;1;1
FURCAN;1;11.3.1972;0;1
MUNURET;2;7.1.1961;0;2
KURRETULAYN;1;22.12.1991;0;1
MUNIRAN;3;2.1.1962;0;3
GARER;1;27.2.1974;0;1
EVDAL;4;5.6.1976;4;0
BERAIN;1;9.12.1971;0;1
MUHAMMETZUBEYIR;1;2.7.1991;1;0
TEBERNUH;1;26.3.1966;1;0
RISMIGUL;1;11.4.1975;0;1
HADIYEGUL;1;17.8.1987;0;1
CENNETBILGE;1;12.2.1983;0;1
TERVIHA;1;7.4.1920;0;1
SIYVEKAR;1;26.5.1933;0;1
ZEYNETULLAH;2;23.2.1960;0;2
HANDEZE;1;29.6.1950;0;1
NISADE;1;18.1.1954;0;1
PAVRUN;1;6.10.1954;0;1
TUREYHAN;1;5.3.1945;0;1
GULHUY;1;1.2.1940;0;1
GAYYURE;4;24.7.1943;0;4
SEVURA;1;5.6.1958;0;1
MEDINEYE;1;26.5.1967;0;1
REZDANE;1;12.5.1947;0;1
BILALIYE;1;11.1.1969;0;1
ZAMAYER;1;24.10.1954;1;0
KIRAP;3;11.7.1979;3;0
SEMAIN;1;5.3.1935;0;1
DURDANAZ;1;4.2.1951;0;1
GULHANDA;1;22.11.1973;0;1
ZENCEN;1;17.4.1956;0;1
NEVCIAN;1;16.3.1970;0;1
ULFEZIYE;1;22.3.1937;0;1
BEHILE;6;24.5.1953;0;6
SOGUDE;1;7.10.1964;0;1
YURDAKULER;1;4.5.1969;1;0
HEDAVI;1;18.11.1949;0;1
ENRAIL;1;27.2.1992;1;0
GULBERLIN;2;14.6.1973;0;2
MAVIN;2;5.11.1964;2;0
BAYKOR;1;11.9.1945;1;0
ZIYYUBE;1;21.11.1926;0;1
MAHSUD;2;16.12.1954;2;0
SURIYAH;1;12.12.1965;0;1
TEVZIL;2;6.10.1971;0;2
DUDUANA;5;19.2.1960;0;5
ZALATULLAH;1;6.6.1945;0;1
SIFANE;2;14.8.1967;0;2
FIDANBOY;1;4.3.1946;0;1
ESNAR;1;2.12.1951;0;1
ISAVETTIN;1;14.2.1974;1;0
MUNEBIYE;2;9.1.1975;0;2
FAYGA;7;10.12.1962;0;7
NEZLEHAN;3;26.2.1968;0;3
YELGUR;1;6.4.1984;1;0
SEAS;1;13.10.1988;1;0
SAHISDER;1;6.4.1991;0;1
USDAD;1;26.2.1970;1;0
RUKUA;1;11.7.1973;0;1
ZULHAI;1;27.2.1974;0;1
VAHIDAR;1;26.12.1947;1;0
HAVISIYE;1;29.5.1969;0;1
CEMIAN;2;4.7.1977;0;2
UMMUSEVDE;1;4.5.1976;0;1
SEHPERI;1;29.2.1956;0;1
ACIR;1;7.2.1958;1;0
TOAMAN;1;25.6.1973;1;0
DINAVAZ;1;22.12.1961;0;1
SERCIYA;1;12.4.1979;1;0
DEBRIYE;1;7.2.1964;0;1
ILKKIZ;1;20.7.1983;0;1
KESRIMAN;1;7.5.1964;0;1
FERBA;1;10.2.1960;0;1
MAHITTULLAH;1;22.11.1991;1;0
VESILESEN;1;22.2.1961;0;1
FECZIYE;1;2.8.1927;0;1
SEHRETE;2;14.2.1963;0;2
HINEYN;1;8.4.1965;0;1
RIHILE;2;9.5.1956;0;2
DUNDER;3;28.7.1969;3;0
MELIZHAN;2;29.5.1980;0;2
KERIMANADIR;1;9.6.1981;0;1
SEMSETITN;1;12.8.1929;1;0
M.FARIS;3;22.3.1949;3;0
SEYIHAT;4;23.4.1954;0;4
TEBESUN;1;16.5.1980;0;1
HIVEDAR;1;12.11.1987;0;1
NUHIDDIN;1;10.2.1978;1;0
ISHAD;1;2.12.1987;1;0
MUMIME;2;2.10.1965;0;2
BASIYI;1;27.2.1962;0;1
LAMPA;1;21.6.1957;0;1
NAHED;3;28.1.1977;0;3
SAIFI;1;22.5.1960;1;0
BEREDIN;1;27.7.1966;1;0
BAYNAZ;2;20.5.1967;0;2
EMNIYA;1;12.5.1977;0;1
ROBAR;2;29.6.1988;1;1
MENDUP;1;17.2.1954;1;0
ERDEHEN;1;20.5.1980;0;1
LAMPIYE;1;26.5.1961;0;1
MELUVAN;1;14.6.1988;0;1
HIMAR;1;9.2.1938;0;1
BESMEL;1;7.2.1973;0;1
FERUKA;1;22.5.1968;0;1
ABDULGANE;1;27.9.1973;1;0
SAYINET;4;19.8.1945;0;4
FAHAR;1;27.11.1986;1;0
FEYDUSAH;1;4.4.1975;0;1
FENFIAT;1;7.2.1982;0;1
ABDULHAFFAR;2;20.6.1958;2;0
SAINAT;5;16.2.1967;0;5
MUBARIK;3;24.4.1978;3;0
HABSIYE;3;21.7.1981;0;3
FEYRUSAN;3;6.10.1956;0;3
SATIYAR;1;12.9.1989;1;0
SIHIYE;2;19.5.1954;0;2
IYMAT;1;10.5.1976;1;0
CIMAS;1;2.3.1975;0;1
IZACE;1;29.5.1973;0;1
ABDIRAHMI;1;1.2.1985;1;0
NEZHETI;1;22.2.1967;0;1
MUTEZZIN;1;6.3.1973;0;1
HEZEM;2;18.5.1968;1;1
RIZKADDIN;1;2.3.1957;1;0
YULCAN;1;24.2.1972;0;1
PAHSET;1;4.2.1976;0;1
RESAHAT;18;2.1.1972;0;18
SELBINAR;1;16.1.1972;0;1
HAVLAT;1;12.3.1965;0;1
EMRAD;1;6.10.1980;1;0
RIMLIHAN;1;27.2.1962;0;1
KINYAT;3;27.3.1980;2;1
BEYEDDIN;3;19.3.1976;3;0
KUDBADDIN;1;27.10.1974;1;0
MESBIHA;1;22.2.1967;0;1
TUHFET;4;22.7.1968;0;4
HAMDUSSANA;1;26.5.1979;0;1
UMMUGOLSUM;1;27.6.1988;0;1
GULSILE;1;22.10.1987;0;1
EMEULLAH;1;4.8.1989;1;0
ZEHRETE;1;17.2.1960;0;1
NESRINNUR;2;29.9.1980;0;2
LEYSEM;1;22.2.1967;0;1
HAKIMDERAP;1;2.2.1981;1;0
RIKDA;2;17.8.1951;0;2
MUDIFE;1;6.8.1984;0;1
VUKUAT;10;14.6.1959;0;10
MUHYADDIN;2;14.11.1969;2;0
HEYVES;1;21.4.1969;1;0
MERTEMA;1;5.10.1985;0;1
ABDULVAHA;1;16.9.1964;1;0
MUHBED;1;7.4.1952;0;1
TASUHA;3;15.7.1977;0;3
NISBETULLAH;1;2.2.1957;1;0
MENTESAH;1;28.1.1955;0;1
SERAADDIN;1;21.4.1941;1;0
LAISE;2;1.11.1962;0;2
SILAT;2;6.5.1981;0;2
GULEHAR;1;2.2.1957;0;1
PENZIHER;2;29.6.1970;0;2
NAMIHE;2;10.10.1967;0;2
ELFEYA;1;7.8.1934;0;1
CADGAN;1;2.3.1951;1;0
FAZMELEK;1;7.8.1970;0;1
VARSET;1;24.5.1949;0;1
USTUM;2;23.3.1985;2;0
ZIGEYRA;6;20.7.1964;0;6
RUSKUYA;1;2.9.1981;0;1
FAIDET;1;6.6.1974;0;1
RAVZE;1;19.4.1980;0;1
SEYDET;4;25.11.1989;0;4
SOYMAZ;1;16.5.1979;1;0
HARBEDIN;1;6.11.1976;1;0
DARAR;3;23.12.1979;3;0
VALTAT;1;6.10.1967;0;1
MIKULSUM;1;12.2.1981;0;1
IZGEYRE;1;1.6.1944;0;1
MENTELA;1;23.3.1969;0;1
DUNYAHAT;1;22.2.1961;0;1
MESHIYE;3;8.2.1958;0;3
MUSABINEDIN;1;15.9.1951;1;0
ROGES;1;24.11.1990;0;1
MUHRAS;1;30.6.1962;1;0
LATU;1;27.8.1926;0;1
ESMERU;1;17.2.1954;1;0
HAYINAS;1;17.2.1966;0;1
MUAZZAS;1;8.1.1975;0;1
NAZMIHAN;3;4.5.1982;2;1
SAYIHA;2;25.8.1961;0;2
ABDULTAIF;1;17.9.1978;1;0
AKINEMA;1;6.8.1984;0;1
FESAI;1;7.2.1964;0;1
TEMBIY;1;20.7.1980;0;1
SELHIYE;1;19.10.1973;0;1
FEIKE;2;28.10.1964;0;2
SINMETE;1;4.6.1975;0;1
ATIYET;3;29.1.1950;0;3
ZULMEKAN;1;23.4.1978;1;0
ASIMIYE;2;19.9.1977;0;2
MUSAHADET;1;24.4.1949;0;1
AMENTULLAH;4;16.6.1948;0;4
AMANTULLAH;1;22.2.1961;0;1
CORO;1;27.3.1941;1;0
ZUBERY;1;17.6.1940;1;0
SAHRIZAMAN;1;22.2.1955;0;1
HAKKINEMA;1;7.3.1958;0;1
MAYINE;1;14.11.1941;0;1
BATMAZ;1;29.4.1980;1;0
RACIYETE;1;17.2.1954;0;1
GULCIHAD;2;25.5.1991;0;2
SERSAL;1;7.2.1992;0;1
NURSANA;1;19.7.1979;0;1
SUKRUSANA;1;21.11.1977;0;1
DEHALET;2;29.3.1960;0;2
SUMYYA;1;28.8.1986;0;1
YESIA;1;22.3.1967;0;1
KUMDE;1;25.4.1925;0;1
COYLE;1;16.8.1958;0;1
RISKO;1;27.8.1926;1;0
EYASETTIN;1;7.2.1964;1;0
CUMALIDDIN;1;19.5.1979;1;0
NURHAM;1;13.8.1961;0;1
GULUDE;3;5.11.1964;0;3
VEYZETTIN;1;20.5.1986;1;0
BAHTIYAL;1;27.11.1986;1;0
MUHBUBE;2;22.9.1960;0;2
NEZRIHAT;1;27.2.1962;0;1
LAKISER;1;28.5.1974;0;1
SEHSENAN;1;7.2.1976;0;1
TAGZIRE;1;16.2.1965;0;1
FELEKHAN;2;2.5.1956;0;2
MUNASEBET;1;8.5.1983;0;1
DURNAS;4;4.2.1971;1;3
SUELP;1;14.10.1991;1;0
ENSINET;2;28.12.1963;0;2
SELIMEHAN;3;25.11.1965;0;3
SAHIZEMAN;2;28.9.1971;0;2
NURCI;1;30.8.1936;0;1
MENFIAAT;1;2.2.1957;0;1
KENDU;1;22.2.1955;1;0
FENES;1;24.3.1955;0;1
MUTIYA;3;13.10.1965;0;3
HIZNU;1;26.5.1931;0;1
MUFAIR;1;2.2.1975;1;0
SABRUBINE;2;20.10.1969;0;2
NESIFIYE;1;21.5.1949;0;1
GULVERT;1;1.11.1943;0;1
SELMU;1;27.8.1932;0;1
CUMURYE;1;27.4.1974;0;1
NURILHUDA;1;3.4.1990;0;1
ABDILMENAF;1;2.2.1957;1;0
FAHRUTAC;2;4.11.1957;0;2
MIRDAR;1;11.6.1973;0;1
ZEHIDA;2;3.3.1951;0;2
FENEYIN;1;26.6.1960;0;1
FERDINAS;3;24.1.1974;0;3
TERBIYA;1;27.2.1956;0;1
MESITE;3;8.9.1969;0;3
MEMRIYE;2;15.3.1952;0;2
BELEKE;1;18.2.1966;0;1
TUBAYI;2;28.9.1986;0;2
HEZU;1;12.8.1923;0;1
RABHATTIN;1;14.6.1953;1;0
NUSMETE;1;2.5.1957;0;1
MUSTAGFIRA;1;2.8.1960;0;1
IRAYET;3;28.12.1954;0;3
HICAB;5;18.2.1977;0;5
HAMADEN;1;1.11.1973;1;0
DULCE;1;17.3.1942;0;1
NACETE;2;4.7.1979;0;2
RUZGO;1;7.2.1946;1;0
SEHRISYAN;1;25.10.1960;1;0
NECBAH;1;2.2.1945;0;1
ADAN;1;5.8.1987;1;0
ZIRE;2;18.11.1944;0;2
GEYDE;1;23.5.1943;0;1
ISFEYE;1;4.2.1981;0;1
SADAI;1;12.7.1983;0;1
RAKINE;1;24.3.1966;0;1
KATULE;3;21.4.1958;0;3
FASULE;1;22.2.1937;0;1
NEHAHAT;1;21.5.1983;0;1
SALAAHTTIN;1;8.3.1987;1;0
ZUMRETHAN;2;2.2.1946;0;2
HAMGUL;2;17.8.1951;0;2
ALINCA;1;21.7.1975;0;1
BAYLATA;1;24.7.1973;0;1
KELSUMU;1;14.5.1959;0;1
YALHA;1;2.8.1972;0;1
RUKKIYYE;3;23.2.1965;0;3
TERKIYE;1;16.8.1944;0;1
DAHILALLAH;1;13.6.1964;1;0
DIRRIYE;4;2.6.1942;0;4
PELKISA;1;18.12.1987;0;1
ZAKENUR;1;25.9.1985;0;1
MARIBAN;1;16.2.1962;0;1
GULSEYRIN;1;2.2.1963;0;1
ABDUSSABUR;2;25.7.1960;2;0
ZARAR;1;2.2.1945;1;0
ABUZED;2;21.10.1954;2;0
MUNET;1;8.3.1978;1;0
SIYAKAL;2;19.3.1948;0;2
ILAMET;2;24.6.1970;0;2
ELBES;3;23.2.1957;0;3
MUFARRAH;3;6.11.1961;2;1
HAKLIYE;1;6.9.1978;0;1
NUSARET;1;22.5.1981;0;1
YOLMAZ;3;28.8.1971;0;3
AYNEULMERDIYE;1;11.5.1969;0;1
TENTENET;1;21.10.1964;0;1
MUHTESUM;2;28.8.1977;2;0
SIHIK;1;17.8.1924;1;0
HUREYRETE;1;7.2.1964;0;1
FAHRETE;4;3.6.1964;0;4
SABRUBIN;4;15.6.1964;0;4
SAREDDIN;3;14.12.1962;3;0
ELMUKADDER;1;16.5.1983;0;1
MECATTIN;1;12.3.1953;1;0
HUBBETTIN;1;27.2.1956;1;0
DINNAVAS;1;30.5.1944;0;1
VEDHETTIN;1;7.2.1970;1;0
PELENIS;1;22.8.1931;1;0
SETUR;1;22.8.1931;1;0
ELSUNET;1;7.9.1958;0;1
TEYIBAT;4;13.10.1972;0;4
SOVEYBE;1;2.12.1975;0;1
MUFEIR;1;7.4.1981;1;0
BEDUUCEMAL;1;3.6.1955;0;1
AYSETTE;4;24.8.1963;0;4
ZUGAYRE;4;22.9.1947;0;4
DILJAN;2;5.5.1985;1;1
MAGRAPZEMIR;1;22.5.1948;0;1
UCRE;1;2.2.1957;0;1
KAYBET;1;22.2.1973;0;1
NISBETE;5;23.5.1963;0;5
NIYAMIN;2;12.2.1983;2;0
SELFETTUN;1;26.7.1978;0;1
M.RAFIK;1;26.3.1949;1;0
ABDULKELAMETTIN;1;17.4.1983;1;0
ASLIHE;2;7.9.1968;0;2
M.SEYFETTIN;1;23.7.1955;1;0
VAKAHAT;1;8.5.1959;0;1
ZALIGA;1;16.12.1988;0;1
A.VAHIT;1;27.2.1962;1;0
NASLE;1;1.1.1;0;1
M.MERVAN;1;4.9.1967;1;0
GULEVAR;1;3.2.1960;0;1
LEYUSE;3;30.12.1964;0;3
MASLLLAH;1;12.8.1971;0;1
HEYVAZ;2;25.8.1961;2;0
SELPA;1;22.2.1979;0;1
FERSETE;1;27.2.1950;0;1
ELMIDE;1;17.6.1964;0;1
FERSEND;5;8.6.1970;5;0
SEKINO;1;18.8.1939;0;1
MEJDE;2;25.9.1985;0;2
ABDULBARIT;1;7.2.1964;1;0
SENATE;1;7.5.1964;0;1
BASSIYE;1;7.2.1952;0;1
HARIBAN;1;17.2.1966;0;1
BAZIZHER;1;12.2.1965;0;1
MASO;1;9.2.1946;1;0
SUNEN;3;1.7.1973;2;1
NERSU;1;25.8.1935;0;1
YOLCIN;1;30.9.1980;0;1
SAFYATE;1;22.3.1937;0;1
ERSINAZ;1;10.3.1982;0;1
FARHIYE;1;4.5.1943;0;1
AYSENOL;1;27.8.1986;0;1
HAYATTUNUFUS;1;17.2.1972;0;1
HEZMIYE;1;2.2.1957;0;1
AYSETAN;1;6.3.1955;0;1
HUZNETE;1;7.2.1964;0;1
EYETTULLAH;1;14.10.1991;1;0
FERHURI;1;2.8.1933;0;1
GAZABE;1;19.5.1940;0;1
METHE;1;22.2.1967;1;0
NAZURI;1;17.2.1966;1;0
HIMRO;1;7.8.1928;0;1
BEDRUCEMAL;1;7.2.1946;0;1
FEVRISAH;1;4.3.1957;0;1
MUTEYIM;1;22.7.1973;0;1
ESBIRE;1;24.2.1954;0;1
MALEZE;1;17.9.1972;0;1
M.SIRACETTIN;1;7.6.1946;1;0
ABDULAZIS;2;13.2.1957;2;0
RUKAYET;1;4.10.1982;0;1
SUHLETA;1;17.2.1966;0;1
SEVSU;1;2.4.1921;0;1
ZEMRETTE;1;26.9.1948;0;1
REVZETTE;4;22.4.1974;0;4
TENZIHE;4;18.3.1980;0;4
GARIPSE;1;20.1.1960;0;1
SUYIBET;1;1.1.1973;0;1
TECRIBAN;1;2.2.1963;0;1
ADLIFE;1;17.2.1960;0;1
ZULVET;1;27.2.1962;0;1
DIRSIN;3;8.10.1959;1;2
VAHDADIN;1;17.4.1958;1;0
MISHAK;2;20.11.1972;2;0
MAGREBIYE;1;22.2.1961;0;1
BILESER;2;25.8.1972;0;2
ECRIFE;1;21.4.1959;0;1
VASFATTIN;1;13.6.1939;1;0
MALEKSAH;1;21.2.1989;0;1
FAMEDIN;1;29.11.1949;1;0
DUNDARE;2;6.5.1956;0;2
A.RAZAK;1;22.2.1961;1;0
FEVLISAN;1;4.5.1939;0;1
BASIZATE;1;7.2.1952;0;1
YAZINE;2;12.1.1974;0;2
SEVVIM;3;18.1.1971;0;3
BENSA;1;1.3.1967;0;1
MEZRIYE;1;2.2.1957;0;1
M.MEDI;1;23.6.1972;1;0
PIRANI;1;4.4.1933;1;0
REVZIYETE;2;23.2.1964;0;2
DEYADIN;1;13.10.1991;1;0
NISLIGAN;1;21.6.1955;0;1
ISMEIL;1;12.2.1989;1;0
SERFETTUN;1;22.2.1979;0;1
MASRUR;1;18.11.1961;1;0
GULPI;1;12.8.1923;0;1
NATAICE;1;6.3.1974;0;1
EBETIN;1;22.1.1967;1;0
AZAMED;1;7.3.1970;1;0
NISRATTIN;1;29.6.1950;1;0
M.KUREYS;1;22.2.1967;1;0
PIREZHAN;1;7.2.1958;0;1
INADETTIN;1;16.11.1971;1;0
KEVAK;1;26.5.1963;0;1
GULNAVAZ;2;12.7.1981;0;2
BUHADDIN;1;17.3.1936;1;0
VAFAEDDIN;1;18.6.1988;1;0
MESTEN;2;11.12.1973;2;0
KUBARYA;1;26.1.1977;0;1
SEYASMEN;1;3.11.1979;0;1
MASRA;1;21.7.1939;0;1
VAFILE;1;8.1.1970;0;1
KATBE;2;27.5.1956;0;2
HIYAMETTIN;1;11.11.1975;1;0
SELFETUN;1;7.2.1958;0;1
NECMUSEMA;1;21.6.1990;0;1
HANUSA;1;27.3.1956;0;1
RAZYETE;1;13.1.1989;0;1
MIHYETE;3;5.11.1967;0;3
MUHAMMMED;3;26.4.1989;3;0
MEMORA;1;4.11.1977;0;1
YUNCAN;1;16.6.1987;0;1
DURISA;1;26.9.1982;0;1
ASMINAF;1;13.6.1985;1;0
BANE;2;22.6.1954;0;2
ONDERSOY;1;19.7.1977;1;0
TOKSOY;3;10.2.1974;3;0
SOPHIO;1;23.9.1981;0;1
MUEYYES;3;29.2.1989;0;3
BEHIYETTIN;1;14.12.1961;1;0
FURYEM;1;20.2.1990;0;1
MUHTECEM;1;16.11.1986;0;1
BILECEK;1;26.12.1991;0;1
BEHTIL;1;1.4.1984;1;0
EBUZAHIR;1;1.7.1990;1;0
HUMRO;5;10.6.1945;0;5
CUYZETE;1;7.6.1957;0;1
ANEF;1;5.9.1990;1;0
PARSO;1;22.8.1925;0;1
IZGIL;5;30.7.1975;0;5
ELEMET;1;8.8.1989;0;1
NAKYETTE;1;29.9.1978;0;1
FEMEDDIN;1;2.5.1990;1;0
DINGI;1;1.9.1991;1;0
BARSENDE;1;30.3.1934;1;0
ATAP;1;17.2.1960;1;0
HARMI;1;11.2.1933;0;1
ZEICE;1;6.6.1990;0;1
DILSO;2;9.7.1949;0;2
SIMSATE;1;2.4.1944;0;1
AVNUYE;1;18.3.1966;0;1
REZIKE;2;29.11.1969;0;2
BAHRIYO;1;17.2.1942;1;0
KEYNO;1;1.1.1;0;1
SONEMEZ;1;26.11.1990;0;1
TAYMUR;2;25.6.1939;2;0
MEMILO;1;29.4.1944;1;0
SERIMNAS;1;23.3.1967;0;1
ALAVERDIN;2;2.12.1978;2;0
ALDULVAHAP;1;9.4.1958;1;0
KODBEDDIN;1;2.2.1957;1;0
NIZBETTIN;1;1.12.1976;1;0
ELYASAH;2;12.3.1974;2;0
PIHAN;1;27.12.1973;0;1
FILINDO;1;27.4.1944;0;1
VEFIYETE;1;17.8.1930;0;1
MASIHA;1;6.6.1969;0;1
FASINE;2;15.5.1958;0;2
HEREMSO;1;22.8.1925;0;1
INYET;1;14.6.1986;1;0
FIRSET;2;3.10.1957;2;0
GURBUT;1;2.3.1991;0;1
MALAR;1;12.7.1929;1;0
RAVZETTE;1;22.6.1981;0;1
FERMENDI;1;17.8.1930;1;0
SAHMEDE;1;12.2.1953;0;1
MEHTIHE;2;9.5.1980;0;2
FAHRULLEYL;2;2.5.1975;0;2
ALTUNSAC;2;16.11.1969;0;2
HEYBETILLAH;2;30.6.1985;2;0
CINDULLAH;2;3.9.1989;2;0
PURDENSIN;2;12.2.1965;0;2
HAMEDAN;4;5.6.1988;4;0
RUKIZE;6;21.1.1968;0;6
SEINAS;2;6.8.1986;0;2
YUHANUS;4;12.8.1971;0;4
MENFEDDIN;2;6.8.1972;2;0
SITIHAT;2;6.5.1974;0;2
MUVASET;2;2.2.1975;2;0
NUAS;2;12.8.1991;2;0
BERETE;2;1.2.1979;0;2
IKLEM;2;25.5.1991;0;2
SADDEF;2;26.7.1978;0;2
NUHADDIN;4;23.1.1972;4;0
GERDANSAH;2;12.5.1965;0;2
HUSYEIN;2;22.11.1991;2;0
HACRI;2;22.8.1931;0;2
MIRZEYDDIN;2;27.9.1985;2;0
GOG;2;2.4.1962;0;2
GULPARIN;2;17.9.1972;0;2
ECIK;2;2.8.1933;0;2
CEZAHAT;2;2.2.1969;0;2
SAFINET;2;16.7.1964;0;2
HONAF;2;22.2.1967;0;2
YUHANNIS;3;1.2.1978;0;3
HERBINAS;3;29.7.1949;0;3
AKKIDE;2;18.3.1972;0;2
SUNFIYE;2;11.7.1983;0;2
TALIBA;6;18.1.1968;0;6
LEYVASE;2;21.5.1966;0;2
ABDUSSETAR;2;7.2.1952;2;0
HAMDIDDIN;2;9.8.1964;2;0
AHIMBER;2;21.11.1972;0;2
SEMENSE;2;12.3.1965;0;2
SEVAD;2;17.2.1984;2;0
VEY;2;14.8.1990;2;0
FERMUSAK;2;8.7.1945;0;2
HIZBETTIN;2;21.1.1981;2;0
MURTEZEME;2;2.2.1975;0;2
NASAIT;2;2.2.1969;0;2
ISRIYE;2;24.5.1973;0;2
HAREMSE;4;2.11.1956;0;4
HADIGAR;2;6.11.1978;0;2
PERISANE;14;13.12.1942;0;14
ASTER;3;10.4.1965;3;0
ABDULNAVAF;2;3.4.1981;2;0
PEYUZE;2;2.2.1945;0;2
SEHSIHAN;2;27.5.1968;0;2
SUUZAN;2;29.9.1988;0;2
MIZE;3;17.8.1934;3;0
ACAYIP;2;9.9.1973;2;0
MIRERE;2;8.7.1939;0;2
MRYEM;2;22.11.1991;0;2
MIHRNAZ;2;17.2.1972;0;2
NAGIYA;2;2.2.1981;0;2
MURZEMIN;2;21.7.1975;0;2
ZEBRICE;2;12.2.1965;0;2
NESIBAR;2;19.3.1948;0;2
FURAYSAT;2;23.9.1989;0;2
HAFZILAH;2;16.12.1972;2;0
HEBRIN;2;1.10.1985;0;2
TAYIBBE;3;1.9.1966;0;3
NAKYA;2;12.8.1951;0;2
RERHAT;3;12.8.1980;3;0
REDDIYE;2;10.6.1982;0;2
MEHMETSEDIK;2;1.6.1982;2;0
HORSID;2;27.4.1992;2;0
MEMBIYE;2;23.2.1980;0;2
AVNIYA;2;21.11.1971;0;2
SERETA;2;15.5.1975;0;2
GERIBA;2;12.3.1971;0;2
SIZHAN;2;3.5.1973;0;2
GAFRAN;2;22.4.1973;2;0
FERUSAH;5;24.10.1976;2;3
BEKSIYE;3;7.4.1959;0;3
M.HUDAVERDI;2;1.12.1969;2;0
KEVRIM;2;7.5.1976;0;2
BURECE;2;16.7.1970;0;2
TERLANE;2;14.4.1972;0;2
NECTIMAN;2;5.12.1990;0;2
BEDIRGAN;2;29.4.1978;2;0
HESRA;2;12.9.1988;0;2
FUDEIL;2;12.4.1983;2;0
FATUSA;2;27.7.1981;0;2
HAMDULILA;2;9.9.1987;2;0
KUBRISYA;2;27.4.1953;0;2
NEZLETUN;4;21.7.1968;0;4
TENEZIL;2;13.4.1984;0;2
ZAHETTIN;4;23.7.1949;4;0
ZIHNE;2;22.2.1955;0;2
GULNEFEL;2;27.11.1979;0;2
MUSEBER;2;2.8.1963;0;2
TENZIHAT;2;17.11.1972;0;2
HAFSATE;3;17.5.1978;0;3
SITRER;2;17.6.1960;0;2
PERDIYA;2;7.3.1964;0;2
SEYDUS;3;29.3.1953;3;0
MUFRIK;2;27.2.1968;2;0
SEVSIHAN;2;7.2.1958;0;2
ROJDIYE;2;25.6.1980;0;2
NASUA;3;20.4.1977;0;3
BESURA;2;22.2.1979;0;2
MARFIA;2;12.2.1959;0;2
LUBNANIYE;3;3.12.1966;0;3
VEDIATE;2;11.9.1961;0;2
AZNIYE;3;25.9.1950;0;3
BUSYENE;2;26.8.1967;0;2
SIPHETULLAH;2;15.5.1971;2;0
HAVINE;5;9.8.1951;0;5
SITIHET;3;19.3.1981;0;3
MENPERIYE;2;5.11.1991;0;2
MAHTIYE;3;25.4.1970;0;3
SITRETE;3;27.2.1950;0;3
SENIT;2;7.2.1964;2;0
FEVRUSAN;2;1.5.1991;0;2
SEMERCAN;2;29.5.1982;0;2
TEBRIN;2;16.10.1987;0;2
TELAADDIN;2;27.4.1980;2;0
KUBEYD;2;28.9.1988;2;0
VEYSELI;3;19.8.1987;0;3
MIZBAG;2;10.5.1976;2;0
SEKKIRE;4;10.8.1934;0;4
SAYBET;4;26.4.1987;0;4
ABDULHAKIN;2;1.1.1980;2;0
RIHNETTIN;2;1.11.1982;2;0
TALHEM;2;7.11.1990;2;0
BESSIYE;8;27.6.1966;0;8
SUVEYHAN;2;26.8.1989;0;2
FAMEDDIN;2;27.6.1990;2;0
MERDEGUL;2;16.8.1987;0;2
GULDENAR;2;30.6.1950;0;2
LEZZEDDIN;2;8.2.1963;2;0
FATMO;3;8.9.1943;0;3
CUMAT;3;29.5.1981;3;0
HUMARA;2;13.12.1962;0;2
NECRET;4;15.8.1973;1;3
GADILE;2;28.5.1972;0;2
ZUHEYYIR;3;10.4.1981;3;0
VESHAT;2;21.6.1975;2;0
LAZDIN;2;12.2.1929;2;0
HISMETE;2;17.4.1966;0;2
TEBIRYE;2;27.2.1956;0;2
FERUGA;2;6.5.1969;0;2
CUMLETE;2;17.12.1981;0;2
MILKUYE;3;12.2.1969;0;3
ABDIRRAZZAK;2;7.2.1982;2;0
MAHBUSA;2;12.2.1965;0;2
AYETULAH;2;1.4.1982;2;0
CAHVET;2;1.10.1979;2;0
DILVENAS;2;11.11.1986;0;2
GULBEYAR;3;23.3.1977;0;3
FEYYADE;2;2.2.1933;0;2
CICIK;4;9.9.1966;0;4
SANAZE;2;28.1.1983;0;2
BEDAVA;2;29.4.1961;0;2
SUDHIYE;2;9.4.1964;0;2
KAMERZAMAN;3;25.1.1971;2;1
BAHITE;2;2.2.1939;0;2
ZEYNELABETTIN;2;18.4.1960;2;0
ZINURET;2;24.1.1982;0;2
NEVUPERDAL;2;23.11.1978;0;2
FORIT;2;23.8.1973;2;0
TOLLI;2;22.5.1973;0;2
ISHEL;2;21.3.1966;2;0
GUNCIYE;3;2.3.1960;0;3
ELMUKADER;2;11.9.1969;0;2
HAYRIYET;2;15.1.1973;0;2
KULINEBAT;2;14.6.1965;0;2
AYNUHAYAT;2;1.11.1972;0;2
GELLI;2;17.3.1930;0;2
KERHATTIN;2;17.11.1941;2;0
M.NAFIZ;4;3.1.1951;4;0
BASIKE;2;21.4.1965;0;2
ISTEYRE;2;12.3.1965;0;2
ROJDAT;2;21.1.1983;2;0
ZUBEREET;2;15.7.1947;0;2
KUBIL;2;21.10.1977;0;2
DORSIN;4;12.10.1985;0;4
SABROBIN;2;8.11.1972;0;2
SIRIFA;2;20.11.1935;0;2
HANIYI;2;22.2.1931;0;2
MUCIBILRAHMAN;2;28.2.1973;2;0
SOREYA;2;11.4.1985;0;2
SINENIK;2;8.4.1964;2;0
HIDYET;2;12.2.1965;0;2
HEYLIYE;2;22.7.1948;0;2
M.HAKAN;2;17.2.1972;2;0
MEVZINET;4;24.4.1975;0;4
FEVSIYE;2;15.3.1965;0;2
MUVAHIL;2;4.1.1969;2;0
GATIP;2;4.7.1956;2;0
MUTEIR;2;24.11.1967;0;2
HANIN;4;30.1.1983;0;4
BERGO;3;12.8.1972;2;1
FIRYAZA;2;7.8.1934;0;2
MUHBUBA;2;30.2.1961;0;2
CUHAN;3;26.2.1979;3;0
RIDDIYE;2;22.7.1978;0;2
ABDULDEYAN;2;12.10.1977;2;0
MAFARRAH;2;26.2.1983;0;2
MUHENED;2;28.9.1991;2;0
KEDE;2;10.10.1940;0;2
CUMAZYA;2;1.6.1974;0;2
ZUNNEYRE;2;19.6.1985;0;2
SEMSENNUR;2;22.9.1970;0;2
HAYATNAS;2;2.12.1989;0;2
BEHIYEF;2;2.5.1979;0;2
UMMISELAM;3;17.10.1978;0;3
GULCIHAT;2;27.3.1992;0;2
DIYEEDDIN;2;24.9.1973;2;0
GEYLAS;2;25.6.1988;0;2
GERDENE;2;11.8.1969;0;2
SEMDO;2;12.2.1953;2;0
ERCIHANE;2;21.9.1963;0;2
TAYBETTIN;3;14.7.1959;1;2
FEVMEZE;2;23.5.1966;0;2
MULVAN;2;11.11.1979;2;0
SIYANETTIN;1;6.8.1984;1;0
TENERYA;1;6.8.1978;0;1
RUMA;1;2.8.1933;0;1
VEYSIDDIN;1;9.10.1973;1;0
SENIHET;1;2.5.1963;0;1
HUCE;3;26.10.1938;0;3
SOVO;1;27.8.1926;0;1
SERFETUN;1;24.3.1979;0;1
M.HAMIT;2;30.10.1977;2;0
HUMEYTULLAH;1;11.2.1981;1;0
YUSUFSAH;2;27.3.1968;2;0
ESFIYAN;2;8.10.1976;0;2
GILALE;1;7.8.1969;0;1
HILAK;1;26.3.1992;0;1
FEGMIYE;1;12.6.1952;0;1
RAICE;1;2.5.1972;0;1
HUDEYCETE;1;30.3.1944;0;1
MAHSOK;1;23.3.1984;1;0
YUZBIR;2;14.3.1977;0;2
TEYBEK;1;16.11.1974;0;1
VEHHIYE;1;17.2.1936;0;1
RAYDA;3;28.7.1970;0;3
NUDAN;1;2.8.1989;0;1
DINLARAZ;1;23.9.1948;0;1
ISGAYRA;1;7.8.1928;0;1
RAVSIYE;4;30.3.1963;0;4
MUHAYBER;2;18.1.1968;2;0
HESSAM;17;22.6.1960;17;0
MESFAIL;1;1.9.1983;1;0
RAFAL;1;2.2.1957;1;0
MUVVEFA;1;7.7.1969;0;1
MENAZ;1;24.6.1980;0;1
NECMUSSABAH;1;15.10.1985;0;1
TASVAM;1;25.5.1979;0;1
RANZETE;1;27.3.1974;0;1
MAHMILI;1;2.7.1975;1;0
HALIMETE;1;17.3.1960;0;1
NEYLO;1;21.5.1940;0;1
AYNATULMARDIYE;1;9.10.1964;0;1
PURJIN;1;11.3.1991;0;1
RISNIYE;1;28.5.1978;0;1
HUCUBIYETE;1;26.9.1937;0;1
BESIDA;1;25.9.1978;0;1
RESTAM;1;27.2.1962;1;0
MINEYVER;1;30.6.1972;0;1
ULYEN;1;22.7.1979;0;1
ITFIYE;1;22.2.1967;0;1
RADILE;1;17.2.1966;0;1
BILAM;1;22.2.1967;1;0
LAMIAHA;1;6.2.1947;0;1
SANAYIF;2;7.8.1963;2;0
ZUHRETUNNUR;1;9.12.1978;0;1
MESHUD;2;13.12.1981;2;0
MUZGUN;1;28.2.1981;0;1
CEVZER;4;17.5.1967;4;0
MUHNE;3;17.5.1955;0;3
ASKERU;1;12.8.1923;1;0
SELCUKKENT;1;7.11.1982;1;0
MUDASIR;1;22.6.1973;1;0
HESAN;1;14.11.1990;1;0
NAIROZA;1;22.4.1981;0;1
H.SIRAC;1;26.3.1976;1;0
SULEYE;3;11.5.1954;0;3
PEKIME;1;12.2.1953;0;1
LAKIZE;1;2.2.1963;0;1
NAZLIBE;1;1.5.1950;0;1
ZEFECIBE;1;22.3.1955;0;1
SEHINAT;1;6.5.1973;0;1
GULFINAS;2;7.5.1963;0;2
ZERET;2;15.5.1974;0;2
AHMETMELIK;2;25.12.1986;2;0
AVAM;1;24.10.1959;1;0
M.SEMSETTIN;2;18.12.1955;2;0
ZUICET;1;12.9.1959;0;1
SEYBUR;1;14.6.1943;1;0
FEHREM;1;27.2.1962;1;0
SEFGI;1;21.8.1964;0;1
MUDESSIIR;1;17.2.1954;1;0
MINZIRA;1;23.3.1972;0;1
ABDULVEHAT;3;26.6.1970;3;0
GAZLA;1;12.2.1959;0;1
AYNMIRDIYE;1;17.4.1954;0;1
ABDULMAZHAR;1;13.1.1965;1;0
HIZBAN;2;12.9.1976;0;2
MEHMADIN;1;7.8.1934;1;0
RAVZETA;1;11.6.1976;0;1
VELENSE;1;26.1.1982;0;1
DILEKSAH;3;22.12.1980;0;3
MELEDIN;1;17.2.1954;1;0
EYPERI;1;3.3.1981;0;1
EFIDET;1;12.2.1965;0;1
KAYMAFELEK;1;11.1.1972;0;1
HAYMENUR;1;5.9.1991;0;1
BEHIYET;1;16.6.1964;0;1
MUAZIM;2;14.9.1966;2;0
SEVHET;1;6.2.1955;0;1
MUSUMMET;1;17.2.1966;0;1
NOHAT;2;10.10.1956;0;2
VESIAT;2;4.11.1967;0;2
VUKAET;1;7.11.1950;0;1
GULMIHAN;1;15.7.1987;0;1
TIREJ;2;3.1.1987;1;1
M.EMRAN;1;1.2.1955;1;0
EVLAL;1;11.8.1974;0;1
ARAYBA;2;20.9.1960;0;2
MUHMAMMED;1;23.1.1991;1;0
KAMERITTIN;1;2.2.1951;1;0
IHSAM;1;4.5.1951;1;0
NAMUCA;1;22.8.1937;1;0
MUHAMMA;1;13.2.1947;1;0
MIHRICE;1;12.2.1959;0;1
GULHURIYET;1;2.2.1957;0;1
NASIHET;2;1.11.1981;0;2
KUDUSA;1;1.6.1965;0;1
MUZZEYYET;1;23.6.1949;0;1
REBUS;1;12.10.1957;0;1
BUNYAMIR;2;28.7.1977;2;0
FIKNEDIN;1;15.2.1965;1;0
ATAULLLAH;1;17.10.1990;1;0
PUCUK;2;8.6.1944;2;0
MAHMUDDIN;1;1.3.1956;1;0
PELLO;1;12.8.1935;1;0
MIHSINE;1;12.2.1935;0;1
HAKINAME;1;11.4.1973;0;1
MEZUK;1;27.10.1989;1;0
MUABAT;1;30.5.1980;0;1
FERME;3;24.12.1954;0;3
OMRETE;2;13.10.1981;0;2
HUMSANET;1;7.11.1984;0;1
ABDULFAYSAL;2;7.9.1963;2;0
NAZNIFE;1;9.6.1983;0;1
AMMEDIN;1;4.6.1966;1;0
TAVFUR;1;7.2.1982;1;0
SEFILULLAH;1;22.2.1967;1;0
HASLA;1;8.8.1905;0;1
MUHARAM;1;12.2.1971;1;0
GULLET;1;22.2.1961;0;1
LAZOZAR;1;27.2.1950;0;1
DIZLEM;2;24.10.1988;0;2
VELLI;2;27.7.1968;2;0
HURSITE;1;4.3.1951;0;1
DARSIN;1;22.4.1983;1;0
MIHBETTI;1;2.2.1963;0;1
ZIHRET;3;6.6.1965;1;2
EMENTULAH;1;17.2.1972;0;1
HAYNDER;1;3.7.1950;1;0
MIASIYE;1;2.2.1957;0;1
DURDEM;1;12.12.1983;0;1
ABDULZAMAN;1;22.2.1955;1;0
MUNTAZIME;1;21.7.1975;0;1
SURUCA;1;1.3.1973;0;1
GULBEDIN;3;4.12.1988;3;0
BILOFEN;1;25.7.1991;1;0
VERDISEH;1;24.4.1979;0;1
SUVEYE;1;6.11.1977;0;1
MAYMUR;1;22.6.1979;0;1
SEMLIHAN;1;9.5.1978;0;1
HERVAN;1;16.7.1974;1;0
MUFAYIR;2;8.6.1984;2;0
KADDEFI;1;17.10.1978;1;0
DILUVAN;1;9.10.1991;0;1
BEDEVIL;1;12.10.1977;1;0
GUHI;1;7.2.1964;0;1
YEFES;1;7.2.1964;1;0
KUBBIYE;1;6.6.1962;0;1
BEDEVA;1;27.2.1974;0;1
MAIFAR;1;6.12.1954;0;1
ERFIYE;3;30.9.1962;0;3
AZADDIN;9;24.4.1978;9;0
ZEVRETE;1;8.1.1952;0;1
EYNESE;1;18.6.1964;0;1
GOLSAHAR;1;17.2.1960;0;1
LATIE;1;14.2.1953;0;1
SEKLIFE;1;6.6.1972;0;1
MEVREN;1;22.11.1991;0;1
ENISETE;1;9.6.1953;0;1
ROKAYE;1;3.2.1980;0;1
SADILAH;1;16.2.1959;1;0
HUMIRAN;2;30.2.1950;0;2
CIHAEDDIN;1;1.5.1968;1;0
SOHOLE;2;29.9.1948;0;2
HEFSED;1;14.11.1934;0;1
SEYVEDDIN;2;16.5.1961;2;0
LELZAN;1;1.5.1940;0;1
INKA;1;11.11.1963;0;1
SAHDATA;1;14.3.1972;0;1
BOZAT;1;18.8.1965;1;0
MEVAF;1;21.6.1981;1;0
CENNAP;1;22.12.1990;1;0
FERHETE;1;7.2.1982;0;1
PEREZHAN;1;3.3.1957;0;1
NEVFIYE;1;22.2.1967;0;1
SAFAF;1;28.7.1974;0;1
MUGLUSE;2;25.11.1961;0;2
SUVEYL;2;29.1.1985;2;0
M.NIMET;1;12.2.1971;1;0
HUZEYTEL;1;11.2.1967;1;0
VERID;1;24.4.1987;1;0
CERREN;4;10.1.1988;0;4
BENIMSEL;1;24.5.1989;0;1
RAHMULLAH;1;15.2.1990;1;0
SEHMUT;1;7.10.1972;1;0
HAMSAH;5;24.11.1965;0;5
HUMRAH;1;17.2.1990;0;1
AMBERI;1;17.2.1966;0;1
MELEKULBEHMEN;1;26.6.1979;1;0
VARIYA;1;7.5.1945;0;1
HAYRUNNISE;3;29.8.1972;0;3
REVSETE;8;24.1.1970;0;8
SIMESA;3;1.10.1964;0;3
HEMRISAN;1;22.8.1955;0;1
AYNILMET;1;7.1.1970;0;1
GUNYE;1;7.2.1970;0;1
AMADETTIN;4;18.5.1957;4;0
PAYIZETE;1;27.4.1968;0;1
REGHINA;1;14.3.1972;0;1
REFTE;1;14.11.1972;0;1
HACIVEHBI;1;9.6.1974;1;0
MAKSUTHAN;1;12.3.1979;1;0
FERMUYDE;1;15.2.1972;0;1
MUHEYYIP;1;7.8.1934;1;0
EGEDOGAN;1;18.4.1937;0;1
MULAHATTIN;1;11.1.1961;1;0
ZIMMA;1;27.5.1923;0;1
KARAPTAL;1;2.2.1963;1;0
TAMERIS;1;27.4.1980;1;0
ALEFTER;1;28.5.1960;1;0
SEVETDIN;1;25.10.1940;1;0
BEYAETTIN;1;17.8.1930;1;0
NEZIHDAT;1;5.5.1946;0;1
NEFSETTIN;1;29.3.1958;1;0
KESVIRE;1;6.2.1938;0;1
MULER;1;11.7.1974;1;0
SAYDAT;1;10.3.1945;1;0
MULLIYE;1;30.8.1930;0;1
UMBULBER;1;17.2.1972;0;1
EFZADE;1;2.8.1915;0;1
ERDEMNUR;1;26.1.1973;0;1
EFRUNIYE;3;6.12.1941;0;3
SASIBE;1;2.8.1921;0;1
FETIA;2;29.11.1962;0;2
SEFCIHAN;1;7.8.1978;0;1
HURTEKIN;2;24.10.1966;2;0
SENOY;1;28.4.1972;1;0
H.KORAY;1;12.2.1971;1;0
TUGLES;4;3.3.1973;0;4
SAKMAN;1;17.5.1937;1;0
MEHMETBAKIR;1;4.5.1963;1;0
OMERMERT;1;24.12.1988;1;0
ZEKIYANIM;1;7.2.1964;0;1
MUKUR;3;3.4.1961;2;1
NEYSUN;1;9.5.1962;0;1
PEMBEZAN;1;3.10.1955;0;1
AYNUSER;3;23.10.1954;0;3
EDEHEM;7;24.12.1965;7;0
VERRUHAN;1;30.1.1966;0;1
ETAH;1;23.4.1961;1;0
MEFHUNE;1;25.2.1942;0;1
PIKAN;2;6.1.1970;0;2
GEZZEMHAN;1;5.12.1989;0;1
PAZIR;1;6.10.1959;1;0
MANDICA;2;20.11.1942;0;2
HAMDET;1;16.1.1961;1;0
REFAYYE;1;6.4.1981;0;1
BAHUBIKE;1;9.2.1991;0;1
TEVRIDE;2;4.12.1971;0;2
HULIYAN;1;27.4.1968;0;1
BENAYSE;1;8.6.1932;0;1
ZURUYYE;1;2.8.1939;0;1
LEBSOK;1;21.12.1975;1;0
ARTUT;1;17.8.1981;1;0
SUYUNC;1;21.11.1936;1;0
ESENRUYA;1;14.7.1989;0;1
HUREMZA;1;22.2.1967;0;1
PARTIK;1;24.11.1976;1;0
MAHBOOBEH;1;17.8.1948;0;1
SEFITIN;1;17.11.1966;1;0
MESTANIYE;2;18.9.1959;0;2
SERAZAD;1;25.4.1980;1;0
RASIDET;1;27.4.1935;0;1
NECALA;1;25.11.1953;0;1
CARKCI;1;14.4.1985;1;0
ALISBEY;1;17.8.1981;1;0
SARPDOGAN;1;30.2.1986;1;0
BAHER;1;5.7.1982;1;0
ORLEYHAN;2;11.3.1961;0;2
SAMREN;1;22.9.1973;0;1
MEMDUYE;3;23.1.1954;0;3
MEVRUBA;1;29.4.1946;0;1
BIROK;1;6.10.1974;1;0
MEGHANIM;1;30.12.1943;0;1
MIRZEBET;1;17.4.1966;1;0
GAYRIBEK;1;24.11.1961;1;0
BERGULE;1;11.1.1951;0;1
GULZAVIYE;1;13.2.1961;0;1
HABIBULAH;1;28.1.1931;1;0
NAFIZI;1;5.7.1986;0;1
ZEYRULLAH;3;25.11.1941;3;0
MURSEDIN;1;27.3.1978;1;0
MUSLUMMEDIN;1;22.8.1985;1;0
BEDRIN;4;10.5.1963;2;2
SELFIDIN;1;28.4.1959;1;0
VARISE;2;30.12.1966;0;2
GULDEHA;1;13.5.1957;0;1
HUNNURE;1;6.1.1963;0;1
EBAZIR;3;11.2.1964;3;0
NURDESAN;1;3.6.1950;1;0
GULLUZ;2;21.10.1969;0;2
ZULFUKER;2;4.2.1962;2;0
GUFFER;1;16.7.1971;0;1
UMUGUSUM;5;29.12.1962;0;5
REHYANI;1;28.7.1982;1;0
MESURETTIN;1;17.2.1944;1;0
BLADA;1;24.2.1938;0;1
GALABINA;1;20.12.1973;0;1
MAVLUD;1;10.11.1989;1;0
FAHRAD;1;6.6.1987;1;0
AGVEN;1;25.4.1959;0;1
ANUTA;1;2.2.1956;0;1
FILAME;1;29.9.1941;0;1
FERRUHNUR;1;18.6.1928;0;1
ROJNU;3;16.5.1981;0;3
AYTUGLU;1;28.4.1945;0;1
EROKAY;3;7.4.1989;3;0
TAREDDIN;1;19.3.1932;1;0
MUHASETTIN;1;11.2.1970;1;0
HEPKAR;1;30.4.1960;1;0
ZUHEYYER;1;27.2.1968;1;0
SENOC;1;30.5.1969;0;1
KAZIZER;1;9.10.1979;0;1
SEVENIYE;1;7.8.1958;0;1
HAYRUNNNISA;1;26.11.1946;0;1
AHZIMET;1;27.10.1930;0;1
DILIZ;1;10.11.1979;0;1
MUNTEZIN;1;8.1.1972;0;1
MEFIAT;1;30.6.1974;0;1
M.SAADET;1;4.12.1965;0;1
HUKUS;1;5.4.1951;0;1
OZSUNA;1;19.8.1935;0;1
ERTUZAN;2;7.8.1955;2;0
ALLIGUL;2;22.11.1966;0;2
BIRICIN;2;16.4.1956;0;2
FEERIYE;1;19.3.1954;0;1
LUVUT;1;6.10.1967;1;0
MIYRA;1;17.8.1918;0;1
OLER;2;4.3.1957;1;1
KITAYIM;1;28.12.1947;0;1
FAHRINAS;2;3.11.1949;0;2
HAVAF;1;20.10.1951;0;1
E.LEVENT;1;17.6.1970;1;0
BLGE;1;18.2.1975;0;1
YEDDI;1;15.8.1940;0;1
HALULA;1;22.8.1949;0;1
FULES;1;25.11.1974;0;1
GULMUYAZ;2;27.6.1946;0;2
ESMELAY;1;18.3.1961;0;1
BAYSOY;1;18.9.1950;1;0
TEMOM;1;15.4.1976;0;1
FIBAY;1;22.11.1983;1;0
NUZHETUZZAMAN;1;30.8.1960;0;1
FERGON;1;25.4.1939;1;0
TESMIRE;1;1.7.1954;0;1
RAIYME;1;24.9.1967;0;1
NECDIBA;1;21.8.1934;0;1
NEDAIR;1;1.12.1971;1;0
MERGUR;1;1.9.1960;0;1
KULPIYE;1;8.2.1935;0;1
ZHANA;1;21.8.1976;0;1
SEYREK;2;7.1.1947;0;2
YOKENE;1;11.12.1963;0;1
MAKBIRE;3;5.4.1947;0;3
SAHSELEM;1;17.3.1954;0;1
DEVANUR;1;13.12.1973;0;1
SERBAHAN;1;27.4.1956;0;1
SEHFE;1;20.10.1957;0;1
ELBABI;1;11.7.1936;0;1
NURAYCA;1;18.5.1990;0;1
ZEMIZAMA;1;22.2.1943;0;1
TIMYA;1;12.7.1977;0;1
YUTAR;1;27.9.1980;0;1
HASNEGUL;2;20.5.1977;0;2
BEDRAK;1;17.7.1978;1;0
FEYRUF;1;22.3.1967;1;0
SAKKINE;1;1.5.1954;0;1
MUKRET;1;2.8.1960;1;0
SECADE;1;21.5.1963;0;1
GULKEMAL;1;29.12.1950;0;1
AZEMME;1;20.11.1955;0;1
FAHSI;2;25.10.1973;2;0
FITIM;1;12.8.1953;1;0
BEHCETIN;1;23.4.1967;1;0
TUGBUN;1;28.10.1961;1;0
SUNAET;1;27.8.1956;0;1
SADETTA;1;27.3.1938;0;1
ERYAS;1;1.10.1938;1;0
ASADDIN;1;24.2.1967;1;0
KARATAS;6;22.2.1947;4;2
ZARINTADJ;1;19.8.1958;0;1
CUREHA;1;3.7.1963;1;0
CEVSEN;2;20.4.1989;0;2
ABULIZI;1;25.11.1959;0;1
SENRUF;1;17.3.1950;0;1
MEZURMA;1;21.10.1979;0;1
VICIN;1;22.8.1925;0;1
TUNSAL;2;28.4.1952;1;1
SUPERIN;1;7.3.1970;0;1
YETITE;1;17.4.1940;0;1
BIDAYE;2;16.1.1954;0;2
NUHYAVUZ;1;1.1.1959;1;0
BAZIA;1;19.6.1976;0;1
JONINNEKARMEL;1;8.12.1970;0;1
SAMANTAHARONNI;1;4.12.1967;0;1
EYUBI;2;20.4.1963;2;0
MEHMETRESUL;5;4.6.1974;5;0
FIRU;1;12.6.1975;0;1
ZERRAH;2;25.11.1953;0;2
LEBIL;1;20.2.1954;1;0
HASEBULLAH;2;16.2.1928;2;0
TUGAR;1;4.2.1978;1;0
ALIYZE;1;5.1.1975;0;1
MUAD;2;15.11.1964;2;0
HASMORAT;1;27.7.1950;1;0
MUATAR;2;20.11.1964;0;2
H.BEDRI;1;17.8.1924;1;0
GIOUZEL;1;22.2.1973;0;1
EYLULSU;1;30.9.1988;0;1
BEHIYIE;1;2.6.1978;0;1
DINALI;1;6.2.1955;0;1
MUGLIM;1;2.12.1978;1;0
CEVHERHAN;1;27.5.1969;0;1
GAZFER;1;11.12.1952;0;1
HERDINC;2;4.4.1966;2;0
RAGIMAN;1;26.10.1970;0;1
YEZA;1;30.7.1967;0;1
REVSANE;1;12.2.1977;0;1
TEFLIYE;1;5.8.1956;0;1
CEREMNUR;1;26.9.1991;0;1
YESUGA;1;19.3.1985;1;0
MAHUBET;2;10.3.1964;0;2
HATISE;4;5.11.1970;0;4
IZINGUL;1;28.9.1966;0;1
HAMAK;1;10.4.1938;0;1
DURUSEFVAN;1;29.11.1951;0;1
ESKANULLAH;1;11.6.1986;1;0
SEKTAR;1;11.6.1961;1;0
HURIYEHATUN;1;12.8.1989;0;1
HIBIYE;1;19.4.1973;0;1
SEMUDA;1;7.3.1956;0;1
BEHRAMBEY;2;1.9.1969;2;0
YAZGOLU;1;27.2.1950;0;1
ERSAYIT;1;29.10.1968;1;0
ENOURIE;1;22.4.1975;0;1
BUGCEK;1;10.9.1986;0;1
USABEDDIN;1;6.2.1956;1;0
MUEYYEN;1;19.6.1982;0;1
AGIHAN;3;25.11.1968;0;3
OZYENER;1;2.9.1951;1;0
MEDENET;1;22.9.1979;0;1
NUHHAYAT;1;25.4.1942;0;1
ZENSAN;1;24.10.1973;0;1
NOSNUT;1;21.5.1979;1;0
IMMANIYE;3;21.11.1968;0;3
TAHSIP;1;3.7.1945;1;0
MUFUDET;2;13.8.1973;0;2
AKZUHAL;1;21.8.1970;0;1
NUHFER;4;1.4.1962;4;0
KUTBETDIN;1;12.2.1965;1;0
ANGUNAY;1;10.2.1986;0;1
NIRGUR;1;11.8.1985;0;1
HAFISSE;2;9.6.1968;0;2
FEYIHAN;1;4.7.1968;0;1
CEVAHI;1;1.3.1965;1;0
KAVLIYE;1;9.7.1961;0;1
NEVIYA;1;3.5.1971;0;1
MURATSERKAN;1;2.4.1983;1;0
OZBENK;2;1.5.1958;2;0
CABIDE;3;30.2.1940;0;3
OMERSEIT;1;7.4.1982;1;0
BENIYAN;2;9.10.1979;1;1
ZEHRIGUL;1;26.4.1942;0;1
GANPUL;1;18.2.1966;0;1
ZULHICAT;1;14.1.1938;0;1
VESILIGE;1;26.4.1963;0;1
DURSUNI;1;2.1.1963;0;1
HASIPE;2;18.8.1966;0;2
GOGUYE;3;25.9.1951;0;3
FAKIF;1;9.4.1961;1;0
MUHUVE;1;6.10.1980;0;1
ENGINALI;1;16.4.1983;1;0
EMRETDIN;1;27.8.1946;1;0
TULENZ;1;21.9.1977;0;1
UKESE;3;30.9.1951;3;0
ATOMAN;2;28.1.1966;2;0
FEHMUHAL;1;15.10.1985;0;1
ABDURRESID;1;26.7.1965;1;0
BESIA;1;11.7.1963;0;1
FATTOS;2;7.12.1946;0;2
SIHABDULKADIR;2;26.6.1983;2;0
ZEVNEN;1;5.6.1951;0;1
DULFUYE;1;8.3.1932;0;1
REUSAN;1;27.2.1974;0;1
FUDAYETTIN;1;2.7.1975;1;0
SEVDICHIAR;1;9.10.1970;0;1
SAMIJA;1;11.10.1951;0;1
TORHAN;2;2.1.1941;2;0
GULIFAN;2;11.2.1970;0;2
SADBERIN;1;24.2.1964;0;1
MEYRIM;1;17.7.1986;0;1
MUTEAHHAR;1;12.8.1941;0;1
KIYAMEN;1;12.10.1932;0;1
NAID;7;4.3.1962;7;0
URIYET;1;30.11.1973;0;1
MENFURET;1;21.7.1985;0;1
SECILIYE;1;13.3.1971;0;1
GULHUS;3;12.8.1964;0;3
BAZINE;1;9.10.1951;0;1
BAHSEDIN;1;27.1.1958;1;0
FAMDI;1;28.3.1951;1;0
CEVARET;1;26.5.1966;0;1
BALGIZER;1;6.11.1974;0;1
ZULFUTEN;3;6.7.1960;0;3
FEYDANE;1;10.5.1956;0;1
GULTUREN;4;23.9.1948;0;4
FETIMA;1;15.4.1962;0;1
MINNINUR;1;18.7.1948;0;1
EDYAN;1;12.2.1941;0;1
MEZIKA;6;29.3.1956;0;6
GULDENEM;1;8.5.1952;0;1
CEVDETNUR;1;2.8.1963;1;0
ZUBEYNA;1;2.4.1963;0;1
MUNURSE;1;12.3.1954;0;1
NAMUSER;2;13.11.1966;0;2
KESIRAN;1;23.2.1943;0;1
BIZVAN;1;11.6.1938;1;0
ANAYURT;1;6.3.1937;0;1
U.GULSUM;3;19.11.1957;0;3
RUCNAN;1;2.9.1961;0;1
OZTURKES;1;21.2.1965;1;0
TITER;1;7.5.1952;0;1
MEVBE;1;29.4.1938;0;1
MESERRETTIN;1;12.8.1929;1;0
MAHAC;1;22.10.1987;1;0
BINYAMET;1;22.1.1949;1;0
BAHAKEMAL;1;14.12.1975;1;0
KIRMISYON;1;7.8.1958;0;1
MOSEMOIZ;1;4.8.1976;1;0
BEDRIKA;2;26.2.1957;0;2
BEAYDIN;2;27.11.1955;2;0
SERATAN;1;4.10.1946;0;1
SAYGIBET;1;23.8.1931;0;1
ZABIYET;1;23.5.1938;0;1
NAHIYFE;1;14.2.1990;0;1
SAPEIT;1;13.9.1952;0;1
SAHBIKE;2;29.9.1964;0;2
MUSHATTIN;1;7.10.1975;1;0
MENBAAT;1;22.2.1967;0;1
MUHURBEY;1;22.5.1985;1;0
SADIZE;1;16.9.1963;0;1
GALIZE;4;8.1.1950;0;4
NEBPE;1;8.6.1955;0;1
MEHLINUR;2;15.9.1953;0;2
TAKHIRA;1;26.2.1971;0;1
FERIDANE;2;16.4.1954;0;2
GOKCELI;1;19.7.1988;0;1
KOSKA;1;24.5.1937;0;1
NUHBAKI;1;11.7.1985;1;0
FATIMATIZ;1;15.3.1953;0;1
MAYANUR;4;27.7.1962;0;4
MUBAYNE;1;4.4.1964;0;1
DUDAGUL;1;16.9.1980;0;1
CUVAL;1;7.2.1964;1;0
YAAMIN;1;28.3.1960;0;1
ARIFKOC;1;8.4.1970;1;0
ROUZALIA;1;7.5.1974;0;1
CADE;1;21.6.1975;0;1
TAVSU;1;6.6.1979;0;1
MERANE;2;14.3.1964;0;2
CERSUS;1;17.2.1972;1;0
ZUHEYHA;2;21.9.1972;0;2
SOLTU;1;12.2.1971;1;0
SAHINAZI;1;10.4.1963;0;1
MURVIN;1;24.4.1984;0;1
KEREBI;2;2.2.1984;2;0
DAGASLANLI;1;7.2.1982;1;0
MEVFIYE;3;4.8.1967;0;3
ZULAYIN;1;3.2.1988;0;1
MELIKEHAN;1;26.3.1992;0;1
SUDUZ;5;11.6.1956;0;5
NEZARIYE;1;22.2.1961;0;1
P.DERYA;1;6.10.1979;0;1
MOGOL;1;18.8.1950;1;0
MEYMIN;1;27.2.1968;0;1
TAYVUN;1;25.1.1982;1;0
YEZDANI;1;3.3.1982;1;0
PEHRIYEL;1;22.2.1955;0;1
ADARIYE;1;27.2.1962;0;1
NAYRIYE;2;13.5.1972;0;2
SUFIZAN;1;12.4.1953;0;1
MAKBULEYE;2;4.2.1963;0;2
TAHSIDE;1;27.2.1974;0;1
ERSERNA;1;27.2.1974;0;1
HURIYENUR;1;22.7.1990;0;1
RESALAT;1;19.6.1976;1;0
SAVKILI;3;9.7.1965;0;3
GOCA;2;30.7.1974;1;1
BEZIR;1;17.4.1924;1;0
SEDILI;1;27.8.1938;0;1
MUHLISAN;4;10.7.1966;1;3
MEVTI;1;12.2.1965;1;0
PEYZUR;1;2.2.1963;0;1
NUHHABI;1;7.4.1986;1;0
GOLOYA;1;5.3.1965;0;1
EGEH;1;11.7.1964;1;0
CEZME;1;15.4.1954;0;1
ZOFZERE;1;2.2.1957;0;1
ABDULMUBTALIP;2;3.12.1978;2;0
LEYZIVE;1;2.2.1981;0;1
TERZIHAN;2;4.8.1969;0;2
MERSUTE;1;21.6.1982;0;1
DUHUZE;1;7.2.1970;0;1
HUBIYIT;1;11.10.1981;1;0
IRABBANI;1;27.6.1984;1;0
ZILIYFE;1;7.2.1964;0;1
ZEYMAN;1;7.2.1958;0;1
VESELLEM;1;22.10.1961;1;0
ARSIYE;2;12.7.1984;0;2
VARIDDIN;1;7.2.1970;1;0
DIYARAN;1;5.6.1982;0;1
ABDURAZI;1;22.2.1967;1;0
VIRDOS;1;23.11.1954;0;1
ERBANA;1;27.4.1968;0;1
NURDILET;1;12.2.1977;0;1
HURENDE;1;21.1.1962;0;1
IREMLA;1;17.7.1972;0;1
SELANE;1;8.6.1974;0;1
TEBIHAN;1;17.5.1948;0;1
MURUN;1;5.12.1974;1;0
TEVADUL;1;3.10.1984;1;0
ZILKUFLI;1;7.2.1952;1;0
RUBEYDAG;1;15.11.1972;0;1
SEFHINAZ;1;28.3.1980;0;1
TUFATTIS;1;2.2.1957;0;1
CULLU;1;2.2.1957;1;0
HAGIKAT;1;12.2.1971;0;1
SAMIKE;1;7.10.1964;0;1
LUBUDE;1;22.2.1961;0;1
NUJGEN;1;12.6.1965;0;1
ZELNUR;4;26.9.1970;0;4
MEDUFE;1;12.7.1976;0;1
TERMUZE;1;12.2.1971;0;1
CAM;3;19.12.1944;3;0
NERZUKA;1;18.6.1984;0;1
ELBEROGLU;1;22.6.1961;1;0
LIYE;1;2.2.1963;0;1
VAZERET;1;23.5.1941;0;1
IRECEB;1;22.2.1985;1;0
MAYEL;1;26.11.1954;0;1
NURSUTE;1;21.6.1982;0;1
MEFHUDE;3;18.4.1969;0;3
HATINCA;1;1.1.1964;0;1
HABERDE;1;15.1.1967;0;1
MUZEKKE;3;7.3.1953;3;0
ATILAT;1;27.10.1974;1;0
AGAKAGAN;1;5.4.1977;1;0
SASLI;1;28.2.1944;1;0
MEKSUHA;1;1.12.1962;1;0
MUZEGUL;1;6.12.1968;0;1
TULGUBAR;1;11.10.1974;0;1
HUBNE;1;17.2.1960;0;1
BIRZATI;1;21.2.1965;1;0
ESTAY;1;28.8.1988;1;0
IZHARHAN;1;6.11.1985;0;1
CESMINAY;1;2.2.1951;0;1
ZEMANE;3;9.10.1961;0;3
USTUNDOGAL;1;28.3.1974;1;0
EVILYA;2;2.2.1989;1;1
SERTTAN;1;25.8.1982;1;0
ERIHA;1;13.2.1961;0;1
MESNUNE;1;30.5.1970;0;1
BIYAZI;1;2.2.1957;1;0
FERHATCAN;1;29.12.1990;1;0
BELDENUR;1;13.9.1985;0;1
AZGIN;6;3.5.1955;6;0
GURZAY;1;17.3.1960;1;0
ZUMREY;2;24.6.1970;0;2
SABIRLI;1;30.5.1938;1;0
ASEYNA;1;12.11.1990;0;1
GUNNEK;1;12.2.1941;0;1
BERGOZEL;1;26.10.1960;0;1
LIVEYDA;1;17.12.1984;0;1
MERGANI;1;27.8.1982;1;0
IHZAL;1;27.2.1950;0;1
MEHUVUBE;1;2.7.1975;0;1
GULDILE;1;7.2.1964;0;1
ISVAHAN;1;1.3.1978;0;1
SELASI;1;17.4.1972;1;0
SALTUKAY;1;14.7.1981;1;0
MUNEYZIR;1;19.5.1970;1;0
SUBINA;1;15.8.1982;0;1
KETAIM;1;4.3.1973;0;1
BUGACAN;1;14.6.1988;1;0
TAKSIDE;2;4.1.1969;0;2
SEMLIHA;1;2.3.1957;0;1
KOSMER;1;26.2.1965;0;1
UNAYAT;1;6.11.1974;1;0
HEMIK;1;11.10.1969;0;1
IRGIYE;3;8.9.1975;0;3
KUTLUGBEY;1;30.2.1981;1;0
PEMPELI;1;11.5.1944;0;1
LUVEYDA;5;3.4.1959;0;5
FINDAG;1;12.2.1971;0;1
MUMSAT;1;22.7.1961;1;0
OKSOZ;1;21.8.1942;1;0
FATIMAHI;1;17.2.1960;0;1
AYNANUR;2;18.2.1974;0;2
LIVAZ;1;7.2.1976;0;1
MULLAHUNKAR;1;16.10.1964;1;0
GAZEFER;4;25.4.1954;2;2
SEKI;7;13.4.1955;6;1
OGUZATA;1;6.7.1974;1;0
KALBEY;1;7.2.1982;1;0
FAZILLET;2;22.12.1983;0;2
EZAZ;1;26.7.1958;0;1
ERUH;1;18.11.1984;1;0
ABDULEHAD;3;25.8.1976;3;0
SELBINUR;1;17.7.1972;0;1
EHRIM;1;28.3.1966;0;1
MULYE;1;7.5.1963;0;1
BEJGIN;1;12.12.1971;0;1
ADNANE;1;22.2.1955;0;1
SAGADETTIN;1;17.2.1978;1;0
MUNTEREM;1;26.11.1972;0;1
CAMBANI;1;6.9.1960;0;1
SULTANAY;2;16.10.1977;0;2
ZULCANA;1;13.12.1983;0;1
MEHMUNE;1;26.12.1965;0;1
MUSEYNI;1;8.10.1968;0;1
YOZCU;1;30.5.1960;1;0
GULEBIYE;2;1.12.1968;0;2
RASIMUNAL;1;19.4.1951;1;0
SIFAHAN;1;10.9.1981;0;1
TUFANALI;1;12.6.1977;1;0
KEZIM;6;16.3.1967;6;0
AKSERET;1;9.11.1964;0;1
MUZURIYE;1;30.5.1962;0;1
MEYZIBE;1;6.9.1975;0;1
FALTALI;1;24.12.1970;1;0
LEIS;1;26.10.1973;1;0
SULBINAZ;2;28.3.1950;0;2
TOLLU;1;27.1.1981;1;0
ALLUS;16;3.9.1949;16;0
UVEYSI;1;4.7.1967;1;0
BUHRETTIN;1;21.7.1959;1;0
GUNGULU;1;22.2.1955;0;1
FELAKE;1;2.4.1946;1;0
IBISCAN;1;11.9.1990;1;0
SEVFIKA;1;11.11.1969;0;1
AHMEDIBICAN;1;1.7.1967;1;0
PURAY;1;12.7.1984;1;0
MUHAYDE;1;11.3.1984;0;1
CISAMNAZ;1;2.4.1949;0;1
BIZEN;1;1.8.1966;0;1
EMINEDEVRIM;1;30.10.1972;0;1
UZUYHA;1;26.1.1959;1;0
ERVAGUL;1;19.9.1991;0;1
FEYREZ;1;21.11.1959;0;1
SUZUHAN;1;22.2.1955;0;1
NESEMIH;1;27.7.1991;1;0
COPE;1;25.9.1964;1;0
ASIRBABA;1;13.4.1947;1;0
SIYHAMIT;1;27.2.1974;1;0
GULUFI;1;16.11.1958;0;1
SAFUYE;1;11.2.1934;0;1
SELSAH;1;2.10.1980;0;1
DUYGUSAH;1;7.2.1991;0;1
PERYAZ;2;21.9.1971;0;2
SEHMEBET;1;27.2.1956;0;1
NEKIRYE;1;29.9.1974;0;1
FENNE;1;7.2.1940;0;1
AKANE;3;7.4.1973;0;3
FARDAG;1;9.10.1966;0;1
SAFNAZ;4;15.4.1954;0;4
MUZUBE;1;11.3.1945;0;1
AYTOLU;1;17.12.1976;0;1
ZADENUR;1;22.2.1967;0;1
ZEYIP;1;22.2.1961;1;0
GULIVAN;1;23.11.1959;0;1
FAYLE;4;25.4.1971;0;4
ASILYE;1;21.12.1950;0;1
MUBEYHIBE;1;19.7.1979;0;1
MAHBORE;1;12.2.1965;0;1
LEUZA;1;2.2.1975;0;1
BAKGUL;1;2.2.1939;0;1
MUHBURE;1;3.3.1951;0;1
MIKTALIP;1;12.5.1983;1;0
ZAHIGUL;1;3.4.1982;0;1
PENAYIR;2;6.8.1964;0;2
GOKBOGRU;1;12.2.1977;1;0
ZILEYDE;2;3.8.1958;0;2
ASILIYE;1;2.2.1957;0;1
ALASAHA;1;11.11.1937;0;1
DURANKIZ;2;5.6.1958;0;2
TENZILIYE;1;17.2.1960;0;1
ISMARE;1;14.3.1971;1;0
NURGULSAH;1;27.2.1992;0;1
NULLENT;1;12.10.1977;0;1
ERFASIM;1;23.2.1981;1;0
SAHBIA;1;2.1.1951;0;1
BORAZAN;1;30.6.1972;1;0
CEYHANGIR;1;1.3.1968;1;0
MIRYESE;1;12.12.1941;0;1
MEMIT;1;18.5.1960;1;0
TUCCANA;1;11.11.1967;1;0
ZAYGUL;1;22.2.1967;0;1
HAMMALI;4;13.9.1948;0;4
HADIGUL;1;22.2.1955;0;1
PELVA;2;24.3.1971;0;2
KARABE;1;1.1.1971;1;0
IMADET;3;1.5.1963;3;0
ABDULRASIM;1;12.2.1989;1;0
NERVES;3;26.12.1960;1;2
NAKSIDIN;1;2.3.1963;0;1
SIRAFIR;1;5.3.1984;1;0
ATAMET;1;3.7.1981;1;0
KIFEYYAT;1;16.6.1928;0;1
MIHSAN;2;3.2.1968;1;1
MASUKAL;1;16.10.1951;0;1
FAFURE;1;6.10.1991;0;1
BUCRA;2;3.1.1985;0;2
TACIK;1;12.8.1967;1;0
SAGNEBAT;3;28.10.1977;0;3
SEHRIMA;1;9.7.1990;0;1
MEDINSAH;1;6.5.1962;1;0
ZERHALEM;1;2.2.1963;0;1
MUCAHIDETUZ;1;27.5.1981;0;1
AYDIREK;1;11.1.1967;0;1
MUCDEHET;1;12.2.1977;1;0
DURREL;1;7.4.1958;0;1
BADDALGAZI;1;18.3.1984;1;0
VARLAS;1;12.2.1971;1;0
PEMILI;1;6.6.1943;1;0
TUMEROZ;1;11.12.1975;1;0
NUHUYA;2;16.11.1960;0;2
EMRIMIYEN;1;12.2.1965;1;0
IZARHAN;1;17.2.1966;0;1
SUHLESAH;1;16.7.1981;0;1
EFENDINAR;1;13.8.1961;1;0
SUFRE;1;12.2.1947;0;1
MUKTEFIN;2;10.9.1973;2;0
ABDINE;1;7.11.1964;1;0
NEVRUZAT;1;2.7.1936;0;1
GULHARDAN;1;30.4.1938;0;1
MUBERCE;1;12.2.1947;0;1
KOKSELAHATTIN;1;4.4.1963;1;0
EFELI;1;12.2.1965;1;0
SIHSAMIL;1;7.5.1983;1;0
MESFURIYE;1;2.5.1957;0;1
MULYAMIN;2;12.9.1952;2;0
BEDIFA;1;2.2.1951;0;1
ABDULVALIZ;1;17.2.1972;1;0
PERICE;2;17.1.1929;0;2
AYSESIBEL;1;26.4.1971;0;1
MASIVA;1;2.12.1967;0;1
CIRAAN;1;1.11.1979;1;0
MEZMAHATTIN;1;13.3.1953;1;0
MARGUBE;2;6.5.1974;0;2
MIKNIYAR;1;26.2.1960;0;1
ENDAHAN;1;3.5.1983;1;0
ULKUHANIM;1;25.12.1976;0;1
BELVER;2;4.8.1974;0;2
ABDULSELLAMI;1;15.2.1971;1;0
FESAN;2;11.12.1988;0;2
MUBERLA;1;19.3.1945;0;1
KUKEZ;1;7.1.1957;0;1
AFFAR;1;26.11.1975;1;0
HOSAMETTIN;1;27.2.1956;1;0
MUSINET;1;8.7.1976;0;1
GOLPERIYE;1;13.6.1981;0;1
KARAYIGIT;2;27.4.1965;2;0
CAMISEP;1;19.3.1954;1;0
MURHUDE;1;17.6.1978;0;1
ERDAMI;2;25.3.1971;2;0
NAGMUK;1;25.5.1985;1;0
BELLURIYE;1;18.9.1945;0;1
MEHLIGA;1;10.9.1961;0;1
FULUMTEN;1;21.7.1987;0;1
ALIC;1;22.2.1961;1;0
GULSERENJ;1;4.8.1986;0;1
ISAINUR;1;21.11.1970;0;1
GENCOALI;1;17.8.1924;1;0
GOKBURU;1;8.4.1988;1;0
MINRUMAH;1;24.4.1981;0;1
EBEAYSE;1;17.3.1972;0;1
ZOVEDE;1;17.2.1966;0;1
HICIP;3;12.4.1966;3;0
YEMIL;1;16.2.1963;0;1
ZURAF;2;11.7.1955;2;0
MEDIBA;1;16.7.1979;0;1
FERYEZ;1;2.2.1975;0;1
MINVEL;1;17.1.1966;0;1
EMAMETTIN;1;7.3.1964;1;0
BERZAMIN;1;27.10.1986;1;0
RAHFIYE;2;27.2.1980;0;2
MEMETCIK;1;3.4.1957;1;0
HANM;1;7.11.1988;0;1
ASALAT;1;6.2.1974;0;1
FELAMUR;1;22.2.1973;1;0
GULURUBA;1;16.5.1958;0;1
DILAHATUN;1;18.2.1983;0;1
GUMUSNUR;1;6.6.1991;0;1
TICEM;3;11.2.1983;1;2
MILHAS;1;1.3.1950;0;1
SERAYER;2;10.8.1964;0;2
GURATES;1;9.11.1981;0;1
HUREDA;1;22.3.1991;0;1
NEZENBEY;1;2.2.1957;1;0
SELIMYURUK;1;7.6.1950;1;0
HILMIBEG;1;2.2.1963;1;0
PEHREN;1;30.12.1954;0;1
AYDOLUHAN;1;15.4.1984;0;1
INCEARAP;1;1.3.1961;1;0
KETAHIN;1;24.3.1937;0;1
MUTASEM;2;3.7.1978;2;0
IRESIT;1;17.10.1948;1;0
SEBILCAN;1;7.10.1945;0;1
IRFAL;2;8.3.1964;1;1
FEZZA;1;10.9.1972;0;1
ERPE;1;27.4.1944;0;1
SEPLA;2;29.6.1981;0;2
MEHPURE;1;12.4.1988;0;1
VELASIRIN;1;6.2.1980;1;0
RAHIYIME;1;2.3.1957;0;1
MANISAR;1;2.2.1975;0;1
DURAYIF;1;12.3.1977;1;0
ENDES;1;17.5.1972;0;1
NAMDARGUL;1;16.4.1940;1;0
AYSURMEN;1;29.5.1962;0;1
GULYAHYA;1;4.10.1968;1;0
CEIMILE;1;22.2.1967;0;1
IZEBER;1;21.2.1978;0;1
DIHARAN;1;2.1.1990;0;1
ZEGVA;1;7.2.1976;0;1
ESMEAY;1;7.6.1982;0;1
ABDILSEMET;1;29.1.1983;1;0
KOCARU;1;26.10.1985;1;0
RUYADA;1;22.2.1973;0;1
ARBA;1;27.8.1932;0;1
FIKRETGUL;1;5.8.1972;0;1
AYNELFIRDEVS;1;21.11.1953;0;1
RUKES;1;2.2.1951;0;1
UKAYL;1;3.2.1979;1;0
CUFEYLA;1;22.6.1979;0;1
GOKCAGRI;1;14.6.1977;1;0
KUTLAMIS;1;2.1.1981;1;0
SELVANUR;2;6.1.1988;0;2
HIJAN;1;23.2.1977;0;1
ALMOLA;1;5.12.1991;0;1
MILCANGUL;1;17.8.1973;0;1
IZERHAN;1;1.6.1948;0;1
DUDUDUYGU;1;17.2.1984;0;1
NUVRET;2;18.8.1961;0;2
SUNIDE;1;25.10.1973;0;1
MUGAFFERE;1;22.3.1954;0;1
BILDIRCIN;2;8.4.1946;0;2
HAYRUNIYE;1;15.4.1971;0;1
ZAHARE;2;20.8.1963;0;2
KARJIEH;1;7.8.1952;0;1
ABDUNA;1;8.4.1964;0;1
LUGAY;1;26.1.1973;0;1
ATEL;2;26.11.1951;1;1
HABPALI;1;19.7.1948;0;1
GULLUSEV;1;30.2.1982;0;1
EBUGUNES;2;19.11.1950;0;2
NEMIME;1;22.7.1967;0;1
ABDII;1;11.3.1980;1;0
CAHIDEN;1;22.2.1961;0;1
FEVRISE;1;7.11.1991;0;1
MIFTAH;5;19.2.1969;4;1
MUHFUZ;1;14.2.1981;1;0
LUFTFI;1;17.1.1988;1;0
SEYIDOS;1;17.10.1990;1;0
DUCCANE;2;6.10.1976;2;0
SULIZAN;1;30.3.1950;0;1
ABDULMUNI;1;8.2.1942;1;0
MAHAMIRI;1;27.2.1950;0;1
ILVAD;1;17.2.1990;0;1
KABIYEN;1;22.3.1961;0;1
VELHAR;1;5.4.1975;0;1
FURGEN;1;4.12.1958;0;1
ZILFURUZ;2;12.8.1941;0;2
TAYYIRI;1;22.5.1967;1;0
ZADI;3;7.4.1968;2;1
BASGUN;1;7.2.1970;1;0
SULNAZ;1;2.2.1957;0;1
HOSAMITTIN;1;26.4.1970;1;0
TASFIRIYA;1;24.4.1961;0;1
RASME;1;6.9.1939;0;1
NEKIHAN;2;2.12.1970;0;2
TEZRIN;1;7.2.1975;0;1
SORELLA;1;5.6.1975;0;1
GIYAZ;3;2.11.1977;3;0
MENIVER;1;2.8.1933;0;1
TUTUK;1;26.9.1935;0;1
ZUMKUF;1;26.4.1971;1;0
ELIBAL;1;8.2.1938;1;0
NURSAHI;2;15.6.1962;1;1
NEHBUBE;1;5.9.1990;0;1
TEFUDE;2;7.4.1959;0;2
BELLURE;3;19.11.1959;0;3
EJDANE;3;14.2.1968;0;3
MIRESE;2;2.10.1960;0;2
ZERNIYE;1;2.2.1957;0;1
ERKINAS;1;12.2.1941;0;1
IREMLE;1;7.4.1970;0;1
GUVHERI;1;27.2.1968;0;1
HUBEYIR;1;22.9.1990;1;0
MEHIRBAN;1;11.7.1937;0;1
ZILEL;2;18.10.1975;2;0
VECEHIL;1;17.2.1960;1;0
BEHIRCAN;1;26.11.1959;1;0
KARABAS;1;24.6.1955;1;0
AYNULZELIHA;1;20.4.1945;0;1
ESDEGUL;1;12.2.1989;0;1
SAHNEZIR;1;2.8.1957;1;0
MERDIVA;1;26.5.1954;0;1
FARULLAH;1;21.2.1948;1;0
FEZALE;1;12.8.1970;0;1
FISOL;1;18.4.1972;0;1
NIKYA;1;22.2.1961;0;1
DEYERHAN;1;1.7.1977;0;1
ALPAUT;1;4.11.1986;1;0
SEMINAT;1;15.2.1965;0;1
TEMEM;10;4.4.1961;0;10
YURUDUSEV;1;21.1.1940;0;1
MUEHHIR;1;20.8.1978;0;1
BESIL;2;6.3.1975;0;2
TUULHAN;1;25.5.1977;0;1
HATICENAZLI;1;23.8.1986;0;1
DEYLIFER;1;19.11.1951;0;1
MEDIHANUR;1;23.11.1991;0;1
CILASUN;2;24.3.1962;2;0
ABDURUHMAN;1;22.2.1967;1;0
FERAMUDIYE;1;9.7.1957;0;1
YENMEZ;2;24.7.1960;2;0
NEFIDIYE;1;21.9.1963;0;1
IMERYE;1;11.3.1963;0;1
CUMAZA;1;16.6.1961;0;1
TALABAK;1;7.2.1970;0;1
RAYGUN;1;28.2.1974;0;1
BISEHLE;1;20.5.1953;0;1
MESLIME;1;7.8.1969;0;1
SEMSILE;1;12.2.1971;0;1
FAHAD;1;14.4.1988;1;0
SADAR;1;22.2.1973;1;0
GULAZA;1;27.2.1975;0;1
ABDULILHAM;1;26.10.1965;1;0
ZUBEYKE;1;23.12.1964;0;1
CABBARI;1;27.2.1968;1;0
SIREYYE;1;2.12.1978;0;1
KATSE;1;27.8.1968;0;1
MAILIYE;1;2.2.1975;0;1
HODUR;1;27.5.1972;0;1
ZEYBUK;1;11.2.1946;0;1
NURDULLE;1;6.6.1974;0;1
RICUZ;1;14.9.1965;0;1
BEHIRCE;1;30.2.1977;0;1
RIHAYNI;1;2.2.1969;0;1
SEYMENUR;1;27.1.1992;0;1
HAVVADI;1;12.2.1953;0;1
KORCE;1;7.8.1976;1;0
KARACAOGLAN;2;13.9.1959;2;0
GULSONAY;1;14.7.1974;0;1
GAYSI;1;13.7.1947;0;1
YIKAR;3;26.5.1956;3;0
ESMABIL;1;27.2.1962;0;1
PUSEYRE;1;17.2.1966;0;1
KAG;1;27.10.1970;1;0
SUNANUR;1;1.2.1990;0;1
GULDERAN;2;4.2.1958;0;2
UMRUMEYYA;1;6.2.1938;1;0
FIKVET;1;27.2.1956;1;0
FETTALI;1;17.4.1978;1;0
KAYIMI;1;20.1.1966;1;0
PERGUZER;1;6.8.1966;0;1
VERMAN;1;16.10.1980;0;1
FETUNE;1;7.7.1981;0;1
UMMUGURSUM;1;27.8.1920;0;1
BIHAMIL;1;2.6.1975;1;0
KUTLUAYDA;1;6.10.1979;0;1
TUTSOY;1;1.10.1991;1;0
SEFRANE;2;14.12.1960;0;2
ELNAFIZ;1;6.4.1971;1;0
MUSU;2;24.5.1965;0;2
ULGET;1;11.2.1962;0;1
ERFAIL;2;27.10.1960;2;0
CAFERE;4;5.5.1948;0;4
VEHAR;1;11.7.1980;0;1
KUSCU;3;26.4.1949;3;0
SINDIZ;3;2.9.1978;0;3
UYDURAN;1;17.5.1978;1;0
GULZENIN;1;7.10.1980;0;1
ANKIZ;1;4.2.1951;0;1
MUZEYGE;1;27.1.1956;0;1
ERICEK;1;27.7.1938;1;0
SULEYFA;1;6.3.1949;0;1
SEFENUR;4;10.1.1971;0;4
ABUSEYT;1;2.6.1975;1;0
OZFILIZ;1;25.8.1961;0;1
HURKUYE;2;11.9.1956;0;2
ELCUZU;1;26.5.1972;0;1
ZUBUL;4;18.10.1976;0;4
FETALET;2;20.12.1971;0;2
TURKKAGAN;1;27.4.1986;1;0
BIHAK;1;2.5.1983;1;0
KAYSEL;1;22.2.1985;1;0
IMBAL;1;30.8.1987;0;1
NEJIDE;2;20.5.1958;0;2
MAYIK;2;9.10.1966;0;2
NERCEHAN;1;9.3.1974;0;1
SOYUHAN;1;18.8.1985;1;0
SAHARJUL;1;29.3.1978;0;1
ABDILGAFUR;1;12.2.1941;1;0
YUSSURA;1;12.8.1983;0;1
ZUAHIR;1;2.8.1954;1;0
TSITSILIA;1;5.2.1963;0;1
DUSKER;1;14.7.1972;0;1
SONUGUL;2;5.9.1966;0;2
EMRAHIM;1;21.5.1970;1;0
TOBE;21;8.11.1960;0;21
ABDULSABIT;1;11.9.1980;1;0
BUGSEL;1;27.5.1990;0;1
FERDIZ;1;27.3.1968;0;1
ZEMMURE;1;27.7.1968;0;1
KERMAHAN;7;20.10.1962;0;7
TALAH;1;8.12.1944;0;1
REYMANE;1;4.3.1975;0;1
ZAHIKE;1;13.4.1953;0;1
KHEYIRNISA;1;1.2.1953;0;1
GULKUS;2;11.3.1968;0;2
YUSUFTAN;1;27.2.1957;1;0
HUSEYNA;1;15.5.1945;0;1
SUKORE;1;15.1.1959;0;1
AZNAVUR;1;7.2.1968;1;0
MUCAVIDE;1;7.8.1934;0;1
GUNIC;1;24.5.1937;1;0
GULNAHAL;2;25.1.1963;0;2
MUTEHHERE;1;21.4.1930;0;1
RUHHIYE;1;7.8.1964;0;1
ISTENIS;1;25.8.1970;1;0
HUSNIAL;1;6.3.1973;0;1
OZKADIN;1;21.3.1958;0;1
YASART;1;6.4.1967;1;0
EDELYA;1;2.8.1939;0;1
NEBAYIT;1;16.1.1958;0;1
IRABIA;1;8.2.1960;0;1
UFUKLAR;2;2.7.1985;2;0
NELBIKE;1;17.10.1936;0;1
BINLIKAR;1;1.5.1966;0;1
MUTEYYER;1;11.10.1944;0;1
GEMLIHA;1;22.10.1961;0;1
NEACSA;1;13.8.1961;0;1
H.DUDU;1;21.6.1933;0;1
PELNUR;1;22.7.1979;0;1
MUNEZZET;2;30.1.1982;0;2
HORUDUDU;19;29.4.1963;0;19
MUCEVVIDE;1;26.3.1985;0;1
EBEZER;1;26.8.1958;1;0
KARIDE;1;1.2.1972;0;1
AZIZAHMET;1;10.5.1990;1;0
OZLENAY;1;4.6.1982;1;0
AYSERAHIME;1;29.1.1976;0;1
MUBESSERE;1;26.10.1930;0;1
HUZA;1;7.2.1964;0;1
FASIAT;1;3.3.1981;0;1
BULVIM;1;9.4.1950;0;1
SAKAVET;6;26.4.1969;0;6
MAVILEN;1;12.5.1935;0;1
ZEVARE;1;27.11.1959;0;1
FADIMKADIN;1;6.2.1973;0;1
SUNNAY;1;7.5.1982;0;1
NEDIYYE;2;22.1.1966;0;2
SAHMAT;3;1.6.1963;1;2
MUSBIAT;1;28.4.1942;0;1
KORUNAY;1;27.4.1992;1;0
VEVIK;1;26.12.1942;0;1
SARIFA;1;10.8.1972;0;1
LACINE;1;2.10.1978;0;1
YILDIRAR;1;7.2.1970;1;0
MEHRUNUR;1;1.8.1988;0;1
CANKIR;4;30.10.1961;4;0
D.RABIA;1;22.8.1973;0;1
PEGGY;1;10.1.1970;0;1
SELIHADDIN;1;7.3.1965;1;0
SAZIKE;1;7.2.1946;0;1
DUDUKIZ;1;17.2.1966;0;1
CEYNUL;1;6.6.1965;0;1
GULCUNE;1;17.4.1950;0;1
ECIRAY;1;29.12.1970;0;1
BIKA;2;21.12.1960;0;2
FEZZAT;1;12.6.1976;0;1
NIYAZGUL;1;22.2.1991;0;1
STEPANIDA;2;13.11.1974;0;2
MEHLUGE;2;17.9.1964;0;2
DECANI;1;26.5.1948;1;0
GoNUL;1;17.11.1972;0;1
LIUDMILAA;1;23.8.1984;0;1
MAVITEN;2;10.7.1966;0;2
ABIDAK;1;21.6.1939;0;1
AHMETTARIK;1;10.7.1976;1;0
HAYRANVELI;1;23.10.1985;1;0
M.RAHMI;1;7.2.1934;1;0
ELIFGIZEM;1;23.3.1986;0;1
FUSAN;1;16.3.1963;0;1
APZER;1;21.11.1969;1;0
CUMHURI;1;11.10.1950;0;1
OZGENIL;1;20.7.1988;0;1
NADIREYI;1;9.5.1959;0;1
GULUMMAHAN;1;6.2.1963;0;1
MUNEZZEF;1;27.4.1962;0;1
NIGAYI;2;16.11.1975;2;0
HUCCETTIN;1;12.12.1962;1;0
BAYMIRZA;1;24.12.1931;1;0
GUBRUZ;3;16.1.1971;3;0
MUHMUNAT;1;4.8.1986;0;1
SUKAR;2;4.8.1941;0;2
SAHANDEL;1;7.2.1970;0;1
RILASE;1;2.5.1967;0;1
HACAYET;1;7.2.1964;1;0
MAVERE;1;6.10.1962;0;1
JUSUNA;1;2.7.1955;0;1
DALKIN;1;20.5.1974;1;0
MUHAMMETMEHDI;1;1.7.1988;1;0
NAYZA;1;17.3.1948;0;1
FIDEI;1;11.11.1939;1;0
HALIMEYI;1;28.10.1942;0;1
ZEHULA;1;26.9.1942;0;1
SEYHANNUR;1;22.1.1985;0;1
GULFERDIK;1;16.11.1944;0;1
HAMISAT;1;11.6.1968;0;1
UREYIL;2;21.2.1960;2;0
GULERIM;1;1.8.1969;0;1
BAYDAMAT;1;3.4.1968;0;1
EBRUKAR;4;12.7.1968;0;4
NORNISA;2;22.11.1946;0;2
MEFRAIL;1;11.10.1972;0;1
USADE;3;24.3.1971;0;3
PUNHANE;1;4.2.1972;0;1
EFRATTIN;3;7.5.1956;3;0
KULNAZ;2;14.4.1935;0;2
ABUZEL;3;7.6.1972;3;0
SAHACI;1;7.10.1967;1;0
YABILLI;1;9.9.1971;1;0
DILFILAS;1;2.8.1972;0;1
IKRABEYE;2;13.1.1962;0;2
KAMARYE;1;21.4.1980;0;1
BEKRIZAR;1;11.3.1937;0;1
MULASADI;1;22.6.1963;1;0
NOREDDIN;3;30.1.1952;3;0
TAZENUR;1;3.2.1969;0;1
LEYLAH;4;15.5.1967;0;4
ARTAY;1;19.12.1975;1;0
SEFARA;1;7.2.1952;0;1
MINHACEDDIN;1;9.1.1984;1;0
MUGATDERE;1;9.8.1968;0;1
YUCELIR;2;24.5.1958;2;0
ZURKARNI;2;26.12.1961;2;0
HARAT;1;15.10.1976;0;1
MEYIP;1;27.2.1950;0;1
TAKDIME;1;26.1.1958;0;1
GULMAHIDE;1;2.9.1964;0;1
MUSEF;3;4.9.1944;0;3
ODEVIYE;2;15.6.1963;0;2
SELAETDIN;3;16.2.1948;3;0
BEGDAI;1;12.4.1983;0;1
SEDEVIYE;1;21.9.1946;0;1
ZUTU;1;1.5.1950;1;0
GULPIR;1;13.2.1945;0;1
NURTEFIDE;1;28.9.1958;0;1
HINET;1;15.12.1968;0;1
KEMIRHAN;1;4.8.1976;1;0
BESKINUR;1;21.4.1972;0;1
HAFITE;1;11.3.1942;0;1
MEDIRET;1;12.11.1971;1;0
KIMYAKER;2;23.4.1948;1;1
ZULFERI;2;2.11.1965;1;1
NELCUZ;2;14.10.1970;0;2
SECKINHAN;1;23.12.1986;1;0
YAKUBU;1;17.2.1978;1;0
NAZIMAHMET;1;29.10.1982;1;0
ECINEL;1;12.11.1965;1;0
TENTIK;1;9.3.1946;0;1
ARIFEDUDU;2;14.10.1963;0;2
ADILEDUDU;1;28.3.1962;0;1
HURIDUDU;1;7.4.1940;0;1
USTACAN;1;16.12.1937;0;1
KISDAN;1;18.11.1941;0;1
ZEHIYDE;1;21.6.1956;0;1
HURUSES;1;19.7.1942;0;1
ZUMREAY;1;27.9.1990;0;1
ABDULMUAZZAM;2;2.10.1942;2;0
HALIMEIDUDU;1;12.5.1951;0;1
ZABEHA;1;7.7.1939;0;1
FATIHMA;1;24.2.1955;0;1
MUHTARIYE;5;25.7.1963;0;5
ANGER;1;11.10.1962;0;1
RUHNUR;2;10.11.1971;0;2
MERMIL;2;27.7.1972;0;2
KURS;1;2.5.1988;1;0
GEVVER;1;11.3.1961;0;1
SERBIC;1;25.4.1967;0;1
NASVEDTIN;1;11.11.1971;1;0
SIVAR;1;12.10.1971;1;0
SERMEDSAMIM;1;26.3.1960;1;0
ZEHRAI;2;5.3.1974;0;2
PURZAN;3;6.8.1979;3;0
ULFIGEN;1;11.12.1974;0;1
FILMI;1;17.7.1972;1;0
HAPBEDUDU;1;13.9.1955;0;1
GUFERGUL;1;17.11.1990;0;1
HATICEIULVIYE;1;23.7.1949;0;1
FATIMAIZEHRA;1;3.8.1955;0;1
BANIZE;1;7.8.1928;0;1
GULSEVCAN;1;25.8.1984;0;1
FILIFER;2;26.7.1971;0;2
SEMIRTAN;1;4.4.1954;1;0
SAHBICE;1;13.4.1941;0;1
TASMETIN;1;21.9.1988;1;0
EVLEDA;1;28.11.1941;0;1
GULMIYASE;1;6.3.1955;0;1
OGUNAYTEKIN;1;1.9.1971;1;0
BEYUL;1;3.12.1974;0;1
TANZILA;1;25.7.1953;0;1
NURILLAH;1;12.8.1961;1;0
ABDULKAAN;1;25.12.1985;1;0
AGHBANIZ;1;22.7.1955;0;1
ZABE;2;22.12.1961;0;2
YAZGULDU;1;1.2.1948;0;1
MUSDILIN;1;7.1.1970;1;0
FADIMEBIRNUR;1;3.2.1957;0;1
YEZDAG;1;16.7.1973;0;1
AFIFENUR;1;19.4.1985;0;1
SONMEN;1;28.5.1976;0;1
TUNYAMIN;1;1.9.1967;1;0
OZGURALP;1;19.9.1984;1;0
MINEVVERIYE;1;25.10.1948;0;1
MEHIZAR;1;7.7.1982;0;1
NUZYET;1;3.3.1987;0;1
NURSEFER;1;16.2.1991;0;1
ZEMZI;1;22.3.1942;1;0
GUZUYEN;1;30.8.1974;0;1
GELINANA;1;21.2.1952;0;1
AYKADIR;1;26.4.1975;1;0
YASARDUDU;1;27.2.1944;0;1
HEMERI;1;30.1.1949;1;0
GOKDUDU;1;3.5.1977;0;1
ABEYT;1;29.8.1990;1;0
EBREKAR;1;7.5.1984;0;1
PINAZ;1;29.2.1944;0;1
EMEKDAR;1;7.2.1976;0;1
MEYVAS;1;24.4.1991;0;1
MUKTELIP;1;26.5.1965;1;0
GUGEM;1;26.6.1966;0;1
NORFIZA;1;1.7.1938;0;1
NATIH;1;28.7.1967;1;0
USNURIYE;1;28.6.1934;0;1
ZALIA;1;22.2.1961;0;1
YAYKA;1;25.4.1952;1;0
CIHANDEL;2;8.6.1951;0;2
HAYRULMISA;1;21.9.1948;0;1
RADIFYE;1;8.2.1944;0;1
ILYAZIYE;3;25.12.1957;0;3
KEREPGAZI;1;6.10.1968;1;0
MUTANE;1;26.3.1981;0;1
MUKKEREME;1;22.2.1943;0;1
MEKIDE;2;9.4.1964;0;2
GULSINAZ;5;11.3.1962;0;5
FEYZEN;3;19.6.1969;0;3
MULSAH;1;6.5.1948;1;0
SUNRAN;2;5.4.1960;0;2
HURSITDIYE;1;22.4.1966;0;1
ZEINAP;1;7.6.1950;0;1
NURAAYET;1;21.11.1952;0;1
VELIYYULLAH;2;2.12.1953;2;0
HUSFU;1;16.1.1940;1;0
MEVRULE;1;12.5.1965;0;1
ALTINOR;1;29.11.1984;1;0
LECIYLA;1;2.9.1945;0;1
MERZIBAN;1;1.4.1968;0;1
MUHETDET;2;23.3.1963;0;2
BERZIKA;3;20.12.1971;0;3
MUNIRENIHAL;1;13.7.1954;0;1
ALPAZ;1;21.6.1975;1;0
NURAYSIN;1;13.3.1961;0;1
ZEKIYEGUL;1;3.10.1990;0;1
ATAUN;1;1.9.1969;1;0
ECEVITSERVET;1;21.1.1973;1;0
RUBBER;1;29.4.1938;0;1
NERIC;1;28.2.1992;0;1
AHMETYASAR;3;11.2.1957;3;0
ABDIRRAHMAN;1;12.1.1959;1;0
NURFADE;1;3.5.1974;0;1
AHMETCENGIZ;2;17.4.1965;2;0
VUKSAN;1;10.2.1972;0;1
SETENA;1;11.8.1989;0;1
MADGULE;1;7.4.1953;0;1
NEFELIN;1;2.2.1975;1;0
DILFIZE;2;26.10.1965;0;2
TERFINDE;1;26.7.1971;0;1
ERCILE;1;6.3.1968;1;0
ILIVAR;1;22.3.1961;0;1
MORFIL;1;11.2.1956;0;1
KEZZIYE;1;17.7.1968;0;1
NALEZAR;1;12.6.1959;0;1
CHRISTIN;1;28.4.1992;0;1
TIMINALI;1;23.12.1946;1;0
SUZIYNE;1;10.2.1992;0;1
SUZIME;1;27.5.1941;0;1
GADEMLI;1;13.3.1971;0;1
FARITDIN;2;12.12.1961;2;0
FETTEN;3;25.7.1948;0;3
GUFIDAN;2;14.9.1976;0;2
GANIRA;4;29.12.1962;0;4
NOBETCEL;3;27.4.1958;0;3
EFEHATTIN;1;19.3.1954;1;0
BADISEVI;1;27.3.1956;0;1
DAKITDIN;1;3.3.1945;1;0
ZELEYLA;1;22.8.1931;0;1
SABAADIN;1;12.2.1953;1;0
NANNIFER;1;21.5.1941;0;1
IMIZ;1;20.1.1971;1;0
BAYAZZIT;1;27.4.1956;1;0
SEVRIM;2;2.4.1982;0;2
BERZIHA;1;27.11.1932;0;1
ZAYINER;1;19.2.1977;0;1
NECIMITDIN;1;22.12.1961;1;0
MUREFFER;2;10.6.1970;1;1
SERHIYE;2;8.2.1964;0;2
SAVRAZ;1;15.3.1973;1;0
AHMETSIMAL;1;7.2.1940;1;0
MELAHADDIN;1;27.7.1929;0;1
TAKSIYE;1;26.6.1960;0;1
KULSAT;1;2.2.1951;0;1
SACAYITTIN;1;6.11.1967;1;0
LILIFAR;3;4.11.1961;0;3
EVILE;1;29.12.1980;0;1
MAHZUMIYE;1;7.4.1965;0;1
YOGSUN;1;6.6.1987;0;1
BUHARALI;1;11.11.1975;1;0
KOLLUZAR;1;27.7.1950;0;1
DURANSELI;1;7.3.1972;0;1
TOPBEY;3;20.11.1961;0;3
MENMUN;2;28.4.1968;0;2
MUSTAGFIR;1;2.2.1957;0;1
OGUNBILEN;1;28.7.1980;1;0
UKAP;4;10.10.1978;4;0
CIHAMBER;1;12.2.1977;1;0
MUHUZER;1;2.6.1938;0;1
GOCU;2;22.8.1931;2;0
UBUDE;1;11.6.1970;0;1
EPIKAR;1;23.4.1938;0;1
HAMDIUGUR;1;21.8.1986;1;0
ALIADTIN;2;13.9.1968;2;0
TOYTU;1;21.8.1980;0;1
ZAVET;1;2.12.1961;0;1
TACEL;1;18.1.1980;1;0
SARBUR;1;10.10.1933;0;1
MULKEER;1;4.8.1958;1;0
YURDAMERT;1;19.8.1955;1;0
ANCI;3;1.2.1955;0;3
CORENTIN;1;6.12.1991;1;0
ABLAK;3;24.9.1950;1;2
SELBISE;1;16.4.1964;0;1
GUHKAN;1;30.8.1986;1;0
SAAB;1;22.2.1967;1;0
CAFEYIR;1;29.3.1956;0;1
BAGATAY;1;22.10.1982;1;0
EPLIKEN;1;6.5.1945;0;1
MUZAS;1;8.11.1970;1;0
KUZIDIYE;2;21.4.1960;0;2
MENDER;1;6.3.1966;1;0
HAMZAFAKI;1;16.2.1958;1;0
IBIDIYE;1;7.9.1938;0;1
GAVSA;2;12.1.1987;0;2
CELIBI;2;2.10.1981;2;0
AMMERBIN;1;18.10.1978;1;0
GULTEVIR;1;17.2.1948;0;1
SAHNIYER;1;4.3.1984;0;1
SELFINAR;1;27.2.1966;0;1
MOZEY;1;2.5.1933;0;1
BUHUDE;1;2.5.1951;0;1
FADEME;2;14.8.1951;0;2
AYTUNAN;1;15.10.1965;1;0
BERTUS;1;17.6.1981;1;0
KURDALE;2;14.9.1968;0;2
RUZAYIM;1;24.4.1940;1;0
HARITTIN;2;5.11.1959;2;0
URFIYA;5;29.7.1953;0;5
FATHIN;1;9.12.1969;1;0
GUVRIYE;1;16.5.1942;0;1
SURUYAN;1;6.10.1972;0;1
SEKVIYE;1;5.12.1961;0;1
VERICO;1;18.7.1950;0;1
CALIT;1;22.6.1943;1;0
REFTI;2;16.3.1943;0;2
GUBRUYE;1;25.6.1941;0;1
SEZAP;1;26.11.1972;1;0
HURUYA;2;27.8.1956;0;2
TAIFUN;1;7.2.1990;1;0
IKAFAT;2;23.6.1974;0;2
HOCEKEN;1;20.7.1944;0;1
REFEYE;1;22.7.1938;0;1
KERZAN;8;8.12.1973;0;8
MEZLIM;2;1.9.1962;0;2
SULEHIYE;5;7.10.1946;0;5
HUDAKE;1;16.7.1985;0;1
HUZEMI;1;14.10.1988;0;1
NUHTUYE;1;27.12.1974;0;1
RUZUKE;1;6.1.1952;0;1
AZIZYE;1;14.8.1948;0;1
NEZIYYA;1;1.5.1973;0;1
SERMINAL;2;16.2.1980;0;2
FETMAT;1;22.3.1965;0;1
GULBUYAN;1;5.6.1962;0;1
MUTAYIRE;1;6.5.1977;0;1
AKSENE;1;23.1.1989;0;1
CAYSEN;1;17.2.1978;0;1
HAKKIMAN;2;20.5.1967;2;0
BINNIDA;1;21.9.1966;0;1
NARCIYE;1;2.2.1961;0;1
KANIBE;2;16.10.1966;0;2
TOVBE;1;22.2.1988;0;1
ENZELIYE;1;12.2.1959;0;1
MUKERIYA;1;4.9.1976;0;1
NERIYAN;4;16.8.1973;0;4
KAYYURE;1;21.7.1948;0;1
PENTUZE;1;7.2.1982;0;1
SEYYURE;1;17.8.1930;0;1
NORETDIN;3;22.9.1958;3;0
TASITTIN;1;16.4.1981;1;0
GULFAIDE;1;18.7.1958;0;1
BITKEN;1;11.1.1970;0;1
VASUF;4;9.11.1973;4;0
BAHANNUR;1;27.6.1980;0;1
ILENNUR;1;17.2.1984;0;1
YURDUNUZ;1;26.12.1970;1;0
SERMIK;1;21.7.1982;0;1
CANBANIYE;2;7.2.1974;0;2
AGREN;1;25.7.1973;1;0
ERDALIYE;2;28.9.1974;0;2
MAPURUZ;2;4.2.1977;0;2
MINIKER;1;2.4.1963;0;1
BASIHA;1;2.8.1921;0;1
MURAHATTIN;2;5.1.1941;2;0
ZERIYAT;1;28.5.1935;0;1
MUSALITTIN;1;21.5.1975;1;0
ZERNIYER;1;18.12.1959;0;1
GULENDAZ;1;9.12.1975;0;1
EMINEM;1;15.11.1969;0;1
VECCEL;1;14.4.1972;0;1
IREHMIL;1;26.11.1979;0;1
GULFIGER;2;3.7.1981;0;2
ADIRYA;1;24.3.1976;0;1
BUGSEM;1;5.10.1989;0;1
DIMITRICKA;1;8.10.1974;0;1
MAVICE;2;6.5.1975;0;2
HUMERANUR;1;27.8.1985;0;1
MULYAMIL;1;26.6.1964;1;0
SEMREM;1;12.8.1959;0;1
MUTAHKARE;1;10.5.1959;0;1
BAHADETTIN;1;5.3.1933;1;0
MIGASE;1;9.4.1973;0;1
MUHUNE;2;11.9.1973;0;2
LUCA;2;28.5.1981;2;0
FIROOZEH;1;17.8.1966;0;1
NIMETNUR;1;22.2.1988;0;1
ASSIYYA;1;15.11.1955;0;1
SAFHURE;1;3.3.1967;0;1
JANESSA;1;19.12.1985;0;1
HUZAYI;2;26.7.1942;0;2
MEFASET;1;24.9.1972;0;1
BIGIHAN;2;11.11.1987;2;0
UZAIR;1;19.7.1955;1;0
OUBAHANIM;1;6.9.1960;0;1
SUULEN;1;2.3.1957;0;1
IGLIMA;1;9.9.1942;0;1
LEMSER;5;8.1.1961;0;5
HUZAIME;1;8.6.1963;0;1
IBLAN;1;11.2.1958;1;0
SEHRAYA;1;17.8.1960;0;1
DERJA;1;9.3.1992;0;1
NAMIKAN;4;13.5.1963;0;4
ABTILBAKI;1;4.12.1955;1;0
CAFIRAN;1;16.1.1966;0;1
OZLAG;1;16.5.1971;0;1
HUSREM;1;11.7.1989;1;0
ABDILMUDDALIP;1;2.2.1963;1;0
RAHANA;1;11.6.1963;0;1
LEMSE;3;8.11.1964;0;3
VESAYIR;1;19.4.1972;1;0
GULEMPER;1;22.5.1987;0;1
NUREYMAN;1;21.10.1964;0;1
ZULKEFI;1;24.5.1947;1;0
EMINEGULDER;1;1.6.1954;0;1
APDILLETIF;1;11.2.1957;1;0
UNALI;2;7.3.1963;2;0
NAVITTER;1;18.6.1956;0;1
FAHRUK;1;15.1.1962;1;0
DURAYGUL;1;6.8.1974;0;1
SASVIRE;1;17.11.1954;0;1
ERBAA;2;19.2.1989;1;1
MUTEREKE;1;2.3.1941;0;1
NIGAI;1;3.9.1962;1;0
VEJIA;1;27.6.1966;0;1
SEMEYIN;1;5.10.1962;0;1
NEVCEN;2;4.1.1982;0;2
MEHMAT;2;4.9.1983;2;0
HAGIGET;1;13.1.1967;0;1
GANIRE;3;5.8.1965;0;3
IBTAR;1;22.8.1931;0;1
NIKAHI;2;11.3.1950;2;0
HUSNUHA;2;12.11.1955;0;2
ZILIGAN;1;2.3.1963;0;1
HIMAYIM;1;4.9.1950;0;1
MERZIYYE;2;19.9.1964;0;2
YALVAR;1;22.2.1967;0;1
SUGAN;3;14.5.1959;0;3
TAHNIYE;1;16.5.1946;0;1
ZENAHAT;1;20.1.1966;0;1
MUFEYZEN;1;22.5.1945;0;1
KUVU;1;6.3.1967;0;1
CILEMFADIME;1;11.5.1988;0;1
HENZIDE;1;25.7.1954;0;1
CAVFER;2;17.12.1959;2;0
SOYSI;1;7.1.1965;0;1
ULBAN;1;27.4.1976;1;0
FISU;1;22.12.1974;0;1
ZIKRINDE;1;28.9.1974;0;1
NISHAS;1;11.8.1946;1;0
ZABEHE;3;7.11.1936;0;3
HUZAYIR;1;6.2.1971;1;0
ZEKKERRIYE;1;12.12.1971;1;0
MEMNONE;1;16.12.1946;0;1
METTAHI;1;5.2.1963;1;0
RESODE;1;18.3.1964;0;1
NESVADE;1;27.11.1956;0;1
ZEPPEK;1;21.7.1938;0;1
SELIVAZ;1;9.7.1934;0;1
DILFILI;1;11.4.1940;0;1
HACERXANIM;1;13.11.1970;0;1
KARADIREK;1;1.6.1947;1;0
KARAADIL;1;15.3.1946;1;0
TURKARSLAN;4;2.2.1963;4;0
GULYIL;1;7.1.1976;0;1
TOKSER;1;1.2.1956;1;0
BAKISUHA;1;18.3.1974;1;0
HEKIMANA;1;22.5.1955;0;1
ERMIYAN;2;3.11.1974;2;0
NAZILLE;2;1.8.1948;0;2
NERMINCAN;2;12.12.1986;0;2
BINNUMEN;1;11.10.1979;1;0
NURYILDIZ;6;14.9.1973;0;6
MERYEMCAN;1;18.4.1973;0;1
ABITHAN;1;18.9.1976;1;0
MIRASLAN;3;3.10.1964;3;0
VEFZIYE;1;18.3.1960;0;1
M.SAGIT;1;3.4.1972;1;0
HAMILYE;2;14.3.1955;0;2
MEHMETFECRI;1;26.2.1964;1;0
SEGIDE;1;3.6.1978;0;1
VACRETTIN;1;16.12.1968;1;0
SEMINET;2;6.7.1981;0;2
CANMESAF;1;12.8.1981;1;0
ELICE;1;29.7.1950;0;1
KEMARCAN;1;17.8.1984;0;1
MEYURE;1;11.2.1950;0;1
MAVAL;1;24.3.1961;0;1
RIKAYET;1;12.3.1965;0;1
NARKIDE;1;26.10.1988;0;1
RUBILE;5;22.5.1968;0;5
UVIL;1;19.2.1973;1;0
FAZILSEM;1;18.2.1977;1;0
ARIYA;3;21.1.1978;0;3
NEMETULKUBRA;1;12.2.1959;0;1
ALIFADLI;1;4.11.1988;1;0
DOGACAR;1;8.3.1980;1;0
ILAYE;2;2.11.1979;0;2
ESNEGUL;2;21.4.1989;0;2
YAZGUZEL;1;22.2.1967;0;1
HARITA;2;30.12.1971;0;2
ELMASO;1;12.7.1945;0;1
SAFHI;1;1.6.1974;1;0
ZEZAT;1;26.5.1952;1;0
SAVEDDIN;1;7.2.1952;1;0
VAFIK;3;17.5.1963;3;0
NEVIHAT;1;8.10.1979;0;1
GINNE;1;3.4.1939;0;1
CEVANIR;1;27.2.1974;0;1
NURHELA;2;4.10.1975;0;2
TANZIF;1;11.3.1957;0;1
ZARENCI;1;22.8.1985;0;1
VESRIMET;1;26.9.1940;0;1
KEMAETTIN;1;3.12.1943;1;0
PASIDE;1;13.10.1978;0;1
MEHMETCAVUS;1;2.2.1969;1;0
MIJBURIYE;1;17.5.1966;0;1
GASI;1;1.3.1960;0;1
FESE;1;9.6.1973;1;0
GULEPARUZ;1;22.1.1949;0;1
BAYCEMAL;1;27.2.1986;0;1
KUTFI;1;14.12.1941;1;0
NURETSAH;1;4.7.1975;0;1
BURANDUK;1;17.8.1936;0;1
ZIBYE;1;22.8.1979;0;1
DINNET;3;26.2.1976;0;3
SELFATIH;1;7.6.1979;1;0
SEVILEY;3;23.1.1979;0;3
ZERVAP;1;7.2.1952;0;1
GIVEZ;1;20.3.1961;0;1
SUHEDAG;1;8.3.1992;0;1
MEHMETNACI;4;27.5.1971;4;0
SADIYAGUL;1;21.7.1975;0;1
SUMRAH;1;17.11.1988;0;1
BIHRIVAN;1;7.2.1976;0;1
HEKYATE;1;19.3.1973;0;1
CILDEN;2;16.1.1970;0;2
ABDULSETTER;2;11.5.1969;2;0
GOLENAY;1;6.7.1973;0;1
RAHIFA;1;2.3.1956;0;1
YALEMEZ;1;6.9.1971;0;1
GULHEYA;1;29.5.1975;0;1
ESIRAG;1;23.8.1987;0;1
ABDULMENAH;1;16.9.1963;1;0
ILE;1;21.2.1972;0;1
SAHMELUL;1;16.12.1970;0;1
NURHITAP;2;20.3.1960;0;2
YURDASES;3;9.5.1971;1;2
KITON;1;18.4.1964;0;1
LIYESER;1;11.11.1980;0;1
AVGANI;1;1.6.1946;1;0
MECULE;1;7.3.1932;0;1
KASIR;1;22.4.1961;1;0
ZULUFKE;1;1.3.1948;0;1
HEYO;1;13.4.1951;0;1
RIDVEN;1;6.3.1991;1;0
SENISAN;1;9.10.1981;0;1
RAMAZANSAMI;1;23.4.1988;1;0
ZIADE;1;28.4.1956;0;1
NURRIYE;3;27.9.1967;0;3
NACMETTIN;1;26.7.1987;1;0
SARMARAN;1;30.4.1967;0;1
SAIFET;2;15.8.1965;0;2
MEHMETNEJAT;1;24.7.1973;1;0
REYIP;2;15.6.1967;2;0
MUKURIYE;2;16.6.1967;0;2
ALISERO;1;27.3.1954;1;0
MUNTIKA;4;4.8.1953;0;4
MURUVVA;1;28.2.1950;0;1
GOZEC;1;18.11.1956;0;1
SITTIZUBEYDE;1;4.3.1961;0;1
BUSUKUR;1;23.5.1965;1;0
EKRIBE;1;5.4.1943;0;1
MULKHAN;3;25.5.1967;0;3
ISTIFYE;1;9.11.1967;0;1
MEVCUMELEK;1;5.5.1957;0;1
ERGOL;3;21.4.1960;2;1
RESIH;1;24.3.1973;1;0
YIKABET;1;8.8.1987;0;1
KAKASDOGAN;1;12.8.1923;0;1
KOSROF;1;11.5.1970;1;0
MEMETSAMI;1;26.6.1972;1;0
MEHSINEM;1;11.7.1941;0;1
YUZOGLAN;1;2.2.1987;1;0
MEMETSAKI;1;16.3.1980;1;0
MUHAMMETNURI;2;14.10.1969;2;0
FIKRIKYE;1;10.6.1982;0;1
MUHSINAN;1;4.7.1963;0;1
KESEL;1;18.4.1978;0;1
KATILE;1;7.6.1958;0;1
ASMANDIYAR;1;2.2.1957;1;0
SEYITTULLAH;1;7.8.1982;1;0
PERIHANIM;2;26.1.1968;0;2
ABDULMUTALIF;1;2.10.1980;1;0
YILSAH;1;17.11.1979;0;1
RIZVAZ;1;16.12.1934;1;0
MEMETSIDIK;3;22.8.1966;3;0
ZARAN;1;12.6.1947;0;1
MUHAMMEDMUTLU;1;21.3.1985;1;0
FIDYA;1;22.8.1931;0;1
GUNEFER;1;1.4.1974;0;1
UNAYI;1;2.7.1975;0;1
DAMAN;2;5.10.1978;0;2
KUBARNAZ;1;9.11.1963;0;1
MEHMETHIDA;1;26.7.1967;1;0
ADEMEMRE;1;26.4.1975;1;0
GULFANS;1;24.5.1943;0;1
FURUNCE;1;7.4.1933;0;1
SONSUSAN;1;9.3.1974;0;1
MIKYASE;2;14.8.1949;0;2
MEHKIYE;1;4.12.1965;0;1
EMSAB;1;18.5.1958;0;1
MAKADES;2;25.3.1984;0;2
ZOMRA;1;1.1.1957;0;1
REYNEP;1;2.2.1975;0;1
NUMUFER;1;21.1.1961;0;1
ADENI;2;13.4.1954;2;0
GEZILE;1;26.3.1958;0;1
SOZLU;1;18.9.1989;0;1
TOBRIS;1;7.4.1980;0;1
GULDREREN;1;12.12.1989;0;1
MURIZAT;1;27.2.1968;0;1
TIREN;1;2.1.1981;0;1
KEDIMZADE;1;15.5.1971;1;0
ADDIL;1;3.4.1963;1;0
BASABA;1;27.4.1975;0;1
MENISEN;1;13.6.1981;0;1
FERZU;5;18.10.1977;3;2
NEKIDE;2;21.4.1973;0;2
MEHMETFETIH;1;22.11.1991;1;0
GEVIK;1;23.3.1967;0;1
KILAS;1;2.4.1943;0;1
CANBIR;1;21.12.1990;1;0
MURESSA;1;9.7.1950;0;1
GORSAH;1;4.3.1982;0;1
ZUHBE;1;17.8.1983;0;1
KASU;1;10.3.1934;1;0
ZUBIT;2;15.9.1950;2;0
FEVZICAKMAK;2;21.6.1985;2;0
DELIFRAZ;1;13.3.1939;0;1
GEVEZE;1;2.2.1951;0;1
FACILE;1;28.4.1962;0;1
MIHRIZAR;1;14.6.1941;0;1
IMEVER;1;14.8.1965;0;1
DILVET;1;22.3.1967;0;1
YEMSE;1;17.8.1924;0;1
ABDUSSELEM;7;20.9.1945;7;0
NIZAMATTIN;1;18.2.1982;1;0
LAIHAN;1;3.5.1942;0;1
KOHSER;1;13.6.1929;0;1
SAHIFA;3;29.2.1957;0;3
PAZIN;1;8.2.1946;0;1
KANSIYE;3;1.3.1946;0;3
KOKSER;2;26.7.1947;1;1
YUSURYA;1;20.6.1953;0;1
EBULGEYS;1;22.6.1967;1;0
KEMALMUSTAFA;1;16.3.1941;1;0
MEHBALI;1;29.6.1942;1;0
LILIZER;1;17.5.1972;0;1
GONDUZ;1;12.2.1988;0;1
NEYSE;3;25.9.1970;0;3
NURSALMA;1;7.2.1976;0;1
NELUHAT;1;23.3.1973;0;1
NESLANUR;1;7.8.1990;0;1
SITTIN;4;29.8.1958;1;3
MELEKREHAN;1;2.2.1957;0;1
SUYEHLA;1;1.2.1990;0;1
VACYETTIN;1;27.2.1962;1;0
MEHMETVEFA;2;14.3.1982;2;0
UMIYETE;1;28.10.1990;0;1
HOTI;1;30.8.1942;1;0
MISTAK;1;21.5.1974;1;0
GILO;3;28.9.1958;2;1
SERTIB;1;26.6.1970;1;0
MEHMETSELAMI;1;29.7.1976;1;0
KAMARAH;1;14.3.1965;0;1
AKRIBE;2;14.4.1958;0;2
ZULHUMARE;1;27.4.1956;0;1
GULAVETTIN;1;22.2.1985;1;0
RUKYATA;1;14.8.1979;0;1
HAVZATE;1;27.2.1962;0;1
BESIBINAZ;1;11.12.1981;0;1
TEHVIYE;1;24.12.1981;0;1
BELDEVAN;1;16.12.1991;0;1
KEMALBEKIR;1;6.12.1981;1;0
UZU;1;24.4.1940;1;0
TAFTA;1;2.6.1968;0;1
SERHATTULLAH;1;9.2.1985;1;0
SEDATULLAH;1;4.7.1986;1;0
MELIE;2;5.9.1962;0;2
ELHAYAT;3;26.11.1971;0;3
SADIYEZER;1;29.12.1955;0;1
MISRATA;1;1.11.1990;0;1
GOLEZER;1;23.5.1962;0;1
DERCIN;1;4.2.1956;0;1
NARFUL;1;6.6.1989;0;1
BESARI;1;27.10.1950;0;1
FERZENDI;1;26.1.1960;1;0
GULSUTUN;1;8.3.1964;0;1
GOLENDER;1;22.11.1935;0;1
HOGEC;1;26.5.1972;1;0
MALZUME;1;1.5.1972;0;1
MEMIKZER;1;23.7.1949;0;1
TUKKAS;1;17.4.1966;0;1
GULSELEM;3;30.1.1984;0;3
FERDEM;6;22.1.1976;0;6
EMISA;1;6.8.1974;0;1
ULKUYAT;1;29.12.1991;0;1
YANARGUL;2;22.8.1963;0;2
MAYRUK;1;27.7.1991;0;1
SIRAYI;1;11.7.1987;0;1
FAYFURE;1;19.12.1950;0;1
MAPEYRUZ;1;24.3.1943;0;1
GEZIZAR;1;17.5.1966;0;1
SUHETTIN;1;7.9.1968;1;0
MIYAZEM;2;22.2.1973;0;2
EZYA;2;30.5.1983;0;2
SEREEFETTIN;1;29.2.1962;1;0
NUHTEKIN;1;7.5.1982;1;0
NUMETULLAH;1;3.1.1987;1;0
BEDIAL;1;21.7.1954;0;1
MIRBAHATIN;1;18.4.1986;1;0
KIBLA;1;26.4.1981;0;1
NURKASIM;1;6.11.1974;1;0
HUSIYIN;4;28.11.1948;4;0
ALLADIN;1;7.3.1987;1;0
MECUNE;1;17.6.1957;0;1
TANKCI;1;22.2.1967;1;0
ANEMET;1;11.12.1974;0;1
AHZEDDIN;1;22.1.1955;1;0
GERHAN;1;28.4.1986;1;0
ABUHALIT;1;6.6.1968;1;0
SEHABETULLAH;1;27.2.1974;1;0
HUTBE;3;22.10.1977;1;2
DUNUR;1;21.12.1988;0;1
MEDILA;1;2.6.1981;0;1
RESUM;1;29.3.1956;1;0
SEYAVSAH;1;9.7.1946;1;0
GOLSENEM;2;5.2.1954;0;2
ALIKALIP;2;10.6.1966;2;0
GELHI;2;27.10.1953;2;0
KULEK;1;26.4.1965;0;1
FIKRIET;1;27.2.1980;1;0
BEDIZAMA;1;6.10.1956;0;1
VESYET;1;18.9.1947;0;1
FERVI;1;6.7.1984;0;1
SERHING;1;16.8.1962;1;0
RODAGUL;1;19.8.1981;0;1
KEVOTK;1;1.4.1978;0;1
ALIYARDIM;1;12.2.1965;1;0
DLAN;1;1.6.1991;0;1
NAMDARHAN;1;17.2.1990;1;0
MEMETSEYIT;1;9.4.1970;1;0
MAHFIRIYE;1;22.5.1961;0;1
MUHAMMEDMURAT;1;11.11.1991;1;0
NAIZAR;2;15.1.1965;0;2
YURDUVAR;2;22.2.1963;2;0
HUSAMETTTIN;1;17.2.1990;1;0
ABDULFARZ;2;9.12.1966;2;0
INCIGOL;1;30.11.1979;0;1
MUSLICAN;2;15.3.1966;0;2
SERAG;1;20.5.1929;0;1
NANILE;1;16.7.1988;0;1
MEHMETHANFI;2;28.5.1964;2;0
KITYAN;1;9.4.1957;0;1
MUSTAFASAHIN;1;1.5.1986;1;0
HACIKAAN;1;9.10.1982;1;0
SIYLIHAN;1;30.1.1977;0;1
MINHADIYE;1;18.3.1966;0;1
GEHAR;2;12.10.1957;0;2
MIYASO;1;2.4.1963;0;1
GULHADIR;1;2.3.1975;0;1
ZEYINT;1;15.6.1971;0;1
CEYILE;1;29.8.1949;0;1
TUKNAZ;1;12.8.1944;0;1
YUHO;1;22.3.1955;0;1
PINAS;1;22.2.1991;0;1
BADILYE;1;12.2.1965;0;1
KETIYEN;1;1.6.1974;0;1
GULLUZA;1;22.2.1967;0;1
FAGFURE;1;1.9.1965;0;1
TALHET;1;2.2.1963;1;0
KEMALSINAN;1;7.7.1980;1;0
MESUMEGUL;1;18.3.1972;0;1
HULUSINAN;1;13.3.1959;0;1
BEDUZAMAN;1;23.2.1961;0;1
PENZEHER;2;14.3.1943;0;2
FERDIMELEK;1;4.5.1977;0;1
PEHMEN;2;13.3.1976;2;0
HASTIKE;1;6.6.1980;0;1
SALAMAT;1;16.5.1972;0;1
NEMUSE;1;1.2.1980;0;1
KIBAHAR;1;23.4.1931;0;1
PIRZE;1;12.2.1941;0;1
SANYAL;1;22.1.1980;0;1
TARLA;1;7.2.1976;0;1
AYSSE;1;7.4.1982;0;1
HANEVDAR;1;1.10.1978;1;0
EDSAN;1;3.6.1991;1;0
TURKBEGI;1;3.6.1957;1;0
BADLIYE;1;6.10.1961;0;1
ABDULFERZ;2;7.11.1953;2;0
NESMIGUL;1;11.4.1992;0;1
ROGHIEH;1;5.11.1977;0;1
OVGUL;2;12.11.1967;0;2
AYSEGOL;1;16.4.1969;0;1
ASTA;2;2.8.1986;0;2
SEVO;10;6.4.1959;3;7
NIBAZ;1;22.8.1925;0;1
MIBERAY;1;15.9.1990;0;1
ANDIKA;2;4.5.1978;0;2
DIBEL;3;22.2.1980;0;3
TASUR;1;27.5.1956;1;0
HILKENUR;1;6.5.1972;0;1
ELLIF;3;18.8.1956;0;3
KAHVER;1;2.2.1951;0;1
SAHABI;3;5.8.1982;3;0
SARBIN;1;18.11.1991;0;1
TAURKAN;1;7.8.1988;0;1
KAZBAH;1;24.8.1990;0;1
SARIYEH;1;24.10.1981;0;1
SEYGIT;1;2.2.1963;1;0
GASE;1;1.12.1979;0;1
MERDESI;1;2.2.1939;0;1
SALPERI;1;22.1.1955;0;1
MIGI;1;7.8.1922;1;0
VAKILE;1;2.2.1951;0;1
DELSHAD;1;26.4.1970;0;1
FABILE;1;17.2.1966;0;1
ZAFIYA;1;17.2.1984;0;1
FEZILEGUL;1;3.4.1975;0;1
SIEL;1;23.9.1990;0;1
HETUN;1;13.4.1973;0;1
SAVO;2;29.6.1931;2;0
FATKMA;1;11.7.1991;0;1
HARIKKA;1;11.4.1981;0;1
FAYGUL;1;20.5.1990;0;1
MEMETRAHIM;1;6.6.1975;1;0
KUTAYUN;1;22.10.1942;0;1
MERDISI;2;14.10.1931;0;2
MEZBUDE;1;9.8.1956;0;1
NENELI;1;12.8.1923;0;1
KEBER;1;25.11.1962;0;1
FAIKME;1;17.5.1989;0;1
KUFEDIN;1;7.4.1964;1;0
ZAIFA;1;11.5.1941;0;1
TILBER;1;21.4.1965;0;1
TAADIN;1;12.5.1953;1;0
GOVACIN;1;22.2.1961;0;1
TUKEZINA;1;11.7.1933;0;1
KITAYN;1;18.11.1972;0;1
KAYSIM;1;17.4.1972;1;0
ABDUYBARI;1;16.3.1986;1;0
HADIYCE;2;7.5.1958;0;2
BEREVAN;1;1.4.1973;0;1
MUVECER;1;7.2.1982;0;1
ADEMEM;1;10.12.1986;1;0
USTUCIHAN;1;21.1.1956;0;1
RESIS;1;13.5.1982;1;0
BILLEN;1;11.7.1973;0;1
BEDIO;1;2.3.1957;0;1
FADIILE;1;10.1.1990;0;1
RAAMAZAN;1;27.2.1992;1;0
SERHIK;1;11.4.1934;1;0
IBRAHIMZADE;1;7.8.1916;1;0
TOKAZ;1;27.2.1950;0;1
HENAL;1;1.4.1932;0;1
MUAZZE;4;28.2.1967;0;4
BESRALI;1;7.5.1982;0;1
MISTEFA;1;28.2.1974;1;0
HURIDAN;1;3.12.1970;1;0
TEKELUM;1;16.9.1991;0;1
BEZEMAN;1;22.2.1961;0;1
GURZU;1;17.3.1954;1;0
GOLSENDAL;1;3.12.1956;0;1
FERASEL;1;19.4.1980;0;1
TEKELLUM;1;30.3.1992;0;1
BOYA;1;2.2.1963;0;1
TANRIKULU;2;18.9.1957;2;0
ASKERPASA;1;20.4.1934;1;0
BEDERDIN;1;2.2.1975;1;0
NENEY;2;18.4.1938;0;2
NUFYE;1;17.4.1966;0;1
FAGREDIN;1;27.3.1974;1;0
GAHARSAH;1;1.4.1978;0;1
SENPERI;1;18.3.1963;0;1
BASHANI;1;12.8.1989;0;1
POLYAN;1;26.5.1991;0;1
GEZEN;4;28.5.1980;3;1
AKBEYI;1;21.5.1949;0;1
HUBRAY;1;28.12.1944;0;1
VESILIE;1;12.3.1965;0;1
OZLUK;1;3.3.1975;0;1
SERAMUZ;1;12.2.1941;0;1
MUREDIYE;1;19.4.1984;0;1
BIZZAR;3;11.4.1951;0;3
ESRAI;1;12.2.1977;0;1
KULUGAN;1;6.5.1966;1;0
CEGDEM;8;16.5.1988;0;8
MAYRETE;2;18.12.1984;0;2
PENZAHIR;1;17.2.1960;0;1
KEBI;1;28.3.1962;0;1
ZULUYHAN;1;28.3.1980;0;1
MEVIK;1;22.8.1931;0;1
DEVLEET;1;7.2.1982;0;1
SUHYLA;3;5.5.1975;0;3
MEMUSE;2;27.4.1952;0;2
NISKAL;1;2.2.1963;0;1
AGODEDE;1;2.2.1963;1;0
HAIBE;1;7.2.1976;0;1
NAUFE;1;16.1.1984;0;1
FEVZZI;1;22.2.1973;1;0
AGABEGI;1;12.2.1947;0;1
EMILLAH;4;25.11.1962;4;0
FEHMIZZAR;1;17.3.1946;0;1
EDULHAN;2;18.12.1956;0;2
MUKLUYE;1;5.5.1975;0;1
RIYHANE;2;30.3.1962;0;2
HASIYYETE;1;16.1.1965;0;1
YUDHAN;1;18.2.1978;1;0
DILAFYA;1;22.8.1925;0;1
DERYLA;1;16.1.1990;0;1
TUKAZIBAN;3;29.1.1976;0;3
SAFRAM;1;26.3.1983;0;1
HAYSET;1;16.11.1976;0;1
SAFGUL;1;27.2.1980;0;1
HINALTUN;1;20.1.1984;0;1
HAZYETTE;1;12.2.1971;0;1
MURSEDDIN;3;12.1.1976;3;0
MEYTONE;1;27.2.1974;0;1
RUTBASAK;1;18.9.1959;0;1
MAHARAM;1;11.12.1990;1;0
GOYGOZ;1;22.7.1955;0;1
SUYULA;2;28.3.1970;0;2
A.RAHMI;1;17.3.1948;0;1
KIZBALA;1;2.1.1952;0;1
MAIDEGUL;1;25.7.1965;0;1
BEYNELMINEL;1;11.6.1963;0;1
ZERIFSEN;1;11.6.1981;0;1
CALCIU;1;19.1.1977;0;1
RUKEYDE;1;9.1.1975;0;1
BEDERUYA;1;7.2.1958;0;1
FEGFURE;1;19.8.1973;0;1
MUSNA;1;26.5.1972;0;1
ADAKA;1;10.1.1990;0;1
GOGO;1;12.8.1917;0;1
KEVSUN;1;22.4.1990;0;1
NESRULLA;1;18.3.1933;1;0
BEDRIBE;1;23.2.1967;0;1
REBO;1;22.9.1934;0;1
TURENDER;1;1.5.1948;0;1
BESLINAZ;2;9.11.1965;0;2
BENAZER;1;2.9.1989;0;1
ELZINET;1;22.2.1967;0;1
MUGEYLE;1;27.5.1962;0;1
CARGA;1;20.1.1982;1;0
DIBAY;1;2.6.1982;0;1
AKSI;1;21.4.1975;0;1
VERDET;1;2.2.1951;0;1
MAHIRYE;1;11.4.1980;0;1
PULPINAR;1;26.5.1989;0;1
SEMRAM;1;25.4.1973;0;1
SERAYYI;1;16.1.1966;0;1
PINER;3;21.5.1980;0;3
IKLIMAZ;1;7.8.1988;0;1
MUKKEDES;1;12.2.1977;0;1
TELLIAYSAN;1;22.2.1949;0;1
ABDULKAYS;1;12.8.1983;1;0
MILIFA;1;8.5.1964;0;1
MUHEYEN;1;14.11.1961;0;1
NEBAS;2;22.1.1939;0;2
NURLLAH;1;11.10.1990;1;0
AHMETARIF;1;8.7.1991;1;0
CERGA;1;22.2.1955;1;0
MEHMETVEYSI;1;11.2.1981;1;0
MIFRIK;1;9.4.1978;1;0
FEIZI;2;19.11.1954;1;1
NIFTI;1;30.9.1943;1;0
BIMET;1;9.2.1946;1;0
HUSRAF;2;30.4.1940;1;1
PULNAZ;2;11.3.1973;0;2
BEHRICE;1;26.3.1984;0;1
BENAZIYE;1;4.3.1991;0;1
EBRUSAHAP;1;12.3.1965;1;0
SEZRAIL;1;7.2.1964;1;0
EZIYA;3;6.7.1976;0;3
MEHMETVESIV;1;20.3.1975;1;0
MEZAP;1;27.2.1956;1;0
MEHMETSAYIT;1;2.5.1975;1;0
MEHMETSALIM;2;29.7.1972;2;0
MEHMETNADIM;1;22.2.1955;1;0
UMRIYA;1;23.5.1967;0;1
MELK;1;7.3.1988;0;1
MEHMETAFAN;1;27.2.1956;1;0
SEYGMUS;1;2.2.1963;1;0
VECIYETIN;1;12.2.1959;1;0
ENSERI;1;22.2.1991;1;0
ADIGUNES;1;6.11.1936;0;1
EBEYDULLAH;3;15.2.1971;3;0
SAFYEDE;1;17.7.1972;0;1
CIHANSAY;1;27.2.1962;1;0
SIZMAN;1;18.3.1966;0;1
KARABAYRAM;1;5.4.1967;1;0
M.KURSAD;1;13.1.1979;1;0
RUBASER;1;13.6.1965;0;1
ANARGUR;1;27.2.1974;0;1
M.NASIR;6;5.8.1962;6;0
MULTEIZM;1;27.7.1950;0;1
SANTANAT;6;10.5.1963;0;6
SADIYEE;1;18.3.1988;0;1
YAZGOL;3;18.7.1980;0;3
GULBAREN;1;11.2.1961;0;1
KABRIBAR;1;12.3.1971;0;1
REZGUL;1;2.2.1975;0;1
SALUHE;1;3.4.1945;0;1
ANOLYA;1;8.12.1979;0;1
MISLIMET;1;8.7.1989;0;1
ZILFEKAR;1;13.3.1971;1;0
MINIESER;1;24.4.1955;0;1
M.SENA;1;22.2.1973;1;0
MUKKADEM;1;13.3.1974;0;1
CEVDETE;1;28.5.1956;0;1
MUKRUAN;1;17.4.1966;0;1
ZEHRAP;2;14.9.1942;1;1
ISTIRHNAZ;1;8.4.1958;0;1
HAFIZNEZIR;1;12.4.1941;1;0
DILALE;3;3.3.1980;0;3
ETIA;1;22.2.1949;1;0
VELIYETIN;1;4.4.1969;1;0
MUSRIYEL;1;8.6.1933;0;1
AYSEE;1;27.9.1991;0;1
MELKIYA;1;6.7.1949;0;1
EILF;1;30.2.1991;0;1
FERRIHDIBA;1;7.2.1964;0;1
NILIFE;5;30.7.1965;0;5
SARITAN;1;12.3.1959;0;1
OMERBESIN;2;16.10.1960;2;0
EDAHIM;1;3.4.1986;1;0
MUFSIMEN;1;1.7.1972;0;1
HAMADULLAH;1;2.4.1987;1;0
CEZAYET;1;3.6.1961;0;1
JONELA;1;3.12.1975;0;1
FERGAMIL;1;12.7.1971;1;0
M.HAFID;1;16.7.1975;1;0
NADINSAH;1;14.3.1959;0;1
DUHUKI;1;2.8.1933;0;1
ZUHRAH;1;12.2.1959;0;1
HAFIRET;1;23.2.1967;0;1
BEDRIHENIYN;1;19.7.1972;0;1
ASEMA;2;26.4.1958;0;2
ERGULA;1;2.4.1975;0;1
KOJI;3;1.10.1948;0;3
HUZULFET;1;27.2.1956;0;1
ZUEYDE;1;12.3.1971;0;1
DIYAZ;1;13.3.1965;0;1
FAHFURE;1;7.4.1950;0;1
AKLIYE;5;11.8.1961;1;4
TESIN;2;4.11.1961;2;0
KEMRUH;1;19.3.1940;0;1
ESLIFET;1;26.2.1977;0;1
VEHPIYA;1;3.7.1988;0;1
SAYITBATTAL;1;28.10.1985;1;0
SAHIYER;2;16.8.1969;0;2
MUYEZEN;1;3.1.1992;0;1
ZUFLUKAR;1;22.2.1967;1;0
VESILIYE;4;11.12.1955;0;4
VARBAA;1;25.9.1954;0;1
GAFIYA;1;22.7.1949;0;1
ELFENSIYA;1;21.4.1965;1;0
SURAYYE;4;30.9.1962;0;4
BEHDEM;1;12.2.1971;1;0
UZGOL;1;30.6.1986;0;1
FEDLICAN;1;27.2.1956;0;1
ASLICIHAN;1;21.4.1992;0;1
MEMETTULLAH;2;12.3.1969;2;0
PRIZE;1;17.8.1930;0;1
NARKAS;1;1.5.1991;0;1
SIYAHER;1;27.2.1956;0;1
VEDICE;1;22.8.1967;0;1
N.MEHMET;4;14.4.1943;4;0
HAYIRNAZ;1;17.2.1972;0;1
GULLISTAP;1;27.2.1950;0;1
TUMINIS;1;8.2.1964;0;1
ALIKUDRET;1;26.2.1970;1;0
MEPUZ;1;17.2.1960;1;0
YADIFAR;2;12.9.1979;0;2
GULRASIDE;1;13.8.1987;0;1
SEHRIDEN;1;29.12.1991;0;1
HAMIYAT;2;4.12.1983;0;2
BASILA;1;22.2.1961;0;1
BUHEYLA;2;26.11.1952;0;2
AFITAT;1;12.4.1965;0;1
SANYAZ;1;2.2.1963;0;1
FEKKAZ;1;27.2.1962;1;0
IZBET;2;15.11.1967;0;2
FEYZULLAY;1;12.2.1965;1;0
KANAVUZ;1;22.2.1967;0;1
MEBHUSE;1;2.2.1963;0;1
NAVFER;1;22.7.1934;1;0
HARCLIK;1;19.12.1954;1;0
KEMARUH;1;8.2.1964;0;1
ENAYET;2;22.5.1971;1;1
FESIF;1;26.7.1953;1;0
ZENLARE;1;7.2.1964;0;1
RUSHET;2;3.4.1951;0;2
BIRAYI;1;10.7.1991;0;1
SAGITHAN;1;1.3.1942;1;0
MEJHURE;1;23.12.1963;0;1
HASBIKA;4;11.8.1953;0;4
ISHAG;1;22.2.1955;1;0
CECIDE;1;2.2.1945;0;1
HESPIKE;1;2.3.1951;0;1
EGTUGRUL;1;18.2.1972;1;0
HAKO;2;15.12.1936;1;1
TUYLUCE;1;3.8.1968;0;1
ZERATI;1;17.8.1924;0;1
KULLILK;1;22.2.1955;0;1
HAMALI;6;2.7.1954;0;6
KEJAN;1;12.3.1953;0;1
GUDIS;1;12.8.1983;1;0
NAHMETULLAH;2;10.2.1979;2;0
MELEKREYHAN;3;17.2.1950;0;3
HALIT.;1;2.2.1957;1;0
AMETE;2;14.6.1949;0;2
SESUDE;2;29.4.1965;0;2
IRDANUR;1;22.2.1991;0;1
HALILLAH;1;5.11.1983;1;0
HABICETI;1;17.2.1960;0;1
PULTAN;1;25.5.1973;0;1
SEHIRIZADE;1;28.5.1962;0;1
SALUSTE;1;6.7.1969;0;1
FIRENKIZ;1;23.5.1949;0;1
FARUKLIKA;1;7.2.1976;0;1
SAHNUMAN;2;10.12.1949;2;0
INANPERI;1;3.2.1970;0;1
GULDENET;1;19.3.1942;0;1
EHRAMAN;1;1.2.1965;1;0
OZGURSUAT;1;2.5.1984;1;0
MISLIMEN;1;16.4.1959;0;1
HOMET;1;9.6.1989;1;0
MEHMETSEBIH;1;28.4.1974;1;0
POSURUF;1;3.4.1974;1;0
ALPARSLANFATIH;1;9.1.1987;1;0
AKAYIT;2;19.8.1959;2;0
KAZEP;1;29.3.1926;0;1
HEDIHA;2;4.9.1950;0;2
NALIYAN;2;26.6.1969;0;2
MEMETHANEFI;1;17.2.1972;1;0
EBRATE;1;8.2.1956;0;1
HULYA.;1;26.11.1987;0;1
HUVEYLE;1;2.2.1957;0;1
SEHBEK;2;23.1.1959;1;1
ABDULMUTLAK;1;23.4.1984;1;0
ZENUM;1;2.2.1975;1;0
MEMETARIF;1;22.2.1973;1;0
HINYATE;1;2.2.1975;0;1
ZERINCI;1;6.5.1980;0;1
TACINE;1;7.11.1982;0;1
HUSNUMUBAREK;1;7.1.1982;1;0
MELICAT;1;9.5.1977;0;1
MUHAMMETCESIM;1;8.4.1978;1;0
BAHSELI;2;14.5.1962;2;0
MUNTUKE;2;9.10.1952;0;2
MAHPURUZE;2;27.10.1959;0;2
BINNURIYE;1;5.3.1947;0;1
PETRAN;1;17.2.1990;0;1
ABDULBIRET;1;1.5.1949;1;0
SEVDETO;1;9.7.1976;0;1
INONIYE;1;16.6.1976;0;1
MEHMETBAHATTIN;1;18.3.1971;1;0
FARUKCELAL;1;2.2.1951;1;0
BEDRISAMAN;1;6.4.1966;0;1
FEMULE;1;7.8.1982;0;1
SERATE;3;23.12.1962;0;3
BERZO;2;15.8.1965;1;1
RUHIYETTIN;1;14.11.1990;1;0
EBAMUHSIN;1;16.2.1963;1;0
MULAYIDE;1;9.3.1944;0;1
FERCI;2;21.3.1975;2;0
PULE;2;4.3.1947;0;2
IFFO;1;27.1.1950;0;1
MEHMETCUNEYIT;1;7.6.1986;1;0
YANO;1;9.3.1952;1;0
VASVEDDIN;1;29.2.1965;1;0
GOSREF;1;21.2.1968;1;0
SEYCUK;1;11.6.1991;1;0
KANOS;1;9.1.1930;0;1
KEZDIR;1;14.7.1946;0;1
GEVGERTAC;1;5.7.1977;0;1
SEMENDE;2;29.1.1958;0;2
BIHRIBAN;2;23.5.1984;0;2
BALSIN;1;16.11.1989;0;1
MEKBERE;1;12.3.1967;0;1
IZNIFE;1;27.8.1944;0;1
EZMISAH;1;19.3.1966;1;0
RUZCAN;1;7.8.1964;0;1
EHYAT;3;10.4.1959;3;0
OHRIYE;1;2.6.1933;0;1
ZOHFE;1;27.1.1961;0;1
KACIN;1;12.2.1935;0;1
MUSENDER;1;27.8.1926;0;1
YELDEN;2;20.1.1982;0;2
MEHSUNE;1;9.5.1958;0;1
MISECIDE;1;17.2.1960;0;1
SAMANCAN;1;29.1.1972;0;1
GULLAYI;1;3.1.1956;1;0
SAVYETE;1;7.11.1986;0;1
ABDULKARIR;1;12.1.1988;1;0
HUNINE;1;2.3.1933;0;1
FEGFURI;1;11.1.1954;0;1
KIYISETTIN;1;25.5.1980;1;0
USKANI;1;2.6.1945;1;0
FERZIMELER;1;27.2.1980;0;1
RABISAN;1;19.5.1948;0;1
GUNTAL;2;16.2.1963;0;2
NEHRINAR;1;15.3.1965;0;1
NIFZI;1;1.6.1955;0;1
BEDIICEMAL;1;6.5.1974;0;1
FAHRITAS;1;18.5.1969;0;1
ROJTAV;1;7.2.1976;1;0
MEZHANIM;1;27.2.1956;0;1
LEMYAN;2;20.10.1964;0;2
SACIHA;1;14.11.1981;0;1
SEFIRAN;1;16.12.1988;0;1
HURRINAZ;2;9.12.1981;0;2
KAMATIYE;1;3.2.1975;0;1
KAMERRAH;1;21.3.1944;0;1
HACINURU;1;27.2.1944;1;0
SULHATUN;1;14.5.1945;1;0
HAZELE;2;21.9.1958;0;2
FIKIYE;2;8.7.1969;0;2
EFGANI;4;1.10.1953;2;2
KORAYI;1;22.2.1967;1;0
BENIR;1;26.2.1960;0;1
CANGULEN;2;22.3.1962;0;2
TASDEDE;2;15.11.1978;2;0
CANASLAN;1;3.2.1981;1;0
YURDSEVEN;1;26.7.1967;0;1
KAZIMED;1;2.3.1939;0;1
MUJDEAN;1;22.7.1984;0;1
TURRIYAN;1;22.3.1961;1;0
FERAZI;3;22.8.1954;1;2
KAHIBE;15;16.1.1955;0;15
FALIYET;1;18.6.1961;0;1
ULKUDAR;2;13.4.1965;0;2
MIRASE;4;7.5.1951;0;4
ZUBEN;1;23.9.1978;0;1
NEVFIKA;1;24.7.1955;0;1
MUCAFIR;1;21.6.1953;0;1
TEMARE;1;17.2.1960;0;1
YEMMIHAN;1;21.3.1936;0;1
NAZLILE;1;8.3.1927;0;1
SEYITDEDE;1;6.7.1955;1;0
ZENCIFER;1;27.8.1956;0;1
BIYAZA;1;12.2.1953;0;1
FARDAIL;1;2.2.1951;1;0
MEHTAT;4;3.10.1967;1;3
NECDIHA;1;27.6.1956;0;1
HAZZAN;1;7.7.1970;0;1
ISMIDOL;1;9.4.1970;0;1
HAKIYYET;1;18.5.1960;0;1
DEYSET;2;3.12.1968;0;2
NERKIZE;2;26.11.1946;0;2
MUHHAMER;2;16.10.1964;2;0
NERINCI;1;3.2.1961;0;1
ECDAN;1;2.9.1935;0;1
FERDAIL;5;28.10.1959;5;0
ELTURAN;3;4.3.1951;3;0
SAVVAL;2;26.3.1959;2;0
ASIBEL;1;1.7.1981;0;1
MAHITOP;2;14.9.1958;0;2
HOSNIGAR;2;24.5.1953;0;2
TEFIDA;1;2.9.1968;0;1
CAMESAH;1;6.10.1940;1;0
ZIDE;1;19.3.1954;0;1
KEMET;1;8.4.1952;0;1
NURENDEN;1;16.6.1961;0;1
FARCU;1;27.2.1956;1;0
TUREDI;1;26.10.1990;1;0
FIRIDIYE;2;14.6.1949;0;2
TOPSEKER;1;8.2.1937;0;1
ORADIL;1;27.9.1938;0;1
MERFA;34;30.2.1965;0;34
NANIZAR;1;8.3.1958;0;1
MUNEVIR;2;27.11.1962;0;2
BAHTIYA;5;1.1.1950;0;5
HAZALPINAR;1;8.6.1991;0;1
SENFIDAN;1;27.1.1968;0;1
MUHRUZIYE;1;7.9.1979;0;1
DERDANE;2;29.4.1963;1;1
LIHER;1;22.5.1955;0;1
VEDAYE;1;21.4.1975;0;1
METIKE;2;28.2.1959;0;2
GULAYDAR;1;26.2.1983;0;1
FADET;3;22.5.1972;2;1
ELPARSLAN;1;28.3.1974;1;0
KADIKIRAN;1;16.11.1940;1;0
SAKBAN;1;12.2.1953;1;0
SAVERIYE;1;11.7.1964;0;1
PEMBEANA;3;12.5.1967;0;3
FATUN;6;26.10.1969;2;4
SAHSAZ;1;7.8.1928;0;1
VIYIS;2;2.5.1954;2;0
PEVLI;1;6.9.1980;1;0
AYSUNHAN;1;5.11.1991;0;1
MUDDALIB;1;10.10.1960;1;0
AHEDEDE;1;22.5.1937;0;1
PATISEN;2;4.11.1970;0;2
DONDUANA;2;1.5.1978;0;2
HEDANE;1;12.9.1991;0;1
DOND;1;14.2.1978;0;1
EVELYNE;1;29.8.1954;0;1
HATCAANA;1;22.12.1970;0;1
RUGDUL;1;14.9.1972;0;1
TURKANNAZ;1;4.5.1963;0;1
HIYME;1;10.10.1951;0;1
UMAS;5;15.1.1962;0;5
EHMEN;1;17.2.1966;0;1
HAVYE;1;11.2.1957;0;1
BUYUKDOGAN;1;2.2.1963;0;1
MURZEMEK;1;2.7.1969;1;0
MEVKA;1;19.4.1948;0;1
GOYAT;1;12.5.1953;0;1
UMMUGULSU;2;27.3.1981;0;2
SOZVER;1;6.7.1974;1;0
RELHAN;1;13.11.1990;0;1
DONDUSE;1;27.5.1944;0;1
HAKIKIYE;1;26.3.1937;0;1
PERIVIN;1;2.12.1945;0;1
HUMUNE;1;2.2.1963;0;1
GOKKUS;1;19.1.1954;0;1
NECMUNIYE;1;17.5.1966;0;1
FATISANA;1;22.3.1967;0;1
KAFADAN;1;17.2.1960;1;0
TRACE;1;16.3.1928;0;1
DILHUZUR;3;20.3.1962;0;3
FADAMENA;1;29.5.1981;0;1
ISRAHIL;1;27.4.1960;1;0
UVEYDIYE;1;23.4.1928;0;1
ABDULVACIP;2;10.5.1965;2;0
YURDADONER;1;25.11.1979;1;0
HELFAN;1;2.2.1963;0;1
SERGINAY;2;13.12.1979;0;2
SAZIBER;4;15.5.1962;0;4
ZARRIM;1;1.6.1965;0;1
SADIKMEHMET;1;1.1.1974;1;0
IVEDIYE;1;27.2.1968;0;1
SEKBAR;1;15.10.1946;0;1
FERDAYIL;1;18.2.1983;1;0
ELIVAN;1;1.10.1977;0;1
ECDAG;1;27.7.1968;0;1
HACERULESVET;2;24.4.1986;0;2
PERZIYA;3;21.6.1977;0;3
YURDAGULBARIS;1;27.6.1974;0;1
DURUSAHVER;2;13.5.1941;0;2
MISFEK;1;13.2.1970;0;1
PEREM;2;16.7.1957;2;0
BEDIRMUHTAR;1;12.5.1980;1;0
SEYVA;1;24.2.1978;0;1
TEMIRLENK;1;4.1.1963;1;0
FINIK;1;11.10.1963;0;1
HAVUZA;4;9.5.1958;0;4
SEFTUNE;1;17.8.1954;0;1
NURDIGAR;1;26.6.1953;0;1
ESUVEN;1;26.3.1982;0;1
HEDRIYE;1;22.3.1967;0;1
FEYLUL;1;6.1.1981;1;0
SIVIDE;1;17.3.1966;0;1
VERAS;1;17.2.1966;1;0
BULHASAN;1;22.5.1955;1;0
ZIBIK;1;22.8.1955;0;1
CANGULLU;1;7.4.1952;0;1
HURMUYA;1;16.8.1968;0;1
IBAZ;1;3.2.1957;1;0
MEVLIN;1;21.5.1965;0;1
AKKAVAK;1;11.6.1961;0;1
HUGBAT;1;22.8.1943;1;0
CUMAHIR;2;20.11.1974;2;0
ATILAHAN;3;28.3.1976;3;0
HUZAHIME;1;22.7.1938;0;1
MUHANMMET;1;25.7.1983;1;0
GULSIMEM;1;7.6.1988;0;1
TILBA;1;26.10.1990;0;1
SEKERMAH;1;23.2.1938;0;1
SULDAY;1;2.3.1975;1;0
MUABIR;1;17.2.1954;1;0
ZAGANOS;1;17.5.1976;1;0
MARUT;1;27.2.1986;1;0
ZULUFTAR;1;18.12.1949;1;0
KERDAN;1;14.5.1933;1;0
SUVUDE;1;22.11.1955;0;1
LESIDE;3;29.10.1955;0;3
CUEYRA;1;7.10.1988;0;1
ANISANA;2;8.4.1971;0;2
MUHHER;1;2.2.1951;0;1
NUTAYA;1;26.12.1978;0;1
SEFERBEY;1;14.2.1935;1;0
SAHUL;1;22.12.1987;1;0
FEDIMEANA;1;30.12.1982;0;1
TUFIYE;2;22.10.1950;0;2
MUCDEYIT;1;13.2.1957;1;0
CESMIR;1;7.7.1975;0;1
DURSUNER;1;11.5.1956;1;0
IVAZ;3;11.11.1958;3;0
FIGAHAN;1;18.11.1978;0;1
MANEVI;4;6.4.1972;1;3
SAHMERI;1;9.11.1958;1;0
NURKANDIL;1;2.2.1990;0;1
NAZARIDDIN;1;15.7.1986;1;0
SIYAHTA;1;11.7.1967;0;1
DURSUNNAZ;4;28.10.1960;0;4
ELVADAG;2;16.2.1950;0;2
GULSUNCAN;1;12.8.1948;0;1
PEHRUR;1;27.10.1974;1;0
USBUYE;1;12.6.1959;0;1
MUNTARIBE;1;11.6.1972;0;1
NURISIYE;1;26.3.1991;0;1
MUTALET;1;24.5.1979;0;1
ERENDEDE;2;8.8.1958;2;0
NEVSIT;1;7.2.1985;1;0
ZINESAH;1;12.2.1929;0;1
SEBILILLAH;1;10.3.1990;0;1
KIRES;1;28.6.1990;0;1
GULELDE;2;20.8.1954;0;2
UMMULHAYAT;1;12.2.1975;0;1
HURZAN;3;21.10.1971;0;3
ABDILGADIR;1;22.5.1970;1;0
NARIL;5;21.4.1973;0;5
SUHAYUP;1;26.3.1967;1;0
MAKRUZE;1;7.3.1956;0;1
HILIMAN;1;2.2.1963;0;1
FIRIMAN;1;7.1.1951;0;1
ZULUVER;1;3.5.1975;0;1
METRASUL;1;22.2.1961;1;0
TENZURYE;1;10.3.1968;0;1
EMLIKHAN;1;15.4.1989;0;1
ELFER;8;6.11.1965;2;6
KUYAFER;1;27.2.1968;0;1
GERHERB;1;17.8.1972;0;1
MUEYESE;2;17.2.1974;0;2
UZAYFE;1;1.10.1965;1;0
NEJLATTIN;1;6.5.1963;1;0
URUDIL;1;22.2.1961;0;1
DEHNAL;1;17.6.1975;1;0
UMMUBUK;1;26.3.1931;0;1
SUFAN;2;7.8.1983;1;1
HUSEYEIN;1;1.2.1991;1;0
NEVSIRAN;1;27.1.1926;1;0
NESRIVAN;1;27.2.1950;1;0
ALIMEZ;1;1.5.1936;0;1
SUFIDA;1;28.9.1967;1;0
PELULDANE;1;29.2.1971;1;0
KULENDEM;1;22.2.1961;0;1
KARKUS;1;22.3.1967;0;1
SERVAHTI;3;6.4.1948;3;0
UVESEL;1;6.4.1962;0;1
MOHREDE;2;2.2.1970;0;2
GULLAHAN;1;9.8.1955;0;1
SITKIULLAH;1;22.11.1985;1;0
GONU;1;17.2.1975;0;1
KAZIMHAN;1;19.5.1990;1;0
TEZAHAN;1;25.7.1964;0;1
FIYAY;1;15.3.1971;1;0
KATIK;2;19.7.1960;0;2
FUZAYMA;1;22.4.1985;0;1
RUDILE;3;15.8.1936;0;3
VESSAP;1;17.2.1954;1;0
FIYAMET;2;25.9.1979;0;2
SIKARIYE;3;15.9.1970;0;3
SIDDIKKA;1;2.2.1939;0;1
ABDULFAYIK;1;13.3.1947;1;0
ANSUN;1;7.9.1969;0;1
HUSEYMA;1;22.3.1949;0;1
LUDIGAR;1;12.7.1965;0;1
PEVZIYE;7;19.6.1962;0;7
SAHINBER;1;16.7.1950;0;1
SEHSET;1;27.10.1960;1;0
TEZEHAN;1;11.3.1975;0;1
LAKUBE;1;7.5.1946;0;1
TUKUS;5;12.1.1947;0;5
MAHIPASA;2;3.11.1958;0;2
SAMBAZALI;1;17.4.1958;1;0
TUNCASLAN;1;28.1.1992;1;0
NASSUH;2;28.9.1960;2;0
NURIGEN;2;24.10.1948;0;2
BEHIHA;1;22.3.1967;0;1
NECMIFER;1;6.6.1954;0;1
GULECAN;1;4.6.1981;0;1
MAMASA;1;1.8.1973;0;1
LEDIA;1;10.2.1968;0;1
NEJMIFER;1;9.11.1974;0;1
NIRUBE;1;22.3.1961;0;1
GULEYDAR;1;10.2.1970;0;1
NEFARI;2;1.8.1964;2;0
MUJIKAN;2;12.7.1958;0;2
BAHADEGUL;1;7.2.1958;0;1
INCIBET;1;14.4.1953;0;1
SAHALIYE;1;12.11.1965;0;1
TESKIYE;1;16.2.1946;0;1
ABDULADEM;2;2.9.1985;2;0
SEYYE;1;20.5.1941;0;1
HILHATI;1;1.5.1953;1;0
FIRIZIYE;2;6.8.1959;0;2
AYBUKA;1;1.7.1986;0;1
NUVUZE;1;12.6.1977;0;1
GUNZILE;1;28.2.1950;0;1
FAHMA;1;21.3.1976;0;1
HAFIVE;1;12.8.1947;0;1
SEYHUT;1;11.8.1964;1;0
HURMAYA;1;27.2.1956;0;1
MIYASETTIN;3;25.9.1946;3;0
NAFIDAN;5;18.11.1966;0;5
BAHCIVAN;2;12.9.1987;1;1
SUMMUYE;2;9.1.1973;0;2
IRAYFE;1;21.1.1991;0;1
ASSUDE;1;30.5.1980;0;1
UMUN;2;17.5.1933;1;1
GULZIHAN;2;24.8.1961;0;2
PERZIVE;1;1.5.1983;0;1
KUTLUBAN;1;16.6.1928;0;1
LESIYDE;1;2.2.1951;0;1
ARISOY;1;3.3.1963;1;0
MAHPIRI;2;2.9.1980;0;2
ZATUR;1;11.6.1963;0;1
MIYRES;1;2.2.1951;0;1
MAHIKIZ;1;7.4.1982;0;1
RAZUL;1;28.5.1985;1;0
KUDURIYET;1;26.10.1978;0;1
ADABIYA;1;17.2.1942;0;1
ZORETULLAH;4;2.12.1959;0;4
CEZBINUR;1;11.9.1949;0;1
FEYMINE;1;12.11.1965;0;1
SANDE;1;7.2.1952;0;1
DURMAS;1;24.4.1992;1;0
NURBANE;1;12.2.1971;0;1
IRAFE;2;8.8.1960;0;2
HURZEMI;1;2.2.1957;1;0
EVKAR;3;7.10.1968;2;1
TAYFEN;1;12.11.1965;1;0
DALKILIC;1;7.2.1970;1;0
NUKTUYE;1;2.2.1951;0;1
USBIYE;6;16.7.1963;0;6
IRAMISE;1;17.4.1975;0;1
NIJKAL;1;9.5.1958;0;1
MIHYAR;1;9.8.1982;1;0
OMRUZ;1;19.5.1980;0;1
ADIFER;1;22.3.1967;0;1
PEVRAL;1;22.4.1943;0;1
NASIDA;1;30.4.1992;0;1
AYISHA;1;21.5.1991;0;1
BEYBIRA;1;21.11.1935;1;0
GULMAZI;2;12.5.1952;0;2
MESREF;1;1.2.1929;0;1
HUZEYYE;1;26.5.1955;0;1
CALDEDE;1;22.4.1961;1;0
URIDIYE;1;2.2.1957;0;1
HANNER;2;13.12.1951;1;1
MIYFER;1;27.2.1968;0;1
D.ISMET;1;7.2.1940;1;0
MAVUSAN;1;22.6.1985;0;1
SAHANKIZ;1;22.2.1955;0;1
MERYAMANA;1;22.4.1973;0;1
ADEFE;1;16.1.1979;0;1
EMIRGAZI;2;9.5.1966;2;0
MUSTAFIYE;3;3.4.1972;0;3
NEDIMBEY;1;6.12.1970;1;0
PERIHANUR;1;3.3.1957;0;1
H.BATTAL;1;28.3.1956;1;0
ZULKARINEYIN;1;12.2.1965;1;0
ZEZIHAT;1;13.11.1965;0;1
MEVRUSE;1;7.10.1982;0;1
DUSEYNE;1;30.2.1965;0;1
DUZEYNE;1;28.3.1962;0;1
MEZBULE;1;27.2.1974;0;1
RAZZIYA;2;16.8.1959;0;2
HOSBAG;3;26.2.1962;0;3
MELIYAT;1;22.4.1967;0;1
LIKAFER;1;12.2.1965;0;1
AKBUGDAY;1;9.3.1964;0;1
PEHLULE;1;11.10.1950;0;1
PEVRATTIN;1;12.3.1947;1;0
IGNE;2;15.10.1935;0;2
YAHYALI;1;6.3.1978;1;0
SELIMENUR;1;21.11.1990;0;1
CELLAKI;1;27.3.1968;0;1
MUCEGFER;1;6.5.1962;0;1
BENZIMET;1;7.11.1944;0;1
PEHRURE;1;29.10.1949;0;1
CELYAKI;1;11.9.1946;0;1
AKIVE;1;16.5.1987;0;1
KOGUS;2;12.1.1971;2;0
PURGAIP;2;13.3.1939;2;0
ESSEYID;1;3.3.1975;1;0
GAZANI;1;24.5.1931;1;0
HADIMEANA;1;2.3.1951;0;1
ERTULU;1;7.7.1970;1;0
HUSLUYE;1;6.1.1953;0;1
ASLIANA;1;21.11.1983;0;1
TERCANA;1;21.6.1972;0;1
KESOMETDIN;1;12.4.1965;1;0
NUFEYIL;2;13.9.1981;2;0
NENNE;2;21.6.1951;0;2
DURSUNANA;1;22.4.1979;0;1
IKSANI;2;26.1.1974;2;0
HAVULE;2;10.11.1961;0;2
MUMSIYE;1;12.2.1982;0;1
FEYLU;1;8.6.1966;0;1
PEVLIL;3;23.5.1969;3;0
FEVRIL;1;17.2.1966;0;1
ERDAFIL;1;12.4.1976;1;0
NEDAIL;2;24.5.1958;2;0
KULPEZ;1;27.2.1956;0;1
EKECIK;1;1.4.1959;1;0
OZLUCAN;1;20.6.1948;0;1
SERIEZDAN;1;25.2.1986;1;0
HACEANA;1;2.11.1951;0;1
NICAZE;1;6.6.1934;0;1
HABIPCAN;1;29.5.1976;1;0
MOFRUYE;1;21.10.1964;0;1
SEHDAR;1;17.2.1954;1;0
SIVALI;1;21.3.1931;1;0
SIFALYAN;1;28.6.1978;0;1
SUAYLAN;1;11.5.1974;0;1
SEMNA;2;5.3.1964;0;2
DERMEN;1;13.8.1989;0;1
DUYURNAZ;1;22.2.1961;0;1
ZULGUFLU;1;21.3.1992;1;0
ERASAL;1;16.3.1972;1;0
HEYIP;1;9.10.1955;1;0
NULUVVET;1;22.2.1967;0;1
NEVGUZE;1;2.8.1939;0;1
EMLIKE;1;13.7.1950;0;1
NAIMGUL;1;22.4.1973;0;1
MIGIYE;1;2.2.1957;0;1
UMUKSUN;3;14.10.1963;0;3
HEVAYE;1;5.4.1978;0;1
FELCAN;1;14.7.1979;0;1
HUNVERBEN;1;13.6.1959;0;1
AKIMSAL;1;14.10.1937;1;0
FILARDA;1;1.7.1977;0;1
HEHMET;1;3.2.1957;1;0
MUKDALE;1;12.6.1965;0;1
HANNAM;1;27.2.1962;0;1
HUZEMEN;1;23.2.1961;1;0
AKMELEK;1;2.2.1957;0;1
FATDIME;1;12.5.1965;0;1
NARIYME;2;23.12.1960;0;2
OMEROL;1;11.5.1976;1;0
GULESMI;1;17.2.1960;0;1
DIGEN;1;11.3.1978;0;1
SEDEFCAN;1;15.4.1991;0;1
GUNDOS;1;22.8.1973;1;0
CEPRAYIL;1;4.1.1980;1;0
SELBAK;1;21.12.1977;0;1
YURTKURAN;6;9.2.1971;6;0
LUTUYA;4;3.1.1968;0;4
SULTANIYET;1;2.6.1963;0;1
LEFYE;1;26.2.1961;0;1
MUBAAT;2;19.7.1952;1;1
ICMIYE;1;6.12.1988;0;1
GULDERDI;1;26.9.1966;0;1
NAYBA;1;26.8.1966;0;1
EHLIMA;1;14.6.1953;0;1
TANSIYON;1;22.2.1967;0;1
KABRIELA;1;20.3.1970;0;1
HAVAM;1;2.2.1963;0;1
FERZIYET;1;22.7.1967;0;1
SAHINBURAK;1;4.2.1987;1;0
KOSSEK;1;2.4.1969;0;1
MENEFER;1;17.2.1954;0;1
NEDILME;1;22.7.1973;0;1
ATOLLAH;1;8.2.1952;1;0
JURKAN;1;11.5.1976;0;1
YUNDUK;1;27.1.1962;0;1
ELEFE;1;14.3.1965;0;1
SAFUYA;2;4.2.1966;0;2
BAANU;1;18.1.1982;0;1
MIRZIHA;1;11.7.1986;0;1
KAZEFER;2;14.11.1960;1;1
DURSULIYE;1;20.6.1960;0;1
GAZAFER;1;12.9.1965;0;1
USKUKAR;1;27.2.1968;0;1
ZUVIDE;1;15.6.1941;0;1
MAYSAK;1;21.5.1960;1;0
BABAC;2;6.3.1981;2;0
SEIRDAL;1;4.12.1990;1;0
TONNIE;1;19.5.1979;0;1
RAIYFE;1;16.6.1967;0;1
MEYTHAP;1;10.5.1989;0;1
NEVPAR;1;6.2.1979;0;1
SOYSAK;1;5.11.1958;1;0
VERDEGUL;2;1.4.1957;0;2
NEVFIL;1;22.5.1961;1;0
HAMUNE;1;12.11.1941;0;1
NIGIMET;1;5.7.1966;0;1
NEFUNUR;1;3.3.1951;0;1
DESTAHAN;1;17.6.1984;0;1
KUTRIT;1;11.12.1966;0;1
MERATI;1;28.2.1938;1;0
MUHLUSA;1;21.10.1969;0;1
YURTKURTARAN;3;2.2.1970;3;0
FERHAMIS;1;12.9.1957;1;0
MIHRILCAN;4;15.6.1975;0;4
DONAN;1;27.3.1944;0;1
MEVFEL;1;2.2.1975;1;0
ERBES;1;26.5.1961;0;1
FEMAN;2;28.5.1959;1;1
KUTURET;1;12.2.1953;0;1
GUGUL;1;3.2.1957;0;1
NEZLEN;1;16.8.1945;0;1
FERDEVIS;1;12.2.1941;0;1
EFALET;2;21.9.1954;1;1
TAYFURASIR;1;13.7.1987;1;0
TEKGOZ;1;22.2.1967;1;0
CANFURE;1;22.2.1961;0;1
TUNHAM;1;12.5.1971;1;0
TUPLA;1;2.2.1957;0;1
MELIYMAN;1;2.2.1957;0;1
LEFISE;8;18.2.1961;0;8
SEHINDE;2;5.5.1970;0;2
DEMIRASLAN;2;3.1.1938;2;0
ZAYILA;1;22.8.1967;0;1
MEVRIZ;1;25.11.1953;0;1
ZENGINAZ;1;17.6.1972;0;1
MESVEK;1;2.5.1975;0;1
NEZDEDE;1;1.4.1970;1;0
LOYMEN;1;1.10.1960;1;0
FADIMENUR;2;3.3.1978;0;2
ELDOGAN;3;19.11.1948;3;0
PEKGULEL;1;20.7.1948;0;1
HANIKIZ;1;22.11.1973;0;1
DASDURAN;1;16.9.1956;1;0
INCILLI;1;17.2.1930;0;1
GULCINUR;1;9.3.1949;0;1
HULBUS;1;2.3.1939;0;1
VEZNIHAR;1;6.11.1956;0;1
BEMLA;1;26.3.1964;0;1
NAZALELE;1;26.5.1953;0;1
KAYAHATUN;4;5.6.1965;0;4
SEMRANE;1;17.3.1966;0;1
YIVES;1;22.6.1973;0;1
DEHANUR;2;6.10.1983;0;2
KELMAZIYE;1;29.11.1950;0;1
MUCAHIDIN;4;7.8.1945;4;0
GOGCEHAN;1;6.8.1980;1;0
DISLABHAN;1;19.7.1963;0;1
GULFUKAR;3;10.4.1960;0;3
GULUREYHAN;1;26.2.1954;0;1
SAFIL;3;11.6.1954;3;0
AYDERIN;1;17.2.1978;1;0
GOVMEN;1;15.3.1952;1;0
SATIP;1;30.4.1944;1;0
GUNENDEM;1;11.9.1962;0;1
ALIKIRAMI;1;25.4.1961;1;0
BATANA;1;21.7.1928;0;1
METPARE;1;2.4.1927;0;1
DERYAHA;1;21.1.1975;0;1
ATAKAGAN;1;1.8.1990;1;0
MILAYIN;1;23.5.1978;0;1
ALPSEZER;1;18.11.1986;1;0
HUNERIS;3;14.6.1967;0;3
MARASLI;2;6.3.1952;0;2
ABDULKUTSI;1;21.3.1957;1;0
VEYISHAN;1;2.4.1975;1;0
MULET;1;15.2.1974;0;1
BEZIHAN;1;27.11.1962;0;1
SEMAZE;1;26.8.1990;0;1
AIZADA;1;15.4.1977;0;1
LEYSER;1;24.10.1973;1;0
NEFISENUR;1;28.8.1986;0;1
SARIRE;1;12.2.1965;0;1
IMRANNUR;1;8.2.1991;0;1
FURI;1;3.2.1969;0;1
IRJAN;1;1.7.1948;0;1
NAZIKEGUL;1;23.8.1988;0;1
GULBAYIR;1;16.11.1953;0;1
SUMEYYAN;1;12.12.1989;0;1
ADILBERKE;1;1.6.1988;1;0
SABULLAH;1;20.8.1969;1;0
MULKET;2;9.2.1961;0;2
FIKRIYI;1;29.11.1969;0;1
SEYYIDEI;1;24.7.1978;0;1
HAYRANE;1;27.5.1965;0;1
MIHRANIYE;1;21.9.1959;0;1
MAHPULLAH;1;12.3.1965;1;0
MAMERIYE;2;11.2.1958;0;2
NEDIMET;1;11.8.1954;0;1
IMRULKAYS;1;29.5.1950;1;0
GULBARSIN;1;5.12.1961;0;1
BURCUNAZ;1;1.3.1990;0;1
SAZOL;1;1.6.1955;1;0
DILAFRUZ;4;10.5.1966;0;4
ARSLAHAN;1;25.4.1961;0;1
BENGURCAN;1;3.3.1963;0;1
BIDEM;1;5.5.1988;0;1
RUFIKA;1;6.5.1979;0;1
SIGNA;1;11.8.1989;1;0
NARUS;1;14.11.1974;0;1
EBRANE;1;25.2.1966;0;1
GUGEZ;2;6.6.1961;0;2
KAPLANTEKIN;1;2.2.1975;1;0
MILANI;2;19.2.1971;1;1
BAMI;1;18.4.1960;0;1
FURUSE;1;7.12.1956;0;1
MAHICER;1;15.3.1944;0;1
ZUAT;3;6.7.1974;3;0
BEBRUKE;1;23.2.1966;0;1
CAGBIR;1;6.3.1973;1;0
MUSEYYINE;1;23.6.1950;0;1
UNZULEI;1;19.6.1966;0;1
CISENGUL;1;24.7.1979;0;1
SITTIGI;1;29.4.1943;1;0
ERDAIM;4;12.7.1974;4;0
FIDASER;2;19.9.1984;0;2
MERVEDUDU;1;12.5.1989;0;1
CAFADE;1;29.3.1947;0;1
ZUFAN;1;13.6.1980;0;1
MEFRUZ;1;18.8.1933;0;1
CEZI;2;22.2.1964;0;2
NUTDUKE;1;11.8.1977;0;1
MINILE;3;17.7.1939;0;3
DESTEME;1;26.1.1951;0;1
BAGDASEN;1;1.1.1978;0;1
BEHLULBIRDANE;1;1.9.1966;1;0
CELALETE;1;8.3.1949;0;1
ZURDIYE;1;18.7.1965;0;1
HAYRANOS;1;10.11.1950;0;1
MELAHIP;1;11.1.1969;1;0
MERYIK;1;27.8.1938;0;1
MESENET;1;12.2.1947;0;1
SELIK;2;24.3.1949;0;2
GUZYDE;1;19.5.1962;0;1
MUNTIYE;1;28.4.1936;0;1
IZAFER;2;26.10.1960;0;2
TEMAMI;3;21.8.1958;0;3
FAHRIMAN;1;26.10.1934;0;1
TENEZUL;3;19.9.1973;0;3
FILIM;1;23.3.1967;0;1
ABDULMAHAP;1;23.12.1968;1;0
OZOKUR;1;21.6.1969;1;0
GUDES;1;22.7.1944;0;1
MURSEYIT;2;9.11.1969;2;0
GULMUSAR;2;7.2.1970;0;2
GULISMAIL;1;8.7.1976;1;0
KAKLIK;1;26.11.1948;0;1
ERZULE;1;21.1.1973;0;1
MUTEVELLI;4;3.3.1964;4;0
MISSI;2;20.9.1951;0;2
GUNEYSE;2;9.10.1965;0;2
SANLIGUL;1;7.3.1988;0;1
SEHRIHA;2;28.9.1952;0;2
HATUKA;1;1.3.1954;0;1
SELAHATUN;1;27.2.1950;0;1
BALUM;3;30.4.1934;3;0
NEZAGUL;3;8.1.1954;0;3
MARYI;1;17.3.1928;0;1
KABEY;1;27.8.1944;1;0
HAKIBAL;3;18.3.1960;0;3
NUMEYRE;1;27.2.1962;0;1
DURAETTIN;1;11.4.1943;1;0
EMEGUL;3;16.3.1962;0;3
ARSUNAR;7;10.3.1960;5;2
HUMUGULSUM;1;26.3.1943;0;1
NUHCA;11;15.1.1961;11;0
OZUHUR;1;11.10.1974;1;0
MAGSUME;1;1.10.1949;0;1
MURDESE;2;25.8.1959;0;2
EHLINUR;3;12.11.1981;0;3
UMIL;1;11.3.1973;0;1
SERIFESAH;1;9.3.1985;0;1
FIRDEZE;1;29.9.1938;0;1
CERMIS;2;13.7.1962;0;2
MAKFIDE;1;7.5.1940;0;1
HEZEYME;1;9.7.1931;0;1
KULLUNAZ;2;25.8.1957;0;2
SAHINBANU;1;21.5.1934;0;1
NERDEGARIP;1;20.1.1960;1;0
LIBATI;1;28.7.1962;0;1
MEHABE;1;4.7.1945;0;1
URYANBANI;1;16.4.1940;0;1
MUSKULAZ;1;18.8.1957;0;1
EFLETIN;1;16.5.1949;1;0
KULDANIYE;1;23.5.1931;0;1
DERRUNI;1;29.8.1984;1;0
BEKTASIYE;1;4.4.1936;0;1
ZERAT;7;15.7.1973;7;0
SECAMETTIN;1;3.7.1959;1;0
SAHINDURAN;1;3.4.1950;1;0
SESGUL;1;17.3.1966;0;1
SEVINDIN;1;16.11.1981;1;0
GULFIREZ;4;26.7.1969;0;4
MUSF;1;21.8.1925;0;1
UZEYHAN;2;1.8.1962;0;2
ADIFEL;1;29.4.1938;0;1
YESEVI;3;13.1.1980;3;0
KADFIYE;1;10.5.1950;0;1
DURDESTE;1;1.5.1937;0;1
TEKLIFAT;1;6.8.1949;0;1
INGIR;1;22.2.1967;0;1
GUREREM;1;10.12.1990;1;0
GULMADEN;1;27.3.1941;0;1
HAMDULLAK;1;23.9.1974;1;0
SALEYHA;1;18.3.1978;0;1
HULEYE;2;20.10.1967;0;2
HEZIR;1;1.7.1967;1;0
FAYRUZE;1;5.10.1932;0;1
GULGEVEZ;3;1.11.1975;0;3
VERASEL;1;17.2.1960;1;0
MELDEHA;1;19.2.1943;0;1
PUHTUN;1;6.8.1966;1;0
BERZECHAN;1;26.1.1956;0;1
SEYDIM;2;22.10.1974;2;0
SEHRENDE;1;14.10.1930;0;1
ISINNUR;1;2.9.1968;0;1
HAKINAZ;4;29.5.1965;0;4
BULLENT;2;8.2.1974;2;0
HAKINAR;2;21.1.1962;0;2
VECIHEI;1;3.6.1947;0;1
SUBBER;1;22.7.1943;1;0
CUMAZIYEL;1;16.11.1940;0;1
NERMANIYE;2;27.1.1957;0;2
FERMAYE;1;28.4.1956;0;1
MUTTIKA;1;27.8.1932;0;1
PELIZ;1;1.10.1955;0;1
KAFFEN;1;28.9.1966;0;1
NESEVIM;1;7.12.1939;0;1
TEYYARE;1;6.4.1974;0;1
DANNA;1;1.9.1990;0;1
RESUYE;1;26.4.1961;0;1
MUSERRETTIN;1;10.2.1948;1;0
MAKSUDI;1;6.7.1943;1;0
ZEHRAT;1;27.11.1932;0;1
DALMAZ;1;18.8.1940;0;1
KEJDER;1;1.8.1965;1;0
SAHENDAR;1;21.1.1929;0;1
HUSUM;3;18.12.1964;0;3
MEHMTE;1;7.6.1954;1;0
MUHTEDIL;1;22.7.1967;1;0
HAZADE;1;6.3.1945;0;1
MUPDALE;1;2.10.1969;0;1
EPSEM;1;12.9.1931;1;0
INCIDUR;1;11.11.1957;0;1
TEMMA;1;14.9.1950;1;0
FEYSEBIN;1;3.4.1933;0;1
NAMIKHAN;1;4.1.1979;0;1
ALIDAIM;1;13.12.1963;1;0
ZUNFER;2;19.4.1954;1;1
HAYLANGUL;1;12.4.1959;0;1
ERSANAL;1;22.8.1943;1;0
SOTER;1;17.3.1948;0;1
ILAMIY;1;21.8.1972;1;0
BELGER;2;17.5.1977;1;1
GULFUK;1;15.4.1934;0;1
EYFIYE;1;12.5.1931;0;1
BERKKOK;1;11.9.1979;1;0
MAYSAL;1;12.4.1971;0;1
CEMRAY;1;6.10.1991;0;1
FETIULLAH;1;2.3.1982;1;0
NEYBE;1;21.12.1965;0;1
GOSENEY;1;12.5.1934;0;1
IREFE;2;9.11.1965;0;2
SELIFA;1;7.4.1946;0;1
NEHIRMAN;1;28.8.1943;0;1
GULGINAY;1;19.12.1991;0;1
MIHRIK;1;5.8.1932;0;1
VECELLA;1;20.5.1966;0;1
ZILHIMAR;2;29.2.1974;0;2
DILBIZE;1;12.5.1952;0;1
KEYFER;2;10.1.1976;1;1
SEKKINE;1;26.10.1941;0;1
EMIRGUN;1;9.12.1937;1;0
BELYE;1;12.1.1978;0;1
HUNNISE;1;30.1.1962;0;1
HINCIYE;1;22.3.1941;0;1
AZIPE;1;26.11.1956;0;1
BADEYEL;1;6.6.1969;1;0
HAMDILLAH;1;22.5.1991;1;0
HEMDULLAK;1;19.9.1979;1;0
GOKTAL;3;19.11.1978;2;1
ASLANGERI;1;6.2.1937;1;0
MEHRAM;5;15.3.1958;0;5
VEZDUFE;1;2.7.1939;0;1
CEVDAL;1;12.3.1971;0;1
NASENTE;1;26.5.1975;0;1
ZIYAVET;3;18.8.1962;1;2
CAFES;2;28.2.1967;1;1
HAKIGUL;1;27.5.1956;0;1
SEYDIMEHMET;1;14.5.1953;1;0
GULENSAH;1;9.8.1975;0;1
NEBASE;1;28.2.1962;0;1
MERHATUN;1;13.10.1987;0;1
ESFENDI;2;6.8.1972;2;0
GULMEZAT;1;2.7.1945;0;1
MUSEDE;1;4.4.1981;0;1
MUSAFFAH;1;21.7.1950;0;1
SECEADTIN;1;12.3.1971;1;0
UYE;2;15.9.1956;0;2
NICAETTIN;1;16.12.1969;1;0
HISMIGUL;1;7.6.1958;0;1
ASLANSEFER;1;21.3.1970;1;0
NATULLAH;1;17.2.1954;1;0
SUBEN;4;26.12.1977;0;4
NACMEDDIN;1;29.6.1969;1;0
NURIMUMIN;1;10.8.1934;1;0
JULEDE;1;23.10.1978;0;1
AYAZGUL;2;2.9.1962;0;2
SEMRANIYE;1;12.3.1965;0;1
SONCIL;1;4.4.1981;0;1
ADAVIYA;1;6.5.1963;0;1
HUSENMA;1;21.3.1969;0;1
ABDULLAHGAZI;1;3.3.1957;1;0
UNZURE;4;20.11.1967;0;4
ZILALIN;1;11.11.1986;0;1
SAGCIHAN;1;7.3.1956;0;1
MAHBUBULLAH;1;16.6.1945;1;0
ASLIBENGUL;1;2.7.1984;0;1
SENMAZ;1;24.2.1967;0;1
GULATA;1;12.4.1943;0;1
OZCEMIL;1;14.1.1981;1;0
GULANIM;1;27.5.1974;0;1
FEYTAP;1;18.8.1960;0;1
SATGUL;3;11.4.1967;0;3
HUGUZAN;1;7.7.1964;0;1
MUJGET;1;11.2.1957;0;1
MUFTEDE;1;5.3.1955;0;1
MAHPIRE;1;14.3.1946;0;1
ERSOYU;1;29.6.1976;1;0
GULHASEM;1;17.1.1965;0;1
MUTLUOL;1;26.4.1978;1;0
UMUYEN;1;9.3.1955;0;1
SEVIMDER;1;28.7.1960;0;1
DEMRANE;1;26.6.1973;0;1
G.AHMET;1;26.5.1958;1;0
SEMIDAR;1;22.4.1955;0;1
FERZAMA;1;27.1.1962;0;1
SEVALNUR;1;15.7.1976;0;1
AYNOL;1;12.7.1958;0;1
MAVINE;3;6.10.1965;0;3
SALIMEMET;1;25.10.1953;1;0
SEVIMDAR;2;14.4.1959;0;2
ELKER;1;14.12.1960;0;1
AGIBE;1;2.3.1951;0;1
DEYLEMI;1;25.4.1965;1;0
YASEB;1;2.8.1939;1;0
NASUFI;1;22.9.1954;1;0
TORUYE;2;8.9.1950;0;2
TEMENDIR;1;12.10.1947;1;0
DALIN;4;18.6.1976;0;4
MEKURIYE;1;24.1.1985;0;1
NURHELAL;1;3.3.1951;0;1
MAIZET;1;27.8.1950;0;1
DURME;1;25.3.1961;0;1
IMSIYE;1;5.2.1945;0;1
LEYLIKA;1;26.5.1943;0;1
KAYADURMUS;1;17.8.1936;1;0
SULADIYE;1;21.2.1956;0;1
FERDANIE;1;22.8.1931;0;1
SAVICE;1;12.3.1947;0;1
SEVT;1;2.8.1927;0;1
ERHANIYE;3;10.8.1968;0;3
MUYEDDET;2;3.1.1948;0;2
IRDADE;1;24.1.1957;0;1
AYATTIN;2;26.2.1966;2;0
ZUNSA;1;12.8.1929;0;1
SAHSENER;3;14.1.1956;0;3
NEVATI;2;30.12.1967;2;0
DAHSIN;1;4.11.1968;1;0
SEFINNAZ;3;4.4.1958;0;3
S.HALIL;1;22.8.1937;1;0
SASUMAN;1;17.11.1968;0;1
LEYALA;1;1.5.1975;0;1
USKER;1;1.1.1;1;0
EDIR;2;9.11.1983;1;1
BALIHA;1;18.5.1948;0;1
SEMSULTAN;1;27.5.1968;1;0
MULEZZIM;3;27.1.1944;3;0
MULTEHA;1;25.1.1935;0;1
GULSACTI;1;26.1.1980;0;1
SUNDUZMELEK;1;2.2.1951;0;1
POYTON;1;7.3.1976;0;1
IKIT;1;7.8.1934;1;0
MUNCE;1;11.3.1943;0;1
MANISTAN;1;9.3.1970;0;1
PANTOTO;1;2.8.1933;0;1
NEZBI;1;15.7.1949;1;0
GORMUS;1;24.12.1962;0;1
ERMUTLU;3;10.8.1971;3;0
ZERRINZEYNEP;1;8.1.1985;0;1
TURANTAN;1;22.3.1955;1;0
RUDET;1;11.11.1955;0;1
MUBECCE;7;9.8.1950;0;7
BENDENGUL;1;21.3.1975;0;1
OCALBAHA;1;21.4.1963;1;0
GELTURAN;1;17.3.1991;1;0
ERBAI;2;5.7.1961;2;0
SELVINA;2;11.5.1968;0;2
GULZA;1;17.6.1977;0;1
ALIMIDRAK;1;1.6.1943;1;0
ZAKE;1;17.2.1960;0;1
HUMAZET;1;11.4.1944;0;1
TEVCIT;4;25.11.1958;3;1
UTKUATA;1;12.6.1977;1;0
SUTEYLE;1;28.10.1964;0;1
ERTOKUL;1;17.2.1960;1;0
FERINCA;1;22.2.1967;0;1
NEVINEZ;1;27.2.1956;0;1
ELAADIN;2;25.2.1959;2;0
ANTIKAN;2;17.9.1953;0;2
MOHMIN;1;21.1.1963;1;0
GANZAFER;1;24.8.1957;1;0
SEMEMGUL;1;30.5.1973;0;1
MAITER;1;13.6.1977;0;1
MAYIN;1;23.12.1983;1;0
HURUCIHAN;2;5.1.1955;0;2
ARCI;1;2.2.1945;0;1
MUNEZCE;1;2.12.1963;0;1
KEMARE;1;17.2.1948;0;1
PENAR;1;11.8.1981;0;1
CEMIGUL;1;3.2.1969;0;1
SEREFADDIN;1;2.6.1955;1;0
NURBULENT;1;17.2.1984;1;0
HOKMUNAZ;1;2.6.1970;0;1
HASRETKAYA;1;7.2.1943;1;0
LATI;2;9.10.971;0;2
ISPENDER;1;27.8.1932;1;0
FETENNE;1;22.3.1955;0;1
ULFIYA;2;18.7.1969;0;2
TURGAH;1;12.4.1971;1;0
TURKILERLER;1;25.4.1967;1;0
NETER;1;22.8.1925;0;1
ANUZ;1;22.8.1925;0;1
KOCALA;1;17.12.1978;1;0
HIDOS;3;3.8.1955;0;3
FULUT;1;12.12.1965;1;0
PARSER;1;27.2.1950;0;1
KARAKAZIM;2;8.7.1940;2;0
HUSNIFE;1;4.8.1967;0;1
KAHINET;1;28.5.1966;1;0
SANIYER;1;20.2.1946;0;1
BEMINAZ;1;9.3.1952;0;1
PORUZAT;1;19.11.1966;0;1
ALIBALABEY;1;16.3.1956;1;0
CEVERNAZ;1;27.7.1945;0;1
HASBAHAR;1;17.6.1966;0;1
PITON;1;27.10.1944;0;1
ABITIN;1;27.6.1956;1;0
RITAN;1;6.11.1942;0;1
ALAYAS;1;13.5.1937;1;0
UZBINE;1;23.3.1967;0;1
GULHITAM;3;1.6.1949;0;3
KAVHARNAZ;1;9.2.1939;0;1
FAZAIL;2;28.11.1934;2;0
KANZER;1;27.8.1926;0;1
MUJDIHA;1;2.12.1982;0;1
SANABAT;1;12.4.1953;0;1
HUMEZAT;1;2.5.1966;0;1
MUESEDDIN;1;9.6.1940;1;0
VARKIYAS;1;7.7.1969;0;1
MINTEVA;1;27.5.1977;0;1
ABDULKARIM;2;30.11.1981;2;0
MUKADIM;1;3.7.1943;1;0
MELEKSUNA;1;2.7.1945;0;1
HESAPALI;1;10.4.1945;1;0
KIZIR;1;27.8.1926;1;0
ENSARALI;1;2.3.1951;1;0
ZILFIPERISAN;1;1.1.1;0;1
MUFTALALI;1;26.5.1983;1;0
NARGULLU;2;5.5.1947;0;2
NASIFET;2;17.3.1968;0;2
HESMINAZ;1;19.4.1944;0;1
MAYSERUZ;1;23.3.1967;0;1
SAVKATTIN;1;4.8.1947;1;0
DESMINAZ;2;28.6.1934;0;2
MIZRAF;1;11.8.1944;1;0
TUVARIYE;1;2.3.1951;1;0
AYDINAZ;1;5.5.1963;0;1
DOSMINOR;1;18.6.1946;0;1
HAMPASA;1;12.8.1911;0;1
RAYIS;1;27.7.1974;1;0
MUSLIYAT;1;23.5.1967;0;1
RUDDET;2;24.9.1957;1;1
MAGBURE;3;14.5.1947;0;3
ZENIDE;2;21.10.1956;0;2
KIMEL;1;24.5.1937;0;1
DILFUZUR;1;17.5.1953;0;1
RAZAYIN;1;21.10.1953;0;1
MAKPERUZ;1;16.8.1944;0;1
KILMISYAH;1;24.5.1952;0;1
HANSLI;1;16.11.1988;0;1
SOLYASAR;1;7.1.1976;1;0
NEFMIYE;1;1.7.1968;0;1
ABDULAZAM;2;6.10.1973;2;0
AFIGUL;2;22.12.1952;0;2
GURDA;2;21.1.1966;0;2
SANZUBET;1;9.4.1964;0;1
HUBLIKA;1;22.8.1925;0;1
PORUYE;1;7.2.1964;0;1
FESNEGUL;1;20.4.1945;0;1
BALACA;1;2.3.1963;1;0
MUDEHET;1;9.11.1969;1;0
BERTAS;2;22.11.1980;2;0
ZIAMET;1;17.8.1924;0;1
HULUISI;1;21.9.1934;1;0
FIRUT;1;16.12.1949;1;0
ALTUK;1;2.5.1975;1;0
MUHABBAR;1;21.7.1957;0;1
SOYGUNAZ;1;14.2.1948;0;1
TURKKIYAM;1;21.7.1945;1;0
TEFUK;2;17.8.1954;2;0
SERBAI;1;4.5.1939;1;0
MINTEKIN;1;14.3.1946;1;0
KOKUS;1;27.2.1938;1;0
NURBUYA;1;21.11.1977;0;1
ZIYEDIN;2;9.1.1952;2;0
YURDALA;1;7.2.1946;1;0
SIYESET;2;29.3.1959;0;2
IYDEN;1;22.6.1985;0;1
GULFEYZE;1;9.1.1962;0;1
GUNALHAN;1;2.8.1957;1;0
BINHAYAT;1;22.2.1973;0;1
DARDI;1;7.10.1956;0;1
TIFIL;1;3.4.1962;1;0
ZILFUSIYAH;1;2.2.1957;0;1
SACINETTIN;1;12.2.1983;1;0
CANILGIN;1;27.6.1991;1;0
NENAHANIM;1;12.3.1947;0;1
A.FUAT;1;3.8.1967;1;0
A.MURAT;1;18.2.1965;1;0
FURGANI;6;28.9.1960;6;0
VEGIS;1;30.8.1974;1;0
ONTAC;1;2.3.1981;1;0
TUNCUAY;1;3.4.1965;1;0
EHTIAMAN;1;29.6.1962;1;0
VAHIDAT;1;26.10.1960;0;1
TAMRUZ;1;7.7.1958;1;0
HUKER;1;7.5.1946;0;1
NECIRET;1;22.3.1944;1;0
SEBAHAYAT;1;12.2.1965;0;1
NIDANI;1;11.3.1963;1;0
MORAL;3;5.2.1947;0;3
MAYFERUZ;1;16.6.1949;0;1
OZBAYRAK;3;15.1.1960;3;0
HICAS;1;7.12.1961;0;1
ZIYNEDDIN;1;11.4.1957;1;0
MECBURYA;1;14.3.1965;0;1
TEYFON;1;23.9.1949;0;1
BAYBEDDIN;1;12.6.1989;1;0
BENSIGUL;1;24.3.1973;0;1
BADRETTIN;2;16.11.1975;2;0
SAHNEZET;1;1.4.1942;0;1
KOSGUZEL;1;29.3.1968;0;1
NAZMAN;1;5.8.1961;0;1
BELGUNER;1;13.2.1959;0;1
GOGIYE;1;19.1.1960;0;1
NEYZER;1;6.7.1966;0;1
HUMMALI;1;2.4.1945;0;1
A.SENTURK;1;2.2.1963;1;0
AYNUP;1;12.3.1971;0;1
PATON;1;7.2.1952;0;1
SEVHANIM;1;2.2.1963;0;1
MINIRSE;1;12.6.1965;0;1
GENDAP;1;7.8.1952;0;1
MERDAIL;1;4.11.1936;1;0
SIRBI;1;17.1.1965;1;0
YURTALAY;1;9.9.1975;1;0
EGUP;1;14.8.1969;1;0
BALAKISI;3;14.2.1964;3;0
NAZAKER;5;11.10.1953;2;3
USTUNBEY;1;12.12.1983;1;0
HACIMERT;1;25.5.1989;1;0
H.CEVDET;1;7.3.1964;1;0
NEJE;1;7.2.1970;0;1
KAHAT;1;30.2.1945;0;1
MAHBILA;1;2.8.1975;0;1
PANGILOT;2;6.7.1951;0;2
ENDEK;1;2.2.1975;0;1
ZERLISAN;1;19.3.1941;0;1
KOKCEK;2;3.4.1947;0;2
YURDASOY;1;22.2.1985;0;1
ALIONER;1;3.11.1968;1;0
SADEKAN;1;25.12.1981;1;0
ZULCAL;1;17.3.1972;0;1
PANKOLOT;1;12.2.1941;0;1
ALIGURBUZ;3;2.3.1961;3;0
BOCA;1;21.8.1930;0;1
SIHATI;1;19.5.1982;1;0
HACIBESTEN;1;3.6.1956;1;0
SELYE;1;21.11.1965;0;1
LEMAYA;1;22.3.1973;0;1
ORTAYURT;2;11.7.1956;1;1
ALIBEKTAS;1;27.8.1986;1;0
GULCEYRAN;2;27.2.1956;0;2
CENNETANA;1;16.5.1941;0;1
GULMAHAS;1;16.9.1965;0;1
SATIYME;5;17.7.1957;0;5
SEZON;2;4.6.1973;0;2
ZURABI;1;2.5.1981;1;0
VESVILE;1;17.2.1960;0;1
SAHAADDIN;1;9.3.1949;1;0
HAKIPSOY;1;9.2.1942;1;0
NISANGUN;1;1.8.1985;0;1
KUFETTIN;1;22.2.1943;1;0
ALYESIT;1;9.4.1957;0;1
TEMIZKAN;1;22.12.1973;1;0
ERTEKSAN;1;12.7.1983;1;0
GEREK;4;6.11.1960;0;4
SURZAL;1;8.11.1938;0;1
KONCAYI;1;28.3.1980;0;1
MAGRUB;1;6.4.1975;1;0
LUTFEDIN;1;22.2.1961;1;0
ERTUGDUL;1;7.8.1987;1;0
MUEVVER;1;23.8.1972;0;1
YUSME;1;10.3.1950;0;1
NEZIFET;1;7.2.1934;0;1
GOKCA;3;20.6.1963;0;3
LIMANET;1;17.2.1960;0;1
ILMISAN;1;28.6.1948;1;0
MAYOR;1;27.4.1951;0;1
GURBOY;1;25.5.1973;1;0
OCAY;3;29.5.1974;1;2
SEABAT;1;26.6.1955;0;1
SEVTAV;1;6.11.1986;0;1
OZGUL.;1;26.6.1991;0;1
ALLAVERDI;1;27.11.1980;1;0
FERFULA;1;2.2.1963;0;1
ERBICAN;1;17.2.1966;1;0
BEYARSLAN;1;11.5.1975;1;0
MAYHANA;1;7.2.1958;0;1
ONUROLGUN;1;17.3.1984;1;0
DOMAN;1;21.8.1964;0;1
ORMANCI;1;27.1.1980;1;0
KIYYAZ;1;12.8.1941;0;1
MEMCI;2;21.8.1942;1;1
DODAK;1;21.10.1952;0;1
TERBIN;1;10.6.1982;0;1
YUKSELGUL;3;2.12.1963;0;3
FILGUL;1;2.8.1957;0;1
CAIM;1;19.12.1946;1;0
ANATELLI;1;13.9.1951;0;1
GULSAYDI;2;24.9.1964;0;2
MUHPEREDDIN;1;2.11.1945;1;0
BALICICEK;1;12.2.1965;0;1
YUSI;1;1.1.1;0;1
HAVAYIR;1;6.6.1978;0;1
MIRSERDIN;1;3.1.1939;1;0
KIDOS;1;27.2.1944;0;1
SEYRICAN;3;21.3.1953;0;3
ILHANUR;2;19.3.1971;1;1
HATEMALI;1;17.5.1966;1;0
FEFIK;1;22.6.1991;1;0
CEYSIN;1;8.2.1991;1;0
RUHUL;1;1.7.1990;1;0
MANYOR;1;17.8.1930;0;1
EFLATAN;1;22.8.1925;0;1
ETEMIN;1;26.11.1978;0;1
RUYUZET;1;25.3.1955;0;1
FAYDIME;4;3.10.1953;0;4
GULEFERIN;1;12.2.1947;0;1
CARSIT;1;2.8.1927;0;1
SURIYEL;1;8.6.1970;0;1
PEZAR;1;7.8.1940;0;1
KERMI;1;3.4.1937;0;1
MUKUYE;2;6.9.1979;0;2
GULDADE;1;2.9.1946;0;1
MAHSINAZ;1;22.2.1949;0;1
OGTEM;2;27.1.1943;1;1
SARKINAZ;1;15.2.1935;0;1
NEBILYA;1;17.10.1989;0;1
MUHIMDAR;1;2.5.1955;1;0
BESIRCAN;1;18.5.1979;1;0
KEZHANIM;1;5.7.1951;0;1
GUCLER;1;19.2.1986;1;0
BEYTEMUR;2;27.2.1931;2;0
NAYMIN;1;12.6.1947;0;1
ABDULTALET;1;27.3.1974;1;0
BEHIZER;2;11.10.982;0;2
NAZIBEY;1;13.7.1977;1;0
MAVINCE;1;24.2.1969;0;1
VERKIYAS;1;19.7.1946;0;1
ALIMERDEN;1;11.1.1985;1;0
GURENAY;1;6.7.1980;0;1
MUHTELE;2;13.5.1951;0;2
OKLENDER;1;11.1.1962;1;0
BAKIBILGIN;1;17.5.1987;1;0
ALIYAZDAN;1;24.2.1960;1;0
BAKCEGUL;1;4.4.1965;0;1
GUVENOL;1;1.5.1964;1;0
MUCAT;1;21.4.1989;1;0
GIDILANA;1;14.7.1987;0;1
ONALP;1;10.3.1990;1;0
CIMBIYE;1;26.9.1954;0;1
ALENDER;4;23.2.1964;3;1
HANCI;2;2.4.1979;2;0
BURDANE;3;23.2.1967;0;3
SEDNE;1;2.1.1967;0;1
TOMBI;2;18.9.1967;0;2
MUDURAF;1;13.2.1940;1;0
MANIYAR;2;17.4.1946;0;2
PAHTUS;1;12.2.1947;0;1
HASBADEN;1;24.1.1948;0;1
MENTEHE;2;26.8.1948;0;2
TONBE;1;1.6.1980;0;1
GUNOREN;2;4.12.1960;0;2
MILTEZIM;1;8.3.1970;1;0
INEHET;1;9.1.1970;0;1
OZDAY;1;17.3.1984;1;0
TAYANUR;1;30.1.1960;1;0
ZAREFETTIN;1;27.6.1974;1;0
MIDHAD;3;25.11.1954;3;0
BILMIS;2;13.10.1962;2;0
RAIZA;1;27.4.1940;0;1
ARHANIM;1;17.8.1930;0;1
NIDAYIL;3;15.9.1962;3;0
NEZEHEDDIN;1;2.4.1948;1;0
BINASI;4;5.7.1964;4;0
MAYINOR;2;15.8.1959;0;2
BANYE;3;26.10.1959;0;3
IMRES;1;22.12.1949;0;1
MUHUBBU;1;2.8.1939;1;0
SURHAZ;1;7.1.1946;1;0
SENYAZAR;1;29.11.1986;1;0
YAFAS;1;19.6.1955;1;0
SAHSUBAN;9;3.10.1963;0;9
ZENBIGUL;1;7.2.1958;0;1
GULFUREN;1;7.8.1934;0;1
RUYEZE;1;23.2.1963;0;1
HUMURE;5;5.11.1951;0;5
VAHIYADDIN;1;12.1.1959;1;0
ZENNULLAH;1;21.4.1934;1;0
CEMISTAN;4;18.9.1959;4;0
CANSAVER;1;26.1.1989;1;0
RESETTIN;2;12.6.1968;2;0
FERMINAR;1;25.12.1931;1;0
HANIMZEDE;1;1.1.1;0;1
ZEHEDDIN;5;2.1.1956;5;0
GULEYDI;1;4.3.1928;0;1
MUBAYI;3;26.9.1956;2;1
ATASEF;1;12.2.1953;1;0
MUHINAZ;1;22.2.1973;0;1
AYTEGUL;1;11.1.1968;0;1
AYTANUR;2;3.3.1972;0;2
SEFRETTIN;1;7.2.1964;1;0
OZLEDIK;1;7.10.1982;1;0
ONALAN;1;22.5.1967;1;0
DUSERI;4;2.11.1957;4;0
NAMYE;2;5.5.1942;0;2
GULMENEMSE;2;18.6.1942;0;2
SULIYA;2;12.3.1973;0;2
CEMESTE;1;27.4.1954;0;1
BIZANET;1;15.7.1959;0;1
VEHTETDIN;1;27.2.1950;1;0
ELKUTLU;1;18.4.1975;1;0
CANGUNEY;1;1.10.1974;1;0
MENEMES;1;22.8.1931;0;1
NEZAIR;3;27.9.1952;1;2
RESEDDIN;3;29.8.1946;3;0
TEVHITTIN;1;26.1.1951;1;0
ILKINNUR;1;17.9.1972;0;1
GUZEIN;1;26.9.1971;0;1
TEVITTIN;1;16.4.1977;1;0
LUMEZE;1;17.8.1924;0;1
ZILIYHA;1;19.5.1980;0;1
AYDENIR;1;20.6.1948;0;1
SERHUNDE;1;17.6.1972;0;1
TAHMINDAR;2;3.9.1961;2;0
HOSYA;2;18.2.1945;0;2
NURIZAT;2;5.5.1958;0;2
HOSYE;2;10.8.1950;0;2
HUKMEDDIN;7;11.12.1966;7;0
ANOTI;1;2.8.1933;0;1
KISMETLI;1;15.2.1939;0;1
VELIADDIN;4;10.5.1960;4;0
HACUL;2;1.1.1936;0;2
HEZEMIN;1;30.5.1968;0;1
YETINCE;1;28.4.1985;0;1
HOSVER;1;18.1.1965;1;0
PANPILE;1;11.3.1937;0;1
FEZAKET;1;7.8.1928;0;1
SECKEN;1;21.11.1965;1;0
BINLIYE;1;22.2.1967;0;1
TAADDIN;1;27.4.1944;1;0
GULBILE;1;5.11.1962;0;1
CISMART;1;2.8.1945;0;1
FECIZE;1;9.7.1952;0;1
NALENDER;2;7.7.1936;0;2
MERHIYEM;1;26.6.1957;0;1
KIMZIME;1;27.2.1956;0;1
CISMAT;3;14.3.1941;0;3
LUTFIUYE;1;9.3.1958;0;1
SARCAL;1;13.9.1987;0;1
UFUKGULEN;1;4.10.1976;0;1
MAYFINAZ;1;30.6.1940;0;1
NURLAR;1;30.9.1956;0;1
FEZAK;1;7.3.1934;1;0
GULNURI;1;4.7.1943;1;0
TICER;2;2.10.1972;2;0
CINCER;1;16.2.1956;1;0
SUVINE;1;14.4.1942;0;1
EZIFAN;1;21.6.1970;0;1
ALINAZIM;1;15.1.1934;1;0
TURABOGLU;1;23.2.1981;1;0
RECAIN;2;13.4.1969;2;0
IKRAMALI;1;3.1.1972;1;0
HOSIYE;2;18.6.1955;0;2
COCO;1;26.4.1949;0;1
ALISAVAS;1;28.8.1970;1;0
ZEKIFER;1;2.1.1933;0;1
TULMEN;1;27.8.1970;0;1
METANUR;1;29.2.1961;1;0
SEYIDAT;2;4.10.1946;2;0
ULUREV;1;27.5.1974;1;0
PASANUR;1;11.5.1976;1;0
EDEVUS;1;21.11.1963;0;1
MUKKERIM;1;12.11.1971;1;0
ELYESSE;1;30.9.1962;1;0
FAHADDIS;6;13.4.1963;0;6
EMINSAH;3;24.4.1939;3;0
SUEDDIN;1;28.12.1952;1;0
TAJNUR;2;26.9.1965;0;2
SANKER;1;29.12.1950;1;0
FELAHNE;1;15.1.1965;0;1
IRAYGANAT;1;7.1.1982;0;1
ULGUS;1;27.10.1970;0;1
AYBALAM;2;6.4.1986;0;2
SEYASET;1;2.7.1937;0;1
MUZNI;1;11.12.1961;1;0
FESYAL;1;12.3.1953;0;1
SONNAR;2;28.9.1980;0;2
AISEYI;1;10.2.1978;0;1
EFA;1;11.2.1950;1;0
DILFAZ;3;8.11.1947;0;3
MEVKIA;1;1.6.1949;0;1
ELLEZI;2;13.8.1952;2;0
MELIZET;1;2.8.1933;0;1
SERIYAZ;1;11.2.1974;0;1
M.AZMI;1;27.5.1932;1;0
HEDAHAT;1;1.6.1941;0;1
GULLUHAM;1;16.11.1974;0;1
MUFEYLA;1;7.6.1940;0;1
INNAZ;1;6.9.1932;0;1
MEKTUME;2;22.8.1938;0;2
NARAL;1;11.12.1950;0;1
SANJE;1;26.7.1958;0;1
MIRASET;1;12.6.1971;0;1
ZEKAREDDIN;1;10.2.1961;1;0
HIMAIYE;1;7.4.1949;0;1
NERMAY;1;27.8.1974;0;1
SUGEYIP;2;14.10.1975;2;0
SENEHAL;1;17.7.1942;0;1
FAAMETTIN;3;22.6.1954;3;0
CEMAMER;1;10.7.1963;0;1
NAINCER;2;27.7.1950;0;2
SANIYENUR;2;26.6.1961;0;2
TERCUMEN;2;8.9.1982;2;0
FEYNIYAZ;1;2.5.1953;0;1
NUTBIYE;2;7.2.1952;0;2
TUNCINA;1;26.11.1940;0;1
KETINO;1;11.10.1962;0;1
MAHCEBE;1;14.6.1934;0;1
HININAZ;1;3.2.1963;0;1
HICASET;1;7.2.1958;0;1
MIHADE;4;22.3.1952;0;4
EROLTAN;1;13.1.1977;1;0
LAZINDER;1;12.1.1953;0;1
DARIKO;5;25.7.1972;0;5
BILCINUR;1;2.2.1957;0;1
RUTBIYE;10;7.4.1947;0;10
BILGIYER;1;14.4.1978;0;1
NURIHE;1;2.3.1966;0;1
ZULFIYET;2;12.4.1946;0;2
GUNERCIN;1;24.9.1962;1;0
SUSEMER;1;27.3.1920;0;1
YILBAHAR;1;13.9.1970;0;1
TONTOS;1;16.5.1981;0;1
SENIAL;1;2.12.1945;0;1
GULLUCIHAN;2;13.6.1974;0;2
PERGUZEL;1;9.5.1962;0;1
PUDUL;2;29.1.1946;0;2
MUZZET;1;17.12.1965;0;1
GULTAHAR;4;26.1.1966;0;4
HANNANE;1;12.3.1935;0;1
NAGUZEL;2;24.8.1956;0;2
AYNIYAL;1;6.12.1936;0;1
SUNIZAR;1;23.2.1950;0;1
GULESEY;1;26.3.1951;0;1
GULHANBEK;1;18.4.1941;1;0
ALICAKIR;1;2.9.1972;1;0
SAMAVAT;1;26.4.1959;0;1
MIYADER;1;3.1.1945;0;1
GECGUN;1;29.6.1972;1;0
PADIME;5;25.1.1949;0;5
TANNER;3;10.2.1969;3;0
NEHZAAT;1;3.2.1963;0;1
MUSENNUF;1;18.9.1966;1;0
MUGRIP;1;16.9.1965;0;1
KULYA;1;17.4.1964;0;1
MADENOGLU;1;11.7.1957;1;0
SENIYAL;1;11.1.1944;0;1
RAYIT;2;15.10.1961;2;0
RASIMGUR;1;12.1.1992;1;0
GOKTURKHAN;1;23.3.1989;1;0
TAINAT;1;6.2.1963;1;0
NIYDEM;3;26.10.1987;0;3
MELIYER;1;5.3.1956;0;1
NAHSIRE;1;5.7.1940;0;1
DILKUSA;1;12.6.1943;0;1
BOLLU;1;21.4.1951;1;0
MIHLAT;1;24.4.1967;1;0
ZILFENAZ;1;8.5.1963;0;1
TUZEMEN;1;16.7.1938;0;1
ZENIFER;2;11.11.1936;0;2
HURMIZI;1;26.6.1959;0;1
SASVI;12;6.5.1950;0;12
HISHANIM;1;9.3.1957;0;1
NARIYET;2;20.9.1951;0;2
SASU;1;7.5.1934;0;1
FONDI;1;11.8.1955;0;1
GULISIN;2;20.2.1964;0;2
SAHZIL;3;20.1.1949;3;0
MUCAYIZ;1;19.10.1969;0;1
HEMMIYET;1;24.10.1946;0;1
S.RUSTU;1;12.8.1935;1;0
NURZIYAN;2;22.3.1961;0;2
TATLA;2;24.6.1942;0;2
MINERI;1;21.4.1958;0;1
NAPIPE;1;11.3.1953;0;1
ENEF;1;2.2.1951;1;0
MERIKIYE;1;21.1.1943;0;1
NALALE;1;27.8.1932;0;1
GUSO;1;16.12.1952;0;1
ILMIHE;1;22.2.1967;0;1
SERDINAR;1;22.8.1925;0;1
SATURI;1;30.3.1948;0;1
PAKIZET;2;25.10.1949;0;2
SURULA;1;17.7.1972;0;1
SEBARET;1;13.5.1961;0;1
CHERIBAN;1;2.10.1980;0;1
BINTEN;2;22.2.1967;0;2
MAINAZ;1;17.2.1948;0;1
SAYNOR;1;21.1.1957;0;1
ALSANCAK;1;11.8.1961;1;0
SUDDI;1;12.2.1959;1;0
SAZUTTIN;1;27.2.1935;1;0
VACEDDIN;3;24.7.1967;3;0
SEMURHAN;3;20.3.1966;2;1
CARSIYE;1;1.10.1972;0;1
RIZAL;1;9.8.1978;1;0
AYNIHAR;2;13.6.1952;0;2
RIFTIYE;2;15.12.1956;0;2
SAHIK;1;4.2.1951;1;0
BERMAH;1;19.7.1971;0;1
EDIKI;1;7.1.1937;0;1
KHATIA;1;1.1.1970;0;1
MELAITE;1;27.3.1941;0;1
MUFITE;2;28.4.1962;0;2
FARAHATTIN;2;18.8.1965;2;0
NIGFIRE;1;17.2.1946;0;1
NIZAHET;2;12.1.1953;0;2
ALIZAIM;2;21.5.1966;2;0
AYDEMIN;1;2.3.1969;1;0
AKYAZ;1;9.6.1937;1;0
MUCEBBER;2;21.10.1944;0;2
MAHSIKAR;1;12.6.1964;0;1
ELINCAN;1;1.9.1989;0;1
KASPER;1;12.2.1953;1;0
SAARIYE;1;6.1.1970;0;1
DINACET;1;18.10.1958;0;1
MUTLUKAN;4;18.1.1978;4;0
NURDASEN;1;30.11.1964;0;1
MUJDAHAR;3;26.1.1982;0;3
NAZIGAN;1;27.7.1944;0;1
SUREZAT;1;27.7.1938;0;1
ZUYEYHA;1;16.4.1965;0;1
SERSAT;2;14.12.1971;2;0
EMKAN;1;12.3.1953;1;0
MINNIYE;1;26.11.1972;0;1
YASARDIN;1;2.1.1939;1;0
NERUHA;1;16.3.1943;0;1
YASARGAZI;2;3.7.1954;2;0
PUSUL;1;11.7.1954;0;1
OLFIYE;1;23.4.1949;0;1
GUSAYI;1;29.7.1943;0;1
YELDAHAN;1;13.7.1986;0;1
CANOKAY;1;19.5.1988;1;0
TEMELCAN;2;24.8.1966;2;0
NERIMANE;1;2.7.1933;0;1
FETHE;1;8.5.1942;0;1
EMBEGI;1;2.2.1951;1;0
NILO;1;11.3.1975;0;1
CANISI;1;6.6.1977;0;1
EYISEL;1;11.1.1967;0;1
SAMIDTIN;1;6.5.1949;1;0
TEHEMMUL;1;4.3.1966;0;1
NIZAAT;1;1.5.1965;0;1
VASPIYE;4;13.4.1457;0;4
SEFAGET;3;6.3.1974;0;3
SETAYET;1;8.6.1940;0;1
GULINUR;1;22.2.1967;0;1
SEMIYEL;3;4.8.1967;0;3
MENINUR;1;30.1.1956;0;1
YETARNAZ;1;22.9.1955;0;1
YUCELETTIN;1;17.4.1960;1;0
GUNEYHANIM;1;16.4.1969;0;1
HUSINAZ;1;25.11.1941;0;1
MENFE;1;4.1.1962;0;1
MASIMA;1;26.8.1963;0;1
CEMENDAR;1;7.2.1934;1;0
ULKUMSEL;1;2.8.1962;1;0
ORDEN;1;7.3.1951;1;0
TOHMUNE;1;7.4.1958;0;1
FERMIDIYE;1;3.3.1963;0;1
FILVILAT;1;8.3.1965;0;1
TEADDIN;1;7.4.1944;1;0
HUMESI;2;21.8.1938;0;2
BINDANE;3;21.1.1953;0;3
PENYA;1;3.10.1981;0;1
METECEM;3;18.12.1976;3;0
ARIFBEK;1;29.1.1968;1;0
PIYEN;1;17.10.1972;0;1
NURTAB;1;6.9.1941;0;1
SEMRADILEK;1;9.5.1976;0;1
RAYINDE;1;26.1.1943;0;1
SERIFEMINE;1;26.6.1980;0;1
BELKANIA;1;25.9.1967;0;1
TANSILE;1;1.3.1985;0;1
SANICE;1;13.10.1967;0;1
PERVEZ;2;17.8.1930;0;2
MERDANALI;1;2.2.1947;1;0
GOKSET;1;26.1.1944;0;1
GUNSELIM;1;15.9.1945;0;1
UMSAKINAT;1;26.9.1963;0;1
NURSAAT;4;5.2.1960;3;1
SEHINE;8;28.5.1954;0;8
DEDI;1;2.8.1939;1;0
RASTIK;1;12.9.1934;1;0
SAHABENDER;2;7.11.1935;2;0
VESBINOR;1;2.2.1957;0;1
EZMINDAR;1;29.10.1951;1;0
MECMUTTIN;1;1.1.1;1;0
MIKAYET;1;12.7.1934;1;0
HIKMINAS;1;16.4.1953;0;1
SUNIRE;2;28.8.1970;0;2
SAHBATON;1;9.1.1930;0;1
EFLETTIN;4;14.1.1952;4;0
RENKLI;2;28.9.1962;0;2
REHINDE;1;11.11.1937;0;1
SELFIDAR;1;1.2.1960;1;0
SAYIMDE;1;5.9.1945;0;1
HICAMET;1;10.4.1943;1;0
HULIYAT;1;4.4.1931;0;1
EHLIDIL;10;7.12.1953;0;10
ZEHIRALI;1;2.3.1957;1;0
TEYMEDDIN;2;30.8.1953;2;0
NUSURIYE;3;7.4.1945;0;3
EVHATBEY;1;2.12.1934;1;0
SUMIRHAN;1;16.4.1982;0;1
GUNSEFA;1;27.4.1932;0;1
BIYNAZ;1;23.4.1966;0;1
NUHISER;1;17.4.1946;0;1
MOLLABEK;1;11.6.1947;1;0
MAINOR;1;30.4.1950;0;1
SEMSINOR;1;16.3.1950;0;1
NESVETTIN;2;2.1.1945;2;0
TERMINUR;1;16.4.1943;0;1
MEKTEBAR;1;7.8.1922;0;1
REHMINAZ;1;2.2.1945;0;1
FENNAN;1;15.12.1934;0;1
MEHLULE;1;27.8.1932;0;1
YUNUR;1;2.3.1981;1;0
HITOZ;1;23.3.1939;0;1
BENUZE;1;18.4.1944;0;1
GULEZEZ;2;23.8.1950;0;2
ALEYMAN;1;25.2.1935;1;0
ZILFIDAR;1;12.8.1923;0;1
SISMET;1;13.4.1946;0;1
RUYSER;1;11.2.1952;0;1
SALCEN;1;2.2.1963;0;1
NEVRINDE;1;7.8.1922;0;1
TATI;1;4.10.1932;0;1
REHMEN;1;7.8.1940;0;1
NUSHEDI;1;27.2.1932;0;1
SANISER;2;1.10.1964;0;2
ZULFICAR;1;16.11.1941;0;1
MEDINAZ;2;11.1.981;0;2
GULHEZA;1;7.8.1928;0;1
MINISA;3;7.2.1962;0;3
ASIMDER;1;8.8.1950;1;0
NAHYIDE;1;26.8.1955;0;1
BULBINAZ;1;6.3.1949;0;1
NUKTI;1;19.1.1934;0;1
ISLAMEDIN;1;12.8.1965;1;0
MURTIBEY;1;7.4.1970;1;0
ALAYBEK;2;25.1.1970;2;0
FISTEN;1;11.7.1951;0;1
MUHTETTIN;2;25.1.1956;2;0
NUKIFE;1;28.10.1940;0;1
NAYICER;1;3.12.1951;0;1
HISAPALI;3;2.9.1937;3;0
NIDAYE;1;1.7.1935;1;0
ILTINUR;1;7.2.1946;0;1
VESEKA;1;11.7.1940;0;1
ASIMDAR;1;15.4.1946;1;0
HILMINAZ;3;21.7.1948;0;3
YETISTEMEL;1;3.11.1965;1;0
AYBILOR;1;11.2.1951;0;1
AYNIMET;1;5.4.1951;0;1
MANFER;1;22.3.1940;1;0
NASAHIYE;1;20.3.1966;0;1
MEHINUR;2;24.12.1934;0;2
HIKAYE;3;13.8.1953;0;3
EMRAZE;1;13.1.1944;0;1
MUMINAZ;2;28.10.1960;0;2
EHMERE;3;2.5.1949;0;3
NURTEZE;1;2.10.1964;1;0
MEGZUNE;2;6.3.1953;0;2
RIZAMEDDIN;1;29.3.1949;1;0
HAVUL;1;25.7.1943;0;1
NURENGUL;2;14.10.1958;0;2
EZINGUL;1;26.1.1966;0;1
DURSEDDIN;1;12.4.1941;1;0
ZIHYETTIN;1;9.10.1938;1;0
MUNIHA;1;3.4.1962;0;1
FEYRASET;1;26.4.1943;0;1
GURRUH;3;20.1.1965;0;3
MINIRIYA;1;2.5.1975;0;1
ZEHNIYA;1;27.12.1940;0;1
TEKTIM;1;11.1.1956;1;0
AYSADE;3;12.12.1956;0;3
GULEYRI;1;29.11.1956;0;1
MUSENIF;1;2.6.1981;1;0
HAVUCA;1;12.2.1947;0;1
TESPIYE;1;8.11.1956;0;1
ZEFINE;4;22.10.1960;0;4
FILINDE;1;26.2.1937;0;1
FILTEN;1;17.2.1960;0;1
HUBIYET;1;2.1.1963;1;0
FIKAETTIN;1;18.4.1947;1;0
MUZIFET;1;2.3.1938;0;1
YURDISER;1;16.10.1969;0;1
ZULFNEZAHA;1;9.3.1946;0;1
NEDAYIM;1;24.12.1970;0;1
DEDEBEK;1;25.12.1987;1;0
SABADET;1;8.11.1939;0;1
RECULE;2;10.1.1963;0;2
NECAYIR;3;9.10.1958;3;0
CUVARIYE;2;25.7.1957;0;2
GULIVER;5;11.5.1961;0;5
NAHISTAN;1;7.3.1950;0;1
DUREKREM;1;26.3.1946;1;0
MUZAYYAN;1;23.9.1964;0;1
GULKIREZ;1;27.12.1948;0;1
YEDIDAL;1;22.2.1979;1;0
SUTINA;1;12.3.1972;0;1
MELHEMIYE;1;17.2.1932;0;1
ZEYNIYA;1;17.11.1940;0;1
FERAHNA;3;28.6.1968;0;3
NURCINAR;1;22.3.1985;0;1
YUFI;1;6.3.1980;0;1
ILLELLAH;1;26.6.1955;0;1
HAVEZE;2;28.6.1953;0;2
ZENIHE;3;13.5.1948;0;3
SEVKETCAN;2;3.2.1983;2;0
MUKAMEDDIN;1;12.6.1965;1;0
BAVMINE;1;6.12.1963;0;1
MALIHEH;2;19.12.1964;0;2
KUBRATUL;2;10.2.1990;0;2
HAVURZEMIN;1;2.6.1963;0;1
MUSEBIDDIN;1;13.7.1952;1;0
TAMERE;1;1.2.1974;0;1
ZENIGUL;3;29.11.1959;0;3
NURFADEN;1;20.8.1967;0;1
URDEL;1;12.5.1968;1;0
TUCEL;3;27.1.1967;2;1
HESBU;1;1.3.1971;1;0
SUERRA;1;26.9.1962;0;1
ROSKET;1;21.6.1966;0;1
CELVEDIN;1;2.1.1974;1;0
GEBAHA;1;21.2.1953;0;1
AZILET;1;28.11.1966;0;1
ARAPSERHAT;1;21.1.1975;1;0
KESIBAN;1;27.2.1974;0;1
ERNAZIM;1;3.1.1939;1;0
MUKSUDE;1;29.4.1962;0;1
REDVIYE;2;2.3.1947;0;2
HALISCAN;3;8.11.1977;3;0
HULYUZ;1;27.10.1968;0;1
ISVENDI;3;29.12.1956;3;0
MUBAETTIN;1;11.1.1969;1;0
NURLEMER;1;27.9.1936;0;1
ECABIYE;1;24.8.1978;0;1
SEITAHMET;1;20.6.1966;1;0
IZDES;1;18.9.1936;0;1
GENNUR;2;29.6.1973;0;2
UDAYET;3;16.3.1964;2;1
MUCBIRIYE;2;22.2.1973;0;2
ZUVEL;3;28.11.1971;0;3
SIYAZIM;1;22.8.1967;1;0
SAYESTER;4;17.5.1970;0;4
RAVIYA;1;23.3.1967;0;1
BAHISSE;1;25.6.1968;0;1
FETAHAN;2;14.5.1964;0;2
SEREFIN;2;12.1.1963;0;2
ALSEVIN;1;27.8.1958;0;1
OZLEMIS;1;17.7.1966;0;1
MEDUS;1;12.8.1953;0;1
NUZUGER;1;6.12.1973;0;1
YURDANSES;1;1.6.1989;0;1
SUGARA;2;17.5.1952;0;2
HANBANU;1;22.4.1918;0;1
KEMALAHMET;1;6.11.1969;1;0
GURULUF;1;7.2.1964;0;1
RASIMER;1;28.5.1973;1;0
VAHTIA;1;20.12.1940;0;1
MURFEYDE;1;6.4.1985;0;1
RECBER;2;24.7.1983;2;0
RANIL;1;9.2.1991;0;1
SASKUN;1;6.3.1980;1;0
EVERES;1;29.6.1973;1;0
NAHIYA;4;24.6.1965;0;4
SEHARI;1;13.9.1952;0;1
NEVIE;2;17.6.1964;0;2
MUZAKKER;4;17.12.1971;2;2
SEVGINC;1;19.5.1977;0;1
RUCCAN;1;21.1.1977;1;0
NECIE;1;16.3.1926;0;1
KADDIRYE;1;11.1.1970;0;1
VESALETDIN;1;16.6.1976;1;0
AHGUL;3;1.4.1968;0;3
SAGAVET;1;30.6.1956;1;0
BAKSER;3;27.7.1978;1;2
GULDONUR;2;26.7.1973;0;2
ERYALE;2;24.11.1975;0;2
BEYCEN;1;11.6.1988;0;1
TAYNER;1;1.2.1986;0;1
FARMIYE;1;22.2.1967;0;1
GULAYDI;3;26.12.1959;0;3
YUMGULSUM;1;6.4.1944;0;1
MUHAMETIN;1;16.8.1973;1;0
KUTTALIP;1;7.6.1982;1;0
DILLISAH;1;7.8.1964;0;1
NISAMIN;1;3.7.1974;1;0
MERYEMMELTEM;1;15.5.1984;0;1
SULBIE;4;16.5.1953;0;4
MEDVED;2;28.7.1967;2;0
SEHIDEM;4;6.4.1973;0;4
HANURSAN;1;15.12.1971;0;1
SENMIN;2;4.1.1963;0;2
VELTAN;1;25.9.1960;1;0
NIMFE;1;20.8.1979;0;1
SAIDAT;2;30.7.1969;1;1
ETTIYE;1;8.10.1985;0;1
JALEZAR;1;7.4.1970;0;1
GULSEBAHAT;1;9.3.1979;0;1
SEVIGEAN;1;29.9.1964;0;1
M.AFIF;1;15.3.1970;1;0
HICRETIYE;1;11.6.1955;0;1
TERIHAN;2;1.1.1958;0;2
AFRUZA;1;22.12.1952;0;1
SABAYIDE;1;26.9.1973;0;1
NEZAMI;3;5.10.1952;1;2
CALINA;1;18.3.1967;0;1
INDIHAN;4;2.4.1974;4;0
RAUSHAN;2;23.6.1973;0;2
MAMIDE;1;26.5.1967;0;1
TOGIYA;1;17.2.1960;0;1
GUNGORPASA;1;21.1.1964;1;0
TUKEZVAN;2;20.1.1964;0;2
ZOHTI;3;19.5.1961;3;0
SARBEY;1;20.3.1978;1;0
SOMAYA;1;10.4.1951;0;1
SEFUYEN;1;12.8.1953;0;1
ERCEMAL;3;21.1.1961;3;0
VEZIRCENK;1;7.2.1946;1;0
MUREBBE;1;25.5.1942;0;1
KUZEL;2;12.5.1947;0;2
SAHMIRAH;1;18.3.1981;0;1
CUMART;1;15.5.1952;1;0
NISABET;1;2.8.1957;0;1
ALIKARAHAN;1;27.2.1956;1;0
MEHMETHAFIT;1;27.2.1992;1;0
NEYGAHAN;1;19.9.1960;0;1
TAJIDIN;1;27.2.1980;1;0
SENAYIL;1;9.11.1981;1;0
SARAFETIN;3;4.8.1956;3;0
CENANUR;1;8.7.1967;0;1
FIRKANALI;1;7.11.1954;1;0
EBADULLAH;2;26.9.1959;2;0
TUVEDDIN;2;29.4.1973;2;0
OZKANT;1;13.10.1972;1;0
ZULKAHIF;1;2.7.1956;1;0
UMURIE;1;10.4.1974;0;1
TUNNAR;1;2.4.1976;0;1
NURLEVEN;1;12.2.1951;0;1
ERSEC;1;17.4.1988;1;0
ABDILMUMIN;1;28.7.1932;1;0
ZAYAEDDIN;1;28.3.1992;1;0
TELIHAT;3;1.10.1947;1;2
REDET;1;19.2.1957;0;1
GULLETTIN;1;1.4.1984;1;0
AYTEDDIN;1;21.12.1965;1;0
IBNANIYI;1;7.2.1970;0;1
TURVEN;1;1.3.1957;1;0
FAHIRZADE;1;7.8.1976;1;0
MARCAN;1;11.8.1980;0;1
BAHSEGUL;1;13.5.1975;0;1
MERLIM;1;29.5.1989;0;1
MIZAC;1;21.7.1975;0;1
ZAYNAP;2;29.7.1971;0;2
EKTANE;1;27.2.1982;0;1
ABDULHAYDIN;1;3.6.1957;1;0
MUEDDIBE;1;27.4.1974;0;1
ZEDAT;1;17.1.1972;1;0
GULEYVER;1;5.7.1974;0;1
CAIRE;2;27.1.1961;0;2
KURTARIR;1;26.8.1978;1;0
FEVZELETTIN;1;12.2.1959;1;0
KEMERRAH;1;3.6.1975;0;1
EMIYA;2;30.1.1971;0;2
MUHAMETNURI;1;17.5.1973;1;0
RAHILDE;1;10.5.1984;0;1
MEYRIHAN;2;9.3.1959;0;2
LELFE;1;23.4.1946;0;1
FEDAHIL;6;4.1.1957;6;0
FERISTI;2;16.7.1955;0;2
MEMDUKA;1;27.12.1956;0;1
VILDAYE;1;12.5.1956;0;1
CANKAR;3;25.12.1969;3;0
CIVADAN;1;23.7.1943;0;1
MINEVSER;1;27.5.1977;0;1
APTULVAIT;1;21.7.1964;1;0
VEVEGUL;2;5.12.1965;0;2
MEYSIR;1;24.2.1933;0;1
TULBENT;1;3.1.1980;0;1
REKTAN;1;12.8.1989;1;0
FEDAYDIN;1;1.5.1967;1;0
NEDAET;1;11.9.1951;0;1
ZENIHAN;1;30.11.1970;0;1
MUDIN;3;21.4.1953;3;0
oZLEM;2;20.12.1983;0;2
USKAR;3;16.6.1973;0;3
REDAYIM;1;26.12.1959;1;0
MESIEM;1;25.12.1984;0;1
ULKYAN;1;14.9.1967;0;1
LEMASER;1;25.3.1961;0;1
URZEL;1;10.11.1957;0;1
ELIZBAR;1;12.9.1977;1;0
ISTIKBAR;1;9.3.1968;1;0
ZULUDCE;1;15.6.1960;0;1
AKMULE;1;16.5.1938;0;1
RAIYIF;1;14.12.1970;1;0
AYDELEN;1;11.4.1991;0;1
ZEVSEN;1;15.2.1978;0;1
TAHCIN;1;12.5.1979;1;0
HERZIHAN;1;2.3.1960;0;1
REMZANIYE;2;28.3.1964;0;2
ZILABIT;2;28.1.1974;2;0
YELVIZ;1;26.10.1986;1;0
NEVZIE;2;18.8.1973;0;2
ZELCIN;1;17.6.1978;1;0
ZIYAFETE;1;9.4.1962;0;1
LENUR;2;18.9.1978;1;1
RUYEN;3;27.1.1956;2;1
VETCIYE;1;28.11.1963;0;1
HOSNUR;1;22.7.1986;1;0
VASFIDDIN;5;29.3.1960;5;0
VASVIDIN;8;11.7.1961;8;0
BEYENC;1;21.9.1977;1;0
KAMELIYA;1;17.12.1974;0;1
MUBECIL;1;18.12.1978;0;1
SERTIL;1;17.3.1987;1;0
EVUBE;1;6.5.1965;0;1
NERVINC;2;20.6.1963;0;2
SAHIYAR;1;21.5.1941;0;1
GULERDUVAN;1;20.7.1972;0;1
SEVINZUR;1;20.2.1955;0;1
FEVKII;1;18.11.1988;1;0
ASSENIYE;1;4.7.1947;0;1
SEVCIAN;1;15.1.1971;0;1
EMZADEGUL;1;17.4.1972;0;1
MAHUNA;1;19.3.1988;0;1
NEBIKA;2;25.4.1981;0;2
ERGUNAN;1;30.6.1964;1;0
REYAYDIN;1;10.3.1964;1;0
BINBASIYE;1;24.12.1977;0;1
PECRIYE;1;6.11.1973;0;1
NURISTANE;1;10.9.1974;0;1
OKSENAY;2;17.1.1978;0;2
NEVZIA;2;25.4.1955;0;2
VASNIDIN;1;28.5.1987;1;0
NEZIKTEN;1;11.1.1977;0;1
NAZIFEGUL;1;9.9.1970;0;1
VALIHET;1;19.6.1966;0;1
ZADIG;1;3.5.1986;1;0
OKUNAR;1;21.3.1976;1;0
MUVVER;1;17.3.1950;0;1
GULFERIZAT;1;29.6.1960;0;1
SELEMI;5;2.8.1963;5;0
SEFEROG;1;2.2.1975;1;0
MUHIBIDIN;1;7.8.1958;1;0
GULFIDAT;1;11.7.1945;0;1
EMYETE;1;12.2.1959;0;1
TERUK;1;16.5.1969;1;0
ABDIRAHIM;2;29.2.1964;2;0
SANAHYI;1;23.9.1966;1;0
K.SINAN;1;12.8.1981;1;0
LIL;1;18.1.1966;0;1
NILGIZ;1;12.5.1977;0;1
SEVIZNUR;1;15.4.1951;0;1
ULFERA;1;22.5.1977;0;1
HILYAN;1;26.10.1978;0;1
ALAHATIN;1;2.3.1961;1;0
MUHTALLIP;2;30.7.1968;2;0
GONDE;1;12.10.1989;0;1
SEGEHAN;1;12.8.1947;0;1
MUSAHITTIN;1;20.11.1968;1;0
KEMBANI;1;1.8.1946;0;1
AMDUNE;1;25.1.1943;0;1
KUTSAY;3;21.9.1983;3;0
VILTON;1;21.3.1956;0;1
SINAHI;3;25.11.1980;0;3
ALANBAY;1;22.9.1979;1;0
SALIHTAN;2;13.12.1949;0;2
FEZIYEN;2;13.3.1952;0;2
HERUZE;1;13.2.1967;0;1
REFTADE;1;2.12.1955;0;1
SENRAN;1;16.9.1948;0;1
EFRATDIN;1;12.10.1956;1;0
MURABIDIN;1;27.8.1950;1;0
NECVER;1;2.9.1949;1;0
CIHAZIYE;1;1.10.1917;0;1
BILHAY;1;21.11.1975;1;0
MISYEL;1;20.3.1957;0;1
CAHIZ;3;19.10.1970;3;0
GULEZIHAN;1;7.7.1958;0;1
ERDANER;3;22.4.1976;3;0
KOMISER;1;13.6.1971;1;0
MARIUS;1;21.9.1987;1;0
EZGIL;1;5.10.1987;0;1
AYIMBALA;1;18.6.1974;0;1
ERDENC;1;10.5.1970;1;0
SULVET;1;29.7.1935;0;1
GEANSET;1;23.3.1972;0;1
NURHAYETTIN;1;11.1.1961;0;1
NIYAVER;1;10.2.1973;0;1
SAHINALP;1;19.3.1991;1;0
MUTERME;1;9.6.1962;0;1
TASBELKIS;1;27.8.1950;0;1
INZALE;2;22.11.1967;0;2
ZUHRECAN;1;2.3.1979;0;1
MUJDEYAR;1;2.1.1964;0;1
KIMYANE;1;12.8.1935;0;1
M.UFUK;1;18.9.1965;1;0
SEMMIHA;1;6.4.1963;0;1
DURANCAN;1;14.12.1945;0;1
MUSEYEN;1;28.2.1973;0;1
SADDALLAH;1;9.7.1979;1;0
VERGUN;2;11.1.1980;2;0
JULEYDE;1;21.10.1975;0;1
CUMAZIE;2;15.2.1985;0;2
GIOULDAN;1;21.10.1976;0;1
SEYIBEN;1;10.8.1976;0;1
MIGRIYE;1;17.2.1962;0;1
MENEGUL;1;25.11.1967;0;1
DOCAN;1;3.2.1941;0;1
BENHAY;1;9.6.1989;1;0
NAFIZER;6;6.10.1954;0;6
URBI;1;5.3.1951;1;0
IKSER;3;9.7.1973;0;3
FETHIE;1;2.8.1977;0;1
TUMSEN;1;7.9.1983;0;1
UDAYIM;2;21.2.1953;2;0
BEYADIM;1;6.9.1973;1;0
MASIYETE;1;7.2.1950;0;1
FECALI;1;12.11.1955;1;0
MUSRE;1;1.5.1978;1;0
RUHFI;1;21.8.1950;1;0
AYDJAN;1;6.3.1986;0;1
ERDALI;1;27.2.1986;1;0
VEDDI;1;22.6.1957;1;0
JURVEN;1;21.5.1979;1;0
ZILABEDDIN;1;22.8.1949;1;0
NEJDAY;1;12.3.1973;1;0
MEGDAT;4;6.8.1970;4;0
BENGISER;1;6.7.1981;1;0
HILAH;1;25.8.1967;1;0
ISVANIYE;2;14.4.1958;0;2
DENKSEL;1;18.7.1990;1;0
NEZAIDIN;1;24.2.1969;1;0
ESEMBI;1;25.7.1970;1;0
ARASHAN;1;11.7.1990;1;0
SALIHYAH;1;7.9.1943;0;1
ELKAR;1;28.5.1990;1;0
LINAZE;2;17.1.1958;0;2
FELEKNUR;2;4.8.1953;0;2
ASHKAN;1;6.9.1988;1;0
CELADIL;2;27.7.1947;2;0
BATISA;1;2.6.1939;0;1
AHMETSADIC;1;5.12.1953;1;0
MEHIYYIT;1;10.7.1934;0;1
NAZLEME;1;21.1.1970;0;1
VASAF;1;3.1.1929;1;0
VACUP;1;2.12.1987;1;0
SATIKAN;1;22.5.1973;0;1
ATAVULLAH;1;27.8.1941;1;0
EFRUMIE;1;8.3.1946;0;1
SUUDIN;2;24.12.1964;2;0
GILCAN;1;14.8.1969;1;0
SEVDILEN;1;11.5.1986;0;1
BAHTIYESEN;1;30.3.1970;0;1
TAHCIT;1;22.8.1973;1;0
TISEL;1;20.10.1988;1;0
CHIULENDA;1;28.3.1972;0;1
CEVALETTIN;1;11.12.1944;1;0
MURTAZALI;3;29.3.1960;3;0
MEYZUN;2;1.11.1949;0;2
NASIFHAN;1;22.8.1925;0;1
CELSIME;1;27.8.1956;0;1
CEHRELI;1;24.8.1967;1;0
SEZYAN;1;16.11.1979;0;1
CURCANI;1;17.2.1966;1;0
DURDAHANE;1;9.5.1943;0;1
NAHGIAN;1;1.2.1968;0;1
HAYRINNISE;1;2.5.1963;0;1
MUNERIYA;1;7.1.1952;0;1
MUSYAL;1;20.8.1949;1;0
BIRGINAY;1;22.6.1974;0;1
ALAYETDIN;1;4.3.1953;1;0
FARETIN;3;24.7.1968;3;0
SUDAIL;5;23.9.1952;5;0
IZBALIYE;1;3.9.1981;0;1
MEHRUN;1;28.4.1991;1;0
SAGIHAN;1;6.3.1960;0;1
EMDIHAN;1;18.4.1973;0;1
SAALE;1;26.11.1961;0;1
BILAKIS;1;4.8.1972;0;1
SEVGINAL;1;9.5.1983;1;0
SEVDIGULER;1;4.7.1972;0;1
GERU;1;10.8.1956;1;0
SELTER;1;2.5.1984;1;0
SAFUVE;1;22.2.1961;0;1
MEBURIYE;1;10.5.1966;0;1
FEVZIDIN;2;19.5.1967;2;0
FATIMAUL;2;26.4.1980;0;2
RIFES;1;13.3.1947;0;1
MUVEDCEL;1;30.3.1956;0;1
ELBISA;1;19.11.1978;0;1
KUTAHYA;1;2.5.1948;0;1
GARBINAN;1;26.2.1977;1;0
EFTADEGUL;4;30.10.1957;0;4
JILIFE;1;6.1.1980;0;1
MUHRIDIN;1;30.11.1973;1;0
HURSEVEN;1;2.11.1966;1;0
SAHRAL;1;27.8.1926;0;1
MUNECIYE;2;2.5.1961;0;2
RECVAI;1;22.11.1967;1;0
EHNUR;1;27.8.1979;1;0
VAADE;1;6.8.1954;0;1
NEJIVER;1;22.10.1970;1;0
RESIKAN;1;15.11.1988;1;0
ZUMBURUYE;1;19.5.1940;0;1
ZERCAHAN;1;21.6.1957;0;1
AYRUSEN;1;13.6.1965;0;1
MUDURET;2;19.11.1950;2;0
ILYIAZ;1;10.3.1981;1;0
DURAATTIN;1;21.12.1975;1;0
BEYRUDIN;1;21.2.1956;1;0
RINEL;1;20.6.1981;1;0
REFEN;1;12.11.1968;1;0
UDAT;1;1.2.1970;1;0
SIMADE;1;7.2.1953;0;1
GULTANUR;1;10.10.1967;0;1
ADAIM;1;2.8.1986;1;0
RUYUNAZ;1;21.6.1940;0;1
VELAFET;1;19.11.1990;1;0
DETELINA;1;25.2.1975;0;1
GULTURKEN;1;11.7.1975;0;1
ILKYAR;2;24.1.1982;2;0
BENURE;3;3.6.1975;0;3
MAKSIDA;1;4.1.1962;0;1
GUNTAK;1;9.6.1970;1;0
SANNIZER;1;21.7.1954;0;1
LARFER;1;12.8.1929;0;1
GULDOGUM;1;24.8.1958;0;1
ARBINAN;1;1.4.1986;1;0
ANSAM;1;24.7.1979;1;0
ANILOMUR;1;24.10.1981;0;1
HESRULLAH;1;5.6.1966;1;0
SEVILGEN;2;8.8.1956;0;2
ISFAT;1;26.6.1934;0;1
HURDENER;1;20.10.1961;1;0
NELHAN;1;2.2.1963;1;0
AKNABAT;1;22.9.1976;0;1
BINUN;1;1.7.1968;0;1
SEVLISIN;1;24.2.1969;0;1
TEMURLEN;1;8.7.1960;1;0
KADINSA;2;29.7.1955;0;2
ERITUNCU;1;3.2.1976;1;0
SEIDEGUL;2;11.7.1955;0;2
FAARIT;1;27.6.1972;1;0
DEMIRDOGAN;1;29.12.1966;1;0
MUKTEREME;1;9.9.1931;0;1
MERSUN;3;2.11.1973;1;2
ZENCIE;1;13.4.1971;0;1
NURCENET;1;13.11.1991;0;1
RIVASIYE;2;5.7.1960;0;2
BEIT;1;25.7.1948;1;0
SURVEN;1;17.4.1969;1;0
NEDIKA;1;2.2.1975;0;1
MERTIKAN;1;7.1.1989;1;0
ILDJISIER;1;18.4.1970;0;1
NURSUVAN;1;21.12.1960;1;0
FEZATTIN;1;20.10.1958;1;0
VAYIFE;1;19.12.1953;0;1
RUIE;1;28.1.1955;0;1
NEJDALE;1;23.3.1989;0;1
CEMAYDIN;1;29.10.1956;1;0
FEYRIZE;2;1.9.1955;0;2
SINAYDIN;1;21.11.1973;1;0
BEYLAM;1;18.10.1990;0;1
MUSENE;1;29.10.1954;0;1
SAANI;1;20.2.1973;1;0
VEYBIYE;1;23.7.1983;0;1
IKEN;1;5.6.1977;0;1
SULBIYEN;2;30.7.1976;0;2
NASTASIA;2;7.5.1971;0;2
GUNTERIYE;1;6.10.1979;0;1
SERTUNER;1;21.11.1979;1;0
HAYRIYI;2;6.8.1975;0;2
MIMBASIYE;2;14.12.1957;0;2
SEMECAN;1;12.2.1971;0;1
SAFFETTE;1;3.4.1945;0;1
GULAFUK;1;6.7.1960;0;1
AYGYUL;1;20.5.1977;0;1
PERVIDE;2;1.6.1958;0;2
HIVNUR;2;22.4.1982;0;2
HEBAZEL;1;14.9.1959;1;0
NEFRET;6;6.11.1973;4;2
TANJEL;1;25.5.1989;0;1
ZIYEATTIN;2;18.8.1958;2;0
VAHSET;1;17.4.1976;1;0
NAKIAN;4;26.7.1963;0;4
NURABDULLAH;1;12.7.1966;1;0
TAMERYIGIT;1;4.2.1975;1;0
SEFKATULLAH;2;24.12.1955;2;0
RALINA;1;21.5.1972;0;1
BATUAN;2;14.11.1986;2;0
ZUMEYRAH;1;6.4.1987;0;1
ERZINC;1;12.4.1953;1;0
HUMAHAN;1;17.3.1954;0;1
SELVIZ;2;15.12.1976;0;2
CEVAYIDIN;1;14.3.1969;1;0
CEMILYAN;1;24.12.1981;0;1
ULFETIN;4;14.1.1962;4;0
CEMAIDDIN;1;10.11.1976;1;0
MINEHATIN;1;9.2.1973;0;1
LUSEN;2;25.1.1977;0;2
MUHDER;1;7.5.1965;1;0
SELDAP;1;3.5.1986;0;1
SEKIRCAN;1;7.2.1976;0;1
BEYLIN;1;24.10.1965;1;0
AKIFEN;1;8.1.1988;0;1
CIGREM;1;19.12.1966;0;1
EROLHAN;2;12.10.1961;2;0
GUNAYLA;1;30.1.1980;0;1
NESAKET;3;18.6.1975;0;3
MUJADIYE;3;20.11.1944;0;3
BAHTISEVER;1;24.12.1965;0;1
SERIFSEL;1;21.2.1969;0;1
ALDUVAK;1;7.2.1946;0;1
FERDAHIYE;1;9.5.1979;0;1
SURIA;1;20.1.1963;0;1
RUSHALE;1;27.8.1932;0;1
SEFVETTIN;1;26.6.1960;1;0
MUHABDT;1;11.3.1950;0;1
MUBAYETIN;1;29.6.1953;1;0
KULSEVEN;3;24.12.1944;0;3
MUREDDEM;1;19.12.1986;1;0
HALIE;1;4.3.1974;0;1
NEDED;1;3.8.1947;1;0
ALATIH;1;5.10.1972;1;0
ILINA;1;11.9.1963;0;1
LEHUYE;1;14.2.1961;0;1
TEBIYET;1;10.3.1976;0;1
MUADDES;5;20.9.1966;0;5
KEYZA;1;7.8.1934;0;1
TASBIRSEN;1;8.5.1949;0;1
IORGULA;1;13.6.1961;0;1
RUSIDIYE;4;24.12.1955;0;4
MUHAMMEDEMIN;1;20.11.1969;1;0
ZUBIYAR;1;22.7.1965;1;0
ERSIGNE;1;4.5.1962;0;1
HUNZULLE;1;5.6.1959;0;1
TULUFER;1;17.7.1986;0;1
SAAMEDDIN;1;17.9.1950;1;0
BEYNELABIDIN;1;17.8.1936;1;0
TECUR;1;12.6.1963;1;0
NECEYIL;1;27.3.1974;1;0
NEVAIR;1;27.4.1950;1;0
NECRIBAN;1;11.12.1978;0;1
BINDANIYE;1;21.11.1971;0;1
GUBERRA;1;11.9.1966;0;1
RUMUZ;1;17.8.1936;0;1
CEMSAT;3;3.5.1970;3;0
MELEKVER;1;12.5.1968;0;1
HANIYEH;1;2.4.1983;0;1
SELESER;1;14.5.1976;0;1
MEDHAN;1;30.10.1986;1;0
HUMUGUL;2;30.2.1972;0;2
TEPRIZI;1;28.7.1937;1;0
GULBAHTIYE;1;18.8.1956;0;1
FERUDDIN;2;22.1.1947;2;0
ERVAR;2;2.11.1942;2;0
NURGEZEN;1;28.5.1963;1;0
ZIYAFETIN;1;16.10.1959;1;0
APTULHAZIM;1;27.8.1932;1;0
GULDEGIN;1;2.3.1957;0;1
SEYITANA;39;3.5.1952;0;39
VEDAHET;1;1.6.1942;0;1
ZILYABIDIN;1;4.8.1954;1;0
HURMERT;1;13.8.1983;1;0
HUKKE;1;11.6.1948;0;1
MUKAYE;3;26.4.1976;0;3
GOKLEN;2;30.7.1980;1;1
NUSHERRET;1;6.1.1949;0;1
SAHERZEN;1;1.5.1946;0;1
HAZMET;1;17.10.1954;0;1
CEVCED;3;6.6.1964;3;0
GULBENIM;1;2.4.1957;0;1
NEHDIM;1;16.8.1939;1;0
SERAHIM;2;9.3.1979;2;0
ILKBARIYE;1;25.5.1961;0;1
FAHRANUR;1;1.10.1976;0;1
ALAMED;1;26.6.1974;1;0
MAZULI;1;26.1.1991;1;0
MEZLIZ;1;15.10.1981;1;0
CANBEDIR;1;6.4.1984;1;0
OZYAPRAK;1;2.3.1951;0;1
SINNAS;2;23.6.1963;0;2
BILIYE;1;7.3.1973;0;1
HUZRIYE;1;1.4.1947;0;1
E.FATMA;1;22.8.1931;0;1
ZULFIKLI;2;16.7.1949;2;0
GULTAHRIYE;1;26.4.1963;0;1
MERTIYE;1;7.12.1940;0;1
NAZDIYE;1;12.4.1977;0;1
MURDADIYE;1;6.2.1960;0;1
MUNUZUYE;1;2.8.1945;0;1
NEZII;1;11.5.1972;1;0
GULPIYAR;1;13.12.1961;0;1
SAYETIN;1;4.3.1952;1;0
ILKSEVIM;1;5.12.1957;0;1
MULKER;6;6.6.1961;3;3
NAZITER;1;13.9.1945;0;1
MAIYDE;1;16.4.1939;0;1
FIRDESCAN;1;25.3.1936;0;1
INSAFE;1;27.8.1920;0;1
PEHMAN;1;25.9.1967;0;1
MIZIFER;1;13.3.1973;0;1
RISALEDDIN;1;8.8.1983;1;0
EVCIMENT;1;12.10.1983;0;1
GORYAN;1;7.6.1970;0;1
SUBEYLAH;1;27.5.1974;0;1
SADIYAR;1;6.2.1978;1;0
EFRAZE;1;21.5.1984;0;1
MUSEBBIA;2;9.9.1942;0;2
ZERGUZELGUL;1;22.6.1971;0;1
HURRUSAN;1;16.8.1939;0;1
MUHNEVVER;1;26.10.1966;0;1
BENCAN;2;14.3.1979;1;1
FARANUR;1;20.6.1960;0;1
HIFZIH;1;7.8.1928;1;0
LAMUSER;1;6.1.1954;0;1
JADIYE;1;19.6.1949;0;1
FERIDAG;1;17.10.1972;0;1
MEHSELIM;1;12.2.1965;1;0
MIMBA;1;8.8.1965;0;1
ILBAZER;1;2.1.1953;1;0
NURSEZ;2;17.11.1964;0;2
MUSATDIYE;1;6.11.1936;0;1
CUMUNIYE;1;15.10.1943;0;1
MEHNUS;1;8.5.1963;0;1
FAMIYET;1;21.11.1953;0;1
NECEBIYYE;1;18.3.1943;0;1
REMZIDE;1;16.3.1958;0;1
ZEYTULLA;1;21.7.1964;1;0
BEFARIYE;3;27.3.1957;0;3
MEHLAT;1;21.2.1948;0;1
OZSEVIL;1;11.8.1961;0;1
SEFAYIM;1;11.11.1963;1;0
SAGDUMAN;1;5.3.1969;0;1
BEYALIM;1;23.2.1943;1;0
VURSEL;1;10.6.1956;0;1
NUDULLAH;1;27.12.1962;1;0
HAVAH;1;2.5.1951;0;1
BENAHAT;2;4.1.1967;0;2
SABADEN;1;17.8.1936;1;0
SEZAMET;1;26.3.1951;0;1
MIHESSER;1;29.1.1949;0;1
FERIF;1;26.4.1970;0;1
ULFADE;1;21.6.1956;0;1
HEMEDULLAH;1;7.8.1928;0;1
MUNUPE;1;27.12.1965;0;1
ZERVIDE;1;1.1.1;0;1
TAMAMZAR;1;19.8.1983;0;1
HUMMUS;4;14.6.1951;0;4
MUNISILIN;1;21.2.1965;0;1
ZUFUS;1;22.8.1937;0;1
MULISI;1;20.6.1967;0;1
MINISI;1;2.1.1969;0;1
CEMAHLETIN;1;16.2.1971;1;0
BECAYI;1;4.10.1956;1;0
SABADETTIN;1;24.6.1943;1;0
PERIGHAN;1;21.8.1957;0;1
ZEKIZ;1;2.8.1927;1;0
IBRAYIL;1;21.7.1958;1;0
SEFFADIYE;1;6.5.1966;0;1
MADETTIN;1;9.6.1973;1;0
SUBBE;2;29.7.1945;0;2
CEZMIH;1;27.9.1957;1;0
HUSREDDIN;1;12.5.1961;1;0
NEYIRDE;1;17.9.1963;0;1
CEVRUS;2;24.11.1947;0;2
SAHDETIN;2;25.8.1957;2;0
HUNSEYDE;1;2.9.1946;0;1
ORFETTIN;3;23.1.1963;3;0
NUSLATIN;1;15.8.1967;1;0
RERIFE;1;12.2.1959;0;1
KURDALI;1;7.2.1983;1;0
TURTES;1;25.4.1947;0;1
GUMESIYE;1;29.6.1967;0;1
AGVER;1;16.12.1944;0;1
SALIVER;1;17.5.1958;0;1
EZGE;1;11.10.1990;0;1
GULUFTAR;1;27.9.1974;0;1
AYSEHANUM;1;2.7.1951;0;1
BAYZUT;1;17.2.1972;1;0
TONAN;1;3.2.1946;1;0
MEHLEN;1;29.5.1964;0;1
NIHALI;2;7.11.1947;0;2
KADEFI;1;14.6.1981;1;0
ALIISLAM;1;3.1.1969;1;0
MURHAL;1;13.2.1947;1;0
OSMANTEKIN;1;9.11.1950;1;0
COKLU;1;12.2.1941;1;0
FIYATI;1;18.3.1974;1;0
KUCUKBE;1;7.2.1964;1;0
HAKKISE;1;26.12.1978;0;1
IREHLE;1;17.3.1954;0;1
MELTUN;3;13.3.1967;2;1
NAGIRE;1;21.9.1990;0;1
FANTAZIYE;2;1.10.1969;0;2
DEHIRE;1;25.8.1986;0;1
VESILYE;2;19.11.1944;0;2
TOKGUL;3;3.9.1967;0;3
NERDZIVAN;1;2.2.1964;0;1
MOZEYYEN;1;5.1.1972;0;1
EFREHIM;2;13.9.1945;2;0
H.RAMIZ;1;8.12.1951;1;0
BEYAMIR;1;22.8.1943;1;0
MEYYUBE;1;18.10.1976;0;1
NURAETTIN;1;21.4.1970;1;0
CACIKU;1;29.10.1931;0;1
ZENNU;2;1.7.1971;2;0
GALUP;1;27.6.1974;1;0
GULNEFCE;1;11.10.1981;0;1
OMOC;1;24.5.1965;0;1
NIVEDAG;1;15.5.1968;0;1
GULDIZAR;3;22.2.1955;0;3
FATTAN;1;11.6.1936;0;1
EDRU;1;19.7.1987;1;0
MUSVIKIYE;1;7.4.1976;0;1
LIMANIYE;4;1.6.1949;0;4
GULSEKIZ;1;27.8.1926;0;1
YALFIDAN;1;28.5.1958;0;1
NEYLIUFER;1;10.2.1970;0;1
MUCTABAH;1;3.6.1959;0;1
MEROS;1;2.2.1951;0;1
NIZEYYEN;1;2.10.1957;0;1
RAHET;3;14.1.1954;1;2
TEVRADIYE;1;17.2.1978;0;1
ZIHNULLAH;6;25.9.1958;6;0
ZIHIS;1;12.8.1935;0;1
ALTEK;1;19.7.1983;1;0
NECAYDIN;1;17.8.1959;1;0
YUMANAN;1;27.8.1938;0;1
USNUGUL;1;18.3.1952;0;1
NIRVAN;3;18.12.1962;0;3
MESHULLE;1;11.1.1958;0;1
COFEYIR;1;23.1.1985;0;1
GAHRI;1;7.2.1964;1;0
MEMPERUZ;1;27.7.1967;0;1
RADIZE;1;12.8.1958;0;1
GURIYA;1;7.5.1964;0;1
EDAIL;1;16.5.1952;1;0
BEYHIN;2;11.10.1970;0;2
GUGSUM;1;24.5.1968;0;1
FILAZER;1;7.6.1970;0;1
BAYRYAMKA;1;11.12.1976;0;1
SOREN;1;21.1.1975;0;1
BENGUCAN;6;22.1.1984;1;5
UNSELIME;1;23.9.1939;0;1
NUTRET;1;16.12.1959;0;1
GUZUGDE;1;22.2.1961;0;1
SIRRIH;1;17.4.1963;1;0
UMMETUL;2;25.8.1954;0;2
MURSEVIL;2;23.10.1962;0;2
CENNETTUGCA;1;3.3.1992;0;1
ZIKREDIN;2;21.10.1961;2;0
SECRIYE;4;15.8.1973;0;4
EJDIN;1;22.9.1961;1;0
HULEYMA;1;28.9.1982;0;1
SEFVADE;1;16.12.1969;0;1
EMZAYDE;1;20.7.1929;0;1
MISRIKE;7;8.4.1972;0;7
HULFIYE;1;28.4.1953;0;1
FEID;1;15.9.1969;1;0
TUFLUYE;1;19.4.1957;0;1
MESLIN;3;12.10.1967;1;2
SUAZE;1;8.3.1946;0;1
NERGE;1;9.10.1987;0;1
SEBALE;1;11.1.1967;0;1
MUEBBER;1;16.12.1948;0;1
ADJER;1;6.8.1982;0;1
DURUSSEHVER;1;4.10.1951;0;1
EFTIDE;2;2.11.1959;0;2
MUGFER;1;21.2.1972;0;1
LEYEL;1;6.3.1975;0;1
HEDIYAT;2;23.1.1973;1;1
TEFTIRE;1;29.7.1941;0;1
BIFTER;1;19.7.1984;0;1
MUZAKIR;4;14.1.1960;4;0
SEYDAMI;1;14.2.1974;1;0
MUSTEHBER;1;9.9.1981;0;1
TASGAN;2;11.2.1944;2;0
SELBULENT;2;1.1.1965;1;1
MURJELIT;1;16.5.1969;1;0
MUCERREF;1;25.1.1936;0;1
VENNAR;1;11.5.1974;0;1
CEMAZIL;3;15.4.1959;3;0
NUHTEL;1;29.8.1952;0;1
LEVIBE;1;12.4.1947;0;1
ABDULREZZAH;1;28.3.1980;1;0
MUFARREN;1;27.4.1947;0;1
PERNISE;6;30.3.1958;0;6
SEBAHNIYE;1;7.10.1964;0;1
ILMEZ;1;21.6.1936;1;0
NEZLAMI;1;14.10.1942;0;1
REFICAN;2;9.3.1967;0;2
BEYISIN;1;25.5.1950;1;0
MUSAHMIYE;1;24.6.1960;0;1
HURFI;1;25.4.1932;1;0
NILOYA;1;24.11.1973;0;1
GUNBIRAY;1;26.12.1963;0;1
SAHFEGUL;1;12.1.1945;0;1
EBADIYE;2;29.7.1968;0;2
YASAGUR;1;17.4.1949;1;0
NAGZAN;1;15.3.1968;0;1
SUS;1;7.6.1940;0;1
ERBEYI;1;21.10.1966;1;0
MEDIHI;1;6.9.1935;1;0
UBEYIGIT;1;8.4.1962;1;0
MAHMUDIYEN;1;12.2.1971;0;1
NURISTER;1;25.8.1964;0;1
FIRYANI;2;26.11.1953;0;2
MULIZE;1;22.5.1942;0;1
ZILABIDIN;2;15.8.1963;2;0
ULUSI;1;27.6.1965;1;0
LUISE;3;23.2.1938;0;3
ADLIS;1;12.8.1941;0;1
URKAL;1;10.3.1943;1;0
FIZAR;5;22.1.1954;0;5
BAYCORA;2;23.7.1959;2;0
ISTEFANIA;1;17.8.1930;0;1
SUGDE;1;10.1.1976;0;1
OMURSEVEN;3;13.9.1954;0;3
GURDOL;1;22.5.1939;1;0
NURDIZAR;1;17.3.1976;0;1
OZERGUL;1;4.3.1961;0;1
GULNEY;1;17.6.1936;0;1
EMIYAN;1;24.12.1944;0;1
AKYURT;1;7.5.1936;1;0
CETINTAS;1;11.11.1938;1;0
HASAF;2;14.7.1947;2;0
BASKIR;1;30.4.1939;1;0
ELVERI;1;12.6.1939;0;1
HULMUYE;1;3.7.1973;0;1
ZURRA;1;13.3.1944;0;1
RUYEL;2;25.12.1986;0;2
REVASIE;1;7.4.1972;0;1
VICAY;1;5.2.1981;1;0
AIRIFE;1;6.1.1978;0;1
HEFRAIM;1;26.9.1948;1;0
LEBABI;1;26.3.1972;0;1
HAVASEN;1;16.4.1962;0;1
BEYANNUR;3;29.9.1970;0;3
MELIM;1;12.3.1987;1;0
MUNEVIZ;1;25.9.1945;0;1
SIMENUR;1;12.1.1955;0;1
NURCAK;1;3.11.1982;0;1
ZUHHAL;2;19.4.1970;0;2
MESRORE;1;30.7.1972;0;1
DUYUSEN;1;15.12.1979;0;1
ERKINALP;1;8.10.1987;1;0
ROBABEH;1;30.1.1953;0;1
YOKSULU;1;16.1.1977;1;0
NEDVIYE;1;2.3.1957;0;1
BOZLAY;1;14.5.1954;1;0
ELYESEA;1;3.4.1984;1;0
GUNDUZALPAY;1;29.7.1951;1;0
NAZGULE;1;29.6.1966;0;1
KEMERI;1;2.7.1933;0;1
ULFINAZ;2;17.8.1965;0;2
NEREGUL;1;25.3.1965;0;1
SEYGIBE;1;2.3.1951;0;1
MUHAMMETIN;2;2.11.1976;2;0
MESAIYE;1;24.6.1961;0;1
MAVILA;1;26.8.1966;0;1
KITMET;1;2.8.1939;0;1
ZVEIDA;1;1.4.1958;0;1
NURDAIL;1;26.1.1962;1;0
BIRGUNEL;1;27.8.1962;0;1
BUNFILIZ;1;7.5.1964;0;1
CAIP;2;13.8.1949;2;0
ERDUNC;1;10.12.1979;1;0
ILKSEVIL;1;26.4.1970;0;1
FEVZIGOK;1;14.8.1991;1;0
FIDAGYE;1;26.6.1952;0;1
SEYDETIN;1;7.4.1948;1;0
BEYNUS;1;4.7.1967;0;1
BENAAT;1;8.2.1955;0;1
BERTUN;1;5.3.1981;1;0
MEFAYET;2;29.5.1965;0;2
IKRIMIYE;2;25.2.1960;0;2
ELFEDE;2;21.11.1944;0;2
NUZURE;1;21.2.1974;0;1
MUSTIN;1;10.2.1948;1;0
TILEN;1;1.1.1974;0;1
NUBEYIR;2;17.10.1967;1;1
SANISTAN;1;1.5.1981;0;1
MELEKIN;1;20.3.1941;0;1
SAYMI;1;15.1.1975;1;0
NURSELLEN;1;5.7.1971;0;1
NESLIHANNUR;1;22.11.1973;0;1
OZLAN;1;28.8.1975;0;1
UCAFER;1;22.5.1971;1;0
MAGFERI;2;18.1.1978;0;2
NAYIB;1;22.2.1979;1;0
MULAVER;1;26.2.1972;0;1
ARSLANCAN;2;21.7.1980;2;0
SAGMA;1;9.4.1976;0;1
RENSAN;1;6.7.1962;0;1
SEVCIGAN;1;24.7.1972;0;1
GULSUREN;3;1.12.1949;0;3
CIRIT;1;11.5.1955;0;1
ITIL;1;11.10.1936;1;0
ADETTIN;1;13.1.1976;1;0
BADICI;1;15.9.1933;0;1
ROZDEM;1;29.11.1979;0;1
FIRADER;1;11.5.1927;0;1
ZEFIR;2;28.9.1953;2;0
E.MELTEM;1;27.5.1967;0;1
NEVESEL;1;28.1.1950;0;1
MEFAHRET;1;24.11.1980;0;1
MUHAZZES;1;4.5.1961;0;1
NEZAFI;1;1.4.1942;0;1
ALPTEMOCIN;2;2.1.1987;2;0
MUEMMEN;1;1.6.1934;0;1
FAHNISI;1;12.2.1965;1;0
MUPTEDA;1;7.8.1922;0;1
TANZANDER;1;18.11.1950;0;1
FATMANURHAYAT;1;3.10.1935;0;1
UZURIYE;1;8.6.1964;0;1
SAVALYA;1;7.9.1948;0;1
SENMETIN;1;23.12.1975;1;0
MUREDDEN;1;7.4.1964;1;0
FENGIZ;1;17.2.1972;1;0
SEMILCAN;1;3.9.1979;0;1
RUFCAN;1;14.7.1975;1;0
IGLIKA;1;23.10.1934;0;1
FAIRAN;1;8.6.1975;0;1
AYDINA;1;16.1.1939;0;1
EGDAN;1;23.8.1963;0;1
ZAVETDIN;1;15.1.1943;1;0
DONEHANIM;2;29.11.1950;0;2
ECBAT;1;10.4.1942;0;1
SEMERAH;1;1.5.1963;0;1
YUZETI;1;29.5.1931;0;1
GALECIL;1;16.7.1942;1;0
ZULAFETTIN;1;3.6.1986;1;0
FESOGLU;1;2.2.1975;1;0
ERALLAH;1;7.2.1934;1;0
SESLAY;1;26.6.1977;0;1
FAHRENUR;1;7.10.1970;0;1
SULUYBE;3;17.6.1964;0;3
MIHLICAN;1;2.12.1962;0;1
SASER;1;1.1.1;0;1
SELRULLAH;1;2.4.1964;1;0
MURATOGUZ;1;17.5.1970;1;0
RUFFETTIN;1;21.4.1969;1;0
SENVIL;1;12.4.1946;0;1
CEZVIYE;2;12.6.1965;0;2
MUNESIR;1;27.8.1938;0;1
SAYIDIN;2;12.4.1974;2;0
MURDUME;1;8.3.1941;0;1
MAHDUDE;1;27.8.1926;0;1
ZULFUNUH;1;17.9.1990;1;0
BURZAHAR;1;26.1.1961;1;0
REGABE;1;22.2.1961;0;1
GULPIKE;1;2.9.1965;0;1
DOMINIGUE;1;22.7.1949;0;1
GOYCAN;1;22.3.1943;0;1
CAVAR;1;11.6.1968;1;0
MUKELLIF;1;26.10.1946;1;0
SANIRE;1;1.4.1970;0;1
ZILABIDDIN;1;6.7.1949;1;0
NUTGUM;1;7.4.1941;0;1
DEVSER;1;15.10.1970;0;1
CEMATIN;1;12.1.1947;1;0
SURBIYAN;1;15.3.1959;0;1
ORKUTAY;1;25.2.1988;1;0
BONKA;1;8.4.1965;0;1
FERAZET;1;2.7.1932;0;1
NEVGIZAR;1;18.12.1967;0;1
SUEHLA;1;4.6.1976;0;1
URFEL;1;6.11.1966;0;1
FATHANE;1;12.2.1929;0;1
SARDUNE;1;6.2.1938;0;1
RUKMUDDIN;1;8.8.1948;1;0
CEMUZIYE;1;27.8.1956;0;1
KAZIFER;4;25.1.1947;0;4
MURUVVE;2;30.9.1955;0;2
NAHZILE;1;2.6.1966;0;1
NEGDAT;2;14.12.1972;2;0
FERUHDUN;1;23.8.1969;1;0
HERBAY;1;19.2.1960;1;0
NURYAPRAK;1;11.11.1988;0;1
RENGUNAR;2;28.1.1970;0;2
FIYADDIS;1;25.11.1962;0;1
RUVEDA;2;26.7.1969;0;2
B.;2;15.1.1933;2;0
MELIHYA;1;11.7.1962;0;1
MUSEDDES;1;8.6.1934;1;0
VADIRE;1;26.4.1951;0;1
GULBUSE;4;7.9.1964;0;4
VEHSEL;1;27.2.1956;1;0
VADETDIN;2;3.5.1962;2;0
RIZAETIN;1;2.3.1946;1;0
MUHESSEL;1;12.9.1947;0;1
KOKOS;1;7.8.1934;0;1
HAPTULLAH;1;9.3.1965;1;0
BEDRIYET;1;12.6.1941;0;1
YUKIYA;1;18.1.1969;0;1
KIZIYE;1;10.3.1960;0;1
NABEHET;1;10.3.1962;0;1
GUNYIL;1;17.2.1984;0;1
ZUHET;2;22.3.1976;0;2
NIDAN;3;11.4.1965;0;3
GULSEAY;1;14.5.1962;0;1
ZIMRIT;1;28.4.1947;0;1
SEYFIDIYE;1;6.10.1936;0;1
ZENCIAN;1;13.9.1940;0;1
YURDUGER;1;24.10.1966;1;0
DURDICA;1;4.5.1945;0;1
BURYANE;1;6.6.1938;0;1
EFOCAN;1;25.11.1988;1;0
MUVEKKI;1;14.1.1941;0;1
AGOS;1;8.7.1931;1;0
REGAIBUTDIN;1;4.2.1959;1;0
GULAPTIN;1;22.3.1974;1;0
ZIVERIYE;1;11.5.1955;0;1
YUZTAS;1;18.3.1977;1;0
HORRU;3;11.4.1951;0;3
ZUBEYIZ;1;11.6.1934;1;0
SEMGUN;1;2.6.1950;0;1
ISLAMBOL;1;12.3.1981;1;0
FITUHAT;1;6.2.1962;0;1
HATGE;1;3.1.1939;0;1
MEYHIDE;2;7.4.1962;0;2
SERTUL;2;14.8.1950;2;0
KUNOL;1;7.2.1967;1;0
FUSIN;3;3.3.1966;0;3
YUKPEL;1;19.3.1970;0;1
ADILSEIT;1;10.7.1936;1;0
FITYAN;1;1.2.1932;0;1
GULDUHAN;1;24.5.1943;0;1
MUFTEDA;2;3.6.1949;1;1
MURESSER;1;22.5.1938;0;1
SEVDAH;1;21.2.1965;0;1
MEVLUGE;1;28.6.1935;0;1
TEFIDAN;1;11.11.1974;0;1
FEHINDER;1;14.5.1965;1;0
FETISE;1;11.1.1977;0;1
REFAY;1;11.12.1977;1;0
NURGIDE;4;10.4.1969;0;4
NESGUZAR;2;8.6.1960;0;2
AKABIYE;2;25.12.1979;0;2
GULLEP;1;26.2.1982;0;1
ERTER;1;28.3.1961;1;0
MESKUZAR;1;1.4.1940;0;1
LIKSAN;1;6.5.1968;1;0
RAVENDIZ;1;17.2.1948;1;0
MIZKEP;3;11.2.1942;0;3
SARANNUR;1;6.3.1979;0;1
ZERZENET;1;2.11.1933;0;1
IDRISIYE;1;18.3.1934;0;1
SEYCAL;1;9.10.1973;0;1
HAVIT;2;9.2.1938;2;0
RUHAVE;1;2.9.1927;0;1
S.NIYAZI;1;2.4.1946;1;0
TURKUTE;1;12.2.1965;0;1
ISIKDAN;1;25.10.1989;1;0
NURREYLA;1;29.8.1964;0;1
VEHSIYE;1;12.5.1947;0;1
AHUDIDEM;3;29.7.1980;0;3
ZEBAH;1;7.2.1946;0;1
DOLTAS;2;7.12.1978;2;0
HAYOLON;1;7.5.1956;1;0
NEVAZI;1;8.5.1961;0;1
SAHIGER;3;20.1.1948;0;3
SUMMIHAN;1;22.3.1967;0;1
HEMESA;1;1.12.1964;0;1
NAHIZIRE;1;12.3.1965;0;1
GUGUZ;1;12.2.1967;0;1
SERMAYA;2;10.6.1959;0;2
ARSLANTAS;2;15.4.1936;2;0
GULFEREH;1;23.2.1953;0;1
SETAT;1;16.3.1961;0;1
VANGOL;3;29.1.1973;1;2
FEZNI;1;11.6.1963;1;0
TIZEN;2;27.2.1972;0;2
NAZLIHANIM;2;12.7.1941;0;2
MANZUL;2;30.6.1982;2;0
ZULENDER;1;13.8.1987;0;1
YEDINNE;1;27.2.1962;0;1
NURTAFE;1;16.9.1963;0;1
ZENEF;1;1.2.1965;0;1
MENEMZADE;3;15.2.1944;3;0
OTKAY;1;8.8.1974;1;0
UFIYET;1;30.3.1956;0;1
SENAIYE;3;11.3.1953;1;2
GUMIS;1;28.6.1953;1;0
RADIHAN;7;4.8.1967;7;0
HANZURA;1;23.6.1953;0;1
MUHRADDIN;1;6.8.1941;1;0
SEYDIPETTAL;1;12.4.1971;1;0
RUCHANALI;1;11.10.1975;1;0
SALICAN;5;24.3.1971;5;0
KAHLIBAR;1;26.2.1954;0;1
SAMEDTIN;2;10.7.1949;2;0
ISIKLI;1;26.2.1954;0;1
HICLEHAN;1;7.2.1964;0;1
HUBEYTULLAH;3;10.1.1983;3;0
NEBEHER;1;27.7.1974;0;1
DAHAA;1;2.2.1984;0;1
SENNIHAL;1;21.3.1964;0;1
CUNEYTKAN;1;29.1.1992;1;0
HULUZI;1;22.5.1973;1;0
SAHANGUL;4;15.4.1974;0;4
SAVURIYE;1;4.6.1962;0;1
MAHUZER;1;22.5.1973;0;1
DILADIN;1;23.4.1973;1;0
BEYIZAR;2;21.2.1945;0;2
HEBIBIYE;1;28.4.1972;0;1
TEHINAZ;1;7.12.1956;0;1
SAHNAIL;1;2.4.1963;1;0
SAGIYA;1;1.4.1936;0;1
ERDIREK;1;26.4.1985;1;0
ARDIGUL;1;22.2.1967;0;1
NURALIDDIN;1;16.11.1943;1;0
FERZILET;1;8.2.1988;0;1
EYNEDIN;1;23.2.1980;1;0
PALAHANIM;1;16.2.1953;0;1
YETISE;1;21.3.1982;0;1
FILARA;2;23.1.1967;0;2
NIGARHANIM;1;3.12.1964;0;1
SARVINAZ;1;27.7.1983;0;1
FIKIRIE;1;3.3.1959;0;1
MUDEKKIR;1;17.3.1942;1;0
NEBRUZ;2;8.3.1966;0;2
ZEYNADIN;1;10.1.1988;1;0
TUREYDA;2;14.9.1959;0;2
PELKIZ;1;30.10.1940;0;1
NECMIYA;2;25.4.1974;0;2
TARHEN;1;7.2.1944;0;1
HAAZEL;2;3.3.1961;0;2
YASARNAZ;3;6.7.1971;0;3
TIPIS;1;16.1.1964;0;1
BILENNAZ;1;5.11.1977;0;1
REINA;1;5.5.1979;0;1
GULMIRE;3;3.8.1963;0;3
ELYAR;4;15.8.1986;4;0
NESRIT;1;2.3.1968;0;1
MECAZIYE;1;12.8.1923;0;1
INCEVER;3;24.10.1965;0;3
MIYETI;1;14.10.1946;0;1
MUHITE;3;22.9.1943;0;3
NERCUVAN;2;15.10.1970;0;2
SADIRIN;1;20.2.1953;1;0
GOYNUSEN;3;27.3.1954;0;3
KITABE;1;12.5.1978;0;1
HESPINE;1;21.6.1952;0;1
RISEL;1;28.4.1975;0;1
HEBIS;2;12.6.1961;0;2
ENTAN;1;28.8.1954;0;1
SEMURIYE;2;24.4.1980;0;2
GUNDAZ;1;14.8.1981;0;1
ZAYIKA;2;1.5.1935;0;2
FIGANE;1;27.7.1953;0;1
ULITTIYE;1;16.1.1964;0;1
HURISENEM;1;4.7.1951;0;1
MARICIYE;1;11.1.1964;0;1
ZEVCIHAR;2;4.6.1942;0;2
MUJDIYAN;1;11.1.1955;0;1
MUKERME;2;23.3.1982;0;2
HEYALI;1;22.2.1938;1;0
NURHICEZ;1;17.12.1948;0;1
FIRDOLS;1;1.1.1;0;1
HOSSEIN;1;20.5.1972;1;0
APDURRAYIM;1;24.7.1960;1;0
SEBIHATDIN;2;16.11.1967;2;0
ZEYNISERIF;5;22.5.1962;0;5
ULKIBAR;1;15.7.1982;0;1
FEFHARET;1;15.1.1969;0;1
INCESAN;1;28.2.1947;0;1
KAMETIN;1;6.7.1962;1;0
ICLALE;2;20.1.1958;0;2
HALESMAN;1;21.6.1934;1;0
ZADIF;1;27.2.1939;0;1
VELIYYETTIN;1;18.12.1965;1;0
DIFEZ;1;4.9.1930;0;1
RABETE;1;2.8.1915;0;1
SUHYAN;1;11.3.1974;1;0
SENBUY;1;5.5.1938;0;1
ASUNE;3;26.9.1955;0;3
BUKERTAS;1;1.5.1939;1;0
ADADIYE;1;28.6.1935;0;1
SOLDEM;1;1.12.1984;0;1
SUBEYDI;1;21.1.1965;0;1
BINVER;1;9.5.1940;0;1
MUSTAZIYE;4;23.4.1955;0;4
NEZARETIN;1;6.3.1973;1;0
ZEYCAM;1;11.12.1969;0;1
MUSERREVE;1;15.4.1949;0;1
SABAHATE;1;28.8.1926;0;1
NIZAMUDDIN;1;25.6.1969;1;0
DENIYE;2;5.3.1969;0;2
BAYBURE;4;3.8.1958;0;4
SANBAHAR;1;16.5.1955;0;1
APDULNASIR;1;24.2.1959;1;0
RIBIYE;1;18.3.1960;0;1
FERSADIYE;1;6.3.1961;0;1
NECMIA;2;29.9.1948;0;2
UMGUM;1;7.10.1937;0;1
GULUSHA;1;1.12.1989;0;1
GALIPDEN;1;28.2.1977;0;1
CEMSETTIN;3;19.7.1958;3;0
BURBEN;1;7.5.1952;0;1
HOKUMRAN;1;14.1.1952;0;1
LEYNUFER;1;11.11.1946;0;1
FARINDE;1;2.9.1964;0;1
VEHIDDIN;1;22.2.1967;1;0
GULFUANBER;1;7.8.1943;0;1
OKA;1;7.8.1952;0;1
AKGULSUM;2;14.3.1956;0;2
GULUMSAR;6;23.7.1967;0;6
ILKNUSER;1;17.8.1954;0;1
EVDANE;1;14.7.1971;0;1
DUYGUSER;1;17.7.1984;0;1
ANTEN;1;12.2.1942;0;1
MISREF;1;23.6.1973;0;1
RUSENGUL;2;27.12.1978;0;2
LUTUBER;1;3.4.1968;0;1
ZAGRIF;1;2.11.1981;0;1
SAFAKGUL;2;29.3.1976;0;2
PEYGAN;3;3.1.1967;0;3
AFIPE;1;16.11.1944;0;1
SEYABE;4;9.5.1948;0;4
BEKTIL;1;1.9.1965;1;0
NAZILDE;1;6.6.1978;0;1
ERZOZ;1;1.11.1970;1;0
MUHTACIYE;1;7.10.1958;0;1
HIDAMET;1;20.5.1968;1;0
MEYLIFER;1;26.1.1959;0;1
MUHBERRAH;1;18.12.1973;0;1
ZUHHAR;1;26.7.1970;0;1
GULSERREN;1;20.12.1973;0;1
ABTULBEZIT;1;4.1.1969;1;0
FATTANE;1;23.7.1957;0;1
NURILEN;1;23.3.1949;0;1
SEVRIZE;1;27.4.1959;0;1
VEZAIM;1;6.1.1952;1;0
TUHA;2;15.11.1963;0;2
NURDUSEN;3;17.5.1970;0;3
SEFRIZE;3;5.7.1959;0;3
KALPER;1;5.2.1958;0;1
AYTI;1;11.1.1939;0;1
ZEYNISERIFE;1;4.9.1977;0;1
CELAYI;1;21.9.1972;0;1
CEVANIYE;1;4.11.1978;0;1
KULEBE;1;4.6.1963;0;1
DOGRU;2;8.2.1960;2;0
ADMER;1;11.12.1973;1;0
HAFERIYYET;1;7.2.1946;0;1
MUSTAM;1;29.6.1980;1;0
BAZEZ;1;8.9.1969;0;1
MEHPIKER;1;18.12.1982;0;1
NEBAHIYE;1;22.2.1973;0;1
HAKEZA;1;24.11.1943;0;1
EZAVETTIN;1;26.7.1975;1;0
NERMINEMEL;1;7.2.1957;0;1
MUNNETI;2;24.2.1960;0;2
ISMINAZI;1;27.2.1926;0;1
FEETDIS;1;26.10.1983;1;0
TEVERIK;1;6.5.1950;0;1
DILERIM;1;18.8.1989;1;0
NEREHA;1;21.8.1971;0;1
NOZUK;1;26.9.1948;0;1
YENICERI;2;22.10.1927;2;0
ZULKUFE;6;11.3.1943;0;6
BENKI;1;21.11.1960;1;0
OMRULLAH;2;17.7.1974;2;0
GULDERI;1;12.5.1959;0;1
RUFHET;1;17.2.1960;1;0
ILDAM;1;6.9.1980;0;1
CEBBIYE;1;16.9.1969;0;1
MELSAH;1;24.12.1983;0;1
HUSIRET;1;13.4.1963;0;1
CIHANDAN;1;8.3.1977;1;0
SECRI;1;16.6.1932;1;0
HURIYEM;1;23.3.1973;0;1
ELBURS;1;28.12.1985;1;0
AGAMEDDIN;5;21.9.1955;5;0
KEVSERGUL;1;9.9.1960;0;1
TISARE;1;15.2.1953;0;1
ROMANE;2;8.8.1935;0;2
CENETIYE;1;21.8.1977;0;1
SEVATIYE;1;29.11.1984;0;1
ZEKIYAMEN;1;12.11.1941;1;0
PENBESERIF;1;27.7.1977;0;1
SALIOSMAN;3;19.5.1958;3;0
NUDVIYE;1;2.10.1951;0;1
MUHKIBAR;1;25.5.1967;0;1
METDAN;1;24.11.1978;1;0
MUMTEKIN;2;9.11.1981;2;0
EFRATIN;2;4.10.1959;2;0
EMINKAZIM;1;17.8.1948;1;0
FAIDDIN;1;8.4.1975;1;0
CEVAEDDIN;1;29.9.1958;1;0
ZEKIM;3;9.10.1969;3;0
GULLATIYE;1;23.3.1960;0;1
GULVADIYE;1;6.1.1964;0;1
BELGINA;1;25.10.1971;0;1
TASDURGADIR;1;15.6.1961;0;1
ALIONDER;1;24.5.1975;1;0
TUNCERAY;1;13.12.1967;0;1
HATCIMEN;1;24.1.1954;0;1
BELSIM;1;2.8.1987;1;0
MERDINC;1;20.8.1954;1;0
BASIYER;1;28.2.1964;0;1
NEZADE;2;10.12.1957;0;2
ZULKEVIL;1;16.11.1986;1;0
TEZGYUL;1;25.12.1974;0;1
SEHRIKAN;1;15.9.1990;0;1
MUNUBER;1;27.6.1981;0;1
URKUZ;1;10.10.1976;0;1
OSGUR;1;21.3.1990;1;0
RUKINAZ;1;7.7.1964;0;1
NELBAHAR;1;16.2.1958;0;1
AHMETONUR;1;5.1.1981;1;0
LINFER;1;6.6.1956;0;1
SEKINDE;1;26.7.1950;0;1
ZULFENNI;1;26.6.1963;0;1
ENDURUN;1;11.4.1984;1;0
MUZGEL;1;7.2.1959;0;1
KADINGUL;2;21.4.1976;0;2
REBUKE;1;17.1.1942;0;1
MUCRIME;3;9.8.1958;0;3
BAVZIFE;1;28.9.1967;0;1
MECBUZE;1;1.4.1953;0;1
RESINDE;1;6.11.1948;0;1
SEYDEDTIN;1;8.10.1982;1;0
NILKIBAR;1;2.10.1981;0;1
FEAZEZ;1;12.5.1953;0;1
GELESER;1;2.2.1961;0;1
ZIKAVET;1;16.10.1958;0;1
VAKE;3;24.10.1940;0;3
AFRAHIM;1;27.12.1931;1;0
GULUSSUM;1;23.4.1970;0;1
SEVIMSAN;1;14.4.1954;0;1
MEHMETDA;1;6.12.1973;1;0
FERAZAT;1;17.12.1966;1;0
YONGUC;1;15.5.1975;1;0
NURAYIT;2;26.10.1955;0;2
CEMIYYET;2;14.5.965;0;2
SAZUNUR;1;11.6.1982;0;1
NECALI;1;19.3.1973;1;0
BAHTIHAR;1;13.4.1970;0;1
HALATIN;1;8.3.1964;1;0
AFUZ;1;12.8.1941;1;0
RAIMEA;1;2.6.1945;0;1
SAHMIM;1;24.7.1966;1;0
YAZET;1;11.5.1969;1;0
AKPERI;1;22.2.1961;0;1
FEZALI;6;20.6.1962;6;0
MUHECCER;1;5.5.1944;0;1
IGBALIYE;1;1.12.1970;0;1
SEVKIYEUMIT;1;22.12.1934;0;1
RESADE;2;6.1.1935;0;2
GULNACI;3;25.2.1956;0;3
DAIB;1;5.3.1955;1;0
NURCISIM;6;11.11.1959;0;6
GULVASFIYE;1;7.8.1946;0;1
DILDAG;1;16.9.1975;0;1
IZZIYET;1;1.11.1943;1;0
FADIMETU;1;10.6.1975;0;1
NISANBEY;2;24.2.1972;2;0
NECIPBEY;2;20.3.1960;2;0
NERIHMAN;1;22.4.1961;0;1
GUZINSIPER;1;6.2.1951;0;1
ECREGUL;2;20.6.1961;0;2
VACIFE;2;22.11.1977;0;2
GONCEGUL;1;15.2.1967;0;1
SAHBIRE;2;27.10.1957;0;2
UMAREDDIN;1;28.3.1974;1;0
BEYAMIDDIN;1;17.8.1954;1;0
URDIN;1;1.8.1940;1;0
NUSRAYET;1;16.10.1963;0;1
MARSUMAN;1;27.4.1949;0;1
SAMRAH;3;30.3.1974;0;3
ULMINIYE;1;15.4.1963;0;1
MIKEYMA;1;18.2.1966;0;1
KUYUMCU;3;24.1.1942;3;0
UFAKAT;1;26.10.1982;0;1
HUDAMETTIN;2;2.7.1956;2;0
MAYNEP;1;26.8.1961;0;1
ERCUL;2;13.10.1956;1;1
SINAIF;1;14.7.1933;1;0
KIREZA;1;27.11.1939;0;1
HILTIKAT;1;11.7.1976;0;1
HAYRULNISE;1;17.4.1972;0;1
SEVABIL;7;15.4.1969;7;0
FAIZEZ;1;24.11.1975;0;1
FERAYETTIN;1;27.5.1943;1;0
IKVIYE;1;24.9.1960;0;1
AHTIFET;1;21.12.1968;0;1
SIYATEL;1;3.10.1972;0;1
MEFTU;1;21.6.1968;1;0
VEZNUR;1;19.11.1956;0;1
GORHER;1;5.3.1947;0;1
SEDEGAT;1;22.9.1962;0;1
NIYEL;1;13.8.1969;0;1
CUVADIYE;1;22.12.1943;0;1
GEHER;2;1.8.1956;0;2
FECRET;1;2.2.1987;1;0
ABTULMUTALLIP;1;28.2.1976;1;0
SONKU;1;12.1.1959;1;0
YEGDANE;1;12.7.1968;0;1
SAZLU;1;6.6.1944;0;1
SIYABI;3;1.2.1966;1;2
SAYIMINAZ;1;4.2.1942;0;1
TAHYIP;1;8.10.1969;1;0
UVEL;1;11.11.1970;0;1
TESIRKA;1;11.3.1969;0;1
TECANNUR;1;26.4.1965;0;1
RECEDIYE;1;12.10.1956;0;1
SEDALETTIN;2;23.12.1960;2;0
EMINEYILDIZ;1;2.8.1915;0;1
NEDIZE;1;28.6.1943;0;1
CEVAP;5;21.11.1960;5;0
HAYRULMUSER;1;13.12.1957;0;1
BEYIME;1;7.9.1965;0;1
FEVCETTIN;1;24.6.1963;1;0
MEPPARE;1;16.2.1975;0;1
IEKEROVA;1;13.3.1968;0;1
TURCINAN;1;30.8.1950;0;1
MUFAHIR;1;16.10.1958;0;1
VELADDIN;2;4.10.1979;2;0
RIZAMETTIN;1;16.4.1931;1;0
KIBAHRIYE;1;12.5.1959;0;1
BAZALI;1;4.9.1971;0;1
NEYURE;1;21.7.1958;0;1
CANSUR;5;27.10.1961;1;4
CAMILET;1;2.7.1949;0;1
MURFEZE;1;21.10.1944;0;1
ULUGAY;1;12.11.1977;1;0
CEYFER;1;26.9.1977;0;1
ZIYAHETTIN;2;19.7.1960;2;0
YURDASON;1;6.10.1966;0;1
GEREYHAN;1;24.2.1964;1;0
ATLUHAN;1;6.4.1954;1;0
RUHTANE;6;9.2.1952;0;6
MISCAN;1;16.7.1961;0;1
FAYUL;1;5.5.1961;1;0
AYSOL;1;6.6.1960;0;1
SADARET;3;14.9.1950;2;1
AHITEN;1;13.11.1935;0;1
LIBEYDULLAH;1;2.8.1963;1;0
BIRSI;1;22.8.1925;0;1
PERVAITTIN;1;7.8.1976;1;0
RUTFAN;2;23.4.1967;2;0
IJLAM;1;26.5.1961;0;1
SENINAS;1;1.3.1973;0;1
HEKMO;1;2.8.1933;1;0
YESETTIN;2;4.9.1965;2;0
ALIKMET;1;11.3.1973;1;0
SEVHIYE;4;10.11.1959;0;4
VEZAIR;2;14.6.1955;2;0
HULBAHAR;1;2.5.1975;0;1
BEYCINUR;1;17.8.1966;0;1
RUHIMET;1;3.12.1966;0;1
ZULFADE;1;6.7.1963;0;1
DURDALE;3;29.9.1962;0;3
SUNAV;1;6.3.1939;0;1
VAKIBE;2;11.4.1972;0;2
SUHEP;2;8.2.1980;2;0
SI;1;7.3.1964;1;0
HUMRUSA;1;10.4.1947;0;1
ERKANATA;1;19.5.1974;1;0
KAMIKAR;3;11.4.1961;0;3
ANUZA;1;12.3.1981;0;1
NASBI;2;23.2.1947;2;0
M.OGUZ;1;9.8.1961;1;0
ZILAHA;1;14.3.1966;0;1
GOKCEER;2;15.4.1986;2;0
STARA;1;14.10.1975;0;1
RAFIYYE;2;17.7.1955;0;2
BAYMAN;1;9.4.1974;1;0
CENGIHAN;1;21.1.1988;1;0
ERDURUL;1;16.9.1957;1;0
MELEKLER;1;28.2.1965;0;1
YILMAHAN;1;11.1.1986;1;0
MURAMETTIN;1;23.2.1965;1;0
BILSEC;3;27.8.1967;3;0
NUPERDA;1;17.7.1980;0;1
ELBUSEYRA;1;4.4.1950;0;1
ILMAFIYE;4;9.2.1948;0;4
SEDATIYE;1;29.2.1977;0;1
YILSAN;2;4.6.1968;0;2
FERDIM;1;7.7.1952;1;0
YELIZEN;1;3.11.1988;0;1
YUNIYE;1;24.9.1972;0;1
UNMUYE;1;7.2.1952;0;1
ALIOZGUR;1;5.4.1986;1;0
ZEYNETTI;1;13.4.1973;0;1
SECLIN;1;15.6.1951;0;1
ZERDIL;1;7.8.1985;0;1
CEKMEN;1;16.1.1980;1;0
MUFERREKA;1;26.2.1934;0;1
ZEKAIPASA;1;4.9.1965;1;0
BUKURIJE;1;22.8.1973;0;1
BAHHISE;1;2.11.1963;0;1
TUGSAVAL;1;26.2.1988;1;0
GULAYMAN;1;6.5.1965;0;1
RESBINE;6;7.1.1955;0;6
TUNRA;1;27.10.1972;0;1
SEVILCER;1;17.12.1978;1;0
ZIHLA;1;6.10.1972;0;1
HENEZET;1;7.11.1958;0;1
ENSOR;1;20.11.1953;1;0
BINELI;1;7.8.1946;1;0
MEKFURE;2;4.3.1952;0;2
AYBE;3;14.6.1974;0;3
SEVIHE;2;30.12.1941;0;2
CAGATAN;2;7.7.1976;2;0
CAGALAR;1;22.2.1991;1;0
MUTEMMIN;1;20.2.1970;0;1
MUTNI;1;27.3.1962;1;0
IZAMEDDIN;6;20.5.1941;6;0
MOHRIBE;4;12.11.1954;0;4
PIRICAN;1;26.4.1946;1;0
BIRSERI;1;22.2.1961;0;1
EVSEM;2;19.5.1991;0;2
SUVECAR;1;9.8.1949;0;1
JANER;2;21.8.1973;2;0
NERINAY;1;17.1.1977;0;1
HANDEHAN;1;22.11.1986;0;1
FERZANT;1;22.2.1961;1;0
BERSEM;2;29.6.1990;0;2
MAFRATALI;1;25.12.1971;1;0
EHLIBAN;3;19.7.1974;0;3
VITKA;1;20.2.1938;0;1
MUSLUMUHITTIN;1;6.1.1950;1;0
BEBERIYE;1;11.1.1958;0;1
TENHER;5;20.12.1950;5;0
ELASETTIN;1;29.9.1951;1;0
VELEHADDIN;1;21.3.1972;1;0
ZEYNABE;3;17.7.1967;0;3
KAYBIYE;2;13.11.1952;0;2
NEVDIN;1;11.11.1968;1;0
MUBEIR;2;30.2.1964;0;2
YERTEK;2;8.9.1985;2;0
NEBEYE;1;6.12.1966;0;1
MUZEYYIFE;1;11.4.1944;0;1
SEMZINAZ;1;23.5.1959;0;1
TAYFGUN;1;1.6.1951;1;0
CYBELE;1;6.8.1964;0;1
HULEYNA;1;27.2.1974;0;1
NAYNUR;2;27.2.1965;0;2
BERTUGAN;1;6.7.1976;1;0
SAHRAB;1;6.10.1956;1;0
ZUBELYA;1;21.5.1981;0;1
NAZESTE;1;21.5.1944;0;1
ZUKTIYE;1;16.8.1948;0;1
MUZAY;1;8.2.1970;0;1
MIGDAD;1;15.6.1965;1;0
ZUIRE;1;25.4.1939;0;1
OZSLEM;1;14.11.1989;0;1
NIJALIYE;1;8.10.1969;0;1
GIZIM;1;17.6.1974;1;0
MILERCAN;1;29.6.1980;0;1
RUKGAN;1;11.10.1935;0;1
BILGISAY;1;17.7.1991;1;0
KMAHIGUL;1;6.3.1956;0;1
SEHIDAT;1;16.2.1968;0;1
MULHA;1;1.3.1929;0;1
ESDEN;1;15.2.1975;0;1
VALADDIN;1;4.9.1956;1;0
MEHMETERGIN;1;29.11.1976;1;0
SERTESER;1;15.11.1981;0;1
OMAS;1;1.9.1944;0;1
HATIJE;1;10.6.1964;0;1
ELNURA;3;1.12.1987;0;3
ISVESAR;1;7.8.1928;0;1
FEYNUSAT;1;17.11.1972;0;1
UMMUYA;1;26.5.1966;0;1
MUHYISE;1;28.2.1977;0;1
PERDAHA;1;17.4.1972;0;1
NEDIFAN;1;13.2.1975;0;1
EMILIANA;1;29.3.1961;0;1
SELEHITTIN;2;21.8.1972;2;0
NINEYLA;1;14.12.1937;0;1
HANDULLAH;2;14.1.1982;2;0
BERHIZ;1;17.8.1924;0;1
ABDESSALEM;1;30.9.1973;1;0
BILISER;1;18.4.1965;0;1
AZRASEN;1;22.6.1939;0;1
FITNAS;2;1.8.1936;0;2
MANSOUREH;1;29.10.1970;0;1
HICREL;2;21.4.1963;0;2
RUUDI;1;15.11.1976;1;0
M.MAHMUT;1;25.2.1970;1;0
FIDAEL;1;12.11.1957;0;1
SEDEFSEM;1;12.1.1972;0;1
DILAH;2;17.11.1981;0;2
CIHANGIZ;1;7.6.1952;1;0
SEZINHAN;1;5.4.1984;0;1
MULAKIM;1;13.1.1975;1;0
DEMIHAN;2;17.1.1974;0;2
DEMAY;2;27.10.1982;0;2
MEHVEC;1;5.6.1965;0;1
ZELBES;1;27.9.1974;0;1
GULLUN;2;14.6.1967;0;2
DINSER;5;12.7.1973;4;1
MUVEDDA;1;12.4.1941;0;1
VEYSALIH;1;26.2.1984;1;0
SEVKETLI;1;28.11.1950;1;0
MEYVANE;2;10.9.1961;0;2
TEVSIM;1;4.9.1947;1;0
ABUSSAMET;1;2.10.1985;1;0
KADEMULLAH;1;2.12.1967;1;0
MUHIBBIN;1;24.4.1986;1;0
GOVERTEN;1;17.2.1966;0;1
KEKLIVE;2;3.11.1963;0;2
ZEYYIBE;1;10.1.1950;0;1
MERCUDE;1;11.8.1959;0;1
SAZNUR;1;22.2.1961;0;1
F.SEVIM;1;21.5.1958;0;1
MUSLUMAKIL;1;7.3.1939;1;0
LEVACE;2;18.11.1962;0;2
LEVAZI;2;19.11.1969;0;2
ZENDURIYE;1;14.6.1961;0;1
NUZE;1;13.10.1953;0;1
MURTES;2;17.8.1957;0;2
OZLEMGUL;5;7.10.1976;0;5
GUNLAR;1;17.8.1984;0;1
KAGANHAN;2;26.3.1967;2;0
FAIMAGUL;1;13.9.1952;0;1
IRMET;1;7.8.1958;0;1
IMSAR;1;7.8.1970;0;1
MIRIFAN;1;6.6.1969;0;1
MEMDUS;1;1.2.1958;1;0
SUHBETTULLAH;1;8.2.1971;1;0
RAIZ;3;10.1.1972;3;0
NEZAFETE;1;2.8.1951;0;1
NISNET;1;12.5.1966;0;1
ELMET;1;27.2.1959;0;1
ZENISE;2;13.5.1956;0;2
VAEDIN;1;14.12.1953;1;0
HASVIYE;2;25.9.1961;0;2
FEHMIZAR;1;20.2.1953;0;1
HAKGUN;1;26.5.1973;1;0
SENCI;1;5.9.1986;1;0
VAZVI;1;12.1.1985;1;0
BERDAG;1;20.9.1954;0;1
RUGULKA;3;30.10.1955;0;3
EMIRBAKI;2;15.10.1953;2;0
BESTIGUL;1;23.4.1954;0;1
YUCECAN;1;24.6.1985;0;1
BETINUR;3;2.1.1960;0;3
REFUS;1;6.11.1932;0;1
MIYMOS;1;16.11.1971;0;1
ATAKAL;1;6.6.1943;1;0
MEHFIBE;1;12.1.1971;0;1
SIHRIBAN;5;19.3.1976;0;5
EVEVSE;1;11.4.1966;0;1
GYULBIE;1;15.10.1980;0;1
SAFFE;1;25.5.1933;0;1
KIAZIM;1;15.3.1987;1;0
MUZKAR;1;18.7.1973;1;0
FATOSE;1;2.7.1921;0;1
GULGZAR;1;7.12.1990;0;1
ZIRKA;2;4.1.1946;0;2
ESMENEK;1;10.3.1934;0;1
ZILHADE;1;14.7.1970;0;1
DEMIRSABIR;1;17.6.1966;1;0
YEMLIYHA;1;7.3.1991;0;1
AGGANIM;1;2.3.1963;0;1
EVCIMAN;1;30.7.1974;0;1
NOSIYE;1;12.2.1959;0;1
IRCAI;1;17.4.1972;1;0
MUKIMDAR;1;6.1.1956;1;0
SERTAI;1;6.4.1973;1;0
HOCADDIN;1;26.3.1967;1;0
SEHENDEN;2;8.6.1967;0;2
IPNIKESER;1;16.4.1974;0;1
IRBAY;1;21.1.1970;1;0
MUZBEHDIN;1;22.11.1991;1;0
EYHA;1;7.12.1989;0;1
ATIZE;1;7.7.1970;0;1
ELCINUR;1;11.12.1979;0;1
MESREGE;1;30.1.1950;0;1
PERDEM;2;19.3.1976;0;2
SAHMAHRAN;1;16.3.1982;0;1
ISFIA;1;9.11.1929;0;1
MUHMIR;1;22.6.1991;1;0
MUTLUTURK;1;16.5.1966;1;0
HANENUR;2;16.7.1969;0;2
VAKYEDDIN;1;9.2.1961;1;0
FAZILETI;1;6.10.1984;0;1
SARANGUL;4;16.10.1960;1;3
MEKEKSE;1;23.2.1990;0;1
MIRINAS;1;23.3.1964;0;1
GULERNUR;3;21.3.1968;0;3
MEHMIHAN;1;27.3.1986;0;1
EMEDDIN;1;2.2.1981;1;0
PERISE;4;4.9.1979;0;4
ILFIDE;3;5.5.1967;0;3
MUBETCE;1;10.1.1974;0;1
MUHUBDIN;1;11.7.1979;1;0
MEJDA;1;11.11.1973;1;0
EBUZIYE;1;12.3.1953;0;1
SEFVER;1;26.1.1930;0;1
NIZAHMETTIN;1;16.5.1960;1;0
HAYREGUL;3;12.3.1970;0;3
MUMNUNE;2;29.4.1974;0;2
MINNASA;1;22.6.1948;0;1
SEKVE;1;24.6.1977;0;1
RAZVAN;4;28.1.1979;3;1
MINKIBAR;1;11.6.1944;0;1
FURIYA;1;14.1.1983;0;1
GULSIZE;1;7.12.1989;0;1
MUSALLIN;1;4.3.1965;1;0
MELGIYE;1;12.9.1974;0;1
NAMUGUR;1;23.6.1967;0;1
HURREME;2;28.11.1937;0;2
YARDANUR;3;15.12.1968;0;3
FAHRINSA;1;4.3.1950;0;1
SENNEN;3;10.2.1969;1;2
MUVEYYED;1;1.6.1936;0;1
SEFANI;4;21.12.1947;0;4
ZULFENLI;3;9.8.1960;0;3
O.FEVZI;1;27.7.1932;1;0
ALINAIL;1;16.5.1990;1;0
GUNEYFER;1;24.11.1966;0;1
AIKOUL;1;24.2.1965;0;1
ZIKRILLAH;1;19.2.1968;1;0
HAMNIDE;1;27.2.1962;0;1
BEHTIGUL;1;14.6.1964;0;1
BURSAN;3;16.6.1979;1;2
DURABI;1;17.12.1972;1;0
HAYRENE;1;24.4.1961;0;1
ROSELYN;1;17.1.1955;0;1
SONANUR;2;12.5.1972;0;2
NAFISAH;1;16.6.1947;0;1
TEMIRALI;2;2.12.1961;2;0
USTUNPASA;1;29.4.1989;1;0
ISMAILALI;1;3.8.1962;1;0
RENGUNER;1;5.3.1966;0;1
SAGUBE;1;6.10.1978;0;1
FILARIYE;2;28.10.1964;0;2
AKATURK;3;17.8.1948;3;0
ILKTENNUR;1;13.6.1986;0;1
KAYASAN;1;23.7.1982;1;0
ROYAL;1;22.5.1990;1;0
LUMUYE;1;8.4.1945;0;1
ABDDULKADIR;1;20.4.1978;1;0
MEKSE;1;2.12.1954;0;1
KENDAB;1;2.4.1959;0;1
TAVUZE;1;1.6.1956;0;1
TURUSAL;1;26.12.1978;1;0
TANAYDIN;1;28.2.1936;1;0
ALITAHSIN;1;21.6.1966;1;0
TECMAN;1;21.1.1936;1;0
GURYAR;1;22.4.1955;1;0
BEYHIMAN;1;11.6.1945;0;1
BIYASIM;1;8.11.1968;1;0
ULFIDAR;2;29.8.1956;1;1
SEFIKCAZIM;1;20.10.1934;1;0
MURFIDEN;1;20.9.1949;0;1
GULFEREK;1;14.10.1950;0;1
NAMZE;2;23.3.1978;0;2
MAHDUT;1;24.2.1969;0;1
KEBILAHBAR;1;26.10.1976;1;0
REBBIH;1;18.3.1967;1;0
NUTISAN;1;16.2.1957;0;1
HEBRET;1;9.7.1955;0;1
KAPO;1;12.8.1923;1;0
CEYNAZ;1;10.6.1966;0;1
OZGIYE;1;11.11.1978;0;1
BOZBEG;1;18.9.1966;1;0
FECDIN;1;16.6.1973;1;0
VECDE;2;20.6.1952;0;2
SAIGAN;1;29.4.1936;0;1
GULRET;1;29.5.1933;0;1
RATIFIYE;1;20.3.1954;0;1
UNGULSUM;1;7.5.1950;0;1
FULASE;3;8.7.1952;0;3
YARIMDUNYA;4;10.10.1974;0;4
MUMERYA;1;21.9.1969;0;1
KEVYE;1;5.9.1971;0;1
PAKUZEL;1;3.5.1960;0;1
CAVIDAR;1;27.10.1939;0;1
LEHUZA;3;16.5.1956;0;3
SARFIZADE;1;22.2.1943;0;1
KAIN;1;15.12.1952;1;0
ROZAKHAN;1;12.7.1953;0;1
ESFELT;1;28.3.1977;0;1
SARIFANAZ;1;26.7.1965;0;1
NEVBEN;1;20.12.1968;0;1
ALIOZDEN;1;16.10.1976;1;0
MENSINE;1;26.5.1954;0;1
RUFISEN;1;9.5.1970;0;1
KAMETTIN;5;11.4.1961;5;0
GULFEREM;2;24.3.1964;0;2
HUTUVET;1;8.11.1963;0;1
ULFERIYA;1;7.1.1956;0;1
MUHTEBET;1;2.2.1962;1;0
MUNTERIME;3;19.10.1946;0;3
MAHSEDDIN;1;6.2.1977;1;0
ADILGEYLANI;1;30.9.1991;1;0
MUFTELIF;1;7.4.1981;1;0
GURDUSEN;1;28.7.1962;0;1
BEYTINAZ;4;13.10.1965;0;4
CESILE;1;12.4.1945;0;1
ZIKERIYA;1;8.12.1960;1;0
FAHRINUSAN;1;26.12.1951;0;1
RUMESSEL;1;28.7.1971;0;1
ZETINUR;1;18.9.1972;0;1
TURCUK;1;18.5.1935;0;1
MUJEYYEN;1;3.4.1980;0;1
TEFIHAN;1;4.6.1956;0;1
MASLAHATTIN;1;27.8.1926;1;0
VESKAN;1;11.2.1992;1;0
HICRIYAN;1;4.2.1941;0;1
RIVADIYE;3;11.10.1964;0;3
ZAYBE;2;6.1.1966;0;2
PENME;1;7.6.1976;0;1
MUSCER;1;28.4.1956;0;1
NURCIDE;1;20.1.1947;0;1
TEFRIKE;3;24.1.1944;0;3
CANIBER;1;10.2.1966;0;1
MAKSEME;1;17.4.1972;0;1
FIRDIS;1;23.1.1948;0;1
MIRVEN;1;16.5.1939;0;1
NESFANE;2;24.3.1954;0;2
SAMAYET;1;21.6.1966;0;1
NINNIHAN;1;6.5.1956;0;1
SELAFET;1;4.4.1930;1;0
SEYHUNUR;1;26.4.1972;0;1
H.HILMI;1;23.4.1935;1;0
ULUGE;1;23.6.1936;0;1
MERILIN;1;21.1.1984;0;1
SEHLANE;1;13.4.1931;0;1
KOKSALYASAR;1;25.10.1977;1;0
DURAYDIN;5;25.11.1956;5;0
ZAKIRSAH;1;8.3.1975;1;0
OZNEVIN;1;28.1.1938;0;1
ANDANC;1;26.11.1954;1;0
MENENDIZ;2;6.5.1963;2;0
ISITMAN;1;5.9.1973;1;0
TAHRIL;1;29.3.1961;1;0
CUCEHAN;1;12.3.1935;1;0
GULMEBA;1;15.7.1963;0;1
SEPBEK;1;11.9.1957;0;1
ZURU;2;21.12.1965;0;2
ORHANEDDIN;1;7.12.1959;1;0
SEVILYE;2;19.12.1989;0;2
SENPASA;1;23.4.1973;1;0
AVZA;2;17.8.1960;0;2
MENSULLA;1;12.7.1977;0;1
MEHZARBEY;1;11.5.1954;1;0
KEVUD;1;12.8.1935;0;1
NURHIDAYET;1;16.6.1987;0;1
SAYIMEGUL;1;19.4.1980;0;1
FEHRENAZ;2;21.3.1965;0;2
NUREYIN;1;25.12.1974;0;1
GANISAH;1;4.6.1968;0;1
TTTTTTT;1;6.11.1986;1;0
YUTKAN;1;3.6.1981;1;0
DEYYAP;4;16.9.1972;4;0
YUKSELER;4;28.4.1967;4;0
PANBUG;2;30.10.1962;0;2
SEVGUSEL;1;2.3.1969;0;1
SAHIGEN;2;22.3.1956;0;2
NEMENNUR;1;21.4.1950;0;1
SENETA;1;11.9.1977;0;1
MERDIA;2;14.12.1974;0;2
RIYAM;2;20.9.1971;1;1
AHMETUGUR;2;2.5.1984;2;0
SERTMURAT;1;1.8.1977;1;0
BURYAK;1;23.1.1985;1;0
YERFINAZ;1;29.5.1962;0;1
YEMLIKAN;1;22.2.1973;0;1
NEVNAZ;1;22.11.1973;0;1
SAGDAT;1;2.2.1951;0;1
FIRAYYA;1;24.4.1955;0;1
MUHADDEM;3;1.12.1955;2;1
NEFSIM;2;22.12.1967;0;2
NEBIFE;1;2.5.1957;0;1
ZERNAS;1;26.5.1954;0;1
HESMINE;1;23.7.1961;0;1
SUREILA;1;7.2.1951;0;1
BAKCAGUL;1;1.1.1;0;1
AYLASER;1;27.11.1979;0;1
KUMANDO;1;22.3.1973;1;0
DISAT;3;4.6.1969;0;3
KULSAHAR;1;27.2.1968;0;1
ILBEYGI;1;6.9.1963;1;0
MULIHA;1;3.3.1947;0;1
ZIAT;1;17.8.1965;1;0
ISIRAFIL;2;15.8.1955;2;0
HOKKEC;3;29.12.1950;3;0
MUEDDED;1;1.5.1965;0;1
USLIME;1;18.2.1944;0;1
SEFAYDE;1;15.4.1967;0;1
SAHSURET;1;8.2.1941;1;0
DURGUNC;1;17.3.1960;1;0
SEFETDIN;3;24.10.1961;3;0
SADINOR;1;29.2.1958;0;1
HOKMUNUR;1;23.6.1973;0;1
SEYLEFER;1;1.3.1953;0;1
LEVDA;1;16.5.1976;0;1
OYASER;1;3.3.1951;0;1
FAISE;1;22.8.1943;0;1
LEVAZER;1;19.4.1952;0;1
FEHATTIN;1;11.8.1944;1;0
FERDUNE;4;7.9.1962;0;4
SADUNE;2;19.3.1946;0;2
MURKET;1;8.12.1932;0;1
IKTIBALIYYE;1;19.8.1949;0;1
NURIBAKI;1;10.10.1948;1;0
MEZEYYET;1;5.7.1952;0;1
NURATA;2;7.7.1961;1;1
GEZIME;1;7.8.1958;0;1
MUGREMIN;1;16.12.1965;0;1
MINHA;2;23.4.1973;0;2
MUBEYNAZ;1;2.2.1957;0;1
YUCAIL;1;21.1.1973;1;0
FATTUN;1;13.2.1941;0;1
SERUAN;1;22.4.1992;0;1
BERUAN;1;7.7.1986;0;1
BEYBULAT;4;19.9.1975;4;0
GUTKI;1;6.10.1950;0;1
NAFIKER;1;24.2.1949;0;1
SALISET;1;17.8.1924;0;1
BEYTOS;1;13.6.1981;0;1
SUTLA;1;4.2.1981;0;1
GULHAVI;1;11.10.1974;1;0
BAYSAFA;2;19.7.1972;1;1
SELAMUR;2;17.9.1961;1;1
ILTEMAZ;1;18.2.1957;0;1
ISMAFYE;1;28.6.1972;0;1
MUHBELLAH;1;22.2.1981;1;0
TARIKYAMAN;1;1.10.1976;1;0
AYFES;1;12.1.1969;0;1
VERALI;1;6.4.1974;1;0
SUPHAZ;1;12.11.1982;0;1
NAZMETIN;1;27.3.1980;1;0
GULINER;1;6.4.1966;0;1
EBUSSEFA;1;17.3.1927;1;0
SEHSUVER;1;29.11.1932;1;0
BUSAYR;1;21.12.1989;1;0
MIHRIFER;1;7.3.1930;0;1
ABDULTAHSIN;1;1.1.1969;1;0
NEHRUZE;1;26.9.1962;0;1
NEVIYZE;1;23.2.1974;0;1
RAFAYDIN;1;1.12.1969;1;0
MEHSAT;3;17.4.1967;2;1
NURUNURA;1;28.10.1933;0;1
HECIRA;1;17.2.1960;0;1
SEBAYSIN;1;17.8.1960;1;0
UFKUNUR;1;9.1.1981;0;1
YASAYACAN;3;28.6.1960;0;3
KIVILCIMLI;1;18.2.1992;1;0
FEDAYIYE;1;27.8.1950;0;1
RUHENDA;1;8.10.1983;0;1
TURISE;1;6.10.1966;0;1
BURLAHAN;1;20.9.1980;0;1
PERNIYEN;1;15.2.1958;0;1
HUBEYE;1;23.8.1980;0;1
ZEDAL;1;23.8.1970;0;1
TUHSET;1;3.9.1982;1;0
DILBADE;2;14.5.1975;0;2
RESIMCAVUS;1;24.8.1969;1;0
SAFHINAR;1;29.2.1956;0;1
NESENEVIN;1;1.5.1982;0;1
EMNANIM;1;16.6.1975;0;1
KILEHANIM;1;15.3.1938;0;1
ALITIR;1;2.2.1969;1;0
ISTEMIH;1;25.5.1976;1;0
GOKSAT;1;18.7.1984;1;0
FUROY;1;11.9.1986;0;1
CENGISHAN;1;20.11.1970;1;0
VISALUDDIN;1;3.4.1934;1;0
SEVENBER;2;22.12.1961;1;1
KAMILKAR;1;4.8.1963;0;1
MUHAYLA;2;14.8.1955;0;2
METNIYE;1;2.8.1933;0;1
MAZILE;1;17.8.1918;0;1
KARANIRECEP;1;17.1.1964;1;0
ZEVDAC;1;9.7.1980;1;0
AYKUTBILAL;1;1.5.1984;1;0
ELBEKI;3;12.6.1936;3;0
FAYINUR;1;9.6.1953;0;1
NAGGIHAN;1;20.3.1973;0;1
FEZIYET;1;16.9.1962;0;1
MUNAZIME;2;28.7.1958;0;2
NILDAR;1;5.1.1975;0;1
GULGECE;1;22.3.1961;0;1
NAZIMSAH;1;7.3.1958;0;1
MINIBAN;1;12.3.1953;0;1
GULTICE;2;27.10.1975;0;2
HIKRET;1;1.7.1977;1;0
HADDIDE;1;12.7.1956;0;1
NEBRIM;1;21.1.1955;0;1
GULSAAR;4;24.9.1945;0;4
NURKARANI;1;9.9.1989;1;0
DELHE;2;24.1.1967;2;0
AYMI;1;22.3.1943;0;1
HEVANUR;1;17.2.1978;0;1
MAHIPERAZ;1;12.9.1959;0;1
HEYBATLI;1;21.10.1947;0;1
TASINE;1;11.1.1957;0;1
NELIYE;1;6.3.1990;0;1
H.SABRI;2;19.12.1971;2;0
SEIP;1;26.10.1982;1;0
AYSESEYCAN;1;1.3.1925;0;1
RUBIHA;2;30.3.1973;0;2
TUNCAYI;2;24.8.1976;2;0
ELDANE;1;12.3.1965;0;1
DOGANKAN;1;10.9.1983;1;0
MENZHER;1;2.2.1987;1;0
CAVALE;2;12.4.1977;0;2
NUSLISAH;1;4.4.1975;0;1
ERSULAL;1;11.7.1972;1;0
MEKSELINUR;1;17.5.1991;0;1
SAHSERI;1;7.2.1951;0;1
ZEYNELABID;2;27.6.1949;2;0
SEVELIYE;1;3.7.1966;0;1
ABTILAZIM;1;11.10.1948;1;0
VILDAZE;2;28.7.1971;0;2
HASANSABRI;2;14.12.1956;2;0
FAKFIYE;1;3.2.1951;0;1
SEMSISULTAN;1;13.3.1965;0;1
NEFISER;3;4.8.1954;0;3
BINEFI;1;14.9.1983;0;1
SEVYILCAN;1;30.11.1983;0;1
SEHNISAN;1;1.1.1;0;1
ELDARBEY;1;27.2.1987;1;0
BAKHALI;1;16.7.1933;0;1
ZUBBIYE;1;1.3.1952;0;1
ABDULCABIR;1;9.9.1985;1;0
YUNSA;2;29.9.1984;0;2
BAVRUZ;1;5.6.1989;1;0
FADEYIL;1;27.2.1962;1;0
SABAYTIN;1;28.10.1961;1;0
HEBBEZE;1;27.8.1950;0;1
DEVRISBEK;1;13.12.1990;1;0
YILDASEN;1;11.2.1985;0;1
ENSERBEK;1;11.6.1987;1;0
SELMUSI;1;9.9.1966;0;1
SAYIVE;1;16.8.1971;0;1
RECIVE;1;19.3.1972;0;1
ULSAL;1;20.5.1960;1;0
VELLEDDIN;1;9.4.1965;1;0
BEHMAL;1;17.2.1984;1;0
SUTHACER;1;17.2.1960;0;1
ZANIFA;1;2.3.1963;0;1
FERKANI;1;28.6.1957;1;0
HEZENI;1;27.8.1932;0;1
TOHTEHAN;1;22.2.1955;0;1
ZAKIRCAN;1;23.9.1984;1;0
ZELIM;2;24.7.1970;1;1
SUMENI;2;22.4.1959;1;1
ZEMFIRE;1;30.9.1986;0;1
BEKSAR;4;12.6.1986;4;0
ZELLAL;1;1.8.1989;0;1
ZERRINE;1;4.2.1988;0;1
ABTIKADIR;1;4.10.1955;1;0
FINDISEMAN;1;15.4.1959;0;1
MENAZIM;1;9.6.1979;0;1
REVSATA;1;9.3.1985;0;1
TURHIYAN;1;17.5.1978;0;1
EFNANA;1;26.2.1957;1;0
HUGRIYE;1;12.2.1965;0;1
ZULKARIYA;1;2.8.1933;0;1
DURSAKIN;4;23.2.1964;0;4
VESMINE;1;17.9.1974;0;1
IPEKCE;1;13.2.1992;0;1
MUSERETTIN;1;16.10.1951;1;0
KIFAYETTIN;1;21.9.1950;1;0
BIRDIHAN;1;5.2.1951;1;0
MUSIMMA;1;15.12.1953;0;1
BEDUZ;1;2.4.1954;0;1
TURCIL;1;6.3.1990;0;1
ELCIV;1;22.12.1943;1;0
HABIBEN;1;24.9.1955;0;1
FATLA;1;18.4.1948;0;1
IHZAR;1;30.10.1953;1;0
HUDAVERDIN;1;11.5.1967;1;0
ZILAY;2;29.12.1977;0;2
SAVIFE;1;22.8.1963;0;1
GULEBENZER;1;30.4.1987;0;1
FEKET;1;30.4.1933;0;1
ABAZA;3;30.7.1965;3;0
TEMOS;1;17.2.1960;0;1
REKTULLAH;1;7.2.1970;1;0
FERSUT;1;2.10.1957;1;0
FERIFAN;1;27.5.1948;0;1
NIJLEHAN;1;9.8.1986;0;1
LUFUZE;1;25.8.1968;0;1
FURSEL;1;1.5.1964;0;1
SEVINIZ;1;15.10.1956;0;1
SEHIKAN;1;16.2.1988;1;0
REBBA;1;22.6.1979;0;1
AVFER;2;29.5.1944;1;1
ATAGURBUZ;1;2.4.1957;1;0
ZIYNETDIN;1;7.4.1934;1;0
M.SELAHATTIN;3;14.1.1942;3;0
BAHTU;1;6.1.1992;1;0
SITAL;1;9.3.1939;1;0
VENIBE;1;28.5.1970;0;1
ZEREFCAN;1;11.9.1936;0;1
NUTKUN;1;19.12.1977;0;1
SAHHANDAN;1;13.5.1973;0;1
NALGUN;1;16.1.1954;0;1
MUBAYIN;3;17.7.1944;3;0
NURMUTLU;1;14.10.1989;0;1
ZELEFSAN;1;2.2.1974;0;1
GUHERNUR;1;21.8.1938;0;1
ERDEMSAH;1;22.6.1964;1;0
PERIMEN;1;6.8.1940;0;1
AYPAY;1;27.8.1950;1;0
TEMOY;1;11.3.1973;0;1
VURSEN;1;11.7.1937;0;1
MERDAIM;1;14.9.1953;1;0
BILDANIYE;1;6.4.1966;0;1
NESFIDE;1;21.7.1976;0;1
BILGISEVEN;1;11.7.1953;1;0
URANYUM;1;24.5.1975;1;0
BEYANT;1;24.7.1980;1;0
ZEMIHAT;1;17.9.1966;0;1
SERPILIN;1;21.8.1944;0;1
RAHETTIN;1;18.6.1966;1;0
MEYCEN;2;11.3.1988;0;2
TUSMAN;1;18.1.1946;1;0
NAGEHANBAHAR;1;10.4.1987;0;1
SERDAIM;1;26.1.1976;1;0
AHMETCIHANGIR;1;3.12.1951;1;0
KADINNUR;2;26.11.1973;0;2
FILIHA;2;30.11.1946;0;2
FUDAI;1;12.2.1983;1;0
FERISAR;1;27.3.1980;0;1
NURITEN;3;9.5.1946;0;3
KOPRUS;1;28.4.1938;0;1
RASIHE;2;1.2.1962;0;2
AYDURE;1;3.1.1963;0;1
BILCIN;3;14.7.1986;0;3
BAYHANE;1;26.12.1978;0;1
CEYETTIN;1;1.4.1949;1;0
ZEYCER;1;19.12.1972;0;1
SITDIYKA;5;13.12.1963;0;5
NERMEHAN;1;25.1.1959;0;1
ZIMA;1;25.11.1972;0;1
GEVZER;6;13.9.1951;0;6
ARSLANER;1;28.3.1984;1;0
GUZERKAN;1;12.4.1975;0;1
GORPUS;1;6.10.1943;0;1
ZINIKARE;1;27.6.1948;0;1
BAHIRETTIN;1;11.2.1962;1;0
RUFINAZ;2;28.4.1973;0;2
ZULBURAY;1;25.9.1984;0;1
ZIFRE;2;21.11.1948;0;2
SAGCI;1;17.11.1961;1;0
BAHCIRE;1;22.1.1961;0;1
MURTEP;1;24.1.1945;0;1
ANANUR;5;10.10.1964;0;5
MACETTIN;1;23.7.1962;1;0
IBTARIYE;1;14.3.1934;0;1
EDEHAN;2;13.3.1951;0;2
DILVIZAR;1;16.2.1946;0;1
AYLAHANIM;2;27.5.1971;0;2
MIHRET;1;27.9.1969;0;1
GULLEMEN;2;1.2.1955;0;2
TECAVET;1;2.10.1954;1;0
SEMAVETTIN;2;23.3.1956;2;0
SEVGONUL;3;1.1.1963;0;3
KALMAZ;1;1.7.1977;1;0
GUNPER;1;10.3.1944;0;1
DURCUK;1;26.3.1947;0;1
BAHCIDE;1;11.4.1957;0;1
MECURIYE;1;20.4.1940;0;1
ZEYZE;2;13.10.1942;0;2
SADATE;1;12.3.1969;0;1
HITABI;1;14.2.1991;1;0
ZINIKAR;1;17.12.1954;0;1
SEVILIM;1;23.6.1943;0;1
GULUSERE;1;1.12.1961;0;1
ISSAN;1;2.3.1975;1;0
AYTYEN;1;30.1.1968;0;1
SESYE;1;21.6.1958;0;1
ZIVERE;1;13.4.1933;0;1
AYLUNE;1;23.2.1968;0;1
KORBUS;1;1.1.1;0;1
TEMRUT;1;10.5.1943;0;1
SAIDIFE;1;8.6.1949;0;1
KUMBAY;1;18.6.1975;1;0
ENNAR;2;5.9.1981;0;2
AYKIBAR;1;1.8.1950;0;1
PURDEVS;1;1.12.1961;0;1
VILAT;2;6.1.1973;0;2
GUNALTUN;1;19.4.1954;0;1
DUDUBIL;1;2.2.1936;0;1
TENZE;1;5.8.1921;0;1
SUBIN;1;4.4.1974;0;1
NADIRIGE;1;21.2.1972;0;1
NEVCEHAN;1;17.2.1966;0;1
MUZAHHARIYE;1;7.1.1945;0;1
ZULVEKAR;1;2.3.1951;0;1
ZILVIYE;1;21.3.1971;0;1
SIVZAN;1;21.6.1987;0;1
NOHUR;1;27.2.1956;0;1
MUAZEBE;1;22.7.1962;0;1
MUTIBE;2;20.1.1965;0;2
MUASIP;1;24.9.1989;1;0
SATIKIZ;2;16.8.1980;0;2
MUZEHHERIYE;1;17.12.1946;0;1
YEYDA;1;7.7.1933;0;1
HEMDANI;1;21.12.1982;1;0
FAYIMET;1;6.9.1972;0;1
ALIFERIT;1;22.11.1967;1;0
YULDUSER;1;2.2.1957;0;1
SEHRAK;1;27.10.1974;0;1
ERHANI;2;11.1.1957;2;0
MAUP;1;7.2.1934;1;0
ADALED;1;12.2.1941;0;1
NEZAHED;1;27.2.1944;0;1
RAVILBEY;1;7.3.1970;1;0
RECAMETTIN;1;1.7.1937;1;0
ZUBEYNI;1;25.1.1981;1;0
YARIMAGA;1;6.5.1963;1;0
KISMETONDER;1;1.10.1983;1;0
MEHMIL;1;2.2.1957;1;0
MEVILA;1;3.11.1984;0;1
MUNEVET;1;17.5.1984;0;1
AYDAS;7;9.3.1971;5;2
TEFTEZANI;1;17.11.1959;1;0
FIDIRIT;1;22.3.1950;0;1
ASLIBIR;2;3.4.1985;0;2
ASULAN;1;17.3.1972;0;1
ILMIHAR;1;20.12.1961;1;0
LENGIZ;1;26.1.1977;1;0
BAHTIME;1;22.4.1955;0;1
SANSAY;1;22.11.1972;0;1
NAIFER;2;26.9.1958;0;2
SEYTA;1;1.12.1973;0;1
TEVBIL;2;29.5.1970;1;1
NAYAFER;2;24.2.1971;0;2
PERRAM;1;15.4.1966;0;1
FITNED;2;5.1.1956;0;2
BOREK;1;7.2.1934;1;0
TUHETTIN;1;18.2.1961;1;0
ICREN;1;6.1.1961;0;1
ULZIYE;1;3.4.1969;0;1
NASDE;1;3.5.1944;0;1
LEVENTMURAT;1;26.2.1977;1;0
HAVSUDE;1;7.12.1952;0;1
NESIMUTTIN;1;12.10.1965;1;0
ILMIN;1;16.8.1968;0;1
AKBERIN;1;28.5.1983;0;1
SIBELHANIM;1;13.2.1977;0;1
ULVAYI;1;6.1.1961;1;0
NURIGUZEL;3;18.11.1964;1;2
TAHTISEN;1;13.1.1962;1;0
EFNANE;1;17.2.1960;0;1
SALFI;1;14.7.1970;0;1
GUNNURHAN;2;17.4.1977;0;2
SOKAN;1;7.2.1934;0;1
HAMIDUN;1;17.5.1990;1;0
ZILFIMAZ;1;2.3.1957;0;1
HULMUZ;3;10.8.1964;0;3
ONEMNUR;2;29.1.1977;0;2
SEBIYYA;1;28.5.1961;0;1
CEMAFE;1;15.4.1953;0;1
HASKA;1;23.4.1955;0;1
MIRATIL;1;17.2.1966;1;0
IMRANUR;1;11.6.1969;0;1
TELAATTIN;1;17.3.1935;1;0
ULVANIYE;1;4.12.1981;0;1
ACMET;1;7.2.1976;1;0
BAHANETIN;1;7.1.1970;1;0
URBA;1;7.5.1990;0;1
EBUFEYIZ;1;16.2.1968;1;0
BENZARI;1;3.8.1930;0;1
SEHELGUL;1;30.1.1982;0;1
GULCAHER;1;9.3.1976;0;1
SABIKER;3;5.7.1959;0;3
GULFEHIME;1;4.4.1955;0;1
H.DURSUN;3;25.4.1958;3;0
NIAFER;1;17.4.1954;0;1
MUGUNAZ;1;28.4.1937;0;1
ZEYYARE;1;19.6.1954;0;1
TOTOC;2;10.4.1960;0;2
SEDANAZ;3;28.9.1973;0;3
SUZAM;5;15.1.1966;0;5
MISAIL;1;5.7.1963;1;0
YUMRIYE;2;28.11.1946;0;2
SELASKER;2;6.6.1935;2;0
KERIMAGA;1;28.5.1932;1;0
ZUKRANE;1;17.4.1966;0;1
AYTEKER;2;21.1.1967;1;1
HORHAS;1;6.3.1944;0;1
NERESER;1;16.1.1971;0;1
MAHIZEL;2;22.4.1962;0;2
HURBER;1;27.2.1962;0;1
DAIR;3;12.10.1960;3;0
FITI;1;26.2.1930;0;1
MALAY;1;10.11.1955;0;1
YESILBEG;1;16.2.1957;1;0
HULIVANLI;1;12.2.1977;1;0
ZIYYARE;1;17.1.1966;0;1
HELAVET;1;1.3.1965;0;1
MEZLINE;1;7.4.1934;0;1
SEVCINAZ;1;25.6.1953;0;1
SALTAGA;1;27.12.1944;1;0
NURCAMAL;1;22.2.1955;0;1
AGLARBABA;1;26.12.1982;1;0
RUBADE;2;25.12.1961;0;2
GULSURIYE;1;6.11.1942;0;1
ISAVET;1;26.9.1957;0;1
ADEGAR;2;8.5.1939;0;2
PAPULI;1;17.2.1936;0;1
PESIME;1;21.3.1977;0;1
RUHSADI;1;21.4.1966;1;0
AVRE;1;27.2.1938;0;1
ABULHEYTAN;1;21.9.1940;1;0
ZEREFE;1;12.7.1965;0;1
INCEKIZ;1;22.7.1955;0;1
KOYSAL;1;8.6.1975;1;0
ERENCIL;1;17.7.1952;1;0
SAHYEZ;1;13.3.1965;0;1
ZUBIYDA;1;21.7.1972;0;1
MARIGUL;3;28.1.1969;0;3
ZABINE;2;15.9.1982;0;2
HEYTAN;1;14.2.1953;1;0
NEVISEN;1;7.6.1982;0;1
BAHADAR;3;22.12.1948;1;2
MUHERRA;1;26.3.1966;0;1
NAZMIDURAN;1;26.11.1961;1;0
NURUVETDIN;1;11.11.1979;1;0
FIKRINAME;1;17.3.1990;0;1
SUMEZER;1;23.3.1952;0;1
ABDULMUPTALIP;5;16.4.1966;5;0
TAMILDAR;1;22.2.1967;1;0
NEAFER;1;5.4.1939;0;1
NEDABAT;1;27.8.1950;0;1
SITAS;1;17.3.1966;1;0
SAMEZE;1;12.5.1975;0;1
SETRIYE;6;17.9.1940;0;6
NAZALET;1;17.11.1948;0;1
NISHAT;2;1.7.1952;0;2
MISBAK;1;8.3.1940;1;0
GULVATIN;1;12.2.1953;0;1
ISMIYAR;1;2.10.1938;1;0
AYGULNAZ;1;12.11.1969;0;1
KITFA;2;28.12.1969;0;2
FENAHTIN;1;23.12.1973;1;0
MONIPUE;1;21.7.1954;0;1
HUSNUSERIF;1;24.8.1943;0;1
M.LEVENT;2;12.4.1966;2;0
GUNIZHAN;1;14.6.1973;0;1
PERVINGUL;1;24.1.1967;0;1
REFIKANUR;1;15.10.1985;0;1
IHADE;1;27.8.1926;0;1
FEHMIZAT;1;5.12.1969;1;0
MUSTAFACAHIT;1;26.2.1983;1;0
EMIRDAN;1;25.9.1955;1;0
ULUGBEY;3;17.4.1982;3;0
SEYDINAS;1;12.7.1964;0;1
ELMIR;4;29.11.1976;3;1
FAMINAZ;1;26.12.1935;0;1
AFSAL;1;2.10.1970;1;0
ILNAR;3;1.9.1969;0;3
BEKPASA;1;18.8.1942;1;0
MUHTAZ;2;13.11.1985;2;0
CEMULLAH;1;26.3.1975;1;0
NAMIGAH;1;17.5.1976;0;1
CUMHORCAN;1;16.8.1965;1;0
SAHRIYAR;2;18.9.1974;1;1
MURKIBAR;1;23.3.1963;0;1
EKDANIYE;1;3.3.1979;0;1
MENURTEN;1;12.7.1961;0;1
SENZINET;1;17.2.1954;0;1
RAHMEDDIN;2;17.12.1976;2;0
HILMEYI;1;18.3.1972;0;1
NURKIBAR;9;2.7.1966;0;9
BAYZETTIN;3;30.2.1967;3;0
MECAIL;5;27.10.1979;5;0
MUKUMSAH;1;17.6.1954;1;0
RASADDIN;1;22.11.1964;1;0
TIMURBEK;1;9.9.1988;1;0
MYUNEVER;1;26.4.1979;0;1
SUHERET;1;21.6.1975;0;1
RASINAZ;2;9.11.1966;0;2
FEHAME;1;10.12.1948;0;1
ZULGAYNI;1;19.5.1954;1;0
DAMUR;1;22.4.1961;1;0
BIRBAN;2;26.8.1952;0;2
MULKIVAR;1;12.8.1965;0;1
TELAD;2;14.4.1970;2;0
SANIR;1;6.7.1979;1;0
MEVYUT;1;1.9.1984;1;0
SEMEYE;1;26.4.1952;0;1
GULNAMET;2;4.6.1967;0;2
A.SEMET;3;22.3.1947;3;0
EDDAT;1;2.2.1969;1;0
SEVAHI;1;1.7.1979;0;1
ATANSEL;1;26.11.1984;1;0
NURSINAN;2;7.9.1971;0;2
NAFIME;2;17.1.1954;0;2
BATA;1;2.8.1927;0;1
OZGUDER;2;12.1.1975;2;0
SIYITHAN;2;7.12.1943;2;0
MUMIBE;1;17.12.1966;0;1
EFIRE;1;22.8.1931;0;1
M.SERACETTIN;1;12.5.1947;1;0
FASSE;1;6.1.1971;0;1
SEYNULBENAT;1;22.11.1961;0;1
GUNNUN;1;17.2.1965;0;1
HERYA;2;1.3.1974;0;2
ALTUSA;2;9.10.1969;0;2
GULAYIR;1;12.5.1959;0;1
VILDANI;3;29.7.1975;0;3
EMINKADIR;1;6.8.1943;1;0
ERTAKAN;1;17.7.1984;1;0
CUVELIYE;1;21.4.1982;0;1
MUZEYTIN;1;25.11.1959;1;0
BUHAYDE;1;22.3.1992;0;1
SIRINNAR;4;6.4.1957;0;4
YURKUS;1;6.7.1966;0;1
GULDAZIYE;1;9.9.1965;0;1
MADIRE;1;10.6.1958;0;1
HADIFET;1;3.11.1956;0;1
FERZUNDE;1;27.6.1930;1;0
PELON;1;11.6.1970;1;0
GULBEYKA;1;2.4.1964;0;1
SUAHIB;1;10.3.1962;1;0
MECKURE;2;3.9.1969;0;2
GUNERGIN;1;10.7.1988;1;0
FILZADE;1;30.11.1967;0;1
GULZERE;1;12.2.1947;0;1
ZOLFIYE;1;12.2.1953;0;1
JELFI;1;22.11.1965;1;0
SEVDUN;1;2.10.1973;1;0
MECGUL;2;5.6.1982;0;2
SIGEL;1;23.9.1980;0;1
BAYRAMSALI;1;17.8.1986;1;0
K.MUHAMMET;1;11.12.1989;1;0
HORSAN;1;26.3.1935;0;1
NECUBULLAH;1;26.9.1949;1;0
MERBIHAN;1;19.5.1949;0;1
BEGUMCEREN;1;16.3.1989;0;1
MEHTIBAR;1;19.12.1964;0;1
PURYEN;1;2.2.1957;0;1
HASSUME;1;7.8.1934;0;1
EFTANI;1;8.7.1966;1;0
MUKADDESITUA;1;16.3.1992;0;1
NESLAH;1;29.8.1962;0;1
KUKLAY;2;17.11.1967;1;1
MUREYYEM;1;7.6.1951;0;1
RIKEN;1;11.6.1979;0;1
MUTMIN;1;12.8.1941;1;0
HECGUL;1;29.2.1979;0;1
NEVHESER;2;17.9.1966;0;2
NEZUHA;3;9.2.1960;1;2
MUHBELI;1;7.3.1958;1;0
MULKEBAHAR;1;22.8.1967;0;1
FERRUS;1;12.12.1965;1;0
SAJDA;1;7.8.1940;0;1
MUESIRE;1;20.11.1971;0;1
NERGUZEN;1;16.3.1965;0;1
EVELIHA;1;16.12.1974;0;1
LIKAYE;1;3.3.1973;0;1
KALSE;1;2.3.1942;0;1
HAYMUR;1;7.5.1970;0;1
FIRDUVUS;1;27.2.1950;0;1
BAHCAGUL;2;22.3.1949;0;2
ASLAHATTIN;3;14.1.1967;3;0
MAHMUDUHAZIM;1;9.9.1973;1;0
TAHNUR;1;20.7.1979;0;1
OGELIN;1;30.11.1983;0;1
TULSAH;1;15.8.1979;0;1
ASUGMAN;1;1.3.1956;0;1
MUVEDDDET;1;16.4.1932;0;1
MECAIT;2;5.2.1958;2;0
HARITE;2;29.9.1966;0;2
ZEYNUTTIN;2;30.9.1963;2;0
ZEYRAT;1;11.11.1968;1;0
HEVINA;3;8.3.1970;0;3
CANDILER;1;23.5.1981;0;1
GULZUZE;1;26.6.1959;0;1
SEMIYULLAH;1;6.11.1985;1;0
PERIKAL;2;2.7.1956;0;2
YENKUS;1;2.8.1921;0;1
USFADIN;1;8.3.1952;1;0
PEROL;1;22.6.1967;0;1
ASILDA;1;12.7.1984;0;1
TURBA;1;13.4.1973;0;1
AYSEDIDAR;1;22.4.1964;0;1
HEDIEH;1;1.3.1969;0;1
ATAOVER;2;14.3.1947;2;0
CEMAFET;2;28.9.1931;0;2
NUHUP;1;6.9.1967;1;0
RABBANIYE;2;10.1.1945;0;2
AYTEMA;1;26.9.1975;0;1
OMERAVNI;1;19.12.1959;1;0
MUHITTINCAN;1;16.9.1990;1;0
CERBE;1;22.12.1991;1;0
NEKIFI;1;21.11.1947;0;1
FAVZIYE;3;9.1.1969;0;3
SAZINAS;1;27.7.1950;0;1
SERVETIYE;6;25.11.1947;0;6
FADICAN;1;23.4.1931;0;1
MIRFEN;1;22.6.1955;0;1
MUHAMMETRASIT;1;7.1.1982;1;0
DORAHAN;2;27.12.1988;2;0
GULSEMIR;1;29.2.1976;0;1
NEMICE;1;12.2.1977;0;1
RACIL;1;16.8.1975;1;0
HILMIDE;1;8.5.1958;0;1
HAVALETTIN;1;29.6.1956;0;1
ISPAHNUR;6;4.11.1952;0;6
TALYAN;1;6.3.1968;1;0
NIZER;3;22.9.1956;3;0
MUBACER;1;12.8.1935;0;1
SAFUN;1;1.1.1;0;1
NEBIYET;3;2.4.1960;0;3
KASEDIN;1;7.2.1970;1;0
MUSAYETTIN;1;21.6.1988;1;0
GULMUNE;1;23.6.1969;0;1
NERBA;1;2.10.1981;0;1
HIKNOR;1;16.5.1977;0;1
ZULEYHANUR;1;19.10.1979;0;1
GUCERCIN;1;26.12.1974;0;1
AYTUGMERT;1;3.10.1991;1;0
MIZEFE;1;19.9.1959;1;0
MUHARREEM;1;29.11.1989;1;0
CAMFER;1;7.10.1951;1;0
BELMAR;1;12.8.1941;0;1
ZILVAR;2;3.11.1963;2;0
MEYREMAM;1;22.3.1961;0;1
YUSURI;1;16.8.1975;1;0
GUBBAR;1;7.1.1940;0;1
FEREMAZ;1;16.7.1970;1;0
SAMANGUL;1;5.3.1957;0;1
CUNEYTI;2;30.1.1978;2;0
BIRKUL;1;7.8.1983;1;0
FEDAGUL;2;10.3.1973;0;2
TULAM;1;13.4.1959;0;1
FENAIL;1;22.11.1961;1;0
EVGULEN;1;1.1.1980;1;0
SEBARETTIN;1;2.7.1975;1;0
TALEA;1;27.4.1945;0;1
MUDVARI;1;6.9.1960;0;1
MAZLUMALI;1;11.11.1957;1;0
OZGUM;1;23.8.1989;0;1
RUHYE;1;29.6.1991;0;1
SURAIF;1;25.5.1949;1;0
ABDURRAHMEYN;1;9.7.1927;1;0
AGIRBA;1;14.10.1988;1;0
BECER;1;7.1.1951;0;1
MOHRE;2;30.9.1955;1;1
IKLAMETKA;1;27.8.1944;0;1
GULSEMEM;2;6.3.1974;0;2
TIJEM;1;1.7.1974;0;1
REVASI;2;9.4.1965;0;2
KAZIN;1;16.5.1981;1;0
ICHAN;1;17.11.1944;1;0
MUHEYRA;1;24.11.1973;0;1
NUSUR;4;8.2.1968;4;0
GOKTUR;2;2.2.1987;2;0
DURSANUR;1;17.2.1960;0;1
IZANDURAN;1;1.9.1973;1;0
REVZETA;1;2.2.1951;0;1
AHZIM;1;1.1.1967;1;0
AYSESENAY;1;25.7.1976;0;1
SEMINEY;1;20.12.1980;0;1
GENCKAL;2;29.9.1961;2;0
MEMLIHAT;1;6.11.1958;0;1
TELLAKE;1;14.3.1966;0;1
EFIYET;1;22.3.1967;0;1
VEDIDA;1;10.2.1980;0;1
CEBRAN;1;11.3.1967;1;0
CIMHAN;1;28.4.1980;1;0
SUNASI;1;25.12.1951;1;0
MARJE;1;7.6.1989;0;1
YADINE;5;1.12.1957;0;5
BEYNEZA;1;5.10.1953;0;1
BURKEY;1;21.11.1982;0;1
SEBANETTIN;1;5.3.1974;1;0
SEDREBIN;1;17.2.1972;1;0
KAZBET;1;2.2.1963;0;1
CENGET;1;3.6.1978;1;0
OZEYI;1;2.2.1975;0;1
NURSERDE;1;20.9.1984;0;1
UMMUGULSER;1;6.11.1960;0;1
MIL;1;13.6.1959;1;0
KAMBULHAN;1;11.10.1931;0;1
UTGAN;3;1.7.1979;3;0
BAYIM;1;7.8.1940;1;0
SAHRAMIS;1;10.6.1948;0;1
KUDISI;3;29.12.1967;3;0
ALDIZIYE;1;8.7.1917;0;1
BIRSELETKA;1;27.8.1950;0;1
ABDUSSACIT;1;2.6.1951;1;0
BILGUZ;1;8.6.1962;0;1
NUHSERIN;2;10.5.1945;1;1
NEVCE;3;30.12.1972;1;2
BECIA;1;16.6.1951;0;1
MEYIRBAN;1;9.11.1963;0;1
CAYPAK;1;24.6.1955;1;0
YILDIZNUR;1;8.6.1976;0;1
HURKERIM;1;21.9.1988;1;0
BINGI;1;3.2.1975;0;1
RAFSIYE;1;22.1.1985;0;1
OZAC;1;27.10.1950;0;1
S.ASLIHAN;1;30.11.1978;0;1
ELSEFA;1;6.3.1979;0;1
ZULFIYEGUL;2;18.9.1964;0;2
ARDUN;2;28.11.1966;2;0
MERFU;2;15.10.1989;1;1
GAMZELIN;1;5.9.1979;0;1
CICIN;1;2.8.1933;0;1
GURUMSER;1;6.4.1961;0;1
SIYNET;1;11.2.1985;0;1
MELOSA;1;9.6.1969;0;1
DUHANER;2;11.5.1954;0;2
ULKES;1;24.3.1974;1;0
ISPANUR;2;1.3.1956;0;2
TERMURE;1;15.3.1968;0;1
SAHIBEY;1;27.6.1962;1;0
SOLCAY;1;27.3.1972;0;1
BAKIYETTIN;1;21.3.1966;1;0
MAHMIZE;1;16.8.1972;0;1
AHMIT;2;17.9.1960;2;0
HASHATIN;1;22.2.1949;0;1
YESIMEN;1;27.2.1977;0;1
ZEPS;1;1.3.1971;1;0
SEKNAT;1;2.5.1957;0;1
PUYLAT;1;24.2.1943;0;1
UKTAR;1;15.9.1972;1;0
AYNRUR;1;24.2.1967;0;1
TENIZEL;1;2.5.1980;0;1
ZULKAYIN;2;23.1.1972;2;0
BAN;2;25.4.1967;0;2
RAFIZA;1;7.10.1928;0;1
MECAHATTIN;1;28.7.1959;1;0
DEMIYET;1;3.1.1975;0;1
NEZIKAT;1;14.7.1939;0;1
NUHYILMAZ;1;21.8.1976;1;0
SEFERBI;2;13.11.1922;2;0
SUURA;1;26.1.1992;0;1
PEYHIMAN;1;2.2.1969;0;1
HACRET;1;4.8.1932;1;0
HARUNNAZ;1;11.5.1968;1;0
BETRIDDIN;1;12.10.1966;1;0
CENATI;1;5.5.1962;1;0
DAFFER;1;21.7.1944;1;0
NURSANE;1;7.7.1940;0;1
NERIMET;1;13.6.1959;0;1
NERMES;1;21.5.1948;0;1
NURSERAY;1;17.5.1958;0;1
UMMEGUL;1;30.8.1962;0;1
GUFEYRA;1;13.4.1953;0;1
SEYHER;2;18.8.1954;0;2
M.MUFIT;1;11.4.1933;1;0
SAHAPNUR;1;14.12.1948;1;0
CEYMISHAN;1;19.9.1985;1;0
HUZEYIN;1;18.2.1968;1;0
SEFDAT;1;16.6.1928;0;1
LEBLI;1;21.5.1976;1;0
RAZIMIHAN;2;14.5.1959;2;0
ACILET;1;14.7.1925;0;1
ILGEZ;1;22.8.1986;1;0
NURAMETTIN;1;3.6.1956;1;0
SAMID;1;16.8.1957;1;0
FIJI;1;2.7.1969;0;1
BAYBERS;1;2.5.1974;1;0
ALILER;1;9.12.1976;1;0
MERVANIYE;1;30.9.1944;0;1
MELASE;2;5.1.1950;0;2
ZEVCIN;2;30.1.1961;1;1
GOKHUR;1;6.10.1991;1;0
MURETTIK;1;27.3.1965;1;0
FARAZIYE;1;1.5.1937;0;1
BILGIBI;1;22.6.1961;1;0
SERAETTIN;1;17.2.1936;1;0
GOSUM;1;23.4.1947;0;1
SAGFIYE;1;22.6.1933;0;1
KAMILYALCIN;1;5.8.1941;1;0
ANIMAH;1;10.8.1960;0;1
SIMENDER;1;8.3.1980;0;1
MUCTEBAGA;1;7.10.1990;1;0
FEDAYIGUL;1;21.5.1975;0;1
BUGURCIN;1;8.2.1992;0;1
MEMUSA;1;27.12.1938;0;1
KASBEY;1;7.9.1962;1;0
KUBAL;1;23.4.1965;1;0
KYAMURAN;1;17.9.1978;1;0
KULPERI;1;22.2.1967;0;1
NABIKAR;1;26.4.1959;0;1
MUNAZAR;1;14.9.1964;0;1
GULCANIYE;1;16.5.1974;0;1
NEVCANIYE;2;22.6.1969;0;2
ASTANDA;1;22.2.1979;0;1
HAYZE;1;17.8.1984;0;1
RENEZAN;1;16.7.1943;1;0
KUPERYA;1;9.7.1957;0;1
TAHIRBEY;1;20.10.1972;1;0
PELIZADE;1;29.2.1978;0;1
SECIHA;2;6.9.1959;0;2
HESRETTIN;1;17.2.1978;1;0
SEVNISAN;1;16.10.1956;0;1
IMRADI;1;6.4.1957;1;0
NACRA;1;26.6.1934;0;1
ANLAR;2;26.8.1977;2;0
DURDIDE;1;6.5.1938;0;1
HUZEFLE;1;23.3.1947;0;1
HAMZADIYE;1;26.11.1955;0;1
ERMIHAL;1;10.5.1984;1;0
ZEYNETIL;1;3.3.1951;0;1
ELEZMAN;1;1.9.1966;1;0
LANUSER;1;12.4.1939;0;1
SAS;2;13.11.1948;1;1
NEFAATTIN;1;27.1.1968;1;0
CEVAITTIN;2;17.3.1969;2;0
OVKAN;1;12.4.1971;1;0
HAMARYE;1;27.4.1926;0;1
MUTAIF;1;8.4.1946;1;0
ZUMREHAN;1;12.5.1990;0;1
DOCENT;2;15.12.1981;2;0
TELMAYA;1;4.11.1962;0;1
SAHDIMAN;1;4.11.1982;0;1
ISPEHNUR;1;2.2.1927;0;1
NARBAKI;1;6.5.1943;0;1
MERDAI;1;7.7.1976;0;1
NAILEYE;1;9.6.1978;0;1
IDIT;1;9.4.1921;1;0
MUBAMIN;1;5.2.1957;1;0
PALUZE;1;15.8.1937;0;1
FALI;2;14.5.1967;2;0
FATMAOZLEM;1;7.4.1982;0;1
ZIYAMI;5;9.6.1961;5;0
SELVISEN;3;14.4.1949;0;3
FEYEMEN;1;26.12.1966;0;1
MAZHARE;1;22.1.1963;0;1
NEDIVAN;1;3.6.1965;1;0
DURBEYAZ;1;6.12.1969;0;1
ASURU;1;5.9.1969;1;0
ZULLIFE;1;6.2.1967;0;1
GULKADEN;1;11.12.1968;0;1
M.YUNUS;1;12.8.1935;1;0
KAMESE;1;10.8.1953;0;1
SABABETTIN;1;16.10.1974;1;0
MEH.ENVER;1;12.8.1935;1;0
ZEHVE;6;16.1.1960;0;6
ZEKEYE;1;22.11.1973;1;0
YEMEME;6;9.9.1943;0;6
NICMILDIN;1;27.5.1942;1;0
MEH.SABIT;1;17.8.1924;1;0
SARAA;1;19.4.1977;0;1
KAMESI;1;21.6.1952;0;1
NASIRIDDUN;1;14.4.1953;1;0
BONA;2;21.10.1951;2;0
KADDUS;1;2.2.1975;0;1
BUTROS;2;17.7.1954;2;0
FUTIN;1;7.2.1970;0;1
ALEXANDRE;3;3.12.1989;3;0
MURIELE;1;21.7.1986;0;1
SHAMIRAM;1;4.6.1974;0;1
CEBBUR;8;13.11.1947;8;0
PORDI;2;30.5.1985;0;2
AMAROS;1;26.10.1988;1;0
TANNUZ;2;26.6.1961;2;0
CABBUR;9;19.4.1962;9;0
BRAND;1;9.8.1976;1;0
HILENE;2;30.7.1960;0;2
AMUN;1;11.7.1955;0;1
BARBARE;1;20.4.1975;0;1
SONKAR;1;10.2.1988;1;0
JOZFIN;1;22.2.1967;0;1
ORSENYOZ;1;17.2.1966;1;0
MONIF;1;14.5.1962;1;0
ANCINSAN;1;15.8.1987;1;0
SELLUM;8;5.5.1963;8;0
MARMURA;2;22.8.1937;0;2
SEHDEVUT;1;18.6.1977;1;0
GARUS;1;8.1.1968;1;0
SALUN;2;10.11.1937;0;2
BARBAR;1;2.8.1921;0;1
SARAYIR;3;6.1.1968;0;3
BIRBER;1;23.6.1974;0;1
MARISABEL;2;13.1.1991;0;2
BOLOS;3;1.12.1962;3;0
SUFIYA;1;10.11.1950;0;1
BETRAS;1;16.1.1953;1;0
BRETTA;1;7.7.1970;0;1
EFTUK;1;27.8.1938;0;1
HOSNI;4;26.11.1949;0;4
MEDDUL;6;22.3.1955;0;6
ZAHARIYE;1;17.1.1961;1;0
BESSUR;2;19.1.1937;2;0
GANDURE;4;2.5.1966;0;4
SANDURA;1;26.12.1943;0;1
ZAHHUR;1;27.8.1932;1;0
GAZZUL;3;24.1.1933;0;3
BUTRUS;1;21.4.1946;1;0
BENIEMMIN;1;1.1.1961;1;0
BOLUS;2;12.8.1929;2;0
ENET;4;28.12.1978;0;4
ZUSANE;1;13.3.1989;0;1
CABRA;2;2.6.1969;2;0
LURES;2;8.12.1966;0;2
ANDRI;1;17.7.1983;1;0
HABBUP;1;1.10.1960;1;0
HILANE;4;14.6.1978;0;4
YAKOPSI;1;28.9.1991;1;0
CANBU;1;15.5.1969;0;1
JORJINA;1;17.3.1983;0;1
KETTUR;1;14.12.1949;0;1
CENIFIR;2;17.6.1988;0;2
YAMAMI;4;11.10.1946;0;4
GENIM;1;11.4.1964;1;0
FIKTORYA;1;28.3.1951;0;1
BAHARIDDIN;1;1.1.1960;1;0
TAKLE;1;10.2.1970;0;1
CUZET;1;19.4.1972;1;0
CIRCOS;5;25.4.1950;5;0
ABBUS;15;3.11.1963;15;0
REDED;1;1.3.1979;1;0
MAGOSA;1;21.7.1975;0;1
AGNATYOS;1;22.6.1961;1;0
EGDAR;1;17.12.1987;1;0
IDMON;1;17.6.1962;1;0
VEHCAT;1;16.2.1949;1;0
ZARRIL;1;18.3.1960;0;1
MEYESI;2;22.10.1950;0;2
SAHIDEM;1;12.8.1929;0;1
HUSUNE;4;7.8.1952;0;4
SELVANA;4;6.12.1968;0;4
BERBERE;1;24.2.1960;0;1
MEHRILGAN;1;17.2.1966;0;1
IMGULSUM;1;25.4.1973;0;1
BEDRINNAAM;7;30.7.1960;0;7
EMMIE;1;6.5.1986;0;1
SABAHANNUR;1;16.11.1963;1;0
DIP;35;21.12.1943;35;0
VEHIBET;1;17.2.1966;0;1
MIHRINISE;2;9.4.1943;0;2
ISTIBIRYAN;1;6.11.1951;1;0
SABAHILDIN;2;6.7.1955;2;0
EMENDA;1;11.8.1990;0;1
ELYEDA;1;13.4.1991;0;1
SEDEKE;1;15.5.1945;0;1
BEHEP;1;6.2.1973;1;0
MIZIYEN;2;30.12.1978;0;2
BADICEMAL;1;28.6.1948;0;1
HUSNIYYE;1;21.8.1980;0;1
KETIP;1;26.4.1970;1;0
SERRUF;41;6.5.1956;0;41
AVNA;1;27.3.1962;0;1
HENEK;1;2.2.1975;0;1
KITFI;3;1.1.1964;0;3
M.RASIM;4;21.6.1948;4;0
RAHUM;2;30.12.1941;0;2
M.KADUR;1;17.8.1936;1;0
M.SAMIH;2;12.12.1951;2;0
VIDED;4;17.8.1966;0;4
AFFUF;2;1.9.1968;0;2
BUNIYYE;1;21.7.1983;0;1
M.MUSA;1;7.8.1934;1;0
GIZALA;1;22.2.1967;0;1
ABDULMATA;1;7.8.1928;1;0
M.MURSEL;1;29.4.1956;1;0
HADUC;8;7.11.1943;0;8
M.NATIK;1;27.8.1932;1;0
MUREYS;2;14.2.1935;0;2
ABDULKEFI;4;27.1.1950;4;0
ASSUM;1;16.11.1946;0;1
SABBUH;5;6.10.1958;0;5
SABID;1;6.8.1989;1;0
NIZHE;2;9.2.1968;0;2
M.CUMA;14;27.10.1951;14;0
NAFLE;5;1.6.1961;0;5
ABDULSEMII;1;9.5.1952;1;0
IMALIDDIN;1;22.2.1967;1;0
MUZUNISIN;1;24.4.1979;0;1
NOF;2;29.7.1964;0;2
YIMAMI;3;24.1.1955;0;3
OTRE;1;2.8.1915;0;1
HINDIY;1;12.8.1935;0;1
SERAIR;2;30.8.1963;0;2
MUEYYE;1;22.11.1955;0;1
M.GAZI;1;6.5.1963;1;0
FERIDOS;1;19.5.1960;0;1
SALIHIDDIN;4;11.6.1956;4;0
NEVFUZ;1;21.7.1948;0;1
ABIDEL;1;27.8.1932;1;0
GULUPIN;2;14.3.1970;0;2
IRVEYDA;1;16.4.1982;0;1
MURI;10;16.4.1941;9;1
GUDAL;1;9.3.1970;0;1
SIRRO;1;12.8.1970;0;1
HUMMEYYA;1;27.6.1973;0;1
IZZITIN;1;9.1.1958;1;0
SEYFENAZ;1;2.2.1975;0;1
DEBLA;2;27.8.1932;0;2
TEMADAR;1;13.4.1952;0;1
SEVRANA;1;7.12.1982;0;1
RISAETTIN;1;15.3.1971;1;0
ZENATE;2;12.5.1947;0;2
CEMMUL;4;6.6.1963;0;4
NURULESEM;1;8.10.1957;0;1
SERNENEZ;1;26.2.1957;0;1
RAZUK;3;30.4.1956;3;0
M.VECIH;2;2.1.1944;2;0
NEBHA;4;25.4.1954;0;4
GARAM;1;4.12.1966;0;1
YEMAMI;12;29.12.1953;0;12
AYYAT;3;7.12.1972;3;0
DELYE;1;6.2.1984;0;1
VAHUP;6;2.11.1968;0;6
DAHNUR;1;27.2.1974;0;1
MT.TARIK;1;27.8.1932;1;0
M.IZZO;1;17.5.1948;1;0
GULTUTAN;2;14.11.1975;0;2
RECAIDDIN;1;26.2.1982;1;0
CUHANNES;1;17.1.1960;0;1
RUZGAHAR;1;28.8.1945;0;1
HASAMIDDIN;1;11.5.1968;1;0
BAYKOZ;1;22.7.1979;0;1
RIKAN;5;30.5.1969;1;4
NEMO;1;19.5.1958;1;0
UFERYE;1;21.6.1983;0;1
ADAANNUR;1;24.12.1986;0;1
MUTIK;2;6.12.1976;2;0
TUKREN;1;17.4.1966;0;1
GAYRINNISA;1;11.4.1957;0;1
ABDULRUZZEK;1;21.9.1950;1;0
BARAHAT;1;8.2.1957;0;1
ZEKKUR;3;26.10.1952;3;0
TELCIH;2;17.10.1952;0;2
M.YAHYA;2;29.10.1950;2;0
ZIYANNUR;1;11.11.1981;0;1
USEYME;2;5.5.1986;1;1
ZAHIREDDIN;1;16.8.1970;1;0
BEKKUR;2;6.9.1953;2;0
SOVKI;1;7.8.1934;1;0
MERET;1;23.2.1967;0;1
DAMADIR;1;6.5.1974;0;1
HENAI;1;17.5.1978;0;1
MUTEYYEN;1;11.2.1964;0;1
ZEHIDDIN;1;22.2.1967;1;0
ABDULRAHMEN;3;19.5.1958;3;0
SERVEHAN;2;15.6.1976;0;2
ADAUNNUR;1;27.1.1982;0;1
IZZAR;1;7.8.1940;0;1
SIYAP;1;16.10.1982;1;0
MEDYED;1;27.4.1968;0;1
ENIYYE;1;16.10.1982;0;1
ABDULMUNEF;2;1.7.1965;2;0
SAHREZEN;1;13.3.1986;0;1
GASUR;1;27.4.1974;0;1
MUTA;2;4.3.1946;0;2
HENDIYE;1;1.4.1960;0;1
NOVFE;1;21.11.1983;0;1
RAVAHA;2;25.9.1974;1;1
NEVFAL;4;27.3.1951;4;0
SENEBIL;1;29.5.1974;0;1
DELCO;1;7.8.1928;1;0
ABDULMAREF;1;4.2.1962;1;0
RAHHUM;5;7.10.1971;0;5
MEHIDDIN;3;13.8.1929;3;0
CADILKERIM;1;7.2.1976;1;0
ABDULFATTEH;1;12.1.1946;1;0
NOCUT;1;18.5.1966;0;1
RIYMI;1;1.4.1954;0;1
FAYRUZ;1;28.12.1960;0;1
AYADETTIN;1;21.3.1969;1;0
VATANIYE;5;22.7.1978;0;5
ZAMZAM;1;27.2.1948;0;1
ADANNUR;1;22.2.1961;0;1
ZIHRADDUH;1;22.1.1961;0;1
SEHREZEN;4;18.11.1969;0;4
AREFAT;2;13.8.1948;2;0
PAPLI;7;10.12.1950;0;7
TAYCETTIN;1;27.3.1980;1;0
USEYDIYE;1;12.6.1977;0;1
A.DURAN;1;12.10.1965;1;0
MEH.;2;17.8.1936;2;0
KIFIYET;3;9.9.1965;0;3
MEH.DURDU;1;2.8.1939;1;0
KELLEBOZ;1;29.4.1942;1;0
MUKTET;6;18.5.1973;6;0
KIFAH;2;3.2.1978;2;0
ZIHRAN;1;6.8.1991;1;0
MIKADU;1;12.4.1953;0;1
CVHIR;1;8.3.1970;0;1
SEMILDIN;1;25.4.1964;1;0
TAMADUR;1;12.2.1947;0;1
M.NEBHEN;1;22.8.1937;1;0
NASANA;1;6.2.1971;0;1
MENNA;14;1.2.1953;14;0
KETBEY;1;5.2.1964;0;1
ABDURREZZEK;3;24.10.1972;3;0
MEYSERAT;2;28.10.1968;0;2
ABDULREUF;1;7.6.1970;1;0
FITMI;1;7.3.1946;0;1
M.VAFA;1;2.8.1939;1;0
MAMBULE;1;14.3.1979;0;1
SUAYA;1;29.12.1954;0;1
IYYAD;3;10.3.1959;3;0
AFUF;1;6.5.1957;0;1
IMYESER;1;11.11.1958;0;1
NAUS;3;21.9.1956;0;3
AMENET;2;29.1.1989;0;2
ENZELA;2;27.3.1969;0;2
ABDULAL;4;29.8.1954;4;0
ALEMETIN;1;6.3.1986;1;0
SALEHIDIN;1;27.2.1956;1;0
TAMIMA;2;1.4.1964;0;2
TECELLDIN;1;22.5.1943;1;0
NAHVI;1;21.5.1942;0;1
DUAADIYE;1;21.6.1954;0;1
BEDRUNAAM;1;29.3.1952;0;1
HUSAYIN;1;16.6.1949;1;0
KERAVAN;2;14.12.1977;0;2
SELLUH;5;20.10.1973;0;5
EMASIL;1;6.9.1985;0;1
ABDULDEHAB;1;4.11.1956;1;0
LIHEM;1;7.1.1970;0;1
GISNA;10;2.10.1953;0;10
ALAMITTIN;20;9.12.1951;20;0
HEPKE;2;27.8.1938;0;2
ZEHHUT;1;7.8.1940;0;1
BEDIRANAAM;1;6.8.1960;0;1
SICAA;1;15.3.1941;1;0
IMEMI;2;16.11.1966;0;2
CEHEDIDDIN;1;27.1.1962;1;0
SEHRAZEN;1;17.11.1990;0;1
REGDE;2;16.11.1969;0;2
NAZAFAT;2;23.7.1972;0;2
SALLAN;1;26.8.1977;1;0
MEYYUL;3;5.7.1970;0;3
SEZIMET;1;11.12.1987;0;1
REYFE;4;9.2.1965;0;4
SAHANAS;1;12.7.1971;0;1
AZZUM;2;13.7.1962;0;2
SUPHIYYE;6;23.11.1965;0;6
LAMAT;1;27.4.1956;0;1
MEYSARAT;2;30.4.1974;0;2
BEKRE;1;27.8.1920;1;0
GIYYES;1;13.11.1988;1;0
NEUS;1;22.1.1985;0;1
GISNILBEN;2;12.5.1979;0;2
NAHSANI;1;1.1.1979;0;1
SERECADDIN;1;22.12.1967;1;0
NEHVA;2;4.12.1978;0;2
MERVAHAN;1;22.5.1961;0;1
ADAINNUR;3;9.9.1966;0;3
MUHTEHA;3;4.10.1988;0;3
UMAYYE;1;19.4.1990;0;1
FIGAH;1;2.3.1975;0;1
RUHINNES;1;29.6.1974;0;1
NICAM;3;24.6.1962;2;1
KELLUM;1;27.2.1962;0;1
SUPIHE;1;1.11.1955;0;1
OMHAN;1;6.6.1948;0;1
M.TACIDDIN;1;2.8.1939;1;0
RAZZUK;5;4.12.1958;5;0
SALAHILDIN;1;5.6.1948;1;0
ZEHEYIR;1;12.2.1989;1;0
UMAYME;1;22.9.1991;0;1
ITRIYE;26;6.11.1962;0;26
NACMITTIN;1;2.8.1933;1;0
MEYEDE;2;23.1.1984;0;2
VIDAD;12;14.9.1958;0;12
GUSNULBEN;1;16.2.1952;0;1
ATUK;1;11.11.1945;0;1
INTISEM;1;6.5.1978;0;1
CELELIDDIN;1;28.6.1968;1;0
HANNUF;9;19.10.1952;0;9
MERKEZEN;1;27.4.1973;0;1
UNEYTERE;1;10.2.1942;0;1
VAHHUP;2;2.4.1958;0;2
NEZMIYYE;1;7.6.1943;0;1
EYYUS;3;24.12.1976;0;3
ZIHAR;1;23.2.1961;0;1
HISEM;2;20.1.1972;2;0
SACIL;1;21.9.1963;1;0
REGIDE;1;24.4.1991;0;1
LEYUL;1;22.3.1961;0;1
IZDIHER;2;23.11.1956;0;2
ABSI;2;25.1.1981;2;0
ABDORAHIM;1;27.8.1938;1;0
M.RAMAZAN;4;9.10.1947;4;0
ALVES;2;8.3.1967;2;0
BUGDET;1;4.3.1951;0;1
SUZEY;2;25.1.1982;1;1
BIRIHAN;3;12.6.1960;0;3
NIZAMUTTIN;1;22.8.1937;1;0
RIAF;1;17.2.1972;0;1
M.DIB;5;26.5.1940;5;0
INAYAYET;1;12.2.1965;1;0
NEZZUH;1;23.3.1949;0;1
RAGIDE;4;13.9.1973;0;4
IZZO;8;13.12.1945;7;1
ABDULHEDI;13;17.2.1973;13;0
LIHAMI;1;6.2.1950;0;1
TEVEDDUD;1;18.2.1991;0;1
HAMMUDI;2;11.5.1982;2;0
M.NEBIH;1;7.8.1928;1;0
SAHABUTTIN;1;22.8.1925;1;0
AKRAMA;7;14.12.1952;7;0
MECCEL;1;12.2.1959;0;1
SAFARA;3;3.9.1954;0;3
OBDO;1;18.3.1972;1;0
MINIRIYYE;1;26.6.1961;0;1
SAFFARA;1;21.9.1970;0;1
RIZKALLAH;35;10.8.1956;35;0
ANTVANET;3;17.3.1965;0;3
AFDUKIYE;1;22.8.1931;0;1
EFDUKYA;2;8.10.1973;0;2
LURUS;1;29.2.1962;0;1
MAHHUL;1;12.8.1929;1;0
NIMIRE;1;2.8.1939;0;1
ZIHRELBEN;1;3.3.1949;0;1
BEDIRDIN;1;12.8.1951;1;0
TESBINE;1;16.8.1977;0;1
AFDUKYA;2;25.1.1932;0;2
LOIS;1;30.2.1989;0;1
BIKTUR;1;21.3.1957;0;1
ISTIFANUS;1;26.6.1991;1;0
HEYLENI;1;17.8.1930;0;1
EMILYO;1;25.9.1991;1;0
YUVAKIN;1;12.8.1935;1;0
RUBEL;1;2.2.1975;1;0
ANTONET;1;4.2.1962;0;1
MERSELYA;1;21.2.1971;0;1
IMADIDDIN;6;7.4.1961;6;0
DEVVEH;1;14.5.1965;0;1
USEYMA;1;6.11.1991;0;1
SIYEL;1;12.8.1982;0;1
ABDULCAVAT;1;29.12.1949;1;0
SIMREZ;1;11.12.1970;0;1
MT.GAZALI;1;27.8.1938;1;0
MURVED;4;7.9.1970;0;4
SEREYIR;1;16.6.1957;0;1
RIGDE;1;11.9.1984;0;1
DEMMUNE;1;22.8.1925;0;1
EKRAMA;1;19.3.1982;1;0
MANAVSA;1;7.7.1948;0;1
M.ZEKERIYE;1;27.8.1926;1;0
MEGLI;1;27.8.1938;0;1
SEREKI;1;18.6.1950;1;0
ACCUBA;1;21.12.1950;0;1
SABAHINNUR;1;17.9.1945;0;1
NACIYYE;1;13.3.1964;0;1
SALUH;1;11.8.1954;0;1
DELEN;1;5.10.1968;0;1
ABDULMUNIF;3;1.11.1950;3;0
MELEKAT;2;2.3.1962;0;2
MT.;2;22.8.1937;2;0
AZIZIA;1;19.5.1945;0;1
HABBEBE;1;7.8.1934;0;1
SELHEP;1;24.11.1990;1;0
ALAM;1;29.4.1968;1;0
SECE;3;19.8.1970;0;3
EDVAN;6;29.3.1967;6;0
ABANUR;1;6.7.1974;0;1
NILME;1;22.3.1961;0;1
HENEI;1;6.3.1970;0;1
SIFRIN;1;2.4.1966;0;1
MANAZIR;2;1.12.1974;0;2
MALHAT;1;29.9.1950;0;1
AFEF;1;22.12.1985;0;1
REVBE;1;29.3.1986;0;1
SERDELIN;1;2.4.1987;0;1
ZERUF;1;26.2.1966;0;1
AIFIFE;1;17.8.1936;0;1
FILLINIDA;1;21.11.1971;0;1
ABDINNASIR;1;17.1.1966;1;0
ABDULATA;3;10.11.1961;3;0
RADIYI;1;13.1.1950;0;1
ITTISAL;1;30.4.1980;0;1
ETMEN;2;2.11.1959;2;0
SERIYEL;1;7.9.1988;0;1
RAVDAT;1;2.5.1948;0;1
MEYSELUN;1;2.7.1975;0;1
FUYRUZ;1;28.11.1944;0;1
ZENNUB;5;1.3.1939;0;5
MUHDIYYE;1;2.5.1975;0;1
HENANO;1;1.1.1;1;0
MULK;2;5.1.1975;2;0
NACMIDDIN;1;12.2.1959;1;0
RUKNAZ;2;3.1.1973;0;2
SEYTINE;1;17.5.1966;0;1
BUSEYME;1;21.5.1951;0;1
MUHAMIR;1;4.10.1956;0;1
ZELVIYAR;1;7.8.1928;0;1
NIYOL;1;13.3.1965;1;0
IGLA;1;8.6.1952;0;1
SUEYRA;1;21.9.1978;0;1
SUNGURALP;2;30.4.1991;2;0
SAHANBANE;1;29.1.1950;0;1
LEYHUZA;2;21.1.1955;0;2
CANBILEN;1;18.7.1983;1;0
OZDEMI;1;17.10.1978;1;0
SUADET;3;6.3.1941;0;3
SEBAHAETTIN;1;13.8.1953;1;0
HESAMITTIN;1;22.8.1937;1;0
BAABIL;1;26.2.1984;1;0
O.CENGIZ;1;16.10.1940;1;0
SAFHAN;1;9.3.1952;1;0
HAVADAN;1;10.9.1966;0;1
UCUF;1;12.12.1947;1;0
ONGEN;2;10.12.1960;2;0
MEHIRI;1;24.3.1957;0;1
IZMIRNA;2;28.12.1955;0;2
ENETTE;1;11.4.1961;0;1
HAVREN;2;13.1.1984;2;0
ELGAMA;1;10.3.1967;1;0
CENGHAN;1;1.12.1982;1;0
MAHPUKAR;3;24.8.1951;0;3
MT.ATALLAH;1;27.8.1932;1;0
GUSEYNE;1;18.2.1941;0;1
TULUYA;2;18.10.1976;0;2
CIBLAK;1;7.1.1946;1;0
VEBIN;1;27.5.1974;0;1
ZEZAYIR;2;8.7.1952;2;0
TULHACER;1;17.7.1966;0;1
ELCIMAN;1;1.1.1950;0;1
HOLKES;1;4.9.1963;1;0
NAVRAN;1;21.1.1977;1;0
KALMIS;1;11.2.1968;0;1
NESHUA;1;18.5.1948;0;1
MENINA;1;7.8.1940;0;1
DELELET;1;3.3.1964;0;1
BEHIDDIN;1;3.10.1964;1;0
NEDYA;2;14.4.1975;0;2
PEMILIN;1;25.3.1983;0;1
ESBURG;1;17.12.1979;0;1
GANIYYA;1;11.9.1951;0;1
ALIYDIN;2;17.3.1957;2;0
FILKET;1;25.6.1951;0;1
MATIK;1;1.11.1948;1;0
DURDANEGUL;1;2.4.1981;0;1
KOCEK;1;22.2.1949;0;1
DEYRIYE;1;2.5.1975;0;1
FAT;1;27.8.1950;0;1
HATICEY;1;6.6.1951;0;1
TEMIMI;5;14.2.1951;1;4
BOSTAMI;1;12.2.1971;1;0
DEYNE;1;18.4.1942;0;1
IMINUR;1;2.8.1951;0;1
IRAIL;1;23.2.1939;0;1
GULYAKUT;1;12.2.1971;0;1
KADERNUR;1;30.9.1966;0;1
NAYRE;1;11.4.1936;0;1
SEMIRIHA;1;1.8.1962;0;1
DIFAF;1;21.1.1964;0;1
KARTUL;1;14.4.1971;0;1
MUKTEBEL;1;29.2.1960;1;0
SERBILAY;1;12.7.1982;0;1
SEPTIN;2;4.3.1966;2;0
SEVTEM;3;22.8.1973;0;3
PESHAN;1;1.1.1;0;1
CAFERYE;1;3.5.1967;0;1
MEVSIMI;1;27.3.1963;1;0
HAVECAN;1;27.2.1974;1;0
EVKAT;1;14.10.1977;1;0
KIYMETIYE;4;28.12.1951;0;4
SORMIYE;1;9.3.1958;0;1
RUFETIYE;1;26.9.1943;0;1
CAMISE;4;4.3.1980;0;4
KETENUR;1;24.3.1977;0;1
NAZILAN;1;21.7.1954;0;1
SOMEGUL;1;1.3.1954;0;1
UYUMAZ;1;22.2.1949;1;0
MIYASAN;1;22.11.1931;0;1
MEFHUME;2;30.7.1947;0;2
ERSEGON;1;25.10.1990;1;0
GURGONUL;1;20.3.1960;0;1
KUZEYNA;1;27.7.1958;0;1
OZA;1;7.4.1970;0;1
BIRNABI;1;22.5.1955;1;0
ADILSEN;1;2.3.1975;1;0
DULFUZAR;1;8.4.1981;0;1
CIVDEN;2;20.1.1967;0;2
CEFAHIRE;2;27.9.1985;0;2
BURGEL;1;12.2.1967;0;1
NEBIYETE;1;27.10.1974;0;1
SODEY;1;7.12.1946;0;1
EDEP;1;26.10.1991;1;0
ESMASULTAN;1;8.9.1975;0;1
KOLIK;1;4.8.1951;1;0
AYSEGULZEHRA;1;17.4.1990;0;1
NEFAYA;1;21.12.1964;0;1
GABAT;2;4.9.1986;2;0
AKCIN;1;28.4.1941;1;0
DINLEVAS;1;2.6.1979;0;1
GUNEYRE;1;16.4.1959;0;1
DURRIYA;2;20.10.1975;0;2
OZLEMPINAR;1;21.2.1990;0;1
EZENFER;1;1.2.1961;0;1
HASTI;5;18.10.1965;5;0
MUFACET;1;17.2.1960;0;1
FARZIYA;1;22.2.1961;0;1
KULEF;1;3.3.1963;0;1
BENGUSEN;1;17.5.1988;0;1
SAIDETE;1;2.2.1957;0;1
SEVCIRAG;2;29.4.1944;0;2
H.HALIL;3;2.4.1955;3;0
NEFSALE;1;9.9.1973;0;1
ARAYFE;1;6.10.1966;0;1
JIYAT;2;4.12.1989;2;0
TULKIN;1;7.2.1941;0;1
GULBURAK;2;11.12.1980;0;2
MUFFIT;1;23.5.1977;1;0
ISMIHAYET;1;7.2.1946;0;1
ZILMET;1;27.2.1950;0;1
ABDULZEYDIN;1;22.2.1967;1;0
UNZULUYE;1;18.1.1966;0;1
IMAMET;1;1.3.1948;1;0
KAZUBEN;1;22.1.1969;0;1
NAYIFA;1;11.10.1951;0;1
TIMURLEK;1;1.5.1983;1;0
MENSUNA;1;17.2.1954;0;1
MEHTEREM;1;5.3.1975;0;1
HELIYA;4;24.5.1951;0;4
NESUMAN;1;7.12.1954;0;1
DILMEYI;1;13.2.1953;0;1
GELSIN;4;20.2.1975;2;2
KUTBEDIR;1;29.4.1980;1;0
SALGA;1;12.3.1935;0;1
NUGAN;3;23.11.1956;2;1
MERYO;1;27.2.1938;0;1
MUFRI;1;17.2.1978;1;0
SUVIZAN;1;16.2.1952;0;1
YUKSEDIN;1;7.2.1976;1;0
PERIBE;1;24.7.1966;0;1
SENDEZ;1;1.4.1978;0;1
SUEYYIP;1;27.7.1926;1;0
KAMELI;1;16.4.1980;1;0
SAHSETE;1;20.5.1960;0;1
SEVEYLE;1;23.5.1954;0;1
GULBETDIN;1;10.3.1992;1;0
MIHVAL;3;20.4.1952;0;3
TONTU;1;1.3.1960;1;0
SAHIRBEN;1;1.4.1954;0;1
HOSEYN;7;22.6.1936;7;0
ALLIK;1;12.8.1929;1;0
VETDUHA;1;16.9.1980;0;1
MUBABIRE;1;3.3.1945;0;1
ENJEL;1;16.1.1940;0;1
ZOBEYRI;1;8.1.1951;1;0
MOHINER;1;1.3.1967;0;1
SUBLI;1;16.11.1943;1;0
REHPER;3;13.2.1957;2;1
RENAYDA;1;20.2.1990;0;1
ZANISAN;1;13.7.1953;0;1
ISTIMIHAN;1;6.5.1984;0;1
ALEYETTIN;4;15.9.1968;4;0
SUYVEYLA;1;16.1.1982;0;1
MUADDIN;1;16.8.1949;1;0
GURHIYA;1;10.6.1952;0;1
SAYDIRAN;2;6.9.1957;0;2
RIKNETTIN;1;7.6.1982;1;0
MAHIPEKAR;1;28.3.1946;0;1
SUFEYBE;2;19.10.1984;0;2
FIYDET;1;16.1.1972;0;1
CUMEYDE;1;6.12.1976;0;1
FIDIK;2;13.5.1940;1;1
UYRAN;2;3.3.1963;2;0
YILTEN;1;4.4.1981;0;1
KUZEYNE;1;7.4.1964;0;1
GULBERAT;4;10.4.1982;0;4
SUHADIYE;3;12.11.1962;0;3
NAZEF;1;16.4.1935;0;1
BERIAT;1;22.2.1970;0;1
MEVRESTER;1;26.2.1959;0;1
ISHARETTIN;1;30.3.1955;1;0
ASYI;1;11.11.1968;0;1
BAZAT;1;7.10.1982;1;0
KUSSU;2;16.8.1958;0;2
ZEFIZAR;1;12.2.1971;0;1
RUVENDA;1;17.2.1990;0;1
ASLIMINE;1;2.1.1992;0;1
URIKIYE;1;14.4.1972;0;1
RUSIME;2;28.3.1951;0;2
SEYTAHA;1;14.3.1972;1;0
GURAYHAN;1;29.7.1985;1;0
KUDDEMIN;1;16.2.1969;1;0
SULLEYMAN;2;9.11.1962;2;0
CANKESAN;1;12.2.1965;1;0
ATLEM;2;22.12.1964;2;0
ZENNIAR;1;11.8.1975;0;1
SAIFME;1;17.11.1948;0;1
SAHALYE;1;28.1.1967;0;1
MAHHO;1;17.8.1930;1;0
GULGET;1;14.3.1943;0;1
MAKBERIZE;1;7.6.1946;0;1
SEHLALE;1;23.9.1977;0;1
AYTINAY;1;7.1.1977;0;1
IGSAN;1;24.1.1973;1;0
EGREM;1;21.2.1964;1;0
ZEGULE;1;4.11.1982;0;1
SOFE;2;2.4.1968;0;2
SERBIRI;1;6.4.1972;0;1
LEMUNE;2;24.4.1954;0;2
ABDULKADUS;1;2.2.1969;1;0
SENCIYE;2;9.10.1965;0;2
GERIVSA;1;6.8.1972;0;1
SAHAD;1;7.11.1970;1;0
KADIIYE;1;21.8.1983;0;1
VAZIFA;2;1.6.1965;0;2
TEVRETE;1;26.6.1958;0;1
SERDINYA;1;6.11.1971;0;1
SERTI;2;24.1.1969;1;1
SABARO;1;22.8.1937;1;0
ABDUMELIK;1;14.4.1970;1;0
DEMIYA;1;21.4.1983;0;1
FOTO;2;26.8.1936;0;2
HIVAT;1;10.10.1986;1;0
ALICANERI;1;13.1.1988;1;0
KADVE;1;30.3.1953;0;1
DEHLEVI;1;22.4.1973;1;0
TALUBE;1;16.4.1980;0;1
ATABEYLI;2;28.2.1970;2;0
MEMRUR;1;9.5.1961;0;1
ILFADER;1;22.7.1961;0;1
ONDERSEV;1;21.3.1939;0;1
YABIN;1;27.8.1947;1;0
MESAYI;1;23.9.1959;1;0
MUBAREKI;1;6.9.1937;0;1
KERAMIDDIN;1;5.12.1951;1;0
HICREDDIN;1;26.1.1971;1;0
BOLGAN;1;4.6.1943;1;0
MADIRIK;1;26.1.1957;0;1
MIRILIYE;1;3.3.1930;0;1
MAHFAET;1;12.2.1971;0;1
GULRAHSAN;1;9.7.1978;0;1
SIVAMI;1;23.1.1949;1;0
MELAHIRE;1;19.3.1966;0;1
RESTA;1;7.4.1977;0;1
SEERAP;1;2.5.1981;0;1
MESEVET;1;13.4.1929;0;1
H.MUEYYET;1;10.11.1961;0;1
MASLAHITTIN;1;12.3.1935;1;0
ZAHDE;1;7.2.1982;0;1
GULDEZ;2;20.9.1970;1;1
OZERBIL;1;2.9.1969;0;1
DUZCE;1;8.5.1982;0;1
LAZEZ;1;27.2.1956;0;1
DUYNAZ;2;23.9.1986;0;2
MUKEYLA;1;21.11.1977;0;1
FERANI;2;29.3.1958;1;1
CEVRAKI;1;20.9.1960;1;0
MEHMETSAIR;1;15.4.1963;1;0
MIKRIMAH;1;20.8.1963;0;1
VEDIH;2;15.9.1966;2;0
HOSAM;1;15.6.1939;1;0
HUVEYDIYE;1;26.9.1968;0;1
APTEKIN;1;29.3.1973;1;0
EVDOKIYA;1;24.10.1977;0;1
GULZUBEYDE;3;23.9.1959;0;3
TAHAETTIN;1;18.5.1938;1;0
NEVRESTER;1;21.6.1942;0;1
NASATE;1;26.8.1949;0;1
MESELLET;2;24.10.1957;0;2
UNUBIYE;1;27.12.1962;0;1
CAGITAY;2;12.6.1991;2;0
SUFUYLA;2;15.10.1969;0;2
VURUSKAN;1;3.6.1949;1;0
MAHSUFE;1;1.4.1983;0;1
MUBAHIRE;2;27.3.1956;0;2
USMMUGUL;1;26.10.1959;0;1
GUZEYIDE;1;29.10.1949;0;1
FEZLET;1;3.5.1955;0;1
GURDELEN;1;4.4.1963;0;1
KIRVE;1;6.5.1967;1;0
TAHIHA;2;16.8.1968;0;2
BUKULMEZ;1;2.1.1977;1;0
REMIZI;1;22.8.1937;1;0
FADDUM;2;25.11.1949;0;2
OMRUMENYA;1;2.2.1957;1;0
LEYANE;2;1.10.1975;0;2
GAMKESER;2;19.8.1959;0;2
GULSUDA;12;7.10.1970;0;12
ISHABIL;1;20.7.1972;1;0
ADILEYE;1;6.4.1931;0;1
BATULE;1;30.2.1956;0;1
URUSIYEN;1;1.5.1979;0;1
ABDUSSEMAD;1;1.3.1973;1;0
FIKRINUR;3;3.2.1976;0;3
FIRGEL;1;22.2.1973;0;1
BIYYAMIN;1;15.2.1965;1;0
SAHHIZAR;1;25.8.1945;0;1
BIYAZIT;3;9.2.1960;3;0
KOSOVA;1;4.5.1982;1;0
MUCO;1;12.8.1929;1;0
ZIFEDAR;1;7.8.1940;1;0
RAKIDIYE;1;12.5.1962;0;1
ZULVARI;1;21.11.1981;1;0
SOLFI;1;9.5.1946;0;1
HOCACA;1;22.8.1937;0;1
SEMSSETTIN;1;6.9.1991;1;0
TESSI;1;6.9.1951;0;1
AYLUL;1;24.4.1979;0;1
SEKAR;1;22.2.1937;1;0
BEDRINEAM;1;10.8.1956;0;1
YESIRA;5;13.3.1971;0;5
NEDEHAT;3;25.11.1959;0;3
OMEYME;1;1.11.1967;0;1
SUREP;1;9.10.1964;0;1
NAHIYYE;1;20.10.1978;0;1
SOHA;1;27.4.1960;0;1
SABERINE;1;5.2.1958;0;1
CEMBEDIR;1;18.2.1978;1;0
ZEYZEFIN;2;17.8.1936;0;2
GULDAMAYIR;1;3.6.1975;0;1
ESUME;1;2.8.1921;0;1
FEVZIY;2;4.5.1955;0;2
IHLAM;1;6.4.1980;0;1
MELLET;1;17.8.1936;0;1
ZEHRILCIBIN;1;22.8.1943;0;1
HADUCE;2;20.4.1960;0;2
SEVVO;1;27.8.1932;0;1
SEVMAN;1;23.11.1987;1;0
NEDDUR;1;1.4.1947;0;1
ESADIDDIN;1;2.2.1957;1;0
SEVBENI;1;22.10.1970;0;1
HISEMIDDIN;1;29.9.1953;1;0
BEDIRELDIN;1;27.3.1953;1;0
ASEMAN;2;13.4.1949;0;2
NACMIDIN;1;1.1.1964;1;0
NOVREZ;1;12.8.1935;1;0
FEHA;1;7.3.1991;1;0
PALAY;1;3.4.1975;0;1
ENVERIYENUR;1;24.6.1973;0;1
TEMERIYE;2;19.7.1947;0;2
YAMLUHA;1;21.8.1964;1;0
SOADET;1;25.4.1953;0;1
SEFERET;1;11.4.1954;0;1
BABY;1;12.2.1964;0;1
VERDILLIHE;1;11.5.1959;0;1
EMAMA;1;12.8.1935;0;1
M.VEFA;1;22.8.1925;1;0
EYMAT;1;17.5.1971;1;0
SAMIRAMIS;1;6.3.1957;0;1
REYKAN;1;5.4.1970;1;0
SOIT;1;19.2.1949;0;1
HAYRALLAH;1;2.7.1954;1;0
M.NIZAMITTIN;1;27.8.1932;1;0
HINDEGUL;1;14.8.1972;0;1
CEBRIYYE;1;25.2.1960;0;1
NECBIDDIN;3;4.11.1948;3;0
SIALE;4;24.3.1964;0;4
RITKIYE;1;2.12.1969;0;1
BESSAR;3;7.8.1970;3;0
BIDUR;1;6.3.1973;0;1
A.SAADETTIN;1;27.8.1963;1;0
BESSIR;1;26.11.1970;1;0
SARAFETTEN;1;4.5.1975;1;0
HADDURA;8;2.7.1964;0;8
GASUB;2;20.5.1956;2;0
SEYFATTIN;1;27.8.1932;1;0
DUNYEZ;5;6.5.1950;0;5
CENINYE;1;30.3.1966;0;1
ASAD;4;5.6.1962;3;1
HUZEYMENE;1;6.11.1973;0;1
NIFIYE;3;8.1.1964;0;3
RUDUYE;1;1.10.1977;0;1
M.HEYRO;1;7.8.1928;1;0
DUDUNAS;1;22.5.1948;0;1
GANUM;1;1.5.1966;1;0
LAHTIZEN;1;11.2.1966;0;1
RAMADEN;1;22.2.1961;1;0
MAYSOUN;1;27.9.1976;0;1
HASAMITTIN;2;17.6.1969;2;0
MAZIYYE;1;13.4.1953;0;1
FILBI;1;6.1.1961;0;1
SIHAMIDDIN;1;14.3.1962;1;0
ANAM;2;24.9.1978;0;2
HUZEYBE;1;27.12.1968;0;1
MUSERED;1;16.4.1957;0;1
SIBILI;2;19.4.1966;2;0
BELKIRAN;1;17.2.1972;1;0
YEMEMI;8;12.9.1958;0;8
REYIK;1;9.5.1978;1;0
EZEDE;1;22.1.1955;0;1
GULETEK;1;21.9.1966;0;1
ELHAMDULILLAH;1;25.2.1979;1;0
NECEHIR;1;24.4.1953;0;1
REHEM;1;8.5.1962;1;0
FETBA;1;16.5.1980;0;1
GASIME;1;21.8.1965;0;1
ZUHRELBEN;1;19.1.1983;0;1
SEHABITTIN;3;8.7.1942;3;0
SEREFFITTIN;1;1.11.1956;1;0
KEFEYE;2;8.1.1960;0;2
SELBULET;1;2.3.1975;1;0
RAKIMIYE;1;16.11.1954;0;1
HUSEYINNACI;1;7.11.1981;1;0
AZITDIN;1;22.8.1937;1;0
DUUA;1;7.10.1982;0;1
ZEVICE;1;6.2.1975;0;1
ADILMELIK;1;21.8.1954;1;0
MIHIDDIN;2;29.6.1944;2;0
SABAHADTIN;3;20.6.1955;3;0
SAHABIDDIN;20;30.8.1958;20;0
ABDUSSENEM;1;21.6.1964;1;0
NIBHAN;3;11.6.1948;3;0
MUCEHIDDIN;3;25.5.1960;3;0
TIBERHAN;2;2.11.1974;2;0
HADDEC;1;12.6.1941;0;1
FEDIVA;1;11.7.1953;0;1
NEBIGAR;1;9.4.1978;0;1
ZUBED;2;19.4.1959;0;2
GOKAYDIN;1;18.10.1984;1;0
LULO;3;25.9.1958;0;3
SEDUN;1;15.5.1967;1;0
KANU;6;17.3.1958;1;5
SOHAM;5;28.7.1972;0;5
REVEZ;1;23.3.1955;0;1
GASSUN;87;23.3.1952;2;85
GUNAYET;2;17.11.1972;2;0
IKLIMAY;1;1.10.1980;0;1
GENIYA;1;28.2.1956;0;1
KANNU;11;27.4.1956;0;11
OLIN;1;20.1.1975;1;0
YASRE;3;9.9.1977;0;3
IFON;1;7.1.1972;0;1
CIBINI;2;27.6.1953;0;2
DEBEL;1;18.9.1968;0;1
ZIHER;1;16.5.1977;0;1
SUEM;1;26.5.1972;0;1
MUHTARAM;3;14.9.1966;0;3
CUMAVA;1;23.7.1967;0;1
BEDRILNEAM;1;27.11.1955;0;1
RINCIS;5;27.4.1965;0;5
NEHIYA;2;12.11.1963;0;2
NIRUZ;1;2.11.1976;0;1
CENSUR;1;1.7.1975;0;1
MULTECEP;1;14.2.1957;1;0
OUSSAMA;1;19.4.1959;0;1
GESSEN;1;28.11.1969;1;0
SELVAHAN;3;26.5.1980;0;3
NURELHEDA;2;14.4.1953;0;2
EVNA;1;27.10.1985;0;1
SEHIZET;1;12.4.1959;0;1
ALEYIDIN;1;26.6.1967;1;0
KERIKEP;1;17.8.1930;0;1
KAMERIZZAMAN;2;14.2.1960;1;1
HIYYEN;1;10.5.1974;0;1
HEMDEN;1;27.8.1938;1;0
CEBIN;11;12.5.1949;0;11
GUNGOL;2;28.7.1960;0;2
TAKAYADDIN;1;2.10.1965;1;0
DILBAN;2;27.1.1967;0;2
KAVKAP;3;28.4.1962;0;3
BOSEYNE;1;28.11.1959;0;1
MIKDDAT;1;24.2.1956;1;0
EMAMI;23;9.7.1957;0;23
NEMMUN;3;25.11.1935;0;3
RIZHALLAH;1;11.8.1974;1;0
ABDUSSEMIK;1;27.2.1968;1;0
LUCEYNE;1;28.2.1955;0;1
M.NESIT;1;1.8.1948;1;0
ZIHNIYYE;1;30.9.1962;0;1
NUHVAR;1;11.9.1967;0;1
ZEREVENT;2;4.10.1982;0;2
SELBENEZ;1;27.3.1974;0;1
MISLIVER;3;21.8.1960;0;3
FURDA;1;5.8.1991;0;1
SEFEYDE;1;22.11.1968;0;1
ABDOKERIM;1;1.1.1964;1;0
KITSI;1;5.3.1975;0;1
REKKUS;5;18.1.1943;0;5
ALIYYA;1;22.2.1961;0;1
UTMEN;1;13.3.1965;1;0
HISEMETTIN;1;17.2.1960;1;0
NAHLE;20;7.10.1957;0;20
ZIHNIDDIN;1;26.2.1967;1;0
ZERAVENT;2;22.5.1961;0;2
HIDRO;1;6.3.1955;1;0
ESSOM;1;19.5.1969;0;1
DOKAY;1;7.8.1940;0;1
SEBBUH;1;18.7.1964;1;0
SUNUVER;1;12.9.1979;0;1
M.ABDULVAHAP;1;11.12.1953;1;0
MUHHAMED;2;7.7.1983;2;0
MEHRINNISA;3;17.10.1942;0;3
NESSUM;1;21.3.1956;0;1
KARAHALIL;2;25.11.1950;2;0
MENDUHUNUR;1;7.8.1940;0;1
IPTINAC;1;7.6.1971;0;1
F.ALIYE;1;10.1.1936;0;1
MILOR;1;7.10.1958;0;1
M.FETTAH;1;26.2.1931;1;0
FADLIL;1;27.8.1932;0;1
NEFFUZ;1;4.10.1974;0;1
M.TURMUS;1;22.8.1937;1;0
SAHRAZET;2;21.1.1973;0;2
NIAMET;1;12.8.1923;0;1
NESANE;1;6.5.1963;0;1
ELMETTIN;1;28.7.1984;1;0
M.ZUHIR;1;26.9.1955;1;0
SAOUSAN;1;6.9.1966;0;1
MUHRINNISAN;1;12.8.1935;0;1
SAFFUF;1;4.12.1977;0;1
HUSEME;2;4.9.1964;0;2
TOGRUT;2;5.1.1940;2;0
OGUTAY;1;27.8.1938;1;0
FAVZI;2;25.11.1952;1;1
NOFFEL;1;12.8.1935;1;0
FIRIDOS;1;17.3.1960;0;1
HAYRINISE;2;15.12.1947;0;2
SAZMAN;2;27.12.1949;0;2
VELIS;7;12.5.1967;6;1
NIFUYE;1;6.5.1956;0;1
CEMUL;3;11.3.1932;0;3
ERIKE;2;18.4.1970;0;2
PEMPENUR;1;17.1.1978;0;1
SUALETTIN;1;16.7.1959;1;0
INAYAT;2;16.5.1978;1;1
MIHRACAN;2;29.1.1982;0;2
SUKERIYE;1;16.7.1964;0;1
SUSEYLE;1;1.9.1943;0;1
JONALINE;1;29.7.1967;0;1
YASMAN;1;19.2.1948;0;1
SADRIDDIN;2;20.8.1946;2;0
TAYCEDDIN;1;12.2.1965;1;0
ZUHNI;1;26.4.1964;1;0
HISAMADDIN;1;26.2.1949;1;0
KENIA;2;12.8.1935;0;2
LUHAM;1;22.3.1961;1;0
SEVINDIREN;1;19.3.1944;0;1
DAVHA;2;9.1.1929;0;2
SUYEBE;1;18.5.1948;0;1
M.MEMUN;1;2.2.1939;1;0
ERDURSUN;1;9.9.1952;1;0
ILHANHANIM;1;17.10.1960;0;1
MEHSAN;1;11.7.1964;1;0
SEMIYR;1;11.10.1962;1;0
SEPKAN;2;9.3.1975;1;1
SULMEN;9;6.5.1947;9;0
SELIMI;7;28.3.1955;0;7
EYYEM;6;2.2.1965;0;6
ISAL;2;6.12.1953;0;2
VERDEGAN;1;17.2.1966;0;1
ADVE;1;26.4.1960;0;1
IHSANIDDIN;1;7.8.1934;1;0
LARDDIZ;1;19.2.1967;0;1
BUZER;1;21.7.1966;1;0
NURESSABAH;2;5.11.1964;0;2
GULUBAHAR;1;10.4.1973;0;1
SIVET;1;12.2.1959;0;1
SEMCE;1;4.2.1957;0;1
FERECIYE;2;21.11.1960;0;2
LEIKA;1;27.4.1968;0;1
AHRA;1;21.12.1959;0;1
ZEYFERAN;1;17.7.1970;0;1
FINCANA;2;1.4.1951;0;2
MEH.ALI;1;2.8.1927;1;0
M.NIYAZ;1;6.5.1950;1;0
ABDULCABBER;2;1.7.1951;2;0
LELUZE;1;2.3.1947;0;1
HIMEDI;1;19.3.1966;1;0
RAHLA;1;4.3.1959;0;1
DABLE;1;21.9.1957;0;1
SEMSIL;1;26.4.1946;0;1
DOSTULAS;1;18.10.1974;1;0
M.EMRULLAH;1;17.8.1930;1;0
SUEYYA;1;23.12.1955;0;1
ZEDEFTEN;1;27.2.1956;0;1
FAGIZE;1;24.10.1978;0;1
M.VASIK;1;7.8.1940;1;0
DEVVAH;1;23.1.1979;0;1
M.ALAMIDDIN;1;15.3.1951;1;0
FEKAT;1;19.8.1952;0;1
DURYET;1;3.2.1957;0;1
KANDIRA;1;18.4.1952;0;1
FATHADDIN;1;21.2.1965;1;0
SARAFITTIN;1;20.2.1950;1;0
ESREFIDDIN;1;9.3.1951;1;0
CAZAHIR;1;16.3.1974;0;1
ELAM;1;14.5.1971;0;1
DUMMER;2;21.5.1951;2;0
GULEYFA;1;30.4.1959;0;1
SEYHLI;3;23.7.1956;3;0
HISAMIDDIN;25;17.6.1957;25;0
FURZEM;2;7.12.1968;0;2
JAIZE;1;17.3.1960;0;1
M.HANI;1;2.8.1939;1;0
SALAHIDIN;3;18.5.1947;3;0
ILHAMIDDIN;1;7.7.1949;1;0
HILFE;22;4.5.1953;0;22
ALIHIDDIN;1;22.2.1961;1;0
URKIYYE;2;5.4.1941;0;2
YESAMEN;2;16.12.1959;0;2
RADIYYA;1;7.2.1953;0;1
NANU;2;26.4.1932;1;1
PABLI;1;28.2.1954;0;1
NAZEHET;3;14.2.1960;0;3
SELBENAZ;2;28.3.1971;0;2
R.MESUT;1;13.4.1957;1;0
NOHFEL;1;12.2.1965;1;0
EDRIS;13;16.6.1964;13;0
ABDOSELEM;1;27.1.1965;1;0
MUCEHIDE;2;12.7.1972;0;2
ZIYAILVERD;1;28.3.1956;0;1
ABBES;6;24.7.1968;6;0
LEVAHIZ;1;14.4.1959;0;1
MAYUN;1;5.12.1959;0;1
AMMUN;2;30.11.1946;0;2
RISDI;1;3.1.1948;1;0
NIYAZIDDIN;2;25.8.1950;2;0
GITAF;1;1.6.1979;0;1
SEMREMIZ;1;16.11.1941;0;1
ABUSSELAM;2;30.1.1964;2;0
INAR;3;4.7.1969;2;1
OVREN;1;12.4.1973;0;1
FOYZIYE;1;12.8.1941;0;1
YUKSAL;2;4.12.1966;1;1
SERUR;1;7.1.1976;0;1
NURILHUDE;4;25.8.1963;0;4
ZENIP;2;15.9.1974;0;2
FERDALA;1;12.9.1959;0;1
LAMIDA;1;11.12.1961;0;1
GEZELI;4;5.6.1954;0;4
IYAM;1;4.4.1969;0;1
ELIYYA;1;22.1.1943;0;1
AKREMA;1;1.12.1960;1;0
KETBI;2;30.3.1959;0;2
BEDIY;1;29.5.1950;1;0
IMADEDIN;3;13.3.1963;3;0
ECVA;1;10.1.1976;0;1
FATIMETEZZEHRA;1;3.5.1960;0;1
GASSEN;1;15.9.1964;1;0
RAIYYE;2;11.7.1955;0;2
HACIB;1;15.2.1966;1;0
ILMO;1;16.3.1960;1;0
SEDOL;1;7.2.1976;1;0
NIDALETTIN;1;8.3.1969;1;0
NABYE;1;15.9.1941;0;1
DORLY;1;16.4.1958;0;1
NEHO;1;7.8.1934;0;1
BALOS;1;7.8.1934;1;0
MIRYANE;3;7.8.1938;0;3
JANDIB;1;17.6.1960;1;0
MIRHRINNISA;1;7.8.1934;0;1
SEHEBIDDIN;1;23.3.1961;1;0
JENEL;1;2.2.1975;0;1
APTULHADI;3;10.11.1956;3;0
KOCAGUL;1;2.4.1969;0;1
NEDIRA;3;26.3.1958;0;3
CIBRA;1;6.6.1957;1;0
M.BEKIR;2;17.4.1973;2;0
FIRZANE;1;9.5.1960;0;1
CEYDET;1;17.3.1972;0;1
CAYZI;1;17.8.1978;0;1
RAKDE;4;29.12.1956;0;4
M.SEYFEDDIN;1;21.5.1945;1;0
SIYEF;1;9.2.1969;1;0
AZIZO;2;3.8.1960;2;0
MENIM;1;11.10.1979;0;1
MENERILSINE;1;20.3.1964;0;1
EZIZA;1;30.5.1952;0;1
NESANI;1;2.8.1939;0;1
EHDEL;1;2.2.1963;1;0
YESRET;1;27.1.1988;0;1
ABDULMUNAIM;1;22.2.1955;1;0
MEHMUD;1;28.8.1948;1;0
IMEDETTIN;1;4.2.1980;1;0
HIMDE;1;13.5.1947;0;1
MEVEHIP;1;27.8.1938;1;0
IDVAN;5;9.3.1967;5;0
KUNU;5;25.5.1934;0;5
IMEDIDDIN;1;1.6.1967;1;0
APTULBERI;1;8.4.1958;1;0
TEMADUR;2;1.6.1970;0;2
TULEL;1;4.1.1969;0;1
IPTISAN;2;21.9.1963;0;2
IZZITDIN;2;26.4.1955;2;0
NILZER;1;7.10.1982;0;1
MELIKKIYE;1;17.2.1960;0;1
IZITTIN;14;4.3.1941;14;0
HILAMETTIN;1;13.4.1959;1;0
ABDULVAHIB;2;29.10.1939;2;0
CELIMI;1;16.3.1945;0;1
RAHIYYEN;1;9.3.1946;0;1
ZULFITAN;1;6.2.1972;0;1
ERHATAY;1;22.8.1937;1;0
VAHIDDE;1;7.2.1970;0;1
SUNBUS;1;3.7.1962;0;1
TUGMAC;3;14.10.1953;3;0
BULYEMIN;1;21.8.1979;1;0
GULBENE;1;21.2.1983;0;1
NEVGAT;1;11.4.1975;0;1
SEHME;3;17.9.1955;0;3
MIHYIDDIN;2;29.10.1950;2;0
IMNI;1;10.4.1943;0;1
F.TULAY;1;13.10.1938;0;1
NURSAKINE;1;27.5.1978;0;1
S.RUSEN;1;12.8.1935;0;1
YESEDUR;1;2.8.1939;1;0
TILEYCI;1;12.8.1935;0;1
HURSENT;1;27.8.1932;0;1
EVFE;1;26.4.1946;0;1
MUESIR;1;24.2.1950;0;1
BEDIRGE;1;22.8.1925;0;1
SAFFANAZ;1;17.8.1930;0;1
EKREMA;3;5.2.1953;3;0
F.MELEHAT;1;2.8.1927;0;1
CEVVAHIR;1;17.6.1964;0;1
HABUBULLAH;1;27.7.1991;1;0
TACIDAN;1;18.5.1946;0;1
FITEYIM;3;25.8.1942;0;3
SEBLEWENGEL;1;2.8.1969;0;1
HOSNIYE;3;24.11.1955;0;3
MENDERCI;1;7.12.1978;1;0
NADMIYE;1;17.1.1960;0;1
RASED;1;2.3.1966;1;0
EZHAN;11;10.5.1959;3;8
METINIRSADI;1;22.2.1967;1;0
SAMSIDDIN;1;27.4.1942;1;0
SEREFIDIN;2;15.5.1963;2;0
EMAMIYE;1;2.4.1973;0;1
NUTEYLA;2;30.4.1965;0;2
LURDI;1;7.8.1928;0;1
MARINET;1;16.6.1954;0;1
KLODIYA;1;28.4.1948;0;1
FELAKI;1;24.3.1942;0;1
MARLON;1;26.1.1961;0;1
JEMMA;1;21.8.1948;0;1
TADRAS;1;12.8.1935;1;0
NEYYAL;1;16.12.1959;0;1
GASAN;2;27.7.1971;2;0
TEVCIM;1;22.12.1984;0;1
NILEFOR;1;5.1.1935;0;1
BURCIM;1;11.11.1963;0;1
ISTIRE;1;21.3.1952;0;1
POLAKI;1;7.8.1928;1;0
ABUD;5;15.3.1946;5;0
CHADIA;1;21.11.1955;0;1
NURELHUDA;3;2.4.1963;0;3
IDNAN;1;14.9.1945;1;0
BURCO;1;17.10.1948;0;1
ANETTA;2;12.8.1935;0;2
HILALIDDIN;4;15.11.1965;4;0
MAHFUZENUR;1;23.6.1946;0;1
DUVILLO;1;27.8.1932;1;0
EVDOK;1;4.9.1981;0;1
CUANA;1;3.9.1991;0;1
JOZIF;1;27.6.1945;1;0
SEODORA;1;12.10.1963;0;1
SAVAYA;1;22.1.1945;1;0
MEGDA;1;7.6.1958;0;1
HENADI;2;27.11.1969;1;1
ILYEN;1;20.3.1968;1;0
ZUHEY;2;11.7.1957;1;1
BISARA;1;30.11.1950;1;0
FAMYA;4;23.4.1969;0;4
EFRODIT;1;22.8.1937;0;1
NURILSABAH;6;12.10.1952;1;5
IPSARE;1;25.1.1973;1;0
GERSUN;1;27.3.1962;1;0
DAAD;4;7.12.1944;0;4
NURKAS;1;24.4.1966;0;1
SIRAS;1;7.8.1934;0;1
NIZAMMIDDIN;1;24.2.1962;1;0
TEYO;1;18.2.1948;0;1
MELIKENNUR;1;17.8.1930;0;1
LEBVA;1;1.4.1943;0;1
EFDOKIYE;2;21.11.1938;0;2
ZURFAN;1;3.12.1976;0;1
FEHID;3;15.9.1974;3;0
NURESEBAH;1;7.10.1942;0;1
IVLIN;3;14.5.1957;0;3
HENUNE;1;22.8.1937;0;1
AFKAR;1;2.8.1933;0;1
OGI;1;19.2.1961;0;1
RAZEK;1;10.12.1958;1;0
VAILVILI;1;11.2.1974;1;0
COZAFIN;1;10.8.1961;0;1
AKMER;2;3.3.1967;0;2
BEST;2;27.9.1968;1;1
BUNA;1;2.7.1951;0;1
SEYYEDE;2;16.10.1961;0;2
IDMUN;1;2.4.1973;1;0
GULUSEREN;1;2.2.1951;0;1
SEVILAT;1;1.5.1974;0;1
NURULHADE;4;13.1.1958;0;4
BESSAL;1;22.8.1937;0;1
BOYAZIL;1;17.8.1954;1;0
HAYRILDIN;1;30.12.1951;1;0
KEMELI;1;6.4.1977;0;1
MUHRUDIGAR;1;18.3.1944;0;1
BAHRIPASA;1;12.8.1980;1;0
HABURRIH;1;11.2.1984;1;0
RETME;1;2.8.1915;0;1
NESRITTIN;1;17.8.1930;1;0
VERUZ;1;1.8.1964;0;1
ILMANE;1;22.2.1967;0;1
FERUHZAT;1;29.2.1948;1;0
ABDUHAY;1;15.3.1974;1;0
NOMAT;1;4.11.1963;0;1
FORUZAN;1;1.10.1940;0;1
NIRYAN;1;27.4.1961;0;1
YISRE;6;28.5.1970;0;6
ZIHIR;11;2.11.1955;2;9
FIRIDAN;2;13.4.1954;0;2
HUKULE;1;28.3.1957;0;1
RICAK;1;29.5.1968;0;1
ZUHEYRE;3;12.6.1962;0;3
MEDYET;2;5.7.1974;0;2
CEVIDEN;3;11.12.1961;0;3
NURULAN;1;30.5.1963;0;1
ALEYIDDIN;3;17.4.1963;3;0
MIHBARE;1;7.2.1970;0;1
OFFET;1;26.3.1949;0;1
ZULHAR;2;19.12.1966;0;2
M.NIZAMIDDIN;1;9.2.1955;1;0
LELAHAN;1;12.7.1983;0;1
M.METHI;1;22.8.1937;1;0
MUFIYD;1;3.2.1963;1;0
M.IDYAB;1;22.5.1967;1;0
YANIS;1;13.3.1963;1;0
TIRAYYA;1;4.3.1968;0;1
ABDULFARAC;1;28.4.1948;1;0
OZKENT;6;25.10.1962;6;0
VEKIDE;4;18.11.1959;0;4
MUSIRRE;1;22.8.1937;0;1
KAVKAB;2;27.8.1938;0;2
HELENLOU;1;13.6.1958;0;1
KANNA;1;22.4.1945;0;1
SUHHAM;1;18.10.1942;0;1
KURCIT;1;22.8.1937;0;1
SIBLA;1;17.4.1972;0;1
NAHIDEGUL;3;13.3.1981;0;3
REBVA;1;19.7.1956;0;1
HITEF;2;1.9.1972;0;2
TECRE;2;22.2.1961;0;2
KANUA;1;12.8.1923;0;1
SAFANAZ;1;2.9.1963;0;1
SAFUF;2;4.7.1956;0;2
ROJINA;1;21.3.1948;0;1
VEHBA;1;12.8.1976;0;1
ZULHAYHA;1;26.2.1975;0;1
FUNDAM;1;21.6.1979;0;1
FIKTI;1;10.9.1973;0;1
ENJELINE;1;27.8.1968;0;1
SEHRIZAD;2;19.4.1959;0;2
FERVE;2;16.7.1973;0;2
SAIRA;2;18.6.1969;0;2
ZUHYR;1;21.5.1953;1;0
BEDRELNIAM;1;2.8.1939;0;1
RAGHDA;1;22.8.1961;0;1
SIMGAN;1;16.6.1980;0;1
VECHAN;1;22.8.1981;1;0
FARCALLAH;1;22.8.1931;1;0
NURUZAN;3;15.9.1966;0;3
FRANSVA;1;5.5.1952;1;0
MECD;2;30.4.1980;2;0
MUVACCE;1;10.12.1971;0;1
AKMAR;3;14.2.1963;0;3
BELAIV;1;8.7.1967;0;1
NESBET;2;28.2.1973;1;1
SUHDE;1;21.8.1979;0;1
ILZEN;1;9.11.1987;0;1
ABDULCEVVET;1;28.2.1953;1;0
ADAIMMUR;1;13.4.1953;0;1
SEIFETTIN;1;2.4.1948;1;0
MEYYUS;2;6.5.1972;0;2
SEVGULLAH;1;19.7.1969;1;0
NEZZAN;1;6.5.1974;0;1
NURBARIK;1;22.3.1973;0;1
N.FATIH;1;4.8.1955;1;0
YILAZ;1;6.11.1971;1;0
ABDULSEMI;1;24.11.1967;1;0
ESLA;2;18.6.1959;0;2
H.RAGIP;1;6.8.1933;1;0
MEVLASI;1;26.2.1991;1;0
GULCANA;1;28.11.1974;0;1
AYDINNAY;1;8.5.1964;0;1
TAIBA;1;21.6.1946;0;1
LEMMAN;1;17.3.1930;0;1
M.SEMIR;1;19.7.1962;1;0
CABIN;1;30.7.1967;1;0
AZIHA;1;1.4.1948;0;1
BAHAILDIN;1;1.5.1951;1;0
MUTLAYE;1;7.1.1940;0;1
SAMIYIYE;1;4.2.1957;0;1
TELCAT;1;7.2.1985;1;0
TURHEN;1;21.9.1945;0;1
KEVKAP;1;11.1.1959;0;1
SARACCETTIN;1;24.10.1982;1;0
DIRGAMIL;1;22.8.1937;1;0
SERKIL;1;26.5.1966;0;1
NURENS;1;16.5.1973;0;1
GUDUL;2;17.1.1962;0;2
NAZZUR;1;22.8.1943;0;1
DERIRIZ;1;23.9.1967;1;0
ZENATA;1;20.10.1959;0;1
ABDUSEMIH;1;18.1.1962;1;0
KUFRIYE;3;4.10.1953;0;3
MAHARREM;2;20.9.1971;2;0
PURUVET;1;1.3.1942;0;1
GULTULIN;1;24.4.1966;0;1
YAKAZA;1;24.10.1960;0;1
MEYLUS;1;17.8.1965;0;1
NEHIMA;1;9.3.1970;0;1
HAMUTAK;1;20.1.1975;1;0
CIHEDIDDIN;1;22.9.1946;1;0
EMSALIM;1;4.6.1961;0;1
DAID;2;25.1.1948;0;2
NURSALIHA;1;12.10.1988;0;1
PEMELA;2;17.7.1968;0;2
IZFITDIN;1;7.8.1940;1;0
SADETCAN;1;10.9.1991;0;1
RADEH;1;1.5.1965;0;1
ESIJELIN;1;12.8.1929;0;1
MT.SABRI;1;27.8.1932;1;0
PERHAL;1;27.5.1980;0;1
ADOS;1;1.5.1985;0;1
FRANCAIS;1;11.3.1925;1;0
UBEYED;1;9.6.1952;1;0
RIFKAN;1;21.6.1984;1;0
SEHREZAD;1;17.9.1972;0;1
VEYSA;1;7.3.1964;1;0
GANCO;1;20.11.1947;1;0
NEVFE;3;22.2.1958;0;3
RESSUM;1;26.2.1983;0;1
DERYAZ;1;2.2.1981;0;1
IRDAH;6;7.1.1945;0;6
ZENIDDIN;1;16.8.1955;1;0
INGILIZ;1;5.10.1978;0;1
SUKKAR;5;27.4.1945;0;5
KIRINFILI;2;4.6.1944;0;2
GASUN;7;20.2.1942;0;7
IHSAMEDDIN;2;9.12.1960;2;0
SELAYEDDIN;1;2.6.1975;1;0
MEHCIYE;3;11.3.1970;0;3
VERDOGAN;2;17.11.1944;0;2
NEDHET;1;2.2.1957;1;0
NURILHADE;1;3.3.1951;0;1
SEMSIEDDIN;1;18.4.1966;1;0
KATIFA;5;28.1.1950;0;5
GENNEM;1;26.3.1982;1;0
KETBE;1;16.10.1959;0;1
ZEYNILBEN;1;6.10.1956;0;1
MAHBRA;1;16.4.1970;0;1
LIVIZ;1;17.7.1975;0;1
ALMAZA;5;30.10.1963;0;5
DELONA;2;11.1.1970;0;2
NEFFINEDE;2;21.3.1957;0;2
EZHEM;4;2.1.1964;0;4
NOLIN;1;16.6.1975;0;1
MIHYITTIN;3;12.1.1964;3;0
NESRIDDIN;2;4.11.1951;2;0
GASSUM;3;30.8.1954;0;3
HIZAM;5;26.10.1962;4;1
MERZEFUN;1;20.1.1963;0;1
MUNTECIB;1;2.8.1939;1;0
NORIS;3;13.1.1957;1;2
LEDE;1;7.6.1982;0;1
SEHIRZEN;6;28.11.1955;0;6
NAVVAR;1;27.3.1986;1;0
MUHANNA;3;13.5.1970;3;0
ZAYNI;1;28.2.1959;0;1
EMBA;1;1.2.1978;0;1
SUAMI;1;17.6.1948;0;1
MENILE;1;27.1.1947;0;1
GIRNA;1;27.3.1963;0;1
NAHLIYE;3;17.5.1952;0;3
SAHABDDIN;1;1.3.1970;1;0
LIYYE;1;26.11.1978;0;1
SERNUVAZ;1;27.8.1932;0;1
HALLIM;3;10.11.1979;2;1
SACIA;1;12.2.1959;0;1
DILGAN;1;6.10.1979;0;1
KARANFUL;3;24.4.1957;0;3
ZAKIYA;2;1.1.1957;0;2
SUKKERIN;2;7.3.1944;0;2
CEVIDA;3;13.5.1969;0;3
FATIMATUZZAHRA;2;5.8.1970;0;2
VERDEHAN;1;21.6.1970;0;1
NUME;1;17.6.1955;0;1
SEMIYRE;2;29.3.1966;0;2
SACIR;1;4.5.1974;1;0
ACMI;8;1.2.1949;0;8
HADVA;2;14.12.1946;0;2
ELDEHEM;1;29.9.1965;0;1
ALEYEDDIN;1;4.5.1965;1;0
SAG;1;12.9.1971;0;1
HEMAME;1;13.12.1949;0;1
ISTESIR;1;30.5.1975;1;0
DELHAY;1;13.1.1982;1;0
CANSUREN;1;3.12.1965;0;1
SEHIRBEN;2;29.10.1962;0;2
NIZAMADDIN;1;12.11.1963;1;0
TAVCIDE;1;12.8.1929;0;1
FIYYAD;3;5.10.1961;3;0
MURTAKA;1;8.2.1974;0;1
RUYAD;1;1.1.1978;1;0
SEMIRI;1;16.7.1977;0;1
SENSENE;1;3.5.1980;1;0
ABDULDIN;1;3.9.1955;1;0
NEVAHID;1;27.2.1962;0;1
LAZZAM;1;19.4.1971;0;1
EMAIRE;1;12.2.1966;0;1
SEKKERIYE;1;15.3.1946;0;1
SERUF;2;13.9.1948;0;2
REHCI;5;12.8.1953;0;5
MEZYAT;3;11.2.1966;3;0
SIDHAN;1;2.8.1927;1;0
BATUNAY;2;12.11.1981;1;1
ZEHNILMUARIF;1;27.8.1938;0;1
EZANDAR;1;14.9.1978;1;0
NEHDA;1;18.1.1954;0;1
TALENT;1;5.10.1978;1;0
SEHREBEN;1;19.6.1960;0;1
MUTIE;1;17.8.1936;0;1
REHMER;1;18.1.1960;0;1
RAHIC;1;6.11.1966;1;0
ROSITE;1;21.2.1971;0;1
DIFAN;2;11.3.1973;2;0
KORFUL;1;25.5.1976;0;1
SUKERI;1;26.2.1945;0;1
GISNE;6;12.2.1954;0;6
SIHIRZEN;4;5.12.1964;0;4
VIMMER;1;5.12.1979;1;0
EZHEN;3;6.9.1962;0;3
SUZDUZ;1;7.4.1976;1;0
CIMALITTIN;1;11.4.1946;1;0
RIZE;5;25.1.1954;1;4
SIHEP;2;27.6.1958;2;0
NADIRIHSAN;1;6.4.1975;1;0
VILEYET;1;17.2.1966;1;0
KISMAT;1;15.12.1968;0;1
SAYYAD;1;26.4.1973;1;0
SEHEB;2;13.2.1960;2;0
TAYRA;5;19.11.1960;1;4
HIZAMI;10;25.6.1947;0;10
IZBAHAN;1;26.8.1972;0;1
KEHLI;3;14.8.1949;0;3
LEMHAT;1;11.1.1962;0;1
SERTBAS;1;16.10.1982;1;0
FAYID;2;1.8.1956;2;0
DUAT;1;29.3.1965;0;1
NURELHEDE;7;17.12.1961;0;7
ISHIYE;1;1.3.1966;0;1
SAMSEDDIN;1;1.2.1955;1;0
SIFAL;1;22.2.1979;0;1
CIBIN;14;10.5.1950;0;14
SEPHE;1;21.1.1946;0;1
NUFFUC;1;21.4.1980;0;1
VERDIHEN;1;2.4.1963;0;1
MUSURRET;1;11.8.1957;0;1
ESHEN;1;6.3.1973;0;1
AVVAK;1;27.8.1920;1;0
DAHIM;1;3.7.1956;1;0
ISBAL;1;11.6.1978;1;0
SIBIP;2;26.5.1954;2;0
KANNUA;13;10.8.1946;0;13
NAJETI;1;18.4.1960;1;0
DECVE;2;11.3.1958;0;2
HEDDUC;2;12.8.1935;0;2
HANDERI;1;17.8.1930;0;1
DELMA;2;27.9.1969;0;2
IHSAMIDDIN;2;21.2.1967;2;0
RIHAMI;1;7.2.1952;0;1
BILENDE;2;15.9.1974;0;2
BEDRINNAM;1;25.8.1963;0;1
GANIA;3;19.1.1974;0;3
ZINIT;3;25.5.1950;1;2
MUBLIG;1;13.11.1959;1;0
MISRIH;1;26.9.1972;1;0
BELGAN;2;10.5.1966;0;2
MUZKIR;1;1.2.1958;1;0
TAYFURA;1;2.8.1939;0;1
NUSRE;2;27.3.1976;0;2
SARIP;1;17.8.1978;1;0
NITRAL;1;22.8.1967;0;1
SIZAYIN;1;21.11.1971;1;0
ENILE;1;24.4.1973;0;1
MINAZIK;1;12.6.1962;1;0
GUNIZAR;1;17.9.1966;0;1
ERSILAN;1;17.8.1978;0;1
ICLEN;1;22.2.1979;0;1
EVENT;1;9.4.1973;0;1
SEHUT;1;27.8.1938;1;0
ASED;2;17.6.1954;2;0
OZSEM;1;27.3.1986;0;1
MUNTECEB;7;18.3.1958;7;0
M.AFU;1;24.3.1951;1;0
SAVALI;1;6.6.1979;0;1
AMAMETTIN;1;9.11.1964;1;0
GELDAVAN;1;2.8.1975;0;1
GAMIZ;1;20.3.1969;1;0
RUBIR;1;4.8.1980;1;0
PIRNAL;1;7.3.1976;1;0
CURAY;1;1.6.1972;1;0
ZINDER;1;11.4.1969;1;0
YADEKAR;1;11.3.1968;0;1
ITTAR;1;22.8.1979;1;0
NURULAYN;3;4.7.1950;0;3
KOYAN;1;7.8.1976;1;0
ILLAM;1;2.2.1963;1;0
BEDRISABAH;1;25.8.1963;0;1
MATEKIN;1;11.2.1949;0;1
ALEME;1;11.8.1955;0;1
ELIFET;2;30.1.1974;0;2
ABDOSAMET;1;21.2.1958;1;0
MANZAR;9;18.10.1959;6;3
GAYS;4;30.10.1968;4;0
SIBELE;1;21.7.1974;0;1
SAHZEBEN;1;16.1.1963;0;1
IZMAN;1;12.2.1953;1;0
KAYMAG;1;2.3.1945;0;1
GAYAS;2;11.5.1972;2;0
EYFEN;1;4.4.1978;0;1
SENDIBEL;2;19.6.1985;0;2
ERZAVAN;1;22.8.1973;0;1
UVAT;1;24.4.1973;1;0
RIHAB;1;19.4.1970;0;1
AMKIYE;1;7.5.1945;0;1
SURHAM;1;26.3.1979;0;1
GILAR;1;22.9.1973;0;1
SEHLANA;1;4.10.1980;0;1
NEHEYLA;1;2.2.1984;0;1
ZUHERY;1;14.4.1974;1;0
FELHE;2;29.2.1967;0;2
BEDRENNAAM;1;9.2.1963;0;1
HAMTERIYE;1;7.8.1934;0;1
BELLURA;1;1.12.1973;0;1
BANYAT;1;9.2.1941;0;1
MUHAMMEDAYEDDIN;1;8.3.1980;1;0
DIMAL;1;12.11.1977;0;1
MUDAL;1;7.9.1970;0;1
MINIHAN;1;20.3.1982;0;1
GUSSUP;1;29.6.1952;1;0
YESIHA;1;15.5.1974;0;1
GANNUC;1;26.3.1949;0;1
TULBEN;1;12.1.1963;0;1
NEHYA;2;30.6.1962;0;2
YAMAMA;2;30.8.1955;0;2
SUDKIYE;1;28.2.1956;0;1
SEMERA;6;4.9.1967;0;6
RUDDAH;1;1.4.1954;0;1
SABAHDDIN;1;18.2.1958;1;0
MUHENNED;1;16.1.1982;1;0
HELENT;1;17.4.1978;0;1
MAYHAN;3;19.10.1981;0;3
KENNU;1;2.8.1939;0;1
ATTAF;2;27.12.1961;2;0
ZEYTEUN;1;22.8.1973;0;1
ATRI;3;14.12.1949;2;1
DELVAN;1;19.3.1982;0;1
IZDIHAN;3;11.8.1963;0;3
RISIT;2;17.7.1957;2;0
YUSURE;1;13.3.1974;0;1
ZEYNIDAR;4;1.3.1949;0;4
MINDI;1;16.1.1983;0;1
NERZO;1;17.3.1980;1;0
SEMLANA;1;16.2.1979;0;1
HELANA;1;29.8.1980;0;1
FATVA;2;8.7.1973;0;2
ALAYATTIN;2;23.2.1964;2;0
MUNIM;2;9.11.1954;2;0
SUKKER;1;22.8.1925;0;1
MUFTEKAR;1;6.1.1986;0;1
RENGIZE;1;26.8.1945;0;1
ESIYAN;1;16.6.1975;1;0
ERDEHAL;1;7.6.1976;0;1
FUET;1;15.1.1962;1;0
HANANE;3;7.3.1962;0;3
SILAVER;1;24.3.1987;0;1
TOLCAN;1;25.4.1985;1;0
RESAM;1;24.11.1976;0;1
FUED;1;9.1.1961;1;0
HAFYA;1;2.8.1963;0;1
VELDIHAN;1;17.3.1978;0;1
MUTAYA;1;1.6.1966;0;1
NEMNEM;2;29.12.1966;0;2
DOGANESER;1;2.5.1973;1;0
NURHUDE;2;11.11.1954;0;2
SELBENIZ;1;26.6.1977;0;1
RAMZA;1;26.12.1966;0;1
MEYYE;15;19.9.1955;0;15
HEMZI;2;26.11.1940;2;0
MUHANNE;4;29.7.1961;4;0
BIHRAM;1;20.12.1954;1;0
NEVMA;2;19.6.1971;0;2
YELNA;1;22.9.1968;0;1
MEHENNE;1;22.8.1919;1;0
ASFAHAN;1;23.1.1981;0;1
HAMMAME;1;22.11.1946;0;1
HILELI;3;24.7.1945;0;3
NEVME;1;30.6.1968;0;1
MERIT;1;26.7.1984;1;0
MELDAT;1;14.4.1974;0;1
LEDNA;1;25.2.1966;0;1
ZEYNELMELEH;1;17.2.1981;0;1
BEDUA;1;6.10.1968;0;1
ADAHANNUR;1;26.1.1963;0;1
MEYA;2;7.7.1971;0;2
ZEYIFA;1;26.7.1965;0;1
SEVSER;4;29.4.1971;0;4
FEHDU;1;13.4.1955;1;0
NICMIDDIN;2;25.8.1959;2;0
SEVFIYE;4;22.7.1964;0;4
SEHZEN;1;2.8.1987;0;1
SAHRIZAD;1;6.8.1943;0;1
MINARISSINAN;1;11.4.1942;0;1
GELIZE;2;8.11.1963;0;2
ASPIHAN;1;26.1.1959;0;1
DEVHA;9;1.12.1955;0;9
HIMDEN;3;10.5.1958;3;0
NAUF;1;9.3.1964;0;1
GINAM;1;23.4.1955;1;0
MERHIC;4;16.5.1973;4;0
GANCIYE;1;1.11.1967;0;1
ZERKE;1;1.4.1948;0;1
NEVZIYA;1;6.1.1976;0;1
EZBEHAR;1;17.2.1966;0;1
SUKKARI;2;23.6.1947;0;2
LAHA;1;8.7.1945;0;1
CEYYA;1;17.2.1966;0;1
YIMEME;2;28.7.1957;0;2
RISLEM;5;30.2.1960;5;0
SABEHET;1;26.1.1964;0;1
BEDRINAAM;2;4.8.1952;0;2
MUTEA;1;16.8.1945;0;1
NAZLIDDIN;1;22.7.1973;1;0
PERIHAL;1;26.8.1970;0;1
LURBET;1;11.3.1961;0;1
LEYMUNI;1;8.8.1961;0;1
DENUR;1;1.3.1967;0;1
GANDURA;2;2.12.1969;0;2
ZUHI;1;7.2.1970;1;0
LAMIZER;1;30.3.1972;0;1
SAHAPEDDIN;1;6.6.1955;1;0
LEYLACAN;3;23.2.1985;0;3
SEKIYBE;1;27.4.1968;0;1
RACE;1;22.8.1968;0;1
LEMAMI;1;6.4.1956;0;1
NIZADE;1;7.8.1928;0;1
EMEMIYE;1;18.8.1960;0;1
BEDRINENAAM;1;15.12.1961;0;1
GASINA;1;26.6.1976;0;1
SEKKERIYA;1;16.10.1970;0;1
NUFIC;1;27.2.1962;0;1
ZIYYEN;2;10.3.1961;2;0
HISEN;1;22.8.1937;1;0
SEYYUF;2;6.4.1952;0;2
GONUT;1;2.9.1981;0;1
MIFDIL;1;7.12.1972;1;0
SAMARRA;2;15.11.1966;0;2
MENGIZE;1;15.2.1978;0;1
GATA;1;29.3.1956;1;0
VADAH;3;16.12.1964;0;3
LULYA;3;5.1.1972;0;3
MUNCIB;1;27.9.1960;1;0
TILAN;1;20.12.1979;0;1
SEVLAR;2;9.7.1974;0;2
ZEYVE;2;21.11.1944;0;2
NURULSABAN;1;5.2.1960;1;0
BEZENDE;2;4.10.1973;0;2
TERACI;1;5.8.1980;0;1
SEHSTEN;1;11.2.1973;0;1
IPTESEM;1;21.4.1962;0;1
NECMIDIN;3;6.3.1952;3;0
OMEDETTIN;1;14.3.1964;1;0
AMETETTIN;1;17.8.1936;1;0
TICALI;1;24.1.1976;1;0
BARTURUGBA;1;2.10.1990;0;1
MEMNUME;2;29.5.1958;0;2
NELBIN;1;17.1.1979;0;1
SERVENEZ;1;16.5.1947;0;1
FAYEZ;1;1.6.1966;1;0
YULYAN;1;21.8.1972;0;1
SURHEN;1;9.4.1965;0;1
REHIC;2;18.1.1948;0;2
MULEL;1;11.10.1978;0;1
TURUVAN;1;22.4.1978;0;1
HITMIYE;1;1.4.1967;0;1
ORFAT;1;2.2.1971;0;1
NESSUMA;1;2.3.1951;0;1
GULMIRAZ;1;23.1.1975;0;1
GULEDAN;1;14.1.1962;0;1
BEHZI;1;21.3.1964;0;1
KIHIL;1;18.7.1959;0;1
KAMERELZAMAN;1;28.9.1980;0;1
GOVSAN;1;2.5.1966;0;1
BEDRILSABAH;3;18.6.1965;0;3
ABDULHAKIP;1;30.10.1990;1;0
ERCUVAN;1;12.3.1978;1;0
YURDUGEZ;1;13.2.1978;1;0
MAZA;1;28.4.1971;0;1
HILELE;2;7.3.1947;0;2
MEHDE;2;10.6.1969;0;2
BESKIN;1;3.2.1975;1;0
BARLIN;1;19.6.1963;0;1
MIREYS;1;17.2.1966;0;1
SUZERIDIN;1;12.2.1965;1;0
MANIRE;3;11.1.1953;0;3
MIHRIZAD;1;30.9.1954;0;1
SERCEBIL;1;14.5.1971;1;0
SENAK;1;30.9.1979;0;1
RAKINA;1;26.12.1941;0;1
ALEMITTIN;4;23.1.1948;4;0
INCITUL;1;10.1.1950;0;1
CETLIN;1;26.2.1976;0;1
ZIHRIDDAH;1;11.4.1954;0;1
NISEMIN;1;7.5.1982;0;1
M.ATILLE;1;24.3.1939;1;0
DUNYET;1;3.3.1975;0;1
RAVIZ;1;12.6.1973;1;0
SEHREZAN;4;5.1.1969;0;4
HEBIKA;1;6.5.1956;0;1
DIRALE;1;15.9.1963;0;1
LORZAN;1;17.6.1972;0;1
KEVKIP;1;27.8.1938;0;1
ABDULLALI;1;7.8.1964;1;0
BARATAY;1;22.8.1961;0;1
BIBILAL;1;27.8.1974;0;1
ASEFA;1;22.8.1961;0;1
HALDAR;3;5.12.1967;3;0
MEKKEM;1;7.8.1964;1;0
ARDANHAL;1;21.1.1990;0;1
HOSBAK;1;21.11.1981;0;1
DENEK;1;17.2.1978;0;1
DUYMAHAL;1;22.8.1991;0;1
ULUKIZ;1;22.8.1943;0;1
NIK;2;7.8.1952;2;0
MENGELI;1;22.8.1937;1;0
BEYGAM;2;17.8.1984;0;2
SALALEY;1;27.6.1981;0;1
HAYIRGUL;1;22.8.1961;0;1
KIZLARBUK;1;2.8.1951;0;1
GAMERGUL;1;2.8.1981;0;1
OVAGUL;1;22.8.1943;0;1
AYEM;1;7.2.1964;0;1
MEHMETIN;1;2.8.1963;1;0
SAIPHAN;1;2.6.1976;1;0
YESENKUL;1;22.8.1943;1;0
DILEYHA;1;12.5.1965;0;1
HERIMSAH;1;22.2.1991;1;0
AGAMIR;2;27.6.1953;2;0
NARKUVAT;1;3.9.1933;1;0
DANEK;1;4.3.1933;0;1
SEMERGUL;1;28.3.1990;0;1
CIBEK;1;17.2.1948;0;1
ASIRGUL;1;12.2.1929;0;1
BOGRU;1;2.8.1921;1;0
ABDULHADER;1;12.8.1989;1;0
UMBARALI;1;17.8.1936;1;0
BIBIGIRAME;1;2.8.1969;0;1
SINIHAL;1;27.8.1932;0;1
NEYIBULLAH;1;7.8.1988;1;0
GHAM;1;27.8.1980;0;1
KHAL;2;24.1.1962;1;1
MIRVAIZ;1;2.2.1975;1;0
BABAMHAL;1;22.2.1961;0;1
NAJIBULLAH;1;12.8.1977;1;0
KAMBERGUL;1;12.8.1977;0;1
ULBAS;1;12.8.1959;0;1
ZIBAB;1;12.8.1971;0;1
AYINETUN;1;20.2.1978;1;0
DAVUTKAN;1;17.7.1985;1;0
HACINUR;1;22.8.1961;1;0
KUCIM;1;7.8.1946;1;0
IMAMGUL;2;2.5.1957;0;2
KIZLARAY;1;29.3.1943;0;1
ULAM;1;27.8.1968;1;0
BIBIZAR;1;27.6.1975;0;1
RUQIA;1;7.8.1982;0;1
AYROZ;1;27.8.1962;0;1
NASEME;1;2.8.1981;0;1
KURBANSAH;1;2.8.1939;0;1
YARMEHMET;3;2.12.1960;3;0
MEKAM;2;6.12.1960;1;1
BIBIZER;1;24.2.1988;0;1
YASBORU;1;7.8.1952;1;0
JUMAKHAL;1;3.3.1983;0;1
RUZUGUL;2;2.8.1969;0;2
NAKOR;1;27.8.1986;1;0
ROZEHAL;1;12.2.1989;0;1
HALBI;2;2.6.1972;0;2
ALLAHKUL;1;22.8.1937;1;0
AMEDULLAH;1;2.5.1981;1;0
SAMAL;1;2.8.1987;0;1
BIBIHARIFE;1;12.8.1959;0;1
ZEBINISA;1;22.8.1949;0;1
GHULEM;1;1.2.1966;1;0
MINTULLAH;1;12.8.1953;0;1
NECIVE;1;12.8.1989;0;1
MEYNIHAL;1;12.8.1935;0;1
BIBINAZAR;1;22.9.1973;0;1
HASETULLAH;1;17.12.1990;1;0
SANIVAR;1;2.6.1982;0;1
BABAYAR;1;2.8.1957;1;0
HOSBAHT;1;7.8.1952;0;1
NARSEYIT;1;20.8.1923;1;0
KOZBAY;1;2.8.1933;1;0
MIMBIBI;1;27.8.1956;0;1
GEVHERNISSA;1;23.2.1984;0;1
MENBIBI;1;2.8.1981;0;1
BIBIHATICE;1;24.2.1986;0;1
MEMESARIK;1;12.8.1977;1;0
ABDULGUDUS;1;2.8.1963;1;0
KHAIRNISSAH;1;22.8.1979;0;1
AYAMDENE;1;20.2.1948;0;1
ABDULVEDIT;1;15.2.1983;1;0
MEHMETTIN;3;4.8.1945;3;0
CAVSEDDIN;1;22.8.1979;1;0
BEBEHUZUN;1;7.8.1928;0;1
TACBIBI;1;27.8.1968;0;1
BEBERAHILE;1;19.3.1965;0;1
BAZARAY;2;13.5.1964;0;2
KIYAFETULLAH;1;1.8.1984;1;0
GULHAYIR;1;2.8.1969;0;1
ZIYHET;1;22.2.1979;0;1
ROZMEMET;1;7.8.1928;1;0
ZIBINISA;2;5.6.1963;0;2
NURBISA;1;14.8.1971;0;1
SAITSALIH;1;7.8.1940;1;0
ZEYRINISA;1;29.9.1973;0;1
GURBANAY;1;7.8.1940;0;1
BIBIREYHAN;1;25.9.1984;0;1
HASBIBI;1;2.8.1981;0;1
HUMLAR;1;17.8.1948;0;1
NAZIRKUL;1;20.2.1978;1;0
GAYSIDDIN;1;2.8.1945;1;0
ZEYBINISA;1;22.8.1967;0;1
OGULGUL;1;2.8.1939;0;1
CORAGUL;1;2.8.1945;0;1
DURDUHAL;1;22.8.1949;0;1
FARDIME;1;2.5.1975;0;1
MEVLEVI;1;7.9.1946;1;0
BIBIZULAL;1;7.3.1988;0;1
DONEHAN;1;6.4.1992;0;1
NARBEBE;1;12.9.1953;0;1
GUNMURAT;1;12.5.1971;1;0
ABDULLAK;1;7.5.1976;1;0
ABDULMANON;1;4.6.1950;1;0
NARBI;1;22.5.1967;0;1
MEHMETMURAT;2;25.10.1964;2;0
HALBAY;1;3.3.1955;1;0
YER;1;25.2.1961;1;0
IHSANKUL;1;12.8.1923;1;0
CARKUN;1;22.8.1943;0;1
MAMAKIZ;1;28.8.1958;0;1
ANARMEHMET;1;17.2.1972;1;0
ZUEFIYE;1;14.3.1958;0;1
RUGIHAN;1;22.8.1979;0;1
NISKA;1;20.2.1972;0;1
AYBELENT;1;20.2.1948;0;1
LALMEHMET;1;24.3.1937;1;0
AFGANBAY;1;12.5.1953;1;0
SOYUT;1;12.7.1985;1;0
SEREPNISA;1;26.2.1989;0;1
SERAVER;1;22.8.1967;0;1
NUHZAD;1;12.8.1977;0;1
ABDULSADIR;1;2.2.1975;1;0
SIRAGA;1;22.8.1979;1;0
IMAMHAL;1;7.8.1946;1;0
ABDULDAYAN;1;7.8.1958;1;0
AYSEHED;1;7.8.1964;0;1
ACILDI;1;12.8.1941;0;1
MINIHAL;1;17.8.1966;0;1
AHMEDDULLAH;1;7.8.1964;1;0
MINEHAL;1;12.8.1965;0;1
HUMARSAH;1;8.7.1974;0;1
SELMAHAL;1;9.4.1987;0;1
TAJULNASA;1;27.8.1980;0;1
BIBIGIZ;1;7.8.1958;0;1
CANBIBI;1;17.2.1960;0;1
EMIRMEHMET;1;7.2.1964;1;0
ZERGUNE;2;10.1.1977;0;2
ISLAMIDDIN;1;17.8.1984;1;0
GULAMZEKI;1;17.8.1960;1;0
AKNAZAR;1;26.10.1943;1;0
KUMYA;1;9.8.1981;0;1
ABDULKAYUM;1;9.6.1990;1;0
ABDULHAPIS;1;30.4.1984;1;0
SEYITBIBI;1;2.8.1975;0;1
SEYHREHMETULAH;1;27.4.1991;1;0
MANZULHEL;1;1.8.1985;0;1
BIBIKIZ;1;27.2.1980;0;1
ZARBIBI;1;7.8.1952;0;1
KARAMETULLAH;1;12.8.1989;1;0
ISLAMITTIN;1;2.8.1975;1;0
BARZANE;1;2.8.1987;0;1
SEYDEMET;1;4.4.1986;1;0
SEYITAZIM;1;27.8.1986;1;0
HABIBILLAH;1;15.2.1988;1;0
SEYITRESUL;1;2.8.1969;1;0
KIZLARBIBI;1;17.8.1948;0;1
BIBIZEYNEP;1;27.8.1956;0;1
IRGES;1;1.9.1947;1;0
AHUCTAN;1;22.8.1979;0;1
SEYDIALEM;1;17.3.1990;1;0
GULFAYDA;1;7.8.1976;0;1
DILCAM;1;4.6.1981;0;1
HOLDANA;1;12.8.1935;0;1
HALREZER;1;2.8.1969;1;0
GEDAYBI;1;2.8.1969;0;1
RASHEEDA;1;22.8.1979;0;1
HALBEBE;1;22.8.1967;0;1
MENLIHAL;1;19.3.1948;0;1
PANCI;1;22.8.1955;1;0
GUNMEHMET;1;22.5.1973;1;0
IZETTULLAH;1;21.7.1987;1;0
RAMADULLAH;1;24.4.1990;1;0
HEY;1;22.2.1991;1;0
BEDENGUL;1;22.8.1991;0;1
MACIVER;1;2.8.1957;0;1
HURAYNUR;1;12.8.1965;1;0
FIYRUZE;1;2.4.1991;0;1
MINIKUL;1;7.8.1940;1;0
ULUBAS;1;12.8.1929;0;1
ABDULGIYAS;2;26.6.1981;2;0
ACIBA;3;28.12.1958;0;3
ULMETTIN;1;26.1.1966;1;0
SEKEBE;1;7.4.1959;0;1
ZEYNADDIN;1;20.1.1945;1;0
BKRAT;1;7.9.1976;1;0
NISARA;1;12.8.1923;0;1
CAIZI;1;28.4.1944;0;1
HADDUR;1;21.3.1952;1;0
KOHLE;2;24.2.1975;0;2
ZEYZEFON;1;30.4.1971;0;1
DEHLI;1;7.8.1940;0;1
NUMER;1;28.12.1974;1;0
DENEY;1;28.11.1986;0;1
MELBI;1;10.4.1970;0;1
GOVAY;2;14.2.1957;1;1
NAVLI;1;17.2.1984;0;1
SAIFFIDDIN;1;12.8.1941;1;0
DIYEF;1;26.5.1966;1;0
HAZARFEN;1;27.10.1974;0;1
SABAHAETTIN;1;7.11.1970;1;0
ZEHRIL;1;11.3.1967;0;1
KAMALITTIN;1;17.7.1951;1;0
BISSEM;2;11.4.1973;2;0
EZBIHER;1;14.9.1979;0;1
LEHVE;1;24.9.1960;0;1
MEHCI;1;14.10.1971;0;1
VETNE;1;11.2.1976;0;1
SADDIN;5;11.9.1974;5;0
MERYEP;1;17.8.1936;0;1
MINNAH;1;15.1.1951;1;0
MENNEA;1;6.1.1962;1;0
GIDAK;1;29.4.1965;1;0
KENKELE;1;2.8.1939;0;1
I.YUSUF;1;15.5.1971;1;0
RUKUBIYE;1;15.11.1976;0;1
EYSIL;1;12.2.1977;0;1
ESREFITTIN;1;13.12.1965;1;0
SEDRAT;2;25.10.1976;0;2
AMALIN;1;13.3.1973;0;1
KAYID;1;6.8.1953;1;0
VERDIHAM;1;17.12.1954;0;1
MUHURCAN;1;5.3.1981;0;1
SEHRAZAN;1;18.1.1972;0;1
EKVATOR;1;25.10.1980;1;0
IYDO;4;6.12.1954;4;0
SIMARAMIZ;1;14.9.1946;0;1
TOYFIR;1;26.12.1975;1;0
ALPSAHIN;1;22.1.1963;1;0
KETIFE;3;18.8.1936;0;3
DALAY;1;17.8.1980;1;0
MENARILLISAN;1;2.8.1939;0;1
SEYFFITTIN;1;17.2.1954;1;0
NOGFEL;2;7.12.1968;2;0
HACBE;4;15.10.1960;0;4
KALIMA;4;21.11.1953;0;4
REZENDE;1;1.1.1;0;1
MUNI;2;2.1.1969;2;0
ACVA;1;1.5.1973;0;1
RAIFK;1;16.8.1944;1;0
ALEYE;1;27.12.1954;1;0
M.GUNAY;1;14.7.1979;1;0
TEMADIR;2;26.10.1955;0;2
NEMNUM;4;6.7.1950;0;4
ELIYIDIN;1;7.6.1972;1;0
ZUYEZEN;1;22.3.1952;1;0
MINTESER;1;16.7.1976;0;1
RAYFET;2;22.8.1971;1;1
ITEP;1;25.7.1982;0;1
ASBAHAN;1;16.1.1954;0;1
ZERFUN;1;12.4.1970;0;1
TIRFIYE;1;28.8.1952;0;1
HOIBAH;1;23.11.1967;0;1
TUFIK;4;22.12.1967;4;0
NEFFUL;2;7.8.1943;0;2
ROHNAZ;1;8.1.1962;0;1
ZENDDIN;1;20.5.1972;1;0
ALMETTIN;1;7.2.1970;1;0
ISKINGUL;1;4.1.1975;0;1
SAHBIDDIN;1;27.2.1962;1;0
SAHRIZAT;1;30.1.1979;0;1
AZZA;1;17.8.1930;1;0
ZEYYUNE;1;1.12.1960;0;1
SIKA;1;12.4.1953;0;1
HADURA;2;17.8.1936;0;2
M.RASAT;1;3.2.1964;1;0
HADUR;1;2.8.1939;1;0
SIDDIN;1;12.8.1929;1;0
BEHET;1;22.4.1965;0;1
KEVHEP;1;8.8.1975;0;1
GUNBIL;2;26.9.1960;0;2
SIRPIL;1;2.2.1975;0;1
SAHMAZ;2;10.5.1952;0;2
LORIZ;2;2.4.1967;0;2
ZEHIRBAR;1;22.9.1967;0;1
SAMAHIR;2;26.4.1982;0;2
KUVSER;1;24.7.1965;0;1
NURULHEDE;8;21.2.1958;0;8
SEMENTE;2;18.6.1976;0;2
NUGYEN;1;10.10.1980;0;1
ZIREVET;1;1.5.1954;0;1
CEDAY;1;17.8.1936;0;1
FUTAYIM;1;6.5.1944;0;1
NIHSAN;1;1.11.1985;1;0
SAHERIYE;1;27.8.1932;0;1
HEDDUCE;1;28.1.1950;0;1
HAMDUS;4;3.8.1958;4;0
RAKEN;1;16.6.1973;1;0
GERHE;1;11.2.1957;0;1
DOS;1;17.4.1966;1;0
RAHDE;1;11.9.1987;0;1
FIZON;1;23.1.1970;0;1
BAHARNAZ;1;24.2.1982;0;1
ZEYELDAR;1;1.3.1970;0;1
NEHEVEND;1;5.10.1970;0;1
MIHRANUR;1;27.7.1979;0;1
GILLIZAR;1;21.3.1959;0;1
NAJDET;1;8.6.1962;1;0
SHER;1;27.6.1974;0;1
GUSSAN;2;10.10.1941;2;0
EFTEKI;2;29.1.1939;0;2
EMHAL;1;25.1.1970;0;1
EMEMI;8;18.4.1954;0;8
BAHCI;1;5.7.1969;0;1
FILIDER;1;27.9.1982;0;1
MINTESEM;1;1.3.1979;0;1
BEDIRILNIAM;1;29.2.1949;0;1
CENDEP;1;1.1.1974;1;0
ETHAM;4;5.6.1971;4;0
TUFFARA;1;12.8.1923;0;1
SENDOGANAY;1;1.8.1966;0;1
NURMENDE;1;28.3.1978;0;1
PAYHAN;2;6.12.1975;0;2
REBU;3;6.11.1963;2;1
HELLUM;2;20.6.1962;0;2
TAHAY;1;5.5.1969;1;0
HUSAMADIN;1;10.6.1964;1;0
AZAFET;1;22.1.1955;0;1
BEDRILNIAM;2;16.2.1961;0;2
HUSINE;2;19.12.1936;0;2
HEDICA;1;25.2.1961;0;1
EVDIAT;1;21.3.1975;0;1
BURTCIN;1;16.7.1981;0;1
NIEMIDDIN;1;29.2.1976;1;0
VEHUP;1;2.8.1927;0;1
RIVAD;1;28.3.1961;1;0
ZEYNAT;2;3.7.1962;1;1
NEDIHET;1;4.3.1963;0;1
GULZAHAR;4;4.4.1967;0;4
GIYYAS;1;12.11.1959;1;0
NERCAZ;1;26.4.1960;0;1
ZIYYAN;2;23.11.1961;2;0
BOLME;1;17.5.1984;0;1
DIVABA;1;1.1.1966;0;1
RUDEYNA;1;28.6.1983;0;1
GULDIRAY;1;16.1.1984;0;1
MERFEL;1;1.1.1;1;0
NAJI;3;12.5.1949;3;0
DEHUP;1;28.3.1958;0;1
CUMAME;1;17.1.1972;0;1
ZEYNILDIN;1;6.2.1972;1;0
SAHAMIDDIN;1;22.4.1951;1;0
ZEKEREYE;2;21.1.1974;2;0
MIZYEN;2;6.3.1967;0;2
EMSEN;3;2.9.1968;0;3
RENGUZ;3;30.10.1948;0;3
HIMDI;1;6.4.1947;0;1
OTMEN;3;14.6.1974;3;0
KITFIYE;1;11.8.1956;0;1
ZAMEN;1;2.2.1957;0;1
ABDULCEVVAT;1;21.2.1956;1;0
TEHBILE;1;1.12.1960;0;1
GOKCEVEDA;1;22.2.1989;0;1
HEMMAM;1;9.8.1956;1;0
SELTAVE;1;22.3.1966;0;1
YILMAZA;8;21.8.1971;0;8
KAYDO;1;26.5.1975;1;0
DEVRISHAN;1;9.3.1985;1;0
BEHTISAR;1;6.8.1974;0;1
LEMIAT;3;5.10.1961;0;3
FACIR;2;9.12.1948;2;0
DIYEB;1;11.3.1956;1;0
DINKAN;1;2.4.1974;1;0
MINNU;1;6.5.1954;1;0
KASID;4;25.6.1960;4;0
DELIYLE;1;26.8.1975;0;1
ZOHREM;1;11.6.1980;0;1
MELEMEN;3;23.4.1978;0;3
NECCUM;1;2.5.1951;0;1
HESBIDDIN;1;9.5.1960;1;0
DIMIR;1;17.4.1966;1;0
GANNEM;1;28.12.1961;1;0
MATIH;2;19.12.1952;2;0
EMIYRE;6;9.6.1951;0;6
ALIYYUTTAHIR;1;2.4.1966;1;0
ADIMAN;1;5.10.1974;0;1
ABDULUNEF;1;1.4.1978;1;0
SEHIRZAT;1;2.1.1962;0;1
MERVEZ;1;28.3.1967;0;1
ARDILES;1;27.12.1982;1;0
NEDEHET;2;24.3.1965;0;2
HANDERIYE;2;21.12.1953;0;2
AYDES;1;15.6.1984;0;1
GAZAB;1;27.8.1932;0;1
RAYHANYE;1;27.3.1953;0;1
MAYRUP;1;4.5.1973;1;0
DELUNE;1;8.9.1958;0;1
KANMER;1;11.1.1972;1;0
LABIT;1;22.8.1955;1;0
FETTUH;1;23.10.1979;0;1
VADIG;1;27.8.1969;1;0
NIZABIDDIN;1;14.3.1965;1;0
RIVAZ;1;21.3.1966;0;1
MITHAN;1;5.2.1973;1;0
NERJAN;1;23.1.1973;0;1
FADVE;1;17.3.1969;0;1
HULA;2;11.5.1950;0;2
DELALA;1;11.5.1963;0;1
KUTFIYE;1;17.1.1954;0;1
HAZERAN;2;1.10.1966;0;2
FATIRE;1;17.4.1966;0;1
GORLEN;1;9.2.1985;0;1
YIMAME;2;27.9.1947;0;2
MERMIHAN;1;11.2.1968;0;1
HIMEME;3;28.2.1954;0;3
HIDVEN;1;25.4.1971;1;0
RAVENT;1;7.2.1970;0;1
EBZE;1;30.3.1957;0;1
BISTAN;1;19.2.1980;1;0
DAHER;1;16.4.1958;1;0
MUZCET;1;14.4.1971;1;0
ZEHRICEBIN;1;28.1.1955;0;1
MERMEHEN;1;12.2.1971;0;1
ZULHER;2;26.12.1974;0;2
EMCAD;1;4.5.1987;1;0
EZBAHAN;1;22.6.1982;0;1
SUKKARIYE;3;25.1.1961;0;3
NURYEL;1;26.3.1989;0;1
GASILE;1;22.2.1967;0;1
MUHENE;1;17.3.1984;1;0
AZZATTIN;1;3.8.1943;1;0
RUSDET;2;10.12.1965;0;2
KITLIYE;1;1.3.1966;0;1
M.KUBILAY;1;5.5.1973;1;0
CEVRETTIN;2;30.3.1966;2;0
EZZETTIN;2;26.8.1954;2;0
MIYESI;4;11.12.1953;0;4
EAMINE;1;2.5.1957;0;1
NAZIDDIN;1;30.8.1971;1;0
CURCU;2;3.11.1938;0;2
NIFCI;6;29.10.1955;0;6
LAVZIYE;1;14.1.1962;0;1
KEHREP;1;17.3.1954;0;1
NOZAY;1;26.3.1982;0;1
GULBENI;5;15.9.1965;0;5
SEHDEM;1;1.4.1982;0;1
OMEYYE;1;1.10.1982;0;1
SERURI;1;8.12.1973;1;0
ZUREYHAN;1;28.4.1964;0;1
MUREYDIN;1;16.3.1976;1;0
ATAA;1;27.8.1926;0;1
ERKREM;1;1.5.1959;1;0
ERJAN;1;11.8.1979;1;0
MAHRIS;1;1.4.1940;1;0
RAHDIN;1;14.4.1974;0;1
NAVEL;3;30.8.1959;0;3
KELTUN;1;27.2.1974;0;1
FEHREDDIN;1;14.3.1965;1;0
NURIETTIN;1;9.5.1962;1;0
IZZIYE;1;2.8.1933;0;1
MECADE;1;28.6.1963;0;1
UTRIYE;2;14.8.1955;0;2
AKSARAY;1;30.1.1977;1;0
MAINE;1;26.5.1966;0;1
M.SALAHADDIN;1;7.8.1934;1;0
SAYYUF;2;15.12.1940;0;2
ALMITTIN;3;17.1.1970;3;0
SADAALLAH;1;6.4.1966;1;0
MUDEL;1;22.2.1955;0;1
KURCUYE;1;26.5.1947;0;1
ILAMIDDIN;1;19.8.1951;1;0
GIDEM;2;9.2.1978;0;2
ETHAN;1;1.2.1977;1;0
IRFAR;1;9.7.1972;1;0
ALAMADDIN;1;2.8.1939;1;0
FATIHITTIN;1;16.2.1969;1;0
NURUDUN;1;2.2.1951;1;0
IZIDIN;1;12.8.1941;1;0
IJDAHIR;1;14.7.1947;0;1
NURDDIN;2;15.4.1942;2;0
SABHE;2;5.12.1954;0;2
MUHENNE;2;29.7.1947;2;0
AYTTEN;1;16.11.1970;0;1
BEDRINNEAM;2;25.8.1961;0;2
TOHE;1;16.7.1975;0;1
BERVIZ;1;1.11.1977;0;1
SEHLINUR;1;6.7.1961;0;1
ZUNDUZ;1;27.5.1982;0;1
TACIYILDIZ;1;17.5.1972;0;1
SUFYEN;1;4.4.1991;1;0
RIDAITTIN;1;2.2.1969;1;0
FIYYAT;2;21.5.1954;2;0
HAVNES;1;21.8.1943;1;0
MULEYYA;2;7.6.1971;0;2
GASSEL;1;17.1.1984;1;0
SEHZI;3;15.9.1961;0;3
KIDSIYE;1;23.9.1954;0;1
ALHEM;1;2.4.1956;0;1
VEDYE;1;27.3.1951;0;1
SIHABITTIN;1;9.4.1966;1;0
HEVENDE;1;12.8.1935;0;1
HUSEYEN;1;14.2.1965;1;0
BAHTISAC;1;21.11.1978;0;1
GASIBE;1;21.2.1971;0;1
GASSEM;1;27.10.1974;1;0
ULUSTEKIN;1;7.2.1964;1;0
RAHUN;1;19.2.1961;0;1
BELCIS;2;22.3.1955;0;2
M.VEHIT;1;23.2.1949;1;0
NESTINAZ;1;27.6.1985;0;1
SIDDAN;1;27.8.1932;1;0
SETTEVA;1;5.3.1948;0;1
SITTAVE;1;14.3.1974;0;1
TEYZIR;1;3.2.1980;1;0
SOVDA;1;7.8.1928;0;1
ABDILHEDI;1;1.5.1961;1;0
ZULUFYE;1;1.7.1971;0;1
SAHIBIDDIN;1;17.8.1948;1;0
MUCU;2;15.1.1985;2;0
SAIIDDIN;1;21.3.1954;1;0
NECDEHER;1;1.8.1972;0;1
EHVEN;1;23.6.1975;1;0
YIZDEN;1;26.7.1977;0;1
TACIYEH;1;6.3.1945;0;1
MAZYET;1;1.4.1944;1;0
DEFHA;1;2.1.1981;0;1
NEZIHIT;1;14.5.1942;0;1
YAMAME;1;9.3.1966;0;1
ZIYNILABIDIN;1;3.2.1962;1;0
BEHEIDDIN;1;22.2.1961;1;0
ERTEP;1;6.2.1969;1;0
FARC;1;3.12.1949;1;0
PAHIRA;1;23.4.1952;0;1
PAHATTIN;1;6.5.1969;1;0
IRFAHIYE;1;21.6.1965;0;1
KUSEYYA;1;26.2.1975;0;1
NISEYBE;1;11.3.1974;0;1
ULIYEN;1;9.4.1966;0;1
KEVAL;1;21.5.1981;0;1
ILAMEDTIN;1;28.5.1958;1;0
USEYLA;1;25.7.1956;0;1
LUMEYS;1;29.11.1953;0;1
SEDERAL;1;21.9.1975;0;1
VEVAL;1;6.6.1962;0;1
MEYER;1;19.1.1975;0;1
ZEYNULDAR;1;21.12.1965;0;1
HOSME;2;17.1.1964;0;2
REYEFE;1;14.8.1965;0;1
RIDO;1;7.3.1964;1;0
SUBHE;1;27.8.1920;0;1
NURALHEDA;1;7.12.1942;0;1
MESIUDA;1;2.9.1963;0;1
MUBARIKI;1;16.10.1955;0;1
HESIB;2;6.5.1947;2;0
CAVRIYE;1;21.11.1983;0;1
REYE;1;1.2.1954;0;1
ABIHA;1;27.3.1974;0;1
ZEKREMIR;1;22.8.1931;0;1
MANSEL;2;11.12.1972;1;1
FARACAT;1;26.11.1978;0;1
LEFKAN;1;2.8.1975;0;1
MEYILE;2;12.12.1958;0;2
MUNCIT;1;27.3.1957;1;0
SUKAESIH;1;11.10.1964;0;1
SAKARA;1;26.6.1966;0;1
MUFLI;1;26.4.1955;1;0
SEVSE;2;21.1.1959;1;1
KEFUL;1;17.8.1969;0;1
ZERIDDIN;1;30.11.1961;1;0
NAHDET;1;7.1.1946;0;1
FIHDO;1;6.11.1951;1;0
AYANDI;1;5.5.1987;0;1
MUHTISEN;1;1.5.1967;0;1
PERLEN;1;6.4.1980;1;0
HADIYYE;2;13.4.1955;0;2
ABDUCEVAD;1;14.7.1948;1;0
MUNIRETTIN;1;11.9.1952;1;0
ZIHRIBAN;2;16.11.1967;0;2
RAGILE;1;17.8.1936;0;1
MEHZIYET;1;22.4.1964;0;1
LERNAZ;1;27.8.1980;0;1
NAZIET;1;16.6.1958;0;1
MUFRIC;2;12.1.1965;2;0
ZULIFIN;1;23.5.1962;0;1
ELIDI;1;27.5.1974;0;1
SAKRE;2;30.12.1950;0;2
USTAL;1;12.2.1983;0;1
LUZER;1;18.6.1970;1;0
GAYTHAA;1;29.12.1981;0;1
NURSEBAH;2;12.2.1964;0;2
ROGAN;1;16.4.1982;0;1
AYNIF;1;11.6.1969;0;1
MUDELLEL;2;11.1.1971;1;1
SONDUS;1;25.4.1969;0;1
AKTAF;1;15.3.1961;0;1
SEVIYIM;1;7.11.1946;0;1
SEDKIYE;1;17.3.1949;0;1
R.SEYHAN;1;4.5.1956;1;0
REYYIS;1;11.4.1975;1;0
DUNYAZI;1;13.1.1959;0;1
YUKSELENAY;1;25.6.1987;0;1
SEMMAH;2;13.9.1965;0;2
MAINA;1;24.1.1965;0;1
SAHIZET;2;6.2.1960;0;2
FAYAD;1;8.2.1970;1;0
RISLAM;1;22.8.1937;1;0
KIRVAN;1;2.11.1976;1;0
TUNCIZ;1;11.7.1979;1;0
YUGCEL;1;6.6.1975;0;1
JAD;1;6.7.1984;1;0
IMAIDDIN;1;27.6.1962;1;0
DUNYAZAN;1;6.8.1973;0;1
MUDELEL;1;16.5.1961;0;1
NASRIETTIN;1;4.6.1961;1;0
EZDIHER;3;23.4.1974;0;3
MAHCUB;2;28.8.1962;2;0
NIDEL;1;16.11.1987;0;1
MUHTERAM;1;26.2.1975;0;1
YERSEN;1;2.8.1969;0;1
FAYDO;2;29.11.1967;2;0
ZAYZEFUN;2;16.6.1955;0;2
FETNE;1;2.2.1957;0;1
KOVKEP;1;27.8.1938;0;1
ZIHRELCEBIN;1;7.2.1961;0;1
TEFIDI;1;7.8.1940;0;1
SEHIDEN;1;15.5.1965;0;1
MATIYA;1;4.7.1956;0;1
HARABET;4;12.12.1944;4;0
SAFATIDDIN;1;27.9.1974;1;0
TEFFEHA;3;1.2.1950;0;3
MALAKI;1;21.9.1969;0;1
ZALHAN;1;15.9.1960;0;1
COHEYNE;1;9.12.1972;0;1
CUZEFIM;1;27.11.1962;0;1
ZIHIRELDERF;1;28.10.1956;0;1
MUHAMMETOGUZ;1;19.1.1982;1;0
ABDANNUR;1;17.8.1936;1;0
ANTAVANET;1;30.4.1992;0;1
ZEYNIDDAR;6;13.4.1950;0;6
REVIDIYE;1;6.5.1949;0;1
SINMUS;1;20.7.1972;1;0
MEHRIS;1;27.8.1938;1;0
PEVRIF;1;4.9.1967;1;0
AZEZE;1;16.8.1961;0;1
AKLISE;2;17.5.1982;0;2
GULKASIDE;1;2.2.1957;0;1
SULANI;1;7.2.1959;0;1
HASNIGUL;2;14.7.1970;0;2
HEVILE;11;26.10.1967;0;11
VEHHUP;1;26.8.1955;0;1
HEYVIDAR;1;16.4.1992;0;1
NAMAT;2;9.10.1975;1;1
HEVALI;1;14.1.1983;0;1
EYEM;1;22.2.1979;0;1
VESKA;1;24.6.1968;0;1
DIVANA;2;4.11.1966;1;1
HILALITTIN;2;27.4.1956;2;0
SEMMUSE;1;8.3.1958;0;1
MIHRINAM;1;1.5.1955;0;1
HILUD;1;28.2.1980;0;1
NEBILHAN;1;24.6.1990;1;0
AASAF;1;21.6.1942;0;1
TAKIYYIDDIN;1;7.8.1934;1;0
ASMEHAN;1;2.11.1956;0;1
ANZELYET;1;6.5.1978;0;1
SEYCERI;1;24.3.1959;1;0
NILOFAR;1;7.8.1940;0;1
MELDAINCI;1;28.2.1980;0;1
MUHAMMUR;1;28.9.1954;0;1
SIDRES;1;6.5.1942;0;1
KARAMAHMUT;1;26.7.1975;1;0
DADER;1;1.1.1969;1;0
SAIMET;2;17.5.1948;0;2
SUNDAR;1;16.3.1958;1;0
MUATI;1;8.8.1945;1;0
FEYZHAN;2;4.1.1975;1;1
CEMILCEM;1;27.3.1992;1;0
UZUBE;1;7.2.1952;0;1
NASUHA;2;1.8.1964;0;2
KENDER;1;8.2.1956;1;0
SOUHEILA;1;12.8.1935;0;1
MESBAH;2;23.1.1965;2;0
HUMYA;1;21.8.1978;0;1
DAVYA;5;23.3.1941;0;5
GULAYSIN;1;4.8.1973;0;1
VEHBIDDIN;1;27.8.1932;1;0
ZAHRABAN;1;27.8.1920;0;1
MEVSIZER;1;24.9.1966;0;1
IGLEM;2;26.6.1979;0;2
URUHNAZ;3;14.10.1978;0;3
BERSEL;3;8.12.1971;0;3
SETELBENAT;1;18.5.1948;0;1
GULEYYEN;1;1.4.1942;0;1
FILBER;3;22.6.1979;0;3
BALTEN;1;25.9.1960;0;1
KILLAVI;1;12.8.1929;1;0
SAFIDDIN;1;22.8.1937;1;0
KENANALI;1;13.1.1962;1;0
SITTILBENET;1;15.12.1962;0;1
MAHIRCEM;1;25.10.1983;1;0
MUSTABE;1;22.11.1983;1;0
UVEZE;1;17.8.1960;0;1
IYYEM;2;22.9.1971;0;2
KAYIZE;1;29.5.1968;0;1
REKIYYE;1;6.12.1961;0;1
BN.MARNISA;1;12.9.1971;0;1
PANPUH;1;21.4.1935;0;1
KUFIYET;4;7.6.1968;0;4
SITELBENET;2;28.3.1963;0;2
ZIHRILVAN;1;2.4.1951;0;1
EZABEL;1;12.3.1950;0;1
SEVIYM;1;12.1.1945;0;1
COZEBEL;1;12.8.1935;0;1
SELAMIDDIN;1;18.1.1959;1;0
RIKOS;6;8.1.1957;0;6
MILHI;1;12.8.1935;1;0
SEHINAN;1;6.4.1961;0;1
ZUHAD;3;25.9.1956;1;2
NIVINE;1;27.8.1980;0;1
GANIYYE;3;30.10.1945;0;3
KENENE;1;30.3.1955;0;1
MATII;2;10.1.1962;2;0
KALIZE;1;26.7.1956;0;1
SELIBIHAN;1;7.2.1957;0;1
CEFAIRIYE;1;21.6.1965;0;1
NECMISUHUR;1;23.2.1957;0;1
NAHFIZ;1;21.3.1971;1;0
EZAHAT;1;16.10.1951;0;1
SARIRA;1;6.10.1950;0;1
NACIMITTIN;1;25.11.1954;1;0
ABDULCEBRAIL;2;6.4.1985;2;0
MURSALETTIN;2;7.2.1953;2;0
FITHIYE;1;4.4.1948;0;1
VAHHAB;2;7.5.1961;2;0
NAZLIMAN;1;27.2.1950;0;1
ERBINISE;1;11.4.1952;0;1
NEVADIR;1;12.11.1963;0;1
ABUZEYR;1;26.8.1980;1;0
MUSEYYENE;1;27.4.1972;0;1
SEHSUBANU;1;22.1.1966;0;1
HILEYI;1;2.2.1951;0;1
SUKRUYER;1;13.9.1964;0;1
ESENBAHAR;1;24.2.1967;0;1
RACINE;3;21.5.1951;0;3
FALAMINA;1;1.12.1960;0;1
ZEYNADDAR;1;4.12.1967;0;1
FILLINEDA;1;10.3.1960;0;1
NERCET;1;12.2.1977;0;1
NEHIDA;5;27.1.1969;0;5
ISMUR;1;12.9.1959;0;1
GESMA;1;27.5.1950;0;1
MEVI;1;29.6.1973;0;1
AMADIDDIN;1;27.6.1956;1;0
CUZEFIN;1;7.8.1940;0;1
NIMNEME;1;23.10.1983;0;1
DIAP;2;4.11.1943;2;0
BEDRILNAAM;1;18.4.1942;0;1
KORDEMIR;1;1.2.1976;1;0
DAIT;2;17.8.1936;0;2
CAGFERE;1;1.4.1918;0;1
CORCIYA;1;28.10.1986;0;1
SOLVIYANA;1;14.1.1977;0;1
MAMUCUK;1;6.8.1962;1;0
SEHRIZZAN;1;26.4.1940;0;1
ABDULVEHIP;1;21.3.1955;1;0
SEIRAP;1;9.11.1956;0;1
NOLUFER;1;26.3.1970;0;1
EFTOKYA;1;7.8.1928;0;1
SEHIZAN;2;28.10.1948;0;2
SUNAYBEY;1;19.8.1965;1;0
KURNUFEL;1;7.3.1976;0;1
MARGIROS;1;24.12.1965;1;0
ATNIN;1;3.2.1987;0;1
CIZRA;1;26.5.1967;0;1
HUBELYA;1;15.2.1976;0;1
MENIYETIL;1;22.5.1967;0;1
FITUN;1;11.9.1981;0;1
SELIFOR;1;9.5.1947;0;1
KUFEYET;1;5.1.1955;0;1
REDIFYE;1;14.12.1959;0;1
KEMALIZM;1;16.7.1945;1;0
GOLDANE;1;12.3.1965;0;1
ERDURAK;1;2.6.1951;1;0
GOKHAL;1;22.11.1966;0;1
ATABE;1;1.4.1954;0;1
ICHAT;1;1.10.1950;1;0
UMITNAZ;1;15.2.1971;0;1
H.MUKREMIN;2;21.10.1950;2;0
MUCAS;1;25.7.1963;0;1
HABBENUR;1;5.12.1990;0;1
CUM;1;16.3.1992;1;0
MULKIRAZ;1;22.2.1979;0;1
DIDEMNAZ;1;27.12.1989;0;1
EHTAC;1;2.6.1976;0;1
BAYCERKEZ;1;25.11.1948;1;0
MELPO;1;6.9.1945;0;1
BINTAZE;1;10.12.1928;0;1
YOLANT;1;27.8.1932;0;1
ZEHVA;3;22.7.1966;0;3
HAYATETTIN;1;28.4.1967;1;0
NILDEAY;1;18.1.1984;0;1
UCEN;1;13.10.1962;1;0
SAPAHATTIN;1;26.1.1965;1;0
ZEYNHAR;1;20.8.1953;1;0
TAHINE;1;1.4.1955;0;1
DURDANEBASAK;1;2.5.1991;0;1
SERIZ;1;17.4.1983;0;1
KARAHANIM;1;12.8.1935;0;1
ILKKAGAN;2;16.4.1991;2;0
N.SEVINC;1;27.8.1938;0;1
SAGMAN;1;17.8.1936;1;0
SAYFORE;1;27.2.1974;0;1
KURDUS;6;28.11.1957;6;0
NACIN;1;28.2.1945;0;1
ULSEMIN;1;8.4.1971;0;1
TOSKUN;1;17.1.1954;0;1
NUFEYYIZ;1;2.5.1950;1;0
FERNANDE;1;3.8.1952;0;1
VEKO;1;17.1.1956;0;1
BIREHAN;1;18.5.1967;0;1
ABDUSELEM;2;14.9.1938;2;0
MISELIN;3;18.1.1959;0;3
RASELIN;1;30.9.1985;0;1
ISTELLA;1;7.9.1950;0;1
FLIZE;1;21.12.1965;0;1
NEMNAM;1;7.7.1964;0;1
DIDEMSU;1;4.8.1979;0;1
BUSERE;1;17.2.1972;0;1
VERDAGAN;2;2.3.1962;0;2
KADRA;2;8.2.1955;0;2
CEBELITUR;1;8.2.1975;1;0
ZEYNILDAR;2;25.1.1965;0;2
BESAM;1;16.9.1976;1;0
ECIRAN;1;6.1.1973;0;1
SEHEBEDDIN;1;7.2.1964;1;0
MENIYYE;2;11.8.1962;0;2
IREHIM;1;22.3.1955;1;0
RUHBAR;1;30.2.1992;1;0
EBDIL;2;29.9.1965;2;0
SELPILAY;2;18.2.1974;0;2
OZNIYET;1;12.2.1977;1;0
HERCETIN;1;22.2.1973;1;0
GULAVAR;1;2.11.1964;0;1
MIRHAMDULLAH;1;13.7.1972;1;0
SUBHINAZ;1;23.12.1971;0;1
MIRHAYRULLAH;1;20.6.1973;1;0
MAYPARA;1;1.12.1961;0;1
HUREYSE;1;27.1.1968;0;1
ALITANER;1;7.10.1976;1;0
HURIYESE;1;26.12.1959;0;1
HAMADIYE;1;22.2.1943;0;1
SIKAVET;1;17.10.1970;1;0
AYFERET;1;12.2.1977;0;1
IRAMDAN;1;12.2.1965;0;1
MEYVEGUL;1;17.2.1972;0;1
BEYLERBEYI;1;2.2.1957;1;0
NAROS;1;7.8.1910;0;1
NARIY;1;29.1.1940;0;1
SAHTEDDIN;1;17.5.1978;1;0
SAFULE;1;13.10.1958;0;1
DESEM;1;2.2.1975;0;1
NUSPET;1;9.6.1970;0;1
MOYBET;1;22.2.1979;0;1
SAMARIYE;2;5.8.1964;0;2
NAKDALI;1;23.4.1964;1;0
SARIH;1;22.2.1979;0;1
GULAFATUN;1;26.3.1985;0;1
NAFZIFE;1;7.12.1987;0;1
NISICA;1;2.3.1957;0;1
KESAT;1;12.11.1983;0;1
KEJIY;1;18.3.1952;0;1
TAVIYE;1;20.1.1983;0;1
HALFEGUL;1;22.2.1985;0;1
SASHANIM;1;21.1.1983;0;1
AGCEGUL;1;17.1.1990;0;1
GULNIZAN;1;2.2.1957;0;1
YARAS;4;5.9.1969;4;0
SERGINGUL;1;2.2.1981;0;1
ILTIFAK;1;16.3.1966;1;0
ALPASA;1;2.2.1982;1;0
SEVDIKAR;6;11.11.1973;3;3
HAZEDDIN;1;22.2.1979;1;0
MEHYEDI;1;17.2.1978;1;0
TORYA;1;29.3.1966;0;1
NILAYI;1;1.3.1982;0;1
ABDILBARI;1;5.7.1945;1;0
MIRVERDI;1;1.1.1;0;1
EFSELAN;1;16.11.1982;1;0
GULFUZA;1;7.5.1970;0;1
SUKRANLI;1;26.7.1961;0;1
CARKI;1;7.6.1964;1;0
AHMETSAID;1;2.4.1987;1;0
ZALIHAN;2;8.5.1961;0;2
AYNUBAR;1;7.2.1958;0;1
KANZIRE;1;24.4.1967;0;1
HANEMI;1;17.2.1972;0;1
KUDVEDDIN;2;25.1.1967;2;0
MIRZEHAN;1;4.10.1978;1;0
KILKEZI;1;23.3.1967;0;1
KIYET;1;8.2.1952;0;1
HAYBA;2;24.3.1969;0;2
NEZIHENERMIN;1;15.3.1957;0;1
MAHMUTCELAL;1;21.11.1947;1;0
ZIGAN;1;12.8.1929;1;0
HUTBEDIN;2;12.2.1966;2;0
VAZIL;1;22.6.1949;1;0
KELMAN;1;27.7.1974;0;1
PUSTER;1;17.8.1924;0;1
IMILBANU;1;12.2.1970;0;1
AYICAN;1;2.2.1975;0;1
AYEDDIN;3;28.2.1960;3;0
ALIMEDET;1;11.11.1933;1;0
CANESIP;2;19.7.1970;2;0
TAKMINAZ;1;24.6.1976;0;1
MAHIMUNIR;1;17.2.1960;0;1
ORBABA;1;12.8.1929;0;1
SEMAYYE;1;16.11.1933;0;1
AILEGUL;4;29.6.1973;0;4
ELAHEDDIN;1;22.2.1967;1;0
MEHTIKULU;1;7.8.1934;1;0
BOLUHAN;1;30.8.1976;1;0
SAKIYAR;1;2.10.1953;1;0
BIBIHANIM;2;25.3.1969;0;2
RESEY;9;12.3.1954;0;9
DEVRAZ;1;9.2.1955;1;0
HAYDARSAHIN;2;14.4.1967;2;0
TACDI;2;6.5.1960;2;0
MUHAYYA;2;21.4.1962;0;2
ECAP;1;21.4.1948;0;1
ERGEZ;2;26.4.1943;0;2
DALIE;1;17.2.1978;0;1
BIRKAR;1;20.3.1982;0;1
SELIGE;1;27.10.1967;0;1
NURIKIFAYET;1;12.9.1970;0;1
PERKIS;1;27.3.1965;0;1
SELAMETI;1;29.8.1967;0;1
LUMIYE;2;11.4.1965;0;2
CEMILSAN;1;4.6.1989;1;0
TEBUK;1;11.7.1969;0;1
YILIFAR;1;22.3.1961;0;1
LEYLIBEYIM;1;20.12.1950;0;1
IMILBANI;1;21.3.1959;0;1
TUKEZBANI;1;21.11.1959;0;1
EBULFES;1;7.2.1976;1;0
VARAK;1;12.2.1959;1;0
CIHANHAN;1;15.10.1976;1;0
FRENGIZ;1;27.3.1956;0;1
SULACETTIN;2;9.9.1970;2;0
URFULLAH;1;12.2.1959;1;0
NURDAREN;1;7.11.1964;0;1
HURIFER;1;13.12.1972;0;1
SEHAMI;1;1.12.1967;1;0
DAIMEN;1;7.2.1964;1;0
GURSOZ;1;18.7.1970;1;0
IMBILBANI;1;7.2.1970;0;1
MEHMINUR;1;26.2.1966;0;1
HOKUME;2;27.3.1967;0;2
MIRTALIP;1;20.10.1988;1;0
MELEKNISA;1;17.2.1948;0;1
YASAMAZ;1;28.11.1961;0;1
SIYAHTEL;1;2.3.1950;0;1
NURCAFER;1;9.11.1972;1;0
IMBUL;1;8.4.1934;0;1
NURCANGUL;2;25.6.1965;0;2
TEKDAS;1;27.8.1974;1;0
URGENSE;1;2.1.1975;0;1
VILAFER;1;17.6.1943;0;1
GALEMZER;1;28.3.1944;0;1
EMCAN;2;29.9.1938;2;0
ALITUGRUL;1;12.7.1979;1;0
MIRAZIM;1;9.5.1969;1;0
KEHREBA;1;12.7.1951;0;1
MUVEDDIYAR;1;22.5.1943;1;0
MEHMETRAMAZAN;1;6.9.1978;1;0
ALISEREF;1;6.9.1950;1;0
MENRA;1;17.1.1966;0;1
SAHIFATMA;1;7.1.1979;0;1
YUSEBBIYE;2;3.11.1956;0;2
MIRILI;1;27.2.1938;1;0
MEHMETCAGRI;2;7.4.1984;2;0
LEYVE;1;2.12.1939;0;1
ILTEFIL;1;12.2.1967;0;1
BAGCA;2;29.9.1953;0;2
MUTLUSUN;1;17.9.1982;0;1
MIRBAGIR;1;23.10.1959;1;0
ALMAY;1;4.6.1977;1;0
KALEMFIR;1;22.8.1937;0;1
AKILMUHTAR;1;22.2.1961;1;0
INTIKA;1;28.3.1966;0;1
GUNERU;1;11.11.1932;0;1
TABANDE;1;12.8.1935;0;1
EVILFESYA;1;2.7.1981;0;1
SUPHANNURI;1;15.4.1975;1;0
MAKBUDE;1;16.2.1953;0;1
FEHRENDE;1;2.11.1951;0;1
SAHRAZAT;1;26.4.1966;0;1
MOHTEREN;1;19.7.1965;0;1
AHMETNUR;3;12.4.1983;3;0
KANBARALI;1;11.3.1956;1;0
SERJAN;1;14.3.1992;1;0
SEDOS;1;6.3.1956;0;1
BURUKAY;1;5.12.1981;1;0
HESRAF;1;24.6.1955;1;0
CECILAY;2;13.11.1990;0;2
FEYALE;1;12.2.1946;0;1
OMRUHAS;1;29.3.1974;0;1
YILDENIZ;1;6.5.1985;0;1
SAHGELDI;1;2.2.1957;1;0
FIRUDIN;1;30.4.1944;1;0
GULICEMAL;1;24.3.1954;0;1
IRAGMIYE;1;6.4.1959;0;1
REMSIYE;1;26.7.1984;0;1
NURGAH;1;12.11.1959;0;1
FARANUZ;1;3.10.1959;1;0
TURUNE;1;15.4.1956;0;1
MAKINUR;1;13.5.1954;0;1
SUKUFER;1;20.6.1965;0;1
MEHMETFERIT;3;30.6.1977;3;0
CERHA;2;25.2.1965;1;1
PENZEHAN;1;27.8.1933;0;1
DILBEK;1;28.3.1990;0;1
MUBARIS;1;20.11.1958;1;0
MEGEDDIN;1;16.2.1961;1;0
MEHMETREHIM;1;24.3.1967;1;0
VALIDEGUL;1;11.12.1983;0;1
BAMAMA;1;26.3.1942;0;1
HASTAN;3;6.9.1954;0;3
HEDIGE;1;2.12.1962;0;1
TERPIN;1;27.2.1968;0;1
KUNYE;1;26.5.1972;0;1
SARAYHANIM;1;18.10.1970;0;1
ANIYAR;1;7.11.1961;0;1
SEHLAGUL;2;15.5.1980;0;2
MEHRDAD;2;8.8.1968;2;0
EBAH;1;10.11.1980;0;1
KUTUETTIN;1;18.7.1969;1;0
SAMOS;2;27.9.1953;0;2
GORKEBAY;1;11.7.1980;0;1
ARSLANTURK;2;30.3.1977;2;0
FILLEY;1;2.8.1921;0;1
DUNYABIN;1;17.2.1966;1;0
ALMILEN;1;19.1.1975;0;1
SAMATYA;1;27.5.1974;0;1
ALIMNAZ;1;8.5.1975;0;1
BILGEYIS;1;29.9.1963;0;1
KULAMALI;1;26.4.1933;1;0
ILKUNUR;1;12.6.1970;0;1
ALIOZER;1;18.2.1962;1;0
TEHMEZ;2;20.6.1972;2;0
HUSSEDDIN;1;12.2.1966;1;0
SADEBEYIM;2;21.4.1953;0;2
HADICEBANI;1;27.8.1926;0;1
OTGUN;1;27.3.1980;1;0
BALELEGUM;1;7.8.1928;0;1
TOKI;1;28.5.1932;0;1
MUSAHFET;1;5.5.1971;0;1
PAYALDI;1;27.3.1938;0;1
ZEYNABI;1;4.12.1991;0;1
MUNTUGE;1;14.4.1965;0;1
BINSAH;1;12.2.1983;0;1
AZERKAN;3;15.3.1978;3;0
MULKEZ;1;1.1.1982;0;1
FIME;4;9.1.1958;0;4
HANOZER;1;27.4.1962;0;1
SUHYEL;1;1.6.1974;1;0
MILKET;1;26.5.1988;0;1
FELEKSINA;1;17.2.1984;0;1
TIKME;1;26.10.1961;0;1
BELKIZADE;1;10.9.1956;0;1
REKAT;1;27.4.1974;0;1
YUMUL;1;3.1.1984;1;0
DAIBE;1;6.11.1961;0;1
ARDE;2;19.3.1989;1;1
MEMDO;1;1.3.1965;1;0
MINAYYE;1;11.11.1987;0;1
SAMATYE;1;22.12.1961;0;1
MENSIL;1;8.2.1950;0;1
ILCINUR;1;22.2.1955;0;1
TAHMUZ;1;11.3.1979;1;0
NUBA;3;19.8.1964;0;3
MOVLUYE;1;29.5.1961;0;1
TUKAZBAN;2;5.10.1974;0;2
RUSME;1;10.12.1928;0;1
IMAMIR;1;22.5.1933;0;1
YUHAYYA;1;2.6.1932;0;1
NEZMAN;2;25.10.1955;0;2
ISLAY;2;1.11.1967;0;2
YURDAVAN;2;9.7.1963;1;1
GULTENIK;1;20.3.1951;0;1
ELNURE;1;3.6.1983;0;1
NISME;1;17.8.1966;0;1
IRAK;5;8.5.1984;1;4
HACEPNAR;1;17.3.1954;0;1
TUNNA;1;1.6.1961;0;1
SABRELI;2;25.3.1947;2;0
NAITE;1;6.6.1978;0;1
NEZARALI;1;27.8.1926;1;0
ISTIHANETTIN;1;20.4.1966;1;0
MINLIK;1;26.6.1972;0;1
RUFKIYET;1;12.2.1977;0;1
MAVIGOZ;1;23.4.1960;0;1
INAK;1;21.5.1966;0;1
TIRSA;1;2.4.1951;0;1
MAFARA;1;27.8.1926;0;1
ATILIYE;1;12.3.1983;0;1
ENRDEM;1;26.12.1990;0;1
ZIYADELI;1;23.3.1954;1;0
DOLHAN;1;26.12.1951;1;0
KESAY;1;1.8.1960;0;1
BEDE;2;6.5.1943;0;2
YABIDE;1;15.12.1987;0;1
ZERRINTUNC;1;18.5.1942;0;1
ABBUSSELAM;1;11.1.1980;1;0
KELLO;2;21.9.1942;2;0
HABIPZADE;1;20.3.1972;1;0
EFLAY;1;11.5.1969;1;0
CINALA;1;27.2.1956;0;1
ABILFEZ;2;6.12.1961;2;0
NARVUZ;3;6.5.1959;1;2
KAMADDIN;1;20.5.1963;1;0
NARINGIT;1;28.4.1941;0;1
KANARA;1;12.2.1935;0;1
MESUM;2;18.9.1951;2;0
DILHEME;1;12.8.1971;0;1
BEHSULLAH;1;12.5.1964;1;0
PUTUNZER;1;12.2.1953;0;1
ORHEK;1;2.2.1957;0;1
NURSENYEL;1;9.8.1973;0;1
DANYAR;1;14.10.1990;1;0
GOYCIN;2;13.6.1969;1;1
SUDABER;1;8.5.1954;0;1
ABULBAKI;1;6.4.1979;1;0
TABIYAT;3;10.11.1978;1;2
FACIH;1;21.6.1982;1;0
RUETE;1;6.4.1974;0;1
RUKIYEN;1;13.9.1983;0;1
GACAG;1;18.2.1957;1;0
EHETTIN;1;2.5.1950;1;0
NOZO;2;6.11.1953;0;2
TURSAH;1;2.10.1951;0;1
NAHIYEDIN;1;6.3.1954;1;0
GOGCEN;2;27.9.1938;1;1
MUHIMMET;2;22.10.1966;1;1
EZULLAH;1;14.2.1932;1;0
REGSANA;1;16.6.1977;0;1
KITAYER;1;6.3.1985;0;1
KAZEY;1;28.2.1961;0;1
SURBET;1;17.12.1942;0;1
RIFKATE;1;26.6.1991;0;1
FEYZAGUL;3;9.4.1981;0;3
MIZEFER;1;27.2.1992;1;0
FENZENDE;1;12.8.1977;1;0
BERDAGUL;1;1.6.1982;0;1
EKTAS;1;1.7.1978;1;0
SADINC;2;11.1.1983;2;0
NURMEN;1;19.7.1990;0;1
VEHTAD;1;11.1.1988;1;0
KIMYAR;1;3.5.1940;0;1
FAMILETTIN;1;6.10.1949;1;0
HEYRI;1;12.1.1963;0;1
AYDIKE;1;12.2.1965;0;1
SEREBANU;1;7.2.1952;0;1
ENGUZEL;1;6.12.1986;0;1
SARAS;1;27.8.1932;0;1
ESMIRHAN;1;1.4.1959;0;1
MUNTIKE;2;13.12.1960;0;2
SELBAY;3;25.5.1980;3;0
ZOHREBEYIM;1;8.2.1965;0;1
SUCAHAN;1;22.7.1965;1;0
MUGAYE;1;17.5.1990;0;1
BEKIYAR;1;26.6.1949;1;0
SOMSER;1;30.5.1969;0;1
YUHAYYE;1;6.7.1944;0;1
PIRLANDIYE;1;7.2.1958;0;1
GOYUS;2;15.1.1960;0;2
ELHAMIT;1;1.11.1966;1;0
HEVSI;2;5.11.1933;0;2
ENIYET;1;26.7.1973;1;0
SAHINZER;1;11.1.1940;0;1
GULIM;1;12.2.1965;0;1
SERLIVAN;1;9.1.1960;0;1
MAHZEDDIN;1;14.5.1965;1;0
GULTAMAN;1;26.2.1957;0;1
GIHATTIN;1;7.1.1982;1;0
SEFIZADE;1;9.9.1980;0;1
KISAR;1;27.2.1986;0;1
FERDEGUL;4;4.8.1972;0;4
OZBUKE;1;25.9.1989;0;1
EKBERALI;1;14.1.1969;1;0
SUGAY;4;28.2.1967;4;0
CEMADE;1;4.10.1981;0;1
TOREMEN;1;2.12.1981;1;0
AYNARGUL;1;22.8.1973;0;1
GULBURAN;1;5.5.1975;0;1
SADAYE;1;22.2.1943;0;1
MISRE;1;22.11.1961;0;1
BEYLERBEY;1;2.2.1987;1;0
AYBEDDIN;1;12.11.1971;1;0
FERMEDDIN;1;22.4.1973;1;0
NEBILAN;1;27.3.1962;0;1
SEHRALAR;1;27.1.1962;0;1
NUMUS;1;20.5.1933;0;1
SALAMETTIN;2;17.3.1961;2;0
EVDO;1;16.11.1956;1;0
NUSIRVAN;1;11.6.1946;1;0
DILALER;1;22.2.1947;0;1
SERHEM;1;2.6.1939;0;1
SULFISIYAH;2;4.9.1961;0;2
MUTLEHAN;1;10.12.1963;1;0
SEBEDDIN;1;1.4.1942;1;0
YERIYE;1;9.5.1940;0;1
AYCEMEN;1;22.8.1979;0;1
BILKIYIS;1;27.8.1932;0;1
KEJIYE;7;19.3.1962;0;7
ZULFUALI;1;9.8.1975;1;0
MEVSINET;1;11.9.1964;0;1
NULKEN;1;18.6.1953;0;1
ABDILMUTELLIM;1;15.4.1969;1;0
NISIYECAM;1;22.2.1967;0;1
FEYYE;1;11.4.1948;0;1
FANYAZ;1;29.12.1989;0;1
DEVLETHATUN;2;6.8.1959;0;2
KIMYAZER;1;5.6.1930;0;1
ABDULFEYZ;1;25.3.1953;1;0
PERIZAH;1;2.6.1957;0;1
DILSAYI;1;18.9.1958;0;1
NUSEMETTIN;1;3.11.1982;1;0
TUYCA;2;17.7.1988;0;2
VASEF;1;7.2.1964;1;0
ALPERMAHIR;1;16.10.1976;1;0
NARRIN;2;17.11.1974;0;2
HUDBENIN;1;27.4.1992;1;0
BEZIZAMAN;1;7.2.1964;0;1
FUZI;2;2.2.1977;1;1
NISVI;1;11.4.1978;0;1
HANIMSEHER;1;17.2.1954;0;1
KULABBAS;1;10.4.1949;1;0
EBULHASAN;1;29.2.1937;1;0
ZULKAM;1;22.8.1925;1;0
KASEMALI;1;16.6.1944;1;0
MUHFET;1;9.3.1940;0;1
CANNESIP;1;11.7.1944;1;0
GUNEZER;1;17.2.1946;0;1
MIRSETTAR;1;9.2.1954;1;0
BADIZER;2;10.10.1942;0;2
MEZAR;1;18.11.1950;0;1
FENYAZ;1;3.7.1991;0;1
MULGULSUM;1;12.2.1971;0;1
HANSERIF;1;8.10.1985;1;0
GECE;2;26.9.1985;0;2
ESKALI;1;17.2.1960;1;0
AGABEYIM;1;26.9.1931;0;1
GUHERCIN;1;24.4.1951;0;1
SABIRALI;1;6.10.1962;1;0
TANSIR;1;2.2.1975;1;0
MEBERUZ;1;22.12.1967;0;1
HACESTE;2;30.1.1942;0;2
NEFIHAT;4;18.12.1959;0;4
SAHBELET;1;30.1.1942;1;0
BEDRINISE;1;26.11.1931;0;1
AGBEK;2;8.5.1988;0;2
MEHMETCAFER;1;25.10.1961;1;0
FAZIDE;2;13.12.1940;0;2
BELKIZAT;1;22.2.1967;0;1
TEVVEKUL;1;8.4.1958;1;0
IMILKEZ;1;13.4.1947;0;1
MARIYATE;1;14.4.1990;0;1
ABDILVAKIF;1;14.3.1971;1;0
SONSEFA;3;18.2.1980;0;3
GULNABAT;1;18.2.1956;0;1
HURINISE;2;26.4.1954;0;2
OSE;1;22.8.1925;1;0
DEM;1;18.4.1982;1;0
ZAMANA;1;22.2.1967;0;1
EDIHEM;1;16.6.1986;1;0
SEVILAYGUL;1;12.5.1991;0;1
ALIEMRE;3;11.6.1976;3;0
SEVIYEM;1;16.12.1973;0;1
NAKTALI;1;13.9.1946;1;0
NUZANE;1;9.1.1982;0;1
HIYET;3;30.7.1976;1;2
MELAYHA;1;27.7.1991;0;1
SIRAEDDIN;1;3.4.1975;1;0
ALIKULI;1;2.8.1933;1;0
DIKKA;1;1.1.1958;0;1
HAFIYZA;1;27.9.1988;0;1
NIZUHA;1;8.4.1958;0;1
SEPEK;1;6.2.1943;0;1
CIVEYLA;1;2.10.1951;0;1
FATKI;1;2.2.1939;1;0
SELFURE;1;21.5.1953;0;1
ENESAY;1;18.10.1990;0;1
MINISEL;1;20.2.1966;0;1
M.YAVER;1;11.4.1933;1;0
MEPRUK;2;27.10.1940;0;2
H.KAMIL;2;13.9.1941;2;0
ABDULNAMI;1;17.2.1948;1;0
MINIYSE;1;12.4.1970;0;1
CENUK;1;21.5.1951;1;0
ORAHIYE;1;16.12.1964;0;1
MASUGA;1;22.4.1943;0;1
SAZIMETE;1;17.5.1930;0;1
ZIYVERIYE;1;12.2.1983;0;1
HANIMAN;2;23.2.1955;0;2
ILIMON;5;5.3.1955;0;5
MEVUZE;1;6.5.1939;0;1
AYSEMUR;1;6.10.1944;0;1
ZULKANIN;1;12.3.1959;1;0
TESPIRE;1;2.2.1957;0;1
VERNEZ;1;14.5.1981;0;1
ENBEL;1;18.12.1990;1;0
BORABEY;1;10.1.1985;1;0
NAZLIHILAL;2;2.11.1991;0;2
AYBILEN;1;21.9.1961;0;1
HELIYME;1;25.4.1957;0;1
RIRDEVS;1;12.2.1965;0;1
REVIM;2;27.8.1957;0;2
REHLA;1;2.2.1939;0;1
SEHUK;1;14.3.1935;0;1
SADUK;1;23.6.1980;0;1
YUSINE;1;7.3.1978;0;1
VEBILA;1;3.5.1973;0;1
NEMANE;1;9.7.1935;0;1
SENCANE;1;11.3.1950;0;1
RUKENNILAY;1;7.10.1976;0;1
MILHA;2;27.10.1971;0;2
ASINADIL;1;1.3.1932;0;1
SAHANDEN;1;28.4.1966;0;1
ABUTER;1;12.8.1929;0;1
MUMUIN;1;4.8.1980;1;0
IBRIMSE;1;23.3.1954;0;1
ZENAT;1;27.2.1974;1;0
MEHMEN;1;19.5.1954;0;1
BEKRET;1;14.11.1960;1;0
REFIGER;1;3.6.1963;0;1
MERAC;1;17.2.1966;1;0
NECLEYN;1;8.7.1956;0;1
SOMEDDIN;1;24.4.1973;1;0
MUHACCER;1;2.2.1957;0;1
SEYYARIYE;2;9.4.1942;0;2
AGIBABA;1;27.3.1956;1;0
TUNCUBE;1;19.8.1981;0;1
NESKEFIDE;1;12.10.1957;0;1
MAKATTES;1;13.7.1953;0;1
GULDENUK;1;21.5.1973;0;1
MESGUDE;1;5.2.1958;0;1
INENBEY;1;29.9.1973;1;0
YUSMARY;1;23.3.1983;0;1
SEBASET;1;2.2.1945;0;1
EDET;1;26.3.1976;0;1
MURSER;3;15.9.1947;0;3
MEYMUR;1;12.4.1971;0;1
GUNSELLI;3;8.7.1966;0;3
YUCADIL;1;22.9.1990;1;0
KUTLUATA;1;15.12.1986;1;0
SEJAATTIN;1;24.4.1948;1;0
CANIPE;1;11.4.1954;0;1
RUBUDE;1;6.5.1948;0;1
FEREYAT;1;11.1.1963;0;1
NERIBE;1;7.8.1964;0;1
VICIRIYE;1;1.1.1;0;1
LEYHANE;1;26.9.1936;0;1
NAZLAHAN;2;9.12.1964;0;2
AYSINE;2;2.4.1962;0;2
HUSALETTIN;1;17.6.1958;1;0
YANGIN;1;16.8.1958;1;0
MUKADDARE;1;20.6.1935;0;1
EDEFUK;1;12.5.1940;0;1
FEDUK;1;26.3.1948;0;1
HUSANI;1;21.11.1953;1;0
HASNAE;1;27.3.1961;0;1
NILSAY;1;20.7.1981;0;1
GEVERSAT;1;2.10.1946;0;1
NEZAHER;1;17.2.1966;0;1
KURTSENEL;1;6.8.1954;1;0
NEZDAN;1;27.2.1980;0;1
URESUL;1;5.4.1945;1;0
SADFIYE;3;8.1.1960;0;3
MENGUALP;2;4.4.1991;2;0
FIRYEN;2;21.1.1960;0;2
ASILBEY;2;6.11.1958;2;0
ADIVED;1;6.12.1957;0;1
BILAND;1;22.11.1973;1;0
EVVEHAN;1;20.5.1970;0;1
RUYISAZ;1;4.5.1937;0;1
BASIN;2;5.4.1979;2;0
MUGAN;2;12.4.1956;1;1
MINIKA;1;16.3.1949;0;1
IMIDIYE;1;25.8.1960;0;1
SIYASEL;1;3.4.1956;1;0
ALPTUNC;1;7.8.1989;1;0
GIANLUCA;1;28.4.1991;1;0
SALCIYE;1;14.1.1944;0;1
DITAR;1;3.7.1944;1;0
PAZAN;1;26.10.1957;0;1
CERID;1;16.4.1975;1;0
NURHAVA;7;19.12.1966;0;7
ZEZAIL;1;14.5.1970;1;0
NIHATALI;1;17.10.1968;1;0
MUHRISE;1;12.8.1941;0;1
BELGUZE;2;6.5.1955;0;2
LEHIRMAN;1;14.7.1962;0;1
BEFUM;1;11.9.1987;0;1
PENPENUR;1;21.3.1969;0;1
ZELHURE;1;11.7.1940;0;1
BAHRIYYE;1;23.3.1956;0;1
CEMUK;1;6.5.1961;0;1
EMETUL;2;6.5.1963;0;2
MEKIME;1;13.2.1951;0;1
SUZINAY;1;15.2.1983;0;1
ORDAGUL;1;26.3.1943;0;1
TONKUR;1;15.2.1942;1;0
RAHIMEN;1;27.11.1973;0;1
MUZEKKERE;1;6.1.1955;0;1
ELFIDER;1;1.12.1950;0;1
SENU;1;12.5.1941;0;1
MAHSUNUR;1;17.10.1966;0;1
ZILSIN;1;1.5.1953;0;1
SAKINENUR;1;2.2.1963;0;1
ZULGAYI;1;6.2.1967;1;0
SILKE;4;18.2.1972;0;4
DURISTAN;1;7.2.1958;0;1
ZEYUP;1;2.4.1973;0;1
SAHVENAZ;1;2.3.1957;0;1
GUNZARE;1;16.1.1947;0;1
HUSEYINHUSNU;1;24.6.1946;1;0
BEYCUK;1;1.5.1959;1;0
ZEFRAN;1;2.6.1976;0;1
YETERIYA;1;24.5.1976;0;1
ABTIREZAK;1;16.3.1935;1;0
NAIBI;1;2.2.1957;1;0
ABTULHALIK;1;17.2.1966;1;0
NAVSA;1;22.8.1931;0;1
INAYYET;1;27.2.1944;0;1
NIYAP;1;27.6.1956;1;0
SILES;5;18.11.1956;5;0
ABULHUDA;1;1.10.1954;1;0
ABDULKEYYAL;1;17.8.1930;1;0
TACINRICAL;1;2.8.1927;0;1
FASLEY;2;22.2.1949;0;2
ZILIFKE;1;2.4.1945;0;1
SADDO;1;17.8.1948;0;1
CEYALAN;1;22.4.1967;0;1
UBEYYE;5;9.8.1939;0;5
PERVINUR;1;17.12.1936;0;1
NESERREF;1;11.4.1956;0;1
ZAHRIDIN;1;21.3.1972;1;0
GEYEY;2;26.12.1954;0;2
GULBUNAZ;1;20.5.1953;0;1
AYPIKAN;1;27.7.1974;0;1
NIST;1;7.3.1976;0;1
KEYYAL;7;26.7.1966;7;0
DURDUHANA;1;27.4.1956;0;1
HUMADIL;1;6.6.1930;0;1
MISLAHADDIN;1;11.10.1973;1;0
MEYYADA;1;2.2.1987;0;1
CEDIHE;1;21.11.1970;0;1
CIMIK;1;16.1.1956;1;0
SAFIYENAZ;2;2.5.1945;0;2
ABDULTEVFIK;1;17.11.1966;1;0
IMTIZAC;1;17.2.1954;0;1
KEYAL;2;22.4.1964;2;0
JOUMANA;1;8.6.1981;0;1
HIZEYME;1;2.2.1975;0;1
NILJE;1;7.6.1982;0;1
ILGISER;1;25.3.1979;0;1
MUCESSE;1;26.11.1952;0;1
BULGUR;1;4.4.1965;0;1
HADEY;1;2.3.1951;0;1
FERCAL;1;2.8.1974;0;1
VIJDET;1;14.8.1985;0;1
MUSLAHIDDIN;1;11.11.1962;1;0
RIVEREN;1;9.2.1946;1;0
SEHRIHAN;2;29.12.1966;0;2
GULSEMSI;4;26.2.1964;0;4
EDUP;1;6.4.1972;1;0
TEGRID;1;21.8.1958;0;1
ZEBBUT;1;22.12.1930;0;1
KELIA;1;9.3.1977;0;1
BEDIRBOSTAN;1;26.12.1964;1;0
NUVIRAN;1;3.6.1933;1;0
BIBAHAT;1;16.4.1977;0;1
RISDO;1;17.2.1936;1;0
GUSTEY;6;16.5.1955;0;6
TAGDAT;1;22.2.1961;1;0
TUFFAH;1;7.2.1964;0;1
ISMANIYAT;1;2.8.1975;0;1
AYSEBIRGUL;1;17.6.1984;0;1
M.FAHRETTIN;1;22.8.1925;1;0
BEYAZETTIN;4;5.8.1949;4;0
MIYEZEN;1;12.9.1957;0;1
DAYYAN;2;27.12.1949;2;0
MUDEVIR;1;12.3.1965;1;0
SUTER;2;10.5.1950;0;2
HAMMAM;1;2.2.1921;1;0
MINEMIN;1;2.6.1957;1;0
MAYAS;1;22.8.1937;0;1
NEVEREN;1;3.11.1979;1;0
ASEGULLU;1;12.2.1947;0;1
MUSFIGA;1;16.9.1980;0;1
SAYGINER;1;29.10.1986;1;0
BILSUN;2;5.3.1982;0;2
NARIYAN;1;21.2.1951;0;1
BESKUL;1;6.9.1973;0;1
GOYFER;1;26.1.1972;0;1
GULNEKER;1;11.10.1940;0;1
CANSONAR;1;27.5.1974;1;0
OKKUS;1;1.10.1944;1;0
KALALI;1;20.3.1936;1;0
SENEF;1;17.2.1954;0;1
MAHAT;1;17.5.1977;1;0
MIYYESE;1;24.10.1942;0;1
MAKBIL;1;8.4.1976;0;1
SEYFEDAR;1;27.2.1950;0;1
UZGET;1;7.4.1970;0;1
HASSUM;1;2.2.1963;1;0
ASTEN;1;17.3.1986;0;1
MUMINYA;1;26.6.1972;0;1
SAYDER;1;25.1.1985;1;0
KEVZERI;1;11.8.1975;0;1
MERAAN;1;1.11.1955;1;0
BESDAL;1;6.3.1992;1;0
ZEMRUTHAN;1;3.3.1975;0;1
EZIHA;1;6.6.1966;0;1
GEHVERI;1;15.11.1950;0;1
KEYSEF;1;9.2.1962;1;0
HUBAP;3;2.5.1950;0;3
SELLAHETTIN;3;21.1.1961;3;0
MECRUMA;1;8.10.1988;0;1
ISTEHAN;1;17.8.1984;0;1
ZURO;1;7.8.1928;0;1
PESIMAN;1;13.8.1974;0;1
PURE;2;22.2.1967;0;2
NAZZAM;1;2.7.1988;1;0
BAZIM;1;27.7.1989;0;1
SORANHAN;1;28.10.1974;0;1
RAHUF;1;7.2.1946;1;0
TAZIDE;1;20.5.1990;0;1
AYETTULAH;1;8.11.1991;1;0
CAVIRA;1;27.4.1936;0;1
BESDAR;1;27.2.1992;1;0
RECIM;3;2.9.1972;3;0
KESFEIL;1;14.3.1959;1;0
DAD;2;9.5.1960;1;1
CANEFIRUZ;1;18.7.1986;0;1
BUB;1;11.12.1978;1;0
REKYAHAN;1;7.2.1958;0;1
MUHEYA;1;10.10.1985;0;1
KININ;6;14.8.1969;0;6
HENAZ;1;25.5.1985;0;1
MUSLAH;4;27.9.1975;4;0
SIYAMEMET;1;19.2.1957;1;0
HATIA;1;2.2.1975;0;1
ZAHIDER;1;16.10.1991;0;1
MAZRUM;1;2.3.1987;1;0
ZEKIRA;2;22.6.1961;0;2
MATHA;1;15.3.1953;0;1
DIYAULLAH;1;27.6.1980;1;0
TAZO;1;12.2.1959;0;1
SOLMEZ;1;17.10.1978;0;1
HEVO;1;1.4.1962;0;1
READ;1;17.2.1990;1;0
IRDUGAN;1;16.10.1974;0;1
SITTIHAYAT;1;16.11.1982;0;1
MENYETUL;1;14.12.1952;0;1
KEJILA;1;13.6.1974;0;1
MERHU;1;14.10.1946;0;1
UMULKELSUN;1;6.10.1980;0;1
SEYTMARUF;1;7.7.1970;1;0
CUDAR;1;27.2.1974;1;0
RUSENK;1;5.4.1992;0;1
RECU;2;2.6.1925;1;1
BIJDAR;1;17.2.1960;1;0
GUGE;1;9.7.1962;0;1
KAYADDIN;1;17.2.1990;1;0
HAVRA;2;4.4.1964;0;2
MUSTUMAN;1;26.2.1990;0;1
RUZELIN;2;6.8.1988;0;2
FATMU;1;26.3.1979;0;1
LABET;1;2.2.1943;0;1
MANBER;1;2.9.1975;1;0
SAMYAN;1;7.2.1958;0;1
SANNIYE;1;14.3.1987;0;1
HEDIYULLAH;1;28.3.1968;1;0
DEYMETE;1;6.1.1980;0;1
BOGER;1;7.3.1973;0;1
HAZU;1;7.8.1928;0;1
CEFANUS;1;22.7.1947;1;0
HEVIL;1;23.11.1979;1;0
ABDUKERIM;4;4.9.1973;4;0
REYBER;2;25.12.1991;2;0
ABDULHALIP;1;4.7.1986;1;0
HAPAT;1;6.6.1980;1;0
FIZU;1;23.5.1931;0;1
KIZLIHAN;1;17.11.1972;0;1
HULI;2;4.10.1968;0;2
NEKTULLAH;1;26.1.1992;1;0
GUSKAF;1;7.1.1946;0;1
ABDUSSELLAM;5;10.6.1967;5;0
KININE;2;16.10.1969;0;2
MUSMIA;3;22.4.1975;0;3
NEHRELNUR;1;19.2.1975;0;1
RAZISAN;1;17.3.1966;0;1
YIKILMAZ;3;22.5.1984;3;0
BUSRIYE;3;23.5.1966;0;3
ROJBAHAR;1;2.4.1981;0;1
KAYAZ;1;9.10.1973;1;0
TAFDA;1;27.3.1980;0;1
MEKKIMESUT;1;17.9.1966;1;0
RAFAAT;2;12.2.1971;0;2
FETTURE;1;26.12.1972;0;1
RUJDAR;1;26.6.1990;0;1
KINAAT;1;3.3.1983;0;1
HEDYAN;1;2.10.1975;0;1
KADUCAN;1;1.5.1991;1;0
SUHEYL.A;1;13.1.1982;0;1
WAFAA;1;6.8.1983;0;1
KANINE;1;17.4.1966;0;1
BIZKIZAR;1;1.5.1971;0;1
DURNEZ;1;12.4.1971;1;0
DILGEJ;1;2.1.1981;0;1
AYMUR;1;2.2.1975;0;1
AYCANI;1;1.2.1985;0;1
MUTESIMBILLAH;1;6.3.1957;1;0
GIVLET;1;12.3.1947;0;1
ESMIYET;3;27.6.1979;0;3
EVRUS;1;12.4.1991;0;1
HIFRAN;1;7.12.1976;0;1
TEPREZE;1;20.2.1933;0;1
PESENK;1;9.7.1973;1;0
BEHIJEN;1;2.2.1975;1;0
TEHMIM;1;12.11.1977;1;0
IZRIFE;2;23.12.1962;1;1
HAYRELNUR;1;9.2.1973;0;1
TAMETE;1;12.2.1971;0;1
TECLIHAN;1;5.11.1990;0;1
SITIYYE;1;12.2.1989;0;1
SAILME;1;22.7.1985;0;1
SEGLA;1;24.3.1961;0;1
CIFLES;1;17.5.1982;0;1
GULNIZAM;1;7.2.1982;0;1
GISRIN;1;4.11.1964;0;1
KEYTEN;1;27.2.1992;0;1
MAHMUTTIN;1;12.3.1965;1;0
MENDISE;2;2.7.1978;0;2
ZURVIYE;1;7.6.1982;0;1
KHUNAF;1;1.2.1986;0;1
DEMIMA;3;30.2.1965;0;3
MARDINE;2;19.6.1975;0;2
MUZELIFA;1;27.4.1992;0;1
SIHRIVAN;1;17.2.1990;0;1
MUTESIME;1;2.7.1945;0;1
BELINAR;1;7.2.1988;0;1
NUSBEH;1;22.4.1991;1;0
RUNAHI;3;30.4.1977;2;1
MUSRIHAN;1;13.2.1965;0;1
KEYFA;1;17.9.1973;0;1
HUTAN;1;17.11.1969;1;0
UBEYITULLAH;1;1.11.1980;1;0
TAYB;1;2.11.1987;0;1
BISANG;1;2.2.1975;0;1
GIYASADDIN;1;22.5.1967;1;0
BEDRETTN;1;30.6.1980;1;0
SEVDATE;1;21.3.1989;0;1
DUD;1;24.7.1988;1;0
CANANFURUZ;1;19.11.1975;0;1
MECZUP;1;17.6.1978;1;0
BAGSAN;1;21.1.1989;0;1
HUH;2;11.12.1912;0;2
LOKUM;1;20.3.1966;0;1
MASYA;1;18.1.1982;0;1
MASUDA;1;3.3.1969;0;1
HIRETUNNUFUS;1;23.1.1949;0;1
UMKELSUM;1;18.3.1972;0;1
MUKADDESHAN;1;11.8.1979;0;1
NUFEYSA;1;25.2.1979;0;1
BERIFAM;1;23.7.1980;0;1
SEPCIRAK;1;20.11.1980;0;1
ESIRUDDIN;1;2.2.1987;1;0
BADEF;1;3.9.1987;1;0
ZOUZAN;1;17.2.1984;0;1
SEREZDIN;1;7.11.1988;1;0
SURAYLA;1;17.6.1970;0;1
LILUZ;1;26.11.1978;0;1
ABDULMEVLAI;1;18.3.1953;1;0
ARIFEHAN;1;2.6.1945;0;1
NEVRUZCAN;1;27.5.1974;0;1
M.NURULLAH;4;11.1.1960;4;0
ZUMMEYRA;1;15.4.1983;0;1
ZATONNUR;1;2.2.1975;0;1
NEHRUZ;1;27.2.1974;0;1
LELES;3;16.12.1971;0;3
HEGER;2;3.3.1979;0;2
RIBAR;1;2.2.1975;0;1
FAITET;1;23.2.1991;0;1
SERRUBARI;1;6.3.1957;0;1
ZIRAVAN;1;28.8.1991;1;0
SEYFDIN;1;2.2.1969;1;0
ALYETE;1;28.5.1980;0;1
RAZGUL;2;30.4.1981;0;2
EBEBAKIR;1;27.2.1974;1;0
IDIRS;1;11.4.1992;1;0
IDYA;1;22.2.1967;0;1
ENISTA;1;22.2.1985;0;1
ABDULBEREKET;1;16.7.1976;1;0
GAYISE;1;1.10.1970;0;1
RAMAZANM;1;27.7.1986;1;0
ITTIFAK;1;16.8.1974;1;0
MELESET;1;27.2.1974;0;1
NESRUMA;1;12.2.1989;0;1
RUNIYA;1;27.2.1992;0;1
BAHAADIN;1;21.11.1965;1;0
CETU;1;2.8.1939;1;0
NIZRET;1;17.4.1984;1;0
DIYAM;1;16.10.1988;1;0
LEYUNE;1;7.2.1958;0;1
SELAHTTIN;1;20.9.1990;1;0
KEYFEDDIN;1;12.2.1965;1;0
HEYFET;1;1.11.1989;0;1
RONIYE;2;16.9.1980;0;2
FEHO;1;2.2.1951;0;1
PELCIM;4;5.5.1988;0;4
BENAZIRE;1;21.12.1990;0;1
SILHETTIN;1;10.11.1990;1;0
YUZBAHAR;1;18.1.1989;0;1
DILHAZ;2;21.3.1974;0;2
SAAR;1;6.11.1978;0;1
MISLIH;4;4.11.1966;4;0
MELEYIM;1;21.7.1981;1;0
KEYFHUSRAN;5;10.10.1976;4;1
DINDARBEY;1;27.4.1956;1;0
RIHBER;1;10.4.1982;1;0
BEYAM;1;12.2.1971;0;1
NAFIATE;1;22.10.1961;0;1
GIYASE;1;27.2.1962;0;1
NECCAHA;1;4.4.1956;0;1
HAKNAS;1;8.1.1988;1;0
HAKZAN;1;21.6.1984;1;0
RUNYA;1;5.4.1992;0;1
HARIZAN;1;22.2.1949;0;1
LIZGIN;2;1.5.1973;2;0
NAMATTULLAH;1;17.2.1966;1;0
EMNO;1;7.2.1952;0;1
TARHO;1;22.2.1943;1;0
SEBATA;1;27.6.1979;0;1
ZIRRAF;1;7.2.1964;0;1
TENSIBE;1;2.9.1975;0;1
ZEREFI;1;7.2.1940;0;1
ESRIM;1;11.8.1986;0;1
BEHRISTAN;1;3.4.1973;0;1
GURGIS;1;10.4.1933;1;0
GALLO;1;27.9.1944;0;1
ENDRAUS;1;6.11.1974;1;0
MAMIYE;5;9.12.1959;0;5
TEDURYA;1;15.8.1985;0;1
CORCO;1;7.8.1977;1;0
MARTO;2;26.7.1970;0;2
BERIWAN;1;17.3.1991;0;1
SEMUNI;1;12.10.1964;0;1
RASAD;2;13.3.1965;2;0
METHIEU;1;7.6.1989;1;0
HANNO;3;25.2.1944;3;0
SIYNI;1;2.8.1927;0;1
ZUREYFA;2;22.11.1959;0;2
NAZAREDDIN;1;27.2.1956;1;0
PAMUKSAN;1;16.3.1992;0;1
KEYFHUSRA;1;11.4.1987;1;0
KARIME;2;30.1.1960;0;2
RASSI;1;22.2.1961;0;1
GELYA;2;13.9.1969;0;2
SAVAFA;1;19.3.1966;0;1
DAYAR;1;23.5.1982;0;1
ASFE;1;27.2.1968;0;1
ETFUNE;1;30.7.1950;0;1
CAMALA;1;6.1.1985;0;1
NAZITA;1;7.2.1974;0;1
DILGIYE;1;13.6.1987;0;1
FAZIA;1;22.2.1967;0;1
FIVZI;1;29.2.1989;1;0
MUNZIRA;1;14.3.1983;0;1
AYLES;1;30.6.1974;0;1
LEHMI;1;1.8.1990;1;0
CENED;1;2.2.1951;0;1
SILEME;1;29.3.1974;0;1
ZECATA;1;22.4.1973;0;1
GULSAVM;1;17.2.1942;0;1
NEZATTA;1;12.2.1965;0;1
NECITA;1;27.2.1950;0;1
SALYAN;1;20.8.1978;0;1
FARSO;1;7.6.1928;0;1
NUJDEM;1;6.3.1991;0;1
HIMYET;1;2.7.1990;0;1
MEYFUZE;1;17.11.1983;0;1
NARINCIK;1;2.2.1987;0;1
HADU;3;1.6.1943;3;0
SILYAHAN;1;7.2.1952;0;1
HAYZEBUN;1;22.11.1973;0;1
FISUNET;1;16.1.1989;0;1
GAYDO;1;12.2.1953;0;1
FAZILO;1;2.2.1939;0;1
HALFIYE;2;7.9.1963;0;2
HUFRIYE;1;22.2.1967;0;1
SIFYETTE;1;2.2.1981;0;1
SEDICE;2;4.8.1958;0;2
ZEYNILABIDDIN;1;24.7.1979;1;0
HUFRI;1;1.1.1;0;1
FEDHAN;4;19.12.1971;4;0
ZUMRATE;3;23.8.1960;0;3
HATIRSAH;1;6.2.1980;0;1
VICTORYA;1;10.12.1991;0;1
MERTO;1;2.8.1975;0;1
DEHHO;1;6.4.1950;1;0
INDEREGOS;1;21.11.1970;1;0
SUKRO;1;2.2.1939;1;0
DENO;1;27.2.1962;1;0
BRENDE;1;4.7.1986;0;1
LEYE;2;19.5.1983;0;2
AKINO;1;25.2.1987;0;1
TENBIHE;1;9.4.1973;0;1
TUZLICAN;1;18.9.1990;0;1
KANIK;1;21.3.1981;1;0
PEYRUSHAN;1;30.8.1991;0;1
BEKSO;1;14.7.1953;0;1
BUNYE;3;17.7.1982;1;2
BENISEADET;1;2.2.1939;0;1
BIZU;1;16.9.1928;0;1
HUCICET;1;17.11.1990;0;1
MERUVET;1;17.12.1966;0;1
DINEVAZ;1;30.7.1978;0;1
CANBIREL;1;20.6.1984;0;1
RUVEYDO;1;18.4.1966;0;1
MUSHAR;1;12.2.1959;1;0
MAZBAH;1;21.9.1986;1;0
NEVISHAN;1;1.6.1962;0;1
MEHDISE;1;27.7.1991;0;1
ERMISAN;2;17.6.1967;0;2
SAVIA;1;7.2.1988;0;1
ZEKRETE;1;27.10.1968;0;1
MELEME;1;27.2.1956;0;1
CARIYET;2;10.3.1982;0;2
ABDULMAHSUN;1;16.5.1973;1;0
AVENAN;1;2.2.1963;1;0
KUREDIYE;1;2.2.1963;0;1
HIBUN;1;23.1.1991;0;1
CELENGI;1;6.11.1987;1;0
RAFKA;1;9.4.1966;0;1
SITTIKO;1;27.5.1944;0;1
LAMAA;1;7.2.1964;0;1
MINTEZ;2;20.5.1966;1;1
BUSAYIR;1;13.9.1988;1;0
GuLCIN;1;8.5.1971;0;1
ESARIF;1;11.7.1968;1;0
GULLIFER;2;18.2.1986;0;2
EMINEGULKIZ;1;16.8.1922;0;1
YERGULU;1;21.9.1973;0;1
SUJAYAT;1;18.8.1971;0;1
GULSIHAN;2;2.8.1977;0;2
AGISMAN;1;1.4.1973;0;1
BOLER;5;21.7.1960;5;0
KENTKUR;1;16.10.1949;1;0
VISLEN;1;6.1.1955;0;1
TURKIDE;1;9.5.1952;0;1
MANOLYAM;1;18.3.1979;0;1
BIRTECIN;1;4.12.1968;0;1
GUZINAY;1;11.5.1968;0;1
HIGAN;1;14.9.1977;0;1
AYFERIYE;1;6.7.1943;0;1
DOMURCAK;1;11.5.1957;1;0
NILGUNE;1;18.4.1953;0;1
KARASLAN;1;28.3.1967;1;0
ERKUTAYSAH;1;24.1.1991;1;0
NAZLY;1;18.11.1953;0;1
NADRISAH;1;2.3.1933;0;1
REBULIYE;1;28.3.1968;0;1
SEMBEM;1;30.4.1983;0;1
NAZENLI;1;26.4.1923;0;1
SERBAH;1;16.1.1986;1;0
SEVBU;2;23.4.1985;0;2
NERIHER;1;26.3.1958;1;0
TURASI;1;18.7.1940;1;0
SATIRIYE;19;17.4.1962;0;19
TATE;3;23.9.1955;0;3
BIRZAR;1;18.9.1966;0;1
BINGOZER;1;12.6.1971;0;1
HUSMUYET;1;26.12.1960;0;1
SORFET;1;4.2.1981;0;1
Z.AYTUL;1;13.8.1976;0;1
SALIYSE;1;26.2.1958;0;1
CAMESER;1;1.1.1961;1;0
IMMINISE;1;10.10.1954;0;1
BINE;1;12.8.1953;1;0
BEYDAGUL;1;16.8.1981;0;1
HURMALI;2;14.2.1956;0;2
FETTEHE;1;12.2.1971;0;1
NURSAMIN;1;10.7.1972;0;1
SAHHATAYI;1;18.2.1966;1;0
ALIORHAN;2;2.12.1977;2;0
PINARSULTAN;1;8.5.1980;0;1
AVSETTIN;1;1.3.1951;1;0
UMMUSENNAZ;1;17.5.1963;0;1
YESILIN;1;27.4.1979;0;1
RUZPAN;1;10.4.1937;0;1
ANUL;1;14.1.1955;0;1
HAMZAERGIN;1;30.7.1969;1;0
SELAIFE;1;29.7.1981;0;1
UMREGUL;1;14.11.1988;0;1
MUGADIS;1;1.5.1932;0;1
ALIRAKIP;1;17.12.1958;1;0
MUFARETTIN;1;6.9.1966;1;0
BINDEGUL;1;14.3.1943;0;1
NESLELAN;1;2.12.1968;0;1
A.SUAT;1;9.2.1955;1;0
MAHIFIRAZ;2;4.3.1945;0;2
HABINAS;1;9.9.1986;0;1
MURDU;6;5.11.1965;0;6
HASANCENGIZ;1;3.7.1971;1;0
SUNIR;1;27.2.1974;1;0
ZIRCE;1;2.2.1963;0;1
HALIZER;1;27.2.1956;0;1
MEMETSEFIK;1;6.4.1963;1;0
SELLIR;1;11.6.1948;0;1
GULGUZER;1;12.10.1968;0;1
ELVIYSE;1;1.11.1959;0;1
HORINI;1;3.3.1963;0;1
BADISEBAG;1;27.2.1962;0;1
TEVRIT;1;9.11.1990;1;0
SAHLIT;1;23.9.1948;0;1
GULAF;1;6.5.1961;0;1
ATTAKAN;1;3.12.1978;1;0
DILEYNA;1;11.9.1986;0;1
DOKCAN;1;16.9.1974;1;0
TESLIMETUL;1;4.4.1990;0;1
TAMU;1;28.3.1960;0;1
IMREHAL;1;8.9.1963;1;0
CELAIN;1;12.1.1941;1;0
ERKOVAN;2;4.11.1951;0;2
KORKMAZCAN;2;7.3.1975;2;0
GULIRAHAN;2;10.3.1952;0;2
ZULBEN;1;7.10.1970;0;1
LUVUDE;1;13.7.1950;0;1
AYDUS;1;17.2.1944;0;1
MUZEHE;1;27.4.1958;0;1
BINNAZGUL;2;25.12.1978;0;2
MERIHGUL;1;18.12.1972;0;1
SUZANNUR;2;1.2.1979;0;2
DOKUZ;1;17.5.1936;0;1
LALESU;1;3.4.1992;0;1
ATASAVUN;1;24.4.1963;1;0
SEMAVATI;1;21.1.1954;1;0
EVZAI;1;22.8.1967;1;0
HETMIYE;1;12.2.1929;0;1
MESU;1;12.2.1935;0;1
BUCIMEN;1;7.5.1990;0;1
MENDUHI;1;12.8.1935;0;1
VEZDIYE;1;26.3.1948;0;1
GULVERSEN;1;27.10.1959;0;1
HAKABIR;32;8.12.1951;0;32
SEMAMGUL;1;12.5.1965;0;1
BIRTENGUL;1;8.9.1973;0;1
HAMIZAYI;1;16.10.1963;1;0
BILSEVIN;1;2.2.1967;0;1
KEMAHAN;1;23.3.1977;0;1
BOGAHAN;1;8.1.1978;1;0
EHFANIYE;2;16.3.1965;0;2
HATEMNUR;1;14.12.1988;0;1
ALTIZIYA;1;11.7.1950;0;1
FERIGUZEL;1;1.1.1974;0;1
RAMIKAN;3;1.6.1960;0;3
DICAN;1;22.3.1991;0;1
BEPYHAN;1;24.6.1977;0;1
FIDELAY;1;9.1.1982;0;1
BERDUK;1;26.7.1976;1;0
OZULAY;1;11.7.1973;0;1
O.GUL;1;29.9.1986;0;1
NACIGUL;1;9.7.1958;0;1
ESMAGONULLU;1;26.3.1963;0;1
OZFUN;1;27.9.1991;0;1
TONGAY;3;27.4.1977;3;0
HARGUL;1;24.2.1967;0;1
NERGIZIYE;1;22.2.1955;0;1
SIRMADAN;6;14.1.1957;0;6
AFITOZ;1;21.4.1938;0;1
SAGEOGLU;1;26.7.1972;1;0
BEZMIDIL;2;27.7.1958;0;2
UBAHAN;1;11.9.1962;0;1
OZDIHAN;2;22.7.1961;0;2
SUGU;1;9.6.1963;0;1
MOKI;2;28.7.1935;0;2
FAHRELSE;1;27.12.1952;0;1
BURGIN;1;25.2.1987;1;0
SENNEHAR;2;27.8.1950;0;2
ZEHPRA;1;22.2.1973;0;1
KIT;1;26.12.1961;1;0
MUJBAN;1;3.3.1967;0;1
OZYAKUP;1;17.2.1966;1;0
SAGNIYE;1;4.6.1963;0;1
CANBAHAR;2;9.6.1980;0;2
OZVEREN;1;9.8.1981;1;0
SAPBER;1;21.10.1952;0;1
OMERLUTFI;3;28.8.1945;3;0
SIHHANIM;4;2.10.1959;0;4
RISKINUR;1;12.1.1965;0;1
AZERSARA;1;21.2.1988;0;1
ALIBERATI;1;2.4.1991;1;0
RUPULI;1;3.1.1951;0;1
FEHIMBEY;1;11.11.1969;1;0
KEMANKIZ;9;20.2.1954;0;9
NECAET;1;21.1.1941;0;1
ABDULIZZET;1;26.8.1958;1;0
LECMET;1;17.4.1969;0;1
H.RAHIM;1;18.3.1964;1;0
ASUNAY;3;9.10.1976;0;3
ACAMAN;1;2.3.1957;0;1
ILTAT;5;8.1.1970;5;0
ABULKADIR;1;26.4.1991;1;0
ISKENT;1;17.4.1980;1;0
NESILIM;1;2.4.1990;0;1
ZANIBE;1;7.2.1958;0;1
ANAYAZI;1;11.5.1956;0;1
BEYZEL;1;11.5.1975;1;0
NUFEYSENAY;1;28.6.1969;0;1
SIBE;7;1.4.1962;0;7
BESUDE;1;6.11.1961;0;1
GULSAKIN;3;10.3.1952;0;3
SELIVAY;1;26.3.1983;0;1
BESAMET;4;18.11.1955;0;4
ATAFATIH;1;1.12.1974;1;0
DUNEY;1;27.4.1953;0;1
OHCE;1;16.12.1952;0;1
HAKILI;1;2.4.1951;0;1
KUZAYME;1;16.3.1952;0;1
ULASIYE;2;10.9.1961;0;2
OZGEDILAN;1;17.3.1991;0;1
BUHITTIN;1;8.7.1962;1;0
SAEIF;1;7.10.1982;1;0
KIZILKAYA;1;12.12.1979;1;0
BETEK;1;3.2.1957;0;1
ETHEMBILGE;1;22.7.1976;1;0
ERVEZ;1;4.10.1944;1;0
OZCEYLAN;1;2.7.1987;0;1
SERVAHTIN;1;27.2.1974;1;0
TERE;1;14.4.1971;0;1
SANZEL;5;29.12.1958;0;5
MIRTAN;2;4.9.1950;0;2
ANDSERDAR;1;11.9.1974;1;0
TAKSINER;1;12.8.1977;1;0
MINEHE;1;22.2.1961;0;1
DEMIRREMZI;1;26.1.1938;1;0
SARASET;1;29.7.1975;0;1
MUKIMI;1;17.2.1966;1;0
DULEK;1;2.2.1957;0;1
ZILBER;1;10.5.1940;1;0
FENBE;2;18.7.1969;0;2
AKTEL;1;22.12.1938;0;1
MINNESEN;1;19.3.1954;0;1
EYLEMSU;1;25.8.1990;0;1
NILGU;1;17.12.1972;0;1
MAFEL;1;2.3.1969;1;0
TAYFAGUL;1;2.3.1975;0;1
FERIZINDA;1;17.2.1972;1;0
ZURZALE;1;18.2.1966;0;1
MAZNUME;3;26.1.1955;0;3
RUKIMAN;1;2.8.1951;0;1
KANDA;2;2.10.1974;0;2
DILJIMIN;1;11.8.1953;0;1
MERANIK;1;9.7.1940;0;1
HERZADE;1;6.11.1954;0;1
ANIH;1;2.6.1963;0;1
BIKEMGUL;2;20.4.1969;0;2
UTKUDENIZ;1;13.7.1989;1;0
GULLUGUL;1;27.7.1969;0;1
MUFIDENUR;1;6.3.1988;0;1
GULHUMAR;2;6.6.1973;0;2
ABDULBESER;1;10.6.1966;1;0
HAZALCAN;3;28.1.1989;1;2
ZINIGUL;1;27.6.1944;0;1
ZEFARIYE;1;24.10.1978;0;1
EVINCAN;1;18.3.1990;0;1
NESGULE;1;16.1.1960;0;1
TURKUAZ;1;19.3.1992;1;0
HURIYEI;1;3.8.1953;0;1
SARSMAZ;1;30.7.1956;1;0
PENBI;7;6.11.1948;0;7
GULSOZAN;1;17.9.1940;0;1
M.MAKTUM;1;16.11.1950;1;0
ZIBABE;1;17.2.1966;0;1
GULHERDAM;1;2.11.1961;0;1
GULSIHAT;3;16.9.1966;0;3
KIZBEY;2;23.11.1946;0;2
SAHSINAM;8;29.1.1955;0;8
ANNISE;1;2.4.1967;0;1
MUSLEDDIN;1;16.5.1950;1;0
FERZINAS;1;24.4.1948;0;1
MENGURE;1;16.7.1955;0;1
SAHINAGA;1;17.3.1966;1;0
GAYIMHAN;1;13.9.1987;1;0
ISPAHA;1;25.4.1961;0;1
SEYDIYUSUF;1;12.2.1971;1;0
NARSEMIN;1;7.5.1982;0;1
HAZETI;1;1.9.1971;0;1
EFKAAN;1;7.8.1979;1;0
GULGOKSIN;1;15.7.1962;0;1
GUJAN;1;17.8.1985;0;1
SALURHAN;1;3.5.1987;1;0
CAGALP;1;15.6.1986;1;0
TUDA;2;19.5.1961;0;2
NACIYEI;1;11.1.1927;0;1
URBIYA;1;7.2.1946;0;1
TANDAN;1;9.8.1963;0;1
GURNIHAL;1;18.6.1970;1;0
UNSIYER;2;13.11.1938;0;2
VUSKA;1;27.7.1935;0;1
SENTURE;4;10.8.1946;0;4
GULGI;1;19.3.1948;0;1
NEBAHATJALE;1;27.12.1929;0;1
BILUNNUR;1;11.9.1986;0;1
MERSANE;6;6.4.1959;0;6
NIDAMET;2;1.3.1973;1;1
ORCUNSEL;1;13.8.1984;1;0
GUZEMIN;2;1.5.1961;0;2
MEYTUL;1;18.5.1985;0;1
YENIMILLET;1;28.6.1974;0;1
HASYET;2;5.11.1964;0;2
ARAPSIH;5;12.3.1958;5;0
SAYATTIN;2;14.5.1959;2;0
MIRILA;1;25.6.1959;0;1
CAFIVE;1;17.5.1978;0;1
MUSBURE;1;16.2.1950;0;1
MUBESIRE;3;9.11.1965;0;3
HUSNUYAR;1;27.2.1977;0;1
ERVIT;1;8.12.1977;1;0
ZULUFTER;2;29.3.1969;0;2
SAHGARIP;1;7.4.1975;1;0
SAFANE;1;22.1.1961;0;1
SEFERIHAN;2;17.7.1974;0;2
SUUDAR;1;10.1.1982;1;0
MECBUHA;1;4.4.1975;0;1
NIYAZET;1;25.5.1945;0;1
ECIVETTIN;1;22.2.1955;1;0
ARFETTIN;2;9.3.1966;2;0
MAHSETTIN;1;8.6.1967;1;0
MEHESER;2;13.12.1962;0;2
SUDEL;2;14.7.1961;0;2
VAZVIYE;2;24.11.1959;0;2
FEMRIYE;1;27.4.1950;0;1
MAHRIA;1;19.5.1954;0;1
CAMESEN;1;1.7.1962;1;0
SUKRIYEHAN;1;15.1.1962;0;1
VEDAGUN;1;3.11.1972;1;0
BULVER;1;12.2.1941;0;1
SAILET;2;19.7.1967;0;2
YASERYE;2;17.12.1946;0;2
CUMASINE;1;20.8.1969;0;1
SUZEHAN;1;27.11.1950;0;1
OMERLETTIN;1;8.5.1959;1;0
ILVADIYE;1;14.11.1960;0;1
MUSTAFAM;1;12.5.1976;1;0
HUDAVIM;1;2.2.1957;1;0
ASSIYYE;1;30.3.1978;0;1
TECVITTIN;1;16.1.1962;1;0
TENZIBAT;1;1.4.1941;0;1
HEINZ;1;1.1.1979;1;0
IDILTUNA;1;11.4.1972;1;0
GUSEVIN;1;5.5.1989;0;1
GULHES;1;16.5.1975;0;1
FEKAHAT;1;16.9.1946;0;1
FERUZAHAN;1;1.3.1983;0;1
BAGHAN;3;3.12.1984;3;0
ADUFIYE;1;13.7.1938;0;1
REFEDAR;1;30.2.1990;0;1
ZAMANIYE;2;9.10.1954;0;2
MEVHIYE;3;1.11.1957;0;3
ZULFEDAR;1;17.5.1937;0;1
SIBIHAN;1;13.4.1977;0;1
ONAVER;1;30.1.1943;0;1
MESDIYE;3;28.3.1958;0;3
FIRIYET;2;4.10.1983;0;2
NECEYHA;1;17.8.1956;0;1
LILLAR;1;29.2.1965;1;0
SAFVETIYE;1;26.8.1943;0;1
NIHADER;1;21.11.1953;0;1
LILEFER;7;30.5.1963;0;7
CEFANIYE;1;27.7.1956;0;1
SERVERIYE;2;19.3.1943;0;2
UMGUSUN;3;1.3.1964;0;3
ZULFURUZE;1;18.12.1973;0;1
GULBIDER;3;27.8.1963;0;3
RUFIZAN;1;6.7.1956;0;1
GULDIGER;4;13.9.1978;0;4
MULDEN;1;21.12.1968;0;1
MAYNAR;1;1.10.1974;0;1
HUDAIS;1;15.1.1958;0;1
UMMULCAN;1;15.3.1968;0;1
MIKAYIN;1;13.10.1971;1;0
FARZIME;3;25.10.1953;0;3
SEVKIYAR;1;22.2.1943;0;1
NEHREMAN;1;2.5.1939;0;1
KAHRAN;1;24.4.1979;1;0
HAYETTI;1;23.5.1971;1;0
OZANKAN;1;20.2.1990;1;0
RIZIYE;1;29.11.1955;0;1
NECIMEDDIN;1;16.12.1968;1;0
SEBAHUN;1;9.3.1950;1;0
MENNORE;1;8.3.1965;0;1
ZINNAT;1;18.4.1964;0;1
NASEF;1;16.6.1947;1;0
SAHTI;2;6.8.1966;1;1
SATIANA;1;15.5.1938;0;1
MILLADIN;1;1.2.1967;1;0
MAHIYAR;1;27.9.1981;1;0
SAMSIDE;1;3.3.1965;0;1
RUSADE;1;17.4.1940;0;1
SAHARBAN;1;13.6.1944;0;1
SARVER;1;13.8.1950;0;1
MUZERRAH;1;11.10.1945;0;1
SENGUNES;1;11.4.1978;0;1
LUDFI;1;20.6.1969;1;0
ELIFAKGUL;1;9.12.1936;0;1
BINI;1;2.8.1921;0;1
BEGUH;1;30.12.1979;0;1
ZEKETTIN;1;12.12.1954;1;0
RUDDEBE;1;14.9.1973;0;1
ILHIYA;1;21.8.1956;0;1
OLCAYGUL;1;5.1.1971;0;1
CELALADIN;1;28.4.1974;1;0
REHVIN;1;28.5.1964;0;1
HUREYMA;1;24.7.1962;0;1
MUFAHHAM;1;10.6.1940;1;0
KAINER;1;2.10.1967;0;1
UFEYLA;1;17.5.1991;0;1
H.SUKRU;4;24.1.1940;4;0
NEZFILET;1;23.12.1930;0;1
MUTERZIM;1;21.6.1988;0;1
FATMEN;1;21.4.1944;0;1
ZEYNINUR;1;4.3.1973;0;1
UMSER;1;20.8.1961;0;1
TOLPAR;1;11.11.1969;1;0
BERANCAN;1;20.8.1984;1;0
VERASIYE;1;21.2.1964;0;1
MERIDIYE;2;11.9.1962;0;2
YASAMI;1;14.3.1972;1;0
SECBIN;1;28.6.1980;1;0
SABREDIN;1;26.5.1967;1;0
FUMA;1;22.11.1979;0;1
GUNNUKAR;1;3.4.1955;0;1
BAYKAY;1;4.3.1961;1;0
MEVZADIYE;1;26.10.1954;0;1
RAIZER;2;26.5.1952;0;2
SARDINAZ;1;18.1.1938;0;1
SAHRATTIN;1;14.8.1975;1;0
LEDIYAR;1;17.8.1930;1;0
KAMAGUL;1;11.9.1968;0;1
APTIS;2;21.3.1954;2;0
NAZIKBAL;1;8.11.1936;0;1
ELTURUL;1;25.2.1960;1;0
BAYRAMIYYE;1;1.2.1968;0;1
PAZEYET;1;7.3.1948;1;0
UMLA;1;18.8.1960;0;1
HALIYDE;1;26.5.1966;0;1
CENGAFER;1;11.2.1976;1;0
VAHIDEI;1;12.2.1935;0;1
MUHARRE;1;7.8.1934;0;1
YETARIYE;2;23.1.1955;0;2
ARIFEKADIN;3;23.2.1946;0;3
SACIVER;1;17.7.1967;0;1
IMZIHA;1;3.3.1951;0;1
FAHZINAZ;1;13.8.1970;0;1
REFAZET;1;17.5.1960;0;1
MESTIYE;2;18.5.1953;0;2
SETFAN;1;24.11.1985;1;0
KITAH;1;7.8.1928;0;1
RUBUYE;1;30.1.1962;0;1
FAREHTIN;1;4.11.1972;1;0
SEVVIYE;2;18.5.1949;0;2
MUKSEHER;1;22.2.1955;0;1
FIRDESTE;2;16.1.1951;0;2
SUYABER;1;1.5.1944;0;1
YESAYETTIN;1;25.10.1934;1;0
ZELABIYE;1;27.8.1926;0;1
NOTIYE;1;27.2.1950;0;1
TUFARIYE;2;13.8.1946;0;2
NAKITTIN;1;7.2.1992;1;0
NAZCI;1;9.6.1970;0;1
FEYLER;1;25.8.1973;1;0
SELVIREN;1;10.12.1970;0;1
MIHCEN;1;6.10.1983;0;1
YETERYE;3;16.2.1966;0;3
SEVLEY;1;12.6.1971;0;1
NEVALIYE;1;3.5.1949;0;1
OZUNE;1;28.7.1989;0;1
FAHAMMET;1;15.10.1954;0;1
HESME;2;23.9.1962;0;2
RIYANET;1;8.3.1976;0;1
SEVDIVER;1;26.8.1948;0;1
MUSELIN;1;12.2.1989;1;0
RESAH;2;29.6.1951;1;1
TEFERUK;1;11.7.1955;0;1
NEYIS;1;10.1.1957;1;0
ILKMINAZ;1;21.10.1978;0;1
RATISE;1;8.6.1936;0;1
ELIFKAN;1;22.6.1937;0;1
TIFANIK;1;22.10.1946;0;1
SEVCIVER;1;7.11.1958;0;1
NIZAHA;1;16.2.1953;0;1
ELFURIYE;1;17.12.1954;0;1
BERNACAN;1;23.7.1979;0;1
NIYAETTIN;1;1.8.1944;1;0
MUHALLEZ;1;21.12.1938;0;1
CEFERI;1;2.5.1967;1;0
MIYASAR;1;13.11.1953;0;1
HINIYE;1;1.1.1;0;1
FESURI;1;16.4.1931;0;1
SARUL;1;27.2.1938;0;1
FERDOGAN;1;1.1.1;1;0
HARFETTIN;1;22.10.1961;1;0
ADIBER;2;24.3.1965;0;2
CEMCIRAG;10;14.5.1967;0;10
HAMIYED;1;22.3.1971;0;1
LEVIKE;4;8.6.1953;0;4
FECAATTIN;1;18.6.1971;1;0
MUKTEDIRBILLAH;1;2.7.1955;1;0
RABIATULADEVI;1;21.4.1980;0;1
IRAVAN;1;17.1.1936;0;1
BEKIRGUL;1;26.6.1970;1;0
ZIBIYE;4;14.7.1960;0;4
ALIATDIN;4;22.10.1968;4;0
GONVANE;1;27.2.1962;0;1
MUYEHSER;3;6.3.1954;0;3
ZULFIKER;1;1.10.1988;1;0
MURSUYE;1;26.12.1957;0;1
SUATTIN;3;19.3.1965;3;0
SUYJEN;1;19.5.1955;0;1
HIDADIYE;1;24.6.1940;0;1
TEFALIYE;1;25.9.1955;0;1
SENNIZAR;1;1.11.1955;0;1
GULKUNAR;1;16.6.1950;0;1
NUBUHAT;1;18.9.1943;0;1
GULNUKET;1;5.2.1972;0;1
CELIKAY;1;10.3.1991;1;0
BEYTIHE;1;17.10.1975;0;1
FARRUNNISA;1;9.11.1952;0;1
ROZMARI;1;17.10.1944;0;1
MUMTEHER;2;22.6.1955;0;2
HAMSIHANIM;1;7.2.1970;0;1
EBUCANER;1;9.1.1988;1;0
KUPILAY;1;4.7.1965;1;0
R.FATIH;1;2.3.1963;1;0
NEVILAL;1;4.12.1945;0;1
GULVUS;1;3.2.1968;0;1
DENIN;1;8.11.1972;0;1
FIKRES;2;13.10.1959;0;2
DUZSELAY;1;23.3.1966;0;1
BELKISSULTAN;1;28.4.1981;0;1
SAGIN;1;19.6.1970;1;0
SOVBE;1;17.5.1932;0;1
BAKISELIM;1;9.7.1975;1;0
REBIZ;1;13.4.1971;0;1
MUFEDDAL;1;26.7.1930;0;1
SENVAL;1;22.8.1965;0;1
GUNNURI;2;10.9.1954;1;1
PERTIKAL;1;24.5.1943;0;1
SUSADIYE;1;26.11.1970;0;1
GULFEYRI;1;22.12.1961;0;1
ERKURAN;1;7.11.1946;1;0
CAGIR;3;28.7.1966;2;1
AHIRIGUL;1;10.7.1963;0;1
MUBIME;1;11.2.1975;0;1
TEBINA;1;16.12.1965;0;1
BILSEGUL;1;22.2.1949;0;1
OYGUR;1;5.2.1938;1;0
SELMENAZ;1;2.2.1951;0;1
TENKIBAR;9;13.2.1956;0;9
DURAKMAN;1;12.5.1954;1;0
MINURCAN;1;1.8.1953;0;1
HASEMIN;1;25.12.1969;0;1
MIGER;1;11.3.1973;0;1
VETNAN;1;2.4.1981;1;0
MEHLIA;1;16.3.1964;0;1
CERMINUR;1;2.2.1981;0;1
BEKE;1;10.4.1936;1;0
ZULGAHIR;1;21.10.1977;1;0
SEYIMEN;2;28.10.1971;0;2
ESFENDIR;1;26.10.1964;1;0
SEVLAYE;1;7.10.1958;0;1
GULZELIS;1;30.12.1977;0;1
YESILCIMEN;1;21.12.1974;0;1
REBISAN;1;1.5.1973;0;1
IRIYET;1;7.8.1952;0;1
RUVEYSE;1;1.8.1962;0;1
TENDUH;1;30.4.1968;0;1
NUSRATDIN;1;13.7.1934;1;0
ATIKEPASA;1;1.7.1982;0;1
SAHISKENDER;1;8.12.1973;1;0
MUZAGO;1;10.6.1977;0;1
NAHARBEY;1;29.6.1971;1;0
ALEMSA;1;7.9.1952;0;1
RECEAT;1;21.9.1959;0;1
DURNAZIYE;1;8.4.1964;0;1
MUKAFFAT;3;11.6.1962;0;3
ERCENG;1;12.8.1988;1;0
ISBATIYE;1;12.1.1965;0;1
UKSER;2;18.7.1956;0;2
SARAHI;1;20.9.1942;0;1
MESUDENUR;1;5.5.1963;0;1
ABZEDDIN;1;1.3.1961;1;0
ABDULAKIM;1;18.8.1954;1;0
NESMUR;1;1.1.1956;0;1
BUBBAR;1;10.11.1930;0;1
DIYENUR;1;11.7.1946;0;1
TUMBA;1;10.4.1983;1;0
PERBIN;2;17.12.1963;0;2
CENGUN;1;6.5.1974;1;0
HALLUKA;1;24.9.1976;0;1
ABDUMETIN;1;27.2.1938;1;0
MUJGEC;1;3.12.1962;0;1
SERIFBEY;2;20.10.1951;2;0
IHTARIYE;1;17.7.1966;0;1
MUSELAM;1;17.3.1966;0;1
GUDANE;1;22.3.1967;0;1
ESKERIYA;1;22.2.1965;1;0
SIYATI;1;1.6.1967;1;0
MUSAHFER;1;9.10.1961;1;0
VEZDI;1;20.4.1948;1;0
ADZIE;1;5.11.1947;0;1
TURKGUL;2;27.1.1949;1;1
FAHRETTINCEM;1;13.12.1962;1;0
ALTINTAC;2;20.2.1950;0;2
ABIFER;1;8.3.1964;0;1
KADRISAH;1;12.8.1947;0;1
NUYIDE;1;1.3.1968;0;1
ZEYRETTIN;2;25.1.1958;2;0
HONAN;1;22.4.1937;1;0
GULBUYAZ;1;19.11.1965;0;1
ETEMAGA;2;9.10.1967;2;0
KAYANIM;1;3.6.1959;0;1
NESYAN;2;14.2.1970;0;2
SEVVA;2;16.3.1953;0;2
HEYRET;2;23.9.1959;0;2
SAAMETTIN;4;3.3.1960;4;0
TSIKLAURI;1;18.8.1966;0;1
MAVINAZ;1;22.2.1955;0;1
AGAMIRZE;1;6.2.1956;1;0
GULMINOR;1;1.3.1963;0;1
ERBUK;1;21.6.1974;1;0
NURISAIT;1;29.3.1965;1;0
HAMASE;2;2.6.1949;0;2
UMMIHEBIBE;1;28.5.1984;0;1
DAVUTOGLU;1;21.11.1963;1;0
NURUSTAN;1;17.6.1965;0;1
RUYISER;1;26.5.1949;0;1
AFERIM;1;1.5.1961;1;0
LULZUM;1;12.8.1953;1;0
MUZEEKKER;1;17.8.1942;1;0
FALIYA;1;25.10.1973;0;1
BARIRE;1;14.4.1991;0;1
ZARIPE;1;19.8.1975;0;1
VICDEN;1;23.5.1946;0;1
SEBRAHIM;1;27.1.1956;1;0
MURNESIL;1;21.8.1958;1;0
ERYUREK;1;12.2.1978;1;0
AYSEVI;2;15.9.1978;0;2
FAVGIYE;1;15.3.1964;0;1
SENINEZ;1;11.4.1966;0;1
SEVUN;1;12.2.1965;0;1
HARANSE;1;4.11.1942;0;1
ELIFSEN;2;18.4.1946;0;2
NEVKA;4;29.6.1948;0;4
SALTUKCELIL;1;4.9.1991;1;0
FENZADIYE;1;6.12.1974;0;1
SERUYE;1;24.4.1965;0;1
UNEYBE;1;26.2.1977;0;1
BILLURYA;1;27.2.1980;0;1
LAZGIEVA;1;26.12.1958;0;1
NAKIPE;1;1.6.1961;0;1
SUHUDIYE;3;3.7.1946;0;3
ZEVAIT;1;2.6.1944;0;1
ZAADIN;2;29.10.1970;2;0
BEZINTER;1;26.3.1963;0;1
YEHIYA;1;30.10.1971;1;0
IFA;5;11.10.1959;1;4
GULHISTE;1;8.12.1944;0;1
SEHLEZ;1;17.2.1954;1;0
MEYDANBEY;1;10.5.1954;1;0
ILMAR;1;3.3.1989;1;0
MUHUMBET;1;3.8.1941;0;1
SIYNEJAN;1;29.8.1981;0;1
YEMENHANIM;1;26.6.1963;0;1
SIVGET;2;25.1.1962;2;0
ONNEDIK;1;1.2.1973;1;0
ZEMMIGUL;4;22.1.1955;0;4
NECEZIYE;1;28.4.1970;0;1
MACRIYE;1;22.5.1931;0;1
MUNADDIYE;1;11.7.1976;0;1
SEHERISTAN;1;22.2.1967;0;1
NECDADIYE;1;26.6.1954;0;1
GULCHECHEK;1;10.2.1959;0;1
MIZALI;1;12.4.1951;1;0
CIHAMETTIN;1;3.2.1976;1;0
KOKDAL;2;17.8.1964;2;0
TABAREKE;1;7.4.1964;0;1
YASAMEDDIN;1;21.9.1984;1;0
AHUSEDEN;1;4.3.1977;0;1
NEZENGUN;1;15.6.1964;0;1
PETYE;1;9.11.1952;0;1
HURYEDDIN;2;7.2.1954;2;0
HAMIFE;1;27.10.1970;0;1
ISMAILTUNCAY;1;17.3.1977;1;0
TAGIP;2;9.2.1963;2;0
FURUR;1;17.8.1918;0;1
NIGAMET;1;26.7.1983;0;1
NURDENGUL;1;23.9.1947;0;1
VEKAN;1;22.4.1961;0;1
GULCEMA;1;15.12.1969;0;1
SULAME;1;7.10.1976;0;1
DILNAR;1;23.5.1977;0;1
SADRETE;1;27.8.1920;0;1
AYHATIN;6;10.1.1969;0;6
GUZELBEY;1;3.9.1956;1;0
ALMASYA;1;12.6.1953;0;1
SERATHAN;1;7.2.1946;0;1
GOGORCIN;1;25.12.1964;0;1
VETENUR;1;12.2.1965;0;1
CEVHE;1;12.8.1923;0;1
MUNEZZEN;1;26.3.1962;0;1
MAHIYEB;1;26.7.1954;0;1
ISFET;2;7.6.1944;0;2
GURFET;1;8.5.1964;0;1
GERGAS;1;17.9.1954;0;1
PAYKEN;1;14.10.1963;0;1
MUNASIBIYE;1;1.11.1980;0;1
SAADEETTIN;1;29.10.1964;1;0
EGULTEN;1;4.2.1957;0;1
MUSEYFE;1;27.4.1920;0;1
KAATIBE;1;16.1.1960;0;1
FERIZEDE;1;2.8.1951;0;1
REYTAN;1;30.10.1965;0;1
EYUBCAN;1;27.6.1991;1;0
ULYAH;2;4.5.1976;0;2
ECNA;1;6.6.1980;0;1
SEFHANE;1;11.2.1955;0;1
MIHETTET;1;25.5.1951;0;1
BIGBEY;1;2.6.1981;1;0
ASARKAYA;1;17.6.1978;1;0
ZULHUKER;1;14.2.1955;1;0
NEHLAN;2;19.3.1960;0;2
IYTIBAR;1;7.8.1928;0;1
NCZAN;1;8.4.1976;0;1
KADUSAH;1;7.8.1940;0;1
BOYUK;1;4.9.1941;0;1
IZMI;1;7.8.1952;1;0
EBASER;1;17.8.1933;1;0
NEXHMIYE;1;26.10.1961;0;1
ILKANUR;1;2.2.1963;0;1
HUMIZE;1;22.8.1931;0;1
GULCAHRE;1;2.2.1963;0;1
NURTAT;1;16.4.1974;0;1
BERGIYA;1;7.2.1976;1;0
HILMETTIN;1;28.9.1953;1;0
SETUT;1;17.8.1936;0;1
NERDIGAN;1;30.7.1980;0;1
ESFENDIYER;2;7.4.1957;2;0
LEILE;1;28.9.1968;0;1
NUHMER;1;1.7.1941;1;0
FAKIYA;1;23.10.1963;0;1
SAHMUNUR;1;27.12.1962;0;1
EDLIHAN;1;17.2.1960;0;1
MUVEHHER;1;18.9.1977;0;1
REHAYETTIN;1;11.1.1963;1;0
MUZEMEDDIN;1;11.4.1945;1;0
SEYHUDE;1;1.4.1931;0;1
ELEZA;1;16.2.1977;1;0
UMYE;1;29.8.1961;0;1
SUREI;1;10.3.1946;0;1
RUHSERI;1;2.3.1954;0;1
ZILFIRA;2;18.10.1977;0;2
FARMUZ;1;20.5.1944;0;1
MENURIYE;1;6.12.1950;0;1
YERIGAN;1;1.1.1956;0;1
GULCEHAL;2;24.12.1962;0;2
SENEDDIN;1;30.3.1966;1;0
SEMEZAT;1;24.3.1946;0;1
M.SAYGIN;1;30.5.1981;1;0
ELKAY;1;19.6.1974;1;0
HADVIYE;1;2.8.1953;0;1
MEMETMASUK;1;12.6.1947;1;0
MUMUNIYE;1;27.1.1968;0;1
KARAMAT;1;15.6.1960;0;1
LATIPSAH;1;23.8.1955;1;0
MAGIAT;1;16.7.1958;0;1
ALTUF;1;24.1.1949;1;0
GIRNAZ;1;11.6.1944;0;1
SEVTIM;1;7.8.1976;1;0
VELEATTIN;1;28.10.1968;1;0
KUMURYA;2;2.4.1964;0;2
TUHTA;1;16.9.1956;0;1
FERHATALI;1;17.10.1949;1;0
APTILAHAT;1;14.10.1966;1;0
ZAHTIE;1;10.11.1960;0;1
RESUN;2;20.1.1984;2;0
BASYE;1;3.3.1962;0;1
FEVRU;2;22.10.1960;2;0
GULSAMDAN;1;21.5.1952;0;1
MUBUBET;1;27.2.1956;0;1
FEZIE;1;3.5.1975;0;1
ABDUMENAV;1;7.2.1976;1;0
NURLUFER;1;7.4.1964;0;1
MERFUBE;1;12.11.1975;0;1
OMERAN;1;15.5.1936;1;0
NIMAR;1;1.11.1985;1;0
TUNGUC;1;29.9.1991;1;0
SUACETTIN;1;7.3.1976;1;0
KANTURYA;1;2.3.1951;0;1
MADDIN;1;23.12.1977;1;0
MUSHEL;1;12.11.1987;0;1
AZEMETULLAH;1;1.7.1991;1;0
HIREM;2;12.6.1982;0;2
SENETULLAH;1;6.5.1974;1;0
SAFETTULLAH;1;2.2.1975;1;0
NURIAZIM;1;16.7.1952;1;0
ILMINOR;2;4.4.1964;0;2
HIKIHAT;1;13.4.1965;0;1
ZULMAKAN;1;19.6.1964;1;0
MUBAYYA;1;26.3.1944;0;1
YURDISEY;1;16.2.1961;0;1
ARTURUR;1;27.8.1956;1;0
EMULHAN;1;15.4.1972;0;1
VEZATIYE;3;1.4.1976;0;3
TEYFUL;1;26.1.1976;1;0
DUMEYRAN;1;29.3.1968;0;1
REVZAR;1;16.1.1968;0;1
MEISEL;1;25.9.1961;0;1
FEHMIL;1;12.3.1959;1;0
BAHLI;1;1.1.1968;0;1
BEKSULTAN;1;12.8.1980;1;0
ABIDCAN;1;11.12.1964;1;0
BALADIN;1;11.9.1948;1;0
MUNEMER;1;27.3.1950;0;1
SINCEN;1;28.7.1990;1;0
AKBILE;1;14.5.1987;0;1
MESIFE;2;2.4.1959;0;2
HOVEYLETA;1;17.2.1960;0;1
ATEKIN;1;19.2.1972;1;0
MEHMETETHEM;1;12.2.1972;1;0
PANTUP;1;17.2.1966;0;1
NEVFERI;1;26.6.1987;1;0
CEMELEDDIN;1;21.6.1965;1;0
FERIMENAZ;1;25.11.1977;0;1
VAGIP;1;17.5.1988;1;0
HEZMI;2;30.11.1945;1;1
NIADE;1;23.2.1946;0;1
NURTAM;1;22.2.1967;0;1
NURDINAZ;1;28.1.1943;0;1
RAHINEZ;1;6.12.1966;0;1
GULENAS;1;6.2.1966;0;1
VARDINAZ;1;26.2.1954;0;1
MUKADDTER;1;27.2.1992;0;1
HUSGEL;1;26.4.1975;1;0
HESNI;1;17.2.1954;0;1
DERSIVE;1;7.9.1976;0;1
MIRIYET;1;5.4.1970;0;1
GULMIZAN;2;3.3.1970;0;2
MIHRINER;1;20.12.1965;0;1
ILFATIN;1;27.3.1956;1;0
ELFATIN;1;26.12.1972;1;0
KADIRRAHIM;1;6.10.1978;1;0
BURANETDIN;1;28.5.1968;1;0
IRFANTIN;1;2.3.1957;1;0
KIYAR;1;25.6.1961;1;0
GUMBALI;1;11.11.1964;0;1
MUZUDE;3;12.1.1959;0;3
ABTIRAMAN;1;18.11.1974;1;0
MEZUSAN;1;11.8.1933;0;1
GULAYAT;2;12.12.1966;0;2
IMALEDIN;1;9.1.1956;1;0
KEZBAHAN;1;26.8.1958;0;1
GULPEKAR;1;7.8.1934;0;1
ABDIKASIM;1;8.6.1944;1;0
ASKARIP;1;23.5.1987;1;0
NERGULER;1;24.1.1972;0;1
MUDCAYTIN;1;22.6.1964;1;0
CEHVETTIN;1;22.8.1925;1;0
DURAIL;2;10.4.1988;2;0
SEVERIN;1;26.10.1989;0;1
MUHTES;2;13.9.1968;2;0
BAYLIFER;1;1.2.1952;0;1
MELSIN;1;7.7.1974;0;1
ATABORA;1;30.7.1974;1;0
MUSSINEM;1;15.2.1974;0;1
RAKIR;1;17.4.1978;1;0
MESERREF;1;26.11.1946;0;1
ALPGIRAYHAN;1;9.6.1986;1;0
ULKERI;1;16.3.1951;0;1
YAKIB;1;6.6.1950;1;0
EKRIMA;1;2.6.1987;0;1
METAIN;1;28.12.1950;1;0
MIYAZIN;1;11.6.1928;0;1
PURHANETTIN;1;2.2.1957;1;0
ABDULVAHHITTIN;1;17.8.1924;1;0
ALAVET;1;9.10.1944;0;1
HEYSEME;1;7.12.1970;1;0
ERAZIYE;1;11.8.1937;0;1
LEBUBE;2;24.8.1957;0;2
EZNIFER;1;17.5.1963;0;1
ZOMRETE;1;27.8.1986;0;1
BAVVER;2;6.12.1990;2;0
NURIBIN;1;20.5.1946;0;1
NUMANIBISABIT;1;11.8.1969;1;0
MINEYDIN;1;19.6.1971;1;0
KURTAVAF;1;2.8.1933;1;0
FALISER;1;1.2.1955;0;1
NADILYE;1;21.9.1968;0;1
MUSSAMETTIN;1;14.2.1960;1;0
TENSUF;1;14.3.1992;0;1
MUCEBBA;1;23.2.1962;0;1
MEHSINAZ;1;22.2.1961;0;1
GULSEYYAN;1;16.9.1963;0;1
RAHNIYE;1;10.4.1961;0;1
SEMSUBANE;1;17.5.1945;0;1
TURKINAY;1;9.8.1958;0;1
HAVERZER;1;21.2.1939;0;1
MERTLER;1;24.6.1959;1;0
KAZIMAYHAN;1;21.2.1992;1;0
KUNIGUNDE;1;16.3.1932;0;1
FERTEN;1;18.7.1961;1;0
SELFUNAZ;1;1.8.1956;0;1
UMMUGUR;1;2.6.1975;0;1
GILMA;1;26.6.1965;0;1
EMSIYAH;1;13.3.1967;0;1
MUKERREMI;2;11.5.1949;2;0
NEDRAT;1;26.4.1958;1;0
KESKINAZ;1;19.12.1964;0;1
ZULKIBAR;5;14.1.1957;1;4
ZARICE;1;13.3.1927;0;1
ESRARIYE;3;20.11.1941;0;3
MUBUYE;2;12.3.1969;0;2
MURTEYEM;1;22.2.1979;0;1
RESEA;1;26.8.1976;0;1
GULFEYIZ;1;19.4.1932;0;1
ILKEMIR;1;16.8.1976;0;1
FIRISTE;2;19.1.1925;0;2
MEHENYER;1;26.2.1942;0;1
SELLAFE;1;5.2.1954;0;1
RILE;1;18.5.1933;0;1
LILDAN;2;10.10.1978;0;2
ZERRUNE;1;29.7.1968;0;1
UMURYE;2;25.8.1949;0;2
DILABENT;1;4.3.1975;1;0
MEHMETHUDA;1;11.3.1957;1;0
NESRINPERI;1;22.2.1955;0;1
MENBUR;1;2.2.1957;0;1
MEMETSENA;2;2.4.1960;2;0
RADIRE;1;22.8.1925;0;1
KEFAIDDIN;2;19.1.1953;2;0
UVEYDIN;1;30.8.1952;1;0
EMMIZADE;1;17.8.1942;0;1
LEZIS;1;2.5.1972;0;1
JABBAR;1;22.8.1955;1;0
MUFRIBE;1;18.8.1967;0;1
DURAYET;5;7.10.1954;0;5
MUCAYIF;1;24.3.1956;1;0
TAHRIBE;1;22.6.1955;0;1
SEMRIK;1;5.10.1968;0;1
YUHANAZ;1;2.6.1987;0;1
AYVAZALI;1;17.6.1936;1;0
FASVIYE;2;5.4.1955;0;2
KENTURIYE;1;22.4.1941;0;1
FAZAIR;1;16.6.1951;1;0
HACIHAFIZ;1;30.3.1934;1;0
MIHLIYE;1;1.10.1977;0;1
NERBIN;1;23.7.1952;0;1
RUISER;1;2.2.1945;0;1
GOZHAN;2;9.1.1963;2;0
MESACIT;1;23.11.1961;1;0
LACIM;1;25.11.1972;1;0
GELAMETTIN;1;22.2.1967;1;0
REYIBE;1;6.11.1960;0;1
SAHPAN;1;16.5.1935;0;1
HAFRUZE;1;25.5.1938;0;1
SUTYEN;2;2.10.1970;0;2
MULKIBAS;1;17.2.1954;0;1
BAKIRI;1;18.7.1960;1;0
HUNUYE;1;7.3.1973;0;1
DIME;2;13.10.1936;0;2
MURRABETTIN;1;26.12.1946;1;0
KEFAYEDDIN;1;1.2.1960;1;0
GULZEKI;1;19.2.1957;1;0
SEBALNIYE;1;7.11.1958;0;1
ZIYNIHAN;1;7.10.1952;0;1
SETDALET;1;8.1.1937;1;0
NAHDIR;1;6.7.1962;1;0
HAVNIYE;1;25.3.1946;0;1
UZKALEM;1;27.8.1968;0;1
OZKALEM;1;27.8.1968;0;1
HESREF;2;10.8.1955;2;0
MUMMER;2;9.9.1954;1;1
FANISER;1;20.1.1942;0;1
NERYAS;1;17.3.1954;0;1
MAGAN;1;6.1.1963;0;1
NURIYYA;3;28.4.1975;0;3
SEFDIYE;1;29.2.1960;0;1
SEYVULLA;1;27.8.1962;1;0
BERIME;3;3.12.1941;0;3
MUCEVVEL;1;4.7.1961;0;1
MUHLITTIN;3;5.8.1952;3;0
ZINNOS;1;17.12.1943;0;1
RUKIYI;1;24.2.1973;0;1
OZEYME;1;1.11.1941;0;1
MEYYER;1;16.11.1943;0;1
BENANIYE;1;27.8.1926;0;1
ASDIR;1;16.10.1959;1;0
SALDAN;1;26.5.1964;1;0
ZULKUBAR;1;12.2.1959;0;1
ZIYINNUR;1;11.4.1961;1;0
BAKSIT;1;21.5.1963;1;0
HULISSER;1;23.8.1933;0;1
SEHIZA;1;12.4.1959;0;1
TAYIE;1;1.1.1961;0;1
NEZARE;1;16.11.1969;0;1
NARIYEN;3;15.8.1958;2;1
ALPPARS;1;22.2.1979;1;0
SANY;1;15.4.1976;0;1
NURISEMA;1;28.3.1931;0;1
SICRIYE;1;29.6.1961;0;1
SEBAGAT;3;28.6.1958;0;3
MUCEHET;2;7.5.1970;2;0
TAKDIRIYE;2;1.11.1968;0;2
ADAMANTIA;1;14.2.1955;0;1
PENGUL;1;18.4.1944;0;1
RESPINAZ;1;18.1.1924;0;1
MUTAIR;1;7.3.1976;0;1
ANINE;1;17.5.1966;0;1
HAYRUNSER;1;22.11.1955;0;1
ERSAMAN;1;5.12.1967;1;0
TANRIYAR;1;9.10.1959;1;0
ALIKAAN;1;5.1.1991;1;0
EHLIBAR;4;4.10.1968;0;4
SENYEL;1;7.2.1962;0;1
GOYNAL;1;18.2.1938;0;1
SREBRENKA;1;6.7.1962;0;1
BAHTAMUR;1;16.6.1964;0;1
PERUHAL;1;21.7.1950;0;1
AKTIMUR;1;9.1.1932;1;0
SADVAN;1;1.7.1949;1;0
PONCUK;1;12.8.1935;0;1
MURDEYEN;1;27.7.1937;0;1
TAHAMMUL;1;27.11.1960;1;0
TUCENK;1;29.1.1991;1;0
SIFTIYE;1;27.9.1982;0;1
GULZAKIRE;1;17.3.1960;0;1
CEVADET;1;11.4.1961;1;0
BENGIYE;1;6.2.1981;0;1
NALIDAN;1;17.2.1965;0;1
KEYI;1;1.7.1943;0;1
KIRISER;1;17.2.1930;0;1
OZUER;1;9.6.1951;1;0
DAMAIL;1;8.10.1938;1;0
BAYMETE;1;23.8.1936;1;0
MUFHIRET;1;9.12.1946;0;1
ILEYNA;1;5.10.1990;0;1
YUDUMCAN;1;29.4.1990;0;1
HANIBAL;1;5.2.1959;1;0
TURKUCAN;2;25.4.1990;0;2
YILDE;1;13.2.1959;0;1
MUHEYET;2;21.10.1948;0;2
SEHNER;1;15.6.1967;1;0
TEMUTTIN;1;30.8.1938;1;0
ABAHANIM;1;19.6.1960;0;1
SUZUNNAZ;1;7.1.1940;0;1
BAYCARDAN;1;7.10.1936;1;0
DOGER;1;26.3.1936;0;1
NESLIHAH;1;22.7.1991;0;1
ELBADIYE;1;9.9.1947;0;1
BEYTA;2;12.9.1962;0;2
BASAKCAN;1;6.2.1992;0;1
NAMUGAR;2;11.4.1960;0;2
MISDAN;2;3.10.1960;2;0
OZGET;2;13.2.1980;2;0
O.MUJDAT;1;25.10.1950;1;0
SEVIDET;1;9.12.1961;0;1
MERZUNE;1;6.8.1944;0;1
EBIYE;2;14.12.1950;0;2
ULGIDE;1;28.2.1957;0;1
SEMSEK;1;15.1.1937;1;0
GULFIRAG;1;10.4.1934;0;1
TEMURDAR;1;8.4.1958;1;0
KAYGIN;1;22.7.1991;1;0
MUVEDDETTIN;1;17.4.1956;1;0
NEMIDAR;1;21.5.1977;1;0
NECLIYAN;1;7.10.1967;0;1
F.NURTEN;1;27.3.1950;0;1
DUDIS;1;1.8.1956;0;1
SABRIYEGUL;2;26.1.1980;0;2
MECABIL;1;7.8.1952;1;0
REBAL;1;30.4.1962;1;0
YURDADINC;1;21.4.1946;1;0
HAYLEY;1;27.12.1976;0;1
MENISAT;1;23.10.1978;0;1
MIRKE;1;30.3.1940;1;0
ERTUGHAN;1;8.11.1986;1;0
FEYMIZAT;1;22.6.1937;1;0
ERYASA;3;7.8.1938;2;1
AHLISE;1;12.3.1960;0;1
SAYFETI;1;13.4.1942;0;1
FILUZAN;2;5.12.1952;0;2
HURMIZE;1;8.8.1972;0;1
TESFIKIYE;2;20.9.1954;0;2
YONEM;2;3.3.1970;0;2
HAVCER;1;12.12.1969;0;1
FULBIN;1;1.8.1969;0;1
SENIHER;1;4.7.1972;0;1
NEHLIBAN;1;30.10.1969;0;1
MISLECEP;1;11.2.1955;1;0
BURYEN;1;23.3.1969;0;1
SEGDE;7;10.9.1965;0;7
NERGEZ;1;11.8.1961;0;1
ABIZIYET;1;11.11.1960;1;0
ERKANEDIN;1;2.2.1969;1;0
SEYRUL;2;4.2.1970;1;1
DURCEMIL;1;13.5.1977;1;0
DEMIRTEKIN;1;4.3.1958;1;0
URKSAL;1;7.2.1964;1;0
TEYAMI;1;4.4.1958;1;0
SEHATTIN;5;3.5.1575;5;0
NUYEL;1;26.5.1987;0;1
NAZIHTER;1;22.10.1975;0;1
SEZMIE;1;6.6.1963;0;1
MUNZULE;2;17.7.1957;0;2
SEMANAZ;1;12.6.1971;0;1
AKACAN;1;12.2.1989;1;0
HECAZE;1;24.10.1970;0;1
FELAYIM;1;22.2.1961;1;0
GEMIR;1;22.1.1945;0;1
SEVBAK;2;15.10.1949;0;2
RIZIVAN;1;17.4.1972;1;0
IMNAN;1;2.7.1963;0;1
UMULTE;2;20.6.1965;0;2
MUHETTET;2;27.10.1964;0;2
YESANUR;1;11.7.1979;0;1
MUSTEBAT;1;4.5.1978;1;0
SAKOLI;1;11.3.1943;1;0
MEVRUR;1;11.6.1969;1;0
SAHSENUR;1;2.9.1957;0;1
SELVU;1;15.2.1962;0;1
ELGEZEN;1;24.5.1978;1;0
SEMALETIN;1;21.3.1963;1;0
GULNEIR;1;19.12.1946;0;1
M.ENDER;2;23.9.1964;2;0
SILEL;1;30.9.1962;0;1
VEYSEL.;1;1.5.1975;1;0
ADYAN;1;30.6.1956;1;0
SATARET;1;7.4.1951;0;1
ILCEHAN;1;16.7.1937;0;1
CEMRAHIL;1;21.11.1969;1;0
FAHINER;1;15.11.1946;0;1
ARGUNNAR;1;23.10.1971;0;1
AYLAY;1;3.4.1979;0;1
ICRAM;1;5.3.1954;0;1
HUDABENHUR;1;16.8.1971;1;0
TENSEL;1;8.10.1978;1;0
BINASE;1;1.8.1962;0;1
ESENPINAR;1;11.1.1976;0;1
ERCOSAN;1;14.2.1983;1;0
MIRZABEK;1;16.5.1973;1;0
ZERRINGUL;1;2.6.1956;0;1
MUSTAKBIL;1;12.8.1965;0;1
APTILIHAT;1;24.5.1965;1;0
NARGIT;1;17.7.1972;0;1
MIRSEDA;1;6.8.1977;0;1
SAVADIL;1;26.5.1938;1;0
IZCET;1;12.4.1951;0;1
ERFIK;1;12.8.1947;1;0
AYRA;2;27.5.1973;0;2
MELGURAN;1;28.6.1982;1;0
FEHRIBAT;1;21.8.1959;1;0
ARSINUR;1;16.2.1977;0;1
GULNUHAL;1;7.8.1952;0;1
MUZEJEN;1;8.11.1954;0;1
NURMEHTAP;1;27.8.1979;0;1
TEMELTAS;1;6.8.1971;1;0
ABDURESUL;1;8.2.1959;1;0
H.BAHAR;1;15.6.1958;0;1
ZUNNE;1;23.5.1966;0;1
SUHETDA;1;13.7.1956;0;1
GURDANUR;3;26.7.1947;0;3
FEHMIE;1;4.10.1957;0;1
GUNERMAN;1;11.2.1992;1;0
DOVANSEL;1;10.6.1949;1;0
GULHUMER;1;20.11.1944;0;1
GOKSENUR;1;11.7.1955;0;1
VIRSAN;1;27.4.1956;0;1
MUCAHIDENUR;1;23.12.1979;0;1
CILEMENTIA;1;21.6.1970;0;1
TEVHIKA;1;28.4.1921;0;1
ERDALIN;2;7.9.1981;2;0
ZILAZIYE;2;8.6.1956;0;2
SILAHIYET;1;2.1.1969;0;1
EMERUELA;1;9.2.1976;0;1
UZKAR;1;28.9.1974;0;1
ZIKAYET;1;5.10.1962;0;1
OMERETTIN;2;12.8.1948;2;0
HORISE;1;22.3.1960;0;1
RUCDI;1;8.3.1976;1;0
GULEYBE;1;3.12.1981;0;1
NEBRIBAN;1;2.4.1971;0;1
BAYANDAL;1;9.2.1956;0;1
MESSERET;2;1.3.1954;0;2
MUBEDIL;1;19.9.1975;1;0
ZUBATIYE;1;30.7.1961;0;1
DURRINUR;1;12.3.1955;0;1
MEHZUDIL;1;1.1.1978;0;1
FERDAD;1;18.4.1966;1;0
KAVLIM;1;15.11.1984;1;0
ELMURSEL;1;12.8.1972;1;0
ALISAG;1;19.3.1967;1;0
BEKES;1;27.11.1977;1;0
BADISAHAR;1;2.11.1951;0;1
PEMPULE;1;23.12.1964;0;1
ZIHRANE;1;14.5.1980;0;1
ERDIVEFA;1;10.1.1980;1;0
HULEYHA;1;26.5.1960;0;1
CAGLARNAIL;1;24.12.1966;1;0
SELFURAZ;1;27.12.1968;0;1
BEYDINUR;1;18.1.1954;0;1
MARZIYAT;2;2.8.1951;0;2
HAMIRETE;1;14.3.1959;0;1
EMIHNE;1;7.3.1985;0;1
BARISIM;1;1.6.1979;1;0
IKDAM;2;9.6.1953;1;1
SEIMBER;1;10.5.1956;1;0
MEFTIM;1;25.12.1957;1;0
UMUTGUN;1;25.10.1991;0;1
NUARET;1;23.9.1967;0;1
A.HANDE;1;23.7.1974;0;1
YAZIN;1;24.9.1990;0;1
SELBEY;1;21.11.1977;1;0
ERTUGRULMETE;1;2.1.1960;1;0
VEYZAT;1;24.3.1989;1;0
HABIBAT;1;19.1.1972;0;1
ERMEK;1;21.7.1978;0;1
GULEYDER;1;21.2.1969;0;1
HURICARE;1;15.10.1987;0;1
GULEAT;1;15.3.1975;0;1
NECBAHAT;1;24.1.1952;0;1
GULLUMAZDI;1;14.1.1941;0;1
FATAHNA;1;18.3.1944;0;1
MINARETTIN;1;12.3.1953;1;0
MUHKIM;1;19.6.1960;1;0
TuLAY;1;1.3.1973;0;1
SUUTBIYE;1;15.12.1931;0;1
SERGUZE;1;17.8.1924;0;1
MAHMUDALP;1;9.9.1986;1;0
HANIL;2;21.7.1978;1;1
GULHATCA;1;17.2.1948;0;1
MERER;1;2.2.1964;0;1
MEJNU;1;14.6.1987;1;0
SAYESTEN;1;26.2.1966;0;1
MUTANET;1;5.1.1965;0;1
BAHRISE;1;2.5.1958;0;1
NURISAR;1;24.9.1953;0;1
ABDULSENA;2;22.4.1979;1;1
ZULBINE;1;28.1.1959;0;1
SEHFURZAT;1;1.6.1954;0;1
MIHRIZAFER;1;15.11.1937;0;1
NURANSAH;1;17.5.1952;0;1
MUHTEZER;1;6.1.1974;0;1
MEVKIBE;3;13.4.1939;0;3
DECAN;1;29.3.1984;1;0
OLDUN;1;10.3.1986;1;0
HUNGUL;1;19.1.1957;0;1
DAI;1;24.6.1988;1;0
BAHRIGUL;2;27.4.1969;0;2
HAFICCE;1;3.4.1955;0;1
OFSEN;2;17.4.1966;0;2
VERUHA;1;8.12.1978;0;1
GULEVETIN;1;29.10.1967;1;0
SEMURAH;1;14.8.1986;0;1
GULZAYDE;2;4.11.1953;0;2
SEZAIYIR;1;30.1.1974;1;0
MEFATTIN;1;17.1.1967;1;0
MILIFE;1;2.9.1974;0;1
SENDUAN;1;19.6.1974;0;1
HORUS;2;7.12.1944;0;2
RUKIAN;1;13.6.1989;1;0
KAYIFER;1;22.2.1973;0;1
SAMIV;1;7.8.1984;1;0
BEGUMTAN;1;7.9.1988;0;1
ESENVER;1;28.4.1985;1;0
MUKSIYE;1;13.12.1983;0;1
MUSPURE;1;13.2.1961;0;1
GULUMMUS;1;15.2.1977;0;1
EYINC;1;18.6.1989;1;0
ROLITA;1;19.9.1955;0;1
RESULCIHAN;1;27.12.1987;1;0
SALIHOMER;1;14.3.1951;1;0
MUBERCAN;1;26.10.1970;0;1
KEHNIYE;1;18.10.1980;0;1
ZEMZER;1;21.9.1965;0;1
CEYHIN;1;26.2.1988;1;0
BAYZI;1;14.11.1988;1;0
CURVET;1;23.10.1976;1;0
ZULSAN;1;5.11.1961;0;1
SEBAYGUL;1;21.3.1965;0;1
SALIIBRAHIM;4;10.9.1951;4;0
SEHMUR;1;13.5.1957;1;0
ZEMUN;1;10.10.1983;1;0
SECMEZ;1;21.11.1984;1;0
GULVERSIN;1;15.2.1965;0;1
ZULCIFLI;1;29.12.1939;1;0
FETEHA;1;18.5.1930;0;1
NURISAL;1;20.5.1969;0;1
SELILA;2;9.6.1969;0;2
ZIHNIYAZ;2;28.5.1935;0;2
ULKINUR;1;3.6.1949;0;1
DILANE;1;23.6.1978;0;1
ERDINCAN;1;8.8.1973;1;0
NEYDIGUL;2;12.12.1960;0;2
ALIHIKBER;1;26.9.1979;1;0
SARUZE;1;13.7.1930;0;1
HISMANE;1;28.4.1932;0;1
SERVINAT;2;11.7.1960;0;2
EMIRAHMET;1;26.12.1978;1;0
SIYASE;1;1.1.1;0;1
BENDUR;1;17.2.1978;1;0
BADEMGUT;1;6.5.1962;0;1
HINCI;1;18.4.1965;0;1
VERIK;1;7.5.1964;0;1
SADRIYA;1;27.2.1932;0;1
ULUBEK;1;2.7.1962;1;0
ETABEY;1;5.9.1952;1;0
MUFATTAL;1;8.2.1927;1;0
DERPHINE;1;21.12.1971;0;1
BAHTILI;2;18.2.1945;0;2
YAUZE;1;21.3.1967;1;0
SANEBAT;1;4.10.1947;0;1
KEREMALI;1;27.6.1974;1;0
ZULBURIYE;1;13.2.1966;0;1
ZAFFERIYE;1;7.5.1937;0;1
GULAFA;1;2.11.1950;0;1
CIMSUT;1;12.5.1928;1;0
TULEYDE;1;26.3.1967;0;1
YELTUG;2;12.2.1985;0;2
BAYFI;1;16.11.1965;1;0
ARDITA;2;7.11.1977;0;2
AJETE;1;3.7.1951;0;1
M.ASLAN;1;12.2.1959;1;0
ENISI;2;22.7.1952;1;1
SAFKINAZ;1;1.3.1967;0;1
SELAYEDIN;1;7.3.1959;1;0
FERADIN;3;20.3.1974;3;0
METINIYE;1;6.2.1969;0;1
GULHACI;2;12.8.1942;1;1
R.MINE;1;14.1.1968;0;1
CAGLIYENIGUL;1;17.2.1966;0;1
ZULEYFER;1;28.5.1956;0;1
MUHICCET;1;27.4.1941;0;1
PALIZE;1;9.5.1952;0;1
NIYEDDIN;2;26.9.1970;2;0
KEZBANIYE;1;20.9.1975;0;1
EMADETTIN;1;5.7.1981;1;0
TANGIN;1;8.4.1982;1;0
NURNEVAN;2;4.11.1983;0;2
NURSELAMET;1;3.9.1956;0;1
ZULFITEN;1;23.1.1959;0;1
NIFO;2;7.10.1949;0;2
ELVANCICEK;1;21.3.1965;0;1
SALHATUN;1;2.2.1983;0;1
UKRUYA;1;3.3.1980;0;1
NUKETTIS;1;27.3.1950;0;1
LUTAVIYE;1;19.3.1971;0;1
GULISSAN;1;3.6.1979;0;1
TELHAKE;1;19.5.1971;0;1
GULMINER;1;9.4.1964;0;1
SEYMEDDIN;2;5.4.1972;2;0
ZEYETTIN;2;16.4.1964;2;0
SEKENET;1;2.3.1945;0;1
BUHEYE;1;26.4.1931;0;1
GULENDIN;1;9.4.1970;0;1
REDVANIYE;1;2.3.1986;0;1
NUZILE;4;12.1.1966;0;4
SAHHUBAN;1;21.4.1953;0;1
GULUNSE;1;27.2.1968;0;1
HUMUAN;1;11.4.1960;0;1
TEMIRAGA;1;3.6.1987;1;0
ESNER;2;1.1.1963;0;2
VEHPER;1;4.2.1951;1;0
DIZEN;2;28.2.1980;0;2
CALSINE;1;7.8.1934;0;1
SARAHATUN;1;10.2.1989;0;1
MIYAIL;1;4.10.1965;0;1
MAYAFER;1;25.2.1954;0;1
MIRAAT;1;24.12.1955;0;1
MIRABIYE;1;11.4.1940;0;1
SAFIDAN;1;1.1.1972;0;1
TRABI;1;12.8.1947;1;0
M.MASALLAH;2;2.6.1951;2;0
HADICETUL;2;25.3.1989;0;2
INFAL;1;27.11.1986;1;0
YUNAS;1;12.8.1935;0;1
SEDEFKAR;1;12.8.1929;0;1
AYAMETTIN;1;13.3.1959;1;0
MUNLAH;1;7.8.1928;0;1
EKBALIE;1;20.1.1968;0;1
AHUCANAN;1;7.4.1977;0;1
SURUFE;2;23.3.1958;0;2
IMMIHAT;1;19.2.1938;0;1
PALAMUT;1;10.5.1970;1;0
NINAYET;1;22.6.1971;0;1
SEVILENGUL;2;24.9.1966;0;2
DESTEGUZEL;1;2.4.1963;0;1
ATAFI;1;16.7.1986;1;0
BEGUSAN;1;30.1.1946;0;1
NEHAYTIN;1;11.2.1963;1;0
SERBULET;4;18.1.1972;3;1
KAYHA;1;17.11.1960;0;1
BERHMAN;1;17.10.1964;1;0
FESA;1;11.10.1973;0;1
SIMTAN;1;12.2.1959;0;1
GULNAZIN;1;2.8.1951;0;1
SEYRARA;1;22.6.1945;0;1
RUMIGUL;1;26.2.1964;0;1
BILORNAZ;1;16.10.1974;0;1
GULTERAN;1;27.8.1974;0;1
ZEMEYDIN;1;17.8.1954;1;0
SUMEHA;3;29.3.1978;0;3
VERUDE;1;1.11.1960;0;1
ILFADE;3;30.7.1961;0;3
GAFUYET;1;27.3.1963;0;1
DILAVIS;1;7.8.1946;0;1
MUYZET;1;3.3.1961;1;0
NIFSANE;2;24.9.1939;0;2
ESREN;1;1.10.1974;0;1
MEHFUN;1;1.9.1968;1;0
FAHRUNDE;1;26.11.1982;0;1
FAHRINDE;3;24.7.1941;0;3
GULDUNUR;1;8.9.1949;0;1
EMRUBIN;1;14.2.1958;1;0
MINNIZAR;1;21.11.1953;0;1
NURINSAN;1;1.5.1937;0;1
FAHRINNUSA;2;4.5.1950;0;2
MIRINNISA;1;14.6.1950;0;1
SAVZE;2;13.6.1945;0;2
UKAS;1;5.8.1971;1;0
MEHAHAT;1;20.2.1938;0;1
SEYINA;1;24.1.1935;0;1
EMMETI;1;27.3.1931;0;1
EFSAH;1;24.6.1945;0;1
USNUR;2;10.3.1969;0;2
SAPPEK;1;15.9.1989;0;1
FELUZAR;1;26.10.1942;0;1
GULECSER;1;1.11.1948;0;1
HUSEL;1;30.8.1938;0;1
GUKARIYE;1;1.11.1956;0;1
ZENTI;1;22.8.1931;0;1
MUCETTER;1;16.4.1943;0;1
CAMSERI;1;27.6.1947;0;1
ILKNURSER;1;6.11.1951;0;1
FEHRUSAT;1;6.5.1959;1;0
ULKESAH;1;25.6.1962;1;0
FEHRINDE;2;8.2.1948;0;2
REFAYIM;2;28.4.1965;2;0
CHRISTIANA;1;1.6.1950;0;1
NUYSER;1;17.12.1960;0;1
MUSAFFAAT;1;6.8.1935;0;1
ZEKINAT;2;22.8.1938;0;2
MEGITTIN;1;12.3.1956;1;0
NIHAYER;1;26.3.1941;0;1
RAVUS;1;27.2.1938;0;1
MUCVER;1;7.8.1928;0;1
NEHIVER;1;17.9.1971;0;1
ZULKANAYIL;1;11.2.1958;1;0
BAHYET;1;10.6.1968;0;1
MENERZE;1;22.2.1954;0;1
DIRNEV;1;12.10.1941;0;1
TEHIN;1;13.11.1964;1;0
HIKMEL;1;13.2.1947;0;1
TUZILE;1;17.8.1936;0;1
ANIVAR;1;7.11.1971;1;0
BIHSEL;1;4.8.1946;0;1
SAHEPER;1;13.9.1945;0;1
FAHRINISAR;1;13.5.1958;0;1
PERFUNDE;1;30.8.1960;0;1
ILDICO;1;16.6.1970;0;1
SUHANDE;1;18.6.1960;0;1
NASITA;1;26.11.1966;0;1
MEHMETSEN;1;22.11.1951;1;0
OYLIN;1;5.4.1982;0;1
GURRIHAN;1;17.5.1979;0;1
MAHKURE;2;5.9.1949;0;2
MAHMUDET;1;17.8.1941;0;1
SUNURE;1;13.1.1947;0;1
RASH;1;14.2.1962;0;1
NEVRUNNISA;1;7.2.1958;0;1
FEVKANI;1;26.7.1982;1;0
ZEKKE;2;22.10.1964;0;2
ALIMHAN;3;13.2.1976;3;0
ZULLUCE;1;15.11.1950;0;1
OBRAY;1;26.9.1977;1;0
GUNAYLAR;1;10.4.1936;0;1
BINAYLAR;1;27.3.1938;0;1
MELTEMCAN;1;11.8.1991;0;1
MUBITEL;1;22.6.1931;0;1
CEPI;1;5.10.1961;1;0
MUSHURE;1;29.5.1962;0;1
VEYUZ;1;27.11.1973;1;0
SIRINHANIM;1;27.5.1979;0;1
FURYE;1;27.6.1974;0;1
SAHIZMAN;1;2.2.1963;0;1
BAHSISAN;1;12.12.1965;0;1
GULZUYE;1;3.2.1966;0;1
CERASIN;1;26.12.1966;1;0
RAYAT;2;16.9.1964;2;0
SALEETTIN;1;18.5.1945;1;0
SEZDENUR;1;21.1.1958;0;1
MUNESRE;1;12.2.1965;0;1
M.LETIF;12;15.11.1959;12;0
GOHERTEN;1;22.4.1955;0;1
ISMO;2;13.5.1944;0;2
USTIM;1;6.12.1970;1;0
NURSALMAN;1;16.5.1969;0;1
MUKAD;1;25.8.1978;0;1
EMDIYA;1;11.9.1990;1;0
KORIHAN;1;17.8.1954;0;1
HAFIZATEN;1;11.6.1991;0;1
ALPEGAN;1;22.2.1979;1;0
GULSENDER;1;21.7.1950;0;1
CENSEN;1;11.5.1985;0;1
LETAFAT;1;19.1.1980;0;1
GULTESTE;1;22.2.1967;0;1
GAYEHAN;1;5.11.1974;1;0
FUHAMET;1;18.2.1960;0;1
ARZUBILGE;1;29.4.1977;0;1
NAZUH;3;21.12.1963;3;0
FAKHIYE;1;29.10.1956;0;1
GULBILEK;1;17.3.1966;0;1
NERVICAN;1;13.5.1976;0;1
APTISUKUR;1;2.4.1941;1;0
NURSERER;1;8.2.1970;0;1
MUSEMBIYE;1;12.10.1971;0;1
ZEKIMUREN;1;13.4.1970;1;0
RAKIMER;1;9.7.1969;1;0
PELEN;2;15.12.1987;0;2
BURHANDE;1;11.6.1956;0;1
ALAAETTIN;4;14.9.1961;4;0
HENIFO;1;3.11.1975;0;1
MEZHURE;6;29.1.1952;0;6
HUSAH;1;20.5.1980;1;0
NEJILE;1;11.7.1967;0;1
SELAJTIN;1;16.10.1986;1;0
VIDAIL;1;22.8.1967;1;0
MERSILE;1;5.8.1963;0;1
AYYETE;1;17.9.1946;0;1
BEYCEGUL;1;2.3.1969;0;1
VALBONE;1;12.2.1984;0;1
GUNAYSER;1;15.6.1953;0;1
SILHANE;1;17.8.1960;0;1
MERUNE;1;7.2.1946;0;1
IZNISA;1;9.5.1962;0;1
ELFIS;1;27.7.1944;0;1
GULMESEN;1;6.8.1973;0;1
ARZIFET;1;22.1.1973;0;1
SEMAFIYE;1;23.3.1966;0;1
RUTFI;1;3.1.1962;1;0
SUCAATIN;1;11.9.1976;1;0
CUMOLI;1;12.3.1989;1;0
SEVYIBE;1;10.5.1978;0;1
INCIDAN;1;13.7.1981;0;1
SENKIS;1;17.1.1968;0;1
SAHNIZ;1;15.5.1977;0;1
ANELLA;1;9.12.1979;0;1
SAHODAT;1;1.8.1965;0;1
SUZANUR;1;27.8.1974;0;1
MURBIYE;1;18.2.1969;0;1
MELIKBER;2;22.10.1979;0;2
AYNEHIR;4;26.7.1970;0;4
SAKINO;1;7.8.1922;0;1
NEJMEDTIN;1;17.5.1966;1;0
PILENUR;1;22.2.1961;0;1
MUBEYYIR;2;16.11.1940;0;2
UTER;1;2.3.1957;0;1
SUBLIYE;3;19.6.1969;0;3
KEVKEV;2;7.8.1955;0;2
K.NADIR;1;1.1.1959;1;0
HIYASSETIN;1;18.2.1948;1;0
CANNA;1;11.11.1987;0;1
MURSEVIN;1;6.8.1988;0;1
MUNISEN;1;27.2.1974;0;1
FIRDAIS;1;1.4.1974;0;1
AZZEDIN;1;6.12.1970;1;0
GUZENDE;1;11.8.1948;0;1
FARMANI;1;9.10.1961;1;0
NETIP;3;14.4.1965;2;1
HOYMI;1;2.3.1952;1;0
KURTCABE;1;26.5.1944;1;0
AISEL;1;5.6.1976;0;1
SITTKI;2;14.2.1954;2;0
DEVRISALI;1;1.11.1956;1;0
MUSECIDE;1;16.6.1969;0;1
AYNESEL;1;17.11.1982;0;1
IMAYEDDIN;1;7.5.1986;1;0
MEHMETSUAT;1;27.2.1992;1;0
AYRUNNISA;1;2.11.1957;0;1
MILIHAT;2;10.1.1969;0;2
GUSOY;1;21.1.1971;1;0
CENHURIYE;1;19.11.1966;0;1
SALVAT;1;22.8.1943;0;1
ARIBAN;1;21.8.1980;0;1
FESIHI;1;1.7.1962;1;0
PEDRI;1;23.12.1987;1;0
FERAEDDIN;1;24.7.1938;1;0
BAGTUGHAN;1;22.7.1975;1;0
MUKADTERIYE;1;7.2.1946;0;1
GANIMENT;2;5.6.1963;0;2
DUN;1;19.3.1970;0;1
MAKVIRAT;1;17.8.1966;0;1
FEDAHIM;2;3.2.1971;2;0
ACEMRI;1;27.2.1963;0;1
EBUMUSLIMIN;1;7.4.1958;1;0
MUBETTIN;1;12.6.1970;1;0
MUCEMMET;1;5.10.1964;1;0
EDGER;1;29.3.1972;1;0
SOYBE;3;15.11.1969;0;3
CEMALIFET;1;11.4.1958;0;1
GAYALE;1;16.11.1963;0;1
GULTENIYE;2;15.11.1939;0;2
NECRAIL;1;22.4.1968;1;0
NURAIM;1;22.11.1953;0;1
LIMIYE;1;2.8.1975;0;1
NERCIBAN;1;24.9.1971;0;1
SADARIYE;1;18.2.1971;0;1
DUYDUM;1;16.10.1987;0;1
SEZAKIR;1;24.6.1970;1;0
GULBEKIR;1;11.12.1974;1;0
MUSTAFI;1;21.10.1957;1;0
BEZAKET;1;25.5.1960;0;1
MUNECCIM;1;8.1.1957;1;0
EHLAMI;1;27.10.1967;1;0
GULUNGER;1;11.8.1960;0;1
MERDUL;1;16.7.1983;1;0
NERDINC;1;12.6.1971;0;1
BULUBUL;1;16.9.1982;0;1
MABERE;1;7.8.1928;0;1
MULEYMAN;1;26.6.1976;0;1
NEVCIDE;2;8.12.1950;0;2
TEKSEL;3;23.2.1951;2;1
TUZINER;2;19.3.1961;1;1
FETANETTIN;3;7.11.1963;3;0
FURIZIYE;1;29.11.1971;0;1
SEMAZETTIN;1;2.2.1951;0;1
HAYNISAR;1;1.1.1949;0;1
UMERA;2;2.12.1966;1;1
UNSUR;1;26.8.1941;1;0
DATCA;1;18.6.1990;0;1
GULFEME;1;8.2.1952;0;1
ERDENHUL;1;26.9.1948;1;0
ABDULMEYIN;1;5.7.1960;1;0
DURVI;1;8.10.1962;1;0
SADIYEBELGIN;1;9.6.1969;0;1
FERYIN;1;25.4.1983;1;0
FEVKANNI;1;12.8.1941;1;0
SEMASEN;1;26.3.1959;0;1
MUHAMMEDHASAN;1;13.9.1987;1;0
AYDINEL;4;24.7.1959;3;1
HERRUN;1;12.3.1970;1;0
HAYRISSE;1;7.12.1954;0;1
ISVEN;1;16.4.1976;1;0
UNMEHAN;1;18.9.1973;0;1
HECIHE;1;20.1.1971;0;1
NESNIGUL;1;2.4.1959;0;1
YURDABAKAN;1;17.1.1942;1;0
CAYFEN;1;20.5.1969;1;0
IREBET;1;2.7.1951;0;1
YESENIYA;1;17.12.1978;0;1
GULNEHEL;1;2.10.1945;0;1
GUNEYDA;2;29.8.1955;0;2
ABDULRECEP;3;27.10.1952;3;0
ENGINERDAL;1;4.6.1977;1;0
MEHDIBER;1;16.2.1974;0;1
M.BEDIR;1;11.5.1960;1;0
VEZAYIR;1;26.3.1948;1;0
SUZATTIN;1;5.7.1963;1;0
EDIPERMAN;1;14.12.1969;1;0
MURKAT;1;22.9.1958;1;0
MUDEHRE;1;13.8.1952;0;1
IBIHA;1;5.7.1976;0;1
NEVARI;1;16.6.1944;0;1
KIRAVUZ;1;3.12.1962;0;1
ADNANNUR;1;12.11.1965;0;1
VAHDEMIN;1;8.5.1976;1;0
HIDAHI;1;17.2.1948;1;0
INNEHAR;2;12.8.1951;0;2
NADGIYA;1;12.4.1947;0;1
MUTTALIM;1;13.3.1959;1;0
GAYSER;1;17.2.1978;0;1
BEYTUSAH;1;5.9.1979;0;1
NEPRIN;1;1.2.1966;0;1
ASULBIYE;1;19.12.1954;0;1
NECNITTIN;1;21.4.1970;1;0
ZILDE;1;2.8.1951;0;1
MAGFIRAN;1;7.5.1970;0;1
MULISIN;1;11.5.1975;0;1
BENERES;1;22.8.1955;0;1
VUR;1;21.7.1975;1;0
AHMETNECATI;1;18.9.1942;1;0
NUGMET;1;2.8.1939;0;1
RENNUR;1;4.5.1983;0;1
NAC;1;7.2.1985;0;1
PEREVIN;1;6.9.1982;0;1
NURFELA;1;11.11.1968;0;1
MUCELIF;1;9.10.1984;1;0
CAZZIM;1;26.5.1966;1;0
MUZBEYDIN;1;30.4.1972;1;0
GIDISET;1;27.2.1962;0;1
URCE;1;20.11.1991;0;1
BUKREMI;1;8.6.1971;1;0
BILSEHAN;1;16.10.1986;1;0
ERTANAY;2;16.8.1972;2;0
AGRAN;1;2.8.1957;1;0
ZEFERIYE;1;6.12.1935;0;1
SELCUKAN;1;2.7.1954;0;1
SEHRUSE;1;16.12.1935;0;1
SEMAG;1;12.4.1971;0;1
F.GUL;1;19.5.1930;0;1
ZULFUCE;1;13.6.1947;0;1
AZMINUR;1;4.9.1936;0;1
NEMAHAL;1;21.1.1983;0;1
NESBITTIN;1;7.8.1946;1;0
SENLEM;2;14.1.1965;0;2
AYAETTIN;1;24.3.1953;1;0
LARUZAN;1;9.12.1945;0;1
BAHSENDEN;1;25.4.1947;0;1
MUHAZZIP;1;11.3.1953;1;0
BUNYAYI;1;11.10.1961;1;0
MUCEHEM;1;7.4.1967;0;1
RAILETTE;1;1.9.1973;0;1
EMILIJA;1;6.1.1951;0;1
NEVINNUR;3;15.2.1963;0;3
NAZUTER;1;23.9.1961;0;1
H.MUMIN;1;29.1.1967;1;0
KILEM;1;28.5.1972;1;0
MAFFER;1;21.8.1959;0;1
PEHLULDARE;1;28.2.1959;1;0
MUSTEVIZE;1;7.12.1952;0;1
MEHAS;1;18.6.1964;1;0
FEHAM;1;22.6.1956;1;0
KARAHANI;2;17.2.1964;2;0
CEYHANIYE;1;17.2.1958;0;1
VEDAIM;1;9.2.1974;1;0
ILIMHAN;2;30.4.1976;2;0
ZEFKIN;1;11.7.1985;1;0
USLAY;1;29.3.1974;0;1
SUMAVI;2;16.4.1978;1;1
ZEKIFLI;1;16.6.1964;1;0
ABTURAMAN;1;11.8.1960;1;0
VEYLIHAN;1;3.4.1970;0;1
FATUMETISZEHRA;1;7.12.1972;0;1
EHLIMIYA;1;11.11.1972;0;1
MULHEN;2;2.10.1973;1;1
ZIYAVEDDIN;1;27.2.1962;1;0
MINGOR;1;5.1.1974;0;1
MAGZEZ;1;17.4.1948;0;1
MEHRUSE;1;3.5.1962;0;1
URSILE;1;22.8.1949;0;1
FIRDEVIST;3;11.4.1968;0;3
RAYIMET;3;15.10.1948;0;3
PUPUN;1;8.8.1934;0;1
NEVZATIYE;2;21.5.1951;0;2
BAYKIZ;1;26.4.1964;0;1
ZADIL;1;7.8.1952;1;0
DUHEYLA;1;2.2.1963;0;1
HALILO;1;27.8.1926;1;0
HASRU;1;2.2.1957;1;0
MEBIFE;1;17.5.1942;0;1
AZINET;1;11.2.1974;0;1
DURISET;1;2.3.1939;0;1
MILYEM;1;12.7.1981;0;1
TEVRIYET;1;12.8.1929;0;1
BELGUSAH;1;11.9.1978;0;1
SIMLIHAZAR;1;25.7.1976;0;1
PAPIR;1;21.12.1938;1;0
OZBENEK;1;19.4.1985;0;1
NUTVIS;1;7.9.1943;0;1
SESTMIYE;1;22.11.1961;0;1
YUMURZAT;1;20.3.1968;0;1
URFETE;2;22.12.1946;0;2
HERZAMIN;1;2.8.1939;0;1
ZUERE;1;22.8.1943;0;1
SEMEDIYE;1;28.5.1961;0;1
MUAKAT;1;10.11.1932;0;1
MUSABIR;1;15.5.1974;1;0
MAKFIREN;1;7.8.1962;0;1
NEYSIM;4;25.4.1960;4;0
HEDITZE;1;21.6.1970;0;1
GUNBIYE;1;24.11.1952;0;1
GULEYDAN;1;2.7.1974;0;1
HAZLIYE;2;13.5.1935;0;2
SEYIDDE;1;16.9.1958;0;1
MIRJETA;1;6.7.1979;0;1
EBRULHAN;1;21.2.1983;0;1
YASKA;1;12.8.1953;0;1
ENGI;1;12.11.1953;0;1
ERGUNEN;1;21.12.1963;0;1
BIRGENC;1;20.7.1939;1;0
SERGUNER;1;14.8.1969;0;1
RUMEHISAR;1;20.8.1974;0;1
SEYDULA;1;4.1.1957;1;0
TEVFIKALI;1;29.4.1950;1;0
MULUMSER;1;24.4.1963;0;1
GULVEDIN;1;28.1.1977;1;0
BEJDIYE;1;27.11.1990;0;1
MULEZIM;3;14.9.1957;3;0
SUNAHE;1;12.3.1971;0;1
YUSREF;2;17.1.1957;2;0
SEVAHATTIN;1;7.9.1974;1;0
HATTEGUL;1;4.3.1964;0;1
LACIVERT;1;2.10.1976;0;1
SARABA;1;14.4.1957;0;1
RUJLIYE;1;6.11.1968;0;1
GULCEVRE;2;30.10.1950;0;2
EYSIM;2;26.10.1968;2;0
BEYNIZA;1;10.5.1955;0;1
ELFIE;1;9.6.1964;0;1
APTILAZIZ;1;4.3.1963;1;0
VEJLIYE;1;30.9.1968;0;1
MUSAMBIRIYE;1;25.4.1971;0;1
NURGOZDE;1;21.7.1990;0;1
YULDUDU;1;16.9.1928;0;1
SEVILVAN;1;28.9.1969;0;1
AKKUN;1;26.11.1973;1;0
EMMULLAH;1;28.11.1920;1;0
MUHAMMEDHALIL;1;12.11.1987;1;0
MIRHAYAT;2;15.1.1955;0;2
ZEMENGUL;1;17.2.1960;0;1
SEVEYLA;1;6.6.1956;0;1
TAKYATTIN;1;15.5.1954;1;0
BINNIZE;2;8.10.1945;0;2
ZEHRIBEY;1;28.9.1960;1;0
SELVIA;1;12.8.1968;0;1
SEMSIFELEK;3;12.8.1955;0;3
RARIFER;1;3.5.1963;0;1
URFEDIYE;1;8.5.1956;0;1
UGEN;1;7.7.1958;0;1
HASMINAZ;1;16.1.1940;0;1
NURSUNAR;5;5.4.1960;0;5
FIYRUZAN;1;8.12.1954;0;1
BAHTIHSAH;1;7.8.1934;0;1
MIHMAYIL;2;26.7.1967;2;0
NIYAFET;1;26.12.1947;0;1
NURCIT;1;24.6.1954;1;0
USNI;1;17.8.1942;0;1
ZUMHURIYE;1;6.11.1944;0;1
GULKUN;1;16.6.1939;0;1
MAHBUBEN;1;16.11.1953;0;1
HAFVIZE;1;21.5.1965;0;1
NEBAHER;1;26.5.1957;0;1
SIMDAR;1;6.3.1933;0;1
A.REZZAK;1;21.3.1939;1;0
SAGYAR;1;30.3.1942;0;1
HOSHANIM;1;8.2.1934;0;1
RAIMCAN;1;13.1.1982;1;0
HARUNTUNA;1;17.5.1974;1;0
SABRIRA;1;10.12.1960;0;1
ESMENI;1;27.7.1947;1;0
EBIZE;2;1.2.1963;0;2
NIYARA;1;15.6.1988;0;1
AGADIL;1;3.4.1959;1;0
NEJIMI;1;11.11.1956;1;0
RUSALAT;1;16.8.1951;0;1
SAPPAZ;1;22.2.1943;1;0
GULENBEN;1;15.7.1981;0;1
TARIL;1;14.7.1982;1;0
KINANE;1;22.5.1973;0;1
MAILBEK;1;10.12.1969;1;0
SAHVELED;1;12.11.1969;1;0
MAHFURIYE;1;17.2.1954;0;1
CEKIYE;1;30.2.1948;0;1
NAMANCAN;1;17.8.1954;1;0
MARVASTA;1;16.9.1939;0;1
SUHRAT;1;10.9.1981;1;0
RASNAZ;1;9.4.1961;0;1
GURAM;1;15.5.1987;1;0
SEFEK;2;29.4.1957;0;2
MUCHEVER;2;5.2.1970;0;2
VAYID;1;19.7.1991;1;0
SELVENIZ;1;14.6.1968;0;1
GUNARA;1;23.1.1967;0;1
MUKTAZIM;1;4.9.1973;1;0
SANOBER;1;4.12.1961;0;1
RABAN;8;19.2.1951;0;8
HIFIZI;1;12.3.1933;1;0
FENDISIMAL;1;3.8.1956;0;1
DUGBAY;1;22.11.1977;0;1
UMITTIN;1;20.2.1989;1;0
GULVEYZA;1;18.7.1965;0;1
ORCIL;1;2.3.1975;1;0
GULERIYA;1;17.9.1957;0;1
AGUSE;1;12.8.1947;0;1
AYUSA;1;27.7.1968;0;1
BISMIN;1;7.8.1940;1;0
AVUSE;1;13.11.1971;0;1
FECIRAH;1;27.4.1948;0;1
GOGCAY;1;27.11.1964;0;1
NEZIAN;1;16.4.1946;0;1
SIYAHAMIN;1;12.10.1965;1;0
GULCINTAN;1;25.2.1945;0;1
MEVRUCE;1;22.4.1949;0;1
SACMAGUL;1;6.11.1971;0;1
MIRZAYDIN;1;2.2.1957;1;0
ABTULKUDUS;1;27.5.1973;1;0
GULDIHER;1;20.7.1965;0;1
ZENGUN;1;19.6.1979;1;0
ALEVETTIN;1;27.4.1974;1;0
SULKAYDE;1;10.8.1963;0;1
ENCER;3;18.1.1971;3;0
LEVZER;4;4.7.1964;0;4
ZULKUFBEY;1;21.11.1986;1;0
NADIYEE;1;16.4.1986;0;1
ZOHDI;3;30.12.1961;3;0
FALME;1;3.3.1977;0;1
ESEME;2;22.11.1964;0;2
GULVIRA;2;27.1.1974;0;2
KIRHANSAH;1;21.3.1971;1;0
SUHHADDIN;1;14.4.1959;1;0
NIZALETTIN;1;9.3.1975;1;0
LELIZE;1;7.2.1946;0;1
MUBIL;1;11.1.1969;1;0
MOHKEN;1;29.7.1969;1;0
FIRKATGUL;1;12.1.1971;0;1
ZETA;1;6.3.1969;1;0
VEZIRALI;2;17.8.1936;2;0
LEYCAN;4;5.11.1976;1;3
AISEN;1;5.8.1977;0;1
GUGNO;1;7.8.1940;0;1
NEVRIYAL;1;1.1.1;0;1
KOKSAN;3;28.5.1962;1;2
KESMIKAR;1;16.2.1951;0;1
SENIHAL;1;18.12.1978;0;1
ACIKALIN;2;9.6.1955;2;0
MUHIGUL;1;26.11.1945;0;1
ZUMGUL;1;26.7.1948;0;1
MEHMIT;2;11.6.1977;2;0
TUGLAR;2;20.7.1962;2;0
GOGENAZ;1;17.2.1966;0;1
SUREYYAN;3;21.3.1951;0;3
MEHTAPGUL;2;24.1.1972;0;2
ELVESIYE;1;3.7.1972;0;1
YUSUFISIDDIK;1;6.1.1968;1;0
VERRUHI;1;14.3.1980;1;0
SUFRIYE;5;26.2.1962;0;5
UZEYDI;1;27.8.1950;1;0
FEHMET;1;7.3.1952;0;1
TOLGADENIZ;1;19.10.1978;1;0
ABTULBAHRI;1;16.1.1941;1;0
KOMENDO;1;27.5.1974;1;0
ABDULBESIT;1;18.5.1982;1;0
MUHAREME;1;16.5.1980;0;1
MUKAYYIDE;1;18.6.1929;0;1
MEBRAN;1;3.1.1981;0;1
SUDURIYE;5;16.3.1970;0;5
GURORDU;1;19.1.1962;1;0
FEVZADE;1;2.5.1969;0;1
ZULDEN;1;21.12.1952;0;1
ELMINE;1;12.5.1953;0;1
TALEH;4;14.11.1977;4;0
PERNICE;1;7.6.1964;0;1
NINUFE;1;8.9.1962;0;1
SAGLIME;1;11.2.1961;0;1
LEHPER;1;16.9.1952;0;1
REBEHET;1;17.2.1954;0;1
ALMINE;1;28.6.1985;0;1
AFTANDIL;1;29.5.1981;1;0
FIYYAZE;1;26.1.1934;0;1
FIDAZIYE;1;7.11.1952;0;1
RANAHAN;1;6.5.1970;0;1
MUMAN;1;20.3.1928;1;0
ZEVATIYE;2;4.7.1967;0;2
JEMILE;3;3.9.1971;0;3
KAZIMNAZIM;1;21.6.1970;1;0
DILINAZ;1;16.10.1981;0;1
MATEN;1;23.7.1973;1;0
RIBADA;1;19.8.1963;0;1
ZILFIKARALI;1;30.10.1976;1;0
ANOR;1;14.10.1965;0;1
MAMURCAN;1;14.6.1959;1;0
ELSAT;2;7.1.1987;2;0
GULSUSA;1;11.6.1944;0;1
RUHIZA;1;30.5.1987;0;1
ISKENDERBEY;1;28.9.1990;1;0
RAVSANBEY;1;21.1.1964;1;0
SAFADET;1;11.5.1946;0;1
SAIDAHMED;1;26.8.1987;1;0
SELALETTIN;2;23.1.1964;2;0
ALTINDILBER;1;3.8.1937;0;1
GULSAHE;2;5.6.1945;0;2
SEHRIZER;2;24.1.1961;0;2
PILASE;1;6.3.1948;0;1
BELIM;1;11.11.1964;0;1
ABDIKERIM;2;4.7.1958;2;0
NELMIYE;2;1.12.1937;0;2
KEFAIYE;2;16.6.1954;0;2
NURAYEDDIN;1;27.12.1980;0;1
SENAYFER;1;21.5.1959;0;1
FARUSER;1;14.1.1959;0;1
YESENUR;1;21.8.1988;0;1
MECDUN;1;1.11.1976;1;0
ANTRIK;1;6.12.1972;1;0
SAMANA;1;3.5.1951;0;1
KUPZETTIN;1;27.10.1980;1;0
BILKAYI;1;20.8.1984;0;1
DURSUNBAKI;1;16.12.1959;1;0
PERISEMA;1;7.2.1946;0;1
REMBILE;1;17.2.1948;0;1
ZILFITTIN;1;29.4.1947;1;0
GULISAT;1;26.4.1973;0;1
LELIVER;1;18.6.1964;0;1
TUSA;2;13.4.1955;0;2
AYKUTSAL;1;15.11.1936;1;0
ABUKEVSER;2;20.8.1957;0;2
TERMIGUL;1;7.2.1958;0;1
LILIYAR;1;9.12.1962;0;1
SEVDIA;1;2.8.1963;0;1
NAGRAN;1;22.9.1967;0;1
VASADDIN;1;11.3.1974;1;0
NUSFER;1;17.2.1954;0;1
MERGAIP;1;27.8.1956;1;0
YASENIYE;1;21.1.1967;0;1
APTULYAZIS;1;27.8.1953;1;0
MEVSIMAY;1;15.11.1986;0;1
DURNISA;1;3.1.1963;0;1
KAMURHAN;1;21.8.1963;0;1
TACLUHAN;1;28.1.1968;0;1
LUDMINA;1;13.2.1944;0;1
RUKSENIYE;1;24.8.1970;0;1
CELAYTIN;2;1.10.1961;2;0
ULGUME;2;20.11.1969;0;2
MAHPURET;1;29.10.1960;0;1
ENDAZE;5;20.11.1961;0;5
RAVSANBEK;1;17.6.1969;1;0
KADEMSER;1;13.1.1953;0;1
MAILCAN;1;4.1.1986;1;0
SENRAH;1;26.5.1972;0;1
RUMANI;1;26.8.1931;1;0
GULAKAR;1;11.4.1950;0;1
VILGUN;1;12.2.1965;0;1
IZNULLA;3;5.5.1965;3;0
AMIRBEK;1;29.7.1990;1;0
IMDAN;2;8.7.1946;1;1
DILSATA;1;24.12.1990;0;1
GULSANAM;3;22.12.1963;0;3
FERMIYAZ;1;27.6.1938;0;1
TEHMILE;1;20.3.1948;0;1
DULMAS;1;16.8.1952;0;1
SALMAM;1;8.2.1964;1;0
SIRKEN;1;2.2.1975;0;1
HORUL;1;20.10.1949;0;1
FAYISE;1;17.2.1960;0;1
MASHAL;1;1.6.1942;0;1
HOSIYA;1;17.11.1963;0;1
AZELHAN;1;9.2.1954;1;0
ADBULVAHAP;1;17.5.1942;1;0
MUBEYYER;3;7.3.1956;0;3
EZELEDDIN;2;23.10.1956;2;0
YARIHA;1;24.12.1930;0;1
NUCREDTIN;1;21.12.1954;1;0
YASENGUL;3;21.3.1971;0;3
EYNIGAR;1;3.4.1966;0;1
SUIZET;1;9.4.1939;0;1
RUILE;1;17.8.1918;0;1
GULNADIE;3;1.8.1971;0;3
DEMIRBARIS;1;20.9.1978;1;0
MANFIYET;1;13.5.1965;0;1
SILAYET;1;12.8.1954;0;1
ZATIBEK;1;21.3.1983;1;0
NATILIYE;1;1.5.1973;0;1
LAZIKE;1;11.5.1958;0;1
NEFAEL;1;28.10.1976;1;0
KUGERCIN;1;16.3.1938;0;1
EHUDAR;1;21.3.1954;0;1
BAYDEMIR;4;2.6.1943;4;0
BEDRUL;1;15.5.1943;1;0
SEBIZE;1;19.7.1942;0;1
HAFA;2;16.11.1965;0;2
MEHMETMUSAFIR;1;29.7.1973;1;0
SEMSINER;2;4.2.1968;0;2
SOTYE;1;22.12.1979;0;1
ELFINUR;1;12.2.1959;0;1
NAZEYYIN;1;3.3.1973;0;1
ALASLAN;1;5.6.1965;1;0
NAHICER;2;2.3.1953;0;2
IMMIGUSSUN;1;26.10.1967;0;1
BINNLIK;1;11.4.1969;0;1
MIRZEBEK;1;22.5.1973;1;0
MIRSEPTIN;1;2.2.1957;1;0
TAMAMYE;1;2.3.1975;0;1
MULTEZIN;1;12.6.1963;0;1
SALIZER;2;18.7.1950;0;2
SEHMERDAN;2;22.6.1963;2;0
ZEVEYLA;1;3.4.1937;0;1
MUHBURI;1;6.8.1974;0;1
EDAFET;1;14.8.1940;0;1
ZENGINUR;1;4.1.1963;0;1
ERKOCAK;2;3.8.1956;2;0
HESENET;1;2.3.1954;1;0
BISEYINE;1;24.4.1980;0;1
AREGUL;1;8.4.1959;0;1
VINAY;1;7.7.1981;1;0
PERVINHAN;1;9.11.1982;0;1
FAYIF;1;27.12.1965;1;0
AHEZER;1;17.7.1989;0;1
ASAIL;1;11.6.1967;1;0
HARREM;1;26.9.1980;1;0
BAYSEM;1;10.2.1962;0;1
BAGDANGUL;1;30.11.1973;0;1
AVZIT;1;21.5.1934;1;0
TAYFUK;2;5.5.1976;2;0
SAMIDA;1;20.1.1988;0;1
DOGUZER;1;4.7.1987;0;1
SIVIYAN;1;20.10.1970;0;1
GUNAYDE;1;7.11.1970;0;1
GULMUSAN;1;27.4.1944;0;1
NIGUL;1;22.2.1967;0;1
DIFUZE;1;12.11.1989;0;1
YIMOS;1;10.12.1959;0;1
MUHURBEK;1;2.10.1959;1;0
SIYAMU;1;1.1.1957;1;0
NATELYA;1;21.3.1962;0;1
TULAYKE;1;21.4.1970;0;1
SULFETE;1;15.7.1969;0;1
CENDU;1;22.7.1945;0;1
ELYANURA;1;23.3.1989;0;1
ISAYIM;1;22.2.1973;1;0
MIRANE;1;6.12.1982;0;1
IRMIZE;1;12.8.1947;0;1
RAHIDDIN;1;29.11.1932;1;0
BILALKAN;1;2.9.1951;0;1
ULUM;1;26.8.1948;0;1
KAVSARAT;2;28.12.1977;0;2
GULFINA;1;9.9.1984;0;1
MINASIB;1;11.2.1938;1;0
SULUYMEN;1;9.8.1982;1;0
MUHAMMADJON;1;25.3.1989;1;0
DIYET;2;8.9.1944;2;0
BACIKIZ;1;23.2.1931;0;1
BAYESER;1;22.8.1943;0;1
HUTFEN;1;2.2.1963;0;1
MUCAVHER;2;5.9.1953;0;2
MURATPIR;1;6.5.1970;1;0
CIVAL;1;26.2.1952;0;1
MIHRIMAL;2;30.11.1955;0;2
FECHIYE;1;7.4.1940;0;1
SEYIDIN;1;22.5.1961;1;0
REYHANUR;1;12.12.1971;0;1
ENSAFI;1;7.12.1963;1;0
GULDIYAS;1;11.3.1966;0;1
RAMZATA;1;2.2.1963;0;1
YILDIRAYHAN;1;21.4.1983;1;0
RENCEGUL;1;25.3.1951;0;1
ZAHIDESEVILAY;1;14.9.1988;0;1
MUSTECEF;1;27.2.1962;1;0
SUZENGUL;1;2.4.1957;0;1
CANPARASI;1;18.4.1980;1;0
TEKDIN;1;16.3.1971;1;0
EFRABIL;1;27.4.1941;1;0
CIDEL;1;18.3.1966;0;1
NIMNAR;1;5.2.1946;0;1
KOKI;1;17.8.1930;0;1
NEVCIL;1;11.6.1951;0;1
PENDUYE;1;17.11.1932;0;1
ALABEY;1;18.7.1954;1;0
GUNEYDI;5;1.10.1970;5;0
KAYTAZ;1;17.8.1930;1;0
GENCCAY;1;26.4.1971;1;0
DALIYAN;1;9.3.1959;0;1
FESMINAZ;1;28.1.1931;0;1
FAYRE;1;18.5.1969;0;1
SARIYEL;1;17.12.1945;0;1
FEVZULAH;1;23.6.1972;1;0
DOGUN;1;21.10.1982;1;0
UZEYEN;1;19.8.1965;0;1
KAISE;1;26.3.1953;0;1
NEGRIZE;1;11.10.1951;0;1
DILFENAZ;1;8.8.1973;0;1
SALIHSENOL;1;5.3.1971;1;0
FETKULLAH;1;21.7.1975;1;0
SULUTAN;1;6.4.1948;0;1
SUMERDEN;1;16.4.1959;1;0
GIULTEN;1;17.8.1966;0;1
INAFER;1;3.4.1949;0;1
ZAYIP;1;27.1.1934;1;0
NURDISEN;2;25.8.1958;0;2
SELLINAZ;2;13.10.1963;0;2
PERNESAN;1;16.2.1958;0;1
NEZELGUL;2;17.1.1960;0;2
TELIY;1;12.5.1965;0;1
HACIBILI;2;19.6.1961;2;0
ZIYNETIYE;2;21.5.1952;0;2
LIMARA;1;14.6.1980;0;1
SEDAIN;1;29.2.1960;1;0
BALZADE;1;19.3.1936;0;1
FAHMINAZ;1;16.7.1939;0;1
DIYALAHAN;1;14.7.1975;0;1
SEDRADDIN;1;2.4.1940;1;0
KOKIC;1;23.2.1937;1;0
ILIMBAR;1;13.12.1963;1;0
MESRIK;2;11.10.1937;2;0
NESAHIYE;1;12.4.1941;0;1
ASURHAN;1;13.12.1978;1;0
ZENURET;1;12.8.1917;0;1
MUZAYEN;2;7.9.1947;0;2
ULFETKE;1;21.8.1966;0;1
AFRAZIN;1;24.2.1962;1;0
MARMAR;2;18.6.1951;1;1
ABDULTALEP;1;17.11.1978;1;0
REBABE;2;25.7.1946;0;2
FERENNAZ;1;1.9.1941;0;1
DURSUNYASAR;1;23.4.1969;1;0
MURTU;1;26.2.1958;1;0
RUHICE;1;11.4.1963;0;1
SEVMIR;1;3.12.1966;1;0
BIFAT;1;17.3.1966;0;1
MENEKSAN;2;2.1.1964;0;2
SUBIYDE;1;9.2.1975;0;1
MESERE;1;16.9.1976;0;1
HUZMETULLAH;1;13.1.1961;1;0
OVIL;1;22.12.1985;0;1
ALIBURHAN;1;5.7.1966;1;0
IBBAR;1;21.11.1944;0;1
ALIMSA;1;24.3.1970;1;0
NAZIHANIM;1;27.8.1938;0;1
VEBIB;1;27.2.1956;1;0
TUNTULA;1;7.1.1952;0;1
REVCIVAN;1;11.7.1957;1;0
NILGAR;2;8.6.1974;0;2
NEVEYDA;1;6.2.1957;0;1
FEZIMEGUL;1;13.3.1962;0;1
LEBZIYE;1;26.10.1974;0;1
METDET;1;3.6.1970;0;1
TOHTAHAN;1;26.7.1984;0;1
YASAROGUZ;1;10.12.1961;1;0
FAHRISER;1;6.3.1941;0;1
SENME;1;16.1.1989;0;1
MUBEYYAR;1;29.3.1976;0;1
NERHIN;1;22.6.1978;1;0
HAYILLI;1;24.5.1949;0;1
SAHTURAN;1;29.2.1954;0;1
RUZUFET;1;17.3.1976;0;1
BAHRET;2;5.1.1962;1;1
YENSU;1;1.3.1981;0;1
RUISAN;1;10.9.1960;0;1
VILJDAN;1;12.8.1980;0;1
OTAR;1;11.10.1980;1;0
HAMAYA;1;4.7.1959;0;1
KABRIYA;1;30.2.1965;0;1
MUHTAS;1;6.8.1936;1;0
ERSEMA;1;20.6.1970;1;0
RUNIZA;1;14.7.1990;0;1
BAHTILA;1;22.5.1973;0;1
BIRGUNAY;1;27.12.1976;1;0
PERISTE;3;27.3.1965;0;3
UMMURAN;5;9.1.1965;0;5
VAIB;1;13.8.1956;1;0
DEYSERIF;1;7.11.1976;0;1
ELTUGAN;1;7.2.1970;1;0
OMER.;1;10.3.1974;1;0
GULNIDEM;5;23.4.1962;0;5
GULFERRE;1;27.8.1950;0;1
LUTFIYEGUL;1;3.11.1968;0;1
LEYFIZ;1;17.6.1961;0;1
ERENBAHRI;1;22.8.1979;1;0
BEHANE;9;16.5.1945;0;9
ABDULFURKAN;1;12.7.1991;1;0
TACERI;2;26.4.1974;2;0
VELIDA;1;22.3.1961;0;1
MUCELLAK;1;29.2.1960;0;1
SICIM;1;26.9.1977;1;0
PADO;1;30.7.1970;0;1
NURDIK;1;7.12.1966;0;1
KuRSAT;1;16.6.1972;1;0
MUSRIKAN;1;6.11.1950;0;1
VELDANE;2;3.1.1954;0;2
ILHANRUSTU;1;16.7.1976;1;0
SEIDALI;1;24.3.1966;1;0
SEVIMTEN;1;1.2.1943;0;1
MURZIYET;1;7.8.1934;0;1
ALIFAIR;1;4.2.1970;1;0
ILMINAS;1;28.4.1944;0;1
APTULRAHIM;2;4.9.1951;2;0
GULLIZADE;2;28.9.1948;0;2
IKAR;1;26.10.1941;0;1
HUSNAZ;1;5.5.1946;0;1
EMSALSIZ;1;17.3.1954;0;1
SAHNEZER;1;28.4.1974;1;0
MAYINNAS;1;24.11.1949;0;1
CUMHIRIYE;1;7.5.1958;0;1
RUHIGULSUM;1;18.6.1942;0;1
HEDIDA;1;27.2.1956;1;0
SENFINAZ;1;14.9.1956;0;1
MIRZI;1;7.8.1922;0;1
ARDAHANLI;1;7.5.1982;1;0
SEHHER;3;14.10.1953;0;3
COSGUNER;1;23.12.1966;1;0
MUSTEGUL;1;7.2.1952;0;1
LIBEL;1;20.7.1972;0;1
ILMINE;1;14.6.1960;0;1
SAYSENEM;5;29.1.1971;0;5
BAYADIN;1;29.2.1949;1;0
SONERGUL;1;26.3.1963;0;1
SACKIN;1;12.10.1965;1;0
BILZAN;1;27.2.1992;0;1
EYYUBULENSAR;1;6.10.1978;1;0
PERUZADE;3;13.5.1950;0;3
SUSAMETDIN;1;8.3.1970;1;0
YENILMAZ;4;10.11.1960;4;0
MUFAK;1;13.3.1968;1;0
RUHENA;1;11.7.1975;0;1
ZULFINA;1;2.2.1945;0;1
MIBERRAH;1;1.4.1937;0;1
GAHVAR;1;24.5.1956;0;1
SERMIYET;1;2.8.1951;0;1
PRISCILA;1;30.9.1966;0;1
ARZUZUHAL;1;7.7.1973;0;1
IFLADIYE;1;12.11.1959;0;1
MEPRUZ;1;6.3.1959;0;1
SAYGEN;1;20.1.1954;0;1
SEHIRBANIYE;1;26.1.1955;0;1
UMURMAN;1;7.3.1946;0;1
ESBERALP;1;28.2.1985;1;0
ZUHERE;1;7.8.1952;0;1
NEAZAN;1;8.10.1963;0;1
AYSEVAN;1;30.9.1939;0;1
EDNANE;1;10.9.1943;0;1
SEVLUNAZ;4;2.1.1963;0;4
NAYID;1;27.8.1956;1;0
HAYKUNE;1;2.8.1927;0;1
ELEHATTIN;1;2.7.1981;1;0
KEHMET;1;27.6.1986;1;0
ABDULHAKIK;1;2.3.1963;1;0
YASMA;1;28.2.1968;0;1
MERYI;1;12.2.1947;0;1
GERISAH;1;12.12.1977;0;1
NEVZAKA;1;4.2.1952;0;1
NERIVAN;5;6.7.1981;0;5
MUNTAN;1;15.6.1959;0;1
MENAZIP;1;6.9.1989;0;1
MIZBAHDIN;1;28.4.1987;1;0
SEHNUS;1;6.3.1972;1;0
GUYMUR;1;22.4.1955;0;1
FERYASET;1;1.6.1946;0;1
FIDYAL;1;1.11.1985;1;0
PERIYADE;1;16.6.1928;0;1
FODAL;1;3.1.1956;0;1
MERAKE;1;21.6.1950;0;1
CABREIL;1;18.3.1978;1;0
PIPUMHAN;1;12.8.1923;0;1
SERCACETTIN;1;2.2.1963;1;0
SUCHIYE;1;2.9.1961;0;1
HAYRILIS;1;8.6.1947;0;1
SELFIREZ;2;5.3.1953;0;2
MEVHIP;1;16.7.1951;0;1
CENKIS;1;19.9.1952;1;0
KAMINE;3;22.9.1960;0;3
MAHIFERUZ;2;30.5.1964;0;2
UMANIYE;1;28.3.1958;0;1
SIMMIZAR;1;28.9.1943;0;1
GENEME;1;22.12.1959;0;1
HALUTUN;1;6.7.1968;1;0
AYSINAZ;2;13.10.1962;0;2
KARADAVUT;1;12.4.1953;1;0
MINSA;1;15.2.1975;1;0
AYFETIN;1;12.11.1990;1;0
GULBEHRI;2;26.6.1961;0;2
MIRAYDIYE;1;12.3.1992;0;1
MEST;2;24.11.1958;2;0
LAZAM;1;23.2.1940;1;0
PEDIRYE;2;9.11.1980;0;2
MUTEL;1;7.1.1970;0;1
BEYSSE;1;22.8.1961;0;1
IZAHIR;1;1.6.1970;1;0
LATISA;1;27.8.1956;0;1
ZAMULMEKAN;1;12.12.1971;1;0
MUVIDET;1;22.8.1955;0;1
MIDAIME;1;8.5.1965;0;1
VAFURE;1;1.6.1971;0;1
ZURKER;1;15.7.1981;1;0
KOKCU;1;5.4.1981;1;0
KARAHAVA;1;12.4.1923;0;1
MAHUNUZ;1;12.8.1947;0;1
KERZIG;1;7.1.1970;0;1
FILGET;1;29.2.1950;0;1
GULHANEDDIN;1;12.2.1965;1;0
MUHURIBAN;1;28.3.1986;0;1
EFLE;1;14.8.1960;0;1
IZAHE;1;2.8.1921;0;1
MUAZETTIN;1;7.2.1964;1;0
GULEDER;4;12.1.1971;0;4
ABDURRUHAN;1;27.6.1986;1;0
NEBIYYEH;1;2.2.1983;0;1
BADIHAZEN;1;18.5.1965;0;1
SATANGUL;1;2.2.1951;0;1
HESABALI;2;24.3.1955;2;0
RUHNETTIN;1;9.10.1979;1;0
SAHPIKE;1;26.12.1951;0;1
CAYCIMEN;1;26.12.1975;0;1
MUVIZE;1;14.4.1959;0;1
SUANDER;2;20.9.1949;0;2
MUNSIN;1;27.10.1980;1;0
MUKDETTIN;1;9.7.1969;1;0
PASOV;1;27.6.1934;1;0
YEMENULLAH;1;26.3.1972;1;0
ENDIFE;1;22.2.1961;0;1
HIYDER;1;2.3.1963;1;0
SUNAVI;1;17.5.1966;1;0
EMRIK;2;22.9.1945;2;0
RAHSINAZ;1;18.5.1985;0;1
NERBANE;1;22.10.1939;0;1
NEFIZER;2;4.1.1946;0;2
SIBEK;1;13.4.1974;0;1
YAMIL;1;2.2.1951;1;0
GUBIYE;1;3.1.1931;0;1
NECBIDIN;1;25.12.1969;1;0
CENKERI;3;25.12.1983;3;0
SEFAHNIYE;1;15.1.1950;0;1
YOLUNTEKIN;1;14.3.1935;1;0
MANIDAR;1;20.4.1973;0;1
BELKIE;1;1.1.1983;0;1
FELUL;1;18.4.1984;1;0
HUMAZAT;1;14.7.1941;0;1
SEVERDIN;2;11.9.1960;2;0
IRSALI;1;15.5.1965;0;1
RAHIMCAN;1;1.1.1987;1;0
ASFENT;1;23.1.1961;1;0
ESEHATUN;1;8.3.1977;0;1
ZULKAVNI;1;17.8.1942;1;0
MUCEMMEL;1;22.8.1931;0;1
ESMERA;1;1.3.1988;0;1
MURECCAN;1;7.6.1981;0;1
AVIZEGUL;1;22.12.1949;0;1
PALHAN;1;7.7.1940;0;1
NURICAGRI;1;17.6.1985;1;0
LAZ;1;16.6.1963;1;0
ELVALI;1;6.12.1986;1;0
TUNCKANAT;1;8.8.1946;1;0
AMRUS;1;2.7.1951;0;1
NURDONUS;2;30.8.1974;0;2
EBUBEKIRTALHA;1;28.6.1989;1;0
FAHRURNISA;1;7.3.1946;0;1
NASTASSJA;1;1.11.1983;0;1
SUMULE;1;12.6.1933;0;1
MUKKAYET;1;22.2.1949;0;1
MICEVHER;1;21.11.1983;0;1
GIRMI;1;7.2.1970;0;1
MAHLUSE;1;9.2.1964;0;1
SUSLIYE;3;12.12.1966;0;3
ZULCEN;1;17.1.1968;0;1
BIRCANTURK;1;27.2.1986;0;1
NERSANI;1;25.6.1979;0;1
RUYDIYE;1;18.5.1963;0;1
CEVDEDDIN;1;30.9.1969;1;0
SEBGET;1;1.4.1985;1;0
SEZGON;1;6.9.1980;1;0
SEVIKKE;1;13.1.1962;0;1
TELEM;1;12.4.1983;0;1
HATCANIM;1;6.11.1961;0;1
YURTTEN;2;4.4.1959;0;2
TURCANE;1;27.8.1926;0;1
DALSAL;1;21.1.1953;1;0
ESIMANA;1;19.5.1950;0;1
KILINCHAN;1;2.8.1933;1;0
GULUMAL;1;24.6.1950;0;1
AKIKE;1;2.8.1945;0;1
GADIRIYA;2;12.10.1969;0;2
NISABITTIN;1;13.2.1955;1;0
SERENNAZ;1;17.2.1942;0;1
SEZAZI;1;17.4.1943;1;0
HERIS;2;29.6.1974;0;2
SEFFETURRAHMAN;1;14.9.1986;1;0
DURAYIL;1;1.6.1943;1;0
SENHUZAR;1;16.12.1954;0;1
FESLIME;1;7.5.1970;0;1
DURAHIM;1;16.3.1941;0;1
YASARAY;2;23.12.1977;0;2
NURBASAR;1;3.5.1961;1;0
DURAYIM;1;17.4.1936;0;1
NACIKAN;1;17.4.1974;0;1
VECIBIYE;1;26.11.1969;0;1
KULSADE;1;4.5.1936;0;1
TURCENGUL;1;8.3.1971;0;1
MUHTESEMEN;1;1.6.1964;0;1
MUZAME;1;23.8.1976;0;1
MELENDE;1;1.5.1962;0;1
SULEYMANALI;1;30.10.1951;1;0
RUKLETTIN;1;16.12.1956;1;0
SABABIYE;1;16.11.1965;0;1
GUZEHIDE;1;3.11.1939;0;1
AHLIYE;1;24.5.1961;0;1
DILAYAT;1;21.2.1982;0;1
ADAYE;1;2.2.1939;0;1
UTARIK;1;1.4.1946;0;1
JUBER;1;12.2.1947;1;0
ETEULLAH;2;3.11.1964;2;0
NEFEN;1;27.2.1986;1;0
HALIMEANA;1;22.3.1967;0;1
FESAAT;1;11.6.1957;0;1
NEVROZIM;1;9.5.1946;0;1
GULENDIYE;2;6.11.1974;0;2
MULAYIT;1;22.4.1943;0;1
GULSEVIYYE;1;18.4.1966;0;1
GULLEZ;2;15.6.1943;0;2
SERVANA;1;27.3.1938;0;1
HOSADIYE;3;9.5.1942;0;3
SIBRIYE;1;27.3.1962;0;1
SEBADI;1;24.4.1973;0;1
BEHZARE;1;11.9.1984;0;1
IKIREM;1;11.3.1951;1;0
LIBAHI;2;27.12.1949;0;2
HECAYIYE;1;10.11.1958;0;1
BAHIM;1;2.11.1951;1;0
HAMBALETTIN;1;6.1.1956;1;0
SERMIH;1;17.11.1984;0;1
SENATOR;1;8.2.1964;1;0
MECIL;1;11.4.1957;1;0
NINET;1;4.2.1957;0;1
OLDER;1;16.10.1970;1;0
PIRZAK;1;10.3.1945;0;1
YAGDIKER;1;9.12.1976;0;1
URUH;2;15.10.1959;0;2
BEDESTAN;6;24.12.1952;0;6
NASIFIYE;1;20.3.1938;0;1
IBIRLI;1;1.4.1961;1;0
MEDENE;3;5.6.1967;1;2
EVSIYE;4;5.8.1959;0;4
NUDUME;1;23.1.1960;0;1
URDAN;1;1.9.1980;0;1
NURVA;1;20.1.1954;0;1
YILDIZEL;1;10.9.1947;0;1
SENNURA;1;13.10.1973;0;1
MUBECCIR;1;7.5.1971;0;1
NESAY;7;19.7.1978;0;7
ALOV;1;2.5.1944;1;0
SUBIDE;5;23.10.1969;0;5
MERAHI;1;17.9.1977;0;1
ICIRAY;1;26.5.1971;1;0
DURILE;2;25.7.1968;0;2
BEYRUNI;1;17.10.1986;1;0
GULTERIME;1;2.9.1939;0;1
MULTERIME;1;6.11.1955;0;1
NEZIYLE;2;15.11.1965;0;2
ZUBUT;1;16.11.1943;0;1
HUVASI;1;12.10.1982;1;0
SEHRAH;1;29.3.1938;0;1
ZULZAHIR;1;15.11.1981;1;0
MESRURI;1;12.8.1968;1;0
ATIGA;1;9.4.1958;0;1
TAKIYUTTIN;1;27.10.1942;1;0
SEREZLI;1;14.2.1986;1;0
MUBALYA;1;16.2.1962;0;1
EHIYE;1;22.8.1943;0;1
GULHIYA;1;9.12.1962;0;1
OZAKAR;1;22.9.1979;0;1
MAFIZEN;1;29.7.1942;0;1
DAGEYA;1;21.11.1942;0;1
SEDAVI;2;3.11.1969;2;0
ERIMI;1;7.4.1958;0;1
MUNAMIN;1;4.4.1959;1;0
NURCUYAN;1;1.11.1970;0;1
CUNEYYIT;2;5.12.1964;2;0
ZARIHA;4;21.3.1961;0;4
NAKIYEN;1;28.7.1957;0;1
IRAMI;1;7.4.1941;0;1
PUREZA;1;30.11.1943;0;1
KARIFET;1;6.2.1957;0;1
CURABEY;3;21.6.1964;3;0
FUDANI;1;13.10.1960;0;1
SAHSAR;3;8.11.1951;0;3
GULHAYRI;1;2.11.1929;0;1
ESEMBIL;2;16.4.1984;2;0
MIFAYIL;1;17.5.1960;1;0
TUMYAMIN;1;16.2.1970;1;0
ZUBIDA;1;4.2.1982;0;1
SADINES;1;22.3.1955;0;1
VAFIGDE;1;8.3.1939;0;1
GULNESEN;1;26.1.1977;0;1
TEFEKUL;2;29.11.1972;0;2
BURUDI;1;11.3.1969;1;0
NERSUN;2;16.12.1959;0;2
SELURAN;3;12.2.1957;0;3
HURUFI;1;13.2.1974;1;0
KOUBRA;1;16.10.1960;0;1
FARATDIN;1;17.11.1958;1;0
MAYHA;2;7.12.1951;0;2
MAYHUNUR;1;11.6.1958;0;1
EMIRSAR;1;8.9.1956;1;0
ZULGAYDE;1;6.2.1968;0;1
DURANBEY;5;26.8.1963;5;0
EDASECIL;1;23.6.1975;0;1
GOMUL;2;14.1.1959;0;2
GUZRAN;4;25.3.1966;0;4
ZIDDIKE;1;17.2.1984;0;1
GUZURAN;1;11.3.1980;0;1
SAGBETTIN;1;27.4.1980;1;0
LIYZA;1;21.5.1952;0;1
MUKBINE;1;17.12.1978;0;1
BALUNMU;1;19.3.1959;0;1
EBRUNAZ;1;2.11.1981;0;1
DILSAHAT;2;18.4.1969;0;2
MESDURA;1;20.6.1979;0;1
APPAZ;1;19.6.1972;1;0
TUYCAN;1;6.6.1971;0;1
KAFITTIN;2;18.3.1951;2;0
SAHSIVERBILEN;1;18.3.1954;1;0
SARAFEDTIN;1;19.1.1930;1;0
VALIDIYE;1;27.7.1971;0;1
ZENNON;2;29.9.1971;2;0
MUAYIR;1;18.3.1972;1;0
FETHILE;1;10.6.1977;0;1
SEFEGUL;1;21.3.1966;0;1
UMMUGULDEMIR;1;28.6.1971;0;1
NUYAR;1;18.6.1970;0;1
PAMUCAK;3;14.9.1956;0;3
GOKSENI;1;30.8.1975;1;0
MIHRAMIYE;1;26.4.1976;0;1
ZULFUKE;1;6.1.1971;0;1
NEKAIL;2;1.10.1961;2;0
SERIHANIM;1;12.5.1950;0;1
BURSUNE;1;27.11.1950;0;1
KELEM;2;15.5.1981;0;2
MELLAL;1;16.6.1971;0;1
DAGITTIN;1;24.3.1990;1;0
MESLEKEN;1;1.6.1943;0;1
AMANETTIN;1;22.2.1961;1;0
SUZAYE;1;22.1.1955;0;1
DINYARE;1;3.9.1949;0;1
NEVSAYE;1;27.10.1944;0;1
ERCINE;1;28.2.1968;0;1
MIHITDIN;1;1.2.1965;1;0
SAFAYIL;1;21.2.1970;0;1
LUYUZE;1;18.3.1948;0;1
NIFTAYI;1;28.9.1962;0;1
HADESE;1;7.8.1922;0;1
GULUSELI;1;26.7.1942;0;1
MUKERNAZ;1;17.4.1966;0;1
PIRDAS;2;28.7.1964;0;2
ERGUDAY;1;18.1.1986;1;0
MESANE;2;7.6.1960;0;2
NEFISTEN;1;2.8.1959;0;1
CEZRIYE;1;16.4.1928;0;1
YELKAY;1;30.3.1992;1;0
OZAI;1;16.5.1975;1;0
INCIDIZEN;1;11.5.1956;0;1
OZENFER;2;26.12.1961;2;0
GUNSELIME;1;27.5.1944;0;1
ARSUNAL;1;1.9.1959;1;0
EHNAL;1;10.10.1962;0;1
BEHINAT;1;14.12.1961;0;1
IMIREN;3;27.11.1962;2;1
SUKUFIYE;1;7.8.1939;0;1
SEVETTIN;1;22.10.1941;1;0
ICIRAN;1;8.6.1970;0;1
SEREHAT;1;22.2.1979;1;0
KIZBULLA;1;7.1.1958;0;1
GULDIYEN;4;2.1.1966;0;4
MUHTEYIP;1;22.7.1967;1;0
BELFIZAR;2;29.6.1975;0;2
CUFRIYE;1;4.5.1969;0;1
NIHASA;1;3.5.1973;0;1
SECIDIN;1;11.4.1961;0;1
ZILGAYDE;1;26.2.1971;0;1
VECIBEN;1;14.11.1956;0;1
SAVRIYA;1;12.10.1965;0;1
GULLURI;1;28.7.1952;0;1
APDULTALIP;1;2.7.1965;1;0
DILBAY;2;8.6.1982;1;1
MEYASSA;1;28.4.1961;0;1
NERIZUN;1;21.10.1979;0;1
CUFERE;2;30.3.1978;0;2
GUNARIYE;1;2.6.1945;0;1
MUTTEKIM;1;5.5.1944;1;0
MEHBURA;1;21.9.1968;0;1
NERIFA;1;16.6.1968;0;1
GULLIYEN;1;14.7.1978;0;1
NUTUFIYE;1;17.12.1936;0;1
SULIRI;1;19.4.1971;1;0
ISNUL;1;17.12.1978;0;1
NURUSA;1;24.6.1931;0;1
NEZURAN;1;24.4.1966;0;1
CUFARIYE;1;22.12.1937;0;1
MELHATI;1;12.1.1947;0;1
TURNAZ;1;17.11.1960;0;1
GUNSEZER;1;2.10.1969;0;1
BELHISAR;1;17.8.1930;0;1
ECEVET;1;23.7.1971;1;0
ZULFUBAR;1;17.3.1970;0;1
NEVFISE;2;19.7.1958;0;2
GULBEYLAN;1;6.1.1960;0;1
MURUBIYE;1;12.9.1947;0;1
GULUHAT;1;16.7.1965;0;1
HALIMSER;2;3.12.1968;0;2
ZILLUFER;1;11.3.1974;0;1
HECEZIYE;1;25.5.1971;0;1
GADIRYA;1;3.4.1963;0;1
DURHAETTIN;1;7.2.1952;1;0
SIRFET;2;22.7.1952;0;2
ADVEN;1;7.6.1963;1;0
VEREF;1;1.6.1970;1;0
HUMAYITTIN;1;27.7.1935;1;0
MACUDIYE;1;1.3.1979;0;1
MASTE;1;21.10.1950;0;1
UMMANIM;1;27.4.1980;0;1
MUGESSER;1;15.11.1972;0;1
NEVISET;1;2.11.1938;0;1
MAHRUNE;1;21.8.1931;0;1
LIFAR;3;4.5.1964;0;3
HORSUN;1;3.2.1947;1;0
SAVEZ;7;18.10.1957;0;7
MUGASSIR;2;14.10.1964;2;0
HALILAY;1;21.6.1978;1;0
SEVGULCAN;1;6.12.1968;0;1
MUBETCAR;1;6.2.1944;0;1
CENNETGULU;1;1.9.1935;0;1
ZUYHAL;1;11.11.1975;0;1
TEVZILE;1;7.5.1970;0;1
BALABAYIM;1;28.5.1953;0;1
ANISAK;1;27.5.1950;0;1
VEHIMET;1;19.2.1957;0;1
NEJDAD;1;22.7.1954;1;0
AYHUDA;1;14.7.1958;0;1
ISTESER;1;27.2.1941;0;1
SEHRUZEN;1;26.12.1988;0;1
GURDEY;6;19.1.1942;0;6
HAKIYLA;1;26.12.1954;0;1
LEYHISE;1;22.2.1967;0;1
EVTIYE;2;17.3.1961;0;2
ERTIYE;1;17.12.1960;0;1
ERSAS;1;30.10.1955;1;0
PAPA;2;14.12.1936;0;2
ILFAYET;1;22.3.1947;0;1
KUSNE;2;29.4.1944;0;2
MUSNIZ;1;27.4.1938;0;1
GATTES;1;17.12.1939;0;1
OZEYIL;1;11.9.1955;1;0
LAZEN;1;4.6.1956;0;1
TUFEYLA;1;1.4.1954;0;1
NECBIN;1;6.3.1949;1;0
TAZIKA;1;7.2.1946;0;1
PAPE;1;9.3.1930;0;1
CANSUNA;1;27.1.1980;0;1
NURYASIN;1;14.6.1964;1;0
LEYLIVER;1;26.3.1943;0;1
SERYAT;2;16.8.1960;1;1
NUHUZA;1;4.4.1938;0;1
MEVFIDE;2;28.6.1954;0;2
ADACAN;1;6.4.1963;1;0
IKSAI;1;21.2.1970;1;0
HOBAN;2;23.11.1952;0;2
SAHVEZ;2;27.1.1953;0;2
NENFER;1;17.4.1936;1;0
MERINAT;1;6.4.1961;0;1
MURADIA;1;28.10.1950;0;1
MENBIYE;1;2.7.1969;0;1
BALKIYAN;1;21.3.1965;0;1
TEMSIT;1;1.6.1938;1;0
MUDERRA;2;13.8.1972;0;2
DOYMUS;1;28.5.1936;1;0
SENNUREN;1;21.10.1959;0;1
SABUHAYAT;1;23.2.1938;0;1
SEHENDAR;1;26.1.1956;0;1
SAZMIE;1;30.12.1980;0;1
MERTULE;1;1.3.1966;0;1
MEPSUDE;1;1.3.1954;0;1
YURDAGUVEN;2;4.5.1953;2;0
IKRIYME;1;18.12.1942;0;1
ZANFURE;1;24.1.1987;0;1
GULAZAN;1;28.11.1954;0;1
HURKIZ;1;20.4.1991;0;1
THEREES;1;3.9.1956;0;1
ILMUAZAN;1;27.10.1956;0;1
MILHATUN;1;22.2.1972;0;1
MERSIBAN;1;22.1.1956;0;1
SEVILEM;1;16.1.1972;0;1
NEVNER;1;21.3.1942;0;1
YUKABE;1;2.6.1963;0;1
SESENBER;1;22.5.1949;0;1
RAZINAN;2;29.5.1973;0;2
HUVEYLAN;1;22.4.1945;0;1
FEOMAN;1;14.8.1972;0;1
BEYEZIT;1;26.4.1960;1;0
ZENNEZ;5;11.2.1952;0;5
SOKURE;3;9.10.1958;0;3
SAFINAY;1;11.8.1970;0;1
SELAMIK;1;26.8.1959;1;0
BEYIDA;1;14.5.1989;0;1
SAHSENDE;2;25.11.1972;0;2
NANIF;1;26.12.1979;0;1
HAYSETE;2;17.5.1974;0;2
DIHYE;2;29.11.1986;2;0
ABBUBEKIR;2;24.10.1973;2;0
UMMUKUSSUN;1;1.3.1954;0;1
ABDULYAZI;1;2.2.1941;1;0
HIYALETTIN;2;25.7.1960;2;0
NEVRESIYE;1;20.10.1942;0;1
SERVENTI;1;2.2.1962;0;1
MIKMIN;1;21.10.1971;1;0
SELSUN;1;21.11.1989;0;1
CEMANIR;1;17.12.1979;0;1
UTFEDIL;1;17.2.1984;1;0
BELHIMAN;1;22.3.1957;0;1
NEZIYZE;1;24.10.1961;0;1
TEFEGGUL;1;17.11.1981;0;1
ZABITDIN;2;20.7.1969;2;0
RAKUBE;2;27.9.1970;0;2
ERELCAN;1;5.6.1990;1;0
GULENPINAR;1;8.4.1981;0;1
UMSIYE;2;29.8.1970;0;2
ZUBERBARIS;1;29.7.1989;1;0
ZAYIRA;1;6.10.1965;0;1
EKRIMAN;1;22.6.1937;0;1
FETUHLAH;1;2.7.1963;1;0
HELVETE;1;4.4.1952;0;1
SERRUBEN;1;28.2.1956;0;1
AKPOLAT;1;18.6.1961;1;0
AYRIFE;3;26.3.1965;0;3
MUMTAZZAM;1;21.5.1982;1;0
MUSLAK;1;12.4.1959;1;0
ILAVET;1;18.3.1966;0;1
ERYOL;3;12.3.1944;3;0
MELENDI;1;8.8.1981;0;1
SERGOZEL;1;16.5.1963;0;1
ROSIRVAN;1;26.8.1960;1;0
YUCEGAYE;1;22.8.1975;0;1
PERVUN;1;5.4.1969;0;1
MINEVRE;1;26.11.1964;0;1
PAYZEN;1;16.9.1979;0;1
HATMES;1;22.9.1975;0;1
KIRIZAN;1;22.5.1967;0;1
YURDASIPER;1;19.4.1965;1;0
PARLAS;3;9.2.1956;3;0
GULUSTEN;3;24.7.1964;0;3
ESIRIN;3;30.2.1962;0;3
MUTSEN;1;19.7.1975;0;1
ERTUMENT;1;1.5.1983;1;0
ALAYSIN;1;8.1.1974;1;0
FATIMAZ;1;25.10.1981;0;1
FERISHANIM;1;30.3.1961;0;1
RABITA;1;30.5.1961;0;1
BIRLANT;1;25.10.1960;0;1
DURUBEY;9;7.7.1964;9;0
KHANY;1;3.4.1980;1;0
NEZIFRAT;1;12.2.1971;1;0
SUAYBEN;1;4.4.1976;1;0
GULOZGE;1;4.8.1981;0;1
FATMANE;1;24.11.1954;0;1
FESHILE;1;18.3.1955;0;1
SEHPEL;1;11.4.1943;0;1
ORHANMERT;1;2.7.1990;1;0
NOGBEL;1;3.6.1946;0;1
MESANA;1;17.8.1962;0;1
IRKUT;1;27.5.1980;1;0
MUFAHARE;1;5.11.1934;0;1
CEMPIRE;1;3.3.1951;0;1
HERIBE;1;2.2.1939;0;1
NEDAVER;1;11.7.1979;1;0
ZEMLIHAN;2;23.10.1959;1;1
DAKIKA;3;8.2.1970;0;3
MUSUYDE;1;17.12.1970;0;1
TEFARIH;1;6.2.1938;0;1
ASAANA;1;25.4.1943;0;1
SEMSIMEN;1;6.11.1973;0;1
MIKALE;1;6.6.1980;0;1
NAZICHIAR;1;12.5.1955;0;1
SEFAEDER;1;28.10.1965;0;1
HASFI;2;2.1.1953;2;0
DUDURUKADIN;1;26.12.1936;0;1
MERSUL;1;27.3.1974;1;0
PERIKE;1;17.2.1966;0;1
NURIZAYE;1;6.4.1960;0;1
GULTEBAR;1;14.4.1963;0;1
REVIKE;1;7.10.1966;0;1
CETEL;2;30.9.1971;2;0
VETAH;1;29.1.1979;0;1
RIZBAHAR;1;22.2.1967;0;1
DALIL;1;1.10.1984;1;0
EYYAZ;2;7.6.1984;2;0
SAHYENET;1;22.2.1967;0;1
RAFIET;2;27.8.1972;0;2
ABDULZEYT;1;13.4.1983;1;0
ABDUSETAR;2;15.10.1971;2;0
BERHIVI;1;28.3.1992;1;0
ABDILSELAM;1;29.3.1992;1;0
ZUHEYT;1;9.5.1973;1;0
UDBAN;2;7.6.1991;2;0
AFDEL;2;14.10.1965;2;0
BEHYECAN;11;13.4.1976;0;11
HABAP;1;20.4.1935;0;1
MIHET;1;21.5.1963;0;1
HIKUMET;1;12.2.1935;0;1
MEDIGAR;1;2.12.1984;0;1
HANUDA;1;27.2.1974;0;1
VERDERSAH;1;13.1.1974;0;1
KAMERYAN;1;26.8.1959;0;1
AZIYA;3;25.2.1965;0;3
PIRIZ;1;22.2.1961;0;1
LEZGIR;1;22.11.1991;1;0
AGIR;1;27.2.1986;1;0
HUZE;1;25.12.1989;0;1
KALSAN;1;11.3.1970;0;1
GADENFER;2;1.9.1949;2;0
AMBAR;1;13.3.1947;0;1
GAYIC;1;22.4.1949;0;1
GULAGSA;1;12.2.1971;0;1
EYMENA;1;12.2.1977;0;1
GINDUR;1;30.7.1950;1;0
RIZU;3;11.1.1929;0;3
PAMPU;1;17.3.1955;1;0
PECEP;1;29.4.1992;1;0
CIGERHAN;1;6.7.1979;1;0
PUNGE;1;28.5.1980;0;1
SERCA;4;30.9.1988;0;4
SAFU;1;5.1.1927;0;1
GUDBEDIN;1;2.7.1975;1;0
MUNTAKA;1;24.5.1983;0;1
PERIOZAN;1;22.10.1991;0;1
ALYAHAN;1;24.3.1966;0;1
KIDAR;1;17.2.1978;1;0
DUJEN;1;14.2.1975;0;1
MEMRU;1;7.4.1934;0;1
URIF;2;1.10.1947;0;2
BERISTAN;2;30.10.1954;0;2
RAHMAHAN;1;17.3.1959;0;1
KUFAN;1;6.6.1991;1;0
JUFAN;1;7.5.1990;1;0
GUNBET;1;17.7.1962;0;1
ITBAN;1;20.4.1973;1;0
LOTFIYE;1;7.2.1982;0;1
SINCU;1;27.8.1932;1;0
NENUS;2;2.2.1972;0;2
RUVEYT;1;1.1.1977;1;0
NECBIH;1;21.10.1988;0;1
PIRIZDIN;1;2.8.1969;1;0
GEME;2;10.8.1970;0;2
EZDDIN;1;18.4.1965;1;0
NESSIME;1;18.4.1987;0;1
CIDI;1;3.11.1967;1;0
GILYA;1;7.2.1958;0;1
NAZINDA;1;8.3.1976;0;1
SAYFEDDIN;1;22.2.1961;1;0
UFUT;1;8.6.1982;1;0
SUSDAR;1;7.5.1990;0;1
KEZU;1;1.10.1920;0;1
ESFEHAN;1;17.3.1984;0;1
GUVENDAR;1;27.8.1980;1;0
LALAS;1;12.4.1974;0;1
UMMULKESLUM;1;24.6.1989;0;1
NEDYAR;1;12.4.1965;0;1
VATBAN;1;27.3.1992;1;0
KITRU;1;22.5.1930;0;1
RAHILATE;1;2.2.1963;0;1
GEMIFAN;1;19.12.1979;1;0
HELICAN;1;17.7.1990;0;1
UMYANE;1;12.2.1947;0;1
MEGBILE;1;11.6.1975;0;1
PIRMIZ;1;13.7.1935;1;0
MAHRISE;1;18.5.1960;0;1
SEFANATE;1;9.5.1980;0;1
KIFIYA;1;2.5.1975;0;1
KOTUR;1;6.3.1956;0;1
GIDBAN;1;24.2.1961;1;0
GOHDAR;1;11.3.1973;1;0
BUZHAN;1;29.10.1975;0;1
HISSET;1;15.12.1972;0;1
HESAR;1;7.2.1970;1;0
KIYDEM;1;22.7.1974;1;0
SIYEHAN;1;17.4.1974;0;1
FAHITET;1;27.3.1967;0;1
HEVAN;1;16.3.1982;0;1
SIMU;2;15.4.1943;2;0
BEZKIN;1;7.8.1934;0;1
ILISVE;1;29.5.1938;0;1
AGASUR;1;18.7.1936;1;0
REKU;1;15.3.1928;0;1
MUMUNA;1;27.9.1980;0;1
YEMLIGAN;1;21.9.1983;1;0
TAYATE;1;17.6.1972;0;1
BABAAGA;1;6.9.1975;1;0
NUFIYA;1;12.3.1971;0;1
MIZGAL;1;6.7.1913;1;0
GULAHSA;1;14.3.1983;0;1
ASKU;1;2.2.1969;1;0
TAKSIMAT;2;27.4.1976;0;2
CUDIHAN;1;26.3.1991;1;0
NIHI;1;17.2.1972;1;0
HAMSU;2;3.2.1930;0;2
MIKADER;1;27.4.1966;0;1
SEFAFETTIN;1;1.6.1979;1;0
HOCE;1;23.1.1931;1;0
HIZBU;1;21.5.1973;0;1
BILASIM;1;2.2.1969;1;0
LUKZ;1;1.6.1973;0;1
FIRRIYE;1;27.1.1986;0;1
HEMOS;2;25.8.1961;0;2
BISRET;1;27.4.1962;0;1
HAYBETTE;1;26.9.1972;0;1
GATBAN;1;11.5.1962;1;0
SEGFAN;1;13.5.1975;1;0
EGMIR;1;12.6.1939;1;0
UTFIYE;1;26.7.1978;0;1
SEHRILNAZ;1;26.6.1979;0;1
ZHIAN;1;2.2.1969;0;1
HIMAL;1;27.2.1974;0;1
CIYER;1;18.4.1978;1;0
MOHABBET;2;2.4.1958;0;2
YUDAGUL;1;8.9.1972;0;1
HIYANET;1;6.10.1990;0;1
HUSTI;1;11.6.1946;1;0
CORI;1;22.8.1925;0;1
ZIRAFIK;1;17.2.1966;0;1
ELIGAN;1;26.2.1958;0;1
HIDAM;1;26.9.1972;1;0
BAHATTTIN;1;2.5.1987;1;0
ALPKAYA;1;16.8.1974;1;0
PUSRA;1;2.8.1927;0;1
SAHYANET;1;29.4.1992;0;1
EBUNUVAS;1;13.2.1965;1;0
NEGRIN;1;22.9.1991;0;1
MUVEKKIL;1;21.9.1981;1;0
BIRSENK;1;16.7.1980;0;1
FEYLUS;1;29.6.1950;0;1
BUSENK;1;21.2.1980;0;1
HEKIMDAR;1;8.5.1972;1;0
BUTAN;1;28.3.1992;1;0
KAHHARUFUK;1;11.3.1971;1;0
MICULI;1;7.3.1964;1;0
CAFSIN;1;5.2.1957;1;0
MAHABET;1;27.6.1978;0;1
MASITET;1;17.3.1972;0;1
MURIYETE;1;7.8.1970;0;1
EZGAR;3;12.3.1971;3;0
BENNI;2;16.12.1926;0;2
MIRMIH;1;3.2.1969;1;0
SAHIMA;2;10.12.1980;0;2
SENVET;2;25.6.1981;0;2
HEYDINYA;1;5.5.1975;0;1
HUSURHAN;1;13.2.1959;1;0
HUSNEYE;1;15.5.1975;0;1
VAKIYET;1;4.6.1991;0;1
NACIHET;1;16.8.1990;0;1
CEVRIYIE;1;2.2.1975;0;1
RAKIE;2;5.12.1971;0;2
KAHTAN;1;22.2.1961;1;0
DURDUKAYA;1;23.11.1977;0;1
GURICAN;1;24.7.1935;1;0
GURENGEH;1;22.2.1973;0;1
MIYAZET;1;13.3.1980;0;1
IMBER;1;11.11.1975;0;1
NAFHOS;1;29.4.1962;1;0
ETHEMCAN;2;26.7.1985;2;0
TAHMAZHAN;1;25.2.1985;1;0
NESSULE;1;27.11.1969;0;1
TOLEY;2;26.10.1939;0;2
SANRIYE;2;17.5.1948;0;2
MENDALI;1;16.5.1968;1;0
TIRMIHAN;1;1.5.1960;0;1
DILEVAN;1;1.8.1989;1;0
REZIR;1;6.10.1980;1;0
CIHANALP;1;12.1.1983;1;0
AYNIYETTE;1;25.5.1991;0;1
RADIDE;2;4.3.1964;0;2
VEHBIYAN;1;7.7.1970;0;1
HAYRRIYE;1;17.11.1990;0;1
NASAF;2;28.9.1971;2;0
HUHU;1;2.2.1957;0;1
MULLAYASIN;1;6.8.1978;1;0
MEHDAVI;1;22.4.1961;1;0
NISIF;1;2.2.1951;0;1
TAZIRCAN;1;12.2.1971;0;1
KERNO;1;2.8.1927;0;1
TEZIRYAN;2;22.4.1964;0;2
HECAC;1;12.8.1971;1;0
ZUBEYDAN;1;12.7.1977;0;1
NAVO;1;2.2.1945;1;0
KOFIYE;1;23.4.1955;0;1
ZIMU;1;7.8.1946;0;1
KOBET;1;22.2.1973;0;1
GACE;2;29.4.1974;2;0
SAGVAN;1;22.2.1967;1;0
GERIYE;1;11.4.1976;0;1
HEMYE;1;6.5.1967;0;1
NEDIYAR;2;25.9.1981;1;1
RUNEK;1;1.9.1977;0;1
SIRKO;1;4.9.1980;1;0
PIVUK;1;7.5.1970;0;1
KAABET;1;4.7.1966;0;1
AMBU;1;17.8.1930;0;1
KAIBE;5;9.1.1958;0;5
KOCERA;1;26.8.1978;0;1
HEYAN;1;12.8.1989;0;1
FEFIKA;1;16.4.1973;0;1
DILZAR;1;18.10.1979;1;0
M.MUNTAZ;1;24.3.1962;1;0
EYTIBAN;1;11.3.1981;0;1
KARACAAHMET;1;9.8.1982;1;0
HAKIMAL;1;7.8.1934;0;1
GULBEYZA;1;17.1.1939;0;1
PAKISER;1;26.2.1967;0;1
NEZGET;1;3.5.1957;1;0
AYBURC;1;1.4.1985;1;0
RAUZAN;1;8.2.1946;1;0
GULURFI;1;18.4.1941;0;1
FERPIL;1;23.11.1958;0;1
ZULGANEYIN;1;10.2.1960;1;0
SEKAVER;2;17.11.1979;0;2
URUME;1;27.3.1938;0;1
PURCE;1;22.3.1955;1;0
MUTENIYE;1;11.3.1966;0;1
MAIRIYE;1;16.6.1948;0;1
KOVEN;1;26.12.1949;0;1
FERDUYE;1;19.10.1965;0;1
FITDUNYA;1;6.5.1956;0;1
TAZEN;1;14.8.1950;0;1
YILIDIRIM;4;6.7.1985;4;0
ULTUZER;1;22.2.1961;1;0
NEMNIYE;3;4.8.1980;0;3
UNTUZAR;1;12.9.1977;1;0
SIKAVER;3;6.6.1959;0;3
MIDIHA;1;9.2.1957;0;1
AYSEDEN;1;22.4.1985;0;1
GULPEREM;1;18.3.1969;0;1
HORUME;3;27.1.1976;0;3
MATBULE;2;26.6.1934;0;2
VILYET;1;18.2.1960;0;1
FEDAHA;1;11.4.1950;0;1
BESARE;1;22.8.1925;0;1
ZANIRE;2;25.8.1958;0;2
EREB;3;28.6.1963;0;3
VERI;2;11.11.1965;0;2
MEKCURE;1;23.4.1953;0;1
NAZAKI;1;27.8.1943;1;0
SENNABI;1;28.11.1964;0;1
ALEMGIR;1;16.1.1963;1;0
MESUIDE;1;8.5.1961;0;1
MUSTAFAIRZA;1;23.10.1981;1;0
HOPTIYAR;2;16.3.1963;2;0
RAHVET;1;17.8.1948;1;0
AZILETTIN;1;22.1.1955;1;0
NUHTALIF;1;17.3.1960;1;0
TINMAZ;1;6.9.1960;1;0
MEHRUKA;1;17.4.1954;0;1
RAZHANIM;1;12.4.1959;0;1
NUMUNET;2;29.10.1976;1;1
SULAHAN;1;25.5.1967;1;0
MIKKI;1;1.6.1954;1;0
SEYAM;1;16.9.1957;1;0
IYTAM;1;1.5.1960;1;0
ANAIDA;1;21.2.1957;0;1
LUBUZE;1;14.2.1964;0;1
MUNUYBE;4;8.12.1975;0;4
ZUKRUYE;5;7.12.1953;0;5
KUPURE;1;26.12.1959;0;1
NERSIL;2;2.12.1974;0;2
GUPURE;1;16.4.1943;0;1
BUNEFER;1;3.5.1971;0;1
ARMIHAN;2;5.10.1954;0;2
CAVGANAT;1;17.4.1954;0;1
YOLER;1;4.7.1981;1;0
SOFORE;1;22.9.1973;0;1
SARANIMET;1;23.7.1952;0;1
NEVIGUL;3;16.7.1956;0;3
UGURSADI;1;11.1.1978;1;0
MARUSAL;1;2.2.1951;1;0
IRIYMA;1;7.10.1961;0;1
CUHUDIYE;1;10.3.1975;0;1
NEVIGUN;1;25.6.1952;0;1
MAHSELEN;1;28.2.1974;0;1
SELBENT;1;12.11.1980;1;0
TAFSIRE;1;24.4.1945;0;1
MUHSEREM;1;16.5.1980;1;0
MERHOBE;1;29.8.1967;0;1
ABDIRAMAN;1;6.11.1960;1;0
ISLAHI;1;25.2.1954;1;0
EREBI;1;21.11.1968;0;1
YETAYI;1;21.3.1971;1;0
KEVRE;1;26.2.1948;0;1
FERHUDIYE;1;22.9.1955;0;1
TUMTURK;2;13.4.1973;2;0
TURCEHUN;1;22.2.1992;1;0
KURTCEPE;1;11.5.1979;1;0
MERINC;1;27.12.1980;1;0
NURUYAZDAN;1;12.5.1965;0;1
AYFERAY;1;18.8.1972;0;1
ZULFUSADE;1;26.9.1977;0;1
HOLLIYE;1;17.1.1947;0;1
SAFEN;1;22.2.1955;0;1
METTIYSE;1;5.1.1977;0;1
PIRHAMI;1;13.12.1983;1;0
SEKEREDDIN;1;16.5.1946;1;0
AREFETDIN;1;24.4.1955;1;0
NESDIREN;1;21.7.1958;0;1
NAZDEN;1;16.2.1955;0;1
EVRISE;1;26.5.1971;0;1
SEKEVER;4;3.12.1959;0;4
HAMBA;1;26.2.1954;0;1
ESSAP;1;27.2.1962;1;0
AYNIMAN;1;10.9.1945;0;1
SELEFI;1;5.5.1945;0;1
ZEYFAT;1;17.5.1966;1;0
CEVREK;1;16.9.1940;0;1
MURATSINAN;1;1.4.1992;1;0
MOHAMMER;1;17.10.1972;1;0
FERINDA;2;11.11.1962;0;2
BUREYDET;1;14.2.1974;1;0
NAKIRIYE;1;29.5.1955;0;1
SABAKA;1;4.10.1955;0;1
BERIZ;1;10.3.1946;0;1
KULFARI;1;11.11.1955;0;1
GULKHAR;2;4.8.1962;0;2
CAKALOZ;1;25.1.1985;1;0
UMMUFAN;1;11.10.1972;0;1
GULNOR;1;1.1.1;0;1
NAZMINE;1;10.5.1946;0;1
LELEFER;1;8.12.1982;0;1
PAZE;2;18.11.1966;0;2
SULTANNAZ;1;13.8.1979;0;1
Y.ERSOY;1;22.11.1974;1;0
ERMEYEN;1;14.2.1957;0;1
CEYZA;1;16.11.1963;0;1
ILKLIM;2;7.3.1984;0;2
SAFATIN;1;13.4.1953;1;0
MUMESE;1;16.7.1952;0;1
KUPRAY;2;12.12.1975;0;2
MIDER;1;2.2.1954;0;1
FAZELE;1;18.1.1981;0;1
NUCER;1;2.10.1950;1;0
NURSUDIYE;1;7.4.1958;0;1
MEHPARUZE;1;18.2.1954;0;1
OGUZCAGRI;1;15.5.1973;1;0
MAHPARUZE;1;18.2.1954;0;1
ZEYLUFER;1;16.12.1963;0;1
VESTI;1;6.1.1958;1;0
H.ULKU;1;8.1.1970;1;0
MUBERREZ;1;7.8.1934;0;1
MELKUDE;1;15.1.1963;0;1
BILDARE;3;22.5.1968;0;3
SENDEM;1;12.12.1985;0;1
TUGBAR;1;5.8.1968;1;0
HILKA;1;6.4.1967;0;1
OGUNE;1;21.11.1977;0;1
ERISTI;3;7.6.1947;1;2
ERISTE;2;9.8.1956;0;2
MUKAVVET;1;8.1.1951;0;1
CESEL;1;12.3.1983;0;1
DILHUBA;1;26.2.1975;0;1
CUNEL;1;13.6.1968;1;0
NURICEM;1;5.12.1972;1;0
RAYHA;2;8.1.1966;2;0
FERDIKAN;1;15.4.1985;0;1
MUCAHITDIN;2;3.12.1964;2;0
VASINA;1;26.8.1969;0;1
RUDUSAN;1;4.7.1969;0;1
SECKAN;3;26.3.1983;3;0
TERCI;1;4.10.1979;1;0
DURSINAN;3;28.3.1965;2;1
SAFFETIN;1;25.6.1981;1;0
SUNUYI;1;17.2.1966;0;1
LANDA;2;3.5.1981;0;2
ZULIKE;2;8.10.1963;0;2
YASADAN;7;28.4.1967;5;2
SAHDENIZ;1;27.1.1968;1;0
GULPEZEN;1;22.3.1985;0;1
NEMURAN;1;4.10.1959;0;1
MUZYAL;1;17.2.1946;0;1
MES;3;30.11.1963;3;0
GULCEKMEZ;1;16.2.1969;0;1
HUSEYNJANOVA;1;9.6.1955;0;1
SAYIMAN;1;12.7.1972;0;1
HURZUM;1;2.3.1939;0;1
SEKENAZ;1;8.3.1962;0;1
GATE;1;27.8.1920;0;1
MISLAH;1;10.9.1967;1;0
KUTLUDDIN;1;3.2.1965;1;0
FEDIFA;1;18.11.1979;0;1
NEJRIYE;1;16.6.1964;0;1
R.SADET;1;14.3.1935;0;1
FIL;1;22.6.1960;0;1
ROFUGUL;1;14.5.1960;0;1
BASYURT;1;29.11.1989;1;0
NEZLU;1;16.11.1969;0;1
MERKIT;1;1.7.1937;1;0
BEKIRAN;1;16.4.1968;0;1
ISILYUCE;1;13.4.1981;0;1
CEMCAN;1;21.5.1974;1;0
DURAC;1;11.2.1939;0;1
BAYRAMER;1;3.9.1956;1;0
PAKNURYOL;1;29.11.1961;1;0
ROYDA;1;7.1.1982;0;1
SEYHIBE;1;1.5.1964;0;1
MIKER;1;30.4.1944;0;1
NURSAULE;1;18.4.1978;0;1
ALIKERIM;1;23.4.1962;1;0
GULPEYDA;1;24.2.1954;0;1
GURUYEN;1;2.2.1963;0;1
DAYIBET;1;27.2.1974;0;1
NIBAYAT;1;6.10.1967;1;0
DUSAVER;1;8.5.1939;0;1
ASIRETTIN;4;20.3.1973;4;0
KUTRAT;1;11.3.1968;0;1
VARRIYET;1;9.5.1969;0;1
MUDDELIP;2;2.7.1958;2;0
NARUFE;1;1.4.1955;0;1
DEVIYYE;1;16.10.1935;0;1
ZADIKAR;1;6.12.1979;0;1
MEFTONE;1;16.2.1971;0;1
NURUDE;2;20.10.1961;0;2
MERCIFAN;2;30.10.1962;0;2
IRAMIYE;3;18.7.1964;0;3
BAKIRCI;1;5.3.1961;1;0
SEBBAIL;1;4.4.1973;1;0
MERNIN;1;9.1.1956;0;1
MUHAYYABE;1;12.3.1946;0;1
YURANUL;1;7.1.1962;0;1
ZAFORE;2;17.6.1961;0;2
YETAIYE;1;12.10.1965;0;1
UKAIL;1;3.2.1951;1;0
ILMIAYAN;1;1.8.1960;0;1
GULYABI;1;26.5.1953;0;1
ERRAHIM;1;15.2.1979;1;0
MARIYAM;1;26.6.1955;0;1
TELCIHAN;1;8.6.1958;0;1
AYTUH;1;16.8.1982;1;0
PAKAYSE;1;1.5.1983;0;1
EMRESAH;1;2.9.1987;1;0
SAVIZE;2;27.10.1953;0;2
GULEYNA;1;11.9.1970;0;1
NESRUZE;1;23.5.1966;0;1
BIRULLAH;1;1.11.1986;1;0
MECCALE;1;1.3.1962;0;1
KURKAN;5;17.6.1968;3;2
EYDA;3;3.4.1987;1;2
SALETDIN;1;20.7.1960;1;0
ECIDAR;1;16.5.1973;1;0
DURUCU;1;27.8.1932;0;1
AYZIHA;1;12.2.1989;0;1
PERCIM;1;17.2.1978;0;1
LAHISTAN;1;22.2.1949;1;0
NARSAN;1;6.7.1964;0;1
OBAM;1;3.2.1991;1;0
GURFERAH;1;27.8.1974;0;1
SENHUZUR;1;6.2.1941;0;1
USUYA;2;13.7.1955;0;2
MURIDDIN;1;16.11.1987;1;0
KAMSEL;1;18.6.1988;0;1
BILGISEL;2;9.5.1969;1;1
RIVIYE;1;16.8.1976;0;1
SUCAYI;2;25.7.1961;2;0
ESENKUT;1;21.12.1989;1;0
BURTAG;1;29.4.1974;1;0
LEYAZE;1;19.1.1972;0;1
GULNIZE;2;3.6.1964;0;2
GULUYSAN;1;5.4.1956;0;1
INCEVIZ;1;9.3.1964;0;1
GUNHAKAN;1;26.9.1972;1;0
ERABIYE;1;16.5.1953;0;1
KARAGUN;1;8.4.1975;1;0
FETAYI;1;16.11.1974;1;0
SUNAC;1;16.2.1961;0;1
NURAZIYE;1;8.7.1968;0;1
DEMETDEVRIM;1;16.9.1980;0;1
MIZRAIK;1;17.5.1960;1;0
GUNUKER;2;11.6.1958;0;2
GAZIBURHAN;1;7.3.1964;1;0
DENGAY;1;1.9.1978;1;0
MEVRI;1;20.6.1989;0;1
RUHKAZA;1;17.8.1918;0;1
TEVLUDE;1;27.11.1968;0;1
NUBICAN;1;22.4.1946;0;1
VEHABIYE;1;17.8.1930;0;1
BEGUMNAZ;1;7.12.1988;0;1
YECDI;1;6.2.1939;0;1
SUKRANIM;1;9.11.1961;0;1
MUAVIN;2;22.9.1940;2;0
OMRIYEN;1;15.11.1963;0;1
NIUZE;1;27.2.1944;0;1
TAGIYYE;1;21.4.1963;0;1
SUHUR;2;10.1.1923;0;2
IMRIYEN;1;7.2.1964;0;1
EZVA;1;20.1.1948;1;0
SUBAYAN;1;2.7.1963;0;1
SIKAYET;1;21.7.1952;0;1
RUVAIDE;1;5.3.1966;0;1
RENHAN;1;20.5.1956;0;1
NEZEHATTIN;1;18.8.1960;1;0
ZUSEYDA;1;30.4.1973;0;1
SERIYAT;1;27.2.1974;0;1
GILIM;1;7.4.1964;1;0
SEYITDIN;1;8.10.1961;1;0
ZELIME;3;27.8.1959;0;3
SULAHANIM;1;21.7.1965;0;1
ELFIZAN;1;26.6.1978;0;1
DIYARETTIN;2;17.8.1958;2;0
AZIMI;2;19.4.1956;0;2
HASMIN;1;22.3.1967;1;0
NUKTANIYE;1;19.12.1971;0;1
MATLYUBA;1;27.3.1973;0;1
SAHSULET;1;21.4.1964;1;0
SERAFE;1;11.3.1958;0;1
GULERSOY;1;7.1.1976;0;1
MUKEVVIN;1;2.2.1960;1;0
NARGILYA;1;17.6.1981;0;1
NESEME;1;27.8.1926;0;1
AYSHAH;1;26.12.1991;0;1
CANIFET;1;2.8.1939;0;1
MINNETUBANU;1;27.2.1980;0;1
GIYAFER;10;6.2.1951;0;10
SELFINAY;1;4.8.1978;0;1
LEVENTCAN;3;9.6.1991;3;0
NOSIN;2;25.8.1991;1;1
GULLINIHAR;1;20.2.1955;0;1
NALYAN;1;16.7.1970;0;1
MUTEKEBBIR;1;27.10.1984;1;0
SOPLA;1;12.4.1960;0;1
KUDRETTULLAH;2;20.10.1948;2;0
MURAFFA;1;9.3.1934;0;1
RAYFAN;1;18.2.1960;0;1
BILHAYET;1;6.2.1978;0;1
MILHANE;1;18.7.1959;0;1
ALI.YUCEL;1;2.2.1957;1;0
URSIDIYE;1;7.8.1957;0;1
YIGITYUREK;1;17.6.1984;1;0
MAYRI;1;2.8.1927;0;1
ESDIN;1;16.4.1969;1;0
EMIRDURAN;1;6.6.1949;1;0
RACISEFA;1;3.4.1965;1;0
GULPENBIS;1;3.7.1957;0;1
FEVZIYAVER;1;2.11.1945;1;0
MEFLIN;1;6.2.1980;0;1
GULPERDANE;2;24.9.1959;0;2
HAHIDE;1;24.10.1966;0;1
ALIKIYAZ;1;9.9.1957;1;0
YURDOGLU;2;19.5.1970;2;0
ISMIPAK;2;8.12.1950;0;2
URDUNE;1;21.12.1960;0;1
SAKAYIK;2;2.6.1979;0;2
URAMIYE;1;5.7.1959;0;1
SUYAR;1;18.2.1989;1;0
SENINNE;1;2.7.1945;0;1
ULKEY;2;30.2.1971;0;2
SOHRETIYE;1;6.12.1951;0;1
AYSEMELAHATHANIM;1;19.7.1924;0;1
VIRALERCAN;1;29.7.1972;1;0
NEFIKER;1;27.7.1956;0;1
DANIELUTA;1;20.3.1972;0;1
CEVHUN;1;22.3.1967;1;0
DEMIRHISAR;1;29.4.1949;1;0
ISIKSAL;1;11.9.1937;1;0
ALUFE;1;28.5.1955;0;1
ULURUHAN;1;21.5.1983;1;0
MISALETTIN;1;2.3.1951;1;0
VILDANELIF;1;14.3.1981;0;1
KAYTUG;1;16.12.1991;1;0
GUNCENUR;1;15.1.1992;0;1
YALCINHAN;1;1.11.1973;1;0
GUYLUR;1;12.11.1959;0;1
SUHINAZ;1;1.2.1955;0;1
MUHLUZE;1;18.4.1942;0;1
FEHNAS;1;27.7.1964;0;1
GUTEY;1;29.10.1955;0;1
BATINER;1;25.12.1991;1;0
MENSUGRE;1;21.9.1964;0;1
CANAKAN;2;8.2.1992;2;0
GULHATI;1;1.3.1966;1;0
MUCIBIYE;3;30.5.1949;0;3
TERMUNUR;1;6.11.1953;0;1
CAYLE;1;7.2.1958;0;1
AYBURCU;1;16.5.1982;0;1
FENDIL;1;18.6.1975;1;0
JUNFENG;1;26.5.1975;0;1
BARLA;1;20.10.1977;1;0
ALPANT;1;27.3.1976;1;0
HARPUS;1;12.7.1959;1;0
CUMAHANIM;10;16.8.1957;0;10
NEWAL;1;17.9.1981;0;1
NAZENDEGUL;1;26.10.1982;0;1
ALPAZIZ;1;11.2.1974;1;0
NEVASET;1;17.9.1975;0;1
MUCEVEHER;1;6.9.1947;0;1
FERAGONUL;1;5.3.1980;0;1
FERMUYE;1;22.2.1968;0;1
MIYESLEN;1;2.4.1969;0;1
HURUMUS;2;16.8.1964;0;2
MOHRETEP;1;27.5.1950;0;1
M.TUNCER;1;1.5.1975;1;0
PERIT;7;18.7.1981;7;0
EMIRUMMIYE;1;1.3.1960;1;0
EPSEN;1;25.6.1970;0;1
RUHIDA;1;18.11.1971;0;1
EMISAL;1;9.10.1970;0;1
SACIBET;1;22.6.1961;0;1
TESMIYME;1;20.9.1974;0;1
NEVELA;1;2.8.1927;0;1
NERDIHANGUL;1;29.5.1963;0;1
DOVRAN;1;6.11.1978;1;0
SEGRI;1;26.3.1957;0;1
KIRBAS;2;17.5.1942;1;1
ERENDIS;1;26.3.1969;0;1
HAVAKIZ;1;16.9.1978;0;1
MEHDUH;2;24.8.1981;2;0
TERBURUN;1;7.6.1964;0;1
GOKSELMETE;1;5.2.1983;1;0
BEDELGENCER;1;16.6.1975;1;0
NEBRUKIYE;1;24.4.1955;0;1
NURSAM;1;19.1.1968;0;1
AYHANAY;1;9.7.1989;1;0
SAYANORA;1;18.7.1969;0;1
M.ZULFU;3;17.4.1964;3;0
HATICEBANI;1;17.8.1936;0;1
ERVAFI;1;12.2.1965;1;0
KOSEHAN;2;11.2.1935;0;2
GULESEREN;1;11.7.1987;0;1
HULUKA;10;16.8.1958;0;10
KUFUHAN;1;21.12.1975;0;1
YAHSIYE;3;10.4.1946;0;3
NAZEKENT;1;22.3.1967;0;1
RUGAIYE;1;2.6.1954;0;1
SONSEV;1;23.11.1970;0;1
HURHIKMET;1;16.6.1961;1;0
FATMAITUZ;1;29.8.1928;0;1
ALDIZHAN;1;8.1.1946;0;1
DENIZBEK;1;15.5.1944;1;0
KARATURK;1;2.5.1948;1;0
HANEF;1;17.1.1936;1;0
SECAHIYE;1;4.11.1972;0;1
HINABE;1;7.8.1970;0;1
SAHLANAN;1;1.1.1969;1;0
MAMURUYE;3;19.7.1976;0;3
GULSERDI;3;26.7.1955;0;3
NURDANESI;1;19.6.1963;0;1
DIPSE;1;12.3.1983;0;1
SINEMDUDU;1;19.5.1983;0;1
SIRNEZ;1;16.7.1968;0;1
GAYYIP;1;13.11.1946;1;0
MELTUNE;1;25.2.1965;0;1
MUZAFFERALP;1;5.8.1975;1;0
IZETTIYE;1;21.5.1942;0;1
CUBEYIR;1;21.5.1965;1;0
GULLEDEN;1;26.12.1948;0;1
METALI;1;8.7.1984;1;0
MITEVA;1;4.7.1975;0;1
MEMETHAFIZ;1;27.4.1964;1;0
SEYHADIL;1;22.3.1967;1;0
MIDRAB;2;25.2.1949;2;0
TEYFIR;2;1.10.1975;2;0
TOLKAHAN;3;12.12.1983;3;0
BENDINAR;1;6.2.1965;0;1
MAHDUM;1;1.11.1979;1;0
DURNIGAR;1;24.7.1955;0;1
SEMNURE;4;17.10.1948;0;4
KOLKAN;2;1.8.1976;2;0
SAOULE;1;28.12.1976;0;1
BARANCAN;1;17.10.1991;1;0
SERENC;1;10.2.1992;1;0
ALPPER;2;10.1.1969;2;0
NIMRI;1;13.3.1978;1;0
ZENHAR;1;3.4.1961;0;1
SAADIR;1;8.3.1968;1;0
SIHKIZ;5;19.2.1949;0;5
NELGIHAN;1;22.4.1976;0;1
KOYSEL;2;14.11.1975;1;1
ETEMGUL;1;25.3.1955;1;0
AYTEMIS;1;19.2.1982;0;1
LIVASE;2;15.2.1957;0;2
ZAZEGUL;1;16.3.1960;0;1
LIVIYDE;1;28.2.1955;0;1
SULAR;2;7.3.1985;0;2
FADEMA;1;6.4.1962;0;1
MEVAHIB;2;14.11.1957;1;1
BENGUDAL;1;30.6.1990;0;1
BASRICAN;2;13.12.1986;2;0
NURDENI;1;18.7.1959;0;1
MERTASK;2;20.8.1978;2;0
EMIRAGA;6;21.1.1973;6;0
ARKADI;1;21.1.1979;1;0
SEZINUR;1;13.9.1979;0;1
MUSSUNE;1;7.9.1964;0;1
SEVAND;1;22.9.1956;1;0
MUHUBBEL;1;16.3.1954;0;1
ZINIAT;1;27.12.1977;0;1
JIBEK;1;9.7.1978;0;1
BAYUR;1;13.3.1979;1;0
MEMETZORAL;1;7.2.1975;1;0
CIGLA;2;9.1.1989;0;2
SEYFMIN;1;2.9.1981;0;1
ERBIZ;1;8.11.1943;1;0
ESMELI;1;12.2.1965;0;1
GAFFAN;1;2.8.1945;1;0
AGANINE;1;16.5.1932;0;1
HACIABBAS;1;29.5.1963;1;0
ISINSUN;2;19.1.1980;0;2
DERIL;1;18.9.1984;0;1
SIRINBIKE;1;17.3.1975;0;1
BADEME;1;16.12.1956;0;1
UR;2;27.5.1956;2;0
HUZME;1;19.8.1976;0;1
ASKANI;1;2.8.1933;0;1
ZULFUTE;1;22.8.1925;0;1
DURSUNKANBER;1;8.3.1976;1;0
BEHLIKOC;1;7.5.1959;1;0
NISOLAT;1;22.10.1966;0;1
ADILBANI;1;6.9.1972;0;1
CENKTAYLAN;1;7.8.1981;1;0
TAYCA;1;21.7.1989;0;1
KUPENAZIK;1;2.3.1956;0;1
GOYKEN;1;2.12.1975;1;0
MEHDEBER;1;17.8.1912;0;1
VEDIZ;2;9.5.1971;0;2
MEYYALE;1;16.10.1949;0;1
GULEZE;2;23.7.1937;0;2
HURIDEN;1;8.3.1949;0;1
NESLIHANECE;1;24.12.1990;0;1
MUDTALIB;1;16.6.1955;1;0
NERSICAN;1;12.8.1947;0;1
YUSUFILKAN;1;23.2.1937;1;0
ZEHRAY;1;18.7.1974;0;1
BALAT;3;8.7.1970;0;3
SAIBER;1;9.2.1947;1;0
ALIEFTAL;1;1.1.1;1;0
BARSGAN;1;28.2.1973;1;0
AYSEPEKAR;1;8.6.1967;0;1
ANGELITA;1;28.11.1959;0;1
SENZELITA;1;27.2.1968;0;1
FEHIYYE;1;4.5.1959;0;1
UMITSERDAR;1;3.3.1978;1;0
NIZILE;1;22.12.1945;0;1
AYDONAY;1;24.9.1976;0;1
MUSREVANI;1;18.8.1956;0;1
GULARZI;2;23.7.1950;0;2
ERCANGUCER;1;16.10.1972;1;0
TEVLIZ;1;17.5.1942;0;1
SHABIHAN;1;17.1.1964;0;1
ZULKIDE;1;7.8.1958;0;1
NESHICIHAN;1;14.3.1942;0;1
SEVAAT;1;28.4.1943;1;0
SAYNURE;3;1.2.1953;0;3
AHMETSEFIK;1;18.2.1958;1;0
GULBERG;1;24.9.1990;0;1
ZUMRUHA;1;28.1.1971;0;1
AMIRSA;4;11.4.1941;1;3
ATACIHAN;1;5.11.1982;1;0
SAHIENDER;1;17.8.1942;0;1
ZEKAVETDIN;1;19.4.1961;1;0
TEVRATI;1;27.3.1962;0;1
NERIDE;1;12.2.1941;0;1
MAVE;1;21.3.1933;0;1
YURTGEVAN;1;1.11.1974;1;0
BEKZEDE;1;19.5.1922;1;0
IFAKIYE;1;7.6.1964;0;1
ESABALI;1;24.3.1940;1;0
EZIHAN;1;11.4.1964;0;1
GULLEGUL;1;5.6.1976;0;1
SURPIS;1;26.8.1968;0;1
YILMEM;1;15.3.1962;1;0
PEFRIZE;1;1.6.1961;0;1
ABDULAKI;1;25.2.1968;1;0
H.HANIM;1;29.2.1956;0;1
TENAZIF;1;17.8.1984;0;1
NECTET;3;3.6.1955;3;0
DOVLETLI;1;30.5.1955;1;0
TEHVUD;1;16.5.1957;1;0
HURMUNAZ;1;16.10.1979;0;1
GEYVI;3;5.3.1959;0;3
ULFERIZ;3;11.12.1964;3;0
SELVIHAL;1;6.5.1975;0;1
SAMAHA;4;10.6.1966;0;4
YURDUC;1;27.5.1968;0;1
KuBRA;2;2.9.1987;0;2
TEGIBE;1;25.2.1940;0;1
ADLIE;1;7.6.1960;0;1
HUNERIZ;1;22.5.1948;0;1
SAHINDAZ;1;22.2.1961;0;1
MEMETYASAR;1;19.4.1932;1;0
SEMIHAI;1;22.5.1937;0;1
KARAOSMAN;1;2.10.1973;1;0
BULGARKHANUM;1;11.3.1972;0;1
RASIDULLAH;1;1.6.1981;1;0
DINAMI;1;17.2.1960;1;0
MEHMETNAZMI;1;21.6.1945;1;0
LEVGE;1;23.4.1959;0;1
RECEPCAN;2;20.5.1975;2;0
KAZIFE;1;16.4.1964;0;1
KUCUKCAN;1;26.4.1971;1;0
MUGADDERE;1;21.11.1959;0;1
SEYTANIM;4;22.5.1969;0;4
MEHLUBE;1;16.5.1964;0;1
MURMAN;1;8.7.1951;0;1
PEFLUL;1;12.2.1965;1;0
BATTAN;1;29.7.1971;1;0
LIMASOL;2;17.3.1975;0;2
ZUBEYDEEDA;1;6.10.1984;0;1
EMINEGAYE;1;30.11.1972;0;1
TURKMENKIZI;1;12.4.1934;0;1
YASAROYA;1;17.6.1951;0;1
AYADIM;1;15.12.1971;0;1
NURFIZ;1;28.5.1963;1;0
SENKAR;2;13.9.1961;0;2
HUZRE;1;16.5.1957;0;1
KULEYLA;1;5.7.1939;0;1
CELIKDAG;1;29.1.1952;1;0
SUVLA;1;22.8.1937;1;0
EMETUN;1;1.6.1953;0;1
SUNDAG;1;5.10.1949;0;1
RUJHAN;1;30.11.1954;0;1
IN;1;13.1.1965;0;1
FAHRICEM;1;12.6.1962;1;0
SOYHUN;1;18.11.1983;1;0
ENISIK;1;5.10.1938;0;1
BETH;1;20.3.1969;0;1
DUNAR;1;2.9.1938;1;0
YI;1;21.6.1968;0;1
NEOLACAM;1;20.9.1958;0;1
KOCTUG;1;30.12.1975;1;0
SEVINCNAZ;1;23.3.1991;0;1
YURTALP;1;8.6.1967;1;0
ADILSEYMEN;1;27.2.1970;1;0
POKET;1;20.11.1946;0;1
GULSEFIKA;1;21.7.1966;0;1
SUSET;1;13.10.1980;0;1
SANUMAN;1;11.10.1950;0;1
MELKAR;1;17.5.1942;1;0
KURBANALIM;1;18.6.1952;1;0
ERDOGUS;1;17.11.1945;1;0
ZELIHAGUL;2;4.3.1964;0;2
AVARKAN;1;26.12.1940;1;0
FUTUH;1;12.3.1953;0;1
LULENDER;1;21.11.1966;0;1
MUNZER;2;17.9.1971;2;0
FIYMIN;1;29.8.1970;0;1
PAGMAN;1;13.5.1952;0;1
SERHASAN;1;1.9.1959;1;0
HEMSEN;2;8.1.1956;0;2
MAHFIRUZE;1;17.3.1970;0;1
BARAK;1;24.2.1977;1;0
SUZINUR;3;2.10.1977;0;3
NAFIANIL;1;14.6.1966;0;1
PAZILAITI;1;1.11.1962;0;1
EYYIBE;1;3.12.1944;0;1
SHONA;1;13.8.1967;0;1
MURETE;4;23.6.1956;0;4
NOELLE;1;26.8.1972;0;1
NURALTUN;1;7.1.1964;0;1
AYSEDENIZ;2;7.8.1987;0;2
DOGANTURK;1;28.4.1954;1;0
RUNGNAPA;1;27.8.1956;0;1
BEHRAMEN;1;16.7.1968;0;1
AYKULU;2;11.1.1965;1;1
RAKAIBE;1;17.8.1924;0;1
M.HIDIR;2;16.3.1965;2;0
AHTUR;1;2.5.1976;1;0
ALPTIMURHAN;1;28.3.1979;1;0
AFFISAN;1;1.3.1961;0;1
ZAZIK;1;13.8.1940;0;1
TUNCIN;1;12.1.1992;0;1
PIRCE;1;26.7.1990;0;1
MONAD;1;13.11.1942;1;0
SALAHEDINE;1;30.5.1962;1;0
KUGUCIN;1;22.7.1962;0;1
DURNET;1;25.5.1947;0;1
MUMTAZER;1;13.9.1957;1;0
MIRUN;1;7.9.1988;0;1
KAYIRE;1;16.6.1939;0;1
NARZIYAKAN;1;2.6.1975;0;1
ULKERCAN;1;19.11.1987;0;1
TASPEK;1;26.2.1943;1;0
HALILALI;1;7.7.1946;1;0
BUNISE;1;23.4.1953;0;1
OGANALP;1;29.9.1983;1;0
BARSIN;1;22.7.1980;1;0
BATUBAY;2;1.6.1984;2;0
ERMAY;1;6.11.1981;1;0
NESLIEDA;1;22.11.1983;0;1
BERKEND;1;22.10.1984;1;0
KAHORU;1;27.5.1949;0;1
NACIYEYI;1;13.3.1977;0;1
OZSEVIM;1;22.9.1949;0;1
TOLAGA;1;18.5.1978;1;0
YASIMAK;1;27.8.1926;0;1
EMELDAR;1;11.2.1950;1;0
NELSIN;1;1.9.1951;0;1
ERKSIN;1;13.10.1951;0;1
ALPKORKUTTAS;1;23.2.1974;1;0
SENBAL;1;20.5.1965;0;1
ASLINBEY;1;21.5.1976;1;0
HINDEF;1;28.4.1964;0;1
SERGAY;1;5.10.1986;1;0
VELIYETTINI;1;30.8.1979;1;0
NEVADA;2;7.2.1961;0;2
AYSEGULHAN;2;20.2.1985;0;2
ALETTE;1;29.8.1966;0;1
EMIMET;1;2.8.1927;0;1
EBRULAL;1;22.6.1956;0;1
NOKER;1;20.10.1975;1;0
DEMUKAN;1;14.6.1947;1;0
PAHIZE;2;10.11.1970;0;2
ZUFE;2;19.1.1963;0;2
HALAKADIN;2;24.9.1942;0;2
ISEBEY;1;2.8.1933;1;0
MUVUDE;1;9.5.1970;0;1
SAVINA;1;19.11.1990;0;1
SUMRUHAN;1;15.7.1977;0;1
MUSTAFAKURSAT;1;7.8.1979;1;0
NIMSAH;1;21.6.1953;0;1
YANGIRET;1;12.2.1949;0;1
CIHANTAC;1;30.5.1953;1;0
ELMINAR;1;28.4.1951;0;1
TURKOVUN;1;18.12.1956;1;0
DIDARLAYIKHAN;1;9.2.1968;0;1
SIDDIKAYA;1;18.1.1954;0;1
GULCEMALNUR;1;9.4.1964;0;1
GULMAKBULE;1;17.7.1983;0;1
FADTI;1;8.6.1969;0;1
ARTURAN;1;9.10.1955;1;0
LERSAN;2;10.11.1962;0;2
NASIFCAN;1;24.11.1986;1;0
DACE;1;21.11.1972;0;1
BANUZER;1;20.6.1980;0;1
OZGUNCAN;3;7.11.1989;3;0
OZGURMUGE;1;21.7.1975;0;1
GUNNURDA;1;21.9.1942;0;1
ERKSUN;1;15.6.1986;1;0
ABDULNUHTALIP;1;4.3.1974;1;0
ETIN;2;27.11.1963;2;0
TEVCIHE;1;18.3.1955;0;1
LARS;1;21.11.1984;1;0
ADVIJA;1;26.2.1970;0;1
COGUR;1;30.10.1976;0;1
CACE;1;7.7.1957;1;0
NOOR;2;7.5.1979;0;2
YETISYAALI;1;8.6.1976;1;0
ABDILHADI;1;25.1.1989;1;0
CUMAZIYEEL;1;3.5.1960;0;1
ZENIKA;1;17.3.1960;0;1
ZUKKIFLI;1;22.2.1967;1;0
LABIRE;1;9.4.1964;0;1
HAMUZA;6;23.4.1963;6;0
AYIMSER;1;21.4.1965;0;1
ALTIZYE;1;6.7.1943;0;1
DILENK;1;2.8.1969;0;1
NEBIRIYE;4;15.5.1966;0;4
CANKUTLAY;2;5.11.1955;2;0
BEYZIHAN;3;27.5.1964;0;3
ETAY;3;4.1.1971;1;2
JBDUN;2;3.2.1977;0;2
SULENYA;2;2.2.1957;0;2
BEDEVICAN;2;24.4.1957;0;2
oMER;2;9.9.1986;2;0
MECETA;2;26.12.1952;0;2
SIPGAT;3;14.3.1964;3;0
MESKORE;2;5.2.1952;0;2
KABAKIZ;2;26.6.1947;0;2
MUATDER;5;24.5.1955;0;5
FERUNE;2;20.5.1959;0;2
AYGULSER;2;6.1.1969;0;2
FELIKSAN;4;10.2.1954;0;4
FAHRIDIBE;2;17.2.1960;0;2
GULHECARI;2;16.4.1961;0;2
NACURAN;2;3.5.1951;0;2
SEHDAG;2;10.3.1964;0;2
SAHIZEN;2;27.2.1938;0;2
SUKI;2;19.4.1929;0;2
HELAGU;2;8.2.1953;2;0
HASHUNKAR;2;1.7.1944;0;2
FUGURAN;4;16.6.1962;0;4
ZEKAL;2;21.6.1950;2;0
IPEN;3;1.6.1988;0;3
BIRCANETTIN;2;18.6.1971;2;0
BATDEVER;2;11.12.1951;0;2
OFIS;2;7.4.1958;2;0
NEVBAR;2;11.3.1926;0;2
HATNUR;2;9.8.1949;2;0
IKSANGUL;2;16.5.1961;0;2
GANDEHER;2;13.6.1949;2;0
MUTANIYE;2;25.4.1971;0;2
BEFTUN;2;18.10.1959;2;0
GINHAN;2;30.1.1971;2;0
IHRA;4;21.10.1953;0;4
NUKHEL;2;23.9.1979;0;2
MUZEYRE;3;8.8.1981;0;3
KURSATALP;2;21.9.1990;2;0
MERKUP;11;24.7.1958;10;1
MURATGUL;4;8.5.1968;2;2
MUZIYHAN;2;5.6.1959;0;2
YELSER;2;7.4.1958;0;2
SITAHAT;2;20.9.1961;0;2
NILKER;2;1.1.1967;0;2
LIBEYDE;2;19.12.1936;0;2
ISFEZEN;2;24.9.1966;0;2
UREBIYE;2;26.10.1950;0;2
M.VEYSEL;2;16.11.1950;2;0
MELIKUNNAS;2;16.7.1975;2;0
M.BIROL;3;20.8.1971;3;0
DICLAHAN;4;12.5.1971;0;4
CAVSIT;2;30.5.1958;2;0
ZEMZEMIS;2;18.1.1956;0;2
NURYIYE;2;5.5.1959;0;2
LEYLANT;2;18.2.1977;0;2
ULLAKIYE;2;26.5.1972;0;2
NESKIN;2;18.2.1959;0;2
IHSANFATIH;2;2.4.1975;2;0
MUCEYDA;5;5.2.1977;0;5
GULBADAN;2;29.5.1932;0;2
MEZGUBE;2;12.4.1947;0;2
ARTAL;2;25.7.1974;2;0
VERIN;2;13.4.1971;0;2
UHUVET;3;18.10.1965;0;3
IDIAL;2;12.9.1971;2;0
OZETTIN;4;16.9.1968;4;0
OZEHAN;2;12.3.1950;2;0
SEZERIN;3;1.2.1963;0;3
BESLIME;2;4.7.1962;0;2
SATIKER;2;18.3.1955;0;2
BALANUR;2;27.1.1986;0;2
BAHDEVER;2;17.7.1954;0;2
NURTIREN;2;23.9.1943;0;2
KIZHAN;2;27.3.1968;0;2
UMUKAN;2;21.2.1966;0;2
SESIME;2;16.3.1936;0;2
PIREYYA;2;7.11.1963;0;2
YANSER;2;2.12.1963;0;2
DIGDARE;2;2.8.1957;0;2
AZIBIYE;2;27.4.1968;0;2
HICARI;2;15.6.1936;0;2
NURNEHIR;4;12.6.1957;0;4
UTKUBERK;2;2.8.1990;2;0
SUHAEDIZ;2;23.2.1966;2;0
CIGSEREN;2;14.10.1988;0;2
ALPERVAHAP;2;3.1.1956;2;0
ELIFIRAZ;2;7.4.1976;0;2
SONNER;5;4.3.1975;5;0
UMNAZ;2;10.1.1969;0;2
SAREHILAL;2;21.10.1986;0;2
SEVHISAR;2;7.7.1951;0;2
FERISTADE;2;27.8.1926;0;2
TURGUR;2;27.2.1956;2;0
NERGUZAR;4;30.10.1974;0;4
MEFANE;2;21.5.1947;0;2
DUZUYE;2;27.10.1963;0;2
SURARI;2;12.10.1947;2;0
DAMI;3;8.9.1953;2;1
ERTUFAN;3;4.8.1964;3;0
ZEVKER;2;22.5.1949;0;2
SAUNUR;2;14.5.1962;0;2
LEKET;3;22.2.1929;0;3
MUJDAFIYE;2;7.12.1972;0;2
BANOVSE;2;27.10.1970;0;2
SOZAYI;2;20.1.1956;0;2
SUDUBAY;2;15.4.1958;2;0
KAYAS;2;20.10.1959;2;0
KARAMURCAN;2;7.2.1964;0;2
EDIHAZ;2;14.11.1964;0;2
GULZINE;2;28.7.1949;0;2
SIRTAC;2;27.8.1950;0;2
DILFUKAR;2;27.9.1982;0;2
MAHMUZER;2;9.9.1981;0;2
AHGUN;2;24.6.1977;2;0
MUCDEN;9;9.2.1956;0;9
FAZIBE;2;24.12.1964;0;2
MEYFARET;2;22.7.1961;0;2
YURTKORU;2;16.2.1955;2;0
MAZUDE;2;21.5.1981;0;2
NEZIHEI;2;17.4.1932;0;2
ERGuN;2;6.3.1981;2;0
NURFISAT;2;13.6.1943;0;2
SEKAYET;2;21.3.1945;0;2
ULDIYE;4;9.9.1956;0;4
ZULENSE;2;11.3.1943;0;2
HICARIYE;12;22.11.1952;0;12
SIVEZAD;2;17.11.1924;0;2
DURVIYE;2;28.9.1947;0;2
ISASULTAN;2;29.4.1943;2;0
ZAYIHA;2;16.4.1957;0;2
ELIFEKADIN;3;13.3.1927;0;3
ULFETEN;2;20.9.1964;0;2
SANNE;2;7.8.1928;0;2
KIYASAL;2;18.7.1964;2;0
TACIDTIN;2;10.2.1955;2;0
SOYTAC;2;30.9.1988;2;0
MUSEME;3;6.9.1954;0;3
GULZIYEN;2;20.5.1951;0;2
SAHSELEN;3;7.2.1968;2;1
TELAHE;3;3.1.1975;0;3
BELSIN;2;30.9.1966;0;2
NAIKAN;2;11.1.1958;0;2
CAROLANNE;2;9.2.1972;0;2
FERIDAL;3;24.2.1967;0;3
ZUBULE;2;17.11.1960;0;2
NERSEVIL;2;26.4.1948;0;2
NIZAMMETIN;2;15.10.1979;2;0
ARMIYAN;2;27.3.1941;2;0
MENDIHAN;2;16.10.1958;0;2
BUNYAEMIN;2;20.3.1968;2;0
MURULBET;2;23.4.1957;0;2
BEYLUHAN;2;20.9.1970;0;2
ZULFIKIL;3;4.5.1955;3;0
SELIDE;2;17.1.1966;0;2
EFRAMIYE;2;11.3.1967;0;2
LEMANNUR;2;4.1.1973;0;2
NIKTIR;2;5.8.1931;2;0
BAHAYIR;2;15.12.1982;2;0
INSAR;4;26.8.1975;2;2
ATILAATAKAN;2;27.2.1968;2;0
MISHAL;3;24.12.1960;0;3
FEKILE;3;19.7.1960;0;3
NURDANSER;2;7.1.1970;0;2
FARIDTIN;2;19.8.1957;2;0
SEYYITBATTAL;3;5.4.1963;3;0
SEDNAN;2;14.10.1965;2;0
SEHERNAZI;2;8.5.1968;0;2
FAYKAN;2;14.6.1965;0;2
LEMYEZER;2;11.3.1970;0;2
SENURAN;4;1.8.1974;0;4
HEMKU;2;17.7.1936;2;0
ABDULRREHMAN;2;1.4.1965;2;0
HESIMSIYAN;2;11.3.1969;0;2
MENUSUH;2;11.4.1985;0;2
MOZEYEN;2;7.2.1958;0;2
SEMERDIN;2;3.2.1973;2;0
GULLUAGA;2;12.8.1944;0;2
SILLI;2;7.2.1976;0;2
SERYAZ;2;19.9.1966;0;2
KADIRAYSE;6;14.7.1943;0;6
FEYSELMELIK;2;17.3.1966;2;0
YUDIGAR;2;12.7.1989;0;2
VAHDATTIN;3;12.6.1975;3;0
DERNISAN;2;4.6.1932;0;2
BESSINE;2;25.5.1966;0;2
RUDBI;2;22.4.1967;2;0
GUREDIN;2;17.2.1942;2;0
KAKKIL;3;22.1.1946;3;0
HUZRIFE;2;2.2.1981;0;2
EYNEBA;2;29.5.1965;0;2
SANADDIN;2;2.2.1963;2;0
SEYYIP;2;12.8.1989;2;0
ANAFATMA;2;3.9.1932;0;2
ZIRNISAN;2;28.3.1962;0;2
MADIYET;2;21.2.1964;0;2
MAKIZ;2;12.7.1958;0;2
MIKVAR;2;13.12.1962;0;2
NASPI;2;8.2.1936;2;0
NURMISAL;3;15.5.1954;0;3
ZURFUYAN;2;27.10.1961;0;2
NAFIZENUR;2;10.3.1992;0;2
NINKER;2;15.7.1965;0;2
MIRHAL;2;25.2.1973;0;2
MULKIBAHAR;3;21.8.1963;0;3
FARISTAH;2;12.4.1978;0;2
PARKIZER;2;28.11.1957;0;2
GULCAH;2;11.1.1986;0;2
NECMINE;2;20.7.1948;0;2
ZULESER;2;6.11.1961;0;2
HECARI;4;7.5.1944;0;4
ONURCEM;2;22.11.1990;2;0
SENHIZAR;2;22.5.1943;0;2
MECIBURE;2;10.8.1970;0;2
FATIMETUS;2;12.8.1917;0;2
HUSCEBI;2;4.3.1937;2;0
ISMIYILDIZ;2;22.11.1941;0;2
KOKGUL;2;5.6.1988;0;2
SEHIYDA;2;6.3.1960;0;2
FAIKSEREF;2;25.6.1953;2;0
SOYET;2;21.4.1940;0;2
NEDES;2;21.12.1944;0;2
FINDISEMAH;2;12.2.1965;0;2
ADUVIYYE;2;7.11.1940;0;2
GOKALI;2;22.8.1937;2;0
USRAYIL;2;27.7.1968;2;0
MUNAY;4;24.2.1983;0;4
NEYVAL;2;17.1.1966;2;0
SENUZAR;2;8.12.1958;0;2
DILERGUN;2;22.8.1944;0;2
INIYE;2;22.8.1943;0;2
ICAZ;3;1.2.1971;0;3
VESHI;2;26.5.1970;2;0
NAZLUN;2;4.7.1973;0;2
BERAC;2;16.1.1971;2;0
MUNZELIFE;2;7.5.1976;0;2
BEGDAY;2;29.4.1953;0;2
MUBASSE;2;12.4.1971;0;2
ZERINAS;2;4.3.1987;0;2
TOPUS;2;11.4.1969;2;0
URDANE;2;22.4.1940;0;2
ROBINA;2;11.1.1992;0;2
CANDAL;2;11.8.1973;2;0
FIREMEZ;2;22.8.1937;2;0
LERYA;2;30.3.1971;0;2
MUCKEN;2;15.8.1954;0;2
GIRDIFON;2;21.7.1957;2;0
DILMER;2;3.7.1976;0;2
MERHUP;2;10.3.1972;2;0
PAYMAL;2;22.2.1979;2;0
MAATDER;2;26.5.1949;0;2
DUNLI;2;1.12.1970;2;0
GURUNSER;2;24.4.1955;0;2
DURUDANE;2;24.10.1957;0;2
GUZEYMAN;2;1.2.1967;0;2
VICADAN;2;20.7.1956;0;2
NEKERIYE;2;17.3.1942;0;2
ERHAKIM;2;7.6.1972;2;0
EDREN;2;29.5.1948;2;0
SERAIN;2;22.9.1961;2;0
MUSSIN;2;2.11.1965;2;0
HECARIYE;4;21.5.1938;0;4
KUTENT;2;22.2.1967;2;0
NIKAL;3;28.5.1957;0;3
NAZIPE;2;7.5.1943;0;2
MERCULE;2;12.9.1953;0;2
GULUZARA;2;21.3.1947;0;2
SAYESDER;2;19.9.1972;0;2
TABARIK;5;14.11.1963;0;5
MUADTIN;2;3.6.1943;2;0
FIYNET;2;26.4.1939;0;2
SAYADET;2;29.4.1938;0;2
TURAS;2;11.1.1944;0;2
HICIRGUN;2;8.11.1961;0;2
FEHSI;2;20.2.1961;2;0
HASKIL;2;5.5.1975;0;2
TULEYA;2;24.6.1960;0;2
HUSBIKE;2;27.2.1956;0;2
NURBILE;2;9.12.1983;0;2
ERAYIP;2;7.3.1957;2;0
ZUHEDA;9;19.4.1967;0;9
MINTEN;2;6.3.1937;0;2
BUASK;2;7.4.1983;2;0
MEVCIAN;2;12.10.1951;0;2
SADESTE;2;14.9.1938;0;2
UMMEKADIN;2;17.2.1960;0;2
SETURE;2;24.11.1967;0;2
UGURSIN;2;22.8.1945;2;0
BETULIYE;3;23.1.1981;0;3
ZUKULE;2;10.12.1947;0;2
MESURLE;2;13.9.1942;0;2
MELIMEN;3;27.9.1962;0;3
TELFIDAN;2;7.1.1952;0;2
MAGRUZA;2;22.6.1942;0;2
GURCIMEN;4;4.11.1948;0;4
EBILHEZ;2;4.6.1957;2;0
MAHBURYE;2;2.2.1963;0;2
ELBERIYE;2;13.2.1965;0;2
NATIME;2;23.1.1940;0;2
KULTENE;2;4.11.1958;0;2
ZEYMAT;2;21.5.1969;0;2
SEMRURE;2;1.4.1943;0;2
LOGER;2;27.12.1941;0;2
ME.TURGUT;2;9.5.1948;2;0
REBRULE;2;27.2.1968;0;2
MASLAN;2;19.5.1957;0;2
HAKIYLE;2;17.8.1936;0;2
MIMKER;2;5.12.1940;2;0
MIRATAS;2;25.1.1942;0;2
NURHIBA;12;18.11.1957;0;12
GORDEHAN;2;27.8.1938;0;2
MEFRULE;2;28.12.1944;0;2
CETMINAR;2;21.10.1949;0;2
CEKNAZ;4;16.1.1954;0;4
GUZEYYEN;3;29.11.1954;0;3
BAHARAT;3;5.2.1949;0;3
NAZLUMAN;2;6.2.1935;0;2
HABE;3;14.5.1934;0;3
ZALIP;2;4.7.1972;2;0
LURFI;2;7.2.1964;2;0
ZARFIDE;2;6.12.1964;0;2
TONCAY;4;14.8.1974;4;0
GULBEYAM;2;25.6.1953;0;2
KULEN;2;12.8.1923;0;2
SERDARBEY;2;18.12.1968;2;0
SEREFNA;2;27.2.1956;0;2
AYSINA;3;16.5.1968;0;3
SENERA;2;1.5.1942;0;2
ULPERI;7;25.12.1954;0;7
NAKYAN;2;24.10.1963;0;2
PAIKA;3;30.1.1950;0;3
URZU;2;18.10.1966;0;2
BIBANE;2;27.8.1926;0;2
ENGUC;2;25.12.1983;2;0
SIHARIYE;2;9.5.1943;0;2
EZAYEDDIN;2;13.2.1957;2;0
BIRGUC;2;6.2.1986;2;0
NAMENFER;2;12.10.1965;0;2
BEYZAH;2;4.11.1955;0;2
GUNMUHAR;2;14.8.1973;0;2
MUKERREK;2;3.12.1965;0;2
GULNEVIZ;2;2.8.1957;0;2
BEHIKE;2;7.8.1948;0;2
KUTLEN;2;3.12.1948;0;2
ELIMEN;2;19.3.1943;0;2
BIRGISER;2;27.6.1986;0;2
SADINUZ;2;19.12.1966;0;2
BILKISEL;2;27.6.1962;0;2
FESCURE;2;21.6.1966;0;2
SUZATIN;2;26.11.1974;2;0
NURDELEN;2;2.2.1957;0;2
MUDEVER;2;24.11.1957;2;0
SIHAMI;2;2.10.1969;2;0
FARAHITTIN;2;22.2.1954;2;0
FIRMANE;3;7.3.1960;0;3
SELHUZAR;2;7.10.1964;0;2
VARDU;2;21.7.1981;0;2
MANITIKA;2;12.3.1971;0;2
RALEN;2;30.12.1981;0;2
MUCESTEN;2;4.9.1987;0;2
BEYNAM;2;22.4.1963;2;0
GUNEVIR;2;26.2.1973;2;0
IRMAKHAN;2;3.10.1990;2;0
OKAYLAN;2;6.5.1963;2;0
SEVIMNUR;7;26.7.1972;0;7
FAMATTIN;3;11.2.1972;3;0
NEKANE;2;7.2.1946;0;2
KERBA;2;16.4.1964;0;2
BIDAVER;2;16.12.1940;0;2
YASEBI;2;19.10.1967;0;2
GULPAYZE;2;20.12.1965;0;2
NURFANI;2;30.10.1950;0;2
NECARE;2;11.12.1931;0;2
CAKER;2;22.7.1972;2;0
SEYCAM;2;29.4.1957;0;2
NESRULE;2;6.3.1973;0;2
MADIZ;2;17.3.1966;0;2
GUNEYRA;2;28.10.1984;0;2
KETEYEN;2;27.11.1935;0;2
MEVARE;2;21.2.1945;0;2
BELHUDA;2;21.10.1964;0;2
ADAYIR;2;17.10.1972;2;0
ELTURAL;2;2.4.1944;2;0
SUADER;6;11.6.1949;0;6
SABITDIN;2;8.8.1936;2;0
FAKILE;2;26.11.1953;0;2
MINYAT;2;13.8.1966;2;0
REYHE;2;9.4.1971;0;2
MUGATTAR;2;6.3.1954;0;2
SAAMI;2;26.12.1965;2;0
AYPEKER;2;15.5.1939;0;2
SELTAS;2;27.11.1977;0;2
LUTUFKEN;2;6.4.1951;0;2
ERTULLAH;2;2.11.1978;2;0
UNVERIYE;2;17.5.1958;0;2
FATIMEZZEHRA;2;21.8.1930;0;2
GULFIREK;2;8.6.1968;0;2
BEYCIN;3;17.4.1980;1;2
TERMIL;2;1.6.1973;0;2
NAZERKET;2;27.1.1968;0;2
NEBRILE;2;26.2.1942;0;2
SEVLIR;2;7.7.1964;0;2
NEKETIYE;2;27.7.1950;0;2
AYFIZAR;2;20.7.1966;0;2
NUGUDE;2;3.3.1966;0;2
SAENDER;2;29.8.1968;0;2
SAFIDIN;2;1.5.1946;2;0
MATMAZEL;2;14.8.1964;0;2
NEVZINE;3;29.3.1949;0;3
MEHREBA;2;20.4.1941;0;2
MAFIDEN;2;16.5.1949;0;2
MULUVE;2;21.8.1934;0;2
BAHTIYAVER;2;6.6.1961;0;2
HECILE;2;11.2.1961;0;2
NURSAIL;2;25.10.1979;2;0
ONAYDIN;3;7.8.1971;2;1
METISE;2;2.1.1939;0;2
NURFAZI;2;2.4.1963;0;2
NURHAZI;2;11.2.1963;0;2
FULISI;2;13.6.1961;2;0
VERSAL;2;11.5.1974;2;0
MEVCIYEN;2;5.11.1951;0;2
MABRULE;2;6.10.1984;0;2
ILEYKE;2;21.4.1940;0;2
BEYTIM;2;16.2.1964;2;0
EBBER;2;2.12.1951;0;2
AKILMA;2;2.2.1963;0;2
LINSAY;2;27.7.1964;0;2
IGLAL;2;17.7.1936;0;2
FAYSA;2;16.2.1970;2;0
MEVAS;3;19.12.1951;1;2
SAINDAR;2;2.4.1957;0;2
YUCELAKIN;2;10.8.1961;2;0
KAMURA;2;21.2.1975;0;2
CELALDURGUN;2;5.12.1960;2;0
HEPBE;2;1.6.1971;0;2
SEHNURAN;2;7.12.1961;0;2
MELGUP;2;23.6.1973;2;0
MUSGEL;2;20.1.1956;0;2
FILAN;2;14.4.1943;2;0
MECILI;2;9.4.1957;0;2
ERKANSANLI;2;15.12.1977;2;0
SULCAY;2;22.2.1969;0;2
TICANUR;2;12.10.1981;0;2
AZERBEY;2;11.7.1981;2;0
MUEDDEB;2;16.1.1978;0;2
OMHUR;2;4.9.1962;2;0
EMETLE;6;28.6.1962;0;6
MUSAAY;2;17.10.1990;2;0
BUNHAT;2;9.10.1969;2;0
VARLE;2;11.6.1933;0;2
SAYINEBAT;4;3.9.1962;0;4
OZBEYLI;2;12.5.1970;2;0
IMIDI;2;7.10.1934;2;0
MURATDEGER;2;18.8.1973;2;0
CANBERENT;2;21.3.1991;2;0
SUZENER;2;12.10.1975;0;2
ALIDUZGUN;2;7.10.1964;2;0
ERYANE;2;9.4.1941;0;2
UNSAMI;2;22.5.1949;2;0
KANDOGAN;2;14.5.1934;2;0
UZUFET;2;27.3.1941;0;2
KEVAKIP;2;6.6.1963;0;2
UMLIHAN;3;23.5.1984;0;3
MAYINIR;2;6.1.1958;0;2
MUDAVERDI;2;10.11.1944;2;0
GUVENDE;2;1.2.1961;0;2
GOYA;2;15.10.1989;0;2
GUBUN;2;27.9.1962;0;2
MUDE;3;10.3.1941;0;3
BEMRIYE;2;7.2.1970;0;2
RUHDANE;8;17.2.1952;0;8
ZUDE;3;11.7.1962;0;3
UMMUDENGIZ;2;14.5.1957;0;2
SENGULTEN;2;24.5.1971;0;2
MUTAALIP;3;28.7.1960;3;0
MIKAYLA;2;13.9.1980;0;2
BUCAY;2;6.3.1941;2;0
HEYYUM;2;9.11.1963;2;0
MIKATTER;2;4.2.1957;0;2
SALISEN;2;30.2.1980;0;2
OTURAN;2;19.11.1940;2;0
VECAYIT;2;23.3.1963;2;0
BESTERAH;2;23.3.1991;0;2
TEZGEL;3;11.5.1959;3;0
SUULLE;2;3.8.1960;0;2
SAPBANI;2;21.7.1964;0;2
ALISERVAN;2;8.1.1990;2;0
LINGUN;2;3.2.1963;0;2
MERGYUZ;2;24.9.1981;0;2
LADES;2;13.1.1975;0;2
GUNO;2;22.11.1979;0;2
PERVIR;2;27.2.1962;2;0
NIGORAHON;2;3.7.1969;0;2
ERGUNNUR;2;27.8.1932;2;0
NESLIHEN;2;24.7.1975;0;2
ZEFKIYE;2;6.5.1966;0;2
MUCUK;2;7.6.1954;2;0
DURSALEN;6;24.4.1953;0;6
SELVETDIN;3;6.9.1963;3;0
TAKIHA;2;2.2.1963;0;2
FILIZA;2;12.6.1965;0;2
NULKIYE;2;4.6.1948;0;2
GULAZEZ;2;6.7.1950;0;2
FARATIN;2;21.5.1951;2;0
NAZMIKAR;2;10.11.1952;2;0
AVDER;2;25.2.1963;2;0
SEMIREL;2;2.10.1966;0;2
SUNNETI;2;7.4.1931;0;2
ELANOR;2;1.4.1989;0;2
MUJUDE;2;15.5.1960;0;2
ZAZEY;2;12.4.1965;0;2
YALCINEM;2;2.5.1975;0;2
HEFURE;2;21.7.1931;0;2
GULBIDEN;2;29.2.1944;0;2
HESAP;3;27.2.1945;3;0
AYYIL;2;12.1.1967;2;0
GURAYI;2;21.12.1964;2;0
HEVRISME;2;22.2.1961;0;2
ECLEN;2;16.1.1930;0;2
MEVLUTDUN;2;18.1.1972;2;0
FILIZI;3;8.11.1955;0;3
URISEN;2;10.1.1961;0;2
LEPHIYE;2;24.10.1931;0;2
LEHBIYE;4;6.2.1965;0;4
TIJENT;2;25.6.1974;0;2
SAHUZAR;3;4.10.1964;0;3
SAVACAN;2;1.4.1954;2;0
SUBYET;2;29.7.1951;0;2
KINACI;2;27.2.1964;2;0
MERESA;2;7.8.1934;0;2
REKOR;2;3.2.1975;2;0
GULTURAL;2;26.4.1947;0;2
HURITIN;2;21.8.1933;0;2
BARKIZE;2;24.1.1931;0;2
SENNIZ;2;14.11.1965;0;2
GUZAYIDE;2;27.5.1948;0;2
HUDAVEN;3;1.10.1968;3;0
MUNUDE;2;22.2.1973;0;2
FAHRILIZA;2;12.4.1938;0;2
SENESEN;3;22.4.1966;0;3
MAADER;2;16.3.1949;0;2
MUJGEHAN;4;24.12.1983;0;4
TERDIYE;2;2.4.1947;0;2
RENGEGUL;2;23.2.1958;0;2
DILFURNAZ;2;12.12.1953;0;2
ATILEY;2;2.2.1951;2;0
ECNAN;4;19.11.1947;0;4
SEZANER;2;9.4.1969;0;2
VERSENDE;2;26.12.1978;2;0
SABIHATTIN;2;20.2.1969;2;0
HESBIKE;2;21.9.1935;0;2
GUMRI;2;2.2.1945;2;0
MEMELETTIN;2;29.8.1941;0;2
GAVLETE;2;23.8.1951;0;2
BAKIZ;2;27.4.1974;0;2
HISABETTIN;2;6.7.1973;2;0
UFVET;2;14.5.1955;0;2
DIJLIHAN;2;7.10.1966;0;2
PIKRIA;2;28.9.1962;0;2
KIDE;2;22.5.1955;0;2
NUHSUAT;2;6.10.1966;2;0
DESTO;2;7.8.1934;2;0
TEBAT;2;2.2.1957;2;0
ADIYANA;2;21.9.1941;0;2
ABDULHAKKIM;3;16.3.1967;3;0
ASEMI;2;7.9.1988;0;2
BIHAT;2;1.3.1949;2;0
KISMETIYE;2;23.9.1940;0;2
GULHUSAR;2;17.1.1978;0;2
MEFIR;2;26.5.1953;0;2
MEFURET;2;7.3.1940;0;2
NILIGER;3;14.1.1964;0;3
FECIRGUL;2;17.12.1966;0;2
SUKURNEF;2;28.8.1937;0;2
AYESEN;2;18.10.1960;0;2
CEVAHETTIN;2;13.3.1937;2;0
BEMSET;2;17.5.1935;2;0
METHAL;2;7.3.1967;2;0
KEVHERIYE;2;17.8.1924;0;2
ZABRI;2;26.6.1964;2;0
GULESEVER;3;28.10.1968;0;3
KEZIBAT;2;27.2.1974;0;2
ZILIFET;3;29.8.1967;0;3
SELBINES;2;10.3.1958;0;2
HECIRGUL;2;10.6.1952;0;2
BEISFANI;2;16.8.1958;0;2
MEVZUAT;2;26.5.1963;0;2
MAAYISER;2;1.11.1954;0;2
MURDUHUN;2;1.11.1954;0;2
MUCIDIYE;5;15.7.1973;0;5
SAVDETE;2;27.2.1968;0;2
KINAT;2;3.11.1989;0;2
NARBANU;2;2.7.1984;0;2
SALFIRAZ;2;19.7.1978;0;2
MESSANE;2;18.2.1960;0;2
NIBEYZA;2;28.4.1983;0;2
MESMEN;2;17.2.1977;2;0
TESMIME;2;1.1.1937;0;2
MAYSERIN;2;11.7.1968;0;2
HICIRGUL;2;26.12.1958;0;2
EMDUKA;2;23.4.1948;0;2
MUNELEN;2;27.5.1949;0;2
EZMENI;2;22.2.1949;2;0
GULDEYER;3;6.1.1954;0;3
FENDAL;2;11.8.1964;2;0
HUMMERA;2;30.4.1965;0;2
ERASUL;2;26.7.1978;2;0
ASKIGUL;2;16.11.1940;0;2
M.ZAMAN;3;20.11.1966;3;0
EREHME;4;22.12.1957;0;4
GULNAZILE;2;6.10.1978;0;2
VELVIDAR;2;11.2.1960;0;2
ZIRAIYE;2;17.2.1936;0;2
SEHERIBIS;2;21.6.1959;0;2
YASIMET;4;19.2.1944;0;4
SELAVATTIN;2;1.4.1966;2;0
YAGIP;2;25.5.1931;2;0
VACIDAN;2;25.4.1967;0;2
BECERIK;2;13.10.1973;2;0
GULERCE;2;12.2.1958;0;2
ESNEF;2;16.5.1964;2;0
SELEYETTIN;2;29.5.1948;2;0
FAZNI;2;11.9.1973;2;0
CESNAZ;4;10.9.1958;0;4
NAZIYEN;4;17.3.1960;0;4
SAGOR;2;21.2.1942;0;2
MUKATTIR;2;13.4.1959;0;2
NEGIZE;2;9.11.1953;0;2
SUKRUYET;2;6.4.1954;0;2
MEYISERET;2;22.10.1973;2;0
AYDURAL;2;15.4.1939;2;0
FIRDOVSI;2;8.1.1966;2;0
GOULLIZAR;2;17.1.1990;0;2
GALIHAN;2;5.4.1957;0;2
GAVLET;2;14.9.1959;0;2
CUVEYDA;2;5.12.1968;0;2
HECIRI;3;30.4.1952;1;2
BAYIS;2;18.2.1952;0;2
MABSER;2;29.4.1958;0;2
VEHLUL;2;3.2.1952;2;0
AFRAYIM;2;24.1.1964;2;0
MEVCIDE;9;7.12.1968;0;9
ANAZULEYHA;2;21.9.1980;0;2
HERIDIYE;2;24.5.1948;0;2
MERMIRE;2;6.1.1932;0;2
LELAR;2;4.9.1935;0;2
LULGUN;3;7.3.1966;0;3
SOYRE;2;11.2.1949;0;2
YILDIRAZ;2;27.2.1968;2;0
NURUYEN;2;5.7.1961;0;2
SULNIYE;2;20.10.1961;0;2
SAHPANDER;2;1.4.1941;2;0
HAFIZANA;2;16.4.1970;0;2
ERCIVET;2;26.1.1959;2;0
DURASIL;2;13.2.1936;0;2
AKGADIN;3;5.6.1973;0;3
ROZALIJA;2;8.11.1937;0;2
FIHAMETTIN;2;19.2.1938;2;0
NADIDEGUL;2;12.3.1988;0;2
SERHATDOGU;2;13.10.1986;2;0
SUPRIYE;2;26.8.1944;0;2
LIBIRYA;2;25.11.1957;0;2
GUBUDE;2;27.11.1974;0;2
SETNUR;2;26.2.1983;0;2
BETRIHAN;2;7.11.1936;0;2
PIRDOVUS;2;29.10.1971;0;2
TELHANIM;4;4.9.1946;0;4
ERKININ;2;26.3.1968;2;0
GUDRED;2;2.10.1970;2;0
SELAHATIDDIN;2;15.8.1951;2;0
MEYSELE;2;1.4.1954;0;2
MEVRANE;2;19.10.1957;0;2
TENZIB;2;7.9.1958;0;2
ALIMIYE;3;13.10.1960;0;3
BEDIRYETTIN;2;5.1.1960;2;0
DILLEZ;2;22.11.1963;0;2
MINDES;2;18.2.1945;0;2
NIVAYET;2;14.4.1953;2;0
AYTUFAN;3;12.10.1972;3;0
UZURAY;2;27.7.1944;2;0
SUZAYA;2;25.6.1943;0;2
ERDAVAN;2;18.2.1963;2;0
PARYE;2;12.5.1939;0;2
TEYMUN;2;24.10.1973;2;0
GAZIDE;6;19.12.1953;0;6
MERCUAN;2;21.12.1935;0;2
NEDIMALP;2;11.4.1969;2;0
BULAND;2;16.3.1964;2;0
NURDUGUL;5;9.5.1960;0;5
MERUBE;2;11.12.1951;0;2
SEREVET;2;22.5.1958;2;0
FELINAZ;2;29.4.1980;0;2
ARIFIFTARETTIN;2;15.7.1961;2;0
ZENNAZ;3;26.3.1961;0;3
ZEYHA;4;6.4.1966;0;4
PERZET;3;3.2.1946;0;3
HEDIVIYE;2;26.12.1953;0;2
SAKIREZ;2;17.11.1960;0;2
MAFIDAN;2;5.9.1950;0;2
SAKIZAR;2;28.5.1958;0;2
SEMIRAYIL;2;26.4.1964;0;2
MAFIDER;2;15.12.1951;0;2
SEREFEDTIN;2;3.3.1967;2;0
ZEFA;2;3.8.1964;0;2
BUNMAMI;2;26.5.1961;2;0
MALIKSAH;2;22.2.1962;2;0
NEFARIYE;3;20.5.1969;0;3
FELEKET;2;22.2.1973;0;2
FEVZIAN;2;20.3.1963;0;2
FIGEM;3;25.1.1985;0;3
HETEMIYE;2;16.10.1959;0;2
DILAHSEN;2;12.2.1983;0;2
MULKIS;2;5.7.1943;0;2
RENKIN;2;2.2.1957;0;2
KEFADIL;2;26.7.1936;2;0
SEHLEVEN;2;11.1.1973;0;2
GONIZ;2;17.12.1963;0;2
EBUZEYR;2;7.3.1988;2;0
MURUCEN;2;18.9.1963;0;2
SERBBIL;2;9.5.1961;0;2
FERTEVRUZ;2;9.12.1974;0;2
CASEN;3;24.5.1963;0;3
URSUM;2;5.5.1945;0;2
ZEMIYA;2;2.9.1962;0;2
CEKMEZ;2;2.1.1964;2;0
TAZMIN;2;27.12.1935;0;2
SAFFITTIN;2;3.6.1953;2;0
NEZYA;4;16.7.1973;0;4
OZMIL;2;11.8.1973;2;0
MESMUDE;2;25.11.1948;0;2
NAMUFER;2;4.9.1951;0;2
MALICE;2;22.5.1931;0;2
FILIZKIN;2;25.6.1953;0;2
URVEDE;3;27.6.1974;1;2
NUZAHITTIN;2;29.5.1953;2;0
EBIRE;2;8.4.1940;0;2
MARZUKE;2;17.6.1943;0;2
PEVRULCAN;2;23.8.1979;0;2
TURCEYAN;2;24.6.1948;0;2
MALIKSAN;2;20.2.1951;2;0
MUTASAR;2;9.11.1957;2;0
BAYRAMAYSE;2;21.2.1957;0;2
MUSAFI;3;18.4.1948;0;3
BAGMA;2;12.4.1941;0;2
DILEGUN;2;4.9.1962;2;0
GULVERISAH;2;5.4.1985;0;2
FIRCINIYE;2;6.5.1961;0;2
MITATTIN;2;29.3.1940;2;0
IKRANIYE;2;27.3.1933;0;2
NAFZIZE;2;21.8.1955;0;2
YEGRIYE;2;1.9.1965;0;2
GULDEYHAN;2;7.12.1970;0;2
RUKAS;2;20.3.1966;0;2
FERUZAL;2;24.6.1977;0;2
FATMASEDA;2;15.11.1977;0;2
SMILJANA;2;28.7.1938;0;2
NEGERIYE;2;26.12.1945;0;2
SECDEN;2;17.8.1966;0;2
SEVETIN;2;21.6.1940;2;0
FEIL;2;19.9.1967;2;0
ELVEDAR;6;11.10.1953;0;6
ZURAFI;2;10.2.1956;2;0
ETEFET;2;22.12.1954;0;2
TAKDIRYE;2;1.5.1986;0;2
MUCERSEM;2;2.2.1951;0;2
MUNACAETTIN;2;16.1.1953;2;0
NURSIYAN;2;16.4.1955;0;2
MERCIYEN;2;22.2.1961;0;2
BESERIYYE;2;2.10.1953;0;2
NUHIN;4;30.6.1965;4;0
FESNE;7;24.9.1963;0;7
PAYSEL;2;12.8.1968;2;0
RESVANE;4;29.8.1949;0;4
SELAHATTINALI;2;26.2.1987;2;0
JOYCELYN;2;30.11.1966;0;2
TOLKIN;3;22.5.1976;0;3
TULGAD;2;19.10.1981;2;0
FREDERICA;2;29.6.1953;0;2
BERLI;3;14.2.1979;0;3
SEBASTIANO;2;11.12.1958;2;0
VAHIM;3;3.7.1973;3;0
RIDAETTIN;2;27.7.1938;2;0
EUGENIU;2;25.9.1984;2;0
LYNSEY;2;11.9.1979;0;2
SURMEYEL;2;18.5.1988;0;2
CEBRAILOGLU;2;15.8.1971;2;0
TIMEA;2;1.7.1976;0;2
SUREYYAH;2;16.5.1969;0;2
UIUIEN;2;8.1.1960;0;2
FATMAZEL;2;26.5.1970;0;2
UNSUN;4;10.10.1978;0;4
GOAR;2;12.9.1962;0;2
AISHAT;2;6.9.1973;0;2
ZHNEVELA;2;7.6.1966;0;2
BEYRUHA;2;4.5.1980;0;2
HATHER;2;24.3.1974;0;2
GULSENDIR;3;11.6.1961;0;3
GUNNAHIDE;2;2.4.1942;0;2
XHOANA;2;26.2.1979;0;2
IMGEHAN;3;4.11.1988;0;3
DOGEM;2;30.7.1991;0;2
MUBETDILE;2;27.2.1962;0;2
SABIENE;2;4.5.1966;0;2
GOLBAR;2;30.4.1926;0;2
BALSU;2;16.3.1983;0;2
GUNEES;2;20.12.1939;0;2
HALIBIRAM;2;13.11.1961;2;0
TAMIKO;2;7.7.1970;0;2
CUKUFE;2;7.3.1946;0;2
HARTIN;2;11.11.1960;2;0
SABURAY;2;11.5.1953;0;2
AKLAME;2;23.4.1955;0;2
HURMEHTAP;2;11.2.1968;0;2
GULSEYAN;2;23.6.1962;0;2
ZENIR;2;14.5.1970;0;2
MUCHAN;2;9.2.1964;0;2
KOTVAL;2;17.1.1972;2;0
NAHRI;2;7.4.1964;2;0
JOYCE;3;25.7.1948;0;3
RENDDA;2;6.8.1971;0;2
IHSANA;3;7.11.1939;0;3
CANIBEYIM;2;14.5.1933;0;2
ELVANUR;3;2.10.1986;0;3
JULIATA;2;11.11.1960;0;2
AVSINALP;2;4.4.1988;2;0
SELKAR;2;5.11.1982;2;0
ZILNURIYE;2;6.1.1973;0;2
RANAYI;2;7.4.1976;0;2
SEYDIC;2;24.5.1985;2;0
ADVI;3;15.10.1969;1;2
SIGMIN;2;2.3.1968;0;2
SEYHLEVENT;2;17.7.1972;0;2
BAYDIGIN;2;22.1.1971;2;0
OGSAN;2;13.6.1944;2;0
VALERYIA;2;2.10.1975;0;2
OZUMDIREN;2;8.7.1991;0;2
KYM;2;29.5.1969;0;2
VASFITE;2;16.4.1958;0;2
SOPHIA;2;21.2.1974;0;2
BURHANITDIN;2;1.11.1967;2;0
ZADISAH;2;28.2.1951;0;2
HOSGELDIN;2;12.8.1971;0;2
GULSIT;2;23.5.1953;0;2
ELCHIN;2;12.1.1965;0;2
ONELLA;2;30.12.1984;0;2
TRACYLYN;2;26.12.1966;0;2
MERYL;2;27.4.1968;0;2
MARLEEN;2;26.1.1986;0;2
TANRISEV;2;18.9.1958;2;0
GULMEHAN;2;7.2.1970;0;2
ZINYA;2;7.8.1976;0;2
KYE;2;2.10.1949;0;2
BEHATRICE;2;7.8.1972;0;2
BLANDA;2;22.7.1945;0;2
ALIYENAZ;2;8.11.1990;0;2
CEMANS;2;1.5.1967;2;0
GUNUGUL;2;22.12.1953;0;2
SUZNAR;2;30.11.1952;0;2
DIKTAM;2;2.1.1933;0;2
MELANE;2;7.7.1965;0;2
SULEVER;2;29.6.1953;0;2
GEVHERSAT;2;7.7.1934;0;2
ZOHREH;2;6.4.1979;0;2
COKBIL;2;28.8.1942;2;0
MUSTI;4;27.6.1966;4;0
DEIRDRE;3;11.12.1967;0;3
ROSINA;2;21.2.1966;0;2
ALJAN;2;12.3.1950;2;0
CUNEYDE;3;5.9.1960;0;3
ROBERTUS;2;18.4.1958;2;0
EVMANIYE;2;26.12.1965;0;2
KORYAK;2;24.2.1990;2;0
BARCLAY;2;29.2.1949;2;0
CUYAP;2;29.3.1923;0;2
LALANDER;2;22.6.1961;0;2
FIRUZANFER;2;3.9.1959;2;0
MURDET;3;21.10.1965;0;3
GULCAKIR;2;26.11.1953;0;2
NECLIYA;2;5.5.1962;0;2
TASLAN;2;21.4.1972;0;2
RIANNA;2;16.10.1972;0;2
ZULBEYI;2;6.12.1980;0;2
SAYETSE;2;2.4.1966;0;2
FEGRETTIN;2;7.8.1964;2;0
ASSIYET;2;24.3.1963;0;2
SALITTIN;2;16.5.1969;2;0
JACKELINE;2;6.5.1950;0;2
DEVORE;2;23.5.1932;0;2
ANGELLA;2;29.8.1979;0;2
SHAINA;2;26.11.1968;0;2
ECILE;2;1.12.1973;0;2
KERMANIM;2;10.2.1952;0;2
MERHAMENATTIN;2;6.5.1973;2;0
MAHLUBE;2;1.6.1955;0;2
CEVADIN;3;28.1.1960;3;0
PERVIHAN;2;17.7.1983;0;2
DILNARE;2;18.3.1960;0;2
MONJA;2;25.4.1970;0;2
NAFAA;3;4.6.1943;0;3
HACISERHAT;2;3.6.1965;2;0
LEZKI;2;14.8.1944;2;0
DAVATUL;2;7.5.1964;2;0
MESAYET;2;11.4.1955;0;2
FEYZET;3;19.4.1983;0;3
ORDIGAN;2;11.4.1955;2;0
FIRDAL;3;13.11.1968;2;1
CIGSEL;4;4.9.1979;0;4
ALEMIYE;2;12.1.1941;0;2
SEHRULBANI;2;26.5.1929;0;2
AYALTAN;2;23.5.1965;2;0
ADRIANE;2;15.12.1964;0;2
GULCIKRE;2;6.10.1967;0;2
GULCUMEN;2;3.4.1951;0;2
HUYLI;2;7.8.1976;2;0
SAHZELIM;4;19.11.1964;0;4
YETER.;2;7.9.1979;0;2
EZRAILOGLU;2;18.1.1962;2;0
SEVSAH;2;13.1.1981;0;2
ANNALIESE;2;28.9.1933;0;2
YAKAL;2;13.8.1947;2;0
CELIKKOL;7;25.5.1938;7;0
LIESEL;2;15.6.1948;0;2
DILEZER;2;27.2.1956;0;2
MUTASIR;3;30.9.1966;3;0
TOK;3;28.9.1969;3;0
MUSRAN;2;11.12.1956;0;2
SUVAYI;3;6.2.1962;3;0
SEVGEC;2;5.3.1975;2;0
AGTUL;2;23.6.1968;0;2
AYDABEN;2;7.1.1981;0;2
APDULGAZI;2;4.2.1975;2;0
NAZENGUZ;2;21.2.1963;0;2
DUDUKUS;2;2.4.1951;0;2
ZEYFIM;2;7.12.1950;2;0
SULSIYE;2;1.3.1954;0;2
GULHEZ;2;1.12.1964;0;2
ALIOZ;2;14.12.1935;2;0
ARAZIYE;2;7.3.1946;0;2
GUNELDEN;2;26.3.1965;0;2
PAPES;2;25.3.1934;0;2
DILEKSAGLIK;2;17.8.1979;2;0
MERCIKA;2;15.6.1939;0;2
ZEHMELIYE;2;7.7.1946;0;2
CENNETNUR;2;16.8.1991;0;2
GULKUSAT;2;21.10.1942;0;2
ALFIZE;2;6.8.1950;0;2
HUSSUM;2;19.10.1939;0;2
NICRA;4;4.5.1961;0;4
MERIGUN;2;22.2.1982;0;2
HAMAILE;4;15.8.1951;0;4
MELIKGUN;2;17.5.1972;2;0
TAMERTAN;2;12.12.1967;2;0
SELGUZER;2;16.3.1953;0;2
GUNGUZAR;2;21.11.1958;0;2
GULLAKI;2;28.5.1950;0;2
CEVHARIYE;2;11.3.1957;0;2
GARIPSEN;2;7.2.1940;2;0
MUCISE;3;16.2.1963;0;3
HURSITEDIP;2;4.12.1962;2;0
ESENE;3;7.1.1953;0;3
BAGGUZEL;2;8.2.1962;0;2
SEFFERIYE;2;7.2.1940;0;2
ERKUD;2;21.6.1971;2;0
TAHSITTIN;2;11.4.1948;2;0
SELEMIN;2;26.4.1967;2;0
CETDI;2;4.3.1953;2;0
DURACA;2;1.9.1966;0;2
SEGERMEN;2;28.4.1955;0;2
MUNEYP;2;24.1.1978;2;0
MUNEYYIP;4;7.6.1959;4;0
SIPKATULLAH;1;25.11.1979;1;0
MURSELME;1;29.10.1947;0;1
SALUHIBRAHIM;1;4.12.1950;1;0
SEKVER;1;5.3.1933;0;1
HEYASETTIN;2;11.3.1934;2;0
MEJLIN;1;30.12.1984;1;0
ISKENDIR;1;11.11.1972;1;0
NECDIN;2;13.3.1966;2;0
MUCEVETTIN;1;10.2.1966;1;0
SIMILHEZAR;1;12.2.1959;0;1
EDRAN;1;28.1.1973;1;0
FEYREM;1;2.3.1951;0;1
ZEHABI;1;4.5.1946;1;0
SOYFE;1;5.10.1970;0;1
KADRIN;1;2.10.1977;1;0
MURBA;1;15.5.1950;0;1
ZERREGUL;1;29.4.1978;0;1
MEHLIPAR;1;21.1.1976;0;1
SEVILCEN;1;22.10.1982;0;1
ADVIE;1;23.7.1976;0;1
HESNANPERI;1;13.3.1944;0;1
MUFERDE;1;27.2.1933;0;1
OZHANIM;1;9.12.1979;0;1
NERTAN;3;22.12.1978;3;0
CULEYDE;1;17.6.1988;0;1
ABDILLAZIM;1;8.8.1988;1;0
UMICIHAN;1;2.2.1963;0;1
SUBATIYE;2;15.2.1970;0;2
MUZELLIM;2;13.4.1960;2;0
ERETAN;1;1.10.1959;1;0
ERFIDE;2;26.2.1962;0;2
KADREYI;1;7.5.1932;0;1
NURGULIYE;1;17.2.1979;0;1
MUNEYEN;1;17.6.1991;0;1
KIYYUM;1;12.11.1965;1;0
MIHRAMSAH;1;7.3.1977;0;1
BIRAYDIN;1;14.10.1972;1;0
MUNTES;1;26.4.1958;0;1
ELFIRE;1;28.5.1945;0;1
NEFISI;1;7.11.1935;0;1
KUYASETTIN;1;17.2.1948;1;0
FEZDA;2;11.5.1977;0;2
ATVE;2;5.2.1979;0;2
HULTEN;1;30.6.1979;0;1
GULLUSEREN;1;22.12.1947;0;1
ZENSERIF;1;28.8.1978;0;1
KESEBIR;1;2.2.1940;1;0
SECGEN;1;1.6.1950;1;0
M.SABAH;1;13.2.1934;1;0
SALIHASEVILAY;1;22.5.1966;0;1
BITKIN;1;15.11.1975;0;1
PASAHATUN;1;2.7.1951;0;1
PAZIZE;3;6.2.1953;0;3
FELENGUL;1;25.2.1974;0;1
SAHZEDDIN;2;27.4.1949;2;0
FUSSILET;1;4.8.1986;0;1
FERIGEN;1;18.2.1955;0;1
VEHBIYA;1;15.2.1989;0;1
AYSEOYA;1;24.12.1972;0;1
OTALI;1;4.1.1939;0;1
FILIPPO;1;22.2.1964;1;0
GUNZADE;1;16.5.1940;0;1
BENNE;1;28.3.1974;0;1
CHNAR;1;11.6.1975;0;1
UNSALI;1;15.11.1958;1;0
GOKESER;1;8.4.1940;0;1
NERBAN;2;20.11.1938;0;2
ALHUN;1;20.6.1990;1;0
PALIN;1;7.5.1982;0;1
CIHANTURK;1;14.9.1989;1;0
ZULBITTIN;1;22.8.1925;1;0
BAHTIMAN;1;17.12.1972;0;1
UFADIYE;1;14.2.1958;0;1
MUCEHFER;2;1.10.1941;0;2
RESIDIYA;1;26.7.1973;0;1
SARBIL;1;20.11.1955;0;1
SEVSIGUL;1;7.5.1958;0;1
MEMEDEMIN;1;6.12.1968;1;0
SARANDA;1;23.5.1983;0;1
GULFENNUR;1;27.12.1964;0;1
OSMANNAIM;1;18.1.1977;1;0
SEYHISENAN;1;16.1.1974;1;0
ATADENIZ;2;15.11.1977;2;0
TUGBAHANIM;1;24.7.1988;0;1
SENGUZ;1;25.11.1975;0;1
ANTONIYETI;1;22.8.1925;0;1
SADIRIYYE;1;16.6.1939;0;1
IDDAT;1;28.3.1961;1;0
SEMSEBANIYE;1;2.8.1939;0;1
URKUSE;1;7.10.1957;0;1
USEYID;1;16.7.1989;1;0
GUHERTEN;1;15.6.1941;0;1
SUHULI;1;18.10.1954;1;0
LEMICAN;1;5.5.1966;1;0
OZDERENGUL;1;4.8.1974;0;1
GULFERDIYE;1;7.8.1946;0;1
BEYTINAS;1;25.3.1957;0;1
TEHFIDE;2;1.1.1952;0;2
SERDANZER;1;22.6.1979;0;1
SELKINE;1;6.8.1962;0;1
ZENHURIYE;1;3.2.1961;0;1
ZUMERRAN;1;1.10.1977;1;0
BEVGI;1;7.11.1961;0;1
SAYHUN;1;30.9.1964;0;1
ARASAT;1;19.7.1977;1;0
MINAYYA;1;26.3.1970;0;1
CEMOZHAN;1;22.10.1978;1;0
SENGUBAY;1;26.2.1960;0;1
GULYAY;1;26.1.1972;0;1
SINANUR;1;6.2.1991;0;1
DUNGUL;1;2.9.1945;0;1
GULMAFER;1;10.12.1956;0;1
OMRUMIL;1;7.8.1970;1;0
VELAHITTIN;1;29.10.1964;1;0
ELDVAN;1;22.5.1979;1;0
LETIHA;1;7.2.1973;0;1
RICIYE;1;21.7.1991;0;1
CAVDIYE;1;16.6.1966;0;1
GEKLIFE;1;7.6.1958;0;1
OZIS;1;28.11.1947;0;1
SARUHUN;1;19.6.1984;1;0
MUHREBER;1;29.6.1980;0;1
SERUHANI;1;11.3.1951;0;1
TEMINAZ;1;12.3.1950;0;1
ZULFETI;2;27.2.1939;1;1
NECBUDUN;1;12.8.1953;1;0
AGUSKA;1;22.8.1937;0;1
NEDZMIJA;1;15.3.1976;0;1
NECMUDIYE;1;2.8.1951;0;1
SEDRIE;2;4.10.1961;0;2
BELJGIN;1;15.1.1973;0;1
NIHASER;1;7.1.1958;0;1
BASSAR;2;24.10.1970;2;0
APTILMUTALIP;1;24.5.1964;1;0
SERIBAHAN;1;23.11.1967;0;1
CULUFERT;1;13.3.1972;0;1
SEVADIL;1;19.5.1966;1;0
ELEYYA;1;2.2.1975;1;0
SACIMET;1;2.7.1989;0;1
BULNUR;2;2.11.1976;0;2
HALMIE;1;30.8.1959;0;1
ZINURIYE;1;26.8.1940;0;1
HERSEDE;1;10.10.1945;0;1
MEHRUFE;1;5.4.1963;0;1
RECAZIYE;1;27.7.1956;0;1
FURUGAN;2;24.2.1965;1;1
NECIHET;1;22.11.1951;0;1
IVNUR;1;20.2.1977;1;0
FERIZEN;2;12.6.1973;0;2
YUMMIYE;2;4.12.1944;0;2
MUSEBBA;2;11.11.1955;0;2
NECEL;1;27.8.1974;0;1
ZULFETTEN;1;7.11.1962;0;1
GOYCEKHANIM;1;2.1.1948;0;1
SEVILAR;1;6.5.1966;0;1
LUZET;1;11.12.1943;0;1
FULOR;1;20.5.1951;0;1
YILSEV;2;10.10.1979;1;1
FEYAZEDDIN;1;16.12.1977;1;0
GULSECAN;1;25.11.1974;0;1
FEJDE;1;14.4.1984;1;0
BILGIYAN;1;7.8.1982;0;1
ELGULA;1;3.5.1967;0;1
TUHVE;2;12.5.1931;0;2
MAHPUBIYE;1;1.9.1974;0;1
HAMUDULLAH;1;29.2.1973;1;0
VERBIHA;1;8.10.1968;0;1
HALIBAT;1;1.12.1965;0;1
DURDNE;1;2.2.1963;0;1
NURDERIN;2;10.6.1964;0;2
KIRAET;1;22.8.1931;0;1
SUDAYIL;1;11.8.1960;1;0
SELNIZE;1;8.5.1970;0;1
TARDUHAN;1;5.3.1989;1;0
ARASCAN;1;22.9.1991;1;0
ESADET;1;19.11.1938;0;1
ALIAHIT;1;27.8.1938;1;0
JOSEFINE;1;23.4.1940;0;1
CAGSEL;1;2.2.1981;0;1
HULBEYAN;2;16.1.1959;0;2
SINEMCAN;2;24.1.1987;0;2
SAHINI;1;13.2.1927;0;1
TANULAY;1;4.11.1962;1;0
SEVGENT;1;26.8.1984;0;1
SATBERIN;1;22.8.1943;0;1
SANSSU;1;1.11.1978;0;1
SEAY;1;17.12.1973;1;0
DILVANAZ;2;9.7.1967;0;2
CENIFE;1;7.10.1976;0;1
SEIMI;1;2.8.1939;1;0
SEPELE;1;22.8.1973;0;1
HUDIDE;3;4.9.1958;1;2
SIMEAT;1;27.8.1962;0;1
KAFIYENUR;1;21.4.1987;0;1
KIMAH;1;2.8.1933;0;1
BAHINE;1;4.12.1950;0;1
MUHTERA;1;11.8.1968;0;1
NOZEL;1;12.6.1971;0;1
FERSIME;1;12.10.1947;0;1
VITORE;1;24.6.1964;0;1
EFIR;1;9.4.1973;1;0
MUHAMMEDALIFEHAMUDDIN;1;15.6.1974;1;0
SULEIKA;1;19.2.1970;0;1
SENCEMILE;1;13.5.1984;0;1
AVDIREZAK;1;7.8.1964;1;0
RUSKA;2;17.12.1967;0;2
BELGENUR;1;2.6.1951;0;1
MAHISUKUR;1;14.4.1943;0;1
AHLIMAN;1;27.8.1956;0;1
MUCENNET;1;24.10.1970;1;0
MUHEZZER;1;6.7.1960;0;1
TACCEMAL;1;4.5.1979;0;1
BUNIN;1;2.7.1967;1;0
NEVRUKA;1;28.6.1968;0;1
ZUHERA;1;23.6.1959;0;1
NEDIRETTIN;1;11.10.1963;1;0
NUTVET;1;11.10.1962;1;0
MINAYIM;1;28.5.1973;1;0
EMINESULTAN;1;17.2.1936;0;1
NURPI;1;16.6.1968;0;1
NICAVER;1;17.11.1972;0;1
HAYRISAH;1;27.8.1938;0;1
ZULAFER;2;20.7.1970;0;2
NARENSAH;3;24.12.1943;0;3
VEDATI;1;15.8.1977;1;0
NILHANIM;1;24.4.1988;0;1
SENCICEK;1;19.6.1954;0;1
OLBAY;2;1.10.1984;2;0
MUHATTAR;2;23.3.1950;0;2
SABEHATDIN;1;2.12.1949;1;0
SARAM;3;21.11.1981;1;2
DILNURE;2;7.2.1969;0;2
S.YASA;1;28.6.1981;1;0
HULUN;1;28.8.1975;0;1
IBTIHAL;1;9.9.1953;0;1
HIVSIYE;1;28.5.1944;0;1
GULSEVENKA;1;17.1.1972;0;1
HIKKE;1;19.7.1969;0;1
ZULKADRI;1;7.8.1946;1;0
MAHAZIZ;1;7.3.1964;0;1
ZENIHSAH;1;13.9.1966;0;1
MIRVETE;2;11.1.1965;0;2
CENDIS;1;11.6.1951;1;0
BENISTO;1;22.8.1931;1;0
SUAGA;1;7.8.1940;0;1
MUMLUFER;1;21.11.1965;0;1
YAHUS;1;2.8.1975;1;0
HAYMANE;1;22.8.1955;0;1
DIYDAR;2;21.6.1947;0;2
FAZUNE;1;22.8.1949;0;1
MERCIVEN;1;11.12.1963;0;1
HIRISAH;1;15.6.1969;0;1
NURIAHMET;1;19.6.1977;1;0
KEZMETTIN;1;22.8.1949;1;0
RAFEDIN;3;14.9.1965;3;0
NAZLIFAT;1;12.7.1958;0;1
BIDAJET;1;6.4.1944;0;1
ZULFIRE;1;20.5.1943;0;1
MAYLINDA;1;4.10.1969;0;1
TEMENNUSKA;1;27.8.1950;0;1
MUAMEDIYE;1;27.4.1961;0;1
MUBABER;1;12.8.1953;0;1
NARANSAH;1;2.8.1945;0;1
MEHMETDURDU;1;12.8.1935;1;0
NURULEMEL;1;9.9.1940;0;1
ZIDTIKA;1;13.10.1980;0;1
OSMANAYDIN;1;14.5.1943;1;0
GULHANETTIN;1;12.5.1963;1;0
BAHRAMHATUN;1;25.6.1961;0;1
NACIFA;1;30.8.1946;0;1
OZGURGUL;1;21.9.1979;1;0
GUNSABAH;1;7.11.1963;0;1
VESPINAZ;1;7.2.1940;0;1
FAYSALMETE;1;1.10.1973;1;0
VELIRIZA;2;4.3.1972;2;0
BILENNERGIZ;1;22.12.1967;0;1
MAHUSEKER;1;27.5.1967;0;1
MIRSUYAF;1;22.6.1955;1;0
SUCABEY;2;8.1.1964;2;0
SEYITOMER;2;7.12.1954;2;0
MURATDURSUN;1;15.12.1981;1;0
MAKFIRAZ;1;12.2.1941;0;1
ENEGUL;2;10.8.1959;0;2
GULSAHSEMRA;1;13.6.1990;0;1
PISTIL;1;10.10.1956;1;0
TUNATEL;1;6.5.1964;0;1
SACADTIN;1;11.5.1968;1;0
DILEFIRAZ;1;2.3.1963;0;1
ABULENSAR;1;6.3.1975;1;0
GULISRAFIL;2;27.11.1955;0;2
BABABERTAL;1;9.12.1974;1;0
SAYATA;1;12.4.1939;0;1
MUSKULAT;1;17.3.1960;0;1
MILCI;1;4.8.1927;0;1
HANIMZASE;1;28.3.1955;0;1
ULUZGER;2;24.2.1954;0;2
EVDANUR;2;6.6.1975;0;2
GULNIBE;1;29.4.1965;0;1
ALIVEYIS;1;4.3.1969;1;0
OZENCE;1;3.2.1987;0;1
MULKIBAN;1;18.12.1953;0;1
GOGNUSEN;1;6.9.1943;0;1
MUNADIYA;1;17.2.1966;0;1
VARKIN;1;12.8.1969;1;0
BEYSIR;2;16.6.1933;0;2
SELVICINAN;1;29.3.1965;0;1
DILDAHAR;1;27.9.1956;0;1
NECIVET;1;21.3.1972;1;0
GULVECIDE;1;1.4.1989;0;1
BEYKA;1;2.8.1951;0;1
KADIREMIN;1;9.11.1943;1;0
IZIME;1;17.8.1936;0;1
RESEDIYE;1;22.8.1949;0;1
RUHIDILKA;1;2.8.1921;0;1
FACETIN;1;15.2.1969;1;0
ESBEK;1;17.8.1974;0;1
ADEVIS;4;23.10.1946;0;4
GULTUNE;1;17.3.1960;0;1
ZULKIPLI;1;27.8.1950;1;0
NERYAZ;1;2.10.1969;0;1
BECIT;1;4.6.1952;1;0
AHMED-I;1;21.8.1985;1;0
INGRIDGERTNUD;1;18.10.1931;0;1
DILPEZIR;2;25.2.1949;0;2
FERHATTAN;1;5.11.1963;1;0
NIZAYNUR;1;22.2.1961;1;0
BOZCAN;1;25.8.1990;1;0
YUKRIYE;2;8.1.1964;0;2
MEMIYE;1;12.8.1965;0;1
ILKINAR;2;28.5.1967;0;2
H.ICLAL;1;7.9.1926;0;1
MUFECCER;2;20.11.1967;0;2
SADIMAGUL;1;26.5.1961;0;1
TIMUREL;1;12.2.1987;1;0
SIBIKETULLAH;1;9.5.1972;1;0
UMMUN;2;14.11.1973;0;2
RUGYA;1;3.6.1967;0;1
KURTAHANIM;1;9.2.1946;0;1
BECDAL;1;7.6.1964;1;0
LEVASE;1;26.6.1963;0;1
NIHAETTIN;1;29.10.1962;1;0
MUDENBI;1;23.3.1972;1;0
MULEBE;1;27.6.1962;0;1
HECIM;1;19.6.1961;1;0
SAHIZMEN;1;7.1.1970;0;1
IFEKET;1;28.3.1974;0;1
CIGDENUR;1;8.4.1973;0;1
MACISGUL;1;6.3.1975;0;1
EMYE;1;16.10.1974;0;1
NIHAM;2;27.8.1973;1;1
RUHSATIN;1;17.2.1948;1;0
GUNIYDI;1;2.2.1963;1;0
ZUMIDE;1;1.4.1948;0;1
MERYAS;1;22.7.1946;0;1
BEYLAMIN;1;7.2.1958;1;0
NASVE;1;25.11.1959;0;1
TALGAR;1;5.12.1991;1;0
MUZEHEB;1;22.11.1986;0;1
CAGACAN;3;14.2.1984;3;0
ILMUNAZ;1;6.6.1954;0;1
YEDIHAN;1;18.5.1964;0;1
NURGUDE;2;17.4.1984;0;2
AISSEL;1;12.7.1969;0;1
BUHADIR;1;2.5.1979;1;0
FEVZAR;1;17.10.1956;0;1
GULNAZMI;1;11.4.1976;0;1
HAVISAH;1;17.8.1948;0;1
MUSKUNAL;1;14.10.1935;0;1
ARIFOZ;1;27.11.1945;1;0
NEFKET;1;20.4.1964;1;0
REDIYA;1;23.5.1967;0;1
BAHDEMUR;1;19.6.1972;1;0
IRREM;1;3.10.1976;0;1
ISMIYA;1;30.9.1962;0;1
SAGAN;1;27.8.1938;0;1
ERKEVIN;1;14.6.1935;0;1
SERMETIN;1;20.11.1949;1;0
MEYLIM;1;21.5.1985;0;1
MINETI;1;3.7.1934;0;1
NAZILIA;2;9.12.1970;0;2
REGED;1;24.11.1989;0;1
SERLUNAZ;1;24.2.1945;0;1
ARDOSIL;1;8.7.1945;1;0
ALTINSAS;1;26.3.1970;0;1
ZULGAN;1;6.2.1960;1;0
HASERIYE;1;10.2.1938;0;1
KOLDEN;1;20.7.1940;0;1
USGAN;1;17.5.1964;1;0
MEBERA;1;8.3.1964;0;1
BEYNAZIRE;1;22.8.1955;0;1
ZIBUSE;1;21.7.1957;0;1
KEZMEDIN;1;27.8.1950;1;0
MUCEVIT;1;7.8.1946;1;0
KAZMEDIN;1;7.8.1946;1;0
ZEKIYAVET;1;12.8.1947;0;1
HERGIN;1;1.9.1970;1;0
TURUGAY;2;30.2.1970;2;0
NEMSALI;1;12.8.1953;0;1
MUDEHHIR;1;7.8.1946;1;0
AVIKA;1;17.8.1936;0;1
EDNAR;2;29.8.1957;1;1
MAZEDE;1;7.8.1952;0;1
GAZIHASAN;1;16.5.1966;1;0
NARDEZ;1;2.8.1939;0;1
BEYAKIN;1;20.2.1964;0;1
NURAMET;1;27.4.1968;1;0
FEVIZIYE;1;11.5.1950;0;1
BIRROL;1;6.5.1972;1;0
GULMUYESSER;1;2.3.1975;0;1
AGCER;1;2.3.1969;0;1
BAHRIKA;2;12.5.1935;0;2
EMSALAATTIN;1;7.8.1946;1;0
OCER;1;15.6.1943;0;1
SIAMETTIN;1;28.5.1974;1;0
MAGRUL;1;30.5.1974;0;1
KRIMHILDEMULLER;1;6.8.1936;0;1
NELVIN;1;11.10.1988;0;1
VICDAY;1;13.1.1983;1;0
RUHZIN;1;13.5.1968;1;0
OZBEYEN;1;16.9.1989;1;0
SUKRUAHMET;1;12.10.1959;1;0
MUCABI;1;28.11.1970;1;0
CEVZANUR;1;2.2.1951;0;1
BENAYMIN;1;13.6.1975;1;0
MERSERZAT;1;30.10.1930;0;1
MERFIN;1;28.1.1989;1;0
MUREVER;1;30.11.1956;0;1
DURAKI;1;8.3.1957;1;0
MIVRIYE;1;16.7.1956;0;1
ZARFIYA;1;9.3.1940;0;1
FARNES;1;22.11.1955;0;1
BANIE;1;18.7.1975;0;1
BUFRET;1;24.10.1950;1;0
NECEBIYE;1;22.3.1978;0;1
NEYHAT;2;12.9.1969;1;1
BEYTURUL;1;1.2.1971;1;0
FERMINDE;1;8.3.1958;0;1
MIDEHER;1;11.2.1968;0;1
HAYRIYIE;1;24.2.1926;0;1
MUAMMEZ;1;6.4.1961;0;1
HANGUN;2;17.5.1963;0;2
CENEL;3;3.2.1969;3;0
NEJDEN;2;27.2.1978;1;1
SUVERBE;1;22.10.1939;0;1
YAVRULLAH;1;27.8.1926;1;0
MUSYER;1;24.11.1948;0;1
FEDAKET;1;9.8.1931;0;1
UYYUP;1;30.10.1979;1;0
MELFAI;1;26.7.1957;1;0
SERULLAH;1;15.1.1956;1;0
MUNEHIM;1;11.1.1973;0;1
MUGMUNE;2;3.4.1969;0;2
SELVILJAN;1;10.11.1982;0;1
ELFIBE;1;6.8.1936;0;1
MUFMINE;1;12.2.1965;0;1
MACICE;1;23.3.1955;0;1
TEMIRSAH;1;22.7.1949;1;0
AYFILIZ;1;30.1.1973;0;1
BEZUNGUL;1;24.4.1978;0;1
PIRABDAL;1;22.2.1973;0;1
NEZINAZ;1;16.2.1964;0;1
NURHAYA;1;17.2.1966;0;1
SUNUYET;1;2.9.1975;0;1
SEVERGUN;1;17.2.1975;1;0
CITLEMIK;1;28.5.1969;0;1
IREYME;1;27.10.1980;0;1
ILKBALE;1;2.2.1965;0;1
ONDEL;1;12.10.1977;0;1
BURUKHAN;1;4.11.1990;1;0
ZEMBIHE;1;22.6.1985;0;1
ARAFIDDIN;1;11.2.1973;1;0
HURURIYE;1;16.6.1964;0;1
HAIMET;1;21.11.1989;0;1
IRZAY;1;21.9.1977;0;1
ARZENGUL;1;6.4.1961;0;1
NUSFETTIN;1;27.2.1956;1;0
BIRDANIYE;4;3.10.1964;0;4
EDGIN;1;27.4.1980;1;0
GADSA;1;12.2.1959;0;1
SABILHAN;1;8.5.1969;1;0
YUMBU;1;27.6.1965;0;1
UBBIHAR;1;21.9.1964;0;1
KENIE;1;21.3.1968;0;1
KAZIMBEKIR;1;7.7.1946;1;0
BURSINE;1;25.11.1966;0;1
SUBEYIT;1;2.8.1974;1;0
MIRTACEDDIN;1;7.3.1942;1;0
ORUSAN;3;2.8.1948;0;3
MIMAFER;1;22.10.1950;0;1
SULKIFIL;1;29.8.1974;1;0
CESMANAZ;1;16.4.1967;0;1
MUBECCERE;1;27.2.1968;0;1
SUTBEYAZ;1;12.9.1966;0;1
CUVERE;2;11.4.1966;0;2
SEDEFYE;1;29.6.1967;0;1
REMSIT;2;26.9.1978;2;0
MUSELAHATTIN;1;5.6.1960;1;0
CUFERYE;1;11.4.1957;0;1
MELHUS;1;22.2.1955;0;1
MAHTIMAN;1;7.2.1952;0;1
HERUT;1;2.1.1961;1;0
NURDENUR;2;25.7.1950;0;2
NIRVANE;1;16.2.1965;0;1
SEVLIGUL;1;7.4.1982;0;1
KELCIK;1;6.7.1974;1;0
NESLIVAN;1;20.5.1985;0;1
HURIYESER;1;8.4.1970;0;1
ZULGARE;1;6.4.1981;0;1
YATIKER;1;18.5.1971;0;1
FADIMEDUDU;1;16.1.1946;0;1
GULLUHISAR;1;26.5.1955;0;1
KOKSAY;1;26.3.1964;1;0
BARLAZ;2;29.8.1958;2;0
FAHIRAZ;1;26.3.1929;0;1
REVSAH;1;28.2.1992;0;1
FADIMEDEVRIM;1;7.12.1982;0;1
ANIFER;1;21.4.1954;0;1
HURSADE;1;26.10.1977;0;1
ZAHTUNUR;1;1.12.1954;0;1
MERIZA;1;20.6.1972;0;1
MARRIYE;1;26.5.1984;0;1
KUSSIYE;1;11.10.1958;0;1
INCEDAL;1;26.5.1983;0;1
BAYIN;2;13.9.1936;1;1
BENSURE;1;3.3.1947;0;1
TAALLA;1;17.5.1952;0;1
ODINA;1;12.8.1979;0;1
SARKA;1;25.11.1957;0;1
GULLIS;1;13.5.1954;0;1
NILFIGAR;1;9.9.1983;0;1
SEYYIDULLAH;1;6.3.1981;1;0
BIBIANA;1;17.10.1966;0;1
SEVGUNUR;3;16.6.1969;0;3
ZEFEI;1;17.3.1936;1;0
SEFADER;1;3.12.1973;0;1
HASANNUR;2;9.7.1955;2;0
MULHGIYE;1;27.2.1962;0;1
BILLAKIZ;5;28.3.1946;0;5
OSMANNUR;2;16.9.1986;2;0
SIMNARE;1;24.9.1991;0;1
SELBILENT;1;26.6.1959;0;1
GUNNAZIM;1;18.3.1954;0;1
NURBAYRAM;1;16.5.1973;0;1
HAJIMET;1;2.2.1969;1;0
KESEN;1;12.1.1977;1;0
BEVRIN;1;26.9.1965;0;1
BASIKA;3;21.10.1956;0;3
ORZUYE;1;13.3.1941;0;1
LEHILE;1;4.11.1976;0;1
SABANUL;1;13.7.1949;1;0
GAUHARA;1;3.1.1978;0;1
BILLAKADIN;4;23.10.1958;0;4
HUSNEM;3;21.12.1977;0;3
UMUKUSUN;1;24.3.1970;0;1
SAHZENDE;1;16.3.1968;0;1
MUKALLID;1;3.3.1951;1;0
SAGNUR;2;25.6.1961;0;2
ELHASE;1;4.12.1956;0;1
KULLIHAN;2;21.1.1961;2;0
TAYUF;1;17.11.1984;1;0
PEMGUL;1;30.10.1982;0;1
CAYIDA;1;5.10.1968;0;1
BALIKKIZ;1;19.5.1963;0;1
ASALEDDEN;1;12.12.1965;1;0
TELLIBAS;2;4.8.1951;0;2
MUTTUFE;1;21.8.1959;0;1
MUKAYLA;1;19.9.1974;0;1
BELTUR;1;1.7.1982;1;0
SEZAGE;1;13.1.1976;1;0
IKDIDAR;1;26.12.1987;1;0
MEYRIYAM;1;17.8.1990;0;1
USFIYE;3;3.12.1950;0;3
FAREDTIN;1;2.6.1955;1;0
SUHEDANUR;1;16.9.1990;0;1
HOCEKAN;1;25.9.1968;1;0
SAHISAN;1;2.4.1939;0;1
MUKAYUP;1;7.5.1958;1;0
BAHTETTIN;1;18.1.1964;1;0
ZEYNABER;1;3.1.1951;0;1
BARSEN;1;9.3.1985;1;0
SAMEDHAN;1;12.9.1978;1;0
AYVEGUL;1;30.5.1981;0;1
JANTULAY;1;2.2.1981;0;1
MEMETCETIN;1;17.2.1972;1;0
DUNYALE;1;17.6.1965;0;1
AHIRAT;1;11.2.1951;1;0
BEDRUDDIN;1;12.10.1982;1;0
MESBURYET;1;12.3.1959;0;1
ZEYNELLI;1;26.7.1964;1;0
SHOIRAHON;1;24.11.1982;0;1
SULAI;1;2.3.1963;0;1
MIHRAIL;1;27.4.1981;1;0
MUHARIYE;1;28.11.1956;0;1
MEKIK;1;16.2.1970;0;1
NISAIN;1;29.10.1951;0;1
NECLANAZ;1;17.5.1953;0;1
SEDANIM;2;8.3.1969;0;2
ZORHAN;4;7.4.1973;4;0
SENSUL;1;28.10.1968;0;1
TAMES;1;23.5.1958;0;1
HUSFI;1;13.8.1967;1;0
OGHAN;2;30.5.1971;2;0
HUSER;1;6.12.1956;0;1
BORGUTAY;1;1.5.1987;1;0
ESIANA;1;19.3.1963;0;1
UMMINUR;1;16.8.1987;0;1
PERLAY;7;11.4.1974;0;7
CENUFER;1;7.1.1968;0;1
SUADIN;1;30.9.1946;1;0
HAMLETE;1;22.6.1954;0;1
TINCER;1;3.1.1971;1;0
BENNURAY;1;15.3.1979;0;1
NURSEMI;1;24.6.1990;0;1
AYSEGULSUM;1;12.3.1976;0;1
DILHANDE;1;20.5.1990;0;1
MUHAMMETDIN;1;1.6.1961;1;0
MUZAIT;1;11.2.1954;1;0
TAYIVA;1;22.3.1970;0;1
SEYFURUZ;1;26.4.1953;0;1
KEVFETTIN;1;28.5.1963;1;0
JULIDEN;1;26.9.1962;0;1
HOSEDE;1;26.5.1952;0;1
SERFALI;1;12.8.1953;0;1
FEZIYYE;1;1.2.1959;0;1
SEBUHAN;1;21.3.1957;0;1
IMIRAL;1;19.6.1966;0;1
ACEN;1;28.4.1964;0;1
CIDAEDDIN;1;2.2.1963;1;0
A.METIN;1;22.9.1962;1;0
NURSELLAH;1;9.10.1987;1;0
SEFAHEDDIN;1;2.12.1978;1;0
FURCIHAN;1;22.9.1961;0;1
ABDURAGIB;1;17.4.1984;1;0
FARISI;2;25.1.1965;1;1
CANEYLE;1;1.1.1959;0;1
SUHREL;1;14.12.1954;0;1
TURCEM;1;22.10.1967;0;1
MESSUD;2;22.10.1965;2;0
MILDEN;1;14.3.1981;0;1
HAYIS;2;21.1.1953;2;0
SELCEV;1;3.12.1988;0;1
TUNCTUGAY;1;18.1.1986;1;0
BIROLHAN;1;13.9.1982;1;0
ZAKIRUN;1;7.1.1986;0;1
VINA;1;16.4.1983;0;1
GULIRIZ;1;22.12.1961;0;1
MEVADA;1;11.12.1946;0;1
AHMETABDUSSELAM;1;21.3.1976;1;0
KORRAY;1;29.6.1978;1;0
MAHDUNE;1;22.7.1967;0;1
BOLAYIR;1;19.3.1983;1;0
SEDDEK;1;15.3.1947;0;1
BEZMEZ;1;3.3.1963;1;0
NUNTAZ;1;9.5.1968;1;0
GULNISAL;1;26.6.1967;0;1
KUTSEV;1;24.4.1992;0;1
ZUFULE;1;6.4.1966;0;1
GUNZAN;1;16.11.1968;0;1
NEBUDE;2;28.12.1977;0;2
KURTLAY;2;26.10.1957;2;0
H.NILGUL;1;29.7.1975;0;1
GUNEYSI;1;29.1.1965;0;1
GIOULUAZ;1;12.4.1976;0;1
CAGKUR;1;13.5.1982;1;0
KUPRE;1;2.3.1960;0;1
YUKAYIT;1;29.3.1961;0;1
PEMBIZAR;3;16.10.1943;0;3
ISBIRHAN;1;3.12.1943;0;1
SECIYDE;1;5.12.1967;0;1
CUMAIZE;1;7.5.1976;0;1
PEVRAT;1;3.11.1972;1;0
SACIYDE;2;23.10.1969;0;2
NURFUZE;1;2.6.1986;0;1
KUTRIYE;1;30.8.1960;0;1
NEBALA;1;30.1.1956;0;1
MEILKA;1;26.3.1987;0;1
PILETIN;1;11.2.1954;1;0
CEZIZER;1;30.5.1971;0;1
ASELE;1;6.3.1960;0;1
SOFARI;1;22.7.1955;0;1
HORMUYE;1;7.2.1970;0;1
SEFBAYILE;1;10.9.1945;0;1
MAKMUS;1;29.6.1956;0;1
ZUFILE;1;19.4.1934;0;1
CANFEDAR;2;26.4.1973;0;2
RATA;1;26.5.1972;0;1
IFTAHTA;1;5.2.1941;0;1
BAYNAZE;1;11.11.1979;0;1
ATAYAKHANIM;1;9.4.1963;0;1
ZATVER;1;26.7.1957;0;1
KULUBIYE;1;17.7.1928;0;1
NARIFER;1;21.11.1946;0;1
NIRDIVAN;1;28.2.1957;1;0
ZARINTAJ;1;17.2.1966;0;1
GULFIZARIYE;1;18.1.1975;0;1
GATESE;1;17.8.1945;0;1
MABURGA;1;21.11.1977;0;1
FILIZPER;1;27.9.1959;0;1
SERFENAZ;4;7.4.1958;0;4
RESUDUN;1;1.2.1955;1;0
MEHMETCIHANGIR;1;4.12.1987;1;0
METINONUR;1;8.6.1975;1;0
FEYZIN;1;14.9.1988;0;1
GULDERIM;1;6.4.1968;0;1
PERTEVNAZ;1;29.6.1948;0;1
NECIRAN;1;26.8.1973;0;1
MESNUN;1;3.9.1970;0;1
FULGUL;1;24.8.1985;0;1
GULSEFAHI;1;7.12.1964;0;1
HASALETTIN;1;25.4.1966;1;0
ZUMURA;1;1.5.1950;0;1
YEKTACAN;1;23.10.1987;1;0
PASQUALINA;1;28.11.1956;0;1
HALILUVEYDULLAH;1;16.7.1981;1;0
DERYAT;1;2.2.1981;1;0
OVULCAN;1;29.3.1991;1;0
BIRUC;1;12.2.1977;0;1
MABEYNA;1;12.11.1958;0;1
FUSSULET;1;3.2.1991;0;1
ROZCAN;1;19.1.1989;0;1
VECEAT;1;11.3.1961;0;1
INEL;2;5.1.1956;0;2
ACARHAN;1;30.6.1961;1;0
GEYBEK;1;12.8.1917;0;1
EMINATTIN;1;10.1.1964;0;1
ZEYNEDI;2;15.4.1981;1;1
SELYANYAZ;1;1.2.1958;0;1
BILVAN;1;16.3.1965;0;1
SALVATIYE;1;2.4.1939;0;1
SUVALIYE;1;12.2.1953;0;1
RUFAHI;1;9.5.1982;1;0
SEMUGUL;1;9.1.1958;0;1
BERDANA;1;25.6.1990;0;1
SAHANEGUL;1;27.6.1976;0;1
ZUBILE;1;7.7.1976;0;1
SUFTEKIN;1;24.4.1969;1;0
SULFA;2;8.6.1963;0;2
FIRDASI;1;4.5.1957;1;0
HAVSUN;2;16.9.1962;0;2
ERLUT;1;30.2.1965;1;0
UNEYS;2;12.1.1990;2;0
HUMRUS;1;26.3.1931;0;1
SEVRISAN;1;28.2.1972;0;1
NERKIZIYE;1;21.10.1961;0;1
WIESLAWA;1;4.1.1961;0;1
MEMPARE;1;4.2.1981;0;1
KOLHAN;1;11.3.1936;0;1
ORDUKUL;1;26.9.1991;1;0
HURSADIYE;1;12.1.1959;0;1
SEHRIGUZEL;2;2.6.1954;0;2
BARBORA;1;2.8.1979;0;1
HERDEMGUL;1;14.3.1965;0;1
SAHZIHE;1;21.2.1978;0;1
MEYBAN;2;3.11.1939;0;2
EDEVIYYE;2;6.9.1940;0;2
MULAHIT;1;6.4.1966;1;0
NEJI;1;21.8.1957;1;0
GULLUMSE;1;6.9.1959;0;1
NURSIYEN;1;21.5.1971;0;1
KENDIZE;1;24.5.1940;0;1
KURBAT;1;15.4.1973;1;0
ILNAZ;2;17.4.1963;0;2
CANOZER;1;9.2.1957;0;1
ERDINCSAHIN;1;6.8.1967;1;0
VELALETTIN;1;16.12.1968;1;0
JARUTHIP;1;2.11.1970;0;1
DOBRILA;1;12.10.1947;0;1
MACURA;1;11.6.1928;0;1
GURCUM;1;3.4.1983;0;1
NESARI;1;1.3.1981;0;1
ZEVLUDE;1;11.7.1962;0;1
KEZIYHAN;1;23.1.1967;0;1
UMMUKUSSUM;1;1.5.1962;0;1
MEYSAR;2;8.9.1941;0;2
NILSON;1;22.2.1973;0;1
HANEL;2;2.10.1978;0;2
SULBUYA;1;26.9.1970;0;1
FAZILKUCUK;1;16.9.1965;1;0
DURCEYLI;1;1.1.1;0;1
AGFER;2;14.7.1962;1;1
HABBIYE;1;27.2.1962;0;1
HAYDIM;3;15.9.1969;0;3
NALINDE;1;8.3.1936;0;1
AKIMHAN;1;25.6.1960;1;0
AYBARHAN;1;28.12.1962;1;0
MURIYETDIN;1;22.5.1971;0;1
NECIDA;1;10.7.1942;0;1
UMUDI;2;21.12.1958;2;0
RWAYDA;1;11.11.1963;0;1
EVSAT;1;8.7.1974;1;0
AKBARHAN;1;27.4.1938;1;0
MENFEL;1;13.7.1972;0;1
VIRGEN;1;2.8.1968;0;1
SEZMI;1;22.2.1973;1;0
MESIMAN;1;15.5.1989;0;1
GOLUS;1;2.3.1957;0;1
SEMSINIHAR;2;22.1.1954;0;2
BAHMETTIN;1;17.3.1966;1;0
ZINARET;1;2.2.1945;0;1
UMMMUHAN;1;3.2.1955;0;1
BAYEZITTIN;1;21.1.1951;1;0
SARFAN;1;27.2.1962;1;0
MUBETCET;1;18.6.1966;0;1
SEZDANIYE;1;13.7.1978;0;1
NIKAHATTIN;1;27.1.1950;1;0
NAIZEN;1;27.6.1977;0;1
MURCELA;1;28.5.1983;0;1
MINATIN;1;6.5.1946;0;1
AFUR;1;12.8.1929;1;0
CANILAC;2;8.11.1969;0;2
NEBIHATUN;2;1.2.1960;0;2
NASUDE;2;23.1.1958;0;2
ZERRAY;1;13.8.1981;0;1
MAHINUNIRE;1;7.10.1956;0;1
LUFEN;2;27.8.1966;1;1
TAMIL;1;26.4.1976;1;0
NEFSEL;2;27.5.1969;1;1
HASANKAN;1;8.3.1978;1;0
AKINUMUT;1;11.5.1980;1;0
ELMIE;1;10.5.1982;0;1
TALATIYE;1;26.2.1946;0;1
IRSADIYE;2;9.12.1966;0;2
SEFICI;1;9.5.1945;0;1
BERIDIYE;1;6.2.1966;0;1
MEVSADIYE;1;27.6.1973;0;1
NEKRINAS;1;7.7.1958;0;1
HAMIDELI;1;10.1.1958;0;1
FELURE;1;16.10.1947;0;1
ZULFEDA;1;30.6.1980;0;1
ERCIVANE;1;24.3.1957;0;1
VERIMAN;1;7.2.1973;0;1
NIBABE;1;1.4.1978;0;1
MERNUR;2;20.10.1950;0;2
HURVATAN;1;15.5.1973;1;0
MEDHE;1;6.3.1950;0;1
SELGUNDER;1;12.12.1978;0;1
ZUHALYESIM;1;26.6.1991;0;1
MISEYNE;1;6.5.1972;0;1
ALIERK;1;19.12.1987;1;0
VELAYITTIN;1;30.10.1959;1;0
SEZMIYE;1;28.10.1962;0;1
ZULKARIM;1;18.3.1974;1;0
KAFIDDIN;1;28.9.1968;1;0
YOLACAN;1;15.6.1945;1;0
IRZAVAN;1;6.2.1961;1;0
GOLKAP;1;20.6.1971;1;0
DINCMEN;2;21.6.1980;2;0
NANUR;1;4.5.1952;0;1
HUBLA;1;26.7.1955;0;1
MUAYEDE;1;5.12.1964;0;1
GULRABIYE;1;22.2.1958;0;1
GULENKER;1;2.12.1946;0;1
RADE;1;6.5.1985;0;1
VEDIAH;1;17.2.1966;0;1
GUNDUHAR;1;27.8.1950;0;1
SABAYE;1;16.4.1965;0;1
DIZARYE;1;17.2.1960;0;1
SAHNAN;2;27.1.1972;0;2
HAFIME;1;19.7.1966;0;1
VALDES;1;2.12.1973;0;1
FERRAMUS;1;22.12.1961;1;0
OZCAG;2;3.7.1984;2;0
AHMETRIZA;1;27.6.1955;1;0
GURKANAY;1;17.4.1969;1;0
NECIPALI;1;12.2.1959;1;0
NAGAHI;1;10.5.1972;1;0
SAIYDE;1;7.1.1978;0;1
HAYRINUSHA;1;13.12.1967;0;1
FERCAI;1;19.5.1962;1;0
LUDVIYE;1;6.5.1965;0;1
KAMIYLE;1;7.6.1956;0;1
KULFAL;1;1.11.1965;1;0
ZOLO;1;21.6.1945;0;1
MEGSER;1;5.3.1951;0;1
AFIRI;1;16.2.1975;1;0
BERADIE;1;8.9.1963;0;1
LIPARYA;1;26.7.1978;0;1
FERIYZE;3;28.3.1948;0;3
ELIFESIN;1;7.6.1964;0;1
MEVLIZE;2;18.8.1975;0;2
HASAYIT;1;12.6.1983;0;1
TOKAN;1;11.12.1979;1;0
NEYRES;1;19.11.1960;0;1
ADDAS;1;11.10.1979;1;0
MEVDU;1;11.4.1981;1;0
HAYDIMANA;3;26.8.1957;0;3
NURTEN.;1;14.10.1963;0;1
NEFERAT;1;8.1.1973;0;1
TEBAREKE;1;16.12.1961;0;1
RUZUBE;1;21.7.1965;0;1
MUSHAMETTIN;1;19.10.1971;1;0
ALKUN;2;1.3.1987;2;0
MIKAILA;1;26.11.1966;0;1
GULSABIYA;1;16.4.1964;0;1
HEDIP;2;17.9.1951;2;0
EVCIHAN;2;1.11.1973;0;2
EBUMUTTALIP;1;10.5.1969;1;0
AVFA;1;17.4.1972;0;1
SEKRET;1;2.6.1968;1;0
KUPRUYA;1;12.8.1961;0;1
SERINUR;1;21.6.1970;0;1
GILDAN;1;11.1.1952;0;1
MUCUDUYE;3;13.9.1944;0;3
MOMET;1;12.1.1980;1;0
UMKUSUN;1;23.12.1967;0;1
URGUR;1;27.11.1971;0;1
SAKIYAN;1;14.8.1980;0;1
MUTALLIN;1;23.4.1957;1;0
NURADEN;1;22.7.1967;0;1
BAHRIFE;1;8.3.1976;0;1
DURHALIM;2;22.12.1967;0;2
ACUL;1;2.12.1975;1;0
SIFER;1;18.10.1963;1;0
BALBAHADIR;1;8.6.1979;1;0
NEFERET;1;21.10.1969;0;1
MUSALIN;1;24.2.1961;0;1
ZUEYDA;1;11.3.1963;0;1
MUFLIHUN;1;22.5.1977;0;1
GULGABI;1;2.2.1989;0;1
OMAYKAAN;1;16.11.1984;1;0
MERMANA;1;1.11.1970;0;1
AZIMENUR;1;25.5.1991;0;1
ORJAN;1;13.11.1971;1;0
TAZAGIOUL;1;10.3.1969;0;1
HODU;1;1.4.1950;1;0
NEVRISAL;1;22.5.1952;0;1
DALLAKA;1;25.2.1940;0;1
BUNYEVI;1;20.12.1970;1;0
NAHILA;1;25.2.1950;0;1
MUNZILIN;1;17.12.1972;0;1
SENHAR;1;11.6.1958;0;1
SEHLIBAN;1;25.11.1946;0;1
URBIZEL;1;14.1.1974;0;1
MUNIYBE;1;22.4.1965;0;1
BEKIRDOGAN;1;25.9.1990;1;0
NEYCIVAN;1;17.9.1969;0;1
CAYDIYE;2;14.7.1954;0;2
NUSHABA;2;30.1.1964;0;2
HASMESULTAN;1;7.3.1952;0;1
JOULDOUZ;1;17.3.1966;0;1
MAARIYE;1;12.9.1965;0;1
FEJNUR;1;27.8.1974;0;1
HAZLU;1;4.12.1947;1;0
TEMKIN;1;15.11.1981;1;0
SHOHISTA;1;13.2.1967;0;1
MAKHADDIN;1;29.5.1988;1;0
RUSIHI;1;19.1.1978;1;0
AKSENIL;1;11.10.1974;0;1
SEVIYKE;1;17.3.1958;0;1
IRHAMI;1;8.4.1967;0;1
SADIKET;1;14.12.1964;0;1
GURSAYIN;1;23.11.1964;1;0
MURFADIYE;1;9.5.1967;0;1
HUPPIYE;1;15.4.1944;0;1
PURCUHAN;1;29.5.1958;0;1
YURDAAL;1;26.11.1969;1;0
M.MEMET;2;6.11.1953;2;0
SULTANHISAR;1;17.9.1960;0;1
HAKALI;1;2.3.1973;1;0
ZOBITE;1;26.7.1961;0;1
FADAN;3;27.7.1947;0;3
GUHRAN;1;21.3.1971;1;0
SARIBABA;1;17.3.1966;1;0
GURGUZ;1;25.2.1973;0;1
FETIHANE;1;4.3.1963;0;1
UMUMHAN;1;13.6.1982;0;1
BEDRAKA;1;30.10.1987;0;1
NECEBETTIN;1;28.2.1966;1;0
FERIDUNCAN;1;26.9.1981;1;0
GULZEHTA;1;17.8.1930;0;1
SEHERDAR;1;12.12.1983;1;0
NIBADE;2;19.4.1971;0;2
MUKARIYE;1;21.5.1971;0;1
ZELAHI;2;28.2.1980;0;2
PEYRANE;1;5.11.1940;0;1
EDEYI;1;16.3.1973;0;1
GONULKAN;1;11.2.1972;1;0
FARADIL;1;12.8.1971;0;1
BULLAKIZ;1;23.3.1952;0;1
SURHA;1;16.6.1949;0;1
ULHIYE;1;7.2.1970;0;1
SUKURUYAN;1;7.11.1970;0;1
FURSIYE;1;3.4.1949;0;1
FURSINE;1;1.4.1962;0;1
SOHIYAN;1;22.7.1956;0;1
AHSIT;1;11.10.1973;1;0
KARZIMAN;1;17.12.1973;0;1
BABBA;1;16.3.1953;0;1
ULESKUR;1;18.7.1975;0;1
COFEYIN;1;22.3.1967;0;1
MUSTAHSINE;1;22.8.1925;0;1
SIMSIRE;1;5.1.1944;0;1
TEVUS;1;22.2.1955;0;1
KARIRIYE;1;22.9.1982;0;1
UGUHAN;1;18.3.1963;0;1
ERCA;1;5.2.1983;0;1
FARUKUL;1;20.6.1990;1;0
ZABITEM;1;24.4.1955;0;1
MUCUDEN;3;19.1.1960;0;3
FEHRIZE;1;7.9.1976;0;1
TUN;1;7.2.1964;1;0
ZULKADIM;1;3.8.1956;0;1
TEYYIHAN;1;25.10.1975;0;1
DORCAN;1;21.11.1958;0;1
ZILEYYE;1;22.10.1973;0;1
GULTEVER;1;17.2.1972;0;1
ANEHANIM;1;17.5.1951;0;1
BIRSEVIM;2;27.10.1971;0;2
OYLIYA;1;21.3.1942;0;1
NESMEDIN;1;22.8.1973;1;0
ZAYBET;1;12.5.1983;0;1
SEKAVI;1;16.9.1957;1;0
VERGIM;1;8.3.1972;1;0
GENCCO;1;7.8.1980;1;0
ULKETTIN;2;5.9.1954;2;0
TOYMAZ;1;23.8.1940;1;0
AFAL;1;30.3.1948;0;1
OMIRIYE;1;28.4.1972;0;1
IRHEN;1;1.12.1951;1;0
NURDINE;1;1.10.1954;0;1
ZULMI;1;6.5.1980;1;0
VETENER;1;10.5.1971;1;0
HAFIZEYILDIZ;1;1.1.1;0;1
GUNNAZIR;1;17.7.1990;0;1
TERAFIH;1;1.10.1969;1;0
UKRE;1;12.2.1947;0;1
YADIHAN;1;10.8.1989;0;1
HORMIYE;1;7.2.1946;0;1
ERKINAR;1;4.8.1970;0;1
MANUL;1;5.1.1949;0;1
SAYZAR;1;1.7.1991;0;1
HATICANIM;1;12.12.1959;0;1
GUBRE;1;14.4.1973;0;1
ZEHTUNUR;1;24.5.1974;0;1
SADIKEN;2;24.11.1960;0;2
BILGITE;1;11.2.1969;0;1
VURDUNUR;1;6.10.1937;0;1
BEYKUT;2;21.9.1980;2;0
AYISEISIDDIKA;1;29.5.1950;0;1
NURAMIL;1;6.2.1973;1;0
ADAVIYET;1;7.5.1970;0;1
RUTULLAH;1;4.2.1981;1;0
EMININ;1;16.8.1986;1;0
SIRAYYE;1;28.6.1981;0;1
SALEF;1;7.3.1970;1;0
HARATDIN;1;29.4.1965;1;0
SULEYIN;1;1.5.1962;0;1
GULNAL;2;2.11.1961;0;2
SATSENEM;1;22.3.1943;0;1
HAYDIMA;1;29.9.1969;0;1
MUBETCILE;1;29.11.1942;0;1
SAMIMIN;1;19.1.1960;0;1
MEHRURE;1;20.1.1978;0;1
DEVRISKAN;1;1.5.1976;1;0
DURANAM;1;10.4.1957;0;1
KENNUR;1;22.11.1989;0;1
HAKKUN;1;1.9.1984;1;0
MAHBEYKAR;2;16.7.1958;0;2
FIDALE;1;11.2.1966;0;1
MECIME;3;28.12.1958;0;3
SURENGUL;2;9.1.1968;0;2
IMAREN;1;29.1.1968;0;1
EBURETE;1;23.3.1927;0;1
MERZIGA;2;6.9.1963;0;2
DURSIRIN;1;2.1.1963;0;1
JAGODA;1;13.4.1970;0;1
EREFI;1;26.12.1966;0;1
MUMIDE;1;27.3.1951;0;1
ZULKARNAY;1;16.1.1975;1;0
ERUZAN;1;12.4.1939;1;0
ZITDIKE;1;13.5.1964;0;1
GULFUZARIYE;1;3.10.1966;0;1
MUSAYUN;1;9.2.1947;1;0
SECDANIYE;1;22.6.1979;0;1
OMURIYA;1;10.1.1967;0;1
GULPUS;2;26.9.1947;0;2
NURZEYIL;1;18.2.1965;1;0
KUVVETIL;1;8.10.1971;1;0
PEREYA;1;12.2.1971;0;1
ZEYYADE;1;7.10.1961;0;1
FATMES;1;12.2.1964;0;1
ZULVI;2;15.11.1974;2;0
GUNNIYAZ;1;3.6.1938;0;1
HARMANDAR;1;1.2.1936;1;0
ZEHTENUR;1;1.3.1950;0;1
ARSIZER;1;17.2.1945;0;1
MUNAZZAH;1;2.2.1963;0;1
SEHUP;1;19.11.1974;0;1
SEMRAYE;1;3.1.1980;0;1
MERSIYEM;1;10.5.1972;0;1
NEZOS;1;3.2.1975;0;1
HUZEMYA;1;8.4.1983;0;1
SUAYLEN;1;9.1.1987;0;1
FEHULLAH;1;11.4.1975;1;0
SENINA;1;1.1.1;0;1
JAFER;1;26.10.1959;1;0
SUOL;1;17.2.1956;0;1
ZADOELMAL;1;4.6.1968;0;1
OGUZEL;1;30.1.1956;1;0
NURULBEHA;1;22.8.1931;0;1
SUKKERIYYE;1;17.8.1930;0;1
FADA;2;29.1.1950;0;2
NACIBIYE;1;22.11.1954;0;1
SADEYE;1;12.1.1960;0;1
ZIKRINUR;1;26.11.1948;0;1
SEYZBEN;1;6.6.1958;0;1
NESHA;2;14.12.1958;0;2
DAYAGUL;1;13.6.1989;0;1
RODEZYA;1;26.7.1977;0;1
AYSEEVRIM;1;25.9.1982;0;1
NADIFA;1;3.4.1956;0;1
DENIZZ;1;8.12.1976;1;0
ZADULMEL;1;6.10.1943;0;1
ANTISAL;2;26.8.1964;0;2
RIZZIK;1;11.11.1946;1;0
NUHZET;1;7.9.1970;1;0
SUAAD;2;2.6.1965;0;2
ABDULMUHRIN;1;2.4.1957;1;0
TIDEM;1;11.5.1975;0;1
ALPI;1;28.11.1981;1;0
RUHAVAL;1;2.4.1982;0;1
RUSKULLAH;1;13.2.1969;1;0
TAI;1;26.1.1953;1;0
RAHCI;4;9.3.1942;0;4
REYIF;2;11.1.1964;2;0
HAMMAMI;2;4.4.1954;0;2
SEVYIL;1;23.6.1991;0;1
MABELLA;1;1.9.1959;0;1
VAKFIKEBIR;1;15.3.1958;1;0
IFAR;1;3.6.1969;0;1
FIDEYI;2;4.8.1972;1;1
NURAYGUL;1;23.2.1966;0;1
LEVEZE;1;5.4.1966;0;1
HINEDI;1;16.2.1975;0;1
NIYESI;1;30.2.1946;0;1
NERBAH;1;11.4.1970;0;1
ELERO;1;11.4.1982;0;1
VURCAN;2;15.1.1988;1;1
GUNAY.;1;29.10.1982;1;0
SITRIYE;1;5.8.1960;0;1
SIHZAMAN;1;12.9.1953;0;1
KEFKEP;1;2.5.1963;0;1
ENVA;1;6.5.1980;0;1
GISNIYE;2;26.11.1967;0;2
VELENT;1;1.8.1980;1;0
NICDO;1;16.3.1964;0;1
PIRILCAN;1;18.11.1989;0;1
ISPIHAR;1;18.4.1962;0;1
IMADIDIN;2;5.9.1954;2;0
LORDIS;1;21.1.1959;0;1
RIPHI;1;27.5.1956;1;0
AMADITTIN;1;22.8.1937;1;0
RAZIYYA;1;1.10.1933;0;1
ZEKIYUL;1;25.5.1969;1;0
IZCEM;1;25.8.1981;1;0
GELENSON;1;2.9.1981;0;1
SEYSEBEN;1;17.12.1940;0;1
CINIFYEF;1;7.8.1934;0;1
DURUGAN;1;13.11.1944;0;1
SUHEYLEH;1;23.3.1942;0;1
ABDIRRAHIM;2;9.11.1940;2;0
HANDIRIYE;2;18.4.1944;0;2
DELLILE;1;24.5.1963;0;1
RUBHI;1;27.12.1956;1;0
AKZEMIN;1;11.5.1945;0;1
MEJD;1;4.1.1967;1;0
NIHADETTIN;1;5.11.1958;1;0
RISK;3;4.7.1963;3;0
KAMIROL;1;7.8.1940;0;1
FESYA;1;7.10.1974;0;1
BENIZAY;1;18.2.1978;0;1
ACABET;1;8.7.1953;0;1
MUHRIDIGER;1;1.3.1942;0;1
RICAA;1;3.6.1957;0;1
ETEMEM;1;2.8.1939;1;0
VECIHEH;1;12.9.1942;0;1
SAFIYYA;1;12.1.1971;0;1
HILALEDDIN;3;8.10.1947;3;0
RUPHI;1;24.5.1952;1;0
MURYEL;2;20.1.1952;0;2
KIBAH;1;18.3.1971;0;1
BEYAZIDIL;1;21.7.1969;1;0
NEYLEM;1;8.12.1966;0;1
SIKIYE;1;19.6.1948;0;1
GULLENDEM;1;1.10.1964;0;1
SERAPETTIN;1;19.1.1972;1;0
BAYINDIRHAN;2;20.11.1980;2;0
M.IMDAT;1;28.5.1958;1;0
TERAN;1;21.2.1982;0;1
ZONYA;1;19.2.1982;0;1
CAFAILE;1;7.2.1970;0;1
SERFENDE;1;27.8.1968;1;0
MEVLENA;1;1.5.1964;0;1
FEVAD;1;6.2.1980;1;0
DEMIRTURK;1;5.12.1942;1;0
MESURIRE;1;17.4.1972;0;1
UHDUT;1;22.5.1982;1;0
FETIMEYITUZ;1;8.3.1976;0;1
BAKTISAL;1;14.2.1978;0;1
ESHAIBIL;1;22.3.1962;1;0
EMEDE;1;27.2.1968;0;1
DURDUNEZ;1;14.8.1959;0;1
IFAF;1;17.8.1966;0;1
M.BURHANITTIN;1;12.8.1935;1;0
NERVAL;1;16.11.1965;0;1
GUGERSEL;1;11.7.1943;0;1
OZKOC;1;13.3.1944;1;0
OZNEVER;1;20.5.1985;0;1
GAYDAN;1;18.9.1979;1;0
GURTUGRUL;1;29.8.1973;1;0
MELKENAZ;1;19.4.1969;0;1
BENYEMIN;2;20.9.1965;2;0
YULANT;1;22.8.1931;0;1
ECEBIT;1;27.8.1938;0;1
IZHAM;1;10.10.1987;1;0
VEKIZE;1;22.8.1931;0;1
RAGAT;1;3.10.1973;0;1
DANIELKAAN;1;30.3.1981;1;0
NURELHIDE;1;2.4.1957;0;1
NETELIN;1;22.12.1974;0;1
SAHHUD;1;13.10.1970;1;0
BINTUR;1;5.2.1968;1;0
RECINE;1;7.8.1928;0;1
ZOYE;1;2.8.1939;0;1
NIDADEGALLADO;1;5.2.1963;0;1
MELVINE;3;19.11.1962;0;3
OGLICA;1;14.12.1949;1;0
NAELA;1;2.8.1945;0;1
MUNEH;1;12.8.1935;1;0
ALVEN;2;22.10.1936;2;0
KAVSAR;1;17.4.1954;0;1
MUHANNED;2;9.3.1976;2;0
ADRININ;1;22.8.1937;0;1
EFRIVIKI;1;2.8.1927;0;1
ZEHID;5;12.1.1967;5;0
HAFFUF;1;7.8.1940;0;1
BINAHI;1;27.7.1975;1;0
JALILE;1;11.10.1960;0;1
WAHIDA;1;27.2.1952;0;1
RUMAYSA;2;14.12.1963;0;2
RUMAYLA;1;13.3.1965;0;1
SAHRIBANI;2;8.7.1954;0;2
M.ZIYAP;1;13.4.1943;1;0
UMRIMIYE;1;27.2.1950;1;0
SEFFINAZ;1;11.4.1957;0;1
HORIYI;1;13.8.1963;0;1
SERDIF;1;21.5.1938;1;0
HATIT;1;16.4.1968;1;0
RAKYE;1;26.10.1976;0;1
TURUNI;1;4.12.1948;1;0
GAYBER;3;5.9.1968;3;0
ZORKUN;1;29.8.1989;1;0
MUSAMMER;2;27.12.1963;0;2
APTULSEMET;1;23.4.1952;1;0
BEDRILNAM;1;1.3.1958;0;1
SUBU;1;7.8.1934;1;0
CUVRI;1;29.6.1956;0;1
RIYYE;1;27.1.1968;0;1
ZIHRILBAN;1;7.8.1934;0;1
ZEKEKI;1;7.2.1970;1;0
TURHEYE;1;7.8.1940;0;1
SITELBEVAT;1;12.3.1965;0;1
NEMNAME;2;27.8.1938;0;2
EHLE;1;6.2.1973;0;1
ZADEELMAL;1;22.5.1970;0;1
NISANA;1;10.6.1964;0;1
GUNEYA;1;17.2.1972;0;1
MINTECEP;1;12.2.1977;1;0
LEMCI;1;12.8.1929;0;1
HAZZERAN;1;11.4.1946;0;1
ZIRAVENT;3;10.2.1936;0;3
ZEDILMAN;1;27.2.1974;0;1
RECEYI;2;20.1.1966;2;0
NEVSEREN;1;25.8.1969;0;1
LABYA;1;23.3.1970;0;1
SUHELY;1;27.9.1980;1;0
MULYET;1;26.3.1976;0;1
OZHAR;1;26.1.1980;1;0
ZEHRITILEYYAM;1;17.8.1936;0;1
LOLU;3;13.3.1962;0;3
LELU;1;2.3.1975;0;1
SEHMARAN;1;17.2.1966;0;1
FOET;1;2.4.1963;1;0
CANCENHUR;1;30.11.1945;1;0
BEKTURIN;1;27.8.1926;0;1
CYNTHIA-CHANTAL;1;21.6.1974;0;1
ANDRIYE;1;18.1.1965;1;0
RIVAT;1;4.12.1976;1;0
ETINA;1;2.5.1957;0;1
NAVFAL;1;7.8.1934;1;0
NASRALLAH;1;10.12.1960;1;0
AHKAM;1;16.10.1985;1;0
CUMAIDDIN;1;22.6.1968;1;0
LIVAI;1;13.7.1982;1;0
IKLIMENUR;1;3.6.1980;0;1
BIRMAZ;1;2.11.1975;0;1
URUHUNAZ;1;28.4.1949;0;1
RUHANETTIN;1;4.1.1978;1;0
GUNAME;1;12.5.1953;0;1
HAKTE;1;24.2.1952;0;1
NULUFERERSUN;1;28.9.1978;0;1
FILUZEN;1;2.10.1969;0;1
GULVEZE;1;16.12.1972;0;1
HASPIR;1;17.2.1954;1;0
EKDAL;2;20.4.1967;2;0
CUHERBEY;1;12.11.1953;1;0
ZILEYFE;1;12.11.1957;0;1
NIYAZA;1;28.5.1960;0;1
NURIFATIH;1;25.2.1972;1;0
MUFIIDE;1;7.2.1964;0;1
M.BAKICAN;1;22.8.1977;1;0
SEHREYAR;1;20.10.1976;0;1
SEBDI;1;22.9.1965;0;1
ESENAZ;1;4.12.1980;0;1
TOYFIDIYE;1;13.7.1961;0;1
VIZKAN;1;9.7.1970;0;1
MAHACA;2;4.11.1955;0;2
VIHBI;1;5.10.1956;0;1
EFREIM;2;14.10.1974;2;0
BIRDEVIZ;1;4.4.1942;0;1
ILMAZA;1;15.6.1965;0;1
HARIZA;1;20.8.1942;0;1
LEVED;1;11.1.1974;1;0
MISUR;3;22.9.1959;3;0
OZVEN;1;1.3.1978;0;1
ATIYEN;1;1.2.1974;1;0
ZUHRULFEREC;2;10.4.1956;0;2
BULED;1;25.1.1973;1;0
NEDAIYI;1;2.4.1975;1;0
GERIB;1;12.8.1929;1;0
RALI;2;21.8.1957;0;2
REIF;3;27.8.1960;3;0
ZULYEZEL;1;27.12.1973;1;0
ZEHRINNIDA;1;27.8.1938;0;1
SAFIYYI;1;3.5.1956;0;1
BADYA;1;16.2.1981;0;1
ZEHRILVIDAN;1;2.8.1939;0;1
METHET;4;25.1.1957;4;0
HILKI;1;2.2.1975;1;0
NURULHADA;2;22.4.1947;0;2
MUHREZ;3;9.12.1928;3;0
KERNEVAL;1;7.8.1976;0;1
ZEHIRNEDA;1;6.5.1951;0;1
YUZAY;1;17.9.1978;0;1
NURILLIEDE;1;13.2.1954;0;1
NAHVE;1;11.5.1964;0;1
ILEMETTIN;1;21.3.1965;1;0
LEYMONE;1;22.9.1942;0;1
MAHIGA;1;21.7.1972;0;1
SITTILBENAT;2;15.1.1942;0;2
SEVTEP;1;21.2.1977;0;1
FERECALLAH;1;4.7.1948;1;0
EYSOL;1;16.5.1956;0;1
NURALHUDA;1;6.2.1949;0;1
YEMAMA;1;27.8.1926;0;1
EZRAY;1;7.4.1981;1;0
SEHHADE;1;27.8.1926;1;0
BADRE;1;12.5.1943;0;1
SERTAM;3;13.4.1976;1;2
BIAL;2;9.1.1969;1;1
SEFIMAZ;1;11.12.1975;0;1
SILDAR;1;13.6.1975;1;0
ZINABIDIN;1;30.6.1967;1;0
RACAYI;3;18.10.1971;3;0
LOLO;1;15.12.1960;0;1
NESVI;1;22.2.1973;0;1
ALIDDIN;1;29.11.1971;1;0
ZEHRINNEDA;1;24.5.1944;0;1
ODABAS;1;1.4.1955;1;0
GUSNULBAN;2;19.10.1951;0;2
MEGER;1;29.4.1982;1;0
TIFFAHA;5;15.12.1950;0;5
MUSRURA;1;12.1.1961;0;1
NUPHEM;1;23.8.1957;1;0
ZEHRELCEMIL;1;27.8.1938;0;1
SUNGUTAY;1;26.9.1979;1;0
ADBA;1;29.1.1952;0;1
NILGAY;1;6.7.1985;0;1
ZEHIRER;1;3.9.1942;0;1
OZEVIM;1;10.1.1976;0;1
NURULAYUN;1;16.7.1969;0;1
KIRINFAL;1;22.5.1945;0;1
FELENEDE;1;11.2.1954;0;1
SOZARA;1;29.10.1976;0;1
ATACANIM;1;1.4.1990;1;0
K.ISMAIL;3;23.4.1302;3;0
FEYID;1;24.5.1968;1;0
NEGAT;1;16.9.1982;0;1
SEZBIN;1;3.4.1974;0;1
KIRANFILI;1;22.7.1960;0;1
CIHADEDDIN;1;16.9.1951;1;0
IPEKOGUN;1;30.1.1982;0;1
NURADDAHIR;1;22.1.1965;1;0
SEZAIYI;1;22.4.1979;1;0
KIMRIYE;1;19.5.1969;0;1
HEDVE;2;23.4.1938;0;2
FIBERYE;1;6.2.1974;0;1
IMEITTIN;1;10.5.1951;1;0
BEDERENNAM;1;27.8.1938;0;1
IMRAZ;6;6.7.1969;2;4
DIFE;1;12.8.1935;0;1
NURILBEHE;1;27.2.1950;0;1
NAZCICEGI;1;7.8.1970;0;1
YILSEREN;4;13.2.1972;0;4
RENSIYE;1;20.11.1962;0;1
LUGAIDE;1;22.11.1943;0;1
REHCIYE;1;2.11.1971;0;1
GEZEGEN;1;19.5.1972;1;0
NICERYA;1;26.7.1977;0;1
YESILGUL;3;23.12.1972;0;3
MEVLINE;1;13.2.1962;0;1
ISTENEF;1;27.6.1967;0;1
BRAMO;2;23.4.1940;2;0
EDRIYEN;1;7.5.1982;0;1
SIKRIYYE;4;28.6.1937;0;4
KRONE;1;16.7.1971;1;0
EKTORYA;1;25.10.1989;0;1
MEHCET;2;2.8.1974;2;0
RAVUDA;1;30.10.1970;0;1
SELDI;1;22.4.1962;0;1
MEDELLA;1;10.6.1970;0;1
VERAM;1;24.7.1974;0;1
VIDYAN;1;21.4.1969;0;1
NURELSABAH;6;8.6.1940;0;6
HILALEDIN;1;9.6.1951;1;0
YESRIYE;1;22.5.1943;0;1
MISTEBE;1;25.3.1973;1;0
NURILINAN;1;1.4.1962;0;1
SATIRIN;1;7.8.1934;0;1
NUNMEME;1;25.1.1946;0;1
DELIDA;1;16.11.1981;0;1
SEMIDDIN;1;16.3.1963;1;0
CILDIR;1;23.7.1965;0;1
GAZELA;1;1.5.1948;0;1
BEDIELZEMEN;1;6.7.1948;1;0
HISBITIN;1;10.8.1967;1;0
GEMIYA;1;12.1.1952;0;1
ZEYNELDAR;2;5.1.1940;0;2
VILYE;1;23.3.1961;1;0
KERCIYE;1;1.5.1971;0;1
ASADULGALI;1;1.3.1942;1;0
WESIMO;1;29.3.1989;1;0
ELEZE;1;7.3.1951;0;1
GISME;2;17.8.1930;0;2
FORYA;1;19.6.1970;0;1
MUNTACAB;1;18.3.1959;1;0
ZENCEBIYLI;1;26.8.1962;0;1
MAHTEZEL;1;13.3.1965;0;1
DENNAR;1;7.8.1940;0;1
MUDANYA;2;11.9.1958;0;2
MUNTECEL;1;6.10.1948;1;0
KIRIFILI;1;1.7.1956;0;1
UKSAL;2;17.7.1958;1;1
YASSIRE;1;5.3.1961;0;1
DILENA;1;1.6.1976;0;1
FULGEN;1;28.10.1974;0;1
KEREVEN;1;2.2.1973;0;1
RACIMA;1;19.5.1947;0;1
BEDELYE;1;26.2.1979;0;1
GUSMULLEN;1;11.12.1955;0;1
SAFAIDDIN;2;4.11.1940;2;0
HAYBUR;1;18.10.1973;1;0
ENZEHEN;1;7.5.1970;0;1
HIRENDE;1;27.8.1938;0;1
MEZEYET;1;2.1.1972;0;1
KIRANFIL;1;2.5.1960;0;1
TIZGIN;1;11.11.1973;1;0
ZIHRINNADE;1;28.6.1944;0;1
ZEHRELCEBIN;1;1.5.1948;0;1
GULZEHEN;1;21.11.1964;0;1
REGIBA;1;27.2.1943;0;1
EYDIN;1;5.6.1978;1;0
EZLIHAR;1;1.5.1967;0;1
ZAHRELCEBIN;1;7.8.1928;0;1
SAKALINE;1;17.8.1936;0;1
NISENI;1;26.5.1959;0;1
KELNUN;1;30.1.1974;0;1
UMURYA;1;30.3.1985;0;1
ADLIME;1;24.11.1956;0;1
RBIA;1;25.3.1978;0;1
REZVET;1;18.4.1966;1;0
AKSANUL;1;7.12.1970;0;1
DUNAL;1;17.3.1966;0;1
HAMAMIYET;1;21.2.1941;0;1
MINAMI;1;21.1.1978;0;1
NIMAME;1;28.1.1943;0;1
BEDRENNAM;1;16.12.1953;0;1
MENTURE;3;4.3.1955;0;3
NABIHE;3;2.11.1946;0;3
OZHEN;1;27.5.1980;0;1
MEDLUN;1;2.2.1975;0;1
KEVKEBE;1;7.8.1940;0;1
FEHZIY;1;29.1.1968;0;1
CIVET;1;20.12.1971;1;0
ZEHRULNIDA;1;8.5.1950;0;1
FEHD;1;29.1.1948;1;0
HAMEME;1;22.1.1961;0;1
GULLISEBET;1;18.1.1975;0;1
MAHCET;1;12.8.1929;1;0
EZDEHE;1;13.11.1982;0;1
NUBHEM;1;8.8.1962;1;0
PAKTA;1;22.8.1931;0;1
KEYKEP;2;15.11.1950;0;2
NAZHETILZAMAN;1;2.4.1949;0;1
HUVENDI;1;6.3.1971;0;1
MUHTECEP;1;12.8.1935;1;0
MIHRIDGAR;1;12.5.1950;0;1
BEDRILMA;1;22.8.1937;0;1
SURREYYE;1;21.11.1965;0;1
FARAHET;1;6.7.1971;0;1
DENYEL;2;9.5.1980;2;0
EDHAM;3;21.1.1960;3;0
FAREYAT;1;2.10.1981;0;1
SIKKERIYE;1;12.2.1951;0;1
NIMNEMI;1;8.10.1962;0;1
MIRHIC;4;11.2.1962;4;0
GIYYAD;1;21.3.1960;1;0
ZAYINALDIN;1;8.8.1960;1;0
MIHYET;4;10.11.1966;1;3
SEYHAM;1;15.9.1979;1;0
NUTCAN;1;4.11.1975;0;1
ELYE;1;28.6.1964;0;1
CEMANI;1;23.5.1983;0;1
ZIRVENT;1;26.1.1967;0;1
GULSEHEP;1;7.12.1962;0;1
HAYRULNESE;1;8.4.1960;0;1
HENDIRYE;1;7.8.1934;0;1
KAVKEB;1;21.10.1952;0;1
BEDRIHAMAM;1;12.8.1929;0;1
HUVEVDE;1;29.5.1965;0;1
MIHTIBAN;1;3.7.1973;0;1
NASIRIDDIN;1;15.6.1954;1;0
FISTAN;1;30.11.1969;0;1
VELIFA;1;26.3.1961;0;1
EBIT;1;1.3.1962;1;0
HAPKE;1;11.6.1955;0;1
TACUNNISA;2;16.5.1960;0;2
BIGA;1;3.7.1966;0;1
PEVREL;1;26.6.1958;0;1
CALDIRAY;1;17.2.1990;0;1
FAYZEN;1;26.5.1973;0;1
BEDIRNAAM;1;23.11.1955;0;1
BURBUHAN;1;7.10.1958;0;1
RESLIYE;1;5.3.1957;0;1
NIMMAME;1;22.2.1950;0;1
YESRAP;1;8.5.1979;0;1
KURUNFAL;1;2.8.1939;0;1
SAMMAME;1;1.2.1955;0;1
NIHED;1;29.2.1972;1;0
SAHLET;1;17.4.1944;0;1
TELEVIYE;1;17.5.1972;0;1
SITILBENAT;1;5.3.1943;0;1
SEMMAME;1;9.2.1955;0;1
EHLEN;1;5.4.1963;0;1
HEYZEREN;1;22.8.1937;0;1
IMADUDDIN;1;25.5.1950;1;0
IHVENDIYE;1;1.2.1961;0;1
SERLUT;1;12.3.1974;0;1
NIMMAMI;1;12.8.1953;0;1
RUHUNNIDA;1;22.8.1931;0;1
FOLGEN;1;17.4.1978;1;0
NEHNEH;1;12.2.1955;1;0
SIMMEMMI;1;7.8.1940;0;1
MIHYAT;1;13.2.1957;1;0
SIMMAMME;1;4.3.1966;0;1
PERESEN;1;23.2.1965;0;1
MUSTAHIT;1;27.12.1979;1;0
YUGSIL;1;27.6.1955;0;1
MALAHA;1;7.8.1956;0;1
TACA;1;28.5.1950;0;1
MIRHEC;3;3.9.1964;1;2
KAHIYE;1;23.10.1946;1;0
RILEK;1;12.2.1977;0;1
ZEHUR;1;22.8.1931;1;0
KAZELIYE;1;17.2.1978;0;1
SABAHYE;1;11.11.1984;0;1
ZEYNELE;3;13.2.1960;0;3
VINAHAN;1;17.8.1936;0;1
MUHTEZAR;1;10.8.1970;0;1
CINEY;3;3.9.1949;1;2
NECUVE;1;11.12.1975;0;1
MAYESA;1;21.11.1959;0;1
NICET;3;5.2.1974;2;1
ESMELIYE;1;16.3.1965;0;1
NOVFAL;1;27.8.1932;1;0
MUTIG;2;4.11.1963;2;0
SIBRI;1;13.1.1955;0;1
LEFTE;1;16.5.1977;0;1
MAHAMEHRI;3;28.6.1964;0;3
FIGENGUL;1;16.10.1970;0;1
MUNTESIM;1;18.5.1965;1;0
FOTON;1;12.8.1935;0;1
PILDE;1;14.3.1975;0;1
CIGDEMCAN;1;21.3.1976;0;1
SEMMAMI;1;27.3.1951;0;1
ADIA;1;14.9.1946;0;1
SUBIL;1;2.2.1975;0;1
NIBI;1;13.4.1959;0;1
TUFAM;1;15.3.1973;1;0
MUHLEZ;1;27.8.1926;1;0
CINDA;1;12.4.1982;0;1
SEYHBIVAN;1;14.8.1973;0;1
RUZKALLA;1;11.6.1964;1;0
KATMIYE;1;11.2.1956;0;1
SENIYI;1;16.6.1969;0;1
IRKEN;1;6.1.1946;1;0
SUMIHA;1;16.6.1982;0;1
SAHINURDAN;1;1.6.1956;1;0
DAVIYYA;1;27.10.1955;0;1
HILLALETTIN;1;22.2.1961;1;0
FURYAN;1;28.8.1973;0;1
RISKILLAH;1;25.11.1972;1;0
MIHAYI;1;2.8.1939;1;0
DAVVIYE;1;12.4.1968;0;1
LUEYY;1;11.3.1981;1;0
NIHAH;1;5.10.1974;0;1
REHEC;1;4.5.1973;0;1
ALISERVET;1;12.4.1968;1;0
HIYLANE;1;9.7.1972;0;1
NEMMAME;1;6.5.1955;0;1
DAVYIYE;1;19.5.1964;0;1
TURUNCAM;1;21.2.1971;0;1
GULTAR;2;2.3.1965;0;2
BIRDAD;2;8.12.1968;1;1
ZILHEYLA;1;1.11.1960;0;1
KABBER;1;7.2.1970;1;0
GULSURER;1;22.2.1979;0;1
DANISMET;1;14.11.1959;1;0
ZIBAT;1;12.1.1959;0;1
GURDUS;1;19.5.1963;0;1
RAHUZ;1;22.8.1931;0;1
UFUNAZ;1;2.8.1969;0;1
BESTEMI;1;15.3.1989;1;0
LEZAI;1;1.5.1964;0;1
TOFIR;1;19.11.1957;1;0
ZULTERIYE;1;19.8.1950;0;1
KUCUKA;1;2.6.1951;0;1
CELALBEY;1;1.7.1926;1;0
YASARKEMAL;1;14.12.1974;1;0
SAYFU;1;9.3.1961;0;1
PATINA;1;2.12.1981;0;1
FERONAZ;1;17.2.1966;1;0
MEHRIBEL;1;4.5.1969;0;1
KAZZIKLI;3;9.6.1970;3;0
HASSINA;1;18.1.1948;0;1
KABES;4;30.9.1952;4;0
TULUCAN;2;20.10.1969;0;2
GISIN;2;8.7.1971;0;2
KENES;1;7.8.1922;0;1
HOZEYMA;1;21.10.1971;0;1
NEBHE;4;10.8.1956;0;4
APPA;2;22.5.1935;0;2
MAHMEYRE;1;21.11.1959;0;1
SERVICAN;2;3.8.1974;0;2
ERZILE;1;27.6.1987;0;1
MARINAS;1;12.9.1950;0;1
NILGUZER;1;3.1.1980;0;1
YAZHANIM;1;28.6.1957;0;1
SIKMIS;1;22.10.1967;1;0
YEKDEM;1;5.11.1988;0;1
SECELI;1;2.2.1957;0;1
HUDAE;1;12.6.1987;0;1
SEYDOLLAH;1;2.4.1963;1;0
LENZAR;1;7.8.1928;0;1
KONVEGUL;1;1.5.1967;0;1
DONENUR;3;1.2.1983;0;3
KIZGONUL;1;1.11.1960;0;1
SETTUT;1;22.6.1961;0;1
ISKEL;1;17.5.1972;0;1
TEMIRA;1;26.8.1967;0;1
GORCE;1;16.8.1969;0;1
NIBIHA;1;7.2.1946;0;1
YURDAGUZ;1;12.2.1965;0;1
ROSALINDE;1;26.3.1939;0;1
TULBETUL;1;26.9.1989;0;1
SEFRENAZ;3;12.1.1955;0;3
DERBIN;1;1.1.1981;0;1
AYROL;1;2.8.1933;0;1
BIHIRE;1;12.2.1975;0;1
ELAMAN;1;1.10.1977;0;1
IZKAR;1;22.6.1965;0;1
BISIRIYE;1;3.2.1975;0;1
KUFIYAT;1;21.5.1971;0;1
BENGINE;1;7.4.1964;0;1
GAZIUGUR;1;8.1.1954;1;0
HULUKIYE;1;1.8.1946;0;1
ALGAT;1;29.3.1959;1;0
ZERNISAR;1;21.12.1969;0;1
YESMET;1;22.11.1942;0;1
BEETUL;1;29.5.1958;0;1
MUZZAFAR;1;1.5.1946;1;0
SELECIYE;1;28.10.1961;0;1
IRAPI;1;18.12.1944;0;1
TATARE;1;2.3.1957;0;1
DILSIRIN;3;9.3.1980;0;3
KARAMIDDIN;1;24.7.1957;1;0
KORIZAR;1;20.10.1945;0;1
MATBUBE;1;2.9.1957;0;1
NESSUP;2;4.7.1951;0;2
ISNULLAH;1;4.3.1940;1;0
EMISCE;1;27.8.1938;0;1
EMRIMAYA;1;2.2.1945;1;0
PIPE;1;2.1.1924;0;1
SECKI;1;19.7.1991;0;1
BORUKLU;1;27.8.1938;1;0
DUNYAL;1;7.8.1964;0;1
MUHAMERI;1;18.2.1966;0;1
NURATIN;1;8.4.1971;1;0
ZIBEIR;1;11.5.1969;1;0
VIJGAN;1;19.10.1967;0;1
GULMELIL;2;11.6.1971;0;2
NURTUCE;1;28.10.1988;0;1
CEYDAGUL;1;8.4.1964;0;1
YECIHE;1;24.3.1943;0;1
MIMSAT;1;14.8.1970;1;0
MUZAAFAR;1;1.3.1953;1;0
NESRAT;1;10.4.1976;1;0
UMMUDENIZ;1;9.4.1987;0;1
FEIYAD;1;29.4.1947;1;0
FIRDAVUS;1;26.11.1972;0;1
KAMRI;2;22.8.1956;1;1
ZULFERIZ;2;27.3.1955;0;2
GOLSEM;2;4.8.1961;0;2
MURAET;1;23.2.1949;0;1
SEMSITIN;1;27.2.1963;1;0
EYSOMAN;1;2.2.1975;0;1
FAHRIBABA;1;22.2.1961;1;0
MAYILI;1;28.3.1968;0;1
BUKRAMIN;1;27.1.1976;1;0
SUAYYEP;1;21.5.1971;1;0
MUYRULA;1;17.2.1966;0;1
VARHAR;1;6.9.1968;0;1
NIMIR;1;21.3.1958;1;0
TESLIMEN;1;14.2.1980;0;1
NUHCELAL;1;1.4.1972;1;0
HEYRIDDIN;1;17.8.1930;1;0
BONYAMI;1;1.11.1961;1;0
ZELUH;2;27.4.1955;0;2
ABDULHANEN;1;27.11.1983;1;0
KAYIBE;1;22.8.1937;0;1
MESBUDUN;1;15.12.1960;1;0
MENFIDE;1;2.4.1966;0;1
MUBAHE;1;9.8.1956;0;1
OMARITTIN;1;21.10.1958;1;0
KUFAYAT;1;6.10.1974;0;1
OMERIDTIN;1;17.10.1965;1;0
ABDURRAH;1;12.8.1935;1;0
SERDEHAN;1;4.9.1985;0;1
BELGUZAL;1;30.4.1967;0;1
SERZAL;1;2.10.1981;0;1
NIZEHAT;1;22.2.1971;0;1
MUTAA;2;4.11.1950;0;2
KAHNE;1;1.6.1967;0;1
SELAMITDIN;1;29.3.1974;1;0
TOYFUR;1;26.4.1958;1;0
LOTFUYE;1;7.3.1958;0;1
SURMELIBE;1;20.3.1971;1;0
ACGUL;1;12.6.1971;0;1
AYMERYEM;1;22.5.1967;0;1
MUZEYNI;3;15.8.1961;0;3
IMYAS;1;16.1.1935;0;1
HUDAMET;1;29.2.1989;0;1
MIHTIHAN;1;2.8.1933;1;0
HAMEM;1;27.6.1968;1;0
SEREFUDDIN;1;19.2.1940;1;0
NOFALIYE;1;17.8.1936;0;1
SAHABEDTIN;1;2.7.1957;1;0
GOLEYE;1;22.8.1931;0;1
FADUMA;1;5.7.1979;0;1
ZILEFE;1;21.2.1964;0;1
XADIMA;1;15.5.1947;0;1
NAHSEL;1;7.8.1934;1;0
GULHANDAM;1;26.10.1966;0;1
ZALLUH;2;16.1.1949;0;2
SATDAM;1;7.3.1957;1;0
ASOMAN;1;27.12.1955;0;1
MEMLTEM;1;15.5.1989;0;1
HURDESEN;1;23.5.1946;0;1
KABAS;1;6.2.1947;1;0
FEVZIPASA;1;6.3.1974;1;0
ZEYBO;2;15.1.1930;0;2
HEYFAA;1;11.10.1981;0;1
MEVDIHA;1;27.8.1932;0;1
MIREYIS;1;1.11.1957;0;1
MEZUZ;2;10.5.1956;0;2
MERYUME;1;1.7.1962;0;1
HESSO;1;27.8.1938;1;0
RABBIA;2;21.10.1942;0;2
FOVZE;1;21.5.1960;0;1
HOMEYDAN;1;24.1.1967;1;0
SAHIRBAN;1;8.3.1976;0;1
VALIS;1;15.3.1971;1;0
MIHEZ;1;18.5.1948;1;0
NINISEN;1;13.2.1946;0;1
KURAT;1;2.8.1933;1;0
ZELLUHA;1;12.8.1917;0;1
ESSUME;2;28.2.1957;0;2
SARUF;2;30.11.1948;0;2
ABET;1;12.2.1965;1;0
HAVUNI;1;24.2.1975;0;1
BESTTAMI;1;7.10.1990;1;0
VAKFE;1;21.3.1977;0;1
FULENDER;1;6.6.1963;0;1
FOZLET;1;6.11.1974;0;1
NEJME;1;2.4.1967;0;1
ADDILE;1;2.8.1927;0;1
AHDAB;1;29.4.1980;0;1
GULEREK;1;11.7.1956;0;1
NUOMAN;1;21.3.1974;1;0
SIMRAZ;1;22.2.1967;0;1
BAYZIDI;1;21.2.1964;1;0
SIMALIYE;1;7.8.1940;0;1
SAMARAY;1;1.12.1976;0;1
BAYRAHA;1;30.5.1965;0;1
FOZI;2;14.3.1970;1;1
NESLINSAH;1;9.11.1973;0;1
HUBEYCAN;1;3.12.1951;1;0
NUVFE;2;18.5.1959;0;2
DISEPS;1;28.8.1991;0;1
IYD;1;10.7.1951;1;0
GAPSE;4;7.6.1948;0;4
RABBA;1;2.8.1933;0;1
KIRRA;1;17.2.1960;0;1
MARRUS;2;12.11.1962;0;2
HACUC;1;19.2.1972;1;0
ABUNASIR;1;23.2.1971;1;0
HANCUR;1;26.9.1960;1;0
FITNI;1;7.8.1940;0;1
NORFE;1;7.2.1928;0;1
HUMEYRAGUL;1;23.12.1991;0;1
NASREDTIN;1;17.3.1960;1;0
RADDUS;1;29.6.1961;0;1
HUMMADE;1;11.2.1970;1;0
RETSE;4;23.1.1956;0;4
ZIGURAT;1;12.9.1984;1;0
HAYUDE;1;17.8.1930;0;1
HASSUK;1;7.8.1928;0;1
BASRAF;1;27.8.1932;1;0
NEYIFE;1;6.4.1960;0;1
FITAYIM;2;20.9.1961;0;2
NACMIIDIN;1;4.10.1957;1;0
BASSO;1;7.5.1958;1;0
GANE;2;24.9.1960;0;2
GODEN;1;2.2.1975;1;0
FITAYM;1;16.5.1957;0;1
SAYYE;1;2.8.1939;0;1
ABUKE;1;22.8.1937;0;1
SEAYLE;1;12.3.1959;0;1
HACCAVA;1;22.11.1950;0;1
DAYIS;1;12.4.1937;1;0
TAYE;4;24.7.1938;1;3
EFET;3;9.1.1950;1;2
SIHADDIN;1;22.2.1967;1;0
SAFIYANAZ;1;28.5.1968;0;1
DEMUNE;2;2.5.1950;0;2
GIRFELAN;1;26.11.1973;0;1
BUHAYRED;1;18.6.1971;0;1
HEDDOL;1;7.2.1958;0;1
CUNEYYE;1;5.1.1953;0;1
NEPHE;2;14.12.1940;0;2
SAGA;1;24.3.1949;0;1
SAHRIBEL;1;25.1.1952;0;1
KHOULA;1;27.5.1983;0;1
DIBEY;1;22.2.1949;0;1
KAPPA;1;27.8.1932;0;1
KADRIYI;2;30.10.1953;0;2
CANANUR;1;1.2.1990;0;1
MIREYYIS;1;7.8.1922;0;1
NEZZUL;1;16.2.1950;0;1
SABBUS;1;26.3.1953;0;1
OTUR;1;27.4.1974;0;1
ROCHFAN;1;16.8.1982;0;1
ABDULDEYYAH;1;7.4.1952;1;0
M.ABDUSSELAM;1;7.7.1958;1;0
SAGDE;4;9.9.1957;0;4
FITNA;1;30.3.1962;0;1
TABIS;1;22.8.1937;0;1
TARBA;1;12.2.1930;0;1
SARRAY;1;17.8.1936;1;0
OGARIT;1;30.4.1962;0;1
FEVZ;2;29.7.1947;0;2
CELLUT;2;12.12.1963;2;0
RATSE;2;3.6.1939;0;2
TIRMANIN;1;26.4.1958;0;1
ISDIHAR;1;21.9.1981;0;1
CHKRAN;1;12.4.1959;0;1
RESMIYI;1;16.6.1947;0;1
M.ISTIKLAL;1;28.11.1937;1;0
RAISIA;1;16.9.1979;0;1
CRISTINELA;1;12.8.1978;0;1
REWAA;1;21.1.1973;0;1
ZUVEYNE;1;12.8.1935;0;1
ESMAA;1;29.10.1987;0;1
SERHEZET;1;8.5.1974;0;1
SABRAL;1;27.8.1938;1;0
MURATIDDIN;1;21.5.1972;1;0
CELUDE;1;21.11.1975;0;1
MUSLUMETI;1;5.5.1961;0;1
GUSRAY;1;4.7.1968;1;0
JEYHAN;1;9.11.1947;0;1
DAV;1;12.5.1964;0;1
ABSE;1;22.8.1931;0;1
ABDULMATI;1;19.11.1952;1;0
MAVVAS;2;15.9.1973;2;0
INDAR;1;22.2.1955;1;0
AGARID;1;12.10.1963;0;1
NOFAN;1;27.8.1932;0;1
HABBUS;2;14.2.1958;0;2
TAKADIN;1;29.4.1950;1;0
SINDIYANE;1;27.8.1938;0;1
MECCO;1;20.8.1941;1;0
BEDSE;1;22.4.1973;0;1
ZENNUBA;1;27.8.1920;0;1
GABSE;2;14.12.1964;0;2
HOLE;2;21.5.1954;0;2
HEDDUBE;2;2.10.1958;0;2
TELLECE;1;19.2.1960;0;1
LEHUMA;1;7.2.1976;0;1
SIFAYYE;1;12.8.1935;0;1
DENNAN;1;2.8.1939;0;1
LEYYE;1;4.9.1966;0;1
KATTAM;1;27.8.1932;0;1
FELVA;4;11.4.1968;0;4
FITEYM;2;29.1.1947;0;2
KATMA;4;7.8.1940;0;4
BEKKAR;2;24.1.1943;2;0
HATTA;1;12.8.1941;0;1
SAILI;1;16.10.1961;0;1
HATLA;1;1.7.1948;0;1
SUFAYE;1;9.7.1968;0;1
VERT;1;2.8.1933;1;0
YILYA;1;27.3.1962;0;1
IFTEYIM;1;2.8.1939;0;1
RABBU;1;2.12.1969;0;1
MURCI;1;27.8.1932;1;0
SEMITA;1;21.5.1977;0;1
HABUB;1;25.6.1943;1;0
EMMUNI;1;30.2.1961;0;1
IFTAYIM;1;27.8.1932;0;1
SEVDEL;1;6.3.1975;0;1
NURUSSAH;1;9.4.1945;0;1
MUHIS;1;7.8.1953;1;0
NECUD;1;12.4.1965;0;1
GEZVI;1;1.3.1950;0;1
HANVAS;1;16.7.1963;0;1
MATRAH;1;27.8.1938;0;1
EMAS;1;1.3.1965;0;1
HAMDUN;1;7.8.1928;1;0
OFI;1;22.2.1949;0;1
RATSA;1;2.3.1945;0;1
UFA;1;6.7.1956;0;1
HULYAHAN;1;1.6.1977;0;1
M.DIP;1;1.4.1942;1;0
KURUKIZ;2;16.6.1969;0;2
MIRSE;1;7.8.1934;0;1
SIMEYE;1;22.10.1961;0;1
GULUNDEM;1;28.2.1956;0;1
BERAA;1;17.2.1983;0;1
HEMEDI;1;23.10.1961;1;0
DUNEYE;1;12.3.1953;0;1
SIYTE;1;2.8.1939;0;1
DANISMED;1;26.5.1972;1;0
NAZAMITTIN;2;29.1.1969;2;0
SEMRALI;1;25.2.1985;0;1
SENYUR;1;14.9.1981;1;0
TUHEMI;1;23.9.1966;1;0
REVED;1;16.3.1964;0;1
KAHRET;3;15.1.1959;0;3
LEVRIN;1;9.2.1982;1;0
VESAYIF;1;18.6.1988;0;1
MENEHET;1;7.8.1970;0;1
MECDULIN;1;21.3.1971;0;1
MEFLEH;1;2.3.1947;1;0
DAMIYA;1;8.10.1950;0;1
ILKAM;1;14.12.1984;1;0
KERIMI;6;2.11.1953;1;5
FATHALLAH;1;7.3.1958;1;0
NAVVAL;1;17.8.1936;0;1
AYSICAN;1;12.3.1965;0;1
NURULSAIT;2;1.12.1955;2;0
LUNDA;1;2.8.1981;0;1
NAVFEL;2;14.1.1936;2;0
DEPLE;1;27.9.1968;0;1
EZDEHEN;1;6.7.1970;0;1
ZESFUN;1;6.3.1978;0;1
HEYRA;1;12.8.1935;1;0
FUMIYE;1;7.8.1940;0;1
VECHET;1;23.2.1948;1;0
FUZELET;1;11.2.1975;0;1
GANCA;2;12.2.1974;0;2
FERYAR;4;1.2.1976;0;4
NAKSUSER;1;1.9.1987;0;1
REIFA;1;4.1.1945;0;1
SEVYAR;2;30.4.1975;1;1
MACISTAN;1;14.4.1959;0;1
BENHUL;1;2.3.1969;1;0
AMALI;1;12.6.1971;0;1
NADAL;1;12.4.1965;1;0
MIHREC;1;3.9.1968;1;0
FILLET;1;6.12.1979;0;1
NEHEYET;1;21.12.1958;0;1
NOLA;1;30.2.1965;0;1
MERAH;2;2.5.1957;0;2
TOMMAS;1;27.5.1962;1;0
BIRAMO;2;9.1.1935;2;0
IBRAMO;2;15.6.1948;2;0
ILENE;1;5.9.1973;0;1
ROTRIS;1;4.7.1976;0;1
ASKAMUS;1;7.8.1934;0;1
BEKTORIN;1;7.8.1928;0;1
RIYAS;1;2.3.1945;1;0
MEGRIG;1;4.12.1945;1;0
KLOTIN;1;17.8.1936;0;1
HECRES;1;22.6.1979;1;0
YEVNIGI;1;7.8.1934;0;1
KEZBAK;1;9.7.1991;0;1
VAHYIDDIN;1;29.2.1989;1;0
CORCIT;1;12.10.1971;0;1
BERNC;1;24.5.1977;0;1
MALTA;1;4.1.1965;0;1
NUELA;1;14.1.1991;0;1
VANESA;2;8.6.1981;0;2
DECLI;1;22.5.1978;0;1
ARIVI;1;23.7.1943;0;1
NAIYM;1;3.4.1956;1;0
HABBUBA;1;22.11.1955;0;1
DIMYON;1;17.3.1954;1;0
HASEMEDDIN;1;10.6.1950;1;0
CENFIYAL;1;21.12.1988;0;1
CULFET;1;2.10.1981;0;1
ODRUS;1;2.8.1933;1;0
ANDIRAVIZ;2;24.1.1938;2;0
NULYE;1;16.6.1975;0;1
BEKTORIYE;1;7.8.1934;0;1
ESMEROS;1;12.2.1983;0;1
TEGZAN;1;2.8.1939;0;1
NIVERT;1;7.1.1992;0;1
SATENING;1;3.4.1955;0;1
RESILA;1;1.6.1970;0;1
MAHYI;1;22.2.1949;1;0
BEDRENAAM;1;27.5.1968;0;1
BAYAZIDDIN;1;21.11.1952;1;0
HAVALIDDIN;1;6.3.1970;1;0
NAFILLE;1;27.5.1971;0;1
NUBHAN;2;16.12.1963;2;0
ZULHEN;1;1.5.1967;0;1
YAYIN;1;2.3.1981;1;0
IZEBEL;1;1.4.1978;0;1
FERCELLA;1;2.2.1951;1;0
LENDE;1;7.12.1963;0;1
ARCAY;1;3.4.1967;0;1
MISILIN;1;27.2.1956;0;1
MEHRES;1;17.8.1936;1;0
ALVE;1;17.2.1960;1;0
SUSELYA;1;12.6.1991;0;1
OZZEHER;1;12.1.1965;0;1
MULEYYE;4;16.12.1967;0;4
REYMONT;1;11.10.1990;1;0
SURAM;1;11.7.1973;0;1
ISPIRANS;1;11.8.1966;0;1
KIMSEL;1;20.6.1961;0;1
BANAY;2;8.2.1973;1;1
SAZIDDIN;1;17.2.1966;1;0
TAKAYETTIN;1;7.8.1946;1;0
FEDE;2;1.12.1949;0;2
HAKMET;1;9.1.1949;1;0
FELEMINE;1;2.8.1939;0;1
BENDAR;2;14.6.1985;1;1
NAYEL;1;2.3.1969;1;0
HISSAN;1;7.2.1964;1;0
GIRRA;2;27.8.1940;0;2
HENDE;1;23.2.1967;0;1
IZILYA;1;29.6.1977;0;1
RIHEM;2;19.8.1983;0;2
NISELEN;1;19.6.1971;0;1
IZDIHAM;1;18.4.1948;0;1
NEFNEF;7;17.1.1967;0;7
NIFICI;1;6.3.1970;0;1
ELMASA;1;12.11.1959;0;1
FULLA;1;18.3.1972;0;1
NIMLE;1;9.1.1974;0;1
RACA;2;3.4.1979;1;1
DILAREHAN;1;20.3.1946;0;1
NEFCIYE;1;7.2.1952;0;1
DEVEN;1;6.6.1949;0;1
SIHIRCAN;1;21.3.1969;0;1
IBTIHEC;1;26.2.1966;0;1
SELYOZA;1;13.1.1981;0;1
GIZEMSEHRIBAN;1;1.2.1990;0;1
HILDAY;1;7.1.1988;0;1
EVGAN;1;11.9.1981;1;0
KATIBI;3;5.9.1951;2;1
GOLPAHAR;1;26.6.1959;0;1
SIRYAL;1;7.6.1976;0;1
ADANA;1;11.6.1975;0;1
RAKIT;1;12.5.1965;1;0
BEDRISSABAH;1;17.2.1960;0;1
BIRBAHAN;1;17.8.1924;0;1
SABAK;1;21.5.1966;0;1
ZETKIN;1;24.4.1978;0;1
YISAR;1;17.1.1966;1;0
RECEI;1;26.6.1961;1;0
AHLIN;1;21.4.1981;0;1
SENYURA;1;11.4.1969;0;1
SAMAHIDDIN;1;2.9.1951;1;0
NECCAL;1;22.3.1979;0;1
REHIFE;1;3.9.1961;0;1
MIHTAL;1;21.8.1981;0;1
KASIT;11;28.3.1947;11;0
HEDYEN;1;6.5.1962;1;0
CEFE;1;5.8.1966;1;0
REVFIK;1;20.7.1972;1;0
FARACALLAH;2;1.12.1950;2;0
FAKDET;2;14.4.1961;2;0
SEMSEM;1;7.11.1964;0;1
ERSOL;1;7.3.1975;1;0
SEHIYA;1;2.1.1957;0;1
DIAB;2;2.8.1927;2;0
AYNELMELAH;1;11.1.1947;0;1
ZIKI;1;6.7.1971;1;0
MEYLU;1;17.6.1942;0;1
SENDIBE;1;24.9.1985;0;1
AMILHAYAT;1;27.12.1941;0;1
ZINKAR;1;17.8.1972;1;0
CAMALIDDIN;1;22.2.1967;1;0
NURUSABAH;4;3.5.1950;0;4
ESMAHEN;1;7.2.1964;0;1
SELVIZAN;1;27.11.1959;0;1
SEKVA;1;26.7.1972;0;1
RECHAL;1;19.12.1978;0;1
DANVIYE;1;2.8.1933;0;1
MUHIYDDIN;1;16.6.1946;1;0
TAFA;1;1.8.1950;0;1
VELIF;2;1.6.1974;2;0
BERDET;1;2.3.1969;1;0
NURSEVCAN;1;22.9.1991;0;1
FEIDIYE;1;28.3.1962;0;1
HICAL;1;22.11.1955;1;0
ZUHIYIR;1;15.4.1952;1;0
LEMET;2;19.3.1960;1;1
DECLA;2;27.11.1970;0;2
NAVVEL;1;2.8.1939;0;1
FULELNIDA;1;15.12.1943;0;1
MELEMIN;1;26.11.1955;0;1
SAMIATI;1;14.6.1975;0;1
LUYE;1;5.1.1972;0;1
RUZGEN;2;2.12.1976;0;2
NEZAMIDDIN;1;24.10.1960;1;0
GEDIR;5;26.1.1971;5;0
YILMAZI;1;21.6.1977;0;1
KAMERUZZAMAN;1;5.8.1951;1;0
SAHANDAN;1;7.1.1966;0;1
EPHE;1;21.1.1982;0;1
MILDENE;1;3.5.1957;0;1
SOKERIYE;1;27.8.1932;0;1
SEHDITTIN;1;6.3.1968;1;0
VILEM;1;22.2.1967;0;1
SIMRIHAL;1;6.6.1980;0;1
NURUSSAIT;1;25.7.1964;1;0
KANVA;1;26.6.1966;0;1
HIFIZA;1;6.2.1957;0;1
NAFLI;1;21.12.1972;0;1
PAKISAN;1;8.9.1975;0;1
MELAKI;1;22.8.1937;0;1
HANEZ;1;24.1.1961;0;1
ZENNUM;1;7.8.1934;0;1
SOZE;2;15.11.1969;0;2
RIZLAM;1;2.7.1975;1;0
FUVZIYE;2;1.4.1956;0;2
TARUB;1;7.5.1982;0;1
CIBINE;1;29.3.1965;0;1
TIHFI;1;6.6.1980;0;1
VEHID;2;17.8.1936;2;0
NEMNIM;1;1.4.1944;0;1
NULUFAR;1;11.10.1974;0;1
ICBIR;1;26.8.1978;1;0
HIKMAT;1;26.1.1950;1;0
KAHREMEN;1;25.9.1965;1;0
ALIYAMAN;1;13.9.1971;1;0
CIHANA;2;10.11.1983;0;2
AOLA;1;12.4.1973;0;1
FAKIYYE;1;6.6.1959;0;1
KALEMIN;1;12.3.1972;0;1
MEKHAN;1;9.11.1986;0;1
NEFELNEDE;1;22.8.1937;0;1
MIFLIH;1;7.8.1940;1;0
IYSAL;1;12.4.1966;0;1
YASIRA;1;28.7.1968;0;1
ZEYNIDDER;1;7.10.1943;0;1
NIFCIYE;1;16.8.1953;0;1
NIRAL;1;1.10.1977;0;1
MUNSEZER;1;27.3.1974;0;1
ILMATTIN;2;26.8.1956;2;0
GIZALI;1;27.3.1950;0;1
LULIYE;1;10.3.1961;0;1
BEDRIINAAM;1;7.3.1964;0;1
SELAHAIDDIN;1;20.10.1962;1;0
ZINDEHAR;1;14.10.1973;0;1
BILGULSEN;1;27.8.1980;0;1
KEFEHEFE;1;12.8.1935;0;1
AKREMI;2;4.12.1958;2;0
MECHI;1;2.5.1975;0;1
HAREDDIN;1;1.2.1965;1;0
VURGEN;1;9.5.1970;0;1
IBEL;1;1.7.1985;0;1
ZENTIN;1;6.3.1948;1;0
MACITA;1;15.6.1953;0;1
NEFUL;1;12.8.1929;0;1
KURCILE;1;16.10.1957;0;1
MENCED;1;22.3.1967;1;0
NURLUHADIYE;1;22.8.1937;0;1
KARFUL;6;26.4.1964;0;6
MIYALE;1;6.3.1957;0;1
BEDULZEMAN;1;2.5.1966;1;0
ZEHLI;1;1.6.1973;0;1
TIRIFA;1;4.2.1957;0;1
HEVET;1;12.4.1959;0;1
KALMIYE;1;17.5.1970;0;1
IPTISAL;1;12.8.1984;0;1
ZIREVENT;1;28.3.1974;0;1
RUZET;2;7.5.1964;2;0
YARE;2;11.1.1977;0;2
BILDIR;1;29.8.1979;0;1
SAHIZZEN;1;2.1.1957;0;1
AKIRMI;1;7.9.1954;1;0
GUNDERAY;1;27.3.1974;1;0
NOVEREN;1;9.4.1978;1;0
MANDALINA;1;14.12.1962;0;1
REHIF;1;22.2.1967;1;0
SOHEYIL;3;5.7.1960;3;0
YURAL;1;30.6.1974;1;0
ZUHRELCEBIN;1;26.3.1966;0;1
NEVFEN;2;5.1.1934;2;0
RUEL;3;30.8.1972;0;3
FEYDAN;1;19.12.1974;0;1
ZEAM;1;20.6.1972;1;0
CIBRAN;1;6.8.1974;1;0
NURAYN;1;3.6.1961;0;1
REGIB;1;22.2.1967;1;0
SIKKERI;1;14.4.1943;0;1
NEHID;1;13.5.1955;1;0
NERTEL;1;2.2.1969;0;1
NIRCES;1;17.1.1980;0;1
REHID;1;2.4.1969;1;0
NEZAHADDIN;1;21.2.1962;1;0
ADNET;1;7.10.1964;1;0
HUNEYDE;1;20.11.1971;0;1
NOFO;1;12.7.1971;0;1
TYPHAINE;1;11.6.1981;0;1
GULTUHAF;1;14.9.1982;0;1
NEHVE;1;11.11.1965;0;1
ATAALLA;1;29.6.1971;1;0
CAYAR;1;11.9.1979;1;0
HAYIKA;1;18.7.1945;0;1
ZEHIP;1;25.5.1973;1;0
GEZIMAN;1;1.7.1973;0;1
NEVAHIT;1;27.1.1962;1;0
GESSUM;1;22.8.1937;0;1
SEHAPETTIN;1;12.4.1955;1;0
FUYDA;1;27.3.1980;0;1
ZAFRAN;2;3.12.1935;0;2
NEIF;2;8.6.1940;2;0
CEHEP;1;27.1.1950;1;0
ZAHRILCEBIN;1;20.5.1943;0;1
ALAYE;1;12.2.1965;1;0
CEVHIRA;1;7.8.1934;0;1
ZALIMA;2;5.11.1954;0;2
GAZLE;1;8.6.1950;0;1
ZEYREN;2;27.5.1956;1;1
ASBIHAN;1;6.6.1975;0;1
REMIH;1;11.9.1964;1;0
GULSANAY;2;16.9.1986;0;2
REVAZ;1;1.3.1968;0;1
ATAYA;1;12.3.1966;1;0
KIRINFIL;1;1.3.1955;0;1
MERALL;1;29.3.1992;0;1
FIRIZON;1;7.4.1958;0;1
IDHAT;1;12.4.1971;1;0
NIFCE;1;12.8.1923;0;1
GULUTEN;1;8.3.1950;0;1
ZUHREN;3;5.11.1977;3;0
FAYDITTIN;1;29.11.1964;1;0
ZUYEN;1;21.12.1966;1;0
SEVBET;2;19.9.1969;0;2
ZUHRULCEBIN;1;8.4.1962;0;1
SEVERIDDIN;1;3.4.1963;1;0
NEFFUC;2;19.4.1959;0;2
ZEYNEDDAR;1;20.7.1958;0;1
VEDCI;1;11.11.1981;1;0
GARIRA;1;28.5.1944;0;1
RADAALLAH;1;27.12.1974;1;0
KAFA;2;8.4.1956;0;2
MUMTEZ;1;17.9.1976;1;0
GELMEZ;1;6.6.1966;0;1
CIVAS;1;10.4.1964;1;0
FUZALET;1;27.8.1938;0;1
NURESSEBAH;1;27.10.1950;0;1
ISTEMEZ;1;6.8.1979;0;1
IZDAM;1;9.4.1976;0;1
GITEF;1;14.3.1955;0;1
IDMEN;1;1.7.1978;1;0
OLKEN;1;17.4.1966;0;1
DELUNA;1;2.2.1957;0;1
HAZIKAL;1;12.2.1971;1;0
IHAL;1;3.8.1978;1;0
FUVZI;2;11.8.1955;2;0
LEZIA;1;22.6.1955;0;1
KARINFELI;1;1.7.1942;0;1
SIHIRZAN;2;6.3.1963;0;2
NEYFE;1;14.6.1947;0;1
VAAD;2;17.12.1976;1;1
SELLUNAZ;1;29.5.1956;0;1
DIAIT;1;6.6.1971;0;1
ESFEZEL;1;12.2.1965;0;1
HAYATIDDIN;1;21.5.1971;1;0
AKLIM;1;2.4.1975;0;1
BEREKI;1;26.12.1943;0;1
KUZEYMEN;1;22.2.1985;1;0
VATFIYYE;1;17.8.1936;0;1
RAHBETVELI;1;2.2.1957;1;0
EYFAR;1;12.12.1965;0;1
SUKARIYE;1;7.8.1934;0;1
CILUNU;1;20.6.1948;0;1
ARAKAN;2;26.2.1987;2;0
AGLA;1;16.8.1982;0;1
IHDEYET;1;13.4.1949;1;0
UDEL;1;16.4.1965;0;1
MARIYEM;1;6.3.1946;0;1
NAFLIYE;1;29.6.1953;0;1
MUMUFEL;1;7.3.1976;0;1
REKDE;3;14.9.1946;0;3
IHSENA;1;16.7.1976;0;1
ELHEN;2;22.5.1957;0;2
ZARKE;1;1.6.1952;0;1
GAMZET;1;2.12.1969;1;0
GUDANFER;1;10.1.1961;1;0
RIZZET;1;16.4.1957;1;0
OMED;1;7.3.1964;1;0
GULMEZEN;1;7.2.1958;0;1
RUPILE;1;21.2.1970;0;1
ALBAHADIR;1;7.9.1982;1;0
SEVERITTIN;1;26.6.1978;1;0
VADALLAH;1;10.5.1983;1;0
OZELEK;1;6.3.1966;1;0
SARAHULU;1;23.7.1972;1;0
MODANYA;1;2.2.1963;0;1
CONDARA;1;6.8.1963;1;0
MENCEL;1;7.8.1934;0;1
YAZRE;1;30.10.1972;0;1
UNYA;2;16.8.1978;0;2
MAHKIBAR;1;2.1.1950;0;1
GULBANT;1;16.2.1976;0;1
GULDACAN;1;14.4.1979;0;1
VAKAT;1;5.12.1960;1;0
GULLEREN;1;29.11.1961;0;1
SEZEI;1;1.5.1968;1;0
ANZER;1;2.5.1981;1;0
ZEYNELMAHA;1;1.9.1960;0;1
ELDIHAN;3;15.3.1974;0;3
INSANE;1;27.7.1974;0;1
CUNUP;1;1.4.1948;0;1
CENEVRE;1;11.6.1975;1;0
NIPHEN;1;17.8.1936;1;0
VEFIDE;3;27.11.1951;0;3
SODANYA;1;14.5.1965;0;1
ABDULKELIM;1;27.2.1962;1;0
HECRET;1;27.3.1956;0;1
KASSUM;2;14.12.1940;0;2
GIDEN;2;4.9.1982;1;1
FARGU;1;16.6.1975;1;0
TAVFFIK;1;6.4.1977;1;0
TUFFEH;2;4.12.1938;0;2
CUHINE;1;6.6.1967;0;1
REHLI;1;2.4.1969;0;1
TICARIYE;1;2.9.1957;0;1
BISSAM;1;30.2.1980;1;0
MUHEYEE;1;21.2.1975;0;1
YUSUFTEC;1;2.6.1956;1;0
ADRA;3;11.6.1941;0;3
FEKZIYE;1;22.3.1943;0;1
DAAT;1;21.8.1965;0;1
MERIMAZ;1;15.4.1959;0;1
REVAND;1;1.11.1953;1;0
MEHENNA;1;24.1.1949;1;0
NECMIDAIM;1;25.4.1962;0;1
DAINE;1;26.7.1964;0;1
MENIL;1;21.1.1962;1;0
SENEI;1;21.11.1974;1;0
MERDAH;1;22.8.1955;0;1
ELKEN;1;1.2.1961;0;1
DAGRUR;1;21.5.1976;0;1
ELFERD;1;16.7.1976;1;0
DELELE;1;24.10.1961;0;1
JIDE;1;28.2.1956;0;1
NIMAMI;1;21.5.1971;0;1
RUZKALLAH;1;1.2.1978;1;0
HUSEMIDIN;1;19.2.1952;1;0
GIRCI;1;26.9.1943;0;1
ZEYF;2;12.4.1949;1;1
CEDIL;1;7.6.1982;1;0
HIZAMIDDIN;2;12.1.1964;2;0
ECDE;1;16.1.1983;0;1
BEHDDIN;1;2.8.1951;1;0
ELER;1;1.7.1984;0;1
ZEYYAR;1;5.5.1971;0;1
MUAYYAL;1;1.6.1967;0;1
SEYHIM;1;10.1.1966;0;1
HADIB;1;2.2.1957;0;1
KIRBIT;1;10.4.1971;1;0
NURALHUDE;1;11.8.1961;0;1
EYZEN;1;2.2.1963;1;0
FIRCI;1;17.8.1936;0;1
PEHZI;1;13.6.1973;0;1
NEVREL;1;14.1.1965;1;0
ITRIYA;1;26.2.1961;0;1
RIYAYET;1;17.2.1966;1;0
NURUDDIN;1;22.2.1967;1;0
MENSIZAR;1;10.4.1974;0;1
SUYA;1;9.3.1975;0;1
BOZKAN;2;5.6.1987;2;0
KIMBERLEY;1;14.8.1973;0;1
BETOHAN;1;15.3.1991;1;0
LOVZE;1;26.6.1975;0;1
CIYLEM;1;29.4.1984;0;1
FEREZE;1;2.2.1939;0;1
BEDIRNAIM;1;5.1.1972;0;1
ALMIDDIN;1;3.9.1956;1;0
ZESUN;1;26.2.1978;0;1
MEHMOD;1;18.11.1953;1;0
CEVCER;1;2.4.1957;0;1
HETEN;1;23.5.1977;0;1
OZDIHAR;2;4.8.1981;0;2
HISBIDDIN;1;26.3.1955;1;0
RUZGER;1;8.2.1952;0;1
NOFAL;2;9.4.1957;2;0
GASINE;1;17.12.1960;0;1
COVDET;1;24.9.1959;1;0
TUFEHE;1;8.12.1956;0;1
DENURE;1;7.8.1940;0;1
MUMTEHE;1;22.2.1973;0;1
MELENKENT;1;2.3.1971;0;1
FUREZIYE;1;16.4.1958;0;1
NAZAH;1;9.11.1980;0;1
TERZEVEN;1;19.3.1964;0;1
NEFIFE;1;24.8.1950;0;1
CAVHIRE;1;13.6.1974;0;1
FERIYOL;1;2.2.1963;0;1
MALAS;2;22.5.1943;0;2
SULTANO;1;11.1.1973;0;1
SIKKARIYE;1;1.9.1967;0;1
GASNI;2;16.4.1956;0;2
MENIP;1;21.3.1981;1;0
ALAYA;1;11.2.1976;0;1
GULMEDEN;2;13.8.1980;0;2
REPYE;1;17.2.1960;0;1
NIHAYEDDIN;1;22.2.1961;1;0
DAGRIYE;1;12.3.1953;0;1
TOFUK;1;22.8.1937;1;0
CEMSEL;1;13.1.1964;0;1
IMMIDDIN;1;21.3.1970;1;0
OYET;1;21.7.1980;0;1
MINEZEN;1;16.5.1974;0;1
GINCAN;1;26.3.1975;0;1
SEYFULDDIN;1;29.4.1950;1;0
ERDEVEN;1;6.9.1963;1;0
LIYAR;1;21.5.1975;0;1
CEMSE;2;23.5.1963;0;2
NIPHAN;1;12.8.1929;1;0
ILISER;2;28.12.1987;0;2
KABFILE;1;19.7.1948;0;1
MUKEYIR;1;9.6.1975;1;0
MELHEMEN;1;2.1.1966;0;1
ZALKIYE;1;26.3.1961;0;1
DERRIYE;1;22.3.1955;0;1
ILMET;2;12.12.1971;1;1
SAHZI;1;27.11.1962;0;1
CEVED;1;24.7.1971;1;0
EYFURE;1;3.4.1967;0;1
SIMES;1;6.4.1979;1;0
HEDDU;1;11.3.1974;0;1
VIDDAH;1;21.7.1968;0;1
NERTMEN;1;17.7.1972;1;0
ZEZFUN;1;26.2.1957;0;1
FETNIYE;1;17.2.1954;0;1
HILLE;1;2.8.1933;0;1
NAPAN;1;28.3.1977;1;0
NUZAY;1;21.10.1972;1;0
BEKET;1;6.12.1949;1;0
NURLSABAH;1;15.7.1948;0;1
SAYUF;1;8.12.1956;0;1
GASSIM;2;23.5.1958;1;1
DAET;2;26.5.1961;0;2
HUSAMETTEN;1;11.6.1979;1;0
HEMDO;1;13.12.1948;1;0
SOKE;2;9.4.1979;0;2
YARTAN;1;27.10.1974;1;0
CAMIZ;1;16.3.1963;1;0
SOKLA;1;12.5.1962;0;1
DOYGUL;1;16.6.1983;0;1
RIZALLAH;1;3.5.1978;1;0
TAYLOR;1;12.6.1971;1;0
SICNIYE;1;3.3.1957;0;1
VERNER;1;26.8.1973;1;0
YOLSAN;1;6.2.1980;0;1
GIRA;1;17.8.1930;0;1
ACDE;1;14.9.1972;0;1
MIHIDIN;1;2.12.1951;1;0
NORVEC;1;19.7.1972;0;1
GANDEF;1;4.2.1945;0;1
MUNAF;1;12.3.1964;1;0
SIHNIYE;1;8.6.1955;0;1
DURGEN;1;21.2.1966;0;1
ZEYNILKEDER;1;16.12.1957;0;1
NIRISAN;2;1.4.1979;0;2
NISLIN;1;17.8.1984;0;1
EZDIKER;1;23.2.1967;0;1
HIKME;1;29.12.1946;0;1
ISKIYE;1;22.8.1931;0;1
UMEMIHANI;1;26.11.1942;0;1
AREKS;1;2.8.1933;0;1
HUSIK;1;27.8.1938;0;1
SIROB;1;27.8.1932;1;0
SUPUHI;1;13.2.1967;0;1
BALAKYA;1;7.3.1943;0;1
TANA;1;6.11.1971;0;1
BEDIRA;1;6.6.1953;0;1
AMAMI;1;21.2.1957;0;1
MUTIFA;1;1.10.1971;0;1
MAAZZAZ;1;2.7.1969;0;1
HEZME;1;17.8.1924;0;1
NEJIVA;1;16.3.1973;0;1
NIZMI;1;21.8.1971;0;1
SOHEM;1;24.6.1961;0;1
ZAYNE;1;21.3.1956;0;1
NERCI;1;16.6.1975;0;1
CUHAYNA;1;18.3.1960;0;1
NILYE;1;11.6.1981;0;1
MALUS;1;7.8.1928;0;1
LELUZ;1;6.3.1967;0;1
DONYAZ;1;9.2.1946;0;1
MEKNAT;1;29.8.1944;0;1
MULCET;1;7.8.1934;0;1
HONCE;4;11.2.1956;0;4
ALTINSUNA;2;3.8.1943;0;2
NILHUDA;1;7.2.1988;0;1
VERIYE;1;12.12.1965;0;1
MELHET;2;29.12.1964;0;2
VASFE;1;19.1.1942;0;1
MEKEM;1;8.1.1946;1;0
HONCA;2;2.7.1939;0;2
HASRETNAZ;1;6.3.1944;0;1
HAYIRHISAN;1;6.5.1942;0;1
CABBER;1;1.1.1951;1;0
OMERIDIN;1;19.8.1965;1;0
DUNYEMIN;1;13.2.1978;1;0
ZIRFE;1;17.8.1936;0;1
KEMRE;1;27.8.1950;0;1
BALIS;1;17.2.1952;0;1
DONEME;1;7.6.1969;0;1
BAKYA;1;29.3.1965;0;1
AZZIK;1;27.2.1950;0;1
LECIVET;1;5.12.1977;1;0
GULUNDAL;1;12.9.1947;0;1
MUSDAHADDIN;1;14.3.1981;1;0
GULMURAZ;1;19.9.1981;0;1
URUHYA;1;21.4.1974;0;1
ZERHAT;2;18.5.1977;2;0
ZEHRITBEN;1;3.4.1975;0;1
SALEHADDIN;1;6.2.1971;1;0
UMULE;1;27.2.1973;0;1
SECIT;1;30.4.1982;1;0
SAHMIDDIN;1;11.7.1969;1;0
ESIYYE;1;23.2.1953;0;1
FATTUS;1;6.5.1961;0;1
EMULA;1;17.8.1936;1;0
SELVINEZ;2;16.9.1952;0;2
HATICETULKUPRA;2;6.1.1951;0;2
YILGUZEL;2;8.5.1955;0;2
GUNLEZ;2;21.1.1955;0;2
VEZIF;2;2.1.1963;2;0
UBEYDEH;2;2.5.1970;0;2
SUTNA;4;28.11.1946;0;4
TENZUL;2;14.11.1964;0;2
HAMARAT;3;17.9.1939;1;2
YASLIGUL;2;11.11.1956;0;2
YASIREN;2;19.4.1956;0;2
FATMATULLAH;2;5.4.1969;0;2
ZEFIRAN;2;29.6.1931;0;2
NURAYATTIN;2;12.2.1971;2;0
VICER;2;3.9.1944;0;2
NURMIYAN;2;3.2.1939;0;2
MEKRULE;2;2.1.1975;0;2
SUEYLER;2;6.12.1970;0;2
RIDANUR;2;11.5.1955;0;2
SENCEHAN;2;13.2.1944;2;0
ESAH;2;15.12.1926;0;2
NARZILLA;2;12.8.1923;2;0
CAVIZAR;2;1.9.1950;0;2
PEMBEAY;2;6.11.1987;0;2
CELLATIN;2;2.12.1944;2;0
ACERYA;2;8.6.1983;0;2
GOLMIRA;2;5.11.1964;0;2
SENDAR;3;19.1.1969;0;3
EBRUECE;2;21.3.1985;0;2
YELLIS;2;6.3.1982;0;2
AYDINALP;2;14.12.1934;2;0
TAIM;2;24.2.1952;2;0
OMRUZAN;2;27.6.1941;0;2
LERRIN;2;19.9.1977;0;2
NECBETDIN;2;18.4.1966;2;0
MULSERIM;2;28.6.1968;0;2
TUGLACI;2;16.10.1951;2;0
MIKREMIN;2;4.3.1966;2;0
HARHUNAZ;2;17.2.1966;0;2
ELYAKUT;2;1.10.1985;2;0
NAZIHER;3;1.2.1957;0;3
VERENSE;2;22.2.1985;0;2
HELAC;2;23.5.1965;2;0
EGBAL;3;4.12.1958;0;3
APTULRIZAK;2;22.2.1973;2;0
DANKO;2;25.8.1929;2;0
GURCEMAL;2;6.1.1959;0;2
HAYATO;2;22.6.1931;0;2
DURLER;2;1.12.1956;2;0
NIZAMETULLAH;2;28.6.1961;2;0
SILFAN;2;27.8.1971;0;2
BAGKI;2;23.2.1954;2;0
ALPPERHAN;2;14.4.1962;2;0
DINKA;2;2.8.1933;0;2
MUSTAFA.;2;27.7.1990;2;0
DURANKADIN;3;27.11.1954;0;3
AYFIN;2;29.9.1981;0;2
TUCER;2;1.11.1947;2;0
GULUGZAR;2;5.2.1955;0;2
SURENDAG;2;10.1.1956;2;0
PAGUZEL;2;22.4.1949;0;2
NUHRIBE;2;22.3.1946;0;2
EZNURE;2;7.8.1934;0;2
ZAZAIR;2;17.2.1958;2;0
GULERAZ;2;17.7.1942;0;2
ZUBEYNE;2;6.1.1973;0;2
TENTEN;2;15.3.1965;0;2
MITING;2;15.6.1950;0;2
GUNAYKAN;2;3.7.1987;2;0
ZIHNAZ;2;11.12.1937;0;2
MAFINUR;2;6.10.1938;0;2
GULELMAST;2;19.5.1952;0;2
MES''UDE;2;23.7.1971;0;2
MERZUH;3;9.11.1974;3;0
MAFAIL;4;28.2.1971;4;0
EROKSAL;2;26.5.1975;2;0
HUZICAN;2;17.9.1953;0;2
CANFADIYE;2;28.10.1951;0;2
NAKIR;2;13.6.1939;0;2
MEFIRAT;2;1.3.1976;0;2
M.SANI;2;5.3.1943;2;0
MUZAYIP;2;28.2.1960;2;0
GINAR;2;2.2.1975;0;2
UMURUZAN;2;7.7.1963;0;2
IMALEDDIN;2;11.11.1957;2;0
GULERYE;3;3.7.1958;0;3
CUMEDDIN;2;6.7.1974;2;0
ALPPERI;2;8.9.1970;0;2
URLUFER;2;19.4.1956;0;2
MEHUS;2;4.2.1933;0;2
GAMERAY;2;28.7.1974;0;2
SENGULSER;2;21.8.1952;0;2
NURLAHAN;2;1.3.1959;0;2
JALIBE;4;20.3.1960;0;4
OMERO;2;1.1.1;2;0
MAYSURA;2;12.5.1965;0;2
HUSEYNET;2;2.2.1963;0;2
MITALIP;2;29.8.1957;2;0
SEKAI;2;7.5.1958;2;0
ZAAFET;2;8.1.1964;0;2
RAIFAT;2;22.4.1967;0;2
SENDURA;4;22.4.1974;0;4
YURDASEVGI;2;28.5.1943;0;2
GULTARA;2;11.3.1957;0;2
KAMSAT;2;15.9.1976;0;2
MUSSAFFE;2;4.8.1947;0;2
ASRIGUL;4;16.1.1948;0;4
SUHURYE;2;28.6.1965;0;2
BIHSAN;2;1.5.1957;0;2
NESMEIN;2;2.2.1957;2;0
HACIYILDIZ;2;22.2.1961;2;0
FEGFORI;2;8.7.1942;0;2
YEKTANUR;2;16.9.1987;0;2
OMERBAY;2;12.2.1965;2;0
NURCILEN;2;26.11.1980;0;2
HAYREL;2;21.9.1962;0;2
NICALA;2;7.11.1964;0;2
NUHSAR;2;13.2.1938;0;2
RASINA;2;5.6.1983;0;2
YILMAZNAZ;2;13.6.1936;0;2
MEFRUZEN;2;9.2.1946;0;2
MEMZIYE;4;4.6.1940;0;4
UMIHANIYE;2;12.2.1965;0;2
RAKHA;2;8.1.1976;0;2
PEHRULDE;2;6.11.1963;0;2
SAFAKTA;2;22.7.1961;0;2
RUVEYDEM;2;11.5.1937;0;2
NASUHCAN;2;17.1.1990;2;0
SEKUREN;2;1.9.1936;0;2
VIOREL;2;18.3.1968;2;0
NUGADIR;2;29.7.1976;2;0
NUHALTAN;2;7.2.1958;2;0
PERIZOT;2;9.4.1952;0;2
MUMUTAZ;2;2.2.1957;2;0
CIVERE;2;11.10.1973;0;2
CAHIZAR;3;2.8.1943;0;3
UMIRIYE;2;24.5.1968;0;2
GULSENTI;2;12.12.1953;0;2
HECIYE;2;12.10.1953;0;2
URFADIYE;4;20.11.1973;0;4
FARRI;2;1.7.1988;2;0
SUMTER;2;18.10.1953;2;0
ZUMERETE;2;27.2.1961;0;2
KARIPSTAN;2;17.6.1954;0;2
UMUMUYA;2;22.8.1949;0;2
SAHPAL;2;27.7.1949;0;2
MEYISA;2;8.4.1964;0;2
KEFALETDIN;2;1.4.1948;2;0
GUKEN;2;2.3.1951;0;2
HAYRUNSEFA;2;12.5.1959;0;2
HULISIN;2;21.8.1971;2;0
MELIFAN;2;11.2.1951;0;2
MEHENDIYE;2;17.4.1942;0;2
AYPENIN;2;13.5.1959;0;2
GUDERIYA;2;10.1.1972;0;2
ESIMEN;2;30.1.1952;0;2
SMILJA;2;4.11.1949;0;2
VIHTER;2;6.9.1950;0;2
NAYRUS;2;15.11.1961;0;2
FEVRICAN;2;7.9.1964;0;2
VEBIDAR;2;17.7.1960;0;2
LOBETCEL;2;3.2.1973;0;2
MEKESUN;2;25.7.1980;0;2
ERDUGDU;2;22.10.1937;2;0
M.ZEKERYA;2;19.9.1964;2;0
ICSEN;2;17.6.1969;0;2
DILASER;2;29.3.1977;0;2
ABDULTAYIP;2;23.5.1955;2;0
GORUCU;2;6.3.1931;0;2
NEDAHIL;2;18.6.1961;2;0
MIRIZAN;2;6.5.1956;0;2
GULESSEM;2;13.1.1983;0;2
HECIDE;2;17.2.1960;0;2
NUCKEN;2;23.4.1963;0;2
BEHIZEL;2;12.1.1965;0;2
GULDENI;2;23.8.1962;0;2
SEBITTIN;2;27.4.1968;2;0
AKILIYE;2;12.6.1965;0;2
BESIT;2;23.6.1955;2;0
MEKNEKSE;2;27.2.1968;0;2
UDE;2;5.12.1938;0;2
NIJLAN;2;9.11.1967;0;2
SUBALIYE;2;12.8.1955;0;2
EVSU;2;26.9.1986;0;2
SEKCIRAK;2;14.3.1965;0;2
GIHAY;2;9.11.1980;2;0
SENMERAL;2;18.1.1953;0;2
DINHAT;2;14.5.1937;2;0
NABEL;2;26.1.1954;0;2
MURTEFIKA;2;14.8.1958;2;0
KARAOMER;2;6.7.1978;2;0
FATMENSE;2;12.2.1963;0;2
MUCUGEN;2;1.1.1966;0;2
MENSUKE;2;22.3.1955;0;2
NERFA;2;21.3.1980;0;2
DURHAT;3;17.5.1991;3;0
AKILLE;3;22.12.1953;0;3
MAZEMET;2;23.6.1977;0;2
NEDREK;2;1.4.1961;0;2
GULAHMED;2;4.7.1955;2;0
SALIHHE;2;4.2.1965;0;2
ECABETTIN;4;25.7.1949;4;0
GAZIBABA;2;6.12.1963;2;0
VEYLET;2;7.2.1970;0;2
TAVEUS;2;6.6.1975;0;2
LIBIZAR;2;27.4.1950;0;2
PEVRICAN;5;26.6.1955;0;5
LEZI;2;7.3.1988;0;2
BAHARYE;2;17.1.1978;0;2
VERCETTIN;2;2.2.1969;2;0
EFGINAZ;2;11.10.1955;0;2
NEVRINGUL;2;7.1.1964;0;2
HAVDI;2;18.7.1953;0;2
SUSECAN;2;25.7.1967;0;2
AKLINA;2;27.2.1973;0;2
SALAVETTIN;2;16.10.1974;2;0
BIKMAL;2;11.2.1967;0;2
ZINNUREYR;2;12.10.1965;0;2
FERDUSAN;2;23.4.1937;0;2
BILU;2;2.8.1933;0;2
ULAI;2;28.8.1941;0;2
FETIYAN;2;18.12.1971;0;2
HADDURE;2;2.2.1957;0;2
HEYIFEDIN;2;22.3.1967;2;0
RABGE;2;3.1.1960;0;2
GULHAYDAR;2;1.10.1966;2;0
LAITH;2;9.7.1988;2;0
FELEKSAHAN;2;9.3.1950;0;2
MUNEYBE;2;19.10.1989;0;2
ZELATA;2;2.8.1927;0;2
SIRDA;2;2.7.1963;0;2
SEHENBIL;2;10.7.1973;2;0
REVAYLIN;2;1.8.1970;0;2
NEOBER;2;6.4.1955;0;2
NINGIN;2;7.2.1932;2;0
DURAYI;2;15.5.1975;0;2
NASRO;2;11.2.1938;0;2
MINNASE;2;4.9.1961;0;2
YENNAZ;2;24.7.1956;0;2
ARTFIYE;2;12.12.1971;0;2
CANERTUNC;2;20.8.1988;2;0
LEONING;2;8.2.1967;0;2
OZGON;3;20.10.1969;0;3
GULSEBAT;2;29.6.1982;0;2
BAHSUN;2;24.11.1979;0;2
SIRACI;2;12.8.1923;2;0
EBRUSHAN;2;6.12.1959;0;2
HUNIZAN;2;9.5.1973;0;2
ELESREF;2;22.3.1961;2;0
BERTHA;2;19.5.1959;0;2
TEMMENI;2;29.9.1956;2;0
OZTUNCER;2;21.7.1953;2;0
PERVINCAN;2;4.5.1956;0;2
CURIDIYE;2;1.7.1966;0;2
SIDIMKER;2;4.1.1953;2;0
UMIYA;2;25.11.1979;0;2
FERDUSEN;2;13.5.1951;0;2
APDULLATIF;3;8.3.1957;3;0
RANEBER;2;24.9.1957;0;2
UNHER;2;29.1.1941;2;0
MIRCAHAN;2;16.2.1970;0;2
KALENFER;2;23.3.1982;0;2
BENYAM;2;27.12.1959;2;0
CEVHERTAC;2;1.3.1979;0;2
MUVECCAN;2;9.2.1960;0;2
ZUHLENAZ;2;20.5.1936;0;2
MUHTABAN;2;21.9.1928;0;2
PULLE;5;6.9.1957;0;5
HIZIRAY;2;11.6.1969;0;2
ALIEZGAR;2;1.12.1961;2;0
SUNATA;2;19.5.1954;0;2
CIFON;2;24.6.1961;0;2
FEKURULA;2;15.3.1981;2;0
ATARULLA;2;16.8.1983;2;0
RUHBETTIN;3;10.11.1973;3;0
BEFINAZ;2;21.12.1967;0;2
GULHEBIP;2;7.2.1970;0;2
MISRIK;2;11.3.1958;0;2
ESLER;2;17.7.1983;0;2
YUZHAN;2;11.10.1991;0;2
NIYMUS;2;27.5.1938;0;2
SEYNASI;2;15.2.1967;2;0
TESMA;2;20.12.1950;0;2
DOGANPIR;2;27.1.1991;2;0
BEMEL;2;22.3.1973;2;0
CEMKO;2;16.5.1965;2;0
NERDES;2;7.11.1974;0;2
BEKAITTIN;2;26.4.1959;2;0
BRUNHILDE;2;9.3.1938;0;2
UMIHEN;2;13.3.1959;0;2
KABA;2;23.3.1955;0;2
VESYI;2;22.11.1984;2;0
RACIBEY;2;10.12.1958;2;0
MUKAYYIL;2;16.6.1975;2;0
PEHRIVAN;2;13.4.1967;0;2
NIFIRNE;2;1.2.1950;0;2
HURULE;2;16.2.1963;0;2
MESIBAN;4;21.6.1939;0;4
RIHHAN;3;24.10.1965;0;3
FASILET;2;14.5.1951;0;2
VALIDETIN;2;9.3.1952;2;0
LILICAN;2;24.7.1966;0;2
TOZCAN;2;21.4.1963;2;0
ICIBAL;2;11.6.1956;0;2
HUSEDE;2;3.4.1948;0;2
MURIKAN;2;28.6.1955;0;2
JUNAY;2;15.10.1973;2;0
GOZIBE;2;7.3.1934;0;2
SUKURUNAZ;2;21.9.1966;0;2
MASARETTIN;2;27.9.1960;2;0
AHDETTIN;2;23.9.1960;2;0
AKDEL;2;23.8.1959;2;0
AKKARI;2;13.11.1959;2;0
GULMUNET;2;1.6.1979;0;2
EHLISEVET;2;16.3.1970;0;2
GULSEBIN;2;21.11.1979;0;2
OZKADIR;2;10.2.1936;2;0
AUDENTA;2;21.7.1974;0;2
AMRISAH;2;17.11.1951;2;0
FEYZIDE;2;1.8.1956;0;2
ZUHLE;2;16.11.1933;0;2
TERCIYAN;2;29.3.1968;0;2
SEHMIZAR;2;11.12.1942;0;2
SEFEREN;2;2.7.1969;0;2
SIMZERIN;2;2.2.1957;0;2
NAHITDIN;2;11.11.1967;2;0
SIHYA;2;14.5.1959;2;0
LIFFER;2;7.1.1950;0;2
VEHITTIN;2;19.5.1933;2;0
SAHESTER;4;22.10.1963;0;4
MINCO;2;27.3.1950;0;2
ELFEDAR;2;30.9.1954;0;2
SULEBAN;2;19.11.1971;2;0
KESERETTIN;2;18.4.1966;2;0
NESRILE;2;5.11.1950;0;2
ANUSAN;2;16.1.1979;0;2
ELVIL;2;3.11.1968;2;0
ZUVILA;2;26.7.1951;0;2
MEZAK;2;9.10.1982;0;2
SEKIBEN;2;1.12.1949;0;2
KAYFERI;2;17.2.1942;0;2
SERAYDIN;2;11.6.1957;2;0
AYTEMER;2;22.7.1954;2;0
NEYLEGUL;2;6.5.1959;0;2
CAMALFER;2;3.8.1947;0;2
EDINAN;2;17.2.1954;2;0
FELAHA;3;26.3.1946;0;3
SEKIBET;2;22.2.1967;0;2
AKARETTIN;2;2.1.1957;2;0
YELSEL;2;22.2.1944;0;2
MEVZUKE;2;28.11.1954;0;2
MURIBET;2;8.8.1941;0;2
NAGLE;2;6.4.1950;0;2
NUKHEDDIN;2;16.2.1980;2;0
LALEJ;6;12.8.1978;0;6
ADVET;2;25.7.1953;0;2
ITVANIYE;2;15.9.1941;0;2
HUZAFA;2;17.6.1948;0;2
USTUPER;2;29.6.1966;0;2
MESKURI;2;9.1.1936;2;0
DOMENT;2;1.6.1969;2;0
MEHKUM;2;28.5.1984;2;0
TARKUN;3;16.4.1966;3;0
TENDA;2;16.6.1976;0;2
SURADIYE;4;3.1.1951;0;4
HUKLIME;2;28.1.1937;0;2
LALAHAT;2;13.5.1953;0;2
PERCEN;2;29.6.1987;0;2
TERMUR;2;3.4.1948;0;2
NEYAZIYE;2;22.3.1949;0;2
RAZULE;4;17.4.1977;0;4
MUATDERE;2;22.4.1952;0;2
RUZIYA;2;24.7.1971;0;2
MESRULIYE;2;13.12.1963;0;2
YILGULER;2;2.2.1987;0;2
BEHCEN;3;25.8.1954;2;1
NOREDTIN;2;17.6.1960;2;0
MAAFIDE;2;26.3.1963;0;2
FICDAN;2;29.9.1975;0;2
YASICAN;2;13.3.1966;0;2
BECARETTIN;2;16.4.1963;2;0
MUDIFIN;2;21.6.1970;0;2
ABIDIL;2;13.3.1971;2;0
EYYAMIN;3;10.4.1970;3;0
ZAYME;2;23.4.1941;0;2
SEMSUR;2;12.6.1947;0;2
AHYYET;2;28.6.1978;2;0
DIRUBA;2;30.1.1954;0;2
MAHBUDE;2;9.4.1975;0;2
AIMINE;2;7.10.1966;0;2
MOLIDE;2;15.6.1953;0;2
ZEBAL;2;12.2.1965;0;2
NILKA;2;11.7.1978;0;2
ZURAB;4;19.1.1939;0;4
CERREM;2;30.3.1992;0;2
SERDINE;2;24.10.1968;0;2
LAMISA;2;26.11.1978;0;2
ZELIHAR;2;27.2.1974;0;2
SABUTE;2;13.4.1964;0;2
NIBET;2;16.9.1978;0;2
MAHMUTFEVZI;2;26.12.1986;2;0
M.SIDKI;2;7.10.1934;2;0
HASANLUTFU;9;30.6.1964;9;0
NESRIBAN;2;3.12.1982;0;2
YUMIYE;9;9.1.1970;0;9
ZEREC;2;22.11.1960;0;2
EFLIFE;2;7.2.1970;0;2
MINAHATUN;2;22.2.1973;0;2
MUCDEDDIN;4;24.9.1980;4;0
MOYHETTIN;3;28.7.1968;3;0
DIYABEDDIN;4;23.7.1963;4;0
ONZE;2;26.5.1955;0;2
DULDUL;2;11.3.1962;0;2
VECUDE;2;2.2.1957;0;2
HAYALDIN;2;7.3.1982;0;2
ESIRYAN;2;27.6.1968;0;2
M.MELIK;2;7.6.1970;2;0
OBEDULLAH;4;25.2.1962;4;0
MELZUME;2;5.10.1969;0;2
MUYESSERI;2;9.10.1976;0;2
TUHRIYE;2;6.7.1953;0;2
HEDIBA;5;15.7.1970;0;5
EMZILE;2;19.5.1966;0;2
MUCDETTIN;2;21.4.1958;2;0
PUTEN;2;11.3.1963;0;2
ZAYIIT;2;28.4.1974;0;2
ESVELA;2;3.8.1987;0;2
ABDULCAHAP;2;22.8.1967;2;0
SEVLETE;2;24.9.1989;0;2
ERYAR;2;18.10.1979;2;0
IBRAZ;2;11.3.1973;0;2
SADUHA;2;22.2.1967;0;2
DIREH;23;9.3.1960;23;0
IRYEZ;2;10.3.1964;0;2
LIVAZEM;2;14.11.1965;0;2
BILTANE;5;22.5.1977;0;5
ABDULHAYA;5;16.11.1949;5;0
NAVSIYA;2;7.4.1964;0;2
GULTENF;2;16.11.1970;0;2
FEJLIMELEK;2;13.11.1956;0;2
REVSINA;2;21.7.1959;0;2
ULIZE;2;7.4.1978;0;2
LAMINE;2;2.4.1957;0;2
UMILGULSUM;2;21.10.1976;0;2
CEVVAD;2;5.9.1972;2;0
SURMUYE;2;12.2.1947;0;2
MAYSABA;2;17.2.1954;0;2
ZIVDIYE;2;7.2.1940;0;2
CITEM;3;15.12.1973;0;3
ZAIDEN;2;24.3.1973;0;2
TURAH;2;17.7.1982;2;0
ROSET;3;17.4.1962;0;3
ABUREZAK;2;11.2.1974;2;0
GALEF;2;18.12.1981;2;0
MENUHA;2;29.5.1962;0;2
ZEKKERYA;2;24.2.1977;2;0
ATINCE;2;16.4.1973;0;2
SAPHIYE;3;4.11.1967;0;3
ZUPRIYE;2;18.2.1952;0;2
FILIDA;2;20.10.1988;0;2
HICIRE;2;3.1.1962;0;2
LIDERA;2;21.7.1981;0;2
SESLIHAN;2;17.2.1990;0;2
MUVAYEDDIN;2;28.6.1970;2;0
BIRDENE;4;14.7.1974;0;4
ZERDUST;3;30.4.1974;3;0
RUDIN;3;11.11.1970;2;1
EVRIMGUL;2;29.10.1983;0;2
ZEIDE;3;11.3.1945;0;3
YONAL;2;1.5.1984;2;0
SAFRE;4;12.5.1948;0;4
PEMYE;2;21.12.1969;0;2
ERDIYA;2;22.2.1979;0;2
GULLUYA;2;15.4.1984;0;2
IZLAR;2;8.3.1958;0;2
ABDULMUTELIB;5;9.8.1974;5;0
CETMAN;2;6.3.1950;2;0
MUCDEDIN;2;17.8.1978;2;0
VAKIME;2;16.11.1982;0;2
RENCBER;2;29.4.1992;2;0
BURHADIN;2;22.1.1972;2;0
FAKIDA;2;14.3.1953;0;2
ONIZA;4;25.1.1948;0;4
GULLIDAN;2;11.5.1961;0;2
SUSLA;2;6.4.1956;0;2
NASIBAN;2;14.4.1974;0;2
MOLIDA;2;7.11.1987;0;2
NISAH;2;15.4.1983;2;0
YETEREN;2;27.2.1974;0;2
DIRAH;4;22.1.1944;4;0
MUMIYE;6;5.10.1961;0;6
NARIDANE;2;7.2.1970;0;2
MUSIFKA;2;12.12.1965;0;2
YORMEN;2;20.4.1982;0;2
FERDULLAH;3;1.11.1983;3;0
HABSA;2;6.6.1974;0;2
HACDIYE;2;21.7.1974;0;2
EYYIBA;2;11.12.1978;0;2
VECDA;2;21.7.1974;0;2
SALLIHA;3;8.6.1978;0;3
UMIKULSIN;2;24.7.1972;0;2
SIBRETULLAH;2;22.12.1986;2;0
AVIDA;2;12.2.1957;0;2
BURAKCANER;2;17.5.1990;2;0
KEVANI;2;6.8.1966;2;0
NURETULLAH;2;3.10.1980;2;0
BARSIM;4;8.2.1986;4;0
RAZDAN;2;28.11.1978;0;2
SAHZADDE;2;2.5.1963;0;2
KIZEBE;2;19.10.1928;0;2
ABDULCELIM;2;17.7.1968;2;0
ILIMA;2;8.3.1976;0;2
MENEZE;2;22.3.1975;0;2
KALYE;2;1.1.1973;0;2
SOYLIYAN;2;17.3.1954;0;2
SAKINCE;2;16.3.1953;0;2
NUSUBIYE;2;3.4.1936;0;2
KEVA;4;8.9.1946;0;4
NURSINET;4;22.3.1985;0;4
ABDULMIKAIL;2;30.1.1990;2;0
GUSFEN;2;20.4.1977;0;2
ZERDIYE;13;22.5.1978;0;13
KITLE;2;28.2.1977;0;2
SAZILO;2;1.5.1949;0;2
MUNTESER;2;29.12.1971;0;2
GURPERCIN;2;5.9.1964;0;2
FINEYED;2;8.4.1979;0;2
GULTAHAN;2;14.5.1980;0;2
TELIDE;2;13.6.1980;0;2
MEHRIGOL;2;19.4.1972;0;2
HESER;4;16.2.1972;4;0
ORHANETIN;2;1.1.1967;2;0
NIHHAT;2;23.10.1991;2;0
NECSER;2;15.11.1977;0;2
TIRKEY;5;6.8.1949;0;5
ZUBRIYA;2;2.4.1966;0;2
SUHANDAR;2;7.7.1958;0;2
ONUZE;2;27.10.1956;0;2
SADIREN;2;3.6.1963;0;2
SABDULAH;2;26.1.1954;2;0
SELIHIYE;2;22.3.1949;0;2
ZIVAN;3;9.9.1990;0;3
SABHADIN;2;16.3.1973;2;0
HESERALI;2;11.5.1980;2;0
AGCIYAN;2;18.4.1954;0;2
GERISA;2;7.2.1970;0;2
HIKMETULA;2;7.6.1970;2;0
LEYMUNAT;2;27.8.1980;0;2
MAIFE;4;8.7.1954;0;4
SAVITA;2;28.3.1982;0;2
ABDULVASIK;3;13.8.1972;3;0
ISIG;2;16.4.1945;0;2
HUMRUYE;2;4.6.1963;0;2
MENISEKER;2;7.8.1952;0;2
MIRBAY;3;20.3.1944;3;0
KOLIDE;2;17.5.1958;0;2
ZIVIYE;3;15.7.1939;0;3
GALIVE;2;7.2.1976;0;2
DERDEY;4;3.2.1959;0;4
AUDIYE;2;16.11.1940;0;2
HAPSET;5;7.12.1952;0;5
BARZER;2;19.5.1985;2;0
IFEL;2;2.3.1969;0;2
ZUHREF;2;12.7.1965;0;2
GULZEYNAT;2;28.12.1980;0;2
UBRIZE;3;18.5.1976;0;3
GULSABIHAT;2;1.2.1991;0;2
YUMYA;2;1.11.1961;0;2
SABAB;6;26.10.1952;4;2
HANOVA;2;22.9.1991;0;2
MAYFIROZ;3;23.6.1953;0;3
HEYLA;2;6.12.1990;0;2
ORFIYA;2;12.3.1959;0;2
BIRBEG;2;27.8.1968;2;0
BUHALI;5;7.12.1959;0;5
MINECE;2;2.2.1975;0;2
ZIYACETTIN;2;2.9.1965;2;0
CEBELLI;3;22.4.1982;3;0
FAIDA;2;3.10.1975;0;2
HUNIKA;2;13.12.1980;0;2
KECIDE;2;7.2.1976;0;2
YURZAN;2;4.3.1984;0;2
CEYLAL;2;15.7.1989;0;2
SUMMEYRE;2;16.9.1991;0;2
SADILIN;2;12.2.1941;0;2
NUMIFE;2;2.2.1939;0;2
MENDUL;3;2.5.1982;3;0
FELEKDUN;2;6.10.1984;2;0
ABDURRAHIN;2;30.6.1985;2;0
RINDAY;2;4.7.1974;0;2
AYDILA;2;13.10.1977;0;2
MENEKSA;2;6.5.1986;0;2
FEVVA;2;22.1.1943;0;2
BAYRAKA;2;29.1.1958;0;2
FIRAKAT;2;7.4.1934;0;2
BILDANA;2;27.12.1985;0;2
MUSSER;4;1.1.1979;0;4
RAHMIDE;3;12.2.1969;0;3
GEVAR;4;9.11.1941;0;4
REVSINE;2;7.8.1964;0;2
VILIYA;2;26.8.1934;0;2
FATMIME;2;11.3.1973;0;2
FAIRA;2;8.4.1968;0;2
ELSINAT;2;23.2.1974;0;2
MIHRILSAH;2;9.3.1952;0;2
RUKIBE;3;16.2.1984;0;3
ROJD;2;12.11.1978;0;2
KITUBE;2;24.4.1953;0;2
HUSRETIN;2;5.5.1969;2;0
SAHAADE;2;21.5.1970;0;2
M.MEYDIN;2;11.5.1974;2;0
SODULGEYAZ;2;12.2.1965;0;2
DAYABDIN;2;16.5.1946;2;0
TASKAYA;2;13.6.1938;2;0
DIRYEH;2;16.5.1965;2;0
FAKBULE;2;22.7.1960;0;2
FAHTEDDIN;2;13.12.1984;2;0
PERRIYE;2;14.2.1932;0;2
MUTABAR;2;7.2.1970;0;2
MISLIKAN;2;26.2.1963;0;2
ZIRAB;4;10.2.1945;0;4
CANFIDAL;2;8.5.1988;2;0
BERIVAR;2;22.1.1955;0;2
HASLITA;2;16.12.1970;0;2
ZELHAT;2;16.11.1951;0;2
MISFIKA;2;26.6.1961;0;2
MUHAMDED;2;14.2.1992;2;0
PEMPIYA;2;26.6.1954;0;2
KERIRI;2;26.7.1952;0;2
ABULSEBUR;2;16.3.1991;2;0
ABDULNEBAR;2;21.8.1988;2;0
HINIZA;2;12.8.1952;0;2
KUTAIL;2;12.8.1923;0;2
SENDENGUL;2;15.10.1974;0;2
RAZIVA;2;22.6.1962;0;2
NULIUFER;2;28.1.1980;0;2
IRGEN;2;7.3.1976;0;2
SABHATIN;2;1.7.1972;2;0
MANAT;2;12.10.1983;0;2
NAMDI;2;11.1.1973;2;0
HANFI;5;7.4.1974;5;0
GAMINE;2;27.8.1926;0;2
SIRAJ;2;10.9.1981;2;0
NAZIFFE;2;29.7.1950;0;2
M.HANFI;2;3.2.1981;2;0
TEHVETULLAH;2;7.2.1970;0;2
NAYIHA;2;2.2.1963;0;2
NURHULLAH;3;20.1.1984;3;0
PAHALLI;2;18.3.1939;0;2
SIHBETULLAH;3;1.7.1982;3;0
CEDID;2;7.8.1976;2;0
ABDULVAHYEDIN;2;12.11.1976;2;0
HANEFA;2;2.12.1973;0;2
NEYSETIN;2;6.8.1972;2;0
SAZIZE;2;22.2.1967;0;2
FELEMIN;2;25.11.1972;2;0
HESIDEM;2;26.11.1965;0;2
SEYRIYA;2;6.8.1950;0;2
SENCULLAH;2;16.11.1963;2;0
YENILE;2;12.2.1953;0;2
M.RASAN;2;17.3.1975;0;2
HUTUN;2;16.4.1992;0;2
SEYRIA;2;1.4.1966;0;2
TAHFETULLAH;2;29.1.1980;0;2
M.RIZA;3;12.7.1962;3;0
ELVAS;2;16.3.1946;2;0
MISIRKA;2;21.7.1979;0;2
KAZIBA;3;4.3.1969;0;3
HEYBETA;2;5.9.1945;0;2
HUSYINE;2;1.11.1977;0;2
GOLIYE;3;20.1.1954;0;3
HAMLI;2;6.3.1927;0;2
ABDULFESIH;3;11.12.1982;3;0
UMINE;2;1.7.1948;0;2
NEFRICAN;2;6.11.1980;0;2
SARIMA;2;28.6.1938;0;2
NEDAIFE;2;22.3.1961;0;2
MUHALEBAT;2;6.1.1961;0;2
GULDESE;2;9.11.1977;0;2
FEZLIHAN;3;19.8.1948;0;3
SAHABER;2;29.10.1982;0;2
CIRIKA;2;12.7.1935;0;2
MUBEGEN;2;21.3.1978;0;2
SEREDIN;6;8.9.1974;6;0
ANISAT;6;27.2.1978;0;6
MURUHBAN;2;24.5.1948;0;2
NILIFEL;2;6.11.1990;0;2
ZAHRAH;2;19.5.1972;0;2
MUTEZAN;2;12.6.1983;0;2
AZBEK;4;18.12.1961;4;0
DIBAL;2;22.12.1985;0;2
MEHMETEMRAL;2;8.2.1958;2;0
BAHTAL;2;21.3.1987;2;0
FEYZUYA;2;12.2.1953;0;2
MENOKSE;2;21.5.1983;0;2
INCA;3;23.8.1935;1;2
HUBIRYA;2;17.2.1966;0;2
MUBRINAZ;2;16.12.1951;0;2
BICAR;2;27.2.1980;2;0
DIDURE;2;7.8.1946;0;2
YUSLA;2;9.3.1982;0;2
BABILA;2;18.2.1960;0;2
SOFRINAR;2;2.3.1951;0;2
MEHMETTARIF;2;16.9.1974;2;0
ONUSE;2;5.6.1956;0;2
HIBAN;2;26.1.1990;0;2
UMIHANE;4;13.4.1987;0;4
HASBETE;2;2.12.1967;0;2
PELVI;2;2.3.1957;2;0
ENISAT;2;21.2.1953;0;2
BERHUDA;5;5.6.1975;2;3
SAIDYE;2;27.2.1968;0;2
GORCIYE;4;22.3.1952;0;4
BILDENE;6;15.3.1963;0;6
MITAHT;2;21.5.1978;2;0
GULFARAZ;2;12.7.1971;0;2
SUHEYLAH;3;11.4.1978;0;3
BIRSELEN;4;20.12.1977;0;4
YENGE;3;8.12.1981;0;3
UNIZA;2;12.4.1959;0;2
BUHADIN;2;2.8.1939;2;0
AYYIT;2;18.5.1948;2;0
GULZENA;2;22.1.1966;0;2
SUMEYETE;2;15.8.1987;0;2
GOKSAHIN;2;22.2.1973;2;0
AREZI;2;11.1.1946;0;2
DUNDANE;3;3.6.1984;0;3
ABDULFETEH;2;28.3.1991;2;0
ASEP;2;15.4.1975;2;0
CIGDEY;2;11.8.1982;0;2
MUHKIT;2;1.12.1991;2;0
YAZDA;2;16.6.1990;0;2
KARAGETRAN;2;17.3.1978;2;0
GULORDEK;2;17.2.1972;0;2
MEVBIDE;2;1.2.1968;0;2
ASIMAT;2;29.8.1956;0;2
FERUNHANDE;2;22.4.1973;0;2
SUBEYLE;2;26.4.1942;0;2
DUAYIMAKBUL;2;13.10.1951;2;0
MUHACER;2;17.6.1942;0;2
ABDULSEBIR;2;9.6.1974;2;0
GUNAI;2;26.7.1971;0;2
SINEMDAG;2;17.2.1966;0;2
SECET;2;7.2.1976;2;0
GURNISAN;3;7.9.1950;0;3
BAYSABA;3;27.4.1967;0;3
ZERDIYA;2;27.2.1968;0;2
DILPIROZ;2;22.6.1930;0;2
GULLUSA;2;29.4.1955;0;2
NEGA;2;24.10.1976;0;2
ABDULTURAN;2;9.3.1984;2;0
VAHDETTIIN;2;21.5.1977;2;0
MUTTEHIR;3;22.12.1979;3;0
SURETE;4;28.4.1977;0;4
DEMIRISAR;2;4.5.1951;2;0
SAYDAR;3;11.10.1949;2;1
SAHCEMAL;2;21.1.1965;2;0
RUKKOS;2;1.5.1949;0;2
SISYA;2;7.2.1970;0;2
SISIRYA;2;4.5.1951;0;2
SAZILA;5;10.11.1950;0;5
FELMEZ;2;28.1.1988;2;0
MIKDAR;2;13.11.1962;2;0
MEBRE;2;30.5.1973;0;2
FAYSIYE;2;7.2.1970;0;2
USAMEH;2;17.11.1984;2;0
BEFRIM;2;4.12.1980;0;2
KEJINE;3;26.5.1979;0;3
M.ILHAMI;2;1.3.1966;2;0
YUZLUFE;2;16.10.1974;0;2
IRKIDE;2;24.9.1982;0;2
GULBAHAH;2;25.7.1978;0;2
ABASE;4;10.7.1962;0;4
DENEMA;2;13.6.1980;0;2
TANSAN;2;11.7.1981;0;2
SAHZULLAH;2;2.5.1933;2;0
YOLDA;2;26.4.1984;0;2
REVZIKA;2;2.8.1939;0;2
MUHTEZIR;2;24.8.1990;2;0
BIYANET;2;22.4.1981;0;2
ERZAHAN;2;1.6.1975;0;2
NESRIYAT;2;7.4.1991;0;2
CILLIYE;2;30.6.1956;0;2
HARIVAN;2;17.10.1990;0;2
CAPKAN;2;27.1.1938;2;0
MUNTEZIR;2;11.11.1986;2;0
NAZRIFA;4;26.3.1950;0;4
A.SELAM;2;11.4.1966;2;0
MERSUMET;2;1.4.1971;0;2
ZUBELDE;2;11.6.1981;0;2
FULNAZ;2;25.9.1984;0;2
A.IHSAN;2;3.6.1966;2;0
FARUA;2;3.5.1988;0;2
MUREDDET;3;13.5.1938;0;3
NEVAFET;2;20.9.1981;0;2
SANDERE;2;4.6.1973;2;0
UNUZA;2;7.3.1976;0;2
NUSKIYE;2;12.4.1964;0;2
FUARE;2;29.12.1981;0;2
PUSIYE;3;15.5.1953;0;3
EMIZAN;2;1.2.1950;0;2
NEVIA;2;6.1.1988;0;2
EKRET;2;22.9.1971;2;0
IMZA;5;28.4.1957;3;2
YUMUYE;2;1.12.1970;0;2
MUZEMIN;2;28.9.1979;2;0
MAHDALIN;2;27.12.1971;0;2
YUHANEZ;2;21.2.1982;0;2
LOKUS;2;22.9.1961;0;2
ABUZEID;2;1.10.1972;2;0
SABAZ;2;3.5.1960;2;0
FERINCAN;2;2.2.1957;0;2
BAHARGUN;2;7.6.1976;0;2
TUGAS;3;16.3.1972;0;3
NAYISAN;2;12.2.1965;0;2
NEVENSER;2;7.2.1988;0;2
ELSERIF;2;6.9.1979;2;0
BATALGAZI;3;18.12.1977;3;0
SERIVA;2;1.6.1973;0;2
MIRYEKTA;2;11.6.1975;2;0
CAVALI;2;9.3.1940;2;0
KARAOGLANOGLU;2;4.3.1976;2;0
GULFURIZI;2;28.5.1971;0;2
CANFARIYE;2;4.10.1948;0;2
VEYSIGUL;11;16.11.1968;0;11
SURLU;2;30.8.1950;2;0
ULGERE;2;16.3.1941;0;2
LEFTARE;2;16.10.1947;0;2
SEFTINAZ;3;19.8.1964;0;3
ZULFUMAN;2;7.6.1976;0;2
MENEM;2;25.7.1961;0;2
ZEYIRE;2;17.4.1923;0;2
RIZABERAT;2;21.2.1988;2;0
BEDUK;2;29.2.1938;0;2
MAVIUSLU;2;5.6.1963;0;2
ZUMRUSE;2;21.2.1935;0;2
ASIKNUR;2;11.2.1963;2;0
MUSEYIM;2;26.5.1967;2;0
VESUDIYE;2;2.3.1951;0;2
NESNAHAN;2;2.12.1969;0;2
SUTDU;3;2.4.1943;0;3
TULERAY;2;19.1.1975;0;2
MUZELLEN;2;23.7.1955;0;2
FEYIZMAN;2;18.7.1970;2;0
RECILE;3;4.12.1956;0;3
GARARETTIN;2;17.2.1948;2;0
GUNGOZEL;2;1.8.1959;0;2
VESIP;2;21.2.1983;2;0
GUBRAHIM;2;7.8.1940;0;2
MUHTALE;2;1.11.1965;0;2
MEHTEM;3;30.11.1979;0;3
CINTAN;3;25.11.1966;2;1
NAZMURIYE;2;12.2.1965;0;2
BELDIKAR;2;12.2.1971;0;2
ZEMIKA;2;2.3.1957;0;2
KARATEKIN;2;25.11.1949;2;0
BERRINSAR;2;28.5.1956;0;2
FIKRISENDUR;2;4.3.1958;2;0
NEDIHAL;2;25.3.1960;0;2
MEVADIYE;2;11.2.1948;0;2
MAVSENLI;2;24.6.1955;0;2
DINBAG;2;11.9.1974;2;0
ZINNORI;2;15.4.1953;2;0
NOKTIYE;3;19.12.1947;0;3
ATIFER;2;16.6.1973;0;2
ARIDHAN;2;21.11.1967;2;0
BILDAT;2;2.4.1946;2;0
CANFAHRIYE;2;2.12.1955;0;2
NURDAC;2;7.5.1966;0;2
TARIEL;2;23.6.1989;2;0
UNYAMIM;2;12.9.1965;2;0
KARIBER;2;21.7.1953;0;2
MUSNET;7;5.4.1956;0;7
DILFIRAS;2;20.6.1944;0;2
DENYE;4;17.7.1945;0;4
IBNIYAMEN;2;11.3.1962;2;0
MUHAMMEDHARUN;2;2.9.1981;2;0
LEMYESE;2;28.11.1960;0;2
ILHANKAYA;2;17.6.1930;2;0
MEJRE;2;24.6.1980;0;2
LEFTARIYE;2;10.3.1948;0;2
MUTELLIF;4;16.2.1972;4;0
ZUKYA;2;16.3.1974;0;2
MEFIKA;3;13.6.1976;0;3
CEZVICIHAN;2;12.8.1935;0;2
DODUYE;2;13.2.1947;0;2
MAHUSNU;2;17.4.1942;0;2
MASULE;2;17.10.1930;0;2
MIHRIMIN;2;6.4.1939;2;0
GULCAHIT;2;11.12.1969;2;0
MAKBUBIYE;4;13.7.1952;0;4
INCEKAS;2;17.11.1942;0;2
RUFUDIYE;2;20.6.1945;0;2
LAFURIYE;2;29.4.1950;0;2
UFRIDIYE;2;11.2.1933;0;2
ZEBIDIYE;2;27.3.1967;0;2
MEVILI;2;1.2.1966;0;2
DURDEHAN;2;7.7.1940;0;2
ULFUDIYE;3;16.8.1968;0;3
YACETTIN;2;14.12.1961;2;0
ISABE;6;10.8.1969;0;6
ESDEFA;2;10.9.1964;0;2
HADIYYA;2;17.9.1972;0;2
CANISAH;2;6.11.1980;0;2
ZURIYER;2;17.3.1972;0;2
KIYMETNUR;2;5.5.1991;0;2
CICIBEY;2;30.11.1980;2;0
IMMISELEME;2;26.4.1964;0;2
ABDIGUL;2;13.1.1967;2;0
HALILNACI;2;11.6.1963;2;0
FATMASARE;2;12.2.1929;0;2
SULBUZ;2;1.2.1949;0;2
TAKTIM;2;16.3.1967;2;0
HACIHAKKI;2;11.12.1980;2;0
VAHDE;2;9.4.1970;0;2
MANU;2;27.5.1920;0;2
MEYDUT;2;23.2.1949;0;2
AHMETBICAN;2;3.5.1934;2;0
GULALIM;2;21.12.1952;0;2
LEVSETE;2;12.11.1965;0;2
FIRDESFERIHA;2;24.6.1931;0;2
REYHALE;3;8.5.1963;0;3
SONEN;2;2.7.1987;2;0
HASLETI;2;30.8.1986;0;2
HETUK;2;19.4.1975;0;2
SATIHAN;6;12.8.1978;0;6
LEBBI;3;25.11.1960;1;2
ALIRASIT;2;8.4.1971;2;0
TELLIBAZ;2;21.12.1956;0;2
ILKUTLU;4;12.7.1937;1;3
MERDANI;4;4.9.1951;4;0
NAKTIYE;2;7.3.1934;0;2
DILKARE;2;22.2.1937;0;2
MUHADIS;3;28.8.1950;0;3
FEVAYI;1;22.5.1960;1;0
MOUZIFER;1;12.9.1989;0;1
FUNDAG;1;24.7.1970;0;1
TAFIT;2;25.9.1972;2;0
YURTISEN;1;5.11.1967;0;1
SAHSINDE;1;21.5.1955;0;1
MAHFIL;1;8.3.1951;1;0
HUDADE;2;27.7.1940;0;2
RASDIYE;1;6.10.1960;0;1
BANNAN;1;29.4.1957;0;1
OMINE;1;11.3.1959;0;1
CHAIZE;1;19.3.1955;0;1
M.ZIHNI;1;25.11.1943;1;0
GULAYAZ;3;10.9.1973;0;3
KOREAN;1;5.6.1983;1;0
NURTEPE;1;18.2.1983;0;1
FEZE;1;27.4.1968;1;0
GONULSER;1;7.10.1960;0;1
GULFUR;1;11.7.1951;0;1
NURTOGAN;1;1.7.1960;1;0
BESLIN;1;5.12.1982;1;0
ZADO;1;12.8.1935;0;1
BINEN;2;12.3.1974;1;1
HURIYAT;2;5.6.1936;0;2
SIMENYE;1;5.12.1980;0;1
REHANGULI;1;1.10.1978;0;1
SAYINGUN;1;19.11.1956;0;1
MINHACI;1;10.12.1986;1;0
VEHYARE;1;1.6.1944;0;1
FIRAYI;1;14.4.1941;0;1
GULRUVEYDE;1;22.9.1975;0;1
FILDAM;1;22.11.1978;0;1
FAUMA;1;20.1.1972;0;1
SINASER;1;18.7.1940;0;1
KEYDAFER;1;2.2.1963;0;1
ABDURRAKIM;1;17.1.1987;1;0
SAHAADETI;1;22.8.1973;0;1
NUHAYET;3;4.10.1966;0;3
MERDUHA;1;30.12.1990;0;1
ZEVGI;1;26.11.1982;0;1
MUSLIHITDIN;1;16.4.1980;1;0
SEHZAADDIN;1;17.8.1930;1;0
KULSEM;1;20.4.1940;0;1
HURNISAM;1;21.5.1970;0;1
ADNIN;1;22.3.1949;0;1
MUNTEHAM;1;18.4.1942;0;1
ADILNOMAN;1;12.5.1965;1;0
BAIZER;2;21.6.1965;0;2
JAYEZEH;1;18.1.1981;0;1
ATASELIM;1;20.5.1964;1;0
MUNURYA;1;16.6.1959;0;1
SEVDUZE;1;1.2.1953;0;1
GERIMAN;2;11.3.1963;0;2
HIDARE;1;2.3.1951;0;1
ZETANUR;1;27.1.1956;0;1
LEVYE;1;4.7.1953;0;1
GER;1;5.6.1961;1;0
FATMLA;2;2.3.1983;0;2
BURSCIUC;1;28.6.1976;0;1
BIRREN;1;30.8.1990;0;1
NARLIN;1;4.5.1988;0;1
MUNTIHAN;1;21.6.1959;0;1
EMRIME;1;21.9.1981;0;1
CAFEDEN;1;26.5.1951;0;1
RIHAVET;1;9.6.1962;0;1
FELISER;2;2.12.1970;0;2
SUMERHAN;1;1.5.1972;1;0
PERHIN;1;6.6.1974;0;1
BUNESRA;2;27.6.1982;0;2
HUVEYRE;1;24.7.1977;0;1
GULIZHAR;1;13.6.1967;0;1
MAZAR;1;27.8.1932;1;0
FERDAZE;1;2.8.1951;0;1
DULHUNI;1;12.3.1965;1;0
NAKIN;1;1.9.1971;1;0
LEMONIA;1;9.8.1946;0;1
GUNECER;1;12.8.1983;0;1
ABDUSSALIH;2;4.4.1983;2;0
NEHIGUL;1;3.4.1988;0;1
LEBAAT;1;19.8.1960;0;1
FEDIMAN;4;8.6.1953;0;4
SAGCIT;1;8.7.1986;1;0
CINIYE;1;30.7.1972;0;1
NARKUL;1;3.4.1949;0;1
MUCEHES;3;21.1.1976;0;3
VEHIYUDDIN;1;21.8.1954;1;0
MUHLISIDDIN;1;12.2.1959;1;0
NEYDEGUL;1;17.5.1967;0;1
MURSEVDIM;1;25.8.1965;1;0
HAMAYAT;1;28.3.1968;0;1
ESMAYIN;4;9.11.1945;4;0
FIRDAVIS;1;1.9.1967;0;1
ESINGIL;1;2.2.1981;0;1
MAYTEM;2;29.11.1983;0;2
RABIRE;1;9.7.1979;0;1
MAHRALI;1;8.6.1970;1;0
SARMET;1;27.5.1950;1;0
SEFARIN;1;13.4.1980;0;1
HIDAYAT;1;8.11.1959;0;1
TOMEN;1;26.5.1966;1;0
DUNYANIM;1;14.4.1981;1;0
ABUKALIP;1;12.3.1971;1;0
TUNAYHAKAN;1;16.4.1973;1;0
MAYMEYRI;1;9.5.1950;0;1
ABDULSENEM;1;11.8.1968;1;0
MAHBUF;1;5.5.1972;0;1
RUHYELE;1;1.1.1966;0;1
MULFETTE;1;26.7.1965;1;0
TOHTAMURAT;1;7.7.1988;1;0
SULEYVE;1;6.6.1981;0;1
FAHNISE;1;22.2.1961;0;1
MUHATDIN;1;24.4.1972;1;0
NERGISHAN;2;8.4.1987;0;2
YASAREYE;1;18.2.1962;0;1
MUHAMETALI;2;26.11.1968;2;0
SULVER;2;30.9.1972;0;2
AFITEP;1;3.3.1950;0;1
ABDUSAID;1;21.8.1976;1;0
NILBURAK;1;6.5.1979;0;1
GULNARAHAN;1;7.3.1976;0;1
GULAKET;1;17.12.1968;0;1
DULISAH;1;3.6.1968;0;1
SEFAAL;1;17.11.1966;0;1
FEMINDER;1;20.2.1935;1;0
SOYKET;1;11.9.1963;0;1
NUTKULLAK;1;15.5.1975;1;0
YUSERE;1;18.8.1966;0;1
NEYTAN;1;4.1.1943;1;0
SAGSET;1;23.4.1976;1;0
ISMEYIL;1;26.12.1975;1;0
FINDAGUL;1;2.2.1975;0;1
EMINYASIN;1;24.10.1990;1;0
HIDIRIS;1;6.9.1963;1;0
TACEP;1;21.6.1983;1;0
HACIENES;1;6.8.1982;1;0
ALMURAT;1;14.3.1968;1;0
MEVUBE;1;11.5.1944;0;1
TUBACAN;2;22.4.1990;0;2
ALIEKREM;1;12.2.1947;1;0
SENENUR;1;6.12.1962;0;1
BERISAH;1;17.4.1977;0;1
SONMELER;1;6.3.1974;0;1
FEROUZAKHAN;1;26.8.1975;0;1
GUVENCI;1;6.10.1968;1;0
BESLIHAN;1;2.7.1991;0;1
DILSAHT;1;11.12.1968;0;1
ELZAR;1;2.1.1969;1;0
SIGCAN;1;12.2.1965;0;1
GULLIBAN;1;1.7.1977;0;1
SEVDINAL;1;8.4.1963;0;1
VIRDANE;1;4.12.1971;0;1
SEVDCAN;1;10.8.1989;0;1
NURSEZAR;1;5.5.1981;0;1
SAYIMBEY;1;5.12.1966;1;0
EZGIT;1;3.7.1991;1;0
YULFIYE;1;1.4.1970;0;1
FARIDAHON;1;6.10.1964;0;1
MUTEIB;1;8.9.1951;1;0
KEBUBAR;1;3.9.1962;0;1
SEYDAHMED;1;14.11.1990;1;0
SERHER;1;14.5.1939;0;1
GUNKIZ;1;27.9.1929;0;1
ELAIN;1;27.2.1992;0;1
NIDIMIYE;1;9.4.1982;0;1
ZAMIRAT;1;27.2.1944;0;1
EMRIMIYYA;1;1.11.1959;1;0
RUGAP;1;21.2.1960;0;1
HIDVAN;1;9.4.1959;1;0
NAKIHAL;1;14.3.1956;0;1
NESPIYE;1;6.1.1981;0;1
SEMSAVA;1;10.5.1964;0;1
ABATUN;1;14.10.1937;0;1
KIBARYA;2;30.1.1974;0;2
GULFIDANE;1;19.5.1943;0;1
BALBEYAZ;1;4.2.1951;0;1
YADIRE;1;28.3.1950;0;1
FAREFIR;1;6.1.1934;1;0
DICLIYE;1;2.3.1957;0;1
ZENNUAR;1;5.5.1967;0;1
M.NEVRUZ;1;27.2.1950;1;0
HEYBATE;1;19.12.1979;0;1
NABATIA;1;6.4.1972;0;1
ILSIA;1;30.4.1969;0;1
KIRMENSAH;1;16.9.1947;1;0
ANNAGOZEL;1;28.9.1971;0;1
BEKSET;1;27.2.1944;1;0
UMITVEHBI;1;15.2.1982;1;0
HUSNIJAMAL;1;14.3.1982;0;1
AGANISA;1;3.5.1930;0;1
SEHEBE;1;29.2.1950;0;1
SIRNUR;1;24.12.1985;0;1
SEMISDAN;1;16.7.1963;1;0
KIRBAY;1;1.6.1959;1;0
GIOULBIE;1;7.3.1980;0;1
VAHTISEN;1;21.10.1956;0;1
ILINAR;1;27.12.1966;0;1
SIVAKAR;1;1.3.1954;0;1
HULYAGULSUN;1;2.5.1969;0;1
GUNEVVER;2;7.4.1955;0;2
YAKUH;1;2.11.1981;1;0
TURGUTEREN;1;15.9.1977;1;0
SAHUNI;1;12.2.1971;0;1
SUMERIYA;3;21.12.1982;0;3
HAVUT;1;5.6.1963;1;0
HATIDYE;1;19.2.1977;0;1
SEVIDAL;1;8.4.1982;0;1
MUJUDIYE;1;17.9.1972;0;1
SEYDADEVRIM;1;1.3.1978;0;1
TENSILE;2;21.10.1971;0;2
GULFIRUZE;2;29.12.1969;0;2
MERUT;1;17.10.1976;1;0
HIMAZET;1;1.1.1947;0;1
ERSEHIT;1;16.1.1975;1;0
TEBERLUK;1;28.10.1961;1;0
SECAUTTIN;1;9.5.1945;1;0
MEYZIYE;2;2.4.1957;0;2
RIVAYETTIN;2;25.9.1958;2;0
DAHIRE;5;12.8.1967;0;5
GULSURAY;1;6.8.1966;0;1
AKKADUN;1;2.8.1927;0;1
CANISET;1;12.6.1963;0;1
FILIYA;1;23.3.1961;0;1
MUKDDES;1;16.2.1979;0;1
DILBARE;1;24.10.1966;0;1
APRUS;1;17.4.1930;0;1
GULALMAZ;1;13.4.1971;0;1
MEMETSADIK;2;19.6.1965;2;0
GENDIGUZEL;1;22.3.1949;0;1
NANEY;1;6.3.1979;0;1
OMRAYE;1;4.12.1964;0;1
GULERDIN;2;28.2.1955;1;1
HEDAYEDDIN;1;6.8.1967;1;0
SEVGINOR;1;26.4.1981;0;1
GILAVET;1;14.1.1941;0;1
SURAHYI;1;10.4.1964;0;1
RAILEI;1;2.3.1966;0;1
SAHZIGUL;1;27.2.1974;0;1
OLUDAG;1;23.10.1949;1;0
SANIM;1;11.11.1981;0;1
RAFIY;1;16.7.1964;0;1
LILSUN;1;11.6.1982;0;1
ISEBALI;1;27.2.1950;1;0
GUZELSAH;1;7.4.1991;1;0
SEVIMCE;1;17.3.1969;0;1
AYNURHANIM;1;3.4.1957;0;1
NEVSIYAN;1;4.1.1972;0;1
NURABAT;2;30.11.1959;0;2
HEBAETTIN;1;25.4.1943;1;0
LIMINUR;1;2.2.1975;0;1
TELIH;1;21.3.1975;1;0
MUSDABA;2;30.10.1974;2;0
BELVIYE;1;2.7.1969;0;1
EBAYEDDIN;1;21.4.1966;1;0
TEHLAT;2;17.8.1965;2;0
SEMISTEN;1;25.7.1955;1;0
NAZAAN;1;12.6.1965;0;1
SAILAN;4;21.11.1981;1;3
ELETIN;1;21.11.1965;1;0
NEMLIYE;1;28.2.1968;0;1
SAMISTEN;1;11.12.1961;1;0
SADIVE;1;7.5.1964;0;1
TASMIATI;1;27.8.1956;0;1
KIRAZEN;1;21.12.1974;0;1
RESPIYE;1;9.6.1952;0;1
MOHUMER;1;22.2.1967;1;0
MAYINAZ;1;18.6.1959;0;1
ILKAZI;1;2.6.1957;1;0
SABENDIN;1;29.12.1966;1;0
NIYMER;1;27.2.1962;0;1
LAVDA;1;2.2.1975;0;1
UGRAK;2;5.8.1979;2;0
KAHVE;1;7.2.1982;0;1
HAMZIFE;1;12.4.1933;0;1
DILMURAD;1;29.2.1965;1;0
ERCANAL;1;16.6.1965;1;0
MUHAZAZ;2;19.1.1961;0;2
DULLER;1;27.2.1974;0;1
NUSFANE;1;17.2.1966;0;1
BEKSER;2;17.4.1962;2;0
METOHAN;1;26.10.1990;1;0
LIVAHIL;1;6.2.1961;1;0
AGMETTIN;1;10.4.1954;1;0
HURINCI;1;20.6.1963;0;1
SEBILET;1;26.1.1975;0;1
FIKRETULLAH;1;2.2.1975;1;0
NUREDIYE;1;17.12.1973;0;1
EMSEYE;1;17.5.1966;0;1
FENAYIL;1;26.3.1967;1;0
PULLUR;1;12.2.1965;0;1
HUMELYA;2;26.5.1978;0;2
MUGADDEN;1;2.4.1963;0;1
HUSANK;1;11.5.1991;1;0
BESANK;1;21.3.1989;1;0
MERVERT;1;15.12.1978;0;1
USKUM;1;12.2.1959;1;0
ETVAIL;1;6.6.1981;1;0
ABDULSEZAR;1;13.3.1989;1;0
GURHANGUR;1;18.5.1972;1;0
DOSTU;2;16.12.1935;2;0
FATIHSAH;1;29.9.1982;1;0
DERKANT;1;1.9.1973;1;0
REKAVET;1;7.2.1965;0;1
IFDINUR;1;22.2.1951;0;1
MUSURYA;2;19.8.1961;0;2
GULGOKCEK;1;29.7.1956;0;1
VECIHER;1;24.2.1943;0;1
SABEGI;1;7.2.1976;0;1
GUMNAZ;1;17.2.1990;0;1
KISBES;1;11.5.1958;0;1
ABAYDIN;1;24.10.1969;1;0
NIFRETTIN;1;23.3.1973;1;0
CRESILDA;1;25.12.1965;0;1
CANNEN;1;29.10.1967;0;1
MIEYYAM;1;4.2.1969;0;1
EMMIGUL;3;10.5.1953;0;3
AYHADDIN;1;22.2.1973;1;0
GULZAM;2;9.12.1945;0;2
EMSALPASA;1;6.2.1947;0;1
NEBUT;1;6.4.1957;0;1
EVINDER;1;15.9.1988;1;0
YORDEL;1;12.2.1983;1;0
SUFHETTIN;1;12.2.1941;1;0
SELIRAZ;1;16.11.1972;0;1
ABDISEMET;1;7.1.1962;1;0
NUHSAT;1;14.3.1947;0;1
ILENAY;2;13.1.1991;0;2
TAFTIK;1;12.2.1965;1;0
NUCA;1;7.2.1988;0;1
NUFRETTIN;2;4.1.1968;2;0
ZEYNELABIDI;1;9.7.1945;1;0
MURVELET;1;2.3.1951;1;0
GULECEM;1;27.5.1987;0;1
ILBIYA;1;26.4.1977;0;1
EHDIBAR;1;1.5.1943;0;1
ZULHIMA;1;2.2.1963;0;1
TUBAS;1;6.2.1966;1;0
RESNIYE;1;22.6.1975;0;1
MAHMUP;1;29.5.1957;0;1
HUNBUL;1;8.6.1934;0;1
ESMERIM;1;22.10.1976;0;1
NERMIR;2;16.11.1962;1;1
ABUHAN;1;30.4.1980;0;1
NUZIKER;1;11.7.1958;0;1
SAFAGAT;1;21.1.1981;0;1
NEJVEDDIN;1;21.5.1975;1;0
MEJLUM;1;16.3.1973;1;0
ERHAY;1;6.3.1985;1;0
MUDVER;1;22.2.1955;0;1
MELEKSINA;5;15.2.1961;0;5
GANUN;1;2.2.1975;1;0
SALMEDIN;1;12.8.1957;1;0
HULSINE;1;21.5.1988;0;1
EBUYUSUF;2;19.4.1978;2;0
ZEYNALAVDI;1;11.5.1979;1;0
PERIHAM;1;18.3.1972;0;1
ZEYNALABDI;2;14.7.1964;2;0
FAZILAY;1;17.2.1972;0;1
PUKAY;1;13.12.1965;1;0
BINEFES;1;9.2.1946;0;1
GULFAYAT;1;4.9.1950;0;1
NAYIMI;1;22.1.1955;1;0
ISAKNUR;1;10.4.1981;1;0
VEFIRA;1;7.2.1958;0;1
YESMAN;1;12.7.1947;0;1
ISMETULAH;1;6.5.1969;1;0
NAMETULAH;1;1.7.1962;1;0
NILESER;1;18.3.1967;0;1
LEDIMHAN;2;17.5.1966;0;2
DOSDER;1;26.11.1987;1;0
ANTAC;2;12.10.1954;0;2
GULHANDAR;1;18.1.1984;0;1
USLA;2;14.1.1982;0;2
ZIDIN;1;12.8.1935;1;0
MAMINET;1;1.7.1960;0;1
EDILLA;1;16.6.1979;0;1
CIHANSADE;1;21.5.1975;0;1
FIKRINISAN;1;7.2.1976;0;1
TANGUDER;1;7.5.1976;1;0
PAKSEVER;1;6.3.1955;0;1
FETEHE;1;19.2.1954;0;1
SUTTIM;1;17.2.1960;1;0
SAHMIZER;1;7.3.1972;0;1
ENNAN;3;2.8.1954;2;1
DESBINAR;1;27.5.1957;0;1
HOBET;1;22.2.1973;0;1
OSANDI;1;27.3.1962;0;1
NISFETTIN;1;19.3.1963;1;0
MOHUNER;1;24.7.1966;0;1
MAQVALA;2;9.6.1958;0;2
HAYTO;2;11.5.1970;2;0
DUNUZAR;1;1.1.1971;0;1
TURCANAY;1;18.11.1965;0;1
MUHTADIR;2;2.4.1982;2;0
MERIYMAN;1;3.10.1975;0;1
TULHER;1;28.7.1948;1;0
TOZE;1;1.3.1941;0;1
BEYSABA;1;12.12.1968;0;1
MUNUMSE;1;27.2.1974;0;1
MULUM;1;17.2.1960;1;0
REYCA;1;18.1.1954;0;1
NORAYET;1;24.4.1948;0;1
TURKUSAN;1;25.3.1975;0;1
NAMGER;1;21.2.1959;0;1
TUNCILE;1;22.3.1967;0;1
TAYYID;1;24.10.1987;1;0
SEHAD;1;6.5.1944;0;1
EFLADUN;1;17.6.1965;1;0
MEFUYE;1;29.2.1956;0;1
SAHORA;1;16.7.1951;0;1
GULMAHPEYKER;1;30.3.1974;0;1
MUFTUNE;1;22.12.1967;0;1
HAYREYI;1;6.11.1968;0;1
DILVIRAZ;1;11.8.1957;0;1
DILAHANIM;1;9.5.1990;0;1
NEJENGUL;1;2.3.1975;0;1
HURISERIF;20;15.7.1954;0;20
NEZEKER;1;7.2.1970;0;1
HAVDAN;1;2.6.1927;0;1
TECVIDE;1;13.2.1971;0;1
ALPOLMEZ;1;3.4.1944;1;0
MURATOGLU;2;26.7.1983;2;0
ONURSELCUK;1;15.5.1989;1;0
ULTAC;1;2.7.1975;0;1
PERAYIN;1;29.12.1939;0;1
HANGULSAN;1;1.2.1942;0;1
AGAKAN;2;2.7.1979;2;0
ZUKABIYE;1;5.6.1957;0;1
MUMDAZIYE;1;22.2.1955;0;1
AYSILHAN;1;15.12.1970;0;1
ATSUN;1;15.8.1968;0;1
FATMAKEN;1;8.12.1983;0;1
MUSAKELAMULLAH;1;12.4.1972;1;0
ILLIR;1;7.10.1976;1;0
BARCINAY;1;27.6.1976;0;1
SISELI;1;12.2.1945;0;1
MERIZE;2;19.7.1939;0;2
ZOHRO;1;22.1.1949;0;1
SEMIREGUL;1;16.1.1971;0;1
NAHARE;1;1.4.1980;0;1
ESMERET;1;5.1.1975;0;1
FILLIT;1;16.4.1988;1;0
TASTEKIN;1;18.7.1948;1;0
KIZGUZELI;1;26.12.1954;0;1
CEVRO;1;12.2.1977;0;1
MOHUBBU;1;5.1.1947;1;0
MINTENE;1;11.9.1938;0;1
GULEBAKIN;1;17.2.1930;0;1
AGARIZA;1;2.4.1945;1;0
HIDDAT;1;17.2.1960;1;0
DILEFURUZ;3;18.6.1968;0;3
GULSOSOY;1;23.3.1967;0;1
MUHLUBAR;6;15.4.1968;0;6
DAGARKAN;1;18.2.1992;1;0
DEVHER;1;12.11.1969;0;1
ILTEGUL;1;12.3.1971;0;1
ZERINC;1;16.6.1963;0;1
SEDELET;1;27.6.1962;0;1
ASELAT;1;17.6.1980;0;1
FARYA;1;16.4.1968;0;1
EFNIYE;1;21.3.1944;0;1
OSMANELI;1;22.3.1974;1;0
VEZIL;1;3.6.1963;1;0
YASAMA;1;22.2.1943;0;1
HURUSNAR;1;27.2.1956;0;1
HANDUNE;1;18.2.1934;0;1
TALEHI;1;25.3.1973;0;1
GAFIKE;1;25.1.1965;0;1
CESMINESE;1;22.5.1961;0;1
NEMINUR;2;1.9.1959;0;2
AYATHULLAH;1;11.3.1981;1;0
ELIYYE;1;27.2.1956;0;1
NEZMIE;1;11.12.1947;0;1
KOSKEN;1;2.2.1963;0;1
HELAKU;1;20.10.1961;1;0
BEREKETTIN;1;1.3.1969;1;0
GUERCAN;1;25.11.1964;1;0
FEKIM;1;12.2.1965;1;0
MUBERYEN;1;21.4.1976;0;1
BELAL;2;12.7.1971;1;1
EYBUL;1;16.5.1989;1;0
LEVYUZE;1;26.9.1983;0;1
BERUZA;1;7.3.1946;0;1
BIRDETTIN;1;7.12.1948;1;0
IFFAKET;1;6.10.1948;0;1
MIRHANI;1;29.2.1974;1;0
ENISKAAN;1;6.10.1991;1;0
YAZIK;1;10.4.1939;0;1
NAKIGAN;1;30.3.1966;0;1
HUMAFER;1;18.6.1938;0;1
HURLEN;1;4.3.1982;1;0
AKGUNBARIS;1;30.2.1976;1;0
AYSELALE;1;30.12.1952;0;1
EMINESERIF;3;13.5.1941;0;3
IMZULE;1;29.10.1960;0;1
MERYEMSEDA;1;24.5.1989;0;1
SUZAETTIN;1;1.3.1965;1;0
NAZCEYLAN;1;10.4.1992;0;1
ISKUZAR;1;2.7.1951;0;1
OKSIN;1;14.11.1969;0;1
SUANDE;1;12.2.1977;0;1
INCILEMUR;1;17.2.1966;0;1
OZAKIN;1;26.6.1984;1;0
TABETTIN;2;21.9.1954;2;0
SAMENEZ;1;19.8.1954;0;1
MORKURT;1;17.7.1971;1;0
SADICAN;1;26.5.1960;1;0
FIRNET;2;23.12.1955;0;2
ERHAMIN;1;18.8.1961;1;0
ILEL;1;10.9.1988;0;1
SUMIZAR;2;14.9.1949;0;2
GOKHANILBEY;1;19.10.1985;1;0
ALASER;1;18.7.1981;1;0
EZINUR;1;30.10.1984;0;1
DINIISLAM;1;27.8.1914;1;0
GOGDAL;1;12.8.1970;1;0
SIYRZAT;1;25.9.1970;1;0
SERPKAYA;1;12.5.1977;1;0
TANYOR;1;13.9.1960;1;0
FERCIM;1;6.10.1947;0;1
YUHNANUR;1;21.3.1938;0;1
ETEMRUHI;1;7.7.1952;1;0
MUVEDIN;1;25.5.1967;1;0
UKGE;1;23.11.1976;0;1
NEVHIT;1;1.11.1954;1;0
MUSAYIBIN;1;11.8.1984;1;0
ILMUR;1;24.1.1943;0;1
BAHSA;1;6.12.1980;0;1
RUZICE;1;8.4.1960;0;1
ZEYLANIABIDIN;1;7.1.1958;1;0
MUKETTER;1;7.1.1958;1;0
RIFAIYE;1;24.4.1943;0;1
SECAVET;3;15.2.1965;3;0
HAYHRIYE;1;22.2.1991;0;1
EMINESERIFE;1;23.9.1991;0;1
NIYASEP;1;16.4.1976;0;1
AFEDE;1;8.4.1959;0;1
TULIYET;2;1.12.1978;0;2
MURALETTIN;1;13.6.1953;1;0
MUCEBBIYE;1;12.2.1941;0;1
BEDRIZEMAN;1;17.5.1933;0;1
MAGFILE;1;17.7.1966;0;1
RESSAI;1;12.2.1965;1;0
ERFINAZ;1;7.2.1982;0;1
FENZAK;1;7.6.1975;0;1
GUVERTAC;1;1.4.1950;0;1
RABISA;3;29.4.1964;0;3
FEYRIAT;1;16.5.1955;0;1
ZEYITHAN;1;2.5.1934;1;0
VEYSET;2;2.9.1958;1;1
MUKAEDDES;1;26.10.1989;0;1
NURSAFIYE;2;13.2.1981;0;2
MUKIZAT;1;14.5.1965;1;0
NACAROGLU;1;19.7.1966;1;0
SAYISEM;1;11.2.1940;0;1
ZENGIZ;1;6.6.1974;1;0
SEFILAT;1;12.2.1971;0;1
TAJDINMULUK;1;11.1.1989;1;0
KEKES;1;8.3.1976;1;0
DELALIYE;1;6.7.1973;0;1
NISBICIHAN;1;12.10.1968;0;1
MAUSE;1;30.2.1958;0;1
GATUN;4;25.3.1950;0;4
MEHMETHABIB;1;13.3.1965;1;0
KADIFEGUL;1;22.6.1985;0;1
MERUDE;1;3.4.1975;0;1
MEMETVESIM;1;21.12.1978;1;0
GEFEZ;1;27.4.1950;0;1
FEZAZI;1;2.2.1957;0;1
KANBAS;1;7.3.1932;0;1
NAHMIDAR;1;24.3.1974;0;1
MEHMETCUNEYT;1;26.11.1972;1;0
TAVRIS;1;29.6.1955;0;1
NESRULAH;1;12.2.1947;1;0
ABUSAYAT;1;12.8.1941;0;1
IZDIVET;1;15.8.1967;0;1
KINYAAT;1;25.6.1969;0;1
EBURAFI;1;21.6.1988;1;0
SUREYYI;1;11.10.1969;0;1
RASBIN;1;7.2.1964;0;1
AYITTEN;1;30.7.1978;0;1
EBUGULSEN;1;24.3.1990;0;1
MUTEKER;1;29.2.1965;0;1
POTKAL;1;2.5.1975;0;1
RENGIBAR;1;10.7.1972;0;1
TIRKEN;2;7.7.1961;0;2
REMAZEN;1;18.4.1970;1;0
MULSAN;1;29.5.1973;0;1
MISLIMA;3;4.9.1970;0;3
SIDET;3;8.5.1986;0;3
SERABAN;1;7.4.1931;0;1
KAABIL;1;14.6.1961;1;0
NIHABER;1;27.11.1943;0;1
HERDIMCAN;2;6.8.1957;0;2
TASBIR;6;6.8.1945;0;6
HURISERIFE;3;6.10.1946;0;3
NAMIYAVER;1;9.3.1953;1;0
FEME;1;12.2.1951;0;1
KALEMNAZ;1;29.8.1950;0;1
NARUNC;1;27.2.1956;0;1
ZULFIYAT;1;17.3.1966;0;1
SELFIRE;1;26.3.1953;0;1
SUBABIYE;1;21.1.1947;0;1
ZINNIYET;1;10.7.1944;0;1
LIVATTIN;1;4.11.1954;1;0
EFRAIME;3;18.6.1946;0;3
MUNIVE;1;30.3.1946;0;1
ELFIDAT;1;2.3.1956;0;1
RUHEYLE;1;28.7.1967;0;1
MAALEDDIN;1;6.11.1962;1;0
AHINAY;1;12.8.1983;0;1
NUZBEK;1;7.3.1981;1;0
BUNYADIN;1;26.5.1965;1;0
GULBEAZ;1;3.7.1975;0;1
RUNAL;1;15.12.1979;1;0
NEPE;1;20.3.1950;0;1
TANHAKAN;1;18.1.1972;1;0
SULEYHIBE;1;18.4.1954;0;1
GULBEYA;1;24.7.1953;0;1
NURULHUNDA;1;11.12.1988;0;1
SENARIN;1;28.8.1989;0;1
GYULSEREN;1;12.6.1985;0;1
YURDINAZ;1;12.5.1971;0;1
UMMUGUMSUN;1;29.7.1990;0;1
TUMURUZ;1;30.4.1966;0;1
SERFIZADE;1;16.6.1982;0;1
LUSKAN;1;29.8.1986;1;0
MEVLUNAS;1;15.5.1956;0;1
ABDISUPHAN;1;12.3.1977;1;0
GYUSYUM;1;25.8.1980;0;1
BERAYDIN;1;22.9.1971;1;0
HASIMHIKMET;1;1.4.1962;1;0
GYULBAHAR;2;26.6.1973;0;2
TEKINEL;2;12.8.1979;2;0
GULSIE;1;9.10.1973;0;1
RIHARE;1;27.10.1957;0;1
FERUSEL;1;21.8.1941;0;1
MEJDAT;1;10.6.1965;1;0
ANTINAZ;1;1.1.1972;0;1
SEMADANIYE;1;22.5.1961;0;1
ERMEDIN;1;19.11.1974;1;0
FEZAGUL;1;7.2.1976;0;1
GUNSELIYE;2;25.4.1954;0;2
GUZEYLEN;1;26.6.1987;0;1
UMNU;1;2.11.1963;0;1
SOSAM;1;7.2.1964;0;1
SAHITBEK;1;29.8.1963;1;0
YALAV;1;28.6.1967;1;0
ABDULGALI;2;13.1.1969;2;0
CEMASET;2;3.11.1956;2;0
MESAIK;1;14.7.1959;1;0
ERDOGRUL;2;13.2.1944;2;0
METHIBE;1;11.5.1956;0;1
TEHVINAZ;1;12.12.1966;0;1
LAVADIYE;1;1.12.1983;0;1
IBRIYAMIN;1;12.2.1965;1;0
TAHMIRAN;1;3.1.1962;1;0
LIYOZE;2;5.6.1956;0;2
KIMER;1;27.9.1960;0;1
AHRI;1;22.6.1967;1;0
DURSENEM;1;1.4.1966;0;1
MARIYEN;1;11.9.1963;0;1
PECEOGLU;1;13.7.1964;1;0
NURDIE;1;9.3.1991;0;1
BUNYAMAN;1;20.2.1967;1;0
TORUNSAH;1;13.2.1963;1;0
TESVIR;9;14.6.1961;1;8
BEBERHAN;1;28.4.1956;0;1
UMAL;1;8.4.1964;1;0
MAALETTIN;1;7.5.1944;1;0
SUBRAY;1;2.11.1987;0;1
GULGIYA;1;13.12.1968;0;1
MUKAYYID;1;21.3.1986;0;1
NEBAHTIYE;1;21.1.1969;0;1
HEMAY;1;23.3.1961;0;1
SOHOBET;2;7.7.1952;0;2
ZULBEYEN;1;6.6.1961;0;1
HEVHANIM;1;12.2.1959;0;1
TACETTTIN;2;10.7.1975;2;0
EZENET;1;17.12.1972;0;1
RUCABIYE;1;30.12.1976;0;1
NEFHEDDIN;1;6.3.1957;1;0
ETNI;1;21.7.1944;0;1
ALAYTIN;2;17.1.1963;2;0
SUATMURAT;1;8.2.1974;1;0
ZULEHIA;1;22.2.1973;0;1
NERDET;1;11.5.1950;0;1
SEMSUBAY;1;26.3.1981;0;1
MULUSKA;1;5.12.1955;0;1
ELAYGUL;1;26.8.1984;0;1
TOREGUL;1;22.4.1967;0;1
sEYDA;1;27.2.1986;0;1
OGUZBEYI;1;28.12.1958;1;0
HADZHER;1;1.6.1983;0;1
ONYAY;1;21.3.1966;1;0
TUTYEHANIM;1;2.8.1927;0;1
SAHNINAZ;1;3.6.1938;0;1
CEBRES;1;17.8.1954;1;0
TASTANE;1;21.1.1990;0;1
ATAKURT;1;1.3.1986;1;0
CEMADIYE;1;2.6.1978;0;1
EZMUDE;2;28.1.1968;0;2
ZENULLAH;2;15.10.1955;2;0
KALINKA;1;6.5.1980;0;1
MELKIDE;1;8.1.1960;0;1
NADIAD;1;9.9.1971;0;1
BALUCIHAN;1;12.6.1966;0;1
HUYREGUL;1;7.10.1958;0;1
HASANBEKIR;1;15.3.1956;1;0
NEVSAIM;1;29.5.1957;0;1
BEHNURIYE;1;28.7.1970;0;1
RUHRIGUL;1;24.4.1966;0;1
AFAYET;1;1.8.1972;0;1
MEHDAT;1;16.5.1977;0;1
NAMISAR;1;17.2.1972;0;1
NELIDA;1;13.10.1980;0;1
HUDAZIYE;1;2.2.1981;0;1
NUTEN;1;26.6.1944;0;1
ESIMER;1;26.7.1966;0;1
REPIZE;1;6.4.1954;0;1
GURSEVIM;2;1.4.1973;0;2
HALIC;1;5.11.1974;1;0
PEYHANE;1;10.7.1961;0;1
MENDOHE;1;9.5.1958;0;1
VURGAN;1;4.5.1989;1;0
EGBELEK;1;2.2.1951;0;1
ECIME;1;4.4.1964;0;1
MELAK;1;15.11.1977;0;1
ZERNIS;1;22.1.1985;0;1
MANICI;1;23.4.1940;0;1
BEHLIKAR;1;20.10.1955;0;1
YURDALAY;1;3.2.1966;1;0
CUFERIYA;1;23.3.1953;0;1
MUSAMRIYE;1;22.6.1968;0;1
ERDANIE;1;21.5.1975;0;1
SAKNE;1;3.3.1974;0;1
ALDON;1;7.2.1952;1;0
SEHRIDE;1;14.4.1981;0;1
KALEMKER;1;8.5.1964;0;1
ABDULMUTTABIB;1;7.4.1982;1;0
ALIERSOY;1;10.12.1986;1;0
ERALAN;1;2.2.1975;1;0
GULGUVEZ;1;10.7.1978;0;1
DAGINAN;1;11.12.1961;1;0
NEZEHER;5;8.9.1966;0;5
APTILLAZIZ;1;29.12.1988;1;0
VAYSE;1;24.11.1966;0;1
NERRI;1;11.5.1978;1;0
KEMEN;1;2.1.1975;1;0
FIDARET;1;7.6.1949;0;1
SEMMUS;2;16.2.1977;2;0
MUSALLIHA;1;7.9.1977;0;1
MAHMUTKEMAL;1;1.4.1977;1;0
ZABIK;1;12.4.1953;0;1
HUBURNAZ;1;27.8.1937;0;1
FUIZA;1;7.8.1976;0;1
NICEVET;1;5.4.1964;0;1
FULETE;1;2.2.1975;0;1
MOUNIA;1;7.8.1976;0;1
BELINGUL;1;7.2.1964;0;1
ZEHEDIN;1;13.8.1981;1;0
RUVAYAT;1;10.2.1957;0;1
HUMYAN;1;8.6.1940;0;1
PUMPUS;1;3.3.1961;0;1
HUSIBEY;1;2.12.1957;1;0
MACIP;2;20.7.1979;2;0
SENMUNE;1;7.3.1970;0;1
DEREGULU;1;1.9.1967;0;1
SENAAY;1;11.1.1953;0;1
FIYESE;1;12.4.1953;0;1
HURRIDDIN;1;22.5.1973;1;0
SIMTAY;1;1.9.1989;0;1
NISIFET;1;11.2.1980;0;1
DULFER;1;22.10.1966;0;1
ABDULYADIGAR;1;24.2.1944;1;0
KIBARGUZEL;1;22.10.1961;0;1
ALIIKBEL;1;2.12.1990;1;0
HACZULLAH;1;28.9.1988;1;0
HISNIDI;1;16.9.1956;1;0
RACIME;2;21.10.1950;0;2
GAVSETTIN;1;23.3.1961;1;0
MAHLULE;1;2.2.1945;0;1
UFDADIYE;1;1.4.1937;0;1
DEYDIYAR;1;7.2.1976;1;0
FINAS;1;22.3.1972;0;1
MUZENNI;1;6.7.1956;1;0
EVKER;1;21.10.1946;1;0
GULLABAT;1;12.5.1959;0;1
GURSUNA;1;7.7.1976;0;1
HUMEHANIM;1;21.9.1971;0;1
SAYNEBI;3;3.7.1963;0;3
ERBINAY;1;22.2.1967;1;0
REBUL;1;4.11.1979;1;0
DIDEMN;1;26.6.1990;0;1
KAREBE;1;22.6.1966;1;0
MAZALE;1;1.6.1966;0;1
AGDUZ;1;3.5.1957;0;1
ABESE;1;7.2.1964;0;1
SOGRET;1;22.2.1961;0;1
GULDALLI;3;13.5.1946;0;3
ZELFIZE;1;27.8.1956;0;1
YASAHUTTIN;1;7.2.1970;1;0
ALTANTURK;1;6.4.1963;1;0
LEZNAME;1;12.2.1989;0;1
BADAM;2;11.11.1965;0;2
SAMAZAT;1;1.11.1956;0;1
HUMESSE;1;7.3.1957;0;1
BEYHANGUL;3;10.8.1962;0;3
ZUBEZIR;1;8.6.1964;1;0
SEHREBANU;1;14.6.1976;0;1
GULTEHAN;1;3.2.1959;0;1
GULMIFER;1;7.8.1946;0;1
BEYTEMIR;1;17.4.1954;1;0
RESMINET;1;30.6.1966;0;1
ATIHA;1;17.5.1948;0;1
NUNUC;1;28.5.1956;0;1
ATIKALI;1;17.2.1972;1;0
SURDUZ;1;24.11.1986;0;1
NURUVENT;1;17.11.1977;0;1
ONCUER;1;22.5.1943;1;0
ERTANER;1;19.8.1978;1;0
IFTIHAN;1;2.3.1970;0;1
MALIKIECDAR;1;16.2.1963;1;0
ELBAA;1;17.1.1978;0;1
FERIDCAN;1;29.3.1981;1;0
ARMUZHAN;1;17.4.1959;0;1
MAHKUN;1;27.2.1974;0;1
LILYAR;1;18.1.1964;0;1
UMMILEYLA;1;3.3.1956;0;1
NUKSEL;1;24.2.1944;0;1
BORUZEN;1;30.12.1929;0;1
ZULFISIDAN;1;7.3.1952;0;1
FEYRAMUZ;1;1.12.1961;1;0
GURKOC;1;27.6.1961;1;0
MUSTAFAA;1;4.12.1985;1;0
SEFTAF;1;12.6.1977;0;1
MUNUT;1;3.6.1973;1;0
SITIGKA;1;29.8.1957;0;1
SETENAYDILEK;1;25.7.1985;0;1
MUNIRESECIL;1;2.2.1975;0;1
BEKIBEY;1;20.8.1973;1;0
H.HAKKI;1;12.1.1961;1;0
EGAL;1;11.5.1981;1;0
NECAKET;1;13.4.1963;0;1
IRAHIM;2;24.3.1987;2;0
BILENTURK;2;20.5.1967;2;0
SEFILYA;1;21.10.1983;0;1
KELDIKAN;1;2.8.1921;0;1
ALVENGUL;1;26.2.1951;0;1
SAMURAT;1;28.12.1944;1;0
HAVFE;1;24.11.1930;0;1
SERGUVEN;2;2.3.1963;2;0
AYNIGAR;1;3.12.1927;0;1
KAMSE;1;23.7.1971;0;1
ISKENTER;1;22.6.1988;1;0
HURENAZ;2;21.9.1948;0;2
GUKMEN;1;26.9.1982;1;0
MELGUL;1;22.2.1973;0;1
SAHIRA;2;25.8.1963;0;2
SACIMENT;1;8.11.1940;0;1
SELFIKAN;1;6.2.1951;0;1
GOZYASI;1;20.2.1988;0;1
VEZZAHAT;1;28.5.1974;0;1
NERIMANGUL;1;4.5.1984;0;1
SURHADDIN;1;2.3.1948;1;0
URKUSANA;1;6.10.1977;0;1
UFKIYE;2;27.7.1961;0;2
ELIFEBE;1;29.6.1987;0;1
MALIKAR;1;20.9.1938;0;1
AYOZLEM;1;3.10.1975;0;1
SAMERAN;1;11.2.1957;0;1
BESNAMI;3;5.7.1979;3;0
KOKNIL;1;26.4.1981;0;1
NESLIFUL;1;12.12.1987;0;1
SABAHAD;1;22.2.1987;0;1
DUDUNAME;1;1.6.1972;0;1
IKRAHIM;1;3.10.1949;1;0
NURINSEL;1;21.2.1971;0;1
KOLAT;1;21.4.1948;1;0
GAYENAZ;1;13.11.1972;0;1
M.SEBIH;1;22.2.1967;1;0
HALLENUR;1;5.10.1979;0;1
HATICEHAN;1;8.11.1982;0;1
GURDAHAN;1;22.12.1980;0;1
FIZENCE;1;13.2.1947;0;1
KEVSAN;1;16.5.1968;0;1
BEHATDIN;1;1.6.1966;1;0
RAMANI;1;11.3.1965;1;0
SEBRAIM;1;7.10.1976;1;0
ZIYNITE;1;27.8.1974;0;1
MAYMENET;1;17.2.1954;0;1
BEYKAT;2;28.8.1953;2;0
ENVERALI;2;27.9.1961;2;0
KAZIFET;1;12.3.1964;0;1
HUKUKA;1;22.2.1973;0;1
LORVAN;1;26.10.1990;1;0
YURIDISEL;1;19.4.1973;0;1
HAZMULLAH;1;2.7.1981;1;0
BAHSISE;1;14.10.1935;0;1
NERAYGUL;1;5.8.1973;0;1
BOY;1;8.3.1962;1;0
MORSUMBUL;1;2.5.1975;0;1
IHNETTIN;1;12.2.1953;1;0
CESEREDDIN;1;24.1.1966;1;0
BIMBEK;1;13.3.1963;1;0
ERSULAN;1;16.9.1967;1;0
MOYLUK;1;6.3.1941;0;1
KEBAL;1;21.2.1986;1;0
KACTEGUZEL;1;3.6.1938;0;1
PASSAR;1;17.5.1942;0;1
ERGUDAL;1;11.9.1974;1;0
KIYASETTTIN;1;6.7.1980;1;0
NARINAZ;1;22.2.1961;0;1
MIRLIHAN;1;27.7.1950;0;1
PIKA;1;26.7.1967;0;1
FIYAMEDIN;1;12.2.1971;1;0
MIHAMMET;1;18.11.1959;1;0
SINEMEDDIN;1;6.5.1972;1;0
SAVKINAZ;1;20.8.1954;0;1
NIYASIYE;2;26.1.1962;0;2
MELMETTIN;1;21.9.1938;1;0
ZIOULEYHA;1;12.8.1978;0;1
GARTO;1;1.1.1;0;1
ABDULVAKIF;1;15.6.1953;1;0
KAMAT;1;18.8.1965;1;0
CANGUDER;1;11.7.1981;1;0
HAYRENSEH;1;23.3.1935;0;1
MINIYA;1;21.10.1957;0;1
TUYCIN;1;7.11.1982;1;0
AYGUZER;1;21.2.1982;0;1
MAFILYA;1;17.2.1966;0;1
ABDUNNAFI;3;10.1.1963;3;0
GULUGUL;1;2.4.1981;0;1
IKRAMNUR;1;1.11.1983;0;1
KENANDER;1;27.6.1980;1;0
SEZERKAN;1;22.3.1967;1;0
HAYATTAGUL;1;2.2.1957;0;1
IZMADIYE;1;29.3.1962;0;1
TALAHAN;1;23.6.1967;0;1
GULSINAS;1;8.2.1958;0;1
NESCIDE;1;25.11.1955;0;1
YALCINDUNDAR;1;10.9.1972;1;0
YASSER;1;21.11.1978;1;0
UGDAN;1;19.3.1966;1;0
MESHUN;2;6.7.1971;2;0
ENDARCAN;1;2.2.1969;1;0
YAZLIYE;1;26.7.1965;0;1
MURTAZADIL;1;9.2.1969;1;0
ZULEYHAARZU;1;21.5.1973;0;1
BILGINGUL;1;17.2.1972;0;1
EFAYNER;1;19.8.1972;1;0
ORKUNAY;3;16.6.1976;3;0
MEJDIE;1;29.5.1971;0;1
MARHARYTA;1;26.1.1974;0;1
GOUIMIRA;1;28.4.1970;0;1
ECVAN;1;22.11.1988;0;1
TAYFIM;1;21.1.1963;1;0
ANATOLI;1;28.10.1950;1;0
ROOADA;1;28.1.1977;0;1
BESTANBEY;1;13.1.1983;1;0
SEYITANMET;1;8.7.1940;1;0
SAHMETDIN;2;12.9.1966;2;0
MAHIRUZ;1;6.11.1944;0;1
MARITTA;1;22.2.1942;0;1
UNSELALP;1;2.8.1966;1;0
ZAHINUR;2;29.5.1963;0;2
ALFEL;1;29.10.1965;0;1
OZGUNEY;1;29.4.1937;1;0
FEHRIHA;1;23.4.1963;0;1
SEKET;1;12.3.1959;1;0
RITKI;1;19.10.1949;1;0
RIFIK;1;14.8.1977;1;0
MAGFIL;1;27.2.1950;1;0
SARHUN;2;10.1.1982;2;0
MEPUP;1;19.3.1954;0;1
NESLHAN;1;21.1.1985;0;1
APTISSELAM;1;1.7.1955;1;0
OMMEYRA;1;24.1.1978;0;1
MUSDEYDE;1;9.5.1971;0;1
SEMDIYE;1;10.1.1969;0;1
NABIDEGER;1;8.7.1967;1;0
GULITAR;1;4.6.1945;0;1
NESLIBAY;1;12.8.1971;0;1
SABURLA;1;22.9.1985;1;0
ANILKAGAN;1;27.10.1990;1;0
OZMIR;2;24.1.1966;2;0
MULKENT;1;13.4.1969;0;1
BURIC;1;20.4.1977;1;0
MUBRA;1;3.7.1945;0;1
CANDUA;1;1.2.1952;1;0
PAKSEL;1;3.2.1981;0;1
BIGMAN;1;2.5.1987;1;0
MISLISEZA;1;15.9.1957;0;1
GUMBUZ;1;7.12.1940;1;0
KABIDE;1;27.6.1974;0;1
SIMPEL;1;7.8.1982;0;1
AFIDAR;1;17.3.1973;0;1
SECDAT;1;17.8.1966;1;0
ELFIYAN;1;1.12.1960;0;1
ERCEGUN;1;16.7.1990;1;0
BELINUR;1;30.12.1990;0;1
DILCHAD;1;29.7.1973;0;1
FECAIL;1;8.1.1967;1;0
HUSSAMEDDIN;2;9.5.1947;2;0
GUMADIYE;1;16.9.1976;0;1
BUSENA;2;26.5.1989;0;2
HACILAVER;1;26.11.1948;1;0
BUGRAKAAN;1;22.12.1991;1;0
YAGNAN;1;17.8.1978;0;1
FEDAIN;1;7.8.1934;1;0
BERSIE;1;16.2.1973;0;1
MINRAN;1;29.3.1986;1;0
DEMRUDE;1;27.8.1950;0;1
SADUFER;1;9.3.1948;0;1
IMANULLAH;1;13.8.1973;1;0
LEVZANE;1;17.8.1954;0;1
MUHRUYE;2;8.12.1984;0;2
ILCAETTIN;1;14.5.1958;1;0
SEYDAI;1;11.9.1957;1;0
ERDOGAR;1;28.5.1938;1;0
HACERMERAL;1;15.1.1943;0;1
ERALDA;1;13.6.1982;0;1
DEMOKAAN;1;21.8.1982;1;0
BEHMA;1;7.11.1961;0;1
TILHAN;1;28.8.1940;1;0
FEYZIFE;2;26.2.1930;0;2
GIFAYET;1;22.4.1961;0;1
NAZMA;1;2.5.1972;0;1
NORANI;1;21.7.1972;0;1
ALIFAIKHAN;1;11.11.1975;1;0
OYAFERHAN;1;10.6.1985;0;1
ZIHETTIN;2;11.5.1955;2;0
RECEL;1;9.4.1968;1;0
CANFET;1;1.3.1966;0;1
DEDEOGLU;1;25.7.1963;1;0
FATOM;1;3.10.1955;1;0
OZKADRI;1;26.12.1979;1;0
UFUKAN;1;7.11.1976;1;0
TELBIYE;1;6.9.1953;0;1
NURKAGAN;1;18.9.1984;1;0
KAMIRAT;1;23.12.1948;1;0
ALPANZAFER;1;17.4.1969;1;0
MUNSERIF;1;5.6.1979;0;1
MEDAFET;2;29.1.1949;0;2
NERSERIF;1;6.3.1965;0;1
DUHANAZ;1;16.6.1934;0;1
ECFAN;1;4.11.1984;0;1
ESOL;2;21.9.1971;2;0
MUAKDDER;1;17.12.1934;0;1
SAHAVVET;1;6.10.1958;0;1
MEDICE;1;7.8.1928;0;1
LAKFATMA;1;19.9.1967;0;1
ANASLI;1;17.8.1930;0;1
URMIZE;1;12.8.1953;0;1
SEZMA;1;2.4.1970;0;1
MERZO;1;17.8.1954;0;1
DANCE;1;30.10.1932;1;0
OSMANSALIH;1;2.2.1975;1;0
HUDYA;1;11.7.1968;0;1
MERGUZA;1;17.8.1960;0;1
ABIFE;1;16.12.1952;0;1
GULUNZILE;1;2.2.1963;0;1
SERBETKA;1;17.8.1936;0;1
SEVCIHA;1;22.2.1961;0;1
MEUZE;1;17.8.1936;0;1
IMCIHAN;1;16.8.1975;0;1
MAKSA;1;16.8.1970;0;1
MUMINBEKIR;1;12.11.1976;1;0
IMIYANA;1;27.8.1956;0;1
HAVATUZZEHRA;1;12.2.1947;0;1
GULKAT;2;25.10.1961;0;2
KALIFE;3;10.5.1945;0;3
AKTAC;1;4.11.1987;1;0
ACARCAN;1;21.7.1988;1;0
FIRDEVSIALE;1;11.4.1973;0;1
LATIFKANI;1;11.2.1986;1;0
ELFIZ;2;20.8.1945;0;2
VESELE;1;5.5.1967;0;1
SADIBE;1;10.4.1974;0;1
ZEFILAY;1;2.10.1975;0;1
HAYATIHAN;1;21.8.1990;1;0
SAMZET;1;3.9.1957;0;1
TAHFO;1;14.6.1959;0;1
MEKTAN;1;6.10.1965;1;0
ULER;2;17.9.1950;1;1
FEBIL;1;25.1.1990;0;1
NELMIN;1;12.2.1953;0;1
SUNDUZGUL;2;11.3.1963;0;2
ZENLIHAN;1;7.2.1952;1;0
GULIFYA;1;4.7.1977;0;1
NEDIB;3;4.6.1964;3;0
VAHAPGAZI;1;24.2.1973;1;0
UMIZ;1;12.9.1983;1;0
MUZAKGER;1;26.11.1953;1;0
SEZATI;1;12.9.1977;1;0
MUCATDER;1;6.9.1956;0;1
BIZADE;1;6.7.1939;0;1
NIYAKAT;1;12.5.1983;0;1
UFTANE;1;17.11.1950;0;1
REYUZA;1;26.5.1983;0;1
MUHLUZAR;1;24.4.1974;0;1
UMUSERIF;1;19.10.1963;0;1
AVILE;1;16.10.1945;0;1
BENT;3;27.6.1973;3;0
HUMMUSAH;2;28.7.1937;0;2
FACETTIN;1;11.4.1975;1;0
BIRAC;1;16.6.1989;0;1
TUTFIYE;1;27.5.1955;0;1
KOLO;1;21.4.1932;1;0
SAMIS;2;29.12.1964;0;2
GOLDEREN;1;6.2.1961;0;1
ONERAY;1;11.4.1981;0;1
YENGI;2;12.10.1981;2;0
SUHAIL;1;7.2.1982;1;0
ABTULYASAR;1;2.8.1957;1;0
NARINNISA;1;2.12.1941;0;1
ERDILAY;1;30.6.1974;1;0
IZGARYE;1;7.2.1946;0;1
SEHADDET;1;8.3.1991;0;1
ILKAI;1;22.8.1979;0;1
ONIZE;1;6.6.1987;0;1
NURULISLAM;1;4.10.1988;1;0
ARKAM;1;2.5.1987;1;0
OZDENIR;1;4.7.1980;0;1
ESTUK;1;6.5.1969;0;1
SARVAN;2;20.1.1959;1;1
MEFSUDE;1;16.10.1938;0;1
NEHACET;1;16.6.1946;0;1
RUHYA;1;24.10.1973;0;1
ZEVCEDDIN;1;22.2.1967;1;0
BERKAC;1;2.11.1990;1;0
TENBURAZ;1;7.11.1934;0;1
SAHZULAL;1;3.2.1940;1;0
FERNAP;3;19.5.1980;0;3
ONCULE;1;2.9.1987;0;1
YURDABEN;1;28.12.1943;1;0
ISREF;1;17.8.1960;1;0
TUNCSAL;1;3.7.1989;1;0
MAS;1;13.6.1973;1;0
YAVIZ;1;24.2.1975;1;0
FETILAY;1;16.10.1968;0;1
GULUCEN;1;6.10.1949;0;1
SIRZA;1;7.6.1982;1;0
ALPTUNA;1;2.1.1973;1;0
ASLIMELEK;1;12.5.1989;0;1
SEDIGUL;1;4.4.1948;0;1
VIKTORIKA;1;6.4.1977;0;1
AGSIN;1;19.8.1991;1;0
VELAATDIN;1;22.4.1981;1;0
GUNSEY;1;6.2.1948;0;1
DANILO;1;4.4.1931;1;0
SIVERCE;1;7.4.1934;0;1
NURNIMET;1;10.11.1980;0;1
KAYATURK;1;7.8.1952;1;0
MEHLAYIL;1;1.3.1951;1;0
NAMURAN;2;27.9.1965;1;1
ILKSENGUL;1;4.7.1982;0;1
INANSAVAS;1;24.9.1976;0;1
NEDRENT;1;14.6.1968;0;1
LEYFUZE;1;28.6.1985;0;1
CANATES;1;6.1.1981;1;0
BELGUTEY;1;5.2.1987;1;0
ONJEN;1;11.3.1982;1;0
A.ILKER;1;5.4.1955;1;0
REBIAY;1;16.12.1965;0;1
GORKEMKARTAL;1;27.6.1990;1;0
GULBERSIN;1;25.7.1967;0;1
HURSAYIN;1;1.4.1962;1;0
ACCEGUL;1;29.4.1962;0;1
AYGUTSAT;1;2.7.1965;1;0
BILENAY;1;18.2.1985;0;1
GURELMAN;1;1.3.1967;1;0
MONUFE;1;22.2.1971;0;1
ZUNUT;1;13.11.1966;0;1
NAGIT;1;6.5.1980;1;0
KIBRET;1;11.1.1934;0;1
NURNA;1;6.2.1967;0;1
PIKEN;1;1.11.1961;0;1
TAYILAN;1;16.5.1979;1;0
BEHCEDDIN;1;18.2.1959;1;0
ONENC;1;7.4.1985;1;0
MUSTAFENDI;1;16.9.1965;1;0
SAHHAKA;1;1.10.1969;0;1
RUNISA;1;21.9.1950;0;1
GULNERIM;1;22.10.1955;0;1
PERVEDDIN;1;12.1.1965;1;0
KURSADI;1;6.7.1978;1;0
YASARINAN;1;3.2.1975;1;0
ARTEL;1;30.5.1946;0;1
NARSUL;1;13.4.1985;0;1
UCELE;1;25.1.1942;1;0
CHEANICA;1;11.7.1952;0;1
KETBOGA;1;29.3.1947;1;0
SULPAN;1;10.2.1990;1;0
HARP;1;14.11.1979;1;0
HURSINE;1;24.3.1961;0;1
BIZAT;1;10.2.1938;1;0
GKIOULSEN;1;6.11.1980;0;1
SEHRIDIN;1;4.8.1973;1;0
UMMUHAVI;1;26.6.1970;0;1
YELFINAZ;1;16.3.1984;0;1
CAVKA;1;1.1.1;1;0
KURTE;1;12.10.1954;1;0
HULGUN;1;7.3.1976;0;1
HUZEYNA;1;19.9.1966;0;1
RUJDUYE;1;2.8.1951;0;1
HUSURNISE;1;25.2.1954;0;1
MUSERRIYE;1;6.4.1972;0;1
VAKANURIS;1;10.2.1932;0;1
MEHTU;1;30.8.1979;1;0
REIT;1;27.8.1956;1;0
MILSES;2;13.12.1968;0;2
SINEHA;1;14.12.1961;0;1
ALPGURAY;1;8.5.1983;1;0
MUHRUBAR;2;30.4.1956;0;2
SEBDIYE;1;9.4.1964;0;1
SUREYBAN;1;7.4.1946;0;1
CHERIMEA;1;14.3.1949;0;1
SEVIRA;1;26.11.1976;0;1
BEKEM;1;13.2.1989;1;0
ABDDURRAHMAN;1;12.4.1963;1;0
EGLALEN;1;29.7.1976;0;1
FLORIYA;1;16.9.1950;0;1
DEHSAN;1;17.5.1942;1;0
LI;3;26.2.1967;1;2
HAKCA;1;5.5.1989;0;1
NAZAMET;1;3.2.1940;0;1
TEYYIBIYE;1;22.9.1955;0;1
BAYRAMOGLU;1;10.6.1964;1;0
YASARBIR;1;2.3.1969;1;0
OLKI;1;27.10.1962;0;1
NAZARIN;1;7.8.1940;0;1
CENKEL;1;6.2.1938;1;0
NEMDAT;1;12.4.1943;1;0
MEZZUNE;1;2.2.1957;0;1
MULIBAR;1;26.1.1948;0;1
HEVZE;2;18.7.1952;0;2
MUSDIVER;1;11.4.1952;0;1
MULUBER;1;6.6.1938;0;1
ASLAY;2;2.5.1975;2;0
HAV;1;4.2.1969;0;1
INALIYE;1;23.5.1945;0;1
MUZEFFERE;1;30.7.1932;0;1
GULNECIM;1;23.5.1936;0;1
UZNE;1;6.5.1980;0;1
JAKSON;1;11.1.1989;1;0
LAKI;1;1.5.1958;1;0
OSMANHAN;3;10.7.1989;3;0
MUDAVERDIN;1;6.2.1969;1;0
SUFIYAL;1;7.5.1946;1;0
NECLATE;1;17.3.1968;0;1
MAFFURE;1;27.11.1962;0;1
AYBEDIR;1;22.7.1954;0;1
MECAT;1;9.2.1956;1;0
RIZGANLI;1;6.11.1984;1;0
ONDEROL;1;30.5.1974;1;0
FURZUAN;1;7.11.1968;1;0
ORFANI;1;27.1.1950;1;0
BAHISSER;1;28.11.1964;1;0
ATNIBANA;1;22.2.1949;0;1
YURTKULU;1;11.4.1970;1;0
IZLATIYE;1;6.3.1956;0;1
MUSENBA;2;1.12.1955;0;2
NAZEDE;1;11.1.1952;0;1
ZEVCAT;1;15.11.1961;1;0
GULSERCAN;1;23.2.1967;0;1
MULUNFER;1;20.7.1966;0;1
GOLBIYE;1;27.11.1950;0;1
METERYOZ;1;12.2.1983;0;1
RIZABEK;1;11.11.1967;1;0
NURPERDE;1;12.7.1974;0;1
RAFETALI;1;18.6.1970;1;0
REZANGUL;1;29.4.1966;0;1
GULBURAY;1;2.2.1963;0;1
RAFAHAT;2;19.4.1966;0;2
RUFIYA;1;19.2.1974;0;1
KEYIFLI;1;13.2.1973;0;1
GYULSUM;1;6.6.1968;0;1
BOLI;1;22.9.1962;1;0
MEYVIS;1;20.4.1930;0;1
USLIYE;3;23.7.1953;0;3
ISMUAZEM;1;2.2.1951;0;1
KUCUKHAMIT;1;17.3.1954;1;0
REMZIYESEN;1;26.6.1961;0;1
DOBO;1;7.6.1958;1;0
NILUGER;1;26.7.1978;0;1
PIPOR;1;26.3.1942;0;1
ULRICH;1;27.2.1947;1;0
YEREBATAN;1;7.8.1934;0;1
MIBAYER;1;6.6.1943;0;1
NADJET;1;25.9.1975;0;1
BAREDIN;1;2.6.1963;1;0
CICINAY;1;6.5.1974;0;1
MUFETTEHE;1;23.2.1966;0;1
RUMIZE;1;11.4.1963;0;1
DILBERDENIZ;1;1.2.1989;0;1
ASMASGUL;1;4.4.1975;0;1
YASAMUR;1;21.7.1966;0;1
SULTANER;1;25.4.1966;1;0
FATMAHANDAN;1;24.6.1955;0;1
NEZMEHAN;1;12.4.1965;0;1
IBADEL;1;27.6.1981;1;0
ZENDUSI;1;19.2.1974;1;0
MUTBEYIN;1;22.2.1937;1;0
TURGUTMETIN;1;21.12.1970;1;0
KAYETTIN;1;22.10.1955;1;0
SAYIBAN;1;11.7.1945;0;1
FATMETIZ;1;30.3.1956;0;1
KAAHAN;1;1.12.1974;1;0
SAHESMER;1;18.6.1974;1;0
KAMACI;1;2.4.1975;1;0
AVHINAZ;1;22.2.1967;0;1
HACESTEN;1;27.4.1943;0;1
ZUHULYA;1;17.2.1972;0;1
HUMASA;2;14.7.1955;0;2
NUFTUN;1;9.11.1960;1;0
HALIYYET;1;12.2.1961;0;1
RUFCAE;1;23.5.1945;0;1
UNSALAY;1;10.9.1971;1;0
MESAR;2;9.7.1946;0;2
NEFUN;1;3.12.1983;0;1
GULNURDOGDU;1;7.10.1982;0;1
CEMADNAN;1;10.4.1959;1;0
KUZUMAGA;1;28.11.1954;1;0
SEABIHA;1;8.6.1953;0;1
TURAGUL;3;6.12.1957;0;3
CIHANGUN;1;24.12.1982;1;0
GAZEDDIN;1;9.2.1983;1;0
ZIGIR;1;17.2.1960;0;1
NURMINUR;1;11.1.1964;0;1
NURVENDE;1;16.4.1969;0;1
MENSUBI;1;8.8.1959;1;0
NESNEHEL;1;5.5.1963;0;1
NESTIRIN;1;26.1.1959;0;1
NETRIN;1;5.8.1979;1;0
EDISAH;1;10.7.1991;0;1
SAHZETE;1;2.2.1963;0;1
NECMINAZ;2;19.10.1941;0;2
EMITULLA;1;9.4.1973;0;1
YANDA;1;22.6.1967;0;1
MUHOBBET;1;21.7.1959;0;1
GENGUL;1;27.10.1986;0;1
SUDYAN;1;12.5.1965;0;1
URFANSANI;1;18.3.1954;0;1
ZEYNELUL;1;18.6.1980;1;0
HURUGULU;1;6.5.1951;0;1
ZULALSAH;1;19.10.1975;0;1
MUFTERME;1;3.12.1945;0;1
NECLAG;1;6.2.1972;0;1
KIZBESTI;2;18.4.1940;0;2
IPEKAFET;1;13.6.1940;0;1
EFREDIN;1;9.4.1982;1;0
MASARRET;1;16.2.1957;0;1
MINIVIYE;1;22.4.1961;0;1
ISABER;1;17.8.1948;0;1
FERIHUN;1;5.4.1982;1;0
FEMENGUL;1;21.4.1941;0;1
MINEPASA;1;13.3.1968;0;1
SUBHATULLAH;1;13.4.1990;1;0
AHMETKOKSAL;1;1.5.1960;1;0
NASIYHA;1;20.5.1955;0;1
ABDULMUTTALIT;1;22.3.1954;1;0
DENANDER;1;2.8.1945;0;1
DILGAM;1;28.8.1971;1;0
FAHRIRAZI;1;13.12.1943;1;0
CAMLICA;1;1.1.1982;0;1
EMANILLAH;1;27.2.1974;1;0
TUMGOR;1;11.4.1976;1;0
NUHAYAT;1;12.8.1973;0;1
SAKIRNE;1;16.3.1975;0;1
LUMU;1;2.2.1945;0;1
MISLUMAT;1;2.3.1969;0;1
ERTES;1;12.6.1977;1;0
GUKSAY;1;28.2.1974;1;0
TEMREZ;1;28.5.1941;1;0
FEMIH;1;22.8.1967;1;0
ZULIFAN;1;17.3.1961;0;1
ADENAZ;1;17.4.1948;0;1
ENHA;2;18.2.1988;0;2
CAGIRHAN;1;28.2.1986;1;0
RUKUFE;1;11.3.1987;0;1
RUKTIHAN;1;23.3.1938;0;1
AMALETTIN;1;27.1.1988;1;0
SERHI;2;9.5.1978;0;2
MURGIYE;1;9.7.1959;0;1
NESRUNE;1;21.10.1971;0;1
FEHETTIZ;1;25.11.1965;1;0
HAYATDIN;1;1.12.1944;1;0
CIHANEDDIN;1;21.7.1974;1;0
NILFUN;1;19.3.1965;0;1
MOHOT;1;21.3.1983;1;0
TASDELEN;1;18.4.1951;1;0
MELUT;3;12.4.1952;2;1
UMURI;1;26.4.1957;0;1
SOHREN;1;22.2.1955;0;1
NEMRE;3;4.1.1979;0;3
LEVKI;1;1.3.1966;1;0
DURSAHVER;1;2.8.1927;0;1
GULEBDUN;1;6.9.1977;1;0
SAHIFET;1;27.5.1974;0;1
MASRUKE;1;2.7.1972;0;1
MOSRIKA;1;2.3.1963;0;1
NEC;1;1.4.1978;0;1
VAATHAN;1;1.11.1991;0;1
KELLES;1;14.10.1982;1;0
MENSURYA;1;21.1.1948;0;1
CAMLICAN;1;17.8.1978;0;1
GULIHUR;1;27.8.1974;0;1
ALBERTINE;1;1.1.1939;0;1
HACIFARUK;1;22.2.1973;1;0
ZAFUR;1;12.3.1959;1;0
MURAFEDDIN;1;2.12.1945;1;0
SAHINKAYA;2;3.5.1951;2;0
VIZAN;2;16.7.1952;0;2
GULFERZE;1;16.7.1957;0;1
YARIBA;1;2.2.1957;0;1
BEDCET;1;2.9.1977;1;0
NERSEMIN;1;7.10.1986;0;1
CIMCANE;1;19.2.1972;0;1
ZERVEFA;2;19.1.1957;0;2
HEPHINAR;1;29.4.1974;0;1
MAHFERUZE;1;17.4.1923;0;1
MURATSEDA;1;12.10.1973;1;0
ABDULLAAH;2;8.5.1965;2;0
PURMEYIM;1;3.9.1955;1;0
IZNADIYE;1;21.2.1960;0;1
BIKTER;2;11.10.1979;0;2
ATANUSRET;1;13.12.1955;1;0
GUNAYTAN;1;22.7.1943;1;0
FILURET;1;7.4.1934;0;1
GUHAZ;1;20.3.1973;0;1
ZATINGUL;1;14.5.1971;0;1
KULENDE;1;6.7.1948;0;1
MEBSIME;1;29.4.1974;0;1
JULIJANA;1;2.7.1951;0;1
MUDDEVER;1;20.10.1972;0;1
NILFURUS;1;30.1.1980;0;1
TUGGE;1;20.12.1989;1;0
MUNUH;1;26.2.1941;0;1
RENIS;1;17.11.1990;1;0
KAAP;1;17.2.1964;1;0
HAKYASAT;1;3.10.1981;1;0
NUNUK;1;22.6.1973;0;1
NESETEN;1;17.4.1972;0;1
CANKI;1;6.1.1981;1;0
SERBAG;1;2.3.1980;0;1
GULBIHA;1;23.8.1957;0;1
MUAVVER;1;27.5.1970;0;1
TOLKAN;2;1.9.1985;2;0
CEYFIYE;1;11.9.1967;0;1
PUPULLU;1;13.4.1942;0;1
FERZEHAN;1;7.10.1964;0;1
EFAN;2;3.5.1965;0;2
CAGSU;2;4.7.1988;0;2
HISNUR;1;17.10.1988;0;1
FERAH.;1;1.6.1984;0;1
CAVVAL;1;21.3.1946;1;0
SEDEL;1;22.9.1969;0;1
BERNANUR;2;17.12.1983;0;2
NAMICAR;1;29.12.1940;0;1
YURDAGER;1;8.2.1987;1;0
SERLA;3;8.5.1966;0;3
ZIYADAR;1;21.12.1938;1;0
AYSENEVESER;1;23.5.1975;0;1
PINPIRE;1;7.2.1964;0;1
AYNURTEN;1;22.12.1955;0;1
EYYUPENSAR;1;6.6.1979;1;0
GULSEKIL;1;18.3.1982;0;1
SEVDIAN;1;19.3.1948;0;1
SIRAYHAN;1;7.7.1987;1;0
SILVEKAR;1;16.7.1951;0;1
KINAYE;2;21.7.1975;0;2
CANSURE;2;3.9.1966;0;2
AHYAR;1;12.2.1959;1;0
SEVTAY;2;12.5.1982;1;1
BADESIN;1;23.8.1965;0;1
DEDEVI;1;17.8.1977;0;1
NEHIDER;1;10.8.1949;0;1
NESNEL;1;3.11.1982;0;1
MUHDEREN;1;17.5.1970;1;0
MANFUZE;1;16.2.1957;0;1
MEZNUN;1;12.5.1971;1;0
MEFSUR;1;16.11.1952;0;1
AYZUHAN;1;10.3.1973;0;1
MUNNER;1;10.11.1972;0;1
VOLKER;1;22.2.1984;1;0
NEVRIHAL;1;23.10.1969;0;1
DILBIRAY;1;16.5.1985;0;1
NESLIER;1;26.6.1952;1;0
SERENDIP;1;12.12.1950;1;0
BENNIZAR;1;6.12.1962;0;1
REMZIYEGONUL;1;30.7.1940;0;1
EHSANE;3;9.6.1968;0;3
NERKIHAN;1;13.4.1948;0;1
AKATUGRAL;1;4.11.1936;1;0
REFAZETTIN;1;24.7.1951;1;0
YURTKUR;1;13.2.1941;1;0
TURKANBIRHAN;1;1.5.1936;0;1
SEYNIR;2;6.12.1969;0;2
ESENGONUL;1;3.6.1985;0;1
MIHRINALA;1;10.10.1931;0;1
NAZLIEMINE;1;13.7.1971;0;1
OBAYID;1;28.2.1950;1;0
ANDAS;1;20.12.1974;1;0
JAVAHIR;1;27.9.1980;0;1
FERHUNDEGULEN;1;22.10.1949;0;1
TORKHAN;1;28.7.1975;1;0
EMRUBE;1;1.11.1979;0;1
KIMILA;1;30.9.1956;0;1
GUNALTAN;2;4.8.1967;1;1
HANKAK;1;4.2.1952;0;1
SERTMAN;1;21.4.1945;0;1
ERTUGRA;1;24.12.1984;1;0
ESSANI;1;4.9.1974;1;0
OZHARUN;1;24.4.1983;1;0
PIRER;1;24.12.1987;1;0
MIHRINA;1;4.8.1924;0;1
MAZHARA;1;7.12.1930;0;1
SELAHSUM;1;7.3.1976;1;0
MEVRANIYE;1;5.3.1957;0;1
BUDEM;1;29.7.1984;0;1
AGAMETIN;1;13.4.1967;1;0
HAYTAR;1;20.4.1947;1;0
JACOBA;1;20.3.1946;0;1
CELIKKALE;1;8.8.1937;1;0
RUSTUBEY;2;14.6.1985;2;0
MAKIZER;1;1.4.1938;0;1
IZMIYAN;1;13.5.1965;0;1
MELUKUL;1;26.7.1975;0;1
ILIMTER;2;2.7.1950;0;2
BILALIHABES;3;16.5.1984;3;0
GAFIRIYE;1;28.10.1959;0;1
NECE;1;24.9.1983;0;1
IZMEHAN;1;10.7.1925;0;1
SELMISA;1;28.3.1965;0;1
EFRUG;2;15.3.1979;2;0
LUTFETDIN;1;12.2.1944;1;0
NEBZE;1;15.5.1973;0;1
TABARE;1;2.2.1963;0;1
ABDULMANAK;1;17.2.1972;1;0
MAKBULEMEBRURE;1;26.9.1942;0;1
GUNDEHER;1;1.3.1982;0;1
MUCETDES;1;28.4.1963;0;1
RUMESYA;2;19.9.1982;0;2
NECMIHAL;1;23.5.1936;0;1
GULSEDET;1;10.2.1957;0;1
VOAHANGISOA;1;20.7.1954;0;1
SERHATBEY;1;2.12.1989;1;0
GULBURCAK;1;14.11.1990;0;1
OMURZAN;2;5.10.1951;1;1
URMAN;1;16.3.1981;1;0
FETHANIYE;1;6.8.1950;0;1
MEMNUSE;2;23.7.1941;0;2
RIFGIYE;1;27.2.1962;0;1
KUBERIYE;1;2.12.1975;0;1
SIMSINAR;1;1.1.1966;0;1
FIRTAS;1;5.4.1956;0;1
SEKIDE;1;12.8.1971;0;1
MERDIL;1;1.4.1978;0;1
USTUBAR;1;16.1.1961;0;1
MUSLUVER;1;16.6.1953;0;1
MUMIFER;1;22.3.1967;0;1
YASINUR;3;23.2.1975;0;3
KEFSAR;1;12.12.1953;0;1
YAFIKAR;1;7.4.1950;1;0
SEVKUZAR;1;6.2.1957;0;1
SULUYEN;1;16.3.1961;0;1
GUSZUM;1;9.2.1944;0;1
DURBAK;1;27.5.1949;1;0
MEMNUSA;1;12.9.1930;0;1
MUSLIVER;1;25.6.1949;0;1
CASET;2;4.12.1962;0;2
NESIYAN;1;28.6.1962;0;1
ONDEN;1;29.3.1962;0;1
MUHRIBAR;1;16.9.1940;0;1
METEN;1;3.7.1973;1;0
AKIDAR;1;28.6.1963;0;1
DAYRIYE;1;12.10.1947;0;1
KOCUAYVAZ;1;21.7.1970;1;0
SEVIYYAN;1;28.4.1968;0;1
BEYENDEAL;1;14.7.1947;0;1
SABIHAKAT;1;5.6.1943;0;1
KAMERTEN;1;24.8.1933;0;1
EMINELEYLUFER;1;30.10.1979;0;1
COKSEVIN;1;27.6.1968;0;1
CESUNAY;1;3.4.1968;1;0
MESUDIE;1;4.4.1972;0;1
NERGIVAN;1;27.1.1981;0;1
MUSAVVERE;1;27.9.1953;0;1
SERTIV;1;4.2.1942;1;0
YASATAY;1;19.3.1985;0;1
ADRIENN;2;3.11.1973;0;2
EBAHUREYYA;1;28.1.1970;0;1
AHMETNAZIF;1;19.2.1967;1;0
EMLE;1;11.8.1960;0;1
RESAME;1;26.1.1949;0;1
ZELKUMAR;1;1.3.1949;0;1
PURSENG;2;22.11.1976;0;2
IBRISE;2;15.11.1962;0;2
BERCAG;1;30.9.1991;0;1
MUHIBBA;2;19.12.1941;0;2
CEVDETSUNAY;1;24.9.1964;1;0
PIRIGE;1;17.3.1966;0;1
FEKIYYE;1;28.10.1957;0;1
METTIYE;1;6.3.1965;0;1
UCBER;1;8.4.1971;0;1
IZLATYE;1;9.6.1950;0;1
HATEFE;1;8.2.1936;0;1
KUTNIZAR;1;9.2.1946;0;1
ZERUNE;1;18.4.1987;0;1
TAMLICE;1;12.5.1977;0;1
ERENDAL;1;6.3.1988;1;0
FERGUNE;1;1.11.1949;0;1
SURIZET;1;21.7.1956;0;1
NACA;1;24.10.1936;0;1
ATICI;1;18.3.1937;1;0
YASEMA;1;11.12.1969;0;1
UNZUL;1;16.4.1961;0;1
DORUKALP;1;19.3.1984;1;0
YORUL;1;22.3.1961;1;0
IZZETHANE;1;27.8.1926;0;1
ERENKAL;1;22.8.1979;1;0
ULVIYAH;1;18.7.1971;0;1
GULNESEP;1;3.6.1963;0;1
NURDAYURT;1;21.3.1953;0;1
SABHEK;1;24.6.1945;0;1
CEMIRAN;1;2.7.1939;0;1
MUFIYET;1;22.11.1965;0;1
KOCCAN;1;16.4.1941;1;0
NEZIHIN;1;6.2.1960;1;0
SARIKIZI;1;17.11.1966;0;1
SEDAMETTIN;1;26.12.1957;1;0
YONUSE;3;15.11.1974;0;3
ATASEVI;1;24.12.1945;0;1
IKBALA;1;18.5.1952;0;1
NUSYE;1;16.12.1941;0;1
SEFIJE;1;15.6.1950;0;1
MUNIYZE;1;24.2.1956;0;1
GRAZIELLA;1;20.10.1964;0;1
TAYGIR;1;15.6.1961;1;0
LIYAS;1;5.4.1969;0;1
LIVERA;1;17.8.1954;0;1
RUYIS;1;7.8.1958;0;1
YUSUFCAGLAR;1;25.3.1991;1;0
PERUZI;1;17.9.1950;0;1
GoKHAN;1;4.11.1988;1;0
NUSAYE;1;17.10.1954;0;1
DONDUSENAY;1;12.3.1981;0;1
MUCEHE;1;30.1.1971;0;1
SEYHARE;1;15.4.1954;0;1
BIRSELI;2;18.4.1974;0;2
YURSILE;1;25.8.1950;0;1
SAESTE;1;10.2.1953;0;1
ICRIHAN;1;29.10.1985;0;1
CELAHIYE;1;12.2.1953;0;1
TUGRULTAN;1;11.9.1980;1;0
NURABEDIN;1;7.4.1948;1;0
VIKTORIYE;1;15.11.1983;0;1
SERKHAN;1;4.10.1984;1;0
MULISER;2;6.11.1962;0;2
NEHISER;1;30.10.1973;0;1
AMIRIYE;1;28.10.1965;0;1
NERMIYI;1;27.3.1950;0;1
REIGAN;1;4.1.1968;0;1
FEHMIDIN;1;12.2.1935;1;0
TEKEOMER;1;27.2.1956;1;0
LAKIF;1;22.8.1980;1;0
MUSUDA;1;13.7.1959;0;1
SUBILA;1;12.2.1970;0;1
TARGUL;1;18.1.1980;0;1
PALIYE;1;11.11.1958;0;1
KIZHATUN;1;2.8.1939;0;1
YURTTAY;1;16.1.1960;1;0
ELAHETTIN;2;10.4.1951;2;0
RAYBIYE;1;17.10.1954;0;1
VARIYETLI;1;16.1.1964;1;0
SUDAI;1;9.3.1940;1;0
NORBIYE;1;30.6.1955;0;1
HIRSLIHAN;1;2.8.1933;0;1
AHMETCE;1;17.8.1936;1;0
TASANUR;1;4.4.1960;1;0
MEVIN;2;19.9.1968;1;1
YUMIT;1;10.2.1985;1;0
ELITZA;1;4.6.1967;0;1
CANUL;1;13.3.1960;1;0
ALAPAY;1;25.11.1942;1;0
SUHILLA;1;2.10.1951;0;1
NUBET;2;20.8.1961;0;2
AFINUR;1;12.7.1934;0;1
ALGIM;1;26.12.1981;1;0
CENKBAHADIR;2;12.2.1973;2;0
BILLI;1;27.8.1926;0;1
ADOLAT;1;6.4.1961;0;1
MUHLIHA;1;27.2.1970;0;1
FIRUZZAN;1;12.2.1965;0;1
HURCE;1;26.10.1987;0;1
ZAYIF;1;18.5.1966;1;0
IBLIMAN;1;2.2.1957;0;1
IMIYE;1;22.9.1966;0;1
SANDRINE;1;6.6.1973;0;1
KEYYUM;3;13.12.1959;3;0
SAHSENAN;2;12.7.1974;1;1
BAMIS;1;16.5.1957;0;1
NEJAHAT;1;29.1.1966;0;1
SANSOZ;1;21.11.1961;0;1
BEYMASE;1;17.8.1936;0;1
VESAIR;1;16.12.1964;1;0
OKUT;1;16.9.1936;1;0
ILTENC;1;29.2.1984;0;1
NURGUYE;2;30.3.1974;0;2
ILGISEN;1;7.6.1988;0;1
MASUBE;2;4.10.1968;0;2
KIBARSEN;1;8.6.1969;0;1
AYGAC;1;27.2.1962;0;1
ERAVETTIN;1;14.1.1940;1;0
NURIAYET;1;18.7.1948;0;1
RIFAYETTIN;2;2.1.1943;2;0
SAHANIMA;1;21.5.1939;0;1
OLGUNUR;1;1.9.1988;0;1
SEYZER;2;22.12.1962;0;2
SINOL;2;18.11.1972;2;0
VEFAYE;1;20.1.1939;0;1
GULUHER;1;27.8.1961;0;1
GUNERKA;1;17.8.1960;0;1
ABATTIN;1;7.4.1982;1;0
ISMIYANA;1;17.8.1954;0;1
NUREYHA;1;26.5.1966;0;1
ABDUSSEFER;1;28.3.1987;1;0
SELHER;1;1.8.1981;0;1
ZUDUS;1;17.4.1936;0;1
SEHIRI;1;13.11.1935;0;1
BAYANHAN;1;2.8.1915;0;1
CENAYIR;1;13.12.1968;0;1
SIRINOL;1;17.7.1942;0;1
NERGUZA;1;7.8.1934;0;1
CEYMAN;1;6.6.1932;0;1
ATAYKAN;1;20.3.1963;1;0
AFUS;1;10.5.1971;0;1
ILYADDIN;1;6.8.1975;1;0
BALES;1;7.4.1988;1;0
CENKALI;2;16.10.1975;2;0
TANAYI;1;12.1.1977;0;1
BERKU;1;3.9.1976;1;0
ENDORA;1;3.9.1977;0;1
ALKAMAN;1;30.1.1980;1;0
MERGUBEN;1;12.6.1965;0;1
HACIEMINE;2;18.8.1970;0;2
PERFIL;1;19.10.1971;0;1
VAHIYA;1;12.2.1971;0;1
BALNAZ;1;21.8.1964;0;1
MAZLI;2;28.6.1965;1;1
FIHAT;2;25.9.1970;2;0
CEMSIRE;1;20.4.1931;0;1
ZIKREM;1;29.3.1954;0;1
SENSINAR;1;13.12.1984;0;1
GUSARAY;1;24.4.1973;0;1
GULETDIN;1;21.8.1966;1;0
MUFEYYIR;1;12.8.1928;0;1
MEIYET;1;12.3.1950;0;1
NIRTEN;1;6.3.1949;0;1
OCNUR;1;8.9.1958;0;1
SAVASTA;1;7.10.1953;1;0
BEITSKE;1;30.7.1934;0;1
MIMIHAN;1;28.4.1966;0;1
SAADIA;1;14.8.1966;0;1
ILBAT;1;17.8.1954;1;0
I.CANDEMIR;1;16.7.1975;1;0
BIAT;3;28.12.1955;3;0
NUVERE;1;17.8.1930;0;1
FEMUREN;1;14.11.1963;0;1
MUVESEN;1;5.2.1965;0;1
SEDEDDIN;1;10.10.1944;1;0
GAMERHANIM;1;8.5.1970;0;1
RAGIA;1;6.9.1979;0;1
SULKADIYE;1;27.11.1980;0;1
ZELKA;1;19.11.1958;0;1
SAMIULLAH;1;2.8.1987;1;0
MEYTEN;1;30.1.1966;0;1
URKUFE;1;3.12.1963;0;1
URUHUGUL;1;25.3.1979;0;1
NURITTER;1;2.2.1951;1;0
FATMIRIYE;1;17.8.1960;0;1
INTIKAN;1;26.11.1970;1;0
ERGUNDAL;1;10.2.1975;1;0
HEDEYTULLAH;1;2.2.1987;1;0
OZNURE;1;23.3.1961;0;1
MAHSEKA;1;26.8.1960;0;1
PILEK;1;25.6.1953;0;1
BILCEMAL;1;9.5.1932;0;1
DENKTAN;1;3.5.1968;1;0
K.HACER;1;27.2.1956;0;1
SUKURMETIN;1;23.2.1950;1;0
AK-UN;1;30.8.1967;1;0
CEVAIRKA;1;27.8.1944;0;1
TEYLANT;1;17.2.1976;1;0
EBUTTER;1;10.8.1974;1;0
NEKYE;1;13.2.1959;0;1
ERALPTEKIN;1;13.12.1990;1;0
IRENGUN;1;12.10.1989;0;1
KURBEZ;1;7.2.1958;1;0
IREMCAN;2;11.6.1989;0;2
FAGER;1;3.2.1957;0;1
ORKOSEV;1;22.2.1943;0;1
TERBENOR;1;29.7.1973;0;1
HASMETLI;1;4.10.1954;1;0
YASARHAYDAR;1;1.12.1946;1;0
ALOISIA;1;6.8.1943;0;1
SUHADI;1;2.9.1975;0;1
YOLSEN;3;2.8.1964;0;3
GULISMET;1;12.6.1959;0;1
CELIKKAN;2;10.4.1985;2;0
SHAFAG;1;21.7.1963;0;1
GULSERPER;1;12.1.1960;0;1
MUHAMMETRESIT;1;22.2.1967;1;0
ORLEANA;1;30.4.1963;0;1
TURKANGUL;1;10.6.1978;0;1
GULZIBAH;1;12.6.1946;0;1
ASIRREBBE;1;25.1.1971;0;1
LUTFINNISA;1;20.5.1928;0;1
SHOLA;1;29.12.1969;0;1
YAMAKO;1;16.5.1974;1;0
MAIRCAN;1;16.8.1963;1;0
MAADIN;1;24.4.1957;1;0
ERCAVIT;1;23.4.1936;1;0
TEZBINUR;1;13.5.1963;0;1
NEZAF;1;4.12.1965;0;1
FAHRAN;1;2.4.1939;0;1
SUSULAY;1;6.12.1972;0;1
YURTNUR;1;26.9.1936;0;1
BEDIZEL;2;29.3.1955;0;2
FAFUL;3;25.5.1964;3;0
CANBEKIR;3;7.6.1971;3;0
DERSEN;1;8.6.1944;0;1
GORIS;1;3.8.1942;0;1
YOLDAGUL;1;10.12.1939;0;1
BEHLIKA;1;11.11.1948;0;1
UTRET;1;8.3.1942;0;1
SHELAGH;1;6.8.1953;0;1
SEDARAT;1;16.4.1967;1;0
SAYKIN;2;18.6.1969;2;0
MUZILE;1;16.1.1952;0;1
NASULE;1;22.7.1982;0;1
PIGER;1;7.6.1937;0;1
YURDAGULSER;1;7.2.1952;0;1
IGFAR;1;1.7.1961;0;1
GUNDUGAN;1;6.4.1945;1;0
FEVARE;1;2.8.1933;0;1
NURDI;1;12.8.1977;0;1
MUSTAFAEFTAL;1;21.2.1956;1;0
TOMLES;1;2.2.1934;0;1
LEMONYA;1;26.12.1942;0;1
ILGU;2;17.12.1974;0;2
TOGRAN;1;12.9.1932;1;0
HALILORKUN;1;6.3.1992;1;0
ITAT;1;1.6.1965;0;1
SEVMIS;1;6.6.1941;0;1
UMUDEI;1;27.7.1926;0;1
SEVGISU;1;10.8.1953;0;1
TAKMAZ;1;21.9.1944;1;0
BERIYALE;1;27.7.1974;0;1
LANUR;1;12.4.1946;0;1
BOZKIR;2;25.3.1978;2;0
NURESEF;1;11.12.1960;0;1
TAYBUGA;1;10.1.1992;1;0
PENZEVAR;1;7.2.1946;0;1
MAHSI;1;11.9.1974;0;1
SEVGISIN;1;21.5.1943;0;1
RECEN;1;12.1.1945;0;1
GULZUHER;1;23.2.1956;0;1
TUBUL;1;6.4.1959;1;0
REVAYIYE;1;7.5.1945;0;1
BASDI;2;10.10.1975;0;2
BATAN;1;17.10.1983;1;0
EFTABIYE;1;30.4.1952;0;1
NELFIDE;1;13.10.1990;0;1
MECCEHA;1;7.8.1940;1;0
GULDEYRA;1;8.5.1968;0;1
F.NEJLA;1;30.7.1947;0;1
MUZEHAN;1;17.5.1966;0;1
ZULFARUZ;1;22.5.1961;1;0
EKREN;2;4.7.1955;1;1
SEBAHTIE;1;3.9.1959;0;1
NAELLAN;1;13.4.1967;0;1
MUTEFIK;1;11.12.1945;1;0
HENRICUS;1;2.1.1951;1;0
TINAL;1;19.2.1936;1;0
ISLADE;1;17.8.1918;0;1
SENDIRAY;1;6.3.1951;0;1
EBUHAYIR;1;27.8.1926;1;0
HURYUZ;1;8.7.1961;0;1
YUCEYDIN;1;26.6.1963;1;0
SIPERAL;1;28.10.1959;1;0
INCISEHER;1;29.8.1945;0;1
TACENUR;1;14.12.1977;0;1
AZEMI;1;27.8.1932;0;1
JAHISTAN;1;8.6.1974;0;1
TULTEN;1;16.12.1945;0;1
PERYEM;1;23.5.1946;0;1
MUFETTAT;2;17.8.1924;0;2
FAZET;1;26.9.1979;0;1
TECELNUR;1;21.2.1989;0;1
ZALIFER;1;14.2.1953;0;1
RUDKIYE;1;6.12.1975;0;1
FILIYER;1;1.1.1;0;1
BECRIYE;1;15.1.1961;0;1
ZARELA;1;9.12.1978;0;1
SATVER;1;16.3.1959;0;1
NUFERI;1;6.8.1962;0;1
BERUSE;1;21.5.1959;0;1
ADILDOGAN;1;1.9.1956;1;0
MUSEVRIYE;1;21.7.1965;0;1
MEBLIKA;1;21.9.1953;0;1
CHUK;1;29.12.1971;0;1
MURUSET;1;27.9.1953;0;1
SELTANAT;1;27.4.1953;0;1
KADRITTIN;1;28.9.1948;1;0
EMINIDDIN;1;13.6.1951;1;0
SUKURHAN;1;11.3.1942;0;1
AGHGUL;1;14.11.1967;0;1
YAKA;1;13.3.1942;1;0
GULZATI;1;22.11.1961;0;1
OLKIYE;2;3.8.1937;0;2
HEZAYA;1;11.7.1968;0;1
SUBUHAM;1;22.7.1961;0;1
SELMANALI;1;8.10.1991;1;0
NERIMCAN;1;28.4.1973;0;1
HADIRET;2;11.11.1949;0;2
NARIDJ;1;28.7.1991;0;1
SEVIYENUR;1;7.1.1943;0;1
HUDERYA;1;21.9.1963;0;1
MAHRUDE;1;21.5.1944;0;1
TECENUR;1;11.2.1957;0;1
GULKOKAN;1;16.6.1939;0;1
GULNAMA;1;16.8.1967;0;1
GULTIYE;5;26.2.1965;0;5
OZLEMER;1;28.7.1983;1;0
UNURTEN;1;15.7.1938;0;1
MINABAYIM;1;6.11.1943;0;1
MUTER;1;12.4.1950;0;1
JEROME;1;20.7.1991;1;0
NUSHAND;1;12.10.1984;0;1
NERGULU;1;29.2.1965;0;1
M.TARIK;1;22.5.1955;1;0
RAHIMENURPER;1;18.3.1955;0;1
FATNUR;2;29.10.1954;0;2
MUZELFER;2;14.10.1963;0;2
GONCAITER;1;8.4.1985;0;1
JULCENAN;1;16.12.1962;1;0
HEMRAZ;2;18.12.1957;0;2
GULCELEN;1;17.2.1979;0;1
ICRAATA;1;10.12.1954;1;0
EMRUNE;1;9.9.1959;0;1
ALBAHAN;1;29.3.1991;1;0
NAYIGEN;1;26.12.1939;0;1
HUSE;2;22.2.1982;0;2
SENAYA;2;6.9.1961;0;2
MIRGUM;1;23.1.1972;0;1
MUZDABA;1;15.4.1938;1;0
SEHBINAZ;1;20.9.1974;0;1
APDIRAHMAN;1;26.6.1961;1;0
SUHURE;1;11.10.1951;0;1
KENZHEGUL;1;27.5.1974;0;1
MINRE;1;13.3.1951;0;1
AYDINOGUZ;1;22.2.1967;1;0
KITEVUN;1;18.3.1966;0;1
ISCILAL;1;12.4.1942;0;1
SECAKER;1;3.4.1937;0;1
SOLMAL;1;26.9.1977;0;1
GUZIYAR;1;16.3.1952;0;1
UNAZ;1;22.9.1967;0;1
ZEHISAN;1;27.12.1952;0;1
ERDANET;1;12.4.1963;0;1
SULUL;1;26.5.1971;0;1
TECENNUR;4;17.9.1953;0;4
FEVRIZAN;1;16.1.1970;0;1
BELTAY;1;1.4.1985;1;0
GUVENSER;1;6.4.1939;1;0
SIHHET;1;16.5.1946;0;1
OSMANILKAY;1;16.3.1974;1;0
MUTLUM;2;3.9.1979;0;2
MEFAHARET;1;16.1.1958;0;1
GUNEYFIRAT;1;9.6.1985;1;0
TULDAY;1;21.6.1972;0;1
SAKRAK;2;7.10.1957;2;0
SURTEN;1;8.2.1947;0;1
HUZURIYE;1;20.7.1959;0;1
ONCUM;2;21.9.1985;1;1
TANISIGI;1;20.8.1952;0;1
EKMELETTIN;1;27.8.1926;1;0
SENEMBOY;1;5.7.1951;0;1
ALIKAZIM;1;7.8.1934;1;0
ENESKEREM;1;1.10.1989;1;0
ZEHRUN;1;12.4.1959;0;1
AHMEDIZEMCI;1;2.3.1957;1;0
CEBRULLAH;1;10.10.1990;1;0
GULENBE;1;11.1.1932;0;1
TURUZHAN;1;24.10.1975;1;0
MEHMETADIL;2;17.6.1966;2;0
MUHNISER;1;24.1.1939;0;1
ABUGEVHER;1;27.7.1932;0;1
ERBUHAN;1;2.7.1990;1;0
GULDURA;3;8.6.1945;0;3
MEBLUKA;1;21.1.1959;0;1
FIRAZA;1;24.3.1931;0;1
KURCAY;1;19.3.1989;1;0
NURFANIYE;2;10.9.1973;0;2
MEDAET;1;9.11.1951;0;1
HASSIM;1;30.8.1989;1;0
BATIME;1;11.11.1962;0;1
RASHIDA;1;20.4.1972;0;1
LUTVIDDIN;1;12.11.1961;1;0
RAHBARI;1;1.4.1979;1;0
EMRIBIL;1;4.6.1986;1;0
HUBERIYE;2;20.1.1958;0;2
MEJMETTIN;1;22.2.1967;1;0
FEDRIE;1;26.10.1942;0;1
HURCUN;1;6.4.1977;1;0
ABDULOZEL;1;8.8.1954;1;0
LAIZA;1;22.2.1961;0;1
MUBBINE;1;9.7.1949;0;1
ZURBBIYE;1;13.2.1956;0;1
SULEYHE;2;13.6.1956;0;2
GULNU;1;19.5.1983;0;1
SOHAL;1;28.4.1958;0;1
SANCARHAN;2;27.3.1973;2;0
MINSAL;1;12.12.1979;0;1
RESIDETTIN;1;12.7.1953;1;0
MUHMURE;2;11.8.1964;0;2
LIHSAN;1;4.7.1955;1;0
ESVIM;1;2.8.1945;1;0
KUTBUDDIN;1;12.2.1941;1;0
VESUF;1;20.5.1971;1;0
ZEGUL;1;20.4.1969;0;1
NESLIHANGUL;1;22.7.1990;0;1
HURREYA;1;2.11.1966;0;1
SUDDA;1;1.6.1969;0;1
KOMURCU;1;2.2.1957;1;0
CALDEMIR;1;22.2.1937;1;0
UZE;1;18.10.1936;0;1
IRIZE;5;9.3.1964;0;5
RAKIS;1;6.9.1973;0;1
TURFAL;1;29.2.1943;1;0
REFUKA;1;8.4.1960;0;1
PAYENDIR;1;13.7.1941;0;1
SABAUDIN;1;7.8.1940;1;0
BOYUKKHANIM;1;29.12.1958;0;1
ERBE;2;2.2.1971;0;2
OZENEN;1;17.5.1972;1;0
MEHMEDULHADI;1;1.1.1;1;0
SERNISE;1;26.4.1935;0;1
AHMETOZGUR;2;15.10.1979;2;0
SELASET;1;12.6.1941;0;1
NERMINSEL;1;23.11.1954;0;1
RUNDE;1;7.11.1984;0;1
ENDEZIYE;1;4.2.1963;0;1
GURDAT;1;11.3.1942;1;0
CURKA;1;1.1.1;0;1
BAYKAYA;1;9.11.1938;1;0
MAICAN;1;22.5.1940;0;1
SERVANIYE;1;27.2.1976;0;1
FEHNIS;1;17.9.1948;0;1
FIRZEN;1;1.8.1969;0;1
MERKANE;1;16.2.1941;0;1
FATMINAZ;1;7.5.1952;0;1
MUAZSES;1;12.2.1971;0;1
GURCUZ;2;11.9.1959;0;2
MIZIRABI;2;2.3.1975;2;0
SAHED;1;7.9.1974;0;1
BUSIR;2;18.2.1962;2;0
MULKEYI;1;3.5.1985;0;1
BAGSIYE;1;26.4.1940;0;1
CEREL;1;23.9.1989;0;1
EMINITDIN;1;20.6.1944;1;0
NIGSEL;1;5.11.1965;0;1
PEDIRIYE;1;7.2.1957;0;1
IREMECE;1;27.2.1992;0;1
NAHINDE;3;22.6.1973;0;3
NURPRENS;1;27.8.1964;1;0
MUKANDER;1;2.3.1987;1;0
GULICLAL;1;25.4.1989;0;1
URKUNUR;1;6.3.1969;0;1
MIHLIGA;1;26.11.1941;0;1
BEYTULAZIZ;1;21.4.1966;1;0
KAMAIL;1;17.1.1948;1;0
BAKHAYAR;1;24.1.1959;0;1
GIMRE;1;18.5.1947;0;1
NECBIZAR;3;23.11.1965;0;3
MEVRULLAH;1;30.6.1986;0;1
NAMAZET;1;22.3.1967;0;1
GULSIYAR;4;25.4.1975;0;4
MEVRUKA;1;8.8.1968;0;1
FERDINUR;1;18.6.1959;1;0
BASAN;1;18.6.1981;1;0
ZEKAIR;1;26.4.1973;1;0
SAHKAN;1;17.8.1974;1;0
IRTVAN;1;18.11.1968;1;0
KAKUZE;1;25.4.1956;0;1
NEZATI;2;18.11.1950;2;0
H.NURDAN;1;22.9.1979;0;1
NASINDE;2;27.2.1955;0;2
GULORTEN;1;19.9.1969;0;1
MUFEYAZ;2;28.12.1945;0;2
REFAKAR;1;17.3.1950;1;0
ZEDEFE;1;1.10.1952;0;1
YASINNUR;1;6.3.1986;0;1
BURYEDDIN;1;22.1.1961;1;0
ALTINSOY;1;23.6.1966;0;1
ZAFERYASAR;1;22.4.1963;1;0
FIYAZE;1;27.3.1974;1;0
A.EROL;1;26.8.1947;1;0
BAHARIYA;1;12.6.1964;0;1
CAGATAR;1;1.9.1977;1;0
SHAKURA;1;15.1.1957;0;1
MUCUR;1;24.2.1951;1;0
GULSAHIDE;1;14.7.1956;0;1
SADAYA;2;28.11.1963;0;2
ARIFENUR;1;5.12.1980;0;1
NURHARUYE;1;18.7.1957;0;1
NILLAY;1;20.2.1984;0;1
MENSUF;1;1.1.1941;1;0
AYDOVAR;1;29.3.1970;1;0
UMUTSALDI;1;19.3.1942;1;0
TAYYEL;1;10.7.1968;0;1
ARFIDE;6;16.5.1962;0;6
AYGE;3;7.8.1964;0;3
BUCEYDE;1;11.4.1981;0;1
REVGIN;1;29.8.1983;1;0
APTIRAMAN;1;10.2.1970;1;0
MESSUNE;1;24.11.1958;0;1
HUSNUYAVER;1;12.12.1961;0;1
IJLALIYE;1;7.7.1975;0;1
AYNUT;2;8.6.1964;0;2
MUBEYLAH;2;28.1.1973;0;2
SUBEHER;1;3.11.1971;0;1
BAHANGUL;1;24.4.1968;0;1
SAFURHAN;1;26.7.1978;0;1
HUZEHIR;1;22.8.1966;1;0
YILMAZALI;3;23.4.1958;3;0
BINANE;1;25.4.1962;0;1
NUCRUHAN;1;16.10.1965;0;1
KARAHNI;1;4.8.1966;1;0
GULSELER;2;21.7.1946;0;2
TANKIBAR;1;14.4.1961;0;1
SEVKIS;1;23.6.1946;0;1
BEYCAT;1;28.3.1950;1;0
MEDYAMIN;1;5.7.1956;1;0
ISAGUL;2;5.5.1965;0;2
HORUGILMEN;1;5.1.1972;0;1
MEDASEVER;1;11.5.1975;0;1
MEBRIME;1;13.4.1933;0;1
MEHFERET;1;9.12.1952;0;1
LUBEYNA;2;21.7.1973;0;2
MUSTAFACENAP;1;22.11.1987;1;0
LIYADAN;1;19.10.1968;0;1
GULPERYAN;1;27.2.1950;0;1
RUDUVAN;1;23.12.1959;1;0
CAHANKAR;1;2.6.1939;1;0
SEMLIN;1;2.5.1987;0;1
ZARIE;1;29.12.1953;0;1
PISTAKHANIM;1;15.6.1964;0;1
NEBAH;1;11.2.1974;0;1
BAHRIZE;2;10.3.1966;0;2
AKBULAT;1;25.1.1940;1;0
SIARI;1;23.6.1961;0;1
MUYESSAR;1;25.3.1969;0;1
SIHIBE;1;30.3.1983;0;1
MURTESEN;1;15.7.1962;0;1
AYALI;1;14.7.1961;1;0
SOHUBE;1;7.8.1922;0;1
FEKIZ;1;9.11.1945;0;1
SUAHIDE;1;22.1.1943;0;1
AYBAYAZ;1;11.2.1940;0;1
KASIRA;1;13.4.1971;0;1
SEHRISIN;1;22.1.1937;0;1
SEFINNAS;1;6.3.1967;0;1
IMBILBENI;1;3.8.1959;0;1
GULMUNER;1;12.6.1965;0;1
NAZILDER;1;21.11.1969;0;1
NURAYLE;1;27.4.1974;0;1
MERTANE;1;20.12.1948;0;1
H.NECDET;1;10.2.1956;1;0
BAYTIYAR;1;27.8.1970;1;0
HAMIHA;1;26.2.1978;0;1
MEYZIME;1;26.3.1971;0;1
IVIZE;1;2.2.1951;0;1
MUDERYA;1;23.3.1951;0;1
ISMEHEN;2;11.11.1971;0;2
ISMAILGUL;1;6.3.1972;1;0
BIBIKHANIM;1;26.1.1960;0;1
ZEYNIABDIN;1;2.1.1987;1;0
GOLTANE;1;30.4.1942;0;1
URVAN;1;21.1.1961;1;0
KEFADI;1;14.2.1982;1;0
PERFIN;1;7.3.1952;0;1
TEBARE;1;6.3.1953;0;1
SENARYE;1;7.8.1977;0;1
MULASSA;1;1.6.1959;0;1
REFAKI;1;28.3.1955;1;0
MISAFIRE;2;16.10.1961;0;2
MUCETDET;1;27.2.1962;0;1
GULFISIYAH;1;10.5.1973;0;1
CIVARYE;1;17.7.1972;0;1
ASLANDOGAN;2;11.9.1958;2;0
ABAHAYAT;1;15.10.1958;0;1
TEFEKKUR;1;10.6.1963;1;0
SHAMAMA;1;8.7.1972;0;1
BEYSULUN;2;19.5.1941;0;2
NUPTOP;1;16.7.1945;0;1
PENIHAN;2;9.3.1961;0;2
MERZU;1;16.3.1953;0;1
ERDUBAN;1;27.1.1938;1;0
CILKUS;1;1.4.1938;0;1
ALISUURI;1;30.2.1959;1;0
MEVZIKE;1;7.3.1946;0;1
ZULABE;1;17.12.1950;0;1
GULPEVRAN;1;20.4.1954;0;1
GIBARE;1;23.2.1949;0;1
BEDANIYE;1;12.2.1983;0;1
GULOVEN;1;29.9.1944;0;1
AYSAFAK;1;11.9.1942;0;1
EYZANGUL;1;22.8.1967;0;1
RIMDIHAN;1;17.3.1960;0;1
KARADOGAN;2;6.2.1958;2;0
ZEYBEL;1;6.10.1935;0;1
KIYNET;1;3.2.1981;0;1
BOBERIYE;1;13.11.1951;0;1
SAYIDAGUL;1;1.6.1960;0;1
ABIHAYAT;2;11.1.1963;0;2
OZLENT;1;16.8.1976;1;0
SADRUIYE;1;6.7.1974;0;1
ENGEZER;1;9.6.1946;1;0
FIRAGE;1;23.4.1964;0;1
ARBI;1;2.8.1945;1;0
OZMET;1;17.4.1972;1;0
NESARIYE;1;17.12.1973;0;1
ERDINAL;1;11.3.1982;1;0
DINNER;1;9.3.1979;1;0
AFAMIYE;1;28.4.1967;0;1
KAYALP;1;1.4.1943;1;0
HALISTURKER;1;19.8.1941;1;0
NEVZUR;1;29.11.1961;1;0
SAZBIYE;1;17.8.1966;0;1
ZILAHI;1;22.8.1961;0;1
SANSGUL;1;22.4.1984;0;1
PAYLI;1;11.8.1940;1;0
NADIVE;1;25.5.1973;0;1
DAGDEVIR;1;2.12.1939;1;0
MESRIDE;1;2.8.1945;0;1
ILDUZE;1;8.3.1951;0;1
ALATAS;1;21.8.1940;1;0
NABATHANIM;1;29.10.1956;0;1
BAYOZDEN;1;25.7.1940;1;0
NEBAHAAT;1;1.5.1964;0;1
LEFTANEZ;1;30.9.1946;0;1
MEHURE;1;27.3.1938;0;1
BENIMSEN;1;20.4.1957;0;1
MURUVE;1;12.4.1948;0;1
MUKTERIP;1;27.6.1980;1;0
INCISTAN;1;27.12.1944;0;1
ZUMRUAL;1;2.9.1939;0;1
HUNDAN;1;22.9.1979;0;1
REZALE;1;26.5.1934;0;1
NEVIZZE;1;16.6.1948;0;1
MUFIYAZ;1;27.12.1952;0;1
FATMAKUL;1;25.5.1933;0;1
OZETMEN;1;21.5.1966;1;0
GULMAHAN;1;11.7.1954;0;1
MUSEYDAH;1;12.3.1971;0;1
TEKOL;2;4.12.1959;2;0
NAHARIN;1;16.4.1944;0;1
NEYIP;1;7.4.1992;1;0
FETAHANE;1;12.11.1951;0;1
AKDOGU;1;27.9.1938;1;0
MEYNUME;1;20.5.1945;0;1
SURLAN;1;21.3.1965;1;0
CICIGUN;1;16.6.1937;0;1
NASKET;1;2.2.1969;0;1
DORAK;1;7.9.1938;1;0
GUNKAY;1;12.3.1983;0;1
BIRCISTAN;1;22.3.1961;0;1
GULISMIHAN;1;20.12.1946;0;1
NECIMSEN;1;1.4.1966;0;1
GULDEPEN;1;26.2.1943;0;1
GULUMMUHAN;1;17.6.1946;0;1
ZELBINAZ;1;9.6.1969;0;1
SEMDULLAH;1;27.2.1961;1;0
REMRIYE;2;6.9.1968;0;2
SUDUSE;1;21.5.1982;0;1
NURSINDE;1;22.9.1967;0;1
GULDADIYE;1;10.2.1962;0;1
HECURE;1;25.9.1954;0;1
MAHIRIN;1;21.5.1971;0;1
MUZEHFER;1;22.1.1973;0;1
APTULHALIM;1;24.11.1960;1;0
YUCABI;1;8.3.1975;1;0
MEZUME;1;22.2.1935;0;1
APDULSAMET;1;26.5.1990;1;0
ZULFADIYE;1;26.7.1949;0;1
IHNAR;1;2.6.1942;0;1
FAITMA;1;28.3.1968;0;1
NEYFAN;1;27.11.1974;0;1
NARCI;1;6.2.1941;0;1
TEMBUR;1;8.1.1954;1;0
HIMIYRE;1;21.6.1960;0;1
RURAY;1;26.2.1978;0;1
ALPEZ;1;12.6.1988;1;0
FETTARIYE;1;26.2.1945;0;1
MUCELAP;1;20.3.1942;0;1
SAHNAZIYE;1;17.10.1942;0;1
TERMINAT;1;25.1.1941;0;1
ABDURRESAD;1;23.6.1991;1;0
SEFADA;3;18.7.1951;0;3
NERMUL;1;1.4.1974;0;1
CEVHERCAN;1;9.12.1983;0;1
NERZIFAN;1;22.7.1979;0;1
NARSEVIM;1;8.4.1963;0;1
GUNERER;1;7.2.1961;0;1
HADRET;1;11.2.1961;0;1
ABTINUR;1;16.7.1954;1;0
RUTBIN;1;26.12.1940;1;0
MUZELFI;1;11.5.1932;0;1
GULZUYAR;1;22.4.1961;0;1
MUAZAFFER;1;10.10.1970;1;0
CADAS;1;12.11.1980;1;0
ELTUTAN;2;18.7.1942;2;0
HALGUN;1;20.1.1940;0;1
SEFAYAT;1;13.3.1969;0;1
KHURSHUDKHANIM;1;3.7.1961;0;1
MUFERREF;1;23.8.1969;0;1
ULVIYYA;1;23.6.1977;0;1
NURTALI;1;15.2.1976;1;0
HECIHAN;1;11.4.1982;0;1
ZEYMAL;1;13.1.1963;1;0
MUKMIYE;1;2.4.1972;0;1
SEMTULLAH;1;17.2.1960;1;0
HECATI;1;5.2.1941;1;0
MAKMELIYE;1;28.3.1962;0;1
GUNKAR;1;3.3.1939;0;1
ZAFRIYE;1;20.7.1950;0;1
FEVZILAT;1;27.1.1966;0;1
HECABIYE;3;21.9.1957;0;3
SEDANIYE;1;25.10.1948;0;1
BALGIZ;4;16.1.1960;0;4
ADRUIYE;1;14.3.1953;0;1
KEBARIYE;1;28.2.1956;0;1
GULUMEHMER;1;24.4.1966;0;1
CEMIRADIYE;1;21.4.1958;0;1
ZENNEL;1;27.12.1962;1;0
FEHIMZER;1;11.4.1949;0;1
GAZIP;1;9.9.1940;1;0
SAVKAR;1;26.4.1984;1;0
REVAYETTIN;1;22.5.1971;1;0
ZIHNEDI;1;3.11.1973;0;1
SENTEM;1;11.11.1950;0;1
MUSAYISE;1;1.5.1960;0;1
BILGUM;1;3.8.1975;0;1
RAHMANCAN;1;3.4.1992;1;0
ECAYI;1;30.10.1951;1;0
ISILCAN;1;18.10.1981;0;1
ZADIDE;1;19.2.1977;0;1
ILOGA;1;27.10.1982;0;1
ILLAFE;1;1.3.1954;0;1
NISALETTIN;1;6.5.1984;1;0
AZIZETTIN;2;23.8.1961;2;0
VEZMIYE;1;23.4.1947;0;1
REFAZIYE;2;25.7.1974;0;2
INASER;1;22.6.1946;0;1
BOGAN;1;24.5.1940;0;1
REVHIDE;1;7.7.1966;0;1
NEBIYYUL;1;3.6.1945;0;1
BEHTIZE;1;22.3.1971;0;1
UBEYDET;1;18.12.1943;1;0
BISULAY;2;16.10.1966;0;2
NENAY;1;11.10.1966;0;1
SEKKE;2;30.12.1950;0;2
MIYRYAM;1;19.6.1983;0;1
SEVDAMET;1;5.9.1969;1;0
ISMUZAR;1;21.3.1963;0;1
SEGIRE;1;12.2.1965;0;1
AYBESIN;2;9.6.1982;0;2
MERIYAZ;1;16.4.1965;0;1
HICRAR;1;19.9.1948;0;1
NEJMIE;1;25.12.1976;0;1
FERDUM;1;1.5.1970;1;0
CAHINKER;1;22.4.1956;1;0
EVSET;2;25.5.1969;1;1
NEVIY;1;26.10.1961;0;1
MUZEKKAH;2;14.10.1941;2;0
SURABIYE;1;14.6.1932;0;1
GULMELDA;2;2.1.1979;0;2
OMRUNUR;1;25.7.1961;1;0
SAVETDIN;1;29.2.1948;1;0
NEMAME;1;28.9.1981;0;1
URISEL;2;11.7.1964;0;2
HOZUME;2;8.3.1955;0;2
HURINUSA;1;1.1.1953;0;1
ARPAY;1;12.2.1941;1;0
SULUR;2;6.4.1951;0;2
GULAFAT;1;2.1.1963;0;1
UKAYSE;1;12.6.1954;1;0
PEYHAMI;1;21.3.1957;1;0
CEBRADIYE;1;20.3.1960;0;1
MESABIYE;1;27.8.1926;0;1
LAMIIA;2;6.10.1974;0;2
SINVUR;1;7.9.1958;1;0
MULAFER;1;19.12.1975;0;1
UFEL;1;24.11.1947;0;1
BEHTINUR;1;26.2.1954;0;1
ULUGUL;1;12.8.1935;0;1
CIMRADIYE;2;17.10.1948;0;2
DOAY;1;25.11.1952;0;1
NEVZEM;1;13.6.1938;0;1
RAZMIYYA;1;25.4.1975;0;1
MUCIGAN;1;3.12.1947;0;1
MORCICEK;1;26.6.1970;0;1
SAYARE;2;23.11.1955;0;2
GORGUC;1;11.12.1938;1;0
SEKUFEI;1;29.11.1928;0;1
INDISER;1;6.9.1957;0;1
ABDULVAHDI;1;12.8.1935;1;0
INCELAY;1;28.1.1961;0;1
CANGAN;1;6.8.1975;1;0
ESFAMIYE;2;9.12.1955;0;2
VEANETTE;1;29.11.1973;0;1
SAALLA;1;16.7.1962;0;1
MEHDUME;1;26.10.1961;0;1
SEBAHER;1;9.1.1944;0;1
OVUZHAN;1;16.9.1962;1;0
IKLAY;1;16.11.1986;0;1
FIKRER;1;18.1.1941;1;0
SUMEYYANUR;1;29.8.1991;0;1
ZUKREN;1;3.4.1954;0;1
FICEL;1;10.1.1970;0;1
MUHIBBIR;1;27.2.1944;1;0
KAZANAN;1;6.11.1973;1;0
ATESE;1;17.4.1966;0;1
TOGRAL;1;15.1.1941;1;0
TASTIMUR;1;16.10.1970;1;0
FENNIRE;1;21.3.1963;0;1
TAGA;1;13.4.1988;1;0
CIADET;1;21.8.1946;0;1
URKENUR;1;20.10.1960;0;1
MAYBER;1;17.10.1966;0;1
HAYREM;1;29.7.1985;1;0
ERAYGUN;2;30.11.1971;2;0
MENFARE;2;4.3.1948;0;2
RUHUNAS;1;30.6.1958;0;1
ZULBIDDIN;1;27.7.1955;1;0
MURUVVED;2;27.10.1964;0;2
MEKTIYE;1;25.6.1942;0;1
VIRMAN;1;18.9.1974;0;1
KEMALCANER;1;9.4.1986;1;0
SENUYAN;1;21.4.1952;0;1
NUHRISER;1;16.11.1957;0;1
CEDKAN;1;24.4.1967;1;0
DIRAKET;1;28.1.1938;0;1
ZULFERUZE;1;29.11.1951;0;1
SERUDE;1;22.7.1956;0;1
SEYRUNNISAH;1;7.7.1952;0;1
HUKUMSUR;1;17.1.1966;1;0
ZENNUH;1;3.11.1964;1;0
REYET;1;7.8.1940;0;1
MUMEYZA;1;16.8.1969;0;1
GURURHAN;1;28.6.1944;0;1
MAHUBER;1;2.7.1941;0;1
AKINTAN;1;18.12.1964;1;0
MUCAI;1;3.11.1964;1;0
PEKGEL;1;19.11.1939;0;1
ERDNIC;1;28.7.1960;1;0
ABTULMECIT;1;16.1.1968;1;0
FIRAKET;2;13.5.1946;0;2
SEYDIGAN;1;27.2.1962;1;0
MESRARIYE;1;4.3.1954;0;1
MINDAL;1;27.11.1946;0;1
ERGUM;3;1.2.1970;1;2
GULKENAR;1;9.3.1939;0;1
AYELI;1;11.3.1936;0;1
BELKIRAZ;3;24.9.1961;0;3
PAYICAN;1;28.2.1970;0;1
BETULKAYA;1;16.12.1961;0;1
NUREHSAN;1;22.4.1987;0;1
GYULDER;1;5.10.1963;0;1
MUAKAR;1;19.5.1968;1;0
MUTEZET;1;7.2.1934;0;1
NICAMI;1;27.12.1962;1;0
YURDESEL;1;8.11.1949;1;0
KEFATTIN;2;12.1.1984;2;0
BERNAND;1;10.7.1973;1;0
GUCLUCAN;1;15.12.1971;1;0
MUZEYFI;1;5.8.1976;0;1
IBRI;1;8.2.1944;1;0
TESRIYE;1;22.7.1943;0;1
GULVEZIYE;1;9.10.1933;0;1
AKCETIN;1;4.2.1940;1;0
RUDVER;1;27.6.1956;0;1
ZERNEN;1;20.2.1943;0;1
LERBAN;1;27.7.1932;0;1
ILTUTAN;1;12.12.1932;1;0
YESUGAN;1;19.1.1936;0;1
SEREYE;1;24.1.1941;0;1
ICRAR;1;19.5.1946;0;1
TUNCAAY;1;5.6.1938;1;0
AYDINBAY;1;8.3.1942;1;0
SILAK;1;18.1.1939;1;0
SESCAN;1;26.10.1961;0;1
BINNEBAZ;1;6.6.1951;0;1
MASMA;2;20.1.1971;0;2
SANGUR;1;27.4.1939;1;0
URDUHAN;1;29.9.1941;0;1
NEYTTULLAH;3;7.5.1990;3;0
ZELEYYA;1;28.10.1964;0;1
ENCISER;1;10.7.1946;0;1
ENAYDIN;1;1.3.1967;1;0
SOLAC;1;29.10.1985;1;0
NURDIFE;1;23.9.1969;0;1
ERTOGAN;1;27.10.1938;1;0
CALAYIR;1;1.3.1936;1;0
KEFAYETTIN;1;23.5.1960;1;0
CAHADDIN;1;20.7.1953;1;0
ALANC;1;29.5.1945;1;0
IFSAT;1;2.6.1945;0;1
KURANSEL;1;6.6.1977;0;1
SIRMEL;1;1.12.1966;0;1
ERDEV;1;15.1.1943;1;0
MERSUY;1;26.5.1948;0;1
KIZTEMAN;1;17.3.1948;0;1
ULUBE;1;29.10.1980;0;1
HUNCER;1;6.3.1947;0;1
UCESTA;1;2.8.1957;0;1
NARGULER;2;17.4.1968;0;2
NIHAZ;1;1.8.1943;0;1
AKANDE;2;20.3.1989;0;2
BELKIISA;1;16.3.1952;0;1
URKANIM;2;16.5.1967;0;2
MUSANBER;1;2.1.1957;1;0
RAMIZIYE;2;21.9.1945;0;2
SIFEKEN;1;18.1.1960;0;1
MIRASER;1;13.12.1974;0;1
VADICE;1;7.5.1958;0;1
IHBARA;1;7.5.1953;0;1
MEVRUZ;1;23.5.1974;1;0
YAZEN;1;30.6.1982;0;1
ELAZIM;2;9.3.1959;2;0
ZIKIRULLAH;1;23.4.1960;1;0
HALIZA;3;19.8.1932;0;3
HOREM;1;14.2.1956;0;1
SEDIDAR;1;27.5.1956;1;0
ZELHUNE;1;5.9.1962;0;1
SELEMIYE;2;20.8.1952;0;2
ZUMBULGUL;1;2.2.1933;0;1
ERDEVIL;4;26.4.1961;4;0
TASCI;1;15.7.1940;1;0
SAKIBET;1;12.3.1941;1;0
GUNNAHAL;1;23.12.1964;0;1
ISIKTAS;1;27.12.1938;1;0
ALINCAK;2;18.10.1940;0;2
KOSMAZ;1;7.5.1940;1;0
SARGIYYE;1;22.6.1973;0;1
SERBIYEN;1;5.12.1952;0;1
YASAYE;1;23.5.1974;0;1
OKSIM;1;8.12.1966;1;0
ERGELEN;1;24.3.1939;1;0
UNNAR;1;17.11.1957;1;0
FIRIYA;1;17.2.1972;0;1
CELIKOZ;1;6.2.1939;1;0
MUSFIKAN;1;10.7.1979;0;1
SEREMETTIN;1;26.7.1943;1;0
UZKURD;1;8.3.1939;1;0
SELBIHATUN;1;17.12.1936;0;1
SERFANI;1;16.2.1989;0;1
UHUSHAN;1;8.3.1965;1;0
MAPGILE;2;17.4.1954;0;2
BUTEKIN;1;30.4.1942;1;0
ILLEN;1;24.8.1976;0;1
FARDUN;1;8.3.1973;1;0
GULGONDU;1;22.8.1937;0;1
KAIP;1;8.10.1935;1;0
GULERRIYE;1;7.4.1975;0;1
FEHDAYI;1;1.5.1972;1;0
UNSELME;1;26.2.1976;0;1
MIYERSE;1;2.1.1955;0;1
MUGADDIS;2;27.2.1956;0;2
MUTILLAH;1;9.6.1934;1;0
SERFANIYE;1;19.10.1959;0;1
CESNINAZ;1;15.7.1959;0;1
FILISTIYE;1;6.5.1964;0;1
KADIZ;1;6.4.1963;0;1
NESAYETTIN;1;27.2.1992;1;0
GULCEYRA;1;13.5.1940;0;1
OGRENC;1;16.12.1943;1;0
EFHANIYE;1;13.9.1962;0;1
ZERGELAM;1;16.1.1972;0;1
ZIKURULLAH;1;14.5.1958;1;0
AKTULUM;1;1.6.1938;0;1
PUSBER;1;18.1.1981;0;1
OUMOU;1;28.8.1964;0;1
BALAZ;1;20.1.1940;0;1
GULLUZARIYE;1;18.10.1978;0;1
GULLAM;1;27.6.1966;0;1
ZUNBULGUL;1;16.10.1932;0;1
ZULFUNE;1;16.12.1954;0;1
CENESIP;1;23.6.1961;1;0
OZVATAN;1;1.2.1941;1;0
BITIYE;1;23.1.1973;0;1
CUSGUN;1;28.8.1962;1;0
CANAGA;2;20.1.1973;2;0
OTTO;2;29.1.1956;2;0
PEHLILDANE;1;16.10.1966;1;0
FERADIS;1;13.10.1950;0;1
TEVFIS;1;1.2.1946;0;1
HAYLAT;1;28.5.1944;1;0
HELKER;1;15.10.1957;0;1
FILINTI;1;4.10.1991;1;0
AFETE;1;4.10.1932;0;1
ALPTURESIN;1;11.4.1972;1;0
SESMUNAZ;1;3.11.1951;0;1
ELIFSIM;1;4.3.1991;0;1
GULAVAT;4;11.3.1962;0;4
KURTULUSSAVAS;1;25.5.1975;1;0
E;2;5.1.1960;0;2
NESLIYAR;2;15.8.1950;0;2
SEVINCGUN;1;19.4.1937;0;1
SERYIGIT;1;15.8.1989;1;0
SERFIZE;1;21.2.1926;0;1
NORYEZDAN;1;12.8.1932;0;1
BELMUR;1;15.7.1974;1;0
KERAMAT;1;7.9.1970;0;1
ABDULKADIRCAN;1;10.5.1964;1;0
DAS;2;22.3.1944;2;0
DUL;1;17.7.1948;0;1
EKTAN;2;15.8.1971;2;0
IHAP;2;11.7.1954;2;0
ELIFETURKAN;1;22.6.1949;0;1
MAVIR;1;16.2.1980;1;0
HAKLI;1;19.6.1977;1;0
MALSUME;1;22.8.1949;0;1
ARGEN;1;17.6.1971;1;0
HAKSAL;1;20.8.1970;1;0
FEHZIYE;1;7.8.1961;0;1
APTULMETIN;1;8.1.1961;1;0
GAMIDA;1;13.10.1976;0;1
AYIXIAMU;1;21.1.1961;0;1
MELMA;2;1.6.1949;0;2
BEKTER;1;23.10.1946;1;0
ALPSAN;1;20.5.1965;1;0
MARCIA;1;3.10.1938;0;1
REBEKAH;1;9.10.1989;0;1
ADIBIYE;1;29.9.1966;0;1
HIDAYETIYE;1;12.4.1959;0;1
TUNSEV;1;16.5.1989;0;1
ZEVKINE;1;27.2.1938;0;1
ZAHIMA;1;9.2.1963;0;1
RIDIFE;1;21.7.1975;0;1
GUNSIR;1;6.5.1947;0;1
SENDEVAL;1;6.3.1967;1;0
OZLIYE;1;2.12.1974;0;1
BIRMAHI;1;26.2.1958;1;0
YANUS;1;14.4.1964;1;0
GUNINDI;1;28.3.1940;0;1
KHATMIKYZ;1;22.8.1951;0;1
NAGIYEVA;1;28.2.1976;0;1
BEYRIHAN;1;6.5.1966;0;1
SAGFURE;1;28.8.1949;0;1
AYNAKHANIM;1;1.1.1953;0;1
BAHREN;2;26.6.1959;0;2
HARYE;1;22.2.1951;0;1
ALICABI;1;10.4.1945;1;0
SEFUT;1;14.11.1959;1;0
RICALI;3;8.11.1956;2;1
BORAKAMIL;1;8.9.1975;1;0
MINDAHA;2;19.7.1948;0;2
ARKUS;1;1.4.1964;0;1
AYSEINUR;1;11.8.1974;0;1
HASAK;1;24.9.1939;1;0
FATMAPAKIZE;1;26.9.1928;0;1
DUGANIYE;1;1.9.1958;0;1
UZEY;2;11.7.1963;0;2
HAZETTIN;1;26.9.1990;1;0
UTKANE;1;6.10.1938;0;1
MIRESDA;1;15.12.1966;0;1
MITHER;1;6.11.1966;0;1
OGUZARSLAN;1;7.11.1934;1;0
SEFIYET;1;12.3.1945;0;1
HEBRUKE;1;2.12.1946;0;1
ARMUHAN;1;6.4.1979;0;1
GUMRUHAN;2;25.3.1959;0;2
GARAGOZ;1;21.11.1975;0;1
ISMICAMI;1;16.9.1955;0;1
MERBEN;1;24.6.1967;0;1
HACERIYYE;1;7.4.1964;0;1
ATUMAN;1;29.7.1948;1;0
HIZLAN;2;10.7.1979;2;0
SAYEGEN;1;29.10.1964;0;1
HEDIBIYE;1;4.2.1942;0;1
MEVLUDIYYE;1;26.12.1953;0;1
NEZMIRE;1;28.8.1967;0;1
KARADUMAN;2;30.8.1937;2;0
NIRDA;1;10.6.1962;0;1
MAKTUDE;1;25.12.1963;0;1
LEZZE;1;12.2.1947;0;1
BERGUF;1;24.6.1972;1;0
SAAIP;1;20.9.1966;1;0
ZULKHUMOR;1;17.4.1968;0;1
HUVEYLET;1;1.8.1974;0;1
SABRIYEI;1;10.9.1945;0;1
KEMERLI;1;4.4.1967;1;0
MENDANE;3;23.12.1959;0;3
MIDARA;1;16.5.1975;0;1
AYIL;1;6.11.1955;1;0
SURAZ;1;19.12.1975;0;1
VOLKAR;1;9.4.1979;1;0
LEFIMA;1;27.2.1974;0;1
ZUCEL;1;26.12.1958;0;1
AZMIR;1;17.4.1983;1;0
ISADEMIR;1;16.11.1959;1;0
REAY;1;24.6.1983;1;0
ZULKIDAR;1;1.2.1960;0;1
GAMERETTIN;1;23.8.1959;1;0
LAHILA;1;25.11.1961;0;1
DIJLAHAN;1;6.6.1977;0;1
TACINAR;1;27.9.1980;0;1
SELEY;1;16.12.1982;0;1
MAYTAPKA;1;12.8.1935;0;1
USBEN;1;26.3.1977;1;0
M.MITHAT;1;14.1.1953;1;0
SEIYE;1;17.8.1954;0;1
SACGUL;2;11.8.1972;0;2
NUHTENA;1;11.10.1960;0;1
EMINGADIN;1;2.5.1950;0;1
HALIMALAETTIN;1;11.5.1962;1;0
ICLALONUR;1;15.2.1964;0;1
MEHUYE;1;3.4.1931;0;1
NURCEHAL;1;6.10.1973;0;1
BEKTURE;1;14.10.1934;0;1
NEDRAIM;2;26.3.1958;2;0
BEVIM;1;22.2.1973;0;1
SUGRAN;1;23.4.1966;0;1
SANSETTIN;1;28.2.1972;1;0
BADIHE;2;25.8.1973;0;2
RANAGUL;1;13.2.1960;0;1
SUKRE;1;6.5.1972;0;1
FIYEN;1;24.1.1943;0;1
MURATKADIR;1;9.4.1990;1;0
NUREV;1;27.7.1981;0;1
ZULKARE;1;10.7.1981;1;0
ZEHRESTE;1;6.10.1938;0;1
RAIGA;1;7.1.1955;0;1
NAZIMITE;1;12.8.1941;0;1
GOZBEN;1;2.4.1988;0;1
SOYLIYA;1;6.4.1947;0;1
UMM;1;6.2.1984;0;1
GUVERDIK;1;27.2.1974;1;0
MUKAYES;1;11.11.1969;0;1
SUBUTIYE;3;8.9.1959;0;3
CUMHURBAY;1;2.10.1947;1;0
PARSIN;2;20.9.1962;2;0
MESGURIYE;1;22.11.1973;0;1
ULFUNAZ;1;15.11.1941;0;1
FERAHGUN;1;25.9.1943;1;0
GUNORTAC;1;6.5.1977;1;0
PENDIZER;1;17.4.1924;1;0
SHARGIYA;2;30.10.1962;0;2
TACIYYE;1;16.1.1992;0;1
SAHENUR;1;23.12.1986;0;1
GEYLA;1;1.7.1944;0;1
PILETON;1;7.3.1946;1;0
OZCAKIR;2;26.11.1953;2;0
SELCUKAY;1;19.12.1942;1;0
MIFTADE;1;1.11.1948;0;1
MUYEESSER;1;7.6.1964;0;1
NURSELBI;1;13.5.1985;0;1
SERGIHAN;1;2.2.1963;0;1
SERVVER;1;29.7.1980;1;0
ZEHLUL;1;22.7.1954;0;1
TALAA;1;6.4.1943;0;1
TUMDENIZ;1;11.2.1975;1;0
NEFISAR;1;30.1.1978;0;1
FEVHAN;1;17.2.1942;0;1
HUBYAZ;1;28.5.1942;0;1
BELSEL;1;20.7.1940;1;0
GULSABIR;1;30.12.1983;0;1
HASRIHAN;1;9.7.1957;0;1
NIZAMMEDDIN;1;13.6.1985;1;0
MUTEZYIN;1;15.5.1987;0;1
ZURKAN;1;10.10.1946;0;1
MESMUNE;4;4.1.1976;0;4
UGRASIM;1;9.3.1987;1;0
OKTEMAY;1;14.7.1982;0;1
FAYIMAN;1;23.5.1942;0;1
BELKAYAHAN;1;12.10.1935;0;1
TASANSU;2;24.3.1985;2;0
YETEROZVER;1;11.6.1981;0;1
GANITA;1;12.2.1971;0;1
NADIIA;1;19.5.1970;0;1
M.MUHTAR;1;27.10.1934;1;0
MUCDAHIT;1;6.7.1958;1;0
BEFURIYE;1;7.8.1946;0;1
MIRGUS;1;12.8.1941;0;1
MACIME;1;4.5.1933;0;1
RUETTIN;1;15.6.1947;1;0
NURMETTIN;2;28.4.1960;2;0
M.HILKAT;1;9.3.1956;1;0
HELAS;1;10.3.1958;1;0
KILUMAN;1;23.5.1921;0;1
CANKUTMAR;1;4.11.1980;0;1
DJULJJETA;1;17.3.1967;0;1
ZETIFE;3;22.12.1980;0;3
KONAL;1;25.9.1945;1;0
KHIRDAKHANIM;1;27.10.1963;0;1
BINAER;1;2.2.1975;0;1
GICDEM;1;23.11.1969;0;1
SEBZELI;1;12.8.1953;1;0
NAVCAGAN;1;18.4.1986;0;1
UFERA;1;26.2.1972;0;1
TSVETANKA;1;16.4.1949;0;1
ABDULVECDI;1;29.3.1950;1;0
ANURET;1;3.8.1968;0;1
NURDOVLET;1;2.3.1951;0;1
GURJA;1;15.10.1973;0;1
HABDI;1;10.2.1957;1;0
CIYANGUL;1;24.7.1973;0;1
MEHSUBE;1;11.12.1955;0;1
FERINE;1;30.5.1940;0;1
CARLOTTA;1;11.2.1936;0;1
ADELHEID;1;15.6.1943;0;1
MAZIKAR;1;14.4.1960;0;1
HA;1;1.2.1954;1;0
SEVLERIYE;1;13.5.1967;0;1
NURSUYA;1;7.7.1946;0;1
MUZALIFE;1;14.4.1927;0;1
ABDULYENER;1;1.10.1977;1;0
VEKILAY;1;21.5.1975;0;1
SEVMIN;2;16.5.1961;0;2
TARSUSE;1;20.7.1943;0;1
SIFAYIDE;1;25.3.1961;0;1
BAZAKA;1;23.4.1941;0;1
EVINNUR;1;7.12.1940;0;1
MUCEVRIYE;1;25.11.1958;0;1
TANAC;1;21.4.1939;0;1
DILEFSER;1;14.12.1926;0;1
SEMUNGAZI;1;7.3.1965;1;0
MITATZAFER;1;4.11.1967;1;0
PIAANGLA;1;22.6.1970;0;1
SAMYELI;1;2.1.1992;0;1
DURANEDDIN;1;17.2.1947;1;0
ERJIBET;1;24.3.1920;0;1
GULAHSEN;2;27.7.1970;0;2
ULDUZE;1;30.1.1962;0;1
RENIM;1;26.6.1956;0;1
IRCANIK;1;27.4.1944;0;1
MUCARIYE;1;1.6.1972;0;1
MYKADES;1;12.10.1961;0;1
KIMEY;1;27.2.1956;0;1
GUMRAIL;1;17.7.1948;1;0
VADHA.GUL;1;6.6.1975;0;1
MEVDE;1;6.2.1957;0;1
MEMESNURE;1;12.4.1929;0;1
FEHMIA;1;11.1.1938;0;1
GULZIYNET;1;26.8.1990;0;1
ILVIDE;1;7.8.1952;0;1
SENDILEK;1;2.10.1969;1;0
YIKERE;1;27.5.1924;0;1
NURDOVA;1;30.6.1966;1;0
OKKEM;1;25.4.1962;1;0
SAHAYAN;1;17.2.1966;0;1
HICABIL;1;14.3.1953;1;0
EYNUL;1;22.11.1947;1;0
MUAZZAR;1;18.11.1937;0;1
NUNINE;1;2.2.1969;0;1
IRFAY;1;28.7.1958;1;0
FERUHSER;1;2.11.1952;0;1
RUHIGEN;1;16.6.1939;0;1
FIMI;1;18.5.1973;0;1
ILIMUN;1;17.12.1963;0;1
NURIYEAY;1;27.12.1962;0;1
KANKILIC;2;26.8.1947;2;0
NURIHAK;1;6.3.1954;1;0
SUANAT;1;27.5.1989;0;1
MUBAZEL;1;12.2.1953;0;1
SENYOL;1;15.7.1949;1;0
SEHVIK;1;8.8.1971;1;0
EJDIR;1;9.2.1964;1;0
FUTUAT;1;12.1.1941;0;1
RAVIYDE;1;23.6.1949;0;1
ERDORUM;1;25.2.1960;1;0
GULHEREM;1;9.7.1988;0;1
GIZIL;3;17.4.1985;0;3
VEYPI;1;21.4.1971;1;0
ZEYME;1;21.11.1952;0;1
SABIYNE;1;16.7.1970;0;1
SAIDITTIN;1;28.8.1943;1;0
ELMADE;1;27.9.1967;0;1
MEVLUTUNSAL;1;28.6.1971;1;0
HUDAYYET;1;6.10.1974;1;0
NEJIM;1;16.2.1961;0;1
HUMBUYE;1;9.6.1967;0;1
ENCIMAN;1;22.2.1961;0;1
AYDACA;1;9.3.1946;0;1
SIMSAF;1;11.11.1937;0;1
DILLIA;1;23.7.1958;0;1
ZULFIKE;1;10.5.1946;0;1
OZDIKMEN;1;11.1.1939;1;0
CUMAGAZI;1;8.9.1959;1;0
GULDAVET;1;10.10.1966;0;1
TAJET;2;26.3.1956;0;2
RAMID;1;5.2.1968;1;0
ILMIHASAN;1;15.1.1956;1;0
BIRIMAY;1;26.8.1940;0;1
HSAN;1;12.9.1932;1;0
BALISEN;1;9.12.1981;0;1
DELVIYE;1;2.8.1927;0;1
GULPERER;1;8.1.1979;0;1
AZIZENUR;1;5.6.1986;0;1
ZIRAFE;2;17.3.1975;0;2
CEFARE;1;21.12.1977;0;1
ESEFINAS;1;24.4.1944;0;1
UMMAHANGUL;1;27.1.1978;0;1
BILBUS;1;15.4.1963;0;1
NEBRETIYE;1;7.9.1958;0;1
HASGUN;2;24.8.1955;0;2
KARALIL;1;30.4.1941;0;1
GOLBUS;1;21.9.1940;0;1
SEHCEHAT;1;21.9.1944;0;1
IPTALIYE;1;13.2.1971;0;1
AYAH;1;18.4.1987;0;1
TAHIRULMEVLEVI;1;19.3.1960;1;0
YASAYCAN;1;22.6.1967;0;1
SOHIYLE;1;19.5.1930;0;1
ECBER;1;26.9.1978;1;0
SOYGUT;1;18.5.1967;1;0
SEZAYNUR;1;27.6.1974;0;1
BESRAA;1;1.4.1962;0;1
MEFSIDE;1;8.6.1990;0;1
ZIYATTEN;1;27.1.1958;0;1
KAMCERI;1;16.9.1985;1;0
HUMERIYA;1;28.2.1968;0;1
TEYMA;1;20.12.1986;0;1
M.MEMDUH;1;16.2.1934;1;0
BAKTINUR;1;15.7.1968;0;1
GULDANIR;1;23.6.1978;0;1
AYKU;1;26.2.1981;0;1
JAHAN;1;15.10.1968;0;1
ASUGIZEM;1;22.8.1991;0;1
ROCUVAN;1;11.2.1967;1;0
NESLIGUR;2;1.9.1952;0;2
LUCRECIA;1;16.6.1963;0;1
ZUMRUHAL;1;24.4.1964;0;1
MUHRENUR;1;2.3.1957;0;1
PAMBE;1;23.2.1985;0;1
CAHATAY;1;14.11.1991;1;0
KADENFER;2;22.6.1949;2;0
YURGEN;1;11.11.1960;0;1
ZERCANE;2;1.8.1955;0;2
HIDAZE;1;18.11.1922;0;1
DEHEMEF;1;27.10.1964;0;1
ZEYTUR;1;6.3.1950;0;1
ABDULEMIR;1;9.2.1934;1;0
MERATIN;1;1.1.1948;1;0
AYYEL;2;13.12.1963;0;2
BEKRIN;1;13.3.1963;0;1
AHSES;1;29.5.1938;0;1
ERDAIL;1;7.8.1964;1;0
SASRIYE;1;12.8.1935;0;1
BEHMIN;1;21.2.1942;1;0
TERJINUR;1;6.9.1959;0;1
MUNECCEL;2;23.7.1953;0;2
FEZARIKE;1;11.4.1963;0;1
ODEMIS;1;25.10.1938;1;0
SAZIHAT;1;14.5.1934;0;1
NEVLIVAN;1;22.3.1937;0;1
SIYAVER;1;22.1.1931;0;1
SEMGI;1;12.3.1935;1;0
GULAFFER;1;16.2.1939;0;1
SEHRUZAT;1;2.7.1960;0;1
MEFLURI;1;7.8.1952;1;0
YULTEN;1;4.4.1976;0;1
TOKSUN;1;16.5.1941;1;0
UMUSELIME;1;23.5.1937;0;1
MENZURET;1;17.2.1960;0;1
MERUNDE;1;12.10.1945;0;1
ISNEVER;1;12.7.1965;0;1
EZAFIYE;1;29.6.1947;0;1
RESRIN;1;26.2.1965;0;1
ATBIYE;1;5.6.1974;0;1
MUSTEVA;1;1.9.1977;1;0
SUREYAT;1;18.11.1962;0;1
KARATEN;1;8.12.1940;0;1
IFTARIN;1;21.11.1945;1;0
CEVAHIDE;1;25.8.1931;0;1
AYBIHAN;1;21.4.1972;0;1
SIRLAN;1;25.5.1940;1;0
ZULBAR;1;6.2.1957;1;0
CEHIM;1;12.1.1944;1;0
UZIRYE;1;28.10.1956;0;1
INCINAY;2;30.10.1972;0;2
FERZUDE;1;4.3.1946;0;1
PSIMEF;1;17.9.1966;1;0
TULKEN;1;20.7.1932;0;1
ADAMRIZA;1;11.5.1954;1;0
MUDAVENET;1;26.2.1930;0;1
BESLENI;1;14.9.1976;1;0
ABDULZULKAR;1;2.5.1963;1;0
LIFTIN;1;22.2.1937;1;0
SUBEYDIYE;2;3.12.1971;0;2
SHAHNISA;1;28.12.1978;0;1
NURUNIGAR;1;12.1.1947;0;1
FERGAL;1;20.8.1989;1;0
URHANIM;1;2.2.1951;0;1
MURSELINE;1;27.8.1968;0;1
EFRES;1;6.1.1963;0;1
SERUNDE;1;16.1.1978;0;1
UMMOHAN;1;15.5.1938;0;1
SELFIZE;1;16.10.1939;0;1
FALUZE;1;5.3.1930;0;1
ALIHAT;1;26.12.1947;0;1
TAYYIME;1;21.7.1947;0;1
TECANUR;1;26.2.1975;0;1
NARBUTA;1;6.11.1975;0;1
YARASUL;1;5.2.1957;1;0
SUCALET;1;6.3.1962;0;1
MUCUKAN;1;11.10.1970;0;1
ZUFDIYE;1;3.9.1949;0;1
MIYESSSER;1;17.1.1984;0;1
IMAZET;1;18.3.1971;0;1
ICTER;1;14.10.1981;0;1
NURAYED;1;2.8.1970;0;1
CAHIP;1;20.10.1970;1;0
NAVESE;1;8.7.1970;0;1
ABDULMUSTALIP;1;6.12.1963;1;0
SETINAY;1;17.12.1983;0;1
HASTEN;1;26.8.1955;0;1
CETME;1;24.1.1939;1;0
BAKINDE;1;22.12.1953;0;1
SOVKAT;2;16.1.1964;0;2
SERVINUR;1;1.11.1940;0;1
KUSEN;1;24.12.1961;0;1
MUSELFE;1;24.3.1955;0;1
HURIGILMAN;1;27.12.1967;0;1
DINDAS;1;9.4.1976;0;1
HURMETTIN;1;27.1.1968;1;0
MUCAYIN;1;16.8.1976;1;0
GULERUYE;1;8.6.1945;0;1
NURCUVET;1;24.6.1974;0;1
NURUALA;1;19.10.1949;0;1
KULAZIM;1;1.1.1946;0;1
GULGERDE;1;12.2.1965;0;1
KARESI;1;1.9.1941;1;0
ZIRANG;1;13.1.1983;0;1
PENBETEN;1;5.6.1937;0;1
SURALIYE;1;21.5.1944;0;1
UZIN;1;22.7.1938;0;1
AYFERIZ;1;15.4.1978;1;0
YALCAN;1;15.12.1959;1;0
GEYSI;1;3.2.1937;0;1
APTULMUHTELIP;1;17.2.1950;1;0
PARSUN;1;16.12.1931;1;0
PELKUZE;1;10.5.1953;0;1
MAMIDA;1;16.6.1969;0;1
SEFKETTIN;1;18.3.1958;1;0
C.METIN;1;27.3.1944;1;0
MEHLUGA;1;20.4.1973;0;1
NARETTEN;1;6.12.1969;0;1
LUTIF;1;20.8.1974;1;0
BIRRIYE;1;18.6.1974;0;1
SAFIZAN;1;21.10.1947;0;1
GULMANE;1;22.10.1975;0;1
GETIBE;1;18.2.1967;0;1
VENZIYE;1;17.11.1970;0;1
MUTMINAT;1;21.2.1978;0;1
NURAYAZ;1;12.2.1988;0;1
ERKIRAZ;1;17.4.1972;0;1
SERKIYYE;1;6.4.1967;0;1
IBRANI;1;27.8.1971;1;0
MOTULLAH;2;18.7.1962;2;0
VELIYYUTTIN;1;7.8.1928;1;0
URFANETTIN;1;3.2.1947;1;0
CEMIYAN;1;15.1.1977;0;1
TASKESEN;1;7.8.1934;1;0
AKTOP;1;2.3.1939;1;0
KHOCHGADAM;1;6.5.1974;0;1
GULMIHAR;2;22.7.1956;0;2
AKGUNES;1;26.12.1940;0;1
SEYARIYE;1;17.6.1955;0;1
SAYGER;1;9.7.1943;0;1
DINSEVEN;1;23.11.1961;0;1
NIKAIR;1;3.12.1955;1;0
SAVVALIYE;1;1.10.1948;0;1
BENEVSA;1;23.11.1965;0;1
MUDEVET;2;27.4.1963;0;2
ZAHIYTE;1;24.1.1965;0;1
TANKIZ;1;6.6.1937;0;1
MURZIYE;1;23.2.1949;0;1
ZUNBIRE;1;7.8.1928;0;1
RUMIYYE;1;22.7.1982;0;1
MUZEDCEL;1;18.9.1961;0;1
GYZKHANYM;1;21.10.1964;0;1
ELFEC;1;11.2.1954;0;1
GULBUZAR;1;9.3.1951;0;1
SOURA;1;1.2.1958;0;1
ZARIYET;2;24.4.1964;0;2
MUZALFA;1;18.11.1948;0;1
MINAYAT;1;5.8.1975;0;1
MENBEHAT;1;3.6.1945;0;1
RUHVAR;1;12.3.1941;1;0
CHOVKET;1;15.1.1973;0;1
HAYTIN;1;3.6.1963;0;1
FAGRETIN;1;29.12.1973;1;0
CENABU;1;5.4.1945;1;0
CANGOL;1;25.5.1935;0;1
ZEYNIDIYAR;1;15.2.1955;1;0
ETFANI;2;16.1.1938;1;1
GIDJIRAN;1;29.6.1963;0;1
GULTURUN;1;7.2.1970;0;1
NIGAHET;1;11.1.1939;0;1
LIRGIN;1;10.8.1974;0;1
MUKBANE;1;11.11.1949;0;1
GULDIKMEN;1;11.2.1945;0;1
ALLAHSUKUR;1;19.9.1991;1;0
GULTEMAN;1;1.2.1947;0;1
NUSFURE;1;18.6.1939;0;1
NEVAYETTIN;1;6.10.1962;1;0
KHASSIYA;1;16.2.1969;0;1
MEFAYIRE;1;16.7.1958;0;1
SINELUZAR;1;22.2.1967;0;1
BANOVCHA;1;6.6.1973;0;1
MANAMSA;1;25.4.1959;0;1
GOCHMAF;1;13.4.1959;0;1
DINAMAZ;1;9.2.1958;0;1
FURZEDE;1;27.8.1926;0;1
NAYSUN;1;8.11.1975;0;1
TURFEN;1;29.3.1946;1;0
ZULEYAN;2;8.3.1967;0;2
YELNAZ;1;25.5.1973;1;0
MAYHANE;1;30.7.1945;0;1
SANSUN;1;20.9.1968;0;1
ISKANDIYAR;2;21.4.1961;2;0
KUTBEY;1;28.6.1991;1;0
VALODE;1;11.8.1938;1;0
BAHRISER;3;13.11.1953;0;3
ILENA;1;21.2.1965;0;1
SEMRADIYE;1;16.3.1960;0;1
DOGAR;1;7.2.1940;1;0
SEHEYDA;1;11.7.1954;0;1
NOUBAR;1;9.1.1963;0;1
GORDOGAN;1;17.2.1954;1;0
SEVRAVAT;1;26.3.1939;0;1
GULYURDU;1;24.10.1981;0;1
ELTERIS;1;22.5.1949;0;1
FILDET;1;16.2.1938;0;1
TURKENUR;1;1.6.1979;0;1
KUTMIR;13;23.6.1965;13;0
NURKADRIYE;2;30.6.1943;0;2
AYCIT;1;30.12.1983;1;0
KIBAYI;2;16.9.1968;0;2
GULAZZAM;1;1.12.1955;0;1
FELEKSIYE;1;22.2.1955;0;1
YUHADIN;1;27.1.1950;0;1
SUABIYE;2;2.9.1941;0;2
YURDAKUR;1;1.1.1;0;1
MUSEFET;1;25.2.1943;0;1
GULAETTIN;1;21.5.1966;1;0
SEYTUR;1;10.4.1982;1;0
BILKAP;1;1.1.1975;1;0
ILMUHANIYE;1;21.1.1984;0;1
SEVGIT;1;20.6.1973;1;0
MUHACIP;1;9.4.1954;1;0
TEFAYIK;1;22.12.1949;0;1
GULERZEM;1;1.9.1978;0;1
MENRIKE;1;2.11.1945;0;1
LALENDE;1;4.12.1968;0;1
RUKHSARA;1;8.12.1959;0;1
RESEL;2;10.5.1965;1;1
ZULGAM;1;9.3.1969;1;0
URGUZE;1;21.4.1970;0;1
HAKKULLAH;1;11.11.1986;1;0
HEGIGET;2;4.9.1960;0;2
ZEZEN;1;19.12.1964;1;0
ERFIDA;1;12.2.1929;0;1
LUTFIDE;1;26.2.1959;0;1
KOLFIYE;1;12.6.1929;0;1
SADDER;1;1.12.1978;0;1
SEFAMET;1;4.12.1979;0;1
MELYE;1;6.6.1969;0;1
YILDIZAN;1;13.2.1935;0;1
ALTINOLUK;1;1.5.1959;1;0
USUMI;1;9.6.1977;1;0
ALCI;2;14.10.1952;2;0
SHOIRA;1;23.1.1984;0;1
VAGDE;1;19.5.1950;0;1
PERAHI;1;5.7.1968;0;1
NEYIK;1;6.10.1971;0;1
SECAHIL;1;16.7.1950;0;1
NEKTANE;1;18.5.1972;0;1
SUVIBE;3;11.12.1940;0;3
SELDANAZ;1;16.9.1988;0;1
KADERETTIN;1;18.10.1966;1;0
AYNURULLAH;1;4.9.1951;1;0
SAAYYUP;1;4.4.1957;1;0
ZIYINDE;1;25.7.1932;0;1
CANTUNA;1;26.10.1965;0;1
VALETA;1;20.2.1966;0;1
YURDUGUN;1;28.5.1938;0;1
TESFINAZ;1;30.4.1963;0;1
SEYTOP;2;17.6.1961;0;2
ACARIYE;1;29.3.1940;0;1
AYGUREN;1;3.4.1939;1;0
SINDAL;1;12.6.1971;1;0
KURANIYE;2;4.8.1954;0;2
SANZILE;1;5.5.1959;0;1
ERGIDER;1;18.2.1972;1;0
GULLEBE;1;21.11.1951;0;1
DALBOY;1;13.4.1939;1;0
YASNAR;1;1.6.1963;0;1
HOSGEDEM;2;12.10.1972;0;2
ZEREFSEN;1;11.5.1974;0;1
MESCUDE;1;7.5.1964;0;1
GUNVERDI;1;24.3.1939;0;1
ERYEP;1;11.12.1935;0;1
YASADUR;1;4.7.1962;1;0
FERIYAHI;1;6.8.1967;0;1
UTAME;1;5.10.1970;0;1
NOKRE;1;30.4.1944;0;1
ISTIKA;1;22.5.1967;0;1
GUNDURAN;1;4.6.1969;1;0
CIHANSAK;1;8.9.1942;1;0
ABABIL;1;20.5.1940;1;0
KAYASULTAN;1;1.4.1926;0;1
MUKMEN;1;27.8.1938;1;0
GULENDEMIN;1;1.5.1966;0;1
GULENDAMIN;1;3.9.1969;0;1
ZINITE;1;7.7.1952;0;1
APBASIYE;1;26.8.1969;0;1
BENGIZAR;2;1.8.1982;0;2
BAKIZIYE;1;11.7.1947;0;1
RAZGAN;1;2.5.1963;0;1
NUSADE;1;14.1.1980;0;1
KENOUL;1;10.10.1977;0;1
TENNIYE;1;7.8.1946;0;1
NURCAGRI;1;29.3.1984;0;1
TULKER;1;13.12.1964;0;1
OMUNLU;1;17.4.1972;0;1
OKSAHAN;1;12.3.1953;0;1
MUCEVEHHIR;1;24.12.1960;0;1
KAINE;3;28.5.1953;0;3
HUSMUZAR;1;26.2.1989;0;1
VEKALETTIN;1;7.5.1964;1;0
BABAHATTIN;1;22.10.1964;1;0
REFANIYE;1;2.6.1975;0;1
NAJIBA;2;4.8.1967;0;2
MUZDEVIYE;1;12.5.1947;0;1
TALIYAR;1;27.8.1920;0;1
ZELIYAK;1;3.11.1972;0;1
MUHITTINE;1;15.9.1949;0;1
SULACI;1;7.7.1976;1;0
MUSACETTIN;1;27.7.1974;1;0
ZAILDIN;1;15.6.1944;1;0
BERRUSE;1;30.8.1961;0;1
SEDANE;1;8.1.1974;0;1
MUTECEM;1;9.6.1965;0;1
SUVEKKAR;1;30.12.1964;0;1
MUNESHER;1;13.2.1958;0;1
FAHARIYE;1;17.10.1984;0;1
MULKUBAHAR;2;2.8.1954;0;2
RABIHAL;1;1.2.1944;0;1
ARASUL;1;27.10.1980;1;0
SEHBAHTIN;1;27.4.1968;1;0
UFER;1;12.8.1971;0;1
ZARAGUL;1;23.9.1972;0;1
MART;1;2.3.1940;1;0
SEVGULSUM;1;5.4.1961;0;1
NEVRITTIN;1;11.7.1946;1;0
LEVAYIT;1;23.10.1966;1;0
SOYLUKHANIM;1;23.5.1952;0;1
FAHAETTIN;1;3.4.1929;1;0
MURDURE;1;17.3.1961;0;1
ZAHIDET;2;7.12.1949;0;2
FERRAHIYE;1;23.9.1963;0;1
DILSEM;2;26.9.1973;0;2
BEYGUZER;1;26.11.1940;0;1
MIYAZIYE;1;16.8.1963;0;1
GIYAMET;1;12.2.1956;0;1
RICABIYE;1;26.6.1963;0;1
CIHANGIRGUL;1;29.8.1969;0;1
SAKHANA;1;16.3.1968;0;1
ERMAS;1;9.2.1958;0;1
FEYZOL;1;7.10.1941;1;0
VEFURE;2;25.4.1931;0;2
GUNDEZ;1;26.10.1938;0;1
TUBUKHANIM;1;26.7.1962;0;1
HALITBIN;2;6.6.1985;2;0
UNBULU;1;17.10.1958;0;1
FAATETTIN;1;4.9.1940;1;0
MUTEKKEBBIR;1;18.2.1963;1;0
ZULHIDE;1;26.12.1946;0;1
HEHRA;1;18.10.1966;0;1
SEBBARIYE;1;24.6.1934;0;1
GARATEL;1;9.1.1975;0;1
SEHARIYE;1;22.7.1956;0;1
CANSERT;1;15.3.1963;0;1
TACUT;1;28.8.1978;1;0
MEDIYYE;1;27.8.1938;0;1
HURMANI;3;3.9.1958;0;3
EPSELAM;1;26.7.1964;1;0
ERKAT;2;11.7.1967;2;0
YELANDA;1;7.2.1988;0;1
MASSIYE;1;21.10.1940;0;1
AYSESENINKAN;1;11.8.1935;0;1
MIHRINNAZ;1;22.4.1961;0;1
SAKHIBA;1;10.2.1960;0;1
HUEYDA;1;16.4.1982;0;1
SEFASURDU;1;2.1.1953;0;1
SEHINUR;6;28.8.1958;0;6
AYDANNUR;1;11.6.1949;0;1
EJLER;1;3.8.1980;0;1
ISLAHATTIN;6;2.1.1964;6;0
FAZILIA;1;17.9.1954;0;1
AYSEGOKCE;1;30.4.1986;0;1
OZGIR;1;12.5.1977;1;0
BAHANIYE;2;11.3.1963;0;2
MEHCIBE;1;16.6.1975;0;1
SEDADIYE;1;21.10.1958;0;1
FESIM;1;9.4.1934;0;1
HURBEKIR;1;10.3.1975;1;0
YELEN;1;11.11.1991;0;1
FEHANIYE;1;19.2.1965;0;1
NAZIKUL;1;21.10.1967;0;1
MUNERE;2;20.2.1968;0;2
AYTENER;1;24.3.1967;1;0
YASUGAY;1;11.5.1987;1;0
RUZALIYA;1;2.6.1985;0;1
SIVERYA;1;6.9.1974;0;1
HUBAYE;1;14.5.1981;0;1
GUHAY;1;16.2.1988;1;0
SENIAY;1;28.2.1956;0;1
BINLAS;1;16.2.1974;0;1
MEMUZE;1;2.6.1963;0;1
MUMIKE;1;27.8.1920;0;1
MULHAZE;1;20.9.1972;0;1
SEVTE;5;28.9.1949;0;5
AYSEDURAN;1;27.4.1986;0;1
BUSEYRE;1;2.2.1963;0;1
RUSENI;1;16.6.1957;1;0
NEZMIR;1;2.5.1945;0;1
SEBAHSER;1;2.8.1951;0;1
ENCAMIN;1;20.3.1959;1;0
SONGULSUN;1;15.12.1968;0;1
ABDULLAKIF;1;16.6.1980;1;0
FERBE;1;4.6.1978;0;1
SERENER;1;23.7.1988;1;0
YUKEL;1;21.3.1963;1;0
SADURAN;1;2.4.1933;0;1
ALPAKURT;1;23.8.1975;1;0
ABDULMUBIN;1;9.11.1943;1;0
SAHDA;1;20.7.1989;0;1
AIGERIM;1;14.12.1988;0;1
ASRAIL;1;11.4.1974;1;0
ABUSELAM;1;16.5.1976;1;0
NIVAY;1;6.11.1950;0;1
NERFIDAN;1;22.3.1955;0;1
UMMIYYE;1;5.3.1941;0;1
RAGISE;3;1.3.1938;0;3
ENCAMI;1;26.10.1974;1;0
OLIVIO;1;14.10.1964;1;0
DOME;1;26.6.1937;0;1
ADASAL;1;3.5.1967;1;0
FIKMAN;1;1.2.1948;0;1
ISLEHATTIN;1;19.4.1969;1;0
LUCIAN;1;27.8.1991;1;0
MALIWAN;1;6.3.1972;0;1
CANKEREM;1;19.8.1985;1;0
BEDRIYEI;1;6.1.1929;0;1
ERVANI;1;7.5.1970;1;0
KORAC;2;24.1.1980;2;0
MAHMURYE;1;11.11.1963;0;1
FARZINA;1;6.1.1977;0;1
MASSAR;2;11.12.1967;2;0
BUYUKSAYIN;1;6.11.1936;1;0
KULSISE;1;13.5.1936;0;1
M.GUROL;1;26.8.1947;1;0
ERTENBEY;1;17.9.1981;1;0
MIKERREF;1;30.1.1976;0;1
REFUGUL;1;12.3.1972;0;1
HELIKAT;1;19.4.1970;0;1
MINTAZI;2;16.10.1973;2;0
UMMUGULCAN;1;22.9.1986;0;1
HAYREMIN;1;3.1.1984;1;0
TENZIFE;2;12.12.1961;0;2
HACCAMAN;1;5.12.1961;0;1
SEVGUCEN;1;16.7.1970;0;1
NESDI;1;6.2.1978;1;0
M.NASRULLAH;1;26.5.1987;1;0
BESTIYE;1;23.4.1943;0;1
HAYRISTAN;1;21.11.1958;0;1
MAGSUDA;1;28.4.1965;0;1
CANKAVER;1;6.8.1969;1;0
MUNNU;1;6.12.1973;0;1
SEMAVEDDIN;1;6.3.1980;1;0
ASLIVAN;1;12.8.1971;0;1
BEDIREHAN;1;11.3.1943;0;1
RESITTIN;2;9.9.1967;2;0
FAYIZI;1;7.2.1974;1;0
MUVLUT;1;12.4.1923;1;0
SERIYER;1;11.2.1950;0;1
ERDEGIL;1;29.8.1972;0;1
EFUK;1;6.12.1991;0;1
KADUNSU;5;2.1.1956;0;5
JANVAIR;1;30.1.1948;0;1
MEVHUR;1;17.8.1954;0;1
YUCEZ;1;26.8.1979;0;1
ASSIGA;1;7.11.1955;0;1
HIMIRE;1;26.2.1925;0;1
HURDE;1;15.4.1959;0;1
MITAYIF;1;6.5.1967;1;0
SADIYKA;3;26.12.1955;0;3
SENENSON;1;12.3.1953;0;1
LABER;3;6.2.1956;0;3
GULIZIN;1;17.3.1930;0;1
ZEYFUK;1;6.5.1955;0;1
OMUYE;1;26.10.1973;0;1
BAKIRLI;1;27.5.1949;1;0
SENDAP;1;4.11.1977;0;1
URUZHAN;1;11.10.1981;1;0
NEFFATER;1;26.4.1972;0;1
MAKTINI;1;17.5.1948;0;1
NEVZADTIN;1;24.6.1944;1;0
CILEKTEN;1;7.4.1946;0;1
TESBIYRE;1;16.7.1939;0;1
FEHEMETTIN;1;11.7.1956;1;0
ZUFEYDE;1;6.1.1981;0;1
MEHAZET;1;14.8.1950;0;1
SEHNAM;1;2.8.1921;0;1
AYJIN;1;3.4.1948;0;1
BETULBUSRA;1;13.3.1992;0;1
VAHIYUDDIN;1;2.5.1954;1;0
IMLALE;1;3.7.1966;0;1
IZVEN;1;5.1.1975;0;1
NUHANE;1;19.3.1960;0;1
AVNETTIN;1;8.5.1934;1;0
REFETE;1;24.8.1956;0;1
TESFIR;3;5.1.1963;0;3
FIRFANE;1;3.4.1927;0;1
KORESEN;1;18.5.1960;0;1
ZINNAS;1;12.2.1941;0;1
MUSUVVET;1;2.4.1927;1;0
BENNAME;1;6.7.1950;1;0
GURCUHANIM;1;2.9.1951;0;1
ERBAIN;1;8.4.1992;1;0
ERDEBUL;1;12.1.1953;1;0
SABIYLE;3;2.12.1957;0;3
SUTAP;1;27.4.1950;0;1
ELBIGEHAN;1;9.5.1975;0;1
MESEKKAT;1;8.6.1966;0;1
MULHAYAT;2;19.5.1956;0;2
ZEYATTIN;1;19.10.1971;1;0
NERZAT;1;19.4.1962;0;1
KATICE;1;5.6.1955;0;1
SEZATDIN;1;11.12.1955;1;0
MUGADDEZ;1;22.6.1969;0;1
FARZU;1;6.4.1932;1;0
SABANE;1;21.4.1934;0;1
GURGIYE;1;30.4.1943;0;1
PAHINDE;1;2.3.1927;0;1
IZAFEDDIN;1;17.6.1972;1;0
ABDULZATI;1;16.3.1952;1;0
SEHZIDE;1;17.3.1959;0;1
FEDERICO;1;17.12.1991;1;0
BORUN;1;3.1.1974;0;1
SEVLARIYE;1;27.7.1962;0;1
ILAZIM;2;21.4.1954;2;0
MURSADET;1;21.1.1929;0;1
M.CEVDET;1;10.10.1936;1;0
NATEN;1;12.1.1950;0;1
MUFURZE;1;24.4.1929;0;1
RAZIHEN;1;19.1.1960;0;1
NAVASSER;1;11.11.1948;0;1
ZEVCANI;1;7.7.1946;0;1
RUTKAN;2;8.5.1964;1;1
SAMIRUN;1;17.8.1946;0;1
KAMIBIN;1;26.3.1957;1;0
SEFFAYE;2;9.6.1959;0;2
BAYKEZ;1;18.5.1959;1;0
IGREP;1;23.5.1940;0;1
GULSINEN;1;25.5.1949;0;1
MUTTALIK;1;11.4.1950;1;0
BANOVSHA;3;25.7.1968;0;3
MUCAL;1;6.11.1956;1;0
AYSUCAN;1;19.4.1992;0;1
MUBADIYE;3;7.2.1952;0;3
BAETTIN;1;6.8.1937;1;0
ILKAYDOGDU;1;15.7.1971;0;1
AYTUMUR;2;15.4.1957;2;0
NELIDE;1;12.9.1956;0;1
URFIYET;1;1.1.1948;0;1
ZEYLI;4;7.10.1954;1;3
FEYDAT;1;14.9.1964;1;0
MUFTUKER;1;8.9.1959;1;0
CEMIHER;1;28.4.1950;0;1
GOVERIYE;1;26.4.1957;0;1
ZULEYCAN;1;12.10.1953;0;1
ELADIYE;1;17.6.1971;0;1
DUAN;2;29.11.1948;1;1
URGU;1;24.9.1968;0;1
MUHAMETTIN;2;28.11.1970;2;0
SERIMDE;1;17.9.1972;0;1
MESYAN;1;15.11.1936;0;1
NEZAHATDIN;1;20.11.1962;1;0
LUTFIGAR;1;13.6.1935;1;0
ITA;1;16.7.1949;1;0
ZUBEIYDE;1;11.3.1963;0;1
FATMELI;4;11.5.1949;0;4
SEYYIHAN;1;12.10.1964;0;1
SENVINAZ;1;23.2.1967;0;1
FAGUN;1;11.3.1962;0;1
NADIFIYE;1;11.4.1957;0;1
NUZDIHAN;1;14.2.1954;0;1
YURDASE;1;21.5.1976;0;1
FILHA;1;11.1.1964;0;1
CANISEN;1;10.5.1962;0;1
ISMENDIYAR;1;1.3.1977;1;0
MUBIYYAN;1;14.4.1975;0;1
SEBAEDTIN;1;13.5.1967;1;0
KHIRDAKHANUM;1;1.3.1953;0;1
MAHMIRIYE;1;11.2.1948;0;1
CANCICEK;1;29.6.1955;0;1
UMREL;1;26.9.1960;0;1
NIGISIN;1;5.1.1963;1;0
ULKUZ;1;22.11.1943;0;1
SULUVBE;1;17.9.1948;0;1
ASYET;2;15.4.1970;0;2
MULEYYIM;1;12.6.1959;0;1
SEMKIYE;1;21.11.1974;0;1
ZEHPIYE;1;22.4.1955;0;1
SUHAYUB;1;7.10.1964;1;0
MUVECAL;1;2.3.1952;0;1
DESINE;1;2.2.1988;0;1
MIYRAC;1;15.7.1989;0;1
RUBIYETE;1;2.2.1969;0;1
TOLOY;1;7.8.1936;1;0
VATI;1;18.2.1946;1;0
OMERHASAN;1;30.8.1988;1;0
ELATDIN;1;11.7.1955;1;0
TENSIKA;1;16.8.1926;0;1
BINNIBAS;1;30.3.1943;0;1
NILVERIM;1;1.6.1970;0;1
FADIMANAA;1;1.2.1974;0;1
ZUFIRE;1;7.8.1952;0;1
BULTEM;1;23.2.1965;0;1
MEHRIDUDU;1;17.6.1954;0;1
RIFAETTIN;1;12.4.1977;1;0
DIZLAHAN;1;17.12.1972;0;1
LIVENT;1;25.1.1971;1;0
MUZARIFE;1;17.10.1963;0;1
TEGMIYE;1;5.9.1946;0;1
UFFIYE;1;21.9.1956;0;1
ESMAMPERI;1;2.8.1951;0;1
HANIMNENE;1;2.8.1969;0;1
MURSEKINE;1;2.9.1990;0;1
EFIRAHIM;2;9.8.1959;2;0
BEZZADE;1;27.8.1970;0;1
FEVURE;1;26.11.1966;0;1
MISELLIM;1;27.10.1973;1;0
ABDURRAMIS;1;11.4.1949;1;0
FEYHIM;1;7.9.1947;1;0
GIUMAZIE;1;27.4.1943;0;1
UNZADE;1;9.9.1943;0;1
SEVDIDE;2;4.9.1949;0;2
NURUSAFA;2;19.2.1933;1;1
KEZDAN;1;26.4.1930;0;1
BEHYICE;1;2.7.1945;0;1
MUSRITTIN;1;23.9.1964;1;0
NENIKA;1;11.1.1951;0;1
RABBIAN;1;23.6.1929;0;1
MUTEER;1;28.5.1960;0;1
SALATI;1;16.11.1941;1;0
ULKENAR;1;17.9.1963;0;1
NILDER;1;15.12.1982;0;1
BUNYANIM;1;7.12.1958;1;0
FAYIS;1;17.4.1960;1;0
ETVIYE;1;21.2.1971;0;1
FAADETTIN;1;11.2.1945;1;0
GULFERHA;1;17.10.1964;0;1
MAJIKHAN;1;2.9.1962;0;1
BEHSINE;1;26.11.1965;0;1
INTAL;1;19.4.1970;0;1
ZYRJET;1;21.1.1964;0;1
ZIYMET;1;20.7.1956;0;1
UMGULE;1;27.2.1938;0;1
FEVRUHAN;1;26.3.1948;0;1
IBAREZE;1;22.2.1937;1;0
ALLAHITTIN;1;20.11.1955;1;0
BEYYICE;2;20.10.1953;0;2
MEFANIYE;1;4.2.1975;0;1
RUYYA;1;18.3.1942;0;1
ZENNURIN;1;22.12.1961;0;1
RACIBET;1;11.9.1949;0;1
ALIIMDAT;1;11.11.1975;1;0
NERHUM;1;20.6.1964;0;1
KOSTANTI;7;28.9.1939;7;0
PELAYIA;1;23.12.1948;0;1
ANTIPI;2;4.11.1947;0;2
ISTIFANIYA;1;26.5.1926;0;1
MAYTIGA;1;24.1.1949;0;1
MIRSEDIN;1;20.2.1970;1;0
STRATONIKI;1;11.9.1970;0;1
DIYOJEN;1;19.8.1960;1;0
KHANIMNISA;1;15.2.1955;0;1
SEMENNUR;1;25.4.1961;0;1
NERISTE;1;16.3.1959;0;1
SEVCEL;1;6.10.1971;0;1
ALPSELIM;1;28.2.1990;1;0
HUVADIYE;1;19.6.1975;0;1
PEROZET;1;19.5.1957;0;1
HUCAI;1;8.5.1958;1;0
BURKEM;3;10.12.1981;0;3
SEVDIZAN;1;30.4.1952;0;1
ZUKRET;1;1.3.1957;0;1
CAID;2;16.8.1968;2;0
REJDAL;1;15.1.1953;0;1
MUKEZZIME;1;4.5.1936;0;1
ROJDER;1;12.5.1983;0;1
MEVLANETTIN;1;12.2.1974;1;0
GULSEFAYA;1;8.7.1940;0;1
S.EMINE;1;9.11.1956;0;1
SUNBUZ;1;8.2.1982;0;1
MEKBUP;1;4.2.1963;0;1
SEVDUDE;2;16.1.1944;0;2
NEHZA;1;26.7.1960;0;1
EVINK;1;14.5.1972;0;1
YEDIC;1;3.3.1946;1;0
GUCDOGAN;1;26.7.1967;1;0
SADEK;2;25.10.1942;1;1
NUSENBER;1;22.7.1973;0;1
ZUFRU;1;26.2.1967;0;1
MUZAYIME;1;5.12.1944;0;1
EVRAHIM;1;6.10.1943;1;0
AYISELI;1;26.4.1931;0;1
ZULKANE;2;12.8.1968;2;0
UHUR;1;1.2.1991;1;0
HAYDETDIN;1;7.7.1963;1;0
MUNUYE;1;24.11.1966;0;1
BEHNIZE;1;20.3.1941;0;1
MEVDUNE;1;27.6.1956;0;1
MUZDELFE;1;1.4.1955;0;1
MURCETTIN;1;2.1.1969;1;0
HAVIST;1;9.4.1932;0;1
ELAT;2;9.1.1982;2;0
AYSENIZ;1;12.8.1983;0;1
BULSAH;1;17.2.1990;1;0
ILKERE;1;23.8.1975;1;0
FERRUZAN;1;17.3.1984;0;1
ERCELAL;1;11.6.1955;1;0
UFRIZE;1;1.3.1965;0;1
NOZOL;1;29.6.1951;1;0
MEGIYE;1;20.3.1944;0;1
LUTFIKAR;3;12.7.1959;3;0
ZEHEP;2;24.10.1942;0;2
IKNOR;1;9.3.1958;0;1
IBISA;2;17.7.1948;1;1
ZULHICCA;1;7.3.1955;0;1
SEGINAR;1;25.7.1984;0;1
MUSEBBIBE;1;22.8.1943;0;1
SACUDE;1;17.2.1948;0;1
SEVCAD;1;12.5.1969;0;1
BILKIM;1;3.10.1987;0;1
ESMAHANE;3;7.1.1958;0;3
MAGUY;1;4.5.1981;0;1
ARSUNAY;1;1.8.1981;0;1
OSHAN;1;15.5.1963;1;0
ADIGULER;1;23.2.1941;0;1
ZULTEN;1;29.5.1964;0;1
SEMSUNISA;1;25.9.1982;0;1
ZEMILI;3;2.11.1963;0;3
YAHSEM;1;10.8.1970;1;0
ZENATI;1;27.5.1942;0;1
A.MEHMET;1;2.1.1963;1;0
SEYESLA;1;15.9.1983;0;1
SEPETAY;1;10.1.1954;1;0
AYSEGULOYKU;1;19.9.1991;0;1
FARIN;1;6.8.1949;1;0
TUGNUR;1;16.11.1966;0;1
HATIRAN;1;26.4.1967;0;1
SINBILE;1;21.10.1937;0;1
EVHAT;1;1.1.1;1;0
BEYTULAZAM;1;2.10.1951;1;0
BEYID;1;4.2.1943;1;0
GULOVER;1;1.10.1947;0;1
ENZAR;1;25.3.1960;1;0
UFTAD;1;25.6.1976;1;0
MEVCIVAN;1;14.4.1950;0;1
RAYIFAN;1;24.9.1954;0;1
BENRUH;1;22.3.1943;1;0
MAISTE;1;12.6.1959;0;1
RUHUMAH;1;5.2.1927;0;1
IKIMYA;1;29.8.1966;0;1
NEVRINUSA;1;26.3.1959;0;1
NECATUL;1;7.4.1958;1;0
AZRAGUN;1;1.6.1967;0;1
GUNNOS;1;30.6.1968;0;1
HELASETTIN;1;29.11.1990;1;0
NEAY;1;26.8.1966;0;1
MESEDET;3;2.8.1966;0;3
SEYMAYE;1;21.7.1963;0;1
EFREN;1;11.7.1967;1;0
TANSET;1;15.12.1974;1;0
NAGIRAN;1;22.7.1959;0;1
SEVVIKE;1;3.11.1964;0;1
HEDIBEY;1;9.10.1967;1;0
RANEN;1;27.12.1959;0;1
SIMRUG;1;7.7.1975;0;1
RUHEDA;1;17.3.1958;0;1
CEYHAT;1;2.8.1969;1;0
NIFAY;1;6.6.1972;0;1
MUZGAT;1;12.8.1959;0;1
MUKARETTIN;1;4.6.1968;1;0
NESLIHANE;1;3.10.1957;0;1
ZERKEN;1;22.2.1937;0;1
KESPER;1;14.6.1937;0;1
YILDIRIMPASA;1;10.7.1974;1;0
FATMALEZIZ;1;29.6.1965;0;1
GULLEVER;1;12.5.1965;0;1
HEKTOR;1;3.7.1945;1;0
TETRIKO;1;13.12.1954;0;1
SAIMIRFAN;1;10.7.1966;1;0
CENAHETDIN;1;2.4.1956;1;0
NURAYAM;1;2.4.1962;0;1
CANDEVI;1;1.1.1;1;0
MIMETI;1;1.7.1942;0;1
SINCI;1;26.9.1950;1;0
CENYAR;1;17.2.1972;0;1
NUAF;2;19.1.1981;2;0
UMMEHANE;1;6.5.1927;0;1
ISBARAN;1;27.7.1986;1;0
ULASHAN;1;3.4.1988;1;0
AYBEYAN;1;14.2.1953;0;1
VEVZI;1;7.8.1922;1;0
ZERHEN;1;6.3.1988;0;1
NASPERVER;2;21.10.1975;0;2
SAGER;1;22.2.1937;0;1
PENIHAT;1;29.4.1972;0;1
YUMA;2;24.1.1944;0;2
YUCAYET;1;13.7.1962;1;0
SINANPER;1;1.1.1;0;1
ISMEHANE;1;1.1.1;0;1
UMITJAN;1;13.10.1988;1;0
CACA;1;4.6.1935;1;0
OPRITA;1;27.10.1968;0;1
DECCAR;1;6.11.1949;1;0
MUSSAD;1;27.2.1956;1;0
HAMDENUR;1;15.6.1958;0;1
AYDINBEK;1;26.8.1979;1;0
VASMIIA;1;4.2.1977;0;1
UMUDAHAN;1;7.11.1987;0;1
DOGANCEVAT;1;21.9.1971;1;0
SONAHAN;1;13.2.1958;0;1
UMULEYLA;1;28.1.1960;0;1
HANIMIYA;1;9.6.1952;0;1
REYMIYE;1;26.2.1975;0;1
SERBAHIYE;1;4.7.1962;0;1
ZULBIYCE;1;26.8.1943;0;1
MUNACATTIN;1;6.11.1950;1;0
BERIHUN;1;26.3.1954;0;1
DESPINULA;1;27.6.1944;0;1
MESTUR;4;27.6.1973;4;0
SERIFFIYE;1;30.6.1956;0;1
RAIYET;1;9.5.1940;0;1
SERDIC;1;12.6.1975;1;0
HURISAK;1;17.6.1930;0;1
FARCAN;1;27.4.1984;1;0
MERVAYE;1;26.2.1970;0;1
MERUFE;1;23.3.1973;0;1
SELMINAT;1;21.8.1950;0;1
BADADE;1;4.10.1961;0;1
LALIZES;1;1.3.1968;0;1
MIRIBANE;1;21.5.1941;0;1
MUSARRAH;1;11.6.1945;0;1
IYIS;1;28.1.1934;1;0
NUSURA;3;13.2.1964;1;2
ISMUHANE;1;17.7.1954;0;1
RAVANIYE;1;26.12.1940;0;1
DILFI;1;16.2.1946;0;1
RUBUZAN;1;27.8.1950;0;1
MASNAS;1;17.2.1966;0;1
KEVOKE;1;5.4.1979;0;1
BERNINA;1;15.11.1973;0;1
UNOL;1;14.2.1970;1;0
ERDUDE;1;28.12.1948;1;0
MULKISAH;2;2.5.1945;0;2
SANZADE;1;7.8.1934;0;1
NERAMAN;1;22.2.1961;0;1
MUCRAN;1;24.1.1967;0;1
FIFET;1;12.8.1935;0;1
KUBERATU;1;13.9.1941;0;1
MEYBUNUR;1;9.8.1963;0;1
NORUTTUN;1;26.2.1960;1;0
ROZINA;1;28.5.1964;0;1
GENTIANA;1;27.3.1977;0;1
CAITTIN;1;20.11.1959;1;0
HAYREN;1;23.7.1979;0;1
CUMUREL;1;13.3.1966;0;1
NISFICICHAN;1;9.6.1952;0;1
CEVRICAN;1;12.10.1959;0;1
ALYANS;1;11.8.1967;0;1
TURKBAY;1;11.3.1941;1;0
SEZNAR;1;1.9.1961;0;1
EMINECAN;2;22.9.1982;0;2
BICAHIT;1;17.2.1954;1;0
CUMASE;1;24.9.1969;0;1
NIZETTIN;1;30.5.1954;1;0
MUZTEZAT;1;1.12.1976;0;1
ZARUHA;1;17.8.1966;0;1
RITVANE;1;18.4.1964;0;1
NEVIYAT;1;22.9.1955;0;1
MEBZUNE;1;15.10.1957;0;1
METTANET;1;14.4.1974;0;1
KENURE;1;4.11.1970;0;1
SAZEMENT;1;29.12.1957;0;1
EVSIL;1;12.12.1984;0;1
CEAT;1;3.12.1971;1;0
GATIBA;2;15.5.1958;0;2
ANNITA;1;26.5.1947;0;1
RECIYAN;1;26.3.1961;0;1
SEHMURE;1;22.7.1943;0;1
MIHRIGUN;1;7.7.1958;0;1
HANIFANIM;1;12.9.1947;0;1
MUSKUZAT;1;26.1.1942;0;1
FEKANET;1;23.12.1972;0;1
TARUHAN;1;8.4.1939;1;0
SIGIRI;1;28.6.1954;0;1
AKTEMUR;1;8.2.1937;1;0
BAHTINAS;1;5.5.1963;0;1
GULLURUH;1;21.11.1955;0;1
ULFEDDIN;3;14.12.1935;3;0
RIKAS;1;12.7.1947;0;1
MUEYSER;1;6.6.1975;0;1
LURDE;1;16.12.1956;0;1
ENGINDENIZ;1;3.2.1981;1;0
OMURLUZADE;1;4.9.1927;0;1
SEHBILE;1;20.4.1972;0;1
CELAHIDDIN;1;12.11.1939;1;0
RKIA;1;28.3.1972;0;1
HAKVERDIGAZI;1;28.12.1969;1;0
KEZLAN;1;29.10.1973;0;1
VASILJKA;1;7.11.1954;0;1
GOLSEV;1;3.2.1945;0;1
MACHIKO;1;12.11.1954;0;1
TANRIVER;1;8.5.1987;1;0
ZULCANE;2;3.5.1967;0;2
NILTAC;1;18.2.1987;0;1
ILDAG;1;24.2.1976;0;1
ERSEIT;1;11.12.1956;1;0
KATGUL;1;26.2.1984;0;1
SAHENDIR;1;16.10.1953;0;1
TURKAYI;1;11.4.1952;1;0
KADINZADE;1;22.8.1925;0;1
PASEY;1;22.2.1955;0;1
BIRKANCAN;1;8.2.1986;1;0
IFTIDAYI;1;6.10.1936;0;1
MELIGHA;1;21.2.1966;0;1
NEPHIDE;1;17.2.1968;0;1
ICNEL;1;1.1.1;0;1
ANDEREEA;1;18.7.1991;0;1
MEMDA;1;16.5.1949;0;1
ICLEL;1;16.11.1964;0;1
RECCEP;1;5.3.1956;1;0
VEZIPE;1;24.12.1968;0;1
BUDAT;1;19.7.1977;1;0
RUKUSA;1;1.7.1933;0;1
GUMRUS;1;22.2.1991;1;0
PURSEL;2;14.12.1947;1;1
IMDIHAT;1;1.1.1951;0;1
HUSEV;1;21.5.1962;1;0
VEDEAT;2;23.7.1957;0;2
MEVLEDIYE;1;19.4.1969;0;1
BOURECI;1;13.10.1961;0;1
SEFADET;1;12.1.1959;0;1
GULDALIYE;1;12.1.1963;0;1
LETAFA;1;1.8.1930;0;1
HARSES;1;26.12.1966;0;1
BURANNETTIN;1;28.4.1954;1;0
MENUVSE;1;7.2.1958;0;1
NIVASE;1;12.8.1929;0;1
SOYDEN;1;6.4.1962;0;1
BEYNEBI;1;1.2.1955;1;0
MUHAYIM;1;17.7.1968;1;0
KALIL;1;7.8.1928;1;0
USAMETIN;1;6.2.1955;1;0
SEVAHT;1;17.4.1964;0;1
TELAFI;2;27.2.1959;2;0
NUTSELE;1;9.5.1938;0;1
CUVEYLA;1;12.2.1953;0;1
ZMARAGDA;1;6.9.1990;0;1
ISTIRATONIK;1;17.2.1927;0;1
ERASMIA;1;14.5.1938;0;1
ISTAVRUDA;1;18.4.1940;0;1
FOSTIRA;1;8.9.1938;0;1
SETELYANI;1;13.10.1936;0;1
HAKTANCAN;1;25.9.1991;1;0
EFSTIRATIYA;1;9.10.1948;0;1
TEMISTOKLI;1;2.2.1987;1;0
VANGELO;1;12.8.1927;1;0
GAUNUR;1;19.5.1950;0;1
PANAYOTAKIS;1;8.5.1932;1;0
MELPOMIN;1;2.11.1927;0;1
KOSTANTINIA;1;3.9.1965;0;1
ARGIRI;3;6.7.1955;0;3
GRAMATIKI;3;25.2.1942;0;3
MAVRIANOS;1;12.12.1953;1;0
MAVROMATI;1;28.11.1932;1;0
HRISTODOLO;1;7.9.1983;1;0
CUVANA;1;15.11.1939;0;1
ZOGRAFINA;1;13.1.1934;0;1
SOKRATULA;1;23.4.1947;0;1
TEODORO;1;24.5.1961;1;0
HRISTOS;1;19.2.1978;1;0
KIRACA;1;11.9.1952;0;1
FILARETI;1;20.10.1969;0;1
YOVAKIM;2;24.1.1937;2;0
FILIO;1;22.8.1958;0;1
VASILINA;4;2.11.1966;0;4
EFSTRATIYA;2;26.8.1943;0;2
PARASKEVA;1;18.12.1934;1;0
PANAYI;1;24.4.1944;1;0
ISTILYANA;1;13.12.1930;1;0
EVTAR;1;6.4.1969;0;1
TIRYANDAFILYA;3;28.2.1936;0;3
ISTELYANOZ;1;2.1.1914;1;0
EKATERIN;1;17.5.1951;0;1
APOSTOLYA;1;5.9.1986;0;1
VENETYA;1;10.8.1963;0;1
MARIYANTI;2;16.4.1940;0;2
GIRAMATIKI;2;3.7.1942;0;2
ISTELYANOS;2;11.1.1933;2;0
DIYAMANDA;1;19.9.1951;0;1
ANDRIODORA;1;21.11.1938;0;1
ATANASI;1;30.4.1977;1;0
KANAVUCINA;1;13.2.1941;0;1
VASILIA;1;19.4.1973;0;1
ARETEOS;1;19.8.1939;1;0
HRISOTEMI;1;8.3.1978;0;1
DIAMANDA;1;8.2.1953;0;1
KALISTI;1;16.12.1958;0;1
GIRAMATIA;1;24.4.1951;0;1
SOPFO;1;23.6.1958;0;1
EFSTIRATIOS;1;30.11.1953;1;0
LASKARINA;1;27.5.1953;0;1
VANGELICA;1;26.4.1928;0;1
GEORGIYA;1;27.6.1977;0;1
ANDIGONI;1;25.3.1965;0;1
VECIHITTIN;1;12.11.1954;1;0
GALIPGUN;1;29.4.1986;1;0
PARASKUVU;1;10.2.1932;0;1
KOSTANDI;3;6.9.1944;3;0
ISTRATONIKI;1;16.5.1931;0;1
GRAMATIKOS;1;18.6.1932;1;0
URENIA;1;10.4.1932;0;1
DIMITRIYA;1;22.11.1950;0;1
KLIYO;1;4.4.1948;0;1
STEFANO;1;23.4.1943;1;0
KILINA;1;3.7.1965;0;1
DIMITRIA;1;21.10.1960;0;1
PEYDANUR;1;1.3.1977;0;1
VALAATTIN;1;2.2.1951;1;0
NACGUL;1;12.10.1962;0;1
NURUAYIN;3;4.9.1952;0;3
SUBUTI;1;22.10.1967;1;0
NURIDEDE;1;11.2.1966;1;0
VERDINEV;1;7.8.1940;0;1
APTULMUTALLIP;1;14.7.1971;1;0
MEVLIDIN;1;6.3.1954;1;0
TUGDEM;1;2.6.1983;0;1
IBRAHIMEROL;1;13.8.1950;1;0
MUSLUNUR;1;12.4.1956;0;1
YECDAN;1;3.4.1959;1;0
TURACETTIN;1;2.8.1933;1;0
GURHISTAN;1;2.1.1969;1;0
NAZPARI;1;1.7.1953;0;1
IMRAAL;1;28.5.1952;0;1
CISMIGUL;1;7.8.1934;0;1
GULTUYE;1;4.6.1961;0;1
RUHIHA;1;16.8.1977;0;1
AYVET;1;19.11.1966;1;0
RIFAZ;1;16.9.1980;1;0
DERAFE;1;27.8.1932;0;1
MUCAVEDDIN;1;18.1.1964;1;0
URFETIN;1;7.2.1957;1;0
RUXANDA;1;2.7.1964;0;1
NEVRIYYE;1;1.4.1935;0;1
ZELAP;1;12.10.1951;0;1
MILIK;1;24.12.1962;0;1
GONCHA;1;18.7.1963;0;1
SAZMENT;2;30.12.1951;0;2
RAHISEM;1;22.5.1949;0;1
TAYBIYE;2;29.12.1958;0;2
PORUZI;1;25.9.1944;0;1
GUBEYDE;1;5.1.1959;0;1
ZIVRE;1;20.5.1965;0;1
ILKLAMA;1;29.3.1940;0;1
GIOULMIRA;1;18.4.1961;0;1
IPDIDA;1;21.6.1951;0;1
FRENGUIZ;1;6.5.1961;0;1
NAZBACI;1;2.5.1951;0;1
YASSIYE;1;5.7.1949;0;1
QIZBACI;1;9.11.1963;0;1
MEFALI;1;25.1.1977;1;0
REVAI;1;2.9.1975;1;0
MULYAMI;1;17.3.1957;1;0
BEHLUZE;1;7.8.1916;0;1
SAMAYIR;1;9.12.1964;1;0
NEEDIYE;1;19.7.1934;0;1
SEVVEDDIN;1;22.5.1955;1;0
BALAKHANOUM;1;22.7.1974;0;1
MUREYDE;1;8.11.1928;0;1
MURAIM;1;8.2.1975;1;0
KIAMELE;1;29.5.1974;0;1
FADUN;1;3.8.1983;1;0
RUBIGUL;1;26.3.1947;0;1
EFSANIYE;1;2.11.1967;0;1
ELVANCELEBI;1;8.10.1990;1;0
EMIRDURSUN;1;1.12.1949;1;0
NACAATTIN;1;12.2.1965;1;0
AYSEULKU;1;12.2.1983;0;1
NURLIPE;1;7.3.1951;0;1
ELVENSER;1;29.2.1947;0;1
MUTTARIYE;1;2.3.1975;0;1
SAHINUN;1;28.11.1949;0;1
CEVVAYIR;1;28.4.1956;0;1
BENBIS;1;7.8.1934;0;1
DADLIHAN;1;17.8.1930;0;1
SEYHDEMIR;1;18.2.1942;1;0
BAHTAGUL;1;6.6.1959;0;1
FARZANIYE;1;7.3.1946;0;1
SAWTA;1;26.11.1972;0;1
ISMAILSEZER;1;27.7.1975;1;0
MEHMETSULTAN;1;16.10.1978;1;0
NOBETCAN;1;7.1.1962;0;1
CEMILBEY;1;12.1.1971;1;0
ALPERKURSAT;1;24.6.1976;1;0
MEBRUHAN;1;5.7.1981;0;1
FEHMEN;1;12.2.1953;0;1
ALIDAG;1;1.1.1;1;0
GUSUFE;1;2.2.1949;0;1
NUKREN;1;26.4.1965;0;1
ALIBAG;1;27.10.1956;1;0
HOKE;1;26.1.1942;1;0
PELIS;1;12.8.1935;0;1
ALPERKURSAD;1;17.5.1979;1;0
FAHRIH;1;22.3.1961;1;0
BADESUZER;2;20.4.1952;0;2
DURDUBAHAR;1;17.10.1960;0;1
TELETHAN;1;17.8.1930;0;1
SAHSEREM;1;3.5.1948;0;1
SALBEY;3;11.11.1940;3;0
GULEMA;1;6.11.1960;0;1
MEHBARENUR;1;17.2.1990;0;1
AYGERIM;1;3.11.1973;0;1
MAHMUTZIYA;1;23.4.1941;1;0
MIREBI;1;29.11.1950;0;1
MIYDES;1;22.8.1931;0;1
TENZUK;1;1.9.1942;0;1
GURZUN;1;25.4.1942;0;1
CEMALIGUL;2;12.2.1971;0;2
FERAGMIS;1;27.5.1953;1;0
KIRAZIYE;1;22.2.1955;0;1
ZEMNUN;1;15.8.1959;1;0
SEYRAZ;1;22.8.1961;0;1
TEKNILE;1;7.2.1952;0;1
KALIFET;1;19.3.1942;0;1
DAFIRE;1;29.5.1961;0;1
LUTKUYA;2;24.12.1947;0;2
TAYKUL;1;7.6.1970;0;1
BEDENOK;1;16.11.1976;1;0
GIMYA;1;13.2.1935;0;1
FENDAN;1;1.4.1954;1;0
BURSAL;2;24.7.1970;2;0
ALI.EMRE;1;2.3.1985;1;0
SIVIM;1;29.12.1970;0;1
METYAN;1;12.6.1971;0;1
SESEDE;1;7.5.1956;0;1
SUHUBI;1;27.11.1959;1;0
ENTERCAN;1;7.2.1964;1;0
ANSIM;1;27.3.1974;0;1
PENZET;1;11.6.1956;1;0
VEYMAN;1;12.11.1935;0;1
SEHSADE;2;22.10.1953;0;2
ASKINAYSE;1;24.4.1992;0;1
GULSIYAM;1;3.5.1963;0;1
GULNAZILI;1;14.7.1938;0;1
KANDAVER;1;11.2.1946;0;1
SONGUT;1;18.6.1954;1;0
DURDUKHAN;1;16.2.1951;0;1
RUCA;1;12.2.1953;1;0
MUSTEAN;3;15.4.1947;0;3
ALPERENAY;1;21.11.1989;1;0
ILMUGUL;1;22.8.1955;0;1
LUDIYA;1;17.9.1972;0;1
BERDUR;1;22.4.1943;1;0
BAKSENER;1;3.5.1974;1;0
KANDUFER;2;15.12.1958;0;2
BIHIM;1;22.7.1957;0;1
TOPHAN;3;22.6.1933;0;3
KEZBANGUL;2;21.12.1962;0;2
CANIBIR;3;15.8.1960;0;3
ENPARE;1;20.4.1959;0;1
EMIRAG;2;26.1.1980;2;0
NESADEGUL;1;28.3.1955;0;1
ILIMEN;1;7.1.1952;0;1
HORUZIYE;1;2.2.1945;0;1
O.ALTUG;1;5.12.1970;1;0
SITENEY;1;28.11.1970;0;1
ELFETIN;3;29.3.1959;3;0
SAHHISTE;1;12.8.1977;0;1
TULENAY;1;4.5.1974;0;1
MUVADIYE;1;7.4.1970;0;1
RAHILER;1;11.2.1979;0;1
NUTICA;1;27.4.1972;0;1
GULSEMIT;1;5.8.1956;0;1
MERZUGE;2;14.4.1972;0;2
SAHNIYAZ;1;17.6.1954;0;1
KUDUHAN;1;12.8.1935;0;1
KEREBIGAZI;1;27.12.1990;1;0
UMMUGURSUN;4;8.3.1972;0;4
TAKVILE;1;21.5.1977;0;1
HAFIA;1;9.3.1947;0;1
HANMELEK;2;27.5.1980;0;2
SEYKUN;1;28.7.1980;0;1
FARUM;1;22.5.1973;1;0
MIYASEGUL;1;24.9.1977;0;1
PATEMI;1;2.6.1969;0;1
ELVANGUL;2;17.9.1965;0;2
SERYAG;1;3.11.1973;0;1
BEDES;1;1.5.1985;0;1
DULGUL;1;11.7.1975;0;1
TUNTUS;1;29.5.1938;0;1
REUFE;6;26.10.1947;0;6
GUL.FATMA;1;26.12.1983;0;1
GULLAMIYE;1;27.5.1974;0;1
FECA;1;12.4.1970;0;1
NEVRAZIYE;1;15.2.1965;0;1
MUSENMEN;1;17.11.1948;0;1
TUGHA;1;27.2.1986;1;0
GADIF;1;12.11.1983;1;0
DALIF;1;10.4.1956;0;1
ALTINNAZ;1;14.4.1965;0;1
GAYGI;1;22.4.1961;1;0
ZIRKET;1;21.11.1963;1;0
GULVANIYE;1;6.1.1974;0;1
EDARIYE;1;24.5.1969;0;1
FAHIRENUR;1;8.9.1977;0;1
CESMIGUZEL;1;22.8.1929;0;1
ZULAYFE;1;11.11.1964;0;1
NIKDER;1;20.9.1974;0;1
BESLET;1;26.7.1934;1;0
RUHUSEBILGEN;1;28.2.1942;0;1
NURJAN;2;28.9.1972;0;2
BERZIK;1;25.4.1943;0;1
EDAGAR;1;16.8.1958;0;1
MEHMETKERI;1;12.4.1947;1;0
OZNOR;1;4.7.1966;0;1
ZEMZENU;1;11.9.1968;0;1
YUMUK;1;30.10.1978;0;1
USAMEBIN;1;1.10.1978;1;0
SINABEY;1;2.9.1987;1;0
GULBIRINCE;1;1.12.1960;0;1
RUSSAN;1;10.6.1969;0;1
ZIYIT;1;12.8.1935;1;0
GOULFIIA;1;13.10.1962;0;1
SEYBETTIN;1;9.3.1956;1;0
VAHTIN;1;16.12.1970;1;0
SEVGICICEGI;1;20.11.1990;0;1
TINO;1;12.6.1965;1;0
NURDESEL;1;28.5.1974;0;1
SUGEDA;1;7.11.1941;0;1
SELLUK;1;14.10.1971;0;1
MUHTAYAT;1;14.1.1965;0;1
SELAYA;1;13.9.1934;0;1
GULINCIYE;1;12.3.1971;0;1
DUVUYE;1;17.2.1990;0;1
HARIFFE;1;25.1.1973;0;1
MERKADIN;3;13.6.1956;0;3
NAGO;1;30.3.1981;0;1
HUZEYFETUL;1;23.12.1983;1;0
NURTUTER;1;9.2.1988;0;1
TASNIM;1;20.12.1951;1;0
FAKHRUNNISA;1;23.6.1959;0;1
SAREYI;1;27.8.1920;0;1
HIZIRTAN;1;25.6.1972;1;0
NUZUHAL;1;15.9.1965;0;1
KALENUR;1;24.3.1943;0;1
CELALETTINI;1;29.9.1978;1;0
SUAHIP;2;8.11.1984;2;0
UBUDIYE;7;19.5.1960;0;7
ZAFERALP;1;17.11.1978;1;0
NUHNEBI;1;13.3.1987;1;0
SAHATAYI;1;22.6.1967;1;0
BULSER;1;27.7.1962;0;1
YURTSEVIN;2;14.12.1958;0;2
ARAPGUZIDE;1;29.5.1962;0;1
NEZELIN;1;11.2.1951;0;1
DEKTAS;1;20.5.1986;1;0
RASENDER;2;29.10.1963;0;2
MENDUFER;1;4.3.1937;0;1
MISAYE;1;29.1.1978;0;1
HANKAN;1;19.4.1980;1;0
HATICE.TUGBA;1;15.11.1980;0;1
GIUSEPPINA;1;29.12.1975;0;1
SADURET;1;22.8.1913;0;1
HUBNIYE;1;16.11.1968;0;1
GUYFIYE;1;17.2.1960;0;1
SIKOFE;1;12.4.1935;0;1
YAVUZ.SELIM;1;11.6.1991;1;0
IMISA;1;7.2.1958;0;1
GAZBEK;1;10.9.1953;1;0
SIVADE;1;6.10.1943;0;1
HEDEME;1;7.7.1941;0;1
KULBI;1;28.5.1936;0;1
YARDAY;1;1.7.1986;1;0
LIMAZIYE;1;17.7.1977;0;1
GULSIRMA;2;17.10.1974;0;2
TARUZ;1;12.9.1933;0;1
SERGENDAL;1;2.11.1976;1;0
IHSANIS;1;26.9.1942;0;1
FEHRUDE;1;16.7.1986;0;1
HURIMEN;1;7.2.1940;0;1
HENDIK;1;27.4.1932;0;1
SULESMAN;1;20.5.1966;1;0
CEVALET;1;16.2.1974;0;1
MUNSA;1;27.4.1962;1;0
GUNSUL;1;1.1.1947;0;1
CUGABET;1;12.3.1965;0;1
ZULBUIYE;1;27.4.1974;0;1
GULGUNE;2;6.3.1955;0;2
NIZEMBER;1;2.2.1951;0;1
ABDULCEYLAN;1;4.6.1940;1;0
GUTBUTDIN;1;28.9.1949;1;0
GUMUSER;1;6.7.1938;0;1
MEZIYDE;1;22.6.1949;0;1
GULBEDIE;1;4.4.1933;0;1
SETMER;2;29.2.1959;0;2
CUMAY;1;16.11.1934;1;0
NUTKANIYE;1;27.11.1956;0;1
SEFALEDDIN;1;17.1.1966;1;0
ELDIVES;1;16.10.1969;1;0
LEYLIBAR;2;4.7.1980;0;2
AHMETUBEYD;1;14.4.1972;1;0
OMERLUTFU;1;5.7.1975;1;0
HACIGEN;1;1.1.1941;1;0
MUEYYEDE;1;26.1.1937;0;1
NARENTE;1;17.1.1942;0;1
LEYLEK;1;12.8.1935;0;1
INIHAT;1;22.11.1961;0;1
DEVRISA;1;7.2.1946;1;0
ELSAMET;1;21.10.1987;1;0
NURDAVAN;1;1.11.1973;0;1
HEYCEN;1;21.2.1947;1;0
ALIDURAMAN;1;2.2.1963;1;0
GUDUZ;1;23.8.1946;0;1
TOSUNBEY;1;1.1.1;1;0
VEDAATDIN;1;26.12.1960;1;0
NEZAATTIN;1;5.9.1957;1;0
YURDANIYE;1;2.3.1945;0;1
IFIKAT;1;27.1.1956;0;1
PELUZET;1;21.4.1944;0;1
ULYAMI;1;17.2.1966;1;0
MEYHUR;1;22.2.1961;1;0
ZULAP;1;6.1.1937;0;1
GEVAHIR;1;21.4.1940;0;1
ZULVIHAN;1;7.2.1988;0;1
SAIBAT;1;27.8.1932;0;1
BILGIVI;1;17.3.1984;1;0
HAYRUSEN;1;17.6.1964;0;1
KEVSEHER;1;1.12.1952;0;1
TAKIMET;1;3.12.1971;1;0
NIVAT;1;6.4.1968;1;0
FERYASIM;1;6.10.1983;1;0
MAYNURA;1;26.5.1929;0;1
GULSEFAY;1;2.2.1969;0;1
SITSAFI;1;23.7.1966;1;0
SEFFIRAZ;1;12.11.1977;0;1
SUMEYRAI;1;2.9.1980;0;1
CEVRIYEM;1;22.7.1943;0;1
AYNIHAYET;1;26.9.1939;0;1
SUVEYLAYI;1;29.9.1962;0;1
HACETUL;1;1.9.1983;0;1
BUBIYE;1;9.8.1967;0;1
HATIMAN;1;22.2.1943;0;1
SEFIYDE;1;20.2.1934;0;1
NEVSUR;1;22.4.1961;0;1
UNSEYEYN;1;27.10.1962;0;1
HIZIRSAN;1;1.10.1971;0;1
MENNUNIYE;1;1.3.1966;0;1
HAYRUNNA;2;9.11.1969;0;2
GULHANIN;1;8.1.1956;0;1
AFIFEI;1;21.2.1951;0;1
MAHBABA;1;1.7.1949;0;1
ZILVICCE;2;7.6.1950;0;2
USUVVET;1;26.12.1981;0;1
SEFUYRE;1;3.9.1960;0;1
EMURZADE;1;17.5.1972;0;1
CANFEDE;1;7.3.1946;0;1
EBULMUSLUM;1;16.6.1950;1;0
YAGSEN;2;28.5.1964;0;2
FETKU;1;9.4.1944;1;0
RAFIQA;1;13.9.1963;0;1
GULURUFIYE;1;18.12.1972;0;1
ESBAHAN;1;7.5.1952;0;1
FEYZUYLAH;1;12.5.1941;1;0
SIFADER;2;13.1.1961;0;2
MAINNISA;1;2.4.1957;0;1
HAYRUNNIZA;1;12.4.1923;0;1
DURAGAN;1;9.3.1958;0;1
KADUNCUK;1;22.5.1967;0;1
ZELFICE;1;7.1.1976;0;1
AIBDURRAHMAN;1;7.12.1988;1;0
HOSSAFA;1;18.3.1966;1;0
YAGSIYE;1;21.7.1952;0;1
SETDER;1;4.3.1987;1;0
GULYANDIM;3;16.12.1953;0;3
FIRASI;1;16.11.1969;0;1
REYANET;1;12.7.1976;0;1
OYLUMGUL;1;2.5.1975;0;1
BILDIYE;1;17.2.1948;0;1
SEMENE;1;7.3.1964;0;1
ILIKHAMA;1;6.3.1975;0;1
BORUTECENE;1;3.9.1988;0;1
APDULGADIR;1;15.11.1975;1;0
CANGUNGER;1;18.10.1960;1;0
MURZADIYE;2;28.1.1964;0;2
IMMEKAN;1;22.2.1949;0;1
SEYRANHAN;1;12.9.1965;0;1
MURAKA;1;1.4.1991;0;1
SECERAY;1;30.7.1988;0;1
GOKMERIC;1;17.9.1960;0;1
SAVGIYA;1;3.4.1963;0;1
CIVI;1;22.8.1937;1;0
CEMAGNUR;2;12.2.1959;0;2
ERKULU;3;3.9.1952;3;0
DURBEK;1;12.3.1941;1;0
NERZEGUL;1;2.2.1957;0;1
TEMAS;1;27.8.1932;0;1
BENSIZ;1;2.8.1933;0;1
KULPES;1;17.8.1957;0;1
DURHALET;1;1.1.1;1;0
GULZALA;1;27.4.1971;0;1
ESANI;1;27.2.1986;1;0
GONUK;1;7.2.1952;0;1
CANFEDAYE;1;5.5.1953;0;1
BONYAMIN;1;24.11.1943;1;0
ZUHADE;1;11.12.1986;0;1
DUMANLI;1;15.2.1949;0;1
ELUF;8;18.8.1941;0;8
HUSEYINEDDIN;1;1.2.1943;1;0
KAMERTAS;1;19.8.1936;0;1
ZELIK;3;9.6.1946;0;3
MERES;2;4.5.1961;0;2
BAYICE;1;22.2.1985;0;1
BEKIRDEDE;1;26.10.1982;1;0
UMRAR;1;27.2.1962;0;1
BEFAAT;1;22.2.1961;0;1
KEVIK;4;22.6.1942;0;4
SUDDET;1;16.10.1978;0;1
AHWELAT;1;18.1.1982;0;1
NEFHI;2;8.11.1975;2;0
SERTEP;1;7.2.1982;0;1
MUHITAP;1;17.2.1966;0;1
HAMDUSELA;1;22.2.1967;1;0
ALTUNIYE;2;8.9.1965;0;2
ELYASEDDIN;1;7.7.1970;1;0
CEZIMA;6;21.4.1981;0;6
EMALI;1;14.1.1974;0;1
OMBERE;1;9.6.1970;0;1
NELMAL;1;8.9.1974;0;1
AYNIMERDIYE;1;11.7.1977;0;1
ZEMZA;1;28.4.1962;0;1
SEDERET;1;2.8.1984;0;1
KEBILA;1;17.5.1954;0;1
HAKKANET;1;6.4.1980;1;0
ABDULSSELEM;1;7.2.1976;1;0
DILLISAN;2;19.5.1967;0;2
AVINAZ;1;21.11.1972;0;1
ADLES;1;27.8.1932;0;1
KERKI;1;20.2.1966;0;1
GENDIYE;1;27.8.1926;0;1
NOSICAN;2;4.6.1977;0;2
BILIRCAN;2;27.7.1985;0;2
ABDULFETTIH;1;26.7.1988;1;0
UMMIEYMEN;1;7.4.1958;0;1
BURKLINBIRKAN;1;12.12.1989;1;0
RAYIB;1;22.2.1961;1;0
MEFIDA;1;19.12.1984;0;1
LAMZIYE;1;22.2.1961;0;1
SEVIRCAN;1;21.10.1989;1;0
BARAF;10;19.9.1960;0;10
MUBRISE;1;17.2.1966;0;1
MIDAVER;1;12.2.1971;1;0
IYAP;1;12.8.1989;1;0
SEHRAZ;2;8.8.1949;0;2
REVZIYAT;2;20.8.1972;0;2
PETINE;2;22.10.1964;0;2
ZERBA;2;5.7.1966;0;2
FENAZ;1;26.6.1978;0;1
TEMNET;1;14.7.1980;0;1
SIYAPISA;1;20.4.1965;0;1
ZUKRI;1;6.2.1944;1;0
ROJHELAT;1;3.12.1970;1;0
VALADIN;1;17.2.1972;1;0
EMIYETTULLAH;1;18.12.1976;0;1
ROJGES;1;11.4.1978;1;0
SAHSANA;1;29.8.1974;0;1
ABDULHUMUT;1;26.5.1977;1;0
SAGINEBAN;1;25.7.1941;0;1
MORTEZIM;1;27.10.1982;0;1
DOTMAM;1;5.12.1990;0;1
ABDULMETAP;1;29.4.1975;1;0
MUHBETA;1;20.4.1971;0;1
NISIBE;1;27.7.1974;0;1
SEDILAYUN;1;22.4.1961;0;1
HEZE;8;25.8.1950;0;8
MAHSIM;1;5.2.1978;1;0
HAKIMDEDE;1;21.10.1981;1;0
MUTLAKA;1;26.5.1983;0;1
SAYIZADE;2;27.8.1978;0;2
SIFTTI;1;27.8.1926;0;1
NUSIBBET;1;14.6.1985;0;1
MUYDE;1;27.4.1992;0;1
SERTIN;2;19.9.1988;2;0
SOLYE;3;5.6.1961;0;3
AZMEDDIN;1;10.9.1964;1;0
REVZIGUL;2;9.10.1979;0;2
TULUZAN;1;23.11.1983;0;1
DILNEBAZ;2;29.7.1970;0;2
SOLYAN;1;16.11.1982;0;1
SEHVEL;1;9.7.1970;0;1
CEMIHA;2;3.8.1975;0;2
MESAET;1;12.8.1977;0;1
UMMUZEHRA;1;7.4.1988;0;1
GUHUS;1;9.3.1941;0;1
A.MENAP;1;12.2.1965;1;0
VAZZEDDIN;1;22.2.1961;1;0
ADDIKA;1;26.12.1951;0;1
NIHBET;1;20.8.1965;0;1
SERFIYAT;1;21.5.1977;0;1
HARAKET;1;27.2.1974;1;0
DILDADEN;1;23.1.1988;0;1
ELSIFE;1;21.7.1975;0;1
MUBHAR;1;1.11.1986;0;1
HEDIYETTULLAH;1;2.2.1963;1;0
M.HASBULLAH;1;4.5.1975;1;0
SERDEH;1;27.2.1986;1;0
VEVRI;1;12.2.1965;0;1
HUMAT;1;19.10.1977;1;0
ISTIYAN;1;24.5.1973;0;1
ABDULBUHAR;3;30.8.1972;3;0
GULSEAR;1;7.10.1974;0;1
BASRAN;2;9.7.1958;0;2
GEVRIYETE;1;29.6.1950;0;1
GURCA;1;17.5.1954;0;1
MIZGUN;1;6.11.1977;1;0
FEVFURE;1;10.8.1964;0;1
MECIMA;1;17.2.1966;0;1
FEYIKE;1;20.9.1966;0;1
MESEDYE;1;21.2.1976;0;1
RUVEZDE;1;17.2.1948;0;1
YAHFUR;4;22.9.1962;4;0
MIGDA;1;8.1.1964;1;0
HAMIDESENA;1;27.11.1956;0;1
DURRUSEHVA;2;21.2.1969;0;2
UMIKELSIM;1;24.3.1955;0;1
AKISER;1;3.4.1986;0;1
HORICERE;1;27.2.1980;0;1
LUMIHA;1;6.3.1956;0;1
NUZEYNI;1;8.11.1973;1;0
NUFRIDE;1;12.1.1954;0;1
KESRAM;1;3.7.1976;0;1
CIYADIN;1;30.4.1985;1;0
MENTUZE;1;27.2.1968;0;1
MERDINAN;1;2.6.1963;0;1
NEYYU;1;16.6.1952;0;1
SAHVANET;1;1.2.1974;0;1
ABDILLAH;1;27.10.1984;1;0
ABDULVECAT;1;12.2.1953;1;0
PERVET;1;22.2.1973;0;1
NEYETULLAH;1;22.12.1955;1;0
MESBIHE;1;12.2.1959;0;1
SAHISENEM;2;2.6.1957;0;2
MUNBER;1;23.4.1967;0;1
TOSUNA;1;27.8.1944;0;1
CELKEDA;1;11.3.1952;1;0
SUMUL;1;27.6.1980;0;1
NAFUYI;1;30.6.1978;0;1
SABITHA;1;16.6.1979;0;1
PEYROZHAN;3;22.12.1952;0;3
TANTEKIN;1;23.3.1979;1;0
CINDAN;1;16.7.1991;0;1
ZINUREYN;1;17.7.1978;1;0
BEDEF;1;6.6.1967;0;1
MARIJANKA;1;2.3.1956;0;1
UMMUGELSUM;1;16.2.1965;0;1
MEHMET.SELIM;1;5.7.1988;1;0
GULDEL;2;7.9.1968;0;2
SAHABADDIN;1;17.2.1954;1;0
PIRESIN;11;5.5.1960;11;0
YURTMAN;1;5.11.1940;1;0
BEVER;1;22.2.1991;0;1
SINENSAH;1;1.2.1943;0;1
SAHSEME;2;30.10.1959;0;2
YUZRA;1;30.4.1979;0;1
PERVAZ;2;6.8.1963;0;2
CENAYIT;1;5.2.1957;1;0
SEYMETULLAH;1;14.11.1968;1;0
ZILKIFIL;1;13.8.1947;1;0
AZMEDIN;1;26.10.1949;1;0
FIRIKAT;3;4.8.1973;0;3
ZELZELE;2;2.12.1971;0;2
HAVUSAR;1;2.2.1963;0;1
SEDILAYN;1;2.5.1975;0;1
VERFIYE;1;27.8.1920;0;1
MESLUDE;1;28.8.1987;0;1
MENTULA;1;25.3.1957;0;1
SAYHATA;1;6.4.1962;0;1
SAMIHET;1;27.7.1980;0;1
HASREVI;1;21.6.1965;1;0
MEKHIYE;2;13.3.1977;0;2
MELLIHE;1;27.2.1968;0;1
PERNAVAZ;2;24.7.1966;0;2
KUDRETA;1;2.1.1967;0;1
SERHABIL;1;12.2.1953;1;0
NEYLULLAH;1;8.6.1957;0;1
SEYHUP;1;26.7.1974;1;0
FAREC;2;10.8.1964;2;0
HESSUNE;1;17.2.1966;0;1
GUCTEKIN;2;8.1.1955;2;0
NARSA;1;23.8.1967;0;1
MAHMMUT;1;9.2.1991;1;0
HAMDUSANE;1;16.5.1970;1;0
EBUSALIH;1;1.12.1973;1;0
KEJJO;1;7.5.1945;1;0
SEVNEL;1;1.3.1978;0;1
HEZAMET;1;24.10.1965;0;1
HEYLANE;1;27.2.1944;0;1
MUFERREN;1;16.9.1982;0;1
HERIVAN;1;20.12.1988;0;1
NIZEMETTIN;3;27.12.1974;3;0
ALARENGI;1;26.6.1979;0;1
HEJAL;1;8.10.1987;0;1
GIBARA;1;30.7.1991;1;0
RUNAYLA;1;17.3.1966;0;1
AYYUCEGUL;1;13.12.1987;0;1
ZADIRE;1;26.4.1947;0;1
BIRADIN;2;25.11.1967;2;0
VERDILE;1;12.2.1971;0;1
NUHUBET;2;20.10.1971;0;2
RUMILA;1;27.11.1968;0;1
SANSEM;1;22.10.1973;0;1
SUBAP;1;7.2.1964;1;0
RUTBE;1;26.1.1968;1;0
VAVURIYE;1;2.2.1963;0;1
NEFYETE;1;5.12.1974;0;1
ABDULREFIK;1;22.6.1971;1;0
SIRINZADE;1;22.2.1977;0;1
ABDULMETALIP;2;5.2.1976;2;0
MIRBAL;1;22.6.1982;0;1
OSTUN;1;27.2.1986;1;0
ZAGROZ;1;19.3.1966;1;0
TAAT;5;25.11.1979;0;5
MEKERREM;1;21.8.1968;0;1
FESLIYE;1;25.12.1946;0;1
HAZILA;1;1.4.1960;0;1
MAZULMA;1;22.2.1973;0;1
IBRIYE;1;22.5.1951;0;1
NASRUH;1;11.8.1957;1;0
METIRA;1;16.11.1965;0;1
MISRIHA;1;7.2.1958;0;1
ROJAL;1;15.9.1990;0;1
ROJDAL;1;29.4.1986;0;1
PESMER;1;2.6.1975;1;0
SABRU;1;4.10.1991;1;0
NORGUZEL;1;22.6.1961;0;1
CELLADDIN;1;6.2.1977;1;0
MAYTE;1;27.2.1974;0;1
SAPINEBAT;1;2.2.1963;0;1
NESIMUSSEBAH;1;28.5.1965;0;1
AYNIYA;1;6.1.1942;0;1
BERFICAN;1;13.8.1984;0;1
MEYYAT;1;24.1.1957;0;1
MUFERAH;1;3.4.1971;0;1
DILEMA;1;22.6.1987;0;1
MEHMETASKERI;2;18.6.1982;2;0
MUHIBUDDIN;1;12.2.1965;1;0
MAHMEDI;2;3.6.1959;2;0
ROYAN;2;28.1.1991;1;1
TERZIMELEK;1;16.7.1975;0;1
EFITAB;1;17.7.1972;0;1
HIVDAL;1;9.4.1988;0;1
GEYA;1;13.6.1946;0;1
GURCIDE;1;27.4.1988;0;1
TACALAN;1;25.4.1972;1;0
SUBAB;1;12.8.1935;1;0
YAKISLI;3;15.3.1970;0;3
ZIYAUTTIN;1;17.6.1942;1;0
M.MUCAHIT;1;11.1.1969;1;0
AYLEDIN;1;2.2.1975;0;1
SAHMAL;2;20.8.1960;0;2
FAHRULEYIL;1;21.5.1959;0;1
BAKYETE;1;10.5.1983;0;1
HUBETULLAH;1;28.2.1986;0;1
TEKO;2;27.5.1950;2;0
RUHFAYI;1;5.5.1981;1;0
VEDOLUHA;1;12.2.1953;0;1
OMMU;1;22.1.1991;0;1
SAHABETIN;1;12.3.1965;1;0
NEBKES;1;27.8.1932;0;1
GORGINSAH;1;6.3.1953;1;0
LAYHA;1;25.10.1968;0;1
NUPELPA;1;4.1.1991;0;1
GENDE;1;12.2.1965;0;1
BADINAN;1;29.2.1975;1;0
FERMUSE;2;20.8.1960;0;2
ZENDISE;1;18.9.1969;0;1
METTIHA;1;17.2.1972;0;1
ZEVZAN;1;12.2.1953;0;1
FENTEZIYE;1;30.12.1986;0;1
HANIFIYA;1;27.11.1974;0;1
ZEBIRA;1;2.2.1933;0;1
DALEL;1;22.3.1973;0;1
EKO;1;12.5.1935;0;1
LIVEZA;2;25.10.1964;0;2
REVANK;1;4.1.1969;0;1
HASRATA;1;27.3.1956;0;1
TUBHA;1;27.4.1974;0;1
DAVVUT;1;16.7.1964;1;0
AMBERA;2;10.1.1982;0;2
MELLO;2;22.2.1949;1;1
CEYNIYE;1;2.8.1933;0;1
HAVLIYA;1;27.3.1974;0;1
MEHMETVECDI;1;2.2.1975;1;0
GUNAP;2;4.4.1963;1;1
DERIK;2;29.9.1932;1;1
GOLBARIN;1;26.8.1990;0;1
ESFEK;1;1.5.1977;1;0
SITTILZUBEYDE;1;21.9.1948;0;1
RUTBETTIN;8;7.1.1984;8;0
M.SEHIP;1;2.2.1969;1;0
MENIMA;1;2.2.1975;0;1
SULHE;3;27.8.1945;0;3
RAHSE;1;13.4.1989;0;1
MENACET;1;14.1.1992;0;1
ABDUSELAMI;1;4.7.1969;1;0
HEMSAN;1;12.2.1944;0;1
RUKYETTE;1;22.1.1972;0;1
AZETE;1;12.2.1947;0;1
GERYA;2;27.10.1974;0;2
NEDIT;1;9.1.1974;1;0
MAGUSA;1;18.3.1942;0;1
BURHANUTTIN;1;25.2.1955;1;0
UZYAN;1;22.2.1973;0;1
ZIVAYET;1;14.4.1978;0;1
GERGIN;1;4.2.1978;1;0
SINEMSAH;5;9.7.1960;0;5
SIZGINE;1;2.2.1975;0;1
FEVMIYE;1;19.5.1968;0;1
SEHBANU;1;6.12.1981;0;1
NUSAL;1;6.9.1990;0;1
HAMZIYA;1;22.2.1991;0;1
REDVET;1;11.5.1969;0;1
JIRZAT;1;22.2.1991;1;0
FERFIDE;1;9.2.1973;0;1
M.BEHIYE;1;29.6.1936;0;1
SEDEFYEN;1;17.2.1980;0;1
M.UMREDIN;1;12.2.1953;1;0
ZEKIYETUL;1;22.2.1943;0;1
MEYSUL;2;26.1.1947;1;1
MEHMETBARIS;1;17.6.1978;1;0
RIHSE;1;1.8.1938;0;1
ABDULMEKIN;1;21.11.1981;1;0
MIZANE;1;12.2.1935;0;1
MENKUL;1;14.5.1969;1;0
TERZINAT;1;2.2.1963;0;1
ENZIFE;1;27.2.1944;0;1
NAZININ;1;27.2.1942;0;1
MIJGAR;2;9.2.1982;0;2
SAFIYETI;1;7.4.1952;0;1
HUBREDIN;1;17.2.1972;1;0
SELHICE;1;15.3.1965;0;1
PERNEVAT;2;17.5.1978;0;2
HAMDUSONA;1;19.10.1989;1;0
EPSELE;1;23.3.1967;0;1
NURIBAND;1;22.10.1961;0;1
NURJIYAN;1;11.9.1977;0;1
FEYNUSET;3;4.5.1975;0;3
DIBLI;1;22.2.1955;0;1
KINIYE;2;27.1.1974;0;2
HARIBA;3;3.8.1983;0;3
ISLAHET;1;2.12.1976;1;0
MERGUDE;1;26.5.1973;0;1
MOHETTIN;3;6.6.1966;3;0
MEKRENI;1;27.10.1962;1;0
MUSEADET;1;11.7.1975;0;1
TELISAN;1;7.2.1979;0;1
GAZDE;1;22.2.1949;0;1
MEVZUME;1;8.2.1964;0;1
VEHADIN;1;2.2.1975;1;0
CINELI;1;8.4.1976;1;0
M.SABAN;1;12.3.1953;1;0
SERGUH;1;7.1.1979;1;0
DILMAHI;2;27.5.1932;0;2
GULNEZER;2;26.11.1960;0;2
TASAYE;1;1.10.1960;0;1
MANAP;1;2.2.1957;1;0
GULLO;2;27.6.1946;2;0
MITYA;1;7.2.1956;0;1
LEYLUFE;2;15.2.1964;0;2
SORAYI;1;7.2.1952;0;1
ZULEDE;1;12.12.1965;0;1
DEDA;3;18.11.1980;3;0
EMSAZ;1;18.11.1987;0;1
ZEHRINA;1;26.5.1968;0;1
MIZPAH;2;17.7.1981;2;0
SEYNIYE;2;23.3.1946;0;2
RAYASEDIN;1;24.4.1943;1;0
HEZIZE;1;17.2.1960;0;1
HEVIYA;1;7.2.1976;0;1
AKIMA;1;22.2.1955;0;1
MEYHANET;1;27.4.1962;0;1
KITIBA;1;21.4.1958;0;1
KUTBEDI;1;17.2.1966;1;0
CIHANROJ;1;3.3.1979;1;0
ILHANMEDI;1;6.12.1980;1;0
MAALA;1;18.4.1954;0;1
HUSALLETTIN;1;1.6.1978;1;0
FIRDEM;1;29.8.1989;0;1
EVNIN;1;13.8.1988;0;1
HIYLIYE;1;16.9.1973;0;1
NECZAT;1;26.3.1977;1;0
BEYTE;3;27.10.1958;0;3
ABDUFERID;1;1.7.1971;1;0
OGIR;1;9.3.1991;1;0
ZAAR;1;24.10.1991;1;0
BENEVSAH;1;7.2.1958;0;1
M.ZULKIF;1;17.8.1966;1;0
SIBATULLAH;1;2.3.1969;1;0
DILSAY;1;14.7.1979;0;1
ELHE;2;26.6.1936;0;2
SIVIZAR;1;11.6.1958;0;1
GORBETE;1;1.10.1942;0;1
MESEDIN;4;23.8.1981;4;0
ROJBUN;1;26.2.1981;0;1
KECUN;4;15.11.1958;0;4
ISPAHI;1;17.3.1966;1;0
CARYETULLAH;1;27.6.1974;0;1
MUNTESNA;1;27.11.1968;0;1
FAKRISAN;2;20.3.1967;0;2
SELLAHTTIN;1;21.11.1977;1;0
SAYCEREZ;1;2.4.1970;0;1
MUHTEVI;1;17.9.1982;1;0
MUZIDDE;1;2.2.1963;0;1
KEVILA;1;22.12.1981;0;1
M.ZAHID;1;7.5.1952;1;0
LAIM;1;3.3.1983;1;0
MENTUNE;1;7.2.1964;0;1
FEREZAN;2;5.5.1962;0;2
HERDEMA;1;3.6.1977;0;1
TOPYA;1;8.6.1980;0;1
SAHNEBI;1;12.7.1976;1;0
EVRIZA;1;17.2.1960;0;1
HADUSANA;1;16.6.1963;0;1
REFIKAT;2;22.11.1970;0;2
FERSHAT;1;3.6.1981;1;0
ZUMMER;2;12.12.1982;2;0
NIYASEMIN;1;21.4.1962;0;1
MENIKE;1;2.2.1951;0;1
BEHRENGI;2;10.10.1982;1;1
FERKATA;1;17.2.1964;0;1
PULDEM;1;27.2.1986;0;1
CIFTELI;1;16.6.1969;0;1
DICLEGUL;1;17.2.1984;0;1
YUNCAY;1;26.6.1989;1;0
VESHIYE;1;23.6.1961;0;1
GUHARSAH;2;24.8.1964;0;2
NURHUNAS;1;27.2.1974;0;1
EBUGALIP;1;11.6.1968;1;0
A.MENAV;1;17.4.1972;1;0
M.NUH;2;30.9.1968;2;0
M.ZULFI;5;6.9.1955;5;0
NEFFIAT;1;2.2.1975;0;1
ABDULSSAMET;1;11.4.1962;1;0
GULVARDE;1;30.7.1976;0;1
YURMUZ;1;12.2.1965;1;0
MIAS;1;7.8.1934;1;0
TEKYEDI;1;7.2.1964;1;0
TESDIKA;1;17.2.1978;0;1
HUNUSE;3;12.1.1961;0;3
RISMA;1;2.2.1975;0;1
FEZDAN;1;27.4.1962;0;1
ABDUBASIR;1;17.2.1972;1;0
NESAHET;2;4.3.1976;0;2
HAMDUSEMA;1;29.2.1979;1;0
EYMUNE;1;23.4.1949;0;1
MEYSELET;1;2.3.1963;0;1
MUFDIDE;1;9.4.1963;0;1
VEDDIHA;1;2.10.1944;0;1
SETIHAT;1;30.8.1973;0;1
SEGMAL;1;6.11.1956;0;1
SULHATE;1;12.1.1958;0;1
SUNDO;1;29.3.1936;0;1
ALIHAS;2;17.10.1957;2;0
ABDULAZER;1;25.5.1951;1;0
VAHIYEDIN;1;27.2.1956;1;0
GOLSINE;1;21.3.1965;0;1
HOREYLA;1;7.8.1934;0;1
ZABAT;1;2.2.1981;0;1
ZENIRA;1;7.2.1970;0;1
LEHRIMAN;1;2.9.1942;1;0
GILNAVAZ;1;2.2.1975;0;1
SEVENCEN;1;27.9.1984;0;1
MUNSUF;1;21.8.1965;1;0
HURSITI;1;17.2.1954;1;0
CUVANROJ;1;1.3.1962;1;0
LAYINE;1;2.3.1951;0;1
RUSDA;1;5.1.1979;0;1
RIFIE;1;29.8.1968;0;1
ARSUR;1;19.10.1978;0;1
NEVPERDAN;1;17.4.1972;0;1
SEMSOL;4;25.10.1934;0;4
SEYDIL;1;22.6.1985;1;0
MUADEL;2;5.11.1971;0;2
HEYDA;1;18.10.1988;0;1
SAHAMI;1;2.10.1963;0;1
HOSMER;1;7.2.1964;1;0
CARIYETULLAH;3;28.4.1963;0;3
HAKIMI;1;4.4.1973;1;0
MAHPEYKEL;1;15.3.1973;0;1
MELKIN;1;8.4.1988;1;0
VEYSULAH;1;6.3.1953;1;0
MEVZET;1;23.5.1973;0;1
TABIBUS;1;20.10.1955;1;0
EHAL;1;5.10.1977;0;1
KADLIYE;1;1.7.1971;0;1
GUZEDDIN;1;6.6.1979;0;1
MENFULE;1;4.7.1975;0;1
SERIET;1;7.2.1970;0;1
NAZNI;1;4.8.1976;1;0
MENINCE;5;26.10.1972;0;5
HERNAZ;1;2.2.1957;0;1
SUZLEM;1;28.3.1986;0;1
SENIMA;3;20.9.1962;0;3
FEYMISET;1;2.7.1957;0;1
SINEMSAG;1;2.2.1951;0;1
GULSIAR;1;28.10.1991;0;1
REYDANE;1;26.10.1988;0;1
URVI;1;26.9.1975;1;0
MUMLUZE;1;11.3.1964;0;1
SEVAZA;1;12.2.1965;0;1
FADLA;1;4.10.1971;0;1
ANBERI;2;7.12.1942;0;2
ABDULIMAM;1;24.10.1979;1;0
LAMIME;1;21.5.1966;0;1
HAYLIYA;3;13.1.1941;0;3
HEDIZE;1;27.3.1926;0;1
SACIMAN;1;22.3.1961;0;1
FUDLA;1;22.7.1985;0;1
RAIFYE;1;23.2.1961;0;1
FERITNAZ;1;28.6.1976;0;1
GULSERDEM;1;9.7.1988;0;1
SERHENDAN;1;9.12.1990;1;0
AFRIN;1;17.3.1942;0;1
MISURE;1;17.10.1990;0;1
CACEN;1;13.4.1963;0;1
NURREN;1;4.5.1957;0;1
SIDKE;1;22.2.1961;0;1
EMZEDE;1;17.8.1978;0;1
ZIMEYRAN;1;17.4.1966;0;1
FESFULE;1;7.2.1976;0;1
ENDERUN;3;7.5.1966;0;3
HAMMIT;1;23.2.1983;1;0
LEYIHA;1;13.5.1982;0;1
GENIK;1;18.8.1942;0;1
MESURYET;1;23.10.1954;0;1
MEVZUNAT;1;17.2.1978;0;1
PIROZI;1;17.5.1979;0;1
HEKSIYE;1;10.8.1939;0;1
GASPIKE;1;27.2.1974;0;1
MEHABED;1;4.2.1978;0;1
ALAMETE;1;8.1.1956;0;1
AVINA;1;3.8.1961;0;1
VECELLIN;1;6.5.1968;1;0
HEYDETTULLAH;1;7.7.1982;1;0
BEFFIYE;1;28.4.1974;0;1
EYHAM;1;2.12.1969;0;1
HIBRA;1;12.11.1974;0;1
ZIRIYA;1;18.3.1954;0;1
EBLIHE;1;26.7.1961;0;1
MENFASLI;1;25.6.1975;1;0
GIRIFA;1;8.4.1946;0;1
LIYAKET;1;29.12.1969;0;1
SAHIZANAN;1;12.2.1959;0;1
LILVAN;1;5.8.1989;0;1
NECMETA;1;24.9.1978;0;1
ABINE;2;6.11.1974;0;2
NEDILSAH;1;1.3.1967;0;1
MUCMIYE;1;2.2.1969;0;1
PIRHUZHAN;1;19.5.1954;0;1
RESEAT;1;7.6.1991;0;1
MERMIYAN;1;11.4.1932;0;1
SAINA;1;2.2.1963;0;1
SIHIDA;1;12.2.1965;0;1
MUMRUSAH;1;12.2.1953;0;1
BETHA;1;26.6.1978;0;1
MEDREFE;1;12.8.1941;0;1
NEZIET;1;6.6.1950;0;1
INHAM;1;24.7.1987;0;1
UNFE;1;17.1.1960;0;1
KERBALA;1;2.2.1969;1;0
MEHITAP;1;7.2.1964;0;1
PINASIN;1;2.8.1933;0;1
IFTEDA;1;18.4.1980;0;1
HAMILA;2;6.3.1948;0;2
BIZIK;2;10.1.1958;0;2
MUKERSIN;1;21.6.1973;0;1
MAHSEZ;1;27.5.1974;0;1
TAYYIKA;1;11.10.1969;0;1
EMMUHAN;1;23.2.1963;0;1
MUSKIN;1;2.5.1975;0;1
HEVINE;3;25.9.1983;0;3
PEKNEVAZ;2;24.7.1983;0;2
SIPHATTULLAH;1;7.8.1975;1;0
GULAVIN;1;8.1.1987;1;0
ERGOZ;1;13.6.1990;0;1
HAMZIYADE;1;27.9.1986;0;1
MUZAYE;1;27.2.1974;0;1
MURTEZZEM;1;1.10.1977;0;1
CIHAZI;1;17.2.1966;1;0
MUNUBA;1;27.1.1950;0;1
MESNIAT;1;16.2.1962;0;1
KESUMAN;1;25.11.1966;0;1
VEDICA;1;15.4.1959;0;1
HEZIDE;1;21.3.1953;0;1
NECRIFA;1;10.3.1973;0;1
BEKERET;1;11.11.1988;1;0
NEVABAT;1;25.4.1974;0;1
MUNBET;1;27.3.1974;0;1
ACERI;1;10.1.1961;0;1
MARSITE;1;26.2.1990;0;1
SELGEYTULLAH;1;2.5.1963;1;0
GINER;1;12.2.1983;0;1
RECAYIT;1;22.2.1973;1;0
SAZEMIN;1;11.11.1972;0;1
YASUH;1;20.3.1973;1;0
EMBERA;1;7.2.1952;0;1
SIHMAL;3;8.8.1961;0;3
HADRATE;1;22.9.1949;0;1
MULUME;1;19.3.1960;0;1
DUMREK;1;7.2.1958;1;0
LIYAKA;2;8.1.1959;0;2
EMLICE;1;14.1.1977;0;1
ABDURSETTAR;2;25.9.1964;2;0
SEZETTIN;1;2.8.1933;1;0
UCRETE;3;29.10.1952;0;3
IMMAMETTIN;1;6.2.1984;1;0
CAYZO;1;22.2.1931;0;1
BEDLIZAMAN;1;26.6.1970;0;1
SEKIRYE;1;7.1.1976;0;1
AYHANA;1;22.2.1967;0;1
YURGE;1;22.2.1973;0;1
IHNO;1;12.9.1949;0;1
MECFURE;1;18.2.1954;0;1
NEFESAN;1;15.2.1966;0;1
MELESIME;1;5.11.1967;0;1
SITTILAYAN;1;24.4.1948;0;1
VELIN;1;23.10.1986;1;0
ROSDAN;2;13.2.1975;0;2
RAOF;1;2.5.1973;1;0
ABDULLEVENT;1;11.5.1991;1;0
TELLAM;1;24.10.1977;0;1
CEHREN;2;9.1.1991;0;2
CACI;3;23.12.1944;0;3
MIDRAV;1;27.4.1962;1;0
RAYIHAT;1;21.4.1958;0;1
GERNAZ;1;30.12.1980;1;0
PEKIRULLAH;1;27.3.1962;1;0
MUHUIDDIN;1;17.2.1966;1;0
SEBHANIYE;1;2.2.1975;0;1
UNSALAN;3;16.8.1981;3;0
PERSIME;1;22.2.1973;0;1
FEKAMET;1;26.6.1967;0;1
YESERCAN;2;14.12.1978;0;2
SIDALYA;1;27.11.1980;0;1
ROTINDA;1;16.6.1986;1;0
SAYIH;1;17.2.1978;1;0
LIYAKE;1;12.3.1962;0;1
SULIYAN;1;27.2.1932;0;1
RAFATTA;1;7.3.1970;0;1
AHDERET;1;22.2.1966;0;1
LIVEZE;2;11.1.1959;0;2
SERGOH;1;14.4.1981;1;0
GULHECA;1;26.11.1985;0;1
SERCET;1;1.3.1987;0;1
MUGNI;1;17.3.1984;1;0
BASIH;1;6.8.1931;0;1
MEMURIYET;1;17.2.1984;0;1
UBEYTAGA;1;6.6.1967;1;0
CARYETE;1;9.1.1979;0;1
REVUKIYE;1;21.2.1975;0;1
ZOZINI;1;23.3.1965;0;1
SIVEYLA;1;22.7.1982;0;1
HALINE;1;28.6.1989;0;1
MESUDED;1;26.3.1976;0;1
BEDNA;1;4.12.1969;0;1
MUHUBBED;1;17.9.1971;0;1
ICO;1;27.8.1932;1;0
MUSENET;1;19.3.1966;0;1
CUZUYA;1;7.2.1964;0;1
NEHPI;1;6.11.1980;1;0
VAYBER;1;21.7.1973;0;1
HAMDUSENAM;1;30.2.1987;1;0
GOLSUME;1;24.3.1955;0;1
MEYMOCAN;1;28.4.1992;0;1
MECETE;1;17.2.1966;0;1
HAKANET;2;19.2.1982;1;1
NAMUVAR;1;2.2.1963;0;1
SEYHVEZAT;1;7.4.1988;0;1
LEYBA;1;28.6.1967;0;1
TEGBET;1;22.2.1967;0;1
SUHLEDA;1;6.8.1974;0;1
TUMULAY;1;27.11.1981;0;1
ROZHAT;1;13.9.1990;0;1
DILAVEZ;3;11.4.1977;1;2
MESLIHAT;3;23.7.1979;0;3
SUTIBET;1;22.6.1969;0;1
DERJAN;1;25.1.1988;0;1
MEKKIYA;1;16.5.1969;0;1
MEVICE;1;22.2.1967;0;1
LIYAK;1;29.9.1971;0;1
RESEM;1;8.6.1991;0;1
MEYSENET;1;26.4.1964;0;1
YENBAGI;1;5.3.1974;1;0
REVSATE;1;27.8.1926;0;1
ABDULHED;1;6.1.1970;1;0
BESERUL;1;24.10.1985;0;1
SEVMIYA;1;1.3.1981;0;1
MUYHITTIN;1;2.4.1951;1;0
RAMZO;1;28.5.1943;1;0
HUMRETE;1;14.2.1953;0;1
SAHISANA;1;29.5.1978;0;1
KURUCE;1;12.6.1989;0;1
TEYFA;2;12.7.1970;1;1
BENYETE;1;7.1.1951;0;1
BENZIRE;1;4.5.1963;0;1
FEHRISAH;1;22.5.1967;0;1
SOFRA;1;22.4.1966;0;1
YAVUZAY;1;9.3.1969;1;0
SIMEYLA;1;2.10.1985;0;1
VEHETTIN;1;22.2.1967;1;0
ZIRIHAN;1;17.2.1966;0;1
FERHUNAZ;2;15.12.1971;0;2
NECMETULEY;1;30.4.1990;0;1
MUDDURE;1;30.2.1987;0;1
YUHALIZE;1;24.11.1988;0;1
TECRIMANI;1;27.7.1973;0;1
MESHET;1;26.12.1986;1;0
MESEDDIYE;1;27.2.1974;0;1
GEVLET;1;6.3.1977;0;1
SUZMIYE;3;17.7.1975;0;3
RUAFI;1;9.10.1976;1;0
MAIDET;3;5.10.1961;0;3
MIRYA;3;14.12.1963;1;2
MESICE;1;20.11.1981;0;1
ELFUSYA;1;15.4.1977;0;1
GUNGIR;1;7.4.1970;1;0
BEZEDIN;1;17.2.1966;1;0
MAHMUS;1;1.11.1991;1;0
TELLIYA;4;25.8.1980;0;4
SINIBAHAR;1;6.7.1989;0;1
CEZBIR;1;11.7.1982;1;0
HANMENT;1;20.2.1966;1;0
CANBORAY;1;19.12.1991;1;0
SILYAN;2;28.2.1969;0;2
MAYZAR;1;27.5.1974;0;1
TEKDAR;1;7.7.1988;1;0
IZHEP;1;7.5.1976;0;1
MISHET;1;20.4.1992;1;0
MUTEZE;1;7.2.1970;0;1
TEVDIR;1;5.3.1983;1;0
RUZGAL;1;2.2.1963;1;0
EFESYA;1;27.2.1974;0;1
ABDULMUHIP;1;3.3.1983;1;0
ILDIYE;1;27.2.1956;0;1
SIBRET;1;25.6.1973;0;1
NUHAS;2;9.8.1966;0;2
MAYZA;1;20.12.1978;0;1
PERDESAH;1;17.2.1966;0;1
FIELIZ;1;14.7.1991;0;1
NUFAA;1;18.9.1959;0;1
NUHRIBAN;2;6.9.1977;0;2
MAHFUZIYE;1;11.8.1981;0;1
MENFIKE;1;26.1.1991;0;1
ZULBISE;1;29.8.1986;0;1
NUFUT;1;3.7.1969;1;0
MEHDIY;1;23.7.1976;0;1
URFAR;1;17.2.1966;1;0
YANNAR;1;3.5.1986;0;1
AKINAMA;1;1.3.1980;0;1
UMMIHANE;1;10.10.1991;0;1
MUSERDIN;4;6.6.1972;4;0
TORNA;1;20.6.1981;0;1
GULYETAN;1;19.3.1964;0;1
GOGAN;1;14.4.1971;0;1
AYSAMA;1;27.2.1974;0;1
MUZEVER;1;29.3.1956;0;1
SETIHE;1;14.6.1959;0;1
ZAKYA;1;8.4.1958;0;1
TETUMA;1;27.11.1986;0;1
YEZDANSIR;1;18.9.1991;1;0
MUSSUR;1;2.2.1945;1;0
ABDULHAKIKI;1;22.6.1940;1;0
MENSEDET;1;7.7.1976;0;1
FAHRUSAH;1;10.12.1978;1;0
MERSEDIYE;1;26.9.1969;0;1
FEDILLA;1;24.5.1967;0;1
FAYIDA;2;4.4.1969;0;2
ENIZILE;1;13.10.1951;0;1
GASIR;1;8.10.1965;1;0
ROYDAN;1;7.3.1991;0;1
PEMBA;5;28.4.1974;0;5
MUBASER;1;7.4.1986;0;1
KASTIMA;1;22.8.1925;0;1
NAZEDDIN;1;27.4.1984;1;0
ZEHIYET;2;4.6.1971;0;2
ZEYNEMA;2;10.2.1979;0;2
MUNESNA;1;12.2.1959;0;1
AMBARA;2;15.8.1955;0;2
NORFIN;1;17.5.1990;0;1
ZIVICET;1;25.5.1973;0;1
CANISA;1;28.11.1981;1;0
AYUNE;1;27.2.1944;0;1
M.RECAI;1;1.5.1971;1;0
BIRISEL;1;24.2.1987;0;1
NASRUTTIN;1;7.8.1928;1;0
METYE;1;24.2.1961;0;1
IBNURE;1;27.2.1950;0;1
PEMBESI;1;2.2.1957;0;1
SAGYE;1;2.2.1951;0;1
ISLIH;1;8.11.1981;1;0
AHMEDDIYE;1;4.12.1989;0;1
MUKTEDI;1;6.5.1986;1;0
LAYISA;1;2.2.1975;0;1
SONGAL;1;27.2.1974;0;1
DONEK;2;10.12.1951;0;2
NUSEYIP;1;9.10.1963;1;0
NEVZIYAT;1;12.2.1947;0;1
SURICE;2;17.2.1954;0;2
HUKMETE;1;2.4.1979;0;1
HALILLULLAH;1;17.2.1979;1;0
MIRGAN;3;24.3.1970;3;0
DIYAULHAK;1;28.7.1981;1;0
RECDI;1;25.3.1971;1;0
TAHFIL;2;21.7.1947;1;1
MESETE;2;26.6.1972;0;2
GULNAVAL;1;3.6.1984;0;1
ROJKAR;1;20.5.1991;1;0
ALDULMENAF;1;15.5.1986;1;0
ZEMARHAN;1;26.6.1983;1;0
HAMDIYEN;1;10.2.1946;0;1
MEKIYYA;1;7.5.1947;0;1
NAIYA;1;29.6.1978;0;1
BENEJ;1;27.2.1950;0;1
ZIMETULHAYAT;1;2.8.1933;0;1
ANBARA;1;25.3.1947;0;1
HALDUSENA;1;9.10.1966;0;1
FERMINAS;1;2.2.1969;0;1
SIMILEZAR;1;27.2.1968;0;1
MEZNER;1;1.3.1968;1;0
NESMIYA;1;12.6.1964;0;1
MEHDIBE;1;27.4.1992;0;1
TORSE;1;22.4.1947;0;1
MEHRINISAN;1;10.8.1971;0;1
ZULVETE;1;12.2.1959;0;1
NESEDIYA;1;2.3.1978;0;1
MENTESIM;1;3.4.1975;0;1
MENUFE;1;22.2.1961;0;1
MUCADIN;1;27.2.1962;1;0
GULLETTE;1;15.4.1965;0;1
BELHIYA;1;23.7.1959;1;0
MUAVVAR;1;11.7.1979;0;1
HANUNA;1;2.10.1951;0;1
ARABIYA;1;4.5.1950;0;1
SINEMBER;2;19.6.1960;0;2
TESRIHAN;1;27.2.1956;0;1
SEVDETTE;1;2.4.1989;0;1
LUHADDIN;1;30.11.1977;1;0
SEVCILE;1;14.3.1976;0;1
FEYRUHSAH;1;12.2.1983;0;1
GALAT;1;21.9.1990;0;1
MENZIRET;2;21.1.1968;0;2
PERTEVNISEL;1;21.11.1976;0;1
BENAIR;1;1.7.1989;0;1
ATFO;1;11.2.1974;0;1
FACRIYE;2;14.4.1981;0;2
MUZEYNEM;1;2.12.1963;0;1
SAHIH;1;12.2.1983;1;0
MINVAR;1;24.3.1991;0;1
ZEYNP;1;30.10.1986;0;1
MUSTESNE;1;11.12.1956;0;1
KONCU;1;13.9.1964;1;0
SITILUYUN;1;1.9.1938;0;1
HASANSAH;1;27.5.1961;1;0
GEREBIT;1;26.4.1971;1;0
ULKEYI;1;7.2.1958;0;1
NURKIYET;1;2.2.1987;0;1
UBEYDUILAH;1;22.2.1985;1;0
NAZENUN;1;13.11.1990;0;1
FIRUZSAH;1;8.7.1974;0;1
AKISAT;1;2.2.1951;0;1
SEHRRISTAN;1;25.6.1972;0;1
UMMIDURSUN;1;4.1.1947;0;1
MUSAHIR;1;16.5.1957;0;1
FIDADIN;1;19.4.1974;1;0
MAZAP;1;7.2.1970;0;1
KAPLO;1;17.2.1942;1;0
NAKSEBENDI;1;22.2.1973;1;0
TEVKELLI;1;27.2.1968;1;0
GAYDANE;1;16.11.1987;0;1
M.MUSUR;1;17.2.1966;1;0
HATEYE;1;7.8.1942;0;1
DIREK;1;7.2.1976;0;1
EVRUN;1;13.8.1977;0;1
HAYRILNISAN;1;2.2.1975;0;1
MUZGINE;1;17.2.1942;0;1
M.ZEHIR;1;17.8.1924;1;0
SEFYE;1;12.2.1989;0;1
SAYDAGUL;1;18.11.1981;0;1
UMAETTIN;1;22.2.1961;1;0
HIKNIYE;1;12.4.1953;0;1
VEYLIL;1;7.5.1976;1;0
BOZIGA;1;28.3.1962;0;1
ARAPI;1;7.2.1952;0;1
FETHILLAH;1;2.4.1976;1;0
USTIYEN;2;18.3.1969;0;2
SEBILLE;1;19.7.1978;0;1
VANDIYE;1;2.8.1951;0;1
ZEYINEP;1;22.2.1955;0;1
POLO;1;23.8.1972;1;0
BARGUL;2;17.4.1975;0;2
MEKKEREM;1;8.12.1976;0;1
GENIMA;2;20.10.1951;0;2
GANIMEET;1;22.11.1987;0;1
MENTIYE;1;19.4.1959;0;1
MENEVER;1;19.11.1974;0;1
AYTULLI;1;22.8.1961;0;1
HAZMIN;2;6.10.1975;1;1
MEHLIMA;1;11.3.1983;0;1
SOPGUL;1;24.1.1985;0;1
MIRSELEN;1;27.4.1974;0;1
MEHMETBURHAN;1;18.10.1966;1;0
EMILHA;2;25.9.1966;0;2
SEYHEMIN;1;2.2.1957;1;0
AYBENAZ;1;29.5.1991;0;1
MAHPUSAN;1;3.5.1963;0;1
TEVYAN;1;2.4.1981;0;1
SANZUMAN;1;18.3.1954;0;1
OZEHIR;1;24.6.1988;1;0
VABILE;1;3.1.1979;0;1
FELEMUZ;1;29.10.1980;1;0
HUMUK;1;7.8.1946;0;1
PEVLO;1;7.8.1964;0;1
ABBIT;1;25.4.1990;1;0
VENDIYE;1;2.8.1951;0;1
KARECE;1;27.8.1950;1;0
RUKISA;2;10.9.1973;0;2
KIVU;1;13.2.1965;1;0
NECAIP;2;12.4.1969;2;0
FODI;1;22.2.1943;0;1
DERUG;1;10.10.1987;0;1
AIBDULHAKIM;1;27.2.1992;1;0
IMDULLAH;1;24.4.1979;1;0
BESRETTIN;1;12.4.1979;1;0
HAMURA;2;24.10.1976;0;2
SILAMEDIN;1;12.9.1986;1;0
KADRIY;1;17.1.1975;0;1
MAHBUSAN;1;2.6.1981;0;1
MIDLI;1;2.8.1969;1;0
HAMELYA;1;12.2.1953;0;1
SISIYE;1;24.3.1931;0;1
SEDERIYA;1;1.4.1949;0;1
FEDEL;1;24.8.1980;1;0
BEYZEDDIN;1;13.6.1986;1;0
GULABDIN;9;30.7.1964;9;0
RINGI;1;2.8.1963;0;1
ZEROK;1;1.6.1990;0;1
BIRVET;1;20.5.1978;0;1
HERGAN;1;16.5.1987;0;1
FEDIRIYE;1;14.5.1956;0;1
FEZYE;1;4.1.1974;0;1
MUTELIF;1;12.8.1965;1;0
MAHAZET;1;2.6.1975;0;1
MEBLUDE;1;13.1.1981;0;1
SAYSEREM;1;25.11.1969;0;1
YUMLI;1;30.12.1989;1;0
GULBAL;1;18.3.1972;0;1
SAHHE;1;12.2.1971;0;1
MEFIZE;1;24.4.1924;0;1
MUBERIM;1;22.2.1967;0;1
ABDULMUUTALIP;1;17.9.1966;1;0
YILDEN;1;23.5.1983;0;1
HEPRIZE;1;22.2.1955;0;1
HAYINDER;1;27.2.1974;1;0
LAFITE;1;7.8.1934;0;1
HOLO;2;9.8.1952;1;1
GEVHA;1;26.3.1958;0;1
MULKKIYE;1;26.5.1986;0;1
KUTLE;1;2.8.1927;0;1
NEYYAT;1;8.1.1976;1;0
HESENAT;1;21.5.1948;1;0
KUBILA;1;24.12.1980;1;0
MAHVEC;2;27.3.1974;0;2
FERHINA;1;12.2.1977;0;1
MEYMIK;1;4.10.1966;0;1
REHLE;1;7.7.1975;0;1
CITMEN;1;27.2.1974;0;1
JIARMED;1;30.5.1990;1;0
NECUMA;1;12.2.1965;0;1
NERE;1;7.2.1952;0;1
ORDIYE;1;24.9.1971;0;1
GAFRETE;1;27.2.1974;0;1
MEYREAM;1;22.2.1991;0;1
YOLE;1;16.6.1976;0;1
MESRUM;1;3.4.1990;1;0
SEFURETE;1;27.7.1956;0;1
NARIHAT;2;12.4.1965;0;2
HEYIBET;1;13.12.1973;1;0
OMURMIYE;1;22.2.1961;0;1
RAI;1;1.1.1;0;1
EMRITE;1;24.5.1977;0;1
KENDILE;1;3.3.1963;0;1
SUREHA;1;7.11.1959;0;1
YELDIZ;4;16.4.1978;0;4
MAGTE;1;22.2.1931;0;1
ABDUGANI;1;4.6.1983;1;0
HAKSI;1;7.2.1964;0;1
MAHTE;2;25.8.1949;0;2
AKRIZE;1;7.6.1956;0;1
REBIDA;1;21.11.1989;0;1
MUANE;1;11.11.1991;0;1
ERNEMGUL;1;28.11.1990;0;1
SEMSITAB;1;14.5.1977;0;1
RUKKU;1;12.2.1965;0;1
CUNEYTA;1;12.2.1978;0;1
MUTUHA;1;29.1.1980;0;1
MMEHMET;1;9.11.1991;1;0
HEYBO;1;6.10.1934;1;0
MEYHET;1;22.2.1967;0;1
NASITAP;1;23.8.1970;0;1
SIROZ;1;14.6.1953;0;1
SAHRITAN;1;19.11.1991;0;1
YEDIYE;1;3.1.1975;0;1
REHTA;1;27.2.1968;0;1
TEYBEDDIN;1;9.7.1986;1;0
NEZRIFET;1;6.6.1973;0;1
AMRITE;1;28.4.1977;0;1
OZVA;1;22.1.1965;0;1
MUNSUL;1;11.3.1962;1;0
GEHVERTAC;1;22.2.1967;0;1
HESHAT;1;17.6.1954;0;1
RUHFEDIL;1;2.2.1951;1;0
HAFRA;1;7.2.1958;0;1
EZIVER;1;4.6.1990;0;1
MAKTIYE;1;5.3.1986;0;1
CAVO;1;2.2.1957;0;1
HUBRUZE;1;17.2.1960;0;1
MUCRIMIN;1;11.5.1986;0;1
FETUN;1;25.4.1943;0;1
ZULUTE;1;22.2.1967;0;1
HISLON;1;19.6.1973;0;1
DURRUK;1;22.2.1961;0;1
ABDULYEZIT;1;2.10.1973;1;0
DIHIBA;1;12.2.1965;0;1
ULKIDE;2;21.9.1990;0;2
GOZIGA;1;19.7.1954;0;1
AFRITAP;1;28.4.1975;0;1
MOLO;1;25.11.1950;0;1
RULIKEN;1;16.7.1974;0;1
KEFEN;1;17.2.1966;0;1
PEMSI;1;22.6.1949;0;1
HAYIMA;1;14.2.1991;0;1
TALIDE;1;7.2.1946;0;1
KAMERGENC;1;5.12.1988;1;0
MUNFIYYE;1;27.4.1962;0;1
FELEME;1;28.3.1944;0;1
NEDO;1;2.2.1951;0;1
TILHET;1;1.3.1982;1;0
NEDLISAN;2;4.12.1982;0;2
ADULLI;1;2.2.1969;0;1
HURYETI;1;25.5.1941;0;1
MIHITAP;1;11.9.1991;0;1
BILEZ;1;30.10.1989;0;1
SIVEZADE;1;28.3.1962;0;1
NISEF;1;22.5.1976;0;1
BERIMA;2;5.8.1957;0;2
HUVEYLI;1;14.3.1934;0;1
JALECAN;1;18.1.1987;0;1
SUAZET;1;28.1.1980;0;1
SULHAYA;1;9.5.1974;0;1
MUDAHIT;1;23.6.1988;1;0
HIME;2;26.10.1946;0;2
SALIHSAN;1;27.7.1964;1;0
GULFENT;1;28.9.1983;0;1
HUMAGUN;1;8.4.1964;0;1
ADULYE;1;2.8.1951;0;1
HASIBEY;1;21.2.1963;0;1
MATNIYE;1;26.8.1946;0;1
MANAZIL;1;27.4.1962;1;0
GURNAY;1;12.7.1982;1;0
BEYNIK;1;17.3.1966;0;1
GAMSIYAH;1;2.4.1953;0;1
TURPI;1;20.5.1929;0;1
HIMI;2;17.8.1924;0;2
ULIFE;1;15.3.1965;0;1
TEMAVI;1;7.8.1934;1;0
PERDENAKSIN;1;22.9.1947;0;1
MIHOS;1;22.2.1961;1;0
ULKUCIHAN;1;22.3.1967;0;1
FELETE;1;17.2.1948;0;1
VUYRIYE;1;29.4.1956;0;1
APDURAZAK;1;3.2.1967;1;0
HUZNIYA;2;24.7.1960;0;2
HEBNAR;1;28.1.1978;0;1
ABDULVEHBI;2;2.2.1969;2;0
ABDULADIN;1;7.5.1964;1;0
BEYAHANIM;1;23.4.1974;0;1
ASLIMA;1;17.8.1948;0;1
FADILLI;1;7.2.1964;1;0
HENDUL;2;17.2.1948;0;2
YARI;1;16.11.1924;0;1
SAYNEBAT;3;17.11.1970;0;3
VESMAN;1;24.7.1985;1;0
SILIVA;2;1.6.1978;0;2
VERDEM;3;5.2.1965;0;3
BERHIK;1;7.2.1964;0;1
RABBIS;1;2.2.1951;0;1
ZERIFAN;1;18.3.1971;0;1
ZOHIYE;1;17.2.1966;0;1
HERANLI;1;1.11.1928;0;1
BEDELLIYA;1;12.8.1923;0;1
ZEYTINA;1;7.3.1975;0;1
GELABDIN;1;12.4.1941;1;0
NESILSA;2;10.9.1989;0;2
ABDULSEDAR;1;6.1.1990;1;0
CUHRET;1;7.8.1940;0;1
DEMAL;1;27.2.1962;1;0
REMIZA;2;11.4.1957;0;2
SAKIRA;2;12.3.1961;0;2
HEYATTIN;1;30.2.1970;1;0
BINDINAR;1;12.12.1983;0;1
BENZENA;1;2.2.1987;0;1
ABDULGENIM;1;22.4.1967;1;0
CEMLIYE;1;9.8.1966;0;1
MEZMI;1;2.2.1957;0;1
KETTIBA;1;16.5.1940;0;1
CUBHET;1;8.4.1974;0;1
ERCEVAS;1;22.4.1989;0;1
YUHANIZA;2;28.12.1976;0;2
MUBEDIN;1;13.1.1985;1;0
RUZBETTIN;2;22.6.1991;2;0
IMSI;1;6.5.1942;0;1
NESLIHSAH;1;10.6.1990;0;1
YUHANA;1;7.2.1952;0;1
HAVILA;2;18.11.1952;0;2
FARIBE;1;20.6.1972;0;1
MESTIRA;1;12.2.1965;0;1
REVESEL;1;17.2.1960;0;1
MUSIRA;1;2.2.1963;0;1
SAYANAZA;1;27.2.1954;0;1
FILKATA;2;14.12.1976;0;2
BUHA;1;19.4.1979;1;0
SENDIRHAN;1;27.2.1974;1;0
RIHMA;1;7.2.1970;0;1
YENIBA;2;7.2.1976;0;2
NETULSAH;1;27.2.1974;0;1
SANIBA;1;2.2.1969;0;1
BALIYA;2;18.3.1959;0;2
MAHSIBE;1;22.2.1955;0;1
MENZERIFE;1;7.2.1946;0;1
KINNOS;1;2.6.1963;0;1
NIMETA;1;12.2.1953;0;1
TEKA;1;27.8.1932;1;0
GAVSEDDIN;1;17.2.1990;1;0
NEZIBAT;1;1.6.1975;0;1
HELLAN;1;7.8.1934;0;1
NESRAH;2;9.8.1970;0;2
MUHFERET;1;16.2.1976;0;1
PERDIVAN;1;17.2.1966;0;1
RADDIFE;1;12.8.1941;0;1
KINIK;2;15.1.1941;0;2
KAMUL;1;22.8.1991;0;1
RADTA;1;23.4.1986;0;1
FERFOZE;1;17.5.1987;0;1
CEDIRE;1;8.1.1956;0;1
ADULAN;1;17.6.1978;0;1
NATTIK;1;11.4.1978;1;0
CUZDAN;1;8.6.1931;0;1
VEJDETTIN;1;29.6.1982;1;0
NAHSINET;1;30.8.1976;0;1
MAHFIZA;1;27.2.1968;0;1
HEVLARA;1;2.2.1963;0;1
NUMAM;1;16.3.1964;1;0
ANBERA;1;12.7.1985;0;1
ZELHICAN;1;2.6.1957;0;1
KIRTI;1;12.4.1944;0;1
MEZRUME;1;22.12.1961;0;1
ABDULMUTELIM;1;28.10.1972;1;0
TERZIBE;1;22.10.1970;0;1
SIROZA;1;30.4.1950;0;1
FELEMEN;2;12.4.1974;2;0
KIBRISIYE;1;27.10.1989;0;1
SEBITA;1;20.8.1972;0;1
SEDDIL;1;1.4.1955;0;1
ELENGOR;1;9.9.1977;0;1
KIFARYET;1;3.10.1984;0;1
KETIBA;1;27.2.1980;0;1
HATIBA;1;27.2.1950;0;1
DURRIHAN;1;24.6.1967;0;1
EMURLAH;1;27.2.1992;1;0
MEBIRIYE;2;16.1.1978;0;2
SOSIYE;2;12.1.1955;0;2
NACADI;1;16.5.1940;1;0
HICRETULLAH;1;9.12.1980;1;0
LEBZA;1;7.2.1950;0;1
AYMAS;1;24.4.1974;0;1
MUARRUF;1;3.7.1983;1;0
ESMERCAN;1;29.4.1938;0;1
MUCEDER;1;16.6.1983;0;1
MURICE;1;12.2.1977;0;1
ERHATTIN;1;27.2.1980;1;0
HORICE;2;14.2.1982;0;2
HUBURYA;1;27.5.1980;0;1
MULUDA;1;17.1.1948;0;1
PEKVENAZ;1;2.7.1981;0;1
MUGRO;1;18.1.1940;0;1
SEHVEZA;1;16.7.1981;0;1
HUNGO;1;16.2.1946;0;1
VEDLA;2;1.12.1981;0;2
OZLEYI;1;30.5.1990;0;1
MEHMETAYDIN;1;3.2.1982;1;0
MUSLEMI;1;22.2.1967;0;1
ZERYE;1;19.3.1960;0;1
HUNKU;1;8.3.1941;0;1
NIRUFEL;1;8.4.1952;0;1
NAZLIFER;1;22.3.1973;0;1
HINUS;1;6.2.1939;0;1
ZELEHAN;1;6.10.1990;0;1
MEHLIVAN;1;26.5.1990;0;1
ZULFUGUR;1;27.4.1950;0;1
RIHINAZ;1;21.4.1972;0;1
KURUCU;1;29.3.1976;1;0
LOBUT;3;29.1.1967;3;0
NURSAYDA;1;18.10.1986;0;1
MUTESEN;1;7.2.1982;1;0
HAMANI;1;7.2.1958;1;0
MUKKEREMIN;1;21.2.1982;1;0
ERIFET;1;17.8.1972;1;0
HUHA;1;18.4.1928;0;1
GUBEL;1;23.3.1973;0;1
HAMDULSELAM;1;17.2.1972;1;0
ILENT;1;17.3.1978;1;0
GULAMINE;1;13.5.1971;0;1
ESANGUL;1;22.2.1979;0;1
AKLIBA;1;12.2.1983;0;1
HAKKILE;1;8.5.1973;0;1
SISIK;1;12.2.1947;0;1
LEZIBA;1;26.6.1954;0;1
SAHVEDDIN;1;17.2.1978;1;0
NEDLA;1;24.11.1972;0;1
OBUDULLAH;2;22.3.1963;2;0
MIHHAN;1;1.11.1979;0;1
ALEAATTIN;2;22.2.1951;2;0
GIMI;1;22.8.1943;0;1
MUHE;1;22.2.1973;1;0
ZERIFHAN;2;19.12.1971;0;2
ROKIZA;1;28.10.1948;0;1
MESNEDET;1;3.3.1933;0;1
HABIBNUR;1;17.5.1984;1;0
MEZENET;1;16.1.1959;0;1
EFIHAN;1;11.6.1988;0;1
GAYRULLAH;1;2.2.1981;1;0
RAYIZADE;1;23.4.1965;0;1
SAKULE;2;15.10.1946;0;2
TEMMAVI;1;26.3.1942;1;0
YEDIRYE;1;7.6.1982;0;1
SESEDDIN;1;22.3.1955;1;0
BARISE;2;30.4.1980;0;2
MUZYET;1;23.3.1979;0;1
CEBIHA;1;15.4.1965;0;1
SULHICE;2;25.8.1982;0;2
MENTIHE;1;22.3.1961;0;1
ISBULLAH;1;2.12.1991;1;0
SIRUZAN;1;26.11.1990;0;1
SADELUYUM;1;2.9.1930;0;1
ABDULMUTTEYIP;1;27.8.1966;1;0
GULMIR;4;6.9.1949;4;0
HEYZADE;1;17.2.1978;0;1
VESBIHA;1;1.3.1986;0;1
REHSAH;1;22.3.1984;0;1
FESEL;1;12.2.1971;1;0
FERSIYAN;1;7.1.1990;0;1
GASIYA;1;20.5.1985;0;1
ESRADIN;1;6.12.1974;1;0
MEHMLET;1;4.8.1990;1;0
FESILIYE;1;27.8.1962;0;1
MAHZET;3;22.1.1975;0;3
MIZBAN;1;26.11.1990;1;0
HUMKU;1;21.7.1934;0;1
MIRGEVER;1;22.4.1973;0;1
SADULAYIN;1;4.2.1975;0;1
MAKSIYE;2;9.1.1980;0;2
MEHMETCIHAT;1;7.7.1991;1;0
SEVINEVAT;1;2.7.1969;0;1
SEHNEVAZ;1;13.5.1947;0;1
SENSADE;1;30.1.1985;0;1
GUAR;1;20.12.1967;0;1
MEDISTAN;1;7.2.1982;0;1
MEH;1;17.2.1990;1;0
FODILE;1;17.6.1978;0;1
HEVGUL;1;17.2.1978;0;1
KUMO;1;7.6.1974;1;0
MINAYSEL;1;17.2.1990;0;1
PIRZET;1;22.2.1991;1;0
ABDULLATTIF;1;2.2.1969;1;0
BIAMI;1;27.7.1986;1;0
HASSEDIN;1;12.2.1965;1;0
SANAYSA;1;2.2.1969;0;1
FAZILVEHAP;1;22.2.1973;1;0
ZEHXRA;1;14.9.1984;0;1
HUSEYNIYE;1;12.1.1941;0;1
MEVLUDU;1;9.4.1980;0;1
BIRVEN;2;14.12.1969;0;2
KIBRISSIYA;1;25.3.1976;0;1
HANKU;1;1.7.1935;0;1
SIRVEZE;1;15.3.1986;0;1
HAMELYE;1;27.6.1965;0;1
HESEDDIN;1;18.2.1986;1;0
PORE;2;15.10.1950;0;2
N.;1;2.7.1975;1;0
KOTER;1;11.7.1956;0;1
SEYDILBETAL;2;21.4.1975;2;0
NEBRIZ;1;2.2.1987;1;0
SEYBATTAL;1;17.2.1960;1;0
RIDKIYE;1;2.2.1951;0;1
HUNIN;1;27.9.1956;1;0
NEYTO;1;10.3.1943;1;0
SIRVEZA;2;8.3.1978;0;2
POLE;1;18.3.1969;0;1
PERHIZE;1;11.11.1987;0;1
SEBIK;2;26.11.1958;0;2
MUMMESA;1;11.8.1957;0;1
ABDULMUTALIT;1;25.12.1980;1;0
BIRIMA;1;26.3.1958;0;1
MUGRIBE;1;12.2.1971;0;1
HAMSIRE;2;14.7.1956;0;2
ESAHAT;1;22.3.1967;1;0
NURCELADETTIN;1;5.10.1985;1;0
UMISELEM;1;27.9.1974;0;1
BINNAZER;1;16.3.1988;0;1
ELEK;1;27.4.1980;0;1
SECO;1;10.5.1957;0;1
GOLLEFER;1;2.2.1975;0;1
MEYRENA;1;22.6.1979;0;1
TESIMA;1;30.6.1966;0;1
SEREMCAM;1;28.3.1960;1;0
BUCAGLI;1;2.8.1963;1;0
SULHIFE;1;12.2.1953;0;1
UFEYIR;1;17.9.1984;1;0
BEDEP;1;26.6.1967;0;1
PAPOS;5;22.11.1958;0;5
AMARET;1;7.2.1946;0;1
SONGULHAN;1;21.7.1981;0;1
CEDIMA;1;1.11.1979;0;1
SEYNIK;1;1.2.1938;0;1
SUBBETULLAH;1;17.2.1966;0;1
MAASUK;1;16.6.1970;1;0
SUPHADIN;1;17.2.1972;1;0
YUZAN;1;11.12.1969;0;1
HANEFIYE;2;9.10.1965;0;2
REZIBA;1;1.1.1958;0;1
YOLIYA;1;6.10.1968;0;1
MAILA;1;7.5.1938;0;1
NEZHAR;1;2.2.1969;1;0
SIMENNUZAR;1;27.3.1932;0;1
YADICAN;1;22.2.1967;0;1
RAMAZZAN;2;14.6.1970;2;0
ZAHIRSAH;1;27.2.1980;1;0
EKLINE;1;17.2.1942;0;1
ZELKIFA;1;27.2.1956;0;1
ABDULMEDENI;1;5.10.1989;1;0
DULCAN;1;12.4.1982;0;1
SOMIYA;1;7.2.1976;0;1
CEFIRA;1;30.5.1953;0;1
HAMLISE;2;29.1.1938;0;2
ABDULHALLIK;1;2.12.1982;1;0
ZIRAY;1;22.2.1949;0;1
KEZIBNA;1;6.5.1966;0;1
SERAIYE;1;17.9.1972;0;1
SAHANET;1;1.5.1950;0;1
EDILA;1;17.4.1948;0;1
RENDEY;1;21.9.1969;0;1
HANDUL;2;5.12.1964;0;2
NEZINAT;1;2.2.1981;0;1
TELLIZA;1;7.2.1940;0;1
MAMUNE;1;2.2.1951;0;1
NIFYA;1;5.3.1975;0;1
GULDEAN;1;20.10.1989;0;1
M.HAFIF;1;17.2.1954;1;0
TEKMEDDIN;1;24.3.1973;1;0
NAZHAR;1;3.7.1986;1;0
HEYATULKULUP;1;17.2.1960;0;1
TEZYIN;1;4.4.1989;0;1
MAKBU;1;27.9.1968;0;1
HEREMSA;6;23.3.1962;0;6
MEFIHET;1;6.9.1974;0;1
ESIRRULLAH;1;23.11.1985;1;0
GURSELAM;1;9.6.1978;0;1
RESAET;1;2.2.1957;0;1
NAZGIR;1;7.1.1984;0;1
MUHUBUDDIN;1;24.10.1982;1;0
SADIBAN;1;11.5.1973;0;1
NOLCA;1;16.11.1989;0;1
SAHSENET;1;17.6.1972;0;1
AMENI;1;8.4.1980;0;1
ADLUBANI;1;5.3.1939;0;1
RASAHAT;1;2.7.1954;0;1
MEDIHATE;1;29.8.1967;0;1
BESILLA;1;21.10.1989;0;1
PERVEDAR;1;1.12.1991;1;0
TEHLAN;1;11.3.1973;1;0
ABUDULMUTALIB;1;2.3.1967;1;0
FIRYESET;1;2.8.1975;0;1
KINIY;1;27.6.1963;0;1
HICET;1;2.10.1987;0;1
VEYLA;1;1.3.1985;0;1
SUTYAK;1;12.2.1953;0;1
MUHTICE;2;16.12.1972;0;2
SEREMGUL;1;2.2.1969;0;1
KATMIR;1;12.2.1935;1;0
FIUZAN;1;5.6.1968;0;1
DAGDEGUL;1;28.5.1985;0;1
SEFCIRAK;1;2.2.1957;0;1
EYLEMA;2;19.12.1989;0;2
MINTAZEM;1;29.5.1991;0;1
HANISAH;1;29.12.1985;0;1
HAMSIK;1;14.6.1965;0;1
TULYAN;2;14.8.1979;0;2
SAHDAT;2;10.10.1965;0;2
ABDULSAHIP;1;17.2.1966;1;0
UTEM;1;22.10.1991;0;1
GINAY;1;27.2.1992;1;0
ISTIBEDRUN;1;11.4.1966;0;1
OZUVAR;1;23.10.1989;0;1
HUDRA;1;7.10.1964;0;1
SUMLA;1;30.10.1984;0;1
FAALI;1;11.7.1952;0;1
BORIKE;1;12.11.1976;0;1
BEHSATCIHANSOZ;1;27.2.1962;1;0
HARISPIR;1;7.6.1964;1;0
KINNET;1;5.5.1973;0;1
INDI;1;7.10.1946;0;1
SEYAYIP;1;18.3.1978;1;0
ABDURDAHIM;1;2.11.1988;1;0
RUNEYMA;1;21.10.1980;0;1
ZAAD;1;2.2.1957;1;0
YUKSETTIN;2;11.5.1973;2;0
MALIE;1;16.10.1990;0;1
SEBRIZAR;2;22.2.1973;0;2
SINHAZAR;1;23.9.1984;0;1
ECICE;1;17.5.1960;0;1
CEMCIRA;1;7.10.1968;0;1
TACYAN;1;13.9.1968;0;1
DILNABAZ;2;13.6.1979;0;2
MUHSIRAN;1;15.9.1952;0;1
MUTBINE;1;29.5.1974;0;1
MUSGULATTIN;1;22.2.1967;1;0
ABDISINA;1;20.9.1987;1;0
BAHUNER;1;12.7.1987;1;0
EZMA;1;17.2.1966;0;1
CAIHIT;1;27.2.1992;1;0
FEYRUZAT;1;26.10.1984;0;1
CAYIDIN;1;2.2.1963;1;0
MESLIMA;1;22.2.1955;0;1
TELIZA;2;18.3.1957;0;2
EBRIZA;1;2.10.1984;0;1
GULDAHI;1;27.10.1986;0;1
GUMISTAN;1;22.2.1967;0;1
MEYVALI;1;26.6.1987;0;1
NUJIYAN;1;18.4.1990;0;1
BEYITULAH;1;11.12.1972;0;1
TERIH;1;7.2.1972;1;0
ILHI;3;15.2.1955;1;2
SENALLAH;1;7.7.1982;1;0
MELELAT;1;30.7.1986;0;1
SEMRAHI;1;22.2.1967;0;1
BERZEN;1;1.7.1979;1;0
MUCLA;1;12.2.1983;0;1
RIKVEDDIN;1;22.7.1955;1;0
EVTIKSIYA;1;27.2.1968;0;1
HINISA;1;3.2.1957;0;1
MAVHUBE;1;6.3.1944;0;1
ZEZIYE;1;14.2.1935;0;1
IHLAMEDIN;1;24.3.1974;1;0
VAVURA;1;2.8.1909;0;1
CEDIHA;2;2.8.1968;0;2
PERFUR;1;22.3.1931;0;1
MUSTIYE;1;12.2.1953;0;1
HELLIN;2;8.10.1985;0;2
CAVUT;1;22.2.1979;1;0
GULNEZAR;1;22.2.1979;0;1
MINCIDE;1;18.12.1979;0;1
MENCILE;1;27.5.1980;0;1
SAGENEBAT;1;27.8.1944;0;1
IKRANUR;1;25.4.1991;0;1
GERNISAN;1;2.3.1965;0;1
UMADDIN;1;28.3.1975;1;0
AYYFER;1;22.9.1982;0;1
MESZURE;1;7.11.1963;0;1
BILTEM;1;6.6.1967;0;1
HEMBERA;1;14.3.1992;0;1
ABDULNASI;1;26.5.1961;1;0
MASSURE;1;2.2.1957;0;1
GAFLETE;1;5.4.1975;0;1
YATIKE;1;27.2.1944;0;1
NIADET;1;25.2.1965;0;1
GEDRIYE;1;21.7.1972;0;1
DARULKEYYAS;1;2.5.1957;1;0
REBIDE;1;8.9.1981;0;1
SEYAHETE;1;10.6.1964;0;1
MEKIYET;1;23.3.1947;0;1
FURIZA;1;6.5.1972;0;1
LAHYA;1;23.10.1955;0;1
MESERDE;1;17.2.1954;0;1
MUSEKNO;1;9.6.1958;0;1
PIRIS;1;7.2.1970;0;1
ZERHO;1;20.2.1946;0;1
SEKERCAN;2;29.10.1986;1;1
KARAYAZI;1;30.3.1976;0;1
RIHIMA;1;7.6.1958;0;1
DILIVER;1;22.7.1975;0;1
SATIE;2;30.10.1961;0;2
BOLGE;1;4.8.1966;0;1
SENIYUDDIN;1;2.2.1969;1;0
FILIZDILSAH;1;17.2.1978;0;1
VEZYETE;2;29.9.1970;0;2
SAAIB;1;28.3.1972;1;0
KIFEHI;1;18.2.1978;0;1
ZUBYDE;1;26.8.1976;0;1
GULFATOS;1;26.10.1982;0;1
PENDIHAN;1;1.5.1970;0;1
GULIDAR;1;13.4.1985;0;1
EYYUPSABRI;1;20.10.1971;1;0
ECIBA;1;6.5.1962;0;1
NEFIET;1;9.4.1966;0;1
ABDULRRAZZAK;1;13.9.1963;1;0
FIRINGIYAS;1;27.10.1968;0;1
HAVLAN;1;11.3.1970;0;1
NESRETULLAH;1;12.4.1983;1;0
MUSRIFE;1;2.6.1963;0;1
MAHVUZ;2;1.10.1971;2;0
DIYAUDDUN;1;19.5.1970;1;0
VENIHAR;1;28.1.1979;0;1
ZAFERERCAN;1;11.2.1972;1;0
HIFNUR;1;5.1.1971;0;1
ZIREN;1;27.8.1932;0;1
BIRRE;1;13.10.1986;0;1
BEYITI;1;13.2.1959;0;1
ABZEYT;1;27.12.1949;1;0
M.HEYBET;1;22.3.1961;1;0
RIYAZAN;1;26.10.1990;0;1
HURILEYIN;1;2.4.1969;0;1
BEZZAR;1;9.11.1981;0;1
SIZYAN;1;22.2.1973;0;1
VEHDIN;1;13.1.1970;1;0
KUDUBETTIN;1;22.2.1961;1;0
SEHSIMET;1;17.2.1966;0;1
MELEHIM;1;19.12.1970;1;0
NEVVAB;1;2.3.1991;1;0
SIBHETULLAH;2;24.10.1983;2;0
GEYLANE;1;1.10.1991;1;0
AFIYETE;3;1.6.1960;0;3
SEYFER;2;17.4.1983;2;0
SINENSE;1;11.4.1969;0;1
ARYAN;1;28.8.1991;0;1
RESEHET;1;9.11.1964;0;1
YUKTERE;1;9.2.1978;0;1
M.SAMET;1;24.1.1990;1;0
LAYEKE;1;11.9.1974;0;1
MEKDURE;1;2.2.1963;0;1
HUZINA;1;2.2.1957;0;1
DIRSEM;1;9.9.1964;0;1
BUHYETER;1;12.3.1947;0;1
GOLSEHER;1;26.7.1967;0;1
ABDULMASUM;2;26.3.1978;2;0
RIBEL;1;18.4.1978;0;1
ABDULECVET;1;29.5.1969;1;0
UBEIT;1;27.5.1975;1;0
SEVLISTAN;1;27.2.1980;0;1
EMURLLAH;1;20.12.1986;1;0
MELEKYA;1;1.1.1978;0;1
NEZYESAN;1;23.6.1974;0;1
PERIHANSEDA;1;3.1.1980;0;1
MUCCEDDET;1;17.6.1954;1;0
SALLAH;1;17.2.1966;1;0
ZULFUKUL;1;7.1.1939;1;0
ABDULLAKIR;1;11.5.1988;1;0
RESAHET;2;2.12.1969;0;2
NISEM;1;19.10.1990;0;1
ENIDEN;1;28.11.1974;0;1
GAZAY;1;11.10.1973;0;1
HELYE;1;22.6.1949;0;1
ABDULMUKADDES;1;2.8.1975;1;0
MAKAMAT;1;16.7.1976;0;1
UMIHA;1;10.2.1988;0;1
ASLIGAYE;1;30.12.1975;0;1
HAZERFEN;2;6.3.1971;1;1
KEVIDE;1;8.3.1951;0;1
A.HABIB;1;2.2.1963;1;0
HULESIYE;1;22.2.1955;0;1
TELHO;1;19.6.1954;1;0
UTRA;1;7.2.1964;0;1
FERHU;1;17.5.1947;1;0
BERZEL;1;19.10.1976;0;1
ILHIMI;1;10.3.1949;1;0
AZIMSAR;1;8.8.1977;1;0
ZERNEBAT;1;21.6.1983;0;1
SUMBULUZAR;1;27.7.1944;0;1
TALLE;1;22.8.1967;0;1
SINAG;1;19.9.1979;0;1
UBEYIDE;1;7.8.1934;0;1
RACYA;1;12.11.1981;0;1
GARDAM;1;22.7.1967;0;1
SIBGATULAH;1;12.7.1983;1;0
HAZRITE;1;22.2.1967;0;1
SAHIFER;1;11.11.1981;0;1
GUMTEN;1;22.2.1985;0;1
REVISENK;1;19.10.1969;0;1
BEDDIA;1;2.2.1957;0;1
ERDEME;2;2.4.1968;0;2
HUCREM;2;11.2.1988;0;2
DERIHA;1;12.11.1989;0;1
MINETULSENA;1;27.3.1990;0;1
NEJA;1;8.2.1982;1;0
AVITAP;1;26.4.1951;0;1
RABEDDIN;2;20.8.1975;2;0
CEVRETE;1;7.2.1958;0;1
KENSAH;1;4.3.1969;0;1
GOLUMSER;1;17.2.1954;0;1
MUFULEKET;1;2.9.1963;0;1
ZEVDET;1;7.2.1958;1;0
IRFADE;1;2.2.1975;0;1
TEVSIN;1;27.4.1956;1;0
DERHAL;1;25.3.1973;0;1
GERDANE;1;29.4.1980;0;1
SEBCIRAH;1;1.1.1;0;1
MUTEHARAT;1;7.2.1976;0;1
YUVAM;1;23.11.1978;0;1
VETIHE;1;22.2.1961;0;1
KEBUDE;1;18.5.1987;0;1
ONBERA;1;28.7.1957;0;1
SEYOHAN;1;7.2.1958;1;0
ROJSIN;1;11.7.1980;0;1
MEMZILET;1;12.2.1959;0;1
FEGAMET;2;24.9.1976;0;2
BILENGAZ;1;28.7.1983;0;1
ASID;1;24.5.1954;1;0
FEYZUNNUR;1;27.2.1962;0;1
VUJDAN;1;3.8.1963;0;1
MEHMETNIMET;1;26.11.1990;1;0
SIZZEM;1;18.9.1991;0;1
SEFUHA;1;19.10.1978;0;1
MILCINAZ;1;2.9.1951;0;1
MINALYA;1;13.2.1972;0;1
NILLERZAN;1;23.2.1973;0;1
KELZUMA;1;30.3.1950;0;1
ISMALYA;1;20.6.1975;0;1
SUGAYB;1;27.7.1991;1;0
SIIRIN;1;27.11.1962;1;0
ZEREFETE;1;26.7.1936;0;1
SAYNABAT;1;27.2.1986;0;1
ZULKUFU;2;24.8.1973;2;0
RECETTIN;1;6.6.1956;1;0
SIMENRA;1;17.2.1966;0;1
TELLIZE;2;28.7.1984;0;2
REVIHA;1;17.2.1954;0;1
NEVROJ;2;9.10.1979;1;1
SITIZUBEYDE;1;25.4.1970;0;1
BAVUZ;1;15.10.1988;1;0
ARAPDDIN;1;19.4.1972;1;0
SIDRETULLAH;1;30.10.1986;0;1
SIPGETULLAH;3;6.10.1971;3;0
RIFAATA;1;17.2.1972;0;1
SEYMET;1;26.6.1988;0;1
SEBRINAS;2;19.11.1969;0;2
MORAZ;1;26.7.1975;1;0
MEMINET;1;21.5.1971;0;1
HAT;1;2.4.1925;0;1
MUFHAN;1;8.8.1974;1;0
AZIZETE;1;15.4.1969;0;1
SIMSIRODDIN;1;10.4.1964;1;0
DILKET;1;28.12.1980;1;0
FERHURE;1;5.5.1972;0;1
IPSIRA;1;27.2.1956;0;1
BOZYEL;1;23.7.1977;0;1
PERIZADET;1;2.2.1969;0;1
GULMISER;1;28.2.1973;0;1
MUHTERE;1;22.8.1937;0;1
AZIMSIR;1;28.3.1961;1;0
FIRAKE;1;12.7.1983;0;1
GULABDAN;1;28.2.1944;1;0
OMMUHAN;1;16.2.1973;0;1
SAYFETE;1;7.2.1970;0;1
CESNIYE;1;27.2.1962;0;1
LOKUMAN;1;12.2.1983;1;0
MUMTEZIM;1;2.5.1976;0;1
OZIFFET;1;9.10.1967;0;1
FIDDET;1;19.12.1981;0;1
M.MUTASIM;1;17.2.1960;1;0
GELANI;1;17.9.1960;1;0
UMIKELSUM;1;29.6.1974;0;1
EKDAN;1;15.2.1962;1;0
GELAVUJ;1;2.2.1969;0;1
MENIZAR;2;26.9.1949;0;2
M.GULI;1;12.4.1947;1;0
BEYJAN;1;3.3.1969;1;0
ZEVAD;1;30.5.1980;1;0
CIDVAN;1;26.5.1973;0;1
MISBAHE;1;22.3.1955;0;1
ERIP;1;2.2.1949;1;0
HEDEYAT;1;12.2.1947;0;1
CEGERGUN;1;14.12.1978;1;0
BILAGUL;1;8.3.1962;0;1
YEKAZAD;1;12.3.1983;0;1
YASEYAN;1;23.4.1967;0;1
GULSABIYE;1;2.2.1987;0;1
SIFEM;1;28.9.1990;0;1
DILISTTAN;1;17.2.1978;0;1
AMBARI;1;8.2.1945;0;1
NESLU;1;28.5.1950;0;1
SUMMERAL;1;3.5.1985;0;1
TUHPET;1;28.4.1948;0;1
TESNE;1;22.10.1985;0;1
AZEFE;1;19.9.1947;0;1
PISRA;1;23.4.1989;0;1
MINEVES;1;16.1.1990;0;1
VUCUDE;1;11.4.1966;0;1
ZUMREDIN;1;11.4.1951;1;0
MIRALLAH;1;12.2.1977;1;0
BEGINHAN;1;11.3.1986;1;0
ZIYAR;1;21.10.1988;1;0
MUKELSUN;1;14.1.1988;0;1
GIYI;1;7.8.1940;0;1
NUZBEH;1;22.11.1991;1;0
SAHMEHDIN;1;12.6.1971;1;0
DONIYE;1;3.5.1967;0;1
GULIZZAT;1;27.9.1962;0;1
ZURHICE;1;20.11.1973;0;1
LERZO;1;27.2.1956;0;1
YOKAN;1;27.10.1968;1;0
KALHAN;2;25.8.1961;2;0
SEMAZ;1;11.10.1967;0;1
MARGUT;1;24.3.1979;0;1
ASSIMA;1;1.4.1973;0;1
GULBIRIVAN;1;13.6.1985;0;1
NEVFET;1;17.2.1981;1;0
VEYSIHAN;2;19.8.1965;2;0
LEZETE;1;17.2.1942;0;1
MENTEZIM;1;15.11.1976;0;1
FEHMILE;1;9.2.1976;0;1
GULNEDIME;1;25.1.1983;0;1
NUREZ;1;18.2.1936;0;1
SEHABUDDIN;1;4.6.1968;1;0
HILYAH;1;12.5.1989;0;1
TARHA;2;7.1.1976;1;1
DOCEM;1;6.7.1990;0;1
MEHMETRIDA;1;1.1.1986;1;0
YAJIR;1;21.11.1975;1;0
MITAS;1;24.8.1976;1;0
NESHAT;1;2.5.1975;0;1
KEDERE;1;9.6.1961;0;1
GORKIN;1;29.9.1988;1;0
BILADIN;2;14.8.1962;2;0
PURZET;1;3.2.1957;1;0
MITHA;1;22.2.1961;0;1
AHUSINEM;1;22.3.1985;0;1
MUHHUBBET;1;22.2.1979;0;1
KUREYSE;1;29.12.1976;0;1
SIHMALE;1;22.9.1973;0;1
SEVBIN;1;27.2.1990;0;1
ZEYNEBULMUNTAHA;1;11.8.1982;0;1
ABIDAN;1;23.11.1991;1;0
HUMEYDIN;1;27.1.1980;1;0
SIEM;1;1.10.1976;0;1
EZADIYE;3;29.6.1950;0;3
MEBUSIYAN;1;22.2.1943;0;1
SABRAN;1;27.4.1974;0;1
SAYNELIYE;1;7.2.1970;0;1
FESUH;1;2.3.1957;1;0
ZERRUF;2;7.8.1954;0;2
ESHABEDDIN;1;25.11.1971;1;0
SULTANZADE;1;7.2.1952;0;1
MENZIE;1;7.7.1984;0;1
VEZILET;4;17.10.1960;1;3
MUHTINE;1;6.7.1957;0;1
UKLIFET;1;26.8.1981;0;1
ESNERI;1;10.5.1951;1;0
MIZIYET;1;2.2.1975;0;1
AFFULLAH;1;2.6.1969;1;0
MESNETE;1;22.8.1949;0;1
SORIYET;1;12.3.1953;0;1
MUHIYIYETTIN;1;27.2.1968;1;0
MEYEMENE;1;20.6.1935;0;1
HAHAL;1;4.3.1951;0;1
CUZVETE;1;19.3.1972;0;1
LIVEYZA;1;17.3.1942;0;1
HECIK;1;15.9.1989;0;1
MIRFE;1;21.1.1977;0;1
NUSHIYE;1;27.2.1980;0;1
SERHAZET;1;22.6.1981;0;1
LIVOZE;1;17.4.1942;0;1
MUNEZA;1;12.11.1989;0;1
RINDALI;3;29.10.1953;0;3
MUAVER;1;27.2.1992;1;0
OZEYLE;1;11.6.1987;0;1
EMLA;1;2.6.1982;0;1
HAVLAM;1;2.2.1957;0;1
MEHDDIM;1;22.3.1955;1;0
DUDAM;1;19.2.1954;0;1
BAHAREDIN;1;21.6.1965;1;0
HARIFSA;1;15.7.1946;0;1
SARYETE;4;30.4.1961;0;4
BENYANIN;1;27.2.1962;1;0
FIRKEDIN;1;17.4.1960;1;0
MUNEYHAN;1;17.6.1979;0;1
ESNEVIL;1;2.5.1974;1;0
ZEREDIN;1;21.1.1952;1;0
MESIYET;1;23.2.1960;0;1
ABDULMEHDI;1;15.5.1953;1;0
BUHADIYE;1;6.3.1944;0;1
MUTAZNE;1;6.6.1980;0;1
GOHE;1;13.4.1971;0;1
IFFETLI;1;26.7.1975;0;1
SANAYIZ;1;26.7.1984;1;0
ULICAN;1;2.2.1981;0;1
SUSLE;1;19.3.1985;0;1
HEMDUSENA;2;30.5.1965;2;0
VEHFIYE;1;17.2.1936;0;1
UMETTULLAH;1;22.2.1967;0;1
SULBET;1;27.3.1950;0;1
ISPAH;2;10.4.1946;1;1
ELFISA;2;15.4.1971;0;2
UMEDETTIN;1;8.6.1971;1;0
RAFAHIYE;1;16.6.1985;0;1
CIZYETE;7;15.6.1966;0;7
SEHABBETTIN;1;22.2.1961;1;0
SEKNIFE;2;10.4.1974;0;2
SIDRETER;1;11.5.1973;0;1
YEMA;1;11.4.1942;1;0
PUROZHAN;1;12.12.1941;0;1
NESHEDDIN;1;6.12.1968;1;0
PAYNAZ;1;22.4.1991;0;1
KRACA;1;22.8.1991;0;1
ERDIHEN;1;2.2.1987;0;1
PEKIYE;1;22.7.1990;0;1
BUKTAN;1;2.2.1975;0;1
MAHFIZI;1;18.2.1954;0;1
ABDULGUNI;1;27.2.1980;1;0
UMREDIN;2;2.8.1989;2;0
METHICE;1;2.2.1977;0;1
RISIMIYE;1;7.2.1946;0;1
ACCAC;1;3.2.1983;1;0
HUMURA;2;23.10.1947;0;2
YAZLIK;1;22.2.1961;0;1
ABDURAHMI;1;2.2.1957;1;0
NUBAVAT;1;27.2.1950;0;1
ADURRAZAK;1;2.8.1927;1;0
MENEAT;1;19.5.1974;0;1
TETENUS;1;21.7.1983;0;1
BEJNO;1;2.2.1963;1;0
MENTILE;1;19.7.1962;0;1
SECAHIR;1;28.5.1978;0;1
TEZENUR;1;21.7.1990;0;1
ALTUNSA;1;8.5.1980;0;1
BUHAYRE;1;26.4.1987;0;1
ASBIKE;1;17.2.1960;0;1
SUKRUME;1;16.3.1990;0;1
ZIMRITE;1;6.3.1988;0;1
HAMDILA;1;22.2.1967;1;0
REVZIYA;1;17.5.1966;0;1
MIGDAR;1;2.2.1963;1;0
MEHMETSE;1;2.2.1951;1;0
TENCO;1;22.5.1967;1;0
FETULA;1;17.2.1948;1;0
HANISLI;1;16.4.1985;0;1
ENDUS;1;7.4.1977;1;0
OMURGULSUM;1;4.1.1991;0;1
RIZAYE;1;7.2.1952;0;1
AYVAN;1;27.5.1983;1;0
MEVFIAT;1;3.2.1975;0;1
FEZIFE;2;4.2.1973;0;2
KAJJI;1;17.2.1954;0;1
IHNIYE;1;21.1.1960;0;1
AKSUSIYA;1;20.4.1978;0;1
NUFUSIYA;2;9.11.1940;0;2
EGAN;1;19.3.1966;1;0
ZEKIFA;1;9.6.1958;0;1
ZUKREDIN;1;17.10.1984;1;0
FERHAR;1;21.11.1964;1;0
NESRIFA;1;7.10.1970;0;1
BEDRUSAN;2;21.9.1967;1;1
HIDRAN;2;22.3.1976;0;2
ABDULCESAR;1;22.10.1979;1;0
HICCI;1;7.8.1934;0;1
SURIYYET;1;12.2.1983;0;1
DERDIFE;1;7.6.1975;0;1
TESNIYA;1;11.7.1974;0;1
BIZMI;1;7.6.1970;1;0
HARIMSAH;1;4.5.1957;0;1
SERAZTTIN;1;1.6.1968;1;0
SURYAT;1;28.9.1974;0;1
PERDENUSIN;2;6.2.1948;0;2
ESFETIN;1;11.6.1972;1;0
BAYNAT;1;22.8.1948;0;1
GULASIRIN;1;22.11.1981;0;1
FENAYIR;1;30.6.1980;1;0
SONYETE;1;7.4.1970;0;1
HAMNIYTI;1;7.2.1964;0;1
YEDIP;1;9.2.1963;1;0
ROCDA;1;22.6.1985;0;1
RUJDAT;1;19.6.1982;1;0
SAZIN;1;12.6.1987;1;0
IBCAN;1;10.6.1970;0;1
NETTICE;1;23.2.1973;0;1
CUNEYDULLAH;1;29.7.1970;1;0
TELIZADE;1;29.5.1991;0;1
FERVIL;1;2.2.1975;0;1
CISENUR;1;17.11.1984;0;1
ELDUN;1;2.3.1975;0;1
FYME;1;17.2.1972;0;1
SELVAM;1;12.3.1971;0;1
DIRU;1;27.2.1938;1;0
DURRIZADE;1;21.5.1969;1;0
HEVEZ;2;5.6.1952;0;2
MUBRIZE;1;7.2.1964;0;1
YESIMA;1;26.12.1988;0;1
MIRZAH;1;2.4.1972;1;0
NEDIBA;1;26.8.1979;0;1
NEMRIHA;1;2.2.1963;0;1
MUHDIM;1;27.2.1950;1;0
PEVZETA;1;2.2.1951;0;1
MINALLAH;1;22.3.1991;1;0
HASENI;1;29.8.1991;1;0
SITYAN;1;27.2.1962;0;1
SAHZIDE;1;23.6.1982;0;1
HAMLIYE;2;12.2.1965;0;2
DENYAS;1;7.6.1982;0;1
ABDULMEDET;1;17.3.1936;1;0
SUYLEN;1;17.2.1978;0;1
SERMAZ;1;16.4.1959;0;1
HESAFET;1;2.4.1957;0;1
SEZAHATE;1;18.10.1959;0;1
SERV;1;18.9.1986;0;1
YEVZAT;1;25.4.1982;1;0
KAZAG;1;21.10.1988;0;1
PIZAR;1;28.12.1960;1;0
MEGRIBA;1;1.4.1962;0;1
YADIA;1;21.10.1978;0;1
CEDRET;1;2.5.1981;0;1
MUZEDIN;1;18.3.1978;1;0
ABDULVASER;1;27.7.1968;1;0
YEHURE;1;22.8.1919;0;1
MENUSAH;1;2.5.1973;0;1
MAHFUSYA;1;19.6.1982;0;1
CAHIDIN;1;10.3.1980;1;0
SELMEDIN;1;27.11.1986;1;0
RIFEI;1;13.4.1992;1;0
SEDNA;1;10.4.1958;0;1
MUNCIDE;1;21.6.1975;0;1
SUPERI;1;13.3.1965;0;1
MUSELEH;1;3.7.1973;0;1
FEMRUSAH;2;16.2.1982;0;2
MEYSEKER;2;4.5.1960;0;2
SUDETE;3;18.2.1969;0;3
BAVI;1;2.12.1969;1;0
BERBANK;2;15.5.1982;0;2
HEMAYUN;1;21.7.1975;0;1
CELELETIN;1;12.2.1947;1;0
MENTAZ;2;3.9.1981;2;0
BEBUSAN;1;6.6.1974;0;1
MUHSEDIN;1;24.10.1964;1;0
MIRARISMA;1;7.2.1940;0;1
NUSEBA;1;21.10.1988;0;1
MUSYET;1;11.6.1951;0;1
OMUL;1;1.8.1990;0;1
IDEA;1;27.2.1944;0;1
BANSA;1;24.6.1931;0;1
GULIMA;1;16.4.1991;0;1
TENERHAN;1;22.2.1967;1;0
MEHMETESREF;1;6.3.1974;1;0
NADILENAT;1;22.6.1949;0;1
MENFUNET;1;1.11.1989;0;1
MEHMETE;2;3.9.1991;2;0
TEKANUR;1;28.3.1992;0;1
NIHMETTULLAH;1;22.2.1967;1;0
SIRHIYE;2;12.7.1963;0;2
ABDULKIFIL;1;7.2.1934;1;0
BAYET;1;1.5.1974;0;1
SIGBETTULLAH;1;8.11.1985;1;0
MEDEF;1;24.4.1968;0;1
KUDISIYE;1;28.6.1991;0;1
BERGUDAN;2;21.12.1986;2;0
BEDIRCEMAL;1;28.4.1942;0;1
ELYESEH;1;28.9.1991;1;0
MERTEZE;1;19.4.1968;0;1
HAMUD;1;14.6.1961;1;0
HAPSIYE;3;15.8.1965;0;3
NEKVET;1;22.2.1967;0;1
VEZIYETE;1;1.3.1970;0;1
MUHZER;1;1.2.1961;1;0
MENTAHA;1;12.10.1988;0;1
UMILKAYIR;1;8.8.1917;0;1
KARBAR;1;22.8.1931;0;1
SUMILIZA;1;27.5.1962;0;1
SEYHIK;1;7.8.1934;1;0
MESNUA;2;25.7.1967;0;2
HIYRIYE;1;25.2.1929;0;1
CEVIRET;1;26.4.1961;0;1
MEYDIUL;1;16.12.1980;0;1
SELEHET;1;6.5.1984;0;1
BISAHADET;1;25.4.1955;0;1
NEMSURE;1;26.4.1973;0;1
CIDVA;1;21.4.1957;0;1
NOVIN;1;24.3.1983;0;1
TECRIFE;1;8.9.1976;0;1
AFRDITA;1;28.9.1971;0;1
PELESIN;1;29.5.1989;0;1
SENEYI;1;9.2.1976;0;1
NIYAEL;1;4.9.1976;0;1
MUHREBA;1;21.6.1981;0;1
PEYRUZETECE;1;1.8.1975;0;1
NEJDEL;1;6.2.1984;1;0
HANESLI;1;2.3.1989;0;1
ZUMIRE;1;27.8.1926;0;1
HOHMET;2;23.12.1961;0;2
MACERAN;1;14.11.1981;1;0
NUZBETHAN;1;16.1.1949;0;1
MELAHIN;2;28.6.1964;1;1
FIROZHAN;1;2.2.1987;0;1
ARILE;1;12.11.1962;0;1
TILLIYA;1;2.2.1957;0;1
HEZIN;1;22.8.1925;0;1
VERZA;1;22.9.1991;0;1
NUKAHAT;1;10.3.1988;0;1
RODVAN;1;6.10.1987;1;0
RACIAT;1;26.9.1982;0;1
SENIZAT;1;28.10.1990;0;1
RACIE;1;22.2.1961;0;1
IDHAL;1;6.5.1985;0;1
GULAMIL;1;6.3.1992;1;0
NAZENEY;1;21.6.1959;0;1
BIYAK;1;7.4.1934;0;1
HUSSAMEDIN;1;20.2.1966;1;0
KEREFAN;1;7.7.1946;1;0
ABDULVEHET;1;11.7.1979;1;0
MEHMETIHSAN;3;18.11.1978;3;0
SAHIZANA;1;7.5.1974;0;1
ERSUER;1;11.7.1990;1;0
KADAI;1;24.3.1973;0;1
ACLUN;1;2.2.1963;1;0
ZEYNEABIDIN;1;27.5.1955;1;0
EFYETTIN;1;3.4.1944;1;0
HEYMENA;1;12.5.1977;0;1
PIRUZET;1;19.6.1965;0;1
AZIRET;1;16.11.1988;0;1
MUCHET;1;18.4.1974;0;1
FIBERIYE;1;26.2.1960;0;1
ROJIAT;1;11.3.1980;0;1
YURDIHAN;1;29.6.1989;0;1
NECHA;1;7.1.1988;0;1
DERTAN;1;27.11.1986;1;0
ELFEYSA;1;1.1.1984;0;1
OLMIYE;1;8.5.1964;0;1
DELAHAT;1;21.5.1977;0;1
CAYLEM;1;6.11.1986;0;1
SEMEYRE;1;18.8.1991;0;1
MUHCELLA;1;1.5.1980;0;1
MEBRUZ;3;12.12.1977;0;3
RECEF;1;21.11.1972;1;0
FASAR;1;16.5.1965;1;0
VEICE;1;2.5.1981;0;1
ALAS;1;22.8.1925;1;0
MIRZEYDI;1;13.11.1965;1;0
KASUMAN;1;30.7.1967;0;1
FEVASET;1;15.4.1971;0;1
FEHRETE;1;6.7.1974;0;1
ELBIYA;1;27.2.1992;0;1
EMEYTULLAH;1;2.2.1939;0;1
GERZI;1;21.6.1983;1;0
TUBAT;1;2.7.1987;0;1
AJDANE;1;21.12.1989;0;1
SIVVI;1;6.10.1974;0;1
HANDUSENA;1;25.2.1980;1;0
GINEL;1;13.1.1985;0;1
VALIYET;1;12.2.1971;0;1
CEVZETE;2;24.11.1968;0;2
NEZEYE;1;1.12.1964;0;1
SEYABULLAH;1;6.4.1989;1;0
MUMEMMECEL;1;7.1.1970;0;1
MUHUYYETTIN;1;6.6.1962;1;0
REFEHAT;1;2.10.1984;0;1
EPSENE;1;24.5.1961;0;1
BESSIYA;1;24.2.1962;0;1
MUHTEZEN;1;12.10.1989;0;1
MUHYATTIN;1;30.3.1977;1;0
SOFYETE;1;23.3.1967;0;1
HEVIDE;1;12.11.1989;0;1
SESEN;2;9.9.1984;0;2
GUNGIN;1;2.7.1987;1;0
METNEZIN;1;4.6.1980;0;1
FECRIHE;1;5.12.1968;0;1
ZUMELDI;1;27.4.1944;0;1
MEHMETFESIH;1;16.5.1965;1;0
ELMEDA;1;9.7.1988;0;1
MENER;1;3.3.1985;1;0
RAHDIYE;1;16.6.1974;0;1
KUDUSEM;1;19.4.1976;0;1
ELYUZA;1;8.8.1987;0;1
HAMDUSINA;1;1.6.1976;0;1
GEZVENUR;1;22.8.1972;0;1
INEM;1;16.11.1979;0;1
ERDEMET;3;14.10.1989;0;3
NIZBAH;1;19.5.1971;1;0
RINDIYA;1;2.5.1987;0;1
SAHISENET;1;26.5.1984;0;1
RUBUS;1;13.11.1981;0;1
GURIDE;1;7.2.1958;0;1
ELSIYET;1;29.4.1962;0;1
RABETTIN;1;14.1.1988;1;0
UZEYIT;1;17.2.1990;1;0
SELAMGUL;1;27.8.1989;0;1
ELDEMETGUL;1;27.4.1967;0;1
NUSHAB;1;16.9.1991;1;0
NESLIMET;1;29.3.1970;0;1
TUMBET;1;27.1.1974;0;1
MULUKSER;1;12.12.1977;0;1
TEVEDUT;1;18.9.1962;0;1
HAYFAN;1;16.2.1992;0;1
LALICE;1;16.8.1991;0;1
EBSEN;1;15.8.1965;0;1
SARDER;1;20.6.1976;1;0
MEFUSYAN;1;7.2.1976;0;1
MUEDEP;1;16.9.1988;0;1
MEYLANI;1;7.2.1982;1;0
HUMUMA;1;2.2.1939;0;1
GUZYETE;1;13.9.1970;0;1
CEMIE;1;17.9.1978;0;1
MIDRIK;1;8.4.1992;1;0
MENFISE;1;24.4.1989;0;1
MUTEYNA;1;3.6.1957;0;1
TAYIPHAN;1;17.2.1960;0;1
SEBGETTULLAH;1;9.5.1964;1;0
PORTAKALE;1;17.2.1966;0;1
SURIYETE;1;12.6.1971;0;1
MILLAZIM;1;27.12.1986;1;0
PENIZADE;1;27.2.1962;0;1
REDYETTIN;1;12.2.1971;1;0
MAMUSAN;1;22.2.1955;0;1
IMAMMEDDIN;1;12.2.1977;1;0
GULNESIDE;1;29.2.1964;0;1
SEFREDDIN;1;12.3.1977;1;0
EBIGULSUM;1;28.11.1985;0;1
AYNAP;1;21.5.1966;0;1
HAGIT;1;21.5.1961;1;0
NEDLISAH;2;4.11.1979;0;2
RUTBEDDIN;1;5.3.1990;1;0
SUSLUK;1;14.11.1975;0;1
MEHALET;1;21.2.1989;0;1
YULDA;1;12.2.1989;0;1
BAZIGEN;1;11.3.1945;0;1
NASIBENDI;1;11.9.1990;1;0
NEVDAR;1;27.2.1992;1;0
KEVLA;1;14.9.1958;0;1
FELEKNAK;1;13.12.1956;0;1
IMMIS;2;11.6.1949;0;2
NERRA;1;6.2.1938;0;1
MAZATE;1;22.2.1967;0;1
SAFEYI;1;18.1.1972;0;1
MANISAH;1;16.3.1976;0;1
REKTA;1;21.11.1989;0;1
HASRIK;1;2.2.1951;0;1
CEZBIHA;2;12.10.1970;0;2
GEZERI;2;4.12.1956;0;2
PIRGETAP;1;30.9.1972;1;0
NEYTULAH;1;1.11.1972;1;0
KUTA;1;24.3.1961;0;1
YOLLAR;1;2.2.1975;0;1
PESKEN;1;26.5.1990;1;0
EMEDULLAH;1;11.5.1939;0;1
SEKILNAZ;1;12.2.1977;0;1
VAHIYEDDIN;1;3.3.1942;1;0
GULAHAN;1;19.8.1972;0;1
KEHREMAN;1;17.4.1930;1;0
ZERKIF;1;18.3.1982;1;0
VEDAET;1;2.2.1957;0;1
NEYBETTULAH;1;17.10.1972;1;0
ZERVA;1;3.8.1986;0;1
EMOSAN;1;2.3.1958;0;1
FERFIRA;1;27.2.1956;0;1
SAYNAT;1;30.10.1981;0;1
NASRIGUL;1;26.8.1970;0;1
SUSMERCAN;1;8.1.1980;0;1
LEYYIZE;1;16.5.1961;0;1
LEVISA;1;22.7.1961;0;1
TULFET;1;20.8.1974;0;1
M.TAYIP;1;1.12.1957;1;0
RAHIMSAH;1;21.2.1975;0;1
MEZZEYYEN;1;16.7.1957;0;1
ABDULVEYSI;1;11.6.1990;1;0
NETIC;1;22.10.1973;0;1
KUTMEDIN;1;17.2.1966;1;0
ZUFIR;1;12.8.1929;1;0
MEHLIHA;1;21.12.1965;0;1
KOZAT;1;27.10.1970;0;1
UMIYYE;1;9.9.1990;0;1
CESIP;1;22.2.1967;1;0
SIBHATULLAH;1;2.10.1990;1;0
MINBERA;1;22.2.1985;0;1
HOMMAN;1;12.3.1935;1;0
SABAHULGER;1;19.4.1973;0;1
MIZGINA;1;8.5.1973;0;1
SUFURIYE;1;7.8.1946;0;1
ABDULSERVET;1;12.5.1977;1;0
MAVERDIN;1;7.6.1987;1;0
EZADYE;1;17.9.1978;0;1
M.IMAM;1;28.7.1980;1;0
DOLNEVAZ;1;2.2.1969;0;1
KUZUDI;1;17.2.1966;0;1
SEYFIMULUK;1;27.1.1978;1;0
SOSUL;1;27.10.1968;0;1
EVIYA;1;27.2.1977;0;1
SEFZETE;1;19.6.1950;0;1
BAGIZAR;1;22.2.1949;0;1
ESRUM;2;24.11.1987;0;2
SAIFEL;1;11.2.1992;0;1
HANSER;1;29.4.1943;0;1
MULKIYI;1;11.2.1980;0;1
EHYABEDDIN;1;14.7.1981;1;0
MUKERZIM;1;17.12.1975;0;1
HELVET;1;2.2.1957;0;1
PAKHALIME;1;27.2.1950;0;1
FERGIRE;1;17.2.1960;0;1
SIHMALLAYAN;1;7.8.1940;0;1
SILVECAN;1;27.2.1992;0;1
MEYMINET;1;23.1.1972;0;1
KUTTIYE;2;4.5.1945;0;2
SEHMALI;1;24.12.1980;0;1
MUZGET;1;26.9.1990;0;1
SAYLIYE;1;28.4.1962;0;1
INISEM;1;11.5.1980;0;1
SANHA;1;2.3.1973;0;1
ALLIYA;1;22.3.1973;0;1
IZAVRA;1;6.11.1986;0;1
HEPIRMEZ;1;10.1.1969;0;1
SEYRULLA;1;11.1.1992;1;0
HAZRIYE;2;30.10.1968;0;2
EYUBA;2;10.4.1966;0;2
IBABETTIN;1;30.6.1990;1;0
HAMAYAN;1;27.4.1938;0;1
PEREHNAZ;1;27.12.1986;0;1
NIVEZAR;1;6.3.1944;0;1
GULBUGDAY;1;12.7.1941;0;1
INZINET;1;22.2.1943;0;1
SERIMES;1;25.5.1973;0;1
MEKELSIM;1;12.8.1965;0;1
VAHAYETTIN;1;7.2.1976;1;0
TARIKAT;1;21.9.1972;0;1
FETEH;1;27.2.1980;1;0
EMIRYAN;1;12.2.1983;0;1
ERCUME;1;11.3.1982;1;0
CANIYET;1;22.10.1955;1;0
PEYIKAN;1;7.2.1982;0;1
BEDRUSE;1;11.6.1952;0;1
ABDULVESIK;1;23.7.1947;1;0
MEHMETMIHDI;1;8.6.1961;1;0
BELKISEE;1;22.5.1967;0;1
IZEDIYE;1;4.12.1958;0;1
PEKYAN;1;4.6.1978;0;1
BUGRAY;2;14.4.1987;2;0
REVSENK;1;4.7.1978;0;1
SENSAADET;1;13.6.1951;0;1
RUKBEDIN;1;27.2.1956;1;0
FETTUHLAH;1;27.2.1962;1;0
ABDULIKRAM;1;17.2.1954;1;0
DILEVAZ;2;18.12.1973;0;2
MUZEZE;1;7.5.1958;0;1
NEZRIBE;2;22.5.1927;0;2
NEFAET;1;30.8.1956;0;1
SEHANI;1;16.7.1963;1;0
NIHALAY;1;1.3.1973;0;1
BENUSE;1;16.10.1989;0;1
NASURLLAH;1;2.3.1945;1;0
ZELZEMA;1;17.7.1959;0;1
MUSHEP;1;19.8.1986;1;0
MESCINE;1;6.3.1939;0;1
YAYDA;1;6.9.1975;0;1
EYMENET;2;14.9.1954;0;2
SUKURLA;1;12.2.1965;1;0
ZEHDIN;2;12.6.1944;2;0
TEZRIHAN;1;12.2.1971;0;1
RUKENDA;1;22.2.1991;0;1
GUTLE;1;22.8.1931;0;1
SINEMZE;1;3.7.1957;0;1
PERDALE;1;3.6.1991;0;1
MEHFET;1;6.2.1975;0;1
MUHEYETTIN;1;7.6.1970;1;0
YEKUBER;1;17.2.1966;0;1
MILLE;1;2.2.1969;0;1
RENGIYA;1;27.2.1986;0;1
NESNET;1;22.4.1973;0;1
DILAVIZE;1;8.6.1968;0;1
DAKHAN;1;27.2.1944;0;1
USPER;1;7.2.1958;0;1
MESINAS;1;1.6.1974;0;1
FERISSE;1;15.4.1971;0;1
YULDAN;2;22.11.1975;0;2
ERCAHIL;1;24.7.1980;1;0
GULIH;1;1.9.1950;0;1
IMICEL;1;22.2.1985;0;1
FIVAT;1;4.5.1975;1;0
OKTAVYA;1;23.1.1987;0;1
OZALYA;1;21.1.1989;0;1
EZZETE;1;7.5.1958;0;1
ARMILA;1;28.8.1968;0;1
KEDDAFI;1;21.10.1975;1;0
BEGDIYE;1;17.1.1990;0;1
AKGUNLER;1;2.1.1978;1;0
CELKEZ;2;24.9.1960;2;0
NURIKI;1;22.8.1931;0;1
GANIBI;1;27.2.1950;0;1
HIZNIKI;1;22.5.1943;0;1
KAMERDIN;1;27.10.1968;1;0
BARITE;1;15.10.1975;0;1
EGLIHAN;1;20.5.1988;0;1
TELYE;1;2.2.1984;0;1
ABDULMEVAV;1;12.2.1989;1;0
VETTIHA;1;28.9.1956;0;1
ABUHAT;1;26.7.1974;0;1
BESYER;1;27.2.1974;0;1
REVAZA;1;12.4.1947;0;1
HUBREMETE;1;7.4.1940;0;1
FERDUNA;1;22.2.1967;0;1
MEHTIZE;1;17.5.1971;0;1
NURDITE;1;22.9.1991;0;1
RAYI;1;2.7.1951;0;1
YADIM;1;17.2.1936;1;0
GARILSAH;1;6.7.1975;0;1
HESLIYE;1;26.4.1951;0;1
ZERDUS;5;26.2.1980;5;0
SEYINHAN;1;14.2.1965;1;0
M.ZELKIF;1;20.8.1965;1;0
SEMBA;1;27.2.1980;0;1
SURABIL;2;7.9.1975;2;0
ABDULMATALLIP;1;12.9.1965;1;0
VAHIDETIN;1;12.2.1965;1;0
TEFAAT;1;24.4.1967;0;1
ABDULMENDUH;1;22.1.1961;1;0
ZIHHAT;1;29.4.1964;1;0
FESIHTA;1;22.2.1961;0;1
GUZLEM;1;11.3.1985;0;1
ABDULEVEL;2;17.5.1978;2;0
FESIK;1;2.2.1951;1;0
YURGUN;1;17.7.1972;0;1
SILIVAN;1;8.4.1964;0;1
VEFRET;1;21.7.1960;0;1
UMUKELSUM;1;7.3.1958;0;1
SAYETE;1;12.2.1965;0;1
GUNEVIS;1;17.2.1972;0;1
DILANVER;1;22.9.1991;0;1
SELLAHAT;1;2.2.1969;0;1
GEVLA;2;10.6.1947;0;2
MIHPI;1;11.3.1968;1;0
BEHLISA;1;17.4.1990;0;1
PIROHAN;1;23.6.1989;0;1
NURSAIDE;2;29.4.1984;0;2
AVARE;2;24.2.1942;0;2
TOSYE;1;29.8.1970;0;1
SEYITZADE;1;8.4.1991;1;0
SIMENSAN;1;1.2.1983;0;1
SACIYAN;1;22.4.1961;0;1
COCU;1;27.5.1943;1;0
RUHEMA;1;21.10.1991;0;1
SUDULEYYUN;1;17.2.1954;0;1
HAYIZE;1;17.2.1966;0;1
HAPRIZE;1;2.8.1969;0;1
YUSAM;1;12.2.1971;1;0
ZEZIMA;1;21.5.1987;0;1
MURIAT;1;11.6.1988;0;1
FERZEDDIN;2;2.6.1971;2;0
NEFNI;1;29.7.1961;0;1
TACISEN;1;25.4.1978;0;1
SEVYDE;1;12.2.1935;0;1
AYNEP;1;7.7.1964;0;1
HASBEG;1;19.3.1958;1;0
ROCBIN;1;13.9.1981;0;1
GUVSMER;1;2.11.1975;1;0
SINANSADI;1;26.12.1982;1;0
BARAV;2;22.1.1978;0;2
FEYSIYE;1;12.5.1969;0;1
SILIMA;1;17.2.1960;0;1
VEKTAN;1;2.2.1951;0;1
SADAB;1;12.3.1965;1;0
YAVUZVELI;1;26.11.1971;1;0
BERHUL;2;11.6.1973;1;1
SUMRETE;1;11.6.1972;0;1
GOKBIN;1;20.8.1986;1;0
CASTEGIN;1;8.4.1972;1;0
SEFFIYE;1;17.2.1948;0;1
CANISAN;1;11.4.1963;0;1
GULHUM;1;22.2.1973;0;1
NEZHEP;1;7.2.1988;0;1
FELAMUZ;1;6.2.1959;1;0
DOSAN;1;12.11.1981;0;1
GOPERCIN;1;11.2.1964;0;1
TIRAP;1;25.6.1991;1;0
CAYZEDE;1;27.2.1974;0;1
MUKEDDEM;1;10.4.1990;1;0
SIMULIZAR;1;4.2.1971;0;1
HANINSAH;1;7.5.1978;0;1
ARZELLA;1;27.6.1986;0;1
VESIYET;1;21.1.1989;0;1
BEYTUYE;1;22.2.1967;0;1
IZULUFET;1;17.2.1966;0;1
MERKEZA;1;13.4.1947;0;1
ELIFIYA;1;13.7.1973;0;1
RESEHAT;1;26.4.1983;0;1
SETKIYE;1;22.5.1955;0;1
CAMIHE;1;1.11.1985;0;1
YULDEN;1;11.6.1981;0;1
FERHURDE;1;2.2.1975;0;1
PERVESIN;1;17.6.1990;0;1
KALSUM;1;27.4.1956;0;1
PERDESIN;1;12.8.1951;0;1
LEGIN;1;2.2.1981;0;1
NEDIN;1;17.12.1970;1;0
TAYILE;1;7.2.1970;0;1
MENTILLAH;1;6.8.1971;0;1
BERKAS;1;7.2.1958;1;0
HESUNA;1;9.7.1964;0;1
ESVEDE;1;17.2.1954;0;1
DABARNUS;1;4.7.1969;1;0
AKRISE;1;27.2.1974;0;1
EBRIZOR;1;17.2.1966;0;1
ILNA;1;26.5.1961;0;1
DUNLAVAZ;1;23.5.1973;0;1
EMIH;1;19.6.1984;1;0
GANIDAN;1;27.2.1962;0;1
MUHTTIN;1;11.8.1950;1;0
HIDOL;1;27.2.1962;1;0
MESELINE;1;2.2.1951;1;0
PANAYIR;1;12.8.1966;0;1
TAHVET;1;22.8.1971;0;1
DURSENA;1;22.2.1967;0;1
ZIVYA;1;22.4.1955;0;1
SOGDEM;1;22.8.1979;0;1
ULMET;1;21.4.1972;0;1
AYLAMA;1;6.12.1986;0;1
DURO;1;2.2.1957;0;1
GARIYETTULLAH;1;21.6.1981;0;1
HACAC;1;17.7.1977;1;0
MIYOL;1;6.8.1974;0;1
FESLAH;1;4.8.1963;0;1
DILSI;1;22.2.1935;0;1
SIZRET;1;14.7.1941;0;1
KADIYRE;1;4.5.1991;0;1
HICARAN;1;8.4.1982;0;1
RAYLEN;1;7.4.1980;0;1
TILIZE;1;7.2.1934;0;1
FEHRIZAT;1;7.3.1964;0;1
SIRTIN;1;11.6.1943;0;1
AHRIME;1;7.2.1958;0;1
FAYFURI;1;12.2.1977;0;1
SIFURYE;1;2.2.1963;0;1
PERDESIM;1;15.4.1965;0;1
CIBEN;1;24.5.1979;0;1
RUJI;1;26.7.1973;0;1
SEYHMAR;1;2.8.1933;0;1
SERGEBUN;1;22.2.1991;1;0
BEJEM;1;14.8.1991;1;0
M.ATILLA;2;17.5.1961;2;0
NASIKA;1;3.4.1938;0;1
GULBEDAM;1;1.1.1956;0;1
METHARET;1;22.2.1973;0;1
FERDEME;1;6.5.1973;0;1
SIMFERAY;2;24.11.1974;0;2
LUBIDIYE;1;7.2.1970;0;1
RIDAR;1;30.10.1991;1;0
FETUHLA;2;8.3.1964;2;0
PURHENDE;1;5.10.1948;0;1
IGDI;1;23.4.1969;0;1
REDER;1;21.12.1971;1;0
CAFAHER;1;26.2.1973;0;1
MAHMUDUL;1;1.7.1957;1;0
GULSERCAGLA;1;22.3.1991;0;1
SULTAL;1;20.2.1971;0;1
MENZILEY;1;21.6.1967;0;1
ZATEN;1;17.2.1972;0;1
MESNED;1;16.3.1931;0;1
FEHMIKAAN;1;18.1.1977;1;0
PULNUR;1;7.2.1963;0;1
ESINDERYA;1;8.4.1976;0;1
BERUZ;1;22.9.1991;1;0
MEHNESE;1;4.11.1957;0;1
MIRSEREF;1;16.4.1987;1;0
MICYAN;1;30.6.1976;0;1
M.TEKIN;1;27.9.1954;1;0
SEYYITER;1;15.8.1971;1;0
MIRANETE;1;1.10.1974;0;1
GULUCAG;1;13.7.1984;0;1
IZMETE;1;7.5.1958;0;1
MUSENA;1;30.3.1974;0;1
SEZET;1;14.3.1965;1;0
HUSNUCAG;1;8.9.1977;1;0
MUSAKINE;1;16.12.1974;0;1
ZITTIZADE;1;1.6.1966;0;1
PIRJEN;1;14.4.1977;1;0
MUFEKKIRE;1;27.8.1932;0;1
NUFUKKET;1;12.2.1953;0;1
PUSKULLU;1;20.5.1979;0;1
ROJHATI;1;2.10.1981;0;1
SEMMAY;1;12.2.1947;0;1
PORSENG;1;26.11.1978;0;1
SEVAZAT;1;22.2.1967;0;1
SAHINGAZI;1;12.7.1988;1;0
TUKKAN;1;28.7.1976;1;0
GETMIR;1;22.11.1973;1;0
SAVAZAT;1;17.8.1932;0;1
UNASE;2;14.3.1960;0;2
LITFANYA;1;22.2.1991;0;1
BERRINN;1;11.4.1992;0;1
SAYNI;1;2.4.1952;0;1
NUJDANGUL;1;16.1.1988;0;1
NEVZATEMIN;1;17.8.1930;1;0
HANUSAH;1;12.2.1971;0;1
DILHAVIN;1;6.11.1986;0;1
DAMIS;1;22.3.1943;1;0
ALTINDAMLA;1;22.2.1973;0;1
BEKIRMERT;1;14.11.1988;1;0
MUDEBIRE;1;27.8.1926;0;1
HUSBER;1;11.3.1932;0;1
YILKIZ;1;9.3.1970;0;1
MIHGLISE;1;7.5.1976;0;1
MEHRUZ;3;6.2.1963;0;3
KIKI;1;24.4.1951;1;0
NEYUP;1;16.3.1980;1;0
TURANDAHT;1;7.1.1956;0;1
TELIZAR;1;16.6.1967;0;1
NEBIYLA;1;22.2.1955;0;1
EMSIT;1;17.2.1960;1;0
KECIYE;1;22.2.1961;0;1
RAHIAN;1;14.12.1978;0;1
SEMAHUR;1;2.4.1987;0;1
NEHSIN;1;22.2.1987;1;0
UKRIFET;1;11.5.1973;0;1
UYAL;1;1.8.1968;0;1
NORSEN;1;11.3.1949;0;1
TAYYIPE;1;29.12.1982;0;1
MIRKAL;1;14.2.1981;1;0
MESHIN;1;17.2.1972;1;0
TEKRIFE;1;7.3.1958;0;1
MUNKABIL;1;27.8.1950;1;0
ISMIHAT;1;16.9.1980;0;1
CAYID;1;30.3.1974;1;0
NEMIRT;1;12.2.1981;1;0
CESURULLAH;1;7.8.1987;1;0
FAHREGUL;1;11.4.1961;0;1
VESVEDDIN;1;7.3.1970;1;0
ULDER;1;11.7.1974;0;1
KEVKEBUSABAH;1;5.3.1953;0;1
TUHFUTULLAH;1;17.2.1960;0;1
GUMUL;1;6.4.1961;0;1
FATMAUZEHRA;1;18.4.1976;0;1
FADILLAH;1;27.8.1950;1;0
DELYADIL;1;12.4.1991;0;1
GURRAP;1;10.5.1939;1;0
MEHDA;1;19.10.1990;0;1
ABDULGALIM;1;11.5.1965;1;0
YILIM;1;12.2.1977;0;1
SAHZIN;1;26.8.1977;0;1
LAMATE;1;12.2.1959;0;1
KUCUKPINAR;1;21.1.1986;0;1
ROSHAN;1;29.8.1967;0;1
NATIHE;1;22.4.1975;0;1
SEMIULLAH;1;12.5.1965;1;0
YAPIR;1;16.9.1971;1;0
EVINDAL;1;15.2.1992;0;1
EVRUH;1;2.2.1975;1;0
SEDILAGUN;1;22.2.1955;0;1
LUVAZIYE;3;22.6.1954;0;3
CAMISAB;2;21.7.1934;2;0
ONLEM;1;27.12.1986;0;1
BEMKIZ;1;9.10.1985;0;1
SANASIN;1;21.2.1989;0;1
SAMSUL;1;27.2.1956;1;0
DICLEMIR;1;17.5.1966;1;0
BEHLIGUL;1;21.10.1983;0;1
FERVIZ;1;18.3.1944;1;0
AFFAF;1;7.8.1958;0;1
SIMEMSA;1;12.2.1953;0;1
YUZLIFE;1;22.2.1967;0;1
VAYSI;1;12.2.1965;1;0
BIREVS;1;17.2.1954;0;1
KERIYE;1;22.7.1943;0;1
HEVJIN;1;28.1.1992;0;1
HATEMIESER;1;19.2.1992;1;0
BAD;1;1.5.1979;1;0
YESIMBORAN;1;15.3.1980;0;1
USAMI;1;12.8.1971;1;0
MURIBA;1;7.2.1944;0;1
ZAIHDE;1;29.6.1967;0;1
EVNULLAH;1;26.5.1972;1;0
ZANYAR;1;5.8.1978;1;0
SUGRET;1;9.1.1968;0;1
BEROJ;1;6.7.1987;1;0
RIZGAL;1;22.2.1961;0;1
YEKITI;1;17.4.1984;0;1
YUZLUFER;1;11.6.1961;0;1
YEKHEBUN;1;2.2.1987;0;1
KADMYE;1;7.2.1964;0;1
YEKHEVIN;1;22.3.1985;0;1
VEZBIHE;1;12.2.1953;0;1
NUSHADDIN;1;16.3.1951;1;0
ZEBIHULLAH;2;4.10.1977;2;0
NISIBA;1;29.6.1984;0;1
SILHER;1;8.3.1965;0;1
RISVET;1;28.8.1981;0;1
GULHUREN;1;17.4.1966;0;1
MAKIYA;1;27.2.1974;0;1
HARFNAZ;1;17.8.1936;0;1
TUBBIYE;1;28.2.1970;0;1
SOSYA;1;25.1.1982;0;1
GARIBSAN;1;7.2.1970;0;1
MENSURETE;1;26.4.1965;0;1
GEYBA;1;2.2.1975;0;1
SAKIREHAN;1;17.2.1966;0;1
SAHIMAT;1;20.6.1966;0;1
CIMSIN;1;1.4.1991;1;0
HEVDEM;1;20.9.1989;0;1
BIRFER;1;5.5.1975;0;1
BAKUR;1;27.10.1990;1;0
SEHYDAVUT;1;20.7.1989;1;0
MEGTE;1;21.5.1990;0;1
SERZIN;1;16.2.1987;1;0
SEVLEM;1;22.3.1991;0;1
OMURLAH;1;15.2.1991;1;0
YESURET;1;2.4.1981;0;1
PESMERGE;1;25.10.1990;1;0
AYSURE;1;28.3.1989;0;1
FALIYE;2;7.4.1952;0;2
SOLYETE;1;15.10.1985;0;1
ABDURRANHIM;1;1.6.1989;1;0
NAMIGOL;1;2.6.1975;0;1
MISREMA;1;21.7.1972;0;1
FATMADEMET;1;22.5.1968;0;1
EZBIN;1;6.10.1984;0;1
TASDURAN;1;1.11.1971;1;0
PEPULE;1;28.11.1985;0;1
NEZAYAT;1;5.4.1973;0;1
CINIK;1;17.2.1942;0;1
ZAZO;1;12.2.1959;0;1
KENAYET;1;17.12.1984;0;1
ERCENAN;1;2.2.1963;0;1
YAHYEDIN;1;2.2.1969;1;0
DILAVES;1;12.2.1983;0;1
MUCELIP;1;22.10.1981;1;0
SAHNESIN;1;27.4.1992;0;1
YESKUN;1;26.8.1965;1;0
GOLUZER;1;29.6.1938;0;1
SIPHATTIN;1;7.2.1970;1;0
IYADIN;1;6.11.1958;1;0
HAMDULLLAH;1;22.2.1985;1;0
BUHUSTI;1;27.9.1983;1;0
PEIZADE;1;22.2.1961;0;1
ZEKIY;1;28.3.1962;0;1
ZAGIDE;1;26.4.1934;0;1
PAMUYE;1;14.2.1933;0;1
ROCHAT;1;2.3.1981;1;0
NEZERDIN;1;8.12.1990;1;0
SEHZEVAT;1;26.5.1955;0;1
GEVRISEN;1;12.1.1977;0;1
SERBINAS;1;7.2.1964;0;1
HAVISAN;1;12.2.1953;0;1
SUKROYE;1;12.4.1965;0;1
GUVEYRET;1;27.9.1950;0;1
KEDAFI;1;22.12.1975;1;0
BAZISEHER;1;3.10.1943;0;1
SENDIM;1;1.2.1983;1;0
REHISA;1;4.3.1957;0;1
AMBEL;1;27.7.1974;0;1
RIZEDDIN;1;27.4.1968;1;0
NUZGET;1;27.2.1992;0;1
DEVAP;1;5.5.1945;1;0
ABDULZAHAT;1;1.4.1991;1;0
SEBILO;1;22.12.1967;0;1
MEKRIBAN;1;30.10.1936;0;1
ZININI;1;22.2.1967;0;1
NARDAHAN;1;27.6.1968;0;1
ISTINAETTIN;1;22.2.1949;1;0
SARULLAH;2;28.11.1980;2;0
ZEBER;1;27.11.1950;0;1
KEYDAT;1;18.4.1970;1;0
YEMIHAN;1;2.5.1974;0;1
FUZUZHAN;1;11.11.1978;0;1
NACIRA;1;9.3.1970;0;1
DEMAN;2;14.10.1974;1;1
FLAT;1;25.9.1980;1;0
GORGIYE;1;9.7.1979;0;1
IBNIZE;1;19.5.1967;0;1
HUREYCE;1;12.2.1941;0;1
NURCIHAR;1;14.12.1977;0;1
HARAMISI;1;17.2.1936;0;1
BANEFIS;1;19.1.1972;0;1
NAZBER;1;2.8.1921;0;1
MUKKEDER;1;12.2.1983;0;1
SIVRI;1;1.3.1954;0;1
CANANSAHIZER;1;14.2.1977;0;1
HULADDIN;1;7.2.1964;1;0
HUSNOGOL;1;10.12.1947;0;1
TALHATTIN;1;22.5.1955;1;0
TAHAL;2;27.5.1984;2;0
GEVLETE;1;16.3.1947;0;1
FIRESAT;1;19.5.1972;0;1
MEHMETCAHIT;2;27.8.1969;2;0
GAMIL;1;2.2.1945;0;1
SURGE;1;4.2.1963;0;1
ERKIT;1;22.1.1973;1;0
SAMEHE;2;3.2.1959;0;2
MEBRULIYE;1;12.3.1935;0;1
EMIGULLUSUM;1;12.9.1959;0;1
TAYINER;1;22.2.1967;1;0
ISLAHE;1;23.2.1966;0;1
HEVISI;1;22.3.1943;0;1
MAPIRUZ;2;11.5.1946;0;2
SEZICE;1;4.6.1972;0;1
ABUDUSSEMI;1;1.11.1931;1;0
SAHIMEZ;1;6.9.1986;0;1
ZAYICE;1;13.11.1941;0;1
SEHYA;1;29.6.1962;0;1
KUDUSU;3;26.7.1966;3;0
KIYASADDIN;1;27.11.1980;1;0
MUHAMMETSEDAT;1;12.10.1971;1;0
BURIYA;1;22.2.1967;0;1
NASRINE;1;6.10.1972;0;1
CAFIRE;1;24.5.1943;0;1
MEDIM;2;10.6.1962;2;0
NASHI;1;2.2.1975;1;0
VILDAR;1;7.2.1970;0;1
ABOZEYT;1;4.2.1957;1;0
MAIMIRE;1;6.4.1943;0;1
ABDULBAHATTIN;2;14.7.1979;2;0
ABDULAYDIN;1;7.6.1988;1;0
GULELEDIN;1;7.8.1922;0;1
UZULLAH;1;27.2.1950;0;1
HETYETULA;1;2.2.1975;1;0
BAPOS;1;30.4.1944;0;1
VAVRI;1;6.10.1966;0;1
NEHIZE;1;9.4.1956;0;1
ARZIHA;1;3.12.1961;0;1
MUHITIYE;1;8.3.1968;0;1
ETIFYE;1;22.2.1967;0;1
ERDEGOK;1;14.5.1991;1;0
MAKSADA;1;16.4.1939;0;1
ZULEHYA;1;21.10.1983;0;1
HITAMIN;1;26.10.1972;1;0
YUHAIDE;1;16.6.1952;0;1
NIGA;1;26.9.1978;0;1
TALAATTIN;2;19.11.1953;2;0
YUKSE;1;12.3.1965;0;1
ABDULNAZIM;1;23.2.1967;1;0
EZETE;1;2.8.1933;0;1
SAFUIYE;1;24.3.1969;0;1
ERDAMAR;1;10.8.1986;1;0
TASLIM;1;23.4.1967;1;0
KELENDE;1;18.5.1966;0;1
ZILFUYE;1;2.2.1957;0;1
YUSRAL;1;29.12.1967;0;1
HAYMIYE;1;17.3.1966;0;1
DAGTEKIN;1;22.11.1946;1;0
TEZBALI;1;12.2.1965;1;0
MAIHET;1;19.5.1971;0;1
ALSEF;1;14.2.1947;0;1
HULSEREN;1;16.6.1963;0;1
ALLEDIN;1;18.10.1965;1;0
MOHRUBE;4;26.4.1968;0;4
SEPTE;1;22.4.1966;0;1
MISERET;1;23.5.1962;0;1
HEMAYI;2;19.3.1957;0;2
NURAF;1;29.1.1961;0;1
YUNSURE;1;21.10.1956;0;1
MIDAHAT;1;27.2.1950;1;0
ALIMUHCI;1;6.5.1975;1;0
FERHATI;1;6.8.1953;0;1
MILADER;1;2.7.1968;0;1
KOKAL;2;23.10.1962;1;1
MEHMETBAHADIR;1;29.10.1989;1;0
EMURMIYE;1;18.7.1946;1;0
ABDULKILAL;1;20.1.1964;1;0
SEFDAR;1;26.10.1978;1;0
NEVNEZ;1;22.2.1979;0;1
RUBRIYE;1;24.3.1952;0;1
FERGIL;1;11.5.1982;0;1
FIDEHAN;1;10.3.1946;0;1
VEDEA;1;21.4.1958;0;1
NEFKURE;1;11.2.1968;0;1
AYLINNUR;1;2.9.1987;0;1
UIMIT;1;17.3.1940;0;1
MUSIRKA;1;12.8.1935;0;1
BURANEDIN;1;21.1.1973;1;0
DUTI;1;16.4.1963;0;1
SARMA;1;3.7.1939;0;1
MULHISE;1;4.12.1972;0;1
ARAFFAT;1;22.3.1979;1;0
ZIYYEDDIN;1;30.2.1951;1;0
SAAHEDDIN;1;2.2.1975;1;0
AYNNUR;1;14.8.1977;0;1
KIVE;1;17.8.1929;0;1
GULNIHAYET;1;16.6.1950;0;1
ZEZAIR;1;23.6.1975;1;0
ELIZAH;1;10.9.1987;0;1
HAZAREZ;1;16.6.1934;1;0
DOKEN;1;24.9.1979;1;0
MERHIBA;1;19.2.1960;0;1
ZULFUNNAZ;1;6.7.1965;0;1
FUDAL;1;21.6.1977;0;1
AYLIH;1;8.8.1975;0;1
RAZIBA;1;27.8.1950;0;1
NILFE;1;11.1.1987;0;1
TEVAFET;1;28.12.1950;0;1
IRVANE;1;20.8.1961;0;1
ERBAR;1;7.7.1982;1;0
SULESENLER;1;24.1.1971;0;1
MOBERRE;1;21.11.1983;0;1
SEVRIYAN;1;13.9.1974;0;1
IMMGUL;1;21.9.1981;0;1
ABANI;1;7.5.1976;1;0
MULHUSE;1;2.5.1975;0;1
DERUH;1;11.8.1967;1;0
ASIYEFERDA;1;26.8.1974;0;1
VENNISE;1;11.4.1975;0;1
KESRET;1;5.8.1958;0;1
SUVEYLIYA;1;7.3.1962;0;1
SAHABAT;1;28.6.1969;0;1
SERABEDDIN;1;13.1.1969;0;1
TEYRE;3;23.8.1949;0;3
HAZNIYA;1;2.3.1963;0;1
FEYRUZIYE;1;22.4.1961;0;1
MEHMETERKAN;1;30.8.1986;1;0
CAVKANI;1;22.2.1991;0;1
MUSDIYE;2;12.4.1969;0;2
SAMIRAL;1;16.2.1962;0;1
CAMIHA;1;8.2.1978;0;1
BAYSABAN;1;7.3.1979;0;1
VEZIZE;1;9.8.1987;0;1
BILAHAN;1;26.7.1970;1;0
TEYIMAN;1;10.3.1964;0;1
USLUAY;1;6.10.1984;0;1
ADIGULSUM;1;30.4.1984;0;1
YADIGE;1;6.2.1973;0;1
DILEFER;1;8.4.1928;0;1
SEYITSULTAN;1;22.5.1961;1;0
BILAHAT;1;1.2.1964;0;1
PILKA;1;19.1.1948;1;0
KIBRIHAN;1;16.10.1956;0;1
GUNECBER;1;5.2.1951;1;0
SAZIMED;1;24.3.1986;0;1
DUDE;2;19.6.1939;0;2
KULSI;1;7.8.1928;0;1
HAMELI;1;29.7.1944;0;1
HUTMETTIN;2;10.12.1973;2;0
NEVES;1;27.2.1974;0;1
TITE;1;22.6.1943;0;1
PEKIZTAN;1;23.4.1967;0;1
DINDAHAR;1;28.1.1967;1;0
ANAHANEM;1;2.3.1945;0;1
DERDIYA;1;24.5.1961;0;1
RABBIN;1;18.6.1973;1;0
BELIVAN;1;1.3.1930;0;1
NEVSIYEN;1;6.3.1968;0;1
GOYE;1;11.5.1953;0;1
HUTMEDIN;1;1.4.1955;1;0
YAZIGULU;1;1.6.1972;0;1
SEGIHE;1;27.4.1944;0;1
AYTUMER;2;18.9.1983;2;0
SEREZET;1;12.2.1961;0;1
ILKLIH;1;18.2.1986;0;1
SAHIZEL;2;17.8.1955;0;2
NEGIBE;1;27.2.1956;0;1
BEREHAN;1;3.6.1925;0;1
YUNUZA;1;24.3.1965;0;1
SAMARKAND;1;8.3.1959;0;1
ROHUYE;2;10.12.1961;0;2
CIZER;2;12.3.1976;0;2
NURSACETTIN;1;27.8.1955;1;0
ZOKHRA;1;29.2.1968;0;1
BAHTAN;1;19.8.1977;0;1
TOVHIDE;2;15.2.1964;0;2
MARZIKA;1;26.2.1984;0;1
REVILE;2;30.3.1958;0;2
FURDEVUS;3;26.12.1962;0;3
SEYYIHA;1;24.5.1924;0;1
MENDEHAR;1;16.7.1953;0;1
MURSIDA;1;27.11.1968;0;1
SAYEME;1;2.2.1956;0;1
BEYZADEM;1;23.8.1978;1;0
MAZIBE;1;25.11.1968;0;1
MAYIHA;1;8.10.1938;0;1
KAYYOS;2;2.9.1947;0;2
YALIS;1;11.10.1980;0;1
ADILSEVER;1;25.12.1968;1;0
AKIKA;1;2.8.1957;0;1
REFGUL;1;27.9.1974;0;1
KATTAL;1;6.7.1975;1;0
GARDAS;1;26.1.1975;1;0
SACIDDE;1;21.11.1959;0;1
SEMAVA;1;24.12.1967;0;1
YINDAN;1;21.3.1965;0;1
BENZAHIR;1;3.2.1957;0;1
KUBEYSE;1;5.3.1985;0;1
KAZIP;1;21.2.1947;1;0
MAKKIYE;1;17.11.1960;0;1
SEYYAHA;2;6.11.1976;0;2
AHMETHALUK;1;27.11.1969;1;0
HARAN;1;30.2.1970;0;1
MUTEBBER;3;10.8.1961;0;3
MUJDUN;1;24.4.1973;1;0
HIRMAR;1;12.8.1929;0;1
GULEZDE;1;22.11.1955;0;1
ZENORE;1;2.3.1975;0;1
SEYT;6;3.5.1944;6;0
SELAHEDIN;1;24.3.1955;1;0
HEMAI;2;2.10.1948;0;2
TERGAN;1;1.3.1975;1;0
MESIBA;1;26.9.1965;0;1
SUIYBE;1;21.8.1958;0;1
ZAINE;1;8.8.1970;0;1
NAYDIYE;1;12.10.1975;0;1
ILTABER;1;12.11.1983;1;0
HEYAEDDIN;1;22.2.1961;1;0
KULEMBER;1;12.3.1939;0;1
MUSLUN;1;15.9.1975;0;1
NESAMI;1;1.10.1989;0;1
NAGIBA;1;7.2.1976;0;1
ZEHRATUL;2;26.6.1985;0;2
TEHAFET;1;11.5.1932;0;1
AHNIYET;1;17.7.1970;0;1
BERHE;1;2.3.1927;0;1
SUHATULLAH;1;3.6.1966;1;0
SEVSIRIN;1;7.10.1952;0;1
BILDEREN;1;22.2.1979;0;1
DILHEBIN;1;18.12.1973;0;1
MUKERER;1;22.7.1979;0;1
HOPRET;1;14.11.1933;0;1
MURAHI;1;28.7.1965;0;1
KAYZER;1;22.8.1931;1;0
HAVAY;1;17.5.1960;0;1
DERDAR;2;18.2.1965;2;0
MARYEME;1;7.8.1964;0;1
ALEGUL;1;17.2.1966;0;1
ALTUME;1;6.12.1956;0;1
RABISAH;1;16.5.1947;0;1
OVNAY;1;22.2.1955;0;1
FEYAZETTIN;1;6.11.1950;1;0
AYYOL;1;16.5.1970;0;1
CONJA;1;22.6.1969;0;1
TEHVIL;1;21.4.1938;1;0
VAHADET;1;18.6.1954;0;1
LIVERT;1;20.5.1958;0;1
YURDENGUL;1;22.2.1967;0;1
MULTIYE;1;2.3.1969;0;1
GAMZEPELIN;1;9.12.1989;0;1
PEKIYI;1;2.2.1969;0;1
KUKI;1;17.8.1930;0;1
SEYBETTULLAH;1;1.2.1961;1;0
KIBYA;1;27.2.1962;0;1
GUSVEN;1;20.12.1981;0;1
SARFINAZER;1;1.11.1943;0;1
MIDKET;1;4.7.1957;0;1
GURSEVI;1;22.2.1967;0;1
ABDULMUHIB;1;4.8.1983;1;0
HEBBA;1;1.8.1942;0;1
DUMBUL;1;1.9.1944;0;1
IVLIYA;1;6.9.1961;0;1
NEFSIGUL;2;15.9.1968;0;2
FEHTIH;1;29.2.1962;1;0
RUHIDAT;1;5.10.1968;1;0
BEZANUR;1;1.7.1984;0;1
SIYNAZ;1;26.9.1965;0;1
KAVOS;3;5.1.1937;0;3
TOPU;1;27.2.1944;1;0
NISEVET;1;21.6.1958;0;1
NINNUR;2;11.1.1976;0;2
KEBURAN;1;27.12.1972;0;1
ALIREFIK;1;18.10.1974;1;0
ZEKIJA;1;9.1.1976;0;1
SEMIRAS;1;18.3.1955;0;1
SERZEN;2;4.3.1982;0;2
AYBERKHAN;1;20.11.1991;1;0
HAYSAN;6;29.7.1974;6;0
INFER;1;22.2.1967;1;0
GULERSEM;1;17.1.1961;0;1
GULEPSEM;1;18.12.1964;0;1
OVEYDE;1;19.7.1965;0;1
SAHIBAHON;1;8.5.1981;0;1
FITAL;1;16.11.1952;1;0
YASEMUL;1;28.2.1962;0;1
YUNUFE;5;4.4.1965;0;5
HITAN;1;13.6.1926;0;1
MELIKSAHTURK;2;23.2.1991;2;0
IMRETE;1;10.11.1968;0;1
PAMUL;1;21.2.1963;0;1
OZEYYEN;1;13.11.1963;0;1
USYAR;1;3.5.1987;0;1
NUDAYI;1;8.6.1975;1;0
NURALLA;1;17.3.1954;0;1
AYDELIL;1;21.7.1967;1;0
PERYAVSAN;1;20.9.1990;0;1
MUZLIBE;2;9.3.1941;0;2
DUMANBAY;1;24.7.1952;1;0
NEVRIKAT;1;15.9.1934;0;1
RAIFER;1;23.5.1943;0;1
SINDEM;1;13.2.1979;0;1
SAZIER;1;7.4.1934;0;1
KEYIS;1;2.11.1945;1;0
MUKLUME;1;14.2.1970;0;1
TULHAKI;1;4.6.1956;0;1
SUDIYYE;1;21.4.1964;0;1
LUSIYEN;2;17.7.1963;0;2
MALSUNE;1;14.9.1923;0;1
FERHIZ;1;22.2.1973;0;1
EBRUSAH;3;4.3.1986;0;3
HALINSER;1;6.7.1978;0;1
MUKRAIL;1;13.8.1979;1;0
MEZVURAN;1;4.4.1957;0;1
SEHVE;2;28.2.1974;0;2
METEER;1;30.6.1987;1;0
BIRCIHAT;1;20.5.1972;0;1
GULYURDAN;1;2.3.1949;0;1
ABDUSSELAH;2;2.4.1967;2;0
SABEHA;1;26.4.1955;0;1
NOVZAT;1;1.2.1960;1;0
SAVKUL;1;26.8.1953;1;0
HIMRIZA;1;6.7.1957;0;1
MUHALIP;1;23.5.1970;1;0
KAGNIYE;1;16.8.1964;0;1
MOHSUME;1;12.5.1965;0;1
MUNABET;1;17.4.1972;0;1
KEYTER;1;26.2.1951;1;0
MUDEVIYE;1;11.2.1943;0;1
GOLISAN;2;20.8.1948;0;2
BIRCA;1;21.12.1960;0;1
ONU;1;27.2.1974;1;0
BENDAG;1;16.10.1965;0;1
LUTFULLA;1;28.11.1961;1;0
TEVHUDE;1;22.9.1949;0;1
ZEYVIYE;1;15.10.1944;0;1
ABDULTALI;1;1.3.1966;1;0
GULTURE;1;1.2.1961;0;1
MIMMETE;1;18.2.1942;0;1
VEPHIYE;1;19.4.1972;0;1
ZENNORA;2;18.1.1971;0;2
DEYADDIN;1;7.2.1952;1;0
SERDALYA;1;6.6.1971;0;1
MISEYDIN;1;23.1.1963;1;0
NOSAY;1;17.10.1938;0;1
NUNAL;1;11.10.1974;1;0
ESEVET;1;10.6.1982;1;0
HEVSIYE;2;16.2.1957;0;2
REMZEDI;1;29.5.1955;1;0
ZULFURAZ;1;8.3.1975;0;1
HEVUSU;1;2.5.1944;0;1
HAKIPA;1;12.3.1965;0;1
EMRAHIL;1;21.2.1966;1;0
ROKYE;1;16.5.1959;0;1
MADDET;1;27.2.1974;0;1
HALDIN;2;16.11.1984;2;0
HAYTIYE;1;25.11.1938;0;1
ABLUHAYA;1;25.1.1971;1;0
ABDULMUTEALIP;1;22.9.1979;1;0
SAHSAHANIM;1;17.2.1966;0;1
NEVSU;1;24.5.1945;0;1
GULIISTAN;1;28.2.1985;0;1
MURBEK;1;21.6.1960;1;0
SAHHIZA;1;2.2.1969;0;1
SAHIDDE;1;13.3.1965;0;1
MUSNIYE;1;26.7.1943;0;1
KADDIS;1;2.8.1921;0;1
TEHRIZE;1;11.5.1958;0;1
REZNEDDIN;1;23.4.1949;1;0
NUSEYBIYE;1;2.6.1963;0;1
BUNIYAN;1;24.9.1966;1;0
IHRIBAN;1;14.6.1977;0;1
ZILHACE;2;25.3.1967;0;2
NIMETULLA;1;17.5.1976;1;0
IBRER;1;17.5.1978;0;1
UNEYET;1;20.11.1966;0;1
SARDUN;1;10.7.1968;0;1
TERCINE;1;27.2.1974;0;1
SOLMAZGULER;1;7.5.1970;0;1
TIVITE;1;6.2.1966;0;1
NAZFIYE;1;1.6.1935;0;1
ISILGUL;1;24.5.1982;0;1
FIRANSET;1;26.4.1977;0;1
VADDIN;1;4.3.1963;1;0
ROBU;1;12.8.1982;1;0
HAKSER;1;28.9.1988;1;0
SIDDIGUL;1;3.8.1978;0;1
GULENEM;1;28.7.1960;0;1
HAZAMEDDIN;1;7.3.1964;1;0
SAHFIRE;1;4.5.1956;0;1
ZULFIYEDILEK;1;18.7.1980;0;1
VELIYET;1;26.4.1972;1;0
SAHIGA;2;19.4.1968;0;2
ELBEG;1;28.6.1950;1;0
ZEBITE;1;22.5.1939;0;1
HANDECAN;1;20.4.1982;0;1
SOZBIZAR;1;6.4.1957;0;1
MILETE;1;26.4.1972;0;1
HEKAYAT;1;27.5.1975;0;1
SAFIRIN;1;4.2.1957;0;1
SOYAHAN;1;22.2.1987;0;1
BEHICIYE;1;17.12.1961;0;1
SALIMESEDA;1;15.7.1989;0;1
SUYEDET;1;26.9.1946;0;1
M.KAYA;1;8.4.1934;1;0
HEBAZAR;1;22.2.1975;0;1
SERVEDIN;1;2.4.1957;1;0
YABUZE;1;16.5.1937;0;1
EVLAGUL;1;6.3.1989;0;1
GUKCEGUL;1;27.9.1991;0;1
SAHSENEP;1;2.2.1975;0;1
MAYLIYE;1;4.9.1986;0;1
PERESAN;1;2.8.1921;0;1
GURNE;1;25.12.1978;0;1
MUHLIDEN;1;22.7.1973;1;0
BABIYE;1;7.5.1982;0;1
MADIA;1;2.3.1957;0;1
ABDULMUKAIL;2;7.2.1984;2;0
MIDAIL;1;11.2.1963;1;0
ALPAGAN;1;25.10.1964;1;0
ABUDUCANE;1;13.12.1953;1;0
SIFIK;1;18.4.1966;1;0
BEDIZE;1;10.4.1960;0;1
HEBBE;3;19.7.1944;0;3
ANABIRCAN;3;10.11.1952;0;3
DUSIDE;1;7.8.1922;0;1
ALISAYIL;1;11.12.1946;1;0
MAHMUTSAMI;2;20.9.1984;2;0
BADIRHA;1;12.3.1965;0;1
GEZMENUR;1;29.2.1944;0;1
GULLUSAD;1;5.12.1962;0;1
GURBETNAZ;1;7.5.1970;0;1
MUFRIDAT;1;17.12.1966;1;0
KUTMI;1;1.5.1956;1;0
NIHAK;1;28.7.1958;1;0
ASBAT;1;21.10.1968;0;1
FENNIME;1;18.5.1966;0;1
SIMIHAN;1;15.9.1979;0;1
NAAZAN;1;5.6.1971;0;1
MIDROP;1;17.2.1960;1;0
BULTE;1;27.12.1974;0;1
LOHUZE;2;7.5.1951;0;2
CESIYE;1;26.8.1988;0;1
SAZENET;1;3.3.1969;0;1
HISABET;1;1.1.1974;0;1
MUHAZZER;1;30.4.1942;0;1
ABDULBILAL;1;29.9.1964;1;0
BILHANE;2;2.9.1969;0;2
FARGUL;1;2.2.1957;0;1
GULUVAN;1;12.12.1977;0;1
VEDEHA;1;12.2.1971;0;1
NAJDIYE;1;30.1.1950;0;1
YEPRIM;1;7.2.1949;1;0
NEYMANT;1;23.10.1947;0;1
MAFREDDIN;1;21.12.1985;1;0
AKSAVAS;1;4.9.1975;1;0
ZULCENA;1;1.10.1983;0;1
EHDANIYET;1;29.10.1955;0;1
PANMUK;1;22.8.1919;0;1
MURACA;1;7.8.1928;0;1
MAHAKIM;1;12.9.1973;1;0
RODEL;1;19.2.1959;0;1
EFHAM;1;14.7.1972;1;0
ABDURRAHNAN;1;2.5.1967;1;0
LEVHER;2;16.4.1969;1;1
SETALUYI;1;11.4.1951;0;1
VICDANLI;1;1.8.1978;1;0
TUNCESER;1;5.8.1990;0;1
PULO;1;11.7.1956;0;1
GOKCAHAN;1;24.11.1988;1;0
REZIBAN;1;10.12.1933;0;1
CAKE;1;12.8.1935;0;1
MIRKINAZ;1;4.4.1975;0;1
SEBHADDIN;1;11.3.1974;1;0
ILFAHA;1;17.2.1936;0;1
ABDULLAFI;1;7.4.1935;1;0
HERNAN;1;3.3.1957;1;0
NURHAYI;1;15.5.1969;0;1
ZIBEYDIYE;1;9.3.1952;0;1
SOBA;1;22.2.1973;0;1
CIHDEM;1;27.7.1969;0;1
EMRAYI;1;27.9.1974;1;0
ZENINE;1;7.10.1964;0;1
A.FETHI;1;18.3.1935;1;0
TOVIDE;1;11.1.1961;0;1
BAGLATTIN;1;16.4.1976;1;0
VEZIHEAT;1;4.1.1961;0;1
ZIREY;5;13.4.1941;0;5
RUHAYDA;1;2.5.1969;0;1
ABDULSAMMET;1;16.7.1982;1;0
ABDULMUHAMMET;2;14.6.1988;2;0
BEDDA;1;21.4.1962;0;1
SEBBIHA;1;22.8.1954;0;1
AGGULER;1;29.10.1956;0;1
MABIDIYE;1;6.1.1952;0;1
NATINGUL;1;27.5.1950;0;1
SEKERYE;2;7.3.1976;0;2
ANURIYE;1;19.2.1976;0;1
ALTUNLUK;1;20.6.1937;0;1
SERFIYETE;1;5.12.1991;0;1
KELSIME;1;12.4.1971;0;1
HERMIYA;1;26.3.1972;0;1
ILTIYE;1;15.5.1972;0;1
NAZARHAN;1;6.10.1989;0;1
SUNMEYE;1;6.5.1963;0;1
SEBDET;1;8.1.1978;0;1
SENEM.;1;12.10.1979;0;1
PURZEYT;1;27.8.1926;1;0
GUNAHI;1;9.3.1971;0;1
VEHDA;1;17.1.1954;0;1
YASIYANGUL;1;29.4.1968;0;1
MUTAVER;1;22.1.1973;0;1
ZIYFIYE;1;20.6.1953;0;1
MAHADET;1;13.9.1982;0;1
GULGILE;1;2.2.1969;0;1
MUNUBET;1;21.10.1963;0;1
TOVDE;2;15.9.1975;0;2
HULGUYE;1;12.3.1965;0;1
IMMICAN;2;17.2.1978;0;2
FIREDDIN;1;2.8.1933;1;0
ABADIN;1;4.11.1975;1;0
MISUDE;1;22.4.1967;0;1
IDRAHIL;1;27.2.1986;1;0
ABDULSAVAT;1;25.9.1967;1;0
MURUVVEET;1;16.6.1969;0;1
SORDEM;1;6.3.1986;0;1
SOYUKAN;1;16.5.1987;1;0
YEHNIZE;1;17.2.1972;0;1
FETAMED;1;1.8.1983;1;0
EBUVEFA;1;14.11.1985;1;0
EYMINE;1;3.4.1949;0;1
GULGULI;1;22.2.1967;0;1
MUFUDIYE;1;27.8.1938;0;1
MUTEKTIR;1;24.7.1961;0;1
NEZEEN;1;12.4.1947;0;1
NOVRES;1;6.1.1967;0;1
KUFAHIYE;1;14.5.1974;0;1
MEHOP;1;6.4.1938;0;1
NUSHAYRI;1;27.1.1968;1;0
TANELIF;1;11.8.1974;0;1
TEPENNAZ;1;17.6.1942;0;1
NOVHIDE;1;14.5.1959;0;1
BURSAT;1;9.2.1984;1;0
MANCURIYE;1;19.10.1954;0;1
SENMIYE;1;22.2.1967;0;1
PAMBALIYE;1;7.7.1940;0;1
YABIYE;1;26.3.1977;0;1
NUNIFA;1;10.9.1941;0;1
NAIMER;1;1.3.1968;0;1
ABDULTANER;1;23.10.1985;1;0
HUTBA;1;2.2.1969;0;1
HUTMA;1;26.3.1952;0;1
VAYSER;1;6.1.1968;0;1
CERRA;1;1.8.1938;1;0
SUSLICAN;1;2.10.1971;0;1
NIHAME;1;21.7.1939;0;1
HULKIDAR;1;20.4.1967;0;1
BEKRETTIN;1;27.8.1926;1;0
MUGREDDIN;1;27.8.1926;1;0
NEFTISAH;1;9.4.1965;0;1
MISAVAT;1;13.12.1965;0;1
SEDEHET;1;24.2.1937;0;1
GULGEREN;1;4.5.1951;0;1
GARZOGLU;1;26.2.1978;1;0
SORU;1;16.2.1935;1;0
KEJIYAN;1;17.2.1972;0;1
MUHIBEDDIN;1;11.4.1967;0;1
GATIF;1;18.6.1976;1;0
MUKIBBAT;1;11.6.1958;0;1
MULLUHAN;1;9.8.1974;0;1
ABDURRAHMANSEZER;1;26.10.1979;1;0
ARSIYA;1;17.7.1972;0;1
ZURGA;1;7.2.1964;0;1
TEYFUNSAH;1;1.11.1967;1;0
MUHABETTULLAH;1;6.9.1974;1;0
HESISE;1;27.2.1932;0;1
DERHA;1;18.4.1966;1;0
SEBUNAZ;1;10.3.1939;0;1
CEZBENUR;1;24.10.1966;0;1
RODUL;3;26.3.1947;0;3
MUHRISA;1;20.5.1978;0;1
MUHAFIZE;1;7.2.1946;0;1
MUDDEBIR;1;13.3.1969;0;1
ABDULNESIB;1;7.2.1982;1;0
SOBHAN;1;14.1.1971;0;1
AKKO;1;2.8.1927;1;0
FAHNIYE;1;1.1.1949;0;1
ZOHRIYA;1;25.10.1973;0;1
CAYIYE;1;3.6.1963;0;1
HASATTIN;1;13.12.1956;1;0
GULFIRAS;1;12.4.1959;0;1
ESMETTIN;3;10.3.1955;3;0
HAMAI;1;27.2.1956;0;1
KUTBADIN;1;6.1.1961;1;0
HAMISDI;1;3.2.1959;0;1
MINASAH;1;6.3.1961;0;1
GERAZ;1;2.3.1981;0;1
SEVHAIR;1;12.2.1971;0;1
BETINGUL;2;22.7.1958;0;2
PARICHAT;1;23.4.1960;0;1
ZUHRICE;1;19.2.1930;0;1
REBAYA;1;14.7.1965;0;1
MURISEN;1;16.3.1990;0;1
HADDIN;1;17.4.1984;1;0
ALIABIDIN;1;17.2.1972;1;0
EDANET;1;22.12.1991;0;1
REHI;1;3.2.1933;0;1
ISMISIR;1;16.4.1934;1;0
SARSIRIN;1;12.6.1965;0;1
ADGULLU;1;3.12.1973;0;1
HEMELI;1;7.2.1964;0;1
ABDULTEYYAR;1;22.11.1959;1;0
SIHGATULLAH;1;7.8.1940;1;0
MUSLUYE;1;21.6.1971;0;1
FUDUN;1;1.9.1953;0;1
ROKNAZ;1;22.4.1991;0;1
FERFUTE;1;29.5.1962;0;1
SEZANGUL;1;8.10.1989;0;1
OZIPEK;2;12.3.1952;0;2
TEBAAT;1;26.12.1971;0;1
ISYA;1;4.11.1972;0;1
VARZIZE;1;19.2.1967;0;1
TIRFANDA;1;23.4.1924;0;1
MICAZI;1;1.3.1946;1;0
CITILAGA;1;5.1.1975;1;0
NIHACETTIN;1;27.3.1951;1;0
GULFIDOS;1;22.7.1941;0;1
EDREKE;1;27.6.1947;0;1
MAHSUNA;1;16.4.1983;0;1
ERDAHAL;1;7.10.1973;1;0
ABDULVESAK;1;22.8.1966;1;0
UNIFE;1;19.5.1973;0;1
IZZEETTIN;1;12.3.1959;1;0
ABDULZAYIF;1;7.12.1970;1;0
SUBAHAT;1;18.11.1966;0;1
MUHAIRE;1;6.11.1957;0;1
ISLADIN;1;17.7.1960;1;0
GURBENT;1;11.3.1980;0;1
VACIES;1;9.3.1972;0;1
MULDIYE;1;11.10.1980;0;1
CETMEN;2;17.2.1975;2;0
HAREFE;1;6.1.1967;0;1
BAGLIYA;1;3.3.1967;0;1
NURTANGUL;1;12.2.1981;0;1
HAKMURAT;1;22.2.1991;1;0
MESAKET;1;14.3.1971;0;1
BEFI;1;9.7.1958;0;1
MERTULLAH;1;12.10.1989;1;0
SODIYE;1;12.3.1971;0;1
ZERIKA;1;28.12.1962;0;1
GULENSEM;1;27.10.1943;0;1
TUVAY;1;28.7.1985;1;0
FATMAGAMZE;1;18.12.1989;0;1
MAFESET;1;11.2.1949;0;1
ZIRICA;1;5.2.1963;0;1
ABDULNESRI;1;2.2.1975;1;0
ABDULCEHIM;1;22.7.1985;1;0
RUZUBAHAR;1;30.1.1973;0;1
ESLISAN;1;2.12.1975;0;1
KELDA;1;27.2.1974;0;1
BAROS;1;13.6.1934;0;1
KAYAER;1;6.9.1990;1;0
GENAHI;1;27.2.1974;0;1
NEVZUE;1;9.5.1934;0;1
PUSUYE;1;1.1.1947;0;1
ESLISA;1;16.4.1957;0;1
HUTBEYI;1;3.2.1938;0;1
BAZIME;1;7.8.1933;0;1
ZERPI;1;2.12.1946;0;1
TERSI;1;22.8.1925;0;1
DILUS;1;11.2.1956;0;1
MEBRIHAN;1;4.3.1963;0;1
HUBEYDIYE;1;29.3.1962;0;1
SUBAH;1;2.2.1969;0;1
ABDULTEYYIP;1;16.6.1945;1;0
SEIFE;1;24.5.1959;0;1
VAPI;1;7.11.1970;1;0
GADEP;1;27.8.1926;0;1
MIYADDIN;1;21.5.1970;1;0
RUVELE;1;23.2.1930;0;1
ABUBEKKIR;1;17.3.1960;1;0
SERFIROZ;1;12.4.1952;0;1
KOCUK;1;13.2.1935;1;0
ABDULVARI;1;22.5.1972;1;0
KEKU;1;16.1.1945;1;0
CEVREYE;1;25.3.1973;0;1
VEYSEHER;1;8.5.1962;0;1
INETE;1;2.3.1943;0;1
KAVNI;1;17.7.1950;1;0
SERVERHAN;1;20.10.1991;1;0
YOLVERMEZ;1;12.4.1944;1;0
HESSU;1;22.8.1931;1;0
SAHIZAH;1;6.5.1964;0;1
LUTFYIE;1;22.4.1943;0;1
MUABET;1;22.3.1949;0;1
MUHARIP;1;25.10.1941;1;0
KOTU;1;17.6.1926;1;0
SETAP;1;13.10.1971;0;1
IRHEME;1;5.2.1945;0;1
HEBE;1;6.5.1972;0;1
TEBEDIYE;1;12.4.1967;0;1
KAMBERIYE;1;22.2.1949;0;1
HEDIYELI;1;13.4.1952;0;1
SILIHE;1;21.10.1972;0;1
ZELMIHA;1;23.4.1960;0;1
MOLDIYE;2;30.9.1953;0;2
MURZEDDIN;1;15.6.1959;1;0
TEVYIBE;1;12.2.1953;0;1
SEYIDIBATAL;1;26.2.1963;1;0
ZOYRE;1;19.5.1966;0;1
NIMAYET;1;23.3.1980;0;1
MIDEBIR;1;11.6.1961;0;1
SATYE;1;7.5.1977;0;1
SEPTIYE;1;11.3.1975;0;1
SEMSURE;2;20.10.1960;0;2
TEYIBIYE;1;27.4.1967;0;1
ZUABIYE;1;2.2.1951;0;1
EMAIL;1;12.9.1941;0;1
SUPIHA;1;7.2.1976;0;1
ABDULRIDVAN;1;28.2.1990;1;0
TUNEM;1;27.12.1990;0;1
GULFAYZER;1;2.2.1981;0;1
MUCAHIL;1;22.2.1961;1;0
ABDUMUTTALIP;1;4.5.1978;1;0
ISAEDIN;1;9.10.1967;1;0
EDEKE;1;13.10.1930;0;1
MELEKSINE;2;14.3.1975;0;2
HAVERE;1;7.5.1933;0;1
HUZMET;1;7.2.1958;0;1
SIYDIYE;1;15.7.1944;0;1
MERTEV;1;7.2.1964;0;1
NIFZIYE;1;17.11.1954;0;1
NUFSIYE;1;29.3.1938;0;1
ULUYET;1;29.8.1950;0;1
MUHUTUN;2;17.1.1972;2;0
HEMINE;1;21.12.1961;0;1
HACIMAN;1;6.8.1937;0;1
FIDOHAN;1;22.8.1931;0;1
TUNCIYA;1;11.4.1952;0;1
SERIFMEHMET;1;12.6.1959;1;0
NEBAHATT;1;19.8.1964;0;1
NURFIGUL;1;4.1.1966;0;1
TUMURCUN;1;26.7.1978;1;0
HANIMBACI;1;22.8.1925;0;1
BEYHUSE;1;30.2.1938;0;1
KUSMEN;1;12.2.1959;0;1
METCEBIL;1;27.1.1956;0;1
ADISHANIM;1;17.5.1984;0;1
FAKUZE;1;14.4.1963;0;1
SAHMERDAM;1;2.8.1933;1;0
GULDURSUNE;1;20.4.1933;0;1
ELAETDIN;1;17.1.1953;1;0
HASANBABA;1;12.5.1971;1;0
GURLEHAN;1;19.8.1945;0;1
TUPU;1;4.4.1932;0;1
MUNAZZEZ;1;3.11.1975;0;1
CUKADAR;1;20.3.1956;1;0
ERSEKIN;1;21.12.1976;1;0
SAHBANA;1;25.4.1961;0;1
NAYIK;1;13.1.1965;0;1
AGABEG;1;5.4.1971;1;0
RAHSETTIN;1;12.2.1965;1;0
HUNEYZE;1;27.4.1962;0;1
MOHEBBET;1;22.8.1931;0;1
SUSENPER;1;2.2.1957;0;1
UMMUMAHANUR;1;19.1.1978;0;1
MEHMETKADIR;2;18.1.1957;2;0
MUSRAKI;1;11.1.1944;0;1
BUSRAKI;3;24.9.1962;0;3
DUZCANE;1;23.6.1977;1;0
ISBANYA;1;26.6.1933;0;1
ESABEDDIN;1;27.7.1960;1;0
SUHANVER;1;18.7.1965;1;0
NECDAD;1;1.6.1959;1;0
MIZYE;1;7.2.1970;0;1
ASLIAKBILEK;1;4.5.1965;0;1
BAMILE;1;7.2.1970;0;1
EFLUZAN;1;22.1.1943;0;1
HUTAM;1;11.1.1962;0;1
HECICAN;1;17.8.1930;0;1
MUFERREK;1;16.9.1974;1;0
GIRSAN;1;1.6.1979;0;1
ROZEN;1;16.11.1982;0;1
DILSEMI;1;16.2.1989;0;1
JUVEYDA;1;11.1.1971;0;1
MOHRIYE;3;29.6.1970;0;3
MUTEHIYE;1;28.4.1975;0;1
UFUGIYE;1;14.6.1969;0;1
SERINGUN;1;23.3.1973;0;1
CEMSEMS;1;18.10.1966;1;0
NEBIAGA;1;4.1.1927;1;0
NEBIYHA;1;3.7.1950;0;1
TUHANA;1;2.4.1981;0;1
AHMETKURSAT;1;22.4.1987;1;0
SEVDIYAL;1;1.9.1948;0;1
GUNTELI;1;21.10.1982;0;1
KIYESEDDIN;1;16.3.1960;1;0
MUHARRER;1;15.11.1955;0;1
VELIYETDIN;2;24.8.1981;2;0
ABDULHALIG;1;19.2.1983;1;0
SUVALETTIN;1;27.1.1974;1;0
MOBET;1;21.5.1958;0;1
NURYASAH;1;2.11.1975;0;1
EPRUG;1;4.9.1981;0;1
DASTURAN;1;23.4.1939;1;0
ADEMIR;1;22.8.1967;1;0
LEMANETTIN;1;6.6.1951;1;0
PIRAYED;1;22.7.1968;0;1
BAKIRAZ;1;7.2.1964;0;1
HELAFE;1;6.6.1927;0;1
SAFRETTIN;1;22.5.1981;1;0
EDEBIS;1;7.8.1916;0;1
AKINOCAL;1;16.4.1982;1;0
PENAZIR;1;26.5.1981;0;1
BERDUNE;1;26.2.1963;0;1
BESIREZ;1;27.5.1977;0;1
GULTURSUN;1;11.10.1945;0;1
NEBIYHE;1;26.1.1949;0;1
YECAN;1;28.8.1978;0;1
EFRAILYASAR;1;1.3.1944;1;0
GULPEZIR;1;13.8.1955;0;1
SAFAKAN;1;20.7.1977;1;0
YETMEN;1;26.2.1985;1;0
SEYGALI;1;23.5.1954;1;0
HASIMALI;1;26.3.1946;1;0
ORGENC;1;10.4.1990;1;0
YUMUS;1;12.2.1941;0;1
VEDINUR;1;11.8.1952;0;1
ZEYEETTIN;1;16.8.1978;1;0
ADIZE;1;3.1.1951;0;1
GULBEYAZIT;1;2.11.1956;0;1
CEMCIHAD;1;28.3.1973;1;0
GUNSAFAK;1;7.7.1987;1;0
BILKOC;1;17.12.1969;1;0
MUSIGA;3;21.7.1943;0;3
SEFIRGE;1;22.9.1958;0;1
FEHYIL;1;28.8.1972;1;0
BILDAM;1;13.12.1964;0;1
UREYDA;1;11.2.1967;0;1
RUHUYA;1;27.2.1974;0;1
TURGIHAN;1;28.2.1961;0;1
LEMLI;1;10.4.1934;1;0
ZOHREB;2;24.1.1981;2;0
FERDINE;1;22.6.1949;0;1
ZISANI;1;7.4.1976;1;0
MUHAYIL;1;22.9.1973;1;0
GULSOMA;1;12.3.1963;0;1
TOHBE;1;27.8.1932;0;1
GULDESDI;1;12.3.1953;0;1
HEZAKET;1;17.2.1942;0;1
KELIMEYI;1;11.3.1975;1;0
NAZIMEYI;1;27.4.1962;1;0
GULSEVUM;1;3.3.1957;0;1
ABDULURAHMAN;1;6.9.1962;1;0
MUKRAMIL;1;12.2.1983;1;0
RIDAEDDIN;1;2.2.1963;1;0
UMNIHAN;1;26.3.1976;0;1
HENIMZER;1;11.6.1933;0;1
UGURBEK;1;1.1.1969;1;0
AMAYIL;1;12.2.1971;0;1
GULMEKTEP;1;1.4.1961;0;1
ZATGUL;1;16.7.1961;0;1
MITET;2;22.2.1955;2;0
OYSEN;1;18.2.1985;1;0
SUNDUC;1;21.3.1961;0;1
GUSEMBER;1;22.5.1955;0;1
CEMAKAN;1;8.3.1945;1;0
GOZEDE;3;6.5.1942;0;3
YUKASA;1;13.2.1965;1;0
MUDEYET;1;1.4.1946;0;1
GULSEFAT;1;14.3.1941;0;1
SIHATTIN;1;25.2.1940;1;0
ZEYNMEP;1;23.12.1991;0;1
YENAYIL;1;17.5.1966;1;0
NECAHEDDIN;1;24.3.1940;1;0
SIYRULLAH;1;23.6.1959;1;0
SABAHMELIKESI;1;6.11.1979;0;1
GULMES;1;2.5.1939;0;1
SURUBEY;1;25.4.1991;1;0
SIRMAYE;1;16.7.1946;0;1
SERAZI;1;17.1.1936;0;1
TIVRENDE;1;1.11.1965;0;1
GULBEHEZ;1;29.2.1967;0;1
YUMOS;1;2.2.1987;0;1
GUKSAL;1;11.1.1951;1;0
INEFI;1;2.4.1969;0;1
VEHBITURAN;1;23.3.1943;1;0
TENTUL;1;11.6.1956;0;1
YENGUN;1;1.3.1973;0;1
ALIEKPER;1;16.5.1982;1;0
KILI;2;20.9.1953;0;2
SUHE;1;22.1.1973;1;0
TELAN;1;8.4.1960;0;1
DILAT;1;7.4.1964;0;1
ALIBILIR;1;11.1.1971;1;0
MOHTABAR;1;26.12.1959;0;1
ZAHARA;1;9.12.1927;0;1
SINYAMIN;1;26.11.1950;1;0
GUCKA;1;17.10.1972;0;1
SURYOL;1;13.11.1933;0;1
GALIBABA;2;12.2.1971;2;0
NAKSUN;1;23.3.1961;0;1
PARSOR;1;27.3.1956;0;1
KOLNACI;1;1.5.1935;1;0
YILKAT;1;27.2.1974;1;0
ZORU;1;12.8.1929;0;1
ZEYNEMSAH;1;16.12.1970;1;0
CANIRE;1;8.11.1970;0;1
CINBEYI;1;19.4.1948;1;0
YUMAN;1;11.4.1974;1;0
GULMENSURE;1;18.3.1941;0;1
MARUL;3;16.9.1953;0;3
TIYAZE;1;27.4.1934;0;1
GULSURU;1;11.6.1961;0;1
VEYZEL;1;24.7.1970;1;0
LEYFIYE;1;3.5.1933;0;1
KUSAD;1;3.2.1936;1;0
EYIKIZ;1;16.12.1943;0;1
GENCOMER;1;5.3.1933;1;0
EMIRBABA;2;29.9.1934;2;0
SERINCEM;1;2.9.1951;0;1
EKABUR;1;19.9.1959;0;1
GANIZER;1;6.4.1947;0;1
BULMAZ;1;5.10.1979;0;1
EKEBUR;1;20.3.1949;0;1
ESANS;1;30.12.1946;0;1
ONERTURK;1;15.9.1956;1;0
BELYAMIN;1;21.11.1968;1;0
DURURE;1;14.4.1943;0;1
GUCCUMAN;1;22.8.1937;0;1
KUDUSYA;1;1.11.1950;0;1
HENDU;1;17.4.1930;0;1
SURBAHAN;1;1.5.1982;0;1
MUKDESIN;1;11.3.1950;1;0
SAMEZER;1;27.2.1956;0;1
NURFUGUL;1;6.3.1960;0;1
SUNEYAR;1;22.4.1931;0;1
MEKAY;1;3.2.1976;1;0
GUFURU;1;10.2.1958;0;1
HAAZER;1;25.11.1974;1;0
NUROLMEZ;1;11.6.1954;1;0
MUNAVIYE;1;4.4.1973;0;1
SUHLU;1;12.4.1935;1;0
EFRAZIL;1;4.3.1942;1;0
ICCEK;1;1.3.1964;0;1
NUVIYE;1;29.6.1956;0;1
KAYALAN;1;17.8.1972;1;0
BIRDESTE;1;22.4.1967;0;1
SAHSIAKKAYA;1;26.1.1940;1;0
SADDUK;1;2.12.1940;1;0
OZCANA;1;21.6.1953;1;0
MOHUDE;1;6.6.1977;0;1
ABDULRAFET;1;11.2.1932;1;0
EFFET;1;7.7.1964;0;1
TEZGULEN;1;18.11.1939;0;1
HALITUN;1;3.9.1985;1;0
ZEMUNE;2;24.1.1938;0;2
MUHLISAH;1;18.10.1986;0;1
GULDENA;1;4.4.1981;0;1
KINDO;1;7.3.1964;1;0
ZAZIM;1;17.5.1966;1;0
DUKIYE;1;19.2.1942;0;1
GULBAYRAM;1;6.6.1968;1;0
ZELINC;1;27.2.1974;0;1
GUNNAZEN;1;11.6.1940;0;1
ALIVEJDET;1;17.5.1948;1;0
FERZANDI;1;4.4.1962;1;0
MUKTESIN;1;1.6.1979;1;0
NEZAHATGUL;2;14.5.1959;0;2
ZUBEYDIYA;1;21.11.1965;0;1
MERZIFUN;1;6.4.1945;0;1
CAZIZE;1;2.3.1933;0;1
NARTOKEZ;1;21.10.1942;0;1
ZINNIRU;1;21.3.1982;1;0
ALIDAVUT;1;21.10.1946;1;0
SEHERGULLU;1;23.5.1949;0;1
GULURAS;1;23.3.1947;0;1
UMMASAH;1;26.2.1943;0;1
TEVUT;1;22.5.1961;1;0
LEVN;1;27.7.1949;0;1
SOHULE;3;14.11.1966;0;3
IHSANKAYA;1;14.1.1935;1;0
EMURAYAR;1;21.5.1934;1;0
BALCIK;1;13.2.1980;1;0
YASETDIN;2;11.7.1970;2;0
ISVANYA;1;13.6.1940;0;1
IFUKA;1;15.5.1934;0;1
GULNAHIDE;1;22.2.1967;0;1
SUNAZER;1;9.9.1965;0;1
SAIYIME;1;6.2.1945;0;1
AKKAR;1;22.3.1967;1;0
HEMSEGUL;1;5.12.1961;0;1
NISVANIYE;4;8.1.1934;0;4
MULEFER;1;25.5.1943;0;1
MEFUZ;1;2.3.1954;1;0
HULGUYA;1;21.4.1954;0;1
ALIMURTEZA;1;4.5.1959;1;0
ALISANPASA;1;3.7.1971;1;0
NURSUKRAN;1;26.5.1976;0;1
GULDINE;1;4.11.1974;0;1
BILSAT;1;22.2.1985;1;0
ILHAZIL;1;11.12.1980;1;0
CANSIBEL;1;8.8.1985;0;1
ONDUL;1;6.10.1947;0;1
BERVIAN;1;29.6.1989;0;1
ZOLHA;1;22.7.1937;0;1
ALINECEBETTIN;1;27.2.1980;1;0
RAGIT;1;1.8.1975;1;0
MUNFETTIN;1;17.2.1966;1;0
HONDUL;1;23.12.1967;0;1
HUNNER;1;26.11.1978;0;1
ALEFENDI;1;2.3.1957;1;0
HUMETDIN;1;26.6.1974;1;0
ZILANI;1;12.11.1971;1;0
MUKSEMIN;1;2.2.1969;1;0
UMATDIN;1;7.3.1976;1;0
ONNI;1;20.1.1954;0;1
CUMHER;1;7.5.1945;0;1
ZULIMAN;1;27.12.1959;0;1
MUDAHHARE;2;9.10.1956;0;2
MEASIDE;1;8.3.1939;0;1
SULHANE;1;4.1.1942;0;1
IMEC;1;27.9.1958;0;1
MUDEYDE;1;2.5.1945;0;1
ERDAYIM;1;28.5.1967;1;0
MUBEYZE;1;20.11.1964;0;1
SALVINAZ;2;30.2.1965;0;2
GULSUMPASA;1;19.8.1947;0;1
AYTILE;1;22.2.1961;0;1
EDFAN;1;30.4.1948;1;0
MAHSEDET;1;12.5.1941;0;1
OKSARGUL;1;29.3.1962;0;1
ZELKIYA;1;8.4.1958;0;1
AGBILEZIK;1;23.4.1945;0;1
REHMANI;2;13.1.1964;2;0
MUGEDDEM;1;17.3.1966;1;0
SEFFAM;1;11.5.1945;1;0
FERAMOZ;1;23.9.1959;1;0
GULRIBA;1;19.8.1944;0;1
FADOC;2;27.6.1955;0;2
TUNUC;1;6.5.1974;0;1
GUMISAN;1;2.5.1973;0;1
ATIBIYE;1;15.7.1963;0;1
PERUC;1;9.4.1964;0;1
EFOZ;1;29.5.1965;0;1
CALETTIN;1;12.2.1941;1;0
FEHIMAGA;1;28.5.1968;1;0
ZULKIMAN;1;17.5.1959;0;1
MEMURET;1;29.10.1966;0;1
EDNIBAN;1;14.11.1964;0;1
TURREM;1;2.1.1957;1;0
M.MIRZE;2;2.1.1934;2;0
MEHLUKE;1;24.6.1933;0;1
PEHLULI;1;24.3.1974;1;0
ALISIRRI;1;3.2.1942;1;0
GUMEL;1;7.7.1942;0;1
FEREHE;1;19.1.1966;0;1
SEDISE;1;23.10.1930;0;1
RATEM;1;22.1.1937;1;0
IDAHE;1;26.3.1972;0;1
MUNTECIYE;1;12.12.1955;0;1
MOHTIRE;1;29.7.1932;0;1
KATMER;3;10.1.1961;0;3
NIHAMETTIN;1;6.4.1949;1;0
CANANPASA;1;12.3.1953;0;1
MEHMURIYE;2;24.5.1953;0;2
CULEYLA;1;4.2.1957;0;1
HARUNAY;1;2.6.1987;1;0
MENFEET;1;7.2.1976;0;1
BEGIZ;1;9.7.1940;0;1
SEYET;1;26.9.1977;0;1
MEKBUZE;1;1.1.1968;0;1
BEYBOYREK;2;3.5.1960;2;0
VECAKAT;1;14.3.1965;0;1
NAKARIYE;1;25.1.1949;0;1
ENTELIF;1;21.4.1942;1;0
REHMULLAH;1;16.5.1972;1;0
ALIMUHITTIN;1;18.6.1954;1;0
LUBESTE;1;26.2.1940;0;1
MUBEHHIR;1;2.3.1939;0;1
IZZIYAZAR;1;16.8.1961;1;0
TALAHE;1;4.1.1951;0;1
SEFERU;1;12.2.1971;1;0
HURUSIMAN;1;10.4.1968;0;1
HURLEYLA;1;12.5.1965;0;1
MAFRUKE;1;2.2.1957;0;1
ZELMAN;1;26.5.1966;0;1
LISALE;1;16.3.1939;0;1
MUSAMEHA;1;5.6.1945;0;1
TUNGUL;1;6.5.1955;0;1
HAMZAZEKI;1;16.12.1952;1;0
EBULBAHA;1;29.7.1973;1;0
ASLIHANDAN;1;5.3.1977;0;1
FURBANI;1;13.1.1963;1;0
IPINAZ;1;25.3.1961;0;1
ERKANBEY;1;8.1.1975;1;0
SERKANBEY;1;17.2.1978;1;0
NURESENGUL;1;6.4.1984;0;1
RAHIKAN;1;24.3.1943;0;1
ADEMSEFA;1;5.2.1992;1;0
MURISER;1;22.7.1979;0;1
ISVANDIYE;1;16.5.1969;1;0
TEHMINUR;1;23.2.1954;0;1
HAYRUNNISAN;1;9.3.1965;0;1
LUTFINUR;1;18.3.1952;1;0
CIMYA;1;26.12.1973;0;1
HICAZGUL;1;12.2.1947;0;1
BEHINC;1;12.12.1984;1;0
SERENDAM;1;28.5.1974;0;1
REVNES;1;21.6.1976;0;1
SOHBETTULLAH;1;3.7.1938;1;0
MAHICAHAN;1;10.7.1951;0;1
AHMETSEFA;1;1.3.1967;1;0
NURENVER;1;14.3.1938;1;0
MUAFEREN;1;16.6.1976;0;1
MUSEPBER;1;14.4.1931;0;1
AHMEDULFARUK;1;28.8.1972;1;0
MESURI;1;12.8.1953;1;0
ABDULHACI;2;12.9.1975;2;0
MAYINER;1;7.6.1958;0;1
FAMIME;1;11.4.1963;0;1
SUMENDER;1;12.2.1971;0;1
MELALET;1;21.11.1947;0;1
FAKINADIR;1;26.7.1971;1;0
NURHAYIL;1;2.2.1975;0;1
EFSETE;1;12.2.1965;0;1
ZEKOL;1;12.2.1959;0;1
MOHIN;1;7.2.1976;1;0
MERBAG;1;21.5.1985;0;1
ZELEVCIT;1;17.3.1954;0;1
NAHAN;1;6.4.1951;0;1
ABDULMUGIP;1;7.10.1980;1;0
LAHLEVER;1;12.2.1965;0;1
PERIYAL;1;23.1.1978;0;1
MIRBAGI;1;12.2.1947;1;0
M.DEVRIS;1;14.5.1952;1;0
BERRINE;1;27.2.1980;0;1
ISMETTEKIN;1;7.5.1958;1;0
GULSEHET;1;27.5.1950;0;1
MELIKHUSEYIN;1;11.6.1986;1;0
KULHANBEYI;1;5.8.1957;1;0
SANIKAR;1;16.3.1951;0;1
SEMSIBANO;2;24.2.1964;0;2
BESRIVAN;1;9.4.1964;0;1
BINNAT;1;13.6.1959;1;0
MUHRINA;1;26.4.1965;0;1
ESPERI;1;1.11.1971;0;1
YEDO;1;4.5.1933;1;0
SEYIGUL;1;17.3.1966;0;1
DISET;2;30.6.1965;0;2
HAYRIKELAM;1;11.4.1952;1;0
KETAYIR;2;22.2.1949;0;2
UMULKERUN;1;30.4.1950;0;1
ABDURCEBBAR;1;27.2.1968;1;0
SARIGULLI;1;7.3.1966;0;1
KUTLAKI;1;18.6.1933;0;1
KEGO;1;25.4.1955;1;0
ZEZICAN;1;5.1.1961;0;1
LISAR;1;2.4.1951;1;0
HALIBABA;1;6.6.1981;1;0
MUHFEREZ;1;23.8.1959;0;1
MUHUCE;1;15.5.1937;0;1
SEVDAFA;1;24.10.1973;0;1
MUSKIFE;1;17.10.1966;0;1
NUFAT;2;28.4.1962;1;1
TENZILAY;2;4.7.1988;0;2
NEZEHENGUL;1;27.2.1974;0;1
SUMRI;1;13.8.1965;0;1
DILIYA;1;6.6.1985;0;1
GUEFER;1;21.12.1988;0;1
YUZGUR;1;12.6.1982;1;0
SEHPAHNUR;1;24.11.1974;0;1
NERSA;1;27.10.1974;0;1
M.SADRETTIN;1;17.2.1966;1;0
FATMANNUR;1;19.5.1991;0;1
MEYDEDE;1;16.3.1956;0;1
ME;1;17.7.1951;1;0
ABDULEBAR;1;17.2.1972;1;0
MAHBBUP;1;15.9.1957;0;1
GETIME;1;2.2.1975;0;1
OMERLU;1;21.10.1977;1;0
SOHILA;1;20.6.1961;0;1
SANHANIM;1;27.2.1990;0;1
HEVIM;1;6.7.1984;0;1
IKRAMEDDIM;1;18.2.1966;1;0
YELDONER;1;12.2.1965;0;1
DURIDE;1;24.7.1937;0;1
KIRALICE;1;4.4.1969;0;1
MUHRUZAT;1;6.5.1964;0;1
FEHIYIM;1;12.2.1971;1;0
IZMINAZ;1;22.2.1961;0;1
TATIL;1;19.12.1987;1;0
CEMBARIS;1;7.2.1982;1;0
RIBANSAH;2;8.3.1967;0;2
KESIMI;2;11.10.1964;2;0
PALEVI;1;1.2.1961;1;0
ISMINAZLI;1;3.5.1963;0;1
SEBBAH;1;17.3.1966;1;0
TEKTA;1;22.2.1967;0;1
HASIH;1;28.4.1963;0;1
TAZIHE;1;21.10.1987;0;1
NUHNA;1;26.11.1959;0;1
M.ZULKUFLI;1;12.2.1947;1;0
BALUT;1;11.4.1979;1;0
BORE;1;1.10.1957;0;1
ZERANC;1;12.2.1953;0;1
FEROGLU;1;2.2.1975;1;0
A.REHIM;1;12.8.1935;1;0
ABDUBEKIR;1;2.2.1957;1;0
M.ISA;1;27.3.1953;1;0
SOFIHAN;1;12.2.1971;0;1
ESIFAN;1;6.7.1986;0;1
GULHEDIN;1;12.7.1943;1;0
GAYZALE;1;11.5.1968;0;1
UMUSELAME;1;6.10.1983;0;1
FIRETTIN;1;14.4.1953;1;0
SEKERNAZEMIZ;1;23.3.1946;0;1
SEDIH;1;22.2.1973;1;0
SABUBUHA;1;9.11.1980;0;1
ELBINUR;1;18.9.1967;0;1
MUHULAT;1;12.5.1949;0;1
MEHALI;1;7.4.1958;1;0
MAHFAS;1;18.7.1959;1;0
EDELIYE;1;4.8.1967;0;1
ISMAIYIL;1;17.5.1966;1;0
GENDIHA;1;12.2.1977;0;1
M.SITTIK;1;30.1.1937;1;0
EDGEM;1;29.4.1964;1;0
RABIDA;1;18.9.1938;0;1
IGRAT;1;7.2.1976;1;0
GULBETER;1;7.9.1938;0;1
HARUNAZ;1;26.4.1973;0;1
GULBEDEM;1;11.6.1950;0;1
SEKEMAZ;1;6.6.1961;0;1
BEDELNAZ;1;27.3.1968;0;1
TEGYETTIN;1;3.10.1945;1;0
SERFINA;2;14.12.1958;0;2
BADIRAN;1;17.3.1972;1;0
OKEYT;1;17.3.1978;1;0
FAMIHE;1;6.10.1990;0;1
ISLAMNUR;1;5.7.1987;1;0
HANKE;1;3.4.1927;0;1
SELLIM;1;21.3.1971;1;0
MIHRAZ;1;27.2.1972;1;0
MERDIYEM;1;3.2.1974;0;1
PIRIZA;1;27.8.1932;0;1
TACIGER;1;7.2.1952;0;1
EBUHEYAT;1;3.12.1941;0;1
NUMAY;1;16.8.1957;0;1
MAHAZZES;1;15.4.1972;0;1
FILYES;1;28.2.1974;0;1
MUSHAF;1;16.10.1988;1;0
TOMILI;1;21.2.1959;0;1
ERGUHAN;2;16.1.1983;1;1
NUHANUR;1;21.8.1960;0;1
MISBA;1;8.6.1991;1;0
ABDULHATEM;1;28.3.1961;1;0
DUREYDA;1;28.6.1944;0;1
MAFO;1;12.2.1965;0;1
SADIKSEFA;1;17.6.1930;1;0
AKDILER;1;30.1.1977;1;0
MUHAMMETSAIT;1;9.1.1982;1;0
MAHDETTIN;1;7.2.1970;1;0
HACINURI;1;16.5.1965;1;0
HAIZETE;1;1.2.1966;0;1
NURVESAN;1;26.11.1988;0;1
MEHEBET;1;9.2.1940;0;1
MISHAP;1;10.11.1985;1;0
LAMPASA;1;19.4.1951;0;1
EBUZUFER;1;17.6.1966;1;0
PEROSON;1;7.2.1958;0;1
EFVAR;1;17.2.1972;1;0
MUHDETTIN;1;7.4.1976;1;0
NEFIREZ;1;17.8.1930;0;1
FETALETTIN;1;27.4.1950;1;0
KEMALGUVEN;1;6.11.1960;1;0
MIHANUR;1;22.7.1978;0;1
RECEPSALIH;1;22.11.1960;1;0
BENZINGUL;1;22.6.1979;0;1
HEVLIYE;1;14.12.1988;0;1
REVASA;1;15.4.1965;0;1
MEMETFATIH;1;1.4.1985;1;0
NINUHER;1;23.7.1940;0;1
DURIBAN;2;10.11.1953;0;2
ZEYAB;1;26.6.1965;1;0
SERVILET;1;22.3.1983;0;1
MAYMIZYA;1;16.4.1958;0;1
BEDIHANAZ;1;1.1.1960;0;1
NESFIGUL;1;27.7.1968;0;1
SEFFANYAVUZ;1;23.6.1974;1;0
SACLIHANIM;1;27.8.1932;0;1
M.KAZI;1;2.8.1933;1;0
SAFFEN;2;8.11.1969;1;1
BAYINET;1;23.8.1941;0;1
CELIKBEY;1;28.2.1986;1;0
SAHINEZER;1;22.2.1967;1;0
CEMILESAH;1;5.5.1951;0;1
GULHACE;1;10.7.1987;0;1
FEREZ;1;28.12.1956;0;1
SEDULE;1;10.1.1957;0;1
SEHHEMDAN;1;27.7.1950;1;0
LELIHA;1;17.4.1960;0;1
SEYHHEMDAN;1;24.3.1955;1;0
SUBRAN;1;11.2.1975;0;1
SADDIYA;1;27.7.1968;0;1
SABEIYE;1;1.1.1;0;1
RAYBETE;1;21.10.1987;0;1
SELUGULAY;1;8.5.1968;0;1
AYNILZANE;1;5.4.1942;0;1
BEDIRRETTIN;1;28.11.1972;1;0
MEHMETHENIFI;1;22.3.1955;1;0
EGLIME;1;12.11.1965;0;1
SUPHETTULLAH;1;21.4.1977;1;0
HALDUK;1;1.8.1970;1;0
NACIDDIN;1;17.3.1942;1;0
REFREFE;1;7.4.1928;0;1
ZERBINE;1;17.5.1960;1;0
UMMINEZIT;1;1.1.1;0;1
SASENDER;1;25.3.1931;0;1
KURTKAN;1;8.1.1991;1;0
SEVIMIYE;1;2.7.1965;0;1
RANNE;1;12.3.1938;0;1
MAIMU;1;27.8.1932;0;1
FANDA;1;27.2.1962;0;1
GULMENEK;1;3.6.1963;0;1
HAMMIYE;1;7.11.1945;0;1
MENFASAT;1;12.12.1959;0;1
FIKARE;1;28.2.1963;0;1
HEZALE;1;12.11.1959;0;1
SIFELI;1;17.2.1936;0;1
IMRENE;1;22.2.1961;0;1
PUSILI;1;27.3.1945;0;1
GULBUKEN;1;1.3.1964;0;1
LEYLIGUL;1;19.5.1954;0;1
FEHMUNUR;1;22.3.1961;0;1
FANIGUL;1;29.4.1956;0;1
ZEYNALABID;1;7.8.1928;1;0
MUMANE;1;29.6.1941;0;1
MESLUDIYE;1;11.4.1945;0;1
TEBAETTIN;1;28.10.1942;1;0
AYANDAR;1;30.2.1957;0;1
SETRI;1;6.5.1951;1;0
TUGI;1;27.4.1932;0;1
ETEMETTIN;1;23.2.1956;1;0
KEUMAN;1;7.2.1970;1;0
ZIEDDIN;1;22.1.1945;1;0
CENKCI;1;11.6.1975;1;0
ZERHISAN;1;22.6.1949;0;1
HERDENGUL;2;24.10.1971;0;2
MELIKEJDAR;1;1.9.1983;1;0
ZUBEYIRIBNI;1;1.9.1983;1;0
SAKIRIN;1;22.2.1961;0;1
SAHIRCAN;1;19.5.1946;0;1
PAKIZDAN;1;1.8.1979;0;1
MAGBUBE;1;17.8.1960;0;1
PEHICE;1;6.3.1959;0;1
GIDI;1;3.2.1927;0;1
AZMANPERI;1;2.5.1944;0;1
BEDERCI;1;16.9.1962;0;1
MEMETHAKI;1;30.2.1972;1;0
MIZMER;1;22.2.1961;1;0
NEFIRET;1;23.5.1961;0;1
ABDULMIKIT;1;7.2.1970;1;0
MUSKE;1;16.12.1974;0;1
LIMAZ;1;2.8.1951;0;1
KARIBARIYE;1;13.5.1983;0;1
SEVGETULLAH;1;7.2.1982;1;0
MUKTESIME;1;17.7.1966;0;1
M.CUNEYT;1;6.11.1972;1;0
M.ZAKIR;1;27.8.1956;1;0
BAYANATA;2;3.2.1972;0;2
MELASYA;1;5.6.1975;0;1
SAAHZADE;1;8.10.1987;1;0
MUSVIFE;1;6.3.1986;0;1
SUELYA;3;27.9.1971;0;3
VEHYEDDIN;1;22.8.1925;1;0
SEHVENTE;1;14.10.1962;0;1
HAMIDIYA;1;7.2.1976;0;1
LUBNAN;1;1.4.1992;0;1
HORZEMIN;1;2.7.1969;0;1
MUDLIG;1;17.2.1972;1;0
BEVRAR;1;30.7.1973;0;1
MELIKVEYSAL;1;26.3.1982;1;0
HEREMSE;1;22.2.1973;0;1
CAMUT;1;21.2.1969;1;0
TIKI;1;12.8.1923;0;1
VECRI;1;11.2.1987;1;0
ZENGINYA;1;5.10.1987;0;1
RASEM;2;2.2.1976;0;2
TASIK;3;23.4.1951;3;0
HERNAL;1;12.6.1979;0;1
TAKRETTIN;1;12.6.1977;1;0
NESINAN;1;11.10.1963;0;1
A.GAFUR;1;17.3.1943;1;0
RUVEYTE;1;22.2.1949;0;1
MUSEYCIDE;2;14.2.1970;0;2
ADEBIYE;1;8.6.1958;0;1
NESRAI;1;9.2.1958;0;1
KILKINAZ;1;22.2.1973;0;1
MUMYA;1;2.2.1975;0;1
CIBIRI;1;1.9.1990;1;0
MECIZADE;1;26.2.1978;1;0
MEMETABIT;1;28.6.1957;1;0
RABAHSA;1;19.3.1954;0;1
RUFKIYETE;1;5.7.1975;0;1
BERZANE;1;6.4.1992;0;1
ZURENUR;1;5.10.1981;0;1
ADARET;1;14.7.1971;0;1
ABDULMERAR;1;4.9.1966;1;0
HEYRUZ;1;7.3.1975;0;1
SEVALYA;1;6.2.1949;0;1
ZILHEMER;1;22.3.1973;0;1
DALYE;1;18.3.1936;0;1
HEVERZEMIN;1;2.3.1957;0;1
HEVRAT;1;21.6.1953;0;1
SELVIHUREYMA;1;11.11.1956;0;1
MUKEYEN;1;26.7.1965;0;1
GELDEN;1;21.5.1989;0;1
TOPNAZ;4;8.3.1966;0;4
MUAYYIN;1;2.8.1933;1;0
KESIK;1;3.2.1957;0;1
ILBEK;2;14.9.1964;2;0
GUVEYLA;1;23.4.1972;0;1
SIZAR;1;11.5.1931;0;1
HINNAZ;1;7.2.1946;0;1
ZAFRA;1;24.3.1955;0;1
YUSAMAN;1;12.2.1959;0;1
GEVSE;1;24.4.1974;0;1
ALIZEVER;1;9.4.1973;1;0
ORDUNAT;1;21.12.1983;0;1
SEFUZA;1;17.5.1954;0;1
SUVIYLAN;1;14.4.1957;0;1
SERIFKAN;2;13.2.1989;2;0
BAYIME;1;16.7.1980;0;1
BEDRETA;1;7.2.1964;0;1
SEFIETE;1;3.4.1955;0;1
NAFIYAZ;1;27.9.1964;0;1
MAKBULU;1;2.8.1945;0;1
BEDRETE;1;1.2.1950;0;1
NAZIMELEK;1;7.2.1988;0;1
HUMDINE;1;2.2.1969;0;1
NECLO;1;17.9.1978;0;1
SULHSIRIN;1;12.2.1971;0;1
IKEK;1;27.12.1942;0;1
SEPNAY;1;3.2.1963;0;1
NESOH;1;12.2.1935;1;0
SEFERUYA;1;22.2.1973;0;1
CELALTALAHANI;1;2.9.1965;1;0
BUKEZ;1;27.3.1962;0;1
SUKRINAMET;1;16.4.1970;0;1
ESNAFIL;1;12.7.1971;1;0
SERAYYA;1;26.8.1973;0;1
SATIKA;3;4.10.1954;0;3
CEMALSA;2;4.10.1980;0;2
ALIZUFER;1;1.7.1956;1;0
RUBOSU;1;27.3.1956;0;1
YAMIR;1;26.11.1978;1;0
GANARYA;1;21.3.1961;0;1
YURDO;1;4.7.1974;0;1
HADIDOGAN;1;11.2.1940;1;0
GEDIFE;1;14.5.1964;0;1
RUBENSA;1;24.11.1981;0;1
SALIHATE;1;9.3.1970;0;1
SAHISMAL;1;27.2.1980;1;0
MESRUZE;1;1.4.1950;0;1
SONETE;1;1.7.1974;0;1
ZERRAK;1;26.3.1976;1;0
MASU;1;21.10.1941;0;1
BEDEHANI;1;7.3.1946;0;1
HOMAF;1;30.1.1972;0;1
METINCANTURK;1;3.2.1963;1;0
HUNAN;1;7.8.1934;0;1
MORYA;1;7.8.1953;0;1
REYHENIYE;1;5.12.1957;0;1
NUNUFEL;1;17.2.1978;0;1
CEIZE;1;2.4.1945;0;1
SOHNET;1;27.1.1962;0;1
MAHEBBET;1;17.8.1918;0;1
MIHRIZADE;1;27.4.1980;0;1
MESAHIT;1;11.7.1976;1;0
TUYSAL;1;17.2.1972;1;0
BURAMETTIN;2;22.6.1977;2;0
MUNURBEY;1;14.3.1972;1;0
KIBIRAY;1;26.1.1991;0;1
MEHMETSAIM;1;17.12.1987;1;0
HAMZASAVAS;1;5.2.1992;1;0
SORIK;1;22.1.1943;0;1
TECEETTIN;1;16.7.1982;1;0
SALANAT;1;14.5.1951;0;1
VESFIN;1;6.3.1957;1;0
ZETIN;1;30.12.1966;0;1
GONGEL;1;16.4.1988;0;1
MEMETSAKIP;1;25.9.1965;1;0
SEYITYUSUF;1;27.2.1950;1;0
RINCAN;1;19.11.1972;0;1
MULA;1;24.12.1974;0;1
SIRGAT;1;21.11.1977;1;0
MEHERREM;1;23.6.1944;1;0
FIYZO;1;2.7.1932;1;0
MENZILHAN;1;22.6.1979;0;1
KOKOC;1;1.1.1;0;1
SUDRAT;1;17.8.1954;0;1
MUIDRET;1;22.7.1953;0;1
ZONAN;1;22.8.1937;0;1
TAIME;3;2.7.1971;0;3
ELFEZIYE;1;11.4.1939;1;0
SEBBAP;1;5.6.1940;1;0
ORDEKGUL;1;27.11.1963;0;1
AMRAH;1;22.2.1961;1;0
RUBALSA;1;1.7.1956;0;1
BALIZER;1;10.4.1931;0;1
MUTIKA;1;11.6.1933;0;1
GULEHSAN;1;6.1.1976;0;1
UFLET;1;21.12.1958;1;0
BEYAZIL;1;27.3.1970;0;1
CAHINAZ;1;11.3.1962;0;1
TURMUZ;1;2.2.1957;0;1
DUREMIR;1;6.3.1972;1;0
NURANPASA;1;11.4.1969;0;1
YUZBINE;1;29.5.1974;0;1
SEVENDAR;1;16.12.1956;0;1
NAZEHE;1;18.6.1966;0;1
INMIHAR;1;22.5.1967;0;1
SADAVET;1;12.8.1935;0;1
NARIMENGUL;1;17.2.1966;0;1
GULTUCE;1;4.6.1973;0;1
FAHATTIZ;1;28.4.1977;1;0
MITAKIN;1;28.2.1956;1;0
DURSUNNECAT;1;1.6.1962;1;0
SURULU;1;9.3.1952;0;1
SABURHAN;1;27.2.1987;1;0
DUZKAN;1;12.3.1971;1;0
ALICANER;1;7.1.1946;1;0
CICEKNAR;1;12.5.1971;0;1
MAHIZEGUL;1;7.5.1949;0;1
PIRVERI;1;25.11.1956;1;0
SARVIYE;1;7.3.1946;0;1
LEVUN;1;24.2.1970;0;1
MAKSULEGUL;1;1.2.1978;0;1
MIDERIS;1;18.8.1971;1;0
NIHANE;1;27.9.1956;0;1
REZZAKI;1;24.2.1962;1;0
ULHAMETTIN;1;10.4.1953;1;0
NEBADET;2;5.8.1960;0;2
YAMINA;1;20.4.1966;0;1
MUKUMA;1;17.2.1966;0;1
CIHANGEZ;3;8.12.1947;3;0
ELFIZER;1;14.4.1953;0;1
MEVRENUR;2;23.4.1991;0;2
SEMARE;1;29.4.1960;0;1
KULTIN;1;22.2.1973;1;0
SAZEMEN;1;26.1.1987;0;1
ALTINKAYNAK;1;17.8.1954;1;0
NUHINAZ;1;3.7.1932;0;1
ERGUNHAN;1;19.2.1972;1;0
BOYGUL;1;12.11.1977;0;1
ABUZZEYIT;1;2.2.1944;1;0
BILEYBUN;1;5.11.1988;0;1
TURIDE;1;30.8.1938;0;1
BINNAZAR;1;27.4.1956;0;1
RUHIZAD;1;8.12.1944;0;1
NURMINAZ;1;18.4.1966;0;1
MUCAHHER;1;2.9.1933;0;1
ASYEGUL;2;24.4.1969;0;2
ABDULCIHAN;3;16.7.1958;3;0
BEKLIHAN;1;6.12.1944;0;1
SAHVALAT;1;17.2.1960;1;0
MUZLIM;1;22.4.1948;1;0
MUCEDDIL;1;27.2.1938;1;0
NUNUSA;1;12.4.1971;0;1
EZME;1;11.1.1934;0;1
IKAMETTIN;1;2.2.1957;1;0
TENEZGUL;1;16.3.1946;0;1
BINSENGUL;1;16.3.1976;0;1
CAMAZ;1;1.4.1938;1;0
RUGSETI;1;6.11.1963;1;0
BASLI;1;24.5.1967;1;0
FEREZETTIN;1;23.2.1963;1;0
IMINAR;1;9.4.1956;0;1
HESBINE;1;24.4.1933;0;1
HISSAR;1;12.12.1929;0;1
GUMRAZ;1;17.2.1972;1;0
FAHIZA;1;2.7.1951;0;1
ZEMRICE;1;15.4.1948;0;1
DILFEZE;1;26.7.1940;0;1
MUBAHIR;1;1.1.1;0;1
GULKIYEZ;1;21.5.1966;0;1
ELIFSUN;1;20.2.1976;0;1
GULGIYAS;1;24.12.1973;0;1
DILKISAN;1;4.1.1937;0;1
AKSULAR;1;24.5.1949;1;0
URBADDIN;1;7.3.1946;1;0
YASAMSI;1;16.2.1957;1;0
NEZALEDDIN;1;21.11.1966;1;0
VELKA;1;21.8.1945;0;1
CEYMAZ;1;17.10.1946;0;1
HACINAS;1;6.1.1968;1;0
FADIMETUZZEHRA;1;19.7.1987;0;1
ENKINE;1;7.6.1962;0;1
MIHIZAT;1;12.11.1939;0;1
VERSINALI;1;7.7.1964;1;0
CANPULAR;1;27.8.1944;0;1
MUSANBA;1;30.2.1942;0;1
NECANAN;1;4.2.1977;0;1
RESALTIN;1;28.8.1948;1;0
GULEBADON;2;29.7.1945;0;2
SUMBULLU;1;2.8.1933;1;0
PANPULE;2;29.2.1953;0;2
PAMPULE;1;21.4.1954;0;1
NARLINAZ;1;23.2.1967;0;1
FENNIHE;1;22.11.1955;0;1
RUHAYIL;1;7.2.1946;1;0
FERNIHA;1;12.2.1947;0;1
GULABATON;1;11.3.1961;0;1
FERFILE;1;8.8.1932;0;1
LADIFET;1;2.3.1951;0;1
YULKU;1;11.3.1970;0;1
MUKAI;1;16.7.1952;1;0
MUHETGEL;1;17.4.1960;0;1
SIPGET;2;6.6.1976;2;0
FESHIYE;1;20.2.1954;0;1
MULERRA;1;6.2.1961;0;1
HAZALE;1;17.5.1939;0;1
MEHMETCETIN;1;7.2.1970;1;0
NECYETTIN;1;22.8.1925;1;0
IFTIGAR;1;11.4.1936;0;1
RUHHEYAT;1;7.4.1958;0;1
HAMZABEY;1;29.11.1990;1;0
SAHITE;1;22.4.1955;0;1
FEHMULLAH;1;24.3.1955;1;0
BENDIHAR;1;23.5.1967;0;1
SEVIMPASA;1;2.7.1957;0;1
ZULHINAZ;1;19.7.1942;0;1
GITME;1;6.1.1967;0;1
SALMANBEY;1;17.8.1966;1;0
FERZENDIN;1;18.2.1968;1;0
GULBINAN;1;2.2.1945;0;1
SILNANE;1;21.5.1966;0;1
NESHI;1;22.7.1979;1;0
MUHURALI;1;17.8.1930;1;0
BILSENEM;1;18.1.1964;0;1
CIHANYURT;1;21.12.1960;1;0
ZULHUNER;1;15.5.1965;0;1
TEMAHA;1;27.6.1970;0;1
SUTKER;1;2.1.1963;0;1
GULSEMIL;1;30.1.1964;0;1
LUTFUHALIM;1;30.9.1979;1;0
MAREDDIN;1;7.3.1946;1;0
KURULHAN;1;20.4.1958;1;0
MAHINISA;3;15.6.1976;0;3
NURSEVIK;1;19.9.1972;0;1
HACIMUTI;1;6.7.1978;1;0
MUZLIMA;1;21.8.1971;0;1
MUDEHHAR;1;23.2.1967;1;0
GURBANI;2;27.4.1968;2;0
GULUBEYI;1;14.3.1945;1;0
MUKADDARAT;1;27.3.1956;0;1
SERIC;1;12.8.1958;0;1
HAMULLAH;1;24.9.1979;1;0
NIZAMETTEN;1;21.4.1953;1;0
MIRSERIN;1;29.5.1956;1;0
KAMILAGA;2;19.12.1982;2;0
MURSADIN;1;7.10.1939;1;0
RUHNIGAR;1;18.3.1930;0;1
GUNTURAL;1;24.2.1949;1;0
MEDIPERE;1;18.2.1960;0;1
SEYYIBAN;1;28.1.1967;0;1
BARISKIN;1;26.3.1986;1;0
GULNBER;1;12.2.1965;0;1
DURDEMIR;2;23.12.1956;2;0
GULDILER;1;10.6.1978;0;1
ISILKAN;2;18.6.1987;1;1
ILBINGUL;1;4.5.1957;0;1
TACEETTIN;1;25.2.1961;1;0
MUZTAFA;1;1.6.1962;1;0
SIFANAME;1;22.5.1985;0;1
MEYYIRE;1;17.4.1957;0;1
ATAOZGUR;2;1.8.1976;2;0
SEMUZAR;1;2.4.1951;0;1
CEMBAHADIR;1;22.3.1983;1;0
BACIYA;1;2.2.1975;0;1
LESHUZE;1;12.2.1971;0;1
MUHACIRE;1;27.2.1992;0;1
SUUP;1;2.2.1975;1;0
HASBIHAN;1;9.3.1961;0;1
RUGIYA;1;28.4.1969;0;1
SARENGUL;1;9.12.1956;0;1
MUTLUTAN;1;7.5.1968;1;0
HUSUMA;1;22.2.1961;0;1
RUKINE;1;17.5.1954;0;1
NADEM;1;21.5.1953;0;1
LAVUR;1;6.7.1962;0;1
EBUDUCANE;1;3.1.1955;1;0
EMECAGA;1;11.3.1992;1;0
MOTUBER;1;7.7.1965;0;1
APTULVAHIP;1;6.2.1932;1;0
MEFRUKA;3;3.8.1938;0;3
RUKAYA;2;12.2.1981;0;2
GULNISAR;1;20.5.1950;0;1
SIBKATULLAH;1;8.2.1951;1;0
NECMIGUL;1;23.9.1939;1;0
RIKASA;1;29.6.1965;0;1
MUSECCIDE;1;6.6.1986;0;1
SEHRIADE;1;4.5.1974;0;1
GOLSIME;1;27.7.1974;0;1
MUSALIMET;1;1.7.1948;0;1
BUHRANEDTIN;1;21.8.1945;1;0
NURBASAK;2;20.12.1989;0;2
FETEREDDIN;1;2.3.1987;1;0
HERDINCAN;1;10.7.1965;0;1
EMIRKERU;1;19.8.1954;0;1
NUKIYET;1;3.7.1985;0;1
MENFAHAT;1;10.5.1945;0;1
HAYRULVERA;1;2.2.1973;1;0
HUCVIYE;1;24.4.1956;0;1
SABIZER;1;16.3.1957;0;1
MUTEYIR;1;4.12.1980;1;0
BURRE;1;26.6.1979;0;1
MAHITABAK;1;19.8.1942;0;1
ZOHRUNAZ;2;14.3.1968;0;2
BURDANA;1;7.2.1970;0;1
M.SEBEKI;1;24.11.1973;1;0
SEMIRET;1;5.6.1927;0;1
LALEVER;1;23.10.1950;0;1
VAHBERE;1;4.12.1946;0;1
MUSLIITTIN;1;28.9.1962;1;0
NEEFEL;1;30.4.1987;1;0
SAHANEZ;1;29.10.1948;0;1
CEMENAZ;1;19.2.1976;0;1
CEMASEF;1;11.1.1946;1;0
RUHATTIN;2;9.12.1960;2;0
SAZENGUL;1;2.5.1949;0;1
SAIKAM;1;2.4.1978;1;0
ABDULMAHIR;2;30.8.1977;2;0
ASYANUR;3;18.1.1980;0;3
MENGUHA;1;1.12.1959;0;1
TUKOZ;1;8.10.1953;0;1
KEZZZIBAN;1;26.12.1984;0;1
SAMRANE;1;14.10.1958;0;1
SEFATULLAH;2;22.9.1982;2;0
MEHMETMEZHAR;1;2.10.1981;1;0
SECMENNUR;1;29.1.1962;0;1
NURAFSIN;1;16.5.1967;0;1
NURUMNISA;1;12.2.1965;0;1
MIHIGE;1;13.6.1964;0;1
EYUPSERHAT;1;29.1.1976;1;0
SIAAR;1;9.7.1981;1;0
ARZUDAL;1;11.8.1957;1;0
NURANDER;1;27.2.1962;0;1
FERBINE;1;1.10.1959;0;1
TULCEHER;1;17.3.1966;0;1
METEKORAY;1;22.8.1976;1;0
REMEHAN;1;17.4.1942;0;1
MUDAHHIR;1;22.2.1967;1;0
ESLIHAT;1;21.8.1971;0;1
GULARDA;1;8.7.1990;0;1
NURMECLA;1;11.4.1964;0;1
ENMAR;1;21.6.1972;1;0
EFSAME;1;21.1.1958;0;1
FERRUHIYE;1;26.5.1972;0;1
ZULHIMAN;2;6.2.1951;0;2
SAFFETULLAH;1;24.5.1972;1;0
SABITTE;1;3.2.1963;0;1
SALIHVECIHI;1;13.9.1979;1;0
NESSIRIN;1;16.1.1966;0;1
ULVIHAN;4;14.7.1978;3;1
NURRAYDIN;1;9.2.1970;0;1
SUTUR;1;7.2.1940;1;0
FEYZUN;1;26.12.1973;0;1
EMRAHAGA;1;8.8.1989;1;0
SUNUZ;1;11.12.1952;0;1
SAYRAP;1;11.6.1988;1;0
SIBGETTULA;1;26.6.1966;1;0
H.RESUL;1;22.10.1973;1;0
MAHSEREN;1;10.4.1964;0;1
MEMETGULI;1;2.2.1943;1;0
SECAHADDIN;1;11.1.1964;1;0
BAYRAMLI;1;2.5.1968;1;0
GUZGEL;2;16.6.1985;0;2
SENNUH;1;12.5.1983;1;0
FEREKAT;1;6.5.1951;0;1
ELIFZAR;1;13.2.1945;0;1
LISIYE;1;16.2.1943;0;1
MEBREHE;1;7.2.1946;0;1
NURENDAN;1;11.3.1953;0;1
KULGOT;1;14.7.1940;1;0
MUVEDDE;1;8.5.1962;0;1
SENSUGUL;1;2.12.1966;0;1
SARGAN;1;18.8.1985;1;0
CUMAER;1;6.2.1960;1;0
NIFSELE;1;4.12.1936;0;1
SEKILAY;1;25.5.1967;0;1
MUHLESIM;1;8.5.1952;0;1
DUHRETTIN;1;2.2.1963;1;0
SIBKET;1;26.11.1964;1;0
FIKRIBEG;1;17.10.1974;1;0
MANFAAT;1;21.8.1935;0;1
MUHAMMETSANI;1;1.3.1966;1;0
MEHMETPAMIR;1;2.11.1981;1;0
AHVER;1;27.5.1949;0;1
MUNZILEN;1;3.5.1932;0;1
NURHUMA;1;10.12.1965;0;1
SOPIHA;1;22.4.1970;0;1
MEVLUNUR;1;17.6.1965;0;1
BELKIZO;1;19.8.1955;0;1
ABDULMUKTEDIR;1;29.1.1974;1;0
HULUMEN;1;27.10.1962;0;1
SEVMELEK;2;20.2.1966;0;2
MEHMETSERKAN;1;8.4.1981;1;0
ABDULHADIR;1;2.1.1981;1;0
MENZEKER;1;11.12.1968;1;0
MIRSEFA;1;12.6.1971;0;1
AHMETCUNEYDI;1;7.10.1982;1;0
MUKAYYES;1;2.11.1957;0;1
HUTEN;1;17.1.1974;0;1
ALTUNDALI;1;4.4.1938;0;1
SORENA;1;28.11.1979;0;1
GULDESDEN;1;21.7.1976;0;1
MAKEDDES;1;27.5.1968;0;1
LEYLATA;1;20.6.1960;0;1
AISYE;1;22.2.1967;0;1
MAYPERI;1;22.2.1979;0;1
MAHUBBE;1;29.9.1943;0;1
KARACENGIZ;1;9.5.1969;1;0
MUHAMMEDSAIT;1;15.11.1986;1;0
MUKREMETTIN;1;26.7.1976;1;0
MARUZA;1;21.2.1945;0;1
NADEFET;1;17.8.1977;0;1
GUNEVS;1;27.3.1974;0;1
BEYEFENDI;1;1.6.1941;1;0
FIHABIL;1;2.2.1969;1;0
FADUC;1;12.8.1917;0;1
NILHEKIM;1;23.11.1987;0;1
EMRIH;1;11.3.1975;1;0
MAHMUTAGA;1;2.4.1981;1;0
LADAFET;1;10.3.1940;0;1
SAHIDILDAR;1;27.7.1959;0;1
NURVEDIA;1;26.4.1981;0;1
AYENDER;1;28.12.1970;0;1
GULNERIMAN;1;21.7.1929;0;1
MULGIME;1;2.2.1951;0;1
GOYSAL;1;22.2.1955;0;1
MAHIZET;1;22.8.1931;0;1
EZALEDDIN;1;6.10.1991;1;0
FILEZ;1;27.7.1963;0;1
ABTULGAFUR;1;8.4.1964;1;0
KUTLUZADE;1;24.11.1985;1;0
RUMANE;1;3.4.1963;0;1
RAZIH;1;7.2.1970;1;0
FAMULE;1;27.2.1956;0;1
INCEMEHMET;1;11.5.1973;1;0
NENIHAN;1;8.3.1956;0;1
BELMANUR;1;16.10.1990;0;1
BALKIZAR;1;22.5.1979;0;1
MUKTEDUN;1;17.7.1960;1;0
NAMIZAR;1;21.2.1958;0;1
ABDULAHAP;1;2.8.1933;1;0
ZAKIRUL;1;15.1.1985;1;0
LITFIYA;1;22.7.1979;0;1
ZULHI;1;20.10.1966;1;0
MEMETETIK;1;1.6.1972;1;0
HEMNAR;1;16.2.1956;0;1
MERIE;1;13.3.1971;0;1
MUGIBE;2;8.5.1946;0;2
NUNVAR;1;22.2.1961;0;1
FERRUHATUN;2;24.2.1984;0;2
FEDETTIN;1;11.11.1970;1;0
HENSILE;1;9.4.1964;0;1
EFTURGEL;1;15.6.1936;1;0
URUKAN;1;6.12.1991;1;0
MERDIGUL;1;4.9.1969;0;1
HILMINUR;2;6.3.1978;1;1
ZEHRAYE;1;21.11.1948;0;1
INGIL;1;25.4.1963;0;1
SECETDIN;1;1.5.1953;1;0
ETIG;1;21.11.1977;1;0
MUTTAKIM;1;12.7.1972;1;0
AKCAL;1;25.2.1979;0;1
RAYETI;1;28.7.1978;1;0
FETIZE;1;13.4.1959;0;1
EBEDIL;1;16.9.1987;1;0
YURDELEN;1;2.8.1983;1;0
REFAYIN;1;4.6.1956;1;0
MUSHAL;2;18.12.1976;1;1
ZERINCAN;1;12.2.1983;0;1
NERMINNUR;1;26.11.1977;0;1
HISALET;1;22.2.1967;0;1
GULHATIP;1;2.2.1981;0;1
VAHIDEDDIN;1;27.8.1926;1;0
MEMETTAHAR;1;16.12.1975;1;0
HUSULLAH;1;27.10.1958;1;0
KEFARIYE;1;12.10.1957;0;1
MINARIYE;2;4.11.1962;0;2
SEMRINUR;1;4.5.1951;0;1
HASISI;1;21.8.1945;0;1
FIMIZ;1;3.3.1969;0;1
GULNEZIHAT;1;19.4.1964;0;1
SELVIHATUN;1;12.7.1977;0;1
FIRGATGUL;1;7.2.1946;0;1
GULISU;1;3.12.1954;0;1
KUMRUZ;1;3.5.1920;0;1
HEYRANE;1;26.11.1982;0;1
ZULHANAR;1;20.3.1968;0;1
ATESKAN;1;1.12.1948;1;0
NEJDEM;1;11.1.1940;1;0
GULSAPA;1;16.2.1963;0;1
SENYURTTAS;1;27.6.1953;1;0
CISELIGOZ;1;6.2.1954;0;1
SERINAR;1;24.3.1959;0;1
DESDIGUZEL;1;6.5.1980;0;1
NEMGUL;2;5.8.1981;0;2
CERVELEK;1;2.3.1965;0;1
CIMUTIN;1;16.6.1974;1;0
KIYMAGUL;1;6.11.1978;0;1
YAZKAN;1;2.8.1981;1;0
GULBENEK;2;11.8.1973;0;2
DANFULIYE;1;8.1.1958;0;1
KAYIPLAR;1;11.4.1963;1;0
GULALTI;1;23.1.1955;0;1
SUNDURET;1;7.11.1938;0;1
ABUTURABI;1;12.8.1929;1;0
CIMESER;1;24.3.1967;0;1
LEVUR;1;26.12.1970;1;0
VECEHETTIN;1;7.2.1970;1;0
RUHAIL;2;5.12.1970;2;0
SAMEYKA;1;22.8.1937;1;0
INHIZAR;1;2.8.1939;1;0
PIRTAL;1;27.5.1956;0;1
SUHLETTIN;1;27.2.1950;1;0
BAKIYASAR;1;12.4.1947;1;0
GULIBEG;1;27.8.1926;1;0
RAHIZER;3;9.6.1959;0;3
FENEZER;1;29.4.1961;0;1
TAGEDDIN;1;14.6.1938;1;0
BATTI;1;22.4.1940;0;1
SIPERIN;1;17.4.1972;0;1
TUGRUT;1;18.3.1966;1;0
HAVZAR;1;20.3.1974;1;0
VETANGUL;1;16.12.1969;0;1
MEYHAMANE;1;6.3.1962;0;1
ZEMDEGUL;1;10.4.1962;0;1
EMSIBE;1;6.6.1944;0;1
GUVENAL;1;10.2.1958;1;0
TOPYAY;1;30.11.1966;1;0
ZIYAMAH;1;14.2.1943;0;1
FERHAKAN;1;14.1.1971;0;1
RAHEDDIN;1;4.2.1950;1;0
ALPYILMAZ;1;22.5.1955;1;0
DUDINAZ;1;24.9.1954;0;1
BURDAL;1;8.2.1972;1;0
SAYANGUL;1;14.1.1968;0;1
GUZEBE;1;23.4.1949;0;1
COKGUZEL;1;17.9.1952;0;1
NAZLETTIN;1;16.6.1951;1;0
SAYINSOY;1;26.4.1982;1;0
HATAYIR;1;11.3.1975;0;1
OZATAN;1;3.11.1981;1;0
AZBIME;1;27.7.1955;0;1
ARZUMAL;1;30.7.1960;0;1
ERCINAS;1;18.7.1960;0;1
GECIZER;1;26.6.1973;0;1
NEDIH;1;17.2.1978;1;0
SIYANBENT;1;27.11.1956;1;0
MUKKINAZ;1;30.12.1962;0;1
AYSETEN;1;22.3.1961;0;1
NEHSIBE;1;21.7.1946;0;1
AKITE;1;27.2.1956;0;1
MEHMETMELIK;1;26.12.1984;1;0
ANOHANIM;1;18.4.1953;0;1
ABTULMUTELIP;1;9.5.1973;1;0
HAKDE;1;22.8.1955;0;1
RONAYA;1;21.2.1981;0;1
ABTULNASIR;1;3.4.1971;1;0
NEFRAN;1;21.6.1984;0;1
SERGA;1;22.4.1963;1;0
HUTNA;1;25.4.1955;0;1
KASGUL;1;26.5.1990;0;1
MUTESIFE;1;3.11.1979;0;1
DUBRIYE;1;6.6.1987;0;1
DUDYA;1;11.9.1970;0;1
GEMDAN;1;7.6.1965;0;1
OKTAC;2;30.9.1972;2;0
ABDULLILA;3;27.2.1986;3;0
SOLA;1;27.2.1968;0;1
ZUMRATA;2;11.2.1952;1;1
HUCIRIYE;1;22.3.1955;0;1
NIMMETULLAH;1;15.5.1962;1;0
A.KEREM;1;5.10.1962;1;0
HUSNIMA;1;7.2.1982;0;1
SIHAMET;1;23.5.1974;1;0
SAHUNAN;1;17.3.1966;0;1
GULPASAN;1;26.5.1967;0;1
MAVISEVER;1;1.10.1949;0;1
MUHRIKE;1;9.9.1987;0;1
LUTUFU;1;2.2.1975;1;0
MAFITAN;1;12.2.1977;0;1
GULAVET;1;12.2.1971;0;1
ZEYNEME;1;28.2.1967;0;1
DURINE;2;26.3.1961;0;2
DURSEYA;1;2.2.1987;0;1
ABDULHASIN;1;22.4.1967;1;0
KEJIZER;1;17.2.1978;0;1
RUSI;1;21.2.1959;0;1
FALYETE;1;22.12.1985;0;1
RIHLETE;2;13.2.1947;0;2
FILEYTUN;2;14.10.1985;2;0
FINOZ;1;7.2.1940;0;1
SERDDIN;1;17.3.1972;1;0
M.SAKIB;1;16.2.1961;1;0
CIHASAH;1;27.8.1932;1;0
MURHANETTIN;1;12.2.1959;1;0
GELI;1;23.9.1979;0;1
SABHADDIN;1;7.2.1946;1;0
BELEVIYE;1;11.5.1957;0;1
GORGECIN;1;3.4.1963;0;1
PUNPOL;1;27.12.1950;0;1
GULSEER;1;26.2.1955;0;1
ZEREM;2;5.5.1986;0;2
REMSIGUL;1;28.2.1987;0;1
MUZERIF;1;12.2.1989;0;1
GEVREN;1;12.2.1971;0;1
GAGI;1;1.5.1956;0;1
SIVKET;1;27.2.1974;1;0
LELISTAN;1;7.2.1958;0;1
ALIMENSU;1;29.8.1973;1;0
SESO;1;27.8.1938;1;0
EMINVEYSEL;1;25.4.1985;1;0
GUZELDUNYA;1;9.5.1963;0;1
BULUKYA;1;22.2.1979;1;0
MULESSIM;1;27.4.1992;1;0
YANES;1;23.3.1991;0;1
HASEI;1;22.2.1967;0;1
MELIHAD;1;27.2.1962;0;1
NAYSEHER;1;28.9.1949;0;1
AFITAH;1;22.2.1973;0;1
SAYBETE;1;27.2.1974;0;1
HILALAY;2;9.5.1972;0;2
AYIVAZ;1;6.11.1963;1;0
LALIYER;1;30.4.1942;0;1
M.SIRIM;1;24.9.1934;1;0
SARDE;1;10.11.1945;0;1
MIRREYDIN;1;6.7.1945;1;0
REHLET;1;27.8.1968;0;1
HAYYETE;1;16.5.1960;0;1
FERUZEHAN;1;26.6.1975;0;1
ZULKARYNIN;1;17.2.1975;1;0
ANMER;1;1.7.1985;1;0
MULIZAT;1;16.2.1951;0;1
SAZENIM;1;4.1.1944;0;1
MUKELLA;1;28.10.1976;0;1
PADUC;1;27.8.1926;0;1
ISTEBRE;2;1.1.1935;0;2
NEMIZE;1;22.3.1938;0;1
TURCEHER;1;7.4.1964;0;1
SELMINA;1;21.2.1957;0;1
TOGUZHAN;1;24.2.1979;1;0
KONYAGUL;1;2.4.1975;0;1
MORKOC;2;9.1.1954;2;0
TAKMINE;2;11.9.1964;0;2
SEYIKA;1;8.2.1973;0;1
ZITE;1;22.8.1913;0;1
TULERA;1;1.10.1965;0;1
MEHBULA;1;18.11.1969;0;1
GULNIHAT;1;13.4.1963;0;1
KURBANAGA;1;23.2.1976;1;0
AHMETREMZI;1;27.5.1944;1;0
GULLUPASA;1;11.9.1940;0;1
EYMURE;1;23.1.1961;0;1
MUDEHEL;1;7.3.1973;0;1
HUSALET;1;1.6.1956;1;0
SEDEVET;1;16.10.1967;0;1
HURIYEGUL;1;29.5.1979;0;1
MERIHIDE;1;3.5.1963;0;1
FERANS;1;17.8.1982;1;0
FERANAS;2;2.9.1969;0;2
MARGUL;1;23.12.1957;0;1
RUZEYDE;1;27.7.1933;0;1
MISGETTIN;1;11.2.1957;1;0
HIKRINAZ;1;3.2.1957;0;1
MUSENME;1;18.7.1965;0;1
TELAA;1;16.9.1948;0;1
HUMRUZE;1;12.3.1965;0;1
SAHTERET;1;2.4.1931;0;1
KIZDIL;1;22.8.1919;0;1
ESMIDIL;1;12.8.1977;1;0
NEVVABE;1;20.9.1962;0;1
MUHICE;3;11.11.1958;0;3
MIRAYHAN;1;9.1.1982;0;1
EJNA;1;12.2.1987;0;1
CAGDASCAN;1;12.2.1989;1;0
REHIZE;1;16.4.1969;0;1
GULSEHLA;1;22.2.1974;0;1
LAZEZAR;1;23.5.1969;0;1
ZORKAN;1;25.5.1984;1;0
HICCAZA;1;13.3.1959;0;1
NEMUGE;1;21.4.1964;0;1
UGURLAY;1;1.2.1989;0;1
NUSREV;1;21.3.1990;0;1
MAABET;1;20.11.1985;0;1
GULBERT;1;27.3.1988;0;1
FERDAGULSUM;1;22.1.1976;0;1
ZINNURU;1;22.8.1943;0;1
EFU;1;19.8.1939;0;1
CECAHATTIN;1;15.7.1964;1;0
FUEDDIS;1;12.3.1953;0;1
ALIAN;1;20.5.1960;1;0
ZUYYUNE;1;6.8.1963;0;1
KUTTEKIN;1;23.6.1954;1;0
MUSAAB;1;18.6.1986;1;0
TEHIT;1;14.6.1950;1;0
TURMIS;1;18.10.1953;0;1
ABDULFEDDAH;3;13.11.1987;3;0
MUHTESI;1;17.8.1942;1;0
SELENBER;1;11.5.1950;0;1
MUSELBIYE;1;17.8.1924;0;1
SEMELEK;1;20.3.1960;0;1
MARAY;1;7.4.1958;0;1
SEBILIRRESAT;1;6.2.1957;1;0
GOMCA;1;11.6.1960;0;1
SILALETTIN;1;16.11.1971;1;0
YUCAGUL;1;22.3.1967;0;1
ALTUNTOP;2;7.5.1956;0;2
CAGSAR;1;27.4.1944;0;1
M.ESET;1;20.5.1953;1;0
EZERBEYCAN;1;9.3.1964;1;0
ABDULSEYDA;1;25.11.1968;1;0
TURANBILGI;1;26.2.1970;1;0
KADRICEMIL;1;19.7.1958;1;0
TUTE;1;27.1.1942;0;1
MUMDUH;1;6.3.1977;1;0
HILAYI;1;1.2.1968;0;1
ZARENE;1;2.2.1975;0;1
ESBEHE;1;7.3.1940;0;1
GONDEL;1;2.5.1983;0;1
ASKIRIYE;1;17.2.1966;0;1
FARNANI;1;6.4.1971;1;0
RAMMIS;1;16.5.1962;1;0
KALIMAT;1;24.5.1971;0;1
ALMILAY;1;5.11.1981;0;1
MISBIR;1;21.11.1945;0;1
MINNEHAR;1;17.8.1952;0;1
BELKIZHAN;1;6.11.1960;0;1
MEDYURE;1;27.8.1926;0;1
HILALOZLEM;1;7.5.1987;0;1
RUHIYEGUL;1;22.7.1971;0;1
VEFIA;1;22.8.1931;0;1
CAHINDE;1;17.2.1972;0;1
NESNIKA;1;7.2.1958;0;1
USERE;1;22.1.1961;0;1
LIGDER;1;4.12.1990;1;0
ZOHDEM;1;13.7.1934;1;0
NURILAY;1;21.4.1983;0;1
MUNAHHAR;1;14.10.1939;0;1
ZAETTIN;1;21.5.1944;1;0
HOKMEN;1;12.2.1971;1;0
MUSKINAT;1;18.5.1929;0;1
ABDULMUDELIM;1;11.5.1973;1;0
GULAMADIN;1;17.8.1990;1;0
MAHRICE;1;27.7.1938;0;1
ZELFUNUR;1;8.2.1976;0;1
PUREYYA;1;9.7.1958;0;1
MIHRIYYE;1;9.8.1989;0;1
HASAY;1;28.2.1989;1;0
BEDRIVAN;1;14.11.1987;0;1
AGAGULUM;1;20.3.1964;1;0
NEBTIMI;1;7.8.1934;0;1
GULZAHRA;1;14.12.1947;0;1
GULMEVA;1;9.6.1988;0;1
MEHMETGURKAN;1;30.7.1989;1;0
HURCETIN;1;6.6.1970;1;0
MEKIR;1;11.10.1962;1;0
TURANEDIL;1;4.4.1943;0;1
ENSERULLAH;1;3.10.1963;1;0
DEDEBAY;1;13.9.1945;1;0
ABDULSEZAT;1;27.3.1962;1;0
GUZELHA;1;12.8.1960;0;1
SAHIGE;1;22.2.1973;0;1
MUDEHAR;1;7.7.1950;0;1
BARHANIM;1;8.6.1932;0;1
BATIKAGAN;1;2.2.1990;1;0
UKKESE;1;12.2.1953;1;0
KIZMELEK;1;22.3.1946;0;1
HAMIYA;1;21.10.1982;0;1
TAHENE;1;22.10.1986;0;1
MUHAMMETDURSUN;1;16.11.1991;1;0
HACZEME;1;15.1.1928;0;1
SEBKET;1;13.11.1943;1;0
REMAHAN;1;7.4.1964;0;1
GIZBESTI;1;21.12.1960;0;1
HAHIM;1;7.12.1988;0;1
NURCAH;2;14.12.1973;0;2
MAHPIROZ;1;24.5.1965;0;1
ELEETTIN;1;7.3.1951;1;0
BAKIBELED;1;11.1.1977;1;0
NETIRET;1;4.4.1954;0;1
DAYMI;1;12.3.1971;1;0
TORALI;1;1.11.1958;0;1
CAYIFE;1;6.11.1961;0;1
SAHGUZEL;2;26.9.1967;0;2
ZERGER;1;25.9.1986;1;0
FULGIRA;1;16.1.1953;0;1
FEHANET;1;11.1.1944;0;1
AYSEGULEN;1;9.5.1965;0;1
SOREYE;1;27.6.1945;0;1
ORHANMELIK;1;22.2.1985;1;0
HUSERE;1;13.4.1963;0;1
FERDIME;1;9.1.1958;0;1
MUTEVA;1;6.1.1981;0;1
SIBHAT;1;24.4.1967;1;0
FODOL;1;27.2.1950;0;1
RUNNAN;1;23.2.1967;0;1
SIMANA;1;22.2.1955;0;1
SEMHIZER;1;22.2.1949;0;1
MAHITABA;1;26.12.1934;0;1
SINAMA;1;12.3.1971;0;1
SEBEYYA;1;8.12.1954;0;1
GECCE;1;7.3.1946;0;1
SEMAMUK;1;2.6.1981;0;1
LUTFIYASAR;1;26.5.1955;1;0
MUCIBULRAHMAN;1;27.6.1980;1;0
ABDULMUDDELIP;1;16.6.1953;1;0
NEYHETTIN;1;6.3.1966;1;0
RAYEDDIN;1;21.6.1965;1;0
ICABA;1;4.10.1960;0;1
MURADAT;1;2.8.1933;0;1
MUNYETTIN;1;22.9.1979;1;0
MUDDERIS;1;9.5.1970;1;0
MUSEDDIK;1;24.11.1969;1;0
MUAFERIZ;1;12.4.1971;0;1
ANSAANE;1;17.7.1972;0;1
SUHMURAT;1;26.6.1971;1;0
GULAYTER;1;13.3.1953;0;1
IMMINUR;1;9.12.1984;0;1
MISAFFA;1;21.4.1975;0;1
SOHPER;1;22.2.1955;0;1
ZUMEYNA;1;22.3.1991;0;1
ISLAMA;1;25.5.1961;0;1
UCUZ;1;2.8.1945;0;1
FIHRI;1;6.6.1973;1;0
BAYDETTIN;1;21.4.1974;1;0
SANZIMAT;2;25.9.1957;0;2
NILDOGUS;1;4.8.1987;0;1
RAHMINI;1;11.10.1975;1;0
BIMGUZEL;1;2.5.1963;0;1
BEDOSHANIM;1;1.5.1974;0;1
SECMENUR;1;2.4.1981;0;1
ABDUMUTALLIP;1;7.2.1988;1;0
MAHUNIR;1;27.1.1972;0;1
MASIDI;1;21.5.1975;0;1
KUCO;1;10.6.1945;0;1
SIRBETULLAH;1;26.2.1988;1;0
MAVUZET;1;22.3.1973;0;1
HAVRES;1;10.5.1958;0;1
VARBIL;1;21.5.1976;1;0
ORGUNOZ;1;16.1.1981;1;0
NEVIYAR;1;1.10.1970;0;1
SEVEK;1;29.9.1957;0;1
UMRIGULSUN;1;23.7.1972;0;1
MUHYETDIN;1;21.4.1970;1;0
NEMIHE;1;7.3.1954;0;1
SEVDABE;1;30.9.1961;0;1
KATMAR;1;20.12.1971;0;1
SEVMIGUL;1;29.6.1948;0;1
NIHALETTIN;1;16.9.1971;1;0
SAGIT;2;24.4.1970;2;0
LALINER;1;5.1.1945;0;1
CANBURE;1;30.2.1944;0;1
METAH;1;5.5.1951;1;0
LIVHER;1;1.1.1974;0;1
ARIFYASAR;1;13.4.1962;1;0
RUHLAR;1;22.2.1979;1;0
GOKMENUGUR;1;10.11.1974;1;0
ELETDIN;1;28.7.1962;1;0
BALGUL;1;17.8.1990;0;1
KESERYA;1;16.3.1964;0;1
SAVINDE;1;3.3.1965;0;1
LAYESER;1;22.4.1973;0;1
ABDULCEMALETTIN;1;4.5.1957;1;0
KUTBIHAN;1;15.12.1952;1;0
SUSOM;1;16.11.1942;0;1
GULNITEM;1;23.6.1953;0;1
TEVFFIK;1;12.2.1941;1;0
SEPHI;1;29.4.1944;1;0
REYHANER;1;1.4.1984;0;1
SUMEYYAR;1;7.4.1988;0;1
LEMAGUL;1;3.3.1971;0;1
VEHTAN;1;22.6.1963;1;0
OSMANTALAT;1;25.9.1937;1;0
EFRULLAH;1;23.4.1967;1;0
RUBEYDULLAH;1;23.2.1985;1;0
UMMIHAYIR;1;8.2.1934;0;1
TUNGEL;1;9.1.1957;1;0
GULBULUT;1;22.6.1955;0;1
SENBUL;1;22.12.1973;0;1
ALEHE;1;30.6.1973;0;1
ABURAHMAN;1;18.2.1970;1;0
DUSA;1;17.2.1948;0;1
TUPA;1;2.1.1985;0;1
NIKAYER;1;23.4.1978;0;1
SAMIKA;1;28.2.1960;0;1
ISETTIN;1;17.10.1936;1;0
BUHRANEDDIN;1;20.8.1978;1;0
BEDOC;1;18.1.1947;0;1
MEHRUF;1;17.5.1966;1;0
MEMETLUTFI;1;29.3.1950;1;0
HARUNURESIT;1;27.2.1944;1;0
ISMEDDIN;1;1.2.1967;1;0
NEZEHEN;2;4.9.1965;0;2
MUDDAHIR;1;6.5.1987;1;0
FETEHMA;1;20.4.1932;0;1
KEKLIMAN;1;22.6.1973;0;1
ONURYA;1;29.12.1981;0;1
ILAH;2;14.3.1979;0;2
SAYINDAR;1;4.11.1942;0;1
HANIMNUR;1;24.3.1965;0;1
KEBIYEN;1;20.10.1961;0;1
MAMADI;3;23.11.1938;3;0
NURSEYIT;1;9.4.1957;1;0
ERENGAZI;1;17.1.1953;1;0
GULVURDU;1;3.11.1965;0;1
SEHVEDDIN;1;16.4.1943;1;0
SENAIDIN;1;5.6.1958;1;0
ALTINYAZ;2;2.11.1965;0;2
UZUBEY;1;12.8.1935;1;0
BEYDERE;1;12.8.1929;0;1
GUNZULE;1;17.4.1962;0;1
BUTUYE;1;11.4.1940;0;1
BOLEL;2;25.4.1985;2;0
CAFEN;1;3.3.1951;0;1
MAHVA;1;2.6.1950;0;1
GULERBAG;1;2.11.1969;0;1
KEBACA;1;16.6.1975;0;1
MUKIYAT;1;14.6.1945;0;1
TERIYARA;1;7.8.1934;0;1
SANTER;1;2.1.1957;0;1
KARAMIRZA;1;8.7.1939;1;0
SAMSIYAT;1;1.7.1926;0;1
ZURIYAT;2;2.5.1947;0;2
KOSA;1;14.5.1928;0;1
AV;1;30.3.1962;1;0
USTUKAY;1;17.2.1966;0;1
HALIMAT;2;24.1.1943;0;2
CEFAYER;1;7.9.1964;0;1
CORABATIR;1;18.1.1936;1;0
ARASAN;1;14.2.1986;1;0
FERMAHAN;2;5.5.1954;0;2
ZEVDANE;1;6.5.1979;0;1
DERZE;1;2.2.1969;0;1
ULENDER;1;17.2.1956;0;1
ERVAI;2;7.11.1952;1;1
SUMERRANUR;1;18.10.1987;0;1
KURTSERKAN;1;4.7.1979;1;0
BUHUR;1;6.3.1950;1;0
ERDUT;1;6.10.1961;1;0
GOCEBE;1;2.2.1951;0;1
ABDULBEYCAN;1;12.10.1939;1;0
SULEBE;1;30.2.1954;0;1
CANVAY;1;21.2.1933;1;0
MARYAT;1;16.5.1985;0;1
MELFURE;1;20.6.1944;0;1
FEVINDE;1;25.8.1953;0;1
GUNESTE;1;22.2.1949;0;1
MAHPURUZ;1;3.5.1970;0;1
NUVMAN;1;22.12.1989;1;0
BUSENYA;1;26.5.1983;0;1
CEMCIRAGI;1;7.5.1982;0;1
AFISAN;4;8.1.1946;0;4
DILFURU;1;27.10.1962;0;1
GULDERENNUR;1;15.10.1972;0;1
MUKREHAN;1;2.5.1987;0;1
GUDDEY;1;2.2.1963;0;1
KONALI;1;24.11.1946;1;0
SAMANGAZI;1;26.3.1966;1;0
ABILAV;1;28.4.1944;0;1
MUBEZZEL;1;18.5.1936;0;1
MUJDEAY;1;8.12.1965;0;1
SELANETDIN;1;16.8.1968;1;0
SAHESEN;1;13.4.1947;0;1
NURASIM;1;26.3.1962;1;0
ZENNINUR;1;10.12.1949;0;1
NAZIKHAN;1;22.8.1931;0;1
YURUDEN;1;1.6.1943;1;0
ZUBEYIRHAN;1;7.8.1971;1;0
NILNABAZ;1;27.2.1968;0;1
IHVE;1;2.8.1927;0;1
AYDINGAZI;1;6.12.1960;1;0
SEBIAN;1;4.6.1963;0;1
NURSLU;1;22.12.1949;0;1
TUGAZ;1;14.4.1945;0;1
GOLYASAR;1;22.3.1973;0;1
SOYLEMCI;1;16.3.1970;0;1
YELKI;1;20.1.1948;0;1
ZIYAHER;1;13.6.1964;0;1
FERMIL;1;18.12.1961;0;1
MURDEBIYE;1;15.12.1965;0;1
MUSKER;1;23.7.1979;0;1
SEFATE;1;16.2.1970;0;1
HAYATIM;1;18.8.1950;0;1
HOSNUDIYE;1;2.8.1927;0;1
SEHREBANE;1;30.8.1936;0;1
FERUSAT;2;27.6.1953;0;2
ATIYAT;1;14.2.1949;0;1
CEBELIYE;1;3.2.1951;0;1
SEFAERDI;1;15.1.1944;0;1
SEFERNE;1;12.5.1948;0;1
TEDIK;3;10.6.1964;1;2
ZEMMUR;1;9.4.1958;0;1
GUNHANIM;1;20.9.1957;0;1
KUSAHIDE;1;26.3.1954;0;1
KUTDUSIN;1;17.6.1960;1;0
SATHIME;10;24.2.1956;0;10
ZELBIYE;3;8.7.1954;0;3
FISTIK;1;28.8.1932;0;1
MAADELET;1;8.7.1970;0;1
BEYITHAN;1;2.6.1981;1;0
MUADDELET;1;12.4.1935;0;1
MEMRUHA;1;4.5.1949;0;1
UZEYNI;1;15.4.1939;0;1
ISTIGAMET;1;21.12.1971;0;1
TURIBE;1;23.9.1941;0;1
BELGIRAZ;1;17.8.1924;0;1
MUSEFA;1;21.8.1946;0;1
MEHIREM;1;2.6.1975;0;1
UZEYE;1;10.5.1941;0;1
BULYE;1;16.1.1975;0;1
UCUZAL;1;12.2.1971;1;0
SOLLIK;1;17.8.1984;1;0
MUKADDA;1;6.10.1969;0;1
MULKIYAT;1;16.4.1968;0;1
ZUFIKAR;2;18.10.1974;1;1
VEDAVER;1;7.8.1976;1;0
UMMIHAT;1;22.8.1925;0;1
NOYTEN;1;3.3.1948;0;1
SETIME;1;21.12.1963;0;1
FINOKIYA;1;2.8.1987;0;1
MAHBERIYE;2;29.11.1977;0;2
BECETTIN;1;26.1.1957;1;0
MUTELIME;1;23.2.1936;0;1
MEVLUTAY;1;26.9.1964;0;1
GULYETIM;1;20.12.1977;0;1
SECMAN;2;25.5.1961;0;2
BEHMIYE;1;2.8.1927;0;1
SITRETUL;1;9.2.1976;1;0
ERCEBIYE;1;23.1.1972;0;1
SEVINCCAN;1;11.1.1974;0;1
BASEN;2;14.4.1972;0;2
BEHSURE;1;2.3.1975;0;1
MUHADDEL;1;17.2.1966;0;1
MUTLUALP;1;15.12.1971;1;0
ELYANORA;1;22.1.1979;0;1
NORVET;1;19.5.1953;0;1
MADILAT;1;14.8.1962;0;1
UMUFER;1;22.5.1961;0;1
SENELLER;1;17.2.1966;0;1
ALIMKAN;1;1.4.1959;0;1
EDANIM;3;6.4.1973;0;3
ERSAMET;1;17.11.1989;1;0
OZKAGAN;1;3.2.1980;1;0
DESIDE;2;4.1.1953;0;2
SINUR;2;5.1.1975;0;2
HETHEM;1;6.10.1974;1;0
GYULBEN;1;19.11.1979;0;1
NIVGUN;1;3.12.1966;0;1
FATMETUZZEHRA;1;6.5.1963;0;1
TEVVIT;1;10.11.1970;1;0
YADIGIR;1;29.1.1980;0;1
MIRHEREM;1;4.1.1984;0;1
TEMUNDAR;2;8.5.1959;2;0
YARULLAH;1;3.4.1951;1;0
UMMUDERYA;1;18.6.1987;0;1
MEBTUNE;1;16.11.1945;0;1
BERATTA;1;7.6.1982;1;0
ZONA;1;2.8.1963;0;1
HAYRULBENAT;3;30.8.1943;0;3
MEVGIDE;1;18.12.1953;0;1
MUCADETTIN;1;3.12.1961;1;0
SENSERVET;1;7.8.1934;1;0
TULKAM;1;29.12.1958;0;1
KESFIYE;1;13.7.1931;0;1
SIHRIDIL;1;2.6.1978;0;1
GULSENAZ;1;2.1.1961;0;1
NARGIYEN;1;11.6.1967;0;1
UMURLU;1;1.1.1;0;1
KEBECAN;1;19.3.1955;0;1
KROMVER;1;27.3.1950;1;0
OZGIRAY;1;30.1.1982;1;0
JALAY;1;2.2.1975;0;1
TEVHILAL;1;6.11.1943;0;1
ILVANLI;1;27.7.1959;1;0
SEYIYE;1;30.9.1963;0;1
TESLIYME;1;14.10.1971;0;1
PELINE;1;6.5.1933;0;1
LUTHAN;1;15.5.1991;1;0
NADEYDA;1;30.10.1929;0;1
VERDIAT;1;26.11.1966;1;0
SEVARETTIN;1;21.2.1960;1;0
MIHIRBAN;1;22.4.1949;0;1
GOZLEN;1;25.3.1949;0;1
SEHNUBANI;1;4.6.1976;0;1
HAYRINUSAH;1;2.1.1969;0;1
NAIDDIN;1;7.8.1940;1;0
MUHLUDA;1;7.8.1946;1;0
MUUMINAT;1;12.6.1959;0;1
NURHULYA;1;17.9.1966;0;1
HASIYETTIN;1;30.2.1950;1;0
MUNIREI;2;9.8.1947;0;2
BOLDOU;1;28.4.1964;0;1
CILKEJI;1;5.5.1975;0;1
ARIMAG;1;11.2.1954;0;1
UMMUGULU;1;19.5.1966;0;1
CANDY;1;28.10.1990;0;1
ASUMANFAZILE;1;27.6.1987;0;1
BOLSEV;1;30.5.1987;0;1
GUBSET;1;23.6.1980;0;1
LUTFAMIYE;1;15.2.1961;0;1
GORBIYE;1;2.2.1957;0;1
DILIVAN;2;20.8.1980;0;2
DARIHAN;1;21.8.1988;0;1
ISLAMBAY;1;24.12.1983;1;0
SARPKAN;3;13.10.1988;3;0
ILKERGUN;1;22.5.1989;1;0
OYACICEGI;1;27.10.1956;0;1
YENENHAN;1;7.11.1970;1;0
ZISAAN;1;21.2.1984;0;1
KUTBAN;1;21.7.1972;1;0
TETIS;1;2.4.1984;1;0
YASEMINHAN;1;16.11.1991;0;1
SURRAP;1;21.4.1948;1;0
GULBIRSEN;1;11.10.1945;0;1
MIHKET;1;6.2.1947;0;1
ESDOGAN;2;4.6.1952;2;0
SUKOFE;1;4.9.1932;0;1
MATTET;1;26.5.1970;0;1
ADKANAT;1;26.10.1977;1;0
MUKAHIT;1;5.9.1969;1;0
HEVEYDA;1;7.1.1964;0;1
SIVILYA;1;8.10.1978;0;1
MUCURET;1;9.4.1967;0;1
ZULKIFUL;1;8.10.1958;1;0
SATIYFE;1;22.7.1965;0;1
SINGIN;1;11.9.1979;1;0
ZEKET;1;27.8.1950;1;0
EFRUZCAN;1;21.9.1987;0;1
NORUYE;2;6.12.1959;0;2
SEVLIYAN;1;1.4.1984;0;1
GULKAYDI;1;2.3.1943;0;1
GULRAZI;1;9.4.1943;0;1
NUHBEH;1;26.4.1948;1;0
BERN;1;2.2.1963;0;1
RUSKHAT;1;5.9.1963;0;1
BURHANKAMURAN;1;5.5.1970;1;0
ACAM;1;3.12.1976;1;0
MUSUFET;1;27.2.1956;0;1
SIET;1;8.10.1979;0;1
ERDINEL;2;11.12.1976;2;0
YASAYURT;1;6.3.1967;1;0
GULSAHINDER;1;21.11.1962;0;1
BEFAHIL;1;9.12.1967;1;0
TURTEN;1;12.1.1976;0;1
CIHANSES;1;9.3.1963;0;1
DURGOZEL;1;5.3.1949;0;1
MERKAYA;1;22.7.1967;1;0
UREYIK;1;22.1.1985;0;1
ESREGUL;1;13.2.1979;0;1
YENERAL;1;27.2.1978;1;0
NUFERRUH;1;16.9.1986;0;1
RASIMEN;1;25.6.1969;0;1
ZEYNESAN;1;7.8.1934;0;1
KUVEYT;1;6.10.1978;1;0
UMMURIZA;1;12.5.1988;0;1
AFYEN;1;22.12.1985;0;1
SEFEKET;1;11.4.1975;0;1
KALFIYE;1;11.4.1938;0;1
EMNATUN;1;1.2.1938;0;1
BORONA;1;5.7.1975;0;1
HUMISE;1;21.7.1960;0;1
PERDAVUZ;1;23.9.1974;0;1
HULYANIM;1;11.9.1968;0;1
LIFE;2;27.8.1938;0;2
MAHASE;1;9.12.1953;0;1
TERAVENDI;1;22.2.1937;0;1
NIKAYLA;1;25.5.1975;0;1
NURSUAY;1;30.10.1963;0;1
UYET;1;22.8.1925;0;1
SENTORE;3;14.7.1950;0;3
OZBENGUL;1;11.8.1967;0;1
EMINECIK;1;21.5.1969;0;1
HAVSETTIN;1;22.7.1967;1;0
ZOUGRA;1;22.1.1971;0;1
KUFULAY;1;1.3.1967;0;1
TEVABIN;1;20.8.1929;0;1
BAYBAS;1;4.1.1956;1;0
DEVIRE;1;6.2.1954;0;1
FEDIRAY;1;28.9.1964;1;0
NELIAT;1;17.2.1966;0;1
MIHRIYAN;1;13.4.1965;0;1
GOKHANGAZI;1;20.11.1978;1;0
NEZLEHER;1;29.9.1966;0;1
HATMANIM;1;26.2.1952;0;1
FERGUHAN;1;18.8.1987;0;1
TUGDUR;1;26.6.1945;1;0
NARGUYE;1;25.4.1917;0;1
EGNE;1;17.6.1960;0;1
MEJA;1;1.2.1966;1;0
GALEMSED;1;2.5.1970;0;1
FERGANA;1;5.1.1992;0;1
ZUNUBE;1;14.2.1954;0;1
LIBADIYE;1;16.6.1964;0;1
TURHANCA;1;23.3.1944;0;1
ZUBEYEM;1;7.8.1928;0;1
GOLVE;1;22.3.1980;0;1
MEMSIYE;2;9.1.1961;0;2
FERHUL;1;26.4.1964;1;0
FATLUYE;1;23.12.1955;0;1
IRVAHA;2;19.7.1956;0;2
ALPAYOZ;1;27.9.1979;1;0
UMUGULLU;1;21.2.1983;0;1
NADILET;1;1.2.1958;0;1
ZINCER;1;29.8.1976;1;0
ONAYHAN;1;25.4.1989;1;0
CANBAZER;1;23.10.1971;0;1
ELDEMIR;1;1.6.1939;1;0
DILSADI;1;11.11.1955;0;1
LEFHIYE;1;10.10.1981;0;1
KAHMERAN;1;12.3.1938;0;1
MEFAIT;1;26.5.1979;0;1
FURUK;1;24.10.1934;1;0
APER;2;7.1.1958;0;2
GUDIRED;1;11.6.1980;0;1
MIMMEHMET;1;27.5.1980;1;0
SECRETTINDUR;1;25.11.1958;0;1
GULSENHAMIDE;1;1.3.1938;0;1
YURTICIN;2;17.2.1956;2;0
CANSON;1;24.7.1952;0;1
BAYDEMET;1;17.2.1948;0;1
BEHIYDE;1;17.2.1960;0;1
LEHRA;1;17.8.1954;0;1
UMURZAK;1;28.2.1950;1;0
MUSANIYE;1;14.6.1972;0;1
LUTEM;1;14.9.1963;0;1
AZITTA;1;18.11.1965;0;1
ERBURUS;1;28.7.1988;1;0
SOLEDAD;1;13.11.1949;0;1
ERDESAR;1;11.11.1954;1;0
HAVUSKE;1;12.8.1953;0;1
YUNUSA;1;11.2.1962;0;1
SUERKAN;1;27.2.1950;1;0
SAVIYA;1;21.5.1933;0;1
KARAGNI;1;30.12.1941;1;0
NUVI;1;6.11.1937;0;1
KARACIMSIT;1;22.6.1986;1;0
ENDERALP;1;20.4.1985;1;0
TURNEV;1;1.11.1961;0;1
ITIRIYE;1;24.1.1970;0;1
EDIZCAN;2;12.7.1991;2;0
ERTOROL;1;14.3.1957;1;0
MESKURA;1;12.9.1959;0;1
BILAYIM;1;17.4.1966;1;0
ULVEDA;1;3.4.1979;0;1
ZEBURIYI;1;6.12.1947;0;1
SUBEYNA;1;16.3.1956;0;1
ZUNNURIYE;1;2.3.1945;0;1
AFTUN;1;5.3.1983;1;0
MERNASE;1;25.4.1972;0;1
IBARIYE;1;17.4.1954;0;1
ALIKAMIRAN;1;8.2.1951;1;0
HENDEN;1;18.3.1966;0;1
ANZAVUR;1;6.10.1924;1;0
BEYNER;2;20.3.1973;1;1
ZEVAIDDIN;1;1.3.1949;1;0
AYSELGUN;1;12.6.1959;0;1
SERAPHAN;1;3.10.1977;0;1
ULKIREM;1;15.4.1981;0;1
NURZEREN;1;3.10.1990;0;1
UMALAT;1;7.8.1916;1;0
HATUMA;1;22.4.1967;0;1
BELIRIYE;1;6.2.1941;0;1
MUPIT;1;14.3.1959;1;0
KAYIRBENAT;1;9.4.1951;0;1
ERGAL;2;11.7.1944;2;0
MUHASSENE;1;7.8.1960;0;1
MUTEDIN;1;22.12.1970;1;0
HAMIDETDIN;1;16.3.1975;1;0
CUMADEFER;1;24.12.1943;0;1
ZURREV;1;21.5.1946;1;0
ABDULFERHAT;1;6.6.1950;1;0
NASFE;2;19.8.1964;0;2
VEDNAN;1;12.1.1957;1;0
AYYUK;1;22.10.1932;1;0
DAGIZDAN;1;29.3.1944;1;0
IRAYLI;1;27.4.1938;0;1
ODILEA;1;28.1.1953;0;1
SEFEREMRE;1;28.10.1979;1;0
HIMMETCAN;1;30.9.1953;1;0
SALVER;2;13.3.1945;0;2
ULFED;1;6.11.1941;0;1
UNU;1;4.3.1965;0;1
HUMYE;1;22.5.1972;0;1
SEKGUR;1;7.4.1979;1;0
GULHIGAR;1;27.11.1962;0;1
YADENUR;1;27.2.1992;0;1
GUROLHAN;1;5.2.1972;1;0
HELIA;1;18.10.1979;0;1
ASLIHANGUL;1;7.2.1976;0;1
SONIS;1;26.1.1945;0;1
UMUZADE;1;27.8.1920;0;1
TUNCEMRE;1;24.9.1978;1;0
MUFIBE;1;2.5.1963;0;1
KIRDAGUL;1;1.9.1974;0;1
TANBAS;1;29.3.1936;0;1
PERAYE;2;29.5.1939;0;2
ULDEM;1;2.2.1981;0;1
GULREHAL;1;2.5.1969;0;1
ULKUTAY;1;19.11.1948;0;1
GURCAGIL;1;6.1.1991;1;0
RIDVANNAMI;1;8.1.1972;1;0
TEYDA;1;29.12.1968;0;1
ZUAF;1;23.10.1968;1;0
JAVIDAN;1;18.9.1961;0;1
SUHAVETTIN;1;26.6.1943;1;0
OTHAN;2;19.9.1974;2;0
AKAHAN;1;30.3.1974;1;0
ZUNA;1;27.8.1920;0;1
NEGRIYE;1;16.3.1927;0;1
ZULEHE;1;2.6.1957;0;1
YOLTEKIN;1;5.11.1950;1;0
ESEDI;1;24.9.1979;1;0
DELILAH;1;8.12.1990;0;1
BILGIAY;1;7.2.1976;0;1
ZILSAT;1;1.11.1934;0;1
MURTEZAHALIM;1;4.8.1967;1;0
NIZAMGUL;1;17.5.1972;0;1
ELIYDE;1;20.3.1963;0;1
UMBUYE;1;17.12.1975;0;1
ALIMAHBOP;1;19.10.1959;1;0
SUCEATTIN;2;29.1.1976;2;0
SENALYURT;1;11.9.1970;1;0
KETAVUN;2;13.4.1952;0;2
MIRAP;1;28.10.1973;0;1
NURZAHIDE;1;28.4.1944;0;1
KAHRIBENT;1;8.8.1949;0;1
OMUREL;1;6.2.1972;1;0
SAHVIYE;1;12.3.1984;0;1
GUNSEYAL;1;2.8.1933;0;1
BIRFIDAN;1;21.12.1976;0;1
DEMIRBILEK;2;8.7.1980;2;0
UNUN;1;7.8.1940;1;0
MUZEN;1;22.2.1943;0;1
SAMAKAN;1;11.5.1955;0;1
HEYSUR;1;22.12.1941;1;0
NAHISA;1;1.2.1960;0;1
FERITKAN;1;11.10.1960;1;0
NASIBIM;1;19.3.1968;0;1
NESUME;1;1.12.1967;0;1
MUHTAZEM;1;6.4.1974;0;1
AFETDIN;1;26.4.1959;1;0
IHIYYE;1;21.2.1951;0;1
EYUPBAKI;1;30.7.1966;1;0
GAZET;1;15.9.1970;0;1
AYLASEN;1;27.6.1977;0;1
ALEMDAG;1;12.4.1977;1;0
SEZAYEDDIN;1;12.8.1941;1;0
AVVAMIL;1;21.9.1974;1;0
MAFITTIN;1;8.4.1965;1;0
EMMALETTIN;1;13.12.1963;1;0
PILEVNE;1;27.12.1984;0;1
CAYDIZ;1;19.8.1981;0;1
NEJIVAN;1;3.7.1978;0;1
TASKADI;1;6.1.1957;0;1
ENIHUR;1;29.11.1987;1;0
KANIYMET;3;10.4.1968;0;3
BAYRAMFERIT;1;3.11.1963;1;0
CENHUR;1;3.7.1983;0;1
ZUYE;1;22.5.1954;0;1
AYRIDIN;1;5.11.1968;1;0
SELDCAN;1;7.4.1990;1;0
ERGULAN;1;14.12.1974;0;1
GUNEYD;1;18.6.1982;1;0
MAKDALENA;1;3.3.1990;0;1
GULENDEP;1;11.4.1974;0;1
ALICEMALI;1;17.6.1954;1;0
ZUSEN;1;6.11.1956;0;1
NEHPARE;1;7.12.1950;0;1
ALTANAI;1;22.5.1979;0;1
BEKIRSITTIK;1;11.8.1988;1;0
M.MUNIP;1;18.11.1956;1;0
TONGUZ;1;15.5.1929;1;0
CANTOR;1;1.1.1937;1;0
HORUC;1;22.3.1961;1;0
REHAM;1;21.3.1980;0;1
OYTUM;1;12.2.1986;1;0
MERVADE;1;2.8.1937;0;1
IVRIHA;1;17.10.1967;0;1
SAHIMDE;1;26.10.1971;0;1
ZINAYDIN;1;7.4.1973;1;0
VERIGAR;1;16.5.1951;0;1
GULMEBIYAN;1;12.4.1954;0;1
BADAD;1;6.3.1937;0;1
MURSEYDE;1;22.2.1961;0;1
TEFSIR;3;19.4.1969;0;3
MUZIYNEL;1;13.12.1962;0;1
GULFAZIYE;2;17.9.1962;0;2
IFAY;1;13.3.1953;0;1
URGUB;1;29.5.1969;1;0
BAHAYAT;1;1.1.1;0;1
SATICAN;1;3.10.1991;0;1
NADEN;1;11.10.1948;0;1
ABDILGAZI;2;12.7.1960;2;0
MEHPERA;2;21.2.1967;0;2
MOUKMENAT;1;1.8.1968;0;1
MEKARIYE;1;22.2.1949;0;1
KUBRAHA;1;9.12.1983;0;1
UMMURRAZIYE;1;6.5.1937;0;1
ABTIRRAHIM;1;17.3.1954;1;0
SINAF;1;1.6.1955;0;1
SUNNULLAH;1;7.5.1952;1;0
HASEMET;1;18.3.1960;1;0
TERGUN;1;9.6.1953;1;0
NESLAGAN;1;18.6.1970;0;1
ERGA;1;17.2.1978;1;0
NERMUS;1;23.1.1959;0;1
ISMU;1;21.8.1970;0;1
NAKSIBENT;2;13.5.1955;2;0
LABAT;1;26.11.1960;0;1
EMSADE;1;11.3.1956;0;1
BINNIGAR;1;22.10.1967;0;1
MEBROKE;1;6.9.1965;0;1
HABIY;1;5.3.1951;0;1
PEKIZA;1;3.9.1949;0;1
OZURE;1;12.6.1976;0;1
HANIMTAT;1;28.4.1938;0;1
AFVACAN;1;6.3.1948;0;1
JAZIYE;1;23.3.1959;0;1
ENAMIYE;1;2.7.1945;0;1
GOLPER;1;17.10.1948;0;1
LEHBIHANIM;1;17.7.1964;0;1
MERIVE;1;7.4.1970;0;1
SIFAZE;1;18.11.1961;0;1
MUZEVVE;1;9.10.1947;0;1
SEYITDOGAN;1;17.5.1954;1;0
SUMEYBE;1;2.10.1949;0;1
BUAHIT;1;23.2.1958;0;1
HAVARIYE;1;13.3.1953;0;1
BENLIADIL;1;16.11.1927;1;0
NAZIYER;1;1.7.1966;0;1
EMBIYAT;1;26.12.1961;0;1
KORDALE;1;16.11.1963;0;1
BEGINET;1;22.6.1983;0;1
SUFAYETTIN;1;27.4.1944;1;0
FILNUR;1;7.8.1946;0;1
SOZ;1;9.5.1928;0;1
EMNURIYE;1;23.11.1952;0;1
UFIT;1;3.10.1956;1;0
TIZGAN;1;11.6.1961;0;1
EVANE;1;2.8.1927;0;1
ERUMIYE;1;7.3.1928;0;1
ALPLER;1;17.4.1982;1;0
VEFAHADDIN;1;19.9.1963;1;0
KUTRETTIN;2;4.8.1967;2;0
FEMAYET;1;7.8.1952;1;0
HANLIYE;1;4.7.1969;0;1
KARABATUR;1;8.10.1976;1;0
ENFIZE;1;23.5.1955;0;1
HUDUT;2;15.8.1968;2;0
HARBIYEGUL;1;2.9.1975;0;1
OZIC;1;28.6.1989;1;0
SOGLEP;1;10.4.1986;1;0
NEYLEHAN;1;8.7.1970;0;1
OZ.;1;17.4.1970;1;0
MIYAYIL;1;22.9.1961;0;1
BEYAMUL;1;9.5.1966;1;0
MEVRIN;1;21.7.1985;0;1
NURNEZA;1;13.8.1972;0;1
TENHOR;1;8.2.1976;0;1
CENKGAZI;1;24.7.1976;1;0
ALICANDAS;1;22.7.1949;1;0
COKCETIN;1;24.10.1970;1;0
SEVENNUR;1;11.11.1977;0;1
TOYGARHAN;1;17.8.1989;1;0
MACUBE;2;17.7.1944;0;2
REKURE;1;16.12.1955;0;1
MESRUBE;1;24.12.1983;0;1
MEHMETMAHIR;1;7.2.1950;1;0
HEZGIN;1;17.5.1966;1;0
GULBAHT;1;22.6.1955;0;1
OZULDANIYE;1;12.2.1941;0;1
GULENDIM;1;9.8.1954;0;1
CEZIZ;1;18.2.1960;1;0
SEFISE;1;18.6.1946;0;1
BEYTIS;1;2.8.1933;1;0
ZILIK;1;22.11.1963;0;1
NERCEVAN;1;17.4.1928;0;1
SAYNAS;1;16.10.1939;0;1
KULFUZAR;1;19.3.1948;0;1
SOLU;1;22.8.1931;0;1
ABDILYASAR;1;30.7.1981;1;0
MIDAVIR;1;11.6.1975;1;0
AKABERK;1;16.4.1986;1;0
OMERFARRIK;1;13.3.1939;1;0
MUFRECAZ;1;21.2.1965;0;1
GULUMAR;1;3.11.1950;0;1
GULNAHAN;2;2.3.1948;0;2
MAHFIRAZ;1;12.4.1941;0;1
ZULAFE;1;24.2.1942;0;1
LATIM;1;2.8.1933;1;0
MUKATDERET;1;25.6.1978;0;1
SAMUZAR;1;17.4.1964;0;1
MERMERSAH;1;17.8.1924;0;1
IRMESEN;1;4.3.1957;0;1
ATALI;1;13.11.1956;1;0
DUNAMI;1;10.4.1961;1;0
MABA;1;22.8.1968;0;1
SAFETIYE;1;17.7.1944;0;1
MUAZIZE;1;21.5.1965;0;1
OJAY;1;10.7.1989;1;0
AFU;1;7.2.1940;0;1
BEYSULLAH;1;22.2.1935;1;0
GULPEZIK;1;26.5.1954;0;1
SAFATI;1;1.4.1973;0;1
MITYAT;2;8.8.1970;2;0
KARABUBER;1;4.3.1937;0;1
ULFIDA;1;3.6.1977;0;1
KUNES;1;22.3.1955;0;1
FATIMATIZEHRA;1;1.12.1976;0;1
EMELAYSEL;1;16.2.1957;0;1
TUSER;1;17.12.1985;1;0
KURTATAY;1;1.12.1936;0;1
BASAFA;1;7.4.1946;0;1
BILGAIP;2;22.1.1960;2;0
OLMEZHAN;1;2.4.1962;0;1
BESLAMI;1;14.12.1984;1;0
EPNAN;1;3.9.1967;0;1
OZERMERT;1;14.7.1991;1;0
MUAMMEDIYE;1;6.1.1945;1;0
EDYE;1;27.6.1942;0;1
EBABUL;1;8.6.1941;0;1
TINET;1;29.5.1931;0;1
REMSEN;1;27.8.1950;0;1
REZMIGAN;1;17.6.1931;0;1
GULSIHEM;1;25.7.1986;0;1
ENURTEN;1;1.10.1936;0;1
CINARCAN;1;2.10.1989;1;0
AKSUNUR;1;12.11.1971;1;0
NUHRUNNISA;1;4.8.1967;0;1
CIZE;1;7.6.1986;0;1
HENDESE;1;12.8.1929;0;1
USNAH;1;13.12.1967;0;1
AYTIS;1;5.5.1936;0;1
BELDIN;1;7.4.1966;1;0
HELDAN;1;30.12.1978;0;1
REVANNUR;1;14.11.1964;0;1
MURETTEP;1;21.3.1951;0;1
SOVAL;1;2.6.1979;0;1
CUMAHATTIN;1;27.7.1962;0;1
NEVNEDA;1;7.8.1940;0;1
O''BEN;1;9.4.1965;0;1
INVAN;1;7.8.1934;1;0
FEHMINDAR;1;18.5.1952;1;0
YUMAHAN;1;7.2.1930;0;1
TESVIYA;1;11.12.1972;0;1
VELDIHA;1;16.12.1956;0;1
FEHDAH;1;26.2.1963;1;0
BENLIZADE;1;1.9.1958;0;1
MENNIGUL;1;12.8.1941;0;1
CANDARBEY;1;16.9.1959;1;0
AYDANOL;1;1.2.1942;1;0
JAHIDE;1;19.7.1947;0;1
NAZIFEI;1;2.8.1927;0;1
BULDEN;1;8.7.1953;0;1
PERKUNDE;1;17.8.1942;0;1
HATEMIM;1;2.8.1963;0;1
FITDAN;1;17.6.1946;0;1
MERHURE;1;13.6.1968;0;1
MAMURYE;1;4.8.1953;0;1
SEPIYA;1;24.2.1973;0;1
NEDIVIYE;1;14.3.1965;0;1
MUZAFFERYE;1;24.1.1937;0;1
UYKURE;1;25.4.1935;0;1
ISMIH;1;14.1.1963;0;1
SIV;1;17.8.1936;0;1
CIHANDIR;1;11.3.1985;1;0
SEBILAH;1;6.11.1936;0;1
ERGENEGON;1;1.3.1940;1;0
NAMDAN;1;24.10.1935;0;1
ODAIYE;1;13.10.1927;0;1
LINEFER;1;1.9.1937;0;1
HAYKURT;1;26.6.1979;1;0
SAFAHETTIN;1;2.6.1951;1;0
FATANET;1;17.6.1961;0;1
OKUYAN;1;2.3.1963;1;0
ECEMGUL;1;29.2.1991;0;1
ENCIMEN;1;21.5.1971;1;0
GOKCENK;1;25.6.1972;1;0
MUZEKKEL;1;25.10.1943;1;0
PUVAT;1;2.8.1933;1;0
BERUZAR;1;7.8.1952;0;1
AYMUT;1;27.2.1944;1;0
KEMAHA;1;13.10.1929;0;1
GORKLAY;1;9.12.1987;0;1
ATIHAN;1;1.11.1986;0;1
TASEMIN;1;6.4.1961;0;1
VICHAN;1;26.2.1961;0;1
ABDIRAHMAN;1;7.3.1952;1;0
BENLIABDULLAH;1;3.6.1926;1;0
VICRE;1;23.1.1959;0;1
TERAY;2;7.5.1979;0;2
KEMIRA;1;16.6.1959;0;1
BORZADE;1;2.8.1933;0;1
SUNAHIYE;1;7.3.1926;0;1
HASANALP;1;30.7.1991;1;0
GURDES;2;22.10.1974;0;2
HUNAYRA;1;11.3.1954;0;1
EFHAME;1;12.7.1965;0;1
BILAZ;2;1.10.1954;0;2
FIYASET;2;12.3.1962;1;1
MIRTESIN;1;8.1.1972;1;0
TURGUTCAN;2;10.10.1987;2;0
MUBERRANUR;1;6.9.1990;0;1
TAHAVETTIN;1;7.6.1984;1;0
ILIRE;1;21.6.1978;0;1
YUSFITTIN;1;30.8.1961;1;0
KARIPCAN;1;18.3.1966;0;1
TOMIK;1;12.8.1923;0;1
GENDIHAN;1;27.2.1962;0;1
NURRAL;1;2.10.1986;1;0
BURSALE;1;1.6.1956;0;1
ERGULHAN;1;26.4.1967;0;1
TURKSONMEZ;1;3.11.1986;1;0
TANRUBA;1;23.2.1959;0;1
BURHANALI;1;1.2.1949;1;0
FURKAHAN;1;17.7.1987;1;0
SAMAYKA;1;22.8.1937;0;1
SEZAYIYE;1;3.9.1958;0;1
SAHIKAGUMRAH;1;2.9.1988;0;1
SEFFANIYE;1;1.2.1956;0;1
SAVASALP;1;7.3.1989;1;0
SEFYANETE;1;22.3.1967;0;1
MISTRAL;1;26.11.1988;0;1
HASENEN;1;23.4.1961;0;1
NERMIZE;1;29.4.1966;0;1
ICRE;1;1.1.1975;0;1
KIRAZALI;1;4.7.1966;1;0
IZGICEM;1;4.6.1988;1;0
M.SEBAHATTIN;1;11.1.1939;1;0
HAVAZIYE;1;26.9.1971;0;1
MESEDDIN;1;11.4.1938;1;0
ZEMURHAN;2;5.11.1942;2;0
ERTURULGAZI;1;22.8.1973;1;0
ELIL;1;13.2.1966;1;0
BEYAHTIN;1;27.2.1982;1;0
ICAZI;1;26.6.1947;1;0
HAZEC;1;12.6.1943;0;1
ATAKANGAZI;1;22.8.1983;1;0
KULUZAR;1;23.6.1956;0;1
MUSTALIP;1;26.1.1952;1;0
GULYAZI;1;20.2.1989;0;1
UMUGUSSUM;1;11.6.1949;0;1
SEMIFE;1;17.8.1936;0;1
KIPIYE;1;22.8.1931;0;1
CEVLIK;1;13.10.1976;0;1
ECIMEL;1;28.6.1980;0;1
SELIVAT;1;1.11.1965;0;1
NECATETTIN;1;6.8.1932;1;0
HUSNEN;1;12.2.1941;0;1
FADAYIL;1;16.6.1979;1;0
GULMARAL;1;28.5.1976;0;1
MARFE;2;28.12.1956;0;2
SEHALEYI;1;11.1.1975;0;1
MEHRIDAG;1;28.8.1956;0;1
ZUHRAHAN;1;7.8.1976;0;1
IREMET;1;17.7.1975;1;0
GULTEMEL;1;16.5.1970;0;1
FEYADIS;1;25.6.1942;1;0
SABIRLAH;1;2.2.1975;1;0
ESANPERI;1;7.2.1964;0;1
SAHZELI;1;21.8.1939;0;1
DILERSIN;1;6.8.1975;0;1
NURSAHAN;1;23.5.1955;1;0
BERIY;1;19.2.1963;0;1
EMBANIYE;1;8.2.1967;0;1
FEREMZE;1;27.1.1950;0;1
RUHCEN;1;3.10.1968;0;1
LEFILE;1;28.10.1956;0;1
MONEY;1;3.3.1957;0;1
ZIBAG;1;17.8.1936;0;1
AYYUR;1;29.4.1937;0;1
MAPUZE;1;6.7.1966;0;1
ANIMSER;1;16.1.1988;0;1
HERHER;1;30.2.1932;0;1
TASKINOGUZ;1;16.2.1980;1;0
GULSUSEN;1;19.6.1967;0;1
LUHMAN;1;20.5.1946;1;0
SAGGIRE;1;11.8.1985;0;1
ZINIVER;1;7.8.1934;0;1
ESBET;1;4.7.1963;1;0
TAFLIYE;1;7.8.1934;0;1
M.GULLU;1;17.2.1960;1;0
MENSABE;1;21.5.1941;0;1
BECIN;1;30.8.1976;0;1
MUTTAMI;1;11.5.1948;1;0
AYALETTIN;1;17.4.1956;1;0
ILELEBET;1;12.3.1983;1;0
MULKESIME;1;16.4.1976;0;1
ZANBAKA;1;22.8.1931;0;1
TAYLON;1;16.9.1974;1;0
MAKSODE;1;22.5.1973;0;1
ZITTIYGA;1;22.9.1967;0;1
CEMADIN;1;14.11.1941;1;0
SELFENET;1;11.3.1934;0;1
MUPERRAH;1;12.3.1959;0;1
MAHMULA;1;22.4.1937;0;1
HACIGULSUM;1;26.10.1953;0;1
TEMOCINHAN;1;11.6.1989;1;0
SURAKEN;1;17.3.1954;1;0
RIYAKAT;1;11.5.1938;0;1
ZELGUZER;1;11.11.1982;0;1
NAZMIDIN;1;12.1.1970;1;0
NADAGUL;1;12.11.1965;0;1
GOLUL;1;14.4.1963;0;1
MOSDE;1;16.11.1978;0;1
MECDIHA;1;24.3.1972;0;1
GURSADE;1;26.9.1931;0;1
GELMAN;1;17.1.1954;0;1
FAHAN;1;25.11.1960;1;0
ALTINAL;1;24.6.1982;1;0
ERHANE;1;17.2.1954;0;1
ARS;1;14.11.1972;1;0
MEHSULE;1;6.7.1967;0;1
HUSNIAY;1;3.5.1957;0;1
GUDEVER;1;7.9.1950;0;1
HURIL;1;27.6.1943;0;1
HUSNINUR;1;29.8.1965;0;1
MUNHAR;1;7.4.1940;0;1
CELALETTIN.;1;17.9.1976;1;0
YA;1;28.5.1980;1;0
VESERE;1;22.3.1973;0;1
MUGBIR;1;26.5.1945;1;0
EBRUTALIP;1;7.4.1976;1;0
YURDUBIL;1;3.1.1974;1;0
GULSERAH;2;28.9.1957;0;2
MIYRIC;1;18.5.1970;0;1
SUKRUFE;2;24.3.1955;0;2
VELINAS;1;14.5.1963;0;1
RAYIGEN;1;30.3.1949;0;1
GURUZIDE;1;3.10.1965;0;1
CENAMAN;1;9.12.1934;0;1
ULET;1;26.7.1930;0;1
PAMEY;1;9.10.1958;0;1
GAFFARSADIK;1;1.4.1952;1;0
SIHIMAM;5;6.6.1959;5;0
CEMISAT;1;28.3.1992;1;0
MULTEZE;1;4.4.1963;0;1
ACEMEY;1;2.5.1975;0;1
BEHTINAZ;1;17.2.1966;0;1
SEYMUNA;1;4.5.1975;0;1
SIHMERDAN;1;17.2.1966;1;0
OZUBUYUK;1;10.1.1982;0;1
AYNOY;1;23.4.1955;0;1
SULTANSIBEL;1;22.3.1981;0;1
SIRIHUSEYIN;1;26.3.1953;1;0
ALITARIK;1;7.2.1976;1;0
PEREY;1;20.1.1948;0;1
PAYO;14;7.5.1954;14;0
HACIVAKKAS;1;11.4.1991;1;0
DELIBEY;1;2.2.1939;1;0
MEHMETTEYFIK;1;6.4.1968;1;0
SAITMEHMET;1;27.8.1950;1;0
YASINSIRRI;1;6.10.1971;1;0
ASTAN;1;12.10.1947;0;1
MIRVER;2;13.2.1977;0;2
ZAHATTIN;1;27.2.1983;1;0
ARZEY;2;20.6.1921;0;2
BINAZEY;1;27.2.1956;0;1
DILFERAZ;1;27.7.1950;0;1
ZOHREYILDIZ;1;25.12.1961;0;1
BIODO;1;8.6.1940;1;0
SIHMEHMED;2;19.4.1978;2;0
MEYBA;1;11.9.1987;0;1
CILEY;2;6.10.1935;0;2
MEFLIYE;1;2.12.1969;0;1
EZBAH;1;7.2.1964;1;0
ESRETE;1;8.10.1970;0;1
FRIDEVS;1;17.3.1982;0;1
GEBUS;1;22.8.1925;0;1
CIHAP;1;22.7.1978;1;0
SEVRAD;1;13.11.1959;0;1
RAGSAN;1;22.6.1991;0;1
ABDUGAFFAR;1;17.2.1948;1;0
MENELI;1;16.3.1972;0;1
MUGIZ;1;6.5.1936;0;1
ZOHRETUL;1;5.9.1953;0;1
UMMURUMAN;1;5.7.1957;0;1
BENICAN;1;17.6.1948;0;1
VASILIYE;1;5.11.1951;0;1
NELBI;1;2.3.1951;0;1
AKSUDE;1;10.5.1964;0;1
BEYTUHA;1;23.4.1931;0;1
ABIDAR;1;16.2.1970;0;1
FURDEVST;1;30.1.1974;0;1
GULMANSIR;1;28.3.1950;0;1
SITTINAZ;1;7.9.1948;0;1
TOYLU;1;27.1.1951;1;0
IMIRSAM;1;7.9.1950;1;0
MAKAYIL;1;16.9.1968;1;0
RAHANET;1;13.12.1953;0;1
HABIDIYE;1;30.5.1942;0;1
OZERKAN;1;22.8.1987;1;0
FAZULE;1;19.11.1933;0;1
BAGDIYE;1;21.12.1980;0;1
SERDULLAH;1;28.8.1987;1;0
MUNYESER;1;1.9.1984;0;1
MIDIRET;1;27.2.1974;1;0
SEYDANLI;1;23.10.1983;1;0
NUHIRE;1;7.2.1952;0;1
NEDUA;1;22.2.1967;0;1
SEYLEVENT;1;1.7.1972;0;1
SELILE;1;15.9.1947;0;1
AKUBIN;1;5.10.1973;1;0
LUTFICIHAN;1;4.4.1945;0;1
FARUGA;1;1.9.1965;0;1
SAHDED;1;16.9.1982;0;1
GOLLUCE;1;22.2.1951;0;1
BOYTAL;1;17.2.1966;0;1
CHINAL;1;18.2.1981;0;1
TENNIR;1;6.12.1962;1;0
HATUM;1;22.2.1967;0;1
GOLCUN;1;14.1.1976;0;1
BALTALI;1;27.12.1950;1;0
TACLIHAN;3;18.5.1979;0;3
BATALO;1;1.1.1;1;0
OZOV;3;29.7.1955;0;3
BAGNUL;1;26.10.1977;0;1
HUSRUT;1;7.5.1964;1;0
GEYYAD;1;4.5.1945;1;0
KAZMI;1;17.2.1966;0;1
SEBUHE;1;18.3.1960;0;1
DULUK;4;3.6.1951;4;0
AYSEGUZ;1;12.5.1958;0;1
ASIYAGUL;2;17.5.1975;0;2
MAJDIN;1;18.7.1938;0;1
NEHA;1;18.7.1950;0;1
OZAYNUR;1;12.2.1964;0;1
SIREVAN;1;12.2.1951;0;1
PAYIZER;1;22.2.1937;0;1
DUYER;1;5.2.1966;1;0
KANPAN;1;22.2.1955;1;0
OZSIN;1;7.2.1946;0;1
ASUMARAL;1;16.3.1979;0;1
M.FEYZULLAH;1;27.5.1962;1;0
SIHTAHA;3;7.1.1951;3;0
ZALHI;1;23.12.1929;0;1
GULSELINE;1;18.5.1979;0;1
NABIGUL;1;21.5.1977;0;1
VEZLEY;1;22.6.1967;1;0
BENJEMINO;1;1.2.1984;1;0
SEYNAL;3;10.6.1973;1;2
HAZELEY;1;12.8.1935;0;1
OLCAKAN;1;17.2.1966;0;1
HUSSAVEY;1;17.2.1942;1;0
MARGIZAT;1;28.2.1942;1;0
SIHCEMALETTIN;1;22.4.1984;1;0
GULNIYAR;2;29.10.1960;0;2
EMMUGULSUM;1;12.5.1971;0;1
SEYITVAKAS;1;27.12.1986;1;0
ARIFAN;1;11.9.1974;1;0
ABDULKADUR;1;15.10.1990;1;0
FERITFUAT;1;11.11.1978;1;0
MUDER;1;22.2.1978;1;0
KAMMUN;2;19.9.1978;0;2
DERSEHAN;1;7.2.1964;0;1
CIMEY;1;7.8.1934;1;0
KIBLE;2;16.1.1956;1;1
TEVDIA;1;3.4.1991;0;1
FATDUM;1;22.2.1961;0;1
GULBEM;1;11.4.1948;0;1
SELMAHAR;1;22.2.1957;0;1
B;1;13.6.1971;0;1
SIHMUSLIM;1;11.12.1979;1;0
AHMETKEMAL;1;27.7.1983;1;0
NEDUME;1;27.2.1950;0;1
GUNUYAR;4;3.5.1958;0;4
FURDUS;3;15.5.1955;0;3
MENDERIS;1;15.2.1965;1;0
DUMBELEK;1;17.8.1936;1;0
ILKENDER;1;14.2.1971;1;0
TAHIDAD;1;17.2.1966;0;1
PERINC;1;2.8.1982;0;1
SONELHAN;1;15.3.1982;0;1
TENSIRE;1;3.4.1974;0;1
DIYDIYAT;1;27.2.1956;0;1
COZAN;4;28.7.1964;4;0
BINANT;1;22.2.1961;0;1
OFES;1;21.3.1947;1;0
MICHAN;2;27.6.1964;2;0
CAVHAR;3;29.6.1946;2;1
UMMUC;3;6.12.1949;0;3
ARABIS;1;12.3.1947;0;1
TEBDIL;1;7.2.1976;1;0
ENSUM;1;27.8.1944;0;1
REZYE;1;7.2.1952;0;1
MOHTUBER;1;26.11.1976;0;1
VEZAHIR;1;6.9.1980;1;0
MUYESEL;1;17.10.1984;0;1
M.ZEKERIYA;1;12.8.1935;1;0
FLIZ;1;7.10.1984;0;1
ABDILMETIN;1;27.11.1986;1;0
BESINEY;2;4.7.1959;0;2
AHMEDO;1;12.8.1929;1;0
MAMATO;2;26.11.1952;2;0
UZO;2;26.11.1961;2;0
ZUGBA;1;27.4.1956;1;0
KENNO;1;27.8.1932;1;0
BASREY;1;2.8.1933;1;0
HIFLEY;1;13.2.1971;1;0
HETTUP;6;9.2.1956;0;6
VESEDDIN;1;23.6.1959;1;0
ERLEP;1;7.5.1972;1;0
BASRAVEY;2;1.10.1962;2;0
BINDIK;1;26.6.1978;1;0
GUZEYYIN;1;1.3.1957;0;1
NUTAC;1;17.2.1954;0;1
MUSLA;1;16.5.1952;1;0
OGUZHANTURK;1;21.8.1978;1;0
SOCAN;1;21.8.1976;0;1
APTULMUTTALIB;1;17.11.1978;1;0
BILSEHER;1;2.5.1971;0;1
RUZIFE;1;11.4.1961;0;1
OZUMIT;2;9.10.1960;2;0
ZAKO;1;4.8.1981;0;1
SONBAK;1;3.8.1950;0;1
IMILHA;1;2.2.1969;1;0
LUTFIYENAZ;1;2.11.1957;0;1
KHATICE;1;16.1.1981;0;1
KEMEHAN;1;29.12.1987;0;1
MIDAHAR;1;22.2.1967;1;0
MORCA;1;21.2.1942;1;0
NESERET;1;22.2.1971;0;1
HOCUK;1;12.2.1941;1;0
AFFETTIN;1;22.4.1973;1;0
HAYLO;1;27.5.1948;1;0
NIGDAR;1;8.3.1951;1;0
RUMVAN;1;12.8.1929;0;1
KADRICELALETTIN;1;7.2.1977;1;0
HACUK;1;6.6.1954;1;0
AYT;1;11.12.1972;1;0
KUCUKAYSE;1;7.3.1946;0;1
SEPTIALIM;1;8.4.1990;1;0
DARCIL;1;1.8.1991;0;1
RAHRE;1;2.8.1939;0;1
GUBANU;1;17.2.1978;0;1
HALIMERTUZ;1;6.4.1965;0;1
SAHABAN;2;19.5.1961;2;0
ISMUNUR;3;16.9.1978;0;3
AZZAT;1;11.12.1945;1;0
LEVCIVAN;1;18.7.1970;0;1
CAKVAN;1;4.3.1967;1;0
NELUHA;1;22.5.1967;0;1
SEHEY;1;12.1.1959;1;0
COZEN;2;14.2.1965;2;0
EHZAT;1;29.3.1970;1;0
KOROTUM;1;7.8.1928;1;0
FERIZHA;1;11.2.1948;0;1
HOZNE;1;22.2.1949;0;1
NURCAR;1;6.4.1985;0;1
SERVAK;1;26.12.1934;1;0
SELLUT;1;17.2.1942;1;0
EPEY;2;5.11.1945;0;2
MICHEM;1;7.5.1940;1;0
GAZZELE;1;17.2.1966;0;1
SARILE;1;21.3.1948;0;1
EYDE;1;12.8.1917;0;1
MERDISAH;1;1.1.1;0;1
BAYAZETTIN;1;24.2.1954;1;0
MUSTIRE;1;24.10.1970;0;1
PERMUT;1;2.2.1951;0;1
RAHAVI;1;11.2.1946;1;0
SOFKET;1;12.3.1966;1;0
UYGAL;1;23.2.1967;0;1
ELIKDER;1;25.7.1981;0;1
GILLAZI;1;12.8.1935;1;0
BAKDISAN;1;29.8.1960;0;1
MUSTAFAOZAN;1;11.7.1981;1;0
MAZKIN;1;14.1.1977;0;1
RUSVEN;1;17.2.1978;1;0
CELEMI;2;27.2.1962;2;0
DOGAGUL;1;30.3.1980;0;1
IFTADYA;1;2.2.1951;0;1
ABDUSSUPHAN;1;18.4.1983;1;0
MUNCIME;1;1.8.1977;0;1
EVGUN;1;27.3.1973;0;1
PEREL;1;16.6.1953;0;1
SOHREBIL;1;12.6.1973;1;0
FAHMANE;1;18.4.1971;0;1
MUHATTERE;1;17.8.1960;0;1
EJDEN;1;22.2.1961;0;1
ZETEY;1;19.3.1936;0;1
GURSEYIT;1;17.9.1972;1;0
ESEMETTIN;1;6.5.1971;1;0
AKIBIN;1;17.5.1978;1;0
TUFFAL;1;17.8.1930;0;1
SEFADAR;1;13.7.1983;0;1
GEZEY;1;8.12.1974;0;1
ZERKIY;1;12.5.1947;0;1
HUMMAT;1;22.6.1967;1;0
ETIMES;1;12.9.1977;0;1
NEFUZ;5;18.10.1947;0;5
FIRDOVUS;1;4.6.1963;0;1
RAVISE;1;22.8.1925;0;1
HUDUS;1;17.2.1948;0;1
SURUBE;1;15.4.1992;0;1
NUHBABA;1;18.4.1984;1;0
SEBATGUL;1;22.4.1986;0;1
SAHADEN;1;21.11.1959;0;1
RABECCA;1;17.8.1991;0;1
CARMAN;1;17.2.1972;1;0
AYBARZ;1;4.4.1981;1;0
MUZZAFFAR;1;23.6.1965;1;0
SIHOMUSLUM;1;17.2.1960;1;0
BELK;1;7.8.1979;1;0
ZEBHRA;1;27.1.1978;0;1
GULUMTER;2;7.5.1958;0;2
IGDO;1;27.3.1944;1;0
VECVELIYETU;1;7.2.1970;0;1
NUKRAY;1;25.10.1970;0;1
KEKEY;1;22.2.1931;1;0
MEBBE;1;24.5.1958;0;1
DIREY;1;27.8.1920;1;0
YABSEMIN;1;22.9.1978;0;1
DAVEY;1;2.2.1945;0;1
MESTIYEN;1;22.2.1967;0;1
APPUS;1;12.8.1923;1;0
ZAHATIN;1;22.2.1979;1;0
OLGACAN;1;18.2.1990;0;1
ELUSE;1;15.10.1991;0;1
SEMEKAR;1;9.2.1949;1;0
ZAYEDDIN;1;2.2.1975;1;0
HACCAC;2;3.9.1959;2;0
BORLAHAN;1;29.3.1978;0;1
ISLIMEY;1;8.4.1952;0;1
ABDULMUYIM;1;2.6.1962;1;0
SUVEYBA;1;21.12.1983;0;1
FATOSCAN;1;3.6.1982;0;1
NERMAL;1;8.9.1973;0;1
EYSO;1;22.8.1931;1;0
KOTTO;1;16.11.1943;1;0
NEFISKAN;1;3.10.1985;0;1
MUHYE;1;7.1.1958;1;0
IRAHSAN;1;3.3.1975;0;1
CIHANSUURI;1;9.2.1989;1;0
HINDAVEY;1;12.2.1959;1;0
BEDIHANIM;1;26.4.1960;0;1
UCE;1;27.5.1980;0;1
SIHARAP;4;13.8.1952;4;0
KUKERREM;1;22.2.1967;1;0
ADEY;2;19.7.1959;0;2
TUMMEY;4;23.11.1965;0;4
MAM;1;18.2.1928;1;0
ELLOV;1;22.2.1955;0;1
RESTLAN;2;8.9.1981;2;0
DEREY;1;7.1.1958;1;0
CENNUS;1;27.2.1950;0;1
NUKRUYA;1;22.2.1943;0;1
TULAYFER;1;2.3.1954;0;1
CEVIN;1;25.10.1962;0;1
NEKEN;1;6.4.1981;0;1
M.KURDO;1;14.4.1959;1;0
NESBIGUL;1;28.2.1970;0;1
BELLUZER;1;3.2.1963;0;1
HAKAR;1;22.6.1985;0;1
NIYELHAN;1;21.7.1947;0;1
HALIUM;1;13.3.1965;0;1
ISMINER;1;27.8.1938;0;1
CITEY;1;27.4.1932;0;1
ERHUM;1;22.2.1967;1;0
SEHTAN;1;24.10.1961;0;1
MOCUZAT;1;26.3.1960;1;0
TARAY;1;17.2.1966;1;0
LULEFER;1;17.2.1966;0;1
FIRDOVES;1;22.5.1961;0;1
LURBIYE;2;12.7.1959;0;2
TURSU;1;22.2.1961;1;0
FRAZ;1;2.3.1957;0;1
NEZIMGUL;1;22.11.1964;0;1
GULGULUZAR;1;27.6.1991;0;1
TELCEY;2;29.10.1962;2;0
OYRAN;1;24.3.1943;1;0
MIDAYIR;1;17.2.1948;1;0
EFRUL;1;5.9.1976;0;1
MEVZIYET;2;15.8.1959;0;2
HEDDUP;2;2.3.1951;0;2
MESUTDE;1;13.2.1977;0;1
NUKADDER;1;2.2.1987;0;1
HEDDUBA;1;22.2.1955;0;1
HATTUP;1;6.3.1950;0;1
ERAME;1;26.1.1972;1;0
BEYZIK;1;22.2.1967;0;1
ADERYE;1;6.6.1938;0;1
PINARZAT;1;22.2.1955;0;1
NURFELCAN;1;26.11.1957;0;1
KIMYET;2;6.5.1978;0;2
ANEZ;1;3.10.1986;1;0
HETTULE;1;28.6.1944;0;1
DIRCI;1;27.2.1938;1;0
SITTIY;1;8.6.1950;0;1
SEBOY;1;17.1.1978;1;0
IYSE;1;15.6.1953;1;0
SILOV;1;11.5.1937;1;0
CEBRE;1;10.5.1956;0;1
OZGURLUK;1;17.3.1977;0;1
MECHEN;1;2.2.1939;1;0
EKFIN;1;12.3.1983;0;1
NINDAY;1;1.1.1981;0;1
HACOV;1;12.5.1965;0;1
ADDUBE;1;2.4.1963;0;1
KEZZIMAN;1;7.2.1952;0;1
GOZELLEY;1;1.9.1950;0;1
SUBANI;1;17.8.1930;0;1
CELEY;1;14.10.1949;0;1
EMINEZELIHA;1;13.2.1979;0;1
SIRIM;2;10.8.1963;2;0
UCLA;1;7.2.1952;0;1
PIRALIM;1;5.5.1991;1;0
SERDEMGUL;1;23.2.1992;0;1
FERAM;1;7.4.1960;1;0
ABUZEYUT;1;27.6.1942;1;0
NURAAN;1;16.4.1967;0;1
HALAFEDDIN;1;26.8.1991;1;0
MAKFIRAT;1;23.9.1965;0;1
DAGLAT;1;27.8.1932;0;1
ARKIZ;1;22.4.1925;0;1
NEFRAT;1;22.5.1967;0;1
MUHUBIYE;1;12.12.1971;0;1
EBRIYA;1;17.12.1978;0;1
AYIDIN;1;7.6.1970;1;0
RAHMUN;1;16.3.1945;1;0
ZUHREBANI;1;2.4.1948;0;1
CESSIM;1;8.2.1958;1;0
GUFERZE;1;19.6.1936;0;1
ISKENDERCENAP;1;1.7.1982;1;0
SULTAHAN;1;22.6.1943;1;0
HEDEYIM;1;24.6.1974;0;1
SEMSIVAN;1;6.3.1967;0;1
RUKILE;1;2.2.1981;0;1
MAZENDER;1;12.5.1971;0;1
MUBAHA;2;25.5.1960;0;2
BIYANNAME;1;22.8.1961;1;0
ETHEMSUPHI;1;22.12.1981;1;0
NURBEDELI;1;6.4.1966;0;1
ZEHRAFER;1;9.8.1970;0;1
CAKMUR;1;21.10.1981;1;0
BEFIRE;1;2.2.1957;0;1
BIHTERAY;1;3.3.1980;0;1
FARUHBANI;1;6.2.1957;0;1
SIBU;1;24.5.1944;1;0
GUZEYUN;1;23.4.1968;0;1
MUFTEH;1;27.5.1950;1;0
BENGUGUL;1;8.11.1966;0;1
FAZIMET;1;21.2.1947;0;1
MEHMETCANER;1;9.4.1980;1;0
MEVRUNE;1;11.3.1967;0;1
SIBANI;1;26.2.1954;0;1
ARIANE;1;21.12.1987;0;1
AYSEBAGDAT;1;12.8.1923;0;1
NULYEN;1;21.8.1978;0;1
ALYAS;1;28.12.1951;1;0
DEYMAN;1;23.12.1989;1;0
SEHSIBAN;1;6.4.1963;0;1
ZEMMA;1;17.8.1930;0;1
DONELI;1;22.2.1955;0;1
HUSNELI;1;10.3.1957;0;1
GARGEN;1;11.5.1938;1;0
GULLUSUM;1;17.2.1960;0;1
LIVERAN;2;2.2.1945;2;0
ERDEMAY;1;11.11.1969;0;1
SOHME;2;18.5.1939;0;2
GUNNUGAR;1;11.9.1978;0;1
MASSEY;1;19.8.1954;0;1
EMMET;1;12.2.1965;1;0
HADULE;1;12.2.1953;0;1
HARZAN;1;6.11.1950;0;1
MEMIKDEDE;1;2.2.1951;1;0
DURRUYA;1;2.7.1963;0;1
DEVLED;1;25.11.1981;0;1
MAHLIL;1;17.2.1978;1;0
SUMEYIR;1;21.1.1983;1;0
SEKUS;1;28.8.1981;0;1
GULIZAIR;1;20.12.1987;0;1
BEGLI;1;19.7.1979;1;0
CUHAL;1;27.2.1974;0;1
MIHDAR;1;18.3.1964;0;1
SAVLEY;1;6.5.1963;1;0
NECIMEDIN;1;17.4.1974;1;0
AKDEREN;1;9.6.1967;0;1
EMICAN;1;2.12.1972;0;1
SITTINUR;1;22.7.1970;0;1
HIRSEN;1;6.7.1980;0;1
RAHEF;1;2.2.1963;0;1
FEGIR;1;27.8.1920;0;1
RUMAYZA;1;26.10.1982;0;1
RESTLEN;3;12.4.1966;3;0
MENGIL;1;29.3.1974;0;1
YASSIHAN;1;13.1.1980;0;1
FELEKNAZAN;1;11.5.1981;0;1
SIMLAHAN;1;13.1.1983;1;0
LAYILE;1;27.9.1968;0;1
ABDULVAHUP;1;19.7.1989;1;0
AYLIFER;1;9.2.1963;0;1
ADNE;1;12.6.1941;0;1
ILKNURELIF;1;9.4.1986;0;1
PAPEY;1;16.12.1959;0;1
ELDAM;1;3.3.1957;0;1
TEVSEN;1;16.4.1958;0;1
ISILE;1;21.11.1948;0;1
OZYURTLU;1;27.11.1980;1;0
CIVIR;1;17.1.1969;1;0
CALPAN;1;14.1.1969;0;1
ELVEDER;1;25.6.1973;0;1
SEFILMULK;1;15.1.1959;1;0
NUZULU;1;27.5.1962;1;0
UMAHANIM;1;2.12.1957;0;1
PIKE;1;27.2.1962;0;1
ONGOL;1;22.2.1967;0;1
SUHAETTIN;1;11.5.1968;1;0
ERDOGN;1;4.2.1962;1;0
M.NEZIH;1;5.5.1939;1;0
SUYETEL;1;12.8.1977;0;1
SUPRUZ;1;30.8.1965;0;1
ZATIHE;1;14.3.1973;0;1
BARISSOL;1;19.1.1974;0;1
DIZDIRHAN;1;17.3.1972;0;1
MUZUEN;1;21.2.1974;0;1
HELFA;1;29.8.1942;0;1
GULYESEN;1;6.2.1965;0;1
GAZIORHAN;1;27.3.1986;1;0
GINEY;1;14.4.1959;0;1
CENNI;1;5.7.1942;0;1
EFELIM;1;1.8.1978;0;1
MERALE;1;2.2.1963;0;1
MEHMETTEVFIK;1;14.12.1991;1;0
ESSIM;3;13.5.1957;0;3
ZAYYITTIN;1;1.10.1971;1;0
LUBOYF;1;18.9.1975;0;1
SANIDIN;1;29.8.1988;1;0
IZLAM;1;27.3.1962;1;0
BUHEYYEN;1;16.6.1973;0;1
HATICE-TUL;1;7.10.1985;0;1
FUDOL;1;2.4.1937;0;1
ARUZEY;1;22.2.1931;0;1
FEYTI;1;22.2.1971;1;0
HAKKAREY;1;26.8.1970;1;0
OZHUNYURT;1;13.4.1975;0;1
AHMETERGIN;1;30.4.1971;1;0
TANERMESUT;1;8.6.1982;1;0
SEYEF;1;27.6.1955;1;0
KARKAN;1;17.5.1954;1;0
EMINESEVIL;1;24.2.1988;0;1
KAMILAFAT;1;20.6.1960;1;0
MIHRISA;1;7.5.1958;0;1
SADUNSERDAR;1;14.4.1974;1;0
NAFIYZE;1;2.4.1983;0;1
SUBEYTA;1;2.11.1981;0;1
MEHPMET;1;2.2.1992;1;0
IMMAM;1;21.6.1969;1;0
BULGER;1;1.7.1966;0;1
SIHCEMAL;1;12.2.1953;1;0
GOYKAN;1;19.8.1987;1;0
PIRMEHMET;1;7.8.1940;1;0
COPO;1;2.6.1963;1;0
TABIYYET;1;12.6.1968;0;1
KESIKBAS;1;12.4.1947;1;0
NAHYAT;3;1.1.1964;0;3
BADUL;1;22.2.1961;0;1
MEHHMET;1;22.3.1961;1;0
UZULIYE;1;27.3.1974;0;1
ASKABANA;1;17.2.1960;0;1
ZIKRIDE;1;30.5.1986;0;1
BODO;1;2.2.1963;1;0
MAHOV;1;4.6.1963;1;0
NADIGAL;1;18.7.1987;0;1
MENISAN;1;22.2.1967;0;1
HILLAC;1;12.2.1953;1;0
CAYHUN;1;2.2.1975;1;0
SELDAYIL;1;7.2.1964;1;0
SIHEDDIN;1;28.3.1955;1;0
DEHLIYE;1;2.2.1981;0;1
ABDULVAKKAS;1;8.3.1964;1;0
BEDOV;1;12.2.1965;0;1
SELAITIN;1;7.8.1964;1;0
LEDDEY;1;24.7.1946;0;1
ESSUN;1;28.4.1956;0;1
MEDAH;1;22.8.1949;0;1
GURZEM;1;22.2.1991;0;1
EBIZAR;1;26.12.1967;1;0
CEMBERK;1;12.11.1983;1;0
FORDEVS;1;23.6.1942;0;1
MAFEZE;1;19.3.1954;0;1
BOZOGLAN;1;2.2.1951;1;0
IKTINA;1;30.4.1987;0;1
DURALP;1;7.11.1976;1;0
ZEYNNUP;1;27.2.1962;0;1
ZEMBOV;1;22.2.1961;0;1
NELBIYE;2;16.8.1971;0;2
ERENGIN;1;21.10.1978;1;0
VAZZE;1;2.2.1951;0;1
UMUC;1;12.2.1965;0;1
MIKAMIL;1;11.7.1975;1;0
AIME;1;22.2.1967;0;1
SABIRINI;1;7.2.1982;0;1
MIHTAK;1;26.2.1972;1;0
MEKGIYE;1;10.9.1954;0;1
NOFELER;1;11.3.1955;1;0
KUCUKOMER;1;11.5.1963;1;0
HACCEY;2;14.11.1935;0;2
AGULE;1;6.4.1972;1;0
MUZUYDE;1;28.10.1977;0;1
SUMEYER;1;14.11.1977;0;1
CAFER-I;1;10.7.1988;1;0
BERGUZARA;1;20.3.1984;0;1
SUYLEYMAN;1;1.11.1977;1;0
MAYIF;1;22.2.1979;1;0
MAHLO;1;22.5.1955;1;0
MUZUYAN;1;11.11.1973;0;1
LEYLUMA;1;1.3.1977;0;1
DONUK;3;10.3.1968;0;3
ZILDAR;1;26.3.1960;0;1
YISLIM;1;2.9.1972;0;1
YIMEN;1;13.5.1950;0;1
G.MEHMET;1;7.8.1928;1;0
MUNDUK;1;12.2.1965;1;0
AYCELENGUL;1;8.2.1984;0;1
DOSO;1;8.3.1964;1;0
ERBULEND;1;18.4.1960;1;0
ERELGUL;1;11.7.1973;0;1
MUZEFE;1;22.2.1955;0;1
CELILIYE;1;29.12.1939;0;1
ZEYLUH;1;4.11.1956;0;1
ABDUNASUN;1;21.4.1970;1;0
HELUL;1;1.8.1938;0;1
MANDIRAS;1;11.4.1967;1;0
ABDULAZMI;1;9.5.1980;1;0
CEMEY;1;17.2.1954;0;1
MENNUSA;1;6.5.1959;0;1
FITTER;1;22.8.1931;0;1
KADEP;1;7.11.1982;0;1
BAGDAY;1;8.5.1940;0;1
BENGUZAR;1;6.2.1972;0;1
LEBIDA;1;16.6.1965;0;1
KITEY;1;22.8.1955;0;1
HUSNEMERAL;1;3.3.1985;0;1
SEVERET;1;4.7.1964;0;1
KULTE;1;17.3.1966;0;1
CANBELI;2;24.7.1970;2;0
FAZILETCI;1;22.12.1973;0;1
MIMEDDEL;1;27.4.1958;0;1
DESISLAVA;1;1.6.1975;0;1
MEHMEDO;1;13.9.1944;1;0
MENCEY;1;4.2.1945;0;1
SENNAVI;1;27.2.1944;1;0
HESEYIN;1;17.4.1957;1;0
HEDIVE;1;22.11.1991;0;1
MAZZEM;1;12.2.1977;0;1
ISFER;1;2.11.1990;1;0
FERCO;1;12.2.1929;0;1
MITHIYA;1;14.3.1989;0;1
GUSMEN;1;5.11.1975;0;1
MELETTIN;1;12.2.1959;0;1
AYINTAP;1;23.2.1943;0;1
EYDAMUR;1;29.4.1948;1;0
NEGU;1;16.6.1981;0;1
MUNDAH;1;17.2.1954;0;1
JORIN;1;21.11.1969;0;1
OZGURYASAR;1;22.6.1980;1;0
KAVGAM;1;10.5.1978;1;0
NURGEZER;1;12.5.1971;0;1
SIMRIZ;1;30.3.1973;0;1
MAKIP;1;5.2.1974;1;0
NUHHURI;1;22.4.1980;1;0
MUSAYLA;1;26.12.1974;0;1
MUKREMEN;2;2.2.1951;0;2
NEZIREHAN;1;12.7.1989;0;1
BEYVIN;1;22.11.1991;0;1
GUSSAH;1;17.2.1966;0;1
HURCU;1;17.8.1924;0;1
HADDUS;1;2.3.1939;0;1
GOYNEY;2;7.12.1953;0;2
LEBIYBE;1;25.6.1973;0;1
AMES;1;17.8.1918;0;1
MFATMA;1;4.3.1976;0;1
MILKELAM;1;7.4.1946;1;0
LAZA;1;7.8.1928;1;0
KIMRUL;1;17.2.1978;0;1
ZUHLUBA;1;17.2.1954;0;1
SILBANI;1;17.2.1972;0;1
ZILIMAR;1;17.7.1948;0;1
ESTEGUL;1;16.6.1989;0;1
EMIRRULLAH;2;10.2.1967;2;0
ZELLUK;1;9.5.1957;0;1
ZEBIDEM;1;1.1.1;0;1
MIDRAT;1;7.8.1946;1;0
ABDULSAN;1;24.10.1961;1;0
GAMUS;1;16.3.1946;0;1
DURRUN;1;28.2.1973;0;1
HALLOM;1;7.4.1958;0;1
ZEVCEM;1;30.9.1988;1;0
HALLOV;1;12.3.1947;1;0
SEMIC;1;2.8.1933;0;1
ABDULDEYIM;1;6.3.1957;1;0
OMURSUN;1;7.2.1988;0;1
GOKFIDAN;1;23.2.1961;0;1
NUVEYREN;1;13.3.1982;1;0
SEDAP;1;14.12.1985;0;1
IZZEDTIN;1;2.9.1963;1;0
CERBAYIL;1;25.2.1973;1;0
MEYFEL;1;27.11.1962;1;0
TEYMUNA;1;29.3.1974;0;1
HIZEY;1;22.2.1961;1;0
GULFORUZ;1;1.5.1944;0;1
TOMEY;4;29.10.1960;0;4
MIZYAVET;1;12.2.1977;0;1
NURBIYET;2;7.2.1976;0;2
COCEY;1;8.2.1958;0;1
HUMIK;1;28.4.1962;1;0
NEYYUZE;1;26.1.1953;0;1
NIGAYER;1;18.4.1971;0;1
M.ALKAN;1;19.10.1970;1;0
BIHNAZ;1;12.2.1959;0;1
SEYITABDULMUMIN;1;7.8.1958;1;0
HERNIYAT;1;7.10.1976;1;0
FATIMETIL;1;6.5.1965;0;1
SAHGANDI;1;12.8.1941;0;1
SEFIULLAH;1;25.1.1988;1;0
SAHABUDDIN;2;6.5.1983;2;0
LAYLUMA;1;2.8.1969;0;1
ABDULKABIR;1;17.8.1936;1;0
CELALUDDIN;1;7.8.1946;1;0
PIKAKHANIM;1;16.1.1980;0;1
H.MUHAMMED;1;28.6.1950;1;0
PEMBUG;1;3.3.1966;0;1
BEHUZAR;1;9.4.1964;0;1
GULUMTEN;1;12.10.1947;0;1
NIZAMULLAH;1;19.2.1990;1;0
ZARGHOONA;1;23.5.1976;0;1
NEBIRAN;1;2.2.1949;1;0
MAVLO;1;21.1.1956;0;1
FERICET;1;13.4.1959;0;1
NESIBAT;1;21.2.1975;0;1
MEHMETCIHAD;1;20.9.1991;1;0
MUKADERAT;2;5.1.1978;0;2
GURUSTAN;1;6.10.1957;1;0
ALPERTUN;1;19.3.1955;1;0
CEVIZAN;1;17.2.1960;0;1
GULGIZEM;1;3.10.1986;0;1
SUMBER;1;12.2.1959;0;1
NIVAYDA;1;7.2.1982;0;1
PELMIN;1;19.1.1958;0;1
BIRJUHAN;1;16.9.1976;1;0
UMMUHABIDE;1;30.10.1976;0;1
NURCANSU;1;20.5.1990;0;1
NESIYMI;2;16.1.1980;2;0
TUBAASLI;1;8.7.1981;0;1
BAHIYEDIN;1;22.2.1967;1;0
DELFERUZ;2;19.5.1944;0;2
VARICI;1;27.7.1972;1;0
CAIFE;1;30.8.1962;0;1
FATMASENAY;1;21.9.1965;0;1
YEKVIL;1;16.5.1979;0;1
ISKALAN;6;6.4.1946;0;6
EYSAM;1;7.10.1978;0;1
SULBEYAZ;1;27.2.1962;0;1
HAFARE;1;12.2.1953;1;0
MAHYERI;1;2.8.1933;0;1
AYYIR;1;10.3.1952;1;0
HASIATE;1;22.4.1949;0;1
EMULE;1;20.7.1944;0;1
CANGUZAR;1;17.9.1984;1;0
ZERRUP;1;22.2.1961;0;1
HAYFETE;1;30.4.1956;0;1
MARDIYAT;1;19.4.1947;0;1
RUKIYYEANA;1;7.2.1991;0;1
TOYFUK;1;12.9.1959;1;0
SEMIHSERDAR;1;12.11.1986;1;0
MICELIL;1;11.2.1984;1;0
RMAZAN;1;21.5.1990;1;0
ABBA;1;26.3.1980;0;1
KENAIN;1;22.3.1961;0;1
OKKESOMER;1;20.1.1986;1;0
GULLULU;1;24.3.1973;0;1
ACEP;1;17.5.1978;1;0
BOYNO;1;8.2.1957;1;0
GULLUBANI;1;2.2.1951;0;1
ABDULMUHADIM;1;7.4.1961;1;0
CEVALEY;1;1.1.1973;1;0
DINDA;1;17.8.1966;0;1
BETLE;1;17.2.1960;0;1
EJDEHAR;1;17.2.1960;1;0
ATLIBAN;1;22.2.1967;0;1
OMERYUNUS;1;21.1.1982;1;0
TAMIYE;1;24.1.1975;0;1
ADES;1;7.2.1970;0;1
ZEVZIR;1;17.3.1942;1;0
SULTANRESAT;1;22.2.1961;1;0
HATICEILKUBRA;1;4.3.1991;0;1
BESIFE;1;22.11.1973;0;1
AFFO;1;7.8.1928;0;1
TILFURUZ;1;11.2.1945;0;1
SAFEY;1;7.5.1958;0;1
NIYES;1;6.9.1978;0;1
MEFAZ;1;21.6.1988;0;1
HUSMAL;1;5.4.1957;1;0
MIHRIBANSENGUL;1;3.12.1977;0;1
SERMERT;1;15.3.1965;1;0
FATIYME;1;22.10.1965;0;1
SEVCIHANNUR;1;26.5.1970;0;1
NURULNISA;2;1.5.1974;0;2
MAHEMET;1;25.10.1981;1;0
ZIYADEDDIN;1;24.4.1975;1;0
HIVAZ;1;30.3.1956;1;0
MINHAT;1;22.9.1943;0;1
NURTEZEM;1;4.10.1971;1;0
HACIBATTAL;1;18.1.1988;1;0
EMRAHAL;1;27.4.1962;0;1
PAYYAMI;1;12.2.1953;0;1
CEHRA;1;2.6.1975;0;1
COGDET;1;22.5.1949;1;0
EBRUI;1;27.7.1969;0;1
MAYADAH;1;6.6.1973;0;1
ERINCE;1;16.4.1981;0;1
FUNDAHAN;1;14.3.1992;0;1
FATMABANI;1;27.2.1950;0;1
ALTERIN;1;26.12.1944;0;1
ZEREKHAN;1;4.11.1959;1;0
MARTIYE;1;4.3.1951;0;1
SAADII;1;4.10.1990;1;0
LABIGUL;1;7.3.1940;0;1
MENAYE;1;22.2.1949;0;1
GUBRAL;1;4.12.1981;0;1
HUSSETTIN;1;26.2.1937;1;0
YATSIN;2;2.1.1972;2;0
HAMUC;1;12.2.1941;1;0
GULNIYET;1;17.2.1978;0;1
ESKAR;1;11.6.1975;1;0
ZAHAY;1;9.3.1970;0;1
GANSEY;1;7.3.1952;0;1
HILSAT;1;11.1.1971;0;1
FERYAMI;1;6.4.1980;1;0
HAFFURE;1;14.12.1987;0;1
DEMRA;2;13.3.1982;1;1
LELIFAR;1;21.2.1954;0;1
GUZIZE;1;22.2.1967;0;1
SERACADDIN;1;26.8.1969;1;0
SOSIHA;1;2.8.1927;0;1
GULSUNASUMAN;1;20.5.1971;0;1
ZILFIROZ;1;17.2.1960;0;1
ISLIF;1;6.12.1968;0;1
HERDEMAY;1;23.8.1945;0;1
YUGUS;1;26.11.1960;0;1
TINAZER;1;12.7.1959;0;1
GULUSAM;2;30.1.1961;0;2
ESENNA;1;20.2.1988;0;1
S.IMAM;1;18.4.1971;1;0
ASLETTIN;1;2.9.1980;1;0
MAYSAR;1;21.8.1989;0;1
SERKAGAN;1;8.4.1991;1;0
KITMAN;1;9.6.1936;1;0
MOJDEH;1;1.12.1966;0;1
LIRBIYE;2;5.1.1946;0;2
KAMUSAY;1;22.2.1979;1;0
CEZRI;1;7.3.1957;1;0
MAHMUIT;1;11.2.1992;1;0
SALHAYI;1;27.8.1926;0;1
YUMMAGUL;1;8.6.1969;0;1
HALAFEDIN;1;22.2.1949;1;0
SAHNEBET;1;27.2.1974;0;1
SOYGUN;1;18.2.1978;0;1
HAPSEY;1;17.8.1924;0;1
MITTIA;1;8.7.1979;0;1
HEDIGAL;1;27.4.1974;0;1
LIBADET;1;2.3.1957;0;1
///////;1;25.1.1973;1;0
KERAN;1;17.11.1966;1;0
AYFERHAN;1;11.5.1981;0;1
SENELLAH;1;16.12.1987;1;0
FIHAN;2;25.8.1949;1;1
M.BOZAN;1;17.2.1972;1;0
ADULAY;1;16.11.1953;0;1
FIDEY;1;22.8.1931;0;1
BIPLAN;1;2.4.1963;0;1
GASNEY;1;3.5.1982;0;1
YASILE;2;11.12.1971;0;2
NUREYE;1;17.4.1942;0;1
HEDDUM;1;13.3.1959;0;1
HERDLE;1;12.2.1965;0;1
PERINAN;1;26.6.1991;0;1
ILEVET;1;21.6.1965;1;0
M.MUHTEREM;1;22.12.1961;1;0
HAVAYLI;1;2.2.1939;0;1
SEHMUNI;1;22.5.1984;1;0
MUNUIYE;1;23.6.1973;0;1
GUHHAR;1;22.8.1967;0;1
M.OZMEN;1;22.8.1973;1;0
TURACIYYE;1;3.6.1964;0;1
MATLUP;1;13.6.1986;1;0
MAGFERE;1;16.5.1949;0;1
TABERDAR;1;27.5.1956;1;0
KATRYNA;1;28.1.1976;0;1
FEHAMETLI;1;17.6.1955;0;1
SURMAY;1;28.4.1966;0;1
TOMINIS;1;22.2.1943;0;1
CEMOZAN;1;8.12.1986;1;0
ZULDAR;1;27.2.1938;0;1
DEBLET;1;12.2.1971;0;1
MIYASETE;1;27.8.1932;0;1
OZENDIM;1;22.4.1979;1;0
BIRIMO;1;17.2.1942;1;0
MEHMETTACETTIN;1;2.2.1969;1;0
ESNEVI;1;19.1.1978;1;0
FIROEVS;1;27.2.1956;0;1
KADRISE;1;17.2.1966;0;1
HAKE;1;2.2.1939;0;1
NUMAS;1;26.6.1941;0;1
SAITGUVEN;1;3.11.1989;1;0
GAFFURIYE;1;2.2.1957;0;1
BUSULYE;1;22.8.1953;0;1
MURGUCIHAN;1;28.5.1979;0;1
ASMAMA;1;26.4.1935;0;1
LEBIYLE;1;17.9.1972;0;1
GUDAM;1;15.6.1959;0;1
SONAYGUL;1;21.6.1978;0;1
FIYAM;1;12.2.1965;0;1
BERCED;1;16.10.1980;1;0
ALIYAA;1;21.3.1965;0;1
ZILFEY;1;13.8.1936;0;1
SIYEBA;1;11.7.1981;0;1
BEZISAN;1;12.5.1959;0;1
ABUCELIL;1;10.2.1957;1;0
CLADUIA;1;21.9.1983;0;1
MUHAMMIR;1;24.7.1968;0;1
ARPACI;1;11.10.1952;1;0
MERYPEM;1;19.6.1991;0;1
HACIRAH;1;21.4.1975;0;1
EJMETTIN;1;18.8.1973;1;0
SITITE;1;27.2.1962;0;1
SEYHSALIH;1;27.6.1980;1;0
HECLA;1;15.12.1976;0;1
TAVIRE;2;23.1.1964;0;2
KEDUS;1;7.2.1964;0;1
EMINE.;1;27.5.1986;0;1
HEFAL;1;2.2.1981;0;1
IZRA;1;6.6.1986;0;1
SAMIYNE;1;9.9.1978;0;1
LERMUN;1;7.2.1964;0;1
NANIFA;1;23.2.1961;0;1
MEFLAIN;1;13.3.1979;0;1
MOHDEREM;1;11.5.1961;0;1
SERUBE;1;1.1.1;0;1
ORFIYAN;1;12.7.1965;0;1
MINTEY;2;15.8.1947;0;2
IDAT;1;23.9.1974;1;0
DILUR;1;12.8.1941;0;1
ASUYA;1;7.10.1981;0;1
TILFERIZ;1;16.6.1952;0;1
EMMUM;2;10.11.1985;0;2
MAMEHRI;1;22.3.1967;0;1
PERUNUR;1;17.2.1972;0;1
DIIDEM;1;12.3.1976;0;1
YUKSELSEDA;1;21.6.1981;0;1
MEODINE;1;6.10.1991;0;1
NUSUHIYE;2;21.7.1965;0;2
KELLE;1;7.6.1940;1;0
SETTO;1;22.12.1931;1;0
RAFKIYA;1;14.9.1990;0;1
NURIMEMET;1;16.5.1982;1;0
SITKAN;1;12.2.1977;0;1
ZUVAREY;1;12.2.1965;0;1
KECEY;1;2.2.1963;0;1
GAFRI;1;16.7.1945;1;0
MUFTIH;1;2.2.1981;1;0
BSEO;1;10.5.1940;0;1
BUHAREY;1;24.6.1937;0;1
SEDEFEY;1;27.2.1968;0;1
S.BOZAN;1;3.11.1953;1;0
HACINECATI;1;22.2.1967;1;0
UMMADUDDIN;1;25.2.1985;1;0
ABUSEYFI;1;7.4.1967;1;0
LEMSI;1;22.8.1931;0;1
LULTFIYE;1;6.4.1985;0;1
MILKEREM;1;23.9.1986;1;0
GUNNUZ;1;14.5.1974;0;1
YILAN;1;7.2.1934;1;0
GURZEN;1;9.6.1934;0;1
EFTTAL;1;6.8.1981;1;0
SERHATCAN;1;17.12.1981;1;0
DOMMIS;1;2.2.1951;0;1
SENFER;1;28.3.1980;0;1
BELTIZ;1;16.9.1981;0;1
ISLIMNUR;1;9.8.1982;0;1
HAYRILNURSEL;1;9.4.1962;0;1
MEVISEN;1;14.2.1947;0;1
UMMUGULUSUM;1;1.10.1971;0;1
IZEGUL;1;23.4.1952;0;1
SILAHETTIN;1;9.1.1949;1;0
MULLO;1;24.6.1966;1;0
AYUSE;1;6.2.1938;0;1
UZILE;2;15.2.1973;0;2
NARINDAL;2;26.9.1972;0;2
KHANIMNAZ;1;3.2.1953;0;1
HORIKI;1;27.2.1932;0;1
NUVEYLEN;1;27.2.1962;1;0
SEPRA;1;16.10.1976;0;1
SIHVELI;1;12.10.1980;1;0
YAHYEDDIN;1;13.2.1957;1;0
LIBEDE;1;27.3.1962;0;1
GAFFURA;1;16.10.1975;0;1
HAYYRULLAH;1;22.2.1967;1;0
GULEBAK;1;27.2.1950;0;1
NECPIYE;1;22.8.1979;0;1
BAHRO;1;27.8.1944;1;0
MUBERAY;1;30.9.1977;0;1
MELGIZAT;1;27.8.1968;1;0
ADUYE;1;22.6.1973;0;1
MEBURURE;1;2.4.1972;0;1
GUNAYIN;1;12.6.1962;0;1
ARSIMAN;1;16.9.1961;0;1
GAYZA;1;12.2.1959;0;1
NIYFER;1;2.7.1963;0;1
TURPEY;1;11.4.1946;0;1
IZEYER;1;19.1.1966;0;1
BELNURKAN;1;7.8.1982;0;1
CAHDI;1;2.8.1927;1;0
KUCUKFATMA;1;12.2.1965;0;1
TULAYSE;1;18.8.1970;0;1
H.ESEN;1;21.1.1973;0;1
GAVSIYE;1;22.2.1949;0;1
HASIRI;1;6.7.1978;0;1
SIVIYLE;1;28.7.1978;0;1
MANILA;1;25.7.1977;0;1
GUTAN;1;27.10.1974;1;0
TETBIR;1;11.3.1969;0;1
GEGEY;2;8.1.1951;0;2
KUCUKHASAN;1;1.5.1950;1;0
KEYGEY;1;7.10.1970;0;1
DELAIL;1;29.10.1948;0;1
KUNNEY;1;2.8.1933;0;1
SIHABDI;1;22.2.1967;1;0
MUCALI;1;22.3.1967;1;0
TALID;1;9.3.1957;1;0
NUFUYDE;1;25.3.1983;0;1
MERGUZAT;1;2.7.1969;1;0
EYSUM;1;27.8.1974;1;0
SALHAYETTIN;1;24.4.1974;1;0
SEHIRSEN;1;22.2.1973;0;1
NIVEYREN;1;2.3.1973;1;0
THONGTHIP;1;23.5.1963;0;1
MEREYM;1;21.6.1965;0;1
HONEY;1;7.4.1957;0;1
SASEY;1;2.3.1963;0;1
KASMIYE;1;25.3.1973;0;1
MEHMETORHAN;1;2.10.1991;1;0
MEDDAH;1;4.4.1966;1;0
FADDUME;1;17.2.1966;0;1
ABDULCELIK;1;13.9.1964;1;0
MEHMETKADRI;1;2.8.1963;1;0
KULULUK;1;17.2.1960;0;1
ADISIN;1;7.11.1976;0;1
SERENGAL;1;7.3.1988;0;1
BESENEY;1;12.9.1971;0;1
NEBU;1;12.2.1953;1;0
MEZDUN;1;22.8.1925;1;0
IDIY;1;7.2.1958;0;1
RENEP;1;24.2.1967;0;1
NURHANETDIN;1;2.4.1963;1;0
CUMHAN;1;27.6.1950;1;0
ZAIDIN;2;24.10.1979;2;0
BEDESEY;1;17.11.1948;0;1
HASKAM;1;17.8.1930;1;0
KARACOR;2;16.1.1942;2;0
BEYYEY;1;21.11.1977;0;1
MUKEHIL;1;16.2.1975;1;0
EZERBUN;1;17.4.1972;0;1
LEYIN;1;21.4.1974;0;1
YELIZAY;1;4.4.1992;0;1
DURDUAY;1;2.12.1989;0;1
HASUFE;1;2.4.1969;0;1
EMRAYE;1;10.11.1981;1;0
MIREYES;1;12.1.1941;0;1
ZOBEYT;1;2.2.1975;1;0
AFRAHATUN;1;16.6.1979;0;1
ZENILA;1;15.3.1977;1;0
SEYAZ;1;12.3.1977;0;1
ELHAMIN;1;17.2.1972;1;0
NISAP;3;6.10.1966;0;3
KIYAL;1;6.1.1982;0;1
GULFEYER;1;17.12.1978;0;1
MECCE;1;7.2.1970;0;1
ZEMZEMGUL;1;2.8.1987;0;1
HATIDE;1;21.7.1983;0;1
HUNUSU;1;27.2.1974;0;1
SIVAM;1;7.2.1946;0;1
BELLIZAR;1;28.3.1988;0;1
GUZUME;1;29.3.1971;0;1
AKDEDE;1;20.4.1966;1;0
GULDINAR;1;24.3.1961;0;1
FEMINUR;1;15.7.1976;0;1
MAFERIZE;1;2.5.1974;0;1
TERMAY;1;21.3.1966;0;1
MACO;1;21.11.1941;1;0
GEYE;1;2.2.1951;0;1
MERYEML;1;17.9.1990;0;1
SEHNIBAN;2;28.5.1977;0;2
OZSONGUL;1;21.2.1977;0;1
GULMEHRIBAN;1;22.3.1955;0;1
KIRIZ;3;12.10.1947;3;0
ZULFOZ;1;2.3.1975;0;1
CIKIM;1;18.6.1934;1;0
BELLUZAZ;1;19.11.1960;0;1
BESAMI;1;16.8.1973;1;0
NAZILYE;1;22.10.1979;0;1
GULDABAY;1;12.4.1977;0;1
TILKIYE;1;17.6.1968;0;1
CENILIYE;1;12.6.1971;0;1
KURTCELAL;1;7.3.1950;1;0
NERIMN;1;2.8.1981;0;1
EYEP;1;15.5.1991;1;0
NERZI;1;22.3.1943;1;0
KERIYA;1;12.6.1959;0;1
FATIKLI;1;27.4.1950;0;1
SARAFETDIN;2;6.7.1972;2;0
ZEYNEBIN;1;18.3.1983;0;1
RAHANEYI;1;7.5.1951;0;1
LIVAR;1;9.3.1964;0;1
SEFTAYIL;1;17.7.1964;1;0
ELHIF;1;30.1.1984;0;1
UVEYSEY;1;27.2.1974;0;1
EKAZ;1;12.3.1965;1;0
SIMSIY;1;17.2.1954;0;1
ABDULSEMEND;1;17.3.1971;1;0
OMERTAN;1;8.1.1976;1;0
MAKSUTA;1;11.5.1974;0;1
YURDANNUR;1;11.6.1961;0;1
ASEFATMA;1;2.3.1939;0;1
LUFAR;1;7.2.1970;0;1
UMUCAN;1;27.2.1980;0;1
ABUZEMZEM;1;23.2.1959;1;0
HASSUMO;1;7.8.1928;1;0
ABDULMUDELIF;1;23.11.1977;1;0
ZELEHEY;1;12.8.1905;0;1
DEDDO;1;3.2.1945;1;0
V.MEHMET;1;22.2.1973;1;0
B.MERYEM;1;12.2.1941;0;1
NECHKA;1;13.5.1976;0;1
HUTEY;1;12.4.1939;0;1
MISAF;1;12.4.1935;0;1
KURYES;1;21.11.1981;1;0
DIYARET;2;24.10.1983;0;2
GOSTEY;1;22.2.1961;0;1
SIRRIM;1;11.7.1980;1;0
KAMMER;1;10.6.1950;1;0
HURDIN;1;26.1.1976;1;0
MELZIYE;1;1.3.1941;0;1
HURIRE;1;2.11.1957;0;1
NABIR;1;3.10.1961;1;0
RUHNIVAZ;1;12.5.1929;0;1
GULAKIN;1;22.11.1949;0;1
IRHANIYE;2;21.8.1936;0;2
MUSRANUR;1;17.2.1990;0;1
TINIKO;1;7.5.1943;0;1
ABDULFAIL;1;3.3.1966;1;0
NARISA;1;14.4.1970;0;1
SANNUZ;1;21.4.1953;0;1
GULUSEVEN;1;20.4.1948;0;1
REFIKNAZ;2;16.10.1937;0;2
MEYNIYEL;1;17.7.1973;1;0
SEHDE;1;11.7.1969;0;1
TERCANI;1;7.3.1970;1;0
CULISE;1;30.7.1953;0;1
MAHSUNCAN;1;29.4.1972;1;0
ALISEVEN;2;27.10.1969;2;0
HAREMZE;1;21.6.1938;0;1
LAKIDE;1;21.5.1947;0;1
ZERGULE;1;18.3.1930;0;1
GULMINNAZ;1;12.10.1947;0;1
MITTAD;1;4.12.1987;1;0
MAZITE;1;17.7.1974;0;1
SARMAIA;1;1.4.1936;0;1
OKDEMIR;1;21.2.1940;1;0
SUBRI;1;11.2.1939;1;0
KEYLANI;1;6.11.1967;1;0
IHTIBER;1;16.2.1952;0;1
HASANTAS;1;25.4.1928;1;0
FAHRIDTIN;1;28.2.1950;1;0
OZAITTIN;1;3.7.1969;1;0
TUNABOYLU;1;11.5.1957;1;0
ZALIYA;1;16.8.1964;0;1
NAMPARE;1;16.12.1952;0;1
MURAVET;1;4.3.1965;1;0
GUVAL;1;6.11.1956;0;1
GOKNEL;1;6.4.1990;1;0
EVDILEK;1;7.2.1928;1;0
BAHATIR;1;16.5.1971;1;0
MIHRIBAZ;1;5.5.1939;0;1
EDYEM;1;24.5.1943;0;1
VESIGLE;1;4.4.1939;0;1
KOLTEKIN;1;4.2.1937;0;1
ZUNIBE;1;30.3.1944;0;1
SOYLEYEN;1;4.3.1957;0;1
ENVABIL;1;26.1.1966;1;0
MUNFEL;1;11.4.1973;1;0
MAZEF;1;7.2.1970;0;1
SATGUN;1;7.3.1976;1;0
VILADIYE;1;1.2.1989;0;1
SEHNAZIRE;1;24.2.1961;0;1
AZZAN;1;16.11.1976;1;0
BIRHATUN;4;21.7.1972;0;4
ULKUMEHIDE;1;2.7.1975;0;1
AYAHAN;1;15.8.1989;1;0
PEYYA;1;16.12.1976;0;1
MEIBE;1;27.3.1925;0;1
NEBIYLEN;1;11.8.1951;0;1
KUSMET;1;21.3.1933;0;1
TUGZAN;1;10.9.1970;1;0
MELIKALI;1;12.10.1983;1;0
YERESE;1;7.8.1958;0;1
DONUBE;1;26.6.1940;0;1
REFABEY;1;1.10.1969;1;0
NUTRIYE;2;16.3.1955;0;2
BALIGAR;1;1.3.1955;1;0
GUVEREN;2;15.12.1963;0;2
CIVANER;2;18.7.1976;2;0
CEFFAYIR;1;16.7.1979;1;0
KOCBAS;1;12.4.1919;1;0
SUVAD;1;11.12.1969;1;0
SEVKETABIDIN;1;4.4.1987;1;0
YUZGULE;1;1.8.1962;0;1
ERENYASIR;1;6.3.1989;1;0
SAVASAY;1;22.6.1986;1;0
LILICA;1;15.1.1958;0;1
GABAN;1;16.12.1959;0;1
NORCAN;1;11.2.1961;0;1
TUDUBAN;1;27.8.1943;0;1
GIYAFETTIN;1;22.5.1969;1;0
HETALIYE;1;11.5.1936;0;1
GUNUFER;1;7.6.1977;0;1
REKSANE;1;28.11.1974;0;1
OZPEK;1;24.5.1937;1;0
ASMATI;1;23.5.1954;0;1
SUVIDI;1;27.12.1974;1;0
AYILISIN;1;24.6.1955;0;1
ZELFILE;1;13.1.1970;0;1
MADDEL;1;17.5.1939;0;1
MASUKIYE;1;19.12.1964;0;1
OMERAY;1;9.9.1985;1;0
GUNAZLI;1;11.3.1951;0;1
YENIFIDAN;1;25.5.1970;0;1
GULMELIKE;2;26.2.1971;0;2
HUMAYSE;1;6.3.1966;0;1
GADIRIYYE;1;26.3.1982;0;1
SEMMUDE;1;26.3.1948;0;1
BELIYEN;1;1.6.1936;0;1
BURCUSU;1;9.4.1992;0;1
MILEVER;1;2.12.1963;0;1
UMITNAR;1;6.6.1963;0;1
YIGITBERK;1;8.10.1990;1;0
ERUCE;1;4.2.1957;0;1
SOYLAY;1;1.1.1964;0;1
YELER;1;9.5.1977;0;1
MELIKAR;1;19.1.1972;0;1
OZKUN;1;6.2.1944;0;1
EVCIVAN;1;6.6.1976;1;0
BITAR;2;27.8.1944;0;2
ONDUM;1;18.11.1984;1;0
MUSDAVA;1;1.4.1953;1;0
OZSELIM;2;25.6.1977;2;0
MUSTUME;1;26.2.1959;0;1
VEBAHAT;1;23.12.1943;0;1
TOKSABAY;1;30.10.1944;1;0
MELIYAR;1;21.11.1971;0;1
SENNOL;1;23.8.1980;1;0
KHELGA;1;4.10.1962;0;1
TURKTEKIN;1;28.7.1980;1;0
SANSHANIM;1;22.1.1957;0;1
MAKUALA;1;4.3.1956;0;1
SONEYSEN;1;8.9.1984;1;0
TURBUN;1;6.11.1954;0;1
MURGAL;1;20.3.1960;1;0
GOKYIL;1;22.2.1991;1;0
ARIFEL;1;3.9.1971;0;1
BESEM;1;28.8.1989;0;1
KUTSALNASIP;1;24.10.1977;1;0
HAGAN;1;22.11.1972;1;0
TURKUSU;1;5.5.1991;0;1
MUCDAD;1;12.1.1984;1;0
YURDUARSLAN;1;30.2.1969;1;0
BILDIRAY;1;17.4.1942;0;1
AYTAB;1;22.9.1949;0;1
ACUK;1;12.7.1965;1;0
SIBELZADE;1;2.7.1990;0;1
HADISUN;1;22.3.1958;1;0
SAHIMERAN;1;12.8.1935;1;0
GULBAKYT;1;29.3.1978;0;1
TOMBOL;1;17.6.1941;0;1
ORENAY;1;11.3.1982;1;0
RUKKIA;1;4.3.1957;0;1
SAHZUFER;1;7.3.1952;1;0
MIDDAT;3;18.12.1960;3;0
EFLAHATUN;1;20.6.1982;1;0
NECDAG;1;5.8.1957;0;1
VEFADAR;1;22.6.1931;0;1
CINTI;1;27.2.1938;0;1
KARAMEHMET;2;9.1.1970;2;0
TASKI;1;24.7.1977;1;0
BUSHAN;1;2.6.1960;1;0
ESHATUN;1;27.1.1937;0;1
UNGEM;1;22.6.1979;1;0
MAHIHA;1;4.3.1930;0;1
ULESIN;1;11.5.1958;1;0
ZEFIE;1;16.4.1937;0;1
NAAR;1;30.12.1989;0;1
NIDAIYE;1;21.8.1935;0;1
DJANETA;1;16.10.1979;0;1
CHITO;1;27.9.1944;0;1
NIDIME;1;7.12.1941;0;1
HURBIYET;1;27.8.1981;0;1
FUAITTIN;1;28.9.1957;1;0
CENGIZAY;1;18.3.1955;0;1
YAGDIKAR;2;1.3.1966;0;2
ASRISEN;1;15.4.1947;0;1
PALLAZ;1;22.7.1964;1;0
SUHALET;1;20.6.1974;0;1
YILMIYE;1;21.2.1953;0;1
BEHREMBEY;1;6.12.1931;1;0
ZENFINAZ;1;6.8.1961;0;1
ERTUNER;1;19.4.1975;1;0
HUZIMET;1;16.11.1950;0;1
ZUBEYBE;1;16.6.1990;0;1
SADUVAN;1;12.3.1965;0;1
AHHAT;1;16.1.1969;1;0
LALIK;1;14.5.1974;0;1
KUSLUM;1;1.5.1942;0;1
SEYFUNUR;1;6.4.1990;0;1
CERIL;1;1.6.1981;1;0
MUHARMER;1;18.9.1969;1;0
SEVILIYA;1;6.1.1990;0;1
TULKAR;1;22.2.1957;0;1
NEVHIZE;1;11.6.1975;0;1
SEFNE;1;15.3.1947;0;1
MEHRIMAZ;1;20.2.1975;0;1
SELASIM;1;6.4.1971;1;0
DURSUNDEMIR;1;26.1.1952;1;0
HACELLA;1;12.5.1979;1;0
ERHAD;1;14.7.1967;1;0
CECNIYAZ;1;18.1.1941;0;1
ES;1;13.11.1931;0;1
GULSEHIN;1;21.5.1950;0;1
GULHNATUN;1;7.5.1974;0;1
KETALIN;1;6.6.1926;0;1
MUHITTIYE;1;9.4.1934;0;1
SERDZHIHAN;1;23.8.1983;0;1
KETAYE;1;20.4.1930;0;1
HOZEYME;1;6.12.1967;0;1
TELATDIN;1;26.10.1936;1;0
URSUYE;1;27.3.1943;0;1
ZERAVI;1;2.11.1942;0;1
BAHAEDTIN;1;6.6.1942;1;0
GULPINAZ;1;17.2.1954;0;1
MUTIANUR;1;1.1.1992;0;1
MIRACAN;1;10.7.1981;0;1
MUBECCELE;2;18.7.1935;0;2
OMERHAYYAM;1;11.4.1981;1;0
YURDAARSLAN;1;14.10.1951;1;0
BUYURAL;1;28.2.1950;1;0
KURTARSLAN;1;29.6.1961;1;0
ISALIYE;1;10.6.1967;0;1
GOKREN;1;25.6.1962;0;1
RABENYAN;1;26.3.1942;0;1
SEMRANAZ;1;6.8.1978;0;1
CAMBEY;1;8.7.1980;1;0
YURTASLANI;1;14.11.1947;1;0
TIFIYE;1;6.4.1927;0;1
PERPIL;1;1.12.1972;0;1
HURBUYAN;1;11.2.1937;0;1
SUSENEN;1;11.4.1984;0;1
HURBIYEN;1;22.4.1961;0;1
BAZNA;1;2.2.1939;0;1
TIZAN;1;12.2.1965;0;1
GULEYYA;1;5.10.1976;0;1
KANEZ;1;27.8.1944;1;0
GUZSEM;1;12.8.1947;0;1
CEBVAR;1;6.10.1978;1;0
AYASER;1;6.6.1980;0;1
SONACTI;1;3.4.1956;0;1
KASAT;1;26.7.1973;1;0
ORLU;1;27.1.1974;1;0
HEVLEK;1;21.4.1935;0;1
MUJTAT;1;1.6.1972;1;0
HACIAZIZ;1;11.8.1971;1;0
HUMAYISE;1;12.10.1965;0;1
KUDAI;1;20.6.1960;1;0
NADIYEN;1;20.7.1964;0;1
ATTILDA;1;2.5.1971;1;0
SAVASARSLAN;1;6.12.1976;1;0
ERFAIN;1;25.5.1963;1;0
GULMIHAL;1;30.5.1962;0;1
UNNEN;1;8.4.1939;1;0
BILILHAN;1;22.6.1955;0;1
FARZAT;1;23.5.1966;1;0
CIVANDA;1;17.3.1946;0;1
ELKEYE;1;1.5.1935;0;1
GORSEVEN;1;12.9.1965;0;1
ZEFFURE;1;20.6.1989;0;1
SAHERE;1;2.7.1945;0;1
RUYEYDE;1;22.2.1949;0;1
CEMALLIFER;1;2.12.1937;0;1
MITEHA;1;13.2.1957;0;1
GULUSTANE;1;20.2.1934;0;1
MUHATDESE;1;5.5.1928;0;1
MEYRAK;1;16.6.1953;0;1
PERURE;1;26.6.1928;0;1
SUGLUM;1;21.11.1946;0;1
KEMANE;1;22.5.1933;0;1
CAVIYET;2;8.5.1940;0;2
CENGISEN;1;2.2.1951;0;1
FEHISAN;1;22.2.1961;0;1
SEVILDI;1;26.5.1964;0;1
NICELAY;1;16.2.1976;0;1
ZELBEY;1;8.9.1983;1;0
GULFIYAR;1;6.8.1938;0;1
YANDIM;1;6.5.1945;0;1
MUKAFERE;1;17.2.1941;0;1
MUKEVVER;1;1.6.1943;0;1
SEFERUL;1;19.11.1951;1;0
SEKUP;1;30.12.1953;1;0
ALIMI;1;9.3.1974;0;1
MITSA;1;3.4.1953;0;1
ZEMIH;1;6.9.1954;1;0
MEFTUT;1;5.7.1974;1;0
OZTUGBA;1;8.10.1990;0;1
MAKMUYLE;1;1.1.1966;0;1
BEYZATTIN;1;11.6.1964;1;0
NARGULEN;1;16.11.1975;0;1
LUBERDA;1;17.7.1960;0;1
SAHZERE;1;13.7.1947;0;1
DEBBIYE;1;7.4.1934;0;1
UZBAN;1;9.4.1928;0;1
YUNISER;1;17.6.1948;0;1
AHBAR;1;11.11.1964;1;0
ZILIFSAH;1;29.8.1933;0;1
CEVAHATTIN;1;19.12.1955;1;0
M.RUSTI;1;1.10.1931;1;0
OSAMAN;1;21.5.1962;1;0
ESEP;1;7.3.1934;1;0
METHIYYE;1;22.10.1955;0;1
NIYMETE;1;23.9.1950;0;1
FAKETTIN;1;1.2.1949;1;0
MU''MINE;1;17.8.1960;0;1
OZBENNUR;1;20.2.1973;0;1
NISAKHANIM;1;16.5.1960;0;1
ERDENAR;1;3.9.1986;1;0
PILAR;1;18.11.1961;0;1
UCSEN;1;11.11.1984;0;1
MAVIKER;1;1.8.1965;0;1
OMEGUL;1;2.8.1945;0;1
ZUYMUL;1;12.5.1968;1;0
SALIIH;1;15.4.1951;1;0
NAIFAN;1;3.9.1962;1;0
SATHIYYE;1;6.6.1963;0;1
NES-ET;1;16.2.1969;1;0
BERANAZ;1;7.12.1982;0;1
HURILIMAN;1;22.2.1955;0;1
MEVFIKA;1;10.2.1948;0;1
FEZVIYE;1;1.6.1976;0;1
MARZIYATULLAH;1;23.2.1981;0;1
GULHIZER;1;1.6.1944;0;1
ABDULKERIMHAN;1;29.12.1986;1;0
BABURUDDIN;1;22.2.1967;1;0
PEHLUR;1;25.7.1972;1;0
MURATSEN;1;6.5.1951;1;0
SABRIYYE;1;22.9.1943;0;1
CEMNUH;1;13.1.1968;1;0
AKLIMENE;1;11.4.1955;0;1
SAFIZAR;1;26.4.1979;0;1
INMEHAN;1;12.2.1953;0;1
MURFER;1;22.11.1961;0;1
BURAKNUR;1;13.4.1988;0;1
SAMIYYET;1;8.10.1974;0;1
DORNUR;1;21.6.1978;0;1
SOFIO;1;28.3.1958;0;1
ABDULMETE;1;10.5.1974;1;0
ABDULBEDRI;1;3.5.1969;1;0
EHREM;1;26.6.1979;1;0
TUGCENIL;1;8.10.1989;0;1
MIVESER;1;19.2.1978;0;1
SENALA;1;18.10.1961;0;1
MUNIYSE;2;29.6.1965;0;2
NURSERPIL;1;27.8.1991;0;1
BIRIZANA;1;4.2.1984;0;1
UMMUSELEMEN;1;12.3.1975;0;1
FEMIHEN;1;1.1.1957;0;1
TURSAD;1;30.9.1969;1;0
S.VEDAT;1;26.7.1979;1;0
MINKAYAT;1;26.10.1935;0;1
ULAMA;1;17.4.1948;1;0
SALIHAI;2;2.5.1940;0;2
BAGIY;1;15.1.1971;1;0
GANJU;1;17.9.1945;1;0
NEYFI;2;10.1.1976;2;0
KENJEGUL;1;22.3.1982;0;1
ERFAIM;1;21.4.1972;1;0
SENIHEN;1;6.11.1956;0;1
SIRINGULGUN;1;22.9.1985;0;1
HUDBEDIN;1;27.4.1962;1;0
EBURE;1;22.7.1991;1;0
MUNEYSEL;1;22.3.1961;0;1
ZERON;1;7.2.1929;0;1
ERTULAY;1;26.7.1961;0;1
BARISNEDIM;1;23.4.1981;1;0
PAHITTIN;1;16.6.1943;1;0
YETE;1;19.6.1951;0;1
DURVAN;1;5.5.1975;0;1
FERIYZAN;1;4.12.1982;0;1
ZEHRA.;1;3.3.1927;0;1
LEYIS;1;12.4.1974;0;1
DUNDUYE;1;25.4.1948;0;1
MINCIHAN;1;22.8.1925;0;1
HARUNMISA;1;22.11.1973;0;1
MEHABET;1;17.5.1942;1;0
TAZIN;1;1.7.1971;1;0
IFAKATE;1;17.4.1944;0;1
MULSEN;1;22.12.1961;0;1
SALIHER;1;14.7.1985;1;0
MAHDEM;1;26.5.1948;0;1
RASIMBEY;1;22.10.1978;1;0
MUSVIT;1;24.9.1991;1;0
HAYGANIS;1;22.4.1925;0;1
LARIFE;1;11.2.1954;0;1
SEMDEM;1;26.10.1979;0;1
ERENBEY;2;4.4.1961;2;0
PERONUR;1;12.8.1956;0;1
SEYINBEY;1;22.3.1977;1;0
GUNARYA;1;12.12.1951;0;1
ADULLAH;1;1.8.1960;1;0
BEYTIYYE;1;1.7.1966;0;1
FETDI;1;11.1.1938;1;0
MIYRE;1;7.4.1928;0;1
MUKSEREM;1;4.7.1991;0;1
IRHAYET;1;22.2.1961;0;1
GOKSUYER;1;20.3.1965;1;0
FIMAN;1;12.8.1929;0;1
SELIVINAZ;1;23.2.1953;0;1
SETIRIYE;2;14.10.1953;0;2
MEKBER;1;21.2.1942;0;1
MEVZADE;1;18.6.1959;0;1
TULLIA;1;5.10.1983;0;1
URKAYA;1;24.8.1930;0;1
SAKINOL;1;15.8.1979;1;0
BERRAZ;1;18.2.1962;0;1
GUDUS;1;26.4.1934;0;1
MUNADIM;1;23.5.1979;0;1
MUVEYRA;2;2.7.1979;0;2
FATIME-I;1;16.1.1956;0;1
FETIYLE;1;26.1.1942;0;1
LUHUT;1;2.12.1961;1;0
OZENE;1;8.2.1954;0;1
HADMI;1;26.4.1966;0;1
ORBE;1;11.11.1944;1;0
MEFRUSE;2;3.6.1967;0;2
MECIKA;1;3.3.1956;0;1
SUPHULLAH;1;28.3.1974;1;0
ZILFURUZEN;1;12.6.1939;0;1
MESUCE;1;17.9.1966;0;1
CIBIHAN;1;2.9.1978;0;1
ISNAHIL;1;11.5.1975;0;1
NEBUZE;1;26.9.1978;0;1
HULKARI;1;28.10.1961;0;1
PASAKADIR;1;11.5.1969;1;0
NEJBUYE;1;22.12.1955;0;1
H.KADIN;9;4.5.1949;0;9
SAHGONUL;1;16.2.1951;0;1
RUSGAN;1;21.5.1965;0;1
MEFSEHAR;1;7.10.1951;0;1
ALBURZ;3;22.11.1955;3;0
BANUCAN;1;21.8.1984;0;1
KABENDE;1;4.11.1985;0;1
LISELI;1;22.2.1973;0;1
RAVIHAN;1;23.10.1946;0;1
NEVUZE;2;10.10.1969;0;2
CEMILEHAN;2;6.12.1948;0;2
VEFAKAR;1;12.1.1977;0;1
MELBAHA;1;13.2.1961;0;1
TUYRAN;1;11.6.1938;1;0
BESAMETTIN;1;26.6.1946;1;0
ZILEHANIM;5;19.10.1956;0;5
PERENSES;1;7.2.1976;0;1
HUBBESE;1;9.3.1951;0;1
ZUNNUNE;1;13.2.1934;0;1
AZISE;1;17.6.1942;0;1
NUHDENIZ;1;15.9.1990;1;0
FEBINUR;1;27.12.1956;0;1
MUSEYBETTIN;1;7.4.1958;1;0
VASET;1;22.7.1938;1;0
NEFKARET;1;22.5.1955;0;1
DULFET;1;1.4.1941;0;1
MEKIHA;1;23.4.1955;0;1
IFTAT;1;17.2.1960;0;1
SUKRIHAN;1;15.7.1956;0;1
GURBEZ;1;25.6.1967;1;0
SINEP;1;22.8.1931;0;1
DILFIRI;1;18.6.1942;0;1
MEZUDE;1;17.3.1966;0;1
BERCESDE;1;11.6.1981;0;1
EMANDA;1;22.4.1976;0;1
REKKAS;1;12.12.1959;0;1
HUZURET;1;7.2.1958;1;0
MEFAZIYE;1;2.11.1975;0;1
LERIYMAN;1;16.5.1953;0;1
FILFAT;1;22.5.1967;0;1
NAHZEN;1;12.1.1965;1;0
MEYVEHANE;1;9.4.1964;0;1
TEVRIKE;1;21.6.1963;0;1
IMMUHANI;4;17.9.1962;0;4
HIMSER;1;19.5.1971;0;1
HAZELNUR;1;29.12.1979;0;1
BENDERES;1;12.5.1964;1;0
TEMLIHA;1;3.6.1956;0;1
BATARAY;1;26.6.1979;1;0
NURISSINA;1;13.5.1969;0;1
INCIME;13;14.5.1956;0;13
KEMANETTIN;1;1.3.1961;1;0
BOYVADA;1;11.6.1928;1;0
MUNNES;2;22.7.1949;0;2
ANTAZIYE;1;12.6.1991;0;1
GINALI;1;1.5.1972;0;1
MOHDER;1;16.4.1940;1;0
CAFIFE;1;11.7.1951;0;1
AKIBUN;1;3.11.1980;1;0
ADAAKER;1;12.2.1970;0;1
HAZEDE;1;17.6.1965;0;1
MUTAHI;1;3.3.1955;1;0
TELLAKI;2;16.8.1952;0;2
LUGBE;1;15.1.1946;0;1
KUSEHLI;1;1.2.1950;1;0
NACIVET;1;21.1.1948;0;1
BERNAHA;1;21.4.1952;0;1
SUKRADIYE;1;21.2.1970;0;1
MEYENES;1;22.6.1973;0;1
ALAIITIN;1;8.10.1953;1;0
ISMIHANDAN;1;18.7.1985;0;1
KERRER;1;17.2.1966;1;0
EBILHEYTEN;1;22.5.1965;1;0
ICLAR;1;15.3.1981;0;1
ZEMNI;1;1.4.1944;1;0
SENERI;1;12.10.1965;0;1
MEFUZIYE;1;20.2.1960;0;1
LEBUSIYE;1;22.2.1949;0;1
HAMDIAGA;1;24.11.1961;1;0
GUZUNE;1;13.2.1947;0;1
ARGUC;1;26.5.1980;1;0
NEKIVER;1;16.7.1953;0;1
GUMEN;1;12.8.1941;0;1
FEYLIMAN;1;13.5.1955;0;1
BINADE;1;22.2.1955;0;1
MULBIYAR;1;10.6.1952;0;1
BIHIYE;3;12.1.1971;0;3
PEVRUZIYE;1;14.3.1941;0;1
VELATIYE;1;7.11.1964;0;1
BAHZAR;1;11.7.1934;0;1
IKTARIYE;1;27.4.1932;0;1
NEYLUN;1;7.11.1928;1;0
USCAN;1;4.9.1978;1;0
MAZMUNIYE;1;7.3.1934;0;1
FERUZYA;1;2.3.1957;0;1
MUHUDER;1;2.2.1951;1;0
FERKUNDA;1;12.8.1947;0;1
SAHNIVAR;1;7.2.1940;0;1
RIFIDE;2;30.3.1941;0;2
MERKUBA;1;27.2.1950;0;1
SAHNIFER;2;18.3.1955;0;2
MILCANO;1;29.5.1984;1;0
CUVEYYE;1;1.2.1991;0;1
BERUNIYE;2;21.1.1967;0;2
NUHKAN;3;2.11.1973;3;0
ALUZE;2;9.8.1946;0;2
SANUVER;1;25.4.1955;0;1
HACIDAVUT;1;6.3.1967;1;0
KELIYME;1;18.3.1942;0;1
MUKLUSAN;1;1.1.1973;0;1
KIRIMEN;1;11.6.1946;0;1
GULSIRAN;1;3.11.1979;0;1
FEVKIYA;3;12.4.1964;0;3
AFSINHAN;1;18.4.1976;1;0
SIKTURASAN;1;4.3.1959;1;0
RUKANE;1;4.12.1940;0;1
ESREFIL;1;30.5.1956;1;0
ZIRAYET;1;13.11.1987;0;1
REYVAN;1;26.3.1982;0;1
KURAZI;1;2.2.1945;1;0
TEVIFE;1;13.3.1950;0;1
NAZENIR;1;12.2.1965;0;1
INZILFET;1;17.5.1978;0;1
SEMULEN;2;2.8.1970;2;0
SIPAHIR;1;22.10.1973;1;0
HIBREN;1;26.1.1979;0;1
FIRBA;1;13.9.1947;0;1
ISMAILL;1;28.7.1972;1;0
SUNILLAH;1;26.4.1958;1;0
NEYSAL;1;12.2.1959;0;1
SULEYMANIYE;1;11.7.1948;0;1
SUNBULIYE;1;20.3.1958;0;1
HATIYCA;4;4.12.1962;0;4
NONUFE;1;23.4.1980;0;1
LAFES;1;16.3.1969;1;0
EFFACAN;2;2.5.1947;0;2
TELNAME;1;23.11.1973;0;1
EBUSEYT;1;3.4.1943;1;0
CELLAV;1;5.7.1948;1;0
SENTURAN;1;2.2.1963;1;0
YUSEN;1;21.1.1966;0;1
MUFLEZER;1;12.7.1965;0;1
ZURUHA;1;2.11.1963;0;1
BIHINUR;1;12.5.1959;0;1
SIMSER;1;3.7.1965;0;1
ATELE;1;26.3.1949;0;1
IFEGAT;1;1.1.1946;0;1
NEBIZER;2;2.7.1963;0;2
BILYON;1;17.5.1960;0;1
HALIMETISADIYE;1;11.4.1986;0;1
ECIYE;1;16.2.1945;0;1
USAMETULLAH;1;29.2.1968;1;0
MUDIA;1;16.4.1977;0;1
ONBINAZ;1;4.8.1973;0;1
BULENTSERDAR;1;5.8.1978;1;0
ALAUDIN;1;16.5.1950;1;0
ZULFICA;1;16.3.1965;0;1
TOKFE;1;2.8.1933;0;1
ALBUR;1;22.5.1953;1;0
VASSILIKI;1;6.4.1950;0;1
ACEMOGLU;1;7.5.1984;1;0
NUFARET;1;14.11.1964;0;1
BEYKUM;1;22.9.1979;0;1
BINAFSAH;1;12.8.1977;0;1
RESIGUL;1;23.4.1955;0;1
BAYRAMHASAN;1;1.12.1948;1;0
DEVLETDIN;1;6.6.1961;1;0
ZABEY;1;7.8.1928;0;1
HURZIYA;1;21.8.1965;0;1
MEVFIVBA;1;27.10.1968;0;1
NAZMIM;1;2.2.1975;1;0
AKDINC;1;6.3.1986;1;0
SEMAZAN;1;6.4.1962;0;1
HACIILYAS;1;30.3.1992;1;0
PAYADAR;1;16.4.1950;1;0
M.HAMDI;2;2.6.1933;2;0
FERUMAN;1;6.6.1969;0;1
GULNEZEN;1;2.4.1963;0;1
NESTIREN;2;24.4.1949;0;2
CEMALIVER;1;12.7.1971;0;1
LEMZUKA;1;16.11.1982;0;1
SERPIY;1;13.10.1971;0;1
KALSUN;1;9.5.1962;0;1
GUERDEN;1;6.2.1954;0;1
OCALMAZ;1;19.12.1937;1;0
SANSUVAR;1;2.4.1933;0;1
BABAKAN;2;23.12.1979;2;0
AYETIL;1;13.2.1965;0;1
TEMCAN;1;5.6.1987;1;0
DILMIT;1;23.10.1959;0;1
TOMBULE;1;2.6.1946;0;1
KUZEYFA;1;10.11.1991;1;0
EZZABEN;2;1.9.1960;0;2
SAHBA;1;11.6.1962;0;1
OLAYI;1;5.3.1963;0;1
MIHYAL;1;19.9.1974;0;1
SEHMEDAN;1;7.9.1928;0;1
CANNESE;1;2.3.1963;0;1
EDADIYE;1;15.6.1975;0;1
IFAGA;3;3.3.1948;0;3
NIGDEGUL;1;12.6.1971;0;1
USHIYE;2;12.12.1932;0;2
REBIYYE;1;27.12.1941;0;1
ESSEYIDE;1;26.12.1969;0;1
ARIJANA;1;26.8.1974;0;1
REKIZE;2;16.12.1939;0;2
TORUNHAN;1;23.11.1988;1;0
BAHAMEDDIN;1;12.2.1973;1;0
SHIRINAT;1;9.4.1973;0;1
AKKAGUL;1;11.9.1990;0;1
REVIHAN;1;26.1.1962;0;1
TECKIN;1;8.3.1964;0;1
KARIZE;1;12.2.1935;0;1
RUPBIYE;4;11.9.1953;0;4
KETANIYE;1;6.4.1963;0;1
EMSALETDIN;1;18.2.1960;1;0
KIRCALI;1;24.10.1990;1;0
SEHMUNUR;1;15.9.1972;0;1
ZATIHAN;1;11.2.1951;0;1
UNUTMAN;5;21.3.1969;0;5
TUNCAYTO;1;7.1.1966;1;0
DEYLEME;1;2.4.1968;0;1
AKANT;1;15.8.1973;1;0
DORMUS;1;16.3.1947;1;0
SULBAZ;1;13.2.1934;0;1
SINAMITTIN;1;28.9.1981;1;0
ISASAHAN;1;23.7.1983;1;0
VAHTATTIN;1;19.9.1960;1;0
SAFAY;1;1.4.1977;0;1
BEZUYE;1;7.6.1957;0;1
HAMDONE;1;17.8.1930;0;1
FATMAGULSEN;1;27.1.1956;0;1
SEMAKAT;1;19.2.1960;0;1
MESELET;1;7.5.1939;0;1
DURRUL;1;6.12.1947;0;1
EMELAY;1;26.8.1953;0;1
VILHAR;1;2.2.1957;0;1
SIMITAN;4;11.9.1954;0;4
TALISTAN;1;20.3.1935;1;0
CANKOZ;1;16.3.1959;0;1
LEVGI;1;12.5.1953;1;0
LEYIZA;4;14.4.1965;0;4
VAATTIN;1;2.2.1963;1;0
SELIGA;1;25.2.1966;0;1
UMPES;1;12.6.1953;0;1
ISHABIR;1;1.6.1975;1;0
TEVGIYA;1;16.4.1959;0;1
SEPER;1;10.12.1968;1;0
PATEGOL;1;16.3.1969;0;1
ZAHIN;1;7.1.1958;1;0
HUMEYE;1;19.1.1965;0;1
MERYEMNISA;1;7.8.1946;0;1
MEHTERHAN;1;21.6.1990;1;0
NAYETTIN;2;30.9.1954;2;0
ERKINBEG;1;24.9.1980;1;0
TURNIYAZ;1;17.8.1942;0;1
TOSAN;1;12.12.1959;0;1
TEYAZ;1;5.8.1961;1;0
ZOFRA;1;14.2.1972;0;1
HOKASE;1;12.4.1952;1;0
BEDIRETDIN;2;19.2.1960;2;0
SEFUGRE;1;2.5.1961;0;1
MISIRGAN;1;16.3.1967;0;1
ZEMNE;2;29.4.1973;0;2
ALIOKTAY;1;2.5.1975;1;0
AKKANUR;1;9.6.1970;0;1
GULMAHYE;1;24.1.1967;0;1
SEMSINNUR;1;2.1.1981;0;1
SUVAYLAN;1;19.9.1980;0;1
UFUDE;1;1.2.1949;0;1
MASTI;2;1.4.1957;0;2
SONARGUL;1;30.4.1983;0;1
AHCE;1;8.5.1958;0;1
KAZAYIL;1;25.5.1964;0;1
BELADIYE;1;17.3.1960;0;1
BATIZE;1;20.2.1933;0;1
NAYIKNAZ;1;21.5.1964;0;1
RABIAATUL;1;24.12.1980;0;1
SAYIBIYE;1;29.4.1974;0;1
YILBURAK;1;22.1.1984;0;1
TAYBED;1;14.10.1977;0;1
LIYMUN;1;2.2.1969;0;1
MEFRUZIYE;1;11.12.1977;0;1
MENNEF;1;22.2.1961;0;1
REHNI;1;26.9.1965;0;1
HURSINAN;1;7.10.1960;1;0
ZULFURIYE;1;22.2.1961;0;1
PEMPEVUS;2;9.4.1940;0;2
HILSON;1;28.6.1964;0;1
NIMIRYAN;1;11.1.1951;0;1
ELABETUL;1;25.6.1974;0;1
DEDEYUNUS;1;20.8.1979;1;0
HIVSULLAH;1;11.6.1973;1;0
ELFERUZE;1;4.6.1935;0;1
RIZAEMRE;1;15.4.1986;1;0
HATICEDEVRIM;1;9.7.1977;0;1
YURDAUGUR;1;4.11.1956;1;0
LIVIT;2;11.8.1962;0;2
SELEDIYE;2;25.10.1970;0;2
SAHIDANE;2;9.2.1948;0;2
KALINFER;1;12.8.1929;0;1
TEHAN;1;26.3.1960;1;0
ZEGAYIR;1;17.8.1930;1;0
SAZIFET;1;2.2.1957;0;1
MESDUYE;1;22.4.1961;0;1
PATIR;1;17.1.1924;1;0
DIHRI;1;1.9.1954;1;0
SIJAN;3;20.2.1986;0;3
DUMAHAN;2;4.1.1934;0;2
SITILNAZ;1;21.2.1945;0;1
ZURREYA;1;3.12.1970;0;1
HUGRUYE;1;25.5.1967;0;1
VEZIVE;1;27.9.1974;0;1
MURDEL;1;19.2.1948;0;1
RUMEYSANUR;1;27.2.1992;0;1
NECAATDIN;1;13.10.1979;1;0
METIFE;1;25.12.1936;0;1
NAHIGAR;1;11.10.1974;0;1
DAYDUK;1;19.6.1947;0;1
NEVILGUL;1;2.2.1963;0;1
M.SABAHATTIN;1;29.6.1934;1;0
CEVIZE;1;17.8.1953;0;1
MAGLIK;1;11.6.1981;1;0
NAGDIYE;1;12.2.1965;0;1
HILAVET;1;1.8.1957;0;1
K.KAMURAN;1;23.8.1966;1;0
IFAMET;1;3.3.1957;0;1
EMSALET;1;17.1.1959;1;0
SHEYRIKHAN;1;11.8.1963;0;1
SEFTEHAN;2;2.2.1963;0;2
SUVEYDAN;1;22.6.1982;1;0
MEHMETMENNAN;1;21.7.1944;1;0
IRAKIYE;1;13.7.1964;0;1
SEMZER;1;11.9.1975;0;1
SAHIFAT;1;13.9.1954;0;1
BEZAATTIN;1;11.4.1990;1;0
ZILIFDER;1;15.4.1965;0;1
NERGIT;1;23.1.1976;0;1
NERIGAN;1;9.12.1960;0;1
HULERYA;1;1.2.1973;0;1
BASARETTIN;1;5.11.1959;1;0
MUSAKKAR;1;12.5.1917;0;1
BADELGUL;1;3.3.1968;0;1
FURUZAL;1;1.7.1973;1;0
DEMETHANIM;1;27.3.1972;0;1
ALIYHE;1;26.3.1975;0;1
MIZBE;1;17.2.1966;1;0
NUCET;1;21.11.1971;1;0
GILEM;1;26.1.1990;0;1
CANSANIYE;1;8.6.1986;0;1
KUDSIYYE;1;4.10.1977;0;1
NEMIT;2;6.2.1983;0;2
MOHUDAR;1;27.3.1980;1;0
MAYTAB;1;17.2.1966;0;1
SEFTANIYE;1;25.4.1975;0;1
KENEDIN;1;22.3.1967;1;0
NEMSINE;1;24.12.1962;0;1
SONMUR;1;22.8.1973;0;1
HAVURZAMAN;1;17.4.1966;0;1
ALBEGUN;1;24.9.1983;0;1
BEKIRSITKI;1;2.3.1971;1;0
SIU;1;19.1.1968;0;1
MUHUTEBER;1;28.2.1963;0;1
RUMERI;1;17.8.1930;0;1
MELKIZ;1;1.6.1949;0;1
SAHZEKI;1;11.12.1941;0;1
MUTRIYE;1;17.12.1960;0;1
DONEHATUN;1;17.5.1978;0;1
UNFULE;1;12.8.1929;0;1
ZULFAYIR;1;22.5.1973;1;0
NUFULE;1;17.12.1985;0;1
SAFFINUR;1;22.7.1974;0;1
SAHDURAN;1;27.5.1949;1;0
DUYGUTUBA;1;17.4.1989;0;1
HASUR;1;22.6.1967;1;0
MECMIYE;1;11.4.1928;0;1
GURYIGIT;1;12.5.1982;1;0
BAYSOZ;1;10.6.1971;1;0
SAHBBEDIN;1;12.3.1966;1;0
ZENIHAT;1;2.4.1975;0;1
TAZIZER;1;26.6.1965;0;1
CEDENE;1;28.12.1958;0;1
SAHIPER;1;9.5.1967;0;1
SULFANIYE;1;6.11.1973;0;1
EMIRHASAN;1;21.7.1960;1;0
NURSUBA;1;24.6.1989;0;1
NAVHAR;1;3.3.1963;0;1
DUZCIYE;1;6.12.1941;0;1
AHSANUR;1;27.8.1983;0;1
IRHAIL;1;27.6.1966;0;1
TUNAYSEN;1;15.7.1983;0;1
DUSER;1;22.9.1931;0;1
UZDIN;2;10.2.1947;2;0
MESIHAT;1;27.7.1980;0;1
YURDABAG;1;23.3.1973;1;0
BEDIRETIN;1;27.2.1956;1;0
SEEFR;1;26.4.1964;1;0
MEVSUBE;1;11.10.1987;0;1
TEFYIDIYE;1;26.4.1943;0;1
BRANT;1;29.1.1956;1;0
TEVKA;1;2.2.1956;0;1
ACILGUL;1;29.7.1973;0;1
NUFUZIYE;1;2.2.1951;0;1
HABIBIM;1;27.2.1974;1;0
MUTKIYE;1;26.6.1957;0;1
YUDAYIM;1;22.9.1943;1;0
ACILKAN;1;8.2.1967;1;0
H.ARSLAN;2;13.1.1939;2;0
SARILHAN;1;21.11.1946;0;1
HARUSAN;1;15.3.1959;0;1
ZANIK;1;2.1.1927;0;1
GUSPAKO;1;27.8.1932;0;1
PEVRUDE;1;3.4.1984;0;1
BISAMIN;1;12.10.1988;1;0
GUSREF;1;17.9.1984;1;0
CAMIZHAP;1;22.7.1979;1;0
TAYYIR;1;1.8.1953;1;0
MEMNURIYE;1;8.4.1946;0;1
SEVGIDUDU;1;25.8.1950;0;1
NAZITE;1;4.4.1974;0;1
EBRULINA;1;1.12.1977;0;1
ZAHIYAT;1;22.3.1966;1;0
GULBENLI;2;9.9.1956;0;2
TASTEMUR;2;29.7.1932;2;0
MUSTER;2;21.4.1964;1;1
MIHIYAR;1;27.5.1968;0;1
URUPBIYE;1;5.3.1957;0;1
SUHKAN;1;16.3.1969;1;0
KIRAMEDIN;1;16.5.1982;1;0
ERTUNAY;1;16.7.1971;1;0
SEHENNAZ;1;21.9.1986;0;1
GUNIHER;1;17.5.1978;0;1
KUMRUCANAN;1;22.8.1972;0;1
GULSUREYYA;1;12.5.1943;0;1
NAJENDE;1;2.4.1951;0;1
UMRANUR;1;12.12.1990;0;1
NUSTU;1;12.8.1929;1;0
ERKAMETTIN;1;12.2.1965;1;0
TEKATIN;1;11.11.1950;1;0
SIRUSIYE;1;8.4.1927;0;1
ISKANIYE;1;20.12.1971;0;1
VEHSAL;1;6.2.1967;1;0
SAFIGUN;1;16.11.1961;0;1
SALIYEN;1;27.4.1955;0;1
IPRAYIN;1;15.8.1957;1;0
EMMATIYE;1;11.8.1949;0;1
SENSINUR;1;24.3.1981;0;1
KORCU;1;19.11.1964;0;1
CEZRAFIL;1;21.6.1966;1;0
YENUDUNYA;1;27.2.1980;0;1
NIZAP;1;27.2.1956;1;0
BENALP;1;30.8.1983;0;1
KULFIRE;1;26.5.1948;0;1
IHLIME;1;19.5.1966;0;1
BEBIRE;1;17.1.1972;0;1
YUTU;1;14.5.1955;0;1
SEMULEL;1;3.8.1980;1;0
MURDEN;3;7.7.1954;0;3
SELVINAN;1;13.5.1970;0;1
MAKDIYE;1;19.10.1950;0;1
EBUSITTIK;1;22.2.1949;1;0
ISARETTIN;1;11.5.1980;1;0
LEZIKA;3;11.3.1932;0;3
NIGABBAN;1;22.5.1973;0;1
MUGAYIS;1;2.8.1969;1;0
NIHHAL;1;11.6.1970;0;1
CUMAZIYA;1;15.2.1959;0;1
SAHRAYI;1;21.4.1959;0;1
URUZAT;1;10.4.1949;0;1
EHTAMAM;1;12.3.1959;1;0
EYIM;1;30.8.1977;0;1
GURZAMAN;1;27.2.1980;0;1
FILITA;1;20.8.1981;0;1
BOLGEL;1;22.4.1973;1;0
SERAHIYE;1;26.6.1960;0;1
NUSREVANADIL;1;12.3.1968;1;0
SAHNAZIK;1;13.5.1935;0;1
NULGU;1;26.3.1966;0;1
VESFIRE;1;2.6.1956;0;1
NUKUYE;1;17.8.1964;0;1
ZULKARNEYIA;1;26.4.1972;1;0
BILGEHEN;1;4.6.1981;0;1
KUZIYE;1;24.3.1931;0;1
YUSUFGAZI;1;25.10.1979;1;0
TAYSAN;1;28.10.1956;1;0
BIGCE;1;13.7.1977;0;1
HUZUMET;1;6.2.1944;0;1
MUHAYIT;1;19.8.1953;0;1
GURCIYEN;1;17.1.1960;0;1
NESLAVER;1;22.8.1961;0;1
MEYREVAN;1;15.6.1963;0;1
GULENBARI;1;22.4.1959;0;1
SAK;1;30.3.1954;1;0
GULFIRIN;1;24.6.1955;0;1
MINADI;1;16.7.1964;0;1
RUBBUYE;1;17.8.1979;0;1
SAFFI;1;1.9.1953;0;1
HANCERLI;1;14.1.1974;1;0
PIRIC;1;7.12.1964;0;1
MOHDEBER;1;7.11.1964;0;1
EBVER;1;2.6.1974;1;0
BAYRAKAM;1;22.3.1973;0;1
YUGLUSE;1;21.9.1953;0;1
GARACA;1;26.4.1979;1;0
MEHRAH;1;26.3.1960;1;0
MASUNU;1;23.3.1972;1;0
RANAZAN;1;27.2.1990;1;0
GULFUAT;1;23.3.1967;0;1
HUZUFET;2;29.11.1954;0;2
AMINEGUL;1;11.8.1991;0;1
RUZIYSAN;1;16.1.1981;0;1
MUZEFFERNUR;1;5.10.1988;0;1
VEKIYLE;1;22.2.1987;0;1
NERISE;1;7.2.1940;0;1
MENZEFIYE;1;26.7.1958;0;1
K.BATTAL;1;12.6.1934;1;0
ESAMIL;1;8.3.1985;1;0
ZIMMER;1;23.8.1973;0;1
SEVIMSALTAN;1;14.6.1941;0;1
MAZIFET;1;17.2.1966;0;1
ZIKIRHAN;1;27.8.1932;0;1
CANAN.;1;13.11.1982;0;1
MUZESTEN;1;26.5.1947;0;1
GULPIZE;1;27.10.1972;0;1
HAKBILEK;1;2.7.1974;0;1
KOLSEN;1;3.4.1961;0;1
CEBOGA;1;2.8.1945;1;0
CETTI;1;17.2.1966;1;0
MUHASSIL;1;16.11.1975;1;0
RUHUZA;1;24.3.1949;0;1
IFAMETTIN;1;4.1.1957;1;0
SAFABAY;1;12.6.1969;1;0
CEYFUR;1;29.9.1979;1;0
ERBAKI;3;2.6.1955;3;0
ZIVHAL;1;26.8.1953;0;1
RUBAY;1;21.3.1974;0;1
SAHISET;1;9.5.1934;0;1
MUSRAFAN;1;18.2.1986;1;0
ZEYDANE;1;17.9.1972;0;1
KUMRUDURAK;1;17.4.1948;0;1
FEZENDER;1;22.2.1961;1;0
MERKURE;1;3.4.1969;0;1
SHAMSI;1;20.11.1949;0;1
GUTSIYE;1;24.4.1951;0;1
NURBULUT;1;10.6.1952;0;1
NAZENFE;1;20.3.1973;0;1
ERATES;1;11.11.1961;1;0
SIBELTAN;1;15.5.1971;0;1
GULDANEYE;1;21.4.1948;0;1
HADIYSE;1;28.10.1965;0;1
OMEREDIP;1;9.8.1953;1;0
MEHRIGUN;1;26.11.1965;0;1
YEGANIYE;1;18.2.1954;0;1
VIDDA;1;12.2.1953;0;1
NEJMURIYE;1;13.2.1947;0;1
MUTAHA;1;10.4.1970;0;1
BERGOZAR;1;16.11.1968;0;1
PENBEVIS;1;23.4.1936;0;1
NUSUZE;1;21.8.1963;0;1
RUHIZET;1;2.2.1951;0;1
AKIFAT;1;1.4.1955;0;1
TORASAN;1;7.5.1952;1;0
KETIKAN;1;12.4.1962;0;1
GUDEYFE;1;21.2.1958;0;1
TASLIHE;1;28.3.1984;0;1
ALIYKE;1;30.4.1973;0;1
IRAZGELE;1;4.9.1948;1;0
TUNYAS;1;7.8.1958;0;1
ANABENLI;1;29.10.1979;0;1
ZULBIDIYE;1;6.10.1977;0;1
SURHETTIN;1;22.2.1967;1;0
DUNYASIN;1;22.6.1977;0;1
VANU;1;22.2.1968;0;1
RUKUGUL;1;25.11.1950;0;1
FETEHNAH;1;2.2.1951;0;1
TERFIZ;1;20.9.1960;0;1
EBEL;1;17.2.1972;1;0
SAVANA;1;1.9.1966;0;1
USTTEKIN;1;3.5.1963;1;0
YILIDZ;1;8.5.1981;0;1
KESMIS;1;14.3.1981;0;1
DURSONA;1;4.12.1955;0;1
GUNELGE;1;4.11.1957;0;1
ATFIYET;1;22.1.1947;0;1
KAHRIME;1;24.3.1967;1;0
EDISOY;1;1.11.1983;1;0
KARAKAG;1;27.10.1974;1;0
NEMLI;2;4.1.1965;2;0
KARAHUSEYIN;1;12.8.1929;1;0
FERIDANIYE;1;22.6.1949;0;1
SEHIYME;1;3.3.1965;0;1
NUTEBER;1;22.2.1979;0;1
YILDIZSER;1;22.3.1937;0;1
VENHAN;1;15.3.1967;0;1
UMITVER;1;18.5.1948;1;0
PENPEVIS;1;30.11.1936;0;1
LANIZER;1;1.9.1956;0;1
GEMZIYE;1;27.7.1944;0;1
ZERMUSAN;1;25.11.1960;0;1
SAMETLI;1;27.5.1980;1;0
MIRZAK;1;16.4.1970;1;0
GENCARSLAN;2;4.8.1963;2;0
SUMIYYA;1;9.3.1974;0;1
GENDINAZ;1;16.9.1976;0;1
HAMMAGUL;1;3.10.1985;0;1
BIRLOR;1;27.5.1955;0;1
UDANE;1;2.8.1985;0;1
NURDAYIN;1;2.2.1957;0;1
KAYABAKIR;1;28.6.1983;1;0
SAZDIL;1;8.3.1988;0;1
MUZDA;1;23.2.1988;0;1
MUSEHIDDIN;1;5.3.1951;1;0
SAIMBEY;1;28.12.1977;1;0
SAMIYEGUL;1;20.8.1987;0;1
MEDIR;1;26.1.1967;1;0
NAZDE;1;13.4.1953;0;1
ESELFIRAZ;1;24.3.1954;0;1
ALKANAT;1;9.1.1978;1;0
TEATTIN;1;12.3.1947;1;0
SAHBENDAR;1;7.6.1939;1;0
UZEYMA;3;27.4.1954;0;3
MUBANI;1;30.9.1962;0;1
IHRAP;1;11.4.1987;0;1
FESNIYE;2;21.1.1960;0;2
UNNU;1;2.2.1957;1;0
TURCAL;1;16.9.1971;0;1
HURZUYE;1;22.2.1949;0;1
DILENUR;1;20.3.1976;0;1
GULFIET;1;12.2.1971;0;1
SIFAHATIN;1;22.5.1979;0;1
GUNDESIL;1;1.10.1970;0;1
KETAVIYE;1;22.2.1955;0;1
EMERIYE;1;22.8.1949;0;1
FIZAT;1;3.4.1955;0;1
FIRUZENDE;1;12.11.1965;1;0
EYZA;1;7.6.1981;0;1
GOSESIRMA;2;5.1.1928;0;2
KADIFEKAN;1;17.5.1976;0;1
KUNURI;1;26.4.1955;1;0
RUZEYE;1;3.2.1963;0;1
MUNUREGUL;1;9.1.1966;0;1
UMUSHATIN;1;21.6.1975;0;1
ZAYNEL;1;16.12.1964;0;1
ENDELCAN;1;21.5.1953;1;0
FUZAT;1;21.9.1982;0;1
SEHBAB;1;6.8.1977;0;1
DONUL;1;4.9.1959;0;1
ERGUNMUNISE;1;28.12.1974;0;1
SABANAGA;2;23.4.1972;2;0
NUHYASIN;1;9.11.1987;1;0
BIYIYE;1;26.4.1939;0;1
SEZANIM;1;22.5.1970;0;1
MENCUFER;1;16.7.1953;0;1
TIKNAZ;1;17.2.1954;0;1
HAFIRAN;1;1.11.1982;0;1
DILARAGUL;1;27.7.1991;0;1
KULBARIYE;1;22.6.1936;0;1
NEZAYIN;1;4.4.1969;0;1
EFRIMIYE;1;2.8.1921;0;1
UNPEZ;1;23.11.1954;0;1
LUHIYE;1;22.2.1955;0;1
NURSACAN;2;18.12.1971;1;1
BILNAR;1;13.3.1965;0;1
SEYHASLAN;1;2.11.1981;1;0
AVIZIYE;1;28.2.1956;0;1
MAFIRETTIN;1;19.3.1958;1;0
PACAR;1;1.9.1956;0;1
LUFEYDE;1;9.3.1980;0;1
TAVET;1;4.10.1970;1;0
MELHAYIR;3;24.8.1960;0;3
BEGNI;1;2.2.1957;0;1
FRANSIZKA;1;23.12.1969;0;1
MUSEPBI;1;27.2.1956;0;1
SEFUNA;1;6.3.1966;0;1
MINTIFAR;1;16.10.1946;0;1
GULMEVLANI;1;7.5.1970;0;1
SAHNUVER;1;22.3.1939;0;1
YIRCEGUZELI;1;27.5.1955;0;1
UMMEYRA;1;27.5.1982;0;1
MIRSEYYAT;1;4.10.1972;1;0
ABDULBARIL;1;2.7.1969;1;0
K.HATICE;1;22.4.1942;0;1
SUANDEN;1;23.2.1961;0;1
ABDUBASIT;1;24.4.1973;1;0
SUAYIM;1;22.5.1982;1;0
FAYFUNAZ;1;7.7.1970;0;1
OSMA;1;7.2.1976;0;1
SECADIYE;1;17.2.1960;0;1
NUFUFER;1;11.5.1974;0;1
AVIGER;1;1.5.1962;1;0
YUZEY;1;21.9.1972;1;0
H.HALIT;1;20.7.1964;1;0
FIRKANE;1;9.8.1965;0;1
ESENDEMIR;1;18.11.1952;0;1
SUMELYA;2;6.2.1990;0;2
ITAFAT;1;26.6.1967;0;1
SATRATTIN;1;15.3.1955;1;0
AYRILCAN;1;26.2.1958;0;1
NEFIYENUR;1;19.2.1988;0;1
SULEYHIYE;1;8.3.1938;0;1
HAKBIR;1;13.9.1977;1;0
SULIYLA;1;15.10.1970;0;1
MALKIZ;1;27.8.1932;0;1
SUVEYYE;1;3.3.1983;0;1
FAHHIR;1;23.8.1955;1;0
LEMON;2;19.10.1952;0;2
HASANIBASRI;2;1.5.1968;2;0
NEVALET;1;1.12.1967;0;1
ISSARI;1;21.5.1953;0;1
MUZEMMILE;1;11.5.1982;0;1
GULNEVIT;1;5.3.1955;0;1
MIRASTE;2;7.10.1961;0;2
VECHETDIN;1;16.4.1965;1;0
RAHUP;1;18.3.1984;1;0
OMERNACI;1;24.6.1955;1;0
RENZAY;1;20.6.1977;0;1
SAVICAN;1;15.3.1975;0;1
HACADIN;1;11.6.1969;0;1
SEHIRCAN;1;26.4.1941;0;1
GULMAHYA;2;15.6.1958;0;2
NURAYISE;1;15.5.1962;0;1
HURVET;2;23.10.1967;1;1
AVZE;1;16.8.1975;0;1
A.BILGIN;1;17.9.1946;1;0
HASPEK;1;3.11.1960;1;0
GUGURE;1;10.2.1931;0;1
BURHANETTIH;1;18.7.1990;1;0
SEHRIBEY;1;19.5.1964;1;0
BAHTIYARHAN;1;9.12.1987;1;0
KALAFIR;1;7.1.1980;0;1
MUKERANE;1;1.2.1943;0;1
RISFANE;1;3.3.1950;0;1
BIRSELAY;1;2.4.1981;0;1
DOGUSCU;1;22.8.1907;1;0
SEREFBEY;1;28.2.1966;1;0
MIDEHAN;1;22.4.1947;0;1
FEVZUDDIN;1;18.8.1983;1;0
INDER;1;22.4.1973;0;1
HUNERYA;2;17.6.1967;0;2
GUSHAN;1;1.7.1932;0;1
NARYE;1;6.4.1954;0;1
SAATED;1;6.3.1974;0;1
MUSEM;2;30.2.1963;1;1
MIKMET;1;17.4.1966;1;0
TANDAYI;1;27.2.1938;1;0
YASIEMIN;1;1.5.1980;0;1
CAVIN;1;25.9.1973;1;0
MEFRARET;1;13.7.1971;0;1
YARARBAS;1;13.10.1933;1;0
YESILNAZ;1;11.11.1974;0;1
BEDIVI;1;6.3.1963;0;1
ESNAI;1;2.2.1963;1;0
HASANTURKER;1;11.3.1973;1;0
EMINENURGUL;1;18.3.1981;0;1
UMUSGUL;1;21.3.1985;0;1
SAHREK;1;11.5.1967;1;0
GULHERDE;1;22.7.1966;0;1
CUMAYINUR;1;26.10.1965;0;1
DURDUKIZ;2;24.8.1956;0;2
SEYHURE;1;17.2.1948;0;1
SELPERI;1;22.4.1974;0;1
PISINAZ;1;11.1.1958;0;1
JANSURET;1;22.10.1948;0;1
MEZAI;1;2.2.1927;0;1
MEKREM;1;6.1.1957;0;1
YUNUSEL;1;26.3.1947;0;1
HASANDURAN;1;2.2.1966;1;0
ALINNAZ;1;12.1.1947;0;1
UNKUR;2;26.6.1963;2;0
HUDAMIYE;1;23.9.1960;0;1
SIYDE;1;8.4.1952;0;1
VATANAGUL;1;17.3.1942;0;1
FATMATUG;1;14.7.1991;0;1
HALMET;1;7.4.1931;0;1
HAMIYETI;1;27.2.1950;0;1
FEVZIYEGUL;1;14.4.1961;0;1
AHMETRESAT;1;29.3.1987;1;0
YELYA;1;2.12.1939;1;0
MEJKAN;1;2.4.1942;0;1
ZUZEY;1;27.8.1926;0;1
FUNAT;1;7.3.1981;0;1
UMITSEN;1;23.1.1973;1;0
NUGAYHAN;1;16.8.1959;0;1
BIYYE;1;30.2.1974;0;1
BULLOR;1;2.2.1975;0;1
TENTE;1;5.3.1939;0;1
TAHIRAGA;1;27.3.1979;1;0
AGBIT;1;23.8.1975;1;0
MEZEMETTIN;1;11.12.1973;1;0
ZUHUYE;1;30.5.1981;0;1
LACIFER;1;8.7.1951;0;1
SERFIDIN;1;11.2.1956;1;0
METAI;1;5.5.1969;1;0
GURFINAZ;1;8.1.1946;0;1
GULUSLAN;1;7.2.1982;0;1
BAHADA;1;16.2.1977;0;1
ABDULMAHIP;1;7.5.1982;1;0
GUSTEN;3;22.11.1961;0;3
BUVEYDA;1;18.6.1982;0;1
MEHMETZAIT;1;14.9.1978;1;0
MELAIR;1;6.9.1962;0;1
IBRAHIMIYE;1;16.11.1943;0;1
MERALGULSUM;1;22.6.1961;0;1
HATINNAZ;1;9.2.1950;0;1
BEDIHASEN;1;18.5.1991;0;1
BIYAR;1;2.2.1957;0;1
MUHUN;1;11.5.1977;0;1
MUTAHKER;1;7.6.1964;0;1
RIFTIM;1;22.3.1973;1;0
NAHIRBEY;1;1.8.1961;1;0
BIKSET;1;17.2.1972;1;0
SURMENE;2;26.8.1981;1;1
ULZULE;1;2.4.1981;0;1
ATALGAN;1;2.11.1973;1;0
METYEN;1;16.7.1980;1;0
JAMBERT;1;17.2.1978;1;0
GULHICRAN;1;11.8.1983;0;1
SEYYEHAT;1;15.10.1949;0;1
SURBUHAN;1;16.1.1951;0;1
HUVEYIL;1;19.6.1972;1;0
UMRAMI;1;21.8.1940;0;1
ZULHUMUR;1;20.7.1943;0;1
ARSULLAH;1;18.9.1973;1;0
MUFUYE;1;8.11.1958;0;1
MURUFFET;1;6.12.1963;0;1
SAMDINAL;1;14.3.1965;1;0
ZIFDI;1;18.1.1928;1;0
MERUZA;1;12.8.1935;0;1
IRMEHAN;1;26.3.1942;0;1
RESMETTIN;1;1.5.1984;1;0
SAFENAZ;2;30.7.1970;0;2
BETULSENA;1;7.11.1979;0;1
SEMIKYA;1;2.2.1963;0;1
UJDIYE;1;22.11.1961;0;1
KOSENAGU;1;2.8.1927;0;1
RAKAIB;1;9.4.1968;1;0
FIRZET;2;17.12.1958;0;2
MEHYAIL;1;6.12.1939;1;0
ERENER;1;2.8.1975;1;0
LUSEYEN;1;11.6.1966;0;1
SUHNUR;1;17.2.1961;0;1
SAZIK;7;26.1.1945;0;7
DUSUNGU;1;7.2.1952;0;1
BILGEHATUN;1;8.8.1989;0;1
CURCEN;1;8.2.1949;0;1
RASTA;1;7.2.1958;0;1
FATMAKIZ;1;11.5.1950;0;1
PEMPAL;1;20.6.1942;0;1
SEVICI;1;6.8.1975;0;1
SURMUT;2;1.12.1962;0;2
MURHUVAN;1;1.4.1968;0;1
MAILI;1;7.8.1934;1;0
FERGUYE;1;12.3.1959;0;1
HILMICAGLAR;1;4.10.1988;1;0
CUHURIYE;1;17.3.1966;0;1
ERBAYSAL;1;3.2.1982;1;0
RAGIM;1;9.3.1952;1;0
TUYUSAN;1;6.6.1975;0;1
ZALIMAN;1;3.7.1960;0;1
NIHIZAR;1;10.10.1965;0;1
SADIYEN;1;23.6.1960;0;1
NURIZUYE;1;13.2.1953;0;1
SELVED;1;20.10.1959;0;1
ESENBIGE;1;27.12.1971;0;1
SAHMIN;1;1.1.1956;0;1
ARUVAN;1;22.3.1949;1;0
EMARIZ;1;26.1.1933;0;1
EDLIBE;1;1.5.1943;0;1
MILTANUR;1;6.9.1971;0;1
SUHEYNUR;1;23.11.1939;1;0
DULBANI;1;23.3.1965;0;1
NUKHER;1;13.2.1934;0;1
KABEKAR;1;11.8.1963;0;1
HAMBEZ;1;6.6.1950;0;1
HATIRIYE;1;22.3.1955;0;1
NURMAHI;1;8.2.1968;1;0
HUREYZA;1;17.1.1960;0;1
ESMUL;1;2.12.1957;1;0
CEVAKER;2;22.11.1969;1;1
LEFIGUL;1;17.10.1972;0;1
GAGUS;1;11.8.1949;0;1
VEDUDE;1;11.9.1954;0;1
YASANIM;1;22.2.1967;0;1
GULHAMIYET;2;1.4.1989;0;2
SADEZIMET;1;27.2.1956;0;1
DANEDE;1;9.6.1946;0;1
SEYDINE;1;19.4.1946;0;1
ZELLIN;1;11.2.1957;0;1
BISMET;1;18.12.1954;0;1
RAHIMESULTAN;1;17.12.1984;0;1
MILADIN;1;16.8.1969;1;0
MENGEM;1;8.6.1958;0;1
DUDUHATUN;1;28.12.1962;0;1
MAHSUMIYE;1;15.5.1965;0;1
SAIFA;1;25.5.1965;0;1
HAZEME;1;23.3.1967;0;1
MURATGOKHAN;1;16.9.1969;1;0
BENMA;1;16.8.1970;0;1
OMULHAYIR;1;1.9.1965;0;1
ATIYEI;1;14.6.1929;0;1
RUCAYI;1;12.8.1953;1;0
BABUH;1;17.8.1924;0;1
NUBUBE;1;26.12.1956;0;1
NULSER;1;3.7.1979;0;1
ALIKAGAN;1;10.8.1990;1;0
MAPKULIYE;1;3.4.1965;0;1
SEVCIK;1;2.3.1951;0;1
MUMTUHA;1;23.3.1967;0;1
NUHSEYIT;1;24.11.1955;1;0
RESITBERTAN;1;29.12.1980;1;0
SINGA;1;22.2.1961;0;1
BAYISAL;1;13.4.1977;1;0
ARSLANBEK;1;7.8.1946;1;0
BEDRIHANIM;1;22.2.1964;0;1
NAKIKAN;1;27.5.1973;0;1
AYFEVER;1;27.2.1968;0;1
TAYMAC;1;28.2.1966;1;0
MARNUS;1;20.11.1941;1;0
BAYBUR;1;22.1.1966;1;0
BAHADDIS;1;6.9.1944;0;1
ZEGUSE;1;6.10.1918;0;1
VELIYAN;1;7.8.1922;0;1
FAAMET;1;14.6.1943;0;1
AVCA;1;29.5.1968;0;1
FIRAYET;1;3.8.1985;1;0
ZUKKA;1;1.2.1966;0;1
ALEMKADIN;1;4.6.1939;0;1
ELIFKIYE;1;27.2.1956;0;1
BUBEYRA;1;11.10.1975;0;1
VIKSEL;1;25.7.1967;0;1
UYRAMI;1;6.10.1968;1;0
KOPRULU;1;1.12.1981;1;0
BELAR;1;27.2.1938;1;0
KADILHAN;1;1.1.1;0;1
AVAMIL;1;22.2.1967;1;0
DAGIZTAN;1;29.10.1969;1;0
SEMEHATTIN;1;16.6.1961;1;0
BEHRIGUL;1;21.6.1980;0;1
RAFETSINAN;1;5.9.1986;1;0
FUMEY;1;7.8.1928;0;1
SIPYAN;1;27.7.1956;0;1
APKER;1;21.1.1961;0;1
BUNNAZ;1;28.8.1979;0;1
GULYARE;1;6.11.1942;0;1
RUPPIYE;1;15.10.1944;0;1
DILFUR;1;7.1.1985;0;1
MUFFERRIK;1;5.3.1957;0;1
DIZMIT;1;8.4.1933;0;1
TONTON;1;16.7.1982;0;1
FEKKIYE;1;12.2.1935;0;1
FETIYNE;2;14.8.1977;0;2
KESDEK;2;17.10.1964;0;2
GULEPURUZ;1;11.5.1951;0;1
SAHIYAZ;1;13.4.1965;0;1
GULABET;1;22.2.1961;0;1
GUNUCAN;1;27.4.1949;0;1
ZIYALET;1;20.8.1977;0;1
MUCDEDIYE;1;4.4.1951;0;1
TEFARIKE;1;18.6.1924;0;1
ATIKMEHMET;1;11.1.1961;1;0
MUTTAGIYN;1;19.8.1971;1;0
YAHSETTIN;2;9.10.1970;2;0
MESAYIL;1;9.11.1980;1;0
SELAMETE;1;1.6.1948;0;1
KAMERHATUN;1;6.7.1973;0;1
OMEL;1;17.4.1966;0;1
SEVAPHAN;1;7.4.1928;0;1
ZIVLEER;1;12.2.1959;1;0
ELKOVAN;1;17.7.1936;0;1
TUYGUL;1;6.2.1981;0;1
SIKCA;1;9.8.1945;1;0
SIINA;1;27.2.1986;1;0
MUVFET;1;2.7.1974;0;1
GULYIGIT;1;17.11.1981;0;1
ISMETARSLAN;1;25.3.1937;1;0
HATUKHAN;1;4.6.1939;0;1
GULEVHER;1;24.2.1967;0;1
CANSERIN;1;6.12.1968;0;1
JAS;1;12.8.1935;0;1
YUHNAN;1;12.2.1959;0;1
GULDAHIN;2;21.1.1956;0;2
RABIAJANE;1;12.2.1989;0;1
NAHO;2;30.4.1929;0;2
BENATIK;1;5.1.1963;1;0
MAKBUZ;2;6.9.1942;1;1
KAMBI;1;7.4.1964;1;0
BEIA;1;22.7.1967;0;1
TURASAN;1;8.2.1970;1;0
ERTNAL;1;22.11.1973;1;0
OMERDOGAN;1;17.3.1936;1;0
YASARBI;1;7.3.1934;1;0
AKTUNA;2;4.6.1959;1;1
PERIJAN;1;7.4.1964;0;1
GULGUMUS;1;23.3.1992;0;1
NUDIYI;1;6.3.1974;0;1
HABIJ;1;6.2.1938;1;0
OZEMIT;1;21.1.1983;1;0
KASPOLAT;1;2.3.1943;1;0
REMZIKAYA;1;19.1.1974;1;0
MEVLIHAT;1;27.2.1956;0;1
BANBAL;1;1.7.1954;0;1
ABIKER;1;28.1.1971;0;1
SIKHAMIT;1;9.9.1975;1;0
SERIFAT;1;25.11.1956;0;1
AKINHAN;2;25.1.1983;2;0
CUGDIYE;1;16.6.1966;0;1
RUFYAN;1;2.6.1951;1;0
UDBAY;1;4.7.1944;1;0
KOSPAKA;1;15.8.1941;0;1
GENCASLAN;1;9.5.1981;1;0
GULCEVHAYIR;1;15.6.1941;0;1
HATKO;1;19.6.1976;1;0
HINEMIS;1;17.3.1966;0;1
BERNES;1;18.3.1985;1;0
ZEHIRAT;1;16.3.1930;0;1
HAHUJEVOY;1;2.10.1972;0;1
SERADANE;1;27.1.1956;0;1
JANBERD;2;19.6.1981;2;0
EYMI;1;2.8.1927;0;1
FERAMISIN;1;17.11.1984;1;0
HAZASA;1;2.8.1933;1;0
BAHSIT;1;11.6.1961;1;0
SINUSU;1;14.5.1955;1;0
ULKUSELCEN;1;25.10.1977;0;1
MIDAYIP;1;1.8.1985;1;0
GOKCEYHAN;1;26.7.1984;0;1
SEIRAN;1;2.3.1957;0;1
SUVEYME;2;7.10.1971;0;2
REVZIYET;1;11.3.1963;0;1
RENKUL;1;13.9.1951;0;1
FELILE;1;13.3.1945;0;1
GULBEZEN;2;27.7.1956;0;2
MUHTILE;1;22.8.1925;0;1
NURUAN;1;15.7.1948;0;1
RAILA;1;4.3.1951;0;1
MOHDU;1;16.3.1970;0;1
IRIDA;1;28.3.1966;0;1
KATA;1;21.7.1933;0;1
MATBERE;1;16.1.1949;0;1
TASEL;1;30.4.1983;1;0
MEZIGA;1;8.6.1970;0;1
LEPLIZ;1;3.2.1962;0;1
FADIN;1;26.6.1965;0;1
NEBRIS;1;7.4.1976;0;1
GENCBAY;1;29.10.1980;1;0
OZFATMA;1;27.6.1987;0;1
NECIPCAN;1;27.11.1991;1;0
ISMAILYUKSEK;1;1.12.1956;1;0
C.ALI;1;9.5.1962;1;0
SEFAYDINIYE;1;27.8.1946;0;1
H.ELIFE;1;6.4.1955;0;1
MIBAYEL;1;16.11.1973;1;0
H.SAMUR;1;6.5.1931;1;0
GULEMMER;1;8.3.1967;0;1
SEVAYDIN;1;3.3.1963;0;1
H.SAHIN;1;21.7.1934;1;0
CEHANBU;1;27.3.1974;0;1
FADIMETIZZEHRA;1;1.4.1974;0;1
GUNESENGUL;1;28.10.1969;0;1
HAZNEDE;2;2.2.1948;0;2
UGULGUL;1;24.2.1955;0;1
DURUZ;1;25.2.1943;0;1
KOSEGAG;1;6.2.1925;0;1
AHSE;1;16.7.1958;0;1
OZIYE;2;1.2.1953;0;2
SEHCI;1;5.3.1945;0;1
K.MUSA;1;10.8.1945;1;0
H.ESAT;1;6.3.1935;1;0
TENHERUZ;1;14.2.1953;1;0
BENGUTAY;1;5.6.1971;0;1
SOKRAN;1;24.3.1940;1;0
ULASINAN;1;27.5.1982;1;0
BAHSENDER;1;12.9.1989;0;1
ELISOGLU;1;14.5.1977;1;0
NURBELEM;1;8.7.1956;0;1
CEYLINGIZEM;1;26.2.1989;0;1
GULEYZET;1;22.4.1961;0;1
YUHNE;1;23.6.1972;0;1
MULFIZIYE;1;27.2.1962;0;1
LEDUNNIYE;1;20.9.1959;0;1
GUTDUSE;1;12.2.1953;0;1
H.ASKER;1;26.5.1972;1;0
SEREFUGURLU;1;8.10.1974;1;0
MUZAFAT;1;14.4.1947;0;1
IRIFAN;1;17.2.1966;0;1
ZULKARYE;1;17.4.1972;0;1
CAFBER;1;22.2.1949;1;0
TEZAFI;1;9.10.1965;1;0
NACIZIYA;1;21.4.1964;1;0
KONCEVHER;1;30.11.1946;0;1
GULGAMER;1;16.10.1943;0;1
TOLINAY;1;7.9.1966;0;1
MILFARI;1;26.11.1967;0;1
DILKAY;1;28.10.1970;0;1
EDISHAN;1;15.7.1988;1;0
OZERNUR;1;22.11.1983;1;0
HAKVERGISI;1;30.1.1954;0;1
KUSUFE;1;18.1.1981;0;1
MUKLISE;1;26.3.1946;0;1
VEHBENDER;1;16.6.1969;1;0
GULUZDEN;1;26.8.1965;0;1
TIBIKA;1;18.3.1984;0;1
ELILAL;1;12.8.1941;1;0
ZULGAYIN;1;1.8.1967;1;0
RUHDET;1;7.1.1964;0;1
JANSARAY;1;4.1.1957;0;1
LAZZET;1;10.5.1983;0;1
SEYDIRAMAZAN;1;13.10.1943;1;0
ZIHADE;1;8.12.1949;0;1
BAHTESEM;1;9.3.1958;0;1
HASSEYIT;1;26.9.1964;1;0
TURKELI;1;29.6.1981;0;1
KEFAYIR;1;12.1.1976;0;1
PIRANSES;1;21.3.1955;0;1
BENDIKAR;1;7.1.1976;0;1
AYTURKUM;1;24.3.1939;1;0
SEMUHA;1;7.4.1972;0;1
SABRILE;1;12.7.1980;0;1
MALIKIEJDER;1;1.8.1970;1;0
FARIZETTIN;1;26.3.1948;1;0
NERBAY;1;2.3.1973;0;1
BELKUM;1;17.3.1978;0;1
MUHLIKE;2;23.7.1967;0;2
LAHIFE;1;21.3.1952;0;1
LEBUDA;1;17.11.1982;0;1
GULFUGAN;1;19.3.1983;0;1
SERIHIFE;1;26.6.1973;0;1
CEMISAB;1;16.8.1959;1;0
KUCUKPOLAT;1;22.11.1935;1;0
NAZPERVAZ;1;7.2.1976;0;1
EMINHANIM;1;27.9.1962;0;1
GULMENDI;1;16.1.1975;0;1
MURSABAK;1;22.12.1955;0;1
IDERE;1;6.3.1961;0;1
BILDI;1;18.10.1951;1;0
MURSELAN;1;22.2.1961;0;1
ADNUBAN;1;1.7.1935;0;1
ZERVET;1;18.4.1941;0;1
FIKDA;1;14.2.1974;0;1
LADIHA;1;1.3.1966;0;1
MUNFAZE;1;7.8.1974;0;1
DURBIR;1;13.9.1955;0;1
NURGINE;1;18.4.1960;0;1
UMMUGGULSUM;1;7.12.1982;0;1
SADISIN;1;22.12.1959;1;0
NUZIHAN;1;9.5.1964;0;1
HANDONE;1;16.8.1958;0;1
MESEREF;1;29.3.1977;0;1
LERGIN;1;16.4.1964;0;1
TEFHIK;2;6.6.1972;2;0
GULTAMIL;1;12.1.1951;0;1
HUDUYAT;1;2.3.1963;0;1
AHMETMUTI;1;28.9.1980;1;0
FAZILYET;1;21.4.1939;0;1
NIHIBE;1;12.2.1941;0;1
CENUBE;1;12.2.1965;0;1
NUFUKE;1;7.6.1961;0;1
GULUSITAN;1;27.3.1975;0;1
KILIMA;1;17.7.1972;0;1
SEYFANE;1;3.3.1951;0;1
MAFIRAN;1;20.12.1969;0;1
FELMIDE;1;8.4.1945;0;1
GULARDIYE;1;2.11.1945;0;1
YAKOCA;1;1.1.1928;1;0
MASIFA;1;8.8.1987;0;1
FATUMATA;1;14.5.1982;0;1
FEVZILE;2;30.4.1955;0;2
URUKKA;1;26.8.1941;0;1
HAKUS;1;12.4.1949;0;1
JESARAY;1;2.8.1933;0;1
SAHBENEM;1;6.2.1974;0;1
UMUSI;1;12.8.1923;0;1
MELESIYE;1;24.2.1967;0;1
CIHADET;1;6.4.1938;0;1
MURGI;1;10.1.1974;0;1
VIEDA;1;26.9.1983;0;1
AMAADDIN;1;22.2.1961;1;0
HACAHIT;1;27.9.1962;1;0
UMMUGSUN;1;14.7.1959;0;1
SIYANI;1;25.12.1965;1;0
KUMUS;1;27.8.1926;0;1
MUCAVIDIN;1;28.7.1966;1;0
BICE;1;21.4.1958;0;1
SEYRAAL;1;4.6.1943;0;1
PAYIMAN;1;2.9.1965;0;1
HIKMETLI;1;16.5.1959;0;1
GOKCEKOCA;1;7.4.1976;1;0
LESIP;1;27.2.1938;1;0
SANCAKDAR;1;21.2.1966;1;0
YASINILHAMI;1;27.2.1980;1;0
ALPASLANERGIN;1;26.2.1978;1;0
MEHPTAP;1;27.2.1992;0;1
MUCESER;1;11.5.1949;0;1
OSMANTESGIN;1;28.12.1936;1;0
MULISA;1;27.8.1950;0;1
UPBADE;1;17.2.1966;1;0
MAFA;2;23.3.1938;1;1
HALIFET;2;9.2.1952;0;2
SUKAYUP;1;28.6.1956;1;0
CIHETTIN;3;15.4.1957;3;0
EYSU;1;14.3.1988;1;0
HABBADE;1;24.10.1929;1;0
SEBKAT;1;13.1.1982;1;0
ZENNURUYE;1;27.2.1962;0;1
KAYILI;1;2.2.1951;0;1
BAZADE;1;3.2.1955;1;0
TURCAHUN;1;12.3.1975;0;1
FADIGULI;1;2.5.1969;0;1
MUNEYYIR;1;23.1.1942;0;1
SEPKAT;3;16.5.1947;3;0
MIRZELIOGLU;1;3.1.1968;1;0
GULULHAN;1;24.9.1965;0;1
APDULSIH;1;22.4.1962;1;0
SIFAYIN;1;23.4.1961;1;0
SERBANLI;1;2.2.1951;0;1
AKILEY;1;11.6.1964;0;1
GULCEFER;1;26.2.1963;0;1
GULPEZE;3;29.10.1966;0;3
KUZIFE;1;28.10.1966;0;1
SAHIBENDER;1;12.2.1965;1;0
KANEY;1;7.8.1946;0;1
SAIMGUL;1;17.2.1972;0;1
MEFAATTIN;1;23.11.1967;1;0
GULHANDANE;1;30.11.1936;0;1
SAHNURIYE;1;8.6.1954;0;1
AYSEMET;1;16.10.1970;0;1
BEHICEHAN;1;6.1.1948;0;1
GULEADDIN;1;19.8.1965;1;0
MUHASEN;1;1.5.1960;1;0
YOKSULE;1;1.10.1979;0;1
SERIDUN;1;23.7.1975;1;0
SATIL;1;30.4.1932;1;0
ISIMHAN;1;24.12.1945;0;1
HUZAYME;1;22.7.1947;0;1
FANZILET;1;15.10.1964;0;1
IBKAL;1;11.8.1957;0;1
RENKTAS;1;1.10.1977;1;0
GORDEY;9;15.1.1950;0;9
KERRAM;1;29.4.1982;1;0
URUHAN;2;13.5.1965;1;1
MURDER;1;6.3.1961;0;1
DILAYIS;1;12.4.1941;0;1
GULEVRIZ;2;6.10.1965;0;2
UCUBE;1;27.4.1956;0;1
MUDAVETTIN;1;22.2.1961;1;0
GULNEVSE;2;16.4.1974;0;2
YUDUS;1;22.2.1967;0;1
KUMULI;1;27.8.1938;1;0
ABILEK;1;22.4.1949;0;1
DILAVI;1;18.6.1978;0;1
SELFIYAN;1;29.3.1963;0;1
NUZIHA;1;2.4.1963;0;1
MURDUSU;4;5.11.1948;0;4
MESAFETTIN;1;16.1.1941;1;0
GULRAHIM;2;20.9.1963;0;2
URZULE;1;11.10.1970;0;1
ERBULUS;2;10.7.1959;2;0
SERINKAN;1;22.7.1991;1;0
MUHARREMIL;1;20.8.1977;1;0
ILMAZIYE;1;16.3.1958;0;1
GULEYE;1;22.4.1955;0;1
MERBE;1;1.9.1968;0;1
MUZIHEN;1;22.9.1962;0;1
TEMRULLAH;2;2.4.1963;2;0
NOLFET;1;13.7.1971;0;1
ZABITIYE;1;2.8.1927;0;1
SEHBAIL;2;17.11.1948;1;1
BULUTER;1;18.10.1990;1;0
MUHUTIYE;1;6.5.1937;0;1
ZUVALA;1;6.4.1971;0;1
NAMIZET;3;20.8.1961;3;0
SACAR;1;12.1.1965;1;0
MURTAN;1;11.4.1938;0;1
SUJRET;1;15.5.1941;0;1
BAHRIK;1;27.8.1939;0;1
MUSGULAY;1;7.4.1976;0;1
FIDAIVERDI;1;3.7.1945;1;0
SANIYAN;1;20.5.1940;0;1
MUSTE;2;8.8.1958;2;0
JOSEPHINA;1;10.1.1943;0;1
NUHAMMER;1;21.4.1964;1;0
ITIRIZ;1;10.3.1980;1;0
AHZADE;1;27.8.1940;0;1
MUKREMBIL;1;22.6.1961;1;0
BERAGAT;1;2.6.1957;1;0
ZORHA;1;22.2.1961;0;1
ILKIYAT;1;10.5.1964;0;1
SUNMUR;1;23.3.1967;0;1
ALICA;1;7.8.1984;0;1
NIGBE;1;9.5.1946;0;1
ILEY;1;12.10.1953;0;1
ZELKEY;1;29.12.1949;0;1
ZAKIY;1;7.9.1970;0;1
IBABET;1;7.4.1928;0;1
IROL;1;27.7.1987;1;0
MUSLEAT;1;25.10.1954;1;0
SELMIAK;1;2.4.1957;0;1
DURULU;1;23.5.1936;0;1
TABERDAN;1;26.12.1954;0;1
GOKGULLU;1;18.3.1942;0;1
MERDJEN;1;2.8.1983;0;1
TIRMAN;1;17.6.1981;1;0
MUHSEMIN;1;2.3.1967;0;1
SAHNAY;1;2.6.1945;0;1
AVIDI;1;29.4.1975;1;0
FAMIY;1;16.10.1932;0;1
SEDERIYE;1;6.7.1949;0;1
GAMIT;1;1.12.1962;1;0
SEZAAN;1;28.4.1946;0;1
UCBEY;1;27.4.1944;1;0
SAHANBALI;2;1.4.1961;0;2
BELGISA;2;29.12.1972;0;2
KAMANLI;1;8.3.1964;1;0
ERBIGUL;1;26.12.1960;0;1
INSAP;1;26.4.1960;0;1
MAKKUS;2;19.9.1949;0;2
GEZIBA;1;26.9.1925;0;1
USDUGAR;1;17.3.1966;1;0
BADIZAR;1;11.3.1946;0;1
YASINEN;1;22.3.1967;0;1
GULDENGI;1;4.5.1963;0;1
NEJTET;1;12.1.1971;1;0
MUSKULAY;2;6.8.1977;0;2
SEYDILI;1;7.3.1958;1;0
MUSEYMEN;1;6.2.1960;0;1
ULFUDAN;1;17.10.1964;0;1
TANYOLAS;1;6.12.1986;1;0
KIRISAN;1;23.2.1967;0;1
MUZEDDIN;1;12.2.1971;1;0
UHULU;10;13.8.1955;0;10
MAHMURET;1;1.2.1965;0;1
HASDILI;1;26.4.1954;0;1
NECIN;1;26.12.1974;1;0
SUCCEDIN;1;22.2.1955;1;0
MUSEYMA;1;21.6.1990;0;1
IMARI;1;6.12.1940;0;1
BERAEDDIN;1;24.5.1971;1;0
FERIZUN;1;28.7.1972;1;0
KUDDUME;1;22.5.1943;0;1
MERSUNE;1;22.8.1949;0;1
SEKERDIN;1;22.10.1931;1;0
GULDIHAL;1;11.2.1985;0;1
SARIAGA;1;13.6.1929;1;0
HUADIYE;1;13.11.1972;0;1
MUZ;1;17.10.1978;0;1
MEDEREN;1;18.12.1972;1;0
SAAL;1;10.4.1931;0;1
MEMECEL;1;22.4.1955;0;1
SELAAHATTIN;1;8.6.1956;1;0
ZULAVEL;1;26.8.1937;0;1
GORDIYE;1;6.8.1978;0;1
FAYIZIYE;1;27.7.1960;0;1
FIKRIYES;1;14.9.1964;0;1
RUNGUL;1;16.5.1975;0;1
ERMEDDIN;2;27.5.1962;2;0
EERCAN;1;4.7.1984;1;0
BEDIZER;1;27.1.1974;0;1
HILDEN;1;14.9.1980;0;1
MIHREBA;1;18.5.1970;0;1
SERMINHATUN;1;9.9.1976;0;1
KARARA;1;19.5.1936;0;1
KANGUL;1;9.1.1986;0;1
MUSTANI;1;23.3.1982;1;0
EHILE;1;14.3.1942;0;1
NIZAMMANE;1;12.4.1932;0;1
SARABAY;1;19.11.1959;1;0
FEHRINAS;1;23.1.1947;0;1
FAKMA;1;7.1.1969;0;1
HUSREVBEK;1;11.6.1957;1;0
PERISILIN;1;22.2.1967;0;1
EHRIMAN;1;8.1.1957;0;1
MERMURE;3;15.10.1956;0;3
ZULAVER;1;25.4.1945;0;1
KEYIBE;1;9.11.1989;0;1
PERKIN;1;7.6.1964;0;1
NETAVET;1;17.2.1960;0;1
MURACAT;1;1.12.1973;1;0
SADICIYE;1;22.2.1955;0;1
ZELEYHE;1;2.1.1948;0;1
UMUSNUR;1;6.2.1960;0;1
IHSADIYE;1;24.3.1949;0;1
APTILVAHIT;1;22.12.1963;1;0
SIHAYUP;1;9.10.1965;1;0
ISPICAN;1;3.6.1960;0;1
BAGNI;1;27.3.1962;0;1
KUTATGU;1;25.5.1989;1;0
KEHRINAZ;1;17.4.1954;0;1
RAHISME;1;18.11.1961;0;1
KIRMOLLA;1;6.6.1933;1;0
NUHAYA;1;4.5.1975;0;1
SUCUK;1;17.2.1936;1;0
NURSEVILAY;1;29.12.1968;0;1
DUYGUNAR;1;26.9.1990;0;1
SERIFETUBA;1;23.5.1972;0;1
BUNNAMI;1;4.4.1971;1;0
KEYBE;1;11.3.1957;0;1
YETIFER;1;3.2.1973;0;1
GULPESI;1;11.8.1938;0;1
SELMIR;1;9.10.1972;0;1
SUPHICAN;1;5.2.1983;1;0
MENMUR;1;17.2.1954;0;1
NUROMUR;2;20.10.1980;0;2
MUNUSU;1;13.4.1965;0;1
NEHSUL;1;28.7.1966;0;1
CISMINAR;1;17.6.1936;0;1
MESSURU;1;9.4.1956;0;1
PEVHAN;1;28.1.1967;0;1
SEHLIVAN;1;27.5.1986;0;1
TOZZAK;2;19.9.1963;0;2
BUTEY;1;16.10.1920;0;1
MUSEREM;1;1.6.1991;0;1
SAGABAN;1;17.4.1964;1;0
MERZIFA;1;12.3.1941;0;1
MUREYIM;2;20.11.1947;0;2
MEDUFA;1;28.5.1950;0;1
ADTIYE;1;6.3.1941;0;1
ADBIYE;2;11.12.1941;0;2
FEDEHAT;1;22.7.1961;0;1
TERAHIM;1;22.6.1937;1;0
VEYZAHI;1;1.4.1944;0;1
NAFIDEN;1;4.8.1957;0;1
PUNAY;1;2.12.1975;0;1
SEYIFAYI;1;19.7.1964;1;0
ZOHTE;1;2.4.1957;0;1
MEVCIT;1;7.2.1958;1;0
CANIFIDE;1;21.5.1966;0;1
CAMISETTIN;1;11.3.1955;1;0
MOESER;1;1.10.1980;0;1
GULMIHRIBAN;2;15.8.1957;0;2
MUSURAT;1;12.4.1968;1;0
MUCETTE;1;6.6.1930;0;1
GAFVAR;1;16.2.1980;1;0
ENDEZE;2;7.3.1946;0;2
NUSUYBE;1;1.11.1983;0;1
TECAADIN;1;12.6.1965;1;0
HAYIP;1;22.2.1961;1;0
MUCEHEFER;1;1.6.1941;0;1
FEYNUSA;1;2.8.1957;0;1
SELGIL;1;23.4.1973;0;1
MUNCAN;1;21.9.1971;0;1
YIGENAG;1;2.7.1963;1;0
EBUZEIT;1;7.2.1940;1;0
BECIASLAN;1;12.2.1989;0;1
AYSEMIR;1;28.12.1960;0;1
TERMIYE;1;2.7.1981;0;1
HAVVASAN;1;28.11.1962;0;1
LETIYFE;1;17.2.1972;0;1
EDIYLE;1;22.9.1979;0;1
ABDILMUHTALIP;1;11.5.1963;1;0
MESMI;3;14.1.1967;3;0
RUSAM;1;26.12.1945;1;0
ZURUA;1;17.2.1954;0;1
MERMET;1;22.7.1980;0;1
ERFEN;4;12.2.1971;0;4
VEMSILE;1;27.2.1956;0;1
YAMSAK;1;27.2.1962;0;1
PAHRIYE;1;28.5.1950;0;1
ULENDEM;1;22.10.1970;0;1
JOLETH;1;18.9.1979;0;1
MEKGUL;2;6.8.1988;0;2
HEKMETIYE;1;9.2.1964;0;1
PAKSI;1;17.10.1968;0;1
HUSNURI;1;29.1.1950;0;1
MEBAT;1;16.10.1963;0;1
RENKINUR;1;13.8.1976;0;1
LEMANIYE;2;13.12.1953;0;2
TESMINE;2;28.3.1967;0;2
SETVE;1;6.8.1953;0;1
GULZET;1;1.2.1949;0;1
MAHALIYE;1;21.6.1966;0;1
GULDISAN;1;20.5.1954;0;1
SAKSENE;1;25.11.1971;0;1
NARDINE;1;12.2.1947;0;1
ERIGUL;1;11.9.1957;0;1
EFANIYE;3;7.11.1949;0;3
MALUDA;1;10.10.1961;0;1
HARICIYE;1;27.5.1944;0;1
AYVALI;2;7.6.1956;0;2
GULYASIR;1;9.8.1986;0;1
ERCIYE;1;18.12.1983;0;1
NAMILA;1;10.10.1960;0;1
SALAHAN;1;22.2.1961;0;1
ELBILGE;1;12.12.1988;0;1
GULVEYZE;1;27.1.1962;0;1
NEMASA;1;3.5.1945;0;1
GUMUSTEN;1;7.6.1936;0;1
VIDES;1;8.8.1943;0;1
NAZBIRE;1;27.3.1956;0;1
HORMEN;1;22.3.1946;0;1
NECLAIL;1;6.6.1949;0;1
MAKHMAZAR;1;24.7.1960;0;1
ASKERIM;1;6.8.1981;1;0
DERBU;1;4.5.1976;0;1
EYIGUL;1;17.4.1960;0;1
GAMMEL;1;24.10.1970;1;0
KERAIBAN;1;21.9.1969;0;1
CARIYETE;1;28.7.1972;0;1
MELEYEN;1;12.9.1959;0;1
TEZAT;1;26.4.1967;0;1
UGRAP;1;26.2.1942;1;0
MUHTAZA;1;27.7.1989;1;0
SABIREI;1;27.11.1932;0;1
NELGUL;1;2.10.1981;0;1
HACCAANIM;1;9.2.1979;0;1
NASLIM;1;22.2.1965;1;0
PEVRILDE;1;16.7.1962;0;1
REMZULLAH;1;7.2.1958;1;0
UMMUSEDA;1;27.5.1989;0;1
NURHAYRET;1;2.5.1976;0;1
ISARUHI;1;26.1.1967;1;0
HAYRUCENK;1;6.4.1971;1;0
YILBEYI;1;17.2.1960;1;0
MESNI;1;22.1.1969;1;0
TETRIN;1;3.9.1980;0;1
ISMAILTALHA;1;26.11.1983;1;0
DIORA;1;2.9.1981;0;1
MULUS;1;2.6.1963;0;1
SERIFEN;1;3.2.1962;0;1
IKEUN;1;19.2.1938;1;0
MOBECCEL;1;14.6.1956;0;1
CANISEP;1;5.10.1948;1;0
GULNAIM;4;12.5.1966;0;4
ZEHNIYAR;1;24.9.1970;0;1
GUNNAIM;2;30.4.1972;0;2
RECLA;1;7.2.1940;0;1
REFIYEGUL;1;23.3.1989;0;1
ABDUSSELAMET;1;12.10.1941;1;0
NURSAFFA;1;26.10.1966;0;1
VELIBABA;1;7.3.1988;1;0
ALIRE;1;12.5.1947;0;1
MAFIRETE;1;2.8.1957;0;1
GUNCEMAL;1;20.7.1943;1;0
GOKALPAN;1;30.11.1962;0;1
GUNFAIK;1;29.1.1953;1;0
SAKSINE;1;12.8.1977;0;1
BEDIRTAN;1;17.6.1954;0;1
GUNEYYIGIT;1;17.4.1978;1;0
GUVEYNIYE;1;1.1.1951;0;1
SEBAZER;2;9.6.1954;0;2
KARANE;1;19.6.1943;1;0
ITRIZ;1;2.3.1963;1;0
GUBURAY;1;22.2.1985;0;1
EBUNAIM;1;7.8.1922;1;0
VEYFAN;1;17.6.1965;0;1
GULTUNA;1;14.6.1967;0;1
NEVAYIP;1;21.9.1970;1;0
NERSIYE;1;22.8.1943;0;1
NECAHER;1;21.11.1934;0;1
HACIRKE;1;17.8.1948;0;1
ABULLAH;1;12.2.1987;1;0
MISRETE;1;12.8.1941;0;1
CAVVALE;2;5.1.1948;0;2
BURFAN;1;14.9.1986;1;0
HURSADIK;1;17.12.1988;1;0
S.ORHAN;1;11.6.1966;1;0
VEVLUDE;1;15.8.1965;0;1
TANBURE;1;1.11.1940;0;1
ELMIHA;1;17.12.1960;0;1
REBUYE;1;16.11.1952;0;1
RAFAZIYE;1;10.5.1968;0;1
MUSKUVER;2;22.4.1958;0;2
TURKIYAZ;1;27.7.1962;0;1
IRAHMI;1;4.4.1979;0;1
VIRCINA;1;28.4.1944;0;1
MAREITTA;1;16.3.1956;0;1
NEVNAK;1;12.2.1941;0;1
REDIZEL;1;22.2.1955;0;1
EKVA;1;2.3.1986;1;0
TEYIRE;1;22.2.1955;0;1
VEEYSI;1;6.12.1986;1;0
TAHMEL;1;7.2.1952;1;0
BESUDIYE;1;24.5.1976;0;1
MURADANE;1;30.8.1987;0;1
MUTERA;1;7.11.1958;0;1
NERISAN;2;25.10.1969;0;2
IRADI;2;11.7.1959;2;0
AYUGUR;1;22.2.1956;1;0
ONTAN;1;12.12.1965;0;1
PUHAYIT;1;1.5.1962;0;1
HECBIYE;1;1.3.1931;0;1
CANDANBANU;1;13.8.1984;0;1
PERAIL;1;2.2.1969;0;1
ZURAYI;1;7.2.1964;1;0
HUNEFER;1;17.7.1960;0;1
MERCIDE;1;22.2.1961;0;1
FAHREDE;1;30.12.1946;0;1
ALIAHTIN;1;5.8.1977;1;0
MUHRAMIYE;1;16.12.1967;0;1
ALIVEFA;1;15.9.1984;1;0
ATIMER;1;17.10.1966;1;0
MAZELE;1;14.5.1963;0;1
BADEMU;1;29.1.1960;0;1
AYCEHRE;1;4.7.1965;0;1
BUNUYEYE;1;21.4.1964;0;1
MASIDAN;1;27.2.1980;0;1
MUTIP;1;27.6.1968;1;0
HAFSAN;1;12.2.1953;0;1
HAFIZAH;1;23.1.1991;0;1
MAGNI;1;12.6.1947;1;0
NURUDIDE;1;27.8.1967;0;1
HACERETTIN;1;22.1.1967;1;0
PAKSER;1;19.3.1959;0;1
ERCEB;1;18.6.1953;1;0
IFTADEGUL;1;21.11.1927;0;1
SINDEL;1;13.12.1974;0;1
SOYDEREN;1;12.2.1989;1;0
NADAFET;1;26.11.1959;0;1
MUEYYIBE;1;9.11.1959;0;1
MERRUBE;1;17.6.1973;0;1
ZEHNIYER;2;28.1.1962;0;2
ERESUN;1;12.2.1971;1;0
SEYDIOMER;1;26.4.1960;1;0
IRMEZAN;1;11.2.1955;1;0
HAZMINE;1;7.2.1952;0;1
RIKSA;1;11.3.1933;0;1
DILBASTI;1;8.9.1941;0;1
MURUVVEDDIN;1;11.7.1943;1;0
NETIYFE;1;12.7.1977;0;1
MUMER;1;2.2.1963;0;1
GULNAGIHAN;2;14.11.1985;0;2
FIRDEVSIGUL;1;4.3.1992;0;1
NURSINER;1;3.7.1987;1;0
ISIMGUL;1;14.5.1978;0;1
HUCAN;1;19.7.1983;0;1
ABDULVAIT;1;27.8.1938;1;0
ERIFEN;1;7.2.1964;0;1
MUZEHHEL;1;4.3.1958;0;1
CAGIZ;1;16.3.1964;1;0
MUABIDE;1;6.5.1950;0;1
BELGOZER;1;16.12.1958;0;1
RESIYME;1;26.3.1958;0;1
ZAHIDUN;1;12.3.1975;0;1
ZEYCEHAN;1;25.11.1961;0;1
SENAYIN;1;13.4.1963;0;1
DOBRA;1;22.1.1987;1;0
MUSEYDA;1;29.4.1977;0;1
SAVADIYE;1;11.11.1977;0;1
ZELMINAZ;1;16.10.1963;0;1
UGRU;1;17.11.1942;1;0
MUTTAGI;1;11.3.1979;1;0
BINFUL;1;21.2.1968;0;1
SACYE;1;5.1.1963;0;1
CUFEYLIYE;3;10.9.1972;0;3
MEZIKE;1;6.7.1969;0;1
EREFETTIN;1;16.7.1964;1;0
MUSKIFER;1;12.7.1962;0;1
MUDEN;2;26.12.1933;0;2
PERAYIL;1;1.4.1974;0;1
MILAZI;1;12.6.1966;1;0
ARAFEDDIN;1;4.3.1951;1;0
FERIHANE;1;12.4.1929;0;1
ZEYNEBAYSE;1;23.9.1980;0;1
SAHSENIM;1;17.8.1930;0;1
GULMEDER;1;6.12.1951;0;1
PEKINE;1;7.4.1946;0;1
ARSEYE;1;22.12.1965;0;1
SAZIDAR;1;7.8.1962;0;1
SEMNIYE;1;12.4.1949;0;1
YIGITANIL;1;12.6.1990;1;0
ZEVLIYE;1;23.8.1945;0;1
BERIYRE;1;1.4.1948;0;1
BOZAY;1;6.11.1986;1;0
LELAH;1;22.2.1955;0;1
TENAM;1;18.11.1952;0;1
USMAHAN;1;19.5.1942;0;1
SALES;1;18.2.1960;0;1
GAFFURRAHMAN;1;1.11.1985;1;0
NURINNUSA;1;5.11.1967;0;1
TASIDAR;1;20.11.1982;0;1
PERDON;1;6.9.1943;1;0
HULUSUYE;1;3.2.1956;0;1
EBURUHIYE;1;16.10.1970;0;1
MUSGUVER;1;17.12.1972;0;1
NEYSA;1;1.3.1955;0;1
AKSIZ;1;16.11.1936;0;1
MIRESIM;1;21.1.1967;0;1
SANDEL;2;8.10.1977;0;2
ZEMNIKE;1;14.1.1959;0;1
ATEYLAN;1;7.6.1941;1;0
NEHLICAN;1;18.10.1981;0;1
SARBINE;1;22.3.1956;0;1
VIZDANIYE;1;6.3.1974;0;1
SOHPEN;1;17.3.1959;0;1
ANAYDIN;1;25.7.1966;0;1
MUHALLER;1;26.10.1971;0;1
TAHKILE;1;21.5.1950;0;1
NAZLIGULUM;1;2.8.1974;0;1
CESMINAL;1;3.7.1967;0;1
ZEYNUFE;1;28.8.1958;0;1
ZIYARAHMAN;1;15.7.1989;1;0
VEZHAT;1;8.4.1982;1;0
GUNAIM;1;26.3.1946;1;0
MERSUD;1;12.2.1953;1;0
MERKUME;2;7.3.1936;0;2
HACCEYHANIM;1;6.12.1957;0;1
NERMISE;1;9.4.1960;0;1
MIHNIRAS;1;7.3.1940;0;1
NUTFIHAK;1;2.12.1945;0;1
NIZAB;1;9.3.1958;1;0
BAHMENT;1;22.2.1979;1;0
GULBIRTANE;1;27.7.1968;0;1
ERVIHAN;1;7.9.1938;0;1
SATARAT;1;11.3.1933;0;1
MUZEYIME;1;30.4.1951;0;1
CEKILMEZ;1;8.1.1969;0;1
SAGIBA;1;6.8.1942;0;1
ZAMANSAH;1;16.2.1964;0;1
NERMISAR;1;17.7.1956;0;1
DIZARE;4;12.4.1935;0;4
FIREDVS;1;4.8.1951;0;1
GULEBEY;1;26.3.1959;0;1
BIYCAN;1;9.3.1990;1;0
MUKKET;1;7.3.1954;0;1
SELIMBEY;3;22.10.1947;3;0
SEMSUME;1;9.11.1957;0;1
FEYZAIL;1;2.2.1945;1;0
NARUL;1;12.4.1971;1;0
HAYERTTIN;1;29.1.1974;1;0
EMRIL;1;10.2.1986;1;0
HALIDEI;1;20.2.1966;0;1
CERIHA;1;26.11.1953;0;1
ISNEYN;2;2.4.1960;2;0
ZERFETEN;1;11.9.1979;0;1
GULNEZIR;1;21.2.1963;0;1
SINNAMI;1;19.12.1950;1;0
CANYAKAR;1;26.2.1955;0;1
BINNAHAR;1;1.4.1970;0;1
NUVIR;1;11.1.1929;0;1
FUGUN;1;18.11.1984;0;1
MOMNE;1;4.7.1962;0;1
ZULUFKER;1;1.8.1963;0;1
MOHMINE;1;12.10.1959;0;1
CAYINE;1;9.11.1942;0;1
GULHATCE;1;2.8.1927;0;1
HACOS;1;7.5.1970;1;0
METINONER;1;11.6.1991;1;0
NERSEVINC;1;18.4.1981;0;1
AFOG;1;22.4.1943;0;1
ALSEYDI;1;21.11.1971;1;0
ZERINSAN;1;12.8.1917;0;1
GULYUR;1;2.2.1957;0;1
LUKU;1;2.5.1975;0;1
GULMEHAL;1;11.5.1962;0;1
INPE;1;14.4.1962;0;1
SILIK;1;7.8.1934;1;0
MULKUIYE;1;7.3.1977;0;1
ZEYDIENLER;1;1.5.1943;1;0
SERAHP;1;28.2.1973;0;1
ADIBANI;1;11.6.1944;0;1
HUSEMMETTIN;1;27.4.1982;1;0
TELILE;1;11.8.1981;0;1
SUDLE;1;11.3.1970;0;1
MEHRUVAT;1;9.10.1980;0;1
HENGEM;3;7.4.1947;3;0
SAMMAN;1;7.11.1990;1;0
HICAZICE;1;23.5.1961;0;1
SEBZEGUL;1;27.8.1986;0;1
NURHE;1;18.3.1965;0;1
MEHPAREGUL;1;11.10.1969;0;1
ZEFTINE;1;8.7.1966;0;1
ETYAZ;1;5.6.1957;0;1
AHBEGUL;1;15.7.1984;0;1
MEVTINE;3;20.11.1983;0;3
ROFIYE;1;11.2.1964;0;1
SELMANIPAK;1;23.3.1961;1;0
SAATKADIN;1;24.11.1922;0;1
BAGADDIN;2;15.9.1965;2;0
SUVELAY;1;6.3.1986;0;1
MUSUHIDE;1;3.2.1963;0;1
LEKIYE;1;7.8.1934;0;1
TURSUNHALIM;1;6.2.1956;1;0
FITGUL;1;6.4.1990;0;1
FERIYHAN;1;16.7.1974;0;1
TESRIBE;1;18.7.1958;0;1
YELTEVIK;1;12.2.1977;1;0
KERIMANE;1;14.6.1969;0;1
ALAVIDDIN;1;12.3.1977;1;0
PIRAHE;1;22.10.1955;0;1
LENIYE;1;5.9.1979;0;1
MAHUN;2;8.5.1989;0;2
NUBAY;1;22.6.1949;1;0
SEYHLAN;1;13.2.1966;1;0
SUHUDU;1;6.8.1946;1;0
URUVANE;1;9.3.1950;0;1
FATIHRUSTU;1;15.9.1969;1;0
AZZIME;1;4.3.1957;0;1
GONULANA;1;21.1.1951;0;1
YAYLAKIZ;6;5.4.1947;0;6
ZIRCAN;8;26.1.1958;0;8
NEILP;1;6.3.1966;0;1
YUHANNEZ;1;1.8.1973;0;1
NEGISE;1;17.2.1942;0;1
BERRINNIGAR;1;21.8.1973;0;1
SUMIRE;1;5.6.1981;0;1
HAKBILEN;3;14.6.1982;3;0
HARIPSAN;1;3.3.1969;0;1
SEMSIDUA;1;28.4.1956;1;0
HASANCIL;1;24.6.1931;1;0
KARGAS;1;29.3.1962;0;1
CARSI;1;18.9.1970;0;1
H.TEMEL;1;1.7.1972;1;0
HANTOS;1;22.8.1961;0;1
ELTURI;1;19.10.1964;1;0
ZIYAMIL;1;15.9.1986;1;0
ISBAHI;1;16.5.1951;1;0
NESILI;1;12.10.1971;0;1
GULHUMMET;1;7.9.1982;1;0
APDUSSAMET;1;18.9.1990;1;0
FALUNISA;1;15.7.1949;0;1
EILA;1;6.1.1973;0;1
ANISI;1;12.2.1947;0;1
HACIGIZ;1;1.4.1970;0;1
GULLUHAL;1;16.4.1974;0;1
MUNEYYIM;1;4.8.1975;0;1
ELNARAHANUM;1;11.3.1979;0;1
KISEMEN;4;15.2.1941;0;4
ARIOUJAN;1;15.12.1956;0;1
KERIMENUR;1;11.2.1985;0;1
REBIAL;1;26.5.1969;1;0
NUFARIYE;1;2.2.1975;0;1
RESITAGA;1;13.3.1959;1;0
LEVAZEL;1;16.1.1966;0;1
BAYAME;1;17.5.1947;0;1
AFTIF;1;1.6.1963;1;0
ARMANDA;1;19.4.1950;0;1
SEHERA;1;25.7.1972;0;1
ARZUBAN;1;12.8.1923;0;1
DILEFSAN;1;1.7.1965;0;1
ALIEKSAR;1;21.3.1972;1;0
FERHALE;1;13.11.1961;0;1
DILAK;1;23.2.1992;0;1
ABDULHIZAK;1;14.8.1964;1;0
CEVIKO;1;27.8.1926;0;1
ELIKO;1;20.1.1953;0;1
NURBAKIHAN;1;24.2.1982;0;1
KANSAL;1;17.12.1980;1;0
ABDULVAHI;1;21.1.1955;1;0
SUREVIYA;1;21.11.1954;0;1
SUNUSA;1;2.12.1965;0;1
BEYAADDIN;1;23.11.1955;1;0
RAZITE;1;6.11.1946;0;1
ZIYYAT;1;11.5.1972;1;0
FEYRIYAZ;1;25.10.1945;0;1
SAFFETCAN;1;18.1.1992;1;0
GULDUYGU;1;17.7.1966;0;1
ERUZEN;1;11.1.1976;0;1
OZDECAN;2;15.12.1985;0;2
SEYIDEHANIM;3;4.5.1953;0;3
HUSEYINALPASLAN;1;29.3.1968;1;0
MELDIGAR;1;1.1.1942;0;1
REHANURULLAH;1;1.10.1968;1;0
NAZVIYE;1;16.11.1951;0;1
MAHREMSAH;1;26.9.1978;0;1
AYSUNDA;1;16.7.1958;0;1
IMPERIAL;1;7.8.1958;0;1
ADERINA;1;11.11.1937;0;1
GULNEME;1;7.8.1934;0;1
BEYDIL;1;12.10.1935;0;1
ALPDOGU;1;12.11.1964;1;0
AYSGUL;2;3.12.1984;0;2
ALTINANA;1;20.3.1963;0;1
ZARNIYA;1;12.3.1965;0;1
BIHRUZE;1;2.7.1991;0;1
OKANAY;1;30.2.1979;1;0
RUHSEMA;1;20.4.1961;0;1
FIKRINISA;1;10.2.1934;0;1
FATIMATILSARE;1;20.4.1980;0;1
HAYDARHARUN;1;5.5.1991;1;0
NEVADI;1;5.6.1951;0;1
NUZDAY;1;6.9.1948;0;1
KADINSU;6;28.6.1973;0;6
SIFEYDA;1;11.3.1968;0;1
YURDABEK;1;16.2.1963;0;1
OMERIN;1;7.5.1983;1;0
MUBERRIHAN;1;18.8.1970;0;1
ILBAGI;1;4.3.1937;1;0
MUCAHAR;1;1.6.1961;0;1
SAHSURE;2;7.4.1955;0;2
REYBA;1;19.8.1939;0;1
HEZNETE;1;26.2.1991;0;1
CANSAHAP;1;6.8.1973;1;0
EMURAYSE;1;29.5.1968;0;1
ALTANGUL;1;22.2.1955;1;0
SUFEYHA;1;27.8.1974;0;1
HALAKIZ;16;30.7.1953;0;16
SEYITKADIN;6;21.7.1951;0;6
ERSIME;1;20.5.1979;0;1
TAFIYDE;2;16.6.1971;0;2
GOSSEN;1;17.8.1948;0;1
TUNANAY;1;27.8.1976;0;1
UNNUMUSUN;1;26.6.1970;0;1
SEMIHU;1;18.4.1970;1;0
SAROS;1;11.2.1972;0;1
UNMUGULSUN;1;17.11.1974;0;1
ABDULMUBDALIP;1;14.4.1990;1;0
HABIBEARZU;1;27.9.1981;0;1
BERHAYA;1;6.9.1961;1;0
HERZIMELEK;1;9.5.1973;0;1
HANNAZ;1;16.7.1939;0;1
SURAYIM;1;29.3.1980;1;0
KERDEM;1;17.2.1966;0;1
GULCAYIR;1;12.2.1965;0;1
ASLIDENIZ;1;17.12.1974;0;1
TUTANAZ;1;7.2.1976;0;1
NEDEGUL;1;8.12.1956;0;1
MANARYA;1;26.10.1979;0;1
UFTADI;1;7.4.1986;1;0
MEJMUME;1;12.4.1965;0;1
KABU;1;4.4.1961;0;1
GULKIZAR;1;8.4.1956;0;1
SEBEATDIN;1;26.2.1971;1;0
LIBERDE;1;16.11.1970;0;1
ERZURUM;1;29.2.1956;0;1
SEMZEM;1;17.5.1973;0;1
GULEYADIN;1;17.11.1960;0;1
KANDURE;1;17.2.1962;0;1
GANIZAT;1;30.12.1942;0;1
NESIMICAN;1;7.6.1964;1;0
TEMALETTIN;1;2.2.1963;1;0
AKCIL;1;12.2.1953;0;1
GULNAH;1;1.1.1;0;1
LALIMERCAN;1;12.8.1935;0;1
MEFKERET;1;22.1.1955;0;1
ISMIANA;8;16.2.1947;0;8
DURNU;1;2.4.1951;1;0
GAMASIK;1;30.11.1948;0;1
M.HENIFI;1;22.2.1961;1;0
KUPE;2;17.5.1947;0;2
NARIHEN;1;11.3.1961;0;1
BADINUR;1;12.2.1959;0;1
MAHBULA;1;12.9.1972;0;1
SAHINPASA;1;20.6.1938;1;0
SAGSEDE;1;29.7.1964;0;1
GEMGIRAY;1;27.5.1968;1;0
MUHARREMALI;1;5.7.1917;1;0
GULOSUF;1;7.8.1934;0;1
PEK;1;16.9.1957;0;1
DARYAM;1;16.1.1945;0;1
BILSERIN;1;9.2.1980;0;1
GULHATME;1;22.6.1954;0;1
FILAZ;1;11.1.1964;0;1
NURFUDIYE;1;24.2.1960;0;1
LENDO;1;12.11.1934;1;0
ALBISTAN;3;29.1.1966;2;1
HEKISTER;1;17.2.1966;0;1
ZUHREANA;1;26.7.1942;0;1
MESHURGUL;1;16.5.1971;0;1
ZALO;2;14.4.1951;0;2
SAVUS;1;19.2.1974;1;0
ARAF;1;28.12.1970;1;0
BURSUN;1;7.3.1970;0;1
AKNAR;1;29.8.1929;0;1
KAYYAR;1;6.2.1957;1;0
ZILHICRE;1;16.6.1960;0;1
GURBETEL;1;7.8.1964;0;1
ZEMZINUR;1;12.2.1965;0;1
UMMUSSELAM;2;18.6.1933;0;2
ASIYYA;1;22.2.1967;0;1
CERKEZE;3;27.12.1945;0;3
RUBIYDE;1;16.6.1987;0;1
GELGIZAR;1;27.3.1947;0;1
MIRVANE;1;19.12.1966;0;1
IRAHI;1;11.3.1952;0;1
PURZADE;4;12.2.1964;4;0
HATEMGUL;1;1.5.1961;0;1
SAYFAGUL;1;16.3.1946;0;1
MAYNURU;1;25.12.1984;0;1
CEHANBER;1;17.2.1966;1;0
NEZANIGUL;1;19.9.1949;0;1
YAHIFE;1;6.5.1972;0;1
SIYARHAN;1;10.12.1954;1;0
MUHTESEVE;1;14.3.1945;0;1
SAIZAMAN;1;29.2.1956;0;1
SECYAR;1;23.2.1972;1;0
FETVAN;1;28.7.1981;1;0
BURANDE;1;17.4.1972;0;1
SATANIM;3;24.9.1966;0;3
SUNAK;1;15.6.1953;0;1
MUALYA;1;5.7.1962;0;1
NEZBIRIYE;1;2.2.1951;0;1
NURUKET;1;22.2.1967;0;1
SEYITMUHAMMED;1;19.3.1984;1;0
HATICEMEDIHA;1;22.4.1925;0;1
PEYVAT;1;22.8.1937;1;0
CAMALET;1;26.4.1963;1;0
TOLGANUR;1;21.9.1976;1;0
YARDIMSEVER;1;2.11.1964;1;0
YAKSETTIN;1;10.2.1964;1;0
SAHANDAME;1;17.2.1961;0;1
MEFANUR;1;4.10.1960;1;0
GOLIY;1;16.4.1933;0;1
MUZAHEN;1;16.8.1964;0;1
BETREDTIN;1;26.6.1959;1;0
TAKAVUT;1;13.7.1964;1;0
MIHCAN;1;21.2.1957;0;1
HASEKI;1;6.9.1945;1;0
MUSLAATTIN;2;22.6.1961;2;0
HANIMNISA;1;22.9.1967;0;1
SANUDE;1;4.4.1934;0;1
BASKIZ;3;9.5.1944;0;3
SEYRAM;1;23.9.1973;0;1
ZIYAMIN;1;21.5.1960;1;0
CUNUDULLAH;1;11.3.1990;1;0
FERANIS;1;20.5.1961;0;1
OZEMINE;1;7.11.1944;0;1
SATIRYE;1;12.6.1944;0;1
DESTEN;2;7.12.1971;0;2
SEVIDERYA;1;20.2.1986;0;1
BINANI;1;3.2.1951;1;0
GULSOHRET;1;22.8.1931;0;1
OMURSON;1;27.4.1954;1;0
ERGULI;1;11.6.1950;1;0
NESIHHI;1;14.9.1989;1;0
BILGICIHAN;1;2.8.1979;0;1
SIULIA;1;2.2.1970;0;1
RADAEDIN;1;7.2.1964;1;0
RUFEUDE;1;9.9.1973;0;1
SEYFEGUL;1;8.6.1946;0;1
GULDIHAR;1;16.8.1982;0;1
NAFURE;2;18.6.1954;0;2
GULESDIK;1;14.9.1965;0;1
SEVIGA;1;22.4.1967;0;1
VAHTIGUL;1;26.7.1979;0;1
NURBANUHATUN;1;16.2.1992;0;1
SARINGUL;1;21.11.1966;0;1
KOLACIK;1;19.5.1955;1;0
UMMURUKIYE;1;5.2.1975;0;1
AKTURKYILMAZ;1;1.5.1948;1;0
HUNIYRA;1;27.4.1955;0;1
BEYYIBE;1;18.12.1973;0;1
ANAMPASA;1;17.4.1966;0;1
DENIZIYE;2;5.11.1975;0;2
SEMIAY;1;21.8.1974;0;1
MUHAMEDUL;1;2.10.1981;1;0
CANSELEN;1;27.10.1962;0;1
DURADAN;1;28.3.1942;0;1
MUDAVERE;1;12.5.1931;0;1
GUCAZIYE;1;2.8.1951;0;1
ZEKANE;1;2.2.1933;0;1
GEJRE;1;23.5.1955;0;1
DEVENT;1;2.8.1965;1;0
SAFEGUL;1;21.2.1965;0;1
SEVANIYE;1;17.2.1966;0;1
BAHTIS;1;12.7.1974;0;1
SAHMELEN;1;9.2.1953;1;0
SERELYA;1;15.11.1991;0;1
NIFAL;1;30.9.1976;0;1
SUHINDAN;1;22.8.1943;0;1
INCIYAL;1;16.7.1971;0;1
KIRAMAN;1;16.7.1951;0;1
GULNURSATI;1;15.2.1957;0;1
BIRLIGAN;1;17.2.1960;0;1
FERUCE;1;21.3.1979;0;1
UFALETTIN;1;22.8.1967;1;0
MUKERYA;1;26.1.1969;0;1
NEVRESTIN;1;7.5.1982;1;0
ARIFIYA;1;17.4.1972;0;1
LIVAULHAMD;1;17.5.1972;1;0
ZIGFIYE;1;17.4.1941;0;1
SEYHANNESLISAH;1;1.12.1938;0;1
SEVGITAT;1;21.4.1984;0;1
DIVANALI;1;3.10.1973;1;0
ERBASAN;1;21.1.1961;1;0
HEZAKE;1;21.9.1978;0;1
NAZUT;1;22.8.1931;0;1
NEOLACAK;1;7.2.1970;1;0
TOMUS;1;4.6.1957;0;1
FAHFER;1;8.8.1959;1;0
BEKNUR;1;7.2.1979;0;1
AYSILE;1;8.3.1938;0;1
ILFANE;1;22.11.1961;0;1
DILEERUZ;1;25.6.1977;1;0
KAFINAZ;6;6.7.1971;0;6
MAVZIYE;1;27.8.1962;0;1
HANIYET;1;27.6.1974;0;1
HULYADAR;1;22.2.1967;0;1
KANBERCAN;1;30.10.1988;1;0
SAHNISER;1;2.11.1973;0;1
ONURYASAR;1;28.5.1979;1;0
MILGEN;1;5.12.1981;0;1
ORCIHAN;1;11.9.1973;0;1
MUHABES;1;27.2.1968;0;1
ESTERHAN;1;19.5.1933;1;0
KINCIFIR;1;23.2.1955;0;1
SAFTEKIN;1;27.8.1944;0;1
ANTONICA;1;26.10.1968;0;1
GULERKEN;1;1.7.1973;0;1
LEBA;1;13.5.1968;0;1
ASEFTEI;1;25.6.1977;0;1
TAYMI;1;7.3.1983;1;0
HURANA;1;12.2.1983;0;1
GUNSENIM;1;17.1.1971;0;1
GARP;1;21.3.1990;1;0
EBIZIYA;1;22.3.1971;1;0
HAYIRBEY;1;2.2.1957;1;0
BAHRIGUZEL;1;19.8.1956;0;1
SAHINIZ;2;27.1.1960;0;2
NUHSEVINC;1;1.3.1974;1;0
KAKICE;1;17.10.1936;0;1
CESIKAN;1;14.2.1979;0;1
ZEMSI;1;11.4.1963;1;0
MAHPERIHAN;1;30.3.1931;0;1
IZAHATTIN;2;5.11.1972;2;0
KORKMA;2;3.12.1950;2;0
ANAN;1;6.3.1966;0;1
ELFADUL;1;16.3.1982;1;0
MUNTAZER;1;22.8.1973;1;0
GOKBUR;1;3.9.1979;0;1
NEHIMAN;1;29.7.1947;0;1
BAAT;1;27.8.1932;0;1
TUPI;1;12.2.1953;0;1
GUSTIN;1;27.5.1968;0;1
SERAHNAZ;1;27.7.1964;0;1
NARBILE;1;27.1.1968;0;1
USAFE;2;25.7.1975;0;2
UMMUHAR;1;22.2.1967;0;1
MENEKSEGULU;1;11.2.1957;0;1
BURAFETTIN;1;21.2.1984;1;0
MUSELLEME;1;28.6.1956;0;1
SEFEYLA;1;6.2.1969;0;1
TURHANALP;1;11.3.1977;1;0
HASIT;1;11.11.1975;1;0
SONBOY;1;1.3.1971;1;0
SEYITKUL;1;14.8.1980;1;0
BERIHAT;1;7.8.1980;0;1
ESMERKIZ;1;3.2.1951;0;1
CAFERSADI;1;22.10.1925;1;0
EFREND;1;9.8.1956;0;1
MUSRUNAZ;1;20.2.1990;0;1
ESTEKLA;1;6.7.1969;0;1
MUZEKKIYE;1;12.11.1953;1;0
EYUBHAN;2;6.3.1977;2;0
EYUPONDER;1;11.1.1992;1;0
DENGIZHAN;1;27.7.1972;1;0
NAIMTAMER;1;7.2.1970;1;0
EFVANIYE;2;30.1.1978;0;2
DURANIM;1;8.9.1972;0;1
NAZIHIHA;1;2.2.1933;0;1
IYAFER;1;12.6.1969;0;1
YLDIZ;1;29.6.1953;0;1
GURREFE;1;25.2.1945;0;1
ONERGUL;1;2.2.1987;0;1
ABTULMUHSIN;2;21.4.1960;2;0
BUZLU;2;18.2.1968;0;2
ZEKERBEY;1;8.1.1955;1;0
FERNUZA;1;14.4.1964;0;1
MEHBERA;1;26.11.1966;0;1
AFVANIYE;1;25.3.1965;0;1
NURKEREM;1;17.6.1966;1;0
FADIMELI;1;7.2.1958;0;1
HARPUT;1;21.9.1971;1;0
SIMPA;1;8.3.1943;0;1
MURHEM;1;21.11.1969;0;1
SULEYFE;1;20.12.1947;0;1
DURHADI;1;28.4.1957;1;0
MEFRUZA;1;21.3.1970;0;1
NURUYASAR;1;20.8.1970;1;0
GULUBEN;2;9.2.1967;0;2
NADIDI;1;5.2.1951;0;1
MUTEVEKKEL;1;12.11.1954;1;0
MEYHUN;1;4.8.1963;1;0
TUNCOK;1;21.10.1972;1;0
UKUFER;1;16.12.1963;0;1
FERRUHU;1;16.2.1975;0;1
NIKAMET;1;27.2.1956;0;1
YAMANER;2;2.4.1960;2;0
ULUKADIN;2;22.8.1956;0;2
GULAYER;1;12.4.1952;0;1
LESIMI;1;27.4.1974;1;0
ERVAYIL;1;16.7.1957;1;0
SANENE;1;6.8.1963;0;1
VUHYITTIN;1;30.6.1939;1;0
MAGUDE;1;9.11.1962;0;1
NECIBEGUL;1;10.4.1982;0;1
ZULKIFER;1;4.5.1969;1;0
HARLISAN;1;28.11.1966;0;1
ZAHRUNNUSA;1;16.3.1953;0;1
BINERBAY;3;28.4.1980;3;0
ZULURE;1;17.2.1966;0;1
DEFRET;1;16.10.1946;1;0
OSMANDEDE;3;2.5.1949;3;0
BURIZE;1;9.3.1973;0;1
HEZNADAR;1;22.8.1937;0;1
ZULHARIYE;1;2.3.1969;0;1
SERIDEGUL;1;18.6.1953;0;1
MUNUSIYE;1;12.4.1953;0;1
MURKEN;1;11.7.1970;0;1
HUNAYIN;1;1.6.1938;0;1
MUHAMMEDHANIFI;1;16.10.1980;1;0
NEVESE;1;27.2.1950;0;1
KALBINAZ;1;2.2.1969;0;1
HACIRECAI;1;26.6.1961;1;0
YEDEGUL;1;7.2.1964;0;1
RAHYAN;1;13.12.1951;0;1
IFEY;4;25.3.1954;0;4
HATIPAHMET;1;17.2.1966;1;0
CIRA;3;13.2.1953;0;3
HACIARAPLI;1;29.5.1950;0;1
EPRIKE;3;20.7.1963;0;3
TAVISE;1;15.4.1932;0;1
MARUK;1;27.2.1956;1;0
HAYRINLISAN;1;2.2.1933;0;1
MUAVEZ;1;28.10.1966;0;1
GULUIRAZ;1;25.11.1942;0;1
GULLUNIGAR;1;17.2.1954;0;1
YANIL;1;2.4.1987;0;1
LATIKE;1;22.5.1961;0;1
PERIYET;1;6.3.1955;0;1
MEZZIN;1;6.3.1961;1;0
NARHATIN;2;23.8.1941;0;2
SURMEGUL;1;2.2.1957;0;1
AYSUFATMA;1;3.7.1990;0;1
HAYLISAN;1;22.4.1973;0;1
SIHALIDURAN;1;23.7.1981;1;0
HEDIMANIM;2;16.4.1953;0;2
M.ZEHNI;1;11.6.1938;1;0
SEHRIBANIM;1;16.4.1956;0;1
DUYUM;1;16.6.1988;0;1
ZEKANIM;1;11.5.1968;0;1
CANRAHIM;1;30.3.1938;0;1
CENANIM;2;30.11.1947;0;2
HEDIMEANA;4;21.4.1964;0;4
BAYRAMANA;1;2.2.1951;0;1
ZENRISAN;1;1.12.1976;0;1
ILGINNAZ;1;9.3.1992;0;1
RENKSIN;1;29.7.1974;0;1
LAHI;1;13.4.1965;0;1
PERBIR;1;23.1.1991;1;0
MIDINE;1;6.5.1938;0;1
ZEYKANIM;1;16.12.1962;0;1
MUKSIDIYE;1;16.9.1972;0;1
ZELHAKADIN;1;6.4.1973;0;1
IMADIYE;1;3.3.1949;0;1
FEHUM;1;16.11.1971;1;0
MINHATUN;2;15.1.1950;0;2
DURENIM;1;1.10.1953;0;1
ZEYKUNIM;1;11.12.1956;0;1
TENSU;1;17.9.1989;0;1
HASSIN;1;2.2.1951;1;0
ZELIHAKADIN;1;27.5.1957;0;1
RUHBIR;1;27.9.1952;1;0
SENEMUR;1;22.3.1943;0;1
MINALTIN;1;16.1.1972;0;1
BEDURE;1;3.2.1975;0;1
DURUNC;1;4.3.1986;0;1
EBELKASIM;1;9.3.1968;1;0
DILKADIYE;1;11.4.1966;0;1
ITFAN;1;12.2.1965;1;0
MAHHURUZE;1;29.9.1973;0;1
FENDILE;1;17.2.1966;0;1
BIKRET;1;16.12.1950;0;1
FETIMANA;1;7.3.1958;0;1
RUSTEMHANIM;2;26.9.1965;0;2
RAHIMEKADIN;1;22.3.1937;0;1
YAYLAKIZI;1;14.7.1966;0;1
HEMANA;1;21.8.1942;0;1
FERDANIM;1;11.8.1944;0;1
URUNGUL;1;4.1.1966;0;1
MUHARET;1;21.8.1963;0;1
KISMETSIZ;1;21.5.1965;1;0
IMRENUR;1;23.3.1961;0;1
APTULGAFUR;1;7.7.1940;1;0
INCEAGA;1;1.2.1941;1;0
EMSANUR;2;23.4.1960;0;2
MUNDDIYE;1;6.5.1965;0;1
MUTTELE;1;11.6.1952;0;1
URAF;1;16.7.1970;1;0
CANAHATTIN;1;13.4.1967;1;0
PEREBUL;1;28.3.1956;1;0
MEDIT;1;17.6.1960;0;1
NECIBETDIN;2;21.4.1954;2;0
HATIGCE;1;2.3.1956;0;1
NAZIRIN;1;7.5.1933;0;1
HOCAKADIN;2;8.1.1942;0;2
PERVISAN;1;17.10.1990;0;1
GUMUSAGA;1;18.7.1969;1;0
MERYEMKADIN;1;11.9.1953;0;1
KIYE;1;27.10.1934;0;1
KOKENE;1;12.8.1923;0;1
HITABIYE;1;13.6.1958;0;1
NURKIS;1;8.10.1972;0;1
CHIEN;1;29.7.1980;0;1
YURTESEN;1;15.12.1952;0;1
RESKAN;1;18.9.1978;1;0
M.EMEL;1;3.3.1959;0;1
BEYTURK;1;27.11.1960;1;0
AFATSUN;1;4.4.1970;1;0
FIKNIT;1;21.3.1972;0;1
RASIMAN;1;12.2.1959;0;1
KAYSIN;1;29.9.1976;1;0
ZELHIS;1;2.8.1939;0;1
FERTAC;1;5.2.1965;0;1
BAKEZAH;1;17.8.1954;0;1
EDIBEESIN;1;19.11.1959;0;1
OZENSE;1;22.9.1946;0;1
ERMERAL;1;20.4.1961;0;1
ABDELRAHIM;1;6.10.1965;1;0
CANELIZ;1;29.1.1991;0;1
NIYPER;1;30.7.1962;0;1
SAZERE;1;3.3.1931;0;1
ILKINBEY;1;2.1.1950;1;0
GULFATI;1;8.4.1965;0;1
EFALETTIN;1;9.11.1979;1;0
SAIF;1;16.7.1963;1;0
MUSEMBEL;1;7.8.1970;0;1
SIRINHAN;1;11.10.1985;0;1
ZELAFER;1;12.8.1935;0;1
INCIDEN;1;4.11.1963;0;1
SEBIHI;1;21.5.1969;0;1
CAGINER;1;25.10.1987;1;0
SEYAP;1;6.3.1966;0;1
RAMEN;1;16.2.1965;1;0
RUSUD;1;26.6.1936;1;0
ZALOGLURUSTEM;1;11.3.1976;1;0
PIRLI;3;8.8.1952;3;0
TACVER;1;13.3.1967;0;1
FLURA;1;27.7.1969;0;1
RUHKAT;1;22.10.1943;0;1
INCITEN;1;13.5.1944;0;1
ESRANIL;1;11.7.1971;0;1
NEZARIF;1;1.5.1965;0;1
HASANAHMET;1;18.8.1971;1;0
KAYBE;1;22.2.1955;0;1
LUTFIYENURDAN;1;23.8.1979;0;1
GASHANK;1;9.12.1969;0;1
SAHANBER;1;12.2.1959;0;1
ULKNUR;1;4.11.1962;0;1
MURETCEL;1;26.2.1975;0;1
UMRANJAN;1;6.12.1950;0;1
INSANIYE;2;4.5.1972;1;1
ZARANGUL;1;17.5.1968;0;1
PEVZAT;1;12.3.1953;1;0
HEYBIYE;1;17.3.1942;0;1
RIZAI;1;27.8.1966;1;0
ONCEM;1;14.5.1978;0;1
CENKLER;1;29.10.1979;1;0
ISRUN;1;29.3.1985;0;1
NEPTUP;1;12.5.1960;0;1
BAKYTKUL;1;21.12.1982;0;1
ALLAKBER;1;27.2.1957;1;0
DEVECI;1;25.4.1979;1;0
REZANA;1;28.7.1979;0;1
GULSALIN;1;1.6.1956;0;1
RUKIGUL;1;6.3.1954;0;1
GULNISEN;1;5.9.1973;0;1
ASINET;1;2.9.1945;0;1
SUDUBE;1;6.9.1962;0;1
GUSAV;1;8.8.1991;1;0
SELCENAY;2;12.10.1983;0;2
C.SONER;1;11.7.1972;1;0
RANYAL;1;9.4.1937;0;1
ERENDEN;1;21.3.1970;1;0
DESKI;1;22.9.1940;0;1
FIGURAN;1;13.3.1987;0;1
GULDEVRIM;2;18.3.1977;0;2
MURATKORAY;1;30.7.1984;1;0
MAHFURETTIN;1;5.2.1951;1;0
EYLEMEVREN;1;8.3.1981;0;1
HEMIZE;1;12.3.1970;0;1
HEDES;1;25.3.1983;0;1
ABDULLAHNEBI;1;15.4.1948;1;0
DILEKHALE;1;8.7.1972;0;1
BORAYHAN;1;18.9.1981;1;0
YOMAL;1;27.4.1950;0;1
MEUDE;1;5.9.1934;0;1
HAMITESAT;1;27.4.1956;1;0
RADYOM;1;18.5.1945;0;1
KATIRINA;1;17.6.1984;0;1
ARNAS;1;11.12.1976;1;0
NURAYFER;2;15.9.1959;0;2
SELNAR;1;3.2.1952;1;0
RIZASAH;1;5.6.1958;1;0
OKTE;1;22.2.1984;0;1
UFUKSUREYYA;1;26.5.1983;1;0
NUSKA;1;2.6.1976;0;1
SAMY;1;3.5.1963;1;0
YILDOGDU;1;18.4.1937;1;0
NERMISAZ;1;1.9.1934;0;1
ARALCAN;1;30.1.1992;1;0
SELVIHANIM;1;18.9.1978;0;1
GULRABIYA;1;7.3.1967;0;1
NECIYYE;1;12.8.1923;0;1
METINTAHA;1;30.12.1944;1;0
TACINISSO;1;8.8.1974;0;1
AMIRON;1;22.12.1981;1;0
SELMANAZ;1;27.4.1956;0;1
FATANEH;1;22.8.1961;0;1
EVLANIYE;1;21.6.1971;0;1
IFFETILHAN;1;30.1.1961;0;1
SEHABETIN;1;2.8.1931;1;0
GULIC;1;1.4.1972;0;1
GULBORTECINE;1;12.2.1983;0;1
KOCGUL;1;5.6.1971;0;1
GURCIM;2;15.12.1983;0;2
NOYZIYE;1;19.5.1942;0;1
FARULNISA;1;6.4.1960;0;1
MIHRINEVVAR;1;22.5.1930;0;1
HUSELI;1;20.1.1975;1;0
NIZAMILMULK;1;27.8.1926;1;0
AYSEMELIHA;1;11.10.1920;0;1
ALPEKIN;1;7.11.1936;1;0
MEKISERIF;1;22.8.1913;1;0
GULTUR;1;8.7.1984;0;1
AYVUR;1;24.6.1964;0;1
ULUSEN;1;25.11.1938;0;1
VASKO;1;25.9.1990;1;0
BIHEYECAN;1;20.1.1938;0;1
NARTAY;1;12.8.1989;1;0
MUSTAFACEYHAN;1;18.4.1949;1;0
FERUHIYE;2;22.7.1952;0;2
ZEYNES;1;26.12.1960;1;0
NUREYN;1;17.7.1935;0;1
BURGECAN;1;21.4.1990;0;1
CARLOTA;1;27.8.1956;0;1
ZUREYYE;1;22.10.1967;0;1
VITALIYA;1;5.10.1975;0;1
BENDEVI;1;27.7.1950;1;0
KOSKUN;1;11.9.1983;0;1
BINSAN;1;23.12.1976;0;1
ZAHIA;1;25.6.1952;0;1
YETERHANIM;1;1.3.1929;0;1
HAYRIYENUR;1;15.6.1968;0;1
GULGOREN;2;19.4.1952;0;2
EDUGE;1;29.11.1949;1;0
M.AVNI;1;23.2.1937;1;0
PERVINAY;1;21.1.1967;0;1
ROSETTA;1;16.1.1930;0;1
GULBENAN;1;19.7.1964;0;1
FUYUZAN;1;17.10.1948;0;1
PINSIN;1;10.6.1956;0;1
YAKARGUL;1;26.7.1981;0;1
ALTANMIS;1;7.8.1934;1;0
BESIMGURAKSIN;1;14.4.1968;1;0
NURBENGU;1;20.3.1986;0;1
TULGUL;1;9.10.1958;0;1
NURTENGUR;1;7.2.1940;0;1
ANATOL;1;30.9.1953;1;0
ISILBEYZIDE;1;2.12.1945;0;1
NAZIMBARIS;1;17.12.1975;1;0
ASNIF;1;23.7.1937;0;1
MILGI;1;29.11.1972;0;1
BINKUT;1;2.4.1988;0;1
GUZELSEVER;1;9.3.1940;0;1
SEMAC;1;1.7.1979;0;1
GUY;1;14.4.1952;1;0
AVTAN;1;29.6.1986;1;0
ANSEV;1;27.5.1985;0;1
YESILSAR;1;22.11.1945;1;0
MAKBEREN;1;17.9.1988;0;1
URYEN;1;21.10.1965;0;1
RAVILA;1;16.2.1926;0;1
NURUNNAS;1;1.1.1;0;1
MENAI;1;30.12.1958;0;1
BEYKOCA;1;27.2.1956;1;0
METEALP;1;23.4.1971;1;0
NEBAHUDIN;1;18.3.1960;0;1
H.ELIF;1;20.1.1972;0;1
LAZAN;1;16.10.1954;0;1
NECADDI;1;21.4.1938;1;0
LIYDA;1;11.6.1971;0;1
SARLI;1;21.10.1941;1;0
DILAMAN;1;2.6.1951;0;1
GULHIKMET;2;12.6.1945;0;2
RHONDA;1;12.1.1964;0;1
TUGMEN;1;8.8.1980;1;0
URTAC;1;11.12.1939;1;0
ABDULHAYATI;1;23.11.1936;1;0
KETTY;1;22.8.1937;0;1
NEFTARE;1;1.2.1959;0;1
SAGUTAY;1;12.3.1982;1;0
MINEGUN;1;10.6.1941;0;1
ABDUSUPHAN;1;5.3.1944;1;0
ERGUZER;1;7.6.1939;1;0
GOKGOL;1;7.3.1974;1;0
BINNAZIK;1;29.1.1935;0;1
MUTEVEKKIL;2;11.12.1958;2;0
SAMEERA;1;24.11.1965;0;1
BAHTIER;1;15.11.1974;1;0
MUSAYYIBE;1;19.3.1949;1;0
OYLAR;1;7.8.1980;1;0
KARDUZ;1;17.12.1979;0;1
BOSILJKA;1;28.2.1950;0;1
NASTASSIA;1;26.7.1982;0;1
SEFAINUR;1;18.3.1972;0;1
ULIVER;1;9.6.1971;0;1
SEDIGHEH;1;27.5.1949;0;1
ERNESTINE;1;27.8.1944;0;1
GURBERT;1;13.6.1977;0;1
EMESE;1;17.11.1967;0;1
NEHDI;1;7.7.1970;0;1
GULYELDA;1;26.3.1975;0;1
OKTUG;1;3.2.1975;1;0
SATRIYYE;1;20.3.1930;0;1
SAGHAN;1;16.3.1945;1;0
AUGUSTUS;1;14.5.1954;1;0
RIFATHAN;1;19.9.1966;1;0
CORUHCAN;1;20.9.1987;1;0
DALOVA;1;9.7.1940;0;1
IRTEK;1;3.12.1981;1;0
IZLAN;1;21.11.1964;0;1
SZE;1;20.4.1977;0;1
MUTBUL;1;20.6.1944;1;0
KULCIN;1;28.1.1942;0;1
BELUN;1;17.12.1974;0;1
SHOELEH;1;24.5.1966;0;1
ERKCENK;1;22.3.1976;1;0
MAMSIRATI;1;11.7.1987;1;0
SAHBENEK;1;30.7.1962;0;1
BURKEHAN;1;13.4.1986;0;1
OLUNHAN;1;22.9.1985;1;0
CIFTLER;1;7.2.1937;1;0
MERDUK;1;28.5.1961;0;1
BEDNAN;1;29.3.1987;1;0
SELCUKEMIN;1;8.9.1990;1;0
HALISE-I;1;1.1.1;0;1
UMMUHAZEL;1;10.7.1987;0;1
GAZIBURAK;1;8.8.1990;1;0
ESENDENIZ;1;7.7.1954;0;1
ELZE;1;19.4.1990;1;0
TAMINA;1;13.8.1965;0;1
DAFIYE;1;16.5.1940;0;1
BINAZAR;1;14.3.1945;0;1
MINIFIR;1;21.4.1962;0;1
UMULUHAN;1;22.2.1955;0;1
MUTTAL;1;3.8.1950;1;0
AZMINE;1;23.4.1942;0;1
AYSESIRIN;1;10.5.1987;0;1
SUHEYB-I;1;19.11.1979;1;0
RAKIZA;1;12.3.1959;0;1
NASUHULLAH;1;7.2.1941;1;0
HUYREN;1;24.9.1970;1;0
PEVZIDE;1;27.8.1944;0;1
CUMHURU;1;16.11.1925;0;1
DILRA;1;17.12.1982;0;1
AYDANGUL;1;11.12.1968;0;1
MEZREHETTIN;1;27.4.1968;1;0
HANNINE;1;13.12.1939;0;1
DUSBABA;1;9.3.1940;1;0
MARURE;1;7.10.1934;0;1
CEVIKE;1;12.8.1954;0;1
ESIMAN;1;20.7.1950;1;0
ULKUMUGE;1;16.3.1980;0;1
UDILE;1;21.8.1924;0;1
ERINCHAN;1;24.11.1991;1;0
RAICAN;2;1.8.1945;0;2
ADLIRA;1;22.8.1955;0;1
NEZAHHAT;1;9.6.1947;0;1
HAYATIYET;1;12.8.1959;0;1
JAVIER;1;9.2.1965;1;0
IMEE;1;30.11.1970;0;1
SARANAZ;1;12.8.1983;0;1
CERVIN;1;17.6.1949;0;1
MIZRAT;1;17.2.1966;1;0
LUSENUS;1;16.3.1938;0;1
CILEKDEN;1;27.5.1970;0;1
GULSELMIN;1;10.4.1957;0;1
DIRUN;1;11.8.1989;0;1
NURHALIL;1;17.9.1990;1;0
AFATGULCICEK;1;25.4.1935;0;1
GORKEY;1;7.6.1937;0;1
ZEYYIAT;1;6.10.1947;1;0
ARZUAN;1;28.9.1964;0;1
INANCKARA;1;9.6.1981;0;1
RUCINAN;1;26.1.1984;0;1
SOHAR;1;27.9.1955;0;1
ZEREL;1;13.12.1990;0;1
VERESOLUEMIN;1;19.7.1954;1;0
OGUZGUN;1;23.9.1935;1;0
RAMIHAN;1;1.11.1936;0;1
GIOVANNIR;1;21.2.1965;0;1
FONE;1;19.1.1984;0;1
FILIBYA;1;9.10.1978;0;1
SEBULE;1;26.1.1945;0;1
TUNCAGUL;2;6.7.1972;0;2
OZANIHSAN;1;2.8.1982;1;0
BADEHAN;1;4.2.1987;0;1
BORBEL;1;22.8.1943;0;1
EDELTRUDE;1;2.6.1949;0;1
RUHFEN;1;6.5.1944;0;1
ERKANUR;1;18.6.1949;0;1
NESEICAN;1;27.10.1935;0;1
ZAHILGUL;1;13.6.1958;0;1
ATAZ;1;15.7.1953;0;1
KOYDEM;1;16.4.1963;0;1
ZARIYAH;1;4.11.1956;0;1
ALPTUGAY;2;1.9.1982;2;0
AYDANBELIR;1;13.3.1960;0;1
ADAMS;1;9.8.1963;1;0
ROSAINI;1;1.8.1956;0;1
DINAYDIN;1;22.7.1931;0;1
GURCIL;1;24.8.1944;1;0
EYMIR;1;18.9.1988;0;1
MEPTUNE;1;23.10.1940;0;1
JOSE;1;3.5.1953;1;0
G.DIDEM;1;8.5.1961;0;1
AKSAULE;1;18.1.1978;0;1
AYHET;1;16.6.1980;0;1
VAIDTIN;1;14.9.1940;1;0
IDILGOKSEN;1;11.2.1975;0;1
NILSOY;1;20.10.1972;1;0
F.NURAYGUL;1;8.10.1964;0;1
BINAVAR;1;2.3.1939;0;1
SEHVANE;1;18.7.1986;0;1
CERIDBEY;1;29.2.1979;1;0
SURAKA;1;19.12.1989;1;0
ABDULAHIT;1;19.1.1954;1;0
BIZHAN;1;24.11.1962;1;0
NEM;1;28.2.1965;0;1
IMMIGULSER;1;21.7.1952;0;1
HANARSU;1;16.4.1971;0;1
MERDAD;1;13.1.1952;1;0
COLYILDIZI;1;17.5.1942;0;1
KASIRGA;1;1.3.1951;1;0
KARNUK;1;2.5.1951;0;1
MARIGEN;1;2.3.1964;0;1
SAVASI;1;29.3.1981;1;0
AFFANI;2;22.11.1945;0;2
H.YALCIN;1;7.8.1940;1;0
SERMETCAN;1;6.8.1986;1;0
ISINSEL;2;16.10.1981;0;2
MEMEREM;1;8.7.1935;0;1
HULUSDEM;1;2.5.1957;1;0
GOCGUL;1;21.2.1982;0;1
LEYUNSA;1;3.5.1967;0;1
JAGDEESH;1;13.10.1968;0;1
Y.AYNUR;1;8.12.1936;0;1
ARNUR;1;16.10.1955;1;0
SARIMAN;1;12.2.1959;0;1
METNAN;1;9.8.1961;1;0
MUSADEM;1;6.11.1974;0;1
OMRUNNISA;1;6.9.1955;0;1
TURCANUR;1;11.5.1969;0;1
GLYNIS;1;2.5.1958;0;1
RAJEH;1;12.7.1965;1;0
GURKAYNAK;1;14.10.1938;1;0
GULHARIKA;1;8.4.1977;0;1
EMOKE;1;6.8.1978;0;1
TILEY;1;22.9.1958;0;1
SERRUH;2;15.2.1962;2;0
TUNAYHAN;1;16.5.1988;1;0
SYED;1;10.10.1969;1;0
TAZISER;1;15.2.1974;0;1
MUBARAK;1;18.7.1959;1;0
S.GURKAN;1;25.11.1939;1;0
TCHITCHEK;1;28.5.1976;0;1
SANIHAT;1;8.9.1944;0;1
HANBIKE;2;2.12.1937;0;2
MUKBEL;1;17.6.1936;1;0
ASUMANGUL;1;17.7.1972;0;1
BUGCAN;1;27.3.1986;1;0
JOON;1;12.12.1935;0;1
ATANAIME;1;4.8.1960;0;1
ALPINCENK;1;26.2.1972;1;0
SUUDAN;1;7.2.1976;0;1
MEHMETEMRAH;1;24.12.1978;1;0
YESEGUL;1;30.5.1974;0;1
YEKDIL;1;22.4.1940;1;0
HILGEHAN;1;30.10.1970;1;0
ALTINOVA;1;26.3.1943;0;1
ESINGUN;1;11.2.1957;0;1
ZABITGAN;1;22.2.1973;0;1
GULAGAC;1;27.9.1956;0;1
MINACEDDIN;1;28.3.1960;1;0
MUCMINE;1;8.7.1954;0;1
YURTSEFA;1;10.4.1954;1;0
GULNURAL;1;8.9.1965;0;1
DOGANC;2;19.5.1978;2;0
JEYLAN;1;11.10.1981;0;1
ITDIAT;1;7.8.1934;0;1
RESARAN;1;18.7.1979;1;0
SABIHAI;1;13.11.1926;0;1
SELISIN;1;14.10.1982;0;1
NAZSULTAN;1;10.12.1962;0;1
SERDARSEVKET;1;18.9.1967;1;0
HATICEMELDA;1;8.9.1977;0;1
ESNIHAYA;1;26.4.1971;0;1
DURINAZ;1;12.11.1971;0;1
GUNSUDA;1;14.11.1969;0;1
EVRENSU;1;17.7.1985;1;0
NILICAN;1;22.10.1963;0;1
TAMERA;1;21.4.1970;0;1
MUHAEMMED;1;7.4.1992;1;0
SERCENG;1;23.7.1976;1;0
NEZAIYE;1;2.8.1921;0;1
VASIMA;1;2.8.1933;0;1
BEDIRNUR;1;17.3.1932;1;0
NUREMINE;1;17.12.1975;0;1
SATUSENEL;1;23.6.1943;0;1
VAHIDUTTIN;1;3.4.1925;1;0
GUNSELMA;1;24.5.1930;0;1
GUTSAL;1;12.10.1970;0;1
ALCICEK;1;4.12.1984;0;1
YASEMINSU;1;8.6.1990;0;1
MUJER;1;2.10.1967;0;1
RIMAY;1;11.2.1988;0;1
AYMIL;1;8.7.1957;0;1
NESBETTIN;1;22.2.1949;1;0
MIHRENGIZ;1;7.5.1979;0;1
PARVIZ;1;22.6.1955;1;0
BEDIFER;1;1.10.1949;0;1
PINNUR;1;7.11.1979;0;1
NEBIRA;1;9.4.1973;0;1
MUHBUYE;1;21.12.1968;0;1
CEZMITURK;1;12.2.1953;1;0
ZATEL;1;2.4.1945;0;1
BINGOLTURKAN;1;17.6.1930;0;1
SAYGIGUL;1;12.8.1965;0;1
DILAFURUS;1;13.8.1928;0;1
BETDUDAK;1;16.4.1962;1;0
YABRAK;1;22.8.1961;0;1
VISARE;1;23.7.1977;0;1
YUNSEN;1;24.4.1957;0;1
SEHNOVA;1;13.12.1972;0;1
ZULULE;1;19.8.1951;0;1
ORKUTHAN;1;18.7.1987;1;0
BILGIZER;1;13.4.1954;0;1
RUFSAR;1;12.3.1948;0;1
TANMAN;1;16.8.1938;1;0
DISRA;1;10.3.1989;0;1
MISGAN;1;2.9.1951;0;1
ZULEKFIL;1;3.3.1957;1;0
E.BANU;1;28.11.1965;0;1
BUYURMAN;1;14.5.1969;1;0
BANOLYA;1;8.9.1971;0;1
VEDIDEGUL;1;26.4.1964;0;1
NECIRAHANIM;1;24.12.1964;0;1
GULNAZZIK;2;24.7.1963;0;2
FAHRULEMEL;1;23.2.1954;0;1
MAHMUTKADIR;1;10.3.1960;1;0
SUFENDAN;1;28.12.1977;0;1
TERKUL;1;20.10.1989;1;0
GHANIYA;1;27.10.1976;0;1
NURKEVSER;1;17.3.1974;0;1
MINTEA;1;21.9.1941;0;1
ASUFE;1;9.12.1958;0;1
DIROHINSA;1;15.4.1937;0;1
SERPIK;1;11.8.1934;0;1
BRUNI;1;7.11.1968;0;1
BEGDIL;1;23.4.1959;1;0
MISSET;2;4.4.1951;0;2
GUNEBEYAZ;1;2.6.1956;0;1
ALPTEN;1;30.8.1967;0;1
FENICE;1;12.8.1953;0;1
KUTLUMUS;1;29.3.1949;1;0
YUCAN;1;20.9.1980;0;1
SULEVA;1;12.7.1967;0;1
YETILAY;1;9.11.1955;0;1
BERKTEN;1;28.10.1961;0;1
UMMUGULUMSER;1;11.5.1975;0;1
SADIFET;1;19.5.1954;0;1
ULGUYA;1;11.7.1956;0;1
NOBEDI;5;29.4.1969;5;0
MEBETCEL;1;17.8.1936;0;1
NUKEF;1;13.3.1986;0;1
MULTEHAN;1;22.1.1990;1;0
MUKAVVES;1;26.12.1957;0;1
NURITAN;1;5.10.1948;1;0
GULSUMUMMU;1;27.3.1965;0;1
NURGUNAY;1;5.5.1961;0;1
CEMALCAN;1;1.9.1991;1;0
SARPDORUK;1;28.1.1992;1;0
DILRU;1;7.1.1988;0;1
VEGUN;1;29.10.1979;0;1
AENGUS;1;9.3.1991;1;0
SIMTAC;1;27.3.1974;0;1
VOJINA;1;28.11.1943;0;1
TALIBETTIN;1;10.9.1950;1;0
GURBUYE;1;12.8.1929;0;1
DIHIM;1;28.8.1988;0;1
CONCEPCION;1;9.12.1947;0;1
FEHRUNISA;1;26.3.1964;0;1
HACIKISI;1;16.2.1952;1;0
YOMRU;1;11.1.1953;1;0
SUHIYBE;1;2.3.1959;0;1
SENELMAS;1;5.2.1982;0;1
MUZDELIL;1;6.6.1969;0;1
LUTFIYENUR;1;20.2.1982;0;1
JASPER;1;9.4.1955;1;0
PEVLILDANE;1;12.2.1965;1;0
LULUHER;1;23.4.1971;0;1
MENTAZE;1;3.9.1944;0;1
UMMUGUZEYYE;1;15.10.1984;0;1
TURSEM;1;25.10.1976;0;1
EFTELYA;1;17.2.1980;0;1
HABBINISA;1;12.8.1929;0;1
NILMIZYEL;1;21.7.1933;0;1
MUTAL;1;14.12.1937;0;1
REVDAYE;1;26.5.1971;0;1
ICTIMAI;1;17.2.1948;0;1
GORKUN;1;26.9.1936;0;1
SERGUC;1;4.12.1975;1;0
BARAZ;1;11.2.1986;1;0
FRANCISCO;1;23.3.1978;1;0
YEKAME;1;19.12.1924;0;1
ILTIRGE;1;23.12.1951;0;1
BENDIS;2;25.1.1983;0;2
RUKIYEI;1;22.2.1925;0;1
NUFIHA;1;16.8.1959;0;1
FRANCINE;1;15.6.1958;0;1
PENBEVES;1;3.5.1951;0;1
ERCAHIT;1;14.12.1991;1;0
JENIFE;1;6.11.1973;0;1
MEVHES;1;20.1.1962;0;1
ZEKITURK;2;3.10.1967;2;0
REBHI;1;30.4.1951;1;0
BUR;1;4.3.1944;0;1
BEYTULTEZA;1;30.6.1958;0;1
LENE;1;17.5.1983;0;1
KAMIYAP;1;19.7.1933;0;1
SAYGIBAT;1;12.7.1976;0;1
PESERAHSAN;1;17.2.1957;0;1
TUGSAY;1;13.8.1979;1;0
BALIMKIZ;1;24.4.1988;0;1
ALYAT;1;11.9.1937;1;0
KUMEYRA;1;10.2.1951;0;1
KUTTINE;1;11.7.1960;0;1
NECADET;1;29.4.1928;0;1
CANSIR;1;6.2.1937;0;1
BIRAYSIN;1;19.11.1980;0;1
BORTEHAN;1;30.5.1984;0;1
AZOCAN;1;20.9.1990;1;0
CALAYAN;1;29.3.1960;0;1
ISKIM;1;1.12.1971;0;1
UGURTAS;1;18.7.1934;1;0
SONERENIZ;1;7.11.1976;1;0
EYYAMETTIN;1;6.8.1927;1;0
DELLILULLAH;1;19.2.1972;1;0
CENMET;2;2.1.1962;0;2
EKENDIZ;1;22.5.1934;0;1
BILA;1;16.9.1987;0;1
ABUSAYFI;1;17.8.1941;1;0
SINAMKAR;1;7.4.1975;1;0
ZEYGAN;1;26.8.1931;0;1
MAKFUR;1;18.2.1930;0;1
AGLARGUL;1;1.11.1948;0;1
SITIKE;1;7.8.1934;0;1
ZURUMHAN;1;12.4.1947;0;1
MERICTAN;1;27.9.1950;0;1
TOKALP;1;4.11.1930;1;0
OZTIMUR;1;8.7.1962;1;0
HACERTAN;1;30.4.1936;0;1
SAIZZER;1;19.6.1964;0;1
OZAYKUR;1;3.10.1957;1;0
TUTANER;1;19.8.1964;1;0
NESADIZE;1;16.4.1964;0;1
YONDEM;1;28.2.1986;1;0
ULENDAM;1;1.2.1947;0;1
DURUST;2;11.3.1965;2;0
SEYHIT;1;11.5.1966;1;0
AZBAY;1;21.3.1939;1;0
KOKTAN;1;17.4.1978;1;0
SAYLAM;1;20.4.1945;1;0
YETIGUL;1;2.5.1968;0;1
MUEDDIP;1;22.2.1955;1;0
FALIHE;1;27.6.1943;0;1
HUDAYYE;1;11.12.1968;0;1
MUTLUPINAR;1;25.12.1973;0;1
ATEFA;1;27.8.1980;0;1
FAROOK;1;13.11.1979;1;0
MEYREMEN;2;17.11.1971;0;2
SHATHA;1;2.8.1969;0;1
BERKKUTAY;1;8.8.1985;1;0
BEYBORA;1;2.6.1971;1;0
H.ERDAL;1;6.8.1957;1;0
MAHMUREAYLA;1;21.8.1949;0;1
GULZISAN;1;27.4.1941;0;1
RAYMUND;1;29.10.1984;1;0
SAHLIKA;1;21.6.1970;0;1
CEMERKAN;1;20.2.1975;1;0
ALIKBER;1;16.7.1971;1;0
MUSBEHA;1;30.5.1962;0;1
VETURIA;1;23.1.1973;0;1
B.YALCIN;1;3.5.1965;1;0
LEMAISER;1;17.4.1964;0;1
SUGAYP;1;16.12.1988;1;0
AHSAYIL;1;21.12.1978;1;0
NAFHARET;1;17.10.1956;0;1
BESUSE;1;24.1.1949;0;1
MEHMETSEMDIN;1;12.2.1977;1;0
TOGUTAY;1;24.5.1983;1;0
NADZIJA;1;26.3.1974;0;1
SAHNAGI;1;14.2.1963;1;0
RIYADCAN;1;19.4.1971;1;0
ERNECIP;1;7.6.1964;1;0
VESFURE;1;26.1.1949;0;1
FLOOR;1;19.6.1964;0;1
DILRUBAI;1;23.4.1992;0;1
UMMETI;1;6.1.1957;0;1
INARAN;1;7.7.1980;1;0
UTKUATAC;1;21.10.1973;1;0
SHIDA;1;27.10.1976;0;1
AKTORE;1;2.3.1987;1;0
PAPATYE;1;30.2.1957;0;1
MUTEAHIT;1;6.1.1957;1;0
CEPHAN;1;21.12.1962;0;1
ESEVI;1;19.8.1962;1;0
LAMSE;1;6.2.1967;0;1
SECAIDIN;1;12.4.1946;1;0
MIGRAP;1;27.8.1944;1;0
CEMTUFAN;1;9.8.1971;1;0
GUNLERE;1;21.4.1966;0;1
CANOZLU;1;29.2.1959;0;1
SENEMCAN;1;1.8.1989;0;1
KONURBAY;1;17.6.1987;1;0
NAZLINIL;1;28.9.1990;0;1
OLDENIZ;1;17.9.1976;1;0
MODU;1;5.5.1919;0;1
ZULIYDE;1;26.3.1970;0;1
GULEYSUN;1;6.5.1968;0;1
TURKISEN;1;19.3.1987;0;1
GUNERSEN;1;30.10.1960;0;1
OZBERI;1;12.1.1958;1;0
CENGIZKAAN;1;15.3.1981;1;0
BILINET;1;16.8.1972;1;0
YURTTANIR;1;1.5.1948;0;1
LIAZZAT;1;16.2.1971;0;1
DELLAKI;1;22.2.1949;0;1
RUSABI;1;10.2.1956;1;0
NAMIGA;1;12.4.1953;0;1
NIBIL;2;23.11.1966;0;2
BAYYURA;1;14.5.1949;0;1
SUNAP;1;25.1.1987;1;0
TUGRULAY;1;12.4.1965;1;0
ABDISSAMET;1;27.4.1938;1;0
RENKINAZ;1;11.7.1967;0;1
LADIRE;1;12.4.1941;0;1
BEYRUZA;1;6.2.1955;0;1
DENIZOZ;1;30.8.1958;0;1
KABI;1;27.8.1931;0;1
SERENT;1;19.7.1962;0;1
LEONHARD;1;2.4.1985;1;0
SAVIN;1;17.5.1977;0;1
YADKER;1;17.8.1936;1;0
BEYGE;1;6.6.1990;0;1
THABET;1;25.8.1972;1;0
BASTA;1;16.7.1983;1;0
RAVIYENUR;1;5.7.1987;0;1
MERSIDA;1;26.4.1959;0;1
ZURAN;1;26.8.1931;0;1
OZGENAY;1;10.4.1983;0;1
EYGU;1;25.8.1977;0;1
SEMANNAS;1;15.5.1966;0;1
OZANSER;1;2.9.1976;1;0
SIGMATULLAH;1;18.11.1961;1;0
AKSUYEK;1;6.6.1979;1;0
WIDAD;1;20.3.1941;0;1
PURENG;1;26.7.1972;1;0
AKMANDAR;1;22.2.1967;1;0
SEMIHAD;1;23.11.1951;0;1
ORGUZ;2;25.9.1984;2;0
YUZEYIR;2;13.8.1978;2;0
ABDULBUNYAMIN;1;15.12.1953;1;0
KEBIRENUR;1;3.6.1973;0;1
MUTEYMEN;1;10.8.1968;0;1
ERGULBAS;1;27.2.1980;0;1
NAMLU;1;12.5.1983;1;0
CETINTURK;1;13.8.1933;1;0
CAFADIYE;1;29.6.1956;0;1
NAZAIR;1;25.10.1959;0;1
TEKYOL;1;5.9.1978;1;0
TENNAZ;1;3.9.1981;0;1
CALEB;1;10.10.1991;1;0
ATABIR;1;7.2.1946;1;0
BEHTERIN;1;22.8.1949;0;1
ODYA;1;9.2.1983;0;1
YASARTASKIN;1;28.11.1966;1;0
NEY;1;11.11.1971;0;1
ALTUNKAN;1;4.12.1943;1;0
BAYANBERIL;1;10.8.1945;0;1
SEPREN;1;7.2.1988;0;1
BERINNAZ;1;30.5.1966;0;1
M.NAMIK;1;25.1.1947;1;0
HURESEL;1;14.7.1951;0;1
SEMANURSEN;1;11.10.1977;0;1
DEVRIMET;1;9.1.1976;0;1
MICIKO;1;27.9.1941;0;1
SOHRETELA;1;21.11.1977;0;1
ASILDOGAN;1;12.8.1959;1;0
GURKU;1;11.8.1984;0;1
DELAHA;1;12.3.1948;0;1
KORDAN;1;15.11.1970;0;1
YESUKEHAN;1;19.5.1957;0;1
JIRHAT;1;3.3.1972;1;0
MUSTAHDIN;1;18.1.1947;1;0
SERHAKAN;1;25.11.1969;1;0
TUNABEYI;1;27.5.1986;1;0
PELIM;1;16.8.1976;0;1
A.NURETTIN;1;25.7.1956;1;0
KEMREN;1;19.5.1971;0;1
SA;1;7.8.1940;0;1
YILERI;1;27.12.1974;1;0
VEGUL;1;20.1.1984;0;1
YOKO;1;22.8.1949;0;1
MIJKAN;1;2.9.1960;0;1
BAKUL;1;30.10.1937;0;1
JIANRU;1;19.1.1968;0;1
CANHAK;1;24.4.1980;1;0
YASEMINUGUR;1;21.7.1972;0;1
TAYLAK;1;18.9.1959;1;0
GULANT;1;8.2.1961;1;0
MADANOGLU;1;12.12.1959;1;0
SEMILIK;1;27.8.1974;0;1
MAHRIZE;1;7.2.1964;0;1
KUTTBETIN;1;4.5.1963;1;0
RIGAN;1;17.3.1936;0;1
BURGA;1;12.9.1986;1;0
MA.MYLA;1;17.3.1975;0;1
EMIRKAAN;1;6.11.1983;1;0
GUCMEN;1;9.9.1948;1;0
GULUCER;1;8.5.1960;0;1
NETICEYI;1;5.10.1984;0;1
RAFILA;1;19.11.1971;0;1
NACIYUCEL;1;2.11.1956;1;0
DILTAZE;1;27.8.1926;0;1
HABIBETUN;1;10.8.1931;0;1
ZAMIT;1;22.11.1961;1;0
BEGuM;1;6.4.1989;0;1
BETSEBAH;1;26.2.1965;0;1
EJBEL;1;3.12.1969;0;1
ARZDAR;1;25.8.1970;1;0
SANAURA;1;25.2.1971;0;1
CORNEL;1;23.4.1989;1;0
GUCUGUR;1;3.1.1967;1;0
EZGIEN;1;3.11.1968;0;1
TEHLIHE;1;2.6.1973;0;1
HUGAN;1;2.2.1957;0;1
NISPAHI;1;2.6.1975;0;1
OLCANUR;1;9.1.1990;0;1
EFSAIM;1;22.4.1967;1;0
RAMESH;1;2.10.1967;0;1
SEBAHIRE;1;16.12.1964;0;1
SULARI;1;15.2.1961;0;1
KARACELAL;1;8.7.1969;1;0
SAHLEM;1;7.8.1922;0;1
CERVAT;1;22.2.1961;1;0
MAHIPERIZA;1;16.9.1961;0;1
ALPERKAGAN;1;7.5.1978;1;0
DOLUNAR;1;16.9.1972;1;0
ENIM;1;30.6.1972;0;1
RAHSAR;1;22.10.1949;0;1
ELSURAL;1;4.1.1945;1;0
DELLAKE;1;12.4.1959;0;1
FULSEREN;1;19.7.1950;0;1
ARTEMUR;1;30.6.1983;1;0
HUNDUS;1;6.3.1957;0;1
KATALAN;1;22.10.1963;1;0
IDIKUT;1;5.11.1934;1;0
HAFSUYE;1;21.7.1950;0;1
MUTAHHIR;1;3.6.1947;1;0
SUHAILA;1;22.2.1970;0;1
NUHHATI;1;14.4.1977;0;1
KAGZIM;1;9.3.1983;1;0
HUFEYZA;1;13.7.1982;0;1
NUCGAN;1;27.2.1962;0;1
NASTARAN;1;12.8.1972;0;1
ILKINTUG;1;24.8.1982;1;0
LEYLAFIR;1;13.11.1965;0;1
AYGULUMSER;1;13.10.1938;0;1
NESREEN;1;24.5.1944;0;1
JANSERI;1;24.5.1972;0;1
NAIGEHAN;1;3.2.1981;0;1
BEDISA;2;18.6.1985;0;2
KUTUYE;1;19.3.1971;0;1
MURATAHAN;1;30.1.1985;1;0
MEHMEDALP;1;4.12.1978;1;0
PIPIK;1;7.2.1940;0;1
ALIMYUCEL;1;30.2.1979;1;0
MIM.OSMAN;1;23.9.1966;1;0
LEDIGAR;1;11.6.1970;0;1
ERGALIP;1;10.2.1963;1;0
MUHANVER;1;14.2.1965;1;0
ARIFEH;1;29.12.1972;0;1
SUMRUAY;1;4.6.1975;0;1
MEHMETGOKTURK;1;19.10.1985;1;0
ULKUGOKCEN;1;18.9.1982;0;1
ISAYET;1;21.4.1958;0;1
NUYEMZAR;1;22.8.1931;0;1
EVESUS;1;21.9.1951;0;1
PEVLUN;1;12.2.1971;1;0
GULSEYLA;1;17.4.1948;0;1
SIMRE;1;5.8.1985;0;1
BETA;1;11.9.1985;0;1
RIFATI;1;20.3.1984;1;0
RASYONEL;1;20.8.1969;0;1
AHMETMURSEL;1;12.2.1989;1;0
FAHRIGUR;1;29.5.1975;1;0
CAGPAR;1;24.5.1942;1;0
AYSEGUYER;1;27.12.1961;0;1
ATASAGUN;1;4.9.1936;1;0
VAHDETI;2;26.6.1937;2;0
HUKTEN;1;24.9.1942;0;1
M.ERDINC;1;17.1.1968;1;0
SAZYA;1;9.3.1958;0;1
CEMEYNUR;1;1.6.1971;0;1
YEKTANURSIN;1;14.10.1980;0;1
FEYRICAN;1;26.10.1969;0;1
EDAGULSIN;1;26.1.1941;0;1
HURKAIL;1;7.3.1944;1;0
DULDUK;1;12.6.1958;0;1
I.DENIZ;1;22.5.1936;0;1
KIGMES;1;26.5.1959;1;0
AHMETKESSAF;1;16.12.1969;1;0
KULEMRE;1;24.4.1984;1;0
BADIREN;1;27.3.1944;0;1
UCSEM;1;6.3.1939;0;1
BEHCIT;1;30.8.1950;0;1
SIPE;1;16.5.1983;0;1
KAFURAN;1;11.5.1956;1;0
FATELI;2;26.9.1941;0;2
UROZ;1;20.4.1973;1;0
BEYRUTA;1;1.6.1957;0;1
MINEM;1;8.9.1991;0;1
GULRUHSAR;1;30.8.1971;0;1
AHUPINAR;1;27.6.1976;0;1
TEHBER;1;27.6.1956;0;1
HEKMETE;1;6.11.1939;0;1
ASSIEH;1;7.8.1934;0;1
RUCSANDRA;1;5.6.1974;0;1
ROUSOUDAN;1;18.6.1959;0;1
GULNURU;1;1.9.1978;0;1
ANGUC;1;15.10.1982;1;0
NUVEHTE;1;20.2.1986;0;1
UMITSAL;3;3.7.1958;0;3
JOSHUA;1;14.12.1944;1;0
FRENGIS;1;28.3.1930;0;1
BULENTALP;1;26.6.1949;1;0
ZULLAL;1;21.5.1972;0;1
NURHIZER;1;12.2.1950;0;1
IMSANE;1;27.6.1956;0;1
EKINER;1;24.11.1988;1;0
YALDIR;3;3.10.1971;3;0
CANSI;1;29.9.1990;0;1
ILKNURESEN;1;10.9.1975;0;1
TAMRAZ;1;20.4.1951;1;0
REJAYI;1;7.7.1953;1;0
EFFENAZ;1;2.2.1957;0;1
GOKERE;1;22.6.1953;0;1
NURGOK;1;10.4.1964;0;1
M.SAKIP;1;2.8.1933;1;0
BETAHAN;1;19.3.1929;0;1
NURHALIME;1;21.4.1953;0;1
PERNAN;1;8.8.1969;0;1
TOYDAN;1;19.2.1943;0;1
SADULBANAT;1;23.8.1941;0;1
MUCIBA;1;1.1.1;0;1
HASGIZ;1;12.4.1951;0;1
GULFEHIMAN;1;15.10.1951;0;1
CEMLI;1;12.3.1953;1;0
ZAKEY;1;1.12.1970;0;1
AKSUNGAR;1;2.8.1951;1;0
NURZANE;1;5.4.1951;0;1
GONULMAZLUMSAH;1;30.10.1952;0;1
ILBIKE;1;29.6.1983;0;1
SILIBER;1;2.2.1945;0;1
ATACAR;1;4.9.1963;1;0
BURCINHAN;1;18.4.1978;1;0
AVZELAL;1;7.3.1979;0;1
MERTKAYA;1;23.8.1990;1;0
ALPERTUGKAN;1;8.9.1973;1;0
ESIFER;1;22.7.1937;0;1
HUNERI;1;23.8.1970;0;1
Y.AYSEL;1;16.10.1940;0;1
CANBEDEN;1;4.6.1939;1;0
ERELI;1;7.4.1946;1;0
GULPERAY;1;23.12.1983;0;1
GUCUR;1;17.4.1968;1;0
LUVEYKA;1;6.7.1936;0;1
YOSUM;1;27.10.1966;0;1
MEVSIMBEN;1;26.8.1976;0;1
AKDORA;1;4.3.1989;1;0
BOGDANA;1;27.11.1976;0;1
ANDUVAP;1;23.8.1982;1;0
GULMELAHAT;1;15.5.1976;0;1
KUNTAS;1;21.10.1977;1;0
M.NECMI;1;21.2.1964;1;0
SAYIDEGUL;1;9.6.1964;0;1
HATIGA;1;6.3.1940;0;1
RIDYADDIN;1;22.12.1959;1;0
GULFUNDA;1;25.9.1971;0;1
DILYAZ;1;22.4.1969;0;1
EBUSSEYIF;1;27.4.1992;1;0
GUCYETMEZ;2;12.1.1965;0;2
FITAZ;1;28.2.1956;0;1
SELINSU;1;25.3.1991;0;1
SAMMERT;1;29.6.1991;1;0
CEMGOKTUG;1;30.5.1977;1;0
LELLIZAR;1;21.4.1966;0;1
BAHRUM;1;26.10.1984;1;0
HAZZADE;1;2.9.1945;0;1
NERBUZE;2;29.6.1962;0;2
HACKIZ;1;2.2.1967;0;1
TANSEREN;2;1.2.1944;0;2
BEHAM;1;27.3.1944;0;1
ZAIDRE;1;13.7.1991;0;1
GUSSO;1;12.6.1946;0;1
AGIBEM;1;19.7.1964;0;1
NUPEYDE;1;9.4.1959;0;1
PERINCEK;1;5.11.1980;1;0
URANGUSAT;1;17.10.1961;1;0
ASRIM;1;6.6.1976;1;0
GULSABIHA;1;6.12.1985;0;1
NAZIDEK;1;15.2.1947;0;1
BERRIRE;1;24.1.1971;0;1
HAZBETULLAH;1;27.5.1948;1;0
NEZABET;1;28.12.1961;0;1
AHMETILKER;1;1.2.1964;1;0
CEMFURKAN;1;2.12.1978;1;0
MIRISEN;1;13.7.1990;0;1
ISTARA;1;14.2.1948;0;1
IHTIMAN;1;8.7.1990;1;0
DEFKAN;2;10.5.1988;2;0
LEFAGAT;2;15.4.1965;0;2
BELLIGUN;1;5.11.1940;1;0
KUFUYE;1;17.5.1942;0;1
YAYLABUZU;1;2.2.1946;0;1
MILHAEL;1;27.1.1971;0;1
GITY;1;10.9.1963;0;1
ERCANA;1;10.3.1967;0;1
HUKKASI;1;11.9.1951;1;0
ERKUTCAN;1;11.12.1990;1;0
AYAZHAN;1;6.9.1975;1;0
WYNYARD;1;26.8.1986;0;1
ABDILNIZAM;1;8.3.1951;1;0
BUBILAY;1;12.10.1962;1;0
SERYASAR;1;4.5.1949;1;0
CALTI;1;29.1.1977;1;0
SEHDABE;1;26.5.1948;0;1
JANSINE;1;20.5.1973;0;1
EZELGUL;1;21.10.1955;0;1
ZAYLE;1;2.7.1951;0;1
ERANIL;1;17.7.1942;1;0
KERKE;1;14.12.1936;0;1
KOSEVNAZ;1;27.8.1938;0;1
GOLTUG;1;30.12.1943;0;1
NAGLEN;1;10.5.1968;0;1
NALIDA;1;10.4.1966;0;1
SHARIPA;1;8.1.1979;0;1
TOZAY;1;9.3.1958;1;0
LEYTA;1;13.8.1974;0;1
PAZEL;3;9.2.1957;0;3
TOGUZ;1;23.12.1978;1;0
NURTENHAN;1;22.10.1986;0;1
SIVECAN;1;28.5.1972;0;1
NURBETON;1;28.2.1958;0;1
ISIKIZ;1;4.1.1933;0;1
BALKAS;1;14.7.1950;0;1
TACIBENT;1;23.8.1981;0;1
MARCELLUS;1;11.12.1956;1;0
SERMURAT;1;12.3.1973;1;0
ERJONA;1;23.7.1980;0;1
BIRIKIM;1;1.11.1988;0;1
EZGINAZ;1;24.1.1985;0;1
FILTEKI;1;17.11.1935;0;1
YESIMCAN;1;27.11.1990;0;1
VAYN;1;18.4.1941;1;0
ANLI;1;23.2.1971;0;1
SUBIDAY;1;17.1.1945;1;0
YERSTEM;1;9.5.1988;1;0
NURBILGE;1;28.3.1950;0;1
TOGROUL;1;10.9.1966;1;0
PARY;1;23.1.1967;0;1
TOREBEY;1;28.12.1989;1;0
DEKANT;1;29.3.1985;1;0
AKSANUR;1;10.9.1991;0;1
YU;1;10.7.1957;0;1
BILDE;1;16.2.1982;0;1
UNUSAN;2;6.6.1968;1;1
TOROSCAN;1;4.5.1984;1;0
ENGURCAN;1;27.10.1988;1;0
PI-YUN;1;18.2.1958;0;1
KEBIBE;1;21.3.1974;0;1
BIGECANAN;1;10.2.1986;0;1
MAHEEN;1;23.11.1987;0;1
JOACHIM;1;22.2.1930;1;0
CANIPEK;1;3.8.1985;0;1
GURSEVIL;1;15.10.1962;0;1
TEZERDI;1;29.1.1944;1;0
GULOV;1;3.5.1969;0;1
IHTIMAM;1;4.9.1985;1;0
LIONDMILA;1;10.12.1974;0;1
GULZULEYHA;1;13.3.1965;0;1
MILYARDER;1;10.9.1962;0;1
GULTUTAM;1;2.3.1963;0;1
ZEKEVAT;1;26.7.1955;0;1
HALIMETUS;1;7.3.1951;0;1
TURANCENGIZ;1;29.6.1987;1;0
MUHTEGUL;1;2.9.1969;0;1
NILVAR;1;2.4.1963;0;1
MUSAVVIR;2;5.7.1980;1;1
DENSIN;1;22.3.1985;1;0
DUNYACAN;1;24.8.1984;1;0
PULATKAN;1;8.8.1938;1;0
UZNUFER;1;2.6.1967;0;1
SERTAH;1;25.4.1979;1;0
NAMESER;2;22.3.1969;0;2
ATATURKER;1;29.5.1972;1;0
SELCUKKAN;1;29.2.1960;1;0
GULFISEN;2;14.12.1951;0;2
BAHDIZER;2;6.12.1963;0;2
ALPKURAN;1;2.12.1964;1;0
HIVARAN;1;5.5.1974;0;1
AYMERAY;1;16.2.1992;0;1
HEREDIN;1;6.3.1950;1;0
MUKADARAT;1;22.2.1967;0;1
HENAAYSE;1;28.4.1992;0;1
DOGKAR;1;22.5.1982;1;0
MUSETTIK;1;11.9.1955;1;0
INDRANI;1;8.9.1967;0;1
PARASKOVIA;1;28.10.1972;0;1
SOMUT;1;14.6.1991;1;0
FAHMEDTIN;1;17.4.1949;1;0
AZADEH;1;9.11.1978;0;1
PELIYE;1;22.8.1925;0;1
NEJATDOGRUL;1;13.2.1933;1;0
TABAN;2;21.4.1943;1;1
BUGSU;1;27.8.1984;0;1
TUNJAY;1;17.8.1930;0;1
OZEV;1;22.10.1946;0;1
EFRASIYAP;1;4.10.1938;1;0
ELBIRLE;1;14.6.1954;0;1
KUBILHAN;1;9.3.1972;1;0
HAYRESER;1;16.9.1934;0;1
MEBRUREHAN;1;9.2.1928;0;1
ATHAR;1;23.3.1970;1;0
CEYHANSER;1;13.3.1954;0;1
AYMURSEL;1;18.3.1930;0;1
YELSEREN;1;29.3.1931;0;1
NEVCA;1;26.1.1934;0;1
DAMARIA;1;7.8.1934;0;1
TANSIM;1;5.4.1938;0;1
BELMEN;1;12.2.1944;0;1
OGSEV;1;27.5.1936;0;1
TUZUNAY;3;9.12.1971;0;3
ILHAMETIN;1;16.11.1947;1;0
TUGKAGAN;1;8.12.1981;1;0
IBRAHIMETEM;2;9.1.1945;2;0
ZAIF;2;28.4.1935;1;1
SUMYA;1;21.3.1957;0;1
KOCUBABA;1;16.2.1987;1;0
ZAIBUN;1;24.12.1957;0;1
FEHEMET;1;27.4.1957;0;1
EFSERGONCA;1;13.1.1941;0;1
NEVAHE;1;2.8.1933;0;1
GEOFF;1;13.9.1970;1;0
ZALKA;1;26.3.1959;0;1
SELSIN;1;30.3.1952;0;1
MUBEYDA;3;10.1.1976;0;3
ERGARIP;1;17.1.1984;1;0
SENGINGUL;1;7.4.1940;0;1
TURKAZAM;1;29.7.1966;1;0
CANKAL;1;16.4.1988;1;0
UREYENGUL;1;23.6.1944;0;1
NIVUT;1;25.3.1991;0;1
EMISEL;1;14.1.1985;0;1
HULYASULTAN;1;5.2.1974;0;1
FETKINUR;1;16.1.1957;0;1
KARAGULMEZ;1;2.6.1963;1;0
HACIMINE;1;12.4.1954;0;1
SERMUKE;1;22.7.1967;0;1
LEZGAN;1;20.11.1979;1;0
M.FEYAT;1;25.5.1969;1;0
FEZADETTIN;1;22.12.1961;1;0
ANDELIB;1;6.12.1990;0;1
BIJIN;1;24.9.1988;0;1
TURANKAYA;1;2.12.1958;1;0
POLLI;1;12.2.1935;0;1
FETGEREY;1;16.4.1980;1;0
ZULFIYAZ;1;1.5.1932;0;1
UMMUNIHAN;1;27.10.1987;0;1
DAMLAR;1;28.6.1987;0;1
GULPAKIZ;1;11.2.1988;0;1
GAZAIR;1;21.2.1958;1;0
RAHATAY;1;1.1.1;0;1
FATIKANA;1;9.4.1962;0;1
MUHETDIS;1;11.9.1945;0;1
BERGITAY;1;11.8.1985;1;0
VEHTAY;1;29.2.1949;0;1
HALILOGLU;1;26.2.1964;1;0
SEHUN;1;15.8.1979;1;0
ELMAIYE;1;10.10.1955;0;1
GULSAYESTE;1;13.12.1958;0;1
OZGJUL;1;4.3.1974;0;1
CETAY;1;21.12.1978;1;0
GULAKIYE;1;24.10.1964;0;1
SEMIYETTIN;1;14.6.1961;1;0
FIRUZEH;1;27.8.1968;0;1
UMMUNNISA;1;7.9.1976;0;1
UCKUNER;1;24.2.1977;1;0
ZEHTIYE;1;12.10.1956;0;1
ARSENIN;1;16.8.1951;1;0
YAN;1;29.8.1980;0;1
GULSENUN;1;20.1.1952;0;1
DILACAN;1;4.10.1990;0;1
BENDAL;1;9.6.1958;1;0
TURAR;1;3.3.1977;0;1
MAHMURHAN;1;26.11.1924;0;1
BELKIT;1;12.7.1950;1;0
FULYIN;1;28.7.1987;0;1
YALKUN;1;28.11.1974;1;0
SUVEYKAR;1;26.2.1964;0;1
M.MAHAMMED;1;4.12.1971;1;0
HURIPINAR;1;16.4.1986;0;1
MASHAT;1;7.2.1933;0;1
BIRCIZ;1;8.2.1942;0;1
EFFANIM;1;8.9.1966;0;1
ULUTAY;1;1.8.1985;1;0
ULUSGEN;1;24.9.1967;0;1
SIMTEM;1;9.3.1959;0;1
MUZALIN;1;3.7.1971;0;1
MUSTURAY;1;22.5.1973;1;0
EVRENCAN;1;22.10.1981;1;0
NURAZER;1;14.11.1958;0;1
NECMATI;1;3.6.1971;0;1
OZILHAN;1;5.3.1986;1;0
SEYIDENIM;1;2.4.1957;0;1
TAHRIM;1;17.2.1983;1;0
GOSTEREN;1;22.2.1961;0;1
KARPUZE;1;12.4.1953;0;1
NEKIHA;1;4.9.1951;0;1
FEDAGAR;1;10.8.1983;1;0
TURKUSTUN;1;29.10.1946;1;0
ABDULFELAT;1;9.2.1983;1;0
HUGUETTA;1;17.5.1942;0;1
KUSULU;1;22.4.1943;1;0
YELDAYILDIZ;1;13.5.1977;0;1
BORTECICEK;1;24.9.1991;0;1
HURMERIC;1;14.1.1992;0;1
NIGIR;1;22.2.1955;0;1
ALIREHA;1;3.3.1953;1;0
ADILLET;1;11.10.1948;0;1
GOKBANU;1;13.8.1977;0;1
UGURHAKAN;1;13.2.1974;1;0
ORSOY;1;21.12.1963;1;0
NISABEYIM;1;17.6.1978;0;1
VELIYYUDDIN;1;25.8.1965;1;0
HATAYHAN;1;22.8.1967;1;0
BECEHAT;1;18.2.1948;0;1
GURGUC;1;5.3.1979;1;0
LUSEYNA;1;21.11.1976;0;1
ARSAHUS;1;12.8.1929;0;1
VAKKAZ;1;1.6.1976;1;0
SHOHREN;1;30.8.1956;0;1
BEYENAL;1;1.10.1942;0;1
GUNSILI;1;26.12.1956;0;1
NURZAHIT;1;8.5.1963;1;0
OLTUM;1;12.12.1981;0;1
FURUGIYE;1;2.8.1921;0;1
YURDCAN;1;12.12.1939;1;0
NEVBAVE;1;25.1.1943;0;1
NEYIRHAN;1;27.11.1968;0;1
UYGUT;1;20.6.1939;1;0
AYULKER;1;1.3.1944;0;1
YURDDASEN;1;11.4.1943;0;1
ERCEMALI;1;17.6.1968;1;0
MARYIA;1;27.1.1976;0;1
HURTULIN;1;27.7.1961;0;1
BIRSENZIYA;1;5.6.1941;0;1
ESTIL;1;12.5.1953;0;1
RAJIYE;1;16.11.1956;0;1
CAGASAN;2;26.12.1985;2;0
GULDUSUN;1;10.8.1976;0;1
TONGUT;1;27.7.1938;1;0
GUYEM;1;21.2.1982;0;1
MAYUMI;1;15.2.1969;0;1
NEFIKAN;1;12.10.1965;0;1
HUMIYYE;1;7.4.1964;0;1
YILFUNDA;1;12.2.1971;0;1
TANERHAN;1;12.3.1982;1;0
PERVIGUL;1;26.5.1942;0;1
OVGEHAN;1;12.10.1980;0;1
UTAR;1;12.5.1988;1;0
ISIKBAY;1;14.4.1934;0;1
A.ERDAL;1;1.9.1948;1;0
ALPERTAN;1;12.7.1972;1;0
RIMSIN;1;19.5.1940;0;1
REYHI;1;6.1.1964;1;0
ILYASTEKIN;1;23.2.1990;1;0
MUVAZZAF;1;22.8.1931;0;1
HERLAN;1;2.2.1971;0;1
LUAL;1;20.3.1982;0;1
TUTSAK;1;9.6.1983;0;1
TORGIN;1;19.1.1977;0;1
NAZIRHAN;1;3.5.1977;1;0
BURAKMEHMET;1;28.11.1972;1;0
VEFAHAN;1;18.12.1947;1;0
RUSHER;1;2.3.1946;0;1
MEMAYNUR;1;21.4.1966;0;1
BUNSEL;1;16.4.1969;0;1
DERUNBERK;1;12.1.1970;1;0
PERIZAMAN;1;2.2.1969;0;1
BILGENIL;1;28.10.1988;0;1
KENTERI;1;1.4.1992;1;0
ANDIME;1;23.3.1943;0;1
SIBIYEN;1;6.2.1980;0;1
SIMEYLE;1;11.6.1980;0;1
ESMERIS;1;16.5.1922;0;1
MUSEYRE;1;12.5.1965;0;1
PELUZAN;1;1.2.1960;0;1
TOGKAN;1;13.6.1974;1;0
HURYAM;1;19.2.1972;0;1
AYSARI;1;7.8.1934;0;1
SERVISEL;1;11.3.1946;0;1
IREMUMUT;1;29.5.1976;0;1
CEMTAN;1;15.5.1979;1;0
MUNTEHIP;1;28.1.1929;0;1
NUKSAN;1;27.1.1968;0;1
MECMURIYET;1;29.8.1977;0;1
VEZZAHI;4;5.1.1951;0;4
A.MUTALIP;1;22.8.1925;1;0
GELSENEM;1;24.1.1947;0;1
CELALEMRAH;1;18.2.1989;1;0
ERGAM;1;2.8.1957;1;0
MERZIYAT;1;23.6.1945;0;1
MERCIYA;1;7.2.1940;0;1
MUSEYITTIN;1;21.4.1956;1;0
ALPNURI;1;4.6.1961;1;0
CUMAS;1;3.11.1938;0;1
UGURHADI;1;10.10.1967;1;0
MOUHAMED;1;27.6.1989;1;0
FUNJA;1;26.9.1978;0;1
ALDORA;1;19.4.1991;1;0
HASBIOGLU;1;23.7.1946;1;0
MAHMOUDSAAD;1;16.9.1960;1;0
DURUR;1;29.6.1951;1;0
MESMA;1;22.8.1955;0;1
NINSU;1;26.6.1962;0;1
ERTANFATIH;1;22.12.1978;1;0
ATASAH;1;13.2.1989;1;0
ALMILASENA;1;6.9.1982;0;1
BARKON;1;13.12.1985;1;0
ABDuLKERIM;1;3.9.1964;1;0
SANSEN;1;1.1.1944;0;1
FINNEHAR;1;11.4.1957;0;1
NAHADEYE;1;27.8.1956;0;1
HUDDEM;1;26.4.1941;1;0
NURAHMAN;1;2.12.1961;1;0
MIYASERE;1;17.9.1926;0;1
I.EVRIM;1;28.2.1980;1;0
TESRINAZ;1;29.1.1964;0;1
BURHANCAN;1;22.7.1991;1;0
ALPERDENIZ;1;27.5.1973;1;0
ALICJA;1;6.9.1978;0;1
ALTANBARAN;1;14.7.1982;1;0
AYSIMEN;1;24.11.1991;0;1
ERECEK;1;16.12.1951;0;1
GOZTEPE;1;14.1.1965;0;1
VALIHE;1;24.10.1985;0;1
MEHBAT;1;16.7.1950;0;1
REHDA;1;9.10.1981;1;0
GALENA;1;2.5.1985;0;1
BUKTE;1;25.11.1988;0;1
TAYYARCAN;1;11.5.1936;1;0
SIYDALI;2;9.10.1961;2;0
SIHIT;1;11.3.1963;1;0
APDIRAMAN;1;24.2.1961;1;0
AKBEYAZ;1;28.1.1980;0;1
KALGAYHAN;1;18.8.1958;1;0
MUAHEDE;1;22.8.1913;0;1
KAYSAL;1;19.5.1959;1;0
METHURIYE;1;3.3.1951;0;1
CEMSUAVI;1;12.11.1956;1;0
ZUVIYE;2;7.6.1946;0;2
DURRISAN;1;23.3.1943;0;1
FERGEDAN;1;23.2.1948;0;1
GIZ;1;19.5.1990;0;1
DURMAN;1;7.2.1964;1;0
TEMUS;1;5.6.1966;0;1
TEYFULLAH;1;22.3.1941;1;0
SEMIYER;1;7.2.1970;0;1
ESMACAN;1;11.3.1992;0;1
MEHMETYADIGAR;1;1.1.1946;1;0
MUNUSHANIM;1;2.4.1957;0;1
TAHSINFAZLI;1;26.6.1955;1;0
SENURA;1;4.12.1961;0;1
CEMSAFA;1;3.4.1973;0;1
TAKTILE;1;26.6.1966;0;1
LERMI;1;21.4.1975;0;1
ZEVCA;1;11.4.1967;0;1
DEVRIMULKU;1;14.3.1971;0;1
ILGIYA;1;9.7.1952;0;1
KARNIZE;1;18.11.1969;0;1
IKLIMAS;1;1.12.1977;0;1
RUKUSEN;1;21.7.1963;0;1
GUZELCAY;1;22.4.1967;0;1
LAHIZAR;1;22.8.1925;0;1
ZIYAHIN;1;12.4.1943;1;0
SARCIN;1;7.8.1934;0;1
GULSUMDURSUN;1;8.10.1948;0;1
MUSLAADDIN;1;21.6.1970;1;0
USEMAGA;1;11.6.1969;1;0
CERVINAZ;1;13.5.1944;0;1
HACIEYUP;1;24.2.1990;1;0
ENDIS;1;26.7.1966;1;0
TERMIHIM;1;29.9.1982;0;1
ZEYNETU;1;13.11.1961;0;1
MURKUNAZ;1;8.11.1974;0;1
FEZIR;1;2.2.1939;1;0
MURDI;1;2.7.1963;0;1
HAMIDDIYE;1;17.2.1987;0;1
ZEHRAUMRAN;1;22.1.1953;0;1
FERMUTA;1;21.7.1969;0;1
SESAI;1;17.12.1960;1;0
MISNE;1;22.7.1931;0;1
SARIBER;1;2.2.1945;0;1
MAKGUDE;1;19.9.1970;0;1
SEVAKIYE;1;2.6.1963;0;1
KAMAILE;1;26.3.1978;0;1
KEHRUBA;1;2.2.1921;0;1
KAMASIK;1;1.7.1950;0;1
BECADIYE;1;26.3.1941;0;1
ALIFERDIN;1;28.6.1938;1;0
TUNABOY;1;17.1.1960;1;0
SIHKADIN;1;4.12.1932;0;1
SOYMA;1;15.4.1943;0;1
BIRAM;1;2.2.1951;0;1
VESILEGUL;1;1.4.1959;0;1
KULTUGIN;1;6.12.1981;1;0
GULNURCIN;1;1.7.1985;0;1
ILKNURSEN;1;2.9.1964;0;1
AYMETE;1;13.2.1979;1;0
MUSTATTIN;1;11.3.1965;1;0
MIRIBA;1;7.7.1973;0;1
ERZAFER;1;18.3.1963;1;0
FIDAYDA;2;6.10.1925;0;2
MURATKAAN;1;24.10.1990;1;0
CEYLIHAN;1;12.9.1971;0;1
ELIBE;2;13.1.1973;0;2
KESELIK;2;15.4.1944;0;2
SEVDAMEN;1;10.10.1967;0;1
NEYBAHAR;1;9.6.1960;0;1
RAUFET;1;2.3.1951;0;1
GULLEHAN;2;22.7.1964;0;2
NEJMIYET;1;27.2.1973;0;1
ZHINOUS;1;7.10.1973;0;1
HUZEYIL;1;6.12.1965;1;0
NARLIHAN;1;1.10.1990;0;1
HURUYYE;1;16.7.1959;0;1
GULZAHRIYE;1;6.5.1967;0;1
VUSLAD;1;3.10.1983;0;1
GULZAHIRE;1;15.6.1977;0;1
GULHATMEN;1;1.3.1990;0;1
DEMIRSEL;1;17.11.1966;1;0
TURTUHAL;1;27.2.1938;0;1
YURTTADUR;1;21.7.1959;0;1
NAD;1;6.6.1937;1;0
FEHMAZAR;1;7.2.1940;0;1
ULKENI;1;18.12.1972;0;1
ZUBEYYIDDE;1;26.3.1953;0;1
SELAMIM;1;17.4.1948;1;0
USLUER;1;26.8.1984;1;0
DJAUMAVIKA;1;26.8.1962;0;1
MENIHAR;1;11.5.1955;0;1
SEGIL;1;29.7.1956;0;1
BERZIYA;1;30.10.1981;0;1
FUDALE;1;16.12.1986;0;1
URFUSEN;1;22.2.1967;0;1
MAHISES;1;17.4.1962;0;1
TURKOY;1;1.2.1977;1;0
DUNDARIYE;1;30.2.1957;0;1
SEVINCIM;1;30.5.1969;0;1
CESAIYE;1;27.3.1932;0;1
MENTIK;1;15.12.1946;0;1
KASA;1;27.8.1956;0;1
VESILEN;1;7.3.1982;0;1
RAHMEDTULLAH;1;16.4.1992;1;0
OZATIK;1;7.10.1966;1;0
TAYYP;1;19.9.1986;1;0
MEHMETFILIT;1;6.12.1974;1;0
SEHULE;1;12.4.1931;0;1
BEHSAD;1;23.6.1974;1;0
NEJNET;1;1.4.1965;1;0
MUNEZEF;1;17.8.1978;0;1
FILIPE;1;12.2.1941;0;1
YUFAYIT;1;1.11.1987;0;1
GURKANBEY;1;9.2.1976;1;0
BULUNMAZHAN;1;6.2.1933;0;1
HACERBEYIM;1;14.3.1964;0;1
BAYDAM;1;13.5.1966;1;0
ESIGUL;1;6.7.1963;0;1
DURUSEFER;1;14.12.1953;0;1
YUSUFDEDE;1;8.7.1978;1;0
NOBETI;1;17.3.1966;1;0
HITU;1;12.8.1935;0;1
IZEMETTIN;1;13.6.1964;1;0
SEVKADDIN;1;27.2.1950;1;0
ERGINCAN;1;2.4.1957;1;0
SEGME;1;4.12.1964;0;1
MEFRUH;1;6.1.1961;0;1
ERAH;1;2.6.1978;1;0
IBRAHIMFEHMI;1;17.2.1972;1;0
IKMEN;1;14.9.1948;1;0
GULBEMPE;1;1.11.1964;0;1
ZIYEFETTIN;1;6.5.1984;1;0
GOKSINA;1;3.12.1988;0;1
MISK;1;27.3.1980;0;1
INABI;1;1.9.1926;1;0
DESTIGUL;1;1.9.1965;0;1
IHLINAZ;1;29.8.1961;0;1
NESEVIL;1;10.6.1964;0;1
SAHENK;2;5.10.1964;0;2
LEVINGUL;2;12.6.1967;0;2
BENGLI;1;12.12.1959;1;0
EKEL;1;30.8.1956;1;0
MUCARETTIN;1;25.1.1972;1;0
SULHAY;1;23.7.1951;0;1
ERKIRAL;1;14.1.1962;1;0
ALPARGUN;1;27.12.1974;1;0
ERLER;1;3.4.1944;1;0
AKINTUGCU;1;26.7.1973;1;0
MUVEYYE;1;1.4.1985;0;1
MAHAYDE;1;27.7.1945;0;1
GOKDEHAN;1;4.6.1989;1;0
CICEKSEL;1;1.7.1947;0;1
EVTAN;1;30.8.1984;1;0
REVADDIN;1;4.5.1956;1;0
SOLMAZNUR;1;17.11.1970;0;1
MENSURBAN;1;18.5.1976;1;0
RUKNEDDIN.;1;21.9.1952;1;0
GURAH;1;21.9.1959;1;0
SADIGI;1;11.4.1960;1;0
AKARTURK;1;23.5.1977;0;1
TEVRUZEN;1;12.3.1965;0;1
REYYAZ;1;16.7.1957;1;0
KIZA;1;2.8.1933;0;1
SEFVET;1;23.6.1933;0;1
NURDAGNE;1;25.10.1965;0;1
PEYME;1;21.7.1954;0;1
DOGUGURKAN;1;11.11.1987;1;0
MILNIYE;1;12.8.1959;0;1
KHEDI;1;2.9.1981;0;1
HULEYDE;1;8.4.1985;0;1
NURICANDAN;1;18.8.1968;1;0
EKREMULEMIN;1;25.4.1992;1;0
DMITRI;1;14.3.1992;1;0
MUMINHAN;1;26.12.1965;1;0
SAVK;1;27.6.1981;0;1
NISAVIYE;1;12.7.1959;0;1
GULOZER;1;4.3.1965;0;1
VEZEFIYE;1;11.5.1960;0;1
KAYASEL;1;22.8.1931;0;1
YELMIRA;1;28.6.1966;0;1
DIRRUBA;1;20.4.1981;0;1
LUSEYLA;1;2.6.1978;0;1
FULDER;1;2.3.1992;0;1
M.TOLGA;1;2.3.1973;1;0
I.OZAN;1;29.2.1966;1;0
MEYREMSAH;1;10.6.1985;0;1
ESHRAT;1;1.8.1961;0;1
EPCET;1;7.7.1977;1;0
GULDURCAN;1;16.4.1944;0;1
HEMZET;1;16.12.1950;1;0
URUSTAM;1;14.6.1965;1;0
NILSEVIM;1;26.1.1978;0;1
ULKUMAY;2;22.12.1983;0;2
RUNERM;1;8.3.1964;0;1
FAGUS;1;14.10.1971;1;0
MUNTEHARE;1;24.5.1931;0;1
YASETIN;1;22.2.1961;1;0
GOSEY;1;21.7.1944;0;1
SEREFUNNISA;1;17.12.1945;0;1
GOREMEN;1;18.5.1941;1;0
MUNEZZIM;1;16.11.1963;1;0
PERRIHAN;1;22.4.1966;0;1
UGURBAN;1;7.6.1946;1;0
M.MACIT;1;3.5.1931;1;0
YURDABAK;2;23.5.1966;2;0
LESVEDIN;1;22.12.1949;1;0
ALRERCAN;1;9.1.1992;1;0
DILOROHON;1;16.6.1970;0;1
UZUMIYE;1;22.2.1967;0;1
BIRADER;1;4.2.1977;1;0
MUHTARIK;1;22.3.1949;1;0
EYYUPPASA;1;23.5.1948;1;0
ISAFER;1;7.4.1964;0;1
GULSEFAH;1;5.5.1963;0;1
TAMGULER;1;2.2.1981;0;1
BERASETTIN;1;22.11.1955;1;0
TALAYMAN;1;11.3.1983;1;0
RURHAN;1;15.2.1971;0;1
SABRINNISA;1;8.5.1964;0;1
SIVGANUR;1;16.8.1991;0;1
HAMSAT;1;2.8.1933;0;1
FAGMET;1;11.6.1969;0;1
ERBEL;1;15.7.1987;1;0
LAGMI;1;12.1.1947;0;1
YIGITIBRAHIM;1;25.2.1979;1;0
KOLFER;1;5.3.1936;0;1
SAFAYIR;1;21.11.1966;1;0
EZLIFAT;1;2.2.1957;0;1
MUSTEFA;1;2.2.1951;1;0
CANOGUL;1;14.11.1990;1;0
ENAAM;1;12.1.1974;0;1
DEMENGUL;1;3.11.1980;0;1
KUMUTAY;1;17.2.1968;1;0
SELFIR;1;12.6.1952;0;1
SENNIYAZ;3;2.1.1957;0;3
MUHAYYILE;1;29.6.1961;0;1
SANLIBEY;1;22.2.1961;1;0
NECATIYUCEL;1;20.11.1969;1;0
SALIHILKER;1;8.8.1983;1;0
PUPUZA;1;22.4.1931;0;1
M.GOKSEL;1;25.1.1955;1;0
MAHCEBINE;1;7.8.1946;0;1
SEYVEL;1;23.10.1970;0;1
MUVVECER;1;1.10.1954;0;1
ISKENDERHAN;1;16.6.1986;1;0
M.SAFDER;1;15.3.1949;1;0
EHSAT;1;22.2.1967;1;0
NURDIYAN;1;8.9.1960;0;1
SEDZIDA;1;2.1.1977;0;1
NURZA;1;1.2.1965;0;1
MUDDALIF;1;1.9.1964;1;0
SENELDEN;1;18.5.1955;0;1
RABIANURTEN;1;12.2.1941;0;1
MAKLIYME;1;6.6.1966;0;1
ZUMUREL;1;27.4.1972;0;1
GOSENAGO;1;17.4.1930;0;1
OZGURADEM;1;19.12.1980;1;0
NEZURIYE;1;26.2.1977;0;1
ABDURRAHAMN;1;4.5.1968;1;0
ALISEYFI;2;28.9.1956;2;0
REVINNAZ;1;16.5.1946;0;1
GURZAR;1;27.4.1984;0;1
NEVGIZ;1;10.9.1970;0;1
ABBASALIHAN;1;14.3.1953;1;0
ESBAHAT;1;13.5.1953;0;1
GULYETIR;1;12.2.1971;0;1
KUTRETDIN;1;19.10.1960;1;0
KERRAMI;1;20.6.1965;1;0
REBIYGA;1;16.7.1952;0;1
ALVINE;1;22.6.1973;0;1
GULMELIS;1;25.3.1991;0;1
CANSIMER;1;8.6.1988;1;0
ZUBIRIYE;1;6.2.1967;0;1
VILAYAT;1;19.3.1959;0;1
NAZLIMSAH;1;17.2.1954;0;1
KAYYUN;1;1.8.1961;1;0
MEREMSAH;1;17.8.1948;0;1
HURMANE;1;26.7.1960;0;1
NAZEHAT;1;24.12.1969;0;1
GUMREHAN;1;21.6.1982;0;1
ZULCUK;1;2.2.1957;0;1
KAFIKAR;1;25.5.1973;0;1
NEFRE;1;8.11.1950;0;1
MEHMETALIMURAT;1;23.5.1974;1;0
DONSEIR;1;17.2.1960;0;1
IKINAZ;1;13.12.1943;0;1
CEZZIM;1;7.7.1974;1;0
RAFAGUL;1;7.8.1970;0;1
SEBAADIN;1;8.10.1935;1;0
EMMANIYE;1;7.5.1962;0;1
AKSARA;1;12.2.1977;1;0
DOGANSAHIN;1;13.10.1978;1;0
AYSHANGUL;1;5.10.1975;0;1
MINAIL;1;9.5.1946;1;0
TUCAHAN;1;1.11.1977;0;1
MUDEYIR;1;24.2.1971;1;0
GUNHILAL;1;19.6.1955;0;1
ZAHSIYE;1;28.3.1955;0;1
EYHEN;1;7.2.1964;0;1
GULNAZENTI;1;22.8.1931;0;1
CULMEZ;1;19.4.1978;0;1
TUGBANER;1;27.1.1992;0;1
ENDERGUL;1;6.2.1981;0;1
NIHALGUL;1;4.5.1974;0;1
KOKMEM;1;3.2.1956;0;1
VECIYBE;1;21.5.1953;0;1
KAVSA;1;24.7.1981;0;1
MEYYEM;1;2.2.1957;0;1
PEHLILBIRDANE;1;27.11.1956;1;0
CICAR;1;14.12.1932;0;1
MIGRIBA;1;21.11.1969;0;1
BERRINHAN;1;9.2.1988;0;1
SEVMAY;1;17.3.1963;0;1
MURGANE;1;2.1.1957;0;1
ISNETULLAH;1;14.3.1959;1;0
DERYAGULU;1;9.6.1981;0;1
HIFSIKAAN;1;23.2.1978;1;0
BULUFER;1;17.2.1972;0;1
SUMELAY;1;2.1.1981;0;1
AMANTURK;1;17.2.1972;1;0
NAFIYLE;1;6.4.1989;0;1
MUSTAFATARIK;1;18.12.1973;1;0
GULKIYAS;2;6.10.1976;0;2
EFSIYE;1;2.2.1939;0;1
ZEMANIYE;1;8.9.1943;0;1
RABIAHATUN;1;22.4.1975;0;1
HULYAH;1;27.7.1974;0;1
FARZANE;2;21.3.1959;0;2
NEGAHHAN;1;1.2.1977;0;1
GULHIDAYET;1;26.4.1960;0;1
RECASIL;1;13.3.1974;1;0
RAHBILE;1;26.6.1971;0;1
GULFALETTIN;1;1.11.1971;1;0
CEVKET;1;7.2.1946;1;0
NUHDERYA;1;22.5.1970;1;0
BAHIDTIN;1;6.12.1963;1;0
CIRAHAN;1;6.5.1955;0;1
MELKAC;1;24.6.1980;1;0
DIRIL;1;27.2.1984;0;1
DURHATUN;1;21.2.1953;0;1
FEMRA;1;13.12.1960;0;1
IMECE;1;22.6.1968;0;1
ALIMIRZA;1;14.1.1935;1;0
FUZEM;1;29.6.1973;0;1
AYGEHAN;1;22.3.1986;0;1
VEHCI;1;10.3.1964;1;0
FEYM;1;17.10.1960;1;0
M.SAHABETTIN;1;30.5.1937;1;0
EFTALCAN;1;22.4.1991;1;0
QITAO;1;29.5.1964;0;1
ZUEL;1;12.5.1973;0;1
SAHSEYHMUS;1;10.5.1967;1;0
TECCELLA;1;2.2.1975;0;1
CADAN;1;2.7.1956;0;1
MEHMETHILMI;2;16.4.1967;2;0
ROHELAT;1;26.3.1975;0;1
LOBIT;1;23.3.1973;1;0
SERFILIZ;1;4.4.1963;0;1
ZELVINAS;1;30.7.1971;0;1
NEMYAN;1;6.11.1983;0;1
GULAZAD;1;15.3.1967;0;1
GULDIC;2;24.4.1974;0;2
ESIMGUL;1;12.2.1959;0;1
RIGER;1;15.4.1977;0;1
MIRSEVDDIN;1;17.8.1954;1;0
KENDEF;1;26.4.1952;0;1
MEYZA;1;23.3.1991;0;1
TAUS;1;11.8.1970;0;1
CEN;1;19.6.1980;1;0
CAGSELI;1;22.10.1991;0;1
ERPAT;1;3.8.1975;1;0
KHOLDON;1;9.3.1981;1;0
MECMEHAN;2;16.10.1961;0;2
KAZBAY;1;15.10.1939;1;0
UNSALDI;1;2.3.1963;1;0
SONDANUR;1;7.12.1939;0;1
GULSEVIHAN;1;7.11.1981;0;1
SENSIBANI;1;7.11.1942;0;1
MAHUSNE;1;2.3.1969;0;1
LUTHIYE;1;11.3.1943;0;1
NISAI;1;16.4.1962;0;1
SEKSABAN;1;17.11.1971;1;0
VELAATIN;1;2.10.1969;1;0
PAZEM;1;14.1.1957;0;1
RECUDIYE;1;20.3.1972;0;1
SIMERCAN;1;1.1.1;0;1
MAAPASA;1;2.8.1991;0;1
ZERIME;1;6.2.1938;0;1
ILFI;2;6.10.1962;0;2
MENDERESMUHCI;1;23.7.1977;1;0
DURCUCAN;1;1.7.1964;0;1
MERAATIN;1;17.3.1960;0;1
BILALEYUP;1;15.5.1985;1;0
VASIN;1;22.4.1937;1;0
REISHAN;1;24.1.1979;1;0
MEFAHARETTIN;1;28.12.1962;1;0
OMRUMUYE;1;11.10.1969;1;0
HUMARE;1;18.4.1980;0;1
CEZAATTIN;1;11.8.1983;1;0
HAFILMELEK;1;12.2.1947;0;1
PARISSA;1;26.8.1972;0;1
SEMIDI;1;22.2.1967;0;1
FEYZAM;1;9.11.1963;0;1
DEGIS;1;13.8.1976;0;1
SAHSIHANIM;1;7.2.1970;0;1
MAKRUME;1;12.8.1941;0;1
NUMANSABIT;1;29.10.1974;1;0
TULUYE;1;7.4.1946;0;1
MUGUNE;1;27.3.1956;0;1
AHMETSEVKAT;1;12.2.1947;1;0
FARIC;1;7.3.1964;0;1
MARETE;1;12.4.1941;0;1
CUMAIYE;1;11.4.1961;1;0
TEMAMIL;1;27.5.1974;1;0
DURFANIYE;2;2.4.1940;0;2
ERZAM;2;15.8.1970;2;0
BEDER;1;7.3.1970;1;0
AZEP;1;12.11.1953;0;1
NICADE;1;23.2.1959;0;1
BOSDAN;1;14.11.1968;0;1
MUHAMMETIKBAL;1;12.5.1982;1;0
RUHUBEY;1;2.2.1969;1;0
MINZIRE;1;24.6.1965;0;1
GUNGORBEY;1;28.12.1963;1;0
ABDULNAKIP;1;2.8.1987;1;0
ABIYDE;2;19.3.1969;0;2
PUPULI;1;22.8.1919;0;1
TEYMETTIN;1;28.3.1959;1;0
MIZRAHI;1;27.2.1962;1;0
MAHBIRIYE;1;24.2.1979;0;1
REFAIR;1;6.6.1950;1;0
SEMIYHE;1;17.10.1966;0;1
CANISTE;2;28.9.1972;0;2
SUHIB;1;10.1.1982;1;0
MESLUN;1;10.7.1979;1;0
SENELDIN;1;3.10.1956;1;0
ZEBIKE;1;3.3.1959;0;1
GOZDECICEK;1;19.7.1987;0;1
BERKANHAN;1;24.7.1991;1;0
EFVANI;3;17.7.1965;0;3
IZMIRIYE;1;14.2.1957;0;1
BEIZA;1;27.9.1988;0;1
KUCUKHALA;1;12.12.1974;0;1
MINUBE;1;26.11.1976;0;1
KILINCALI;1;1.1.1;1;0
SAAMDER;1;2.4.1975;0;1
HALADUDU;1;16.5.1963;0;1
ZEVAS;1;27.8.1979;0;1
SUFAYAT;1;11.5.1975;0;1
LEVIME;1;1.3.1961;0;1
ISMINCIR;1;13.9.1928;0;1
CANAK;1;26.4.1983;0;1
RUHSULAR;1;6.3.1968;0;1
FERNEYAZ;1;2.8.1951;0;1
TAKIS;1;17.2.1972;1;0
HURITEN;1;16.6.1935;0;1
LEVENGUL;1;26.2.1966;0;1
NAZEYYEN;1;22.8.1949;0;1
UCRETTIN;1;28.8.1965;1;0
MURZETTIN;1;16.3.1974;1;0
NURUSSEME;1;27.2.1956;0;1
HACIYUNUS;1;6.10.1983;1;0
MUTAIM;1;1.2.1979;1;0
EFFANE;2;24.7.1971;0;2
SECBUN;1;17.3.1976;0;1
MUSTEADDIN;1;24.12.1934;1;0
LESE;1;14.1.1961;0;1
ERCANHAN;1;3.3.1979;1;0
ZUNNURU;1;22.2.1967;1;0
KANBI;1;5.8.1973;1;0
SERAHSI;1;26.1.1986;1;0
MACATA;1;22.4.1956;0;1
SAYIMNUR;1;2.2.1950;0;1
TULIDE;1;29.3.1963;0;1
GULAVRI;1;7.5.1940;1;0
EHFANI;1;3.7.1951;0;1
YURTTAER;1;26.10.1965;1;0
BAKADAGUL;1;27.2.1956;0;1
ASIMBEY;1;16.7.1968;1;0
SUILET;1;9.5.1991;0;1
IPIS;1;21.7.1939;1;0
NILYAN;1;6.12.1974;0;1
TAIBER;1;2.2.1951;0;1
CEMANIYE;1;8.6.1941;0;1
GECGIN;1;6.7.1968;1;0
VEZNEHAR;1;17.2.1948;0;1
ISBAHA;1;7.8.1979;1;0
AYBENAY;1;4.10.1974;0;1
SAKIE;1;22.4.1967;0;1
CAMBAT;1;27.5.1962;1;0
NACIGE;1;22.5.1967;0;1
SUTKADIN;1;15.12.1960;0;1
TAVBIY;1;26.2.1963;1;0
GUNEYDIN;1;7.4.1975;0;1
GOSMAGA;1;17.7.1945;0;1
ZALLAK;1;3.4.1969;1;0
ZULHUNA;1;4.7.1952;0;1
VAHUDE;1;1.5.1952;0;1
IREMSU;1;20.10.1990;0;1
ATARKAN;1;14.4.1980;1;0
LEFZE;1;14.6.1949;0;1
NARHATEM;1;21.12.1942;0;1
MUHUBBIYE;1;19.2.1939;0;1
ZULEYMAN;2;27.10.1951;0;2
HUDAYASUKRU;1;16.6.1954;1;0
IKRARI;2;10.6.1967;2;0
BERAHITDIN;1;11.2.1966;1;0
RUPET;1;27.8.1961;1;0
FATLOS;1;30.6.1974;0;1
NUTDUYE;1;29.11.1974;0;1
GEVIR;1;14.4.1953;0;1
MEZIBAHA;1;17.12.1966;0;1
FERGANI;2;30.7.1978;2;0
SIDHET;1;19.3.1987;0;1
MINRICAN;1;17.2.1990;0;1
VISA;1;11.6.1978;1;0
KOKSEM;1;11.5.1951;1;0
YASEMET;1;10.7.1977;0;1
NAVIDIYE;1;22.3.1967;0;1
NURISSEMA;1;27.2.1974;0;1
OGCA;1;1.12.1985;1;0
LAFAATTIN;1;1.6.1965;1;0
DILVANI;1;3.9.1969;1;0
AFFANIYE;5;20.11.1958;0;5
LEFIK;2;29.2.1943;1;1
EFKANIYE;1;12.4.1941;0;1
RUZHANI;1;12.6.1959;0;1
URESOY;1;16.2.1945;0;1
MAFFERI;1;22.2.1976;0;1
ZEYNEBHANIM;1;3.1.1956;0;1
NURCEMALI;1;26.3.1965;0;1
KUZUTIYE;1;25.10.1943;0;1
CIHADULLAH;1;8.12.1978;1;0
RUHTANIYE;1;22.8.1931;0;1
MAIDEH;1;22.8.1967;0;1
FEZILLAH;1;21.5.1944;1;0
MEVZUF;1;28.3.1953;0;1
NE;1;2.4.1981;1;0
BESKIZ;1;17.2.1966;0;1
NEVRUYE;1;26.7.1951;0;1
ERVAHIL;1;18.2.1971;1;0
ZALFINAZ;1;11.2.1955;0;1
OMURSOY;1;2.12.1958;1;0
ANEFI;1;11.10.1957;1;0
OLIA;1;13.4.1968;0;1
KOSMEN;9;26.3.1966;0;9
BUDI;3;14.1.1944;0;3
KEHAP;1;22.4.1967;1;0
AKSEYIT;1;7.8.1934;1;0
GULUNYAG;1;18.11.1978;0;1
LEHIKA;1;4.4.1969;0;1
MARCIN;1;2.9.1975;0;1
TAPSIYE;1;7.3.1958;0;1
FASULYE;1;7.2.1958;0;1
GEMICI;1;9.8.1982;1;0
SELEFE;2;17.3.1956;0;2
ZOYNO;1;12.5.1977;0;1
ZOHINE;1;15.4.1957;0;1
GEYVEY;1;6.8.1973;0;1
KUTUNE;1;12.2.1953;0;1
NUHAYYET;1;29.3.1954;0;1
SAMILIYE;1;12.2.1959;0;1
AFRASIN;1;30.10.1944;1;0
BINBELLA;1;2.9.1966;1;0
BENLIBAHAR;1;9.4.1950;0;1
NIKHAN;1;5.5.1932;0;1
CILEZ;1;1.5.1938;0;1
ROJINE;1;9.5.1990;0;1
HAYIRNISAN;1;26.4.1975;0;1
HECIBA;1;11.2.1981;0;1
NURGI;1;7.2.1976;0;1
MENEUSE;1;26.4.1990;0;1
OFLAZIYE;1;16.4.1957;0;1
ADUBIHANIM;1;15.4.1929;0;1
SAHSEMINE;1;13.11.1963;0;1
BODIH;1;2.8.1939;0;1
GULPERVIZ;1;11.10.1973;0;1
CEZABIYE;1;7.3.1982;0;1
GOLMEZ;1;27.2.1950;0;1
SEREFARIF;1;13.6.1962;1;0
PERZILE;1;17.2.1954;0;1
GABRIELLE;1;24.11.1961;0;1
CATALYUREK;1;17.4.1954;1;0
FANILE;1;17.2.1954;0;1
GEVIYE;2;21.11.1959;0;2
DURDUM;1;6.7.1943;1;0
NURISMAIL;1;7.6.1990;1;0
BAMYE;1;27.7.1936;0;1
KOPELI;1;17.2.1942;1;0
YENIHAN;1;9.5.1940;0;1
NERIFAN;1;22.6.1973;0;1
BENLIALI;1;18.3.1937;1;0
SEVIMDIK;1;8.6.1964;0;1
MIYAMIN;1;17.2.1978;1;0
ELLILIK;1;17.3.1950;0;1
MERVASIYE;1;22.2.1967;0;1
NUCIBIYE;1;26.9.1941;0;1
ASURAY;1;14.7.1953;0;1
TUTAR;1;15.7.1938;1;0
IFTIAR;1;26.6.1954;0;1
SERDENEM;1;24.12.1967;0;1
MUDERRES;1;2.10.1975;1;0
NURBAGNIYE;1;7.2.1982;0;1
TEVAR;1;25.12.1960;1;0
EMIRKIZ;1;12.11.1958;0;1
SUDDUKA;1;22.2.1979;0;1
SAMMIYE;1;22.2.1955;0;1
GULNURCAN;1;5.6.1971;0;1
DUHRI;1;27.2.1974;1;0
ZUFET;1;27.2.1930;0;1
FIRALE;1;15.5.1980;0;1
TEVREKE;1;21.2.1950;0;1
SULUSU;1;30.4.1961;1;0
HICAYI;1;11.10.1968;1;0
BIRTICE;1;25.9.1971;0;1
FERZAFER;1;12.6.1941;0;1
NAZMUYE;1;10.4.1957;0;1
KOSTER;1;28.5.1943;0;1
KURJETDIN;1;29.2.1973;1;0
EVREGUL;1;12.2.1977;0;1
BABACI;1;2.9.1973;1;0
ATANKEY;1;22.2.1985;1;0
NIHUL;1;8.6.1964;0;1
HATEMULLAH;1;6.1.1980;0;1
CANERGIN;1;15.8.1975;1;0
AKASIYA;1;26.9.1970;0;1
MUHTESAR;1;21.3.1966;1;0
EMMINUR;1;19.7.1945;0;1
VEZIRAGA;2;23.9.1951;2;0
CANCIHAN;1;6.2.1984;1;0
HAZARCAN;1;14.3.1989;1;0
ERGULMEZ;1;14.4.1978;1;0
IMMAHAL;1;1.6.1952;0;1
BABORI;1;26.4.1940;1;0
SIMILSA;1;15.8.1958;0;1
KATTES;1;11.2.1969;0;1
AGYASAR;1;22.8.1937;1;0
AFIYIN;1;15.3.1933;0;1
CAGSAL;1;29.8.1978;1;0
OZAK;1;20.5.1991;1;0
FIZIL;1;13.5.1951;1;0
MUHSIMET;1;12.2.1947;0;1
KAVAYA;1;21.2.1953;0;1
VUCEHA;1;18.11.1967;0;1
MUYIP;1;7.8.1934;1;0
CENKOGLU;1;4.6.1955;1;0
HALEVET;1;8.8.1964;1;0
MUKATDIVE;1;16.6.1955;0;1
SETDUDE;1;16.4.1959;0;1
SOFEYLEN;1;27.12.1962;0;1
ANEGUL;1;4.11.1962;0;1
EKDAG;1;22.8.1968;0;1
SELFATI;1;19.7.1971;1;0
MEMSIRE;1;12.7.1965;0;1
ABDILSEMAT;1;22.8.1955;1;0
AKMUSTAFA;1;7.6.1961;1;0
NURAFER;2;6.9.1975;0;2
BORU;1;1.6.1975;1;0
ALICABBAR;1;15.4.1972;1;0
EFFABI;1;12.11.1969;1;0
ZEYNELALI;1;16.6.1971;1;0
TEVRIM;1;16.4.1976;0;1
SAHEYDER;1;17.3.1966;1;0
TEFTE;1;1.1.1;0;1
NURIKAN;1;5.11.1967;1;0
VASVIDIL;1;18.12.1944;1;0
CANEREN;1;2.4.1984;0;1
KASIMAGA;1;7.2.1950;1;0
MEMMEDAGA;1;9.9.1986;1;0
AYSEGULCAN;1;26.3.1986;0;1
REZBAN;1;1.1.1985;0;1
PETIK;4;10.9.1945;0;4
VENISAN;1;28.3.1929;1;0
MUSTANTIK;1;4.6.1965;1;0
FIRZEYE;1;26.7.1954;0;1
NURCAMIYE;1;17.1.1981;0;1
ZELINUR;1;5.3.1965;0;1
SAVRAT;1;2.3.1960;1;0
SAHANDEME;1;16.6.1970;0;1
ELVANGENC;1;2.2.1981;0;1
MALIKAN;1;26.5.1977;0;1
CUVADAR;1;17.3.1960;1;0
FERNIYE;1;22.11.1952;0;1
FIIRE;1;17.8.1991;0;1
PERIFAN;1;1.6.1956;0;1
EKVER;1;8.4.1942;0;1
GOKSUNAY;1;27.9.1987;1;0
ERTEGUNHAN;1;22.1.1991;1;0
GULHUDAN;1;23.11.1983;0;1
SEZDAR;1;27.2.1974;1;0
BATUK;1;26.12.1935;1;0
DENNE;1;21.6.1945;0;1
ESLEN;1;7.3.1946;1;0
SUNGURCAN;1;1.1.1991;1;0
MEYDEM;1;7.6.1975;0;1
HASSET;1;27.8.1973;0;1
SEVINGE;1;7.7.1934;0;1
NURMERAL;1;25.1.1967;0;1
KABIME;1;20.3.1951;0;1
SEBENEN;1;15.3.1959;0;1
HALDUNENDER;1;3.5.1974;1;0
KIRAAT;1;27.4.1944;0;1
SAMIYEN;1;1.1.1978;0;1
CAVIZAN;1;7.2.1964;0;1
KUNIRIH;1;21.12.1965;0;1
GURGIZ;2;17.2.1963;0;2
SABAYI;1;22.6.1961;1;0
GENCOHAN;1;13.12.1987;1;0
M.ALPAY;1;28.8.1965;1;0
NURZADIYE;1;8.1.1980;0;1
NIAVA;1;10.10.1928;0;1
SEDDAL;1;11.6.1974;1;0
SEMSIETTIN;1;29.4.1962;1;0
DURNEVI;1;22.4.1946;0;1
SERYAP;1;30.6.1952;0;1
SIMENGULSUM;1;7.2.1976;0;1
ADABUK;1;3.1.1987;1;0
FENDIYA;1;21.3.1976;0;1
ELMINA;1;11.1.1964;0;1
NADAMI;1;7.3.1955;1;0
SAMKIZ;1;21.3.1964;0;1
METLUBA;1;22.7.1977;0;1
EFTARETTIN;1;12.10.1965;1;0
HUHEYDA;1;11.3.1982;0;1
METEHAKAN;1;20.2.1975;1;0
MURFUDUYE;1;25.5.1956;0;1
GIYAVER;8;11.2.1959;0;8
ERSUNALP;1;9.3.1977;1;0
IBKAR;1;3.12.1939;1;0
MEYUS;1;22.2.1949;0;1
MERZIGAH;1;12.4.1959;0;1
SAVKET;1;7.2.1970;1;0
OZSEMA;1;27.11.1984;0;1
EMINEZ;1;2.2.1957;0;1
UNZILET;1;10.12.1958;0;1
ILMINAR;1;27.2.1956;0;1
ZOLEYHAT;1;2.8.1945;0;1
DESMINUR;1;26.5.1948;0;1
KAYDELI;1;7.12.1978;1;0
NURGOZEL;1;2.2.1967;0;1
GUNESAKIN;1;3.4.1979;1;0
MAVLIZE;2;22.12.1973;0;2
GAMILI;1;2.4.1963;1;0
PERIAD;1;21.3.1964;0;1
AFIYLE;1;11.5.1945;0;1
EFHANIM;1;11.12.1985;0;1
ZELKIZAR;1;12.8.1947;0;1
SOYMEN;1;7.2.1952;1;0
SEMISAN;1;1.4.1961;0;1
MUSEYINE;1;12.6.1970;0;1
VUGAC;1;7.7.1986;1;0
HALIZET;1;21.2.1958;1;0
SEHSETTIN;1;8.8.1956;1;0
NIHATTES;1;30.10.1974;0;1
ONSOY;1;26.5.1979;1;0
KEHIBE;2;3.6.1981;0;2
GUSSEL;1;8.6.1964;0;1
ENKADIR;1;2.12.1969;1;0
OZCIMEN;1;20.10.1965;0;1
TEVEKGURE;1;8.2.1958;0;1
SATINURAY;1;26.3.1976;0;1
AVISEL;1;11.11.1961;0;1
HINCAR;1;20.2.1974;1;0
GOZELIM;1;1.3.1938;0;1
MIIKAEL;1;10.5.1991;1;0
AHMETHAKKI;1;12.10.1965;1;0
MUHAMMETCEM;1;14.7.1972;1;0
OZKUNT;1;5.11.1970;1;0
IURMIUS;1;30.10.1942;0;1
HACIARAP;3;6.5.1949;3;0
FAIRDA;1;12.8.1977;0;1
SADUNUZ;1;19.12.1957;1;0
ERMINYA;1;6.4.1954;1;0
CUNEYTERHAN;1;3.4.1971;1;0
MUBAZIRE;1;11.7.1930;0;1
ZEKARETTIN;1;17.6.1966;1;0
CANEK;1;17.4.1990;1;0
NUHSADI;1;16.3.1964;1;0
GUNLIGAR;1;13.7.1940;0;1
SEHSI;1;1.4.1956;0;1
GUNCEFER;1;18.8.1967;0;1
MARUD;1;23.6.1962;1;0
OSMANNACI;1;1.8.1985;1;0
GOKHACI;1;6.1.1967;1;0
DENIZKADIN;1;7.2.1958;0;1
HUBIYA;1;12.3.1941;0;1
OKNAY;1;9.5.1966;1;0
SIHHASIBE;1;26.3.1941;0;1
ALPCIHAN;1;11.8.1986;1;0
SERIYHAN;1;11.3.1981;0;1
ZUBUTE;1;1.4.1966;0;1
PENZEHIR;1;18.3.1948;0;1
BAHRIMAN;1;16.12.1940;0;1
ANILAYDIN;1;9.4.1989;1;0
TEHUDE;1;25.12.1972;0;1
HURICE;1;5.4.1963;0;1
CEMBULUT;1;2.6.1976;1;0
DOGABIR;1;17.2.1960;1;0
YASINALP;1;18.9.1987;1;0
HAKKARIYE;1;2.4.1975;0;1
ELIFDIDEM;1;1.9.1989;0;1
MERDOGDU;1;21.5.1970;1;0
SERNIYAZ;1;25.6.1951;0;1
CEMAZINUR;1;16.4.1949;0;1
DAGYARDI;1;17.2.1966;1;0
SEHZAIL;1;27.2.1956;1;0
SEDRE;1;12.8.1929;0;1
MUJAT;1;30.6.1951;1;0
TAHIMUR;1;3.5.1953;0;1
MEHMETBUROL;1;20.5.1969;1;0
NURDADUR;1;19.1.1948;0;1
DUSRAN;1;1.4.1990;0;1
MAGMUT;1;27.3.1974;1;0
FEZAYIN;1;18.3.1984;1;0
HARNISE;1;12.2.1965;0;1
ZUVIDIYE;1;21.12.1956;0;1
TURAKES;1;26.6.1972;1;0
SEYDINNISA;1;4.4.1957;0;1
DURSUNAR;1;1.7.1966;0;1
MUHAMMEDCIHAD;1;19.10.1991;1;0
DILABER;1;28.11.1978;0;1
HANTURK;1;25.2.1985;1;0
REFKIYA;1;2.6.1963;0;1
HIZBA;1;3.2.1979;0;1
FERODON;1;22.3.1950;1;0
GONCAMINE;1;8.4.1979;0;1
GULMAVUS;1;16.1.1957;0;1
TEVEGUL;1;16.8.1963;0;1
VULDAN;1;12.2.1971;0;1
BINNEHAR;1;28.12.1953;0;1
MASKA;1;2.5.1969;0;1
SUHHAT;1;15.6.1968;1;0
IZDAHAR;1;14.11.1991;0;1
VEZIRULLAH;1;12.3.1983;1;0
MATGUL;1;9.7.1962;0;1
SUBEYER;1;17.7.1963;0;1
KIRAYHAN;1;6.11.1981;1;0
NECAFIYE;1;6.10.1974;0;1
SAHIDEGUL;1;16.8.1975;0;1
ORUCBEY;1;3.10.1980;1;0
SEVGIYAR;1;28.1.1962;0;1
ZEYNIKE;1;4.10.1939;0;1
KELIGME;1;10.11.1972;0;1
FERRAMIS;1;23.10.1972;1;0
DAMAHAN;1;2.3.1951;0;1
TEZO;1;12.2.1947;0;1
HULOSU;1;1.2.1967;1;0
RESHAT;1;16.10.1946;1;0
SERAAN;1;1.3.1971;0;1
YAYDIN;1;17.2.1960;1;0
MIRZ;1;21.12.1968;1;0
AKBORA;1;26.10.1969;1;0
HUMINE;1;2.2.1939;0;1
SEJLA;1;2.3.1957;0;1
NIDAYIALI;1;17.2.1967;1;0
MUCIFE;1;19.8.1957;0;1
NIKAILE;1;2.2.1975;0;1
HUSEYINDEDE;1;21.4.1975;1;0
ILKHUR;1;12.4.1982;0;1
GULNERI;1;16.10.1958;0;1
KEMZE;1;28.6.1968;0;1
KAGMURAN;1;11.12.1972;1;0
KERAMU;1;16.6.1963;1;0
ALLIYETER;1;23.4.1950;0;1
CEVLAN;1;27.11.1974;0;1
HAZINKAR;1;21.4.1958;0;1
ZUHTUCAN;1;19.7.1989;1;0
SUHBEN;2;1.3.1963;0;2
NECLAFETTIN;1;25.10.1955;0;1
FAZBAS;1;26.5.1967;1;0
BIRTAD;1;23.1.1973;1;0
SEPAHAT;1;16.2.1961;0;1
AVEN;1;12.8.1977;0;1
UMMUR;1;26.7.1981;1;0
ULBAY;1;20.5.1973;1;0
GURSEYIN;1;16.11.1944;0;1
MUGAYLAN;1;25.5.1960;0;1
GUSSUYEBIL;1;5.10.1968;0;1
YURTKEN;1;3.1.1937;1;0
BALIA;1;3.11.1966;0;1
SALIMGUL;1;7.9.1958;0;1
FURDUSI;1;18.5.1962;1;0
YURKUL;1;26.10.1952;0;1
SALMINAZ;1;2.3.1945;0;1
MIRADEM;1;16.3.1961;1;0
UZENGIYE;1;17.7.1936;0;1
METEIL;1;9.6.1975;1;0
KEMALEYE;1;25.10.1972;0;1
AYTAGUL;1;10.10.1953;0;1
MUSTEHAK;1;1.6.1949;1;0
GULTAKI;1;3.2.1963;0;1
TELLASE;1;2.11.1975;0;1
BERZEM;1;15.5.1973;0;1
MUSAMATTIN;1;8.6.1946;1;0
YARPIZ;1;17.12.1963;0;1
HURUNUZ;1;8.2.1966;0;1
MUSTAFADEDE;1;11.6.1951;1;0
GULOMUR;1;30.4.1974;0;1
OSEB;1;17.8.1936;1;0
HANY;1;3.3.1976;1;0
MAYENGUL;1;28.7.1960;0;1
ALIBIRDIR;1;15.10.1965;1;0
MUHDAR;1;3.2.1961;1;0
KAMANKIZ;1;12.2.1957;0;1
CEVRALI;1;5.3.1939;1;0
BEKISA;1;12.6.1941;0;1
MEYHAT;1;28.9.1982;0;1
MUSTAFALATIF;1;27.5.1980;1;0
IRMAB;1;6.3.1968;0;1
ANILSU;1;15.5.1990;1;0
FEREDE;1;19.10.1968;0;1
NIZARIN;1;7.3.1957;0;1
ULUGSAD;1;21.10.1973;1;0
FERIDEBETUL;1;17.10.1976;0;1
TEVKETTIN;1;1.6.1935;1;0
HAFIZOSMAN;1;16.3.1970;1;0
RUKKAN;1;21.3.1963;0;1
HANIMSEH;1;18.2.1948;0;1
CANKADER;1;27.5.1967;1;0
SUHAYYIBI;1;16.3.1952;1;0
NAILLE;1;22.11.1965;0;1
HAMMEZ;2;29.7.1948;0;2
MEKERREME;1;12.7.1965;0;1
MELHUZE;1;24.10.1949;0;1
MURUME;1;1.1.1;0;1
CUMDIYE;1;6.1.1945;0;1
KEDIS;1;16.4.1929;0;1
ZEYNEPSULE;1;17.10.1951;0;1
UREYFE;1;12.7.1963;0;1
KOKGULU;1;12.2.1953;0;1
GUNGORAN;1;21.2.1990;1;0
GURALEV;1;20.5.1982;0;1
ETINGU;1;28.1.1985;0;1
MUHTESEME;1;14.10.1959;0;1
TAHAALP;1;11.1.1989;1;0
SULAHE;1;1.2.1937;0;1
MEHMETMUHTEREM;1;8.12.1968;1;0
ULKUF;1;2.2.1969;1;0
MUFSAR;1;23.4.1934;1;0
BOYLA;1;11.8.1975;0;1
SADIZ;1;17.9.1966;1;0
GIZEMCAN;1;3.8.1991;0;1
AKITAP;1;26.4.1969;0;1
DISAD;1;22.12.1982;0;1
GERINE;1;4.2.1964;0;1
JAVER;1;11.11.1961;0;1
MUSHANETTIN;1;29.3.1963;1;0
NIHALGANI;1;2.6.1957;1;0
TANRIUVER;1;2.1.1957;1;0
MECMULE;1;2.2.1957;0;1
GIYZE;1;22.5.1988;0;1
BINBASAR;1;11.4.1961;1;0
NECLAVET;1;22.2.1967;0;1
FIRDESIYE;1;11.6.1973;0;1
SUANNER;1;12.2.1977;0;1
BELKUYA;1;17.3.1940;0;1
SEVGIDAT;1;21.9.1959;0;1
OLATIF;1;12.3.1955;1;0
TALUHAN;1;17.9.1972;1;0
SITAHI;1;29.2.1956;0;1
MERFE;1;21.3.1974;0;1
CASIN;1;27.8.1962;1;0
NORITSA;1;28.9.1943;0;1
GULGAZEL;1;4.4.1939;0;1
OZZEL;1;23.10.1970;1;0
TENASUL;1;7.4.1964;0;1
NAVRUSA;1;7.2.1940;0;1
NOZET;1;12.2.1953;0;1
SEHERDENIZ;1;30.2.1975;0;1
ESENIA;1;3.3.1981;0;1
MERDIYERECEP;1;25.10.1953;0;1
JURGITA;1;27.4.1977;0;1
TAMDOGAN;1;7.7.1965;1;0
BIRGIYE;1;29.6.1962;0;1
ALIMIRAZ;1;11.2.1976;1;0
PEKINSEL;1;11.10.1961;1;0
NANNI;1;9.5.1927;0;1
SUNATULIN;1;23.6.1974;0;1
DUREGLEN;1;12.11.1959;1;0
YESUKAY;1;9.3.1990;1;0
APTILA;1;2.11.1969;0;1
NETIKA;1;17.6.1973;0;1
HASGULUN;1;17.6.1983;0;1
AYYURT;1;2.1.1971;1;0
EFLANI;2;10.12.1949;1;1
HACIYAMIN;1;17.2.1972;1;0
GOULJANAT;1;9.2.1974;0;1
ZUMLETE;1;14.10.1991;0;1
BADEESER;1;16.6.1983;0;1
NECAFI;1;2.8.1969;1;0
YURCAR;1;16.5.1961;0;1
LEMURET;1;26.4.1970;0;1
SEVATTIN;1;6.7.1964;1;0
HAYNUSA;1;9.10.1969;0;1
ELIFSIFA;1;8.7.1988;0;1
SEHENDAM;1;12.8.1962;0;1
MAHCURA;1;18.1.1946;0;1
ISMIGULSEN;1;9.12.1957;0;1
TOPNUR;3;2.7.1965;0;3
DUVAZIYE;1;8.4.1928;0;1
MAHMUTIZZETTIN;1;14.3.1980;1;0
RESULEMIN;1;21.2.1951;1;0
BEHLA;1;6.3.1962;0;1
REZIHE;1;27.4.1937;0;1
SONSUZER;1;24.3.1953;1;0
ESINDENIZ;1;17.2.1978;0;1
SABANSELCUK;1;6.12.1970;1;0
EMRAYIM;1;6.3.1975;1;0
URUKKIYE;1;17.2.1942;0;1
EKSEMUL;1;7.3.1952;0;1
SELVEREN;1;14.3.1951;0;1
NEVCIMEN;1;26.7.1960;0;1
E.TALIP;1;16.1.1992;1;0
CEMALDEDE;1;17.1.1972;1;0
HARRINISA;1;12.1.1944;0;1
ERIMSAL;1;23.2.1961;0;1
AYTENSU;1;11.9.1940;0;1
SAHINDEDE;1;22.8.1955;1;0
MUSADETTIN;2;29.1.1942;2;0
KEBAH;1;16.4.1968;0;1
SAFIAT;1;22.3.1961;0;1
HUZUETTIN;1;10.6.1970;1;0
MIHRELI;1;23.4.1949;1;0
AZUL;1;27.5.1963;0;1
INMIGULSUM;1;17.1.1978;0;1
GULARI;1;16.5.1945;0;1
FERDIA;1;1.10.1984;0;1
IFFEY;1;5.12.1951;0;1
SEHERDE;1;21.2.1954;0;1
BERBAR;1;7.6.1963;0;1
LAMIAH;1;7.8.1958;0;1
NEMSURIYE;1;7.2.1964;0;1
GULCIRAK;1;17.11.1951;0;1
FERUGUL;1;21.8.1970;0;1
MUYASEL;1;7.7.1940;0;1
BURZU;1;22.7.1972;1;0
NASIGUL;1;16.3.1953;0;1
EKREMTARIK;1;6.12.1990;1;0
ZIHDI;1;6.8.1975;0;1
ERHULUSI;1;19.5.1940;1;0
TAVI;1;2.2.1969;0;1
HURMU;1;25.5.1935;0;1
SUYUMBIKE;1;22.3.1987;0;1
FUAN;1;14.4.1965;1;0
BUNJAMIN;1;5.9.1979;1;0
MEYMUNEH;1;24.9.1990;0;1
SEHELIYA;1;17.6.1958;0;1
ZELFIKAR;1;16.5.1953;0;1
MEHVESHULYA;1;28.7.1965;0;1
UMMIBAYDE;1;1.4.1961;0;1
ASYIE;1;12.8.1983;0;1
IBRAHIMMURAT;1;13.2.1991;1;0
SAYHETEN;1;16.7.1951;0;1
FERAHNISA;1;10.9.1961;0;1
NAVRUZIBANI;1;13.8.1929;0;1
ALPKUTAY;1;8.9.1984;1;0
SUMMANE;1;7.2.1964;1;0
ABATAY;1;27.8.1950;0;1
CULUCE;1;22.3.1949;0;1
ALTAYBEY;1;5.4.1980;1;0
M.NIGAR;1;27.7.1956;0;1
GUNEGLEN;1;2.12.1957;0;1
ZELHIGA;1;3.4.1951;0;1
YILDIZBEY;1;12.5.1971;1;0
TANLER;1;30.2.1968;1;0
MERBUBIYE;1;10.3.1952;0;1
SERVIDAL;1;9.4.1967;0;1
ZEVCEL;1;9.3.1946;0;1
KULBIYE;1;6.4.1943;0;1
HABILAZ;1;22.6.1931;0;1
ITINAZ;1;23.4.1955;0;1
HEYRENSE;1;18.1.1971;0;1
IMAMIYE;1;11.3.1937;0;1
MERCANCAN;1;10.7.1950;0;1
GULSIKEN;1;29.6.1968;0;1
MARYANTIN;1;16.12.1944;0;1
SEMIRAG;1;12.3.1958;0;1
ZURNURIYE;1;5.11.1937;0;1
MARIANELA;1;3.2.1951;0;1
BELKIYSE;1;26.3.1965;0;1
TAGADDIN;1;9.3.1949;1;0
GULNIGMET;1;9.4.1958;0;1
DURYANE;1;2.3.1938;0;1
NAADET;1;18.6.1952;0;1
MEHMETI;1;26.8.1950;1;0
AVLIYA;1;29.3.1940;0;1
PURMEHAR;1;17.8.1954;0;1
BULTAY;1;10.11.1984;0;1
SIGMAL;1;9.9.1949;0;1
ZULBIYAN;1;27.2.1956;0;1
EVZEHAN;1;25.1.1961;0;1
ALINECDET;1;7.8.1934;1;0
SEBAIYI;1;17.2.1978;0;1
TENDAN;1;22.6.1937;0;1
SAHGUN;1;23.10.1991;1;0
SULYAZ;1;21.1.1955;0;1
BEYGUZE;1;15.5.1951;0;1
NAMIN;1;24.1.1978;0;1
ELFATUN;1;22.2.1979;1;0
VEHBIMERT;1;14.1.1971;1;0
BAGCI;1;27.2.1956;1;0
LALIPAR;1;22.1.1932;0;1
MENNOS;1;5.5.1955;0;1
CEMKIZ;1;13.5.1930;0;1
BULEK;1;25.12.1935;0;1
ADEYI;1;3.5.1969;0;1
KOHERI;1;9.6.1932;0;1
MUHTENER;1;17.8.1972;0;1
GIYABIYE;1;12.9.1953;0;1
SAHIBRAHIM;1;14.1.1971;1;0
TEVHIDAN;1;13.11.1932;0;1
AKCABEY;1;10.5.1932;1;0
HACIEBE;1;24.1.1958;0;1
SELAHIYET;1;30.9.1972;1;0
HEDIMANA;1;28.6.1948;0;1
EGENART;1;17.11.1991;1;0
GIDNINA;1;20.10.1969;0;1
SUNTUSE;2;11.3.1956;0;2
DUNSER;1;6.2.1962;0;1
UNUGUR;1;21.8.1945;0;1
REVASILE;1;6.6.1955;0;1
FERTANET;1;11.2.1979;0;1
ABDULBATIN;1;23.9.1985;1;0
CEMILEIJLAL;1;26.6.1971;0;1
FADIMETI;1;29.3.1984;0;1
BULKER;1;26.1.1978;0;1
HIMAYA;1;7.5.1964;0;1
NESEMETTIN;1;13.9.1948;1;0
HEVINDAR;1;1.11.1991;0;1
OMERAYDIN;1;13.9.1940;1;0
CANSENE;1;6.4.1992;0;1
HOSNAF;1;12.9.1971;1;0
IKISAT;1;25.4.1953;1;0
SUCAHETTIN;1;24.4.1955;1;0
SADIKALI;1;21.3.1986;1;0
NIGKAR;1;15.4.1966;0;1
MAHBUN;1;27.8.1932;0;1
RUZEYNE;1;3.6.1988;0;1
DURTUR;1;12.5.1942;0;1
ZULHIDZE;1;10.4.1970;0;1
ZAROHI;1;9.12.1951;0;1
PERTAN;1;27.8.1968;1;0
NESETCAN;1;18.2.1992;1;0
EDACAN;1;11.11.1981;0;1
JUSTEN;1;5.10.1963;1;0
IMAMBEY;1;18.3.1960;1;0
HATICESEVINC;1;23.11.1976;0;1
MISLENA;1;5.3.1956;1;0
S.GUL;1;16.3.1975;0;1
EMURDAR;1;26.2.1954;1;0
MURSELIF;1;28.10.1980;1;0
SERVISAH;1;12.8.1917;0;1
ABEER;1;13.2.1962;0;1
HIRAMIS;1;8.6.1940;0;1
SEFAHANIM;1;11.2.1951;0;1
HUSNITAK;1;10.8.1947;0;1
SEVKETDIN;1;14.5.1952;1;0
DERLIN;1;27.8.1974;0;1
YEMIGUL;1;7.4.1976;0;1
MESURU;1;4.7.1982;1;0
SAHSIBANU;1;14.6.1965;0;1
CONE;2;27.11.1933;0;2
NAILEBETUL;1;16.3.1970;0;1
UMMULSELMA;1;18.8.1959;0;1
MINARI;1;1.4.1959;0;1
FUATBEKIR;1;15.10.1965;1;0
MAVEZIYE;1;11.5.1957;0;1
NEGUS;1;8.7.1956;0;1
A.SADIK;1;18.5.1976;1;0
ISAMUTTIN;1;10.2.1941;1;0
SINCER;1;22.2.1945;1;0
SERIFEKADIN;1;12.8.1964;0;1
TIRMIZI;1;17.3.1966;1;0
VEGAR;1;2.6.1947;0;1
SAHINYAZ;2;8.10.1959;0;2
OZGUZAR;1;9.7.1975;0;1
GOKBEYAZ;1;22.7.1937;0;1
HASENEM;1;6.2.1972;0;1
GULSUMULYA;1;1.7.1956;0;1
HULKUME;1;14.2.1956;0;1
ZURAFIYE;1;14.6.1953;0;1
MAATDET;1;27.4.1952;0;1
ESTALIN;1;27.3.1968;0;1
SULENISA;1;15.9.1977;0;1
CANDAY;1;22.2.1979;1;0
RUSETE;1;6.6.1957;0;1
MUTARIZ;1;1.3.1955;1;0
MUHUTTINREFIK;1;14.8.1967;1;0
FEYSAR;1;21.10.1977;1;0
ENGINUFUK;1;16.2.1971;1;0
MILTEZ;1;28.7.1984;1;0
TELAMI;1;2.2.1951;1;0
KETTER;1;27.9.1956;0;1
GUHIKAR;1;7.8.1946;0;1
NAZLIESRA;1;1.9.1982;0;1
IMAMOGLU;2;30.9.1983;2;0
MEMETHAYDAR;1;13.8.1964;1;0
YULKAN;1;26.11.1978;0;1
ESMAVER;2;18.11.1972;0;2
NILNAZ;1;28.1.1972;0;1
MURHAMI;1;21.3.1946;0;1
VEHCEDDIN;1;6.2.1974;1;0
SAKIGUL;1;5.2.1951;0;1
KAAB;1;8.4.1991;1;0
SALIHAGA;1;17.11.1948;1;0
MINEVAR;1;9.7.1963;0;1
MUVARRA;1;11.10.1970;0;1
NALASULTAN;1;4.12.1986;0;1
H.APTULLAH;1;6.9.1960;1;0
NURAHET;1;26.4.1953;0;1
ULLER;1;6.8.1971;0;1
KUMSEL;1;23.8.1969;0;1
ZEVATTIN;1;27.6.1974;1;0
UMRANHAN;1;7.2.1982;0;1
GULAFI;2;18.4.1979;0;2
SATENEM;1;21.4.1976;0;1
NUKSET;1;16.4.1963;0;1
COSKINIZ;1;20.9.1965;0;1
ERBERKHAN;1;26.6.1988;1;0
FEVCIAN;1;8.3.1964;0;1
ENON;1;28.12.1946;1;0
MAKBULKAR;1;15.10.1964;0;1
ILKAYSEZA;1;15.2.1984;0;1
GIGMIS;1;28.7.1939;1;0
DURUNAZ;1;12.2.1953;0;1
BIRSENE;1;21.3.1963;0;1
OZSON;1;24.4.1966;0;1
TORCAY;1;22.6.1944;0;1
ZEKIHA;1;28.10.1956;0;1
NAILETUL;1;7.9.1987;0;1
VEHIYBE;1;10.8.1981;0;1
KATIPSIH;2;1.2.1961;2;0
MACARE;1;16.8.1934;0;1
ALDUZ;1;17.2.1972;0;1
NAZAYET;1;9.12.1967;0;1
NARAS;1;1.6.1991;1;0
HAFIYEANA;1;1.6.1977;0;1
BILLANDA;1;29.12.1947;0;1
NURDABAK;1;6.9.1975;0;1
RAGUILIA;1;21.6.1959;0;1
YAKUTIYE;1;6.7.1975;0;1
CANSEREY;1;6.12.1990;0;1
RAYYAN;1;19.12.1986;0;1
GULLUER;1;26.4.1959;0;1
OSMANBAYRAM;1;1.2.1966;1;0
ABDULSEMENT;1;23.3.1985;1;0
MEVLIDUYE;1;22.3.1967;0;1
SUGLUME;1;16.4.1956;0;1
GUHERBEYIM;1;4.6.1966;0;1
PAZO;1;27.4.1926;1;0
TANERCAN;1;9.6.1967;1;0
GIYZEM;1;8.12.1987;0;1
MEMTUFA;1;9.3.1945;0;1
SIYAVIS;1;1.9.1964;1;0
GUMIMDAN;1;16.11.1943;0;1
NASIPLI;1;14.7.1947;0;1
BEHLAM;1;1.2.1943;0;1
MURSIDEKMEL;1;15.3.1970;1;0
ELALE;1;19.10.1954;0;1
TORUMAN;1;13.1.1965;1;0
SEBNAZ;1;20.12.1974;0;1
ASKINKORAY;1;11.12.1974;1;0
ALISOFU;1;3.4.1955;1;0
KALFET;1;24.2.1961;1;0
MINNETIYE;1;9.4.1964;0;1
MUKTEP;1;28.12.1960;1;0
CIHANGURLER;1;25.7.1963;1;0
HELIKA;1;7.2.1982;0;1
SNIJANA;1;24.12.1978;0;1
SIMAYINUR;1;18.3.1992;0;1
NEVINAR;1;11.12.1981;0;1
MELEMSER;1;8.2.1973;0;1
SEYHAD;1;2.6.1951;0;1
MAGFURIYE;1;8.5.1951;0;1
SELAMSEVDA;1;7.12.1982;0;1
ISMINIHAL;1;13.6.1982;0;1
ARIFENVER;1;7.8.1922;1;0
OGUZNUR;1;12.5.1977;0;1
HABESIR;2;4.7.1982;2;0
TIYAP;1;7.7.1981;1;0
EMIREGUL;1;4.5.1966;0;1
GALBI;1;6.8.1973;0;1
GANZADE;1;20.4.1954;0;1
SALIA;1;6.10.1942;0;1
MENZILAY;1;19.2.1987;0;1
PAPIYE;1;1.2.1944;0;1
YUCELSUN;1;12.6.1977;0;1
HAKGANI;1;17.4.1980;1;0
MURINISA;1;19.2.1972;0;1
FATMASENAR;1;5.12.1972;0;1
ADILYUKSEL;1;23.1.1960;1;0
RIFEYDA;1;6.3.1986;0;1
MEHMETHASIR;1;2.7.1963;1;0
SEFFORE;1;12.2.1959;0;1
FEHMIDE;1;6.10.1971;0;1
KIZBAHAR;1;24.5.1967;0;1
TURABIN;1;20.4.1985;1;0
BILENDAR;1;21.7.1975;0;1
CEFAYINUR;1;23.5.1961;0;1
SECELAY;1;27.1.1989;0;1
MAHUBE;1;7.8.1934;0;1
ICEM;1;22.2.1991;0;1
OCELAN;1;23.6.1973;1;0
TEZZAB;1;3.6.1974;0;1
EFEKAZIM;1;26.7.1978;1;0
SAFIYEI;1;12.8.1923;0;1
SENESEL;1;13.8.1971;0;1
HALILRULLAH;1;22.12.1979;1;0
ILIFAT;1;11.4.1956;1;0
FATMATUS;1;3.10.1969;0;1
ADEMDEDE;1;6.1.1973;1;0
SUHUTI;1;7.2.1952;1;0
NAZELTE;1;23.6.1953;0;1
NECAVIYE;1;2.9.1957;0;1
GUNTAKIN;1;26.8.1964;0;1
LAVKA;1;2.10.1935;0;1
SINEDEN;1;18.9.1985;0;1
BAKTIYARE;1;27.8.1926;0;1
NURCIS;1;21.4.1977;0;1
SERBAZIYE;1;11.2.1967;0;1
IMRAHA;1;21.4.1972;0;1
CESMUL;1;2.8.1933;1;0
ELFIYSE;1;26.11.1971;0;1
HABIBENUR;1;10.2.1992;0;1
YURAGUL;1;2.8.1958;0;1
GORKHAN;1;30.10.1982;1;0
NURSIYAT;1;16.7.1977;0;1
MEHMETGALIP;1;19.10.1981;1;0
YUSUFTUGLU;1;7.1.1972;1;0
CEMILETUS;1;22.12.1960;0;1
CETINBEY;1;28.4.1976;1;0
HUDARI;1;11.4.1948;0;1
MESNETTIN;1;1.1.1961;0;1
DURMETIN;1;11.3.1962;1;0
LEZIDE;1;7.10.1932;0;1
FECERIYE;1;16.2.1941;0;1
SATILMISDOGAN;1;11.2.1979;1;0
DEVRANSEL;2;20.8.1957;2;0
IZAVEDDIN;1;15.5.1947;1;0
BETCET;1;21.2.1957;1;0
TURATTIN;1;27.5.1938;1;0
GULKIBER;1;1.1.1979;0;1
HACIRAHIM;1;1.5.1971;1;0
ELVIZE;1;29.5.1938;0;1
FERZAVER;1;13.9.1934;0;1
GULSEHNI;1;22.10.1955;0;1
HACIHIMMET;2;29.10.1974;2;0
YUKSELGOKAN;1;17.6.1983;1;0
EYLEMCAN;1;12.6.1991;0;1
ARAPHANIM;1;26.12.1935;0;1
KASSIYET;1;22.2.1973;0;1
SUHULETTIN;1;22.4.1967;1;0
DURRUNAZ;1;17.4.1936;0;1
MESNEDIYE;1;12.4.1923;0;1
BESANET;1;14.4.1935;0;1
DILURFA;1;12.4.1953;0;1
GOKTUGKAAN;1;8.3.1990;1;0
OSNUR;1;5.11.1974;0;1
SEYDANA;4;1.3.1962;0;4
CANSIREY;1;28.10.1989;0;1
TULCE;1;13.11.1991;0;1
TEVRATE;1;11.3.1952;0;1
VALHAN;1;13.5.1978;0;1
VILAY;1;11.10.1962;0;1
BEHIRES;1;21.5.1946;0;1
ASLIHATEM;1;23.12.1983;0;1
GURGUR;1;7.12.1966;1;0
NURDAYUN;1;8.2.1963;0;1
SUTGAN;1;1.4.1960;0;1
BERRINA;1;26.9.1968;0;1
TASIMET;1;11.1.1954;0;1
MESIDENAZ;1;11.8.1928;0;1
IRAKIP;1;2.11.1951;1;0
MEYMURE;1;27.12.1956;0;1
CAZAIR;1;2.11.1969;1;0
CANERMAN;1;9.6.1991;1;0
Z.BULENT;1;22.11.1976;1;0
KODURET;1;22.3.1949;0;1
YAMUT;1;19.2.1956;1;0
GULAMEN;1;12.2.1983;0;1
ZERMANIYE;1;11.3.1966;0;1
FENUZAN;1;5.2.1951;0;1
REZZA;1;21.11.1968;0;1
REMILEEDA;1;14.10.1979;0;1
HUSREL;1;24.6.1977;1;0
IBRAHIMGAZI;1;10.4.1976;1;0
DEVRIMCIHAN;1;8.11.1980;1;0
ZAFTE;1;21.7.1970;0;1
TAGIR;1;12.6.1988;1;0
LATIDE;1;26.8.1972;0;1
FURMANI;1;16.5.1973;0;1
SARAME;1;27.8.1926;0;1
MALIKEJDAR;1;5.12.1974;1;0
BANTU;1;29.3.1975;0;1
RECEPMUTI;1;9.9.1968;1;0
MEHMETTALIP;1;12.2.1971;1;0
ZIYFER;1;11.11.1980;1;0
GURBUZTURK;1;1.1.1955;1;0
KUZAYMA;1;15.3.1944;0;1
GOKSE;1;14.6.1985;1;0
LAFURE;1;5.6.1975;0;1
EBULAS;1;27.2.1974;1;0
BAHTAY;1;19.7.1973;1;0
CEBELINUR;1;12.2.1977;1;0
TELMIHA;1;7.2.1982;0;1
TUKEZZIN;1;28.4.1956;0;1
ORFISAM;1;9.10.1963;1;0
SEREFLIOGLU;1;8.10.1971;1;0
RUSAI;1;16.1.1965;1;0
BANAVSE;1;12.5.1962;0;1
NAIDAN;1;24.5.1968;0;1
IBASETTIN;1;26.11.1959;1;0
ABDULLEHEP;1;3.4.1973;1;0
SAYFINUR;1;16.4.1963;0;1
NESBANE;1;27.2.1944;0;1
RUFAY;1;12.2.1965;1;0
GOSENAHO;1;18.4.1936;0;1
MUSLEMA;1;2.2.1957;0;1
SINKEF;1;26.3.1966;0;1
AKSALEREN;1;30.10.1962;1;0
VEDAYIN;1;21.2.1953;1;0
NORDANE;1;7.3.1933;0;1
MUTAHARRA;1;2.4.1969;0;1
MIRHANZA;1;12.2.1971;1;0
KESTI;2;5.3.1952;0;2
SAMZER;2;9.12.1967;0;2
IRABET;1;7.10.1940;0;1
BIBYAN;1;21.6.1941;0;1
MELAHAS;1;17.12.1954;0;1
CALIN;1;28.4.1933;0;1
GULSOYLU;1;11.6.1950;0;1
MEBANIYE;1;7.8.1934;0;1
ORHANCELEBI;1;11.11.1968;1;0
NISVICAN;1;27.1.1964;0;1
ZEP;1;19.6.1942;0;1
RAFIYKA;1;17.11.1973;0;1
ZUMHUR;1;2.3.1975;1;0
ILKIBAL;1;11.7.1980;0;1
HUZEDE;1;27.2.1986;0;1
NIVA;1;22.8.1931;0;1
SEFICAN;1;27.4.1942;0;1
URUSKAT;1;6.5.1934;0;1
GULGURBET;1;18.9.1986;0;1
SAHVINAZ;1;22.1.1949;0;1
HULANUR;1;7.11.1988;0;1
DAVETIYE;1;22.2.1973;1;0
TASKIM;1;7.10.1979;0;1
NURGELDI;1;22.10.1977;0;1
ILPAY;1;20.11.1978;0;1
ULKIRE;1;2.3.1957;0;1
GOGUM;1;7.8.1934;0;1
NOURTZAN;1;13.9.1961;0;1
ZABITEN;1;27.11.1963;1;0
MUGET;1;23.5.1973;0;1
PETRIKAN;1;20.11.1978;1;0
GUNSAHAR;1;24.3.1935;0;1
ABDUSSEHID;1;1.3.1989;1;0
UKSIN;1;13.3.1928;1;0
GUSENBER;1;6.6.1940;0;1
ATUKE;1;23.3.1954;0;1
SERESMA;1;7.8.1965;0;1
ERGAYIP;1;29.7.1955;1;0
YILDANER;1;2.2.1975;1;0
MEHRACE;1;2.7.1961;0;1
AYZEME;1;16.2.1941;0;1
PARANA;1;23.5.1973;0;1
DEKKANIYE;1;2.2.1963;0;1
TUTIANA;1;12.10.1977;0;1
HEPNAZ;1;17.4.1962;0;1
AYMUGE;1;10.4.1986;0;1
NURALDEHIR;1;26.11.1956;1;0
SACITIN;1;15.6.1956;1;0
TANU;1;1.12.1979;0;1
SEHHA;1;3.8.1973;1;0
DALCIK;1;7.9.1943;1;0
GUZELKAN;1;5.4.1943;0;1
ALTIGUL;1;8.5.1984;0;1
URUSTU;2;28.3.1971;2;0
CEMAGUL;1;22.2.1961;0;1
PENPEN;1;7.8.1934;0;1
ZELETTIN;1;22.8.1967;1;0
SAYRIS;1;15.2.1947;0;1
KARATIL;1;16.10.1944;0;1
NECAATDI;1;17.6.1945;1;0
MUBELCEL;2;1.7.1976;1;1
PEVLUR;1;27.1.1962;0;1
EHRUZ;1;11.4.1975;0;1
ANULLAH;1;21.5.1951;1;0
GUTUK;2;7.2.1952;2;0
SELVERHAN;1;21.1.1987;0;1
TISHAN;1;7.2.1952;0;1
FIGRE;2;30.9.1972;0;2
ALLAHVERMIS;1;17.3.1960;1;0
MOHURBE;1;7.3.1946;0;1
YALIHAN;1;17.12.1978;1;0
SAMILCAGRI;1;2.8.1986;1;0
CALGUL;1;27.2.1974;0;1
MAHZIDE;1;2.2.1967;0;1
KAHRIBER;1;2.9.1945;0;1
FIRKI;1;17.4.1972;1;0
DUZGU;1;17.2.1972;1;0
EYUPEBE;1;6.9.1937;0;1
ADILANA;1;26.6.1943;0;1
KANFIL;1;26.4.1931;0;1
OFFUYYE;1;12.8.1959;0;1
NIROYA;1;11.12.1950;0;1
GULNAYLE;1;28.4.1957;0;1
NECCATTIN;1;17.2.1966;1;0
SABAYIM;1;1.3.1950;0;1
ZEMBUR;1;4.3.1980;0;1
GULBANA;2;3.8.1978;0;2
DILHON;1;5.2.1975;0;1
LEYMA;1;18.8.1954;0;1
ZULCANEN;1;11.2.1981;0;1
DIYESET;1;18.2.1954;0;1
SUTTEN;1;7.2.1958;0;1
ZENIKAR;1;4.9.1980;0;1
ZELMURE;1;21.9.1968;0;1
FELEKNAR;1;11.11.1958;0;1
ZANUDE;1;1.11.1990;0;1
GURUZET;1;17.2.1960;0;1
ATANTEMEL;1;1.9.1971;1;0
MURAIYE;1;23.3.1961;0;1
ATASOZ;1;6.5.1978;1;0
NEBAHTIYAR;1;6.6.1951;0;1
ETLAZ;1;8.10.1974;0;1
BEVANI;1;27.5.1975;1;0
GOKMENI;1;22.5.1967;0;1
OZDANIYE;1;13.10.1943;0;1
EZENTE;1;7.2.1964;0;1
ETBA;1;15.5.1986;0;1
TEKMIYLE;1;27.1.1968;0;1
HUTAMETTIN;1;12.2.1953;1;0
COLBE;1;11.11.1969;1;0
SAMUTHAN;1;20.7.1963;1;0
ERKAPLAN;1;21.2.1977;1;0
SELOS;1;11.3.1976;0;1
HAKIKATNAZ;1;13.12.1963;0;1
SENSEVDI;1;21.8.1963;1;0
FOYZU;1;17.2.1954;1;0
FEYZIGUL;1;2.2.1969;0;1
DOZAN;1;22.4.1971;0;1
MUGADES;1;4.3.1957;0;1
SAHIDENGUL;1;6.12.1966;0;1
MISVERE;1;26.11.1963;0;1
HEZILET;1;18.10.1972;0;1
SONMIYA;1;12.11.1950;0;1
NURUME;1;22.8.1925;0;1
MUKUFER;1;17.7.1966;0;1
NURINIZA;1;30.3.1964;0;1
AHMEDULKADRI;1;19.7.1985;1;0
BEDUHIYE;1;29.8.1961;0;1
FETVI;1;27.2.1962;1;0
ZERLIBAS;1;6.2.1950;0;1
GULTEKINER;1;4.7.1974;1;0
NOZEN;1;11.10.1969;0;1
GUVENDOLAY;1;21.5.1976;0;1
TEKINDER;1;18.8.1973;1;0
MISLIAT;1;17.9.1966;1;0
HUZMUYE;1;21.2.1963;0;1
NURSAVAS;1;26.11.1983;1;0
MEYDANE;1;12.2.1965;1;0
SELKINEM;1;12.8.1923;0;1
SENIGUL;1;21.12.1966;0;1
YOREM;1;15.2.1989;0;1
ZOREK;1;1.2.1955;0;1
SAPAHAN;1;15.11.1952;0;1
SEVGAT;1;4.5.1956;0;1
CARIZET;1;27.2.1963;0;1
KURSADIYE;1;16.2.1938;0;1
GULIZI;1;1.12.1989;0;1
EMUGUL;1;21.3.1956;0;1
IHANE;1;11.11.1972;0;1
NEVESEN;1;11.6.1956;0;1
TAFIS;1;17.12.1966;1;0
KARAOK;1;9.3.1954;1;0
SIKGUL;1;26.2.1937;0;1
TURUDI;1;21.7.1981;1;0
GULNEVRUZ;1;22.5.1955;0;1
SAHINDEREN;1;12.12.1953;0;1
SADURIYE;1;14.2.1972;0;1
KAYYIM;1;10.6.1989;1;0
GOYU;1;3.10.1977;0;1
KOKSAR;1;27.8.1956;1;0
EBRIS;1;27.3.1983;0;1
AMIRETTIN;1;13.3.1965;1;0
ZERBAK;1;2.7.1937;0;1
KODAZ;1;11.6.1956;1;0
UGURGOCER;1;21.8.1974;1;0
CABAT;2;14.9.1969;2;0
ZELUSAN;1;21.6.1989;0;1
INZAHAR;1;16.6.1962;1;0
MEHMETNUH;1;27.2.1974;1;0
GULEDOGRU;1;6.11.1974;0;1
SEYITANE;1;21.3.1965;0;1
MUREVVER;1;29.8.1939;0;1
PEVRANIYE;1;16.4.1962;0;1
HOSKESE;1;26.12.1972;0;1
ELIFASLI;1;27.1.1988;0;1
SECAFER;1;12.2.1959;0;1
RABIYENUR;1;7.8.1958;0;1
GULTACE;1;19.11.1960;0;1
YAGMURALAN;1;27.6.1986;1;0
FEYTULLA;1;27.2.1986;1;0
GULMAYI;1;17.8.1948;0;1
GOLDER;1;1.2.1990;0;1
ERBAHATTIN;1;26.3.1966;1;0
ZLFO;1;16.7.1965;0;1
EYTULLAH;1;9.11.1979;1;0
HUCURAT;1;20.8.1991;1;0
ISGIDAR;1;16.7.1970;0;1
NURKEZBAN;2;3.11.1986;0;2
ZULGEFLI;1;16.4.1943;1;0
HAKINUR;1;21.5.1969;0;1
HURIANA;1;2.2.1933;0;1
ARIFSEN;1;27.6.1989;1;0
NASIMEN;1;7.4.1964;0;1
EMIRLEZKIN;1;2.8.1933;1;0
SUAIL;1;1.4.1967;1;0
ZULKERMEYIN;1;4.10.1960;1;0
MELBURE;1;17.6.1954;0;1
TARUP;1;23.3.1970;0;1
GULNAHIR;1;13.4.1953;0;1
SENIYIT;1;1.11.1964;1;0
NURMUGE;1;16.11.1990;0;1
FEVZUNUR;1;17.2.1966;0;1
ZULUSAN;1;29.1.1949;0;1
CEYMANUR;1;17.5.1972;0;1
MERSIYA;1;11.7.1980;0;1
SAVSUR;1;1.7.1967;1;0
SEHREMAN;1;12.6.1953;0;1
SEYYAHI;1;22.9.1979;1;0
SALIHATUN;1;12.12.1971;0;1
ETVAN;1;2.3.1951;1;0
ZONGUL;1;27.8.1974;0;1
IFTADENI;1;24.12.1968;1;0
ZULFIZER;1;13.5.1965;0;1
SUMEROZGE;1;10.6.1987;0;1
NEFESER;2;22.5.1964;0;2
MUHAMMEDDARA;1;23.9.1981;1;0
GULSENIEDA;1;6.8.1987;0;1
OZLEM.;1;30.6.1987;0;1
MEZHERETTIN;1;26.3.1958;1;0
GULEYLEN;1;8.3.1970;0;1
SANISA;1;2.11.1952;0;1
ICALI;1;4.3.1956;1;0
PELVIR;2;16.12.1961;2;0
NUISAYIT;1;14.5.1956;1;0
SABIRGUL;1;27.2.1980;0;1
ERVERDI;1;20.5.1965;1;0
NECAHAN;1;7.12.1970;0;1
GOSMEN;1;16.5.1967;0;1
FIYAMEDDIN;1;7.7.1962;1;0
RAGKIP;1;25.6.1984;1;0
BEYAZIM;1;26.3.1972;1;0
SANALAN;1;22.12.1949;1;0
GULUBA;1;16.4.1958;1;0
MAHSENEM;1;12.2.1947;0;1
ARDUNC;1;17.2.1972;1;0
SULFUGAR;1;25.11.1960;1;0
KAMIT;1;1.4.1943;1;0
SITTIKIYE;1;28.10.1956;0;1
BERDEL;1;30.7.1991;0;1
EMRIMUYE;1;13.4.1965;1;0
GULTUNAR;1;22.11.1949;0;1
ERMUHIDDIN;1;26.7.1986;1;0
GULIRENGI;1;17.2.1972;0;1
MEBDIHA;1;3.4.1975;0;1
DOGUKAR;1;1.9.1988;1;0
ERCANGUL;1;26.4.1963;0;1
NEFESTE;1;17.2.1966;0;1
ARZUHALI;1;13.10.1988;0;1
MUSFUDE;1;7.2.1954;0;1
HAMILEGUL;1;18.5.1966;0;1
SUHREP;1;10.2.1946;1;0
YUZSURIYE;1;23.8.1949;0;1
MEKBUSE;1;17.11.1966;0;1
GULKIMA;1;26.3.1940;0;1
HURDEIS;1;17.2.1966;0;1
ESKINAZ;1;30.3.1962;0;1
TARHER;1;1.7.1971;1;0
HAZZIME;1;26.4.1967;0;1
H..HUSEYIN;1;30.8.1966;1;0
KEFAHATTIN;1;3.3.1957;1;0
NUSHABE;1;12.7.1972;0;1
SAHRIBARI;1;7.6.1970;0;1
AYYILMAZ;1;14.11.1971;1;0
ESARE;1;25.8.1972;0;1
IFRADIYE;1;2.2.1951;0;1
CEMIYNUR;1;1.5.1955;0;1
YISITE;1;16.5.1954;0;1
MULAZIYE;1;12.3.1971;0;1
TIBELHAN;1;19.12.1991;0;1
OVSEL;1;26.5.1975;0;1
ABDULFATI;1;18.7.1966;1;0
FEYZER;1;27.2.1968;1;0
SEVAMI;1;2.2.1980;1;0
ERANIYE;1;7.2.1958;0;1
ABDULBAY;1;21.1.1988;1;0
ILBEYLI;1;17.10.1979;1;0
TAHIYBE;1;16.4.1956;0;1
SEHSAIT;1;1.2.1950;1;0
SARIANA;1;9.2.1959;0;1
MEVRUSEN;1;16.11.1971;0;1
MECAALI;1;3.6.1961;1;0
NESADEN;1;11.1.1939;0;1
GULSADEF;1;6.4.1949;0;1
SENCEFIR;1;6.4.1968;0;1
MERYEMEDA;1;13.7.1986;0;1
KURUCA;1;16.1.1969;0;1
SAHZADDIN;1;2.4.1957;1;0
URUNGO;1;15.5.1969;1;0
KOCUAG;1;21.1.1964;1;0
MURSUDUYE;1;21.2.1965;0;1
TOPSIL;1;18.5.1964;1;0
VIRCEVIZ;1;6.7.1971;0;1
MENDEGUL;2;29.9.1961;0;2
JAHHA;1;12.5.1965;0;1
GULAGMI;1;20.6.1976;1;0
GULBASDI;1;2.2.1951;0;1
ROF;1;12.2.1935;0;1
MERDANEGUL;1;12.6.1965;0;1
EDDIBAN;1;10.6.1940;0;1
MILVAN;1;2.3.1969;0;1
TEVAMIL;1;2.6.1963;1;0
KALPIN;1;2.5.1978;1;0
MABU;1;11.11.1929;0;1
AYFARE;1;13.12.1975;0;1
LEVVA;1;21.6.1965;0;1
KIBAZ;1;23.3.1943;0;1
MARICAR;1;30.12.1976;0;1
CISELIGUL;1;16.1.1941;0;1
TASARAN;1;13.10.1979;1;0
MAPUSE;1;22.2.1979;0;1
TURULLAH;1;1.4.1980;1;0
TOPCUK;1;7.2.1958;0;1
FARESET;1;21.7.1927;0;1
KOPGEL;1;29.4.1953;1;0
ELBESTE;1;26.10.1981;0;1
GUNDURUL;1;22.2.1991;0;1
VEDAKER;1;4.12.1979;1;0
ILGOR;1;3.10.1986;1;0
SERDANIYE;1;22.2.1967;0;1
MAHIPERIZ;1;27.8.1944;0;1
GORBEY;1;12.3.1979;1;0
MEDAYE;1;2.8.1969;0;1
SEYIRHAN;1;3.4.1967;0;1
KOCKAYA;1;13.4.1984;1;0
TUGCESEL;1;11.7.1987;0;1
OYTUNER;1;20.12.1987;1;0
MIBIN;1;2.12.1969;0;1
ESGINAZ;1;22.3.1955;0;1
CAKIRCEYHAN;1;4.4.1974;1;0
ACUNCAN;1;17.1.1976;1;0
MELTEHAN;1;2.5.1969;0;1
MANEVIYE;2;27.11.1965;0;2
KOCAFIRAT;1;20.6.1979;1;0
NEZLENGUL;1;15.6.1979;0;1
BAKANER;1;27.1.1966;1;0
NEZGIDAR;1;16.3.1957;0;1
MILADI;1;16.10.1961;1;0
ZULVUYE;1;25.3.1973;0;1
FEHRUL;1;14.2.1953;1;0
ZAKINA;1;12.2.1959;0;1
METAIL;1;27.3.1972;1;0
ADIVVE;1;9.4.1964;0;1
MULUFA;1;28.11.1965;0;1
GERIHAN;1;1.1.1;0;1
MAGTURE;1;7.3.1940;0;1
ASERIM;1;16.5.1982;0;1
BURYANIYE;1;12.2.1935;0;1
SITIKKA;1;1.6.1953;0;1
SULUYANIM;1;28.7.1960;0;1
GuNAY;1;14.10.1974;0;1
MAGDURIYE;1;22.3.1943;0;1
AZIMKADIN;1;26.11.1983;0;1
GULURIYAN;1;5.8.1973;0;1
MUKSIDE;1;25.4.1967;0;1
OKCE;1;16.11.1952;0;1
VETANAR;1;27.4.1968;0;1
GULSUNBUSE;1;17.9.1984;0;1
ASIRIN;1;10.10.1963;0;1
GUNCANALP;1;26.1.1989;1;0
SEYFANNI;1;22.2.1961;1;0
SEFKIYA;1;13.10.1955;0;1
MUNIT;1;12.6.1940;1;0
KEBUHAN;1;2.2.1957;0;1
MEVTA;1;16.12.1976;0;1
HATIBEL;1;29.4.1966;0;1
SURAMETTIN;1;22.3.1967;1;0
YAMER;1;18.1.1957;1;0
HACIMURAD;1;15.10.1982;1;0
ZAHRIMEN;1;7.8.1952;0;1
BESRU;1;17.6.1984;0;1
KARAGULLE;1;22.2.1961;0;1
ELBEYAZ;1;8.5.1952;0;1
BEKAYI;1;22.5.1961;1;0
CEVZEN;1;1.2.1956;0;1
SUTUHIYE;1;22.2.1949;0;1
PIRZAMETTIN;1;23.4.1964;1;0
NUZEGUL;1;22.2.1961;0;1
ALFIDAN;1;14.3.1959;0;1
DURALAETTIN;1;1.11.1965;1;0
HABBER;1;4.5.1957;1;0
UFUKER;1;20.4.1990;1;0
MUZEKIM;1;1.2.1960;0;1
TONLAY;1;4.12.1990;1;0
GULEZGIN;1;10.9.1967;0;1
VAKKAT;1;27.11.1956;1;0
SELDAGA;1;1.9.1979;0;1
KOCAMURAT;1;7.9.1976;1;0
EMIRAYAL;1;6.4.1974;1;0
SATICA;1;25.2.1949;0;1
FATMAM;1;17.4.1942;0;1
BULENTPASA;1;25.4.1979;1;0
ZIYRAN;1;7.2.1952;1;0
BENZADIYE;1;26.8.1954;0;1
KURIYE;1;27.3.1940;0;1
MENSUBAN;1;17.2.1977;0;1
AMADEYI;1;16.4.1992;0;1
KAYKISIZ;1;17.9.1969;1;0
KIRAMISE;1;27.4.1956;0;1
REVAHAN;1;21.9.1982;1;0
ALANGU;1;11.9.1978;0;1
SAFAKHAN;1;2.8.1991;1;0
ADNANREHA;1;11.4.1960;1;0
LURSEN;1;16.5.1970;0;1
GULPEYKER;1;27.2.1956;0;1
ENCIYA;1;6.2.1961;1;0
MICUBIYE;1;27.12.1974;0;1
SEFERGAZI;1;1.4.1982;1;0
YEVGA;1;15.12.1963;0;1
GONULDE;1;17.12.1974;1;0
TUNCAYIL;1;22.6.1960;0;1
MAMURYEN;1;9.3.1963;0;1
ABUBEKIRI;1;28.4.1968;1;0
NUBETTIN;1;18.4.1964;1;0
SAHMIRAT;1;21.6.1960;1;0
OKANTAN;1;4.5.1969;1;0
MUMEYIZ;1;7.2.1976;1;0
GUTE;1;22.8.1919;0;1
IRAYFIL;1;12.5.1947;0;1
NEZEYYA;1;6.4.1973;0;1
NUTMUYA;1;7.1.1964;0;1
DUDUDENSIZ;1;19.3.1954;0;1
NERBULE;1;1.3.1979;0;1
DURAKHAN;2;21.1.1979;2;0
DUMEY;1;6.4.1956;0;1
DURDUSU;1;27.8.1932;0;1
YAPIT;1;25.2.1985;0;1
KETEVIN;1;27.2.1962;0;1
ABILI;1;21.11.1941;1;0
NUFUYE;1;21.8.1946;0;1
KUBRAOZGE;1;14.5.1988;0;1
H.MUHARREM;1;21.12.1965;1;0
EMRUYA;1;22.11.1961;1;0
RUFAL;1;11.12.1969;1;0
SEDIZ;1;17.9.1985;1;0
HUREYA;1;22.2.1982;0;1
ZENMUBE;1;7.11.1976;0;1
NARHATTIN;1;20.5.1937;0;1
ZEHNIYET;1;22.4.1961;0;1
UNGIYE;1;24.12.1977;0;1
SONDAS;1;24.8.1977;1;0
HUKUYE;1;28.1.1979;0;1
NAHRETTIN;1;29.7.1966;0;1
MELLUT;1;6.6.1962;1;0
NETMIN;1;28.2.1964;0;1
NUBAHATTIN;1;21.3.1962;1;0
ZUMBUYE;1;2.2.1951;0;1
MUSURETDIN;1;24.5.1963;1;0
OZUDURU;1;5.8.1989;0;1
ZUMBULIYE;1;26.1.1951;0;1
SEYBAL;1;21.11.1982;0;1
SULHIDAR;1;28.6.1975;0;1
MIYATSE;1;2.2.1945;0;1
BURET;1;15.4.1967;0;1
NARINSES;1;30.5.1952;0;1
ZERBIYET;1;11.4.1969;0;1
HUSNUBAN;1;10.5.1950;0;1
RUBALI;1;27.2.1957;0;1
GUGEN;1;23.2.1931;0;1
MUKEF;1;25.10.1955;0;1
MERASTA;1;8.4.1940;0;1
FELIYAT;1;24.5.1975;0;1
TAHEL;1;3.1.1972;0;1
MUAZZENGUL;1;22.2.1967;0;1
AYHANIYE;1;6.10.1936;0;1
NAZMICEM;1;5.11.1978;1;0
UNZULLE;1;14.3.1974;0;1
MUSANNIM;1;17.7.1966;0;1
ERISYUCEL;1;26.9.1960;1;0
SEYDEK;1;22.2.1973;0;1
MINATUN;1;14.3.1952;0;1
SALIYBE;1;3.4.1978;0;1
BEYREKHAN;1;3.4.1985;1;0
IKSAK;1;27.8.1970;1;0
URGUSEN;1;5.6.1953;0;1
ESVIK;1;3.3.1953;1;0
SABIRENAZ;1;17.2.1946;0;1
HEMIYDE;1;23.6.1974;0;1
URUKSEN;1;9.4.1960;0;1
SAFIRYA;1;19.1.1963;0;1
MUNASEL;1;24.12.1956;0;1
MUZELLIP;1;12.8.1947;1;0
CENSURE;1;17.8.1918;0;1
SOTE;1;22.3.1961;0;1
MIYATSA;1;11.3.1938;0;1
RUZIHAYET;1;26.6.1965;0;1
ACARBAY;1;30.1.1954;1;0
FIKRIYENAZ;1;10.2.1960;0;1
MESET;1;12.8.1917;0;1
RAZEZ;1;19.4.1965;0;1
AISEA;1;1.6.1954;0;1
HURDUN;1;3.11.1957;1;0
MUSTEN;1;1.5.1955;0;1
ABDULSUPI;1;23.6.1973;1;0
NEVBUZ;1;11.1.1943;0;1
SUAYCAN;1;26.9.1963;1;0
CEMALHAZIM;1;22.8.1931;1;0
TUNAI;1;12.2.1977;0;1
YURD;1;5.11.1946;1;0
YAIZALI;1;13.2.1977;1;0
KIRKLAR;1;3.3.1953;1;0
MUNIBEK;1;12.2.1954;0;1
GUZELO;1;1.1.1;0;1
ATILMAZ;1;25.9.1991;1;0
NOVAN;1;16.2.1962;0;1
ILFFET;1;1.3.1991;0;1
AFATA;1;2.5.1939;0;1
GULMOLLA;1;7.8.1922;0;1
HURDINC;1;8.3.1966;1;0
KOGULU;1;27.3.1949;0;1
KUTUNC;1;5.5.1984;0;1
HEDIMHANIM;1;3.1.1963;0;1
CULIYETA;1;24.5.1957;0;1
HURUSEV;1;5.5.1958;0;1
MuNTEHA;1;17.10.1990;0;1
MEHMEDISEYYAR;1;1.1.1953;1;0
BUDIYE;1;30.2.1970;0;1
MUFTER;1;25.10.1956;1;0
AYKUTKADIR;1;6.11.1991;1;0
OLCAL;1;28.4.1974;0;1
CEVHA;1;8.12.1988;0;1
SEYHUDA;1;22.7.1960;0;1
KEZ;1;12.8.1935;1;0
MILEHAT;1;16.4.1958;0;1
FEHAMIYE;1;1.1.1;0;1
MEYMET;1;6.4.1950;0;1
ARITURK;1;18.5.1982;1;0
SEVGILINAZ;1;16.7.1952;0;1
MEMIRGE;1;26.1.1968;0;1
OMSIYE;1;28.12.1953;0;1
YENISE;1;2.8.1933;0;1
SEFAKIYE;1;1.1.1973;0;1
DURANHAN;1;16.10.1967;1;0
MUHAMMEDFATIH;1;16.12.1989;1;0
CAHUT;1;2.5.1969;1;0
GUNBAYDI;1;30.5.1949;0;1
REKMAN;2;4.6.1963;0;2
DILBU;1;11.6.1962;0;1
BAATIN;1;2.12.1987;1;0
ZIHRIGUL;1;24.9.1973;0;1
SUKRIZADE;1;27.8.1920;0;1
ASKADIL;1;19.9.1975;0;1
ALIGSAN;1;18.5.1970;1;0
KUDURETTIN;1;11.5.1958;1;0
OREM;1;11.9.1949;1;0
REFIZA;1;7.2.1955;0;1
GOKAAN;1;4.2.1987;1;0
MAZENTUNC;1;24.3.1966;0;1
NUKREMI;1;6.2.1963;1;0
DURNEVIN;1;9.5.1951;0;1
FANUSA;1;3.6.1961;0;1
FEVZETDIN;1;7.7.1986;1;0
LESAN;1;7.3.1958;0;1
SURIYYAN;1;18.4.1966;0;1
HAKBILIR;2;20.4.1969;2;0
OZERGIN;1;6.1.1970;1;0
NECIYVAN;1;11.9.1957;0;1
HIZLANLI;1;30.4.1940;0;1
DOGUM;2;14.10.1955;0;2
MURUFEN;1;18.4.1966;0;1
TUVANO;1;15.8.1954;1;0
ALIBOZ;1;22.4.1955;1;0
CIGZER;1;5.6.1974;0;1
SEVEREN;1;13.8.1980;1;0
PETRAL;1;21.6.1981;0;1
INCIBE;1;27.8.1920;0;1
HUDAVERDIGAR;1;12.2.1941;1;0
VAVIYE;1;16.1.1965;0;1
ILIVER;1;23.12.1976;0;1
HENNAZ;1;4.5.1963;0;1
MENARU;1;12.8.1923;0;1
FIHIRE;1;11.3.1938;0;1
SIKKAT;1;17.2.1954;1;0
DOGUBEYAZIT;1;9.10.1965;1;0
TELIMAN;1;17.2.1966;0;1
SEDAMET;1;13.9.1984;1;0
MUDVEREN;1;1.1.1;0;1
UMUDSAL;1;1.1.1;0;1
LIYYA;1;16.4.1964;0;1
MUTTESIRE;1;1.8.1935;0;1
AYASTI;1;16.5.1955;1;0
GULKEZBAN;1;1.5.1967;0;1
FEHMAH;1;27.9.1968;0;1
GURSAAT;1;11.8.1973;1;0
AGASAN;1;6.12.1969;1;0
FERUDON;1;8.7.1940;1;0
SIBKAD;1;16.6.1920;1;0
TOBBEY;1;7.5.1958;0;1
KAKRIYEE;1;28.9.1973;0;1
ALMAZBEK;1;23.2.1970;1;0
MEGIHAN;1;30.3.1978;0;1
ZIKIRIYA;1;29.9.1956;0;1
SERGINAR;1;22.11.1979;0;1
BEYNIN;1;26.4.1972;1;0
FERCIL;1;8.3.1968;1;0
NEYAZET;1;19.12.1963;0;1
RUMSER;1;7.3.1988;1;0
NERMEDDIN;1;20.2.1978;1;0
EMIRUSSAN;1;23.6.1979;1;0
NUZEYIR;1;16.3.1959;0;1
SIRACUDTIN;1;2.8.1971;1;0
MUTDAKI;1;18.9.1991;1;0
SEYFETTAR;1;28.1.1966;1;0
BUKRANUR;1;5.1.1992;0;1
LECAI;1;15.12.1973;1;0
CANKEZBAN;1;29.4.1992;0;1
MUCIHE;1;3.11.1945;0;1
ORDUNC;1;19.4.1992;1;0
ATAZADE;1;27.9.1954;1;0
NALEYI;1;26.5.1964;0;1
KIZIBAN;1;24.10.1985;0;1
UMMUSSUM;1;12.2.1959;0;1
GERMEN;1;16.9.1941;1;0
ABUBAKAR;1;18.2.1978;1;0
YASANGUL;1;7.9.1964;0;1
YUKAIT;1;1.5.1977;0;1
REVIYYE;1;1.10.1984;0;1
BIHANIM;1;2.2.1963;0;1
BIBIGULSUM;1;27.8.1974;0;1
SAHSINAZ;1;1.10.1974;0;1
URZILE;1;29.4.1968;0;1
AYCIVER;1;17.8.1972;0;1
BEKATA;1;12.12.1960;1;0
EVFANIYE;1;14.1.1964;0;1
NEDIVANIM;1;22.2.1973;0;1
KULEP;1;21.11.1940;1;0
SEYITI;1;2.8.1933;0;1
HAKSEV;1;18.3.1979;1;0
CAMZET;1;28.5.1937;1;0
TESEKGUL;1;18.5.1948;0;1
SEMISBANI;1;28.10.1958;0;1
MOHAMMEDDULLAH;1;17.8.1972;1;0
MUHAMMETULLAH;1;19.3.1971;1;0
ACIHAL;1;7.8.1988;0;1
GULENCE;1;21.3.1957;0;1
ISABA;1;7.11.1981;0;1
M.OKAN;1;24.4.1973;1;0
NULUVER;1;29.2.1966;0;1
SUVEYP;1;7.6.1988;1;0
ERESIDE;1;10.5.1976;0;1
IREVIS;1;11.10.1965;0;1
ZULHANE;1;1.8.1970;0;1
ALICAVIT;1;15.11.1953;1;0
TILKADE;1;22.2.1948;0;1
CELLALETTIN;1;6.5.1984;1;0
NURKANDAN;1;20.1.1977;1;0
SEVGETTIN;1;1.5.1973;1;0
VENHAS;1;21.6.1966;1;0
HUNDIZ;1;16.7.1929;0;1
YIGITMEHMET;1;16.11.1982;1;0
ZIGNETIYE;1;11.11.1982;0;1
TASVIRIYE;1;18.1.1948;0;1
VECARET;1;21.10.1959;0;1
NILGUNES;1;25.5.1974;0;1
ZEHARE;1;26.4.1941;0;1
SERVENDER;1;27.2.1956;1;0
MUNUSUM;1;16.10.1959;0;1
UKGIYE;1;26.4.1954;0;1
MESUREN;1;1.11.1979;1;0
SELFETDIN;1;10.1.1967;1;0
AYSEMOLLA;1;22.5.1943;0;1
DILFURIDIYE;1;11.4.1955;0;1
MEKRUME;1;5.6.1962;0;1
NURREM;1;10.12.1971;0;1
GANIOGLU;1;15.1.1987;1;0
ORHANMIRKELAM;1;6.4.1975;1;0
MUDDEIM;1;22.3.1967;1;0
CECOG;1;16.8.1970;0;1
SUDU;3;28.9.1964;3;0
MUHACAN;1;25.4.1955;0;1
MEHMETHALIL;1;19.4.1990;1;0
CANFERHAT;1;7.8.1970;1;0
NAGVA;1;20.1.1978;0;1
BAYNURE;1;18.8.1987;0;1
GULNIDAR;1;24.4.1984;0;1
FERHAMIZ;1;30.2.1973;1;0
ERGUNCAN;1;29.5.1976;1;0
PANPULA;1;20.1.1964;0;1
SEFAVERE;1;14.1.1947;0;1
EHNIMAN;1;8.3.1964;0;1
NEZAYE;1;1.6.1956;0;1
LEKVIYE;1;1.1.1939;0;1
TUMZER;1;24.8.1985;1;0
URBEYE;1;18.3.1955;0;1
BICABI;1;25.6.1976;1;0
BELEMIN;1;23.4.1990;0;1
SEVBAL;1;28.2.1992;0;1
MEKGUNE;1;17.9.1967;0;1
ADIYVE;1;27.2.1956;0;1
TAHIRAT;1;17.8.1930;0;1
MUHRUDAR;1;17.4.1948;1;0
NEJMEFER;1;12.5.1970;0;1
BEZGUZAR;1;21.6.1948;0;1
K.ALI;1;1.1.1956;1;0
AKANDENIZ;1;16.8.1981;1;0
VELIMERT;1;21.10.1990;1;0
NURDUHA;1;10.2.1983;0;1
MEVLADAN;1;16.8.1981;1;0
HARUNHAN;1;12.4.1945;1;0
IZETI;1;30.4.1950;0;1
AYSENURDAN;1;20.5.1979;0;1
TURNASEL;1;20.11.1980;0;1
GULCEHHER;1;21.12.1962;0;1
UMICAN;1;7.2.1976;0;1
HOSBAHAR;1;22.2.1961;0;1
NECLIKA;1;9.5.1963;0;1
MULTEKIN;1;2.1.1951;1;0
MURAK;1;16.12.1968;1;0
BEDRULLISAN;1;20.11.1960;0;1
MUHAMETHENEFI;1;28.7.1964;1;0
AHSON;1;30.10.1974;0;1
ALISAIM;1;13.10.1955;1;0
HARCAN;1;27.5.1956;0;1
AFIDDIN;1;16.4.1951;1;0
BATTALKAZI;1;7.2.1958;1;0
OZBEYKAN;1;13.2.1970;1;0
SONARAY;1;14.9.1975;0;1
SEYRIHAN;1;5.4.1936;0;1
BINMAZ;1;6.4.1968;0;1
BETON;1;13.4.1965;0;1
FEYZETDIN;1;25.10.1980;1;0
NASANIYE;1;16.12.1952;0;1
NURUNIHAL;1;15.2.1975;0;1
NAHYEDDIN;1;14.8.1928;1;0
OZORAL;1;23.4.1966;1;0
VASFIYYE;1;9.7.1973;0;1
KORHANOGLU;1;6.2.1975;1;0
CEHUNE;1;12.8.1941;0;1
ELBANI;1;19.4.1964;0;1
H.BILAL;1;8.3.1962;1;0
ILTAS;1;30.11.1985;0;1
HURITTIN;1;6.4.1960;1;0
ELVAYI;1;10.9.1983;1;0
HAVAZI;1;13.12.1986;1;0
EYLUVA;1;22.9.1988;1;0
NEFAHET;1;16.1.1971;0;1
TALIHEGUL;1;24.1.1970;0;1
GURSEHER;1;22.2.1955;0;1
NEJLAGA;1;18.6.1945;0;1
LATINCE;1;3.10.1963;0;1
VERNUR;1;21.5.1965;0;1
SALHANIM;1;11.1.1968;0;1
IRANIYE;1;12.2.1971;0;1
MAHSUMEGUM;1;2.2.1951;0;1
MEMETHENEFI;1;7.12.1950;1;0
RUZUKAR;1;1.9.1972;0;1
GULYETIRIR;1;1.9.1970;0;1
MUVADDES;1;26.10.1958;0;1
BESSAMI;1;26.10.1966;1;0
HAVIME;1;14.2.1953;0;1
DOGANKAY;1;29.5.1991;1;0
ABDULLEHAT;1;12.4.1941;1;0
EREFIYE;1;10.5.1950;0;1
DURKAMIL;1;9.1.1956;1;0
AUSUN;1;2.1.1970;0;1
BURHATTIN;1;27.11.1966;1;0
CEBARIYE;1;14.9.1959;0;1
MURFEDDIN;1;14.10.1984;1;0
NAKIMIYE;1;21.11.1981;0;1
CEMNAKI;1;3.3.1973;1;0
NEREGUN;1;22.10.1961;0;1
SIRIYAZDAN;1;14.5.1928;1;0
ABDIAGA;1;2.4.1951;1;0
ORALHAN;1;17.10.1963;1;0
EMIRDANE;1;26.7.1953;0;1
NEDENGUL;1;2.2.1969;0;1
HEYRANAZ;1;25.6.1954;0;1
AHTIN;1;20.2.1972;1;0
NEZIHUN;1;1.3.1959;0;1
MEYMNUNE;1;7.11.1958;0;1
FERDI.TAYFUR;1;14.3.1990;1;0
MEYTINAZ;1;28.3.1961;0;1
EBEHANIM;1;1.5.1961;0;1
MULHAZIM;1;6.7.1963;1;0
MUCEHHES;1;19.7.1976;0;1
BEDRISANI;1;28.1.1949;1;0
SALIMIN;1;30.2.1979;1;0
SABHIYE;1;20.8.1929;0;1
MEMETVERIM;1;2.7.1972;1;0
SEBABIYE;1;22.2.1961;0;1
GURYA;1;22.4.1971;0;1
SAFRANBAY;1;14.4.1959;1;0
KULSEVIL;1;24.4.1961;0;1
ESSABUR;1;12.9.1974;1;0
SONCALI;1;4.4.1963;0;1
ZEATTIN;1;26.7.1977;1;0
UZULAY;1;26.6.1966;0;1
SAHINNEZ;1;6.10.1971;0;1
ZEGARIYE;1;24.5.1966;1;0
MEZAYDIL;1;22.8.1937;0;1
LILEBAY;1;17.2.1954;0;1
SEVGISOY;1;17.2.1966;0;1
LESLAN;1;11.6.1951;0;1
MUEVER;1;28.12.1960;0;1
BAYIRA;1;24.3.1961;0;1
DARUL;1;26.8.1990;0;1
VAHTED;1;29.7.1983;1;0
TEVVA;1;26.12.1991;1;0
TULAVER;1;7.2.1970;0;1
NURSEYDA;1;20.3.1989;0;1
LEFAKAT;1;5.7.1970;0;1
AHYAN;1;17.4.1942;1;0
HURBIN;1;21.8.1978;1;0
GULRABIA;1;3.3.1988;0;1
HALIMEGUL;1;24.10.1946;0;1
EVASIYE;1;10.6.1954;0;1
TEYBER;1;4.7.1939;0;1
NECIYHA;1;10.6.1971;0;1
SATIRAYIM;1;7.11.1970;1;0
ZERHAYI;1;16.10.1957;0;1
AYGAL;1;26.6.1981;0;1
FAHDI;1;19.1.1972;1;0
ARAGBI;1;24.4.1976;1;0
SELAMICENK;1;23.4.1967;1;0
PAZUK;1;11.6.1975;0;1
LOBET;1;16.3.1969;1;0
LAYEMDER;1;17.2.1942;0;1
CANKUTAY;1;8.6.1987;1;0
MELAZIYE;1;4.7.1966;0;1
UNUFET;1;8.4.1956;0;1
MEYHUNIYE;1;19.7.1967;0;1
SAFHAT;1;25.8.1973;1;0
ZUMBUS;1;11.3.1939;0;1
RAHMIKAN;1;12.2.1965;0;1
HOSTES;1;17.3.1966;0;1
ZUVEK;1;24.4.1954;1;0
ILEMAN;1;27.7.1968;1;0
HAKKERIM;1;30.1.1978;1;0
HAVAZINE;1;12.1.1952;0;1
KONUS;1;10.12.1941;0;1
INCIBEY;1;1.2.1956;1;0
ZEYRULLA;1;3.4.1964;1;0
HARUNERRESIT;1;1.7.1976;1;0
EFFAHANIM;1;20.12.1956;0;1
EDIC;1;1.2.1954;1;0
NEPPLE;1;7.5.1928;0;1
MAVIKE;1;21.12.1964;0;1
GUHERDEM;1;6.2.1963;0;1
NURANGULSAH;1;18.4.1974;0;1
NEBULEN;1;12.5.1977;0;1
TEFINDE;1;1.6.1972;0;1
UCANAY;1;9.4.1973;1;0
ALYAA;1;28.1.1974;0;1
GULMIRCAN;1;7.7.1976;0;1
HEPTUNGUL;1;9.5.1962;0;1
ZIYSAH;1;6.1.1961;0;1
URUKUYE;1;21.6.1954;0;1
BANALI;1;28.3.1976;1;0
SALIBEK;1;3.3.1959;1;0
MOHANNAD;1;2.12.1964;1;0
EMSILA;1;6.2.1960;0;1
TEVFIKAN;1;4.11.1983;0;1
KOYUNCU;1;8.1.1979;1;0
USTUNINANC;1;10.10.1977;1;0
HASANSUPHANI;1;30.3.1956;1;0
YAFUZA;1;3.6.1969;1;0
MUZAFFERALI;1;11.9.1953;1;0
DILFIDARE;1;29.1.1983;0;1
LUFUDE;1;4.3.1957;0;1
EFNUN;1;30.2.1985;1;0
ALICANSIN;1;3.12.1990;1;0
NURDEDE;1;1.10.1965;1;0
DURUBIYE;1;8.12.1958;0;1
ZIVHER;1;27.6.1974;1;0
GULAYSUN;1;29.1.1973;0;1
AYBULENT;1;10.6.1958;1;0
ENDERHUN;1;19.3.1990;1;0
CEZAGUL;1;7.1.1970;0;1
UMUTE;1;8.4.1958;0;1
SITKIN;1;27.9.1981;1;0
USNUFER;1;27.9.1943;0;1
SUBUTAN;1;5.10.1976;1;0
NEZZENGUL;1;17.2.1984;0;1
ERUNSAL;1;7.2.1968;1;0
MAYGULE;1;3.7.1973;0;1
SADIUBBAT;1;7.11.1958;1;0
LEYOSA;1;12.10.1983;0;1
ECIHA;1;20.11.1977;0;1
AMINEZEHRA;1;2.6.1985;0;1
NURUBIYE;1;19.10.1955;0;1
SEMIRRAH;1;4.2.1964;0;1
MESKALE;1;17.3.1960;0;1
ZUHTE;1;5.4.1977;0;1
ZULHALI;1;16.4.1946;0;1
DURMIYA;1;12.1.1935;0;1
ALLAADIN;1;6.3.1957;1;0
GULENIM;1;21.11.1987;0;1
REVIDAN;1;23.12.1965;0;1
BADIYIL;1;2.11.1951;1;0
NAZENKOK;1;16.2.1963;0;1
CELDIYE;1;26.5.1965;0;1
HULLA;1;11.8.1971;0;1
MUSLUGUTTIN;1;10.4.1953;1;0
CANSEMIH;1;15.5.1984;1;0
YAZCAN;1;16.12.1973;1;0
SUDULAY;1;28.5.1972;0;1
HAVRIZHAN;1;2.9.1965;0;1
RAGUBA;1;9.10.1974;0;1
ELGAME;1;6.6.1977;1;0
NEJLED;1;20.3.1975;1;0
MUKERREZ;1;8.3.1953;0;1
YASINA;1;24.4.1979;1;0
SEYINAZ;1;21.8.1972;0;1
NEZEDDIN;1;5.2.1963;1;0
ASIMI;1;6.3.1966;0;1
GULCAIRE;1;17.4.1971;0;1
CUNNAL;1;17.9.1972;1;0
BAHCEN;1;19.6.1984;0;1
GUNAYAR;1;27.12.1965;0;1
USTADULLAH;1;17.2.1990;1;0
MURUVETTIN;1;17.4.1960;1;0
FEHLUZ;1;17.11.1948;1;0
M.SENOL;1;6.11.1967;1;0
SOVER;1;23.2.1933;0;1
KIZLARGULU;1;7.4.1958;0;1
ZARIANA;1;27.6.1944;0;1
VELICAVUS;1;21.5.1988;1;0
NAGINAN;1;15.6.1985;0;1
MUSTADDIN;1;8.8.1975;1;0
LAFIZA;1;12.1.1959;0;1
SAGULET;1;16.11.1976;0;1
AHMETASIM;1;26.8.1985;1;0
NURSALIM;1;14.5.1966;0;1
GANIGME;1;11.8.1963;0;1
ZULBIKAR;1;7.11.1974;1;0
SAMASET;1;10.4.1940;0;1
ATIH;1;16.4.1991;1;0
NEVARIN;1;9.3.1963;0;1
IBRAHIMNACI;1;1.9.1970;1;0
MEBRUFE;1;9.8.1956;0;1
HURYUKSEL;1;12.4.1983;1;0
HERGULE;1;25.6.1954;0;1
NAMIKYASAR;1;1.2.1960;1;0
PESEKER;1;9.8.1970;0;1
MERFUYA;1;22.3.1943;0;1
SEYITUL;1;5.10.1987;0;1
SELDAHAN;1;11.11.1981;0;1
FIKRANIYE;1;2.2.1951;0;1
TUMENGEZ;1;22.4.1967;1;0
MECITIYE;1;12.2.1965;0;1
KATME;1;28.10.1937;0;1
HACAER;1;4.9.1973;0;1
ZEBAHA;1;13.8.1953;0;1
MUASSEL;1;9.3.1964;0;1
SEHINDAR;1;18.3.1984;0;1
MAKKUYLE;1;13.11.1961;0;1
NIHANUR;1;7.10.1984;0;1
FIDANUR;1;9.7.1975;0;1
NUHSA;1;29.5.1976;1;0
SANIER;1;11.5.1972;1;0
AYTESE;1;11.1.1966;0;1
SEHORE;1;6.8.1954;0;1
GUBUS;1;17.5.1954;0;1
ULGUNAY;1;19.5.1966;0;1
EFKUN;1;29.5.1984;1;0
GUMENGEZ;1;17.5.1966;1;0
ORKUNALP;1;16.5.1978;1;0
SEVGICIHAN;1;2.2.1963;0;1
TEFYA;1;3.10.1982;0;1
LECCIM;1;21.7.1959;1;0
HUSEYINZIYA;1;17.9.1985;1;0
BAHADDINHAN;1;21.4.1990;1;0
YUKRA;1;9.5.1986;0;1
CERIBE;1;9.5.1973;0;1
HULIM;1;24.4.1973;1;0
CENAFEN;1;6.5.1948;1;0
GULBISAN;1;16.7.1982;0;1
SILBIHAN;1;27.8.1956;0;1
ZULEFER;1;18.4.1957;0;1
ELVAHI;1;6.4.1969;1;0
PERNAS;1;14.5.1977;0;1
NEVREYHAN;1;12.2.1953;0;1
ALIRUFET;1;14.2.1946;1;0
SEBALEN;1;4.10.1969;0;1
SERACEN;1;29.12.1983;0;1
BINGUZAR;1;1.4.1968;0;1
NURILEMIN;1;27.6.1974;1;0
YARENKUR;1;23.10.1985;0;1
ZUMORRUD;1;12.8.1965;0;1
MESIRAL;1;4.7.1971;1;0
NURUMKUL;1;1.11.1975;0;1
LEZAT;1;26.2.1967;0;1
MAHDURET;1;21.12.1941;0;1
NEMUTLU;1;16.3.1970;1;0
SUBAYAT;1;11.1.1964;0;1
TELIMDAR;1;25.6.1954;1;0
IRAYLE;1;18.7.1964;0;1
ENVAT;1;26.9.1970;1;0
KURGAN;1;30.4.1955;1;0
GULORAN;1;29.2.1965;0;1
KAYUR;1;2.2.1945;1;0
UNASI;1;17.3.1966;1;0
ZURFIDE;1;16.10.1962;0;1
NUHMUCAHID;1;29.9.1990;1;0
JERIHAN;1;9.10.1971;0;1
SIKBEY;1;10.4.1926;1;0
ZALEHANIM;1;20.9.1971;0;1
KAFTANIYE;1;25.12.1965;0;1
HAKKIFER;1;8.6.1985;0;1
AYHAS;1;26.4.1958;0;1
MESVIDE;1;25.2.1985;0;1
SILAHAN;1;24.10.1980;0;1
DEVLETIYE;1;27.9.1968;0;1
BEKARU;1;7.3.1964;1;0
UMBILBIYAN;1;25.12.1962;0;1
MERMINAZ;1;17.5.1960;0;1
CANERI;1;3.10.1982;1;0
MISTOG;1;23.3.1954;1;0
MUKTALE;1;30.8.1978;0;1
GULLIYAZ;1;29.5.1961;0;1
GULSUMAGA;1;11.2.1968;0;1
TANZIK;1;26.10.1958;0;1
RUSKAR;1;12.2.1959;0;1
MARIDAN;1;14.9.1956;0;1
ZEBUTE;1;17.8.1936;0;1
SATIAHANIM;1;22.8.1973;0;1
MINOVAR;1;21.7.1960;0;1
AYMUZ;1;12.4.1965;0;1
KUBRASUMEYRA;1;12.10.1990;0;1
KEPTER;1;2.5.1969;0;1
LEBIKE;1;15.8.1973;0;1
KARES;1;2.3.1951;0;1
CEMASEDDIN;1;11.4.1951;1;0
GULHESAN;1;7.7.1950;0;1
MUSTAFAKAZIM;1;4.5.1962;1;0
MUSTEYZE;1;2.8.1951;0;1
ZEHIRGUL;1;19.2.1960;0;1
ECMIYE;1;4.8.1943;0;1
ADIYBE;1;27.2.1964;0;1
MILAVSA;1;18.6.1971;0;1
SAHANBEY;1;11.4.1956;1;0
SARLATAN;1;1.7.1943;1;0
EHMAYIL;1;6.3.1968;1;0
MEIRAM;1;8.12.1975;0;1
MENFUAT;1;7.2.1940;0;1
MEFAAT;1;22.2.1961;0;1
YEDAY;1;25.1.1973;0;1
MEMETTAGI;1;14.6.1938;1;0
MUCABIR;1;19.11.1961;1;0
ALIARAP;1;24.10.1980;1;0
NIDABEY;1;12.1.1971;1;0
GULFEDIK;1;4.12.1963;0;1
ESAFA;1;7.9.1964;0;1
BUSURA;1;12.8.1984;0;1
ADVUYE;1;17.12.1962;0;1
UMMINAZ;1;26.4.1972;0;1
GURSUNUYE;1;27.1.1980;0;1
SEYMAHAN;1;13.3.1989;0;1
SALDUN;1;26.9.1971;1;0
BENCAMI;1;21.12.1959;1;0
IDAFER;1;28.7.1960;1;0
NURSILAY;1;15.6.1982;0;1
BEGENDI;1;22.2.1985;1;0
MITSU;1;18.10.1982;0;1
GULFUSUN;1;16.12.1962;0;1
MUCUF;1;17.3.1990;0;1
HAYRIME;1;1.3.1951;0;1
REYVIYE;1;2.4.1961;0;1
CEVSER;1;15.5.1961;0;1
DOKARI;1;21.1.1942;0;1
NUDDIYE;1;7.6.1970;0;1
HASBIYAN;1;9.12.1955;0;1
BAHYETIN;1;27.4.1956;1;0
MUSTANIRE;1;6.2.1980;0;1
BULBEHIYE;1;26.12.1972;0;1
HASBIL;1;1.1.1983;1;0
NERKIZHAN;1;17.6.1969;0;1
ZUMRANUR;1;11.8.1990;0;1
VATANA;1;21.11.1960;0;1
MUMES;1;26.6.1965;0;1
AYGARBEY;1;16.6.1969;1;0
YASAVEDDIN;1;28.3.1981;1;0
MUTIME;1;26.2.1946;0;1
MUKIDE;1;12.9.1949;0;1
YALUT;1;29.4.1958;1;0
GELIME;1;22.8.1948;0;1
MULAYETTIN;1;6.6.1973;1;0
ELIFKADIN;1;27.2.1968;0;1
SELAMAGA;1;22.3.1950;1;0
NEZABIYE;1;7.3.1952;0;1
YAGDIGER;1;2.4.1975;0;1
ZUDAT;1;28.5.1968;1;0
AFEGUL;1;12.6.1970;0;1
DIYAVEDDIN;1;16.4.1974;1;0
APDISIK;1;9.6.1973;1;0
ATAMUSA;1;18.8.1970;1;0
KHAIRINISO;1;7.5.1974;0;1
FERZAYIL;1;12.3.1965;1;0
MURERREF;1;7.3.1946;0;1
YETELAT;1;22.2.1961;0;1
URUBIL;1;2.2.1957;1;0
AMANILLAH;1;17.8.1960;1;0
VAHTIZER;1;12.2.1959;0;1
TURGAT;1;27.2.1956;0;1
CANKULU;1;25.10.1951;0;1
NURBAHIT;1;28.7.1964;1;0
IGAN;1;16.1.1982;0;1
MUZIK;1;18.2.1960;1;0
SERFAHTI;1;24.4.1968;1;0
YELMAHA;1;2.2.1951;1;0
MIYAGUL;1;22.11.1953;1;0
ZEYHAL;2;25.6.1975;0;2
MINMEHMET;1;4.3.1981;1;0
MAYGUVAN;1;22.8.1955;0;1
YASDIYA;1;23.5.1947;0;1
OZNI;1;5.11.1989;0;1
HUSLUBEN;1;23.7.1937;0;1
DENGU;1;27.6.1985;0;1
EMIRDEDE;1;27.9.1965;1;0
SUYUTI;1;20.2.1942;1;0
MUHATDER;1;29.5.1975;0;1
ERTANIR;1;7.9.1976;1;0
NAZAFETTIN;1;2.8.1951;1;0
GURBANNAZAR;1;26.12.1957;1;0
FIRAZI;1;22.2.1949;1;0
NUHNE;1;27.3.1950;0;1
SEHBAGUL;1;7.8.1970;0;1
TANRIGULU;1;27.3.1968;0;1
DEVANI;1;12.10.1941;1;0
EBUTTURAP;1;15.10.1934;1;0
YETALET;1;12.3.1965;0;1
HURMIYA;1;9.7.1961;0;1
AKSEDE;1;18.4.1948;0;1
PENSE;1;7.9.1963;0;1
ELFIDDIYE;1;29.11.1960;0;1
SEBAYA;1;2.2.1939;0;1
MUZLU;1;21.3.1953;0;1
UMMUMEZIT;1;27.6.1950;0;1
HUDEYDAT;1;2.8.1951;1;0
MENFIBE;1;1.4.1949;0;1
ZIBUDE;1;22.3.1967;0;1
SULTANNAVRUZ;1;17.2.1966;0;1
SUFATULLAH;1;28.4.1992;1;0
ZUBUTIYE;1;1.3.1971;0;1
TEYFIGA;1;9.5.1931;0;1
NEHURIYE;1;26.2.1947;0;1
EFUDIYE;1;12.5.1951;0;1
BOLDUHAN;1;12.2.1941;0;1
GEDUK;1;22.4.1943;1;0
M.ABDULGIYAS;1;27.2.1968;1;0
DAMAKAN;1;13.4.1947;0;1
OKKALI;1;2.2.1939;0;1
ALIERKUT;1;10.8.1977;1;0
BAHRANI;1;18.5.1987;1;0
DEMKAN;1;25.9.1923;0;1
TELLIKAN;1;20.10.1945;0;1
YUZUUTLU;1;24.11.1955;0;1
TASTANA;1;27.4.1968;1;0
GULLERZAN;1;30.7.1983;0;1
MELEKSUM;1;12.2.1971;0;1
MEERIM;1;29.7.1980;0;1
HABA;1;13.1.1968;0;1
ZURIYETUL;1;19.2.1972;0;1
UFAGAT;1;21.7.1946;0;1
HERIL;1;4.5.1943;0;1
YELIDA;1;13.5.1971;0;1
BURCINER;1;23.4.1982;1;0
ZELFARIYE;1;27.8.1926;0;1
NISVEN;1;19.1.1968;0;1
SEYYIDEHANIM;1;28.5.1924;0;1
HAKKABIL;1;18.10.1948;0;1
MACUK;1;12.9.1947;0;1
GULGELIN;1;27.10.1962;0;1
SELKIF;1;23.1.1983;1;0
NEDJIBA;1;8.2.1968;0;1
MUCIZAAT;1;29.7.1967;1;0
APTULGADIR;1;6.4.1971;1;0
TUGAYKORAY;1;7.8.1974;1;0
KARAKULAH;1;5.10.1937;1;0
SELINUR;1;16.4.1976;0;1
TUCIHAN;1;17.12.1987;1;0
DANEMDER;1;23.7.1948;0;1
TURGULHAN;1;3.10.1976;1;0
ELFIRAT;1;1.11.1981;1;0
YURDNUR;1;21.8.1954;0;1
DUDUR;1;12.2.1953;0;1
TUGFER;1;11.4.1978;0;1
ANAMIHRIBAN;1;1.6.1972;0;1
KADIRZADE;1;13.11.1947;0;1
VIKBETSIN;1;14.4.1976;1;0
FEMUDE;1;22.6.1961;0;1
SETICE;1;26.2.1929;0;1
GADUNSU;1;12.2.1953;0;1
ECAZIYE;1;22.11.1969;0;1
GURSETTIN;1;2.12.1963;1;0
DOGRUER;1;29.2.1947;1;0
ZELIHAS;1;15.11.1968;0;1
ISMINAT;1;22.3.1967;0;1
YEKBA;1;7.2.1969;1;0
NURRIN;1;26.2.1984;0;1
ECELAN;1;12.8.1953;0;1
EBULGASIM;1;27.2.1956;1;0
JELIN;1;16.12.1972;0;1
ELFUK;1;21.3.1951;0;1
MURTER;1;6.5.1956;0;1
GUZEDEN;1;1.10.1935;0;1
ETAMET;1;7.8.1946;1;0
SUALIYE;1;17.7.1966;0;1
HELMTRAUD;1;12.3.1926;0;1
LERGUL;1;19.5.1952;0;1
TURSINAY;1;3.5.1965;0;1
BOYHAN;1;17.3.1979;1;0
MURGUSEHER;1;11.9.1956;0;1
MEHMETSEDAT;1;9.6.1971;1;0
MULZEM;1;27.3.1956;0;1
FERDASET;1;12.8.1953;0;1
ASABIYE;1;2.3.1945;0;1
FATMAOLCAY;1;15.8.1986;0;1
UZEYYEN;1;2.5.1957;0;1
AGASOY;1;30.10.1987;1;0
KUTBERK;1;13.8.1976;1;0
ARABELLA;1;21.6.1970;0;1
FEZZAHI;1;2.11.1984;0;1
KIYMADI;1;21.3.1957;0;1
ZEMRUHAN;1;27.10.1980;0;1
NURAM;1;12.7.1959;0;1
ALTOLMAZ;1;1.3.1965;1;0
MUHITI;1;28.6.1952;1;0
CEMBEY;1;8.12.1965;1;0
MUSEMEDDIN;1;1.9.1944;1;0
NEHREN;1;11.10.1988;1;0
IMAMIAZAM;1;6.2.1974;1;0
MEMHURE;1;17.5.1965;0;1
NURBERRU;1;30.8.1990;0;1
OY;1;3.11.1958;0;1
ILAFER;1;23.3.1967;1;0
ILKCA;1;19.4.1983;0;1
TIMURSA;1;20.9.1936;1;0
TURKNAY;1;27.10.1934;0;1
MUSADED;1;22.8.1949;0;1
POYRAZHAN;1;13.4.1984;1;0
LEVAZA;1;22.8.1931;0;1
DALBUSAT;1;28.2.1972;1;0
SEHANDAN;1;23.7.1929;0;1
MUKADDESIYE;1;18.3.1952;0;1
TEGEN;1;13.10.1974;0;1
MAHABER;1;26.4.1960;0;1
HUSNIKAR;1;26.9.1974;1;0
SADIRRETTIN;1;27.7.1967;1;0
AHIDAR;1;22.2.1961;0;1
DOGUHUN;1;19.9.1984;1;0
INCIVIR;1;6.1.1970;0;1
ZEKAIYI;1;28.4.1968;1;0
MUZAHIDE;1;17.2.1954;0;1
HAYRUNLISE;1;3.10.1966;0;1
ILGUNER;1;16.11.1986;1;0
FARIZI;1;2.5.1951;0;1
GOKTALIP;1;21.7.1965;1;0
TOKUNE;1;13.2.1941;0;1
CEMANINUR;1;26.10.1955;0;1
HELASGAR;1;8.2.1983;1;0
ZIYACIBALI;1;14.5.1966;1;0
ASLIDDIN;1;9.2.1980;1;0
AHEL;1;20.5.1967;0;1
MAKBULI;1;22.6.1962;0;1
SOHIYLA;1;16.1.1960;0;1
ZUFDI;1;2.1.1957;1;0
MUHEDDER;1;16.11.1938;0;1
AGANENE;1;7.9.1976;0;1
KISFER;1;27.8.1932;0;1
TONUR;1;4.6.1943;1;0
SEDAADDIN;1;16.1.1956;1;0
NAKSEL;1;3.6.1950;0;1
ILYESA;1;11.3.1963;1;0
BETIRIYE;1;6.2.1961;0;1
BALATGAZI;1;13.7.1972;1;0
OMERSEYFETTIN;1;17.5.1990;1;0
NESMIL;1;8.10.1982;0;1
SADAKADDIN;1;3.5.1951;0;1
NAZLUMIYE;1;2.4.1951;0;1
CANCANANI;1;15.6.1967;1;0
BEBEHAN;1;7.8.1982;0;1
ALITDIN;1;24.5.1955;1;0
NUBEZE;1;30.8.1944;0;1
EDIZE;1;11.4.1940;0;1
SUVERSAN;1;13.1.1965;0;1
NARIKEN;1;21.4.1944;0;1
EDNIYA;1;9.12.1965;0;1
EBRUSEL;1;20.8.1982;0;1
UVEDIYE;1;1.3.1974;0;1
MUSAHEDE;1;23.2.1931;0;1
ILKISIK;1;23.5.1964;0;1
SONRAGUL;1;10.11.1951;0;1
GULISIYE;1;27.6.1966;0;1
MUS''AB;1;3.3.1986;1;0
REHBANIYE;1;5.5.1987;0;1
MAHMUTTAN;1;12.5.1965;1;0
NURHALISE;1;17.8.1973;0;1
MAHSIYE;1;7.2.1956;0;1
REHANA;1;18.7.1967;0;1
FILZAR;1;6.3.1948;0;1
ZULVIYAR;1;1.3.1931;0;1
AYSEGORDEY;1;19.9.1986;0;1
LABUZE;1;7.3.1950;0;1
YUSUFUYE;1;17.3.1954;0;1
SHAFAK;1;11.9.1972;0;1
OMERSERIF;1;18.11.1980;1;0
MERGEM;1;19.1.1980;0;1
NISBAHI;1;12.4.1959;0;1
FERZAD;1;8.3.1980;1;0
AHIYETTIN;1;5.6.1962;1;0
BEMUYE;1;7.12.1946;0;1
AYSELAY;1;29.12.1976;0;1
HURCET;1;7.7.1986;1;0
MEZMUMIYE;1;22.11.1931;0;1
K.FATMA;1;1.5.1949;0;1
DERYAHANIM;1;28.1.1972;0;1
GURSIFE;1;19.4.1936;0;1
FARIGAN;1;12.8.1959;1;0
NUSUHI;1;23.6.1948;1;0
YURTALI;1;29.5.1970;1;0
OZMAHMUT;1;3.5.1982;1;0
BAKDIZAR;1;29.5.1956;0;1
HALISTEN;1;16.2.1957;1;0
MAHIDAR;1;22.7.1948;0;1
MUSVEDDIN;1;27.2.1944;1;0
RAYHANIYE;1;27.3.1955;0;1
TECRIN;1;28.3.1985;0;1
SADESIN;1;6.5.1944;0;1
NADIBER;1;26.8.1966;0;1
MASFIRE;1;2.2.1951;0;1
FIRKHATUN;1;21.7.1948;0;1
ERVATAN;1;17.4.1960;1;0
SEBIHYA;1;1.11.1984;0;1
USTAHAN;1;21.4.1964;0;1
CAHET;1;14.10.1962;1;0
LILUPER;1;1.6.1965;0;1
BURYEMIN;1;18.12.1955;1;0
CIVGIN;1;21.6.1982;0;1
KURAMETTIN;1;1.3.1971;1;0
HUSNUZAIM;1;2.7.1951;1;0
YAHYAH;1;21.11.1955;1;0
SULEI;1;28.4.1954;0;1
ALIZAFER;1;16.8.1967;1;0
HASANKULU;1;2.4.1951;1;0
ZULGUBE;1;28.6.1972;0;1
ERBAHA;1;2.12.1951;1;0
EZETLI;1;27.3.1956;0;1
DIRENCHAN;1;20.5.1983;1;0
HARUNIR;1;8.8.1971;1;0
GULTIREN;1;29.10.1958;0;1
MUSHINAZ;1;19.10.1963;0;1
NEBATA;1;7.8.1922;0;1
SAFASEN;1;7.5.1951;0;1
SAHMINER;1;15.8.1969;0;1
NEVKULE;1;29.4.1948;0;1
GOKMENE;1;9.2.1944;0;1
HADIBA;1;16.11.1970;0;1
YEKZANA;1;24.6.1981;0;1
HILDAG;1;28.8.1966;0;1
SAHINAZE;1;1.3.1943;0;1
FERAHTA;1;30.12.1985;0;1
ESMABUKET;1;23.2.1987;0;1
AYPELIN;1;7.2.1984;0;1
